"","NOM022","NLF010","DOF004","DLF001","DLM023","NLM026","DOF009","DLM002","NLM021","DOM023","DOM010","NOF008","NLM024","DLM010","NOM004","DOM016","NOM009","NLM004","DLF008","NLM002","NLM010","NOM014","DLM028","NLM028","NOF012","NOM001","NOM025","NOF014","DOF011","NOM012","DLM022","NLM023","DLM024","NLF013","NOM008","DOF008","DOF003","DLM009","DLM017","NOF010","NOF009","NOF002","DOF006","NLM025","DLM014","NOM002","NOM027","NOM016","NLM031","DLF007","DLM013","DLM021","NOM019","DLF003","DOF012","DLM006","DLM011","NLF007","DLM001","NOF006"
"COG0001",67,100,236,72,140,109,95,255,210,76,176,115,62,108,57,111,161,121,116,61,203,83,170,89,90,495,83,180,164,200,199,119,170,81,99,146,95,325,173,61,87,163,58,138,99,347,389,87,265,136,526,77,387,112,130,95,53,143,157,108
"COG0002",427,442,448,322,455,433,379,379,431,481,450,443,508,362,378,424,455,404,249,245,450,439,402,450,295,432,405,393,486,414,301,377,257,435,446,363,404,499,529,383,436,368,338,427,428,457,645,426,455,340,473,501,453,469,341,355,467,480,423,356
"COG0003",29,266,65,179,97,24,73,49,30,16,148,81,46,16,329,165,0,11,225,21,104,139,15,36,125,42,294,23,83,10,71,74,1,67,151,19,137,26,5,26,49,128,327,8,46,58,7,44,17,163,52,36,49,14,8,39,156,24,23,140
"COG0004",595,317,440,211,635,644,410,648,530,695,427,393,945,394,284,382,820,708,270,576,629,415,540,392,283,1032,512,565,943,616,387,313,299,526,424,507,358,723,756,600,368,573,309,596,349,700,625,539,506,235,369,533,598,657,347,515,406,725,537,386
"COG0005",312,163,271,280,150,277,240,276,262,326,209,266,342,162,215,241,209,326,252,403,240,211,280,175,185,372,240,334,345,292,237,238,249,245,293,200,263,97,259,317,306,269,217,273,298,213,222,304,263,236,323,303,361,388,173,246,279,311,287,259
"COG0006",1455,1503,1266,1261,1213,1124,1319,1028,1286,1441,1367,1281,1345,1352,1338,1346,1171,1235,1212,1656,1122,1374,1126,1196,1118,1245,1442,970,1470,1032,999,1218,928,1271,1387,1037,1240,1160,1278,1324,1346,1212,1484,1490,1360,997,678,1453,1267,1214,1061,1279,1163,1178,1102,1243,1373,1149,1404,1157
"COG0007",100,114,214,48,132,60,62,182,124,86,207,70,71,221,123,207,222,151,161,63,204,113,140,180,73,832,83,71,149,67,173,132,257,98,53,132,93,193,142,70,79,158,104,96,76,451,574,102,78,70,154,61,177,63,111,89,39,104,101,50
"COG0008",1359,947,1294,734,1581,1583,1406,1482,1410,1566,1370,1408,1694,1242,939,1212,1486,1478,837,1627,1196,1175,1323,1317,1414,1748,1257,1340,1379,1533,1529,1071,969,1352,1294,1480,1277,1329,1666,1450,1036,1323,1029,1830,1327,1248,1629,1162,1375,770,1481,1413,1757,1815,1264,1325,1229,1482,1589,1033
"COG0009",481,701,589,530,557,506,590,506,529,502,517,582,332,539,558,607,539,358,425,404,527,646,466,661,512,329,540,560,541,457,552,474,372,547,518,577,500,555,438,466,601,436,550,525,598,544,540,561,579,627,509,594,580,469,620,541,634,514,588,514
"COG0010",82,107,157,133,281,270,185,130,209,102,201,166,93,214,211,165,150,56,251,46,247,128,262,150,361,58,173,223,93,138,183,345,339,131,90,176,192,109,98,99,226,123,199,156,145,146,207,151,103,146,230,221,190,97,148,103,127,153,189,178
"COG0011",6,2,11,1,16,6,28,6,2,0,6,8,0,2,9,2,6,3,27,2,6,7,4,11,16,3,5,1,3,2,6,5,33,2,11,56,4,1,5,4,8,4,5,8,2,20,98,2,2,16,51,6,3,8,36,3,6,9,14,3
"COG0012",399,376,476,280,538,611,519,523,567,586,559,579,662,421,395,518,548,599,333,674,480,535,407,504,647,557,431,590,451,518,728,476,273,534,534,563,419,578,655,459,432,463,390,492,579,435,507,502,524,342,554,540,622,622,599,602,487,573,571,350
"COG0013",1020,1010,1068,774,1147,1288,1039,1034,1262,1129,1332,1326,1382,1075,944,1182,1000,1027,763,1455,1102,1175,1203,976,1808,1267,1071,1132,1030,1122,1303,944,519,1224,1319,1107,1065,1088,1309,1195,1097,1093,1035,1118,1227,1016,1260,1163,1250,787,1229,1227,1316,1305,1163,1142,1049,1310,1233,965
"COG0014",580,550,534,344,569,454,437,424,605,624,600,553,553,463,413,598,499,552,351,472,508,598,463,526,318,712,543,423,613,359,314,483,250,504,569,421,416,463,619,548,577,563,526,428,521,504,571,582,569,389,641,580,589,473,424,501,598,525,629,502
"COG0015",621,526,625,444,629,698,736,654,735,746,632,620,764,583,579,716,755,625,536,830,601,576,540,679,438,820,613,655,645,618,567,519,334,740,547,681,562,622,745,676,604,562,600,729,625,690,708,619,629,544,744,603,786,720,834,747,596,785,727,478
"COG0016",491,512,488,399,447,574,474,505,511,449,544,570,450,408,453,513,413,433,351,539,460,562,429,498,615,420,458,571,565,474,632,527,200,487,539,435,527,532,464,442,522,503,492,550,522,486,541,486,516,401,564,516,484,590,558,541,462,498,550,445
"COG0017",632,505,559,525,874,715,634,580,732,576,627,624,673,538,550,634,925,651,473,750,566,640,619,730,633,736,733,608,544,616,783,685,446,671,725,791,651,522,728,705,629,587,616,584,706,570,257,669,762,509,489,699,637,560,593,627,684,661,662,560
"COG0018",896,897,802,643,867,869,796,789,977,814,868,969,1050,780,797,838,872,815,588,886,758,822,819,924,1138,816,904,907,892,778,1005,731,384,970,846,958,792,833,924,759,879,676,836,941,927,844,941,842,731,619,803,896,950,858,846,822,865,891,899,730
"COG0019",1030,1087,1117,718,1048,982,991,1113,889,925,848,886,911,893,778,1017,1165,924,716,1186,964,903,851,1018,771,1087,956,933,1233,939,705,856,527,960,819,997,797,929,940,984,835,831,682,1174,984,1095,1380,1051,924,782,967,874,940,987,808,1160,809,889,950,899
"COG0020",484,355,297,295,338,352,375,410,354,436,311,358,459,336,323,346,372,505,294,496,370,352,327,352,400,429,263,344,529,438,400,301,144,391,331,433,307,415,372,351,337,319,333,492,359,383,402,369,352,329,385,290,422,507,461,374,352,366,366,303
"COG0021",637,534,658,413,312,306,530,560,497,871,467,405,987,494,527,598,381,495,348,1059,526,597,501,428,545,732,493,306,883,440,455,328,631,478,457,266,492,637,662,583,501,345,521,647,648,513,1195,457,433,385,311,435,575,478,328,609,499,440,544,374
"COG0022",27,201,153,252,67,43,78,100,132,51,67,112,53,37,223,189,15,23,234,28,208,70,203,139,86,18,98,81,5,68,159,314,41,39,121,22,231,14,59,98,201,259,171,24,132,22,22,262,155,244,170,184,69,34,110,107,54,81,236,329
"COG0023",67,185,111,165,56,69,127,42,68,76,106,103,54,137,143,114,23,12,126,26,69,138,62,74,73,8,96,55,48,48,46,147,62,84,145,21,91,8,70,89,126,131,119,11,128,34,4,97,125,142,56,119,62,29,37,52,159,45,87,159
"COG0024",800,694,593,610,620,662,694,694,654,690,659,721,547,680,696,721,649,734,479,963,623,892,619,690,743,536,655,658,865,562,683,686,327,738,690,594,620,546,620,538,715,574,654,715,643,776,603,652,609,594,633,636,642,868,556,837,680,653,651,604
"COG0025",57,44,172,46,60,155,302,95,94,121,217,98,60,372,140,114,237,108,116,128,124,81,155,147,40,78,120,130,35,97,113,72,350,380,99,406,74,137,71,80,98,77,132,68,107,182,437,122,109,66,117,38,90,153,467,61,117,132,90,37
"COG0026",12,7,55,7,25,19,75,20,61,22,44,41,42,63,24,15,14,22,18,32,20,23,78,10,26,4,52,12,2,12,40,40,168,18,0,154,34,358,20,39,20,10,10,18,48,34,183,9,5,13,29,38,52,12,206,6,12,4,63,12
"COG0027",377,294,258,299,146,139,267,179,206,370,295,163,436,360,302,317,93,203,170,634,187,320,169,168,134,260,223,88,261,244,60,203,186,189,322,125,183,31,296,333,334,176,295,306,343,88,198,225,185,245,179,288,195,241,175,247,345,201,389,294
"COG0028",958,867,1163,1035,1246,909,920,1066,1126,1402,1054,932,1003,1220,1038,1200,1392,1057,1037,914,1114,1019,1275,1699,678,1109,1424,1203,848,990,932,1045,1991,1206,1104,1538,1100,1041,1075,1082,982,1476,1078,1226,1023,1413,1362,1092,1188,1005,1042,1193,907,924,1509,1194,893,1270,1220,1097
"COG0029",662,622,563,451,403,478,522,458,611,597,617,496,865,552,657,591,540,576,526,901,537,637,387,563,380,581,557,419,594,482,358,510,344,478,692,369,442,610,582,473,631,582,701,604,605,515,484,624,545,470,533,595,485,478,319,553,611,502,667,477
"COG0030",507,821,699,321,682,716,440,744,627,495,520,731,632,475,456,710,696,776,278,523,626,532,679,593,964,568,418,626,571,959,741,589,459,583,476,1030,674,752,675,458,475,533,525,859,515,654,747,722,557,859,603,538,581,657,1677,702,544,735,499,415
"COG0031",514,550,662,385,627,680,527,646,612,431,532,694,467,588,444,549,533,480,383,458,687,577,632,632,445,573,607,576,529,536,545,521,430,640,616,605,615,618,608,540,510,619,570,649,538,478,678,617,710,500,586,614,598,625,463,518,563,591,552,525
"COG0033",2,5,22,5,2,10,71,0,3,2,7,1,17,33,12,14,3,7,21,27,2,7,33,8,2,2,51,1,1,10,15,7,190,1,3,107,23,53,2,9,5,23,11,121,10,6,213,2,2,8,23,6,14,2,110,0,16,5,31,10
"COG0034",1169,925,927,741,903,1040,993,919,1061,1311,1105,953,1525,812,917,922,995,942,698,1500,951,1038,855,894,625,1285,814,964,1045,1088,812,890,363,933,973,775,832,742,1140,1243,993,688,893,1178,1177,746,696,1080,908,721,992,1076,921,1246,681,1174,963,1088,1228,816
"COG0035",433,476,389,281,469,379,489,434,393,409,379,395,478,354,370,390,404,428,231,506,326,441,333,435,307,572,407,385,393,413,361,367,228,385,450,398,347,363,466,383,412,390,345,471,406,319,406,393,365,339,380,414,419,475,398,454,444,392,348,370
"COG0036",312,382,273,283,372,449,377,488,367,453,279,368,368,450,374,293,437,406,287,480,372,250,396,402,469,430,333,506,752,447,496,327,477,386,294,470,250,593,457,349,258,379,223,411,312,489,679,304,356,397,470,255,384,514,625,368,300,410,302,256
"COG0037",940,817,1054,740,965,1239,928,1060,1032,871,1006,1094,722,699,735,941,1233,959,745,762,1060,967,870,1142,1250,967,926,1176,737,1012,1082,836,622,1046,888,1213,928,1066,928,940,828,999,680,895,948,1237,876,1018,1327,803,930,1145,1027,1234,861,1026,992,1049,878,848
"COG0038",796,890,932,849,812,619,978,667,921,838,858,810,848,944,858,863,740,664,812,1002,789,941,743,871,595,681,855,542,692,561,546,769,542,669,785,962,854,637,807,861,965,853,952,665,1024,706,710,1034,802,769,651,922,719,665,1188,746,937,759,982,921
"COG0039",651,883,711,604,626,584,578,697,740,677,761,701,710,524,610,761,547,574,498,543,570,850,574,619,622,750,618,635,931,526,384,521,353,518,630,655,517,631,505,544,591,537,611,491,556,631,1318,539,590,570,461,592,555,435,880,496,543,538,562,591
"COG0040",311,423,342,381,470,284,399,320,283,420,305,315,429,305,364,339,311,337,294,347,346,370,321,284,217,402,366,276,443,308,212,269,160,358,322,224,253,294,404,389,341,321,288,443,333,285,331,305,371,371,328,353,426,360,319,366,422,296,370,401
"COG0041",280,309,283,179,265,300,266,213,274,273,244,277,297,269,254,276,301,262,157,373,265,330,257,256,217,250,303,242,260,189,228,217,155,270,277,270,244,291,254,271,284,226,280,285,288,276,256,276,246,254,265,264,305,310,281,311,319,283,287,167
"COG0042",703,810,904,640,838,788,798,677,809,584,745,736,626,836,697,799,912,681,621,830,843,756,807,880,870,503,802,812,600,662,736,692,726,840,814,878,775,874,827,629,821,682,847,681,710,799,609,850,664,673,725,798,723,677,814,738,821,781,733,739
"COG0043",49,66,128,61,105,27,52,113,61,50,132,111,48,209,68,135,49,34,209,105,53,66,117,77,50,38,36,31,90,83,98,63,425,19,57,127,71,69,43,48,74,56,54,26,53,59,294,45,87,50,121,85,53,20,172,30,77,32,126,46
"COG0044",617,585,784,452,681,659,620,729,649,656,709,684,585,590,591,736,830,595,695,732,688,671,608,676,602,624,632,615,700,556,620,562,784,588,578,804,606,857,710,642,648,670,679,607,638,831,1108,596,721,611,925,656,740,672,804,722,612,674,733,490
"COG0045",11,57,46,165,52,22,87,54,59,47,25,31,30,96,137,108,10,14,143,25,63,22,89,55,56,39,101,28,60,46,150,117,164,23,48,85,66,81,45,45,83,180,137,90,47,33,307,21,14,166,50,59,48,25,75,34,29,15,79,107
"COG0046",1208,1168,1303,790,1384,1403,1232,1278,1239,1473,1367,1134,2051,918,857,1324,1292,1456,838,1972,1238,1171,1335,1392,858,1824,1233,1161,1496,1167,969,897,646,1216,1150,1370,1024,1090,1491,1340,1180,970,1026,1504,1254,1220,1851,1391,1113,681,1480,1591,1553,1328,795,1445,1101,1268,1685,1050
"COG0047",1118,940,1113,668,1268,1324,1119,1139,1009,1343,1342,1044,1788,866,666,1121,1168,1387,613,1833,1049,994,1058,1191,703,1622,1000,1039,1163,1041,788,688,668,1046,1081,1056,928,839,1371,1172,957,909,920,1452,1140,962,1746,1285,1054,574,1199,1395,1459,1266,673,1293,1001,1208,1588,847
"COG0048",217,116,169,95,139,247,184,247,196,209,163,199,178,155,119,165,258,205,126,207,146,138,206,160,270,210,115,282,166,273,294,193,154,268,167,236,189,260,213,159,122,179,105,290,186,213,286,151,184,134,217,134,237,296,310,158,115,230,172,112
"COG0049",285,258,281,242,260,353,294,289,278,165,306,298,138,275,239,275,303,360,236,322,242,254,267,270,378,163,241,385,272,326,333,312,239,362,225,294,287,348,234,233,244,245,228,329,296,317,379,293,282,250,311,240,293,377,409,391,207,340,249,229
"COG0050",635,577,521,385,564,781,602,641,666,686,887,674,1043,594,676,764,684,651,456,655,547,587,615,653,840,844,678,749,675,668,773,593,628,690,732,617,587,787,747,626,729,518,619,794,703,628,529,483,543,502,758,605,722,825,754,663,539,715,673,455
"COG0051",140,241,238,178,216,215,243,213,224,176,209,248,127,188,196,215,180,146,148,129,197,239,227,217,310,137,218,270,153,239,276,213,165,236,203,231,217,222,200,158,175,180,159,116,197,212,301,214,195,222,224,178,223,235,279,232,216,237,154,187
"COG0052",369,236,365,259,259,440,421,385,318,451,346,361,511,344,250,352,346,433,278,534,304,345,345,275,522,479,279,460,398,395,465,335,271,404,344,346,366,413,418,370,277,345,261,414,368,305,267,286,312,291,291,329,398,449,415,471,331,392,368,270
"COG0053",468,430,346,336,442,471,413,404,438,362,391,416,421,405,412,429,485,368,370,372,366,386,420,409,486,412,430,422,315,417,631,432,433,501,401,504,376,513,490,426,445,436,448,561,499,532,483,447,468,447,497,405,552,513,368,447,497,548,466,362
"COG0054",256,187,267,133,181,151,238,251,201,352,254,218,278,209,145,214,196,219,164,229,203,244,187,162,153,282,168,129,301,242,110,215,203,218,248,135,186,147,292,247,203,208,122,298,236,184,160,215,229,145,144,224,236,303,186,197,287,226,181,215
"COG0055",601,426,735,291,935,803,631,744,869,640,766,635,662,540,348,725,1093,879,346,797,847,597,829,1046,376,860,701,798,678,697,495,509,485,758,496,908,685,917,726,681,457,639,428,765,796,1043,1054,658,689,388,517,776,804,779,626,770,574,982,795,424
"COG0056",681,560,828,407,1201,1014,683,853,1014,783,819,741,992,623,608,904,1248,941,384,926,995,704,882,1086,451,1084,900,873,902,841,552,620,494,923,730,963,748,848,890,860,690,713,609,859,880,1276,1172,798,815,498,604,810,843,915,705,887,677,1129,838,503
"COG0057",460,353,436,342,428,645,511,483,510,543,526,556,669,495,393,431,536,527,333,476,413,397,537,427,697,615,444,553,567,542,768,412,595,462,505,493,469,574,597,512,413,417,399,626,486,447,467,370,457,334,675,437,638,724,511,554,492,554,545,372
"COG0058",1263,1056,1559,1326,1567,1817,1326,1638,1422,949,1335,1495,1184,1154,943,1237,1856,1322,711,1348,1482,1173,1676,1547,1275,1258,1359,1706,1482,1481,1457,1041,1206,1550,1132,1610,1119,1623,1366,1192,965,1217,845,1344,1271,1522,1647,1237,1405,951,1105,1384,1586,1357,890,1659,1143,1641,1217,894
"COG0059",432,431,465,401,394,397,528,409,437,449,472,377,453,458,394,467,422,377,346,473,453,496,431,503,269,469,478,438,418,466,281,409,309,362,388,437,367,277,436,359,371,395,308,416,365,422,667,369,375,341,424,442,339,374,351,464,380,419,390,345
"COG0060",1215,719,1328,886,1203,1623,1258,1317,1350,1466,1383,1364,1386,1009,787,1154,1492,1262,935,1322,1112,1160,1228,1018,1911,1391,926,1517,961,1313,1718,984,625,1295,1117,1427,1089,1406,1330,1404,1148,1247,839,1182,1371,1262,1200,1148,1348,807,1407,1299,1436,1580,1052,1423,1021,1551,1370,980
"COG0061",440,287,351,299,445,369,380,401,365,418,441,388,369,361,291,366,414,479,264,557,401,415,381,328,289,386,296,333,418,375,370,337,264,358,342,409,289,444,382,361,340,400,312,485,404,355,363,401,440,261,467,398,425,468,543,464,340,357,477,346
"COG0062",512,303,471,322,331,383,367,505,385,651,398,356,655,401,334,455,555,584,292,873,410,458,381,433,260,766,333,476,575,459,284,280,333,528,341,351,300,467,597,510,403,383,387,613,467,478,550,436,469,309,627,474,559,605,314,530,375,484,564,379
"COG0063",452,333,521,270,386,475,462,518,462,638,433,435,658,430,314,520,600,647,310,856,469,516,449,483,292,794,353,472,557,465,339,318,339,542,279,490,353,582,648,532,452,429,349,633,497,458,583,475,473,307,568,499,607,649,573,556,424,517,601,424
"COG0064",127,134,220,80,165,405,165,326,261,114,233,308,84,141,77,207,390,263,137,96,297,152,257,240,835,214,136,484,149,287,461,131,81,345,110,566,224,624,210,134,107,264,52,185,166,385,706,244,235,137,488,105,331,396,470,300,75,313,161,65
"COG0065",382,299,600,373,594,478,561,594,602,634,582,529,587,454,341,507,783,478,381,597,714,686,557,631,401,753,449,473,419,556,419,642,319,540,534,623,601,733,638,605,470,662,399,523,600,667,937,510,571,389,741,550,617,573,420,615,515,588,625,468
"COG0066",195,307,300,232,293,249,300,205,310,277,253,250,353,281,264,328,204,187,171,276,298,399,231,291,215,306,227,254,327,273,219,245,219,268,274,248,255,247,270,270,277,239,238,208,287,284,537,280,249,276,274,298,262,222,207,342,313,211,322,237
"COG0067",879,561,999,514,1163,1263,987,1096,917,1103,969,836,1320,983,688,1066,1394,1208,658,1819,1358,869,1112,1086,547,1215,1132,1034,975,921,702,719,579,1272,991,1081,965,1672,1140,975,961,802,714,1228,960,1382,1233,1240,1018,576,997,1286,993,1207,479,1148,893,1145,1323,908
"COG0068",35,172,104,54,52,55,84,135,102,109,99,47,120,150,61,134,204,81,34,52,142,52,163,38,49,93,135,59,297,87,211,80,176,63,44,187,61,267,150,73,81,180,58,30,44,282,775,65,29,45,211,65,120,61,249,26,57,47,134,61
"COG0069",823,672,1081,686,1245,1242,1007,1102,972,1144,1011,869,1340,944,670,1052,1425,1192,691,1588,1476,909,1129,1038,587,1196,1161,978,948,1046,708,718,562,1200,961,1102,907,1759,1239,1023,922,843,854,1204,1093,1373,1431,1245,1040,591,1058,1264,1036,1219,554,1203,849,1151,1454,996
"COG0070",758,469,926,640,1127,1138,973,1022,948,1061,888,802,1212,963,657,918,1410,1242,567,1561,1263,825,1018,1037,554,1174,976,903,800,915,606,677,498,1168,894,1071,820,1687,1097,908,793,794,544,1127,925,1308,914,1152,993,575,1003,1064,903,1069,619,1110,844,1062,1415,846
"COG0071",456,437,326,440,370,364,355,404,343,367,246,349,411,400,468,329,468,484,255,269,416,349,389,368,322,503,476,408,564,488,340,320,403,415,307,428,279,438,404,349,251,277,295,589,263,416,233,311,312,651,329,270,428,621,481,431,442,390,291,284
"COG0072",755,513,755,648,800,1129,878,916,860,808,957,947,1009,603,550,753,772,806,564,1152,774,555,855,750,1285,1078,588,1054,849,1021,1141,788,374,948,628,926,780,930,912,695,577,945,581,1105,888,897,1352,927,818,612,1079,850,943,1124,882,1036,567,966,1104,691
"COG0073",1689,1196,1432,1175,1624,1966,1628,1777,1776,1754,1859,1760,1917,1275,1255,1542,1730,1517,1050,2434,1428,1236,1619,1473,1850,1965,1410,1929,1810,1749,1900,1530,856,1735,1522,1897,1525,1863,1873,1510,1197,1790,1235,2138,1584,1794,2068,1825,1724,1042,2008,1598,1976,2011,1480,1847,1339,1879,2066,1220
"COG0074",28,76,69,146,44,100,99,73,51,60,47,93,68,77,129,125,24,21,218,50,90,47,157,48,59,37,169,37,96,45,232,99,570,47,65,87,92,107,58,74,91,170,147,117,51,85,414,36,48,185,89,73,72,36,96,31,70,34,110,112
"COG0075",225,544,309,324,181,175,267,264,302,735,393,212,499,267,352,470,257,307,303,465,156,468,212,322,174,614,298,244,465,275,214,305,150,133,255,186,305,134,204,455,374,309,450,253,306,378,297,247,408,217,262,378,328,114,174,293,304,140,238,317
"COG0076",125,318,269,376,165,131,245,115,266,167,233,231,138,171,376,316,24,16,294,54,221,349,315,206,197,25,298,152,114,101,243,398,488,116,299,27,290,79,214,269,413,378,450,26,319,110,22,254,226,315,248,305,177,41,214,105,286,213,254,369
"COG0077",278,294,355,203,439,337,293,305,362,328,298,301,419,267,224,309,431,364,252,379,382,320,395,416,228,423,358,368,368,407,327,336,347,373,274,389,347,312,372,349,300,324,300,414,288,427,566,427,377,210,470,409,440,348,391,423,306,349,432,321
"COG0078",337,391,405,291,647,468,526,451,525,384,391,481,475,405,322,473,630,442,315,404,417,519,443,465,365,383,497,418,501,465,586,467,939,611,555,644,482,507,620,546,482,470,517,485,485,714,661,558,607,319,674,546,678,513,671,502,500,522,595,416
"COG0079",816,920,1130,1215,1301,938,1018,891,793,699,1057,766,608,1001,1011,961,1180,662,767,539,1113,1148,1036,1056,654,690,856,931,734,933,567,671,430,1266,893,864,810,1301,845,1045,1008,865,680,936,952,1045,966,1112,1153,917,818,1133,907,830,813,784,1052,945,726,877
"COG0080",304,295,239,200,221,301,266,288,217,304,214,281,202,247,248,235,341,298,172,283,228,229,242,250,355,312,251,328,319,305,304,216,156,298,229,259,221,333,236,228,213,243,219,318,211,267,332,196,222,205,260,189,308,368,339,308,244,313,204,201
"COG0081",311,366,340,310,287,412,385,436,421,474,405,371,534,352,371,392,428,330,271,415,342,350,367,317,568,457,337,421,318,383,482,387,221,409,352,389,380,417,461,379,373,348,332,332,346,410,343,305,293,329,450,314,452,564,533,407,363,422,325,290
"COG0082",384,314,434,314,491,432,407,420,414,381,440,429,400,313,373,407,462,389,281,606,502,409,427,483,263,362,431,398,412,372,342,354,179,441,313,443,408,465,467,431,346,430,373,365,433,390,473,421,465,292,480,427,499,461,339,465,350,471,539,311
"COG0083",13,38,75,25,129,110,83,77,56,35,44,46,36,85,28,42,74,65,69,32,71,31,65,97,62,59,119,71,82,50,58,45,127,58,36,239,38,182,55,76,26,56,17,136,74,65,442,39,54,13,147,73,113,48,292,33,63,69,93,28
"COG0084",489,660,547,609,476,487,567,445,502,425,493,570,385,517,621,677,565,464,617,563,555,651,580,504,663,362,533,535,507,448,551,552,616,588,469,533,545,527,525,496,701,533,565,587,598,501,580,603,516,798,594,568,628,513,665,591,644,534,594,672
"COG0085",1962,1753,1455,1180,1710,2242,1589,1747,2033,1809,1925,1918,2112,1683,1905,2001,2027,2063,1215,2003,1720,1455,1941,1964,2018,1959,1832,1882,2177,1792,1830,1364,844,1810,1532,1372,1241,1210,1588,1494,1421,1215,1493,1664,1554,1694,1663,1316,1237,1217,1599,1495,1634,1874,1212,1630,1343,1707,1541,1076
"COG0086",1950,966,1759,1038,1637,2221,1848,1660,1823,1888,2037,1796,2093,1645,1071,1567,1740,2261,1077,2461,1632,1312,1806,1517,2199,2107,1209,1872,1657,1925,2174,1683,888,2003,1560,1659,1583,1793,2047,1654,1325,1581,1157,2253,1963,1360,948,1672,1511,991,1931,1861,2026,2242,1469,1922,1349,1939,2338,1265
"COG0087",317,398,312,304,345,447,408,345,372,357,372,384,389,320,354,345,439,375,238,387,375,313,344,354,443,497,328,452,320,390,372,280,117,332,235,354,269,381,323,270,249,267,234,328,276,348,396,231,264,241,312,240,321,363,417,322,224,339,226,207
"COG0088",400,363,344,255,310,435,350,350,341,400,351,386,330,345,361,408,380,365,205,393,319,395,321,319,463,376,332,398,398,396,463,330,242,411,321,370,284,461,441,352,288,311,282,409,305,344,387,335,372,307,437,315,414,447,464,414,347,408,325,300
"COG0089",210,239,156,200,199,265,248,232,202,236,150,188,190,175,182,197,210,213,141,182,185,145,192,184,244,218,178,266,219,233,276,183,109,240,174,206,163,226,220,135,160,130,157,226,182,208,261,163,165,191,217,122,274,336,261,202,201,280,152,155
"COG0090",320,209,315,228,371,539,418,457,417,436,405,389,530,334,264,344,507,484,258,525,355,248,428,373,556,548,310,475,463,467,505,337,199,469,292,513,345,459,455,384,261,321,294,482,376,488,583,344,391,226,474,325,512,569,489,498,240,478,411,193
"COG0091",233,263,211,159,208,286,262,293,254,270,236,287,252,227,171,222,275,260,171,296,207,230,232,245,357,264,209,331,238,291,275,231,162,292,210,243,233,307,265,182,199,189,179,287,221,258,288,201,202,209,253,177,289,332,240,324,239,261,183,176
"COG0092",314,247,307,207,329,499,358,361,333,318,319,353,372,290,238,367,386,326,223,482,323,330,274,330,312,409,251,374,290,385,442,237,77,392,315,444,244,384,409,314,259,261,179,389,287,316,412,266,266,246,417,317,429,513,303,460,295,370,310,228
"COG0093",148,148,172,131,147,304,223,250,199,201,193,214,245,224,182,157,234,225,137,255,195,148,214,180,321,265,140,265,145,251,308,225,147,249,185,227,185,287,282,154,142,182,153,200,157,206,178,179,200,190,285,166,292,310,265,266,166,257,186,134
"COG0094",368,400,259,269,254,418,364,336,296,322,290,328,337,332,339,317,377,340,204,440,277,323,292,308,363,363,294,375,374,351,394,325,196,357,315,332,238,376,338,281,294,310,250,402,269,339,388,306,285,348,295,268,343,423,450,472,361,371,239,292
"COG0095",67,155,74,182,81,75,104,152,76,74,38,131,47,129,132,148,23,34,190,150,145,52,147,71,67,47,71,53,106,83,192,181,228,35,84,136,132,41,57,71,116,159,117,77,113,86,460,128,95,184,157,118,104,89,123,116,55,116,156,186
"COG0096",228,173,183,154,169,276,249,277,206,263,197,247,227,193,189,218,291,256,189,239,189,148,190,169,265,313,163,295,279,308,281,172,140,283,131,314,188,326,278,209,133,207,131,318,170,284,311,197,201,230,237,149,276,376,375,291,145,282,200,112
"COG0097",300,189,233,241,260,417,322,383,291,422,264,312,311,289,248,265,411,376,225,404,274,202,264,299,391,424,287,390,320,436,414,282,225,360,286,343,261,413,376,323,188,299,161,433,254,343,439,218,282,234,359,243,378,509,350,440,270,356,281,203
"COG0098",325,313,265,212,371,383,364,308,303,354,307,325,416,300,301,318,362,306,212,337,306,278,292,326,403,390,311,339,475,346,399,274,206,404,285,314,264,284,371,300,292,298,239,377,278,310,396,260,262,270,340,339,353,425,344,326,358,337,257,218
"COG0099",258,274,184,169,188,235,240,221,219,189,209,230,223,244,190,204,228,193,146,161,211,212,219,193,350,192,160,248,310,270,262,193,157,258,255,249,200,296,232,202,229,160,145,269,197,262,251,232,239,194,271,156,202,299,324,221,222,233,209,173
"COG0100",226,132,157,96,201,300,234,247,196,258,188,199,232,133,148,176,275,281,113,195,193,172,193,204,317,271,150,279,229,260,261,188,130,207,210,252,167,252,252,186,125,167,118,268,180,197,224,154,192,141,276,199,256,334,314,265,199,289,220,149
"COG0101",393,424,507,334,432,519,443,509,475,411,422,477,424,427,428,449,595,432,329,435,526,461,397,561,586,438,414,551,362,453,485,364,267,533,331,657,399,713,430,445,422,397,344,432,449,642,491,434,622,408,408,392,526,573,611,458,390,500,405,305
"COG0102",303,178,255,176,231,277,266,315,241,226,220,271,162,176,181,222,235,285,166,258,237,229,232,187,340,178,173,324,326,281,303,217,155,288,210,263,200,343,210,197,191,282,145,309,226,243,299,210,215,232,304,221,321,374,341,290,214,294,255,177
"COG0103",261,259,205,154,185,252,272,271,190,294,215,284,252,217,236,225,258,267,148,196,204,219,191,234,231,279,202,266,336,279,274,261,153,260,183,252,215,238,250,245,236,167,213,304,240,210,312,199,193,214,274,223,266,373,318,245,211,220,232,203
"COG0104",693,512,561,458,850,661,684,681,787,831,606,529,718,509,459,564,827,640,334,685,830,463,628,684,401,830,564,684,635,694,532,542,370,759,596,696,519,753,748,669,539,461,498,779,681,751,640,615,731,378,711,644,808,817,624,660,698,842,640,477
"COG0105",72,121,73,137,47,61,123,70,91,81,89,87,89,148,155,127,36,26,119,135,67,91,64,56,320,29,110,25,76,315,88,90,73,100,55,21,85,68,49,81,86,73,154,47,132,46,132,67,42,135,66,55,58,75,139,86,96,66,55,110
"COG0106",252,334,361,288,345,240,313,273,296,306,314,293,286,303,287,309,336,304,212,288,326,329,296,287,242,329,276,301,325,303,202,284,120,315,277,276,291,444,317,333,308,322,290,360,290,359,343,308,408,292,311,266,335,265,256,326,293,326,288,272
"COG0107",261,191,306,224,351,372,262,337,288,313,341,300,310,273,217,330,478,350,177,291,317,275,341,346,224,449,317,317,264,311,202,223,188,303,193,241,239,311,301,256,167,313,169,304,232,407,289,308,350,207,303,255,301,301,207,231,201,278,279,219
"COG0108",526,534,542,443,324,392,471,480,497,811,564,508,650,458,565,575,421,513,382,607,439,474,344,479,316,593,505,289,614,395,238,490,182,452,593,240,501,354,566,501,507,519,477,492,528,536,387,525,594,479,323,428,510,554,248,475,591,453,543,473
"COG0109",2,2,13,4,2,0,5,1,0,4,0,0,8,70,17,7,2,0,14,18,2,4,41,2,1,1,23,0,0,0,22,12,147,0,3,12,2,2,1,2,3,14,7,6,1,1,0,0,1,7,12,0,4,0,27,0,12,0,4,9
"COG0110",877,2752,1494,2281,1175,1093,1718,1624,1322,1078,1667,1604,832,1611,2095,1568,787,708,1923,642,1309,1833,1183,1271,1535,502,1665,1199,1423,1323,1152,2009,734,1184,1629,822,1818,990,1254,1598,1780,1687,2552,1054,2041,1145,1421,1392,1737,2345,947,1245,1101,1053,1408,1089,1347,1464,1241,1969
"COG0111",683,690,718,634,851,923,1073,832,817,909,795,911,505,891,638,699,807,578,815,523,598,754,888,713,644,574,693,719,832,810,818,720,1135,676,767,946,771,770,812,778,663,786,645,821,785,899,2297,832,928,658,1525,799,1006,743,645,662,855,916,1076,618
"COG0112",407,498,386,395,522,561,540,627,532,655,511,533,714,461,427,565,519,529,353,734,483,454,433,663,392,783,397,589,705,555,640,407,180,586,377,512,478,375,604,472,496,444,370,677,527,580,991,471,451,393,573,558,675,698,375,588,419,618,627,403
"COG0113",62,68,145,42,88,66,70,129,87,67,117,52,64,188,70,114,119,80,90,74,156,81,92,63,54,429,66,98,101,76,127,105,194,86,57,115,72,252,117,48,74,111,49,59,48,141,321,64,89,83,122,48,122,41,114,90,60,124,91,45
"COG0114",24,9,52,29,55,72,84,30,49,23,32,65,51,64,42,90,66,54,21,30,43,87,79,34,56,50,52,65,4,56,112,40,182,52,42,87,77,82,17,53,62,67,46,64,33,47,44,31,52,47,115,21,157,30,301,23,45,40,98,48
"COG0115",619,663,693,614,638,669,716,629,652,703,588,693,546,535,474,605,639,747,505,844,633,694,642,596,416,463,494,657,818,659,453,599,421,600,681,588,619,573,727,589,650,565,568,671,662,626,751,558,542,509,772,700,710,634,609,670,711,667,705,563
"COG0116",459,230,412,198,393,487,325,395,425,412,397,394,362,366,321,426,571,532,201,526,417,328,374,513,226,400,416,408,433,486,391,305,419,534,295,544,342,416,342,358,258,435,347,549,473,463,218,394,427,285,427,283,484,426,410,489,355,494,411,266
"COG0117",520,363,415,271,279,283,437,389,370,601,485,363,569,384,296,385,356,476,360,412,372,459,303,347,269,631,308,251,519,346,183,382,123,346,453,282,411,277,550,445,376,336,305,467,384,437,548,380,403,272,292,478,398,449,300,383,425,354,389,327
"COG0118",265,257,287,190,282,221,241,271,239,338,230,224,290,236,244,251,298,299,157,224,281,285,225,215,174,334,231,263,250,279,188,195,137,299,245,211,216,379,257,273,252,182,164,292,233,273,243,229,314,217,278,256,289,280,240,276,287,270,248,238
"COG0119",764,1041,1223,1113,1084,1281,1114,1147,1186,1681,1065,1032,1207,1008,848,1065,1094,1258,743,1165,1247,1095,1222,1175,708,1520,1206,1212,1139,1172,879,1032,791,1306,1355,834,992,1159,1352,1165,1164,1201,921,990,1162,1297,1126,1062,1075,909,1153,1141,1216,1279,645,1147,1003,1361,1222,1144
"COG0120",25,62,77,135,20,40,70,21,44,21,65,32,30,71,135,66,35,35,148,31,73,39,50,46,177,20,53,26,8,24,155,141,120,36,59,161,79,273,25,36,87,170,105,79,39,26,145,30,30,143,40,57,38,21,338,22,32,26,54,111
"COG0121",5,2,13,2,9,3,10,0,0,2,0,0,5,43,5,4,7,5,9,14,3,5,36,1,2,3,28,1,1,0,16,11,113,3,0,12,5,7,0,2,6,10,3,1,1,3,4,2,0,8,15,1,3,1,14,0,5,1,4,7
"COG0122",30,60,149,32,119,231,84,148,114,33,106,202,28,80,105,87,186,116,118,40,112,94,78,244,213,103,145,237,41,138,397,66,152,133,57,162,109,115,86,60,44,111,81,114,74,185,103,89,146,69,252,81,222,179,53,170,91,102,117,51
"COG0123",8,11,27,5,38,12,9,14,15,10,38,14,16,77,26,42,2,11,39,18,25,29,27,2,5,7,0,6,2,29,12,29,0,14,15,12,29,114,11,15,32,20,13,12,25,7,6,14,7,13,42,25,16,5,87,20,13,3,40,12
"COG0124",615,592,565,510,544,657,579,644,622,632,665,693,691,518,537,581,561,550,467,634,605,633,469,655,933,677,538,649,586,674,880,598,306,564,581,555,576,671,718,662,601,570,515,701,622,499,687,586,535,575,714,732,673,775,689,640,581,548,603,536
"COG0125",51,100,89,29,157,245,125,147,159,53,119,199,39,133,40,84,107,100,91,26,147,53,196,72,207,71,70,151,84,143,279,88,119,130,72,219,72,188,183,76,39,82,26,170,96,126,394,87,105,23,206,90,245,236,282,77,94,199,141,38
"COG0126",424,330,432,305,584,674,471,562,524,554,565,579,590,428,351,475,579,473,343,591,497,466,519,543,707,609,389,541,462,559,705,383,326,520,421,594,458,567,555,517,427,422,346,550,627,434,512,476,518,337,616,503,650,660,524,553,453,592,613,396
"COG0127",389,245,366,246,316,406,323,360,309,348,246,387,327,313,236,315,394,437,208,390,309,330,343,351,275,363,291,486,326,351,381,301,220,444,217,386,264,379,349,323,285,244,234,391,348,347,407,332,321,272,331,271,366,469,456,416,252,422,329,244
"COG0128",519,489,519,321,480,513,479,456,538,439,561,538,522,452,456,513,540,607,361,686,468,460,488,476,378,521,430,442,613,461,411,443,287,497,435,431,484,562,529,434,480,372,473,530,570,549,524,521,462,363,550,460,641,499,381,423,428,534,550,330
"COG0129",822,800,860,702,1050,729,689,715,851,827,1067,740,1080,732,888,1058,866,724,792,842,804,1008,824,1112,502,915,1036,667,1062,679,617,745,913,769,838,769,672,547,801,885,766,749,859,815,736,1138,1160,782,770,726,1235,834,788,800,663,795,851,698,994,630
"COG0130",361,230,329,170,345,486,365,379,370,402,337,360,433,315,208,327,377,396,249,526,314,304,346,344,562,447,335,387,390,421,415,268,215,395,251,418,285,367,404,372,251,281,277,453,340,349,467,356,339,229,401,310,408,447,435,400,335,393,447,274
"COG0131",291,297,386,304,322,263,310,277,330,407,382,288,283,299,282,301,287,210,200,433,347,340,288,230,224,311,338,245,323,257,233,252,164,294,370,202,237,354,357,341,304,307,291,280,319,288,295,366,334,280,348,349,296,279,216,349,337,318,381,327
"COG0132",136,204,184,212,116,102,117,121,159,154,221,105,94,222,212,190,113,34,194,64,144,243,160,102,99,51,139,71,103,79,107,216,238,120,206,83,172,117,154,147,231,168,135,90,219,209,146,181,169,156,125,163,144,58,202,75,225,124,168,202
"COG0133",199,371,372,227,288,314,399,417,350,519,399,343,625,302,265,409,420,435,256,423,382,423,343,332,235,521,310,331,665,279,439,299,316,428,310,430,268,510,451,422,368,354,319,496,334,473,844,349,334,292,306,419,411,472,390,347,309,350,420,298
"COG0134",164,348,312,223,193,213,246,314,262,340,205,229,289,261,254,288,282,304,199,294,251,359,259,265,185,337,246,252,479,174,159,184,181,276,244,374,257,385,307,271,263,282,280,383,214,285,599,278,311,234,203,255,285,265,359,322,245,225,283,206
"COG0135",142,169,154,81,111,141,145,174,159,289,101,155,224,139,101,129,192,249,113,224,201,150,183,106,132,310,141,170,259,188,116,97,205,174,96,247,121,351,210,165,104,134,118,242,125,175,480,159,128,176,150,73,202,214,230,171,141,138,141,112
"COG0136",455,255,442,274,405,512,477,503,449,530,394,448,618,490,333,394,466,428,298,545,376,407,409,409,483,530,372,486,530,507,501,414,405,458,451,565,435,508,485,471,365,438,273,689,445,391,606,420,449,284,560,484,504,591,551,427,435,536,494,363
"COG0137",482,518,560,407,711,586,532,521,658,643,553,483,662,447,513,565,566,526,428,474,658,502,557,648,338,714,591,491,655,475,465,498,352,539,647,534,431,616,695,601,531,569,585,647,545,623,826,544,538,400,612,567,644,572,419,550,649,630,593,430
"COG0138",574,667,568,613,505,558,635,588,695,957,636,581,909,468,570,650,548,676,515,852,662,552,598,575,455,840,576,440,659,625,503,803,289,589,705,645,632,730,819,878,715,758,766,863,910,626,821,880,723,683,751,795,835,763,585,938,744,678,884,788
"COG0139",311,401,292,293,369,239,314,386,311,314,238,259,254,332,315,302,333,288,204,266,339,347,280,363,211,301,317,355,320,276,202,255,130,344,289,244,261,314,238,281,333,284,238,223,275,376,317,303,318,304,270,346,243,313,248,297,356,297,257,261
"COG0140",288,380,260,288,370,262,284,265,280,290,263,265,258,271,309,298,210,227,198,244,226,335,235,236,205,247,321,302,310,283,192,265,110,323,277,154,259,210,214,266,324,284,249,136,264,289,283,282,314,264,223,307,215,296,167,194,334,266,224,280
"COG0141",424,420,487,341,486,403,399,428,470,560,450,405,587,373,398,392,512,469,276,400,528,489,453,403,317,597,393,406,541,458,306,346,226,411,447,402,410,519,502,495,344,413,373,462,487,447,553,471,449,370,493,465,480,449,388,443,444,470,504,398
"COG0142",996,764,586,601,546,584,776,726,644,1008,631,672,1028,660,703,774,580,875,425,968,559,656,578,559,582,1015,555,477,1150,683,451,642,378,609,705,575,581,579,844,795,671,629,645,1152,768,476,698,713,632,653,577,625,664,897,750,829,769,612,780,667
"COG0143",970,711,798,598,821,1074,788,863,875,875,950,979,982,715,657,824,867,1029,478,1245,806,676,843,905,896,966,782,1005,1050,753,1052,754,441,901,891,1030,793,923,1070,811,667,736,748,1088,825,893,1082,1004,828,533,1049,773,986,978,798,983,774,937,1010,549
"COG0144",585,636,716,557,824,841,528,725,745,572,684,891,619,622,642,686,938,817,549,584,699,681,724,902,703,525,716,704,548,721,745,579,597,839,552,951,693,1202,676,650,594,761,548,822,644,841,557,641,775,630,678,636,801,784,835,608,616,743,637,493
"COG0145",66,14,42,58,60,102,12,27,38,13,83,50,26,26,37,89,26,38,167,28,35,43,42,41,48,47,11,25,7,41,73,37,254,19,65,12,55,203,19,21,43,42,96,12,37,206,49,35,23,81,52,31,62,52,184,44,36,39,54,27
"COG0146",2,0,6,1,1,5,1,13,24,4,7,10,1,3,0,15,5,6,7,0,10,2,3,16,18,5,2,8,4,4,12,3,24,6,7,0,11,1,1,7,3,11,2,3,11,14,10,8,7,2,13,4,11,8,0,6,11,12,2,2
"COG0147",508,906,827,803,512,443,636,657,626,641,581,598,744,652,726,728,552,842,567,788,609,891,569,604,437,585,652,574,1064,516,396,583,527,570,693,538,518,471,629,561,864,647,678,749,651,616,824,694,655,794,511,881,597,525,552,752,721,524,716,713
"COG0148",442,464,661,374,617,853,670,613,619,523,796,672,769,589,415,670,733,589,415,678,700,616,755,653,803,640,580,703,422,691,684,753,687,852,637,685,616,681,738,561,568,713,459,571,655,661,584,732,680,407,517,780,591,669,823,643,543,748,652,689
"COG0149",245,290,378,259,411,479,372,331,347,235,423,434,122,280,306,326,336,219,345,101,326,343,352,383,464,158,331,464,233,384,491,314,363,389,393,437,369,414,304,256,331,405,283,251,355,368,545,389,364,321,416,385,414,344,473,327,325,459,435,336
"COG0150",402,396,478,300,511,473,508,494,553,535,475,467,611,412,363,497,527,512,321,644,498,487,409,482,268,562,451,479,387,475,334,290,234,409,387,413,300,417,446,437,371,320,321,383,446,426,416,418,431,284,506,473,441,420,361,446,401,466,445,331
"COG0151",513,325,540,239,510,508,506,519,583,508,503,432,519,462,303,488,569,566,355,671,557,515,456,588,305,546,522,516,610,456,363,339,305,585,453,558,342,618,547,472,440,446,435,579,558,513,503,490,486,289,542,576,553,559,417,533,493,571,582,326
"COG0152",394,342,445,269,458,427,430,425,467,401,464,462,457,362,276,426,455,448,336,490,325,509,395,433,286,450,349,394,341,485,282,323,160,356,375,346,339,336,376,384,350,333,289,347,375,338,306,367,335,254,360,410,419,373,298,404,346,389,379,286
"COG0153",531,629,560,473,740,565,486,544,591,564,498,591,590,491,538,520,576,504,322,612,541,539,453,548,349,588,547,513,573,566,425,448,269,539,528,589,447,425,589,536,518,479,473,594,564,565,616,644,561,462,529,516,603,523,440,592,575,648,493,504
"COG0154",123,132,253,62,159,384,164,320,278,111,298,328,100,162,96,263,455,305,148,100,302,181,271,268,718,218,120,501,151,313,520,168,84,400,90,539,231,888,227,126,128,234,83,169,164,492,683,197,313,122,526,112,437,413,528,290,76,397,181,78
"COG0155",44,15,68,42,45,9,35,13,24,12,87,18,41,121,95,71,69,35,100,34,17,61,126,57,25,868,62,4,19,17,39,60,296,20,14,123,37,84,56,31,51,42,63,19,34,118,77,12,37,18,85,18,31,17,204,12,42,16,67,37
"COG0156",800,1112,1060,1027,696,540,1051,570,1121,922,1112,826,908,1088,995,1181,332,263,839,776,749,971,637,488,803,554,782,433,833,537,515,843,429,586,1323,207,802,155,797,1182,1239,632,1081,551,1089,352,179,1199,819,2669,539,1342,671,434,359,736,999,595,862,1020
"COG0157",341,371,405,289,234,328,358,389,330,466,379,344,329,321,390,357,389,239,263,491,365,366,331,274,282,382,313,274,424,269,203,363,216,359,338,239,297,502,386,401,422,324,389,407,349,323,417,361,335,311,351,357,326,416,217,451,396,314,383,391
"COG0158",6,5,26,6,8,1,30,5,22,9,21,1,35,81,34,40,9,7,15,35,26,10,43,2,12,5,32,13,4,15,28,29,151,30,6,13,16,62,8,32,32,14,11,11,16,3,2,15,1,10,22,16,23,10,24,7,13,6,12,14
"COG0159",159,266,266,274,158,218,260,271,255,391,284,237,414,258,267,281,296,339,218,346,278,328,220,262,197,412,260,251,391,213,216,227,237,304,229,249,246,350,352,287,263,288,266,386,284,290,477,297,290,276,283,260,275,308,249,288,291,239,271,252
"COG0160",16,66,123,20,39,115,66,253,54,22,101,139,28,263,17,49,66,75,23,36,136,13,200,45,43,27,61,59,77,46,94,63,200,105,12,208,55,320,62,24,28,61,35,56,36,126,447,25,114,58,70,38,80,132,41,105,52,70,96,43
"COG0161",275,378,428,395,291,210,343,179,355,293,503,296,207,356,411,495,137,58,335,100,271,513,272,243,200,63,351,165,224,125,155,398,224,167,520,147,372,183,257,361,494,415,489,189,462,287,324,424,316,356,304,562,226,58,208,155,446,216,451,440
"COG0162",528,418,461,273,510,613,523,546,561,610,565,620,737,474,343,514,602,667,381,703,533,514,512,491,669,741,437,546,681,613,583,416,288,494,424,545,398,411,566,465,354,298,334,559,514,441,485,467,391,203,523,490,467,646,579,499,437,468,492,377
"COG0163",34,38,57,41,61,16,39,63,34,48,67,71,21,100,27,68,31,16,99,39,29,43,85,37,34,20,21,19,52,36,42,33,129,11,24,43,40,33,31,23,20,29,20,18,29,39,160,18,27,23,66,36,27,10,71,15,26,14,56,30
"COG0164",418,272,312,235,288,329,272,311,292,343,306,349,331,295,259,283,307,332,238,450,286,313,295,339,314,336,278,298,403,324,328,299,125,350,300,326,280,323,337,289,294,281,264,355,266,245,346,304,335,237,328,306,305,509,429,344,284,331,353,221
"COG0165",566,470,510,363,632,518,519,647,590,787,504,447,851,602,502,593,614,701,517,763,691,477,543,597,376,850,490,547,764,700,437,601,379,762,494,551,524,792,637,719,522,521,348,790,593,654,817,572,527,511,643,561,717,615,451,652,534,557,657,536
"COG0166",620,578,644,473,713,758,637,649,694,596,741,702,685,601,593,625,732,611,451,703,654,621,582,727,629,618,644,683,715,641,648,578,503,721,580,724,602,781,679,577,649,599,561,748,690,729,911,710,644,490,711,669,815,558,655,669,572,715,737,540
"COG0167",541,708,662,754,574,560,925,527,664,616,772,681,416,657,751,678,480,412,625,529,594,722,592,519,627,260,629,565,543,458,464,769,427,636,703,644,702,518,558,560,824,669,682,479,697,548,940,688,745,700,648,721,670,479,653,528,751,579,849,788
"COG0168",1080,1440,1381,1358,1435,1474,1381,1266,1389,1204,1283,1254,1078,1212,1349,1242,1399,1010,1274,986,1245,1309,1221,1557,1069,1099,1329,1241,1189,1258,1192,1114,798,1213,1262,1414,1289,1518,1428,1209,1361,1225,1249,979,1299,1415,1272,1219,1327,1302,1301,1375,1590,1303,996,1095,1535,1619,1309,1154
"COG0169",397,282,442,319,545,473,410,459,422,406,396,398,347,580,387,442,664,534,366,510,367,365,513,432,298,507,364,416,394,432,383,364,507,388,301,545,406,516,448,395,313,378,294,504,361,645,527,381,388,396,627,413,476,483,411,410,366,442,387,307
"COG0170",0,0,0,0,0,5,0,0,0,0,0,1,0,0,0,0,11,0,0,0,0,0,0,0,0,0,0,3,0,5,14,1,0,2,0,1,3,0,0,0,0,0,0,0,3,0,0,1,0,0,0,0,3,1,0,2,0,4,1,0
"COG0171",679,551,599,395,687,780,712,726,856,825,776,737,786,538,427,570,678,727,478,912,655,539,715,672,832,1000,584,830,779,739,586,510,256,697,540,626,662,509,897,778,436,418,534,633,738,737,738,714,749,390,828,687,810,903,565,665,517,761,846,593
"COG0172",469,552,563,411,728,697,607,655,669,613,509,589,578,528,454,567,781,647,392,698,579,558,594,573,790,651,520,680,494,680,808,518,316,624,549,843,513,642,607,512,458,474,354,691,601,700,851,583,564,431,713,538,759,816,687,737,536,750,628,428
"COG0173",706,585,806,588,562,1176,656,867,883,713,883,1021,709,532,566,664,781,848,470,833,806,703,842,686,1355,647,578,963,656,931,1124,637,335,997,619,702,688,1012,839,755,639,848,557,907,827,938,989,805,776,555,1149,686,949,1126,770,973,594,1075,902,564
"COG0174",249,316,514,298,460,433,375,435,479,167,299,420,142,351,335,397,507,256,342,115,397,330,418,501,390,277,425,359,207,379,450,373,627,347,392,786,397,688,303,344,259,581,309,363,326,532,823,503,514,378,610,353,533,408,801,283,279,410,414,363
"COG0175",957,698,552,540,433,412,342,363,396,348,414,333,164,467,437,530,299,340,295,369,388,475,500,763,269,495,413,364,112,263,395,302,387,363,367,146,380,245,296,409,535,359,294,170,331,392,119,435,403,427,207,351,228,221,97,382,386,358,491,333
"COG0176",177,277,368,255,242,252,232,265,228,129,240,244,133,351,272,277,341,153,250,106,250,351,323,232,234,162,294,264,140,188,159,359,767,204,303,351,235,331,171,255,276,316,246,147,236,325,580,183,228,281,261,308,174,185,494,185,221,209,204,317
"COG0177",288,287,302,245,353,336,361,312,324,284,324,331,329,292,293,318,351,286,291,338,288,332,356,368,514,355,319,370,268,396,361,218,186,273,234,322,302,344,317,240,256,274,253,305,280,229,256,293,264,237,287,239,319,355,270,280,217,285,288,217
"COG0178",2146,1374,1766,1343,1534,1977,1956,1704,1948,2200,1684,1851,2768,1433,1439,1853,1692,1748,1311,2784,1662,1575,1533,1561,1918,2465,1507,1700,2050,1907,1763,1523,684,1735,1530,1603,1659,1595,2373,2032,1692,1306,1484,2286,1946,1509,1729,1786,1770,1322,1789,2011,2081,2051,1457,1832,1668,1841,2212,1508
"COG0179",343,184,233,165,301,144,267,203,157,365,252,207,358,313,168,205,158,133,226,356,186,279,207,217,182,327,176,155,343,208,158,212,197,200,212,221,208,77,302,282,239,231,140,265,188,114,321,216,194,196,210,320,238,256,162,230,316,168,288,283
"COG0180",500,533,511,446,547,583,501,532,529,559,512,574,588,531,522,540,550,553,454,679,459,523,514,521,746,663,558,645,505,502,705,490,230,548,469,702,461,552,578,506,511,423,470,644,476,479,565,487,489,421,484,496,550,645,652,592,528,570,541,447
"COG0181",45,50,142,31,72,32,48,120,96,55,112,58,63,118,77,111,117,118,102,46,162,80,149,109,57,776,66,90,34,61,129,92,220,92,33,118,50,236,87,61,74,111,62,97,69,153,127,74,103,73,87,53,115,69,156,87,39,107,93,29
"COG0182",48,26,104,23,78,170,78,88,96,38,104,98,70,74,69,123,46,46,111,40,87,54,86,20,70,51,17,136,7,126,143,83,67,58,66,13,97,141,56,81,83,28,81,61,77,104,18,68,91,59,231,44,176,65,106,45,42,74,130,46
"COG0183",124,72,233,60,329,300,189,181,246,52,196,207,125,451,141,204,310,184,265,108,209,105,512,306,140,144,402,242,174,195,259,159,971,189,182,364,114,66,113,165,144,261,103,165,132,310,130,158,173,86,332,153,293,294,437,89,189,302,132,96
"COG0184",208,220,181,188,147,143,163,188,143,167,146,182,144,117,157,149,132,170,167,129,143,216,133,150,261,189,130,171,213,220,180,168,106,137,155,179,145,159,147,156,163,140,138,246,113,160,221,151,155,173,169,132,156,229,244,229,158,163,127,193
"COG0185",151,192,130,129,139,189,152,159,144,111,152,170,119,119,143,145,139,154,99,84,132,121,132,163,198,132,126,207,147,162,227,159,102,161,172,190,157,278,178,132,175,172,155,156,175,165,206,159,178,219,187,170,184,252,241,187,182,241,160,143
"COG0186",174,95,139,123,171,201,187,205,161,180,159,160,186,116,136,141,187,158,133,156,126,121,138,137,193,200,123,201,201,213,214,174,135,177,141,196,144,204,206,155,94,159,91,228,151,154,205,131,129,145,187,156,198,268,229,278,160,218,146,87
"COG0187",1520,1331,1503,1024,1750,1755,1682,1665,1853,1635,1682,1830,1672,1459,1372,1830,2090,2010,976,2539,1744,1261,1582,1922,1975,1712,1828,1630,1837,2437,1901,1401,1109,1840,1619,2040,1530,1888,1814,1544,1454,1356,1542,1887,1762,1824,1591,1742,1694,1272,1674,1479,1896,1989,1654,1855,1540,2151,1874,1101
"COG0188",2004,1683,1880,1444,2083,2337,2018,2043,2129,2064,2055,2225,2442,1597,1737,1966,2354,2290,1135,2282,1861,1621,1849,2098,2502,2340,1914,2136,2216,2577,2389,1718,1070,1963,1743,2420,1704,2122,2218,2025,1662,1824,1500,2245,2026,2051,2271,1994,1926,1561,2229,1882,2222,2584,1748,2044,1823,2540,2265,1404
"COG0189",17,23,58,63,39,106,40,41,48,16,71,44,18,113,56,36,21,25,111,30,62,16,154,14,67,21,97,76,6,494,110,55,280,46,32,35,140,23,63,36,34,101,75,57,77,46,4,113,75,62,69,28,108,32,43,29,46,98,56,132
"COG0190",524,351,367,244,371,515,463,429,428,450,487,521,503,360,287,453,352,405,287,568,340,500,453,397,371,430,394,443,494,387,504,386,298,429,467,401,432,334,509,458,448,398,383,489,451,390,511,383,392,306,551,442,476,537,536,432,437,453,467,407
"COG0191",535,535,460,448,669,699,496,673,434,651,634,490,815,613,582,617,819,672,864,495,449,455,552,614,702,773,550,600,939,550,761,503,1271,540,531,1081,501,495,580,602,546,496,519,543,505,807,1817,466,522,601,888,469,632,669,670,482,512,553,503,442
"COG0192",725,462,538,345,561,723,537,485,639,568,612,596,723,771,527,557,592,655,421,657,510,637,486,597,435,740,593,503,772,564,884,563,380,735,719,768,596,738,819,666,606,677,732,880,695,829,607,665,590,531,692,663,776,855,637,684,579,726,672,446
"COG0193",201,286,278,217,287,364,322,319,317,297,277,345,287,277,249,263,345,275,192,381,253,313,288,319,397,352,253,310,200,317,326,244,186,338,223,353,261,371,284,289,272,248,244,267,294,327,387,306,301,237,302,256,322,332,361,308,274,284,265,221
"COG0194",348,374,431,268,411,520,370,544,384,392,339,454,395,291,306,404,587,522,272,413,366,405,373,455,496,482,335,568,223,442,442,387,255,492,321,623,350,619,479,397,311,440,331,488,371,629,385,468,390,372,330,300,370,515,668,670,354,469,388,344
"COG0195",704,575,504,433,541,666,612,541,677,764,599,664,833,505,531,564,580,692,410,733,583,531,613,563,610,785,554,614,786,711,690,523,447,565,583,523,599,555,731,637,540,401,488,807,629,525,537,626,595,503,662,543,733,753,568,746,584,640,630,454
"COG0196",475,251,340,285,358,398,448,380,414,472,306,353,387,297,203,336,418,545,313,660,380,268,341,392,292,493,328,270,411,384,335,312,345,448,258,474,355,413,400,367,234,325,280,496,391,343,565,400,372,253,443,297,412,412,481,487,335,372,399,291
"COG0197",280,340,257,201,272,321,204,312,291,283,253,286,350,193,278,258,274,321,190,281,237,302,271,277,404,333,251,331,289,313,327,256,180,230,276,277,197,303,303,286,284,221,240,320,217,285,300,266,246,221,271,259,310,378,369,328,346,296,217,217
"COG0198",222,104,169,121,159,260,156,281,240,274,137,206,214,109,124,188,279,234,147,197,158,120,158,166,271,277,136,248,200,261,212,156,123,136,136,187,124,202,188,162,102,178,95,225,138,190,225,114,149,157,170,118,187,247,217,185,165,181,129,118
"COG0199",168,118,101,157,97,130,181,131,75,204,137,124,176,126,107,110,102,120,119,140,88,128,85,61,201,155,105,108,150,162,93,168,110,126,130,107,107,87,180,153,110,164,91,195,98,61,69,125,128,152,60,114,154,185,183,162,144,96,121,145
"COG0200",237,286,250,252,197,294,276,275,246,225,256,322,236,267,286,265,273,267,202,259,241,273,228,229,390,272,238,315,241,288,313,274,151,306,254,242,261,326,289,256,233,239,201,265,269,249,297,208,261,250,323,193,277,333,424,264,254,273,204,192
"COG0201",725,562,578,455,639,758,831,734,640,742,603,718,811,542,539,610,814,818,465,843,567,496,589,581,950,888,592,777,670,843,838,597,520,698,620,771,646,735,710,648,505,553,494,839,662,611,616,552,630,530,735,524,863,937,676,816,594,818,666,450
"COG0202",584,481,394,270,464,630,531,580,475,433,439,561,378,404,386,458,558,485,252,593,468,408,459,413,626,443,357,618,625,595,613,399,183,525,454,525,433,583,499,391,418,366,255,722,508,522,607,416,436,361,559,457,542,594,621,675,517,569,477,336
"COG0203",268,176,238,113,160,300,255,281,215,215,250,275,199,169,154,216,302,286,113,311,228,267,249,189,392,227,163,343,215,310,308,210,122,239,233,197,257,273,242,209,193,202,150,254,215,252,254,240,267,137,266,230,264,345,283,320,211,307,223,180
"COG0204",790,993,735,1206,743,614,658,705,846,755,771,658,849,768,1019,870,693,591,1329,748,1068,686,928,692,836,627,876,614,774,848,627,1044,822,710,657,773,754,729,682,736,1003,815,1162,826,801,651,602,784,607,800,1016,682,720,808,746,840,756,595,703,1110
"COG0205",1176,1699,1439,1193,1473,1392,1318,1239,1373,1385,1378,1330,1393,1128,1382,1424,1469,1073,934,1211,1423,1571,1156,1719,948,1249,1470,1265,1406,1127,1221,1412,734,1656,1806,1278,1414,1195,1657,1553,1642,1345,1951,1176,1561,1538,1290,1649,1709,1382,1166,1685,1480,1416,999,1625,1848,1718,1438,1409
"COG0206",679,587,560,406,662,687,569,606,666,503,572,653,1001,537,509,638,553,747,446,979,558,565,504,705,861,488,648,499,840,501,723,581,347,667,568,585,449,560,537,493,631,466,588,800,676,546,828,534,578,433,442,557,640,850,602,737,618,584,699,358
"COG0207",229,541,276,400,218,347,382,275,346,333,372,389,226,284,426,327,247,145,331,283,317,363,391,259,306,140,346,316,113,238,418,359,256,486,490,249,300,305,409,384,496,304,339,274,454,217,214,349,347,365,295,580,362,365,434,294,309,461,403,332
"COG0208",116,336,167,302,238,96,161,100,142,72,147,141,132,300,399,237,89,84,271,194,158,144,189,246,126,59,245,82,99,106,159,219,383,83,193,367,156,326,119,115,281,161,298,44,121,134,241,119,92,284,141,163,146,77,364,122,274,102,82,175
"COG0209",506,727,742,819,624,528,847,397,663,573,927,660,476,796,1022,1010,180,132,964,954,674,732,742,671,475,155,650,391,253,383,640,867,779,601,807,536,621,651,555,570,962,800,1080,236,982,274,357,712,555,825,740,964,612,418,694,499,813,704,879,907
"COG0210",2632,2186,1788,1854,2183,2219,1848,2560,1420,1561,1448,1733,1844,1720,1731,2087,2099,1810,1660,1927,1984,2114,1828,1680,2084,1642,1563,1884,1252,2460,2072,1595,1651,2038,1387,2559,1412,2232,1885,2262,1329,1637,1275,1805,1666,1826,3064,1898,1423,2035,1913,1595,2037,2603,1809,2047,1792,1868,1746,1989
"COG0211",144,135,104,109,98,181,124,147,108,157,90,89,149,97,111,92,121,139,83,105,95,98,106,86,228,156,73,143,153,175,159,97,101,124,83,123,80,194,120,123,91,101,81,179,85,124,150,87,100,128,87,64,154,212,214,156,91,133,97,68
"COG0212",294,309,254,226,252,250,254,287,280,379,260,314,307,228,269,259,242,304,203,236,274,331,266,263,200,275,232,269,299,313,231,202,163,273,270,315,238,297,323,279,245,214,239,309,275,238,400,248,299,209,332,320,292,320,322,259,302,252,263,258
"COG0213",51,61,158,39,253,283,78,159,146,48,55,178,39,143,44,92,179,139,81,39,156,22,225,155,462,74,150,255,139,196,336,71,267,238,84,145,154,178,150,71,36,73,37,136,95,267,313,98,154,65,305,106,259,198,196,80,93,193,97,48
"COG0214",185,70,115,33,66,104,74,202,101,202,118,92,324,52,47,174,232,354,61,409,143,50,63,109,86,353,39,132,261,144,67,46,33,98,24,186,86,298,227,156,45,82,42,205,73,311,422,83,56,60,47,43,160,270,97,263,29,137,144,17
"COG0215",675,520,646,479,739,794,671,681,704,807,694,731,793,672,570,727,756,744,424,851,706,597,572,728,957,746,570,750,865,734,795,658,340,733,638,779,553,702,668,672,642,595,635,671,763,614,789,661,771,532,818,644,770,790,751,759,705,727,796,538
"COG0216",376,280,420,348,475,617,478,525,430,473,577,491,657,388,315,397,481,460,293,626,428,427,486,432,637,584,388,536,387,478,661,389,292,507,400,539,417,523,586,474,363,355,381,526,473,429,584,485,598,210,484,485,581,631,539,480,372,536,523,325
"COG0217",327,281,372,296,365,403,388,372,383,341,403,428,440,284,361,314,274,265,256,409,364,402,390,328,562,379,351,427,238,385,455,379,262,390,352,334,305,436,423,388,351,308,306,341,356,255,308,330,388,308,409,412,438,488,444,402,384,485,392,329
"COG0218",316,207,221,188,259,324,280,335,224,291,222,259,276,224,196,234,271,292,196,280,253,171,243,242,409,300,201,305,241,352,353,232,213,292,182,268,271,278,236,227,154,166,144,331,228,286,252,208,270,191,306,149,348,431,337,292,214,287,234,183
"COG0219",58,83,126,49,185,214,122,203,155,62,123,144,48,89,68,105,243,158,79,32,145,107,171,172,281,118,129,234,113,198,231,99,153,202,70,300,126,276,132,73,50,106,38,158,86,223,363,116,138,69,187,120,185,210,297,117,89,173,90,50
"COG0220",367,431,345,341,323,355,362,346,341,314,336,410,342,328,361,390,383,363,295,453,321,389,278,361,467,396,327,340,396,301,406,358,242,311,313,399,328,425,356,329,333,338,324,370,346,371,545,387,319,376,299,317,357,376,446,398,380,321,304,283
"COG0221",27,27,77,16,37,191,72,108,93,25,65,76,7,85,20,36,72,60,19,19,100,17,104,101,224,31,60,194,17,131,262,52,139,108,24,111,85,184,91,46,43,70,9,71,42,81,106,81,114,43,142,34,89,78,66,159,35,117,60,36
"COG0222",135,106,215,113,118,211,164,210,162,148,120,210,132,130,153,137,181,209,141,151,162,139,174,179,237,182,145,241,179,219,214,166,157,159,165,242,168,229,154,128,141,189,114,219,167,126,150,169,172,175,168,135,197,261,271,213,152,212,149,137
"COG0223",535,530,481,421,469,541,413,444,486,529,470,501,494,482,468,495,440,442,393,544,382,508,578,505,625,439,499,463,686,412,556,372,547,439,440,444,401,455,504,497,478,370,410,659,490,474,682,462,503,471,477,464,502,551,597,508,503,502,495,407
"COG0224",543,440,518,351,692,431,421,537,594,491,469,434,551,396,446,549,826,586,310,614,558,525,445,659,305,593,543,510,557,486,327,363,324,513,480,595,483,586,493,478,444,460,465,594,465,745,714,525,563,359,390,477,557,585,539,590,474,585,427,377
"COG0225",121,281,220,319,131,115,212,106,159,142,154,136,131,229,274,243,62,49,290,61,165,222,172,118,114,316,173,116,97,92,180,189,261,144,206,113,176,151,287,156,273,187,232,181,176,52,60,108,109,336,116,189,212,67,392,94,255,108,148,253
"COG0226",631,550,579,473,567,482,534,510,557,502,530,449,616,601,531,585,542,509,516,683,586,350,520,657,365,847,567,413,465,423,476,542,501,572,459,618,472,798,530,522,490,540,700,574,499,474,634,571,495,464,480,467,557,501,638,585,513,531,555,474
"COG0227",157,124,97,74,83,55,93,91,66,132,99,97,120,119,79,87,52,70,84,106,46,121,89,78,69,95,69,77,103,112,54,72,74,65,91,53,93,74,104,108,126,78,60,158,103,31,94,81,101,88,55,122,80,102,98,93,115,70,66,99
"COG0228",121,103,155,72,110,165,122,146,133,157,136,166,147,87,50,102,118,129,96,119,139,160,137,136,251,121,80,168,88,188,160,124,56,120,106,164,143,183,132,135,123,146,98,169,153,102,226,157,161,108,143,150,213,167,186,147,139,131,156,128
"COG0229",95,84,197,235,83,98,108,71,99,59,109,141,56,96,164,172,23,40,245,18,80,120,124,57,60,16,57,54,44,55,157,169,139,54,97,70,140,47,111,96,182,154,128,80,163,25,49,48,63,198,86,173,103,36,296,48,123,57,100,174
"COG0230",43,85,75,81,54,43,52,33,48,20,47,75,23,40,83,46,35,30,61,17,45,84,24,36,57,24,43,64,24,54,33,59,10,46,68,42,74,54,41,42,78,73,82,29,38,49,28,68,73,105,37,76,34,35,66,64,78,30,26,90
"COG0231",355,318,304,239,246,356,335,350,280,388,247,329,411,222,299,250,291,336,220,364,260,346,304,240,465,378,310,312,433,349,410,287,348,262,342,382,280,300,354,338,303,235,251,474,301,223,253,285,288,222,319,284,357,381,555,321,309,300,334,277
"COG0232",654,463,463,366,511,548,449,536,524,595,365,511,566,597,464,439,461,589,366,663,503,406,507,556,629,830,498,574,1012,956,475,357,435,619,538,357,413,755,630,484,461,527,492,738,533,457,139,561,612,446,501,636,542,688,451,601,497,583,447,357
"COG0233",311,337,271,252,267,321,343,332,360,335,326,360,364,310,304,307,278,288,253,341,310,335,262,271,456,360,300,336,316,361,361,324,204,330,381,247,303,323,353,341,348,312,330,326,323,245,312,378,298,277,347,315,345,443,437,359,323,325,289,288
"COG0234",180,190,172,83,128,195,127,197,140,163,129,166,123,131,141,137,157,143,106,107,162,204,171,109,201,163,108,203,141,194,188,178,132,122,140,176,130,240,164,152,146,151,88,191,157,148,205,142,179,200,191,152,168,228,256,183,173,190,115,137
"COG0235",654,709,540,603,480,545,622,616,554,452,612,466,456,882,595,607,590,612,740,815,391,732,616,554,455,439,572,612,928,551,411,628,1204,622,679,606,585,256,727,507,676,611,671,534,455,772,1087,540,601,574,769,685,656,421,514,637,672,493,572,628
"COG0236",283,336,207,187,309,206,233,277,206,207,179,235,168,182,255,182,277,257,147,132,278,213,235,270,264,216,208,297,214,271,167,258,93,226,215,288,230,391,215,207,184,202,155,327,217,247,121,236,247,250,171,209,219,256,301,311,278,249,156,196
"COG0237",299,239,247,278,278,267,283,271,263,228,251,282,228,217,242,250,252,232,163,328,238,309,245,245,407,220,238,271,279,258,273,247,107,226,246,322,252,322,262,237,300,253,210,275,242,234,348,279,241,261,349,267,255,293,381,323,245,261,249,257
"COG0238",98,63,84,51,87,154,112,183,111,130,115,108,159,106,77,109,140,136,55,115,84,72,137,77,156,190,73,179,113,167,164,107,72,146,62,160,110,141,146,88,65,120,41,139,95,121,208,89,92,91,111,82,116,176,188,125,51,148,104,63
"COG0239",71,189,98,168,74,37,125,81,122,76,102,97,48,86,158,91,53,28,126,23,94,150,89,82,88,26,91,60,77,56,42,148,224,51,124,141,121,343,111,108,144,51,169,64,100,48,182,108,124,121,82,133,50,49,192,64,135,67,96,135
"COG0240",444,437,454,369,549,533,495,483,443,496,474,499,624,449,363,429,407,468,301,557,414,440,515,425,591,543,399,451,468,438,469,440,303,441,418,483,441,511,548,464,451,402,448,572,479,449,706,448,503,321,397,465,468,541,509,475,485,557,445,414
"COG0241",297,328,365,396,358,189,284,224,270,418,406,237,329,316,402,424,155,397,311,420,239,403,208,269,237,338,282,210,302,271,260,364,288,222,414,49,307,132,335,392,379,277,364,1552,319,265,93,310,225,374,179,280,278,295,151,501,398,179,446,376
"COG0242",354,327,347,269,307,446,395,477,375,348,326,436,277,306,313,270,480,352,271,246,323,339,369,398,558,400,310,464,357,378,404,366,194,371,260,609,333,478,348,343,311,348,230,494,345,363,443,290,317,296,388,299,356,544,605,387,341,417,339,298
"COG0243",114,239,530,145,290,82,333,125,506,188,365,89,475,1301,610,676,199,175,518,441,411,359,1003,102,284,120,797,161,78,211,552,496,2963,291,227,283,256,1559,64,300,413,323,375,141,153,133,165,39,53,252,334,237,257,113,535,98,244,28,263,273
"COG0244",135,245,180,118,176,339,313,196,260,210,190,274,93,278,205,157,262,164,114,65,243,197,270,224,398,133,187,318,178,220,343,214,191,265,165,331,216,397,194,141,160,143,92,206,237,259,399,189,185,178,219,178,279,224,381,219,234,256,172,118
"COG0245",364,316,291,250,347,303,332,306,323,286,283,307,348,235,269,241,322,286,212,339,299,295,301,260,253,288,281,256,383,282,268,316,146,283,245,238,265,306,350,294,286,185,272,391,253,306,255,257,313,220,300,223,340,348,288,296,329,316,285,190
"COG0246",985,404,608,638,952,650,505,834,454,1301,577,366,1501,719,537,563,1145,935,703,615,604,483,770,1044,309,1455,923,503,1304,919,391,588,1229,758,908,706,484,581,938,870,379,479,488,602,553,979,1522,545,603,627,655,620,603,818,465,640,638,681,618,593
"COG0247",428,363,632,293,278,268,480,294,519,415,597,368,427,463,322,559,262,278,278,497,396,536,446,239,399,334,315,246,424,290,347,455,544,299,392,87,557,521,341,399,574,462,461,625,612,142,511,482,397,338,334,699,316,324,316,321,469,240,607,469
"COG0248",252,450,267,367,300,308,387,378,275,385,380,252,270,497,447,414,265,291,372,450,302,349,477,159,229,175,371,312,468,300,241,348,661,500,288,466,232,840,290,214,331,303,342,205,230,499,906,301,204,422,380,199,399,394,907,205,331,323,353,265
"COG0249",1418,1234,1404,1148,1317,1539,1423,1311,1668,1442,1512,1535,1410,1253,1335,1335,1202,1757,1186,1881,1618,1338,1296,1372,1862,1106,1230,1463,1171,1305,1545,1250,460,1719,1374,945,1294,1325,1284,1386,1420,1047,1577,1491,1737,1245,663,1418,1276,1017,1235,1394,1626,1465,1138,1610,1510,1497,1420,1170
"COG0250",398,367,325,279,342,387,413,360,365,390,312,376,407,387,372,337,430,458,239,429,463,402,370,346,477,449,340,444,403,437,493,341,392,379,310,383,289,479,382,322,315,286,316,477,355,352,444,253,305,340,443,308,417,514,488,540,360,368,282,290
"COG0251",498,417,473,464,380,290,587,433,346,396,565,462,662,704,449,444,376,540,438,317,404,409,491,346,333,659,397,379,597,512,374,539,614,487,638,250,480,385,591,542,457,614,491,415,508,287,252,551,523,469,431,395,480,406,388,408,457,384,429,459
"COG0252",636,732,775,703,702,449,665,525,593,664,687,666,649,629,699,794,449,382,760,887,549,883,437,631,511,451,609,496,670,503,508,682,632,536,856,488,701,726,625,711,932,772,751,402,725,474,644,693,635,740,758,999,593,410,504,575,853,471,830,844
"COG0253",464,400,372,353,356,393,340,399,438,409,415,416,431,346,371,432,498,462,311,486,310,453,406,431,460,344,474,330,495,436,372,356,325,403,365,404,385,451,426,373,363,314,401,510,344,569,474,399,430,358,469,362,467,426,525,338,348,369,409,297
"COG0254",94,116,101,81,72,118,98,107,79,90,70,116,28,89,79,98,94,131,79,54,104,151,93,44,194,62,48,133,47,115,105,114,98,87,64,103,112,178,76,68,89,105,66,106,92,88,69,105,99,91,98,112,106,86,191,106,115,106,96,129
"COG0255",31,23,66,32,102,102,60,77,53,25,50,64,22,51,42,41,97,74,39,20,48,30,89,65,111,39,43,120,47,91,144,73,72,61,47,141,47,132,59,33,34,63,27,67,33,95,128,58,62,32,89,64,93,97,143,62,48,78,44,24
"COG0256",270,200,244,147,183,286,223,255,206,299,239,246,330,225,169,248,291,251,122,260,201,247,223,224,332,349,212,277,269,267,287,213,157,257,212,238,213,261,256,216,206,172,157,248,208,269,347,179,187,175,303,191,239,348,331,304,225,226,185,181
"COG0257",9,12,10,3,16,12,27,17,11,8,11,8,1,11,3,10,17,16,4,2,8,8,17,30,7,8,24,18,17,16,15,10,15,23,9,26,9,20,12,9,4,30,0,13,6,31,39,15,13,4,13,11,16,20,20,7,8,16,13,10
"COG0258",1166,708,1001,810,1017,1063,991,975,983,1063,1043,963,1240,933,651,985,1067,1253,676,1350,864,856,911,853,1312,1242,920,1288,1073,1193,1063,769,800,1076,843,1194,937,961,1224,1071,836,856,933,1561,1080,762,891,1009,1070,673,926,1039,1265,916,899,1010,854,997,1043,839
"COG0259",21,93,93,117,46,23,50,31,58,13,64,79,27,68,102,88,5,9,107,8,74,148,104,47,54,5,67,51,12,22,31,152,79,16,103,8,132,11,58,73,96,163,93,83,68,15,2,123,112,76,62,120,26,9,43,51,57,25,78,216
"COG0260",22,28,81,24,55,20,86,35,29,15,53,39,80,162,61,115,45,45,142,42,36,34,104,34,26,14,87,21,17,55,108,102,341,21,44,51,52,92,20,16,73,40,73,153,50,48,23,14,15,27,105,37,71,11,59,20,61,17,87,39
"COG0261",186,221,183,124,186,257,222,217,146,254,182,209,238,191,180,178,189,142,129,188,171,187,179,181,290,209,156,221,221,262,226,176,135,200,187,194,172,213,243,172,174,135,134,243,195,186,204,119,196,192,250,135,244,257,270,213,166,220,148,121
"COG0262",340,344,317,258,213,231,280,351,253,295,235,305,183,306,274,281,331,285,215,390,189,388,240,273,239,184,230,270,306,270,292,368,556,284,273,303,261,389,227,259,303,293,294,303,319,262,239,260,309,292,230,324,280,290,642,315,352,289,253,261
"COG0263",211,359,374,363,349,422,416,376,512,339,440,364,286,358,451,436,324,258,348,124,430,466,355,491,288,176,425,350,246,294,283,349,179,427,357,365,367,432,315,326,371,369,479,271,450,376,549,381,429,373,434,378,396,320,342,252,421,457,434,328
"COG0264",506,486,435,405,411,592,503,490,523,542,487,559,457,468,479,473,381,432,361,687,464,483,452,536,604,320,493,543,396,521,567,446,255,574,508,433,436,471,497,418,440,444,457,455,525,447,381,476,448,480,479,444,481,544,524,609,522,544,500,400
"COG0265",801,490,930,519,816,1055,932,710,767,475,689,833,600,544,542,738,1023,629,482,1007,778,739,1109,892,1054,636,611,908,737,735,1193,778,892,890,505,998,817,1007,773,766,695,771,464,834,782,970,778,633,762,607,859,803,872,888,878,631,654,833,901,780
"COG0266",28,89,103,99,55,41,46,106,58,35,76,81,59,143,94,97,50,47,81,67,75,76,118,17,197,36,90,61,73,72,144,169,316,28,82,102,135,195,37,92,85,107,55,114,68,40,193,43,48,50,106,73,41,61,220,49,80,32,80,135
"COG0267",83,64,62,92,37,54,70,92,47,92,57,56,74,58,76,56,44,65,78,60,41,66,35,44,71,61,26,63,69,67,57,62,36,62,70,41,55,52,59,66,77,78,71,89,67,36,31,45,38,97,46,62,46,90,74,68,76,58,48,83
"COG0268",35,40,69,24,73,116,67,89,49,24,55,80,27,45,41,42,112,68,35,18,57,36,88,63,140,52,33,113,50,115,129,38,98,76,31,136,62,168,44,32,20,57,14,106,36,95,144,50,82,41,108,31,66,98,152,60,32,80,32,26
"COG0269",1,5,14,8,8,24,10,20,2,1,1,8,11,89,18,21,6,1,17,18,6,4,66,9,12,5,21,1,0,2,54,11,186,3,10,57,7,6,1,13,10,10,9,13,1,3,29,3,1,6,9,5,11,6,36,3,10,2,12,10
"COG0270",1049,543,558,346,584,862,909,1763,659,1268,923,978,1032,753,803,840,611,1471,302,1908,1024,957,988,1034,786,1150,1054,1258,1658,1288,1038,1057,484,674,1714,1003,1010,1725,897,804,490,724,603,1656,840,1112,529,1057,1109,447,1107,1114,988,3089,811,1224,1449,1277,1053,1066
"COG0271",2,1,2,4,0,0,2,0,1,0,0,0,6,13,8,6,1,0,8,2,0,0,18,1,1,0,11,0,0,0,5,7,81,1,0,10,0,10,1,2,4,9,7,1,0,0,1,1,0,7,3,1,6,0,26,2,10,1,1,13
"COG0272",833,660,759,623,858,951,828,936,793,860,766,1087,814,667,556,801,786,770,521,921,811,771,928,686,1217,993,640,980,730,1002,1200,717,836,761,732,967,854,842,837,782,739,699,551,1439,803,734,957,890,1032,670,965,778,1099,1023,852,870,757,1047,889,876
"COG0274",484,324,334,341,394,334,345,399,312,568,344,351,584,438,364,337,354,467,458,578,285,441,238,335,290,514,348,305,518,425,366,382,312,255,391,426,291,304,373,393,338,379,357,370,402,237,558,348,352,385,362,328,402,418,477,443,466,363,399,388
"COG0275",551,452,452,326,519,590,425,529,565,561,478,532,603,416,432,566,643,573,392,548,486,477,452,588,713,625,509,590,518,563,523,432,292,542,432,657,454,585,582,534,428,539,510,599,507,636,537,573,530,384,518,515,562,679,626,566,439,563,525,356
"COG0276",2,8,29,2,7,0,6,11,14,7,4,0,24,32,26,17,21,19,18,21,11,13,21,5,11,5,27,7,3,7,19,25,116,24,10,15,13,89,3,17,14,20,9,8,5,2,2,0,1,16,10,3,13,4,100,2,13,2,8,13
"COG0277",174,247,537,232,278,173,287,191,354,132,369,238,212,460,248,439,123,76,242,185,277,357,440,184,336,66,320,253,157,274,417,351,780,153,322,246,479,622,221,216,353,345,357,432,349,154,497,341,322,220,952,503,246,150,424,137,284,189,543,356
"COG0278",4,1,6,3,0,0,2,0,0,1,0,0,7,17,7,7,0,2,7,5,0,1,18,0,0,2,13,0,1,0,2,3,63,2,1,8,0,4,0,0,2,8,7,3,0,0,1,0,1,2,6,2,2,0,12,0,5,0,3,3
"COG0279",67,64,104,224,170,43,80,64,109,39,70,62,57,129,151,140,59,309,192,36,39,79,105,61,64,121,95,78,24,128,125,102,342,45,114,38,157,97,70,119,71,71,109,533,55,116,68,39,14,181,109,52,135,84,122,107,154,45,155,68
"COG0280",1299,1496,1249,1209,1002,1002,1205,869,1241,1297,1342,1246,1428,1220,1463,1335,652,946,964,1778,883,1581,1001,1040,1186,820,1429,895,1193,922,838,1136,736,1117,1721,589,1038,371,1088,1225,1712,1097,1655,976,1309,794,419,1356,1159,1135,773,1416,903,1070,668,1070,1534,938,1295,1334
"COG0281",754,922,819,689,814,680,661,549,811,749,800,690,728,702,871,853,637,635,581,1066,624,916,666,699,726,473,873,550,721,520,488,670,602,698,915,378,633,459,647,700,986,598,985,685,822,550,199,797,747,711,590,903,721,662,462,736,885,620,872,660
"COG0282",498,265,530,305,559,776,539,580,473,663,591,591,748,570,345,387,533,587,376,522,506,395,512,478,926,689,399,680,416,611,810,468,361,593,455,796,487,657,604,567,381,544,305,627,527,434,315,472,532,313,654,431,560,768,1041,613,495,712,587,349
"COG0283",317,164,243,170,239,337,301,262,242,313,254,272,348,239,157,254,295,333,200,387,232,206,238,226,346,273,190,237,246,294,456,223,154,373,251,393,275,284,391,330,222,286,203,419,326,296,499,333,355,220,289,279,347,402,451,344,265,325,384,219
"COG0284",361,439,383,329,449,388,430,384,400,417,425,374,405,313,450,454,451,401,293,508,429,424,358,459,416,418,414,314,393,334,311,346,162,426,389,512,326,376,433,379,436,336,366,396,414,475,517,389,393,369,415,423,447,431,420,485,435,426,450,336
"COG0285",615,519,632,356,610,606,557,658,625,631,578,572,584,504,450,545,830,645,345,664,578,528,653,682,418,666,622,693,505,758,543,403,381,683,391,763,512,691,607,580,452,449,355,648,651,580,638,598,596,521,618,551,656,757,630,626,545,698,560,396
"COG0286",2087,838,1330,1098,1360,1084,1650,1537,1274,1780,1388,1343,609,1469,1604,1287,1273,2962,1237,2179,1280,786,1471,1350,813,1719,933,1526,1012,1232,1729,1033,475,2019,963,1092,1083,996,2109,1435,1026,671,633,1927,1413,825,1213,880,1740,1188,1594,916,1306,1396,749,956,1937,1311,1080,909
"COG0287",94,179,262,164,403,300,203,333,334,94,214,266,74,181,166,178,375,204,224,63,302,204,359,291,211,186,254,318,158,314,326,240,228,265,183,341,285,442,280,218,149,279,150,274,187,308,562,297,346,163,363,256,371,240,246,216,165,340,243,194
"COG0288",160,98,147,151,62,50,160,116,96,253,94,61,187,134,91,132,50,156,121,40,87,109,92,85,54,183,118,57,73,119,89,177,225,60,151,138,139,227,148,145,129,153,122,119,133,89,225,79,123,161,85,118,88,134,237,68,132,70,114,151
"COG0289",418,494,419,284,394,341,404,364,424,480,388,461,468,378,449,369,395,383,308,493,460,515,377,428,278,397,424,343,393,341,381,381,150,420,489,378,377,457,444,371,396,352,421,375,436,395,419,433,410,369,393,414,424,427,439,401,486,376,373,352
"COG0290",301,264,269,235,201,374,275,322,253,338,279,361,356,250,199,276,320,333,167,373,289,245,283,253,422,415,199,341,303,371,399,271,143,274,240,286,269,334,360,308,207,219,191,367,305,271,324,302,308,253,302,275,363,381,369,364,250,289,254,228
"COG0291",58,114,105,91,70,96,107,105,77,82,81,118,62,78,88,112,110,59,82,66,70,99,93,80,88,66,81,149,63,116,75,123,40,82,94,78,112,109,100,66,107,98,65,104,80,79,74,87,84,131,114,80,114,93,130,104,90,96,82,101
"COG0292",185,147,189,124,156,272,189,244,158,209,188,206,188,169,159,169,216,154,118,112,175,148,185,190,278,237,157,248,199,231,230,153,154,225,164,194,168,223,195,187,160,158,101,269,185,165,184,138,174,203,233,185,222,281,274,177,179,210,177,135
"COG0293",5,4,16,4,11,2,20,3,17,9,13,0,12,45,23,23,5,10,4,5,10,7,19,1,8,3,9,4,1,11,16,16,92,14,3,19,16,58,1,17,21,12,8,71,15,0,1,0,1,16,12,7,12,8,14,7,6,3,13,7
"COG0294",376,343,278,415,223,193,343,240,238,379,341,270,401,343,300,368,222,374,286,471,259,368,246,201,188,321,250,222,324,294,241,251,266,296,282,195,246,139,258,319,393,171,281,408,363,159,293,353,224,242,300,337,298,296,298,263,353,282,326,301
"COG0295",240,171,188,196,235,305,231,208,223,274,183,232,266,205,202,180,230,192,164,270,197,172,256,194,327,254,187,216,254,237,196,208,211,220,182,207,193,161,215,200,182,214,178,207,228,193,113,205,227,195,233,179,228,365,167,251,190,229,211,153
"COG0296",599,1008,1085,985,1121,1318,1034,1260,1240,1214,1130,1201,743,822,1116,968,1508,1040,723,909,1157,946,993,1418,795,1003,1215,1208,611,1156,744,864,594,1417,1067,1217,1104,1238,991,1016,938,1037,1182,726,1188,1301,1388,1016,1297,1066,1029,886,1073,1298,416,1073,1125,1441,902,705
"COG0297",539,492,494,398,613,710,495,604,603,508,564,517,459,435,455,487,689,529,327,415,535,487,521,691,344,604,483,689,494,622,396,346,311,488,382,430,428,336,474,398,391,444,296,522,392,621,442,469,529,364,548,421,558,492,196,460,448,545,404,346
"COG0298",7,18,18,15,12,5,11,42,9,15,7,9,19,20,18,34,21,14,13,19,23,16,38,6,5,10,28,8,49,10,36,17,107,9,16,32,8,27,20,15,15,26,10,3,5,39,106,7,4,19,22,9,15,11,72,2,18,7,20,21
"COG0299",244,404,313,252,344,297,193,239,327,231,271,344,135,205,319,274,285,174,196,67,290,348,231,313,239,124,339,299,201,278,222,268,175,224,269,278,292,503,216,242,317,330,296,118,321,307,232,271,362,292,358,303,305,212,298,203,354,294,233,230
"COG0300",304,229,275,332,348,388,354,377,385,269,291,399,275,334,360,322,251,263,406,435,340,305,278,377,515,336,399,264,222,265,343,340,133,376,335,323,303,367,314,317,329,369,403,277,359,452,244,328,266,401,236,221,378,367,341,335,341,316,325,244
"COG0301",105,76,213,53,334,376,142,282,279,52,157,274,40,183,83,109,407,241,85,53,234,134,256,371,339,155,274,357,97,316,374,119,294,274,119,445,180,455,173,163,45,213,68,263,129,385,177,231,296,96,371,171,293,332,297,221,139,327,152,82
"COG0302",371,285,234,242,158,209,260,240,189,339,321,261,358,215,281,269,243,263,203,356,279,241,209,223,198,292,234,238,303,278,152,305,133,265,276,179,327,333,272,257,302,236,279,349,260,137,135,279,266,364,253,238,334,326,305,395,275,240,241,246
"COG0303",102,168,202,66,379,148,152,184,219,87,165,83,132,202,116,238,411,165,184,58,149,161,155,368,124,157,205,163,186,229,220,159,334,151,108,353,186,444,120,154,122,193,163,75,126,373,582,98,131,93,195,169,165,122,297,93,134,171,94,55
"COG0304",868,998,762,943,729,746,699,738,969,920,843,751,1238,713,1168,990,600,713,983,849,1179,799,781,811,756,856,994,610,941,584,625,813,443,760,741,995,840,1165,873,831,957,998,1280,1102,920,741,1520,747,541,805,642,794,717,803,821,1132,815,898,1151,884
"COG0305",854,736,1035,850,996,1000,790,921,921,826,930,1005,929,745,791,860,842,715,759,1011,761,1092,648,1098,1163,859,782,1184,775,792,1566,817,439,891,1027,1076,871,716,895,888,930,689,1042,866,833,789,1272,868,874,624,998,1136,877,914,778,965,790,772,1403,773
"COG0306",53,302,68,223,80,87,165,123,98,110,136,88,163,229,248,229,31,34,251,68,128,130,130,120,209,67,260,61,244,68,120,183,577,90,114,81,123,65,99,108,217,118,328,35,127,172,514,111,46,226,162,126,112,42,287,78,175,41,100,199
"COG0307",225,253,272,243,220,143,276,202,240,396,268,209,358,269,295,291,201,237,215,311,228,285,202,221,146,287,202,113,235,216,116,248,159,202,250,159,225,185,256,253,261,241,246,256,301,245,227,233,220,240,193,216,176,292,213,271,272,238,221,195
"COG0308",164,124,202,119,79,50,146,66,193,126,47,86,89,113,152,175,57,72,86,78,172,150,171,134,74,28,180,49,55,76,201,237,309,90,86,582,80,558,33,168,251,149,229,272,177,45,422,38,62,200,81,110,139,34,668,76,116,80,153,72
"COG0309",70,143,156,60,93,122,80,172,159,87,119,123,60,118,95,164,303,157,22,44,180,80,182,213,91,114,137,161,167,120,161,84,231,156,37,304,129,352,128,106,70,137,57,79,79,361,420,141,109,87,114,89,115,177,232,117,30,169,89,56
"COG0310",24,49,44,39,63,29,39,44,12,34,37,22,20,62,28,43,66,29,55,22,28,41,71,27,27,18,15,33,81,34,105,25,27,35,26,62,44,217,47,38,34,38,39,17,29,165,194,63,33,22,53,29,44,24,84,31,9,96,24,10
"COG0311",165,69,86,28,44,67,43,174,55,114,49,68,146,46,24,123,138,160,54,192,101,56,47,77,46,186,26,75,164,61,30,30,25,68,13,137,45,227,101,68,29,64,23,174,49,179,317,50,41,44,43,28,79,191,86,159,15,74,81,21
"COG0312",189,229,429,116,211,125,153,153,271,85,377,313,122,256,139,325,96,150,70,65,162,384,338,161,184,33,227,268,86,136,458,367,321,223,424,228,496,134,267,229,426,327,106,397,280,137,2,373,348,102,249,427,198,85,273,120,278,217,365,434
"COG0313",532,563,625,478,530,512,533,486,517,519,457,604,569,499,475,586,531,446,444,485,567,641,420,536,571,456,462,560,525,484,445,506,301,592,549,596,531,553,522,508,544,468,548,494,556,442,539,579,549,527,478,556,550,482,559,497,627,491,543,543
"COG0314",1,5,12,1,3,0,6,2,10,7,5,0,17,29,18,11,2,5,8,11,11,6,26,1,9,1,23,5,1,5,17,17,86,10,10,7,12,43,1,3,11,7,4,4,0,0,0,0,1,9,8,7,11,1,13,0,9,0,5,6
"COG0315",69,51,63,24,150,68,51,70,82,40,74,37,52,86,47,85,198,74,69,39,58,66,75,131,34,73,106,46,81,73,106,59,159,63,39,169,62,119,60,47,27,72,41,21,39,204,251,51,57,33,90,61,64,41,143,41,62,54,32,25
"COG0316",5,16,36,9,12,2,13,1,16,13,6,0,30,129,54,29,11,17,31,29,18,9,90,3,10,2,68,6,8,5,49,30,290,17,11,28,7,92,7,19,19,24,18,124,2,4,3,1,1,25,29,10,16,6,39,6,36,0,12,13
"COG0317",1301,1102,1218,1092,1268,1506,1358,1433,1503,1849,1262,1528,1904,1161,1194,1289,1266,1478,938,2098,1265,1359,1083,1209,1423,1690,1197,1216,1403,1360,1513,1316,816,1098,1387,1167,1238,1202,1417,1636,1334,1238,1204,1678,1605,1280,1203,1416,1420,951,1355,1448,1445,1778,1028,1574,1249,1409,1678,1231
"COG0318",805,947,986,908,894,792,930,685,1097,727,859,963,867,1022,1096,941,539,523,888,719,1138,1048,968,851,1607,471,1208,809,804,1013,1264,1055,1237,869,1246,504,888,551,992,905,1065,946,1097,879,967,662,285,1040,1036,1096,858,993,1152,1111,639,624,1049,999,900,974
"COG0319",250,253,235,181,281,303,304,334,271,323,246,307,314,209,250,254,263,222,189,363,236,308,230,268,388,248,251,333,241,293,319,251,148,236,246,289,221,355,293,244,248,256,188,286,246,245,296,263,263,186,272,306,295,365,355,340,289,302,284,241
"COG0320",141,327,172,227,136,86,245,79,150,183,180,184,135,197,249,165,26,29,155,73,153,278,160,121,143,27,216,106,94,81,129,215,191,212,253,28,206,126,164,182,349,107,318,25,269,72,9,213,186,281,125,276,204,65,105,82,352,114,208,292
"COG0321",105,176,152,203,91,72,202,75,153,146,162,129,120,199,184,154,20,11,135,51,118,198,130,99,93,15,126,83,66,64,76,193,138,156,187,21,178,84,116,148,226,117,229,33,202,55,12,127,144,145,72,183,119,37,61,44,245,88,167,208
"COG0322",1057,592,829,640,716,905,746,820,750,922,795,838,754,649,546,746,921,1049,611,1003,773,638,799,741,1079,951,636,908,788,824,916,685,437,930,686,887,746,813,817,743,646,684,537,970,805,713,832,850,798,459,858,744,1011,933,768,889,655,824,863,712
"COG0323",892,766,739,588,654,794,655,663,742,594,690,879,746,582,675,865,598,713,583,959,648,735,622,730,1106,480,680,772,933,739,786,575,462,682,644,644,690,822,550,689,721,535,651,639,756,565,408,646,654,592,669,715,778,752,490,809,669,647,702,620
"COG0324",623,658,670,719,539,571,673,563,642,843,549,671,775,564,619,598,450,513,502,969,526,764,474,470,729,643,512,573,570,646,534,617,288,604,724,385,605,527,781,745,737,648,602,677,636,404,381,705,655,583,532,684,567,727,611,721,735,583,643,779
"COG0325",315,303,250,231,301,253,296,279,272,252,268,279,280,245,224,273,271,230,186,343,282,247,297,285,210,311,283,235,296,308,314,341,215,365,279,328,279,287,377,358,288,325,239,491,343,311,376,357,403,313,384,312,392,392,301,359,342,372,339,301
"COG0326",792,913,746,1221,845,905,826,933,937,1017,836,860,1023,688,909,786,887,688,854,1016,998,727,821,875,1306,1076,929,879,728,1099,701,834,526,915,745,628,816,1176,893,921,800,993,953,989,850,1095,549,967,1007,1110,897,767,884,971,337,1055,882,967,925,854
"COG0327",315,234,303,277,320,254,359,258,246,303,284,252,299,214,251,258,220,215,223,340,222,298,193,200,213,275,177,240,343,222,292,255,131,174,224,330,306,277,322,317,283,305,227,368,349,204,490,276,293,276,351,329,341,289,350,253,304,273,335,278
"COG0328",42,23,67,15,154,134,121,209,127,78,54,156,23,68,43,45,67,137,35,16,60,55,115,66,183,57,86,169,17,145,213,63,190,73,39,128,125,210,72,60,99,60,40,601,60,42,185,67,71,44,150,72,234,217,216,30,99,80,72,84
"COG0329",797,845,699,954,982,778,861,827,847,701,785,822,708,860,976,843,690,607,1079,731,739,768,744,900,780,657,827,607,824,726,813,992,1023,626,919,807,685,620,948,707,841,790,873,666,701,668,1034,876,844,1041,739,696,719,707,975,738,707,744,830,705
"COG0330",588,364,455,291,718,833,488,654,597,404,600,535,488,438,549,481,563,642,510,855,556,416,637,526,685,413,593,743,623,696,784,536,946,632,403,625,523,551,541,452,387,468,436,917,483,445,392,402,420,426,624,455,624,637,545,724,454,762,515,348
"COG0331",432,395,462,285,419,436,473,420,361,403,413,469,522,412,452,490,397,419,327,559,421,414,396,473,432,417,389,350,450,417,268,314,359,480,412,967,366,433,472,447,447,367,413,453,406,488,1445,390,380,386,347,425,430,484,640,489,395,399,480,413
"COG0332",488,469,748,909,353,396,516,587,432,664,561,479,695,404,547,601,357,400,464,517,605,498,342,568,645,564,449,493,547,467,348,901,321,575,863,354,834,691,667,787,609,796,652,880,841,556,399,578,730,895,545,756,512,590,559,680,643,580,500,751
"COG0333",54,61,57,68,31,82,69,78,46,78,73,61,54,77,52,66,58,56,78,55,36,82,41,39,120,57,52,65,51,63,81,62,31,79,36,37,77,50,75,53,75,49,45,63,59,55,8,63,71,59,80,68,58,110,47,43,63,54,47,57
"COG0334",848,1081,940,911,863,893,987,833,1022,1014,999,963,954,789,994,978,656,544,715,1040,821,1001,773,793,688,804,904,687,813,785,672,907,510,814,1048,588,835,625,941,961,1018,826,1018,728,1038,673,583,947,887,904,955,996,890,861,578,918,1038,962,952,914
"COG0335",162,217,164,132,180,252,224,238,160,241,211,210,242,164,153,170,262,287,136,239,206,197,173,141,297,264,153,250,152,291,200,177,76,219,165,158,188,250,217,213,184,135,129,265,189,162,178,186,185,183,224,212,208,291,244,279,204,216,150,148
"COG0336",395,302,345,250,383,359,317,393,309,361,324,380,360,272,235,288,345,372,212,369,336,276,345,346,450,428,262,369,430,370,408,279,221,358,248,379,288,442,427,323,249,296,187,415,314,364,422,317,377,289,406,288,440,497,416,400,325,376,321,238
"COG0337",434,332,411,356,443,513,551,477,412,584,431,453,377,402,337,416,424,428,381,453,353,376,491,474,319,492,366,432,451,456,317,382,289,492,467,485,357,473,553,443,333,366,357,617,408,452,592,449,452,351,575,392,614,495,380,471,395,516,548,339
"COG0338",261,726,228,67,457,252,341,293,213,333,184,356,105,426,61,88,349,223,224,130,320,360,357,211,258,86,189,478,146,272,507,186,436,370,128,131,221,178,238,317,221,259,330,399,110,209,265,210,146,493,364,260,296,265,187,439,153,272,252,155
"COG0339",1202,1197,954,964,560,500,1066,678,849,1560,1006,851,1658,1101,1018,1124,380,736,749,1680,821,1224,715,564,733,1281,750,558,1285,754,518,976,509,855,1137,105,867,205,1188,1276,1309,802,1159,1306,1234,244,32,1117,872,1011,569,1234,826,741,315,919,1217,689,1193,1229
"COG0340",411,374,446,353,574,571,377,431,427,451,370,457,418,362,365,386,595,465,266,488,466,435,447,560,422,509,354,452,490,481,337,354,200,502,316,568,384,666,496,412,417,407,311,523,427,407,514,454,450,410,544,436,505,512,450,465,461,439,438,371
"COG0341",142,158,184,382,584,474,308,316,350,117,268,235,129,207,227,252,410,195,375,61,334,139,439,439,505,264,393,478,182,350,281,318,335,327,281,427,261,242,308,342,186,366,258,255,286,505,386,340,240,236,245,303,301,276,290,303,301,399,285,298
"COG0342",1084,611,661,691,804,800,630,872,804,994,909,715,1363,721,599,771,836,855,512,1557,959,598,898,820,898,1173,786,731,1171,906,566,921,526,885,843,554,692,664,975,859,770,646,586,1294,907,853,552,1002,867,440,581,766,818,1100,503,1178,666,954,934,792
"COG0343",436,382,448,361,485,622,564,561,481,517,598,533,586,421,366,470,489,517,321,687,455,386,467,458,708,595,431,548,537,501,744,461,261,613,470,498,441,541,564,541,428,502,389,546,516,426,682,459,503,316,503,522,574,642,376,547,476,541,596,392
"COG0344",108,107,152,62,257,350,140,247,193,61,170,271,42,115,84,130,239,187,107,35,172,104,292,239,251,149,217,355,97,243,348,119,231,235,86,341,163,330,180,128,57,169,63,125,106,276,217,151,208,83,274,122,264,223,487,182,121,262,139,75
"COG0345",420,475,345,471,402,336,363,344,389,404,399,384,403,360,477,384,399,311,434,287,377,456,396,387,295,388,416,323,394,312,295,421,352,382,388,354,352,410,397,393,476,446,505,305,353,348,318,361,376,382,437,504,414,379,370,386,409,338,371,431
"COG0346",413,749,525,740,380,346,509,481,443,393,431,490,269,703,729,537,313,181,698,196,443,776,396,447,582,222,466,368,425,392,360,603,473,353,576,360,515,502,373,349,768,549,637,239,484,328,471,480,483,792,469,531,397,283,474,384,700,374,419,698
"COG0347",274,281,390,199,557,544,329,510,480,330,298,287,287,273,263,239,664,434,169,246,472,297,358,431,249,451,397,511,422,448,281,206,201,548,336,464,297,367,420,348,240,448,225,515,250,636,372,448,393,291,213,352,416,504,159,375,312,522,285,174
"COG0348",274,272,512,437,444,497,514,503,423,456,473,452,229,328,335,490,461,227,419,138,437,385,469,421,367,192,442,415,131,405,487,451,425,432,506,539,590,351,455,528,472,678,295,249,457,341,123,541,481,386,301,557,431,353,500,278,378,586,601,470
"COG0349",2,5,12,2,6,3,59,2,5,1,2,11,5,42,10,6,4,9,6,18,3,8,90,3,4,10,31,0,1,7,19,9,138,4,1,64,24,9,30,5,0,17,11,59,3,5,100,1,1,7,73,6,14,3,127,1,8,8,33,7
"COG0350",167,290,239,352,295,253,282,261,246,223,268,290,175,294,321,257,254,300,301,316,249,308,264,293,259,400,298,243,195,224,332,264,285,258,267,353,284,183,314,268,312,256,390,256,237,218,208,285,239,243,236,266,312,297,418,340,288,277,269,285
"COG0351",591,461,368,233,391,309,457,495,368,684,471,398,843,390,355,437,557,744,264,647,380,503,296,414,280,762,367,328,720,442,254,402,197,433,397,485,369,321,580,520,412,359,347,693,403,435,714,375,408,249,391,476,417,604,398,467,431,389,444,336
"COG0352",316,235,352,190,331,267,301,335,319,359,328,289,310,262,260,386,499,326,216,420,331,321,309,465,226,424,229,286,318,277,200,250,155,338,251,550,318,254,334,285,245,396,229,357,358,503,879,326,294,203,351,282,382,380,223,363,259,373,315,216
"COG0353",308,264,323,203,335,412,330,299,400,398,374,390,362,310,273,313,368,348,257,408,304,380,320,359,428,398,323,338,330,373,375,333,220,374,313,411,307,297,355,369,300,349,296,327,297,358,432,307,340,207,405,322,414,481,391,318,310,335,306,228
"COG0354",5,7,14,6,8,0,9,2,9,7,4,0,13,48,26,16,5,6,8,8,10,0,37,4,2,1,31,1,2,10,31,30,125,9,7,13,9,63,0,12,16,11,10,1,2,1,1,1,0,9,13,0,13,4,16,3,15,0,12,19
"COG0355",100,123,166,61,265,151,116,139,159,139,138,120,71,98,91,196,232,145,87,140,170,147,158,195,96,90,133,152,142,157,96,140,121,128,124,168,136,155,108,132,108,143,69,169,146,222,241,142,141,81,111,166,128,153,262,170,153,134,144,105
"COG0356",555,495,449,379,571,437,415,521,510,465,410,402,584,447,508,470,684,519,297,521,542,393,446,659,307,559,498,524,597,522,372,449,314,590,430,588,406,711,505,458,460,442,383,585,441,687,664,480,517,443,395,443,494,494,482,630,548,666,430,360
"COG0357",361,246,308,236,379,368,364,367,331,297,292,348,243,290,248,252,461,333,233,489,301,302,269,307,465,328,254,363,348,405,396,272,275,351,250,577,345,508,309,290,233,325,189,469,338,305,446,351,341,231,414,299,367,428,429,428,255,330,304,238
"COG0358",1685,1016,990,1019,2138,1682,1260,1352,1314,1376,1112,1433,1265,932,705,1001,1229,1512,851,1143,1509,1182,1363,1297,1581,1448,1231,1370,1350,1751,1693,954,882,1334,1270,1311,1180,988,1321,1159,1416,789,1209,1639,1324,1311,1168,1404,1231,644,1334,1083,1674,1671,1174,1148,1386,1576,1045,1329
"COG0359",237,292,219,241,256,312,282,316,292,312,214,280,350,247,277,245,274,227,213,220,289,226,242,245,314,229,221,278,293,313,324,247,199,290,224,303,265,341,276,232,217,205,181,286,246,278,385,262,242,288,282,189,310,374,342,289,250,296,246,185
"COG0360",176,168,127,125,146,205,144,186,175,164,138,156,157,137,103,117,165,153,94,95,119,118,163,154,235,197,117,177,202,192,253,151,155,196,169,217,174,188,191,191,152,174,114,280,133,206,315,150,201,159,220,125,214,249,279,169,183,196,126,128
"COG0361",183,195,110,104,139,161,187,177,131,156,129,162,166,117,151,128,148,168,84,160,114,137,133,148,181,181,124,210,192,191,154,121,85,145,154,195,137,188,206,134,116,116,89,184,109,131,145,148,138,124,139,102,148,212,205,208,169,181,120,116
"COG0362",129,405,250,331,146,63,188,150,205,185,199,235,202,190,382,303,27,24,328,36,220,304,168,203,186,48,310,118,257,86,145,208,206,77,295,292,248,265,152,249,400,245,399,19,259,170,612,249,201,341,189,252,110,57,442,94,280,121,255,294
"COG0363",1082,893,885,1100,737,720,913,757,789,1244,932,747,1291,821,987,934,635,1251,878,511,741,1108,552,797,527,1039,840,623,1210,703,609,1046,667,652,1199,615,886,546,1239,1090,1125,1018,1004,936,988,552,575,999,926,957,653,1102,699,789,783,537,1079,537,1165,1111
"COG0364",143,366,326,346,199,71,175,137,280,161,268,274,160,199,321,278,38,26,301,38,249,410,171,203,173,43,317,134,192,86,145,268,318,99,372,235,271,247,180,287,411,342,417,24,265,134,390,309,287,340,163,389,143,31,459,99,306,112,267,388
"COG0365",371,407,478,467,284,385,411,352,487,473,527,448,652,435,363,465,167,404,288,705,377,575,302,362,186,517,399,267,350,274,366,538,510,363,526,46,366,162,500,528,435,413,488,419,543,92,35,476,354,380,272,544,363,430,114,421,480,374,485,564
"COG0366",3065,1813,2228,1313,2290,3304,2305,3209,2241,2769,2039,2242,5283,1823,1332,2437,3699,4593,1307,4473,2060,1927,2615,2461,1526,7356,1915,3155,2499,3552,2326,1811,2603,2498,1910,5387,1826,3505,4170,3081,1716,2614,1162,3573,2209,3653,4911,2462,2467,1231,2205,2242,2196,3106,3359,3604,1799,3471,2626,1988
"COG0367",551,364,671,331,608,824,514,541,600,533,1027,662,512,459,601,562,711,644,361,771,770,548,520,763,1402,692,772,908,473,628,1035,628,499,652,593,807,558,975,576,534,464,631,527,629,486,853,283,659,704,422,705,585,595,651,639,608,497,676,670,400
"COG0368",144,150,199,83,234,191,115,150,147,88,154,153,76,130,139,171,185,83,96,41,156,157,222,186,108,85,188,187,144,147,160,133,157,148,121,169,151,101,116,149,114,102,131,92,141,279,229,160,170,105,122,125,182,97,213,96,132,161,109,113
"COG0369",3,6,18,4,5,2,10,0,8,2,2,15,13,89,12,7,1,7,8,17,0,0,105,4,0,2,38,0,1,0,20,12,137,2,9,13,0,2,33,4,6,16,3,10,2,1,1,1,3,8,27,6,25,5,15,0,15,0,13,13
"COG0370",915,797,1364,810,1773,1892,1254,1493,1571,1049,1454,1420,904,1069,1226,1024,1716,1207,883,1634,1211,1063,1369,1273,1149,1312,1067,1557,1179,1447,1565,1008,1053,1548,1031,1149,1129,1351,1314,1120,879,1077,743,1518,1230,1726,1344,1247,1433,617,2010,1341,1717,1449,684,1390,1168,1671,1414,891
"COG0371",113,114,172,192,239,262,158,295,206,125,188,170,95,249,163,198,512,207,464,81,184,198,303,169,196,164,145,428,232,267,293,151,464,180,87,403,154,317,170,227,161,235,136,144,138,559,860,169,219,302,359,135,282,180,263,178,94,250,209,87
"COG0372",536,666,747,471,659,789,584,803,774,770,572,701,624,638,581,566,995,684,433,480,838,574,622,751,451,759,688,736,653,689,544,547,497,734,691,789,588,941,723,581,545,666,591,758,582,929,810,735,763,635,820,642,718,889,387,655,627,729,574,531
"COG0373",45,77,143,37,82,40,50,124,78,74,109,53,54,96,79,80,92,68,96,50,175,67,127,65,49,355,60,94,99,65,108,107,163,82,41,120,82,276,96,59,65,139,41,71,40,172,388,51,78,103,109,43,118,64,121,84,42,102,108,34
"COG0374",18,118,72,78,48,16,70,111,57,74,77,36,110,34,114,212,16,37,54,62,79,35,155,13,29,36,102,38,234,35,145,115,441,40,62,12,47,218,125,55,97,73,98,10,39,141,702,13,7,54,75,52,60,31,247,16,63,23,104,70
"COG0375",30,48,39,23,34,74,40,96,74,32,34,48,31,54,29,66,101,25,23,17,37,18,66,31,31,19,70,65,64,60,128,47,186,52,27,52,39,67,49,33,39,37,28,41,26,108,190,26,68,20,118,28,85,43,114,31,22,40,58,39
"COG0376",3,2,20,4,10,0,8,0,2,1,2,0,14,72,38,25,2,0,40,37,2,6,53,6,0,1,44,0,1,0,21,5,276,1,5,17,3,10,1,8,4,20,21,8,1,4,1,0,1,14,25,0,6,1,35,0,32,0,1,28
"COG0377",237,93,106,90,45,106,180,88,113,299,122,92,372,177,107,114,73,184,97,378,112,152,106,63,68,335,77,72,217,152,45,99,106,139,113,24,118,8,203,186,107,92,127,176,177,7,5,126,127,98,72,152,136,159,29,153,162,90,203,112
"COG0378",72,160,173,83,74,94,91,197,113,74,115,108,84,171,50,165,206,123,19,23,120,34,130,155,78,74,85,112,186,105,141,73,110,102,32,162,85,338,112,74,44,66,44,117,80,230,387,41,112,89,159,48,93,74,110,84,28,117,61,37
"COG0379",586,349,381,207,212,294,355,340,365,343,387,328,373,308,298,346,333,482,283,524,406,406,281,281,218,332,242,280,637,291,225,368,200,353,305,261,326,491,311,306,335,324,271,510,309,288,363,419,361,295,387,394,292,328,245,528,336,324,376,400
"COG0380",77,304,188,351,89,45,125,47,183,107,170,146,146,182,262,234,15,8,202,33,138,219,136,131,164,8,153,76,54,59,126,203,172,77,187,32,114,60,126,198,222,65,297,13,174,65,5,168,126,186,85,161,94,25,117,98,226,61,110,280
"COG0381",385,546,622,998,519,536,679,644,532,500,610,452,628,449,786,803,287,506,710,629,436,732,534,511,797,465,579,419,481,626,676,824,407,396,689,318,623,517,543,882,565,1536,558,525,733,403,116,782,668,794,694,747,482,485,596,541,599,472,665,858
"COG0382",285,43,28,86,25,29,28,104,34,148,32,20,276,55,20,109,53,237,19,441,31,11,66,5,23,260,43,33,318,93,46,42,180,44,61,11,15,6,147,105,40,9,30,222,42,141,280,25,14,35,30,17,91,231,39,157,21,77,109,45
"COG0383",279,401,531,713,403,832,503,401,771,435,946,622,168,227,557,480,151,224,619,89,488,379,916,237,512,245,671,874,72,962,1122,1042,615,625,734,570,752,276,504,877,498,1071,568,284,774,609,115,712,974,789,1701,495,791,354,770,323,460,431,926,1131
"COG0384",15,7,15,18,27,12,37,17,11,15,34,33,8,120,42,28,12,11,135,10,8,27,91,5,36,17,30,14,1,22,72,35,161,4,21,12,23,13,33,17,41,30,42,19,4,4,15,1,26,40,72,26,63,29,67,7,12,8,21,14
"COG0385",117,137,146,54,170,123,287,208,164,342,173,169,378,184,73,155,474,415,98,379,188,135,224,106,154,474,131,107,320,181,66,157,212,113,218,370,236,205,379,321,131,206,79,839,124,269,543,145,186,52,271,174,227,266,331,181,189,112,214,121
"COG0386",242,221,75,178,36,14,46,57,62,40,51,51,74,86,221,104,14,131,181,250,66,120,60,84,78,16,98,42,248,30,27,98,22,46,82,38,75,27,25,49,159,83,167,172,53,57,11,76,66,225,64,59,32,109,116,174,133,25,86,162
"COG0387",3,2,24,10,4,2,8,0,1,2,0,0,12,58,15,13,5,7,21,7,1,0,30,7,0,1,30,0,3,0,18,12,179,1,5,41,1,6,0,8,6,8,5,5,0,5,1,2,0,11,13,3,0,1,26,0,19,0,5,16
"COG0388",1615,1222,1452,1260,1289,1231,1497,1373,1545,1779,1568,1392,1837,1190,1264,1306,1220,1377,1135,1821,1123,1542,1203,1224,1343,1758,1183,1192,1675,1335,1054,1083,783,1439,1372,716,1357,804,1613,1598,1428,1115,1296,1489,1555,1236,1036,1559,1440,1133,1387,1448,1519,1504,776,1303,1371,1216,1706,1382
"COG0389",672,378,859,489,1077,1030,837,743,777,668,839,718,693,678,509,642,1053,1327,578,888,853,664,1020,935,1185,1092,665,976,997,944,1030,632,876,781,459,1156,698,858,573,823,451,755,481,817,751,885,772,718,776,560,1140,672,930,1033,931,847,543,1030,723,703
"COG0390",55,84,118,149,51,32,93,59,79,76,73,100,47,90,100,104,10,6,114,155,92,134,88,39,65,8,73,58,29,37,49,135,159,46,136,177,144,184,64,131,110,169,123,17,129,18,139,125,135,146,79,101,49,57,349,57,96,61,94,143
"COG0391",33,48,68,23,70,112,77,79,43,38,99,131,49,98,33,100,44,81,114,44,17,44,58,16,451,50,30,95,87,52,257,76,79,72,23,149,52,182,39,37,55,49,48,50,36,63,241,35,26,30,143,34,102,105,408,32,25,32,61,34
"COG0392",90,70,125,57,98,146,119,161,148,39,95,173,36,77,56,77,259,200,237,41,137,73,178,245,148,114,133,118,99,122,226,84,235,170,54,590,89,637,103,87,65,142,50,61,71,131,630,117,133,60,179,81,107,221,638,124,78,130,121,65
"COG0393",121,160,125,111,138,91,144,67,71,101,133,70,181,63,138,138,68,72,112,23,151,125,95,92,74,96,108,77,128,95,87,180,61,300,208,95,203,93,160,95,156,150,201,145,84,85,8,167,122,259,109,131,121,126,185,58,188,91,138,239
"COG0394",591,597,384,402,399,347,489,425,464,445,417,428,356,399,566,417,513,385,452,330,383,513,352,443,382,338,547,347,429,293,369,417,331,378,487,697,386,229,482,382,454,474,472,282,474,514,716,353,408,538,398,383,378,406,686,375,572,438,320,297
"COG0395",989,607,1259,1325,2249,3510,1659,2073,1321,327,1208,1360,245,863,704,956,2628,1556,1263,307,1533,1239,2686,2083,1323,1493,1687,3486,608,3132,2658,1159,2641,2415,1225,4130,1102,1922,1312,1313,526,2053,753,639,901,3688,2878,1418,1669,1099,971,1203,1376,1491,3366,1318,933,2899,962,709
"COG0396",367,218,304,226,204,426,330,372,312,377,347,376,388,224,196,346,255,327,213,425,211,410,327,249,514,393,213,437,385,338,396,296,148,349,308,171,311,360,433,306,229,364,187,294,368,357,499,352,354,233,325,334,363,472,408,410,269,318,373,287
"COG0397",2,2,22,6,5,0,5,0,1,2,0,0,19,60,15,10,6,10,17,8,1,2,48,5,0,0,61,0,3,0,19,11,180,1,6,41,5,2,4,4,6,13,11,7,0,4,1,1,2,7,17,2,5,0,49,0,15,0,7,17
"COG0398",41,61,49,42,90,105,114,89,84,54,43,91,35,108,40,66,95,63,166,42,40,99,75,23,255,59,68,136,58,97,207,44,246,97,61,102,63,111,46,59,37,110,30,96,28,141,263,57,68,103,180,48,105,68,248,38,60,65,78,39
"COG0399",931,848,961,989,1069,887,658,1001,960,544,861,973,744,655,1060,1378,709,584,1005,781,943,756,1129,1155,1017,569,1170,1098,982,877,743,1367,826,640,1224,390,1247,1298,866,1023,1060,1819,1015,1090,1317,909,651,900,1489,1236,663,945,845,672,753,886,591,1108,994,1227
"COG0400",6,6,11,2,3,1,22,0,2,2,1,1,6,31,19,19,3,0,17,13,2,7,31,5,5,3,24,5,0,13,18,11,119,17,4,57,24,6,2,5,11,4,7,0,6,5,161,0,0,9,12,1,9,3,23,3,8,6,3,14
"COG0401",1,1,2,2,0,0,2,0,0,0,0,0,0,4,2,2,0,0,4,2,0,2,5,0,1,0,7,0,0,0,1,2,37,0,0,4,0,1,0,1,3,3,1,3,0,1,0,0,0,0,2,0,0,0,4,0,2,0,1,6
"COG0402",221,203,442,245,352,556,591,443,389,228,531,639,238,460,354,569,628,267,679,179,318,569,588,301,388,211,380,509,184,395,949,568,1594,339,246,662,482,407,285,293,338,411,500,229,363,781,977,244,350,356,782,312,696,296,700,336,203,393,507,199
"COG0403",314,567,534,696,292,320,489,328,560,549,526,516,329,344,537,495,67,26,520,233,396,640,512,309,256,74,485,242,296,225,280,449,306,169,450,58,438,55,322,383,533,343,551,100,577,171,366,488,374,485,292,556,304,141,140,182,490,279,621,394
"COG0404",260,456,263,374,198,205,428,223,291,304,342,377,210,362,396,264,91,37,352,217,243,308,264,145,217,70,279,181,243,171,249,327,234,216,404,46,318,133,255,229,388,202,404,89,374,179,408,267,262,416,222,309,246,146,182,168,370,186,296,326
"COG0405",53,15,36,34,27,22,38,17,48,28,134,38,13,127,108,32,75,32,294,41,36,63,98,14,51,27,45,21,9,28,72,118,304,42,20,38,48,104,19,35,158,54,164,185,22,15,21,24,49,34,254,31,116,25,18,19,30,26,50,20
"COG0406",437,326,452,283,698,520,540,611,519,431,359,510,353,411,273,405,747,574,305,379,486,358,458,630,429,448,639,603,395,473,548,277,358,579,298,1352,428,1201,413,414,278,348,296,428,367,730,1349,460,484,295,560,336,567,582,1724,492,534,461,337,247
"COG0407",106,221,99,286,63,60,205,56,182,54,101,77,79,130,211,201,62,45,193,33,142,98,131,121,147,44,204,82,49,81,185,238,237,67,316,49,90,164,53,139,198,287,282,33,79,51,8,97,133,346,75,109,109,51,137,43,152,35,83,135
"COG0408",1,2,7,2,2,0,2,0,0,2,0,0,6,52,5,6,0,0,4,8,0,3,21,0,0,0,11,0,0,0,11,3,118,0,1,5,2,4,0,1,1,9,4,3,0,6,0,0,1,3,12,1,2,0,9,0,5,0,2,7
"COG0409",27,82,59,26,42,35,59,71,63,59,42,28,53,45,46,115,119,41,30,28,63,21,77,20,35,35,54,41,146,45,92,54,186,21,32,105,27,135,71,33,59,89,34,20,18,148,428,38,16,30,86,29,59,43,157,7,29,20,68,41
"COG0410",65,123,98,75,409,360,160,196,173,65,128,235,57,249,76,174,274,142,265,56,176,157,247,200,126,151,189,217,121,247,298,104,272,161,248,258,181,165,247,115,101,175,83,254,140,231,414,148,177,105,398,223,229,216,235,134,135,158,206,90
"COG0411",86,80,126,75,418,346,153,154,182,58,161,231,49,188,98,165,265,150,241,61,175,154,234,216,181,141,207,227,109,212,305,131,357,147,277,285,186,165,265,119,97,207,74,93,134,210,510,147,194,108,397,223,220,180,215,195,163,174,202,105
"COG0412",4,5,31,13,12,1,12,3,2,3,2,2,21,97,42,16,2,0,93,16,2,5,86,4,0,0,77,0,1,0,40,18,335,2,2,8,2,9,4,15,14,18,33,11,2,1,1,0,1,12,17,2,3,0,51,0,37,0,12,34
"COG0413",315,226,226,215,171,212,281,287,236,345,306,202,351,237,231,343,116,200,140,297,219,281,242,172,142,344,215,152,396,219,165,361,142,234,229,50,182,102,292,294,273,215,226,304,322,220,256,254,208,175,213,310,185,322,87,200,231,270,320,297
"COG0414",355,288,298,277,237,208,287,249,266,480,285,274,461,325,236,358,259,282,231,414,243,310,241,179,209,479,208,237,374,282,197,320,180,237,288,136,272,139,355,350,311,271,279,375,289,332,305,330,275,273,212,300,322,376,211,269,291,291,296,327
"COG0415",2,0,11,4,1,0,9,0,1,0,1,1,10,50,3,21,0,2,16,11,10,2,34,4,0,2,25,2,0,0,27,7,184,1,7,6,15,3,0,3,11,6,10,32,0,2,2,0,3,7,5,0,2,0,20,0,13,2,7,14
"COG0416",124,104,238,65,320,372,201,315,271,96,215,334,86,185,97,178,343,230,132,43,267,121,312,327,321,182,219,318,183,231,425,164,271,284,94,357,231,549,249,162,95,207,79,250,195,385,385,215,248,132,266,174,375,254,434,206,141,321,220,76
"COG0417",4,2,18,3,2,6,6,1,2,2,1,0,22,111,22,13,2,0,20,20,3,3,104,4,2,2,64,0,1,8,97,11,373,1,5,35,6,7,2,19,7,24,22,14,3,4,0,0,1,18,30,1,13,2,43,0,16,0,3,19
"COG0418",2,2,13,7,4,0,2,1,2,1,0,15,7,60,12,6,0,0,10,15,3,3,75,3,0,0,32,0,1,0,21,5,168,1,3,14,2,6,32,7,4,15,9,5,3,4,0,1,3,6,13,0,13,4,16,0,3,0,16,9
"COG0419",842,880,846,1095,1039,845,649,940,886,1038,795,584,1226,562,929,1390,822,869,398,550,882,721,819,931,867,636,1541,738,1170,1464,718,629,429,1020,496,764,697,1361,1172,860,1029,624,853,992,605,604,901,1009,667,505,398,721,921,1162,555,590,804,653,993,875
"COG0420",293,538,492,403,713,666,423,637,619,467,530,542,577,422,544,518,652,449,440,140,569,494,475,632,553,600,623,466,287,501,434,387,451,628,431,606,503,780,511,478,408,512,607,308,403,753,526,492,533,402,322,318,643,827,732,337,431,544,366,317
"COG0421",88,89,142,32,216,262,81,137,143,42,115,111,52,163,81,188,248,124,66,49,135,84,171,269,92,148,176,284,94,187,61,101,201,251,77,206,110,168,133,117,52,142,45,92,120,500,219,127,155,71,83,93,163,113,183,168,94,162,100,47
"COG0422",560,446,507,453,616,399,484,455,466,519,540,458,904,492,609,603,514,504,459,846,528,539,415,596,307,727,630,306,674,438,309,418,423,494,578,525,437,437,632,575,604,444,690,578,554,607,824,563,389,441,488,452,414,567,377,508,521,453,601,402
"COG0423",660,566,551,480,640,792,599,644,744,744,650,751,870,514,528,553,690,600,346,968,665,584,588,722,770,869,638,702,611,700,840,513,160,650,676,497,598,341,734,711,618,485,587,654,762,563,372,745,643,497,617,584,760,830,281,827,622,771,726,461
"COG0424",282,306,326,315,312,294,331,323,292,349,254,271,336,292,294,330,277,282,261,345,279,289,299,313,318,324,275,274,294,369,314,281,274,364,290,354,262,246,339,327,325,244,262,302,332,304,445,268,295,266,319,287,331,416,252,348,340,303,295,255
"COG0425",328,711,381,524,286,196,437,203,445,244,457,373,369,492,700,551,157,59,399,444,387,516,188,427,217,77,517,163,223,177,171,407,151,418,631,70,352,70,185,437,612,363,702,141,478,219,35,438,313,566,199,378,220,102,125,268,568,194,399,542
"COG0426",645,636,548,552,836,627,675,649,633,609,689,687,703,644,736,590,750,677,595,776,568,596,522,715,480,636,691,565,624,634,804,585,590,610,651,572,658,453,651,548,587,609,620,554,696,638,528,593,686,590,669,665,706,700,522,648,724,671,577,536
"COG0427",715,496,477,410,612,479,789,540,681,866,613,636,778,544,558,605,359,539,454,740,436,498,401,469,422,565,566,323,652,443,442,411,400,586,598,153,540,112,691,626,561,384,646,468,731,354,552,626,616,345,538,542,673,554,231,503,699,654,864,361
"COG0428",219,62,210,132,303,426,240,356,242,173,175,355,255,148,113,141,308,413,169,429,245,117,327,288,325,273,214,344,176,355,498,188,231,253,113,275,230,226,305,226,102,180,63,319,186,214,117,162,219,115,288,184,359,525,92,260,121,274,213,68
"COG0429",13,10,26,7,9,2,21,7,17,14,46,0,33,88,45,45,9,4,65,17,21,8,37,5,12,0,20,4,2,8,23,43,130,21,14,16,12,61,5,14,34,26,26,7,19,2,3,0,2,14,25,14,13,4,11,1,13,0,13,15
"COG0430",1,0,9,3,3,1,2,1,0,2,0,0,4,1,3,8,0,0,7,5,0,1,13,1,4,0,25,1,0,1,16,5,105,5,5,1,1,4,0,3,11,10,3,0,1,1,0,0,0,3,0,0,3,0,12,7,9,0,5,10
"COG0431",3,4,15,7,9,1,15,6,2,5,0,4,24,57,27,19,11,22,25,29,6,4,54,7,1,10,63,3,0,0,39,23,209,0,8,209,4,13,130,11,10,25,17,12,2,2,10,1,4,8,66,1,6,5,330,6,15,2,9,16
"COG0432",127,217,98,176,84,62,115,68,86,163,95,93,179,114,182,146,48,50,130,37,83,223,88,93,61,133,116,88,187,81,86,113,189,85,159,83,84,24,119,122,201,75,170,97,104,78,213,116,91,143,104,135,62,101,60,83,184,92,130,129
"COG0433",293,325,261,273,38,171,267,440,106,63,87,171,624,156,45,124,158,674,136,92,322,24,242,307,1100,921,101,406,123,617,329,171,216,141,467,521,292,104,166,304,510,473,17,427,223,154,31,152,227,45,50,132,559,449,154,207,478,146,100,206
"COG0434",5,12,13,34,51,18,24,54,8,8,9,28,9,51,45,44,15,7,87,10,7,7,18,13,16,9,8,28,4,9,57,9,140,5,15,65,35,6,5,7,16,12,12,8,1,25,9,13,35,31,63,13,18,14,34,9,11,32,15,3
"COG0435",16,7,17,3,14,6,20,3,10,5,1,4,4,64,12,24,36,15,21,14,7,9,31,13,30,35,29,41,1,10,34,11,190,55,4,95,10,68,2,15,7,28,19,26,5,3,3,18,25,13,30,1,49,3,155,7,15,23,10,22
"COG0436",2454,2552,2585,2263,2050,1948,2521,2262,2601,2650,2109,2496,2699,2156,2394,2534,2106,2151,1998,2593,2420,2674,1997,2259,1901,2588,2286,1927,2535,2183,1760,2159,979,2148,2467,2191,2257,2078,2429,2355,2680,2078,2440,2084,2641,2022,3077,2493,2376,2171,2508,2783,2330,2351,2210,2183,2487,2224,2482,2375
"COG0437",26,80,151,35,198,40,121,52,186,66,69,49,160,241,168,200,69,71,80,132,137,86,319,103,96,47,243,58,33,89,168,224,888,116,119,126,96,672,101,120,166,121,128,49,69,36,68,15,26,86,86,112,124,79,167,61,125,36,138,102
"COG0438",5841,10606,6194,11388,5358,4426,6467,6101,5810,6441,6471,7734,4964,5465,9851,5900,4222,4905,8002,5135,4838,6882,5228,4750,6947,3437,6430,5507,5302,5265,4952,8398,3349,4993,7652,3459,6867,2735,6931,7221,8374,8112,8114,4839,8396,4056,3003,6776,6569,11344,3732,6640,5103,5027,5165,5991,7620,6209,4918,9307
"COG0439",383,616,629,889,409,434,572,485,487,565,726,606,363,570,775,767,682,311,633,239,690,556,391,839,658,213,653,444,444,328,408,667,410,469,540,463,559,604,341,478,742,555,665,399,492,540,604,483,394,733,340,388,319,179,494,309,498,384,411,451
"COG0440",144,185,291,110,289,245,155,268,258,62,197,212,42,197,110,196,258,175,101,61,219,260,266,249,173,183,187,342,110,259,202,200,279,248,260,355,236,315,209,189,176,277,119,213,158,367,316,268,319,132,296,245,191,247,352,211,166,317,191,209
"COG0441",1519,1109,1233,985,1245,1632,1194,1330,1384,1577,1262,1355,1449,1108,984,1304,1458,1507,961,1843,1265,1137,1280,1203,2022,1505,1038,1460,1694,1356,1610,1243,629,1429,1236,1184,1246,1138,1431,1383,1116,1372,1086,1493,1417,1488,1255,1420,1290,1064,1161,1324,1372,1678,984,1559,1205,1483,1383,1160
"COG0442",630,436,608,408,608,781,659,649,681,672,660,667,624,491,462,600,657,604,394,790,553,568,554,627,911,612,524,636,579,560,977,428,470,709,513,753,532,639,641,624,488,557,421,784,666,659,831,524,595,452,703,644,743,785,748,626,582,678,733,422
"COG0443",917,647,1098,593,1196,1599,1025,989,1178,703,966,1260,882,960,638,1021,1249,956,444,1002,1033,771,1348,1207,1333,969,1060,1377,782,2089,1360,893,1061,1383,1006,1182,877,1222,1120,987,834,1749,615,894,997,998,1067,975,1018,733,1193,1031,1152,1269,785,1548,866,1320,1205,767
"COG0444",277,259,449,240,809,678,605,529,446,193,487,485,229,620,322,464,883,421,708,205,368,431,780,637,406,339,639,516,365,464,868,450,1134,381,469,926,480,983,397,356,286,569,371,168,276,873,1207,364,564,361,877,413,547,385,1118,302,422,542,407,153
"COG0445",1080,1045,986,718,1020,1049,857,1013,1032,964,1062,1121,1282,859,940,1131,1130,1173,734,1136,959,867,896,1163,1300,1213,1109,1025,1236,1051,1072,820,603,1076,874,1050,731,1172,1075,931,967,759,1116,1153,1006,1002,970,954,903,783,820,923,1077,1171,723,1005,945,989,962,731
"COG0446",663,819,961,744,1377,986,877,737,1230,423,1271,922,602,1095,988,1323,1487,566,1130,611,895,845,759,1067,617,507,870,875,485,962,1514,1146,1689,1004,1074,1583,865,936,752,919,1106,836,1139,456,1008,1336,981,900,1293,836,1780,1054,975,785,985,735,972,896,1060,982
"COG0447",275,200,193,171,134,106,181,126,150,308,169,149,371,184,219,239,68,173,145,415,140,278,124,136,78,256,261,85,238,154,88,161,129,161,276,20,93,47,243,194,286,150,291,201,234,64,7,194,133,192,108,242,145,220,126,175,285,121,234,195
"COG0448",347,352,562,211,990,963,542,807,679,209,542,635,177,456,334,473,1517,771,375,123,694,418,706,951,426,583,726,983,460,829,760,417,618,790,378,1374,544,1255,527,373,233,719,304,661,382,1301,1222,551,695,357,799,499,762,728,677,510,374,1053,381,229
"COG0449",860,740,834,591,918,1027,770,799,817,723,816,981,717,885,747,827,1046,853,635,664,830,808,870,897,1209,797,841,1143,922,1005,1024,676,567,1018,777,1030,887,948,851,831,806,763,659,906,831,852,908,894,832,636,1018,909,972,1003,815,970,799,983,842,681
"COG0450",123,358,186,317,157,132,204,136,207,229,199,232,174,184,390,286,62,81,274,55,160,325,161,182,294,39,262,141,158,116,205,319,168,120,331,127,234,118,158,180,291,236,364,38,262,120,366,260,206,355,123,209,137,89,272,118,310,161,239,266
"COG0451",2482,3623,2180,3745,2141,1778,2217,2009,2311,2933,2312,2577,2367,2403,2915,2596,1779,2107,2976,2013,2430,2521,2172,1790,2383,2054,2765,2088,1902,2528,1798,2719,1313,1885,3247,892,2689,1779,2413,2915,3005,3796,3431,2350,2664,2045,1126,2542,2438,3197,2183,2241,1929,2433,1384,2028,2842,2054,2306,3136
"COG0452",541,328,512,306,684,532,473,490,609,363,531,583,215,410,321,451,541,474,326,609,546,544,465,564,425,294,423,467,518,412,472,406,393,464,471,596,463,614,462,442,410,495,372,519,493,583,600,559,552,290,534,566,461,530,530,511,489,487,497,400
"COG0454",1049,1487,1238,1695,1299,1242,1629,1365,1313,823,1259,1359,738,1989,1760,1105,1274,1003,1966,646,1349,1271,1557,1343,1403,902,1419,1420,907,1326,1471,1437,1879,1481,1275,1517,1258,2368,1043,1038,1515,1557,1448,1144,1328,1490,1385,1489,1295,1627,1512,1167,1366,1091,2023,1150,1528,1387,1081,1386
"COG0455",34,32,77,0,5,84,30,94,74,27,31,38,0,18,15,38,100,78,1,3,138,18,77,129,27,60,63,146,19,62,19,4,0,185,3,23,45,142,37,31,8,45,0,124,41,138,3,42,82,56,10,17,74,48,4,82,2,130,5,23
"COG0456",107,84,149,123,124,261,184,198,166,49,189,168,75,169,159,168,269,164,334,59,133,131,258,161,249,129,152,268,63,210,325,168,385,229,66,269,161,300,101,106,111,216,150,174,120,301,230,191,168,99,195,108,213,137,410,162,70,258,98,136
"COG0457",3506,3867,2526,3814,2314,1958,3402,2622,2828,3924,3246,2561,3456,3321,3665,3257,1228,2162,3003,4124,2730,3627,2156,2309,1973,2354,2499,2406,2930,2445,1754,2890,1495,2964,3819,899,2887,807,2783,3246,3916,1954,3708,3105,3836,1161,885,2897,2547,3262,1920,3229,2643,2029,1261,2886,4217,2435,3326,4041
"COG0458",1864,1288,1786,1222,1825,2000,1843,1796,1980,2502,1892,1823,2617,1766,1534,1916,1801,1546,1267,2914,1902,1694,1776,1747,1119,2579,1547,1829,2035,1797,1360,1698,965,1983,1804,1695,1603,1514,2373,2138,1735,1690,1581,1945,2183,1571,1557,2034,1748,1259,2130,2147,2141,1946,1649,2173,1706,2044,2487,1716
"COG0459",617,385,646,453,691,906,735,682,722,741,690,807,875,533,465,632,846,806,466,896,623,619,641,674,806,901,619,778,653,672,922,584,490,700,677,797,630,711,809,765,596,672,540,812,694,713,691,682,677,624,872,724,900,822,626,721,524,802,802,606
"COG0460",644,737,858,539,710,637,744,726,802,915,751,686,1118,865,638,778,963,778,465,1271,755,813,773,838,459,1000,688,768,640,698,590,464,478,857,742,762,645,902,859,879,714,644,744,784,791,830,737,799,848,612,785,818,755,809,573,879,772,793,855,616
"COG0461",382,287,313,206,270,340,358,336,409,428,307,290,465,289,284,329,412,372,175,488,313,264,290,340,275,455,276,320,431,338,241,278,231,362,298,379,246,487,356,348,269,248,236,417,263,389,396,296,255,296,312,269,376,462,349,394,316,382,363,227
"COG0462",449,392,512,379,596,611,558,713,579,565,581,526,573,426,437,517,801,532,366,532,499,487,543,605,380,643,475,740,561,670,617,448,338,570,425,982,552,797,582,519,401,516,398,1334,526,709,797,528,590,416,649,463,648,711,961,596,467,703,542,378
"COG0463",8715,10048,6171,10094,5880,6137,6903,6896,6206,6641,5605,6357,6634,5205,7797,6310,6738,8277,6726,8907,6669,7225,6115,5825,6301,6805,6956,6816,7553,7525,5137,7204,2153,6748,7688,5219,6188,6363,7041,7961,6938,7094,7220,6639,6938,5160,3375,7190,6443,9085,4957,6375,6398,7477,4974,8278,7306,7377,5296,8160
"COG0464",129,98,270,166,420,573,355,327,278,309,114,354,733,167,378,165,354,258,53,423,505,277,280,200,264,919,342,429,435,799,314,301,2,474,213,462,354,339,143,186,232,274,103,712,241,151,398,278,394,164,201,251,447,688,478,220,472,395,329,213
"COG0465",947,747,1206,556,1463,1608,1081,1288,1285,806,1081,1318,850,912,728,1084,1779,1390,623,802,1100,1047,1370,1446,1657,1223,1227,1607,715,1309,1707,836,884,1401,871,1609,1091,1403,1097,956,792,1068,706,1097,1037,1551,1406,1074,1306,708,1364,1157,1347,1401,1189,1063,793,1485,1178,747
"COG0466",988,467,901,641,878,1050,845,1125,919,967,825,920,1063,737,505,754,1253,1096,597,1079,872,681,744,1023,1030,1298,782,994,914,1143,809,693,552,975,466,1086,927,1060,914,969,581,799,555,1408,1021,1005,629,939,898,636,936,704,1026,1145,524,1179,690,1044,939,537
"COG0468",496,378,381,1087,457,501,400,372,456,361,488,499,477,412,414,436,342,366,328,478,616,415,425,369,647,365,383,1033,403,436,689,442,231,677,404,484,561,562,546,450,595,441,487,534,618,506,464,515,491,401,918,484,673,583,609,559,509,584,541,622
"COG0469",680,402,651,476,839,860,780,620,754,625,752,754,429,657,487,594,680,575,554,804,656,687,632,709,1083,509,612,803,680,653,644,542,416,749,750,714,637,586,691,575,521,666,461,618,701,728,569,618,745,385,823,770,696,717,655,700,721,751,794,524
"COG0470",39,17,106,43,202,88,117,72,55,28,98,86,49,97,71,111,106,97,89,54,82,40,103,126,62,44,117,31,19,96,196,130,154,54,46,252,72,257,66,68,73,60,31,174,76,39,249,40,38,41,130,86,137,101,375,58,101,50,121,39
"COG0471",1200,992,1342,1199,1935,547,895,1191,1104,1103,1084,1052,1471,873,1370,1593,847,1034,1403,1726,989,1502,1121,1264,765,1243,924,769,1235,1255,771,1066,1210,901,1305,764,1203,767,1184,1184,1312,1199,985,1121,1137,797,882,1073,1046,1186,978,1252,1198,1039,1478,1139,1302,934,1401,1435
"COG0472",863,729,842,1191,818,844,799,907,941,927,848,973,865,924,683,748,786,799,624,898,743,626,642,773,1400,881,969,836,747,733,1053,888,599,716,1015,899,938,744,1069,1012,783,867,957,842,874,654,1045,716,724,1075,731,741,929,972,1161,739,966,970,882,765
"COG0473",341,549,586,374,557,509,473,483,580,465,508,506,502,561,467,550,516,382,328,543,514,672,517,560,379,466,493,456,482,484,331,373,280,403,488,418,409,333,457,368,371,422,387,350,429,523,873,442,466,295,719,498,474,379,314,431,431,443,457,380
"COG0474",2231,1398,1499,1588,1240,2242,1536,1778,1583,1190,1777,2169,2119,1744,1513,1672,1648,1929,1526,1960,1480,1561,1580,1402,3068,1270,1340,1971,1078,1456,2553,1531,1553,2054,1353,2785,1373,1521,1536,1242,1480,1558,1553,1521,1428,1987,1432,1587,1453,1321,2081,1261,1425,1894,3639,1715,1186,1590,1664,1329
"COG0475",1352,1460,1400,2270,971,913,1373,978,1103,1595,1290,1077,1985,1201,1658,1669,589,1107,1724,2015,1180,1651,831,1016,817,1331,1439,863,1396,985,850,1646,569,938,1704,756,1190,606,1417,1546,1780,1414,2074,944,1412,497,266,1313,972,1682,746,1580,1016,1003,969,1316,1629,1017,1517,1838
"COG0476",286,193,302,217,200,176,419,241,261,343,298,240,300,461,174,201,270,293,171,422,217,298,297,200,285,405,331,219,866,250,168,261,264,237,271,248,237,168,241,246,256,257,188,506,228,336,346,265,273,143,241,286,340,228,299,244,273,264,269,321
"COG0477",4877,4929,4053,4509,2401,1991,4681,3481,2947,5324,3510,2974,6497,9135,5074,5182,1791,3343,5110,5605,3356,3430,5481,2502,2451,5443,4568,1747,6358,2786,3653,4432,13322,2560,4010,5157,3042,4882,4098,4098,4873,4241,4886,4711,3576,2992,12587,3036,2660,4442,4515,3907,3337,2992,9182,3010,4192,2001,4794,5350
"COG0479",428,319,182,161,147,159,318,206,220,525,236,181,683,352,371,283,201,306,121,610,213,198,232,215,168,414,296,86,499,177,152,288,234,239,328,196,197,125,352,319,332,187,313,418,299,107,299,205,180,227,127,188,231,295,218,332,293,183,302,176
"COG0480",3557,3184,3519,4245,3141,3351,2684,2616,2828,2844,2822,3101,2909,2802,2681,3042,3209,3793,1771,2561,2757,2676,2643,3082,2760,2363,2483,3211,2630,3282,3018,2611,1240,3118,2898,3247,2674,2685,3059,2962,2459,2999,2271,2809,3852,2798,2599,2801,2990,6762,3349,3862,3207,2971,2636,3687,2814,3066,2989,2398
"COG0481",656,471,645,446,781,779,639,703,689,684,727,791,734,538,472,633,634,621,369,781,667,620,629,738,894,702,656,645,656,685,893,627,432,789,679,728,694,813,887,730,736,596,689,927,848,682,694,735,798,520,935,889,898,995,688,776,720,807,872,593
"COG0482",781,1033,891,762,852,810,868,725,770,879,867,846,809,957,824,919,645,595,756,674,860,948,724,791,992,637,782,713,662,670,636,880,305,846,869,519,835,503,868,805,1001,729,1006,615,933,556,363,827,749,713,743,991,807,646,625,688,1026,690,798,852
"COG0483",109,224,202,251,144,113,246,118,195,143,218,167,88,276,271,247,130,71,237,83,164,349,208,165,228,44,218,152,56,127,180,196,235,204,158,162,223,266,127,158,224,204,233,114,174,103,181,198,131,302,143,301,137,77,202,95,222,101,257,293
"COG0484",445,379,487,259,461,600,419,455,551,455,455,597,421,394,386,525,605,530,256,457,537,405,505,662,621,454,437,493,493,892,780,335,361,577,381,636,459,603,478,420,354,484,395,443,527,698,505,522,443,573,482,429,532,605,566,456,366,590,473,280
"COG0486",494,583,605,555,657,675,532,638,600,561,628,729,542,477,511,664,680,526,474,644,584,614,582,589,904,554,527,659,431,643,687,544,419,720,563,770,639,805,576,555,587,604,521,628,655,698,754,661,654,590,659,642,744,746,587,643,600,663,578,535
"COG0488",3584,3537,3617,3061,2644,2870,2869,3067,3180,3516,3439,3159,3633,3115,3233,3574,3036,2959,2939,4136,3163,3662,2904,3364,3702,3232,2788,3069,2982,2836,2620,3072,1846,3314,3138,3411,2949,3879,3006,3388,3672,3084,3345,3082,3559,3122,2499,3447,3219,3389,2908,3541,2898,3016,3546,3612,3286,3065,3246,3128
"COG0489",1751,1376,1197,2009,930,1139,1428,1270,1578,1499,1959,2177,1620,1621,1415,1336,1077,1183,1613,1416,1299,1435,1087,1073,1561,1163,1564,1040,2225,1150,1257,1644,1052,1101,1931,1033,1205,835,1388,1568,1338,1333,2096,1492,2354,1074,978,1275,1313,1459,1151,1208,1311,1392,1427,1328,1579,1671,1777,1514
"COG0490",0,2,8,7,22,2,0,18,4,2,13,33,4,0,18,18,0,0,45,13,6,16,4,2,12,1,0,16,1,16,14,12,2,0,9,0,14,0,1,0,21,1,8,5,12,3,2,10,5,0,4,11,5,7,11,10,8,8,26,8
"COG0491",416,346,661,499,797,642,546,640,585,501,466,600,451,659,480,456,525,468,644,443,485,520,683,524,681,419,491,698,466,631,720,587,736,595,740,612,635,454,564,549,456,525,398,492,491,539,772,507,802,546,727,484,747,606,674,437,560,540,503,474
"COG0492",421,366,508,399,642,455,518,465,522,401,546,595,562,561,446,557,741,494,516,602,486,539,422,561,532,530,456,412,376,556,710,462,497,492,411,869,499,730,544,531,456,416,472,492,584,545,731,407,522,460,724,434,610,621,751,482,405,526,517,337
"COG0493",1634,1176,1818,1047,1743,2091,1579,1672,1714,1765,1772,1613,2750,1475,1191,1656,2419,1861,1211,2369,1686,1670,1514,1973,1140,2441,1857,1581,2006,1915,1281,1043,1822,1541,1136,1409,1160,1688,1540,1390,1260,1058,1111,1475,1254,1841,1536,1252,1470,935,1717,1508,1512,1456,779,1467,1148,1319,1451,1051
"COG0494",579,720,929,602,970,1295,886,1194,940,444,630,930,419,899,771,686,1317,1013,668,664,855,590,1239,1157,1265,700,855,1403,562,1239,1070,740,1179,1151,580,1626,786,1786,894,754,567,1062,546,1087,649,1170,1452,880,907,886,1083,514,984,1037,1588,1349,676,1173,669,622
"COG0495",1192,1171,1137,911,1215,1396,1070,1126,1264,1411,1194,1154,1557,938,1056,1126,1147,1289,852,1348,1183,1092,1061,1114,1201,1256,1146,1172,1263,1103,1398,865,637,1249,1184,1058,879,1236,1311,1217,1241,856,1300,1237,1186,1042,1281,1119,1079,881,1184,1164,1310,1254,1122,1286,1183,1226,1220,883
"COG0496",301,259,196,231,135,157,277,197,233,366,248,215,456,253,282,273,126,246,164,455,160,339,166,167,169,379,221,154,350,212,156,248,101,199,324,37,233,109,325,305,289,223,330,284,262,161,107,241,212,230,146,315,202,269,128,256,284,171,286,292
"COG0497",575,441,668,414,658,782,611,704,611,679,672,736,632,489,429,654,616,704,442,552,584,554,598,605,615,750,456,744,545,752,789,614,300,636,657,676,649,821,719,740,536,667,350,732,669,572,579,725,651,426,748,776,786,741,696,700,549,703,732,600
"COG0498",444,469,491,300,531,519,476,553,530,578,477,547,585,399,394,462,542,518,298,500,556,463,474,500,400,656,455,509,538,580,605,429,463,694,513,613,540,885,609,685,551,497,457,523,595,634,819,568,621,420,691,616,778,636,502,538,616,697,646,513
"COG0499",67,108,120,259,133,131,201,169,203,121,198,164,79,138,209,240,32,27,273,46,208,94,247,129,147,44,143,187,121,131,286,242,0,110,111,162,281,216,162,175,185,251,290,60,197,92,310,122,63,253,332,198,209,98,114,150,105,87,337,209
"COG0500",1012,1261,1543,1234,1487,1640,1264,1603,1592,736,1207,1531,853,1415,1434,1324,1941,1276,1777,567,1694,875,1915,2121,1150,888,1542,1773,911,1598,1990,1577,2375,1623,1028,1764,1519,2991,1173,1106,1135,1930,1458,1210,1218,1776,1258,1397,1540,1696,1611,1141,1697,1179,1732,1605,1009,1529,1206,1400
"COG0501",354,298,375,479,403,246,483,275,410,449,382,240,398,476,347,340,128,482,366,405,332,407,245,238,227,316,257,186,373,417,378,413,311,319,388,213,344,375,267,394,440,425,345,429,453,103,364,302,247,331,240,351,265,302,444,271,413,279,421,368
"COG0502",453,637,707,583,469,384,564,474,740,502,753,603,315,628,605,703,597,277,593,201,579,753,513,566,459,272,507,421,433,296,340,590,253,450,569,296,663,444,394,431,585,576,567,274,556,574,429,627,510,486,406,674,383,283,357,340,477,415,560,578
"COG0503",641,588,547,519,615,504,592,541,476,704,444,550,735,507,589,537,620,601,505,530,534,614,496,529,376,780,535,447,561,589,481,464,409,562,515,754,429,800,554,543,513,515,511,797,495,459,453,490,618,528,518,472,613,777,993,512,689,529,506,460
"COG0504",635,628,683,526,660,816,773,741,720,801,714,753,762,595,544,649,651,600,415,891,648,650,750,618,983,776,633,776,679,697,809,541,454,744,604,733,668,802,802,723,607,551,582,708,725,759,877,602,680,518,797,718,864,812,706,766,649,792,767,537
"COG0505",462,387,487,325,511,487,453,462,478,499,538,433,532,415,416,482,554,408,363,540,390,457,453,475,362,590,459,456,481,485,311,384,255,381,497,613,368,572,500,485,425,409,424,475,473,499,669,382,460,331,654,493,525,556,734,482,420,567,486,356
"COG0506",118,541,205,526,145,41,115,118,217,109,136,211,267,329,516,321,32,44,204,39,337,271,432,276,158,42,494,63,157,39,153,196,359,98,385,29,265,52,126,220,471,221,449,21,174,134,14,181,104,397,190,178,91,35,104,133,295,79,117,212
"COG0507",2711,1553,2319,1789,2803,2388,2175,2150,2067,1837,2336,2401,1913,1951,1654,2089,2338,2859,1618,2582,2201,2507,1873,2636,2427,2077,2405,2888,1901,2846,2429,2365,8942,2281,2241,2558,1997,1983,2487,2062,1589,2127,1769,3368,2298,2232,2112,2385,2386,1849,1823,2181,2586,2396,1527,2418,1954,2711,2318,2142
"COG0508",38,97,134,125,75,36,86,82,75,34,54,131,74,187,182,171,17,60,198,40,176,72,251,104,66,28,158,47,11,45,240,191,426,43,103,51,124,77,98,104,170,225,217,33,108,34,13,98,60,193,157,138,110,26,127,78,62,79,191,205
"COG0509",101,233,98,226,83,82,207,106,177,129,118,136,90,177,230,138,31,10,194,57,118,157,145,95,94,20,137,59,128,59,124,212,126,115,176,76,119,30,117,110,163,156,221,45,136,71,203,131,94,223,68,120,112,57,133,77,174,112,120,139
"COG0510",64,43,117,31,66,109,61,127,86,25,44,51,27,84,91,131,185,300,76,34,192,111,50,101,228,113,69,75,25,96,58,32,195,78,68,306,99,852,69,68,23,83,63,70,52,207,84,189,47,67,53,86,63,40,165,160,19,76,54,199
"COG0511",395,660,322,479,256,354,506,253,366,543,422,336,536,564,696,418,303,230,405,492,441,435,304,456,401,264,519,210,398,294,291,426,214,494,445,234,294,376,342,390,566,290,585,289,450,315,126,376,288,478,306,257,222,328,338,460,552,351,331,391
"COG0512",204,245,253,207,141,162,238,277,216,286,178,199,280,255,193,289,216,203,178,315,231,291,289,186,137,315,202,274,386,227,199,182,376,249,224,266,184,160,317,265,245,259,175,349,206,297,377,209,204,227,179,238,304,335,255,268,273,179,230,196
"COG0513",1228,1929,1614,1627,1334,927,1300,1086,1458,1453,1340,1296,1482,1449,1718,1728,922,1093,1474,1645,1506,1665,1192,1532,1246,1044,1588,863,1469,925,817,1332,1157,1312,1525,1120,1337,1605,1465,1430,1756,1198,1796,1033,1687,961,804,1305,1292,1653,1007,1629,1198,905,1296,1480,1692,1118,1295,1415
"COG0514",3426,2867,2136,2182,1596,1287,1846,1784,1769,2622,1827,1799,3064,1982,2276,2113,1273,1877,1901,3034,1826,2358,1288,1440,1656,2608,1683,1389,3502,1861,833,1929,425,1710,2332,840,1683,1153,2520,2511,2489,2160,2338,1951,2323,1012,978,2309,1623,2303,1463,2334,1512,1706,983,2238,2489,1303,2111,2636
"COG0515",910,1143,869,602,968,1792,1110,1252,1333,911,880,1419,274,692,320,598,1947,2019,331,546,1802,1021,1601,1208,1639,972,670,1707,941,1286,1543,1274,325,1270,666,2144,982,1242,2133,1741,322,804,293,1496,790,1478,2186,814,1251,526,1426,581,2016,2900,1500,1304,554,1610,935,500
"COG0516",737,561,660,551,594,716,768,695,687,921,719,659,966,619,627,821,726,571,582,977,679,698,672,681,733,869,645,792,814,658,631,629,430,615,652,845,549,754,827,725,691,777,724,742,687,700,869,589,630,585,657,761,827,728,907,675,663,723,831,622
"COG0517",1108,746,819,571,814,1036,1031,971,834,1245,1036,952,1417,832,740,1018,966,964,839,1365,818,864,954,745,954,1316,702,868,1541,1069,1016,900,681,776,768,1087,762,1058,1116,950,851,776,690,1177,886,943,1562,714,731,566,1005,945,1171,1028,1272,972,834,864,1080,720
"COG0518",638,854,815,879,829,654,776,693,835,746,871,793,953,646,873,812,789,660,762,868,759,1023,775,810,782,873,865,649,712,684,659,736,476,625,916,882,813,902,832,820,884,825,889,776,861,760,722,748,797,797,625,1026,831,716,789,807,818,702,769,713
"COG0519",660,868,802,852,827,688,754,747,803,731,790,862,1016,563,921,835,826,604,855,812,756,1026,733,804,722,854,812,666,732,685,718,749,480,607,961,707,722,712,798,782,865,737,806,748,818,731,646,680,702,795,666,993,858,697,666,816,857,693,749,751
"COG0520",810,557,599,456,632,739,563,686,661,642,664,662,770,563,549,762,675,562,395,762,502,627,617,600,821,713,664,595,903,691,683,512,564,621,645,606,588,713,729,584,552,632,584,494,674,752,1145,668,648,464,869,611,692,761,721,614,621,606,680,472
"COG0521",81,76,88,36,218,78,64,85,101,47,89,49,60,137,56,99,223,91,63,29,86,77,94,140,55,63,151,81,98,92,149,82,349,87,48,201,54,214,52,56,48,80,47,41,34,209,272,63,87,34,79,83,81,54,150,42,76,70,52,36
"COG0522",342,196,291,213,342,416,347,375,304,409,288,326,393,279,210,272,394,328,210,399,335,269,291,231,462,435,204,440,379,436,417,265,185,417,281,336,262,402,387,271,251,279,177,430,314,318,371,269,277,258,388,267,403,513,369,438,295,401,299,239
"COG0523",374,312,287,176,562,404,379,257,391,186,284,327,296,513,234,341,507,418,133,233,415,419,379,394,399,284,421,287,319,289,288,229,453,346,388,436,240,276,302,279,288,246,239,418,274,427,160,303,348,219,369,311,361,472,358,267,360,412,257,221
"COG0524",2560,2561,2273,2002,2416,2064,2146,1950,1893,2553,1837,2043,3002,2235,2231,2137,2162,2533,2008,2214,1794,2488,1892,2097,1734,2938,2221,1740,2615,2044,1612,2110,3049,1934,2406,2218,2074,1353,2302,2248,2317,2154,2161,2091,2031,1984,2498,2090,2233,1960,2021,2455,2037,1938,2004,1828,2566,1607,1936,2388
"COG0525",786,665,850,538,1007,1094,851,904,879,967,884,981,1064,753,738,788,938,758,561,1055,874,743,865,938,1272,971,787,1028,746,832,1446,829,766,1187,1103,1189,837,1157,1285,1097,986,830,658,1162,1104,1044,1404,866,1008,761,1048,1080,1269,1339,1026,1136,912,1196,1101,778
"COG0526",2480,3475,1923,3631,1487,1390,2913,1890,2142,2832,2177,2168,3395,2542,3234,2445,1217,2769,2807,1679,2217,2443,1724,1728,2095,2011,1940,1448,2220,2269,1609,2393,734,2078,2302,810,2336,1243,1947,2365,2990,1683,2880,1950,2495,1147,831,2278,1822,3394,1408,1748,2022,1777,1263,1856,2673,1705,2105,2297
"COG0527",1194,1268,1185,1169,1139,981,1309,1172,1086,1649,1087,1138,1845,1201,1242,1268,1050,1013,976,1905,1090,1444,932,1054,910,1506,1064,1067,991,1189,890,1051,858,1122,1381,930,1044,968,1236,1412,1394,1072,1404,1350,1378,886,668,1312,1065,1100,1185,1439,1153,1106,976,1368,1489,1093,1438,1281
"COG0528",425,426,300,284,346,423,378,369,370,411,389,424,445,375,390,368,307,419,299,495,358,390,352,333,489,427,364,402,435,373,415,362,222,423,362,343,333,352,464,362,365,363,377,460,373,288,344,311,341,294,430,338,398,446,451,380,429,397,370,333
"COG0529",74,158,141,141,77,56,106,80,100,109,104,107,75,144,163,149,46,23,103,39,105,187,69,69,97,12,115,75,47,56,69,158,124,99,166,36,125,16,69,109,213,233,192,30,164,79,7,174,125,139,99,134,69,31,44,77,208,73,123,195
"COG0530",220,348,427,233,330,510,298,357,313,129,339,348,77,365,317,361,517,334,215,93,440,292,431,555,510,207,466,477,147,323,268,260,228,518,367,513,329,405,274,310,332,448,271,185,370,410,101,386,473,285,398,421,343,313,274,360,345,480,314,375
"COG0531",366,742,826,654,534,379,899,647,746,483,670,663,636,1076,959,892,539,352,920,389,671,832,970,624,444,310,988,373,676,456,846,866,2833,515,788,2657,760,2219,542,733,1233,822,1288,262,855,729,2170,579,625,844,962,697,803,289,3769,426,1062,647,792,744
"COG0532",1101,362,720,389,827,1100,827,625,789,891,895,832,1302,779,512,778,759,833,510,1365,614,683,742,739,792,1006,633,782,1259,843,963,626,615,784,755,793,623,636,842,790,615,481,594,751,1003,655,662,820,811,286,949,778,845,973,916,782,660,903,1030,547
"COG0533",468,386,505,370,652,618,478,501,519,495,486,573,397,390,339,450,522,454,349,496,505,474,495,486,665,504,419,492,463,498,637,401,270,531,360,507,514,484,537,496,424,446,319,540,476,517,481,512,571,308,667,518,633,567,542,473,502,556,558,354
"COG0534",5942,6006,7626,5350,10186,8358,7203,7713,7562,5382,7658,7428,4375,5782,5569,6522,10215,7122,5922,5224,7750,7037,7621,9280,5857,5961,7501,8228,5548,7320,6031,6327,4358,8549,6705,9170,7427,8261,6492,6013,5998,7190,5663,4864,6630,9812,5333,7862,8133,5718,6167,7593,7124,6680,4453,6923,6769,8620,6027,5851
"COG0535",1188,1401,544,788,706,845,613,1077,674,507,507,720,600,434,868,776,942,577,403,467,1034,687,960,901,1147,554,816,906,1336,1006,870,918,187,664,511,527,783,622,1053,781,745,841,1022,811,704,1228,1307,756,717,1280,814,703,1174,1128,704,1115,613,887,554,839
"COG0536",558,491,510,254,509,598,430,476,543,542,545,611,639,425,422,473,545,561,272,668,532,526,497,511,717,586,444,550,577,508,593,385,213,582,412,544,420,546,558,516,444,379,394,594,530,416,651,466,463,261,601,550,591,604,558,601,447,557,551,377
"COG0537",411,553,408,407,281,351,404,390,369,394,343,304,329,366,446,337,382,383,327,312,366,518,271,410,424,322,347,457,352,421,312,406,210,503,475,396,385,545,332,304,398,369,314,306,360,411,300,437,399,497,353,401,333,445,522,390,461,375,300,428
"COG0538",485,480,398,335,521,435,462,421,417,510,409,435,565,415,377,407,487,552,313,666,439,471,441,442,303,658,400,465,621,362,413,341,294,485,449,343,362,411,592,484,467,381,515,643,450,428,235,486,469,339,296,498,431,571,313,525,479,440,447,387
"COG0539",725,724,736,630,747,1063,860,900,926,841,859,994,982,628,724,784,781,665,536,1231,802,850,791,758,854,921,787,850,736,946,773,735,534,889,643,713,771,724,1067,813,722,755,696,890,798,767,665,649,748,544,782,825,1104,804,656,1014,696,922,1012,633
"COG0540",452,355,446,288,545,431,450,525,458,457,486,446,527,354,347,393,505,461,285,565,474,373,413,475,310,624,432,462,520,542,400,390,273,498,437,465,438,593,607,526,311,472,283,593,480,409,527,396,521,380,496,472,553,574,483,580,409,539,508,364
"COG0541",647,512,617,404,702,665,613,595,640,632,671,707,674,588,583,675,564,607,355,676,649,637,583,641,922,598,593,633,641,590,836,555,371,643,524,631,555,646,611,597,661,506,553,661,628,519,617,603,601,469,647,682,689,642,547,651,588,627,707,529
"COG0542",2395,2210,2534,1777,3126,3161,2322,2531,2841,2412,2217,2650,3156,2284,1829,2393,2443,2769,1802,3713,2614,2544,2537,3012,3706,2586,3100,2564,3094,2347,2803,1855,1450,2463,2299,2974,2748,2782,2753,2474,2195,2185,2092,2199,2206,2401,2555,2408,2497,2749,2680,2739,2723,2953,2884,2964,2725,2674,2524,1953
"COG0543",1191,1095,977,793,933,861,1012,923,964,1287,1178,953,1482,942,999,1040,911,926,957,1391,847,980,792,1018,833,1356,883,842,1138,947,660,868,384,929,935,709,924,471,1078,1094,1173,834,1185,789,1109,822,743,1080,966,808,835,1045,958,1104,536,995,1039,868,1131,953
"COG0544",890,930,816,676,1397,954,740,924,976,764,660,856,729,775,791,844,1222,979,543,723,873,730,842,1353,965,890,1003,931,968,1007,887,662,315,1096,751,1164,744,1224,857,754,704,792,571,918,829,878,840,881,818,873,716,900,906,1072,720,1117,914,1048,695,638
"COG0545",1329,984,730,868,458,320,766,669,532,1161,635,500,1370,893,904,881,348,1105,566,1954,534,1366,459,404,384,934,598,348,1183,663,286,733,370,672,1082,239,501,217,954,904,976,615,805,1016,810,236,301,649,588,930,410,796,470,896,435,956,1051,510,689,905
"COG0546",846,692,769,426,694,845,786,914,781,857,620,793,622,614,690,902,953,900,567,828,752,640,851,805,507,853,630,707,861,769,699,679,602,774,634,808,740,941,838,719,504,850,625,893,618,837,1188,743,794,724,845,638,974,864,601,824,625,766,693,736
"COG0547",190,311,356,217,227,226,293,333,348,311,307,333,314,335,260,322,336,374,255,425,336,356,357,312,218,300,346,361,457,221,272,288,443,404,336,363,273,459,317,340,297,319,346,405,333,435,594,378,363,285,298,348,291,276,317,367,314,309,339,305
"COG0548",372,344,377,249,465,400,407,373,447,480,402,348,513,375,367,398,450,357,302,451,422,423,366,401,237,499,416,408,409,387,305,374,464,371,411,346,347,479,471,414,369,373,375,397,384,471,613,346,389,358,405,411,401,404,292,362,449,417,430,338
"COG0549",52,57,160,63,126,163,113,183,173,54,129,147,39,80,111,146,300,134,157,72,119,184,170,229,114,100,171,216,67,120,256,75,920,157,67,336,130,261,75,104,89,182,117,57,93,354,114,101,185,114,197,78,147,137,337,118,80,174,107,85
"COG0550",2335,2309,2766,2400,3633,3603,2317,2712,2995,2493,2696,2937,3410,2557,1964,2470,2398,3611,1668,2539,2779,2747,2790,3918,2911,3034,3086,2522,3019,2965,3053,2408,1325,2935,3678,2558,2636,2208,3213,2811,2320,2939,2684,2315,2909,2703,2319,2844,3108,2206,2409,3515,3058,2252,2344,2665,2963,2881,3362,2270
"COG0551",231,203,441,145,594,726,397,452,384,216,456,455,143,364,239,353,724,380,343,117,476,264,559,597,599,352,425,562,245,442,740,269,869,459,315,918,316,1062,331,260,165,452,210,565,250,800,740,367,504,224,592,270,662,509,711,297,275,467,280,165
"COG0552",388,270,341,298,411,459,364,382,374,261,303,396,188,276,270,306,356,348,271,489,360,272,403,347,579,297,299,367,401,353,513,278,270,352,244,526,322,464,316,281,286,371,286,541,385,406,483,373,404,308,497,319,465,477,390,447,303,395,473,304
"COG0553",2166,668,1143,1458,1768,984,1024,860,1211,1762,1453,1049,693,1706,909,897,1687,1250,1779,1103,1469,823,1428,1525,2637,514,1178,1037,1225,1202,1445,1048,647,1476,1208,1390,1206,2368,1800,2155,1287,1068,1626,1480,1113,814,995,1193,994,1749,982,1246,1601,1676,688,1355,869,1247,1192,1241
"COG0554",273,298,361,225,576,511,255,331,387,125,258,348,204,388,327,368,513,305,263,83,411,323,416,550,264,264,415,372,148,380,431,439,586,399,385,706,290,353,282,250,296,422,301,353,300,614,291,300,535,251,685,387,474,351,440,274,244,395,240,339
"COG0555",35,38,60,2,28,31,24,90,68,27,42,34,7,131,30,47,155,77,38,20,109,23,83,107,16,52,38,33,19,32,49,36,86,80,18,71,42,178,40,37,25,96,15,37,34,213,46,44,50,52,46,34,65,43,10,70,19,90,31,13
"COG0556",789,554,765,603,846,934,689,806,838,715,727,842,703,595,577,654,711,796,513,910,698,587,758,642,1082,817,702,852,819,769,931,577,294,849,537,869,696,677,753,743,652,610,533,817,869,760,959,820,727,486,882,712,942,945,764,752,615,849,810,487
"COG0557",884,766,740,460,829,806,766,815,900,967,871,880,1046,741,798,805,915,1177,655,1200,827,781,783,905,1522,1128,800,813,913,816,746,741,490,909,735,690,731,1043,919,901,641,702,886,1150,915,782,612,881,843,594,537,800,934,1293,702,1005,726,877,944,610
"COG0558",121,126,270,202,294,370,281,307,218,227,234,319,187,196,192,159,322,419,337,403,260,199,301,249,510,219,233,378,98,314,462,284,277,304,206,410,304,375,286,206,150,287,178,232,229,331,381,236,295,247,377,278,342,421,397,404,223,377,243,234
"COG0559",85,134,148,108,428,381,205,217,210,79,169,247,74,290,103,208,305,152,288,57,238,204,255,249,191,181,213,231,143,248,364,139,391,150,250,317,203,181,272,107,108,208,108,426,152,246,534,170,182,146,356,279,226,238,229,157,179,210,221,112
"COG0560",302,352,323,409,270,245,412,292,344,348,384,371,434,422,321,314,230,306,222,330,275,386,378,239,285,217,273,238,194,314,286,385,230,311,338,270,334,250,333,353,417,298,276,435,426,253,192,370,316,242,423,400,287,454,277,351,431,366,378,400
"COG0561",1199,1323,1289,1113,1886,1428,1309,1466,1235,983,1330,1108,932,1383,1405,1192,2367,1730,1507,1082,1217,1481,1243,1618,1030,1269,1441,1382,1563,1299,1198,1257,1563,1291,1233,2702,1090,1784,1154,1144,1130,1367,1181,956,1124,1788,3062,1394,1579,909,1666,1456,1156,1248,3155,1138,1445,1263,1107,1187
"COG0562",356,1028,414,274,396,402,506,699,370,717,425,435,326,502,460,396,520,343,457,131,498,401,337,505,333,202,625,502,234,405,278,338,165,579,557,494,307,588,720,654,512,329,645,246,499,427,560,530,343,391,535,295,538,636,526,339,450,440,384,304
"COG0563",388,348,375,302,393,491,450,378,340,370,341,515,384,325,370,389,424,396,259,421,378,448,356,419,562,408,377,458,364,419,527,354,219,438,365,421,332,457,423,396,342,301,327,361,355,347,425,317,443,363,453,352,455,543,555,471,407,441,383,286
"COG0564",1384,1067,1193,1032,1219,1301,1229,1337,1247,1570,1290,1370,1720,1063,1078,1201,1365,1588,861,1793,1079,1164,1041,1219,1539,1704,1116,1179,1486,1338,1618,1386,888,1515,1472,1474,1262,1365,1795,1618,1335,1351,1314,1780,1479,1349,1329,1503,1579,1225,1268,1468,1790,2095,1659,1503,1503,1546,1547,1212
"COG0565",3,7,20,7,5,2,17,6,17,8,6,1,16,57,31,32,8,11,31,30,16,17,62,4,10,6,37,2,4,10,60,27,192,24,9,18,28,57,4,15,18,16,20,17,5,7,2,2,2,13,18,6,8,8,32,6,19,4,10,12
"COG0566",924,1094,1053,903,1070,1261,1198,1008,1137,1059,1114,1226,784,979,1087,1015,1152,926,871,956,1056,1148,1040,1110,1294,729,1032,1001,884,916,975,1063,701,1163,982,1350,1058,893,936,961,1025,1055,1052,766,1238,1009,1111,1052,1096,1032,1006,1140,1132,1111,1253,1030,1171,1128,1187,898
"COG0567",9,12,37,5,26,1,12,2,47,18,9,11,34,79,65,63,12,29,47,40,37,26,204,6,21,8,77,18,6,15,124,63,429,32,33,30,40,183,88,15,46,33,26,10,7,5,4,1,5,35,23,24,42,11,44,6,36,1,65,29
"COG0568",897,250,500,219,439,813,556,878,562,910,516,561,1094,549,387,497,721,972,423,1258,427,417,623,495,1047,1250,421,725,956,1422,800,458,865,589,315,639,506,684,777,782,347,514,282,2200,520,521,447,541,515,307,520,317,823,1187,649,966,354,606,592,271
"COG0569",868,988,1039,828,1081,1108,900,942,1059,699,1059,1033,595,866,992,893,1044,924,783,886,939,958,879,1212,836,624,1097,955,786,995,963,1007,708,1019,1043,1184,983,1358,841,872,922,994,839,869,1020,1082,663,1042,1069,885,1007,1014,1106,958,1130,899,1096,1255,980,789
"COG0571",418,443,361,403,386,383,417,417,422,467,441,490,533,298,351,358,421,515,255,484,373,348,384,337,403,514,360,370,364,457,484,413,181,395,397,329,401,345,562,469,304,428,377,441,369,376,418,436,453,337,356,332,483,507,477,479,375,335,379,320
"COG0572",981,601,747,599,657,828,763,784,677,1029,720,730,986,552,507,772,717,985,573,1343,796,585,694,602,955,970,488,819,1082,747,743,752,267,666,578,450,725,464,862,818,548,668,553,1008,789,628,422,790,762,581,664,800,771,1014,438,958,699,806,835,722
"COG0573",217,293,400,334,424,356,371,306,400,203,415,328,182,330,300,316,388,236,296,126,345,296,329,466,272,418,372,292,233,251,273,341,271,278,225,433,344,508,222,246,303,324,311,213,261,288,421,320,303,235,313,229,275,221,488,211,247,315,313,261
"COG0574",1753,924,1165,1167,1194,1816,1528,1490,1801,1968,1549,1503,1747,1021,937,1316,1414,1765,1048,2498,1515,1321,1420,1373,1626,1677,1238,1320,1890,1561,1408,1143,533,1095,1137,612,1146,745,1396,1445,1015,1048,886,1460,1579,916,302,1367,1228,854,1199,1301,1606,1774,531,1575,1189,1585,1760,1089
"COG0575",311,333,351,327,270,473,433,445,350,523,357,448,448,308,290,368,356,382,279,435,329,391,383,329,534,494,246,491,448,469,343,383,59,397,335,335,376,450,516,431,282,383,279,539,395,289,382,393,444,305,442,357,467,529,407,402,388,451,406,315
"COG0576",270,354,273,261,326,266,263,310,270,342,285,342,348,289,345,300,316,266,269,376,320,345,289,265,397,269,251,294,258,351,322,270,192,299,227,288,298,359,339,269,277,244,296,394,296,278,196,332,327,450,292,233,305,351,370,355,263,275,302,251
"COG0577",2638,2759,3600,2585,3403,3402,3028,3349,3179,2334,2747,3718,2439,2248,2103,2869,4165,3185,1958,2464,3744,2850,3117,4137,4207,2895,3424,3512,2206,3159,3746,3023,2025,3179,3492,4727,3578,4940,2820,2709,2692,3868,2858,2415,3053,4041,3322,3013,3298,2559,3788,3928,2850,3511,3729,3298,2874,3624,2844,2737
"COG0578",95,105,168,33,114,63,103,42,152,50,133,95,86,225,109,184,11,17,189,53,111,189,142,27,79,12,78,96,30,55,110,133,460,26,164,39,40,104,55,133,191,36,65,50,181,9,7,159,109,100,127,234,93,18,92,48,169,80,235,144
"COG0579",120,66,176,88,296,261,104,157,220,56,158,157,71,343,157,212,391,179,203,65,183,136,323,214,121,181,263,160,45,327,204,134,557,166,150,319,123,83,184,112,82,178,107,96,111,301,209,158,270,88,648,183,220,131,102,71,97,148,120,137
"COG0580",91,66,133,203,53,117,227,60,105,67,129,97,50,267,159,125,85,84,200,73,100,116,100,56,153,30,104,50,15,51,124,141,344,82,70,193,96,260,45,72,106,62,120,46,68,98,258,118,131,81,136,125,56,34,290,46,100,103,113,123
"COG0581",200,271,351,290,387,370,405,338,408,263,345,334,178,372,315,296,463,210,295,122,370,301,350,379,253,443,402,334,220,293,340,310,343,394,292,523,289,572,293,280,331,350,376,270,281,379,581,366,420,260,359,280,414,291,486,243,361,380,355,266
"COG0582",2866,3417,4516,4648,5801,6427,4627,5188,5919,3729,4817,5442,5133,4278,3514,4307,4310,4242,3474,1371,5025,5980,5112,5759,5030,4492,5082,5669,2256,5626,6920,4829,6388,6602,4194,4385,5493,4749,5379,3701,4607,4527,4349,3720,4354,4840,3570,3783,4592,5584,4718,5045,5620,4185,3800,4221,5287,5122,5229,3514
"COG0583",2048,1699,2574,1414,2992,2059,2027,2600,2397,2052,1924,2077,1688,6004,2327,2405,3770,1973,3193,1705,2175,2560,3984,2927,2129,1972,2631,2284,1934,2331,2775,2047,8904,2473,1667,4009,2418,3878,1953,2172,1670,2442,1531,2319,1451,3505,4694,2004,2188,2101,3560,1688,2922,2283,3527,1958,2124,2189,1968,1780
"COG0584",357,746,700,1395,850,617,1159,535,781,406,733,700,865,729,605,543,466,579,1205,200,893,785,633,626,697,1026,592,661,311,892,369,897,464,702,539,764,671,637,529,475,625,409,786,330,625,527,427,910,839,884,878,707,535,362,826,469,672,572,728,892
"COG0585",2,5,15,5,13,5,9,1,1,0,0,1,6,32,16,16,6,11,17,15,2,3,49,2,0,4,34,1,1,0,64,14,183,3,10,15,1,5,1,8,3,12,11,6,0,1,0,1,1,11,9,2,5,2,15,4,15,0,6,15
"COG0586",253,309,273,302,146,120,230,190,156,247,162,173,308,345,306,266,82,154,334,398,159,322,247,153,153,231,236,132,276,206,138,299,530,128,255,327,233,246,213,241,328,277,257,305,214,74,202,208,177,307,208,310,158,214,626,272,265,131,234,366
"COG0587",1661,1456,1573,1106,1448,1565,1352,1538,1568,1491,1435,1682,1630,1322,1281,1465,1557,1619,1032,2013,1270,1421,1379,1413,2118,1694,1279,1527,1580,1564,2107,1331,987,1670,1557,1623,1303,1747,1475,1459,1409,1368,1177,1653,1687,1336,1413,1439,1527,1086,1663,1518,1585,1783,1546,1617,1547,1578,1720,1648
"COG0588",107,380,230,538,93,145,191,96,190,115,148,230,139,155,369,258,35,26,236,45,192,338,185,185,207,42,273,101,142,64,117,274,156,117,262,187,231,294,167,200,266,183,338,53,197,85,109,135,106,342,122,205,205,60,481,159,315,72,151,262
"COG0589",678,799,705,1074,472,367,835,536,670,946,680,632,1191,738,762,773,260,582,897,1122,558,917,458,388,523,914,603,371,863,567,418,768,500,401,856,358,710,679,833,893,857,810,981,739,805,278,807,768,643,822,518,873,597,589,742,604,818,453,945,970
"COG0590",488,283,257,291,282,353,372,361,336,545,323,354,412,360,296,333,368,456,254,524,287,394,277,322,478,421,264,370,479,349,347,296,169,442,288,327,320,300,377,369,293,256,350,493,323,292,483,344,290,339,358,296,363,551,360,416,361,286,340,273
"COG0591",810,948,1088,1339,1056,801,921,1123,1180,865,871,1215,825,733,805,1015,660,636,1399,812,1141,1163,751,733,813,707,798,1037,1102,1022,860,1124,706,666,1023,693,1015,773,789,950,1163,1262,1196,795,1113,934,2310,1305,1114,993,1261,1095,1070,954,466,996,750,878,1118,1231
"COG0592",479,570,507,431,683,669,622,796,632,791,710,646,693,494,557,572,760,580,510,762,530,520,599,569,790,693,545,696,478,789,793,557,449,632,603,821,550,812,717,660,553,657,454,682,588,660,637,614,610,474,660,551,841,773,598,961,547,671,712,516
"COG0593",89,218,234,326,129,248,222,232,270,148,256,301,134,240,201,233,45,205,257,371,192,199,241,120,187,70,122,246,199,209,243,257,85,92,225,84,278,150,233,184,167,332,200,167,211,128,375,254,228,228,302,268,204,215,142,217,160,215,221,288
"COG0594",63,80,111,47,151,148,101,183,127,75,73,118,39,82,59,91,240,150,84,29,133,75,126,117,180,106,100,181,90,144,198,59,160,143,32,261,98,311,98,66,34,109,41,142,68,200,287,111,139,78,103,74,181,144,263,106,55,147,71,38
"COG0595",247,172,372,130,518,720,300,467,424,139,376,499,124,239,183,257,678,469,243,123,377,217,401,482,1044,590,324,653,249,633,772,269,199,565,172,1080,328,864,310,255,143,343,156,263,250,657,1019,309,449,121,642,262,553,740,1237,373,185,583,310,131
"COG0596",463,199,488,398,571,590,415,589,480,163,310,431,198,663,282,391,732,604,405,189,507,324,662,539,618,475,359,907,230,505,598,553,928,624,242,1128,457,1666,260,266,216,286,146,533,313,734,428,471,536,345,473,219,489,501,1277,444,264,474,373,357
"COG0597",71,101,123,50,136,217,134,197,143,63,120,147,43,134,99,129,211,154,102,39,114,85,202,209,211,109,137,230,101,212,235,97,229,197,89,325,146,275,104,106,46,125,63,161,81,208,357,129,197,92,242,89,183,229,400,163,95,220,82,46
"COG0598",567,777,608,723,397,442,722,536,519,603,714,660,707,636,709,692,439,424,651,691,505,623,563,506,567,551,650,430,549,446,471,696,516,657,616,630,507,538,533,539,780,621,713,548,504,614,432,591,514,765,389,606,486,496,651,679,643,424,650,596
"COG0599",192,195,240,196,183,180,306,180,245,209,261,307,203,461,287,342,121,198,209,219,280,436,262,261,188,253,202,271,144,260,228,432,31,202,250,160,314,278,346,300,335,301,254,278,417,164,411,403,249,218,313,452,373,220,328,251,327,280,311,320
"COG0600",168,169,364,144,404,404,245,320,317,108,349,363,128,289,272,276,411,288,323,96,318,314,462,432,319,142,234,505,126,336,580,244,504,374,138,440,285,502,262,228,161,322,215,175,182,469,468,240,258,258,394,209,328,384,311,374,172,329,209,122
"COG0601",389,355,515,279,807,677,763,579,503,205,642,497,264,781,429,532,975,481,850,262,385,521,839,776,416,386,686,566,365,541,1040,539,1530,508,551,1462,559,1103,367,458,378,706,473,226,347,959,1640,372,491,428,829,455,597,400,1592,328,428,656,437,251
"COG0602",545,400,570,294,370,449,481,479,423,529,447,488,327,396,371,393,465,353,257,470,456,478,415,412,582,330,343,566,506,812,290,347,253,445,351,407,374,549,390,331,321,343,261,507,371,354,447,373,370,363,379,348,437,447,520,459,399,433,324,314
"COG0603",308,228,257,225,151,156,201,258,213,453,235,172,320,249,231,330,215,173,169,367,248,266,148,190,146,276,190,153,276,276,144,216,138,243,299,131,280,334,207,257,269,153,204,306,236,151,161,203,214,244,164,219,227,284,109,327,259,224,227,223
"COG0604",7,32,42,17,12,40,50,2,5,5,1,6,18,468,69,27,3,5,152,49,16,22,167,17,15,4,61,5,0,2,67,26,358,2,9,176,6,21,40,22,37,47,35,34,7,16,151,16,1,21,90,11,32,8,125,4,40,17,30,81
"COG0605",89,114,164,91,108,148,219,112,148,143,180,186,78,175,131,154,23,36,104,46,115,170,157,71,320,32,107,174,48,109,100,163,201,127,192,45,183,116,156,158,153,189,142,54,217,37,14,182,157,117,103,193,142,64,130,91,188,145,177,187
"COG0606",634,768,695,452,627,688,578,659,684,605,704,735,745,656,667,740,586,673,427,974,598,625,606,618,672,612,633,559,659,590,551,449,385,596,505,480,492,366,529,474,558,448,608,485,531,514,703,531,522,516,517,520,628,481,423,519,545,529,586,470
"COG0607",638,1025,644,725,638,499,697,492,723,508,814,647,557,875,955,807,439,231,665,640,561,822,556,705,507,321,819,365,420,487,470,735,809,732,899,357,653,556,470,631,894,448,974,520,698,369,222,659,611,717,601,620,518,444,527,485,1043,412,590,845
"COG0608",866,554,726,441,613,846,680,793,793,769,933,820,799,594,589,778,756,685,623,875,739,708,744,622,790,817,531,748,773,720,932,738,464,754,625,535,666,862,797,722,651,767,543,881,762,615,577,769,800,461,1010,748,826,766,653,737,606,757,876,681
"COG0609",745,651,933,506,701,722,636,691,709,599,898,685,730,917,632,891,758,566,901,686,629,738,730,850,465,617,768,629,825,638,658,671,685,641,622,685,682,720,754,663,674,660,681,424,674,836,1224,537,763,550,803,992,647,512,1001,531,689,516,772,747
"COG0610",1725,525,1281,850,1276,1391,1183,1321,971,1619,1248,1750,421,1430,849,1217,1407,2365,992,1584,1090,672,1420,1412,921,1299,566,1441,437,1632,1237,884,279,1937,1207,1044,985,776,1346,1260,1263,439,102,1792,1257,1087,765,961,1637,1501,1706,604,1497,1328,488,798,1830,1405,1221,1207
"COG0611",83,127,144,202,82,134,291,104,188,204,225,179,126,214,166,139,47,26,203,39,163,107,189,84,164,35,146,119,48,100,154,168,188,189,159,32,230,130,128,203,122,110,182,195,289,46,11,124,77,165,93,141,211,59,158,50,183,164,201,147
"COG0612",1820,1769,1862,1670,1495,1642,2081,1507,2117,2552,2055,2243,2204,1610,1969,2042,768,2441,1844,5082,1909,2056,1737,1275,2461,1031,1489,1395,1365,1446,1740,2224,643,1381,2096,538,2404,696,1976,2239,2232,1505,2281,1854,2698,536,224,2143,1959,1650,1526,2193,1882,1802,999,2246,2380,1652,2504,2305
"COG0613",117,129,252,97,328,328,198,308,252,88,291,270,94,196,201,263,308,226,318,79,246,167,312,252,595,126,169,370,104,311,434,218,365,233,163,333,166,325,183,149,197,158,140,207,221,328,542,160,204,142,485,188,275,325,262,236,110,285,173,117
"COG0614",950,1016,932,770,943,720,636,813,714,645,1021,845,737,1043,876,1105,775,646,1133,574,762,915,679,932,618,622,837,813,929,800,707,870,615,869,792,667,885,990,804,783,942,880,825,497,789,940,1102,654,918,810,848,1028,722,563,1195,775,933,637,1044,879
"COG0615",137,462,301,379,165,188,113,249,233,819,102,223,554,123,72,163,354,318,215,953,225,110,169,294,147,456,180,329,404,268,179,176,12,157,292,323,472,276,176,407,215,431,474,533,194,169,155,157,525,358,114,179,373,216,223,516,113,273,159,221
"COG0616",534,338,454,571,261,215,584,348,481,472,538,414,599,512,406,531,196,487,508,919,359,401,306,226,305,517,393,271,588,346,298,485,773,332,492,50,400,197,450,538,521,422,467,786,616,125,7,521,336,401,338,485,428,423,124,381,493,326,545,461
"COG0617",543,351,544,340,543,625,554,566,648,563,556,524,584,482,408,566,611,549,447,799,573,470,643,538,683,487,451,595,586,514,673,463,617,622,385,679,488,682,552,513,436,415,481,801,656,615,749,592,545,374,683,576,750,643,642,769,557,655,690,425
"COG0618",595,471,467,371,474,611,449,607,511,591,436,524,607,369,379,437,616,562,320,542,533,525,497,600,603,763,407,748,611,653,534,332,102,672,408,430,446,585,526,561,431,448,340,584,563,626,323,504,576,451,516,458,634,800,414,621,484,643,483,400
"COG0619",204,273,427,165,668,719,760,599,385,168,374,602,113,276,181,311,674,432,243,133,417,322,462,524,302,442,308,668,412,525,736,321,348,458,244,979,324,1014,300,247,180,431,179,330,239,765,1460,444,422,199,1000,293,646,587,852,357,269,611,428,171
"COG0620",261,246,514,104,191,175,284,460,290,259,262,273,493,392,186,321,473,462,145,488,373,258,389,390,230,459,193,385,901,528,281,185,478,289,250,737,240,1036,425,316,188,417,117,566,203,488,625,284,390,291,307,316,322,281,486,521,279,373,350,211
"COG0621",1654,1490,1543,1350,1582,1865,1589,1649,1701,1738,1665,1820,1718,1344,1528,1476,1509,1593,1176,2696,1511,1500,1434,1628,2127,1487,1549,1809,1819,1637,1798,1348,762,1831,1626,1256,1406,1225,1633,1583,1516,1418,1579,1776,1679,1509,1414,1630,1658,1440,1767,1548,1739,1954,1060,1829,1662,1660,1782,1370
"COG0622",279,257,304,278,374,384,345,343,318,305,292,321,222,322,244,265,488,325,255,307,277,383,234,373,285,244,269,376,317,352,325,343,298,465,316,379,322,397,340,273,228,375,297,390,318,465,436,392,401,296,488,343,316,421,351,374,413,403,323,306
"COG0623",396,141,185,183,126,134,241,140,202,303,210,206,318,192,181,221,77,164,172,471,150,206,153,71,257,203,131,113,395,170,124,213,133,215,215,58,202,185,211,256,240,137,196,288,265,22,8,215,150,193,134,206,149,206,169,285,282,120,292,225
"COG0624",859,811,972,696,1238,933,1073,663,1041,865,1291,988,871,1203,1033,1081,962,763,1740,758,817,1399,966,828,958,720,873,791,544,780,1061,1016,1636,859,1141,1020,936,1064,943,979,1232,947,1149,984,1099,775,878,793,919,882,1494,1209,1179,537,1068,764,1165,703,1281,778
"COG0625",17,16,70,13,20,1,52,7,9,21,7,0,64,422,87,55,20,10,76,84,22,26,286,11,6,8,174,2,7,16,89,61,712,16,21,72,25,43,7,29,26,36,38,36,4,10,4,1,3,51,83,10,25,9,124,3,55,5,22,63
"COG0626",69,106,109,85,62,168,141,83,110,34,150,129,85,287,134,133,198,109,318,81,75,88,213,107,89,91,170,158,31,113,158,78,558,98,60,441,66,234,65,90,154,117,124,148,108,143,352,79,112,77,202,81,137,149,353,52,63,102,226,79
"COG0627",304,380,400,780,229,376,410,277,415,234,371,261,127,291,366,265,220,134,533,82,396,445,267,258,244,83,338,360,146,247,255,304,222,236,604,398,429,387,149,284,431,254,299,172,345,199,220,315,282,383,283,389,160,96,230,306,300,249,287,359
"COG0628",856,927,1085,905,1078,1289,922,1086,1000,856,899,1166,785,957,1020,875,1091,900,921,898,1051,1088,1296,916,1098,812,838,1415,774,1155,1213,1010,1213,1006,970,1162,1017,1164,992,981,942,870,844,864,905,823,582,992,1044,928,995,949,1055,1141,1296,1038,930,1129,953,1024
"COG0629",276,340,466,316,450,647,499,533,493,350,346,588,275,393,354,374,533,472,374,299,437,915,526,490,587,468,380,662,306,576,880,408,628,535,336,632,467,603,437,374,278,440,355,410,330,573,685,445,533,298,569,385,484,726,700,348,380,561,337,336
"COG0630",6,23,76,5,13,5,11,51,14,22,17,11,2,99,9,16,66,27,0,5,117,12,3,89,19,10,14,43,12,43,11,14,36,41,13,32,68,191,12,9,2,63,5,18,29,68,0,6,51,55,26,10,19,4,1,79,3,44,0,0
"COG0631",340,256,238,150,323,618,416,468,496,174,247,417,76,165,70,210,554,546,151,389,593,303,388,527,549,193,279,754,367,479,533,220,105,494,218,754,346,405,451,433,131,290,93,557,313,411,682,274,487,170,491,214,545,850,563,444,260,674,269,183
"COG0632",314,380,302,182,334,369,309,286,320,374,341,363,460,254,303,275,291,356,218,443,301,319,294,342,439,391,285,298,294,333,359,275,127,330,288,296,260,276,433,315,300,262,282,373,309,294,351,301,303,228,324,315,369,424,290,347,349,276,263,280
"COG0633",2,12,28,8,18,1,19,3,10,8,5,1,21,82,43,18,2,4,34,19,11,7,67,6,4,1,62,3,3,4,23,22,252,6,5,21,5,41,3,10,14,21,18,10,8,1,1,1,2,8,12,5,6,2,40,3,23,0,8,22
"COG0634",297,310,336,238,281,332,337,366,331,315,295,362,231,317,276,282,357,368,239,370,295,352,310,323,242,290,240,417,289,383,338,285,235,325,332,451,337,384,377,286,266,346,271,297,312,322,339,351,322,262,358,314,335,413,564,369,333,329,272,247
"COG0635",660,621,872,730,888,843,749,1012,840,683,830,848,731,795,815,883,892,786,812,763,903,620,778,918,845,704,798,800,781,851,1026,711,859,967,599,728,689,1073,788,630,616,893,763,1014,730,995,1329,734,831,625,996,804,906,791,758,758,651,781,758,564
"COG0636",148,276,214,220,201,221,238,250,267,189,188,236,110,161,250,221,227,120,198,45,206,274,203,187,153,102,191,261,128,174,242,174,146,232,212,139,214,217,152,172,235,228,178,123,217,261,159,233,229,241,228,205,206,213,148,191,252,281,179,180
"COG0637",842,844,873,754,930,864,813,998,820,830,757,766,648,775,815,811,876,882,577,703,878,804,827,1023,646,642,932,890,1052,847,560,726,850,898,753,1133,883,753,821,842,698,884,690,729,769,949,1453,803,934,768,899,752,838,857,812,840,772,843,670,681
"COG0639",110,328,234,389,124,208,191,347,316,211,130,237,127,213,360,228,114,232,179,366,256,229,283,205,209,61,354,329,90,115,382,288,375,244,266,345,346,349,207,133,260,176,290,169,145,159,15,213,145,261,112,196,114,115,640,255,173,203,111,343
"COG0640",89,98,215,113,267,276,202,237,235,106,131,257,49,226,130,111,406,258,209,75,261,106,233,255,293,164,218,295,133,277,388,177,308,239,133,415,173,646,135,97,79,226,86,254,140,270,304,149,252,240,305,123,311,300,498,163,164,271,147,121
"COG0641",2202,1163,981,1116,857,934,1101,1449,953,690,821,809,710,809,863,1037,946,1659,903,1832,1367,786,908,995,1136,890,1165,1108,1823,1093,806,1294,1076,891,958,834,1208,988,970,1039,1440,1591,1252,2615,957,1211,704,1258,966,1630,845,846,1427,1130,994,2173,896,1088,1026,1222
"COG0642",15403,20797,17952,28335,16020,13503,14360,16002,17037,14366,15497,16432,14080,14390,23687,17044,13956,15279,26928,9094,21173,17341,16017,15715,16344,14555,17812,15763,11983,14312,14470,23050,9871,15877,19460,11830,25957,11596,13644,17451,21006,20863,22720,10337,19647,14357,7535,20462,16939,23669,14729,18565,13012,11867,9957,15346,16855,15552,17783,26714
"COG0643",77,75,238,25,58,71,57,129,191,46,134,106,30,43,83,135,159,150,104,39,158,58,178,310,56,76,206,314,46,90,108,64,353,285,45,100,105,388,85,132,43,106,26,265,92,319,19,100,169,130,49,46,97,79,83,186,44,230,30,60
"COG0644",12,9,62,31,9,6,39,8,3,4,8,21,51,6,52,26,12,12,74,44,5,15,127,10,4,3,132,2,3,2,139,29,645,6,15,21,3,58,4,34,35,43,31,28,3,10,10,7,8,28,48,8,44,9,183,2,61,4,21,45
"COG0645",0,0,0,0,0,16,0,0,2,0,0,0,0,0,0,0,0,7,0,0,0,0,3,0,2,0,0,18,0,5,7,0,0,13,0,0,0,0,0,0,0,0,0,0,1,0,0,4,7,0,0,0,0,1,0,0,0,0,1,0
"COG0646",975,1090,1156,589,1276,946,809,983,1014,893,940,993,998,957,770,1094,834,782,564,1303,1034,953,1107,1445,648,892,1105,849,1256,825,542,729,749,1027,978,809,890,759,1049,1018,960,1040,852,739,943,1056,972,1109,1019,694,1074,1229,955,1086,399,1102,1068,990,1011,921
"COG0647",40,23,84,45,114,118,111,118,107,22,68,123,30,99,18,65,83,87,159,55,35,46,189,44,75,52,47,122,12,180,178,77,181,89,45,278,80,174,87,56,39,38,29,60,94,51,320,88,140,49,234,53,129,77,253,79,43,85,194,37
"COG0648",198,375,374,294,351,328,235,318,311,149,326,332,109,212,301,329,312,173,307,64,344,362,334,377,492,133,292,365,148,239,253,269,190,204,246,275,271,316,223,218,307,271,250,130,240,252,201,285,295,290,332,329,302,184,200,201,257,305,261,312
"COG0649",413,404,289,377,219,248,459,245,353,451,439,344,478,406,331,379,92,217,290,720,228,433,235,223,245,362,319,168,373,247,98,348,168,308,509,37,376,35,441,399,393,323,447,271,495,91,9,421,353,356,206,434,257,298,42,340,453,291,432,352
"COG0650",12,9,48,5,32,19,19,15,27,9,33,36,26,67,19,39,16,16,42,27,18,16,60,6,21,21,57,9,5,16,74,32,222,10,14,17,21,11,16,33,30,31,29,6,25,5,9,7,9,10,140,20,31,13,50,17,17,3,41,21
"COG0651",68,62,210,79,280,128,185,154,102,54,235,234,107,183,100,255,58,50,375,170,114,151,344,44,116,44,180,98,20,162,234,133,821,86,143,50,229,42,75,152,172,74,115,14,130,51,22,75,117,140,183,154,178,35,98,107,137,130,218,131
"COG0652",536,338,468,344,504,495,455,513,453,544,456,504,551,368,417,486,480,591,370,586,482,502,489,499,711,553,348,525,491,517,528,453,393,433,424,442,395,480,559,451,421,455,391,542,424,489,389,435,433,398,441,415,472,546,521,606,480,528,525,340
"COG0653",1317,791,1178,901,1293,1541,1157,1308,1392,1252,1239,1346,1080,893,950,1317,1484,1294,757,1097,1173,1054,1099,1421,1576,1169,1223,1558,1728,1249,1587,1063,835,1196,1184,1431,1124,1354,1305,1113,1147,1126,1065,1602,1338,1422,1181,1243,1247,836,1336,1298,1291,1465,1014,1356,1009,1590,1580,907
"COG0654",5,11,66,223,19,4,19,43,5,9,4,5,75,254,58,47,0,0,59,154,11,11,263,12,0,4,190,8,2,55,82,122,701,3,18,54,6,31,2,22,25,38,51,175,1,13,1,5,11,32,79,14,127,0,57,222,61,0,31,113
"COG0655",249,336,369,378,385,353,408,432,377,351,451,407,291,296,340,343,512,212,477,68,471,334,372,372,421,211,284,473,305,424,548,522,396,345,427,437,510,615,364,368,347,435,443,178,415,649,834,420,604,385,794,376,511,319,271,395,391,600,374,292
"COG0656",375,583,353,571,391,245,351,373,304,382,270,418,327,660,338,281,507,381,561,275,498,560,556,295,453,394,256,311,466,379,307,780,597,214,262,1030,368,711,375,436,521,335,354,542,524,314,415,290,598,509,478,377,485,319,1581,283,403,367,504,499
"COG0657",593,809,925,907,1328,762,842,897,995,552,702,823,1104,610,915,843,939,749,961,746,1095,728,975,1019,767,1141,1162,932,735,922,741,984,459,1040,985,1268,862,1293,848,917,868,1271,924,644,740,955,776,943,997,1224,1275,903,952,860,1313,1001,851,897,975,1141
"COG0658",394,455,719,511,621,668,581,654,575,477,661,672,177,544,355,502,557,407,443,585,461,531,646,489,819,223,408,511,498,396,590,493,332,635,556,592,597,819,559,437,517,675,438,347,605,652,806,657,871,419,414,536,644,592,647,461,561,603,648,543
"COG0659",613,727,545,418,297,426,490,603,521,690,498,459,778,634,689,703,779,535,367,702,622,550,603,663,335,673,576,498,670,432,304,568,338,842,589,522,684,792,749,698,704,543,835,703,751,738,533,630,723,749,362,521,591,700,321,822,593,711,501,473
"COG0661",54,71,68,51,83,75,113,77,53,54,48,27,41,168,47,68,281,111,97,49,33,16,132,84,549,124,70,65,129,38,221,64,308,27,10,402,39,373,60,57,30,29,52,29,27,152,750,13,34,31,140,32,50,58,215,48,24,51,83,18
"COG0662",122,187,332,82,509,270,107,378,213,326,245,407,433,394,94,155,407,224,297,72,387,124,238,357,182,548,315,381,219,326,171,136,310,321,94,308,209,514,269,278,110,192,249,228,265,490,147,169,262,192,147,93,176,247,181,340,97,341,110,56
"COG0663",199,208,205,178,256,172,265,175,182,315,218,191,221,320,172,229,235,182,197,165,193,194,294,180,126,158,257,166,257,189,147,277,381,190,233,121,138,82,233,222,265,204,200,137,251,176,193,179,178,180,175,238,204,160,195,160,352,213,258,308
"COG0664",1261,1404,1204,2111,1096,1044,1393,1109,907,1356,1299,1202,1160,1194,1255,1253,815,807,1609,877,1180,1329,812,992,1042,1215,1071,844,1163,1191,1056,1553,782,946,1577,932,1214,894,1117,1164,1389,1579,1548,1082,1469,551,555,1226,1415,1602,971,1051,892,905,1219,965,1723,1178,1060,1661
"COG0665",54,45,104,54,77,135,121,65,221,23,106,164,104,326,70,93,92,65,112,50,140,19,362,79,104,32,162,106,22,97,275,95,796,142,178,135,157,43,108,90,97,149,81,303,50,72,23,102,182,115,211,71,130,189,131,106,61,66,46,90
"COG0666",79,325,273,326,330,181,258,242,259,173,338,282,128,409,184,119,106,58,417,167,127,284,404,178,216,45,185,444,99,256,75,363,714,321,192,44,509,72,137,248,368,59,182,221,148,38,9,65,83,136,286,732,207,114,138,79,259,95,443,360
"COG0667",633,893,718,694,903,735,907,720,772,859,704,879,721,1276,816,909,809,775,1115,460,915,688,1157,855,672,719,740,760,590,813,669,1045,1092,872,919,908,720,419,825,771,797,554,722,533,804,674,1101,1253,727,814,766,714,811,588,671,633,902,899,784,933
"COG0668",1045,1210,1282,1254,903,786,1047,959,962,1611,1122,1124,1600,1035,1109,1116,656,863,1305,1370,989,1254,991,609,1046,1320,966,901,697,993,860,1195,624,829,1241,437,1234,435,1228,1307,1328,1116,1191,773,1202,468,439,1046,1041,1082,989,1242,911,1130,782,990,1187,803,1196,1450
"COG0669",303,297,261,224,312,260,327,309,285,294,305,277,288,297,281,283,264,277,192,305,254,341,280,304,252,284,278,295,254,297,287,320,204,310,344,265,282,389,365,314,263,303,262,351,275,247,211,316,308,230,303,277,307,331,366,305,261,274,301,279
"COG0670",157,14,69,37,93,95,154,117,44,239,107,38,271,179,41,90,125,239,97,346,55,48,102,57,232,211,89,52,178,141,86,87,437,150,103,160,57,145,173,113,30,99,58,240,88,34,81,64,72,49,50,72,157,296,425,195,153,128,119,35
"COG0671",483,361,482,315,378,423,339,480,368,630,325,365,585,441,334,339,490,600,403,804,337,352,406,415,368,687,362,387,432,520,430,342,560,340,354,593,300,565,477,458,331,353,276,556,338,424,126,341,480,351,357,354,505,679,742,559,423,449,359,276
"COG0672",2,4,16,3,21,3,59,6,2,0,1,0,13,48,12,35,11,16,60,18,5,11,43,9,4,16,27,0,0,0,21,12,174,2,2,84,1,20,2,14,8,25,16,4,0,11,170,6,1,9,10,13,6,2,136,1,15,1,13,30
"COG0673",1307,2621,2034,2846,1601,1674,1683,1849,2080,2218,1706,1982,1686,2081,2089,1964,1431,1564,2441,1245,2099,1756,1936,1705,1986,1186,1963,1455,2021,1462,2608,2366,1580,1362,2340,1630,2223,1623,1816,1883,2344,2139,2153,1355,1861,1814,1504,1426,1928,2580,1627,1881,2115,1172,1987,1625,1982,1492,1920,2129
"COG0674",2130,1692,1829,1549,1661,1802,2275,1625,2006,2394,2423,2078,2757,1670,1643,2156,1571,1346,1536,2319,1724,2359,1442,1363,1821,2122,1617,1532,1947,1663,1697,1806,664,1598,2065,909,1809,738,2242,2072,2239,1798,1963,1679,2242,2027,1540,2091,2090,1284,2624,2370,2151,1859,886,1842,1968,1827,2535,1904
"COG0675",441,1220,508,318,460,288,567,723,294,919,1120,234,682,525,539,929,1611,426,183,272,474,918,365,688,451,488,513,445,2489,2093,263,434,499,394,126,1877,690,3859,504,250,212,374,203,265,279,1292,6215,329,383,223,405,325,282,300,2501,329,230,295,218,375
"COG0676",2,1,16,2,3,1,18,2,3,1,0,11,10,47,7,10,2,7,8,20,0,3,61,6,0,6,23,0,0,10,26,6,122,1,2,116,0,2,22,7,5,9,1,4,3,5,137,1,0,10,24,1,17,3,144,0,9,0,24,12
"COG0677",133,203,524,351,268,177,252,303,123,295,601,764,377,252,287,426,122,209,533,472,238,434,243,173,354,443,482,432,101,376,426,547,439,107,511,47,348,85,422,407,368,554,309,144,746,126,16,332,473,262,284,436,209,500,193,169,314,297,294,408
"COG0678",0,1,1,0,0,1,0,0,0,0,0,0,1,0,1,0,5,7,0,0,0,0,0,0,0,1,1,1,2,0,0,0,0,0,0,1,3,1,0,2,0,1,0,0,0,0,1,0,0,0,0,1,0,0,3,1,1,0,0,1
"COG0679",242,290,567,135,772,604,588,670,478,485,452,447,367,480,271,400,1068,599,427,393,489,356,365,653,415,639,405,474,348,562,464,335,391,549,351,997,497,1320,504,366,238,543,182,618,364,970,1437,325,526,252,655,367,638,592,661,510,327,615,453,181
"COG0680",13,43,36,24,16,3,24,26,17,38,22,14,34,30,45,56,8,15,16,27,25,14,66,4,14,13,25,12,81,18,77,41,201,17,22,9,13,59,41,27,45,32,27,8,16,40,159,2,3,32,32,26,21,5,99,3,25,15,38,37
"COG0681",971,1186,1066,1202,716,899,1069,885,1088,940,991,1002,894,855,1132,984,903,668,753,1039,981,1187,716,956,1443,622,924,1046,882,844,1034,914,335,812,937,740,825,717,770,790,811,804,882,608,923,650,388,755,793,939,647,852,703,754,845,580,945,795,810,817
"COG0682",457,439,383,262,364,391,374,362,395,497,302,380,475,307,398,351,496,444,271,356,393,386,348,390,462,473,357,360,522,406,452,384,235,482,442,468,390,439,550,512,403,365,401,587,459,453,656,377,384,349,494,386,507,528,516,442,424,440,439,358
"COG0683",135,199,214,152,492,390,320,283,275,117,357,335,132,538,168,315,349,207,360,99,247,545,367,436,284,158,264,302,174,324,414,176,714,207,272,383,400,414,313,188,158,243,167,418,348,310,618,193,309,258,655,1013,307,318,323,236,264,228,314,158
"COG0684",34,11,54,58,217,142,123,52,55,40,44,67,33,82,81,19,32,21,208,43,85,82,144,14,61,9,54,119,16,143,107,153,374,56,94,22,102,35,53,41,53,70,38,31,71,32,11,40,36,117,119,100,29,47,118,29,80,62,46,43
"COG0685",490,644,503,454,597,503,419,573,466,458,502,625,410,442,463,450,489,541,381,534,516,534,554,636,330,416,551,503,617,500,315,447,286,634,469,422,456,517,508,507,524,417,479,576,465,575,389,498,536,485,447,484,516,588,351,601,564,526,450,424
"COG0686",319,332,233,305,153,138,231,229,234,492,268,251,512,103,286,321,86,317,251,28,207,309,137,162,187,424,200,142,502,241,209,326,33,74,315,20,246,72,355,407,333,233,343,226,313,148,402,178,207,273,144,304,228,171,81,72,262,202,288,316
"COG0687",438,361,592,381,640,628,483,484,498,497,523,496,430,556,452,443,651,521,376,193,439,589,513,546,322,577,511,585,439,563,475,362,669,577,522,556,403,642,497,456,443,546,411,574,434,581,192,522,500,378,524,513,503,568,531,322,498,547,471,393
"COG0688",392,432,248,298,226,203,295,293,266,406,286,243,465,320,341,303,201,284,282,478,220,337,209,224,206,392,223,225,375,247,171,366,307,245,298,234,261,315,328,291,401,164,343,379,330,125,172,276,172,381,192,280,217,373,265,323,345,225,283,327
"COG0689",26,30,58,9,26,13,41,30,29,25,57,24,52,101,55,66,17,23,44,35,16,19,136,14,17,21,39,15,62,15,66,49,175,27,4,108,46,105,75,21,38,38,27,18,28,34,226,1,18,23,80,30,55,27,123,4,25,17,39,22
"COG0690",5,3,7,0,6,0,12,2,11,7,20,7,11,49,10,21,13,9,12,7,16,9,11,3,3,2,9,5,3,6,19,13,17,7,2,11,7,45,1,8,7,5,7,79,8,1,0,1,1,9,5,10,11,8,5,3,4,1,4,2
"COG0691",245,207,206,162,221,232,220,203,196,181,177,215,158,192,191,183,192,188,135,209,183,234,168,183,296,185,169,233,194,240,274,188,117,250,204,276,178,271,201,211,270,208,179,263,252,220,220,214,224,212,273,238,231,323,348,259,249,254,230,207
"COG0692",349,238,296,208,151,278,252,340,239,373,348,189,359,198,229,342,248,289,197,348,227,355,170,204,223,248,154,314,311,244,179,207,149,286,240,283,164,308,214,211,302,192,196,329,297,271,430,274,314,244,167,282,237,255,365,250,312,251,314,235
"COG0693",427,468,393,432,368,335,344,299,320,381,355,337,377,334,481,423,367,344,458,328,394,437,354,401,247,328,370,348,366,340,291,436,402,413,382,321,362,261,351,402,509,411,589,406,425,292,110,419,383,481,361,474,319,345,450,326,375,424,383,427
"COG0694",7,3,10,3,5,7,16,4,1,5,5,10,10,40,10,11,14,18,10,12,5,2,32,7,60,7,20,8,1,8,47,10,116,3,4,10,28,8,6,12,15,20,10,108,8,2,5,3,10,8,40,2,10,23,15,6,13,3,11,10
"COG0695",1,4,11,2,5,4,15,0,0,1,0,0,9,50,12,4,11,17,20,18,1,1,23,3,0,6,20,2,2,0,6,16,101,2,3,68,4,7,0,3,1,12,10,5,0,4,112,2,0,6,28,1,6,3,114,0,12,0,9,11
"COG0696",909,511,663,443,719,927,670,730,768,968,846,851,1084,592,486,623,696,756,451,1068,628,696,651,572,905,932,647,727,886,758,837,643,526,804,769,442,697,513,989,753,623,582,483,923,763,634,462,673,761,377,744,817,830,927,414,699,764,862,828,549
"COG0697",1958,2092,1636,1556,1538,1420,2110,1808,1533,2250,1795,1579,2475,3027,1861,1892,1466,1774,1911,2708,1522,2062,1583,1334,1319,2009,1420,1339,2362,1730,1538,1900,2051,1849,1694,1353,1599,1657,1813,1767,1961,1440,1553,1996,1585,1496,2593,1605,1551,1564,1816,1858,1806,1699,1477,1645,1892,1400,2111,1729
"COG0698",272,173,301,162,310,388,280,353,299,276,274,343,202,304,151,240,380,311,272,290,254,226,297,371,343,342,272,359,264,320,285,255,223,319,191,236,307,456,340,272,164,310,176,305,277,438,348,293,340,237,437,262,336,418,169,342,244,373,300,161
"COG0699",5,28,43,62,46,202,48,399,83,564,37,61,22,35,85,73,183,292,108,35,336,15,126,12,77,3,131,222,13,149,88,90,381,112,85,155,72,331,65,357,101,179,24,20,17,9,2,82,13,265,40,43,29,225,50,118,117,56,159,160
"COG0700",521,328,307,329,206,251,292,271,365,519,299,305,660,304,388,404,251,390,283,468,259,437,204,251,219,539,301,252,482,413,309,355,189,364,376,127,291,123,429,343,393,293,348,439,390,297,172,313,260,310,250,309,331,423,167,316,342,389,362,341
"COG0701",302,152,78,107,83,128,114,100,180,135,133,67,88,159,117,108,88,37,255,75,103,62,148,45,91,44,151,37,68,103,89,248,366,118,103,24,71,171,133,154,89,241,76,55,285,77,219,134,161,194,95,93,83,183,337,94,119,232,111,97
"COG0702",17,12,58,13,38,9,23,15,7,7,9,7,37,162,59,27,26,21,69,61,24,17,157,29,26,15,108,13,9,17,149,52,413,10,20,148,19,56,5,55,27,37,42,20,8,32,5,21,18,44,47,23,19,20,569,32,45,21,40,69
"COG0703",396,403,434,297,524,407,397,412,466,407,332,420,430,352,356,397,656,446,239,391,358,431,372,449,274,445,368,382,370,411,317,344,339,421,297,562,343,601,481,369,298,355,293,478,351,516,539,352,427,334,537,393,560,433,606,397,352,415,314,289
"COG0704",180,347,379,299,442,310,290,284,282,143,278,342,136,196,301,295,308,196,251,79,325,359,346,306,196,155,337,328,218,282,326,279,285,256,260,357,286,397,236,250,320,346,333,184,270,345,393,395,320,283,278,349,236,215,392,269,288,323,278,329
"COG0705",519,438,444,535,278,268,542,419,271,288,313,354,339,576,506,423,277,443,473,372,366,404,346,286,452,325,372,381,522,365,188,377,187,449,389,309,320,290,293,322,384,423,429,429,388,277,194,381,305,382,215,387,223,371,304,300,338,362,346,459
"COG0706",770,771,787,660,705,863,748,772,748,886,745,765,916,683,625,750,902,687,482,948,741,666,746,755,744,766,759,827,801,945,703,615,583,771,725,915,678,1151,840,859,706,628,633,974,782,836,712,727,833,605,705,848,876,843,856,913,776,874,696,649
"COG0707",739,619,640,394,736,754,545,784,675,656,616,810,620,522,489,701,794,730,462,734,616,626,676,653,1192,864,592,814,799,676,946,464,393,788,564,868,551,701,782,625,537,594,528,866,620,741,900,615,665,466,725,654,857,864,746,722,514,725,675,448
"COG0708",335,236,276,193,335,292,336,348,274,342,253,315,378,256,224,306,391,372,249,483,290,273,275,271,228,520,195,245,354,399,433,353,191,260,306,399,306,325,334,294,253,314,186,369,293,305,467,287,314,172,378,299,335,376,488,378,283,253,331,265
"COG0709",63,61,74,29,211,62,71,98,88,45,86,108,60,152,52,115,254,128,75,33,83,62,98,159,73,83,98,57,91,73,106,39,152,86,43,177,67,94,49,53,35,139,62,28,49,248,237,63,95,31,79,78,86,53,142,46,52,66,42,35
"COG0710",93,51,69,34,168,105,65,117,138,26,70,99,29,97,30,77,200,112,55,30,105,74,167,159,82,82,131,68,39,70,59,58,161,112,35,165,71,286,85,67,34,86,47,71,39,235,103,104,75,40,90,89,148,137,223,38,76,110,66,43
"COG0711",187,211,219,129,331,222,249,193,279,228,215,232,186,220,218,276,264,245,167,299,275,330,241,276,181,204,252,178,228,177,158,216,183,235,263,299,188,256,229,222,238,217,187,267,231,306,403,278,258,176,226,332,251,209,328,254,338,263,271,193
"COG0712",111,140,234,156,261,182,151,183,166,92,151,159,72,163,183,172,232,144,148,70,226,180,174,240,127,114,182,254,160,141,137,204,176,221,168,311,234,297,128,133,192,245,136,150,200,257,500,211,221,158,139,230,185,103,377,214,195,253,183,212
"COG0713",27,57,65,93,39,25,74,18,24,15,67,31,21,88,40,56,18,3,62,27,30,96,35,26,22,3,43,29,18,28,27,62,52,68,63,6,45,12,66,32,81,114,80,16,60,7,1,65,60,66,34,89,18,16,13,29,70,63,59,84
"COG0714",713,636,925,733,1162,979,1006,869,1148,778,860,979,710,790,719,734,993,968,776,778,1092,743,921,917,940,759,813,966,775,859,822,928,979,898,692,861,1083,697,959,763,662,1260,776,862,764,865,628,929,1026,802,737,1046,958,1163,600,938,827,888,848,885
"COG0715",472,252,420,319,498,433,370,496,348,337,374,412,431,538,395,507,508,453,495,491,345,377,530,539,482,483,323,483,412,464,732,363,404,472,253,531,423,536,420,423,304,482,391,415,301,672,742,276,321,376,421,313,455,567,395,508,216,394,311,246
"COG0716",530,835,644,637,629,654,910,712,590,458,569,682,427,1033,675,721,624,592,574,561,820,727,912,612,568,498,562,816,509,647,631,1004,625,569,462,570,631,765,556,706,642,716,530,563,789,607,704,784,630,530,786,753,799,598,566,664,618,809,649,823
"COG0717",4,4,23,5,10,11,66,11,8,17,7,21,9,37,9,6,17,7,31,19,4,8,35,5,25,16,36,10,2,6,52,39,101,10,7,72,17,6,12,15,9,65,7,156,2,10,402,4,2,24,57,24,41,21,90,3,26,9,31,17
"COG0718",65,53,94,43,136,205,58,142,126,49,104,149,24,83,62,81,174,106,57,27,109,98,108,164,210,83,92,199,44,147,198,67,91,149,58,186,110,140,89,80,45,96,58,128,82,180,172,88,101,32,173,86,153,162,195,110,65,157,72,44
"COG0719",997,1214,933,886,527,1024,1120,923,1057,1108,911,1100,1495,843,1086,1072,690,879,706,1280,881,1055,887,908,1242,1081,995,879,1159,900,839,924,481,1045,994,503,835,981,1103,956,1079,992,1110,864,1172,940,1240,1037,962,973,941,883,839,1231,1187,1179,928,875,1134,894
"COG0720",227,241,197,91,79,124,138,168,151,218,183,167,71,146,173,150,133,90,119,65,207,177,129,181,132,44,124,109,233,184,80,150,94,185,136,101,181,339,130,130,175,174,158,219,189,146,74,163,160,220,115,138,154,167,110,276,155,206,111,150
"COG0721",62,40,69,25,40,119,63,108,70,26,60,89,12,24,17,66,119,78,43,22,78,45,69,73,210,52,27,164,46,87,110,37,22,105,24,156,64,197,72,45,36,61,10,32,58,135,124,70,86,45,146,49,72,117,218,82,26,92,52,39
"COG0722",112,125,194,50,133,198,222,180,164,48,112,153,39,247,131,176,401,234,131,127,198,160,318,279,129,149,250,306,47,180,228,109,628,259,172,522,134,315,114,108,75,178,76,255,84,469,505,149,238,126,232,112,238,175,355,227,67,175,138,115
"COG0723",47,7,10,18,20,46,10,21,22,5,33,80,1,14,10,19,5,24,19,1,16,8,20,30,48,5,27,50,5,24,81,16,26,51,6,8,17,11,9,14,10,19,5,8,7,13,14,18,21,7,34,16,31,60,12,4,1,6,7,14
"COG0724",135,449,226,412,106,48,97,108,147,109,118,194,101,98,357,190,36,9,189,13,169,324,102,169,190,21,177,127,124,79,70,270,3,83,226,14,218,42,143,164,312,197,250,18,207,72,15,255,189,409,80,166,98,15,101,103,290,76,100,335
"COG0725",100,78,74,48,204,80,81,98,99,60,96,35,60,167,70,98,202,92,123,34,78,80,93,117,69,113,76,88,138,68,116,66,205,93,90,191,67,201,55,53,72,79,54,86,53,245,284,47,64,59,156,72,82,50,129,50,95,67,48,34
"COG0726",912,1295,1053,931,947,1272,798,1043,1116,637,884,1334,635,969,1186,1005,1128,1090,1099,623,1142,1236,1340,857,2306,709,1055,1458,782,1004,1181,1319,1077,1285,924,919,1100,793,943,838,1045,1119,1038,638,925,1381,822,1040,972,832,1435,996,1082,1067,924,1025,896,1143,793,1298
"COG0727",11,55,8,20,136,33,52,12,20,7,11,42,7,36,23,10,31,8,16,10,27,29,23,91,9,9,35,31,6,20,86,38,78,14,17,67,13,122,29,20,8,33,21,11,12,29,24,22,17,10,26,23,25,21,29,58,14,41,12,7
"COG0728",60,19,76,12,36,63,139,34,54,31,87,29,52,102,51,89,40,82,106,44,49,29,124,74,18,39,91,52,39,32,46,46,172,43,17,292,70,77,58,23,87,31,43,170,45,24,272,33,17,24,95,35,72,27,217,24,38,43,45,50
"COG0729",85,14,38,10,12,9,20,9,72,56,185,0,71,128,85,59,9,23,131,32,53,20,41,3,5,8,56,1,14,0,34,155,247,10,15,24,1,269,8,30,38,25,64,66,69,5,5,3,3,27,20,39,18,13,33,5,23,1,58,33
"COG0730",75,126,108,47,222,108,89,164,108,88,167,103,103,218,138,165,186,82,247,64,94,101,98,109,148,82,89,81,213,183,148,140,133,97,92,187,119,449,84,93,80,109,94,405,96,194,600,60,80,104,293,101,147,156,372,103,84,75,80,73
"COG0731",404,331,226,314,136,146,241,208,197,375,286,215,293,226,233,220,110,159,209,440,153,297,118,108,161,292,177,123,277,200,94,301,2,169,275,31,207,89,282,279,313,198,271,245,282,89,11,227,232,237,166,262,189,200,118,181,338,165,203,296
"COG0732",1646,497,1071,889,867,898,920,832,841,711,989,1006,408,912,855,885,684,1354,679,1938,741,523,713,609,648,1356,378,1022,907,1084,824,715,334,990,537,984,508,531,606,583,595,406,396,1570,764,757,423,579,1206,905,712,510,841,1065,477,1083,1119,862,574,854
"COG0733",1191,772,1055,672,1021,1193,935,1446,1161,1110,892,1120,1231,694,769,877,1766,1575,568,1365,1237,888,1039,1333,840,1534,888,1189,1305,1362,951,630,532,978,806,1102,696,1342,1232,920,594,919,516,1559,694,1014,639,786,947,643,588,774,1216,1174,442,1013,696,1083,710,456
"COG0735",599,592,509,401,447,386,553,530,445,540,400,527,345,460,587,434,535,506,362,542,414,465,399,399,548,366,389,448,605,484,391,486,237,498,506,383,491,645,446,468,472,493,387,609,498,500,315,490,468,566,405,406,479,685,412,542,534,497,410,449
"COG0736",23,34,40,22,81,75,56,52,61,22,41,54,23,53,24,35,39,31,35,9,40,30,81,90,122,38,60,65,53,55,94,39,100,56,40,164,37,129,62,32,33,43,30,28,30,50,201,38,55,16,150,46,101,63,251,28,58,50,29,23
"COG0737",1533,1134,942,1091,928,560,941,713,967,1416,889,836,1202,1251,1093,1152,666,975,852,1322,784,1119,697,1017,603,1130,1047,606,1397,742,626,897,708,803,1242,1042,861,254,1112,1214,1237,958,1085,1007,1149,630,510,998,1053,1057,739,1093,850,877,851,903,1332,701,1235,987
"COG0738",1954,1748,1187,2164,987,800,1784,1320,1335,2436,1511,1260,2279,1577,2057,1551,700,1367,1802,2286,1315,1516,842,901,1002,1873,1321,771,2489,1199,652,1701,127,1131,2215,252,1496,168,1483,1906,1802,1338,2017,1699,1685,630,941,1695,1388,1965,836,1532,933,1426,542,1507,2054,957,1672,2012
"COG0739",2132,2115,2184,2371,2200,2824,2325,1889,2189,1865,2452,2864,1250,2495,1562,2217,1319,1432,1757,2225,2079,2476,1777,1929,3237,1179,2029,2440,2113,1784,2406,1977,637,2338,2192,944,2408,1037,1784,2060,2043,1636,1977,2192,2133,1391,986,2445,1969,3114,1903,2572,2135,1952,813,2026,2078,1890,2384,2176
"COG0740",779,491,515,267,568,718,639,684,682,505,492,708,313,360,447,527,564,526,340,645,653,496,529,613,847,392,890,798,496,663,786,419,355,697,592,564,660,473,718,570,363,377,491,829,582,614,577,513,679,347,521,792,849,915,638,561,558,747,603,332
"COG0741",456,464,769,455,534,614,700,621,610,639,618,518,548,727,555,635,526,618,461,770,731,619,720,547,597,527,763,444,532,462,627,692,1550,536,598,1070,696,833,443,535,679,655,522,801,628,739,312,642,566,466,605,728,549,461,475,638,677,586,682,663
"COG0742",304,342,298,232,301,298,334,320,305,373,266,309,351,280,314,295,300,308,242,370,241,339,246,281,377,317,280,317,367,316,286,266,109,323,337,276,249,296,339,297,289,161,265,355,312,244,291,270,319,236,280,271,322,336,398,305,365,305,270,261
"COG0743",578,512,533,378,523,534,484,506,577,554,565,532,580,391,538,545,472,482,413,635,550,549,525,562,344,520,535,512,514,516,404,500,336,466,588,468,460,413,531,521,586,516,465,518,620,463,413,514,547,401,584,594,558,510,365,513,578,524,664,503
"COG0744",416,372,920,542,818,970,744,770,730,483,613,856,418,494,574,581,775,732,582,505,845,556,868,857,1978,587,592,782,450,644,1292,547,764,900,481,920,777,1285,764,453,441,735,443,735,573,786,937,598,794,623,786,680,914,987,1201,726,541,715,711,488
"COG0745",7204,9240,6658,7706,6231,6483,6863,7065,7364,5953,6333,6959,5248,6160,8820,5780,6226,9229,8821,3782,8277,7094,7117,5960,6180,8107,6842,7161,8358,6994,6428,8390,4298,7404,7265,5629,8872,5235,6268,6619,7852,6925,7594,6883,7030,6572,3636,9028,9005,8015,6932,7416,5821,6902,4799,6934,7227,7343,7810,8986
"COG0746",50,31,44,21,20,55,40,30,24,9,42,11,25,43,27,49,52,34,79,21,22,53,41,37,16,12,40,63,15,49,36,32,152,23,13,28,18,131,7,17,18,41,55,9,13,105,44,26,8,29,33,33,30,16,109,15,14,31,21,23
"COG0747",623,368,634,368,676,1004,1065,598,675,305,1382,763,623,1492,842,1037,1261,575,2003,395,444,861,1081,587,575,344,611,613,356,548,1535,847,2073,512,488,1794,684,1434,352,530,783,877,1029,310,689,1196,2380,463,579,658,1285,492,889,491,2448,303,412,733,622,306
"COG0749",1251,527,1033,1876,952,1055,1020,1112,1002,1125,1252,1100,1141,848,761,1037,1203,1403,819,1257,1338,819,940,923,2380,1391,777,2504,1017,1202,1353,743,731,1270,849,1389,988,944,1273,1043,1122,841,795,4096,1051,733,922,1304,1200,619,1544,950,1355,1352,826,1186,804,1319,1015,872
"COG0750",756,473,661,273,735,877,548,742,674,559,684,757,536,554,423,568,803,840,312,813,640,594,665,775,1071,694,610,898,761,751,966,463,481,777,528,688,606,704,645,660,468,507,358,872,647,661,549,613,762,419,821,631,837,951,575,716,527,818,677,440
"COG0751",67,67,89,55,61,24,66,90,55,73,157,21,99,169,82,168,31,68,181,82,46,70,74,18,45,65,77,37,138,54,44,92,248,51,47,180,85,450,46,44,98,61,59,267,66,74,420,21,18,56,246,48,128,40,450,49,50,23,111,40
"COG0752",23,35,42,20,36,13,36,49,20,38,51,17,55,76,56,100,22,23,70,41,28,37,36,15,33,36,32,12,80,27,28,59,153,26,18,94,46,199,13,16,55,28,29,132,31,43,228,7,7,29,119,19,56,22,248,19,22,5,61,21
"COG0753",48,49,86,215,36,109,259,78,75,141,137,111,63,263,185,154,25,29,143,110,95,41,223,75,97,29,122,89,8,60,142,201,213,183,148,33,164,29,128,69,147,220,227,46,179,10,9,178,132,196,85,113,94,43,151,48,126,168,235,138
"COG0754",38,59,57,38,21,30,72,10,14,99,17,11,49,201,94,87,20,17,52,56,19,34,148,22,8,13,119,3,11,10,90,57,580,21,34,40,12,65,20,28,50,51,59,25,32,39,3,43,26,62,162,18,30,20,173,13,129,14,54,58
"COG0755",330,422,402,496,286,290,540,411,450,657,644,339,770,767,428,413,159,252,662,725,464,343,433,154,303,390,235,199,76,287,311,712,107,577,555,27,405,85,625,606,442,562,358,437,698,79,26,569,503,381,385,433,259,314,178,473,542,389,605,650
"COG0756",275,249,260,180,239,314,257,438,261,238,507,238,274,209,222,268,321,346,219,322,271,911,224,244,594,276,266,640,235,436,391,658,131,391,289,371,326,289,633,216,310,294,234,1234,293,354,249,294,271,169,403,232,674,491,380,419,247,423,277,564
"COG0757",322,195,189,182,205,173,221,234,164,312,189,197,289,191,174,169,144,229,158,308,124,162,140,156,114,315,158,183,351,278,157,155,3,209,182,125,157,32,247,181,176,157,154,312,176,104,196,209,209,174,224,194,191,241,85,205,233,199,202,182
"COG0758",434,476,459,420,469,538,439,522,565,477,510,537,569,457,503,693,488,815,368,607,575,596,429,452,620,627,555,371,504,381,586,427,323,593,555,386,445,536,617,463,446,453,598,467,568,475,497,522,589,448,508,540,589,629,451,509,523,437,497,412
"COG0759",150,176,142,56,160,113,114,140,129,60,143,139,68,73,93,133,125,79,40,76,134,163,99,138,151,42,131,157,201,140,121,101,12,101,108,158,120,171,147,95,139,67,121,136,97,121,199,109,127,72,109,148,129,134,147,91,133,102,69,104
"COG0760",1010,753,844,563,463,585,811,544,695,1022,769,631,834,846,633,846,416,846,442,939,571,760,681,408,658,704,464,560,1202,786,628,789,643,722,648,289,722,584,685,870,864,417,545,1251,955,199,49,759,610,470,788,708,748,625,526,763,694,602,800,819
"COG0761",487,463,423,401,544,625,566,600,582,558,435,558,593,356,415,408,465,516,407,503,493,463,489,533,468,603,528,503,503,565,492,450,237,533,488,432,438,394,579,501,386,414,455,595,473,424,507,497,522,393,579,420,738,648,367,588,508,565,557,376
"COG0762",12,9,28,3,2,1,24,4,3,10,25,2,20,61,21,10,8,7,21,18,9,9,35,1,6,4,31,2,1,7,19,28,90,15,10,37,23,108,1,10,13,10,7,88,5,3,3,3,2,22,22,6,13,6,121,4,17,3,11,7
"COG0763",366,383,264,340,155,167,400,254,261,614,342,304,627,359,256,398,163,340,353,562,183,352,201,142,233,595,181,159,536,276,112,334,129,253,367,50,310,119,431,432,340,208,357,513,366,106,294,284,239,342,170,308,300,316,196,333,345,189,342,324
"COG0764",396,323,405,327,260,277,404,312,333,432,408,333,506,324,291,326,282,321,235,624,367,346,278,254,322,332,266,282,304,355,299,437,206,406,437,298,463,482,532,434,413,411,392,570,527,306,227,460,425,331,330,411,451,371,338,503,424,439,482,459
"COG0765",526,382,683,172,952,1051,802,858,811,637,579,682,625,825,392,597,1363,1077,419,275,964,605,1100,998,556,1139,695,1102,680,966,797,479,996,910,400,2047,525,1954,779,811,303,719,271,1028,428,1028,1667,616,761,464,1006,507,1229,1019,1850,725,433,1031,620,317
"COG0766",666,479,740,376,946,1066,645,812,811,703,786,905,796,595,464,697,875,857,419,664,693,670,705,681,1168,897,682,888,814,771,1024,592,477,842,569,857,639,956,839,714,577,643,510,805,716,768,953,686,743,481,910,735,804,934,732,657,651,868,772,496
"COG0767",350,323,191,271,123,130,264,216,204,336,238,189,440,247,278,289,84,225,230,450,195,225,194,141,149,286,226,106,438,265,133,286,187,231,239,42,293,134,297,241,276,153,288,425,297,118,203,217,167,261,153,209,239,236,188,352,251,192,312,243
"COG0768",1963,1882,2347,1582,2732,2617,2151,2438,2590,1980,2071,2664,2494,1990,1894,2197,2816,2660,1608,2550,2210,2024,2153,2708,3227,2761,2204,2789,2176,2480,2978,1836,1329,2749,2067,3011,1965,2592,2554,2225,1999,2120,1824,2674,1898,2891,2618,2084,2494,1452,2663,2056,2773,2892,2115,2226,2042,2457,2192,1600
"COG0769",800,600,760,521,824,985,922,934,844,821,759,1075,999,667,519,684,987,1054,484,1033,790,695,815,734,1098,878,733,923,781,851,1405,635,409,899,658,1043,660,965,934,697,603,607,593,1058,775,816,931,732,863,418,962,815,1077,1177,1187,883,715,875,947,578
"COG0770",1445,1209,1187,946,961,1035,1253,985,1065,1529,1154,1199,1685,1004,972,1149,911,1245,722,1659,991,1275,831,886,1276,1431,941,872,1422,1003,793,850,264,843,993,638,891,661,1186,1034,1013,760,940,1042,1080,650,615,967,861,618,748,1029,955,1082,693,957,1135,865,1100,897
"COG0771",728,472,653,420,623,674,664,598,649,594,599,660,650,508,449,641,720,765,500,934,623,659,589,677,864,547,578,601,698,550,749,534,394,716,530,685,501,711,571,560,544,554,525,727,643,672,710,601,563,436,663,626,741,753,627,727,605,676,641,495
"COG0772",1325,938,1245,792,1419,1676,1328,1546,1323,1306,1274,1491,1310,1108,945,1138,1701,1570,761,1770,1269,988,1231,1339,1761,1567,1093,1515,1442,1603,1648,1086,813,1543,1010,1509,1217,1322,1530,1252,928,1236,904,1607,1188,1559,1414,1190,1289,798,1612,1147,1556,1886,1521,1337,1000,1472,1313,909
"COG0773",613,468,579,382,596,605,573,560,598,715,522,605,664,552,463,611,705,699,373,776,605,472,632,541,664,801,531,521,611,659,794,677,611,694,596,695,587,693,878,725,541,601,607,1029,648,662,762,596,630,527,743,692,782,909,665,758,614,670,710,512
"COG0774",415,399,325,337,168,229,400,302,330,543,432,270,671,335,300,416,125,254,385,778,288,372,253,143,251,392,240,154,405,326,157,390,162,304,404,26,343,125,466,414,437,296,377,471,464,141,261,389,327,282,254,441,327,305,199,427,427,265,438,407
"COG0775",511,622,592,494,511,440,692,468,521,537,571,558,458,534,575,525,429,414,462,459,441,742,430,487,407,438,619,416,383,383,320,571,581,499,670,446,478,329,563,572,664,618,579,376,557,431,288,581,568,589,359,638,398,470,469,435,675,439,495,617
"COG0776",701,704,479,695,441,334,555,447,428,581,563,631,477,525,511,512,343,485,667,415,392,620,427,412,574,413,317,511,617,639,590,508,335,387,491,298,474,354,519,593,607,430,489,697,468,264,328,487,467,624,301,494,465,541,394,534,561,386,378,655
"COG0777",122,103,227,47,272,291,93,295,219,54,236,244,66,185,163,212,441,239,161,72,257,184,225,330,261,179,201,315,69,228,169,135,322,320,80,433,207,520,133,130,97,237,128,179,146,547,165,206,270,101,207,147,161,263,242,209,118,276,116,91
"COG0778",1688,1385,1294,1361,947,861,1451,1104,1109,1488,1234,1148,1261,1177,1318,1279,1011,1039,1173,1311,1103,1516,1012,870,973,1398,901,988,1421,1071,901,1534,697,1107,1260,977,1306,988,1298,1430,1290,1382,1369,1401,1414,871,807,1226,1073,1427,1142,1233,1330,1318,1757,1199,1369,1047,1357,1298
"COG0779",58,70,130,39,166,159,93,164,156,41,81,137,35,97,70,80,226,118,75,31,139,70,140,154,188,117,98,238,73,186,228,95,171,127,56,198,102,271,94,95,48,151,44,160,66,201,184,84,143,104,122,83,178,137,236,118,60,177,91,52
"COG0780",292,313,230,206,113,119,211,239,150,302,151,135,268,214,240,183,146,180,180,284,227,269,164,150,159,235,167,140,234,182,86,207,183,162,214,114,155,261,228,186,234,167,188,278,215,145,222,154,166,216,103,184,181,232,145,247,251,144,152,234
"COG0781",294,220,312,215,293,309,339,318,291,392,257,301,334,240,237,289,259,293,241,178,248,302,250,219,377,256,180,339,232,343,334,275,204,255,295,242,301,212,295,353,244,275,122,331,356,202,254,344,319,317,292,341,313,460,341,280,320,340,353,318
"COG0782",383,420,408,249,345,395,430,436,430,434,308,416,461,341,414,358,597,461,223,613,310,352,436,369,456,561,325,425,387,501,448,356,461,428,339,510,367,565,507,414,286,345,224,601,355,441,303,401,407,345,360,335,478,606,590,538,379,482,377,332
"COG0783",51,171,138,160,78,22,102,72,115,51,112,125,41,82,104,126,11,24,150,42,131,170,121,61,184,59,77,76,21,73,73,248,133,35,135,77,125,178,74,95,175,156,99,92,102,12,9,172,98,142,74,197,147,27,310,91,106,68,128,249
"COG0784",2004,2755,2915,2936,4306,2572,1640,2862,2692,1400,1998,2603,1525,1980,2761,2849,4192,2561,3720,1853,3587,2672,2519,3500,3588,1670,3476,3116,1620,2384,2302,2666,3350,2523,2501,3044,3465,2878,1568,2405,2456,2965,2995,1660,2527,4341,1947,2402,2483,3543,1392,1929,2403,2206,1648,2629,2034,2911,1972,2415
"COG0785",12,11,13,43,27,27,12,15,2,6,29,31,15,42,34,18,1,12,137,8,6,28,11,9,34,1,2,5,0,5,78,26,62,1,7,10,22,11,0,15,43,17,39,7,4,32,2,1,19,26,10,5,10,5,21,4,10,5,14,4
"COG0786",145,142,322,128,214,167,112,239,287,94,366,195,159,198,427,366,180,247,543,119,299,288,276,259,155,149,230,212,77,155,108,326,733,221,155,142,251,343,146,129,335,289,318,101,154,312,101,180,163,196,242,191,217,131,207,292,138,217,163,177
"COG0787",1003,797,826,714,751,819,992,858,835,1137,795,1028,1171,789,641,768,698,1040,635,1284,773,923,703,627,689,1067,647,761,1089,775,804,657,561,806,777,628,764,567,1165,914,839,587,682,1037,939,584,675,798,878,537,755,865,1074,1058,665,778,916,813,958,657
"COG0788",66,191,152,185,104,30,63,56,55,28,107,123,40,140,111,88,8,11,128,19,101,194,75,55,80,14,93,90,37,47,48,166,74,42,150,9,139,15,59,99,199,96,121,107,101,28,4,147,132,147,102,214,39,14,24,69,142,52,113,264
"COG0789",477,574,649,486,550,489,543,651,497,409,637,523,330,700,618,586,867,589,1161,400,579,546,584,608,529,487,453,621,465,739,642,651,1145,572,430,1116,577,1208,467,480,513,540,414,389,398,881,983,422,652,645,771,412,612,559,1093,675,443,556,463,357
"COG0790",160,228,308,614,160,282,409,328,398,493,236,445,192,319,207,170,149,178,451,328,415,123,525,142,346,328,244,494,92,543,537,189,631,400,240,231,326,185,321,265,229,403,425,1029,189,293,34,278,219,290,354,224,788,503,240,718,368,286,254,318
"COG0791",429,442,909,456,1488,1348,906,911,954,289,706,1014,244,699,590,622,1095,809,717,284,878,773,1124,1411,706,950,972,1316,459,1137,1157,642,1535,936,742,1704,902,1189,567,758,382,869,578,478,763,1822,1416,958,936,490,795,697,769,697,951,650,652,1531,632,468
"COG0792",278,291,203,220,173,217,223,195,220,235,207,216,189,142,266,182,158,231,165,249,185,221,224,227,223,177,217,177,250,218,200,218,109,162,225,164,211,94,236,186,215,203,227,194,207,199,195,215,244,245,228,178,199,234,193,211,262,221,211,193
"COG0793",3868,4163,2467,4032,1822,1757,3067,2058,2996,4105,2566,2682,3763,2554,3697,3130,1562,2505,2281,3212,2344,3158,1792,2412,2040,2651,2923,1595,3968,1867,1364,2685,323,2092,2967,618,2618,982,2669,3322,3892,1944,4386,2505,3472,1399,412,2941,2415,3128,1543,2694,2083,2494,1036,2322,3325,2244,2987,2758
"COG0794",393,345,255,261,193,177,290,247,226,486,293,242,517,440,351,324,140,264,360,430,188,330,274,145,182,376,216,108,762,239,220,350,561,229,271,103,261,154,357,345,307,210,303,392,336,162,299,211,176,264,244,293,275,250,275,233,366,183,368,270
"COG0795",994,535,557,597,281,262,374,565,435,992,550,458,1341,341,569,705,263,755,452,1580,386,565,363,231,371,1089,381,348,940,623,359,655,421,204,712,68,560,291,795,859,638,626,453,1202,656,188,322,529,524,618,310,575,566,726,313,763,532,445,743,640
"COG0796",438,413,432,302,388,427,449,443,391,499,427,466,552,364,447,411,484,463,335,633,373,434,395,437,507,540,389,363,533,419,415,399,295,408,377,505,340,482,461,420,417,412,361,531,382,321,415,391,441,350,351,464,410,463,479,450,447,375,424,390
"COG0797",118,13,34,11,14,3,22,53,28,208,38,16,242,90,39,49,56,44,31,275,24,12,85,11,10,236,38,10,12,114,37,44,144,14,18,12,38,85,169,118,34,11,29,85,34,5,1,1,3,14,31,21,95,110,18,144,20,15,32,25
"COG0798",269,89,15,19,37,30,58,17,25,14,47,32,8,19,74,16,81,11,304,10,99,25,16,23,48,31,96,15,20,24,48,60,0,27,58,119,56,13,103,93,34,100,103,23,28,11,9,25,12,111,52,34,59,66,17,22,32,29,41,114
"COG0799",249,257,159,231,185,205,234,245,210,284,172,205,202,200,235,157,214,185,174,214,190,233,192,196,193,267,180,231,263,270,180,206,56,195,208,208,208,257,216,211,192,231,161,335,189,185,237,218,216,299,180,186,272,291,273,294,273,238,158,203
"COG0800",348,295,312,249,361,349,331,280,256,377,322,286,355,368,281,285,413,289,307,314,229,340,279,362,235,283,387,290,395,296,248,236,343,323,339,254,282,157,329,335,282,245,285,234,269,341,664,247,309,298,361,258,321,258,169,215,326,252,297,262
"COG0801",237,171,193,141,121,199,260,208,176,255,206,194,197,174,127,190,166,179,169,269,167,222,167,141,152,183,136,236,241,248,128,179,99,208,208,170,126,106,208,184,182,169,148,312,231,133,197,202,173,144,264,218,209,288,238,166,192,189,191,183
"COG0802",271,172,193,175,198,268,278,311,227,288,226,265,283,230,186,209,255,279,167,295,214,205,217,239,384,297,195,305,261,299,286,205,202,341,196,311,237,247,253,238,157,164,193,343,228,265,369,235,240,157,264,152,270,324,351,215,223,260,231,148
"COG0803",188,217,289,132,213,247,354,276,277,373,246,295,256,266,196,272,225,226,211,95,310,299,224,365,405,235,143,271,153,241,421,262,565,343,284,725,306,433,292,362,292,324,161,282,352,316,763,309,232,196,287,379,347,332,884,295,345,374,397,268
"COG0804",26,81,37,22,50,42,38,13,55,12,73,14,5,115,8,68,119,52,0,12,56,13,49,26,23,8,18,42,11,19,11,50,0,14,2,81,37,250,31,48,26,46,10,173,39,74,21,39,29,12,37,13,30,9,50,23,9,128,20,5
"COG0805",271,334,183,206,207,115,252,185,180,151,218,249,150,317,269,219,77,38,191,173,177,211,240,210,213,54,201,107,192,147,128,212,168,205,265,123,143,142,218,229,272,200,278,410,211,105,242,382,172,273,183,203,135,195,169,113,229,197,275,263
"COG0806",238,101,156,113,240,260,202,284,200,203,153,223,213,145,143,135,254,319,175,391,142,107,220,151,295,202,161,263,292,267,290,153,176,174,139,266,160,274,218,220,95,153,87,308,132,190,299,140,152,100,242,120,292,382,335,258,120,225,204,96
"COG0807",459,397,476,374,314,324,457,424,442,651,482,407,623,373,370,473,362,547,356,575,398,464,335,361,287,593,363,234,461,372,206,442,170,399,490,192,419,294,549,456,399,436,366,486,465,475,405,429,493,329,297,449,444,493,266,471,437,449,487,375
"COG0809",1090,927,714,694,618,706,855,729,867,1159,867,937,1151,779,866,879,597,736,593,1291,774,906,604,721,895,986,834,678,1172,713,602,608,148,690,826,252,612,360,783,761,842,518,791,778,801,436,381,669,606,611,464,723,630,768,279,737,832,624,779,588
"COG0810",3,11,20,3,14,2,8,2,12,7,19,13,8,38,28,45,4,14,32,14,10,7,25,6,5,6,12,5,3,18,39,24,75,5,7,5,4,96,6,1,14,18,17,70,7,3,7,6,16,9,20,11,7,5,80,4,25,5,27,25
"COG0811",618,706,436,525,302,222,510,340,452,600,514,452,661,493,517,535,190,335,322,463,349,670,427,279,259,457,496,241,676,298,264,646,194,393,725,63,481,284,619,543,863,520,684,587,535,203,372,462,411,454,359,712,407,371,492,386,849,273,524,703
"COG0812",458,299,418,297,380,420,460,440,452,365,407,542,300,371,336,420,427,412,283,508,360,419,477,415,588,430,338,450,415,442,421,355,321,421,369,527,482,510,544,409,271,381,315,476,411,383,515,381,412,284,476,409,446,530,522,442,321,396,415,337
"COG0813",45,102,123,44,193,150,100,146,130,45,110,148,44,116,47,94,194,116,105,30,110,104,114,190,222,79,148,123,54,96,237,90,249,107,95,125,107,77,104,57,60,110,61,57,78,150,200,68,100,52,126,119,147,179,64,123,103,129,70,28
"COG0814",37,81,197,52,57,91,109,72,16,38,45,49,120,601,133,121,122,88,204,123,100,61,424,98,34,79,302,90,40,89,219,123,1582,59,67,220,78,309,37,97,69,132,94,52,78,123,20,46,74,116,186,51,72,17,211,107,160,71,88,111
"COG0815",7,15,68,12,28,26,40,39,92,30,32,53,40,85,40,40,15,24,24,29,74,17,159,10,59,6,58,23,7,32,56,46,247,53,13,13,52,126,83,50,30,29,14,208,43,2,1,38,11,30,38,37,79,14,46,19,26,26,58,28
"COG0816",236,204,261,180,236,285,269,309,190,276,239,279,192,197,171,179,237,211,152,262,197,236,251,225,342,242,166,298,210,294,257,273,130,254,189,285,266,300,242,186,180,261,135,293,217,181,234,235,256,220,238,250,255,356,371,285,229,219,214,236
"COG0817",216,241,182,203,190,199,278,185,188,230,246,218,276,201,240,179,73,158,168,329,165,197,170,134,166,224,165,144,261,188,229,235,66,143,250,104,226,83,270,223,218,211,214,260,199,91,230,192,219,193,248,218,201,208,159,185,239,186,272,197
"COG0818",84,174,139,84,92,98,129,64,105,106,124,102,81,175,148,112,73,57,89,45,107,183,85,92,227,51,126,118,69,45,162,150,105,123,158,58,91,145,95,76,158,96,151,67,133,42,8,95,116,108,80,122,89,106,67,64,155,56,77,143
"COG0819",22,11,36,0,42,46,80,36,81,29,37,60,12,103,25,16,39,37,5,8,34,11,61,83,47,29,63,88,8,47,45,50,0,54,13,152,78,56,30,22,5,75,5,22,61,34,340,29,46,12,99,66,84,22,54,33,23,89,51,7
"COG0820",528,396,494,440,437,570,448,654,484,528,508,711,584,351,537,445,533,719,347,733,550,463,565,515,815,577,359,671,459,847,774,496,389,550,487,485,482,557,566,488,468,463,346,798,548,505,428,535,513,341,739,507,583,674,365,809,422,723,538,490
"COG0821",864,614,676,386,589,624,627,519,649,674,621,633,808,526,495,749,496,772,404,1003,619,731,626,569,464,861,626,562,880,574,435,656,313,632,783,414,651,345,793,662,671,606,645,578,682,503,554,663,694,429,631,858,606,498,453,681,738,594,800,651
"COG0822",325,287,414,224,392,652,387,497,445,331,368,512,399,278,286,345,533,332,195,417,382,354,400,383,693,482,355,594,371,529,493,325,166,538,361,369,386,459,449,345,303,503,252,573,309,645,522,379,484,271,651,393,471,549,450,439,321,485,332,285
"COG0823",73,944,167,314,316,248,125,164,368,99,388,355,93,366,329,201,244,127,568,66,441,148,361,191,350,89,247,150,199,199,388,498,378,192,416,230,244,193,181,197,626,375,661,167,241,248,49,260,190,625,190,295,146,70,245,259,355,214,188,618
"COG0824",165,354,215,242,155,191,280,165,269,232,288,273,169,292,335,271,113,81,250,72,229,314,262,214,313,73,245,239,155,123,162,315,201,205,224,74,271,201,247,211,260,293,308,180,295,201,175,252,194,269,178,221,205,155,146,180,301,183,268,270
"COG0825",105,96,268,50,290,386,130,302,237,71,218,244,60,166,150,220,450,290,140,48,317,181,247,377,308,183,221,340,87,250,159,166,338,358,89,451,225,637,188,141,89,249,139,208,148,508,172,204,295,133,188,142,192,266,210,288,131,294,139,89
"COG0826",1376,1250,1365,1025,1365,1537,1185,1408,1359,1348,1437,1511,1532,1272,1231,1383,1385,1595,975,1697,1284,1284,1289,1339,2067,1446,1295,1316,1510,1741,1626,1139,999,1434,1302,1304,1306,1063,1555,1313,1202,1276,1255,1480,1320,1376,1637,1368,1297,970,1168,1286,1624,1516,982,1406,1193,1295,1495,1024
"COG0827",959,1633,1169,1228,3423,2373,2219,1995,1722,1116,2377,1473,483,1705,321,959,1572,1875,993,846,1849,2975,1805,3144,1932,1711,1437,2707,1733,2039,2133,796,761,1784,848,1691,1814,1080,1374,1980,575,1835,744,1474,1540,1921,1338,1534,1463,884,1289,1523,2131,1436,851,1110,1416,2597,1087,1264
"COG0828",23,19,36,7,60,49,28,41,20,9,24,38,2,48,15,18,38,45,22,14,31,15,46,24,37,19,23,79,18,68,47,34,47,48,32,61,33,61,27,18,10,34,10,63,18,52,63,42,39,17,38,40,58,41,89,34,49,49,27,17
"COG0829",10,40,17,18,40,27,15,10,18,8,32,9,7,35,7,24,45,12,0,5,32,3,15,11,7,6,5,32,9,8,3,21,0,13,0,36,15,144,20,27,13,24,7,104,20,41,11,24,15,6,13,10,9,9,7,9,6,57,6,0
"COG0830",9,49,13,19,23,24,17,9,21,5,24,8,2,39,7,34,50,22,0,9,22,2,21,6,5,5,2,28,5,12,15,13,1,6,0,30,17,142,26,16,11,13,11,91,15,34,7,19,11,10,10,2,5,0,12,3,7,44,10,3
"COG0831",8,29,8,11,7,28,8,3,9,4,16,5,3,20,0,19,29,6,0,1,23,3,8,3,1,0,5,22,6,4,6,11,0,4,0,19,12,71,15,7,9,14,4,48,13,15,6,11,10,4,7,7,5,2,18,4,1,27,3,0
"COG0832",10,25,6,15,18,22,9,6,5,7,13,8,1,28,4,21,36,7,1,1,16,4,13,8,7,2,4,17,1,4,12,17,1,3,1,19,16,86,9,8,6,11,2,60,12,25,3,5,6,6,10,4,5,4,20,3,0,51,5,3
"COG0833",25,70,72,21,6,2,61,69,18,47,22,1,75,149,49,54,13,31,33,17,17,3,90,7,19,21,122,1,152,2,33,48,230,14,9,87,7,378,34,25,13,34,15,22,3,78,511,0,17,20,59,16,27,6,384,7,23,2,44,27
"COG0834",803,705,1106,501,1138,1238,1132,1129,1116,846,965,937,833,1515,823,1019,1743,1218,1146,445,1206,1081,1361,1273,842,1240,1018,1176,782,1115,1123,1000,1907,1058,681,2355,895,2535,926,948,694,1080,675,1567,831,1357,1927,795,989,861,1442,876,1660,1217,2391,941,852,1289,912,617
"COG0835",84,114,165,20,31,137,55,223,179,58,96,86,10,45,57,113,213,197,56,15,227,67,225,291,75,116,141,370,57,176,53,59,83,289,21,106,135,460,73,108,45,132,11,280,91,374,14,133,159,131,41,56,129,104,49,295,20,293,23,76
"COG0836",830,685,626,644,647,394,630,664,501,1165,545,686,1150,743,673,651,537,989,612,1062,719,608,430,671,336,1176,648,580,831,727,280,437,271,693,495,223,511,464,832,720,642,429,794,801,767,603,25,471,570,738,226,498,562,879,235,991,594,536,532,471
"COG0837",2,5,22,5,8,1,8,1,0,2,2,0,11,52,14,20,2,0,16,17,2,1,46,2,5,0,23,0,0,2,24,10,115,0,7,4,1,0,0,11,6,15,10,97,3,1,2,0,3,12,10,6,4,1,33,2,7,0,1,16
"COG0838",162,227,96,82,63,60,108,88,110,173,113,112,196,128,160,125,51,52,70,183,90,205,97,88,104,115,99,73,200,98,51,105,40,68,109,18,89,11,126,130,131,63,97,82,125,40,5,106,106,92,49,111,64,101,44,114,172,80,98,110
"COG0839",220,323,139,186,116,95,183,125,177,322,170,161,352,149,241,181,60,116,131,233,154,317,141,123,120,217,212,113,277,144,40,202,71,134,318,14,142,26,223,223,295,144,263,146,209,63,11,204,158,207,106,238,137,178,51,204,275,131,202,195
"COG0840",1422,1273,1585,79,298,1880,556,2129,2141,593,1456,1025,132,804,677,2006,2863,2301,795,208,1866,599,2177,3727,725,1304,1967,3483,585,1916,696,559,1856,3789,273,637,1460,4111,919,1260,471,1883,233,2006,1327,7490,150,2101,2304,1364,359,634,1173,988,326,2495,215,2952,312,839
"COG0841",5692,6855,7195,6220,5051,3298,6491,3493,6297,5580,7900,5449,7407,6613,6532,7545,1604,1718,5770,3834,5569,7050,5162,4234,3757,1678,5921,3185,5812,3552,4072,7128,2947,3652,8340,963,6266,1201,4555,6355,7834,6177,9421,1984,9428,2598,2370,6453,4964,6078,4153,8804,4240,2245,2576,3712,6756,4215,7452,7581
"COG0842",1238,1806,1352,1924,966,756,1437,1012,1387,2059,1537,1215,1510,1640,1646,1567,611,845,1359,1331,1491,1537,1020,981,1388,1082,1415,928,1675,852,1046,1595,1059,1055,1786,335,1559,1192,1456,1552,1874,1508,1807,1165,1578,732,398,1450,1255,1860,1009,1401,1314,1185,805,1262,1567,1205,1525,1824
"COG0843",4,6,13,6,6,0,5,0,2,1,0,0,21,128,17,10,0,0,21,14,4,2,71,3,0,1,28,0,0,57,28,13,171,2,3,27,1,2,7,3,5,9,15,5,0,1,1,1,1,8,36,2,6,0,25,0,12,0,2,13
"COG0845",4768,5512,4876,5960,3328,2530,4904,2999,4462,5001,5260,4009,5452,5032,5470,5533,1944,2392,4556,4219,4159,5380,3375,3590,3032,2480,4837,2725,4773,2927,2293,4609,1434,2540,5011,700,4100,958,3281,4111,5338,3972,5548,2400,4840,1871,1345,3825,3005,4601,2486,4442,2739,2387,1802,3110,4656,2552,3928,4857
"COG0846",425,334,474,221,954,476,535,438,477,527,423,489,384,372,654,376,814,867,253,1017,403,371,421,741,397,596,519,595,400,617,400,384,311,625,515,987,405,882,664,394,289,487,331,670,491,610,415,462,516,515,550,514,616,503,702,557,470,546,472,296
"COG0847",543,469,410,418,267,276,400,414,345,615,398,353,564,345,430,413,203,330,321,862,325,556,498,296,298,486,383,392,436,750,243,376,431,270,517,269,420,762,383,473,490,311,436,721,472,186,172,388,321,438,199,446,327,376,596,591,519,312,412,516
"COG0848",45,79,40,32,38,6,31,65,17,54,71,18,69,89,63,99,15,16,176,40,28,44,56,8,24,20,40,20,85,50,38,93,139,37,27,18,36,189,23,34,62,69,61,133,53,32,288,13,18,40,62,29,36,23,275,24,40,19,41,40
"COG0849",720,244,368,162,158,432,343,301,312,527,397,309,546,461,253,414,336,558,282,705,353,292,393,276,607,698,300,388,568,412,384,241,219,488,230,164,287,416,396,364,255,277,337,629,391,151,10,279,255,230,175,277,307,423,283,473,212,311,306,235
"COG0850",55,44,92,18,42,89,28,133,97,33,59,103,28,60,39,75,125,76,52,19,62,57,108,111,53,55,86,119,53,82,141,51,158,130,8,128,53,194,38,37,22,59,36,127,54,211,139,80,86,40,30,25,40,108,52,87,14,106,11,22
"COG0851",22,27,41,13,20,68,17,61,22,16,19,59,16,26,33,24,62,32,40,14,31,25,41,34,147,29,27,62,33,40,87,18,85,58,6,30,27,41,30,19,26,44,21,48,18,77,107,30,20,19,19,9,15,37,23,34,10,36,4,12
"COG0852",373,380,297,355,189,248,481,229,329,502,455,335,450,444,385,371,118,194,252,725,204,427,246,224,244,360,374,193,356,238,108,348,189,306,522,37,369,35,404,376,397,362,456,258,475,92,9,432,349,329,211,450,235,280,55,368,482,292,455,354
"COG0853",139,178,132,142,77,94,175,168,128,256,129,145,218,166,158,158,133,124,133,179,125,187,115,101,105,185,114,90,151,120,58,140,105,102,120,105,128,82,175,180,166,140,120,141,161,146,95,142,138,159,100,128,161,205,116,137,186,138,142,132
"COG0854",151,315,177,203,149,102,191,62,165,148,200,139,135,277,302,220,39,9,166,52,158,282,156,170,132,19,236,112,103,88,96,232,122,166,315,23,197,65,145,147,355,212,306,117,245,62,6,206,148,251,115,267,102,48,55,120,277,135,209,269
"COG0855",796,1049,791,797,907,725,866,717,909,825,907,782,446,861,913,901,959,555,615,983,1018,841,787,880,617,416,786,811,899,566,592,812,446,1003,858,895,672,722,693,650,879,1008,926,545,682,875,1217,918,762,923,708,782,700,668,740,569,954,782,842,806
"COG0857",4,14,31,8,16,3,72,3,0,7,1,0,22,87,30,28,5,2,27,33,1,7,103,9,2,10,90,0,1,0,47,27,316,3,13,143,4,11,5,11,15,22,28,168,6,14,185,3,3,12,32,7,18,1,119,2,27,0,28,27
"COG0858",331,242,201,184,243,233,223,263,253,293,201,261,223,217,202,193,243,253,158,275,203,257,204,206,325,248,168,264,286,308,269,227,152,255,248,271,220,187,245,229,185,240,172,309,229,195,257,209,249,236,258,208,231,358,284,306,262,257,234,202
"COG0859",679,431,291,589,207,111,361,354,263,546,493,244,767,705,686,551,222,534,918,702,256,395,361,129,226,498,315,147,671,334,222,527,735,227,263,71,251,379,383,436,449,438,501,754,377,143,517,194,143,336,368,225,356,362,466,418,362,205,374,341
"COG0860",686,574,783,453,720,809,623,840,754,523,554,708,396,703,558,691,1072,910,382,729,640,595,777,771,601,470,536,1108,559,823,824,504,823,914,399,1011,677,1027,568,597,496,636,425,711,628,1310,668,844,669,465,734,465,731,780,794,820,480,899,481,470
"COG0861",236,80,78,30,30,6,110,155,21,236,26,4,360,359,74,141,72,185,47,374,24,23,203,11,18,387,136,12,385,139,109,61,552,22,30,223,47,275,153,152,50,63,49,529,21,115,616,4,12,40,129,27,88,145,455,152,64,12,88,46
"COG0863",445,680,416,348,608,609,434,643,424,301,599,948,272,687,278,322,351,516,829,856,420,707,505,430,571,510,539,740,319,1021,957,357,759,639,432,220,984,154,731,384,372,614,482,277,456,433,182,747,518,580,461,698,539,620,409,880,313,764,609,718
"COG0864",4,5,19,7,13,4,11,9,11,4,2,7,15,21,16,20,4,3,4,11,6,10,28,2,14,2,19,8,2,9,31,22,52,13,7,11,17,13,6,13,11,5,13,3,7,12,1,2,0,9,45,6,11,5,22,5,10,2,14,14
"COG1001",115,43,160,99,306,229,245,172,221,49,261,246,97,187,233,319,319,138,385,71,227,239,236,220,189,109,175,164,64,163,313,175,500,123,215,356,178,161,154,142,197,198,196,101,191,341,214,163,213,167,440,153,218,164,387,69,135,206,235,105
"COG1002",1454,615,725,712,1014,463,791,952,325,1361,336,376,1784,939,202,478,952,701,600,160,713,466,890,496,554,927,258,773,818,1435,516,582,613,396,783,969,681,570,266,1022,700,530,302,404,741,164,618,505,753,1431,580,971,877,760,271,795,606,740,665,727
"COG1003",299,427,497,619,296,336,487,314,546,547,553,591,276,329,534,527,71,31,574,188,445,580,497,220,254,50,453,250,309,188,374,501,455,210,531,71,523,65,368,496,656,404,627,116,735,215,462,531,448,538,357,735,359,158,133,207,554,324,703,451
"COG1004",600,660,648,1137,641,508,825,886,665,503,811,616,435,641,876,761,288,533,680,1065,720,709,619,325,639,415,731,622,1249,552,586,834,188,518,739,497,917,464,712,642,740,973,636,1022,1043,398,549,558,705,733,495,862,528,847,481,767,825,680,703,1313
"COG1005",338,277,195,281,126,168,278,172,245,472,258,223,496,285,273,223,108,199,206,482,200,275,188,177,186,327,235,87,310,187,107,242,37,187,357,36,257,27,333,353,259,250,327,242,372,64,4,256,254,242,128,297,205,263,22,262,317,218,301,240
"COG1006",13,2,18,6,10,11,11,4,9,5,6,16,4,10,7,10,5,3,23,6,4,11,18,3,4,1,2,9,1,11,23,8,29,7,17,4,17,1,8,9,9,2,2,1,11,4,4,6,11,8,10,9,6,5,9,15,11,11,19,7
"COG1007",528,545,261,474,202,215,443,248,358,650,361,346,612,392,477,295,120,211,316,627,264,416,240,211,213,375,356,156,622,253,142,293,108,277,436,37,343,41,443,436,498,209,528,339,498,98,11,346,282,403,162,390,269,338,65,370,480,288,378,363
"COG1008",427,276,303,283,181,248,393,223,366,561,447,294,643,320,232,313,112,182,259,589,255,435,282,159,172,368,265,126,401,267,148,363,194,241,520,41,289,23,429,431,448,274,382,300,506,79,9,401,339,176,208,535,222,325,96,425,445,320,453,427
"COG1009",706,363,347,268,217,257,365,275,424,798,494,342,919,365,354,367,189,330,251,811,236,477,370,205,210,728,390,158,598,338,145,328,369,261,525,43,274,57,572,631,514,291,453,462,581,82,15,335,343,242,309,574,317,501,93,322,459,386,567,354
"COG1010",137,107,242,114,196,179,105,148,155,54,195,247,41,109,101,130,186,128,164,29,163,114,180,139,143,104,184,163,90,147,161,191,16,151,180,155,214,64,166,163,183,194,174,63,116,228,217,195,217,71,184,186,203,93,81,97,138,159,110,145
"COG1011",1324,964,793,825,737,725,898,867,756,1125,690,799,936,782,835,835,878,727,764,732,655,947,575,713,575,753,726,744,1059,752,652,788,622,769,771,947,790,375,947,1002,814,830,791,997,774,671,501,797,776,972,649,834,805,854,834,694,1034,665,843,899
"COG1012",497,1033,982,883,646,611,581,570,760,299,842,779,653,2079,1145,935,1121,504,860,371,1008,837,1510,935,1271,358,1347,770,356,593,1371,921,2863,611,706,1562,825,2018,498,686,894,770,1090,332,493,923,786,486,553,1078,1371,539,773,403,1659,644,619,581,531,614
"COG1013",1844,1520,1593,1216,1459,1616,1917,1425,1776,2073,2099,1790,2494,1349,1443,1865,1557,1335,1300,2114,1391,1971,1316,1358,1511,1968,1578,1248,1963,1595,1520,1562,663,1450,1798,880,1393,553,1933,1811,1859,1474,1719,1558,1922,1914,1420,1852,1854,1151,2291,2043,2000,1619,584,1633,1625,1670,2217,1562
"COG1014",2049,1984,1888,1655,1721,1801,2448,1737,2119,2298,2481,2288,2596,1834,1742,2169,1620,1331,1545,2096,1890,2572,1651,1480,1855,2010,1893,1570,2072,1793,1472,1654,589,1581,2023,758,1523,690,1852,1821,2090,1603,1778,1365,2018,1652,1238,1815,1776,1291,2199,2132,1778,1545,734,1590,1896,1657,2116,1706
"COG1015",114,101,213,79,329,293,122,163,152,58,194,169,99,165,132,175,380,204,151,68,217,160,282,277,418,188,290,277,167,175,287,161,486,198,103,377,180,194,145,124,84,202,148,108,128,384,384,141,235,113,216,161,250,138,316,138,155,255,94,73
"COG1017",3,9,35,8,10,1,11,3,19,3,12,0,25,92,28,32,18,6,26,16,2,5,51,6,6,2,36,8,1,11,17,35,223,12,9,30,10,51,3,16,31,17,5,11,12,1,1,0,1,14,17,3,23,2,37,3,24,0,4,22
"COG1018",14,18,73,14,38,5,37,5,23,11,12,10,64,258,73,44,8,5,57,41,11,6,183,15,7,3,98,8,4,27,94,62,591,13,31,32,21,120,10,28,35,48,28,27,17,3,4,3,5,36,83,10,46,12,95,9,68,1,23,54
"COG1020",105,272,553,439,363,514,380,388,473,104,307,444,78,779,420,404,700,321,760,332,390,334,444,512,247,725,312,441,728,450,666,619,1103,363,399,566,421,560,471,231,365,683,431,329,278,647,269,391,415,582,688,278,239,309,581,197,256,537,364,427
"COG1021",5,3,42,12,9,17,94,26,2,4,5,0,19,138,30,25,37,2,27,59,8,7,69,8,4,101,54,1,60,1,39,13,236,1,13,5,0,12,2,16,9,15,24,7,2,10,4,2,4,9,40,6,4,3,86,1,18,4,9,30
"COG1022",1919,1933,1704,1855,1231,1170,1849,1258,1573,2004,1746,1748,1793,1400,1752,1683,917,1180,1447,1992,1470,1859,842,1240,1698,1270,1283,1056,2032,1160,1316,1619,100,1426,1926,1028,1512,591,1626,1824,2094,1389,1794,1444,1865,693,1201,1685,1372,1741,1169,1855,1209,1379,760,1412,1893,1163,1858,1741
"COG1023",0,0,0,1,0,0,22,0,0,0,0,0,0,0,0,0,3,1,1,3,0,6,0,8,6,0,0,0,0,1,0,1,1,0,0,47,1,0,0,2,0,1,0,0,0,13,45,0,0,0,10,3,1,1,1,1,0,0,1,0
"COG1024",99,105,206,46,318,195,191,182,208,83,152,167,159,315,150,203,159,120,235,126,156,123,405,235,157,133,381,188,129,182,231,169,1337,156,151,184,145,119,135,178,111,231,94,102,105,261,375,134,195,98,262,156,241,214,210,93,185,200,130,132
"COG1025",6,4,31,14,6,1,15,1,1,3,1,1,16,190,44,27,4,0,40,37,7,9,129,3,0,3,74,0,1,0,53,29,374,1,9,35,1,14,3,10,10,24,14,20,0,4,0,1,6,16,39,4,9,2,53,0,29,0,13,36
"COG1026",235,227,409,127,685,430,249,516,429,143,276,346,96,242,196,367,735,460,232,92,394,403,510,709,287,284,401,518,317,486,241,142,328,530,173,769,339,741,287,273,106,498,252,211,254,942,883,357,421,325,419,322,408,492,277,368,235,554,164,124
"COG1027",573,238,243,206,175,142,402,194,247,287,309,180,732,246,246,339,109,555,351,678,157,393,130,126,203,96,182,185,643,309,128,294,649,158,233,205,186,478,115,245,457,228,413,444,350,214,303,247,189,269,165,361,243,214,309,315,357,130,504,296
"COG1028",1708,2117,2622,2363,2389,2187,2694,2189,2003,2229,2317,2474,2353,3489,2288,2258,2100,1471,2525,1928,2510,2949,2437,2325,2268,1811,2560,2046,1897,1979,1704,2381,2438,2029,1981,1582,2100,1704,1886,1871,1972,2146,2158,1379,2014,1569,1677,1980,2196,2074,2026,2226,1842,1717,1733,1764,2040,1830,1830,2133
"COG1030",21,35,42,30,19,14,46,52,19,46,36,54,28,16,36,73,2,5,8,12,34,13,72,5,29,26,4,33,34,24,96,47,1,17,20,5,30,36,69,22,61,14,13,24,24,27,132,30,15,25,42,24,82,15,102,20,24,32,72,29
"COG1032",1250,1770,1259,1056,1651,1427,1140,1378,1441,922,1469,1524,903,1171,1294,1333,1337,1081,1502,1568,1450,1326,1437,1551,1254,833,1184,1643,946,1193,1350,1313,1073,1365,975,1166,1197,993,949,1151,1058,1325,1634,859,1505,1683,1655,1533,1503,828,1577,1328,1229,1136,1344,1370,1159,1500,1380,1339
"COG1033",211,217,423,388,752,730,378,707,659,170,289,559,59,234,105,300,1164,486,63,50,603,222,584,799,406,459,681,744,194,645,739,241,155,625,326,792,449,571,482,399,130,472,76,271,312,830,332,360,479,201,610,459,600,672,165,587,307,750,269,178
"COG1034",147,85,298,194,212,349,265,217,351,125,308,324,147,231,227,256,389,125,384,86,263,312,351,211,191,107,272,265,67,288,553,342,492,315,151,328,318,321,201,202,192,221,256,117,256,498,182,238,354,206,421,175,354,163,155,206,146,234,255,216
"COG1035",278,836,210,419,296,336,298,752,481,250,413,402,389,170,397,231,359,381,769,332,205,479,246,333,295,97,551,535,601,351,425,605,46,242,539,352,310,36,356,236,499,321,479,561,374,230,57,351,268,767,299,208,339,506,430,246,453,209,317,632
"COG1038",130,148,255,228,251,191,332,159,234,200,254,271,127,231,218,255,175,92,220,94,177,246,130,196,235,120,221,161,72,202,251,257,14,194,243,146,265,553,168,229,293,250,240,92,200,184,115,154,166,259,349,209,285,126,391,118,208,139,299,172
"COG1039",5,4,13,6,11,23,4,14,8,5,16,20,3,8,16,19,49,36,40,22,7,12,39,9,150,9,4,22,2,34,35,8,8,9,7,2,15,3,40,14,9,2,1,12,2,10,8,4,13,1,37,19,29,48,7,32,10,12,28,9
"COG1040",356,319,346,307,338,307,336,380,304,435,338,339,474,320,323,340,367,407,323,431,324,324,365,332,330,511,286,340,363,380,321,346,236,387,306,425,316,338,485,340,344,381,267,383,341,324,446,357,303,275,414,304,374,446,339,358,335,359,356,363
"COG1041",50,32,16,0,18,17,7,49,47,8,32,19,0,10,5,48,57,66,5,1,42,11,21,71,5,84,31,33,12,9,63,7,2,52,2,10,17,0,27,26,9,50,0,17,9,139,10,46,52,5,9,17,24,22,7,28,0,28,7,23
"COG1042",138,250,415,421,220,92,259,187,253,109,297,270,161,260,322,384,63,45,357,79,267,271,246,160,196,41,268,212,67,129,251,371,299,169,380,173,435,252,179,285,467,416,393,74,243,80,11,329,339,348,212,367,185,72,119,81,282,145,381,435
"COG1043",525,492,370,555,226,216,487,285,393,476,494,335,572,445,479,490,97,257,411,907,290,490,269,221,213,351,346,203,417,270,183,499,158,314,518,54,400,108,415,392,579,402,594,444,556,169,296,378,339,497,269,471,305,356,211,472,551,341,499,424
"COG1044",376,401,271,289,221,188,371,251,296,542,364,281,628,364,366,411,117,258,349,627,248,411,246,205,198,427,311,158,412,246,139,333,175,255,406,27,275,128,366,400,452,231,368,375,381,148,220,273,284,339,243,339,286,320,158,335,395,212,385,400
"COG1045",410,491,426,370,353,397,484,365,425,349,347,401,408,329,476,430,316,652,379,365,342,452,341,329,398,396,414,423,372,370,470,486,203,399,518,263,545,290,607,386,476,511,450,566,416,422,362,482,437,479,439,582,547,573,283,600,685,466,551,520
"COG1047",180,133,152,195,88,101,162,150,163,207,152,150,184,112,133,142,147,114,134,172,151,158,113,151,104,102,114,91,91,120,102,183,139,179,138,95,126,164,140,156,127,162,155,175,231,191,35,138,175,131,116,110,154,160,109,209,105,143,176,132
"COG1048",745,688,917,534,937,891,799,852,858,711,702,771,697,648,678,938,1128,894,558,1183,937,968,947,1050,508,890,895,830,907,766,651,602,974,888,657,915,670,1273,880,669,861,840,755,715,677,1165,1269,882,984,676,965,976,827,860,535,957,666,814,906,680
"COG1049",13,11,31,8,10,1,13,1,1,3,1,0,27,138,22,23,4,0,34,23,5,9,103,7,0,1,79,0,2,0,69,15,401,2,13,22,5,13,5,14,12,35,27,255,0,1,1,1,5,19,31,5,7,0,42,0,34,2,12,25
"COG1051",367,392,363,501,164,273,346,212,236,340,340,271,306,337,420,348,260,212,258,331,257,361,174,268,369,303,226,271,268,534,282,365,102,486,479,362,415,289,356,411,578,285,410,432,443,192,268,377,402,402,271,387,239,350,544,344,518,271,418,481
"COG1052",491,710,801,640,662,626,603,639,861,502,749,806,495,645,690,719,552,483,727,588,748,943,749,915,518,453,831,718,401,537,529,703,663,720,778,508,787,684,696,682,726,791,789,474,838,695,178,764,892,612,727,897,651,636,683,512,784,671,708,701
"COG1053",1197,1053,1351,623,1669,874,1166,998,1530,1541,1516,901,1903,1343,1337,1815,1372,1105,1202,1514,1408,1327,1247,1178,983,1476,1356,840,1346,1178,684,1419,630,1786,1566,1373,1277,2530,1467,1374,1924,1036,1180,1191,1190,1218,1121,808,1066,928,864,1672,1460,980,1078,1085,1314,995,1253,757
"COG1054",14,8,11,12,5,0,8,2,2,4,2,0,13,67,17,8,20,8,39,16,2,1,56,2,2,10,37,4,4,6,32,16,192,1,8,35,7,49,2,8,9,16,13,4,1,6,4,0,8,20,24,5,3,4,30,2,22,0,5,15
"COG1055",561,189,342,104,177,235,270,615,353,560,317,283,735,177,179,417,450,619,144,1269,365,200,316,333,201,639,246,375,724,557,244,234,233,342,151,208,359,520,572,473,181,203,120,636,324,421,850,190,217,148,209,204,543,691,113,731,125,463,425,119
"COG1056",9,13,9,7,6,9,12,92,18,1,2,16,9,76,13,8,12,25,44,11,23,2,36,3,86,66,30,32,6,5,46,4,163,24,32,22,6,5,8,5,5,15,7,10,15,4,3,1,6,31,16,3,11,5,24,4,20,3,17,16
"COG1057",386,376,282,212,289,374,306,275,323,342,267,294,358,221,294,286,293,334,225,411,283,295,284,270,268,333,276,334,361,304,314,196,159,294,264,356,262,288,305,266,253,208,255,293,259,268,288,335,318,213,367,289,326,386,338,312,328,351,293,230
"COG1058",64,97,143,296,325,208,192,145,192,84,196,172,90,154,134,169,125,86,274,63,137,105,292,165,144,94,157,136,121,203,180,136,173,101,80,106,135,189,144,153,96,168,170,70,141,141,248,125,79,132,145,122,184,78,131,109,133,161,169,105
"COG1059",14,0,3,3,0,0,0,0,0,5,27,0,8,15,6,13,0,0,35,2,0,5,0,1,0,0,0,0,2,0,0,18,0,0,0,0,0,1,0,0,15,6,7,0,11,0,0,0,0,0,0,0,0,0,0,0,0,0,0,1
"COG1060",650,987,670,792,579,423,742,695,791,967,954,725,793,714,894,848,654,427,764,239,626,821,508,626,509,597,670,456,832,441,469,750,280,535,779,302,710,424,691,706,896,726,966,400,874,801,1234,699,655,806,437,726,525,325,349,523,745,582,704,638
"COG1061",683,1151,858,2294,982,1125,764,1198,1196,1603,1305,679,690,666,1188,764,1010,2758,451,1022,1061,662,921,952,1522,381,1360,1308,957,934,701,775,422,1269,889,965,571,1200,826,941,721,737,1396,3253,764,945,1011,843,545,581,1042,1017,764,1728,1239,1845,924,781,454,995
"COG1062",1,2,21,0,3,0,5,0,1,1,4,2,13,88,11,11,1,2,44,9,5,5,39,1,1,2,30,0,1,0,25,9,185,0,10,81,1,152,2,6,17,17,20,12,0,2,1,1,2,23,44,5,3,0,126,0,28,0,7,10
"COG1063",975,580,628,766,947,779,839,727,659,937,697,748,860,913,677,655,1420,1083,1060,459,654,778,798,792,774,694,724,704,1195,789,1031,551,1751,585,661,1088,693,645,648,771,567,699,612,584,540,616,1364,656,644,590,803,627,606,651,904,405,496,545,634,669
"COG1064",4,7,21,73,13,2,23,3,7,6,9,9,29,238,37,76,8,9,64,21,5,6,102,10,8,4,136,5,1,4,56,21,379,6,20,32,2,9,2,12,35,34,75,10,26,7,9,15,29,20,28,4,8,3,93,13,43,6,11,59
"COG1066",624,442,455,386,538,628,592,533,583,563,597,627,529,528,441,530,480,502,337,690,433,530,463,595,609,556,551,523,534,514,644,477,277,613,570,671,475,449,510,590,547,401,536,580,552,587,510,572,483,314,563,557,552,621,695,564,521,569,531,456
"COG1067",21,108,102,43,42,154,62,157,38,62,23,146,66,118,15,82,24,81,24,22,6,17,168,20,381,65,105,122,233,57,388,53,296,91,18,186,47,20,62,35,21,55,32,195,33,200,675,26,16,39,66,16,105,110,117,8,24,44,19,37
"COG1069",14,49,145,41,89,41,51,56,119,25,189,132,29,165,36,51,57,18,33,33,54,103,140,51,122,26,101,169,9,164,110,163,815,37,217,52,220,16,154,133,47,99,85,37,63,46,17,96,170,52,110,140,59,72,42,37,69,87,50,101
"COG1070",1531,1591,1320,1532,1101,1268,1403,1487,1225,1465,1349,1200,1705,1810,1534,1424,1716,1403,1988,1482,1255,1385,1454,1348,940,1566,1370,1402,2461,1428,1055,1373,2243,1469,1315,1847,1244,1314,1584,1418,1414,1413,1556,1456,1186,1791,2478,1365,1542,1556,2056,1173,1404,1168,1150,1241,1346,1145,1419,1608
"COG1071",37,169,143,275,66,51,75,81,115,40,63,110,60,48,199,211,14,16,235,18,231,51,215,121,93,24,92,65,11,49,144,337,49,34,78,18,192,10,44,102,192,263,184,22,168,35,18,207,132,267,148,191,70,32,109,119,51,83,243,317
"COG1072",2,6,16,2,7,0,6,1,1,3,2,0,4,66,12,2,24,18,10,15,3,5,46,15,18,6,29,6,0,3,28,16,144,3,3,118,6,144,1,8,6,14,10,125,1,9,19,2,4,5,20,0,1,1,185,2,9,1,5,11
"COG1073",1312,1709,984,1368,1246,922,1354,968,1144,1151,1153,1221,859,1307,1682,1332,730,675,1125,2125,1243,1386,1099,1115,1085,1012,1437,924,982,1036,831,1341,912,865,1404,757,1170,631,1048,1016,1516,847,1601,704,1200,748,1107,1067,1121,1256,1270,1433,1052,693,1080,1259,1433,958,1220,1414
"COG1074",943,567,1237,500,1125,1256,684,1111,1102,882,823,1183,923,689,531,945,1189,1315,452,1286,884,658,1102,941,1657,1270,797,1008,1099,1144,1361,654,576,1059,533,1206,876,1255,894,961,669,850,493,1180,864,1026,1311,1108,1061,535,1102,761,1250,1289,969,1155,729,1159,1086,544
"COG1075",1,11,67,10,117,42,26,131,202,7,34,45,2,11,16,6,17,27,92,4,120,8,31,10,31,11,4,87,5,102,103,16,56,99,34,27,38,141,85,17,26,43,23,56,12,6,2,40,74,59,26,28,93,40,3,62,17,55,71,19
"COG1076",209,259,185,108,124,92,203,90,116,250,211,139,388,273,178,215,57,179,64,384,127,284,149,103,116,230,172,71,209,134,64,156,209,169,294,49,136,64,214,230,273,82,199,182,105,52,12,168,129,119,98,201,96,151,78,166,255,60,139,182
"COG1077",607,635,662,370,779,930,605,798,749,733,693,830,773,526,541,810,808,710,401,687,666,665,613,843,879,848,692,809,835,763,903,521,318,763,654,722,559,827,838,640,683,598,588,726,648,779,809,643,715,459,839,694,820,910,960,789,620,747,630,508
"COG1078",134,336,197,344,113,81,73,90,166,133,142,191,205,197,277,178,66,35,251,16,150,300,85,170,133,21,205,96,121,89,116,164,4,88,208,141,189,248,78,178,344,187,317,22,211,73,11,213,243,254,145,272,89,79,313,82,294,110,157,311
"COG1079",74,54,170,104,392,404,226,196,210,42,141,313,70,58,106,131,290,195,199,45,174,204,273,197,173,105,163,302,47,347,474,127,339,226,135,292,262,293,161,146,89,168,107,99,124,256,184,188,257,156,374,197,356,210,230,146,138,261,236,88
"COG1080",249,220,552,133,906,639,351,517,588,194,500,463,229,427,296,412,1009,461,387,151,634,311,796,876,316,421,693,695,356,514,470,337,1245,627,250,1128,366,1359,428,362,186,486,205,589,392,756,1129,478,585,334,613,409,542,465,867,563,366,703,348,173
"COG1082",293,407,669,746,566,566,520,548,479,210,594,421,312,625,626,636,639,301,1041,128,489,481,610,599,462,270,500,569,254,549,1099,650,1142,419,689,833,533,338,478,475,608,522,377,249,393,943,1127,540,577,716,610,421,630,294,544,447,462,556,596,452
"COG1083",93,127,165,374,188,144,178,118,111,19,241,106,55,166,258,290,107,533,194,28,251,195,91,197,159,58,293,200,135,88,147,465,62,116,273,40,160,53,145,165,241,165,100,141,207,190,48,94,225,120,162,140,170,160,138,178,75,239,124,294
"COG1085",8,40,23,10,34,4,66,34,8,23,6,3,13,43,8,17,21,23,15,21,3,10,41,5,12,25,38,3,67,8,23,18,138,7,3,267,3,36,10,17,1,30,15,115,1,71,388,12,4,18,32,12,25,19,409,1,19,18,22,13
"COG1086",1291,1129,966,1392,859,976,778,735,953,278,1004,842,453,444,1086,1169,548,390,1123,305,876,620,754,824,1060,309,853,906,830,799,970,1373,460,528,1353,510,1111,931,711,889,1106,1892,1172,690,949,782,213,1118,1007,1545,913,753,592,502,642,665,686,848,920,1257
"COG1087",458,416,391,327,511,607,503,555,446,594,501,562,493,439,387,493,606,503,321,554,491,414,391,473,595,632,388,560,516,642,608,402,420,513,437,644,444,716,586,523,399,494,277,563,448,516,656,447,527,366,581,473,651,697,574,629,458,541,538,366
"COG1088",855,886,646,853,551,577,709,583,707,730,773,668,801,904,806,669,515,532,648,709,640,654,495,625,640,426,516,577,518,689,356,712,396,626,816,514,650,666,718,636,763,866,859,547,696,562,467,629,530,990,417,676,605,731,499,705,707,568,557,867
"COG1089",434,416,261,374,317,340,268,314,322,397,436,364,617,486,558,361,192,323,426,420,525,519,328,310,217,488,471,338,470,367,179,403,52,299,497,33,493,42,429,423,600,440,577,344,470,239,17,578,612,350,267,478,208,323,218,352,529,397,473,466
"COG1090",26,41,79,191,27,16,46,27,28,16,52,33,45,82,107,77,6,10,153,23,79,33,60,27,33,7,110,28,4,22,66,111,111,20,54,7,69,13,40,64,109,111,192,99,54,10,1,47,29,148,34,47,31,15,51,28,64,31,123,104
"COG1091",653,613,542,483,550,587,479,365,587,610,680,452,521,453,576,510,557,467,578,314,508,525,522,649,373,338,444,515,344,565,370,587,194,524,726,511,527,544,554,560,547,968,663,386,547,559,281,619,503,667,388,562,409,454,427,528,521,445,500,491
"COG1092",525,506,611,453,738,665,510,647,643,527,660,665,647,581,536,650,642,566,442,609,530,566,735,711,788,490,645,667,577,601,667,464,613,706,452,453,574,389,667,579,568,436,528,803,583,599,460,609,640,453,609,621,712,721,267,574,588,641,626,388
"COG1098",11,18,26,14,115,70,44,43,50,18,25,62,7,14,1,20,22,22,8,5,69,8,33,68,103,23,37,37,36,58,63,33,5,40,25,44,31,220,60,21,4,34,1,25,15,26,140,35,45,12,96,46,75,71,265,17,32,46,32,18
"COG1099",0,0,1,0,0,0,0,0,5,0,0,1,0,1,0,0,0,0,0,0,0,0,41,0,0,0,0,0,0,0,27,0,0,2,0,0,0,0,34,0,0,0,0,1,3,0,0,0,0,0,0,3,15,4,0,0,0,0,2,0
"COG1101",173,82,188,64,459,422,152,218,293,70,248,164,73,133,126,164,356,214,176,66,228,182,287,400,163,231,302,360,90,371,210,147,98,298,143,372,171,243,167,158,91,218,81,158,181,385,196,208,263,71,374,211,323,216,305,129,145,359,149,134
"COG1102",0,3,0,0,8,24,0,15,2,0,0,5,0,2,0,0,3,2,0,0,0,1,0,4,12,0,1,22,0,0,17,2,0,16,1,0,7,1,0,1,0,0,0,52,0,19,2,0,0,0,3,1,1,14,0,2,0,6,1,0
"COG1104",314,242,548,141,885,1018,361,729,699,148,556,673,132,292,231,376,970,640,246,149,669,323,728,999,787,376,672,869,224,675,900,280,393,773,305,987,437,1012,419,342,193,528,143,547,406,982,399,557,660,265,832,462,817,754,624,522,360,881,413,255
"COG1105",126,146,229,64,439,251,134,277,187,89,206,210,72,215,142,170,485,225,221,81,255,109,284,276,122,192,289,303,212,205,220,107,455,224,117,424,145,590,133,124,64,200,99,103,125,395,501,162,256,89,409,124,223,233,652,226,115,246,136,110
"COG1106",1415,1130,556,789,551,662,538,949,557,1072,561,554,399,696,841,600,726,1420,442,509,705,443,372,561,557,976,358,684,1391,650,347,566,222,773,661,245,534,252,1037,918,1078,370,1006,939,530,568,276,491,553,1007,379,537,579,1472,305,541,963,561,429,374
"COG1108",344,327,324,219,242,294,362,351,318,478,292,325,534,406,263,329,302,430,336,424,327,393,342,441,372,483,246,224,393,318,463,345,979,280,367,495,244,467,433,403,308,314,241,445,354,291,374,308,255,265,300,307,335,317,546,379,353,378,412,349
"COG1109",1455,1355,1420,1142,1968,2109,1522,1935,1614,1588,1767,1843,1668,1283,1213,1522,1962,1593,1089,1636,1406,1460,1471,1564,1917,1912,1408,1725,1590,1846,1914,1400,929,1788,1609,1787,1391,1521,1644,1498,1319,1437,1170,1670,1487,2066,1850,1551,1521,1138,2246,1471,1896,1847,1398,1578,1443,1835,1569,1218
"COG1112",1727,2060,1569,2629,647,812,1345,1397,1624,1658,1166,1377,1675,1037,2247,1656,1114,1535,1591,3261,1117,1928,1012,1136,893,1273,1507,925,1645,1086,671,1623,1153,1033,1985,721,1257,624,1506,1845,1640,1702,1755,1235,1744,1135,649,1822,1388,1559,1041,2006,1607,1118,635,2446,2111,1025,2007,2026
"COG1113",38,117,111,60,34,8,151,129,9,81,19,2,109,722,108,133,22,26,138,103,23,34,382,22,7,53,216,2,262,2,172,96,1290,5,25,804,17,882,46,49,34,87,71,52,3,138,1184,0,4,72,211,29,39,14,1444,2,94,1,90,113
"COG1114",80,82,113,84,241,149,112,144,142,120,171,123,115,129,195,138,78,85,226,55,60,146,141,153,104,86,131,65,236,127,201,169,378,76,58,397,100,375,103,82,151,111,161,99,103,191,894,64,114,71,283,99,258,102,730,69,100,86,240,49
"COG1115",947,620,926,511,1284,1184,814,988,1110,922,1094,875,984,1056,773,985,1657,1573,1074,719,1036,928,883,1286,838,1443,959,967,1219,1197,752,888,710,1210,679,1435,907,1082,1021,980,734,1093,828,1506,795,1404,1296,805,1023,760,1127,723,1307,1256,515,792,720,982,859,558
"COG1116",184,153,303,137,347,329,195,253,251,85,312,300,108,292,224,292,358,235,323,98,237,252,340,283,259,125,176,349,143,305,547,214,491,310,131,343,252,386,202,227,193,271,201,144,156,410,327,195,248,213,287,181,264,225,304,280,132,262,190,84
"COG1117",235,313,373,270,404,362,378,284,358,236,371,344,177,346,333,350,382,220,308,107,314,303,401,368,242,463,357,312,208,257,374,348,329,336,328,603,311,774,285,273,367,389,318,169,277,377,486,393,389,304,433,275,394,247,578,210,334,340,318,341
"COG1118",81,97,192,44,310,129,103,236,184,58,92,83,45,140,44,153,402,203,38,30,192,90,187,347,84,189,165,165,124,121,176,70,248,195,41,327,128,170,118,107,47,130,70,81,80,427,420,160,134,51,158,103,133,91,128,131,95,202,66,57
"COG1119",360,178,223,258,126,119,291,163,146,348,257,126,433,274,164,226,78,228,187,539,170,332,154,113,93,315,132,129,356,116,116,237,159,185,310,87,193,33,262,279,255,159,225,384,303,44,109,272,210,155,196,372,173,181,206,260,216,100,376,320
"COG1120",564,602,733,586,593,526,546,621,532,627,780,614,623,840,586,774,675,630,837,622,564,595,575,695,444,452,611,597,510,564,530,634,516,703,494,517,757,605,523,709,602,514,707,473,646,731,433,466,599,672,715,731,622,455,921,530,636,496,794,608
"COG1121",295,326,363,217,257,270,342,358,353,432,345,424,412,421,309,331,329,343,286,321,351,432,317,350,369,426,335,239,348,290,344,286,555,309,464,445,271,349,380,380,356,347,379,312,369,333,427,353,291,274,273,342,395,222,424,340,357,313,385,295
"COG1122",387,396,831,268,1260,1171,1461,1027,785,327,613,1196,220,446,275,616,1254,861,466,242,746,513,790,1040,750,877,613,1176,726,1036,1509,518,634,786,411,1909,580,1925,612,458,285,885,234,626,434,1543,2805,840,877,437,1722,577,1223,1082,2089,665,431,993,776,316
"COG1123",54,49,109,41,93,72,242,87,134,56,119,71,53,176,87,105,175,79,73,96,74,86,161,238,68,70,248,84,57,88,274,94,350,135,65,582,95,183,43,99,88,94,52,29,45,126,1005,57,39,57,71,97,119,63,378,58,59,66,102,68
"COG1124",32,40,65,31,39,16,17,21,16,20,37,18,51,171,63,67,52,25,86,40,14,92,98,22,24,16,73,19,12,20,53,40,316,23,35,54,40,108,10,30,20,47,69,18,34,102,96,26,40,26,66,18,23,22,45,15,29,20,15,45
"COG1125",19,18,56,35,48,30,27,85,18,41,74,47,45,52,90,75,19,15,106,21,34,41,70,23,35,12,33,25,6,43,89,74,161,6,32,33,45,23,13,39,59,34,35,5,34,22,216,23,23,21,113,30,31,12,117,23,12,22,44,32
"COG1126",388,304,510,147,750,921,535,628,610,354,487,571,328,664,325,402,997,717,360,215,611,475,826,776,438,742,650,797,349,781,724,495,855,672,307,1489,438,1390,532,517,241,605,228,675,382,692,1070,519,554,291,899,462,873,737,1661,496,359,717,493,283
"COG1127",363,425,237,329,202,123,329,208,205,414,293,248,405,273,350,299,114,252,265,419,189,322,157,136,212,304,252,152,388,271,107,311,199,263,347,35,322,143,363,325,392,213,369,428,292,128,255,278,209,295,207,350,230,254,209,353,283,183,263,317
"COG1129",465,307,600,364,1011,1511,423,688,653,215,754,663,301,1349,704,721,1563,688,1751,381,678,682,1216,837,362,517,821,980,304,1116,1005,662,4034,744,545,1445,659,491,388,607,607,1077,606,1032,366,1621,1038,648,668,1011,950,460,829,687,956,497,557,997,469,409
"COG1131",1801,1801,2418,1841,2234,2554,1892,3153,2625,1234,1844,2560,942,1719,1685,1820,3408,2445,1477,1168,3047,1337,2522,2899,2642,1988,1978,3083,1363,2320,3105,2259,2461,2647,1624,3367,2517,4445,2080,1692,1478,2696,1524,1645,1731,3147,1754,2083,2334,2289,2383,1855,2459,2761,2542,2813,1384,2797,1638,1888
"COG1132",3373,3276,5281,2852,7034,7255,6410,5520,5648,2222,4563,6203,2311,3643,2986,3730,7748,5837,3658,2517,6017,2952,6598,8067,7140,4641,5504,7463,2960,5238,7210,3917,4188,6478,3146,9264,4787,9539,4523,3689,2722,5040,2864,3332,3622,8810,6359,5602,5747,3625,6391,4363,6073,5534,8073,6314,3047,6991,3682,2935
"COG1133",4,2,19,3,4,0,8,0,1,1,1,0,10,68,19,12,2,0,11,15,3,0,44,3,0,0,44,0,0,0,22,12,200,1,3,16,1,7,0,5,9,9,16,9,1,1,1,2,1,13,7,2,2,1,20,0,23,1,5,17
"COG1134",224,589,326,175,373,415,223,333,334,88,243,332,88,209,328,322,508,376,288,79,406,319,419,420,499,163,406,500,205,250,396,331,353,442,221,419,258,587,177,158,321,325,375,135,219,606,508,315,339,336,254,274,348,310,452,300,250,408,172,255
"COG1135",101,106,151,59,311,273,174,198,234,94,220,223,116,344,135,196,325,226,134,90,165,134,320,241,137,122,173,273,154,282,234,171,207,200,96,390,141,659,159,129,101,159,66,569,145,287,625,145,197,108,453,188,284,210,531,150,133,224,166,85
"COG1136",2478,2186,2685,2042,2630,2743,2337,2863,2767,2067,2025,2975,2123,1800,1984,2048,2736,2887,1584,1890,2719,2343,2399,3218,2861,2184,2432,3020,2485,2798,2708,2119,1137,2763,2380,3486,2246,2633,2156,2098,2132,2722,2006,2411,2242,2664,2043,2529,2418,2082,2394,2386,2519,3125,2751,2807,2408,3047,2161,2011
"COG1137",377,340,230,309,145,96,270,203,171,356,268,200,405,294,335,350,88,233,251,428,182,293,172,147,151,338,236,127,405,227,162,247,173,218,260,34,209,136,257,291,355,246,291,452,316,93,133,229,169,314,137,261,224,222,161,258,280,143,290,293
"COG1138",7,34,69,16,32,15,35,10,49,27,48,5,78,74,78,73,24,46,49,56,62,28,126,11,35,10,123,22,17,20,59,78,509,55,34,11,35,243,9,48,60,41,44,15,19,4,5,3,10,28,75,60,45,12,68,18,43,2,46,44
"COG1139",253,338,175,366,130,124,338,265,246,483,243,192,602,300,381,294,105,286,291,800,186,234,132,192,110,297,255,71,499,177,203,212,143,237,207,24,135,82,238,279,278,156,415,179,274,95,558,160,110,344,107,161,188,208,226,348,316,102,313,255
"COG1140",7,14,36,8,20,2,17,2,8,2,3,0,26,136,30,35,5,10,41,39,10,17,112,9,17,6,87,7,3,10,43,28,322,20,23,34,11,64,2,14,39,46,17,7,3,8,7,2,1,16,27,4,17,3,187,8,22,0,8,31
"COG1141",1,2,2,1,56,5,24,17,9,1,2,11,2,7,0,1,11,6,0,0,18,1,10,21,8,3,5,5,3,8,2,2,0,11,7,20,6,0,15,12,3,9,1,11,1,0,13,9,17,0,2,14,13,13,5,9,30,22,4,4
"COG1142",30,22,127,65,58,47,70,41,26,25,34,36,109,189,120,147,25,20,145,85,37,39,292,43,23,22,239,61,14,15,182,113,1110,26,57,61,65,53,15,73,90,83,104,29,41,33,23,28,34,51,57,34,85,14,141,42,106,47,60,94
"COG1143",146,65,119,121,43,81,169,76,111,166,138,103,161,160,88,103,57,107,131,233,72,93,130,40,66,95,113,39,134,88,84,132,232,96,130,26,155,17,148,140,81,162,130,101,201,24,8,132,151,124,89,108,90,119,40,184,138,121,161,134
"COG1144",21,8,31,5,17,50,11,47,63,15,27,52,38,30,32,51,26,35,82,21,46,18,19,8,87,8,6,41,1,31,87,39,2,59,13,18,26,97,23,25,40,10,31,155,10,81,8,20,23,20,14,16,38,56,0,6,6,27,23,7
"COG1145",877,790,1109,1081,1015,1306,1033,1001,1180,615,1263,1190,525,874,1025,1288,1344,801,1413,388,945,998,893,1299,830,431,890,1024,760,1093,1956,1135,830,963,800,1021,1171,801,768,814,1065,1137,1097,627,1147,1346,840,1040,1346,996,1875,1087,1153,712,651,894,722,1166,1136,1077
"COG1146",123,129,127,82,60,88,117,108,98,130,111,110,116,64,120,125,130,66,75,127,136,117,83,114,90,91,126,87,140,65,192,135,178,111,98,119,145,110,143,119,133,155,98,98,127,152,107,80,80,106,80,110,118,85,85,198,140,130,119,102
"COG1148",56,39,61,17,47,137,91,74,62,29,174,97,54,83,129,134,136,34,176,9,54,50,58,51,98,36,16,100,18,57,149,57,0,72,19,114,129,91,47,76,94,49,128,30,124,54,12,53,53,22,63,48,91,47,100,33,22,56,132,60
"COG1149",24,2,31,7,2,6,18,0,2,8,98,1,41,22,37,44,0,0,0,1,2,9,4,5,7,0,0,2,2,1,0,6,0,0,2,0,1,6,3,3,5,8,32,7,26,7,5,0,3,70,14,8,4,0,0,4,17,2,1,4
"COG1150",13,16,8,1,23,35,27,30,25,14,25,26,10,14,40,14,11,9,61,5,28,23,16,5,35,8,0,15,5,15,54,15,0,10,2,26,31,23,18,31,44,9,32,12,45,13,3,30,21,2,18,16,18,8,35,21,3,19,38,12
"COG1151",344,600,562,548,580,842,578,579,571,536,606,574,977,508,605,636,750,701,629,181,618,449,517,797,425,886,676,550,947,579,484,592,459,584,523,983,545,682,310,418,608,573,622,500,454,910,592,492,646,659,445,402,494,471,632,461,448,636,512,418
"COG1152",12,9,32,9,39,206,16,21,20,1,14,47,1,13,7,8,110,46,0,9,18,16,24,39,24,21,24,44,16,71,69,25,0,19,2,123,60,50,32,10,7,23,16,9,14,42,11,10,25,15,50,7,71,22,90,18,8,30,42,4
"COG1154",1198,956,1149,817,997,1060,817,1065,1096,1656,1098,1179,1210,807,976,1074,975,1294,767,1661,944,1047,863,1183,950,1351,902,1061,1241,994,834,880,403,1010,1197,891,989,973,1254,1014,921,1112,1025,1284,1067,875,836,1094,1109,833,898,1235,991,1278,807,1265,928,985,1224,912
"COG1155",348,509,516,541,471,595,583,374,618,397,618,634,259,504,524,497,560,187,397,149,454,592,388,466,696,203,405,405,192,388,638,465,321,466,691,512,469,276,425,441,631,574,607,150,527,469,190,567,505,529,843,631,457,355,236,317,521,444,482,506
"COG1156",192,339,367,366,412,501,443,301,488,290,473,524,175,263,402,344,501,154,384,93,358,457,367,346,513,149,366,344,136,307,552,406,272,319,482,396,479,225,382,385,417,516,516,91,396,413,188,485,458,376,649,409,416,283,192,273,353,365,447,404
"COG1157",30,70,94,23,38,74,36,121,104,49,73,73,32,20,73,98,152,121,123,32,157,37,157,194,49,81,151,178,40,97,67,51,516,185,26,83,146,343,55,90,45,136,40,178,74,305,22,75,99,95,39,32,89,70,53,185,47,172,19,67
"COG1158",606,257,470,247,283,433,374,361,391,634,364,430,409,354,323,373,442,388,217,865,405,487,436,369,445,505,293,396,569,340,493,271,330,447,289,542,328,620,355,546,330,247,393,504,503,340,279,461,432,207,313,415,347,518,297,423,377,494,520,246
"COG1159",435,285,365,260,378,405,416,460,357,425,383,446,422,356,277,387,450,510,320,535,417,363,360,371,632,511,319,508,438,513,502,423,250,441,338,389,379,452,472,416,282,375,248,583,401,378,426,383,388,330,494,394,504,549,505,523,330,424,429,328
"COG1160",853,1066,784,897,769,891,893,931,949,1066,995,900,910,826,894,973,866,802,851,751,893,756,780,865,1048,927,847,743,960,829,932,865,427,941,814,793,831,815,918,845,885,832,949,892,862,873,1107,916,892,873,841,817,878,876,860,862,910,864,901,822
"COG1161",119,95,164,42,230,354,120,236,179,49,210,217,52,103,84,132,309,232,157,29,186,125,199,248,543,159,147,307,110,253,327,118,83,204,76,332,127,391,125,105,57,151,68,122,104,264,156,109,146,53,251,91,219,260,425,122,97,213,112,68
"COG1162",435,342,347,539,439,478,443,462,422,514,392,481,504,429,502,392,434,449,522,515,498,373,417,421,647,517,457,374,386,470,574,479,351,456,335,341,434,455,440,482,364,538,422,429,425,402,128,454,453,460,491,343,501,575,437,432,410,421,449,368
"COG1164",192,115,362,89,528,778,299,383,404,83,282,497,60,158,81,277,602,438,270,65,350,169,411,527,771,279,345,596,122,372,572,198,199,501,181,773,368,982,273,199,138,226,111,164,221,467,159,323,443,194,342,247,476,342,661,271,206,447,268,115
"COG1165",380,511,235,267,94,163,292,236,134,539,278,238,594,293,521,212,168,342,370,638,186,339,182,141,117,503,198,124,521,627,218,403,196,464,403,133,418,72,438,481,316,261,547,385,391,224,387,487,204,596,253,426,411,532,362,340,351,214,394,554
"COG1166",578,321,280,396,193,270,528,286,378,647,432,346,701,477,363,413,184,332,302,1104,289,486,421,240,236,642,366,206,508,365,151,466,318,350,580,46,388,46,600,571,385,399,440,615,573,72,16,512,345,374,264,530,295,357,123,549,470,311,575,504
"COG1167",287,333,664,569,846,786,634,829,674,180,509,656,170,1131,471,475,907,562,1032,236,772,467,761,827,497,524,621,1048,355,816,711,485,677,797,317,1206,526,1469,458,430,458,598,387,598,436,905,882,574,883,538,1391,448,899,688,757,567,364,883,587,330
"COG1168",880,1044,704,922,617,470,862,614,769,741,715,683,1074,1078,986,959,629,726,1098,996,660,1231,655,822,727,855,725,543,925,643,550,756,737,682,750,818,717,797,650,774,1022,892,1004,678,661,882,1265,669,817,867,637,742,603,661,910,705,934,693,665,836
"COG1169",385,234,192,233,125,88,200,116,153,385,160,127,400,255,224,212,95,279,201,340,162,196,182,117,78,304,239,94,317,204,106,164,247,156,190,28,67,56,222,250,234,121,222,254,182,45,4,152,106,160,108,136,131,186,160,161,197,142,219,213
"COG1171",485,399,340,285,520,378,355,365,398,285,468,329,480,518,471,549,571,554,511,597,390,401,516,500,237,426,578,353,608,398,364,339,765,515,324,504,281,313,426,385,410,349,430,575,309,601,750,302,331,301,617,305,418,472,622,362,341,511,393,228
"COG1172",298,212,330,263,443,989,189,346,364,146,502,402,239,805,510,488,1023,381,1218,274,414,508,706,466,208,218,417,446,158,722,610,383,2588,371,291,812,419,283,186,301,404,851,494,581,226,1252,559,289,458,725,642,234,436,400,598,309,269,546,267,313
"COG1173",317,325,548,277,888,735,823,525,490,252,552,531,261,787,393,539,899,478,747,238,434,516,859,836,469,419,767,577,364,553,1016,523,1268,494,539,1371,601,1110,418,396,343,648,414,233,368,988,1552,416,538,422,919,496,624,438,1537,320,472,638,452,230
"COG1174",28,21,63,44,73,29,24,68,19,47,113,53,70,135,128,87,13,18,221,44,24,55,91,31,25,18,99,29,11,29,134,94,280,6,42,54,72,60,16,44,79,59,90,13,48,17,290,19,30,13,165,31,33,15,304,21,35,18,57,45
"COG1175",861,622,1291,1016,1836,3267,1396,2065,1284,273,1105,1320,228,960,717,956,2550,1545,1336,340,1341,1043,2247,1952,1065,1386,1756,3212,607,2458,2005,1228,2974,2177,1112,3550,896,1640,1043,1070,536,1949,694,822,786,3360,3345,1310,1745,1112,847,1059,1325,1340,2803,1209,837,2457,872,716
"COG1176",348,324,349,326,415,446,358,386,336,397,340,349,389,465,308,290,444,328,305,142,304,332,408,344,212,453,400,455,332,431,373,286,417,412,397,348,298,357,407,402,307,353,326,347,326,380,142,360,351,305,377,318,380,449,371,209,332,431,360,278
"COG1177",312,203,365,285,464,465,376,402,418,397,410,384,327,527,223,270,525,385,299,164,314,396,386,430,202,461,372,378,274,431,398,309,571,373,400,539,319,541,334,364,303,479,243,350,305,404,178,378,361,243,420,437,362,403,473,190,381,398,428,279
"COG1178",101,114,88,122,116,385,67,182,181,75,212,247,141,287,289,223,119,176,766,86,142,269,242,188,113,106,196,271,118,338,368,270,816,236,246,224,199,262,130,203,287,204,308,125,162,182,495,122,130,351,395,160,263,214,71,160,203,210,209,76
"COG1179",339,312,295,171,361,418,318,351,342,352,357,363,406,281,285,313,453,323,224,335,314,298,281,321,589,349,350,266,369,297,438,257,160,345,286,339,287,237,333,293,230,283,255,398,330,373,313,360,337,245,348,245,379,410,204,339,321,349,375,192
"COG1180",321,394,529,431,471,490,409,588,362,933,432,450,362,428,535,626,707,621,560,739,399,384,485,481,493,386,483,437,431,413,708,564,869,428,332,580,433,636,346,557,463,544,591,551,372,498,794,420,342,741,485,336,468,566,508,837,371,379,486,420
"COG1181",577,421,537,658,488,703,635,548,500,548,540,591,589,424,331,487,576,628,374,781,457,446,477,514,668,597,432,608,480,582,536,363,503,467,336,536,398,596,507,443,299,367,298,528,366,492,544,405,436,253,526,326,490,612,605,471,355,540,427,418
"COG1182",3,6,23,5,9,9,5,8,22,6,12,12,6,71,12,9,6,12,8,3,9,11,45,7,9,3,17,10,6,9,23,15,63,6,9,27,16,44,19,10,4,18,7,24,3,48,3,8,10,12,45,6,26,10,20,5,6,11,12,9
"COG1183",359,390,236,311,189,200,263,257,284,422,254,255,387,256,323,260,229,296,278,502,236,355,159,217,203,403,186,186,370,192,153,261,37,231,318,132,214,248,367,331,378,194,313,263,307,135,214,286,214,363,197,282,256,405,201,318,332,176,263,336
"COG1184",2,2,0,19,3,4,1,38,6,0,0,0,1,1,0,13,3,7,0,0,0,0,0,3,0,1,0,0,0,1,4,0,2,0,0,0,3,0,0,0,0,0,0,2,0,1,0,0,2,0,16,3,0,1,0,0,0,1,0,0
"COG1185",964,793,794,707,949,1108,845,950,1030,1086,1083,1083,1198,839,879,924,889,810,713,1378,753,895,990,941,1336,1034,895,1051,970,926,1118,804,552,1077,944,741,815,458,1089,1097,825,828,734,1023,997,955,1184,802,811,658,886,1019,1079,1161,552,911,925,1049,977,753
"COG1186",662,501,532,434,515,676,559,555,543,585,524,632,619,458,500,556,549,632,455,749,466,532,485,542,631,541,549,557,627,563,636,553,362,550,543,546,533,524,599,518,548,514,554,610,582,488,609,467,514,516,569,516,600,634,576,570,575,540,607,476
"COG1187",354,184,424,158,465,613,455,405,406,284,421,507,357,456,243,296,479,492,246,484,416,280,513,404,485,305,385,509,433,427,645,383,563,690,314,681,432,825,479,392,299,349,259,541,480,460,366,484,544,257,658,417,636,882,858,478,364,620,574,249
"COG1188",117,172,143,166,144,140,153,161,161,169,148,149,176,189,203,161,175,165,116,226,166,210,134,182,155,198,173,165,76,184,132,165,144,173,148,167,128,176,145,200,163,117,188,159,163,113,67,120,95,140,103,128,161,186,176,201,136,189,115,116
"COG1189",87,80,188,56,245,294,182,216,210,61,146,188,44,117,73,131,286,177,105,54,197,108,222,232,257,152,118,276,108,224,250,103,88,220,103,333,157,352,169,92,58,195,65,113,117,279,324,146,211,84,255,142,279,243,370,187,105,254,122,55
"COG1190",726,712,779,546,809,883,818,773,895,820,827,832,1056,804,791,794,707,676,558,906,631,765,742,724,983,810,766,722,750,663,836,709,813,839,774,702,762,725,824,810,839,698,738,822,888,619,815,726,764,649,880,787,854,907,796,757,845,823,927,702
"COG1191",239,253,733,145,1007,1069,371,807,755,152,366,831,81,279,276,320,1138,657,262,99,755,348,849,1007,1452,473,662,1151,234,819,1308,344,556,962,345,1120,560,822,543,403,162,653,151,522,322,1192,390,606,838,340,794,402,838,1022,362,696,382,1022,367,236
"COG1192",1078,861,1365,1761,1941,1588,1412,1382,1395,2080,1169,1363,1105,1096,736,1124,1753,1647,753,746,1385,991,1218,1746,1436,1696,1575,1547,1229,1580,1430,1071,1292,1297,1169,1810,1158,1195,1381,1261,662,942,750,1957,1056,1603,994,1218,1396,2159,1160,1131,1331,1562,1145,1339,1225,1306,1070,653
"COG1193",942,391,740,520,924,1079,704,897,928,1040,840,952,924,510,515,712,1112,1176,704,1145,888,561,710,926,875,1196,663,812,792,940,1175,648,361,898,619,908,761,946,870,896,639,824,565,928,952,938,430,1036,1086,517,789,809,1013,1060,976,1042,684,964,1011,633
"COG1194",358,282,341,216,424,272,361,232,339,370,309,367,344,301,316,344,378,434,230,406,311,289,346,288,295,345,312,318,387,355,262,287,255,336,262,373,326,281,347,406,306,312,288,202,285,287,245,355,319,272,288,286,404,257,325,262,332,269,354,275
"COG1195",712,705,606,478,656,586,580,680,556,582,540,575,490,522,462,529,697,621,442,676,486,667,527,573,740,624,500,610,733,739,525,517,399,631,531,846,523,686,649,559,579,563,451,773,572,619,626,636,618,564,578,560,606,601,619,701,598,589,508,540
"COG1196",252,266,551,139,978,1081,385,810,708,193,556,829,160,297,265,446,903,649,343,128,649,324,737,969,1441,524,569,962,348,724,1140,342,263,893,237,1242,482,1340,445,313,196,532,193,485,407,939,911,619,816,224,1123,438,1043,852,1067,560,280,764,589,220
"COG1197",1281,856,1267,783,1433,1473,946,1282,1398,1317,1247,1428,1516,1019,834,1264,1589,1502,685,1641,1189,1001,1354,1282,1747,1679,1012,1283,1443,1337,1532,999,718,1260,824,1666,1172,1524,1566,1271,931,1104,828,1534,1325,1383,1714,1335,1193,665,1606,1088,1464,1518,1197,1304,955,1292,1515,939
"COG1198",1052,818,897,674,822,1051,936,924,1031,1130,1072,1090,1000,829,824,912,979,1065,686,1191,931,771,782,978,1315,1160,927,850,1117,875,1103,757,545,1076,788,990,827,1017,1047,922,827,756,910,1158,990,932,883,935,874,650,1017,774,1122,1138,858,983,800,950,1097,630
"COG1199",226,206,438,151,498,662,278,442,370,139,284,367,164,372,248,349,630,384,244,101,460,201,606,612,235,321,533,551,228,530,433,326,809,516,164,898,325,1262,291,204,140,268,168,362,225,846,521,305,408,168,426,268,306,417,824,297,238,530,178,181
"COG1200",915,544,814,565,761,932,729,862,832,880,792,842,973,587,500,684,777,1058,583,1161,707,682,759,745,1176,977,675,783,907,838,933,603,565,666,613,959,706,787,997,856,632,689,613,1072,812,724,1093,809,900,456,935,697,945,1033,825,874,653,806,925,685
"COG1201",2,7,66,23,32,86,125,14,13,2,11,8,24,17,27,18,21,3,129,43,28,28,60,7,5,14,54,64,0,13,110,23,547,6,37,354,2,6,3,42,20,30,33,148,4,22,471,18,5,69,178,11,32,7,398,3,27,10,52,22
"COG1203",199,247,347,240,561,282,370,522,487,825,191,377,408,66,408,255,420,459,386,339,502,202,362,525,645,707,129,346,298,546,508,297,527,319,289,813,263,618,259,248,374,719,83,414,205,443,981,316,261,216,367,259,427,353,352,964,451,481,252,349
"COG1204",267,146,293,635,137,73,257,342,202,122,116,256,77,194,75,243,116,358,55,14,134,187,103,109,148,35,363,218,62,171,164,168,38,116,78,14,206,922,244,44,75,153,30,78,64,147,60,208,21,388,45,65,125,117,17,201,22,136,228,258
"COG1205",406,66,182,139,84,97,299,291,113,372,155,103,341,72,162,67,343,1437,731,13,21,56,314,128,184,66,127,236,11,956,328,327,20,211,273,397,337,12,27,613,50,50,89,717,216,23,18,105,125,405,112,118,414,129,2,28,38,127,80,256
"COG1206",36,41,68,22,239,251,114,147,129,60,135,190,59,54,27,78,115,108,78,17,105,34,103,132,217,75,127,190,114,154,320,79,9,131,48,154,103,185,151,58,37,82,37,101,86,45,276,82,154,15,309,108,274,131,233,68,84,132,139,37
"COG1207",112,92,158,55,171,147,142,191,160,85,157,129,113,143,99,164,116,126,148,79,166,72,111,91,100,99,131,182,153,133,240,99,239,140,72,332,91,333,65,65,69,88,57,219,52,188,486,65,117,49,395,80,220,135,421,98,81,135,140,67
"COG1208",725,1018,625,1133,668,430,614,500,520,607,649,465,474,618,784,682,464,335,508,403,708,706,372,621,385,375,391,468,465,733,476,503,138,536,631,113,521,320,479,956,799,653,646,695,648,506,194,708,511,669,600,616,405,656,216,563,787,578,520,760
"COG1209",524,446,452,619,442,477,551,504,402,666,549,438,507,616,565,445,459,259,484,249,425,527,407,440,286,433,449,354,224,352,235,542,286,511,495,341,386,489,491,529,504,572,635,322,504,432,218,436,410,832,344,460,540,444,394,410,572,432,398,538
"COG1210",258,65,107,72,177,52,102,165,95,283,137,68,332,197,83,118,145,248,96,290,84,52,118,146,90,439,136,52,416,248,126,125,437,68,124,286,60,241,259,190,91,131,92,401,103,66,280,36,111,147,351,88,251,193,543,198,94,70,120,46
"COG1211",934,446,563,378,396,470,548,539,468,670,431,489,717,367,433,616,559,699,393,816,516,407,441,491,413,761,432,460,706,585,453,490,193,495,451,525,497,990,853,569,460,488,438,611,452,544,466,565,438,504,426,394,666,732,559,562,485,534,536,422
"COG1212",288,287,236,299,125,234,247,225,226,355,270,217,339,223,279,348,97,192,232,287,174,287,202,104,176,308,159,154,318,251,137,353,127,182,289,47,208,285,312,309,327,253,263,315,307,88,253,220,171,252,178,278,223,215,180,228,295,178,297,361
"COG1213",40,24,47,90,99,22,38,43,43,15,40,25,81,38,300,35,3,10,236,1,39,172,101,24,36,10,41,62,6,45,48,89,13,53,18,4,25,9,47,19,56,59,69,10,62,21,3,28,23,39,11,58,24,33,19,98,78,74,55,63
"COG1214",359,378,300,276,343,417,392,414,374,363,335,393,459,299,354,370,407,385,285,425,345,365,329,429,482,362,392,300,470,351,336,315,167,386,286,433,358,339,399,348,328,344,361,437,372,337,490,383,358,325,431,317,353,447,363,399,343,394,352,265
"COG1215",462,699,712,914,452,413,536,594,575,609,623,819,236,689,634,615,261,384,740,336,583,848,608,525,719,478,571,433,320,474,620,787,879,366,751,573,776,375,574,724,782,734,744,629,735,328,1005,770,668,585,578,861,485,658,958,342,618,372,720,882
"COG1216",1392,1384,1146,1301,1214,800,861,1252,899,972,898,783,1127,871,1335,1064,746,967,790,1107,1156,1285,772,1170,715,841,1180,1255,940,1024,532,1062,639,1040,1220,586,992,653,808,1310,1400,778,1202,1094,1120,776,1228,1102,1004,1910,757,1122,850,1059,837,1067,1207,983,913,1411
"COG1217",854,812,775,632,838,1092,826,815,1005,947,913,992,1081,801,777,888,887,738,554,1103,841,799,902,883,1206,1028,895,882,1012,799,1027,809,624,988,999,821,826,977,1039,855,876,725,852,993,934,831,774,811,801,697,961,882,1016,924,871,979,860,971,966,700
"COG1218",125,264,173,229,136,114,240,98,183,176,201,191,107,215,275,249,34,21,145,49,159,272,151,140,175,24,191,111,98,52,64,150,119,143,220,31,190,23,120,138,237,115,213,19,201,71,6,181,166,215,75,173,83,39,62,80,245,84,160,192
"COG1219",701,573,688,457,700,878,668,846,749,767,682,789,665,522,597,741,950,845,510,814,739,696,644,839,809,794,650,901,750,817,771,617,553,936,611,861,624,997,713,705,644,709,581,726,649,960,845,735,805,613,668,608,804,925,780,762,604,889,606,551
"COG1220",38,65,30,27,10,8,27,46,47,59,74,23,51,72,63,84,13,13,80,17,22,11,101,9,37,30,46,10,136,17,138,85,306,10,11,89,35,283,25,17,28,34,59,213,40,74,350,9,6,27,43,16,60,26,238,5,30,15,45,36
"COG1221",49,317,54,150,100,41,71,373,28,219,82,55,128,424,83,205,458,184,170,70,17,132,112,89,81,147,191,167,626,67,108,47,359,101,35,317,59,525,120,153,54,90,89,46,41,487,2112,39,140,58,195,68,46,32,253,125,56,30,56,39
"COG1225",224,253,229,261,156,134,207,177,139,248,188,173,254,204,192,204,209,269,155,225,177,274,134,187,140,146,136,179,148,202,87,203,185,189,246,173,167,303,175,212,254,165,175,136,192,130,75,214,210,296,133,205,140,180,171,244,256,148,141,231
"COG1226",220,477,266,336,180,211,258,224,215,226,198,184,220,442,438,362,108,82,319,138,218,265,736,226,131,50,495,231,131,185,221,247,931,293,312,281,196,528,265,214,367,299,431,50,251,117,173,150,215,403,300,211,207,136,309,124,431,145,192,342
"COG1227",145,177,358,86,542,408,213,399,327,135,256,334,79,172,144,249,743,334,192,91,364,195,315,592,796,256,347,351,251,339,336,223,174,367,148,602,270,568,296,164,111,264,113,262,192,545,547,199,242,144,237,211,381,500,375,266,215,306,180,87
"COG1228",233,375,459,352,386,355,316,295,472,202,424,490,159,268,383,434,395,213,491,152,471,519,337,320,314,140,344,451,161,280,353,480,207,348,508,294,436,168,299,378,505,475,532,165,423,306,95,416,456,384,606,539,440,251,143,299,307,428,434,381
"COG1230",9,33,50,142,35,83,207,55,46,112,96,34,41,187,121,71,33,14,89,65,67,30,51,51,62,9,76,30,5,42,94,109,171,134,32,196,95,98,48,49,91,280,104,16,89,13,113,77,30,127,42,63,43,20,272,23,108,35,114,94
"COG1232",47,154,102,278,33,93,137,71,148,32,63,206,47,54,457,58,93,53,92,22,142,83,114,72,548,46,22,123,118,147,116,217,20,67,139,200,99,63,78,329,194,242,132,30,47,74,329,114,111,453,266,50,83,360,246,189,135,208,121,235
"COG1233",60,213,48,279,102,24,76,66,160,47,108,100,110,69,256,185,13,19,198,12,145,117,34,118,94,10,201,50,82,26,111,103,0,54,104,34,140,16,45,93,200,110,317,19,156,54,2,69,28,114,58,43,48,25,15,78,100,74,143,111
"COG1234",502,338,418,333,371,347,368,450,362,457,351,379,406,393,470,479,519,520,373,597,383,433,361,516,376,495,374,422,367,448,267,311,366,516,316,523,359,417,384,405,375,428,332,428,478,494,470,377,353,363,238,377,297,556,344,428,394,453,366,336
"COG1235",780,602,569,574,510,558,558,658,583,875,499,667,660,627,548,543,454,610,435,777,525,611,527,501,616,721,432,761,752,691,698,541,329,528,616,374,563,457,786,768,599,546,499,623,637,469,322,492,575,584,570,571,631,737,512,752,702,734,607,635
"COG1236",130,116,215,77,413,512,193,351,278,91,162,480,60,123,93,210,459,195,94,55,240,152,332,386,408,220,248,435,179,328,558,155,184,383,162,342,204,206,302,172,72,221,69,146,167,481,417,223,263,83,434,189,311,263,96,190,157,352,167,142
"COG1237",37,68,76,97,63,37,39,149,62,293,72,61,34,55,138,157,87,14,243,18,47,55,26,63,43,29,34,69,61,61,84,204,113,54,78,21,96,81,28,174,96,156,113,19,83,36,104,106,84,191,36,81,40,137,25,40,72,54,145,97
"COG1238",174,167,131,156,63,76,179,128,159,229,182,128,206,165,137,117,87,111,94,306,107,180,95,46,90,122,129,74,208,103,46,178,37,146,241,34,182,46,180,207,166,121,207,293,182,37,6,173,156,104,73,141,132,162,65,159,202,84,141,186
"COG1239",18,4,12,11,27,50,34,23,26,29,79,9,3,9,35,8,8,20,127,13,19,13,24,8,57,41,9,73,0,2,47,24,2,73,5,11,11,55,1,20,33,50,2,66,15,1,14,0,17,29,75,6,125,31,95,4,3,14,13,8
"COG1240",11,0,12,2,13,50,25,13,11,11,65,9,4,20,32,14,6,16,85,6,27,3,18,3,34,36,9,64,2,11,29,11,1,46,10,3,0,55,1,13,13,25,13,46,10,2,2,4,8,24,65,7,99,24,128,9,0,16,14,1
"COG1242",414,256,340,295,202,282,296,363,315,323,251,272,247,302,215,281,370,324,275,399,312,317,233,282,494,318,199,333,380,341,223,224,238,328,247,260,229,331,247,341,305,305,239,320,288,344,258,284,294,281,353,326,304,446,222,422,293,291,273,284
"COG1243",34,12,34,8,27,67,18,57,38,13,89,87,13,13,25,24,9,48,67,11,31,22,19,7,178,21,7,87,8,54,214,48,0,61,34,53,14,38,49,11,25,37,22,33,30,12,16,34,42,3,307,25,82,52,94,37,16,62,64,28
"COG1246",9,34,25,22,34,4,11,25,21,22,15,8,28,91,39,58,1,7,50,30,30,13,89,9,12,6,53,8,38,21,33,41,186,17,22,16,16,81,32,23,28,14,13,42,13,10,79,7,6,11,26,18,25,9,36,17,29,3,29,24
"COG1247",201,192,194,126,319,256,245,170,264,169,163,224,98,196,166,196,254,117,120,70,184,292,255,256,164,99,235,193,169,236,183,165,112,304,164,291,173,314,176,139,154,203,158,149,217,292,302,171,193,157,183,154,228,159,260,159,351,218,163,151
"COG1249",468,842,834,999,485,393,709,466,607,428,712,703,406,903,993,922,172,160,921,374,706,905,673,479,468,129,688,441,401,292,644,1006,1123,487,931,378,898,340,517,722,1057,1120,1093,302,804,295,680,808,628,1017,697,1112,445,235,998,412,878,437,886,1109
"COG1250",78,51,211,52,257,265,174,159,263,74,125,217,79,304,117,138,202,133,177,92,138,75,389,249,121,110,306,206,47,146,257,152,823,186,235,301,146,74,113,147,130,251,73,76,114,214,216,142,194,47,284,118,170,189,136,69,158,183,124,132
"COG1251",17,10,61,37,34,4,19,4,13,9,16,15,44,286,77,44,18,32,105,48,14,34,184,21,2,7,96,16,10,14,118,60,615,13,26,108,16,117,11,25,29,51,53,17,3,49,15,11,26,67,89,32,15,7,223,4,46,16,15,46
"COG1252",110,155,117,144,37,48,49,131,61,154,76,66,266,94,180,185,56,64,173,143,137,72,123,78,68,234,155,42,156,109,95,203,165,30,85,100,133,19,192,149,170,227,230,179,153,35,132,190,126,160,99,129,100,104,95,135,63,122,181,255
"COG1253",1210,1160,1346,1077,1113,1070,1261,1264,1131,1429,1153,1189,1362,1078,1102,1274,1061,1309,1091,1711,1111,1260,1125,973,1019,1332,988,1183,1160,1159,1353,1176,814,1170,1081,1152,1118,1277,1280,1327,1215,1014,1074,1283,1310,1080,1318,1189,1187,1032,1211,1231,1275,1260,1228,1327,1153,1223,1432,1103
"COG1254",14,22,32,12,34,54,30,31,30,14,16,31,12,38,13,36,99,61,19,15,38,10,46,90,26,46,45,45,32,27,41,14,43,38,21,139,36,155,19,26,10,27,16,17,16,91,62,19,40,7,28,16,34,68,164,43,28,32,27,12
"COG1256",139,158,319,18,42,231,68,328,242,65,138,128,17,80,73,233,414,309,112,32,422,76,282,494,83,161,311,431,82,236,98,80,262,435,56,169,253,786,127,134,55,279,32,389,197,696,7,210,218,200,50,88,220,145,55,439,23,488,29,82
"COG1257",0,1,4,0,3,5,2,2,1,2,2,1,0,2,0,3,1,18,8,6,3,0,5,4,0,3,0,4,0,0,33,2,0,0,1,97,1,174,0,10,2,16,21,1,1,2,1,0,0,0,35,0,5,1,180,5,0,1,12,0
"COG1259",55,66,83,110,42,56,93,36,74,81,80,74,23,37,94,68,5,17,81,210,82,73,76,37,49,5,56,36,20,40,52,145,0,35,148,2,137,8,85,101,111,173,145,10,127,30,3,150,135,104,76,99,62,24,26,199,141,116,145,127
"COG1260",390,360,204,281,144,136,299,238,243,537,274,211,573,242,264,219,167,232,193,703,197,317,141,147,162,589,196,130,396,281,126,259,2,226,318,73,248,32,403,392,274,125,280,335,302,79,230,298,236,195,145,218,211,268,35,326,299,173,254,300
"COG1261",0,1,11,1,5,0,1,0,1,0,1,0,7,0,9,8,0,0,8,10,0,4,14,2,0,0,35,0,0,7,8,4,67,1,3,0,14,2,1,3,1,3,10,96,3,1,0,0,0,3,0,1,1,1,19,0,4,0,1,5
"COG1262",577,617,432,629,252,173,247,362,368,482,324,422,458,176,899,469,118,1159,283,1062,805,407,789,183,348,418,376,254,631,423,548,491,3,94,329,23,531,25,660,443,644,92,563,912,478,155,18,211,120,265,181,217,375,380,229,575,180,294,397,337
"COG1263",520,545,911,408,1962,699,506,515,669,409,1032,481,451,1518,611,830,2201,945,1091,404,798,571,966,1154,397,694,995,610,887,579,615,1007,3283,506,838,2676,400,1852,688,370,492,935,677,289,501,1448,2518,475,792,438,979,820,524,386,2087,272,750,701,358,252
"COG1264",452,401,828,429,1653,629,522,536,555,337,846,483,422,1357,614,726,2199,799,1031,396,660,489,916,1104,373,578,857,565,725,564,646,786,3163,440,721,2783,332,1918,583,441,404,749,639,287,422,1229,2056,396,766,370,949,784,503,330,2047,280,675,666,332,237
"COG1266",669,469,421,397,356,383,442,497,481,401,318,391,417,347,434,435,559,597,354,970,570,414,351,615,295,540,533,501,614,392,312,368,298,516,420,450,432,222,513,363,401,584,423,482,371,693,116,479,487,494,263,415,415,522,254,1052,453,440,377,362
"COG1267",71,83,123,74,67,33,57,138,46,146,111,66,187,80,58,64,28,191,87,213,59,153,46,27,70,201,37,55,23,74,66,106,111,42,140,7,95,73,135,106,97,85,87,111,93,18,1,86,103,36,46,115,97,76,107,77,99,81,85,109
"COG1268",79,89,156,60,256,196,150,200,175,70,104,168,37,96,68,122,259,156,83,36,150,145,160,192,143,159,121,219,180,160,199,113,150,211,75,243,162,364,114,87,47,178,56,118,87,372,416,116,184,101,216,109,234,203,223,161,74,197,84,45
"COG1269",379,499,575,566,456,617,613,393,569,378,602,629,216,504,534,490,570,234,521,150,421,614,410,414,567,197,435,452,203,477,605,541,405,436,662,583,559,334,437,482,585,572,600,140,549,525,239,667,511,546,908,612,441,439,302,245,545,406,507,514
"COG1270",156,189,320,87,319,189,207,204,175,127,258,191,82,229,167,241,243,135,218,50,286,293,270,234,118,113,201,243,150,186,164,212,71,252,183,194,250,119,193,195,210,173,152,195,237,296,390,236,283,157,193,316,256,114,227,136,197,212,190,269
"COG1271",338,295,331,285,189,194,348,292,312,456,388,268,496,513,259,327,123,243,216,233,259,398,307,166,202,441,205,160,358,240,168,336,228,259,389,171,349,158,373,376,401,311,320,287,467,86,275,317,302,227,296,435,256,289,342,204,335,236,445,402
"COG1272",245,281,262,219,193,229,198,258,225,200,225,235,201,182,291,294,290,279,258,289,231,224,185,241,357,164,187,276,301,238,252,290,148,170,225,338,258,404,210,241,212,263,234,140,240,293,436,160,171,287,269,153,181,207,361,280,181,191,216,207
"COG1273",8,1,1,2,2,0,0,0,4,0,2,7,0,0,1,0,0,0,8,22,0,0,0,0,6,0,1,5,0,0,7,1,56,2,2,0,0,3,2,0,1,4,0,16,0,0,0,0,0,2,0,4,0,6,4,2,0,7,0,0
"COG1274",1,8,24,16,61,96,26,41,114,14,36,80,6,1,1,6,4,18,2,0,19,5,122,13,60,33,9,127,1,86,123,16,1,62,37,0,12,3,84,21,8,25,1,60,19,10,11,44,79,4,234,32,156,53,0,101,7,106,66,21
"COG1275",20,41,43,21,32,6,27,34,11,36,85,13,51,86,41,61,29,11,131,15,15,23,27,11,5,32,34,11,58,26,22,41,104,5,15,13,10,36,16,16,13,20,42,4,29,24,154,5,4,18,14,13,10,6,38,11,19,6,25,23
"COG1276",3,2,7,2,0,0,3,0,0,1,1,0,7,34,8,4,0,0,9,7,1,2,28,4,0,4,28,0,0,0,17,14,99,1,1,19,4,3,1,5,3,13,5,1,0,1,2,1,2,6,30,1,2,0,9,0,3,0,5,8
"COG1277",61,126,170,275,268,202,176,156,186,70,182,240,43,101,116,71,221,104,221,34,190,133,197,150,308,65,126,188,48,109,304,320,225,147,167,270,256,206,157,124,134,218,136,43,103,174,79,185,203,156,142,172,150,124,255,131,132,195,141,130
"COG1278",71,35,74,36,36,55,55,75,41,35,68,42,26,83,71,83,80,57,146,39,39,42,102,77,90,31,61,93,52,85,64,56,348,58,17,140,62,178,30,41,41,70,39,25,43,125,160,35,57,75,46,31,45,98,205,32,27,68,37,53
"COG1279",26,38,24,13,21,7,63,42,18,15,46,17,15,53,31,35,4,9,61,18,17,14,49,2,7,10,17,7,59,18,37,31,85,4,6,10,11,152,8,10,12,11,22,84,9,21,88,6,14,10,34,13,19,6,126,9,23,7,26,21
"COG1280",61,97,178,79,91,40,95,70,105,52,157,125,65,287,91,157,25,17,95,78,94,221,161,57,112,25,95,90,51,57,80,145,371,91,188,72,133,150,84,109,171,173,94,49,138,48,77,105,111,110,141,214,69,32,48,25,136,43,127,170
"COG1281",102,132,203,62,239,366,145,305,246,77,176,244,77,147,127,161,359,255,154,67,224,124,261,263,296,171,217,340,136,271,290,160,285,258,93,331,165,408,165,126,85,217,73,224,133,352,286,183,199,78,313,140,297,267,375,187,111,282,154,87
"COG1282",4,9,14,1,1,4,29,1,0,1,0,1,18,35,12,9,5,9,5,12,2,2,41,4,1,6,38,0,0,9,13,8,150,3,5,119,29,7,1,6,6,12,8,119,1,14,196,1,2,12,16,8,10,2,86,1,7,10,18,13
"COG1283",1318,1092,1114,765,1315,1126,849,1232,1097,1344,895,1105,1517,852,1032,1047,1470,1758,793,1143,1124,950,990,1365,671,1559,1159,1062,1505,1255,997,870,574,1126,1035,992,876,875,1287,1244,933,894,883,1301,977,1158,676,1117,1190,968,819,1014,1124,1491,471,1161,1069,1335,1013,864
"COG1284",1331,1024,971,838,1279,1176,1026,1156,1129,1242,1029,1080,1111,769,902,981,1403,1257,892,1065,962,1108,875,1033,1275,1343,937,1093,1665,1202,1004,996,661,1032,1106,1169,794,1381,1073,1074,887,863,893,1098,875,1231,1188,929,1037,755,1023,1020,1194,1467,1063,982,1064,994,945,831
"COG1285",158,160,175,154,110,257,170,199,148,184,187,184,192,217,156,205,118,192,205,216,123,134,203,127,112,132,195,177,183,217,200,111,415,112,148,194,152,54,160,189,127,194,176,179,163,108,93,91,118,209,165,116,330,221,180,148,138,203,212,156
"COG1286",6,6,15,3,11,7,28,16,21,9,8,12,14,43,22,16,5,18,23,14,22,0,37,6,18,7,39,10,5,5,35,21,106,9,1,8,28,39,4,25,15,8,7,58,20,2,5,10,4,7,11,13,13,4,80,3,14,10,28,7
"COG1287",0,1,2,2,3,15,4,1,2,2,5,5,3,0,0,7,0,4,0,0,1,0,4,0,2,0,0,3,0,2,84,6,0,0,0,0,0,0,0,3,2,6,15,0,5,0,0,0,0,0,2,5,1,3,0,2,0,1,1,0
"COG1288",121,81,205,191,89,87,98,131,107,49,289,128,163,229,306,314,188,144,428,119,138,447,137,283,127,61,178,133,67,164,305,324,1287,114,122,308,203,169,96,171,278,338,303,69,198,253,297,132,168,277,411,112,172,241,469,170,149,164,128,149
"COG1289",33,27,118,46,41,24,48,7,10,6,20,8,107,510,131,106,17,45,241,118,15,26,387,33,115,12,303,1,21,4,249,142,1407,32,52,177,16,42,16,55,57,89,122,33,13,24,10,9,7,95,116,14,36,6,161,4,111,1,37,103
"COG1290",0,1,1,6,5,0,0,1,0,1,0,0,0,5,0,0,0,0,0,0,0,0,2,0,3,1,0,0,0,0,0,3,8,0,3,0,1,0,0,0,4,10,0,0,2,0,0,0,0,1,0,3,0,0,5,0,1,1,0,0
"COG1291",17,24,88,13,28,44,21,77,59,16,30,47,18,17,31,41,73,69,63,19,94,13,90,77,34,28,105,147,11,78,53,38,200,118,20,78,78,254,42,44,17,67,17,112,43,177,10,58,80,101,24,16,55,26,46,107,17,114,14,21
"COG1292",77,68,143,87,90,38,134,123,118,55,46,67,104,243,185,150,145,147,347,85,144,170,194,88,157,134,237,49,37,86,62,160,945,81,102,272,111,467,68,97,85,188,197,96,50,105,107,58,74,145,224,87,179,74,425,108,89,95,83,254
"COG1293",100,150,271,80,442,435,167,381,306,58,213,384,59,125,96,184,371,287,157,46,308,118,273,392,384,210,204,367,160,316,513,179,154,402,146,499,287,638,269,208,123,312,89,211,198,465,416,321,382,149,451,218,454,391,555,336,163,395,228,103
"COG1294",343,398,317,344,206,175,397,229,294,503,350,300,379,424,359,350,91,245,258,262,263,403,307,182,218,284,332,171,361,205,172,314,303,225,361,148,273,139,371,334,422,218,395,217,403,145,364,273,258,313,220,367,219,211,298,176,419,198,332,401
"COG1295",459,340,419,403,274,328,408,473,373,578,403,371,537,390,365,383,332,330,362,258,376,398,369,296,450,519,288,357,424,458,375,443,440,375,333,290,411,417,395,502,415,481,363,601,440,270,92,404,384,420,270,453,403,506,397,241,373,405,461,435
"COG1296",113,112,159,74,271,269,162,259,230,98,185,164,48,247,125,150,350,287,158,47,241,185,274,321,144,163,205,290,237,274,184,112,276,274,102,378,195,662,167,163,83,191,96,142,123,328,565,209,226,158,256,158,237,221,219,183,128,319,136,86
"COG1297",445,253,461,288,315,290,475,384,434,530,451,367,641,308,276,402,458,602,272,870,439,405,339,374,266,583,268,256,487,344,192,343,70,404,435,272,374,543,537,534,452,389,385,440,550,268,280,400,410,298,402,533,502,418,450,455,331,406,494,350
"COG1298",74,94,162,16,40,150,43,192,134,45,97,106,18,43,48,114,203,154,141,39,212,41,268,243,75,109,178,310,49,172,102,49,361,296,48,124,177,536,66,101,35,148,40,300,93,345,17,144,208,130,46,52,104,80,68,319,27,270,41,68
"COG1299",164,223,364,107,425,501,193,474,258,131,412,309,214,326,275,478,535,313,442,112,346,185,472,526,236,265,452,348,629,302,274,422,1235,358,175,825,187,719,229,226,170,429,191,318,269,667,1266,261,348,180,631,231,338,371,601,279,214,428,181,182
"COG1300",47,46,65,116,41,31,44,54,34,11,50,70,24,24,64,65,1,90,147,3,75,37,36,56,158,7,67,41,6,43,99,102,0,29,37,3,97,7,32,59,59,122,132,9,36,13,3,41,46,130,43,55,34,143,12,30,41,15,82,72
"COG1301",643,557,595,446,694,424,601,693,533,832,831,536,1113,838,458,787,942,817,936,417,517,545,535,669,633,944,506,402,887,640,633,728,1165,504,506,891,630,744,708,745,528,562,536,613,597,787,1981,371,457,427,653,504,645,662,520,429,457,417,620,432
"COG1302",113,59,169,49,279,298,141,272,206,74,124,261,24,97,88,100,312,198,91,22,211,92,206,244,173,128,132,298,82,258,301,118,95,230,88,328,147,402,154,122,41,170,52,139,106,321,175,178,205,105,312,130,264,290,400,193,115,335,116,79
"COG1304",36,42,117,28,237,154,104,86,83,37,107,61,52,173,98,114,125,67,162,61,98,56,119,107,61,83,114,63,34,105,157,83,246,54,75,311,89,162,62,48,75,77,79,45,72,119,42,69,74,21,185,94,100,60,372,60,103,85,100,44
"COG1305",197,269,525,266,463,680,349,505,507,125,397,493,480,291,243,354,462,482,169,558,547,478,347,346,327,811,252,654,126,502,477,369,197,403,402,501,567,419,338,293,318,419,197,321,341,293,591,639,400,295,489,481,465,358,311,483,261,570,429,346
"COG1306",16,8,12,8,23,72,22,31,15,10,80,30,22,29,45,50,61,25,94,8,7,17,38,8,8,10,8,76,4,51,53,37,55,26,8,1,9,8,8,17,30,23,28,11,45,8,4,16,27,21,8,5,64,67,6,12,2,55,25,3
"COG1307",373,292,846,192,1169,1103,645,930,759,185,575,863,108,384,245,403,1263,799,328,107,760,315,999,1182,468,615,760,1128,315,928,934,371,391,979,371,1479,637,1549,609,504,200,667,185,437,482,1030,427,692,957,329,789,561,894,704,1009,795,453,1134,409,237
"COG1309",345,636,736,704,873,1016,951,997,736,334,559,1156,317,1201,565,522,1026,703,1012,257,732,396,1103,738,1072,417,825,1327,375,1166,1604,778,2174,746,563,1197,627,1286,616,536,541,832,426,672,505,967,1177,811,822,865,1458,583,1049,1032,1381,697,523,1083,604,675
"COG1310",15,10,162,4,14,20,7,55,32,11,15,10,5,13,16,26,49,44,7,5,45,25,35,29,10,190,10,41,4,12,48,20,41,38,5,35,26,49,26,8,5,60,14,23,15,109,10,35,27,20,22,7,32,22,1,20,10,35,25,20
"COG1312",628,384,487,463,604,324,431,409,394,351,497,321,566,610,433,470,415,460,468,636,432,687,420,593,248,392,491,268,493,412,211,372,414,658,541,175,378,257,435,427,483,418,481,233,523,445,507,499,571,515,503,735,351,304,229,367,473,450,471,560
"COG1313",56,93,130,26,184,304,122,237,178,54,87,247,22,64,46,101,223,132,38,32,165,98,182,220,417,119,148,234,84,219,273,62,47,230,66,151,125,182,151,90,41,108,26,109,67,249,209,124,183,50,277,97,304,224,43,141,102,211,113,47
"COG1314",10,7,19,4,7,7,11,3,4,4,14,5,12,44,22,15,21,27,22,10,18,10,28,2,7,6,18,6,2,8,23,6,104,13,3,12,7,53,10,7,10,7,11,53,8,6,4,4,14,7,10,5,25,6,28,2,11,11,10,10
"COG1315",77,73,187,20,16,113,50,174,131,48,80,101,2,53,54,121,229,194,55,5,232,40,179,278,73,101,115,341,57,139,47,33,111,279,20,73,136,377,89,81,36,114,9,103,131,398,11,99,187,152,35,48,103,86,29,265,13,252,13,27
"COG1316",173,216,457,179,302,713,384,672,420,152,375,491,84,208,258,303,744,476,302,111,366,312,369,562,861,295,333,497,287,481,872,240,639,604,221,1173,394,1208,428,278,139,554,201,322,260,969,1493,379,494,306,737,273,647,725,1080,383,121,586,285,179
"COG1317",3,3,20,4,11,6,11,6,18,2,10,7,9,3,11,20,7,22,5,4,6,5,32,4,18,2,47,17,5,1,20,17,86,15,2,20,25,2,4,14,6,17,6,1,9,8,5,12,7,9,9,7,11,12,33,62,14,34,2,11
"COG1319",82,76,135,91,196,156,125,196,123,55,180,122,41,99,128,124,387,156,314,37,180,146,131,247,99,101,183,108,62,97,182,102,711,131,116,290,122,262,81,89,95,217,175,87,91,344,195,102,154,219,159,141,160,96,188,104,103,139,103,49
"COG1320",6,2,8,2,8,6,0,3,0,0,8,4,3,7,1,6,6,4,8,5,2,5,1,3,1,4,0,1,1,7,18,9,1,5,5,4,5,1,1,6,0,1,1,1,2,2,1,3,9,1,3,2,1,1,8,7,2,1,3,2
"COG1321",80,55,158,73,200,221,248,182,165,41,120,204,16,96,60,68,315,169,92,24,167,86,212,155,215,125,119,267,51,171,257,104,227,167,72,180,129,324,145,101,45,148,66,188,88,220,148,144,164,87,255,109,256,215,112,144,98,177,112,57
"COG1322",384,292,340,373,434,306,397,333,318,456,355,351,518,415,333,351,205,296,263,607,304,338,310,299,402,463,382,230,257,319,304,334,284,223,367,267,362,125,485,470,372,284,283,353,463,127,206,413,374,239,280,402,406,418,221,507,370,367,527,340
"COG1323",90,94,225,65,385,349,119,267,193,54,205,302,53,102,66,148,303,242,133,48,239,112,236,273,412,143,169,353,114,287,452,128,95,337,52,371,174,456,174,138,65,202,59,160,114,369,255,224,234,93,252,140,282,299,359,204,83,243,150,79
"COG1324",2,1,11,2,4,7,9,1,1,3,3,1,4,25,7,16,1,0,10,5,1,3,20,1,32,0,16,4,0,1,17,7,106,1,7,5,6,4,5,4,5,8,15,5,5,1,2,0,0,6,11,5,3,1,13,2,7,1,3,12
"COG1327",69,78,123,31,123,172,131,159,127,43,89,146,54,95,61,89,152,137,92,40,145,81,160,163,90,94,123,212,80,168,199,87,165,161,80,284,87,290,108,75,44,122,34,89,82,207,324,99,153,53,223,83,197,151,305,119,86,184,104,62
"COG1328",1077,956,1140,1045,1248,1660,1227,1593,1378,942,1422,1426,1368,1030,1187,1152,1579,1170,1044,1256,1172,1171,1293,1230,1717,1314,1176,1647,1266,1912,1629,1184,985,1397,1222,1354,1133,1362,1225,1347,1137,876,1071,4728,1246,1235,1382,1167,1163,846,1453,1065,1374,1607,1253,1312,1062,1616,1235,993
"COG1329",15,4,18,0,24,56,52,42,16,5,15,59,5,15,3,7,0,9,12,7,7,12,12,4,108,6,0,39,3,29,107,14,0,28,8,57,37,2,15,3,4,9,0,11,9,14,89,8,24,2,43,11,34,32,46,7,2,22,34,4
"COG1330",6,18,56,4,6,3,24,3,6,3,1,1,64,112,32,18,5,19,38,25,8,6,116,10,0,8,99,0,7,2,40,15,322,8,8,31,3,17,6,13,17,30,10,271,0,5,1,2,3,14,29,8,10,1,37,1,18,0,10,28
"COG1331",1,2,1,13,11,5,2,1,6,7,9,24,4,0,5,14,1,1,57,0,10,2,3,5,13,0,1,5,0,0,26,3,74,1,21,0,12,0,2,5,24,10,5,0,0,3,2,2,5,24,23,3,8,2,5,6,3,4,3,0
"COG1332",31,1,21,10,5,32,34,11,39,32,12,30,0,8,11,11,58,36,2,6,12,7,33,9,19,15,11,10,93,15,51,0,0,43,1,6,8,53,6,4,0,25,7,10,9,104,31,5,2,0,64,21,47,5,21,22,10,34,5,3
"COG1333",23,68,96,33,41,16,54,79,30,33,43,44,66,38,151,99,4,4,310,4,133,50,45,23,50,6,42,47,9,46,125,175,1,17,53,4,108,7,31,61,111,32,101,9,70,20,1,72,26,55,30,63,35,11,68,58,37,51,110,131
"COG1335",115,96,211,68,193,223,166,214,218,104,195,169,81,323,173,181,207,128,273,96,135,258,287,183,214,112,149,361,138,211,202,178,547,173,127,284,199,469,113,96,110,209,100,126,130,340,593,148,174,242,221,114,191,236,646,132,110,222,125,120
"COG1336",0,0,1,0,0,2,0,2,0,0,0,0,0,4,0,29,0,1,14,0,0,0,0,0,1,0,0,5,0,3,5,23,0,6,9,0,9,1,0,1,0,0,0,0,1,0,0,4,1,65,0,1,0,2,0,0,0,1,4,16
"COG1337",48,6,9,2,5,11,33,4,13,26,67,19,3,3,19,26,40,22,8,3,24,7,23,11,8,10,9,13,48,13,24,6,18,44,0,9,11,28,7,5,14,25,5,10,11,64,16,7,3,0,41,23,40,9,13,19,7,17,10,0
"COG1338",41,39,54,12,22,36,23,77,78,17,36,48,4,20,22,40,99,76,69,10,99,21,89,114,34,48,96,105,29,56,38,32,157,117,21,54,74,264,34,45,24,85,17,153,51,152,8,49,77,64,32,20,41,46,34,100,14,110,10,37
"COG1342",112,64,62,54,70,150,55,93,159,86,100,70,36,42,32,100,119,63,98,17,74,100,72,136,42,70,41,66,102,105,83,79,11,91,126,52,106,32,98,93,46,150,52,50,99,122,215,48,115,58,60,57,109,77,67,35,72,79,97,118
"COG1343",57,58,55,80,119,69,72,94,104,109,48,67,83,15,171,37,60,104,77,71,69,56,75,102,72,110,33,79,39,111,55,72,61,82,58,158,67,114,31,46,82,156,6,93,45,144,28,54,47,37,52,21,53,74,96,214,75,70,21,88
"COG1344",259,248,489,26,41,425,144,499,415,139,277,220,16,110,102,366,753,565,165,31,514,142,530,882,124,400,486,662,123,391,119,89,397,816,56,192,498,1198,191,239,88,362,35,790,360,1170,25,365,478,233,95,139,274,239,63,571,39,789,40,151
"COG1345",87,74,106,11,28,112,46,120,131,49,95,67,26,37,16,82,158,152,74,16,252,26,161,227,45,100,177,229,34,125,77,35,229,229,22,78,130,545,75,70,26,123,22,218,91,269,28,129,136,58,27,34,110,70,58,181,24,193,29,37
"COG1346",346,192,346,214,305,284,299,282,281,350,287,273,339,296,249,254,329,241,228,319,299,274,219,317,188,401,259,226,407,262,184,240,134,296,235,243,241,261,284,299,252,305,228,289,299,242,232,314,336,232,182,270,286,355,121,317,258,328,269,225
"COG1347",176,252,154,168,100,115,241,118,135,230,185,152,175,227,197,152,28,96,121,341,136,254,96,112,115,117,146,119,144,114,80,171,0,135,251,20,169,18,154,179,220,104,184,132,232,50,5,167,146,168,107,197,114,131,40,181,279,153,204,206
"COG1348",19,29,59,45,90,52,77,36,48,10,69,62,31,44,51,58,151,41,114,31,62,29,41,46,40,40,25,69,13,64,61,26,71,28,42,130,38,47,18,40,41,101,24,18,26,94,15,62,35,53,112,32,34,27,4,49,43,41,69,22
"COG1349",284,686,503,394,440,394,363,664,383,313,375,384,309,857,605,531,754,426,792,223,445,627,749,481,327,310,582,404,750,346,607,419,1951,299,431,775,284,851,362,392,515,470,435,213,256,771,1782,271,464,478,805,436,352,245,947,328,556,388,359,458
"COG1350",515,325,344,352,230,181,346,256,387,540,350,323,550,255,338,345,136,270,285,428,265,407,142,288,275,439,294,177,441,295,276,291,28,320,368,47,242,26,408,419,434,219,414,390,396,109,54,339,316,301,187,341,250,303,73,284,363,279,405,304
"COG1351",192,40,55,19,200,131,61,120,254,123,48,111,114,44,15,76,137,242,5,333,106,41,69,155,70,227,180,295,295,580,158,86,1,111,86,197,124,24,158,82,50,92,30,170,78,139,116,93,78,7,322,79,176,305,40,222,98,180,136,42
"COG1352",35,56,87,16,33,80,39,75,83,17,29,56,12,21,36,58,91,53,117,13,93,33,98,93,31,37,83,195,24,88,47,26,151,140,27,51,72,209,43,55,41,83,15,80,50,160,13,89,78,111,29,23,43,51,42,111,30,117,16,46
"COG1353",70,5,30,11,6,58,68,27,60,32,74,51,8,23,34,101,144,84,29,13,29,26,45,26,44,22,28,33,103,27,128,54,0,103,25,8,44,105,20,29,33,65,7,15,37,182,38,18,11,194,118,45,110,18,47,63,21,46,28,33
"COG1354",61,69,161,47,187,273,131,211,185,66,147,198,45,83,84,101,281,183,79,46,157,108,200,216,355,134,126,292,90,219,307,110,89,238,60,268,106,401,149,111,55,140,41,131,92,243,198,143,193,83,287,112,270,252,399,183,91,224,146,72
"COG1355",0,1,6,0,0,9,14,116,0,401,2,0,1,5,0,32,121,4,0,5,0,2,0,0,0,4,0,0,3,31,17,1,0,0,0,60,45,0,0,264,0,6,0,1,6,0,2,0,0,1,2,0,8,172,76,4,0,0,48,0
"COG1357",104,105,223,211,236,167,149,157,140,55,147,180,76,69,117,149,73,70,398,66,133,242,172,74,329,63,185,262,60,169,154,227,641,150,213,36,197,61,149,178,215,212,113,28,129,208,82,186,141,136,121,260,116,107,135,194,317,122,146,414
"COG1358",37,48,88,21,44,113,50,144,66,45,116,123,39,40,39,60,120,71,59,21,57,55,74,83,47,57,47,114,73,118,128,41,53,92,25,133,58,157,63,28,27,81,22,56,44,141,233,65,68,46,120,46,86,82,146,53,23,104,38,27
"COG1359",101,50,76,53,66,35,68,34,41,36,50,60,19,74,64,95,15,9,78,20,51,92,99,37,64,7,39,59,14,60,74,68,136,26,65,66,78,25,40,34,96,70,62,12,40,19,3,57,49,50,61,76,45,40,158,26,63,38,35,94
"COG1360",297,83,141,296,59,123,180,239,73,246,133,70,401,157,189,162,181,284,272,529,174,60,157,86,62,376,159,178,401,256,112,171,241,225,103,60,192,271,229,178,124,149,147,359,142,161,13,100,115,196,83,63,129,298,94,435,77,247,153,169
"COG1361",7,3,23,18,12,85,15,16,5,2,3,32,6,19,8,4,17,16,5,3,3,9,36,7,17,26,51,11,1,8,18,38,32,11,6,17,18,24,2,7,6,9,5,35,8,14,35,4,53,3,21,7,94,32,22,2,3,24,22,0
"COG1362",589,300,460,127,764,856,402,782,638,510,428,675,584,307,236,484,1022,806,197,651,570,345,494,777,631,951,452,634,719,620,659,323,349,641,198,738,360,440,582,509,162,515,194,534,437,956,1047,446,544,215,659,392,799,863,431,609,312,814,405,136
"COG1363",121,81,165,83,188,383,131,138,183,44,305,219,93,92,197,166,320,222,301,342,133,236,360,146,110,138,230,450,40,205,349,130,494,179,136,234,141,104,183,138,121,200,139,103,118,216,115,157,223,126,615,105,270,286,289,232,80,312,194,122
"COG1364",104,135,229,46,375,433,152,338,317,92,171,285,59,113,82,171,443,235,85,58,291,149,332,299,151,194,242,368,196,288,222,108,101,373,117,348,188,516,266,121,65,286,78,124,176,506,601,214,279,90,322,184,352,359,176,243,104,343,185,73
"COG1366",64,47,115,32,152,151,75,135,122,35,99,133,18,88,50,70,191,91,65,15,117,67,137,133,92,57,92,174,48,129,244,89,63,117,34,155,113,136,82,56,40,112,47,70,102,208,106,97,137,68,147,91,111,151,85,93,42,160,82,45
"COG1368",1281,697,930,1170,821,1318,1340,1340,1135,1554,1112,1230,1229,1154,1348,790,1417,1416,665,1822,1009,865,1056,956,1414,1434,806,1071,797,1150,1107,797,669,1215,733,1961,1123,1625,1121,1327,646,981,700,1518,1079,1149,1334,1083,1206,770,1415,809,1118,1933,2371,982,927,1142,1315,876
"COG1372",0,3,0,5,0,5,4,0,6,2,0,33,0,0,0,1,1,4,0,1,16,1,1,0,0,4,2,283,1,0,3,0,0,19,5,2,23,0,1,5,0,0,0,11,0,2,1,54,0,0,177,1,38,5,0,11,0,4,0,129
"COG1373",11044,1689,1662,2477,1776,2593,2298,4739,1950,7848,2254,2433,8587,1949,2370,2251,3906,8488,2028,7364,2173,1516,1939,1573,2635,11682,2165,3265,7473,7011,2463,1815,147,2181,1620,1275,1894,1730,2656,4598,1224,1822,1665,6352,2398,1452,956,2197,1774,1901,1492,1659,2671,6811,1649,5048,1515,2137,2215,2381
"COG1376",155,151,387,85,307,404,249,416,392,71,224,276,75,325,196,206,847,387,167,135,344,208,561,370,342,313,325,505,226,406,291,253,716,364,89,994,244,728,335,209,117,401,151,250,127,790,475,272,294,154,527,126,244,408,929,201,114,444,208,133
"COG1377",59,44,110,21,32,107,29,106,76,22,64,53,14,25,54,78,102,116,103,28,125,33,165,148,50,40,117,188,26,105,64,34,419,158,15,74,117,338,50,57,28,85,20,185,48,200,16,91,114,110,27,21,77,55,75,164,28,159,8,70
"COG1378",23,16,30,14,34,47,26,65,21,9,12,20,10,20,16,37,53,48,34,13,21,13,47,28,14,16,18,85,4,106,36,17,23,35,13,60,26,39,15,21,11,40,6,8,21,56,36,31,9,3,13,17,15,21,25,29,18,56,21,21
"COG1379",9,14,28,55,48,56,27,30,16,9,64,103,13,11,72,47,38,32,67,12,27,53,10,34,236,7,8,16,8,11,251,37,144,34,19,26,34,22,18,40,37,49,59,5,15,77,46,10,34,48,47,21,29,31,34,14,9,6,19,13
"COG1380",248,171,195,126,160,142,209,194,153,233,147,160,210,176,147,147,214,168,143,127,159,131,175,193,118,243,151,136,208,206,101,212,167,148,152,164,149,164,184,169,121,175,116,183,169,188,65,197,207,187,87,127,184,214,151,173,168,195,158,151
"COG1381",82,80,138,51,279,244,129,208,214,78,117,189,39,130,90,114,249,175,91,40,137,107,151,170,311,131,141,279,85,212,299,131,159,219,89,331,139,285,127,93,47,132,50,217,94,279,358,142,161,44,282,104,190,244,278,122,117,234,114,66
"COG1384",1,0,8,1,29,8,1,0,1,0,1,2,0,0,0,2,18,4,0,0,4,2,1,4,2,0,1,2,2,3,62,2,0,0,0,9,2,0,4,0,0,0,0,2,1,9,0,2,1,0,9,0,5,1,0,0,5,1,3,3
"COG1385",157,206,272,209,316,361,239,308,273,304,259,291,383,258,275,274,371,253,293,389,264,196,267,334,302,405,242,311,232,322,321,243,168,310,161,315,222,280,331,281,164,271,219,355,272,271,370,188,208,250,182,196,304,369,285,320,221,303,284,205
"COG1386",50,58,116,44,149,248,86,179,131,51,123,187,28,60,62,110,200,125,84,32,154,99,155,189,212,89,101,218,78,209,312,87,47,176,37,230,90,311,130,71,38,115,41,96,63,199,209,118,163,44,203,94,187,209,322,134,68,178,110,43
"COG1387",444,700,568,604,519,530,455,652,465,564,560,598,404,468,415,543,680,723,502,125,458,722,471,597,360,688,481,572,896,461,487,452,296,439,454,418,414,449,478,405,481,498,390,427,375,618,1042,423,550,298,501,510,430,334,331,326,458,407,377,394
"COG1388",224,344,316,170,500,701,317,454,508,206,325,510,135,241,268,354,662,356,118,90,482,315,507,620,601,243,428,650,192,427,705,215,171,665,200,465,302,1041,324,309,214,324,248,175,344,686,202,441,338,284,513,261,421,456,160,384,256,625,252,239
"COG1390",3,4,1,7,15,23,22,37,6,4,9,20,1,19,3,7,37,15,19,2,2,4,19,12,5,8,9,26,3,22,30,5,24,3,11,64,2,7,6,12,5,11,7,3,3,5,1,2,5,9,127,2,21,13,0,0,5,5,5,11
"COG1391",6,20,88,7,28,9,96,6,41,38,24,1,70,157,70,55,22,29,27,61,44,27,106,13,23,15,111,13,7,18,47,54,464,65,23,228,15,158,9,35,51,34,22,261,8,15,318,7,0,36,55,31,41,12,139,6,39,0,54,29
"COG1392",52,216,50,253,67,53,151,97,66,55,97,60,97,136,168,127,27,14,200,51,77,106,44,64,115,36,104,50,128,72,51,145,78,97,88,30,124,70,60,65,158,84,227,39,58,85,182,92,50,169,98,100,64,43,192,63,91,36,89,125
"COG1393",96,73,142,138,160,112,184,136,101,43,99,126,59,167,147,118,232,174,197,56,129,77,191,155,107,76,163,174,29,179,159,196,333,149,90,259,132,305,100,81,66,164,95,114,91,191,86,94,142,176,150,90,198,124,480,124,105,130,99,117
"COG1394",121,76,173,153,164,226,215,170,177,103,188,185,41,171,136,136,232,65,146,59,137,174,141,113,191,70,93,181,50,169,274,177,159,182,178,199,179,112,156,142,151,212,136,36,152,147,70,204,197,142,380,183,180,166,133,106,119,176,152,161
"COG1396",845,525,788,678,985,1267,946,1045,1006,748,768,1110,530,1053,609,656,1080,1111,680,533,914,711,1085,959,1234,750,841,1344,555,1275,1650,863,1232,1081,505,1423,927,1167,756,704,605,860,480,686,733,984,648,915,1061,633,1149,692,1233,1025,1165,941,840,1218,792,530
"COG1397",456,327,190,337,114,216,214,216,168,373,82,158,276,124,269,118,175,913,173,731,196,151,174,159,332,505,96,197,447,311,240,194,240,135,217,177,101,138,267,241,175,73,198,303,220,81,645,132,147,133,168,110,439,385,130,196,253,228,335,57
"COG1399",56,68,136,46,180,158,129,180,135,43,87,119,33,100,50,72,221,108,62,39,97,67,141,126,83,96,96,205,79,171,188,94,190,132,59,261,114,348,93,72,40,146,36,156,61,180,322,87,172,75,209,76,138,127,358,92,81,145,119,47
"COG1401",537,220,284,345,191,321,325,448,209,835,110,201,306,304,189,271,503,467,118,17,229,244,270,196,186,1239,150,340,688,411,283,298,51,138,385,189,232,611,479,268,245,159,79,1831,215,253,365,209,371,102,312,467,406,531,215,473,383,339,429,234
"COG1402",303,173,139,226,92,48,80,81,105,62,171,109,103,116,112,196,79,34,140,36,98,110,100,124,102,32,153,52,356,34,93,173,140,46,175,96,176,31,208,94,122,142,189,20,115,126,420,119,104,170,87,105,50,78,97,62,103,57,118,111
"COG1403",30,12,75,22,42,41,93,159,76,275,83,34,65,24,101,58,148,194,18,10,72,77,92,37,70,69,14,80,37,56,41,50,85,86,67,66,135,95,55,202,44,18,11,45,15,221,28,28,49,63,82,16,32,189,68,34,46,64,35,146
"COG1404",1192,1197,1419,1110,960,1308,1456,1043,1343,794,1152,1492,916,1119,1128,1543,1382,1732,1014,5302,1216,1546,796,1251,875,1975,936,1184,805,1147,1206,727,658,1417,1006,1527,968,1797,1014,1355,1308,1198,1267,1356,1369,1483,510,1567,1169,869,1322,1385,1240,1192,814,1874,951,1489,1462,1361
"COG1406",2,10,67,0,0,4,8,24,32,20,11,16,0,11,9,11,51,17,0,2,30,7,2,51,15,3,16,17,11,15,3,11,0,26,0,16,25,136,19,4,6,17,0,11,27,45,1,8,39,34,0,9,10,16,1,46,0,44,0,0
"COG1408",988,838,628,619,594,572,595,667,635,965,591,661,792,420,704,645,658,762,557,594,537,736,694,476,587,649,594,581,1139,591,452,725,277,509,697,476,674,338,1001,841,775,675,583,843,694,362,548,660,600,579,488,765,698,967,495,545,708,592,728,786
"COG1409",804,1507,1593,897,966,716,1118,1001,1019,761,1064,1038,639,990,1067,1089,483,410,776,821,672,1445,533,754,746,478,907,788,875,822,1066,996,461,853,1465,394,1128,462,1249,752,1311,1113,1202,653,1008,947,1561,1358,1219,982,2212,1325,1354,771,666,837,957,611,869,1179
"COG1410",1268,1261,1231,799,1103,1021,956,971,1085,1272,1063,978,1251,1125,1016,1288,957,881,772,1745,1045,1231,1019,1292,691,1110,1194,901,1494,792,559,849,827,1016,1093,729,974,619,1222,1197,1295,1022,1066,830,1159,934,1000,1257,1091,920,1113,1294,930,1106,477,1074,1256,959,1130,1081
"COG1413",3,4,24,10,1,7,2,2,2,2,0,1,6,0,17,6,0,1,34,8,4,2,28,2,0,1,36,3,0,0,35,21,311,0,7,2,0,4,0,5,8,8,6,0,0,2,1,0,2,12,2,3,7,4,56,0,13,10,2,20
"COG1414",98,98,190,86,118,177,242,140,128,44,173,148,109,446,239,195,127,54,402,122,118,147,340,186,190,80,288,95,57,153,296,170,1096,127,118,353,154,161,75,173,174,209,161,156,95,158,234,107,160,207,343,116,188,112,250,88,190,93,207,109
"COG1415",0,1,0,0,0,4,2,0,0,0,0,1,0,0,0,0,0,0,0,0,0,1,0,0,1,0,0,0,0,0,51,7,0,0,0,0,0,0,0,1,0,0,0,1,0,0,0,8,0,0,2,0,1,2,0,0,0,0,0,2
"COG1416",0,0,2,3,1,0,4,0,0,0,0,2,0,3,2,6,0,0,7,1,0,0,2,1,0,0,0,0,1,0,1,3,3,1,0,0,0,1,0,4,5,3,5,0,2,0,1,0,1,1,2,1,2,1,0,2,0,0,0,0
"COG1418",954,738,811,683,988,1094,930,1004,867,1042,891,1002,986,738,682,778,958,925,617,1125,852,824,819,827,1283,989,720,1174,1024,1085,1065,713,320,1030,763,981,663,926,1013,926,824,697,758,843,943,872,988,949,976,712,836,814,1064,1199,1081,1125,863,1064,944,687
"COG1419",35,58,105,0,4,73,30,111,65,18,31,69,0,26,11,50,104,95,0,5,132,30,115,144,26,32,55,193,20,123,21,12,0,177,3,38,88,167,56,53,16,60,0,210,56,169,1,75,114,65,12,24,65,52,15,121,5,133,4,28
"COG1420",90,102,216,60,382,434,200,320,277,97,215,347,53,110,119,143,355,227,137,50,258,131,248,389,489,191,215,429,148,299,497,144,91,296,88,528,185,502,211,146,85,183,71,177,155,366,514,226,255,129,374,175,340,395,442,244,116,360,203,64
"COG1424",21,11,6,6,6,19,4,22,6,22,8,4,4,30,5,22,41,17,9,4,0,4,0,11,11,32,7,0,46,6,4,3,1,4,6,136,8,27,8,16,13,10,0,13,6,15,138,1,0,10,17,8,30,8,78,5,5,0,7,3
"COG1426",7,23,17,10,6,6,17,17,4,8,7,2,18,40,20,24,7,25,29,18,10,9,36,6,11,10,21,13,36,27,20,10,117,8,8,100,33,170,5,7,16,23,12,189,6,14,70,2,5,12,35,8,28,17,218,17,24,7,14,8
"COG1427",10,48,10,15,5,8,49,53,20,34,50,35,13,4,0,25,0,0,0,0,13,0,36,0,27,6,0,28,88,19,14,32,0,9,1,1,36,0,40,25,0,0,0,3,37,30,254,17,10,0,7,34,37,11,0,0,5,3,44,0
"COG1428",333,2,21,1,2,14,41,159,26,363,34,41,346,5,0,47,90,380,3,441,15,0,17,4,36,469,0,26,396,190,11,24,9,3,2,198,18,314,223,179,4,0,1,385,26,3,1,4,10,2,23,18,121,352,299,209,2,3,93,0
"COG1429",726,667,622,465,342,187,433,264,556,385,547,662,937,294,620,660,166,483,811,175,356,489,304,460,234,1102,926,433,676,542,315,419,4,348,800,52,395,189,518,535,1026,571,727,595,363,266,50,431,217,530,234,616,561,257,394,369,763,154,558,631
"COG1430",3,3,2,2,6,15,5,4,11,22,3,2,0,5,2,7,1,4,8,3,9,3,7,0,17,7,1,67,0,11,24,10,25,19,8,3,23,38,0,1,5,1,0,17,6,1,0,3,14,6,0,2,40,32,1,5,2,69,9,5
"COG1431",4,3,0,0,0,2,3,0,0,0,0,2,1,2,0,3,1,2,0,0,0,0,3,0,0,6,1,0,0,0,1,0,0,3,0,0,0,100,0,4,2,0,0,0,5,0,0,7,1,0,2,0,0,1,0,0,0,1,0,0
"COG1432",35,44,129,92,65,137,60,120,76,40,32,100,18,32,25,88,193,78,37,19,128,60,148,158,103,171,77,163,65,76,119,111,81,106,81,225,196,80,66,131,46,80,54,67,60,195,54,52,88,86,123,43,121,178,150,121,150,92,72,77
"COG1433",120,21,90,33,16,34,75,52,83,102,146,31,37,106,38,87,134,38,111,34,58,68,42,113,28,21,18,40,50,39,32,48,13,80,106,93,82,101,81,70,34,144,54,24,133,56,9,22,51,19,14,22,64,24,84,22,80,82,71,100
"COG1434",80,143,149,98,111,228,113,203,132,89,160,135,72,105,143,151,243,126,176,56,104,109,215,145,89,93,138,206,177,163,219,114,341,133,46,317,116,154,98,80,95,144,84,91,80,314,628,133,161,75,107,66,229,74,446,153,51,162,111,69
"COG1435",315,142,206,201,214,222,223,130,196,117,129,207,57,125,190,157,100,101,155,261,141,257,164,178,222,45,180,169,233,140,247,233,153,93,227,184,151,203,153,177,206,196,164,174,242,50,41,175,226,169,123,309,178,149,274,176,254,166,224,247
"COG1436",11,3,15,4,19,38,7,31,37,3,11,36,5,9,10,6,31,19,29,0,2,14,25,12,15,7,10,21,5,26,81,8,29,5,18,47,9,20,20,22,5,23,7,16,9,15,11,18,20,10,100,15,34,47,26,9,10,20,16,5
"COG1437",4,1,3,1,3,4,0,1,2,1,1,4,0,1,0,3,12,12,0,0,2,1,0,0,4,10,1,1,2,4,15,5,0,0,0,12,3,16,0,1,0,3,0,1,0,2,0,4,3,0,2,0,4,5,9,3,1,2,0,1
"COG1438",327,364,252,169,222,224,286,261,231,318,234,217,283,256,263,238,273,317,163,325,218,267,235,238,177,350,273,223,384,306,202,265,377,234,311,216,237,358,309,262,226,298,238,346,209,280,230,332,265,249,297,237,246,341,241,331,318,240,238,231
"COG1440",40,23,26,27,99,39,30,31,28,17,58,10,27,200,39,35,90,92,158,27,10,39,46,36,17,22,44,63,33,24,19,44,108,32,49,112,23,176,15,30,24,53,32,37,29,52,74,23,81,29,63,29,21,27,160,12,48,51,10,22
"COG1441",1,5,9,2,2,0,4,0,0,0,2,0,9,49,5,7,0,8,6,8,1,3,32,1,0,5,49,0,2,0,22,5,96,3,5,11,2,5,0,5,4,10,9,6,0,1,1,2,0,4,21,1,2,2,21,1,7,0,4,4
"COG1442",446,335,407,356,146,338,658,467,241,691,399,266,497,725,201,303,418,397,320,199,346,501,368,292,224,243,266,522,405,389,287,296,739,865,253,901,334,705,459,394,441,700,275,489,339,255,151,318,501,598,404,232,370,190,560,512,393,384,398,308
"COG1443",105,59,74,128,42,39,49,77,63,139,83,73,124,59,61,67,34,118,140,5,48,90,64,23,65,165,63,28,84,79,39,86,48,22,97,15,91,5,97,138,85,101,123,109,105,12,4,102,99,102,81,112,57,96,15,68,98,79,95,145
"COG1444",5,8,19,9,0,1,7,1,0,0,2,1,17,60,22,10,3,5,26,16,2,6,80,8,2,3,58,0,0,0,38,16,244,1,8,18,2,10,1,11,6,17,19,4,0,3,3,0,2,6,14,3,4,1,43,0,19,0,4,23
"COG1445",121,229,357,71,356,494,193,470,257,118,356,322,159,264,181,388,484,297,279,86,380,196,404,507,206,236,460,378,494,320,240,334,921,344,153,714,179,779,235,201,144,403,109,352,229,596,1228,243,369,146,640,234,355,362,666,264,165,374,168,119
"COG1446",50,184,63,116,53,17,75,16,54,58,121,57,109,126,236,120,63,14,168,41,76,109,60,81,43,16,146,38,54,29,48,100,346,55,116,86,49,32,43,59,187,19,231,9,57,70,104,34,17,146,25,39,34,9,119,47,111,30,34,109
"COG1447",33,34,37,30,108,41,50,43,33,26,81,21,28,160,35,45,81,53,111,17,18,44,71,32,12,41,51,27,54,16,21,74,228,23,64,95,12,269,24,14,28,58,45,26,27,90,178,23,88,32,89,23,22,44,137,8,54,41,15,35
"COG1448",23,47,46,36,45,12,69,45,52,54,44,17,71,220,63,90,76,55,130,46,34,34,101,10,60,63,61,22,67,38,82,79,357,26,37,59,37,122,27,49,71,34,26,167,29,48,191,11,26,65,165,28,127,35,152,25,49,10,65,48
"COG1449",228,180,223,294,139,181,323,176,210,328,269,248,343,147,149,233,33,307,163,549,210,237,184,95,175,260,99,138,124,236,129,297,1,142,294,14,339,36,384,264,309,319,185,292,436,44,5,306,281,209,131,307,181,253,62,305,307,387,354,297
"COG1450",33,9,50,15,10,5,18,2,13,19,65,10,25,106,88,64,2,9,143,48,13,20,165,13,8,3,116,1,4,1,90,59,566,6,9,23,1,32,42,18,67,54,81,5,26,2,5,1,5,33,27,20,22,9,33,4,41,6,17,43
"COG1451",200,216,288,261,341,318,362,245,320,284,200,354,139,299,243,316,333,188,232,119,253,199,238,323,343,92,238,291,127,244,285,241,213,329,201,351,257,284,243,235,224,272,255,306,322,312,280,334,405,241,263,219,264,221,260,229,294,310,293,181
"COG1452",10,26,45,10,24,1,33,12,36,24,20,0,54,179,65,75,17,28,43,50,32,20,78,9,30,7,74,11,7,33,80,61,341,57,29,35,56,164,6,44,41,30,25,272,24,4,2,3,2,32,42,29,63,12,43,12,42,17,40,28
"COG1453",132,328,351,384,476,416,366,295,365,220,486,435,135,305,217,455,360,189,300,113,360,324,439,425,369,120,332,378,156,392,539,515,137,354,417,341,584,102,372,329,353,440,250,139,364,419,348,458,479,224,718,537,336,221,236,290,257,449,416,473
"COG1454",960,1195,1269,926,1404,1535,1199,1363,1395,962,1443,1395,711,1483,1079,1248,2020,1076,1118,604,1327,1209,1298,1705,1571,921,1286,1361,1104,1285,1586,1170,1561,1345,1170,2291,1276,1875,1018,929,955,1326,1274,853,1161,1905,2581,1053,1431,970,2178,984,1489,958,1395,1108,1077,1446,1104,879
"COG1455",99,67,156,134,388,137,124,110,85,88,237,117,107,594,193,111,384,350,506,114,131,131,270,223,134,119,160,215,84,102,112,259,651,161,184,724,112,807,78,144,103,305,164,110,140,350,282,95,236,142,308,64,187,107,1340,61,142,232,60,89
"COG1456",8,7,26,9,30,97,14,14,19,2,7,21,0,15,4,6,97,31,0,4,10,8,16,26,20,16,6,29,18,37,48,8,0,9,1,78,28,38,14,5,10,16,11,5,11,38,11,11,8,10,20,5,20,15,73,6,8,23,15,6
"COG1457",81,118,76,56,79,168,156,123,86,86,83,102,32,194,59,134,312,143,100,47,59,112,160,119,101,129,126,121,236,82,177,99,292,62,39,368,62,235,105,54,42,171,54,86,73,258,822,71,192,70,177,53,179,66,420,41,94,48,72,45
"COG1459",76,136,214,89,88,423,174,290,179,72,178,299,107,184,121,167,189,243,207,84,210,148,410,206,359,201,234,499,113,319,413,172,602,315,66,243,164,408,158,143,96,199,94,143,133,176,431,156,176,95,132,70,243,397,401,305,88,271,141,69
"COG1461",122,158,299,93,479,500,177,389,345,113,400,411,108,206,152,251,536,329,183,78,360,172,293,475,226,233,353,406,206,369,401,227,147,383,170,536,230,508,229,189,127,296,114,214,224,614,504,318,333,135,401,221,498,362,438,283,139,411,230,97
"COG1462",8,0,3,0,0,0,1,0,0,0,17,0,15,101,7,31,13,0,45,21,0,0,9,3,3,0,7,1,1,0,9,12,42,0,1,4,0,0,2,1,3,3,11,44,14,1,0,11,0,2,4,1,0,1,8,57,5,0,1,8
"COG1463",13,40,44,13,27,9,33,52,21,37,35,30,40,57,24,53,10,22,65,28,19,30,87,10,34,27,71,13,66,42,54,57,159,15,16,19,55,129,88,20,27,36,7,118,18,49,319,9,7,38,80,37,84,41,124,20,29,22,42,23
"COG1464",124,98,125,58,187,191,235,197,205,134,185,169,118,472,133,192,259,176,171,134,156,178,284,143,181,137,144,204,216,239,170,235,357,227,115,430,127,617,129,118,104,170,89,741,122,259,682,133,151,126,521,145,310,228,647,119,126,163,167,71
"COG1465",0,0,1,1,1,3,2,0,5,0,1,0,2,1,0,13,0,0,0,0,0,2,2,0,1,0,0,0,0,0,21,0,0,0,1,5,0,0,4,4,4,5,10,0,6,2,0,0,1,0,3,3,3,0,0,2,0,0,2,2
"COG1466",421,421,341,397,331,388,353,403,412,353,293,417,249,288,353,318,340,395,226,383,329,311,314,368,525,319,270,353,419,338,477,351,268,450,380,446,447,630,421,360,366,438,274,418,438,405,461,462,477,591,375,349,477,516,559,529,450,459,407,328
"COG1468",48,47,88,46,143,101,117,133,110,133,49,67,93,16,72,32,102,178,71,38,122,36,51,144,111,131,32,108,70,100,88,64,97,55,48,245,70,140,65,68,57,239,7,91,74,163,23,51,78,64,82,58,70,109,101,279,60,116,46,56
"COG1469",12,36,25,21,29,14,6,39,27,20,27,23,30,97,24,50,10,4,29,17,19,29,29,3,12,10,0,11,60,22,43,24,0,20,11,5,33,60,47,16,32,3,7,2,26,16,130,4,7,4,53,23,23,9,0,15,7,4,33,14
"COG1470",24,29,52,118,39,16,59,42,28,19,36,39,24,30,47,25,0,2,124,4,63,41,46,11,44,1,19,44,9,33,55,91,52,15,56,2,161,2,21,52,44,101,58,9,59,15,2,56,38,100,43,57,32,16,13,16,50,21,49,132
"COG1472",4627,4291,4076,6387,4196,5980,5575,4340,5410,6892,5825,4641,7344,3359,5638,4230,4491,4929,6020,3780,5188,4749,6045,4077,4013,5802,5221,4501,5151,5334,3017,6233,1466,5293,6368,4798,7103,2199,6053,6486,4955,6393,6504,3542,5825,4248,2617,6241,6779,5258,4168,5256,3767,4051,3744,4055,5243,5508,6633,6668
"COG1473",324,251,558,330,636,257,540,484,523,241,958,568,446,758,793,777,824,454,1689,350,488,972,485,738,534,331,408,373,247,618,562,647,1460,515,395,839,628,1114,292,575,906,598,660,412,538,532,1052,353,484,556,1132,448,705,334,898,367,317,416,579,191
"COG1475",855,1091,1382,1166,2524,2060,1511,1392,1574,985,1384,1733,804,1576,948,1208,1589,1102,1007,650,1439,1218,1821,1785,1378,1263,1441,1848,1076,1576,2145,1238,1077,1523,1073,2053,1537,1286,1598,1352,947,1233,737,1223,1222,1577,1367,1433,1549,947,1590,1214,1862,1509,1300,1373,1406,1695,1286,1122
"COG1476",70,67,78,52,83,121,104,124,116,19,73,113,6,76,43,58,183,111,39,26,73,47,95,118,73,155,76,113,44,111,137,103,67,82,38,211,114,119,60,54,35,125,24,74,94,178,51,111,148,64,123,78,127,89,88,122,36,178,61,64
"COG1477",608,403,525,636,508,489,492,523,484,518,418,439,631,430,566,464,594,510,619,618,568,503,411,538,385,516,464,383,550,513,393,476,196,472,467,484,533,532,521,590,518,438,450,561,492,456,343,475,489,546,590,394,540,546,448,577,467,441,479,541
"COG1479",1254,788,889,894,443,523,823,780,719,1786,523,627,1181,748,1124,879,1041,1596,276,943,531,1063,455,535,830,759,811,792,839,1265,617,579,138,501,714,864,681,198,795,1440,482,658,354,1216,904,428,1331,430,443,909,585,884,874,1368,176,1328,1720,893,734,932
"COG1480",616,840,398,686,314,334,506,445,465,1036,476,377,1161,538,700,605,320,529,596,987,441,628,293,429,272,1023,558,250,529,491,229,512,5,427,592,57,386,55,655,677,753,315,857,509,719,358,22,543,393,636,220,494,412,620,138,553,702,432,517,592
"COG1481",105,81,200,67,282,331,160,249,199,49,144,259,43,89,76,114,355,225,106,54,200,133,242,286,410,166,162,357,110,295,383,97,93,239,54,480,166,418,166,112,74,160,52,130,133,334,402,184,233,99,346,88,288,279,456,203,53,290,146,84
"COG1482",449,429,607,558,720,581,617,600,522,708,589,575,484,447,432,459,597,494,526,525,571,529,440,492,472,476,310,533,451,591,302,664,357,538,426,420,666,760,622,594,528,557,471,585,647,472,416,697,712,554,471,553,457,422,439,591,614,575,633,626
"COG1483",2,15,61,369,86,24,178,1,16,0,140,6,23,427,78,7,344,9,0,119,0,1,64,5,109,8,24,27,1,2,2,71,0,411,0,0,31,3,42,509,86,258,0,59,8,1,0,17,8,0,0,1,21,32,0,37,17,42,9,0
"COG1484",1753,1794,1470,775,1101,1756,824,1189,930,2206,901,1187,504,724,363,1279,1740,1104,682,217,1062,525,840,1016,1169,457,994,1235,1022,775,1166,730,1293,1037,1217,1130,739,973,906,1717,2022,812,1593,554,921,1191,283,993,1603,629,1718,736,1065,1196,846,557,790,1189,903,762
"COG1485",1,1,13,3,1,0,4,0,1,2,0,1,13,90,19,18,0,0,24,20,1,6,55,2,1,2,36,0,1,0,19,10,188,2,2,18,1,5,0,4,6,11,15,9,0,1,0,0,2,13,23,5,2,0,21,0,14,0,7,14
"COG1486",122,76,211,182,245,143,71,122,102,87,369,149,141,717,148,173,363,179,349,132,45,244,335,175,130,89,234,176,122,151,311,211,800,126,125,317,108,70,153,134,102,227,291,113,165,331,456,44,121,116,542,203,127,90,314,64,126,119,97,129
"COG1487",8,46,6,15,6,15,32,25,35,8,45,47,131,66,10,33,17,42,4,15,22,60,58,11,45,209,26,15,120,105,46,73,152,6,49,40,72,14,45,43,36,59,20,6,50,19,29,89,87,37,18,66,18,16,76,43,44,16,49,38
"COG1488",223,236,379,272,524,558,559,524,481,328,474,453,141,420,284,326,621,325,338,137,408,254,383,508,526,299,455,636,216,424,469,435,367,527,392,710,477,745,341,304,234,595,298,1857,316,506,676,406,496,310,574,331,435,483,976,313,326,624,342,318
"COG1489",20,15,70,24,116,110,75,75,51,17,60,46,33,77,47,58,63,50,94,27,64,73,96,72,52,37,58,155,16,111,96,36,250,81,53,76,52,61,24,56,31,59,52,34,54,48,58,47,71,42,92,35,68,69,50,37,77,76,54,27
"COG1490",235,284,244,246,231,248,256,259,267,330,223,261,321,217,315,245,247,319,226,260,222,332,214,287,399,282,280,247,208,277,320,226,187,258,307,286,235,260,301,252,269,251,290,319,241,220,249,276,253,268,257,243,280,364,278,298,327,234,284,207
"COG1492",305,446,493,238,512,363,376,280,313,225,594,430,198,441,404,513,396,245,387,140,420,593,447,401,276,199,411,399,358,299,355,363,90,466,444,302,382,223,373,365,529,339,403,134,469,428,629,463,508,304,399,616,396,191,305,149,462,356,344,431
"COG1493",117,86,175,51,277,296,122,238,224,63,232,226,46,124,77,165,384,230,122,34,200,112,243,332,126,142,198,268,70,263,261,117,83,269,115,349,204,342,156,108,70,177,74,129,154,356,113,177,259,68,223,136,264,261,307,209,120,296,129,58
"COG1494",30,13,45,10,39,11,33,14,10,16,76,16,58,94,48,78,20,19,95,39,10,36,64,12,18,28,66,3,5,17,30,50,284,5,19,41,16,46,6,18,33,37,47,100,31,9,9,4,6,18,48,15,41,13,82,15,35,6,35,28
"COG1495",1,10,23,3,13,1,14,7,27,30,29,0,34,41,68,13,7,13,40,22,34,15,23,3,11,1,21,8,7,21,37,22,98,23,18,9,24,196,4,27,7,8,11,54,8,1,2,0,0,26,9,34,8,17,22,6,25,0,36,23
"COG1496",450,282,281,203,199,317,304,316,263,443,290,323,459,320,294,315,319,332,233,496,253,330,210,258,339,440,233,349,409,353,318,192,167,310,247,274,195,284,293,313,288,174,249,432,291,332,407,299,273,236,245,260,312,402,299,334,287,252,364,212
"COG1501",1645,2151,1975,3373,1743,1817,2203,1992,1831,2573,2174,1665,2567,2182,2333,1715,1676,2428,2506,2289,2223,2003,2155,1529,1918,2134,2425,1960,2289,1976,1606,2828,1269,2187,2768,2227,2952,824,2397,2406,2002,3065,2540,1625,2259,2066,1680,2128,2443,1949,1994,2520,1694,1950,2194,1790,2027,2277,2240,3045
"COG1502",1216,1091,1241,966,1270,1122,1050,1186,1283,1033,1082,1188,1079,1137,1169,1129,1783,1454,853,1311,1521,1079,1443,1646,1199,1196,1386,1468,1521,1607,959,947,1080,1523,1064,1415,1183,1726,1083,1157,957,1163,1122,1274,1143,1531,449,1260,1225,1219,617,1080,1404,1324,1192,1127,1387,1332,1034,1011
"COG1505",41,57,29,335,43,79,112,105,74,34,60,101,15,26,114,70,2,3,256,140,90,29,62,14,100,0,59,71,2,38,16,92,0,31,38,7,156,3,39,95,67,7,153,53,143,23,0,74,37,97,38,55,76,48,0,90,49,118,122,119
"COG1506",3150,3353,2154,3055,1308,1181,2843,1650,2398,3723,2607,1855,4597,2641,2768,2604,1116,2145,2165,3230,2277,2603,1300,1481,1413,3345,2115,1043,3420,1745,1289,2464,24,2399,2785,392,1747,261,2696,3198,3151,1130,3529,2434,2933,877,586,2366,1765,2391,1252,2549,1886,1957,938,2164,3002,1498,2862,2618
"COG1507",0,0,3,0,0,0,20,1,0,0,0,0,0,1,0,0,0,1,0,1,0,4,1,2,0,1,0,0,0,0,0,1,0,0,0,45,0,0,1,0,0,3,0,0,0,3,93,0,0,0,2,0,1,2,40,0,0,0,13,1
"COG1508",817,652,425,545,350,269,524,375,472,783,538,436,1069,525,579,595,334,652,484,994,382,576,362,284,339,750,432,238,942,367,257,526,343,368,538,125,463,375,589,620,612,293,651,815,580,273,614,463,365,431,355,498,413,406,224,590,579,284,553,552
"COG1509",168,268,286,380,166,100,231,144,263,217,254,379,125,164,291,272,33,34,430,29,296,326,265,183,175,30,222,176,100,136,285,386,258,116,253,24,351,36,120,303,405,366,411,34,335,68,9,201,161,463,169,309,204,68,93,129,228,137,294,509
"COG1511",244,229,689,123,709,741,657,818,587,169,412,622,35,344,165,339,1532,707,79,135,735,221,545,1064,645,620,462,975,233,516,829,202,289,816,144,1880,454,1406,428,385,159,645,77,348,376,1367,1489,513,822,241,536,434,579,574,978,830,183,805,407,161
"COG1512",199,366,279,272,395,334,339,234,247,227,293,286,239,255,303,293,299,237,210,356,286,397,256,386,253,150,299,272,211,225,263,212,112,350,277,237,295,161,271,261,276,183,424,227,269,276,100,304,237,222,304,340,219,237,85,300,388,336,360,230
"COG1513",0,1,8,1,2,3,3,0,0,0,0,0,6,0,0,4,0,1,5,4,1,2,13,1,0,0,18,0,0,2,1,6,72,0,1,0,0,0,0,3,1,5,7,1,0,0,0,1,0,2,0,3,1,0,2,0,4,0,0,5
"COG1514",30,7,29,4,9,2,12,0,3,1,1,16,15,22,8,9,1,3,11,8,0,2,28,2,9,1,30,3,1,13,45,9,105,5,3,12,7,7,0,6,7,5,5,8,2,1,2,1,4,2,19,5,8,30,19,1,11,4,4,7
"COG1515",0,2,11,0,4,0,3,0,0,1,6,1,8,35,5,5,1,0,39,4,0,2,29,1,0,1,15,25,0,0,8,4,68,0,1,4,0,1,2,0,2,4,12,2,1,1,0,1,2,1,8,1,0,0,6,0,1,0,4,1
"COG1516",14,30,44,9,7,26,20,47,25,11,21,24,6,10,15,23,49,51,30,11,39,17,65,47,18,40,56,88,10,33,32,18,128,96,13,34,29,146,21,22,18,40,16,164,19,73,5,29,42,46,14,19,34,27,26,79,10,101,7,24
"COG1518",504,182,316,192,446,315,426,407,486,550,211,408,376,216,405,181,373,500,356,320,282,205,261,383,522,610,177,272,439,429,289,370,285,367,295,494,243,570,281,189,288,706,125,721,299,476,405,356,381,209,294,136,300,549,375,589,519,352,264,229
"COG1519",399,572,406,426,240,198,397,328,347,636,426,317,582,457,459,501,156,389,411,435,276,498,241,232,275,470,331,186,482,261,170,369,273,284,521,45,357,199,456,456,482,382,479,413,445,210,662,396,383,379,261,405,311,231,205,281,525,228,391,400
"COG1520",250,546,350,1017,303,372,562,294,450,226,362,547,287,278,612,365,191,46,688,51,457,511,287,334,287,41,637,254,150,194,637,794,94,264,699,55,674,98,546,458,759,575,1053,266,688,152,19,744,522,614,377,499,543,137,84,293,415,391,698,859
"COG1521",209,218,337,191,463,367,352,331,343,208,293,328,109,271,154,267,415,219,195,60,363,301,384,376,254,192,270,384,187,377,297,230,112,393,198,412,320,342,264,302,236,287,189,141,350,356,452,302,353,164,431,374,359,312,314,239,319,416,316,249
"COG1522",806,552,484,549,371,370,530,733,438,634,430,469,600,763,501,522,470,604,488,671,520,553,467,476,339,580,455,459,833,516,300,429,444,422,441,307,391,443,447,453,372,408,396,668,399,433,592,415,387,468,242,355,409,554,350,609,451,439,395,403
"COG1523",1053,828,716,681,765,550,817,685,701,758,736,526,826,808,883,871,979,957,679,840,646,748,594,915,417,1031,798,723,1174,559,404,687,735,739,656,1666,632,351,729,729,732,1039,651,939,771,1271,2257,710,774,753,429,732,419,656,902,616,687,715,651,691
"COG1524",925,893,690,875,377,291,827,421,464,903,656,536,792,537,803,842,293,641,504,1608,471,757,350,474,544,421,584,365,534,450,447,733,89,557,917,134,645,87,991,863,951,828,946,547,630,175,197,647,454,757,343,774,553,686,375,668,628,365,662,803
"COG1525",19,7,18,5,5,8,13,0,9,4,14,8,15,73,16,22,2,9,18,24,5,21,49,2,23,1,1,30,6,49,86,23,11,34,10,13,36,8,28,0,21,8,17,11,19,2,2,2,5,11,21,3,27,18,10,2,17,28,13,42
"COG1526",9,11,43,10,91,44,32,20,34,6,14,8,14,69,23,31,65,24,48,21,18,21,61,49,10,11,53,51,20,40,63,23,185,20,23,52,20,57,15,37,30,22,24,12,18,22,39,7,15,26,15,19,26,17,26,10,46,48,30,12
"COG1527",72,52,92,60,127,145,51,105,122,27,52,133,18,72,68,86,310,95,106,30,67,117,120,113,187,74,68,114,33,129,250,50,201,75,68,343,89,175,61,73,48,112,78,43,43,214,145,91,118,80,199,61,95,141,139,102,29,123,54,35
"COG1528",215,476,398,777,247,204,319,154,226,358,213,333,213,291,509,332,109,46,275,269,198,583,205,278,210,47,313,180,234,135,176,289,202,203,426,66,231,64,239,266,400,152,313,93,236,110,46,198,157,458,233,292,250,162,209,293,706,194,218,381
"COG1529",249,252,469,242,687,493,430,538,422,176,534,444,273,345,474,556,1364,510,964,166,475,512,456,739,311,270,582,370,324,324,678,395,2174,363,383,977,421,571,275,329,379,601,583,203,343,1182,907,266,550,563,572,406,519,304,627,260,322,384,324,186
"COG1530",623,365,533,296,286,376,397,489,498,622,503,458,726,598,412,509,387,545,358,758,386,493,523,339,463,621,335,376,459,480,462,414,630,503,420,369,421,432,508,594,519,432,346,676,597,418,394,495,420,354,362,421,494,504,328,619,429,428,512,446
"COG1533",549,645,536,629,463,629,504,508,555,286,542,800,549,336,788,375,463,343,428,720,546,525,448,594,552,279,368,613,228,622,544,519,178,510,426,317,378,369,498,326,545,394,1006,523,643,747,167,472,557,579,237,379,456,403,249,594,555,612,367,280
"COG1534",50,57,85,20,105,109,76,113,76,30,75,79,23,60,50,44,138,86,47,16,87,41,124,97,90,72,66,118,46,95,114,63,144,87,53,134,48,208,73,43,23,95,16,94,37,107,106,59,100,46,133,57,133,89,143,74,39,100,65,38
"COG1535",3,1,8,2,2,0,2,0,0,1,0,1,6,38,10,4,0,0,18,8,2,0,37,3,0,1,24,0,0,0,12,6,151,0,4,7,3,4,2,6,7,5,9,3,0,0,0,0,0,5,10,1,4,0,13,0,16,0,2,7
"COG1536",38,44,94,18,19,95,27,77,73,23,57,27,14,26,31,78,124,65,84,18,106,26,150,144,31,71,147,143,31,94,47,35,227,143,26,66,101,274,46,41,26,99,18,151,53,185,9,64,116,66,34,31,76,58,55,114,10,156,14,43
"COG1538",3233,4525,3561,3548,2266,1709,3713,2254,3190,4682,3998,3033,4421,3800,4107,4105,944,1764,3230,4145,2986,3931,2258,1935,2359,2509,3015,1763,3279,2283,1614,3972,791,2432,4375,351,3502,674,3198,3900,5122,2967,4663,2105,4679,1159,820,4002,2891,3727,2101,4218,2427,2276,1503,2994,4525,2018,3731,4911
"COG1539",274,282,228,204,135,203,241,239,173,289,216,171,282,212,220,184,165,196,206,268,162,212,205,152,146,239,182,224,239,243,147,193,171,208,223,144,177,129,201,184,200,144,172,278,206,123,213,221,171,238,183,187,197,295,259,164,245,188,177,226
"COG1540",13,5,29,9,22,60,29,20,33,6,16,47,6,64,28,18,43,28,28,21,21,18,52,30,34,26,63,20,6,23,25,26,118,18,22,26,31,69,26,17,12,31,13,31,14,40,26,16,22,11,170,17,35,49,109,12,23,22,6,25
"COG1541",323,660,600,643,363,375,516,333,551,325,593,552,198,451,539,544,309,175,670,123,538,739,399,385,375,103,495,521,307,342,486,1009,420,514,950,94,636,141,473,559,763,726,937,510,785,308,331,755,579,727,731,800,393,444,338,545,590,465,565,919
"COG1543",0,0,0,0,0,107,0,37,5,0,0,81,0,0,0,0,1,10,0,0,0,0,2,0,173,0,0,24,0,6,165,13,0,47,0,0,19,0,9,0,0,0,0,5,1,0,0,0,1,0,0,0,0,45,0,0,0,0,0,0
"COG1544",100,147,141,81,113,248,153,226,147,101,128,202,55,144,97,115,248,159,124,111,154,145,262,152,292,114,112,260,99,241,276,112,291,206,74,305,142,300,134,84,106,110,91,179,153,224,240,145,173,149,260,77,236,256,353,209,107,235,99,90
"COG1545",3,0,0,1,0,2,0,0,1,0,0,0,0,0,0,0,0,0,0,0,0,0,1,2,0,2,0,0,0,0,10,0,0,0,0,0,1,0,0,0,0,0,0,0,1,6,0,1,0,0,0,0,0,1,0,1,0,0,0,0
"COG1546",272,207,236,338,390,331,336,247,336,199,288,293,142,278,170,241,226,185,289,349,248,257,301,255,292,192,208,228,243,347,276,245,225,284,179,272,305,356,287,264,184,285,231,351,251,283,382,354,265,215,315,255,369,266,286,236,231,288,326,239
"COG1550",0,0,3,1,3,0,1,1,0,1,0,2,0,2,2,1,4,0,7,0,0,3,1,1,0,1,1,2,1,2,0,2,19,0,2,14,0,1,0,2,1,0,7,4,0,2,1,0,2,5,0,0,1,0,9,0,1,4,1,1
"COG1551",11,13,30,5,6,15,14,31,13,8,6,19,3,24,7,12,26,25,24,1,40,5,30,29,9,17,14,52,9,22,9,8,54,34,7,21,25,29,12,16,8,35,4,19,15,45,3,11,18,27,7,7,16,21,9,56,5,31,2,6
"COG1553",3,5,4,3,6,0,4,0,0,0,0,0,10,52,14,4,3,11,18,12,6,6,33,2,1,2,19,0,2,1,17,16,114,2,9,12,1,7,0,9,5,15,7,1,1,4,1,1,0,12,9,2,2,0,25,2,20,1,5,17
"COG1554",201,260,234,388,120,718,226,199,266,164,292,237,45,160,197,212,60,85,203,25,192,263,494,246,212,34,242,175,44,104,174,288,345,385,329,172,425,413,255,264,260,443,311,36,380,183,9,469,483,157,122,374,109,111,563,68,268,332,385,363
"COG1555",523,174,262,249,152,207,271,290,223,402,203,273,283,267,224,258,257,375,307,508,229,260,141,229,405,391,167,217,469,232,202,204,91,253,212,277,194,294,203,292,267,196,171,388,239,192,214,291,247,254,163,206,223,410,407,331,279,179,289,251
"COG1556",50,134,36,84,17,51,123,22,76,108,58,43,64,108,127,46,28,15,53,39,58,96,65,46,24,11,78,6,45,15,43,60,124,75,90,12,15,50,56,53,99,9,78,7,76,23,7,51,31,100,19,26,21,14,125,66,138,33,27,56
"COG1558",32,24,49,4,12,41,6,51,39,17,31,33,16,11,16,35,60,41,47,12,54,10,69,75,19,20,71,95,14,48,33,16,109,73,10,34,52,137,20,35,15,38,8,95,40,122,10,38,62,37,11,14,26,24,28,71,11,82,9,15
"COG1559",387,264,328,224,349,370,435,392,320,435,335,395,423,286,180,324,192,331,225,514,286,303,309,240,422,397,211,334,371,367,406,350,129,302,282,227,334,375,373,368,355,231,166,565,353,147,336,313,330,220,537,431,531,522,415,416,362,325,433,327
"COG1560",397,261,232,226,135,137,382,275,192,333,235,217,386,425,462,291,112,274,300,430,197,310,284,94,201,216,215,194,404,218,141,260,386,201,283,47,250,187,351,239,214,243,245,364,330,107,363,229,223,268,207,227,315,242,288,330,255,165,284,252
"COG1561",487,374,363,339,413,460,370,414,429,447,396,405,503,347,374,411,383,481,283,566,387,388,413,341,438,528,353,425,387,452,454,385,192,453,334,275,376,257,509,393,367,398,329,559,416,348,254,428,382,357,378,360,535,449,187,566,364,436,377,349
"COG1562",0,0,0,0,0,0,0,0,6,0,2,12,0,0,1,0,0,0,0,0,0,1,81,0,0,0,0,0,0,14,0,0,0,1,0,0,31,2,49,0,0,0,0,111,7,0,0,0,0,0,0,2,14,11,0,0,0,4,10,0
"COG1564",182,252,288,208,163,193,202,216,265,151,236,227,116,154,223,224,241,141,156,401,251,283,164,286,146,77,235,225,97,149,204,222,44,180,212,311,181,263,142,191,248,160,247,94,253,209,117,212,276,215,244,234,234,223,350,288,240,205,193,210
"COG1565",0,0,1,0,0,0,0,0,3,0,0,6,0,1,0,0,0,1,0,0,0,0,25,0,0,1,0,0,0,0,1,0,0,0,0,0,0,0,23,0,0,0,0,3,2,0,0,0,0,0,0,1,10,2,0,0,0,0,9,1
"COG1566",481,206,320,444,166,280,622,261,176,596,438,213,563,1049,425,316,115,249,616,367,210,492,473,119,140,360,385,123,517,327,290,418,1114,347,591,95,325,62,367,333,392,434,521,316,328,46,17,461,359,282,273,581,187,355,134,156,487,132,548,501
"COG1567",23,3,13,8,5,21,38,10,36,16,9,31,0,8,10,14,59,28,1,3,14,11,34,6,16,9,9,16,64,22,31,1,0,30,1,4,13,44,8,3,1,39,4,12,9,45,12,6,2,0,56,25,37,7,22,13,11,19,3,3
"COG1568",121,64,0,0,0,24,36,2,0,40,118,207,0,30,14,35,10,0,188,0,13,0,80,153,67,12,0,41,122,34,31,0,0,1,160,0,10,1,36,60,26,4,47,0,0,19,0,338,0,0,7,4,1,3,0,0,1,38,0,151
"COG1569",5,0,7,5,2,2,4,3,19,5,1,4,1,1,23,0,0,1,19,0,11,1,13,1,0,1,1,5,1,2,1,12,0,1,2,2,30,43,1,0,0,36,22,0,4,2,0,1,2,7,7,4,2,1,0,17,5,3,0,17
"COG1570",536,583,541,400,561,622,576,457,562,485,610,694,561,455,471,554,459,550,417,720,546,558,583,553,766,471,487,573,608,469,566,451,280,592,507,456,457,480,503,499,604,292,535,561,612,499,498,519,554,383,562,530,610,633,569,519,575,482,612,421
"COG1573",118,152,200,199,223,190,245,141,212,212,192,269,94,179,153,148,79,61,202,52,176,221,201,133,248,66,178,133,58,142,243,218,23,217,213,126,228,143,215,165,226,198,188,87,249,92,132,236,235,162,271,217,254,119,176,78,301,218,196,177
"COG1574",103,79,236,135,240,113,192,156,140,109,165,140,65,234,230,190,161,102,464,86,156,224,139,99,124,65,54,142,70,205,280,155,272,66,87,569,167,409,64,127,258,289,319,56,87,142,510,85,181,171,528,130,137,95,245,185,35,92,174,102
"COG1575",248,184,260,205,126,128,297,150,222,290,296,188,259,199,132,208,70,152,175,364,226,307,201,69,151,209,133,133,222,159,102,322,159,152,308,216,253,141,310,270,285,199,206,406,304,53,215,232,228,124,188,321,171,247,410,212,254,154,276,324
"COG1576",271,262,272,204,268,249,263,304,265,298,217,247,247,219,262,227,222,278,185,307,254,270,241,236,324,291,199,254,254,293,226,243,150,277,209,330,232,322,287,257,232,226,214,286,240,253,362,228,247,228,275,245,334,342,385,333,308,276,249,236
"COG1577",3,1,1,0,0,1,5,1,1,0,0,1,0,0,4,0,5,16,6,12,5,0,0,2,0,8,0,1,0,1,22,7,2,0,0,108,2,221,0,1,0,7,1,1,0,2,6,0,0,0,3,0,0,1,338,6,0,0,0,0
"COG1578",10,4,14,6,8,31,6,5,0,4,9,3,0,3,20,0,53,8,2,4,6,3,1,13,7,15,1,14,1,30,46,7,1,3,2,68,10,3,2,5,2,1,1,4,1,9,1,1,3,0,12,4,5,4,0,2,3,11,2,1
"COG1579",271,211,145,163,113,75,163,146,107,288,172,190,353,182,154,153,76,212,119,389,83,215,127,88,130,306,101,84,244,187,51,133,3,132,187,13,145,11,280,252,190,208,159,218,221,48,4,223,190,261,105,229,129,194,17,229,189,50,186,223
"COG1580",1,0,11,0,0,0,2,0,0,0,0,0,6,1,6,5,0,0,7,5,2,4,17,1,0,0,20,0,0,0,8,9,83,0,1,1,7,93,0,2,1,6,3,109,0,0,1,0,2,2,0,0,2,0,13,0,5,0,3,10
"COG1582",8,4,19,5,2,14,4,14,6,1,11,11,0,3,5,9,3,6,7,0,12,5,12,12,5,6,11,29,4,21,2,5,26,23,2,6,5,28,3,5,1,9,0,4,5,15,0,13,11,48,0,3,7,7,1,11,3,25,1,5
"COG1583",14,3,51,0,1,29,23,8,19,120,20,20,44,4,2,15,42,13,0,192,61,0,6,17,21,7,2,49,2,62,21,3,0,13,2,5,10,166,9,14,7,19,0,7,9,1,0,13,0,0,5,6,11,15,0,50,3,45,12,1
"COG1584",3,5,27,12,15,4,1,5,2,5,20,11,19,45,18,31,1,3,36,14,6,14,31,7,2,2,25,4,5,11,25,31,140,0,4,11,8,20,7,4,13,4,11,5,13,11,2,2,1,8,15,10,2,1,26,7,16,3,12,21
"COG1585",70,33,73,21,109,190,65,99,132,24,70,105,16,72,35,55,188,113,45,23,77,46,109,113,194,68,107,151,30,148,166,76,120,94,42,144,83,83,81,40,41,86,32,69,58,139,44,83,91,24,144,57,135,196,69,46,42,137,66,36
"COG1586",7,30,41,23,37,36,40,29,31,17,23,25,24,72,49,35,9,16,102,72,28,14,71,15,33,35,31,82,36,24,35,31,221,18,31,28,45,36,15,15,29,26,17,23,21,28,144,29,13,34,24,15,43,28,95,66,39,40,29,18
"COG1587",97,111,149,56,154,56,44,167,115,61,190,63,67,106,117,174,152,96,153,66,149,137,152,117,84,841,74,39,126,74,145,128,333,79,51,161,73,73,114,66,87,174,90,78,42,314,511,65,49,65,119,53,155,61,117,34,41,94,103,47
"COG1589",9,24,48,11,81,105,39,56,64,16,43,103,30,71,29,28,64,59,26,25,26,23,91,32,229,23,63,84,5,76,322,52,181,67,41,99,74,205,43,45,15,46,23,129,26,29,12,30,43,18,209,29,82,96,239,22,37,50,64,28
"COG1592",627,683,507,494,652,718,546,656,552,683,607,660,582,484,571,581,734,529,598,627,531,656,541,589,679,653,523,753,630,636,687,585,335,586,524,501,528,480,586,622,620,471,566,698,647,600,565,580,619,548,627,592,620,755,305,692,634,744,538,468
"COG1593",384,268,502,326,924,373,309,450,525,221,824,454,300,408,621,759,963,340,1553,235,432,846,406,1097,390,322,651,309,280,392,364,435,2398,382,761,545,597,599,345,452,535,782,700,195,311,962,1096,369,492,752,647,553,564,322,333,416,542,415,343,241
"COG1595",3638,5521,3510,6955,2599,2543,3842,3268,3638,3823,3220,3732,3677,2559,5235,3308,1959,3147,5333,2920,3671,4200,2582,2721,3454,2655,3715,3059,2680,3346,3573,4983,657,2968,3736,1765,3926,1242,3597,3622,4830,4536,4455,2460,3642,2176,971,4255,3399,6418,2248,3515,3193,2904,2015,3962,4287,2950,3091,5342
"COG1596",1156,1117,739,975,436,336,839,631,540,960,916,832,1132,792,737,796,234,687,779,1114,608,852,449,351,460,788,867,414,1281,655,560,1021,419,579,1204,65,636,81,876,852,976,761,1240,928,1037,242,131,868,667,831,400,1069,518,692,372,877,960,551,821,1332
"COG1597",752,539,718,557,618,700,788,685,645,811,720,682,692,545,512,612,586,683,547,1080,596,714,570,574,665,643,495,787,708,749,718,547,347,598,671,853,580,694,676,694,621,645,533,658,707,575,782,710,772,591,787,690,760,817,956,715,687,649,735,675
"COG1598",32,11,16,24,117,77,52,53,19,13,44,32,18,38,28,35,71,36,33,31,10,39,54,58,35,54,18,75,17,140,75,14,102,102,40,65,24,59,43,49,39,19,35,22,16,50,26,35,20,32,28,20,53,51,136,39,56,80,15,37
"COG1600",20,40,101,105,49,48,49,58,65,36,89,70,68,86,97,116,23,30,128,133,54,18,121,38,80,33,104,44,13,47,135,123,182,21,69,39,65,105,51,58,80,197,88,56,93,22,8,29,33,109,49,62,129,65,168,68,46,55,123,115
"COG1604",0,0,0,0,0,1,2,1,0,0,0,0,0,0,0,0,0,1,0,0,0,0,0,0,4,0,0,8,0,3,0,0,0,0,0,0,7,0,0,1,2,0,1,0,0,0,0,2,0,0,0,0,0,0,0,0,0,0,0,0
"COG1605",54,36,137,45,292,181,139,119,134,47,110,199,55,183,74,94,123,91,128,54,133,76,209,163,94,61,194,129,48,134,254,125,352,129,94,160,133,93,159,83,78,118,39,303,111,43,107,101,130,39,302,140,263,154,266,87,132,143,177,90
"COG1606",32,51,68,39,75,54,69,86,60,46,51,65,40,46,47,106,117,66,111,39,30,87,59,111,62,75,27,73,108,77,72,32,54,76,28,114,79,80,65,52,45,52,25,36,36,144,309,49,43,58,133,38,109,33,40,39,29,55,66,22
"COG1607",14,16,37,14,37,38,17,30,37,6,26,48,9,43,28,29,72,26,35,20,39,50,76,30,28,20,22,69,8,51,35,27,87,51,19,55,42,137,26,22,10,15,21,95,17,30,30,37,20,15,49,13,40,78,50,19,21,59,25,16
"COG1609",2576,1773,2227,2410,2240,3611,2409,2949,2227,1608,1832,2032,1755,2715,1980,2001,3568,2907,3255,1957,2102,1888,2996,2480,1737,2959,2295,3965,2018,3214,2080,2194,6119,2773,1859,6287,2021,3272,1854,2244,1781,3168,1825,1994,1788,4508,7160,2718,2524,2191,2313,1830,1797,2398,5052,1939,1691,2762,2009,2395
"COG1610",152,257,197,225,165,232,199,292,197,132,208,212,116,185,294,209,188,89,180,62,184,248,197,235,313,83,210,214,95,165,155,239,70,264,238,153,220,287,155,159,226,223,296,77,228,230,107,277,206,271,161,174,165,211,232,188,224,210,163,209
"COG1611",312,492,273,403,278,254,421,257,347,366,338,313,285,480,498,425,234,199,331,427,365,399,325,332,308,181,451,207,319,245,209,420,192,348,505,169,289,272,363,327,410,317,567,342,351,193,130,341,288,424,340,302,274,281,202,334,476,307,269,320
"COG1613",45,38,71,6,48,40,43,95,61,13,44,22,5,101,34,71,179,105,20,26,109,37,87,132,30,55,52,44,23,30,74,42,207,91,23,100,53,158,60,26,14,84,27,48,37,203,50,50,97,58,45,25,74,41,32,61,33,112,24,33
"COG1614",3,10,17,9,32,206,16,19,21,2,14,44,0,7,8,6,113,48,0,9,14,12,18,26,25,11,16,38,17,125,83,30,0,15,4,139,49,74,22,8,8,23,9,21,16,46,9,19,10,8,46,10,62,33,71,16,8,36,48,0
"COG1615",0,0,17,0,0,105,61,48,10,2,1,142,1,30,0,0,2,29,4,16,1,4,6,5,402,13,0,27,1,12,274,12,0,80,0,256,9,0,27,2,0,9,0,10,5,18,485,1,1,0,29,10,7,64,81,3,0,2,42,1
"COG1618",1,1,6,4,15,12,22,6,9,0,9,25,0,2,5,6,40,13,1,1,8,12,5,9,11,3,2,8,1,9,24,11,0,6,1,11,3,1,9,0,0,6,16,1,6,17,4,8,19,5,2,6,30,2,7,7,6,4,5,1
"COG1619",110,199,223,276,135,327,183,274,234,102,255,273,86,197,210,211,153,162,401,33,210,219,217,189,472,88,171,305,189,195,194,253,199,273,185,238,276,369,185,193,223,304,237,98,229,367,402,294,300,232,155,245,186,244,223,146,145,269,189,248
"COG1620",184,142,166,309,107,84,137,116,112,228,90,114,354,166,188,156,171,213,300,534,137,110,157,104,72,452,208,38,224,143,194,165,309,45,84,226,51,62,161,233,185,191,229,218,130,75,86,101,111,202,211,121,143,128,346,257,151,58,238,202
"COG1621",920,921,795,1011,625,594,928,936,659,1982,646,540,1119,936,694,764,1217,961,867,940,719,742,561,794,604,1598,729,730,1373,1181,305,622,974,699,704,1216,554,714,808,819,557,716,690,682,533,641,761,475,494,763,409,577,446,594,1172,1155,480,622,539,941
"COG1622",5,2,20,4,4,0,9,1,0,2,0,1,12,43,25,14,0,0,19,10,1,2,43,1,0,1,43,0,0,0,24,21,202,1,10,8,1,7,0,10,10,8,13,6,1,1,1,0,0,12,17,1,4,0,30,0,21,0,4,11
"COG1623",24,0,33,5,0,54,10,32,6,9,37,46,20,22,15,29,5,28,58,0,5,4,3,7,172,3,5,58,4,6,117,47,0,45,0,72,0,3,9,0,20,6,22,6,25,5,0,0,0,3,44,0,2,42,30,0,0,0,9,3
"COG1624",388,267,382,195,391,524,341,433,336,444,323,419,425,260,171,291,538,422,194,517,339,330,311,329,422,483,231,460,401,455,431,259,114,429,267,339,269,429,457,392,303,267,187,422,336,391,306,346,399,214,380,361,442,559,413,430,379,464,395,291
"COG1625",57,86,142,98,350,282,87,230,129,55,125,179,44,69,73,87,263,138,69,32,128,109,176,214,97,98,160,311,125,262,278,107,124,169,113,287,119,96,134,115,43,111,47,74,78,181,417,85,136,39,324,137,208,201,117,97,120,252,144,72
"COG1626",149,279,236,333,94,96,168,114,401,164,364,299,141,164,190,266,21,23,189,217,271,225,369,309,230,18,321,148,87,59,124,402,400,83,614,73,270,58,247,215,564,378,296,52,230,113,20,515,427,86,175,285,122,125,176,219,421,120,304,519
"COG1629",2340,2583,1977,2616,1171,848,1813,1279,1804,2523,2010,1674,3639,2546,3063,2694,851,3054,3059,4079,1841,2251,1317,1334,1111,3587,1876,987,2359,1595,1065,2204,2838,1434,3021,277,1748,733,1995,2378,3454,1948,3362,1788,2410,565,109,2258,1544,2490,1138,2224,1638,1348,906,2167,2297,1355,2729,2922
"COG1633",11,5,15,12,12,19,24,10,5,9,20,81,5,6,10,2,0,1,70,3,3,1,36,6,164,0,2,68,0,7,24,34,89,17,10,2,29,11,28,0,13,6,16,11,16,26,8,3,3,36,8,21,37,30,28,3,5,2,18,2
"COG1635",3,5,26,12,7,3,8,21,3,4,6,17,11,0,17,40,0,9,2,365,23,8,16,3,9,1,1,20,0,19,35,45,0,2,57,0,59,0,4,8,35,0,15,25,21,7,1,15,12,14,12,7,13,33,35,144,5,14,23,23
"COG1636",175,183,234,79,250,264,215,224,214,253,207,287,185,277,113,158,251,214,99,249,216,261,197,231,337,188,161,254,184,238,276,149,50,262,228,195,230,342,240,203,148,158,134,210,214,260,236,278,299,115,254,237,234,284,61,238,237,223,179,167
"COG1637",0,0,4,0,0,5,26,1,0,0,0,0,0,5,0,0,1,0,2,10,0,1,0,3,0,4,0,0,0,0,22,0,0,0,0,76,0,0,2,2,0,1,0,0,0,13,157,0,0,0,2,6,2,2,79,0,0,0,16,0
"COG1638",300,273,449,276,843,240,291,377,437,187,659,344,226,316,540,633,648,267,1383,107,346,645,310,947,338,274,459,292,236,284,380,349,1997,285,630,489,432,453,287,405,475,696,578,169,261,794,865,304,481,768,497,449,473,223,190,356,464,355,230,162
"COG1640",1205,930,982,586,1102,1089,936,1138,974,889,970,916,784,913,715,1025,1109,890,475,1417,896,919,977,983,546,801,1020,913,1538,943,658,721,616,1027,877,1007,756,462,876,918,753,866,815,1061,940,1148,1719,1023,952,587,879,1038,973,1047,553,945,931,1226,1081,650
"COG1641",33,74,38,34,79,77,58,77,72,42,83,38,25,53,53,71,154,56,79,43,30,74,79,157,53,63,97,72,78,83,118,41,53,97,38,162,77,72,66,50,53,66,24,37,33,289,213,88,80,40,199,63,117,51,53,60,32,77,85,33
"COG1643",197,38,113,14,30,72,141,97,65,258,19,26,579,231,110,146,100,337,58,872,36,31,503,24,29,400,147,20,323,112,137,49,758,54,30,373,35,160,440,222,67,64,49,633,35,27,580,2,17,50,68,59,177,319,278,391,52,22,242,57
"COG1647",12,20,10,7,12,6,5,25,6,8,18,15,11,1,6,19,12,13,14,4,5,17,42,6,9,7,3,25,35,28,37,12,1,15,6,15,41,0,12,24,10,2,6,10,20,21,108,6,16,2,41,13,19,56,5,8,11,30,15,13
"COG1648",54,41,98,23,57,49,35,119,66,26,74,49,27,149,39,93,111,51,82,27,49,53,66,103,37,212,57,51,62,36,87,58,235,88,30,83,54,185,49,33,48,100,34,45,47,273,245,42,38,54,87,28,60,79,87,68,34,72,48,21
"COG1649",1148,1234,1072,1762,803,726,1133,796,791,1331,1085,1027,1272,1070,1290,1097,396,726,1139,1626,938,1530,616,838,900,976,979,688,908,823,480,1040,160,1002,1425,246,857,90,1146,1158,1593,1041,1308,792,1195,424,123,1046,1125,983,734,1369,748,844,292,962,1332,698,1122,1400
"COG1651",15,76,114,311,47,11,108,31,19,20,20,16,32,288,66,41,12,16,112,36,48,38,116,20,25,14,211,20,7,33,58,34,280,34,21,183,66,67,2,26,76,110,106,95,17,22,324,27,14,246,129,41,46,8,89,38,54,37,35,94
"COG1652",26,6,17,22,127,18,14,30,51,12,12,16,9,31,39,46,9,33,79,18,13,34,35,13,20,16,87,51,2,20,175,24,43,16,41,9,68,12,16,41,40,49,32,22,30,25,17,13,92,15,36,9,25,9,131,50,34,73,33,46
"COG1653",1266,859,1698,1593,2935,4698,2031,2385,1833,484,1768,1892,412,1322,1054,1541,3748,2287,1862,451,1979,1681,3774,2812,1681,1930,1940,4613,875,3621,3948,1610,4072,3508,1330,6003,1454,3185,1626,1662,763,2623,1127,879,1232,5301,5546,2112,2107,1528,1304,1549,1774,1461,5097,1905,1139,4041,1254,925
"COG1654",87,73,137,35,316,270,86,225,196,56,125,177,31,173,76,117,336,207,93,45,219,92,246,326,129,147,160,259,113,177,150,88,191,264,82,316,151,236,136,104,46,142,49,241,105,320,315,170,196,86,274,138,264,217,289,118,111,227,112,118
"COG1655",47,31,54,0,4,63,9,94,56,24,33,36,0,11,15,65,97,75,0,5,87,20,68,102,14,47,52,136,18,56,16,10,0,120,0,23,37,98,42,48,8,69,1,61,47,181,1,41,79,30,8,15,36,50,16,60,1,78,6,23
"COG1657",0,1,0,7,0,1,5,4,0,2,0,2,0,2,16,0,0,0,0,0,0,0,0,1,0,0,1,0,0,1,1,1,0,0,15,0,5,0,0,3,0,0,0,244,1,0,0,4,0,0,0,2,138,0,16,1,8,0,7,0
"COG1658",10,22,60,19,147,87,68,70,44,24,62,65,18,41,8,41,61,45,51,11,46,21,36,79,61,39,57,86,60,91,72,47,3,53,68,137,69,126,24,31,30,32,12,37,27,36,148,58,71,11,181,43,114,66,184,23,52,56,75,36
"COG1659",0,9,37,17,22,0,3,6,1,1,17,12,11,1,14,22,0,3,58,15,12,23,0,2,4,4,0,6,1,16,7,13,0,5,10,0,11,2,1,3,32,2,11,0,10,6,0,6,1,1,3,6,2,1,0,17,12,3,22,9
"COG1660",603,463,505,317,493,372,400,421,390,366,440,388,389,441,423,458,440,527,365,751,451,436,422,409,273,407,389,433,570,397,358,351,323,554,437,476,350,458,395,428,446,349,378,595,444,401,429,475,449,294,463,501,368,447,595,562,445,453,425,447
"COG1661",8,17,43,12,111,55,22,40,39,10,22,54,2,14,148,4,37,42,33,6,8,123,24,28,35,44,79,25,50,71,34,49,47,39,27,76,47,31,21,33,9,9,18,20,29,17,51,16,37,8,104,46,50,73,59,9,53,18,32,12
"COG1662",26,39,274,21,31,10,62,4,6,6,5,5,177,38,216,82,6,0,199,87,11,65,1234,23,3,5,627,0,1,1,488,114,2230,5,37,43,7,63,12,59,80,226,189,22,32,17,14,4,18,76,19,31,75,10,403,2,114,0,3,107
"COG1663",561,472,276,396,222,139,276,274,267,522,265,261,732,286,465,378,145,360,347,608,249,361,213,202,187,493,265,176,507,305,143,314,149,157,339,37,260,140,344,377,452,169,433,484,393,101,19,249,205,318,197,328,304,329,237,313,380,186,369,302
"COG1664",9,18,34,47,22,50,36,37,9,9,24,31,8,14,43,43,4,11,71,10,42,27,92,22,17,4,10,77,9,58,41,42,1,30,12,18,46,6,58,38,58,46,27,13,27,8,1,26,5,101,15,28,48,16,19,34,18,48,36,42
"COG1666",8,27,17,5,15,1,13,28,7,26,16,8,23,64,23,17,3,14,22,11,4,11,19,1,7,14,14,6,48,16,12,7,71,4,9,12,6,31,12,5,11,13,2,76,2,15,148,2,5,8,68,11,26,4,49,12,8,3,19,15
"COG1668",88,39,178,31,64,313,309,155,213,121,141,256,47,137,47,92,109,112,9,38,280,60,176,103,134,29,20,336,40,175,258,111,47,288,37,70,107,394,155,98,45,41,21,166,264,162,18,170,110,63,68,75,266,360,221,227,79,300,96,22
"COG1669",201,291,75,344,89,50,114,120,68,148,63,116,100,130,337,199,57,183,173,308,134,188,84,95,69,53,140,86,99,95,89,193,1,61,163,6,99,22,95,144,297,105,202,366,112,41,2,149,66,400,54,43,105,144,144,328,116,117,123,166
"COG1670",808,1113,818,1386,691,794,809,933,856,626,604,932,617,911,1073,968,457,557,930,519,975,1095,863,984,823,889,963,957,673,882,838,1148,1161,759,959,713,904,387,795,701,1078,940,905,411,910,846,814,869,793,1473,674,860,750,669,944,852,1111,918,665,1334
"COG1671",58,46,62,25,116,100,49,94,101,30,60,73,11,92,30,87,147,112,37,17,115,37,100,138,70,47,95,130,29,128,64,54,125,109,51,94,66,128,73,35,10,107,21,72,50,209,51,57,72,41,131,59,120,173,59,71,59,105,41,44
"COG1672",4759,675,619,538,460,457,575,1791,899,4006,582,642,6367,609,863,939,1973,5353,1386,1465,854,829,454,484,808,6642,315,580,6136,2417,537,831,52,453,1051,364,858,1086,2236,3488,813,540,720,3659,945,316,236,943,866,1170,465,694,1223,3621,591,1334,906,686,1016,1483
"COG1674",684,556,790,571,1065,1228,851,1026,969,846,789,967,1213,504,567,780,1227,1297,547,1190,1047,527,1059,881,2039,1277,554,1552,541,967,1559,810,688,1039,650,1527,874,1783,1096,903,520,878,613,1017,766,941,1413,911,989,629,985,784,1400,1505,1289,1401,484,974,996,555
"COG1677",24,27,23,9,3,39,9,56,35,13,16,19,3,14,18,32,41,33,31,6,68,9,56,45,16,25,43,79,18,44,18,15,76,51,10,35,41,88,25,20,8,45,7,86,16,92,9,28,39,36,9,16,31,26,29,63,7,73,8,14
"COG1678",88,168,149,174,59,57,129,54,94,146,96,90,73,97,139,106,12,14,122,26,103,172,111,60,108,10,112,67,35,46,79,159,153,51,172,19,152,15,92,120,170,147,142,10,119,41,6,122,119,138,68,149,70,33,55,39,193,93,119,189
"COG1679",1,3,1,2,15,63,47,31,51,22,16,57,1,2,1,4,8,15,11,0,17,8,37,4,37,13,1,123,4,105,136,3,83,54,16,0,2,152,43,24,3,2,0,23,25,1,0,16,36,14,183,18,54,56,2,7,0,22,38,21
"COG1680",823,826,1127,1080,542,782,974,646,808,783,1080,877,619,1008,894,1161,636,649,666,868,1037,1094,946,725,654,456,978,868,747,567,717,986,715,1083,1016,1249,1432,709,950,962,1194,1048,1437,486,962,835,571,1033,1046,914,981,1197,642,489,1500,710,982,819,853,986
"COG1682",206,320,258,87,296,396,222,303,287,93,143,293,38,185,139,248,516,370,146,46,313,215,324,350,375,152,246,410,124,213,484,235,293,362,151,352,192,294,192,131,137,270,237,169,160,458,405,220,344,195,254,207,314,346,295,301,191,347,121,176
"COG1683",36,20,59,24,132,59,77,58,59,19,64,99,23,110,35,54,56,84,65,34,56,45,92,46,149,32,96,60,32,67,64,56,27,65,36,77,58,46,32,64,44,43,30,62,33,50,52,44,51,25,109,60,124,84,111,84,53,69,44,42
"COG1684",32,44,96,15,23,39,20,74,57,15,38,43,17,21,26,53,80,80,55,14,93,18,92,112,38,31,89,119,30,82,40,28,172,105,18,73,67,282,30,18,23,75,10,128,29,153,14,63,80,73,36,28,35,38,48,97,17,102,13,27
"COG1686",404,378,896,230,1452,1368,548,984,1025,296,596,1046,160,608,493,678,1924,910,307,215,852,642,1185,1365,1726,679,902,1326,511,1056,1430,461,1158,1146,424,1558,732,1205,713,558,264,813,359,713,517,1855,1190,808,1069,420,964,602,1144,1172,876,768,532,1149,516,290
"COG1687",21,12,35,10,25,55,42,61,40,11,50,32,16,30,27,37,50,100,54,22,62,75,39,69,39,31,30,81,12,74,41,20,28,80,17,86,61,115,20,36,32,27,21,48,31,61,125,48,52,22,44,24,84,52,76,85,17,59,35,22
"COG1688",1,0,2,0,0,5,0,0,0,5,0,0,14,0,0,0,0,0,0,67,0,0,0,0,0,0,0,2,1,0,0,0,0,5,0,16,0,0,0,0,2,2,0,0,1,0,0,5,0,0,1,0,0,1,1,0,0,0,0,0
"COG1690",112,74,74,359,177,204,122,115,141,96,73,148,58,83,234,143,43,54,417,37,149,91,180,183,105,41,135,377,30,600,237,168,424,125,133,127,201,159,97,82,159,239,327,60,108,116,26,79,61,276,91,162,39,194,36,337,78,210,188,247
"COG1691",35,63,56,22,77,77,52,70,52,51,44,50,24,46,41,66,147,45,67,20,45,82,48,87,47,58,50,64,98,45,73,37,60,63,26,129,87,112,46,35,34,59,25,27,28,229,305,61,50,50,140,34,91,59,84,37,18,42,59,13
"COG1692",17,43,18,10,41,141,23,102,79,25,81,130,23,27,20,46,19,27,42,1,40,20,49,14,187,21,11,120,76,93,187,44,7,72,22,6,52,145,77,19,13,42,17,41,44,27,242,31,46,3,178,32,122,59,2,46,9,62,57,23
"COG1694",268,328,205,214,139,151,230,171,308,259,246,239,175,215,369,263,83,157,164,306,216,286,200,212,280,79,240,160,174,151,265,309,126,171,332,108,189,146,229,247,403,247,334,177,396,116,107,313,232,324,168,264,193,183,227,407,330,279,234,308
"COG1695",212,216,300,279,397,391,370,360,322,168,196,293,81,249,252,174,412,276,244,72,341,274,341,307,356,172,247,487,127,457,364,244,379,331,250,434,251,494,208,195,207,373,145,186,236,396,206,285,322,232,277,289,353,235,539,350,337,458,190,249
"COG1696",507,582,1044,624,883,1402,858,1149,1128,551,864,1097,964,441,584,693,1112,759,561,313,1103,598,860,976,780,1360,766,1465,293,1284,1048,852,448,1011,927,1038,971,947,876,744,490,973,524,946,945,850,205,1095,1183,786,751,857,1038,1189,468,743,718,1251,790,800
"COG1699",34,17,25,2,11,16,8,47,33,9,25,21,0,11,14,28,48,40,29,1,44,19,29,59,10,27,28,52,13,31,20,11,46,76,6,30,39,52,18,30,9,45,2,21,30,105,8,35,51,55,10,26,35,40,12,71,4,69,7,26
"COG1700",94,77,15,1,1,6,154,25,23,20,102,2,442,25,78,102,17,125,44,818,2,13,15,1,147,31,5,67,610,18,32,73,0,36,226,8,8,17,119,52,11,8,234,17,18,7,1,51,84,24,3,3,108,236,0,51,5,64,20,52
"COG1702",337,344,439,280,449,389,403,447,385,429,383,391,494,386,292,382,426,454,203,529,417,337,440,387,284,547,360,483,367,478,337,359,365,451,390,447,391,405,406,404,334,407,243,496,387,379,431,427,438,340,494,424,481,461,491,522,356,405,431,355
"COG1703",201,313,334,267,161,160,320,192,252,313,301,295,172,290,240,315,51,37,239,99,176,386,177,143,178,67,166,150,264,156,123,303,149,219,347,17,316,102,266,252,305,326,241,67,370,102,514,286,259,321,165,312,223,96,249,119,375,195,344,318
"COG1704",356,302,246,294,231,242,227,206,271,284,252,307,283,227,248,222,124,210,285,266,215,268,180,152,174,248,214,306,289,281,309,285,60,283,245,186,336,212,210,312,343,248,271,276,314,201,170,234,183,301,323,357,226,314,275,303,229,197,329,336
"COG1705",742,458,329,301,143,199,312,343,427,511,473,450,511,596,268,480,275,730,529,989,366,993,300,367,255,648,157,274,807,410,157,243,231,183,432,291,658,498,427,782,422,104,423,992,439,90,32,602,252,750,179,514,336,498,577,541,331,321,564,659
"COG1706",2,0,8,2,6,0,9,0,0,2,0,0,13,1,10,16,1,1,7,3,0,4,30,5,0,1,83,0,0,7,16,11,130,1,2,8,27,4,3,4,1,9,11,142,0,3,2,0,0,6,0,1,0,0,27,0,10,0,2,8
"COG1708",29,59,30,305,67,56,97,79,29,37,54,72,13,27,82,64,35,23,192,18,70,59,44,33,87,18,32,126,14,88,169,166,30,18,33,15,85,28,22,70,86,123,57,15,74,48,10,46,48,79,64,50,66,35,98,33,56,72,75,140
"COG1712",40,204,60,162,98,37,57,46,83,44,60,52,75,87,209,110,23,30,154,11,145,139,77,166,73,10,139,51,58,42,34,104,72,65,110,29,121,26,46,67,147,25,205,13,63,79,31,65,67,147,68,83,59,26,50,73,113,36,49,114
"COG1713",81,52,125,27,166,217,119,204,152,49,108,176,26,76,50,89,229,134,79,29,153,72,123,200,129,116,114,181,49,165,234,83,41,151,44,240,143,303,99,71,46,160,44,111,93,171,152,117,157,42,254,94,210,169,274,128,66,187,107,49
"COG1714",49,45,62,120,32,27,53,30,68,12,51,75,13,30,62,49,5,78,87,3,51,71,46,6,90,13,37,29,8,30,34,81,1,19,73,12,105,22,37,51,37,96,61,7,43,7,0,72,71,59,24,60,17,29,4,23,34,27,35,108
"COG1715",18,16,21,41,73,47,92,32,44,51,56,36,14,144,4,36,14,25,76,2,67,12,93,44,221,19,74,21,2,86,71,74,70,47,16,10,58,75,59,48,125,29,16,215,51,3,1,23,54,23,29,14,86,33,322,66,98,64,36,15
"COG1716",23,50,29,20,21,126,80,234,134,26,31,129,17,30,1,16,160,98,29,24,173,17,55,70,676,51,7,149,74,137,100,19,60,80,19,157,44,2,114,9,4,54,9,27,25,54,387,43,107,114,185,21,125,318,130,141,26,122,52,14
"COG1719",0,2,0,1,0,2,0,0,0,0,2,1,0,0,1,0,0,0,18,0,3,1,1,0,0,0,0,0,0,0,25,0,24,0,2,0,0,0,0,2,1,4,3,0,0,2,0,0,0,14,1,2,0,0,0,1,4,0,1,0
"COG1720",227,23,81,18,181,118,60,163,103,165,29,125,254,79,14,53,148,251,37,278,114,25,160,116,58,364,111,85,236,213,105,50,138,91,32,105,60,122,215,161,36,95,13,342,57,63,38,71,130,36,236,87,199,282,63,170,62,107,75,42
"COG1721",421,313,321,528,178,252,343,378,360,395,450,394,507,266,386,383,167,367,442,396,366,368,276,307,360,342,275,256,298,283,166,459,3,262,463,102,512,233,455,485,480,633,483,263,396,172,14,379,412,517,191,399,286,464,109,486,342,272,369,515
"COG1722",7,7,16,5,33,36,13,19,9,5,25,31,8,20,12,22,11,18,24,11,10,14,20,4,70,4,8,24,3,36,70,24,39,19,6,25,29,61,8,13,13,11,6,13,12,10,2,4,13,6,16,3,26,36,70,8,9,20,29,11
"COG1724",4,4,2,4,0,10,13,5,11,2,7,2,0,1,5,13,4,17,4,3,0,8,5,0,1,5,0,6,1,19,2,0,0,6,6,0,4,9,3,1,4,0,18,1,4,3,0,16,7,6,12,0,2,11,14,2,6,7,2,5
"COG1725",311,258,423,275,320,452,319,439,386,251,316,352,182,313,261,214,620,445,196,284,391,233,288,503,370,373,287,531,351,406,400,287,398,555,198,623,399,715,327,299,189,408,218,295,250,623,319,326,450,319,287,256,331,395,576,494,200,428,181,211
"COG1726",409,224,225,288,126,153,292,188,230,453,259,193,455,276,256,299,100,242,147,523,218,271,152,149,149,369,189,123,392,195,134,227,1,218,264,41,206,13,271,379,343,193,305,402,393,55,10,266,242,234,167,259,201,243,55,301,287,176,370,265
"COG1728",41,29,32,0,4,49,11,55,47,11,20,21,0,7,8,31,73,76,0,2,46,12,62,62,12,22,38,99,12,52,8,3,0,106,1,19,27,16,12,23,6,30,0,29,30,121,3,43,42,17,6,13,17,33,5,34,3,75,1,20
"COG1729",3,2,16,7,11,1,13,2,10,14,6,1,20,41,20,17,10,1,19,12,20,11,36,2,9,2,20,3,3,19,16,14,115,10,8,9,16,60,4,8,13,9,12,88,13,4,2,3,0,19,12,6,18,6,23,3,10,5,11,15
"COG1732",31,21,50,45,62,48,16,52,21,47,105,59,65,71,82,83,17,22,199,36,57,62,60,28,23,11,22,22,6,20,133,73,154,5,44,37,66,50,25,52,79,48,71,16,34,20,280,25,26,18,145,27,25,23,321,23,18,19,62,36
"COG1733",250,314,230,299,313,235,309,255,230,282,255,267,197,298,246,238,299,202,267,244,261,258,215,284,200,156,220,228,230,257,284,470,250,269,369,415,321,507,215,217,229,243,228,226,362,422,419,318,348,403,296,238,231,280,449,340,332,384,201,325
"COG1734",96,23,34,19,20,27,55,19,25,28,36,44,28,101,32,55,5,63,29,19,30,22,47,0,34,13,23,35,143,29,56,50,155,26,23,30,48,24,33,32,39,15,21,150,45,13,3,20,7,23,37,26,47,39,37,14,32,45,66,42
"COG1735",6,6,43,7,27,7,13,16,21,14,11,43,15,52,34,19,24,14,20,14,7,9,43,10,8,7,48,7,1,20,58,8,365,16,23,17,8,7,11,13,11,37,14,14,7,20,36,8,13,23,16,28,33,7,34,4,35,18,9,31
"COG1737",344,325,389,306,770,488,322,432,313,206,563,316,184,637,429,316,822,500,931,184,240,371,518,554,314,274,536,416,424,547,575,373,1411,276,262,1074,282,673,248,252,245,539,349,365,211,800,1159,289,377,315,672,351,328,231,1435,284,331,397,246,179
"COG1738",260,137,139,181,164,96,183,115,111,294,163,115,323,197,194,200,94,175,196,254,113,183,79,100,59,269,125,74,224,136,158,150,63,147,219,29,123,15,178,199,196,153,188,265,197,42,21,152,120,155,111,178,143,224,46,184,260,149,206,169
"COG1739",312,280,323,196,316,301,279,345,285,369,290,354,255,238,223,276,302,259,217,331,245,359,250,300,391,284,234,315,334,335,281,254,242,309,258,340,232,340,269,276,270,217,238,240,273,307,389,276,274,230,308,275,347,395,413,330,313,277,267,249
"COG1740",14,67,62,39,28,6,35,48,29,45,37,17,53,13,41,117,8,15,16,37,34,28,102,7,28,30,52,17,162,16,81,37,221,23,29,10,16,93,72,27,45,35,52,5,22,63,404,8,4,15,70,24,35,14,91,9,36,8,60,53
"COG1741",112,348,202,457,127,64,146,125,142,132,164,187,105,261,368,248,22,17,351,49,168,334,187,181,154,36,218,104,74,86,150,308,242,62,296,35,192,45,103,195,383,314,332,16,222,58,10,159,127,393,131,216,122,24,115,98,226,91,200,304
"COG1742",1,2,2,7,2,1,1,1,0,0,0,4,10,17,15,5,0,0,7,3,2,0,7,3,0,2,13,2,2,2,8,1,58,0,5,4,2,15,0,1,18,7,25,1,0,0,2,1,0,0,3,0,0,0,37,1,4,0,7,2
"COG1743",2,14,101,269,69,22,134,0,8,0,75,9,11,293,57,5,180,12,0,77,0,0,50,12,176,12,15,25,4,0,3,36,0,251,5,0,51,3,19,318,63,279,1,33,4,0,0,10,32,0,0,0,13,33,0,44,13,25,8,0
"COG1744",178,130,472,149,751,818,352,504,585,125,303,521,82,155,186,320,730,507,277,95,485,526,454,618,330,305,382,495,165,523,600,282,523,604,262,683,389,527,345,256,146,506,209,235,308,898,318,358,514,281,553,495,704,521,543,341,288,631,310,136
"COG1747",0,0,1,0,0,0,0,0,4,0,0,3,0,0,0,0,0,0,0,0,0,0,62,0,1,0,0,0,0,0,9,0,0,0,0,0,0,2,60,0,0,0,0,5,3,0,0,0,2,0,1,4,24,8,0,0,0,0,0,0
"COG1748",406,482,458,424,426,414,418,410,525,543,389,371,426,313,466,424,463,377,267,572,421,411,354,516,318,457,471,354,599,366,158,450,127,392,383,325,470,306,504,482,400,455,460,302,473,465,351,445,417,466,254,394,347,402,216,508,474,399,399,365
"COG1749",39,41,121,5,10,71,35,134,98,33,52,50,8,24,27,64,134,90,15,11,151,26,133,137,32,64,132,166,22,96,52,18,127,190,5,53,95,195,41,68,16,102,25,120,91,168,4,55,70,56,17,25,55,59,25,198,4,201,4,25
"COG1751",0,0,0,0,5,1,0,1,0,0,2,0,0,1,0,0,8,0,0,0,0,0,0,0,0,0,0,0,0,1,14,2,0,1,0,0,2,0,0,1,0,1,0,0,0,0,19,1,2,0,4,1,3,4,0,1,0,0,1,0
"COG1752",544,975,881,1597,671,555,778,664,866,872,1073,888,728,611,1191,955,244,390,1168,139,826,877,536,579,976,432,848,601,370,519,646,1043,277,515,949,190,1031,290,799,972,1202,1396,1330,282,1030,303,114,971,792,1380,548,805,655,572,302,406,981,620,839,1132
"COG1754",830,536,424,546,251,319,590,377,516,1011,493,425,1244,519,561,584,348,720,380,1233,397,464,238,343,283,957,510,221,912,486,229,442,1,426,534,286,572,51,713,736,605,441,717,765,758,160,408,512,531,536,244,492,453,528,222,640,643,441,765,450
"COG1755",0,3,10,15,0,0,1,2,0,1,0,0,0,1,16,15,0,0,6,0,2,1,0,20,0,0,8,2,0,0,0,16,0,2,48,0,0,1,0,0,8,56,14,0,0,0,1,0,0,51,0,14,0,0,0,1,0,0,6,8
"COG1757",1280,948,1151,897,1118,857,1054,1254,1206,1607,1483,1094,1923,845,1349,1387,1399,1286,1743,911,888,1328,825,1138,861,2083,1051,799,1338,1126,1057,1205,635,951,1178,1352,1087,852,1063,1429,1664,1051,1605,1437,1215,1110,939,1056,1070,945,1027,1066,1312,1319,986,1087,980,1067,1188,968
"COG1758",2,11,14,1,4,18,28,7,6,4,3,11,9,18,12,5,3,11,11,11,7,8,23,1,5,4,8,15,1,4,56,15,74,15,4,65,19,45,4,9,8,11,4,47,10,6,63,3,2,6,29,7,13,12,93,3,5,7,13,4
"COG1760",547,411,603,328,650,516,610,484,539,506,672,585,605,451,428,643,684,550,510,675,517,503,505,573,324,557,529,449,551,572,496,517,634,415,377,801,528,748,515,502,460,434,464,418,595,539,817,453,528,374,633,565,597,588,662,484,447,460,603,395
"COG1762",318,577,568,373,864,730,283,806,289,268,663,423,437,653,426,658,1061,559,1370,260,411,391,677,797,316,456,629,483,1078,422,474,648,2456,468,391,1465,267,1097,369,322,411,733,467,537,342,1154,2709,429,649,472,839,370,483,483,1130,325,367,588,265,262
"COG1763",36,25,57,20,36,67,26,60,42,6,64,16,31,46,55,47,72,41,61,17,45,43,76,134,19,15,86,69,25,48,47,41,189,27,23,76,31,71,28,42,23,46,49,14,14,46,60,26,32,19,53,50,37,29,50,20,47,41,24,32
"COG1764",0,1,5,2,0,0,0,0,0,1,1,0,6,37,11,4,1,6,5,4,0,0,29,0,1,0,19,0,0,0,6,8,75,0,4,12,2,2,0,2,1,6,4,3,0,1,1,3,0,2,5,3,2,0,10,0,4,0,2,6
"COG1765",12,7,20,8,8,15,26,8,9,10,13,10,7,51,34,32,2,0,15,10,20,12,34,2,10,4,16,4,0,1,41,32,122,0,15,46,6,8,9,20,20,11,10,8,22,7,68,6,4,22,12,16,14,4,79,4,21,7,28,17
"COG1766",46,35,32,17,44,125,22,72,38,14,55,37,17,10,14,51,59,82,87,15,77,23,173,56,18,29,153,214,19,122,57,42,258,138,28,50,88,267,29,62,23,90,16,219,23,213,35,79,67,43,30,29,93,41,63,128,22,133,16,47
"COG1767",25,15,55,20,46,14,23,30,18,13,84,36,29,100,80,66,20,14,140,28,15,76,63,115,17,15,47,15,22,39,56,42,157,26,35,221,60,73,6,55,53,31,31,15,37,33,68,27,26,19,73,22,42,12,34,39,49,18,42,25
"COG1768",25,27,59,30,166,165,83,82,89,19,48,142,13,36,14,29,68,66,34,13,87,44,66,62,192,58,59,120,26,100,230,57,22,93,73,77,73,32,100,39,23,78,11,69,44,44,38,58,86,22,188,77,144,102,40,80,87,78,85,30
"COG1770",3,3,25,6,3,2,69,3,2,2,0,0,12,97,15,12,2,2,31,25,4,1,67,7,3,16,47,0,2,0,25,15,211,2,7,172,3,8,4,4,8,13,10,3,1,8,246,2,0,8,36,9,6,3,167,0,15,0,42,14
"COG1773",101,52,91,73,150,95,105,144,96,90,189,105,78,181,92,116,116,73,141,107,85,99,135,114,88,53,143,79,61,128,159,116,242,66,59,97,103,87,98,89,100,89,86,52,132,73,84,103,138,70,163,134,114,95,44,95,141,127,86,89
"COG1774",353,375,393,305,435,472,382,355,521,413,403,478,371,311,339,462,511,555,253,579,393,362,333,488,572,332,423,392,318,406,518,325,159,468,381,398,313,263,332,404,358,288,454,276,511,451,457,441,423,271,465,342,408,476,204,496,396,475,415,209
"COG1775",56,66,194,93,247,125,185,187,219,55,108,238,71,266,204,194,388,149,154,76,111,145,128,148,146,111,169,177,53,320,458,151,364,147,69,207,161,353,61,110,129,164,74,90,136,316,142,104,294,101,349,122,226,128,80,140,65,137,212,84
"COG1776",26,50,152,20,35,137,39,126,95,33,60,76,6,18,32,79,149,117,106,9,137,22,117,130,61,113,75,224,29,109,36,36,128,187,28,41,74,342,63,80,46,121,14,77,78,248,16,118,140,86,39,23,65,87,36,194,9,199,19,37
"COG1778",252,157,196,266,123,91,181,166,124,244,183,145,202,215,170,254,93,112,172,292,137,244,111,109,165,189,101,140,239,496,103,253,153,113,315,26,222,67,172,268,241,110,132,278,249,83,219,192,159,128,128,228,132,200,151,233,223,176,254,333
"COG1780",1,1,11,3,2,0,3,8,0,1,3,2,4,26,25,9,17,29,12,11,1,7,14,3,2,5,17,3,0,1,12,2,57,0,2,89,2,80,4,5,3,5,19,9,5,9,56,0,4,3,12,2,4,5,116,3,8,0,7,4
"COG1781",216,202,187,165,216,212,263,224,221,244,170,199,236,193,195,179,216,158,156,266,211,256,177,210,134,287,183,250,149,235,204,180,169,253,203,193,138,50,197,256,231,127,157,277,206,221,134,195,191,160,135,213,228,282,154,219,274,231,178,204
"COG1782",0,0,0,0,0,35,8,2,13,3,0,0,0,0,0,0,0,5,0,0,31,0,0,0,14,19,2,42,0,0,44,0,0,7,0,0,0,4,1,2,0,5,0,19,0,0,7,2,1,16,0,2,59,5,0,0,1,0,0,0
"COG1783",35,73,90,365,129,184,211,149,219,42,147,158,184,232,308,217,30,77,552,28,145,1413,72,171,100,62,460,191,9,136,202,135,12,187,98,55,246,294,238,93,184,144,62,84,141,215,221,118,76,206,1081,328,255,191,86,123,119,138,71,128
"COG1785",283,486,541,546,444,228,542,262,416,330,548,468,246,539,550,480,146,50,382,252,382,481,325,420,343,70,404,270,198,190,235,511,216,288,758,119,438,58,385,444,563,564,588,266,637,158,77,497,532,527,333,539,356,146,139,237,673,310,413,547
"COG1786",0,0,2,3,3,1,40,2,1,8,2,11,0,0,0,1,0,2,5,0,2,0,1,1,9,0,0,4,0,6,9,1,37,1,3,0,1,0,1,1,2,4,0,3,1,0,0,1,1,4,24,0,2,2,0,1,1,0,4,3
"COG1787",7,4,17,1,9,4,11,7,15,1,1,14,0,12,0,10,45,7,29,0,10,5,34,4,16,6,3,21,1,10,18,2,0,8,0,9,25,0,5,4,0,10,4,4,15,14,0,19,4,6,15,26,7,16,0,28,3,42,2,2
"COG1788",30,16,45,29,31,30,80,43,21,21,94,66,39,59,61,62,16,17,79,19,17,41,88,13,37,10,39,34,3,53,87,52,140,17,14,20,82,13,24,31,67,48,26,10,50,22,26,27,25,11,65,32,79,23,28,18,22,35,62,22
"COG1791",0,0,0,0,0,0,0,0,0,0,0,0,0,25,0,0,0,0,0,0,0,0,7,0,0,0,0,0,0,0,0,0,0,0,0,5,0,0,0,0,0,0,0,2,0,0,0,0,0,0,5,0,0,0,0,0,0,0,0,0
"COG1792",514,385,378,338,402,449,458,500,407,587,382,426,628,367,326,384,419,461,283,551,354,466,364,389,561,599,326,448,398,485,390,315,196,462,389,329,381,396,507,496,406,349,350,541,434,351,216,342,417,310,432,376,527,572,447,459,488,471,352,312
"COG1793",6,1,5,132,10,12,32,6,13,61,7,10,1,11,3,29,2,6,67,22,11,4,2,8,1,2,12,28,4,82,56,12,85,7,11,1,32,8,4,6,12,18,34,4,9,8,2,10,4,17,10,6,2,25,7,13,16,112,7,32
"COG1794",12,29,82,28,33,49,68,33,49,15,52,66,65,142,60,47,22,47,116,28,82,62,57,15,51,15,40,39,13,66,44,141,312,43,24,104,58,85,21,41,67,43,68,28,42,27,17,21,34,30,164,44,69,42,296,90,23,11,67,44
"COG1797",240,251,470,176,457,384,286,270,227,354,341,264,145,313,247,324,366,224,209,75,319,300,274,298,204,168,235,257,255,182,236,261,68,322,250,318,282,143,232,207,268,344,223,143,276,453,540,282,361,197,281,356,299,161,264,132,368,280,170,240
"COG1799",72,98,125,45,194,215,98,194,118,53,136,170,30,72,68,84,196,112,109,31,130,80,121,142,137,81,89,235,85,178,230,81,53,153,91,225,93,177,102,77,48,116,32,86,68,174,298,119,141,55,159,117,169,184,340,92,85,175,104,50
"COG1801",2,3,21,2,1,1,9,13,9,5,8,0,12,57,24,1,7,0,13,10,17,12,24,4,3,0,26,0,0,0,19,15,96,7,5,5,1,66,1,9,2,9,6,3,7,0,1,1,0,6,12,4,15,2,51,0,4,0,15,13
"COG1802",299,319,487,250,667,328,279,623,389,178,384,346,155,337,293,489,783,443,827,136,466,448,545,811,292,284,486,475,407,431,401,285,1312,473,360,754,350,869,294,280,237,537,404,319,287,859,954,288,481,471,454,361,357,263,379,413,397,470,241,223
"COG1803",174,251,302,302,239,190,183,207,259,100,198,232,102,143,259,219,145,90,160,34,229,392,154,262,151,93,210,271,127,180,227,238,201,228,327,215,215,147,196,233,248,253,245,103,239,291,197,218,288,268,238,288,272,201,219,170,338,272,208,289
"COG1804",50,35,144,74,202,117,57,78,145,37,140,107,81,93,106,156,83,49,317,136,55,176,143,70,99,46,125,150,17,222,287,97,765,61,59,263,117,41,58,75,67,138,77,31,145,144,590,99,161,88,338,109,88,51,320,76,159,172,181,99
"COG1805",227,192,122,207,109,95,229,113,194,285,229,197,422,147,249,195,50,142,131,334,161,229,113,96,138,205,196,78,215,123,98,210,0,135,305,30,198,22,265,309,304,91,381,303,334,72,4,168,117,173,129,209,181,199,36,304,253,178,208,184
"COG1806",12,4,35,13,16,7,41,14,27,12,18,11,14,62,31,21,12,15,31,14,13,14,29,4,38,24,30,13,6,17,17,25,99,24,12,96,10,234,11,19,25,13,8,26,8,8,12,4,5,31,116,18,51,31,239,11,16,4,26,16
"COG1807",556,417,456,508,270,145,412,293,399,414,425,322,584,290,687,540,128,424,404,81,312,638,188,209,291,432,246,220,906,282,177,376,200,152,551,17,360,318,539,427,542,576,534,395,477,182,634,357,334,457,340,495,439,307,316,175,395,288,571,386
"COG1808",227,390,394,299,183,164,360,181,261,320,305,269,131,335,321,291,62,31,286,52,248,330,134,174,216,49,187,180,204,168,153,298,1,211,387,153,278,63,181,275,358,226,343,63,437,88,214,379,256,316,173,358,235,81,143,93,377,234,339,272
"COG1811",45,84,84,41,295,115,54,78,44,38,71,82,40,154,64,106,116,57,212,139,37,117,79,37,45,57,102,87,108,119,115,55,222,47,95,169,47,189,37,65,77,76,82,45,52,101,189,45,42,43,258,63,89,70,254,104,86,79,88,43
"COG1814",8,18,52,62,18,9,20,28,19,12,26,30,13,8,90,97,5,4,73,18,48,16,42,52,14,3,32,27,3,10,20,100,0,8,36,5,80,8,5,42,92,142,91,3,32,7,3,19,8,143,10,31,8,2,77,16,21,28,40,85
"COG1815",19,21,49,9,9,46,13,49,35,7,15,22,9,5,21,30,33,37,47,6,27,19,73,49,13,28,60,80,10,44,37,21,98,80,12,33,28,102,23,21,7,29,15,82,24,53,8,29,57,42,13,14,32,40,39,59,15,78,2,30
"COG1816",51,62,72,23,70,52,31,69,74,92,64,44,15,70,50,77,209,76,37,33,61,79,58,148,188,52,101,96,21,54,62,42,142,102,18,203,51,140,19,52,49,114,23,25,35,250,50,27,54,36,37,35,65,40,259,73,23,63,25,23
"COG1817",63,69,93,0,39,10,29,0,4,12,0,27,0,32,0,42,4,1,0,0,10,129,1,17,13,1,0,30,30,8,21,0,0,18,62,0,0,0,5,16,0,0,0,5,29,0,0,0,20,0,41,151,12,4,0,6,106,2,1,131
"COG1819",97,284,162,364,173,135,199,94,149,195,193,151,152,364,330,215,55,74,238,378,143,169,149,155,101,27,213,85,64,155,145,216,20,205,273,26,169,23,110,144,278,230,263,90,156,109,22,192,110,373,101,146,74,59,86,163,291,121,171,178
"COG1820",411,628,654,793,766,616,801,454,468,420,680,453,385,667,744,703,548,246,679,489,546,815,459,670,286,242,795,470,387,443,409,573,621,627,852,669,418,527,397,418,824,596,745,427,601,645,506,508,540,668,595,713,443,330,685,416,782,474,566,707
"COG1823",12,31,38,13,4,2,30,38,7,17,46,2,57,86,13,90,28,28,28,24,3,8,61,13,3,19,45,1,74,4,24,71,191,3,6,79,6,104,20,10,11,26,14,9,26,42,175,2,2,20,59,2,8,5,235,6,22,8,5,17
"COG1825",288,268,212,188,148,162,228,156,193,332,224,223,344,231,211,232,218,160,122,277,165,282,181,179,178,236,184,165,213,229,70,192,37,141,231,153,156,66,233,185,240,198,190,187,228,125,103,183,151,229,99,191,148,194,142,199,242,153,180,196
"COG1826",8,23,25,12,123,6,24,36,20,18,10,0,26,91,47,30,17,19,33,34,15,15,77,2,14,6,52,9,39,17,43,51,275,39,10,34,7,88,17,18,14,15,22,19,10,14,98,7,2,15,14,12,24,7,43,5,38,12,28,31
"COG1827",69,46,94,31,146,98,93,138,114,33,80,91,20,57,47,70,218,107,61,15,108,74,70,164,64,82,131,80,99,80,82,82,62,116,32,168,75,243,55,62,31,119,40,54,60,226,195,77,115,47,98,79,107,128,74,88,49,127,48,33
"COG1830",174,467,318,607,177,112,195,149,252,164,182,223,203,238,507,378,50,16,342,69,315,431,210,293,194,46,381,118,210,92,229,331,261,117,290,27,296,43,117,276,361,179,561,44,299,110,13,144,99,414,178,226,174,47,156,154,405,108,218,314
"COG1832",3,1,7,6,1,0,1,0,1,1,3,1,4,23,5,6,4,16,14,15,3,1,19,7,3,6,8,2,3,2,10,3,53,0,3,12,4,22,1,3,5,8,9,2,1,1,4,0,1,7,2,2,1,2,42,3,5,2,3,3
"COG1834",7,38,19,28,10,20,14,13,38,5,33,18,19,28,32,13,5,20,15,2,35,34,10,22,16,10,21,24,11,4,56,142,0,9,15,0,12,125,6,18,25,6,31,5,36,10,2,16,15,21,37,15,22,13,40,26,16,19,14,27
"COG1835",372,340,413,257,253,352,550,232,329,412,515,491,158,352,435,413,155,190,372,254,276,412,533,295,311,87,269,353,388,274,210,454,176,253,821,395,416,312,539,343,480,616,357,347,411,84,264,539,573,343,406,474,268,230,475,116,487,429,471,673
"COG1837",18,30,65,18,91,119,75,117,79,24,60,78,14,25,32,38,89,79,41,18,65,47,64,114,163,49,68,127,47,78,130,43,21,89,50,91,40,114,57,44,25,61,15,46,36,103,126,48,74,30,104,47,100,109,60,75,42,104,59,23
"COG1838",549,611,467,407,362,437,488,478,512,787,450,374,1005,569,544,649,534,491,346,890,417,417,386,591,258,761,524,326,535,443,333,335,495,509,407,343,350,474,592,594,483,373,517,554,477,433,227,438,349,437,329,358,424,486,380,413,566,491,523,353
"COG1840",99,136,95,114,148,307,104,225,173,110,242,222,126,347,210,257,118,122,592,89,155,295,180,191,110,137,139,267,202,273,189,210,406,185,165,264,182,398,113,159,196,144,192,105,161,209,723,96,153,227,279,161,187,180,151,135,156,160,179,51
"COG1841",29,23,34,16,36,65,43,59,37,31,46,45,17,35,34,51,67,43,43,19,42,34,44,32,24,26,25,66,27,72,92,24,57,43,20,67,41,99,24,29,26,27,20,56,42,42,88,40,33,20,90,15,55,55,104,47,12,65,48,16
"COG1842",4,28,82,8,8,31,17,79,36,16,22,104,22,63,46,31,65,59,25,19,85,39,89,74,12,12,68,53,23,45,45,27,251,78,17,53,37,99,20,19,15,49,17,32,25,64,4,21,33,61,11,16,52,84,51,55,33,69,8,23
"COG1843",3,20,41,8,11,63,26,64,62,17,19,28,12,16,21,32,69,51,6,18,82,25,87,69,24,24,57,116,12,57,33,18,120,93,9,30,40,170,25,43,16,55,11,124,30,115,2,46,63,48,22,14,46,36,31,107,20,91,10,25
"COG1845",5,0,8,3,4,3,0,0,0,3,2,0,17,42,11,11,0,0,9,18,1,0,38,3,0,0,20,0,0,0,19,15,134,0,2,12,1,4,2,2,7,10,8,4,1,2,1,1,1,7,12,2,1,0,23,0,14,1,4,7
"COG1846",501,723,626,549,689,599,565,572,522,325,576,587,237,720,608,612,949,609,742,322,578,699,576,816,509,413,560,776,433,552,513,549,688,577,437,828,517,809,372,403,464,464,357,305,364,761,735,484,575,534,539,391,414,336,690,445,571,512,290,465
"COG1847",100,105,198,75,279,308,144,223,173,82,168,208,45,141,106,150,372,213,104,57,164,113,165,233,294,169,173,335,135,236,290,153,110,260,48,391,147,315,172,99,69,166,64,135,139,410,553,142,213,99,308,107,282,237,267,153,102,241,120,60
"COG1850",1,1,1,7,0,35,13,6,11,13,7,9,2,1,4,2,12,13,55,1,0,2,0,0,22,32,6,1,5,2,1,3,55,1,10,11,1,51,0,15,2,16,4,17,0,0,2,0,4,39,4,3,43,16,45,1,2,7,5,0
"COG1852",17,14,13,33,13,14,20,19,4,16,31,12,26,17,42,41,4,8,41,11,9,18,5,5,4,1,5,3,42,7,17,21,0,7,34,11,13,38,18,11,18,15,22,0,13,9,92,7,4,2,54,17,9,1,150,8,23,3,54,4
"COG1853",503,568,423,488,441,600,548,511,521,658,471,579,475,619,633,474,631,507,431,351,480,451,501,494,578,496,644,629,460,601,466,451,317,642,480,442,536,384,716,540,505,346,534,531,480,504,266,446,420,522,473,302,568,672,314,492,648,587,439,389
"COG1854",265,161,190,73,177,201,196,197,161,197,140,138,201,188,90,149,292,282,68,192,115,209,176,235,113,291,147,200,189,214,110,108,190,216,192,211,131,230,230,187,122,114,103,261,152,210,141,184,198,83,133,201,175,233,239,159,194,222,146,129
"COG1857",19,0,69,2,12,71,5,10,14,12,31,4,0,1,0,22,51,27,0,0,91,2,5,16,5,3,1,21,4,53,12,10,0,9,1,25,10,172,8,2,7,25,3,13,5,36,1,2,2,0,8,0,6,7,3,59,2,38,13,3
"COG1858",37,50,145,138,47,85,230,46,95,186,142,53,83,223,106,193,35,26,88,67,131,56,146,93,56,18,139,39,22,69,143,131,255,221,120,12,88,79,105,117,152,212,178,31,121,11,2,84,57,161,64,72,79,42,88,32,141,60,148,130
"COG1859",18,9,17,6,7,11,15,16,8,6,8,7,5,21,28,13,21,10,29,6,32,23,50,15,3,2,30,145,3,11,29,8,169,28,12,1,12,53,5,9,8,40,10,10,16,32,11,17,45,33,17,11,14,7,79,49,13,21,2,19
"COG1861",27,48,27,73,50,14,5,14,101,9,39,44,6,61,25,34,1,2,14,5,58,30,30,4,78,1,0,25,7,5,24,68,1,13,23,0,107,0,6,15,82,59,6,1,75,65,1,92,65,83,31,59,13,14,0,18,55,25,67,117
"COG1862",140,237,165,159,145,111,210,144,135,225,130,181,191,149,175,155,93,120,109,151,123,202,101,128,128,184,133,142,150,156,111,159,95,126,213,70,145,116,217,138,207,172,113,174,150,99,128,183,181,239,154,144,157,196,118,144,270,130,112,192
"COG1863",12,1,10,4,21,10,9,14,9,4,17,19,5,7,6,22,7,1,26,9,11,11,11,2,11,4,2,6,0,12,22,16,24,7,16,5,19,1,4,17,4,4,3,3,11,1,1,3,5,13,9,11,17,8,12,8,10,10,19,9
"COG1864",615,257,240,363,157,230,431,274,303,472,313,339,463,214,215,277,90,387,246,467,183,317,196,103,279,321,160,226,532,302,111,322,0,286,419,25,337,23,296,349,302,267,192,368,413,65,6,372,340,338,173,449,234,354,60,356,343,179,430,371
"COG1865",3,10,32,21,25,5,3,26,6,10,24,10,10,12,27,27,38,12,91,23,18,22,3,4,22,16,7,7,1,26,28,24,0,1,14,8,23,37,6,6,32,29,8,19,15,24,10,14,8,3,4,11,31,13,42,38,19,10,20,14
"COG1866",830,744,575,495,597,701,621,716,709,914,593,643,1202,659,687,701,814,854,387,888,721,641,581,816,486,1014,746,660,902,680,540,512,366,741,756,649,669,594,775,806,656,527,656,871,737,677,456,535,498,599,527,665,648,839,518,701,782,792,657,548
"COG1868",40,55,80,10,20,91,29,94,66,29,45,51,5,28,29,55,94,71,74,17,110,28,125,135,37,59,92,191,20,98,39,18,179,105,23,52,74,298,31,33,26,59,8,123,54,107,11,58,87,75,24,24,56,47,23,154,21,135,10,31
"COG1869",6,15,32,18,24,20,7,16,13,12,30,11,27,51,31,51,33,16,118,26,12,34,35,7,8,17,20,15,10,23,22,26,178,7,24,39,20,35,7,14,34,29,30,71,23,23,14,2,3,57,32,17,31,10,200,13,26,11,12,18
"COG1871",21,26,48,9,12,55,11,36,50,11,13,32,2,15,12,22,47,46,30,7,38,23,57,67,17,17,28,99,10,33,22,12,21,104,8,26,31,137,19,37,6,28,8,27,26,67,6,31,46,33,9,18,33,23,9,76,2,76,5,18
"COG1872",1,2,14,0,1,1,7,0,14,6,2,0,10,31,16,11,2,3,6,4,5,0,34,0,0,0,17,0,0,3,20,7,60,0,2,3,6,32,15,1,3,4,8,3,3,1,0,0,2,7,9,8,9,0,14,0,7,2,4,4
"COG1873",24,21,53,16,92,79,60,57,77,6,25,61,2,21,15,29,79,50,14,4,65,17,57,83,108,48,64,118,17,89,157,21,35,80,39,89,37,77,63,21,9,58,11,48,15,99,42,54,69,18,69,53,63,95,25,32,30,78,21,33
"COG1874",847,1423,1065,1964,741,791,1473,911,1014,1057,1278,1009,1023,1864,2566,1159,1083,960,1382,470,1237,1244,960,1092,849,1358,1288,770,795,680,848,1206,186,1774,1180,1532,1630,867,963,958,1420,1621,2029,600,1230,1376,1358,1246,1222,1455,1108,966,673,753,1467,759,898,911,1057,1376
"COG1875",84,126,203,301,112,73,119,101,184,50,235,155,83,106,200,210,43,36,244,32,191,185,83,72,374,15,90,153,40,97,92,338,64,112,262,18,238,134,132,142,297,275,190,35,144,52,17,231,209,189,149,199,100,44,89,73,158,87,214,272
"COG1876",36,57,166,56,324,224,190,161,251,42,78,223,27,84,62,60,314,294,63,18,296,33,273,315,376,83,134,454,69,234,268,64,129,255,93,230,134,127,146,144,65,120,28,182,82,204,111,204,189,66,236,111,271,272,68,216,140,313,112,26
"COG1877",94,395,166,322,76,36,114,34,213,129,179,146,169,143,300,228,27,13,169,25,195,257,181,174,154,9,151,82,74,81,90,265,147,63,197,27,108,66,118,204,267,58,338,15,171,63,6,182,128,235,80,217,106,29,133,132,230,56,117,389
"COG1878",25,31,101,25,56,37,76,67,72,35,71,96,43,35,74,58,117,72,88,23,95,72,37,130,48,29,47,71,16,88,197,72,111,45,43,82,54,177,66,43,57,99,44,46,44,132,84,43,69,47,194,34,122,41,53,77,50,40,73,31
"COG1879",2111,1099,1105,1120,1601,1682,892,1408,1207,1242,1007,1095,1448,1592,1270,1542,2184,1450,1697,1971,1120,1266,1476,1613,722,1354,1387,1206,1784,1445,1292,1327,3122,1173,1227,1364,1149,1206,1128,1468,1390,1730,1466,1749,1006,2089,1249,1096,1133,1631,1180,1039,1125,1632,1367,1210,1328,1518,1036,1213
"COG1881",0,12,15,2,8,4,35,6,15,21,27,8,15,124,16,33,9,2,51,11,11,2,30,3,3,3,32,7,2,23,37,40,95,13,11,134,24,92,5,15,20,12,5,4,16,7,134,5,2,12,18,14,13,7,169,5,11,3,19,15
"COG1882",1081,1400,1336,1086,1456,1308,1034,1159,1243,1383,1462,1263,1215,1444,1467,1678,1548,1042,1168,1469,1154,1251,1314,1628,1511,1130,1664,1126,1278,974,1565,1442,1876,1177,1480,1257,972,1323,1035,1309,1502,1315,1744,891,1097,1487,2115,1095,974,1693,1494,1244,1154,1016,1092,1143,1255,1126,1311,1001
"COG1883",570,677,838,851,858,793,918,738,793,799,882,792,527,667,683,667,592,417,804,549,777,936,705,584,663,586,733,751,473,721,681,823,181,734,1073,376,846,328,762,803,921,885,815,568,884,556,378,841,947,699,780,952,995,689,278,579,962,756,918,875
"COG1884",638,1022,846,766,644,552,943,537,694,776,1026,815,565,729,822,1024,131,94,709,308,702,945,537,424,508,158,615,446,690,445,378,906,224,592,840,65,822,240,746,680,1125,656,1087,214,1095,288,1270,980,715,776,498,1122,736,271,587,385,1000,610,1103,1011
"COG1886",24,20,91,16,16,31,12,65,50,17,21,43,18,8,25,37,53,46,113,19,71,11,81,37,22,48,86,80,13,50,44,23,385,78,20,48,41,252,23,56,29,72,30,75,23,104,9,26,60,83,20,14,38,40,73,82,35,63,7,47
"COG1887",153,85,372,262,482,377,183,386,678,548,312,382,535,220,56,171,794,740,235,511,523,187,297,263,393,610,142,341,472,507,754,380,51,344,293,652,476,77,557,353,165,426,137,538,241,510,340,559,603,349,248,306,834,239,276,843,227,543,237,253
"COG1892",2,0,23,0,0,0,1,0,1,0,0,0,0,0,0,0,4,0,0,0,0,0,0,0,0,3,0,0,4,0,0,0,0,1,0,13,0,0,0,0,0,0,0,1,0,3,0,0,0,0,0,0,0,1,0,0,0,0,0,0
"COG1893",196,472,496,316,477,389,416,309,472,340,338,351,220,386,406,398,437,175,397,114,388,474,330,611,414,182,529,418,263,273,264,396,202,372,442,429,447,470,344,357,406,403,430,134,430,366,521,411,450,347,488,469,382,299,271,283,509,327,317,341
"COG1894",222,226,353,406,344,493,316,349,423,247,431,401,196,299,356,378,514,183,644,75,379,416,337,307,203,138,222,467,219,500,696,440,461,335,218,410,415,473,283,316,295,214,357,156,442,570,576,241,443,357,695,242,477,192,205,300,209,330,311,238
"COG1895",300,89,43,265,71,30,70,58,71,26,59,74,93,43,176,134,83,136,81,180,150,162,71,108,38,143,54,85,114,107,98,175,20,65,130,34,96,25,144,44,128,53,141,174,135,70,19,110,118,154,54,64,62,54,80,191,93,92,42,232
"COG1896",70,82,199,59,252,326,150,230,220,67,150,300,48,130,142,143,296,168,117,66,231,126,171,248,282,171,169,235,28,233,383,131,486,244,87,364,185,288,149,122,77,269,75,161,130,253,91,148,270,131,251,111,276,313,341,173,92,279,158,101
"COG1897",390,271,332,316,310,332,416,411,319,427,340,316,396,391,273,313,404,348,244,526,337,291,297,364,226,467,334,369,463,418,261,308,253,395,328,408,348,634,390,396,257,422,301,485,327,377,549,366,407,265,429,313,343,417,447,395,356,347,359,308
"COG1898",540,554,429,818,439,419,533,474,400,435,492,354,498,409,586,390,297,668,419,572,359,481,410,339,588,560,314,406,271,608,348,655,155,370,688,233,664,440,637,647,520,927,649,369,516,324,211,548,419,726,475,474,501,538,355,455,571,420,508,683
"COG1899",0,3,0,0,2,6,4,5,1,6,1,1,1,0,0,12,0,2,0,0,8,0,0,0,5,0,0,2,0,1,18,0,0,1,0,0,0,0,2,1,13,0,0,11,2,0,0,0,0,0,2,3,4,3,0,6,2,0,12,3
"COG1900",1,4,4,0,4,4,15,1,9,4,1,7,4,4,0,17,0,3,0,0,6,0,4,0,5,0,0,4,0,11,26,7,0,7,1,1,5,0,7,11,10,9,2,1,2,0,3,6,2,0,6,6,6,6,0,3,1,11,3,2
"COG1902",379,407,663,411,943,605,711,472,916,345,812,572,255,952,571,627,1125,419,592,216,447,610,584,766,493,337,596,590,236,633,1103,564,973,429,478,970,591,614,426,555,465,440,488,285,513,730,518,543,825,387,1103,671,638,356,700,252,595,420,645,469
"COG1903",232,409,467,192,486,282,179,265,238,144,340,358,115,264,309,366,301,168,359,54,392,463,360,401,245,149,390,284,221,205,190,322,66,234,332,297,283,146,289,250,387,356,320,102,223,360,483,301,357,287,315,477,269,120,232,207,316,213,186,464
"COG1904",533,480,468,517,878,391,359,357,360,613,463,422,712,408,475,439,444,401,361,553,436,522,396,439,276,568,444,373,425,455,285,401,266,463,487,374,439,285,541,526,524,415,431,337,450,348,153,446,491,498,550,540,423,383,206,519,539,413,448,534
"COG1905",111,107,93,174,130,90,110,86,155,89,125,168,75,118,178,116,107,40,274,22,86,154,92,68,83,29,119,116,73,156,259,174,262,55,131,106,109,69,102,89,132,121,154,50,97,128,104,82,132,138,271,62,169,74,77,74,107,82,86,115
"COG1906",3,23,21,23,45,9,22,21,16,17,31,13,30,20,39,62,15,7,147,29,17,89,8,7,24,9,4,17,9,30,12,29,84,22,30,4,30,70,8,15,60,29,43,6,23,43,71,17,30,21,21,33,26,9,5,13,52,9,30,15
"COG1908",21,20,12,4,25,33,9,16,7,5,41,20,19,31,48,33,25,4,50,2,7,25,14,22,31,4,0,28,4,14,43,18,0,16,5,27,30,22,13,12,25,28,47,2,33,9,4,12,12,9,11,14,12,11,41,17,3,10,22,28
"COG1910",6,9,26,11,35,18,18,8,20,13,8,16,11,11,4,26,90,14,1,6,28,8,23,19,11,12,7,15,11,107,63,16,0,11,8,24,23,0,11,5,21,27,33,11,13,35,18,4,10,18,17,20,15,15,9,11,2,11,7,4
"COG1912",1,0,8,4,7,0,2,2,3,0,2,6,2,5,11,5,2,9,20,20,1,1,0,4,0,2,1,4,6,0,41,2,22,0,1,15,0,8,0,2,4,2,4,1,0,8,4,0,0,4,2,0,2,7,70,1,10,1,3,18
"COG1913",97,1,0,0,1,1,0,0,0,1,0,0,0,4,0,3,1,134,0,39,1,1,0,0,0,137,0,0,161,3,0,0,1,4,31,0,5,0,78,0,1,0,0,2,3,1,0,4,0,0,0,0,46,0,0,13,0,5,12,29
"COG1914",155,339,307,356,204,175,354,209,259,273,254,228,147,349,304,313,172,171,292,125,189,306,185,180,165,84,251,113,225,148,132,275,302,182,277,362,291,364,151,219,355,314,313,63,312,230,587,341,294,276,286,275,161,74,651,124,291,176,354,335
"COG1915",4,5,10,10,24,12,36,16,9,5,17,23,3,7,53,4,14,8,43,5,9,27,8,6,12,2,18,8,4,10,77,15,57,7,23,19,24,0,17,19,4,17,6,3,9,6,10,9,20,16,57,18,46,8,10,7,11,12,24,7
"COG1917",285,411,500,396,340,318,440,366,398,291,391,445,353,368,441,444,255,263,410,292,387,604,391,505,332,465,315,483,247,338,286,540,43,334,499,236,485,373,476,427,633,383,352,268,494,364,273,589,480,551,423,629,500,329,360,332,661,415,487,513
"COG1918",764,453,719,233,545,802,673,711,612,831,820,612,713,569,750,466,945,745,118,1090,484,698,537,505,399,872,389,632,591,697,533,490,191,793,645,541,594,558,746,660,482,522,361,927,789,801,333,576,708,188,674,758,700,758,280,720,670,759,718,382
"COG1921",39,21,31,24,29,34,35,16,31,8,86,33,43,171,70,81,79,40,186,34,22,42,103,42,29,30,75,25,16,20,100,61,355,19,27,137,23,52,18,38,67,34,103,20,72,26,21,21,24,55,88,29,40,8,45,7,27,16,32,25
"COG1922",121,370,149,408,148,125,203,251,246,173,127,232,159,204,498,326,68,361,295,345,184,302,229,162,310,57,205,179,330,174,147,225,182,165,207,184,169,199,405,210,277,139,515,259,239,241,241,252,189,373,193,229,205,292,365,189,409,209,205,228
"COG1923",8,20,21,13,26,31,35,20,32,15,4,24,12,32,27,17,5,9,22,8,23,11,28,7,20,12,11,51,32,50,36,17,69,20,15,13,25,20,10,11,9,8,4,106,8,14,29,14,20,8,23,11,39,8,19,18,9,15,26,8
"COG1924",333,438,692,241,906,1064,542,1126,789,534,725,996,888,508,355,700,1459,1033,466,224,820,486,836,1657,1125,1803,758,950,527,898,1084,449,485,991,282,1180,880,1690,1040,645,298,844,316,688,527,1588,1572,727,811,417,877,522,961,955,593,890,448,829,502,284
"COG1925",130,128,196,69,387,254,128,289,209,73,151,194,121,289,167,207,362,212,198,98,203,141,434,277,122,164,370,358,137,210,256,168,1219,278,156,393,181,355,150,157,92,245,124,169,125,427,314,181,242,120,240,142,225,217,405,191,163,275,119,157
"COG1928",9,11,47,0,68,164,44,81,101,4,17,128,3,6,2,15,17,34,2,1,68,7,138,21,68,40,68,125,6,136,193,40,0,108,13,2,26,4,54,46,3,43,1,30,28,21,4,76,38,2,54,16,55,76,1,18,15,144,40,12
"COG1929",312,229,299,204,186,237,233,304,249,249,285,235,293,293,228,298,331,243,289,472,239,378,278,218,155,398,252,199,290,245,202,287,469,266,277,377,291,255,292,281,275,271,234,212,266,344,499,362,366,173,421,355,236,196,406,225,180,263,252,332
"COG1930",0,0,2,1,7,1,0,3,1,1,0,0,1,7,1,2,0,0,0,0,2,2,3,2,1,1,0,2,0,3,7,2,0,0,2,0,1,0,0,2,2,3,3,1,0,4,0,5,4,3,5,1,1,0,0,0,0,9,0,3
"COG1932",334,446,452,351,507,444,483,530,489,414,358,493,433,376,368,421,459,400,222,512,379,440,412,394,318,509,384,522,324,490,417,389,283,508,460,405,388,450,450,440,390,349,302,389,460,466,692,401,454,333,540,432,519,521,258,566,472,507,438,366
"COG1934",3,6,23,4,10,1,9,2,18,10,7,0,22,50,24,15,3,6,15,13,12,10,26,1,12,3,27,5,0,5,19,23,120,15,7,12,10,59,3,16,6,6,7,87,1,1,0,0,2,11,10,9,14,3,25,4,8,0,15,11
"COG1937",76,82,87,29,137,154,73,128,114,37,109,127,44,104,58,104,211,134,73,34,98,81,140,185,132,83,100,170,120,141,152,85,195,147,43,225,84,105,82,62,43,118,68,90,63,218,251,88,139,64,187,76,167,143,226,60,65,100,87,48
"COG1939",65,62,121,39,149,234,72,158,144,52,111,163,25,58,56,80,169,126,72,31,133,85,131,188,238,88,99,186,68,148,182,74,51,153,57,208,102,276,98,84,42,119,52,75,90,218,177,103,130,58,161,64,191,158,267,139,71,185,96,30
"COG1940",1920,1061,1598,1532,1504,1496,1682,1142,1138,1157,1433,1348,1215,1428,1206,1222,1213,1821,1658,889,1262,1391,1474,1167,1346,1155,1191,1308,1554,1220,1190,1554,1679,1162,1284,2269,1306,1447,1616,1191,1332,1456,1074,1356,1464,1194,2393,1465,1515,1232,1402,1466,1131,1285,1877,916,1418,1384,1516,1498
"COG1941",0,0,0,0,0,4,0,0,0,0,0,0,0,0,0,0,1,2,0,0,0,0,0,0,0,0,0,0,0,0,53,0,0,0,0,0,0,0,0,0,0,0,0,0,0,0,0,0,0,0,0,0,0,3,0,1,0,0,0,0
"COG1942",5,4,6,0,4,2,4,1,6,6,5,2,6,16,5,7,0,3,9,3,5,1,12,2,3,1,7,1,1,4,1,4,58,10,4,12,1,30,2,4,10,8,5,1,2,0,0,2,7,1,10,4,3,4,51,4,5,1,8,6
"COG1943",123,504,236,240,329,541,301,419,188,290,491,275,181,274,267,462,643,260,246,88,256,249,262,155,554,182,212,355,1056,403,542,277,498,264,117,466,292,1351,378,145,119,316,179,157,233,595,2675,276,368,164,1046,198,245,249,1076,335,195,320,130,171
"COG1944",7,54,76,1,5,5,44,4,2,6,6,17,8,50,18,70,3,11,19,24,59,0,47,3,269,18,25,2,13,0,54,15,134,11,2,11,1,9,0,3,8,15,0,73,3,1,1,3,1,7,12,1,3,0,157,0,16,1,10,15
"COG1945",2,0,0,0,2,1,0,6,2,0,0,2,0,2,1,2,0,0,0,0,1,0,2,0,2,0,0,0,0,5,20,5,0,0,0,0,9,0,0,1,4,16,5,0,3,0,0,1,0,0,0,3,7,3,0,1,1,5,0,3
"COG1946",2,8,13,2,3,2,48,1,0,1,0,1,6,52,14,4,0,7,9,11,4,5,30,1,0,5,24,0,3,0,28,5,95,1,3,55,0,7,0,5,1,8,6,1,0,4,59,0,0,4,11,3,6,1,50,1,9,0,7,4
"COG1947",365,251,374,237,355,416,344,475,362,420,315,344,325,334,219,331,471,432,184,415,361,291,359,335,249,392,264,363,402,433,285,289,222,375,229,325,349,455,394,365,234,315,223,473,367,439,615,383,369,219,348,266,487,430,287,384,273,358,333,250
"COG1949",3,7,19,5,4,1,42,6,8,6,6,1,19,60,21,6,8,9,19,30,3,10,37,4,3,3,22,0,0,2,16,21,142,7,8,101,6,59,4,7,8,11,6,9,6,5,105,1,1,10,13,9,13,5,50,5,8,0,7,14
"COG1950",0,0,0,0,1,5,1,0,0,0,1,5,0,1,0,1,5,6,0,1,1,0,0,0,91,0,1,2,0,0,2,2,1,0,0,7,3,86,4,0,0,1,0,2,0,0,1,0,0,0,30,2,1,16,23,4,0,2,2,0
"COG1951",596,585,560,472,521,530,497,614,620,806,532,495,1044,597,703,703,659,576,418,919,528,474,521,635,343,824,629,418,648,513,391,459,708,560,465,409,412,550,624,679,559,483,585,538,596,617,333,530,424,538,434,467,461,566,480,509,628,641,541,493
"COG1952",4,13,14,3,9,11,14,5,12,4,4,1,20,40,30,15,8,11,24,28,22,7,45,5,8,5,33,5,2,23,19,32,150,20,8,10,22,58,2,13,15,11,12,174,6,2,0,1,0,22,14,4,9,15,19,9,19,5,5,39
"COG1953",8,9,12,17,19,12,34,10,0,9,19,5,17,61,26,13,45,10,75,12,5,24,72,21,8,9,31,17,2,1,30,22,275,1,30,4,10,13,7,28,58,41,13,8,5,8,1,1,3,41,36,15,21,7,23,1,17,4,22,7
"COG1954",42,19,41,16,47,52,30,58,46,20,52,27,10,31,50,56,77,35,63,13,22,22,71,61,27,26,80,33,14,31,36,44,146,36,29,96,25,29,35,16,20,33,25,32,27,88,28,25,77,18,24,52,57,23,42,18,27,27,30,32
"COG1956",125,97,105,56,34,64,109,47,78,119,89,92,36,115,75,110,32,69,101,69,72,125,118,32,61,154,71,68,115,54,65,98,98,62,139,69,100,114,119,103,101,88,80,84,131,19,8,117,100,77,66,130,48,43,131,51,138,71,129,117
"COG1957",53,23,92,75,75,107,125,42,55,23,59,103,42,144,148,91,140,101,239,58,57,151,217,103,230,74,101,266,40,40,183,99,967,111,101,593,87,515,47,56,62,108,125,47,29,152,621,47,81,174,201,92,111,87,723,70,102,125,101,61
"COG1959",180,179,352,138,477,404,298,404,277,110,257,304,119,286,199,224,568,335,255,102,307,180,330,487,276,221,339,399,242,398,417,244,459,337,143,636,222,646,267,190,124,360,117,245,160,594,474,239,363,170,416,207,377,419,511,262,226,356,196,119
"COG1960",612,533,558,509,780,593,780,513,726,785,849,709,851,832,651,777,456,494,566,857,480,729,708,699,539,602,896,487,666,588,658,665,1078,584,749,342,610,91,697,658,747,632,759,467,776,483,506,683,743,485,703,846,639,641,234,543,745,626,837,596
"COG1961",2287,1918,3365,3051,6979,6883,4373,4899,3955,1711,3225,6050,838,3023,1373,2214,4760,3648,1719,952,4802,1910,4189,6111,7273,2250,3976,6757,1687,5878,7767,3255,2367,3777,3614,4844,4100,2179,3572,3196,1495,3723,1395,2942,3148,4060,2620,3802,5201,3311,3765,3543,5449,3772,2798,3286,2998,5984,3111,2034
"COG1963",13,13,24,17,93,154,19,65,31,9,51,69,14,19,32,25,50,42,42,8,28,33,83,38,107,32,68,125,16,85,102,37,31,58,29,26,34,34,36,31,12,35,23,17,39,34,37,50,48,12,18,40,37,60,66,50,46,76,17,15
"COG1964",3,9,18,3,31,21,13,14,13,1,11,24,4,12,7,20,100,16,0,6,13,9,8,20,5,8,2,10,9,11,73,13,0,10,3,25,18,0,5,9,2,17,6,3,10,48,11,4,12,7,11,5,11,12,12,4,12,4,5,5
"COG1965",1,6,8,1,3,3,9,0,7,6,4,0,9,31,12,6,5,5,6,9,9,2,18,2,4,1,9,3,3,3,12,16,68,9,5,4,7,38,2,6,8,4,9,6,3,4,0,0,1,5,5,7,4,0,9,1,4,0,9,10
"COG1966",684,629,789,418,1307,865,995,831,777,838,606,755,739,792,444,850,879,710,441,772,721,555,794,954,457,920,842,703,940,830,557,538,712,779,758,884,602,770,864,766,638,662,455,985,657,928,1413,617,682,506,771,859,980,838,474,601,865,907,643,482
"COG1968",516,280,400,271,432,571,431,488,436,475,463,501,449,385,288,400,574,440,290,479,364,417,337,388,538,512,369,456,545,468,490,393,246,467,372,516,466,445,510,415,362,399,319,559,409,414,515,398,465,263,492,396,468,648,350,482,419,464,489,320
"COG1969",10,48,24,30,26,0,15,37,18,41,15,13,39,3,25,48,7,11,10,21,22,15,71,5,7,19,42,16,92,11,41,38,101,12,14,2,17,84,67,13,36,21,19,6,13,63,296,2,2,18,34,16,29,13,111,3,17,10,40,21
"COG1970",186,182,195,162,135,186,131,222,161,107,110,212,117,105,123,168,100,135,130,198,139,194,146,127,250,143,112,196,166,190,226,164,45,144,117,195,171,131,154,161,151,176,139,233,155,67,284,153,163,174,187,152,184,270,289,240,175,186,144,186
"COG1971",194,250,225,253,352,363,285,258,275,195,222,256,97,262,251,265,350,200,224,76,214,285,265,307,351,185,298,335,97,282,279,225,160,384,248,293,219,167,186,199,240,243,205,108,257,444,148,271,280,269,297,240,231,288,269,206,290,305,229,221
"COG1972",64,58,91,30,37,10,28,64,15,46,96,13,91,236,82,159,14,19,113,51,36,26,151,18,8,15,99,19,93,12,93,105,437,20,28,53,52,211,19,42,82,32,45,20,43,53,302,14,3,57,79,35,40,2,173,9,58,16,45,90
"COG1974",221,122,314,106,388,404,248,376,213,138,255,325,165,255,147,149,316,303,78,167,281,128,358,359,374,249,276,370,396,338,429,215,711,307,253,502,214,593,215,187,70,293,118,351,209,381,457,172,239,184,352,192,391,413,417,163,240,331,208,201
"COG1975",127,111,165,69,399,146,190,227,184,80,163,191,100,150,155,248,502,212,171,52,148,159,175,368,116,188,225,82,214,128,206,133,557,132,110,444,170,240,165,131,99,204,151,55,86,533,818,153,179,90,198,168,207,123,346,108,161,125,122,89
"COG1977",0,4,9,2,3,0,5,1,4,7,2,0,7,13,6,6,5,3,6,6,6,4,3,2,3,2,7,3,1,3,2,6,36,5,3,1,2,21,0,6,3,3,3,1,2,0,2,0,0,5,2,3,2,1,9,0,4,0,5,4
"COG1979",365,586,396,584,434,297,441,271,414,270,526,407,315,565,571,545,376,152,645,216,414,673,300,475,378,146,445,318,241,255,316,568,467,542,625,442,518,335,310,501,759,375,722,426,563,429,518,552,358,557,538,497,283,275,438,299,607,344,431,595
"COG1982",274,293,539,175,707,551,296,496,504,201,449,352,225,615,376,548,920,388,531,266,517,381,765,676,415,550,643,545,377,500,512,401,1691,538,197,926,396,929,293,328,264,502,290,401,275,953,1004,382,433,357,544,337,809,384,729,395,362,546,319,279
"COG1983",59,90,101,122,59,55,100,51,87,80,80,70,59,84,109,109,17,6,73,26,65,108,49,43,54,11,45,58,32,48,72,96,30,61,128,58,62,19,36,50,111,28,100,21,91,42,16,100,79,89,69,85,71,32,75,41,116,54,69,127
"COG1984",42,13,38,10,20,65,21,38,45,8,16,48,16,65,38,37,62,48,18,15,31,26,86,41,20,36,49,32,10,60,40,24,150,24,27,35,40,54,37,11,8,35,13,29,22,39,46,47,19,11,173,18,48,47,132,13,21,59,24,26
"COG1985",530,372,449,259,335,313,420,413,396,547,465,420,548,438,307,446,417,447,352,413,410,457,369,336,284,663,313,254,507,372,190,433,227,342,452,254,438,308,563,478,343,427,237,586,411,436,435,406,436,332,293,530,430,429,307,409,454,381,416,386
"COG1986",1,1,9,2,1,18,1,27,0,0,0,19,1,38,6,5,0,1,8,4,2,1,28,2,23,0,31,13,0,14,38,10,109,16,3,10,4,1,2,2,6,6,5,6,0,2,2,0,0,5,7,2,13,28,19,0,9,0,3,12
"COG1987",10,5,21,2,7,23,10,33,23,6,9,16,4,3,5,18,27,37,21,7,32,7,33,31,11,18,30,67,6,32,23,15,74,43,8,29,33,110,19,18,15,33,4,40,15,64,2,22,39,31,20,5,13,17,14,64,7,75,6,19
"COG1988",10,10,28,8,12,7,11,3,13,3,4,6,10,40,15,39,18,11,51,23,33,46,53,5,11,9,47,21,5,10,36,17,153,22,8,79,15,116,15,6,8,44,21,5,9,16,22,7,14,18,17,8,10,7,123,15,14,13,4,29
"COG1989",43,50,99,36,29,147,82,114,75,26,24,123,29,74,38,59,81,112,74,36,148,48,196,96,208,72,68,208,55,96,169,44,226,127,31,195,63,249,94,46,15,112,33,87,36,108,160,70,84,42,47,26,89,194,184,123,29,128,33,33
"COG1990",6,2,8,0,41,11,14,7,9,7,1,7,0,8,0,0,14,11,0,0,14,0,10,24,6,10,19,6,8,20,26,3,0,7,16,18,8,0,12,7,2,5,0,4,10,3,19,11,12,0,17,20,11,18,0,12,24,16,0,7
"COG1992",4,1,2,0,2,6,21,6,3,7,8,2,5,5,0,0,7,6,0,0,0,6,7,3,3,0,2,3,1,6,1,10,0,3,0,3,14,0,3,12,4,1,0,2,5,1,1,4,2,0,1,4,6,0,0,1,3,6,3,1
"COG1993",8,3,6,6,7,2,1,7,0,1,3,7,4,2,7,8,0,0,11,8,4,15,0,1,0,2,0,1,1,15,3,2,0,1,2,0,5,0,5,0,5,0,0,0,10,1,1,3,2,0,18,7,1,0,0,11,6,2,4,2
"COG1994",45,28,80,22,163,151,86,97,102,17,53,182,24,38,29,32,82,68,40,11,61,31,103,68,250,44,47,122,54,122,369,74,2,127,44,76,70,98,111,42,28,88,17,61,32,54,108,58,91,35,212,64,169,126,82,69,59,97,79,26
"COG1995",339,359,258,216,234,194,287,286,242,414,274,248,471,371,385,344,165,299,274,704,211,378,220,287,156,442,278,164,223,221,129,251,265,205,318,124,254,131,340,379,388,194,305,333,356,140,379,221,240,236,201,305,290,269,82,335,426,230,360,298
"COG2000",18,16,44,39,96,23,35,32,52,11,41,60,11,13,52,40,79,18,36,8,24,38,27,32,17,13,9,81,5,103,196,44,129,19,29,21,31,4,43,28,29,20,68,21,33,101,24,45,36,20,226,20,72,50,13,75,5,41,36,25
"COG2001",133,219,209,220,158,247,139,160,235,110,137,252,83,134,207,227,186,165,144,57,192,231,228,189,345,111,210,236,67,192,288,243,196,192,164,223,166,268,134,142,169,229,197,176,175,178,131,226,220,216,249,180,229,237,309,147,174,172,202,173
"COG2002",53,39,157,35,268,230,86,178,146,30,66,176,16,48,49,76,211,144,49,13,188,84,175,200,245,71,140,251,43,236,313,72,152,236,74,216,156,128,134,90,38,149,42,128,89,196,113,158,187,70,312,123,214,254,104,147,70,244,99,72
"COG2003",819,379,494,422,349,451,422,435,373,519,337,409,518,299,342,469,372,588,420,349,377,451,420,395,520,502,405,420,434,492,471,497,622,405,291,353,328,394,508,373,382,429,306,600,358,507,411,405,374,532,312,382,582,613,477,421,509,464,404,306
"COG2005",16,17,45,8,25,14,47,12,20,15,22,25,31,69,39,33,40,22,28,25,25,47,45,6,26,6,24,18,10,28,35,26,222,17,17,19,27,78,16,20,29,24,20,16,13,65,19,15,21,21,45,24,35,17,26,10,17,6,20,28
"COG2006",40,126,110,174,114,94,81,154,40,68,66,57,64,48,90,88,127,40,149,10,79,54,134,65,72,60,51,91,208,75,158,135,48,63,46,141,152,100,103,103,97,207,79,18,62,129,483,66,56,126,94,61,69,33,185,57,48,100,105,107
"COG2008",226,463,354,342,486,300,403,351,351,510,409,399,676,440,459,412,401,295,400,130,369,450,356,404,256,573,431,316,267,375,265,402,281,386,477,366,366,140,275,476,505,302,405,216,321,377,460,294,332,356,352,440,365,268,232,234,426,282,315,373
"COG2009",10,25,20,12,11,1,23,39,12,28,10,5,28,35,35,26,3,4,18,17,16,6,26,2,7,11,27,6,64,4,21,11,83,18,11,7,8,35,10,15,14,20,8,9,7,29,169,2,3,15,13,12,16,3,19,7,16,1,14,10
"COG2010",0,5,2,1,3,0,2,2,7,0,0,2,2,48,2,3,0,4,0,1,1,0,91,0,2,0,0,0,0,0,6,1,0,1,1,3,1,0,62,2,2,0,1,10,0,0,0,0,2,0,15,6,18,7,0,1,0,0,5,3
"COG2011",61,44,88,41,158,195,115,92,141,61,129,133,51,196,103,112,172,97,98,49,100,94,176,116,80,86,110,174,92,155,145,126,250,130,98,265,106,405,102,83,52,109,68,392,103,210,453,109,118,80,323,107,189,177,357,100,83,187,123,59
"COG2013",124,27,87,42,69,145,40,94,85,17,76,123,19,43,60,66,242,166,50,14,121,52,106,87,78,75,71,146,29,56,105,70,53,146,23,187,84,130,28,57,30,99,60,74,35,221,181,76,130,28,85,34,228,225,82,82,43,125,50,32
"COG2014",0,0,2,2,0,3,0,0,0,0,0,3,0,0,0,0,0,1,2,0,0,0,0,0,0,0,0,0,0,0,34,0,5,0,0,0,2,0,0,0,0,1,0,0,0,0,0,0,1,1,1,0,0,3,2,0,0,0,0,0
"COG2015",23,13,54,27,320,112,70,76,57,24,38,56,34,20,44,55,239,56,158,53,35,45,169,186,57,41,139,60,2,98,135,48,249,53,82,120,45,18,145,444,66,66,103,25,38,13,35,50,50,35,62,123,124,36,37,58,82,131,51,78
"COG2017",1285,1425,1143,1516,1182,1268,1093,1245,1198,1515,1097,1083,1452,938,1152,1046,1103,1152,1460,1028,1300,1156,1061,1195,1166,1353,1208,1146,1546,1220,872,1473,646,969,1534,1108,1300,1062,1500,1368,1374,1301,1253,1129,1132,1168,1224,1284,1386,1327,1093,1262,1075,1130,1154,1146,1502,1086,1156,1573
"COG2020",1,6,0,0,8,0,6,7,3,4,2,10,1,0,9,3,9,13,0,0,28,1,18,0,11,3,2,2,6,4,6,0,0,5,2,34,4,1,14,10,1,2,0,2,4,5,2,1,17,0,7,10,19,6,0,4,4,3,19,1
"COG2021",0,3,9,0,8,19,23,15,19,12,30,48,4,6,0,1,3,6,0,0,18,0,68,0,19,3,1,4,9,7,62,5,1,7,0,1,30,6,45,23,3,2,0,18,33,0,0,4,4,0,2,16,42,7,0,5,0,68,64,1
"COG2022",200,236,277,194,177,137,236,190,191,247,273,204,208,228,235,277,266,199,205,83,186,268,193,236,125,206,215,138,212,152,81,205,127,193,232,212,196,125,225,196,265,206,272,218,239,268,341,213,228,202,142,230,160,153,175,167,225,191,285,202
"COG2025",407,264,400,329,660,518,619,441,549,506,646,532,644,339,395,485,401,366,388,526,342,437,473,391,366,545,451,406,429,516,438,414,517,413,416,244,511,131,492,488,410,408,401,369,541,370,497,580,606,292,455,532,508,543,185,405,439,504,579,281
"COG2026",10,16,7,9,104,7,10,7,10,1,9,6,6,66,26,12,12,6,56,27,13,3,13,6,4,23,1,12,1,31,92,4,26,7,11,46,2,27,18,3,8,19,2,6,5,17,32,5,4,11,20,5,6,14,11,40,19,12,6,24
"COG2027",156,342,193,248,117,116,309,100,209,195,254,161,238,410,393,307,99,32,347,520,242,236,180,249,122,76,257,76,96,102,141,355,261,295,200,160,172,133,119,158,353,277,400,226,232,113,259,186,106,351,92,193,132,27,204,262,344,172,227,325
"COG2030",192,225,150,198,97,95,245,87,84,203,151,110,218,192,188,149,46,113,224,220,109,204,80,99,118,183,129,76,170,89,52,176,80,112,238,626,152,93,193,212,302,186,182,225,191,112,1047,151,145,275,176,270,117,171,338,218,266,64,282,243
"COG2031",40,12,40,29,57,9,48,22,7,13,81,37,44,24,80,51,15,7,93,33,12,51,29,7,14,6,25,12,9,35,81,93,158,3,17,5,26,25,4,29,134,75,56,8,43,18,9,10,14,8,13,14,85,8,14,23,21,9,24,20
"COG2032",7,7,13,17,14,23,6,6,9,6,6,5,11,20,27,9,9,9,44,12,3,15,31,11,4,2,24,19,5,5,24,18,281,10,7,25,6,21,13,22,6,11,33,6,5,29,5,4,0,16,13,5,14,11,44,4,12,13,7,9
"COG2033",115,50,42,32,118,72,42,119,39,72,57,77,129,24,31,56,100,132,57,94,40,41,37,63,60,172,31,40,178,92,81,56,57,64,32,46,35,34,78,65,48,54,26,189,23,54,190,31,35,32,55,37,91,147,62,59,49,47,52,29
"COG2035",91,48,78,55,70,232,186,97,125,128,188,159,58,154,48,109,57,85,101,51,114,61,176,81,434,38,48,269,45,105,269,91,119,277,67,68,122,156,102,82,54,33,62,76,111,192,159,121,129,34,113,75,126,160,112,55,85,140,106,49
"COG2038",271,502,521,400,403,285,314,287,315,240,405,307,193,370,378,495,325,187,322,109,316,383,338,398,233,185,363,266,388,208,293,288,220,315,372,282,311,214,316,292,426,311,331,125,360,512,729,303,415,363,250,351,374,146,372,183,355,286,295,303
"COG2039",37,6,29,13,18,54,78,15,35,12,33,33,17,60,19,32,64,45,41,24,39,59,52,13,30,34,27,17,5,11,39,64,15,28,12,188,28,168,15,12,16,23,30,12,13,103,181,18,34,9,69,27,57,21,265,13,31,26,38,6
"COG2040",8,19,29,21,10,10,31,15,29,24,25,7,12,56,48,55,11,8,17,12,19,49,24,56,45,27,75,16,6,15,20,54,13,18,11,17,44,86,1,9,24,189,32,22,31,16,30,20,5,57,24,26,49,22,183,12,8,9,27,35
"COG2041",3,1,8,2,2,3,6,2,0,1,2,3,7,46,12,9,0,1,10,11,7,2,41,0,8,4,30,0,2,0,19,9,125,0,6,8,2,2,0,6,6,7,7,5,1,0,0,0,0,6,7,1,3,3,29,0,11,0,3,12
"COG2043",4,0,1,3,3,5,11,6,24,7,4,10,1,18,35,9,4,1,4,0,12,25,4,1,3,3,8,2,1,4,22,3,0,0,2,2,9,89,3,1,3,6,4,1,6,1,4,1,6,5,15,16,3,5,0,2,1,1,11,1
"COG2045",12,3,15,8,6,5,2,7,7,6,24,19,12,14,12,14,0,3,62,3,1,7,3,2,5,2,0,6,0,5,56,26,22,0,2,0,7,2,3,4,11,9,14,1,5,1,1,2,2,14,1,2,12,5,14,2,2,1,7,1
"COG2046",0,0,1,0,2,2,3,0,0,3,3,0,0,0,0,0,0,0,0,0,0,3,0,0,0,0,0,0,0,0,1,0,0,1,0,0,0,0,0,3,0,0,0,0,2,0,0,3,0,0,4,0,1,0,0,0,0,0,0,0
"COG2048",23,12,42,5,17,56,33,33,37,18,64,68,16,41,23,45,50,25,31,7,41,13,24,19,53,19,5,61,8,28,74,24,0,30,9,60,37,50,25,48,27,33,36,21,90,15,10,26,22,10,40,23,54,27,123,19,12,36,56,15
"COG2049",58,8,35,14,14,64,22,19,52,8,9,40,12,35,30,33,42,59,15,19,37,17,74,29,23,32,40,22,9,61,37,15,121,25,23,42,36,55,19,9,7,30,13,28,17,24,60,35,34,10,142,26,45,37,124,7,13,62,14,28
"COG2050",317,316,343,376,227,152,374,253,277,331,282,280,306,338,345,308,118,165,322,255,247,428,233,145,164,234,254,185,330,238,279,361,432,239,422,33,274,65,237,286,395,348,313,177,317,95,300,357,366,312,271,391,217,276,297,218,391,174,361,463
"COG2052",36,15,29,3,53,105,33,51,37,21,28,80,12,23,12,34,44,31,19,4,25,18,30,51,112,40,50,102,37,60,92,33,0,47,23,53,31,27,38,28,18,31,13,42,25,60,74,39,58,6,86,36,68,54,74,28,19,57,30,15
"COG2055",37,21,87,54,76,153,53,87,37,19,81,80,46,169,134,58,163,43,127,67,22,123,136,134,73,48,96,26,20,29,164,62,618,33,59,138,76,85,53,39,41,104,146,51,21,112,285,34,95,103,107,58,146,43,250,43,70,41,76,31
"COG2056",1,3,21,26,8,4,11,10,32,5,5,2,8,11,32,4,11,22,75,4,12,15,4,9,2,4,14,4,0,12,11,43,75,2,3,3,10,88,4,3,36,12,22,5,4,7,4,2,3,15,40,4,3,8,1,2,4,5,13,4
"COG2057",33,9,35,16,35,23,66,26,16,25,91,65,33,59,60,54,18,17,56,21,21,36,80,15,37,5,31,24,5,34,73,56,148,9,10,10,67,14,27,24,52,42,18,17,42,14,16,14,28,6,55,34,52,16,16,13,15,20,51,21
"COG2059",887,639,635,665,758,539,633,704,589,773,541,518,899,375,560,557,595,731,749,929,586,721,382,708,412,925,591,580,978,711,425,717,261,403,689,480,666,437,668,693,673,370,611,677,538,440,530,624,566,560,423,665,628,848,332,1031,652,579,595,558
"COG2060",243,601,440,529,318,199,431,224,324,275,536,376,325,463,592,528,55,48,529,154,394,598,339,294,277,51,399,236,441,161,306,437,379,344,497,73,337,141,645,337,697,408,572,69,433,263,524,358,313,533,299,527,442,102,179,235,593,237,448,530
"COG2062",1,0,9,1,2,3,43,2,6,2,0,0,7,31,9,2,6,6,8,11,2,2,19,1,7,16,13,0,0,0,6,6,65,2,1,45,0,3,0,7,3,9,10,54,0,6,84,0,0,5,27,5,18,7,60,0,7,0,24,8
"COG2063",0,0,6,4,2,0,2,0,0,1,0,0,5,1,6,10,0,0,5,4,1,1,14,0,0,0,59,0,0,11,15,8,70,2,6,9,18,2,1,5,5,4,5,64,5,0,0,0,0,2,1,0,3,1,19,0,5,0,1,6
"COG2064",0,35,6,0,0,41,8,4,2,2,0,2,0,0,1,3,13,11,0,0,0,0,11,2,19,144,1,5,0,5,64,0,0,22,2,0,6,0,2,12,0,0,0,30,11,0,0,6,19,0,19,0,50,21,0,4,2,15,10,12
"COG2065",10,25,22,15,22,40,15,44,41,26,20,24,12,10,15,31,13,31,21,13,15,8,46,3,8,17,11,35,57,53,59,15,2,34,22,78,24,96,64,11,19,6,3,14,19,21,150,10,17,2,186,11,28,32,251,19,17,28,32,20
"COG2066",131,469,331,341,211,106,186,182,347,182,351,375,199,200,338,342,68,30,247,181,273,398,325,219,187,25,382,138,140,112,138,353,334,103,400,47,324,66,175,287,418,303,473,46,347,115,16,295,306,305,202,309,214,79,164,172,334,289,256,370
"COG2067",49,58,115,108,49,80,258,130,108,229,245,107,152,271,127,152,46,58,235,228,49,71,119,16,127,75,51,62,88,121,91,179,127,164,123,29,140,144,279,119,103,89,91,102,119,14,5,107,76,37,85,121,91,145,26,62,131,111,163,98
"COG2068",60,49,55,52,82,47,50,70,48,29,124,49,21,33,82,66,220,59,140,29,32,95,36,62,66,37,48,34,84,45,114,65,190,38,25,160,86,59,33,39,33,69,88,19,41,170,244,48,56,62,50,36,73,30,144,24,33,35,28,18
"COG2069",8,7,14,7,27,76,10,9,10,3,3,30,0,13,6,3,76,16,0,6,11,4,7,19,9,12,7,13,9,37,27,9,0,11,4,76,24,51,11,7,2,8,10,6,10,30,3,7,18,6,29,3,20,15,81,4,5,13,19,5
"COG2070",379,588,599,541,737,445,496,549,626,430,663,520,317,527,606,697,655,276,519,151,596,590,449,736,473,308,586,545,475,448,336,528,260,516,437,494,682,848,419,490,523,582,542,198,536,829,985,473,539,562,440,576,482,278,552,485,573,528,492,404
"COG2071",592,342,223,419,188,268,396,321,359,654,403,365,927,386,568,393,315,661,307,1092,316,467,290,261,331,783,332,176,676,343,201,417,229,400,413,258,317,276,512,543,429,122,330,550,429,173,103,260,217,333,258,201,326,585,554,500,444,250,411,324
"COG2072",0,0,0,0,0,1,4,1,1,0,0,0,0,1,1,0,0,0,0,0,0,0,14,0,0,0,1,0,0,0,0,0,0,0,0,0,0,0,0,0,0,1,0,4,0,2,0,0,1,1,24,0,0,0,0,0,3,0,0,0
"COG2073",222,392,334,181,412,184,159,206,229,168,267,244,198,210,356,337,268,109,251,53,325,303,205,331,178,127,316,202,273,201,184,230,54,203,295,229,167,124,169,188,415,134,323,72,156,424,398,216,267,269,219,325,250,104,210,153,250,180,144,291
"COG2076",91,121,66,125,63,38,51,94,62,141,103,56,143,209,114,94,21,19,101,188,60,38,93,85,42,287,92,28,118,88,78,89,401,38,53,28,93,29,64,51,130,84,75,79,70,53,320,74,26,189,81,41,60,68,133,158,87,40,66,110
"COG2077",92,252,141,241,98,91,214,88,117,141,164,148,99,178,228,134,46,23,148,52,131,208,120,94,121,18,130,91,65,71,89,214,116,152,170,34,122,32,133,124,208,132,181,26,180,48,9,143,123,242,80,133,98,41,228,80,199,122,113,213
"COG2078",4,2,16,6,1,9,34,125,15,488,12,3,0,9,3,44,108,12,42,5,4,8,0,0,27,24,2,0,6,30,22,7,65,14,9,85,56,5,0,303,20,11,5,13,10,3,2,4,3,20,61,4,55,209,75,7,5,0,81,0
"COG2079",26,23,46,51,55,54,43,47,22,27,43,35,24,13,37,69,38,11,65,45,25,87,43,16,72,30,52,24,12,43,101,30,229,28,48,3,60,8,9,61,24,46,9,29,32,37,39,15,23,14,60,20,80,31,146,25,27,11,39,39
"COG2080",102,80,174,100,270,198,228,179,145,83,255,174,151,199,193,322,681,181,441,96,193,230,216,294,122,128,221,162,121,150,316,211,1015,132,152,441,175,188,98,158,176,253,295,77,147,455,346,90,218,254,235,137,248,141,285,101,163,128,163,84
"COG2081",289,184,382,98,601,653,245,589,416,231,318,552,163,244,144,306,737,497,125,182,406,213,530,679,515,249,461,572,412,541,634,196,398,567,198,640,388,413,392,323,95,335,151,426,239,731,517,345,527,150,633,294,655,581,397,402,238,468,359,154
"COG2082",142,124,238,111,185,152,90,163,103,79,153,143,55,122,124,148,156,103,194,31,171,115,148,203,90,88,176,188,129,125,144,169,49,143,159,151,196,116,107,142,159,207,155,65,109,183,265,99,169,177,188,209,174,78,162,67,105,130,113,159
"COG2084",38,113,147,86,240,105,126,118,71,90,134,54,98,190,141,162,229,102,188,79,75,132,230,73,73,99,129,110,196,93,230,89,801,74,96,179,70,211,90,109,68,137,111,37,51,134,752,29,98,108,205,66,86,50,137,51,72,83,99,90
"COG2085",1,0,2,0,5,1,14,3,11,14,1,2,1,0,0,7,0,8,30,1,4,19,0,1,38,33,0,0,0,0,22,47,0,0,6,4,0,0,0,0,1,0,8,22,5,0,0,0,0,20,0,5,80,9,13,11,2,0,0,0
"COG2086",350,308,357,191,408,453,451,368,458,401,413,359,571,343,381,377,319,359,283,449,289,427,354,444,306,502,469,315,321,366,323,294,390,397,456,220,314,122,404,473,390,297,394,271,400,343,424,410,391,236,334,396,404,421,145,342,383,372,410,320
"COG2087",121,184,168,121,166,140,143,101,128,101,145,149,73,144,181,164,140,86,131,44,132,155,167,181,122,74,180,138,113,105,130,192,133,198,185,122,154,71,146,144,188,168,202,69,161,169,150,185,205,195,148,140,199,111,203,100,175,133,131,158
"COG2088",89,70,127,24,132,287,82,132,190,23,125,201,17,57,38,101,176,135,107,42,176,72,140,273,182,202,106,331,32,138,202,105,134,186,94,163,202,102,120,126,44,196,38,74,100,309,126,187,100,87,110,91,96,166,88,108,29,173,49,51
"COG2089",87,151,135,278,167,173,103,125,212,34,283,146,26,231,262,255,49,123,151,43,187,191,134,94,256,37,250,228,83,118,98,339,1,119,273,17,231,42,137,169,161,191,44,165,261,187,10,253,285,147,157,126,116,176,72,119,110,249,156,285
"COG2091",54,47,113,25,44,128,88,118,69,22,59,61,28,63,50,51,186,77,68,41,102,31,133,101,48,96,116,138,53,82,115,58,331,135,21,162,62,140,39,42,26,92,47,58,53,188,28,92,81,65,55,42,86,44,100,85,41,87,29,62
"COG2094",11,0,11,3,6,18,15,5,21,2,32,0,9,7,4,7,3,6,17,1,8,4,0,1,16,10,3,25,4,21,28,19,0,10,3,75,5,3,3,8,9,4,9,12,14,4,4,3,7,6,29,4,32,16,152,2,6,5,9,0
"COG2095",239,611,357,636,214,148,413,140,240,344,268,289,233,461,483,415,67,29,444,120,263,636,265,244,210,32,327,148,198,115,139,398,316,323,391,69,249,180,172,280,543,212,446,61,319,107,21,335,269,562,194,330,191,63,252,226,621,194,269,446
"COG2096",208,308,236,302,176,115,264,166,167,184,317,208,178,262,360,256,116,37,306,157,204,305,172,181,229,49,199,147,150,113,105,301,28,170,282,50,252,79,165,163,318,253,320,63,238,132,137,233,205,343,157,272,158,104,238,179,242,143,195,306
"COG2099",292,434,457,228,384,277,163,235,258,122,331,332,134,264,357,381,272,156,350,47,357,431,361,382,245,169,328,264,226,187,173,298,59,262,369,267,309,132,240,248,495,292,405,88,207,504,291,330,290,331,276,390,234,95,242,202,324,211,190,451
"COG2102",20,11,22,1,2,13,33,21,20,20,54,65,1,10,0,3,1,4,0,0,1,0,33,0,28,1,1,68,3,31,25,23,0,5,9,18,31,0,42,11,1,0,0,2,48,1,0,8,5,1,24,152,68,3,10,1,8,12,31,1
"COG2103",115,139,140,134,86,71,82,100,126,108,115,87,114,105,73,121,27,134,151,38,92,162,111,42,71,110,126,82,125,126,79,172,138,53,257,31,180,14,182,126,202,115,210,88,167,54,190,156,184,86,193,225,124,88,252,72,141,104,223,218
"COG2104",5,1,8,4,3,0,7,2,1,2,2,0,5,16,6,5,5,3,1,4,2,2,11,0,1,0,11,2,1,5,11,3,69,3,3,18,0,12,1,2,2,5,2,0,1,4,27,0,3,3,2,0,6,1,11,1,6,0,2,5
"COG2105",2,2,5,4,2,0,6,0,1,1,0,1,8,52,12,11,0,3,11,10,0,3,25,2,0,1,14,0,3,1,7,4,119,0,2,13,3,3,1,1,5,5,9,6,3,6,0,5,2,4,16,2,2,0,30,0,13,0,4,4
"COG2107",3,1,6,0,3,11,16,12,13,6,28,24,4,4,0,7,0,0,0,0,11,2,16,0,14,0,0,3,0,7,7,8,0,2,3,0,18,0,6,24,1,0,0,1,32,0,0,13,0,0,12,13,24,4,0,1,1,5,38,0
"COG2108",3,6,16,7,14,7,0,24,5,3,12,12,5,7,6,15,0,4,26,12,12,6,54,1,2,3,2,23,2,22,28,9,0,9,19,0,11,0,7,0,15,1,1,4,14,5,3,9,2,0,0,13,3,1,0,8,11,28,14,16
"COG2109",38,111,114,40,153,131,86,179,75,76,114,124,44,50,67,87,159,94,124,49,89,104,133,107,106,108,93,201,163,155,87,85,166,98,79,172,117,123,103,81,65,122,48,84,63,188,517,74,90,53,204,99,192,144,209,66,73,135,77,61
"COG2110",107,285,168,85,317,227,191,286,223,314,168,195,56,173,206,163,321,221,160,33,304,119,194,225,156,106,170,263,394,419,260,200,150,282,200,347,225,338,210,153,126,224,210,823,170,329,202,150,218,186,224,227,338,226,365,282,162,253,246,112
"COG2111",12,3,25,10,33,21,35,14,5,9,28,33,9,19,12,22,11,5,48,21,8,25,49,2,14,4,7,17,1,28,56,14,43,16,21,8,27,4,14,11,25,5,13,2,11,8,7,12,20,23,18,16,20,8,17,8,12,24,28,8
"COG2113",111,145,209,114,84,34,42,59,68,102,97,78,53,112,188,154,9,7,98,32,99,193,110,74,59,8,106,56,64,55,46,112,123,45,77,16,48,19,25,69,144,214,126,11,101,37,6,64,40,165,95,107,47,8,55,48,155,36,53,218
"COG2114",1,2,11,0,5,50,0,9,71,1,2,15,1,0,2,3,0,4,26,3,11,1,28,2,13,1,0,80,0,3,1,0,37,41,1,1,4,0,6,1,2,3,3,6,6,2,0,7,0,20,5,0,5,23,0,54,2,11,0,1
"COG2115",129,291,210,217,150,169,244,100,206,196,220,164,204,396,244,220,34,18,193,102,157,323,169,137,120,22,222,209,84,122,120,216,273,266,382,145,146,24,171,163,360,150,273,51,200,75,136,193,201,161,341,330,186,101,114,100,328,92,217,277
"COG2116",58,50,189,23,75,172,124,145,113,37,84,100,66,150,84,104,221,128,81,67,126,95,269,125,103,73,172,226,55,173,112,89,499,135,48,224,71,211,60,87,37,84,37,162,68,108,39,66,80,69,136,52,107,107,152,85,59,161,84,55
"COG2119",4,36,30,8,15,41,16,44,26,13,15,20,19,4,9,30,27,22,1,10,30,17,28,13,15,17,1,52,58,42,20,5,0,75,5,52,21,52,29,30,15,14,8,16,16,35,178,7,24,16,15,7,29,9,48,18,4,30,10,7
"COG2120",29,43,63,54,51,96,35,65,34,24,61,71,18,59,68,37,2,53,58,15,33,16,69,27,46,8,42,74,5,117,80,118,107,39,68,3,29,10,102,79,104,89,99,38,73,18,5,96,45,142,37,19,36,54,91,32,38,57,37,101
"COG2121",14,3,2,4,8,1,0,0,2,4,23,2,15,8,15,19,0,0,58,2,0,11,35,7,0,0,2,1,3,9,23,20,51,0,4,7,20,16,33,2,16,2,19,3,23,12,4,0,2,12,1,2,12,3,32,0,0,9,0,1
"COG2122",1,2,1,1,1,5,15,1,1,3,1,6,3,5,1,9,1,1,0,0,5,0,3,0,10,0,0,1,0,3,22,1,0,2,0,0,6,0,5,4,12,3,13,4,1,0,0,13,0,0,6,7,8,5,0,1,0,4,3,0
"COG2127",85,22,23,16,10,14,32,38,7,61,35,15,118,68,18,40,38,127,7,191,20,24,27,7,19,166,25,7,98,55,10,25,59,54,38,6,49,4,91,62,9,28,24,114,22,6,0,14,26,15,17,7,17,84,20,86,22,7,31,13
"COG2128",7,7,10,1,12,1,16,2,1,9,3,6,12,222,23,18,6,10,24,34,4,4,60,5,2,6,31,5,4,3,42,14,111,2,9,16,14,15,3,10,6,6,9,14,3,8,2,1,0,7,51,4,3,3,32,2,16,3,15,21
"COG2129",28,28,103,12,109,125,53,229,97,110,27,63,5,46,14,33,114,64,5,24,92,43,51,129,62,257,60,97,24,122,87,33,17,68,38,83,85,49,38,42,13,64,13,43,59,98,89,22,70,26,91,53,85,157,2,93,34,110,15,14
"COG2130",0,1,5,2,0,0,4,1,1,0,0,2,4,50,12,5,0,0,12,6,0,4,25,0,0,0,15,1,1,0,0,7,104,0,2,6,1,6,0,9,3,11,6,3,0,0,0,0,0,6,4,2,3,1,18,0,8,1,0,6
"COG2131",319,271,258,193,297,311,251,397,291,338,246,291,307,200,300,287,297,280,183,349,191,327,224,295,408,341,237,325,282,956,294,268,98,303,290,285,242,223,289,297,278,273,222,336,273,261,242,262,253,204,309,272,254,370,326,279,318,345,267,238
"COG2132",12,8,25,9,12,0,19,2,8,8,3,16,33,157,37,20,6,3,20,41,4,9,187,5,1,3,64,1,2,0,49,48,343,3,9,167,6,10,85,18,12,40,16,14,5,2,3,1,3,17,86,14,45,11,148,0,24,1,12,37
"COG2133",3,3,11,5,2,0,12,3,2,0,0,3,9,56,20,17,4,0,73,8,3,17,42,5,2,1,31,0,0,1,12,11,145,3,2,9,1,11,1,5,29,27,59,1,5,1,3,1,0,5,10,4,5,3,18,3,8,2,3,16
"COG2134",1,3,10,4,2,1,1,0,1,0,2,0,6,49,23,4,1,0,16,12,1,3,24,2,0,1,22,0,0,0,12,9,147,0,4,5,1,4,0,6,2,9,7,5,0,0,0,0,1,7,9,0,3,1,14,0,9,1,3,10
"COG2135",10,7,14,48,36,38,29,47,32,9,33,27,8,39,23,12,28,15,49,11,22,54,46,12,26,9,40,21,2,91,43,66,98,12,19,77,29,7,15,61,31,52,30,13,26,33,34,40,14,57,37,16,20,39,207,21,12,16,24,48
"COG2137",29,13,50,19,69,101,46,85,77,16,86,124,32,62,53,40,32,56,71,29,69,50,78,15,174,17,42,96,8,120,133,64,114,82,41,99,51,172,43,24,28,50,32,140,41,47,33,62,50,9,209,25,123,150,232,45,28,77,67,31
"COG2140",19,8,35,66,11,51,42,13,50,21,99,139,8,13,28,60,23,13,2,4,28,95,63,11,103,8,20,45,11,28,33,142,1,33,21,11,119,6,120,88,84,145,34,4,37,27,12,98,139,17,37,68,12,15,69,10,18,35,45,126
"COG2141",10,14,29,9,9,5,14,0,11,3,2,0,30,432,41,31,9,6,36,44,14,6,206,11,2,4,99,1,3,1,83,33,398,0,14,56,9,13,2,12,16,27,32,31,0,8,6,0,0,18,97,4,5,5,114,1,27,1,14,32
"COG2142",1,1,8,1,3,0,1,1,1,0,0,0,8,27,8,5,0,0,5,3,2,0,14,2,0,1,21,0,0,0,14,7,89,1,5,5,1,5,0,3,3,3,5,5,0,0,1,0,2,4,4,1,3,0,14,0,5,0,1,5
"COG2143",17,0,0,0,1,0,2,1,7,2,0,0,0,0,0,0,0,0,0,0,0,0,0,0,0,0,0,1,0,1,0,0,0,1,0,0,0,0,1,0,0,0,0,0,0,0,0,0,0,0,1,0,0,0,0,0,2,0,0,0
"COG2145",51,93,116,40,306,146,162,195,190,83,108,118,291,116,79,152,295,147,59,50,117,106,115,277,114,394,187,67,375,192,129,98,189,130,53,372,104,177,187,104,53,147,63,258,85,282,568,122,99,75,251,141,187,152,139,111,83,131,115,43
"COG2146",3,3,13,2,5,1,5,0,3,2,0,1,7,40,23,15,0,0,13,13,3,1,44,3,1,1,40,0,0,0,12,13,173,0,5,14,0,9,0,4,2,19,7,5,0,0,0,1,0,8,8,3,2,2,24,0,13,0,1,10
"COG2148",1194,1345,1336,1704,1293,1347,1137,1354,1169,850,1154,1211,974,954,1669,1373,1261,1181,1732,933,1272,1496,1107,1134,1160,877,1179,1417,1329,1384,875,1386,775,1049,1284,1011,1111,1168,1072,1121,1415,1553,1381,1155,1459,1363,1055,1500,1664,1453,1094,1442,984,1246,1059,1143,1204,1392,1104,1679
"COG2149",0,3,6,1,4,0,4,1,2,0,0,0,4,16,13,3,0,0,5,9,0,2,23,1,0,0,16,0,0,0,0,6,96,0,3,8,1,3,2,4,1,5,6,7,0,2,0,1,0,5,10,0,2,1,19,0,13,0,0,9
"COG2151",195,100,93,122,50,61,150,88,76,176,117,90,186,179,75,96,49,118,91,198,59,169,73,53,74,176,82,53,129,125,47,103,92,112,129,194,85,53,169,124,123,88,98,156,118,27,105,104,85,72,50,126,81,147,375,110,126,95,164,118
"COG2152",404,737,504,1162,421,581,783,763,814,767,656,543,568,468,1178,703,289,442,1281,530,658,755,587,478,445,381,792,707,481,474,353,932,86,639,769,277,655,229,702,635,806,991,1489,281,645,590,40,615,536,1082,290,531,377,419,301,785,747,550,611,1046
"COG2153",19,5,23,13,13,8,40,15,23,20,35,26,9,34,21,14,2,9,31,8,17,11,51,2,33,9,19,24,1,16,21,33,90,10,5,66,16,10,8,13,19,15,13,13,44,13,4,5,14,5,9,16,40,8,116,0,8,5,32,9
"COG2155",20,16,33,10,68,62,24,42,30,10,24,47,1,18,7,11,50,30,12,2,26,16,58,35,99,12,24,66,13,70,42,12,10,35,16,25,26,11,15,14,2,22,1,22,7,35,18,27,32,5,51,29,40,45,15,8,26,53,10,13
"COG2156",86,154,145,192,118,50,175,62,66,78,163,103,81,152,159,141,12,16,187,47,129,212,100,68,89,14,95,82,137,60,81,118,150,100,141,22,116,26,227,91,204,128,163,21,111,92,222,112,87,151,106,168,143,60,89,63,210,70,145,166
"COG2158",10,9,27,4,18,10,12,18,40,1,20,31,4,8,12,11,31,30,4,0,8,12,20,18,9,9,10,6,4,48,83,11,0,35,6,19,16,1,8,4,7,43,7,14,12,54,4,36,15,4,16,11,19,17,1,10,5,27,13,11
"COG2159",54,73,126,99,129,183,85,206,169,64,83,165,45,160,58,210,143,137,108,34,93,147,57,137,92,59,60,167,69,146,159,144,202,94,82,117,116,69,213,68,97,137,89,76,88,141,171,123,126,70,235,89,192,179,108,151,115,219,113,49
"COG2160",435,496,405,483,376,393,421,366,418,477,473,321,678,372,421,441,457,356,312,116,248,467,381,348,299,659,469,500,505,419,189,366,225,364,442,367,455,105,431,461,478,297,401,420,290,443,739,437,320,344,271,394,334,243,234,190,339,306,447,349
"COG2161",12,22,20,3,11,24,11,16,5,12,10,18,16,66,18,10,8,7,9,5,2,17,41,5,8,2,11,11,7,30,52,15,117,6,20,7,7,1,31,26,2,40,22,10,9,13,49,4,35,5,31,3,19,8,39,17,7,6,9,58
"COG2162",7,4,19,26,17,25,24,8,0,3,11,11,7,50,13,18,6,5,22,22,8,6,34,9,4,5,30,14,3,8,23,10,103,3,7,10,11,1,7,12,9,13,5,3,8,4,10,5,15,7,39,5,8,0,13,7,17,4,17,15
"COG2163",0,1,0,0,1,19,8,3,9,0,1,14,0,0,0,1,1,3,0,0,0,1,10,1,0,2,1,5,0,5,24,2,0,3,0,0,1,1,2,2,0,0,0,4,2,1,0,3,7,0,6,7,19,3,0,2,1,8,11,0
"COG2165",12,21,55,13,22,3,10,12,4,14,38,10,36,74,37,53,5,19,75,25,14,14,110,10,0,8,81,14,2,37,60,62,316,1,25,21,3,12,1,10,24,41,18,4,20,3,6,9,8,14,24,16,9,4,83,17,31,2,37,13
"COG2166",204,265,180,197,112,63,193,115,145,263,174,174,258,204,250,206,84,197,170,305,109,253,132,124,118,188,163,92,195,154,88,214,185,156,270,25,148,36,203,228,262,161,246,158,188,66,14,139,137,206,97,176,135,160,91,175,249,99,162,220
"COG2168",1,3,12,2,2,0,1,0,0,1,0,0,7,25,9,6,2,4,6,9,1,1,30,1,0,3,17,0,0,0,6,8,83,1,3,8,1,4,0,2,1,4,6,0,1,2,0,0,1,3,8,3,2,0,15,0,14,0,1,10
"COG2169",23,37,125,131,38,13,68,71,55,20,48,46,52,107,119,71,3,8,151,30,54,26,50,28,56,10,78,84,3,53,140,139,103,40,67,6,70,11,22,67,94,9,165,13,46,28,2,67,24,53,106,56,40,6,103,38,67,34,91,45
"COG2170",3,1,10,4,1,0,2,1,1,2,1,0,7,60,8,5,2,0,10,13,3,2,29,4,0,1,27,1,0,0,8,7,129,0,4,7,0,3,0,0,3,10,9,3,1,3,0,0,0,8,20,2,2,0,17,0,3,0,4,9
"COG2171",4,10,37,8,30,24,88,21,56,25,45,43,24,54,40,34,30,38,70,23,25,8,54,17,47,22,25,20,5,27,42,44,130,23,13,136,61,120,26,32,31,19,19,99,38,15,136,12,12,10,47,28,70,15,248,13,15,13,68,15
"COG2172",64,80,149,71,176,233,94,172,141,48,128,167,33,86,134,141,187,118,135,28,162,117,151,206,197,70,113,266,46,199,312,129,105,195,98,168,176,117,121,79,82,195,62,94,107,216,69,99,146,128,239,138,153,156,80,108,82,202,95,99
"COG2173",47,263,130,285,115,107,87,113,146,58,160,159,126,116,276,186,22,103,230,27,169,196,130,165,130,18,236,125,69,113,101,213,69,77,295,22,203,200,151,143,252,223,327,19,149,71,9,217,173,293,76,127,78,42,38,101,181,87,120,183
"COG2175",0,2,16,0,1,0,6,0,0,0,1,0,13,36,6,3,0,0,12,8,0,6,28,0,0,0,18,2,0,0,15,5,114,0,2,9,1,5,1,4,1,7,4,2,1,1,0,0,0,1,10,2,3,0,8,0,10,0,2,8
"COG2176",343,348,671,702,1114,1508,565,947,873,280,632,1085,203,419,278,646,1335,808,388,366,866,405,872,1064,2072,664,630,1344,615,970,1276,394,256,870,290,1345,473,989,592,352,190,605,191,470,338,1087,1448,565,832,322,1180,451,944,1060,971,720,362,962,437,197
"COG2177",442,259,435,259,383,542,439,511,496,446,399,516,392,372,325,401,478,536,302,468,382,339,347,302,639,452,309,512,460,487,560,400,387,465,436,366,493,483,443,441,322,349,274,455,420,390,327,403,435,277,462,370,512,644,399,452,381,451,462,323
"COG2179",42,40,106,42,150,196,72,141,77,28,64,145,13,49,42,50,188,130,48,15,118,52,117,152,259,71,104,188,32,163,137,87,70,167,58,209,65,228,55,60,27,78,12,73,70,132,71,100,133,51,170,78,131,188,167,119,52,144,72,38
"COG2180",5,11,12,4,11,0,5,0,4,0,1,0,19,68,7,25,3,4,17,20,5,8,48,4,8,4,34,4,0,15,29,14,136,11,13,13,12,40,0,10,13,19,7,6,3,0,2,2,0,12,12,5,5,1,96,3,19,3,4,12
"COG2181",7,9,10,11,7,7,13,0,6,4,12,5,10,66,15,30,1,5,20,25,12,7,48,1,4,0,30,8,0,6,36,18,121,10,10,11,12,27,3,10,14,30,19,1,14,2,4,0,1,8,26,10,13,4,96,8,11,4,4,18
"COG2182",112,125,273,44,96,665,170,409,264,91,164,146,10,230,103,205,496,349,30,55,280,90,420,304,74,216,304,760,95,518,217,143,260,420,28,663,159,763,222,212,57,372,37,969,192,784,139,364,337,143,109,164,130,136,306,415,46,518,100,128
"COG2183",894,628,822,441,669,872,559,864,767,953,936,815,1326,687,574,829,914,1008,533,472,751,808,667,775,1213,1057,582,853,918,754,897,666,570,822,651,540,700,965,914,811,683,592,711,707,728,906,899,835,738,556,622,762,778,1056,404,690,520,773,772,638
"COG2184",432,60,106,167,214,221,73,181,94,220,165,70,91,113,86,144,201,135,82,524,90,76,193,208,156,137,171,203,670,306,259,142,118,215,125,335,127,92,145,180,72,251,46,445,166,196,42,80,113,263,101,136,144,213,304,288,120,362,145,107
"COG2185",540,810,707,720,528,515,813,398,631,729,863,719,509,776,716,801,154,59,679,262,493,812,471,370,431,114,575,421,571,390,275,613,189,584,799,57,699,206,632,635,1026,589,985,229,991,196,997,783,644,685,398,971,618,244,365,244,850,509,847,828
"COG2186",204,203,314,150,438,242,292,289,276,245,205,256,366,512,378,319,345,179,748,171,397,258,514,373,245,466,477,215,277,307,367,280,1908,236,275,376,243,328,194,272,246,372,353,142,141,353,814,308,338,462,393,287,373,238,343,184,286,224,202,292
"COG2188",154,320,341,470,428,417,334,394,297,249,352,282,217,575,372,394,455,256,1001,182,224,397,528,401,285,271,363,403,520,429,294,414,1368,250,250,995,239,1183,187,213,343,462,299,114,222,378,1187,343,288,448,631,248,307,169,1668,172,338,301,276,219
"COG2189",296,243,195,222,171,481,211,375,317,438,90,290,241,180,250,274,501,697,71,518,294,132,300,98,375,246,355,298,1247,434,314,238,3,185,287,159,219,1353,781,656,254,490,215,1164,287,216,306,342,141,323,133,293,489,519,384,449,356,358,303,254
"COG2190",192,191,346,231,607,351,274,291,256,82,213,184,103,364,261,236,1119,430,452,213,333,219,369,561,214,322,307,369,245,261,315,317,1345,245,249,1576,237,2026,179,218,135,346,223,203,103,601,807,227,314,197,337,292,172,181,2020,157,194,328,150,81
"COG2191",1,1,6,11,15,17,12,3,15,2,6,16,5,1,3,20,1,6,2,0,10,3,7,5,10,0,3,6,0,42,45,7,12,8,6,0,6,3,5,9,11,21,21,3,6,2,3,5,9,1,38,9,8,10,1,3,3,6,7,3
"COG2192",0,0,110,14,75,30,0,30,5,12,3,24,8,6,1,0,5,40,0,10,1,8,3,4,53,8,0,164,5,4,35,73,0,10,8,3,7,0,5,42,15,76,0,6,0,20,0,31,3,0,28,9,14,8,18,25,0,27,16,1
"COG2193",51,154,43,89,40,18,77,32,58,85,52,67,59,74,113,68,9,3,59,11,87,107,94,47,61,2,83,48,52,39,34,114,145,27,78,13,68,17,43,83,128,18,96,8,83,25,3,37,29,98,29,54,76,24,50,41,100,47,67,65
"COG2194",1332,706,575,572,309,230,387,575,408,611,310,384,643,555,603,629,289,815,491,1430,308,544,492,238,482,464,491,280,1012,356,386,546,1505,179,425,69,380,304,440,779,614,500,536,1022,531,225,519,346,274,665,419,483,780,551,371,520,558,359,610,600
"COG2195",1601,1338,1454,1139,1017,1074,1380,1372,1285,1900,1602,1331,2041,1274,1172,1556,1232,1261,1264,2235,1301,1393,1059,1252,1036,1831,1079,1084,1470,1436,929,1310,1000,1295,1413,1080,1453,1734,1553,1546,1477,1352,1225,1757,1549,1181,721,1380,1525,1364,1458,1361,1319,1315,1247,1784,1314,1211,1655,1361
"COG2197",1264,2497,1420,5256,1075,923,2527,1554,1551,1795,1686,1504,1193,1711,2995,1271,565,629,3141,1343,2032,1597,1501,1118,1559,733,1715,1338,1406,1298,1132,3177,1378,1165,2328,984,2849,748,1138,1571,2642,2028,2831,805,1979,916,1885,1997,1692,3951,1380,1911,800,828,1317,1649,2118,1032,1910,4088
"COG2198",50,33,128,28,33,4,50,2,43,13,46,20,84,374,144,132,17,4,148,103,26,43,352,33,9,26,285,9,3,2,239,95,1497,31,37,48,11,69,13,78,49,114,122,35,4,17,5,21,21,49,109,17,32,4,166,8,103,27,54,126
"COG2199",826,737,1867,504,981,1781,816,2079,1357,350,808,1216,332,1628,855,1334,2239,1686,2201,548,1826,650,2834,2040,755,1117,1665,3212,350,1566,1361,693,5131,2359,611,1635,1021,1878,785,912,625,1665,621,1516,799,3363,1035,1309,1696,1212,739,756,1307,1818,942,1880,758,2126,561,854
"COG2200",322,357,811,243,334,712,408,835,603,158,319,401,208,1037,534,575,856,786,1495,274,1133,296,1461,718,361,521,925,1459,167,512,698,328,4075,1097,358,937,360,981,331,385,295,966,416,750,283,1263,741,574,671,802,425,302,845,646,670,756,454,919,221,498
"COG2201",41,54,112,10,25,79,26,95,98,26,77,53,7,23,40,68,120,92,117,9,132,40,103,98,33,59,103,200,30,65,29,32,121,116,27,43,58,194,46,49,28,63,11,131,46,159,9,59,85,88,27,27,63,38,22,102,18,110,10,36
"COG2202",124,269,261,501,138,74,165,103,238,104,135,190,215,358,446,380,57,29,527,145,267,194,476,236,177,39,490,122,49,137,470,470,2075,101,180,82,456,392,35,226,284,580,368,192,183,120,55,119,97,544,159,187,161,200,307,97,260,132,187,496
"COG2203",11,4,30,2,16,26,16,23,15,6,13,39,18,149,22,10,11,35,124,9,14,12,82,7,214,5,35,57,1,1,28,8,161,59,6,37,24,11,9,6,8,23,5,26,23,17,4,16,2,10,71,2,8,7,55,1,19,26,6,28
"COG2204",2247,2785,2565,3240,1484,1795,2039,1737,2156,2906,2863,1684,3456,2195,3018,2761,578,1937,2575,2701,2187,2966,1978,1869,2045,2309,2390,1154,2408,1558,1595,3088,1004,1589,4042,184,2733,580,3200,2250,3184,2149,3567,2057,2635,959,162,2449,2136,2469,1536,3013,1980,1235,1133,2490,2951,1282,2792,3507
"COG2205",1471,530,723,480,888,605,586,556,601,395,607,694,259,582,537,680,622,574,464,208,619,624,775,767,551,248,509,503,1351,569,723,497,876,614,704,785,651,649,757,593,492,732,485,1131,474,784,950,641,730,543,592,637,667,563,411,464,697,560,658,460
"COG2206",460,328,480,85,323,686,184,814,685,152,362,381,13,257,168,553,1137,823,258,55,435,208,608,1070,292,542,609,970,279,645,314,175,261,1150,111,538,538,793,286,391,122,435,96,354,419,1897,158,593,896,392,222,199,293,372,305,639,77,914,150,223
"COG2207",7739,15365,7996,16072,8056,6494,10247,7854,8246,8620,8851,8479,7152,11772,15056,7934,6235,6217,14404,6931,10222,9462,8785,7700,7404,6728,9309,7708,6664,7556,6813,12672,5814,9703,10033,6325,10788,4810,7447,8851,11122,8854,12937,5222,9803,7785,3991,11138,10182,13763,7209,9421,5713,5458,6378,8587,10876,7607,8558,15101
"COG2208",170,150,267,131,220,450,171,285,367,77,315,416,89,126,233,302,477,274,308,45,235,218,341,381,592,183,168,403,81,248,662,265,167,411,72,458,274,177,283,158,190,419,181,331,198,588,264,220,290,211,511,179,337,241,174,194,78,351,221,142
"COG2209",190,89,116,119,180,118,163,138,101,255,91,88,318,98,59,112,94,142,54,232,105,114,96,115,65,190,134,76,232,138,41,84,2,77,135,80,122,4,159,184,143,78,98,252,166,36,29,130,106,68,92,206,133,190,20,132,169,135,216,116
"COG2210",327,653,368,528,230,169,431,186,429,243,424,285,310,395,643,532,89,22,390,366,328,499,153,369,225,35,501,184,245,160,137,316,17,408,578,42,354,54,204,369,656,334,719,90,479,157,22,432,349,514,176,351,217,98,109,241,555,171,398,591
"COG2211",1432,995,1139,766,2268,1595,1312,1535,1473,1067,1275,1101,978,1427,678,1285,2117,1367,881,717,1176,727,1521,1303,731,1591,1427,1418,2276,1964,885,1066,2013,1090,1123,2066,766,1959,1334,838,804,1024,940,1933,1026,2318,2971,982,1593,934,4057,1184,1979,1589,1604,844,1216,1477,1048,922
"COG2212",0,1,1,1,0,2,1,0,2,2,2,2,0,0,0,0,1,2,3,0,1,1,13,0,2,1,0,2,0,2,6,0,6,3,0,2,1,0,2,1,1,1,0,0,1,0,0,1,3,4,4,3,2,0,0,0,3,5,1,1
"COG2213",25,96,80,62,59,11,30,94,32,73,27,18,67,91,47,93,176,38,56,48,24,13,123,18,21,50,142,8,354,24,70,75,451,12,8,88,29,16,46,47,22,31,35,18,30,149,530,4,58,18,43,9,47,26,137,23,49,19,77,43
"COG2214",223,271,295,247,201,308,285,220,227,223,244,289,182,261,273,259,293,268,199,329,267,301,204,307,287,154,301,269,160,229,333,250,188,313,235,295,268,155,196,231,286,283,312,139,215,279,104,234,237,393,314,263,187,308,183,276,260,245,229,257
"COG2215",4,0,1,3,2,0,3,0,1,2,2,0,7,96,6,10,2,3,7,5,2,1,42,0,0,2,21,0,3,0,7,9,68,1,1,21,3,3,1,3,1,4,2,2,3,2,0,0,1,6,32,1,2,1,11,1,6,0,1,4
"COG2216",168,471,421,627,273,214,466,211,326,239,658,375,318,473,558,501,55,36,570,185,369,476,354,278,311,53,383,196,328,185,298,576,397,309,410,61,414,127,711,339,561,408,651,62,456,278,751,471,379,422,339,499,374,95,171,270,493,223,501,482
"COG2217",1161,1551,2096,1298,2470,2337,1626,2033,2272,1454,1961,2160,1210,1433,1581,1823,2551,1592,1378,1441,2081,2123,2116,2382,2201,1393,2017,2093,1693,1603,2021,1469,1220,1685,1192,2356,1510,2711,1607,1322,1323,1823,1194,1256,1607,2155,2526,1551,1687,1109,2068,1700,1999,1477,2359,1578,1442,1656,1606,1296
"COG2220",752,630,534,1017,536,499,948,520,591,684,890,763,694,840,541,443,297,407,630,1236,379,795,473,488,876,811,523,528,571,530,478,838,175,591,730,237,805,343,877,616,913,727,795,544,856,392,531,666,742,717,614,749,559,419,396,572,721,452,841,602
"COG2221",48,72,133,38,89,70,55,127,82,37,103,44,32,64,42,112,237,97,136,34,151,55,56,126,61,71,49,95,52,50,77,68,61,102,34,115,90,96,48,54,52,176,89,47,91,285,154,58,63,68,94,42,81,45,72,73,32,115,57,23
"COG2222",96,58,104,61,357,100,102,89,96,44,180,74,105,349,163,127,312,159,265,82,98,118,181,351,75,119,296,104,97,129,226,141,622,68,166,346,71,114,60,104,100,169,97,64,59,178,164,133,126,114,396,60,140,99,266,75,97,161,86,54
"COG2223",8,7,25,5,22,1,7,1,6,3,3,1,17,112,17,25,2,4,27,16,6,6,95,12,2,2,63,8,1,9,32,25,259,14,20,29,8,72,0,5,24,30,12,10,1,4,1,2,2,13,31,2,12,1,128,3,21,2,9,18
"COG2224",2,0,10,2,7,0,7,1,0,2,0,0,12,73,15,11,1,0,19,12,1,3,52,5,0,1,36,0,0,0,29,11,203,0,3,18,2,7,0,3,8,11,8,6,0,0,0,0,1,4,24,2,7,1,30,0,15,0,5,17
"COG2225",8,6,48,10,11,1,12,1,1,4,2,1,33,69,50,31,2,1,75,52,2,2,151,6,0,4,144,1,0,0,77,32,237,3,11,23,3,13,5,22,16,31,27,3,1,5,7,2,4,16,12,4,10,0,77,1,56,0,13,37
"COG2226",235,382,234,279,132,192,238,160,184,342,195,197,316,262,272,222,104,184,225,342,172,279,250,119,138,213,233,129,202,168,178,205,164,227,216,109,125,152,216,212,347,158,329,220,277,59,22,213,179,273,186,222,284,198,296,287,293,158,314,196
"COG2227",19,70,86,33,22,19,21,43,46,12,119,61,14,74,27,53,3,114,16,1,9,87,51,6,82,5,35,34,2,147,56,74,23,15,129,9,134,8,38,75,31,83,22,27,76,11,1,40,67,55,25,55,35,79,19,29,45,16,53,115
"COG2230",35,79,114,50,51,49,69,121,92,38,36,81,44,157,69,86,96,120,210,30,59,34,86,188,64,54,88,52,114,54,66,52,288,91,30,175,77,59,32,22,42,67,44,54,52,134,282,48,128,141,71,44,92,53,432,27,34,34,70,35
"COG2231",1,0,1,0,0,1,6,0,0,0,0,0,0,0,0,0,3,4,3,9,1,11,0,2,0,5,0,0,0,0,23,48,0,0,0,32,1,0,1,0,0,1,0,0,8,0,1,0,0,0,0,0,2,0,95,0,0,0,4,0
"COG2233",772,667,736,795,893,830,835,928,684,799,760,695,955,872,768,886,1203,1240,1030,826,703,670,820,1104,445,1047,954,544,1018,749,784,734,1639,848,570,1386,581,819,743,753,715,938,700,994,553,1064,1587,622,662,757,957,666,886,1052,1264,648,689,757,678,608
"COG2234",545,977,591,843,418,530,464,293,624,433,527,559,479,479,1040,795,530,203,605,220,509,756,494,571,416,130,749,462,586,347,451,468,308,395,800,519,406,192,380,472,913,369,977,206,588,487,121,435,470,782,750,459,514,250,410,305,731,361,362,635
"COG2235",23,6,15,7,24,46,117,41,28,22,38,107,7,26,36,12,48,28,27,5,18,39,55,1,46,8,3,63,7,51,169,16,471,23,7,120,64,2,33,14,23,1,0,27,38,2,7,32,24,0,205,38,132,90,157,9,14,27,72,7
"COG2236",1,0,5,0,1,0,6,2,7,6,4,0,6,4,7,0,0,1,0,1,3,2,1,0,1,0,0,2,2,0,0,8,0,6,0,1,7,29,1,1,4,0,0,5,4,0,0,0,0,7,0,5,2,3,0,0,4,0,5,1
"COG2239",312,376,589,374,962,740,601,493,657,285,672,533,219,621,407,496,710,332,356,145,620,519,467,728,384,317,594,706,218,602,596,550,200,617,682,609,565,758,472,422,490,605,405,289,618,555,215,654,677,340,808,765,583,408,228,324,565,752,591,526
"COG2240",234,386,319,337,368,309,311,336,375,332,302,357,375,351,443,330,377,329,307,331,378,313,343,445,249,396,409,268,430,342,333,310,357,317,292,392,235,512,346,334,321,306,458,278,292,315,540,280,273,342,350,257,389,446,519,299,334,274,261,236
"COG2241",190,306,314,134,359,267,154,202,164,87,250,238,90,162,217,262,274,109,267,39,282,337,253,308,173,134,242,217,154,153,151,228,75,257,269,279,273,122,210,233,345,140,289,95,217,497,320,245,314,225,229,346,274,92,221,213,267,196,158,348
"COG2242",248,276,342,156,405,310,164,193,193,124,275,275,133,217,287,307,283,193,292,48,285,357,258,350,200,136,314,274,180,158,168,184,74,232,246,307,240,148,241,216,339,127,284,83,183,480,321,219,313,237,244,361,220,119,215,156,246,174,153,286
"COG2243",106,214,312,183,169,104,90,161,114,93,168,145,55,136,183,207,196,78,208,38,166,238,123,171,134,80,149,121,162,110,91,154,39,80,149,170,144,86,88,116,145,185,119,49,108,258,213,118,188,121,145,202,137,73,191,78,106,95,67,200
"COG2244",2096,2284,2223,3231,1708,2074,2064,1963,1955,1806,1919,2178,1664,1593,2275,1969,1888,1603,2114,1761,1945,2110,1465,1908,2796,1086,1849,2158,1829,2037,1789,2469,1171,1858,2514,2061,1928,2045,2047,2402,2057,2239,2361,1693,2008,2069,1310,2194,2155,3408,1833,1941,1787,1911,2333,2071,2643,1963,1834,2705
"COG2246",43,33,49,14,118,136,39,168,102,12,23,63,8,27,25,32,110,81,27,16,83,32,94,121,108,70,48,142,36,204,100,32,30,124,39,179,47,152,87,54,14,58,10,38,44,61,54,102,85,50,116,67,101,85,164,80,54,124,48,35
"COG2247",0,0,5,0,0,0,0,0,0,0,0,0,0,13,0,0,0,0,0,0,0,0,0,3,1,0,0,0,0,0,1,4,0,0,0,109,0,1,0,0,0,0,0,0,0,0,2,0,0,0,0,0,0,0,0,0,0,0,0,0
"COG2249",58,112,138,104,68,21,106,31,72,33,67,69,34,265,98,88,22,46,143,59,82,175,166,30,126,28,84,63,34,44,100,200,396,53,134,69,136,151,80,92,144,113,43,109,91,32,15,138,92,97,105,148,75,36,217,52,129,36,86,178
"COG2250",0,1,0,0,0,1,1,0,3,0,0,1,0,0,0,0,0,1,0,0,1,0,2,0,0,0,1,3,0,8,0,1,0,2,2,0,2,0,0,0,0,0,0,1,0,0,0,2,1,0,1,1,5,0,0,0,0,2,3,0
"COG2252",253,187,397,175,493,585,594,489,426,262,499,329,626,570,299,385,645,541,604,832,337,217,531,396,297,579,419,438,448,507,470,281,1318,574,324,1036,231,762,373,235,248,394,310,586,243,502,718,307,397,267,418,282,400,569,1387,478,369,499,423,190
"COG2253",27,0,2,1,0,1,0,32,0,56,0,1,4,0,10,2,0,1,0,297,0,0,0,0,15,0,0,0,1,10,0,0,0,0,0,0,2,0,44,8,0,0,0,297,6,3,0,0,3,15,1,0,3,1,0,115,1,0,0,0
"COG2255",453,290,434,259,465,548,466,420,470,566,509,528,519,453,342,395,453,472,289,558,448,420,454,411,677,405,404,498,417,462,552,410,225,516,409,502,475,451,557,438,368,480,389,413,467,446,535,425,488,272,532,432,571,531,495,478,434,482,530,336
"COG2256",499,325,566,324,542,636,547,519,566,589,601,577,605,447,387,471,567,523,355,530,497,483,606,484,707,645,448,585,481,610,702,464,431,603,473,655,557,625,673,538,415,513,382,644,555,516,576,506,551,366,691,517,642,744,725,545,439,579,635,356
"COG2257",14,17,24,7,8,12,8,32,30,8,17,19,1,8,5,22,51,35,27,5,41,12,28,30,13,35,21,64,11,18,10,6,34,33,5,14,32,61,20,20,9,26,4,73,19,62,1,19,26,18,6,10,24,27,10,52,4,43,5,4
"COG2258",56,51,61,19,183,60,53,107,74,35,44,49,39,89,47,75,213,107,60,25,75,55,94,174,48,107,126,83,85,63,101,44,192,70,30,173,57,63,56,69,28,104,33,35,49,200,246,63,67,33,50,77,77,46,128,40,72,89,40,42
"COG2259",78,234,79,187,61,41,75,52,86,94,59,87,69,111,179,102,18,13,122,12,85,119,110,72,63,7,97,51,69,34,56,134,130,44,106,30,49,26,48,72,135,53,150,10,105,34,0,119,69,199,43,76,53,23,71,68,159,52,87,137
"COG2261",2,4,9,1,2,0,9,1,0,0,1,0,1,15,8,1,7,12,10,4,0,0,6,3,1,1,10,0,0,0,10,4,51,1,1,25,0,50,0,3,0,13,1,1,0,3,2,0,0,1,7,0,2,0,128,0,3,0,1,2
"COG2262",650,552,530,392,611,573,500,512,599,580,585,594,695,511,571,551,585,570,450,735,530,547,526,590,402,585,524,527,586,556,501,454,391,581,508,660,510,563,606,505,501,505,538,636,619,538,385,548,522,441,622,541,581,596,518,613,573,599,586,431
"COG2264",381,339,434,339,529,438,392,380,433,355,476,475,296,333,373,391,333,339,304,469,392,450,396,423,287,259,363,441,430,388,315,364,273,457,380,391,410,429,372,337,366,412,316,401,415,441,310,443,419,318,462,450,393,420,388,444,411,453,394,341
"COG2265",655,516,812,513,779,908,651,817,876,656,710,834,778,706,615,673,1064,962,523,859,820,629,1051,1021,823,966,751,855,597,877,868,673,904,932,493,1240,670,1082,730,679,538,663,565,982,633,1038,730,783,838,504,962,673,882,1038,1066,971,630,1005,644,587
"COG2267",143,111,243,100,341,316,172,256,217,73,174,209,67,231,167,179,505,265,208,71,233,90,353,356,167,193,251,316,100,301,341,193,560,270,106,447,249,468,154,161,94,198,113,264,159,426,257,168,262,150,412,173,285,263,343,256,114,349,190,122
"COG2268",64,106,216,314,75,205,116,304,186,116,96,119,52,67,195,186,147,128,280,196,384,150,300,263,138,86,232,273,44,113,382,163,410,177,94,101,183,511,138,192,171,345,197,1241,210,230,50,194,196,225,115,125,197,123,138,314,122,195,156,182
"COG2269",4,7,14,6,4,0,2,1,1,1,3,0,13,52,13,10,2,4,33,17,2,3,57,3,1,2,43,0,3,2,28,14,255,0,5,17,0,17,1,9,5,16,18,4,0,3,4,0,1,11,17,3,4,0,32,0,21,0,4,20
"COG2270",68,61,118,35,255,131,98,91,104,47,89,44,18,60,59,77,206,132,36,13,124,23,85,245,55,105,160,35,67,107,117,82,76,103,72,226,37,322,84,68,25,83,21,39,59,176,244,76,124,24,144,116,107,82,190,81,110,137,77,26
"COG2271",140,164,265,502,215,151,355,185,321,108,329,185,601,360,186,201,24,228,464,111,186,366,258,92,188,639,192,119,71,301,156,220,561,74,123,52,128,63,421,249,332,121,154,135,294,48,13,318,343,127,372,444,259,41,233,77,302,118,450,383
"COG2272",341,68,181,64,83,250,214,203,85,654,160,187,637,97,53,122,209,515,63,461,170,113,162,107,233,848,134,219,584,400,91,131,22,179,215,499,170,281,563,422,129,276,56,668,124,123,295,260,300,44,335,193,376,454,375,189,260,263,339,159
"COG2273",486,459,322,870,178,375,620,535,382,422,287,305,372,576,648,461,121,494,699,1633,298,298,295,375,335,127,426,287,503,212,282,448,6,218,585,34,286,46,339,337,408,758,468,235,361,583,246,447,267,770,167,269,229,612,67,709,342,397,350,526
"COG2274",1895,858,487,512,657,282,348,888,705,392,432,423,582,606,606,769,762,1585,264,1192,777,416,776,830,1012,297,1106,382,1818,628,486,796,148,171,703,268,604,91,640,891,780,634,571,2195,600,385,120,474,301,379,445,494,901,693,606,1581,494,589,493,905
"COG2301",53,23,75,64,68,28,54,84,33,14,190,42,39,194,76,87,88,31,122,143,44,97,59,106,46,22,80,24,36,43,88,63,197,31,61,132,82,91,15,70,60,62,59,41,61,101,90,33,50,30,94,28,60,71,197,80,44,39,39,23
"COG2302",86,78,150,40,205,229,96,243,148,71,123,219,35,65,56,103,272,163,88,21,147,46,162,207,222,99,141,248,115,189,206,85,44,208,56,275,123,345,110,72,45,130,28,113,72,234,324,152,182,64,185,109,228,196,327,104,93,187,135,43
"COG2303",7,10,19,5,6,5,26,0,5,2,0,4,17,146,16,23,2,0,19,14,9,4,83,5,12,2,63,1,3,0,44,23,288,2,6,6,1,4,3,14,13,26,23,6,2,4,2,1,2,6,32,11,9,4,35,2,18,0,2,9
"COG2304",829,663,610,991,346,498,763,586,754,782,601,660,763,447,632,574,297,489,666,948,712,630,403,316,435,542,470,603,918,667,362,682,163,529,649,131,603,47,650,619,795,888,713,634,746,358,153,777,548,757,321,597,469,777,74,566,734,556,805,743
"COG2306",2,0,6,0,0,10,0,1,7,0,0,6,0,0,0,0,0,0,0,0,4,0,0,2,8,0,0,43,0,2,11,0,0,14,0,0,1,0,6,0,2,1,0,0,0,0,0,2,1,0,1,0,1,3,0,0,2,2,0,0
"COG2307",2,1,7,0,0,3,37,0,0,0,0,0,0,56,0,1,1,0,0,7,1,4,11,0,0,12,0,0,0,0,0,1,0,0,0,90,1,0,0,0,0,8,0,2,0,0,3,0,0,0,3,3,2,0,156,0,0,0,29,0
"COG2308",1,1,8,0,2,10,31,1,21,7,4,7,1,92,8,12,1,7,3,12,21,3,17,2,7,13,0,13,0,51,0,18,0,10,15,93,17,84,4,1,18,5,0,4,5,1,0,0,0,11,170,12,8,27,151,1,3,0,45,19
"COG2309",136,162,213,85,355,276,145,307,206,103,216,258,48,121,107,181,484,273,207,23,232,109,219,334,308,202,208,267,168,151,373,153,240,288,89,579,298,807,197,135,129,221,148,153,190,548,453,197,361,134,241,174,348,372,395,291,141,314,152,75
"COG2310",535,18,58,10,46,113,22,40,60,14,49,35,25,357,20,83,199,180,1,8,34,43,99,35,20,21,11,304,20,12,21,108,0,41,10,58,64,2,18,21,33,17,8,21,14,218,44,84,48,36,105,15,149,18,128,137,20,51,7,4
"COG2311",389,595,289,944,183,75,508,264,300,471,297,240,264,539,569,478,186,61,593,122,366,311,370,320,231,35,392,142,308,157,200,548,136,371,263,30,362,63,367,555,579,622,609,303,390,122,19,395,192,851,219,333,247,210,180,213,342,194,441,505
"COG2312",13,12,19,0,37,1,3,3,35,3,2,1,0,11,24,74,37,16,2,48,9,15,4,24,4,6,0,6,3,12,6,20,0,10,4,12,6,32,0,22,2,37,1,9,2,76,4,7,2,81,0,18,11,1,0,2,1,3,7,8
"COG2313",1,1,8,9,24,19,24,16,30,5,15,67,4,5,26,12,4,5,36,14,8,8,27,4,14,4,13,4,1,36,120,7,66,9,7,1,18,9,11,17,8,11,12,17,6,8,0,15,36,23,30,13,61,22,21,8,17,18,41,29
"COG2314",4,0,0,2,10,20,38,4,13,0,0,1,1,4,2,2,2,3,2,6,10,3,12,6,7,4,1,16,5,14,4,1,12,13,4,44,1,0,7,4,3,3,1,58,3,22,131,18,3,2,4,6,4,7,23,15,13,10,1,3
"COG2315",242,285,274,377,192,172,179,219,248,185,216,261,112,169,338,194,268,189,419,198,292,329,239,240,374,184,239,220,165,216,192,364,178,221,316,209,326,166,421,197,266,326,259,142,271,306,55,265,284,387,221,232,233,206,172,248,221,186,191,358
"COG2316",25,52,68,32,60,69,57,89,73,42,55,111,14,20,39,74,69,51,46,20,41,60,69,123,43,42,28,45,30,90,103,28,32,56,26,43,46,98,40,24,19,34,26,35,29,84,182,28,45,42,153,41,75,97,43,39,15,38,54,25
"COG2317",96,23,45,23,212,143,118,78,70,19,157,98,25,97,54,64,125,92,100,8,62,25,106,142,50,50,95,72,25,94,191,75,106,74,54,92,33,8,57,37,40,53,23,44,63,86,45,65,108,54,164,78,123,84,22,50,73,77,37,38
"COG2318",0,0,0,0,0,0,1,0,0,0,0,0,0,94,0,0,0,0,0,2,0,0,6,0,0,0,0,0,0,0,0,0,0,0,0,0,0,0,0,0,0,0,0,1,0,0,0,0,0,2,4,0,0,0,0,0,0,0,0,0
"COG2319",496,37,62,73,22,4,7,33,14,4,30,22,10,29,90,104,0,4,66,14,13,12,0,85,17,2,47,46,764,47,29,77,1,18,38,1,199,12,2,51,62,205,81,480,116,7,1,23,11,163,67,49,3,148,0,22,10,19,158,106
"COG2320",97,12,23,45,61,14,15,22,25,14,58,26,3,67,9,9,17,9,71,10,25,8,34,11,12,9,8,29,28,21,61,12,43,26,47,31,62,63,10,18,14,22,30,14,20,9,7,44,22,43,49,11,29,37,5,33,23,16,23,27
"COG2321",1,9,12,5,9,1,10,0,2,4,0,1,20,39,18,15,4,10,9,11,1,9,44,6,5,5,32,2,1,7,23,13,153,20,14,21,6,12,2,7,9,17,5,3,13,0,1,3,2,8,16,3,3,0,23,2,11,42,2,12
"COG2323",23,21,91,68,183,219,111,114,127,22,65,145,12,113,29,22,81,90,61,14,100,18,121,109,447,64,119,191,29,135,355,84,111,91,78,106,65,51,107,76,27,110,19,102,46,33,51,110,118,15,156,84,193,167,154,99,104,149,131,62
"COG2326",60,89,107,214,138,171,150,212,184,73,99,164,44,108,140,173,274,168,167,40,151,89,238,214,120,147,114,196,35,149,130,152,157,253,79,170,128,131,147,120,133,163,124,109,96,295,229,119,109,213,169,108,214,233,231,99,55,148,125,84
"COG2327",32,185,121,54,101,89,160,142,94,52,61,144,108,56,396,113,48,70,75,23,69,247,227,68,415,465,180,78,145,143,141,50,8,72,41,86,185,130,135,126,265,59,103,147,40,99,487,104,68,272,211,55,135,143,241,104,43,88,101,116
"COG2329",1,1,1,0,6,0,4,3,3,1,0,5,0,15,6,0,0,2,14,7,2,15,3,11,4,1,10,4,0,0,1,2,0,12,2,1,1,0,0,1,1,0,15,4,1,1,0,3,1,2,10,8,3,2,16,5,2,0,15,4
"COG2331",2,6,6,0,1,0,18,0,1,0,3,0,1,0,1,9,3,3,1,4,2,8,0,1,6,0,2,6,0,4,0,0,0,6,4,27,6,7,1,2,6,0,0,4,0,0,24,0,1,1,0,0,6,2,19,3,1,0,1,0
"COG2332",0,5,5,1,8,0,3,2,7,2,4,0,6,28,14,7,4,8,7,10,11,10,22,1,5,1,24,4,3,6,13,14,85,8,9,8,7,37,4,6,9,3,5,2,5,2,0,0,0,10,9,5,4,3,13,3,11,0,4,8
"COG2333",147,233,458,130,503,606,224,560,381,204,297,501,103,268,182,348,624,394,275,113,274,297,578,489,942,262,283,683,326,538,771,227,497,434,161,682,317,708,284,219,122,356,148,237,200,769,841,350,519,166,524,243,443,508,615,243,190,515,255,174
"COG2334",13,15,40,9,29,17,17,11,16,7,20,1,12,82,30,32,4,14,57,27,16,15,75,6,5,6,31,9,3,11,55,47,238,21,16,87,28,68,8,11,27,31,23,16,16,39,149,6,27,22,28,14,13,21,42,2,27,9,22,25
"COG2335",0,0,0,0,0,0,0,0,0,8,0,9,3,0,0,0,0,141,0,0,1,0,8,0,0,0,0,7,0,5,0,0,0,8,0,0,0,0,4,29,1,0,0,0,0,0,0,0,0,0,0,0,3,8,0,18,0,11,43,0
"COG2336",0,2,9,1,3,1,3,0,1,0,0,0,2,0,5,8,0,0,15,5,1,1,17,6,0,1,21,2,0,5,6,3,176,1,9,0,0,12,2,2,6,7,2,0,1,0,1,1,0,4,0,1,3,0,39,2,15,2,2,12
"COG2337",117,175,520,1955,1015,395,285,372,308,111,271,399,62,274,251,134,353,253,188,54,436,144,424,610,301,208,341,475,214,505,474,129,582,289,685,377,274,241,206,204,91,177,66,182,243,356,389,234,393,100,247,173,325,286,215,215,302,507,154,161
"COG2339",1,2,7,1,20,38,21,46,71,3,4,40,14,5,0,24,25,125,0,1,13,2,34,35,132,13,1,70,3,58,77,3,0,35,10,45,6,123,77,15,2,4,0,16,34,3,3,23,59,5,8,6,72,66,6,39,3,51,30,4
"COG2340",24,40,124,9,21,129,18,128,94,6,33,82,7,34,10,35,60,51,37,6,68,16,73,32,33,38,63,109,9,104,106,53,42,94,28,45,36,281,53,25,15,83,8,53,43,177,1,74,132,32,41,29,71,50,19,87,10,105,49,19
"COG2342",17,1,0,0,0,0,16,0,0,0,0,0,0,0,2,0,0,0,45,0,0,0,0,0,1,0,0,0,0,8,0,13,0,0,0,0,11,0,1,0,3,0,8,0,2,0,0,0,0,0,17,0,1,1,1,0,0,0,0,0
"COG2344",174,442,333,325,333,303,316,285,389,269,304,311,139,263,300,272,247,157,188,72,301,300,246,352,216,134,288,294,180,278,251,274,83,284,290,261,253,257,243,273,314,296,329,100,283,298,225,344,346,339,391,305,295,148,228,270,369,319,274,306
"COG2346",0,0,8,0,0,0,2,3,13,7,4,0,10,5,6,0,1,0,0,0,7,0,0,0,0,0,0,0,0,0,0,5,0,0,0,0,0,33,0,3,0,0,0,6,2,0,0,0,0,2,0,5,4,1,0,0,2,0,4,0
"COG2348",5,9,137,3,32,105,69,39,37,19,14,100,4,21,2,39,118,115,24,33,38,126,62,20,849,48,0,163,23,30,333,20,4,49,64,297,32,15,50,27,9,169,14,63,36,26,531,17,58,0,123,30,108,163,17,47,24,44,100,4
"COG2350",0,3,8,3,2,1,5,2,1,1,0,3,1,38,17,16,0,5,9,8,18,0,17,16,0,0,6,2,2,1,3,12,51,3,6,6,3,5,0,6,6,31,1,5,15,0,3,2,0,42,11,7,1,0,8,1,12,14,9,7
"COG2351",7,1,7,30,4,15,86,3,5,33,30,0,18,85,9,5,9,0,12,24,2,1,19,2,0,1,35,0,0,14,8,7,85,39,15,8,0,1,12,1,8,7,11,11,7,3,0,28,10,4,18,1,4,13,15,0,18,9,8,7
"COG2352",16,6,42,6,6,11,101,3,0,1,0,2,26,164,22,14,28,51,34,62,9,13,65,7,3,26,46,2,1,3,27,17,271,5,4,423,3,18,4,8,8,25,11,11,3,28,505,4,1,9,178,12,15,11,342,6,22,1,68,18
"COG2353",2,1,3,4,0,0,5,0,1,0,0,0,6,56,9,11,3,0,12,3,2,105,24,2,0,0,20,0,1,0,10,7,91,0,38,9,1,7,0,1,2,8,14,3,19,3,0,0,0,6,14,0,5,4,21,0,11,0,5,8
"COG2354",2,4,6,4,1,0,3,0,0,2,3,0,5,37,9,4,1,3,14,6,2,1,41,1,0,2,20,0,2,0,14,5,85,0,2,6,1,4,0,2,5,3,3,3,0,1,0,1,0,3,11,0,3,1,9,0,6,0,2,7
"COG2355",616,321,250,399,360,311,406,301,397,670,414,350,884,435,504,415,381,714,274,1052,325,396,316,333,354,725,319,264,696,481,329,381,225,466,477,213,213,150,538,481,457,134,323,471,342,242,104,335,323,353,360,258,425,538,366,497,492,348,470,329
"COG2356",81,27,24,1,9,59,18,68,16,28,49,33,60,58,41,87,7,5,8,619,26,11,39,2,8,2,24,19,0,78,39,24,93,23,92,10,17,74,42,67,12,16,12,161,196,2,3,0,19,10,20,12,42,134,17,183,16,341,130,11
"COG2357",238,197,276,120,294,331,247,455,329,75,199,352,52,155,172,225,669,375,185,71,276,251,312,443,430,218,204,564,197,346,264,142,358,374,113,714,239,610,172,172,109,296,108,185,155,888,597,289,328,241,219,155,276,362,553,256,150,393,137,114
"COG2358",68,58,163,50,147,182,107,200,192,48,93,259,48,85,83,140,172,148,127,36,217,70,128,338,121,123,138,184,44,135,137,108,114,156,114,190,145,172,143,139,117,244,109,128,100,241,115,125,168,63,170,130,236,229,10,230,76,194,97,50
"COG2359",0,10,6,4,6,28,3,16,7,6,3,16,1,10,3,6,6,5,2,3,11,2,3,1,100,3,1,57,19,46,49,6,1,17,1,1,5,0,9,5,0,6,0,11,1,14,48,15,4,1,26,1,8,28,4,24,5,16,2,0
"COG2360",144,76,21,22,23,24,44,66,32,157,71,42,214,103,25,43,82,207,20,355,58,60,117,13,58,289,44,17,118,96,16,120,99,86,109,8,89,9,198,138,48,26,35,163,24,16,9,67,54,19,54,88,76,145,42,178,40,14,60,96
"COG2361",194,23,89,85,39,69,112,97,68,276,60,49,117,77,73,38,32,136,128,114,82,39,43,14,32,178,28,115,117,212,80,78,0,120,57,11,104,5,106,61,47,45,76,139,105,30,7,78,32,107,36,35,76,36,92,216,69,102,77,79
"COG2362",5,12,14,20,27,34,42,12,8,3,20,10,5,5,26,15,47,23,56,1,8,13,13,9,22,9,8,9,6,16,89,8,122,6,13,51,23,23,6,20,15,40,22,7,10,8,1,6,19,49,15,21,21,2,47,7,7,11,24,4
"COG2363",4,7,11,0,7,0,3,0,2,3,1,1,5,22,12,14,2,1,13,6,0,3,21,1,2,2,21,1,0,8,15,3,113,7,6,8,3,6,0,5,8,5,5,9,1,2,2,0,0,3,4,1,4,0,21,5,6,0,1,4
"COG2364",128,158,244,203,216,280,285,262,213,178,228,163,319,313,136,224,413,254,311,120,199,237,180,185,177,576,113,203,245,252,185,223,114,264,206,323,248,412,170,205,126,320,111,205,177,471,313,225,175,222,343,113,190,293,249,209,118,264,154,153
"COG2365",113,209,311,379,438,149,151,134,162,53,172,162,31,166,256,189,183,62,353,22,191,251,157,251,170,61,258,159,101,131,153,298,24,163,235,454,254,293,205,173,291,455,271,34,203,84,95,274,251,404,184,427,161,121,550,108,251,152,222,384
"COG2366",0,1,19,0,0,0,9,0,6,1,2,0,0,0,0,1,1,0,0,0,0,32,0,1,0,0,0,0,0,0,0,186,0,0,0,0,0,0,1,6,0,2,0,0,10,0,0,0,1,1,18,9,23,0,4,0,6,0,1,1
"COG2367",981,372,359,322,321,218,296,272,216,499,286,259,427,252,237,239,466,135,227,104,259,597,240,247,244,545,201,480,501,338,110,348,470,173,490,202,323,193,508,328,388,280,298,55,249,202,276,336,294,309,326,332,282,356,387,412,557,245,185,1279
"COG2368",12,10,27,17,33,15,99,18,16,16,23,62,21,101,39,39,10,11,71,8,24,27,30,14,39,10,101,22,1,36,79,47,16,12,16,26,41,5,15,55,80,60,58,25,18,17,19,19,16,15,193,23,50,22,16,21,20,22,94,45
"COG2369",19,31,2,18,1,17,17,59,34,10,16,27,27,15,5,46,8,17,290,15,77,343,20,36,71,2,29,26,1,68,21,6,7,34,3,6,1,1,14,23,48,5,23,14,18,7,8,17,52,2,5,1,2,18,1,111,110,79,57,291
"COG2371",11,10,17,6,16,18,10,8,23,1,21,4,1,40,7,19,26,10,0,11,26,13,13,6,7,1,5,21,4,6,8,17,0,9,1,28,5,110,16,15,8,16,8,73,12,29,6,19,8,4,13,2,9,6,4,3,5,60,7,2
"COG2372",1,2,4,6,1,0,8,0,0,1,0,0,4,28,8,6,0,0,9,4,1,0,31,3,0,0,17,0,0,0,11,2,69,0,5,13,0,1,0,1,3,9,5,5,0,0,0,0,0,4,11,0,0,0,17,0,6,0,1,8
"COG2373",1689,1122,1127,1705,721,591,1220,849,825,1209,1162,818,2258,1173,1217,1477,306,843,1271,2636,1111,882,927,720,598,655,884,672,1533,614,776,1248,646,729,1035,116,1618,104,1249,1457,1577,1255,1557,932,1607,251,57,1261,876,1217,782,1509,584,668,371,1189,1182,887,1647,1625
"COG2374",102,314,27,1,42,16,4,4,48,133,15,35,0,1,264,108,21,1,0,10,88,152,21,0,1,3,160,25,24,25,14,4,1,5,39,0,85,1,17,89,2,4,190,9,97,0,1,35,58,1,27,12,85,4,1,24,40,59,33,10
"COG2375",1,5,17,2,4,0,2,0,0,1,0,0,4,34,10,7,1,0,13,6,3,1,35,1,0,0,25,0,0,0,13,5,111,0,4,12,1,2,1,2,4,10,5,1,2,1,0,0,0,3,5,3,1,1,25,0,10,1,2,15
"COG2376",71,137,131,101,134,85,69,176,48,128,156,131,135,193,212,208,113,65,358,92,111,121,191,84,156,73,65,114,349,88,262,247,614,57,119,182,197,407,60,98,183,98,136,26,146,264,1199,54,47,124,187,82,72,42,133,67,96,76,114,96
"COG2377",2,36,77,30,29,67,39,13,60,5,87,68,31,72,56,33,3,19,21,32,16,61,55,10,56,7,56,22,4,97,77,82,113,27,95,14,122,72,95,41,48,58,48,126,41,17,5,61,95,11,51,58,41,17,30,14,36,26,18,44
"COG2378",201,161,401,202,83,224,201,168,206,143,101,240,59,162,182,100,100,84,466,173,159,261,229,177,126,43,106,280,106,190,343,196,690,141,49,87,267,262,138,237,254,79,119,169,153,57,56,84,144,197,335,255,202,117,94,215,227,176,173,126
"COG2379",6,23,79,5,255,135,89,76,112,10,30,98,7,95,0,34,50,100,34,6,104,12,123,180,81,25,95,35,46,109,92,26,54,92,63,106,70,97,91,35,33,74,12,46,78,18,89,61,64,45,90,65,138,51,8,70,73,87,53,19
"COG2382",693,438,437,265,241,314,321,298,393,615,543,366,1205,495,959,340,346,649,302,293,369,828,436,210,284,472,324,377,1059,422,181,352,327,507,539,108,480,144,546,659,528,330,401,435,350,317,23,421,542,191,303,449,242,491,217,408,530,323,345,357
"COG2384",60,72,103,47,106,207,62,178,126,41,86,111,25,50,56,78,208,134,57,29,115,95,115,143,138,105,46,219,113,172,182,56,80,157,38,197,85,271,64,70,34,127,32,77,64,263,272,136,135,59,174,52,91,177,256,105,31,148,62,41
"COG2385",304,515,570,376,595,621,420,551,699,327,577,654,246,416,503,475,586,394,320,132,532,535,441,832,715,279,646,600,357,434,529,428,222,691,481,457,486,446,382,380,414,503,554,306,529,807,529,604,631,456,551,417,514,596,255,373,519,631,380,360
"COG2386",1,4,4,0,7,0,7,1,10,6,7,0,9,29,15,12,4,9,5,9,10,3,16,1,8,2,22,6,0,10,7,10,37,10,6,5,4,42,0,4,14,1,2,5,2,0,1,1,0,8,44,4,5,5,8,3,8,1,13,9
"COG2388",56,138,61,132,34,16,114,69,71,65,70,83,48,89,165,104,21,9,120,39,79,80,63,72,74,9,89,51,35,31,38,98,56,70,72,7,79,75,26,49,99,75,94,27,79,26,7,39,21,163,32,42,50,21,59,38,103,43,55,83
"COG2390",56,135,83,80,97,79,109,97,27,42,71,68,52,375,62,134,52,54,186,64,35,74,125,73,45,62,31,38,235,55,75,72,198,17,54,229,60,206,54,20,71,35,63,47,36,144,750,43,22,41,156,54,66,31,423,43,85,34,103,62
"COG2391",3,18,31,7,7,1,22,14,8,5,1,2,29,37,30,59,12,32,54,27,1,3,65,10,6,11,77,4,4,1,65,21,324,7,8,16,1,19,2,21,14,30,11,2,1,3,3,2,0,11,8,5,7,3,71,4,28,0,13,30
"COG2404",19,0,0,0,3,0,0,0,0,6,19,0,2,0,0,2,0,12,0,0,2,5,15,1,0,4,1,29,0,13,14,3,3,5,32,2,45,124,12,9,0,0,0,0,8,0,0,0,5,0,12,5,2,3,15,14,1,5,0,1
"COG2405",1,0,7,2,12,0,2,6,9,0,11,9,0,2,0,7,17,13,2,0,17,22,5,7,1,23,0,3,0,0,1,1,24,0,1,3,1,0,2,1,7,4,0,1,0,0,0,3,1,2,4,3,3,8,1,6,0,3,0,0
"COG2406",9,27,25,113,19,11,36,30,21,7,20,13,11,25,67,48,2,2,94,2,44,24,9,42,15,2,34,26,2,14,48,62,1,13,35,1,27,5,9,32,44,91,86,1,22,10,0,43,13,101,9,33,11,0,14,19,39,14,44,61
"COG2407",756,1061,771,939,558,864,729,754,1092,897,1021,874,1053,912,912,935,955,731,723,964,826,1044,840,883,626,993,954,699,1335,768,546,1057,971,755,1209,577,752,475,879,999,895,998,1220,925,922,951,1124,1019,962,895,886,778,651,602,427,835,795,674,666,977
"COG2409",0,0,1,0,0,0,0,0,0,0,0,0,0,9,0,0,0,0,0,0,0,0,0,0,0,0,1,0,0,0,0,0,0,0,0,329,0,0,0,0,0,0,0,1,0,0,0,0,0,0,0,1,0,0,457,0,0,0,0,0
"COG2414",12,22,70,14,265,43,69,60,99,20,48,15,36,47,39,72,73,42,34,13,65,11,118,207,33,46,178,21,53,90,92,53,286,67,117,109,58,159,59,79,85,40,35,35,67,14,93,17,38,23,112,73,83,61,51,65,144,65,88,33
"COG2421",17,65,21,17,26,4,40,12,6,16,59,18,29,25,32,52,0,7,104,11,19,13,15,7,10,8,2,16,2,21,20,26,146,1,23,3,21,4,31,8,34,37,31,4,20,8,15,10,13,18,11,25,17,9,14,12,21,15,38,9
"COG2423",22,54,76,50,44,76,76,111,100,21,29,120,27,23,6,61,76,38,18,2,116,9,56,55,50,20,24,84,9,77,123,85,98,84,28,41,76,222,97,63,56,43,11,38,39,44,8,65,119,152,45,32,84,238,24,76,13,125,40,23
"COG2425",225,215,95,310,97,103,194,104,128,488,191,117,416,256,272,183,101,359,268,519,216,170,230,107,111,311,203,66,342,207,64,257,285,101,163,38,221,21,237,267,219,216,208,218,187,41,17,157,138,317,145,129,123,204,79,332,238,101,225,322
"COG2426",5,1,8,2,9,17,11,30,19,6,8,41,3,2,3,5,10,32,5,3,5,4,26,3,25,21,6,42,2,40,65,6,0,9,15,13,26,2,21,9,2,4,1,20,3,1,1,16,23,1,88,8,78,45,12,32,1,20,30,9
"COG2431",324,439,284,440,170,150,431,192,231,295,404,236,395,480,491,359,100,180,420,299,258,453,231,229,190,202,262,152,377,194,158,380,230,311,433,30,268,56,272,306,414,310,440,200,329,129,77,328,238,409,207,362,201,195,172,253,425,138,324,427
"COG2440",3,2,9,2,2,0,16,1,0,1,0,0,14,0,12,8,0,2,10,7,2,3,27,1,0,1,24,0,1,0,19,8,113,0,7,4,0,15,0,8,2,11,6,0,0,4,3,0,0,7,2,1,6,0,63,0,15,0,4,16
"COG2452",50,51,52,8,61,42,53,45,55,58,49,23,14,35,33,31,178,42,0,33,85,199,20,81,40,91,20,112,58,55,16,63,1,54,15,379,61,259,14,29,30,32,36,19,15,35,150,32,63,22,99,24,26,40,226,36,24,37,26,10
"COG2453",1,3,15,7,3,0,1,0,1,1,0,0,12,0,13,4,0,0,54,4,0,3,31,2,0,1,29,0,0,0,1,10,161,3,3,0,0,6,4,5,0,14,26,0,0,0,1,0,0,3,0,0,2,0,17,0,3,0,6,2
"COG2454",0,1,7,3,0,0,0,0,0,0,0,1,0,0,0,0,3,2,0,0,0,0,0,0,0,0,0,0,2,0,0,2,0,0,0,11,0,0,0,3,1,0,0,0,0,1,0,0,0,1,2,0,0,0,14,0,0,0,0,0
"COG2461",34,77,56,16,27,81,48,110,34,6,26,28,8,46,73,71,191,93,97,168,133,22,101,76,47,38,69,125,25,75,18,33,64,105,9,386,37,218,18,54,28,58,43,64,38,122,91,37,16,50,23,31,46,53,689,138,4,85,27,48
"COG2501",42,29,55,27,130,79,69,104,78,18,66,71,15,34,28,51,126,84,40,12,83,50,96,87,52,55,74,109,28,83,66,49,71,98,36,148,65,154,50,50,32,52,20,48,33,99,59,78,75,32,73,39,98,75,80,81,50,88,44,32
"COG2502",395,230,329,224,392,330,268,288,321,441,297,275,566,327,266,312,405,411,266,355,244,356,321,340,186,559,354,255,398,369,346,281,254,322,336,371,241,117,364,416,311,259,309,467,321,256,124,345,346,214,207,382,320,333,396,287,370,388,342,321
"COG2503",0,5,0,1,0,1,0,1,0,0,13,0,12,15,8,13,4,14,36,3,0,1,0,2,0,3,0,0,1,1,0,16,0,2,0,3,0,22,1,2,11,6,10,0,9,1,2,0,0,1,0,0,0,7,51,0,0,0,9,1
"COG2508",269,240,381,215,664,689,359,617,509,167,283,563,74,346,215,295,1141,541,413,119,396,302,471,654,388,443,376,729,153,780,582,247,550,547,230,1257,475,976,324,293,170,393,177,333,300,1294,662,415,538,252,551,282,583,368,470,530,223,628,260,165
"COG2509",588,431,702,339,796,834,588,662,766,472,696,824,501,458,376,618,811,693,394,668,752,627,735,873,999,619,623,683,649,780,817,621,212,927,679,778,792,554,851,708,589,700,525,693,806,888,764,886,857,423,1069,868,996,918,407,811,664,905,829,581
"COG2510",20,18,46,20,159,112,53,163,74,20,28,62,7,17,23,42,190,103,68,15,97,26,49,58,186,116,45,114,20,118,90,54,51,95,40,99,65,6,64,42,28,78,18,79,50,95,11,65,103,28,185,39,122,203,14,81,30,102,45,33
"COG2513",115,50,70,243,37,24,17,53,106,76,102,159,19,66,49,115,30,68,161,37,40,46,102,252,53,38,131,176,21,30,100,21,181,103,129,5,289,3,67,107,50,244,100,37,62,126,18,126,135,157,50,167,68,34,74,39,26,61,121,247
"COG2514",0,0,0,0,0,0,0,0,0,0,0,0,0,0,0,0,2,8,0,0,1,0,0,0,0,0,0,0,0,0,0,0,1,0,0,1,0,0,0,0,0,2,0,0,0,0,0,0,0,0,1,0,0,0,4,0,0,0,0,0
"COG2515",3,6,23,49,32,15,43,37,27,10,57,59,18,28,75,55,81,15,170,27,8,74,67,20,38,12,26,23,3,40,84,12,184,15,34,27,29,12,30,40,53,41,64,17,19,20,30,21,26,24,48,19,41,21,65,21,22,20,52,38
"COG2516",0,0,0,0,0,14,0,0,0,2,0,1,0,0,0,0,0,0,1,0,0,0,0,0,173,0,0,4,0,0,24,0,0,2,0,0,0,0,3,0,0,0,0,1,0,0,0,0,0,0,13,0,0,0,0,0,0,0,0,0
"COG2518",1,1,6,2,1,1,4,0,0,0,0,2,4,12,1,8,0,0,9,4,1,1,11,0,4,1,9,1,0,1,10,6,51,0,1,9,0,3,2,2,3,6,5,1,3,1,0,0,1,1,1,5,4,0,4,2,9,0,2,3
"COG2519",0,1,7,0,0,6,33,1,0,2,4,1,1,5,2,3,0,0,0,6,2,5,3,5,2,5,0,1,0,0,19,4,0,0,0,95,0,0,1,2,5,5,4,0,4,8,131,0,1,0,4,2,4,4,51,1,0,1,24,2
"COG2602",37,139,59,47,76,26,45,131,41,31,15,38,17,38,53,88,146,75,33,143,50,140,94,41,93,100,25,124,25,93,83,69,176,51,12,200,56,246,64,15,65,48,76,32,37,195,124,26,48,24,42,28,62,36,64,211,28,122,4,3
"COG2603",12,1,10,7,2,0,6,0,0,5,31,1,22,56,15,27,3,8,55,7,0,5,42,7,1,0,20,0,5,0,27,31,147,3,2,31,0,6,1,6,19,16,22,5,10,2,1,0,0,2,6,1,5,2,23,2,12,0,5,15
"COG2604",98,78,2,0,1,10,8,33,64,6,32,10,0,10,28,31,29,101,0,6,131,2,15,72,13,8,41,27,17,29,3,22,0,88,0,0,43,0,14,4,34,68,0,431,36,401,2,84,39,6,11,28,88,26,0,8,0,18,5,22
"COG2605",429,573,323,855,353,268,368,256,559,472,482,384,318,322,748,493,325,143,545,262,347,425,244,334,268,71,528,330,251,262,298,279,168,366,436,220,540,63,197,487,510,98,868,216,464,339,93,335,346,584,153,160,286,217,128,281,694,259,357,289
"COG2606",131,212,268,223,254,308,346,299,307,184,253,255,135,354,239,212,234,168,257,94,275,238,330,239,364,127,209,313,180,284,344,286,279,320,224,244,278,579,221,220,208,311,167,181,258,275,373,297,329,244,374,230,308,201,425,185,265,324,252,224
"COG2607",107,139,237,92,430,304,122,340,227,70,172,205,58,85,103,164,341,221,95,62,279,181,245,327,177,184,193,344,207,317,206,131,134,325,99,272,174,273,165,149,70,194,74,130,122,426,562,242,269,95,250,196,252,270,97,200,131,327,157,97
"COG2608",48,70,170,33,173,195,54,168,132,77,77,93,28,97,45,99,569,221,43,52,185,138,138,158,110,78,149,224,67,173,116,59,57,121,49,249,117,384,87,71,28,118,35,173,87,291,125,68,177,71,363,119,108,103,105,111,31,123,52,43
"COG2609",4,8,26,1,7,0,8,1,0,3,0,0,24,83,21,16,13,11,25,31,5,2,94,4,0,9,62,0,4,0,14,32,273,2,11,27,4,10,2,13,13,15,21,8,0,1,2,1,2,10,23,2,8,1,22,1,11,1,3,31
"COG2610",206,246,367,305,523,134,256,276,278,157,297,190,234,471,416,398,345,202,896,151,312,494,321,666,181,145,408,233,330,171,274,233,1446,280,275,392,244,395,162,249,283,370,437,130,233,518,962,245,290,397,448,312,194,134,288,180,217,138,272,284
"COG2703",43,53,62,1,11,37,18,67,41,22,37,24,4,19,10,48,105,71,2,6,80,11,68,113,24,64,53,92,27,44,17,14,1,137,1,45,70,176,34,31,14,60,3,48,39,170,9,43,95,83,21,29,44,50,1,81,7,118,9,27
"COG2704",186,379,449,263,240,131,392,245,284,303,360,240,269,426,342,384,86,67,446,499,236,493,267,158,202,105,293,163,275,174,246,376,1218,312,507,70,249,361,233,255,470,260,403,248,274,235,375,327,287,276,193,439,255,70,367,274,421,163,345,519
"COG2706",299,396,273,423,182,294,268,210,232,204,246,218,164,371,366,289,250,225,469,96,244,325,281,331,190,77,365,194,432,199,90,191,366,337,233,241,258,447,156,284,277,289,415,234,244,326,275,218,265,419,179,192,118,203,411,219,272,207,175,227
"COG2707",2,22,6,12,2,0,4,21,0,7,1,0,10,28,5,13,1,4,8,6,0,2,23,0,0,5,27,0,55,0,9,5,84,1,0,26,1,67,4,4,2,7,2,1,0,17,62,0,0,4,25,2,2,0,39,1,5,0,2,4
"COG2710",116,86,115,111,241,81,117,97,86,17,106,151,29,209,80,145,297,73,294,47,178,70,122,79,92,76,67,146,27,229,116,60,130,97,92,296,89,83,42,64,79,246,77,19,45,235,56,150,129,75,197,46,57,36,4,126,75,70,156,62
"COG2715",532,332,311,309,197,292,270,262,298,491,329,340,666,300,335,380,244,471,249,409,228,510,199,260,263,539,270,264,488,360,284,297,94,386,411,154,337,79,443,379,401,290,378,409,370,241,77,364,312,277,249,355,287,452,147,354,386,351,332,328
"COG2716",1,1,9,1,2,0,2,1,2,2,0,0,9,45,11,10,0,1,5,6,0,0,28,2,1,3,21,0,0,0,7,10,106,0,1,2,2,2,0,2,2,8,4,4,1,3,1,0,1,2,13,0,2,0,16,0,9,0,0,9
"COG2717",7,11,102,6,15,17,15,25,93,2,23,88,22,58,19,13,21,8,106,8,44,19,37,60,23,20,210,10,5,18,17,9,112,83,90,54,11,232,7,11,203,31,5,9,13,80,1,30,3,266,12,17,8,4,24,48,161,22,8,5
"COG2718",6,2,19,6,2,0,2,0,2,2,1,0,7,71,14,12,0,1,24,11,2,0,46,4,0,2,25,0,2,0,24,11,160,0,7,23,1,1,1,1,4,15,9,1,0,3,3,1,1,8,2,2,8,0,39,0,15,0,4,16
"COG2719",7,2,18,2,0,0,4,2,0,3,1,0,4,85,5,8,0,1,17,8,1,1,28,1,1,0,15,1,1,0,14,10,121,1,2,26,1,6,0,5,4,10,4,15,1,9,0,0,1,5,25,1,3,0,41,0,10,0,3,11
"COG2720",104,56,117,57,152,475,117,220,227,26,165,430,23,56,94,106,186,187,85,45,111,179,258,148,695,145,149,329,40,196,574,105,194,268,61,256,182,171,159,93,45,135,95,91,87,287,88,165,132,75,124,99,183,313,203,116,36,255,137,62
"COG2721",571,355,495,262,1408,421,385,427,376,590,619,338,660,506,524,480,537,479,628,655,424,622,450,497,350,582,504,435,332,551,265,309,914,493,539,336,357,243,397,375,416,394,451,170,375,346,551,367,432,307,578,516,384,312,162,370,458,410,332,376
"COG2723",360,207,532,225,1289,764,391,597,423,193,366,446,143,1264,451,293,1267,946,932,216,663,228,693,716,363,485,711,721,377,528,423,635,1708,461,714,1575,357,1706,470,343,153,609,266,350,236,957,682,367,854,280,787,498,537,565,2024,250,617,680,221,220
"COG2730",204,265,499,293,315,775,415,967,935,1221,619,665,1173,161,533,139,685,1012,468,143,768,358,635,166,737,1882,185,1183,536,815,284,494,100,735,799,423,561,266,943,1037,273,476,500,696,419,301,519,631,756,474,463,321,728,1395,204,741,443,930,302,421
"COG2731",301,255,326,309,241,166,325,267,213,253,251,212,268,309,174,197,192,246,364,417,235,323,261,230,179,193,201,132,292,197,137,311,502,232,272,156,222,247,216,211,223,285,213,232,304,192,439,288,388,240,165,245,180,221,270,333,329,177,232,291
"COG2732",4,1,8,2,0,1,3,0,0,1,0,6,10,25,11,2,0,0,7,4,3,1,15,1,0,0,8,2,0,0,17,2,95,1,3,4,0,4,4,1,4,8,3,9,1,0,1,0,0,5,3,3,6,2,11,0,9,0,3,6
"COG2733",24,88,14,39,5,0,49,81,21,66,4,0,46,96,12,56,10,19,35,10,5,1,64,0,43,49,64,1,172,0,33,18,230,16,3,20,3,99,23,16,8,43,10,50,0,87,512,2,14,17,54,4,89,20,197,1,25,1,37,21
"COG2738",180,303,238,198,164,319,252,181,284,230,226,267,128,189,270,241,247,117,173,69,214,331,225,263,205,78,194,292,124,198,216,233,72,269,278,211,220,145,182,192,299,214,248,92,263,260,59,276,240,371,260,257,237,193,177,193,265,259,232,236
"COG2739",54,39,85,26,235,139,76,138,106,32,77,126,15,55,50,57,152,108,51,21,118,56,105,132,191,81,67,154,33,168,167,64,48,145,54,163,77,212,81,59,32,114,22,73,60,157,75,98,143,55,84,87,118,150,185,147,75,150,73,30
"COG2740",30,35,74,20,82,136,39,111,54,22,86,84,14,53,37,58,130,81,56,11,63,44,87,115,163,67,58,125,52,88,193,52,28,87,25,111,66,127,68,52,21,71,19,59,48,108,143,61,71,30,110,33,105,139,137,76,41,118,56,22
"COG2746",17,34,53,9,13,14,30,40,25,9,32,34,0,18,30,12,51,33,1,7,56,27,7,95,16,10,20,87,13,18,12,40,369,54,0,43,23,105,30,44,11,19,1,117,37,63,0,17,43,44,22,12,20,18,209,76,17,25,13,1
"COG2747",0,0,0,0,0,1,0,0,0,0,0,0,0,0,1,0,0,0,2,0,0,0,1,0,0,0,0,0,0,0,0,1,5,0,0,4,0,0,0,1,0,0,0,0,0,0,0,0,0,1,0,0,0,0,0,0,0,0,0,0
"COG2755",2119,2117,1770,1645,1512,1341,1419,1517,1401,1732,1488,1417,1664,1294,1804,1649,1054,2323,1343,902,1720,1848,1230,1933,1160,1477,1494,1382,1911,1340,769,1434,311,1590,1531,724,1630,1002,1544,1531,1953,1291,1626,1218,1506,1480,1041,1670,1586,1578,1198,1977,1406,1759,746,1341,1881,1365,1566,1959
"COG2759",585,452,719,508,652,828,635,669,693,749,640,774,738,461,498,626,767,613,423,769,630,533,642,764,819,808,527,644,722,711,751,528,108,647,551,815,636,691,691,594,612,617,446,664,600,746,904,606,676,516,782,581,760,766,610,662,636,624,774,468
"COG2761",2,0,0,0,1,4,0,0,1,1,0,3,2,68,2,1,2,6,13,6,2,6,14,0,3,0,1,2,0,1,3,6,3,4,3,74,0,1,1,0,8,0,0,5,4,2,0,0,2,0,21,0,1,1,75,0,2,3,0,0
"COG2764",1,2,9,4,4,0,3,2,0,2,1,1,2,92,14,3,12,0,11,13,3,1,20,1,3,0,11,7,0,1,13,9,73,1,2,6,19,5,0,9,2,3,7,3,7,2,0,0,0,3,6,1,0,0,29,0,7,3,0,25
"COG2766",14,5,31,3,3,0,9,2,3,0,1,0,16,116,19,9,1,1,21,13,1,1,56,3,1,1,32,0,2,0,28,12,209,1,11,37,0,9,3,5,7,20,12,9,0,6,0,0,0,10,22,2,3,0,50,0,15,0,6,26
"COG2768",117,218,263,103,467,309,269,231,242,157,273,251,86,126,133,265,298,119,162,54,251,310,304,271,215,125,160,233,211,310,295,269,81,205,253,312,316,219,237,226,314,142,94,76,268,377,632,223,277,109,416,446,309,190,121,167,219,318,282,257
"COG2770",2,0,8,0,0,0,2,0,0,1,0,0,1,68,18,1,9,0,0,6,1,0,26,0,0,5,0,1,0,0,0,1,0,0,0,10,4,0,2,0,3,0,0,10,0,2,0,0,0,12,19,1,1,0,0,0,1,0,1,0
"COG2771",54,21,83,32,30,18,48,5,7,11,23,14,56,278,128,89,26,10,176,73,16,24,204,18,30,6,146,6,4,9,130,77,1024,8,25,40,16,47,13,53,41,93,52,26,4,20,40,10,18,60,82,11,21,20,208,12,116,14,36,135
"COG2801",1239,1225,1155,1795,1352,1520,1866,1934,983,2637,2299,1367,3617,1238,950,1951,1424,2043,850,520,2202,864,942,1020,2572,3150,2323,1431,2194,1425,2873,1490,4371,1243,1550,2217,1326,1541,1084,1326,1100,1932,734,2448,805,1504,2303,1922,1192,1277,2136,1422,2127,3674,2286,2417,1724,1520,1741,1008
"COG2804",66,109,270,74,91,416,165,336,217,82,158,375,105,206,89,159,177,240,214,92,349,79,803,214,147,170,230,430,134,218,467,177,567,343,67,314,198,549,282,126,91,231,125,162,158,223,378,143,231,122,109,89,320,534,485,235,106,312,154,75
"COG2805",58,97,233,73,105,358,137,329,168,72,150,252,56,82,111,140,285,200,131,42,290,134,521,299,126,164,140,465,134,188,294,118,208,265,48,268,185,385,214,121,89,193,89,104,114,254,386,139,213,129,109,82,217,333,189,297,66,306,111,47
"COG2807",5,3,55,18,9,4,49,8,1,7,21,24,41,100,37,22,10,11,79,42,19,7,117,3,2,5,77,1,2,1,25,17,293,3,10,11,5,6,39,22,8,30,33,20,16,9,5,2,1,12,28,23,20,2,85,0,25,2,26,21
"COG2812",1128,1178,943,828,784,1140,892,1114,1216,1204,1190,1250,1180,1002,1005,1183,1287,1156,820,1295,1048,1225,942,1095,1372,1137,1026,1077,1116,989,1070,916,599,1202,981,1180,1022,1135,1263,1086,1044,962,1120,956,1098,1175,1499,1061,1029,897,843,944,989,1249,1048,1045,971,994,962,934
"COG2813",6,14,34,8,15,35,34,2,6,2,4,3,22,133,32,13,37,38,47,32,14,6,118,5,111,10,96,9,1,7,52,21,242,6,11,62,6,91,10,13,11,24,17,96,1,5,30,17,1,18,27,4,12,21,189,8,25,12,16,24
"COG2814",296,329,311,372,188,192,309,352,162,351,247,198,467,693,244,331,125,268,424,309,241,261,434,79,200,372,305,184,577,241,199,297,767,221,261,238,311,120,314,328,332,159,304,406,206,155,913,216,200,190,348,355,256,311,456,126,282,197,394,291
"COG2815",87,40,232,53,178,384,131,287,178,16,237,296,44,78,106,80,315,209,117,60,197,111,241,289,397,124,112,256,37,192,352,140,130,216,45,524,165,279,89,107,58,160,106,87,98,289,322,153,228,120,231,81,159,310,505,149,30,253,167,61
"COG2816",297,220,311,211,233,179,263,248,224,285,207,207,276,247,244,278,320,267,221,326,258,213,200,282,118,316,246,158,256,224,139,190,281,252,155,304,228,265,231,277,223,299,242,260,261,283,241,292,250,279,169,183,199,303,176,302,237,242,221,254
"COG2818",109,232,191,166,101,118,132,106,165,116,161,219,96,157,241,145,90,66,197,34,154,238,168,125,325,22,200,120,82,107,150,168,136,78,243,90,203,114,127,130,202,203,175,34,145,83,29,97,124,152,105,209,117,107,233,70,191,79,91,177
"COG2819",91,270,252,96,482,242,101,218,180,68,109,136,114,174,156,127,253,170,65,50,223,124,218,311,307,147,217,164,191,233,87,112,1,146,300,228,180,49,117,120,118,113,102,80,151,139,311,157,196,109,125,164,215,228,54,117,233,277,82,122
"COG2820",346,230,316,329,299,276,293,307,282,356,357,367,245,279,292,336,317,256,310,412,205,445,223,263,172,271,319,260,267,252,284,306,275,248,306,132,302,69,276,314,313,318,296,206,313,238,133,300,290,301,244,355,264,296,226,351,299,289,321,280
"COG2821",8,5,34,3,8,5,25,6,16,14,14,5,34,100,28,33,11,13,19,25,18,8,65,6,20,0,37,8,3,23,20,36,184,25,13,11,26,56,4,21,37,26,30,9,12,5,7,1,1,17,17,20,25,13,17,8,17,10,16,23
"COG2822",6,4,13,6,1,0,9,0,0,0,0,0,11,66,9,11,4,5,18,11,2,2,44,1,1,4,33,0,0,0,18,4,131,0,2,16,5,5,2,5,7,16,6,4,0,2,3,0,0,4,11,0,2,2,21,1,11,0,5,14
"COG2823",4,13,23,7,15,0,25,3,14,12,9,1,28,94,43,20,8,12,18,23,12,10,84,6,7,4,73,11,4,7,24,40,257,14,9,13,6,90,6,21,20,20,21,93,4,3,1,1,0,23,20,8,10,1,42,0,31,0,10,17
"COG2824",2,3,23,3,2,0,7,0,1,2,5,0,15,21,24,7,0,15,25,9,2,4,34,1,0,3,20,1,4,0,14,22,193,2,7,29,2,21,3,11,3,19,11,3,4,3,3,0,0,6,3,0,2,3,59,1,9,1,2,23
"COG2825",8,23,40,71,14,3,28,19,32,21,13,7,18,68,60,20,6,11,101,9,32,21,43,13,13,3,27,12,5,9,25,32,122,16,11,17,31,52,7,29,27,31,51,72,20,11,1,25,8,66,17,16,11,5,22,15,45,6,38,47
"COG2826",518,546,474,242,2055,1100,418,1021,349,467,159,277,108,143,122,412,826,1592,178,262,415,1435,702,473,562,792,201,781,861,846,364,658,398,1231,208,1895,579,76,626,420,220,277,542,668,1121,1323,456,337,613,2964,379,225,754,384,1549,1132,333,656,420,323
"COG2827",23,14,41,19,66,27,33,52,24,14,28,48,14,52,45,30,103,44,50,13,34,36,41,45,52,49,35,43,38,65,45,32,68,24,14,141,48,94,30,34,13,35,22,16,30,46,96,27,43,35,36,24,58,44,202,29,28,30,40,14
"COG2828",7,5,27,4,9,14,17,11,34,6,28,18,17,36,22,41,20,8,19,38,6,122,39,89,19,12,9,9,3,36,34,23,152,6,12,59,14,8,1,16,11,45,10,10,25,57,84,19,10,13,84,12,12,12,20,8,27,9,21,22
"COG2829",11,7,44,13,11,15,21,13,9,17,13,11,17,60,35,38,1,1,12,12,29,8,35,3,16,4,18,15,1,12,35,20,96,7,8,13,18,2,9,10,32,2,10,17,30,6,1,4,3,19,17,7,22,4,45,4,14,90,19,14
"COG2830",111,208,170,238,100,115,123,64,134,143,129,116,121,170,228,172,25,6,198,37,116,244,90,101,100,11,175,61,72,55,61,206,1,102,152,9,170,16,112,113,247,120,236,185,186,51,4,175,119,176,92,208,79,21,33,71,219,172,170,191
"COG2831",25,10,23,25,74,8,7,56,24,12,67,55,21,143,47,45,19,24,175,45,16,104,23,4,7,13,5,13,10,29,77,74,0,35,15,10,54,76,11,13,122,36,38,167,50,8,8,10,35,16,42,22,19,1,147,15,27,14,68,38
"COG2832",21,33,48,31,24,32,25,42,32,26,29,22,24,51,37,34,72,60,40,13,19,14,60,49,28,19,30,20,51,34,23,35,99,47,8,48,21,73,24,15,19,19,20,12,14,76,96,12,30,14,17,14,24,17,83,9,15,26,15,17
"COG2834",3,13,35,4,10,23,20,5,11,6,6,9,17,52,25,22,8,16,19,8,13,6,33,11,195,4,26,23,8,16,45,29,100,15,0,14,34,63,2,15,11,9,16,103,10,7,3,6,7,11,14,9,29,59,26,16,18,10,7,17
"COG2835",4,3,5,1,4,0,2,1,1,1,2,0,1,5,5,4,2,4,9,3,2,1,9,0,2,0,10,0,1,1,4,3,35,2,6,4,1,4,0,1,5,4,0,2,0,0,2,0,0,2,2,0,3,0,1,1,3,0,0,2
"COG2836",6,3,21,1,13,4,5,5,12,2,0,4,2,6,15,21,43,11,0,14,41,56,3,9,13,7,4,28,7,12,13,6,0,32,1,17,14,0,2,13,4,12,5,4,3,5,38,5,2,5,2,10,47,21,4,4,3,17,8,0
"COG2837",15,36,63,215,32,18,42,28,19,12,18,11,31,136,101,69,9,18,162,16,72,27,71,35,33,8,87,20,2,16,20,109,221,20,32,26,94,39,7,35,69,150,127,14,45,16,1,19,13,173,61,50,11,2,122,27,40,16,41,131
"COG2839",34,40,53,40,31,14,33,16,28,17,38,35,12,27,53,22,3,3,56,13,31,77,8,8,27,0,16,28,7,9,17,58,0,29,66,2,27,49,16,28,65,47,29,9,44,4,1,64,52,47,25,69,17,8,0,10,59,15,63,78
"COG2840",4,9,15,9,8,1,14,2,12,7,11,0,26,70,22,21,8,6,22,27,12,14,37,2,7,2,32,4,4,7,30,17,201,12,14,8,4,47,3,7,13,22,14,70,4,6,2,2,0,5,19,8,10,3,34,1,16,6,17,22
"COG2841",1,1,6,1,0,0,0,1,0,0,0,0,1,0,4,2,0,2,7,2,0,1,6,1,0,0,6,0,1,0,11,2,40,2,2,0,0,3,0,3,1,2,1,1,0,0,0,0,1,3,0,0,1,0,11,1,3,0,0,7
"COG2842",30,8,17,6,15,13,39,40,72,12,93,33,12,14,35,51,14,10,24,391,26,51,1,44,105,10,3,60,0,11,84,19,13,44,9,2,28,3,218,31,5,21,0,2,15,1,20,53,42,4,16,118,10,8,1,43,8,60,70,25
"COG2843",298,793,505,435,349,730,426,391,499,230,334,458,135,273,429,457,459,285,322,59,438,604,555,573,719,183,464,926,284,499,457,461,93,546,481,534,536,512,309,370,511,534,549,194,553,511,308,541,547,488,431,461,513,350,332,1023,435,688,383,534
"COG2844",10,20,53,7,18,4,71,5,22,16,14,0,34,109,52,35,20,9,15,44,26,16,92,11,17,20,62,12,3,15,41,41,383,39,17,200,25,146,10,31,33,27,17,234,6,18,345,4,2,19,29,32,25,10,168,15,28,2,50,18
"COG2845",0,0,2,0,5,0,1,0,3,1,0,1,1,1,3,2,0,0,0,0,1,0,3,0,2,0,0,0,1,2,0,1,0,0,0,0,0,0,0,4,1,7,8,1,1,0,1,0,1,0,1,2,6,1,0,1,0,2,1,1
"COG2846",42,132,35,87,29,64,131,44,35,80,115,75,75,134,126,72,18,40,42,42,59,111,63,57,85,15,107,16,331,103,37,135,85,59,177,21,86,38,117,82,125,109,115,11,53,44,7,97,118,106,40,78,24,22,65,48,145,37,60,105
"COG2848",367,104,296,75,394,489,294,392,329,525,347,280,391,317,104,225,532,483,150,485,336,174,270,322,183,458,216,369,431,441,225,159,114,489,109,386,191,570,335,371,83,283,85,362,232,458,555,253,315,109,426,189,359,474,324,371,215,395,348,85
"COG2849",109,113,135,117,125,37,216,71,78,70,314,111,153,234,280,136,22,105,646,59,50,74,31,27,47,6,13,158,39,94,22,159,0,168,107,3,198,23,52,111,330,93,192,17,143,29,3,26,27,97,115,210,25,10,24,31,159,59,178,226
"COG2850",3,2,60,2,7,1,3,0,1,4,1,0,14,128,21,17,2,6,19,15,5,1,55,0,0,3,32,0,4,1,13,5,152,1,51,20,5,6,0,8,7,11,7,9,1,2,0,3,0,5,29,3,2,0,22,0,18,0,5,37
"COG2851",57,15,48,13,30,19,19,30,39,15,70,22,18,30,77,36,59,14,62,37,52,166,33,350,37,40,64,16,13,58,9,59,60,23,34,146,43,17,16,44,68,59,56,10,22,66,135,42,36,5,113,61,25,26,8,98,84,62,33,12
"COG2852",10,6,47,0,156,55,80,61,37,11,8,31,18,41,3,9,53,26,16,15,45,6,30,18,37,44,39,21,17,118,60,35,42,25,55,31,35,0,51,13,15,30,2,44,27,0,10,34,31,20,32,37,123,103,8,71,69,39,33,11
"COG2853",18,9,26,4,12,1,18,2,20,13,34,1,33,70,44,32,7,10,35,14,17,13,39,5,11,1,28,5,5,15,21,36,151,22,12,11,23,103,2,7,32,16,22,70,10,1,2,1,0,8,15,9,25,3,19,4,13,8,18,11
"COG2854",4,3,15,6,13,3,19,5,11,11,11,1,14,43,20,21,10,6,15,11,11,8,32,4,8,7,20,2,1,30,13,25,97,16,8,10,35,67,5,12,19,9,13,85,12,1,0,4,0,9,10,6,18,6,13,6,7,0,15,12
"COG2855",689,413,359,327,253,258,390,342,373,557,436,382,459,301,297,381,237,180,272,205,310,417,376,210,286,77,208,268,345,248,231,475,252,224,381,302,350,207,472,457,425,423,238,324,476,133,344,367,268,462,339,530,348,400,473,315,343,304,406,495
"COG2856",259,152,183,435,255,193,182,261,143,610,415,206,346,149,116,117,168,509,141,251,166,77,155,213,94,112,123,332,136,456,279,79,325,238,116,294,142,288,150,53,109,92,133,380,150,73,140,133,183,344,195,150,158,353,152,582,183,233,177,255
"COG2859",272,162,87,94,62,84,136,99,126,316,138,123,245,127,112,94,60,204,53,364,67,179,71,61,99,229,90,75,285,151,20,116,36,132,216,16,110,67,214,159,131,54,111,227,158,29,3,133,153,108,55,133,92,187,12,214,201,121,153,108
"COG2860",138,216,181,122,130,117,249,108,196,155,188,199,106,265,213,152,129,51,136,77,138,234,196,83,148,67,158,131,131,110,163,154,282,150,200,154,177,109,139,147,218,99,179,54,211,118,290,183,175,184,189,193,146,60,211,94,205,156,180,204
"COG2861",18,12,33,10,33,7,21,8,18,8,14,20,27,74,22,38,6,12,33,23,7,24,60,7,24,23,43,6,7,32,37,22,200,12,20,12,58,12,2,20,22,29,38,23,13,36,1,10,17,31,66,16,54,7,21,19,34,6,19,20
"COG2862",2,5,10,6,1,2,11,1,10,6,6,0,7,45,24,8,2,7,15,8,6,0,26,3,1,1,15,0,0,0,18,20,135,2,5,9,0,56,1,4,3,11,10,5,1,2,0,0,0,12,14,6,1,2,33,0,11,1,2,14
"COG2863",0,0,3,0,0,0,3,0,8,1,1,0,3,5,5,0,1,2,0,0,9,0,0,0,0,0,0,0,0,0,0,3,0,0,0,0,0,21,2,0,0,0,0,0,0,0,0,0,0,3,0,2,0,0,0,1,1,0,3,0
"COG2864",10,10,20,10,14,1,5,0,33,6,2,3,18,87,38,33,3,5,18,29,9,7,37,3,2,5,39,4,4,5,36,45,232,8,13,16,7,133,3,14,19,26,35,9,11,7,0,2,1,7,18,11,11,1,24,6,18,0,10,13
"COG2865",2305,1087,808,837,778,1339,1385,1697,781,685,1024,1095,1440,1003,1178,1041,1485,2052,756,1176,1199,1071,982,1045,896,4019,668,1293,2165,1772,1050,1167,74,1151,846,1254,1324,1156,876,1479,775,884,815,2074,1226,1115,685,933,1256,1236,930,1250,1024,1633,1027,1835,759,1011,1008,799
"COG2866",42,92,135,16,82,117,195,115,109,37,198,318,25,63,136,57,77,63,113,28,111,113,221,51,265,14,47,130,6,196,229,143,136,119,230,33,207,31,129,92,64,96,81,49,77,276,27,163,86,20,459,70,164,133,28,339,68,98,114,187
"COG2867",6,2,8,2,1,0,1,0,0,0,0,0,3,31,8,5,0,0,12,8,0,1,24,1,0,1,15,0,1,0,12,0,82,0,0,8,0,5,0,1,3,8,2,4,0,1,0,1,0,4,8,1,2,0,7,0,4,0,4,6
"COG2868",52,35,61,28,33,87,37,103,46,33,67,58,30,41,40,68,93,43,51,19,69,46,71,76,112,45,33,90,50,90,109,46,37,104,18,98,58,186,36,29,28,72,24,45,37,158,153,52,91,32,113,41,65,96,131,63,24,110,46,26
"COG2869",124,110,105,64,70,72,137,73,81,203,110,69,161,102,106,125,42,80,101,166,93,107,91,73,78,122,45,70,147,102,69,136,18,70,148,18,108,22,150,182,194,124,92,202,167,21,3,118,89,112,99,206,87,146,55,151,165,119,192,218
"COG2870",70,91,92,44,119,13,100,99,79,100,184,63,91,132,80,146,29,35,97,42,43,75,139,20,100,48,92,40,126,38,68,152,240,36,100,25,113,202,160,81,111,181,83,544,91,69,347,83,69,37,131,75,125,63,172,27,64,24,106,59
"COG2871",233,195,143,222,121,146,328,152,154,333,206,171,291,212,223,212,72,159,133,368,184,189,116,120,160,263,159,94,221,155,119,244,2,188,260,28,241,51,237,332,333,215,278,349,359,61,9,283,183,232,142,260,192,229,49,283,278,223,342,237
"COG2872",81,35,83,57,302,217,120,87,130,30,99,138,34,121,59,109,351,131,111,55,120,98,133,175,130,128,128,136,55,148,163,70,109,107,49,294,124,98,120,113,65,84,73,64,72,210,96,106,101,51,145,100,170,99,104,88,88,114,73,38
"COG2873",1088,904,1068,800,1030,835,825,1037,1111,1011,909,894,1600,740,874,1004,1325,1351,535,1202,1063,875,751,1186,614,1676,991,850,1298,965,719,786,265,1051,876,908,768,931,1060,1000,865,910,926,1356,895,1210,1189,906,845,858,951,876,1054,1201,449,1131,847,1031,978,713
"COG2875",222,380,381,230,371,229,177,206,223,139,303,248,169,217,365,366,197,128,223,48,266,374,241,392,204,129,387,251,253,129,166,282,42,194,352,177,259,124,193,201,359,238,404,55,216,298,362,222,249,283,232,312,215,101,168,141,289,185,159,314
"COG2876",411,455,400,379,699,346,429,415,421,548,466,442,675,384,348,480,355,281,407,597,443,476,335,453,319,508,527,272,609,420,293,423,92,340,515,308,433,290,522,417,526,374,488,362,480,293,795,405,402,261,580,574,448,390,223,459,574,402,506,421
"COG2877",333,352,223,286,139,118,233,208,192,337,281,232,388,274,307,298,77,215,263,184,166,351,166,147,166,315,184,109,547,237,129,341,159,149,286,31,235,116,316,250,347,216,326,318,280,100,251,232,189,264,167,342,217,199,205,146,324,173,277,278
"COG2878",224,237,296,214,407,330,266,275,319,330,412,289,409,278,222,318,296,293,214,197,336,258,274,303,219,370,301,243,181,320,224,255,200,305,254,187,295,217,359,283,256,294,316,264,330,285,92,355,327,238,393,296,301,336,155,246,248,310,297,257
"COG2879",1,2,9,1,2,0,4,0,1,1,0,0,9,32,9,8,0,0,12,9,0,1,25,0,0,0,24,0,0,0,19,5,97,0,3,7,0,3,2,0,3,11,1,2,1,0,0,0,0,8,2,0,3,0,14,0,5,0,2,14
"COG2882",2,1,8,2,2,0,2,0,0,0,0,0,9,1,3,3,2,0,8,4,0,1,10,2,0,0,12,0,6,0,9,4,71,1,0,8,0,2,1,4,6,2,4,50,0,2,0,0,0,4,0,1,0,0,19,0,6,0,0,6
"COG2884",322,310,333,259,347,462,376,408,377,403,351,428,345,288,275,282,374,357,244,400,350,360,294,334,519,448,313,430,309,412,421,295,218,404,351,307,385,453,401,370,290,295,293,319,377,324,445,356,392,304,446,416,469,461,298,412,323,375,360,329
"COG2885",1155,517,659,903,338,345,456,628,455,1139,617,349,1413,663,490,834,412,762,704,2019,592,617,492,237,455,1246,340,294,1336,829,474,687,686,374,707,129,433,146,784,1175,706,639,484,1494,911,104,36,371,264,1522,398,695,616,953,238,898,645,651,678,725
"COG2887",0,12,19,0,0,10,120,0,1,0,3,1,1,10,0,0,1,3,10,11,1,14,0,7,9,15,0,2,0,18,62,2,0,1,0,317,55,0,1,2,0,9,0,2,10,25,571,1,2,0,7,15,28,4,200,0,1,12,65,26
"COG2890",461,405,429,288,390,403,377,405,389,451,456,498,585,380,391,420,436,545,316,415,419,427,418,449,535,532,491,379,468,368,415,419,386,448,304,459,402,490,537,404,377,369,404,585,393,377,383,402,407,324,463,355,492,447,488,444,419,388,387,337
"COG2891",8,6,22,1,5,0,10,2,0,6,4,0,12,40,16,18,20,28,17,19,1,13,33,1,1,3,22,3,2,4,17,10,149,17,5,12,7,85,5,4,11,7,12,78,2,2,1,1,0,6,11,1,10,3,27,3,17,1,9,12
"COG2893",50,81,88,73,388,47,97,101,55,69,113,46,88,232,97,94,250,204,156,62,104,83,126,181,54,91,159,46,165,76,111,93,483,61,103,249,78,623,54,75,52,76,45,34,41,224,665,67,66,89,309,55,72,69,633,52,60,50,75,44
"COG2894",111,90,135,41,131,318,101,257,180,68,167,198,50,132,76,122,237,158,84,30,158,149,207,222,270,136,149,288,101,157,292,81,237,231,39,199,120,350,135,106,61,193,53,172,87,363,327,135,129,75,208,83,171,226,228,158,46,233,66,92
"COG2895",129,203,393,267,182,208,364,249,248,256,317,216,103,319,190,272,320,143,147,116,286,274,279,260,222,530,170,188,78,116,184,336,163,309,315,145,345,147,252,228,297,413,240,116,270,420,71,278,277,271,219,374,179,103,81,242,279,279,276,298
"COG2896",107,141,159,41,241,197,83,142,120,48,122,54,110,145,60,113,235,144,236,41,153,68,142,168,80,139,188,99,124,149,180,94,240,90,46,276,106,160,82,73,76,125,127,61,79,321,341,78,93,46,127,76,118,173,185,66,98,110,55,45
"COG2897",8,9,31,17,15,5,12,2,21,13,2,2,16,78,46,17,23,22,31,18,19,9,76,6,8,8,48,18,6,11,39,34,303,25,17,70,13,77,5,15,18,32,11,12,1,9,2,1,15,21,15,8,8,11,127,8,19,5,15,22
"COG2898",10,2,38,10,20,6,75,13,17,4,5,12,11,15,10,27,25,29,106,28,6,54,6,18,10,14,12,10,2,9,1,15,33,10,2,165,20,379,6,11,23,35,37,5,8,60,353,14,8,6,7,11,16,9,208,19,9,9,22,6
"COG2900",2,3,4,0,2,1,1,0,1,0,0,0,1,16,7,7,0,2,6,4,2,0,12,2,0,0,11,0,1,0,3,5,44,0,1,5,0,6,0,2,0,1,3,2,0,1,1,0,1,1,3,0,0,1,8,0,5,0,1,4
"COG2901",3,2,18,4,2,0,9,6,10,3,2,0,13,34,23,6,2,3,13,12,9,10,30,0,1,2,19,0,2,0,8,20,112,6,1,6,0,31,1,6,2,13,7,3,2,1,0,0,0,8,8,6,5,2,16,0,13,0,5,9
"COG2904",5,5,16,4,6,3,34,3,17,19,10,2,10,59,24,20,2,9,16,14,28,4,54,4,15,0,35,6,3,3,22,26,174,1,3,15,4,65,0,20,15,11,11,90,7,1,0,5,1,7,18,5,9,5,35,3,18,7,16,20
"COG2906",0,2,3,1,2,0,4,0,0,0,0,0,4,15,6,1,0,0,6,2,0,0,9,1,0,0,9,0,0,0,0,9,44,0,3,6,0,5,1,0,2,4,5,2,0,1,1,0,0,2,3,0,1,0,9,0,3,0,0,4
"COG2907",0,2,1,0,0,0,1,0,0,2,0,0,0,49,1,0,0,0,1,3,0,0,16,0,0,0,0,0,0,12,0,1,0,0,0,6,20,0,0,0,0,0,0,3,3,0,0,0,0,0,10,0,1,0,0,0,0,0,0,1
"COG2908",388,368,269,407,167,142,337,209,261,402,332,216,335,306,379,314,115,223,285,448,240,384,244,178,175,283,288,175,412,184,115,309,122,286,380,25,277,94,370,299,372,250,385,375,326,75,7,299,247,388,142,340,243,252,127,247,383,181,280,322
"COG2909",36,27,243,16,92,88,80,212,179,22,30,147,19,186,38,77,105,91,73,68,114,87,174,198,54,43,97,78,18,154,217,43,243,160,33,83,77,229,82,37,29,67,41,74,82,43,66,99,154,89,94,61,124,59,38,125,59,97,62,45
"COG2910",15,21,6,119,23,18,39,19,33,20,24,24,1,13,45,14,5,4,108,6,34,19,13,18,25,15,33,22,1,83,49,47,3,16,43,59,43,11,33,26,37,46,69,70,20,9,160,20,13,93,55,20,64,35,102,21,11,75,51,52
"COG2911",49,182,97,78,71,20,103,191,145,143,103,32,134,249,115,128,22,69,117,76,69,53,85,13,80,118,109,15,347,32,88,134,410,19,29,49,35,618,79,36,49,84,55,460,41,180,947,11,12,45,279,62,164,44,349,34,58,19,118,61
"COG2912",2,4,11,3,3,0,7,1,0,1,0,1,11,32,9,8,3,5,12,6,2,0,23,2,0,1,26,0,0,0,20,18,101,0,1,4,0,6,0,2,6,7,5,4,0,0,0,0,1,9,10,0,2,0,28,0,11,0,3,11
"COG2913",4,4,12,4,2,1,11,2,6,5,4,0,17,27,12,11,11,12,8,6,10,2,25,0,0,4,19,0,2,5,15,15,83,8,4,6,12,43,3,7,10,9,5,47,3,2,0,1,0,7,6,3,7,1,23,1,8,6,4,10
"COG2914",3,3,6,3,2,0,6,0,0,0,0,0,3,43,6,6,0,0,10,7,1,0,14,2,0,0,12,0,0,0,7,9,71,0,0,4,1,0,1,1,0,4,0,5,0,0,1,0,0,1,4,0,2,0,15,0,6,0,1,9
"COG2915",1,2,12,4,1,0,2,0,0,1,0,0,2,28,5,3,1,7,7,4,0,3,22,2,0,0,22,0,1,0,11,4,81,0,6,5,0,2,1,1,4,8,3,68,0,1,0,1,0,4,6,2,3,0,16,0,7,0,8,7
"COG2916",4,9,13,5,5,0,4,2,0,0,7,0,4,112,10,11,6,4,16,12,4,6,28,6,6,2,18,1,0,3,22,9,263,4,5,11,5,12,0,6,11,9,5,54,1,2,0,0,1,20,23,0,5,0,42,1,12,0,6,17
"COG2917",5,5,14,0,7,1,15,3,11,6,2,0,12,37,11,15,3,5,10,9,9,2,15,0,9,0,21,2,1,6,5,16,80,17,5,3,7,53,2,9,11,7,2,63,4,2,0,0,0,9,1,3,11,2,19,6,12,0,8,14
"COG2918",13,114,35,331,8,6,307,0,37,55,1,3,25,94,23,176,19,27,36,139,8,39,52,5,6,7,33,3,4,0,23,28,149,7,93,26,11,11,19,13,3,17,8,8,1,2,40,164,3,4,18,5,45,12,96,0,19,5,16,5
"COG2919",5,5,9,2,4,2,43,4,8,2,1,0,7,33,12,11,8,10,13,14,9,7,30,6,7,3,14,3,0,4,8,14,46,12,1,64,11,28,2,8,7,4,5,53,2,7,120,0,0,6,9,7,8,9,60,2,9,4,7,3
"COG2920",5,6,9,3,4,1,6,1,1,2,4,2,5,19,9,8,0,3,9,4,3,2,20,2,8,1,8,2,0,1,10,6,80,3,4,5,0,3,2,6,1,9,12,57,6,0,0,1,1,5,5,0,5,1,20,1,6,1,4,10
"COG2921",4,2,8,1,4,0,8,0,6,4,4,0,12,23,10,8,2,2,3,8,6,5,13,1,1,2,9,4,0,4,5,13,62,7,4,6,0,37,0,6,9,5,1,5,2,0,1,0,1,5,5,3,5,2,9,0,6,0,11,6
"COG2922",5,4,3,1,3,0,1,0,0,3,0,0,4,45,13,3,0,0,17,14,0,1,21,0,0,1,13,0,0,1,20,15,78,0,3,9,1,6,0,6,2,6,8,10,0,1,0,0,0,4,16,0,3,0,16,0,9,0,6,7
"COG2923",2,3,7,2,2,0,0,0,1,0,0,1,5,24,8,11,2,3,16,5,4,5,31,1,0,2,20,0,1,0,7,6,89,1,2,8,0,9,1,2,5,10,6,4,0,1,0,0,0,2,8,1,2,1,13,0,10,0,2,12
"COG2924",3,3,8,2,2,0,7,0,4,2,5,0,6,26,14,11,2,2,6,10,4,6,14,3,4,0,17,0,2,3,10,16,64,5,1,4,2,43,1,4,3,4,2,1,5,1,0,1,0,4,3,4,6,2,17,2,8,0,4,10
"COG2925",2,13,27,4,9,1,20,6,26,10,16,0,20,80,23,19,13,7,11,22,23,8,35,5,15,4,19,5,3,14,13,22,134,24,8,15,9,113,3,22,18,7,12,13,7,4,1,0,2,19,23,15,15,6,19,6,13,0,14,30
"COG2926",3,6,6,2,2,0,2,1,1,1,14,0,8,35,12,20,0,2,24,7,2,4,17,2,0,1,9,0,3,0,12,23,79,1,3,3,0,9,0,2,6,8,12,2,5,2,1,0,0,5,6,1,1,0,17,0,8,0,2,7
"COG2927",5,2,14,3,2,1,6,2,1,4,1,0,3,37,19,13,1,2,9,10,3,2,21,1,2,2,12,4,1,10,16,7,113,7,7,7,26,11,2,11,6,7,10,2,3,1,1,1,0,12,10,6,6,2,17,6,18,5,8,8
"COG2928",18,21,1,5,0,0,2,21,3,18,30,0,19,13,7,26,6,0,33,7,1,10,0,2,5,3,1,0,42,6,0,15,0,7,0,0,17,1,9,8,8,8,6,0,18,20,146,1,0,0,0,0,5,0,1,0,0,7,0,9
"COG2929",12,7,10,1,3,16,34,16,8,0,0,18,0,4,7,5,27,6,0,3,8,2,16,2,4,3,1,25,2,38,7,0,103,6,50,44,23,5,12,24,1,11,3,15,5,0,2,16,6,2,0,21,8,21,14,5,40,17,5,6
"COG2931",13,46,53,335,52,62,74,113,40,16,37,59,11,37,249,22,12,13,327,0,120,22,63,18,120,6,87,96,10,76,22,133,1,67,60,38,263,175,25,41,112,261,77,24,56,33,3,119,227,181,44,38,35,32,2,93,34,153,29,189
"COG2932",59,47,100,32,129,83,110,111,125,26,100,137,54,127,78,104,164,106,67,31,125,65,149,199,81,127,108,103,65,113,209,76,50,106,60,154,112,184,64,54,56,97,49,75,87,248,64,86,72,49,32,102,159,72,70,68,119,146,64,61
"COG2933",2,6,13,6,3,3,7,1,0,1,4,0,11,58,15,9,3,5,10,6,0,4,39,2,2,4,33,0,2,0,17,19,136,2,4,10,3,5,2,10,4,13,7,7,0,3,1,0,2,2,12,2,5,1,17,1,9,0,2,9
"COG2935",0,0,13,0,0,0,14,0,2,0,0,0,25,0,0,0,0,0,0,10,2,8,0,0,4,0,0,1,0,0,0,0,0,6,0,0,0,0,1,0,0,0,0,7,0,0,0,0,0,4,0,0,0,7,0,0,3,0,0,4
"COG2936",139,434,115,222,97,200,115,80,247,284,114,181,171,138,276,181,86,19,108,16,237,199,125,189,148,68,279,66,179,124,92,117,39,123,197,70,66,82,87,188,235,25,289,28,212,116,7,96,233,311,46,108,162,51,149,90,332,123,200,98
"COG2937",16,12,39,13,10,1,16,0,5,4,0,0,35,138,30,34,7,22,33,47,7,8,115,9,0,9,98,0,4,1,53,29,474,3,9,29,2,23,5,23,12,24,25,268,1,3,1,1,3,14,45,6,7,2,57,5,26,0,11,42
"COG2938",2,5,9,1,2,0,1,0,0,1,0,0,6,24,7,4,2,4,10,3,0,0,27,1,0,2,16,0,0,0,5,8,74,1,4,9,0,2,0,4,1,6,4,2,0,0,0,0,0,2,5,0,2,1,11,1,8,0,3,11
"COG2939",0,0,3,0,0,9,12,3,0,0,6,1,5,0,0,0,62,27,0,4,0,0,1,0,3,12,0,0,0,0,10,0,0,0,0,0,0,0,0,6,0,0,0,7,1,0,0,2,25,0,0,0,3,2,0,0,1,2,10,0
"COG2942",463,471,487,841,330,393,537,387,546,669,435,421,318,352,418,349,232,466,386,112,345,548,508,213,413,426,336,427,602,347,277,623,303,216,625,199,526,151,662,535,605,740,589,415,391,297,282,454,626,409,251,550,305,379,364,304,570,346,425,686
"COG2943",4,6,24,9,3,1,4,1,0,0,1,0,30,118,19,17,1,1,23,15,1,7,84,5,0,0,68,1,1,12,57,25,388,0,14,14,32,10,2,12,9,23,15,8,6,3,0,3,0,13,26,1,21,1,40,4,17,10,6,33
"COG2944",10,16,5,5,72,3,3,9,11,3,2,9,3,35,34,26,6,3,40,28,15,4,29,1,16,14,25,16,1,37,22,20,105,3,1,11,3,29,4,5,10,32,8,11,1,21,0,12,5,11,14,10,14,11,27,21,56,16,4,55
"COG2945",0,0,0,0,0,0,0,0,12,7,7,0,0,5,5,0,0,0,0,0,11,0,0,0,0,0,0,0,0,6,0,10,0,0,0,0,8,44,0,0,0,0,0,0,3,0,0,0,0,4,1,3,3,3,0,0,0,1,6,0
"COG2946",88,86,169,242,339,128,54,164,102,32,123,95,40,123,163,131,316,276,207,112,61,77,151,392,178,144,143,78,38,99,145,184,680,71,35,545,107,702,80,111,72,142,118,78,77,374,286,97,193,107,181,105,79,76,343,166,30,152,105,36
"COG2947",0,4,3,1,6,1,15,5,2,6,5,1,10,0,6,17,1,3,2,0,2,2,1,0,5,0,0,4,2,5,1,3,0,6,3,4,7,6,1,3,6,7,1,1,2,0,0,0,0,0,1,2,5,1,0,4,1,1,0,0
"COG2948",14,25,2,1,13,6,0,1,1,6,15,1,15,69,9,0,3,2,0,7,14,1,0,4,4,0,0,6,112,40,6,20,0,6,11,2,129,9,0,1,5,17,17,0,9,0,0,8,3,4,24,3,29,1,1,0,9,41,7,1
"COG2949",17,23,45,167,30,73,68,37,40,10,14,58,32,56,67,37,5,40,100,11,53,25,90,23,219,10,56,85,0,61,101,79,157,44,46,14,32,8,32,41,62,92,46,161,53,5,3,26,16,116,142,31,68,69,29,56,45,52,36,68
"COG2951",2,6,17,11,12,0,12,7,6,7,13,1,20,56,20,31,7,7,29,23,9,9,47,4,11,2,46,4,1,21,23,19,199,20,17,11,31,11,2,16,24,16,20,129,12,4,2,1,2,12,12,6,16,2,26,7,11,8,7,17
"COG2954",430,190,206,184,196,196,232,269,194,385,194,246,386,162,147,188,305,461,165,204,201,215,142,220,272,525,169,216,441,212,145,209,45,274,210,241,186,217,300,300,198,198,147,417,214,205,199,168,222,170,105,196,236,311,170,201,233,234,242,184
"COG2956",8,16,28,1,10,2,14,8,17,18,7,0,27,72,30,22,6,18,17,22,15,10,54,3,10,6,33,5,4,13,12,12,127,17,12,11,15,56,4,14,16,7,5,124,3,1,1,1,0,10,13,13,13,6,22,6,13,0,15,9
"COG2957",454,641,258,433,189,217,349,274,309,486,266,189,441,229,318,334,264,272,250,827,241,311,190,273,140,214,187,173,688,208,108,363,0,334,296,99,175,156,210,327,355,337,247,238,339,247,46,305,320,420,180,303,209,234,227,535,310,274,419,369
"COG2958",2,14,0,3,67,0,1,3,1,0,0,2,0,3,3,5,0,4,0,0,0,0,27,0,1,0,1,0,0,22,7,1,22,0,2,1,0,0,0,0,2,2,2,2,4,74,0,0,1,0,0,0,2,29,0,70,0,1,0,0
"COG2959",4,4,3,0,2,0,2,0,2,0,0,0,1,97,4,7,2,8,9,12,0,1,26,0,0,2,5,0,0,0,5,3,63,2,2,20,3,4,2,2,1,3,6,139,0,0,0,0,0,3,25,1,0,1,5,1,8,0,0,17
"COG2960",2,0,8,1,0,0,1,0,0,0,0,0,2,21,6,2,1,0,7,3,0,0,18,0,0,0,12,1,0,0,7,11,74,1,2,5,0,1,0,5,1,2,6,6,0,1,0,0,1,4,5,0,3,0,15,0,5,0,2,5
"COG2961",10,65,16,195,22,11,38,28,13,12,7,28,20,53,108,16,2,2,145,11,62,49,66,7,22,2,73,14,2,12,20,94,125,21,16,14,70,11,3,14,55,76,108,89,66,10,1,16,13,75,35,20,11,4,42,56,32,22,8,94
"COG2962",25,25,50,16,40,4,34,27,12,11,17,24,34,79,24,58,17,23,55,37,26,64,43,7,29,8,14,27,3,54,80,24,112,38,27,29,40,66,15,15,43,47,15,11,12,18,43,8,28,28,60,21,53,32,120,32,38,11,29,14
"COG2963",155,237,249,321,170,317,259,350,104,234,211,248,174,268,212,318,113,108,303,170,297,80,277,208,142,112,501,143,263,127,338,236,2397,162,138,362,91,658,139,152,182,255,183,98,115,271,1115,179,141,300,346,287,272,181,786,170,563,211,184,184
"COG2964",24,27,69,50,67,70,185,112,62,31,64,129,33,109,71,49,176,92,88,37,50,46,111,113,58,43,74,64,31,136,185,115,363,37,64,175,69,117,57,63,56,80,53,43,46,94,100,62,76,73,162,63,178,70,146,29,93,58,81,24
"COG2965",3,6,5,4,6,1,3,2,9,8,4,0,9,34,19,4,2,5,13,13,3,2,26,1,3,1,15,0,2,0,11,5,57,5,3,5,5,39,0,5,5,0,7,8,1,1,0,0,0,7,2,7,5,4,13,0,6,0,4,7
"COG2966",618,472,467,388,510,456,544,555,509,625,478,496,708,475,369,542,648,550,386,789,474,537,402,462,330,671,432,360,668,476,235,438,324,465,489,609,395,361,516,563,531,446,408,447,492,549,506,406,432,384,339,665,527,627,679,417,606,407,485,396
"COG2967",1,0,12,2,1,0,1,0,0,3,0,0,6,24,4,9,0,0,10,6,1,2,24,2,0,0,20,0,0,6,7,12,111,0,3,12,10,1,1,3,2,6,12,4,1,1,1,2,1,5,9,0,2,0,17,0,11,6,1,11
"COG2968",14,44,27,24,26,40,35,43,41,22,39,40,18,51,35,48,14,36,55,41,17,47,47,25,30,22,35,55,66,37,108,37,187,32,25,38,48,43,23,29,24,32,36,109,20,64,181,24,22,33,108,26,50,25,121,23,49,40,33,19
"COG2969",0,4,16,4,3,0,8,4,10,6,7,0,18,47,23,11,4,3,11,16,9,4,29,5,5,2,30,4,9,5,14,13,128,11,6,9,2,44,4,10,12,6,10,74,2,1,0,0,0,11,11,5,10,4,12,3,9,0,5,8
"COG2971",13,2,20,33,42,43,15,21,32,5,19,33,2,15,45,39,13,28,68,2,11,16,13,16,11,3,23,66,4,83,132,18,28,11,15,63,24,4,35,16,26,18,17,6,11,76,5,16,48,13,64,19,35,20,206,5,4,34,19,3
"COG2972",1273,1143,1891,1369,2232,3236,1485,2671,2022,488,1583,1434,278,896,1066,1474,3336,2977,1783,785,2376,1602,2564,3487,1739,2004,2104,3614,818,2993,2639,1656,3295,3705,1553,4469,1963,3245,1729,1706,943,2916,1268,1415,1525,4867,2423,2691,2420,2532,1118,1439,2334,2102,2121,2393,1301,3848,1143,1273
"COG2973",0,1,0,0,0,0,1,0,0,0,0,0,0,19,1,1,2,2,2,2,2,0,14,0,0,0,2,0,0,0,3,3,10,0,0,8,0,1,0,0,1,2,1,2,0,1,0,0,0,1,5,0,2,0,2,0,0,0,0,1
"COG2974",6,6,12,10,6,1,4,1,1,1,0,1,14,56,27,19,4,11,17,18,1,3,47,6,0,0,28,0,1,0,39,23,173,2,9,11,1,16,2,5,7,10,15,95,1,0,3,2,2,10,8,0,8,1,36,1,21,1,10,18
"COG2975",1,1,2,0,4,0,4,2,4,1,0,0,3,21,6,4,4,2,5,2,1,2,9,0,4,0,3,1,0,1,5,7,38,2,1,5,2,17,0,5,6,2,0,3,1,0,0,0,0,5,3,3,4,0,6,1,3,0,2,2
"COG2976",4,8,10,2,8,0,8,1,14,6,10,0,13,42,15,9,5,9,5,14,9,9,24,6,4,2,15,1,1,7,18,14,114,24,7,12,4,46,2,8,24,11,9,95,3,2,2,1,2,10,9,4,11,1,13,2,9,0,5,19
"COG2977",2,12,15,0,6,1,1,1,32,2,1,0,2,17,9,4,0,1,8,9,4,0,31,0,0,0,16,0,63,0,15,3,77,0,2,5,1,2,21,2,1,3,2,3,6,0,1,0,1,1,8,0,1,0,9,0,12,4,3,11
"COG2978",242,265,222,357,159,103,186,123,131,194,321,133,154,274,333,222,77,104,730,89,100,515,159,113,321,30,217,110,94,126,61,223,386,86,183,126,108,55,70,126,346,183,300,178,204,111,124,221,154,181,343,138,84,135,80,116,222,120,159,207
"COG2979",2,3,8,1,1,0,1,3,0,2,0,0,7,38,7,12,3,7,13,11,1,0,28,0,0,0,26,0,0,1,12,5,85,1,4,2,0,1,0,4,3,9,3,2,0,2,0,1,0,4,5,2,2,0,20,4,9,0,3,5
"COG2980",4,2,19,3,3,1,10,4,8,9,6,0,24,48,22,6,7,9,4,10,6,3,16,0,1,5,17,4,0,2,7,11,40,7,4,7,8,36,2,11,7,6,3,102,5,0,1,0,0,1,11,4,10,6,6,1,3,0,4,5
"COG2981",13,3,8,3,5,0,7,1,11,11,42,1,17,47,18,20,5,5,39,7,7,2,23,2,4,2,8,3,4,6,12,25,55,0,1,9,10,7,2,3,31,8,9,103,12,3,0,3,1,2,8,2,1,0,6,1,5,3,7,4
"COG2982",10,3,40,20,10,1,15,0,3,5,2,0,38,177,46,26,2,1,70,44,4,10,168,8,0,1,149,0,3,58,77,46,596,3,24,22,138,17,8,16,19,43,36,15,26,5,2,7,1,28,59,10,42,2,81,0,50,16,10,58
"COG2983",5,1,11,3,0,1,4,0,1,1,0,0,3,26,11,9,1,4,15,4,1,1,26,0,0,1,20,0,0,13,7,5,112,0,2,6,20,8,0,6,1,14,7,4,5,1,0,0,0,5,7,0,3,0,21,0,11,9,3,17
"COG2984",202,86,219,75,553,429,205,283,378,108,333,262,119,175,154,240,485,291,265,96,284,206,378,386,185,291,330,453,109,430,307,228,117,344,222,454,211,316,268,242,141,279,129,240,220,533,238,284,333,142,560,245,488,281,391,202,247,482,252,133
"COG2985",1694,2104,1520,1968,992,745,1551,1058,1520,2226,1613,1452,2412,1368,2076,1819,575,1234,1373,2550,1339,2101,1018,1058,1021,1803,1545,811,1691,924,672,1497,406,1057,2142,161,1439,345,1620,1917,2443,1139,1937,1387,1788,542,84,1554,1299,1823,931,1919,1093,1154,595,1421,2132,966,1673,1975
"COG2986",316,570,272,598,283,195,321,226,440,242,353,389,199,284,572,451,44,33,558,120,486,533,290,277,351,49,441,229,172,183,174,643,131,193,552,96,395,185,207,308,703,384,657,112,524,155,29,415,310,378,299,473,258,118,143,326,401,253,379,594
"COG2987",224,364,363,367,256,160,193,134,360,156,323,348,184,233,432,398,31,26,273,124,281,542,192,265,212,31,368,149,135,98,170,439,110,128,624,37,310,73,236,347,664,373,670,98,483,173,12,321,334,333,285,514,236,120,126,174,387,267,351,484
"COG2988",0,2,5,0,2,0,5,0,0,1,1,0,11,72,7,4,0,0,5,7,0,0,29,0,0,0,20,0,0,0,11,3,84,0,4,7,1,3,1,3,1,5,8,8,0,1,0,0,1,3,24,3,1,1,13,0,5,0,1,7
"COG2989",212,45,38,130,24,8,56,134,17,299,50,25,448,109,37,62,83,302,151,450,43,34,65,22,24,446,49,39,224,233,51,38,111,22,45,11,45,8,192,209,26,8,103,222,56,11,0,53,15,73,36,51,102,304,16,181,41,18,138,81
"COG2990",24,11,29,15,31,4,23,19,1,4,16,8,34,135,29,36,8,27,90,26,10,20,67,3,5,4,33,3,5,9,29,29,210,6,18,31,10,61,8,6,38,28,21,4,13,7,10,8,8,12,88,7,7,0,110,11,37,2,30,21
"COG2991",1,3,0,0,0,0,1,0,0,0,0,0,0,11,0,0,0,2,1,0,0,0,2,0,0,0,0,0,1,0,0,0,0,1,0,2,0,2,0,0,0,0,0,1,0,0,0,0,0,1,4,0,0,0,0,2,0,0,0,0
"COG2992",19,4,19,8,7,0,6,2,0,7,45,0,15,53,32,32,0,0,84,23,2,16,41,7,0,1,39,0,1,5,26,26,198,0,6,12,19,10,1,8,26,24,36,5,4,5,1,0,1,16,13,1,12,1,24,0,18,11,6,26
"COG2994",0,4,3,2,3,1,0,4,0,3,3,1,3,0,3,6,0,1,9,2,3,2,0,0,0,4,0,2,0,7,2,3,0,0,4,0,2,0,0,0,2,0,1,0,4,3,2,2,0,0,0,1,0,0,0,5,3,2,10,5
"COG2995",7,4,32,10,8,0,12,1,3,4,0,0,38,108,26,27,5,15,33,31,7,6,100,7,1,9,81,0,1,0,41,31,401,5,10,17,0,21,4,12,10,18,23,141,0,4,6,2,2,15,19,1,10,2,62,0,27,1,13,19
"COG2996",397,515,300,354,189,187,336,351,358,446,316,265,470,340,458,397,417,349,298,382,326,422,234,346,227,372,261,291,359,285,173,292,80,370,254,357,274,427,277,317,394,273,338,370,408,438,264,294,316,399,222,338,248,326,402,356,412,290,274,325
"COG2998",4,1,5,2,10,4,4,5,6,4,12,9,5,2,0,11,3,2,0,0,5,4,6,2,7,1,2,3,1,0,2,0,0,0,3,0,9,0,4,4,6,6,9,5,9,7,1,0,4,0,6,2,5,2,1,2,1,0,2,6
"COG2999",0,1,3,3,3,0,3,0,0,0,1,0,8,0,4,7,1,7,7,8,1,0,17,0,0,1,26,0,0,1,5,3,119,0,4,1,0,6,3,1,3,7,6,0,0,0,1,2,0,3,0,3,1,0,21,0,7,0,4,9
"COG3001",4,2,9,0,1,2,30,1,2,2,0,0,3,58,5,4,1,5,4,2,5,6,12,3,2,3,5,0,1,0,18,11,60,4,2,167,2,4,2,2,1,7,5,4,0,5,107,0,0,5,11,4,1,1,79,1,6,0,9,2
"COG3004",117,320,269,220,119,93,182,147,195,142,209,201,174,168,285,306,39,47,217,49,243,198,147,178,181,60,335,96,215,86,114,243,193,92,288,154,219,106,143,228,303,210,354,47,324,149,558,242,177,300,192,252,183,72,421,107,248,183,230,301
"COG3005",15,43,70,160,26,27,110,36,46,20,106,50,60,106,118,60,15,11,134,46,84,71,57,45,37,11,105,30,8,24,59,126,198,97,95,6,59,86,23,56,104,110,121,14,46,22,1,57,58,126,35,52,16,12,62,16,35,13,77,136
"COG3006",3,9,16,2,7,1,2,0,2,2,0,0,16,42,13,18,3,7,15,18,2,3,52,5,1,1,49,0,1,1,28,8,170,1,10,18,1,3,2,7,8,14,14,1,0,1,2,4,0,6,15,2,4,1,26,2,15,0,8,13
"COG3007",7,27,23,12,12,44,0,79,62,11,6,58,7,4,10,11,30,28,0,6,19,6,22,32,34,10,1,16,49,27,6,16,1,34,2,22,8,5,27,2,6,6,3,132,5,58,164,49,12,5,3,2,2,129,3,6,3,42,2,1
"COG3008",12,28,38,6,30,0,14,1,3,3,4,4,32,204,33,45,6,35,48,28,8,8,140,8,19,14,108,15,6,37,67,35,385,17,26,36,32,43,7,15,51,39,30,211,1,11,5,0,4,19,40,4,19,2,66,10,33,6,10,42
"COG3009",3,3,8,7,1,0,5,0,0,0,0,0,7,35,10,8,0,0,11,7,1,2,21,0,0,0,23,0,0,0,17,7,108,0,3,4,1,3,0,0,6,12,7,76,0,0,3,0,1,5,8,0,0,0,16,0,6,0,2,4
"COG3010",83,50,77,67,127,70,48,94,72,49,122,29,63,96,77,108,131,69,138,26,59,79,105,157,41,46,184,38,110,75,52,91,183,55,59,89,57,60,65,33,70,92,62,28,54,165,257,54,52,63,183,82,99,49,148,25,59,57,40,55
"COG3012",9,3,13,11,4,0,15,4,2,3,22,2,16,18,12,15,4,3,44,13,3,9,24,2,2,1,20,2,1,1,15,19,92,2,4,7,0,6,1,14,17,10,25,5,6,0,0,0,0,9,7,5,6,6,25,0,6,1,2,7
"COG3013",0,0,12,3,7,5,1,0,0,2,1,0,9,26,7,13,1,0,11,11,2,2,29,0,0,1,17,0,0,0,17,12,112,0,5,12,0,7,0,2,3,8,3,4,0,1,0,10,0,4,6,2,4,0,24,0,12,0,1,11
"COG3014",2,3,2,0,4,1,22,4,4,13,3,5,4,4,1,9,0,1,0,0,3,1,5,0,5,1,0,7,2,5,3,9,0,2,0,0,7,0,2,8,14,0,0,2,8,1,0,5,0,0,0,2,5,3,0,2,2,7,5,1
"COG3015",243,182,58,331,49,25,86,87,88,165,43,57,218,101,181,119,54,93,79,266,73,197,91,47,53,197,108,25,191,105,48,113,62,30,132,28,53,10,129,133,132,45,166,167,83,36,1,47,39,201,30,59,91,120,68,260,138,37,78,103
"COG3016",14,58,45,48,40,20,54,55,79,43,39,88,114,21,44,109,1,7,111,153,21,25,33,38,33,18,138,48,74,40,25,69,19,33,87,12,45,9,36,27,134,1,48,171,43,60,110,42,26,143,18,58,59,9,0,79,127,19,98,61
"COG3017",1,1,9,4,1,0,12,0,9,5,2,0,13,23,16,8,0,5,5,12,7,6,17,1,6,1,10,0,1,0,16,14,61,7,3,2,1,26,3,5,4,3,1,88,0,2,0,0,1,12,4,5,1,6,13,0,11,0,5,10
"COG3019",2,0,0,0,0,0,0,0,0,0,0,0,1,0,0,1,0,0,0,0,0,0,0,0,0,0,0,0,0,0,0,4,0,0,0,6,0,0,0,0,0,2,0,0,0,0,0,0,0,0,3,0,0,0,0,0,0,0,0,0
"COG3021",404,426,241,283,143,120,257,193,211,454,225,206,379,271,178,241,110,323,242,315,169,300,212,138,164,326,151,150,420,222,103,269,133,201,250,31,194,24,225,298,389,128,360,388,316,57,17,220,204,272,168,375,261,304,81,266,358,108,352,332
"COG3022",382,242,297,285,156,113,229,284,185,359,235,196,342,263,243,256,297,318,241,227,224,304,169,220,145,340,156,166,339,328,140,234,288,177,216,284,198,252,236,291,281,245,249,264,273,204,70,250,263,274,202,246,155,257,356,207,264,155,231,274
"COG3023",494,448,334,740,354,202,477,362,336,731,400,401,582,327,512,348,194,318,731,617,431,544,274,183,295,481,371,216,1097,342,457,662,165,221,455,117,559,90,806,556,550,401,683,676,408,148,13,548,357,505,322,645,284,507,133,375,417,237,553,700
"COG3024",3,0,4,0,2,0,7,0,6,3,4,0,8,14,4,3,2,3,0,1,6,4,3,1,2,1,0,4,1,4,0,4,0,9,0,1,1,17,0,4,3,0,0,46,1,0,1,0,0,2,3,3,2,4,0,0,1,4,3,0
"COG3025",4,42,47,26,56,39,12,59,7,33,39,34,44,51,38,69,8,17,76,50,20,34,49,8,4,15,41,26,56,57,55,29,160,3,36,18,38,13,19,10,32,14,12,8,28,38,188,11,7,7,39,23,18,2,20,28,42,8,45,37
"COG3026",4,3,15,3,4,1,9,0,0,2,1,1,15,42,22,13,9,8,14,10,3,3,42,2,0,4,34,0,1,0,17,10,139,2,4,8,2,5,1,12,4,6,4,8,0,1,1,3,2,8,8,1,3,0,20,0,7,1,4,5
"COG3027",5,7,17,10,25,14,23,17,12,4,5,14,10,17,14,7,3,6,23,11,7,12,23,2,8,2,18,4,3,12,37,11,95,9,10,31,13,7,11,11,7,13,7,4,5,3,1,8,9,7,19,12,13,9,30,9,10,11,7,14
"COG3028",6,4,25,1,7,1,18,0,19,12,9,1,13,39,21,23,5,7,9,7,9,13,25,3,9,2,23,3,2,8,18,23,101,16,10,10,11,46,2,10,15,13,8,101,3,0,0,0,1,9,10,6,4,11,14,4,8,2,7,11
"COG3029",1,3,5,1,2,0,3,0,1,1,0,0,2,19,11,5,0,6,7,9,1,0,17,1,0,0,11,0,1,1,12,13,87,1,3,13,0,8,1,0,1,6,5,53,0,1,2,0,0,3,9,0,0,1,19,0,8,0,3,6
"COG3030",0,0,6,2,1,0,1,2,0,0,0,0,5,6,8,1,0,0,7,5,1,1,15,2,0,1,15,0,0,1,6,5,106,0,2,8,0,1,1,0,2,7,6,35,0,1,2,0,1,5,4,0,1,0,15,0,7,1,1,10
"COG3031",1,1,7,7,0,0,6,1,1,0,1,1,9,49,9,2,0,0,15,6,1,2,36,1,0,0,35,0,0,0,30,9,158,1,5,2,2,6,0,5,3,13,8,6,0,1,0,0,1,11,6,0,5,0,26,0,10,0,3,0
"COG3033",111,73,115,44,88,105,145,88,130,56,168,203,69,89,84,89,21,31,166,40,104,153,195,25,124,23,101,138,23,78,135,219,359,54,127,5,219,33,128,121,139,114,138,50,173,32,67,152,145,43,134,167,153,57,20,47,90,127,164,161
"COG3034",6,2,10,2,8,2,3,1,5,2,0,11,7,32,7,15,1,2,22,6,12,31,46,2,7,1,13,3,0,5,21,10,89,4,9,9,1,2,38,8,13,17,22,88,3,8,17,4,5,14,11,2,25,7,5,2,7,3,3,8
"COG3036",0,3,3,1,0,0,2,2,0,0,0,0,5,38,1,4,2,5,5,4,0,0,6,1,0,0,6,0,0,0,4,3,36,0,1,2,0,3,1,0,0,3,0,6,0,2,0,0,1,2,4,0,1,0,9,1,4,0,0,1
"COG3037",30,69,58,52,45,47,42,99,6,57,62,45,89,254,68,82,44,20,116,74,11,44,106,47,18,30,51,7,160,13,57,72,160,10,10,72,17,100,20,22,52,62,80,19,38,152,605,43,34,38,95,17,30,23,315,8,34,19,31,26
"COG3038",4,7,27,8,2,2,9,0,0,4,1,0,24,17,14,5,0,0,31,18,1,2,61,3,0,1,51,0,0,0,30,23,301,0,11,4,0,6,2,11,9,17,11,2,0,2,0,0,2,8,5,1,7,2,41,0,24,1,3,18
"COG3039",515,1666,238,139,235,409,186,54,106,48,39,58,163,28,109,110,66,31,188,30,71,88,863,110,2292,38,410,585,11,366,386,409,525,570,2102,138,255,74,51,178,2034,391,1339,506,552,163,29,128,408,562,533,1234,159,182,126,188,66,162,267,31
"COG3040",25,43,82,179,30,47,96,31,36,56,65,31,50,171,96,84,10,5,151,46,56,46,92,41,37,7,105,46,6,33,48,129,142,46,63,23,67,14,35,72,101,104,187,16,60,12,4,64,29,155,41,65,30,21,82,21,86,40,105,122
"COG3041",253,15,60,31,32,72,38,88,75,162,80,84,25,16,56,68,48,208,22,234,53,94,151,124,79,213,36,73,270,110,76,109,90,64,53,88,81,15,128,62,20,57,16,127,123,45,51,92,45,915,63,34,141,118,344,329,54,169,91,45
"COG3042",1,1,10,1,1,0,1,0,0,0,2,0,7,26,8,4,0,0,8,5,1,1,17,0,0,0,16,1,0,0,5,5,75,0,2,5,1,4,2,3,2,7,1,3,0,0,0,1,0,2,5,0,1,0,16,0,4,0,2,10
"COG3043",2,2,13,2,5,1,6,0,5,4,5,0,13,7,10,7,1,4,5,8,9,3,14,2,1,2,18,2,0,1,12,11,84,4,4,3,4,28,1,7,13,4,3,1,1,0,0,1,0,9,0,2,2,2,18,2,8,0,4,9
"COG3044",86,60,102,34,85,69,48,60,111,11,119,66,17,56,106,98,321,113,54,29,51,86,61,180,82,63,98,78,50,46,94,60,143,100,24,297,82,97,35,50,34,63,61,18,40,315,91,65,142,66,95,44,31,27,115,32,25,72,27,34
"COG3045",5,5,12,7,5,1,12,1,12,12,6,1,15,16,29,11,0,3,11,8,7,2,28,2,6,1,23,4,4,10,18,17,137,5,7,10,5,33,2,9,4,12,9,2,2,1,0,0,1,12,5,14,5,5,19,1,13,1,11,15
"COG3047",5,0,5,2,3,0,2,0,1,0,0,0,8,36,2,0,0,0,4,4,1,2,16,1,0,0,11,0,0,0,9,2,41,0,0,4,0,2,1,2,2,4,3,3,0,1,1,0,0,3,8,2,1,1,8,0,3,0,1,11
"COG3048",9,18,53,12,12,8,14,17,20,5,46,42,52,113,42,40,14,19,100,16,8,18,69,146,4,11,39,8,36,9,79,28,259,10,14,96,22,12,13,50,20,19,27,15,44,11,12,13,47,36,41,11,42,32,22,42,24,19,36,37
"COG3049",286,495,540,657,293,433,465,379,427,320,497,471,212,406,595,506,367,238,575,108,516,503,308,392,663,151,365,503,176,426,404,489,151,566,450,264,522,566,309,367,584,466,426,142,552,476,191,553,470,609,416,408,380,313,453,309,435,423,500,556
"COG3050",0,2,2,1,2,0,0,0,1,0,1,2,3,26,5,3,0,4,3,2,1,3,18,0,0,1,15,0,1,0,6,3,32,1,1,7,2,6,0,3,1,4,2,1,0,1,1,0,0,2,8,0,2,0,3,0,3,0,2,2
"COG3051",52,18,72,44,100,27,74,68,50,26,191,62,78,112,133,124,41,40,246,234,25,143,105,185,38,33,166,28,25,56,146,69,306,27,72,217,117,125,21,88,76,109,93,51,138,75,135,33,58,27,117,51,90,73,165,109,70,58,62,43
"COG3052",11,7,17,15,15,11,23,19,11,9,34,21,11,25,30,40,6,10,68,56,3,42,24,38,11,12,33,11,2,30,36,12,98,9,15,38,27,30,9,19,18,28,16,21,26,23,34,9,17,15,17,10,29,32,55,15,15,14,18,19
"COG3053",23,45,50,12,31,18,44,76,41,25,68,31,37,84,49,82,113,13,80,228,6,26,60,81,24,38,105,209,16,34,77,79,219,18,23,239,44,60,8,56,48,41,48,65,72,19,41,29,36,28,62,18,77,80,57,69,38,29,17,37
"COG3054",3,2,13,6,9,0,8,0,0,0,0,0,10,32,17,16,2,6,13,14,4,2,42,2,1,2,26,0,1,0,35,4,145,0,1,7,0,5,1,5,7,4,5,5,1,1,1,1,0,10,6,2,4,1,23,0,13,0,2,18
"COG3055",221,237,191,270,65,69,167,123,126,213,131,117,98,216,280,243,39,178,243,202,173,196,190,152,194,18,130,48,187,36,125,335,318,54,267,11,71,44,336,246,232,240,265,45,248,89,302,137,154,168,47,164,74,44,128,137,139,62,149,212
"COG3056",5,2,8,1,2,0,7,0,1,2,1,0,11,41,13,10,1,4,12,6,1,2,24,1,0,1,27,0,2,0,21,13,164,0,3,12,1,7,1,7,4,7,7,3,0,2,0,0,2,9,10,0,1,1,21,4,18,0,4,14
"COG3057",2,3,6,2,2,0,2,1,0,0,0,0,3,52,5,4,1,2,1,4,1,1,28,0,0,0,14,0,0,0,4,3,20,0,0,10,0,1,0,0,0,3,3,5,0,3,0,0,1,1,13,2,0,0,9,0,1,0,2,6
"COG3058",11,17,22,8,13,0,9,1,15,10,6,1,13,60,33,28,5,11,18,31,12,7,42,1,10,2,39,3,0,9,24,16,201,19,8,9,6,45,4,8,17,17,16,2,3,5,0,0,2,8,13,14,11,8,28,2,17,0,6,13
"COG3059",76,234,185,206,83,27,57,40,108,53,105,116,71,66,229,154,7,8,164,24,108,212,84,105,93,20,153,71,67,37,87,156,167,46,194,13,124,24,78,118,220,131,196,3,140,68,5,123,117,200,75,164,57,23,97,62,204,41,92,201
"COG3060",5,4,6,3,3,0,1,0,1,0,1,0,5,48,9,4,2,3,9,7,0,3,24,1,0,1,13,0,1,0,5,10,104,2,2,7,1,8,0,0,3,6,9,4,1,0,0,0,0,3,10,2,2,0,19,0,4,1,1,7
"COG3061",1,3,1,0,1,0,0,0,1,0,0,0,2,27,4,2,1,9,0,6,2,0,15,1,0,2,7,0,1,0,3,3,37,3,2,13,1,5,2,3,1,6,2,5,0,0,1,0,0,4,9,0,1,0,6,0,3,0,1,1
"COG3062",0,2,4,1,1,0,0,0,1,0,0,0,6,0,8,3,0,2,4,3,0,0,14,1,0,2,12,0,1,0,8,3,55,3,1,2,0,4,1,2,3,5,1,0,0,0,1,0,0,3,0,0,1,0,5,1,7,0,1,5
"COG3063",0,2,0,0,0,0,0,0,0,0,0,0,0,0,0,0,1,3,0,0,0,0,0,0,0,2,0,0,1,0,0,0,0,0,1,1,0,2,1,0,0,0,0,0,0,0,0,2,0,0,0,0,0,0,1,0,0,0,0,0
"COG3064",1,5,15,11,2,0,6,0,0,2,0,1,9,74,13,8,8,14,7,9,1,2,30,0,0,2,22,0,0,0,35,6,100,2,1,14,1,15,2,5,4,7,4,70,0,0,1,1,1,4,4,0,1,0,35,1,10,1,3,8
"COG3065",2,4,8,2,1,0,4,1,0,0,2,1,9,21,8,7,3,9,7,7,1,1,30,1,0,1,24,0,0,0,6,11,151,1,4,4,0,3,0,7,0,5,4,1,0,1,1,0,1,7,4,0,1,0,13,0,9,0,2,15
"COG3066",5,1,10,5,0,0,10,0,2,0,1,0,2,48,9,4,0,1,16,11,3,0,35,1,0,0,20,0,0,0,13,7,114,1,5,8,0,1,2,6,5,8,6,94,8,0,0,0,0,7,12,0,4,0,14,0,8,47,5,7
"COG3067",7,7,19,4,3,1,8,0,1,3,0,0,26,96,7,16,11,12,13,11,2,4,72,4,1,5,40,0,0,0,26,6,183,3,6,12,5,12,1,7,6,6,7,169,1,3,1,1,2,10,19,3,3,0,29,1,11,1,6,12
"COG3068",3,8,8,4,6,0,0,0,2,0,0,0,8,48,16,16,3,7,13,13,2,5,29,1,0,2,16,0,1,0,16,9,121,2,4,7,0,8,0,2,5,10,5,83,1,1,1,0,2,7,15,1,2,1,22,1,12,0,1,6
"COG3069",69,86,146,27,131,21,111,94,134,73,172,46,169,220,268,287,117,57,302,183,221,127,143,68,177,86,93,66,22,111,106,168,750,269,149,65,306,524,65,132,300,41,129,33,132,41,8,22,19,96,79,79,156,47,213,296,104,70,148,159
"COG3070",23,28,35,20,39,46,50,65,33,14,16,38,24,52,28,34,97,31,44,22,38,8,118,19,33,18,45,56,13,72,52,58,154,46,16,79,52,21,24,20,15,50,23,26,25,43,23,22,30,31,54,21,27,33,56,37,14,64,26,26
"COG3071",2,9,7,1,7,0,5,0,1,2,0,1,7,78,13,16,5,16,13,27,5,2,35,4,0,8,22,0,2,1,17,10,154,1,5,13,1,12,2,11,5,12,13,11,2,2,0,2,1,8,14,1,6,1,23,0,18,0,4,15
"COG3072",9,11,32,10,1,2,13,0,0,3,1,0,23,158,32,19,10,14,21,24,6,5,77,6,0,9,79,0,8,0,32,26,447,3,17,35,3,22,4,23,10,23,21,304,1,6,1,2,5,11,41,5,8,1,36,2,27,0,16,20
"COG3073",2,2,7,1,3,0,3,0,2,4,0,0,6,44,10,14,0,4,18,9,1,3,28,1,1,1,18,0,3,0,10,2,108,0,10,9,0,3,1,2,4,6,5,7,1,0,1,0,3,3,6,5,0,1,22,1,6,1,2,16
"COG3074",0,1,9,3,1,0,1,1,0,0,0,0,7,19,9,6,0,7,14,2,2,0,15,2,0,0,6,1,1,0,4,3,83,0,1,4,1,6,0,3,1,7,1,0,0,2,2,0,1,5,4,0,2,0,12,0,9,0,5,5
"COG3075",62,59,120,5,73,42,25,12,66,27,60,46,37,79,27,84,6,17,14,9,19,182,68,22,28,5,32,77,41,24,12,34,126,26,109,12,8,6,17,45,136,13,18,38,93,2,6,108,91,5,56,212,16,9,17,25,128,46,72,135
"COG3076",3,3,11,2,2,1,3,0,0,1,0,0,4,31,16,7,3,6,15,10,2,1,29,0,0,1,20,1,1,0,10,10,139,3,3,9,2,12,3,1,4,10,5,2,0,0,1,1,0,5,7,0,0,1,18,1,14,0,1,13
"COG3077",36,31,67,15,136,180,53,124,109,33,58,118,19,47,36,45,103,75,21,22,77,109,133,148,92,65,94,91,33,181,182,102,115,115,82,161,64,138,81,73,37,104,25,145,46,125,120,161,134,25,73,73,153,163,151,73,125,212,72,59
"COG3078",2,3,5,0,0,0,1,0,0,0,0,1,4,0,1,4,3,3,8,9,0,0,15,1,0,1,7,0,1,1,7,3,69,1,2,5,0,5,0,5,1,2,4,1,0,1,1,0,0,1,0,1,1,0,4,0,5,0,0,7
"COG3079",5,1,8,4,2,0,7,0,0,1,1,1,6,45,11,8,3,8,15,12,1,2,31,4,0,1,24,0,2,1,19,6,127,3,4,7,1,4,3,2,5,7,7,5,0,2,1,0,0,9,11,2,3,1,22,1,7,0,3,9
"COG3080",4,2,3,1,0,0,3,0,0,0,0,0,3,27,7,7,0,3,9,6,1,1,9,0,0,0,8,0,3,0,9,6,89,0,5,14,0,6,2,2,2,2,5,61,0,1,1,1,0,2,5,0,2,0,13,0,9,0,3,7
"COG3081",4,9,9,3,1,0,5,0,1,0,1,3,15,55,12,5,3,8,14,13,2,2,27,2,0,1,23,0,1,0,15,12,154,3,6,7,1,13,1,3,3,8,8,7,0,5,0,0,2,2,3,2,6,1,18,2,10,0,3,17
"COG3082",2,2,1,1,1,0,5,0,1,1,0,0,5,27,5,1,1,2,6,2,1,1,20,0,0,0,5,0,2,2,7,6,44,1,1,2,0,4,1,1,2,7,4,0,0,0,0,1,0,0,7,0,1,0,5,1,12,0,0,4
"COG3083",13,77,63,23,51,18,43,40,57,37,58,46,46,111,30,64,14,55,20,677,42,48,87,10,59,25,64,41,8,63,44,86,229,54,123,30,87,189,50,54,82,77,40,137,26,9,2,48,71,22,41,53,42,162,49,235,41,12,21,51
"COG3084",2,0,12,3,6,0,1,0,0,1,0,0,9,36,15,11,0,5,18,7,0,1,24,0,0,2,14,0,0,0,13,9,123,1,4,4,1,5,1,4,2,10,6,3,0,1,1,0,0,8,4,1,3,0,18,1,11,0,2,9
"COG3085",2,4,9,3,5,0,2,0,0,1,0,0,5,27,12,7,3,3,12,7,1,2,22,0,0,1,25,0,2,0,14,7,146,2,2,12,0,12,2,7,4,13,17,56,0,1,0,0,0,10,10,1,3,0,18,0,22,0,2,14
"COG3086",8,1,5,3,6,2,6,0,0,3,24,0,17,41,12,21,0,1,41,10,1,7,24,2,0,3,14,0,4,0,13,14,100,1,1,4,2,6,0,3,8,11,19,1,14,3,2,1,1,2,4,0,2,2,15,0,12,0,0,10
"COG3087",9,4,20,4,4,2,12,3,5,8,7,0,10,28,24,11,9,4,18,28,6,10,46,1,4,0,34,0,1,0,26,19,187,9,10,12,6,40,3,9,7,6,17,5,3,1,2,0,1,14,8,6,10,4,38,0,19,0,7,16
"COG3088",3,18,27,7,8,2,9,0,16,10,13,1,31,30,38,16,6,9,26,15,10,6,51,5,9,6,52,13,3,13,29,37,278,17,18,8,13,101,4,10,13,13,12,7,5,0,1,2,1,20,7,9,8,1,40,3,22,0,10,16
"COG3089",1,2,4,4,5,0,1,0,0,0,1,0,1,22,6,5,1,1,2,2,1,0,9,1,0,0,8,0,0,0,3,5,59,0,2,7,1,3,2,2,2,5,5,3,0,0,0,0,0,0,4,1,1,0,12,0,3,0,1,9
"COG3090",182,115,210,110,391,135,99,214,188,91,308,166,80,156,282,243,362,126,681,86,117,385,138,485,153,110,290,153,115,187,112,188,866,143,299,256,234,342,115,160,226,293,248,72,106,398,356,146,216,269,213,185,185,116,156,189,219,170,99,98
"COG3091",4,4,5,1,0,0,1,1,1,0,0,0,5,40,7,4,8,7,7,12,3,1,29,1,0,3,16,0,1,0,10,8,71,1,3,52,1,98,1,6,5,10,3,2,0,1,2,0,0,7,8,0,2,0,149,0,5,0,2,5
"COG3092",3,2,6,2,2,0,4,0,0,1,0,0,8,20,8,8,2,5,13,5,0,2,28,0,0,1,14,0,1,0,8,5,98,0,0,7,1,2,0,1,2,7,7,58,1,1,0,1,0,4,14,2,3,0,21,1,4,0,1,8
"COG3093",67,95,50,142,43,35,43,238,77,28,8,37,18,13,482,42,91,108,16,208,174,271,111,41,63,14,69,86,34,92,90,116,125,41,26,27,65,258,17,66,71,96,209,133,118,10,11,63,25,28,35,176,33,76,160,148,73,50,57,141
"COG3094",4,3,3,2,0,0,3,0,1,0,0,1,8,31,12,5,2,1,12,6,0,2,18,1,0,1,22,0,2,0,14,4,87,0,2,12,0,2,0,3,1,6,3,1,0,1,0,0,0,5,6,3,2,0,17,2,13,0,2,5
"COG3095",0,0,6,2,3,0,1,1,0,2,0,0,12,48,14,6,2,8,11,7,0,1,30,0,0,2,13,0,0,0,15,6,78,0,2,9,0,1,0,3,1,3,3,2,0,0,0,0,0,4,12,2,2,0,15,0,10,0,2,10
"COG3096",5,11,44,7,2,2,8,2,8,4,4,2,42,173,27,22,7,45,28,24,7,8,140,13,0,7,100,0,11,2,48,25,471,8,17,32,2,25,2,21,10,25,22,13,0,6,2,2,2,17,54,8,12,3,50,1,32,1,15,24
"COG3097",2,7,6,3,1,1,2,0,0,4,0,0,2,23,8,5,1,0,10,12,2,3,16,0,1,0,18,0,0,0,12,15,81,1,3,1,1,0,1,4,1,5,5,2,0,0,0,0,0,1,7,2,1,2,22,0,7,0,1,5
"COG3098",1,3,8,2,1,0,3,0,1,0,0,0,2,7,7,3,2,4,5,5,0,1,16,0,1,1,8,0,0,0,12,14,61,0,2,5,1,3,1,1,3,5,6,51,0,1,0,0,0,3,2,0,2,0,16,0,12,0,2,8
"COG3099",2,1,5,3,2,0,2,0,0,0,0,0,6,20,8,2,1,2,5,4,1,1,16,1,0,1,9,0,0,0,8,4,65,0,3,3,1,3,1,3,3,3,4,0,0,1,0,0,0,4,4,1,1,0,17,0,1,0,1,5
"COG3100",0,5,8,2,1,0,4,0,0,0,1,0,3,22,9,5,1,0,7,4,2,2,17,0,0,1,20,0,0,0,16,3,62,0,1,6,0,1,2,3,0,5,4,29,0,0,0,0,0,3,6,2,1,0,21,1,11,0,0,6
"COG3101",3,4,3,3,3,0,4,0,0,4,0,0,8,45,8,5,1,2,5,7,0,2,26,1,0,2,20,0,0,0,6,4,82,3,4,10,1,3,1,2,3,5,4,3,0,1,0,1,0,3,6,0,1,0,14,0,7,0,2,4
"COG3102",1,5,8,3,4,0,1,0,0,2,0,0,1,23,3,3,1,5,4,4,0,0,22,1,1,4,16,0,0,0,13,3,69,0,3,7,2,4,0,6,1,2,3,4,0,0,1,1,1,2,9,0,4,1,7,2,3,0,3,8
"COG3103",70,48,125,42,106,334,55,120,144,22,71,117,33,117,77,90,146,155,105,44,73,186,305,109,172,74,154,310,31,304,380,46,296,230,38,255,111,147,103,116,42,157,74,75,71,377,150,188,91,70,62,73,126,98,164,81,44,289,62,60
"COG3104",444,426,436,721,283,298,628,362,341,701,528,403,644,789,509,445,144,251,579,755,272,501,459,198,337,339,420,316,387,336,286,559,922,301,636,260,464,362,433,498,625,536,503,326,561,123,17,572,549,471,324,588,290,394,460,373,651,344,709,718
"COG3105",2,3,13,4,5,0,5,1,0,0,1,1,8,44,12,8,2,1,12,9,1,1,23,1,0,1,24,0,0,0,16,8,133,0,6,10,1,4,1,5,2,10,7,6,0,1,0,1,2,6,9,2,2,1,24,1,10,0,2,16
"COG3106",2,5,11,3,0,0,3,1,0,1,0,0,16,40,14,8,3,10,17,10,1,0,50,3,0,2,46,1,0,0,18,10,173,1,7,7,1,7,1,3,4,9,12,1,1,2,1,0,2,6,12,0,3,2,30,2,13,0,5,18
"COG3107",3,9,34,6,7,0,20,2,2,2,1,1,42,99,26,15,3,6,23,16,5,4,69,5,2,4,62,0,1,0,23,19,255,4,4,19,1,11,1,11,6,18,16,215,0,4,2,1,2,9,34,7,5,1,30,2,15,1,6,18
"COG3108",1,0,5,2,0,0,5,0,0,3,0,1,11,29,6,2,1,5,6,4,1,2,18,0,0,1,21,0,0,0,13,4,106,4,6,7,0,5,1,2,3,5,2,6,1,0,1,1,0,5,10,2,2,1,16,2,8,0,2,5
"COG3109",1,5,3,2,1,0,6,0,1,2,0,0,8,38,11,14,5,10,23,7,1,1,28,2,0,0,9,0,3,0,39,5,116,3,1,13,2,7,1,2,1,6,6,73,2,1,1,0,1,7,8,2,1,0,23,0,6,0,3,10
"COG3110",1,5,10,3,2,0,2,0,1,3,0,0,6,0,12,6,2,5,13,4,0,3,21,1,1,0,31,0,0,0,20,14,133,3,4,0,0,2,0,6,5,14,9,0,1,0,0,1,0,6,0,2,1,0,16,1,6,0,7,10
"COG3111",2,33,20,14,5,6,10,17,13,30,9,0,20,63,35,17,6,6,26,12,7,6,56,2,3,5,33,3,47,14,17,25,184,6,7,18,49,82,13,9,11,18,8,5,16,15,82,3,0,16,15,7,17,5,31,4,19,5,12,18
"COG3112",1,4,7,2,5,0,3,2,0,2,0,0,3,18,8,8,2,4,10,6,2,2,15,2,0,2,7,0,0,0,3,3,59,0,2,4,0,3,0,2,1,2,2,2,0,1,2,0,0,4,1,1,2,0,5,0,7,0,2,8
"COG3113",2,1,7,1,0,1,2,0,0,0,0,0,7,22,14,6,2,2,6,9,2,3,22,1,1,1,14,0,3,0,13,8,78,1,1,4,1,4,0,3,3,3,6,0,0,1,0,0,0,4,7,0,1,1,5,0,10,0,2,5
"COG3114",0,0,1,1,2,0,0,0,0,0,0,0,2,6,2,0,1,1,0,2,0,0,5,0,0,0,2,0,0,0,1,0,18,0,0,0,1,2,0,2,0,3,3,2,0,1,0,2,0,1,0,0,0,0,3,0,0,0,0,0
"COG3115",1,2,1,0,2,0,2,0,1,1,0,0,2,32,4,1,1,8,9,5,0,0,16,0,0,3,6,0,3,0,5,3,52,0,0,9,1,7,1,4,1,3,1,94,1,0,0,0,0,3,9,2,0,0,3,4,2,0,0,6
"COG3116",2,0,5,4,3,1,4,0,0,2,1,2,8,20,6,9,1,2,15,10,1,0,29,0,0,1,23,0,1,0,11,9,100,1,4,7,0,5,3,8,1,4,10,1,1,2,0,1,0,4,9,0,3,0,16,0,7,1,0,10
"COG3117",7,5,22,5,2,1,17,5,9,6,8,0,23,45,27,17,10,6,14,17,9,5,30,1,4,2,24,6,1,7,20,16,156,5,5,13,4,51,2,12,16,6,10,91,7,1,0,0,1,18,11,7,18,6,25,8,17,0,12,22
"COG3118",3,4,8,2,1,0,15,0,0,0,1,1,2,53,9,4,1,7,17,6,2,1,18,2,1,8,14,0,2,0,13,4,45,1,1,62,2,2,1,5,1,7,5,104,0,1,2,0,0,7,20,2,1,0,73,1,5,0,17,7
"COG3119",3669,4809,4099,7065,2225,1887,3918,2186,3258,3176,3656,3080,2941,3516,6252,4220,707,2713,7877,1147,4950,4021,2781,3164,2299,1090,4362,2364,2754,2197,2606,4772,1275,2635,5521,399,5259,527,3345,3336,5348,4152,6765,1129,4291,1184,293,4358,3172,6239,2417,4252,1760,1468,1898,2298,4390,2198,3687,6389
"COG3120",2,3,10,1,2,0,4,1,0,0,0,0,10,19,10,5,2,8,12,6,3,2,30,3,0,1,19,0,1,1,21,11,103,0,4,4,1,9,0,4,8,14,2,1,0,0,0,1,2,7,11,1,0,1,36,0,11,0,1,9
"COG3121",24,14,65,30,21,0,31,2,4,14,5,0,49,410,85,88,7,0,119,69,13,25,300,9,2,1,131,0,2,1,160,82,1291,3,34,72,9,48,13,42,35,80,75,38,5,12,5,0,7,88,75,11,20,5,262,1,110,0,27,144
"COG3122",1,1,10,1,3,0,3,0,0,2,1,0,5,42,9,7,1,0,10,9,0,3,18,2,0,1,33,0,0,0,8,8,120,0,3,3,0,2,0,2,2,6,6,6,0,1,0,0,2,6,9,1,4,0,13,0,8,0,1,10
"COG3123",0,3,4,3,0,0,1,0,0,2,0,0,4,38,10,6,0,0,9,7,2,0,19,2,0,0,11,0,0,1,6,18,59,0,4,7,1,1,0,3,3,2,4,3,0,1,0,1,0,1,6,0,3,1,14,0,10,0,3,9
"COG3124",2,22,19,12,10,10,10,12,28,3,34,38,5,47,6,11,0,1,12,6,10,42,32,0,29,5,22,14,1,8,10,37,67,4,40,5,34,6,34,24,37,30,16,5,10,1,2,36,45,5,19,33,19,5,12,4,20,3,11,22
"COG3125",1,0,2,3,0,0,2,0,0,0,0,0,12,35,6,1,1,0,4,4,0,0,19,1,0,1,11,0,0,0,4,4,35,0,2,9,0,1,0,0,1,3,0,2,0,2,0,0,0,4,10,0,0,1,11,0,4,0,0,4
"COG3126",0,0,2,0,1,0,3,0,0,1,0,0,1,36,5,5,0,0,3,6,1,1,17,1,0,0,10,0,0,0,11,4,49,0,0,8,1,2,0,1,4,5,7,3,0,0,1,1,1,2,9,1,0,0,8,0,3,0,2,3
"COG3127",2,2,33,1,6,1,9,0,0,2,1,1,30,102,19,17,2,0,15,19,2,6,89,3,1,0,76,0,1,0,24,12,294,1,5,15,3,9,0,6,7,18,21,5,1,4,0,0,2,13,25,3,3,0,30,0,24,0,2,13
"COG3128",2,2,6,2,3,0,2,0,0,3,0,1,6,37,14,8,1,0,8,14,1,2,33,1,0,0,27,0,0,0,6,10,106,0,1,2,1,4,1,3,2,5,4,1,1,0,0,0,0,3,4,2,3,0,22,0,8,0,1,15
"COG3129",11,29,44,133,15,1,24,16,11,6,13,10,15,29,63,49,3,2,108,4,27,13,41,40,9,3,60,10,2,6,38,45,106,16,14,4,36,7,3,28,58,111,80,2,10,10,2,30,8,109,16,32,4,6,16,14,29,0,36,75
"COG3130",1,0,7,0,0,0,0,0,0,0,0,0,0,0,1,1,0,0,2,2,0,2,4,0,0,1,5,0,0,0,2,1,29,1,2,3,0,0,1,1,0,1,3,0,0,1,0,0,0,0,0,1,2,0,3,0,2,0,0,4
"COG3131",7,5,28,14,4,0,6,0,1,3,1,1,23,106,33,23,0,1,40,22,5,9,91,3,0,2,63,0,0,6,52,27,372,2,7,18,63,15,1,11,14,21,26,9,4,4,0,1,2,20,40,3,6,1,48,0,22,11,10,42
"COG3132",2,1,12,2,1,0,4,1,0,2,1,0,11,33,6,5,1,0,6,6,2,2,41,2,0,1,19,0,0,0,11,3,135,0,2,6,0,3,1,4,3,4,7,3,1,1,1,0,0,5,15,1,2,1,22,0,12,1,0,14
"COG3133",2,3,2,4,1,0,2,0,2,2,0,2,5,18,9,6,2,4,11,7,1,0,46,0,0,3,18,0,0,1,8,4,66,2,2,6,1,8,24,2,1,5,3,2,0,0,0,0,0,2,5,2,12,2,13,0,15,1,4,4
"COG3134",0,1,4,1,2,0,2,1,0,1,0,0,7,32,12,7,0,0,9,3,2,0,25,0,1,0,23,0,1,0,7,4,106,0,7,4,1,3,2,3,2,6,2,1,0,0,3,1,1,6,11,1,1,0,15,0,8,0,2,5
"COG3135",0,1,2,0,1,2,3,0,0,0,1,0,2,49,3,2,0,0,2,4,0,1,21,1,0,0,8,0,0,0,0,0,20,0,4,6,1,0,0,2,0,1,3,3,0,0,1,0,0,1,12,2,0,0,4,0,2,0,1,0
"COG3136",0,0,2,2,1,0,2,0,1,0,0,0,5,18,8,0,0,0,5,1,0,1,16,2,0,0,8,0,0,0,6,4,58,0,1,1,0,4,0,0,6,2,4,1,0,1,0,0,0,4,3,0,3,0,9,0,2,0,0,5
"COG3137",1,3,7,2,2,0,6,0,0,2,1,0,6,33,3,3,0,0,5,5,0,2,19,2,0,0,13,0,0,0,5,7,61,0,0,6,1,3,0,2,0,3,8,2,0,0,0,0,0,3,10,0,0,0,9,0,8,0,1,10
"COG3138",0,4,8,3,0,0,3,0,0,0,0,0,12,83,11,4,1,1,10,5,2,1,38,4,0,0,19,0,0,0,15,3,105,0,1,4,0,3,1,4,3,5,7,6,0,1,0,0,1,3,13,1,2,0,11,0,10,0,3,6
"COG3139",1,1,2,3,0,0,0,0,0,0,0,0,3,9,5,4,0,0,2,2,1,0,12,0,0,1,14,0,1,0,12,3,41,0,2,3,0,3,0,0,1,3,5,2,0,0,1,1,0,3,3,2,0,0,17,0,9,0,0,2
"COG3140",1,4,1,1,3,0,2,0,0,0,0,0,1,5,3,2,2,3,4,0,0,0,10,0,0,0,5,0,0,0,6,1,25,1,0,2,0,1,0,2,0,2,0,0,0,0,0,0,0,1,1,0,1,0,5,0,3,1,0,2
"COG3141",1,2,4,2,0,0,3,0,0,0,0,0,5,17,6,5,0,0,7,2,0,1,14,1,0,0,5,0,0,0,8,6,62,0,1,3,0,5,0,2,1,3,4,3,1,1,0,0,1,2,1,1,2,0,12,0,7,0,0,9
"COG3142",250,206,222,204,265,196,241,155,180,187,245,154,96,225,249,229,227,297,190,109,165,269,133,209,125,71,181,163,300,111,76,141,92,138,205,196,129,146,110,152,194,150,201,118,212,107,142,185,182,160,116,211,76,168,158,74,197,126,183,189
"COG3143",0,1,4,0,4,0,5,0,0,1,0,0,8,0,6,5,0,0,7,7,0,1,25,3,0,0,26,0,0,0,14,8,118,1,3,4,0,1,1,3,5,6,6,79,0,0,5,0,2,3,0,0,2,0,21,1,13,0,4,14
"COG3144",4,28,108,5,13,53,24,32,26,23,14,29,8,13,19,44,74,79,8,9,50,17,117,82,4,19,81,141,18,70,31,18,127,120,6,48,28,33,30,54,9,11,10,49,50,84,0,30,60,13,6,4,72,39,23,48,15,87,3,30
"COG3145",1,3,16,6,1,0,3,1,0,1,0,0,2,26,6,10,0,0,4,4,0,2,26,0,0,0,13,0,0,0,7,3,98,0,1,4,2,2,0,5,2,8,6,1,0,3,1,1,2,6,5,2,1,0,23,0,5,0,0,5
"COG3147",0,1,4,2,0,0,3,0,0,0,0,0,6,23,0,2,0,0,2,2,1,1,20,0,0,0,11,0,0,0,5,1,50,0,1,3,2,1,0,1,0,3,2,3,0,1,1,0,0,2,6,0,0,0,8,0,3,0,1,4
"COG3148",3,0,18,1,3,0,1,1,0,0,0,0,3,19,8,5,0,1,6,8,0,1,20,1,0,1,4,0,2,0,12,1,93,0,3,7,1,3,0,0,7,3,1,2,0,1,0,0,0,2,9,0,1,0,9,0,3,0,4,3
"COG3149",2,1,3,1,1,0,2,1,0,1,0,0,0,21,7,2,0,0,9,10,0,1,13,0,0,0,23,0,0,0,14,2,3,0,1,5,0,0,0,1,2,0,3,1,0,0,0,1,0,1,3,1,2,1,2,0,7,0,2,5
"COG3150",13,10,27,4,14,4,13,4,31,3,26,0,23,93,152,19,3,2,23,28,16,15,53,7,7,2,51,5,0,46,32,26,253,29,38,19,16,80,43,7,24,17,9,88,42,2,1,22,9,25,58,6,17,30,44,41,51,5,15,27
"COG3151",7,0,6,1,2,0,2,0,0,2,1,0,5,30,13,10,1,0,15,15,1,1,31,1,0,1,17,0,0,0,14,10,104,1,5,8,1,6,0,2,10,6,6,3,0,0,2,0,1,5,5,1,1,0,29,0,15,0,0,7
"COG3152",71,108,61,124,29,70,71,26,26,32,37,28,21,94,82,74,19,29,102,122,62,42,40,22,33,22,54,25,34,64,52,64,265,66,45,59,48,113,25,21,54,105,130,132,81,59,147,16,8,122,152,56,12,154,372,58,50,91,47,125
"COG3153",164,54,116,145,86,64,105,102,90,56,105,72,31,159,224,119,72,23,227,54,57,66,71,66,82,10,88,151,88,81,135,136,214,87,102,50,82,58,48,85,124,107,100,131,106,69,37,111,179,158,149,83,57,42,83,76,150,109,98,152
"COG3154",3,1,8,6,0,0,8,0,0,1,0,0,7,53,13,5,1,0,12,9,0,1,28,1,1,2,25,1,0,0,17,12,82,0,2,8,0,3,0,3,4,4,7,1,0,1,0,1,0,3,5,0,0,0,9,0,10,0,2,11
"COG3155",4,0,4,0,7,2,5,0,0,0,1,5,1,34,3,6,0,0,5,8,1,0,19,0,2,0,12,2,0,6,9,2,50,0,2,12,25,1,0,0,4,6,3,3,1,0,3,0,2,0,20,1,7,0,4,0,3,7,4,3
"COG3156",1,4,18,11,1,1,2,1,2,1,1,0,9,42,12,0,1,0,13,10,2,2,71,8,0,0,68,0,1,0,13,9,230,0,4,6,2,5,2,7,3,8,11,1,0,0,2,0,0,8,13,3,4,0,56,0,11,1,7,4
"COG3157",6,15,27,14,6,2,25,2,0,2,1,1,15,114,31,22,1,2,86,33,3,3,55,0,3,2,14,0,1,3,86,30,407,1,10,26,10,7,2,8,12,15,19,6,1,1,2,0,1,23,12,2,3,1,57,4,63,0,14,90
"COG3158",335,11,57,10,5,23,127,91,1,174,12,35,349,144,31,93,58,322,54,737,4,14,139,18,9,317,73,1,337,102,48,30,433,310,16,635,3,18,155,128,6,38,23,295,63,21,458,25,22,25,166,31,79,221,594,302,36,118,195,30
"COG3159",2,5,3,2,7,0,7,0,2,0,1,0,6,19,10,16,2,5,14,7,2,3,32,1,3,1,20,4,2,9,9,8,78,6,9,8,8,8,2,1,12,7,5,4,1,0,0,0,0,3,4,0,3,1,10,0,7,0,3,6
"COG3160",4,2,11,3,2,1,2,0,0,2,0,0,11,39,11,4,1,0,15,13,2,2,29,1,0,1,21,0,0,1,18,17,119,0,3,13,0,6,0,2,7,8,5,76,1,1,2,1,0,6,16,0,1,2,19,0,13,0,5,8
"COG3161",0,1,10,3,3,1,8,0,1,0,0,1,8,28,18,13,2,0,11,12,2,3,41,2,0,0,35,0,1,0,25,13,114,0,0,8,1,3,1,6,2,3,10,1,1,1,1,1,0,5,2,2,4,1,23,1,12,0,2,13
"COG3162",5,0,4,5,2,0,5,0,0,1,0,0,9,24,9,2,1,0,12,1,0,1,17,0,0,0,21,0,0,0,12,4,72,1,5,8,0,1,1,1,5,8,1,5,0,0,0,0,1,1,5,1,1,0,8,0,13,0,3,6
"COG3164",6,26,77,10,26,7,50,21,40,29,26,1,70,236,91,65,22,9,52,72,59,38,164,15,39,9,100,24,0,25,101,51,581,69,24,57,30,205,6,46,64,26,35,42,15,5,4,3,6,56,51,30,63,10,61,11,54,1,34,50
"COG3165",1,1,13,1,6,1,6,0,2,2,0,1,15,60,19,8,1,0,16,15,3,4,38,1,0,2,32,0,0,0,16,10,136,1,3,15,1,5,1,6,3,7,11,2,0,1,0,0,2,5,13,0,0,0,18,0,16,0,5,8
"COG3166",1,6,15,6,18,1,2,10,1,0,9,4,10,0,15,14,0,0,18,13,5,3,16,4,1,3,26,5,0,11,11,5,94,0,12,5,4,4,2,2,12,2,5,0,2,1,1,5,0,4,1,3,0,0,16,7,16,0,9,16
"COG3169",111,159,126,171,72,63,154,66,84,150,97,98,60,103,145,117,22,8,133,166,75,188,64,72,115,40,65,76,48,72,44,122,1,76,181,18,123,23,117,115,162,85,141,44,151,26,4,120,101,157,39,138,70,85,40,136,162,72,76,155
"COG3171",2,8,7,5,1,0,6,0,1,2,0,0,7,27,13,7,1,9,13,2,1,3,23,0,0,1,22,0,0,0,22,5,94,0,5,3,0,6,1,3,7,9,5,1,0,0,0,0,0,3,5,2,3,0,12,0,11,1,8,9
"COG3172",3,9,11,8,2,6,4,37,1,0,3,1,8,75,17,8,9,22,36,3,8,2,40,5,3,7,15,29,0,0,41,13,163,25,14,39,2,4,1,8,10,11,15,6,0,2,44,0,1,21,24,4,2,2,31,1,22,0,6,11
"COG3173",2,0,4,13,10,27,1,21,2,0,13,34,0,1,17,4,5,9,22,11,0,8,3,4,13,5,1,11,3,21,58,17,313,20,2,1,1,3,4,3,1,1,4,74,1,3,1,9,3,3,23,1,10,9,35,1,13,10,13,4
"COG3174",125,329,156,430,163,49,127,81,161,65,203,136,51,121,245,200,8,15,264,14,176,301,104,122,121,11,198,133,70,64,51,262,0,85,332,11,198,21,98,168,378,225,315,12,178,49,11,214,198,277,135,360,40,24,29,96,289,78,162,351
"COG3176",977,757,590,560,313,264,529,396,434,837,480,449,934,724,586,617,243,624,414,1074,438,675,304,346,341,799,348,319,854,436,239,515,5,423,702,48,446,79,708,712,615,443,544,716,652,168,15,511,445,656,302,605,407,533,203,600,723,393,546,650
"COG3177",2015,1010,636,1251,730,907,1153,944,685,1037,847,897,1126,819,1171,491,763,1099,810,755,638,1174,628,526,1693,769,733,1042,993,986,916,792,112,1424,1038,715,702,479,686,851,493,801,1041,1735,778,696,741,935,803,875,470,814,668,1036,644,1298,768,908,607,624
"COG3178",513,323,308,260,184,153,261,200,238,370,368,193,467,245,288,297,128,345,275,701,233,343,161,157,163,386,215,105,505,202,109,246,1,272,349,19,250,83,330,319,379,134,302,512,316,73,10,359,281,211,184,374,202,233,85,381,296,182,286,335
"COG3179",0,3,1,0,6,0,2,26,2,0,0,1,6,0,0,3,0,24,0,131,0,1,3,0,0,0,0,0,0,0,1,0,7,1,0,0,0,3,43,0,2,0,0,0,0,0,1,5,0,0,0,124,10,81,0,0,27,14,0,0
"COG3180",8,9,24,22,48,12,1,20,3,1,27,13,14,32,26,21,0,1,80,27,12,41,32,4,3,2,16,9,2,18,24,17,83,6,19,3,17,6,7,7,38,10,24,5,10,8,3,2,9,4,46,6,8,1,7,13,29,6,39,21
"COG3181",67,82,107,45,228,66,81,117,118,50,101,75,91,79,164,154,87,56,158,54,146,116,84,276,98,48,169,67,63,97,89,91,228,85,119,94,134,96,55,166,155,152,146,30,70,64,137,53,96,58,107,123,124,102,18,91,101,116,64,55
"COG3182",175,201,210,152,76,86,166,80,101,192,167,90,94,273,159,168,42,132,152,39,111,182,95,122,98,14,97,77,58,53,56,113,0,122,168,30,141,54,82,155,117,136,327,20,220,37,9,151,136,122,104,220,83,41,199,58,219,102,239,229
"COG3183",1,0,15,39,5,30,24,12,6,2,20,5,4,45,2,8,41,11,3,9,4,27,34,2,5,0,0,11,229,41,2,45,501,8,3,9,11,12,5,129,18,9,0,9,9,1,7,31,0,31,27,27,30,12,48,14,20,65,47,16
"COG3185",1,0,0,0,0,0,1,0,0,1,0,0,0,71,0,0,0,0,0,2,1,0,15,0,0,0,0,0,0,0,0,0,0,0,0,3,0,0,0,0,0,0,0,5,0,2,0,0,0,2,18,0,0,0,0,0,1,0,0,0
"COG3187",144,278,120,216,73,98,188,57,125,189,144,125,100,239,197,130,35,6,189,82,116,236,94,79,69,12,147,66,88,67,46,143,79,131,186,22,109,49,79,118,216,90,168,26,247,63,5,158,138,224,94,205,54,47,46,89,274,152,116,227
"COG3188",69,54,218,99,68,8,119,7,13,29,18,4,194,1141,224,228,17,1,331,243,44,73,895,33,3,13,400,1,9,2,312,164,3153,12,89,217,19,75,21,95,73,211,183,72,12,26,13,7,18,189,222,30,54,6,577,3,290,1,66,383
"COG3189",39,93,41,147,34,45,85,44,74,75,55,82,49,56,130,58,7,4,92,14,86,69,68,59,78,16,100,45,34,38,42,107,57,37,95,69,101,14,78,74,111,95,121,15,103,36,4,51,57,159,40,67,68,28,130,50,124,77,63,91
"COG3190",1,0,2,3,3,0,1,0,0,0,0,0,2,0,4,5,0,0,4,0,1,0,7,2,0,1,8,0,1,0,8,4,32,0,3,3,1,2,1,2,4,4,3,1,0,0,0,1,0,2,0,0,3,0,5,0,1,0,1,4
"COG3191",35,21,116,28,194,103,89,64,68,26,83,38,25,48,69,50,197,88,76,18,73,80,94,103,78,73,99,48,39,53,100,47,42,62,29,179,83,106,43,76,39,73,77,33,55,61,77,47,88,52,105,62,108,71,86,74,79,84,58,15
"COG3192",8,9,27,19,20,33,24,9,13,6,30,36,18,51,59,26,22,26,56,31,23,46,27,14,15,58,35,11,1,13,41,56,137,12,9,55,28,45,7,27,41,65,19,14,19,11,15,17,22,18,42,20,16,18,87,6,14,13,29,34
"COG3193",34,1,24,20,29,25,17,10,6,9,56,11,11,65,37,25,108,28,88,23,18,19,40,47,19,13,27,17,7,13,28,58,101,12,9,59,9,26,8,20,37,26,42,9,9,57,19,7,14,27,27,13,14,7,40,25,20,8,6,12
"COG3194",0,1,1,0,1,0,2,0,0,0,0,1,4,0,5,4,0,0,4,3,0,0,24,0,0,0,17,0,0,0,7,4,60,0,2,1,0,2,0,1,3,4,2,1,0,0,0,0,0,1,8,0,1,0,10,1,7,0,0,4
"COG3195",0,0,0,0,0,0,0,0,0,0,0,0,0,19,1,0,0,0,0,1,0,0,7,0,0,0,0,0,0,0,1,0,0,0,0,0,0,0,0,0,0,0,0,3,0,0,0,0,0,0,5,0,0,0,0,0,0,0,0,0
"COG3196",14,11,17,7,62,33,27,19,31,6,29,12,5,22,21,39,9,27,23,1,40,24,30,16,16,6,30,10,3,19,21,16,180,30,33,41,52,1,10,31,16,26,15,9,8,14,35,6,23,27,16,7,83,5,38,6,14,19,12,3
"COG3199",3,2,1,5,0,2,1,9,13,0,1,7,0,2,13,2,1,1,38,0,1,8,1,0,1,0,5,2,0,0,10,2,50,1,11,0,1,1,1,0,5,4,4,1,6,0,1,2,5,13,10,5,0,5,2,1,2,2,1,0
"COG3201",153,283,183,245,97,83,182,187,178,267,223,179,339,134,228,248,86,341,189,213,115,208,158,96,117,284,150,157,88,181,99,225,161,99,246,113,225,177,220,209,206,92,242,121,173,168,38,172,156,206,295,166,161,231,270,151,229,151,146,217
"COG3203",23,67,166,17,79,6,107,61,201,99,93,1,111,442,199,218,69,39,120,143,154,120,256,21,133,36,116,53,16,93,162,230,939,242,138,120,166,1157,19,141,280,65,55,417,44,9,4,2,3,127,73,118,108,43,134,47,111,0,136,105
"COG3204",0,2,11,6,1,2,2,0,0,0,0,0,4,0,8,5,0,0,12,7,0,3,29,1,1,0,20,0,1,0,12,3,73,1,4,0,0,2,0,2,3,4,4,1,0,2,0,0,0,3,0,0,0,1,2,0,15,0,2,21
"COG3206",798,463,462,378,177,76,405,301,403,617,613,413,666,458,350,597,247,480,147,987,365,669,349,260,299,420,482,166,868,314,160,357,658,355,779,35,288,93,292,637,405,246,565,398,790,149,280,372,244,288,174,478,270,391,429,460,511,335,632,417
"COG3208",1,17,8,8,17,16,57,6,1,3,2,2,5,44,13,12,19,5,46,23,3,6,10,4,5,59,3,1,18,8,7,18,49,3,8,0,4,5,1,6,10,11,17,2,12,60,17,0,4,4,23,5,2,4,23,28,11,24,21,11
"COG3209",241,492,1081,823,321,1250,782,1187,679,722,644,684,1316,1017,351,534,552,1270,638,2040,426,1564,1639,672,1128,3599,2386,822,959,1453,591,1055,2783,807,915,526,1493,355,973,1283,512,1205,574,561,744,720,188,967,610,1027,1099,871,624,592,584,755,1258,798,1311,1465
"COG3210",43,13,105,77,62,134,27,53,15,161,80,26,68,97,240,102,36,116,577,306,35,165,52,46,39,18,85,22,53,128,207,84,189,106,48,5,109,146,20,205,225,71,148,232,55,18,13,40,55,76,32,59,15,254,283,20,67,39,114,38
"COG3211",0,0,0,0,0,0,0,0,0,0,0,0,0,0,0,1,0,0,0,0,0,0,0,0,0,0,0,0,0,0,0,0,0,0,0,9,0,0,0,0,0,0,0,0,0,0,0,0,0,0,20,0,0,0,3,0,1,0,0,0
"COG3212",13,36,17,10,19,38,7,49,7,24,45,24,10,6,6,19,10,15,8,0,1,3,17,36,11,13,13,29,60,32,59,18,20,30,8,70,7,23,20,8,8,5,3,10,9,31,157,17,13,6,13,2,42,8,164,13,2,18,8,8
"COG3213",3,3,0,0,0,0,0,0,1,0,0,0,0,0,0,1,2,14,0,1,1,0,0,0,0,7,1,0,2,0,0,0,0,2,0,0,0,3,2,1,0,0,0,0,0,0,0,0,1,0,0,0,0,0,0,1,0,0,0,0
"COG3214",6,6,15,9,7,2,9,0,0,4,1,1,16,44,16,12,1,0,17,9,2,2,51,6,1,3,38,0,0,1,36,14,189,7,5,4,0,4,3,5,5,16,6,4,1,2,2,1,0,10,6,5,5,1,37,1,14,0,5,19
"COG3216",0,0,0,0,0,0,0,0,2,0,0,5,0,0,1,0,2,1,0,0,0,0,20,0,0,0,0,0,0,8,3,0,0,0,0,0,7,0,13,0,0,0,0,3,0,0,0,1,0,0,0,0,4,5,0,0,0,6,2,0
"COG3217",2,3,15,7,5,0,7,1,0,1,1,0,16,41,13,7,0,0,14,14,3,2,51,2,0,0,34,0,0,0,19,8,203,0,3,13,0,4,2,7,4,8,7,3,0,0,1,1,1,9,8,2,1,0,22,0,20,0,4,13
"COG3218",0,1,0,0,0,0,0,0,0,0,0,0,2,0,0,0,0,0,0,0,0,0,0,0,0,0,34,0,0,0,0,10,0,0,0,0,0,0,1,1,0,0,0,0,0,0,0,0,0,0,0,0,0,0,0,0,0,0,0,0
"COG3219",2,2,0,0,0,0,0,0,0,0,0,0,1,1,0,0,1,2,0,0,0,0,0,0,0,2,0,0,1,0,0,0,0,1,0,1,0,3,0,0,0,0,0,0,0,0,0,1,0,0,0,0,0,0,0,1,0,0,0,0
"COG3220",0,4,0,0,0,0,0,0,0,0,0,0,0,0,0,1,3,6,0,0,1,0,0,0,0,5,2,17,3,0,0,1,0,3,0,3,0,4,1,2,0,0,0,0,0,0,0,2,0,1,0,0,0,0,0,1,0,0,0,0
"COG3221",16,18,75,20,32,44,26,50,28,13,21,53,19,86,23,51,38,13,26,18,69,20,34,24,22,10,33,34,11,55,82,48,156,34,35,199,65,169,24,27,33,42,14,13,26,80,15,42,116,52,125,42,38,28,330,90,30,52,90,22
"COG3222",3,3,5,4,1,3,3,1,4,2,4,2,6,4,4,10,10,3,17,2,1,37,2,3,5,12,6,6,1,16,16,3,35,2,6,2,8,52,0,5,1,13,6,1,3,9,26,4,7,16,4,2,0,1,0,1,6,2,1,1
"COG3223",2,5,16,3,2,1,7,0,1,0,0,0,15,9,15,9,1,3,13,16,0,1,40,0,0,1,26,0,0,0,15,9,135,1,4,8,1,24,2,3,4,10,6,1,0,0,1,4,0,3,2,0,1,1,137,2,16,0,3,7
"COG3224",1,0,0,0,0,0,0,0,0,1,0,4,0,30,0,2,0,0,0,2,0,0,11,0,0,0,0,0,0,0,0,0,0,0,0,1,0,0,0,0,1,0,0,1,0,0,0,0,0,0,10,0,0,0,0,0,0,0,0,0
"COG3225",102,178,152,577,416,488,366,303,248,107,185,301,68,114,308,99,377,210,473,21,347,97,422,297,410,244,225,412,76,354,370,219,137,298,146,359,355,184,260,196,249,211,223,88,156,449,112,309,295,329,168,233,260,203,154,257,177,425,207,374
"COG3226",4,2,6,3,2,0,4,0,0,2,1,1,5,39,16,8,0,0,12,7,2,1,29,1,0,1,16,0,0,0,10,5,105,0,0,7,1,3,1,8,4,7,7,5,0,1,1,0,1,6,12,1,0,0,22,0,9,0,4,13
"COG3227",6,0,0,0,13,1,0,0,0,0,0,0,0,0,0,1,4,0,0,0,0,13,0,4,0,0,2,0,0,0,14,0,0,0,1,6,5,0,0,1,1,0,0,2,1,0,0,0,0,7,4,4,2,1,0,4,0,60,0,0
"COG3228",4,1,5,2,2,0,5,0,0,2,0,0,2,56,9,5,1,0,10,5,2,3,27,0,0,0,20,0,0,0,7,2,100,0,3,5,1,4,1,4,1,7,6,1,0,2,1,0,0,9,12,4,3,1,15,0,3,0,3,11
"COG3231",0,2,9,3,13,10,10,5,3,6,29,1,1,0,9,11,1,3,2,8,9,8,11,3,2,2,0,8,0,6,47,12,11,11,19,1,2,10,11,2,6,16,9,4,8,3,1,60,13,3,9,1,7,1,79,0,22,4,1,1
"COG3232",1,1,9,3,3,0,3,0,0,0,0,0,4,21,2,4,0,0,0,1,1,1,4,0,0,0,26,0,0,0,0,2,0,0,0,9,0,0,0,4,0,5,4,2,1,1,0,0,0,1,6,0,3,0,2,0,2,0,1,5
"COG3234",1,1,5,5,2,0,2,0,0,0,0,0,10,0,10,3,0,0,17,3,0,2,18,0,3,1,23,0,0,0,16,8,102,0,4,1,0,3,1,4,3,6,5,0,0,0,0,0,0,6,0,1,1,0,25,0,11,0,4,4
"COG3236",25,17,26,18,12,60,36,35,29,18,30,34,6,71,21,35,42,48,17,2,92,16,39,11,41,40,24,123,6,65,79,38,121,35,11,29,22,3,27,21,23,41,19,58,10,47,7,19,37,16,35,46,130,30,38,45,37,39,29,9
"COG3237",4,1,7,1,1,0,3,0,0,2,0,0,0,31,5,4,2,4,7,4,0,1,13,0,1,3,10,0,0,0,7,7,43,0,2,3,1,14,0,0,0,6,1,4,1,2,0,0,0,6,7,1,0,0,42,1,1,0,1,3
"COG3238",11,33,76,19,50,27,29,42,42,17,17,51,9,34,47,42,130,48,21,23,84,55,81,71,37,24,51,61,19,48,57,21,310,51,13,140,52,169,18,31,20,43,29,25,29,86,112,22,56,47,11,17,30,40,78,61,25,73,23,29
"COG3239",0,0,0,0,0,0,0,0,0,0,0,0,0,40,2,0,0,0,0,1,0,0,10,0,0,0,0,0,0,0,0,0,7,0,0,2,0,0,0,0,0,0,0,1,0,0,0,0,0,1,9,1,0,0,0,0,5,0,1,0
"COG3242",1,0,1,2,1,0,2,0,0,0,0,0,3,11,4,1,0,0,5,5,0,0,14,0,0,0,6,0,0,0,10,3,61,0,0,8,1,2,0,1,2,7,2,3,0,0,0,0,0,2,3,0,2,0,6,0,3,0,2,1
"COG3243",0,0,0,0,0,0,0,0,0,1,1,0,0,0,0,0,0,0,0,0,0,0,1,0,0,0,0,0,0,0,0,0,0,0,0,0,0,0,0,0,0,0,0,0,0,0,0,0,0,0,0,0,0,1,0,0,0,0,0,0
"COG3246",32,19,29,22,113,23,75,28,16,37,70,83,39,16,63,43,15,16,185,10,61,64,82,30,47,16,21,52,83,36,103,78,67,20,54,18,73,18,77,52,140,133,99,15,30,11,202,15,25,54,56,82,81,34,5,7,17,24,38,28
"COG3247",3,7,17,3,5,9,20,3,5,0,1,21,9,45,18,13,2,2,13,15,1,3,73,3,6,6,30,10,0,12,27,10,164,12,11,40,4,8,21,3,16,9,10,10,5,3,0,2,3,9,16,1,24,13,104,6,20,0,29,10
"COG3248",2,0,5,5,1,0,5,0,0,3,0,0,15,39,17,9,0,1,11,7,3,1,32,2,0,1,21,0,0,0,41,22,128,0,6,13,1,3,0,3,6,7,7,4,0,0,0,1,0,6,8,0,4,0,15,0,15,0,12,9
"COG3250",11035,12825,7697,13971,8374,6889,10236,6930,9732,8348,9962,8275,10359,8863,13501,9385,4888,11002,12455,6802,11735,9140,9491,7513,6864,8849,11086,6377,10479,6345,5833,12870,2338,10148,12923,3499,12348,3194,9820,9054,12098,10134,14473,6866,10801,5771,3325,11710,9272,11309,7907,9704,7335,5899,5060,8307,10165,7363,10784,15016
"COG3251",2,2,3,0,0,0,3,0,0,0,0,0,1,14,5,3,0,0,4,2,2,0,12,0,1,0,7,0,1,0,6,1,43,0,3,0,0,0,1,1,1,1,6,0,0,0,0,0,1,2,2,0,2,0,8,0,2,0,2,2
"COG3252",0,1,0,3,1,1,0,0,0,0,1,2,0,0,3,3,0,1,29,0,1,1,2,0,0,0,0,0,0,2,19,1,41,0,7,0,0,0,0,0,8,2,5,0,0,1,0,0,1,27,1,1,0,1,1,3,0,1,1,0
"COG3253",0,0,1,0,0,0,0,0,0,0,0,0,0,0,0,0,0,3,1,0,0,0,0,0,0,1,0,0,0,0,0,2,0,0,0,0,0,26,0,0,0,3,0,0,0,0,2,0,0,2,0,0,0,0,71,0,0,0,0,0
"COG3254",97,170,64,148,46,52,96,68,43,24,55,59,43,137,209,70,27,120,166,22,72,69,73,87,57,16,93,45,116,45,33,99,100,99,73,32,57,122,36,46,82,50,124,10,43,41,11,48,51,150,55,31,48,36,45,82,95,33,56,115
"COG3256",4,3,1,0,0,0,0,0,2,0,0,0,0,3,2,0,5,31,6,5,1,0,0,0,0,11,1,0,5,0,0,7,0,2,2,11,1,39,2,4,0,20,0,0,0,0,1,1,0,6,0,0,1,0,127,11,0,0,0,0
"COG3257",1,4,9,4,0,2,10,2,1,3,10,11,4,6,15,9,8,6,25,2,2,5,24,2,2,0,16,1,5,3,20,6,132,5,13,1,6,5,9,13,12,15,12,4,4,25,3,0,2,23,16,9,11,2,20,2,17,1,2,8
"COG3259",0,0,0,0,0,8,0,0,0,0,1,1,0,1,1,0,0,2,0,0,0,0,0,0,0,0,0,0,0,0,75,1,0,0,0,0,0,0,0,0,1,0,0,2,0,0,0,0,0,0,0,1,0,5,0,0,0,0,0,0
"COG3260",5,8,41,16,38,20,15,10,17,11,33,28,23,50,19,43,7,7,31,26,16,25,59,7,17,11,49,7,1,28,45,24,183,10,17,8,23,11,7,32,13,23,25,6,14,10,4,8,7,11,56,20,21,21,38,18,17,5,36,24
"COG3261",12,18,55,9,35,27,31,19,32,7,37,47,33,77,25,44,18,11,43,22,30,23,80,9,28,12,89,14,5,24,133,41,206,11,30,19,26,8,13,53,32,43,44,7,32,13,11,15,20,19,112,33,30,25,51,19,24,6,43,35
"COG3262",12,9,43,3,18,6,13,6,19,10,9,6,27,92,25,23,1,6,18,29,13,13,104,11,1,3,96,2,2,1,19,10,252,12,7,5,2,6,5,28,5,22,18,3,6,5,2,2,13,14,19,1,8,1,40,0,20,0,6,21
"COG3263",259,412,375,452,248,196,373,278,385,353,442,242,264,273,383,426,161,104,317,112,334,434,261,417,229,149,338,203,258,156,219,368,265,297,325,72,342,49,203,338,448,336,405,306,395,360,478,380,275,372,259,390,294,98,182,241,439,290,342,390
"COG3264",29,34,69,17,51,12,43,11,55,18,24,7,80,259,78,101,15,30,85,65,32,28,281,14,17,15,192,14,1,60,86,72,856,42,51,75,103,145,14,53,66,86,70,352,25,10,8,10,10,35,77,28,57,7,86,25,72,15,26,63
"COG3265",0,2,6,3,3,2,25,0,0,0,0,0,6,20,8,12,0,0,30,15,3,6,16,5,0,4,22,0,0,0,36,8,258,1,4,36,0,6,1,1,4,12,10,4,0,3,22,0,0,7,15,5,2,0,12,0,17,0,16,24
"COG3266",1,3,10,4,2,0,8,2,3,2,1,1,10,67,12,10,2,0,18,12,2,5,38,5,1,0,24,0,0,0,12,9,170,0,2,13,2,7,2,5,4,4,8,7,1,0,1,0,1,4,23,1,0,0,13,0,13,0,6,9
"COG3267",29,12,13,20,13,0,7,13,14,5,33,7,8,6,43,22,27,76,11,10,22,18,4,25,5,28,5,1,9,14,4,24,84,12,8,14,6,36,2,18,10,10,42,171,9,81,36,13,35,8,3,12,8,4,109,14,5,1,27,0
"COG3268",0,0,3,0,0,0,0,7,12,0,3,2,0,0,0,3,0,1,0,0,0,0,0,0,0,0,0,5,0,1,1,0,2,0,6,0,0,0,0,7,0,0,0,0,11,0,0,0,0,0,0,5,0,0,0,0,1,0,5,0
"COG3270",51,28,68,23,222,131,52,73,91,13,52,105,16,87,29,76,121,78,45,39,86,77,182,145,82,55,151,88,29,85,136,32,173,89,23,172,67,176,95,81,13,87,42,43,32,213,116,86,115,15,74,81,95,67,123,42,67,118,80,32
"COG3271",0,0,0,0,0,3,5,1,1,0,0,6,0,0,0,0,0,2,0,0,0,0,3,0,3,1,0,1,0,2,1,0,0,1,1,0,2,0,2,0,2,0,0,0,1,0,0,0,0,0,17,3,1,0,0,0,0,1,4,0
"COG3272",1,7,14,7,3,0,4,0,0,2,0,0,6,49,12,13,0,3,24,12,3,2,57,1,1,2,49,0,5,0,6,13,72,3,0,22,0,8,1,8,6,7,11,10,0,2,0,2,1,14,17,1,1,1,51,1,19,0,1,22
"COG3274",666,743,383,601,215,199,698,363,595,388,443,371,247,319,886,414,289,121,528,68,440,489,361,340,284,72,560,237,581,256,343,613,301,256,487,233,365,62,278,582,455,591,800,151,496,335,65,533,437,548,318,434,463,319,185,156,422,315,372,634
"COG3275",734,935,846,1358,537,567,1059,547,836,1066,924,753,745,1065,1204,1210,247,847,1102,1212,731,923,575,571,602,1325,908,557,850,483,744,1100,569,635,1071,138,1039,118,540,914,1362,1153,1114,777,1168,239,51,800,708,1442,626,895,678,658,439,775,1198,585,931,1457
"COG3276",35,27,28,31,19,32,39,11,25,13,70,30,35,102,56,40,70,37,142,14,21,30,49,44,38,33,53,33,22,22,91,78,359,25,29,143,23,59,14,27,66,50,94,13,57,39,27,20,20,49,71,23,53,16,27,10,19,10,27,23
"COG3279",1151,1621,1832,1754,1648,2046,1626,2183,1876,1248,1576,1535,695,1143,1455,1442,1976,2294,1478,1311,2310,1363,1941,2257,1443,2232,1810,2655,895,2182,1462,1806,878,2202,1582,1619,1816,1665,1396,1294,1383,2200,1197,1404,1477,1859,827,2215,1735,2423,1350,1414,1938,1865,1281,2194,1504,2616,1020,1789
"COG3283",3,84,18,23,2,0,4,42,2,28,6,0,36,60,24,52,1,8,10,10,3,2,75,3,0,13,46,1,159,0,35,17,185,1,6,13,1,6,28,6,6,19,5,5,0,71,277,1,1,12,16,0,3,0,21,0,10,0,4,9
"COG3284",30,66,19,57,51,23,30,73,25,38,42,17,45,187,31,102,20,4,69,33,25,30,64,17,56,26,7,12,165,22,96,22,25,17,19,12,36,0,44,30,57,32,44,14,25,70,392,12,17,8,182,36,17,14,5,31,22,8,37,15
"COG3287",27,38,29,0,0,35,11,26,46,15,21,8,0,22,14,43,74,35,45,4,42,11,38,64,238,6,33,25,8,16,22,19,0,67,4,0,25,199,7,27,6,100,0,29,7,232,1,42,35,17,29,5,82,25,0,23,4,25,3,14
"COG3288",5,7,19,1,21,8,36,1,1,1,1,0,18,72,21,12,6,9,18,19,3,6,53,11,0,6,47,0,2,11,28,14,171,4,3,115,24,13,7,8,5,17,15,153,2,7,167,5,1,6,43,8,15,3,122,1,10,16,27,18
"COG3290",41,38,135,40,54,144,27,237,53,14,68,105,59,231,109,115,48,88,98,73,65,43,231,34,30,34,102,257,25,94,143,72,608,78,84,66,59,29,36,44,50,64,37,61,66,35,18,60,42,92,40,26,91,211,102,46,60,61,55,93
"COG3291",39,145,96,64,41,217,140,160,102,52,148,76,65,68,97,311,42,183,67,1871,148,80,39,81,102,61,126,126,44,75,271,168,0,49,43,17,83,22,95,63,153,48,117,47,104,331,15,180,40,73,128,69,112,263,183,406,81,65,184,70
"COG3292",8661,14567,6403,18062,5190,3739,8574,7110,8398,9773,8132,6696,10783,8988,16441,7072,3630,10188,18051,4289,10652,9104,7312,5230,7319,9955,8224,5041,8436,6070,4232,13035,43,8476,10293,992,14546,788,8550,10044,11823,8075,14382,7919,10298,2880,422,11638,9708,14123,6927,10611,4578,6427,2102,7665,9447,5500,10462,17374
"COG3293",283,75,38,148,180,140,859,44,50,82,488,80,130,403,4,139,72,37,46,302,54,127,93,33,48,72,19,272,21,110,197,40,1,1334,89,67,192,7,66,60,51,71,121,54,222,19,13,91,322,58,305,67,44,101,60,92,69,109,119,23
"COG3294",8,5,14,7,24,29,8,35,24,0,10,29,6,6,28,29,38,20,5,6,94,13,10,59,11,23,7,37,6,24,10,6,26,54,2,11,15,12,10,18,5,1,6,17,4,18,26,12,8,11,13,8,40,25,12,19,3,32,5,5
"COG3296",1,0,0,8,2,0,1,2,6,2,2,5,2,0,0,4,1,2,0,0,3,0,15,1,1,0,0,0,1,2,5,2,0,3,0,4,4,1,15,2,5,0,0,4,1,1,0,1,0,0,0,0,4,7,2,0,0,6,3,0
"COG3297",1,3,7,1,5,0,3,0,1,0,0,0,2,55,14,9,0,0,14,12,1,1,39,1,0,0,13,0,1,0,16,2,104,0,6,11,1,4,0,2,1,3,5,1,0,3,1,1,0,5,19,2,3,1,9,0,7,0,6,9
"COG3299",44,13,28,52,241,67,37,78,149,57,90,63,45,17,37,156,38,35,182,45,77,56,67,110,74,76,128,67,5,93,274,68,36,54,77,76,83,165,87,51,36,166,27,51,35,95,211,45,157,25,121,46,71,37,214,62,96,220,86,47
"COG3301",1,18,19,3,25,5,17,9,47,18,18,2,29,26,33,53,11,9,27,20,53,6,28,9,17,12,46,10,2,17,15,46,183,54,29,6,45,197,8,12,48,15,10,10,11,3,0,2,0,15,6,16,26,7,15,26,27,1,34,16
"COG3302",7,2,23,11,10,2,9,0,1,0,1,4,19,31,19,24,0,1,25,23,7,6,70,1,6,1,57,0,0,1,44,15,217,1,6,16,1,7,2,7,7,19,11,3,1,0,1,1,1,11,9,6,9,1,42,1,11,0,6,23
"COG3303",50,68,99,337,67,81,209,83,107,30,233,115,94,207,263,215,27,23,374,88,172,113,111,54,116,24,186,92,33,80,161,276,308,206,224,21,195,118,55,173,218,207,373,29,117,42,3,145,129,215,104,121,61,26,106,56,72,67,119,287
"COG3304",113,120,124,140,58,42,83,74,71,136,90,82,55,83,150,107,87,62,133,78,107,140,69,70,71,170,79,49,94,68,68,118,84,67,83,89,86,127,70,117,135,114,111,34,103,40,119,88,112,217,67,105,90,73,82,106,122,54,66,131
"COG3306",5,7,3,0,5,8,16,0,2,3,16,7,3,19,36,16,5,15,53,11,10,4,0,1,0,10,62,12,8,4,52,54,2,12,90,3,0,118,19,3,7,3,9,2,0,14,0,4,8,99,28,6,2,0,7,9,17,4,1,46
"COG3307",24,61,65,55,64,41,45,64,23,39,113,49,81,49,69,145,64,50,188,46,16,68,108,15,48,27,50,11,109,61,105,36,331,23,25,14,47,82,102,43,28,48,13,73,60,71,313,30,33,76,87,36,81,72,188,16,56,47,43,75
"COG3309",129,6,0,57,3,1,0,91,6,189,0,2,1,29,0,22,42,91,24,0,2,5,0,2,0,1,5,0,1,11,0,23,0,0,0,1,6,1,0,120,13,1,0,1,1,1,0,0,2,23,1,3,15,73,0,6,1,1,20,2
"COG3311",1,2,11,3,7,0,4,0,1,0,0,0,2,9,12,10,0,0,17,4,0,1,32,0,2,0,14,0,0,3,11,6,134,1,3,1,1,0,0,0,4,5,20,2,0,1,1,0,0,4,2,1,4,1,21,0,12,0,8,21
"COG3312",5,5,11,2,0,0,4,0,1,1,0,0,9,36,10,8,1,3,7,11,4,0,23,4,1,0,14,0,1,1,11,8,137,4,3,10,0,8,0,5,3,6,5,6,0,3,0,1,0,4,12,1,1,1,29,1,16,0,1,10
"COG3313",0,0,1,2,1,0,2,0,0,0,1,0,8,17,6,3,1,0,6,4,1,2,13,1,0,0,13,0,0,0,7,2,62,0,0,0,0,3,0,2,0,4,3,1,0,0,0,0,0,2,1,1,2,1,10,0,6,0,0,3
"COG3314",73,89,239,50,259,297,98,223,180,65,138,290,50,69,87,119,260,169,166,46,174,109,190,214,423,131,157,287,96,227,316,69,540,272,89,267,171,194,121,109,75,147,65,152,93,265,210,150,193,112,307,104,303,204,155,87,77,182,143,67
"COG3315",98,63,87,53,145,167,138,232,112,46,77,259,7,55,43,68,131,162,44,6,174,18,198,249,86,50,102,182,47,128,87,94,27,232,69,121,136,166,126,75,56,123,54,163,109,135,25,196,151,92,220,79,181,283,161,116,70,229,80,66
"COG3316",15,9,203,8,12,1,19,34,5,3,7,1,32,1,5,76,2,5,62,36,6,10,28,10,3,4,207,2,13,0,77,41,2045,2,31,23,4,14,3,26,10,79,41,11,4,8,8,3,11,16,7,8,14,4,111,1,91,3,24,18
"COG3317",0,11,18,3,7,0,12,9,12,11,13,0,27,55,29,18,6,19,10,22,12,10,40,0,7,3,34,5,3,9,18,23,116,15,6,13,8,74,3,16,10,13,15,128,6,1,1,1,0,8,15,11,20,12,19,2,12,0,12,10
"COG3318",3,1,3,4,0,0,2,8,13,7,5,0,6,22,21,4,7,10,6,10,6,1,21,0,0,0,10,1,4,0,9,14,42,1,1,34,1,56,1,19,5,4,6,4,7,1,1,0,0,6,2,9,9,2,16,0,3,0,3,2
"COG3319",4,5,12,9,28,0,13,1,4,7,2,1,28,405,78,79,5,2,20,95,3,27,87,14,0,3,80,0,2,0,76,12,445,2,29,15,1,33,0,14,25,24,65,10,2,6,6,2,2,24,114,18,12,1,91,2,54,0,46,82
"COG3320",25,31,94,30,76,132,20,28,12,2,22,41,6,39,50,28,191,65,0,19,35,63,68,82,28,18,6,102,21,30,147,81,0,28,9,83,28,1,62,11,34,107,36,13,25,273,104,12,54,60,29,29,25,20,36,37,14,52,11,4
"COG3321",1,2,8,1,71,102,21,2,7,37,43,1,36,325,83,49,2,7,73,74,33,33,10,15,0,2,3,0,1,0,7,1,180,1,18,2,0,7,0,4,14,6,38,1,28,2,6,1,1,44,304,38,3,5,71,0,31,4,142,61
"COG3323",100,203,188,221,98,81,177,121,109,182,155,148,72,127,170,158,67,22,125,35,119,239,63,86,180,31,77,88,137,56,61,145,12,87,134,73,158,147,94,116,212,186,133,24,183,62,233,141,153,198,94,173,47,56,96,52,155,73,115,181
"COG3324",8,8,11,134,17,5,33,26,21,26,80,16,1,34,71,38,2,1,88,3,51,45,8,10,31,1,25,17,5,14,20,72,0,8,20,7,55,3,6,18,44,51,82,6,48,6,4,14,15,79,27,38,23,5,43,23,30,43,34,62
"COG3325",101,297,175,123,124,224,169,68,313,134,247,269,86,120,155,139,51,22,82,16,168,270,195,113,167,16,186,113,110,76,88,268,42,81,351,92,334,60,239,204,180,207,233,37,224,85,15,251,314,102,197,197,216,46,182,91,186,124,61,275
"COG3326",63,12,32,69,33,82,40,89,77,28,25,88,8,36,19,65,67,56,8,157,48,23,59,69,54,85,80,95,73,53,83,19,6,73,50,57,37,57,65,45,14,21,29,52,16,53,16,53,81,16,55,14,67,99,40,100,62,65,31,25
"COG3327",1,3,15,2,0,0,4,0,1,0,0,0,9,30,4,2,0,0,13,8,4,0,24,0,0,0,29,0,0,0,0,3,126,0,3,7,0,0,0,5,0,8,1,0,0,2,1,1,0,3,5,1,4,0,14,0,8,0,0,10
"COG3328",436,396,572,534,622,718,1258,1976,894,4713,701,570,144,261,513,590,1347,1290,1085,224,731,973,474,634,872,2001,734,957,797,593,752,964,312,494,836,740,763,1896,1774,2143,2021,1502,424,2148,735,963,700,938,1283,1125,474,320,1380,1125,1697,775,639,770,550,479
"COG3330",0,0,0,0,0,19,0,7,1,1,0,8,0,0,0,0,0,6,0,0,0,0,1,0,106,0,0,6,0,0,71,1,0,14,0,0,0,0,4,0,0,0,0,1,0,0,0,0,0,0,0,0,0,7,0,0,0,0,0,0
"COG3331",34,37,66,16,88,73,24,92,69,22,34,69,5,32,34,54,145,85,37,13,57,60,84,246,63,73,40,126,32,95,94,37,46,100,18,134,68,216,35,40,22,56,28,36,28,151,45,66,99,42,39,19,61,142,143,92,12,94,76,57
"COG3333",93,105,150,54,387,153,119,155,210,65,147,147,101,139,239,184,157,97,245,65,199,177,118,420,165,102,352,97,112,156,98,155,364,145,227,169,238,142,86,243,188,318,205,70,101,148,232,123,115,110,174,198,162,147,30,126,193,190,95,82
"COG3335",160,101,54,140,209,270,53,56,91,36,76,138,40,122,117,115,256,192,140,28,131,25,320,416,115,49,80,569,68,297,141,118,325,162,39,318,83,337,49,49,68,27,71,55,70,480,122,80,40,98,48,48,98,73,157,98,22,114,38,72
"COG3338",2,1,1,0,0,0,2,0,0,0,0,0,0,0,1,0,7,17,0,1,0,0,0,0,0,8,0,0,0,1,0,4,0,0,0,13,2,4,1,1,0,0,0,0,0,1,3,1,0,2,1,0,0,2,25,2,0,0,0,1
"COG3339",6,27,15,11,29,16,6,32,12,12,6,9,12,2,8,22,7,5,5,1,6,5,2,3,2,4,2,24,51,9,25,16,0,19,7,0,8,30,7,3,14,11,6,1,5,26,81,21,4,8,15,9,9,8,76,16,9,6,10,6
"COG3340",87,169,377,210,181,212,215,317,236,63,119,246,228,177,136,138,285,327,178,333,216,172,225,246,501,283,131,333,168,297,212,141,210,231,64,453,209,272,174,169,145,114,78,333,136,190,192,147,229,127,252,263,324,142,241,418,256,200,174,96
"COG3341",252,273,221,209,156,126,210,175,190,182,174,181,139,156,251,213,188,282,165,325,199,231,95,221,180,92,256,216,213,152,94,167,18,234,209,189,215,321,178,175,217,168,219,204,230,200,133,223,209,220,117,220,118,148,342,221,303,325,232,208
"COG3343",0,1,2,1,1,0,4,0,0,0,0,0,0,0,0,0,6,10,3,2,1,0,0,0,1,4,1,1,0,0,12,1,1,0,0,69,1,110,0,0,1,1,1,1,0,0,5,0,0,0,0,0,0,2,100,3,0,0,1,0
"COG3344",3283,2926,2048,3691,4350,2169,3016,2195,2374,3546,3685,2089,1951,3217,1236,1135,2383,2720,2887,2141,2023,3014,1843,2350,3469,3990,2346,2332,3000,1502,2482,2836,2326,1947,3228,1653,3726,1486,4776,2692,2160,1109,1511,2193,2551,1694,913,2737,1753,2589,2081,5207,2334,1972,1870,2739,4005,2610,2704,1987
"COG3345",1027,1069,1084,1458,849,1068,1098,1400,1105,1093,1102,830,1131,886,1003,1025,1290,1511,981,211,960,524,833,812,657,1231,771,878,1492,960,786,1367,790,976,942,2021,1173,832,1017,1069,738,1446,1147,1037,979,1683,2929,1102,1088,679,755,940,959,1009,1375,1066,805,1115,1044,1161
"COG3347",3,4,8,1,25,10,4,11,12,2,6,29,3,7,1,4,69,13,0,2,4,2,10,22,6,6,1,6,1,6,16,6,0,3,4,19,8,0,22,3,2,9,6,2,5,16,9,6,7,4,10,1,48,4,2,14,2,2,7,0
"COG3350",0,4,0,0,9,0,0,1,1,0,0,0,0,1,1,19,3,9,33,1,1,6,0,2,0,4,0,0,4,0,4,1,21,2,1,1,1,8,0,2,0,0,5,1,0,0,1,1,0,1,0,0,0,0,1,0,4,0,0,12
"COG3359",64,57,74,18,49,110,26,161,90,29,42,60,10,30,26,61,158,115,36,11,82,69,182,140,46,48,51,165,32,120,56,19,67,162,13,73,65,75,38,45,17,63,31,63,47,196,69,80,89,81,34,26,63,117,44,100,25,145,14,32
"COG3366",0,2,2,4,5,5,13,2,7,1,4,8,2,5,3,22,0,0,0,0,5,4,9,1,7,0,0,0,0,2,3,5,0,0,2,0,0,0,0,6,6,17,6,0,11,1,6,0,1,0,2,9,1,3,0,1,0,0,8,7
"COG3369",3,5,4,22,9,10,22,16,31,12,25,27,3,5,6,5,0,2,34,1,14,7,12,0,23,1,23,10,0,10,23,10,0,0,0,4,31,1,18,34,24,3,45,1,28,0,1,32,21,0,8,9,22,6,0,1,4,8,41,3
"COG3376",0,0,0,0,0,0,0,0,0,1,0,0,0,50,1,0,0,0,1,0,2,0,16,0,0,0,0,0,0,0,0,0,0,0,0,9,1,0,0,0,0,0,0,2,0,0,0,0,0,1,10,0,0,0,0,0,0,0,0,0
"COG3378",212,190,268,232,1161,449,386,323,326,187,125,427,67,211,70,229,411,250,171,66,286,282,534,675,259,267,740,700,283,476,627,132,95,235,447,538,426,66,401,332,458,155,199,231,180,492,293,298,422,452,401,370,554,539,321,322,447,586,271,187
"COG3379",3,0,1,2,0,0,2,4,20,0,0,11,5,2,0,4,0,0,4,0,0,0,3,0,41,0,0,10,0,2,2,7,20,3,1,0,7,0,0,1,4,8,13,2,11,0,3,4,1,0,1,8,4,15,1,1,2,2,5,2
"COG3381",4,5,28,3,2,2,15,5,23,5,10,4,30,93,39,21,3,8,21,27,12,6,55,2,6,5,54,1,2,0,33,28,196,3,16,9,14,98,5,8,9,24,15,6,2,2,0,1,3,15,10,15,22,5,45,1,23,1,13,25
"COG3382",96,124,115,154,81,80,139,77,106,243,149,114,282,196,123,114,97,208,108,250,93,180,61,83,81,306,67,73,266,131,82,127,6,141,138,22,121,39,159,210,154,106,164,218,144,38,7,144,113,109,132,134,121,194,107,176,145,64,172,120
"COG3383",25,89,73,60,139,170,38,96,38,70,75,45,59,44,71,119,156,42,139,46,61,47,24,54,25,28,27,159,140,140,133,97,109,44,64,89,78,89,54,49,68,50,45,19,41,160,410,20,30,53,91,46,33,27,61,46,46,104,77,19
"COG3384",7,2,19,8,9,2,38,0,0,3,3,2,26,104,25,14,3,5,36,16,4,4,36,2,5,1,54,0,0,0,20,23,119,2,1,29,2,7,3,11,13,28,24,5,1,6,8,0,1,17,56,1,17,8,76,0,20,0,22,31
"COG3385",5060,387,541,205,720,2159,2382,561,350,3291,1215,753,1995,758,311,1067,726,1755,265,2517,261,121,405,733,413,3092,293,697,3668,1597,1329,574,1139,536,467,385,355,171,4545,870,272,1526,341,4216,1389,138,116,1085,1436,1354,230,1319,1123,2394,1811,1931,2044,1739,2475,845
"COG3386",73,38,84,50,85,31,95,75,81,98,41,120,39,334,144,88,55,29,150,10,185,61,89,113,76,12,140,37,45,53,120,157,34,46,92,93,102,8,66,123,90,97,63,42,108,38,37,53,58,104,56,91,81,31,122,59,127,85,79,183
"COG3387",49,242,128,176,95,146,58,93,123,56,144,163,52,67,138,79,16,45,62,8,111,134,139,66,433,10,113,122,55,66,264,253,0,62,203,6,151,35,74,123,131,2,193,21,112,34,7,89,200,99,54,145,118,57,91,94,132,55,78,220
"COG3391",176,131,295,670,93,172,190,206,137,567,177,119,160,192,259,245,120,69,619,392,194,86,173,85,148,19,273,120,23,120,356,389,194,71,328,43,360,18,126,461,245,241,278,117,374,72,7,257,92,455,160,181,98,121,125,243,270,153,377,531
"COG3392",20,274,38,21,23,46,77,49,40,82,54,115,14,41,1,64,96,29,100,7,6,29,112,39,47,398,4,110,18,111,72,54,8,50,3,7,126,131,117,39,17,23,129,76,93,78,2,25,22,234,44,62,97,70,40,43,27,48,34,37
"COG3393",1,4,7,14,9,25,6,8,6,0,13,2,2,0,0,1,2,14,0,0,1,5,5,7,1,0,3,6,6,19,27,0,17,3,5,15,4,2,28,2,1,18,0,21,2,29,6,4,65,3,6,3,31,3,19,1,4,5,15,2
"COG3394",29,21,84,36,521,26,123,62,75,12,78,48,29,81,59,92,72,36,58,29,98,43,92,22,74,34,40,41,26,66,67,100,113,70,53,104,156,44,61,51,67,42,27,35,82,59,20,41,84,26,108,73,114,36,193,30,76,87,51,68
"COG3395",33,131,73,105,185,58,39,111,29,71,37,61,71,187,99,90,145,88,414,28,140,83,140,151,50,109,221,26,137,105,100,58,582,38,116,83,99,127,125,60,111,162,114,176,13,98,723,47,85,140,102,63,77,66,56,35,81,43,82,44
"COG3396",4,1,14,8,0,0,4,0,2,3,1,0,26,97,5,1,0,0,17,12,1,0,24,3,0,1,38,0,1,1,0,6,179,1,3,12,0,0,1,5,3,16,5,11,0,2,0,0,2,11,8,2,4,0,35,0,11,0,0,14
"COG3397",1,3,7,0,16,3,1,1,1,0,0,4,0,0,0,0,3,6,0,0,2,1,7,2,3,11,0,4,0,9,0,0,0,4,1,14,1,0,0,0,0,2,0,2,0,6,0,21,8,0,8,0,5,2,0,0,0,36,1,0
"COG3401",47,17,16,0,61,109,3,426,17,4,9,148,0,0,0,9,7,81,0,3,39,14,108,37,8,29,39,66,1,38,119,3,0,30,3,0,22,4,14,48,0,7,1,24,28,24,3,61,41,0,8,38,18,304,144,1164,3,282,9,0
"COG3402",39,60,53,7,36,38,26,19,3,103,14,25,8,12,3,24,0,1,5,2,5,77,1,14,23,2,0,27,4,3,2,0,13,7,25,5,1,0,5,10,58,9,6,2,14,2,2,15,21,1,31,6,4,5,23,5,104,4,36,63
"COG3404",244,235,250,212,238,173,220,185,292,132,247,348,76,124,244,269,146,86,215,172,231,308,177,238,217,44,235,173,123,171,97,271,72,150,292,138,297,227,183,187,301,212,280,114,325,189,77,231,233,246,170,325,221,154,151,214,248,185,222,234
"COG3405",298,78,106,6,73,76,107,144,83,34,103,89,380,167,36,116,128,93,26,18,139,165,159,40,66,499,50,156,365,229,50,63,185,357,99,260,176,101,253,194,162,122,14,642,98,128,251,158,177,18,173,182,155,171,223,51,125,140,175,49
"COG3407",0,1,1,1,0,0,3,1,1,0,0,0,0,0,1,0,4,8,5,4,3,0,0,2,0,2,0,0,0,0,0,1,0,0,0,55,0,116,0,1,1,1,0,0,0,0,2,0,1,0,1,0,0,3,183,0,0,0,2,0
"COG3408",842,627,535,624,330,577,619,663,571,1395,704,547,1420,420,601,708,502,511,297,928,539,650,419,420,722,1374,529,505,729,602,446,722,85,507,739,359,675,228,757,942,833,469,601,720,749,418,35,757,576,444,356,709,372,707,454,632,761,532,559,766
"COG3409",124,25,113,84,489,279,113,123,192,29,137,324,24,70,27,69,141,170,51,25,148,130,301,265,224,80,209,166,51,241,568,63,99,254,106,184,105,144,191,80,41,185,61,128,85,231,172,149,293,69,446,152,221,283,114,126,129,311,201,59
"COG3410",34,46,18,8,34,31,76,40,114,11,7,7,6,27,61,31,34,37,21,22,53,6,53,158,270,8,93,108,5,47,51,143,24,30,4,8,11,201,20,45,48,75,1,16,68,14,5,66,99,22,72,11,23,27,219,125,32,27,16,109
"COG3411",16,13,33,26,27,11,31,26,16,20,40,34,8,9,40,23,0,2,31,7,16,30,23,5,27,8,7,24,5,33,34,33,36,15,28,2,39,4,37,13,37,9,9,6,27,15,2,16,19,32,112,25,45,21,17,43,23,19,36,22
"COG3412",22,13,21,11,8,6,14,12,1,9,27,5,23,49,58,16,6,5,65,13,0,12,37,6,2,6,44,1,22,1,20,33,158,1,9,7,7,74,5,6,21,24,25,59,0,41,94,3,4,15,30,2,17,2,33,0,25,0,7,24
"COG3414",11,60,21,20,12,15,7,58,0,33,25,8,46,128,29,32,25,16,92,22,4,9,44,19,5,12,32,2,115,5,19,25,162,3,11,15,2,119,3,10,18,31,24,14,6,63,321,13,6,34,58,9,9,6,154,1,20,5,12,18
"COG3415",0,0,0,0,1,0,0,0,0,1,0,0,0,0,3,1,0,0,5,0,0,0,0,0,0,0,0,0,2,0,0,2,0,1,0,0,0,6,1,0,0,0,0,0,0,0,0,0,0,1,0,0,0,0,4,0,0,0,0,0
"COG3416",0,0,0,0,0,0,0,0,0,0,0,0,0,16,0,0,0,0,0,0,0,0,2,0,0,0,0,0,0,0,0,0,0,0,0,1,0,0,0,0,0,0,0,0,0,1,0,0,0,1,5,0,0,0,0,0,0,0,0,0
"COG3417",2,3,4,5,4,1,7,2,4,3,1,2,4,27,10,10,0,2,16,7,7,3,25,2,4,0,18,2,0,2,21,8,91,1,3,4,4,4,1,3,12,8,3,3,2,0,0,2,0,2,9,2,3,2,13,3,10,4,3,8
"COG3418",0,2,3,0,0,0,1,0,0,0,0,0,1,0,3,0,0,0,5,2,0,1,7,0,0,0,9,0,0,0,8,2,32,0,3,10,0,0,1,1,1,1,3,2,0,0,0,0,0,2,0,1,1,0,5,0,4,0,1,5
"COG3420",0,2,8,0,4,0,3,1,19,4,6,0,12,14,14,16,2,2,5,0,8,0,0,0,11,5,0,5,0,12,0,17,0,25,20,4,21,92,0,1,29,0,0,6,3,0,1,0,0,5,4,13,9,6,0,4,4,0,13,0
"COG3421",0,3,0,1,18,79,6,19,14,1,8,6,0,3,0,0,2,1,0,0,39,0,14,1,0,16,1,17,0,28,61,14,0,4,4,0,32,571,25,2,68,39,0,11,2,12,0,1,8,1,0,6,66,18,0,2,5,42,5,2
"COG3422",9,3,2,3,2,0,1,0,0,0,0,3,6,6,12,0,3,4,8,4,0,0,12,0,1,0,18,1,0,1,26,8,79,5,1,0,2,0,0,3,7,4,2,3,0,0,2,0,4,5,0,0,1,0,17,0,9,0,2,8
"COG3423",1,2,2,0,1,0,8,0,0,2,2,0,7,27,3,8,0,0,7,9,0,1,17,0,0,1,10,0,0,0,6,6,104,0,2,4,0,2,1,0,5,4,4,2,0,1,0,2,1,1,4,1,1,0,9,2,10,1,3,5
"COG3425",0,0,1,0,0,4,4,1,0,0,0,0,0,1,0,0,6,19,5,3,3,0,0,4,0,2,0,1,0,0,38,2,1,0,1,97,7,173,0,0,1,0,0,0,0,1,3,1,0,0,0,0,0,1,199,2,1,0,1,0
"COG3426",214,293,277,230,230,350,351,199,333,265,287,376,183,234,341,324,91,70,258,225,292,404,268,229,198,42,294,221,146,194,310,241,53,255,313,57,282,25,141,229,361,239,412,128,349,147,71,341,253,259,206,336,327,251,61,193,327,331,307,257
"COG3428",21,32,52,0,31,69,90,10,21,8,21,30,1,14,0,12,4,0,0,0,32,55,2,2,17,3,0,98,0,11,0,0,0,36,34,0,2,0,16,8,55,22,0,5,13,0,0,57,24,0,35,1,10,4,0,2,44,15,12,56
"COG3429",0,0,4,0,0,4,30,0,0,0,0,0,0,4,0,0,0,1,3,2,0,1,0,1,0,5,0,0,0,0,0,0,0,0,0,80,0,0,0,0,0,9,0,0,0,4,97,0,0,1,6,2,1,1,57,0,0,0,11,0
"COG3433",1,6,14,1,21,1,4,1,1,5,0,1,15,251,60,51,3,0,22,53,2,11,80,16,0,2,41,0,1,0,40,5,166,1,18,7,1,17,2,7,11,19,45,7,0,4,8,1,2,16,68,8,5,0,79,0,47,1,16,62
"COG3434",28,6,4,0,10,98,17,30,21,6,5,12,4,8,3,25,18,10,7,0,13,4,43,1,13,5,14,118,4,64,29,9,3,70,9,0,15,2,8,27,6,61,0,8,12,140,4,55,14,13,32,5,10,15,10,52,5,31,4,15
"COG3435",0,0,0,0,0,0,0,0,0,1,0,0,0,0,0,0,0,0,0,0,0,0,0,1,0,0,0,0,0,0,2,2,0,0,0,0,0,0,0,0,0,1,0,0,0,0,1,0,0,0,0,0,0,0,0,0,1,0,0,0
"COG3436",3038,3894,1479,4218,1431,1951,1413,2543,1920,3156,2931,1391,5753,1822,3850,1444,1703,3652,1298,14275,1985,1542,1308,1740,3068,3823,3742,1068,1049,1330,1160,1260,2461,836,2160,1869,1151,864,3662,3158,2639,1707,5942,3556,1345,2242,574,1406,1446,3917,848,2449,1637,1679,1812,2333,2521,1066,902,1026
"COG3437",1295,802,702,652,976,662,967,707,958,860,517,917,425,339,761,556,989,555,970,224,834,759,648,871,586,408,812,766,930,686,615,893,148,475,615,695,1135,99,434,925,476,761,670,897,1095,554,267,826,579,817,451,676,623,853,135,507,864,810,770,1039
"COG3439",14,19,56,64,12,8,9,13,5,8,20,10,15,11,74,104,0,2,99,6,47,27,1,58,4,2,66,20,4,4,23,67,52,15,56,3,26,5,5,52,84,92,198,2,37,4,6,4,4,119,20,21,7,0,38,5,20,28,56,50
"COG3440",48,12,15,9,5,3,26,7,3,8,0,7,7,79,15,18,33,78,2,298,28,12,31,0,15,8,34,88,4,91,10,14,41,53,9,67,64,94,9,10,4,65,3,173,33,17,107,21,46,5,4,8,4,62,126,10,7,10,17,42
"COG3442",8,6,28,8,43,98,65,79,51,5,24,117,5,21,10,10,106,67,17,15,65,17,67,33,37,36,22,71,13,52,205,30,30,67,10,161,38,126,44,15,5,44,10,64,12,48,150,44,44,7,112,26,111,103,233,50,15,58,58,14
"COG3443",9,3,37,6,14,18,26,3,5,2,4,40,14,18,17,12,22,22,22,16,4,3,24,139,19,12,24,34,15,10,27,28,154,2,19,84,17,5,2,62,7,18,4,6,1,8,57,6,9,12,9,8,4,4,32,63,17,38,9,17
"COG3444",66,79,98,105,339,67,108,161,59,64,98,51,76,238,126,121,459,225,187,85,69,115,161,185,65,108,178,58,155,86,134,109,618,65,86,295,75,701,39,86,59,100,72,42,38,199,681,48,69,76,388,70,66,63,727,60,88,69,81,70
"COG3445",3,4,8,3,7,0,3,1,0,2,0,0,7,45,13,9,2,5,7,3,1,0,22,3,1,2,16,0,2,0,11,7,75,1,1,5,2,7,1,6,5,6,3,3,0,2,1,0,0,4,8,0,1,0,24,1,13,0,1,10
"COG3447",1,4,26,10,6,0,8,0,2,1,3,0,25,0,6,10,1,0,17,9,2,3,78,2,0,1,45,0,3,0,41,19,143,0,11,14,0,7,3,9,4,18,14,1,0,5,0,0,3,19,1,2,7,0,46,0,13,1,4,16
"COG3448",0,20,0,4,0,1,3,13,0,17,1,0,4,42,0,9,0,0,0,2,1,0,6,0,3,2,0,0,57,1,0,0,1,0,0,1,3,0,4,0,1,0,5,5,0,22,138,0,0,2,7,1,1,0,0,0,0,0,0,1
"COG3449",51,221,182,501,143,53,152,150,99,124,148,192,37,338,329,184,10,7,413,20,162,182,129,121,146,24,181,139,36,70,155,352,188,220,414,18,338,24,134,134,264,723,249,20,128,76,8,183,238,547,126,269,46,24,94,79,134,64,131,446
"COG3450",0,0,0,3,0,0,0,0,0,1,2,1,1,12,0,2,0,0,0,0,0,0,8,0,0,0,0,0,0,0,1,2,1,0,1,0,2,0,0,1,2,2,3,1,0,0,2,0,0,5,11,7,0,0,0,0,0,1,0,0
"COG3451",1475,1429,2255,2153,3486,4225,2250,2411,3000,1503,3708,4445,2056,2415,1230,1692,1416,2242,1805,1552,3178,2866,2618,3506,3511,2522,2527,3382,1921,3333,4230,2217,1974,1929,3470,1629,3080,1019,2715,2126,1494,2635,2296,2171,3028,2346,1251,3079,2326,1650,2193,3805,3091,1641,1149,2418,2641,3210,3197,2113
"COG3452",23,19,113,8,58,100,53,148,106,43,20,132,8,34,11,54,244,153,6,20,189,28,139,188,87,112,54,192,31,207,44,27,1,197,20,275,88,299,60,83,24,71,13,114,72,99,11,58,203,61,20,32,160,174,3,102,11,190,31,24
"COG3454",1,7,17,2,27,3,4,3,3,4,14,11,9,27,15,40,1,3,39,20,14,20,36,7,6,4,40,5,2,8,24,36,149,0,17,4,6,7,3,5,10,11,9,3,14,5,3,5,3,3,50,17,6,1,6,8,23,15,24,22
"COG3455",3,2,6,0,9,0,6,0,0,1,1,0,0,69,8,7,0,3,18,9,0,0,28,1,0,3,0,0,1,1,18,2,96,0,7,12,4,5,0,7,2,9,6,5,0,0,0,0,0,17,18,0,2,0,50,0,10,0,4,14
"COG3456",0,4,0,0,3,0,0,0,1,0,0,0,0,0,10,16,3,1,6,13,0,3,34,1,0,2,0,0,1,0,33,1,144,0,7,6,0,1,0,0,2,2,8,2,3,0,0,0,1,2,0,1,1,1,6,0,15,0,0,15
"COG3457",8,7,44,3,31,21,36,26,29,17,16,71,19,10,18,23,11,9,23,6,13,9,50,3,17,10,50,8,5,30,101,16,158,20,16,4,21,16,18,24,14,36,7,17,20,33,0,20,35,14,40,33,74,11,24,4,16,10,38,18
"COG3458",191,624,179,506,212,138,254,219,227,534,335,191,398,180,534,262,168,659,525,514,288,385,197,214,215,245,352,153,413,178,99,317,3,133,406,40,355,37,397,379,505,149,617,309,261,131,18,223,175,461,215,280,266,356,98,425,463,184,221,491
"COG3459",562,192,359,102,580,1557,220,856,779,447,281,921,607,142,138,356,813,1072,5,812,809,232,853,586,1274,1302,481,1530,552,893,1272,227,36,1181,280,543,284,358,716,575,112,531,76,713,318,1340,100,682,765,153,208,300,783,1467,392,675,225,1063,318,211
"COG3460",0,0,2,1,0,0,0,0,0,1,0,0,5,17,1,3,0,0,6,1,0,0,3,0,0,0,16,0,0,0,0,2,58,0,1,1,1,0,2,1,0,2,1,4,0,0,1,0,0,1,9,2,2,0,13,0,2,0,0,7
"COG3463",4,38,43,2,25,26,12,26,26,22,38,25,0,14,13,35,122,40,37,3,47,23,27,124,16,7,29,15,9,49,13,13,34,52,10,11,50,1,14,14,11,32,8,38,22,219,0,58,3,31,46,10,24,17,0,111,8,68,10,7
"COG3464",1880,1130,418,1518,714,758,1296,665,1382,2036,861,1322,1494,551,2735,363,441,717,1860,128,821,3748,194,1090,1751,554,1257,819,1331,591,505,308,920,943,1828,422,764,655,907,885,3339,559,1739,1388,1283,1078,158,603,1047,3403,1338,1700,1271,1843,1375,878,4562,1428,928,548
"COG3467",160,245,211,209,156,170,299,244,226,227,270,219,168,181,195,298,178,237,253,231,160,275,196,197,194,158,211,211,141,171,174,317,53,290,258,108,278,156,283,206,202,347,181,166,166,229,224,293,210,179,338,287,269,246,306,233,224,195,218,374
"COG3468",26,173,528,254,662,68,137,441,293,103,606,438,281,134,537,757,24,103,1494,619,269,619,338,130,128,106,1506,214,60,460,809,498,2588,170,425,42,490,778,69,134,672,183,294,46,293,140,42,182,152,184,113,323,180,10,427,360,589,156,777,622
"COG3469",0,0,1,0,0,4,0,6,0,0,3,0,0,0,0,0,0,0,1,0,0,0,2,0,0,1,1,0,0,1,1,0,0,0,5,0,0,0,0,0,0,4,0,0,0,2,0,7,0,0,4,4,0,4,19,0,0,18,14,4
"COG3470",0,2,2,1,1,2,17,1,0,0,0,0,0,1,0,8,3,6,7,8,0,4,0,3,0,2,1,0,3,0,2,0,5,1,0,46,0,9,0,6,0,12,1,1,0,5,55,2,0,0,0,3,3,1,51,1,5,0,10,6
"COG3471",0,3,1,0,4,0,2,3,0,3,4,0,2,0,1,0,6,11,0,0,1,0,0,0,0,1,0,0,2,0,0,0,0,5,0,0,1,4,2,6,0,0,0,1,1,0,0,0,0,1,0,5,9,1,1,0,3,0,0,0
"COG3472",20,4,46,5,26,23,61,33,91,6,8,49,166,42,0,7,241,43,0,1,58,0,71,5,48,103,4,106,199,64,87,16,0,35,29,20,214,4,13,228,26,30,0,23,84,35,52,73,22,127,94,57,226,91,0,19,75,70,38,51
"COG3473",1,0,2,7,0,2,0,0,0,0,7,9,0,0,0,2,0,0,1,0,0,14,1,1,9,1,0,0,0,0,7,0,8,0,2,0,0,0,0,1,0,0,19,1,1,9,0,0,45,1,17,0,1,21,1,1,2,0,0,0
"COG3475",914,505,698,583,325,267,452,546,304,399,213,301,410,264,566,512,662,591,453,547,527,553,411,575,401,533,341,468,515,409,370,364,101,534,280,565,614,2015,569,362,447,331,374,429,275,538,330,495,760,791,243,351,424,363,435,591,320,496,254,332
"COG3476",57,179,47,84,36,46,47,40,75,55,38,80,43,57,119,81,81,29,51,7,58,89,79,90,147,14,76,67,61,55,57,40,16,60,45,24,48,15,46,66,95,3,48,22,75,124,8,57,25,96,23,34,64,37,46,82,78,59,31,53
"COG3477",1,0,1,3,0,0,3,0,0,1,0,0,0,0,8,0,0,6,7,2,0,0,0,1,0,0,0,0,0,0,0,2,212,2,10,15,0,2,1,1,2,6,4,3,0,0,0,0,0,2,0,0,0,0,105,0,7,0,1,1
"COG3478",4,0,3,6,7,6,2,0,1,2,11,6,5,6,2,7,0,0,11,0,0,0,1,0,1,0,0,0,1,0,2,8,0,0,0,0,1,0,0,1,0,2,1,0,6,0,0,0,0,0,5,0,0,0,0,0,2,0,1,0
"COG3479",1,1,0,0,0,0,0,0,0,0,0,0,1,61,1,0,1,0,0,5,1,0,7,1,0,0,0,0,0,0,0,0,0,0,0,82,2,0,0,0,0,0,0,4,0,1,0,0,0,0,12,0,0,0,76,0,0,0,5,0
"COG3480",0,1,3,0,0,17,38,3,2,0,0,0,0,1,1,0,10,13,9,8,3,4,7,1,82,6,1,13,0,20,18,4,2,1,0,143,0,171,0,0,0,4,0,4,0,4,76,0,1,0,7,2,15,48,258,0,0,8,26,0
"COG3481",145,95,164,74,333,282,100,316,259,89,203,230,70,131,91,169,466,254,141,49,284,165,291,242,236,177,177,374,158,288,318,145,176,365,136,334,208,340,218,114,75,221,110,308,224,361,433,195,247,89,263,155,310,294,282,241,99,422,153,99
"COG3484",1,0,0,0,0,0,0,0,0,0,0,0,1,51,0,0,0,0,0,6,0,0,15,0,0,0,0,0,0,0,0,0,0,0,0,2,2,0,0,0,0,0,0,4,0,0,0,0,0,1,12,0,0,0,0,0,1,0,0,1
"COG3485",6,0,0,0,0,0,0,0,0,0,0,0,0,106,1,0,2,0,0,4,2,0,27,0,0,0,2,0,0,0,0,0,1,0,0,5,2,0,0,0,1,0,0,7,0,0,0,0,0,2,23,0,0,0,0,0,0,0,0,0
"COG3486",0,1,1,0,0,0,1,0,0,2,15,0,18,12,4,2,0,0,39,1,0,2,0,1,0,0,2,0,0,0,31,0,496,0,0,4,1,13,3,2,2,2,0,1,15,0,1,1,1,4,13,2,2,0,0,1,12,0,4,32
"COG3487",95,176,88,246,111,45,203,67,51,59,122,105,35,132,113,54,10,7,163,83,93,79,47,18,94,19,45,72,17,45,73,194,0,129,198,5,162,11,94,89,121,158,84,21,221,33,3,176,175,114,111,94,40,29,37,103,167,82,139,146
"COG3488",191,150,146,144,121,177,234,143,225,511,236,119,628,223,145,158,40,266,194,1131,170,131,100,27,111,617,77,103,695,170,110,211,0,160,215,10,188,15,326,196,163,131,136,302,436,45,11,221,253,134,134,159,166,158,73,432,251,208,331,214
"COG3491",4,1,0,0,0,0,1,0,0,0,0,0,0,116,1,0,0,0,1,5,1,0,20,0,0,0,1,0,1,1,0,1,0,0,0,1,4,0,0,0,0,0,0,3,0,2,0,0,0,2,33,1,2,0,0,0,0,0,0,0
"COG3493",34,8,33,26,20,11,18,26,26,9,64,32,32,164,91,53,43,11,115,48,8,154,84,347,31,7,11,9,6,11,11,17,33,20,91,167,36,6,4,18,48,43,54,25,24,100,215,30,6,5,108,11,21,6,3,19,15,34,20,7
"COG3494",19,36,18,15,21,4,19,48,13,33,60,29,41,22,19,57,2,6,61,16,6,21,37,5,19,24,5,10,80,37,8,30,0,9,15,3,52,40,46,7,35,19,25,15,34,53,251,1,5,20,53,21,23,21,72,10,14,13,38,9
"COG3496",1,1,0,0,0,0,1,0,0,0,0,0,0,30,1,0,0,0,0,2,0,0,17,0,0,0,0,0,0,0,0,0,0,0,0,5,0,0,0,0,0,0,0,3,0,0,0,0,0,1,13,0,0,0,0,0,0,0,0,0
"COG3497",32,10,104,36,327,19,36,62,47,17,56,48,20,94,140,86,14,17,140,55,136,62,43,13,41,10,266,70,4,32,218,72,68,85,65,4,189,18,61,114,65,75,157,44,71,3,5,122,266,43,49,81,46,50,90,73,91,107,83,78
"COG3498",11,2,20,7,117,12,4,11,10,11,15,26,5,45,18,28,11,0,11,17,83,7,54,6,25,4,61,13,1,15,68,18,3,24,14,0,59,15,25,16,13,22,23,30,14,0,4,10,30,9,13,31,11,26,30,31,21,24,6,14
"COG3499",2,2,11,1,0,0,4,0,0,1,0,0,1,36,8,2,0,0,10,5,1,2,12,1,0,0,21,0,0,0,18,3,2,0,1,0,0,1,0,3,3,5,11,1,0,0,0,1,0,7,0,1,3,0,16,0,11,0,0,0
"COG3500",33,5,86,35,233,17,22,31,26,18,39,45,33,88,144,96,11,27,42,37,145,55,43,13,39,4,234,69,8,13,101,67,52,72,65,5,178,19,33,67,94,70,174,29,87,6,7,88,126,42,27,49,45,34,79,56,77,82,51,99
"COG3501",22,65,398,118,24,200,174,76,247,209,19,13,121,375,141,241,5,19,196,59,134,320,266,304,635,18,1016,118,141,86,162,110,509,50,409,54,456,24,36,165,199,131,215,23,45,357,19,71,196,398,255,321,52,9,270,83,420,43,85,144
"COG3503",6,20,42,12,118,126,33,44,45,7,37,57,0,4,3,11,29,33,10,7,34,14,27,68,28,18,76,34,11,45,39,34,1,32,21,57,25,3,39,18,9,13,1,41,22,16,18,28,54,4,93,54,85,18,28,71,38,39,44,11
"COG3504",14,20,3,7,5,1,2,11,0,4,10,0,4,50,13,0,1,1,0,5,4,0,0,3,9,0,0,24,64,14,2,14,34,9,12,8,21,11,14,0,6,11,12,104,4,4,48,0,24,2,52,3,9,0,1,2,4,0,8,1
"COG3505",1404,1302,1917,3584,3235,3169,2268,1912,2871,1237,2788,3043,1590,2629,796,1788,1195,1517,1448,1633,2407,1850,2134,2820,2860,1843,1615,2497,2002,2633,3240,1712,1392,1793,2729,1323,2183,804,1832,1780,1238,2214,1788,1982,2084,2098,883,2963,1916,3308,1918,2734,2672,1438,1003,1917,2659,2216,2601,2063
"COG3506",43,44,29,167,33,54,107,59,42,120,36,26,27,135,102,90,92,72,146,33,81,24,39,39,42,370,86,28,48,40,27,104,5,89,151,21,100,5,23,44,58,116,103,23,75,91,132,50,38,173,53,27,99,21,79,39,70,54,64,111
"COG3507",3585,3549,1955,3139,1645,1281,2314,1928,1971,3466,2496,1674,3931,3131,3189,2402,1669,2637,3488,1912,3088,3100,2253,2340,1664,3013,2473,2078,2481,1884,631,3331,226,2771,2617,1448,3179,895,2130,3069,3781,2329,3519,1417,2605,2181,1793,2724,2033,2713,2106,3789,1191,2008,1121,2499,2758,1637,2400,4252
"COG3509",45,0,11,0,8,52,6,62,51,329,94,19,40,5,0,11,51,290,1,0,13,27,19,7,25,444,2,35,28,19,7,1,0,9,0,43,11,0,266,87,7,0,0,62,47,0,1,14,11,0,6,54,114,189,0,16,8,15,67,1
"COG3512",77,36,27,11,28,64,81,62,78,77,31,66,13,53,54,24,64,47,81,22,21,28,30,48,68,35,26,15,6,54,44,69,0,68,42,41,32,118,35,26,27,98,11,140,50,31,55,81,56,30,30,8,47,105,91,28,134,63,49,26
"COG3513",420,170,115,67,215,394,423,326,460,277,217,646,85,471,390,269,568,259,595,172,314,191,214,247,356,188,253,107,62,391,282,378,0,682,268,327,341,963,825,157,387,877,241,966,255,311,107,946,413,248,290,33,326,663,375,154,603,258,284,254
"COG3514",0,0,2,0,0,0,0,0,0,0,0,0,1,0,3,1,0,0,9,3,1,1,0,0,0,0,0,0,0,0,0,2,66,0,1,0,0,1,0,0,0,1,0,0,0,1,0,0,0,1,0,0,1,0,10,1,7,0,0,0
"COG3515",6,6,33,11,6,1,12,2,4,7,1,3,14,98,21,38,0,3,77,25,3,6,87,11,2,4,1,0,4,1,77,12,433,0,13,30,1,5,6,6,4,23,32,5,1,0,3,1,1,40,40,5,6,1,80,3,32,2,15,39
"COG3516",2,6,13,1,4,0,12,1,1,0,0,1,1,33,8,16,0,2,13,3,2,0,12,1,2,0,0,3,0,2,15,6,89,0,2,11,1,3,0,4,7,10,9,2,2,0,2,0,2,12,12,8,5,2,41,1,8,0,3,15
"COG3517",4,7,32,1,10,0,8,0,3,2,0,0,0,61,25,17,0,5,34,12,4,4,64,3,1,5,1,1,2,0,29,11,314,1,18,17,3,9,2,19,6,17,11,5,0,2,5,2,1,30,17,6,4,1,95,3,26,1,8,27
"COG3518",0,1,0,0,1,0,0,0,1,0,0,0,0,22,4,5,0,1,3,5,1,0,2,1,0,0,0,0,0,1,10,2,20,0,1,4,0,0,0,0,0,1,2,1,2,0,0,0,0,1,3,0,0,0,3,0,6,0,2,4
"COG3519",1,13,21,4,11,0,12,2,2,4,0,3,2,92,19,31,1,4,33,29,4,2,53,3,4,2,3,0,1,3,41,6,612,1,9,22,4,10,2,6,7,10,29,8,0,4,1,1,2,35,25,11,3,0,109,3,27,2,5,28
"COG3520",2,10,5,2,2,1,4,0,0,2,0,0,4,83,8,16,3,2,14,10,1,2,24,1,0,2,0,0,1,1,12,0,249,0,1,9,3,3,3,8,3,4,11,1,0,2,0,1,1,22,18,5,3,1,54,2,9,0,0,13
"COG3521",0,3,0,0,2,0,4,1,0,1,0,0,1,49,6,10,0,1,12,8,2,0,13,1,0,1,0,0,1,0,12,2,122,0,3,13,1,6,0,3,0,3,2,3,0,2,0,0,0,2,12,2,2,0,2,0,15,0,2,10
"COG3522",6,4,15,1,5,0,18,0,2,2,0,3,1,115,18,22,1,7,17,13,3,4,61,2,2,7,0,0,1,2,35,7,216,0,10,19,7,7,3,7,4,8,15,6,0,3,4,0,0,28,32,3,2,1,90,0,23,1,7,30
"COG3523",4,13,0,0,14,0,11,1,0,1,1,0,11,232,22,34,2,9,15,14,3,6,66,2,0,9,0,0,3,1,83,10,388,0,16,31,10,7,6,9,4,8,11,15,1,1,0,2,3,7,40,3,2,0,5,0,17,1,11,26
"COG3524",1,0,2,2,14,1,1,1,0,5,3,1,0,3,26,20,0,3,30,13,14,4,1,4,0,2,0,2,0,1,24,3,20,3,3,0,1,5,1,4,10,10,16,1,9,1,0,0,0,6,1,15,1,0,4,2,12,0,16,24
"COG3525",4166,4457,3338,4826,1913,1686,3422,1614,2949,3385,2684,2647,2529,2070,4316,3188,759,2040,4302,1026,2764,3326,2111,2619,2040,832,3364,1394,4274,1575,2125,4202,337,1646,3847,626,2572,423,2702,2685,4394,3755,5120,1990,4047,1119,352,2937,2786,4785,2520,2797,1830,1659,1252,1858,3944,1501,3262,4916
"COG3526",1,0,0,0,0,0,0,0,0,0,0,0,0,13,2,0,0,0,0,0,0,0,8,0,0,0,0,0,0,0,0,0,0,0,0,1,0,0,0,0,0,0,0,0,0,0,0,0,0,0,1,0,0,0,0,0,0,0,0,0
"COG3527",2,2,1,0,0,0,12,2,0,0,2,0,0,55,2,1,6,3,7,3,1,0,10,1,0,6,0,1,0,2,3,2,0,6,0,7,0,0,0,10,3,1,0,3,1,2,7,0,4,14,9,0,19,12,154,1,4,0,1,0
"COG3528",0,0,0,0,0,0,0,0,2,0,0,5,0,0,0,0,0,1,0,0,0,0,41,0,0,0,0,0,0,0,8,0,0,2,0,0,0,1,45,0,0,1,0,3,1,0,0,0,0,0,0,5,9,5,0,0,0,0,0,2
"COG3529",1,0,3,1,0,0,0,0,0,0,0,0,2,10,1,0,0,0,10,2,0,1,8,0,0,0,3,0,0,0,4,2,45,0,2,3,1,0,0,0,1,3,0,5,0,0,0,0,0,2,3,0,0,0,7,0,4,0,2,7
"COG3530",1,0,6,2,2,0,1,0,1,1,0,1,3,20,5,3,0,0,7,3,0,1,15,2,0,0,8,0,0,0,9,4,50,0,1,1,2,4,0,0,0,7,4,1,0,0,1,0,0,2,5,0,3,0,4,0,4,0,2,2
"COG3533",1568,3286,1394,2713,1236,876,1515,1224,1718,2103,1627,1181,2217,2190,3419,1956,876,1032,1589,597,1983,1981,1757,1662,1299,1147,2064,1164,1598,1054,690,2233,150,1920,1856,709,2010,303,1580,1685,2344,1211,2829,1199,1459,1113,1060,1456,1182,1947,1298,1945,1086,968,634,1307,1781,985,1605,2171
"COG3534",1739,1143,802,1270,703,671,987,946,1030,1524,956,695,2936,953,1170,952,817,2051,1045,230,1197,958,986,946,804,2397,1249,849,2256,1168,572,1305,184,974,908,817,1292,258,1510,1576,1326,1311,1410,1403,1101,1052,748,1097,905,1037,884,1254,851,1116,472,818,863,810,1560,1506
"COG3535",0,4,0,5,11,25,24,19,7,1,8,13,3,14,1,5,34,15,4,12,2,11,29,16,4,18,0,30,1,7,120,9,37,4,11,100,8,83,9,2,4,5,20,18,9,9,2,8,36,5,25,3,29,13,32,3,5,3,9,0
"COG3536",0,3,9,0,1,0,6,4,9,5,10,0,4,3,14,6,2,1,0,0,12,0,0,0,3,0,0,4,0,6,2,9,0,11,2,1,2,62,0,6,6,0,0,4,2,0,0,0,0,2,2,6,5,6,0,0,2,0,4,0
"COG3537",3113,6744,3436,6419,2734,2261,4206,2442,3985,4420,4192,2911,2482,4040,7127,3938,567,1080,6806,3228,3571,3181,2427,2449,2746,524,3942,1875,3412,1577,2067,5757,22,3093,4254,521,4304,467,2872,3062,6301,4603,7098,2086,3929,1356,124,3677,3163,6528,1685,3514,1614,1483,1498,2561,4982,2034,5010,6224
"COG3538",572,276,533,793,271,290,395,196,339,374,647,397,142,187,390,327,32,237,637,513,200,310,274,168,287,322,370,342,553,254,149,747,24,192,549,192,821,109,692,408,573,513,642,293,387,227,235,448,279,332,218,387,158,186,184,312,384,119,463,733
"COG3539",34,27,125,50,45,3,67,1,5,23,10,4,104,532,182,133,15,1,226,103,20,23,372,27,4,5,284,0,4,0,197,107,1598,4,56,92,9,84,12,60,46,130,118,58,5,15,6,5,8,85,103,23,30,3,343,1,160,0,43,222
"COG3541",24,8,8,31,11,27,19,37,21,5,21,13,4,14,127,7,13,64,76,10,11,18,29,25,12,5,6,74,5,46,91,17,91,32,9,53,13,28,10,22,47,30,53,28,7,3,4,14,26,17,39,6,4,131,24,54,20,19,6,31
"COG3542",2,4,1,0,5,49,12,11,10,0,5,9,0,6,3,7,1,1,3,5,2,2,36,0,6,6,0,48,0,31,19,10,4,14,2,49,45,0,3,9,6,9,11,0,20,0,1,11,5,0,23,4,6,3,28,12,2,18,5,12
"COG3543",20,8,29,0,17,63,28,36,28,1,15,26,4,13,4,8,47,27,2,4,36,4,24,63,12,27,26,26,18,23,50,11,9,24,42,61,15,6,26,21,9,36,6,20,11,40,40,41,47,8,62,25,33,41,14,22,51,37,21,19
"COG3544",3,26,0,16,5,3,3,10,2,19,2,2,4,0,7,12,1,8,25,2,1,1,7,1,3,4,1,9,51,2,6,6,55,0,11,10,0,3,13,8,5,26,5,1,2,19,135,4,0,20,23,3,2,0,4,36,4,6,6,3
"COG3545",0,0,0,0,0,4,0,0,0,0,0,0,0,0,0,2,0,0,0,0,0,0,0,0,63,0,0,5,0,0,3,5,0,4,0,0,2,0,0,0,0,0,0,1,0,0,0,0,0,0,0,0,11,20,8,0,3,6,0,0
"COG3546",47,30,97,75,99,205,56,140,239,20,138,145,23,102,87,55,127,78,94,15,123,84,91,98,271,39,77,205,29,142,255,79,119,112,167,162,125,96,59,67,44,166,53,66,71,186,52,89,168,100,192,47,98,191,77,104,32,119,83,76
"COG3547",5106,399,1552,879,1228,1068,1190,1036,871,1476,850,890,1369,1063,457,1025,1995,1095,1018,2463,1151,396,846,1302,1137,1215,1448,1543,2767,1573,1640,1087,1738,988,1275,2110,945,880,667,2737,1478,1262,962,1683,1082,932,748,844,1619,2300,1296,822,1945,1217,1001,2315,1169,1124,1543,2560
"COG3548",0,0,0,1,1,2,4,3,1,0,0,0,0,0,14,0,1,8,33,0,1,2,0,0,2,0,0,0,0,2,40,2,1,0,0,62,2,0,1,5,25,0,1,0,0,0,3,0,2,0,12,3,2,6,126,0,0,1,0,19
"COG3549",2,1,5,0,4,0,10,3,8,0,1,2,3,1,13,15,3,3,1,5,2,2,1,2,0,1,11,4,0,2,17,3,6,1,1,6,2,29,2,4,0,7,4,10,1,1,3,1,4,1,4,7,2,13,14,3,5,1,8,0
"COG3550",1322,520,624,1689,256,274,436,810,542,922,980,1346,1066,801,530,592,443,969,702,814,987,592,554,412,548,762,580,670,1573,761,521,544,172,298,642,266,598,916,420,831,575,514,252,835,1189,295,95,666,651,782,318,351,499,1053,514,502,801,1010,641,494
"COG3552",0,0,0,0,5,52,0,2,0,0,0,1,0,0,0,0,0,1,0,0,0,1,0,0,0,1,1,9,0,14,44,12,0,2,0,1,0,0,1,0,0,0,0,0,0,0,3,1,0,0,0,2,4,1,0,2,1,0,0,0
"COG3555",2,0,0,0,0,0,0,0,0,0,0,0,0,47,0,1,0,0,2,2,1,0,11,0,0,0,0,0,0,0,0,0,0,0,0,4,1,0,0,0,1,0,0,5,0,1,0,0,0,2,16,0,0,0,0,0,0,0,0,0
"COG3557",1,1,2,2,0,7,1,1,0,0,0,1,0,1,2,2,5,19,5,1,0,2,6,7,90,5,2,3,0,8,28,1,2,1,0,3,3,81,2,4,1,1,2,6,2,6,0,0,4,0,4,1,6,29,58,8,0,4,0,1
"COG3558",1,0,0,0,0,0,4,0,0,1,0,0,0,38,1,1,0,0,0,2,1,0,13,0,0,0,0,0,0,0,0,0,1,0,0,1,1,0,0,1,0,0,0,5,0,2,0,0,0,0,6,0,0,0,0,0,0,0,0,0
"COG3560",100,233,164,182,125,51,90,105,130,103,121,138,68,91,160,165,14,16,196,24,136,205,63,106,117,8,106,84,114,66,105,164,2,51,177,12,158,97,81,126,240,180,192,8,176,62,151,135,126,206,87,233,60,27,97,70,194,76,134,229
"COG3561",39,20,25,8,6,13,9,26,58,30,17,26,3,27,20,3,4,15,29,0,43,7,13,235,34,3,41,19,9,56,74,11,11,46,64,5,105,27,29,12,0,25,14,280,20,1,23,6,49,20,20,18,23,79,0,1,33,36,35,29
"COG3562",2,0,0,2,6,0,1,1,3,12,7,1,5,6,11,16,0,2,11,9,17,2,5,1,3,0,0,6,0,0,35,3,16,0,2,0,0,2,1,4,3,8,13,1,11,0,4,1,1,14,0,13,1,5,1,1,9,0,9,16
"COG3563",1,0,0,0,8,2,12,2,2,5,7,1,16,0,23,8,0,3,19,21,16,2,3,6,3,2,0,1,0,0,23,0,26,0,2,0,0,10,3,3,8,9,26,1,13,0,3,0,0,7,2,8,2,2,0,1,22,1,22,11
"COG3566",1,3,0,13,14,0,2,68,5,15,3,0,13,0,5,5,14,1,2,18,29,521,19,6,1,11,70,27,0,55,10,3,1,35,1,1,14,2,31,18,17,15,29,3,1,5,7,63,9,4,0,0,3,6,1,31,14,46,3,17
"COG3567",0,1,0,11,4,23,12,65,13,18,6,0,7,1,0,6,33,2,1,17,23,430,28,7,9,33,110,31,1,89,13,10,0,28,2,4,18,0,34,20,20,18,18,0,11,10,7,44,5,4,0,2,4,8,1,22,14,36,1,21
"COG3568",395,840,717,1152,587,339,749,438,649,613,640,645,342,568,910,669,153,167,1428,421,689,934,402,526,582,110,605,420,283,444,407,894,115,409,895,209,654,413,699,742,934,619,1166,198,774,251,51,655,575,999,685,772,479,205,287,363,684,290,618,1051
"COG3570",0,2,1,0,0,10,12,7,0,7,3,0,0,93,6,5,2,1,0,8,1,13,0,0,115,0,1,9,0,8,0,14,7,1,10,2,0,6,3,3,1,5,3,2,6,0,0,52,2,3,3,0,1,0,0,1,16,0,0,0
"COG3572",3,1,18,1,16,40,43,10,5,4,21,8,0,4,3,0,29,29,1,15,27,2,8,11,12,21,17,5,0,15,3,31,0,7,1,111,28,16,19,2,1,25,0,6,37,17,215,12,13,2,38,11,20,15,109,7,9,14,31,4
"COG3575",0,0,0,0,0,0,1,0,0,0,0,0,0,0,0,0,1,4,3,4,0,0,0,0,1,2,0,0,0,0,0,0,0,0,1,0,0,88,0,0,0,3,0,0,0,0,0,0,0,0,0,0,0,0,0,0,0,0,0,0
"COG3576",2,2,6,0,1,1,33,1,0,1,0,2,1,36,0,3,6,1,0,9,3,22,10,3,2,3,0,0,1,0,0,1,0,2,1,80,4,0,0,0,0,6,2,2,0,13,80,0,1,13,26,1,2,10,201,0,3,1,4,1
"COG3579",634,724,514,554,429,334,611,321,427,716,533,415,679,356,567,538,179,440,435,784,350,651,291,353,987,493,363,250,573,285,193,540,4,298,742,777,376,447,493,570,727,445,603,399,536,227,456,571,430,541,296,758,276,409,1348,507,712,229,525,685
"COG3580",282,377,564,172,760,970,454,976,706,509,666,840,789,384,325,610,1248,1040,398,202,724,406,718,1544,1021,1662,657,902,416,736,869,414,327,891,237,1165,707,1585,1011,601,266,699,314,633,477,1352,1677,643,690,294,690,448,822,864,482,737,376,810,418,251
"COG3581",244,327,517,152,515,825,412,999,620,505,607,736,760,335,278,626,1071,1058,425,155,683,397,647,965,993,1591,423,793,397,774,845,368,276,873,210,915,650,1489,1003,520,243,663,326,604,449,1320,1476,570,598,321,508,337,740,790,532,672,244,693,401,234
"COG3583",31,55,83,26,253,263,93,151,99,54,79,143,23,37,2,34,89,84,21,17,76,22,48,120,170,92,154,58,167,103,196,69,0,83,100,132,68,62,144,39,16,95,4,75,33,125,375,51,111,22,297,100,205,136,144,35,90,94,98,24
"COG3584",37,58,129,206,270,284,118,132,133,58,91,170,34,56,19,67,148,129,99,15,118,64,85,219,219,101,174,93,164,180,254,68,95,121,118,198,70,236,157,59,33,108,41,78,54,183,396,77,138,79,353,157,262,149,212,138,148,172,139,49
"COG3585",0,1,6,3,8,1,2,4,3,3,6,2,1,3,6,2,22,5,0,2,8,1,0,5,1,1,0,1,3,4,3,9,0,5,0,12,2,30,2,0,3,3,3,3,0,9,5,1,4,4,3,2,2,2,21,3,2,3,2,1
"COG3586",23,39,56,158,4,28,70,70,16,23,25,41,20,59,52,75,34,74,26,7,38,6,7,68,1,12,105,18,84,14,141,55,0,11,27,23,17,34,11,31,36,180,80,7,4,33,155,10,6,131,28,31,71,5,54,9,6,6,57,66
"COG3587",180,124,213,228,114,242,203,411,564,603,158,503,79,322,638,164,203,371,163,642,116,269,212,87,325,239,644,212,1205,200,241,298,0,324,534,234,48,890,428,317,592,329,262,365,406,397,482,246,163,783,180,381,168,722,167,646,657,383,282,255
"COG3588",0,3,1,6,5,33,0,18,0,0,3,8,1,1,1,1,0,3,31,1,2,3,0,0,16,0,0,13,1,0,64,6,33,2,4,0,1,3,0,4,10,7,3,2,1,1,1,0,0,17,1,0,0,21,0,2,5,1,3,0
"COG3589",11,40,13,23,8,18,19,25,21,40,18,17,20,16,5,29,56,46,48,3,1,11,6,9,9,19,44,5,91,23,10,32,31,10,13,152,10,1,23,7,8,15,9,15,13,63,191,6,14,21,93,4,21,7,497,1,24,8,34,1
"COG3590",954,530,451,353,275,309,617,380,439,1147,514,372,1392,408,448,523,277,574,454,1538,362,584,240,275,278,1644,241,242,1025,705,198,443,100,435,685,678,369,338,759,861,557,374,436,765,683,204,350,541,381,413,308,613,437,702,882,656,577,394,727,579
"COG3591",3,12,38,5,60,13,7,27,18,1,3,10,7,43,11,8,22,28,14,5,28,1,43,33,6,17,47,9,11,14,55,9,119,16,40,116,9,4,26,14,3,25,10,15,13,16,25,28,32,6,19,12,38,36,20,21,52,53,9,20
"COG3592",1,2,2,2,2,0,5,2,0,0,0,1,0,13,6,2,1,0,17,8,3,3,8,0,1,1,6,2,0,2,5,5,54,0,4,4,2,3,0,1,2,3,1,0,1,1,0,0,0,1,3,0,0,1,9,1,9,1,0,9
"COG3593",174,67,131,166,100,250,112,335,68,55,188,147,192,141,68,141,348,71,203,582,98,561,175,123,214,62,197,175,17,75,160,102,1049,156,67,190,97,142,114,375,121,214,257,328,122,252,56,92,37,134,179,85,242,570,185,173,77,155,56,84
"COG3594",569,184,220,566,214,225,341,463,283,473,502,469,299,408,253,224,171,284,593,482,373,114,127,218,164,383,285,398,297,261,189,529,25,332,283,359,319,38,353,167,208,521,300,254,513,379,91,293,417,436,258,305,355,208,98,344,309,304,229,632
"COG3595",3,2,14,9,0,15,6,11,20,0,56,12,0,1,9,7,10,15,0,2,0,6,3,7,2,3,2,8,1,4,30,18,4,44,0,0,5,0,0,16,1,3,0,6,2,1,0,12,2,7,1,1,1,5,0,0,0,18,18,6
"COG3596",28,9,57,1,9,8,6,15,45,1,0,13,12,2,20,23,10,20,59,29,80,14,48,67,3,29,14,17,4,9,29,12,488,43,80,1,6,11,4,2,9,20,21,15,3,136,2,50,7,5,49,6,117,113,11,84,34,47,8,29
"COG3597",1,0,0,0,0,1,0,0,25,0,0,4,0,2,0,7,8,13,0,0,27,2,6,2,0,11,2,18,1,5,1,2,0,11,27,0,6,0,8,0,0,6,0,3,0,47,2,19,9,0,46,0,2,9,0,105,4,13,0,1
"COG3598",1,3,42,38,116,10,33,7,56,29,22,34,8,5,39,20,34,51,1,0,54,24,32,10,58,34,38,29,1,18,30,7,32,16,15,45,43,329,76,8,3,34,0,21,4,10,221,15,24,5,61,0,9,7,155,7,30,24,6,3
"COG3599",17,15,69,14,141,171,60,92,92,31,20,121,5,24,5,15,74,92,13,11,60,19,60,59,256,56,56,111,20,98,253,21,2,63,29,157,56,208,64,49,12,45,2,49,33,42,54,57,69,28,92,43,122,156,286,33,50,74,36,12
"COG3600",52,97,9,10,27,19,33,89,37,139,122,15,47,3,186,30,58,45,86,28,28,30,53,86,31,73,41,68,180,26,23,60,0,87,367,83,26,6,186,8,22,113,1,22,57,102,2,36,34,144,52,49,62,126,196,156,8,49,31,114
"COG3601",54,65,134,31,211,229,146,158,148,32,94,155,15,90,48,81,293,157,60,23,102,99,133,220,97,124,136,250,89,144,152,84,111,146,91,359,130,240,126,102,36,187,33,79,66,261,273,118,179,59,167,142,189,110,289,126,87,164,115,45
"COG3602",2,6,0,15,7,5,10,6,0,1,1,4,0,5,30,2,0,0,0,0,10,2,0,1,14,0,8,7,0,1,4,6,0,4,7,2,27,0,0,1,2,2,39,0,22,6,1,6,0,21,5,9,1,0,0,1,4,4,4,29
"COG3603",3,10,9,11,9,4,4,27,8,5,18,3,4,1,9,12,6,17,38,4,4,33,5,4,9,4,7,11,5,15,13,2,29,13,10,33,11,10,1,0,16,9,7,5,7,21,11,4,2,11,16,8,4,4,6,2,8,13,8,6
"COG3604",103,283,382,95,295,217,129,218,176,112,289,262,182,290,325,338,15,309,172,128,204,395,471,359,150,224,719,102,49,140,249,373,662,144,273,46,143,37,246,218,259,305,138,169,414,97,14,127,255,224,118,293,208,62,120,248,173,171,216,302
"COG3605",3,4,19,6,8,0,5,0,1,2,2,0,14,103,12,12,1,0,13,19,2,0,59,4,0,1,52,0,0,19,38,16,203,0,3,29,44,5,1,4,7,17,11,249,11,2,2,4,0,6,35,1,20,0,19,0,15,18,5,12
"COG3608",65,34,129,30,110,194,44,185,123,37,128,154,27,68,69,89,279,145,134,44,163,169,138,169,70,61,41,201,52,184,89,75,46,174,52,141,123,317,49,80,67,70,76,115,70,145,143,107,71,79,55,24,89,173,16,172,24,137,35,26
"COG3609",1,1,2,0,0,5,16,0,0,5,9,10,1,0,5,3,1,0,0,1,0,0,5,0,1,0,19,0,1,2,5,4,89,0,0,0,13,1,2,3,1,2,0,3,0,0,0,1,4,2,3,0,10,3,0,0,3,0,1,1
"COG3610",91,73,103,146,166,78,99,106,77,43,121,105,43,89,105,113,162,91,180,21,88,82,144,180,82,54,113,112,39,94,107,168,239,109,78,269,159,137,105,121,125,220,175,96,126,192,95,100,106,190,160,196,116,83,239,92,92,142,126,129
"COG3611",0,4,4,10,2,30,1,2,3,1,4,3,0,6,6,1,68,51,16,7,0,3,11,5,148,9,3,18,6,24,46,2,2,2,1,108,3,204,3,6,1,4,0,7,1,9,12,0,7,2,0,1,17,69,207,14,3,15,7,1
"COG3613",3,1,5,2,2,7,13,9,0,0,11,4,2,3,1,14,2,1,1,3,2,17,2,1,1,3,0,7,1,5,26,3,5,1,13,186,2,176,1,0,3,1,4,0,3,2,15,3,0,0,0,0,7,45,220,4,3,2,13,2
"COG3615",5,3,6,1,1,0,4,2,1,2,0,0,2,53,6,2,3,15,9,4,3,3,20,0,0,2,16,0,2,0,12,6,68,0,3,6,0,4,0,2,1,7,1,2,0,0,1,0,1,2,5,0,3,3,24,0,11,0,3,6
"COG3616",21,12,35,40,14,29,22,18,30,28,48,34,38,103,36,38,17,14,68,10,32,34,25,8,19,7,29,11,16,16,33,86,98,19,44,5,34,79,22,27,65,16,37,13,25,24,17,10,14,60,29,30,37,15,27,10,20,16,39,31
"COG3617",337,52,333,145,258,203,222,298,247,386,372,201,435,61,111,219,184,234,244,219,284,710,90,133,108,516,77,260,495,399,424,124,69,95,221,150,169,191,518,404,140,138,130,443,193,80,128,86,176,180,196,106,201,600,245,307,197,285,414,157
"COG3618",1,2,0,3,9,2,2,0,1,1,0,2,2,1,20,6,0,3,26,10,0,2,18,1,15,2,0,1,0,0,0,7,2,0,4,22,3,16,1,5,5,9,8,1,2,0,3,0,1,27,23,3,3,1,130,4,4,0,6,0
"COG3619",101,83,132,53,219,161,138,246,172,33,121,188,30,106,65,104,354,185,140,35,187,75,158,255,125,142,147,201,56,176,154,74,104,133,82,242,101,161,103,90,37,153,53,84,79,236,128,134,204,72,231,89,171,136,174,146,83,204,94,43
"COG3621",1,0,4,0,0,0,2,110,1,0,0,0,0,151,0,0,2,3,0,0,0,0,0,0,0,0,3,0,15,0,0,1,0,1,0,13,0,0,0,1,6,0,0,0,0,0,0,14,1,1,1,0,1,1,67,0,0,0,0,0
"COG3622",19,9,70,17,21,4,19,17,18,16,15,6,29,48,47,56,9,5,19,11,16,9,60,8,16,6,56,13,2,5,58,47,249,16,23,4,40,5,8,23,30,18,24,4,14,14,2,6,10,18,40,10,21,5,93,6,40,13,31,53
"COG3623",6,4,29,17,16,26,11,7,1,9,19,17,23,142,39,26,18,7,74,43,12,26,71,18,15,6,49,2,3,22,48,11,265,8,14,50,15,19,2,15,24,27,56,11,1,44,7,6,11,33,24,10,17,5,32,3,24,5,11,43
"COG3624",0,0,3,1,1,2,2,1,1,0,0,0,8,25,8,13,1,0,4,9,3,4,22,2,1,0,20,0,0,1,31,6,75,2,2,4,0,0,1,3,6,3,5,1,1,1,0,1,1,3,8,0,6,0,6,2,5,0,1,11
"COG3625",1,5,11,3,15,4,7,6,0,0,19,5,11,18,15,34,1,1,28,16,4,22,26,3,2,3,10,3,3,12,46,15,51,0,7,7,7,5,0,4,13,8,6,5,7,2,0,4,12,3,9,16,10,1,8,11,11,4,23,16
"COG3626",1,6,21,9,23,3,10,11,7,4,24,19,15,43,12,42,1,4,27,19,21,24,32,6,2,3,16,7,1,12,86,39,117,0,20,12,8,1,2,9,15,14,2,1,15,4,2,10,2,5,63,25,2,2,8,25,26,6,17,32
"COG3627",4,6,25,6,17,4,4,15,3,3,21,10,13,36,20,47,2,1,26,21,8,15,28,3,1,1,19,5,1,18,67,37,142,0,20,16,12,4,0,6,18,14,11,9,16,5,3,8,2,5,43,18,6,2,19,13,15,6,31,31
"COG3628",1,2,11,5,1,5,1,7,4,8,3,2,5,24,28,10,0,1,3,7,10,0,30,5,17,1,38,14,0,11,34,20,3,5,4,0,41,5,1,12,14,8,45,0,13,0,0,6,34,1,0,1,2,0,3,4,10,7,5,11
"COG3629",5,6,8,17,15,3,22,12,7,2,12,7,3,1,31,4,14,9,37,1,2,19,3,6,24,3,5,22,1,10,4,7,201,8,11,0,40,24,26,12,12,6,3,21,8,9,1,6,19,16,97,8,85,10,8,6,6,6,5,6
"COG3630",0,0,1,0,0,0,0,0,0,0,0,0,0,15,1,0,0,1,0,1,0,0,5,0,0,0,0,0,0,0,0,1,0,0,0,0,0,2,0,0,0,0,0,1,0,1,0,0,0,1,2,0,0,0,0,1,0,0,0,0
"COG3633",71,95,166,26,396,100,187,221,118,108,112,79,108,211,53,111,247,110,36,54,179,77,156,238,121,132,201,79,215,117,83,120,197,126,113,245,99,360,128,95,43,108,27,305,94,204,746,57,126,141,118,142,254,150,131,130,152,130,80,30
"COG3634",190,414,347,385,198,106,275,144,310,194,313,243,196,222,267,315,57,32,233,62,267,374,205,205,203,41,470,136,145,100,165,311,199,118,470,46,303,38,219,270,367,216,420,41,345,120,18,392,283,248,161,358,154,64,174,104,382,207,236,336
"COG3635",388,261,278,222,219,216,244,198,253,395,347,279,467,228,271,304,115,221,325,450,189,363,158,155,167,377,181,271,338,289,322,251,109,211,343,59,219,51,313,335,304,272,336,222,308,142,66,302,373,220,399,397,295,262,117,257,330,175,415,327
"COG3636",2,1,2,0,6,0,3,0,1,0,0,1,7,1,0,6,0,0,1,1,2,0,0,0,7,2,0,1,0,12,0,0,0,14,11,26,18,5,0,0,7,1,2,1,0,0,0,0,0,0,0,0,4,1,44,2,3,0,0,0
"COG3637",7,12,22,6,8,2,17,0,0,5,7,0,26,119,37,14,5,5,38,21,6,9,51,6,1,2,96,0,1,12,56,12,690,4,10,22,36,17,1,5,7,29,18,5,5,2,1,0,2,7,8,5,7,1,35,2,38,8,5,52
"COG3638",19,11,79,31,53,45,24,60,31,11,34,58,12,43,15,53,22,16,26,28,74,15,34,21,17,8,28,43,9,48,86,41,105,29,19,75,52,151,17,20,23,30,11,19,24,66,12,28,79,48,78,29,21,20,183,65,30,42,71,15
"COG3639",42,13,99,48,70,78,17,68,43,15,46,94,11,71,12,80,46,28,31,29,110,17,40,37,40,16,42,54,11,54,124,48,112,38,39,174,87,196,38,38,28,35,11,21,44,173,10,56,158,73,160,52,46,36,345,97,37,67,99,16
"COG3640",18,24,80,20,73,192,74,61,47,20,20,88,5,51,21,28,218,79,15,14,67,22,34,126,49,44,42,102,48,149,107,35,37,52,15,253,124,270,41,21,21,52,20,45,41,152,42,27,108,46,175,24,110,55,164,87,12,63,62,25
"COG3641",44,43,145,23,234,146,77,166,107,33,111,136,46,101,59,83,259,104,70,7,141,78,100,256,94,43,136,85,55,91,161,88,64,125,43,316,118,365,78,75,44,84,68,57,107,161,109,78,142,40,83,104,120,94,104,90,96,128,51,15
"COG3643",78,148,144,195,103,107,120,86,159,62,156,199,50,63,154,140,19,16,158,21,126,250,101,60,101,11,107,64,50,64,79,213,47,75,271,4,175,24,118,120,242,105,173,10,179,44,6,184,205,124,150,242,114,22,57,75,154,70,93,256
"COG3645",377,54,150,119,116,212,136,370,341,414,402,216,406,48,96,175,157,305,210,385,178,66,98,88,98,468,107,228,353,375,258,122,78,77,599,82,197,150,475,348,237,145,116,351,158,143,134,97,141,208,132,106,196,624,98,291,298,323,341,225
"COG3646",2,7,122,15,73,24,23,55,61,29,4,22,22,9,41,81,20,47,18,160,54,21,19,11,4,4,12,34,63,20,45,25,32,28,856,49,56,16,128,7,225,10,59,12,25,25,100,10,11,12,8,26,57,101,162,143,283,88,21,42
"COG3647",0,1,2,0,2,0,2,0,1,0,0,5,4,0,6,2,0,0,4,6,1,4,10,0,1,0,10,0,0,1,6,1,22,4,1,8,0,2,0,0,0,0,2,0,1,0,0,0,0,4,0,0,0,0,3,0,1,0,5,4
"COG3649",46,58,28,35,229,77,87,179,127,86,44,105,60,20,63,30,75,174,127,76,105,44,94,126,59,73,69,106,26,80,115,78,131,77,79,296,87,75,80,67,65,145,10,70,75,98,56,78,86,93,129,59,84,122,146,335,74,118,71,86
"COG3650",16,0,0,0,0,4,0,1,4,0,1,6,0,2,0,14,7,5,0,0,6,0,1,1,2,2,0,0,0,0,0,0,0,7,0,0,4,0,3,1,0,0,0,1,2,53,5,6,21,9,1,0,1,2,0,4,0,1,1,1
"COG3653",35,22,45,55,44,85,54,36,103,36,129,118,79,128,84,132,115,23,340,17,24,78,64,205,63,23,41,38,28,46,219,126,104,46,36,99,92,6,69,87,58,49,171,37,93,53,34,43,73,37,101,58,133,74,13,61,22,26,104,22
"COG3654",68,9,56,65,25,91,75,85,65,91,48,70,22,158,91,68,113,50,50,146,74,63,44,26,38,14,33,43,29,66,79,63,39,40,7,62,56,74,33,94,40,11,115,44,139,33,9,28,111,50,64,53,86,73,8,39,47,125,54,68
"COG3655",72,141,89,107,118,207,123,169,127,89,88,139,45,67,112,79,162,84,59,34,74,118,130,126,101,53,85,220,52,218,169,107,31,172,91,157,117,68,82,94,115,115,75,81,92,84,48,107,118,153,178,95,135,114,72,117,130,130,82,99
"COG3657",0,0,0,0,1,0,17,3,0,0,0,0,5,0,0,1,2,0,0,1,0,0,0,0,0,0,0,0,0,0,1,2,0,0,2,5,6,3,1,3,7,0,4,0,0,0,0,0,0,0,0,0,2,0,45,0,3,0,0,0
"COG3659",4,0,0,0,0,0,2,0,0,0,0,0,0,73,1,0,0,0,0,1,3,0,22,0,0,0,0,0,0,0,0,0,0,0,0,1,0,0,0,0,2,0,0,5,0,0,0,0,1,0,7,0,0,0,0,0,0,0,0,0
"COG3660",0,0,0,0,0,0,0,0,4,0,0,1,0,0,0,0,0,1,0,1,0,0,34,0,0,0,0,0,0,4,5,0,0,0,0,0,11,0,24,0,0,0,0,4,5,0,0,0,0,0,0,2,10,2,0,0,0,12,7,0
"COG3661",346,269,147,591,148,110,214,165,140,323,189,200,600,231,106,157,163,641,536,67,252,251,132,128,90,525,133,236,482,242,39,225,15,235,230,9,161,9,283,322,280,167,241,430,290,45,2,394,270,221,182,396,162,301,12,122,235,182,313,233
"COG3662",0,0,0,0,0,0,1,0,0,1,0,0,0,32,1,1,0,0,0,1,0,0,12,0,0,0,0,0,1,0,0,0,0,0,0,0,0,0,0,0,0,0,0,2,0,0,0,0,0,1,10,0,0,0,0,0,0,0,0,0
"COG3663",252,219,235,199,208,146,208,254,305,228,154,198,237,179,178,228,194,219,191,287,184,199,208,223,150,171,202,164,258,173,170,149,172,225,135,140,183,141,226,214,165,173,180,250,249,157,101,241,217,294,158,190,256,261,176,252,234,244,217,188
"COG3664",85,41,78,34,79,121,27,48,96,49,28,114,2,96,227,56,59,126,6,8,224,9,156,25,54,31,120,98,11,131,159,159,28,94,11,104,290,141,67,61,82,147,88,36,66,609,23,85,74,32,154,55,110,34,146,86,27,94,60,125
"COG3665",25,0,1,1,0,2,0,2,10,0,4,4,0,0,8,16,0,5,22,2,7,0,19,5,1,11,9,5,0,7,23,1,17,10,3,3,9,2,2,1,0,2,1,5,1,0,5,12,1,13,2,8,3,1,2,1,0,26,0,0
"COG3666",4705,2629,1861,3106,897,1583,2272,3268,1093,5749,1241,809,1174,1759,775,1481,3081,2461,601,1480,1993,1674,996,1683,999,996,1319,1354,2759,1544,1483,348,575,2116,1867,843,2223,355,1528,4846,1868,493,1794,4017,1204,692,319,1317,1091,762,1616,3871,1563,3036,1134,2681,1984,1189,1583,1535
"COG3667",2,0,0,0,1,0,2,0,0,1,1,0,0,0,3,0,0,0,0,0,0,0,0,0,0,0,0,0,0,0,0,7,0,0,0,16,0,0,0,1,0,3,0,2,0,1,0,0,0,3,13,0,0,0,1,0,1,0,0,0
"COG3668",10,0,6,0,73,6,10,10,11,1,4,8,4,1,3,7,18,45,4,3,9,0,39,1,9,2,12,5,1,6,19,5,94,2,0,0,7,0,3,5,6,3,1,3,5,14,19,1,8,0,1,1,5,3,19,1,9,9,8,13
"COG3669",2179,2567,1834,2430,1059,1148,2618,873,2059,2030,1525,1786,1526,1935,2373,2442,905,996,1965,979,2140,1900,1358,1805,975,835,2274,792,2202,967,1637,1805,212,1630,2378,886,1604,433,1386,1651,2604,1751,3125,1127,2782,1078,206,2070,1482,2416,1440,1525,1331,858,749,1093,2678,1128,1859,2045
"COG3671",0,0,7,0,2,1,6,2,4,2,3,0,7,5,8,6,4,0,0,0,7,0,0,1,2,1,0,0,2,1,2,9,0,3,3,2,2,44,2,3,10,0,0,2,2,0,0,1,0,0,0,6,5,2,0,1,1,0,3,0
"COG3672",0,1,2,0,3,2,2,0,3,1,2,1,2,0,1,5,0,0,0,0,3,1,3,0,2,0,0,0,0,1,2,1,0,0,0,0,0,0,0,1,1,3,2,0,0,0,1,0,0,0,1,3,0,1,0,4,0,1,0,2
"COG3675",0,67,0,20,0,0,1,39,0,29,9,0,19,0,0,19,0,0,0,1,0,6,0,0,1,16,0,0,133,0,0,0,0,0,0,0,0,0,17,0,0,0,0,0,0,54,285,0,0,0,43,1,0,0,0,0,0,0,1,0
"COG3676",75,46,51,50,269,50,161,39,136,105,21,44,20,24,99,103,7,13,215,43,88,49,30,116,16,5,148,41,127,48,55,142,0,71,109,3,62,21,74,82,120,1,12,8,77,7,0,101,146,12,59,154,41,50,61,89,238,90,110,230
"COG3677",38,31,170,2735,33,46,99,30,28,57,96,24,64,62,67,170,82,86,53,230,27,55,366,13,30,16,157,44,39,57,416,128,690,21,31,116,190,55,124,95,75,218,49,39,52,80,42,252,43,22,80,71,28,27,145,17,36,35,11,64
"COG3678",11,3,15,5,1,1,5,1,1,1,0,0,12,160,21,13,2,0,21,24,1,2,82,2,1,0,32,0,1,0,25,14,179,0,3,23,1,9,0,9,9,11,16,18,0,3,0,1,1,7,31,3,7,0,21,0,19,1,6,24
"COG3679",1,0,0,0,0,4,1,0,0,0,0,0,0,0,0,0,6,6,4,3,0,0,1,0,0,6,0,0,0,0,25,1,2,0,0,45,2,69,0,0,0,3,0,0,0,0,6,1,0,1,0,1,0,1,74,4,0,0,0,0
"COG3680",303,0,5,0,3,0,4,2,12,1,13,0,2,79,0,0,9,0,0,23,11,0,0,0,2,1,1,19,0,4,2,5,314,85,0,1,0,0,0,2,13,7,12,7,4,0,0,0,0,0,8,5,0,6,16,1,19,4,1,0
"COG3681",638,644,463,533,573,340,470,398,460,588,531,403,721,555,590,569,488,508,490,783,339,592,398,553,318,469,474,255,590,404,356,482,443,348,582,578,426,288,460,489,605,361,622,425,569,268,482,420,440,503,408,524,408,375,296,442,686,331,468,448
"COG3682",130,93,147,116,193,260,183,184,180,118,105,269,31,78,66,75,212,115,73,21,136,98,176,159,116,70,110,257,64,229,212,162,155,168,37,243,192,177,118,124,64,295,83,94,157,233,64,116,179,158,92,127,268,139,232,91,90,172,119,82
"COG3683",2,1,1,3,0,0,1,0,0,1,3,0,5,31,4,5,0,8,0,2,0,1,9,1,0,0,1,0,0,0,0,4,0,0,0,5,1,1,1,1,4,3,0,1,2,1,0,0,0,0,6,0,0,0,0,1,0,0,0,0
"COG3684",0,0,7,6,7,0,3,1,1,2,0,1,13,0,13,9,0,1,29,22,0,3,19,5,0,2,1,1,0,0,34,6,139,0,2,7,0,178,0,5,5,8,16,1,0,0,3,0,0,5,10,1,0,2,116,0,13,0,3,14
"COG3685",5,1,8,6,10,1,2,2,1,3,1,5,10,113,13,7,1,0,17,11,2,3,61,2,0,0,39,0,2,2,18,10,178,1,5,19,4,10,1,8,7,11,7,9,1,1,0,1,1,15,24,0,3,0,50,0,9,1,1,33
"COG3688",113,133,251,44,614,494,164,374,356,81,207,360,34,142,69,173,660,338,101,52,437,146,321,646,178,210,338,466,137,337,352,119,219,399,116,637,211,507,243,194,76,250,90,168,160,530,262,322,340,138,171,232,332,370,251,218,185,445,166,66
"COG3689",14,18,66,29,60,109,83,52,65,16,27,50,13,48,33,32,133,81,92,32,70,70,88,41,50,42,54,156,20,92,64,28,162,90,27,136,63,99,31,53,12,58,39,45,37,84,72,47,55,44,36,23,85,35,193,35,18,112,11,19
"COG3691",6,2,10,6,0,0,3,0,1,1,3,0,8,38,12,11,5,12,15,4,2,1,29,1,1,4,18,0,0,0,19,5,123,0,2,5,0,4,1,5,1,5,4,3,0,1,1,0,2,4,12,1,2,1,18,2,10,0,2,16
"COG3692",2,1,11,4,0,0,1,0,0,1,0,0,3,0,1,3,0,0,10,3,0,0,8,1,0,0,10,0,0,0,0,4,63,0,1,1,0,1,0,5,0,8,3,0,0,0,0,0,0,9,0,1,2,0,9,0,4,0,0,9
"COG3693",325,157,129,183,90,164,241,150,260,241,132,281,252,231,90,202,219,476,218,50,238,190,261,70,107,413,63,217,299,232,102,125,37,239,156,109,214,15,229,200,218,117,120,309,154,491,26,342,224,124,160,411,112,218,24,138,189,329,246,210
"COG3694",4,2,5,7,26,20,1,11,0,0,18,35,4,7,9,3,8,10,43,3,5,6,27,6,1,44,1,12,3,11,131,1,19,17,9,9,4,6,1,2,3,23,23,7,4,12,16,0,7,18,6,4,1,42,27,1,2,9,19,0
"COG3695",89,158,103,153,90,61,68,71,95,81,109,117,64,85,165,136,39,20,123,24,70,175,89,77,82,18,92,93,58,70,86,116,102,50,171,54,131,19,77,109,180,99,170,21,154,96,76,100,91,203,140,121,88,31,43,55,140,78,104,137
"COG3696",1069,1048,1068,1620,670,655,1384,579,831,1255,1101,559,1167,1217,1465,1638,244,499,1472,1508,1140,901,630,838,490,787,1073,568,962,579,655,1287,155,781,1153,104,913,90,776,1030,2024,2029,2012,388,1194,240,45,1073,652,1595,749,1134,467,559,368,847,1047,714,1307,1776
"COG3697",33,14,18,10,34,17,19,40,17,5,74,24,25,61,35,52,32,13,77,58,6,73,36,117,20,14,64,10,19,23,33,34,97,19,19,186,44,65,7,61,36,38,27,30,43,33,89,21,23,20,62,19,35,29,37,48,23,13,17,13
"COG3698",2,4,19,2,2,0,4,2,0,0,1,0,6,4,11,4,1,4,8,15,1,1,32,3,1,1,35,0,1,1,17,7,183,1,3,1,0,10,1,4,6,7,12,3,1,0,0,0,0,4,5,1,2,0,23,0,15,0,2,15
"COG3700",4,5,11,4,7,0,7,0,0,0,0,0,8,56,9,6,1,7,12,12,1,1,35,2,0,4,26,0,2,0,17,26,203,3,3,15,0,12,0,7,7,10,4,5,0,0,2,0,3,13,11,3,3,1,24,1,16,0,1,14
"COG3701",0,17,1,6,0,1,0,18,1,1,15,2,10,0,6,0,0,4,0,17,8,0,0,2,0,7,0,0,24,2,0,6,0,0,0,0,12,0,8,0,0,16,10,85,6,4,92,0,2,0,27,1,3,1,1,1,2,0,6,1
"COG3703",0,1,13,4,0,1,1,0,2,1,0,0,7,23,8,9,0,0,9,6,2,3,27,0,0,0,25,0,0,0,14,9,105,0,1,3,1,3,0,1,5,2,9,0,0,2,3,2,2,4,7,0,2,1,29,0,11,0,0,7
"COG3704",2,0,1,0,3,0,0,0,0,0,0,0,1,1,0,0,1,0,0,0,2,0,0,1,5,0,0,8,0,8,1,1,27,10,8,5,3,8,0,0,0,1,1,0,0,0,0,0,0,0,0,0,2,0,0,0,1,0,1,0
"COG3705",79,90,142,37,134,194,68,193,183,45,114,150,42,86,66,110,299,198,73,45,153,114,167,166,94,136,113,316,100,194,157,81,71,279,76,217,134,404,97,106,58,146,24,125,79,341,284,169,185,83,306,91,235,171,250,177,46,219,90,80
"COG3706",3519,4877,2519,5520,1720,1604,2888,2193,2669,2431,3003,2202,3797,4077,5095,2782,1722,2706,5920,1317,3711,2865,2764,2324,2445,3676,2456,1670,1081,2314,1310,4276,249,3593,3508,426,5131,594,3151,3222,3395,3042,4769,2420,3618,1545,229,3926,2621,4142,2387,3784,1790,1788,893,3064,2846,2344,3105,5731
"COG3707",12,28,48,35,148,91,78,83,73,32,45,57,23,22,26,32,56,42,52,17,73,60,43,77,37,38,61,41,63,85,115,41,26,35,48,106,46,53,42,26,31,67,23,33,17,50,241,52,59,37,43,63,81,62,166,29,67,55,76,23
"COG3708",15,19,37,52,62,55,20,86,39,28,27,45,4,16,29,11,88,69,103,8,67,13,42,57,39,15,6,89,12,83,138,94,75,37,20,96,71,178,5,20,28,35,27,55,20,101,6,19,69,69,103,48,85,25,6,138,6,78,41,13
"COG3709",0,1,7,0,4,0,3,1,1,1,0,0,4,29,8,10,1,1,11,7,0,1,26,3,1,0,22,2,0,3,11,8,70,0,1,5,1,2,0,4,1,9,8,1,1,1,0,0,2,5,8,2,2,0,6,0,11,0,3,13
"COG3710",4,7,31,21,17,0,20,4,2,3,1,1,22,124,101,57,2,0,162,60,1,9,113,8,3,0,25,0,0,0,38,25,707,1,23,26,4,57,0,17,17,44,48,12,1,5,1,2,6,43,12,2,8,1,94,2,90,0,8,108
"COG3711",253,536,445,446,809,416,213,483,237,238,323,195,231,560,421,368,1201,526,1279,277,220,234,404,525,247,421,310,277,1051,347,355,588,1731,209,342,1426,214,407,271,240,366,522,305,171,144,931,2321,236,630,393,389,296,282,200,896,175,356,345,216,188
"COG3712",2105,5183,2855,8187,1905,1227,3825,2380,2914,2885,2716,2485,3271,2786,5944,3194,598,1398,6256,1301,3138,3368,1467,2320,2613,1184,3472,1606,2037,2065,3019,5142,22,2149,3120,307,3543,468,2231,2857,5534,3771,5884,953,2915,1230,154,3207,2084,6824,1511,3195,1850,894,1538,2440,3607,1438,2778,5347
"COG3713",9,5,16,4,1,0,13,0,6,5,34,1,41,132,35,40,0,0,50,11,3,14,66,8,1,1,24,0,0,0,14,51,297,0,5,17,0,33,3,7,18,29,14,8,16,2,1,2,3,4,10,3,11,0,38,0,22,0,3,13
"COG3714",1,1,10,1,13,0,11,0,0,0,0,0,9,46,21,7,0,0,15,12,1,3,42,3,2,0,24,0,0,0,26,8,135,1,3,9,0,6,1,3,3,10,6,5,1,1,1,6,2,9,10,2,5,0,25,0,12,0,6,17
"COG3715",105,105,112,109,449,92,127,217,83,80,177,63,133,272,172,164,542,255,259,110,94,121,177,363,78,152,261,52,238,117,172,146,720,66,132,425,86,596,76,110,82,151,103,56,61,273,956,84,79,120,546,90,89,93,711,41,114,97,137,64
"COG3716",93,91,107,119,480,89,138,220,74,108,166,68,131,297,183,148,578,270,297,115,109,101,167,272,73,149,223,57,216,123,163,147,732,112,124,373,90,688,79,114,90,139,104,59,50,276,960,82,94,123,569,76,94,78,785,63,103,83,98,78
"COG3717",569,339,403,329,362,233,313,276,313,459,352,276,568,302,291,323,212,341,355,541,354,409,277,345,158,433,372,208,308,283,122,386,236,266,386,119,236,166,338,362,362,326,381,168,374,254,92,401,382,289,186,422,245,260,170,476,484,249,378,470
"COG3718",14,148,48,41,18,41,11,86,13,40,23,28,22,57,9,37,30,33,27,15,38,19,24,15,30,29,10,47,113,43,56,3,44,17,33,45,31,114,54,24,12,32,3,34,23,110,388,5,72,36,180,41,59,29,7,31,12,16,21,7
"COG3719",3,2,10,6,2,1,4,0,0,0,0,1,7,41,13,19,3,6,22,9,4,6,41,4,0,2,35,1,2,0,24,7,173,4,5,11,2,7,2,10,6,7,6,5,0,0,1,1,0,6,7,2,3,0,28,0,13,0,5,20
"COG3720",2,1,0,0,3,0,1,0,0,1,0,0,0,41,14,7,0,1,22,19,0,1,26,0,0,0,0,0,0,0,18,0,15,0,0,7,0,12,0,0,1,0,2,2,0,1,0,0,0,5,16,1,1,0,0,0,15,0,4,13
"COG3721",0,2,1,2,3,1,5,2,10,5,6,0,4,14,25,18,0,0,39,10,15,4,2,0,7,1,0,1,0,6,13,27,6,1,2,1,4,49,0,7,20,13,7,14,6,0,0,1,0,7,1,6,5,2,1,2,5,2,4,6
"COG3722",4,5,21,4,7,2,8,2,1,2,2,1,12,53,33,19,3,0,28,12,1,2,56,0,0,1,48,0,1,0,34,7,307,1,3,19,1,10,1,9,6,14,11,6,0,1,0,1,1,14,15,2,8,0,46,0,27,0,5,24
"COG3723",63,2,11,9,81,82,22,95,31,37,34,78,24,26,23,75,45,17,66,8,10,28,29,152,15,15,62,139,23,52,46,3,165,46,230,24,49,20,60,69,132,11,31,30,48,50,42,20,54,59,24,66,56,32,52,0,51,155,39,40
"COG3724",2,2,16,2,2,0,3,0,0,3,0,0,9,106,6,7,1,0,9,5,3,3,29,1,0,0,25,0,1,0,16,5,123,0,5,11,2,5,1,9,3,8,3,5,2,3,1,0,0,8,24,0,2,1,15,0,4,0,0,9
"COG3725",5,0,9,0,1,1,6,0,0,1,0,1,3,61,12,6,0,0,8,10,1,2,36,3,0,0,23,0,0,0,5,6,122,0,3,8,0,2,0,3,5,8,7,1,1,3,0,0,0,11,10,0,1,0,15,0,6,0,1,8
"COG3726",4,4,4,0,3,0,3,0,0,3,0,0,0,33,5,6,0,6,6,7,0,1,23,1,0,3,18,0,1,1,8,4,80,1,2,8,2,3,0,2,2,6,1,3,0,1,0,0,0,4,8,2,2,0,7,0,2,0,4,3
"COG3727",171,96,86,83,54,149,143,167,106,176,107,102,154,127,176,153,99,142,122,126,123,272,168,161,119,131,196,230,124,172,74,85,101,84,206,151,188,134,173,184,68,90,77,154,117,82,122,104,120,141,165,236,122,151,142,166,287,106,117,59
"COG3728",14,13,12,15,41,14,8,51,29,11,36,31,1,5,16,35,22,23,15,14,21,25,43,11,27,5,71,27,65,79,81,6,49,16,30,15,5,159,42,10,15,37,9,10,13,49,29,9,39,20,43,4,17,18,112,18,15,36,8,29
"COG3729",1,2,3,3,1,0,0,0,0,0,1,0,2,20,7,1,0,0,5,7,0,0,12,1,0,0,8,0,0,0,2,3,63,0,5,0,1,4,1,1,3,5,4,1,0,1,0,0,0,3,6,0,3,0,9,0,1,0,0,6
"COG3730",5,50,8,18,9,5,7,12,2,10,3,1,13,38,4,24,10,9,10,15,2,6,46,14,5,25,17,2,147,1,14,8,72,2,3,18,5,8,11,7,4,12,13,4,2,75,418,0,1,2,38,5,5,2,19,1,8,0,3,11
"COG3731",5,57,13,16,8,2,4,16,0,23,2,2,14,45,5,30,12,7,9,14,3,5,43,9,5,13,15,1,97,1,8,7,47,3,0,27,8,73,14,5,4,7,5,9,0,28,246,0,2,1,31,3,4,0,8,1,6,1,8,4
"COG3732",4,58,16,22,9,5,10,14,2,16,5,1,21,115,5,55,12,15,12,12,4,4,83,12,5,42,26,1,145,4,16,12,106,3,2,27,13,2,31,10,6,8,12,8,1,121,471,1,2,4,72,7,4,4,17,2,4,1,9,9
"COG3733",3,4,23,7,0,0,5,1,1,1,1,1,15,91,4,1,1,0,20,6,3,0,36,3,1,0,53,0,0,0,0,20,232,2,9,10,2,0,1,12,6,17,3,9,0,4,0,0,1,12,22,2,2,0,38,0,16,0,0,30
"COG3734",11,6,33,17,4,62,20,6,7,6,12,13,16,168,45,13,18,13,44,28,4,9,83,3,30,7,72,96,0,72,59,13,433,0,14,10,8,41,6,13,34,31,50,10,2,8,4,4,16,59,49,9,4,10,29,4,25,13,26,32
"COG3735",22,76,64,117,41,35,58,102,47,14,80,76,42,77,73,48,5,60,184,312,75,57,60,16,44,7,70,101,13,40,48,109,142,22,89,9,134,18,60,81,63,119,91,24,98,23,5,97,56,83,61,61,16,49,31,178,49,24,55,280
"COG3736",1,0,1,1,7,0,3,3,0,6,0,0,1,48,0,0,0,0,0,0,0,0,0,0,8,0,0,18,0,31,0,0,18,7,10,5,7,4,0,0,0,3,1,1,1,2,0,0,0,1,1,0,3,0,0,0,9,0,0,0
"COG3738",14,6,19,10,16,8,43,32,12,5,7,17,8,10,12,12,27,22,2,9,21,3,55,17,61,12,42,26,11,31,39,16,131,20,21,78,6,34,45,19,20,6,7,19,14,5,7,8,12,46,25,23,36,55,60,21,25,40,16,18
"COG3740",32,30,38,124,116,27,69,18,85,13,17,44,19,13,59,35,23,15,34,7,56,59,8,126,46,37,144,38,254,27,92,57,80,10,836,67,20,100,46,70,26,67,31,29,93,20,297,36,49,89,29,23,9,22,20,19,152,61,38,93
"COG3741",0,0,1,0,0,1,1,0,0,0,0,0,0,0,0,1,0,0,8,1,0,0,0,1,2,4,0,0,0,5,8,0,0,0,2,0,17,4,0,0,1,0,0,29,5,1,3,1,0,1,0,0,9,0,1,7,0,6,0,0
"COG3744",2,0,1,8,0,0,1,3,0,9,8,1,0,2,0,0,2,0,0,0,0,0,1,0,8,3,0,2,0,3,0,4,1,1,5,0,2,15,0,10,1,0,0,0,24,2,0,8,3,5,0,0,0,1,6,11,6,1,10,0
"COG3745",0,0,4,1,0,16,0,8,1,0,0,1,0,0,0,1,14,3,5,0,0,0,2,0,0,1,0,1,0,0,7,0,17,3,4,0,5,0,0,14,0,0,0,9,4,1,0,5,18,0,1,0,57,0,0,0,1,8,11,2
"COG3746",136,323,153,397,81,180,213,74,106,169,138,153,88,82,386,207,25,7,180,7,157,219,86,180,99,8,183,115,108,65,45,203,0,60,180,29,85,17,46,127,314,196,277,54,266,62,5,209,177,323,65,194,82,84,36,142,248,180,202,262
"COG3747",9,6,5,3,14,12,15,6,19,2,10,19,8,5,18,6,10,15,31,10,21,16,5,29,22,5,9,16,2,22,13,45,14,8,8,5,85,5,1,22,19,13,6,3,9,37,4,16,44,2,12,7,11,6,17,4,5,49,6,9
"COG3753",1,1,6,4,1,0,1,0,0,0,1,0,2,0,5,3,0,0,11,7,2,2,9,2,0,0,17,0,0,0,12,6,96,0,2,1,0,4,1,2,3,0,3,2,0,0,1,0,0,6,0,0,1,0,16,0,9,0,2,5
"COG3754",387,408,191,263,80,277,144,230,336,374,197,277,397,76,628,157,237,147,472,51,341,289,119,188,142,770,205,254,233,267,110,379,10,193,235,89,324,21,168,291,400,134,331,549,354,126,33,189,227,290,124,188,222,310,162,167,288,168,258,566
"COG3755",2,0,7,6,0,0,5,0,0,0,0,0,5,23,3,0,0,0,0,0,1,0,23,0,0,0,14,0,0,0,0,7,88,0,2,3,0,0,0,5,3,4,4,2,3,0,0,0,0,6,7,0,1,0,32,0,2,0,0,0
"COG3756",0,0,0,0,0,0,0,0,0,0,0,0,3,0,5,0,0,0,11,5,0,0,0,1,0,0,0,0,0,0,0,0,0,0,0,0,0,0,0,0,0,1,0,0,0,0,0,0,0,0,0,0,1,0,2,0,7,0,0,15
"COG3757",511,160,560,212,434,1017,476,938,529,794,266,596,667,246,133,189,793,1011,321,673,633,187,461,877,871,995,429,1120,540,1055,617,203,346,755,187,673,416,716,686,588,117,600,156,675,364,592,352,458,599,287,1236,306,769,1011,714,869,284,818,384,345
"COG3758",2,1,7,11,4,4,4,4,6,5,1,11,10,26,28,10,0,0,32,17,6,9,25,1,3,2,12,2,1,1,30,32,110,3,3,8,8,12,3,4,21,9,14,8,3,3,0,5,2,0,50,3,13,4,15,1,7,4,9,8
"COG3759",0,0,1,0,0,1,4,1,0,0,0,0,0,25,3,0,2,11,3,8,0,0,3,2,0,3,0,0,0,0,1,1,0,0,0,30,2,1,0,1,2,0,0,0,0,1,4,0,0,1,7,0,1,2,51,2,1,0,0,0
"COG3760",85,98,78,35,99,152,122,194,106,51,74,126,23,52,68,89,185,78,136,73,153,94,156,102,131,71,51,207,82,132,111,95,53,87,48,148,106,178,87,53,48,99,50,125,95,119,126,57,121,63,98,90,138,141,116,104,30,138,77,99
"COG3762",0,5,0,0,2,0,3,1,1,3,1,0,0,0,0,7,1,4,0,0,6,0,2,0,2,1,0,4,1,6,3,3,0,3,1,2,6,7,1,2,20,0,0,0,0,0,0,1,1,1,0,1,1,2,0,6,0,2,0,1
"COG3763",0,0,1,2,0,2,3,0,0,0,1,2,0,2,1,0,11,9,6,1,0,0,3,0,30,0,2,3,3,1,3,0,2,1,0,8,0,35,0,1,0,0,0,2,0,0,1,0,1,0,0,0,3,15,27,4,0,2,0,0
"COG3764",82,37,221,105,169,598,326,181,149,22,76,222,14,105,51,69,341,262,73,69,226,61,211,152,275,215,139,305,46,222,776,209,66,138,78,685,86,354,144,90,23,305,57,99,75,180,766,138,160,18,246,147,188,186,423,63,70,280,175,55
"COG3765",4,9,19,10,9,0,13,1,0,4,2,0,20,82,35,34,3,2,61,29,5,8,60,4,0,1,82,0,1,0,72,48,373,4,10,39,2,14,1,14,13,36,23,5,2,5,0,1,3,10,18,3,6,0,35,0,43,0,12,45
"COG3766",0,1,8,2,1,1,4,0,0,0,0,0,1,1,9,4,0,0,13,4,0,2,8,1,0,0,7,0,0,0,12,2,58,0,5,2,0,3,0,2,3,6,3,0,0,0,0,1,0,2,0,2,1,0,10,0,7,0,2,9
"COG3767",0,0,0,0,0,0,0,0,0,0,0,0,0,0,0,0,2,1,0,0,0,0,0,0,0,0,0,0,0,0,0,0,0,1,0,0,0,0,1,1,0,0,0,0,0,0,0,0,0,0,0,1,0,0,0,1,0,0,0,0
"COG3768",1,6,11,6,0,1,6,0,1,1,0,0,14,40,7,9,0,5,8,7,2,2,34,3,0,2,38,0,1,0,10,6,113,2,3,5,0,5,1,7,0,7,7,3,0,3,1,1,1,5,10,2,2,0,14,1,9,0,2,9
"COG3769",0,0,4,0,1,0,2,0,0,0,0,0,6,0,2,2,0,0,7,2,0,1,15,0,0,0,19,0,0,0,9,1,47,1,3,4,0,1,1,2,0,2,1,0,0,0,0,0,0,1,0,0,2,0,2,0,5,0,1,3
"COG3770",6,4,6,3,1,0,4,0,0,1,0,0,12,33,13,8,2,5,11,6,2,0,29,1,0,4,29,0,0,0,25,8,98,1,6,11,0,8,0,1,3,7,7,63,0,1,3,1,0,3,11,0,2,0,21,1,12,0,4,7
"COG3771",1,0,3,2,2,1,0,0,0,0,1,0,2,20,5,0,0,3,11,2,1,2,17,0,0,1,10,0,0,0,5,1,54,2,2,3,0,1,1,1,1,2,3,4,0,1,0,0,0,2,4,1,2,0,12,1,3,0,0,4
"COG3772",13,13,145,15,26,12,9,14,24,17,20,28,35,58,33,27,43,7,80,25,35,69,27,7,36,3,41,14,1,27,103,22,167,44,20,15,23,58,8,10,28,19,13,2,23,9,19,39,47,27,19,18,52,166,124,14,19,36,12,51
"COG3773",117,67,181,34,165,424,70,230,219,42,165,247,21,74,69,145,313,208,64,24,232,111,276,300,310,119,151,525,62,263,431,89,132,404,33,212,181,291,132,148,36,147,44,149,138,471,67,200,255,105,151,101,188,236,127,184,30,289,78,97
"COG3774",575,280,206,543,189,205,258,190,281,210,183,181,71,172,342,159,131,698,235,43,265,320,152,133,154,32,298,255,335,172,184,547,34,198,316,305,162,245,208,181,412,291,359,270,335,100,23,240,352,751,188,205,298,429,805,230,471,218,269,404
"COG3775",525,410,305,329,189,169,360,251,162,527,300,246,587,610,280,289,202,438,446,470,115,397,137,140,147,532,213,141,362,224,66,260,303,291,344,74,156,292,379,297,367,239,330,137,145,266,862,212,266,253,246,336,137,232,386,206,401,92,217,396
"COG3776",0,1,2,1,2,0,2,0,0,0,0,0,2,27,8,5,0,0,2,2,0,2,11,0,0,0,10,0,0,0,6,0,44,0,0,1,0,2,1,0,2,1,4,0,0,0,0,0,0,2,6,0,1,0,10,0,4,0,0,6
"COG3778",1,0,1,0,0,3,5,1,11,0,5,1,5,1,11,2,3,2,0,8,11,6,0,0,5,0,1,4,0,1,0,1,0,0,0,2,0,68,0,7,1,2,1,0,5,0,0,0,0,3,7,3,1,0,0,0,1,0,0,1
"COG3779",0,0,11,1,1,0,2,0,0,0,0,0,3,0,2,3,1,0,0,0,0,1,6,0,0,0,15,0,0,0,3,2,89,0,0,0,0,0,1,0,1,1,2,0,0,0,0,0,0,1,0,0,4,0,6,0,1,0,0,0
"COG3781",3,0,6,4,0,0,4,0,0,2,0,1,5,48,14,5,0,0,5,7,1,6,36,5,1,0,12,0,0,0,18,5,107,0,5,9,2,3,0,2,5,3,10,3,1,1,0,0,0,5,10,1,1,0,17,0,6,0,8,10
"COG3783",2,2,11,2,2,0,2,0,0,4,0,0,1,34,6,3,0,0,15,6,1,1,17,1,0,0,8,0,0,0,5,3,65,0,0,6,1,3,0,1,1,5,4,1,0,1,0,0,1,4,2,1,1,0,19,0,3,0,1,3
"COG3784",3,2,9,2,1,1,1,0,0,0,0,1,2,20,7,0,0,0,11,5,0,2,19,0,0,0,13,0,1,0,4,5,88,0,1,1,0,2,0,3,3,4,6,0,0,0,0,0,0,5,5,0,0,0,19,2,7,0,1,10
"COG3785",0,1,8,2,0,0,3,1,1,0,1,0,3,20,5,3,0,0,8,6,1,1,18,1,0,0,9,0,0,0,12,6,72,0,5,3,1,5,1,2,2,2,8,3,0,2,0,0,0,3,4,2,1,0,15,0,10,0,1,5
"COG3786",3,2,6,9,4,9,7,17,21,3,8,23,0,6,9,8,16,21,25,7,62,26,42,83,14,9,5,31,2,7,25,5,38,53,3,28,20,61,27,3,4,16,16,15,3,23,21,6,2,31,17,10,33,16,1,16,6,13,9,0
"COG3787",1,5,11,0,3,1,9,2,12,7,14,7,10,29,7,7,0,1,13,3,2,1,37,1,7,0,16,12,0,3,16,13,88,2,2,5,10,2,5,14,1,8,7,5,17,1,0,9,1,3,14,7,15,3,14,0,15,2,25,10
"COG3788",2,4,4,2,3,0,3,0,0,0,1,0,4,30,7,8,0,0,14,5,1,0,27,2,0,1,20,0,0,1,21,5,84,0,6,6,1,7,0,3,1,6,10,4,0,0,1,0,0,6,11,2,1,0,18,0,7,0,1,9
"COG3789",2,2,4,3,1,0,3,0,0,1,1,1,5,0,14,7,0,1,19,5,0,2,19,0,0,0,13,0,0,0,9,7,86,0,3,0,0,7,1,1,3,13,1,1,0,0,1,0,0,8,0,1,4,0,26,0,12,0,0,12
"COG3790",4,0,5,1,1,0,2,0,0,1,0,1,3,39,5,2,0,3,8,4,0,2,10,1,0,0,4,0,0,0,9,4,51,1,2,5,1,2,0,3,1,2,3,3,0,1,0,0,0,3,6,2,0,0,10,1,4,1,0,5
"COG3791",2,1,0,0,0,0,2,0,0,0,0,0,0,21,0,0,0,2,0,1,3,0,6,0,0,0,0,0,0,0,2,0,0,0,0,3,1,0,0,0,0,0,0,3,0,2,1,0,1,1,8,0,0,1,0,0,0,0,0,0
"COG3793",2,0,0,0,0,0,1,0,0,0,0,0,0,54,0,0,0,0,0,0,0,0,0,0,0,0,0,0,0,0,6,2,0,0,0,0,1,0,0,0,1,0,5,0,0,1,0,0,0,2,11,0,0,0,0,0,0,0,0,0
"COG3794",1,2,0,0,0,0,0,0,0,0,0,0,1,0,0,0,1,8,0,0,0,0,0,0,0,1,0,0,1,0,0,0,0,1,0,1,0,1,0,0,0,0,0,0,0,0,0,0,0,0,0,0,0,0,0,0,0,0,0,0
"COG3797",2,2,0,7,1,15,5,1,0,2,4,7,1,2,7,3,6,4,8,3,0,1,0,3,1,4,0,3,2,0,34,8,32,2,1,2,4,8,0,4,3,1,1,1,1,10,1,0,1,9,3,1,1,3,16,4,1,0,5,1
"COG3799",19,0,3,3,4,8,4,3,2,8,70,20,32,19,16,46,3,5,56,17,0,7,6,8,4,1,0,4,1,2,39,28,3,3,3,0,1,10,5,0,10,9,27,3,31,3,0,2,2,3,12,0,16,4,2,0,11,2,5,16
"COG3804",13,6,43,12,22,122,20,27,48,3,42,108,8,15,59,31,48,38,39,18,5,55,6,18,222,12,3,71,7,11,218,29,76,49,16,44,20,12,12,15,20,28,21,8,8,31,37,6,12,21,20,6,19,71,28,28,4,17,31,3
"COG3808",741,394,651,456,400,385,524,347,474,425,654,492,242,455,436,573,243,395,544,1085,537,749,394,353,343,110,371,295,667,334,491,530,203,371,581,226,500,502,337,463,711,491,588,316,620,152,97,639,591,485,335,801,277,274,150,590,631,389,777,594
"COG3811",1,2,1,0,0,0,0,0,1,0,0,0,0,12,2,4,2,0,2,5,0,1,4,4,2,0,0,0,0,0,1,1,2,0,0,0,1,0,0,3,3,1,2,2,0,2,2,0,0,4,2,2,0,0,7,1,3,0,0,0
"COG3815",0,2,1,4,6,3,2,0,11,1,9,6,1,1,1,2,0,2,10,3,8,7,0,3,55,0,0,2,0,1,9,7,0,1,3,3,4,8,0,5,8,4,10,2,1,14,8,11,2,1,7,0,1,4,1,0,3,2,4,1
"COG3817",25,5,25,16,2,19,8,5,18,13,51,12,18,76,15,36,58,38,42,7,4,48,5,16,10,12,20,11,9,12,10,30,9,11,6,71,12,80,7,9,21,15,23,6,18,52,25,9,43,5,24,22,5,9,166,4,21,9,8,4
"COG3819",24,0,11,10,7,7,4,6,10,7,50,14,9,54,9,17,39,30,33,2,2,39,1,6,9,10,13,2,6,5,5,24,7,9,5,45,7,61,3,7,18,13,28,10,18,36,29,9,30,1,17,12,2,2,113,4,20,4,3,6
"COG3822",17,18,51,45,16,97,34,29,22,23,24,70,27,25,29,39,41,14,40,29,50,37,38,13,43,3,16,50,75,29,123,96,28,14,67,12,93,6,47,35,42,43,5,12,45,23,2,43,48,30,20,41,41,22,66,24,20,29,37,42
"COG3823",5,4,10,0,2,10,40,10,29,17,37,34,9,2,0,15,0,4,0,0,12,1,23,1,24,0,1,18,1,14,13,15,0,6,3,1,34,0,13,22,13,0,0,5,38,0,0,14,7,0,10,31,56,8,0,6,6,4,43,0
"COG3824",0,0,3,0,0,2,4,0,0,1,0,0,0,1,0,0,0,0,0,1,0,0,0,0,0,1,0,0,0,0,0,0,0,0,0,26,0,0,0,0,0,2,0,0,0,0,0,0,0,0,0,0,0,1,0,0,0,0,5,0
"COG3825",5,0,7,3,8,26,6,18,13,3,5,21,3,7,0,4,9,4,3,5,7,8,14,9,19,5,10,12,0,14,23,4,36,7,17,0,25,1,6,10,6,16,0,14,8,5,2,17,19,1,42,13,10,7,1,10,2,18,12,12
"COG3828",0,0,1,0,2,4,0,0,0,0,0,0,0,0,0,2,0,0,1,0,0,0,3,0,4,0,0,0,0,2,14,1,12,1,1,0,1,2,3,1,3,1,0,0,1,1,0,0,0,0,0,0,3,1,1,1,0,3,1,0
"COG3829",202,212,270,273,653,123,258,250,229,217,487,266,265,217,602,523,251,165,1556,85,213,405,221,260,258,145,242,135,335,161,447,414,1519,114,285,331,342,231,99,347,632,624,605,76,240,242,1128,144,226,401,660,195,229,148,214,150,160,135,271,168
"COG3830",302,387,282,336,269,239,377,232,315,403,408,336,224,287,311,252,207,152,248,205,231,394,206,239,252,133,232,239,272,235,214,324,34,314,355,133,347,163,276,297,361,259,332,206,385,186,155,328,329,240,244,383,256,303,174,301,402,326,356,355
"COG3831",25,42,74,170,33,6,44,17,19,16,44,12,32,44,107,83,0,1,345,26,45,33,69,45,13,2,87,20,4,18,73,81,207,17,32,4,31,10,2,21,50,136,136,6,33,15,1,29,10,132,14,51,9,3,17,30,70,5,58,150
"COG3832",0,1,0,0,0,0,1,0,0,0,0,0,0,33,0,0,0,0,0,1,1,0,10,0,0,0,1,0,0,0,0,0,0,0,0,1,0,0,0,0,0,0,0,3,0,0,0,0,0,1,11,1,0,0,0,0,0,0,0,0
"COG3833",111,75,133,30,64,406,88,273,147,53,95,75,15,165,45,108,233,182,22,29,137,41,226,169,56,136,176,376,62,229,152,111,215,219,40,346,92,397,124,97,24,226,17,86,103,404,247,184,149,79,101,93,78,105,308,162,39,279,38,95
"COG3835",17,24,95,40,37,58,51,49,31,24,57,35,12,134,66,41,95,42,213,23,66,36,65,127,35,29,57,73,15,75,65,53,372,50,48,165,56,270,24,42,54,76,49,33,64,21,39,40,96,140,81,20,22,11,40,71,31,33,14,25
"COG3836",18,12,40,36,32,15,77,27,37,25,73,92,21,135,43,26,26,8,154,20,41,25,66,5,49,17,60,14,5,31,42,26,225,17,24,95,37,8,10,45,60,41,55,35,39,12,8,12,36,31,100,24,101,23,21,6,21,15,62,27
"COG3837",0,1,0,3,0,0,0,3,1,0,0,4,2,33,11,2,0,0,5,0,10,0,33,1,4,1,0,4,0,3,11,10,14,3,0,6,34,0,11,1,2,2,0,6,12,1,0,2,6,3,18,1,9,5,1,9,0,1,0,6
"COG3839",240,169,356,242,463,905,316,508,441,131,440,449,209,618,313,408,591,454,420,166,372,369,677,636,265,321,464,747,171,599,638,253,961,552,286,1134,336,744,305,375,249,383,259,378,360,547,463,373,472,297,451,292,505,430,973,399,272,650,336,154
"COG3840",1,3,6,3,0,0,2,1,0,1,0,1,3,32,7,1,2,6,4,10,0,1,20,1,0,1,17,0,2,0,11,6,93,2,2,9,0,7,3,1,3,4,7,7,0,0,0,1,2,3,9,1,0,0,17,0,8,0,1,3
"COG3842",596,551,607,542,623,694,530,642,662,719,627,574,715,837,728,558,714,557,899,207,578,751,590,743,305,636,647,586,666,678,639,609,921,611,640,792,542,775,597,622,625,603,578,717,604,611,466,639,620,599,725,656,548,593,574,367,646,629,636,496
"COG3843",381,320,521,227,1238,1597,565,1053,823,128,674,1090,112,351,152,818,789,852,351,197,897,498,918,1489,848,621,711,1160,353,1040,1372,649,226,866,415,995,879,414,596,469,217,903,186,319,483,1353,748,670,804,325,1065,457,1130,525,355,521,541,1105,504,255
"COG3845",116,99,270,128,629,660,328,322,409,83,255,579,76,116,184,196,463,277,307,57,246,354,345,356,281,175,257,528,105,528,766,215,559,306,271,497,352,401,302,226,154,267,179,168,194,378,264,283,401,249,653,308,579,281,246,304,224,472,385,134
"COG3846",0,0,2,10,0,1,0,15,0,1,12,1,8,0,13,0,0,3,0,7,7,1,0,0,1,2,0,2,85,1,20,2,0,0,0,0,6,0,7,2,0,7,0,51,1,4,90,0,7,1,36,0,8,0,4,2,6,1,7,0
"COG3848",77,26,59,39,396,163,146,171,139,23,95,127,15,45,10,69,114,103,40,19,106,40,133,285,65,73,183,78,53,141,46,69,2,107,97,193,61,218,105,42,31,54,3,26,42,169,42,88,118,9,98,152,135,162,227,118,122,146,98,46
"COG3850",8,18,80,6,21,3,35,13,29,15,14,1,62,66,59,42,22,17,40,38,21,17,100,10,15,9,79,15,3,12,68,51,452,43,23,31,22,141,12,38,35,24,30,19,15,8,5,3,1,33,17,12,44,7,63,8,40,1,23,44
"COG3851",21,37,15,0,14,26,7,3,4,0,4,7,12,71,14,25,7,25,9,16,8,16,65,42,13,0,77,46,16,4,68,24,187,31,8,15,2,5,8,9,16,10,18,14,2,8,0,37,3,8,22,24,35,3,23,7,21,2,11,38
"COG3852",5,10,56,60,7,7,12,8,14,6,9,2,25,56,63,80,2,2,53,28,15,17,24,59,12,1,66,8,1,1,12,66,173,33,30,17,32,95,3,17,49,169,109,125,13,2,3,0,0,156,18,40,11,4,24,7,16,0,34,37
"COG3853",54,57,161,57,316,259,184,137,110,47,51,172,32,82,34,77,295,135,21,21,105,60,201,199,127,102,143,231,134,169,262,118,100,147,93,355,126,79,107,100,42,92,43,54,70,324,285,100,148,32,74,103,176,120,113,88,110,175,112,29
"COG3854",77,66,165,30,249,290,93,194,195,37,114,266,17,78,55,82,253,133,36,25,178,105,208,246,245,102,160,260,49,191,261,58,73,211,83,276,149,223,131,94,36,129,37,97,100,250,90,166,202,62,229,102,229,206,84,151,86,236,116,63
"COG3855",615,486,554,489,562,413,556,506,502,651,601,530,717,426,515,505,486,543,431,686,493,604,401,517,263,768,447,434,686,473,487,532,203,560,737,473,637,372,700,786,687,611,629,713,684,651,782,618,717,507,514,707,524,623,190,663,715,648,605,556
"COG3856",3,19,7,3,7,32,36,21,6,8,4,21,0,5,2,4,2,14,3,5,3,5,3,4,73,3,2,18,48,4,55,11,1,13,2,49,3,24,12,5,4,10,2,2,3,11,108,0,2,0,12,2,4,17,98,0,2,0,15,1
"COG3857",184,286,531,135,743,920,348,809,669,201,337,819,107,225,210,337,877,645,131,99,647,295,671,787,820,428,425,935,392,604,876,209,178,714,171,792,414,1367,351,265,113,355,102,337,258,738,1079,434,476,141,650,259,620,513,751,494,173,650,295,133
"COG3858",103,124,233,99,191,413,112,248,236,84,207,270,38,87,155,199,534,336,156,32,161,125,238,375,413,172,180,418,117,216,343,101,343,298,46,319,190,472,129,189,63,233,127,127,161,612,217,192,310,200,203,119,164,189,262,207,38,297,76,95
"COG3859",34,41,108,38,131,233,79,132,79,27,68,92,11,44,45,47,120,69,22,10,80,34,110,137,70,58,105,154,56,143,175,57,44,103,75,155,72,161,110,43,26,111,11,48,44,114,81,82,154,45,177,91,149,84,164,76,81,135,81,41
"COG3860",2,0,12,5,1,0,2,0,2,0,2,0,2,1,1,1,0,0,3,0,1,0,0,0,1,0,1,0,0,0,10,1,2,0,1,2,2,1,0,3,2,8,0,0,0,0,1,0,0,1,2,0,1,0,16,0,0,0,1,0
"COG3862",62,29,46,27,104,80,47,58,56,21,76,53,21,36,44,68,118,52,60,22,58,59,54,82,25,42,62,91,15,124,64,63,62,71,37,85,48,28,67,47,38,46,23,24,36,106,47,53,75,25,265,72,81,66,20,42,34,68,37,38
"COG3863",3,1,5,1,5,1,1,2,0,0,0,0,0,0,0,0,11,20,0,0,0,0,0,0,1,1,1,0,1,4,0,0,0,2,0,9,0,0,0,0,0,0,0,0,0,3,0,0,0,0,1,1,0,1,3,0,0,0,1,0
"COG3864",5,2,30,2,2,12,26,1,18,6,7,17,3,20,9,17,9,25,2,0,8,12,6,4,165,7,3,3,9,66,44,12,0,11,2,46,13,103,1,11,3,20,0,7,7,17,17,26,8,17,41,7,28,163,122,8,12,6,29,31
"COG3866",338,33,216,13,138,32,36,135,47,387,91,69,674,6,29,89,118,873,121,1227,91,37,28,60,52,607,15,64,20,315,10,82,0,81,33,64,79,227,35,156,34,101,3,180,131,309,0,81,307,77,39,34,94,489,0,421,35,113,75,44
"COG3867",294,242,140,321,158,531,108,465,212,211,344,125,229,159,94,271,367,418,255,565,139,255,268,187,122,363,204,490,442,353,100,282,2,326,160,101,293,65,337,406,285,572,132,216,200,733,589,394,423,66,193,100,114,263,113,210,177,599,144,342
"COG3868",16,6,2,0,6,41,7,14,16,1,2,13,0,0,0,9,3,20,0,0,9,3,37,2,9,6,4,67,3,66,4,2,0,37,1,0,5,0,15,11,0,28,0,5,13,38,1,35,5,1,11,1,2,11,0,16,0,29,0,17
"COG3869",24,58,84,24,18,81,25,106,61,31,68,97,13,13,35,56,52,39,22,8,60,83,69,50,225,58,37,84,75,72,143,34,45,77,31,42,54,227,112,15,22,80,19,80,29,71,266,18,68,57,186,39,137,78,123,60,27,71,60,17
"COG3870",5,7,19,8,28,35,17,19,33,6,13,30,5,5,16,11,31,23,19,13,21,35,25,8,14,18,21,48,1,28,44,20,12,16,12,45,28,81,7,11,4,19,9,16,11,25,21,14,27,12,80,12,47,21,122,31,11,21,15,6
"COG3871",86,317,123,317,92,45,105,58,115,96,116,76,71,83,216,110,25,7,246,10,117,89,58,146,85,8,132,78,89,46,71,148,21,52,245,7,127,14,42,96,243,111,237,8,106,31,3,88,76,397,41,84,49,30,39,56,115,43,62,176
"COG3872",89,99,245,61,320,348,129,266,224,81,202,238,44,97,94,130,298,216,100,35,237,115,197,255,124,125,176,363,144,261,261,123,110,286,112,302,152,259,168,115,51,206,93,143,146,316,302,205,274,90,352,169,270,222,165,157,134,275,146,79
"COG3874",5,6,29,5,108,97,37,41,53,8,11,77,4,7,1,7,17,50,3,0,39,9,43,35,65,35,37,59,11,50,148,37,0,46,25,44,20,30,54,17,7,38,0,34,15,17,22,35,49,10,43,41,96,46,54,17,30,59,38,6
"COG3875",92,69,110,68,190,121,122,196,122,78,185,151,56,60,126,147,102,82,300,91,101,185,49,78,129,91,95,85,167,133,221,110,248,95,123,42,112,180,71,78,125,69,87,81,84,115,406,72,58,158,290,115,222,90,38,96,131,55,213,75
"COG3876",213,304,400,337,194,200,296,154,255,250,302,286,122,219,311,294,31,22,226,44,206,438,171,181,202,21,192,249,125,174,148,288,0,174,394,14,317,19,185,263,484,398,376,62,401,63,11,419,355,288,225,411,142,74,43,88,403,266,330,425
"COG3877",8,13,14,1,17,7,3,17,28,26,3,24,1,1,10,3,4,7,11,1,9,23,10,4,8,1,75,7,29,16,25,29,0,7,11,1,6,0,13,27,53,31,0,11,34,3,0,14,9,58,2,15,24,2,11,25,31,8,4,49
"COG3878",33,1,21,1,8,48,9,45,10,12,76,12,16,24,24,25,2,8,10,9,19,3,23,59,141,0,2,67,5,33,17,43,1,61,2,2,11,3,10,11,4,12,0,9,22,7,2,11,16,0,9,3,29,25,0,3,9,39,5,1
"COG3879",10,35,42,11,11,116,108,67,7,21,16,117,10,16,8,30,5,32,31,29,11,20,6,13,338,12,2,63,48,22,230,42,0,73,8,212,13,35,28,7,15,25,3,6,5,43,442,4,6,4,38,17,8,69,319,13,8,5,37,15
"COG3880",9,24,29,7,12,31,10,61,35,14,21,56,5,2,15,27,16,25,35,3,39,23,32,26,76,22,10,31,34,30,122,25,24,46,12,32,37,130,71,13,9,52,12,46,22,34,170,16,62,42,139,21,65,34,75,29,13,39,25,14
"COG3881",0,0,1,0,0,0,0,17,0,6,0,0,3,0,0,0,0,0,0,0,0,0,0,0,0,2,0,0,2,0,0,0,0,0,0,1,0,0,0,0,0,0,0,0,0,0,99,0,0,0,0,0,0,0,2,0,0,0,0,0
"COG3882",5,55,26,39,39,135,57,68,153,16,34,49,25,25,23,58,21,35,7,196,137,162,67,59,71,49,86,223,4,113,51,382,41,54,167,1,48,3,52,64,47,262,37,168,107,23,1,138,390,198,41,39,47,57,51,153,43,124,40,113
"COG3883",6,4,58,28,33,124,33,67,46,3,31,114,3,30,8,18,41,58,20,8,15,9,35,11,264,31,11,143,7,30,298,21,5,46,12,73,19,175,58,29,7,14,4,62,8,134,12,20,60,8,130,26,135,140,43,42,15,36,36,7
"COG3884",333,283,312,302,285,368,294,346,330,284,273,277,248,245,426,269,371,278,207,313,280,262,259,347,339,255,295,267,395,284,260,301,83,365,285,385,323,385,314,318,262,304,272,370,363,304,89,300,329,301,193,231,247,348,323,360,351,278,261,230
"COG3885",2,4,11,4,4,0,19,6,13,11,10,3,1,1,5,16,3,22,38,0,7,6,1,4,30,24,3,0,3,2,9,5,59,13,20,17,20,7,1,3,21,6,7,5,0,0,1,1,1,24,63,2,53,10,5,1,7,1,6,0
"COG3886",295,149,286,71,80,86,337,307,134,345,315,76,163,133,185,261,441,486,207,146,133,56,59,160,83,122,98,93,377,291,191,193,122,340,69,623,81,161,79,252,118,176,37,596,136,288,722,80,251,151,222,114,279,331,610,726,57,128,101,15
"COG3887",183,228,419,134,602,746,260,576,491,188,297,570,94,209,176,294,863,497,111,86,373,241,419,675,707,377,375,677,388,505,757,198,241,562,155,881,286,813,351,236,112,337,132,228,244,756,992,397,472,181,609,267,505,600,674,386,191,605,246,146
"COG3892",3,10,2,1,1,0,10,1,3,1,0,1,2,77,2,5,4,5,0,7,4,0,32,0,0,1,0,0,3,1,29,3,0,4,0,6,1,3,4,3,3,7,9,4,1,2,2,1,0,3,32,4,4,1,0,3,0,0,0,0
"COG3893",21,20,39,20,18,68,68,27,63,32,66,60,30,9,53,69,0,4,4,2,57,8,43,3,36,1,4,37,0,70,102,90,0,17,23,0,110,2,24,24,79,0,28,50,135,6,0,17,8,24,24,40,90,8,30,19,24,227,84,34
"COG3894",34,137,98,37,142,345,161,123,129,16,60,153,6,60,17,83,383,143,13,22,116,38,183,114,109,98,63,157,42,197,157,49,3,133,23,241,106,115,66,83,20,124,43,54,47,286,45,141,120,34,124,38,135,159,127,72,24,130,105,34
"COG3895",0,0,5,1,0,0,1,0,0,0,0,0,1,25,3,5,0,0,6,4,2,1,12,0,0,0,11,0,0,0,5,0,39,1,1,2,0,3,0,0,0,4,0,1,0,1,0,1,0,1,4,2,1,0,4,0,1,0,1,7
"COG3896",0,0,0,0,0,7,0,0,0,0,0,11,0,0,0,0,1,0,0,0,0,0,22,0,0,0,0,0,0,0,4,0,0,1,0,0,0,1,23,0,0,0,0,7,1,0,0,21,0,0,0,3,6,1,0,0,0,0,0,0
"COG3899",3,1,16,46,6,5,20,15,9,1,11,7,6,2,1,5,9,6,135,0,1,10,1,3,21,7,4,7,1,7,1,2,198,5,3,1,37,18,9,11,7,8,3,12,3,16,0,5,5,8,84,13,34,7,5,3,4,8,2,13
"COG3901",1,2,3,0,2,13,15,24,3,0,4,5,0,3,0,1,12,15,0,0,1,1,5,4,2,11,2,9,0,44,59,0,0,1,8,28,5,29,3,3,0,0,0,7,0,0,0,6,5,5,90,3,4,17,36,3,3,24,4,11
"COG3903",0,0,0,0,0,0,0,0,0,0,0,0,2,0,0,0,0,0,0,0,0,0,0,0,0,0,0,0,0,0,0,0,0,0,0,0,2,0,0,0,0,0,2,0,0,4,0,0,0,5,0,0,0,0,0,0,0,0,0,0
"COG3906",5,1,4,1,1,0,1,2,2,0,0,2,1,7,1,0,19,16,3,0,0,2,0,2,1,1,2,1,0,1,2,0,0,1,0,35,1,45,0,4,0,1,0,0,1,0,4,1,2,0,1,2,0,1,73,3,0,3,1,0
"COG3907",1,0,0,0,0,1,1,0,3,0,0,0,0,2,0,0,0,0,0,5,2,9,0,0,5,0,0,0,0,0,0,0,0,6,0,10,24,0,0,0,0,0,0,0,2,0,0,0,0,2,0,0,0,1,0,0,0,0,2,3
"COG3910",53,39,93,30,166,161,85,149,67,12,47,62,16,32,51,89,109,84,13,121,68,25,42,146,161,89,75,143,36,146,184,55,28,115,69,206,56,12,48,70,23,57,11,29,55,134,42,83,77,30,98,56,74,71,53,124,89,105,62,81
"COG3911",0,2,0,0,0,0,5,5,4,1,0,2,0,33,0,6,0,0,0,0,4,1,1,0,4,0,0,2,0,0,11,1,0,0,0,0,4,0,1,0,7,0,0,0,2,0,0,1,0,0,0,0,6,1,0,0,0,3,9,0
"COG3915",3,0,0,0,0,0,1,0,0,0,0,0,0,33,2,1,0,0,1,2,1,0,9,0,0,0,0,0,0,0,0,2,0,0,0,8,3,0,0,0,0,0,0,7,0,0,0,0,0,0,2,0,0,0,0,0,0,0,0,0
"COG3919",54,103,127,56,65,125,135,81,41,57,25,128,10,62,114,42,48,367,38,5,69,20,45,4,104,27,87,48,11,114,96,120,4,28,32,190,181,6,148,45,107,248,220,133,104,9,3,121,197,6,300,79,231,186,264,16,92,51,93,69
"COG3920",33,46,32,29,25,15,76,50,18,35,37,32,32,32,25,41,12,16,94,24,2,55,4,17,38,33,4,6,98,8,25,30,16,17,12,160,13,77,32,16,53,67,9,31,18,66,515,2,9,57,59,13,70,21,250,11,12,2,57,4
"COG3921",1,0,0,0,0,0,1,0,0,1,0,0,0,25,2,0,0,0,0,1,1,0,14,0,0,0,0,0,0,0,0,0,0,0,0,3,1,0,0,0,0,0,0,1,0,0,0,0,0,1,13,0,0,0,0,0,0,0,0,0
"COG3923",2,1,6,4,0,0,0,0,1,1,0,0,3,20,9,7,0,8,4,7,0,2,25,1,0,1,18,0,1,0,11,4,76,0,3,6,0,6,1,2,5,3,6,1,0,1,0,0,0,3,6,1,0,0,13,0,3,0,1,7
"COG3924",2,1,2,1,0,0,3,0,0,0,0,0,2,21,9,3,2,0,7,3,0,0,16,0,0,0,5,0,0,0,7,4,43,0,6,5,0,2,0,1,1,2,1,1,0,0,0,0,0,1,2,0,1,1,14,0,2,0,0,6
"COG3925",3,3,15,1,2,0,6,0,0,3,2,0,13,10,12,13,2,0,13,13,0,2,30,4,1,0,44,0,2,0,19,9,148,1,3,6,0,12,1,6,4,4,12,2,0,0,0,1,2,1,6,1,2,0,23,1,12,0,6,14
"COG3926",56,25,61,13,30,32,25,28,10,16,29,17,3,8,11,64,3,27,8,7,20,476,16,5,36,1,87,75,4,37,33,312,3,74,13,1,60,4,174,28,99,67,42,16,50,4,10,64,42,4,4,23,19,203,15,96,27,15,84,163
"COG3933",46,279,27,141,73,34,52,358,18,202,74,46,109,365,90,171,471,125,135,56,19,125,72,81,64,137,127,137,630,45,56,26,144,102,41,289,66,544,98,105,39,62,64,40,37,446,2133,27,50,51,148,78,32,26,134,128,35,35,37,8
"COG3934",1,0,15,0,11,5,19,4,40,2,0,19,0,3,0,0,1,3,0,1,90,0,10,0,5,7,1,13,0,3,13,0,0,3,21,1,62,0,5,2,1,20,0,5,4,0,0,35,2,0,20,1,4,7,0,178,24,46,34,6
"COG3935",76,76,202,55,274,261,105,215,185,46,111,266,9,77,80,100,397,235,36,57,183,97,202,249,297,126,128,287,52,205,323,71,135,271,65,434,197,301,101,106,65,153,61,118,101,364,99,194,235,108,229,103,233,278,295,151,36,281,98,62
"COG3936",8,3,22,24,8,29,52,147,3,5,3,19,32,7,16,59,42,70,0,7,5,1,19,8,101,1,110,60,5,4,72,24,0,13,20,15,1,3,23,26,1,0,0,19,46,0,0,5,82,2,1,4,22,48,36,27,15,22,23,0
"COG3937",4,5,4,12,10,6,8,0,5,2,4,10,0,11,5,7,21,15,11,3,4,3,12,11,15,11,6,8,6,8,23,3,22,4,4,49,12,14,2,6,5,4,6,4,4,15,15,3,6,2,4,5,1,3,46,2,1,6,6,2
"COG3938",17,9,9,11,13,8,28,10,33,8,4,6,5,65,11,28,23,3,6,0,9,1,25,11,18,8,6,7,0,11,43,13,40,5,3,9,12,22,4,8,10,17,23,8,7,19,15,4,14,2,52,7,13,12,1,7,6,18,2,5
"COG3940",63,295,335,732,131,150,299,246,253,167,299,140,59,193,530,276,80,54,370,30,200,168,161,252,217,109,369,159,41,163,151,523,15,180,435,273,317,133,134,192,318,805,510,37,141,351,601,186,310,654,149,290,153,73,178,139,267,128,325,497
"COG3941",13,12,0,0,2,12,66,10,0,0,17,11,1,9,1,16,24,2,0,972,0,0,6,5,0,3,4,3,0,5,9,8,0,14,31,1,38,4,1,25,19,3,16,6,42,6,0,26,18,37,0,23,29,3,0,11,30,10,4,32
"COG3942",3,1,12,0,1,13,62,6,1,2,1,2,0,4,2,2,38,82,6,29,7,6,2,6,1,37,2,2,0,1,2,7,0,1,1,230,11,6,1,2,0,15,0,5,3,19,225,0,29,1,25,8,50,29,179,13,2,8,48,4
"COG3943",1082,586,448,772,578,696,693,666,555,1007,596,1194,766,771,525,653,544,810,487,1102,743,439,624,455,661,702,405,585,1002,591,605,635,82,546,662,328,654,409,961,809,517,484,663,717,913,416,106,508,716,780,304,472,669,811,245,1120,866,753,718,527
"COG3944",47,68,174,56,308,334,207,275,200,64,126,263,18,90,62,93,403,206,105,21,155,113,147,240,543,216,158,237,54,225,291,88,193,217,62,626,174,425,172,103,49,228,47,130,102,336,477,124,161,91,377,90,247,260,537,153,54,240,136,48
"COG3945",1,21,10,2,1,0,11,16,0,4,4,0,2,0,0,7,0,0,21,0,0,0,0,2,0,1,0,0,34,0,0,2,4,0,0,6,0,3,6,0,5,1,0,0,0,17,97,0,0,1,5,0,1,0,7,0,7,0,9,0
"COG3947",21,7,11,10,35,22,24,33,33,16,32,20,2,8,19,4,23,25,10,4,53,7,38,12,38,8,15,21,3,27,52,43,47,15,20,20,53,4,29,24,22,35,0,20,23,16,0,20,42,4,148,28,35,12,2,2,22,40,38,21
"COG3948",13,1,42,15,182,24,22,57,28,15,17,43,27,84,36,68,16,11,18,40,117,50,57,5,28,7,117,24,6,9,94,19,44,55,29,3,91,15,32,53,27,47,44,27,26,1,5,26,38,6,40,51,39,42,1,50,28,55,24,13
"COG3949",31,13,127,16,73,62,14,52,42,11,23,117,7,27,62,29,47,62,94,17,18,30,25,18,122,22,43,32,14,40,161,40,110,42,25,187,48,37,21,26,21,186,18,32,23,147,88,46,49,112,61,23,49,89,52,17,48,37,72,14
"COG3950",857,985,371,304,518,217,261,395,313,471,288,245,311,629,494,502,302,821,296,88,296,365,157,742,268,267,469,243,498,193,90,303,8,242,405,464,245,284,396,552,397,443,701,80,307,239,141,375,259,512,157,384,283,374,109,830,445,207,225,429
"COG3951",4,8,21,0,8,8,16,2,28,9,10,11,13,3,13,15,3,4,24,10,12,6,22,2,5,0,48,20,2,32,36,21,137,2,2,5,4,6,15,75,8,14,13,124,15,1,2,9,10,8,3,16,30,0,48,3,26,7,22,13
"COG3952",26,5,26,36,2,4,6,5,39,40,19,21,2,12,33,40,11,2,24,1,20,31,2,21,2,1,15,7,10,11,6,23,0,2,36,1,7,2,3,32,34,146,36,14,36,2,0,1,13,79,0,13,23,5,0,2,37,17,10,9
"COG3953",0,0,0,0,0,0,0,0,0,0,0,0,0,0,0,0,3,2,0,0,0,0,0,0,0,2,0,0,0,0,0,0,0,2,0,0,0,0,1,0,0,0,0,0,1,3,0,0,0,0,0,5,0,0,38,0,0,3,0,0
"COG3954",4,5,10,7,8,0,6,0,2,1,3,0,6,63,16,13,2,1,17,14,1,5,50,5,1,0,34,0,0,0,31,13,230,1,7,10,2,9,0,2,3,14,6,5,2,4,1,1,0,17,13,4,2,0,31,0,17,0,2,16
"COG3955",9,5,4,22,5,3,15,17,30,5,25,14,0,0,0,18,38,25,0,93,16,13,11,1,1,6,0,21,1,31,25,81,0,8,11,10,2,6,11,8,7,26,0,13,28,11,6,4,36,47,4,6,10,132,36,2,59,40,37,19
"COG3956",192,128,192,143,221,148,164,179,112,225,153,156,140,189,83,112,111,151,131,348,116,165,119,140,145,219,123,151,293,198,117,117,30,191,153,118,135,42,233,159,150,118,114,176,164,67,336,162,198,110,340,188,225,152,102,220,245,134,267,150
"COG3957",71,52,101,11,93,83,216,125,241,41,50,179,10,50,43,101,201,154,4,20,114,67,93,172,539,51,98,170,32,97,144,67,8,180,10,339,121,386,71,62,24,176,13,77,89,407,378,125,70,24,175,70,169,219,441,93,25,195,110,34
"COG3958",203,185,172,110,435,574,234,305,390,60,404,426,138,223,96,241,510,278,257,53,335,195,402,348,453,294,295,376,206,367,521,383,378,299,317,521,179,183,250,218,203,379,86,273,233,560,172,320,345,159,529,318,501,395,279,274,316,379,254,237
"COG3959",219,311,170,197,394,534,231,282,471,102,363,487,148,252,215,225,486,261,298,40,322,262,316,297,411,283,313,404,230,375,473,380,407,340,418,426,156,201,220,220,304,287,263,253,204,547,144,336,363,272,577,301,441,355,287,208,377,370,207,210
"COG3960",1,1,10,3,3,0,2,0,0,4,2,0,12,0,16,9,0,0,23,16,0,1,54,1,0,0,28,0,0,0,49,5,143,0,2,0,0,3,1,2,3,14,11,2,0,0,0,0,0,9,11,2,4,0,15,0,17,0,4,17
"COG3961",2,1,0,0,0,0,0,0,0,1,0,0,0,54,0,0,0,0,0,3,0,0,20,0,0,0,0,0,0,0,0,0,0,0,0,4,16,0,0,0,0,0,0,0,0,0,0,0,0,0,14,0,0,0,0,0,0,0,0,0
"COG3962",6,78,24,20,30,18,10,60,14,49,20,22,26,98,1,39,79,26,0,22,11,2,49,15,19,51,29,28,122,42,69,4,2,18,24,53,19,6,25,12,4,1,8,37,12,76,421,6,39,4,230,15,77,30,0,12,7,31,23,19
"COG3963",1,0,0,0,2,0,4,0,0,0,0,0,0,0,0,5,0,0,0,0,0,0,1,0,2,0,0,0,0,0,2,0,0,0,1,0,0,0,0,5,3,3,2,0,3,0,0,0,0,0,9,4,1,0,7,1,1,1,0,0
"COG3964",6,94,51,55,41,7,26,73,23,31,58,32,22,70,110,36,13,9,147,45,42,49,80,18,44,9,10,9,5,45,10,31,93,54,55,18,100,14,10,32,62,16,68,7,72,28,275,39,13,38,114,18,10,13,4,197,21,17,46,115
"COG3965",8,3,16,17,7,37,5,34,23,2,9,16,4,10,18,8,44,39,4,3,16,9,18,4,16,15,7,19,3,22,37,7,2,14,8,22,12,68,3,8,1,19,8,14,8,15,5,24,24,2,17,9,21,80,115,9,2,32,9,12
"COG3966",0,2,16,3,0,16,4,10,3,0,8,0,0,1,0,0,7,16,8,5,2,4,1,0,2,9,1,11,0,3,3,1,1,1,0,111,8,182,0,1,2,14,0,9,1,0,4,17,0,0,60,5,4,4,194,3,2,0,6,5
"COG3967",0,5,0,0,5,0,0,0,1,0,0,0,0,58,0,9,1,0,0,0,0,0,0,0,3,1,0,0,0,6,0,1,0,10,2,0,9,4,0,0,7,0,0,0,2,0,0,0,0,1,0,0,1,1,0,2,0,0,0,0
"COG3968",1517,1123,1308,1128,1099,1235,1131,1216,1279,1471,1326,1209,1982,954,1118,1338,1144,1750,805,2058,1262,1504,1221,1195,799,1749,1146,1240,1298,1301,1164,1161,303,1304,1259,649,1168,718,1381,1287,1486,946,1394,1215,1457,1003,354,1379,1346,922,1084,1574,1186,1230,432,1527,1190,1255,1458,1338
"COG3969",191,557,314,569,276,150,270,124,272,234,322,302,155,436,465,356,37,8,434,75,280,448,261,197,212,31,318,160,213,142,494,449,327,251,580,48,372,63,505,319,722,408,532,47,366,121,19,352,342,715,213,501,236,62,136,171,587,186,275,583
"COG3971",3,5,37,5,10,0,13,2,3,2,2,1,19,68,12,19,1,0,8,12,6,3,53,2,2,1,103,2,0,0,15,29,142,1,5,11,5,2,5,19,14,34,27,3,3,1,1,0,1,4,21,2,10,2,41,0,10,0,1,15
"COG3972",67,6,12,361,14,24,169,21,16,2,64,15,5,10,24,5,44,11,0,6,90,35,11,44,15,817,4,5,6,24,14,22,0,65,0,13,384,4,17,4,12,6,21,35,2,53,597,10,16,21,260,34,62,243,7,107,7,7,19,0
"COG3973",221,377,308,329,314,255,225,311,237,50,209,295,72,152,360,219,320,205,232,45,238,186,256,217,997,118,216,284,109,428,411,239,277,263,278,810,329,1018,162,179,392,303,394,44,163,378,353,225,283,400,263,136,118,343,733,171,205,229,132,322
"COG3975",2,0,25,0,0,4,19,8,27,10,9,0,23,21,17,1,2,7,0,19,20,17,1,1,10,0,1,2,0,0,4,20,0,15,0,0,0,141,3,7,2,0,1,5,11,0,0,0,0,15,2,7,9,4,0,0,4,0,10,2
"COG3976",47,36,42,18,96,37,26,41,58,35,64,27,8,47,47,98,129,54,175,23,54,54,168,45,61,44,18,52,16,76,52,82,1,112,33,177,91,358,28,86,137,41,57,17,29,28,12,45,61,30,33,34,105,17,169,25,25,68,61,14
"COG3977",6,2,21,6,5,0,8,1,6,5,1,11,20,70,23,26,3,0,27,13,5,4,100,6,0,1,61,0,0,0,39,17,329,0,9,13,1,14,47,6,8,18,28,6,0,2,0,0,5,8,14,4,20,5,29,1,27,0,7,28
"COG3978",2,3,2,0,1,0,2,0,1,0,0,0,2,27,3,7,0,0,9,4,1,0,9,0,0,0,5,0,0,0,5,3,42,0,3,3,0,2,0,2,1,2,4,2,0,0,0,0,0,3,5,0,0,0,7,0,4,0,1,4
"COG3979",7,8,45,0,10,82,4,2,8,0,51,8,0,2,18,15,24,71,0,6,4,18,2,5,11,22,14,195,2,0,0,16,0,8,2,27,11,0,3,8,6,0,0,20,46,52,0,5,2,11,6,2,1,5,18,0,7,15,3,0
"COG3980",29,100,73,179,22,70,35,28,57,17,154,114,9,15,65,16,14,78,101,13,80,36,84,19,98,8,47,124,12,85,90,171,0,55,109,8,61,18,62,68,63,118,46,126,74,110,3,118,100,98,63,39,97,29,66,28,25,76,37,72
"COG3981",38,24,29,9,114,74,33,39,44,1,33,57,8,23,22,15,43,43,53,8,16,33,57,111,222,22,68,67,23,25,185,14,58,101,42,98,26,19,21,39,13,22,16,26,31,12,99,46,11,26,10,39,68,61,57,63,74,48,14,22
"COG4001",529,1025,290,0,428,559,353,978,455,368,376,532,382,334,539,565,566,335,262,135,651,462,713,580,484,273,493,574,665,813,572,528,55,459,370,293,563,519,972,531,487,525,773,247,514,905,1076,407,448,908,651,529,855,2,281,914,346,542,442,629
"COG4012",0,1,1,2,4,7,3,1,4,0,1,2,0,1,1,8,0,0,0,0,2,1,1,1,3,0,0,0,0,1,24,1,0,0,0,0,0,0,2,5,2,8,7,0,3,0,1,1,3,0,3,2,2,2,0,2,0,0,1,0
"COG4021",8,1,0,0,6,6,0,120,12,0,0,5,1,3,14,6,31,4,1,0,2,9,2,7,6,1,3,13,1,6,69,0,0,2,1,2,10,1,9,2,1,3,0,24,20,0,26,0,16,0,19,1,1,8,0,1,5,19,4,2
"COG4032",75,29,24,43,17,14,9,12,19,12,32,8,2,9,17,71,89,13,15,0,9,6,13,86,31,6,31,75,2,35,33,19,47,44,94,11,40,6,6,15,8,98,0,5,37,25,7,5,44,32,10,69,4,10,72,9,5,7,31,175
"COG4034",0,0,0,0,0,0,0,0,0,1,0,4,2,0,0,0,1,0,0,0,0,0,0,0,0,0,0,10,0,40,0,0,0,0,14,0,0,0,0,0,0,0,0,1,5,0,0,0,0,0,152,0,8,13,0,0,0,0,0,17
"COG4043",0,0,0,0,0,34,25,13,15,0,4,8,0,0,0,0,4,4,0,0,12,2,4,17,139,1,0,11,0,15,81,3,0,18,0,4,3,8,3,2,0,2,0,1,0,0,0,18,0,7,0,5,3,30,0,15,0,21,5,2
"COG4085",2,1,0,0,21,1,1,0,0,1,12,6,0,0,57,10,1,0,3,0,0,3,3,0,1,4,0,3,0,0,10,0,0,11,0,0,1,0,1,0,10,0,0,1,2,0,0,1,0,0,7,0,0,1,0,7,21,0,21,16
"COG4086",46,28,51,12,48,37,13,29,60,10,30,37,1,28,9,47,159,85,6,23,43,20,44,85,33,54,42,42,15,44,97,26,0,70,5,232,25,31,28,18,15,68,5,29,20,185,52,44,63,25,20,12,24,46,197,28,12,45,25,13
"COG4087",4,2,2,3,3,3,2,1,4,0,2,1,1,4,1,2,9,5,22,0,0,1,1,0,0,5,4,2,1,4,26,2,22,2,4,2,0,18,0,3,0,6,7,0,1,2,0,0,2,4,5,1,2,4,1,2,1,1,1,0
"COG4091",0,41,2,29,5,5,3,2,1,6,3,4,2,4,9,34,1,6,46,2,2,8,3,7,2,16,5,2,136,5,4,5,42,2,4,0,12,5,27,7,9,24,8,2,6,65,343,0,3,37,6,4,1,2,3,4,5,2,5,2
"COG4095",0,1,0,0,0,0,0,0,0,0,0,0,0,1,1,0,0,5,1,1,0,0,0,0,7,1,0,0,0,0,0,2,0,1,0,2,14,0,0,0,0,0,1,0,5,0,0,1,0,0,2,1,1,0,0,0,0,21,1,0
"COG4096",393,873,475,1108,922,385,526,500,736,271,758,568,464,505,660,654,257,360,757,614,422,466,720,711,455,1205,700,479,755,269,475,372,14,821,484,1452,306,211,447,115,686,201,774,726,487,650,1051,419,376,546,317,595,516,477,262,675,721,480,488,324
"COG4097",0,0,15,0,0,2,0,0,19,7,3,0,3,13,26,0,0,13,8,4,17,0,0,0,0,2,0,0,0,1,0,20,1,0,0,3,0,126,0,0,2,9,4,0,0,0,3,0,0,12,2,8,0,5,165,3,0,0,12,0
"COG4098",4,5,1,4,1,4,0,3,1,0,1,0,1,12,6,2,27,38,7,7,1,0,0,5,2,5,7,5,4,2,5,7,1,2,0,98,3,190,1,5,0,6,1,6,0,3,13,2,9,2,1,1,3,4,187,7,3,3,2,1
"COG4099",88,115,89,169,69,85,84,127,87,262,89,88,197,94,78,85,95,234,67,294,128,91,46,30,84,246,90,42,66,130,62,150,7,52,114,101,118,82,148,165,110,105,133,74,72,62,27,96,148,80,105,49,143,154,88,131,93,48,138,216
"COG4100",83,104,193,70,275,430,144,283,277,67,171,327,43,97,94,145,322,246,84,37,244,124,228,323,510,159,192,434,186,321,475,110,105,293,85,425,168,380,178,134,56,201,48,165,109,393,339,186,276,88,334,157,280,344,481,230,121,317,148,88
"COG4104",3,11,29,156,11,1,2,11,2,5,4,4,1,7,16,51,2,2,11,0,5,7,3,0,1,1,12,8,0,2,7,10,0,6,8,0,18,2,2,2,20,69,15,3,9,2,1,2,25,13,1,2,1,0,33,0,12,6,6,18
"COG4105",7,3,32,6,6,3,17,5,35,15,14,3,19,61,21,27,9,12,16,17,17,10,38,4,14,5,27,2,3,12,21,33,167,11,15,17,21,63,3,18,7,12,16,106,8,0,0,3,0,20,19,10,29,6,26,3,17,8,18,20
"COG4106",2,1,6,11,10,10,16,1,1,1,3,2,5,41,8,9,0,3,7,5,4,6,24,1,1,1,10,6,0,0,6,2,53,18,9,17,1,0,1,7,3,13,7,5,1,0,2,0,11,2,7,13,2,2,6,1,5,0,9,4
"COG4107",0,1,25,8,20,0,3,5,0,4,9,10,18,29,13,36,1,2,12,13,9,7,20,5,2,1,23,1,3,6,65,34,87,1,8,8,7,3,1,2,14,1,8,4,6,5,2,3,0,2,40,8,6,3,8,5,9,1,16,21
"COG4108",641,399,554,333,624,635,579,618,667,698,538,537,625,526,327,464,638,636,348,762,640,449,607,648,324,782,491,495,711,649,417,500,387,600,485,600,529,838,673,625,375,499,292,767,632,485,608,581,469,336,481,539,638,666,719,583,499,712,621,480
"COG4109",0,1,0,0,1,0,7,0,23,0,0,0,0,1,1,0,9,9,5,10,1,0,0,1,1,14,0,1,0,0,2,0,1,0,0,3,0,2,0,1,0,3,0,4,0,0,3,0,0,0,7,0,0,2,8,2,0,2,1,0
"COG4110",178,1,0,0,1,20,2,1,1,4,1,2,1,94,0,12,0,33,0,0,0,0,0,0,1,0,0,1,0,0,0,0,0,1,1,0,6,0,0,1,7,0,0,1,1,2,0,0,5,4,19,1,49,0,0,44,0,0,0,0
"COG4112",0,0,0,0,0,0,0,0,0,0,0,3,0,0,1,0,0,0,0,0,0,0,24,0,0,0,0,0,0,0,10,0,0,1,0,0,0,0,14,0,0,0,0,1,0,0,0,0,1,0,0,1,5,4,0,0,0,0,6,0
"COG4114",3,0,14,3,2,0,6,0,0,0,0,1,9,30,6,3,1,0,10,11,2,0,33,1,0,0,37,0,0,0,20,13,174,0,3,7,0,10,0,3,2,7,6,6,0,1,0,0,1,7,6,1,0,1,11,0,13,0,4,7
"COG4115",38,126,91,379,103,113,239,54,83,88,189,213,39,177,56,116,136,23,22,78,25,71,73,38,152,53,20,105,69,128,134,157,50,168,489,41,138,4,83,216,7,44,14,26,89,72,85,242,161,198,109,369,58,65,76,70,121,140,57,242
"COG4116",3,3,2,3,10,6,1,9,3,0,2,1,0,4,7,1,29,22,6,2,4,2,0,2,5,10,4,7,1,4,10,2,2,4,0,66,2,1,0,7,0,1,0,3,0,7,12,6,12,2,2,3,3,5,126,6,1,9,0,0
"COG4117",0,0,13,1,1,1,5,0,0,0,0,0,4,0,7,8,0,0,18,5,0,1,27,1,0,0,25,0,0,0,14,7,119,0,4,0,0,4,0,8,1,5,10,0,0,1,0,0,1,5,0,1,0,1,22,0,10,0,1,13
"COG4120",171,103,193,71,535,405,175,278,334,71,288,226,99,155,103,218,408,284,183,93,253,189,354,443,153,269,340,399,101,376,266,174,128,272,188,395,235,282,222,186,135,243,89,153,175,469,252,258,264,83,447,231,389,260,326,180,222,401,196,106
"COG4121",125,131,175,97,92,68,134,70,126,158,99,90,82,170,113,197,28,7,111,36,97,203,109,81,68,8,127,77,57,48,120,161,191,90,184,31,112,25,67,130,180,162,126,23,145,26,8,155,129,95,91,174,63,30,111,35,239,54,149,189
"COG4122",365,295,252,248,166,223,331,246,240,282,289,301,163,291,287,326,227,357,227,448,296,358,233,276,348,142,250,282,377,171,190,205,56,251,266,179,218,142,141,191,278,226,284,200,253,242,242,228,194,241,146,214,171,253,216,269,254,215,222,249
"COG4123",369,303,365,274,316,351,231,361,272,270,314,393,192,273,249,326,391,326,284,336,291,318,261,329,407,254,257,316,349,304,329,246,241,302,274,359,299,400,294,268,279,224,251,256,326,419,381,330,355,276,372,287,345,340,389,369,284,321,260,242
"COG4124",73,195,134,298,87,333,413,373,283,514,70,127,695,60,191,86,140,788,213,19,256,28,274,55,109,583,153,280,191,324,79,193,102,137,87,60,173,8,213,350,132,270,243,276,177,220,21,327,150,131,94,56,237,483,254,360,170,553,228,115
"COG4125",0,2,0,0,0,0,0,0,0,1,0,0,0,9,2,0,3,9,2,3,1,0,6,0,0,1,0,0,0,0,0,1,0,0,1,8,0,20,0,0,0,6,0,2,0,0,1,0,0,1,3,0,1,1,29,0,0,0,0,0
"COG4126",9,2,4,1,9,8,5,19,9,7,9,17,2,34,8,11,16,4,1,0,4,7,31,3,4,2,1,1,1,15,41,5,22,11,7,7,28,1,20,10,4,3,0,19,17,2,0,12,14,4,50,8,19,15,0,8,3,4,16,4
"COG4127",1,1,5,0,4,26,0,7,23,2,3,4,6,2,0,1,0,7,6,0,0,10,12,1,12,1,2,15,1,16,11,2,0,3,2,0,1,192,2,0,0,4,0,7,10,24,6,3,8,0,8,3,20,10,0,4,0,3,0,2
"COG4128",1,0,10,1,0,0,1,1,1,0,0,0,0,1,0,7,0,4,0,0,1,0,0,1,0,0,0,0,1,0,0,0,0,1,0,1,0,0,0,0,0,0,0,0,0,0,1,0,0,7,0,1,0,0,0,0,0,0,0,3
"COG4129",24,24,23,19,13,104,17,25,26,1,25,10,19,16,24,32,81,51,66,5,6,14,55,67,24,24,11,133,19,103,14,30,74,90,15,88,20,9,17,47,28,13,33,11,29,14,13,35,33,17,13,4,15,24,30,22,10,53,8,16
"COG4130",0,0,0,0,0,0,0,0,0,0,0,0,0,39,1,0,0,0,0,2,0,0,15,0,0,0,0,0,1,0,0,0,1,0,0,3,0,0,0,0,0,0,0,3,0,0,0,0,0,2,14,0,0,0,1,0,1,0,0,0
"COG4132",15,0,1,4,2,4,41,1,18,9,36,2,2,28,6,12,1,5,4,5,13,4,2,6,3,5,0,0,1,2,1,24,21,0,0,118,4,61,3,2,14,11,0,1,19,3,3,3,4,3,2,6,1,7,64,2,2,3,21,3
"COG4133",2,4,12,0,5,1,8,1,7,7,10,0,13,28,17,5,0,7,12,15,11,4,25,2,8,3,14,5,1,3,13,14,90,12,10,5,9,51,4,5,10,7,4,4,5,1,1,0,0,12,7,8,8,5,10,2,10,0,7,11
"COG4134",2,3,22,19,11,4,17,7,3,1,12,4,5,108,11,11,11,18,14,17,7,0,66,7,3,11,36,0,3,6,29,6,365,4,11,41,11,13,0,11,7,10,8,7,3,17,6,9,15,10,26,6,14,2,25,0,6,0,16,10
"COG4135",1,3,26,6,4,0,6,0,0,1,0,1,21,64,11,6,0,0,11,6,3,3,54,0,0,0,53,0,0,0,12,6,183,0,8,8,1,2,0,8,6,13,5,2,0,1,0,1,3,5,10,2,5,1,26,0,10,1,1,6
"COG4136",0,0,8,3,1,0,0,1,0,2,0,0,8,29,5,7,0,0,10,7,1,0,19,1,0,0,26,0,0,0,14,6,79,1,2,9,0,1,0,3,1,4,2,1,1,1,0,0,1,1,8,1,0,0,8,0,6,0,1,3
"COG4137",3,7,25,5,7,1,14,6,16,11,10,0,24,58,35,13,9,6,28,9,15,3,50,2,1,1,44,3,2,8,30,26,164,15,12,12,12,80,4,12,13,11,14,11,7,2,3,0,1,18,19,10,8,4,25,2,12,0,9,7
"COG4138",1,3,11,6,5,0,2,0,1,0,0,1,13,27,4,10,0,0,9,8,2,1,28,0,0,1,24,0,0,0,20,7,135,0,3,4,0,4,0,2,3,4,3,2,0,0,1,1,0,5,6,4,5,0,23,0,12,0,1,13
"COG4139",1,2,8,2,1,0,1,0,1,2,0,0,7,37,10,3,0,0,10,6,4,1,27,1,0,1,17,0,1,0,5,4,97,0,3,8,0,2,0,5,6,5,2,0,1,2,0,0,1,3,10,1,0,0,9,0,6,1,1,5
"COG4143",8,5,17,3,3,0,5,0,0,2,32,0,18,59,25,16,1,9,53,12,4,3,39,2,0,2,28,0,1,0,21,23,125,2,6,16,1,7,1,0,20,13,24,9,1,5,1,1,0,4,13,3,8,0,16,1,10,0,3,17
"COG4145",78,58,53,32,75,79,41,146,68,51,103,49,59,130,45,111,59,65,102,40,66,54,109,36,31,35,42,22,89,71,50,61,182,49,48,45,41,11,47,27,46,48,41,26,47,63,293,63,85,47,85,40,40,29,27,33,34,53,60,41
"COG4146",553,851,219,628,243,150,457,330,438,538,510,298,884,451,880,468,245,337,723,104,414,449,425,333,332,600,553,216,480,338,154,468,304,308,424,62,364,75,439,480,672,343,774,589,506,215,26,434,321,475,174,304,320,266,212,202,512,249,327,540
"COG4147",6,4,16,3,3,0,8,0,0,1,1,0,16,69,22,15,2,1,18,17,1,4,55,1,0,2,32,0,1,0,37,7,226,0,12,23,0,8,4,7,3,13,9,7,1,0,2,1,1,7,19,2,3,0,29,0,16,0,5,17
"COG4148",1,15,27,5,18,2,21,7,28,15,19,1,28,73,43,24,12,17,26,25,25,11,57,2,22,2,47,11,2,9,20,32,157,30,16,11,15,119,2,22,26,19,16,6,5,2,2,0,2,10,20,14,23,2,19,3,15,1,10,21
"COG4149",55,37,72,24,179,71,77,75,104,32,84,34,45,103,48,85,186,92,56,31,78,62,68,152,43,85,126,84,71,68,103,70,167,72,65,193,75,131,49,65,59,103,63,19,45,183,238,62,58,49,111,83,79,47,118,38,83,83,59,42
"COG4150",2,1,6,0,3,1,4,7,0,2,0,0,13,52,8,4,4,0,7,5,2,2,36,3,0,0,15,0,0,0,20,6,77,0,2,9,0,2,0,16,1,9,7,4,2,1,1,0,1,7,14,3,6,0,15,0,13,0,4,8
"COG4152",52,36,111,23,42,152,189,118,176,114,132,152,31,129,32,64,79,55,3,41,121,60,104,74,83,10,27,117,21,102,198,87,1,173,22,47,126,282,81,95,50,10,8,92,244,63,1,62,90,44,39,73,134,171,203,155,61,233,106,20
"COG4154",32,30,31,19,15,21,31,39,18,18,38,34,12,44,19,26,60,20,36,3,19,24,64,17,16,30,35,36,44,33,47,34,100,13,20,56,13,11,47,14,25,22,18,13,15,44,121,8,27,26,91,13,64,30,47,23,15,35,40,11
"COG4158",31,20,37,6,42,85,9,42,55,6,6,50,11,33,10,43,128,51,35,10,41,56,67,30,25,31,10,84,10,72,16,19,104,61,14,30,34,3,28,47,17,78,22,107,19,181,74,75,65,29,26,11,21,37,12,26,7,87,28,8
"COG4160",5,8,12,3,4,0,8,1,2,5,3,0,15,66,25,16,1,7,17,18,4,1,63,2,0,3,56,0,2,0,26,14,252,4,7,16,0,4,2,10,5,18,12,5,1,4,0,3,1,11,18,2,6,3,36,0,17,0,4,23
"COG4161",1,4,11,2,7,0,5,0,1,2,0,0,7,26,6,7,3,0,13,8,3,1,29,4,0,1,23,0,2,0,18,5,143,3,2,4,0,5,1,6,1,7,12,3,0,2,0,1,0,6,6,2,3,0,16,3,9,0,7,14
"COG4166",185,142,477,153,1348,533,522,437,448,113,196,322,154,593,234,201,507,452,381,108,379,102,879,959,303,452,825,385,354,506,585,347,1315,391,624,1643,354,2112,546,342,151,441,130,221,255,485,1542,308,463,177,928,499,625,406,1210,370,679,576,328,160
"COG4167",5,5,11,5,5,1,2,0,1,2,0,0,12,43,17,8,3,6,8,12,1,0,36,4,0,0,32,0,1,0,23,13,114,1,2,10,0,6,0,7,4,14,7,3,0,1,0,1,1,7,8,0,2,0,28,0,7,0,3,7
"COG4168",1,4,10,1,7,0,1,0,1,2,2,0,12,23,15,8,7,7,16,7,1,3,28,2,0,4,20,0,1,0,22,11,129,3,2,7,0,8,1,6,3,9,7,4,0,3,1,3,0,8,5,0,0,1,23,2,12,0,6,10
"COG4170",2,4,11,4,1,0,5,1,0,1,1,0,14,48,7,7,0,2,8,11,3,3,44,0,0,4,32,0,3,0,14,8,142,1,6,11,0,8,2,7,4,8,8,1,0,3,0,0,0,10,9,0,1,0,19,1,11,0,0,7
"COG4171",1,5,9,2,10,0,5,0,1,0,0,1,8,36,6,4,3,9,12,6,2,0,23,0,0,5,18,0,3,0,13,3,75,1,4,0,1,4,0,4,4,5,9,4,0,1,0,1,2,5,16,0,2,0,18,0,6,0,1,6
"COG4172",43,19,45,9,27,22,58,30,26,13,59,34,34,75,43,38,20,35,53,19,11,25,92,44,14,13,86,32,8,35,31,26,159,31,20,123,46,44,6,19,29,25,21,9,24,5,67,18,12,10,30,36,47,24,130,6,23,29,27,23
"COG4174",1,2,5,5,1,0,2,1,4,1,0,7,9,47,16,8,1,1,8,9,1,0,91,3,0,2,30,0,0,5,18,8,101,3,4,18,18,4,46,6,7,11,8,7,0,0,2,2,0,4,10,6,17,4,14,0,14,8,11,9
"COG4175",159,357,330,351,168,43,108,95,159,147,149,145,119,148,361,240,34,11,325,49,190,352,161,136,92,18,189,93,108,77,112,231,64,85,169,40,115,36,60,197,316,361,306,16,251,77,16,132,101,334,144,253,111,15,101,111,316,68,126,391
"COG4176",122,220,235,290,110,25,72,68,141,117,106,100,101,137,248,188,11,8,239,31,130,246,106,140,76,10,149,78,87,62,58,188,83,71,128,17,94,24,49,95,276,246,291,9,172,69,2,93,53,274,97,205,74,22,67,70,281,62,89,236
"COG4177",80,183,132,102,464,366,193,208,220,68,181,287,86,330,110,227,301,165,300,81,208,207,305,183,192,139,190,263,111,244,415,122,520,156,263,301,179,189,295,133,126,226,112,377,155,307,529,164,210,151,403,228,275,218,202,184,170,185,244,70
"COG4178",26,81,79,42,28,1,8,79,4,42,26,17,53,19,20,88,25,34,66,31,28,28,42,3,11,34,34,16,131,29,5,22,172,26,23,5,33,24,44,45,17,29,12,152,29,74,289,6,5,36,35,18,28,28,36,25,17,12,42,32
"COG4181",2,0,5,5,14,6,34,0,8,0,1,4,15,12,8,15,2,2,13,12,3,4,25,3,1,0,34,4,0,1,13,8,128,1,4,52,1,3,7,1,4,10,22,4,3,6,138,6,1,3,22,10,6,5,23,0,9,0,0,7
"COG4185",172,149,78,128,61,68,56,163,97,329,81,168,209,80,128,131,99,190,89,8,66,156,31,68,156,215,107,81,236,92,69,141,7,93,179,15,83,33,228,253,126,26,189,25,126,86,5,120,171,304,40,51,171,196,41,118,128,134,48,48
"COG4186",46,20,19,128,23,26,168,126,139,29,62,110,16,27,67,69,43,26,35,6,52,73,33,34,80,15,59,198,60,56,117,102,9,34,122,77,95,135,57,33,177,21,65,91,52,77,98,40,40,129,115,38,90,41,112,39,155,89,54,41
"COG4187",4,13,9,2,17,4,29,4,15,2,7,5,2,12,3,23,8,9,37,6,8,29,6,12,23,6,8,18,0,23,11,10,61,21,12,3,29,242,6,9,26,19,8,179,7,20,73,10,22,17,70,7,15,20,3,5,17,22,19,6
"COG4188",5,0,1,3,1,4,4,0,3,2,5,12,1,71,1,5,0,1,0,0,0,3,4,1,6,0,0,2,1,8,6,4,0,2,2,0,0,0,3,3,8,6,12,0,4,0,0,0,1,0,3,8,6,5,0,1,0,1,6,0
"COG4189",33,89,51,14,18,21,18,37,36,10,12,17,2,9,18,49,98,41,40,4,30,9,39,51,8,48,13,27,5,13,30,24,99,30,8,50,31,5,37,11,24,70,25,2,6,196,285,41,41,34,10,20,14,31,1,27,12,38,3,18
"COG4191",37,26,80,46,67,68,34,18,26,18,89,80,9,183,10,28,2,124,0,3,46,137,96,16,68,7,42,85,13,15,88,47,9,54,83,0,206,3,51,36,128,46,55,3,52,5,0,46,45,0,63,185,80,7,4,20,53,34,27,100
"COG4192",1,0,0,0,0,0,0,0,0,0,0,0,0,58,0,0,0,0,0,1,0,0,0,0,0,0,1,0,0,0,0,1,0,0,0,1,0,0,0,0,0,0,0,1,0,4,0,0,0,0,17,0,0,0,0,0,0,0,5,0
"COG4193",35,36,29,2,48,218,22,205,120,9,85,193,2,22,9,18,117,218,0,7,110,32,200,110,695,110,91,148,37,222,329,8,9,169,5,112,31,5,83,66,9,114,3,70,42,118,27,124,120,6,48,53,109,354,39,31,6,126,27,32
"COG4194",0,0,1,0,0,0,6,0,0,0,0,1,0,1,0,1,5,5,0,0,0,0,0,1,3,0,1,1,2,0,0,0,1,1,0,19,0,0,1,0,1,2,0,1,0,0,0,0,0,4,2,0,0,1,11,0,0,0,1,0
"COG4197",0,0,0,0,0,0,1,0,0,0,0,0,2,0,0,0,0,0,7,1,1,0,0,0,3,0,0,4,0,9,0,3,0,6,2,0,0,0,0,0,0,0,0,0,0,0,0,0,0,0,0,0,0,0,1,0,1,0,0,4
"COG4198",446,354,365,383,243,305,378,349,356,488,393,402,373,293,320,385,251,313,272,527,332,507,311,288,278,288,220,398,365,354,279,328,77,356,305,77,384,160,403,395,432,269,307,323,476,363,74,430,376,292,425,422,378,468,102,467,338,428,389,382
"COG4199",0,2,1,70,3,1,2,2,0,1,0,2,1,0,4,0,10,8,15,5,1,0,0,1,0,0,46,1,0,0,4,5,0,0,0,4,27,320,0,1,45,4,97,4,16,0,1,0,0,1,2,0,0,4,30,6,0,0,1,0
"COG4200",27,20,24,4,105,67,17,25,15,10,23,25,2,10,3,8,68,24,0,1,19,8,53,29,14,19,33,36,6,28,7,27,0,9,7,15,13,0,18,2,4,19,6,8,8,31,20,17,16,9,18,24,24,20,11,16,14,21,10,11
"COG4206",2417,2127,1985,2531,1307,1217,2222,1731,1739,2732,2003,1757,2444,2011,1994,1833,688,1568,2409,2857,1561,1924,1169,792,1387,1830,1645,1186,2283,1454,932,2363,315,1529,2466,173,2305,337,2059,2284,2709,1402,2144,1471,2154,700,1083,1727,1492,2309,1141,2607,1234,1389,742,1796,2245,968,2454,2783
"COG4208",33,31,78,3,36,24,33,109,67,13,34,39,8,66,27,37,120,58,8,20,118,34,92,101,21,49,48,47,16,26,67,33,59,86,13,83,42,74,45,33,14,78,11,57,26,164,46,31,55,40,40,16,71,35,18,43,18,91,16,7
"COG4209",289,216,364,437,491,864,476,629,358,74,331,254,62,190,111,230,607,472,67,51,429,235,788,583,315,393,504,1072,194,1204,1164,259,282,758,235,1380,361,907,359,421,69,411,56,170,239,987,183,355,400,188,170,339,317,380,902,372,300,1022,200,161
"COG4211",78,38,106,60,228,347,87,227,162,30,162,152,32,114,72,82,266,168,114,21,141,81,228,238,73,133,209,221,59,193,178,115,254,201,109,215,86,171,117,100,58,143,64,126,87,183,61,142,135,63,92,124,218,288,141,68,84,232,61,50
"COG4213",29,20,60,30,93,201,42,38,21,9,42,39,22,102,40,37,194,47,141,42,47,26,126,72,38,48,32,134,68,88,36,77,285,73,47,182,50,16,31,50,51,72,62,387,31,76,194,50,29,97,91,29,36,47,51,41,29,83,44,50
"COG4214",11,9,35,14,38,80,40,33,7,7,17,11,18,86,37,21,68,22,80,35,27,22,83,43,6,23,41,88,62,27,37,25,317,14,24,148,20,16,25,34,24,39,42,130,5,46,156,14,14,61,60,12,16,15,44,19,29,41,27,29
"COG4215",4,1,9,4,5,0,7,0,0,3,2,0,12,77,24,13,2,6,21,13,2,2,62,5,1,2,50,0,1,0,39,22,204,5,3,14,3,11,2,12,4,12,14,10,1,3,1,2,1,6,30,3,5,0,37,0,28,0,7,16
"COG4219",195,157,208,135,243,895,163,448,385,63,148,524,19,118,63,148,535,358,124,84,319,198,587,292,254,216,189,771,88,643,482,145,270,501,77,503,313,502,208,250,82,627,73,205,179,604,209,337,398,145,156,166,439,283,134,326,82,420,186,132
"COG4220",1,2,9,1,1,1,0,2,1,2,1,6,6,1,13,13,0,0,10,7,0,3,26,3,1,0,0,0,0,0,22,5,166,0,0,0,0,1,6,4,2,4,4,0,2,1,1,2,0,6,0,7,3,2,8,0,10,1,2,23
"COG4221",255,298,165,253,87,89,238,119,218,263,211,168,207,211,266,228,48,104,221,389,134,234,150,123,132,132,182,79,339,159,82,201,102,43,228,35,118,44,127,168,235,176,231,239,184,48,60,173,153,223,80,142,141,137,103,174,200,67,186,176
"COG4222",92,2,6,12,10,0,2,41,0,181,73,3,140,2,12,40,30,219,0,318,1,10,15,5,3,133,1,5,179,126,1,6,17,7,7,10,0,0,118,79,4,0,9,68,18,66,0,2,2,5,1,1,54,102,4,135,4,9,9,0
"COG4224",20,30,51,8,68,49,29,74,43,12,21,42,6,34,18,21,91,47,25,11,40,22,64,85,34,29,43,75,25,53,40,19,35,66,27,106,32,135,36,36,14,47,5,42,32,87,38,44,52,30,13,21,49,55,97,57,34,88,23,16
"COG4225",1100,2264,922,1966,964,764,1357,1007,1099,888,1234,1076,786,1330,2261,1148,416,1020,1869,2667,1489,1870,1064,1216,899,617,1659,938,664,649,572,1676,208,1312,1934,246,1804,547,896,901,1787,981,1914,366,1395,781,170,1235,1097,1569,1005,1587,665,464,253,1306,1763,933,1072,2189
"COG4226",5,5,7,18,78,38,11,52,16,71,14,11,15,21,24,7,35,14,14,8,33,4,29,15,22,119,11,41,11,85,23,60,1,15,34,27,40,14,51,49,10,52,3,16,17,7,15,14,17,33,12,15,20,49,17,15,56,28,9,40
"COG4227",1819,97,308,986,376,191,119,662,230,697,335,231,101,322,23,231,52,506,173,73,296,132,71,132,461,22,101,170,199,199,180,113,17,181,225,34,73,22,216,292,162,42,384,1976,217,78,121,313,112,1022,143,301,79,52,104,44,293,192,504,351
"COG4228",1,1,0,0,0,3,5,4,4,0,0,0,1,3,10,1,2,7,0,11,16,14,0,0,16,0,0,2,0,0,1,2,1,0,0,1,0,157,0,4,6,3,0,1,3,0,0,1,0,14,4,9,1,1,1,0,1,0,13,2
"COG4229",4,0,0,0,0,0,0,0,0,0,0,0,0,39,0,0,0,0,0,1,0,0,19,0,0,0,0,0,0,0,0,0,0,0,0,6,1,0,0,0,0,0,0,3,0,0,0,0,0,1,7,0,0,0,0,0,0,0,0,0
"COG4230",2,6,19,7,2,1,10,1,4,1,0,1,4,157,8,13,7,18,21,24,4,4,110,4,1,11,33,0,6,1,39,9,363,12,9,18,2,18,1,12,4,13,9,14,2,6,0,5,1,11,38,5,3,0,25,1,14,0,7,14
"COG4231",222,408,451,481,279,421,511,389,520,209,478,621,234,338,464,420,249,142,379,90,565,406,376,397,333,88,491,486,164,375,441,408,142,489,496,121,462,335,348,326,567,378,660,285,479,256,41,411,393,413,510,408,457,532,93,379,354,508,387,409
"COG4232",584,267,294,439,179,190,445,244,393,547,318,233,462,444,340,429,101,324,366,976,345,285,329,167,228,359,224,140,466,325,212,345,276,271,351,50,463,131,317,435,362,365,372,558,555,56,8,401,325,393,214,325,308,402,120,411,340,309,472,382
"COG4233",0,13,17,0,9,1,13,5,20,13,10,0,19,95,27,24,7,1,1,21,20,6,21,2,7,2,0,10,0,25,0,22,0,30,11,4,98,107,4,16,18,0,1,13,17,2,0,2,0,10,24,5,27,13,0,4,1,5,19,1
"COG4235",6,22,37,4,23,3,28,4,34,20,32,0,37,57,68,40,11,16,29,24,47,17,54,3,15,9,62,12,8,26,32,63,274,31,19,10,17,199,3,28,31,21,15,7,9,3,1,3,0,27,12,27,26,15,37,14,31,1,28,22
"COG4237",6,3,12,5,28,14,3,9,34,10,17,23,6,15,12,24,0,5,13,11,14,14,18,5,15,5,15,11,3,21,9,15,48,5,11,0,11,7,14,19,9,2,3,1,14,4,2,4,8,1,7,11,14,1,9,14,11,4,30,14
"COG4238",1,2,6,0,0,0,0,0,0,0,0,0,7,8,10,4,0,0,8,6,0,1,15,1,0,0,5,0,0,0,3,4,73,0,3,1,0,4,0,2,2,7,2,1,0,0,0,1,0,5,2,0,1,0,14,0,7,0,1,5
"COG4239",2,3,7,3,1,0,2,0,4,0,0,12,11,41,9,10,2,2,5,10,1,4,92,3,0,1,31,0,0,6,14,3,125,2,5,8,27,5,45,2,5,6,7,3,6,1,1,0,3,5,10,6,24,3,17,0,4,4,8,7
"COG4241",6,25,10,13,15,3,21,27,15,18,12,10,10,10,5,19,5,14,25,8,9,19,0,3,14,18,0,11,35,8,8,10,0,5,15,1,9,3,4,7,15,5,1,20,8,29,77,6,5,13,53,16,35,23,1,17,22,3,26,9
"COG4242",2,0,10,0,0,1,2,0,0,0,0,0,0,9,0,0,0,2,0,0,0,0,0,0,0,0,0,0,3,0,9,0,0,0,0,7,0,0,0,0,1,0,0,3,0,1,0,0,0,0,0,0,0,2,10,3,0,0,0,0
"COG4243",0,0,4,0,0,5,20,0,0,0,0,0,0,2,0,0,0,0,0,3,0,1,0,1,0,2,0,0,0,0,0,1,0,0,0,55,0,0,0,1,0,2,0,0,0,4,130,0,0,0,0,3,1,0,67,0,0,0,11,0
"COG4245",659,1,16,5,1,82,10,5,15,2,0,29,11,250,113,47,15,196,5,6,16,17,50,5,5,5,12,47,4,4,14,22,60,3,1,4,34,0,3,2,7,3,59,17,2,3,2,21,1,7,46,6,236,31,14,112,11,16,8,40
"COG4248",0,2,18,4,5,1,7,9,28,0,3,10,10,0,89,11,8,8,18,12,2,3,113,7,6,7,52,10,6,17,62,11,210,7,5,1,25,9,3,6,6,22,49,17,12,1,0,34,1,6,0,8,50,109,35,2,16,28,27,50
"COG4249",124,52,83,31,23,41,64,33,14,49,6,18,14,14,4,69,70,184,0,112,22,69,91,21,17,54,0,102,10,20,19,137,0,6,24,29,128,1,163,112,25,12,5,299,103,15,0,110,51,5,18,26,39,302,40,149,18,37,82,42
"COG4251",0,0,0,0,1,0,0,0,1,0,0,0,0,0,3,0,3,6,0,0,11,0,0,0,0,0,0,0,0,0,0,0,0,0,1,0,0,0,0,0,0,18,0,8,0,0,1,4,0,3,0,0,1,4,0,0,0,3,1,0
"COG4252",0,6,1,1,0,41,0,0,0,0,2,2,0,1,3,0,4,0,30,0,2,3,1,5,1,0,2,69,0,0,3,0,30,41,4,0,30,1,0,2,2,4,9,10,0,2,3,2,1,19,0,0,0,22,0,7,4,0,1,0
"COG4253",0,2,0,1,2,0,2,0,1,3,0,0,0,183,5,0,0,0,3,0,2,0,0,0,0,4,0,0,0,0,8,0,16,1,0,5,3,0,0,1,0,0,0,14,1,1,0,0,1,5,37,0,0,0,1,0,6,0,6,0
"COG4256",0,1,0,0,1,0,1,0,0,2,0,0,3,15,1,3,1,0,2,0,0,0,4,0,0,0,5,0,1,0,3,5,20,0,2,7,0,2,0,2,1,3,1,1,0,1,0,1,0,2,1,0,0,0,5,1,3,0,0,1
"COG4258",0,1,19,0,0,2,11,3,63,18,17,0,9,20,24,62,4,1,3,14,21,8,1,0,4,7,0,0,5,0,13,34,0,16,0,14,38,164,6,6,1,0,12,228,9,3,2,0,0,14,5,12,11,9,0,0,1,7,81,0
"COG4260",48,82,154,41,250,400,137,249,226,41,60,199,14,99,14,115,397,190,67,33,195,198,232,235,489,115,176,357,98,294,377,87,38,247,35,316,163,285,116,125,32,179,21,360,117,340,127,160,244,49,242,146,200,279,150,314,198,326,194,65
"COG4261",55,251,42,157,88,15,66,36,99,47,56,66,84,61,241,142,11,7,132,13,129,115,45,130,72,14,186,35,62,24,26,83,0,42,96,17,113,100,35,59,137,76,238,118,76,60,8,64,25,144,26,49,44,18,17,60,90,34,79,86
"COG4262",1,1,0,2,1,0,0,0,0,0,2,0,1,0,7,1,0,0,45,0,0,3,0,0,0,0,0,11,0,0,0,0,60,0,9,0,0,1,0,1,11,7,7,0,0,4,0,0,0,29,6,2,1,5,16,0,2,0,0,0
"COG4263",0,0,0,0,0,0,0,0,2,0,0,0,0,6,0,27,0,1,2,0,1,0,0,0,13,0,0,0,0,3,0,0,0,21,15,2,21,0,0,0,24,0,0,0,0,0,0,0,0,0,0,0,4,0,0,5,0,0,1,0
"COG4264",3,1,2,0,2,0,3,0,1,1,0,0,1,2,16,2,1,0,94,1,1,4,0,3,0,1,1,0,2,0,65,0,1279,0,0,7,5,23,0,3,0,4,0,2,0,2,2,1,0,7,47,4,0,0,0,0,19,0,13,48
"COG4267",78,15,73,5,243,23,69,33,36,6,27,27,2,12,17,43,238,36,119,16,26,56,23,50,48,43,62,62,26,33,13,62,0,67,18,204,65,73,19,43,9,47,30,4,24,122,233,37,78,25,48,26,45,47,113,28,15,51,7,12
"COG4268",21,52,35,42,38,69,186,114,43,336,51,71,15,34,38,22,143,172,18,2,161,28,99,76,56,381,37,136,277,220,59,22,28,84,65,109,95,15,143,47,19,42,44,867,60,57,209,100,43,81,43,43,83,75,187,59,99,145,128,145
"COG4269",0,6,12,8,4,0,6,0,0,1,1,0,10,0,18,9,2,0,24,12,2,2,43,2,1,0,39,0,0,1,41,12,264,0,3,0,0,15,4,9,9,17,9,0,1,4,1,0,0,16,1,1,6,0,48,0,28,0,3,34
"COG4271",16,9,19,2,9,38,5,14,5,17,9,15,4,4,6,3,21,14,0,5,50,2,14,2,16,7,30,48,1,17,64,1,32,4,8,88,2,0,6,6,23,36,0,54,21,29,0,35,21,5,19,23,171,3,2,32,7,42,24,0
"COG4275",0,0,0,0,0,0,0,0,0,0,1,0,0,0,0,0,0,0,0,1,0,0,4,0,0,0,0,0,0,0,0,0,0,0,0,0,0,0,0,0,0,0,0,0,0,0,0,0,0,0,0,0,0,0,0,0,0,0,0,0
"COG4277",175,309,457,293,477,340,369,337,342,219,332,430,127,303,246,276,351,179,221,74,395,401,267,426,301,151,330,339,144,275,255,284,133,443,331,318,338,359,317,296,337,388,308,129,329,369,115,416,499,291,207,425,296,189,130,226,397,327,271,365
"COG4279",177,0,25,1,2,3,28,1,43,17,18,6,53,23,30,1,27,9,0,5,28,4,38,0,5,1,0,8,0,2,11,38,1,5,1,0,0,226,46,20,0,1,1,29,6,0,2,0,1,22,3,23,7,107,1,1,9,1,25,6
"COG4282",0,0,0,2,0,0,0,0,1,0,0,0,1,1,0,0,0,0,0,0,0,50,0,0,1,0,7,6,0,0,3,0,16,2,4,0,0,0,0,0,0,1,0,0,0,0,0,0,9,0,1,0,0,1,0,1,2,0,1,0
"COG4283",25,17,59,21,92,34,29,83,32,18,36,72,2,84,9,21,150,45,9,7,86,7,26,44,47,23,38,57,12,52,125,18,8,48,19,134,76,306,33,16,15,40,7,37,21,152,21,29,60,30,115,26,35,61,5,15,12,61,10,40
"COG4284",46,39,60,2,15,272,85,205,103,28,51,285,0,28,0,63,88,155,2,12,156,15,142,145,421,96,80,195,19,116,340,26,0,266,15,127,60,179,107,26,7,108,0,58,57,266,210,128,139,50,22,57,149,243,98,124,7,176,58,42
"COG4286",39,29,57,11,130,97,31,96,104,14,32,33,2,30,0,32,157,99,0,2,62,27,54,123,266,69,100,47,34,46,27,26,0,64,20,174,47,35,41,37,10,83,1,108,28,158,37,65,86,9,25,56,64,84,84,61,63,63,21,24
"COG4287",0,0,0,0,0,1,0,1,0,0,0,0,0,0,0,0,0,0,0,0,0,0,0,0,2,0,0,0,0,0,1,0,0,0,0,0,0,0,0,2,0,0,0,0,1,0,0,0,3,0,0,0,3,0,0,1,0,1,1,0
"COG4288",2,1,1,1,9,0,2,0,0,2,0,7,2,5,0,0,0,0,6,1,0,1,3,2,0,0,0,0,0,0,2,2,1,3,2,5,1,27,3,2,0,6,0,0,1,2,2,0,3,3,1,2,3,0,4,0,0,0,0,0
"COG4289",311,870,270,534,521,421,359,283,434,284,417,291,195,371,624,316,140,386,819,153,719,429,436,374,326,379,607,313,147,326,351,503,46,779,729,65,483,30,470,256,644,310,536,222,576,117,87,425,237,420,303,367,280,202,78,264,438,439,285,936
"COG4290",0,0,0,0,0,0,0,0,1,0,0,0,0,0,0,0,0,0,0,5,0,4,0,0,4,0,0,0,0,0,0,0,0,2,0,0,0,0,0,0,0,0,0,0,0,0,0,0,0,1,1,0,0,0,0,0,0,0,0,0
"COG4292",11,28,1,202,14,8,26,24,7,1,1,0,0,78,2,4,1,16,16,5,7,15,1,9,2,4,19,7,3,4,10,47,0,9,1,2,24,3,0,4,34,3,7,4,8,1,5,9,13,44,13,1,3,0,115,17,0,0,24,0
"COG4294",8,1,13,3,0,8,3,0,0,0,0,3,1,0,0,0,9,14,1,0,1,0,2,0,135,1,0,9,7,10,2,0,1,4,1,28,1,1,3,0,0,2,0,4,0,3,0,0,0,1,0,0,5,34,12,15,0,3,0,0
"COG4295",208,88,41,12,16,53,17,108,33,125,24,15,1,17,1,6,78,37,18,4,25,43,46,65,18,132,10,89,8,72,15,2,36,9,8,171,50,266,111,74,5,10,38,74,6,56,20,48,14,50,87,9,46,188,211,110,7,64,4,15
"COG4296",18,12,16,7,210,20,35,55,46,15,38,49,8,26,24,9,2,41,17,1,84,15,49,62,117,8,53,60,28,22,22,23,115,69,68,29,69,20,15,19,12,30,5,7,17,10,20,15,20,3,37,25,40,13,16,29,5,50,20,14
"COG4299",439,857,457,740,243,235,526,260,423,425,363,505,280,343,405,449,78,66,494,77,458,619,305,284,394,32,346,235,466,166,224,561,3,247,633,22,488,43,346,317,729,621,606,261,456,105,18,382,395,573,290,790,206,99,111,195,545,233,344,704
"COG4300",0,4,1,2,0,0,1,1,2,0,3,1,0,1,1,0,5,13,24,3,1,0,0,2,2,3,0,0,1,2,0,0,15,2,4,26,1,6,0,0,2,3,2,0,0,1,6,0,3,11,2,1,0,0,22,1,1,0,0,0
"COG4302",8,5,18,10,30,24,15,6,3,10,7,16,12,104,31,22,3,4,18,10,7,23,37,9,5,6,29,12,2,19,47,13,121,25,14,5,12,9,6,21,35,41,11,9,12,8,6,17,3,16,123,13,14,30,7,8,7,3,11,27
"COG4303",7,10,39,13,37,56,24,19,7,10,18,29,24,138,30,33,8,12,23,21,18,22,55,18,15,13,53,29,3,64,69,35,184,24,24,7,23,6,11,33,51,55,34,15,17,16,7,20,4,13,256,9,24,47,20,6,21,6,6,42
"COG4310",0,0,0,0,0,3,0,0,2,0,41,0,0,73,8,0,0,5,0,5,5,0,0,2,0,0,0,0,0,0,8,0,0,0,0,0,98,0,2,4,2,0,0,0,7,0,0,0,1,1,3,5,4,0,0,0,49,2,1,0
"COG4314",0,3,11,0,1,0,11,1,13,3,4,0,5,3,5,8,1,1,1,0,10,0,0,1,4,0,0,1,0,3,0,17,0,6,5,1,3,69,3,0,5,0,0,6,1,0,0,0,0,3,1,7,1,2,0,5,1,0,12,0
"COG4316",1,1,0,0,0,0,0,0,1,0,0,0,0,1,2,0,4,2,0,0,0,0,0,0,0,0,1,0,0,0,0,1,0,2,1,1,0,1,0,1,0,0,0,0,0,1,0,0,1,0,4,0,0,0,0,1,0,0,0,0
"COG4319",0,0,0,0,0,0,0,0,0,1,0,0,0,30,0,0,0,0,0,2,0,0,9,0,0,0,0,0,0,0,0,3,0,0,0,1,0,0,0,0,0,0,0,3,0,1,0,0,0,0,5,0,0,0,0,0,1,0,0,0
"COG4320",0,0,5,0,0,4,8,0,0,0,0,0,0,3,0,1,0,0,0,17,2,0,2,0,3,5,0,0,0,0,0,0,0,0,0,100,0,0,0,0,0,0,0,0,0,0,1,0,0,0,2,0,5,1,195,0,0,1,25,0
"COG4325",1,1,12,7,3,0,5,0,0,0,0,12,8,0,14,7,0,0,0,9,2,0,0,0,0,0,0,0,1,0,0,8,0,0,6,3,0,0,3,3,7,5,4,1,3,1,0,0,0,4,3,0,1,1,24,0,6,0,0,5
"COG4330",0,0,1,4,0,0,3,0,0,0,0,0,0,0,0,0,0,1,0,0,0,0,0,0,0,0,0,0,0,0,1,1,0,0,0,4,1,65,0,1,0,2,0,0,0,0,0,0,0,0,2,0,0,0,20,0,0,0,0,0
"COG4332",5,24,3,113,14,5,30,26,3,3,3,14,1,19,45,3,1,0,143,0,24,9,11,5,13,2,18,13,1,9,15,44,36,5,14,2,58,0,3,11,39,18,50,3,18,11,0,9,9,78,28,23,2,5,3,19,13,8,7,51
"COG4333",3,38,25,49,128,45,23,30,43,3,18,57,4,19,0,3,37,13,56,0,18,1,49,84,21,13,26,56,33,59,34,6,0,25,18,31,41,0,25,13,12,6,0,12,19,7,10,11,24,6,20,23,25,14,0,17,38,18,14,10
"COG4335",7,17,5,135,18,9,21,18,23,9,12,4,0,11,48,2,3,0,159,0,26,11,4,10,7,0,14,8,4,12,10,34,44,16,13,2,16,2,2,6,34,5,66,2,18,15,0,26,8,92,17,18,2,2,1,14,25,4,32,48
"COG4336",1,3,20,4,16,39,22,21,26,7,10,24,3,6,4,6,21,11,4,5,12,9,16,18,22,17,16,17,4,32,16,11,12,8,10,0,24,0,27,3,6,6,2,11,10,6,7,7,7,3,106,14,37,54,18,8,3,10,8,13
"COG4354",93,51,320,280,164,212,302,111,294,142,508,396,42,82,87,95,46,32,45,9,106,241,176,33,471,37,153,275,70,243,134,349,20,148,523,17,432,24,427,227,172,496,132,24,246,73,4,414,608,138,93,304,115,59,68,65,211,153,58,364
"COG4357",0,2,1,0,5,0,2,1,1,0,2,2,0,1,0,0,12,6,0,0,2,4,1,7,0,0,0,0,1,0,0,5,0,1,0,4,3,0,1,0,0,2,0,1,0,1,0,2,5,0,1,0,1,0,13,3,0,0,0,0
"COG4359",0,1,0,1,1,0,2,0,0,0,0,0,1,2,0,1,0,0,0,0,0,0,0,1,4,0,0,1,0,7,2,0,0,0,0,0,10,0,0,0,1,2,5,0,3,0,0,0,0,0,1,2,5,0,3,1,0,1,0,1
"COG4372",15,51,6,16,8,8,27,42,6,33,14,10,17,11,3,41,6,11,13,6,0,8,0,2,28,41,3,5,112,6,6,4,0,3,1,2,3,35,25,8,5,14,0,30,2,66,342,0,9,15,58,6,55,16,122,5,10,1,18,5
"COG4373",0,0,0,0,0,1,6,0,12,0,6,1,0,0,1,32,0,0,0,0,0,5,0,0,0,0,0,0,0,2,2,1,0,2,0,0,0,0,0,1,0,0,0,0,4,0,0,1,0,0,0,7,0,3,0,0,3,1,0,0
"COG4377",19,40,90,11,15,87,22,84,63,8,37,37,6,17,38,22,83,46,4,5,56,21,57,87,23,25,63,83,26,71,29,24,18,96,12,57,47,172,25,62,7,21,4,17,30,58,16,50,39,57,22,15,59,28,28,93,6,88,14,2
"COG4379",2,1,3,0,0,4,17,7,9,3,6,1,7,2,17,1,6,8,0,24,19,14,0,0,8,0,0,6,0,3,14,2,6,0,1,1,0,104,0,10,1,8,0,0,3,2,0,1,1,8,6,14,0,2,3,0,12,0,8,4
"COG4380",10,0,0,0,0,0,0,0,0,0,0,0,0,76,0,0,23,1,0,22,0,0,0,0,1,0,0,0,0,0,0,0,0,0,0,0,0,0,0,0,0,0,0,27,7,0,0,4,0,0,4,1,0,0,0,39,0,0,1,0
"COG4381",0,0,2,0,0,0,2,4,6,2,2,0,1,0,14,1,1,0,0,6,0,2,0,0,0,0,0,3,0,0,0,3,1,0,0,0,0,25,0,7,2,0,0,1,0,0,0,1,0,1,1,0,1,0,0,0,3,0,13,0
"COG4382",0,0,0,0,0,0,3,0,6,0,0,0,0,0,0,8,0,3,0,0,0,3,0,0,1,0,0,0,1,0,0,1,0,0,1,0,0,0,1,2,0,0,0,0,0,0,1,1,1,0,1,0,0,1,3,2,5,0,0,0
"COG4383",63,42,25,18,4,47,37,25,49,52,25,53,20,25,91,127,11,10,32,120,53,8,23,42,308,8,309,54,390,23,43,38,19,82,80,0,0,1,444,66,37,15,16,8,107,1,4,9,102,14,29,141,21,16,1,28,112,57,174,188
"COG4384",1,0,2,0,0,5,2,3,10,0,2,0,7,1,8,1,2,0,0,8,9,7,1,1,9,0,1,0,0,1,0,0,5,0,0,0,0,76,0,5,1,2,0,0,4,1,0,0,0,5,3,2,0,0,3,0,4,0,1,5
"COG4385",2,1,27,7,160,11,16,28,16,8,21,25,11,54,30,14,5,7,11,17,72,15,27,4,10,1,66,16,0,2,50,6,50,38,17,0,56,11,15,17,12,30,36,13,17,2,5,24,53,4,4,7,26,27,1,29,25,16,33,1
"COG4386",1,1,2,0,4,2,9,6,31,2,5,2,10,16,33,5,13,4,1,18,22,20,1,2,7,0,2,17,0,3,1,7,4,1,0,1,1,164,3,18,6,9,0,2,6,4,0,0,1,21,6,13,3,0,4,0,5,1,10,3
"COG4387",0,2,0,1,1,0,3,1,2,0,0,2,0,2,0,20,0,0,9,0,1,0,0,0,0,1,0,0,0,1,1,0,1,0,2,0,0,0,1,19,4,1,5,0,0,0,4,0,0,0,1,2,0,1,0,1,0,12,0,2
"COG4388",2,0,3,2,9,5,8,1,27,5,17,17,1,2,0,25,1,5,4,0,12,0,0,11,4,0,4,14,0,5,5,3,3,1,0,0,0,0,2,37,3,5,1,2,10,0,3,3,30,2,3,1,2,1,0,1,1,11,5,2
"COG4389",3,4,0,0,0,0,0,0,0,0,0,0,1,1,0,0,2,8,0,1,0,0,0,0,0,10,0,0,2,0,0,0,0,1,0,2,0,4,3,3,0,0,0,1,0,0,0,3,0,0,0,0,0,0,1,3,0,0,0,0
"COG4390",1,1,0,0,0,0,0,0,0,0,0,0,0,0,0,0,2,5,0,0,0,0,0,0,0,0,0,0,0,0,0,1,0,3,0,0,0,1,0,0,0,0,0,0,0,0,0,1,0,1,0,0,0,0,0,0,0,0,0,0
"COG4392",0,0,2,0,0,0,3,0,5,0,1,4,0,0,2,0,3,6,4,0,0,0,0,0,3,1,1,1,0,0,0,4,3,1,3,0,1,81,2,1,0,1,0,0,0,0,1,1,2,1,9,2,1,2,2,1,1,1,1,0
"COG4393",1,3,11,1,4,5,35,0,2,0,0,0,2,2,0,11,11,7,42,9,1,7,0,5,0,7,3,0,0,0,1,1,19,4,0,121,0,17,1,17,0,20,5,0,0,10,193,1,0,1,4,4,4,3,66,1,3,0,19,17
"COG4394",8,5,8,4,2,0,10,7,9,7,37,0,13,16,26,22,1,3,42,11,9,17,0,1,8,0,0,4,0,7,0,31,0,11,5,3,11,74,2,8,22,5,6,120,28,1,2,0,0,13,1,8,8,2,0,0,1,0,4,1
"COG4395",1,8,5,3,8,7,6,9,14,12,12,2,6,13,16,19,8,3,1,10,15,9,5,2,12,1,0,15,0,35,7,15,0,25,6,5,29,86,3,7,13,0,2,0,13,1,0,0,0,12,1,11,29,15,0,1,0,11,13,2
"COG4396",0,0,0,1,4,2,2,7,19,0,4,12,0,1,1,8,1,2,0,0,0,1,0,2,1,3,0,1,0,5,9,0,9,0,3,0,6,0,3,5,0,13,0,2,3,0,0,2,24,1,2,0,4,2,0,2,0,3,3,0
"COG4397",0,5,1,3,8,3,9,0,18,2,40,5,3,9,0,44,0,2,15,0,15,0,5,6,5,0,0,7,0,1,1,8,10,0,4,0,1,0,1,32,15,9,11,0,12,0,9,3,21,11,0,10,1,6,0,5,5,32,2,3
"COG4399",13,0,5,3,4,4,0,1,1,4,31,1,11,6,13,15,5,154,28,0,2,0,1,13,1,0,2,2,2,2,6,21,0,5,38,13,2,9,1,0,15,0,12,4,17,6,1,5,0,2,2,0,0,0,2,5,0,0,31,3
"COG4401",1,15,2,3,7,1,0,19,2,8,2,0,11,1,0,12,1,3,0,0,0,1,3,6,0,9,3,2,46,2,2,1,0,1,0,13,7,0,2,0,2,0,0,0,0,26,136,0,0,1,1,2,0,0,1,0,1,5,0,0
"COG4403",12,30,31,13,63,16,29,7,8,4,7,15,5,12,23,8,80,53,52,12,18,25,13,111,63,8,8,2,15,27,32,69,150,5,0,48,78,0,4,1,39,70,12,9,1,203,104,72,15,6,22,5,2,8,36,185,40,58,1,6
"COG4405",2,2,4,1,3,4,12,8,6,4,1,8,0,26,21,5,11,22,20,15,11,0,11,9,11,10,4,6,4,3,35,34,0,1,9,56,4,1,1,8,7,14,2,10,1,2,1,12,7,2,3,2,7,10,99,3,18,9,12,33
"COG4408",0,0,0,4,0,0,0,0,0,0,13,0,10,10,5,0,0,0,0,1,0,4,0,1,0,0,0,0,0,0,0,5,0,0,0,0,0,2,2,1,8,7,0,0,12,2,0,0,0,1,0,0,0,0,0,0,0,0,0,0
"COG4409",469,329,383,454,266,144,574,368,352,417,309,306,304,389,488,420,148,199,656,350,411,265,285,317,285,61,321,162,428,176,399,526,81,218,681,63,247,128,501,417,450,462,592,383,561,157,34,361,329,615,140,324,204,279,220,414,388,164,361,408
"COG4412",989,11,12,5,14,189,26,194,47,223,71,63,211,3,26,222,137,1509,4,2198,29,39,73,9,45,1133,64,67,382,473,66,34,7,24,126,5,147,1,198,505,16,10,2,380,353,79,14,72,81,1,57,40,59,938,1,1018,7,341,112,35
"COG4413",81,95,56,171,35,20,52,41,56,62,93,70,8,37,61,168,3,4,118,8,88,170,96,46,121,3,8,61,17,38,10,190,2,30,124,2,110,11,61,89,115,149,71,8,88,16,8,79,99,76,60,179,25,24,39,72,95,108,66,217
"COG4420",1,1,6,0,5,31,1,9,8,2,2,29,0,1,1,0,9,13,2,5,1,0,7,1,60,2,6,38,3,31,43,0,0,23,7,3,4,0,7,0,0,1,0,8,4,0,10,15,6,0,59,3,22,31,4,5,2,5,9,11
"COG4421",0,52,4,157,4,33,27,0,13,2,0,0,0,2,0,0,0,0,0,0,0,0,1,29,0,0,39,0,0,4,27,18,50,3,0,0,11,0,0,0,1,5,0,0,15,8,27,8,0,0,0,3,2,5,0,5,0,0,0,0
"COG4422",453,603,361,675,362,351,509,328,407,275,430,605,271,309,407,373,234,145,435,114,403,621,376,446,507,139,416,537,327,402,281,354,112,296,507,219,397,94,299,296,486,217,412,150,480,312,168,312,524,328,191,488,275,232,130,441,504,475,217,324
"COG4430",11,45,41,186,18,13,76,52,46,18,79,61,15,106,37,19,15,3,99,27,60,44,82,4,68,13,27,12,55,31,26,61,26,91,105,9,80,43,89,47,85,96,184,13,61,37,22,86,78,129,46,42,65,30,14,47,81,6,21,111
"COG4443",30,17,37,12,44,65,20,36,43,15,16,41,5,13,19,22,67,26,49,4,75,18,40,39,67,37,26,30,6,45,37,25,25,54,15,41,20,196,17,15,11,42,5,34,21,51,19,64,65,37,46,21,57,49,46,39,29,44,29,15
"COG4445",1,1,0,0,1,0,1,0,0,1,0,0,0,47,0,2,0,0,0,1,0,0,16,0,0,0,0,0,0,0,0,1,0,0,0,9,4,0,0,0,0,0,0,6,0,2,0,0,0,1,13,0,0,0,0,0,0,0,0,0
"COG4448",0,58,3,21,1,38,28,110,32,33,9,51,19,3,0,22,4,12,0,0,0,3,6,2,4,11,1,3,113,35,24,3,0,8,0,0,10,0,15,1,2,4,0,0,2,59,302,10,1,1,1,3,17,112,1,0,1,12,2,2
"COG4452",20,59,30,170,32,18,68,59,36,20,76,43,50,102,115,76,3,0,259,9,63,30,111,23,35,4,74,27,7,30,100,166,260,16,42,8,107,6,7,76,97,123,102,12,78,15,3,67,23,105,52,48,19,11,29,33,55,25,81,149
"COG4453",5,1,0,0,2,0,3,0,0,1,0,0,2,87,4,1,1,0,9,1,1,0,0,0,0,1,0,0,0,0,1,1,4,0,0,10,1,1,0,1,1,2,3,2,0,3,1,0,1,4,15,0,0,0,2,0,6,0,0,4
"COG4456",2,1,2,0,0,1,3,9,2,1,0,0,0,0,1,5,3,4,0,0,2,11,0,9,8,1,0,1,2,1,25,0,0,2,0,3,6,0,2,3,0,4,2,3,0,2,17,1,2,1,3,0,1,7,1,5,2,5,2,0
"COG4457",2,6,2,3,6,6,9,1,5,14,13,7,18,19,0,26,13,250,0,0,9,5,6,1,9,1,3,1,2,5,16,9,2,15,17,8,1,13,6,65,17,8,37,441,115,2,2,35,3,0,11,10,18,4,0,40,5,1,0,112
"COG4458",0,0,2,4,6,7,12,0,5,1,10,7,21,6,1,22,4,13,0,1,9,7,9,0,5,4,2,1,4,7,7,7,0,7,1,10,0,21,4,53,13,17,23,190,19,1,3,1,5,2,7,7,5,2,0,10,3,2,4,6
"COG4460",1,1,0,0,0,0,1,0,0,1,0,0,0,31,0,0,0,0,1,2,1,0,1,0,0,0,0,0,0,0,0,0,0,0,0,2,1,0,0,0,0,0,0,4,0,0,0,0,0,0,5,0,0,0,0,0,0,0,0,0
"COG4463",10,28,27,4,27,35,30,46,40,15,38,51,8,6,7,35,12,31,17,14,15,14,34,5,125,21,9,40,33,34,114,30,3,28,25,25,19,131,32,8,16,28,1,49,13,18,125,11,32,18,115,16,66,45,103,16,16,34,37,19
"COG4464",206,279,255,118,283,317,135,352,250,117,183,366,144,245,97,206,271,185,170,62,212,221,217,199,457,133,227,256,220,188,241,188,184,174,224,316,174,448,244,189,294,230,343,192,311,259,144,179,208,214,258,232,265,344,497,164,324,290,200,233
"COG4465",61,77,124,45,58,117,33,170,110,38,72,95,19,57,55,98,192,104,58,28,78,70,106,166,66,71,74,153,97,119,60,42,80,132,16,206,83,236,49,37,45,70,38,32,73,191,219,80,107,87,77,46,37,108,106,105,20,139,27,31
"COG4466",5,0,3,1,0,17,5,12,3,0,1,15,0,0,0,0,8,14,0,3,1,0,2,1,33,2,0,19,2,0,33,12,0,14,0,31,0,49,1,0,0,2,0,3,0,0,6,1,0,2,22,0,1,28,79,2,1,0,5,0
"COG4467",0,1,0,0,0,0,1,0,0,0,0,0,0,0,0,0,2,11,1,1,1,0,0,1,0,1,0,0,0,0,0,2,0,0,0,45,1,60,0,0,0,1,0,0,0,0,3,0,0,0,2,0,1,2,116,1,0,0,0,0
"COG4468",144,155,201,75,371,479,144,364,255,94,250,277,72,144,118,198,429,292,134,63,363,178,269,378,139,255,247,491,253,395,255,167,158,279,142,628,161,639,224,158,79,270,87,180,152,504,714,259,247,55,397,176,318,331,483,283,140,423,206,105
"COG4469",0,0,1,0,0,0,2,0,0,0,0,0,0,0,0,0,3,4,5,4,2,0,0,1,1,0,0,0,0,0,10,3,1,0,0,62,0,173,0,0,0,2,0,0,0,0,3,0,0,0,5,0,0,0,178,1,0,0,2,0
"COG4470",2,1,2,0,0,5,1,1,0,0,0,0,1,0,0,0,6,14,5,2,2,0,1,0,66,1,0,7,0,5,18,1,0,0,1,55,1,99,0,1,0,0,0,1,0,0,0,0,0,0,0,0,5,21,151,3,0,2,0,0
"COG4471",0,0,0,0,0,0,1,0,0,0,0,0,0,0,1,0,2,8,4,2,1,0,0,0,1,2,0,0,0,0,0,1,2,0,0,2,0,69,0,2,1,0,0,0,0,0,1,0,0,0,0,0,0,0,16,1,0,1,0,0
"COG4472",33,50,68,21,106,132,60,114,79,37,45,88,15,33,27,54,145,89,33,18,74,50,107,103,157,60,54,173,70,133,135,44,34,95,51,136,67,127,68,35,21,93,20,61,41,138,116,57,85,32,97,50,102,126,158,71,59,128,47,28
"COG4473",0,1,1,1,0,0,0,1,0,0,0,0,0,0,0,0,5,9,4,6,1,0,0,0,0,4,0,1,0,0,0,2,1,0,0,70,0,53,0,0,0,3,0,0,0,0,2,0,0,2,2,0,0,0,154,0,0,0,1,0
"COG4474",24,80,107,412,72,156,109,80,140,27,48,68,29,75,29,46,21,27,10,18,61,53,119,30,57,26,131,115,15,67,138,123,1,43,99,30,88,103,61,128,42,4,14,32,74,43,7,72,67,57,77,33,102,39,160,91,76,99,64,97
"COG4475",14,14,48,19,156,113,59,104,73,14,45,89,14,21,23,30,49,33,44,17,38,50,87,102,38,31,73,68,35,66,95,32,41,64,35,87,57,149,55,56,11,68,14,35,36,40,70,54,54,28,67,62,90,128,153,43,68,92,57,28
"COG4476",0,1,0,0,0,0,0,1,2,0,1,0,0,0,1,0,4,7,2,2,0,0,0,2,0,1,0,2,0,0,0,1,0,0,0,2,1,57,0,0,0,0,0,0,0,1,1,0,0,0,0,0,0,1,16,1,0,1,0,0
"COG4477",5,3,5,7,4,27,2,4,2,1,7,5,4,9,11,0,63,51,20,8,4,4,9,6,231,10,0,23,0,18,51,5,3,5,0,122,6,261,5,11,1,10,3,16,1,3,4,1,6,5,3,0,19,87,264,21,0,10,8,0
"COG4478",1,2,12,1,9,6,17,7,4,1,1,6,3,7,2,3,17,17,7,3,3,5,2,9,8,5,2,4,5,7,22,6,1,3,1,84,20,96,3,8,7,6,0,3,0,14,26,1,11,3,12,8,4,3,132,3,2,3,4,2
"COG4479",0,0,0,0,0,0,0,0,0,0,0,0,0,0,1,0,3,1,1,1,0,0,0,0,0,0,1,0,0,0,0,2,0,0,0,13,0,32,0,0,0,1,0,0,0,0,1,0,0,0,0,0,0,1,58,1,0,0,0,0
"COG4481",21,32,37,20,28,59,24,59,28,21,45,43,9,20,19,41,59,57,17,6,26,33,45,43,97,25,26,61,35,45,61,18,21,47,7,90,32,117,24,17,9,36,14,22,22,91,116,30,50,30,46,23,44,60,117,51,21,51,26,17
"COG4483",0,1,0,0,0,0,1,1,0,0,0,0,0,0,0,0,0,5,0,1,0,0,0,0,0,2,0,0,0,0,0,2,0,0,0,27,1,36,0,0,0,0,0,0,0,0,1,0,0,0,0,0,0,0,48,1,0,0,0,0
"COG4485",212,180,728,112,259,812,202,913,528,134,289,535,32,179,184,315,953,582,95,82,600,167,503,722,586,347,315,785,115,756,376,163,209,676,152,717,347,2679,265,191,87,398,74,420,324,1040,260,499,743,320,701,226,407,788,693,824,105,828,157,156
"COG4487",1,0,5,0,7,12,8,5,14,27,2,14,2,23,0,4,106,301,2,8,30,3,22,7,5,3,29,43,1,30,7,4,0,10,1,0,9,1,15,5,1,9,0,16,24,4,4,16,6,1,131,1,27,30,6,45,10,47,13,12
"COG4492",62,65,108,36,164,119,72,91,81,49,95,79,25,50,52,85,191,69,105,21,110,65,77,153,75,67,92,149,78,147,71,78,48,120,51,122,96,155,56,50,53,121,43,65,75,196,175,69,115,64,64,69,131,87,132,88,66,112,60,30
"COG4495",3,4,9,3,4,6,1,29,11,2,0,6,0,2,5,3,11,8,9,0,16,2,2,13,72,26,0,15,0,5,33,2,48,0,0,1,7,35,14,3,0,1,2,8,3,3,0,1,8,16,1,2,9,18,1,15,1,24,3,0
"COG4496",32,52,102,38,173,135,70,133,105,40,51,132,20,38,36,57,144,72,33,18,95,43,87,135,71,67,83,160,49,141,110,43,40,111,58,134,79,100,62,55,29,87,17,74,29,129,154,81,108,41,123,71,129,87,75,87,81,140,57,25
"COG4499",3,3,0,0,8,5,0,1,2,0,2,0,0,10,19,5,10,1,13,0,4,1,7,14,6,8,0,10,1,19,0,16,18,2,0,7,0,28,4,3,0,2,4,11,3,11,8,0,2,0,0,0,1,0,0,0,0,3,0,2
"COG4502",0,4,0,0,0,7,0,10,6,0,0,0,0,0,23,1,0,2,26,0,0,0,0,0,11,0,0,5,0,10,46,2,0,2,0,0,26,0,1,21,0,0,17,5,9,0,0,0,6,0,0,0,16,7,0,0,1,4,2,11
"COG4506",67,57,108,32,178,186,67,181,140,44,87,117,16,52,55,80,243,111,47,28,129,82,114,149,80,125,113,162,81,161,120,118,71,122,60,174,86,148,99,71,30,142,39,71,67,207,193,86,125,77,179,94,157,147,149,107,72,156,78,43
"COG4508",1,0,6,1,0,0,1,0,1,0,0,0,0,3,0,0,0,0,4,0,0,2,0,2,5,0,0,0,0,0,4,0,1,0,0,6,0,0,0,0,0,0,1,1,0,3,0,0,0,0,0,0,0,1,2,0,0,3,0,0
"COG4509",136,113,278,115,231,865,332,522,311,60,289,416,33,123,146,111,546,385,185,51,302,158,349,359,516,223,295,761,99,521,848,237,403,454,116,617,231,511,191,178,95,303,97,221,159,434,262,297,406,157,752,163,489,440,214,430,92,470,251,133
"COG4512",0,16,30,0,6,24,4,39,7,3,1,34,0,2,0,7,33,20,0,0,9,1,9,0,121,0,3,11,11,10,76,10,22,23,0,0,8,2,9,0,0,0,0,16,0,17,0,6,3,3,8,2,16,58,0,18,1,17,0,0
"COG4521",31,8,60,9,11,55,4,4,27,2,35,17,13,50,66,32,14,10,15,16,2,29,40,15,16,12,32,27,2,33,35,17,145,37,12,13,13,6,3,32,7,9,6,10,2,6,1,11,4,12,24,5,10,9,36,1,15,3,5,13
"COG4525",0,0,16,1,2,0,3,1,0,3,0,0,7,45,4,7,0,4,7,3,2,0,24,1,0,2,20,0,1,0,10,5,69,1,2,5,1,0,3,4,1,8,5,5,0,0,0,1,0,3,6,2,5,34,11,0,11,0,3,14
"COG4529",2,4,17,12,5,0,6,0,1,0,0,2,11,86,25,12,0,0,25,20,2,3,83,3,1,0,41,0,0,0,22,13,183,0,3,5,2,7,2,0,4,9,10,8,0,2,0,0,0,8,26,1,4,0,22,0,17,0,6,23
"COG4531",5,3,13,4,5,0,4,0,1,2,0,0,8,58,5,8,2,7,23,11,0,1,28,1,0,4,25,0,0,0,23,5,156,1,1,12,1,5,0,5,5,15,6,4,0,0,0,0,2,6,12,0,0,0,25,0,9,0,3,7
"COG4533",4,2,34,9,23,0,13,0,1,4,1,0,28,138,51,42,1,0,30,23,6,5,148,3,1,1,88,0,0,0,53,17,502,0,8,30,3,13,0,17,11,17,25,10,2,9,2,0,2,11,47,4,5,0,58,0,25,0,5,31
"COG4535",8,9,25,9,11,1,25,4,16,13,21,1,31,56,35,28,6,8,22,23,18,14,46,2,13,5,47,4,1,10,25,39,193,8,12,11,10,85,4,10,19,16,30,89,4,1,4,2,0,18,23,9,15,6,33,7,8,1,8,16
"COG4536",385,316,60,190,50,85,118,186,89,425,104,93,344,293,256,132,121,205,94,219,84,125,97,101,76,253,182,40,472,190,38,70,173,117,125,40,38,25,165,223,160,13,173,345,129,57,4,59,77,253,46,33,114,269,57,130,211,56,96,86
"COG4537",1,0,1,3,1,1,2,1,1,1,2,0,0,1,3,2,20,16,4,3,1,0,0,0,1,11,1,1,2,0,0,2,0,0,0,6,1,2,0,4,0,2,0,2,0,1,0,0,1,2,0,0,1,10,3,0,1,0,0,1
"COG4540",3,0,23,4,5,3,11,23,7,2,2,5,13,43,38,25,1,0,5,20,40,2,11,4,0,0,24,4,0,0,25,2,4,3,1,4,14,13,14,3,6,7,10,7,0,0,2,3,2,1,1,12,9,13,3,2,23,6,2,0
"COG4541",0,0,0,0,0,0,0,1,4,3,0,0,1,4,6,0,3,3,0,0,3,0,0,0,0,0,1,0,0,0,0,11,0,1,0,0,0,28,0,4,0,0,0,0,0,0,0,0,0,4,1,6,4,2,0,0,0,0,2,0
"COG4542",3,35,2,10,1,0,11,22,5,21,4,0,5,25,2,19,7,16,3,2,1,0,14,2,13,15,4,2,67,0,0,6,0,1,0,38,2,43,12,6,1,14,0,18,0,29,196,0,0,8,20,0,25,3,111,0,1,0,6,0
"COG4545",0,0,0,0,0,0,0,1,1,2,17,4,3,3,0,9,1,2,12,0,0,0,0,4,0,1,0,0,3,0,0,0,0,0,0,1,0,1,0,1,0,0,1,0,4,0,0,1,1,1,0,0,1,0,0,0,0,0,0,0
"COG4547",0,0,0,0,1,0,0,0,1,0,1,0,0,0,0,0,0,0,0,0,0,0,46,0,0,0,0,0,0,0,0,5,0,0,0,0,21,0,0,4,19,0,22,0,1,0,0,0,0,0,0,0,2,0,0,5,0,0,0,0
"COG4548",27,19,54,57,63,110,149,60,51,7,19,145,11,33,33,26,200,48,18,12,42,38,68,91,48,33,42,60,35,183,211,45,235,40,10,158,67,139,49,15,22,77,61,42,22,113,25,54,67,45,66,37,88,32,138,79,17,127,71,41
"COG4550",0,0,0,0,0,0,0,0,1,0,0,0,0,0,0,0,0,4,3,2,0,0,0,0,0,5,0,0,0,0,0,0,4,0,0,2,0,0,0,3,0,1,0,0,0,0,3,0,0,1,0,0,0,0,7,2,0,0,1,0
"COG4552",91,120,253,266,257,177,172,173,184,77,186,185,57,137,202,231,217,122,316,41,227,201,138,217,144,131,158,244,54,165,200,213,109,188,177,271,249,365,142,148,199,372,215,80,201,188,107,241,194,243,168,211,169,115,398,148,176,217,227,237
"COG4555",3,1,1,11,5,3,0,0,2,2,3,6,4,4,7,6,0,19,10,2,36,3,22,7,0,0,3,33,2,10,31,14,36,51,5,99,0,7,7,0,8,3,11,9,5,20,8,0,0,4,7,1,38,21,30,2,2,11,2,0
"COG4558",1,0,0,0,6,0,3,2,0,0,1,0,0,39,9,14,0,0,17,11,2,2,8,0,0,0,0,0,0,0,15,0,7,0,0,5,2,6,0,0,0,0,11,2,1,0,0,1,0,6,6,0,0,0,1,0,17,0,3,14
"COG4559",0,0,0,0,7,0,0,0,0,1,0,0,0,34,6,15,0,0,19,8,1,1,2,0,0,1,0,0,0,0,27,1,14,0,0,2,0,5,0,0,1,0,9,3,0,1,0,0,0,2,6,0,1,0,0,0,11,0,4,17
"COG4564",19,12,13,0,1,105,233,31,34,151,147,65,54,226,8,6,40,5,0,82,13,0,33,0,69,12,1,37,0,49,8,39,0,292,0,12,68,0,53,3,9,0,2,40,116,1,0,136,136,0,39,29,47,29,0,0,72,70,165,0
"COG4565",26,7,38,12,20,22,18,10,10,3,25,14,32,155,56,51,7,2,70,25,8,26,85,10,12,5,69,29,0,6,61,27,448,27,29,15,19,9,9,13,30,34,21,17,15,11,7,11,9,16,25,6,15,5,58,5,48,4,17,42
"COG4566",9,42,91,10,37,21,77,54,92,60,70,3,92,77,115,144,47,20,29,52,106,87,4,15,86,16,2,64,7,66,29,151,0,184,86,39,100,479,11,112,189,0,7,24,54,8,2,7,0,72,15,62,114,40,27,50,23,7,67,29
"COG4568",2,0,3,2,0,0,3,0,0,1,0,0,5,25,3,5,0,0,5,1,1,2,12,1,0,0,11,0,0,0,8,4,90,2,2,0,0,2,1,2,4,6,3,0,1,1,1,0,0,2,6,1,0,0,8,0,9,0,1,8
"COG4569",4,3,37,7,8,0,9,0,1,2,2,0,17,37,11,13,3,0,18,19,1,0,44,1,1,1,81,0,1,0,22,18,205,0,8,5,2,5,2,13,7,18,9,4,0,3,1,1,4,10,7,3,7,1,31,0,12,0,0,11
"COG4570",19,2,19,12,42,26,47,27,24,10,10,32,4,7,29,15,20,10,18,17,21,126,15,12,108,19,33,32,1,14,67,14,83,26,2,3,30,7,26,14,4,20,9,24,10,6,42,16,33,8,32,3,8,19,98,6,21,30,9,7
"COG4571",0,1,0,3,2,0,3,1,0,1,0,0,0,0,21,9,0,0,35,8,0,5,0,1,0,0,0,0,0,0,23,2,15,0,0,0,1,16,0,1,13,13,10,0,0,0,0,0,0,3,0,0,0,0,1,0,13,0,7,0
"COG4572",0,0,1,2,0,0,2,0,0,1,0,0,3,17,4,4,0,0,6,0,0,2,12,0,1,0,9,0,0,0,5,1,41,0,2,4,0,4,1,2,0,4,3,4,0,0,0,0,1,5,2,0,0,0,10,0,5,0,1,5
"COG4573",13,17,44,12,175,20,18,16,16,21,14,40,22,20,20,23,54,55,37,17,40,10,85,136,6,18,148,20,34,20,87,26,281,20,63,60,16,14,9,66,29,24,11,9,13,17,43,6,18,13,26,14,65,22,56,24,62,17,34,35
"COG4574",4,2,8,2,2,0,1,0,0,0,0,0,8,29,11,8,3,0,9,7,1,1,28,2,0,0,13,0,0,0,12,10,100,0,1,3,0,0,0,2,1,7,2,2,0,0,0,0,0,5,5,0,2,0,22,0,10,0,3,7
"COG4575",3,4,19,6,9,0,10,1,2,1,1,0,16,57,19,14,1,1,25,12,2,0,56,8,0,0,40,1,1,5,20,10,253,3,6,12,5,10,2,9,11,16,8,7,1,2,0,0,0,7,10,1,5,1,38,1,25,0,5,22
"COG4576",29,6,11,15,42,22,13,8,9,7,45,13,9,18,20,18,41,13,43,13,21,18,13,23,9,10,16,12,5,22,25,30,65,2,13,34,6,16,11,15,12,32,15,2,5,11,5,12,7,12,22,10,19,4,30,4,7,10,6,7
"COG4577",121,22,53,40,136,73,33,33,23,24,125,46,35,260,88,63,162,45,140,39,68,86,88,74,44,38,55,58,38,40,87,132,197,21,43,143,57,75,32,44,84,106,115,21,18,103,29,27,26,48,95,48,44,23,101,16,36,44,50,61
"COG4578",2,40,7,12,3,1,2,12,0,10,1,0,13,19,7,22,0,2,7,7,0,1,23,1,0,11,21,0,80,0,7,3,61,0,4,5,0,0,19,5,2,6,4,6,0,32,240,0,2,1,18,0,1,0,22,0,6,0,3,2
"COG4579",7,4,24,6,5,0,8,1,0,0,1,1,16,109,16,19,0,0,23,14,3,6,92,2,1,2,29,0,1,0,25,10,320,1,6,20,1,6,1,8,7,12,16,10,2,1,0,0,2,9,24,3,6,0,25,0,17,0,6,21
"COG4580",24,17,49,17,2,1,38,4,1,6,1,1,37,523,61,22,3,0,59,75,14,4,197,5,1,3,93,0,3,0,64,41,835,1,16,34,11,14,4,24,18,37,24,612,1,7,4,1,6,46,139,5,16,0,91,0,69,1,11,58
"COG4581",0,0,22,0,1,16,114,1,0,0,0,5,0,13,0,1,8,3,5,25,5,4,0,10,1,21,0,1,0,1,0,0,0,0,0,359,16,0,6,7,2,9,1,0,6,25,540,0,2,0,119,13,11,2,290,1,0,0,81,2
"COG4582",3,9,24,4,8,0,13,5,2,1,5,1,24,56,16,33,3,0,25,11,3,0,36,2,2,0,15,3,1,9,17,13,195,4,7,10,13,6,1,9,10,2,9,99,5,3,2,0,1,9,9,2,16,2,37,1,19,0,5,11
"COG4584",2099,2310,1905,911,466,1538,1013,1044,786,3703,1033,818,790,688,245,1572,1564,887,516,201,981,411,635,613,1504,225,1077,789,1518,405,615,512,1631,810,1360,520,843,348,1258,2646,2865,644,2641,169,1013,722,145,831,1574,1031,1654,897,663,1093,629,259,955,667,964,861
"COG4585",168,192,275,128,127,283,382,257,202,203,239,215,96,449,123,349,387,328,149,185,236,214,173,450,174,168,97,261,359,234,57,122,100,474,173,412,253,301,117,129,225,320,100,343,267,373,813,157,243,264,202,253,91,322,345,230,229,352,268,223
"COG4586",3,4,13,6,31,57,3,14,4,3,25,42,6,8,13,3,11,13,54,1,7,1,17,11,2,49,3,17,7,16,148,7,33,16,7,5,6,19,1,3,6,33,17,11,5,18,20,1,6,24,3,4,10,49,33,21,4,9,19,1
"COG4587",3,2,11,13,15,43,0,5,1,0,43,43,3,5,7,9,5,7,30,1,4,4,38,4,2,38,5,20,2,16,108,4,13,20,4,5,1,1,2,4,5,39,24,4,2,13,20,1,5,16,4,3,4,35,8,16,1,10,18,1
"COG4589",10,33,44,136,26,4,34,18,38,13,24,10,19,31,25,52,9,12,182,13,40,19,23,33,15,2,19,23,0,19,1,65,89,36,51,4,40,83,1,25,37,76,66,8,23,15,1,19,9,158,7,44,13,4,23,26,26,9,53,44
"COG4590",0,0,0,0,0,0,0,0,3,0,0,13,0,0,0,0,0,2,0,0,0,0,50,0,0,0,0,0,0,0,3,0,0,1,0,0,0,1,15,0,0,0,0,0,3,0,0,0,0,0,0,5,20,4,0,0,0,0,0,1
"COG4591",998,627,505,585,352,326,535,421,500,636,556,504,509,582,690,688,246,563,489,1330,384,627,348,341,315,244,403,335,962,396,249,486,308,467,552,150,391,183,335,540,664,403,544,882,764,286,12,567,488,473,294,529,371,530,189,722,709,471,719,580
"COG4592",0,1,4,4,2,0,6,0,2,1,0,0,5,34,13,12,0,0,9,20,6,3,40,1,0,1,25,0,0,0,15,5,144,1,4,5,1,3,2,1,2,12,7,4,0,0,0,1,0,1,18,1,3,0,11,0,9,0,2,11
"COG4594",0,1,5,1,2,1,1,1,2,0,0,0,2,0,1,9,2,13,0,3,0,2,1,2,0,2,0,0,5,0,0,1,0,2,3,12,0,0,3,1,2,1,11,1,0,0,0,2,1,3,0,1,2,0,4,4,0,0,1,1
"COG4597",9,5,28,1,18,4,18,6,18,17,9,0,31,21,18,20,10,2,15,26,21,16,30,3,7,0,24,6,0,8,24,22,197,16,3,6,13,87,2,18,19,22,8,6,11,0,0,0,1,17,1,14,17,6,27,0,18,0,17,31
"COG4598",8,1,9,1,0,0,5,0,2,3,0,1,8,97,8,5,0,0,16,15,2,2,65,3,1,1,23,0,0,0,13,6,111,0,0,12,2,3,1,2,3,7,8,12,1,3,1,1,1,7,30,0,1,0,18,0,7,0,2,14
"COG4603",83,45,171,89,355,410,208,216,209,52,175,325,62,85,100,126,296,168,174,48,156,242,213,160,165,124,144,282,76,289,514,146,370,270,171,346,281,358,209,150,76,198,125,124,131,293,168,237,262,170,344,235,375,224,250,143,139,305,264,102
"COG4604",8,27,13,15,11,6,1,13,6,3,26,3,14,22,15,43,50,19,10,5,35,7,35,35,11,6,2,11,14,13,11,30,52,9,2,44,11,173,36,9,6,8,22,5,17,40,4,7,21,11,25,3,11,19,31,64,5,0,1,1
"COG4605",10,10,17,20,16,1,14,13,4,5,21,0,17,21,14,32,42,15,9,1,48,13,46,53,12,4,3,18,19,21,8,28,43,7,2,45,21,209,38,20,11,18,28,6,16,30,6,0,48,5,35,9,27,2,39,60,3,0,2,2
"COG4606",4,22,10,14,15,1,8,27,7,6,29,1,13,29,15,37,61,14,14,0,31,8,30,50,10,5,5,11,15,17,13,25,46,10,2,34,20,105,47,13,8,8,20,8,26,32,6,1,32,9,26,9,30,2,45,60,6,2,1,3
"COG4607",10,20,21,6,14,4,5,23,4,6,26,3,17,24,14,29,47,23,7,0,30,7,40,35,5,4,8,11,13,12,9,22,37,7,6,38,12,92,21,11,8,12,37,11,24,31,4,0,26,7,23,3,42,6,35,49,2,2,7,3
"COG4608",216,199,310,180,571,423,411,320,274,132,360,342,139,429,235,303,614,333,558,121,321,252,588,447,270,230,395,336,266,289,801,371,911,335,366,964,385,733,374,278,231,488,344,181,247,672,867,298,390,324,704,366,471,327,898,244,406,518,286,153
"COG4615",0,4,6,4,2,0,4,0,0,1,0,1,13,50,9,7,0,0,17,10,2,2,58,5,1,0,34,0,0,0,22,12,187,0,4,13,3,4,3,4,8,13,14,6,0,0,1,0,0,9,23,3,3,0,38,0,27,0,6,27
"COG4618",0,0,0,0,0,2,2,0,1,0,0,0,0,0,0,0,0,3,0,0,0,3,0,0,0,0,0,2,0,43,2,0,0,1,0,0,0,0,0,2,4,0,0,2,1,0,0,0,0,0,0,0,0,4,0,0,0,1,0,0
"COG4619",4,3,16,5,2,2,12,0,1,1,1,0,12,50,13,18,1,0,20,11,2,6,39,3,3,0,24,0,0,0,17,19,147,1,4,119,3,165,0,3,7,13,11,4,0,6,119,0,1,10,19,2,4,4,311,0,9,1,3,17
"COG4623",186,318,314,360,183,151,283,123,196,222,232,220,139,394,248,239,34,24,242,46,215,351,220,140,158,15,208,169,113,113,135,277,157,128,255,45,234,34,138,217,390,169,281,50,308,62,11,361,240,229,201,357,122,42,116,114,319,190,291,471
"COG4624",569,693,977,836,1115,1137,885,891,1162,611,1166,1042,529,738,948,1039,1116,535,1121,260,976,923,720,946,857,466,854,1183,445,1016,1364,1090,689,913,847,845,1096,899,741,777,857,978,1109,329,973,1391,785,918,1056,870,1497,668,992,692,528,793,722,903,810,619
"COG4625",3,8,54,16,18,1,21,11,20,8,38,15,60,26,64,69,13,16,83,29,34,29,128,19,5,13,41,3,7,40,17,44,167,29,18,16,87,56,93,23,106,36,64,21,96,5,1,5,1,20,58,26,87,18,20,8,22,70,25,33
"COG4626",137,74,162,373,157,189,192,78,193,77,101,160,43,40,281,157,122,94,114,56,179,207,99,251,200,109,424,300,110,181,630,291,309,103,106,46,186,405,139,236,171,213,132,112,272,176,308,299,312,145,239,120,198,280,127,160,103,306,229,254
"COG4627",1,2,5,0,0,0,1,3,1,0,1,0,0,0,0,0,0,0,0,0,0,1,0,0,0,1,0,18,2,1,5,0,0,0,105,4,0,0,0,1,1,0,0,0,0,2,0,0,0,0,0,0,0,0,0,0,1,0,0,0
"COG4628",0,0,0,0,0,0,0,0,0,0,0,0,0,8,0,0,0,0,0,2,0,0,4,0,0,0,0,0,0,0,1,0,0,0,0,4,0,0,0,0,0,1,0,0,0,0,0,0,0,0,4,0,0,0,0,0,0,0,0,0
"COG4631",0,0,1,0,3,0,1,0,3,0,0,1,0,0,1,1,3,0,0,0,0,0,1,1,0,0,1,0,0,1,0,0,0,1,0,0,0,0,1,1,0,1,0,0,0,0,0,0,0,0,0,0,0,0,0,0,0,0,0,0
"COG4632",64,395,157,618,282,313,196,332,303,173,235,356,63,188,294,235,137,86,552,22,385,118,250,155,852,68,447,245,235,302,328,282,19,250,371,93,285,271,193,129,288,455,509,114,199,300,362,232,178,603,204,170,333,247,117,250,278,223,212,386
"COG4633",7,1,16,1,9,4,26,7,1,1,0,2,2,6,0,8,34,7,0,19,43,46,2,5,11,14,2,37,0,3,3,5,0,32,1,209,18,1,2,1,2,25,2,0,2,21,89,8,1,0,5,6,45,27,284,4,5,13,24,4
"COG4635",1,8,7,20,15,1,10,13,13,6,6,8,12,32,25,10,6,10,51,12,5,8,19,1,7,0,11,4,4,8,16,19,122,13,7,20,7,49,1,15,9,6,8,7,2,0,1,2,3,71,12,10,9,1,18,11,11,3,15,29
"COG4636",62,50,77,68,39,28,31,52,65,28,61,26,12,40,32,50,193,58,43,14,89,32,44,165,24,37,36,67,33,38,27,53,61,97,7,136,60,211,19,26,25,43,33,31,13,201,96,25,64,44,36,21,49,23,70,81,6,66,11,27
"COG4637",62,292,161,2,38,48,176,94,188,39,193,24,190,155,250,119,82,23,1,32,10,134,44,60,221,14,87,80,365,87,52,67,0,127,226,56,137,5,270,51,17,8,186,81,123,60,5,16,177,56,216,13,55,139,90,47,90,40,55,141
"COG4638",3,4,11,3,6,0,9,0,1,2,1,1,18,198,12,9,0,0,16,15,3,1,76,7,1,2,46,0,0,0,1,10,173,1,8,15,3,8,1,5,2,14,9,12,0,1,1,0,1,4,31,2,7,0,28,0,7,0,1,17
"COG4639",1,3,0,1,1,26,7,96,6,2,10,0,1,8,1,0,1,26,1,0,0,4,11,0,21,4,0,83,5,37,80,4,60,2,2,89,9,4,2,0,4,10,0,28,9,0,1,7,34,3,21,5,14,2,326,1,17,4,10,15
"COG4640",3,1,11,0,1,0,3,0,1,0,0,0,0,1,1,0,10,18,7,8,0,0,0,3,1,3,1,1,1,0,0,0,0,0,0,104,1,0,0,1,0,5,0,0,0,1,8,2,0,0,0,0,0,2,140,0,0,0,1,0
"COG4641",232,388,268,6,9,72,50,261,168,71,37,109,1,90,77,228,393,315,69,2,377,28,100,411,62,33,187,221,88,92,19,25,0,175,5,114,142,944,64,36,27,185,119,137,134,582,13,103,383,147,32,39,143,52,38,334,3,156,28,19
"COG4642",279,175,183,279,83,87,192,176,202,447,184,151,398,216,152,209,103,275,140,382,127,233,50,114,123,418,170,99,90,207,45,147,1,141,191,40,169,17,241,302,221,211,228,294,237,75,10,237,182,220,107,214,107,325,34,206,264,120,208,257
"COG4643",0,6,42,2,22,3,34,9,34,14,15,3,12,13,25,16,17,4,0,3,18,0,692,11,6,2,38,9,0,8,70,33,0,9,23,8,42,142,6,26,44,14,91,6,13,3,9,3,3,21,6,26,26,4,101,20,28,2,6,5
"COG4644",11,37,35,3,13,2,49,0,3,1467,1891,17,39,347,8,25,8,15,126,1,8,45,2,2,5,3,104,0,1,0,268,27,44,1,6,105,7,16,5,22,14,75,51,17,46,15,2,0,7,12,90,3,8,77,253,0,25,1,119,6
"COG4646",936,880,1464,1358,4018,2645,2236,2089,2372,1508,3433,2190,477,1732,587,1372,1628,1979,1186,640,2251,3526,1765,3685,1944,2716,1500,2920,1142,2473,2696,1257,578,2449,1509,1711,1990,446,1941,2021,872,1777,1119,873,2264,2242,1152,1979,1996,1096,1459,1974,2927,1062,838,1380,1482,2672,1986,1264
"COG4648",1,0,3,0,5,0,3,0,5,3,2,0,1,2,6,5,1,0,0,4,1,9,0,0,3,0,0,0,0,0,0,8,0,6,0,4,4,14,0,1,0,2,10,52,3,0,0,1,0,0,1,2,0,1,0,0,2,0,2,3
"COG4650",4,9,17,4,6,1,12,1,4,2,2,4,14,6,14,18,0,1,19,29,3,7,39,5,11,2,40,0,1,3,36,16,241,22,15,6,8,5,1,12,19,20,23,1,0,4,2,0,3,8,1,5,7,5,33,7,16,2,6,15
"COG4651",6,29,36,8,22,9,25,9,33,17,24,12,42,69,46,70,14,5,33,14,15,7,159,3,16,3,56,18,6,25,36,41,223,34,23,15,35,128,73,49,40,30,24,10,24,3,2,1,9,15,54,40,81,18,30,18,19,3,27,17
"COG4652",3,0,0,5,18,4,12,5,0,1,0,7,0,21,0,0,7,17,0,0,3,0,0,3,0,0,0,9,0,0,22,1,2,0,0,4,0,0,0,2,0,1,0,2,0,2,0,0,0,1,4,0,0,12,8,0,1,2,9,0
"COG4653",61,14,35,146,50,31,45,21,68,12,73,52,28,9,162,60,36,33,22,44,49,86,25,78,39,65,8,83,5,56,135,43,222,38,62,23,72,11,29,27,41,27,34,50,26,31,21,44,112,21,31,30,100,114,15,75,47,66,110,52
"COG4656",526,367,554,330,668,697,563,498,610,526,670,653,493,580,405,527,813,472,303,588,521,590,555,625,395,469,523,535,398,605,535,430,485,513,494,513,532,298,471,561,518,441,484,486,602,616,209,536,579,302,683,579,580,590,257,464,510,602,626,402
"COG4657",303,202,272,191,365,336,309,266,282,325,306,260,282,244,194,249,256,247,193,243,268,289,269,276,205,306,241,318,284,354,230,277,126,282,311,203,300,180,287,270,252,267,215,288,290,219,116,289,303,222,451,295,278,309,116,320,344,300,250,226
"COG4658",403,386,458,242,673,574,512,378,502,420,492,477,347,422,344,423,447,380,246,399,483,441,462,528,294,445,528,426,306,491,358,387,226,464,472,327,384,188,438,459,447,336,391,376,515,362,168,435,413,274,709,534,517,543,152,396,532,497,466,405
"COG4659",259,287,288,261,395,314,266,280,326,380,317,308,360,249,286,306,269,228,210,281,246,346,254,345,189,368,279,248,273,268,201,285,175,271,301,191,237,188,277,290,348,250,275,227,346,321,72,273,314,241,244,313,283,244,121,237,318,291,299,293
"COG4660",357,312,308,233,512,403,344,325,412,349,360,357,318,276,292,260,362,308,222,269,391,332,319,429,253,337,419,387,268,418,278,340,155,324,432,263,339,202,364,323,331,315,271,299,360,312,101,327,409,285,556,396,386,420,127,371,421,348,290,332
"COG4662",1,0,4,0,4,2,3,2,8,5,7,3,3,1,0,14,12,2,0,1,4,1,2,1,3,1,0,5,0,35,28,2,0,1,0,0,3,0,2,6,4,5,9,2,9,4,0,2,2,0,4,4,9,3,0,1,0,7,3,3
"COG4663",0,1,1,0,10,5,4,15,26,7,6,24,3,2,2,2,4,2,0,0,11,2,1,3,10,3,1,15,0,13,14,1,0,4,3,2,7,1,6,16,6,0,0,1,5,3,1,5,8,0,20,7,7,3,0,1,3,2,3,6
"COG4664",1,1,4,0,7,6,9,14,25,6,9,15,5,1,2,3,8,3,0,1,6,1,0,3,14,5,1,14,0,13,10,1,0,4,6,1,12,1,6,19,5,1,0,4,5,2,0,6,7,0,8,11,4,7,0,4,8,5,4,1
"COG4665",0,1,0,0,10,6,1,9,13,3,5,5,2,3,1,2,9,0,0,0,2,0,1,1,6,1,2,3,0,5,1,1,0,1,5,2,4,0,1,5,4,0,0,1,3,1,0,3,5,1,12,1,7,3,0,2,2,0,6,4
"COG4666",41,72,79,47,153,200,110,152,162,56,126,288,80,97,65,169,92,60,225,38,64,57,85,274,157,122,154,101,48,159,188,148,190,94,146,117,146,35,63,147,163,142,161,112,96,88,137,86,175,67,206,100,275,333,32,132,95,92,155,34
"COG4667",503,395,445,287,336,304,302,380,323,434,356,291,392,343,206,387,488,401,273,342,418,332,280,383,278,422,318,343,459,410,201,341,208,393,369,422,318,462,399,389,342,413,327,394,362,385,237,395,492,382,450,364,422,502,367,361,329,324,301,339
"COG4668",26,78,91,42,42,34,13,93,35,70,40,14,66,300,58,96,140,57,75,78,16,9,230,37,36,50,118,5,195,31,77,59,515,17,17,183,20,24,49,30,31,49,29,34,29,170,696,41,71,26,113,26,59,22,140,24,62,13,75,61
"COG4669",2,4,11,9,4,2,10,0,0,4,4,3,4,2,17,16,0,0,24,12,3,3,1,0,1,0,0,0,0,0,2,9,189,0,3,0,0,8,1,9,3,12,10,2,5,0,2,0,1,14,1,1,2,1,30,1,10,0,1,23
"COG4670",24,19,61,41,76,67,109,77,69,22,75,63,69,69,115,93,266,60,161,27,38,44,122,67,54,50,118,78,13,22,125,38,345,47,22,207,51,54,30,86,93,113,65,15,46,59,101,17,30,55,131,79,45,24,49,13,53,17,55,35
"COG4672",2,0,162,0,6,1,9,0,0,1,0,2,5,1,9,6,0,0,43,9,4,17,25,7,0,0,1,0,1,23,18,12,167,2,10,11,3,9,3,1,3,2,10,0,1,0,9,0,0,0,13,6,0,0,4,2,11,0,5,20
"COG4674",4,43,0,17,9,2,4,0,3,0,0,7,0,31,0,18,0,4,1,0,25,1,11,1,0,0,0,0,0,1,8,1,0,4,2,8,0,0,21,0,0,13,0,197,0,29,0,17,0,0,13,0,0,1,0,0,4,4,0,0
"COG4675",5,1,1,5,1,1,29,9,1,0,0,25,1,2,0,0,0,0,0,0,6,0,32,1,29,0,0,12,0,3,37,16,0,0,0,0,0,0,19,3,0,0,0,4,1,3,0,0,2,0,0,21,6,4,0,0,0,2,0,0
"COG4676",2,0,10,3,0,0,6,0,1,0,0,23,10,0,5,7,3,0,5,5,1,0,22,1,0,0,26,0,0,0,16,6,134,1,3,0,0,3,1,0,1,10,6,0,7,0,2,1,0,6,0,0,0,1,18,0,5,0,2,5
"COG4677",1090,1150,870,930,639,322,417,605,443,990,430,509,1564,439,948,719,454,1098,1040,1439,786,987,465,814,490,876,671,550,722,645,131,583,230,483,656,217,581,550,901,808,1233,206,717,379,658,632,69,605,1034,1026,372,1003,386,669,164,906,826,394,690,1075
"COG4678",1,1,1,39,0,0,2,0,0,0,0,0,29,0,11,1,0,0,10,6,1,0,2,2,0,1,32,0,0,0,1,1,1,0,0,0,0,1,0,1,1,5,10,0,0,0,0,0,0,2,0,0,1,0,2,0,6,0,0,0
"COG4679",6,5,1,2,23,37,24,8,3,2,6,8,1,18,2,39,4,13,0,6,14,8,20,7,12,18,2,69,11,52,30,7,23,28,3,2,9,2,22,4,5,15,4,10,3,10,4,9,14,5,21,23,8,16,7,2,16,38,3,7
"COG4680",8,40,30,46,17,4,53,55,6,100,21,16,30,99,108,30,6,64,96,25,16,68,19,18,20,97,18,10,3,11,14,98,75,61,52,0,31,58,90,37,14,54,40,55,43,8,2,13,10,90,22,88,3,108,9,31,19,13,8,91
"COG4681",1,1,24,3,1,2,9,4,4,10,4,0,18,43,14,5,3,2,8,12,7,7,28,2,2,1,25,0,0,0,13,15,107,4,1,10,1,19,1,16,2,8,3,8,3,2,0,0,1,7,5,7,8,1,19,0,7,0,11,6
"COG4682",3,4,18,6,5,0,6,0,0,2,0,0,12,86,24,8,0,0,32,10,1,2,28,4,0,1,21,0,2,0,15,16,173,0,4,7,1,5,3,3,4,6,5,8,0,3,1,1,0,11,15,3,6,0,39,0,22,0,1,23
"COG4683",0,1,0,0,5,0,14,0,3,0,0,0,0,44,4,4,0,0,1,5,0,1,0,0,0,1,0,0,0,0,2,0,0,0,0,0,1,0,0,0,2,2,5,4,0,0,0,0,0,0,0,0,1,0,0,0,2,1,0,0
"COG4684",30,15,30,46,49,27,49,22,31,14,61,11,3,16,18,29,109,61,48,9,14,36,41,74,33,64,24,45,22,17,64,34,91,12,12,88,24,162,12,45,24,73,33,29,13,65,23,20,25,48,24,12,43,37,126,21,16,43,23,21
"COG4685",2,3,13,6,4,1,2,0,1,0,0,0,18,0,13,15,2,0,28,8,1,5,32,6,1,0,38,0,0,0,29,7,200,1,7,0,0,7,2,9,6,12,20,0,0,0,1,1,1,9,1,0,5,1,39,1,11,0,8,22
"COG4687",5,4,3,1,1,3,4,5,2,1,2,3,0,11,3,1,42,25,4,3,0,0,2,6,2,12,1,1,4,1,3,3,2,0,0,28,2,99,1,3,2,1,1,5,1,11,15,1,5,0,34,1,2,3,131,6,1,3,7,0
"COG4688",0,1,15,0,0,0,2,0,0,0,0,0,1,0,54,2,1,0,0,48,1,0,24,0,0,0,1,0,0,0,0,2,0,0,0,0,0,0,0,0,0,0,0,2,0,6,0,0,3,14,0,0,0,0,38,0,16,0,2,0
"COG4690",595,301,524,298,379,451,662,489,454,663,556,371,751,484,305,545,287,484,252,813,350,472,385,369,253,638,371,367,396,524,236,447,83,553,466,1078,436,653,595,627,476,405,361,462,554,352,619,449,467,347,434,550,446,474,1490,420,507,421,695,449
"COG4692",279,507,101,667,198,253,254,280,344,429,186,173,911,186,589,272,44,812,406,24,307,262,197,328,208,1565,379,134,143,224,65,270,24,159,246,86,398,37,432,154,430,70,725,177,373,171,24,501,433,375,104,180,313,84,52,195,439,219,449,417
"COG4693",1,6,6,4,5,14,56,2,4,0,13,3,1,58,14,10,30,4,40,30,2,12,25,3,11,55,6,3,59,24,3,3,13,0,5,1,1,3,2,4,3,2,11,0,4,5,1,7,14,2,12,6,2,0,12,8,9,4,8,8
"COG4694",0,802,59,0,19,13,144,35,10,18,0,8,7,70,52,57,39,61,160,2,25,0,18,8,4,17,38,185,142,97,29,67,0,2,13,0,19,0,13,48,8,232,5,246,34,44,24,156,15,52,6,23,45,103,46,36,10,109,12,7
"COG4695",96,27,131,305,72,44,143,45,122,8,44,71,37,19,317,86,55,38,78,28,89,142,33,221,75,68,9,91,76,70,255,168,210,71,55,48,53,91,94,74,68,43,68,48,8,109,186,107,239,39,99,76,135,103,37,89,51,122,85,181
"COG4696",7,3,3,0,0,3,30,5,1,9,8,24,0,2,1,0,0,6,8,6,1,0,18,2,10,0,0,21,0,12,3,17,1,1,0,0,27,0,5,2,1,1,8,4,5,0,0,0,2,1,9,12,7,3,2,0,2,3,15,0
"COG4698",1,0,0,0,0,0,1,0,1,0,0,0,0,0,0,0,5,13,5,4,0,0,0,1,0,2,0,0,0,0,0,1,0,0,0,2,0,125,1,0,1,2,0,0,0,0,0,0,0,0,0,0,0,1,21,1,0,0,0,0
"COG4699",2,0,0,0,0,0,0,0,0,0,0,0,0,0,0,0,3,7,5,1,0,0,0,1,1,3,0,0,0,0,0,1,0,0,0,1,0,1,0,0,0,0,0,0,0,1,5,0,0,0,0,1,0,0,5,1,0,0,0,0
"COG4700",0,0,0,0,0,0,1,0,0,0,0,0,0,0,0,0,0,0,18,3,0,0,0,0,0,0,0,0,0,0,0,0,0,0,0,0,0,0,0,0,0,0,0,0,0,0,0,1,0,3,0,0,0,0,0,0,3,0,0,11
"COG4701",0,2,0,0,0,0,0,0,0,0,0,0,0,1,0,0,0,4,0,0,0,0,0,0,0,0,0,0,0,0,0,0,0,1,1,0,0,1,0,0,0,1,0,0,0,0,0,0,0,0,0,0,0,2,0,0,0,0,0,0
"COG4702",7,9,6,1,9,4,3,12,7,14,3,3,7,11,2,25,56,14,7,6,1,24,5,8,15,3,13,2,4,4,2,1,2,2,0,33,32,31,4,3,0,4,1,10,9,51,20,11,5,4,5,0,9,3,42,11,6,10,1,4
"COG4703",1,0,0,0,0,0,4,0,0,0,0,0,0,0,1,0,1,6,0,0,1,0,0,1,0,4,0,0,0,0,0,1,0,0,0,4,0,51,1,1,0,1,0,0,0,0,1,0,0,1,2,0,1,0,8,0,0,0,0,0
"COG4704",0,16,0,35,6,2,0,3,6,0,0,1,0,5,1,1,0,0,0,0,4,0,6,0,6,1,14,2,0,0,0,7,0,0,2,0,17,0,0,2,11,0,12,0,10,0,0,35,29,0,4,1,5,0,0,2,1,11,26,3
"COG4706",0,0,3,0,0,0,2,3,7,4,4,0,1,5,5,1,0,2,0,1,4,3,0,0,3,1,0,0,4,0,2,10,0,3,0,3,3,40,2,4,1,0,5,45,0,0,0,0,0,3,0,5,2,3,0,0,1,0,8,0
"COG4708",44,32,88,22,133,156,65,110,111,17,50,84,6,64,21,50,189,79,37,14,102,47,91,139,47,74,107,147,41,99,110,49,62,86,59,156,83,243,77,38,23,92,35,55,58,141,64,76,120,37,159,78,115,96,44,115,77,145,44,28
"COG4709",23,10,36,9,62,17,18,12,14,3,14,12,4,16,20,16,142,46,11,15,15,18,8,63,14,21,3,18,9,22,11,21,28,16,8,79,28,37,14,28,12,23,19,7,9,58,36,12,11,19,15,12,16,9,85,15,11,15,7,6
"COG4710",0,0,0,0,0,0,0,0,0,0,0,0,0,1,0,1,1,0,0,0,0,0,0,0,0,0,0,0,0,1,0,0,0,7,0,1,2,4,0,0,0,0,0,0,0,0,0,0,0,0,0,0,1,0,0,1,0,0,0,0
"COG4712",6,4,7,0,11,21,24,33,4,0,9,6,25,55,64,4,4,3,119,0,24,208,13,4,6,0,109,12,3,26,19,37,2,25,4,1,23,13,7,16,15,10,16,9,31,3,3,28,13,71,14,11,26,6,30,11,3,19,20,3
"COG4713",12,46,110,20,23,37,15,109,48,19,84,32,11,28,36,36,101,127,29,15,201,67,62,81,41,36,46,140,16,16,152,20,66,97,16,52,59,263,40,29,16,38,34,41,28,37,57,38,22,20,51,45,73,53,117,108,8,54,33,30
"COG4715",0,9,0,37,0,0,13,1,0,0,18,0,0,0,41,0,1,0,1,0,0,1,0,0,4,0,0,0,0,0,9,3,2,0,17,1,0,0,1,1,0,0,0,0,20,1,0,11,0,23,0,1,0,1,51,0,0,0,0,0
"COG4716",118,100,222,76,547,567,231,341,301,76,129,300,20,134,66,171,506,316,99,43,272,128,381,386,433,180,231,468,119,468,204,123,196,433,175,766,202,596,224,155,41,251,122,169,160,507,371,242,305,116,473,221,313,393,686,265,201,401,184,94
"COG4717",44,61,41,29,99,141,65,150,133,45,55,156,25,68,60,106,179,150,70,31,93,102,113,107,399,133,94,85,43,60,180,48,187,155,24,260,78,200,61,55,19,109,79,149,53,261,156,91,130,68,44,38,269,201,397,65,17,114,89,44
"COG4718",0,0,107,0,8,0,1,0,0,0,0,0,5,0,10,9,0,0,15,9,1,3,22,3,1,1,0,0,0,1,23,3,167,0,5,10,0,6,1,4,6,3,12,1,0,0,1,0,1,0,8,1,2,0,7,0,10,0,4,19
"COG4720",43,39,117,21,140,119,99,102,108,23,53,111,7,42,28,35,252,107,33,24,101,61,114,81,84,135,78,111,38,80,136,58,40,96,16,348,88,384,69,36,23,118,22,77,36,167,197,75,151,66,204,54,181,93,417,73,29,113,56,31
"COG4721",17,1,18,4,1,6,81,0,1,3,44,2,8,3,13,7,1,0,25,4,2,12,1,6,7,8,0,0,0,0,0,21,1,1,0,151,2,36,1,4,14,14,22,2,3,8,190,1,1,0,9,8,3,1,130,1,0,0,25,2
"COG4722",4,2,19,1,5,2,13,2,32,0,4,6,1,3,5,4,7,0,21,1,1,7,0,25,14,5,10,9,1,16,39,6,22,3,4,0,3,517,0,3,1,18,0,6,2,15,10,2,16,5,18,6,8,15,24,1,1,2,5,1
"COG4723",0,0,115,0,3,0,3,0,0,0,0,1,21,1,20,12,0,0,21,6,0,18,23,6,1,1,0,0,0,0,61,7,177,1,6,8,0,3,1,1,4,3,11,0,0,1,0,1,0,0,3,1,3,0,7,0,8,0,4,12
"COG4724",79,35,38,20,2,185,141,421,62,22,110,39,18,36,2,363,32,175,16,2849,48,6,11,15,86,65,43,151,6,54,50,135,0,33,22,1,99,28,36,73,36,65,8,253,80,265,14,147,97,8,113,26,82,304,155,614,32,65,209,35
"COG4725",23,19,67,38,93,158,101,66,55,7,55,228,4,36,33,37,74,74,24,23,76,12,80,131,51,29,61,181,25,112,191,35,74,73,51,33,143,11,52,23,18,48,6,66,76,126,79,49,82,19,125,45,87,47,14,83,46,111,86,28
"COG4728",105,44,70,68,63,81,67,119,72,96,25,104,69,19,34,51,112,109,20,61,55,41,63,72,166,232,149,125,201,98,67,43,25,116,45,55,76,49,127,92,10,59,14,63,41,135,97,69,68,36,34,48,79,180,22,71,70,99,44,31
"COG4729",2,1,3,0,1,0,3,4,1,2,5,0,0,1,1,0,1,2,0,1,2,4,0,0,3,0,3,1,0,1,0,3,9,4,0,0,5,0,1,3,0,2,1,1,2,1,2,3,1,2,14,0,0,2,4,0,3,3,0,1
"COG4731",0,0,1,0,0,0,0,3,0,2,0,4,2,0,0,10,0,0,0,0,8,0,0,1,0,0,0,0,0,0,1,11,0,0,0,0,0,0,0,0,0,0,0,8,0,0,0,1,0,0,0,0,0,0,0,6,0,0,0,0
"COG4732",44,34,50,12,189,39,56,64,84,32,66,40,19,40,34,57,154,91,45,27,76,94,48,114,48,83,68,60,22,64,50,45,64,94,34,114,68,33,54,39,27,63,39,48,54,135,41,79,61,23,132,59,95,58,89,51,64,77,36,34
"COG4733",9,3,560,1,30,8,32,2,4,10,2,3,31,79,77,74,6,5,214,106,10,57,129,44,2,1,5,1,4,78,259,37,844,0,21,24,18,25,9,13,26,23,64,5,1,5,30,1,2,22,133,35,18,4,19,10,60,0,24,82
"COG4734",45,150,78,68,109,112,38,65,93,36,57,50,62,154,116,43,32,34,88,32,29,165,320,80,58,27,171,76,35,93,67,129,47,39,199,41,105,74,83,78,43,48,69,27,113,55,74,67,67,67,69,101,92,25,104,119,128,33,73,61
"COG4735",27,6,56,5,4,16,116,17,0,29,14,44,11,20,14,4,3,0,16,5,4,3,56,4,21,1,23,59,2,27,26,44,120,6,5,3,40,4,14,7,7,73,7,95,39,4,0,10,3,70,10,20,32,13,31,0,16,1,13,24
"COG4737",0,0,0,0,1,0,1,2,0,1,0,0,0,8,7,8,0,0,20,12,1,0,2,0,0,0,6,0,0,0,0,0,2,0,2,0,0,6,0,7,3,1,6,1,2,1,0,0,0,2,3,1,4,0,3,3,8,0,0,22
"COG4739",66,171,122,127,98,53,136,63,95,101,147,106,87,126,173,160,3,8,93,41,94,207,70,79,94,10,112,63,39,36,59,176,1,101,194,12,111,12,91,90,218,166,173,10,110,31,6,156,139,149,103,173,58,24,32,46,164,85,99,204
"COG4744",88,105,61,54,35,22,63,45,67,75,76,99,102,36,60,59,23,78,65,4,27,58,48,57,59,84,101,42,109,62,35,127,0,37,113,5,71,18,73,68,148,167,43,62,49,30,2,78,53,116,19,75,44,49,18,47,134,15,53,103
"COG4747",101,288,157,175,130,120,219,87,159,97,199,193,112,214,195,157,118,34,110,69,125,239,149,139,131,34,139,194,93,90,114,190,49,194,299,62,152,64,172,159,255,172,239,54,147,80,23,195,154,196,155,187,140,74,115,122,220,130,100,214
"COG4748",1,2,66,6,45,35,16,30,9,5,7,8,13,4,19,88,10,63,158,318,6,2,17,20,4,8,1,7,20,43,20,5,3,40,38,4,45,31,63,31,52,26,11,25,79,51,0,3,119,0,12,148,23,3,63,4,93,34,19,7
"COG4750",120,138,262,140,303,262,231,242,177,55,94,117,50,102,203,282,295,276,142,20,316,220,170,400,185,200,187,253,64,291,93,71,144,195,103,471,150,1261,151,113,89,297,189,79,119,286,578,230,254,299,45,158,121,84,165,303,176,255,77,158
"COG4752",13,4,8,3,9,4,18,8,7,16,45,16,11,10,14,20,5,5,43,7,12,11,0,4,15,12,2,4,1,10,10,22,0,5,9,3,8,31,2,9,19,19,11,13,21,3,4,4,6,11,10,5,32,9,57,14,10,3,21,5
"COG4753",3042,3463,3186,6113,3193,3309,2605,2685,3090,1752,2504,2427,1759,2043,4366,3322,3125,2269,5617,1747,3337,3493,2574,3364,2604,1257,3049,3970,1605,3334,2810,3358,2582,3664,4004,3163,3808,1716,1522,2891,3999,3805,4474,1318,2886,4016,1548,4280,3798,4449,2315,3174,1652,1591,2064,2503,3295,3334,3180,5099
"COG4757",0,0,0,0,0,0,2,0,0,2,0,0,0,46,0,0,0,0,0,0,0,0,0,0,0,0,0,0,0,0,0,0,0,0,0,1,1,0,0,0,0,0,0,2,0,1,0,0,0,0,6,0,0,0,0,0,0,0,0,0
"COG4758",0,0,1,0,0,0,0,1,1,0,0,0,0,0,0,0,4,8,2,3,0,0,0,0,0,3,0,1,0,0,0,0,2,0,0,3,0,0,0,0,0,1,0,0,0,1,2,0,1,1,5,0,1,0,3,0,0,0,1,1
"COG4760",0,22,0,4,0,12,0,29,0,12,15,3,6,0,0,10,0,0,1,0,0,0,0,1,0,6,0,1,66,0,3,9,0,5,0,0,10,0,6,0,0,0,0,99,0,24,150,0,0,0,0,0,0,1,1,1,0,0,4,4
"COG4763",2,0,7,2,3,0,1,9,13,12,5,2,7,0,16,2,2,0,8,4,0,44,10,2,0,0,13,18,0,18,35,12,89,0,5,4,0,1,32,25,2,6,7,11,31,2,0,0,6,4,0,12,19,4,128,5,9,2,21,9
"COG4766",12,3,15,11,9,1,9,3,4,1,5,10,8,54,18,11,1,3,11,9,6,12,18,0,6,1,27,1,1,2,48,17,94,1,5,3,4,7,3,15,13,13,25,3,9,7,1,2,3,6,15,9,6,2,19,1,7,2,14,11
"COG4767",72,101,160,47,90,224,202,276,114,38,104,178,12,74,55,75,273,166,70,34,162,76,113,252,578,118,194,293,53,149,248,76,167,189,30,406,201,403,84,100,51,172,22,121,137,248,75,109,144,118,156,85,150,190,514,202,34,191,40,38
"COG4768",0,1,1,0,0,0,0,0,0,0,0,0,0,0,0,0,3,1,1,2,1,0,0,0,0,0,0,0,0,0,0,1,0,0,0,38,0,64,0,0,0,0,0,0,0,0,2,0,0,0,0,0,0,0,96,0,0,0,0,0
"COG4769",43,62,101,44,145,180,64,166,138,39,113,131,31,72,43,71,174,108,77,24,105,79,120,137,56,68,91,148,87,137,102,54,43,113,57,149,78,99,64,36,35,74,25,43,64,150,162,92,116,42,139,69,102,100,65,93,64,113,57,39
"COG4770",34,0,11,0,0,16,55,1,9,1,2,7,0,5,0,13,1,10,5,16,14,6,0,18,0,14,11,3,0,13,11,0,0,14,3,188,7,2,3,4,1,9,0,4,1,14,334,14,1,1,4,13,10,0,97,0,1,48,36,1
"COG4771",1561,2058,1525,2458,1018,522,1305,938,1073,1173,1414,1432,1133,1616,1997,2004,225,761,1703,1848,1412,1729,1022,1313,1042,735,1432,882,1536,688,817,1651,244,828,2493,154,1775,432,996,1287,2444,1745,2142,598,1334,526,970,1616,1277,1868,1126,2034,724,779,1050,1365,1802,722,1346,2395
"COG4772",24,15,32,77,16,0,10,1,4,5,0,1,5,177,35,79,0,0,14,3,5,9,0,54,0,6,33,3,1,1,1,23,0,3,18,0,7,5,7,12,36,124,95,0,9,3,3,0,2,87,26,26,4,0,0,2,4,0,16,16
"COG4773",1,4,25,3,4,0,5,4,0,1,1,0,21,1,16,16,2,0,18,18,2,1,47,3,0,0,51,0,0,0,40,16,258,0,7,3,0,8,0,16,10,16,19,0,3,0,1,1,0,6,1,3,4,0,33,0,17,0,6,19
"COG4774",4,5,21,13,9,1,9,1,2,5,2,2,16,99,27,14,0,0,26,30,2,6,81,9,1,3,76,0,2,0,25,15,318,2,8,6,2,11,3,10,4,22,24,6,1,6,0,0,2,16,24,1,10,2,38,0,26,0,5,21
"COG4775",1089,721,478,630,299,382,639,497,491,1175,694,442,1238,812,556,678,324,840,600,1381,544,665,468,317,316,1004,477,263,1156,563,271,626,455,482,708,85,560,202,758,773,807,441,658,1097,813,175,405,589,494,523,514,693,504,758,211,725,789,458,796,785
"COG4776",4,12,5,0,2,0,4,0,0,0,0,0,6,63,2,7,6,15,5,8,0,0,37,0,0,2,10,0,3,1,9,10,30,2,1,10,5,7,1,2,2,9,2,218,0,1,0,0,0,7,21,0,1,1,4,2,2,0,2,4
"COG4778",0,9,18,6,19,2,1,7,2,5,28,15,12,35,17,35,0,4,31,22,14,23,39,7,1,0,21,7,1,19,21,48,106,1,21,7,18,4,2,3,15,5,11,4,8,6,3,9,0,5,42,18,6,1,10,13,31,5,19,15
"COG4779",2,2,12,5,2,0,6,0,2,1,1,0,11,48,15,5,0,0,10,11,0,1,45,2,0,0,35,0,1,0,19,6,158,0,3,10,1,1,3,3,6,11,13,3,0,3,0,2,0,4,8,2,4,0,17,0,8,0,6,8
"COG4781",0,0,1,0,0,0,1,0,0,0,0,0,0,0,0,0,0,0,4,6,0,0,0,2,0,1,0,0,0,0,0,0,0,0,0,171,0,0,0,0,0,0,0,0,19,0,1,0,2,1,0,1,0,0,209,0,0,0,0,0
"COG4783",5,59,56,29,44,5,37,42,35,47,30,14,43,82,28,74,11,14,40,39,27,36,54,8,34,35,44,23,121,29,43,48,240,27,23,14,54,171,26,39,46,48,18,212,23,75,323,13,1,48,56,35,86,22,149,26,38,6,65,38
"COG4784",38,17,68,38,9,62,40,37,57,164,31,39,27,7,56,66,10,2,30,1,54,46,48,76,34,1,35,40,29,51,7,56,0,9,49,11,100,6,67,42,25,230,84,9,98,4,2,51,99,92,31,42,27,10,2,20,119,30,83,52
"COG4785",1,3,2,1,1,1,1,0,0,3,0,0,2,70,8,2,2,12,0,7,1,0,23,0,1,3,7,0,3,1,7,7,37,3,2,13,2,3,1,4,2,5,3,109,0,1,1,0,0,1,16,1,0,0,5,1,4,1,3,3
"COG4786",102,95,143,23,42,116,49,159,157,42,93,108,15,40,61,137,193,209,130,16,169,59,200,236,64,118,226,297,61,174,97,71,223,276,34,141,171,540,77,106,39,190,26,191,126,363,32,137,199,86,58,48,101,112,62,204,27,295,23,56
"COG4787",0,5,9,3,9,0,2,0,0,0,2,0,7,1,7,13,0,0,10,5,1,2,24,3,0,1,46,0,0,0,14,9,104,0,6,7,0,2,2,1,1,8,14,91,0,2,0,0,0,4,0,1,2,0,18,0,12,0,2,5
"COG4789",2,2,8,14,11,3,11,2,5,9,13,1,7,8,25,18,0,5,45,18,1,9,13,2,7,0,1,1,4,4,0,6,403,1,2,0,0,18,4,5,14,15,23,3,14,1,1,2,0,7,5,10,4,2,1,3,25,2,0,52
"COG4790",2,1,4,12,2,1,10,0,1,5,5,3,9,4,24,13,0,2,22,5,0,4,2,1,2,0,0,0,2,0,0,7,159,0,1,0,0,6,3,4,4,13,10,0,4,2,0,0,1,4,1,4,4,0,33,2,12,1,0,17
"COG4791",2,1,6,14,4,0,3,0,2,3,6,0,4,1,20,15,1,0,20,3,2,2,1,1,1,1,2,1,1,2,1,4,142,1,3,0,0,4,3,3,3,13,10,1,8,0,1,1,0,7,2,1,3,1,27,0,10,0,3,20
"COG4792",4,2,1,5,3,3,6,0,3,5,6,1,2,2,8,12,0,0,0,0,1,4,4,1,1,0,0,1,0,2,4,2,0,0,2,0,0,0,1,2,5,6,8,1,7,0,0,0,1,0,0,3,5,2,0,1,0,0,0,0
"COG4794",0,0,3,2,3,1,4,0,2,3,1,1,4,1,8,6,0,0,7,3,0,0,0,0,0,0,0,0,0,0,0,5,74,0,0,0,0,4,3,2,1,1,4,0,2,1,1,0,0,2,1,0,2,1,7,0,5,2,0,11
"COG4795",1,3,20,3,0,2,6,0,1,2,0,0,8,29,11,12,1,3,15,15,1,2,43,2,0,1,47,0,1,0,49,11,210,2,11,15,3,7,0,6,6,22,9,2,0,4,3,1,0,11,17,1,6,1,39,1,23,0,8,11
"COG4796",13,34,38,28,34,3,75,50,18,41,36,36,34,82,34,68,8,23,67,50,36,17,54,3,36,29,54,10,59,26,45,41,330,7,14,20,45,72,34,42,40,44,20,31,16,40,172,8,20,27,67,15,72,19,195,22,38,13,50,29
"COG4797",0,0,1,0,0,0,0,0,0,0,0,0,0,0,0,0,0,2,4,0,0,0,0,0,0,1,0,0,0,0,0,2,0,0,0,2,0,55,0,0,0,10,0,0,0,0,1,0,0,0,1,0,0,0,81,1,0,0,0,0
"COG4799",606,1014,938,973,854,706,1031,779,1014,947,1173,952,1202,800,1217,1171,576,516,803,789,962,1061,733,1040,714,757,1089,599,715,646,610,1050,232,825,1204,488,925,355,1013,956,1241,955,1179,443,896,848,645,929,847,877,614,958,784,676,536,801,1084,778,1033,938
"COG4803",0,2,0,3,2,1,2,0,1,0,1,2,1,4,0,5,0,0,0,0,3,0,1,0,2,2,0,1,0,0,0,2,0,0,1,0,2,0,0,3,7,6,4,0,1,1,0,0,0,0,1,4,1,1,0,0,0,1,0,0
"COG4804",2497,967,825,961,778,636,618,955,807,837,838,918,1893,640,940,915,420,727,892,1833,677,761,662,979,700,1770,893,931,3652,980,533,813,351,843,942,291,615,364,967,939,1287,529,867,1520,998,557,148,805,665,934,547,946,688,1227,209,831,1327,763,718,1169
"COG4805",122,111,211,56,108,201,92,255,188,42,101,145,26,89,106,154,577,267,93,49,231,176,185,330,139,92,123,298,75,231,192,68,230,284,42,485,196,445,111,103,49,252,107,78,118,507,200,164,205,110,88,75,136,220,117,232,36,232,38,70
"COG4806",413,417,318,328,281,183,367,249,281,231,317,222,184,358,368,325,148,286,301,464,269,443,233,254,220,54,326,250,295,157,131,332,244,333,393,169,273,262,347,228,431,251,378,117,272,292,18,255,359,252,222,407,254,177,141,330,410,181,312,456
"COG4807",11,0,6,3,0,0,0,0,0,1,13,0,4,37,8,6,0,0,33,1,0,5,13,0,0,0,6,0,0,0,3,6,40,0,0,2,2,2,1,1,5,6,14,3,13,1,0,0,0,1,8,0,1,0,3,0,3,0,1,5
"COG4808",0,1,4,3,2,0,2,0,0,0,0,0,3,0,12,3,0,1,12,9,2,0,11,2,0,1,24,0,0,0,10,8,82,0,1,0,1,8,1,5,2,3,3,1,0,1,1,1,0,10,1,0,1,1,23,1,5,0,2,3
"COG4809",0,0,0,0,1,0,0,1,0,0,1,3,0,2,0,0,1,0,0,0,0,0,0,2,2,0,0,1,0,12,0,3,0,0,0,0,25,0,0,2,0,0,0,0,4,0,0,0,1,0,0,1,7,0,0,0,0,12,0,0
"COG4810",34,7,30,21,52,15,18,14,8,6,39,16,12,74,30,17,91,26,26,17,16,22,37,39,19,22,21,23,16,15,31,52,75,8,14,111,31,29,6,24,26,53,30,7,6,48,17,7,23,27,28,10,13,22,62,14,10,13,9,12
"COG4811",4,2,5,2,3,0,4,0,0,1,0,0,2,26,10,6,1,0,9,10,0,0,27,0,0,0,11,0,1,0,9,4,71,1,4,7,0,2,0,1,3,3,2,3,0,1,1,1,1,1,5,2,3,0,21,0,11,0,6,11
"COG4812",2,4,7,9,11,34,8,9,8,6,3,16,8,17,15,14,1,5,5,7,7,7,19,4,7,4,10,7,4,13,9,10,52,1,1,6,8,1,1,8,28,21,19,2,4,1,5,11,1,6,20,8,6,10,6,3,3,10,9,8
"COG4813",1,1,3,5,4,24,2,5,8,0,3,8,1,6,0,0,4,2,0,0,1,2,18,2,6,2,2,41,1,5,43,0,0,14,3,36,10,39,8,3,0,18,0,3,4,10,0,18,8,2,0,4,14,4,44,2,0,9,4,2
"COG4814",0,0,1,0,1,0,3,1,0,0,0,0,0,0,0,0,6,8,0,1,0,0,1,0,0,2,1,0,0,0,0,5,2,0,0,260,1,283,1,0,0,3,0,0,0,0,2,0,0,0,1,1,0,0,664,1,0,0,0,1
"COG4816",34,6,26,18,56,41,15,17,9,12,47,19,10,91,46,23,94,33,78,32,22,33,42,40,23,20,35,13,8,17,50,66,99,7,12,87,29,34,9,31,46,41,44,12,13,46,15,12,20,36,61,20,16,9,26,16,24,23,9,18
"COG4819",6,6,22,5,23,29,11,6,9,7,9,19,21,53,23,29,4,8,20,11,6,24,44,10,12,11,37,19,3,62,70,18,169,37,24,11,12,12,4,28,41,45,27,4,11,11,3,13,11,19,186,7,18,21,24,4,19,5,13,39
"COG4820",34,6,30,11,24,7,8,5,11,11,44,16,12,58,40,24,49,7,90,25,17,29,31,16,12,4,33,8,2,7,58,48,128,5,14,20,13,16,7,17,34,55,35,1,6,29,13,3,4,39,20,8,12,5,45,8,19,6,16,15
"COG4821",4,16,27,21,19,11,24,22,19,4,35,36,4,6,13,7,19,21,14,4,27,36,20,4,27,5,8,12,3,4,61,48,10,9,31,0,86,3,34,29,11,21,15,1,25,12,3,22,40,3,21,17,11,9,9,10,15,14,15,36
"COG4822",377,461,497,279,500,301,231,248,283,179,396,325,166,303,438,470,364,186,209,78,292,515,308,364,269,157,399,415,265,268,200,348,76,246,464,364,356,266,253,292,644,308,275,116,285,577,277,272,400,328,377,570,275,121,396,187,456,266,212,457
"COG4823",346,324,278,189,321,164,185,346,239,282,145,174,438,135,181,261,448,685,148,415,204,182,113,174,379,460,138,250,722,274,187,98,53,193,235,324,586,639,272,706,364,152,179,982,229,60,8,129,309,463,84,118,300,378,126,646,206,217,216,379
"COG4824",9,24,37,18,37,54,17,55,58,33,16,28,20,17,38,51,42,19,127,8,41,58,23,32,56,17,24,68,32,47,148,31,24,21,27,24,35,76,37,37,26,24,39,17,25,57,77,27,66,12,47,13,63,69,64,53,12,80,17,11
"COG4825",0,0,3,2,0,0,0,0,1,0,0,0,0,0,0,0,4,6,0,0,1,0,0,5,0,1,2,0,3,0,0,1,0,2,0,43,0,0,0,0,1,0,0,0,0,1,1,0,0,0,3,0,1,0,2,0,0,0,1,0
"COG4826",337,41,32,9,45,100,93,206,126,148,80,132,164,19,42,74,85,294,65,488,60,30,99,56,55,139,28,124,235,129,227,87,78,75,36,112,141,45,202,126,18,57,12,294,69,143,36,130,127,65,136,38,135,310,181,260,13,110,195,46
"COG4828",22,132,25,159,29,9,24,30,28,19,10,20,38,34,117,61,3,0,94,3,61,49,34,40,49,8,51,23,25,10,26,70,0,17,49,3,63,6,12,43,83,81,72,4,36,24,2,42,10,176,20,33,19,5,21,40,71,19,18,93
"COG4829",1,0,1,0,0,0,0,0,0,0,0,0,0,19,1,0,0,0,0,1,0,0,7,0,0,0,0,0,0,0,0,0,0,0,0,1,1,0,0,0,0,0,0,1,1,0,0,0,0,1,5,0,0,0,0,0,0,0,0,0
"COG4832",19,36,22,11,112,86,49,80,50,22,28,66,4,34,18,17,127,102,25,9,87,12,106,47,57,39,32,139,14,108,92,16,70,84,59,168,61,127,69,41,10,41,22,32,30,30,38,30,79,29,96,31,76,75,203,27,36,128,39,19
"COG4833",95,399,371,1400,336,412,429,335,374,744,492,328,111,244,672,193,17,20,1953,23,446,323,202,160,228,22,588,190,34,245,175,948,4,204,444,88,467,33,220,338,651,781,968,49,337,174,8,480,327,986,231,348,132,234,29,286,623,154,489,1090
"COG4834",1,1,2,8,1,4,12,16,11,17,9,2,18,1,0,9,14,0,2,19,40,23,11,1,9,11,54,19,3,15,13,4,1,21,1,0,1,0,29,9,2,28,1,2,3,0,8,10,12,5,1,2,4,4,2,7,9,31,3,17
"COG4835",1,1,1,0,1,0,0,0,1,0,0,0,0,0,0,0,4,2,2,4,0,0,0,0,3,3,0,0,0,0,0,0,0,0,0,42,0,1,0,0,1,0,0,0,0,1,2,0,0,0,1,0,0,1,134,0,1,0,0,0
"COG4839",0,0,0,0,2,0,0,1,0,0,0,0,0,0,0,0,5,4,0,0,1,0,0,1,0,2,0,4,0,0,0,0,0,0,0,2,0,1,1,0,0,5,0,3,0,0,1,0,0,0,0,0,1,8,5,1,0,0,0,0
"COG4842",4,0,1,0,2,2,9,13,14,1,2,3,2,0,2,12,3,1,9,0,31,0,3,8,0,46,3,10,6,0,4,0,18,0,0,0,7,27,4,5,5,9,1,5,2,1,1,0,1,11,3,2,1,41,0,31,0,10,0,0
"COG4843",0,0,0,0,0,17,0,0,0,0,0,0,0,0,0,0,0,0,0,0,0,0,0,0,0,0,0,1,0,0,37,0,1,1,0,0,0,0,5,0,0,0,0,1,0,0,0,0,0,0,0,0,0,10,0,2,0,2,0,0
"COG4845",138,329,227,527,340,205,282,187,179,275,268,265,287,461,224,258,220,104,244,85,143,309,191,117,354,39,142,185,119,328,206,249,74,277,213,104,349,50,317,336,291,262,271,189,298,98,136,237,212,210,187,297,279,108,88,109,291,152,231,257
"COG4849",0,0,0,0,0,26,0,0,1,0,0,0,0,0,0,21,0,1,1,381,0,0,0,0,1,0,0,2,0,0,0,0,0,0,0,0,4,0,3,1,0,0,0,44,8,0,0,1,17,0,2,0,1,0,0,52,0,9,57,4
"COG4850",0,0,10,0,0,2,12,0,0,1,0,0,0,8,0,0,0,1,2,7,0,0,0,5,0,8,0,0,0,0,1,0,0,0,0,121,1,0,1,4,0,4,0,0,0,8,198,0,0,0,5,3,7,1,76,0,0,0,19,1
"COG4851",0,2,2,2,4,1,1,2,0,0,3,2,5,8,2,1,41,19,6,1,0,0,1,5,2,2,6,2,2,3,5,3,1,2,0,110,3,183,0,8,2,1,0,3,0,4,3,1,1,1,1,0,0,4,242,0,1,1,2,0
"COG4853",0,0,0,0,0,0,1,0,0,0,0,0,0,0,0,0,0,1,0,0,0,0,0,0,0,0,0,0,0,0,0,3,0,0,0,1,0,156,0,0,0,0,0,0,0,0,0,0,0,0,0,0,0,0,164,0,0,0,0,0
"COG4856",87,119,254,75,335,369,175,270,243,92,183,257,35,103,92,184,348,202,70,39,245,106,216,412,410,207,255,253,167,265,371,111,67,211,189,428,186,524,207,151,67,276,45,120,124,486,349,195,223,111,349,185,291,379,397,228,176,282,150,84
"COG4857",18,4,15,17,41,16,2,6,9,4,28,15,17,40,30,23,29,12,94,8,13,15,16,6,12,4,2,16,4,64,6,15,58,2,14,18,16,6,21,11,17,17,45,5,18,14,5,5,19,28,35,9,11,7,3,11,7,4,8,8
"COG4858",1,0,2,1,1,0,4,0,0,0,0,0,0,0,1,0,7,11,5,3,1,0,0,2,0,5,0,1,0,0,0,2,0,0,0,87,0,104,0,1,0,1,0,0,0,0,4,0,0,0,1,0,0,2,189,2,0,0,1,0
"COG4859",11,12,39,2,36,16,18,6,11,11,10,14,24,13,5,11,13,12,1,0,25,1,12,36,96,11,29,29,1,22,3,26,2,33,6,9,30,1,11,13,3,13,0,18,19,23,4,19,45,2,6,8,28,5,5,13,3,11,8,26
"COG4861",0,0,0,32,0,0,0,0,0,0,7,0,0,12,1,25,0,2,0,463,12,0,0,1,24,0,0,13,0,0,2,3,0,0,0,0,26,0,9,1,0,1,0,54,23,0,1,3,13,1,6,0,1,0,0,67,0,7,61,18
"COG4862",79,50,99,20,74,110,40,151,81,29,52,100,8,41,62,64,253,125,41,25,102,49,80,174,101,82,79,124,28,65,129,44,102,149,13,296,62,316,35,61,20,77,46,50,39,237,53,74,117,65,48,22,71,113,242,104,9,127,9,26
"COG4864",205,313,310,302,182,138,294,164,254,294,303,255,156,235,314,266,51,22,200,48,244,361,157,199,214,45,205,194,174,106,150,238,1,137,266,34,205,181,164,185,342,154,311,38,246,89,181,191,202,245,180,299,182,60,109,165,277,145,256,264
"COG4865",24,0,4,10,3,3,5,3,1,8,83,28,32,21,16,56,7,3,70,10,0,13,1,4,0,2,1,10,2,3,34,36,2,7,1,0,0,26,9,0,33,9,29,5,38,5,2,1,1,2,14,5,25,10,1,0,10,1,7,23
"COG4866",252,468,314,395,264,299,376,255,374,300,357,422,209,359,401,372,238,154,352,100,305,503,226,323,283,106,361,333,224,249,310,365,129,389,504,176,330,133,228,252,421,310,419,131,413,278,275,402,328,370,412,387,310,239,190,255,400,233,340,386
"COG4868",363,91,204,73,323,426,176,353,240,339,208,288,531,136,106,216,528,551,127,618,262,143,276,340,163,624,186,282,318,480,275,124,144,274,135,347,198,302,393,277,78,176,101,423,218,332,115,188,286,107,399,200,484,620,120,468,115,419,227,69
"COG4869",74,18,52,42,116,90,41,50,51,15,86,92,13,101,56,25,100,41,126,42,84,51,83,77,46,25,30,95,17,71,142,73,105,43,54,111,50,35,61,38,53,91,46,35,19,57,32,50,46,45,151,61,92,68,51,48,29,86,54,43
"COG4870",79,76,231,12,78,163,67,302,295,32,189,180,18,52,72,160,388,226,38,36,494,171,117,218,81,129,116,214,66,369,242,77,92,244,43,176,128,381,147,105,44,354,34,109,100,498,145,227,268,123,113,92,152,117,23,183,62,287,83,67
"COG4871",0,0,1,0,0,0,1,0,0,0,0,0,0,0,0,0,2,1,0,0,0,0,0,1,0,0,2,0,1,0,0,0,0,0,0,10,0,0,0,0,1,0,0,0,0,0,0,0,0,0,1,0,2,0,5,0,0,0,0,0
"COG4874",30,105,21,42,29,7,10,15,45,23,58,31,57,17,74,63,9,3,65,9,40,56,35,72,26,7,89,13,39,3,5,23,1,28,52,4,26,4,26,25,99,5,143,0,19,39,7,29,9,60,7,22,15,4,15,20,57,21,8,32
"COG4877",3,5,25,2,38,28,14,17,16,5,4,15,3,7,1,3,26,13,0,0,23,4,15,35,10,8,18,25,2,16,10,5,0,20,32,43,14,54,18,7,3,13,1,9,17,8,5,11,15,9,0,15,16,15,0,23,30,20,6,3
"COG4878",39,20,44,2,376,34,107,30,28,3,9,15,2,10,3,4,191,42,93,15,21,49,61,41,49,29,96,48,51,28,12,54,0,41,77,139,39,124,34,47,9,77,30,9,21,22,309,28,40,10,69,52,41,47,130,25,12,36,6,3
"COG4880",46,15,38,19,102,124,42,69,79,12,22,100,6,22,25,71,193,71,20,4,43,11,42,50,73,87,26,113,15,58,183,10,71,99,15,123,47,95,43,31,20,59,13,57,15,276,16,64,65,10,34,24,88,66,24,23,13,99,48,12
"COG4884",4,3,9,6,1,2,4,1,0,6,18,1,4,11,48,3,0,0,69,0,5,0,34,3,3,1,0,6,1,0,0,18,0,1,8,1,2,0,0,1,4,14,28,0,11,0,0,3,4,10,3,2,2,0,5,0,4,0,0,7
"COG4886",440,341,408,548,267,700,488,521,707,821,408,896,821,354,477,349,337,824,645,1087,486,695,374,556,434,730,171,804,109,693,766,381,396,589,438,367,374,324,637,343,245,462,248,790,722,159,55,643,704,551,274,995,805,699,79,805,480,555,955,1104
"COG4887",108,142,40,70,43,80,116,57,74,144,75,57,80,88,113,78,42,31,64,42,79,143,51,91,38,88,96,20,130,55,23,67,14,96,94,18,43,25,36,65,78,17,116,11,89,84,178,79,51,49,47,59,38,34,30,40,112,36,31,83
"COG4889",70,77,12,81,40,33,169,66,40,706,32,23,153,133,189,141,86,820,0,0,434,2,2,47,74,36,39,12,1323,76,47,96,0,118,72,27,104,3,417,120,77,267,95,204,102,6,37,57,68,0,14,50,71,28,49,11,169,184,225,191
"COG4890",0,0,2,0,0,0,0,0,0,0,0,0,1,4,1,0,0,0,3,2,1,0,8,0,0,0,2,0,0,0,3,2,16,0,0,0,1,0,0,1,0,1,0,0,0,0,0,0,0,0,1,1,0,0,2,0,2,0,0,3
"COG4892",0,0,1,0,0,0,0,0,0,0,0,0,0,0,0,0,1,0,0,0,0,0,0,0,0,1,0,0,1,0,0,0,0,0,0,21,0,32,0,0,0,0,0,0,0,2,0,0,0,0,0,0,0,0,63,0,0,0,0,0
"COG4894",30,14,31,19,58,99,66,69,66,12,36,48,3,26,5,17,94,66,14,5,74,32,79,29,42,35,31,120,22,110,60,42,17,84,29,38,40,31,52,51,6,63,10,44,24,120,40,55,89,5,27,59,97,75,53,51,54,88,36,43
"COG4895",0,0,0,3,2,1,1,0,0,0,1,2,0,0,0,0,0,0,0,0,0,0,0,0,0,0,0,6,0,0,6,1,0,0,0,0,1,0,0,0,0,1,0,0,1,0,1,0,1,0,1,0,0,0,0,0,0,1,0,0
"COG4898",1,7,1,8,4,1,8,4,0,3,1,3,0,4,1,6,6,4,0,0,0,0,2,12,2,0,4,3,8,1,13,1,0,11,2,9,1,0,0,0,0,0,0,1,1,3,1,2,18,1,2,5,4,1,10,0,1,4,3,3
"COG4903",0,0,0,0,0,8,0,0,0,0,0,1,0,0,0,0,0,4,0,0,0,0,0,0,105,0,0,2,0,0,14,0,0,0,0,0,0,1,2,0,0,0,0,2,0,0,0,0,0,0,0,0,0,17,0,10,0,1,0,0
"COG4905",133,134,397,88,618,714,374,535,323,83,250,546,39,161,182,158,660,460,167,65,377,200,411,632,761,245,363,716,134,449,686,125,240,474,159,1131,276,767,276,220,107,266,132,252,222,489,791,309,448,187,352,258,350,577,473,367,217,489,190,117
"COG4907",39,1,1,9,2,47,50,5,1,7,98,6,31,29,4,56,8,4,75,5,2,17,0,2,3,2,0,9,3,5,88,40,0,17,1,103,0,909,1,2,44,18,30,4,36,3,6,0,0,3,92,2,7,18,24,1,0,0,12,2
"COG4908",0,1,0,7,0,0,0,1,0,0,0,0,0,0,1,0,0,0,0,0,0,1,0,0,0,0,0,0,0,0,19,0,14,0,0,0,0,0,0,0,0,0,0,3,0,1,0,0,1,1,0,0,2,0,4,0,0,0,0,0
"COG4909",72,7,12,35,41,6,5,3,6,38,116,3,35,266,47,21,24,24,124,17,13,20,57,31,17,14,14,3,7,7,10,114,86,2,7,33,16,68,7,17,52,52,72,19,2,47,18,4,4,24,114,3,13,6,65,8,6,1,3,6
"COG4910",19,3,3,7,7,1,3,1,1,8,20,2,7,76,13,6,13,4,37,3,5,7,18,8,4,0,1,0,0,1,2,29,14,1,1,10,1,25,1,4,14,14,21,7,2,9,6,0,3,5,23,0,2,2,14,2,1,5,0,3
"COG4912",296,318,232,406,260,224,204,289,248,265,268,347,188,192,287,295,227,211,223,210,256,264,220,235,176,141,314,242,244,299,259,225,60,268,270,183,244,130,342,248,371,207,235,270,289,277,86,273,280,240,316,198,230,341,168,311,326,279,266,357
"COG4913",131,261,199,25,792,207,155,83,120,52,218,78,208,83,18,220,234,157,96,48,524,22,106,442,147,68,413,51,262,90,114,189,67,188,176,660,160,0,146,150,482,37,503,67,212,150,772,104,117,246,122,245,215,109,5,137,240,164,82,14
"COG4916",1,12,0,0,0,0,0,2,1,0,0,6,0,0,74,0,0,3,0,0,0,0,3,0,11,2,2,0,2,0,7,0,0,1,0,0,25,1,2,0,0,0,29,0,0,0,0,0,2,0,0,0,0,0,2,0,0,35,3,14
"COG4917",42,17,39,17,32,11,20,18,10,14,53,18,13,79,34,32,84,28,40,13,21,34,59,25,26,17,41,30,15,17,36,41,159,9,7,47,13,18,10,15,32,59,36,10,9,42,7,13,13,29,29,11,14,8,32,16,13,22,15,21
"COG4922",2,1,6,7,5,1,7,4,6,1,2,1,1,3,0,2,4,7,2,0,3,1,9,3,2,2,11,1,4,8,6,8,3,2,1,2,0,126,21,4,1,1,0,3,3,7,4,5,0,0,0,0,2,2,0,0,2,4,17,0
"COG4924",26,62,22,0,13,21,23,3,1,4,36,7,36,5,4,42,7,2,24,13,86,0,0,2,24,2,34,2,16,0,8,44,1,8,0,87,34,0,21,27,130,6,152,170,12,5,113,0,7,85,27,3,14,4,0,21,2,10,18,1
"COG4925",17,22,40,28,38,11,26,48,22,24,32,45,15,87,59,58,5,8,76,8,69,14,42,7,36,17,16,27,5,39,30,78,5,30,15,4,105,38,28,61,47,65,42,74,37,13,60,88,12,18,43,41,25,8,18,38,15,16,48,93
"COG4926",6,3,12,1,39,51,16,0,77,2,18,10,1,8,47,6,16,23,44,6,6,8,11,37,18,32,15,25,1,79,259,43,98,14,7,3,3,29,1,8,2,20,0,13,6,9,57,35,61,66,29,10,51,31,40,10,0,12,4,8
"COG4927",1,18,10,19,24,31,5,35,13,6,5,27,2,1,3,4,19,20,31,1,3,9,15,17,22,0,18,10,0,82,27,96,71,13,11,85,5,3,5,5,5,20,14,13,11,2,2,9,12,19,11,15,2,8,70,6,2,9,4,6
"COG4928",61,71,35,45,73,27,44,243,39,151,155,28,12,93,25,184,198,29,248,0,16,30,47,14,71,11,47,184,72,178,225,36,63,161,12,90,65,37,8,18,206,22,34,809,21,121,26,20,158,473,75,65,175,174,42,255,28,70,66,121
"COG4929",7,13,8,63,10,2,20,8,8,4,7,2,3,11,42,7,1,0,103,1,11,8,1,2,3,3,15,5,0,10,6,28,0,6,19,1,23,5,3,7,20,42,38,6,11,3,1,16,7,46,8,18,1,3,0,6,6,4,9,51
"COG4930",533,152,37,135,98,49,122,87,77,27,94,131,485,73,6,103,189,144,27,7,33,147,73,29,72,140,74,147,265,267,113,76,4,50,21,121,115,3,56,65,50,35,2,120,76,54,181,119,56,131,42,321,330,86,146,233,190,112,188,279
"COG4932",450,190,571,409,501,1232,986,790,668,108,706,851,117,295,274,353,1200,732,328,219,1266,328,587,720,1268,675,551,1267,235,1191,1117,396,1373,456,177,1083,864,596,379,307,167,909,306,223,417,989,1532,628,581,258,1016,383,1003,560,248,651,153,1041,533,295
"COG4933",239,64,1,13,4,13,23,52,7,32,4,9,39,9,2,12,18,37,15,121,24,2,59,5,40,1,25,26,0,22,15,8,3,24,2,2,11,0,5,3,3,35,0,169,16,1,0,10,3,41,4,6,12,23,6,5,10,17,37,23
"COG4936",25,26,53,19,75,117,30,61,66,20,67,43,7,68,56,30,107,89,146,36,107,16,104,95,48,34,37,146,14,71,81,68,14,122,18,41,32,50,25,35,29,44,26,67,41,96,3,48,33,82,36,22,134,61,3,101,34,99,11,12
"COG4937",239,130,67,81,35,65,124,93,85,306,121,76,403,95,123,126,91,198,22,302,64,89,44,63,57,307,92,33,304,137,68,70,0,97,106,10,68,12,202,142,102,0,127,191,127,40,3,56,44,55,28,26,126,180,50,166,153,53,106,45
"COG4938",41,40,139,19,27,3,26,101,134,652,57,28,42,124,10,42,63,480,17,5,71,11,123,57,30,11,55,30,7,96,10,75,0,48,78,7,29,5,31,38,14,199,14,18,159,141,16,87,64,279,66,5,41,11,14,107,210,210,155,126
"COG4939",0,0,1,7,1,2,10,0,2,0,4,1,0,0,0,0,9,0,0,0,2,0,1,0,0,1,0,0,0,0,9,0,2,0,0,0,2,0,0,7,0,1,0,0,0,0,0,1,7,1,12,1,1,2,63,0,1,0,2,0
"COG4940",8,11,20,13,41,18,2,24,1,5,22,20,4,11,25,33,5,10,35,18,7,20,1,12,5,11,6,13,0,36,63,11,0,13,13,2,30,0,11,7,18,1,3,1,11,9,3,15,13,0,41,21,4,3,5,25,16,19,34,11
"COG4942",129,164,218,232,105,65,118,127,110,67,190,95,102,143,188,212,16,33,251,778,163,117,128,83,86,18,133,71,25,84,107,202,145,75,215,31,194,98,63,127,198,148,223,54,205,32,2,203,146,198,101,195,89,104,59,272,117,96,205,208
"COG4943",10,10,35,16,13,1,18,2,1,5,1,0,40,205,40,25,4,0,62,22,5,12,109,2,1,3,77,0,1,0,48,38,537,1,21,59,2,21,4,16,16,35,28,16,2,8,2,2,2,29,51,1,8,2,72,2,52,2,6,47
"COG4946",1233,1654,1000,1538,504,505,1007,493,1075,1254,836,876,1458,850,1623,1310,346,681,869,380,896,1131,370,906,500,800,1196,414,1335,408,327,793,18,486,984,63,689,112,711,955,1396,653,1785,517,1028,306,30,873,730,1138,312,626,520,368,215,259,981,614,896,694
"COG4947",14,27,56,12,290,89,69,87,53,32,61,45,30,45,24,36,122,99,38,2,75,3,58,197,26,74,115,29,192,79,27,59,0,61,82,101,45,7,88,43,26,49,14,39,55,48,197,56,64,7,15,107,82,57,2,37,155,91,47,13
"COG4948",552,377,535,459,1470,328,480,346,428,427,549,411,512,778,525,480,370,323,971,623,374,774,439,341,347,467,754,351,456,410,489,457,1959,484,797,133,419,171,447,550,541,607,541,404,535,286,732,373,377,621,511,662,467,398,675,375,781,431,393,672
"COG4950",2,3,9,2,1,0,7,0,0,2,0,0,4,82,5,2,0,0,10,11,2,2,37,0,0,0,10,0,1,0,15,5,107,0,0,8,1,1,2,3,4,9,6,5,1,2,0,0,2,6,21,2,4,0,19,0,5,0,6,6
"COG4951",53,68,78,174,84,188,368,79,336,184,185,39,163,197,78,29,136,277,4,59,11,153,133,124,52,61,201,310,165,86,124,42,51,272,80,165,150,378,88,180,34,193,197,95,98,63,14,120,60,164,92,336,50,253,106,266,394,36,68,242
"COG4952",0,2,4,2,5,12,1,7,1,0,10,3,0,6,6,2,0,10,36,0,1,3,6,5,12,1,5,2,0,6,0,3,48,1,10,1,2,0,1,4,10,11,4,2,2,1,1,22,2,22,9,12,10,4,1,1,5,13,14,5
"COG4953",46,67,163,206,79,48,147,86,129,64,170,80,128,149,249,236,12,8,363,19,161,60,118,120,94,11,158,63,10,76,143,229,151,32,95,29,200,17,42,152,178,321,314,211,208,39,10,87,45,271,73,146,85,12,59,40,76,56,230,176
"COG4955",0,0,1,0,0,0,1,0,0,0,0,0,0,0,0,0,0,0,0,0,0,0,0,0,0,0,0,0,0,0,0,0,1,0,0,3,0,172,0,0,0,0,0,0,0,0,0,0,0,0,1,0,0,0,33,0,0,0,0,0
"COG4956",23,41,43,15,22,15,20,36,14,31,24,36,26,19,13,39,6,28,47,21,10,19,27,2,29,32,12,15,70,35,68,14,1,19,18,60,18,265,24,7,14,16,1,24,18,46,218,10,12,16,84,20,58,13,144,27,14,18,45,16
"COG4957",1,0,1,1,2,0,4,0,1,1,3,0,0,0,0,1,0,0,0,0,2,2,0,0,1,0,0,3,0,0,3,1,0,1,3,0,0,0,0,3,0,2,4,0,2,0,2,0,1,0,2,4,0,0,0,2,0,1,0,0
"COG4959",6,15,0,3,2,0,0,15,0,1,0,0,10,0,0,4,0,0,0,0,0,0,0,0,0,2,0,2,56,0,4,0,0,0,1,0,0,0,5,0,3,0,3,32,0,1,58,0,0,0,0,1,1,0,0,0,0,1,0,1
"COG4962",196,185,281,110,143,624,300,518,357,71,255,335,54,141,121,207,492,293,126,92,278,239,323,368,524,366,172,766,210,379,360,178,408,539,89,484,288,401,194,228,64,363,107,280,181,850,417,319,453,200,244,135,404,435,224,309,50,478,143,114
"COG4963",2,0,5,1,0,31,0,6,11,1,0,3,0,0,0,0,8,4,8,0,0,0,5,2,1,29,2,7,0,0,3,1,24,6,1,0,23,0,3,10,0,5,0,56,0,0,0,4,28,0,0,0,57,2,0,10,3,18,17,3
"COG4964",0,33,1,10,0,1,0,6,25,0,0,17,1,0,3,0,17,0,0,0,0,0,68,0,0,27,0,0,0,0,8,0,0,2,0,0,0,0,80,21,0,0,0,15,8,5,0,0,2,0,0,6,32,6,0,0,0,0,6,2
"COG4965",54,28,102,32,45,69,48,93,60,17,24,52,10,41,32,58,240,95,17,20,79,23,65,112,57,40,44,90,24,47,44,38,79,85,16,223,91,240,24,42,12,117,29,76,43,207,45,49,203,52,33,19,96,76,92,78,23,134,27,10
"COG4967",1,1,8,2,2,0,4,0,0,3,0,0,9,14,9,1,1,0,7,5,1,0,20,1,0,0,15,0,1,0,9,4,86,0,1,1,1,5,0,5,1,5,10,0,1,2,0,0,0,1,4,3,3,0,11,1,9,0,0,6
"COG4969",1,4,9,1,3,1,4,1,0,0,1,0,7,34,7,9,7,4,14,10,17,5,26,3,1,1,26,8,5,0,15,11,107,1,1,5,1,7,1,9,5,12,5,4,3,1,0,9,1,7,12,2,3,1,23,1,6,7,5,7
"COG4972",14,16,130,11,38,217,56,164,123,13,17,110,9,6,11,37,48,106,33,24,139,44,155,126,55,69,7,235,19,172,59,19,26,199,19,91,59,224,109,35,22,81,14,69,73,92,35,91,107,49,18,29,84,188,19,198,20,171,34,26
"COG4973",415,317,414,260,104,177,345,203,158,378,203,340,374,479,255,214,110,27,166,347,344,234,247,210,332,44,422,118,273,198,103,309,203,304,200,40,272,56,368,364,312,532,203,191,340,47,17,293,227,423,262,286,205,178,260,148,391,200,216,363
"COG4974",2382,2309,2357,2226,1591,1430,1661,1943,2020,2121,2886,2085,2969,1839,2334,2504,1299,4566,1500,3260,2053,2308,1479,1980,2172,3865,1463,1979,2384,2191,1322,2252,1086,1512,2159,1086,2748,1354,2777,2538,2376,2045,2370,3702,2543,1120,704,2069,1876,2190,1474,2217,2049,2183,1289,3836,2635,2011,2900,2429
"COG4975",0,0,1,0,0,0,6,0,0,0,0,0,0,0,0,0,0,0,3,12,2,0,0,0,0,2,0,0,0,0,0,0,3,0,0,117,0,136,0,2,1,0,0,0,0,0,0,0,0,0,0,1,1,0,320,0,0,0,1,0
"COG4977",363,765,542,1032,401,244,857,584,789,606,344,585,246,420,1381,314,270,1091,1553,206,961,521,641,159,503,1610,519,529,138,404,754,1131,2,331,818,153,1641,108,152,612,686,578,892,124,843,159,77,772,738,869,721,608,319,396,183,539,577,407,767,1400
"COG4978",107,83,115,136,91,46,68,136,72,48,207,116,53,92,148,97,105,65,484,28,108,115,55,73,109,35,44,117,79,125,232,124,356,68,107,85,104,145,65,115,139,119,96,50,60,116,233,78,128,140,115,90,88,62,132,74,44,99,98,68
"COG4981",1,0,39,0,0,21,131,2,0,1,0,0,0,17,0,1,3,2,8,17,5,10,3,12,1,14,2,0,0,0,0,2,0,3,0,626,0,0,2,0,0,13,0,0,0,35,989,0,0,0,19,15,8,1,297,0,0,0,126,1
"COG4982",0,0,36,1,0,19,111,0,0,1,0,0,0,21,0,2,4,1,4,29,9,12,3,9,0,11,1,0,0,0,1,3,0,4,0,554,0,0,4,2,0,14,0,0,0,38,918,0,0,0,17,17,12,2,260,0,0,0,135,0
"COG4983",1,3,12,16,14,26,25,22,15,1,1,19,9,10,3,10,34,9,0,31,31,21,25,9,12,39,18,18,2,17,123,2,58,8,1,40,32,1,9,1,3,20,3,4,15,19,5,19,4,33,26,0,5,55,0,11,37,7,64,0
"COG4984",12,28,16,128,16,7,23,24,20,5,20,19,12,26,87,13,2,9,197,4,32,27,5,12,23,8,43,13,4,22,23,100,1,9,24,2,37,9,7,32,90,77,77,2,24,9,1,30,17,72,13,35,4,3,0,17,37,7,23,86
"COG4985",28,4,49,0,13,98,29,63,42,12,13,61,8,10,1,28,36,19,0,1,85,6,79,22,39,17,39,133,8,58,35,11,0,66,1,26,37,149,79,40,7,20,0,31,40,6,7,43,50,26,6,32,57,11,1,73,6,62,31,17
"COG4986",0,0,4,0,0,0,5,1,0,0,0,0,0,1,0,1,0,0,0,7,0,0,0,0,0,2,0,0,0,0,0,0,0,0,0,22,0,0,0,0,0,0,0,0,0,0,14,0,0,0,0,0,4,0,98,0,0,0,0,0
"COG4987",3,64,19,22,3,0,8,63,3,43,6,1,35,52,29,36,2,31,29,25,6,2,41,5,2,14,50,1,129,0,26,19,211,5,4,138,3,404,17,8,4,34,18,2,1,48,401,2,2,10,75,5,6,2,304,9,11,1,6,13
"COG4988",44,112,141,63,347,170,115,135,123,99,65,112,59,160,79,153,325,187,50,68,66,107,177,215,96,103,162,101,192,71,141,104,293,169,63,668,109,98,110,37,30,93,48,68,53,493,1052,89,176,60,127,112,105,110,441,58,101,110,122,58
"COG4989",12,10,60,16,41,25,50,22,13,8,22,24,19,75,33,29,104,46,51,19,12,18,80,30,25,40,44,13,16,28,77,42,158,18,9,198,36,162,11,28,18,33,15,110,22,30,50,16,42,27,31,16,8,18,202,26,17,38,25,16
"COG4990",25,14,129,24,121,108,44,108,51,14,41,63,4,15,13,13,78,48,11,5,110,8,42,252,31,41,28,123,24,75,52,41,47,116,9,227,58,507,45,25,8,86,6,33,61,44,32,37,131,83,57,27,53,47,244,106,26,68,70,36
"COG4992",485,849,697,469,787,525,643,662,770,658,617,667,798,790,698,723,773,501,454,482,708,769,787,777,480,584,830,574,582,509,492,604,751,776,637,536,556,625,709,657,778,369,757,501,647,794,773,654,538,506,668,723,731,543,634,633,736,694,644,580
"COG4993",5,6,24,6,3,1,9,0,1,2,2,1,26,177,36,19,1,0,33,41,5,5,145,6,1,1,65,0,0,0,23,15,363,0,12,52,1,8,1,11,4,18,21,21,1,5,1,2,0,14,46,3,6,1,34,1,17,0,3,22
"COG4995",12,59,5,181,48,113,34,107,120,30,273,29,16,28,94,224,1,16,105,4,59,22,3,18,86,8,33,10,3,134,22,66,0,176,457,6,35,0,9,30,164,3,82,99,93,4,0,47,473,60,22,14,21,155,2,270,125,96,136,379
"COG4997",0,0,15,0,3,14,0,8,5,0,7,46,0,0,0,0,0,5,1,3,10,1,1,2,1,1,1,21,0,36,14,3,0,25,3,7,13,0,3,0,1,2,0,11,7,0,0,15,1,0,4,4,11,21,1,8,2,1,4,7
"COG4999",1251,2133,1756,7,1807,2472,2397,2509,3116,1145,2420,2942,1329,1195,2643,2124,1993,2225,1642,1514,3140,1397,2160,2072,4083,1427,2114,3085,902,2549,1901,3067,478,2155,2599,833,4066,807,1612,2670,2429,2452,1713,1402,2837,1516,313,3347,2500,2466,1756,1741,2137,2,964,2125,1635,2749,2078,2847
"COG5000",616,956,666,1140,364,335,699,412,642,730,531,494,659,636,1102,873,171,369,808,559,630,867,253,455,429,277,598,293,751,417,464,847,35,480,972,64,596,270,471,605,1095,656,991,492,797,239,26,677,582,1132,282,605,403,280,302,479,844,433,669,953
"COG5001",578,482,890,420,1041,912,448,1661,1027,276,708,791,88,548,520,846,1686,1252,1843,208,1122,612,1245,1470,592,597,738,1735,324,1044,502,405,987,1709,396,627,671,806,515,596,456,803,697,899,616,2447,427,973,1156,684,451,567,1047,1055,238,1289,407,1436,336,370
"COG5002",3240,7954,2867,7319,2321,2019,4138,2547,4222,2989,4225,3179,3589,3862,7845,3153,1407,2312,6169,2110,4749,4431,4144,2855,3556,3025,4061,2295,3565,2513,1846,6379,117,3437,4627,820,5946,855,3254,3900,5400,2822,6542,3070,4588,1770,287,5313,5195,6338,3153,4864,1991,2283,1916,4755,5171,2475,4320,7607
"COG5004",0,0,5,0,0,0,1,0,0,0,0,0,1,14,3,0,0,0,1,3,0,1,7,1,0,0,19,0,0,0,7,4,1,0,0,0,1,0,0,1,4,0,5,0,0,0,0,0,0,3,0,0,0,0,0,0,3,0,1,0
"COG5005",0,0,0,1,0,4,0,0,11,2,0,7,0,0,3,0,0,3,30,0,0,1,0,1,0,0,0,0,0,0,1,1,1,1,0,0,3,1,0,16,4,0,0,0,5,0,1,0,10,0,1,0,1,0,0,1,0,0,1,0
"COG5006",0,1,20,6,6,2,18,0,3,1,8,5,6,50,11,15,2,0,9,13,4,1,40,4,4,4,34,0,1,1,19,12,158,1,5,36,2,1,3,11,3,13,11,2,2,0,5,2,1,8,21,13,5,1,65,4,12,0,22,12
"COG5007",3,2,9,2,2,0,0,0,0,1,0,0,6,15,2,13,0,2,15,4,1,0,20,0,0,3,12,0,1,0,8,2,61,0,2,4,0,4,1,3,2,0,4,1,0,1,1,0,0,3,4,1,1,0,10,1,7,0,0,7
"COG5009",1185,652,544,571,418,490,745,636,640,1106,762,506,1559,848,645,779,623,1027,438,1823,463,596,621,430,449,1159,571,515,1083,789,376,453,592,662,531,257,561,253,852,878,552,402,578,1143,630,526,124,518,458,426,310,469,555,799,167,691,505,513,675,452
"COG5011",74,63,78,51,185,161,95,161,115,43,93,111,36,50,42,92,162,98,71,32,121,86,138,146,69,122,106,203,82,162,157,81,54,105,84,149,99,104,82,73,60,122,41,95,66,210,192,141,129,40,212,85,183,168,118,109,91,156,90,55
"COG5012",55,196,86,273,137,169,249,99,111,59,121,147,55,96,187,129,96,27,285,21,174,115,129,112,126,28,124,105,39,136,211,333,4,70,156,34,112,28,62,84,212,285,250,23,81,66,35,131,73,252,122,147,99,54,57,88,89,48,133,245
"COG5013",25,20,58,14,39,3,40,7,25,6,1,6,63,255,62,95,5,21,89,83,22,39,253,16,24,13,181,21,3,27,116,65,644,53,40,37,35,148,4,34,86,96,37,22,7,12,7,1,6,41,76,21,33,15,338,12,53,6,23,68
"COG5015",19,46,51,99,79,114,59,90,90,28,47,62,8,40,37,45,84,65,63,13,46,25,24,69,54,41,76,91,67,100,71,80,50,94,74,148,69,147,54,57,32,150,7,40,42,331,68,57,73,23,54,62,61,106,92,64,31,134,45,53
"COG5016",793,1306,910,1057,892,700,843,749,982,867,899,844,1005,719,1127,982,569,518,746,886,905,1163,756,910,599,780,981,818,948,687,576,842,148,710,1116,393,822,347,904,860,1238,769,1184,627,940,722,610,981,874,974,902,1056,765,728,435,817,1068,817,872,995
"COG5017",10,46,2,2,37,32,23,84,27,13,21,45,9,31,1,4,36,21,46,6,18,29,40,2,298,16,5,74,7,14,42,4,0,43,2,22,6,12,69,60,15,27,1,66,29,17,9,14,43,20,23,51,18,70,0,57,7,26,21,1
"COG5018",30,30,109,24,222,100,53,160,57,29,68,92,13,44,50,66,192,115,59,16,142,78,105,199,40,62,90,155,45,158,61,46,61,196,109,183,122,226,90,97,31,103,43,54,85,151,114,115,129,90,56,99,105,153,68,181,85,185,51,43
"COG5026",24,119,51,214,51,17,58,93,21,64,34,24,45,24,124,98,0,1,167,1,44,24,9,54,33,22,38,23,129,20,74,88,0,26,37,0,41,4,23,26,65,185,87,8,25,90,468,34,13,198,25,41,20,5,32,28,28,24,71,109
"COG5029",0,2,0,20,0,3,9,3,0,4,0,2,0,4,28,0,0,0,0,0,0,0,0,0,0,0,3,0,0,0,1,1,0,1,21,1,5,0,0,1,0,0,0,0,0,0,0,7,0,0,0,6,2,0,35,1,9,0,26,0
"COG5039",7,277,52,96,7,8,62,57,21,90,29,16,24,9,43,49,104,10,88,29,31,14,5,7,45,14,130,86,7,38,47,24,0,161,147,12,4,19,42,178,14,0,98,7,21,8,0,48,26,280,12,4,30,39,38,63,20,19,12,42
"COG5042",0,0,0,0,0,3,1,0,0,0,0,0,0,2,0,0,2,1,0,0,0,0,0,0,0,1,1,0,0,1,1,0,0,0,1,5,0,0,1,1,0,0,0,0,0,0,0,1,2,0,0,0,0,0,0,0,0,1,1,0
"COG5048",50,3,61,0,17,11,2,12,2,0,94,8,0,0,0,0,0,0,0,0,3,2,15,15,0,12,20,9,3,13,3,5,0,4,2,0,0,0,2,0,2,1,0,2,0,0,0,28,0,0,5,13,5,0,0,0,0,36,0,0
"COG5108",1,0,2,1,0,3,0,41,4,40,0,3,0,0,0,82,158,1,0,0,0,0,0,0,11,0,0,0,0,73,0,0,0,0,0,346,0,1,0,0,8,0,0,11,16,42,0,0,0,0,278,2,0,0,24,0,15,0,0,0
"COG5146",237,163,145,76,83,25,62,82,102,160,119,128,266,51,69,123,32,105,17,333,52,256,61,41,81,174,51,65,308,75,41,135,0,49,203,1,110,9,168,171,190,75,68,214,126,30,1,136,164,53,62,206,95,143,32,155,166,52,124,203
"COG5184",14,49,104,0,275,375,2,140,68,1,22,437,5,9,7,1,5,271,0,0,123,52,155,175,2587,128,139,207,11,489,254,50,0,407,29,5,267,13,201,177,17,69,3,38,24,140,6,286,200,1,62,69,106,99,2,218,6,1533,74,0
"COG5206",0,13,32,0,6,1,115,36,32,18,83,12,0,140,11,16,1,2,1,1,0,264,11,251,98,6,0,15,27,9,6,14,1,38,19,2,158,0,29,30,2,0,0,2,159,1,0,6,32,1,19,772,8,17,0,60,48,9,33,30
"COG5255",0,0,0,0,0,0,0,1,2,0,0,2,0,0,0,0,0,1,0,0,0,0,0,0,1,0,0,1,0,0,0,0,0,0,0,0,0,0,0,0,0,0,0,0,0,0,0,0,0,0,0,0,0,0,0,0,1,0,0,0
"COG5263",118,91,223,342,230,275,130,114,192,55,344,279,133,163,417,301,631,694,786,158,166,788,139,243,211,177,153,231,45,109,73,111,853,102,158,628,244,281,64,177,147,336,455,81,84,582,581,190,405,400,280,139,115,149,447,136,116,180,113,63
"COG5265",2,2,72,5,4,0,4,0,2,0,0,0,0,0,2,17,0,0,0,0,0,0,0,0,0,0,0,0,0,0,0,0,0,7,31,0,0,0,1,0,0,0,0,0,0,3,1,0,0,1,0,2,0,0,0,1,0,3,0,31
"COG5266",2,7,3,6,9,13,12,5,2,2,12,4,8,11,0,40,12,16,36,4,8,18,6,4,15,4,1,5,2,8,2,8,340,10,8,0,6,9,4,20,20,27,16,1,9,0,6,2,1,8,6,11,13,3,2,9,3,1,9,15
"COG5268",0,0,0,0,0,0,0,0,0,2,0,2,4,1,0,0,0,0,0,0,0,0,0,0,0,0,0,0,22,0,0,1,0,0,0,0,0,0,0,0,0,1,2,43,0,0,39,0,1,0,14,2,0,0,0,0,0,0,0,2
"COG5271",2,0,1,0,0,0,3,2,0,2,2,12,1,0,0,3,1,1,0,0,2,0,2,3,2,0,0,2,0,473,0,4,0,0,0,0,3,0,0,4,13,0,23,1,1,0,0,0,1,0,0,1,4,0,0,2,1,2,1,5
"COG5272",0,0,10,0,0,3,3,0,0,0,0,7,0,0,0,9,0,0,6,0,1,0,2,0,1,0,0,2,0,1,0,2,0,1,2,0,0,0,0,0,0,0,0,2,2,0,1,0,0,1,2,0,0,2,0,2,0,1,1,0
"COG5276",1,2,5,17,2,3,1,0,6,3,1,4,4,73,9,0,22,4,0,1,3,5,19,11,9,6,4,3,1,0,7,0,1,3,1,10,6,1,2,7,3,15,0,4,2,7,0,10,7,3,25,2,3,3,0,3,0,4,5,0
"COG5279",121,88,238,44,173,429,112,574,448,41,287,399,13,90,122,151,603,350,68,34,304,148,286,413,496,190,211,589,68,368,596,146,79,494,64,423,215,389,209,161,97,177,40,155,162,513,85,258,213,242,228,131,215,499,70,355,47,518,140,110
"COG5280",15,30,39,2,481,60,5,22,50,26,39,45,6,8,33,7,59,40,0,15,24,29,28,119,69,41,100,62,11,54,199,8,88,34,49,9,88,33,16,89,3,25,21,18,37,139,416,70,77,11,8,26,13,185,21,16,17,123,22,6
"COG5281",16,4,421,10,47,14,17,16,18,10,42,10,52,2,59,98,10,8,119,79,79,51,202,27,3,25,61,29,2,5,307,34,714,24,19,17,56,31,42,46,16,83,43,8,5,1,16,17,14,1,29,4,16,14,23,43,43,50,16,96
"COG5282",0,0,12,0,0,5,44,0,0,0,0,0,0,2,0,0,0,2,2,2,0,7,0,2,0,4,0,0,1,0,0,1,0,2,0,126,0,0,1,1,0,4,0,1,0,9,188,0,0,0,5,9,6,0,94,0,0,0,16,1
"COG5283",154,124,184,244,983,380,226,141,457,54,101,195,97,261,206,308,162,85,654,557,320,56,238,127,223,152,1138,626,1000,145,926,193,225,80,52,246,146,651,79,284,47,90,311,693,206,122,401,213,206,201,138,165,157,297,224,250,259,384,242,87
"COG5285",2,0,0,0,0,0,0,0,0,0,0,0,1,0,0,0,0,0,0,3,1,0,16,0,0,0,0,0,0,0,0,0,0,0,0,2,0,0,0,0,0,0,0,1,0,0,0,0,0,0,8,0,0,0,0,0,0,0,0,0
"COG5293",1,2,8,304,0,24,4,46,3,10,2,7,0,4,0,2,0,3,1,0,35,0,1,9,2,1,3,2,2,5,33,6,3,4,0,11,0,0,0,5,3,4,1,2,1,0,0,3,10,3,2,14,1,2,0,1,6,21,1,125
"COG5294",1,0,2,0,0,0,1,0,0,0,0,2,0,0,0,0,0,0,0,0,0,0,0,0,0,1,0,0,2,0,0,0,0,0,0,0,10,0,0,0,0,0,0,0,0,0,0,0,1,0,1,0,0,0,32,0,0,1,0,0
"COG5295",77,35,95,28,92,14,71,71,18,19,61,64,30,65,102,106,40,68,159,94,21,132,4,14,69,25,62,30,16,36,205,81,36,14,47,39,45,703,82,44,62,158,60,13,43,93,155,11,59,273,268,27,22,185,1032,51,74,18,319,72
"COG5298",0,1,21,16,14,3,1,2,0,1,20,21,6,0,21,5,0,7,49,17,16,12,0,3,5,4,0,0,2,0,3,3,0,0,2,0,3,0,0,0,1,0,8,0,7,40,0,5,0,0,1,17,4,1,0,0,12,5,13,0
"COG5301",3,45,24,7,14,1,9,3,15,7,13,10,34,82,98,12,3,8,39,62,7,24,18,2,2,6,57,106,0,4,127,10,324,0,1,2,18,99,13,14,25,25,47,1,10,8,46,2,2,11,0,1,16,13,3,4,31,2,17,5
"COG5302",0,0,0,0,0,0,9,0,0,0,0,0,0,26,5,3,0,0,22,2,0,1,0,0,0,0,0,0,0,0,19,0,105,0,3,0,0,5,0,0,0,3,0,0,0,0,1,0,0,1,0,0,0,0,0,0,11,0,0,15
"COG5305",4,6,0,0,5,214,38,30,14,0,17,41,0,20,0,1,24,40,0,0,13,18,88,2,198,20,3,122,12,51,107,14,0,79,28,10,1,1,62,18,3,54,0,17,20,9,17,74,18,0,11,57,45,24,0,20,80,132,8,18
"COG5309",0,0,1,0,0,11,0,4,0,0,4,0,0,0,0,0,1,8,0,0,15,0,9,2,1,3,1,15,0,3,8,0,0,8,0,0,0,0,1,0,2,8,0,0,0,0,0,12,0,0,0,5,0,5,0,4,3,17,2,0
"COG5314",0,0,7,0,0,0,0,0,1,0,0,2,0,0,1,0,0,0,0,0,1,0,0,0,0,0,0,0,0,0,24,2,0,0,0,0,0,0,0,4,1,2,0,0,0,1,0,0,0,2,29,0,0,0,0,1,0,0,0,1
"COG5319",0,5,7,0,3,1,3,4,8,6,1,0,3,5,3,7,0,3,0,0,7,0,1,0,4,0,0,2,0,3,0,10,0,5,7,2,5,44,0,4,2,0,0,3,3,0,0,0,0,3,2,3,3,7,0,1,0,0,3,0
"COG5322",6,3,12,3,17,2,0,0,0,1,15,14,6,18,3,14,0,2,21,5,6,4,1,3,1,2,0,13,1,15,4,7,0,10,12,0,8,0,1,0,8,0,1,0,16,2,0,14,9,0,0,10,1,0,0,9,12,3,18,2
"COG5324",0,0,7,0,0,16,35,90,10,0,0,0,4,7,1,0,3,15,1,8,3,0,10,2,0,6,1,1,2,0,1,2,0,11,0,1,2,8,0,0,0,12,0,2,0,0,0,0,25,2,0,0,4,0,170,0,0,0,14,1
"COG5337",21,23,39,7,400,44,74,41,50,3,14,19,2,27,0,6,188,78,3,10,13,25,56,25,24,39,84,100,61,42,24,22,0,82,84,148,42,0,55,41,8,86,2,10,31,21,370,22,23,11,40,61,37,58,151,23,8,74,12,5
"COG5339",9,5,28,13,6,0,17,1,2,2,2,0,23,77,32,12,4,5,44,25,2,5,72,6,3,3,65,1,0,0,68,28,458,6,7,11,2,15,4,8,7,28,12,9,1,4,3,2,0,18,16,5,7,0,72,1,40,0,6,48
"COG5340",0,19,1,0,0,53,0,4,6,1,2,0,0,0,0,2,0,3,1,0,3,0,2,25,0,1,22,53,0,51,4,0,0,0,0,1,6,0,6,0,0,2,0,17,9,33,0,13,0,3,4,0,2,8,0,13,1,2,4,2
"COG5341",4,3,16,2,18,42,14,38,46,9,34,22,10,17,21,24,13,37,26,8,15,42,29,32,20,11,26,47,5,60,36,24,5,27,16,21,16,1,12,11,14,22,19,19,17,26,26,17,19,7,98,5,32,31,11,23,9,23,13,7
"COG5345",0,0,0,2,1,5,4,0,4,0,4,1,3,0,0,9,0,0,0,0,2,2,2,1,5,0,0,1,1,9,3,2,0,1,0,0,23,0,0,4,5,5,7,100,13,0,3,0,1,0,2,1,7,1,0,2,1,8,3,0
"COG5353",0,0,0,0,0,0,3,0,0,0,0,0,0,0,1,0,4,8,1,2,1,0,0,0,0,1,0,0,0,0,0,2,0,0,0,4,0,84,0,0,0,2,0,0,0,0,3,0,0,0,0,0,0,0,17,2,0,0,0,0
"COG5360",15,2,13,0,6,1,7,3,4,3,9,1,28,0,16,45,20,2,3,0,36,8,27,0,4,18,45,19,1,15,27,9,0,5,0,0,17,0,0,36,35,0,35,0,181,2,0,2,10,1,13,0,14,0,0,4,0,17,27,19
"COG5361",8,5,15,0,192,64,36,58,34,3,9,19,4,5,0,2,30,33,0,10,15,1,11,18,9,28,44,24,11,23,15,32,0,16,25,8,25,0,24,36,0,0,0,21,17,0,5,23,21,0,21,1,46,23,0,7,14,38,9,1
"COG5362",0,2,4,1,189,18,2,6,20,1,2,39,15,13,0,8,1,4,0,4,1,1,0,3,0,5,0,15,45,0,86,10,0,9,1743,1,3,8,19,3,22,2,37,11,6,2,2,0,0,57,0,6,3,0,2,2,150,40,2,24
"COG5368",105,392,511,280,209,209,141,174,259,179,227,396,212,140,266,406,10,136,190,193,340,429,304,201,419,19,250,177,86,103,102,607,5,136,759,14,430,35,486,299,460,452,415,29,199,92,16,425,509,245,215,441,131,46,145,304,380,106,347,661
"COG5373",23,39,36,303,22,9,78,30,12,9,24,7,4,19,85,22,0,2,118,2,33,33,4,12,10,1,32,7,3,8,14,103,0,12,17,7,55,9,5,23,55,21,56,2,12,4,0,23,11,68,18,27,7,2,45,26,27,28,46,88
"COG5377",53,19,55,32,322,217,129,126,72,32,54,161,27,38,38,70,122,83,87,252,44,74,61,156,67,64,84,128,46,259,139,34,139,88,58,175,61,17,203,52,30,85,51,52,82,57,78,60,128,68,77,43,184,73,65,74,38,133,63,28
"COG5383",3,0,12,4,3,0,3,2,0,0,0,0,13,16,15,9,1,1,12,6,0,2,52,1,0,1,30,0,0,0,27,7,171,2,5,2,1,7,0,5,3,6,10,2,0,0,1,0,1,10,3,0,7,0,21,0,17,0,6,16
"COG5393",2,0,2,1,0,0,1,0,0,0,0,0,1,17,2,2,0,0,5,2,0,1,20,0,0,0,10,0,0,0,3,4,30,0,1,3,1,1,0,1,2,2,4,0,0,0,0,0,0,1,1,0,3,0,3,0,3,0,1,4
"COG5398",1,0,6,0,0,0,0,0,0,0,0,0,0,3,0,0,2,1,0,0,0,0,0,1,0,0,1,0,3,0,0,1,0,0,0,11,0,0,0,0,0,0,0,0,0,0,1,0,0,1,1,0,0,0,3,1,0,0,0,0
"COG5401",1,0,0,0,2,22,0,0,6,1,0,17,0,0,1,0,0,8,0,0,0,0,42,0,136,0,0,22,0,11,65,0,0,4,0,0,15,0,13,0,0,0,0,8,0,1,0,1,0,0,0,1,18,69,0,3,2,18,8,0
"COG5404",0,0,6,4,2,0,5,0,0,2,0,0,7,34,11,13,0,0,14,6,3,0,22,1,0,1,18,1,0,0,12,11,107,0,2,11,1,3,1,7,4,7,4,3,0,0,2,0,1,2,9,1,4,0,30,0,9,0,3,11
"COG5405",16,48,13,12,4,5,21,33,15,51,49,13,33,53,20,44,4,7,41,11,14,4,36,2,15,19,14,7,115,7,59,24,86,11,6,49,14,124,18,9,18,8,31,91,21,78,420,2,2,18,25,7,38,16,125,3,8,8,24,12
"COG5410",42,129,295,8,229,100,228,174,280,229,199,182,23,23,77,40,20,23,15,6,107,67,42,227,34,15,37,210,79,52,597,81,61,74,1878,1,334,17,37,50,40,90,150,23,63,172,1,25,81,91,26,33,132,141,60,11,202,152,287,182
"COG5412",39,17,26,0,82,171,53,109,156,51,269,118,7,64,7,20,97,100,22,36,32,110,45,55,97,126,23,236,4,76,420,12,0,177,41,371,122,1054,84,35,18,29,45,42,53,186,90,88,165,23,55,25,280,40,81,198,9,185,49,15
"COG5413",0,1,0,0,0,0,0,0,0,0,0,0,0,0,0,0,2,1,0,0,0,0,0,0,0,0,0,0,1,0,0,0,0,0,0,0,0,2,0,0,0,0,0,0,0,0,1,0,0,0,0,0,0,1,1,1,0,0,0,0
"COG5418",2,2,0,7,4,2,1,0,1,0,0,0,6,0,7,12,5,1,10,0,1,2,0,2,1,2,0,2,1,1,14,14,31,2,2,1,1,13,0,3,1,0,6,1,0,10,1,2,2,5,3,1,2,0,3,0,0,0,1,1
"COG5421",18,196,172,19,271,47,277,253,195,77,128,5,223,55,400,171,682,79,32,199,73,249,26,40,412,129,21,253,18,350,63,175,35,360,117,165,380,709,29,431,130,14,9,1258,87,59,34,20,124,171,44,21,235,90,34,301,52,12,113,63
"COG5423",1,4,17,12,14,3,5,17,10,9,4,16,4,4,10,11,0,4,38,9,5,12,1,1,18,11,1,4,3,11,6,7,0,0,5,0,11,1,6,3,5,4,3,16,6,5,1,7,2,9,5,13,27,0,0,11,14,2,15,1
"COG5424",1,0,0,0,0,0,0,0,0,0,0,0,0,25,0,0,0,0,0,4,0,0,9,0,0,0,0,0,0,0,0,0,0,0,0,4,0,0,0,0,0,0,0,1,0,0,0,0,0,0,4,0,0,0,0,0,0,0,0,0
"COG5426",2,2,11,2,13,2,3,6,7,7,5,6,4,48,32,13,4,4,30,3,9,6,22,4,5,3,2,2,1,0,26,0,190,2,13,2,10,7,6,7,7,23,2,5,3,5,1,4,3,25,19,4,5,2,22,0,8,1,5,17
"COG5427",14,17,62,5,61,32,7,12,13,4,10,20,3,19,24,11,203,26,0,21,33,28,20,48,41,33,11,9,15,22,7,41,0,12,5,148,41,79,6,14,12,51,16,1,9,100,41,13,35,41,26,8,18,12,107,28,10,15,4,8
"COG5433",564,561,152,1731,221,133,292,232,343,755,241,242,842,216,599,208,345,29,383,97,119,233,238,371,215,58,393,267,1721,1553,98,276,828,177,342,101,360,104,48,622,486,352,573,92,216,343,54,145,198,632,931,188,115,351,159,217,1074,163,316,235
"COG5434",2982,3121,1218,2614,1452,1342,1432,1555,1504,2500,1575,1376,2696,1658,2330,1867,1156,2725,1937,4071,2313,2011,1636,2016,1349,2361,2129,1437,1912,1758,464,2432,210,2279,1745,588,2135,879,1982,2019,2723,858,2380,899,1792,1472,364,1853,1745,2319,1544,2045,1351,1753,550,2774,2384,1645,1965,2983
"COG5437",2,5,0,0,1,2,0,1,0,1,9,5,0,0,6,10,0,1,0,7,5,0,0,0,3,2,0,1,0,0,4,5,1,0,10,0,11,4,0,1,5,5,0,9,0,6,4,0,2,11,15,7,1,8,0,0,6,0,9,6
"COG5438",38,101,176,49,125,165,73,129,80,68,147,111,37,96,97,112,279,120,168,44,108,102,59,216,260,91,61,130,128,89,95,115,63,79,44,542,122,552,69,44,89,79,95,17,78,270,340,72,88,98,120,56,94,52,428,143,21,83,44,29
"COG5441",8,8,6,7,19,43,2,5,8,4,11,8,8,1,5,31,10,7,83,11,7,48,11,5,17,1,6,7,0,11,7,5,105,5,19,10,15,1,0,5,14,24,18,2,1,29,42,1,7,52,11,9,8,4,5,9,11,9,5,4
"COG5444",15,30,15,5,6,51,5,55,30,5,5,27,2,5,1,20,45,28,27,0,29,0,27,78,20,12,3,49,200,17,9,9,40,45,6,69,126,35,21,6,9,1,2,20,3,13,1,21,9,0,8,6,19,41,0,6,4,21,8,19
"COG5445",0,2,15,3,5,0,7,0,0,1,0,0,20,0,21,17,1,0,26,16,1,4,48,6,0,1,59,0,0,0,21,16,237,1,11,0,1,8,4,5,3,11,14,0,0,1,1,0,1,4,0,4,4,0,30,0,14,0,1,17
"COG5449",0,1,1,1,0,3,3,0,3,0,0,3,1,0,0,9,0,0,0,0,3,0,2,0,3,0,0,0,0,2,1,2,0,0,1,0,0,11,0,2,4,5,11,0,1,0,0,0,0,0,0,4,5,1,0,1,0,1,0,1
"COG5455",1,0,3,1,0,0,2,0,0,1,0,0,3,4,1,1,1,0,2,3,1,2,5,1,0,0,6,0,0,0,5,4,44,0,2,5,0,1,0,1,1,3,5,1,0,1,0,0,0,0,1,0,1,0,3,0,2,0,0,2
"COG5457",1,0,1,0,0,0,0,0,0,0,0,0,2,6,0,0,0,0,2,1,0,0,0,0,0,0,0,0,0,0,0,0,0,0,0,2,2,0,0,0,0,1,0,0,0,0,0,0,0,0,1,0,0,0,0,0,0,0,0,1
"COG5459",0,0,0,0,0,9,0,0,6,0,0,0,0,0,0,0,0,10,0,0,0,0,0,0,134,0,0,7,0,1,5,2,0,4,0,0,6,0,6,0,0,0,0,1,0,0,0,5,0,0,0,1,0,1,0,1,0,0,2,0
"COG5463",3,3,14,1,2,0,1,0,0,2,1,0,7,6,11,7,0,0,17,13,0,1,20,1,0,0,21,0,0,0,24,2,135,1,1,6,0,3,2,2,2,5,5,3,1,1,1,0,1,5,2,0,3,0,19,0,10,0,3,13
"COG5464",140,36,72,23,29,14,24,99,3,302,8,53,116,277,90,87,79,445,105,273,44,20,333,28,3,380,76,14,265,85,255,114,511,26,22,9,26,27,284,177,38,36,47,377,27,6,8,34,13,54,75,31,133,131,120,107,78,5,74,104
"COG5470",0,0,0,5,0,0,0,0,0,1,1,3,0,0,0,0,0,0,0,0,0,0,0,0,1,0,0,0,0,0,0,0,0,0,0,0,0,0,0,0,0,1,0,0,0,0,0,0,0,0,0,0,0,0,0,0,0,0,0,1
"COG5471",3,0,0,0,0,2,2,1,0,4,7,0,2,1,8,5,0,0,0,1,0,4,25,0,5,0,0,0,0,3,3,6,0,0,2,0,9,1,0,0,1,3,24,0,0,0,1,0,0,0,0,0,0,0,0,0,1,0,1,0
"COG5474",0,0,0,0,0,0,0,1,0,0,1,0,0,0,1,0,58,0,0,0,0,0,0,0,0,0,19,1,1,0,5,0,0,0,0,0,0,1,2,0,0,0,14,0,1,0,0,0,3,0,0,0,0,1,0,21,0,6,0,1
"COG5475",1,1,2,1,0,0,3,0,0,0,0,0,1,0,4,2,0,0,3,1,0,0,4,1,1,0,4,0,0,0,4,6,26,0,1,2,0,0,0,2,0,5,0,0,0,0,0,0,1,0,0,0,0,0,9,0,2,0,0,4
"COG5476",18,7,25,18,22,5,25,7,8,4,39,141,10,18,37,49,63,140,0,10,229,18,3,4,6,29,30,24,0,10,76,62,18,5,22,32,20,2,39,12,48,3,25,12,19,47,3,18,5,17,4,13,34,13,49,3,15,19,65,37
"COG5482",1,2,0,0,16,2,2,2,0,0,0,0,0,5,0,0,0,0,0,3,0,2,4,1,0,2,4,5,1,3,1,2,0,1,2,0,3,0,0,3,0,1,0,1,1,13,0,9,8,0,3,1,3,1,0,0,1,13,0,2
"COG5483",1,0,20,1,1,13,1,0,0,0,0,81,1,0,35,3,6,0,0,1,0,0,0,0,11,0,0,0,25,0,0,3,0,0,0,26,0,43,3,28,12,0,0,162,4,1,0,2,1,0,38,0,1,8,9,0,5,0,1,0
"COG5484",3,12,17,5,1,2,7,25,8,13,1,4,7,100,12,21,1,2,17,7,36,17,28,6,4,2,95,4,0,2,103,6,11,5,4,1,7,5,10,13,16,17,39,4,11,1,7,4,48,9,3,22,17,19,2,2,19,19,0,1
"COG5485",0,3,1,0,1,5,11,1,0,1,13,2,5,7,3,1,0,0,2,7,1,0,0,0,0,0,26,1,0,0,7,2,15,12,2,0,2,0,0,1,3,2,0,3,2,4,0,0,1,0,3,5,2,0,1,0,4,0,0,0
"COG5492",153,352,944,305,378,505,648,680,446,156,281,459,76,368,379,272,512,673,284,93,1287,307,654,838,1709,205,259,1172,132,301,732,212,162,1232,204,377,458,551,230,236,296,307,332,615,353,699,108,370,461,414,234,454,1131,552,306,552,289,901,448,234
"COG5493",0,1,1,1,2,0,0,2,1,0,0,0,0,1,1,3,0,1,2,0,0,0,0,2,65,1,0,0,0,0,8,0,4,1,1,0,0,3,0,0,0,0,0,0,0,1,2,0,0,1,1,0,0,1,3,0,0,0,0,0
"COG5495",37,54,72,37,90,68,29,109,79,34,74,59,14,18,21,107,57,62,43,25,56,44,45,51,40,57,12,42,78,69,68,25,39,53,17,31,28,10,31,21,30,43,6,110,19,178,187,69,53,12,50,23,47,83,29,30,15,68,33,19
"COG5496",115,108,89,110,179,105,130,116,128,120,103,134,48,119,54,70,74,54,44,26,96,83,85,104,89,87,98,48,57,105,93,88,9,96,73,49,86,22,79,72,66,73,39,67,115,101,100,84,96,70,83,105,187,87,66,109,131,107,100,71
"COG5498",568,218,277,203,126,145,201,219,122,308,342,134,646,382,191,153,122,234,390,114,97,137,120,146,166,564,181,169,643,229,149,224,87,62,205,29,219,8,362,278,238,187,236,407,325,39,12,432,310,108,141,210,132,322,10,314,150,348,443,187
"COG5499",5,1,9,3,3,0,8,0,1,4,0,0,6,32,19,15,0,0,12,8,2,2,17,1,0,0,44,1,0,0,28,22,109,1,5,2,0,50,1,4,2,5,5,2,0,1,0,1,1,4,9,1,5,0,22,0,13,0,3,8
"COG5503",0,0,0,0,0,0,2,0,1,0,0,0,0,0,1,0,0,3,3,0,0,0,0,0,1,1,0,1,0,0,0,1,0,0,0,19,0,38,0,0,0,1,0,0,0,0,0,0,0,0,1,0,0,1,54,0,0,0,0,0
"COG5504",4,1,7,1,6,0,2,3,0,1,19,3,0,9,3,9,18,1,5,0,1,5,1,4,9,1,18,19,1,8,14,7,21,9,2,1,1,13,1,1,0,3,6,1,3,2,2,19,2,7,2,14,3,7,0,10,1,17,3,0
"COG5505",17,12,93,10,58,62,20,75,57,7,11,79,8,33,7,14,64,26,88,19,128,42,33,94,40,32,62,47,22,37,31,31,102,63,44,58,51,143,42,26,13,81,22,17,30,26,30,52,104,76,53,45,47,36,12,80,26,62,42,18
"COG5506",1,0,1,0,0,0,2,1,0,0,0,0,0,1,0,0,2,8,1,4,1,1,0,1,0,3,0,0,0,0,0,1,0,0,0,2,1,94,0,0,0,0,0,1,0,0,0,0,0,1,0,0,0,0,20,0,0,0,0,0
"COG5507",1,2,8,3,1,0,1,0,0,0,0,0,6,0,6,6,0,0,10,6,2,1,13,2,0,0,16,0,0,0,6,6,58,1,1,0,0,3,1,3,3,5,4,2,0,0,0,0,0,1,0,0,2,0,15,0,7,0,1,3
"COG5510",0,0,4,1,0,0,0,0,0,0,0,0,4,36,1,1,0,0,4,4,1,0,6,1,0,0,5,0,0,0,1,1,37,0,0,5,2,0,0,1,0,4,1,4,0,1,0,0,0,4,5,1,0,0,3,0,3,1,2,5
"COG5511",12,0,60,12,258,42,37,62,42,17,28,90,30,16,68,111,10,26,74,56,164,68,95,12,48,11,106,26,7,69,150,39,415,89,31,3,154,82,73,59,35,65,90,49,56,3,28,46,86,2,33,76,74,55,1,63,42,52,56,45
"COG5512",8,89,19,24,18,0,42,66,4,29,23,17,22,19,7,48,1,16,35,22,11,17,1,7,22,27,0,10,104,20,6,11,0,8,3,78,13,37,14,0,15,10,0,19,10,52,288,4,10,3,13,5,31,2,88,14,19,6,27,16
"COG5514",0,1,5,0,0,0,4,2,1,0,3,0,9,0,6,0,1,10,0,0,0,0,0,0,0,4,1,0,3,0,0,0,0,3,0,0,0,2,0,1,0,0,0,3,3,0,0,0,0,0,0,3,4,0,0,0,0,0,0,0
"COG5517",3,1,6,0,2,0,1,1,0,1,0,0,10,22,8,3,0,0,11,7,2,1,24,2,1,0,23,0,0,0,0,8,89,0,4,1,0,1,0,1,1,11,7,1,0,0,0,0,2,5,4,0,2,0,14,0,8,0,0,3
"COG5518",4,2,15,0,221,1,7,10,1,1,4,2,5,78,3,19,0,0,13,4,7,2,33,1,3,9,44,27,0,0,61,4,5,7,24,1,6,3,6,1,7,12,27,4,12,0,1,1,1,10,3,0,5,0,13,4,13,26,0,0
"COG5519",4,9,41,4,317,40,11,33,124,10,13,20,12,4,10,14,14,11,81,20,119,965,84,118,11,11,12,14,3,22,87,6,31,69,9,14,77,5,65,15,3,15,115,13,37,63,26,62,25,0,592,83,85,7,6,3,6,24,10,31
"COG5520",145,928,373,1113,296,363,410,454,616,592,443,360,398,382,697,519,254,192,1087,784,600,406,360,246,471,799,895,312,709,348,306,614,116,320,531,222,793,105,680,672,637,488,772,166,569,246,52,433,369,631,355,231,337,273,226,663,637,604,515,704
"COG5521",0,0,0,0,0,0,0,1,0,0,0,0,0,0,0,0,1,1,0,0,2,0,0,0,0,1,0,0,0,0,0,1,1,0,1,1,0,164,0,0,0,0,0,0,0,0,0,0,2,0,2,0,0,2,0,0,0,0,0,0
"COG5522",5,8,23,3,119,14,13,20,42,9,18,29,5,8,13,5,25,7,26,0,0,4,47,45,3,3,31,3,6,38,18,11,0,29,8,15,7,4,50,7,17,30,17,14,13,36,22,29,40,1,0,15,25,17,0,3,16,16,2,6
"COG5523",86,116,86,105,359,251,196,249,157,155,93,238,40,80,130,91,278,159,160,24,232,100,152,248,128,115,170,264,79,188,169,102,72,153,162,342,145,223,127,150,85,123,109,89,88,254,338,133,137,117,235,188,181,300,255,108,200,215,104,105
"COG5525",22,8,78,18,381,37,49,71,60,31,38,84,55,20,132,158,13,30,102,87,142,86,136,23,50,20,160,42,7,77,189,59,563,97,57,4,204,101,51,73,39,93,127,45,58,5,33,55,97,19,39,83,76,62,47,64,65,81,79,60
"COG5527",37,8,283,27,128,275,165,119,20,59,0,51,5,115,23,41,43,81,69,17,55,10,43,340,92,240,120,271,10,241,66,59,380,227,1843,195,124,16,12,2,19,89,17,32,3,278,101,36,67,56,242,17,74,198,15,32,55,23,100,7
"COG5529",1,2,3,0,4,0,5,0,0,5,0,0,1,20,11,16,2,0,23,10,5,3,11,8,0,3,9,0,0,0,101,6,68,0,1,19,3,8,0,0,8,6,4,4,0,1,2,3,0,4,41,2,5,2,6,1,16,0,9,4
"COG5532",1,0,1,1,0,0,2,0,0,0,0,2,9,0,32,1,0,0,0,3,19,0,0,0,0,0,0,0,0,0,74,2,337,1,6,0,0,64,0,2,5,6,4,1,0,1,0,0,0,0,1,0,14,2,2,0,11,0,0,0
"COG5542",6,9,48,0,71,223,60,83,69,3,7,97,2,6,6,4,21,65,1,7,59,13,77,10,74,29,73,127,0,138,186,55,0,92,10,1,34,7,60,85,7,45,1,30,24,15,2,100,54,2,63,19,61,60,0,26,11,136,50,12
"COG5544",4,2,7,0,1,0,3,0,1,0,0,0,2,19,3,1,0,0,5,5,1,0,14,0,0,1,8,0,0,0,5,2,47,0,2,6,1,2,0,2,1,3,2,4,0,0,0,0,0,2,7,0,0,0,7,0,2,0,0,2
"COG5545",2122,1050,1064,2044,1642,1064,1032,1314,1248,2100,2145,1344,1811,1114,1689,1016,1134,2183,1670,2389,1474,1242,928,1635,2656,2462,1688,1096,2891,1365,990,1274,391,807,1582,920,1756,462,2656,1711,1497,1656,2241,1737,1303,737,418,1286,1272,1402,888,1901,1581,1761,542,1372,1339,1045,1174,1880
"COG5546",0,0,1,1,2,8,2,0,0,1,0,0,0,12,0,0,0,0,2,0,0,0,0,0,0,0,0,1,0,0,3,2,0,1,3,18,2,0,0,0,1,3,0,0,0,0,0,0,3,4,2,0,0,1,7,0,0,3,1,0
"COG5549",0,0,2,0,0,0,0,1,0,0,0,0,0,0,2,0,3,6,5,4,0,0,0,1,0,4,1,1,0,0,0,1,0,0,0,64,12,0,0,1,0,1,0,0,0,1,2,0,0,0,0,0,0,0,163,0,0,0,1,0
"COG5551",29,5,31,4,5,21,37,11,18,22,8,21,0,13,13,14,52,35,1,3,15,7,31,13,14,16,5,15,60,14,51,2,0,51,3,4,19,29,9,2,0,29,2,16,10,72,20,6,5,0,43,11,33,4,9,14,5,27,6,3
"COG5553",0,0,0,0,0,0,0,0,0,1,0,0,0,29,0,0,1,0,0,2,1,0,11,0,0,1,0,0,0,0,0,0,0,0,0,2,0,0,0,0,0,0,0,2,0,0,0,0,0,0,7,0,0,0,0,0,0,0,0,0
"COG5557",2,9,15,11,12,16,23,0,12,2,15,8,22,2,21,31,6,13,30,14,5,10,36,3,9,12,48,4,6,7,46,28,188,4,16,2,1,7,7,20,12,36,40,5,21,2,5,1,5,8,17,13,16,7,24,8,18,3,8,15
"COG5561",20,33,41,41,24,8,17,16,10,12,46,14,15,21,160,61,29,6,89,7,24,22,1,19,5,8,6,14,26,34,12,30,1,10,24,12,27,11,19,13,43,14,29,2,44,8,78,19,11,22,31,9,9,2,19,32,51,11,34,23
"COG5562",1,0,6,0,4,1,3,0,0,0,0,0,4,22,12,11,1,0,9,4,0,1,14,1,0,0,5,0,0,0,4,5,151,0,1,1,0,4,1,2,3,4,9,1,0,0,0,1,0,2,6,1,1,0,10,0,3,0,6,3
"COG5564",1,0,0,8,10,38,2,2,4,7,1,13,1,0,0,20,6,0,4,1,0,2,2,1,13,1,0,6,0,1,4,3,13,1,8,4,2,0,1,4,0,8,0,5,0,6,0,2,2,6,10,1,5,4,3,0,5,4,5,2
"COG5565",0,0,0,0,0,0,0,0,1,0,0,0,0,0,0,0,0,0,0,0,0,0,0,0,0,0,0,0,0,2,5,1,0,0,0,0,0,0,0,2,1,0,0,1,0,0,0,0,0,0,0,0,1,0,0,0,1,0,0,0
"COG5566",0,0,0,0,0,0,0,0,0,1,0,0,0,0,8,0,0,0,0,2,0,0,0,0,0,1,0,0,0,0,16,0,0,0,0,0,0,2,0,0,0,0,0,0,0,0,0,1,0,0,0,0,0,0,1,0,3,0,0,0
"COG5567",1,2,4,3,2,0,2,0,0,0,0,0,6,15,8,4,0,0,4,3,3,2,12,0,0,0,8,0,0,0,7,3,54,0,3,5,0,2,1,2,4,5,5,2,0,0,0,0,0,4,4,2,1,1,17,0,6,0,3,2
"COG5569",3,2,6,5,0,0,2,1,1,2,0,0,3,17,3,7,1,0,9,3,2,0,11,2,0,0,18,0,0,0,9,2,76,0,2,5,0,1,0,5,2,16,2,2,0,0,0,0,3,4,11,0,2,0,9,0,5,0,2,4
"COG5571",2,2,5,2,0,0,3,1,0,0,0,0,3,38,8,5,0,0,8,5,0,1,28,2,0,0,16,0,0,0,11,7,128,2,2,6,1,4,1,2,3,4,6,6,0,1,0,0,0,1,10,2,2,0,10,0,12,0,2,8
"COG5577",9,28,44,10,25,27,9,83,56,22,14,35,0,17,0,21,91,53,0,5,76,8,39,79,26,42,28,78,21,35,14,10,0,56,1,68,31,131,22,13,5,51,6,29,16,71,10,35,63,27,9,10,49,73,15,56,5,70,5,11
"COG5578",0,0,0,0,0,0,0,1,0,0,0,0,0,0,0,0,0,1,0,6,0,0,0,0,0,0,0,0,0,0,0,0,2,0,0,0,0,0,0,0,0,0,0,0,0,0,1,0,0,0,3,0,0,0,1,0,0,0,0,0
"COG5579",63,8,3,69,18,23,32,15,15,4,3,9,9,23,0,15,20,14,28,78,2,21,9,1,33,113,13,3,3,35,14,21,0,35,18,3,15,25,9,13,15,7,18,111,2,9,21,7,7,67,8,9,39,41,0,133,8,15,12,0
"COG5581",1,1,7,4,2,0,4,0,0,0,0,0,12,0,11,5,1,0,6,6,1,4,24,2,0,1,29,0,0,0,21,14,121,0,4,8,1,4,2,5,7,11,4,1,0,2,1,0,1,6,0,2,1,0,21,0,9,1,6,9
"COG5585",13,14,18,57,50,38,26,54,27,18,75,55,18,6,11,84,81,99,78,7,9,124,16,41,14,122,40,95,6,61,350,9,86,26,56,2,51,453,56,27,6,20,4,45,27,17,28,20,74,7,62,13,33,41,221,90,51,66,16,20
"COG5586",0,0,0,0,1,2,2,1,0,0,8,8,0,0,0,1,5,0,1,0,0,1,1,0,0,1,0,0,0,1,17,0,5,1,0,3,2,0,3,0,1,3,0,1,0,0,0,1,0,0,0,0,10,6,0,1,0,0,3,0
"COG5587",115,257,177,290,129,149,204,117,177,195,184,225,56,160,184,131,23,23,109,211,137,245,127,64,182,18,103,156,68,110,144,224,2,185,196,11,194,17,137,162,233,149,162,187,214,56,7,188,219,236,93,247,166,60,77,183,284,171,151,264
"COG5595",0,3,0,0,0,0,0,0,1,0,0,0,0,0,1,0,1,5,0,0,0,0,0,0,0,0,1,0,3,0,0,0,0,0,0,0,1,3,0,1,0,0,0,0,0,0,0,0,0,0,0,0,0,0,0,0,0,0,0,0
"COG5598",2,0,2,3,5,5,11,1,4,0,0,5,2,2,1,21,0,0,0,0,3,0,4,0,3,1,0,3,0,4,24,6,0,2,7,0,0,0,1,4,4,25,26,1,0,1,1,0,1,0,0,16,10,7,0,7,1,6,0,5
"COG5606",0,0,0,0,7,0,0,0,0,0,0,0,0,0,6,28,0,0,0,2,0,0,8,0,0,0,0,0,0,0,1,0,8,0,0,0,0,1,0,0,0,4,1,0,0,0,0,0,0,0,0,0,0,0,12,0,5,0,0,0
"COG5610",93,501,196,11,12,60,32,135,182,22,159,92,57,2,67,44,16,126,170,6,144,365,130,147,59,37,133,139,19,265,153,76,0,96,43,4,83,2,87,35,39,28,159,116,110,243,0,101,164,84,50,337,65,122,14,193,119,146,64,51
"COG5614",19,1,3,0,1,0,3,0,11,0,0,2,0,4,5,0,1,1,6,0,1,6,0,10,16,0,0,7,0,6,16,0,60,1,2,0,0,1,0,1,1,4,0,11,0,0,1,3,0,9,7,6,23,1,0,1,1,12,0,9
"COG5617",12,15,83,0,1,36,4,74,74,14,0,83,0,15,0,6,65,60,0,0,86,0,39,164,31,4,21,25,7,45,3,0,0,96,2,33,75,156,31,3,4,36,0,30,59,86,0,50,67,57,8,13,10,164,32,92,1,86,4,0
"COG5618",1,1,3,1,6,2,1,1,0,2,1,0,0,42,1,2,14,0,0,1,2,0,20,3,3,1,1,0,1,2,1,5,5,0,0,11,3,0,1,2,0,1,2,58,1,31,6,0,0,0,28,0,0,0,0,2,1,2,0,1
"COG5619",2,1,5,0,2,2,1,4,0,0,1,1,0,4,2,1,18,1,0,2,1,2,0,0,3,7,1,0,3,1,0,5,0,0,1,2,2,0,0,0,1,0,0,4,0,18,164,5,6,6,2,25,21,1,3,31,2,1,7,0
"COG5620",39,112,37,34,76,71,132,13,8,63,8,29,58,139,23,5,9,5,58,36,27,74,73,49,32,6,30,44,42,38,16,83,9,127,28,1,31,0,27,27,88,14,113,29,40,2,6,8,33,75,72,25,45,29,15,43,65,24,33,1
"COG5632",40,42,87,29,118,157,51,103,138,24,103,137,23,57,83,66,156,96,77,29,66,153,226,119,113,71,74,160,26,127,99,63,124,129,51,287,70,143,155,75,33,129,94,43,60,237,67,126,128,36,92,44,102,119,276,57,32,128,76,91
"COG5633",0,2,3,0,1,0,1,0,0,0,0,0,7,20,2,2,2,6,5,1,0,2,8,1,0,0,15,0,1,0,6,4,62,0,2,3,0,5,0,0,2,4,0,4,0,1,1,0,1,0,8,1,4,1,14,0,4,1,2,2
"COG5635",3,124,41,30,21,9,0,32,47,181,39,41,92,36,16,58,214,239,114,4,30,128,130,2,58,7,27,57,58,438,26,39,6,76,16,2,11,6,34,9,119,7,266,14,36,13,3,22,146,363,39,4,19,7,0,45,4,75,4,193
"COG5640",0,0,0,0,2,0,0,0,2,0,0,0,13,0,0,49,0,1,0,0,15,9,0,0,0,0,0,2,0,5,31,3,0,0,0,0,8,0,0,0,33,0,0,0,1,0,0,0,0,0,0,0,8,1,0,0,0,0,1,31
"COG5642",1,0,0,0,0,0,0,0,0,2,0,0,0,62,1,0,0,0,1,0,1,0,0,0,0,0,0,0,0,0,0,1,0,0,0,0,1,0,0,0,0,0,0,0,0,1,0,0,0,3,15,0,0,0,0,0,0,0,0,0
"COG5645",2,4,8,3,2,0,6,1,0,0,0,0,10,41,7,6,2,5,7,8,1,1,37,1,0,0,18,0,0,0,7,9,103,1,5,3,1,6,2,4,3,13,2,5,0,0,1,0,0,3,8,0,0,0,18,0,5,1,2,8
"COG5646",0,2,0,4,4,0,3,0,0,0,0,0,0,0,0,0,0,0,2,0,1,0,1,0,0,0,0,0,0,0,8,1,8,0,1,0,1,1,0,1,0,1,0,0,0,0,1,0,0,1,3,1,0,0,2,0,0,1,0,0
"COG5651",2,0,2,1,0,0,0,1,0,0,0,0,0,0,0,4,0,0,0,0,0,0,0,0,0,0,0,0,0,0,0,0,0,4,0,0,0,0,11,0,0,0,0,0,2,0,33,1,0,0,0,0,0,1,0,0,3,0,0,0
"COG5652",42,25,89,23,73,167,57,131,76,18,53,79,6,46,37,47,151,111,29,13,114,39,117,87,157,71,60,131,35,116,43,46,63,136,48,139,78,146,79,34,21,109,14,44,38,177,35,78,101,50,80,67,97,112,52,78,56,120,39,27
"COG5654",3,0,0,0,0,0,0,0,0,0,0,0,1,49,1,0,0,0,1,0,0,0,0,0,0,0,0,0,0,0,0,0,0,0,0,0,1,0,0,0,0,0,0,1,0,1,0,0,0,0,7,0,0,0,0,0,0,0,0,0
"COG5655",2,12,60,21,2,0,10,87,1,1,1,0,49,16,0,119,0,11,3,2,0,15,0,13,3,2,1046,0,12,0,256,92,1745,0,43,89,1,0,6,4,0,4,0,3,0,2,4,1,1,29,53,20,9,0,2,62,7,81,0,161
"COG5658",10,27,73,16,31,94,47,67,70,16,31,121,5,22,10,22,90,67,34,5,55,10,15,77,31,18,22,48,11,68,117,54,50,35,38,154,44,147,39,31,11,68,10,40,36,127,93,18,82,40,80,17,37,95,47,73,11,39,23,17
"COG5659",0,0,0,1,0,0,0,0,1,0,2,0,0,0,0,0,0,0,0,0,2,0,0,0,1,0,0,0,0,0,0,3,1,0,2,0,1,1,0,0,0,0,0,0,0,0,0,0,0,0,0,0,0,0,11,0,4,0,2,0
"COG5663",1,26,37,9,24,41,13,20,25,4,17,107,1,9,0,8,2,18,3,4,13,11,31,9,348,1,7,81,2,0,70,36,33,51,44,16,42,2,47,26,27,73,31,2,10,7,1,64,49,1,11,18,27,36,12,8,11,8,2,25
