"","X37_OMZ_0d1.0d2","X145_SUR_0d2.3","X66_SUR_0d2.3","X76_MES_0d2.3","X123_SUR_0d2.3","X66_DCM_0d2.3","X65_DCM_0d2.3","X151_DCM_0d2.3","X94_SUR_0d2.3","X125_DCM_0d45.0d8","X39_OMZ_0d1.0d2","X133_SUR_0d2.3","X57_SUR_0d2.3","X124_SUR_0d2.3","X76_DCM_0d2.0d45","X85_DCM_0d2.3","X64_MES_0d2.3","X76_DCM_0d45.0d8","X100_MES_0d2.3","X18_DCM_0d2.1d6","X123_DCM_0d45.0d8","X76_SUR_0d2.3","X70_SUR_0d2.0d45","X30_SUR_0d2.1d6","X100_SUR_0d2.3","X52_SUR_0d2.1d6","X32_SUR_0d2.1d6","X133_MES_0d2.3","X76_SUR_0d45.0d8","X70_MES_0d45.0d8","X110_MES_0d2.3","X38_OMZ_0d2.1d6","X145_MES_0d2.3","X78_MES_0d2.3","X141_SUR_0d2.3","X124_SUR_0d1.0d2","X142_MES_0d2.3","X142_SUR_0d2.3","X34_SUR_0d2.1d6","X137_DCM_0d2.3","X67_SUR_0d2.0d45","X32_DCM_0d2.1d6","X122_SUR_0d2.0d45","X42_SUR_0d2.1d6","X124_DCM_0d2.3","X122_SUR_0d2.3","X25_SUR_0.0d2","X58_DCM_0d2.3","X68_DCM_0d2.0d45","X78_SUR_0d2.3","X96_SUR_0d2.3","X78_SUR_0d45.0d8","X39_OMZ_0d2.1d6","X72_SUR_0d2.3","X122_SUR_0d45.0d8","X9_DCM_0d2.1d6","X33_SUR_0d2.1d6","X123_SUR_0d2.0d45","X70_MES_0d2.0d45","X123_DCM_0d2.3"
"COG0001",6462,7682,7252,12741,7115,7388,7062,7864,6986,9340,4179,7282,6685,8285,8729,9744,12303,9211,8818,7057,4434,7062,7330,6466,8720,8758,6959,11362,7265,8310,9417,7833,12030,12849,5926,3354,10599,6265,5845,8356,4808,10873,7390,6260,10749,7919,2056,6186,8641,7065,7006,8260,7855,6716,10006,6755,6234,6528,13228,12217
"COG0002",3837,5110,5446,5461,3922,5090,4632,5210,5881,4650,2086,5937,5395,4719,6096,6707,5654,5148,5075,5789,3037,5789,5299,7062,4570,5690,6212,5628,6092,4065,5424,4903,5577,6163,5481,1652,5432,5032,5677,4976,5897,4929,4542,6350,5286,4631,3323,5529,4309,6313,6627,5766,4306,5832,5534,5343,5942,4711,4984,6039
"COG0003",111,338,183,333,1054,215,263,448,54,335,377,236,227,360,257,49,163,395,184,188,97,304,313,6,118,148,150,190,269,485,79,47,52,69,53,257,94,118,151,82,39,129,100,58,98,126,32,69,66,143,19,84,33,112,122,95,90,89,407,103
"COG0004",10877,18127,16465,10722,12194,17333,17937,17146,17978,13326,10922,18649,17341,15085,21892,9677,10670,12292,16642,16247,9485,15270,18505,18009,15496,18797,16185,12055,14421,9533,16342,16580,11187,11434,15582,6889,10903,16074,18358,16717,19964,14876,13401,18378,15182,15702,5574,17589,23765,15811,15542,14117,15153,15209,16405,17245,18942,15409,9988,13320
"COG0005",4481,3955,4011,5491,4149,4135,4999,4742,3680,5007,3899,3142,5078,4794,5476,4353,6056,4549,5940,4204,468,4719,4569,3786,4092,5098,5277,6235,5085,3632,5336,6924,6023,5929,4372,1152,5246,5317,4870,6486,2393,4844,4342,5254,5154,4832,1816,5259,4610,4787,4086,5043,6926,4871,5416,4217,4743,4798,5441,5608
"COG0006",18056,25357,25596,26890,20347,25757,23792,23827,21269,15393,14051,20487,20988,20838,23527,26849,30625,18398,30907,19149,13127,18494,25521,20456,21881,18570,20325,29758,16755,21462,28701,31416,29939,31627,19918,6149,27333,22672,25280,30775,26177,22890,23105,21217,22295,21574,11037,21915,22588,20366,21377,16083,29097,18688,15136,23848,25206,23701,18587,24419
"COG0007",3979,1671,1033,3636,1450,1076,1335,1624,1713,3291,3003,1565,2462,1900,1676,2241,3426,2967,4474,2141,5431,2127,589,800,1439,2728,2421,3506,2968,4237,3435,5738,3479,3315,1932,1716,3698,1348,1328,5421,1367,2111,726,1765,2191,1523,3486,1901,1725,2260,1288,3235,4966,2062,3723,1486,1703,427,3546,2830
"COG0008",14176,15822,15929,15754,15102,16064,15163,15722,14728,13765,12718,14739,13965,14879,14477,15281,16339,15140,15283,14006,10726,12577,15808,12867,15772,14059,12331,16741,12556,13470,16102,14450,16674,15993,14718,5485,16149,14889,14444,14578,13307,15712,15167,13261,16113,14652,9418,13457,14665,13216,14532,13506,14437,12604,13493,14865,14738,16462,16810,15944
"COG0009",4437,5752,6728,5345,5537,6380,6200,5823,6299,5236,4201,6028,5751,5629,5917,7507,5598,4938,5343,5820,3572,5554,6591,7709,6350,5864,5304,5637,5175,4560,6171,5298,5482,5747,6593,2249,5340,6206,6160,4859,6825,5098,6468,6013,5452,5982,2175,5883,5006,5914,6236,5048,4988,5355,5514,6046,6055,6621,5892,5295
"COG0010",6283,9270,9218,8241,7981,9056,9200,8899,7883,7776,6182,8101,9794,8252,8128,6750,9859,6422,9664,6639,1965,8471,8145,6228,8157,7286,9389,9704,8993,6649,9648,8943,9180,10062,8794,2116,8778,8511,9356,9334,8416,7223,7682,9171,8001,8656,4800,9554,9250,9326,6087,9683,8492,8600,7800,8620,9874,7591,9648,9182
"COG0011",73,142,47,82,114,53,100,63,84,1294,49,59,301,516,34,26,83,203,156,60,29,88,8,23,342,884,216,86,111,35,146,297,86,82,272,42,123,126,177,275,48,99,188,129,142,470,4,181,16,89,50,123,382,169,1852,188,214,0,34,219
"COG0012",9637,9729,9834,10113,8428,9833,9283,9663,9043,8419,7855,8878,9350,8713,10836,8621,11420,8528,8432,8919,3257,9201,9924,9012,9106,9543,9665,11745,9220,6810,10111,8287,11042,11644,7497,2331,10482,9356,9270,7614,9819,8904,10312,9880,9855,9467,2555,9441,10456,9547,9416,8973,7878,8861,9247,9418,9345,9963,11881,9583
"COG0013",15424,19764,20509,15808,18280,20643,19912,19720,19880,17788,13796,19375,21690,19071,22088,15583,17739,17951,16119,21490,7755,19863,21396,18791,19210,20530,21001,18153,20135,11951,18319,16278,17676,18515,19346,5485,16758,20332,19023,15373,19422,18242,21076,21284,18816,20462,6263,21401,21389,20285,20089,19949,16026,19756,19170,19752,19228,21304,16829,18453
"COG0014",2719,6785,7837,4718,6611,7610,7501,7370,8784,6164,2736,8451,8293,7608,8627,5631,4811,6786,5654,8274,4581,8483,8542,6468,7020,8227,8584,4389,7836,4685,5809,6377,4866,5595,7173,2240,4429,7594,8216,5899,10099,6310,7090,9423,6774,7590,3385,8573,6023,9030,9866,7447,5660,8081,7145,7372,8366,8427,5063,6752
"COG0015",6765,10325,10891,7603,9783,10960,10396,10444,10415,10446,5722,10268,10762,10659,11593,9534,8932,10002,9066,11156,3387,10608,11461,11089,10931,12130,10892,8943,10596,6346,9734,9275,9077,8980,9649,3259,8053,10898,10392,8597,11951,10512,12452,11307,10717,11563,4929,11421,10796,10764,12215,10563,8816,10541,11614,10657,10305,12110,7024,10722
"COG0016",7430,8689,8801,7018,8204,8790,8404,8758,8016,7062,7697,7954,8363,8140,9388,7700,7754,7407,6784,8017,2705,8047,9080,7195,7926,7984,7929,7769,7684,4913,7847,6931,7796,8112,7576,2197,7126,8548,8243,6527,8715,7886,8545,8450,8466,8381,2439,8257,8458,8044,8899,7519,6984,7638,7380,8614,8441,8882,7509,8409
"COG0017",7272,5611,4171,6298,4671,4269,4214,4792,1974,4320,6431,2230,2401,2817,3751,3114,7046,3825,4350,2693,3512,2421,3804,2002,3105,1710,1576,7657,2108,4302,5554,3701,6867,6353,2186,1176,6873,3893,3242,3502,1710,5275,4265,1529,5331,3484,827,2281,5239,1673,1340,2338,4202,1787,2810,3916,2465,3214,9394,5776
"COG0018",10157,13280,14596,9699,11779,14588,12012,13141,13701,13114,10454,13409,14423,12871,13000,12221,10591,11985,10613,14511,4576,13183,15395,13417,14151,14841,14661,11253,13451,7831,12436,10984,10759,11196,13549,3603,9778,13519,13101,10192,14652,11836,15321,15301,12670,13852,4579,14534,11867,13817,14277,13177,10602,13367,15195,13474,13496,15340,10614,12232
"COG0019",2723,3781,4281,2880,3358,4290,3968,3918,4713,2886,2702,4557,4143,3881,4383,3529,3114,3373,3344,4090,2305,4065,4711,4943,3644,4036,3842,2566,3829,2983,10007,11222,8828,10347,11415,4211,8805,12734,12222,10670,16008,9344,11883,13733,10263,11704,5958,12844,9946,13699,14497,10187,10210,12237,9222,12218,12548,14219,7791,10738
"COG0020",4413,5166,5758,4801,5457,5484,5384,5484,4945,5241,4066,4872,5239,5391,5162,5099,5052,4825,4729,5563,2282,4894,5983,5600,5660,5759,5521,5205,4797,3699,5280,4425,5116,5028,5282,1755,4568,5862,5558,4318,6919,4886,6746,5559,5033,5653,1624,5261,4595,5347,5352,4781,4604,4900,5836,5639,5333,7025,4780,5238
"COG0021",11857,12071,13129,9363,10932,13367,14074,12463,13683,11600,10881,13351,14484,13798,16474,9077,10957,11995,13312,14541,8798,13131,14886,16644,13260,15375,13536,10606,12525,8924,12285,15958,10804,10510,13152,3448,9615,13543,13455,14410,14108,11875,16254,14619,12602,14963,4868,14668,16810,13741,15161,12153,16068,13086,13430,13288,13757,15270,9283,11692
"COG0022",6470,9740,10141,7165,12903,10108,10834,10669,7753,13465,7363,8573,8929,10353,10195,10036,8659,10993,8132,9522,3002,8366,10400,10359,11122,9193,9404,7412,9367,5783,8898,7829,8661,7067,9684,7562,7631,11284,8876,8080,8564,12607,11082,7948,10585,11147,5968,8668,11832,8269,7351,10981,8257,9177,11800,9827,8321,12572,6133,10257
"COG0023",1379,846,537,938,438,549,490,707,396,992,1272,567,561,388,478,765,1032,815,626,872,835,668,415,383,530,757,838,1145,916,778,817,457,977,950,350,371,1061,522,556,482,201,677,478,609,580,607,129,658,623,745,393,1083,454,734,1304,628,476,331,1296,554
"COG0024",6162,6629,5979,5290,6385,6099,6362,6402,5950,6050,8583,5839,6136,6411,6796,5284,5772,5494,5217,6053,3302,5858,6468,6880,6274,6473,5745,5851,5780,4489,5992,5370,5854,5726,6021,2398,5326,6396,6184,5199,5899,6072,6536,6134,6157,6693,2734,5773,7003,5970,6491,5805,5276,5645,6683,6047,6000,6576,6885,6376
"COG0025",4385,1771,1026,2962,2689,1141,2171,1690,2247,5270,3363,2023,2831,2590,1223,2437,2842,3112,2908,2203,6374,2909,936,1170,2156,3666,3214,2498,4325,4618,2261,2564,2776,2204,1811,2419,4455,2283,1967,3326,571,2000,1440,2165,1476,2304,3322,2347,1510,2950,1421,4930,3254,2864,6030,1523,2150,1156,3274,1966
"COG0026",1895,5032,5648,3041,4951,5305,4992,4948,6526,5924,1310,6296,6294,5298,5898,5317,2951,4800,2669,5736,3162,6776,5780,7200,5738,6203,7341,3216,7531,2923,1321,505,1118,1235,1906,659,976,1899,1861,528,2112,1289,1526,2386,1575,1807,802,2193,1481,2446,2209,2585,391,2323,2316,1687,2072,1879,1406,1131
"COG0027",189,800,684,593,1082,707,1105,846,1575,4261,231,1786,2432,2110,919,1584,238,2177,336,2239,1403,2241,301,613,1837,3131,3064,295,3448,748,563,66,237,511,1919,1205,342,1497,1189,312,379,1069,801,2156,853,1908,120,1946,338,2458,1227,4270,74,2314,5702,772,1672,202,415,615
"COG0028",18880,29833,28533,39457,24243,29563,30826,31579,30950,19683,16951,29554,25379,27232,39531,19349,40993,34208,30315,28828,12325,28845,29636,26428,27197,25411,24279,33705,24969,25483,30279,30921,38486,42599,28023,8030,30471,26025,27269,30335,27577,41628,25116,26966,35488,27086,18940,26859,34148,30067,32230,26092,29575,25766,19507,29204,27225,26008,20301,39268
"COG0029",1924,3424,2701,1784,2709,2809,2889,2837,3142,6727,1551,4182,4717,3967,2088,4318,1220,3881,3237,5600,4098,4113,2315,3615,2611,5153,5437,1865,5731,2714,2582,2804,1528,1601,3549,1703,1811,3150,3007,3009,1900,2632,2309,3893,2359,3492,2512,4224,2763,4074,4179,6381,2600,4184,7501,3144,3655,1251,3239,2343
"COG0030",4274,5619,6443,5135,5625,6048,5563,5647,5720,6218,3114,5739,5635,5668,5078,4756,5510,5542,5049,6080,2457,5700,6480,6216,6049,6100,6373,5585,6144,4025,5516,5096,5540,5889,5710,1714,5251,6047,5705,5109,6093,5343,6709,6109,5464,5927,2040,5671,4305,6184,6436,6083,4844,5729,6667,5615,5822,6722,5318,5411
"COG0031",7387,8913,8641,9897,8814,9025,9051,9752,10166,11785,6285,9304,9912,10312,10344,7824,10861,10255,9873,10449,5442,10546,9222,9983,10850,12247,10508,10174,11399,7863,10164,10210,10259,10471,9173,5180,10259,9427,8825,9804,6211,9903,9042,9717,10381,10419,6591,10029,9501,10540,10297,12307,10126,10157,14393,9768,8888,8732,9921,9976
"COG0033",1201,413,255,480,788,323,856,469,1361,4607,810,1128,3747,1890,547,148,365,2223,303,2490,3354,3127,152,313,1315,3600,4530,296,4744,1347,549,283,148,441,1689,698,548,1675,1248,659,52,587,717,2641,335,1685,292,3048,482,3237,907,5463,324,2946,5995,806,1890,20,634,164
"COG0034",9893,11340,11403,9845,10572,11844,10942,10876,12159,11154,10817,11985,12128,11260,11914,11954,10612,9861,9979,12248,3961,11197,12371,12643,12083,11507,10684,11184,11188,7303,11244,10328,10588,10662,11020,3519,9665,11338,10259,10037,10536,9618,12609,10787,10687,12175,3619,11173,12400,10888,12406,11127,10283,10885,11746,11060,10861,11675,10047,10168
"COG0035",692,1131,1106,1222,1398,1078,1343,1224,1370,2853,662,1231,1817,1750,878,1099,1268,1590,1673,1462,1624,1697,897,613,1500,2339,2448,1438,2373,1491,1582,1239,1179,1210,1921,679,1397,1475,1746,1370,1445,1248,981,1995,1142,1582,872,1828,1009,2062,1181,2974,1202,1879,3116,1380,1806,1224,1105,954
"COG0036",4292,6216,6229,4804,5747,6304,5870,6189,5587,5623,3179,5603,5732,6107,6539,5443,5383,5038,5195,5656,2463,5633,6261,5417,6155,6191,5503,5550,5438,3728,5984,5105,5599,5761,5730,1601,4940,5812,5689,5070,5973,5342,6247,5719,5896,5919,1417,5572,6315,5790,5933,5581,4652,5315,6182,6032,5781,6683,4907,6315
"COG0037",10228,10413,12017,10022,10648,11672,10332,10822,10699,9771,7856,10230,10947,10650,10839,12713,10703,10052,9175,10784,5323,10080,12586,9783,11664,10430,11006,10696,10421,8621,10930,11106,10549,11116,9261,4956,10537,11840,10185,10057,13534,9980,12237,11487,11588,10586,4669,11380,9067,11028,10029,10576,11177,10425,10055,10643,10445,12717,10514,11592
"COG0038",2097,2374,1210,3648,2451,1410,2551,2251,2423,6334,1787,1946,4591,3029,1219,3101,3649,3588,3731,3416,4400,3665,698,1156,2469,4298,4374,3639,4743,3813,3179,2532,3660,3084,3306,1405,4164,2889,2967,3124,329,2836,1276,3187,2067,2519,3679,3621,1406,4134,1745,6017,2194,3558,6278,2364,3235,451,4156,2405
"COG0039",4801,8046,8153,5885,7747,8306,8318,7989,7850,4480,3528,7050,6862,7147,9056,6292,6789,5747,6538,7035,3007,6886,9100,6738,7645,6104,5775,6715,5476,4635,7036,6315,6926,6578,6895,1816,6142,7513,7354,6413,7823,7094,8430,7080,7909,7917,2550,7054,9854,6678,8054,4635,6122,6076,3869,7828,6785,9168,5922,7856
"COG0040",2985,4195,4150,3570,2930,4025,3747,4149,4351,3434,1782,4196,3647,3503,4918,2719,3878,3597,3469,4226,2484,3832,3838,4042,3464,4229,3547,3717,3621,2806,3522,3933,3693,4148,4095,1217,3585,3540,3606,3771,4061,3705,3059,3840,4228,3396,1645,3875,3394,4020,5022,3491,3886,3531,4058,3819,3749,3400,3003,4580
"COG0041",2935,3930,3571,3186,3300,3742,3847,3663,3927,3534,1924,3840,3682,3674,4277,3079,3513,3280,3291,4173,1641,3790,3931,4274,3734,3642,3510,3542,3648,2394,3524,3340,3569,3670,3653,1141,3190,3703,3516,3003,3502,3386,3860,3647,3615,3899,1234,3576,5097,3622,3800,3768,3215,3600,3866,3714,3483,3636,3295,3428
"COG0042",6664,8804,8483,5638,8749,8356,7947,7978,8898,11287,6518,8937,9504,9032,7502,8736,5305,7570,7376,9464,8388,9187,7943,10128,9307,10180,9555,5741,9789,6766,2392,2398,2024,1943,2881,1205,1944,2774,2689,2351,2193,2291,2703,2813,2595,3057,1590,2908,2747,3231,2702,3498,2321,2869,4213,2786,2738,2444,2277,2473
"COG0043",6448,6703,3337,8049,4588,3752,4766,5140,534,4130,3037,1240,2358,3561,5302,2601,8326,6267,6348,2240,4644,1454,1986,369,703,1090,1508,9804,1641,5563,6305,5579,8613,7803,2934,1957,8399,3865,3212,6834,581,10794,1981,1457,8939,1991,2337,1825,5088,1141,373,1804,5826,1451,1829,4147,3013,1483,8473,8585
"COG0044",9062,14641,14850,14075,13398,15220,14148,14919,14813,8531,6650,14213,13335,12487,15876,12590,15463,11184,13606,13602,1832,12655,15939,16949,13673,10858,10008,14659,10163,8709,14400,14308,15525,15121,13173,3104,13005,14112,13943,13868,15079,12861,13935,12751,13693,13372,7755,12913,14555,12994,14983,9845,13560,11656,7296,14447,13344,15929,10604,14130
"COG0045",5417,11062,11636,9035,10542,11675,11361,11138,12007,5929,3831,10036,9221,10166,13067,7341,10208,8012,9014,9790,3391,9274,13621,9328,11180,8525,7823,10567,7304,6872,10354,8374,10527,10609,7926,2813,9655,10149,9977,8082,11751,9919,11833,9457,10930,11302,3278,9722,13463,9288,11417,6279,7675,8927,5273,10898,9439,12936,8471,10237
"COG0046",16374,18276,18418,15656,16325,18843,18604,17477,19047,16853,11939,18117,18507,17016,18855,16122,16859,14981,17362,19778,9988,17243,19958,17570,18463,18799,16785,18182,16558,12660,18353,18416,17756,16646,17793,5288,16168,17723,16437,17606,15588,16041,20295,17338,16563,19154,5495,17436,21729,16189,19911,16474,18771,16533,17792,18058,16964,18226,16407,15922
"COG0047",7465,8558,9441,7251,7972,9480,7903,8146,9414,6919,5713,9360,7683,7934,7839,8307,7685,6764,7657,8991,8685,8051,10129,9961,9733,9147,7586,8783,7902,7473,8656,7136,8526,7530,8644,3030,8466,8157,7203,7341,7518,6645,10386,8424,7724,9017,2209,7334,10705,7232,9241,7892,7417,7863,7454,8528,7700,10039,7416,6761
"COG0048",3027,3364,2912,2541,3311,3135,2934,3058,2756,2955,2763,2940,2929,3051,3449,3795,2822,2544,2466,3154,1471,3012,3018,2111,2991,3137,2689,3110,2756,2108,3022,2529,2975,2850,2696,927,2803,3026,2745,2414,2919,2796,3187,2783,2822,3360,909,2740,3734,2941,3102,2868,2455,2605,3260,2966,2760,3110,2983,3082
"COG0049",3524,4067,3913,3538,4000,3736,3866,3597,3485,3661,3291,3525,3601,3668,4228,3930,3717,3253,3304,3555,1544,3613,3671,2226,3623,3795,3286,3961,3236,2526,3877,3122,3861,3991,3405,1041,3554,3653,3422,3115,3758,3633,3711,3313,3683,3926,1092,3384,4374,3503,3739,3359,3137,3143,4018,3620,3401,3743,3663,3659
"COG0050",7186,9573,8263,7064,9715,8893,9675,8728,9213,8743,6160,9580,9651,9766,10370,12759,7589,8574,9514,9350,7101,9950,8937,8286,9588,9990,8453,7696,9269,6793,8707,10212,7859,7844,7928,3482,7156,9117,8878,10557,9454,8244,9249,8971,8893,10483,4723,9245,12043,9340,10541,9847,10369,8406,9415,8876,8565,9801,6556,8603
"COG0051",2190,2383,2335,1853,2523,2270,2313,2339,2222,2542,2242,2216,2414,2640,2490,2705,1949,2113,1900,2439,1178,2477,2486,1726,2453,2732,2133,2079,2128,1528,2173,1920,2036,2195,2389,780,1992,2365,2401,1815,2463,2099,2450,2171,2495,2745,942,2186,2686,2260,2354,2219,1872,2004,2730,2340,2219,2438,1977,2252
"COG0052",5134,6720,6461,4984,6396,6461,6236,6207,6057,5751,4853,5985,5951,6513,6225,5980,5648,5425,5153,5916,2376,5957,6200,5012,6308,6181,5827,5405,5710,4010,5732,5682,5586,5694,5876,1716,5193,6037,5764,5260,6225,5362,6524,5700,5768,6452,2188,5772,5833,5880,6493,5794,5536,5391,6210,5896,5855,6525,5174,5920
"COG0053",417,556,344,920,421,348,404,366,146,178,460,102,458,373,391,591,960,239,1524,170,408,232,248,223,114,126,283,1173,214,846,2948,4111,3459,2537,1876,954,3204,1140,1566,4147,1906,1035,679,838,821,588,1338,962,1166,693,222,514,4082,661,196,1326,1469,1431,2937,1181
"COG0054",1345,2854,2890,2286,2672,2864,2684,2798,3027,2926,815,2864,3211,2893,2944,3130,2240,2780,2125,3540,1259,2956,3013,2925,2934,3007,3226,2347,3288,1937,2486,1969,2444,2551,3113,910,2201,2880,2754,1949,2906,2592,3209,3172,2813,2941,1113,3135,2349,3107,3108,3321,1900,2951,3228,2961,2926,3091,2171,2934
"COG0055",5894,11042,11046,6517,12038,12035,11603,10643,12435,10050,5150,11560,12414,12683,12705,12145,7500,9093,9322,11415,4669,12764,12584,10709,12472,12117,11057,7375,11215,5890,3199,3166,2545,2640,3618,1148,2389,3925,3653,3133,3796,2992,4162,3954,3437,4250,1079,3952,4880,3972,4419,3821,2987,3540,3968,3695,3732,4420,1951,3018
"COG0056",6791,12899,12763,7287,13656,13082,13337,11816,13552,11497,5955,12846,14112,13766,14151,14577,8122,10337,10182,13359,5505,14333,13629,11807,13665,13933,12581,8004,13112,7318,10757,10605,8547,8941,12863,3785,7791,12659,12089,10288,12935,9886,13500,13006,11395,14384,4248,13429,15569,13725,15054,13617,10376,12409,13258,11622,12406,14265,6884,10359
"COG0057",10300,10098,9558,8249,9738,9684,9629,10180,9864,11828,8072,10636,11517,10468,10018,11159,8086,9772,8540,11628,9027,10585,9932,12015,10503,11818,12236,8548,11863,8856,3148,2790,2642,2810,3880,1767,2850,3620,3612,2794,3627,2877,3256,3638,3074,3610,1558,3663,3536,3886,3629,4244,2847,3446,4042,3310,3804,3469,2990,2992
"COG0058",1097,436,333,942,958,359,772,509,630,2952,907,814,2073,1271,400,10,691,1207,934,1405,1797,1339,236,308,828,2583,2378,783,2108,1019,2504,2593,2029,1952,3264,4141,2027,3197,5125,2322,90,2045,2280,4512,1220,4018,251,7453,1024,4519,2050,7703,2448,5011,10845,1928,4683,636,1748,802
"COG0059",4846,7047,7254,6031,6400,7454,7355,7330,7705,6179,3140,7817,7705,7617,8870,6280,6355,6142,5764,7815,4848,7396,7725,7719,7932,8097,7165,6464,7227,4964,6680,5865,6591,6779,6949,2515,6193,7173,7070,5480,8135,6310,6872,7453,7363,7720,2580,7499,8781,7668,8571,7515,5314,7085,7457,7387,7349,7831,5519,6806
"COG0060",20241,23225,24040,19189,21566,23853,22572,22563,22350,20859,18641,22369,23085,22558,24191,19338,20956,19437,19494,22535,7815,20828,24330,21896,23481,22513,21353,21070,20537,13956,21846,20145,21190,21797,23322,5935,18840,23173,22609,19260,24244,20767,25063,22088,22098,23392,7229,22781,22629,21748,23291,20470,20176,19978,22264,23071,22776,24623,20115,21361
"COG0061",5748,6241,6137,6853,6317,6171,6010,6417,6822,7708,3030,6527,7540,6939,7312,6445,7317,6055,5615,7487,2645,6579,6504,6891,6661,7995,7590,7483,7321,4631,6953,5463,7020,7369,7308,1540,6963,6615,6384,5343,6354,5885,7040,6904,6818,6940,2040,6848,6579,7076,6972,7956,5248,6595,9381,6599,6827,6660,8029,6924
"COG0062",1791,1051,811,2044,867,856,1156,1183,774,1694,1378,700,1259,1176,1341,353,2197,1709,2291,1189,1417,1116,743,525,681,1455,1591,2172,1550,1620,5371,7309,6350,5851,2849,1131,6316,3982,3237,7625,911,4750,2934,3112,3800,3368,2750,3748,3786,3433,1850,5140,7112,3718,5888,3314,3452,2125,4729,5516
"COG0063",6172,3786,3007,6697,3366,3031,4250,4028,3126,6064,4567,3069,4661,4403,5074,1438,7288,5885,7512,4343,4468,4269,3256,2699,3328,5678,5643,7344,5520,5488,6367,8152,6920,6643,3453,1627,6940,4855,3913,8016,1487,5509,3967,4003,4864,4473,3158,4537,4862,4229,3448,6141,7981,4426,7366,3993,4259,2837,5372,6905
"COG0064",6445,8748,9918,7913,8405,9807,9093,8899,10336,9176,5443,9545,11131,10373,10582,8027,8466,8094,7121,10203,795,10008,10178,9413,10090,11602,10760,8332,10101,5129,8661,7907,8172,9575,10257,2217,6985,9263,9711,7194,11086,8024,10006,11137,8883,10558,2535,11053,8364,10760,10844,9781,7732,9865,10524,9109,9913,10389,7630,8610
"COG0065",5912,13138,11997,9404,11338,12376,13664,12735,11904,9772,3463,11531,12396,11860,15167,11282,10037,9776,9085,11397,3784,11383,12294,9686,11253,12100,11478,10496,10611,6612,10669,8894,10876,10679,10085,3229,9283,12110,12504,9058,12989,12421,10827,12295,13238,12318,3441,12213,15403,11670,13050,10713,8335,10819,10425,12591,12528,12192,7663,12681
"COG0066",2724,6406,6295,4128,5883,6160,6464,6044,5246,5012,1804,5131,5424,5290,6419,4396,4551,4849,4136,5031,2014,5141,6151,3485,4600,5396,4873,4624,4358,3069,4964,4127,4826,4473,5606,1501,4098,5447,6023,3941,5346,6459,5331,5608,5790,5534,1304,5444,6381,5183,5406,4463,3892,4863,4729,5763,5637,5457,2995,5375
"COG0067",9849,22195,23361,14468,19493,23681,24586,21450,27438,14629,8527,24879,27203,22587,27002,17771,15054,18763,19685,27307,11187,24515,25141,28060,22114,23096,24973,14805,23103,13327,19130,20013,15723,17169,27525,7357,14393,22758,25726,19993,28934,18864,20678,27065,20107,21619,7358,26237,25028,26264,26233,23632,18921,23168,15759,22171,27263,25224,8748,18378
"COG0068",2374,30,5,347,148,21,81,50,207,382,1516,53,80,83,72,20,178,427,363,30,4919,379,28,32,103,34,72,250,456,1682,260,792,122,210,60,312,295,41,28,400,6,93,106,42,73,66,1600,112,244,357,66,291,973,143,156,67,41,29,473,47
"COG0069",14859,30201,31804,21770,26342,32653,32994,29982,37957,22861,12772,35369,35251,30949,35890,31898,23195,24737,28004,34933,15952,32758,33392,35930,31619,32763,32840,22386,31597,19670,28209,28772,24134,25206,34689,10319,22634,30328,33108,27861,39298,25150,28750,35381,27166,32029,13114,35089,34978,35495,36891,31526,26134,31575,25886,31350,34870,32885,15518,25241
"COG0070",8689,21079,21268,11811,17609,21860,23827,19814,24374,12293,7330,23325,24337,20288,25795,16854,12454,17691,17172,26569,11248,21684,22324,28234,20129,19907,22796,11784,20475,11679,16184,15577,12915,14268,24457,7049,11946,21622,23665,17316,28266,18504,18811,24417,18877,19939,6768,24557,24035,23830,23339,21075,14606,21023,12554,21110,25505,22517,7492,16198
"COG0071",15612,3545,3871,4332,5470,3752,4077,4071,4535,2809,35742,5976,6072,4297,5274,1298,4282,3311,3459,5000,3551,5474,4427,4882,5081,5084,10069,4302,4454,3360,5345,3761,3613,4876,5377,40095,3715,3656,6319,4814,4642,3900,5681,8166,4190,5201,19734,8055,4003,5450,3994,3107,4154,11609,3399,4149,5631,4666,4461,4165
"COG0072",11270,16245,17847,11620,15623,17513,16087,17006,17277,15488,10646,16754,17242,16570,17373,15412,12854,15013,12748,17313,5718,16748,18524,14048,16902,16599,16907,12937,16317,9175,14412,12454,13185,13788,17677,4313,11887,17685,17054,13020,19474,14822,18145,18102,16180,17166,5040,17430,13821,17579,18655,15901,12346,16421,16700,16775,17329,19070,12752,15979
"COG0073",8858,13895,14471,10236,14567,14106,13597,13600,12848,12388,8698,14298,13886,14034,13291,14114,10444,12234,11739,14937,8579,12380,15571,13935,14421,11826,12524,10131,11979,10356,12090,11330,10916,10230,15067,5610,10730,14499,14135,12495,17697,12598,15107,13639,13051,13800,4559,13364,12935,13273,12286,12732,11471,12403,11396,14718,14291,17161,13131,11958
"COG0074",4664,8331,7691,8675,7633,7986,8270,8170,8822,4108,2959,7350,6865,7664,10072,6044,9684,5887,7279,7094,2158,6715,9652,6896,8127,5990,5714,9844,5400,5907,8307,6630,9644,9758,6795,2045,8554,7549,7456,6687,8914,7486,8921,7063,8439,8382,2215,7069,11512,6587,8610,4567,5932,6128,3736,8055,6928,9425,7895,8813
"COG0075",5452,5429,4051,9767,5501,4323,5700,5608,6079,9802,2923,6018,7687,7137,6225,4362,10080,7978,6695,6780,5347,6358,3964,3490,6818,9033,7830,10398,8037,7462,7223,6127,10232,9386,6315,1726,8287,5680,6183,6397,2823,7637,4101,6717,7297,6084,3089,6525,4783,7261,5585,10190,5982,6601,11321,5443,6901,3241,7523,7218
"COG0076",3791,2458,1881,3752,3693,1879,2621,2502,2122,5678,3121,2490,3536,3151,1942,4094,3832,3833,5061,2825,4725,3274,1654,738,2607,3472,4492,4694,4572,4216,3687,4290,4174,3626,3008,1731,4231,3560,2693,4305,804,2904,1991,3215,2469,2860,4067,2714,2581,3165,1568,5161,4687,3311,6296,2799,2824,2761,2914,2440
"COG0077",3395,5968,6771,4685,5460,6744,6119,6515,7100,5232,2251,7124,6769,6281,6942,6332,5182,5186,4845,7046,3575,6223,6981,7069,6708,7097,5683,4862,5853,4012,5928,5058,5063,5728,7067,1843,4996,6311,6462,4805,7573,4909,6414,6852,5834,6542,2392,6605,6268,6917,8129,5923,4686,6125,6128,6733,6716,7447,4153,5861
"COG0078",5031,5967,6118,6284,4879,5955,5878,6284,5867,5464,3391,5652,5517,5542,7063,5374,6933,5804,5842,5718,2915,5233,6345,7328,4738,5766,5140,6888,4921,4461,6075,5703,6458,6797,5616,1932,6288,5613,5953,5976,5564,6110,6216,5165,5937,5687,2132,5554,6141,5399,6444,4737,5473,5141,6064,6063,5906,5284,5303,6618
"COG0079",10895,10159,10310,10986,8052,10044,9735,10055,10458,11192,9123,10804,11478,9610,10659,9543,11285,10928,11410,11754,8823,11331,9387,9483,9568,11894,12052,11532,12734,9664,10892,12827,11713,11899,9196,7085,10468,10094,9448,12041,9082,9481,9289,11769,9890,9822,6052,11895,8158,11940,12080,12734,12727,12090,13937,10012,10421,8834,10101,10457
"COG0080",3540,2979,3046,3029,3122,2968,3327,2965,3067,3002,3665,2922,3250,3117,3711,2403,3139,2817,2786,3151,1542,3183,3091,2417,3140,3489,3108,3351,2865,2249,3129,3010,3177,3336,3170,1034,2983,3255,3063,2852,3118,3070,3315,2977,3036,3297,1096,3018,4106,2964,3456,3072,3077,2745,3402,2965,3102,3363,3150,3126
"COG0081",4900,5325,5208,4709,5214,5263,5638,5392,5057,5053,4444,5107,5632,5290,6270,4053,5034,4773,4651,5644,2487,5371,5422,3780,5285,5448,5441,5240,5402,3581,5347,4907,5220,5215,5067,1476,4988,5612,5127,4433,5651,5217,5563,5285,5132,5380,1944,5306,6382,5394,5590,5210,4716,4944,5336,5516,5247,5471,5009,5237
"COG0082",3999,8405,8427,5951,7799,8859,9276,8428,8634,8260,2691,8387,9349,8928,10054,6497,6570,6868,6169,8859,2966,8475,9441,10016,9050,9599,8790,6506,8107,4329,7380,5633,6815,6839,7152,2279,5973,8672,8665,6012,8550,7713,8908,9011,8367,9316,2736,8953,10877,8571,9500,8156,5365,7921,9356,8252,8907,9548,5616,7885
"COG0083",2262,1398,815,2521,1162,1021,1208,1387,1094,3456,1301,1230,1627,1783,2467,1219,2804,2204,1440,1802,2434,1455,674,958,1490,2990,1988,2667,2129,1875,1762,893,2629,2568,1745,658,2696,1414,1060,1019,491,1895,1097,1292,1828,1743,306,1442,1741,1695,1007,2812,899,1396,4766,1321,1456,961,3039,2212
"COG0084",6061,5542,5708,5003,5161,5760,4760,5467,6117,5524,4826,5551,5384,5502,5283,7114,5066,5167,5480,5904,5809,4995,5815,6486,5867,5710,5032,5336,5039,5396,5614,5466,5200,5259,5881,2549,5202,5342,5009,5021,6337,4521,6001,5314,5417,5684,2222,5326,4846,5168,5882,5241,5494,5028,5939,5637,5169,6244,6559,5390
"COG0085",25163,31639,31591,23091,32877,32102,28197,28558,30371,25580,23598,32466,29490,29957,34591,28003,24979,25212,24330,29641,13210,30014,32146,27720,30029,29596,26341,25990,26097,18495,26956,25046,26154,26758,27106,13427,23605,29517,27921,24521,61292,26236,30907,28102,28367,31649,10952,29615,33052,29532,32745,27120,25033,28162,26870,29113,27190,33208,24894,28258
"COG0086",23935,33961,33538,20195,37461,34109,31437,30675,33664,34658,25078,35043,35188,35355,35623,31354,22375,28558,25634,34365,13492,35192,33598,24879,33287,36253,31594,23494,32029,17672,27639,25803,23712,24676,31551,13800,20775,33881,31947,25371,55295,27394,33937,31034,28939,35777,10527,33171,35692,34562,34740,34400,26157,31635,37912,32094,31539,34274,20217,28125
"COG0087",5416,6091,5217,5037,5536,5348,5832,5410,5153,5370,5077,4846,5551,5312,6649,4529,5375,4901,4526,5397,2337,5685,5565,3361,5262,5434,5145,5536,5087,3687,5279,4581,5456,5807,4933,1499,4723,5791,5204,4319,5596,5456,5628,5302,5246,5806,1939,5422,6847,4983,5196,5063,4443,4832,5376,5630,5202,5625,5430,5497
"COG0088",4287,4868,4970,4041,4794,4735,5042,4675,4518,4154,4293,4406,4850,4534,5406,3878,4489,4151,3931,4660,1881,4798,5057,2933,4377,4722,4602,4602,4530,3075,4333,3689,4381,4487,4652,1276,4156,4931,4634,3536,5155,4763,5017,4617,4555,4718,1232,4694,5812,4546,4746,4418,3765,4385,4504,4823,4892,4755,4049,4726
"COG0089",1585,2138,2335,1878,2237,2131,1931,1967,1876,2109,1417,1855,2005,2067,2200,1684,1924,1853,1739,2098,901,2111,2223,1075,2042,2237,1904,1935,1692,1439,1901,1622,1903,2128,2081,568,1739,2037,1944,1725,2155,1859,2199,1962,1860,2188,407,1924,1960,2097,1946,1810,1711,1820,2289,2012,2020,2213,1866,1795
"COG0090",5520,6740,6196,5211,6824,6291,6373,6383,6506,6097,4799,6267,7032,6513,7495,6227,5667,5325,5154,6435,2686,7007,6594,4482,6483,6708,6684,5804,6604,4007,6147,5343,5800,5960,6015,1848,5395,6516,6265,5138,6356,5775,6766,6778,6330,7116,1841,6761,7886,6473,6881,6578,5233,6040,6684,6324,6274,6767,5701,6194
"COG0091",2731,2887,2918,2462,3138,3009,3032,2834,2829,2564,2680,2759,2889,2832,3213,2794,2661,2530,2286,2921,1227,2921,2852,1851,2709,2923,2569,2804,2653,1700,2738,2458,2625,2714,2628,786,2502,2966,2752,2207,2812,2690,3016,2805,2773,3050,830,2845,3232,2781,2938,2675,2556,2514,2761,2968,2596,3006,2438,2677
"COG0092",4432,6003,5653,4366,5822,5748,5685,5469,5253,5494,4516,5195,5958,5699,6205,5536,4796,4689,4155,5554,2199,5601,5580,3653,5480,6050,5231,4804,5131,3236,5040,4416,4944,4942,5208,1522,4573,5681,5308,4211,6021,5095,5586,5465,5356,5902,1731,5326,6314,5314,5248,5360,4274,4870,6061,5591,5389,5794,4327,5274
"COG0093",2489,3009,2774,2294,3037,2892,2920,2714,2593,2640,2323,2623,2927,2826,2891,2695,2515,2433,2284,2874,1340,2874,2790,1928,2696,2953,2592,2628,2516,1761,2587,2257,2535,2725,2410,787,2290,2814,2516,2117,2905,2515,2850,2643,2671,3043,669,2814,3042,2749,3004,2795,2243,2455,2850,2733,2494,2847,2441,2690
"COG0094",4005,4734,4814,3806,4705,4731,4315,4312,4341,4153,3729,4293,4529,4576,4221,4503,3951,3921,3552,4550,1882,4552,4547,2567,4318,4458,4022,4098,4169,2875,4003,3836,3894,4301,4232,1317,3688,4376,4265,3665,4874,3864,4664,4015,4142,4461,1202,4172,3737,4366,4554,4245,3822,3908,4288,4297,4132,4589,3559,4367
"COG0095",2624,354,212,1175,566,263,644,575,744,2468,2076,654,1165,1008,311,458,1481,1224,1856,920,906,1147,167,286,690,1774,1561,1548,1576,882,1195,3190,1029,1040,913,244,1389,893,913,2295,31,834,336,1047,608,884,763,1091,172,1230,512,1960,3528,1152,3307,521,1109,41,1223,1038
"COG0096",910,1030,1071,854,1185,1066,983,982,938,1063,905,933,1144,1031,1049,1057,928,942,911,1065,464,1156,1071,565,1042,1091,1008,948,1059,663,3010,2698,2733,2935,2879,898,2552,3110,2962,2537,3014,2693,3269,2927,2943,3165,925,3013,2831,3168,3248,3061,2623,2922,3347,2909,2959,3289,2636,2946
"COG0097",3307,4442,4355,3192,4463,4286,4100,4200,4066,4104,3363,3860,4463,4287,4519,3858,3386,3628,3454,4376,1691,4267,4406,2722,4123,4492,4024,3597,4184,2689,3829,3521,3516,3577,4043,1234,3159,4270,4193,3325,4502,3700,4487,4141,4046,4639,1238,4170,4222,4226,4384,4239,3322,3774,4394,4033,4120,4623,3169,3973
"COG0098",3738,4447,3811,3235,4063,3950,4192,4286,4067,4366,4044,4098,3972,4167,4682,3869,3632,3488,3386,4130,1687,3875,4010,3165,4021,4422,3673,3700,3573,2464,3825,3391,3830,3691,3341,1108,3519,4165,3848,3206,3989,3910,4413,3737,4097,4523,1293,3979,5174,3905,4322,3890,3426,3417,4745,4274,3762,4094,3516,4061
"COG0099",2965,3348,3196,2855,3300,3207,3103,3244,2973,2997,2787,2961,3247,3217,3382,2770,3136,2728,2684,2994,1265,3073,3134,2299,3062,3155,2822,3307,2767,2135,3148,2771,3100,3205,3001,916,3003,3103,2947,2571,3362,3058,3434,3025,3109,3329,986,2961,3280,3015,3103,2979,2707,2624,3213,3043,2836,3228,2925,3200
"COG0100",2761,3388,2976,2730,3225,3042,3144,3072,3155,2971,2559,2950,2977,3111,3401,2610,3028,2574,2545,2927,1426,2835,3078,2364,2923,3118,2524,3072,2631,2007,2970,2515,3018,3126,2936,850,2692,3197,2908,2570,3099,2786,3103,2785,2952,3409,982,2794,3902,2967,3037,2688,2580,2496,3157,3054,2832,3222,2908,2977
"COG0101",2383,5962,6769,3213,5870,6456,6480,5729,6062,5459,2273,6165,6291,5770,5687,6095,3635,5069,4397,6177,2251,5653,6391,6656,5971,6306,5633,3498,5458,3077,4701,4260,3840,3694,6345,1589,3600,6100,6286,4230,6489,5078,6380,6072,4888,5990,1793,5875,5253,6165,6275,5580,4092,5390,5855,6284,6324,6246,3342,4646
"COG0102",2993,3789,3706,2988,3449,3760,3835,3502,3482,3490,2670,3351,3779,3680,3950,3371,3427,3147,3001,3667,1580,3370,4014,3916,3721,3792,3379,3501,3279,2442,3464,3111,3381,3402,3762,1055,3103,3726,3654,2805,3842,3286,3883,3560,3504,3745,1178,3542,3871,3549,3550,3262,2998,3015,3926,3678,3652,3948,3251,3638
"COG0103",2432,3344,3288,2289,3386,3214,3524,3215,3180,2874,2492,3011,3307,3261,3363,3163,2657,2647,2655,3091,1114,2959,3332,3218,3027,3164,2756,2766,2924,1873,2958,2535,2650,2646,3148,853,2456,3363,3148,2665,2895,2841,3274,3073,2961,3140,1138,3197,3399,3032,3147,2837,2535,2698,2868,3095,3090,3265,2355,2956
"COG0104",8127,9898,10011,7689,9702,10373,10560,10221,10215,9518,8105,10390,10410,10588,12005,6303,8746,8699,8485,10673,4401,9705,11235,10312,10828,11067,10264,8961,9308,6138,9450,9010,8855,8725,8862,5664,8099,10675,10155,8513,12102,9068,12005,10656,9957,11336,3705,10558,12702,9783,10539,9430,8712,9918,10306,10606,10243,11809,7846,9848
"COG0105",3035,3074,3047,2873,3121,3000,3151,3042,2868,3291,2937,3048,3344,3224,3133,2821,2980,2950,2847,3593,1396,2920,3210,4313,3352,3427,3034,3032,2961,2180,3065,3224,3009,3141,2891,928,2699,3110,2931,3227,2978,3009,3297,2914,2985,3336,1127,3075,3051,3132,3157,3106,3404,2818,3978,3035,2909,3217,3098,2990
"COG0106",2218,3722,3872,3390,3221,3765,3694,3773,4458,3770,1583,4176,4132,3889,4745,3902,3563,3638,3656,4203,1724,4065,3807,4650,3783,4234,4215,3472,4484,2479,3822,3700,3517,3815,4219,1169,3230,3914,3679,3607,4046,3367,3431,4324,3924,3874,1813,4016,3177,4466,5165,4117,3364,4088,4371,3900,3906,3925,2622,4370
"COG0107",3397,5045,4784,4199,4272,4869,5043,5269,5792,4655,2190,5336,5251,5134,6108,5936,4487,4606,4599,5427,2145,5443,5326,8233,5072,5555,5209,4453,5383,2998,4895,5548,4419,4889,4953,1776,4183,5298,4744,5132,5093,4333,4902,5498,5507,5333,1692,5454,5181,5747,6333,5244,5173,5064,5571,4876,5121,5282,3716,5924
"COG0108",3170,7118,7688,4707,7299,7810,7526,7298,7781,8305,1946,8118,8395,8431,7969,5973,5129,7097,5494,8840,3088,7946,8301,7401,8568,9159,8717,5111,8225,4178,6238,4855,5266,5664,7473,2487,4908,7801,7876,5324,8258,6557,9029,8814,7597,8727,2871,8383,7150,8069,8632,8403,4364,7724,9611,7390,8315,8648,4157,6818
"COG0109",6481,8053,7863,6924,6901,7667,7860,8044,7833,7325,4147,7221,8036,7564,9255,7845,7612,6899,6684,7641,3968,7662,8331,9515,7673,8101,7815,7738,7919,5583,7771,6552,7413,7818,7777,2457,7449,7684,7669,5885,7844,7443,8375,8114,7915,8085,2238,7643,9583,7933,7788,7852,6044,7533,7836,7826,7720,8435,8442,7373
"COG0110",4778,2350,2344,3967,2665,2279,2302,2744,2756,3441,4152,2605,2036,2642,3079,3901,3968,2482,2645,2602,5359,2287,2932,3820,3387,2579,2185,4032,2425,4079,3343,3806,3625,3808,2641,2661,4326,2494,2114,3068,2704,2352,3418,2363,3768,2989,3288,2248,3200,2297,3305,2491,4216,2336,2794,2471,2203,3121,5107,4002
"COG0111",12625,18254,19354,18346,15332,19273,18665,18049,16898,15059,11949,17906,16838,17134,20287,17474,18679,21130,20782,17804,9103,17035,18063,20436,17112,17747,16607,17814,16542,14327,18493,21246,18976,19831,18640,7298,16927,17362,18429,22770,15993,23997,16087,17732,21056,16264,11083,17908,15243,17432,20618,16530,20943,16145,15669,17781,18406,17314,12133,21713
"COG0112",8505,10315,10263,8647,9348,10449,10499,10196,10199,9252,5458,10312,10931,10018,11770,7278,9813,8968,8638,9902,5371,9854,10337,9844,10800,11160,10569,9995,9788,6836,9537,8001,9432,9748,8552,6289,8888,10037,9909,8155,12028,9528,10560,10930,10168,10899,4908,10873,12253,9646,10146,9705,8095,9904,10155,10249,10186,10908,8958,9484
"COG0113",3069,5723,6668,4537,6304,6906,5553,6304,7767,7439,2210,7683,7088,7022,6274,6254,4817,5127,4468,7394,3021,7201,7399,7483,7797,8433,7279,4691,7189,3929,5655,4688,4777,5450,6479,2107,4723,5792,6148,4315,6231,4485,7358,7464,6210,7673,2580,7030,5954,7489,8295,7312,4177,7175,8056,6050,6685,7145,5032,5560
"COG0114",4392,9060,10310,5304,9676,10249,10588,9919,10335,10209,3977,9768,9920,10451,10914,6671,5997,8654,6728,10652,4141,9341,11564,11151,11098,11115,9520,5790,9408,4631,8104,6522,6038,5776,8288,3227,5731,10502,9464,6462,9703,8178,12425,9800,9035,11788,3641,10262,11500,9360,10711,9517,5770,9337,11582,9867,9531,11943,4271,8920
"COG0115",10022,15522,15714,13888,13505,15936,14545,15771,16082,14846,6770,15736,14876,15094,14800,13858,14989,13949,13375,15450,8525,14011,16162,15460,16188,15227,15258,14671,14491,11223,14802,13351,15450,15287,14839,4335,13756,14797,14868,12765,15736,15036,16070,15517,15807,15401,8417,14867,15398,14960,15159,14885,12973,13905,14985,15914,15184,15903,12909,15198
"COG0116",2350,1248,1137,1315,1860,1153,1245,1063,2125,4989,2094,2156,2989,2387,629,4023,783,2512,1023,2559,4153,2763,741,1019,2365,3290,3235,922,3973,3058,1116,749,826,1003,2163,1640,1438,1833,1416,905,745,1078,1028,2187,1151,2180,1138,2577,937,2833,1228,4723,1034,2796,5580,1252,1932,442,3825,834
"COG0117",2424,5886,7004,3287,6263,6808,6216,5991,6461,6066,1777,6446,6202,6506,5523,4515,3157,5227,4131,6630,2611,5931,7143,6226,7001,6835,6345,3429,5627,3206,4968,4031,3641,3668,5788,1892,3268,6434,6652,4712,7401,5375,7874,6230,5736,6925,1364,6195,5243,5924,6549,5363,3758,5681,6710,6179,6804,7604,3192,5070
"COG0118",2508,4012,4311,3143,3498,4253,4007,4084,4612,3662,1662,4502,4187,4202,4921,4237,3412,3715,3618,4300,1457,4384,4392,5183,3890,4415,4006,3413,4086,2417,3917,4611,3373,3780,4230,1422,3166,4187,4103,4253,4206,3567,3801,4371,4274,4176,1542,4257,3603,4627,5284,3823,4252,3899,4212,3906,4274,4325,2569,4507
"COG0119",14124,20251,19992,17826,17846,20577,20679,21215,20957,14774,11808,20489,19163,18659,24887,14784,18801,16910,17811,19125,9775,18693,21395,19355,19178,18675,18031,19056,16737,13588,6390,6245,6260,6508,6529,3219,5677,6820,6747,6362,7671,6246,5961,6642,6476,6319,3308,6829,7556,6634,7184,5409,6159,6104,4867,6818,6625,6825,4975,6933
"COG0120",1672,2539,2110,2564,1840,2238,2007,1971,1711,3296,834,2161,2252,2353,1522,3390,2565,1849,1541,2430,2031,2001,1631,1423,2235,3254,2231,2902,2250,2080,807,298,920,847,657,304,860,649,725,330,551,633,619,684,680,752,279,701,781,715,706,1029,265,615,1214,624,777,402,987,571
"COG0121",1366,257,155,472,194,170,240,198,143,287,1085,67,115,113,112,381,317,396,497,125,2369,130,246,98,73,84,116,409,221,1223,352,690,243,297,91,705,634,192,189,506,54,348,111,72,172,80,386,127,465,92,53,147,728,217,121,130,138,92,1583,160
"COG0122",4098,4851,5114,5330,4130,5156,4334,4776,4163,2352,2307,3938,3684,3838,5612,2755,5861,4358,4073,4055,4174,3831,5300,4530,3994,3318,3216,5307,3095,4255,4672,3895,5443,5814,4209,1419,5192,4129,4000,3748,5311,4807,5072,4265,4964,4257,1308,3942,4270,3712,4610,2352,3461,3565,2279,4734,4066,5356,4615,4838
"COG0123",3882,7353,7694,5069,8383,7770,7586,6839,8245,4137,3218,7352,7372,7334,6490,5583,4616,4398,5201,5757,5001,7069,7780,8547,7971,5549,5666,4905,5754,5122,6174,5800,4729,5147,8293,2924,4782,6613,8742,5293,6277,5577,7488,7377,6076,7699,4256,7277,6275,7320,7893,4794,5449,6570,3820,6947,8097,8739,3507,5092
"COG0124",8257,10677,11394,8144,9417,11083,10247,10650,10256,8693,7923,9834,10234,10020,12057,9454,9356,9864,8464,10648,3951,9994,11880,8082,10220,10467,10325,8861,9633,6466,9163,8245,9364,9875,9222,2695,8273,10697,10100,8457,9555,10247,11520,10807,10632,10630,2785,10710,10314,10608,10705,9571,8415,9687,9609,10287,10294,11601,7905,10234
"COG0125",3925,4258,4476,3904,3928,4347,4127,4315,3649,4238,4306,3494,4090,3931,3996,3209,4172,3991,4096,4722,1611,3577,4528,3328,3612,4641,4074,4275,3439,2959,4286,4064,4242,4412,4185,1100,3825,5215,4430,3908,4048,4817,4797,4328,4274,4228,1285,4076,3579,3790,4026,3286,3942,3634,4420,4663,4288,4343,3844,4473
"COG0126",7182,9273,9670,7459,8658,9503,9358,9257,9878,9085,5667,9165,9714,8738,9911,7454,8365,8151,7638,9997,3507,9132,9875,9343,9649,10158,9663,8488,9206,5612,8960,7852,8292,8690,7931,2619,7715,9538,9552,7608,9546,8289,10193,9635,8880,9728,3025,9776,9261,9552,10199,9340,7441,8628,10095,9323,9248,9822,8061,8738
"COG0127",3413,4789,5246,3675,4652,5110,5280,4982,5168,5735,2445,4945,5820,5553,5060,4086,3872,5372,4208,5573,1701,5362,5468,5069,5145,6192,5845,4149,6164,2965,4358,4120,4140,4195,5137,1247,3584,5417,5112,4030,4967,4847,5609,5568,4704,5544,1550,5761,4262,5930,5112,6488,3957,5161,6848,5077,5399,5303,3685,4896
"COG0128",4819,9124,9881,7396,9444,9536,9095,9462,10349,9152,2997,9351,9276,9864,10092,8894,8191,8128,7044,9934,3054,9018,10551,10302,10332,9876,9093,8145,8687,5794,8683,6806,8277,8771,8313,2752,7557,9811,9168,7043,10306,8174,10558,9441,9568,9947,3006,9488,8477,9770,11107,8759,6294,8677,10181,9418,9246,11294,7625,9007
"COG0129",8980,15235,14541,13552,11872,15010,16271,15179,16609,12128,5602,16255,15309,14169,18102,14842,13649,13790,12226,14934,10914,15635,14428,16797,14782,16016,15589,13219,15449,11205,13485,10985,13378,13848,17547,5332,12835,14381,16634,12917,17189,14674,11809,16404,15298,14051,10064,15485,17839,16687,17531,16738,10043,14828,13515,15094,17117,13191,10114,14830
"COG0130",4651,4918,4701,4715,4586,4600,4192,4701,4289,5884,4789,4712,4488,4937,4206,4528,4879,4576,3990,4924,2553,3932,4259,3212,4869,5294,4535,5177,4178,3590,4741,3235,5101,5033,4699,1396,4637,4364,4442,3184,3610,4921,4696,4190,4911,4837,2117,3966,4186,4225,4468,5176,3337,3768,6392,4662,4544,4212,5454,4670
"COG0131",2322,3602,3359,3370,2753,3575,3495,3637,3679,3356,1493,4059,3976,3411,4337,2761,3480,3338,3208,4170,2233,4212,3414,4647,3224,4036,4065,3587,4486,2596,3763,3504,3610,3749,3625,1240,3373,3595,3330,3177,3845,2981,2858,4026,3609,3497,1601,4067,3287,4075,4775,4333,3179,3884,4104,3637,3608,3029,2801,3733
"COG0132",1555,911,619,1804,758,655,640,808,649,2550,506,815,1404,1098,901,1627,1721,1319,1031,1207,1461,1245,306,247,869,1797,1746,1966,1947,1466,1362,723,1572,1803,1120,668,2038,923,911,818,746,878,515,1186,1109,967,149,1345,701,1384,627,2230,639,1354,3242,768,1092,207,2271,1444
"COG0133",3570,7237,7181,6422,6335,7432,7655,7280,8719,6116,2203,8240,8819,7387,9648,7993,6876,6710,6122,8412,2891,8218,7739,8799,8029,7855,7949,6717,8283,5120,7108,5814,6959,7274,6792,2368,6231,7256,7037,6016,6519,6942,7313,8153,7555,7539,3060,8314,8869,8243,9683,8319,5305,7745,7008,7353,7672,7611,5231,7748
"COG0134",3046,4444,5176,4428,3812,5038,4467,4560,5406,4705,2007,5194,5554,4512,4987,4605,4639,4729,4202,5338,3245,5701,5304,4386,4981,5543,5867,4587,5962,3701,4655,3882,4569,5068,5691,1503,4404,4785,4707,3973,4643,4097,4679,5730,4493,4702,1705,5531,3431,5862,5981,6015,3549,5311,5462,4450,5256,4880,3529,4546
"COG0135",2123,3097,3749,2390,3077,3603,3300,3098,4421,3739,1473,4079,3658,3555,3303,4114,2481,3179,2951,4039,3292,3643,3828,3239,3976,4300,3606,2403,3622,2672,3020,2592,2603,2709,4303,1153,2679,3418,3567,2807,4040,3055,3688,3949,2932,3725,1516,3644,2691,4050,4997,3690,2460,3447,4446,3410,3940,3692,1683,2854
"COG0136",5528,8424,8624,7127,7333,8441,8366,8215,8614,6544,3343,8132,9580,7866,9086,7277,7296,6684,6383,8584,4105,8760,8595,9003,7613,8335,9033,7298,8713,5860,7866,6339,7268,7718,7956,2691,7097,8047,8115,6403,8992,7012,7092,9287,7722,7690,3225,9317,8127,9237,9020,8240,5865,8537,6739,8119,8787,8475,7675,6979
"COG0137",5706,7428,7165,6823,5919,7364,7354,7381,7719,5951,3677,7882,8298,6968,8532,6598,7269,6467,6844,8095,3456,7723,7020,8967,6551,7351,6953,7136,7267,5052,7320,7467,6973,7758,6754,2116,6889,6905,6950,7144,7413,6424,6250,7758,6949,6812,2974,7819,6373,8027,8555,7199,7079,7142,6703,7160,7358,6658,6153,7518
"COG0138",7509,11654,12623,6946,11310,12328,12414,11328,12858,11419,6176,11983,12609,11997,11564,12621,7964,10807,9922,12275,5246,11459,13133,10901,13316,12966,10821,8005,10989,6577,10498,10455,8116,8276,12185,3452,7391,12016,11421,9969,10885,10363,14023,11734,10584,12771,3662,11989,11978,11444,13288,11421,10236,11039,12773,12083,11896,12731,5910,10548
"COG0139",1669,2582,2707,2254,2052,2722,2655,2644,3333,2857,1097,2964,2864,2710,3412,1963,2461,2824,2109,3043,1271,3153,2583,3202,2473,3148,3202,2310,3238,1859,2355,2298,2228,2633,2753,862,2150,2759,2524,2381,2573,2429,2331,3219,2546,2692,1264,3036,2382,3249,3590,3144,2101,3157,3395,2518,2789,2440,1982,2936
"COG0140",692,1295,1381,1045,1103,1380,1419,1281,1897,2310,510,1850,1926,1580,1751,1850,1071,1879,859,2077,1299,2065,1254,2068,1531,2254,2395,969,2494,1108,989,838,1074,1165,1742,609,1036,1611,1395,1013,1420,1299,1350,1967,1303,1572,752,1970,1105,2128,2086,2629,747,2051,2832,1475,1727,1180,680,1296
"COG0141",4281,11056,11632,7900,9426,11536,11198,10928,13769,8338,2921,11864,11225,10801,12954,12070,9029,7962,9995,11534,3550,10772,11560,12877,10874,10845,9745,8781,9539,5779,10925,9104,9136,9801,10537,2543,8212,10532,11513,8350,12490,9147,9653,11639,10162,10981,2871,11330,11406,11884,14690,9292,7698,10326,9548,11014,11815,10681,5564,9275
"COG0142",9398,15253,16283,12926,14460,15816,15519,15448,14582,14549,7256,14834,14820,14960,16745,13010,14093,14281,12660,14741,5839,15050,16590,18522,15486,16226,14950,13930,14734,9770,14560,12169,14107,14348,15615,3905,12721,15549,15417,11767,15261,14814,16280,15243,14877,15757,4756,14828,14463,15822,15076,14405,11649,14026,15480,14915,15318,16266,13331,14756
"COG0143",11256,11849,12951,10699,11272,12374,11510,11848,11438,10914,10654,11691,11586,11503,11946,10518,11707,10982,10723,11986,4478,10775,13379,12018,12196,11352,11713,12099,11118,8623,11756,10476,11693,12008,12312,3826,10907,12139,12215,10398,12951,10939,13438,12186,11748,11709,4451,11677,11014,11766,12500,11121,10868,10969,11211,11905,12333,13163,12120,11321
"COG0144",1756,1963,1528,1000,1715,1494,1652,1516,1364,2463,1996,1590,1842,1590,793,1907,1082,1911,1496,1579,1507,2008,1016,1027,1384,1806,2205,1231,2405,1387,4099,4141,3728,3112,4229,1670,3893,4677,5349,4063,2353,5417,3484,5230,4060,4108,4778,5383,3253,6217,3677,8406,4660,5450,7167,4443,5401,2595,4438,3392
"COG0145",9490,10046,6379,16255,7230,6612,8872,8523,4767,6718,7451,5242,6399,7586,5416,6372,15396,12633,17018,4556,1554,5860,2294,2604,4546,4487,4340,13226,4990,10355,11849,18045,15645,16688,9775,1420,11559,5669,8295,18949,2025,18705,1815,5356,14702,3688,5117,5340,3713,5292,4491,6828,19684,4440,3759,6580,8005,1995,4338,16435
"COG0146",7799,7840,4723,13430,5679,5030,7182,6664,3710,5312,6044,3933,5034,6509,3624,4813,13020,10683,13281,3540,1079,4560,1960,1906,3176,3501,3342,11365,4080,8458,9276,15137,13352,13819,7920,1279,9701,4686,6355,14994,1522,16218,1450,4147,11569,2902,5354,4092,2318,4262,3622,5381,15850,3460,2874,5160,6375,1609,5025,12869
"COG0147",7551,14123,16039,11129,12634,15505,13716,13903,15372,15800,5750,16073,15865,14444,13209,11593,11432,12503,12316,17392,7423,15518,16261,15808,15495,16882,15618,11499,15993,8950,13837,12803,11456,12379,14848,4532,10931,14012,14154,12301,14854,12065,14248,16182,13110,14788,5967,15636,10404,16452,17622,15929,11510,15136,17091,13607,15302,13975,9190,12010
"COG0148",8798,9571,9884,8740,9371,9964,9760,9591,10126,9659,7853,9253,10348,10270,11070,7422,9783,8754,8721,9961,3821,9353,10877,9426,10052,10505,9816,9622,9263,6315,9892,8714,9701,9563,8584,2725,8788,9984,9914,8340,10021,8985,11856,10087,10166,10810,3246,9928,10728,9536,10486,9485,8814,9171,10528,9937,9863,11647,8844,9817
"COG0149",3679,5368,5916,4148,5072,5627,5554,5193,5350,5117,3225,5326,5059,5217,5547,4671,4500,4620,4782,5322,2152,4989,6084,5240,5323,5532,5327,4229,4781,3369,5134,4659,4414,4647,5457,1487,4062,5439,5319,4729,6416,4805,6232,5587,5000,5802,2009,5041,5191,5610,5642,4821,4485,5111,5256,5391,5321,6011,4387,5109
"COG0150",6047,7755,7787,6771,7293,7703,7365,7669,7776,7734,4821,8081,8319,7206,7963,6471,7486,7012,6897,9188,2992,7502,8287,10110,8893,8178,8221,7354,7645,4891,8097,7113,7398,7268,6795,11805,6722,7385,6869,6523,7865,7151,9155,8624,7500,8107,2689,9986,7625,7430,8091,7458,7082,8310,8628,7900,7042,7944,6791,7247
"COG0151",7697,9915,10197,8800,9049,10171,10337,9631,10736,9425,5130,9938,9567,9707,10181,9847,9652,8536,9088,10276,4091,9698,10793,11772,10453,10361,9066,9806,9308,6713,9845,8430,9660,9745,8578,2771,8822,10241,9589,8145,10086,8760,11260,9681,9084,10418,2843,9717,9987,9635,11020,9467,7850,9045,10202,9576,9813,10394,9285,9016
"COG0152",5521,6328,6255,5348,5304,6136,5526,6007,5740,5625,4200,6228,5522,5693,6481,5396,5723,5849,6080,6145,2237,5654,6408,5529,5879,5876,5354,6160,5286,4027,6189,6337,6094,6012,5857,2129,5475,6028,5482,5834,5707,5832,6828,5543,6033,6019,3183,5934,5918,5699,6149,5286,6054,5375,6023,5966,5512,6259,4861,6234
"COG0153",3181,1607,1892,1538,2041,1866,1837,2076,1776,1195,2857,1967,1383,1407,1452,776,1780,1666,2330,1844,4068,1319,2317,1982,1766,1159,1169,1827,1183,1758,2023,2472,1842,1239,1366,678,1670,1871,1690,2573,778,1789,2174,1085,1586,1681,192,1511,1736,1002,1724,1115,2684,1099,1187,2027,1410,2666,1282,1315
"COG0154",15642,23951,22330,32639,20826,22441,25102,24770,25676,17996,12185,24477,22483,23607,29111,16508,33035,27911,21139,23448,9050,25026,23403,24148,23325,24006,21239,26938,21903,21972,22483,20254,31475,35332,23958,5450,25866,21958,24443,21144,18599,35573,23437,25075,29691,23995,15744,23258,23383,24142,26966,21280,20658,22767,17475,22665,23922,23127,16216,30457
"COG0155",5053,3283,1542,5877,2744,1763,2754,2603,2041,6380,3286,2647,4963,4103,3001,3382,5313,5833,6211,3280,4690,4571,416,1131,2208,5188,6583,6134,7325,5290,5873,7351,5908,5828,4770,2517,5843,3100,2770,6616,1308,3489,1117,4620,3014,2538,3043,3991,2347,4993,3122,7812,6210,5127,7290,2671,4029,245,5902,4223
"COG0156",8494,6686,6052,5904,7736,6349,5694,6301,6529,9172,6552,6235,6728,6691,4739,6468,6362,6884,7608,6542,6728,5810,5807,5528,7612,7611,6508,6463,6965,6173,7829,8676,6882,5630,5791,3313,8131,5708,5906,7250,6474,6238,7426,5788,6478,7159,6426,5950,6206,5453,5461,7907,7677,6116,10000,5935,6154,6191,7610,6419
"COG0157",3089,4516,4598,4027,3767,4424,4278,4485,4096,5598,2015,4294,4900,4184,5297,4481,4080,4775,3851,5067,2245,4737,4345,4450,3881,5007,5072,4274,4988,3261,4151,3895,4088,4387,3834,1525,3899,4732,4067,3502,4351,4187,3956,5058,4064,4464,1256,5147,4057,4757,4412,4871,3437,4774,6117,4372,4140,3422,4640,4580
"COG0158",1355,1220,649,822,1578,721,846,695,715,1207,1114,628,730,734,737,2597,607,1178,792,589,3119,947,289,839,888,527,500,548,863,1897,615,680,632,655,921,831,1091,622,866,912,277,994,419,507,811,781,572,583,866,831,546,986,734,679,823,643,652,322,1196,1012
"COG0159",2310,4676,5117,4124,4194,5033,4794,4836,5573,4517,1683,5256,5035,4808,5937,4140,4160,4263,4227,5357,2043,5077,5269,5214,5188,5487,4851,4131,4810,3011,4527,4129,4202,4617,5657,1435,3871,4749,4577,3920,4686,4302,4817,5309,4727,5075,1857,4841,4397,5491,6272,5034,3556,4822,5474,4789,5156,5191,2969,4904
"COG0160",7008,5059,5517,7474,6025,5612,5954,5802,4419,4165,7462,3494,4055,5212,4461,3928,8200,5451,8530,3497,1501,3405,5674,3564,6184,3855,3187,8764,3380,5834,7701,8670,8138,6372,4724,2387,7789,6136,4434,7850,4375,6115,6430,3756,6259,5093,7005,4235,6294,2964,2931,3286,9723,3461,3434,6076,4286,6540,6180,5615
"COG0161",5658,12407,11310,14259,10293,12138,12029,12119,12164,10048,4147,11798,11721,11763,12849,16401,14425,11020,14355,11029,4882,12493,10377,10669,12323,12314,11470,15446,11917,10859,14156,13398,15028,14923,10368,5301,13490,10557,11641,14011,7214,13169,9436,12017,13008,11474,11160,12198,11739,12932,11679,13456,12281,11938,10505,11953,12042,9160,10224,12791
"COG0162",7634,8870,9744,7408,8437,9767,8989,9124,9848,8771,7659,9380,9232,8663,9664,9429,8199,8393,8031,9708,3601,8727,9946,10336,9515,9850,8991,8452,8839,5930,8910,8252,8558,8806,8014,2646,7990,8994,8852,7706,9881,8367,10048,9518,9098,9471,3299,9148,8751,9323,9953,8969,8042,8462,9635,9222,9090,10144,7774,8800
"COG0163",2176,1355,718,2022,1002,789,996,1027,190,1126,1221,329,693,891,1159,924,1826,1445,1681,463,1781,274,418,117,212,268,297,2061,398,1590,1481,1695,1921,1818,886,624,1779,859,808,1811,142,1707,422,264,1435,468,1228,414,1151,296,92,490,1732,344,489,862,880,351,1944,1707
"COG0164",4578,4677,5223,4173,4522,5199,4990,4904,4696,3997,4972,4900,4575,4508,5470,3847,4506,4127,4247,5020,1522,4568,5557,5384,4608,4405,4082,4774,4104,2970,4776,4399,4479,4738,4687,1591,4192,4959,4653,3976,7839,4504,5315,4478,4559,4814,1432,4654,4711,4854,5010,3990,4465,4446,4068,4846,4702,5348,3995,4656
"COG0165",6101,8403,8914,8537,6532,8761,8117,8552,9641,6687,4289,9527,9255,7638,9231,7063,9309,7736,8148,9881,4080,8644,8602,10028,7253,8399,8055,8482,8087,6140,8691,8899,8809,9964,8531,2685,8462,7943,8302,8207,9275,7402,6998,8973,7752,7446,3193,9064,6456,9713,10868,8234,8109,8120,7663,8694,8919,7517,6819,8937
"COG0166",6490,7732,9098,7744,8837,8666,8858,8634,9668,9691,4424,9471,9180,9021,7921,8762,8171,8553,6812,9971,4804,9585,9652,10001,9992,9731,10175,7632,10255,6498,8324,7678,7556,8447,9433,3051,7652,9752,9190,7587,8777,8147,9888,10078,8616,9314,3620,9562,6346,10290,10437,10763,7747,9679,10539,8865,9559,10163,8080,7965
"COG0167",6712,8188,8859,7220,8238,8516,8017,8124,8623,7957,4761,8473,8785,8328,7811,9845,8004,7562,8619,8395,2869,8115,8375,8337,9052,8558,8076,8445,8357,5420,8843,9346,8084,8112,7615,6427,7233,8437,8113,8901,7788,7659,9454,8809,7907,9013,4023,8592,6705,8521,8672,8393,8706,8207,9116,8402,8524,8373,7183,7517
"COG0168",7233,11789,13501,8524,11901,13114,11604,11508,13356,11005,6340,13121,12849,12225,13227,10479,8865,10802,10558,13029,6557,12544,15243,12868,13631,12650,11467,8616,11776,8341,11250,11192,8949,9435,12103,4463,9127,13329,12803,10392,14871,10306,14396,13194,11036,13168,6269,12651,11962,12909,14853,11001,10556,12640,11032,12469,12926,14598,8349,11053
"COG0169",4117,6191,6560,5768,6085,6209,6429,6274,6960,5998,2840,6345,7337,6722,6527,5897,6068,5712,5333,6985,2896,6480,6776,7935,7139,6844,6442,6172,6190,4223,6329,4689,6122,6411,7040,2032,5386,6521,6409,4957,7057,5397,6879,6661,6427,6735,3858,6843,5094,7048,6920,6058,4208,6037,6928,6540,6796,7221,5034,6443
"COG0170",2960,556,473,671,583,536,764,644,584,1970,2666,498,1449,961,617,64,1042,1173,1515,1288,56,773,636,176,544,1559,1466,1090,1272,577,1006,2599,1031,677,927,217,853,986,777,1907,113,718,1089,915,496,940,4,1106,778,1038,395,1597,3148,962,2417,728,983,724,1250,451
"COG0171",5762,7432,7887,6306,8721,7879,8168,8321,7968,7936,6724,8115,10287,8784,9616,4249,6504,8380,6743,9461,3013,8983,8700,7247,7725,8769,10988,6651,9055,5219,7146,6322,6804,7037,8836,11967,6161,8707,8792,6448,8680,7873,8762,10075,8396,8434,4438,10017,8256,8983,8908,9031,6767,10336,8480,8624,8599,9922,6751,8355
"COG0172",8616,9689,10571,8080,9108,10352,9461,9681,9317,8362,8595,9466,9588,9579,10484,10010,8926,8372,8398,9556,3231,8950,10929,8787,9879,9665,9667,9172,8889,5980,9444,7995,9191,9300,8305,2898,8574,9969,9574,7748,11352,8584,10798,9948,9650,10017,3303,9575,8855,9301,10468,8476,7872,9021,9324,10158,9445,11297,8935,9172
"COG0173",8291,10588,12381,7437,10678,12172,11532,11532,13642,12215,7893,13109,14996,12769,12407,10857,8206,11095,10120,13834,4603,12546,13457,15744,13844,14346,14131,8232,13712,6949,10483,11148,8538,8803,13632,3438,7563,12352,12157,10588,13389,9983,13796,14007,10990,13218,4168,14003,11005,13567,14080,14280,10743,12850,13921,12146,13185,13702,6843,10359
"COG0174",11694,23460,22808,21840,17716,24054,21834,22481,22391,13252,12250,21884,19361,20571,25484,25851,24260,16272,24582,19446,5347,19580,23217,27785,20898,17994,19400,25046,18059,15973,24525,21904,24541,25401,19263,8940,21679,20428,21753,22271,21347,19858,20459,21413,21775,20465,9959,20450,25367,21178,21193,17683,19839,18501,14220,22640,22084,21287,15312,22704
"COG0175",5510,2719,1811,3858,2329,2041,2045,2134,2989,4477,7472,2697,2591,2593,1975,2917,3506,3120,4044,2656,10849,2527,1329,2201,2752,2975,2822,3946,3324,5228,3882,5734,3426,3341,2644,10639,4634,1719,1754,4823,1328,2363,1721,2252,2924,2396,6974,2274,2109,2440,2517,3513,4990,2889,4555,2088,2120,1025,4691,3253
"COG0176",4382,3881,3981,3854,5170,3903,4979,4822,5469,5620,3986,6337,7739,5201,6434,4150,3943,4917,3323,7005,4630,6675,4609,6020,5935,6602,13238,3488,6821,3405,4476,3634,3677,4340,5477,26128,3634,4639,7730,3916,3650,4556,5184,8811,4749,5750,5767,10713,4481,7548,4868,6567,3741,11551,6981,5337,7049,4519,4394,4972
"COG0177",4074,5773,5968,4514,5648,5677,5696,5634,5739,5013,3692,5431,5275,5556,5965,4701,4744,4811,4152,5615,1888,5000,5974,5280,5615,5729,5127,5063,4999,3414,4994,4118,4875,4973,5391,3295,4417,5323,5437,4004,5266,5037,6086,5385,5515,5935,2771,5277,6086,5358,5751,4862,4177,5281,5597,5457,5268,6238,4647,5223
"COG0178",13784,22944,24097,15943,23228,24766,22805,23800,22951,22421,11657,23721,24636,23635,25290,22259,18013,21222,20011,25664,10300,21278,26574,25528,25878,23234,21829,17817,21197,15020,21098,19056,19053,18216,25060,6979,16727,24024,22197,20231,23366,21248,27239,22572,23458,25990,7882,23230,25128,21216,25099,21877,18894,20544,22749,23941,22257,27961,16195,22617
"COG0179",5373,8808,8283,10483,7321,8435,7976,8724,7393,5339,3761,7678,6088,6531,8829,7693,10711,9408,7551,7459,4725,7263,7978,7515,6540,5261,5474,10549,6219,8672,8078,6141,10847,10329,7131,2858,9799,7306,6737,6715,6899,10312,6408,6737,8989,6360,6367,6337,8084,6468,8186,5606,5864,6231,3949,8110,6468,6542,9014,9323
"COG0180",7785,8263,8907,7349,7979,8738,8695,8671,8197,8096,7575,8313,8397,8455,8913,7648,7846,7696,7192,8450,3381,7856,9073,9588,8736,8668,8076,7906,8107,5551,8339,7433,7834,8106,8226,2578,7454,8569,8097,6804,8865,7704,9181,8500,8266,8818,3567,8354,7930,8315,8995,7943,7202,7770,8953,8446,8255,9234,7544,8391
"COG0181",3140,6353,7914,4831,7972,7866,6622,6832,8057,7544,2075,8183,7252,7767,6769,6271,5146,5340,4410,7733,2993,7449,8127,8784,8063,8429,7474,5010,7190,3973,6141,4867,4964,5508,7147,2226,4706,6337,6912,4198,6506,4868,8410,7816,6705,8493,2068,7156,6157,7843,8974,7240,4281,7440,8013,6455,7220,8395,6270,5420
"COG0182",3215,3474,3268,4846,3031,3448,3774,3737,2667,1757,2022,2279,3579,3126,4627,1830,5051,2911,4327,2402,374,3130,3438,3127,2708,2201,2520,5157,2433,2694,4267,5052,4762,5217,3359,1153,4552,3600,3605,4486,2487,3523,2569,3285,4049,2786,595,3163,3710,3177,3045,1784,4650,2904,1174,3065,3563,3245,4319,4824
"COG0183",19991,22985,20159,25633,20156,20369,22002,22305,18365,14903,14393,17899,16204,18194,22635,22233,24809,22503,23005,18745,16167,17170,19929,17776,17698,16141,14619,25861,16039,23515,22207,23733,25711,23672,15727,9606,23748,19215,19950,23396,13972,26339,18009,16286,23211,18062,17416,16536,26340,15786,18865,16226,25204,15190,10747,21974,18299,21555,23172,22560
"COG0184",2241,2319,2334,2484,2129,2352,2188,2191,2035,2167,2199,2025,1942,2116,2340,2038,2478,2040,1972,2137,838,1964,2173,1596,2198,2132,1899,2560,1871,1630,2320,1868,2419,2701,2325,586,2428,2131,2073,1865,2070,2201,2160,2008,2240,2229,871,1846,2054,2116,2238,1963,1933,1800,2320,2052,2128,2043,2701,2290
"COG0185",2198,2438,2345,1757,2454,2367,2230,2180,1935,2114,2111,2076,2362,2147,2557,1805,1932,1924,1722,2214,734,2276,2214,1367,2020,2288,2108,2097,2080,1351,2063,1725,1898,2088,2020,586,1850,2340,2162,1626,2161,2071,2243,2187,2141,2361,590,2127,2891,2057,2210,2142,1838,1952,2264,2160,2128,2162,1886,2289
"COG0186",1791,1885,1796,1681,1892,1815,1706,1681,1622,1977,1685,1757,1728,1890,1870,1584,1761,1719,1429,1831,993,1699,1766,1126,1762,2064,1460,1930,1565,1336,1713,1227,1872,1886,1764,521,1649,1772,1595,1359,1870,1667,1861,1553,1836,1910,506,1576,1777,1685,1872,1657,1392,1519,2084,1760,1652,1827,1785,1758
"COG0187",15790,24401,30074,15499,26621,28396,24512,23585,25986,19935,19383,26102,22913,24434,23575,24722,16241,20323,20676,23968,14507,22488,25894,26496,26370,23593,20905,17237,21267,15512,21328,19566,17369,17142,23361,13638,16314,23065,22306,19111,47608,20192,25892,22490,22256,24771,10884,23282,25355,22754,27326,21659,19078,21795,20705,24710,22759,29827,14406,21070
"COG0188",17115,27259,32807,17435,29635,31620,26310,26121,27780,28460,20210,30455,29416,29689,25123,25376,18289,24358,22037,30102,13122,27645,29702,27570,30715,30973,29859,19886,27999,17039,23399,19837,19856,19727,28986,14016,18059,27994,26963,21022,49351,22015,30597,28591,25259,29925,11542,28605,26523,28796,31346,30223,19943,27122,31728,28011,28253,33651,15273,22466
"COG0189",12150,7123,7240,7208,6792,7127,6519,6801,7539,7594,21261,7997,7511,7003,7296,6054,6940,5987,4369,8396,11605,8091,7588,8287,7461,8715,8209,7080,8290,8015,7087,4080,6658,7497,8123,19999,7770,6274,6906,4172,8408,5913,8007,8799,6689,7728,19289,7829,7150,8037,7611,7512,4168,9959,8231,7753,7084,7149,11877,5300
"COG0190",4640,7287,7378,6361,6822,7243,7102,7259,7519,6349,3104,6847,6928,7247,7966,6653,6959,5879,6413,7093,2679,6775,7668,10338,7266,7197,6475,7132,6270,4503,7230,6568,7259,7287,7148,2159,6391,7145,6862,6316,7540,6304,7584,7166,6848,7453,1899,6922,7529,6745,7366,6303,6074,6392,6883,7334,6942,7806,6076,6728
"COG0191",815,2136,2159,1485,2683,2239,2501,2275,2623,1740,1110,3223,3429,2598,1560,4555,1381,2259,2201,3115,405,3848,1899,2750,2854,1669,4418,1772,4717,1418,659,547,535,524,1166,401,550,893,877,932,332,620,513,1150,586,575,406,1136,440,1348,935,1902,659,1141,485,693,1016,650,449,387
"COG0192",7092,9682,9257,7718,8924,9547,9653,9586,9834,8740,6006,9902,9714,9908,10943,7379,8682,7789,8051,9685,3360,8713,10086,9630,9858,9650,8828,8961,8629,5765,9264,8781,8679,8606,8281,3707,8048,9843,9136,8153,10603,8701,10275,9307,9280,10279,3650,9354,11702,9154,10838,8708,8503,8357,9357,9789,9338,10399,8223,9454
"COG0193",2340,3817,4450,2646,3917,4267,4101,3957,4504,4145,2092,4265,4340,4533,4597,4515,2866,3600,3812,4500,1602,3817,4849,4616,4667,4729,3941,2804,3772,2358,3728,3975,2918,3138,4660,1261,2708,4314,4072,4026,4751,3402,4878,4272,3816,4467,1460,4240,4344,4213,4905,3736,3845,3792,4716,4312,4220,5015,2304,3384
"COG0194",2434,3595,4233,2443,3709,4079,3605,3628,4900,3601,2283,4098,3994,4166,3631,3720,2524,3534,3164,4210,2432,4036,4525,4752,4635,4105,3879,2448,3873,2515,3358,3403,2642,3218,4371,1637,2610,4089,3703,3342,4683,2998,4542,4192,3547,4078,1547,3972,2775,4271,4801,3865,3209,3914,3775,3751,3978,4833,2144,3303
"COG0195",6173,10029,11045,7441,9943,10966,10566,10416,12173,9113,5551,11851,11820,11508,12026,10877,8209,8866,9082,11584,3498,10795,11797,10091,12022,10879,9839,8220,10362,6348,9462,9513,8430,9122,11137,2956,7700,10987,10307,9237,12063,8588,11639,10769,9910,11397,3820,10918,10634,11422,13084,10777,8959,9788,10284,10918,10947,12156,7302,9683
"COG0196",2933,5755,7263,4225,6131,6906,6255,5899,6979,5772,2891,6810,6450,6457,6111,6803,4610,5620,5089,6870,2478,6530,7503,6409,7224,6960,6429,4238,6351,3782,5597,5435,4500,4902,7433,1705,4203,6446,6378,5250,7566,5507,7271,6968,5497,6566,1994,6590,4566,7106,7536,6234,5030,6176,6598,6371,6737,7553,3670,5384
"COG0197",3022,3602,3354,2714,3524,3305,3392,3265,3034,3092,3069,3115,3260,3327,3585,3094,3012,2685,2687,3272,1448,3187,3256,2219,3112,3283,2820,3037,2907,1990,3151,2692,2969,2994,2954,912,2828,3256,3137,2530,3194,2988,3316,2898,3297,3404,918,2997,3804,3047,3104,2972,2700,2667,3264,3217,3125,3255,3019,3226
"COG0198",1844,1928,1652,1749,1814,1745,1711,1720,1609,2274,2108,1623,1811,1902,1736,1885,1871,1880,1531,1923,895,1687,1677,866,1840,2127,1896,2039,1837,1236,1846,1479,1873,1966,1695,491,1816,1731,1692,1499,1552,1812,1866,1615,1841,1873,695,1630,1847,1613,1541,2142,1658,1555,2479,1726,1745,1684,1713,1698
"COG0199",321,687,772,325,767,713,683,584,745,608,390,711,702,688,619,809,326,541,442,699,322,709,673,424,669,630,653,361,629,323,1431,1273,1043,1130,2093,580,1053,1895,1938,1175,2313,1386,2018,1998,1740,1925,610,1960,1759,2234,2264,1999,1159,1807,1895,1975,2002,2070,1178,1409
"COG0200",2290,3202,3261,3041,3299,3175,3364,3197,3216,2863,1672,3254,3112,3197,3853,2456,3182,2851,2757,3262,1348,3036,3481,2134,3156,3176,2891,3130,2809,2245,3127,2680,3141,3293,3328,917,2912,3199,3080,2746,3803,3218,3493,3000,3088,3338,962,3021,3854,3122,3361,2982,2706,2670,3281,3409,3224,3504,3208,3133
"COG0201",8460,10971,9961,8110,10885,10398,10211,10301,10698,10036,8453,10057,10369,10530,11249,9454,8815,8964,8336,10561,4556,10112,10767,8638,10268,10548,9422,9148,9581,6328,3034,2823,2973,3082,2885,999,2774,3576,3344,2784,3603,3280,3807,3218,3500,3895,1011,3232,3988,3225,3695,3336,2766,3079,3632,3550,3330,3820,2664,3377
"COG0202",6821,8390,8552,6201,9126,8753,7764,7910,7907,7589,7301,8154,8550,8433,8225,7479,6642,7304,6799,8002,3628,7718,8408,6945,8145,7955,7249,6923,6820,5162,2431,2517,2317,2423,2337,1025,2180,2628,2639,2330,3853,2378,2838,2587,2533,2806,1350,2575,2624,2561,2739,2415,2491,2373,2559,2631,2646,2926,2034,2636
"COG0203",1660,2534,2890,2085,2710,2863,2844,2754,3094,2379,1442,3037,2998,2901,2748,2891,2229,2370,2510,2794,1338,2905,3099,2734,3161,2859,2461,2160,2619,1929,2351,2519,2272,2258,3222,877,1999,2784,2760,2494,3249,2131,3026,2731,2611,2893,1110,2762,2309,2909,3157,2592,2452,2597,2450,2793,2812,3326,2062,2669
"COG0204",8824,11404,12783,9121,13530,12299,12508,12423,11059,12512,8740,11072,11249,12446,9599,11458,8592,11004,10852,12170,9498,9773,13979,12145,12049,11962,11266,9361,10205,10992,10735,10550,8954,8007,11915,7057,9197,12566,11940,10195,11648,10846,15214,11288,11227,12925,5041,11198,12791,10351,9986,10423,11012,10335,11816,12829,11369,15128,14004,10018
"COG0205",3032,4261,5250,3359,4533,4856,4837,4432,4409,2709,2643,4483,4221,4473,4011,5674,3637,3436,5011,4411,2462,3972,4939,5958,5041,4241,4066,4137,3012,2990,4680,4711,4098,3120,3818,1335,3653,4466,4454,4731,5602,3755,4981,4480,4247,4386,1884,4110,5646,3354,5192,3065,5166,3905,2516,4789,4254,5573,3389,3637
"COG0206",11282,10870,9744,8703,10203,10265,11114,10887,9743,9894,11603,10018,10042,10473,12207,7221,9680,8663,8375,10032,4171,9016,11188,9781,10422,10049,9134,9318,8593,6475,9529,8430,9561,9617,9120,3187,8386,11153,10565,8346,9518,10756,11185,9639,10620,11365,3188,9782,13089,9323,10701,8921,8857,8632,9888,10440,10383,10746,8226,10592
"COG0207",3885,3631,4043,1807,4726,4095,3129,3094,3751,2946,9095,4515,2645,3559,2346,4033,1688,2688,2125,3324,2519,3030,3844,4709,4395,3347,2592,2230,2616,2190,2929,1477,2180,2138,3320,16530,2203,2701,2583,1680,9430,2931,4504,2857,3061,3705,10536,2853,3518,2769,3269,2652,1778,3695,2773,3109,2693,3918,2313,2350
"COG0208",11800,7036,10157,3133,11768,9062,7792,7768,9171,4441,53685,13886,11084,7835,8394,9145,3089,4951,5080,11148,3501,10897,8327,10390,10489,9109,20210,3729,8470,3623,7733,6041,3384,4054,8412,83307,3413,6187,11368,5781,21714,5250,9304,14204,6039,9578,43419,16546,7440,10223,7219,5907,5339,21511,5769,8027,9893,9899,3895,4934
"COG0209",45247,25011,27909,20732,32019,26951,26404,27041,25904,16270,76985,35557,30147,24789,32101,25368,22049,20826,20374,30918,8946,29850,26265,31610,28347,27041,54373,23605,23782,15782,27017,20556,22355,24116,26553,195208,19733,23540,32834,19951,52397,25656,28744,38354,25653,27543,114150,42858,28436,28623,21913,18780,20276,53803,16345,27662,28671,30609,20297,24819
"COG0210",36262,15800,17947,18308,18464,17359,17149,17506,18954,19601,99471,19210,19140,18956,18683,17368,18217,19069,19666,19328,21137,22308,19586,21521,20538,20932,24203,18505,21625,18541,19348,23716,17157,19422,20025,126968,17742,18193,18070,21191,20494,17650,21160,21174,17262,19546,170596,20356,16494,19953,19227,19396,24137,26662,21829,18393,18037,21615,19634,17332
"COG0211",1189,1755,1946,1214,1861,1860,2100,1855,1973,1793,1003,1995,1993,2082,2120,1813,1334,1535,1453,2056,817,1927,2053,1899,2059,1923,1678,1316,1677,1166,1508,1478,1331,1387,2056,588,1271,1833,1844,1451,2155,1577,2035,1907,1749,2029,688,1878,2270,1996,2228,1798,1495,1760,2113,1955,1812,2055,1164,1657
"COG0212",2441,3042,3576,3108,2467,3326,2844,3141,3912,2101,1724,3785,2693,2775,2895,3356,3134,2270,2687,3625,1644,3012,3645,4808,3582,2960,2547,3266,2537,2522,3342,2890,3072,3378,3325,1065,3144,2788,2996,2654,4048,2363,3540,3114,3044,3011,1893,2816,2585,3307,4134,2664,2415,2821,2144,3291,3121,3335,3155,2906
"COG0213",3280,1847,1754,1950,1836,1819,1959,1886,1339,1981,4912,1168,1061,1769,1291,2302,2146,1816,3137,1058,542,1018,1715,606,1290,1220,1015,2534,1085,1699,2530,3784,2273,1643,953,613,1959,1708,1614,3215,473,2311,1674,1103,2155,1434,1970,1294,2003,778,1423,1118,4256,1013,1152,1803,1423,1375,2630,1725
"COG0214",2007,1991,1406,1497,1464,1465,1790,2121,389,955,1201,438,1019,1185,2958,58,1957,2153,1801,1128,319,483,1715,419,575,891,866,2022,447,890,1571,1627,2140,1621,676,289,1516,1639,1462,1495,1661,2754,2210,889,2502,1389,3,1077,3038,421,230,385,1978,733,764,1970,966,1987,1295,2741
"COG0215",8333,10668,11379,9315,10453,11355,11027,11044,10393,10640,7726,10129,11527,10803,13029,9590,10254,10949,8819,10501,4001,11324,12162,8729,11171,12041,11903,9956,11588,7099,10057,8235,10455,10876,9954,2917,8988,11221,10889,8136,10904,11250,11777,12074,10936,11362,3422,11592,11543,11523,11127,11363,8467,11211,11661,10857,11136,12325,8795,10909
"COG0216",4613,7015,7821,5162,7184,7971,7655,7438,8173,7111,4104,8048,8713,8223,8611,6242,5856,6859,7062,8403,2814,7951,8759,7602,8441,8518,7707,5747,7688,4558,6866,7578,6051,6077,7375,2170,5363,8182,7465,7299,8171,6470,8890,8172,7175,8542,2301,8611,8359,8068,9440,7846,7186,7315,7926,7868,8002,9391,4458,7118
"COG0217",2976,4504,5321,3461,4587,5102,4978,4662,5341,2856,2626,5068,4899,5195,5512,4434,3644,4001,4505,4579,2407,4152,5460,6116,5240,3834,3776,3641,3671,3327,4207,4753,3773,3857,5535,1899,3766,4768,4592,4429,5915,4165,5313,4613,4537,4673,1783,4574,5265,4182,5416,3167,4457,3849,2523,4716,4848,5647,3311,4686
"COG0218",889,2374,2421,1518,2127,2341,1960,1690,2338,1548,830,2298,1527,1928,976,3456,1363,1480,1648,1839,2215,2042,1946,2495,2696,1876,1397,1557,1796,1799,1874,1147,1548,1329,2370,1082,1694,1545,1739,1495,1518,1605,1875,1589,1700,1759,1376,1368,1627,1891,2617,1960,1156,1473,1390,1848,1859,1998,1796,1514
"COG0219",1654,2400,2709,1946,2309,2668,2742,2676,2863,2685,1374,2706,2776,2728,2933,3253,2072,2530,2441,2536,2378,2639,2786,2559,2505,2849,2931,1958,2748,2166,2479,2365,1940,2409,2928,1145,2073,2801,3030,2252,2888,2502,2662,3033,2355,2662,1695,2911,2645,3156,2755,2670,1966,2806,2977,2690,2916,2656,2041,2535
"COG0220",983,2876,2756,1637,2965,2631,2444,2122,3076,3593,857,3222,2745,2977,1160,3504,1439,2244,1851,3151,1996,2607,2138,2618,3186,3269,2768,1508,2773,1969,2033,1446,1472,1420,3329,1019,1669,2140,2437,1591,1801,1843,2252,2546,2124,2597,1509,2330,1586,3038,3191,3580,1163,2365,4121,2330,2776,1942,2081,2129
"COG0221",856,570,336,451,934,398,895,613,954,3890,935,1153,2210,1942,543,939,344,1485,482,1770,1700,2106,280,534,1257,2831,2838,250,3077,928,471,415,415,566,1776,2155,729,1343,1195,464,300,485,702,2044,478,1509,1508,1827,396,2243,924,3663,422,2180,4755,769,1786,195,1066,674
"COG0222",2086,2384,2233,1721,2475,2283,3012,2393,2666,2708,3975,2623,2936,2885,3170,2554,1773,2493,2458,2854,839,3057,2758,2911,2660,3336,3031,1846,3009,1525,2199,2610,1835,2066,2825,858,1728,2783,2609,2407,2632,2592,2975,2946,2424,3045,1298,2975,3484,2942,2998,3163,2646,2825,3212,2565,2817,2963,1640,2423
"COG0223",6706,7910,9168,5930,7557,8814,8480,8302,9257,7791,6859,8604,8222,8844,8840,9122,6617,7902,6779,8777,4786,8205,9622,9713,9584,8506,8434,6182,8039,5932,7429,8662,6365,6912,8767,4935,6339,8753,8234,7501,9347,7639,9846,9077,8494,8903,3972,8554,7469,8608,9282,7489,8367,8137,8419,8240,8548,9930,5932,9191
"COG0224",3908,6354,7264,4405,6745,7334,7033,6460,7721,6620,3416,7070,7580,7320,7811,7340,4994,6044,5970,7269,3163,7473,7751,5602,7470,7958,6931,4746,7089,4228,6197,6446,4839,5359,7861,2018,4673,7147,6938,6135,7387,5610,7681,7586,6022,7551,2350,7484,7739,7612,7983,7254,6006,6780,7525,6786,7109,7941,3889,5694
"COG0225",3629,6302,7174,5109,6521,7100,6721,6620,7927,7290,3073,7278,7027,7117,6833,7495,5076,5286,5173,7866,2792,7216,7956,8796,8239,8565,6860,5054,7112,4494,6237,4409,5491,5580,7124,2392,5261,6885,5895,4338,6394,5307,7846,7493,5847,8151,2225,6740,7031,7501,8673,7309,4049,6838,8933,6760,6352,7319,5613,5416
"COG0226",1318,5013,1838,1865,1997,1853,3729,8579,1721,4928,1116,1729,6195,2609,6453,452,933,5943,876,11441,3155,7536,1565,6181,2370,4439,11950,799,9073,2721,1077,435,757,1668,9650,5484,1433,11252,8315,691,2650,7770,1529,7684,1948,2674,13327,6653,1853,9081,2490,9189,415,9302,6350,9961,9028,818,2278,1944
"COG0227",844,1910,2305,1020,1819,2142,2064,1805,2200,1603,869,2086,2154,2022,1873,2460,1115,1488,1477,2100,902,2060,2367,2791,2107,2013,2008,1107,1888,1130,1619,1641,1065,1357,2599,611,1186,2098,2083,1578,2499,1335,2171,2175,1541,2088,787,2142,1607,2253,2194,1939,1513,1989,1733,1909,2193,2473,1151,1419
"COG0228",1651,2793,3037,1528,3094,3030,3089,2757,3415,2693,1468,3061,2949,3160,3224,3364,1732,2306,2330,3093,862,3154,3259,3250,3428,3238,2604,1644,2432,1310,2481,2387,1814,1990,3329,739,1751,2973,2913,2444,3220,2260,3541,2906,2720,3413,1076,2838,3443,3037,3237,2403,2529,2776,3028,2981,2902,3387,1316,2381
"COG0229",2200,4173,4866,3772,4331,4900,4534,4433,5502,3864,2087,4796,4966,5121,4611,5394,3770,3340,3985,5052,1390,4534,5435,6321,5495,5172,4095,3967,4136,2928,4378,3537,4114,3828,4632,1615,3682,4469,3961,3410,4170,3296,5554,4437,4150,5342,1594,4193,5184,4604,5550,4065,3146,4365,4536,4699,4276,5253,3672,3941
"COG0230",64,190,314,180,167,288,285,254,353,123,52,272,308,202,258,520,148,190,122,264,54,362,318,306,308,270,374,188,351,156,204,64,162,188,285,44,215,347,253,135,219,176,215,331,177,204,83,321,258,385,380,376,62,294,88,184,299,213,140,166
"COG0231",4022,4331,4216,3810,4036,4391,4153,4245,4494,4197,3623,4443,4753,4436,4527,4374,3785,4068,3871,4458,3303,4171,4654,3653,4606,4806,3976,4302,4074,3507,4339,3907,3961,4243,4572,1375,3924,4215,4081,3729,4359,4234,4731,4242,4229,4709,1380,4283,3961,4230,4686,4094,3773,3944,4631,4301,4234,4891,3834,4139
"COG0232",2491,4263,5902,3610,4478,5600,4545,5238,5758,2283,2734,5309,4633,4124,5926,4053,3908,4088,3806,4695,2834,4703,6540,6402,5136,4216,4252,3165,4003,3718,4410,4611,3463,4089,5104,2390,3658,5065,5400,4379,7676,4128,5111,5977,4410,4511,3684,5302,4427,5193,6166,3026,4176,4919,2143,5100,5074,6290,2688,4661
"COG0233",2060,3226,3693,2609,3429,3574,3279,3280,3983,3668,1873,3697,3679,3983,3276,3175,2585,3250,3217,3890,1594,3540,3963,3788,4157,4056,3615,2605,3479,2281,3307,3451,2843,3045,3800,1127,2508,3580,3447,3114,3727,2888,4159,3703,3352,4027,1220,3608,2846,3685,4242,3432,3185,3432,4251,3462,3521,4356,1971,3263
"COG0234",4904,2335,2524,1972,2828,2554,2711,2559,2697,2745,15141,2859,2713,2992,3240,2473,2072,2517,2645,2865,1237,2724,2838,2297,2952,3405,2689,1956,2456,1798,2526,2957,2040,2296,2966,15373,1896,2599,2401,2913,2989,2585,2984,2756,2511,3004,21260,2650,3098,2726,2854,2492,2869,3445,3416,2755,2511,2936,2417,2502
"COG0235",2282,4800,4850,4526,4796,4938,5156,4753,4504,3041,1575,4656,4637,4632,4520,3910,4646,4359,3627,4079,3083,4641,4615,4995,4483,3978,3968,4514,3899,4225,4079,2300,4825,5344,5481,2163,4817,4347,5619,2565,4230,5766,4142,4581,5214,4228,3067,5112,4706,4750,4767,3852,2085,4249,2407,4537,5357,4417,2748,4326
"COG0236",1234,1557,1654,1324,1597,1610,1562,1650,1937,2743,1180,1986,1812,2029,1597,1600,1322,1673,1587,1972,1060,1904,1577,1879,2081,2364,2360,1491,1771,1395,1622,1547,1382,1436,1708,1048,1281,1591,1495,1686,1534,1446,1704,1672,1627,2042,2983,1949,1471,1893,2028,1828,1471,1799,2883,1504,1509,1510,1492,1626
"COG0237",3232,4282,4902,3888,4058,4812,4199,4368,4397,4245,2545,4175,4352,4303,4257,4106,4193,4466,3988,4883,1800,4081,4966,5384,4667,4392,4516,4184,4198,3056,4555,3743,4181,4273,4267,1145,3689,4520,4319,3670,4705,4128,5314,4341,4471,4430,1550,4205,3661,4458,4688,3995,3848,4030,4430,4480,4462,5225,3615,4377
"COG0238",939,1498,1813,1105,1645,1695,1456,1539,1566,1506,873,1443,1504,1522,1516,1657,1239,1467,1376,1687,874,1680,1680,1774,1604,1639,1552,1202,1492,1028,1397,1465,1208,1275,1575,461,1167,1708,1554,1391,1851,1310,1896,1625,1411,1633,336,1525,1170,1640,1777,1439,1297,1521,1693,1606,1447,2013,924,1373
"COG0239",372,737,748,603,642,753,576,776,636,485,286,644,383,627,500,876,526,690,552,674,918,454,676,739,835,442,325,433,467,804,535,271,567,548,569,281,577,496,539,390,893,661,636,406,810,587,828,410,563,421,677,517,209,494,365,668,561,865,797,781
"COG0240",3775,6590,7224,4708,6190,7122,6527,6295,6681,3834,3444,6386,5180,5473,6510,6543,5159,4836,5842,5695,2731,5786,7391,7087,6243,5148,4630,5114,4679,3834,5887,6377,5047,5112,5726,2558,4899,6356,5961,6085,6390,5523,6635,5953,5634,6052,2291,5490,6422,5748,7115,4115,5914,5351,3257,5966,5943,6761,3335,5493
"COG0241",2656,1930,2094,1960,1635,1934,1843,2040,1937,1673,2960,2056,1545,1529,1459,2477,2102,1661,2649,1967,3015,1597,2142,3005,1584,1535,1784,2162,1462,2368,2506,3451,2006,1843,1388,1234,2382,1777,1760,3051,2912,1973,2117,1540,1728,1687,2039,1514,1896,1474,2545,1266,3403,1534,1470,1935,1627,1672,2399,2324
"COG0242",7264,4644,5166,3352,5026,5246,4616,4907,5912,4343,17799,6214,6299,5115,5210,4939,3595,4554,4353,6858,2136,5901,5473,6059,5387,5739,7353,3291,5426,3070,4959,4639,3654,4244,5290,14927,3315,4508,4978,4992,5470,4591,5488,7155,4748,5327,9193,7373,4084,6240,5488,4975,4345,8730,4951,5378,5021,5282,2765,4923
"COG0243",13712,9839,7478,14062,9224,7581,11315,10107,4983,7743,11226,6981,8781,7366,8004,7338,14184,12856,24610,7371,13010,8542,4589,4987,4629,5378,7644,15671,9209,13109,14817,26555,14231,12869,10916,4360,13688,9873,10402,26462,3186,16924,3286,7869,11365,4380,12775,7796,7924,7953,5131,9971,29297,8085,3895,9521,10088,4582,7009,13244
"COG0244",1479,1532,1486,1207,1510,1527,1577,1557,1360,1513,1458,1336,1491,1504,1749,1050,1357,1372,1184,1488,628,1505,1491,1000,1393,1622,1490,1329,1405,917,4148,3603,4059,4027,4224,1303,3781,4696,4410,3426,4404,4846,4719,4348,4494,4661,1555,4274,5902,4461,4354,4544,3689,4020,4726,4436,4438,4533,3827,4713
"COG0245",2611,3698,5221,2448,4200,4957,4236,3960,5361,4976,2388,4848,5200,5381,4440,3247,2674,4150,3448,5150,1252,4803,5951,6034,5503,6177,5351,2493,4832,2091,3940,4551,2446,3101,4781,1060,2308,4979,4957,3894,5331,3809,6421,5667,4270,5546,1847,5288,3509,5223,5433,4565,4199,4971,6127,4397,5352,6045,1554,4059
"COG0246",1845,1187,1563,956,1537,1521,1667,1737,1805,1098,1050,1675,1139,1344,975,1424,811,1225,450,1340,4538,1177,1221,1524,1726,1106,1303,857,1199,2056,965,378,1377,547,1450,1180,1647,1236,1698,396,7086,1373,1155,1410,1194,1245,874,1333,1300,1287,1578,1253,413,1156,641,1893,1437,1682,1180,857
"COG0247",13792,15403,13105,14982,11884,13017,14572,14220,5966,7333,14927,10091,11177,8162,13395,15653,16895,13245,23033,9165,6420,7972,11336,11052,6566,6377,9687,16937,6941,10578,17364,27770,16936,15755,12011,4637,15551,12280,16177,23887,17513,17195,8811,10559,11379,7915,5818,10905,13746,7885,6034,6537,29400,8705,4872,14317,14908,11419,7956,15360
"COG0248",4145,3352,2558,2505,3612,2409,3085,3745,4128,7148,3063,3950,5188,4397,2399,2513,2092,4315,2131,9308,7978,4905,2466,10250,4622,5827,6695,2065,7051,4968,2617,1761,2000,2081,10508,2599,2894,8372,4259,1749,2916,3233,2983,5132,2935,4165,4875,4928,2777,5737,4121,7761,2052,5444,8026,5731,4877,2942,5900,2188
"COG0249",7470,9057,8487,7117,11144,8630,7917,7968,7855,14829,7069,10417,11924,9388,6217,10562,7055,12622,7714,10071,7188,11756,6343,7408,9996,10162,12548,6267,14759,7513,7453,7008,7142,6801,9980,5716,7082,9377,8636,7757,20303,9246,6723,9669,7546,8867,7129,11473,4744,12391,6847,17118,7600,12338,15438,7319,8649,6420,7782,7678
"COG0250",3377,4303,4417,3526,4470,4439,4521,4565,4185,4635,3738,4397,4450,4556,4948,3557,3686,4260,4185,4589,1952,4266,4708,3426,4489,4762,3989,3973,3946,3036,1451,1432,1362,1360,1422,523,1169,1462,1464,1354,1508,1595,1640,1359,1482,1633,536,1376,1928,1351,1499,1428,1407,1314,1577,1502,1374,1615,1061,1499
"COG0251",4017,6365,5602,8042,5911,5624,5880,6086,4943,5749,3628,4942,4627,5451,5305,5508,7966,6297,7303,4679,4482,4791,5340,4621,5438,5029,4320,7666,4460,6165,7029,6659,8460,8278,5459,2343,6685,5314,5242,6743,4434,7874,5765,4578,6892,5730,4634,4544,5249,4355,4436,4585,6537,4306,5642,5673,4964,5329,3607,6953
"COG0252",4004,2923,1633,3700,2031,1784,1851,2263,478,2146,5083,926,1206,1550,2110,3149,3743,2254,1935,849,2445,762,1238,294,844,670,555,3579,925,3038,2362,1405,3949,3717,1118,1017,3416,1681,1420,1336,924,2555,1360,638,2666,1332,1372,796,2296,520,332,1000,1583,919,1088,1758,1240,721,3770,3042
"COG0253",2315,5368,6227,3619,5582,6102,6021,5538,6589,5364,2073,6167,6516,6007,6872,5131,3916,4993,4107,6314,2479,6587,6786,6410,6585,6408,6922,3554,6684,3180,5016,4374,3557,4316,6673,1754,3627,6131,6231,4135,6396,4782,5986,7173,5062,6225,1494,6759,6544,7153,7068,6395,3933,6409,5935,5710,6464,6768,2855,5013
"COG0254",1019,1652,1754,1143,1747,1754,1771,1606,1724,1714,851,1856,1846,1899,1875,1753,1268,1527,1467,2152,1147,1957,2088,2160,1939,2048,1596,1229,1661,1194,1516,1437,1267,1289,1984,554,1195,1902,1603,1554,1766,1386,2128,1733,1561,1846,609,1711,2005,1914,2317,1789,1339,1615,1951,1822,1631,2122,1217,1417
"COG0255",379,320,266,345,276,262,257,298,307,170,342,380,251,301,223,417,320,422,401,219,348,253,154,151,234,187,150,377,228,437,281,434,307,315,368,127,335,218,227,423,198,346,162,146,284,184,142,186,240,260,198,266,448,193,163,328,205,171,222,352
"COG0256",922,890,917,934,863,837,926,850,789,823,932,892,855,838,909,776,959,767,801,932,374,771,926,578,845,921,730,990,758,658,2611,2388,2888,2958,2542,691,2617,2587,2450,2237,2781,2554,2857,2432,2648,2762,816,2430,2799,2327,2570,2330,2319,2165,2664,2712,2441,2794,3007,2555
"COG0257",275,93,78,52,100,62,152,87,141,50,133,115,177,57,49,96,46,121,32,237,336,80,58,60,59,74,56,42,100,174,57,28,27,45,234,75,108,81,161,39,38,54,47,60,42,34,205,59,64,135,102,182,18,63,31,43,188,39,82,15
"COG0258",23694,17644,19524,12292,21109,19239,18710,16843,18867,14573,45398,19716,21434,19482,20607,15416,13072,16249,14281,19039,9527,20150,20573,20615,19231,18444,22482,12622,19999,11664,16179,14147,13040,14473,20914,41769,12939,19103,19935,14463,26827,16594,21635,23728,17676,19687,26557,21798,17149,20413,16447,17957,14765,23929,16043,18852,20876,23334,13486,15615
"COG0259",1371,3213,4096,2196,3597,3979,3744,3658,4175,2234,1218,4040,3242,3353,3864,3197,2335,2468,2787,3532,1776,3663,4445,5397,4235,3134,2884,2317,2867,2142,3198,2534,2487,2392,3740,1176,2333,3669,3422,2966,4615,2684,4061,3767,3151,3850,1708,3481,3436,3348,4383,2349,2237,3152,1909,3799,3498,4558,2000,2657
"COG0260",9064,10190,10141,7000,9742,9901,10552,10220,11161,10428,6974,9737,10451,10693,10836,9647,7455,9571,8526,10241,10443,9609,10354,12972,10560,11312,10273,7260,9993,8746,8642,9079,7456,7784,9760,4253,7520,10059,10585,8313,10277,10136,11264,10562,10758,10869,5665,10008,11754,10232,11354,10096,9241,9527,11094,10058,10536,10308,9176,10272
"COG0261",1529,2913,3514,1850,3300,3405,3326,2852,3759,3037,1561,3555,3393,3317,3317,3237,1994,2680,2293,3348,1021,3623,3538,2891,3722,3491,3085,1888,2998,1711,2529,2709,2169,2369,3440,722,1884,3289,3071,2368,3641,2653,3476,3368,2874,3547,1466,3244,2890,3573,3570,3067,2515,3187,3573,3047,3121,3630,1633,2630
"COG0262",1827,2231,2411,1306,2168,2395,1683,1796,1983,1591,2588,2311,1567,1845,1384,3171,1305,1726,1545,1884,1822,1798,2512,2739,2242,1565,1215,1419,1657,1562,1767,1100,1471,1301,1849,1573,1416,1816,1565,1188,5473,1754,2590,1478,1789,1987,1294,1571,2022,1388,2153,1422,1265,1716,1443,1862,1535,2103,1658,1524
"COG0263",3892,6025,6797,4364,5534,6713,6425,6379,7701,5826,2955,7195,7430,6514,7627,6032,4505,6104,4887,6931,5645,7934,7376,5533,5958,7461,8278,3959,7939,5150,5099,5388,4368,5378,5897,2392,4383,6770,7076,5154,8825,5719,5722,8595,5696,6279,3096,7808,5661,8465,8124,7255,4836,7620,6558,6635,7045,6561,5375,5957
"COG0264",3000,4764,5517,3712,5118,5428,5190,4941,6138,4602,2614,5681,5281,5387,5014,5244,3851,4584,4645,5636,2648,5496,5891,4949,6015,5499,5157,3735,5053,3511,4683,4823,3845,4115,5766,1800,3694,5285,5023,4585,5569,3915,5808,5328,4724,5528,2029,5216,4613,5496,6499,5144,4578,4900,5142,5120,5204,6270,3165,4503
"COG0265",18782,14143,13857,14828,14897,14123,15329,15314,16643,16162,22314,16395,16119,17050,16381,10301,15365,16552,17828,15999,10071,14103,15372,18763,16196,16679,14854,14876,14292,13093,15502,22566,14834,15216,15550,6374,13453,15519,15105,20403,14661,15922,15534,14517,17677,15930,10577,15539,16516,15349,16927,16027,22588,14261,18220,15072,15721,14984,15012,20164
"COG0266",2641,5658,6907,4434,6831,6704,6411,6173,6071,6844,2278,6377,6651,6658,4846,4032,5022,5820,3860,6494,4066,6997,7018,5416,6041,7199,6307,4412,6380,4193,4979,3325,4417,4874,6765,3032,4307,6469,7172,3172,6260,5829,7506,6856,5765,6716,2215,6729,4516,6743,6777,5824,3243,6390,7357,6391,7248,7684,3829,4775
"COG0267",346,498,545,406,759,546,603,570,667,908,350,600,737,645,444,934,376,546,521,772,532,682,514,641,615,658,729,479,818,584,519,438,512,393,841,229,474,570,658,486,363,426,468,684,435,551,313,597,578,814,553,1043,467,630,1014,618,666,484,569,304
"COG0268",320,500,542,247,445,575,524,479,597,532,264,630,601,517,415,656,339,424,426,566,357,649,603,658,472,606,520,321,546,335,1342,1387,874,1069,1785,516,1009,1601,1699,1312,2280,1100,1491,1664,1176,1516,931,1694,1127,1930,1921,1690,1277,1552,1774,1512,1918,1488,1011,1312
"COG0269",130,71,48,67,12,43,54,73,78,32,114,98,48,12,19,718,86,87,183,18,20,27,20,13,50,13,28,60,20,44,96,537,94,51,33,15,166,21,90,567,282,70,38,37,22,25,33,50,72,13,12,26,697,28,11,60,67,9,33,95
"COG0270",12462,3803,3357,2540,6901,3308,3504,3386,3267,5271,19768,3805,3216,4733,4654,4177,2068,3794,2097,2991,7109,5120,4284,3481,4221,4015,4771,2288,4302,3677,2824,3038,1955,2445,3311,71064,2671,3437,3343,2625,9487,3655,4986,4620,4118,4779,41010,3654,3488,4109,2905,3494,3375,9540,5429,2951,2954,5465,3413,4135
"COG0271",1077,1354,1528,969,1417,1559,1518,1323,1544,1674,911,1474,1514,1679,1275,954,991,1287,1188,1517,791,1543,1588,1323,1630,1948,1372,1003,1459,1007,1283,1323,1011,982,1608,456,976,1386,1500,1201,1065,1355,1577,1459,1450,1682,936,1422,1173,1670,1727,1557,1257,1425,1838,1293,1597,1303,958,1293
"COG0272",10574,13435,15891,8701,14725,15409,15152,14186,14235,17227,14275,14317,14625,15647,14397,13719,9576,13391,12612,14598,5441,13860,16613,14330,15989,16910,14388,9955,13687,8129,12861,13049,9926,10683,15232,16537,9095,14961,14673,13061,22052,13475,18207,15126,13410,16358,7647,15038,12708,14723,14940,13307,12920,15081,19787,14783,14388,17346,8379,13268
"COG0274",1796,1655,1624,1442,1748,1674,2086,1799,1620,3096,1597,1439,2294,2197,1385,2573,1862,1648,2746,1729,279,1906,1355,874,1999,2467,2554,2157,2318,1343,2132,2602,1877,1404,2121,643,1884,1978,2008,2727,2004,1644,1605,2139,1567,2044,1292,2232,1748,2071,1136,2748,2809,2015,3343,2048,2084,1657,2169,1306
"COG0275",3422,5781,6826,4081,5969,6603,6224,5777,6975,5639,2938,6617,7192,6321,6032,5614,4446,5768,5120,7095,2540,6685,7222,6259,6896,6714,6843,4359,6459,3808,5483,5386,4633,5009,7245,1708,4021,6499,6337,5453,7719,5401,7279,7165,5560,6362,2081,7201,4458,7072,7123,6305,5150,6374,6479,6249,6607,7579,3752,5380
"COG0276",2398,5554,7722,3182,8110,7725,7017,7256,9181,8204,2165,8121,7833,8730,7102,7774,3296,5743,4481,7399,3453,7089,9027,8029,8947,9080,7002,3134,7577,3405,5479,4523,3283,3865,6284,2350,3420,6689,6461,4334,8128,4652,9653,8243,7155,9466,2602,7591,7502,8034,8472,7590,3973,7482,9316,6758,7075,9753,3265,6336
"COG0277",15308,19319,17366,22671,17766,17111,19352,18023,17326,18202,13447,17618,20057,17587,18589,19566,22565,21888,23524,16161,19675,18866,15606,15346,16416,17865,17189,21871,18942,19457,6857,8040,7434,7226,7278,2814,6628,6470,6976,8661,5757,7287,5033,6047,5796,5341,4862,6195,5465,6141,5094,6733,8539,6063,6269,5845,7130,5798,5310,6582
"COG0278",1237,2093,1967,1606,1812,2063,1925,1858,2048,1769,1216,1921,1774,1930,1769,1604,1876,1573,1902,1987,1105,1950,2214,1588,1924,2107,1822,1806,1842,1523,1784,1875,1727,1747,1739,611,1549,1909,2024,1792,1676,1614,2335,1879,1704,2032,595,1783,1852,1909,2141,1907,1672,1858,1958,1957,1961,1839,1496,1711
"COG0279",3310,1815,2045,2474,1756,1907,1823,2149,1845,2029,3360,1581,1786,1865,2081,3085,2432,1800,2804,2118,4029,1936,2324,2223,2050,1680,2095,2694,1735,2463,2561,3687,2311,2570,1499,3485,2515,1965,1597,3228,1722,2064,2514,2051,2451,1946,2856,2249,2422,1761,2294,1497,3647,2146,1768,1747,1611,2302,2762,2914
"COG0280",4506,11020,12031,5707,10230,11970,12043,11197,12812,6525,4695,11314,9896,9540,11765,11429,6369,7099,7978,9478,4210,10264,12778,15478,10986,7391,7242,6120,8474,6010,9177,9122,6600,6905,9996,3113,6641,10859,10681,8631,12143,8308,10519,9915,8922,10705,7067,10542,12524,10460,11146,7220,7707,9085,5041,10866,10268,10726,6864,8023
"COG0281",7968,10314,9686,5663,9121,9865,10318,9628,9835,6166,7249,9569,8250,7859,9957,10700,6322,7320,7300,7669,8484,8395,10183,12859,8635,6021,5669,6320,7153,7322,7925,8656,6773,7093,8009,3623,6961,9389,9106,6721,9899,8073,8357,7896,7753,8417,7371,8510,10674,8293,8514,6135,8185,7296,4460,9278,8488,8231,7149,7414
"COG0282",1282,82,71,698,369,56,219,165,210,476,911,166,162,185,113,487,439,638,436,55,3047,456,37,126,109,78,79,509,421,1439,301,470,378,351,362,944,848,365,305,726,42,367,76,117,310,169,1330,177,305,157,80,168,526,267,258,123,211,26,696,295
"COG0283",2211,3755,4674,2991,4168,4351,4285,4065,4663,5187,1952,4852,5421,4794,4478,4455,3233,4524,3709,6459,1780,4663,4772,4071,4843,5239,5314,3130,5381,2662,3739,3778,3265,3388,5483,1252,2932,4965,4480,3886,5060,3732,5339,5156,4043,4858,1654,5270,3485,5614,5168,5897,3564,4758,6089,4629,5116,5518,2713,3766
"COG0284",3921,5403,5443,4485,5230,5451,5514,5586,5235,5467,3246,5250,5398,5394,5675,4302,4993,5111,4739,5471,1926,5062,5668,4922,5580,5595,5201,5138,5089,3359,5162,4754,4919,4975,5158,1806,4413,5562,5324,4964,5750,5234,5730,5384,5416,5772,1918,5347,4926,5395,5602,4850,4731,5116,5974,5654,5201,5628,4204,5591
"COG0285",5169,8208,9384,5369,8050,9005,8364,8561,8537,8505,4269,7887,8758,8170,8552,8123,6134,8292,7354,8733,3556,8266,9476,7941,8146,8486,8707,6287,8391,4903,7341,7876,6584,6184,7496,2246,5693,8960,8690,7731,8422,8207,9558,8820,7888,8482,3128,9056,6529,8611,8673,8174,7497,8312,8481,8364,8728,9772,3980,7754
"COG0286",5480,829,978,3047,1820,962,988,988,2569,4198,4153,1427,953,2029,1528,1217,1648,2373,1685,947,12710,1891,1147,1213,2342,1875,1655,1554,2672,5644,500,666,382,619,366,1440,1122,538,378,443,1133,330,612,409,752,680,2117,397,480,458,533,539,721,665,1119,390,380,685,965,830
"COG0287",3403,5728,6849,5322,5421,6649,6319,6085,7278,5266,2515,6726,6868,6055,6660,5368,5400,5199,4938,6644,2716,6319,7359,6861,6547,6592,6339,5273,6380,4366,5570,4776,5280,5653,7021,2039,5130,6192,6272,4809,7786,5444,6637,7331,5943,6115,1705,6871,5599,6695,7484,5939,4442,6374,6092,6618,6539,7482,5283,5611
"COG0288",843,787,625,849,877,628,792,699,695,766,826,932,799,1004,449,2374,598,795,800,536,2172,676,535,962,484,464,437,646,741,1779,620,816,793,589,1302,894,1028,620,631,791,568,739,495,489,731,464,1664,521,572,646,664,783,923,523,404,915,765,404,2129,573
"COG0289",627,1328,1603,904,1399,1525,1566,1598,1901,1531,401,1857,1777,1642,1716,1442,954,1399,954,1929,678,1760,1730,1634,1767,1818,1739,840,1749,838,3310,2788,2732,3177,5204,1412,2649,4851,4895,3143,5465,3903,4936,5668,4151,5131,1774,5342,3866,5790,5923,5191,2692,4860,5451,4729,5101,5399,2276,4106
"COG0290",1911,3543,3909,2564,3508,3736,4067,3668,4364,3784,1934,4096,4367,3917,4107,3898,2819,3489,3215,4219,1323,4064,4254,3855,4234,4592,4004,2652,3739,2139,3235,3058,2771,3123,4108,1393,2532,3957,3900,3296,4308,3409,4067,4334,3418,4110,1592,4255,3410,4189,4578,3687,2865,3845,4346,3864,4132,4246,2151,3566
"COG0291",663,990,1161,580,905,1104,1210,1047,1185,1136,588,1176,1435,1059,1119,821,667,1028,766,1159,552,1573,1157,868,1172,1413,1461,574,1649,658,889,986,574,732,1093,326,663,1157,988,736,1158,845,1077,1423,936,1195,601,1405,997,1532,1261,1580,892,1461,1436,992,1110,1166,577,1038
"COG0292",1260,2662,2719,1804,2749,2720,2673,2484,2512,2258,1188,2636,2918,2674,2654,3174,1801,2313,2086,2680,911,2995,2793,2429,2701,2675,2580,1878,2557,1603,2177,2293,1951,2102,2711,690,1812,2653,2488,2364,2793,2200,2617,2734,2257,2547,998,2811,2302,2912,3059,2634,2236,2541,2548,2507,2523,2800,1601,2246
"COG0293",2021,3877,4070,3126,3312,3952,3774,3497,3549,1904,1364,3429,3053,2870,3579,3420,3454,2370,2647,2995,1698,3232,3951,3332,3318,2852,2525,3522,2574,2517,3539,2709,3178,3454,3099,954,3162,3303,3742,2444,3911,2970,3561,3327,3109,3203,1572,3075,3505,3196,3970,2051,2149,3007,1621,3429,3449,3305,3158,3091
"COG0294",4017,5744,6390,5250,6185,6243,5745,6210,6739,6950,2967,6352,6471,6314,6674,5866,5784,5858,5945,6976,2126,6398,6838,5617,6291,6813,6984,5939,6465,3864,6063,6115,5749,5910,6426,1643,5299,6633,6356,5955,8394,5544,6643,7292,6316,6769,2347,6678,4932,6989,7092,6427,5508,6316,7760,6725,6492,7128,4752,6115
"COG0295",1328,802,724,629,818,695,817,735,709,612,1291,469,681,806,558,1661,746,650,1123,511,1018,491,617,472,688,464,575,773,471,1017,857,1346,841,546,970,376,916,657,728,1184,875,554,489,558,637,594,606,560,748,553,580,580,1499,460,351,768,738,628,1302,525
"COG0296",1908,1880,1220,2283,3186,1372,2582,1847,2203,6882,1753,2797,5063,3841,1733,1360,2423,3944,2837,4175,4513,4588,1139,1219,2557,5200,6702,2253,7414,2788,2382,1317,2504,1775,4318,1055,2918,4008,3296,2347,226,1962,2133,4155,1531,3228,1833,4238,2086,4758,2365,8641,1221,4965,8490,2081,4235,1927,1558,1088
"COG0297",2801,3033,1959,1686,2878,1942,2115,1679,2311,5879,2334,2419,3431,3252,1135,2091,1776,2577,2340,2846,4019,3018,1419,1567,2864,4225,4237,1833,4450,2208,2098,1994,1917,1360,3061,948,2115,2426,2528,1973,800,1605,2361,2545,1278,2787,416,2838,1175,3094,1646,5421,2018,3013,7024,1824,2756,1684,1530,779
"COG0298",94,0,2,15,3,0,4,1,3,9,35,3,1,2,6,2,3,11,14,0,187,16,2,0,5,1,4,9,8,57,31,81,12,18,9,28,38,9,4,43,2,3,13,5,2,11,162,3,26,38,13,36,108,14,16,9,2,0,53,6
"COG0299",3767,3907,4374,3878,3997,4267,3815,4134,4107,4453,4343,4097,4339,3856,4173,3780,4118,4184,3851,4748,1858,4224,4688,5936,4698,4438,4720,4175,4459,2961,4496,4015,4134,4204,4005,4426,3790,4193,3985,3833,3892,4003,4815,4717,4111,4288,1736,5391,3608,4141,4603,4488,4200,4433,4940,4338,4079,4081,3591,4361
"COG0300",1724,3407,2678,2327,2467,2694,2490,2224,2436,2471,1554,2670,2391,3028,2045,4006,2233,1836,1139,2249,536,2693,2637,2339,3204,2785,2746,2636,2711,1800,2189,761,2104,2144,2727,1056,2456,2490,2257,1044,1742,2048,3045,2313,2816,2637,570,2141,3148,2277,1875,2980,819,2157,2092,2108,2700,2652,4396,1792
"COG0301",3313,1076,441,3908,503,448,498,983,126,603,2867,21,183,276,1385,152,3730,1177,2014,224,438,52,299,45,12,31,91,3870,188,2522,2009,1800,3523,3710,107,884,3655,455,339,1478,230,1442,50,88,1702,40,43,169,801,33,3,78,1917,153,37,741,224,191,6338,2373
"COG0302",4746,4353,4844,3995,5122,4777,4478,4967,5614,5094,4992,5536,5020,5090,5280,4408,4259,4301,3549,5306,2339,5047,5304,5239,5003,6159,5317,4166,5064,3168,4532,3453,4258,4392,4830,5015,4222,4926,4756,3362,5320,4113,5512,5408,4700,5818,5352,5288,5065,5412,5001,5131,3236,5760,5888,4877,4774,5444,3822,4295
"COG0303",4414,6855,6734,7371,6182,6379,6738,6423,4521,4239,3906,5579,5453,5175,5400,4556,8092,7026,8389,3896,4628,4475,5030,3343,4323,4262,5246,7359,4851,5590,7066,9419,7704,7634,6135,1126,6570,5537,7888,9323,6682,8030,3969,5544,6423,4221,4130,5460,4321,5151,4506,4965,9321,4937,3043,5789,7392,4107,3532,8215
"COG0304",7149,11731,11770,8895,13404,11956,12450,12122,14425,11679,6262,13569,12804,13444,13035,14932,9029,11226,10641,13908,6347,11967,12847,15560,14033,13501,11383,8871,11277,9243,11189,11993,9743,9139,11079,4769,9129,11418,12485,12383,10547,11388,13655,12570,12328,14119,7673,12118,14374,11783,16709,12179,12133,11553,11891,12216,12382,13270,9869,12125
"COG0305",49154,9817,12095,8098,17516,11842,12024,12796,15089,12001,101575,22233,18395,14222,16049,10922,7820,12060,9913,19524,6977,19935,13448,16207,16445,18407,36991,7880,16108,7225,12660,10611,7710,10078,16046,185376,6770,12594,16212,11242,20150,13840,17628,24554,11927,17440,125539,23745,11517,17502,12197,13649,11155,36092,15349,15313,15124,15437,7391,11553
"COG0306",2515,4843,5337,4620,3941,5319,3778,3311,3403,3113,1323,3353,2275,3625,3054,4904,5049,2517,4124,1881,3523,2518,3210,1922,4653,3323,1832,5166,1983,3674,4682,3194,5108,4453,1428,1732,4723,1499,2873,3704,3351,2905,4209,2460,4281,3924,2812,2314,4457,2154,4327,2031,3002,2299,2564,2409,2718,2516,3431,4083
"COG0307",1983,4252,4617,3084,4091,4533,3872,4240,4718,4656,1304,4436,4275,4262,3957,4214,3346,3923,3132,4741,1948,4229,4793,4367,4674,4752,4346,3381,4339,2627,3729,2801,3357,3455,4814,1326,3232,4133,4187,2887,4813,3703,4891,4444,4031,4454,1208,4205,3379,4365,4623,4330,2510,4130,5184,4212,4465,4619,3253,3731
"COG0308",19701,12806,12254,16645,14454,12352,12118,14227,12413,19451,17173,11412,12435,13106,12712,25591,18032,15138,20103,13499,31267,11156,13936,9027,15633,11559,13264,18414,15050,20592,17525,16436,18668,14547,13110,7073,21194,13202,11677,17025,11737,11515,17236,10774,13306,13891,9908,11784,17663,11220,8912,16880,17049,12059,18079,13620,11342,17620,22875,12606
"COG0309",1355,124,40,582,59,65,109,126,119,172,920,33,40,89,465,7,458,912,368,73,3358,177,81,15,70,15,40,317,230,1104,253,990,425,555,31,197,369,80,55,658,2,840,79,33,363,67,772,55,327,138,32,109,1232,68,83,101,39,39,374,655
"COG0310",82,157,423,21,665,357,550,518,276,96,43,263,697,621,611,41,9,67,100,430,36,216,621,554,332,395,824,12,155,10,238,353,5,43,573,213,7,636,730,368,2138,234,606,898,436,591,193,780,718,442,223,115,544,424,66,671,536,1460,50,232
"COG0311",1728,1304,930,1425,974,920,997,1334,280,566,856,277,633,718,1779,42,1744,1404,1203,666,178,359,1118,447,321,508,572,1752,297,737,1244,1134,1776,1600,362,178,1459,1038,887,1082,1071,1756,1231,482,1630,806,1,701,1685,282,99,222,1247,500,436,1296,602,1214,1337,1702
"COG0312",5277,12021,13188,9122,12415,13172,12435,12324,13367,12313,5324,13641,14826,14065,12700,8894,9739,10132,9642,13547,7662,12792,14470,12814,10963,13360,17007,10128,14906,9747,10809,8363,10463,9432,12488,5116,8810,12653,15866,8349,20088,9050,13569,15923,11137,13350,5855,14957,13652,15454,13446,14270,8590,14024,14228,14418,16124,15350,10518,7231
"COG0313",2490,5280,6694,3301,5601,6402,5660,5417,6765,5669,2612,6609,5767,5809,5720,7930,3464,4731,4440,6228,2451,5814,6917,7347,6864,6220,6081,3382,5619,3453,4871,4403,3666,4197,6377,1773,3496,6040,5670,4403,7251,4495,6669,5967,4936,6163,2140,5810,4853,6465,6745,5617,4144,5489,6313,5830,5868,7250,3914,4857
"COG0314",1347,2087,2098,1824,1556,1914,1881,1806,1165,1122,1219,1472,1430,1523,1829,2368,1912,1837,2441,1067,1407,1326,1536,819,1089,1078,1315,2079,1318,1579,1997,2479,2021,1974,1690,465,1794,1547,1930,2608,2241,2119,1106,1416,1639,1105,903,1493,1492,1325,1007,1158,2291,1360,658,1711,1846,1227,975,2168
"COG0315",1932,2422,2235,2180,1753,2426,2309,2102,1285,1249,1949,1577,1683,1560,2253,2462,2368,2313,3504,1320,1378,1372,1868,1092,1154,1248,1669,2257,1552,1697,2569,3566,2465,2370,1948,448,2225,2043,2306,3708,2384,2530,1354,1676,2115,1388,876,1689,1916,1447,1104,1244,3542,1599,775,2064,2367,1446,1119,2616
"COG0316",5100,5373,5523,5675,5108,5380,5268,5245,5725,4588,6640,6076,4989,5358,5710,5525,5435,4697,4498,5719,4048,5498,5789,6364,5794,5984,5080,5286,4827,4690,5423,3848,5379,5691,5148,9917,4908,4838,5132,3754,6029,5029,6144,5977,4987,6023,4771,5205,5646,5189,5846,4205,3434,6206,5058,5522,5191,5420,4814,5058
"COG0317",11303,13095,14900,10420,13003,14687,13314,13336,15841,15234,10822,15095,17022,14531,14152,13468,10864,13804,12669,15658,12079,16022,16101,15490,16391,17622,18133,10979,17278,11592,13035,12882,11140,11465,15955,6334,10612,14308,15003,12218,17017,11941,16166,17626,12955,15738,6034,16926,12894,16363,16832,17117,12251,15936,17440,14275,15835,16079,11200,12595
"COG0318",19500,35688,33844,42421,33962,34767,33663,34648,32288,23524,13711,33540,28302,30985,29096,35532,40717,34996,38582,33410,26273,33110,30620,31657,29309,30158,27228,44857,30404,40027,36213,36924,41219,41124,33404,12375,40539,28864,34112,37473,20944,39728,24563,30840,36035,27797,27049,28621,30815,31245,39340,32618,37684,28557,20252,35620,33574,33872,28767,32566
"COG0319",1580,2511,3263,1979,2436,3015,2550,2380,2734,1630,1432,2759,3032,2281,2242,3463,2039,2671,2565,2615,1225,2899,3199,2730,2599,2095,3121,1899,3104,1888,2519,2477,2077,2389,3030,732,1966,2776,2714,2673,2785,2306,2760,3148,2165,2166,1290,2882,1806,3082,3268,2847,2379,3018,1579,2634,2849,2939,1722,2107
"COG0320",3539,6753,7386,4446,6807,7274,7770,7080,7138,9556,2938,7186,8918,8463,7402,5207,4846,6719,5310,7828,2492,7654,7756,7161,8017,10018,8726,5015,8637,3692,6068,5376,5038,4883,8268,2159,4649,8064,7640,5420,6933,6181,8556,8306,6534,8769,2061,8567,7369,8232,6605,9144,5061,7858,11320,7130,7946,8359,4320,5985
"COG0321",2025,4202,5013,2493,4755,4854,4487,4522,4379,4419,1821,4305,4976,4809,4607,4520,2914,3915,3122,4781,1777,4030,5490,4483,4926,4821,4845,2895,4303,2605,3622,3017,3135,3087,5067,1262,2789,5120,4811,2946,5359,4089,5416,4985,4081,4882,1897,4799,4470,4562,3921,4404,3078,4333,4802,4695,4700,6099,3052,3676
"COG0322",6500,13865,15866,8346,14024,15272,14717,14433,14935,13888,6250,14909,15721,14351,13895,14797,9296,13524,11119,14813,4120,15602,16082,14908,15311,15152,17502,9271,16639,7680,12273,11688,9854,10175,16322,3799,9291,15177,15950,10682,14749,12663,15365,17197,13306,14619,5716,16402,10986,16939,15725,16464,10796,15712,14785,14004,16309,17000,8254,13006
"COG0323",5150,4367,4008,4327,5581,3916,4215,4319,3141,4758,4476,3778,3164,3433,2986,5025,4203,5844,4859,3312,5258,3277,3188,4073,4158,2526,2333,4118,3317,4738,4033,4598,4487,3729,4472,2083,4174,4113,3885,4874,1473,5378,3318,2434,4650,3532,3376,2903,2640,3117,2912,4097,5069,2935,3338,3717,3332,3482,5251,4426
"COG0324",3906,5660,6985,4206,5834,6818,6061,5929,7102,6117,3105,6620,6560,6467,6352,5139,4666,5495,5661,7107,2839,6218,7232,6417,7030,7172,6162,4443,5798,3780,5695,6326,4584,5033,6787,1826,4086,6539,5879,5846,6905,5433,7267,6684,5664,6800,2360,6694,5208,6566,7463,5827,5872,5952,6967,6379,6234,7478,3629,5745
"COG0325",2740,4119,5024,2839,4493,4931,4610,4573,5015,4522,2367,4894,4991,5020,4146,4977,3148,4161,4082,5128,2016,4890,5587,5485,5485,5120,5063,3226,4870,2796,4036,4242,3248,3244,5013,1391,3021,4991,4616,4125,5468,3549,5853,5220,4184,5226,1439,5034,3803,5231,5705,4870,4006,4721,4976,4842,4817,5942,2849,3911
"COG0326",2321,6129,6659,3739,6657,6704,5477,5515,7325,9700,2153,8285,7129,7496,2955,8294,3556,6563,5025,7153,4771,7773,5401,6337,8210,7967,8447,4122,9341,4589,5336,3615,3941,3876,8350,2484,4028,5891,5727,4457,7628,4189,5417,6781,4964,6771,2616,6941,3941,8675,6579,11429,3575,7579,10858,5633,6798,4739,4795,3321
"COG0327",822,917,1060,780,1489,992,851,955,946,1253,708,964,970,945,595,2641,647,848,1170,860,1525,753,853,1261,1243,486,703,925,764,1243,1209,649,888,663,1257,801,927,947,797,721,2034,667,851,742,861,926,721,884,658,667,757,930,368,671,796,1107,704,1559,877,865
"COG0328",2008,3292,4311,2059,3726,4053,3491,3180,3428,3883,2033,3535,3665,3670,3258,4064,2431,2782,2556,3735,1553,3376,3610,3304,3262,3810,3792,2451,3787,1920,2984,2714,2354,2585,3308,2219,2113,3339,3285,2589,7480,2900,3628,3569,2964,3403,885,3632,2971,3601,3418,3803,2705,3458,4149,3368,3579,4019,1684,2840
"COG0329",5478,9780,10854,10744,9546,10935,10898,11057,13032,7773,4689,11643,11465,10727,12519,10026,11714,10994,11072,10609,3921,11144,11235,14017,11433,10871,10294,10129,10386,7640,10580,10633,11336,12586,11698,3516,9620,10419,11838,11704,11400,12941,10286,12061,12120,10768,4621,11728,9031,11988,13100,9797,9855,10605,8695,10373,11387,10604,5602,13417
"COG0330",8816,13051,13298,12117,12052,13297,12939,13462,13398,9662,8460,13152,11281,12354,15567,14673,12421,11849,13133,12697,9040,12068,14029,16223,13765,11925,10475,11921,10575,10465,12246,13545,12536,12484,11437,5348,11169,12678,11601,13336,12043,11929,13601,11951,13287,13858,8890,11876,15528,12091,14505,10710,13220,11304,10229,12626,11578,13567,9916,13895
"COG0331",2812,5093,5942,3750,5537,5952,5850,5741,6988,5318,2488,6275,6503,6183,6528,5526,4034,5471,5051,6677,2386,5675,6804,8008,6453,6260,6112,3958,5804,3461,4950,5262,4378,4360,6760,1824,3881,6682,5721,5294,7383,4993,6207,6175,5285,6229,2452,6222,5992,6381,7354,5925,4859,5609,6067,6063,5885,6940,3566,5477
"COG0332",6070,6256,6292,4424,6350,6404,5864,6185,6145,7692,5527,6785,5722,6329,4756,7255,4752,5911,6638,6218,5725,5227,6635,7978,6787,6386,5759,5583,5686,5303,5791,6872,5542,3997,6129,3010,5738,6244,4946,6322,6031,5182,6588,4823,5813,6151,3990,5716,7194,5198,4675,6519,7539,4961,7239,6737,5208,6879,5922,5091
"COG0333",254,594,686,312,513,665,534,618,853,767,212,772,554,727,598,850,363,417,406,900,352,665,697,941,819,947,577,355,573,371,459,387,361,430,628,196,359,573,614,405,757,405,715,756,510,839,211,617,644,785,980,591,366,622,1057,670,687,673,389,498
"COG0334",3123,2156,2039,2031,2451,2009,2132,2103,1802,3302,2857,1524,1710,2483,1850,2580,2221,1991,2326,1576,2450,1348,2361,2201,2827,2429,1291,2180,1445,2488,7068,7995,7045,5827,5503,3295,7122,6128,5290,7513,5925,6282,8956,4150,7126,8069,3879,4459,8900,3789,4416,4667,8106,4293,10090,6170,5329,7795,8482,6307
"COG0335",1563,3152,3599,1960,3682,3682,3566,3276,3959,3335,1383,3507,3692,3827,3874,3764,2233,2733,2371,3638,905,3921,4028,3057,3926,4163,3394,2100,3449,1636,2615,2535,2247,2530,3801,907,1906,3596,3323,2526,3595,2765,4119,3779,3184,4144,899,3424,3395,3890,4085,3301,2331,3516,4232,3417,3386,4176,1689,2836
"COG0336",2749,4893,5775,3314,5089,5721,5630,5115,6143,5869,2279,5827,6142,6334,6115,4177,3727,4715,4586,6019,2048,6013,6384,4694,6391,6749,5798,3480,5738,2934,4576,4562,3748,4197,5862,1521,3424,5658,5560,4647,5853,4379,6352,6032,4932,6321,1867,6011,5839,6344,6675,5750,4377,5493,7075,5451,6076,6298,3004,4552
"COG0337",4069,6401,8522,5253,7108,7892,7123,7156,8654,7728,3752,8052,8097,7412,7497,8071,5450,7336,6262,8304,3469,8605,8764,10515,8735,8589,8727,5087,8441,4832,6851,6834,5319,5807,7522,2626,4865,7927,8059,6616,9406,6446,8685,8875,6586,7925,3729,8163,5330,8857,10814,7863,6122,7998,8746,7449,8504,9188,4808,6532
"COG0338",9037,1111,1308,2105,2785,1371,1321,1541,1022,1174,15583,2923,3184,1327,2249,694,2145,1285,780,2395,3849,2173,1099,611,2084,1766,9147,2116,2030,1957,2245,677,1821,2374,1564,23305,2311,1016,4399,647,4409,1449,1763,4300,1987,1587,7403,6521,1554,2626,524,1431,746,6535,1365,1198,3267,1937,2986,1971
"COG0339",8203,4473,4757,3806,4125,4737,4502,4500,4927,8154,6657,5371,5483,5508,2503,7912,3704,5465,4621,5435,14972,5028,3566,3197,5297,7181,5811,3929,6640,8592,4227,3852,3831,3134,5159,4200,5293,4662,4838,4223,6756,3130,3977,4470,3292,5035,3455,5092,4888,5589,5216,8046,4357,5190,9724,4784,5284,4159,10699,3076
"COG0340",4231,5193,5373,4975,4246,5083,4641,4820,4734,5349,2740,4790,4675,4723,4812,4645,5278,4774,4358,5139,2961,4338,5270,4670,4703,5213,4597,5627,4482,3983,5026,3691,5169,5301,5148,1503,5045,4964,4689,3963,5448,4802,5148,4988,4964,4713,1708,4587,4488,4755,5216,4526,3738,4466,5453,5168,4811,5156,5528,4712
"COG0341",6685,5863,7490,4154,5612,7230,5474,6327,7807,7169,6702,7671,6487,6466,6275,7478,4387,5757,5566,7365,5081,6478,7596,8842,8099,6902,6474,4360,6954,5079,5766,6111,4619,4830,7786,2387,4991,6395,6462,5722,7409,4774,7130,7086,5541,7028,2282,6575,5771,7024,7506,7128,5971,6276,6889,6686,6892,7093,4310,5367
"COG0342",10491,10302,12073,6769,10536,12102,10209,10724,13367,11158,10457,12686,11239,11642,11528,12463,7383,10007,9855,12445,7911,11363,13096,13237,13421,11916,11428,7346,11468,7626,9762,10155,7518,7788,12849,4016,7849,11787,10762,10158,12633,8952,13398,11804,10288,12463,4748,11276,11614,11752,13450,11236,10139,10952,11793,11553,11462,13652,7006,9514
"COG0343",6254,9277,8829,8070,8166,9119,8838,9009,8017,8487,4463,7720,8587,8458,9028,7430,8895,7769,7462,8346,3254,7733,9443,8230,8447,9393,8204,9167,7796,5910,8648,7079,8757,8846,7182,2268,8289,9116,8655,6973,8030,7959,9750,8539,8706,9168,2345,8637,9448,7904,7914,8035,6545,7784,9190,8668,8588,8965,8996,8838
"COG0344",2386,2710,3214,2984,2604,3128,2709,3038,3009,3318,1918,3033,3187,3068,4554,1974,3192,3751,3299,3173,2094,3098,3517,2661,2919,3581,3315,2625,3118,2513,2950,3807,3001,3402,3246,927,2360,3286,3125,3484,4001,3840,2987,3624,3305,3187,1231,3540,2588,3472,3061,2954,3546,3214,3770,3192,3113,3756,1522,4035
"COG0345",2291,4645,5328,3308,4380,5135,5059,4839,5769,4237,2099,5263,5401,4992,5333,5939,3361,4230,3750,5671,2315,5418,5526,5389,4936,5670,5380,3354,4957,3113,1365,1409,1127,1296,1876,450,1047,1625,1771,1390,2081,1393,1679,2018,1391,1736,983,1774,1529,2039,2164,1647,1340,1599,1681,1746,1727,1843,1254,1425
"COG0346",4804,6496,6041,9866,5311,6324,6276,6581,5245,4119,3624,5808,4825,4772,5674,4897,9180,7598,6106,5779,9665,6488,5423,5320,4760,4291,5243,8881,6171,9509,6186,4930,9321,9436,6658,2935,8422,5540,5596,5277,3927,8449,3593,5622,6542,4208,6616,5140,5997,6456,6576,6773,4980,5330,3004,6143,5955,3821,7752,6694
"COG0347",2359,2230,2139,1460,1533,2175,1831,2126,2348,2563,1663,2684,2115,2031,1833,1348,1422,2373,2734,2666,2852,2038,1635,1954,2121,2783,2239,1666,2428,1974,2143,3634,1505,1458,2160,1122,1674,1655,1795,3681,1659,1838,1472,1987,2150,1898,2074,2070,2191,2227,2574,2857,3702,1985,2770,2289,1961,1180,1312,2104
"COG0348",1717,226,217,836,235,232,325,218,197,672,1269,77,195,257,261,216,379,728,1593,118,3177,193,132,92,71,66,78,379,429,1740,1965,4522,1031,1087,1053,3216,2421,1039,559,5262,696,1108,172,270,1382,234,4265,419,921,331,159,710,4794,752,405,566,545,400,4165,1076
"COG0349",1871,3642,4202,3394,3763,3960,4040,3944,4604,3952,1584,4326,4521,4047,4144,3070,3212,4559,3701,4481,3032,4621,3869,4649,3933,4437,3987,3291,4260,3487,1192,1064,1142,1257,1492,561,1087,1336,1434,1227,1177,1437,1108,1506,1379,1246,1158,1456,833,1580,1835,1446,951,1393,1299,1372,1463,1230,667,1472
"COG0350",2567,2128,2235,2826,1746,2034,2346,2243,1907,1076,2194,1660,1807,1864,2811,2083,2747,2165,2614,1768,1608,1636,2335,2125,1804,1568,1524,2615,1503,2310,2486,3393,2636,2595,1927,923,2598,1949,2087,2763,1745,2480,2131,2041,2446,1870,2394,1858,2678,1734,1663,1214,3279,1820,816,2125,2063,2318,2660,2899
"COG0351",3329,3200,2995,3520,2822,3012,2937,3094,4045,4320,1896,3036,3316,3536,5022,2707,3742,3152,3157,3311,3784,3726,3167,3208,3292,4498,3652,3660,3972,3249,3563,3080,3559,4197,3108,1360,3806,3403,3243,2668,3888,3011,3061,4303,3939,3670,1487,3693,3437,3710,4679,3320,2305,3890,5136,2735,3272,3050,3978,4362
"COG0352",2540,2544,2837,2540,2919,2658,2936,2448,3568,4122,1751,3066,3614,3537,3616,4174,2503,3761,2842,3355,3847,3596,2666,2644,2854,3785,3894,2217,4036,3054,2753,2867,2401,2925,3260,1544,2529,3098,3210,2900,3375,2813,2794,3922,2788,3307,2051,3388,2329,3883,4404,3910,2586,3669,4696,2491,3517,2770,1819,3206
"COG0353",2205,3864,4267,2719,3795,4309,3866,4045,4570,3997,1810,4630,4339,4223,4638,3988,3105,3692,3587,4487,1630,4289,4704,5331,4689,4718,4222,2967,4474,2379,3529,3704,3056,3462,4523,1046,2714,4321,3847,3727,4035,3436,4528,4391,3576,4382,1156,4219,3861,4681,5228,4289,3535,4055,4683,4032,4172,4619,2219,3699
"COG0354",1850,4258,5115,3459,4040,4721,4114,4199,5026,3823,1623,4855,4399,4512,4642,2765,3375,3834,3178,5057,2570,4334,5118,5143,4704,4893,3736,3034,3589,3120,3722,3218,3292,3884,4939,1473,3015,4484,4606,3361,4479,4100,4667,4845,3929,4795,1757,4397,3376,4859,5317,3514,2761,4162,4285,4326,4583,4930,2520,4013
"COG0355",1661,2688,2904,1750,3094,2816,2799,2500,2962,2564,1477,2682,2913,3019,2792,2811,1781,2318,2417,2767,1610,3072,2836,2186,2755,3067,2544,1747,2657,1634,2391,2782,1818,1975,3001,870,1742,2694,2744,2491,2661,2251,2825,2929,2387,2896,845,2733,2930,2938,3186,2567,2613,2662,2898,2637,2788,3069,1701,2357
"COG0356",3327,6866,7133,4153,7101,7250,6851,6235,7155,6313,3123,6755,7464,7192,7394,8380,4495,5669,5375,7046,3091,7744,7324,6676,7637,7172,6630,4364,6948,4040,5966,5499,4616,5024,6976,2207,4389,6338,6527,5382,6989,5933,7596,6738,6046,7428,2197,6918,7841,7099,7848,6811,5308,6259,7043,6335,6767,7776,3535,5632
"COG0357",1747,3433,4105,2470,3436,4062,3966,3610,4552,3982,1420,4292,4287,3835,4063,4387,2450,3666,2606,4435,1982,4394,4179,3742,4347,4334,4257,2275,4354,2364,3095,2641,2494,2873,4326,1523,2306,4128,3717,2714,3854,3186,3719,4358,3246,3807,1510,4226,3436,4697,4481,4294,2343,4067,4551,3677,4227,3809,2114,3519
"COG0358",18576,11800,13538,10633,13096,12943,12468,12396,14735,13624,27785,13947,13035,13396,12467,11146,11395,12206,11836,14118,10027,13213,14217,15768,14284,15522,13503,11771,13021,8929,13199,12701,11638,12231,14467,29960,10785,13134,12853,12586,14379,11547,15101,13589,12290,13691,14905,13236,10353,13956,14078,12878,12698,14648,15239,12935,13378,14474,11504,12126
"COG0359",2069,2907,3428,2288,3213,3276,3269,3137,3517,3251,1664,3273,3589,3430,3355,3005,2442,3054,2821,3676,1354,3265,3692,3748,3470,3698,3224,2386,3132,2146,2760,2853,2564,2761,3747,1049,2233,3466,3202,3048,3699,2876,3723,3377,2965,3424,1869,3456,2724,3361,3808,3059,2936,2971,3692,3520,3328,4212,2017,3036
"COG0360",1643,2221,2700,1862,2356,2643,2328,2263,2726,2656,1483,2526,2866,2594,2286,2512,1905,2332,2432,2882,1244,2880,2818,2846,2849,3039,2710,1918,2517,1605,2300,2688,2004,1957,2985,760,1833,2672,2526,2455,2968,2099,3083,2714,2268,2823,845,2630,1976,2758,2896,2532,2585,2362,3072,2518,2613,3080,1620,2317
"COG0361",2185,2347,2214,2008,2287,2300,2057,2187,1803,2039,2462,1981,1952,2012,2426,1849,2123,1934,1994,2006,785,1866,2189,1760,1863,2031,1893,2230,1812,1369,2140,2011,2227,2312,1973,1185,1894,2152,1888,1932,2950,2232,2177,1933,2055,2188,852,1995,2214,1897,2004,1818,2025,1847,1994,2052,1881,2097,1976,2176
"COG0362",1339,1563,1783,714,2299,1784,2375,1901,2669,4930,824,2541,3681,3095,1566,2204,830,2615,1028,3113,3204,3500,1531,1766,2787,4426,5419,860,4990,1655,1388,615,939,845,2772,950,1232,2811,2574,1176,4257,1517,2131,3906,1626,3083,409,3596,1680,4270,2172,5898,735,3726,6214,2154,2929,2936,747,1055
"COG0363",2989,2446,2510,2090,2876,2536,2520,2507,2662,3678,4591,2582,3222,3167,1643,3492,2167,2533,3357,2635,1867,2603,2303,2970,3132,3154,3075,2506,2944,2077,3155,2325,2438,1874,4080,1154,2691,2744,2627,3275,2992,1772,2965,2611,1964,2843,1692,2722,2123,2820,1866,3470,2513,2718,4171,2781,3092,3306,1529,1752
"COG0364",3706,1925,1385,1276,1987,1403,2279,1349,2263,5694,1954,2757,3943,2738,872,3243,838,2819,1207,2502,3294,4121,546,1215,2431,4515,5877,907,5723,2204,1281,1293,1007,937,4520,4887,1569,2233,8257,1477,1817,1137,1098,3444,977,2424,2572,3473,829,5062,1983,7095,1542,3809,6646,1537,7017,1162,1036,670
"COG0365",20750,28553,29195,26264,26286,28833,29689,28728,30064,19455,16371,28658,28415,26993,33428,24494,28262,24082,29757,26483,12455,28421,30111,33155,28229,26413,25359,27141,25670,19754,28741,31793,27317,29151,29777,8341,24258,30298,29473,30014,29561,26312,27924,30077,28316,28655,16221,29677,30220,29423,28629,24487,30797,27397,21369,29522,28871,30659,21774,28459
"COG0366",13074,4585,4496,5036,7732,4636,7391,5655,6297,10069,8248,6680,10256,7352,5183,1346,4442,7984,3582,7677,26510,8956,5480,6162,5694,9491,17921,4134,10692,12426,4396,2663,4175,4208,11091,6336,7939,8090,9149,3119,4078,5560,5430,9117,3473,6442,5237,8330,5950,8477,7576,10739,2843,9163,10271,6217,10651,5118,7554,2797
"COG0367",13990,9591,10292,8871,13133,9554,10021,10704,8821,11126,13644,8547,9394,11786,11093,10163,9310,9660,8587,9330,11057,9287,11369,10464,10452,8340,15838,9907,9424,7609,9815,12121,9320,9976,9991,18038,9427,10310,10392,10467,22457,11527,12134,10036,13593,10336,14514,9591,8624,11160,9604,11056,13196,9648,8625,9441,10944,14773,10171,14225
"COG0368",681,780,505,1505,899,501,837,896,1018,2863,230,836,1546,1397,1130,582,1562,1453,799,1212,220,1361,240,345,1054,2186,1535,1567,1924,815,1127,728,1426,1621,1488,401,1443,1015,995,923,166,1118,609,1097,1471,1244,719,1239,605,1599,893,2412,696,1220,3604,807,1253,209,1795,1366
"COG0369",2819,4086,2985,1314,6036,3222,3561,3112,4068,8300,1872,2854,3077,4968,1100,4380,1290,3552,1169,2548,7587,3007,2422,580,4742,4960,2953,1398,3765,3208,2490,239,1434,845,1516,3505,2904,3643,3135,675,316,3419,4519,2404,3137,6053,1402,2826,2823,2722,1996,4368,229,3082,8207,2500,2902,2030,1747,1685
"COG0370",3951,1059,494,1702,647,499,829,1328,674,1094,4172,1010,585,466,1503,2446,1967,1060,3316,585,3044,390,400,2502,367,184,224,2301,449,2026,1857,4637,2397,1488,1503,1043,2201,681,513,4836,1641,1561,282,284,1384,206,1179,508,1342,465,384,745,5747,216,413,909,567,392,3116,1079
"COG0371",1932,1111,625,2778,608,735,1047,1148,1273,3165,430,1284,1725,1711,1469,18,3031,1527,1250,1567,111,1770,629,711,1485,2716,2429,3139,2330,1169,1920,566,2752,2970,1406,103,2802,1330,1245,807,252,1427,1033,1695,1843,1652,33,1584,1232,2113,1010,3094,554,1672,4294,1058,1794,401,3722,1949
"COG0372",7050,9895,9359,9522,9033,9714,9753,9995,9277,9246,5080,8893,9665,9386,10700,9468,10092,9068,9153,9701,6043,9174,10176,8464,9620,9588,9159,10072,8990,7740,9885,8867,10236,9626,8754,3632,9504,10028,9531,8902,8589,9377,10431,9169,9787,10407,4931,9671,11458,8806,9146,9112,8282,8778,9594,9941,9731,10548,10242,9474
"COG0373",4646,3844,3720,7523,4424,3749,2755,3768,3400,7087,1489,4633,3858,4805,3468,6256,7488,3816,4264,4122,2886,4304,3412,2800,5077,5631,5159,8114,5308,4850,5986,3382,7290,7643,3194,1707,7427,2882,3064,3159,2921,3162,3898,3914,4899,4673,1930,3632,3525,4325,3337,6487,3102,4312,7894,3369,3643,3565,9343,4617
"COG0374",1799,24,12,315,129,12,70,35,240,370,1463,39,57,73,73,13,186,368,385,8,6472,285,32,11,141,22,60,228,418,1910,244,571,113,149,34,256,270,69,39,303,7,80,88,42,62,103,1004,66,263,231,79,233,692,116,191,40,25,19,505,64
"COG0375",366,12,5,53,19,5,51,19,24,31,191,44,215,18,33,6,31,103,59,159,654,212,9,13,18,10,331,22,327,221,26,167,19,51,207,33,40,90,54,78,0,23,16,187,9,8,108,156,37,175,202,279,248,174,19,13,134,1,67,13
"COG0376",2907,7816,8254,4982,9519,8535,9595,8596,12110,4863,2712,9902,8578,9400,10003,7577,5580,5550,956,8879,7935,10311,11364,10568,10136,7917,6107,3746,8014,7222,4476,495,5263,5315,8674,4292,5895,9282,6818,373,3993,6144,10757,9161,7985,10514,5593,7931,13468,8732,13824,7134,639,8281,4292,7769,6583,11779,9649,7437
"COG0377",2837,3295,2816,3628,3027,3060,3714,3543,2660,3530,1926,2656,3559,3298,4603,1890,4083,3360,3598,3316,381,2581,3053,2872,2483,3610,3556,4227,2642,2445,3582,4035,4108,4016,2866,986,3536,3612,3534,3771,3670,3838,3091,3373,3567,3443,1221,3654,4398,2976,2675,2754,3972,2872,4082,3521,3236,3581,3721,4250
"COG0378",1320,764,592,1271,562,739,1230,1019,840,789,690,1157,2001,623,1256,41,1103,1682,1068,1596,2159,2150,413,535,318,2184,2676,1219,2977,1449,1089,1145,1151,1310,1719,362,1122,1371,1069,974,164,1157,160,1931,837,400,1360,1750,809,2203,1622,3226,1085,1874,1010,936,1487,71,1450,1069
"COG0379",3701,5568,4961,3763,4419,5142,5129,5260,5151,5156,5510,4869,5197,4943,6844,4100,3890,5407,4692,5436,2750,5153,5029,5558,3801,5502,5415,3812,5471,3278,4519,4734,3875,4333,4217,2240,3340,5269,4752,4493,4789,5105,4586,5532,4951,5255,2272,5579,6202,5396,5916,4938,3975,5405,5759,4728,5038,4106,4327,5832
"COG0380",323,1005,538,1578,1187,646,1194,847,907,686,653,1151,1326,1305,312,508,913,673,352,2486,273,1507,445,2482,401,420,3937,543,1181,1181,410,398,1142,1007,2192,1233,1062,785,1412,570,249,976,294,475,264,273,2634,592,305,1411,1380,1506,399,678,320,1058,1926,150,678,245
"COG0381",5866,2905,3875,2899,4472,3608,3945,4180,3929,3980,7076,3484,4426,4832,4420,5004,3058,3664,3289,3704,831,3383,5308,5235,4894,3914,4721,3095,3435,2169,3720,5541,2938,3234,4440,4283,3425,5008,4554,4837,7157,3818,5034,4785,4221,4394,2852,4422,3340,4652,4523,3553,6240,3649,3865,3871,4552,6346,3185,4240
"COG0382",3823,7951,8424,4778,7784,8217,7995,7519,7723,11306,3739,8222,8857,8840,6904,7287,5320,8752,6376,9037,4193,9369,7812,7816,8288,10309,10116,5406,10426,4304,6828,5771,5645,5754,8197,2389,5224,8843,8325,6166,5887,8254,8213,9221,7132,9150,3223,8740,5864,9899,8577,11316,5184,8959,12697,7278,8882,6610,3073,6807
"COG0383",1988,824,539,846,1322,600,1734,823,308,1292,2009,406,2189,2009,459,219,706,1056,1351,580,150,674,813,181,214,439,533,656,690,438,808,1742,892,496,2625,85,452,1491,1611,1781,158,1145,1034,264,689,516,26,694,851,679,147,675,2035,555,640,842,1914,598,229,531
"COG0384",964,1436,1518,1729,1317,1519,1278,1409,1677,1269,958,1862,1099,1473,1020,1551,1573,1280,1294,1635,2418,1379,1645,1751,2287,1316,962,1583,1300,2028,1486,1056,1619,1525,1477,867,1613,1197,1140,1280,839,1313,1809,1085,1528,1615,3012,1033,1397,1351,1550,1582,915,1070,1159,1479,1371,1300,1021,1278
"COG0385",1885,3297,3519,2344,3796,3604,3819,3435,3709,1742,1829,2993,3842,3667,4073,2384,2208,3016,2879,3119,2912,3221,4703,4085,3615,2646,2720,2027,2841,2667,2989,2669,2056,2249,3918,2844,2518,4454,3753,2567,4459,2886,3939,3657,3353,3541,1770,3611,3416,3183,3682,1682,2041,3352,1523,2896,3772,4125,1742,3452
"COG0386",1314,3557,4243,1761,3438,4145,3246,3228,4590,3617,1135,4332,3641,3869,2873,5573,1766,2611,1743,4239,2538,3897,4366,4903,4664,4365,3752,1697,3714,2317,839,415,652,709,1379,515,673,1190,1167,379,1264,764,1532,1349,993,1421,462,1204,1033,1293,1527,1223,404,1201,1368,1220,1269,1313,812,825
"COG0387",50,1202,669,263,651,698,831,830,56,852,54,301,511,376,149,163,420,466,341,297,154,291,512,25,98,339,231,446,173,240,589,68,530,263,317,106,419,962,676,202,22,933,523,168,478,490,849,372,602,243,63,327,61,205,389,633,492,175,155,427
"COG0388",10401,10340,9323,13992,10000,9413,11101,11146,9712,13272,7810,9554,12333,10903,12139,5727,13114,13254,14423,12181,10099,13794,9757,9715,8628,12581,13011,15064,14554,13386,11583,13403,14701,12931,12026,5735,14059,11814,10428,14828,7542,12591,9230,12301,11544,9842,10734,11413,10465,12215,15001,13703,14661,12006,13699,11770,11181,10090,14529,12649
"COG0389",7975,10085,10506,9198,10272,10397,9929,10403,11020,10487,4947,10890,10700,10667,10513,10188,9293,10027,7172,10674,10296,11592,11123,12438,11380,11694,10891,9128,11214,9022,8458,6921,9462,9840,9586,3899,9136,9933,10174,7321,10176,9222,11210,11179,9744,10993,7694,10628,9656,11195,11117,11791,7411,10933,11622,10030,10198,11133,9006,9463
"COG0390",280,318,216,1072,297,199,263,338,78,282,288,70,168,121,260,433,1035,398,996,113,155,126,183,33,79,102,161,1314,144,710,641,1023,1136,944,174,22,1016,338,346,1253,11,452,187,96,360,122,703,160,298,137,41,76,1086,137,113,447,278,421,505,569
"COG0391",1748,1664,1126,3119,1565,1232,1712,1847,1512,4429,791,1579,2756,2492,2912,159,3265,3275,1520,2854,471,2077,1070,1067,1800,4048,3449,3239,2943,1648,2196,1537,3149,3609,1967,277,2680,2072,2019,1739,1506,3054,1401,2441,2660,2356,63,2604,1729,2721,1325,4031,1866,2403,5872,2005,2305,1684,2919,2959
"COG0392",2160,699,650,2477,583,718,595,832,1100,3130,1758,964,931,1076,1689,560,2434,2258,1682,1837,323,1175,922,416,1011,1904,1800,2253,1881,1544,1472,2067,2261,2368,466,826,2008,1190,589,1713,319,2067,1721,1274,1378,1382,401,1169,707,1492,731,2247,2086,1437,3572,891,745,828,2161,2018
"COG0393",1156,615,599,573,934,626,634,621,573,664,1165,649,425,717,428,607,600,690,752,607,752,366,642,814,828,499,381,709,469,577,678,762,682,494,543,487,567,666,444,753,328,702,849,362,742,775,366,369,887,336,469,471,900,388,554,653,385,898,392,554
"COG0394",2093,2582,2564,2376,2308,2627,2495,2934,1985,3234,1806,2202,2418,2354,2318,2248,2063,2780,2851,3722,2986,2562,2354,4351,2278,2425,2236,2426,2706,3080,2318,2427,2217,1876,3439,1532,2410,3432,2115,2585,1813,2303,2335,2079,2596,2319,2118,2423,2560,2385,2414,2839,2505,2500,2932,3237,2173,2197,2890,2626
"COG0395",1712,9216,12256,9001,8630,12339,12362,10193,10891,4691,1274,9556,11929,11207,10321,10447,9143,7050,8181,7860,1010,11463,10956,10770,10557,9372,11083,9432,9202,5058,9455,6836,8640,7654,13756,1819,7967,10910,14498,9550,10334,10237,8668,13910,9845,9118,7846,12534,7590,11404,15597,7082,6152,10033,4444,9548,15084,9221,3987,6800
"COG0396",3868,5191,5492,4295,5331,5444,5843,5691,5016,4524,3519,4966,5972,5144,6175,3878,4749,5180,4259,5532,2129,4833,6035,4854,4966,4751,5388,4662,4982,3310,4625,4338,4642,4829,5720,1648,4204,5830,5491,3898,6428,5035,5781,5499,5679,5342,1642,5826,5273,5256,4505,4914,4106,5236,4608,5741,5183,6737,4426,5547
"COG0397",1721,7346,7796,4268,6656,7829,6498,6753,8376,8892,1372,8151,7588,7862,5342,9384,4187,5806,2454,7805,5793,7466,6758,6681,7491,8880,8723,3770,8297,4449,1537,342,1694,1572,2195,732,1380,2278,2515,527,2450,1793,2249,2506,2001,2681,412,2670,1969,2814,2987,2949,294,2490,3232,2383,2637,2114,1516,1766
"COG0398",3766,2489,3213,2740,3120,2956,3243,2977,4319,5288,2912,3859,3962,3314,3105,2513,2093,3301,2487,3538,7257,3885,3482,2945,3469,4694,3646,1928,4280,4847,946,798,632,865,1210,560,966,1147,1112,854,946,853,1103,1330,783,1207,884,1303,905,1388,1374,1198,683,1458,1886,1014,1215,1036,1551,992
"COG0399",30977,13088,16516,19259,16747,15658,15089,17103,16913,17383,45452,17765,15364,16726,19113,22797,21204,15082,16993,16519,4750,16344,18554,18613,18178,16615,16556,20853,16098,13681,6698,8220,6239,7372,4240,13269,6482,5687,4774,7513,7360,4678,6600,5762,6116,6116,8089,6038,5041,6294,5772,5163,8146,6710,5885,5132,4721,6501,8040,7618
"COG0400",2918,3529,3923,2540,3531,3877,3883,3859,4216,3523,2696,4143,4059,3622,4216,2955,2732,3821,3012,4322,2128,4013,4616,4586,3604,4053,3895,2326,3909,2512,3012,3429,2524,2941,4164,1226,2301,4257,3877,3358,4341,3769,4192,4123,3461,4030,1185,4236,3393,4290,4058,3582,3309,3949,3992,3887,3867,4110,3356,3574
"COG0401",31,0,0,16,0,0,0,1,8,3,48,0,0,3,0,0,6,13,2,3,101,6,8,3,2,0,1,5,13,72,17,12,6,24,11,96,66,9,2,13,5,15,2,6,10,5,128,2,67,9,6,17,10,14,11,5,3,0,299,6
"COG0402",3084,7491,5156,12920,7050,5323,6804,7374,4011,9960,2500,4647,6403,5803,4521,8878,11315,8144,10843,5526,6395,6337,3577,2287,4828,6242,6101,11967,7508,9938,9439,7462,11860,10991,5284,4083,10488,6374,7060,9348,4274,9827,3390,4914,7284,5322,10094,5999,5541,5857,3053,8940,7044,5912,8571,7542,6497,3833,6936,8039
"COG0403",7776,13634,13706,7079,14304,14174,14644,13542,15114,14573,6596,15457,20436,15348,14851,11916,7807,12053,12959,19474,5500,16529,14940,13930,15283,15333,20203,9338,16922,7548,12610,12554,8712,7005,15375,4635,7801,14732,14502,13406,13733,12350,17256,19743,12117,15858,4760,21788,14958,16746,11591,16326,12270,21281,15645,13880,14962,16819,9104,10125
"COG0404",19571,57101,62538,40561,45642,63607,57031,57043,63259,25603,16118,58150,52459,49829,59777,63919,50326,30199,57699,48947,4425,50839,66494,63167,56326,44594,46129,50750,40948,27681,57260,61645,49511,52962,53358,9409,43033,53360,60676,60734,58483,41829,50704,56819,47604,52595,9031,54504,57927,57351,59045,37973,54342,47547,26034,57718,60293,53839,24417,47573
"COG0405",14741,12584,12623,14779,12740,13097,13363,12820,11665,9426,11391,11438,11193,14288,13916,6963,15269,15459,12042,11841,15443,11621,13786,12210,15267,11835,10395,12633,9954,14213,11847,12612,15740,14351,14067,5148,13260,11823,11257,12494,10436,18518,16206,11522,16504,13603,14257,10091,15580,10633,15303,10379,13937,9904,8676,11757,11960,15827,9742,16209
"COG0406",2352,3271,3109,4005,4566,2981,3738,3725,2942,6001,1701,3520,4870,5247,3892,2031,3671,4742,2688,4919,1270,4256,3045,2938,4150,5740,5641,3968,5172,3111,3302,2507,3665,4048,4659,1726,3449,4110,4667,2582,3734,4415,3927,4640,4429,4637,2632,4649,2920,4807,3168,6016,2791,4408,7232,4347,4738,5327,3027,3897
"COG0407",2639,5847,7515,3688,7466,7415,6040,6372,8521,7412,2232,7908,6953,7766,5719,7537,3716,5465,5695,7533,3483,7243,7886,8663,8102,8140,7098,3389,7163,3843,5710,6705,3665,4463,6022,2382,3571,6222,6523,5679,6124,4674,8001,7191,5989,7958,2786,6844,5417,7819,8149,7340,6832,7088,8096,6490,6673,8231,3621,5556
"COG0408",1850,4531,5529,1955,4610,5402,5521,4566,6737,5824,1687,6382,6277,5742,4835,6605,2159,3761,2281,6372,2774,6176,5898,6404,6132,7005,6029,1859,6187,2590,3202,2316,2010,2706,6072,1787,2268,4842,5680,2151,5214,3386,5961,6320,3866,6001,1781,6101,4879,6594,6813,6562,1936,5911,6923,4807,6255,5085,2797,2887
"COG0409",1210,12,5,175,88,3,41,29,96,146,737,34,29,28,31,7,111,218,214,11,2490,187,14,12,58,15,33,145,243,856,133,334,62,108,29,128,108,55,17,198,2,43,62,27,22,32,844,41,114,146,40,138,426,72,74,24,17,9,234,26
"COG0410",3769,6982,7707,9418,7952,7757,8427,8441,8692,4477,3465,8108,8466,7430,9017,4235,9522,6764,10933,7315,2063,8585,7944,7618,6320,7653,7832,10076,7999,7114,9489,12566,9108,9688,9027,2636,8403,8760,9660,11512,9881,7545,6581,9426,7257,7206,7785,8841,8249,8979,9503,7219,12181,8639,3979,9376,8845,10850,4591,7478
"COG0411",3783,6774,7715,8547,7844,7543,8257,8107,8015,3674,3716,6977,7618,6777,8779,4568,9302,5774,10339,6006,1950,7385,8087,7101,6152,5860,6211,10114,5923,6273,2925,4016,2842,2983,2893,589,2620,2752,3167,3627,3140,2497,2095,2826,2380,2341,2676,2715,2358,2567,2682,1724,3839,2390,1010,2859,2811,3619,1462,2359
"COG0412",4087,4364,3804,7208,3303,3846,3682,4160,3553,1983,4154,3644,3126,3297,5246,2473,7003,5238,5000,3914,2987,3722,4266,3406,2353,2191,3405,6832,3302,5740,4647,8614,7102,6977,3437,1631,5977,3706,3351,5984,2865,6155,3126,3144,4984,2720,4652,3147,4531,2960,5062,2702,7849,3202,1596,3857,3401,3926,4990,5568
"COG0413",3430,7388,8491,4176,6202,8303,7398,7748,7596,5623,3072,7078,7039,6922,7658,5805,4363,5885,4124,7576,2546,6517,7736,8972,7085,6774,7039,4497,5967,3575,5343,3994,4370,4879,7577,2455,4018,7277,7435,3842,9198,6458,6562,7351,7195,6629,1932,7382,6930,7295,7791,6066,3329,5868,6025,7988,7137,7767,4810,6102
"COG0414",1832,3922,5102,2215,4157,4931,4171,4237,5548,5419,1559,5725,5501,5044,4245,4352,2016,4603,2884,6960,2444,5096,5355,5633,4854,5443,5573,1947,5502,2482,3038,2546,2121,2695,6074,1534,2103,5068,4721,2863,6548,3609,4551,5669,3877,4640,1664,5688,3052,5918,6017,5970,2224,5133,6262,4909,5100,4993,2098,3473
"COG0415",2930,17472,19470,1851,22909,18947,18592,17167,21652,25099,3063,20520,23876,23298,16057,15243,1288,14639,602,21353,8321,25217,21231,24800,23821,24914,25461,981,25861,4359,8025,371,2031,2951,21672,5505,2501,19306,21308,403,19644,13585,26356,26471,15748,25416,5006,23744,15847,23560,27197,25275,551,24181,26527,16628,22372,24282,5226,4960
"COG0416",3919,4033,4446,3877,4115,4508,4791,4711,5540,5666,3733,5139,5995,5253,5708,3611,3920,4788,5407,5912,2259,5010,4844,5403,4678,5866,5997,3926,5514,3276,4721,6442,4020,4350,5044,1645,3440,5432,5223,6541,6334,4404,4446,5783,4314,5100,2592,5857,4139,5862,5314,5899,6182,5000,6321,4950,5473,5349,2305,4708
"COG0417",35548,9238,12067,7342,19917,10112,8366,8744,6920,7461,86662,17291,13904,9010,9945,4822,6940,6026,4215,11419,7264,12280,6430,7057,9293,10936,31549,7759,9673,6471,10676,3808,5992,8082,6520,147934,6252,5818,16300,5093,40212,8745,11076,20817,7604,11868,63057,24199,7154,11779,1585,5964,4942,35154,9019,8247,12230,9948,10938,7081
"COG0418",407,429,373,312,508,334,447,361,645,1252,289,567,863,749,277,932,194,705,341,639,900,854,248,346,649,1168,1203,299,1406,533,1354,696,754,1071,2120,1126,887,1906,1965,865,779,1419,1072,2911,1261,1876,700,2574,765,3169,1852,4431,631,2809,5173,1309,2448,838,975,728
"COG0419",21724,3792,2585,5571,5716,2442,2605,3938,3281,2806,50768,6309,6168,2795,6093,1709,5251,4556,3336,5530,6267,5574,2059,3478,3609,4566,17255,4743,4453,6058,5846,3850,4294,5858,3065,59949,4503,1784,6367,4197,6872,4587,3950,10255,4321,4278,34956,10757,3395,5780,866,2836,4467,15813,3929,3690,4635,2487,8127,5511
"COG0420",4873,1211,386,3514,926,484,608,980,302,605,7620,280,311,497,1811,143,3239,2021,1052,208,1280,473,181,324,205,304,373,2968,385,2649,1532,1107,3141,3318,551,5621,2890,506,828,937,760,2065,257,344,1683,392,2685,326,1001,368,145,257,1469,646,492,620,541,290,3943,2491
"COG0421",2726,1151,628,2873,1116,697,1150,1103,983,3745,4755,1378,2415,1523,893,554,2224,2656,2490,1864,500,2229,392,590,1080,2472,2778,1877,3074,2195,1592,2316,2020,2337,1541,1831,1986,1510,1234,2239,863,2045,600,1787,1520,1305,2019,2082,524,2354,714,3541,2065,2270,3794,999,1529,231,2192,2881
"COG0422",4043,2215,1321,3687,1434,1420,1632,1989,2436,5349,1646,2465,3370,2530,2291,714,3591,3019,3012,3644,4834,3213,943,1623,1787,4627,4010,3985,4164,3811,3223,2566,3566,3794,2574,2113,3978,2080,2005,2356,1657,1851,1232,3122,2445,2511,3091,2913,2436,3028,4339,4610,2344,3280,5827,1959,2779,674,4184,3649
"COG0423",6459,7115,7382,5116,6290,7248,6543,6805,5437,4353,7190,5718,4818,5909,7056,3864,6488,5430,4709,5908,698,4064,7664,6066,6879,4946,4261,6642,3380,3170,6128,3777,6708,6036,4493,1297,5968,5903,4986,4110,5356,6491,8668,4723,7343,6674,978,4666,8073,3556,5850,3513,4811,3760,4097,6612,4999,7840,6989,6702
"COG0424",2708,3984,4308,2680,3909,4057,4132,4038,4822,4533,2262,4831,4184,4434,3861,4874,2788,3868,3725,4616,2902,4310,4489,6216,4927,4627,4116,2838,4234,3043,1263,1219,1004,966,1474,492,1042,1401,1461,1230,1254,1243,1700,1481,1238,1537,835,1455,1094,1480,1813,1370,1322,1306,1546,1369,1430,1405,1031,1265
"COG0425",1066,612,516,1280,360,559,430,516,364,451,707,405,308,403,451,559,1217,516,1093,459,778,318,432,462,271,323,301,1311,341,1028,923,1236,1171,1134,452,441,1166,379,433,1118,418,615,250,348,678,281,311,346,582,382,476,361,1309,379,265,523,411,252,1350,932
"COG0426",206,915,536,315,1664,810,1876,975,2476,9078,221,2912,8189,4335,912,3,131,3907,539,6246,225,5373,347,465,2567,7916,9002,106,8955,253,1029,1059,84,736,4175,878,90,3530,2741,1226,31,1416,1476,5177,668,3507,20,6090,509,6441,1936,11251,1424,5825,12170,1726,4289,40,112,419
"COG0427",1901,195,104,964,287,99,399,283,396,808,1446,115,171,257,351,147,509,1130,479,173,6488,368,122,219,272,173,214,495,565,2078,358,656,398,429,257,2022,1016,446,412,383,35,721,104,185,473,247,415,296,527,176,137,401,865,390,280,191,273,67,862,695
"COG0428",2397,1225,1240,649,2067,1371,858,982,1070,2053,3052,1042,701,1334,597,1378,701,666,936,1103,1366,894,1752,1632,1611,975,387,875,611,840,1359,1038,977,798,1160,953,945,789,542,1351,896,706,2364,391,1264,2064,743,613,1208,671,753,863,1542,631,1609,1075,493,1384,1287,956
"COG0429",1429,737,389,1065,824,434,833,577,1233,3317,1026,1170,2052,1442,417,1839,929,1776,910,1502,2685,1980,316,532,1114,2601,2850,928,3129,1962,821,781,806,897,1435,1163,1349,1409,1361,867,224,707,700,1854,585,1303,761,1763,588,2134,938,3636,723,2381,4036,725,1756,121,1916,786
"COG0430",738,512,117,90,101,146,70,152,10,7,693,6,30,33,12,80,80,25,196,1,54,16,2,3,0,3,20,97,19,93,30,210,175,118,12,171,39,23,74,158,119,39,6,13,32,12,298,7,4,31,4,21,356,11,4,231,37,1,39,98
"COG0431",1769,1592,1237,2072,1833,1181,1414,1703,955,2923,1309,925,2022,1735,1500,984,1948,2214,799,1679,4249,1672,1241,906,1601,1910,1965,1839,2266,2998,1546,280,1867,1862,1854,1660,2026,1637,1439,395,453,1886,1731,1633,1882,1767,2056,1800,1710,1470,973,2332,254,1785,2922,1614,1451,1502,3567,1788
"COG0432",1140,615,500,636,719,634,678,739,688,896,1149,671,868,802,753,309,702,691,952,753,442,727,754,691,653,880,941,647,837,569,2525,3806,2118,2098,2440,703,1887,2296,2749,3469,2199,1765,2360,2549,2290,2469,709,2481,1861,2460,2273,2429,3732,2469,3234,1880,2651,2386,1802,2408
"COG0433",7259,1364,684,3701,1942,730,817,1516,404,1130,8619,455,412,698,2404,254,3219,2358,1331,407,816,813,569,214,368,408,280,3109,1057,2676,1833,2068,3378,4483,387,1520,3357,1056,927,1395,435,1850,788,525,2175,963,2943,383,1359,568,395,682,3074,720,761,1024,575,623,3637,2814
"COG0434",82,221,444,569,574,434,693,631,489,324,155,363,655,549,592,247,585,318,216,343,46,325,568,464,497,419,569,559,282,295,479,226,470,487,718,165,356,644,777,297,1207,558,436,653,504,472,241,675,570,541,283,349,216,413,151,593,666,957,280,411
"COG0435",269,309,194,395,495,214,375,268,529,1509,279,493,736,671,130,516,300,567,183,520,1062,604,116,294,513,1011,729,244,903,653,915,413,660,880,2099,667,999,1205,1368,499,349,800,885,1720,921,1746,1579,1862,469,2052,908,3224,373,1813,4746,951,1768,349,1979,567
"COG0436",19138,27478,26156,25375,24858,25785,27692,27540,21692,23279,15343,22393,24728,23827,28901,20789,27219,25706,26465,23269,8375,22563,25240,26611,22343,22598,21081,27128,21599,18524,25859,27772,27359,26809,22916,6967,24224,27016,27222,26415,23615,28061,23675,24031,26984,23965,14006,24778,27308,23085,22805,22613,27502,22251,22343,26122,25956,24758,20082,28971
"COG0437",3065,3217,3121,4163,4413,3321,3355,3484,3489,4203,3348,3312,2588,3445,2734,4583,4667,3377,5713,3270,555,2552,3322,3869,4949,1875,1725,4957,2438,3153,4795,6959,5145,4010,3475,1122,4069,3734,2347,6238,2288,4454,4317,1681,3660,3809,3398,2368,2975,2166,2198,3216,7729,1897,3327,3236,2346,4088,4959,3603
"COG0438",57279,35193,41014,36637,50803,39506,42053,41639,38310,54764,81102,38982,45800,49893,42898,43080,36847,44108,35378,48479,42646,41538,46113,50024,45039,45160,48385,35335,42996,37465,38648,39859,36125,37479,45341,63330,38044,52004,42873,40515,56183,41841,50528,45522,45064,46670,44447,44025,35716,44195,42656,41451,42839,44733,52566,43543,43082,55049,37756,44838
"COG0439",7871,14578,13162,14347,12749,13431,13469,13463,12103,12318,5818,12076,13719,13089,12796,10743,13884,12176,12982,13374,5290,13178,12656,14860,13066,14298,12734,13865,13100,11506,4483,3531,4599,4436,3513,1925,4492,4314,4240,3934,5083,4439,4417,4129,4330,4504,1425,4232,4683,4206,4486,4630,3473,4029,4414,4377,4245,3993,4581,4396
"COG0440",1819,3513,3696,2750,3061,3686,3255,3381,3695,2786,1322,3525,3383,3261,4285,2159,2922,2773,2790,3413,1418,3441,3705,2653,3249,3508,3068,2895,2967,2051,3054,2937,3046,3060,3589,982,2612,3380,3385,2847,4033,2916,2975,3457,3177,3412,1123,3345,3711,3555,3942,2922,2696,3123,3134,3446,3407,3801,2323,3283
"COG0441",11454,15472,15987,11066,14227,16268,15618,15343,14507,14690,11410,14599,15290,15742,16822,13438,12335,13154,12299,14838,5302,14666,16911,13487,16091,16749,14879,12267,14113,8661,13653,12691,12326,12970,15348,4105,10859,15178,15579,12289,16027,13645,16486,16047,14969,16561,5054,15265,16160,15255,16184,13775,12660,14030,16585,15075,15739,16685,11239,14460
"COG0442",9656,10876,11291,9380,10036,11220,10463,10972,10424,10972,9656,10185,11298,11289,11852,8857,10207,10483,10092,11219,4252,10553,12035,10986,11352,12041,11572,10558,11044,7240,10785,10160,10974,10731,10472,3145,9484,11253,10635,9673,10963,10023,12797,11667,10987,11722,3452,11391,10894,10889,11284,11280,10357,10665,12032,10900,10916,12265,10418,10654
"COG0443",15378,20020,19198,15025,21441,19948,21537,18909,19212,27397,24990,20690,24465,23706,20880,18929,16658,18579,15486,22351,11176,23185,18897,18088,20771,25718,22962,16548,23223,12952,17425,15533,16394,17572,19997,9917,15276,20806,19518,15462,29552,16871,19838,20990,18404,23282,9712,22035,21774,23759,19501,25504,15668,21024,32778,19323,20740,19621,16370,18062
"COG0444",2902,3990,3404,9981,2389,3397,3939,4241,1582,1989,1483,2042,2841,2620,4604,1781,9678,5349,7340,2229,1150,2432,2426,1517,1721,1585,3251,10753,1938,5669,6528,6440,9799,9312,3688,829,7688,3534,5604,6895,2961,7103,2202,2649,5598,1882,6374,3051,3254,2018,1672,2027,6308,2196,1100,3837,4964,2783,6126,7386
"COG0445",7449,12386,12618,6941,11435,13163,13100,11686,15287,13151,6737,13990,14868,13956,12580,12455,7631,9894,10756,15003,6700,13637,14061,14246,15634,14474,13395,8080,14000,7212,10911,10730,8178,8107,12914,3975,7673,13031,11956,11358,11755,8868,16001,13406,10862,14892,4307,13721,15295,13909,14947,14339,10199,12374,15483,12411,13041,13495,7412,10167
"COG0446",12660,22715,23077,23813,16066,23524,20732,21536,22401,9464,9790,21200,17528,16956,20260,24921,25034,12790,28354,16339,10024,18172,22318,20899,19090,14836,14999,26547,15579,19072,25101,31583,24812,25197,20273,7537,22081,18509,21710,29208,19550,16760,15743,19997,18450,16873,13564,18269,20354,20632,18387,14981,30013,17430,7530,21706,21393,17729,12464,18586
"COG0447",2007,831,692,1249,1321,735,1226,980,1437,3316,2005,1411,1974,1760,1444,973,1224,1985,2824,1808,164,1870,572,1174,1353,2913,2483,1197,2538,862,1522,3673,1266,1219,1967,174,1025,1552,1484,3338,289,1496,843,1728,1112,1614,246,1742,704,2076,1072,3263,4251,1959,4409,1098,1681,1007,1433,960
"COG0448",1799,798,1412,1287,911,1035,1089,664,1005,4054,1038,1570,2282,1873,465,494,1112,1997,1562,1935,3127,2358,136,532,1180,3270,3612,1030,3938,1659,1146,1410,996,945,1293,823,1025,1475,1432,1719,61,891,589,2213,500,1566,63,2091,408,2658,1084,4577,1560,2435,5265,667,1829,27,790,303
"COG0449",12050,11371,11728,11062,12374,11685,11198,12178,13343,11946,10458,12760,13002,12560,14150,10738,12529,10666,11373,13842,6362,12407,13331,12761,12417,13633,12342,12128,11939,9188,12261,12853,12042,12523,12551,6183,11473,12611,12572,11932,15257,10863,13565,13214,12721,13950,5147,12655,13957,13077,14459,12115,12563,12550,13518,13049,12291,14947,11377,12176
"COG0450",2995,1733,1753,2758,1957,1861,1937,1912,1466,3525,2793,1822,2171,2314,2547,3168,2571,2814,2583,2103,3160,2557,2139,1057,1633,2567,2422,2233,3117,3323,2131,2759,2402,2610,1998,3879,2655,2546,1586,2433,1157,1821,1790,2220,2008,2061,3130,1909,2575,2345,1933,3018,2770,2690,3793,1676,1808,1616,3121,3248
"COG0451",59097,35281,40554,40164,47838,38980,41660,44407,44063,52772,90624,48472,52673,47477,50227,42153,42154,42423,38294,53472,12810,50340,47854,54308,46383,53431,68309,39106,48910,28290,44334,54503,39958,46674,42050,144576,36485,47373,46827,49981,51436,44369,51054,59815,46538,51343,58268,60505,37971,55612,47942,45568,53567,69132,59170,43390,45087,50316,33414,53292
"COG0452",4698,8486,9114,6136,7690,9053,8740,8737,9106,8128,3155,9231,9181,8265,9425,6467,6731,7582,6780,9347,4252,8317,8766,9518,8159,8681,8262,6622,8026,5028,7587,6927,6580,7061,7453,2478,6331,8831,8826,6613,9891,7384,7842,8938,8169,8216,2598,9120,8018,8889,9598,8167,6192,7998,8692,9051,9001,8231,6088,8488
"COG0454",8268,6938,7344,7969,7084,7343,6909,6747,8142,11129,7317,7592,8113,8314,5982,9586,7046,7961,7222,7822,15051,8393,6783,6607,8184,9219,8051,7642,10221,10491,7443,6587,7263,6686,8603,6037,8670,7901,7142,6132,7207,6276,7437,7309,6580,8297,16835,7655,6361,8119,7173,10089,6592,8136,12550,7194,7617,6473,10389,5598
"COG0455",2215,376,297,1929,735,258,651,646,694,869,3509,714,632,568,270,734,1585,856,1298,536,2125,922,442,607,651,533,587,1349,944,2255,1007,1312,1181,1237,935,862,1420,557,980,1115,101,714,336,712,671,470,1690,663,629,813,574,1063,1170,661,572,581,880,268,5051,1231
"COG0456",2844,2313,1816,3694,2055,1897,1909,2153,1848,2301,1826,1892,1862,2178,2670,1367,3268,3289,2341,2082,3779,1896,1627,1506,1750,2215,2249,3593,2053,3339,797,649,1123,1162,727,452,1090,651,729,639,589,997,579,678,925,603,1525,572,706,659,537,735,678,645,800,806,722,606,1365,866
"COG0457",44849,43822,42077,51136,42365,41407,40089,43949,36525,44142,33925,37333,35990,39777,36607,56766,53754,46120,51861,38616,38903,42478,39400,34153,36508,34193,36661,51664,40062,46336,46199,54889,51593,53594,33869,17424,49012,40971,38741,58843,31276,45493,40419,33960,47370,38677,57843,36919,37071,42495,38169,41510,55105,36352,40828,40029,37066,34513,45337,55839
"COG0458",17785,23945,24354,19678,22712,24928,25536,24127,24408,21736,13091,22592,24459,24632,27971,16596,21356,21466,20858,24502,9012,22918,26855,28955,24512,24918,24255,21791,22203,14888,7477,7190,7188,7161,7965,2631,6395,8458,8183,6901,7895,7240,9013,8300,8062,8624,2633,8012,9335,7933,8742,7276,6998,7525,7961,7957,8262,8811,6553,7608
"COG0459",19185,19609,16404,16300,22677,17109,19315,18378,14094,20876,24825,16372,18429,18783,20017,14441,18368,16566,13994,17391,7015,17733,16476,12782,16306,20774,17802,18690,17444,11216,17558,14153,18355,18469,15967,54833,16185,18460,18023,13533,16297,19303,18557,16684,17746,20187,27707,18180,22082,17185,14450,18549,14410,19267,22941,17787,16999,17423,17792,17906
"COG0460",6227,7401,8356,6980,6885,8043,7626,7867,9412,6522,4889,8717,8266,7887,8676,10115,7281,6669,7103,8500,6496,7890,8098,9034,8056,8381,8455,7812,7742,6749,8102,7402,7900,7590,8115,3376,8337,7436,8206,7173,9907,6495,7422,8827,7281,7671,3937,8493,7809,9005,9515,7646,6990,8171,7753,7990,8595,8711,6966,7428
"COG0461",3655,4664,4584,4190,4341,4608,4287,4543,5120,4778,2839,5127,4867,4452,4708,4402,4350,4260,3978,5520,2446,4340,4899,5161,5504,5249,5326,4496,4406,3107,4891,3741,4351,4419,4582,12766,4332,4128,3934,3693,4409,4315,5493,5218,4575,5407,2086,6052,4380,4569,4635,4852,3683,4850,5686,4576,4267,4470,3952,4632
"COG0462",6372,8259,8020,6717,7795,8278,8407,7996,8429,7670,6116,8373,7964,8200,9513,8069,7492,7131,7384,7941,2967,7729,8773,8868,8192,8470,7841,7600,7327,5152,7879,7148,7546,7344,8035,2707,6675,8228,8234,7342,9275,7716,8825,8248,8050,8681,3230,8127,9487,7743,8898,7421,6990,7518,8088,8213,8166,8684,6622,7925
"COG0463",17596,8672,9666,11869,11507,9540,10188,10608,10435,15641,20068,9913,11441,11351,10833,11151,12286,11121,11740,11943,9109,11456,11114,12965,10148,12515,11893,11753,12217,10606,35287,49832,34099,37747,33106,38715,35975,36663,31672,45384,36037,29120,35685,36723,31825,34173,30821,34917,24400,38054,37785,34300,50402,38511,47546,29763,31429,35141,37542,38443
"COG0464",12803,11537,5061,10758,8566,5173,5898,6686,1795,8058,9979,2870,4942,5609,6616,5135,11596,5595,4686,3281,6188,6325,2229,1259,2358,4518,4509,12460,5062,6901,7443,3539,11488,11139,3592,3456,10975,4770,5677,2935,4030,6962,2644,2766,7217,3989,733,3516,6565,5136,1511,6011,3692,3829,8082,5375,4496,1578,14360,8464
"COG0465",8279,18262,18877,9532,21515,18446,19993,15550,18266,27001,9206,18445,24173,23095,17000,14895,10355,16041,12824,19855,6883,21374,15800,15875,18643,25483,26449,9915,25066,9708,13557,13062,10313,11702,20669,8067,9243,19217,19533,13414,26302,13959,17779,20996,13654,20947,6273,21773,17050,23467,17520,27367,12961,21172,33555,16314,21722,18575,9488,12905
"COG0466",8615,13375,14874,11743,12168,14876,12611,12794,15389,8360,8004,15503,12120,12975,14015,15967,12679,9789,14265,12681,6098,13647,16763,16739,14954,11037,10625,12701,11341,10935,13933,15476,12270,11904,12699,7368,11935,13155,12953,14327,26417,10669,16076,12509,12230,13641,7570,12856,14216,13067,15818,9643,14814,13419,7505,12983,12829,14627,14007,12766
"COG0467",814,576,509,222,1764,524,1003,1046,910,5265,727,1503,2623,2245,536,6,240,1921,298,2529,89,2104,511,249,1553,4376,3121,265,3246,299,776,228,312,426,1663,229,167,1900,1724,414,22,973,1442,2055,489,2597,100,2095,452,2738,1112,4665,336,2182,7331,1152,1863,297,255,304
"COG0468",7836,3573,3592,3015,4229,3556,3638,3644,3640,2828,17121,4580,4720,3606,4616,2835,2969,3244,2866,4029,1353,4360,3555,3451,4047,4124,6690,3205,3947,2154,11504,8780,8660,10678,10244,68302,8359,10213,13074,8793,11644,10395,12433,17048,10864,12621,27797,18071,12392,12606,9558,10439,9270,22147,10676,11077,11906,11133,9425,10822
"COG0469",4059,6845,6813,5275,7515,6517,6972,6604,7070,9035,3214,7406,7869,7391,6134,8556,5440,6737,6504,7461,4685,7412,6333,7014,7554,8668,8582,5676,8362,4985,6495,5074,5936,5269,7643,2965,5483,7717,6865,7491,6410,6270,6943,7912,5980,7538,3533,7629,6298,7831,6600,9576,5427,7151,9936,6867,7118,7618,5056,5251
"COG0470",16758,10612,10561,8889,12278,10017,8652,9988,8762,9078,34354,13236,11603,8874,9414,8655,9389,7770,6748,11604,3055,10865,9648,8706,9816,10354,19664,10137,9410,6372,10984,5297,8807,9915,8679,59908,8652,8638,12691,6303,18023,9874,11074,15482,8889,10430,24009,16232,7425,11724,6778,8270,5307,21446,10114,9984,10780,8737,11014,8981
"COG0471",12728,8565,7715,9042,8293,8164,8241,7947,8256,11724,11106,8148,8461,9881,6431,4809,10034,9956,11708,9679,13780,8361,8664,7114,9667,11683,8700,9614,9366,10584,9251,12401,10255,8019,7827,5261,10420,7712,7667,11922,4710,7994,12137,6959,8769,10114,8884,7850,10491,7837,8235,10764,13977,8128,12997,8464,8120,8253,7367,8861
"COG0472",2696,3171,3660,2873,3563,3627,3506,3442,4020,3429,2655,4004,4206,3825,3301,3713,3115,2737,3254,3952,1757,3568,4239,5401,4304,3729,3956,3112,3409,2375,10655,11238,9017,10002,11692,3420,9068,11807,11493,10747,12877,8384,12506,12210,10040,11229,4755,11577,9326,11872,14431,10413,10785,10328,10573,10660,12185,13270,8473,9943
"COG0473",8443,10671,10007,11317,9113,10291,11196,11367,11465,8675,5131,10876,11046,9504,13200,8230,11911,9952,8437,10662,6418,11283,11033,11005,9596,11176,10713,11298,10412,8266,10426,8853,11199,11797,9616,3239,10573,10454,11799,8030,11077,11467,9221,11908,11005,10137,7254,11350,11912,11379,12778,10228,8522,10620,9182,10623,11394,9865,9814,11583
"COG0474",5122,3701,1749,2663,4720,1779,2011,2030,452,1846,6858,611,1329,1519,609,2206,2326,1231,1924,476,5176,1645,638,270,385,404,971,2428,865,2232,648,992,713,834,179,483,647,403,981,829,53,536,291,218,287,326,1274,260,239,282,101,277,1348,254,324,645,435,326,720,307
"COG0475",8787,3962,2085,7744,3899,2396,3635,3903,2484,5512,7741,2615,5444,4775,4637,2367,7932,4346,4584,3594,7785,3642,1988,2055,2301,4510,4844,6025,4908,7296,4757,4225,6783,7518,4606,3167,7250,3978,4237,3702,4649,4036,2474,3955,4937,3311,5463,4250,5077,3862,2027,5232,4607,3924,6157,3750,4259,3464,11642,5977
"COG0476",6898,6593,5638,5433,5750,5687,6019,5823,4987,6552,5796,5094,6108,5232,6248,4443,6307,6231,6099,5583,5523,6079,4977,4401,4392,5674,5588,6189,5795,5757,5782,6154,5936,6071,5060,2557,5769,5832,6208,6411,4607,6280,4643,5430,5870,5149,2785,5626,5323,6203,5560,6103,6031,5580,6734,5388,6045,4325,7179,6848
"COG0477",34051,58321,49935,65344,45655,51265,56902,53565,44945,36604,29828,44420,43005,45811,68939,41644,59749,77860,48833,46362,54550,46906,45546,53022,39829,39752,40708,50777,43635,58327,46405,43018,60719,60946,42656,26501,52718,48476,48729,46953,35475,85560,40448,42309,63844,40428,49391,42669,52885,44790,44572,43622,41848,41281,30362,51243,47358,43766,33437,69303
"COG0478",5,180,92,14,133,108,71,56,6,3,8,5,28,41,15,49,3,25,1,1,3,57,0,2,5,5,19,1,6,2,10,10,2,2,8,3,3,8,116,4,0,60,0,5,16,6,0,16,8,33,0,9,16,8,4,45,34,4,6,16
"COG0479",3460,6672,6789,5681,7419,6988,6760,7001,6509,4021,2608,6030,6283,6647,7785,5012,6794,5301,5488,5876,3052,6060,7834,6741,6340,5241,5043,6328,4821,4300,6178,5187,6556,6291,6291,4369,5763,6539,6330,5601,6610,6269,7716,6416,6850,7150,2390,6149,8300,5886,6419,4422,5305,5662,4075,6414,6384,8006,5511,6688
"COG0480",19442,17148,15322,17938,16684,15857,17770,16769,15597,15343,18001,15817,16917,16702,19650,16494,19376,15796,20387,15947,11130,15482,16711,13016,16396,16548,15066,20572,14687,15445,18292,20530,19742,19074,15063,5836,17430,17109,16875,20580,16365,17043,17003,15310,17179,17908,7719,16190,21885,15126,17135,14964,21588,14298,15886,16697,16045,17467,18662,19130
"COG0481",6753,12019,12920,7981,12024,13198,12880,12211,14451,11938,5890,14002,15030,13369,13345,13632,8838,11236,10599,13743,4837,14884,14501,15053,14777,14766,15403,8718,15530,7414,11064,11448,9124,9849,13783,3619,8296,13807,12996,11172,14363,10312,14135,15883,11538,14538,4311,15126,12353,15273,16046,15425,10788,14640,13778,12927,13726,15136,7225,10865
"COG0482",6013,7327,8423,6896,7343,8187,7610,7751,8864,7221,4937,8114,8073,8162,8215,7341,7915,6885,7966,8447,2732,7945,9324,12511,8911,8610,7940,8068,7796,5524,8489,8204,8003,8387,7337,2287,7569,7970,7720,7872,8600,6339,9562,8436,7183,8806,2685,8061,7410,8234,8799,7727,7657,7697,8260,8084,7923,9535,7801,6960
"COG0483",6522,9097,10115,9373,8782,10001,10043,9680,11221,9159,4848,10644,10758,10457,11313,5895,10032,9681,8934,10835,3735,9998,10850,10846,10380,11327,10995,9452,10097,6862,8846,9332,9505,10380,11059,2842,8590,10074,10326,9655,11429,9654,10910,11636,10200,10498,5454,10672,9518,10747,12306,9864,9047,10397,10441,10369,10637,10524,8115,10328
"COG0484",8810,13226,10783,10999,11327,11215,12363,11320,9828,10153,6843,10432,11068,10910,12890,8755,11998,9431,9519,10394,3782,10242,10415,9170,10082,10306,9434,12298,8748,7357,10950,9333,11850,11879,7777,4719,10646,10805,10108,9251,15807,11139,10305,9198,12194,11196,3396,10337,13223,9935,9512,9341,9246,9271,11272,10905,9570,10967,12980,13187
"COG0486",5194,8463,9584,5010,8158,9240,9309,8403,10428,9790,4682,9600,10540,9832,8845,9804,5535,7708,8046,10643,4588,10015,10508,10418,11034,10394,10367,5441,10759,5190,7807,7945,5554,5910,8497,2715,5560,9527,8674,8296,8249,6300,11289,10354,7860,10415,2860,10370,10269,10496,11213,10803,7503,9841,11446,8423,9597,9910,5479,7548
"COG0488",8621,16027,12400,13181,13243,12294,11266,11356,10502,15368,7572,13196,10913,11483,5472,25201,11195,14302,12415,10463,19365,10856,6720,7540,10741,9256,8434,11099,11483,17116,10642,8286,13115,11420,12451,8293,13164,8430,9764,10884,8491,11341,6410,7278,9757,8513,14029,8977,8009,10596,7329,14916,8001,9060,13410,12692,10115,4917,19089,9233
"COG0489",7273,8949,8737,9425,8831,8732,8587,9410,8630,11062,6260,8584,8413,8525,9316,8206,9517,8934,8331,9009,10243,8348,9307,8911,9599,8562,8389,9037,9010,9721,8697,7451,9982,9123,7222,3823,10164,9367,7886,7034,11199,8172,9984,7822,9020,9487,9081,8858,10546,8111,7509,8952,7023,7954,10035,9026,7728,9982,9484,9885
"COG0490",0,0,0,81,3,0,3,5,0,0,0,2,0,1,14,0,27,47,0,0,1,58,1,0,0,0,0,44,42,11,2,0,36,3,1,0,24,0,0,2,0,0,0,1,5,0,1,0,0,3,2,2,0,1,0,0,0,0,9,9
"COG0491",11409,19929,18663,20723,18928,18753,17854,19106,16630,15183,9213,16609,15779,17105,17417,16932,21106,20849,17231,16522,15541,15094,17369,17080,17403,14969,13707,20205,14074,19463,18457,14912,22542,20856,18868,7925,20013,17252,17756,15773,16816,21409,16819,15793,19142,16970,14244,15280,16367,15224,17036,15351,14945,14596,13133,18993,17100,18692,16063,20030
"COG0492",7812,12978,13612,9330,13058,13930,14566,14158,15263,14230,6597,13905,14409,14823,17075,10909,10567,12416,8251,14507,2986,13739,15135,18833,14698,15552,14202,9815,14003,6935,10747,8714,10411,10811,12349,4866,10027,14604,13062,8533,12901,11814,14844,14494,13531,15686,5645,14237,17144,14092,14743,14035,8456,13257,15856,13342,13597,14821,8928,11766
"COG0493",3028,3988,4202,3303,2443,4229,3875,4059,3556,1209,2097,3918,3395,2751,4003,3312,3482,2805,5875,3589,1400,3558,4036,4514,2690,2605,2925,3541,2742,2405,14127,22232,11101,10910,10539,2808,9677,10228,11917,22693,12643,10043,8962,10900,9342,7940,4607,10296,13714,9942,12866,7011,22346,9258,3435,12077,11823,9723,4753,11183
"COG0494",9807,11448,10422,12870,9281,10554,10282,11057,9706,8093,8512,10066,8610,9528,10625,10817,12484,11006,10794,10606,10541,9394,9915,10162,8829,9029,8488,13107,8720,11740,10939,9496,12533,12090,10327,5513,12633,10034,9509,9309,9597,11998,9326,8827,11585,9168,8588,8846,10298,8845,10065,8413,9912,9003,6912,11403,9220,9511,12237,11492
"COG0495",16100,19994,20744,16106,19269,20486,20290,20624,20924,18273,15572,19482,19972,20019,21619,22922,17804,17455,15995,20351,7057,19615,21407,18708,21266,18864,20590,18301,20037,12187,19062,15238,17596,18489,18685,5328,16320,20601,19628,15425,20894,17920,22307,20216,19693,20884,6370,20220,20526,20378,22132,20001,15529,18496,19225,19918,19799,22501,17323,18876
"COG0496",1403,2908,2868,2191,3178,2921,2902,2777,2885,4234,1355,3393,3146,3254,2283,2848,2190,2929,2906,3358,1744,2717,2860,2875,3243,3634,3190,2551,3456,2136,2736,2540,2564,2195,3353,1044,2552,2944,2821,2642,1851,3099,2990,2656,2800,3290,1681,2754,3023,2731,3177,3852,2778,2808,4411,3043,3128,2905,1583,2525
"COG0497",3237,3854,3564,3959,3744,3504,3320,3421,3572,7516,3280,4524,5394,4234,2099,7419,3727,4969,5068,5087,4507,4515,2503,3401,4826,5179,5057,4128,5536,4655,4477,4993,4291,3665,5838,1939,4063,3825,3805,4968,2504,3586,3124,3859,3183,3811,3086,4502,2146,5018,3615,7088,4891,4020,8070,3695,4434,2662,4582,3208
"COG0498",8425,10480,10524,13387,9198,10453,10845,10862,9708,7889,4789,9905,10568,9883,14211,9586,14734,11267,10682,10346,4326,9376,10393,10907,9167,9986,9448,13972,8377,8443,11720,10776,14126,14141,9370,2645,12261,10210,10641,11177,10369,12271,9729,10316,12414,9868,2599,10507,10265,10089,10930,8335,10274,9394,8584,10646,10441,11052,11434,13701
"COG0499",7758,10673,10609,9347,9955,10723,10722,10974,11161,9865,5536,10920,11567,11067,12248,8306,10293,9169,9708,10795,3253,10347,11484,10248,11314,11297,10214,10324,10137,6507,10795,10084,10201,10095,9340,2925,9372,11184,10330,9613,10626,9641,11587,10892,10807,11640,3713,10990,13055,10228,11914,9714,9791,9693,10739,10785,10386,11811,9164,10106
"COG0500",38056,31426,32154,39027,31471,30627,29388,31850,30147,26317,47037,29098,26998,28997,29685,37069,38750,31783,37542,30368,23123,30997,29176,32124,25509,26142,27009,37787,27710,32127,34446,44382,37145,41182,26959,33944,36072,29297,28186,43365,41294,32276,27592,27410,32828,26514,36120,27586,25178,31792,33417,26803,44115,29928,23875,31430,27409,29818,34328,37251
"COG0501",5236,5208,6298,5234,6299,6182,6327,6452,6276,3844,5961,5509,5649,5882,7312,4097,4647,5442,6971,5834,4814,5039,7616,7027,5939,4300,4949,5286,4335,5672,6158,8007,5060,5120,5962,3401,5009,6758,6109,7481,10093,5487,6549,6459,6286,5867,5093,6251,7120,5597,6550,3629,7754,5486,2960,6734,5574,9221,7032,6113
"COG0502",2502,1550,954,2243,1065,929,956,1245,1011,3900,1224,1290,1616,1809,1394,1904,2146,1831,1639,1582,2500,1628,474,455,1455,2723,2258,2443,2366,2211,1838,1730,1909,2175,1541,1199,2561,1149,1040,1404,1042,1358,693,1448,1795,1569,1179,1484,1308,1739,863,2885,1674,1696,4597,1177,1374,327,2749,2171
"COG0503",3411,3458,3551,3595,3989,3585,3790,3615,3746,3157,4452,3556,3671,3581,3930,2414,3983,3329,3327,3444,1782,3768,3812,3881,3621,3365,3664,3664,3362,2753,3723,3352,3705,3994,3671,4826,3459,3891,3826,3431,2661,3911,3727,3831,3764,3807,2150,3699,3480,4085,3562,3669,3299,3827,3128,3476,3788,3806,3103,3913
"COG0504",9431,12466,12620,9709,11325,12845,12531,12188,12320,12251,7138,12238,14088,12575,13905,8572,10833,11057,9970,13398,4540,11809,14156,11978,13128,13811,12840,11241,12162,7559,11521,10012,11136,11423,12904,3532,9864,12521,12220,10218,13577,11495,13793,13444,12105,13417,3891,13510,12309,12456,13086,12378,10168,11786,13273,12321,12595,13678,10245,11712
"COG0505",5901,9050,9228,6829,8161,9119,9230,8669,8802,8223,3992,8672,8675,8834,9654,8718,7547,7474,7367,8556,3302,8115,10117,9301,9110,9419,8316,7612,7497,5329,8178,7186,7532,7755,7877,2287,7151,9057,8719,7295,9427,7923,9848,8813,8296,9455,2735,8605,9241,8480,9411,7686,7013,7921,9249,8823,8790,9438,6699,8058
"COG0506",6036,4294,5884,5046,4383,5420,4323,3299,4049,3759,4411,4152,3506,4005,2891,11716,4500,3495,5972,3236,8810,3815,5413,4236,5880,4026,2862,5890,3841,7761,5927,6189,5238,3850,3962,4153,5655,4264,3283,5306,6949,3108,5719,3109,3540,4485,5639,3177,6175,3190,3198,3954,6752,3285,3218,3947,3755,4487,8398,3219
"COG0507",6543,3280,3222,6854,3885,3200,3507,3063,4339,6434,7463,5265,5271,4446,1803,8899,5858,5729,3418,4264,12809,7113,1959,3814,4029,4401,6569,4600,8300,7749,3683,3300,4813,5401,5211,3375,5218,3883,3921,2908,6851,2227,2278,4784,2433,3299,8666,4406,2175,6258,3236,7856,3480,5619,6890,3815,4808,1592,4862,5115
"COG0508",8156,20474,22375,12516,20169,22104,21582,19882,21672,15544,7011,22562,21112,19814,22288,19499,13779,16229,11748,19922,9237,21072,24181,26873,21961,19103,18257,12395,18998,12100,14811,9886,13603,13941,20308,6219,12719,21357,20577,9584,25583,17174,21648,22169,17909,21677,9501,21582,20567,21093,22520,17137,9754,19597,15991,20578,21200,23805,11724,16158
"COG0509",2247,2580,2622,1768,2643,2710,2733,2518,2317,2971,1845,2455,2752,2708,2346,2944,1913,2304,2806,2515,1250,2184,2532,2292,2482,2832,2157,2113,2168,1569,2679,3179,2018,1669,2649,1022,1851,2741,2780,3099,2289,2651,2670,2412,2340,2887,873,2522,2358,2205,1994,2260,3285,2298,3064,2672,2705,2652,1884,2381
"COG0510",194,1255,1541,965,1296,1509,1349,1393,1113,433,228,1349,1168,1280,1053,307,1095,502,1148,904,114,537,1446,1269,1558,982,1151,1237,455,632,1264,896,1099,1024,1246,374,907,1198,1445,1390,2714,916,1423,1427,1162,1107,12,1188,1097,960,770,496,885,798,436,1589,1249,2173,464,995
"COG0511",3639,5376,4567,4187,4713,4576,4579,4503,3941,4433,3069,4147,4258,4504,3800,6819,3787,5017,5519,4369,5676,4323,4040,4210,4320,4329,3537,4117,4087,4593,4713,4333,3955,3591,4175,2944,4233,4349,4603,4852,4061,5125,4442,3395,4415,4299,1154,3781,4168,4102,3843,4336,4120,3660,4036,4658,4154,4558,3597,4721
"COG0512",2822,5976,6325,4509,5404,6299,5971,5825,5391,6008,2335,5348,5913,5457,5525,3106,4863,4999,4663,5580,3499,6119,6510,5366,5502,5865,6256,4795,6300,3716,5542,4624,4819,4921,5437,1609,4516,5913,5886,4529,5031,5315,5883,6615,5140,5808,2152,5951,4929,5863,6713,5763,4013,5959,5824,5458,5894,5564,3298,4839
"COG0513",16279,27646,23509,18015,21365,22933,17794,22093,23645,15602,15670,24792,16746,15944,14514,39743,17346,16955,17760,18537,23944,18710,17543,21766,15874,13842,15288,17114,17352,21724,17426,15248,17963,19244,16170,10028,17645,15557,18430,17040,24643,15501,12878,15574,14407,14631,15224,15995,16105,20033,17897,17824,13930,16177,14299,22254,16502,13225,23853,15044
"COG0514",4243,4225,3554,3430,4960,3561,2985,2838,4577,4307,3823,5015,2829,4013,1039,11987,2435,2753,2225,2687,10917,3338,1961,3913,4772,1558,1380,2104,3467,6124,2612,1408,2963,2219,4251,3150,4125,2115,2529,1806,3292,1780,1944,1428,2355,2629,5767,1844,1860,2650,2763,3796,1611,2055,2925,2823,2635,2186,5093,1566
"COG0515",5763,20940,10526,6785,25834,10978,12315,10297,3764,6313,4533,5720,7967,10369,4198,18299,5780,11632,8548,2895,13691,10498,3311,4473,3957,2516,4952,5891,4463,8757,6133,5830,5159,5321,4257,6623,5885,8215,10890,7541,12236,11046,2732,2783,10076,4634,13117,5269,5865,7375,2097,3648,6672,4648,3732,7825,5273,6115,7731,12176
"COG0516",15118,10222,10266,9034,10768,10761,11525,10734,11074,9988,28430,10455,10425,11517,13514,6961,9817,9624,9955,11244,4410,11162,12044,10579,11219,11398,11207,9764,10109,7227,10619,9288,10171,10256,9157,18242,8698,11559,10617,10464,10636,11100,12254,11479,11459,12070,9088,11165,14217,10518,11404,9632,9269,11617,10649,10284,10843,11555,9360,10037
"COG0517",14841,13959,12916,14959,11361,13168,11802,12704,13168,9502,13771,12553,9974,11704,10904,14662,14908,9791,16584,12055,9967,10771,13466,14889,13382,10283,8516,16406,9443,13018,14803,16112,16101,14245,11208,6675,15396,11262,10794,15550,10694,10927,13819,9712,13196,11854,12690,9637,14636,10043,13899,9226,16058,9506,7838,12654,11184,11969,17040,12608
"COG0518",9469,13963,14071,14556,12094,14120,13288,12915,13728,12170,6619,13650,13691,13488,12983,10771,15632,11033,14057,14171,4374,12303,13973,13063,13373,13538,13369,16467,12601,10334,15121,13403,15879,15900,13516,3700,14394,12752,12563,13487,12767,12031,14224,13614,13370,13416,5248,13213,12171,13423,13661,12722,13005,12432,13147,13636,13299,13684,13889,11478
"COG0519",7555,9616,9986,9121,9310,9975,9943,9460,11183,9187,5034,10231,10629,9940,10357,7257,10098,8736,9113,11153,4288,9847,11055,11956,10616,10867,9492,10278,9710,6799,9987,8555,10106,9932,10206,2644,9377,9655,9233,8939,8967,8966,11098,10037,9672,10423,3347,9882,9402,10150,11266,9342,8378,9632,10377,9891,10085,10639,10358,8060
"COG0520",15782,14927,13819,13179,14982,13934,15169,15366,12304,15452,14189,11975,15105,13713,15758,11646,15335,15968,17519,13351,6595,13331,14575,9970,13354,13855,14278,15371,14633,10841,15525,17731,16535,14501,12024,5017,14383,15720,14241,17727,10947,16511,15364,13041,16549,15049,7870,14777,16191,13100,10715,15248,18417,13463,15952,14845,14051,16619,12237,16967
"COG0521",2507,2572,2150,2474,1928,2302,2328,2178,1503,1361,2021,1841,1875,1840,2190,2600,2723,2251,3382,1432,2056,1423,1836,1150,1412,1423,1652,2639,1614,2010,2631,3677,2701,2519,2101,557,2560,2035,2452,3696,2259,2415,1400,1650,2157,1453,988,1712,2165,1559,1328,1515,3574,1545,898,2173,2418,1468,1312,2896
"COG0522",3901,5567,5393,3867,5512,5227,4882,5087,4813,5271,4003,4907,5341,5119,5349,5037,4379,4511,3775,5092,1908,5549,5240,3655,5159,5620,5412,4366,5605,3233,4769,4206,4427,4609,4723,1424,4090,5234,4896,3919,5260,4729,5403,5275,4698,5618,1335,5225,5238,5424,5212,5661,4088,5164,5918,4930,4993,5478,4235,4687
"COG0523",1274,3477,3508,1977,5846,3714,4653,6076,4423,13919,1040,5111,7217,6062,4273,1537,1719,8873,1569,6285,3543,11571,1293,1532,5388,10174,11725,1600,13120,2501,2000,1118,1496,2337,5303,1879,1947,7477,6053,1329,750,6887,2769,6807,4032,6002,3629,7292,2797,11076,5612,15364,1135,7147,16819,3911,7069,2162,1324,2300
"COG0524",11110,14346,15339,14388,14971,15358,15647,15847,16298,14636,7007,14789,15683,15968,15588,15122,15624,13534,12853,15210,8468,14176,15313,16840,16836,16878,15185,15773,13794,11464,14678,11615,16238,15224,15685,3915,15106,14422,15394,13482,14125,15434,15530,16141,15750,15939,8116,15894,14143,14636,15976,14077,11471,13902,16419,15701,15617,16051,14191,13764
"COG0525",15272,19224,20123,14271,17535,20563,19051,19307,18901,18458,15323,18526,21634,18660,21016,15351,16207,18392,16369,20699,7491,19402,21607,17507,19885,21102,21173,16525,19955,11540,17630,16099,16434,16722,19231,5212,14124,19598,19095,15872,20291,18147,20945,21620,18328,20179,6467,21545,20030,20136,20471,19854,16200,19496,20920,19527,18916,21260,14376,18346
"COG0526",15414,19740,19458,17943,20103,18835,18330,19085,18075,21084,14758,18560,19295,20096,18790,22115,19244,18906,18930,19555,10719,19248,18880,19877,19466,19543,18553,18834,18497,15221,18975,18134,19786,18948,19076,9828,18480,18296,18440,17175,20374,17660,20250,18201,19458,19688,10193,18026,18275,19006,18278,19590,17591,17966,22047,19204,18244,19807,17920,19755
"COG0527",9526,10208,9879,11155,8302,10061,9201,10479,10882,9297,6053,10874,11296,9045,11656,10949,11856,8996,7959,11072,9197,10041,9591,10658,9845,10199,11554,11919,11585,10339,10577,7138,11680,11843,9306,4528,13512,9514,9627,7344,11469,8414,8526,11011,9719,9135,5694,11085,10564,11187,11002,11722,6626,10442,9789,10382,10193,9552,16011,10178
"COG0528",3630,3529,3221,3467,3636,3352,3414,3454,3073,4893,3408,3416,3569,4085,3523,3348,3636,3589,3051,3593,1913,3087,3073,2957,4162,4268,4093,3961,3901,2768,3547,2588,3708,3343,3760,1120,3443,3602,3170,2757,2917,3691,3934,3241,3982,4028,1830,3388,4026,3335,3623,4516,2888,3097,5683,3515,3472,3699,3898,3485
"COG0529",2828,2967,2753,2537,3276,2760,2525,2575,3308,4167,2705,2401,2968,3328,1891,2916,2325,2869,2309,2710,1674,2761,2105,1965,3325,3411,3060,2704,3228,2467,2517,2559,2705,2664,2524,2192,2627,2581,2164,2586,1680,2882,2866,2596,3215,2913,2311,2762,2002,2870,2638,3676,2802,2894,4296,2620,2451,2250,2200,2432
"COG0530",5359,5338,4847,4552,4729,4724,4519,4820,4544,6174,4849,4493,5076,5289,4678,4326,4645,5775,4593,4937,6234,4827,4468,4162,5005,5917,6390,4585,5870,5042,5008,4267,4468,4378,4383,2524,4679,4823,4853,4236,4039,4930,4806,5417,5102,4908,3690,5118,4830,4900,4422,6117,4611,4833,6888,4956,5093,4090,4929,5193
"COG0531",15465,5692,4670,9987,5695,4721,5309,6005,2457,5598,13058,3019,3235,4039,5291,4859,11157,5244,8913,3154,7857,3198,5118,2427,3964,2055,2483,12218,3453,9824,8600,10083,10464,8631,3954,5236,10804,5127,3694,9375,4167,5699,4591,2511,6372,3924,5843,3169,7285,2641,1952,3801,11998,2969,2708,5077,3000,6286,11939,6693
"COG0532",11243,15847,15680,11704,16395,15687,15874,15011,17055,14906,11571,16177,16592,17368,17158,16506,13565,12867,13155,16959,1706,14503,16111,13656,17166,15663,13407,13601,13891,7934,15025,14223,14014,14320,15889,4028,12628,16299,14318,13457,16127,13464,17468,14677,15437,17910,6694,15151,15210,15257,17745,15010,13943,13135,16736,16218,15385,17961,13614,15031
"COG0533",6594,8525,8693,6626,8025,8635,9242,8440,8869,7740,6484,8370,8726,8700,9565,7622,7492,7220,6908,8736,3155,8572,9222,11681,8695,8817,8451,7533,8483,5070,7957,6813,7641,7942,7126,2280,6946,8987,8496,6928,8692,7589,9545,8982,8074,9404,1734,8850,9578,8903,9137,8330,6817,8301,8535,8543,8682,9527,7191,7973
"COG0534",10519,13599,13960,10012,11525,13509,11796,12658,13885,6936,8879,13740,10376,10666,11151,15572,10033,10205,10426,11509,15414,11546,14468,14381,12951,10353,9017,9467,9791,11580,10454,9760,11218,10061,10837,5101,11254,10917,12348,10085,13364,10508,13495,11685,10701,11896,8475,11123,12411,11353,13113,9018,10134,10924,6503,13078,11741,13625,10658,9667
"COG0535",13753,2728,2390,6550,3266,2394,3087,3169,2416,5741,17736,3080,3843,3294,3200,4065,6505,4283,9394,3676,3673,4227,2069,2904,2576,4010,4935,6429,5047,5536,6223,17356,5489,6887,3399,7935,6134,3543,3255,16496,2309,3607,1945,3990,3955,2800,5816,4006,2284,4780,3173,4944,18162,5074,5810,2507,3582,1766,4994,7893
"COG0536",4056,7350,8079,4757,7394,7969,8219,7330,8405,7417,3442,8001,8628,8583,8917,7356,5202,6743,6093,8351,3495,8285,8971,8824,8671,8994,8016,5012,7611,4521,6538,6662,5358,5791,8186,2316,4830,7836,8137,6341,8913,6982,8860,8674,7204,8586,2371,8529,8336,8448,9314,7572,6376,7730,8766,7635,8355,9345,4362,6605
"COG0537",6282,4859,4765,4133,4199,4873,4287,4728,4619,3772,8331,4500,4068,4536,4619,3900,4167,3629,4496,4483,2262,3805,5139,5046,4352,4187,3661,4499,3508,3574,4674,5710,4161,4570,4262,2627,4179,4230,4301,4798,5756,4053,5213,4187,4578,4715,2373,4156,4819,3972,4785,3263,5910,4025,3899,4820,4255,5122,5643,4440
"COG0538",2639,7633,8267,3725,7493,8567,8337,8140,8251,7611,2708,7788,9912,8462,8774,6132,4314,6260,5460,9477,592,8988,9901,9634,8477,9538,9727,4583,9434,2981,6420,5938,4380,4543,7371,1903,3976,9206,8563,6105,9019,6162,10127,9982,6823,9403,2506,9948,9777,9019,9284,9297,5804,9100,9153,8497,8663,10254,2744,6077
"COG0539",6538,10384,11691,7319,11595,11448,11408,10812,14052,12027,5801,12521,13149,13239,11548,10263,7941,10409,9833,13091,4167,12207,12629,11512,13534,13498,12419,8152,12191,6758,9492,10712,8243,8852,12468,3741,7282,12436,11465,10282,12841,9094,13082,12480,10710,12753,5201,12556,9460,12658,14920,12717,10192,11447,14229,11738,12211,13048,7120,10173
"COG0540",6034,7547,7561,7375,6889,7669,7592,7567,7423,6678,5454,7217,8550,7778,8628,5814,7868,7044,6311,7443,3499,7801,8202,7867,7414,7472,10999,8063,8259,5281,7390,6396,8073,8055,8016,2278,7247,8045,8053,6183,8203,7180,7873,8148,7283,7577,2417,7918,7733,8557,8138,9010,6157,7407,7084,7656,8661,7908,7357,7537
"COG0541",8368,9325,9183,8854,9025,9056,10462,9577,9518,8959,8104,8967,9834,8887,11260,9523,9846,8816,9050,8808,3879,9840,9508,8563,8994,9516,8832,9511,9470,6605,9651,9517,9663,10196,8355,2298,9009,9416,9169,9036,7565,9093,8609,9402,8967,9775,3964,9674,10111,9956,9973,9653,9003,8986,9570,8919,9315,8695,9485,9319
"COG0542",14117,13139,12928,14644,19810,12898,16011,14136,18628,34261,16630,20440,24398,22688,14185,14843,13140,22262,16496,22570,14204,24773,11378,13999,20518,29555,29955,13220,29914,16847,15484,15980,13478,14685,23370,25446,13427,18662,18048,17585,13500,16325,15736,23535,15382,21222,22813,22550,13008,24700,17917,34649,16887,24698,39925,15889,20746,14187,23768,14137
"COG0543",4745,2571,1534,3593,2001,1572,1319,1562,702,889,3022,787,1035,1281,1855,4497,3235,1918,3658,678,3120,819,972,507,545,450,807,4295,780,3150,3126,4403,3436,3470,911,1846,3339,1039,1658,3843,1993,2242,873,704,2441,809,551,874,2120,595,525,623,4712,741,402,1587,1300,1928,4026,2516
"COG0544",4921,8107,10034,6211,8297,9737,9608,8646,10110,8847,4273,9335,10482,9094,10056,9805,6689,8648,8065,10265,3872,9529,10276,9588,9484,10218,9842,6399,9569,5603,7800,8379,6892,7601,9072,2535,6128,9614,8893,8023,11431,7752,9783,10198,8014,9801,3856,10207,8550,9948,9854,9509,7924,9462,9807,9105,9320,10638,5482,8506
"COG0545",3077,3812,3406,2695,4389,3369,3126,3391,3337,4720,3313,3553,3292,3745,2492,7291,2585,3693,3540,3354,5250,3912,3226,3092,3926,2940,3211,2384,4091,3669,3182,2696,2857,2216,3388,1959,3577,3314,2531,3518,2169,2961,3467,2359,3080,3366,1971,2891,3025,3626,2402,4791,2745,2874,4666,3350,2545,3447,3158,2567
"COG0546",6669,5177,5043,5548,4680,4965,5039,4863,5817,5962,5656,5985,5613,5577,4906,5550,5516,4993,6060,5381,3745,5479,4737,5590,5535,5841,5020,5565,5705,5105,1895,2554,1745,1915,2047,1269,1785,1899,1707,2292,1817,1490,1802,1766,1837,1758,1357,1855,1476,1823,1811,1960,2523,1704,2094,1739,1842,1430,1813,1883
"COG0547",4378,6275,6347,6245,5308,6196,6699,6003,6923,5830,2731,6958,6971,7076,6911,5237,6480,5736,6669,6841,4734,6290,6856,6755,6482,7098,6282,6842,6050,5108,7159,6303,6581,6722,7602,2081,6084,6127,6321,6063,6315,5581,6141,6436,6343,6277,3014,6019,6470,6605,7643,6228,5244,5786,6746,6436,6824,6519,5365,6848
"COG0548",4239,5547,5519,5690,4331,5551,4780,5539,6216,5024,2638,6313,5435,4986,5920,7646,5605,5081,5650,5891,5309,5621,5204,6440,4748,5635,5252,5553,5529,4970,1883,1592,1737,2017,1949,832,1980,1656,1787,1815,2166,1569,1449,1936,1693,1636,922,1868,1513,2021,2259,1800,1470,1890,1859,1780,1845,1589,1516,1811
"COG0549",1549,981,840,1797,798,788,1038,964,270,787,1459,225,510,690,657,35,2073,953,1586,459,268,276,962,127,302,534,431,2286,296,1112,1588,1964,2068,1570,224,266,1826,940,888,1558,351,1101,1594,321,905,797,23,506,1096,144,84,269,2024,415,637,815,594,826,1640,992
"COG0550",13632,17554,20250,11941,18791,20106,19549,18183,18354,17892,16170,19101,20538,19818,19612,20111,12918,16747,14731,19616,9627,19328,21880,20908,19376,20781,20502,12697,19511,10633,15689,15500,12814,13362,19488,7916,11971,19337,19034,14394,30466,16790,21999,21661,17092,20230,6611,20722,18512,19602,19465,18864,15659,20285,19196,19444,19170,22499,11049,15260
"COG0551",2706,622,612,891,633,586,649,510,634,788,2945,596,491,834,672,853,571,1010,656,648,3148,641,770,958,1057,795,542,459,656,1408,1670,3325,1357,2433,1903,2604,2009,1553,1471,2292,1626,2970,2805,1699,2588,2483,1639,1307,2893,1830,1773,2115,4221,1942,1743,1695,1684,1927,3029,3027
"COG0552",6122,6596,6624,6279,6673,6482,7387,6520,6377,6929,6151,6226,7495,6301,6737,5661,6826,6207,6003,6810,3284,6561,6306,6867,5778,6357,6111,6964,6620,5071,6766,6014,6621,6913,6638,1773,6296,7136,6677,5854,5321,6505,5965,6467,6230,6539,2248,6819,6327,6961,6550,6601,5847,6254,7073,6517,6558,6084,7578,6334
"COG0553",27228,11793,7460,9285,15589,7295,8618,6332,5059,6786,78773,6886,7592,9213,5829,6885,6703,7118,4704,3295,13285,8235,3013,5537,4827,3862,8719,7153,5213,10504,5630,4588,5387,7336,9462,168306,7608,5128,8131,5276,16671,10904,3508,3789,6291,3931,206679,4947,4768,4983,2569,4063,5154,14378,4993,5449,6392,6146,14234,6126
"COG0554",5356,6583,7726,5770,6530,7771,7697,7172,7067,3389,4511,7304,6857,7262,7833,5474,6368,5770,7124,6690,5205,5904,8118,8647,7412,5631,9654,5803,4802,5854,6391,7038,6080,6086,8411,2315,6081,7118,7592,8122,8673,6677,7087,6592,6604,6285,3207,6954,8026,6162,6846,4301,7251,5460,2965,8123,8082,8558,6033,6069
"COG0555",55,158,143,582,106,176,135,245,149,173,148,236,48,91,159,63,269,528,276,80,145,53,27,16,142,43,17,308,174,523,190,66,270,357,67,552,301,52,26,177,42,320,15,26,209,67,410,97,120,45,10,69,68,113,80,102,22,6,208,253
"COG0556",7651,15937,17010,9340,14877,17367,16324,16259,16250,14443,6632,15752,18409,16291,17893,12792,10528,14366,11958,16782,5242,16628,18281,20415,16548,17290,17823,10462,17078,8225,12869,12404,10923,11683,16024,4661,9495,16686,16309,12010,16290,14637,17455,18398,15866,17543,4380,18023,16577,16991,17486,16440,12033,16340,15694,16377,16343,17791,8165,14463
"COG0557",5915,8047,7538,6155,9026,7275,6951,6676,8506,15101,5039,10404,9622,10145,2941,13708,5574,7326,7131,9464,6337,10210,5791,8590,10335,10780,11783,6177,12600,6514,7550,5989,6162,6679,11350,3560,6461,7356,8260,6448,6918,4562,7562,9213,5306,8833,5477,8427,4620,11236,8122,14905,6382,9746,16656,7113,9850,5852,6827,4756
"COG0558",4694,5758,5727,6316,4976,5592,4953,5731,5069,4159,3603,5019,4865,4912,5736,3979,6530,5336,6108,5589,2449,4780,6098,5608,4599,5408,5486,7095,4492,5054,5973,7208,6787,6583,4860,1971,5575,5477,5586,7235,6754,5607,5984,5890,5725,5215,1676,5314,5178,5176,5709,4162,7153,5052,4345,5894,5241,6528,4936,5708
"COG0559",4840,9497,9568,12012,9588,9698,11219,10808,11130,6273,4479,10894,11220,9555,11533,5700,12222,9274,12995,9946,2804,11737,9840,10208,7840,10365,10412,12403,10927,8646,12108,14700,10915,12083,11525,3185,10786,11280,12425,13795,11730,9991,7872,12366,9409,9299,11076,11167,10273,12399,12746,10944,13736,11209,5252,11325,11786,11774,5508,10092
"COG0560",3160,3904,3543,4605,3786,3468,3083,3561,2331,2721,2421,3241,2457,2755,2333,5772,3622,3047,5013,2943,3301,2775,2787,2904,2185,2447,2064,5013,2472,4064,4578,6131,4413,3764,2836,2220,3935,2729,3489,5175,2249,3719,2765,2392,3574,2644,1827,2248,3240,2152,3076,2615,5985,2488,1984,3670,3005,3239,4310,3548
"COG0561",2209,2384,1588,2620,3487,1685,2423,2130,1103,1936,2739,2373,3382,2664,2692,1612,2538,2874,1692,2190,1627,2114,1318,555,1044,1565,5079,2234,1987,2275,2153,1187,2466,2180,2401,14811,2722,1632,2210,1354,1281,3078,1685,2988,2731,1506,3012,3799,1837,1929,244,1444,1349,4834,1565,2655,2231,1648,2693,3162
"COG0562",318,669,403,181,684,416,459,344,543,513,728,453,482,425,399,236,277,317,182,620,268,700,434,755,543,742,1000,120,639,222,234,244,203,197,290,2550,179,450,482,183,890,353,536,1045,300,539,336,652,248,683,637,426,280,823,750,380,477,506,217,360
"COG0563",3797,4653,4631,3251,4891,4660,4470,4502,4581,4387,5868,4535,4694,4627,4446,5838,3379,4413,3929,4850,2866,4284,4975,4650,4677,4595,4049,3334,4148,3386,3988,4162,3583,3609,4523,3167,3331,4634,4430,4387,5044,4262,5270,4322,4186,4830,2828,4565,4066,4232,4780,3951,4332,4064,4710,4542,4318,5152,2941,4127
"COG0564",7069,11983,13504,7525,12584,12848,11831,11234,13565,10224,5959,13195,14030,12669,10780,17336,7676,10359,9078,12255,9122,13785,13674,13533,13457,12244,14176,7911,14085,9628,10108,9009,7834,8627,13754,5321,8145,12828,13041,9104,13477,9260,12999,14138,10528,12102,6220,13559,10232,13781,14535,13424,8476,13568,10379,11763,13838,12711,11619,9833
"COG0565",1724,3874,4388,2125,3663,4308,3980,3568,4444,4279,1675,4140,3864,4035,3435,2753,2170,3065,2390,4278,2115,4483,4327,3196,3981,5077,4227,2210,4164,2352,2921,2511,2248,2636,4093,1123,2113,3802,4192,2525,3776,3053,4257,4587,3055,4295,1595,4079,3442,4589,5033,4098,2144,4296,4803,3615,4127,3735,2199,2808
"COG0566",4913,7275,8387,5231,9055,8144,8137,7961,9045,11809,5664,9329,9979,9328,7955,9294,5686,8596,6321,10064,4862,10160,8955,7625,9622,10311,11301,5918,11470,5796,6850,5746,5956,5774,10443,3208,6114,10052,8788,5702,8920,7197,9651,9837,7221,9472,3669,9896,8092,10583,9036,12742,5620,9739,13463,8687,9239,10611,7056,6570
"COG0567",3948,14745,17780,6869,15624,17682,15618,14653,19446,8628,4246,17982,14861,14962,16288,17454,7400,8915,9483,14140,6004,16200,18989,16913,18935,13187,11651,7109,12999,7068,12236,9336,7168,8351,15932,4910,7220,14874,14419,9473,16753,9955,16349,15658,12802,16763,7442,15357,15511,15851,18858,11340,7672,14281,8324,14778,14480,17925,8393,10028
"COG0568",13752,16193,18275,12601,18024,18061,19494,17203,22120,25172,15896,21175,24620,23474,19116,17182,12273,18633,15555,23092,11736,21697,18945,22118,21335,26506,23487,12641,22460,12881,15565,16490,12439,14450,22583,15644,12230,21376,19944,16188,19276,15802,19397,21924,17733,21846,12771,21896,17246,23288,23423,24615,15512,21077,29363,18019,22543,18750,11971,16506
"COG0569",6380,8075,8785,6215,8340,9030,8034,8549,8755,7205,5559,8630,8378,8679,8014,8175,6924,7790,8810,8792,5039,7658,10451,9056,9418,8735,7593,6973,7735,6069,8424,9314,7046,6628,7928,2835,7227,8587,8364,8822,9337,7547,10427,8244,8343,9148,3247,8125,8028,7950,10397,7193,8905,7804,7575,8546,8283,10760,5156,8366
"COG0571",2425,4152,5965,2854,4830,5537,4249,4141,4719,4469,2065,5062,4496,4535,4250,5017,2987,3802,3439,4897,1748,4379,4650,5128,4391,5040,4510,2900,4321,2628,3488,3523,3040,3293,4520,2700,2896,4343,4294,3463,13031,3513,4397,4711,3673,4383,1761,4844,2801,5073,4980,4469,3447,4701,5016,4318,4427,5812,2789,3699
"COG0572",1651,1071,877,1629,1455,920,1021,989,442,986,1662,602,1343,1106,674,1355,1858,1377,1607,770,1569,1367,1028,735,770,804,1978,1944,1848,2050,1399,1600,1694,1413,1400,656,1675,1435,1180,1633,509,905,1075,1305,779,795,969,1204,982,1334,706,1961,1695,1304,1322,1031,1316,1339,4150,979
"COG0573",270,4967,1936,1152,1219,1832,3693,8770,1521,4244,242,1749,4865,2111,5839,305,784,4596,528,7710,461,6223,1469,5735,1465,4385,7803,571,6398,857,619,250,744,1337,7562,726,653,9495,7072,534,2763,7149,1008,6388,1380,1957,2288,4749,1405,7811,2756,6671,277,6154,5404,8775,7834,584,1104,1452
"COG0574",22927,15963,15161,17594,16125,14926,15650,16245,12728,7807,21297,11001,14068,12951,19734,8981,19587,13199,21463,12191,6246,11377,16503,13796,11977,11270,12057,19426,9815,13073,6170,8550,6263,6363,4227,1748,5843,5118,5159,7391,5789,5109,5555,4890,5730,4669,2720,5065,6399,3987,3897,2549,9254,4149,2576,5520,4320,6704,6641,6032
"COG0575",2921,3970,4498,3216,4687,4189,4079,4074,4416,5371,2713,4081,4352,4692,3546,5590,3356,4345,4194,4774,2335,4007,4677,4751,4933,4864,4366,3467,4251,2953,4143,4540,3435,3426,4531,1418,3288,4739,4224,4322,4983,3983,5138,4232,4199,4802,1837,4112,3155,4384,4243,4532,4458,3970,5725,4315,4493,5303,2996,3870
"COG0576",3185,4668,5194,3618,4505,5122,5022,4854,5057,4348,2602,4744,5381,4701,4934,4597,3908,4272,4376,5382,2029,4559,5011,4636,4813,4634,4554,3869,4320,3013,4578,4422,3810,4275,4842,1275,3553,4947,4553,4135,4837,4289,4986,4592,4612,4746,1557,4978,4388,5062,4827,4580,4025,4121,4557,4695,4542,5062,3286,4742
"COG0577",13449,9665,9862,8550,13192,10118,11282,11076,9180,15458,14518,9862,11292,12342,10505,8654,9133,13629,10662,11305,14040,9646,10103,7556,11306,11650,12300,8651,12111,9042,9882,10072,9834,8128,9502,4925,11555,11185,10634,10025,8032,11710,13371,10497,11905,12621,10487,10900,11690,9141,7301,13067,11667,10072,16212,11875,10414,13783,5550,11803
"COG0578",783,917,1104,1255,1230,980,1161,939,1029,825,582,1096,1124,1326,628,1246,988,849,1131,1140,968,925,937,2330,1339,773,2379,1030,883,1407,3086,2905,3103,2350,5388,2652,3412,3280,4204,3123,5662,3125,2796,3352,3027,2630,4514,3008,2632,2638,2543,2752,3396,2421,1774,4292,4431,3624,4721,1824
"COG0579",3482,3334,2953,5560,2930,2957,3099,3724,3452,7015,2877,3821,4786,4151,4287,3075,5055,5208,4418,4529,2189,4893,2182,3024,3482,5575,7326,5536,6993,3510,4383,3568,5140,4970,3407,1712,4549,3849,3622,3724,3248,4389,2846,5370,4503,3955,1841,5001,3030,5131,3790,7381,3467,5273,7677,3569,3979,3065,4024,4649
"COG0580",2255,3793,3182,3469,2704,3298,2389,3262,3177,1576,531,2500,1853,2284,3472,1257,3481,2390,1437,3458,1225,2192,3288,6332,2441,1641,1273,3491,1698,1860,2590,1038,3726,3527,3898,722,3137,3876,2004,1243,2130,2686,2459,1505,3316,2238,291,1911,3492,2008,3898,1389,975,1918,1363,3578,1747,2564,3573,3068
"COG0581",1710,4504,1819,1480,1256,1770,3277,7767,1431,3917,1123,1530,4460,2018,5701,418,932,4864,499,7928,3379,6000,1443,5704,1524,3827,7666,628,6404,2342,650,351,797,1415,6908,1673,1264,9522,6647,468,2646,6738,942,6040,1436,1849,3294,4632,1769,7016,2476,5946,321,6224,4660,8712,7154,580,2061,1536
"COG0582",25574,5517,5649,19396,9210,5684,7299,7531,13411,17503,30673,12037,8867,10043,7304,10315,14760,13443,16299,9649,38442,14016,6604,12926,9475,12879,13290,15988,14681,27779,13076,30174,14838,13682,8934,76161,14571,9455,9833,24389,6960,11008,8185,10379,8407,10647,65160,9656,7226,10291,9380,12207,28819,15613,19483,8962,9615,5817,20489,9805
"COG0583",32829,10606,9386,23221,9844,9243,9742,8623,15470,14800,25058,13155,9986,9919,8336,25642,12618,16225,14622,9269,86771,13895,7715,10301,11858,9937,8719,15894,17624,50164,12026,10704,10712,12412,13088,33536,22920,8626,10278,10797,9667,9628,7036,11537,9452,9240,59313,9995,14814,11057,12069,14276,10463,15700,10121,9710,10929,6629,38911,8818
"COG0584",4176,4344,5377,6364,5002,5297,4708,4960,4344,2606,4056,4575,3988,4423,4865,4174,6184,5031,5816,4692,4708,4126,5489,5339,4841,4052,3768,6147,3635,6021,5402,5147,6058,5374,4511,2895,5863,4704,4820,5586,6594,4797,5602,4391,5038,4428,4775,4590,4539,3846,4369,2974,5361,4043,2416,5635,4191,6541,6081,4467
"COG0585",3016,2060,1068,2520,1353,1119,1280,1579,195,1296,2095,307,506,672,1291,1205,2553,1461,1360,580,2877,584,674,185,361,418,385,2948,485,2190,1847,732,2478,2439,258,1093,2848,1222,1106,838,207,1975,882,447,1564,822,604,510,1632,332,119,479,771,509,616,1099,763,339,3445,1782
"COG0586",1141,1158,852,2134,727,930,952,775,766,2270,737,987,1423,1386,1041,505,1867,1114,521,1523,555,1444,719,1146,1196,2236,1468,1747,1635,1231,1112,190,1710,1780,1228,661,1841,998,905,324,497,813,882,1146,1171,1212,623,1109,858,1266,1364,1907,212,1313,2821,903,1287,501,2548,931
"COG0587",33036,22600,26300,21087,26882,25781,24663,25212,28494,24351,48924,27792,25801,27375,26168,25389,21280,25862,24849,27900,18440,25819,28386,25174,29949,27856,25374,20795,25009,20325,24163,27119,21976,22338,29991,55791,20079,24973,24523,25029,28445,23181,30075,26770,26243,28054,26426,26068,23725,25862,27866,24503,26654,28309,26287,25752,25526,29745,20166,26130
"COG0588",2349,3874,4703,2207,3518,4543,4087,4063,4049,1769,2160,3620,3604,3548,4200,2056,2629,2978,3000,3930,1186,3537,5569,3864,3636,3331,3260,2535,2726,1890,3317,3353,2712,2655,3436,826,2391,4219,4239,3256,5499,3158,5280,4202,3598,4369,620,3919,4249,3552,4461,1727,3001,3315,1851,4258,3969,5355,1396,3896
"COG0589",6302,2407,1593,4900,2964,1680,2714,2377,2006,4322,2965,1893,2794,3385,3302,3006,4816,2852,4715,1478,6467,1638,1534,1435,2261,1184,1279,5171,2232,6103,4364,4670,3823,3880,4590,2543,5501,2501,2785,4876,764,2831,1479,1438,4126,1637,8348,1546,3381,1562,1523,2297,4294,1842,1689,1559,3355,1055,8520,4564
"COG0590",2111,2904,3579,2780,3278,3425,3685,3136,2776,3063,1886,2718,3333,3667,2851,2523,2888,2696,3229,2750,1620,2946,3519,2471,3530,3010,3428,2920,3039,2435,3304,3002,3037,2828,3829,1386,3006,3274,3440,3323,3116,2634,3579,3280,3233,3406,1527,3437,3148,3377,2690,3411,3239,2714,3307,3001,3666,3702,2514,2821
"COG0591",30651,12856,10805,17251,11060,11152,12400,14316,7663,10522,26052,7176,7574,9180,14399,14347,19355,16911,22330,10432,30157,6687,13763,9302,10292,6587,5492,19659,8199,22492,5504,7773,6341,4917,2990,3388,7166,3941,2500,7368,1871,4850,5149,1552,5247,3412,4235,2769,7286,1736,1882,2509,8521,2844,2687,4233,2209,4231,8369,6160
"COG0592",7737,9670,11587,7728,9906,10946,9302,9536,9724,8442,7699,9967,10833,9863,9484,7154,8383,8446,8327,10228,3907,9096,10543,11476,9829,9477,9551,8616,9048,6289,9018,8501,8416,8966,8766,4463,7974,10271,9410,8310,20632,7931,11014,9901,8962,9696,2988,10154,8642,10026,10165,8883,8314,9172,9038,10199,9981,11727,8018,8885
"COG0593",7358,12009,14825,8631,12339,14495,12279,12822,14995,11894,7013,14164,13660,13630,12214,11668,8958,11205,11657,14187,6491,12774,15907,17442,14592,14775,13128,8976,12142,8409,11565,11979,9380,10493,13297,5060,8759,13957,13479,11659,16915,10864,15924,14720,11770,14199,6949,13932,11179,13788,15892,11929,11676,12653,13344,13968,13819,16472,7482,11921
"COG0594",567,571,569,689,396,562,462,482,526,353,416,493,371,429,545,1333,533,742,751,456,1366,425,405,293,453,431,293,560,425,943,589,614,611,642,428,435,598,293,336,700,368,667,374,352,630,398,298,375,460,455,444,491,590,397,263,465,391,291,582,802
"COG0595",5917,5633,6284,4329,5627,6270,6684,6328,7883,8005,5944,7602,10584,7251,8446,4027,4556,6936,4135,8677,3236,9198,7410,6675,6917,10045,10655,3887,10777,4125,4979,6013,4140,5997,8174,1420,3780,8091,7724,5078,6798,5768,6318,10200,6276,7756,3145,9979,5932,9982,8817,10370,5781,9276,10132,6769,8336,6588,4979,6315
"COG0596",19642,39278,40286,41686,31935,40419,38045,37860,38314,34340,16201,39827,33622,35128,34471,40526,39964,40327,32144,39180,25983,37601,36169,35382,35238,37952,33999,37179,35843,35951,33785,27707,40512,42663,35843,15627,36405,35004,36342,28147,32995,42761,31960,33898,37163,34222,23343,34667,36790,38574,39337,39031,27173,32186,36056,39509,36505,32996,29098,35754
"COG0597",2036,2245,2877,2432,2314,2770,2203,2463,3130,2832,1999,2809,2409,2377,2596,2437,2223,2578,2662,2726,2590,2760,3122,2543,2793,2750,2755,2194,2817,2573,2562,3039,2214,2411,2807,1025,2129,2616,2714,2860,2599,2269,3138,3215,2542,2633,1769,2729,1856,3009,3327,2524,2731,2790,2827,2572,2675,3115,2046,2616
"COG0598",1310,520,176,603,276,158,159,271,155,566,1186,65,64,139,129,134,448,294,407,56,1909,166,121,97,78,46,24,625,234,1337,271,331,670,788,354,989,1094,384,110,371,217,189,121,94,151,101,2971,135,207,92,122,178,753,312,176,415,69,53,2224,335
"COG0599",376,861,678,1569,573,708,756,859,692,666,590,884,528,498,649,1404,1419,1405,911,871,1463,661,340,699,341,458,418,1145,675,1266,879,850,1427,1501,777,501,1108,601,581,695,281,1495,212,539,957,363,1330,563,426,706,729,844,737,577,403,833,499,253,642,1041
"COG0600",3189,5665,5405,7732,4569,5510,5142,5788,5657,2800,2810,5894,5261,4119,6148,5305,7347,5192,6183,5231,4065,7106,5100,5818,4426,4084,5308,7552,6572,6173,6041,5882,6622,7134,5693,2634,7045,5217,5734,5712,4804,5460,3916,6126,5014,4469,6650,5555,5347,5805,6535,5137,5368,6051,2152,5958,5315,4760,4700,5443
"COG0601",5535,10143,9228,16096,7646,9554,9582,10061,8487,8556,3187,9527,8556,8911,10363,7872,15434,11731,11885,8571,4737,9873,8164,5695,9054,8799,9766,14375,9750,10749,11295,9611,15380,15704,9752,1984,12522,9047,11373,10968,9125,13245,7111,9184,10852,8333,15232,8949,8049,9656,9110,10618,9325,8605,8576,9673,11123,6571,10088,13225
"COG0602",4241,2298,1975,3308,2692,1930,1865,2350,2167,3749,4279,2736,2763,2269,1999,2520,3358,2475,2414,2919,1854,2263,1902,2023,2129,3217,2701,3871,2771,2527,3171,1687,3461,3323,2024,4800,3491,2031,1636,1866,2021,2013,2570,2246,2290,2753,6510,2508,2468,2293,1373,3112,1540,3147,4152,2261,1826,1701,4519,2589
"COG0603",3503,2241,1651,3297,1773,1717,1597,2065,1124,3186,3674,1741,2840,1867,2015,2014,3305,2836,2311,2445,1745,2222,1738,1151,1495,2599,3119,3610,3203,2528,2789,1774,3270,3246,1613,1428,3210,2238,1670,2100,1518,2005,2331,2224,2212,2056,3176,2473,2522,2254,1065,3462,1732,2951,3771,1988,1867,1492,4301,2778
"COG0604",13036,20482,18261,20671,16265,18672,19225,19673,18422,10196,8594,17561,15363,16350,19112,15844,20635,16856,16742,16151,15445,16028,16578,18553,17016,15676,13452,19648,13438,18554,17597,13654,20705,20187,17033,8269,19727,16383,18303,15072,18676,19765,16774,16841,20041,16797,14513,15870,21204,16082,19343,13264,12955,15136,8817,19181,17357,17582,15351,20124
"COG0605",3358,1745,1619,2034,3067,1587,1559,1676,3601,1989,3588,2098,1431,2644,1649,1446,2060,1510,1287,1593,2625,1873,1846,2686,3183,1824,1156,2223,1741,2303,1937,1312,2134,2059,2003,2959,2553,1478,1249,1099,1187,1685,3290,1685,2830,3187,3052,1397,1663,1444,3130,1520,1630,1836,1954,1559,1226,3228,3079,1789
"COG0606",3725,403,110,1945,1101,177,737,351,658,1402,3326,910,1011,1244,233,2114,1332,936,2637,218,3483,582,129,786,514,244,221,1560,838,2875,1332,3540,1818,1694,1751,1439,1662,703,785,3269,322,628,143,264,684,318,3757,369,596,384,410,740,4539,528,556,331,1104,96,3105,601
"COG0607",5400,6789,6942,7185,7656,6831,6870,6791,7296,7800,4160,6994,6307,7271,5319,8517,6491,7685,6253,6903,8222,6375,6379,8456,7402,5588,4869,6490,6537,7628,6264,5341,7078,6597,8151,3863,6724,6484,6364,5431,6027,7423,6655,5730,7352,6659,5587,5614,5968,6171,7645,6677,5379,5534,5816,6939,6410,7440,6251,7005
"COG0608",9090,6602,5991,7280,4552,5699,4901,6118,6751,3944,8490,7169,4760,5185,7213,9629,7380,5784,7398,4406,5112,5058,4389,6450,5316,3768,3201,7867,4211,6226,6795,9016,7796,8182,6619,2265,7120,4438,4575,8206,7455,5774,3682,4122,7318,3814,4233,4518,4951,4991,4324,4166,8825,3980,2770,6438,4970,3657,8316,8152
"COG0609",1222,698,1293,2305,3556,1361,1466,1560,3979,5109,1228,1638,972,3996,1940,2413,1776,2834,1264,606,3658,1449,2803,233,3789,4009,364,1495,1466,2901,1952,1022,1494,1449,679,2381,2199,784,585,1150,180,1832,4526,797,3922,4450,8085,1176,1870,979,1897,1476,1160,2231,5664,957,525,3510,2752,3089
"COG0610",6285,795,676,3861,1586,764,887,877,2493,4322,5071,1155,975,1879,1351,1290,1829,2650,2253,902,12138,2130,931,2171,2061,1925,1401,2057,2982,7121,1723,2336,1489,2009,1059,4703,3783,1580,1043,1725,1623,876,1308,1129,1978,1814,8849,1066,1549,1208,1084,1756,2349,1923,3120,981,1072,1266,3914,2507
"COG0611",2676,4848,5283,4255,4038,5084,4101,4110,5655,4914,1199,5292,5242,4933,4200,5613,4207,4160,3442,5624,2436,4696,4954,4807,5428,5062,4845,4263,4738,3008,4439,2373,4311,4544,5379,1465,4294,4440,4429,3268,5393,4016,4660,4759,4528,4820,2036,4434,3384,4934,6230,5116,2138,4250,5571,4025,5032,4729,4037,4364
"COG0612",19669,9460,9277,9832,9930,9343,8659,8895,10400,15250,19343,9987,8398,10902,7747,16008,10844,12774,12955,9407,22927,8862,8956,7669,11327,9390,8785,9327,10957,14919,10156,16118,11298,9010,9862,5100,12290,8317,6561,16237,7208,10092,12238,6830,9629,10151,10129,7682,10151,8397,7606,11742,18616,7800,15440,8739,7609,8884,14568,10438
"COG0613",2416,1225,962,3112,1504,945,1379,1694,958,2095,1432,1187,2066,1674,3057,1677,2808,3495,1530,1638,2196,1751,1019,989,1112,1856,3066,2674,2708,2251,1886,1563,2522,3100,1642,834,2407,1606,1781,1546,2283,2885,1173,2266,2495,1520,279,2143,1677,2207,753,3019,1622,2106,2695,1405,1866,1646,3336,3404
"COG0614",1401,2464,2203,5354,3796,2272,2329,3258,2306,4588,1316,2026,2026,3045,3809,3408,5262,4007,1441,1884,3215,2584,2542,1244,2217,2831,1869,2501,2241,4148,685,404,1749,1772,666,650,1238,747,833,380,977,1173,1176,790,1364,1121,2219,735,1007,717,484,761,390,872,1512,858,686,1376,1501,1559
"COG0615",755,518,418,441,478,377,314,456,323,335,850,302,269,373,406,467,537,316,384,275,319,263,446,246,389,291,219,549,159,383,1414,1053,1539,1568,546,3324,1402,995,910,1238,1380,1051,1553,759,1414,1230,558,895,1120,778,713,558,1095,1035,851,1259,725,1302,1702,1264
"COG0616",6295,6916,7870,5458,6917,7940,7509,6761,8473,6823,5182,7898,7124,7934,6658,6899,5195,6168,5396,8103,6545,7769,8225,10426,8893,8233,7072,4687,7526,6399,5705,5515,5040,5482,7477,3655,5428,7297,7079,5669,6476,5678,8342,7575,6736,8211,4877,7210,7377,7600,10242,7559,5336,7551,7115,6901,7739,7786,4700,5669
"COG0617",9353,10825,13026,7771,11666,12557,11650,11194,12110,13164,14739,12909,13511,12826,11080,11973,7893,11432,10380,13840,7218,12670,13416,13853,13178,14188,14697,7921,13694,7902,10587,10016,8103,8901,11641,10914,7558,12723,12403,9533,15255,10178,14065,14274,10005,12839,3643,13690,11085,13701,12263,14052,9549,13364,15301,12297,12610,13853,7963,10051
"COG0618",3281,2306,2470,1147,3708,2335,2382,2786,1422,2801,2442,1664,1783,2152,1625,2058,1521,2240,2732,2034,1025,1071,2831,2123,2232,1502,1483,1727,1138,1497,2310,3938,1854,1060,1804,917,1493,2815,2269,3315,2107,2678,3515,1485,2278,2731,609,1781,2181,1069,1079,1296,4325,1383,2054,2678,1780,3414,1956,1942
"COG0619",356,460,567,367,912,584,793,681,962,2656,348,850,1982,1511,574,4,326,998,349,1403,104,1473,617,526,1121,2359,2534,288,2248,234,185,186,97,149,466,107,72,452,493,269,812,162,309,675,166,460,266,645,150,669,241,848,253,578,1164,344,516,374,67,109
"COG0620",3725,2825,3491,8733,2977,3569,3789,3276,3328,2407,3427,2631,3074,3557,3191,3315,7701,3568,6316,1835,3475,2922,2608,1607,3586,2708,2540,7250,2835,6296,6242,6908,7703,8191,3088,1639,6722,2708,3092,6890,2443,5170,2700,3937,4415,3014,653,3521,1955,2725,4448,2241,6033,2656,1716,2511,3173,2494,4303,4373
"COG0621",11700,14750,15497,14734,15274,15543,14869,15195,16020,13796,10200,15769,17885,15617,15299,14513,15889,16180,15977,17253,7769,16001,16125,14897,16280,14529,16823,15742,17541,12174,15770,15581,16015,15332,16095,4823,14274,16578,15287,15744,13505,14462,16388,15635,15513,14895,7973,16877,12873,17353,16546,19036,15452,15358,13854,15647,16396,17598,15616,15002
"COG0622",286,508,469,872,330,438,315,520,362,354,151,340,282,347,606,995,813,914,696,434,107,603,404,533,469,287,290,652,258,527,673,709,933,940,416,233,571,315,310,694,368,896,370,301,599,362,9,281,309,326,633,259,631,246,249,397,294,485,215,949
"COG0623",1404,5099,5643,3089,5954,5885,6205,5801,6725,5525,1318,6397,6744,6503,6251,4697,3480,4925,3844,6219,493,6218,6056,6878,6843,6804,6269,3438,6413,2444,4658,4079,3560,3904,6683,1322,3083,6233,6018,4205,5465,4990,5825,6729,5458,6575,4044,6517,5725,6904,7433,7057,3702,5914,6094,5805,6298,6374,2844,5069
"COG0624",6148,6696,6383,7061,5265,6301,6336,6608,6066,3464,4865,5515,5360,4990,6444,5094,7486,5432,6909,5125,4345,5583,6132,6563,5582,4463,5770,7487,4733,5729,19893,21848,22846,22129,16975,5976,20707,16667,19937,21681,18283,20725,16068,16593,19347,15631,18446,16385,20898,17249,18159,15076,22328,14934,8242,18406,19108,18738,17059,20159
"COG0625",7249,12415,11840,10649,10178,11916,12143,11093,13924,13135,5220,15209,12839,12857,7399,10127,9095,12702,7841,14380,14836,14705,8867,13556,12638,14946,13035,8788,14218,12931,8945,5096,9065,10227,14573,6144,10154,9949,12355,6652,7124,13546,9382,13098,12273,11225,14824,12108,9114,14502,16447,16736,4786,12753,13275,10976,13585,7546,7989,9302
"COG0626",5876,11298,11915,9099,11534,11826,11543,11032,11404,14967,6000,11133,13243,12124,9903,12332,10178,10360,13214,11995,1891,12812,11516,13089,12737,14433,13947,10700,14652,7299,12967,12957,10608,9801,10260,3639,9704,12345,11612,14063,10881,9779,12448,13330,9663,13207,11953,13059,10399,13217,11509,15799,12242,12794,17490,11877,11731,11912,8342,8139
"COG0627",1249,1399,1206,1202,884,1254,986,1176,1233,840,1131,1466,660,791,461,1435,1051,1146,1099,809,2126,766,663,846,940,672,400,1150,826,1943,1051,666,1154,855,860,798,1532,675,803,783,528,954,460,462,909,572,2189,586,879,925,547,1327,789,652,536,1366,761,347,2171,856
"COG0628",6760,4452,4275,6073,5502,4337,5358,4753,4548,6303,7030,4779,5961,6144,3138,5615,5648,5701,5748,5116,6948,5178,4250,4427,4812,4786,5742,5560,6327,7132,5405,5142,5681,5474,5834,3799,6213,4996,5505,5600,3881,4783,4905,5071,4502,4599,5207,4698,4578,5037,4626,6751,5577,5014,5713,4407,6300,4046,7211,4548
"COG0629",4086,2893,3172,2622,3114,3318,3395,3239,3793,4173,5581,3705,3918,3928,4146,3251,2658,3467,3061,4087,2763,3946,3812,4245,4218,4730,3976,2358,3941,2698,3160,2964,2891,2963,4232,7811,3089,3643,3316,2975,3751,3356,4007,3792,3227,4023,3061,3772,3897,3714,4040,4031,2848,3998,5104,3510,3412,3724,2892,3246
"COG0630",6209,753,680,667,2500,569,918,1437,56,1318,11132,379,775,728,722,20,654,1741,780,814,373,304,952,35,330,698,381,620,438,612,1080,1275,1006,622,112,332,600,1208,1664,888,55,1690,1625,705,668,1596,722,651,678,197,217,511,2189,530,1333,1303,825,625,528,807
"COG0631",855,2163,1046,1942,2720,1200,1515,1359,744,800,1158,783,1071,1300,993,2128,1162,1442,1409,674,4670,1462,797,649,670,472,894,1537,803,2961,1121,1320,1186,1214,732,1864,1238,1013,1563,1052,1655,1291,558,780,1133,820,1071,1002,1594,1086,389,518,1449,983,458,1313,857,1470,3698,1393
"COG0632",1702,1581,1454,1929,1851,1523,1409,1533,1468,3424,1474,1761,1838,2039,1379,2677,2002,2446,2449,1880,1661,1770,1235,1314,2107,2309,2090,2012,2277,1889,2012,2193,2034,1880,2324,796,1906,1814,1509,2268,955,1938,1695,1559,1804,1878,1335,1631,1174,1901,1381,2705,2441,1666,3719,1681,1761,1554,1738,1830
"COG0633",1385,2903,2504,1966,3052,2585,3679,3054,3407,4323,2026,4366,5636,4388,2734,1440,2094,3348,2501,4897,1010,5239,2532,3351,2644,4480,5786,1985,6092,1805,2816,2258,1989,2386,5612,3816,1820,4216,5306,2274,2191,2592,2580,5117,2341,3210,3010,5014,2726,6126,4206,7576,1802,5346,4860,3294,5799,1989,1318,2238
"COG0634",933,861,839,1407,1231,829,887,1035,565,925,1349,813,854,933,1273,1507,1352,1540,1607,630,693,751,854,479,858,656,833,1411,802,1398,1210,1736,1462,1186,963,790,1388,1045,1034,1617,1585,1539,910,951,1214,927,973,925,873,729,403,781,1897,1006,611,1048,826,1200,1991,1235
"COG0635",4426,3487,3650,5190,4736,3496,3219,3437,3889,7884,4089,4616,4040,4578,2303,6985,4723,5374,7575,4383,6530,4332,2955,2844,5067,5146,3783,4687,5184,6106,5882,7908,4611,4523,3965,2808,4895,3635,3157,8040,2480,3735,3215,3020,3722,4458,5060,3752,2658,4274,3175,6206,7401,3942,8194,3344,3504,3614,6340,4089
"COG0636",579,795,609,298,917,632,664,491,543,1428,490,683,965,916,444,1594,228,635,426,782,801,1237,431,410,788,1296,1094,411,1226,565,569,411,294,358,667,451,347,674,642,388,533,535,595,752,378,955,171,764,707,1019,541,1381,403,881,1808,580,684,437,300,289
"COG0637",5378,2761,2937,2937,3717,2829,3131,2937,3804,5138,8486,3900,3908,4279,2479,2357,2742,3540,2589,4519,4088,3765,2524,5797,3676,3985,4036,2558,3751,3210,2994,2210,2684,2588,5115,5940,2683,3733,4039,2821,4573,2856,3024,4031,2974,3755,5510,4060,2108,4120,3716,4224,2320,4219,6615,3018,4015,2781,3377,2335
"COG0638",5545,3782,1713,5692,2290,1764,1893,2623,68,861,4481,242,745,841,2636,514,6289,1604,2097,536,288,569,880,61,189,400,488,7090,281,2617,3770,1615,6045,5798,356,152,5594,1353,1608,1182,374,3021,767,443,3437,860,1,590,2890,388,87,361,1648,429,578,1999,947,735,7709,4452
"COG0639",3125,3943,2944,2975,4440,3052,3328,2936,2158,2021,3642,2940,2979,3513,1950,4619,2713,4072,3389,2074,3996,4221,2316,2250,2236,1863,1643,2987,5363,3266,2742,3475,3011,2613,3259,2611,3243,2198,3287,3909,2945,2977,2650,1524,2552,2218,3323,1866,2417,3383,2323,4765,4060,1831,1581,2378,3187,1953,2033,2431
"COG0640",3629,988,568,4602,1055,575,998,997,860,2136,2578,780,849,1056,1161,585,3467,2271,2830,1077,3159,1774,472,417,826,1109,1192,3990,2180,4067,2424,2143,3373,3422,1262,2269,3528,1173,992,2149,705,1669,756,977,1292,974,6611,832,1081,1359,518,2216,2319,1241,1849,1045,997,238,3736,1332
"COG0641",988,177,72,501,410,81,237,133,180,307,1084,443,392,444,95,100,398,241,1489,156,1109,125,173,159,153,118,134,412,224,902,677,1916,392,416,433,1428,313,203,206,1900,436,339,213,89,262,211,850,244,175,111,45,174,2170,202,215,111,268,152,1565,391
"COG0642",97662,28311,28102,51717,34772,27522,29559,31968,39782,51182,75736,32289,31928,33429,31236,37566,32186,51624,38802,34385,209467,42289,32351,36133,34247,32824,32831,34628,52586,131141,31510,38897,29474,32910,39684,81836,67736,43358,33485,37759,30418,31133,30673,35532,30646,31618,111902,34032,43831,38517,35996,41728,40266,41959,37235,33909,34812,28548,133565,32608
"COG0643",5468,319,249,2978,1583,289,752,807,936,2117,4190,439,746,624,682,1092,1454,2231,1683,363,16649,996,592,505,518,763,645,2058,1706,6794,1174,1090,1202,1824,702,4083,2699,1160,1057,1192,133,1274,399,604,1093,577,4147,823,1969,606,289,1156,1217,886,735,935,807,699,8912,1672
"COG0644",13495,16945,14432,16734,14478,14518,16314,16112,11857,16346,8069,11754,14093,14960,16725,7073,19425,14355,13042,13622,8465,13045,13886,9953,11462,15346,14660,20698,13641,12105,16182,11638,18777,17927,11800,3599,17424,16039,15248,12122,10857,16892,14657,14697,16377,15063,5876,13947,18614,13446,13122,14536,11411,13215,16891,14953,15241,12213,20375,16520
"COG0645",52,83,11,568,71,10,43,65,91,185,188,12,8,46,136,0,129,431,235,12,224,113,20,61,18,13,10,162,222,529,22,37,45,106,56,306,77,49,6,53,5,87,5,11,33,10,469,5,25,13,8,27,42,79,14,13,1,3,201,66
"COG0646",8072,7242,5637,9046,5174,6178,7668,7045,5471,8161,6904,6146,9179,7438,8555,2620,10085,9563,12310,8163,3258,8187,5543,3729,4770,6943,12884,9121,11929,7064,8627,12154,10019,9930,8034,2728,8439,8803,8559,12998,4612,7652,5767,9087,7132,5723,4872,9177,8387,9401,5145,12891,12314,9100,8449,5831,9558,4543,7884,10409
"COG0647",985,4010,4672,2312,4260,4421,4340,4327,4275,2310,1079,3893,3933,3660,4039,2775,2622,2818,2677,3503,326,3597,4600,3849,3865,3099,3028,2346,2798,1646,3160,3215,2380,2885,3887,674,2354,4206,4424,3227,4731,3723,4063,4145,3691,3759,2644,4112,3002,3893,4166,2195,2883,3355,1733,3919,4250,4790,1232,3297
"COG0648",3005,1911,1470,2664,1519,1361,1514,1912,253,897,2101,408,852,950,1978,48,2936,1519,1310,756,358,352,1165,468,420,641,743,2843,301,1235,630,470,979,884,193,105,877,452,422,445,893,814,414,279,607,372,20,321,713,168,88,107,632,170,164,491,328,460,1055,795
"COG0649",5680,7812,7411,7881,7376,7704,8918,8742,6468,6741,3907,6575,9414,7867,11126,5306,8991,8009,8177,7824,889,7382,8157,6150,5984,7811,9638,9266,7913,5365,8373,8992,8579,9075,6015,1725,7828,9025,8534,8456,10546,8965,7374,9330,8584,7779,2624,9414,10026,8172,6398,7447,8618,7952,7184,8652,8287,9394,8044,9660
"COG0650",160,0,0,0,15,0,0,0,0,2,182,0,0,1,0,0,0,0,143,0,0,0,0,4,0,0,0,0,0,0,66,671,0,0,2,11,0,2,0,708,1,1,1,0,0,1,0,0,1,0,0,0,949,0,19,0,0,0,0,0
"COG0651",8606,2946,1929,8301,2409,1997,2429,3174,3386,2372,5957,3605,2304,2302,3108,2587,8698,3233,6232,2298,629,2952,1494,5012,2854,2651,2101,8480,2842,4992,5571,11354,7502,7966,3940,1980,7893,2107,2426,11303,1103,4311,1536,2941,4299,2143,6429,2414,2520,2907,4504,3076,13615,2798,1992,2158,2354,1639,7688,4528
"COG0652",6459,11603,9583,8118,11191,9594,9564,9916,8136,10511,4991,8898,10203,9503,8478,10130,9080,9639,7530,9740,5305,8893,8954,8325,8469,8951,8715,9131,8464,7054,9282,5626,9124,8861,9358,2945,9220,9397,9515,5955,7931,9270,8558,8162,9449,9300,3473,8888,8416,9111,7972,9737,5271,7770,11197,9981,9130,8265,9209,8888
"COG0653",10933,17660,20450,13181,18729,20182,18060,18327,21340,18909,9396,21194,20950,19692,18871,21155,14019,16982,16967,21689,7811,22413,21612,24527,21383,21838,20163,13494,20398,11577,16762,17147,14713,15180,20553,5693,12815,19854,18272,16792,21449,15413,21293,20687,17201,20792,8084,20817,17178,21185,22299,20601,16849,19186,21337,19071,18786,22434,11041,16569
"COG0654",5171,16483,18293,9172,14700,17392,15521,14418,18003,13602,4537,18030,14795,14369,11579,16886,9164,11863,9137,16415,9930,19264,16321,18455,15827,17092,15293,9626,16174,9657,11452,6801,9577,10449,15011,4574,9735,14837,16415,6880,14544,12864,14073,17594,12555,14783,10602,15362,10659,18932,22087,15794,5799,16131,14752,15487,16814,12978,6405,10704
"COG0655",908,655,620,1509,670,646,611,627,840,584,818,1095,479,658,441,1371,724,773,814,766,1543,843,653,1136,721,567,521,797,896,1723,619,1347,768,846,735,2298,1060,426,545,1214,919,544,504,510,621,577,3303,533,883,742,646,916,1859,818,370,649,591,452,949,558
"COG0656",2094,2671,1793,2880,1605,1900,1894,1806,940,1409,2259,994,1203,1129,1046,2154,2843,1773,1327,1077,3115,1855,1208,962,945,804,988,2206,960,2775,1665,1297,2930,2220,1174,1485,2968,1209,1844,1238,1761,2067,1477,886,1387,1131,1610,1136,1655,1248,505,1022,1354,1102,899,1898,1499,1232,1909,1848
"COG0657",3022,7334,7391,8664,7476,7156,7342,8352,7850,5434,2473,9394,6489,7145,5637,3949,8069,8322,6135,7574,6649,6562,6333,7553,7812,6271,5462,7336,5641,6778,6397,3674,8441,7749,6836,3375,7651,6046,6563,5034,7571,9026,6317,6041,8532,6738,6979,6523,6226,6219,6675,6948,4021,5586,4254,8107,5944,7548,3389,6377
"COG0658",4527,404,109,1783,1075,145,624,303,750,1724,4105,904,773,1099,227,1979,1005,1143,2747,304,4681,535,81,1190,468,207,193,1194,895,3217,1175,3658,1508,1517,1351,1531,1845,594,595,3433,430,572,159,214,599,344,4702,236,574,306,296,542,4505,591,622,342,763,76,1784,665
"COG0659",4660,5445,4301,5379,5158,4287,4753,4367,8325,15122,5108,9581,8887,8354,3675,21762,4460,6951,5941,7979,10587,8061,3018,5342,7037,10751,9672,5483,11365,8527,6004,5004,5025,4530,8494,5251,5652,5128,5304,4472,7019,3601,4161,6717,3716,6689,10320,7303,3480,8681,5087,14532,4529,7883,16553,5636,7172,2689,8878,3638
"COG0661",7035,15987,15729,7331,16003,15189,15491,12612,14789,20927,5482,14936,19749,16851,11229,11773,7563,12490,7348,16150,8863,17940,12029,15179,13994,20574,19004,6950,19221,8378,10382,7295,7244,8926,16287,6071,7750,14843,15534,6968,19922,10227,11810,16520,10661,15291,5806,17275,11164,19713,15164,21495,6231,16300,25443,13097,17097,11665,13872,9425
"COG0662",5249,4238,4963,4293,5240,4759,5016,4747,5392,5653,7101,6392,6411,5277,5758,4929,4400,4969,4448,5844,4642,6459,5561,5366,5985,6759,8321,4304,5750,4438,5020,4454,4152,4717,5376,20486,4243,5272,5419,4315,5051,4682,5491,6967,4944,5855,6894,7074,4714,6342,5344,5088,3896,9073,6686,4922,5678,4714,3857,5334
"COG0663",1680,2622,2587,2255,2399,2579,2844,2547,2763,1989,1622,2940,2502,2632,3036,2800,1846,2505,2123,2594,2374,2797,2852,3404,2798,2219,2022,1690,2479,2201,2197,1927,1819,1944,2960,1918,1704,2604,2628,2056,2490,2574,2538,2459,2564,2481,1962,2298,2933,2641,2876,2250,1691,2470,1445,2446,2678,2707,1999,2511
"COG0664",7897,3904,2468,6241,4974,2674,4074,3419,2128,6203,7144,2244,3791,4531,2530,5348,5838,5051,9824,3408,4264,3991,2325,1505,2277,4095,3525,6011,4271,6876,6013,10126,5340,4712,4696,6226,6572,4773,3856,10696,1195,4460,2948,2707,3949,3318,9662,3177,3112,3616,2230,4836,10772,3497,5570,3381,3889,2513,8472,4706
"COG0665",19024,52413,53122,48595,41745,54342,51453,48402,52453,31836,15831,48387,46274,45445,50867,62948,55614,32096,60768,39178,9729,44164,49828,45824,48960,41269,41434,58107,37785,34648,57125,57171,55573,56881,45988,14157,48035,45417,52850,59788,50343,42507,41755,48168,45488,46589,23889,47253,50407,48873,47036,38810,51282,42762,33018,49441,52924,43557,26013,48120
"COG0666",2300,7650,4483,9067,9662,4554,5350,6981,1597,3735,3179,2981,4281,4590,1981,21591,8589,5876,9457,1755,3410,6741,1606,2721,1720,1426,3192,8345,2336,8005,6403,3151,9197,7606,1971,2608,7505,3373,3858,7541,3816,5564,957,1376,4289,2848,1964,3774,2266,4473,2546,2512,2964,3484,2822,2670,2257,1342,5484,6610
"COG0667",7526,15890,14517,17705,10765,14868,15028,15463,14161,9897,5524,14171,12699,12432,17102,12588,18533,16768,12430,13569,8233,13840,13420,15038,12562,12708,11788,16424,12179,12192,13351,9882,17854,17926,12328,4014,16000,12919,13282,12088,11400,19477,12035,12797,18091,12214,7108,13254,12620,12906,16211,11412,9783,12020,10434,13980,13411,11352,13230,20933
"COG0668",14713,11422,10575,11516,10448,10622,10393,11034,10179,11629,11063,9245,10246,10205,11632,7643,11643,11564,9532,9884,21270,9799,11270,12635,9842,9600,9412,10487,10399,17005,10272,8112,11333,10698,8537,8050,14539,11690,9892,8305,10856,10586,11112,10529,10968,10691,12357,9989,12236,9589,10082,9312,7978,10018,9739,10586,9699,10893,16040,10722
"COG0669",1961,2777,3570,2132,2760,3283,2767,2876,3501,3081,1934,3386,3147,3162,3082,3338,2282,3044,2638,3567,1659,3602,3639,3618,3598,3567,3594,2145,3468,2029,2682,2807,2258,2478,3767,1089,2157,3203,3101,2761,3407,2538,3668,3660,2882,3409,1280,3355,2544,3699,3754,3394,2885,3420,3619,3165,3371,3734,1971,2820
"COG0670",1372,3239,3612,1991,3532,3663,3954,3388,4427,3716,1372,4078,4583,4090,3818,3643,2160,2730,2869,3515,1328,4193,3998,5308,3875,4325,3964,1961,3981,1990,3182,3375,2032,2569,4086,1338,2181,4106,4130,3027,3805,2699,3422,4578,3208,4036,1668,4331,3075,4539,4289,3782,2690,4115,4214,3424,4385,4029,1627,3191
"COG0671",4050,2081,2112,2642,2907,1959,1923,2203,2257,1660,3890,2586,1496,1960,2459,2376,2690,1884,1947,2417,2581,1790,2145,2412,2529,1501,1683,2732,1638,2573,2505,1977,2722,2416,2205,18701,3198,1861,1352,1979,1433,1956,2920,1909,2263,2312,4137,1742,2349,1825,2129,1257,2426,2914,1688,2197,1259,2727,4212,2245
"COG0672",1057,1229,769,1685,219,788,827,1048,292,390,850,290,429,244,1881,1177,1603,1089,1661,954,5359,375,524,1858,195,262,462,1776,482,2141,1102,1267,1594,1344,709,935,1752,807,665,1074,1034,722,300,526,1954,273,363,418,1616,370,443,467,1212,396,326,940,637,174,2824,2895
"COG0673",25227,27900,32878,34330,30701,32748,35941,35944,34666,27943,22737,33714,33233,32222,32313,22107,36991,39777,36764,30278,14274,28102,34020,35194,36704,30735,28545,35650,26460,23149,32979,29659,38496,36005,34469,11314,32666,30660,31284,37238,25776,45887,31989,32416,39957,31614,15450,35265,25685,28290,36637,25579,30623,28882,28828,30712,31410,31067,21802,39630
"COG0674",13505,6293,4728,9696,4246,4965,5951,6558,1273,3448,10968,1759,3260,3366,7446,1342,10365,6603,18387,3792,886,1988,4435,2437,1401,2280,2767,11235,1878,5674,11536,21998,10945,9193,2467,922,8577,5249,5459,22823,3935,8908,4852,2779,7563,3097,976,3412,7925,1724,1505,1582,23679,2474,2211,5685,4057,4282,8726,9395
"COG0675",2224,15,20,358,64,33,223,35,81,125,2870,97,26,56,69,27,539,158,135,19,1684,299,27,33,40,23,38,391,119,1454,181,583,90,282,136,1129,1520,202,43,324,1013,208,11,33,167,46,1754,62,144,281,48,151,702,70,93,41,65,12,1813,219
"COG0676",683,570,181,301,357,198,161,119,168,209,486,118,83,110,36,422,117,196,91,40,1967,165,8,12,64,24,37,120,173,1010,102,47,21,82,25,615,337,25,175,39,153,107,4,39,70,50,148,46,243,78,13,84,38,148,45,114,70,12,508,28
"COG0677",5053,3505,4064,4851,4798,3890,4077,4781,4030,5261,4075,3961,3998,4853,5109,5579,5060,4351,4359,3691,965,3654,5631,4450,5706,4658,4581,4785,3885,3278,4771,6267,4762,5178,3281,2315,5010,5127,3998,5927,5134,4599,5831,4598,6096,5271,2024,4105,4091,4425,4735,3683,6629,3819,4903,4060,3884,6252,4956,6582
"COG0678",2161,2229,3055,1349,2469,2948,2842,2923,3217,1291,2606,4043,2806,2220,2570,2705,1361,1698,1545,2764,3402,2830,2931,3433,2255,2671,4560,1189,2436,1964,693,587,396,509,859,2892,451,618,1069,688,1169,655,697,1257,628,808,1680,1110,846,996,1051,576,578,1395,450,959,974,864,474,466
"COG0679",2047,3144,3831,2674,3252,3851,3462,3638,5076,3942,1926,3978,3961,3421,3773,2651,2507,3163,3648,3855,3553,4465,4187,4265,4260,4433,4161,2448,4592,3023,3862,3488,2190,2874,4418,2172,2667,3987,4552,3324,3699,3151,3280,4845,3182,4094,5747,4507,2861,5161,4876,4670,2945,4493,4380,3510,4417,3393,2286,2822
"COG0680",509,2,0,52,34,3,5,2,45,73,548,4,3,20,9,1,29,80,78,0,1353,45,7,0,35,6,1,28,68,376,40,230,16,34,6,77,59,22,0,97,0,4,17,2,18,20,326,7,51,65,23,47,310,26,38,4,3,6,125,22
"COG0681",4471,6281,6497,5104,6473,6764,5717,6505,6905,7647,3794,6846,6640,6746,5774,5373,5172,6327,5029,7381,3383,6708,7034,7125,7260,7415,6951,5449,6808,4735,5932,4883,5525,5471,7214,3042,5307,6836,6448,4814,6741,5787,7383,6817,6380,6980,2482,6766,5078,6866,7378,7409,4732,6519,8078,6543,6629,7053,6301,6149
"COG0682",3319,4889,5844,3994,5145,5717,5288,5177,6393,5359,3360,6263,6169,5812,5522,6010,4270,5079,4865,6040,2286,6373,6544,6815,6384,6328,6410,3909,6670,3591,4873,4905,4155,4342,6477,1527,3917,5835,5759,4753,7018,4763,6799,6755,4802,5981,2356,6283,4633,6412,6420,6389,4445,6286,6056,5728,6036,6603,4326,4899
"COG0683",9771,11828,10979,16566,11495,11539,14293,13315,12062,7530,8910,12438,13308,11737,14720,7722,16517,11522,18401,11592,5410,14555,12507,12404,9491,13008,12544,16563,13684,12431,15792,23103,14775,15489,11709,4734,14566,14523,14737,19464,13593,13849,11013,14283,12256,11813,14871,13627,14458,13635,13934,12587,22676,12945,6979,13439,13727,13668,11411,13444
"COG0684",1591,1932,1867,2378,1758,1829,1939,1720,2175,1493,994,1857,1446,2022,2572,1270,2158,2610,1722,1708,4091,1890,1655,2007,2157,1820,1304,1774,1651,2460,1597,1487,2405,2422,1779,906,1955,1425,2000,2002,1032,3536,2061,1624,3006,1828,1828,1398,1777,1606,2300,1744,1615,1621,1554,1627,1788,1608,1095,2641
"COG0685",4220,4876,4979,5359,3620,5193,4857,4663,4591,4977,3771,5038,4944,4997,5430,4918,6308,4653,8496,4740,2422,4976,4759,3531,4769,5650,4954,6112,4864,4353,6465,9070,6146,6068,4665,1326,5357,4558,4292,9946,4022,4877,4231,4540,4501,4864,2671,4527,5142,5159,4838,5270,8806,4526,5785,4450,4666,3694,3807,6031
"COG0686",2819,4603,5157,3528,5022,5333,5331,5070,6058,2734,2387,5100,4971,5761,5943,6057,3643,2830,4542,4683,2776,4330,6666,6461,5991,3922,3884,3825,3739,3574,4410,4507,4073,3701,5083,1786,3527,5047,4834,4692,6951,3563,6327,5049,4838,5532,2820,4678,7414,4825,5394,3159,4305,4178,2588,5455,5022,7175,3607,4479
"COG0687",2886,6436,6498,8132,5158,6803,6895,6537,7029,2998,2748,6603,5553,6031,6387,6706,8282,4190,7905,4710,2836,6478,6351,5290,6310,5076,4888,8754,5348,6280,8143,6970,7554,8127,5341,4514,7952,5641,6666,7652,4841,5482,5301,6123,6294,5674,10048,6046,6653,6760,6998,5745,5919,5642,2638,6201,6684,5411,4158,5527
"COG0688",2705,3972,4336,2938,3626,4211,3417,3922,3363,2228,2506,3654,3077,2875,3532,3563,3006,3006,3985,3398,2298,3058,4317,4180,3422,2568,2474,3270,2631,3143,3797,4238,3314,3105,3577,1541,3254,3659,3475,3910,4695,2788,3592,3135,3028,3311,1278,3198,3408,3153,3574,2313,3658,3171,1805,3581,3287,3999,2972,3511
"COG0689",3235,3537,2827,3768,3566,2995,3562,3286,2097,2496,2885,2786,2976,3342,2949,2016,3744,2919,2327,2347,2765,1958,2894,2204,2708,2278,2202,3755,1882,2878,3181,1843,3733,3522,3054,1119,3509,2674,3520,2201,2492,3788,2826,2354,3702,2776,1388,2401,3708,2006,2224,2100,2010,1977,1738,3016,3195,2617,4418,3343
"COG0690",568,452,473,309,468,491,523,381,665,1278,360,942,686,828,305,783,221,555,254,874,1141,758,414,423,816,1266,716,312,918,633,388,84,273,290,636,365,369,455,434,182,453,370,583,723,435,791,213,524,642,781,831,982,164,735,1581,436,623,364,343,341
"COG0691",611,961,1144,744,933,1102,1065,996,1141,996,527,1161,1135,1064,1072,962,752,965,935,1185,425,1097,1222,1418,1191,1158,1097,723,1035,699,2867,3004,2298,2600,3534,947,2160,3132,3187,2913,3717,2553,3547,3473,2773,3273,1271,3351,2749,3500,3873,3015,2939,3166,3273,3137,3252,3676,1889,2722
"COG0692",841,1560,1841,728,1797,1834,1337,1184,2078,1362,738,1921,1337,1698,1032,2696,586,1088,665,1742,1829,1766,1913,2615,2405,1628,1178,632,1546,1308,409,138,223,212,593,686,276,371,421,101,734,311,748,491,414,540,197,382,444,534,804,549,110,521,462,499,463,654,576,226
"COG0693",3068,831,564,1826,844,601,746,602,821,783,2374,1058,623,505,623,921,1393,1305,1137,452,5533,810,382,625,442,337,439,1203,1051,3851,985,1272,1162,1161,943,2154,2423,690,684,895,988,649,182,543,788,340,3159,648,765,608,499,844,1184,827,435,685,672,462,2381,1374
"COG0694",1632,3868,4368,3312,4517,4281,3956,3941,4713,3567,2258,4698,4155,4144,3628,4489,3348,2970,2861,4593,2353,4423,4604,5354,5008,4037,3936,3249,4057,3070,3785,2843,3861,3676,4121,6651,3030,4123,3928,2691,4490,3014,4345,4331,3756,4581,2542,4321,3507,4416,4818,3701,2469,4047,3673,4224,3700,5011,3077,4264
"COG0695",3918,2152,2156,1907,2040,2185,2327,2056,2409,2450,5156,2158,2846,2259,2837,2956,1844,3030,1653,2744,6538,2905,2733,2504,2095,2261,3361,1440,3218,3997,1857,1579,1482,1798,2434,5444,2263,2344,2555,1255,2460,2092,2507,3265,2084,2179,5741,3007,2917,2572,1545,2610,1607,3608,2314,2409,2644,2324,3162,1969
"COG0696",2358,2893,2705,2445,4009,2630,2648,2637,3975,8282,2675,4476,4757,4422,1491,8088,2222,3303,3493,4331,2835,4420,1884,3008,5013,5872,4314,2751,5367,2826,3621,3264,2716,2395,5483,1741,2554,3508,3297,2866,1864,2425,2315,3479,2437,4157,2381,3696,1454,4688,3677,7497,3548,3790,9283,3188,3939,2581,3563,1648
"COG0697",20562,48501,55108,31741,45471,54069,49413,48219,57556,32449,19462,51226,46912,46916,48009,47937,35090,35977,37361,45110,20754,50266,56243,54967,49736,44267,43937,32463,43453,27917,41963,39151,33089,38764,52938,14533,32214,48565,52573,38653,57008,42148,49767,54791,44882,48319,30466,49791,39030,53785,58670,39907,33525,47201,33969,48732,51849,51832,22058,38516
"COG0698",3050,1691,2241,1463,2057,2136,2135,1959,2491,1312,2254,2364,2198,1991,2802,1503,1717,2000,1808,2078,871,1874,2625,2675,2333,1702,1915,1561,1664,1242,1822,2628,1520,1716,2292,1271,1408,2132,2016,2200,2360,1941,2394,2191,2099,2068,1772,2562,2322,1836,2192,1171,2737,1820,1200,2150,1951,3121,1430,2165
"COG0699",233,907,448,354,1129,425,433,347,170,257,289,201,235,368,74,303,173,197,153,44,242,397,175,45,122,103,146,146,208,245,178,548,56,108,64,529,93,155,389,562,637,242,20,67,205,144,14,177,58,248,48,167,667,105,131,150,192,56,130,296
"COG0700",216,102,98,405,195,86,141,153,106,354,314,140,60,221,135,632,294,306,335,76,1449,192,194,45,257,132,120,326,275,782,218,370,329,245,129,577,290,163,111,301,87,256,218,113,210,198,267,125,250,107,103,289,501,244,224,84,115,172,453,244
"COG0701",3387,428,256,1166,691,279,730,460,314,1236,2904,479,746,913,581,401,1047,1291,1568,596,3820,486,455,483,310,333,302,1012,661,2477,1090,1636,989,642,1354,961,1777,788,699,1562,133,818,429,244,708,394,3412,410,789,228,133,462,1805,483,459,502,755,264,2518,615
"COG0702",7591,10885,9826,7791,9757,9763,9763,9871,9440,11908,5588,9465,10519,10905,10137,9598,8345,10821,6972,10028,5078,11543,9334,10634,9515,11062,10854,6967,11723,6841,7949,7620,10037,8349,9715,3111,8122,10252,9307,7280,8176,9434,9430,9554,9809,10057,8155,9838,8338,11382,9256,12055,7654,9775,14138,10220,10420,8674,9629,9668
"COG0703",2087,3654,4722,2410,3781,4446,3749,3567,4309,3818,2563,4486,4424,4088,3520,3760,2482,3749,2922,4759,1960,4509,4403,5175,4752,4654,4429,2396,4313,2151,3319,3289,2455,2846,4697,1157,2359,3923,3926,3115,4806,3508,4409,4553,3555,4182,1945,4305,2647,4779,4918,4363,3205,4132,4526,4052,4093,4612,1503,3580
"COG0704",4810,4999,2310,5542,1396,2282,2595,6161,587,1462,2250,702,2202,936,5763,274,5469,3760,1710,3666,2296,2786,1466,3869,476,1077,3361,5526,2725,3085,2912,893,5131,5510,4031,1024,5175,4822,4129,871,1769,5291,900,3017,3327,954,1602,2422,3037,3316,1228,2287,959,3077,782,5592,4069,655,7196,4055
"COG0705",5835,4253,4175,4799,4957,4075,3962,4484,3775,4246,6209,4252,3085,3749,3882,4965,5149,4657,5093,4228,6052,2860,3781,4918,4504,2815,2496,4959,2906,5064,4680,5383,4987,4407,4319,2889,5669,4102,3188,5148,2906,4643,4284,2570,4791,3739,2150,2824,4357,2765,3429,3458,5713,2673,3163,4064,3328,4338,5026,4993
"COG0706",7052,11184,12704,6691,10990,12704,12044,11349,13713,9548,6511,12275,11830,12455,11945,11709,7641,9127,11012,12141,5887,11671,13676,15003,13524,11731,10630,7164,10539,6855,10726,11675,7584,7923,12736,3742,7524,11866,11667,11334,12682,9543,14272,12222,10710,12924,4581,11822,12686,12062,13898,10160,11037,10886,10559,12059,12018,14169,6690,9902
"COG0707",3876,5828,7527,4301,6153,6989,6285,6145,7699,6478,3152,7370,7308,6427,5535,7060,4787,5222,5748,7640,2679,6883,7853,9510,8011,7815,7497,4689,7216,3799,6024,6169,4681,5354,6904,1838,4536,7038,6792,6379,8544,5020,7832,7901,5417,7018,1956,7615,4745,7490,8227,6895,6004,7099,7506,6915,7216,8204,4163,5281
"COG0708",2689,6280,6712,4412,5885,6646,6006,6122,6378,6455,3238,6805,5918,5970,5610,6898,4589,5412,4743,6448,2414,6594,6741,6729,6602,6983,6023,4406,6203,4083,5463,4333,4564,4902,6652,2144,4360,6309,6459,4649,6683,5420,6743,6348,5349,6354,3077,6181,5530,6420,6910,6416,3721,5892,7023,6109,6325,6242,3526,5192
"COG0709",1590,1928,1738,2552,2582,1793,2714,2601,2436,5173,1516,2916,5585,3505,2781,2606,2468,4928,2953,4408,344,4948,1688,2060,2471,4960,7566,2764,7647,1827,2605,2717,2581,2609,3776,773,2202,3876,3586,2648,2354,3672,2461,5561,2779,3004,911,5759,2159,5486,2632,8583,2786,5648,6591,3283,4030,2721,1260,2306
"COG0710",1162,1161,640,1865,842,622,716,950,51,704,208,190,362,403,561,64,2045,573,1285,183,118,346,386,20,162,197,231,2075,180,834,1375,836,1930,1907,126,82,1758,510,734,956,103,1013,395,180,1005,377,613,269,659,166,32,227,606,181,333,701,454,154,2191,1536
"COG0711",2467,5274,6366,2696,5516,5919,6392,5066,6326,5938,2367,5899,6704,5793,6432,6262,2845,4881,3963,5871,1758,7608,6206,4958,5983,7302,6520,2689,7254,2275,4356,4501,2828,3714,6184,1411,2752,6045,5670,3830,6219,4400,5875,6815,4338,6367,1344,6736,5321,7094,6461,6486,3959,6527,7461,5193,5911,5844,1733,4122
"COG0712",2053,3802,4699,2748,4004,4659,3979,3844,4383,3941,2078,4328,4323,4127,4265,5311,3015,3768,3369,4278,1977,5173,4845,3561,4247,4720,4029,2739,4413,2501,1202,1204,971,1008,1511,409,959,1374,1299,1115,1616,1078,1494,1488,1106,1400,530,1361,1245,1593,1479,1484,1093,1462,1511,1363,1346,1503,734,1213
"COG0713",1212,1865,1866,1923,1756,1756,1649,1944,1481,1477,745,1418,2004,1678,2197,1808,2135,1758,1724,1610,181,1604,1843,1540,1339,1649,1979,2187,1613,1309,1885,1836,2073,2229,1710,337,1854,1863,1929,1756,2434,1896,1651,1938,1750,1698,553,2035,1874,1907,1500,1509,1647,1648,1591,1862,1930,2144,1822,1968
"COG0714",34240,13657,14174,15080,17695,14083,14483,15130,14192,11216,63565,18275,16519,14361,15635,13052,14360,14029,14007,16064,10890,15785,14181,14112,15361,14881,22789,13902,12885,14068,15557,13814,14488,14635,14439,98536,13224,12864,17260,13809,13790,17205,16672,19412,15874,15801,44734,21136,14113,14293,12520,10629,14812,27159,10256,15269,15146,15135,16294,16260
"COG0715",3069,2625,1741,7632,2378,1877,2795,2908,2974,3009,3029,3149,2948,2151,3515,1872,5499,5488,3870,3024,4835,5282,1251,1726,1891,2477,3854,5584,5949,6827,3060,2634,4714,5587,3262,4805,5881,2986,2573,2922,1568,5512,1563,3106,4446,1756,9775,3199,2511,3104,4641,4539,2706,4273,1866,2618,2673,1411,5313,4436
"COG0716",1805,704,643,356,1514,723,766,861,1170,2867,1315,842,1203,1981,1116,1430,226,1670,269,1277,4545,1611,749,357,1498,1754,1713,180,2010,1881,589,108,122,245,319,1917,681,917,896,177,198,560,1507,1066,1399,1723,242,1138,1512,1404,538,2222,162,1454,3250,805,1109,848,905,1028
"COG0717",2721,3464,3929,2589,3567,4043,4242,3835,4587,3382,2847,4476,4472,4497,4383,2630,2606,3622,2762,4476,1587,3904,4391,4485,3974,4243,3955,2484,3767,2228,2989,2831,2782,3232,4764,3079,2481,4277,4126,2844,4998,3633,3953,4391,3877,4091,3401,4225,3945,4280,4912,4041,2433,4015,3522,3956,4425,4378,1217,3920
"COG0718",1062,1208,1266,1108,1114,1323,1427,1338,1474,1493,885,1476,1619,1328,1607,1202,1197,1475,1443,1711,879,1596,1388,1907,1302,1450,1408,1101,1500,995,1241,1647,1173,1342,1551,519,1066,1493,1360,1677,1468,1247,1285,1513,1231,1366,385,1527,1103,1712,1388,1564,1600,1364,1774,1356,1469,1318,787,1531
"COG0719",13682,16949,17580,14255,17297,17534,17053,17673,16495,16759,10764,15343,19295,16963,19567,12092,15689,16977,14227,16700,7366,16199,18560,14722,16132,16154,17046,14786,16371,10867,15335,13706,15382,16137,16557,7395,13935,18666,16864,13230,17177,16404,18556,17245,17975,17540,7070,18981,17070,17071,14654,16268,13012,16423,17497,17421,16860,19138,14093,18219
"COG0720",1979,1951,1646,1408,1778,1591,1524,1721,1488,4351,2131,1951,3008,2380,1535,2792,1583,2539,1989,2889,184,2177,1496,1328,2121,3380,3094,1905,3336,980,1761,1469,1976,1555,2190,551,1497,2119,1684,1753,1266,1745,2216,2361,1673,2342,1337,2499,1417,2640,1553,4174,1545,2329,5526,2044,2086,1397,1524,1791
"COG0721",873,1600,1840,956,1375,1788,1475,1486,1979,1787,790,1880,1757,1685,1712,1509,960,1399,1293,1835,146,1681,1893,1556,1773,1961,1591,923,1621,755,1304,1668,970,1149,1920,425,851,1607,1565,1396,2099,1371,1723,1870,1451,1800,496,1783,1284,1965,1983,1632,1515,1694,1973,1685,1693,1725,788,1440
"COG0722",1387,2280,2170,2274,1804,2225,2226,1902,2280,4534,1031,3167,3753,3214,2108,5197,1940,3192,2847,3914,3003,3196,1869,2434,3001,4468,3669,2568,3838,2371,2882,1996,2218,2120,2551,1534,2349,2130,2330,1964,1854,2454,2456,2921,2240,3046,354,2986,2204,3184,3274,4371,1904,3086,5370,2322,2999,1581,1431,1904
"COG0723",1094,1215,1218,1082,1249,1222,1444,1232,1276,1068,688,1227,1419,1412,1539,1060,1246,1003,1453,1314,655,1226,1471,1693,1345,1556,1301,1268,1235,883,4081,4583,3472,3529,4185,1183,3259,4063,3758,4898,4769,3475,4090,4359,4039,4262,1424,4101,5519,3975,4481,3635,4511,3699,3830,4234,4063,4777,3169,3622
"COG0724",1280,2972,1547,654,3192,1750,2356,1654,1207,3766,1296,1406,2531,2409,813,1325,711,1917,965,2477,1650,2212,772,745,1430,2579,3430,775,1999,1041,1027,826,897,733,1596,634,820,1729,2245,1179,265,2169,1128,1274,1032,1884,119,1676,1023,2797,1206,3366,1027,1403,4456,1573,2098,495,759,897
"COG0725",732,830,724,1272,684,658,589,870,524,668,518,594,396,569,934,638,1138,1569,1477,550,2307,648,266,256,498,495,280,1180,712,1419,965,1205,1265,1240,590,509,1178,383,366,1298,244,1459,208,341,1106,329,1567,430,330,552,375,620,965,526,430,772,318,409,587,1458
"COG0726",7494,7587,8243,11418,6923,7961,7318,7781,7220,5533,5631,7006,5957,6461,7015,10366,11573,7194,8735,5523,7484,6288,7440,7345,7487,5119,5429,10360,6021,9145,8956,9558,11008,12639,6792,3038,9906,7275,6985,9704,7775,8183,6400,6740,8536,6190,5689,6881,5201,7197,7283,5567,8536,6007,4016,6835,7039,7100,9256,10022
"COG0727",195,241,271,579,389,236,222,290,497,1347,297,390,516,506,221,1055,540,487,699,467,654,564,226,209,429,865,835,490,917,636,592,744,474,429,305,656,575,469,364,934,114,232,335,546,224,516,334,495,116,681,364,970,780,584,1569,225,396,111,455,237
"COG0728",3313,7668,9557,5243,7853,9397,9492,8628,10422,8029,2573,10024,10703,9194,8934,7587,5750,6780,6940,10178,3569,9530,10490,11781,9515,10826,10387,5666,9577,4961,2529,2429,1816,2389,3365,839,1725,3406,3348,2526,4113,2232,2978,3796,2542,3109,945,3621,2680,3622,3937,3067,2113,3233,3054,3068,3422,3555,1792,2346
"COG0729",2548,68,44,1861,253,53,234,135,418,766,1735,134,68,163,331,19,1081,992,879,175,5848,354,202,93,234,126,56,985,855,3539,636,306,723,785,169,2259,1852,227,65,731,68,223,114,178,207,167,2501,153,695,199,175,442,397,456,267,140,52,44,2000,454
"COG0730",4686,9762,11756,6276,10235,11660,11681,11105,12541,7510,4196,12214,11297,10680,12000,9496,6619,7849,7668,11081,8579,11740,12998,16957,11476,10793,10898,5868,10004,6778,8932,8053,6381,7470,12608,4196,6542,11529,12213,7917,14334,9310,11512,13071,9666,11480,5993,11562,10686,12059,14066,8947,7217,11061,7873,11346,12054,13246,5454,9054
"COG0731",1927,1732,895,1822,976,987,915,1265,12,733,1661,164,362,453,1110,65,2131,902,718,303,170,256,474,4,153,261,242,2191,205,840,1192,544,2065,1900,89,105,1707,738,733,380,292,1338,593,276,1252,553,0,338,1187,114,55,232,722,245,404,929,494,208,2607,1617
"COG0732",2990,233,257,1861,928,281,372,386,1179,2270,2590,483,286,891,519,450,870,1353,816,387,9082,925,441,460,1067,784,628,761,1280,3991,666,852,611,1097,379,2626,2020,726,382,536,1143,345,755,463,1299,889,4266,414,657,424,678,679,880,845,1351,425,392,757,1914,1599
"COG0733",6055,4227,3818,3623,4684,3992,4681,3982,3491,7755,5024,3722,5176,5504,3509,3358,3367,4749,4150,4515,6677,4899,4656,4003,4953,6241,5930,3916,6006,4983,4189,3395,3722,2804,3547,2889,4335,4606,4287,4172,2173,4387,6912,4544,4317,5669,2085,4423,6569,4309,4262,6587,3828,5296,8149,4138,5000,5117,4537,3865
"COG0735",3021,6114,7501,3007,6366,7206,6607,6780,7727,6483,2872,7514,7624,7069,7173,5104,3288,6121,4176,7001,2551,7475,7963,7522,7167,7401,7687,2637,7506,3083,4304,4041,3170,3855,8360,2125,3366,7260,7601,4192,8504,5741,7134,7999,6205,7166,3337,7766,5670,8007,7824,6967,3989,7196,7262,6742,7740,7851,2586,5883
"COG0736",1313,1698,2266,1500,1521,2013,1905,1803,2031,772,836,1970,1658,1566,1910,1830,1652,1457,1532,1764,888,1575,2262,2046,1596,1643,1578,1605,1290,1213,1699,1561,1569,1806,1895,515,1466,1738,2006,1588,2812,1641,2127,2163,1893,1628,726,1860,1606,1684,2275,976,1533,1593,783,1911,1996,2344,1532,1900
"COG0737",3158,3133,3287,4150,3148,3348,2813,3080,2776,2792,3295,2632,2257,2725,2120,4759,4615,2543,4570,3449,3100,3255,3008,2613,3205,2302,2104,4833,2778,4025,4006,3991,4584,3257,3922,1575,4730,3528,2733,4088,2088,2424,3521,2068,2680,2880,3579,2133,2842,2690,1916,3599,4145,2513,2461,3587,2594,2822,3783,2380
"COG0738",5502,635,905,827,1491,859,787,702,1451,1378,3476,1384,614,686,451,3032,1038,1372,823,937,10344,868,455,1186,1664,439,301,905,1422,3750,1141,333,951,553,873,2130,3429,762,394,579,604,316,614,385,529,810,984,537,1033,723,814,1574,369,576,983,765,500,1177,2664,339
"COG0739",5813,5165,6033,4670,6285,5819,5285,5415,6701,4447,6144,6006,5149,5991,5187,7357,5017,4805,5791,5581,4059,5382,6829,6037,6940,4644,4487,4800,4769,4749,17867,19590,14812,13580,18773,11443,15442,17997,17590,17986,16408,13989,22374,15250,16537,18064,15295,15651,17447,14894,19197,13149,20650,14499,11495,16869,17080,22739,17015,14861
"COG0740",8284,5357,5796,4082,7808,5800,6204,5448,7159,10865,18221,7237,8593,8265,5876,5152,4243,6122,4868,8079,2117,7644,4996,6247,6654,9966,8927,4258,8726,3634,5253,4798,4286,4885,7989,16242,3897,6429,6718,5051,10295,5222,5679,7551,5302,7856,7046,7691,5299,8356,6410,9897,4879,8696,13213,5646,7265,6186,3332,4996
"COG0741",10037,10388,11720,9812,11415,11314,10965,10466,12926,7981,11520,11611,11069,11410,11443,13544,10136,9098,12403,10407,13900,11386,12753,13845,11166,9348,8869,9546,9902,13635,11616,12370,9992,9500,13054,9974,11252,11256,11686,11432,12585,9365,11668,11295,10912,10967,10763,10635,11254,11266,12757,8516,11003,10909,6583,10614,11723,11832,20970,11319
"COG0742",2038,3190,4229,2363,3517,3968,3715,3529,4238,3568,1780,3916,3840,3873,3229,3645,2705,3303,2973,4180,1925,3859,4421,5032,4090,4059,3859,2417,3696,2384,3076,3073,2554,2740,4372,1008,2472,3880,3909,3228,4455,3162,4221,4212,3231,3790,1152,3811,2470,4351,4496,3609,2910,3698,4064,3747,4119,4375,2135,3157
"COG0743",4225,5020,6158,4551,5452,5928,5267,5362,6732,7742,3610,6293,6483,6854,5147,6885,4954,6350,6322,7019,2981,7096,6985,6847,7008,8245,7033,4748,7118,3824,5878,7101,4646,5264,5670,1746,4108,6125,5792,6739,6229,5184,7980,6650,5625,6974,2711,6265,4374,6989,7974,7099,6704,6444,9114,5595,6439,7197,2947,5810
"COG0744",3548,3083,2792,4352,4009,2816,4260,3218,3531,6966,2536,3520,5840,5205,3047,2722,3684,5018,4263,4025,6987,5102,2571,2553,4376,6202,7260,3692,7332,6200,3599,3589,3832,3452,5409,4331,5264,5133,5183,3033,4969,3442,3364,5986,4210,4153,4627,5652,3510,5677,2784,7835,3284,5743,7345,3347,5408,4698,5867,4330
"COG0745",21321,13945,14259,13841,15030,14128,14651,16041,17631,19920,16895,15553,18967,16585,15443,16026,11321,19869,12844,19745,43678,19604,15506,19188,16246,17607,19802,11259,22274,28347,12714,13108,10375,11619,22570,15514,16102,20603,17159,13131,16502,14025,15112,18600,12864,15836,16991,17467,13583,20905,17402,22102,12615,18968,19583,17631,18945,15512,25429,13075
"COG0746",2043,2370,2369,1798,1024,2278,2070,2064,907,801,1728,1819,1600,1074,1592,4390,2076,1742,3275,1318,797,1157,1692,992,1084,974,1333,2130,1083,1434,2413,3598,1948,2155,2123,405,1984,1666,2404,3349,3066,2068,681,1493,1413,729,1134,1586,1507,1510,779,1320,3351,1209,579,2158,2392,818,993,2314
"COG0747",7980,13549,11946,21958,12075,12671,14449,14792,12458,14967,5361,13038,12896,13387,14681,11210,20966,19495,16160,11826,8010,14784,11475,7354,12982,12319,14075,18170,14612,15562,14748,14629,20863,22462,15391,4236,16022,14085,16433,15760,9332,22613,9520,13704,16979,11855,25777,13077,11970,14581,13296,15921,14895,12366,13464,13158,16311,9105,11687,19724
"COG0748",138,442,700,555,1835,727,633,567,914,1418,271,665,636,1688,276,915,462,551,363,268,462,560,1460,204,1433,1425,437,424,337,520,290,71,135,164,231,122,122,125,207,97,10,165,731,156,516,589,317,193,193,162,254,178,78,246,408,150,191,543,149,263
"COG0749",53880,19549,22125,14512,24797,21591,21573,20654,24029,20890,154213,26963,25525,23566,24853,18605,14429,20212,16926,26138,12264,32393,24255,27306,26685,29042,46039,13980,27400,12685,18765,18968,14776,17804,31065,311914,13372,22588,23268,19779,29486,25339,25593,32409,18989,24518,378915,27127,18374,26784,21468,23856,18979,49496,25212,24687,24584,25122,11958,18137
"COG0750",10921,10060,9814,10645,8978,9859,9423,10212,9075,8443,8470,8519,8509,9379,10908,7284,11804,8885,9655,8882,3959,8097,10638,9424,9399,8820,7907,12009,7686,7256,10666,9534,11714,11596,7946,3001,11294,9526,8681,9359,9089,9439,10869,8543,10541,10003,3855,8500,11426,8577,8950,7630,9585,8098,8897,9695,8816,10428,12826,10816
"COG0751",4761,7010,8173,5741,6772,7474,7736,6752,8747,8757,3900,8150,9609,7465,7484,8423,6039,6950,7083,8358,6450,10323,7601,7859,7223,9313,11009,5435,11129,6079,7178,8180,5417,7174,9985,2733,5635,8826,9137,7164,9548,5430,6992,10968,5785,7747,3251,9963,5169,11718,8619,11009,6504,10329,9954,6955,9775,7049,3831,6702
"COG0752",2206,3372,3141,2547,3032,3326,3723,2986,3880,3726,1823,3427,4237,3726,3711,3682,2728,2944,3259,3499,3274,4169,3061,4883,3316,4146,3870,2526,4204,2736,3253,3963,2422,3113,4377,1387,2514,3873,4082,3340,3795,2534,2891,4031,2690,3581,1790,4213,3439,4628,3856,4283,3140,3956,4420,3111,4155,2960,1591,3069
"COG0753",3129,13,4,1048,78,27,193,97,322,359,1949,32,12,57,277,11,922,986,342,38,6411,272,232,14,183,66,23,534,605,3991,400,284,742,514,67,1227,1989,122,26,120,29,79,28,49,109,61,2019,82,1346,135,73,319,271,585,131,70,34,6,5090,392
"COG0754",844,101,55,178,63,53,68,67,59,187,568,30,39,69,30,1,162,330,125,79,2004,82,10,23,49,40,55,84,150,794,87,67,96,114,81,433,251,52,44,76,11,234,5,51,207,38,209,87,199,43,37,101,59,83,50,67,57,6,242,216
"COG0755",2577,7154,7767,4234,7711,7607,6753,7244,8059,7568,2567,7624,6970,7328,6417,7575,4889,6219,5561,7579,2261,7769,8010,10786,7807,7054,7132,4887,7015,3817,6090,5209,5153,4882,7608,1838,4568,7342,7075,5619,6963,5884,7680,6998,6287,7523,3160,7138,6886,7729,7691,7400,4962,6772,7678,7056,7178,7642,4781,5961
"COG0756",3545,2902,3565,1695,3337,3309,2976,2754,2867,1688,8253,3211,2503,2499,3036,2782,1764,1691,1966,2598,371,2478,3417,3991,2568,2097,2194,1663,2120,1339,2185,2139,1669,1982,2777,7242,1575,2546,2657,2109,7606,2139,3111,2700,2363,2690,3215,2775,2941,2644,3080,1604,2138,3245,1264,3023,2634,3679,1304,2199
"COG0757",1773,2771,3315,2156,2665,3281,2682,2866,3359,2820,1768,3025,3087,3083,3101,3549,2376,2957,2956,3319,1462,3085,3468,3460,3285,3490,3110,2312,3243,2037,932,1031,820,816,1194,307,797,1018,999,886,1216,869,1136,1133,876,996,475,1073,843,1151,1085,971,923,1016,1078,995,1042,1191,515,825
"COG0758",2694,287,151,1988,962,190,704,315,553,1150,2517,755,825,1044,263,1802,1398,815,2242,247,2941,667,223,981,482,195,278,1607,735,2464,1210,3270,1705,1578,1147,1121,1677,795,883,2784,357,668,200,342,745,333,2736,366,481,357,540,609,3753,478,523,325,1014,145,2486,690
"COG0759",1094,1119,1387,650,1143,1343,1303,1148,1503,1499,951,1414,1464,1356,1294,1357,755,1268,982,1480,536,1776,1423,1186,1456,1743,1754,757,1930,730,335,464,272,282,450,160,248,421,439,334,395,326,598,564,357,503,152,496,349,570,508,599,490,577,560,436,497,513,233,326
"COG0760",3656,3590,3829,3399,3930,4100,3118,3390,3778,3684,3445,3946,2799,3610,2335,6010,3432,3411,4568,3573,3396,2924,3965,3757,4578,3388,2575,3688,2829,3730,11700,13051,11071,9209,10335,4371,11054,9625,8817,12604,8374,9901,13771,7955,11664,11754,9069,8154,10704,8182,11352,9832,13209,8317,10608,11066,9438,11442,12650,12464
"COG0761",3606,5738,6512,3987,5852,6459,6494,5980,7249,7278,2792,6968,7602,7461,6834,5155,4545,6023,5472,7333,2611,7187,7167,6678,6863,8287,7274,3984,7334,3445,5362,6277,4154,4909,6785,1920,3648,6621,6547,5470,7604,5419,7404,7623,5956,7327,1864,7519,5972,7524,7588,7109,5947,7173,8090,6542,6916,7651,2342,5584
"COG0762",840,1604,1782,1082,1637,1877,1719,1617,1944,2196,668,2042,2164,2054,1513,1739,1040,1525,1165,2315,1432,2418,1818,2657,1903,2520,2276,934,2309,1162,1313,1226,953,1201,2333,729,1039,1804,2014,1133,1413,1207,1705,2159,1351,1988,515,2043,1328,2463,2387,2329,1065,2183,2690,1417,2328,1600,732,1254
"COG0763",3879,5549,7460,3889,5667,7214,5855,5934,7474,6946,3796,7094,6733,6954,5064,7020,4223,5303,5787,7546,2361,6596,8169,6919,7781,8093,6619,4382,6505,3759,6107,6528,4232,4500,6550,1695,4178,6640,6314,6043,6833,4558,8278,7058,5367,7191,2736,6699,5060,7363,8002,6948,6154,6650,8352,6342,6979,7433,4182,4987
"COG0764",4790,5765,6624,4863,5885,6626,6258,6273,7377,5412,4610,6812,5857,6312,6669,7293,5720,4935,7448,6358,2492,5875,7193,6871,7322,6106,5115,5345,5382,4246,6807,8066,5524,5171,5989,1686,5327,6145,5759,7519,5290,4499,7359,5547,5568,6769,5146,5704,7129,6103,8082,5108,7696,5478,5632,6286,5809,7435,3849,5976
"COG0765",1769,10006,11072,6179,7863,11119,9731,10069,9617,6660,2259,9431,8796,8518,10072,8133,6747,6707,7496,6707,1187,7936,10255,7909,7900,8467,7761,7479,6289,4047,8675,7427,6562,6898,8678,2954,5975,9485,10816,6866,14342,8780,8495,9591,7832,9242,5237,9668,9868,8959,7130,5717,6611,7969,6663,10994,9599,10792,3040,7607
"COG0766",4349,7557,9023,5005,7921,8889,9036,8267,10944,7754,3883,10062,9876,8951,8761,6852,5545,6723,7122,9498,3408,9472,10119,10736,9642,9436,10027,5715,9961,4655,7326,6934,5809,6435,8247,2554,5301,9286,8957,7365,10277,6544,9488,9746,7370,9282,3091,9792,9495,10079,10817,9925,6526,9221,9086,8622,9659,10298,4921,7281
"COG0767",1015,1383,1280,1435,2016,1279,1236,1311,2079,4057,1088,2069,2146,2110,883,1814,852,2089,1098,1952,2958,2100,1158,1747,2591,3066,2170,821,2792,2336,1197,698,988,1012,2518,1584,1315,1841,1404,924,1148,1382,1318,1595,1415,2175,2829,1869,1213,2072,1843,3581,818,2030,4518,1397,1708,1200,3892,1013
"COG0768",13042,21035,25609,14088,21668,24756,22469,22145,26967,21255,11523,26168,26380,24195,21045,22316,15378,17415,20382,26487,8933,24227,27199,31023,27180,25595,24764,15764,23120,13067,20500,21961,15811,17567,27364,6764,15056,24814,24137,21463,29486,16952,26404,26654,19971,25728,9192,25775,20270,26031,28141,23331,21085,23385,24625,24317,25411,28113,14237,18618
"COG0769",10653,9123,11993,6148,10372,11310,9904,9603,12520,9685,7572,11733,11398,10622,9060,11115,6487,8595,8740,11786,4193,11665,13081,12122,12981,11866,11807,7181,11923,5998,8627,11773,6521,7795,12334,2917,5968,11487,11185,9543,13740,7571,12935,13095,8739,11635,3312,12351,6671,13023,13104,10997,12331,12115,11532,10471,11566,13838,6105,8431
"COG0770",3673,5061,6189,4024,5789,6044,4984,5303,6362,8243,3113,6774,6153,6658,3933,7383,4153,5158,5161,6621,3374,5905,6056,9198,7625,7678,7230,4722,6632,4042,5279,4776,4602,4223,6640,2067,4430,5657,5635,4985,6364,4389,6841,6523,5224,6747,2912,6099,4189,6366,6243,7694,5135,5845,9082,6040,6285,6876,4374,4319
"COG0771",4602,6478,8949,4480,6938,8154,7234,7163,8903,8073,4112,8927,9167,7824,6316,8894,5036,7043,6831,9353,3439,9336,9360,10182,8981,8855,10441,4618,10614,4551,6688,7189,4901,5650,8466,2184,4878,8434,8181,6847,10384,5544,9444,10070,6209,8265,3026,9583,4738,10121,9731,10377,6958,9310,9148,7810,8826,9191,5210,5908
"COG0772",8079,12956,16309,9220,14041,15593,14278,13907,17424,15070,7269,16309,17199,16471,13260,15631,10200,11626,12489,17334,5973,15940,18120,20976,17487,17360,15938,10183,15964,8608,13448,13509,10249,11278,16411,4560,9788,15960,15822,13570,18831,10915,17350,17011,12460,16419,5253,16647,13197,16870,18300,16179,12757,15513,17116,15231,17399,18204,8721,11582
"COG0773",2244,3392,4134,2319,3447,3961,3543,3432,4425,3501,1792,4521,4018,3807,2778,4504,2489,2683,3071,4444,2443,3800,4354,5018,4734,4252,3756,2600,3770,2558,10054,9800,7748,8265,11981,4032,7872,10851,10725,9666,13546,7509,13104,12206,9397,12207,3808,11224,8672,11529,14602,10902,9540,10712,11492,11189,11602,12750,8130,8664
"COG0774",3944,5830,7037,4180,5857,6784,5649,6049,7440,6384,4137,7359,6268,6859,5360,6741,4812,4885,6489,6859,2601,6266,7424,6421,7758,7189,5824,4812,6017,3964,6190,6340,4869,4743,6482,1916,4496,6384,5736,6428,6705,4509,7934,6246,5603,7293,2468,6357,5353,6601,8115,6104,6076,6062,7048,6141,6223,7460,3869,5158
"COG0775",3146,1583,1618,2049,1669,1617,1411,1479,1603,1555,4267,1988,1585,1668,928,1966,1833,1567,1998,1306,6311,1320,1183,1423,1635,1090,1189,2003,1524,3414,1853,1443,1924,1498,1930,3653,1983,1071,1369,1906,1815,1062,1490,1264,1245,1294,3557,1298,1873,1138,985,1413,1438,1786,1052,1678,1630,1158,2158,1333
"COG0776",2565,4160,5025,3441,3942,4786,4496,4150,5130,3754,2483,4853,4215,4438,4612,4945,3472,3531,4769,4567,3348,4628,4935,5057,5048,4593,3920,3567,4002,3523,4364,5211,3480,3996,4657,1602,3512,4121,4242,4697,5308,3560,4805,4523,4105,4689,2483,4121,4225,4711,5641,3840,4469,4200,3956,4277,4356,4909,3705,4616
"COG0777",3465,5399,5881,5703,5210,5872,6333,5648,6900,6219,3680,6234,6372,6304,6541,6085,5957,4905,6581,6320,2427,6393,6376,6462,6527,7056,6432,5779,6358,4025,6214,6481,6166,5803,6493,1545,4714,6102,6361,6589,5190,5051,6543,6537,5617,6539,2153,6303,5968,6312,6956,6459,6267,6128,7295,5927,6590,6093,3383,5751
"COG0778",6730,7702,7387,8194,8138,7321,7240,7696,8618,8117,5541,6849,5246,8229,7072,6973,7525,7300,5905,6248,4817,4884,7131,4772,8041,7062,4496,7444,4715,7246,2210,1908,2819,2394,1995,1136,2639,1974,1950,2040,1817,2967,2983,1705,3285,2698,2130,1679,2891,1544,1920,1746,2338,1593,2481,2588,1808,3182,2293,2549
"COG0779",870,1338,1472,1221,1474,1383,1317,1341,1462,2158,868,1652,1692,1861,1049,1178,1079,1411,1396,2027,1361,1471,1283,944,1560,2181,1757,1251,1690,1358,1364,1410,1131,1190,1883,613,1150,1372,1566,1312,1833,1250,1471,1638,1283,1721,1186,1523,1295,1759,1658,2099,1437,1546,2652,1593,1775,1609,1413,1155
"COG0780",1391,1272,1464,1478,1234,1422,1224,1314,1354,2328,1580,1551,1522,1801,1181,1085,1334,1715,1521,1638,2042,1587,1519,1183,1852,2449,1674,1364,1926,1754,1395,1045,1442,1335,1519,1039,1341,1523,1237,1276,1197,1196,2009,1397,1348,1852,2592,1497,1724,1645,1136,2209,1004,1766,2949,1328,1402,1398,1581,1359
"COG0781",561,813,1051,616,861,977,762,851,1079,1129,513,1050,1099,912,774,1187,645,867,793,1182,431,911,926,843,1092,989,928,660,969,557,2512,2481,2180,2313,3555,776,2008,2855,2621,2502,3013,2147,3213,2637,2347,2949,1404,2837,1741,3011,2858,3262,2509,2533,3539,2848,2880,3496,1745,2340
"COG0782",2716,3020,3511,2937,3085,3441,3385,3311,3745,2059,2299,3647,2835,3008,3870,3767,2907,3359,3169,3221,3276,2903,3750,4556,3271,2517,2273,2683,2668,3415,2875,3014,2837,3181,3376,1964,2873,3266,2998,3222,3381,3268,3519,2942,3329,3168,2311,2997,3336,2923,4089,2374,3035,2808,1770,3149,3009,3491,3070,3364
"COG0783",1070,36,17,552,174,37,135,76,272,471,855,176,147,111,132,227,339,420,165,152,2898,314,135,100,127,99,361,228,428,1671,192,83,275,199,264,926,751,207,78,59,195,151,58,146,93,104,1946,135,382,159,144,314,127,324,163,77,98,31,2023,106
"COG0784",47976,2722,1647,21175,7941,2042,4062,3561,7304,14833,36011,3502,2166,5314,3912,6982,9279,15632,10689,2458,99844,6679,4157,3765,4923,2838,1917,11438,12781,63048,6952,9178,7577,9590,4140,43225,27996,7391,3666,7571,2200,5165,3317,3623,5697,3821,43705,3433,16256,2796,3737,7096,10129,7454,5285,3337,2843,1756,68808,8678
"COG0785",1915,3053,3255,1769,2884,3038,3159,3508,3194,3180,1917,3105,3674,3264,5176,1152,1879,2668,2042,3386,349,3401,3621,3115,3169,4025,3511,1703,3211,1491,2272,2739,1670,2325,3612,573,1596,3326,3557,2179,3816,2756,3239,3759,4110,3408,1149,3590,3665,3933,3390,2953,2589,3441,4122,3522,3503,3961,1439,4575
"COG0786",714,59,172,157,111,173,241,297,1036,3767,578,1021,1420,785,299,52,46,1369,359,1593,236,1948,127,151,1178,3170,3110,119,3273,458,324,452,46,251,612,651,260,1135,479,441,28,382,645,2039,179,1493,92,1657,139,2238,790,3791,591,2318,5201,547,883,5,272,145
"COG0787",2954,3376,3948,3069,4020,3961,3679,3866,5043,6698,2386,5532,5168,5077,2879,5023,3116,4006,4070,5664,3059,4588,4254,4274,5733,6083,5282,3224,5461,3136,3973,4031,3145,2836,5094,1929,3275,4343,4213,4114,4530,3286,5030,5132,3721,5225,2338,4956,3558,5105,5437,6544,4110,4521,7304,4237,4834,4370,3259,3061
"COG0788",1728,1152,795,1937,903,863,1144,1211,1584,2806,909,1727,2460,1527,1528,1821,1622,2015,842,2526,2569,1929,524,1245,1078,2419,2433,1641,2626,1873,1216,269,1483,1641,1807,1308,2021,1375,1223,508,469,1306,777,1789,1506,1232,1343,1942,1251,2003,1834,3133,243,1918,3425,1292,1553,402,2102,1504
"COG0789",5542,2745,3331,5225,3695,3172,3213,3473,3911,3391,4613,3288,3009,3168,3592,3183,3600,4387,3548,3106,12148,3361,3767,3397,3297,2680,2900,3434,3660,9222,3028,3656,3490,3732,4025,5138,4627,3613,3554,3025,5978,3231,3573,3674,3351,3029,7513,3525,3822,3049,2917,2881,3696,3323,1917,3783,3230,4771,5957,3816
"COG0790",3779,4679,2708,5928,3548,2875,3677,3294,2030,3533,2216,2747,2669,3181,1722,9616,4974,4580,7072,2196,5038,4075,1361,1747,1717,1797,2024,5682,2597,5459,1651,1866,1780,1731,928,918,1737,826,732,1932,440,1944,367,537,1902,638,1677,849,761,1158,627,1009,1553,910,583,953,701,376,793,2212
"COG0791",1786,2487,3352,1387,3671,3159,3110,2862,3728,4174,2274,4002,3973,3427,3409,3246,1356,2729,1894,4074,368,4443,3907,4336,3844,4410,3710,1297,4227,1235,2470,2150,1464,1898,4335,41981,1763,4156,3213,1816,3508,2038,3849,4297,2311,4069,2051,3904,2212,4306,3361,3951,1841,6277,5144,2999,3440,4221,1125,1857
"COG0792",547,50,38,550,165,43,101,54,144,275,455,141,79,120,64,559,425,245,491,71,944,128,20,309,123,32,55,463,212,715,335,581,414,486,198,254,525,100,116,607,84,167,34,89,150,53,713,89,92,101,57,153,629,139,109,80,110,56,473,140
"COG0793",3233,4066,4283,3975,4600,4430,4173,4265,4888,6373,3797,5093,4535,5077,4069,5147,4263,4618,4944,5073,4548,4758,4580,4185,5443,5646,5163,3931,5208,4308,13596,13917,12524,12266,13046,6337,12875,14377,12693,14523,10447,11725,15008,13513,13018,15727,11719,13550,12300,14488,14593,16491,13837,13806,20907,12646,13677,12920,13785,11980
"COG0794",3392,5093,6074,3566,5164,5997,5248,5303,6752,3387,3014,5935,5110,5206,4904,6745,3970,3654,4990,5357,2599,5292,6479,7819,6175,4635,4242,4157,4423,3539,5196,5378,4090,4139,5460,3613,3942,5334,4853,4886,6071,3898,6482,5215,4761,5464,2371,5011,5537,5191,7529,3768,4849,4914,3109,5295,5218,6001,3605,4627
"COG0795",6896,9205,12166,7054,9505,11656,8264,10422,12893,10069,6412,11855,9985,10372,7247,13418,7579,8933,10364,11761,5492,10843,13182,18004,12547,11152,9856,7999,10480,7354,3317,3682,2622,2621,3361,1143,2644,3541,3313,3484,4212,2613,4416,3352,3113,3786,1542,3468,2207,4003,4368,3474,3426,3480,3703,3545,3400,4026,2568,3272
"COG0796",1924,1370,1077,2547,1355,1077,1057,1317,1237,3221,1359,1345,1610,1633,1317,1543,2526,1744,1455,1713,336,1605,845,572,1611,2241,2047,2655,2295,1690,1783,1423,2404,2398,1783,656,2721,1746,1129,1371,699,1041,1123,1378,1522,1541,851,1447,1044,1773,899,2774,1615,1622,3787,1173,1468,999,3348,1449
"COG0797",1570,1062,1014,1290,1004,1098,1119,1098,1033,1044,1274,938,1081,1311,838,785,972,1359,1341,907,1989,778,1006,864,706,828,735,1025,903,1810,949,1200,927,967,1622,1179,1238,1112,997,1525,588,1279,1099,736,1176,805,2395,802,1080,803,892,904,1465,813,666,984,1251,800,1189,1240
"COG0798",1356,266,174,1446,246,177,379,425,451,806,1273,371,295,296,760,119,879,1242,573,1672,2787,526,250,386,224,145,501,935,783,2442,438,1057,731,695,1454,1290,1041,1030,186,678,92,783,63,190,526,134,2712,215,538,361,253,738,1318,408,217,672,224,59,2226,816
"COG0799",1204,2435,2767,1840,2325,2632,2352,2331,2754,2353,1121,2632,2510,2467,2411,2123,2006,2246,2242,2603,805,2508,2791,2370,2693,2558,2394,1891,2438,1655,2263,2165,1918,2052,2954,657,1878,2499,2542,2341,2621,2067,2657,2580,2153,2458,956,2513,1929,2735,3092,2482,2122,2530,2389,2525,2561,2834,2175,2104
"COG0800",1872,1106,964,1013,1257,960,1156,1016,1360,2744,1284,1704,1902,1704,495,2444,960,1542,1178,1535,3397,1837,540,995,1798,2261,1852,870,2183,1945,1109,990,899,831,1976,841,1229,1062,1351,1242,999,984,993,1644,978,1484,1583,1708,602,1892,1172,2803,997,1686,3330,1134,1550,478,922,934
"COG0801",2116,3242,4003,2341,3288,3680,3104,3313,3986,3287,2108,3997,3205,3389,2970,5247,2341,2815,3236,4096,2567,3311,3960,4910,3804,3619,3162,2559,3122,2483,3201,2970,2562,2580,3703,1438,2486,3213,3440,3032,4285,2658,3731,3515,2839,3574,1495,3410,2423,3614,4589,3200,2980,3150,3564,3625,3475,4155,1734,2746
"COG0802",1751,2786,3419,1914,2687,3245,2657,2692,3462,2841,1435,3178,2982,2990,2779,3177,2140,2632,2386,3254,1532,2933,3402,2842,3246,3313,2794,2062,2754,1984,2499,2622,2163,2373,3476,816,2021,3016,2867,2539,3488,2494,3418,3239,2525,3134,1053,3045,2327,3089,3667,2839,2543,2840,3183,2914,2936,3604,2070,2596
"COG0803",1207,3270,2067,1114,3614,2226,2993,3113,3107,8669,924,3005,4447,4536,4305,2242,1212,5436,1303,3221,621,5222,1873,630,3194,6356,5929,868,7238,762,1708,1644,1216,1556,3395,881,890,4458,3652,1512,2222,4508,2521,4333,3828,4254,1642,4321,3106,5093,2019,7911,1977,5046,10487,2895,4037,2096,484,3402
"COG0804",1335,1987,1600,3155,1035,1758,2971,2370,1989,2168,541,2715,4358,1490,2154,67,2873,3266,2316,3566,1157,4658,1135,1660,761,6397,6287,3021,6326,2203,2646,1982,3134,3371,3885,783,2668,3334,2812,2124,366,2916,431,4779,974,1233,1781,4233,1306,5148,3242,7125,1524,4558,3228,2413,3802,198,3691,1758
"COG0805",4062,5858,6345,4695,5677,6275,5785,5938,5729,5472,3374,5839,6009,5708,6007,5620,5271,5592,4976,5990,2314,6437,6392,6146,6021,6113,6395,5287,6167,3731,5495,5031,5011,5062,6406,1727,4842,5781,5939,4854,6485,5209,6121,6420,5539,5847,2048,6078,5085,6234,6449,6067,4783,5772,5519,5950,6181,5976,4855,5472
"COG0806",1035,1757,2082,1707,1694,2061,1672,1771,2298,2719,987,2319,1958,2161,1510,3049,1558,2149,1803,2590,1340,1960,1888,1578,2370,2638,2162,1681,2176,1636,1850,1603,1718,1581,2399,650,1718,1794,1834,1700,1457,1864,1987,1951,1751,2095,980,1849,1621,2358,2670,2700,1541,1807,3271,2009,1977,1694,1665,1697
"COG0807",3413,7835,9013,4824,8470,8902,8467,8150,9281,9437,2314,8794,9226,9387,7699,5163,4553,7914,5726,9700,5134,9168,9176,8347,9607,10246,10111,4584,9701,4966,6377,4763,5079,5457,8537,2978,4808,8707,8884,5477,8180,7626,9827,9968,8020,9412,3831,9282,7418,9383,9998,9953,4305,8889,10080,8209,9370,9074,3323,6538
"COG0809",3175,4029,4442,3609,4434,4483,4150,4109,4477,6590,2797,4905,5207,5202,3527,5706,3525,4791,4744,5187,3037,4931,4824,4156,5572,6178,5802,3914,5974,3657,4415,4323,3949,3344,4587,1615,3643,4637,4167,4436,4563,3947,5685,4696,4068,5454,2273,4859,4577,5274,3743,6896,4508,4842,7546,4555,4574,5433,3749,3734
"COG0810",3693,2297,2435,1932,1886,2549,1928,1995,3154,2370,2766,2887,1589,2779,1369,2844,1677,2006,2125,2683,8502,2298,2656,2806,3367,2843,1672,1943,2059,4270,2068,1280,1733,1474,1726,2508,2440,1470,1555,1872,2104,1651,3648,1773,2082,3035,885,1460,3804,1784,3374,2114,1375,1974,2624,2141,1933,2187,3069,1677
"COG0811",7104,7576,8724,5928,7624,8891,8071,7387,9977,6918,5652,10234,6945,8652,6448,9901,5836,6472,6553,8708,11627,7727,9279,10039,11400,9043,6215,6043,6961,8760,7204,5494,5951,5360,7686,4528,7069,7029,7032,5886,7075,5924,9765,7270,7583,9424,4576,6866,10212,7096,11268,6392,4980,7217,6935,7493,7698,8477,7707,6762
"COG0812",3526,5170,6430,3787,5599,6349,5982,5559,7423,6013,2745,6674,6900,6335,5208,5788,4184,4756,5175,6875,2588,5950,7010,7322,7146,6526,5980,4032,5714,3463,5351,5486,4332,4488,7157,1744,4241,6443,6037,5307,6991,4314,7063,6482,5152,6543,2074,6662,4679,6609,7702,5793,5120,5770,6742,5924,6372,7217,3600,4777
"COG0813",89,243,289,64,416,281,233,269,309,198,146,309,229,270,267,88,33,194,27,212,208,150,181,151,406,276,189,83,161,201,139,1,62,60,337,2872,131,184,289,13,1134,198,257,212,223,353,1108,221,221,303,104,258,12,329,270,418,259,343,177,160
"COG0814",903,613,236,42,556,269,327,166,221,42,1760,58,189,224,26,567,15,89,10,35,380,500,20,166,38,21,129,44,49,404,119,94,16,27,16,101,386,41,279,76,12,163,20,29,55,73,20,63,33,265,58,97,216,117,32,137,99,22,548,22
"COG0815",5066,7844,10174,6867,8221,9785,8624,8973,11130,8516,4676,10583,10278,9333,7646,7623,6654,7764,7946,10756,4012,10331,11124,11933,10842,10016,10666,6265,10557,6196,8109,8905,6364,7415,10356,3915,6764,10178,10389,8520,12757,6816,10699,11218,7723,9574,3762,10811,6747,11098,11765,9924,8372,10095,8905,9558,10766,11499,5992,7680
"COG0816",1534,2657,3111,1506,2482,3085,2611,2661,3307,2717,1392,3033,3013,3113,3062,3113,1663,2431,2358,3240,1194,3007,3368,3175,3299,3301,3059,1666,2770,1450,2476,2548,1725,1940,3415,703,1574,2841,2728,2506,3098,2139,3326,3388,2493,3141,823,3065,2137,3186,3579,2786,2419,3033,3244,2780,2942,3246,1210,2202
"COG0817",1381,1369,1276,1555,1596,1228,1341,1297,1486,2471,1223,1532,1413,1601,1175,2360,1501,1912,1944,1568,1271,1405,1232,1221,1659,1820,1424,1730,1781,1563,1724,1950,1687,1600,1944,761,1678,1496,1249,2016,1013,1658,1417,1082,1504,1530,1273,1271,1248,1444,1115,2252,1991,1364,2712,1445,1451,1315,1500,1619
"COG0818",238,98,73,144,92,78,85,90,167,458,141,175,155,194,37,461,126,216,140,272,598,202,61,112,223,329,195,138,282,301,447,229,370,360,847,433,509,404,340,294,144,252,289,244,174,575,220,335,281,791,355,1214,236,664,1880,415,416,102,511,147
"COG0819",138,318,352,817,339,367,260,388,1286,2510,114,883,902,835,813,695,638,1432,232,787,365,1148,175,234,964,2132,1582,373,1812,456,344,346,671,855,300,105,425,607,430,292,117,889,551,1153,644,1112,1099,1099,185,1081,732,1844,349,1182,3769,294,522,122,179,704
"COG0820",2757,5021,5047,4609,4621,5034,4343,4730,4964,6205,2544,5537,5035,4986,3917,6882,4230,4467,4700,5443,2645,4826,3938,5115,5535,6020,4368,4665,4900,3955,4441,3634,5212,4584,4469,1750,4015,4475,4046,3997,3220,3904,4282,3872,4833,4803,3454,4421,4338,4824,4465,6108,3705,4196,6924,5066,4509,4034,5452,4049
"COG0821",4364,6715,7546,4988,7257,7523,6921,7316,8580,8122,3385,8061,8182,8425,8693,5979,5512,6792,6716,8466,3104,7909,8682,7139,8277,9046,8784,5159,8181,4270,6499,7158,5384,5710,6906,1958,4800,8100,7598,6944,8748,5960,9384,8618,7340,9052,2656,8094,8077,8262,9252,7841,6937,7931,9088,7595,8000,9975,3194,6965
"COG0822",2964,2327,2506,2664,2135,2509,2240,2571,2394,1154,5616,2597,2144,2059,3325,2159,2708,2242,2698,2232,357,2579,2622,2142,2216,2134,2106,2540,1785,1569,2681,3176,2626,2980,2396,5328,2073,2083,2500,2764,2816,2478,2354,2546,2432,2452,3434,2333,2505,2438,2452,1395,3045,2544,1287,2515,2346,2356,1729,3054
"COG0823",24121,10516,10795,13409,8865,10898,10622,11245,9996,6509,21687,9324,8432,9815,12495,7360,16127,12030,17605,9345,11118,7461,12994,9959,9400,8081,7040,15314,7009,12559,13677,23667,15852,13186,8405,5710,14298,10547,8997,18776,9021,12043,15347,8074,11922,10871,5491,8986,14329,6934,10017,5479,25601,7998,6362,11216,8528,12493,11534,14443
"COG0824",3993,5971,6697,5552,5791,6352,5563,5523,6356,6614,3289,6641,6286,6281,4560,9939,5409,5389,6333,6058,4451,6246,6024,5766,6674,6669,6185,5929,6318,5845,6075,5639,5719,5382,7100,2544,5712,5449,6579,5609,6087,5390,6074,6577,5433,6420,4524,6265,4549,6585,6955,6864,5766,6076,6921,6180,6614,5903,5260,4250
"COG0825",3869,5885,6912,6135,5692,6840,6761,6388,7557,6287,3782,7258,7173,6830,7436,7746,6610,5424,7176,6975,2423,7147,7351,9219,7424,7455,6862,6491,7029,4478,6701,7377,6903,6538,6916,1612,5466,6956,6992,7529,6541,5316,7435,7307,5870,7226,2492,6919,6855,7455,8159,6982,6805,6801,7316,6627,7273,6975,3677,6394
"COG0826",4604,737,201,2757,1325,293,1278,499,347,1169,5736,225,1691,1775,215,92,2342,656,5326,106,6170,419,267,271,178,133,463,2736,639,3421,3335,7524,1905,1804,2350,1685,2137,767,1653,7143,162,472,57,242,615,170,1094,484,449,327,61,556,6763,309,273,436,1984,64,4712,1064
"COG0827",832,211,1522,843,446,895,305,269,314,546,1941,419,167,424,416,191,552,726,400,144,2707,674,370,356,380,219,282,739,639,987,343,358,672,468,192,2156,778,260,170,495,3228,171,483,258,347,430,503,282,175,488,305,361,399,613,510,191,216,407,443,313
"COG0828",680,945,1185,547,835,1073,1182,886,1128,994,1228,1262,1103,1002,1142,1243,532,900,566,1154,889,1231,1105,1037,1052,1326,1228,515,1182,651,727,423,501,663,1175,976,538,1011,1009,635,1084,782,1012,1223,834,1105,697,1086,1240,1412,1422,1222,412,1206,1285,879,1151,968,606,665
"COG0829",658,1048,979,1457,667,1046,1503,1316,1202,1019,300,1410,2112,912,1482,13,1320,1864,1077,1855,604,2391,647,681,356,3271,2824,1494,2920,1109,1148,977,1325,1509,2204,327,1247,1595,1475,1047,207,1451,204,2144,1073,586,1012,2162,925,2716,1677,3510,807,2193,1477,1338,2036,89,1742,1413
"COG0830",585,817,798,1199,438,799,1185,1067,882,778,220,1062,1620,669,1109,17,1095,1259,830,1469,427,1681,508,522,205,2384,2095,1189,2133,917,948,786,1114,1147,1592,236,1072,1213,1093,779,174,1178,140,1664,810,392,700,1618,712,2201,1102,2550,656,1573,1054,960,1502,70,1385,1015
"COG0831",277,588,383,661,224,367,598,530,378,388,107,501,804,352,561,20,524,676,605,634,235,769,205,246,108,1122,932,693,1012,483,648,551,586,619,674,109,533,544,578,470,70,632,69,804,447,191,325,622,374,797,620,1196,388,738,490,464,698,37,691,632
"COG0832",330,610,357,848,126,387,537,437,412,290,118,418,681,186,377,15,733,559,629,578,196,726,216,251,124,1062,852,715,995,467,719,587,820,803,566,97,665,566,461,460,109,687,65,809,177,216,221,679,213,807,598,1118,473,713,491,479,576,21,925,414
"COG0833",14,0,0,9,2,0,0,0,2,3,3,9,1,0,23,0,1,1,1,1,8,2,1,7,0,0,5,0,5,5,0,0,8,4,0,10,7,4,0,4,0,1,1,3,3,0,51,4,0,9,0,5,0,85,0,0,0,1,3,6
"COG0834",2757,3744,3759,3250,3051,3911,3834,3814,4120,3104,3420,3980,3436,3533,4271,3371,2839,2815,3200,2896,3747,3237,4041,3233,3264,3462,2812,3073,2701,3539,10241,9978,7958,9016,9626,10927,9933,10773,11572,9493,15454,9221,9445,10501,9451,10601,10194,10548,14329,10363,9044,6690,9067,9902,8970,12222,10437,11420,10510,9693
"COG0835",2883,111,93,1508,317,92,193,220,385,911,2509,134,92,230,175,437,456,925,682,78,8606,386,149,243,260,114,97,806,846,3476,467,417,293,544,189,2982,1474,244,270,367,60,361,91,195,315,207,1536,157,732,195,96,410,482,405,330,252,197,31,2617,614
"COG0836",4623,3489,4087,4228,3451,4005,4230,3907,4174,6244,3905,4000,4697,4279,4622,4717,4594,4718,5303,4170,4672,4727,4510,3732,4290,5340,5343,4059,5033,4619,4578,5842,4261,4383,4284,2263,4591,4831,4143,5241,4083,3662,4337,4624,3783,4709,3221,4534,3958,5109,4255,4560,5335,4652,6816,3827,4473,4161,4119,4811
"COG0837",793,1370,1538,660,1539,1514,1597,1126,2170,3810,757,2186,2523,2403,630,2341,513,1489,1194,2485,2025,2720,1163,1577,2509,3920,2855,886,3043,1184,1319,1168,724,765,2396,656,880,1640,2047,1257,966,934,1707,2585,847,2366,1507,2119,992,2990,2617,3973,1134,2510,4897,1425,2709,810,640,587
"COG0838",1851,2468,2512,2363,2293,2595,2517,2679,1990,2034,1692,2022,2532,2337,3293,2430,2578,2774,2854,2290,305,2222,2563,1821,1952,2248,2355,2571,2051,1717,2515,3213,2615,2637,2118,473,2206,2601,2538,3069,3429,2967,2309,2356,2325,2210,1015,2493,3197,2360,1847,1915,3274,2167,2031,2570,2277,2946,1689,2826
"COG0839",2341,3389,3299,3176,2757,3298,3167,3421,3267,2968,1698,2996,3772,3200,4145,3094,3592,3127,3366,3121,286,3045,3210,3210,2849,3145,3564,3607,3194,2063,3340,3863,3569,3729,3144,556,3027,3401,3399,3534,3979,3200,2668,3488,3298,3174,1474,3682,3156,3459,3058,2913,3356,3041,3250,3400,3434,3273,2936,3639
"COG0840",29877,648,357,16887,3316,573,1912,1490,4792,9043,26287,1099,859,2583,2132,1313,4887,10400,7154,819,82765,4628,1745,1059,2511,1340,1093,9378,9391,43918,4427,4307,3100,5367,2268,36828,19162,3459,1966,3809,628,2745,1020,2656,2758,2032,47330,1617,10287,1388,1096,3771,5030,5238,3655,2164,1552,428,46395,5305
"COG0841",41335,27386,28309,28733,28149,29337,27253,26051,34919,26637,32340,31684,26666,29929,24252,35479,22615,29035,25617,25630,90322,28456,30085,35974,32173,24394,20203,21761,28831,54327,25601,19289,21849,23087,33163,33567,35063,26541,25384,24297,27269,23302,29590,24675,26617,28561,40537,25462,32052,25855,32370,25614,18959,25817,18574,26901,27044,27114,42749,25055
"COG0842",7630,8199,7437,9570,6205,7613,6943,7336,7287,6182,5303,6498,6714,6834,8284,6657,8857,7464,7582,7255,11956,7332,7427,7902,6634,6924,6870,9005,7952,10311,7886,6888,8280,9058,6870,4974,8366,6924,7219,6841,7208,6344,7214,7808,7195,6758,6015,6985,8623,7684,7430,7191,6365,6946,6188,7298,6860,6831,10983,7107
"COG0843",13357,16287,14681,11309,15133,15389,16928,15461,15362,19052,9976,13969,15776,16828,18331,20917,13029,13352,17926,14288,7994,14973,16132,19015,16346,19204,14296,12391,14605,11073,16419,17465,13387,13067,14807,5842,13270,15984,14839,17415,16049,14245,16857,14739,15132,18263,5839,15015,21944,13878,14590,14118,16307,14177,21326,15653,14457,16960,11610,13757
"COG0845",28998,11396,12547,17484,13477,12703,13617,12050,16911,22415,24045,14971,13846,16320,10953,13147,13557,18240,16852,14047,60246,15542,12590,14943,16114,16921,13289,12506,19063,33460,13991,14422,13122,13446,15933,19006,21833,13391,12089,17410,10243,11348,13622,12839,13354,14751,33854,13345,14746,14640,13753,18463,15892,14764,19976,12728,14091,11329,21682,13514
"COG0846",2662,1845,1531,3389,2261,1541,1820,1736,1472,1837,1689,1287,1526,1806,1476,1571,3329,2168,2153,1798,1965,1750,1481,1421,1688,1806,1520,3399,1536,2699,2508,2615,3018,2987,1649,952,3350,1507,1907,2325,389,2370,1913,1588,2068,1856,1793,1388,1546,1523,1934,1780,2681,1616,1445,1443,1680,1617,3875,1917
"COG0847",6293,6839,6886,4704,6637,6764,6267,6246,6991,6374,6469,6784,5675,6242,4999,9583,4289,6102,4994,6349,12445,6245,6712,7876,7142,6165,5810,4624,6316,8137,5614,4744,4550,4364,6411,5346,5639,5930,6204,5094,6126,5707,6880,5784,5546,6680,3004,6093,5607,6240,6535,6465,4901,5711,6579,6138,6104,7128,6522,4683
"COG0848",2292,2770,2951,2550,2483,2981,2703,2605,3386,2213,1804,3384,2444,2865,2556,2876,2479,2376,2414,2832,4306,2693,2942,3507,3584,2923,2086,2634,2430,3302,2681,2304,2344,2523,2730,1600,2613,2541,2776,2087,2588,2246,3129,2674,2814,3140,1452,2437,3073,2692,4106,2184,1952,2644,2579,2706,2784,2747,2389,2861
"COG0849",4635,5269,5821,4898,4746,5875,4614,5070,5472,3578,3999,5850,4084,4944,5071,7249,5252,4919,5996,5406,3518,4906,6568,5306,6276,4705,3899,4968,4368,4663,5872,6646,5320,5624,4613,1779,4923,5349,4655,6351,4932,4923,6680,4576,5425,5233,2490,4434,5035,4327,7163,3898,6220,4275,3454,4853,4856,6010,4509,6226
"COG0850",740,125,63,428,283,105,335,160,689,2134,513,520,964,873,131,4,254,801,158,907,1025,697,67,58,557,1535,982,167,1177,713,69,10,49,149,319,158,139,215,142,45,7,115,87,204,52,249,53,255,70,327,105,562,19,255,947,94,260,3,128,48
"COG0851",191,91,57,147,99,69,115,84,147,1192,127,272,445,335,64,5,66,388,55,520,246,443,34,43,343,965,582,50,711,234,100,13,41,114,278,217,109,278,156,71,11,131,172,364,65,434,36,384,85,527,217,856,14,474,1549,190,257,1,148,45
"COG0852",2880,3877,3801,3776,3614,3650,3844,3966,2980,2967,2003,2994,3518,3401,5160,2607,4469,3787,4003,3459,400,2994,3784,2676,2623,3385,3275,4508,2735,2553,3941,4197,4261,4286,3270,837,3783,3694,3832,3930,4707,4327,3507,3594,3857,3523,1271,3697,4569,3372,2888,2580,4057,3072,3254,3945,3504,4225,4153,4363
"COG0853",230,757,679,305,536,677,403,544,568,720,271,736,294,557,339,549,274,459,331,666,119,430,572,689,593,356,355,264,423,434,401,299,289,288,548,265,325,528,355,339,588,469,443,398,463,456,319,337,438,336,704,368,301,374,365,593,372,336,529,357
"COG0854",1586,3515,4479,2131,3478,4373,3776,3695,5007,4091,1369,4888,4378,4165,3309,4806,2209,3096,2927,4581,1897,4589,4510,5217,4927,4719,4378,2277,4558,2295,3219,2955,2348,2460,4904,1246,2318,4138,4099,2980,4714,2633,4202,4879,3213,4388,1693,4388,2849,4883,5592,4615,2590,4284,4577,3779,4514,4021,2287,2913
"COG0855",2179,3325,1798,1930,3157,1901,2743,3519,3177,8574,2019,3645,6520,4346,1614,2053,1384,4786,1250,12424,5312,5394,1931,14043,3986,5948,6780,1225,7406,3778,2003,576,1469,1449,14269,2575,2792,10138,3941,1015,1010,3032,2357,4427,2004,3689,5483,4959,1330,5611,3539,8220,698,5405,9544,6316,4753,2273,4055,1662
"COG0856",60,447,331,117,363,289,386,376,4,376,21,69,144,187,116,3,171,310,132,180,65,81,277,0,59,137,120,246,104,84,276,40,219,93,35,49,169,372,325,84,3,501,313,153,231,276,0,169,386,48,30,121,33,136,217,304,200,104,56,218
"COG0857",1875,344,192,1171,538,253,736,460,954,3977,1275,1133,1855,1636,1246,903,760,2269,561,1704,2384,1793,232,385,1134,3165,2282,475,2891,1866,528,465,600,664,1281,1040,1163,1158,862,962,52,1101,746,1413,671,1394,218,1494,694,1952,846,3490,578,1787,5073,536,1383,89,1132,790
"COG0858",1180,2053,2720,1507,2304,2597,2283,2272,2793,2191,1128,2700,2394,2382,2257,2908,1700,2049,1871,2627,942,2329,2503,2080,2577,2316,2033,1574,2296,1502,1964,2123,1715,1782,2524,721,1649,2280,2149,1976,3200,1787,2578,2257,1911,2471,1005,2340,1942,2358,2556,2211,1965,2005,2483,2503,2297,2891,1405,1994
"COG0859",7866,8850,11137,10646,8716,10566,9781,10091,10430,5229,8939,9109,9234,8902,10002,10461,11777,6921,13971,9289,3748,8985,12870,13590,9171,7343,7680,11500,7320,8914,11836,15213,11206,11646,9847,3272,10424,10094,9606,14069,11030,7915,10645,9781,9081,9034,4979,9658,8449,9020,11137,5087,12873,8594,4604,10032,9455,11871,12370,12529
"COG0860",4207,3470,3829,2819,3443,3845,3436,3044,3891,5782,4071,4120,3735,4494,2319,5320,2717,4031,4527,4183,3321,3509,3681,3764,4948,5104,4122,3449,4269,3588,3668,4427,3327,2530,3946,2460,3870,3532,2971,4542,2890,3767,5028,3021,3665,4323,3278,3345,3598,3548,3017,5078,5209,3606,6529,3678,3658,3559,3448,3174
"COG0861",1075,3257,3743,2013,3640,3815,3877,3436,4287,3340,1068,3910,4352,3732,4333,2373,2278,2899,2338,3746,902,4785,4282,4207,3539,3688,4266,1695,4711,1583,2510,2443,2052,2790,4229,1641,2206,4336,3913,2813,4737,2502,3810,4801,2850,3822,2046,4376,3320,4969,4232,3962,2094,4614,3515,3414,3988,4384,1070,2866
"COG0863",33151,5497,7893,6466,9002,7219,7387,7686,7157,4761,56259,9802,10026,7164,9564,4221,7062,5019,5919,8245,1994,10209,8520,7520,8692,7673,18428,6840,7147,4533,8491,7788,6429,7614,6531,100351,5931,6979,9137,7197,11287,6927,9486,13456,7359,8488,16071,15283,6552,8934,6120,4367,7878,20063,5395,7653,8041,9046,6491,7653
"COG0864",208,257,75,369,61,87,73,229,0,176,34,0,11,54,362,5,370,122,162,13,30,33,30,6,5,3,19,449,47,213,217,43,306,370,19,66,336,21,65,28,56,230,9,22,445,4,185,10,297,6,0,11,20,26,14,139,49,20,548,528
"COG1001",2301,1656,1107,3898,701,1092,635,1455,466,456,413,563,314,947,1635,1190,4394,708,1416,291,1429,362,558,163,1074,273,199,4536,271,1968,2524,1069,4197,3957,313,147,4032,490,390,1006,471,1070,679,166,2355,713,1577,268,1240,309,198,387,1052,198,461,1127,409,506,5244,1986
"COG1002",1827,1864,1452,2399,2193,1519,1706,1363,1093,4405,2693,891,757,1592,1020,513,1779,2259,1152,838,10145,1260,1293,580,1034,1008,916,1963,1900,3316,1496,1156,1988,1882,589,2537,2088,1760,1107,910,810,2170,1474,881,1780,1735,5013,949,1529,814,928,1448,1146,1090,2681,1006,776,1363,1445,2028
"COG1003",8501,14149,14155,7540,14797,14529,15372,13888,15006,15251,6801,15613,21240,16044,15764,13867,8516,12549,13043,19644,5743,17525,15267,14018,15834,16355,21428,9967,17961,7902,12997,12120,9318,7513,16004,4878,8441,15335,14996,13413,13599,12656,17890,20525,12685,16631,4970,22673,15525,17392,11856,17191,11897,22423,16387,14514,15448,17167,9863,10808
"COG1004",14090,6944,8737,7902,10340,8460,8291,8741,9612,8883,24366,10373,10429,9638,11010,6637,8139,7802,7929,10981,4583,10495,10616,11448,10058,10621,14288,7870,9666,6958,9378,8794,7618,8879,8492,37917,7391,8967,9954,8550,11874,7743,10629,11955,8841,10283,17076,12161,8510,10822,9428,8181,8889,16565,10063,9137,9508,11117,8454,9242
"COG1005",5735,7496,6946,8345,7040,7084,7950,8174,5875,6743,3952,5596,8191,7215,10231,4720,9269,7874,8220,6696,1010,6229,7570,5307,5382,6958,7970,9690,6272,5302,8106,8325,9204,8937,6044,1459,8270,7988,7900,7926,8919,8650,6807,7826,8068,7376,2160,8240,9626,6920,5837,6156,7876,6690,7092,7874,7449,8609,7968,9091
"COG1006",311,189,142,515,203,142,175,201,279,250,294,292,202,166,126,236,435,323,295,176,100,312,124,406,232,224,173,377,268,384,246,396,375,413,341,301,481,189,196,356,76,318,106,219,221,193,648,192,122,235,357,266,426,230,153,179,186,107,263,251
"COG1007",7131,10347,9884,10329,9579,9890,9950,10700,7963,8010,5224,7970,11027,9438,12468,7762,11380,10004,10491,8947,1170,8948,10386,7586,7319,9519,11092,11790,9037,6817,10650,11696,11582,11310,9310,2019,10104,10908,10853,10657,13537,11336,9136,11258,10532,9270,3337,10987,10168,9843,8185,8444,10641,9486,8605,10329,10436,11820,9556,11643
"COG1008",6498,10116,10035,8851,10904,10277,12094,11237,9091,14381,5861,9569,15284,13138,13133,7621,10155,11855,11340,11740,1240,11266,10829,8518,9236,14634,15019,10087,12753,6675,10682,12204,9822,10358,13638,3979,8715,13119,15614,11535,13367,11584,10373,13791,10145,11996,3382,14191,11271,12895,9474,13129,11531,12097,16711,11100,15423,12277,6309,11019
"COG1009",8135,13844,12644,13547,12995,12648,14378,14319,11197,12582,6376,10997,15926,13967,17283,9856,14072,13660,13518,12098,2326,11407,13449,11788,10098,13471,13992,14403,11713,9934,13156,13719,14275,14166,14584,5030,12851,14852,14381,12768,17495,15196,12223,14384,14206,12843,6915,15257,15550,12876,10990,11200,12088,12288,12878,14014,14295,16022,11068,16545
"COG1010",711,1127,583,1522,1250,720,1166,1178,1531,5798,153,1636,2923,2818,1073,580,1682,1825,1180,2596,79,2287,222,307,1914,4656,2725,1712,3331,791,1409,947,1482,1690,2401,449,1530,1669,1510,1144,282,1280,940,1825,1602,2533,846,2135,801,2762,1369,4301,1030,2190,7953,1086,2067,122,1835,1383
"COG1011",7622,8716,9672,8560,8263,9417,8218,8582,8546,4796,6716,7874,7215,7409,10321,8505,9054,9902,8870,8005,6656,8702,9506,9251,8063,6740,6309,8154,6634,8278,8342,10453,9015,9521,8166,2651,8290,7655,8763,9308,7358,9964,8241,8106,9278,7467,7668,7682,7949,8058,9328,5584,10433,7454,4148,8501,7947,10533,6669,9039
"COG1012",37053,56048,59484,46768,53197,61067,56427,55617,60618,38335,29638,55863,45595,51774,52688,71388,51611,39184,51720,46938,41790,48781,61165,53524,58467,43292,39829,55922,43206,47895,54101,46274,52728,47691,48256,22618,51820,51623,50941,47138,57369,43525,54489,47341,50587,55299,31812,48288,66496,48466,56653,42189,45955,44721,34630,56812,49121,55335,42644,45248
"COG1013",9623,3740,2790,6164,2639,2840,3271,3818,664,2257,7932,992,1984,2097,4065,665,6178,3901,14144,2243,598,1196,2643,2003,917,1478,1691,7012,1155,3554,7718,16638,6325,5777,1395,662,5180,2918,2981,18034,2249,4897,2946,1772,4451,2022,1042,2140,4378,996,956,945,18092,1564,1305,3120,2419,2775,5066,5418
"COG1014",13667,6559,5675,11432,5443,5967,6992,7148,3568,4509,11256,3118,4974,5140,8644,1807,11487,7741,18618,5300,861,3847,5511,4878,3879,3892,3879,11575,3802,7631,11562,21460,11952,10650,6100,1769,9623,5638,6910,22147,4963,10720,7307,4853,9246,4339,4826,4591,9348,3818,3614,3826,23745,3456,3514,7112,5859,6895,10264,10264
"COG1015",192,684,916,390,869,797,729,822,663,398,175,618,854,864,540,1663,390,207,872,526,204,296,664,661,861,651,800,576,310,521,866,898,582,556,771,487,533,716,955,922,2052,389,670,958,631,832,1298,935,538,700,340,440,820,584,284,999,813,1357,382,342
"COG1017",223,2,1,45,10,3,5,6,28,38,155,2,1,11,10,1,43,88,42,4,235,11,3,4,21,0,1,41,73,451,124,36,41,93,12,588,323,36,5,30,19,35,8,15,22,15,326,14,75,17,9,107,33,147,33,11,6,0,482,24
"COG1018",6189,3723,2488,4567,1971,2444,1487,2560,2507,2139,4666,2534,1109,1589,2876,8066,3730,2816,3556,1351,8736,2116,1044,1670,2480,1142,969,4104,2228,6911,3614,3819,3833,4005,1917,4375,4781,1197,1300,2742,2363,2698,1086,1377,4141,1457,8078,1261,3083,1486,1650,2174,3401,1815,1420,2437,1264,1182,5155,4118
"COG1019",198,222,104,456,68,111,148,185,0,44,24,3,37,40,187,8,450,185,140,55,18,50,98,0,13,60,24,541,42,190,871,145,1526,1311,25,34,1404,405,404,181,54,514,333,112,689,275,0,134,705,39,5,89,86,85,182,420,259,60,1897,818
"COG1020",1376,1851,999,1857,2625,1014,1448,932,1193,2050,1176,1635,682,1331,545,5793,1874,3137,772,498,3176,1548,613,372,843,406,478,1299,2279,7727,1013,997,1270,1338,557,2263,1428,634,862,567,333,1103,378,402,1056,754,20513,645,986,936,708,1090,901,570,662,846,560,392,5099,1164
"COG1021",128,55,35,239,35,36,59,72,77,28,75,112,16,13,34,76,181,110,86,50,64,42,42,62,21,34,20,343,59,252,84,348,211,194,31,68,263,52,6,121,23,223,4,31,64,10,10,42,27,23,20,82,431,34,6,30,5,9,162,125
"COG1022",15317,11098,12550,10350,13086,12382,13309,12989,12366,12770,15002,11130,14454,12515,12940,9437,11553,11782,16490,13244,8488,13149,14030,13028,11998,13317,14483,11003,13468,9391,13475,19377,10703,10212,13896,5853,10648,15280,14351,18059,15977,11877,14377,14735,10912,13374,6528,14832,13151,14344,12102,12864,20037,13455,13292,13447,13935,15323,9027,10967
"COG1023",1576,423,444,323,217,540,511,194,26,290,968,297,291,238,570,95,275,330,146,109,42,133,84,58,43,50,654,166,104,159,141,226,265,343,715,2080,199,97,3937,209,662,416,163,67,357,124,757,296,265,450,15,238,308,165,86,138,2822,116,70,312
"COG1024",8607,13921,13415,12623,12157,13367,13776,13274,11446,8752,6735,11640,9876,11510,11773,12627,12355,13985,13188,11349,9121,11736,12408,11330,11614,10518,8861,12619,9822,12016,36123,36564,39381,37464,33719,13394,35537,34794,35772,38282,24345,49253,35537,31226,42078,34019,27522,30152,40849,31767,36038,31599,39188,29121,20372,38620,33949,38251,27525,37727
"COG1025",2848,1079,637,3089,1097,719,1067,1014,829,1146,2380,883,676,775,727,992,2547,1714,2528,1162,9353,1362,1057,1097,557,758,892,2561,1404,4620,1898,1871,2129,2063,706,2034,3189,998,1294,1599,608,1362,1438,630,1149,1044,524,927,1285,778,359,987,1489,1424,758,1110,811,700,2599,2330
"COG1026",895,2364,2100,1064,2032,2155,1733,1374,1969,1186,439,2423,1710,1992,732,4446,756,1088,1279,2186,3173,2002,2001,3320,2825,2207,1836,1053,1839,1324,1209,1166,807,850,2345,404,884,1130,1843,973,1598,1200,2331,1713,1700,1976,23,1458,1857,2154,2161,1972,899,1507,1423,1713,1973,1609,451,1875
"COG1027",1551,1088,369,2699,212,352,228,635,31,94,348,13,52,41,1092,762,2569,362,750,6,212,148,67,6,6,2,27,3199,154,1256,1246,449,2845,2613,63,836,2207,218,143,468,358,580,21,29,1036,12,119,18,1031,47,25,51,435,139,58,403,66,27,3507,1085
"COG1028",48685,84680,84795,88760,77480,85357,85972,86569,80165,72160,42007,81100,74643,81560,87163,69939,88323,94174,74765,81475,55787,77519,80982,83262,80189,81462,72240,82970,74868,76304,75422,67922,89259,88488,80972,31588,78980,77601,81505,75724,67738,106017,77628,75241,93550,77309,57107,74770,84175,78755,80815,79196,69045,72508,72135,87866,80379,84916,56978,92039
"COG1029",161,140,201,149,241,183,152,265,166,104,52,286,137,155,259,533,167,267,255,194,27,199,375,144,69,105,298,167,137,64,191,237,162,202,166,351,96,116,234,319,554,157,116,238,234,132,19,179,438,235,225,125,276,196,104,265,247,236,71,287
"COG1030",1987,758,782,2192,1022,762,1009,1305,690,883,1914,588,816,811,1047,6,2432,1646,2872,848,363,392,1386,815,794,628,510,2568,539,1562,1752,3326,2452,1816,599,350,2133,1139,735,3310,391,1682,1861,426,1320,938,927,806,1511,244,485,440,3585,589,773,1297,507,1743,1546,1686
"COG1031",848,1267,924,229,1025,923,1019,912,3,957,800,223,327,425,201,7,343,448,268,333,155,240,659,23,106,235,342,521,212,151,621,194,453,188,120,411,405,845,664,259,15,1291,479,244,559,466,0,337,830,101,79,249,355,252,419,615,518,273,132,560
"COG1032",44347,8481,5038,25569,5898,5052,6802,8650,3626,3568,55421,6748,8848,6733,10399,6002,27838,8245,27250,6044,5200,5528,3840,3578,2052,2961,7021,28227,6194,16362,20981,58277,23612,27633,9495,18160,23859,7539,6851,51315,4511,8150,2087,5106,11263,2550,14568,6996,8519,7497,3223,7354,58037,7948,2490,6309,7504,2891,22600,25523
"COG1033",12955,23601,23485,17716,21741,23452,19323,23243,16553,16377,11674,17718,15148,16989,17318,22424,18857,18797,24398,18824,21033,15416,23365,20950,15579,14265,13800,20598,14462,17607,22754,20708,19948,17290,13942,7299,17275,20345,20066,21099,18236,19053,22411,16376,19239,19383,2579,16932,19669,13766,17193,11498,17933,15292,11314,22821,17274,20587,14837,20518
"COG1034",4487,8050,9269,5348,8042,9100,8548,8841,8845,3112,4403,8126,8337,7589,10398,10520,6428,5060,8208,7341,509,7712,10693,10032,7419,6534,7544,7086,5750,4465,7996,9910,6336,6945,8549,1885,5769,8904,9095,9205,14381,6529,7867,9621,7615,7925,4359,9235,8890,8161,9210,4015,8942,7429,2843,9566,8530,11902,4792,7104
"COG1035",871,582,596,1413,458,584,646,614,95,119,466,195,608,243,567,57,2000,446,1873,396,40,210,512,131,217,98,410,1869,161,1059,1328,2812,1714,2057,984,78,1820,576,1083,2609,512,736,187,334,457,196,174,552,585,325,73,225,2715,153,120,626,1006,548,754,878
"COG1036",30,27,65,26,58,48,54,75,38,60,4,72,63,65,71,317,23,52,36,75,3,119,100,55,61,64,170,30,91,16,23,38,19,30,93,14,26,50,130,52,134,42,36,122,46,59,0,69,54,85,104,62,45,77,65,90,103,79,15,67
"COG1038",931,1485,1829,1621,2182,1746,2476,1864,3492,1418,1687,2940,1801,2449,1386,2451,842,1627,3056,1595,395,1948,1731,1642,3279,1894,1401,892,1710,1630,2154,4075,851,713,2237,1290,1339,1490,1682,4345,754,1969,1544,1964,2440,1953,1894,1891,950,1726,3621,1798,4601,1577,1216,1673,1778,1314,1301,1252
"COG1039",60,45,71,73,78,59,87,136,82,124,278,184,89,84,5,0,88,133,134,77,7,25,31,106,89,60,25,68,15,183,54,47,91,69,100,4,60,28,50,79,22,124,1,34,105,81,1,92,84,16,114,43,63,62,85,46,59,3,803,100
"COG1040",2096,138,58,1050,346,64,171,162,291,524,1657,394,126,212,108,986,676,430,1121,158,2000,254,40,580,220,79,74,900,371,1417,601,1712,960,838,269,581,948,163,199,1440,186,300,65,120,301,135,1872,131,239,135,170,257,2044,244,219,182,162,46,928,293
"COG1041",642,1424,799,291,1005,761,943,854,12,929,1078,185,423,430,315,117,419,651,433,369,170,349,644,4,163,280,245,447,211,179,549,268,690,339,64,94,340,813,721,337,133,1026,621,292,547,562,0,384,719,162,53,239,403,247,435,832,479,211,161,591
"COG1042",5971,5838,3492,9584,2467,3591,3005,5154,2405,2035,2585,2428,1752,1854,5203,5908,10363,4589,6934,1665,659,2696,1420,840,2122,1800,1515,11680,2275,5237,7464,6212,10099,10229,2914,757,10277,2276,2725,5449,1398,7538,753,1893,7680,1552,10712,1853,4369,2919,2005,3735,6548,2098,1536,4167,2559,1176,9933,7897
"COG1043",2356,4011,4473,2804,4174,4483,4179,4387,5350,4641,2506,5135,4810,4995,4030,3962,3174,3473,4286,5065,1644,4507,5344,4840,5597,5184,4538,3183,4364,2580,4351,4484,3157,3161,4979,1451,3004,4689,4326,4383,4459,3095,5624,4746,4127,5218,1845,4848,4377,4864,5850,4723,4095,4589,5230,4460,4539,5140,2699,3832
"COG1044",3182,4935,5721,3851,5103,5725,5126,5222,7211,7039,3193,6315,6217,6313,5272,6899,4327,4703,5560,6391,2610,6381,6565,6017,7461,7332,6803,4278,6885,3601,5517,5759,4348,4430,5879,1844,4028,6160,5314,5996,5512,3970,7289,6537,5074,6737,2514,6208,5647,6727,7435,7129,5262,6194,8098,5258,5853,6552,4328,4764
"COG1045",2707,3119,3033,2155,2848,3017,3141,2896,4001,3585,2022,3920,3626,3575,2788,2898,2108,2666,2630,3979,4564,3745,3037,4229,3429,4128,3327,2057,3555,3043,2824,3209,2131,2182,3354,1706,2489,2746,3186,2946,2573,2234,2974,3499,2694,3693,1886,3385,3214,3878,4705,3791,2836,3526,3927,2942,3256,2942,2088,2130
"COG1047",3931,2204,1317,3162,1397,1394,1297,1562,342,1483,4347,570,585,736,1222,2644,2891,1560,1713,696,2420,613,938,292,355,411,540,3332,786,2833,2202,1050,3159,2807,322,2425,3352,1072,1033,1092,999,1986,824,491,1723,802,856,590,1796,390,261,668,1151,797,625,1322,712,453,4862,2130
"COG1048",13728,14685,14390,14679,12708,14648,15077,15419,13690,7643,9248,11787,12246,11685,19845,7261,16232,12828,14334,12633,12588,11797,16941,16207,11323,9350,10365,16082,9974,13202,14582,14750,15496,15258,12058,6725,16046,15088,14303,15142,16830,15453,14499,13757,15420,12786,8314,13449,18586,11653,14106,6943,14058,11830,5266,15020,12451,16325,16454,17024
"COG1049",4428,5640,5837,2058,6134,6311,5946,4464,8728,11880,3066,8465,10656,9266,2904,11530,1581,6123,2752,9266,9782,8916,5049,6050,10120,12319,10019,2187,10949,5328,4651,1468,1749,2257,8483,3271,2549,5554,6342,1395,3321,3631,7602,8017,4672,9157,2594,8288,6315,9215,8830,13172,1099,8995,14321,5387,8190,5099,3345,1836
"COG1051",1030,1903,1845,2329,2024,1842,1960,1956,1280,1450,2864,1658,1458,1741,1803,2072,2157,2173,1710,1703,636,1714,1898,1478,1481,1358,1534,2132,1398,1950,1798,1850,2593,2102,1482,1551,2302,1734,2024,1656,1320,2738,2010,1613,2249,1713,2228,1582,2038,1256,1551,1353,2259,1592,1172,2102,1776,2592,1709,2450
"COG1052",4883,6302,7827,6892,7818,8010,7809,7511,11757,4619,4532,7803,7304,8371,10515,9200,7248,6275,5023,7170,5264,8569,9478,9076,8603,6527,6016,5630,6880,6152,6536,5648,6751,7589,7137,3845,5591,7054,6671,5531,6940,7265,8311,7855,9303,9009,4398,7528,9366,8137,11190,4780,5142,7627,3763,7088,6430,9133,5888,8191
"COG1053",11185,25028,23108,18295,24170,24762,25232,24430,22148,15272,8281,20889,21483,23636,27669,17522,21335,18637,21219,20546,7047,19942,26129,25211,22722,18497,17684,20601,16583,13028,21951,21479,21477,21339,21392,6294,18040,22587,23537,21878,22551,24313,27668,21251,25357,26000,10091,21139,31346,19652,23217,15014,20901,18709,14039,22941,22386,29011,14179,24568
"COG1054",486,2258,2583,824,2076,2576,2115,2159,2449,1904,357,2339,2268,2165,1990,2161,1011,1844,675,2199,875,2037,2569,2020,2365,2286,2044,1092,1992,884,3971,567,3269,3471,6947,1767,3232,6506,6610,818,7256,5144,7176,6565,5365,6599,1790,6482,5107,6785,6934,6140,491,6252,6389,6383,6828,7175,2178,4485
"COG1055",1269,1440,1294,1636,1260,1355,1247,1253,877,1198,800,786,778,955,901,1301,1611,1118,1642,942,1293,727,1351,807,1067,650,659,1950,765,1282,5007,3671,5016,4314,2203,1973,5190,3584,2603,4456,1520,3779,4247,1866,3485,3276,1278,2412,4335,1857,2162,2281,3410,2038,2479,3646,2285,3418,5643,3585
"COG1056",745,748,387,713,351,407,451,595,7,405,346,32,167,207,579,3,882,374,339,160,107,62,273,14,78,137,108,939,74,437,548,209,927,802,74,371,849,413,336,183,68,629,350,114,663,265,160,166,713,83,37,126,219,173,238,439,231,100,1129,797
"COG1057",1949,3108,4246,2404,3463,3883,3422,3471,4308,3526,1936,3895,3766,3515,3804,2896,2403,3395,2914,4254,1490,3761,4384,3451,3806,3840,3598,2299,3586,2303,2896,3235,2506,2815,4387,1004,2402,3743,3535,3076,4494,3131,3981,4328,3293,3501,1393,3904,2656,4205,4466,3502,3174,3668,3776,3622,3676,4386,2289,3121
"COG1058",2482,4187,4427,3399,4665,4379,4561,4951,4982,5840,2289,4840,5954,5408,5309,3469,3946,5059,4317,5557,495,4972,5185,5370,5010,5765,5797,3311,5530,2392,3966,4988,3681,4015,5114,1112,3104,5464,4917,4878,5384,4885,5597,5618,4643,5439,1426,5874,4184,5446,4756,5659,5041,5134,6494,5066,4936,6146,2213,5069
"COG1059",456,65,12,2,1,14,14,17,3,2,711,0,6,5,47,0,2,25,12,69,0,5,12,2,4,35,19,6,5,0,9,94,0,8,25,0,0,26,21,53,3,14,15,11,24,3,1,13,15,5,2,1,209,12,1,10,23,6,6,23
"COG1060",6190,7231,4732,10073,5053,4825,5159,6945,1774,4101,1196,2175,3430,3869,8057,1662,10954,5995,5788,3495,3669,1902,3824,1711,2534,2790,3251,12061,1987,5736,7410,3713,11027,10300,3114,1683,9716,4689,4276,4815,4452,8089,3455,3303,8855,3498,1147,3703,7014,2339,1370,1930,3429,2564,2069,5696,3602,4967,10699,10077
"COG1061",16656,5693,7018,4696,12769,6317,5756,5704,6846,7196,41193,11198,10191,7241,5675,5052,3591,5664,3554,8505,6984,9384,4705,5204,7411,9103,23509,3839,8436,8097,6676,3428,3104,3506,6437,96506,3317,4778,11793,4456,18968,5610,8050,14615,5368,8569,43112,15353,4804,8438,2696,5686,3594,23171,8201,6454,9860,6662,7278,4275
"COG1062",2411,3203,2406,7050,3077,2498,3262,3872,2828,2198,2469,2927,2294,2677,4098,2298,6634,5157,4896,2398,3397,2548,1865,1642,2854,1823,1645,6269,2601,5639,4488,4826,6709,6353,2292,4876,5776,2265,2780,4864,1033,6487,1554,1905,4767,1953,3841,2251,3132,2729,1723,3572,5172,2644,1797,4186,2569,2585,4440,5574
"COG1063",6458,5989,5486,10245,6533,5476,6607,7597,5439,4313,4549,4946,5471,6055,9682,4546,10423,9887,8545,5148,4016,4371,6141,6642,5534,4727,5071,9632,3904,7037,7749,8201,10711,10194,5686,2813,9436,5904,6432,9124,8760,13187,5368,5609,10478,5134,3761,5709,7290,4545,5118,3802,8518,4864,3648,6595,5383,7889,7683,12160
"COG1064",6554,4154,2826,5947,3052,2849,2977,2934,2890,1668,3594,2936,2382,3018,3450,3776,6076,2409,3216,1845,4480,1884,2430,2571,3012,2511,1950,5710,1651,4071,4060,4237,5650,5871,2522,1732,5733,1946,3183,3255,3368,2788,2574,2321,4134,2910,2984,2031,3545,1838,4202,1792,4801,1998,1485,2805,2971,2904,7776,3971
"COG1066",4520,2778,2425,2858,3222,2518,2446,2681,3396,6133,4839,3764,3946,3563,1873,4748,2626,3887,3807,4379,3635,3600,2083,2245,4109,4642,4048,2980,5026,3403,3124,4134,3029,2704,3498,3349,3164,3008,2370,3863,2304,2713,2694,2984,2361,3608,4345,3418,2134,4040,2374,6227,4612,4136,7359,2541,2913,1857,2580,2612
"COG1067",3499,1542,1137,2020,1531,1188,1586,1312,408,1789,3575,323,634,747,646,12,1153,1705,950,708,4887,501,1019,58,419,529,504,1353,866,2875,1089,671,1245,1006,188,1777,1530,1457,1271,739,25,2155,1171,623,1082,1119,2336,720,1780,245,117,527,997,683,841,1110,831,373,1506,1071
"COG1069",279,301,190,884,326,207,288,387,234,255,307,363,211,159,257,250,877,486,449,191,2257,485,103,476,362,115,152,855,314,768,504,369,848,566,120,168,1169,183,363,429,37,362,96,120,247,158,776,225,105,199,240,179,328,222,203,151,203,16,588,547
"COG1070",901,3019,3749,3083,4125,3778,4236,4050,5941,5803,1018,5773,4909,5173,3252,2015,2374,4716,2021,4863,4496,5237,3658,4055,6415,5983,5035,2339,5534,2372,2902,1167,3052,2195,5182,1370,2477,4179,4121,2291,1328,4488,4016,4507,4482,4595,2907,4880,2390,4776,5368,6510,1350,4524,7441,3596,4945,3372,1198,3002
"COG1071",7145,10022,9985,7413,13006,9914,11123,11008,7446,13247,8099,8415,8708,9992,10388,9881,8880,11140,8777,9450,3856,8022,10513,9129,10726,8620,8340,7478,8333,6165,9138,8467,9185,7418,9234,4194,7991,11429,8834,8459,8313,12997,10937,7180,10737,11041,6121,8287,12227,7934,6879,10651,8602,7895,11774,10075,7871,12276,6131,10455
"COG1072",69,557,523,306,494,510,399,448,339,154,39,363,300,316,292,243,124,425,124,255,161,330,352,233,353,298,192,214,248,78,176,191,204,102,388,66,215,382,334,249,170,337,204,238,312,198,593,239,295,286,324,226,254,291,111,507,349,531,68,340
"COG1073",5983,5821,6769,6556,8517,6689,6907,6863,6871,5126,5198,5688,6109,7295,6973,7012,5974,7825,6599,6195,11862,6532,7813,8579,7140,5605,5596,5236,5612,7209,6010,6174,6134,6349,6205,4688,6234,7250,5943,6748,5603,7926,8008,7168,8285,7376,4851,6410,6745,6049,7492,4330,6299,6102,3982,6020,5604,8969,5108,7914
"COG1074",3351,8970,7966,6343,10058,7775,7862,7477,6779,13201,3133,7942,8930,7764,2536,9137,5258,9738,7297,8353,8050,8902,5613,4883,7808,6207,11352,6093,12907,7742,7071,5195,6329,5572,9650,4572,6386,9351,7160,6602,3807,8297,5674,8094,6936,6916,6727,8352,4955,8917,4840,14474,5413,9150,10738,6960,8614,5139,7610,6436
"COG1075",1979,792,571,1192,1189,643,1209,859,902,4100,2047,767,1454,2104,843,387,1048,1641,2106,1184,1747,1084,894,381,1096,3079,1594,1440,1577,1650,1242,1685,1139,894,1489,1007,1492,1468,1199,2182,143,958,1721,997,1004,1934,846,1237,1406,1101,505,1729,1621,1707,5417,863,1433,980,2018,829
"COG1076",1795,1760,1986,2264,1305,1987,1991,1743,1941,1062,1473,1875,1482,1525,1696,3323,2261,1568,2831,1690,3347,2051,1938,1678,1583,1563,1531,2328,1815,2394,2511,3048,2256,2544,1973,959,2397,1894,1883,2709,1012,1648,1278,1943,1717,1320,1708,1686,1726,1954,2809,1771,2586,1686,900,1544,1820,1156,1814,2007
"COG1077",4077,6307,6730,4300,7428,7158,7191,7370,8397,6925,3464,7831,8183,7906,7526,5950,4869,5498,6601,8432,2776,7002,8106,7342,7813,7832,7452,5179,7055,4157,6631,7033,5285,5628,6794,2234,4872,7750,7834,6683,7683,5719,8080,7462,6702,8392,2675,7710,8863,7268,8453,7760,6873,6962,8073,7734,7706,8695,4482,6509
"COG1078",1531,2589,1647,2583,2180,1713,1929,2071,1184,5353,830,1858,2738,2583,1999,1987,2809,2669,1036,2470,376,2126,1334,772,1643,3218,2523,2990,3050,1684,2235,456,2784,2731,1656,528,2882,2328,1927,633,1171,2426,1497,1873,2129,2239,661,2165,2124,2369,999,4012,348,2034,5803,1918,2195,551,5002,2328
"COG1079",507,3002,3699,4051,3790,3707,4672,3980,3056,1981,526,2210,3918,3995,4297,3982,3850,2804,4686,2393,403,3044,3631,2292,4002,3149,3792,4363,2834,2996,4597,4409,4098,3749,4247,1212,3695,3581,4850,4113,3808,3876,3010,4517,3941,3342,2606,4194,3630,3500,3954,2647,4432,3018,1635,4127,4422,4803,2360,2763
"COG1080",403,1100,1235,1422,1847,1270,1437,1671,1105,988,202,1299,1616,1512,1361,1045,986,1241,1802,1322,335,1135,1475,1324,1108,1102,1831,1139,880,767,1196,1913,1129,1096,1839,1162,1080,1686,2014,2239,4319,1349,1321,1946,1796,1352,3064,1863,1376,1193,950,596,1977,1289,646,1705,1636,2849,343,1932
"COG1082",3782,4639,5805,5667,5193,5711,6613,5752,5599,3297,2977,5698,5557,5047,5156,3160,5682,6767,5699,4770,7435,4856,5334,6770,5997,4356,4171,5553,4181,5288,4951,4303,6239,5143,7415,1459,5295,5003,5856,6204,3580,7260,4414,5453,6585,4865,3892,5796,4125,4232,6157,3369,4515,4541,3036,5522,5949,4978,2813,6179
"COG1083",8240,2442,2995,2464,3100,2853,2750,3045,3536,2622,12168,3028,2955,3184,3682,4338,2699,2893,2761,2999,1967,3387,3692,4001,3333,3091,3206,2402,3019,2056,3077,5518,2388,2902,2910,6043,2463,3549,2656,4085,3339,2712,3646,3348,3846,3187,3594,3207,2353,3724,4357,2373,5560,3576,2809,2623,2717,3901,2905,4783
"COG1084",214,1196,748,182,1001,781,994,821,18,721,363,162,418,410,265,91,293,706,264,296,137,237,538,17,142,258,277,383,194,143,474,105,358,152,69,104,286,814,739,172,7,1015,575,253,421,537,0,356,716,120,50,204,133,282,397,609,460,213,116,500
"COG1085",2715,896,609,2814,395,685,593,864,831,321,911,678,357,443,1237,588,2832,755,1321,407,3706,522,485,664,490,371,372,3060,402,2045,1598,947,2668,2534,459,331,2661,447,484,1138,414,869,339,433,1292,354,48,436,1125,340,742,342,834,323,268,722,452,363,3402,1599
"COG1086",5633,4231,5010,5866,4534,4734,4507,5104,5607,7190,7640,5348,4739,5630,5099,9512,6062,5008,5365,4990,2770,5498,6387,6499,6099,6100,6111,6291,5672,5250,5717,5421,5809,6080,4460,6279,6010,5451,4304,5688,5425,4503,6397,5049,6377,5798,6610,4833,4514,5792,6862,5667,5313,5181,7193,4621,4752,5532,7355,6696
"COG1087",3856,2486,3079,2499,3572,2938,2863,2804,4077,4925,3926,3902,3494,3627,2979,3720,2514,3040,3359,3947,3052,3765,3673,4937,4280,4040,4089,2427,3940,3132,3163,3713,2409,2413,3587,4903,2757,3597,2753,3583,3486,2547,3804,3519,2815,3824,7463,3466,2390,3925,4757,3845,3573,3634,5491,2954,3170,3930,2993,2620
"COG1088",8880,4449,5550,6148,5966,5171,4589,5140,5498,4456,12019,7029,5614,5318,5515,5497,6602,4296,5114,5561,3357,6080,5906,6515,6017,5393,5354,6610,5098,4814,6289,6414,6115,6832,4730,24164,6128,5028,4710,6106,8604,4035,6616,5857,5413,5619,7603,6559,4106,5430,5985,3789,6056,9228,5099,4490,4599,6013,6375,6432
"COG1089",10187,4437,5885,4679,6368,5694,5703,5962,5974,5905,18681,5851,6777,6316,6689,7601,5193,4699,5033,6824,2874,6431,6444,7140,6627,6708,10097,4928,6088,3397,5917,5987,4488,5818,4838,27116,4167,6172,6551,6537,10288,4086,6947,8374,5442,7042,7399,8761,4890,7552,7009,5119,5456,8511,7259,5919,6258,7447,3563,5835
"COG1090",881,3054,2565,2199,3504,2612,3034,2918,1928,5734,760,2396,3475,3293,2575,3145,1944,3884,1975,3598,2464,2417,2543,2273,3027,3623,3426,1626,3450,2253,2160,1185,2625,1931,2792,1679,1667,3435,2672,1625,2536,3572,3295,2918,3015,3370,613,3185,2665,2642,1746,4123,1114,2817,5949,3187,2629,3037,2783,2924
"COG1091",7238,2886,3469,3844,3398,3411,3001,3513,3784,3061,9780,3803,3101,3160,3324,4771,4083,3098,4189,3604,3128,3154,3982,4363,3804,2816,3120,3867,2871,3752,4285,6029,3673,3926,3338,4629,4086,3630,2998,5108,4507,2861,3651,3000,3227,3195,3507,3178,2795,3224,4251,2560,5881,3446,3122,3339,2900,4619,4412,3869
"COG1092",2640,704,536,1935,1269,479,799,715,1156,1918,1959,1203,729,907,276,2798,895,1608,1272,461,6364,1071,468,774,1192,614,334,1045,1365,4703,820,723,754,907,935,2631,1827,478,567,862,308,911,244,522,1172,664,1052,641,949,1037,603,1643,495,1058,778,619,578,230,5367,1521
"COG1093",2194,1354,707,1887,726,735,714,964,12,530,2185,125,269,327,840,68,2182,610,640,254,119,152,419,60,98,203,209,2299,144,808,1339,368,2146,1957,61,105,2113,633,623,337,176,1060,507,232,1037,443,0,303,789,96,41,160,531,193,333,667,408,176,2616,1388
"COG1094",1384,1115,617,1170,726,604,699,793,7,502,1545,100,278,333,476,106,1300,449,418,182,102,221,349,19,110,180,194,1421,125,469,841,264,1284,1167,58,80,1174,480,633,212,71,979,375,176,498,410,0,278,695,116,25,169,381,167,290,549,409,152,1586,716
"COG1095",1665,906,452,1275,602,532,523,687,13,417,1885,92,210,210,613,84,1342,445,440,200,100,132,350,7,83,176,165,1508,114,535,807,282,1378,1316,55,71,1241,505,469,212,111,789,393,145,792,378,0,208,799,82,44,128,408,145,247,450,291,139,1627,811
"COG1096",314,915,438,557,208,468,317,536,1,107,77,38,158,102,384,48,681,304,272,128,73,31,186,1,13,109,45,727,43,281,444,109,600,561,27,35,629,315,321,100,88,387,242,75,670,206,0,207,517,28,7,43,90,70,114,447,192,41,591,806
"COG1097",2405,1055,414,2342,523,498,500,671,3,410,2139,80,178,234,587,87,2408,433,566,238,82,191,287,3,82,142,147,2593,114,901,1403,354,2242,2284,34,63,2327,392,487,233,106,891,363,176,734,337,0,201,679,119,27,130,432,125,241,485,319,129,2965,894
"COG1098",0,10,2,0,1,3,1,2,0,9,0,0,1,6,1,0,0,6,3,2,0,2,0,14,0,0,0,0,0,0,0,2,0,7,1,1,0,1,0,0,1,0,0,1,1,0,0,1,0,0,1,1,2,3,0,0,0,2,0,1
"COG1099",19,63,78,144,168,76,102,156,99,168,30,182,79,122,62,25,107,202,180,81,23,24,8,33,75,55,17,96,24,119,82,43,165,130,125,168,90,100,39,133,5,182,10,34,166,79,41,84,56,21,46,40,44,35,91,93,16,1,16,289
"COG1100",1767,3723,1877,801,3956,2105,3242,2504,2686,11961,1961,3149,6424,5819,1635,2260,972,4548,952,5165,962,6332,944,901,3496,8724,8855,1109,8500,896,621,114,376,485,1352,228,326,1540,1385,343,395,814,751,1855,696,1536,5,1819,566,2480,749,3579,156,1926,5214,850,1672,141,552,504
"COG1101",56,18,43,103,18,45,25,15,26,26,52,6,56,5,12,1,9,27,7,60,54,20,42,32,8,8,18,27,33,29,3,40,1,15,42,28,10,15,12,17,54,61,2,48,8,1,184,44,78,27,3,23,61,23,8,42,30,3,29,3
"COG1102",1022,671,362,1224,339,388,406,558,2,328,491,75,158,142,508,5,1394,294,466,139,58,132,250,24,59,125,141,1423,101,506,835,315,1346,1337,60,49,1206,330,439,286,61,739,223,117,591,230,0,169,546,48,24,131,309,120,173,411,303,87,1345,768
"COG1104",8071,5441,5248,6592,5943,5486,5474,5686,6064,10056,9153,6839,7659,7231,5168,3914,7020,7651,7135,7913,4878,7243,5268,5131,6651,9145,9129,7499,9212,6314,6686,8225,7018,6835,6198,2605,6810,6418,6193,7552,5609,5733,6209,7231,6025,6929,4366,7144,5998,7869,6071,10529,9087,7368,12130,5974,7032,5773,8619,5974
"COG1105",42,5,0,178,46,0,12,14,50,41,48,56,8,20,22,0,115,96,23,13,68,16,5,15,16,46,13,143,44,125,43,38,183,97,53,290,163,118,5,35,7,42,37,28,37,19,702,20,7,15,22,40,50,77,39,10,3,11,53,55
"COG1106",53,0,0,64,2,2,10,4,38,315,120,0,3,28,12,1,37,27,31,3,57,5,5,52,5,5,0,56,26,80,35,13,20,37,20,53,33,4,2,15,7,6,1,10,6,0,20,4,6,4,9,17,7,21,4,1,0,0,35,18
"COG1107",248,5,1,13,0,0,4,16,0,0,608,0,1,0,66,0,1,20,12,0,3,0,0,0,0,0,2,1,0,1,14,19,11,10,13,0,3,0,25,12,1,125,0,0,53,0,0,3,0,0,0,0,31,0,0,0,37,0,12,41
"COG1108",1646,5743,4950,2554,5290,5074,5517,5943,6309,8422,1195,5968,6720,6518,6530,5162,2483,6016,2250,5527,722,6576,4824,4192,5749,8043,7641,2304,7387,1877,3328,2340,2611,2902,6444,1351,2045,6402,5878,2204,5287,6041,4876,7171,5773,6658,2759,7005,4995,7447,5957,8250,2453,6738,9944,5636,6303,4819,1813,4947
"COG1109",14438,19026,20622,17445,19740,20238,20251,20151,20267,18412,10125,19687,21292,20187,21907,20470,18598,16789,17972,20767,8511,19378,22396,23922,20579,20725,21080,19276,19984,13741,6483,6018,5962,6045,6480,2121,5563,6943,6999,5702,7235,5818,7316,7090,6427,6944,2351,7186,6905,6895,7264,6574,5596,6675,6671,6828,6789,7851,5965,6312
"COG1111",4082,2566,1327,2760,1929,1387,1508,1953,21,1640,4822,288,597,826,1544,315,3029,1314,1050,565,263,348,928,17,265,482,415,3238,308,1234,2013,760,2778,2668,147,192,2608,1387,1303,621,243,2173,1109,406,2189,1033,0,545,1981,188,116,363,1116,421,761,1469,852,467,3807,2036
"COG1112",2223,6286,4325,2642,6447,4410,4733,4076,2170,5615,3164,2135,3462,4065,2558,4631,2194,3818,2491,2264,10230,3764,3337,1394,2246,2790,3047,2423,2850,2705,2721,3854,2433,2352,1873,2260,2402,3212,4830,2966,2186,4213,2877,2352,3450,3612,366,2771,2932,2902,1884,2773,3762,2569,5455,3558,3345,2467,3529,3412
"COG1113",44,0,0,20,0,0,2,3,1,5,17,0,1,2,41,1,6,4,0,2,5,0,0,2,0,0,1,1,0,30,2,2,6,20,0,39,5,2,0,5,0,2,2,3,1,1,3,0,0,8,3,3,4,0,3,3,0,0,26,0
"COG1114",17,4,1,158,9,2,16,13,50,62,274,0,32,19,28,764,21,82,58,0,146,25,3,5,27,3,5,39,108,376,38,2,130,43,6,353,309,4,2,18,15,4,10,15,3,14,279,17,49,12,21,27,13,189,19,6,0,3,211,12
"COG1115",6882,5569,5926,4377,5873,6341,5447,5423,6087,4784,6643,5545,4792,5973,4011,6876,4598,4455,6043,5220,7030,4319,7460,6977,6955,4475,3433,5296,4431,7333,5673,5268,5417,3466,6056,3673,6204,4872,4370,6156,4261,3891,8352,3308,5263,6144,4893,3762,9021,4040,5004,5001,6101,4018,4459,5477,4953,7247,10235,4428
"COG1116",2299,1908,1406,5443,1647,1512,2055,2103,1769,1787,1738,2679,2006,1325,2174,1383,4162,3446,2408,2131,3675,3462,877,1386,1215,1481,2718,4371,3704,4512,2328,1859,3826,3888,2346,2006,4029,1935,1897,1968,606,3432,636,2124,2699,1034,5818,2289,1727,2321,2710,3245,1983,2641,991,2045,1996,1002,3894,2942
"COG1117",327,1051,448,355,392,477,840,1707,468,997,237,453,1170,559,1384,110,300,1349,248,1615,716,1379,377,1394,416,982,1885,182,1486,538,619,590,658,1143,5533,1072,933,5646,4765,711,1833,5109,803,4489,1417,1434,2065,3428,1185,5126,1583,4383,512,4413,3648,5674,5265,511,1406,1474
"COG1118",66,55,78,519,66,61,127,166,58,129,208,41,38,37,160,1,287,259,450,93,143,126,120,14,33,63,61,366,220,599,194,136,231,236,51,518,487,103,47,349,44,193,49,132,160,33,198,90,195,276,19,128,187,147,49,189,49,43,329,209
"COG1119",1287,561,496,1529,712,455,728,688,872,2818,796,672,1447,1302,362,606,1615,1426,1860,1071,3138,1281,227,151,761,1742,1909,1572,1850,2021,1537,1622,1473,1359,1259,478,1987,949,1158,1302,149,663,466,1191,718,941,294,1160,573,1314,438,2085,1413,1213,3457,914,1433,302,1201,861
"COG1120",481,457,661,1459,1375,658,691,966,1079,2834,605,813,450,1292,1180,1128,1267,1743,1035,474,1075,708,803,152,982,1523,260,1098,819,1605,944,850,1178,1065,525,1051,1452,583,457,872,159,1291,981,551,1476,1341,3894,522,943,672,396,947,798,1074,2866,646,412,849,1341,1724
"COG1121",688,4713,4550,2123,4507,4689,5023,5224,5244,7616,340,4857,6481,5613,6342,3858,1974,5443,1725,4852,616,6566,4635,2983,4911,7516,7605,1900,7614,1469,2761,1390,2057,2357,5627,1377,1646,6292,5624,1466,3410,5395,4543,6818,4780,5817,2287,6577,4985,7179,5363,8213,1413,6679,9383,4525,5737,4477,1693,4324
"COG1122",1710,865,980,1154,1395,1001,1717,1211,1388,4201,1594,1692,3211,2424,1260,448,1287,2017,1639,2679,455,2301,968,907,1530,3630,4134,1288,3572,801,1455,2193,1264,1177,2245,332,890,2090,2080,2160,3211,1465,1468,2936,941,2118,790,2953,1073,3146,1103,4428,2501,2825,5626,1816,2524,1381,726,1083
"COG1123",2020,7403,8293,5606,7386,8492,7984,7424,9875,9736,1472,10747,9776,8276,5621,8282,5893,7451,5254,9037,2021,10839,7893,5295,9723,9898,10549,5301,11770,4707,6475,4387,6109,6082,9841,1021,6040,8656,9002,3943,4847,6580,6093,10177,6941,8126,11103,9625,5172,11454,10278,13217,4031,9851,10990,7460,10138,4931,4490,6069
"COG1124",50,7,3,70,26,6,3,10,49,11,7,51,0,20,3,11,59,33,30,3,8,19,9,1,35,3,2,29,12,39,29,52,49,51,5,7,29,2,4,72,3,12,8,11,18,17,645,2,9,2,0,4,58,10,15,4,3,3,26,13
"COG1125",63,58,43,378,158,51,68,80,84,49,54,96,49,72,151,4,307,296,90,159,46,144,62,40,39,48,47,228,132,316,98,52,255,227,93,276,280,125,20,118,14,207,51,47,123,52,316,62,41,81,81,108,73,176,80,108,13,33,187,180
"COG1126",1148,5364,5738,3649,4243,5485,5213,5213,4784,5046,1443,4495,4277,4940,5257,3260,3808,3851,4412,3655,730,3787,5094,4669,4462,4997,3556,4276,3090,2511,4857,4607,3882,3870,4708,1850,3316,4897,5234,4048,5413,4538,4391,4121,4350,5073,3292,4402,5442,4667,4126,3508,4346,3771,5617,5533,4880,4627,1866,4238
"COG1127",1083,1455,1444,1245,2020,1382,1447,1327,2015,4191,1079,2215,2358,2316,767,1949,745,2251,1110,2000,2909,2109,1256,1809,2666,3214,2238,752,2825,2286,1202,797,901,868,2537,1435,1249,1905,1486,963,1073,1461,1379,1842,1459,2241,3004,1943,1144,2289,1810,3431,935,2126,4661,1408,1829,1151,4060,1036
"COG1129",258,1896,2057,1516,1471,2183,2051,1720,1820,764,199,1744,1599,1725,1752,2705,1603,1515,1155,1228,217,1765,1716,1540,1831,1451,1721,1394,1402,733,4277,2474,5027,4742,5154,642,3900,4826,5586,3188,4482,5794,4246,5734,5797,4357,5735,5309,4197,4923,6556,3316,2420,4330,2269,5183,5700,3988,2029,3936
"COG1131",15228,18398,16672,18084,17718,16911,16110,17841,12993,14853,12696,12819,13783,15217,17390,14038,18730,18373,17654,14277,17174,13394,16294,13964,13895,13209,13321,18399,13409,16942,16972,16469,18239,17634,12896,7490,16938,15778,16297,16009,13578,17877,17453,14120,16716,15423,9373,14550,17276,13193,12667,12333,16677,13295,13578,16269,13801,16846,19550,17370
"COG1132",15559,28723,30653,27801,33001,30826,31338,31434,33340,44162,13905,33550,36398,36092,28020,40135,28808,35176,27345,36394,17869,37484,32375,35200,35571,39892,41069,27700,39227,23872,29027,26578,29625,29281,35668,10542,26374,36582,33758,27969,34376,31828,33090,36251,31506,35411,19509,35500,24599,39420,33902,42810,26605,34988,48687,32568,34526,35398,20050,33343
"COG1133",2583,2635,3105,1512,2402,3157,2845,3069,4174,1070,4382,3777,3069,2842,3983,2195,1880,1484,2624,2613,113,2927,3635,4355,3212,2433,2305,1606,2348,1112,961,1159,563,805,978,191,464,982,1020,864,1421,670,1030,1064,858,1003,181,1083,980,1086,1602,553,826,932,374,949,955,1126,380,804
"COG1134",1403,648,395,1448,1425,445,873,850,448,1830,1370,777,953,1336,645,688,1446,1399,1331,826,1493,697,682,528,661,847,688,1296,794,1612,1059,1924,1517,1216,842,495,1619,969,761,1671,243,1174,869,675,989,935,2686,662,805,575,706,819,2203,732,1662,1187,769,714,2382,1257
"COG1135",765,469,57,1490,50,68,52,205,98,100,109,24,42,51,132,1,1488,227,234,57,215,210,40,19,59,23,45,1759,200,835,634,140,1365,1277,32,263,1179,70,111,126,121,420,51,57,68,62,486,50,104,153,15,102,85,103,59,274,97,44,2234,115
"COG1136",10139,10113,10217,9517,10332,9886,9973,10364,8800,11022,8692,8974,9372,9942,9081,7700,10448,10602,10695,10084,10003,8847,9865,7383,9454,9777,9905,10347,9833,8325,10264,9439,10628,9757,9487,3770,10857,10465,9693,10388,9060,10349,11751,9544,10115,10662,6669,9330,10013,8880,8299,10195,9829,9006,11116,10448,9380,10839,7824,10489
"COG1137",2593,4204,5144,2967,4515,4995,4315,4555,5979,4900,2337,5226,4957,5195,4122,5494,3363,3902,4101,5260,2123,5117,5651,6221,5570,5382,5032,3374,5057,3018,4368,4056,3342,3349,5283,1424,3258,5066,4432,4439,4973,3225,5772,5102,4279,5437,1976,4980,3932,5475,6489,5056,3780,4850,5670,4645,5063,5548,2971,3887
"COG1138",6134,12347,14335,8064,11345,13872,12593,12583,12386,6467,5337,11292,11386,10998,13089,7865,9009,9709,9833,11318,5251,10681,15184,17525,11236,10192,10112,8576,8650,6852,10509,10060,8839,9788,11667,3447,8134,12619,13354,9702,14676,11860,14371,12855,11403,11708,4404,11899,11639,11202,13344,7115,9369,10844,5836,12556,12464,15793,4878,11686
"COG1139",497,147,41,2152,124,44,231,210,63,173,716,5,61,50,274,23,1830,530,2025,43,186,107,3,9,10,29,84,1763,160,1035,1462,2499,1589,1816,108,57,1350,170,225,2211,64,914,14,69,357,31,375,70,34,64,19,72,2686,62,74,83,189,11,460,842
"COG1140",4299,265,100,546,29,111,270,133,104,87,4094,8,26,17,118,0,389,121,8941,7,1588,23,16,4,50,20,16,1422,69,497,4521,11448,531,357,73,73,425,170,64,10912,81,207,2,19,232,32,108,25,140,16,12,41,10589,17,64,134,111,4,139,776
"COG1141",47,300,116,5,470,126,271,158,316,1259,57,308,629,740,77,69,8,325,37,539,18,429,39,46,551,972,695,8,729,4,161,8,6,49,394,1739,1,324,357,66,3,138,297,446,145,633,2,506,48,532,201,828,22,496,1688,211,511,70,1,34
"COG1142",534,242,181,261,482,227,639,393,699,3152,556,942,2246,1393,366,20,238,1095,688,1697,20,1518,118,159,876,2621,2260,246,2434,158,526,882,246,450,1209,173,190,1082,925,944,44,732,493,1373,397,1198,212,1649,358,1701,687,2993,1067,1541,4274,563,1378,34,57,392
"COG1143",2727,3044,2842,3591,3766,3053,3294,3460,2962,3023,2093,2515,3777,3908,5003,2399,4266,3502,3871,3264,595,2806,3536,3027,3696,4016,3646,4272,2984,2349,4057,4306,3989,3945,3295,18925,3608,3684,3413,3896,4413,3702,4038,3729,4077,4320,935,3868,4030,3114,2723,2682,4180,3226,4084,3618,3256,4516,3459,4707
"COG1144",600,5,2,248,0,3,37,12,0,0,662,0,0,0,0,0,193,16,2085,0,0,0,0,0,0,0,0,110,0,104,1277,3313,199,276,0,0,82,4,0,2905,25,10,1,0,15,1,0,0,0,0,0,0,3166,0,0,2,2,1,8,72
"COG1145",1684,945,670,2003,1132,623,956,944,659,2509,1604,938,1208,1047,403,1689,2039,1279,3596,832,867,1492,226,476,1244,1661,1116,1739,1461,1493,1877,5415,1826,2054,1271,4472,1660,1029,986,4620,286,1289,698,946,717,1400,2828,1095,282,1980,348,2300,6392,1175,3744,636,1080,174,694,1581
"COG1146",3732,4355,3677,4754,2955,3735,3706,4040,3082,1474,2478,3403,3176,2954,5198,3893,5064,2920,4777,2854,966,2999,3650,3722,2912,2506,2590,5306,2450,2889,4716,4769,5060,5066,3236,3809,4391,3159,3637,4479,3753,3738,3202,3257,4140,3194,3115,3143,5141,3171,3480,2019,4433,3173,1397,4197,3544,3262,4126,4781
"COG1148",4628,109,29,1230,56,35,153,243,0,51,4437,0,51,20,89,1,1587,177,3382,28,16,29,8,7,0,1,64,1488,31,527,1790,7614,1139,1010,21,3,1278,66,178,4891,0,244,4,36,70,3,0,53,26,26,0,35,9422,55,37,128,123,1,483,371
"COG1150",947,34,15,7,3,13,71,79,0,29,835,0,26,10,39,0,74,60,772,49,9,52,3,2,0,2,40,136,22,15,262,1476,2,14,18,1,145,55,101,1190,0,106,0,29,40,1,0,27,29,23,0,33,1693,51,0,39,65,0,5,136
"COG1151",308,0,0,0,95,0,39,0,1,24,178,0,0,7,0,0,0,0,697,0,105,0,0,0,0,0,1,9,0,0,98,1350,1,22,12,23,1,2,0,1329,0,0,5,0,3,9,0,0,0,0,0,0,1903,0,85,0,0,1,0,0
"COG1153",24,21,20,16,41,16,18,25,12,0,21,28,11,16,43,18,17,52,41,15,4,8,21,3,4,10,5,17,6,6,20,34,16,29,17,4,15,8,5,59,31,34,12,7,37,6,0,15,69,11,43,1,53,4,9,24,7,12,7,52
"COG1154",6220,10619,11246,6530,10654,11478,11980,10334,12931,11496,5616,12030,12589,12653,11474,11842,7285,8883,9805,11450,4622,12444,12059,16112,12917,13565,12265,7207,12446,5906,9832,10913,7527,7546,12548,3066,6849,11551,11975,10187,11763,8206,12696,12941,10092,13101,4727,11979,12828,12475,12986,12122,10052,11395,13148,10836,12442,12392,4685,8483
"COG1155",3530,2588,1269,4122,1484,1325,1512,1965,12,1242,605,244,579,714,1910,84,5019,1222,1280,508,290,413,888,84,233,458,408,4545,300,1456,2794,687,4616,4392,228,516,4634,1490,1307,681,258,2368,1067,443,2286,1039,99,528,2536,239,87,422,751,435,707,1435,873,339,4956,2674
"COG1156",2215,2078,1154,2427,1092,1196,1208,1646,20,844,475,197,408,551,1614,82,2917,1009,1028,419,207,312,709,57,198,364,305,3125,239,1066,1742,551,2909,2516,138,342,2564,1070,1043,461,199,1980,796,332,2016,777,82,411,1970,152,83,287,557,318,545,1131,696,267,3702,2226
"COG1157",1097,546,404,1709,1147,410,936,859,1113,1386,918,1227,976,1011,299,1154,1353,1194,968,872,2840,1323,381,797,1164,989,856,1467,1369,2361,1005,650,1212,1318,1336,1755,1426,842,1335,700,200,1058,535,1009,1045,946,2898,1026,538,1251,1051,1729,622,1126,956,851,1167,395,2896,1020
"COG1158",5031,8678,9467,6507,8907,9737,9684,9325,10032,5552,4751,9118,8408,9276,10680,8864,7066,7482,8825,8861,4313,7558,10889,11688,10302,7374,6816,6928,6697,5846,8411,8498,7177,6932,7915,2875,6590,9090,8125,8815,9606,7932,11041,8383,9633,9650,4065,8401,11047,7860,10598,5666,8449,7254,5013,9453,8123,12004,6040,9102
"COG1159",1215,3025,3311,2262,3098,3165,2722,2728,3654,4609,1087,3930,3508,3643,1769,4513,2196,2891,2610,3870,2427,3918,2773,3278,4277,4285,3866,2522,4412,2587,2936,2339,2368,2219,4177,1028,2597,2714,3087,2681,2150,2225,3006,3361,2372,3385,1895,3213,2017,3885,4053,5077,2493,3328,5427,3058,3540,2699,2466,2270
"COG1160",3661,5570,6066,4624,5877,6001,5246,5546,6086,7498,2902,6736,7082,6918,4775,6543,4441,6662,5695,6962,3860,6347,6288,6529,7288,7756,7764,4973,7729,4623,5522,4960,4840,4284,6537,2237,4570,5918,5906,5474,6125,5585,6761,6578,5709,6579,3422,6574,4663,7032,6933,8750,5092,6484,8713,5974,6779,6455,4728,5158
"COG1161",1473,1549,605,550,1338,719,920,724,876,2590,1813,972,1121,1314,192,1527,523,963,459,1444,2230,973,104,329,783,1835,787,491,983,1065,580,402,387,414,795,398,595,470,1019,459,91,662,453,398,336,1016,146,591,440,1306,532,1739,452,736,3521,770,848,48,766,245
"COG1162",1223,1879,2103,1650,2368,2186,1708,1689,2431,4003,1172,2825,2864,2489,843,4123,1470,2162,1661,2950,3898,2416,1746,2255,3204,3019,2666,1904,3126,2348,2021,890,1760,1481,2901,1340,1919,2144,1601,1298,1434,1266,1868,1867,1547,2489,930,2138,1226,2555,1741,3757,986,2153,4580,2101,2120,1962,1690,1168
"COG1163",2760,1947,922,2070,1030,1021,1017,1334,22,768,2857,160,391,435,1426,65,2169,1136,828,363,195,207,615,4,160,287,316,2353,155,833,1470,500,2022,2095,83,128,1946,767,856,489,151,1681,575,308,1414,581,0,368,1324,121,60,220,773,254,375,966,538,226,2395,1848
"COG1164",2380,4570,3616,4385,3230,3594,3605,3745,2719,3580,918,2349,2310,3086,3120,1322,4769,3632,2794,2349,564,2330,2660,1539,2999,2450,2036,5298,2161,2306,1153,485,1590,1572,1003,107,1452,1043,954,675,444,1724,1178,811,1704,923,821,807,1101,655,846,728,442,671,783,1044,898,631,1656,1553
"COG1165",536,1579,1135,1852,2198,1310,1611,1464,2197,5844,747,2548,2992,2571,1320,1869,1998,3024,1770,3100,230,3072,757,1553,2298,4179,4396,2071,4592,1331,1713,1635,2043,1687,2267,218,1599,2149,2047,1620,587,1590,1193,2838,1349,2457,453,2843,909,3553,1506,5860,1887,3196,7630,1912,2557,999,2477,1087
"COG1166",2393,476,450,1090,1329,623,1219,929,2510,6688,1772,2270,5185,2717,664,117,645,3542,1018,3846,4969,4269,447,972,2163,4788,6107,635,6858,3344,1130,493,530,915,3120,1906,1823,2285,1937,653,139,1013,1029,3962,929,2405,1288,4450,954,4801,1930,7853,239,4701,7780,1244,2872,168,3737,1283
"COG1167",2994,2567,2476,4638,2351,2502,2310,2321,3030,2165,1994,2984,2039,2625,2846,4313,3393,4506,2921,2275,6225,2834,1967,2748,3514,2696,1782,3303,2570,4728,2783,1999,3348,3510,2414,4748,3404,1534,2235,2230,1355,4068,2480,2433,3166,2514,8143,1780,2237,2126,3186,2500,1978,2843,1737,2179,2404,1666,2760,3404
"COG1168",2088,1168,1176,1236,1183,1201,1118,1104,976,925,1129,1183,900,1053,540,1328,1245,1222,860,762,4150,880,705,830,1280,875,644,1108,906,2164,983,714,1121,988,980,533,1417,770,1149,713,266,1173,770,698,1217,952,943,881,1359,885,672,1188,760,815,728,1278,1142,855,836,978
"COG1169",437,1265,862,1407,1689,934,1334,1140,1492,4202,565,1856,3691,1904,1009,1193,1511,3024,1335,2509,230,2859,631,935,1614,3060,4795,1648,4821,1030,1492,1258,1568,1400,1739,162,1240,1942,1825,1386,389,1256,854,3225,1065,1614,293,3368,657,3496,1116,5506,1405,3258,5555,1595,2261,797,1882,887
"COG1171",7894,10858,10966,9990,9685,11074,10513,10228,11499,10009,5322,10839,10006,10973,8774,11475,10525,8474,9697,10017,7222,10177,10829,8978,11727,11251,10080,10709,10541,8019,10828,7064,11238,10125,10696,3478,9927,9303,10187,8017,8767,8761,11537,10337,10410,11235,7575,9408,11560,10809,11820,12109,6803,9731,11155,10482,11327,10548,8284,8637
"COG1172",226,2139,2245,1383,1612,2356,2415,1915,2165,792,195,2078,2015,1991,2280,2790,1682,1553,1257,1493,171,2182,2082,1841,2269,1763,2058,1326,1768,701,4654,2652,4980,4782,5956,698,3920,6018,7371,3557,5897,6785,5040,7217,6479,5388,4019,6624,5659,5722,8383,3751,2620,5457,2616,6198,7348,4990,1942,4094
"COG1173",4727,9672,9053,15370,7392,9178,9114,9786,8290,8281,2446,8729,8456,8694,9734,7322,14715,10548,11055,7803,2421,9405,7506,5910,8450,7955,9548,14117,9116,9362,10926,9047,14778,15071,9738,1563,12239,8646,11183,9979,8107,13243,6359,8553,11343,7616,13809,8724,7896,9110,8756,9941,8689,8016,7708,8847,11272,5886,10396,12338
"COG1174",143,67,31,647,199,31,134,89,175,90,81,211,74,119,117,9,455,296,175,247,91,303,57,81,95,109,68,460,224,466,169,106,463,330,145,312,465,193,40,137,26,256,86,99,204,112,588,100,37,104,111,177,143,307,96,136,25,72,302,272
"COG1175",1814,9792,13214,9563,10950,13222,14465,11484,11399,5553,1216,9910,13772,12228,11924,11543,9862,7595,8969,8516,1258,12312,11899,10774,11020,10644,12430,9890,10022,5378,10243,7636,9436,8100,14531,2163,8487,12051,16878,10134,11854,11139,10081,15892,10536,10635,8155,14361,8564,12143,15651,7557,6851,11008,5294,10955,16753,11773,4261,7221
"COG1176",1795,5680,6413,6921,4500,6502,5929,5989,6635,2475,1721,6036,5072,5012,6038,7609,7474,3509,7361,4648,649,5938,6257,5080,5717,4375,4620,7537,4708,4552,7578,6727,6932,7476,5315,1777,6463,5281,6230,7510,5102,4671,4774,5883,5177,5208,6674,5611,5333,6491,6795,4632,5541,5210,2332,5822,5981,5279,2887,4826
"COG1177",1422,4609,5097,5750,3986,5242,4817,5036,5540,2278,1345,5002,4270,4338,4591,5279,5635,2957,6094,3739,604,5054,5026,4153,4910,3829,3657,6393,4150,3606,6336,5371,5581,5767,4790,1608,5251,4092,4916,6280,3418,3852,3876,4605,4312,4246,5878,4533,4240,5248,5490,4231,4450,4162,2013,4830,4878,4133,2329,3908
"COG1178",3125,11400,16076,9474,13166,15555,13227,14018,15334,11245,2994,14884,13736,14568,13794,11449,9875,10270,9576,12443,3617,13337,16744,8729,16175,14766,13847,8555,12849,6623,11558,9020,9170,10079,13548,2980,8306,13140,14887,9620,14965,10854,16655,15375,12550,15148,4752,14734,11990,14868,14998,12181,8561,13606,12777,13618,14498,16489,5175,11101
"COG1179",661,503,264,407,218,280,129,175,164,228,529,215,74,129,51,1077,161,283,328,64,1837,250,57,183,89,49,42,202,204,1065,242,126,121,139,82,576,313,42,110,153,395,108,13,28,115,62,117,109,325,105,77,103,118,167,94,163,38,11,1251,129
"COG1180",4751,236,73,1977,217,78,215,234,24,190,7985,31,80,75,89,10,2189,378,1571,44,169,105,15,46,8,12,101,2316,117,952,1390,2318,1636,1816,70,157,2057,131,182,2271,16,419,15,56,275,29,726,62,67,34,23,73,2776,89,86,144,131,12,2023,510
"COG1181",6034,6398,6689,4954,5791,6381,5706,5702,6750,6271,5070,7143,6547,6379,4826,7378,5215,4884,6327,6534,1993,6478,7162,7828,7470,6970,6501,5916,6283,4496,6081,8015,5437,5884,7050,2067,4688,6498,6387,6728,7647,4315,7433,7020,5234,6721,2781,6512,4045,6982,7408,6318,7972,6137,7228,6291,6697,7542,5385,4973
"COG1182",535,932,1305,401,990,1267,1024,880,1467,480,469,1251,1023,1074,895,1687,182,529,478,858,1447,786,1456,829,979,686,800,190,807,954,622,172,139,220,937,1281,565,682,1129,179,2398,423,1205,1204,794,1135,1470,1077,1109,1035,1576,542,146,1004,372,966,1125,1526,683,357
"COG1183",2916,4617,4939,3624,4200,4968,4240,4565,4477,2579,2565,4336,3769,3669,4140,4861,4165,3189,4694,3662,2462,3973,4941,5572,4150,3388,2982,3973,3273,3502,4480,4612,4225,4079,4192,1498,3758,4282,4097,4811,5298,3341,4384,3953,3787,4189,1420,3926,3670,4001,5008,2769,4373,3728,2224,4277,3925,4851,3289,3949
"COG1184",571,245,65,260,190,73,78,96,18,23,1425,15,49,56,12,159,146,79,140,2,43,147,0,5,3,18,36,324,26,184,144,165,139,106,12,14,105,23,125,228,3,77,1,14,32,15,58,34,10,123,4,28,316,13,11,35,50,5,183,48
"COG1185",7745,13593,14346,9212,13522,14552,14471,13674,15445,11714,6513,15128,15208,15330,15781,14313,10275,11895,11981,14120,5703,14403,15607,14062,15628,15031,14675,10136,13739,8430,12063,12550,10393,11109,14920,4148,9218,14966,13870,12967,15846,11596,15693,14396,13289,15909,5861,14574,15891,14897,16860,13901,12179,13392,13829,14241,14718,16812,8249,12535
"COG1186",5127,6445,7123,4895,6756,7109,6975,6767,8335,8711,4181,8141,9014,8062,7323,6944,5361,7305,6266,8868,4083,7993,7730,7235,8583,8979,9239,5322,9000,4873,6300,6869,5349,5807,7431,2306,5284,7630,7267,6501,8363,5854,8261,8425,6512,8275,3355,8502,6954,8561,8554,9360,6886,8062,10522,7113,7595,8281,4969,6158
"COG1187",3631,4612,4738,3291,4306,4409,3664,3834,4405,5838,3434,4922,4127,4742,2754,8417,2731,3784,3891,4678,4755,4020,4058,4804,5253,4766,4472,2994,4411,4524,3816,3689,2905,2801,5137,2777,3639,3495,3855,3788,4073,3018,4429,3665,3646,4399,3790,3690,3473,4406,4174,5379,3837,3949,6013,4308,4106,4313,4765,2801
"COG1188",183,105,87,157,111,78,67,106,131,130,144,193,85,103,31,391,93,159,104,105,379,120,59,129,149,100,49,105,132,217,293,201,308,277,431,454,525,202,289,281,194,397,164,235,339,299,796,297,154,354,294,534,252,312,289,298,318,191,405,244
"COG1189",235,731,645,1207,1181,650,1189,905,964,3266,166,1075,2160,1818,972,41,1233,2146,1203,1757,129,1888,546,1475,1284,2629,2685,1132,2760,829,312,333,358,401,651,86,279,534,546,396,38,480,306,658,420,457,413,728,169,706,466,1035,351,627,1301,343,620,178,439,464
"COG1190",4932,5262,5723,4865,5892,5711,5221,5554,5644,7616,5508,6240,6926,6603,5210,6227,5064,6219,5681,7701,3988,5766,5920,6080,6925,7167,6858,5359,6560,4642,5727,5174,5514,5062,6472,2444,5063,5857,5152,5139,6853,5008,7201,5836,5237,6818,1307,6229,5707,6035,5928,7690,5794,5671,8618,6114,5672,7318,4585,5105
"COG1191",838,499,278,1160,1280,338,995,608,822,1086,1055,807,1150,1420,205,675,926,927,1047,544,1656,741,223,529,633,556,537,958,772,1485,710,530,844,840,1811,1563,1015,599,1213,804,207,750,288,640,831,451,484,713,358,807,609,1085,457,697,560,656,1391,271,1742,873
"COG1192",7382,7053,7262,7506,7432,7594,8465,7645,8062,7762,5959,7307,7514,8224,7390,5380,7012,7388,6651,7985,13465,7460,8456,7008,7878,7084,6622,6690,7675,9420,7105,6098,6939,6582,7138,5239,7680,8111,7457,6545,7725,7072,8414,7190,7255,7959,9395,7375,9246,6985,7976,7365,6330,6799,6794,7631,7122,8442,8202,7727
"COG1193",469,2395,1666,1655,2593,1745,2155,2102,2361,7377,587,3149,5737,3820,2005,2665,1663,4642,1454,4207,282,4710,1275,1812,2705,6028,7304,1134,7622,1503,1753,969,1782,1988,3438,555,1344,3016,3173,1289,556,2367,2274,4627,1432,3352,520,5349,931,5470,2108,8712,682,5279,9502,1938,4032,733,2885,2107
"COG1194",3430,6314,8226,3552,7591,7710,7037,6361,7698,4346,3455,7216,6796,7226,6078,7428,4019,5233,4663,6900,3335,6144,8753,7881,7899,5811,5691,3870,5158,3664,5459,4576,4053,4368,7641,8101,4078,6943,7516,4612,8896,5559,9051,6994,6222,7314,2714,6552,5275,6469,8233,4638,4019,6207,4172,7423,7264,9814,3707,5349
"COG1195",2015,4038,4764,3076,4231,4563,4260,4076,5038,6072,1929,5376,5139,4824,3697,4093,2829,5337,3471,5942,3898,4814,4661,4906,5709,6093,5228,2888,5517,3535,3713,2199,3230,3010,5199,1765,2917,4432,4346,2963,2570,4493,5141,4744,4125,4828,2274,4734,3952,5108,5543,6522,2251,4642,7220,4638,5000,4795,3448,3534
"COG1196",5455,6493,5911,4894,5719,6039,6422,6030,5401,5404,5538,5286,7458,5969,5658,2783,5139,5292,5078,6415,2286,6160,6116,4731,5020,6257,7353,5527,6414,3841,15781,14509,15259,15846,18996,4321,14429,19199,20918,15434,15944,17061,17812,20743,16226,16235,6857,21125,16876,19360,17295,19441,14792,18220,17003,18042,20917,17865,17739,16375
"COG1197",8282,12071,13516,10462,12762,13023,11396,12511,13045,17862,7470,14695,13688,14156,10378,17015,10698,14636,13537,15344,8082,13127,12272,10750,15707,16589,16881,11374,15978,10306,12337,12270,11703,10293,16202,4084,10791,12877,13280,13318,8070,12150,13187,13879,12831,13753,7775,13286,10043,14567,14567,18759,12892,13684,20494,12727,14734,15085,10768,11064
"COG1198",8515,12888,15575,9353,12725,15236,14665,13372,15686,12802,7781,15406,15264,13970,13686,15372,10507,12813,12705,14439,6200,16015,16255,15926,15938,15915,15853,10157,15761,8579,12618,13317,10846,11568,16419,3640,9773,15062,14256,13391,12999,11952,15152,16334,12093,14994,5168,15511,11248,16631,15677,15430,13173,15301,15018,13491,15691,15151,8627,11913
"COG1199",9165,6546,4305,5799,5738,4499,4697,5122,2320,7000,10237,3230,5108,4480,5233,6285,5485,8002,7616,4423,6625,3840,3081,1313,2508,4643,4869,6427,5504,6611,5595,7703,6289,5253,3829,5539,5659,4701,4406,7125,2319,7906,3815,3701,6071,4272,4851,4680,4869,3605,1929,5707,8208,4725,7357,4582,4129,2139,5140,7121
"COG1200",8194,12020,14566,7783,11926,13952,12462,12272,14289,12482,7436,13147,13800,13187,13400,13283,8504,12367,11308,14066,5751,13217,15501,14931,13822,13819,14925,8583,13965,7652,11277,11898,8971,9823,15282,4212,8168,13571,13313,11534,15775,11093,15506,15474,12155,13224,4123,13994,11413,14529,15386,13351,11255,13385,14058,13243,13677,16556,7707,11582
"COG1201",9146,7956,5354,9231,8409,5569,8105,6772,4141,14004,6526,4535,7648,7662,4822,346,9890,7865,3629,5668,7969,7914,4558,1891,6242,9046,9968,9810,10456,6674,7109,1718,9284,9022,6464,2339,9841,8942,7958,2091,772,9859,6502,8341,7437,7790,2710,7516,6715,7033,5084,11401,2216,7949,13310,4932,8065,2690,10148,6714
"COG1202",24,3,0,3,0,1,8,11,0,1,10,0,4,0,71,0,11,18,0,0,1,0,0,0,0,0,2,7,0,1,0,0,10,5,16,0,6,0,44,0,0,108,0,1,50,0,0,1,0,0,0,0,4,0,0,0,37,0,6,39
"COG1203",192,6,8,536,78,25,58,33,65,420,346,17,15,49,42,21,186,200,161,46,3072,133,47,21,133,13,11,229,183,1334,111,102,191,157,89,1232,1329,101,37,196,15,42,16,42,36,67,1234,88,527,65,21,127,110,358,139,50,6,8,903,98
"COG1204",5397,5301,2851,5406,4239,3045,3040,3185,194,2128,2656,449,1244,1550,2376,848,5479,2349,1694,772,1869,1003,1420,169,433,714,857,6019,745,3176,3509,899,5508,5119,239,656,5548,1934,2760,863,540,3427,1355,807,3207,1383,2236,1008,2647,568,238,716,1025,764,1076,2361,1629,827,7167,3217
"COG1205",1344,2605,733,1163,865,796,564,803,377,863,1200,300,276,444,262,190,780,752,1161,164,6259,529,149,99,283,266,243,948,261,1272,454,1589,770,911,329,1069,607,604,557,1013,680,730,390,292,985,393,683,220,234,283,225,262,2143,295,764,1162,358,256,401,1012
"COG1206",144,862,629,1161,1193,669,1350,991,1279,4612,156,1528,2411,2366,632,200,1071,1887,958,2100,117,2265,405,594,1909,4095,3125,923,3087,1012,1064,738,1029,1183,2047,170,842,1686,1863,853,248,1344,939,2116,1147,2195,2208,2075,430,2717,1420,4399,553,2204,6506,1084,2415,248,1937,990
"COG1207",2653,5333,6140,3488,5137,5928,5974,5327,6954,6619,2129,6785,6715,7161,6339,4824,3279,5746,3931,6978,4207,6964,6732,6661,6984,8265,7442,3485,6817,3870,1466,1232,1142,1301,2068,791,1143,2006,2033,1297,2687,1699,2264,2513,1872,2276,893,2244,2156,2443,2669,2395,1047,2224,2686,1986,2255,2211,1261,1741
"COG1208",15422,9020,9845,10509,9569,9402,9033,10135,8779,9761,17317,8873,10075,9437,9646,9156,11769,8644,10588,10744,1904,9794,11182,9917,9080,10700,10705,11073,9647,7056,11161,14453,10672,11887,8457,12486,9727,10299,9739,13100,11025,8969,11335,11372,9897,10186,7322,10609,7357,11219,10771,9180,14677,10758,10505,9708,9519,10119,10641,11603
"COG1209",5322,3872,4307,4420,4332,4095,3776,4384,5050,3857,4746,5125,3916,4337,4178,5851,4828,3323,3548,4380,3660,4085,4652,5934,5180,3828,3841,4778,3489,3764,4313,4935,4567,4679,4370,5326,4821,4039,3845,4529,5625,3447,4810,4155,4400,4676,2736,4285,3214,3741,5063,2926,5216,4171,3862,4385,3670,5258,5307,4706
"COG1210",2476,2611,3162,3195,3134,2958,2963,2952,3513,1602,1910,3183,2803,2619,3603,2877,3060,2757,2390,2946,1994,3132,3782,6320,3003,2722,2623,2606,2634,2904,3006,2655,2662,3415,3281,1415,2884,2996,3561,2151,4083,2837,3402,3593,3172,3178,1638,3010,2582,3167,4180,2170,2164,3023,1686,2818,3266,3427,3816,3228
"COG1211",3344,4544,5811,3260,4638,5552,4757,4675,5612,4507,2809,5346,5613,5525,5047,4040,3510,4614,4562,5669,2166,5337,6681,6428,5900,5932,5685,3241,5081,2795,4553,5307,3390,3822,5238,1323,3157,5523,5496,4784,6501,4091,7125,6292,4811,5582,1930,5473,3913,5440,6273,4822,4814,5414,4983,5016,5672,7039,2065,4654
"COG1212",3510,4999,6118,3245,5192,5972,4705,5234,6381,3446,4286,7366,4885,5107,5164,6587,3449,3718,4749,5190,1960,5331,6500,6938,6011,4930,4547,3546,4432,3031,5064,5621,3597,3886,5705,8148,3278,5293,4853,5040,6098,3654,6139,5431,4611,5407,3187,5375,4449,5438,6586,3890,5166,5690,3445,5105,5007,5984,3045,4712
"COG1213",3824,1520,1512,5062,1206,1381,1612,2030,937,666,2455,807,1171,1142,2387,1048,5089,1690,3254,1085,240,1014,1854,874,865,1103,1316,5466,825,2919,3018,4701,4780,4514,910,1128,4056,1473,1398,4399,835,1799,1721,1550,2591,1182,76,1394,1727,1208,941,542,4413,1289,663,1350,1296,1999,4261,3862
"COG1214",1972,2153,2355,2179,2317,2286,2052,2354,2178,3567,1880,2295,2675,2634,2072,2181,2287,2665,3011,2874,1912,2151,2238,1956,2429,2856,2585,2457,2556,2113,2754,3535,2464,2134,2875,975,2318,2562,2196,3050,2557,2321,2598,2276,2372,2396,1578,2427,2107,2349,2266,2983,3320,2273,3830,2535,2416,3062,2001,2537
"COG1215",8945,2556,1577,6162,3713,1621,2305,2647,2054,6907,9447,2383,4010,3316,2329,2886,6108,4197,3085,3384,2200,3910,1869,1185,2231,3946,3809,6185,4856,4858,4133,3378,6087,5495,2290,2187,7041,3299,2618,2902,3013,2587,2976,2663,2894,3316,2989,3217,2088,3354,1355,5194,3891,3367,7142,2747,2549,1561,8471,3456
"COG1216",11674,4958,5859,7341,6735,5550,5199,5501,5646,4818,12714,5281,5217,5929,6073,6685,7879,5974,7735,5552,5090,5943,7061,6877,5475,3965,3824,7733,5075,7287,2357,3444,2563,2415,1920,1674,2587,2178,1489,3127,1870,1800,2520,1541,2207,1842,2732,1670,1687,1569,1830,1357,3562,1822,1360,1898,1475,2772,2638,2419
"COG1217",4553,10774,11016,8131,7532,11319,7743,10990,14753,9796,4612,14310,8992,8974,7242,12980,8337,8322,10361,12800,5363,8745,9385,13185,9310,10224,9710,8494,9823,7463,3037,2732,3118,3149,3099,1053,2247,2151,2909,3104,5101,2108,2634,2998,2421,2829,1490,2903,3312,3467,3766,3649,2396,2937,3573,4382,3017,2698,2414,1872
"COG1218",2717,5411,5604,2701,4221,5525,4906,4662,5556,5104,2120,4931,4994,5042,4945,4845,2933,3765,4230,4893,4172,4921,5166,6320,5174,5382,5040,3330,4869,3240,4221,4002,3323,3534,4880,1642,3261,5131,4597,3991,4585,4140,4600,4965,4932,5071,1978,4688,5298,5124,5802,4712,3525,4740,5449,5029,5035,4927,2558,4293
"COG1219",3918,7611,8543,6072,7988,8525,8509,8131,9387,8162,4802,9667,10038,8927,9286,9434,6408,7745,7445,9855,3930,9153,8843,9894,9144,9500,9726,6570,9148,5527,7497,7219,6618,6996,8134,6396,6078,8742,8214,7273,10165,6866,8596,9777,7607,9247,6854,9920,8618,9319,10022,9053,6834,9065,9258,8119,8657,9106,5646,7615
"COG1220",4907,4935,5600,4411,4897,5519,5959,5615,6258,2269,4140,5121,5203,5001,6388,4064,5061,4260,5638,4912,4045,5043,6505,7323,5256,3928,4177,4471,4404,4288,5284,7457,4379,5153,4266,2054,4600,5893,5416,6677,5719,3953,5689,5261,5306,5405,2442,5543,5817,5453,6168,3172,6772,4729,2230,5459,5085,6757,2911,5615
"COG1221",1180,31,13,737,92,22,224,43,383,442,893,149,291,111,117,8,309,569,579,83,7633,254,33,115,287,74,86,353,514,2078,245,156,154,318,455,966,621,352,71,422,34,161,37,102,117,136,871,184,345,182,90,403,166,177,209,76,119,32,868,128
"COG1222",817,1896,1086,275,1631,1192,1145,1058,43,792,735,198,492,641,340,365,365,785,383,372,193,546,584,38,167,296,314,512,221,223,595,256,492,252,92,143,379,787,1113,301,29,1093,755,317,542,701,0,411,742,323,68,287,391,328,490,781,599,255,154,497
"COG1223",4,78,48,2,205,33,98,56,13,18,17,9,51,45,5,14,10,16,0,3,8,20,2,0,5,13,28,0,3,6,15,0,1,3,8,157,7,12,81,0,1,48,8,10,9,23,0,20,4,12,3,9,1,8,14,16,36,4,4,5
"COG1224",0,225,113,1,365,118,153,100,17,19,0,13,86,95,11,83,2,32,0,3,16,81,0,2,13,18,33,0,11,4,41,0,2,1,10,8,0,22,139,0,2,86,1,9,24,35,0,39,11,60,5,11,0,23,20,64,47,7,10,9
"COG1225",3826,5942,5638,5557,4878,5726,5538,6203,4464,7844,2416,4813,5537,5835,6625,4115,5906,6815,4372,6742,3021,5254,5589,4649,4839,6685,6178,5690,6315,4474,5239,3363,5692,5874,5433,1507,5617,5970,5186,3576,3825,6430,5819,5245,6133,5800,1980,5313,6295,5625,5332,6947,2926,5164,8977,5892,5463,4484,7788,5885
"COG1226",11256,6921,5365,8949,9277,5551,6938,6370,5367,9785,10567,5438,7036,7714,3940,8145,6985,8059,8933,5984,17786,6961,5033,5577,6047,8052,6841,7485,7963,13353,7301,9397,6924,6719,7680,6090,9141,6286,8903,8382,3904,6334,6705,5590,5643,6740,10075,6016,6317,6181,4350,7931,9771,6919,10035,6253,7990,4739,11422,5714
"COG1227",101,315,273,24,410,254,241,208,313,169,167,459,258,253,15,147,22,71,3,79,101,191,58,206,358,192,84,27,73,224,109,5,52,87,334,61,180,56,276,4,101,110,75,85,145,152,144,139,37,211,132,267,8,74,168,216,254,53,229,6
"COG1228",24326,14064,12522,14913,11622,13008,11505,12152,8494,9892,20287,8547,7499,10117,10298,20945,17035,12106,14891,8465,23268,7416,12064,10104,13872,7602,6262,16354,7291,17063,14368,16332,18486,13379,9370,6032,17450,10188,7841,15714,6413,12997,15207,5392,12547,12134,15263,6723,17255,5083,6580,7515,19176,6286,8192,11851,7889,14779,12968,13416
"COG1229",206,185,259,183,346,237,205,283,226,253,74,342,235,219,310,801,219,307,277,248,23,389,380,182,191,202,424,230,262,82,214,295,192,221,284,60,106,184,347,378,695,201,165,371,302,223,3,278,578,327,431,244,301,286,174,347,347,331,81,393
"COG1230",5425,507,210,4529,832,214,577,693,1102,1739,4195,294,241,444,667,698,2761,2317,1812,600,10739,950,443,492,469,332,195,2584,1810,8840,1630,2028,2814,2675,549,2892,4618,697,321,1859,138,642,265,334,632,443,5197,563,1111,568,564,1362,2496,1060,637,823,243,164,6021,1642
"COG1231",3249,1679,1385,1563,1307,1527,1355,1005,433,922,2913,658,1028,1097,771,1523,2250,740,2357,322,3227,845,824,360,720,616,341,2702,527,2017,1832,2446,2386,1537,571,1261,2068,967,758,2510,1757,934,1777,297,1132,997,546,706,1673,808,178,822,3166,398,850,1139,719,1494,1532,1211
"COG1232",1522,1094,2108,2488,3764,2062,1647,2120,1489,2704,1050,1295,1339,2572,2678,1606,2400,2978,2906,1195,430,992,2514,1164,2735,1701,1224,2276,1072,1605,2430,3573,2277,2291,965,917,1918,1772,1623,4041,1042,2640,3402,1300,3207,2887,961,1574,1892,893,1384,886,3710,1350,2606,1866,1201,4766,1181,3578
"COG1233",5669,14649,15024,6187,16264,15034,15925,15715,15735,20785,5232,17933,18304,16987,15041,16942,7419,15193,10389,18670,1299,18091,15870,14142,16837,18234,18685,8696,20456,5258,11026,7695,9089,6820,17612,2956,7248,17381,15500,10961,10277,13906,15550,16155,14204,17131,1750,17675,15095,18716,15805,23697,8018,16664,23625,15834,17198,13745,6067,12095
"COG1234",5056,5038,4560,4342,5465,4657,4646,4647,3894,6205,5002,4321,5014,5666,4032,3544,4571,4290,3645,4518,1820,4439,4411,3840,5574,6259,5492,4645,4894,3100,4486,3548,4803,4522,4557,1329,4264,4402,4862,3838,3502,5692,5711,4996,5415,5583,1641,4591,4882,4433,3963,5505,3990,4146,7135,4878,5091,4710,3519,5480
"COG1235",4062,4645,4973,3086,4683,4820,4670,4580,4616,3937,3305,4510,3891,3954,3658,5174,3114,4359,4478,4187,4453,3850,4995,5176,4776,3694,3038,3334,3665,3396,3910,4880,3324,3301,4790,2064,3074,4811,4091,4760,4220,4597,4908,4101,4834,4500,3293,4055,3526,3850,4554,3383,4872,3808,3110,4217,3950,4544,2025,4791
"COG1236",4526,3890,2046,4908,3516,2128,2931,3159,1915,6376,2838,1977,3121,3124,2949,238,4230,3821,1938,2196,5155,3149,1421,1228,2561,3718,3887,4781,4380,4145,3129,932,4506,4513,2645,1969,4910,3162,3311,1012,529,3566,2240,3213,3939,3070,3646,2953,2901,2913,2138,4486,1045,3300,5470,2382,3168,969,5406,3593
"COG1237",64,377,334,154,256,353,229,256,553,150,47,525,224,383,140,127,286,158,245,459,47,171,357,630,459,327,178,202,138,113,235,115,285,241,224,76,225,130,129,167,115,323,589,163,341,450,5,176,231,168,403,147,134,204,239,335,114,557,115,240
"COG1238",2943,3619,3901,2059,2642,3785,3222,3326,3496,1759,2396,3369,2548,2490,3401,2531,2333,2543,3053,3262,3778,2526,3996,4779,3102,2352,2191,2178,2286,3016,2900,3205,2293,2664,2931,1259,2480,3243,3001,3154,4558,2962,3456,2919,2772,2960,1753,2851,3448,2886,3384,1775,2985,2624,1558,3674,2952,3479,2758,2878
"COG1239",1193,1906,1538,1987,3471,1553,2019,2198,2880,8261,1088,3721,4896,4062,1517,3422,1841,3823,1169,5233,187,5532,1389,1792,4063,6654,6143,1681,6930,1199,1963,1100,2174,2119,3675,839,1459,3457,2805,1309,812,2143,2205,3946,1524,4220,538,4226,1087,5537,3012,9230,1365,4872,11353,2482,3403,2150,743,1195
"COG1240",631,364,300,386,1015,281,717,356,974,2094,466,551,2062,1134,380,647,313,1210,58,302,22,1951,141,237,935,1697,2576,143,2835,215,341,207,273,561,1113,125,254,1114,1095,135,66,743,467,1691,432,925,54,2024,52,1836,421,3019,332,2041,2489,508,1412,121,80,226
"COG1241",6062,5092,2518,4679,3818,2703,2779,3176,127,1772,6061,515,1254,1404,2124,776,4808,1836,1555,705,366,897,1213,102,417,744,800,5365,498,1922,3407,981,4683,4485,250,860,4326,1881,2577,782,430,3422,1453,631,2827,1542,60,976,2504,597,150,564,1307,725,1107,2190,1461,546,6041,3008
"COG1242",116,133,81,598,130,55,112,137,19,67,66,36,104,60,48,271,607,158,521,39,96,191,45,64,45,59,152,525,87,401,378,782,511,451,52,11,382,121,244,771,14,145,16,81,110,47,1,91,124,39,32,54,835,114,70,138,157,15,1032,188
"COG1243",4152,1485,827,3187,457,897,411,1076,169,204,3917,485,429,313,1845,255,3065,835,1014,247,90,255,567,407,201,144,235,3226,241,1295,1667,1052,2935,3066,128,389,2716,383,401,879,4777,1187,448,209,1436,381,25,497,1227,346,89,251,1310,506,211,735,284,264,4104,2240
"COG1244",289,1003,829,320,1103,835,954,1023,10,1007,395,155,405,505,303,9,413,824,419,400,166,255,621,1,174,303,332,536,225,238,672,105,573,269,90,130,412,894,836,234,25,1159,695,323,695,653,0,401,832,91,53,269,168,305,463,706,595,265,141,613
"COG1245",3078,2889,1515,3098,1457,1580,1519,2082,22,1350,1573,250,594,658,2117,234,3656,1384,1209,566,255,350,962,45,250,458,427,3959,372,1468,2358,645,3398,3296,150,173,3360,1318,1220,578,295,2446,1045,497,1898,1014,0,563,2433,230,87,367,764,441,719,1475,769,385,4180,2416
"COG1246",1439,611,330,1188,453,384,373,451,400,515,1096,573,297,259,144,1413,874,692,1273,309,2781,365,53,448,258,151,190,1024,463,1793,759,1101,744,802,316,1063,1279,191,342,1124,560,531,51,159,452,157,185,268,362,213,138,361,1113,370,167,332,280,32,1186,727
"COG1247",220,437,447,865,382,442,524,448,351,230,244,264,395,311,374,277,770,554,657,202,340,217,316,73,379,298,240,725,243,777,524,608,909,774,527,180,798,350,473,580,627,674,187,305,422,204,1091,341,468,214,179,185,635,186,198,560,472,348,577,554
"COG1249",12765,15011,14179,17596,16539,14510,16814,15686,16744,20457,10453,16288,17662,17087,15766,15697,17039,17621,15670,15970,17974,18256,15369,13446,17222,17785,18132,16662,20642,19955,16251,14636,16945,15819,16812,8642,18064,17553,16796,14518,13131,15927,15817,17632,15961,17326,14807,17887,17668,18287,14855,21726,14173,18084,20473,15561,17497,15132,19625,16385
"COG1250",16198,20752,20896,18852,18175,21146,19430,19227,16459,13995,12868,15806,14839,16687,17703,25037,19163,15605,22154,15157,16120,17099,20681,16762,18052,14178,13009,20477,14777,18849,20765,20819,19856,18583,16384,7410,19185,17898,17597,21083,14640,18261,19183,15550,18219,17843,11743,15073,21751,15973,15718,14761,20642,14710,10409,18881,16784,18254,17950,17232
"COG1251",2499,33,57,1507,303,64,249,235,405,839,1776,44,85,164,224,8,592,1097,2266,64,5619,353,50,243,164,67,27,909,844,3556,966,2120,391,453,130,2210,1545,141,47,1676,56,262,250,170,187,155,3787,196,715,150,116,356,1769,756,247,109,34,26,1762,142
"COG1252",645,1060,577,1076,1320,660,1314,1001,1271,3149,514,1313,2862,2039,1111,568,871,1936,471,2185,1362,2324,567,899,1293,2448,3478,677,3565,1226,2362,483,2802,3128,6043,2670,3293,5334,4676,1024,1119,3076,2711,7678,3299,4258,2603,7495,2588,8268,3594,12416,467,7878,10684,3604,5874,2483,2921,2425
"COG1253",7688,6609,5847,7864,6895,5944,6158,6621,6049,11943,5388,6432,8124,7583,7192,5353,7917,9657,6517,8134,4379,6512,5495,5397,7195,9059,7912,8124,8499,6258,6789,6288,8492,7696,7392,2587,7998,7400,6510,6515,5319,8467,6230,6413,7862,7175,3732,7365,5538,7201,4942,9968,7082,6295,12892,6913,6758,6484,7878,8126
"COG1254",1265,398,279,1378,191,277,298,378,188,217,1142,167,188,258,491,33,1407,325,904,152,73,131,209,174,191,204,134,1411,136,712,263,343,432,450,118,21,444,87,56,363,20,160,73,50,189,49,150,53,143,43,64,60,345,40,48,110,62,37,448,219
"COG1255",2,0,0,1,0,0,0,3,0,0,0,0,0,0,7,0,2,1,0,0,0,0,0,0,0,0,0,0,0,0,0,1,0,1,0,0,1,0,0,3,0,9,0,0,2,0,0,0,0,0,0,0,0,0,0,0,0,0,1,7
"COG1256",1301,694,485,2096,1614,516,1146,1125,1877,1989,1234,1459,1183,1228,386,1439,1483,1669,1165,1382,4287,1657,503,1801,1718,1213,1141,1643,1703,3147,1256,684,1311,1468,1848,2193,1915,1138,1586,826,208,1471,675,1437,1348,1266,2953,1299,793,1863,1594,2467,714,1525,1318,1106,1442,517,3433,1325
"COG1257",3370,3155,2452,2075,2385,2513,2531,3029,1397,2227,1883,1651,1287,1505,2033,2696,2695,2292,1673,1712,4721,1158,2224,2036,2102,1119,875,3133,1239,2909,2567,856,2876,1982,1474,917,3118,2289,1873,1321,951,2679,2420,1005,2711,2066,376,1426,3572,879,1023,1558,989,1146,1573,2561,1687,1603,3675,2480
"COG1258",1563,1860,1142,2892,1416,1150,1298,1507,8,1079,171,250,512,614,1097,82,2925,1022,896,484,239,291,879,13,227,410,401,3552,293,1245,2061,282,2928,2784,91,165,2808,1128,1089,359,167,1963,974,438,1646,879,0,492,1327,163,86,361,178,402,675,1131,685,367,3642,1769
"COG1259",922,894,956,843,1197,896,977,1031,703,868,861,860,980,1046,1110,1093,1031,1195,1279,833,149,486,1044,1071,998,511,618,951,533,578,969,1399,1159,906,1490,319,856,1003,829,1452,1232,1362,1051,567,1154,865,253,762,827,564,563,653,1647,535,678,1001,836,1486,419,1358
"COG1260",2764,1812,991,4652,1341,1179,1316,1805,372,335,1326,453,956,1019,3099,94,4791,1919,1838,1084,232,452,1098,1589,564,936,1041,4775,322,2481,2403,3051,4800,4813,722,1425,3676,1132,1405,2663,2514,2484,1401,1322,2579,1005,148,1203,2197,511,236,260,3047,798,408,1712,1064,2304,3805,3312
"COG1261",778,129,68,629,152,90,168,197,178,358,622,261,120,126,77,248,537,351,495,156,1895,297,37,203,169,159,143,503,361,1103,430,316,314,412,211,812,638,154,350,311,34,243,47,197,178,151,1161,215,247,244,128,407,324,235,141,250,286,32,651,308
"COG1262",7641,6442,5291,11674,7336,5543,5806,7252,6183,6166,5847,7279,4508,5594,4626,8597,11879,7581,13328,6066,5221,4985,5375,7974,6623,3544,2939,12275,4908,8941,9469,10784,12578,10617,5974,3413,11829,5892,4760,13080,2156,8551,5162,3350,9572,5620,3773,4095,6004,3764,6506,5413,7840,4188,4884,5591,4286,6458,8859,14361
"COG1263",28,0,0,13,3,0,2,1,8,1,7,0,0,0,0,0,6,2,0,0,228,3,0,13,1,0,6,5,3,2,8,3,12,2,7,16,9,0,0,11,1,6,0,2,1,1,1,1,1,5,0,0,8,3,1,3,0,0,0,5
"COG1264",60,1,1,28,3,0,4,2,29,6,7,1,4,1,1,2,9,2,3,0,571,4,0,37,2,1,9,12,1,6,4,0,10,6,8,18,8,2,0,2,0,6,3,2,1,1,1,1,1,4,0,0,4,2,0,2,0,2,3,5
"COG1266",1592,1942,1799,869,1727,1850,1691,2052,2334,5305,1567,2587,2829,2220,1307,1341,1172,2881,1625,3898,1237,3032,1482,1465,2357,3701,4008,1032,4343,1102,1593,1614,1271,1025,2160,891,1229,2862,1802,1649,435,1841,2003,2543,1291,2541,745,2863,1293,3852,1863,5735,1788,3112,6715,1985,2194,1015,739,1082
"COG1267",1484,1739,2031,1183,1564,1968,1634,1706,2150,845,1404,1782,1499,1594,1877,1550,1269,1447,1680,1883,1366,1495,2168,2773,1771,1665,1455,1229,1306,1260,1676,2082,1201,1387,1773,633,1157,1728,1748,2072,1967,1463,2074,1973,1684,1814,689,1741,1480,1686,2165,1088,1950,1701,831,1660,1696,2284,949,1638
"COG1268",711,1864,2283,1329,2179,2292,2446,2267,3053,2153,583,2482,2660,2547,3213,1269,1414,1960,1578,2487,138,2543,2754,3444,2372,2504,2644,1063,2518,817,1748,1873,1269,1726,2824,371,1119,2819,2718,1732,3223,2038,2598,2998,2006,2646,769,2859,2245,3016,2713,2182,1687,2569,2596,2522,2800,2943,1035,2020
"COG1269",3470,2973,1449,4689,1964,1512,1666,2501,24,1404,673,328,711,828,2531,315,5230,1437,1565,624,306,458,902,91,268,582,506,5264,346,1906,3017,831,5068,4692,222,577,4675,1618,1372,728,330,2676,1274,478,3030,1186,149,662,2714,306,116,441,774,449,838,1751,954,493,6408,3354
"COG1270",2030,1002,474,2754,881,529,743,1043,1297,3847,750,1137,1756,1659,1095,787,2711,1646,959,1479,2285,1916,201,385,1374,2676,2372,2726,2715,2010,1722,939,2445,2583,1215,650,2498,1193,1166,934,270,1090,611,1654,1362,1545,1299,1579,736,2015,1148,3269,908,1789,4797,906,1475,138,3064,1097
"COG1271",3398,68,18,1638,263,38,245,184,375,666,3139,59,49,162,216,12,1082,956,3835,83,7376,511,160,47,247,93,52,1027,703,3915,2229,4278,885,761,208,2148,1942,149,72,3949,504,192,100,151,596,190,3429,114,812,129,176,401,3235,572,269,142,65,19,3127,1862
"COG1272",1221,699,639,923,625,649,316,564,629,390,1242,1001,288,451,348,1465,796,503,1295,540,1440,461,727,914,618,192,144,1185,400,1389,848,1233,1181,661,452,458,1177,347,266,1308,1713,326,767,174,349,406,235,264,675,312,332,268,1342,276,323,964,217,981,1592,272
"COG1273",151,1,1,151,11,6,50,23,16,17,214,6,0,9,51,1,197,108,20,6,31,60,12,4,2,6,5,102,62,161,65,64,256,99,15,29,343,31,5,15,3,34,24,18,22,9,116,5,8,15,17,38,77,2,13,9,1,0,117,71
"COG1274",565,688,425,824,189,486,561,665,155,142,304,242,156,320,497,211,904,655,1314,259,35,255,236,156,146,119,178,1424,225,588,723,1834,1083,816,242,18,898,361,296,1967,67,826,138,146,667,218,118,173,682,120,265,162,2409,142,235,730,306,153,418,759
"COG1275",97,1,0,142,11,0,10,3,33,28,95,1,2,9,27,2,17,30,222,2,182,19,1,7,6,1,4,34,47,248,72,514,19,28,12,271,42,16,3,512,3,8,7,28,3,5,48,1,31,5,4,25,595,13,7,1,2,0,120,9
"COG1276",894,13,8,145,65,17,51,66,130,164,597,26,90,66,37,1,115,271,74,146,1307,131,16,57,109,88,90,93,242,879,87,54,54,85,122,230,329,64,77,48,6,72,34,108,108,52,15,89,182,118,149,172,41,110,70,67,55,28,330,132
"COG1277",1023,1214,968,2537,1460,992,1324,1488,996,1580,1231,1298,1013,1344,2132,978,2552,3497,2503,1410,1505,854,899,920,960,857,891,2200,909,1863,1614,2244,2448,2379,1245,1031,1995,1183,1211,2515,671,3412,1261,901,2612,1151,2303,1090,1106,760,951,929,2384,947,1195,1287,980,872,1640,3550
"COG1278",4745,2851,2846,3677,2455,2927,2547,2860,2924,1644,9293,2857,2336,2250,2987,3722,3393,2662,3632,2560,3063,2515,2969,3370,2169,1950,1925,3378,2157,3654,3168,4278,3168,3604,2490,1817,3209,2487,2617,3480,4251,2533,2559,2632,2539,2431,2551,2376,3355,2577,2672,1812,3932,2671,1195,2929,2484,2783,3300,2979
"COG1279",653,1789,2236,592,1660,2143,1889,1692,1907,951,428,1725,1376,1478,1762,1553,581,1346,638,1609,1783,1631,2365,1940,1709,1312,1457,523,1408,861,1055,304,658,659,1854,640,725,1925,2094,277,2530,1577,2110,1911,1458,1711,334,1572,1565,1875,2181,976,252,1668,775,1636,1964,2029,596,1497
"COG1280",3618,7504,8552,5348,6530,8307,7492,7283,7140,4160,3584,6637,6351,5909,7897,7042,5268,5600,5638,6218,6934,6156,7949,6982,6833,5570,5436,5336,5303,5491,6332,6320,5142,5567,7697,4217,5417,7405,7768,5991,9425,6469,7340,7476,6217,6606,8881,7101,6630,6717,6841,4416,5312,6475,3249,7392,7367,7276,4372,6448
"COG1281",1038,608,469,646,1200,447,949,683,1218,3502,932,1519,2010,1821,365,1266,284,1532,246,1643,2761,2138,312,960,1526,2756,2735,268,3162,1681,583,179,226,461,2161,1076,734,1259,1591,122,187,773,714,2001,731,1520,1452,1824,471,2489,1140,3772,276,2246,4194,754,1959,196,1981,423
"COG1282",3593,8376,8407,5168,8311,8760,9721,8680,9420,8679,3044,8748,10132,10026,10511,5328,6038,7943,6809,9244,4274,9192,10113,9889,9466,10615,10647,6326,10375,4603,7226,6594,6299,6295,8040,2649,5514,10209,9263,6995,8770,7905,10956,10696,8514,10687,2481,10048,11503,9804,10808,10066,5817,9766,9808,8494,9492,10044,3530,7968
"COG1283",1826,508,635,760,554,574,724,568,284,665,1850,364,465,557,564,1190,717,678,1183,248,1633,309,772,95,384,374,417,911,409,1434,2076,3866,1979,1684,626,2156,2405,1201,1998,3271,2605,1466,2260,1155,1810,1594,1510,1593,3416,641,633,849,4724,1373,974,1430,1480,3218,5751,1815
"COG1284",667,39,33,665,105,25,115,106,89,173,445,40,77,45,67,64,705,240,388,25,2564,152,6,70,87,25,71,576,165,1025,362,270,551,465,82,468,577,129,193,266,10,91,21,78,70,48,700,86,198,51,35,89,222,173,131,127,128,13,421,167
"COG1285",95,10,0,115,22,4,20,9,16,46,66,12,3,11,26,22,69,42,87,5,47,32,13,23,7,4,6,127,39,154,131,529,319,382,22,320,414,38,21,416,115,38,29,38,40,30,622,32,55,50,40,73,700,68,32,13,3,6,543,113
"COG1286",519,621,649,386,536,698,444,446,760,646,485,802,434,539,216,1994,277,458,338,617,1099,600,376,776,740,524,361,311,636,722,378,272,346,263,727,406,561,327,369,274,682,324,549,426,491,504,646,357,394,533,644,689,294,447,488,429,518,428,446,451
"COG1287",5193,6097,3461,3711,5696,3650,5285,3980,136,5945,3363,934,2105,2765,2558,388,4524,3705,2139,1693,856,1267,2807,797,839,1432,1440,4848,1106,1622,3690,1472,4062,3784,457,676,3965,4504,3777,1508,174,6522,4107,1274,5491,3526,0,2004,4765,594,646,1256,2030,1374,2450,3310,2667,1568,4705,5310
"COG1288",707,24,9,507,52,16,65,51,140,194,534,56,26,59,86,28,210,179,137,63,813,66,45,67,112,29,6,251,165,703,138,51,173,196,50,701,843,52,15,82,33,110,38,41,83,40,408,38,127,40,100,74,64,123,49,61,11,20,581,144
"COG1289",160,7,5,338,94,13,90,44,88,266,203,49,25,81,105,321,421,144,43,20,1325,84,46,4,54,57,14,229,175,677,244,29,416,255,134,1071,1236,139,13,23,24,48,36,114,51,66,955,41,65,96,54,128,31,370,166,21,16,6,428,93
"COG1290",5029,10224,9252,5601,9811,9533,9040,9316,9477,7947,3710,8465,9614,9449,10013,9248,6571,6739,7689,8627,3822,9864,9110,11624,8483,10199,9191,6528,8110,4906,8168,8203,6409,6654,7459,7876,6171,8697,9452,8289,8441,7599,9009,10176,8743,10015,4941,9072,11156,9470,9569,7901,7857,9209,9316,8698,9499,8744,5098,7928
"COG1291",2825,1042,763,3165,1253,736,1493,1434,999,1606,2765,876,951,1188,1221,819,2653,2195,2793,1250,2347,1206,1247,1000,827,1164,1223,2841,1525,3493,2016,3047,2289,1982,1200,1712,2518,1457,1692,2491,243,1983,1601,1132,1776,1264,3987,1315,1880,985,912,1411,3181,1440,1186,1441,1402,1187,5700,1930
"COG1292",6042,3861,3504,3869,3092,3684,3058,2624,3642,6995,4082,3282,2494,4499,1639,3115,2915,2541,2318,2501,10785,2508,3151,2301,4722,5926,1761,3480,2757,8245,3095,834,2831,2105,3531,4529,5683,2675,2414,1816,1498,2261,3170,1298,2479,4095,6001,1596,4024,2487,2037,3220,922,3662,8076,2816,3154,1798,5778,2072
"COG1293",3836,3701,2310,4476,2800,2241,2792,3072,1119,6508,2330,1695,3497,3139,2594,100,5186,3249,1674,2770,350,2864,1237,441,1697,4263,4130,5435,4079,2068,3375,795,4857,4844,2300,364,4678,2989,2867,934,1602,3463,1967,2783,2877,2899,21,2847,2680,3074,1125,5053,844,2970,7474,2488,3140,508,6408,3215
"COG1294",2331,11,8,911,172,23,129,61,284,470,2414,52,38,106,157,6,458,561,1214,59,5400,358,113,51,150,72,25,431,471,2647,374,679,123,96,51,480,419,26,13,328,120,29,19,37,47,48,762,30,197,42,49,107,518,147,64,42,15,8,727,111
"COG1295",2079,575,557,2050,1059,574,1003,882,1389,3598,1557,1315,1956,1614,1052,1311,1570,2251,1325,1901,3340,1571,641,920,1544,2377,2052,1223,2710,3190,1285,1178,1574,1429,1596,1495,2456,1207,854,1012,389,1229,932,1223,883,1522,2916,1500,1066,1757,822,3219,1154,1739,4106,930,1193,773,2920,1306
"COG1296",592,1569,1807,928,1467,1781,1426,1429,2104,689,551,1833,1421,1414,1600,2572,664,1057,1058,1266,1553,1344,1858,2190,1557,1102,1184,868,1175,1334,1288,701,733,782,1744,685,892,1263,1829,607,2726,985,1682,1680,1277,1584,913,1435,1503,1611,1944,1001,472,1433,617,1518,1785,1861,1380,721
"COG1297",2959,1792,1306,1382,2699,1381,1782,2087,345,1939,2568,546,1132,1418,1614,129,2066,2316,2999,1438,435,705,2380,332,781,1053,894,2158,861,1328,720,906,724,413,118,253,605,653,562,1130,136,840,1333,262,626,809,31,383,1041,117,147,253,1097,301,565,652,356,672,968,704
"COG1298",1942,848,689,2957,1978,678,1417,1424,1924,2264,1715,1886,1490,1529,496,1741,2295,2181,1678,1443,5111,2121,638,1726,1846,1600,1326,2265,2167,4165,1632,1053,2030,2096,2325,2979,2413,1201,2089,1093,385,1706,798,1660,1811,1454,5100,1576,884,2004,1650,2697,1113,1808,1421,1466,1755,617,4639,1647
"COG1299",21,9,13,41,8,5,15,29,45,16,20,27,6,2,12,9,40,11,3,7,121,6,22,13,29,11,4,20,11,37,69,6,75,55,52,273,163,30,22,9,60,12,50,25,10,37,230,25,44,31,22,43,5,119,27,51,17,24,62,19
"COG1300",204,29,18,233,159,41,35,37,49,265,561,43,4,126,33,101,138,187,15,12,60,126,18,2,26,15,3,114,117,179,65,54,229,71,88,391,491,97,15,20,9,72,12,13,123,23,565,12,24,20,11,33,82,28,47,28,15,5,259,87
"COG1301",4238,3715,3835,2755,3509,3816,3530,3322,3916,3204,3324,4116,2867,3515,2750,4226,2752,3491,2993,3841,4236,3044,4445,4861,4290,3195,2481,2931,2791,4200,3329,2502,2906,2158,3175,2742,3475,3253,2576,2847,3086,3126,4779,2479,3684,3849,2668,2458,5143,2692,4163,3132,2686,2915,2771,3455,2816,4191,7238,3231
"COG1302",1,3,0,3,5,1,11,6,0,2,1,30,2,3,0,0,8,18,2,4,0,4,2,28,5,7,2,0,0,7,3,1,3,2,8,1,2,0,2,12,0,3,3,0,2,3,0,7,0,9,2,10,0,12,4,2,1,3,1,0
"COG1303",772,726,414,1042,400,397,444,593,3,393,274,72,148,170,519,5,1186,401,324,180,86,98,295,3,68,150,109,1265,96,482,703,137,1080,1021,42,45,1136,410,350,143,62,532,315,125,653,301,0,145,593,41,29,98,124,129,221,415,255,88,1390,763
"COG1304",4431,8215,9109,5134,9480,9190,9771,9838,11975,4520,3228,9473,8736,9111,12464,6249,5725,8837,4468,9118,4784,10044,10976,13093,9401,8057,6678,4260,8055,4646,6151,5853,5541,6415,7764,2680,5105,9339,8636,5052,7160,9838,8656,9979,9800,9714,2960,9138,10842,10254,12909,6851,5654,9194,4522,9545,8258,10481,3564,8787
"COG1305",2485,525,554,1477,724,529,837,757,694,897,2596,836,1087,607,672,115,1175,1769,1178,1193,2560,1325,548,605,326,1197,1306,1003,1840,1937,2306,4483,3548,2802,3317,4585,4463,3608,2227,4016,388,3226,1365,3376,2289,1294,4338,2970,1773,3230,3116,4987,5435,3974,1317,2015,2839,620,6320,3163
"COG1306",338,279,591,71,853,529,798,821,341,128,85,336,890,705,801,1,110,308,81,532,76,208,838,417,433,465,1103,105,196,35,293,41,142,490,813,1318,122,1311,920,107,2683,557,814,1116,663,695,0,1063,667,539,268,128,145,539,126,931,710,1757,59,549
"COG1307",296,529,389,1007,196,486,421,483,53,172,260,39,145,292,1535,38,886,1321,1243,393,203,62,530,65,47,199,148,780,136,658,580,804,879,873,127,89,638,441,306,1188,51,1452,310,75,879,132,9,239,850,39,3,111,950,153,152,536,185,479,508,1294
"COG1308",934,305,99,770,60,100,70,227,2,19,901,3,16,30,312,30,787,132,179,27,11,32,30,5,5,5,10,835,8,299,400,146,692,723,12,1,747,52,49,90,45,224,35,25,334,28,0,18,342,25,3,11,213,9,14,142,25,10,1075,368
"COG1309",9161,3909,3714,7903,3592,3573,3014,2909,4253,4392,7574,4330,2378,3449,2548,5965,4043,5257,4853,3151,21798,3922,3331,3191,3447,2784,2052,5198,5007,15332,3666,4140,3844,3806,3541,9557,6871,2954,2618,3900,2418,3351,2788,2763,3628,2823,17754,2631,4547,2634,3350,3903,4776,3761,2202,3792,2801,2885,11658,2885
"COG1310",1680,1317,449,1640,1073,513,603,812,151,320,1045,544,503,590,1284,302,1852,834,925,378,173,1127,188,229,307,735,629,1868,421,826,1146,947,1654,1813,665,49716,1660,628,502,824,187,1198,477,726,1135,534,760,518,689,466,38,286,801,3207,542,539,317,284,1933,1439
"COG1311",2440,2262,995,392,1121,1197,943,1519,15,680,4581,181,447,477,1536,63,567,820,682,466,219,166,672,15,97,288,318,803,109,274,577,517,978,511,143,495,512,944,940,474,341,1927,688,343,1952,669,29,471,2009,164,37,194,898,309,413,1136,637,204,253,2124
"COG1312",309,539,714,1124,760,723,814,980,957,515,421,725,581,1168,1362,513,1162,1639,1062,1167,767,486,834,854,970,596,454,1005,446,792,927,768,1311,1241,519,206,1031,521,632,1236,263,3000,1348,531,2075,1116,766,690,581,466,794,457,788,649,889,688,574,710,404,2141
"COG1313",470,16,2,25,15,3,7,17,0,10,272,0,0,5,0,0,37,19,251,0,11,2,0,0,1,0,0,26,1,29,76,887,19,14,2,1,39,4,4,533,0,27,3,0,125,0,0,3,2,0,1,0,1121,0,12,1,2,0,7,495
"COG1314",363,167,120,196,140,142,181,112,210,148,250,139,137,145,115,755,99,221,145,187,890,182,152,230,161,156,129,130,220,464,124,75,67,154,256,293,190,172,131,144,74,162,90,173,148,115,70,118,242,238,162,246,83,197,94,201,157,88,201,160
"COG1315",1381,80,26,728,182,31,172,193,173,430,975,45,109,139,102,24,773,455,660,41,3543,172,52,58,78,50,96,665,253,1777,601,464,502,502,167,1611,1150,457,392,520,5,338,99,98,157,139,82,142,341,50,28,126,442,170,212,242,254,51,1165,332
"COG1316",265,448,470,545,1163,434,1218,650,319,567,186,390,1644,1656,723,0,653,498,760,502,49,579,678,746,299,440,876,667,418,248,564,516,526,352,2130,200,440,1095,1485,910,1617,756,529,879,722,489,11,887,734,675,202,383,600,503,217,874,1793,1557,305,550
"COG1317",657,80,27,1292,86,44,120,144,109,225,504,37,72,92,79,48,1060,317,630,45,1802,154,58,82,47,40,73,1091,242,1477,607,355,840,840,71,828,902,162,188,418,24,173,75,84,162,67,331,90,305,29,29,103,305,209,83,153,123,52,1614,334
"COG1319",4105,3351,2450,6465,2988,2423,3884,3722,1168,2147,3065,2164,2358,2046,3301,856,6755,5007,6445,2062,1389,2268,1644,962,1437,1605,2015,5420,2088,4297,4378,7219,6795,6438,3044,487,5452,3018,4043,7879,620,6757,1259,2369,4273,1509,2022,2385,2535,2310,1134,2626,7892,2041,1288,2959,3327,2004,2251,5489
"COG1320",74,72,41,289,82,53,72,75,141,118,123,130,68,61,54,64,242,150,119,83,103,131,46,220,102,96,71,256,121,363,136,204,230,281,137,298,269,67,74,251,38,116,48,116,82,83,392,72,36,123,287,166,219,136,75,69,56,51,281,75
"COG1321",2191,1944,1606,3559,2026,1582,1695,1967,1257,1555,783,1365,1289,1505,2111,1795,3826,2170,1539,1119,284,888,1582,1061,1356,981,1172,3680,853,1772,2395,1431,3580,3489,1122,374,3438,1695,1570,1187,2166,2468,1590,1378,2504,1450,1369,1359,1955,861,1073,898,1602,972,923,1867,1311,2373,3970,2487
"COG1322",4161,7467,8763,5019,7971,8746,7944,7944,7734,6057,3911,7287,7358,8118,7569,6647,5342,5898,6231,7320,3527,6757,9396,7938,8583,7401,6271,5266,5934,4804,6691,6677,5394,5598,6818,2443,5364,7875,7957,5896,8891,6464,9258,7769,7232,8628,3303,7601,7747,7065,8539,5265,6409,6734,6443,7946,7668,10296,4863,6392
"COG1324",1428,493,397,1206,600,413,595,700,511,1207,886,381,669,649,809,11,1373,871,1090,711,934,663,588,437,583,876,998,1230,875,959,1027,1404,1057,1144,478,231,1216,817,654,1355,138,871,815,905,804,863,199,770,773,692,429,908,1470,815,1282,583,632,629,1513,951
"COG1325",659,267,98,1031,17,83,62,224,0,1,58,0,8,8,434,3,1077,93,175,13,7,0,16,0,0,0,3,1057,2,417,480,90,909,1022,4,0,971,23,25,68,60,218,0,0,394,0,0,1,310,4,6,3,62,0,0,155,20,10,1421,432
"COG1326",50,440,300,64,344,307,342,350,3,264,16,88,147,136,115,7,102,272,117,116,71,39,198,1,31,121,109,165,47,47,194,19,167,72,32,58,120,323,277,44,10,509,253,135,240,206,0,128,312,44,35,86,12,107,168,288,144,95,52,230
"COG1327",1705,2226,2680,1569,2108,2674,2594,2410,2841,2834,2053,2959,2970,3009,2793,1626,1528,2328,1898,2950,1255,2790,2750,2508,2864,3631,2833,1432,2659,1467,1976,2171,1484,1724,3252,691,1338,2625,2773,2062,3116,2070,2638,3125,2362,2992,1083,2831,2250,3039,2993,2800,1986,2794,3381,2531,2971,2636,1338,2233
"COG1328",2691,1198,382,2954,90,427,236,990,86,135,1852,5,36,33,1826,9,3065,511,1099,5,2171,42,84,8,58,10,3,3212,138,1512,1638,1422,2948,3067,39,333,2952,112,119,1134,242,854,3,15,1713,50,411,25,1271,16,33,54,1748,92,109,618,82,17,3911,2122
"COG1329",502,2317,2985,1173,2566,2854,3269,2686,2907,1014,295,2584,2743,2504,3222,1746,1307,1587,1332,2449,109,2610,3346,3803,2507,2153,2444,1076,1954,909,1607,1441,1325,1656,2947,582,1093,3191,3006,1692,4182,1962,2838,3208,2388,2639,1213,3177,2341,2927,3276,1361,1362,2452,942,2552,2934,3742,1344,2162
"COG1330",2514,672,423,3455,1096,486,1429,1073,2641,7313,1757,2497,4727,2849,527,1808,2800,4252,2349,3651,7208,4624,276,666,1958,4299,8313,2699,8404,4422,767,507,733,965,1298,887,976,1094,918,591,34,404,342,1660,255,719,188,1573,328,1789,498,2861,549,1960,2857,567,1347,9,816,317
"COG1331",5661,5278,4563,10988,4560,4386,4230,5740,2831,2987,3068,3696,3339,3366,7378,4473,11874,6256,7623,3863,689,3638,5124,2995,3847,2534,2493,11049,2934,6392,6737,6773,10986,10984,4157,931,9017,5169,3133,6342,3038,6162,4449,3597,6775,3800,2846,3422,5138,2833,3322,2182,6830,3547,2311,5080,3254,5172,7592,9967
"COG1333",25,921,597,406,1398,634,729,599,693,4066,78,1189,2130,1805,291,1969,412,1259,109,1894,131,2965,159,206,1246,3056,2329,264,3018,85,365,8,270,325,1094,145,217,1240,955,183,651,323,606,1487,243,1580,11,1682,272,2592,830,3678,13,1878,5648,621,1409,19,312,177
"COG1334",226,14,7,152,29,9,31,23,50,85,200,19,17,25,14,25,29,134,53,31,1067,32,2,12,38,20,6,58,102,366,13,5,8,11,9,50,42,8,3,6,0,22,6,7,12,7,0,5,24,5,5,9,4,21,10,12,7,2,47,26
"COG1335",3291,1992,1424,4661,2091,1532,1823,1816,1480,3113,2750,1731,1779,1651,1436,2009,3788,3029,2721,1812,3101,2199,808,1198,1516,2142,2364,3545,2865,4413,2082,3063,3825,3872,2018,2077,3224,1909,1895,3330,701,3368,820,1828,2467,1460,3291,1856,1177,2241,1182,3184,3351,2038,3185,1726,1903,1265,2336,2360
"COG1336",0,1,0,0,1,0,0,0,0,1,0,6,0,3,0,0,0,0,0,0,0,0,0,2,0,0,0,0,0,0,0,7,0,0,0,0,0,4,0,0,0,0,0,0,0,5,0,1,0,0,2,0,8,0,2,0,0,0,0,0
"COG1337",5,0,0,2,0,0,0,0,0,0,1,1,0,0,0,0,1,0,11,0,1,0,0,0,0,0,0,1,0,0,2,9,1,14,0,0,1,0,0,32,0,0,0,0,0,0,0,0,0,0,0,0,11,0,0,0,0,0,0,0
"COG1338",607,329,275,1066,739,253,585,516,732,898,535,815,590,599,187,745,791,892,565,598,1722,742,246,974,765,645,538,826,852,1495,603,363,639,745,888,1065,872,548,802,381,118,732,358,655,707,606,1813,682,303,796,711,1046,346,703,612,565,675,269,1651,626
"COG1339",1120,760,371,1339,312,363,383,561,3,342,165,35,120,148,678,2,1602,390,410,145,87,53,251,3,49,100,96,1648,62,572,927,200,1436,1448,39,41,1463,339,254,211,117,712,294,109,821,272,0,141,535,27,15,76,170,122,170,347,185,88,2078,771
"COG1340",169,653,628,152,675,535,649,666,6,783,336,108,305,331,302,1,233,709,251,317,136,130,491,2,184,294,195,355,202,130,385,118,358,110,72,102,194,869,527,167,8,834,718,261,428,569,0,303,569,80,47,214,135,240,438,522,387,189,112,425
"COG1341",0,77,31,0,116,35,61,32,8,0,0,4,16,27,2,57,2,23,0,1,2,84,0,4,1,0,11,0,6,5,0,0,0,5,1,1,1,1,61,0,0,35,0,0,11,3,0,4,2,38,0,9,0,4,1,35,20,5,0,3
"COG1343",7,0,0,14,3,0,1,0,6,10,8,4,1,0,1,0,7,10,3,0,373,7,0,0,20,2,0,5,4,10,4,5,9,4,5,11,71,3,0,5,0,0,0,0,4,6,180,3,0,5,3,2,14,2,12,0,0,1,7,3
"COG1344",5246,2060,1577,9886,4751,1579,4952,4700,4391,6296,4871,5864,4597,4327,1541,3397,9307,6053,7051,4389,14312,6892,1787,4266,4363,4402,4680,9070,6409,11304,2320,1680,2592,2640,1908,1774,2785,1494,2906,1795,258,2150,640,1705,1760,1598,2658,1686,917,2094,1790,2707,1535,1980,1679,1659,2341,507,5226,1782
"COG1345",1200,400,341,3259,1323,348,982,920,1249,1708,1128,1073,1027,1076,400,1938,2826,1347,1652,821,3414,1378,389,983,1153,1094,997,3109,1528,3289,1772,1040,2417,2439,1274,1910,2367,949,1612,1151,126,1176,510,1288,1158,989,1959,1062,596,1355,1217,1821,961,1265,1137,815,1327,404,3717,1239
"COG1346",701,101,56,423,67,49,44,44,151,216,572,162,30,73,61,451,132,230,154,21,1665,97,21,145,113,56,28,170,279,951,126,44,39,114,102,722,433,49,60,57,743,32,42,49,46,90,782,56,177,76,32,138,46,182,86,37,62,20,525,40
"COG1347",763,1288,1427,565,1329,1503,969,1157,1682,1150,725,1680,976,1276,817,1929,434,967,740,1459,1840,1141,1774,2048,2088,1293,872,515,1103,1101,932,368,670,411,1483,683,729,1053,839,662,907,706,2269,964,1149,1660,256,981,1582,1006,1854,1287,429,1079,1219,1195,973,1725,1154,764
"COG1348",29,282,306,45,1110,323,871,595,1292,3586,26,1264,2075,1993,342,2,34,1246,114,1490,38,2021,217,343,1727,3215,2870,90,3030,33,489,7,32,235,1876,111,105,1213,1297,143,93,664,740,1945,529,1826,165,1863,127,2495,831,3892,10,2093,5033,772,1916,190,23,136
"COG1349",2173,597,581,1100,479,513,328,341,599,548,1431,869,226,378,167,2061,525,850,722,179,5816,578,114,679,489,202,168,779,592,2256,479,523,627,277,383,1249,1225,172,411,597,471,258,282,283,352,298,4077,230,524,198,307,397,583,498,392,458,385,201,1118,280
"COG1350",2550,1170,1747,1829,1024,1896,2207,1646,1368,414,2277,910,1450,1544,2180,68,2189,873,3787,1225,157,751,2129,1523,1349,1098,1940,2342,705,1143,2581,5217,2166,2134,1280,225,1683,1946,1956,4840,3477,1490,1736,1521,1848,1376,24,2001,2475,1229,1189,608,5384,1058,515,1363,1643,1768,973,1913
"COG1351",10858,4643,5269,6657,6668,5127,5484,5864,5458,4078,16838,7057,7699,5390,8658,2181,7422,4396,5398,6703,862,6157,5545,6905,5255,6320,12065,7081,5278,3760,6834,6019,6594,7650,5672,38462,5801,5381,8221,5307,8856,5419,5942,9441,5828,6232,15120,10256,6102,6653,4170,4223,5542,11781,5548,7716,7255,6688,7230,7078
"COG1352",2019,109,108,1636,506,118,411,373,357,804,2227,212,181,281,283,176,841,1019,855,157,6147,571,257,246,307,201,251,922,845,3364,596,598,1008,811,386,3701,1853,863,468,572,85,423,217,246,426,246,2589,245,1354,231,220,479,654,508,333,397,369,91,3786,1050
"COG1353",11,1,0,6,3,0,1,0,2,1,5,21,0,1,0,1,15,0,28,0,10,0,0,2,1,1,0,1,0,1,6,36,3,43,5,0,4,20,0,87,0,0,0,0,3,3,0,0,0,1,1,0,40,0,5,0,0,0,0,0
"COG1354",4169,4499,5194,4454,4311,5069,4497,4758,5189,4702,4027,5125,5565,5274,4632,2863,4635,4106,4271,5194,2119,5242,6057,4716,5054,6208,5536,4741,5087,3529,4695,4177,4442,4789,5474,1384,4279,5036,5089,4177,5974,3818,5988,5819,4711,5510,1810,5456,4065,5455,5807,4831,4199,5262,5690,5132,5467,5979,5210,4511
"COG1355",2882,89,26,994,60,27,108,200,27,159,5538,32,56,83,83,19,1048,157,941,40,61,184,12,132,14,14,80,1080,79,534,684,1375,881,934,41,32,901,94,138,1420,9,418,16,54,214,36,1136,59,34,91,21,42,1595,85,34,104,115,14,1128,450
"COG1356",4,0,0,0,0,1,1,0,0,0,2,0,0,0,3,0,0,2,2,0,0,0,0,0,0,0,0,0,0,0,0,4,0,0,0,0,0,0,0,12,0,9,0,0,2,0,0,0,0,1,0,0,13,0,0,0,0,0,0,4
"COG1357",7049,5202,3369,8745,4571,3434,4398,4454,2659,9760,3314,3728,5761,6041,4196,3416,8831,6715,6565,5028,3529,5589,2224,2553,3682,7210,6389,8548,6489,5750,6390,10201,8264,9295,4920,1862,7766,4960,4994,8860,2882,6324,3457,4732,6862,5118,11575,4857,3844,5731,2953,7530,11290,5474,11822,4019,5488,1457,7521,9829
"COG1358",265,265,140,139,169,138,173,173,8,98,343,25,66,59,133,57,175,115,96,33,19,43,88,10,26,35,29,184,23,56,407,147,612,423,30,47,545,325,363,161,53,568,267,109,588,263,0,104,553,87,29,111,258,105,135,363,201,79,521,628
"COG1359",128,445,391,858,371,411,391,461,427,230,113,342,284,332,579,221,767,657,630,429,824,357,270,348,246,281,211,613,255,569,486,343,816,858,391,284,537,289,353,454,121,666,243,311,618,263,611,252,319,309,530,237,336,333,156,445,268,330,246,599
"COG1360",1127,776,774,1290,912,752,910,900,1181,969,1157,1035,738,873,588,1145,1116,1128,1241,942,1014,886,823,1031,1043,796,655,1079,1044,1432,3145,4019,3205,2606,3287,2423,3936,2643,2741,4094,1128,3384,2711,2353,3112,2487,5944,2559,2352,2702,3356,3331,4342,2545,2171,2766,2597,2196,5754,2882
"COG1361",2334,579,132,2518,10,177,104,507,0,3,1196,0,15,26,919,9,2904,206,583,3,24,0,50,0,0,0,3,2960,1,1065,468,123,885,848,4,1,854,22,17,71,82,136,0,0,416,0,0,1,213,3,0,1,159,0,1,65,11,3,1216,407
"COG1362",77,191,83,234,204,81,143,123,59,82,91,94,101,87,72,504,182,148,236,109,55,142,54,115,32,34,90,212,147,223,361,527,674,664,338,449,525,307,520,478,61,600,35,222,570,82,224,265,228,321,153,450,517,410,91,458,329,456,329,903
"COG1363",493,1381,1474,1070,2049,1439,1341,1495,1719,2479,1202,1825,1112,1459,1491,2886,1090,2171,867,1326,267,1555,1053,1379,2400,778,763,883,1482,690,1130,347,1353,1165,1571,527,961,1286,730,649,999,1965,945,750,1533,1429,1435,960,785,1049,1172,1692,388,889,1494,1182,922,1247,332,1532
"COG1364",1975,5556,6463,4343,5098,6189,6246,6083,7219,5717,1653,6952,7711,6154,7227,6555,4465,5918,5481,7365,548,7163,6503,8425,5923,7268,7028,4065,7041,3001,5381,6053,4338,5317,5760,1477,3812,6472,6433,5636,6702,5658,5653,7503,5579,6213,1955,7532,4636,7575,8114,6768,5246,6822,6709,6114,6687,5968,2168,6446
"COG1366",657,226,147,671,454,153,278,238,148,1098,677,435,502,533,209,406,526,508,608,454,985,398,156,164,292,768,626,706,700,920,407,702,589,547,744,930,555,647,360,476,188,300,259,367,263,405,313,435,298,525,174,807,796,518,1242,399,455,319,590,299
"COG1368",1450,1253,924,3399,797,945,729,1208,1016,1566,2241,991,597,675,740,5001,3282,1216,3357,614,683,828,1037,460,1097,786,814,3329,1095,4022,2549,2687,3134,2376,900,3319,3090,1050,1245,3003,919,836,879,628,723,731,1019,676,1245,483,286,705,2750,1036,655,1138,1045,839,6314,1224
"COG1369",284,18,1,0,34,2,10,6,0,0,379,0,4,10,7,18,1,2,6,2,1,2,0,0,0,0,1,2,0,1,0,65,1,1,0,0,1,1,21,30,0,20,0,1,6,0,0,0,1,7,0,0,97,0,0,4,8,3,1,2
"COG1370",705,1130,802,1108,1417,833,1382,1333,4,1107,160,191,466,590,891,0,1395,1161,690,582,215,354,968,3,240,495,404,1506,342,503,1175,184,1441,1136,75,171,1324,1149,1059,318,82,1640,1138,397,1291,1011,0,539,1604,113,103,405,129,388,698,960,676,391,1303,1288
"COG1371",1106,344,116,879,86,114,173,263,6,141,751,4,30,75,342,20,973,232,324,51,31,7,46,6,10,4,48,998,26,384,147,182,277,325,1,4,293,38,25,149,20,137,12,10,153,13,0,17,100,3,1,6,257,13,12,39,26,7,403,194
"COG1372",33801,726,893,1108,5573,923,1801,1458,2527,7294,62315,4568,4704,3967,2891,1044,591,3327,1258,4602,686,6436,2010,1727,3735,6723,9984,623,7763,848,2231,1686,414,2672,4243,62920,237,2767,3222,2471,5473,2571,3827,7367,1456,5203,52112,5151,917,5708,1830,7823,3328,11324,10267,2073,3592,2022,985,1523
"COG1373",655,26,9,480,144,8,43,36,114,139,1472,94,99,64,50,98,277,200,648,23,1412,126,26,143,66,17,20,457,200,511,206,615,439,458,98,243,334,55,16,734,17,86,104,42,71,70,621,54,84,24,485,75,879,69,98,32,11,8,453,87
"COG1374",0,79,25,1,52,41,24,22,3,4,60,8,22,19,0,31,0,6,1,2,5,14,0,1,2,0,6,0,1,1,6,2,0,1,0,1,0,2,34,1,1,14,0,3,4,3,0,6,5,6,2,2,3,6,0,17,13,0,0,1
"COG1376",319,552,398,1120,1360,351,1128,618,744,1005,373,654,1555,1725,425,496,926,833,786,311,451,403,217,263,629,415,319,842,537,1325,708,582,1041,807,2234,513,1120,782,1116,806,228,558,141,400,756,343,2060,489,491,652,391,799,752,441,475,654,1456,265,332,591
"COG1377",751,473,374,1496,1147,346,886,783,1095,1238,779,1044,884,875,283,1090,1150,1199,871,822,2362,1181,362,1246,1042,871,769,1191,1214,2123,829,550,1024,1119,1195,1483,1235,735,1165,580,170,1010,412,967,967,800,2699,884,457,1122,996,1615,614,1042,870,804,978,318,2465,849
"COG1378",4164,1314,597,1542,959,640,515,1128,12,497,5836,52,331,401,973,5,1646,636,920,383,46,135,557,21,198,404,231,1930,185,660,1060,1170,1801,1689,86,117,1571,695,632,758,218,837,933,232,1111,705,0,326,978,91,49,215,1624,282,459,870,360,448,2145,983
"COG1379",560,0,0,97,2,0,1,1,0,0,653,0,1,1,0,0,82,5,14,0,2,0,0,0,0,0,0,31,1,44,35,732,197,277,5,1,64,12,27,298,19,40,0,0,24,1,0,0,0,0,0,0,1122,6,10,0,20,0,16,43
"COG1380",316,4,8,62,11,3,5,5,26,43,173,55,11,2,4,8,23,96,34,7,392,46,2,30,10,10,5,30,70,242,29,13,7,17,41,240,104,9,11,13,35,7,6,18,3,8,362,7,36,11,6,24,7,42,2,15,14,1,53,8
"COG1381",756,956,1297,842,946,1187,1032,1056,1322,1140,630,1224,1293,1206,1098,1124,924,1165,1173,1358,655,1341,1223,1333,1191,1453,1328,892,1418,767,3286,4071,2705,3010,4153,903,2387,3402,3733,3602,3576,3078,3545,4174,3131,3625,1372,4030,2255,4291,4517,4131,3680,3889,4324,3484,3994,3363,1659,3262
"COG1382",195,19,4,1,1,3,9,8,6,1,177,2,5,4,5,18,8,2,9,4,0,29,0,0,1,1,3,6,2,1,9,32,2,2,1,1,5,2,2,12,0,26,0,0,8,3,0,2,2,11,2,1,61,5,0,4,0,0,3,4
"COG1383",234,161,115,32,144,113,113,117,4,83,350,38,63,58,36,42,60,69,38,54,24,48,80,3,22,37,29,67,22,25,45,43,38,39,5,14,50,73,138,49,0,109,111,46,50,89,0,57,87,20,7,31,71,49,59,81,76,33,16,50
"COG1384",4920,7427,8529,4843,6501,7997,7857,7390,7516,3330,4283,6566,6904,5875,7956,4078,5742,4606,4431,5762,435,6465,8574,6785,6069,5694,5439,5324,5211,2701,5920,5098,5255,6555,6628,982,4800,7594,7738,5056,7136,6000,7029,7654,6491,6719,2244,7300,6080,7186,7823,3992,4386,6337,2903,6727,7115,7364,4918,6405
"COG1385",2486,4817,5834,3219,5039,5364,5105,4624,5694,5094,2268,5695,5887,5710,4823,4766,3568,4321,4189,5636,2170,5596,5822,6631,5690,5939,5949,3427,5896,3118,4563,4286,3410,3757,6571,1577,3388,5342,5548,4457,5419,4024,5820,6284,4472,5491,1972,5829,3838,6192,6185,5856,4161,5804,5738,4964,5891,6004,3024,3934
"COG1386",3818,4004,4293,3847,3777,4226,4232,4261,4303,3339,3686,4057,4365,4086,4242,2222,3923,3371,3500,4203,1604,3995,5008,4162,4067,4322,4135,3845,3710,3014,3981,4126,3723,4153,4227,1211,3595,4355,4336,3724,4788,3269,4857,4472,4214,4354,1890,4189,4096,4240,4777,3374,3914,4086,3698,4225,4325,5070,5037,4168
"COG1387",1203,1344,967,1246,1469,987,1341,1294,215,1426,853,707,604,710,215,23,1296,1143,1098,373,234,221,450,313,507,352,350,1030,234,585,1118,979,1288,1138,378,150,914,857,822,1279,41,1910,512,351,1040,782,639,614,434,216,323,385,1160,344,735,794,639,304,204,1199
"COG1388",388,432,548,685,582,572,764,605,602,744,404,416,1078,955,309,194,636,550,914,424,203,667,696,691,738,767,443,673,567,617,683,1068,523,565,1152,662,692,488,629,1121,276,508,816,450,562,577,407,489,1064,556,323,656,1319,547,587,615,851,474,412,841
"COG1389",2987,2907,1726,2215,2155,1773,1949,2312,39,1930,2698,392,780,1025,1687,68,2533,1626,1386,732,356,564,1268,43,307,645,552,2957,451,1293,2060,952,2737,2339,197,225,2431,1680,1582,1074,239,2716,1412,610,2647,1387,696,779,2316,336,126,511,1265,603,1002,1804,1083,511,4259,2590
"COG1390",680,773,403,732,281,453,470,572,1,223,143,84,155,145,641,16,795,382,318,138,69,87,254,42,83,119,91,801,62,307,449,152,902,760,30,43,632,215,356,140,113,630,291,106,710,236,0,135,658,54,14,70,174,106,146,441,184,67,974,756
"COG1391",3057,1299,1064,4346,1459,942,1384,1401,1761,1552,2191,1894,1118,1023,520,2463,3273,2240,3177,812,6907,1477,615,1177,1522,1060,949,2985,1895,5341,2289,3075,2955,3064,2362,2256,3358,901,1853,2792,570,1910,458,1430,2022,720,5378,1248,1080,1319,1153,1838,2843,1504,856,1374,1703,427,4810,3134
"COG1392",922,1134,1075,2061,622,1113,847,950,617,422,578,549,449,639,1085,1652,2348,743,1937,129,215,303,611,79,817,593,304,2424,332,1420,1907,1839,2297,2161,279,472,2167,292,569,1901,401,790,691,472,1476,605,121,417,1151,332,560,326,1876,465,348,572,548,550,1349,1794
"COG1393",1569,1164,1165,1553,975,1158,856,1048,969,986,1266,969,881,804,642,1958,1441,1415,1622,1130,2430,903,673,548,753,711,1007,1614,1165,2156,1274,1267,1514,1311,1105,850,1626,965,884,1290,896,914,599,876,882,651,1386,928,1000,1012,575,1426,1233,1049,641,1134,945,573,1863,1210
"COG1394",1395,960,543,1677,511,559,596,853,7,455,237,80,208,226,699,39,1893,484,518,179,104,151,341,33,93,184,130,2037,118,763,1171,281,1793,1669,71,140,1615,561,475,246,128,852,378,162,938,319,39,206,878,76,35,134,283,145,236,563,326,131,2498,1055
"COG1395",415,0,0,2,0,0,0,3,0,0,210,0,0,0,21,0,5,5,14,0,0,0,0,0,0,0,0,1,0,1,0,88,0,2,0,0,2,0,1,61,0,26,0,1,24,0,0,0,0,0,0,0,167,0,1,0,0,0,9,20
"COG1396",3087,3753,4435,3787,3714,4078,3928,3472,5887,1705,4694,3695,3781,3428,4878,3197,3555,2852,4937,3480,4243,4485,5299,6161,4042,3001,3264,3369,3796,4459,4698,6407,3273,3801,4673,5860,3281,4131,4739,5646,4665,3067,4199,4835,3213,3903,11971,3986,3644,3995,5503,2160,5517,4090,1538,3375,4706,4916,2975,3226
"COG1397",468,137,174,670,185,201,201,208,194,245,921,343,117,169,386,577,491,449,658,202,204,185,88,176,119,111,164,588,214,457,428,1095,551,521,166,656,486,199,221,835,535,425,42,137,391,123,412,154,140,179,244,241,1247,363,180,365,159,137,262,573
"COG1398",2234,1476,1193,1600,2258,1174,1613,1680,1497,3949,1623,2583,3013,2311,1210,817,1212,2736,1258,2992,3518,2239,1042,797,1378,3453,3455,1215,3211,2411,1395,549,1149,1352,2187,3839,1538,1961,1757,800,1626,2170,1555,2542,1702,2045,2495,2815,1604,2174,1037,3388,373,2742,4552,2034,2012,896,2279,2062
"COG1399",1267,443,354,809,527,341,543,506,134,332,1087,207,577,573,484,737,739,637,1100,228,1173,268,310,150,89,196,368,1000,351,1037,711,1274,941,679,731,449,858,497,531,1101,358,698,346,343,503,229,88,306,549,230,61,242,1292,320,136,567,615,558,765,741
"COG1400",15,62,32,21,42,27,22,43,5,6,9,3,6,17,8,0,27,44,13,18,3,2,6,0,0,1,7,15,7,17,14,10,38,16,5,3,13,5,30,6,0,33,18,20,7,13,0,10,20,4,0,5,15,10,11,20,13,3,10,18
"COG1401",1498,449,243,892,594,209,260,352,387,1182,1355,196,233,481,421,834,655,990,829,416,3844,355,274,44,478,400,213,754,539,1535,584,797,744,490,225,703,1468,735,498,795,197,452,780,501,697,721,640,364,583,222,113,285,852,521,788,416,270,638,982,733
"COG1402",1399,1421,905,2914,1464,1013,1826,1525,1387,2887,820,1285,2429,2394,1658,230,3000,2720,1655,1682,282,1767,765,648,1395,2403,2126,2814,2333,1667,1823,1177,2754,2813,2498,349,2496,1686,1519,1295,231,3035,895,1636,2726,1484,1248,1694,852,1842,1351,2796,1249,1691,3550,1289,1993,753,2242,2854
"COG1403",2714,2818,3546,2304,3534,3380,3687,3631,4145,3505,3100,3917,4626,4054,4057,1577,2527,3198,3254,4567,1568,4076,3983,5098,4063,4423,5650,2483,3927,1909,3375,3860,2397,2780,4101,8149,2137,3915,4406,3716,4463,3317,4480,5228,3403,4480,3250,5057,3321,4363,4405,3604,3605,4818,4193,3596,4336,4273,1381,3446
"COG1404",24460,31017,20958,16680,29285,22030,24340,25590,6684,32574,22784,11676,12405,18161,13833,8830,19307,21415,15702,14199,22304,9842,20231,8317,10940,13428,14567,21848,10354,22217,19506,10089,19885,15041,6690,19291,20068,24273,18948,10864,4558,31559,23217,11164,25219,22033,14891,14573,30231,7009,6368,11629,11844,11735,17401,19712,15018,11956,52005,23087
"COG1405",5782,5036,4039,6539,3467,3714,2816,3681,238,1527,3501,1018,928,1406,4132,429,7085,2184,2042,855,377,727,1496,745,552,638,684,7974,720,2761,1425,325,2298,2290,94,800,2144,614,622,233,3240,1162,434,249,1519,391,11,385,1374,247,71,257,308,369,279,861,463,580,3142,1625
"COG1406",157,0,0,36,19,0,7,4,9,22,126,3,3,6,6,0,21,21,13,0,359,2,21,1,3,4,2,10,17,170,20,61,22,24,14,341,149,41,5,67,2,5,14,7,20,19,183,17,181,0,10,12,87,11,29,10,3,16,812,18
"COG1407",2215,475,343,1495,793,372,701,611,986,2608,1657,882,1407,1280,794,87,1607,1106,429,1100,1722,1357,359,504,1410,1997,1819,1581,1999,1167,1082,319,1288,1536,1447,250,1630,1005,1124,230,198,832,804,1601,1089,1270,734,1255,568,1505,1142,2222,454,1355,3180,422,1349,345,1945,775
"COG1408",238,973,973,854,1251,981,812,1033,1286,1191,523,1456,696,810,598,3462,823,1031,695,1102,197,1030,1054,1477,1374,791,730,906,1069,620,827,534,1029,627,1099,459,1204,990,778,483,613,863,1326,697,915,943,706,697,823,949,1325,1052,547,779,812,981,782,1510,492,712
"COG1409",4330,3734,3541,6810,4670,3723,3888,4067,3549,3519,2559,3497,3442,4782,2682,3363,6688,4405,5043,3146,6094,3346,3556,2342,4507,2795,1785,6532,3038,6752,5091,2976,6150,5676,3664,2270,6489,2954,3370,4295,2111,4534,3873,1990,4959,3532,4702,2591,3683,2709,2612,3154,3049,2479,2732,2991,3470,3301,7031,4270
"COG1410",8045,7353,5057,8803,5361,5266,6944,6623,5073,13508,6809,6106,8616,7640,7019,4999,9084,11060,12101,7926,6780,8470,4001,2592,5961,9824,12731,9227,12816,8223,8557,10380,10258,8614,7804,3689,8754,7827,7175,12114,3149,7986,5793,8208,7990,6829,7242,8577,7660,8960,4115,14858,10652,9381,15305,5808,8344,3583,8802,9778
"COG1411",48,47,97,72,137,86,46,96,67,93,16,132,86,117,111,201,72,98,120,108,11,120,184,57,61,81,173,99,93,36,89,80,72,73,100,24,33,62,141,112,256,60,69,177,123,93,0,95,121,109,159,60,83,97,84,138,139,121,21,146
"COG1412",310,171,73,23,143,60,55,67,9,5,309,4,33,48,12,61,20,26,28,26,1,6,2,10,3,1,10,16,8,12,28,56,14,9,1,7,11,9,77,62,1,35,28,4,21,32,0,14,23,11,1,7,108,16,22,38,21,7,6,18
"COG1413",1679,2114,1710,2214,2695,1844,3137,2592,1390,5335,1416,2245,4006,3820,844,473,2240,3844,4430,2387,448,2575,789,585,1468,3196,2281,2432,2179,1412,2700,3971,2551,2607,4479,497,1746,2987,2661,5316,146,3528,1523,1366,2532,2381,775,2657,1332,2737,905,3310,4419,1942,5068,1604,3348,644,788,2637
"COG1414",1743,2287,1911,2628,1133,1765,1297,1527,1787,1149,1680,2515,781,1018,855,3899,2034,1477,2355,995,3004,1592,902,1051,1334,800,768,2730,1511,2654,1942,2493,2316,1671,1279,1441,2435,918,1344,2289,2307,1384,496,1079,1113,784,7109,924,1029,1309,1079,1336,2498,1225,626,1801,1310,488,1589,743
"COG1415",665,110,60,149,32,75,105,59,4,34,583,14,33,55,103,88,240,120,445,57,11,46,63,29,3,23,49,290,28,110,319,812,221,138,32,3,231,127,63,429,41,117,79,16,145,17,3,35,115,37,11,47,843,28,14,73,36,72,116,148
"COG1416",16,24,15,44,33,12,13,15,3,16,19,15,12,38,5,191,25,21,27,27,13,88,3,34,9,7,49,39,46,27,27,20,39,67,34,9,25,14,17,15,14,32,6,23,37,5,11,13,3,47,11,20,21,50,6,13,18,12,32,28
"COG1418",1529,1323,703,1450,820,754,826,1012,317,1051,1364,660,485,701,2253,3289,1449,2071,1351,640,421,345,389,813,424,282,264,1031,389,1215,803,1513,1717,1915,800,233,1411,710,386,1606,626,2052,348,216,1908,435,1080,428,833,316,286,517,1743,361,504,670,467,249,2053,2945
"COG1419",1354,195,98,1373,390,119,340,407,546,657,1002,375,274,327,151,905,1041,786,831,280,3150,541,161,481,247,251,236,951,609,2266,640,536,747,935,378,1228,1211,428,459,610,31,529,134,318,503,274,2326,342,554,411,517,606,442,475,335,370,359,91,3003,640
"COG1420",1734,1497,1295,2306,1463,1298,1793,1503,1478,1054,1562,1413,1733,1689,1188,386,2431,1677,2733,1077,233,1094,1026,793,1364,983,1137,2396,1025,1751,2007,2940,2403,2221,2316,536,2126,1423,1697,3196,1013,2133,885,1184,1891,932,2075,1222,1020,1327,1527,1371,3112,875,727,1372,1920,948,1389,2317
"COG1422",1085,649,256,1208,343,313,443,577,2,594,891,75,134,205,662,1,1390,421,324,185,79,87,267,2,103,131,134,1498,97,554,257,62,399,405,18,15,424,120,81,43,18,203,95,53,258,86,0,46,243,15,6,38,76,31,64,154,67,31,587,283
"COG1426",1587,556,397,1141,459,424,501,552,394,557,1238,512,423,430,417,260,1191,934,1652,526,2159,527,587,426,338,376,430,1067,525,1588,367,505,362,318,216,263,466,215,172,676,63,287,157,124,291,112,417,141,221,137,211,148,529,195,101,164,177,146,433,370
"COG1427",89,731,483,722,645,526,494,545,26,751,53,176,283,370,344,340,675,659,628,300,104,211,409,48,113,239,200,564,219,381,474,272,741,640,159,80,504,569,465,544,49,956,386,159,632,383,303,246,382,118,48,193,183,172,332,432,344,177,112,743
"COG1428",1798,2276,2714,1019,2928,2621,1561,1656,2195,1494,2160,2820,1234,2120,1050,4557,1370,1296,1898,2110,155,1852,2465,3412,2886,1529,1196,1556,1564,886,1828,1865,1628,960,1821,1579,1589,1650,1163,2007,4032,1080,2598,1093,1543,2058,428,1418,1497,1501,1564,1902,2101,1459,1645,1949,1434,2936,872,1379
"COG1429",549,3316,2206,2854,5896,2470,4645,3703,7882,22847,459,8359,13447,11172,2401,4095,2696,9649,2258,10857,350,14648,1104,2168,8918,18180,22294,2067,23407,2014,3495,1271,2328,3517,10748,1805,1983,8623,8459,2461,503,3475,4046,14060,3223,9820,3342,12355,1100,17579,7111,28162,1277,15354,28941,4125,11682,693,1202,1695
"COG1430",1944,1031,833,1333,1381,864,1109,1049,993,894,2106,1226,2081,1283,1481,485,1126,1113,832,1622,1432,1911,812,1129,2069,1326,2122,1222,1490,1276,1066,762,1119,1327,1369,10255,1039,893,1174,986,753,1177,1342,2687,1363,1307,1490,3260,1235,1627,745,981,989,3577,1065,857,1259,849,1694,1180
"COG1431",20,3,1,33,41,1,19,17,39,59,105,8,2,15,15,0,64,40,12,0,270,36,15,1,10,3,1,56,49,313,11,19,91,13,5,79,102,24,3,7,9,9,2,11,8,29,62,3,12,3,12,16,17,22,28,4,0,2,136,18
"COG1432",1959,453,274,2064,394,307,429,528,461,506,2386,347,225,370,827,807,1797,1487,1438,393,3778,363,257,233,366,186,133,1577,512,2520,849,1540,1806,1961,301,866,1522,370,219,1638,278,1240,248,149,880,315,1170,240,620,387,208,469,1937,361,328,380,191,182,1644,1152
"COG1433",1,0,0,7,11,0,0,0,0,4,0,0,0,1,2,0,8,1,0,0,7,1,0,0,0,0,1,1,0,0,0,0,13,15,1,1,5,0,0,0,0,0,3,0,0,3,0,0,0,0,0,0,0,0,16,0,0,0,4,17
"COG1434",1558,927,952,1199,1291,872,1064,1069,1217,1630,1082,1425,1174,1284,643,904,1111,1153,1264,1003,2182,1430,910,1179,1156,1095,1126,1077,1255,1438,1140,1717,990,1081,1948,585,1022,1150,1436,1857,736,1203,747,1133,1181,981,1433,1028,637,1359,1092,1389,2063,1082,1256,1033,1512,774,1607,1175
"COG1435",1647,2301,2899,1401,2387,2740,2151,1973,1843,1300,2094,2000,1648,2018,1490,2746,1502,1327,2085,1662,1470,1618,2012,2299,2462,1578,1600,1874,1442,1567,2009,1869,1949,1322,1905,1593,1666,1763,1722,1762,6285,1393,2124,1680,1788,1942,819,1806,1918,1589,1725,1424,1867,1569,1226,2212,1691,2754,1741,1323
"COG1436",197,286,158,190,256,153,170,201,2,171,56,45,89,97,78,5,207,163,111,54,32,52,107,1,30,64,45,236,52,112,193,55,239,154,17,16,213,194,191,63,6,292,171,64,108,154,0,71,150,32,18,41,84,59,117,121,118,52,218,116
"COG1437",252,5,6,48,51,11,19,16,2,13,396,10,21,27,2,0,53,88,24,7,23,1,11,0,2,10,4,55,7,62,46,44,63,66,21,22,167,12,13,37,5,63,1,4,57,9,191,8,13,4,1,12,57,7,33,29,9,3,122,73
"COG1438",453,156,235,199,211,215,268,261,170,109,289,138,286,171,293,1,244,204,196,246,1210,120,355,272,152,219,342,225,148,611,75,77,80,66,114,98,107,87,144,51,338,87,51,167,62,42,51,134,120,76,42,20,78,82,16,127,94,186,98,49
"COG1439",652,778,367,1050,470,361,434,490,2,354,122,59,131,193,456,5,1106,384,285,148,72,74,240,8,38,121,109,1181,75,447,717,113,1033,1055,25,39,998,338,296,125,59,548,262,96,610,267,0,136,490,42,20,65,88,112,167,381,199,87,1500,627
"COG1441",30,506,245,554,550,223,257,256,21,64,41,32,171,157,117,31,624,185,330,44,84,77,67,55,3,14,142,524,66,259,142,95,179,161,37,1,129,40,152,101,13,62,3,23,33,6,10,35,37,24,3,25,82,25,4,74,75,90,71,41
"COG1442",127,197,323,48,469,303,298,383,231,64,255,231,461,372,343,151,15,161,37,388,134,258,566,743,171,318,735,25,218,103,119,30,20,88,390,196,29,531,360,33,2896,225,393,730,303,373,108,617,213,433,209,93,39,358,87,528,352,600,60,276
"COG1443",589,1008,782,953,680,790,645,911,541,499,174,637,448,453,790,1084,1119,601,427,500,90,444,587,609,866,324,254,1420,420,464,950,165,1219,1009,675,117,1285,654,671,212,381,721,447,357,1020,545,281,444,755,487,442,678,183,355,504,842,545,318,1177,940
"COG1444",1997,333,180,737,288,195,171,112,269,333,1177,42,81,165,74,1370,437,452,419,47,4997,105,22,9,118,46,45,385,273,1935,97,80,104,147,8,314,313,14,43,144,6,30,5,9,29,19,94,35,133,18,2,45,71,87,28,29,20,4,367,75
"COG1445",52,8,28,137,14,20,27,71,123,33,49,38,5,6,36,7,99,27,8,9,368,4,29,14,10,15,7,61,31,95,29,2,65,37,41,262,158,23,10,3,20,14,20,20,6,18,237,7,22,17,11,35,4,128,20,33,5,4,56,22
"COG1446",3188,1872,2050,2243,2780,1998,2206,2067,1551,2062,2922,1394,1440,1815,1321,2057,2813,1804,3087,1626,2309,1343,2273,2233,3093,1367,994,3101,1472,2181,2944,2723,3159,1914,2010,850,3035,2063,1379,2861,753,1942,2553,948,2048,2438,1626,1275,2607,1134,1565,1713,3052,1156,1914,1849,1496,2299,1430,2287
"COG1448",1113,832,744,636,1575,683,798,895,911,899,691,978,738,873,674,1147,399,1074,299,679,4109,1077,539,847,1040,715,457,363,952,1879,608,121,426,427,772,1106,820,509,1025,122,253,889,657,695,1052,871,954,707,589,1041,598,1357,111,811,819,881,917,463,659,503
"COG1449",256,314,674,266,3129,663,1411,1502,648,1424,114,515,1724,1563,745,13,106,637,460,980,200,440,1275,1334,1055,1098,1412,149,548,92,1002,393,155,201,1132,854,66,1384,2481,248,953,1099,1984,2129,1034,1961,501,1675,817,732,513,563,235,1112,949,1488,1611,3405,81,285
"COG1450",4731,2642,2520,3841,2951,2665,2528,3140,2979,3020,5143,3455,2452,3164,1723,2613,3307,3451,5500,3214,8681,2428,2548,3414,3535,2817,1995,3458,2270,5821,3614,4194,3196,2915,2764,2801,4143,2300,2330,5342,1417,3027,3113,2164,3531,3046,4901,2378,3306,1980,3948,2531,4824,2244,2044,2765,2397,2308,6651,3661
"COG1451",1422,1016,915,1424,751,879,649,925,744,2675,1184,797,455,1100,484,1218,1167,1002,1196,908,2524,596,531,521,1167,2124,631,1285,699,1815,1087,955,1233,1269,737,1081,1188,517,590,899,765,784,900,532,908,1388,2056,621,520,598,528,744,969,666,3148,995,579,489,2125,870
"COG1452",3948,6656,8325,4592,6407,8175,5838,7160,9297,4222,3150,8519,6112,7501,5226,9485,4480,5160,5962,7561,6021,7477,8906,11419,8619,6961,6073,4555,6189,5805,2081,2093,1489,1772,2140,972,1630,2269,2181,1944,2988,1755,3400,2449,2533,2587,1362,2236,1704,2606,3713,1665,1906,2154,1410,2419,2341,2908,2098,2548
"COG1453",229,444,324,363,970,403,1332,716,1838,6446,216,1683,4748,3041,801,75,362,2866,1097,2815,92,3788,227,388,1784,5188,6521,419,6423,244,737,832,369,723,2237,130,316,2583,2033,1605,75,1037,1006,4144,820,2354,9,4155,188,4110,1360,7208,730,4263,8671,681,3350,53,39,891
"COG1454",5384,7656,8183,8700,6562,8452,7955,8362,8532,3905,4196,8732,6344,7142,10187,5504,8785,6989,6121,7924,3766,7840,8926,9729,7139,5757,5949,7375,6446,6723,6804,5870,7760,9590,5822,2839,7389,7085,6833,6364,8049,8160,6358,7564,8611,6391,3715,6640,9395,8129,8289,5631,5610,6743,3030,7989,6868,7075,6322,8387
"COG1455",7,2,1,3,14,0,7,1,0,21,27,0,9,7,1,4,5,4,0,1,197,1,0,2,0,0,1,31,1,6,3,1,1,1,18,20,3,5,2,3,0,11,0,0,5,8,1540,12,1,2,1,0,0,4,8,1,4,0,1,1
"COG1456",215,0,0,107,13,0,1,0,0,2,128,0,0,0,0,0,75,0,151,0,0,0,0,0,0,0,0,154,0,84,74,882,80,64,1,1,86,0,0,643,0,0,0,0,1,0,0,0,0,0,0,0,1315,0,9,0,0,0,20,0
"COG1457",264,225,116,593,69,102,72,151,88,178,223,38,33,54,104,145,319,218,285,29,635,68,35,51,47,17,27,679,166,1213,252,71,348,186,121,741,578,77,37,143,10,84,30,57,248,27,138,27,519,13,15,61,85,197,39,119,39,17,804,271
"COG1459",4809,3100,3259,4563,3628,3336,3757,3213,3795,4990,4751,3864,3714,4225,3378,4047,4082,4190,6331,3592,8356,3622,3815,4128,4358,4472,3342,4631,3692,6103,4383,5389,4065,4527,3871,3144,4331,4179,3256,5811,3610,3240,4979,3758,3833,4479,4064,3634,4354,3119,4588,3274,5495,3437,4146,3367,3547,3878,6605,3882
"COG1460",138,50,16,21,39,17,20,31,0,22,169,0,18,17,37,0,58,101,41,34,6,13,13,0,3,1,6,50,8,29,26,36,61,34,3,3,28,47,27,30,1,62,44,30,25,27,0,24,37,0,1,9,41,28,22,39,16,12,21,26
"COG1461",328,753,658,1228,448,661,631,808,48,149,274,70,280,463,2184,38,1283,2239,1631,597,210,88,727,94,108,198,201,1285,120,808,883,1171,1429,1297,200,65,1029,683,451,1484,103,2071,460,136,1546,269,0,321,1084,69,9,66,1355,208,163,837,275,897,546,1804
"COG1462",2176,241,566,617,792,480,229,614,1212,649,4322,1971,437,566,626,866,467,673,473,953,1185,1018,504,1188,921,830,1317,520,713,1297,700,295,518,641,776,26678,1032,124,293,363,1076,449,721,839,350,734,14284,711,567,687,88,367,307,2131,986,939,279,339,963,371
"COG1463",649,722,467,971,1081,528,816,656,1114,2934,637,1260,1596,1514,484,263,535,1651,725,1475,1567,1390,395,472,1108,2333,1651,548,2104,1478,555,406,613,855,1382,1085,753,1331,1036,547,285,932,680,1283,945,1305,2554,1364,538,1703,1004,2582,452,1437,3553,673,1234,228,1917,653
"COG1464",43,0,1,202,10,0,1,6,51,62,47,11,8,16,42,0,32,79,9,18,150,70,12,3,5,10,13,140,71,165,8,7,32,59,11,248,51,12,11,9,3,15,7,34,3,3,359,12,12,30,12,31,11,72,8,11,3,0,73,8
"COG1465",1157,1320,667,2240,731,735,757,1032,5,536,82,124,274,272,960,13,2219,540,500,190,116,235,468,3,110,227,190,2545,133,920,1338,173,2140,2180,59,86,2060,562,566,210,141,956,458,170,829,430,0,232,1076,91,34,189,90,170,345,728,336,169,3108,1123
"COG1466",3121,4768,6365,3969,4642,5942,4801,5144,6114,5517,2907,6176,5919,5192,4540,7054,4292,5346,5378,6723,2448,6293,6064,5550,5734,5674,5618,4187,6175,3724,5384,5502,4335,4554,5410,1330,3970,5847,4796,5543,5656,4316,5502,5438,4458,5244,2158,5699,3127,6751,6625,6103,5286,5447,6124,5386,5375,5976,3472,5085
"COG1467",1745,1641,968,3073,907,1028,883,1428,76,652,260,157,355,421,1381,132,3349,901,855,354,177,199,676,7,217,297,237,3351,181,1344,1896,327,3276,3148,100,360,3002,817,711,316,429,1516,606,263,1456,589,4,379,1505,124,65,212,230,282,371,1026,479,229,4286,1844
"COG1468",310,0,0,24,2,2,4,5,4,30,99,16,2,3,5,1,19,9,21,6,588,5,3,0,26,1,1,7,5,25,13,95,36,14,7,21,128,1,2,61,3,2,5,6,8,11,247,4,0,4,2,9,170,16,20,6,0,0,26,10
"COG1469",293,219,211,163,203,217,142,179,195,220,239,266,156,158,97,446,169,191,328,127,397,173,135,116,224,123,122,182,152,330,850,869,592,613,493,611,890,298,328,672,888,525,161,356,481,440,1335,457,454,338,359,364,785,631,382,523,354,230,1638,498
"COG1470",61,151,33,3,190,37,33,61,0,54,61,4,9,85,147,0,3,119,108,85,24,19,40,3,23,9,16,64,25,0,56,29,21,4,3,36,3,81,32,28,0,75,366,29,141,230,3,6,47,4,4,12,66,32,146,135,11,29,0,144
"COG1471",1754,1007,531,1263,481,547,510,783,7,328,1902,79,222,241,743,69,1363,487,460,210,90,150,342,4,79,162,147,1576,123,557,941,308,1307,1285,35,57,1329,454,421,257,92,845,399,160,768,349,0,203,819,59,32,118,419,128,262,581,257,118,1653,918
"COG1472",13218,12323,14544,7664,12300,14233,11625,12041,14108,8477,11797,15132,10335,11094,8877,17014,9825,9405,10765,13782,16283,12956,15126,16696,15341,10506,8885,8742,11478,11037,11341,10791,10019,6867,13450,6110,12536,11880,10184,10543,11462,7234,14299,9583,9178,12366,10024,9189,12898,10925,14970,11494,11756,9947,8969,13099,10959,15653,10448,7843
"COG1473",8623,8830,8676,8143,8942,8739,9288,8514,8802,9220,7961,8758,9152,9718,8408,7782,9261,8725,8965,8679,5146,7522,8525,8070,11828,10242,8250,9151,7876,7277,3130,3012,3512,2673,2975,892,2993,2821,2726,3173,2689,3126,3468,2548,3142,3462,3163,2807,3470,2831,2622,3505,3429,2543,3307,3067,2741,3278,1775,2726
"COG1474",3811,3235,2007,1966,2076,2100,2047,2575,26,1633,5176,349,841,949,1843,313,2515,1609,1133,673,357,643,1326,18,308,620,588,2869,424,1001,1906,866,2481,2058,183,220,2222,1801,1870,685,252,2998,1340,584,2484,1195,0,799,2863,320,131,474,1202,530,894,1748,1267,521,2518,2474
"COG1475",9634,5680,6716,5649,6613,6608,6896,6690,7259,4329,12323,6470,6237,6314,7542,6529,5539,5971,5610,6183,7612,6609,7534,6898,7043,5686,5722,5307,5965,7320,5562,5415,5721,5757,6532,33417,6051,6840,6269,5590,7490,5457,7454,6672,6375,6567,13150,6803,7678,5611,6898,4498,5641,7459,3998,6671,5981,7906,6454,6956
"COG1476",411,646,580,305,230,566,380,388,239,192,397,377,325,203,121,695,301,172,417,215,522,179,301,385,362,239,241,257,201,392,427,296,541,309,407,82,438,205,504,240,1121,221,369,211,223,234,365,268,394,159,142,188,374,145,170,555,535,389,482,132
"COG1477",3928,2151,2706,2225,2686,2636,1943,2357,2919,2358,3115,3106,1786,2589,1482,3341,2180,2787,3266,2457,5580,1977,2740,3359,3668,2218,1441,2323,1971,3301,2606,2635,2149,1730,2497,1717,2580,1805,1444,2817,1995,1885,3601,1557,2649,2696,2449,1674,2341,1714,2638,2152,2996,1805,2158,2287,1719,2883,2866,1878
"COG1478",2287,1741,1150,4049,813,1159,1021,1683,708,393,283,731,721,890,2305,415,4171,1361,1240,824,266,587,958,861,917,789,844,4241,402,1937,2386,833,3940,3984,911,111,3670,775,965,929,1511,1889,752,744,2357,773,3,761,1938,641,448,454,770,635,412,1420,845,1165,5450,2712
"COG1479",3796,539,367,1470,1048,448,472,463,378,1073,4902,462,333,716,525,499,845,938,1305,375,3995,626,692,463,664,352,390,863,801,1219,855,2597,790,730,378,2182,1285,782,503,1590,1011,473,684,459,833,672,3357,428,556,431,529,530,2689,570,689,461,414,749,1183,800
"COG1480",3276,1578,1851,1100,2573,1945,2525,2484,2859,5329,3324,2893,3826,3540,2246,3365,1580,2997,2959,3920,206,2479,2819,2830,3111,4665,4439,1730,3544,1257,2344,3506,1917,1161,3750,977,1812,3601,2981,3416,2823,2038,4009,3406,2198,3662,1348,3659,2631,3734,1844,4862,4250,3114,6882,2784,3061,3300,2973,2018
"COG1481",2,6,0,68,20,3,9,7,9,2,0,23,2,4,6,0,43,39,0,10,5,85,2,2,3,8,11,39,52,7,4,0,49,6,15,8,28,12,3,2,1,24,1,14,5,8,2,3,0,5,10,4,0,4,11,6,1,1,3,13
"COG1482",200,273,138,520,506,165,344,329,283,302,267,345,231,213,271,519,556,549,522,377,247,343,174,237,182,176,183,609,193,557,343,594,689,366,301,338,700,271,248,437,74,534,292,185,366,188,648,268,222,136,214,150,704,207,206,492,171,647,521,377
"COG1483",357,43,18,279,69,19,81,35,71,331,247,20,71,95,86,5,443,200,102,37,1126,271,15,14,32,128,66,249,204,1193,125,279,237,119,91,57,284,111,62,145,6,39,91,51,118,146,155,68,36,48,59,109,267,130,369,22,50,40,221,291
"COG1484",6715,360,111,3386,312,157,576,400,925,1558,5170,405,185,234,1505,99,2497,2404,2678,248,23750,915,255,85,516,252,294,1970,1471,6553,1161,6221,1590,2488,327,4728,2216,443,311,4338,78,1331,103,203,906,351,1583,343,951,303,228,664,6107,817,622,443,220,72,1730,1760
"COG1485",1314,3991,5275,1322,3715,4895,3665,3671,5399,2123,1144,5190,3552,3782,2623,4143,988,2445,883,3941,3166,4085,4995,5116,4504,4121,3491,886,3020,2201,1981,511,1063,1311,3959,1575,1506,2976,4498,718,5407,2823,4359,4583,3012,3977,1877,3872,2494,4367,6009,2930,656,3874,1899,4026,4683,4205,1438,1430
"COG1486",583,817,1210,753,1134,1280,1762,1209,1291,663,470,941,1432,1201,1285,24,694,1165,1203,968,140,1220,1296,1016,1225,1299,2180,909,1063,425,1051,974,814,858,1565,93,660,1548,2068,1575,150,2133,862,1441,1472,992,9,1659,824,1574,1488,1269,1013,1287,688,1164,2421,1291,403,1358
"COG1487",238,16,2,245,64,4,31,16,10,45,649,16,30,27,12,2,120,69,90,21,189,43,7,30,24,16,16,190,90,321,65,140,138,158,58,272,125,78,37,176,10,80,35,26,95,17,249,39,13,15,24,68,206,32,25,20,30,1,119,488
"COG1488",593,957,785,1068,1524,837,1150,1130,1076,741,3946,1024,1120,1085,1631,406,1231,1513,903,1224,337,1168,748,1701,1256,924,744,661,975,819,904,1109,1083,1117,1726,488,1322,1123,1231,1198,261,1882,824,983,1518,876,1074,891,654,1175,1175,1318,1263,946,672,1343,1081,1657,419,1705
"COG1489",2454,1833,2234,1656,1991,2211,2226,2156,2723,2772,2141,2637,3110,2452,2523,1971,1727,2239,2416,3017,2219,2968,2522,2494,2506,3228,2949,1590,3232,2054,2024,3038,1508,1944,2945,871,1559,2695,2534,2344,2818,1744,2283,2985,1803,2664,1122,3064,1715,3381,2800,3194,2783,3146,3321,2143,2618,2294,2199,2091
"COG1490",444,413,458,387,430,441,432,410,315,349,384,378,315,447,359,703,376,464,503,367,444,283,444,406,472,293,278,389,294,376,1335,1433,1282,1037,1291,627,1223,1170,1088,1272,1450,1322,1260,895,1346,1140,605,1021,1211,903,746,947,1455,811,738,1371,1021,1667,833,1349
"COG1491",1599,763,438,1302,390,457,444,711,4,404,1746,66,172,198,543,4,1397,416,417,163,64,131,344,0,96,148,110,1496,107,518,831,311,1435,1298,46,55,1170,430,415,196,81,758,334,145,702,351,0,180,615,62,34,126,357,130,231,481,288,129,1620,709
"COG1492",1184,1065,611,2475,1227,611,967,1271,1450,4736,497,1634,2403,2217,1151,1417,2474,2123,1344,1909,366,2411,217,481,1940,3605,3240,2268,3445,1446,1683,1413,2191,2482,2001,430,2300,1668,1500,1679,301,1379,822,2245,1819,2012,2443,2020,594,2743,1675,4583,1634,2346,5967,1136,1964,194,2572,1836
"COG1493",17,68,58,66,105,39,76,86,91,107,24,102,77,91,26,114,70,107,61,68,23,41,18,95,93,56,54,46,46,50,171,75,214,201,332,210,203,200,195,141,65,379,70,172,354,201,282,247,80,158,243,235,65,117,218,102,209,42,53,252
"COG1494",1272,3120,3192,2163,3295,3391,3923,3340,3875,4558,951,3560,4248,4056,4163,1359,2413,2939,2453,3938,311,3749,4067,3983,3623,4905,4458,2289,4279,1456,899,884,779,844,1273,245,616,1430,1271,955,1032,1043,1288,1407,1024,1450,540,1426,1406,1394,1273,1490,888,1362,1794,1153,1357,1262,751,1032
"COG1495",671,1255,1437,865,1003,1470,1295,1278,1239,574,710,1051,1117,1121,1563,2250,728,1029,1123,1318,1239,1157,1688,1400,1080,1154,1125,938,1027,1106,1188,898,800,807,1276,687,999,1264,1298,839,1728,1065,1284,1459,1180,1170,1066,1190,1629,1250,1726,849,883,1182,534,1301,1362,1573,840,1038
"COG1496",2024,2975,3564,2137,2998,3261,3543,3198,4101,3458,2054,3834,3836,3632,3714,3112,2195,3034,3261,3890,1439,3946,4306,4183,3594,4120,3941,2109,3760,2258,3164,3943,2063,2512,4136,1051,2192,3929,3900,3625,4578,2655,4181,4371,2910,3700,1313,4041,2861,4352,3945,3633,3595,3809,4183,3413,4083,4330,2410,3016
"COG1497",14,1,0,1,0,0,0,2,0,0,14,0,0,0,12,0,4,5,0,0,0,0,0,0,0,0,0,1,0,0,0,2,1,2,0,0,1,0,0,1,0,24,0,0,12,0,0,0,0,0,0,0,28,0,0,0,0,0,2,3
"COG1498",1981,2056,886,2202,1088,965,1040,1261,27,642,666,136,349,484,1187,220,2487,693,717,252,138,385,528,26,146,252,268,2665,171,902,1497,352,2071,2136,64,103,2368,690,760,332,168,1410,578,238,1467,539,0,342,1318,217,59,223,409,249,417,886,451,207,3210,1614
"COG1499",440,950,621,170,813,700,716,720,13,700,616,119,279,399,236,79,299,526,232,305,107,287,447,30,144,263,244,396,176,168,415,158,364,182,52,104,292,614,594,211,8,849,555,248,433,531,0,313,635,130,50,193,200,273,398,527,410,216,117,431
"COG1500",1935,1007,541,1537,543,559,630,763,6,505,2093,86,241,252,735,18,1727,511,510,212,109,193,353,6,75,154,160,1917,137,641,1036,337,1564,1489,57,75,1547,547,501,252,101,945,389,177,848,387,0,189,816,111,30,122,459,181,274,537,321,149,2036,992
"COG1501",2134,897,598,872,1203,640,633,546,540,819,1988,472,294,556,208,1428,1107,879,730,252,3699,535,313,632,309,216,251,655,599,1923,662,523,1165,561,339,1908,1921,475,492,1009,60,389,275,195,458,272,1448,399,585,444,360,720,805,315,363,354,254,129,1220,401
"COG1502",3552,741,547,2677,2146,559,883,916,1022,2521,2847,575,886,1532,436,873,1463,1657,1623,292,7100,868,425,282,873,629,552,2034,1517,4825,1189,1338,1445,1470,1204,3745,2740,1432,665,1280,194,745,937,501,836,1213,1696,544,934,486,380,928,1515,971,1344,787,754,386,3768,828
"COG1503",3189,2076,1030,2437,1005,1105,1043,1419,22,805,3616,142,374,473,1143,73,2619,859,949,357,187,230,646,45,159,316,285,2940,253,1031,1701,615,2563,2479,102,123,2352,821,895,494,263,1537,721,262,1553,635,1,344,1322,114,54,261,866,335,471,1125,599,231,3158,1599
"COG1505",3057,2583,2783,2104,2949,2939,2609,2157,3049,2112,2929,3068,1945,3044,1642,3871,2238,1878,2236,2760,4962,2397,3252,4138,4602,2945,1698,2325,2235,2884,2696,1568,2585,1716,2419,1123,3090,1736,1943,2015,1780,1830,4866,1856,2411,3699,2939,1657,3283,2199,2771,2771,1964,1802,2397,2279,2078,3242,2048,1817
"COG1506",25910,10621,10794,13845,13052,11367,11361,12113,10412,14776,21627,9456,11786,12937,12400,11607,15559,13729,13955,11760,35063,10404,14660,8863,16675,11307,11379,14316,12829,20331,13686,14350,16858,11830,11294,8603,20289,12327,9056,15934,7262,12262,18935,9012,12959,15215,13736,10378,17276,8863,9629,12924,17557,10180,15229,11632,9937,22720,13972,11364
"COG1507",36,142,194,166,405,185,265,277,134,67,12,118,311,288,274,158,174,86,104,198,20,149,293,151,153,156,269,238,84,137,153,81,163,167,281,105,144,281,305,103,669,125,250,311,213,261,70,350,315,195,97,50,58,186,28,365,208,757,195,148
"COG1508",3764,3738,4696,3785,4285,4424,3348,3938,4071,3728,3329,4350,2851,3607,2168,5964,3586,3720,4445,3925,4084,3344,4257,4466,4750,3408,2606,3690,3251,4078,3916,4239,3618,3129,4120,1927,3821,3291,3100,4584,3413,3275,4501,2428,3736,3720,3736,2928,2768,3105,3173,3824,4693,2864,3166,3975,3160,4258,4386,3376
"COG1509",2607,1541,570,3829,636,575,572,1371,413,804,1151,566,353,605,1529,668,3324,1273,2535,407,2646,299,261,456,287,215,187,3933,573,3068,1940,1849,3180,3172,299,1492,3590,366,190,2006,446,1416,119,154,2449,308,1299,432,1649,206,268,404,1669,457,333,821,180,160,5878,3359
"COG1510",764,35,59,152,89,60,57,120,153,187,756,150,28,102,23,301,120,176,338,57,1414,45,54,114,95,47,28,97,92,555,160,400,109,86,76,150,298,24,31,213,16,69,31,33,128,87,194,40,165,29,88,51,449,52,111,57,36,21,355,63
"COG1511",25,22,9,191,47,20,18,10,52,1,20,5,0,13,28,1,190,67,0,1,22,160,3,4,32,2,12,123,102,16,21,2,226,34,13,60,182,25,2,7,3,4,2,28,12,7,10,5,4,27,85,31,3,10,4,3,1,1,14,61
"COG1512",273,298,220,280,610,254,445,154,119,491,411,139,400,614,54,599,317,208,159,50,112,173,106,142,125,55,55,305,165,656,229,195,335,227,843,1266,438,704,333,311,66,134,69,36,220,92,432,83,194,185,83,274,268,67,198,68,466,38,2096,148
"COG1513",412,178,50,118,150,79,214,83,80,173,241,128,428,280,36,2,64,284,130,126,1072,190,15,40,46,129,200,48,255,429,25,81,6,21,245,54,48,66,77,83,3,27,2,23,22,11,181,29,46,51,74,80,86,41,32,42,117,1,53,53
"COG1514",2344,507,312,1824,217,331,336,588,114,321,1787,112,120,217,724,13,1765,771,1294,196,1812,171,314,61,143,212,140,1705,263,1570,1120,1533,1741,1574,148,475,1635,329,197,1366,86,781,310,124,971,183,834,156,762,82,72,159,1670,186,158,288,182,160,2258,1193
"COG1515",425,40,10,97,97,20,73,56,11,102,608,13,33,55,82,47,151,113,140,23,41,47,71,13,15,46,35,166,54,113,92,316,104,120,33,53,154,144,46,151,4,86,163,23,64,81,79,34,139,21,15,32,404,100,58,47,37,81,98,85
"COG1516",397,65,49,568,175,54,186,172,123,246,342,143,135,161,75,441,450,356,375,145,1054,245,53,140,99,104,140,460,313,853,270,192,305,346,197,623,439,166,297,249,26,273,56,179,225,89,438,208,181,146,128,237,197,240,151,167,216,38,873,256
"COG1518",105,5,2,247,75,5,41,45,56,339,308,45,4,50,37,72,134,106,124,10,1144,74,18,21,48,10,2,70,107,496,88,178,117,71,79,438,628,64,13,154,15,22,7,15,61,38,460,39,156,20,27,46,219,127,67,14,7,5,325,136
"COG1519",4417,6676,8984,4502,6625,8228,7002,7011,8479,4426,4185,8077,6312,6457,6050,8547,4873,5294,6791,7168,3863,6752,9130,9803,8195,6378,5535,5018,5732,4706,6737,7279,4883,5195,6712,2316,5092,6790,6978,6778,8650,5114,8857,6975,6317,7074,2759,6828,5164,7226,9276,4979,6740,6361,4292,7046,7120,8585,4447,6534
"COG1520",4879,7134,8081,6726,6603,8017,7201,7510,6592,4271,4769,6365,5594,6395,5924,6633,6408,7687,9682,5896,3721,5504,7178,6835,5646,5631,4788,6244,4311,5932,6777,8382,6787,7171,5441,2305,5748,6445,6138,10472,7238,8598,6137,5508,8110,6148,3352,5852,5760,5804,7267,3992,8843,5574,4024,6351,6346,6062,4137,8525
"COG1521",1906,3126,3957,2587,3665,3664,3479,3492,4201,3707,1867,4169,4467,3738,3892,3841,2735,3560,3399,4403,2273,3849,4257,3630,3873,3657,4098,2436,3913,2721,3310,3762,2594,3117,4765,1379,2561,3943,3906,3761,5118,3179,3706,4418,3315,3740,1866,4413,2590,4347,4319,3994,3463,3940,3801,3820,4044,4605,2285,3301
"COG1522",11148,7907,5282,11691,3657,5127,3479,5814,2761,3330,7397,3070,2418,2437,6350,10379,11423,4354,6146,2353,7709,2193,2945,2064,2862,1871,1492,13372,2291,8410,2702,1877,3809,3616,1119,844,3978,904,1080,1539,945,1844,1044,615,2158,835,2654,697,1957,680,520,922,1919,707,716,1738,1007,951,4948,2269
"COG1523",5557,1351,651,2130,1621,848,1752,877,1792,7625,4287,2274,4134,3325,785,26,2006,3358,2141,3125,11358,3897,437,692,2407,6017,5156,1918,6157,5071,1877,2536,1692,1816,2946,2619,2609,2873,2299,2060,93,1114,1739,3280,730,2984,137,3535,1335,3741,1871,6555,2769,3772,9756,1339,2994,338,2926,429
"COG1524",6347,3524,3096,3741,4937,3252,3330,3356,2454,2976,5977,2128,2756,3331,3090,3352,4545,3060,4850,2676,3382,1801,3170,2428,3375,2429,2585,4672,1891,3391,3806,5953,4654,3429,2840,1262,4390,3056,3419,4603,3001,3496,4622,2622,3789,3580,936,2698,2960,1644,2179,1892,6625,2208,2439,3492,2788,4788,2522,3928
"COG1525",1146,735,724,639,703,706,703,763,735,495,2577,742,652,636,870,422,603,651,721,852,324,719,723,825,644,647,804,641,618,511,2070,2659,1830,2273,2077,5315,1360,1825,2339,2682,2416,2232,1849,2354,2416,1954,3833,2129,1845,2472,2504,1658,2814,2591,1406,2286,2286,1817,1122,2537
"COG1526",1478,3138,3415,2246,1443,3249,2715,2784,1048,1225,1239,2538,2024,1210,1870,4349,2785,1999,3528,1494,1751,1388,2256,1091,1281,1359,2018,3176,1404,1932,3400,3730,2660,2741,2399,503,2725,2297,3158,3560,4211,2489,912,2145,1655,987,1490,2254,2357,2158,1091,1702,3188,1584,823,2797,3043,753,1087,2252
"COG1527",1906,1935,949,2451,771,951,975,1403,26,756,325,160,308,384,1292,18,2612,843,744,333,140,229,560,4,120,259,254,2904,144,1080,1518,355,2608,2333,68,106,2476,712,717,310,262,1544,589,274,1495,541,0,297,1516,124,64,196,354,248,372,1064,436,178,3543,1709
"COG1528",57,568,259,96,586,292,406,487,656,2204,161,723,897,1191,561,153,127,774,212,705,99,788,86,91,561,1298,1262,74,1192,57,293,36,240,223,350,141,80,571,550,227,233,519,278,848,599,708,124,764,431,993,382,1676,50,801,2407,435,735,19,67,585
"COG1529",20653,14301,9356,33818,12753,9626,16313,16354,4800,9017,15672,8192,10346,9433,16149,5878,35253,24371,26884,9897,12997,10676,6545,5287,4604,6587,9257,26445,9894,23718,19612,30479,33168,32427,13459,3279,25673,12945,17558,31289,2603,36943,4975,10039,22625,5673,13902,11002,11905,9605,4784,11698,32807,9193,4882,13391,13821,8459,11467,27034
"COG1530",7726,10584,12345,8879,10986,12110,11233,10967,13647,11806,6818,12384,12505,12383,9892,13063,8955,9594,11292,12607,10025,11555,12701,15385,13406,12713,11086,9199,11440,9261,10837,12057,8826,8981,13647,4421,9392,11631,11616,11136,14549,8355,13176,12091,10377,12394,6613,12111,9847,12231,14268,11419,11434,11224,12797,12026,12116,13899,8084,10280
"COG1533",1919,675,551,2073,1189,541,1062,980,728,973,2044,693,724,784,582,58,2232,1363,2638,737,187,930,734,351,811,820,684,1945,1004,1545,1697,3075,2118,1809,1042,2531,2076,993,1132,2981,218,1284,942,828,1101,802,2686,829,692,914,729,1148,3206,1011,796,933,913,652,2120,1589
"COG1534",297,285,201,257,104,198,87,175,153,126,247,185,46,95,79,1103,207,257,506,115,873,103,66,95,87,46,51,291,140,512,370,383,189,196,81,231,342,80,75,305,380,155,71,57,157,69,54,90,191,120,73,156,314,110,83,226,58,38,264,231
"COG1535",44,1,3,62,7,0,5,1,3,1,23,0,0,4,0,0,47,5,54,0,25,0,0,8,1,1,0,28,2,55,27,108,64,88,0,6,30,0,0,209,0,1,0,0,1,2,4,0,6,0,1,2,146,0,5,1,0,0,10,11
"COG1536",920,394,285,946,446,302,516,492,373,559,763,367,385,401,360,344,952,719,1015,409,966,497,361,386,349,391,396,895,509,965,2124,3033,2499,2238,1364,1570,2625,1374,1662,2579,302,2223,1346,1146,1842,1321,3152,1303,1495,1248,1068,1714,2921,1487,1199,1501,1462,1043,3415,2152
"COG1537",2253,1636,775,2573,818,783,963,1209,9,695,992,123,347,339,1129,55,3069,810,803,324,143,222,512,8,136,266,220,3204,187,1088,1608,490,2813,2723,76,95,2558,801,715,403,169,1322,558,236,1104,513,0,336,1203,104,37,201,510,295,394,893,530,247,3444,1263
"COG1538",13555,9196,11048,9740,10934,11202,11011,10185,13126,12553,11964,11606,11475,11982,10002,8728,8271,11304,9758,12578,21337,12031,12889,11621,12543,12626,11191,7786,13384,16471,9612,9849,8239,8598,10605,11318,11807,11512,9908,9868,11105,8386,14657,11569,9812,12760,18057,11650,11516,12034,12483,12730,10593,11805,13497,10853,10729,12601,14708,9427
"COG1539",1576,2048,2554,1597,2343,2470,2390,2093,2522,1915,1521,2396,2316,2287,2172,2457,1730,1919,1894,2668,1518,2410,2705,3270,2600,2182,2401,1627,2339,1711,2096,1875,1734,1910,2685,889,1702,2307,2415,1702,2967,1931,2790,2632,1977,2335,1037,2394,2034,2558,2816,2177,1633,2467,1883,2398,2399,3055,1182,1644
"COG1540",1290,2737,2971,2209,2119,3076,2826,2622,2933,1021,1125,2417,2102,2299,3597,2242,2717,1874,2181,2193,1621,2336,3296,3615,2416,1553,1793,2330,1809,2010,2474,2055,2645,2722,2366,1001,2565,2762,2312,2164,3347,1859,2821,2295,2321,2488,1742,2208,3267,2429,3121,1346,1821,2141,1024,2322,2242,3241,1584,2802
"COG1541",2837,1083,876,3738,1703,858,1262,1393,1161,1632,2670,1111,1133,1136,585,1087,3609,1610,3415,1001,364,1452,588,528,1497,1306,1109,3253,1271,2494,2509,5250,3510,3329,1532,2615,3134,1246,1619,4245,331,2067,945,1222,1752,1234,3967,1127,306,1163,995,1572,6155,1601,1516,1189,1327,652,1285,1809
"COG1543",13,159,160,9,448,155,604,320,707,4822,7,1106,1953,1814,294,0,31,1214,203,1837,17,1886,108,158,1383,3931,3247,12,3110,26,331,4,5,205,1504,133,9,1431,919,230,10,403,742,1937,234,1955,5,1698,117,2217,912,3857,9,2093,6753,469,1488,13,12,60
"COG1544",809,428,338,539,726,337,611,425,900,2331,550,880,1315,1082,204,1035,359,906,750,957,904,1325,191,478,1079,1911,1595,415,1839,852,641,928,420,460,1223,411,551,764,892,841,299,377,458,1217,377,1088,1414,1189,188,1524,728,2251,1027,1306,3047,553,1088,171,968,214
"COG1545",760,1094,846,2023,1200,864,1011,1343,463,545,403,525,640,768,1497,212,1769,2285,1271,1060,182,514,796,485,289,474,529,1747,475,1481,995,1484,2090,1976,810,545,1273,1082,1047,1102,272,2888,366,606,1604,425,667,678,1205,465,680,566,1787,539,301,1155,813,1592,561,1696
"COG1546",2609,3489,3894,3678,4253,3881,4091,4252,3912,6090,2286,4044,5213,4900,4355,3028,3920,5037,4225,5133,1704,4127,4485,4412,4447,5489,5192,3308,5002,2958,3952,4156,4029,3823,4281,1452,3366,4777,4226,4184,4052,4774,5046,4672,4090,4884,1533,4930,3838,4462,4030,5109,3950,4424,6817,4393,4354,5319,2776,4326
"COG1547",75,152,200,184,218,173,278,265,252,1168,126,298,544,496,263,1,292,575,307,639,22,483,220,57,298,954,925,256,777,154,251,152,273,214,417,115,196,553,369,273,28,279,372,507,228,522,4,508,185,551,234,998,136,586,1587,265,504,237,237,238
"COG1548",88,71,144,83,177,125,110,157,111,127,45,158,142,154,146,532,91,186,161,118,11,203,258,77,92,112,281,119,151,50,115,120,88,101,187,30,56,107,216,147,355,100,88,237,152,115,1,150,136,187,131,143,129,180,124,200,207,170,41,197
"COG1549",167,1273,903,252,1068,925,1183,1069,6,1031,172,216,441,530,378,0,440,901,328,492,185,246,778,2,213,388,373,565,286,188,671,97,433,199,96,143,478,988,946,188,18,1421,972,359,642,822,0,478,1098,136,80,318,87,364,617,786,635,318,185,558
"COG1550",292,5,2,131,3,0,9,8,0,3,208,0,0,1,14,0,104,27,111,0,8,0,1,0,0,2,0,62,3,63,56,353,106,113,1,1,33,4,1,280,0,62,1,0,18,2,0,0,1,0,1,0,435,0,5,1,0,0,10,82
"COG1551",310,136,116,422,151,123,143,176,134,152,430,144,94,147,123,283,369,269,364,151,1110,135,144,142,129,120,118,340,156,606,265,332,289,317,142,333,356,85,163,314,121,185,98,125,184,151,319,127,276,99,239,126,327,141,96,151,151,122,584,254
"COG1552",16,176,47,39,107,55,46,83,12,24,6,14,26,26,142,65,39,71,48,18,5,66,18,15,6,7,16,48,35,11,54,3,51,54,3,11,22,31,36,6,838,59,38,13,120,37,0,35,130,45,13,42,1,29,22,68,26,14,21,104
"COG1553",343,99,95,266,96,106,89,170,124,131,265,148,71,113,87,160,138,148,375,159,819,116,166,70,59,43,96,245,141,474,263,482,117,173,66,278,204,40,90,392,183,114,88,82,114,83,68,93,229,74,63,95,471,105,74,139,92,80,221,92
"COG1554",58,251,245,339,300,224,227,334,466,283,332,570,288,122,106,625,504,218,51,188,67,439,265,759,394,140,238,188,416,272,244,87,494,123,703,683,591,312,267,46,742,62,229,180,105,207,275,269,106,309,144,501,147,214,268,305,273,311,430,147
"COG1555",863,79,54,363,244,59,172,73,154,449,863,236,276,326,42,403,222,251,554,72,375,147,31,357,178,31,52,296,213,399,311,837,288,265,502,223,422,166,157,704,102,146,62,55,124,106,289,75,72,227,99,335,1080,158,203,50,274,11,294,119
"COG1556",37,38,16,291,28,19,36,32,19,35,39,5,16,17,34,30,227,56,310,15,24,12,1,1,8,2,14,212,21,124,721,877,668,679,55,20,495,63,116,926,47,355,5,24,163,22,433,34,25,31,2,53,846,33,42,54,89,10,185,276
"COG1558",436,193,114,604,431,129,279,252,337,443,393,360,271,297,104,351,538,434,342,290,904,411,134,387,330,302,237,527,424,767,376,225,425,463,444,633,508,306,435,247,73,374,160,329,396,275,888,308,204,353,335,562,217,370,297,257,366,115,913,358
"COG1559",2974,2856,3436,2777,3210,3328,2433,2926,3192,2442,2498,3115,2552,3164,2041,4966,2973,2451,3564,2993,1990,2388,3430,3237,3931,2739,2514,3197,2317,2846,3320,3634,3100,3010,3182,1539,3150,2932,3021,3284,3820,2600,4331,2865,3052,3295,2151,2454,2722,2336,3191,2429,3903,2318,2332,3302,2871,4794,3228,2704
"COG1560",3302,5765,7848,4857,5864,7333,6092,6142,6769,3836,3277,6778,5753,6135,5044,7128,5038,4437,6250,6414,2723,5642,7777,8669,7422,5650,5166,5182,5026,4383,6407,6526,5055,5111,6600,2282,4829,5775,6490,5873,8026,4819,8048,6390,5529,6230,2414,5740,4914,5959,7238,4339,5859,5415,3581,6602,6511,7980,3793,5065
"COG1561",2362,1888,2226,1941,2059,2084,1478,1698,2026,1936,2131,2298,1347,1847,909,3556,1886,1868,2395,2087,2505,1527,2199,2341,2716,1618,1201,1895,1520,2344,1989,2353,1883,1584,2085,1076,2135,1388,1260,2357,1901,1506,2670,1111,1895,1953,1923,1191,1440,1328,1731,1759,2518,1405,1643,1876,1451,2228,2465,1615
"COG1562",520,6552,6760,1817,7748,6512,6562,6271,5678,7169,552,5813,6779,6017,4932,5662,1911,5997,1668,6184,584,6023,6263,4561,5754,5827,6011,1703,5900,1419,3293,777,2493,2170,6375,2602,1594,6729,7039,1259,5351,6510,6220,6421,5460,6429,1468,6343,4520,6259,5809,6202,693,5942,6516,5805,6625,5605,1748,4131
"COG1563",1,7,1,0,1,11,33,6,16,0,0,48,76,4,13,0,3,3,0,7,0,19,0,40,0,4,10,1,13,0,10,0,1,3,53,0,1,63,14,0,2,1,0,11,0,0,0,10,6,18,1,29,0,15,0,0,19,0,0,0
"COG1564",867,793,944,828,1008,896,889,1011,464,576,779,548,770,810,920,147,985,815,1184,756,130,427,1236,544,549,711,810,1168,418,531,990,1121,1046,714,546,186,784,956,1150,1066,1101,982,1457,807,912,918,16,892,965,442,339,318,1206,646,523,1298,842,1561,502,952
"COG1565",1375,4416,5964,2498,4391,5325,5737,4811,5238,5323,1325,5042,6302,5098,5837,3541,2882,4871,3819,5514,361,5622,5757,5561,4935,6495,7059,2702,6038,1869,4165,4410,2970,3786,5417,777,2305,5995,6336,4479,7474,4762,4875,7259,4372,5123,1547,6843,3021,6675,5669,5498,3901,6058,6731,5248,6659,5886,1476,4275
"COG1566",1208,477,259,1528,431,245,555,405,537,965,892,374,313,509,317,64,765,1200,640,367,1791,650,142,307,268,416,317,751,909,2027,437,364,703,845,727,1939,1708,474,395,472,101,1313,146,588,922,336,2427,455,214,521,491,796,299,792,349,246,359,124,1077,915
"COG1568",49,7,5,79,14,8,27,25,1,14,29,0,8,19,184,0,68,184,29,8,27,1,1,3,1,9,5,26,7,47,21,42,46,58,7,3,30,22,21,18,0,208,1,3,93,23,0,5,5,1,4,2,82,14,43,7,16,1,10,166
"COG1569",131,2,1,12,9,0,4,4,4,6,230,5,12,5,2,0,18,3,6,3,16,8,2,3,5,2,12,46,11,11,5,34,17,18,9,67,4,9,24,10,0,6,25,3,1,4,0,7,1,0,3,6,51,11,5,2,23,1,12,2
"COG1570",3674,4065,4477,4157,4302,4229,4141,4151,3866,3157,2963,4337,3779,4530,3371,5422,4195,4335,5288,3880,3453,3359,4259,4061,4138,4029,3211,4646,3090,4098,4477,4820,4555,3852,4166,1508,3993,3316,4151,5145,2855,4460,4663,3540,4415,4133,2914,3281,4067,3416,5229,3496,5049,3191,2962,4309,4476,3547,4278,4616
"COG1571",1433,1664,911,2428,776,933,836,1245,2,794,187,145,321,405,1102,10,2748,866,796,357,168,152,653,5,141,260,255,2830,188,980,1729,330,2582,2549,75,96,2582,853,695,306,189,1607,667,269,1609,562,0,326,1183,100,57,246,219,213,423,955,545,217,3260,1655
"COG1572",294,301,199,217,1139,171,514,428,6,645,265,297,482,340,218,39,254,659,271,116,103,37,299,3,26,274,247,258,40,131,283,126,250,157,37,146,172,688,727,297,6,990,734,331,288,600,0,426,283,34,91,49,177,178,422,511,340,185,60,326
"COG1573",5611,5262,6238,5302,4712,6026,6081,5872,5843,4156,5269,5567,5612,5122,7486,2347,5598,5440,5560,5463,2635,5317,6733,7160,4952,5320,5967,5220,5173,4320,5397,5849,5519,6068,5901,2469,5268,6255,6190,5772,7592,5676,5585,6522,5865,5254,4913,6157,6362,6181,6291,4477,5792,5433,4660,5843,6220,6574,4005,6656
"COG1574",9203,6199,4645,7626,2904,4823,3931,5217,2804,2107,8533,3470,2055,2716,3743,8820,9170,5408,9116,2980,7610,2649,3952,2479,3287,1950,1607,11072,2423,7416,7332,9307,9741,7086,3058,1680,9074,3118,2661,9433,2425,5558,3216,1570,4765,2637,3214,2178,5787,2375,1938,3298,11670,1902,1674,4637,2512,3233,5459,5674
"COG1575",971,714,703,1001,802,703,752,826,756,1428,555,763,1157,1019,1084,408,1202,957,810,1089,332,802,774,756,959,1183,1233,1211,1137,584,2949,2504,3388,3103,2609,482,3098,3018,2492,2019,3277,2377,3794,2929,2672,3241,218,3289,3499,2880,1498,3834,2695,2786,5732,3049,2674,3435,4223,2531
"COG1576",500,1677,1718,943,1685,1620,1440,1408,1476,2605,541,1863,1558,1760,700,1729,855,1372,971,1744,1011,1550,1336,1417,1826,2328,1975,990,2052,1008,1273,607,1109,886,1679,512,978,1529,1562,674,954,1261,1594,1539,1200,1740,957,1507,1061,1870,1365,2480,568,1600,2975,1540,1768,984,1157,832
"COG1577",1136,1426,779,1811,763,790,922,1104,11,696,292,178,351,406,1020,577,2011,855,712,387,164,322,562,46,141,267,286,2183,195,921,1294,400,2048,1853,135,118,1770,853,678,474,161,1346,656,257,1284,576,0,341,1281,185,109,303,483,265,380,762,464,190,2992,1559
"COG1578",27,9,6,35,15,11,5,4,0,10,84,0,1,10,1,0,34,20,8,6,12,5,2,71,0,0,2,31,4,20,14,10,23,36,2,0,21,15,1,7,7,36,1,0,7,0,0,2,13,5,0,1,26,4,11,3,1,4,0,26
"COG1579",1410,583,643,1278,633,587,539,705,359,724,1189,298,442,562,877,544,1359,1039,1339,551,103,387,796,735,613,406,374,1351,378,732,904,1981,1469,1110,529,118,958,665,504,1384,344,846,1139,283,831,587,320,427,821,207,179,242,2231,359,487,778,387,1105,551,1025
"COG1580",986,29,9,655,50,12,44,73,150,241,706,31,10,62,71,226,369,272,295,39,2343,92,66,43,70,38,13,384,263,1362,228,144,263,290,30,789,646,17,12,194,23,43,20,28,83,47,96,23,332,24,22,88,118,121,78,58,9,7,1320,253
"COG1581",1040,444,135,985,80,138,63,327,0,58,912,28,35,27,314,5,1091,61,288,26,9,17,55,0,23,20,20,1137,18,388,605,214,1041,1094,13,8,943,30,82,93,106,239,40,27,429,55,0,11,259,14,3,24,245,15,37,257,52,27,1508,585
"COG1582",5,3,0,6,13,0,0,2,0,8,4,0,1,3,5,0,2,12,3,1,1,0,0,0,1,0,2,3,1,1,1,2,4,4,10,37,5,14,1,4,0,16,0,0,8,2,50,1,0,2,2,0,1,0,7,0,0,1,0,10
"COG1583",4,0,0,1,2,0,0,0,0,10,14,0,0,0,5,1,1,3,1,0,1,4,0,0,6,1,0,3,6,2,3,0,18,0,3,5,107,2,0,1,0,1,0,1,1,0,7,0,0,0,0,0,2,2,5,0,0,3,4,1
"COG1584",16,57,36,5,54,30,25,10,12,2,2,2,7,14,0,0,1,12,1,1,58,1,0,4,1,0,5,1,1,0,10,2,0,2,6,7,45,2,23,0,2,9,0,0,1,1,0,2,4,4,0,3,3,0,4,8,8,1,0,0
"COG1585",70,150,114,178,34,88,38,69,28,35,60,21,38,23,74,156,165,140,183,34,48,28,8,10,7,13,16,240,31,160,115,172,264,193,35,178,152,109,52,207,67,141,13,52,83,22,229,31,47,16,8,26,179,29,16,169,18,6,141,138
"COG1586",1423,2167,2417,1016,2603,2311,2574,2151,2498,2595,5180,2260,3514,2581,3611,1143,1065,2060,1317,2669,237,3729,2898,3109,2814,3259,3083,862,2940,846,1615,1738,1026,1645,2349,13167,959,3022,3032,1700,3454,1978,2998,3791,1980,3149,2158,4088,2396,3385,2239,2198,1602,5061,3088,2172,2848,2845,927,2040
"COG1587",2677,3294,3598,4362,3380,3463,3268,3539,3644,3803,1639,3357,4584,3507,3886,2732,4553,3957,3885,4055,2133,4378,3437,4231,3335,3840,4558,4246,4834,3452,4210,3921,4199,5031,3777,1133,4292,3843,3415,3777,3706,3276,3205,4358,3847,3514,952,4519,2679,4639,3616,4631,3565,4342,4348,3299,3685,3949,3681,4355
"COG1588",104,90,30,35,0,50,2,45,0,0,171,7,0,0,9,0,32,2,41,0,0,0,1,0,0,0,1,45,0,9,37,31,46,44,1,0,25,0,4,13,28,13,0,1,4,0,0,4,5,0,0,0,42,0,0,38,3,0,40,7
"COG1589",919,1228,1302,1220,1107,1249,1229,1144,1283,2892,668,1498,1757,1705,863,2295,1104,1688,1659,1816,1934,1709,918,814,1360,2224,1960,1307,2134,1592,1465,1087,1121,1235,1950,716,1360,1547,1458,1490,807,1213,964,1578,1181,1447,1391,1660,844,2026,1236,2673,992,1596,3480,1575,1776,671,1042,1296
"COG1590",428,98,52,26,289,42,81,59,7,41,426,0,46,78,31,88,41,98,54,43,13,71,16,0,11,0,23,36,9,20,35,81,58,34,14,6,22,75,175,64,1,66,60,41,34,36,0,32,46,41,0,11,134,10,18,46,57,12,5,31
"COG1591",480,0,0,3,0,0,0,2,0,0,916,0,0,0,13,0,3,4,6,0,0,0,0,0,0,0,0,3,0,3,5,87,2,2,0,0,1,0,3,36,0,26,0,0,5,0,0,0,0,0,0,0,178,0,0,0,4,0,1,9
"COG1592",479,1308,1090,816,378,1160,1289,980,231,205,655,868,1209,481,812,1971,814,542,976,790,38,631,558,1279,88,264,1014,974,564,430,693,1060,862,877,1594,249,810,800,1676,1015,1552,843,47,753,358,56,993,934,937,845,407,528,1256,579,55,1168,1711,181,277,436
"COG1593",5224,9280,10420,9021,8817,10823,10617,10926,14148,5783,4665,12864,9174,8866,10684,12511,8430,8108,8150,10400,5542,12161,13144,16749,10634,9157,7687,7943,10152,7938,8261,7654,8615,8620,10222,4225,7536,10094,9751,8277,7496,9273,10003,11561,8857,10209,21664,9798,11563,12044,15529,9464,8011,10929,5494,10613,9770,9298,5387,7601
"COG1594",989,1146,1355,744,1412,1184,726,645,109,353,1091,378,290,538,614,318,784,391,232,190,61,339,409,226,165,181,239,901,269,384,553,152,712,699,73,1044,757,335,451,127,5031,570,339,208,587,310,12,359,582,361,101,242,222,386,195,417,363,926,1132,566
"COG1595",3132,1067,1141,1946,1723,1112,1285,1297,1399,1938,2868,1648,1004,1407,1011,2671,1597,2077,1908,1155,5287,1121,1307,1403,1585,962,937,1583,1449,3452,4133,4185,5250,3689,4444,7522,7737,3678,2996,4602,4022,4091,4763,3046,4457,3567,16916,3077,4589,2602,3620,3826,4863,3308,3317,4253,3012,5271,7654,3981
"COG1596",5879,2537,2848,2125,2955,2903,2184,2485,3758,4468,5136,3532,2689,3954,2198,4782,1943,3058,3243,4006,7519,2749,4209,4610,5324,4316,3465,2275,3493,4534,2825,3580,2105,1832,2784,1966,3122,3605,2297,3542,2482,2090,5670,2613,3270,4500,2462,2513,3633,2457,4799,3358,4105,2863,5311,2444,2778,4588,2836,2665
"COG1597",3407,2991,2059,2945,2721,2137,2548,2971,1148,2261,3267,1040,1614,1778,2026,1510,3001,2806,3747,3409,3616,1394,2172,3974,1303,1215,1536,3322,1512,3670,953,1168,1023,777,1333,647,1201,1601,772,1137,671,952,730,495,744,561,909,562,937,357,177,446,1211,504,533,1207,667,833,1329,852
"COG1598",237,3,0,124,19,4,4,4,4,19,386,9,4,9,1,3,98,9,83,5,7,17,1,11,2,1,2,96,18,77,62,160,77,90,5,14,44,5,9,129,3,15,9,5,11,6,486,5,1,41,15,16,230,1,15,12,3,1,67,13
"COG1599",3492,2794,1451,3533,1543,1499,1532,2051,24,1179,2853,255,564,658,1666,266,3780,1323,1161,621,233,434,829,9,229,456,397,4137,295,1574,2427,672,3698,3454,137,177,3485,1384,1251,616,243,2122,921,441,1886,915,0,567,1954,226,79,330,789,422,685,1420,819,337,4849,2300
"COG1600",4203,3557,3612,5623,3949,3416,3869,3981,2906,5002,3351,3104,4444,3942,3364,2692,5406,4633,4909,4143,3543,3038,3192,2299,3610,4353,3956,5177,3756,4825,4069,4944,5554,5412,4589,1672,4741,3773,3866,4841,2981,4773,3303,3318,3770,3614,2203,3916,3634,3697,2540,4750,5768,3309,5366,3866,4129,4018,3958,4559
"COG1601",1274,827,394,853,452,420,436,467,18,306,1385,96,158,194,465,89,966,386,271,154,67,140,227,54,62,98,130,963,102,367,624,220,893,852,35,41,939,295,365,155,100,534,254,132,585,245,0,163,491,113,20,119,261,109,173,398,226,79,1054,550
"COG1602",2885,554,263,2539,16,260,117,713,0,7,2484,1,24,20,956,7,2624,211,653,49,71,0,71,2,1,0,9,2881,2,1000,1373,400,2500,2418,9,3,2380,70,142,307,142,665,0,5,1106,0,0,30,975,4,0,8,504,2,0,424,113,5,3561,1358
"COG1603",332,18,4,0,45,9,7,7,0,3,425,2,13,7,13,47,0,2,7,0,3,4,0,1,0,0,1,0,1,0,0,60,0,1,0,0,0,0,21,20,0,32,0,0,10,0,0,1,0,1,1,0,114,2,1,3,5,3,0,11
"COG1604",1,0,0,0,0,0,0,0,1,0,0,7,1,2,0,0,2,0,0,0,1,0,0,0,1,0,0,0,1,0,0,4,0,0,0,0,0,6,0,0,0,0,0,1,1,2,0,0,0,0,1,0,6,0,4,0,0,0,0,0
"COG1605",2285,2040,2094,1728,1580,2124,1656,1719,1846,1080,1477,2147,1342,1558,1212,2149,1500,1635,1996,1780,5032,1539,1689,1599,1868,1549,1077,1726,1261,2927,1795,1521,1676,1460,1321,1392,2106,1333,1452,1967,1528,1346,1615,1199,1682,1636,1843,1097,2289,1286,1963,1384,1485,1314,953,1729,1607,2044,1622,1800
"COG1606",397,656,417,1033,594,479,657,842,605,2694,127,784,1499,1245,1138,33,1080,1584,1012,1722,113,1055,243,288,724,2109,1552,1028,1710,573,773,1017,1211,1324,927,72,780,915,711,1119,114,1312,480,1022,1535,1177,77,1276,627,1407,595,2230,993,1238,3495,941,1068,399,564,1753
"COG1607",2116,1315,942,1301,1342,1065,986,1210,765,1355,2362,791,634,840,1095,1583,1282,1207,1054,905,2879,879,993,664,915,519,507,1264,899,1963,1158,931,1576,1081,742,2496,1735,1009,658,911,618,1159,1192,520,1310,1024,1401,600,1611,553,573,854,1132,904,844,1113,632,1043,1859,1308
"COG1608",576,1199,603,1028,619,630,655,809,2,421,150,98,225,249,881,31,1149,649,448,222,118,141,404,2,102,178,150,1315,131,443,709,154,1182,1026,61,85,982,603,462,225,129,1092,400,159,938,417,0,224,965,72,47,144,134,170,288,641,304,150,1271,1071
"COG1609",10469,3589,3674,5285,4158,3530,3418,3419,3574,4195,6512,4614,2234,2409,1458,5813,4805,3907,4476,2259,26465,3491,2140,2879,3345,2387,1821,3790,3569,10673,3736,2941,4724,2545,3258,4807,7155,2248,3341,3702,2008,2360,2364,2357,2373,2486,8860,2403,3507,2018,1988,3023,2831,2776,2688,3557,3345,1921,5247,1890
"COG1610",1933,2579,3388,1612,2614,3159,2851,2840,3196,1517,1685,2952,2550,2560,2921,3398,1937,2120,2405,2729,1398,2537,3530,4200,3072,2355,2126,1747,2038,1709,2470,2713,1850,2084,2895,647,1800,2698,2554,2601,3368,2291,3455,2777,2552,2960,1149,2751,2509,2625,3276,1797,2551,2337,1541,2838,2581,3566,1643,2555
"COG1611",4406,3011,2796,4566,2906,2869,2882,2720,2901,4861,3622,2863,3410,3490,2204,4372,4210,3254,4611,3244,3605,2945,2653,2358,3160,3006,3307,4812,3774,4822,4036,4501,4594,4342,3588,2517,4515,2944,2878,4441,1955,2731,3232,2605,3004,3034,2614,2905,3253,3230,2727,4797,5110,2891,4974,2930,3199,2759,5297,2848
"COG1612",3287,6448,6649,4266,5888,6697,6497,6234,7201,6187,2750,6456,6874,6776,6774,6167,4788,6047,5227,6920,3558,6636,7424,9152,6732,7165,7212,4570,7033,3983,5598,4595,4738,4887,6336,2039,4384,6705,6684,4695,7772,6442,8079,7652,6288,7049,1892,6917,7042,7149,7458,6679,4198,6721,6532,6629,6851,7621,4515,5684
"COG1613",19,0,0,41,4,0,5,3,3,33,42,1,0,0,10,3,5,46,50,0,21,8,4,1,4,1,1,93,59,100,7,4,13,47,1,324,74,8,1,18,41,10,7,10,0,6,49,8,23,45,3,12,0,41,7,0,1,0,20,3
"COG1615",4284,3270,1790,6764,2984,1950,3017,3678,808,932,851,772,3180,3392,5558,14,7133,2310,3019,1189,395,815,1829,1305,876,874,1641,7032,724,3079,4004,2791,6999,6679,4151,979,6189,2637,3284,2098,5117,3459,1489,1803,4571,1411,134,2029,5014,1633,531,752,3128,938,356,3332,3355,4242,6945,6360
"COG1617",0,0,0,1,0,0,0,3,0,0,2,0,0,0,14,0,1,4,3,0,2,0,0,0,0,0,0,0,0,1,0,3,0,0,0,0,2,0,0,9,0,18,0,0,5,0,0,0,0,0,0,0,1,0,0,0,0,0,0,5
"COG1618",110,551,405,140,511,420,521,433,2,485,39,97,227,231,151,6,210,366,219,214,83,122,338,21,76,197,165,257,140,106,328,158,304,128,47,72,207,446,409,264,7,664,387,160,285,352,0,189,415,64,52,123,172,142,262,373,264,146,62,327
"COG1619",782,727,663,741,1437,645,1256,780,972,3526,996,1415,2223,2066,569,1701,897,1450,1134,1751,207,1810,529,549,1292,2193,2316,925,2720,903,990,1071,1094,860,2326,543,1266,1565,1195,887,290,775,927,1545,805,1368,298,1551,673,2022,836,3377,1209,1785,3801,805,1853,559,1686,889
"COG1620",1808,197,83,881,405,85,256,239,291,517,1434,116,193,240,321,24,653,910,530,180,3877,256,63,76,248,215,266,566,484,1731,408,240,544,576,259,1420,1043,194,206,331,38,593,171,292,440,201,1241,211,198,254,320,297,252,478,336,171,183,83,638,601
"COG1621",2883,296,301,889,239,338,519,768,973,439,803,1142,348,409,1299,171,858,2662,1215,1109,2452,949,349,1578,857,425,344,470,795,1943,599,478,832,913,344,311,896,387,306,985,91,1868,315,291,1152,432,615,522,315,642,651,1047,568,601,386,595,255,178,294,1975
"COG1622",2234,2789,2695,1819,2618,2844,2823,2592,2805,3384,1863,2719,2821,3137,2948,3715,1975,2402,2847,2644,1460,2492,2868,3217,3171,3512,2615,1968,2563,1975,8209,8723,6244,6010,7915,3407,6434,8443,7866,8783,8747,7110,9116,8172,7539,10050,3394,7944,10131,7925,8625,7953,8221,7709,11966,8065,7788,9167,5544,6784
"COG1623",291,205,400,10,665,379,557,558,290,66,620,283,687,608,547,0,8,61,9,458,28,191,664,739,389,404,709,9,154,2,237,18,7,49,446,200,4,544,785,25,2054,224,633,831,445,528,1,734,638,409,268,92,24,401,67,617,644,1549,19,212
"COG1624",1036,793,936,1018,1712,920,1126,1222,1408,3813,1167,1625,1821,1952,766,1292,1312,1557,1574,1885,105,1495,1237,1049,1727,2790,2119,1199,2202,777,1413,1508,1273,1017,1745,401,1183,1633,1277,1829,446,1011,1929,1384,994,2019,463,1501,862,1802,1201,3055,1759,1572,4760,1245,1538,1363,1486,960
"COG1625",461,403,330,691,678,422,722,533,1025,3820,558,1116,2900,1684,689,0,965,1948,1241,2352,34,1988,291,142,1170,3059,3617,1143,3372,588,883,1124,994,961,1316,80,801,1615,1092,1399,12,884,601,2094,688,1434,2,2483,483,2568,934,4233,1193,2267,5407,1094,1738,453,659,599
"COG1626",1507,283,156,1044,221,211,249,226,166,203,965,61,133,128,125,159,1535,335,575,62,1621,115,148,86,155,66,83,1101,174,1193,531,294,1410,978,98,384,1586,96,213,501,33,142,192,80,191,116,272,131,299,96,78,117,339,96,92,159,127,110,1383,467
"COG1628",897,27,3,1112,0,1,4,35,0,0,258,4,5,0,16,0,1108,4,151,0,6,0,3,0,0,0,0,1250,0,423,497,125,980,1047,5,0,924,27,27,90,0,150,0,0,1,0,0,1,5,0,0,0,168,0,1,0,17,0,1434,74
"COG1629",40913,20411,19587,14764,13940,20988,16780,17175,19583,14806,27658,19513,12210,17633,12818,22590,13173,19042,15535,21122,81490,15533,20196,21200,21988,20011,12726,13769,17037,41439,45671,30918,36840,27528,47097,58895,70766,50175,37251,39364,34181,39202,68827,36540,46258,56993,74978,34832,94299,36658,56572,49609,35805,42235,42397,59663,43963,52549,72474,38015
"COG1630",872,456,127,1534,9,131,83,345,0,0,68,0,15,13,625,1,1533,132,323,0,15,0,15,0,0,0,2,1650,0,552,728,86,1480,1558,9,3,1290,36,33,63,80,215,0,0,710,0,0,3,443,4,0,2,34,0,0,219,20,10,2129,736
"COG1631",588,372,188,600,151,168,152,263,4,78,177,18,65,84,173,11,727,150,212,78,48,26,110,1,39,63,63,768,40,260,424,101,647,716,9,23,693,132,105,106,27,264,191,65,286,154,0,70,314,17,5,37,112,64,95,172,82,49,872,343
"COG1632",1592,760,386,1077,571,462,566,633,6,482,1874,103,206,262,507,58,1159,402,374,214,87,135,362,2,109,162,137,1182,93,419,799,303,1003,1026,38,65,1009,448,465,225,61,718,382,192,653,369,0,201,660,53,45,115,382,139,238,464,282,140,1266,774
"COG1633",93,69,73,87,151,87,149,91,8,124,75,49,93,93,41,31,73,107,121,147,42,173,89,136,46,42,92,103,132,48,118,305,87,39,271,29,78,53,149,94,21,94,167,113,101,147,58,70,111,57,16,141,316,55,101,87,177,58,15,95
"COG1634",916,1027,549,1658,487,577,635,764,1,421,82,127,204,221,630,11,1828,472,444,198,92,79,388,1,88,173,160,1981,83,743,1071,182,1758,1611,44,70,1695,607,326,229,107,1032,369,164,852,337,0,221,724,54,26,159,117,152,234,584,229,122,2382,1011
"COG1635",846,481,115,1288,11,155,109,331,0,5,87,0,20,15,614,100,1507,105,323,0,16,0,29,0,0,0,3,1579,0,468,766,121,1311,1406,10,1,1265,34,38,54,80,306,0,0,753,0,0,6,502,0,0,0,65,0,0,220,39,14,1880,624
"COG1636",86,537,710,213,420,654,440,389,560,310,62,709,416,597,260,1079,176,193,551,586,23,529,781,556,803,622,462,351,405,223,663,571,291,229,541,150,329,303,372,371,859,210,727,479,359,670,8,348,706,460,500,382,517,423,378,513,512,575,156,160
"COG1637",38,14,17,65,44,13,22,23,2,8,32,3,12,13,48,1,75,44,57,18,1,21,13,0,2,5,4,96,14,38,111,296,257,164,62,5,217,75,83,169,3,142,3,41,133,8,1,42,143,7,5,13,346,23,0,169,48,247,112,121
"COG1638",4265,5558,6913,6444,5955,7186,7745,7344,9220,3961,3848,9037,6651,6285,8284,5900,5895,5487,5824,6396,4485,8508,9462,8825,7029,6501,5770,5507,6886,5716,5789,5756,5995,5909,7514,4398,5504,7172,7003,5892,4469,6172,7309,8447,5959,7002,16292,7611,8827,8064,10461,6042,6002,8452,3804,6626,6950,6477,4026,5264
"COG1639",2227,72,48,2126,615,74,251,198,646,1542,2351,383,122,436,232,11,377,1106,846,146,8334,344,93,143,301,220,84,766,944,4017,323,349,163,565,330,4790,1283,639,90,489,34,535,83,326,529,339,3780,263,774,107,254,376,457,474,562,172,95,60,2793,693
"COG1640",2905,1148,934,576,2579,1052,1871,1554,1785,5667,2256,1720,3179,3070,1270,5,456,2044,1543,2728,4103,2243,1291,1002,2119,4455,4290,693,3545,1826,1324,1747,406,654,2526,2181,903,2850,3183,1596,2466,1110,2337,3121,1073,2985,45,3057,1354,2857,1501,4424,1755,2916,6907,1741,2982,2272,950,533
"COG1641",1109,1114,641,2209,1035,662,1065,1227,986,3654,175,1110,1921,1917,1834,57,2269,2046,1408,1728,184,1524,351,287,1026,2734,2276,2474,2212,1241,1384,1204,2411,2547,1477,334,1835,1482,1250,1397,184,1780,729,1346,2295,1389,57,1580,873,1788,816,3005,1209,1697,4979,1182,1653,623,2062,2305
"COG1643",5066,6560,2770,3329,6197,3042,4335,2677,2596,3061,3774,3070,3786,3941,773,6949,1601,3578,1827,1251,12804,3890,548,1262,1944,1193,1509,1822,2903,7736,547,349,362,483,1333,1453,1106,526,1477,470,618,1041,193,399,656,412,1351,662,598,916,354,1016,441,693,471,695,1238,171,1674,490
"COG1644",220,133,91,223,94,109,55,90,11,70,183,54,33,33,67,25,230,59,73,37,19,42,70,33,28,30,27,255,26,88,420,117,654,711,32,140,620,166,151,77,852,357,147,105,338,153,5,123,289,122,32,117,133,200,104,187,116,110,875,372
"COG1645",0,0,0,0,0,0,1,1,0,0,2,0,0,0,9,0,2,2,1,0,2,0,0,0,0,0,0,0,0,0,0,0,0,0,0,0,0,0,0,0,0,9,0,0,5,0,0,0,0,0,0,0,0,0,0,0,0,0,0,1
"COG1646",1527,1324,789,1475,967,845,975,1276,156,1064,892,319,391,544,1084,458,1990,926,1137,513,174,414,707,53,376,436,405,2218,514,781,1521,993,1854,1471,205,132,2008,1013,686,810,201,1235,892,311,1364,805,49,466,1484,193,154,401,975,386,655,942,478,426,2115,1406
"COG1647",1090,138,81,615,73,129,72,132,39,180,1094,35,49,168,176,9,572,242,761,88,31,23,100,32,14,95,45,587,43,413,458,1465,549,445,39,218,417,221,30,886,110,122,70,65,195,73,677,61,88,16,11,18,1780,57,139,121,42,53,790,217
"COG1648",2488,988,620,2204,320,633,411,773,310,310,2315,402,200,326,974,2133,1897,1035,3574,443,3400,428,483,262,135,74,241,2578,409,2666,2528,4568,2307,2199,270,1147,2443,322,210,4416,1177,955,132,262,1056,161,1999,259,1191,248,204,215,3961,301,131,718,247,314,2589,1319
"COG1649",2493,722,682,914,974,715,993,672,330,730,2712,430,999,1277,826,833,1374,1054,2270,646,111,367,949,292,502,708,514,1319,432,945,1302,2854,1237,833,1373,318,1433,1250,875,2818,265,986,1662,325,890,805,678,625,1063,399,239,395,3068,573,626,647,1162,1255,2063,872
"COG1650",1933,1099,650,1828,650,629,700,941,4,636,1591,127,267,298,904,13,2076,613,576,268,125,166,487,1,95,242,181,2191,165,793,1226,348,2026,1892,67,93,1834,685,592,318,99,1035,509,221,1109,459,0,260,1031,68,27,154,407,184,356,708,384,187,2425,1162
"COG1651",5736,4848,4810,6159,3671,4622,4333,4747,5115,2396,5083,4469,3370,3924,5426,4084,5647,3924,4200,3884,6108,4371,4716,4626,4233,3681,3256,5521,3730,5841,4774,4313,5550,5902,4481,2263,5795,4058,4129,3668,4482,4087,3891,4406,5644,3953,4452,3954,4440,4170,5698,3009,3951,3839,2098,4423,4217,3970,7955,5759
"COG1652",1888,472,355,826,836,364,520,478,781,877,1374,588,488,594,310,625,436,907,706,426,3695,554,334,491,781,566,423,479,713,2300,470,621,459,483,843,2184,1154,635,594,672,278,722,257,533,732,543,1768,454,614,645,628,797,698,614,540,432,615,247,2687,639
"COG1653",3702,12554,14414,10466,11459,15250,17848,13395,13309,5757,2578,12087,16084,13817,15496,15217,10501,8907,10507,10697,3422,14541,14174,15080,12451,12157,15099,10731,12077,7280,11483,9454,10109,8746,16296,3017,9792,14465,19638,13217,15731,13538,10986,18078,12606,11566,12754,16637,13956,14424,17940,8556,8625,13059,5174,13246,19841,12590,6855,9456
"COG1654",1915,825,408,2345,241,411,414,655,302,397,748,552,196,316,948,1234,2046,744,850,310,2563,357,282,397,330,319,175,2226,439,2064,1142,337,1783,1955,277,691,2200,366,242,528,784,619,278,200,1105,255,186,225,1097,240,725,301,323,369,216,479,227,302,3180,1224
"COG1655",0,0,0,7,23,0,0,0,0,18,0,1,0,5,0,0,5,0,5,1,7,0,0,0,0,0,1,19,0,6,4,2,6,3,23,182,2,71,0,27,0,0,2,1,1,1,0,2,0,0,0,0,10,0,2,1,0,2,0,0
"COG1656",30,32,0,55,3,3,5,5,8,1,38,0,10,9,3,0,69,14,11,0,3,45,0,0,0,0,1,58,1,78,28,89,54,39,10,6,57,15,10,42,0,33,0,3,11,0,1,1,2,20,0,2,158,0,0,3,5,0,88,9
"COG1657",424,516,182,1013,607,228,427,376,88,493,75,88,235,336,167,106,851,550,889,112,75,358,83,43,180,214,331,635,285,546,485,1197,881,1027,273,36,649,231,419,1450,9,773,76,232,871,195,12,205,196,458,315,237,1119,196,246,275,285,82,138,1389
"COG1658",176,51,34,219,57,26,77,33,1,67,71,0,34,30,28,0,283,102,78,22,9,4,19,0,9,25,17,267,3,102,164,69,196,248,9,15,276,87,74,51,7,126,100,50,30,86,0,26,40,1,13,5,66,36,49,29,39,12,313,37
"COG1659",9,0,0,1,11,0,0,0,0,1,1,0,0,4,0,0,2,0,0,0,0,0,0,0,0,0,0,3,1,1,0,0,3,5,2,1,4,6,0,0,0,0,0,0,0,3,0,0,0,0,2,0,0,0,6,0,0,0,1,0
"COG1660",1053,536,667,990,1085,618,844,888,693,766,766,718,923,891,737,833,678,870,813,768,2224,765,775,672,763,648,968,761,774,1555,682,817,677,783,1216,835,983,801,1208,765,1624,932,660,1162,966,826,1255,983,940,800,688,764,942,853,424,1031,1010,1472,1005,741
"COG1661",715,615,453,248,741,557,757,616,264,1476,665,493,1208,883,452,33,402,874,644,1027,100,956,599,247,461,1247,1819,451,1629,185,552,845,427,340,736,114,323,1060,786,712,99,614,831,1251,503,872,2,1091,655,1109,441,1771,940,1250,2045,733,918,424,277,497
"COG1662",7,21,0,10,11,4,14,6,5,18,31,19,6,2,6,0,11,13,38,7,14,45,0,74,3,2,13,9,41,5,31,129,10,20,36,6,9,4,4,108,2,13,0,7,11,11,2,7,0,24,4,5,271,14,8,0,2,0,0,17
"COG1663",3291,4609,6252,3633,4656,5654,4627,4799,5643,3027,3122,5128,4062,4198,4190,7103,4089,3805,5286,4716,2159,4560,6324,6415,5032,3842,3576,4116,3855,3411,5040,5486,4009,4170,5091,1413,4125,4863,4572,5403,5943,3946,6027,4588,4420,4596,2151,4614,3493,4795,6007,3220,5060,4212,2902,5076,4620,5880,3421,4445
"COG1664",774,614,708,1252,986,720,801,934,1014,700,827,1099,822,861,889,684,1360,854,1552,825,159,1017,868,1359,1197,840,634,1347,903,1059,1325,2139,1250,1184,944,752,1267,987,831,1768,798,819,1140,822,1017,950,1157,850,888,833,706,862,1904,810,705,848,715,1113,1258,1512
"COG1665",235,19,4,15,2,3,4,19,0,3,273,0,0,5,28,331,12,2,56,1,1,0,5,0,0,0,0,12,0,11,28,115,28,15,0,0,10,1,0,88,0,4,1,0,6,0,0,0,70,0,0,1,141,0,10,7,0,0,7,46
"COG1666",805,1369,1533,1359,1124,1543,1357,1478,1726,2004,479,1853,1860,1695,1247,2183,1250,1704,1094,1894,1669,1530,1499,2870,1534,2052,2168,1204,1842,1404,1155,1108,1183,1182,2082,685,1108,1507,1954,1232,2463,1329,1342,1856,1342,1482,103,1802,1025,1972,1899,2110,1095,1599,2519,1683,2171,1479,868,1365
"COG1668",1803,997,1116,744,2014,1101,912,1085,620,1624,1841,844,850,1045,543,2296,924,1195,1345,793,2579,670,1073,782,1343,666,593,841,960,1384,1135,1191,1072,658,707,607,1256,1003,959,1485,423,1061,1830,565,1052,1482,1287,596,1200,607,505,1009,1442,616,1268,1060,732,1876,865,789
"COG1669",82,1,0,53,29,3,7,10,5,17,121,1,7,5,6,0,54,12,8,1,6,41,0,10,1,0,3,27,15,29,8,49,45,32,22,92,39,53,4,17,1,9,2,4,5,7,10,4,1,9,4,4,62,9,11,0,5,6,4,13
"COG1670",4284,2553,1882,4758,1940,1870,2114,2071,2025,2018,3954,1809,1343,1748,2349,3183,4246,3439,3430,1604,6680,1733,1541,1312,2025,1137,1176,4089,1972,6193,1115,1372,1392,1405,759,899,1485,630,609,1217,1258,1161,523,471,965,571,2552,520,678,460,406,580,1338,533,462,740,621,460,1557,958
"COG1671",314,268,194,439,335,230,285,311,395,345,300,363,260,278,121,482,328,458,289,252,996,381,90,175,365,256,207,270,373,714,267,185,280,360,419,363,411,150,265,241,85,456,128,257,398,258,618,263,132,377,247,541,193,300,263,237,290,97,451,283
"COG1672",298,8,5,134,41,4,36,18,14,66,676,26,23,25,33,8,107,105,46,10,29,123,6,2,16,14,33,37,63,57,27,353,60,57,22,49,45,36,95,86,8,59,114,45,76,34,54,29,5,36,649,54,406,41,44,5,55,11,17,126
"COG1673",0,1,0,0,0,0,3,0,0,0,0,0,0,0,7,0,0,2,32,0,0,0,0,0,0,1,3,0,1,0,2,2,0,0,1,0,0,0,4,8,0,6,0,0,35,0,0,1,2,0,1,0,0,0,0,0,1,0,0,28
"COG1674",8299,11931,13704,7957,12348,13818,12109,12006,14317,7603,7440,13377,11254,12282,13403,13907,8658,10326,11030,12269,11152,11017,15152,15884,13931,10083,9603,8469,9480,8786,10527,11897,9012,9465,12451,4502,8154,12590,11625,12018,15778,10570,14618,11637,12833,12594,5617,11683,12457,11216,14805,8057,11553,9875,6841,12738,11611,16722,8547,12397
"COG1675",1520,425,134,970,120,147,123,288,11,4,2311,3,31,40,316,34,1064,94,242,1,18,43,18,0,4,1,21,1223,0,394,570,281,1054,1078,16,2,956,34,99,134,94,273,0,2,440,1,0,14,221,35,0,8,404,7,1,188,44,9,1428,553
"COG1676",2184,931,366,2146,310,408,223,697,3,195,1621,18,101,120,903,7,2225,416,484,136,72,106,241,1,31,88,70,2317,79,816,1215,350,2029,2137,42,30,1978,115,291,206,160,712,220,71,944,203,0,53,716,63,20,103,387,26,155,451,195,83,2587,1133
"COG1677",274,126,111,486,282,106,254,250,323,364,330,319,276,227,82,307,356,361,256,238,833,339,103,194,274,246,226,370,343,678,272,184,315,335,397,439,403,164,342,177,46,265,97,270,237,207,477,262,160,340,293,405,184,283,257,254,319,87,750,258
"COG1678",1932,1675,1777,2154,1911,1727,1607,1755,2149,1405,2031,1915,1448,1558,1406,1508,2484,1875,2834,1756,1624,1467,1757,2597,1941,1669,1321,2376,1385,2068,765,1119,816,741,631,789,782,490,580,1245,324,603,715,536,624,590,894,481,548,404,640,536,1057,525,443,578,493,614,467,733
"COG1679",714,2437,1592,1193,1867,1632,1701,2096,488,1616,260,722,930,978,1619,689,1726,1401,1129,652,254,706,957,334,792,832,579,2178,611,719,1536,745,1788,1534,653,435,1586,1302,1325,710,347,2456,1209,769,2370,1190,14,801,2115,586,355,909,751,666,1041,1737,1054,530,1412,2368
"COG1680",14954,18625,19542,17361,17300,19755,17224,18593,18502,12434,17158,19859,13579,16296,16110,23503,17681,19283,19205,19609,19153,15758,19870,19641,20503,14669,11311,18228,14273,18479,17901,14496,21283,15143,15115,9231,20796,16882,13542,17824,9987,19749,19016,12285,19404,17268,18991,13334,19244,12937,19799,14772,16379,13589,11401,17878,13623,19043,13564,17062
"COG1681",63,2,2,75,0,3,3,6,0,0,37,0,0,0,23,0,46,25,11,0,4,0,1,0,0,0,0,20,0,51,7,88,51,68,0,0,21,0,0,15,0,31,0,0,3,0,0,0,7,0,0,0,78,0,0,0,0,0,4,38
"COG1682",1308,451,346,1298,1144,329,608,638,418,1467,1097,628,563,848,515,565,1222,1210,1116,763,1791,596,647,386,554,683,522,1163,658,1505,906,1461,1209,1153,648,433,1436,747,563,1298,186,947,636,570,717,697,1838,500,710,505,529,754,1736,700,1290,909,489,668,2249,940
"COG1683",191,554,253,594,581,214,258,391,106,497,353,53,144,278,342,265,282,758,383,152,286,97,207,22,62,62,68,333,206,832,187,139,617,387,79,980,473,306,189,196,101,558,121,110,509,135,52,116,193,37,58,103,115,171,140,405,118,126,1148,599
"COG1684",139,102,90,384,277,62,194,205,251,285,187,236,163,184,62,213,281,262,183,195,545,255,82,241,226,194,185,306,252,492,638,360,771,823,854,1034,916,478,756,423,135,701,305,685,670,501,1664,589,326,758,686,990,433,701,602,572,681,253,1624,619
"COG1685",955,912,527,1806,414,544,525,784,2,395,77,95,122,200,696,2,1939,306,426,128,67,77,302,1,90,55,106,1968,84,760,1120,146,1819,1868,28,40,1793,278,350,102,116,575,271,87,787,250,0,111,860,38,12,112,88,100,208,385,261,129,2377,951
"COG1686",2560,5469,6587,3570,5145,6635,5502,5685,7686,2968,1983,6819,5649,5686,5001,4398,3534,3861,3834,5609,3145,5832,6787,7340,6949,5827,5241,3330,4704,3368,4829,4143,3330,3998,5806,2053,3274,5413,6524,4275,8307,4142,6077,7062,5519,5809,4491,6034,4622,6207,8650,4253,3749,5369,2852,5837,6524,6623,2428,4672
"COG1687",2,88,70,53,3,93,2,22,13,12,4,2,2,1,4,24,26,6,71,2,15,1,0,12,4,5,3,90,7,30,39,47,56,31,3,12,31,4,3,52,69,2,0,6,1,1,14,5,2,1,0,10,35,18,1,42,0,3,11,0
"COG1688",0,0,0,2,0,0,3,3,1,1,9,0,0,0,1,0,7,0,0,0,2,0,2,0,1,0,0,0,2,2,5,0,9,2,0,3,25,0,0,0,0,2,0,0,0,0,3,0,0,1,0,1,3,0,0,0,0,0,19,4
"COG1690",3911,1995,999,1409,1095,1002,1076,1566,68,988,4978,217,394,557,1558,166,1715,1025,1173,412,325,319,736,69,180,350,390,2052,373,819,1313,1847,1669,1489,159,632,1712,1157,1129,1517,229,1892,795,397,1905,729,1131,434,1692,191,110,365,2246,401,545,1082,690,294,2009,2383
"COG1691",804,697,354,1768,488,399,633,884,386,1852,127,599,953,1031,1189,40,1942,1086,966,1007,113,696,210,216,516,1369,1079,1886,1184,837,1016,651,1867,2028,827,61,1575,646,659,902,114,1187,285,608,1472,728,28,792,673,885,396,1438,750,770,2355,775,823,337,1729,1768
"COG1692",988,2347,2734,1341,2499,2860,3221,2571,3489,1157,843,2978,2862,2534,3566,1421,1622,1834,2293,2412,99,2682,3240,4237,2790,2172,2164,1281,2134,936,709,1019,555,677,971,151,361,958,959,901,1063,742,840,1047,881,944,425,999,850,1000,1205,520,913,851,412,845,896,1007,278,821
"COG1694",949,985,1102,752,1351,1130,1191,1102,1220,1784,1360,1704,1847,1385,921,1180,726,1236,890,1993,807,1478,1183,1366,1721,1878,2650,750,1504,855,3155,2337,2368,2343,4839,20348,2288,3156,5060,2693,2400,2841,4473,5874,3042,4478,8999,6435,2909,4855,3349,5331,2565,7015,6790,3721,4958,3692,2426,2785
"COG1695",594,521,205,1323,259,231,338,326,229,237,224,308,354,340,583,705,1387,221,396,182,202,256,203,204,86,98,132,1142,242,677,596,247,1229,1139,647,219,1199,240,257,215,251,396,141,125,577,126,2127,163,434,181,194,180,236,111,93,333,340,94,1552,604
"COG1696",1018,1089,1121,2264,1670,980,1073,1373,1107,2593,635,1381,752,1379,975,2979,2165,1385,1408,942,1203,984,1067,1044,1587,745,852,2537,1150,1982,1701,1449,2087,2166,1219,3691,2129,2056,813,1403,764,1379,1092,703,1508,1097,2215,735,943,927,628,1204,1233,905,1184,1155,879,988,3634,2217
"COG1697",768,617,359,830,406,371,392,478,6,326,560,71,146,182,373,25,809,376,322,147,71,124,223,3,66,127,108,890,72,392,1592,802,2716,2543,111,131,2127,966,983,884,140,1473,746,343,1432,662,500,468,1368,179,64,302,980,302,553,1096,606,271,3987,1617
"COG1698",112,133,77,179,49,71,79,87,1,47,50,4,17,23,73,1,184,59,55,17,6,21,40,0,7,13,14,213,15,83,329,66,573,527,13,15,528,176,135,61,45,267,135,35,366,90,0,53,356,18,9,34,67,35,58,210,83,37,759,404
"COG1699",15,49,15,312,59,28,79,116,23,143,55,63,57,90,45,9,348,137,297,33,28,63,61,57,15,42,44,284,38,292,230,235,278,234,61,105,261,82,93,219,3,136,29,52,126,44,510,73,82,26,33,34,180,51,70,105,61,18,758,232
"COG1700",72,2,1,31,2,4,0,0,82,8,332,20,0,0,8,85,6,157,44,1,308,4,0,5,5,2,6,4,110,111,21,1,2,20,3,11,11,9,3,21,3,1,0,5,1,0,13,1,4,0,7,26,5,3,1,16,2,0,32,1
"COG1701",778,1116,577,794,656,514,672,834,0,657,159,125,225,329,540,8,926,554,482,246,113,174,411,0,96,218,193,1179,164,400,763,212,959,807,53,86,816,647,558,226,128,893,523,227,1086,471,0,259,766,64,28,197,224,175,348,698,388,171,1223,1028
"COG1702",6366,6643,9310,4014,8699,8569,8268,7463,8929,6762,10028,10587,10688,8243,8316,7372,4450,6050,5791,9743,2959,9960,8739,8112,9301,9739,15122,4511,9133,3727,6906,6292,4556,5343,9614,37379,4192,7515,10564,6340,15983,5735,9681,12417,6692,9444,14049,13127,6874,10198,8557,7995,5992,15261,8633,7984,10234,9263,3279,6002
"COG1703",3072,5001,3542,6509,4742,3623,4084,4295,1852,5708,2438,2256,2522,3065,3078,5812,7024,3788,5438,2516,682,2729,3147,1076,2715,2243,2352,7582,2588,4036,5593,4960,7382,6011,2341,1545,6445,4386,4137,4766,1047,5676,3763,2089,4255,3539,2366,2385,4029,1977,1520,3107,5411,2161,3232,3876,3352,2425,8125,4720
"COG1704",768,280,302,835,1046,265,645,578,286,810,1276,459,394,563,298,415,398,1145,783,335,303,339,321,241,366,292,227,638,459,775,449,455,519,611,472,746,596,606,478,754,99,777,306,303,710,485,1435,385,361,320,219,518,634,441,583,454,374,360,958,452
"COG1705",832,427,566,437,672,543,383,443,757,974,747,835,371,428,169,1281,189,441,220,543,1773,540,739,882,1038,260,248,267,700,1069,430,52,197,160,800,2476,602,370,277,122,414,178,362,333,258,517,1402,312,365,497,461,779,58,730,583,469,359,306,638,201
"COG1706",941,392,310,1590,1056,324,834,695,985,1248,817,908,767,863,231,929,1204,1182,832,723,2482,1004,315,731,958,816,669,1241,1075,2046,824,513,1039,1116,1006,1578,1271,700,1013,576,173,970,405,811,1028,786,3440,799,462,1001,824,1347,503,875,775,883,888,335,2434,935
"COG1707",1,0,0,26,0,0,1,0,0,0,0,0,0,0,0,0,15,4,11,0,0,0,0,0,0,0,0,24,0,7,14,24,35,22,0,0,12,0,0,13,0,0,0,0,0,0,0,0,0,0,0,0,17,0,0,0,0,0,11,1
"COG1708",267,3,3,274,29,7,102,50,87,32,248,13,11,4,162,1,407,187,59,3,181,90,11,15,12,23,8,148,159,428,58,138,310,118,18,518,196,49,26,69,4,61,15,38,32,10,61,19,8,28,25,115,216,20,20,2,13,3,134,90
"COG1709",80,44,26,70,16,19,27,42,0,40,61,1,9,13,45,0,92,159,76,57,6,5,26,7,8,2,8,67,11,42,41,64,113,84,2,4,59,69,34,84,0,116,54,60,48,59,0,21,60,3,0,14,85,33,39,36,15,6,28,71
"COG1711",647,348,116,680,7,138,62,262,0,2,201,0,5,8,503,7,774,112,209,1,15,0,20,0,0,0,2,813,1,299,377,116,722,757,13,0,740,29,31,66,86,227,0,0,532,0,0,0,283,0,0,1,142,0,0,171,26,7,1056,567
"COG1712",691,692,223,1363,210,273,341,546,189,260,160,274,174,223,954,97,1382,576,630,191,58,272,105,127,153,250,180,1369,284,727,587,435,1377,1368,325,17,964,241,268,526,152,1018,101,232,1195,186,657,199,471,282,220,344,524,226,202,407,208,115,1183,1322
"COG1713",40,103,58,214,23,38,54,97,1,27,11,1,8,23,281,0,203,460,75,4,45,0,6,29,0,1,6,109,6,103,64,34,194,229,7,2,101,28,15,73,6,383,1,0,129,6,0,15,37,9,0,3,44,4,6,11,0,5,25,310
"COG1714",782,639,564,996,549,541,408,365,619,668,634,619,347,584,425,1359,725,723,945,563,2121,534,553,874,706,478,404,833,566,1247,781,631,820,714,526,991,1074,436,339,762,560,587,617,466,643,554,681,374,570,351,582,453,671,511,373,511,436,429,896,532
"COG1715",443,19,11,250,70,20,47,53,72,305,412,87,106,140,60,47,93,135,190,45,732,145,39,29,93,216,148,122,197,480,116,409,115,143,87,182,202,85,50,234,16,63,60,156,67,131,392,146,60,111,41,178,435,217,331,34,61,30,209,75
"COG1716",254,214,244,1182,831,251,369,427,147,547,416,221,383,473,267,89,1109,671,641,265,386,354,528,123,272,152,310,1115,280,1266,589,749,1018,898,387,557,726,583,656,631,506,663,190,333,656,238,769,475,522,235,88,150,825,226,229,580,408,455,3576,731
"COG1717",1064,793,444,1000,467,461,467,572,5,395,972,80,156,233,439,39,1075,326,357,184,93,94,301,3,77,133,122,1130,114,463,672,220,978,978,34,54,965,422,383,206,62,776,409,132,603,322,0,148,619,50,18,123,272,109,212,434,230,144,1285,714
"COG1718",758,1295,794,800,829,815,854,1018,53,636,467,177,314,319,781,883,781,672,508,247,180,234,435,10,135,232,226,977,190,590,694,254,946,752,74,287,783,639,744,294,149,1162,451,223,1036,448,154,283,871,116,50,216,364,262,316,769,477,163,1024,1119
"COG1719",92,9,27,11,195,20,19,18,1,12,34,19,25,28,7,1,13,41,90,2,5,2,55,0,0,21,11,25,1,4,46,54,2,4,0,10,4,35,37,80,3,26,12,13,12,4,0,18,5,3,0,7,51,4,3,14,11,33,8,12
"COG1720",566,226,76,309,241,85,145,104,129,174,504,58,65,96,92,407,129,332,167,73,1544,183,95,31,66,35,34,134,180,1071,79,109,42,101,52,566,255,52,104,103,14,179,19,25,133,59,153,49,336,108,10,75,164,162,79,69,38,39,1799,99
"COG1721",6282,4898,4163,4918,4522,4167,4057,4718,2165,5179,5545,2934,2413,3205,2791,3644,5003,5511,5735,2732,5118,2275,3699,1817,2917,2062,1907,5057,2632,5547,4348,5398,5546,3986,2761,2270,5441,3771,3190,5662,1576,6090,4254,1939,5087,3517,4222,2525,3933,1426,1789,2445,5956,2277,3037,3731,2584,2862,6183,5908
"COG1722",451,356,523,410,349,517,336,372,444,280,387,586,255,403,276,379,362,427,572,428,779,454,342,349,462,347,262,450,328,655,444,519,442,342,347,603,448,312,338,477,244,346,392,311,393,394,487,265,462,354,532,405,494,321,270,422,320,319,429,299
"COG1723",41,153,59,63,119,68,82,43,26,45,165,8,41,52,14,74,18,57,29,10,1075,170,52,43,29,11,32,10,39,432,18,16,16,13,1,59,57,5,70,13,1,41,2,5,20,18,129,13,204,78,47,35,19,40,19,36,24,3,899,69
"COG1724",109,1,0,3,0,0,2,0,0,3,192,1,0,0,1,0,3,3,0,0,0,1,0,1,1,0,0,0,1,1,0,37,1,8,0,3,2,0,0,23,0,2,10,0,3,0,218,0,0,0,0,3,46,0,0,0,0,1,0,2
"COG1725",96,186,197,358,424,231,444,308,561,2807,113,749,1693,1269,242,17,366,865,356,1700,78,1135,148,265,833,2430,1813,322,1871,149,424,201,414,348,985,126,271,864,639,272,39,362,640,998,250,1239,27,1220,192,1616,715,2659,274,1077,3936,480,945,79,135,198
"COG1726",1306,2439,3023,992,2835,3039,2110,2185,3151,2514,1445,3248,2010,2843,1568,4396,772,1876,1480,3051,3692,2433,3478,3913,4053,2698,1829,1006,2247,2080,1776,627,1222,741,2474,1617,1486,2195,1881,1119,2045,1570,4554,1974,2311,3399,577,1842,3047,2111,3576,2625,644,2118,2371,2514,2084,3646,2659,1573
"COG1727",916,543,279,640,328,292,415,441,12,227,1007,45,177,167,388,54,713,280,235,105,56,76,197,0,63,105,110,794,61,262,516,173,712,674,47,32,681,280,294,159,41,483,228,93,451,232,0,119,415,46,14,72,220,99,161,325,179,88,853,515
"COG1729",3447,3366,4183,2925,3207,4008,3671,3567,4380,2325,3353,4119,3417,3591,4111,3501,3310,2654,4806,3497,1827,3626,4559,4146,3793,3068,2838,3196,3260,2680,3936,5843,3034,3376,3597,1105,2966,3764,3788,5008,4510,2858,4115,3770,3634,3713,1536,3594,3560,3845,4681,2590,5281,3443,1754,3593,3804,4252,2759,3862
"COG1730",118,93,29,10,28,49,28,40,4,19,125,3,22,10,32,27,8,87,27,21,8,22,3,0,0,8,14,28,3,5,26,37,19,4,14,1,5,45,40,35,0,73,4,21,27,14,0,29,34,26,0,5,71,7,2,32,30,6,7,51
"COG1732",129,77,34,523,161,35,117,112,125,93,97,189,72,136,92,4,437,319,144,219,71,260,59,81,113,99,72,405,182,410,187,128,396,314,122,164,427,136,46,132,25,256,85,99,219,106,408,111,34,117,110,189,177,292,117,139,41,48,303,244
"COG1733",430,646,375,396,281,338,284,284,170,286,425,383,192,173,128,757,258,369,181,196,708,159,243,123,167,114,135,212,291,703,715,455,854,672,597,881,1251,596,1332,347,3021,699,683,393,560,527,2334,572,811,355,218,702,528,424,515,1407,1070,416,1320,467
"COG1734",1831,2587,3018,2456,2428,2977,2868,2652,3048,1302,1569,2973,2575,2500,2752,1989,2236,2029,2562,2566,2006,2390,3099,3917,2587,2345,2249,2148,1979,2496,2328,2806,2207,2405,2623,1123,2130,2539,2750,2765,3428,2087,2844,2752,2583,2720,1273,2670,2885,2571,3276,1606,2648,2422,1174,2793,2695,3268,2246,2684
"COG1735",342,250,95,1397,107,129,237,427,69,72,169,147,105,140,1239,67,1362,1487,661,217,411,151,97,122,82,56,87,757,106,720,367,622,1407,1401,46,23,598,152,104,696,19,1987,143,83,836,81,5,115,306,73,64,74,607,93,65,249,84,75,374,2153
"COG1736",2564,1829,961,2148,987,917,961,1251,17,751,2545,143,321,458,776,118,2402,744,730,312,155,265,575,27,130,290,282,2712,165,915,1560,524,2294,2209,73,120,2293,726,815,381,153,1374,681,278,1380,658,0,370,1091,131,59,252,587,258,412,912,507,258,2892,1345
"COG1737",1534,1103,1015,1055,535,1071,563,518,833,472,1341,1312,564,592,220,4281,698,599,986,533,5194,923,482,1033,990,674,474,1204,857,2282,798,721,605,516,1025,1687,1070,321,529,725,1407,357,465,454,423,546,3345,481,916,691,615,872,780,803,366,861,588,338,932,241
"COG1738",2130,3207,3980,1798,3329,3907,3560,3483,4148,2047,2093,3624,3577,3645,3513,2021,2119,2440,2421,3582,1351,3045,4320,4498,3651,2599,2346,2056,2644,1615,2915,2705,2232,2297,4061,1494,2062,3397,3213,2712,3517,2511,4054,3182,2945,3452,1706,3289,2926,3232,4315,2297,2793,3001,1858,3381,3567,4392,1142,2792
"COG1739",627,372,249,419,280,244,183,169,199,416,525,187,104,164,137,1449,278,400,350,96,1598,344,66,51,247,90,94,284,305,823,244,107,303,169,120,478,586,168,118,320,200,200,81,63,161,148,668,69,305,163,47,142,116,201,195,142,76,49,480,128
"COG1740",1002,14,4,161,79,16,37,22,121,183,725,34,28,26,50,16,89,199,212,5,3693,170,10,5,75,10,36,130,240,925,136,381,75,92,25,144,136,60,15,210,3,58,40,24,48,67,651,46,120,156,50,120,441,59,129,27,16,12,317,33
"COG1741",2919,3389,3963,3982,4458,3960,4435,4061,4243,2940,2987,4021,5352,4005,4303,4418,3712,3566,2798,4253,3962,5300,4762,5858,4163,3267,5041,3343,5867,4025,3515,3695,3821,3680,4989,2708,3974,5289,4370,2794,3123,2980,4870,5351,3489,4342,4516,5408,4619,5265,4716,5250,3257,5050,2282,3729,4434,4872,4712,2602
"COG1742",112,73,17,127,14,32,10,29,18,57,86,9,2,16,17,10,69,48,45,0,537,19,3,1,14,7,3,59,43,173,109,233,326,287,19,364,277,57,10,151,46,34,10,11,31,50,332,14,39,28,22,60,253,92,76,157,4,2,183,117
"COG1743",255,95,9,263,80,16,83,143,67,221,165,20,66,84,70,10,484,168,55,27,1217,239,19,24,51,85,52,180,157,1172,29,36,61,30,18,16,87,25,9,11,2,9,33,16,51,39,42,19,13,18,20,16,52,40,86,7,13,15,53,121
"COG1744",1777,3499,4070,5149,4974,4179,5373,4534,3675,2392,2018,2931,4735,4967,5194,4608,4541,3560,6026,3010,618,4062,4256,2643,4750,3850,4785,5400,3500,4037,5780,5407,4464,4639,4338,5515,4420,4165,6073,5017,4734,4608,4125,5969,4759,4438,4132,5007,4978,4283,4850,3200,5383,4380,2228,4816,5277,5547,3163,3355
"COG1745",0,0,0,0,0,0,1,4,0,0,0,0,0,0,10,0,0,4,3,0,0,0,0,0,0,0,0,0,1,0,0,2,2,1,0,0,1,0,0,4,0,20,0,0,12,0,0,0,0,0,0,0,2,0,0,0,0,0,1,7
"COG1746",3480,908,304,2575,61,364,206,823,0,75,3594,0,39,56,1104,2,2899,468,730,108,68,22,98,2,5,12,20,3182,26,1150,1462,583,2721,2763,30,9,2643,211,156,364,217,905,160,75,1338,126,0,57,753,15,8,25,768,68,68,541,106,33,3873,1654
"COG1747",4,35,57,80,63,71,47,91,41,90,4,87,44,43,1,0,63,67,235,39,11,2,3,21,111,17,2,107,5,43,108,7,74,74,92,456,50,192,9,140,1,81,11,2,69,39,0,35,2,3,6,11,1,14,28,28,9,8,1,54
"COG1748",3241,4017,4460,1906,5196,4452,3185,3295,4025,4087,2613,3337,2770,4394,1787,5856,1722,2320,2533,3012,3047,2642,3953,2604,5196,3786,2331,1971,2642,2511,3055,2357,2324,1749,2713,3384,2106,3216,2846,2294,1899,2599,5197,2525,3353,4828,2679,2496,3302,2197,3364,2640,2538,2497,3686,3597,2775,4752,1725,1737
"COG1749",1170,649,467,1744,1614,496,1033,998,1377,1696,992,1453,1227,1200,360,1265,1234,1366,1039,1319,2873,1574,457,2205,1611,1299,1198,1318,1618,2388,1061,606,1040,1197,1827,1835,1363,1009,1858,681,217,1378,582,1425,1316,1156,2516,1324,613,1657,1419,2204,668,1393,1090,1122,1651,533,3141,1145
"COG1750",1197,0,0,0,0,0,0,0,0,0,913,0,0,0,0,0,0,0,24,0,3,0,0,0,0,0,0,3,0,0,0,256,2,0,0,0,1,0,0,112,0,0,0,0,4,0,0,0,0,0,0,0,452,0,0,0,0,0,1,16
"COG1752",4044,2290,2694,3449,2109,2339,1680,1508,1290,2464,3604,1356,959,1526,1415,1779,2447,2253,2289,1263,9801,1328,1580,1282,1250,763,677,2836,1929,5690,1808,2141,2261,2048,924,4426,3588,1629,1259,2037,7164,1382,1982,671,1248,1178,3536,1052,2079,1177,503,1625,2450,1676,1244,1762,904,1241,5249,1300
"COG1754",3822,10694,13086,5972,11146,13066,12381,10891,12900,9587,4352,12801,14454,12547,12550,11249,7525,9680,10055,13188,427,13365,14689,15363,11450,12300,14181,7643,13790,4689,3426,3500,2664,2588,4689,845,2353,4468,4503,3136,7316,2936,4580,4860,3232,3929,1265,4741,3535,4866,4495,4455,3184,4670,3467,4327,4556,5025,2202,2659
"COG1755",1,13,12,189,52,10,32,18,5,53,4,30,19,38,8,6,157,76,17,23,4,83,9,15,40,40,58,109,81,86,31,9,172,109,35,3,85,23,25,19,0,86,20,57,57,33,144,35,1,30,99,29,2,43,45,10,32,11,71,16
"COG1756",216,471,131,1088,72,163,115,288,5,6,31,10,30,42,452,47,871,117,211,1,21,18,22,3,0,0,12,887,0,385,362,81,1102,1129,24,3,659,35,100,72,98,369,0,1,639,6,0,10,308,9,0,4,65,9,5,203,44,9,1167,737
"COG1757",10096,2461,2380,2643,2601,2372,2030,2356,2339,2421,7277,1891,1317,1767,1549,4945,3276,2611,3685,1800,15640,1739,2531,2301,2977,867,857,3980,1987,6846,3387,3673,3167,1957,2220,3442,4678,2052,1313,3677,1030,1997,2264,741,2171,2121,1494,1319,3629,1165,1518,2046,4546,1808,1604,2145,1366,3163,4123,1922
"COG1758",1509,2245,2337,1554,2068,2282,2143,2231,2528,1358,1367,2470,2200,2185,2812,1603,1659,1534,1619,2351,955,2339,2582,3735,2093,2032,2135,1661,1916,1319,1787,1359,1586,1878,2113,895,1566,2276,2162,1493,3847,1608,2242,2436,2294,2328,685,2228,2449,2709,2839,1841,1294,2343,1422,2254,2166,2632,1832,2242
"COG1759",3153,1186,539,3855,1179,579,512,1343,7,561,456,210,332,309,1510,10,3964,522,774,198,95,88,420,0,117,200,162,4222,136,1420,2170,579,3516,3956,49,128,3421,366,716,377,247,1174,516,199,1706,495,0,176,1212,81,82,186,627,196,462,998,299,265,5362,1730
"COG1760",851,993,725,1164,369,787,747,659,551,422,894,464,464,331,472,3187,1097,776,1580,229,2568,430,316,190,509,281,251,1280,507,1823,1486,1189,1159,734,533,819,1442,576,684,1206,458,608,161,302,513,216,2346,393,654,305,167,488,1025,468,221,768,672,162,2177,642
"COG1761",217,87,37,2,75,33,43,53,1,15,257,5,15,17,15,39,7,42,14,29,5,10,14,14,3,12,9,8,9,8,7,42,5,4,3,4,8,26,50,42,1,50,30,24,17,48,0,28,24,5,3,6,103,32,20,40,20,4,6,13
"COG1762",657,386,297,961,576,257,482,543,579,594,435,583,400,425,241,677,1003,786,938,463,1605,557,234,661,429,335,363,867,536,1041,638,1089,858,781,615,587,910,402,490,981,306,656,172,397,668,375,1235,411,255,423,559,593,1271,479,432,500,477,207,490,763
"COG1763",195,449,447,512,456,452,477,495,583,342,207,657,441,434,261,1554,545,461,619,376,121,527,326,504,582,488,533,507,533,311,481,766,486,474,680,37,395,395,637,815,352,569,319,609,576,366,314,506,173,693,685,692,647,510,364,445,608,291,186,782
"COG1764",925,405,544,600,268,530,369,534,740,286,726,508,221,268,523,80,408,596,317,472,2055,562,545,450,534,219,183,301,582,1346,382,192,396,283,305,877,1057,472,307,141,247,331,370,259,380,304,1284,288,660,383,729,415,233,423,167,540,295,447,906,368
"COG1765",372,912,721,929,859,719,685,730,532,871,497,590,434,539,367,1160,764,761,886,514,860,479,679,570,620,313,295,833,588,1154,842,610,1047,873,686,1023,1150,759,581,506,402,816,638,375,607,632,1645,412,753,389,503,616,548,547,482,672,504,588,833,638
"COG1766",1449,672,523,2036,1586,508,1109,1034,1583,1729,1149,1478,1179,1215,400,1186,1516,1713,1209,1097,3528,1571,492,1221,1515,1270,1145,1459,1672,2902,1160,724,1283,1326,1862,2127,1713,915,1602,775,252,1393,644,1393,1358,1109,3746,1282,691,1572,1457,2106,779,1481,1218,1071,1484,519,3520,1193
"COG1767",30,33,52,22,67,34,33,49,37,33,31,60,43,53,51,106,26,60,50,48,7,63,82,25,32,41,88,38,36,19,115,117,84,115,178,146,129,105,201,135,379,107,118,230,154,119,0,171,237,209,220,127,110,149,121,205,199,163,51,170
"COG1768",2,0,0,16,13,0,2,1,2,3,0,0,0,15,0,0,24,8,1,4,0,1,0,0,0,0,0,25,0,7,9,1,13,11,0,1,7,0,0,1,0,2,1,1,5,16,0,9,0,0,2,0,0,4,10,0,0,2,2,9
"COG1769",2,0,0,1,1,0,0,0,0,0,0,0,0,1,0,1,1,0,1,0,0,0,0,3,1,0,0,0,0,0,0,5,0,1,0,0,0,0,0,0,0,0,0,0,0,0,0,0,0,0,4,0,10,0,0,0,0,0,0,0
"COG1770",5735,8514,10824,4884,8305,10389,7975,8817,10649,4324,5700,10093,8075,7856,8807,8359,5696,5774,6312,8656,5740,8326,11713,10402,9513,6856,6051,4489,6810,5866,7261,7513,5393,5804,8454,2998,6046,9052,8140,6457,11075,5274,10410,8365,6875,9357,2187,8922,7981,8654,11656,5552,6954,8623,4211,8682,7880,11887,6171,6307
"COG1772",152,241,63,103,59,73,148,137,0,137,68,0,44,47,99,0,153,326,148,150,18,20,80,1,11,19,32,194,30,87,136,77,236,104,15,20,105,219,144,127,0,300,231,84,85,170,0,100,131,18,10,40,94,83,95,194,60,17,35,107
"COG1773",116,362,328,269,429,368,361,319,510,1343,155,705,788,828,167,948,113,466,198,910,222,612,336,550,676,1281,751,207,835,203,287,169,164,219,634,245,215,452,393,156,234,262,522,558,236,806,211,598,356,731,638,1165,185,644,1771,478,537,202,154,169
"COG1774",177,421,367,344,476,359,309,271,154,697,280,342,353,258,95,2743,338,376,502,185,71,246,190,307,263,103,135,329,331,500,343,571,448,290,439,101,499,411,150,624,275,226,83,121,310,120,798,173,160,176,111,367,592,186,209,279,242,60,1424,561
"COG1775",6485,0,0,0,28,0,118,1,1,3,6000,0,2,2,0,0,5,1,5923,0,2,1,0,0,3,0,9,25,0,0,1770,10130,0,0,4,0,7,7,21,8944,0,11,0,3,12,3,0,3,0,2,1,2,11981,0,25,0,21,0,0,4
"COG1776",2252,3,2,484,67,10,50,23,158,375,1394,12,16,37,67,2,195,516,272,16,6162,103,12,57,135,31,8,172,343,2218,157,114,35,91,53,1707,602,234,6,89,7,33,24,20,65,62,31,48,566,9,19,115,127,135,122,40,16,13,865,132
"COG1777",64,513,381,170,541,400,383,439,0,301,53,132,176,190,137,0,252,337,241,245,64,114,328,8,101,143,147,285,135,129,333,69,344,168,17,67,214,435,331,121,5,434,387,166,264,372,0,154,414,57,37,150,82,154,288,391,190,122,98,263
"COG1778",1966,1138,1111,1374,1141,1184,935,1137,988,1257,1731,919,934,1146,1257,2830,1619,1293,1671,1341,1390,985,1347,1489,1187,808,1153,1833,1025,1473,1653,1588,1537,1362,1184,1413,1857,1082,752,1639,969,1087,1467,815,1395,1049,598,814,1363,821,710,985,1750,1024,1224,1183,858,1248,2009,1188
"COG1779",416,341,284,64,371,269,362,339,3,394,581,82,178,161,81,43,78,178,91,106,64,89,244,7,56,143,115,163,82,54,177,93,111,57,35,41,111,290,308,86,1,427,252,107,207,243,0,127,291,46,23,107,203,96,171,241,210,104,55,189
"COG1780",8,0,1,24,7,0,3,4,1,3,13,1,0,3,2,0,53,5,0,5,19,14,1,0,0,0,0,7,3,24,3,0,40,15,11,4,29,5,1,3,2,1,1,11,4,4,37,1,5,2,3,10,2,6,2,11,0,1,15,15
"COG1781",809,664,334,1009,334,372,350,637,15,288,185,54,153,162,509,2,1203,341,407,135,150,69,273,1,37,128,99,1374,57,469,762,309,1075,1000,31,52,1113,335,310,341,62,569,287,131,625,263,0,114,582,29,23,85,329,78,184,402,196,96,1490,687
"COG1782",5318,2500,1366,4060,1214,1366,1410,2147,111,1336,5459,437,574,655,1809,9,4710,1387,1382,593,254,273,988,113,268,463,386,5081,319,1841,940,334,1488,1321,52,62,1388,482,372,257,96,806,317,156,760,308,105,176,798,55,74,116,391,134,228,498,292,102,1966,824
"COG1783",2015,39,224,92,130,222,34,61,192,60,2329,413,87,78,335,399,56,240,34,74,106,354,97,166,382,187,130,40,172,118,32,31,21,43,323,17387,48,43,79,13,262,130,102,56,75,102,3789,153,68,111,19,60,42,903,117,100,41,36,138,136
"COG1784",1647,402,277,185,765,296,711,444,11,764,3162,138,290,331,168,0,316,391,77,205,109,186,425,1,78,159,261,459,161,157,130,100,138,66,13,33,112,192,161,46,6,339,116,57,159,115,0,63,195,15,14,58,204,53,84,123,135,74,43,150
"COG1785",1989,1381,1243,1156,698,1323,1189,991,1352,818,1842,1225,886,1025,605,1099,926,1135,819,1231,8162,1201,1060,2434,1483,1254,708,898,994,4063,979,373,1121,571,1150,1435,2498,712,781,596,944,795,1164,866,1131,1127,1242,816,1849,686,753,792,443,822,702,1166,860,848,3861,1037
"COG1786",135,596,397,380,308,393,320,483,261,212,44,423,288,223,444,669,442,313,265,127,41,171,86,242,402,194,161,545,223,247,369,222,564,433,324,294,462,206,422,161,167,564,82,290,548,178,9,198,362,251,124,340,249,195,174,503,351,60,424,521
"COG1787",51,187,104,60,118,111,134,210,674,2052,58,466,765,582,145,38,68,492,21,1071,111,972,130,111,727,1658,1795,59,1760,180,144,11,138,194,222,60,34,468,308,9,73,65,487,1143,259,812,1,879,67,1199,491,2089,16,1175,2886,141,586,64,47,248
"COG1788",852,1201,902,1867,1076,902,1004,1057,1091,1391,997,1065,784,884,1013,1840,1592,2141,859,739,1681,1217,597,661,879,749,712,985,1209,1784,244,400,498,513,434,207,456,261,316,320,167,662,121,271,449,227,1049,216,250,339,269,375,448,294,215,278,292,224,539,485
"COG1791",57,88,15,96,171,18,201,19,77,195,101,74,330,360,13,0,35,39,76,8,65,34,11,20,9,41,33,61,59,140,57,11,11,43,555,247,152,148,202,97,21,25,3,13,56,11,91,49,21,73,3,122,27,57,56,17,351,1,152,37
"COG1792",2857,4088,5135,2986,4233,5054,3777,4331,5615,4145,2605,5258,5120,4400,4107,4681,3029,3634,4218,5603,2339,4679,5497,4750,5107,5008,4617,3231,4479,2926,4133,4539,3271,3503,5261,1557,3235,4737,4904,4355,5114,3235,5120,5032,3828,4874,1967,4966,3371,5330,5866,4829,4355,4772,4539,4603,5070,5427,3135,3775
"COG1793",11144,2794,2808,5428,4902,2515,3406,3133,5469,6818,21703,5643,6947,4586,3409,1112,5073,4602,1703,6027,5931,7476,1848,3261,4815,6999,9854,4805,10008,4696,3976,2591,4925,5168,5032,22886,5792,4197,4812,1655,4762,2928,2921,7442,3578,4485,8972,7019,2582,7427,4636,10933,3045,8765,8534,2901,5606,1954,6701,2920
"COG1794",1334,1557,2146,969,1758,2023,1875,1870,2563,739,1118,1930,1626,1547,1973,2107,1008,1253,1194,1796,1831,1939,2711,2551,1915,1223,1492,938,1548,1437,1416,869,1017,1128,1960,775,1152,1813,2204,880,2437,1201,2116,1949,1412,1903,1006,1900,1746,2048,2430,936,810,1970,713,1858,2166,2507,959,1086
"COG1795",70,108,168,86,274,148,203,221,164,146,28,214,164,219,253,320,97,191,102,209,10,287,268,217,137,176,331,124,209,56,91,99,92,127,219,49,51,125,312,82,446,178,124,329,185,180,0,197,434,256,338,200,99,199,160,253,283,210,30,195
"COG1796",1740,2036,1650,926,2145,1570,1458,1447,503,1483,1835,1545,929,1103,823,350,890,1193,660,487,198,1037,1127,1039,729,477,739,963,649,602,889,539,1042,865,361,1422,661,1059,1018,614,6452,1800,878,578,1116,916,792,1000,820,939,417,667,693,1454,832,969,841,882,445,1257
"COG1797",1667,1892,1030,3209,1457,1023,1342,1813,1659,4555,346,1816,2272,2331,1707,756,3463,2142,2376,2142,215,2420,585,475,1829,3786,3223,3690,3239,1621,2785,2209,3143,3458,1891,340,3022,1535,1668,2477,875,1720,884,2102,1883,2010,1499,1977,1073,2777,1711,4049,2337,2339,5874,1651,2080,435,3667,2062
"COG1798",2236,1367,713,2203,749,726,845,986,13,650,1933,145,331,359,864,33,2249,603,664,250,122,154,487,7,135,216,206,2509,161,913,1375,383,2192,2073,66,96,2032,650,616,313,141,1221,529,224,1224,486,0,265,1085,73,54,173,512,191,362,754,435,192,2991,1347
"COG1799",32,120,104,134,263,123,271,230,382,1841,17,506,802,699,206,0,134,567,231,884,10,744,119,97,577,1537,1062,189,1091,101,246,173,189,188,601,48,137,533,346,247,24,286,293,675,170,695,9,719,179,822,412,1562,246,712,2497,389,606,186,99,102
"COG1801",906,283,87,387,129,123,109,119,122,284,647,124,45,108,80,145,259,285,212,36,1912,194,49,30,169,40,43,247,276,953,170,405,292,192,119,684,653,95,46,118,145,173,107,60,154,82,353,89,262,83,62,215,592,219,135,155,38,30,509,124
"COG1802",1144,1488,1143,3130,1151,1131,1139,1185,1446,1231,1129,1999,1049,916,536,3817,1854,1435,2157,646,3649,1578,324,862,1049,767,897,2581,1593,3472,1727,1783,2275,1831,2084,2481,2199,888,1809,1749,835,1461,365,1388,992,673,10977,1055,520,1120,698,1569,1869,1290,628,1265,1712,384,1972,799
"COG1803",151,50,16,47,52,25,40,26,49,77,98,40,64,44,20,14,28,53,32,36,366,71,6,22,34,20,23,24,76,149,96,30,39,64,252,489,190,207,51,56,116,59,77,63,52,92,486,90,138,154,34,182,39,122,178,120,79,41,333,68
"COG1804",10981,20592,15012,35075,16016,15194,22263,22765,15016,12864,6756,15678,14465,15751,24031,10945,32007,44642,19407,17526,6035,16873,12474,14228,13322,14766,12885,25110,13603,21510,17366,17629,34051,35221,15000,3275,22546,16490,18334,19767,4780,50528,10062,15314,31192,12439,19657,14453,14143,15291,19473,16790,20682,13563,8798,17693,16331,15470,8486,33618
"COG1805",1156,2169,2507,936,2473,2640,1979,1977,2880,2324,1210,2887,1794,2644,1577,3851,780,1720,1267,2717,2687,2259,3171,3856,3738,2502,1718,879,2056,1657,1534,510,1094,669,2146,1403,1195,2048,1655,935,1620,1353,4223,1819,1987,3145,855,1712,3175,1751,3172,2333,564,1884,2262,2138,1900,3258,2216,1368
"COG1806",1264,2557,3007,1663,2374,2946,2591,2572,2955,1110,1177,2216,2468,2309,2812,2737,1631,1897,2425,2220,1832,2498,3185,3370,2434,1636,1736,1510,2132,2053,2400,2887,1481,1905,2295,1014,1555,2998,2601,2245,3224,1634,2799,2569,2136,2519,1711,2644,1962,2629,2887,1225,2215,2344,910,2420,2476,3412,2025,2347
"COG1807",3686,4246,5112,3870,5892,4948,6110,4905,8063,14224,3048,6915,9089,8637,4664,4248,3688,6780,5347,8104,6774,8450,5480,9718,7974,11097,9594,3179,10093,4934,4920,5624,3139,4222,9380,2406,3829,7954,7675,5490,5098,4382,6972,8681,4829,8384,5989,7917,3823,10197,7634,11129,4740,8358,16832,6019,8726,5516,3741,5723
"COG1808",177,616,410,420,985,415,872,388,586,878,317,801,1291,1488,181,1330,451,291,404,433,171,436,428,469,767,238,202,263,489,435,495,253,499,545,1687,456,712,676,897,266,274,182,291,216,420,346,777,350,186,549,413,863,183,263,535,211,1448,260,221,754
"COG1809",98,330,330,171,413,282,370,366,391,526,86,499,291,267,401,345,291,818,215,562,70,799,327,528,406,190,297,221,670,140,198,158,314,205,424,30,165,560,311,154,86,587,302,291,338,340,17,217,277,679,886,802,147,376,320,276,240,522,200,256
"COG1811",5,207,418,51,603,325,455,483,228,260,22,183,514,484,505,35,55,153,91,329,26,176,453,412,323,351,534,55,108,37,182,9,74,68,437,323,36,548,558,65,1640,292,524,585,364,420,1,592,469,340,168,98,16,321,126,515,425,1130,20,257
"COG1812",39,1,0,6,0,0,0,8,0,0,47,0,0,1,21,0,6,7,8,0,4,0,0,0,0,0,0,3,0,1,2,18,11,6,0,0,11,1,0,19,0,39,1,0,14,3,0,0,0,0,0,0,27,0,2,0,0,1,4,33
"COG1813",400,395,419,60,375,434,378,268,24,328,463,109,145,174,213,31,91,326,131,180,31,109,252,60,85,93,123,99,115,33,167,116,114,70,30,82,79,267,203,116,553,326,318,107,182,299,2,147,212,98,32,94,193,194,159,262,134,133,39,218
"COG1814",2139,723,412,1701,188,436,307,363,91,427,1418,114,61,80,577,324,2002,527,807,92,355,331,66,145,28,25,151,1905,153,963,967,987,1647,1672,82,64,1678,290,106,853,60,886,33,81,265,43,796,115,169,145,47,114,1207,127,41,163,88,23,1653,635
"COG1815",336,151,157,639,369,148,336,291,382,405,358,356,303,266,91,409,468,408,261,254,1037,379,123,338,332,290,268,494,430,844,306,223,386,458,462,543,560,265,390,227,58,371,140,343,311,269,545,322,224,434,348,531,197,376,277,277,390,99,925,332
"COG1816",4665,2436,2404,3924,1855,2415,2126,2453,1635,1090,3292,1539,1662,1642,2371,3353,4230,2033,4567,1434,8488,1606,2161,1020,1652,1080,1629,4426,1348,5001,3605,4693,4043,3555,1669,2161,3921,2533,2490,4841,4703,1883,1426,1629,2033,1472,1348,2056,3267,1645,1503,1160,4683,1354,806,2485,1889,2364,2997,3066
"COG1817",1527,785,282,1939,180,288,222,612,29,309,614,21,83,164,1059,15,2157,451,446,111,33,63,200,12,171,106,100,2268,122,840,1068,564,1838,2030,96,14,2056,357,162,268,197,649,412,75,1139,208,5,85,802,85,35,112,482,126,209,429,123,248,2714,1359
"COG1818",192,98,23,318,9,23,16,61,1,1,15,1,4,4,90,9,347,24,61,0,2,16,4,0,2,1,6,355,2,134,535,72,917,1023,12,1,953,28,56,45,73,187,0,2,447,11,0,9,110,19,0,2,45,3,6,130,29,5,1311,533
"COG1819",3243,1903,1040,4232,663,1009,753,1574,561,619,1776,391,412,647,2234,720,4198,1133,1259,1521,2938,694,711,1806,603,319,175,4341,452,2838,2013,718,3852,3776,1355,579,4084,1080,296,590,926,1707,1069,262,2722,513,731,399,1951,409,378,381,641,273,471,1783,313,558,6531,2808
"COG1820",1292,891,1056,1335,1034,1059,1100,1013,1060,817,797,904,1204,1444,450,1828,1379,1457,1591,628,3220,598,707,393,1033,620,493,1664,641,1709,515,241,494,421,462,201,648,223,384,406,133,421,186,218,374,213,119,266,190,219,211,219,179,154,188,390,462,146,314,260
"COG1821",86,75,106,68,109,120,72,130,65,82,51,125,71,86,88,513,79,136,165,134,6,123,173,85,69,76,164,102,85,40,44,42,20,25,34,9,20,28,68,55,137,31,20,52,29,24,0,48,36,49,41,21,42,37,20,54,74,56,16,69
"COG1823",17,123,130,47,102,100,118,140,48,9,39,56,59,98,41,37,62,109,54,106,133,37,82,23,75,30,56,111,34,67,73,19,121,55,52,8,98,24,47,21,23,119,58,43,140,66,13,64,152,37,26,48,12,50,24,98,58,71,22,54
"COG1824",119,92,66,270,46,58,99,125,0,7,99,2,19,35,81,15,273,94,366,27,6,11,24,3,0,1,10,419,18,269,202,441,377,268,9,0,328,62,21,276,2,214,0,28,123,1,0,18,149,14,2,9,466,2,0,215,21,33,203,171
"COG1825",2617,4331,4917,3133,4430,4969,4711,4613,5219,2529,2226,4677,4171,4452,5714,5877,3656,3491,4127,4451,1923,4175,5706,5721,4954,3807,3732,3666,3487,2944,4091,4333,3810,3893,4713,1344,3355,4659,4756,4052,5877,4128,5589,4655,4598,4922,1799,4376,5583,4148,5265,2947,3983,3840,2489,4781,4365,6029,2733,4651
"COG1826",666,316,257,429,277,272,343,350,645,1500,490,580,735,615,258,587,279,759,413,914,1105,781,182,380,615,1113,1101,321,1236,841,329,256,317,386,701,440,563,486,477,391,238,408,379,688,336,544,421,701,263,899,492,1375,267,792,1810,427,613,143,532,297
"COG1828",299,723,791,693,812,789,837,889,979,1432,273,995,1063,1032,1050,423,718,1040,665,1079,90,1117,873,823,1133,1542,1131,629,1162,470,727,616,687,838,1041,682,500,1029,908,580,685,844,895,1116,876,1123,423,1139,627,1318,1048,1261,468,1148,1746,876,970,836,338,945
"COG1829",1009,1058,493,1423,700,569,757,1024,9,636,172,119,222,301,966,14,1639,704,458,294,99,143,520,15,138,218,165,1885,175,696,1041,249,1572,1377,62,85,1472,558,608,189,177,848,488,169,928,454,0,204,1078,60,52,158,268,197,304,777,408,195,2207,1255
"COG1830",3285,2022,1090,4454,1623,1102,1287,1952,552,1393,1658,803,761,942,1900,209,4616,1372,2364,817,240,602,831,564,785,690,543,5060,571,2139,3046,2253,4430,4353,875,410,4055,990,1174,2359,416,2053,955,710,2518,1045,1376,645,1717,498,736,768,2372,597,882,1464,888,580,5827,2660
"COG1831",92,705,544,168,601,550,629,611,3,703,40,112,264,340,179,12,253,446,230,267,128,164,453,0,88,239,206,339,162,109,415,51,356,151,77,79,218,575,562,150,3,816,526,212,402,452,0,273,611,70,56,184,71,182,313,454,365,179,78,382
"COG1832",1477,2492,2385,2169,2039,2374,2279,2468,1717,1307,921,1713,1969,1905,2544,1617,2328,1741,1811,1726,170,2016,2469,1566,1834,1838,1812,2327,1667,1112,2139,2254,2136,2251,2181,392,1894,2153,2256,1676,2903,2124,2341,2385,2193,2156,1586,2086,2456,1967,1790,1467,1983,1957,1108,2286,2132,2446,2160,2228
"COG1833",429,9,8,94,13,6,30,33,34,16,419,7,23,6,14,0,80,34,834,29,6,49,6,23,25,32,47,117,45,50,229,824,70,77,46,3,83,19,83,1079,5,103,10,36,43,22,2,36,0,112,60,82,799,32,16,9,57,10,15,56
"COG1834",4039,5646,6309,2900,6094,6435,6140,5896,6127,3302,3761,6934,4898,5343,6557,4866,3605,3437,4753,4731,474,5014,7092,7243,5079,4467,4457,3917,3842,2152,5061,4960,3931,3725,4556,12573,3549,5964,5878,4809,6958,4513,6668,5399,5121,6100,7915,6569,7083,5359,5004,3493,5219,6619,3152,5371,5216,7315,2167,5145
"COG1835",3167,1588,2210,1943,2187,2109,1743,2261,3729,2910,2119,3503,2130,2184,2136,5646,1297,2425,1386,2828,6890,2644,2915,2927,2553,2171,2805,1499,2934,4988,1736,1221,1351,1658,1957,1513,1825,2465,2071,1333,5858,1548,2321,2414,1935,2201,4063,2290,2600,3068,2858,2570,1228,2303,2442,2819,2061,2415,3286,2321
"COG1836",1814,1087,742,560,948,779,1089,906,514,2642,1704,715,1466,1267,690,37,872,1426,1145,1336,108,1253,721,216,673,1992,2043,938,1859,407,956,1704,900,635,969,122,704,1279,1136,1189,80,1183,1289,1297,667,1318,6,1418,963,1350,467,2294,2086,1417,3183,912,1387,617,588,643
"COG1837",245,121,77,223,82,83,101,179,11,51,264,19,44,58,289,1,265,263,316,117,29,67,164,37,13,58,63,219,44,150,152,310,250,311,53,78,161,127,51,316,17,299,113,30,206,70,0,67,203,72,9,37,341,52,45,104,30,108,376,313
"COG1838",1779,1046,764,2023,950,754,899,721,572,839,1181,864,780,612,346,1910,1608,1225,2294,643,3277,864,229,732,337,384,566,1762,984,2785,1530,2461,1784,1822,1388,1056,1956,620,932,2150,711,1641,140,746,1001,254,1902,713,733,715,548,1039,2700,797,278,985,925,297,2873,887
"COG1840",2067,6872,8603,5122,7055,9015,8309,7885,8810,6874,2066,8762,8280,8421,9071,8206,5159,6305,5588,7314,2386,8033,9315,6012,9485,8869,8036,4277,7454,3735,6390,5389,4482,5293,6980,2101,4199,8418,8449,5980,9238,6267,9258,8821,7708,9349,5181,8423,9207,8275,8868,7223,4923,7916,7915,7908,8517,9686,3180,6980
"COG1841",1556,1139,900,1328,815,946,805,955,463,625,1654,546,492,664,970,897,1322,848,702,555,514,544,729,347,567,490,419,1530,406,802,1054,559,1327,1271,413,296,1254,680,753,490,696,1176,894,459,999,749,330,434,1146,454,536,445,693,416,448,872,596,581,1583,961
"COG1842",1920,324,117,1138,434,146,530,223,300,625,1367,216,593,620,159,104,971,968,826,182,5085,438,61,117,154,92,163,775,543,2558,589,457,753,790,810,841,1260,298,508,642,41,474,24,130,267,124,630,231,542,392,60,432,470,280,305,431,571,27,1189,467
"COG1843",676,281,201,919,644,195,444,438,601,662,595,561,477,450,171,542,726,652,511,489,1717,678,247,664,564,507,450,725,701,1362,575,329,589,601,718,1057,787,457,701,367,108,536,248,575,461,432,1448,509,325,630,586,890,397,606,484,476,615,188,1870,456
"COG1845",5492,7645,7438,5150,7632,7637,8043,7095,7644,8905,5082,7187,7243,8031,7848,9996,5887,6282,7943,7109,3502,7148,8226,10079,8675,8633,6317,5555,6715,4792,7601,8941,5680,6003,7264,2691,5555,7523,6898,8511,7249,6380,8216,6830,6619,8917,2385,6700,9072,7146,7966,6808,8080,6714,9617,7073,6723,8213,4041,6020
"COG1846",3571,2326,2698,3573,2554,2592,2247,2392,2623,1653,3195,2436,1916,2109,2187,2016,2875,2591,2797,1919,3667,2621,2564,2187,2253,1859,1586,2787,2371,4276,2357,3567,2821,2746,2750,2585,3530,2226,2233,3332,2403,2384,2034,2541,2519,1946,10845,2237,1906,2190,2576,1705,3650,2349,1132,2276,2119,2270,3310,2102
"COG1847",235,418,476,530,648,487,728,679,256,143,120,250,664,538,1307,0,472,793,519,596,107,203,708,553,288,440,709,477,193,399,432,605,595,627,577,325,318,788,679,549,1734,944,527,824,722,412,0,773,987,350,204,118,751,462,84,840,522,1343,576,861
"COG1848",16,3,1,12,21,2,6,8,3,6,54,2,5,12,3,0,35,11,41,3,7,11,0,7,1,2,1,38,8,9,9,12,61,14,16,8,45,21,2,56,0,27,0,9,21,1,1,3,0,7,10,13,11,3,1,0,0,0,1,18
"COG1849",146,63,43,20,60,50,43,63,0,77,240,14,20,31,19,0,22,48,31,22,9,13,49,2,13,10,23,40,13,13,115,59,69,27,7,37,66,169,152,64,1,218,145,72,115,118,0,58,134,22,11,61,133,62,81,126,115,58,34,107
"COG1850",1004,2036,1180,938,2887,1265,1529,993,1139,5547,2517,1445,3619,3027,758,2797,1093,2200,1593,2182,147,4320,308,429,1970,5181,5144,1508,5358,651,1634,1089,1229,1322,1476,1172,1036,2082,2178,1228,382,1145,1068,3547,586,2868,712,3042,474,3887,1201,6392,1006,3879,7584,1083,2605,185,813,328
"COG1852",27,11,20,56,172,15,48,39,5,77,9,33,51,85,1,0,73,187,134,14,21,1,1,2,6,7,3,39,5,36,41,119,81,77,79,6,45,30,19,278,0,134,4,5,219,6,1,45,0,11,2,19,136,15,36,77,11,2,1,127
"COG1853",3278,4520,4000,3351,4976,4153,4788,4240,4720,10754,2704,5517,9981,7106,3114,5948,3547,7381,3672,8943,4148,7515,2799,2571,4913,8573,10530,3511,10980,3753,4226,3460,3463,3697,7193,1868,3227,6195,5336,3532,1996,4990,3756,7264,3755,5503,3142,7879,2985,8569,4345,13715,3574,8006,11890,4794,6952,2741,2394,3076
"COG1854",19,0,0,16,2,0,5,0,15,31,32,0,1,1,3,0,35,14,9,0,883,17,0,2,20,2,0,15,6,146,17,2,3,15,4,111,18,2,0,2,1,4,0,1,9,10,69,1,4,1,6,4,10,59,20,1,0,0,30,10
"COG1855",1421,1734,854,135,904,928,937,1303,4,796,1804,203,301,364,1340,11,148,507,348,149,70,65,377,0,167,183,191,162,95,54,336,313,501,277,84,103,82,664,718,242,233,1333,410,206,1347,447,0,243,1311,86,54,203,532,120,311,907,505,253,63,1502
"COG1856",631,24,14,12,5,10,75,77,0,26,539,0,60,4,54,0,63,66,483,17,14,41,0,11,0,3,64,102,35,15,189,925,4,11,29,0,125,67,147,621,0,115,1,46,27,1,0,54,30,28,0,37,958,46,0,33,109,3,6,165
"COG1857",0,0,0,0,2,0,0,3,0,0,0,1,0,0,0,0,0,3,0,0,0,0,0,0,0,0,0,1,0,0,0,0,17,0,4,0,5,2,0,0,0,0,0,1,1,0,0,0,0,0,0,0,0,0,0,0,0,0,0,0
"COG1858",4276,1314,1572,2068,2073,1557,2121,1603,1068,1926,2788,1569,1601,1701,1116,6864,2059,2437,5067,822,3592,1477,1453,726,1262,659,1203,2128,1447,2865,2543,3190,2046,1619,1966,1568,2471,1484,1850,5319,1009,1821,814,1271,2241,1309,3026,1834,1814,1552,438,1692,3447,1178,993,1419,1701,1066,3821,2470
"COG1859",98,556,391,149,448,466,437,461,14,461,139,102,194,239,173,38,225,403,179,183,101,166,375,26,94,162,128,288,164,114,95,40,101,56,11,56,85,172,137,35,5,169,115,48,99,124,1,60,178,26,13,39,59,47,101,135,80,41,35,108
"COG1861",2634,1405,1667,2599,1419,1492,1547,1674,1561,1432,2343,1454,1343,1583,2072,2370,2608,1543,1604,1385,155,1531,2058,1453,1915,1505,1437,2485,1583,1620,2219,3024,1949,2547,1187,1100,2380,1814,1214,2478,1410,1497,1760,1539,2644,1611,682,1541,1180,1744,1818,1274,2796,1612,1302,1434,1182,1778,3063,3025
"COG1862",803,934,1086,997,911,1113,748,896,1172,816,878,1161,684,938,667,1636,905,766,1153,1046,889,764,984,957,1218,824,648,1061,751,1064,1102,1163,1063,946,1041,425,1032,678,829,1180,1081,705,1194,668,930,1006,652,693,809,806,1235,903,1199,655,704,965,796,1039,649,857
"COG1863",474,200,174,649,243,174,246,287,390,326,464,343,188,252,161,295,553,407,497,207,120,359,187,468,292,290,217,534,374,620,377,682,527,596,414,444,597,221,268,622,92,454,148,300,340,230,856,248,165,299,531,336,826,349,208,161,263,175,379,309
"COG1864",560,417,353,213,438,359,328,341,465,284,619,386,266,341,195,438,242,416,295,427,872,377,347,342,520,173,157,296,357,492,462,355,311,168,505,882,462,250,257,274,513,412,201,203,347,320,1386,323,169,236,304,287,440,441,364,365,239,225,301,177
"COG1865",7,0,0,12,9,0,0,0,0,37,12,16,0,22,2,396,1,7,7,0,10,0,3,0,2,0,0,2,3,5,8,2,1,6,1,13,6,0,0,5,0,0,1,1,7,6,0,0,0,1,1,4,9,1,5,0,0,1,14,8
"COG1866",6023,6575,5796,6902,6072,6023,5370,5316,4958,5310,4300,5184,3840,5127,4747,8317,6942,4849,6071,4565,4912,4095,5280,4655,5595,4886,3625,7325,3866,5370,2344,1642,2378,2085,1385,1107,2370,1516,1606,1565,1104,1878,2230,1305,2127,1872,1121,1304,2354,1266,1564,1471,1478,1341,1438,1817,1545,1838,2359,1915
"COG1867",1930,1978,980,2116,1610,1060,1635,1449,92,1197,732,297,1235,1281,1042,107,2292,888,841,419,199,427,704,22,195,387,406,2606,309,888,1660,367,2285,2119,988,161,2098,1205,1373,527,161,1682,833,300,1694,802,2,494,1232,310,72,485,412,307,667,992,1374,288,3085,1679
"COG1868",1041,447,361,2142,903,335,856,887,931,1247,848,946,860,768,247,895,1936,1182,1469,734,2464,1153,326,862,930,810,669,1926,1110,2146,1442,1094,1694,1617,1135,914,1675,743,1281,1068,150,1113,429,905,970,778,1870,920,461,1110,882,1370,909,950,774,914,1062,290,2532,1230
"COG1869",6,1,0,12,15,1,6,6,17,15,3,15,2,7,0,68,29,4,16,11,33,9,0,4,11,0,1,19,1,1,7,17,20,1,6,10,7,0,2,16,1,3,1,1,4,6,20,9,0,0,1,2,9,32,9,0,0,0,1,3
"COG1871",565,1,2,136,61,7,15,8,51,118,531,17,4,24,22,124,37,155,85,7,1686,26,9,5,14,11,1,100,108,445,42,60,28,64,20,385,223,71,10,67,5,9,10,18,32,30,20,17,136,2,24,38,80,23,51,31,15,3,256,75
"COG1872",114,75,20,534,143,24,43,79,7,50,81,40,24,42,21,5,426,49,362,12,53,40,48,8,10,31,11,479,55,396,269,275,479,383,4,183,297,28,29,452,6,18,23,22,41,21,429,15,38,11,12,28,266,45,22,48,10,34,482,75
"COG1873",21,25,7,14,36,12,16,29,0,28,11,1,7,20,30,0,20,74,24,18,3,3,14,0,5,6,6,25,5,11,21,12,39,16,2,4,19,34,30,20,0,58,48,25,25,55,0,31,42,1,9,5,13,19,27,26,19,6,2,24
"COG1874",63,733,617,535,700,627,470,418,726,508,246,985,402,462,149,2546,845,265,449,339,1183,502,163,625,713,380,261,244,365,443,419,53,516,171,588,458,666,308,469,544,447,299,284,354,338,403,1246,296,72,426,398,478,84,306,303,579,513,198,113,293
"COG1875",4840,705,503,1995,2362,515,1009,749,809,5200,12327,1917,1962,2394,1158,234,1930,1214,1758,1320,3610,1486,829,1649,1878,2744,2567,2087,1381,2568,1654,1662,1449,1407,1702,15149,2098,1287,1278,1863,939,726,1635,1693,1033,2434,4793,2399,1131,1373,479,1646,1674,3463,5949,753,1405,1566,3347,810
"COG1876",624,415,394,259,542,416,574,556,1148,2357,703,1026,1215,1080,329,588,261,1100,171,1281,1454,1353,467,645,1047,1858,4517,205,1853,590,435,51,456,506,1332,969,473,945,756,206,212,414,580,1211,369,1012,254,1172,352,1556,684,2301,58,1543,2944,470,1133,259,456,248
"COG1877",156,848,540,527,754,646,555,684,628,109,336,972,404,286,234,424,510,406,107,1071,96,1041,381,2262,362,320,312,199,710,447,228,194,521,372,642,537,472,388,500,280,200,387,254,319,128,195,1398,439,217,746,1156,757,166,465,163,622,378,152,539,143
"COG1878",1345,695,450,2090,698,466,523,876,549,497,458,808,438,586,988,256,2025,1241,900,418,258,832,302,487,654,546,386,1676,616,1156,1089,1214,1898,2038,699,111,1800,397,385,1225,147,1524,525,544,1524,609,676,467,830,722,604,927,1367,522,466,517,356,385,1871,1768
"COG1879",1017,5320,5546,4024,4272,5850,6066,4847,5440,2237,921,5042,5007,5345,5548,7266,4172,3979,3341,3803,834,5244,5208,4813,5413,4550,5372,3753,4317,2434,3948,2440,4383,3978,5364,1303,3843,5003,6035,3270,4346,5675,4360,6155,5656,4662,5606,5342,4957,4587,6899,3139,2340,4567,2312,4901,6190,4087,2630,3568
"COG1881",602,151,55,274,35,65,86,138,81,60,768,64,37,25,156,44,232,119,230,99,52,82,35,194,12,13,59,283,130,177,505,857,685,796,113,332,715,214,106,998,98,550,29,92,546,53,99,104,421,261,176,332,1035,166,40,367,135,33,879,736
"COG1882",860,188,91,19,268,85,110,44,24,76,807,11,25,65,3,2,46,30,1059,0,284,6,1,1,4,1,23,49,19,21,300,720,70,54,19,71,83,16,95,1769,1,50,7,1,13,22,2,11,2,10,23,22,1471,5,58,34,25,6,11,28
"COG1883",1233,1074,785,1607,680,815,695,877,384,482,928,494,431,526,1296,2087,1596,1070,2186,742,2648,510,642,407,360,322,358,1739,581,1990,1717,2018,1541,1501,479,836,1632,404,600,1966,862,1123,527,304,1045,400,289,397,1043,373,277,543,1930,573,266,926,544,1070,1196,1612
"COG1884",9768,10710,8708,11687,10246,8866,9617,9871,5893,10521,8105,6308,6281,7703,8870,11673,12826,10362,13028,6759,1417,6773,8305,3528,7358,6203,5903,13342,6132,7697,11020,14240,13932,11154,6765,2924,11612,9444,8785,13746,3129,12193,9861,5690,10099,8311,9179,6203,9542,5540,4282,7325,16039,5461,7103,9577,7835,7586,11893,10595
"COG1885",0,0,0,0,0,0,0,3,0,0,0,0,0,0,8,0,2,0,0,0,1,0,0,0,0,0,0,0,0,0,0,0,0,2,0,0,0,0,0,0,0,18,0,0,7,0,0,0,0,0,0,0,0,0,0,0,0,0,0,11
"COG1886",443,290,146,1584,419,165,432,525,308,548,425,380,392,296,174,347,1608,604,1117,297,890,581,125,597,303,340,440,1463,588,1214,1068,853,1255,1209,516,703,1284,457,824,818,83,681,192,443,498,284,1041,417,228,398,291,574,716,506,341,503,653,141,1246,686
"COG1887",2135,279,241,766,251,253,206,289,230,353,2086,155,192,239,296,1282,696,611,1283,222,3230,425,342,60,300,185,203,686,462,1368,649,1327,451,298,67,1185,790,205,221,1380,202,255,383,277,298,350,67,214,247,252,108,275,1438,255,287,278,225,294,575,446
"COG1889",1302,930,526,1678,545,562,563,766,7,454,479,88,218,240,677,45,1755,494,438,197,101,110,359,1,80,183,147,1931,103,729,1016,234,1649,1650,33,62,1561,453,458,228,84,903,405,174,692,369,0,200,760,49,25,135,259,137,290,522,357,155,2377,967
"COG1890",1574,1031,637,1551,798,647,711,881,10,622,1184,155,283,345,707,66,1675,612,590,207,133,170,478,1,122,201,213,1785,142,687,1078,330,1537,1559,70,81,1616,661,594,272,87,1149,567,186,951,510,0,253,864,94,45,138,389,204,370,581,379,167,1611,1016
"COG1891",110,147,100,583,137,90,116,208,77,66,54,101,63,96,500,324,466,855,153,98,119,137,130,53,47,74,142,190,105,249,104,123,435,590,120,21,189,108,150,116,234,792,76,128,289,99,0,95,200,117,79,79,121,96,84,129,155,118,63,587
"COG1892",386,0,0,2,0,0,0,0,0,0,90,0,0,0,4,0,3,7,3,0,0,0,0,0,0,0,0,0,0,0,0,68,2,5,0,0,1,0,0,21,0,3,0,0,1,0,0,0,0,0,0,0,108,0,0,0,0,0,0,46
"COG1893",3829,3242,2946,5161,3050,2940,4014,3510,2786,3095,2822,3050,3300,3011,3653,1491,4498,5530,3045,2795,6123,3701,2651,4211,2570,2739,2993,3174,3362,4406,3072,3495,4468,5003,4287,1875,3765,3361,4241,3321,2018,6411,2172,3699,4384,2803,1168,3408,2355,3465,4106,3123,3863,3035,2033,2872,4033,1947,1762,4465
"COG1894",5599,10985,10922,9041,6799,11008,11178,10537,7257,3125,4301,9169,8855,6851,12719,16396,10803,7418,13311,7021,783,7092,10315,9706,6790,6350,8218,11257,5647,6164,11321,14939,10346,11267,8419,1603,9152,9569,11540,14940,15419,9761,6301,9882,8472,6660,5443,9963,11822,8740,7530,5029,13934,7426,2664,10655,10909,8535,5624,11437
"COG1896",2173,496,316,1368,586,320,409,483,419,582,1110,436,330,331,334,334,1183,568,468,245,3139,364,178,228,463,330,227,1290,436,1863,834,619,1080,1157,475,490,1319,277,457,501,143,536,195,265,667,358,907,301,524,384,258,605,726,348,365,465,410,154,2259,628
"COG1897",758,942,689,1065,890,743,1013,878,1161,3242,599,1160,2044,1595,741,1508,1167,1673,1323,1306,1919,1984,302,570,1382,2646,2729,1342,2853,1375,1350,826,1269,1214,1957,395,1140,1278,1564,1121,307,1261,659,1841,799,1540,1302,1781,593,2295,970,3545,792,2086,3938,1105,2027,251,658,771
"COG1898",3833,1984,2394,2563,2358,2310,2165,2347,2584,2019,5703,2586,2068,2323,2400,3677,2751,2048,3038,2497,2367,2583,2829,3142,2728,2197,2152,2696,2219,2234,3128,4648,2670,2772,2405,5706,2598,2553,1946,3798,2624,1863,2651,2206,2254,2446,2798,2380,1729,2454,2975,1842,4007,2905,2173,2243,1907,2853,2166,2952
"COG1899",4831,5732,4713,5182,3961,4801,4728,5238,3494,2159,4098,3013,3719,3059,6279,1950,6122,3116,3617,3292,407,3330,4696,3825,2749,2533,2542,6238,2515,2601,4893,3465,5694,6031,2393,875,5409,4741,4481,3021,4518,4257,4146,3648,4813,3925,944,3857,5644,3340,3402,1702,2739,3224,1721,4343,3911,3958,6192,5941
"COG1900",0,4,0,1,18,0,13,0,0,1,0,0,30,1,0,0,1,0,1,0,0,0,0,0,0,0,4,0,0,0,2,12,2,2,135,0,1,64,5,10,0,2,2,0,0,0,2,1,0,23,0,55,7,0,16,1,37,0,0,0
"COG1901",455,483,321,115,368,304,384,324,12,449,949,82,158,180,129,38,163,315,122,149,76,133,253,11,70,141,122,217,88,71,81,16,68,38,15,13,64,136,112,31,0,175,103,47,104,101,0,57,101,20,10,29,53,46,83,95,64,31,20,66
"COG1902",10566,8308,7793,14941,5698,7624,7432,7860,5937,5271,7419,6753,5117,5137,4846,10346,13396,8025,15339,5417,16482,5976,5242,4725,5149,5343,4629,15651,6069,15534,12762,14015,13447,12280,6164,5922,13939,5578,7562,14610,3372,8974,4362,5140,7403,4667,11427,5220,7057,5476,5976,6685,14239,5855,3064,8246,7194,4452,10215,7294
"COG1903",1204,1080,418,2645,580,515,791,1004,936,3140,129,885,2176,1453,923,579,2771,1456,1267,1854,74,1380,146,183,803,2442,2164,2755,2151,1094,1768,829,2540,2717,1214,77,2367,1132,1027,1063,251,1336,499,1293,1604,1254,759,1526,540,1800,651,2662,773,1382,4233,1064,1347,52,3036,1720
"COG1904",940,188,165,418,321,171,375,373,459,494,506,635,298,312,146,419,446,570,306,428,3365,389,162,458,627,252,174,349,451,1027,391,169,379,201,369,443,760,233,479,172,227,288,331,260,300,330,232,334,330,231,366,406,176,332,333,358,346,181,361,187
"COG1905",1579,2580,2764,3142,2459,2879,3117,3200,2819,1004,1230,2786,2670,2485,3795,3108,3685,2422,3612,2362,272,2398,3350,2463,2231,2041,2221,3419,1962,2188,3171,3925,3467,3488,2876,657,2735,2979,3071,3877,4519,2911,2441,2948,2737,2321,2069,2988,3534,2729,2577,1468,3803,2526,936,3085,2722,3450,1865,3331
"COG1906",15,0,10,0,33,3,12,33,69,27,16,193,119,11,15,0,1,12,1,23,135,19,7,0,13,51,2,1,24,2,76,7,0,1,1,123,0,0,39,4,0,0,29,42,43,30,2,162,23,35,0,27,13,61,54,4,12,15,1,78
"COG1907",106,108,148,100,186,149,152,209,142,129,55,151,142,133,223,447,127,187,173,129,19,224,264,98,80,120,269,125,149,63,127,153,119,133,172,41,69,119,237,182,397,176,97,237,178,117,0,177,299,224,259,123,160,168,112,173,213,173,48,231
"COG1908",816,46,12,333,24,14,51,88,0,8,718,1,6,11,19,0,405,64,1309,1,4,5,0,0,1,1,1,333,2,154,633,2128,298,275,4,0,342,10,15,1803,2,132,2,0,18,2,0,1,1,1,0,1,2455,0,29,41,15,3,125,65
"COG1909",343,797,515,419,556,533,470,622,0,586,161,124,204,272,485,11,545,264,244,111,62,52,254,1,95,121,163,539,43,167,396,78,499,480,43,68,386,379,394,63,45,794,310,170,767,279,0,183,572,51,39,147,67,172,211,386,274,162,603,657
"COG1910",183,166,77,1490,196,79,201,282,151,76,237,164,196,70,220,76,1511,580,720,95,140,199,32,102,26,78,195,1178,186,741,721,1180,1273,1309,249,29,802,197,600,782,55,646,22,194,244,32,762,200,93,215,140,298,1215,173,65,172,380,22,460,864
"COG1911",175,255,146,53,195,167,178,168,0,157,188,34,86,85,40,4,99,149,58,84,29,43,118,4,41,41,47,102,30,25,147,59,115,48,16,33,74,162,154,53,3,242,96,56,70,107,0,90,183,28,16,53,80,57,97,163,85,43,20,63
"COG1912",362,844,1031,587,1412,1033,1002,1082,898,837,203,874,995,963,907,1380,538,734,722,874,92,593,1135,1206,1293,564,856,693,635,422,921,887,813,610,1397,309,685,1171,1101,870,2057,926,1072,989,1023,1020,401,987,968,646,715,690,1037,649,605,1308,894,2311,312,935
"COG1913",64,6,9,0,12,7,9,12,1,3,32,2,2,5,18,68,3,19,43,2,7,2,0,5,2,1,3,2,3,0,12,136,1,4,0,4,1,13,0,159,0,26,2,2,28,5,0,3,0,2,0,0,179,3,5,4,3,0,2,13
"COG1914",2790,2065,1704,952,2424,1808,1857,1987,2463,5813,2251,2046,2873,2971,1577,2432,1115,2031,933,1477,5490,1748,1651,1999,3967,3947,2275,968,2035,2870,1677,615,1385,740,2903,1665,2312,1681,1798,655,1261,1275,2384,1856,2357,3096,2047,2357,2322,1721,1239,2613,724,2023,7864,2017,2365,1899,2567,2008
"COG1915",2036,476,152,2253,9,179,94,446,4,6,228,2,16,24,772,5,2382,169,602,2,25,2,40,0,1,0,2,2531,1,879,1236,394,2094,2258,10,4,2060,50,51,416,162,448,4,1,729,11,0,2,681,1,0,3,201,3,15,261,25,7,3135,880
"COG1916",831,1299,742,828,1012,765,1023,999,22,797,1058,166,456,435,300,21,1026,698,941,346,173,248,560,87,141,253,362,1128,240,500,1009,839,1052,722,183,397,973,936,952,649,18,1151,610,335,694,594,114,402,740,151,64,285,809,336,433,759,635,223,331,1108
"COG1917",1149,692,507,1464,638,563,537,730,478,455,890,446,345,467,1009,243,1480,1072,783,769,891,368,526,748,612,246,272,1259,382,1247,814,907,1529,1402,552,367,1787,452,307,993,253,1092,439,288,1064,440,974,299,799,370,551,429,1041,341,458,941,335,470,1523,1170
"COG1918",189,13,7,110,31,2,26,13,32,48,186,37,17,33,15,6,108,37,144,17,23,13,8,33,4,10,7,189,8,75,112,171,143,90,27,51,98,36,34,200,7,60,10,5,47,4,1,13,7,9,7,9,196,24,24,26,36,9,81,41
"COG1920",791,771,555,1810,447,550,566,705,258,231,98,235,365,442,1141,61,1847,732,700,471,106,223,381,251,374,333,472,1845,210,833,1114,383,1754,1804,356,85,1713,621,417,595,806,1116,389,529,1115,388,1,443,907,300,175,179,350,366,137,608,366,758,1691,1355
"COG1921",2445,1879,1862,4082,2033,1799,2433,2797,969,932,1906,1203,1898,2078,4465,485,4580,4481,3506,1903,590,999,2425,1268,1391,1219,1819,3571,968,2444,2778,3713,4431,4074,1330,653,3152,2469,2602,3528,2485,5759,2287,1662,4026,1718,206,2185,2567,1280,557,1070,4095,1555,949,2512,1966,3215,1533,4818
"COG1922",231,395,466,204,716,451,845,528,711,518,279,594,1132,924,630,557,150,386,266,589,1019,362,811,706,592,478,767,117,401,382,289,215,173,152,1346,589,311,830,934,285,1823,393,660,842,460,567,1377,837,608,710,637,378,280,528,337,552,1016,790,270,388
"COG1923",335,187,140,295,181,157,147,185,208,195,246,195,128,167,120,383,198,279,205,169,718,178,130,139,158,138,86,174,199,508,155,170,160,241,248,420,350,137,153,175,96,212,95,115,200,139,530,140,179,207,180,263,192,192,133,190,164,93,315,201
"COG1924",3972,3,3,125,9,2,92,13,0,5,3796,2,1,4,10,1,192,14,4509,2,12,2,9,0,1,0,3,210,15,106,1475,6960,143,115,1,16,173,9,24,7416,0,5,2,0,15,2,1,3,4,5,0,9,8633,9,4,2,9,0,45,66
"COG1925",395,220,253,672,461,239,350,324,295,366,339,339,318,357,281,372,413,437,367,251,843,271,233,386,337,255,272,421,322,709,375,333,342,350,479,818,586,299,323,398,687,277,274,353,380,291,780,366,305,243,174,252,401,462,193,320,311,496,346,316
"COG1926",355,1,0,60,12,0,2,1,1,8,127,3,1,2,0,0,57,5,24,0,1,2,1,0,1,7,1,97,5,93,5,31,16,7,3,3,11,6,0,22,0,0,0,0,0,2,86,0,1,0,1,0,47,0,2,0,0,0,101,3
"COG1927",9,0,0,35,0,0,0,4,0,0,6,0,0,0,0,0,33,0,6,0,0,0,1,0,0,0,0,8,0,10,1,14,28,37,0,0,4,0,0,6,0,0,0,0,1,0,0,0,0,0,0,0,30,0,0,0,0,0,20,10
"COG1928",147,278,279,230,85,281,255,187,92,20,71,141,127,58,103,140,258,143,190,85,15,343,91,41,80,110,86,329,246,127,160,138,328,130,52,12,217,96,141,274,59,91,36,116,91,31,3,92,187,219,161,266,232,128,35,121,100,26,35,105
"COG1929",208,285,362,403,445,369,436,437,247,152,78,208,344,368,586,628,370,456,412,305,150,162,463,478,315,182,227,419,148,335,1247,774,1634,1209,887,1013,1312,1185,945,677,2205,1591,1447,925,1438,1119,467,998,1621,561,609,294,676,762,389,1521,690,3049,793,1393
"COG1931",243,297,121,580,67,169,87,283,0,212,29,1,9,68,349,3,661,86,164,16,10,0,59,0,7,13,5,679,1,253,388,47,599,606,8,8,591,117,92,63,64,233,17,4,476,7,0,10,385,4,0,8,25,3,10,192,81,29,834,476
"COG1932",807,1583,1672,1813,1427,1722,1594,1583,1395,1130,818,1497,1293,1414,1198,1883,1956,1092,2099,1358,824,1283,1601,1546,1693,1211,1194,2159,1047,1339,6371,6263,6074,5490,3952,1465,5374,4422,4444,5901,3758,4018,4414,3774,4199,4060,2459,3793,5077,3853,4914,3522,5756,3238,2526,4738,4207,4965,3337,4375
"COG1933",5769,5742,2982,992,3649,3180,3299,4334,21,3191,10488,603,1385,1669,4072,50,1392,2755,1791,1200,588,797,2150,6,570,1046,1021,1817,725,542,2028,1232,2502,1229,340,1409,1233,2870,2934,1188,832,5166,2308,1096,4440,2252,94,1293,5143,450,204,823,2087,915,1611,3397,2032,892,507,4809
"COG1934",558,457,336,470,324,350,389,251,310,316,401,327,332,385,150,1636,322,324,672,192,1183,217,143,151,271,236,144,486,282,864,436,455,400,374,508,404,564,300,314,581,346,303,104,168,303,153,408,287,301,345,142,384,451,220,171,260,372,117,501,355
"COG1936",1052,839,493,1431,492,500,441,677,13,381,348,101,160,214,556,44,1533,401,413,155,92,105,288,11,78,137,139,1704,106,661,934,209,1522,1463,34,48,1422,401,343,184,62,616,333,117,707,310,0,154,571,62,26,118,214,121,216,429,249,109,1906,718
"COG1937",94,218,92,618,82,98,161,126,61,88,171,179,171,52,118,204,555,184,190,338,186,266,139,470,39,136,174,416,240,482,201,175,502,456,227,377,489,168,154,146,141,122,33,334,64,50,363,155,103,136,77,148,186,140,51,236,149,36,769,130
"COG1938",1958,2172,1228,1582,1281,1360,1331,1739,10,1134,1073,262,554,618,1364,20,1951,882,793,492,224,248,807,6,254,457,383,2288,255,812,1605,323,2006,1671,119,203,1866,988,1112,302,164,1887,945,393,2009,867,0,476,1921,126,88,328,388,396,649,1311,755,359,2483,2209
"COG1939",7,176,79,149,206,100,229,128,92,1156,17,320,457,474,65,16,162,295,177,415,16,416,30,39,306,890,721,181,595,68,170,90,159,163,305,20,60,266,372,162,1,127,196,379,64,451,0,381,29,588,174,919,71,438,1613,175,452,5,55,24
"COG1940",5809,4797,4477,5665,5072,4327,5174,4749,3169,2560,3829,3383,4826,4310,6130,2428,5770,4539,4953,3393,5916,3852,4539,4476,3261,2816,3790,6121,3312,4554,4560,5207,5455,4804,4973,1508,5548,5048,5526,5409,6539,5048,3988,4473,5035,3600,4134,4419,5243,3382,3094,1987,5449,3314,1691,4874,4897,6490,6046,4581
"COG1941",226,2,0,1,21,0,0,1,1,17,214,1,1,13,0,0,1,1,1,0,6,2,1,7,0,0,0,3,3,5,3,107,4,19,1,6,3,3,0,3,0,0,2,0,0,8,1,0,0,2,4,5,190,1,11,0,0,1,26,1
"COG1942",7,65,78,57,61,71,78,116,195,29,12,78,92,46,161,19,25,81,10,168,133,131,130,354,88,84,41,26,93,55,65,27,42,111,208,242,75,288,118,22,75,183,261,305,186,257,75,292,302,307,736,121,31,336,97,257,123,303,100,155
"COG1943",2638,111,58,1056,228,68,166,161,270,268,2282,180,140,175,114,73,820,375,748,123,1988,146,82,89,104,61,84,814,220,1766,532,1905,726,1495,229,708,1420,215,140,1046,107,284,55,63,244,69,1067,158,249,74,49,263,2652,176,137,130,136,57,1785,244
"COG1944",391,31,4,602,98,12,58,39,176,281,649,40,95,150,95,764,147,191,169,16,298,85,111,24,39,55,20,249,239,1080,119,59,94,143,52,925,569,68,17,141,54,138,19,46,145,23,337,72,120,37,144,151,100,285,64,10,17,8,1363,52
"COG1945",466,375,92,512,27,117,108,255,0,35,79,0,16,30,488,4,613,213,311,126,22,11,46,13,8,25,18,665,11,274,328,325,524,519,23,13,497,95,87,453,60,285,77,56,515,52,5,45,309,14,2,15,351,23,28,171,58,15,701,587
"COG1946",1465,1698,1652,1764,1378,1686,1676,1593,2135,1149,1202,2077,1192,1627,1191,2508,1177,1578,924,1947,4158,1658,1639,2685,2167,1690,1074,1741,1505,2901,1380,506,1368,1256,1536,1431,1941,1249,1337,698,1178,1530,1790,1195,1615,1702,1369,1213,2057,1183,2273,1513,582,1310,1015,1856,1375,1743,1580,1146
"COG1947",2625,3328,3656,2747,3332,3569,3477,3353,3652,5005,1935,3794,4126,4283,3582,3887,2978,4170,3651,4274,2212,3942,3681,3424,3946,5035,4643,3001,4223,2417,1070,1191,1059,944,1403,429,868,1239,1194,1129,1005,1186,1515,1358,1173,1317,700,1376,1186,1351,1333,1504,1203,1296,1838,1282,1282,1406,605,1180
"COG1948",2949,1015,584,1493,1490,534,540,826,115,1387,3059,501,348,660,744,210,1510,477,351,201,84,391,362,395,321,224,259,1630,217,592,962,514,1440,1560,208,4357,1474,504,684,353,1894,898,615,202,1031,534,565,298,560,354,148,282,834,618,443,621,415,396,2022,903
"COG1949",786,1539,1335,1052,977,1356,1115,1082,928,815,623,1153,746,1036,1046,2248,1011,1416,1232,1162,1473,980,1266,1255,1076,1036,810,1347,803,1312,1339,866,1231,885,808,601,1152,916,1017,834,923,1549,1414,963,1245,1156,108,776,1409,720,1209,751,825,899,668,1179,977,1091,1161,1409
"COG1950",24,32,7,65,16,10,16,9,16,53,13,15,6,19,13,4,42,65,32,3,3,48,1,8,4,10,1,32,35,15,25,11,33,27,9,3,30,11,3,43,3,47,4,1,26,15,0,3,7,35,6,9,8,5,34,5,2,0,3,36
"COG1951",2111,1180,824,2058,1048,801,1016,862,711,916,1333,939,854,649,378,2139,1754,1406,2696,761,3251,1009,293,853,374,457,716,1842,1106,2867,1800,3031,1882,1808,1575,1078,1996,686,1091,2572,769,1845,164,983,1115,308,2460,839,777,841,650,1265,3271,831,366,1042,1122,277,2973,947
"COG1952",704,477,370,525,461,367,414,451,537,472,509,628,370,394,322,840,363,504,407,382,1263,492,314,413,513,326,334,416,537,947,408,396,376,411,580,687,625,317,412,481,511,508,235,426,447,332,1093,379,455,474,388,547,494,416,259,451,435,271,535,468
"COG1953",1495,4059,4913,1965,3944,4584,3759,3739,3912,1264,773,3615,3055,3407,4225,2192,2178,1859,2166,2895,1492,2944,5204,3990,3079,2122,2478,1751,2365,2199,2649,1032,2052,2825,3176,1634,2134,3664,4687,2050,7915,1976,4234,3459,2950,3936,370,3286,4345,3486,4006,1306,772,3327,1085,3789,3817,5204,1532,3351
"COG1954",0,0,0,22,1,0,0,0,0,0,0,0,0,0,7,0,0,16,0,0,0,32,2,0,0,0,0,3,21,2,0,0,0,0,0,0,1,0,0,0,0,0,0,2,0,1,1,0,0,1,0,0,0,0,0,0,0,0,4,0
"COG1955",64,235,258,123,1137,184,392,620,5,508,52,139,319,292,347,1,132,625,292,263,175,116,370,0,138,351,146,71,154,84,365,49,217,140,17,139,77,462,667,151,4,625,731,190,316,729,0,237,213,83,51,184,30,198,549,517,298,255,13,355
"COG1956",593,269,290,230,560,277,239,243,381,500,621,322,266,278,243,608,259,322,122,236,1033,204,417,322,447,217,128,201,234,749,287,189,255,163,320,539,538,287,238,62,287,206,704,215,276,419,810,219,406,168,165,333,222,216,351,277,202,732,971,222
"COG1957",991,1809,2157,2380,2297,2030,2122,2417,1448,774,680,1489,1920,1863,2085,764,2574,1948,1977,1533,2451,1190,2088,1282,1739,1423,1758,2277,1065,2102,2104,1387,2605,2333,1956,504,2129,1971,2313,2048,6828,2276,1677,1870,2148,1674,1378,2030,2765,1374,1254,1106,1380,1363,725,2911,1932,3197,1092,2287
"COG1958",944,717,245,893,441,241,186,402,0,17,768,24,86,89,450,144,1007,141,247,5,27,137,27,4,7,29,47,1011,8,369,501,199,938,938,22,5,931,51,212,111,109,329,1,1,478,41,0,34,312,92,3,26,198,24,26,212,68,8,1223,564
"COG1959",3167,2275,2437,2038,1913,2353,2207,2255,2038,1088,2989,2088,1755,1983,2685,1626,2131,2070,4081,1849,1288,1935,2555,2053,1817,1678,1617,2297,1695,2144,2624,4525,2136,2187,2013,919,1985,2193,2096,4488,2868,2041,2182,1977,2215,1999,3116,2006,2446,1898,1850,1316,4485,1910,1006,2041,2017,2411,2000,2421
"COG1960",34355,55265,54586,58729,51325,56225,54060,53803,49932,36969,27697,49778,40629,49931,47020,57166,53764,55226,52123,48374,46843,47292,52626,44329,51123,45868,37397,59907,41712,58197,51338,44215,58019,53664,42535,28531,55740,46201,48277,48607,41370,62708,51047,41975,56734,49515,49992,42931,58291,43576,52582,45474,48419,41060,29357,55572,46008,57736,42924,49218
"COG1961",9488,1118,780,3912,2551,826,1144,1356,3047,5803,11250,3163,2579,2855,2068,1663,2761,3951,3184,2839,5108,3809,851,1412,2092,3452,4159,2402,4404,4116,2117,6650,2751,4031,1940,16932,2475,2023,1880,4820,1019,2249,2121,3314,1950,3183,12613,3268,738,2516,1594,3495,6910,5065,7793,1905,1716,931,2353,2283
"COG1963",139,280,112,4,341,141,309,150,320,1424,123,387,585,703,96,3,26,334,48,567,16,502,49,69,426,1185,751,24,718,11,116,34,21,65,569,30,12,346,387,78,9,188,246,398,87,564,0,446,75,625,287,1068,52,451,1974,230,502,9,5,45
"COG1964",1188,1006,332,1694,435,369,276,989,206,178,5343,200,185,166,1508,18,1947,409,1514,248,100,92,92,310,99,496,298,2356,68,796,1438,964,2016,1881,82,1212,1596,112,154,1319,365,688,259,431,1584,301,666,268,1279,105,47,43,927,296,298,745,120,172,2302,1959
"COG1965",44,84,55,205,103,47,77,75,52,68,98,67,67,44,15,408,194,56,158,50,63,88,18,70,35,35,71,186,108,194,131,96,174,171,57,208,160,46,161,116,14,85,17,51,44,34,150,52,28,67,88,97,91,67,40,73,100,12,186,45
"COG1966",4841,815,618,1805,600,728,711,806,400,925,3390,499,381,614,882,183,2127,1654,2276,394,6069,202,584,416,437,320,205,1987,476,3509,1475,2565,1734,1391,388,1430,2370,641,222,2791,679,1128,685,110,1247,487,299,456,1546,118,140,315,2747,462,383,605,253,536,3407,1775
"COG1967",213,873,560,222,589,568,658,605,6,742,276,142,259,308,267,4,326,571,278,247,128,85,354,4,162,244,150,506,87,186,420,102,456,205,54,101,300,736,463,222,11,909,583,248,450,525,0,291,469,71,49,176,111,212,434,514,331,170,150,510
"COG1968",3492,4800,6235,3383,5312,5819,4894,5262,6598,4703,4145,6032,5600,5494,5396,4854,3657,4471,4872,6097,2292,5630,6572,6322,6138,5431,5509,3597,5200,3290,4868,5231,3607,4251,6263,1673,3608,5831,5631,4775,6798,4515,6423,6138,4758,5750,2212,5568,4724,6266,6188,5047,5007,5403,5464,5619,5915,6988,3134,4755
"COG1969",262,0,0,19,14,0,6,2,29,34,287,1,2,8,4,0,11,10,57,0,920,26,1,0,14,1,0,16,8,171,33,208,3,10,3,23,20,11,0,74,1,0,4,5,19,19,123,2,16,1,6,13,234,7,25,2,1,2,55,7
"COG1970",67,250,234,254,284,255,326,321,289,199,214,306,322,272,204,191,188,177,70,258,87,226,306,586,208,211,303,116,210,400,187,41,247,136,481,317,357,298,320,45,868,154,304,329,181,257,705,278,310,257,195,180,54,268,124,313,227,511,666,185
"COG1971",319,0,0,48,20,1,8,13,41,43,183,2,3,9,12,2,61,35,17,1,897,16,56,3,24,5,2,36,33,382,44,28,15,27,17,220,140,60,3,7,16,7,4,6,8,19,50,6,56,25,7,29,21,51,47,15,3,6,739,18
"COG1972",2938,2598,3197,1907,2829,3095,2691,2561,2763,2390,2447,2806,1983,2772,1788,3112,2343,2273,2748,2801,3304,2150,3498,3570,3997,2451,1706,2505,2043,2648,2801,2289,2651,1658,2322,1068,2590,2494,1728,2492,1843,2168,4262,1544,2765,3119,1426,1732,3581,1608,2428,2260,2403,1851,2400,2573,1974,3456,3043,2344
"COG1974",4036,5349,6422,3746,5405,6246,5893,5730,6728,6037,3823,6466,6595,6800,6772,5347,4058,5080,4384,6095,4173,6533,7486,7534,6879,7646,6821,3782,6334,4044,1656,1725,1197,1444,2322,894,1226,2135,2166,1607,2514,1657,2369,2385,1745,2442,990,2158,1910,2314,2571,1955,1512,2162,2335,1874,2191,2506,1203,1744
"COG1975",3178,3514,3571,5198,3113,3427,4052,3531,1789,2298,2551,1888,2645,2641,3783,3324,5701,3913,5506,1950,3644,2125,2859,1368,2556,1980,2243,5014,2191,4477,1551,1706,1856,1766,978,423,1590,1112,1361,1933,373,1474,718,789,1207,813,684,977,1029,901,479,849,1662,756,522,1155,1197,886,933,1534
"COG1976",726,960,503,1531,614,541,540,748,2,461,393,68,223,293,789,16,1649,456,430,195,91,110,374,8,90,185,159,1834,110,655,1023,164,1619,1489,59,94,1492,559,434,192,81,949,463,164,940,361,0,201,900,51,32,130,138,137,276,593,326,151,2036,1016
"COG1977",987,662,425,1598,393,381,491,686,286,328,308,311,332,369,1394,412,1725,1147,988,323,818,331,328,152,268,275,307,1679,284,1003,941,838,1516,1611,480,168,1378,400,503,954,243,1251,243,304,1676,269,208,351,651,314,247,333,719,384,204,477,471,317,1571,1590
"COG1978",234,90,92,8,222,102,90,115,270,106,1247,299,110,120,136,66,8,58,7,207,17,204,132,437,269,123,92,13,160,13,94,22,6,14,233,1231,4,63,93,2,258,65,157,128,88,163,302,171,71,121,272,131,16,246,103,171,98,135,10,58
"COG1979",977,1,2,227,23,3,30,9,99,145,590,12,4,29,56,329,106,243,104,12,2694,61,29,7,58,24,12,84,157,954,72,79,31,80,9,527,355,18,4,65,25,14,4,14,19,29,83,20,257,38,8,69,54,176,65,20,16,2,639,37
"COG1980",1198,707,180,1837,11,196,141,571,0,5,228,0,13,12,1271,6,1898,564,433,2,31,0,47,0,0,0,3,2124,3,676,940,224,1693,1846,13,2,1581,66,52,112,129,724,0,4,787,0,0,6,902,6,0,5,183,1,0,320,24,14,2518,1311
"COG1981",792,2044,2283,1104,853,2184,1980,2122,912,601,911,2344,2654,786,2180,2901,1072,2118,1499,2892,1099,2920,1808,2830,531,1092,3425,1010,3654,1342,1377,1608,1009,1457,2715,575,1243,2473,2366,1431,2224,1454,508,3068,749,381,1194,2719,1868,3625,2043,3798,1277,2799,228,2153,2703,875,1472,1289
"COG1982",1538,188,180,342,562,222,698,346,1157,4303,977,1171,1987,1865,376,131,139,1541,341,1942,3152,1878,187,309,1187,3119,2938,175,3242,1900,400,96,70,371,1451,1482,672,1431,1078,236,26,348,579,1730,250,1545,2023,1660,373,2352,945,3891,75,2042,5563,486,1680,18,2076,106
"COG1983",543,18,7,104,31,9,12,13,44,62,572,20,14,17,15,16,60,97,293,13,864,19,4,30,39,3,7,134,58,391,105,279,110,47,16,155,148,22,6,458,6,10,7,8,23,8,206,12,103,5,4,21,384,12,10,20,11,54,197,24
"COG1984",1912,3418,3980,3374,2867,3770,3080,3303,3657,1634,1922,3229,2665,2794,4459,3078,3401,2530,2955,3051,2273,3151,4373,4382,3013,2095,2304,2996,2825,3857,3194,2758,3101,3538,3004,2086,3916,3556,2926,2911,4478,2402,3470,3094,3043,3013,1646,2953,3765,3320,4359,2181,2408,3045,1223,3214,2833,4026,2779,3648
"COG1985",3001,6928,7971,4738,6999,7647,6879,6873,7765,8496,1935,7926,7688,7598,6632,4924,4885,6640,5023,8432,2751,7118,8294,6680,8344,8948,8512,5244,7661,3892,5959,4610,5158,5165,7260,1899,4743,7606,7503,5180,8219,6728,8953,8202,6861,8218,2045,7759,5755,7795,8069,7844,4307,7457,9476,7386,8009,8644,4750,6372
"COG1986",652,99,99,68,157,108,74,63,175,144,487,44,115,116,133,48,46,173,88,81,1431,113,230,63,216,91,25,46,97,453,92,39,39,45,58,223,174,89,41,27,110,66,385,55,113,161,8,65,302,44,45,63,51,36,130,141,38,358,206,40
"COG1987",242,70,36,267,162,61,113,87,134,202,203,179,131,123,33,201,189,183,196,104,613,206,59,188,143,134,128,221,199,407,189,124,156,164,187,339,209,106,199,136,29,178,60,159,148,117,228,146,84,155,147,244,124,199,147,163,178,57,563,154
"COG1988",432,985,1120,462,1565,1035,1005,1014,960,984,804,1198,831,1030,491,1764,259,783,218,934,331,869,923,858,1251,956,687,221,877,726,464,181,353,326,994,855,533,891,839,236,760,1029,1182,775,1080,1094,798,767,787,968,851,1166,322,878,1060,1040,890,1427,757,436
"COG1989",2349,1686,1656,2167,1692,1593,1847,1520,1754,2104,2165,1970,2055,2084,1677,1679,2073,1880,2830,1986,2409,1816,2137,2247,2181,2433,1830,2083,1776,2191,2149,2796,1948,2149,2507,927,2007,2197,1843,2927,2051,1624,2940,2181,1862,2333,913,1831,1967,1581,2581,1734,2727,1870,2154,1548,2154,2218,2517,1830
"COG1990",781,637,306,741,490,289,323,547,13,359,606,100,152,198,352,15,790,286,263,172,65,78,262,1,81,136,103,881,101,284,548,167,799,772,33,55,720,319,353,136,56,492,293,126,544,291,4,149,555,72,36,116,201,124,236,327,224,100,998,534
"COG1992",876,808,362,1734,471,313,197,819,2,168,105,92,95,129,1016,4,1738,462,717,142,30,30,176,1,51,80,64,1929,49,780,1003,372,1682,1709,17,46,1610,196,275,399,178,645,259,106,1123,253,0,97,694,33,45,55,175,90,221,512,150,119,2315,1369
"COG1993",15,0,2,11,7,1,2,3,0,0,3,0,0,0,2,0,3,9,53,0,0,2,0,0,0,0,0,10,0,1,9,62,8,8,5,1,2,8,0,26,0,0,0,1,0,0,0,0,0,0,1,0,21,0,4,1,0,0,2,7
"COG1994",2330,1780,1253,1849,1579,1307,1841,1623,1277,4471,2378,1117,2486,2239,969,1167,1941,2430,2433,2016,313,1918,1068,430,1247,2665,3032,1874,3102,1443,2069,2349,2193,2281,1377,461,1660,2329,1861,2718,509,1927,1779,2128,1391,1951,1218,2175,1267,2377,945,3792,2697,2344,4705,1550,2172,710,1672,1753
"COG1995",2284,5591,7025,4313,5722,6796,6138,5662,8115,6254,1862,7682,6915,6908,5272,7616,4416,5094,4694,7544,2367,6852,7314,8884,8079,6814,6567,4202,6472,3743,5483,4097,4232,5037,6866,1696,4423,6214,6150,4600,6247,4942,6830,6640,5845,7014,2581,6593,4393,7404,9137,6346,3562,6002,7102,5955,6875,6871,3340,5213
"COG1997",539,328,171,176,211,203,248,275,4,183,703,14,114,86,176,20,235,165,125,108,51,67,144,0,18,93,62,288,49,101,248,116,214,199,22,22,191,209,201,90,12,315,168,82,206,134,0,116,263,16,16,38,177,71,107,199,142,54,287,278
"COG1998",308,101,58,241,111,76,54,115,5,25,320,2,26,36,98,11,287,44,72,21,8,36,30,3,6,19,11,309,3,122,170,66,279,259,0,10,242,18,68,36,17,87,41,28,140,40,0,20,106,18,5,13,117,13,44,85,32,14,418,151
"COG1999",2382,4574,4715,2918,4780,4728,4111,4864,3848,4045,2389,4327,3150,3770,3226,7151,3111,3836,4711,4375,2696,3485,5484,4460,4567,3160,2566,3321,3077,3219,4476,3602,3573,2620,3541,2069,3424,4362,3548,4051,3331,4093,5481,2755,3646,4441,3496,3007,4694,3174,3757,3583,3507,3041,3469,4601,3340,3835,3620,3798
"COG2001",1819,2826,3494,1760,2783,3420,2979,2922,3406,1657,1560,3254,2709,2719,3107,3271,1851,2057,2648,2960,1317,2748,3479,3330,3137,2361,2351,2127,2162,1670,2551,2978,2028,2265,3148,866,2005,2834,2786,2664,3779,2285,3372,2821,2720,2883,1309,2820,3347,2766,3609,1953,2825,2384,1547,2989,2706,3615,1369,2524
"COG2002",44,18,79,54,80,62,53,94,17,23,119,19,99,64,63,0,32,74,39,29,47,26,89,24,56,62,92,10,60,143,50,7,17,17,81,55,59,87,91,32,5,37,54,125,46,60,128,110,106,40,5,29,16,60,9,90,71,175,80,22
"COG2003",3766,95,64,1393,342,70,246,166,417,646,3459,385,176,193,158,1114,892,697,1479,148,2938,311,54,440,213,108,135,998,603,2237,891,2027,1172,837,331,1519,1479,220,371,1619,165,335,125,196,275,176,2158,252,290,177,185,371,2265,385,201,172,318,63,1350,292
"COG2004",132,150,113,24,191,120,216,112,5,121,108,30,91,90,67,4,38,172,114,80,34,48,141,2,27,65,83,46,52,18,78,41,51,28,21,21,31,153,190,81,2,206,179,82,88,165,0,73,117,26,4,34,52,61,90,131,119,45,17,82
"COG2005",39,91,83,249,105,71,117,121,76,102,102,132,70,93,43,63,124,205,206,97,56,118,29,115,42,73,75,201,173,308,115,190,154,153,139,256,237,93,96,198,44,154,39,72,173,44,395,85,56,158,99,172,150,105,86,64,79,44,116,281
"COG2006",1244,128,138,547,89,125,189,193,0,78,934,11,54,167,737,0,580,517,988,193,108,28,94,51,3,41,39,322,28,305,333,2020,548,611,21,31,299,74,50,2141,0,648,133,24,565,174,0,74,161,8,5,14,2541,78,206,104,29,55,45,889
"COG2007",1161,708,373,910,395,392,417,468,5,245,1228,62,173,163,364,102,901,263,292,125,68,139,209,16,61,104,121,1020,86,366,595,205,974,899,35,37,845,368,362,156,42,521,194,121,432,201,0,129,476,72,21,86,289,107,126,334,213,64,1168,562
"COG2008",1409,4329,3745,3451,3411,3845,3792,3920,2104,2813,1314,2842,2812,2634,3283,5777,3631,3889,3221,2726,765,2256,3318,2103,2452,1978,2407,3259,2062,2385,3453,3037,3820,3254,2849,1192,3031,3340,3987,2974,4956,5040,2435,2685,3547,2602,3429,2874,3210,2311,2115,2397,3060,2383,1836,3842,3453,2765,2426,3857
"COG2009",1254,1821,2387,1452,1900,2371,2222,2222,2476,890,1379,2139,2265,1919,2246,1973,1417,1354,1763,2013,1230,2364,2763,2659,2083,2043,1989,1251,1720,1189,1851,2084,1303,1603,2353,551,1223,2147,2492,2132,3047,1581,2198,2688,1640,2041,925,2346,1968,2259,2508,1348,1925,2088,835,2152,2425,2622,761,1625
"COG2010",2697,2457,2268,3181,2404,2485,2767,2362,2895,2902,2588,3722,2903,3010,1364,3071,2313,3177,4025,2937,5261,2932,1899,3070,2488,2456,2732,2366,3451,4213,2829,2538,2709,2263,3200,3224,3169,2408,2429,2988,1950,2025,2296,2516,2257,2124,5118,2490,2856,2610,3046,3669,2699,2697,1705,2119,2919,1491,3175,2122
"COG2011",34,0,1,172,8,0,1,4,32,64,42,4,1,14,22,1,37,52,5,11,114,59,9,3,5,4,11,97,67,121,8,5,20,41,9,148,40,6,7,7,4,7,5,31,6,6,203,7,9,25,8,24,5,60,7,8,3,0,52,5
"COG2012",667,677,577,616,359,599,346,396,110,207,499,414,261,231,522,142,683,334,253,147,52,257,406,232,199,166,221,621,226,306,445,120,652,676,57,325,605,296,260,123,2912,409,318,177,359,309,23,298,527,324,104,226,131,396,172,294,218,191,887,500
"COG2013",299,1220,600,395,732,656,711,653,118,937,430,323,337,563,281,227,527,942,528,364,197,219,586,125,272,270,189,591,254,621,613,331,649,338,259,603,736,858,468,363,154,990,554,288,737,540,783,398,818,113,108,268,343,330,392,505,323,241,1872,657
"COG2014",119,56,30,119,39,24,50,43,14,90,64,21,20,45,4,0,95,75,364,45,11,32,4,3,6,25,18,84,31,77,173,549,129,139,35,13,69,42,23,610,8,160,5,31,110,25,491,29,5,14,26,16,725,20,32,27,24,5,3,116
"COG2015",1151,2343,2665,2155,2203,2882,2215,2455,2929,1100,1282,2999,2088,2445,2304,3131,1697,1513,2405,2980,458,2143,2812,3573,2810,2640,2409,2503,1531,1726,2235,2822,2347,1846,2273,1135,2032,1967,2285,2548,1620,2423,3284,2701,2510,2660,1154,2180,2900,1853,2799,1445,3396,2039,1241,3678,2314,3924,1190,1657
"COG2016",524,769,384,849,474,399,507,570,5,363,140,80,186,190,413,52,992,341,293,150,65,165,260,15,77,109,120,1054,95,384,622,132,885,845,47,50,800,452,381,133,47,655,309,105,543,291,0,159,575,111,27,125,112,120,221,398,267,105,1236,567
"COG2017",1381,1890,2381,1567,2086,2307,2193,2041,2736,3483,1238,3226,2880,2544,1262,2737,1689,2523,1274,2817,3760,2335,1853,2040,3090,3005,2741,1518,2917,2094,1892,718,1813,1322,3000,1138,2346,2092,2616,1405,1887,1909,2059,2412,1888,2405,2598,2868,1090,2624,2569,3538,672,2173,4362,2409,2936,1565,1230,1312
"COG2018",1,0,0,0,2,0,0,1,1,0,3,1,0,2,0,0,1,0,1,0,0,0,0,0,0,0,0,2,5,1,0,0,0,4,1,2,0,13,0,0,0,0,0,0,2,2,0,1,0,11,0,0,0,1,3,0,0,0,12,0
"COG2019",586,333,96,865,19,93,84,246,0,37,57,0,17,28,408,0,896,192,263,44,23,9,32,1,3,5,11,940,6,321,485,107,823,852,19,1,824,101,53,79,78,261,63,30,495,53,0,33,249,8,4,13,88,25,31,151,36,10,1039,580
"COG2020",2805,853,1264,1746,1243,1207,943,1143,1904,1946,2417,1396,1281,1324,1116,432,1509,1649,1731,1929,2588,1705,1792,1200,1638,1603,2068,1853,2230,2374,1494,2088,1444,1169,1015,805,1687,1421,914,1700,666,905,2347,1713,1137,1560,1860,1547,1541,1699,1563,2143,2377,1849,2006,1270,1106,1643,2676,1021
"COG2021",2645,7553,8694,4972,5614,8898,7784,7561,8823,2465,2829,8558,6616,6535,8631,6873,5415,4848,5733,7394,3299,6663,9239,8491,6670,5833,5780,4936,5399,4477,6305,5401,5286,5944,5641,2354,5484,6706,6729,5596,10955,5600,7020,7443,6729,6398,1258,7304,8589,7116,9487,3922,4779,6283,2402,7815,6464,8138,3300,5967
"COG2022",1936,2222,2328,1889,2420,2402,2888,2515,3474,3520,1338,2919,4039,3171,3817,2735,1989,2964,2454,3962,2242,3811,2813,4940,2644,3620,3592,1769,3772,1991,2456,2711,1885,2564,3150,1271,1879,3130,2994,2641,3419,2429,2721,3736,2723,3204,1202,3641,2840,3998,4262,3545,2210,3356,4063,2583,3167,2777,1254,3130
"COG2023",603,38,9,725,1,8,6,34,0,1,446,0,6,0,23,2,680,17,154,0,4,0,6,0,0,1,5,754,4,297,349,123,738,748,6,1,594,28,17,74,39,175,3,0,3,2,0,0,5,1,0,0,150,1,0,0,14,0,983,35
"COG2025",6284,6346,6460,6258,6165,6489,6652,6724,6817,3753,4951,5821,5082,5911,7414,5034,7300,5242,7048,5839,4059,5330,7602,6359,6382,4829,4638,7387,4539,5460,6957,8757,7034,6833,5597,2162,6632,6148,6046,7439,6204,6152,7401,5444,6258,6588,3150,5388,8372,5166,7007,3945,8874,4936,3369,6658,5583,7455,6215,6565
"COG2026",373,2,0,97,20,3,7,6,22,63,674,27,8,22,21,16,53,61,79,3,890,35,18,12,28,12,10,42,38,392,28,110,12,86,25,164,71,19,35,69,14,22,9,13,14,23,72,17,47,22,18,32,182,29,28,15,24,3,221,14
"COG2027",1043,1570,1271,2432,1146,1412,1470,1633,1399,4013,1111,1717,2138,1804,1279,380,2237,2352,2697,2233,443,2352,1181,1157,1531,2500,3499,2574,3555,2032,2021,2657,2461,2144,1869,586,2133,2087,1785,2577,939,1451,1497,2355,1352,1625,1024,2072,1767,2752,1073,4291,2719,2677,4450,1760,2243,1184,2664,2012
"COG2029",35,0,3,19,6,1,1,12,0,0,16,15,7,2,7,0,0,3,1,1,0,4,17,5,2,3,1,1,0,63,7,7,0,2,1,12,0,14,0,1,0,0,1,1,4,5,286,0,37,5,0,0,2,12,0,1,0,6,396,7
"COG2030",3409,4673,4402,6148,4367,4570,4884,4789,4124,3594,3297,4452,3943,4252,4968,4199,5521,5450,4994,4674,4866,4259,4211,3301,4095,4055,4278,5964,3548,5244,4421,4871,5640,5427,4700,1967,5085,4492,4919,4803,2497,6310,3856,4014,5451,4000,4786,4298,4661,3872,4254,4032,5463,3421,2474,5079,4583,4653,3789,4991
"COG2031",718,645,559,329,573,526,446,580,564,1218,630,627,323,441,205,974,316,611,188,399,2390,628,320,355,672,326,405,240,700,1062,280,56,237,260,407,767,638,287,304,132,187,422,227,314,472,494,946,275,487,425,340,680,67,427,520,429,328,174,560,322
"COG2032",484,468,415,314,679,350,477,239,434,348,349,455,518,657,411,668,326,257,202,313,591,315,306,1038,420,197,256,234,322,647,282,62,399,226,662,2314,522,226,428,140,1954,272,397,217,302,343,1544,328,567,323,174,238,55,533,213,236,458,355,986,338
"COG2035",908,1784,2277,1480,2567,2319,1848,1978,1980,1564,1290,2369,1711,1880,1370,3568,1344,1681,1411,2095,371,1538,2306,2628,2975,1533,1470,1499,1522,1114,1868,1117,1619,1137,2666,1114,1651,2054,1850,1079,2842,1621,2447,1687,1694,1954,788,1760,1490,1562,1540,1688,1330,1604,1462,2212,1841,3126,1106,1434
"COG2036",707,605,183,424,614,227,212,282,28,31,488,98,142,151,296,1030,488,102,107,22,63,343,37,48,94,77,133,480,40,226,283,104,439,432,24,116,417,114,151,77,564,199,25,25,291,91,2,72,249,166,35,22,122,93,56,136,64,123,646,320
"COG2037",28,41,57,39,106,57,44,70,56,48,16,85,54,57,65,192,40,81,57,58,9,71,107,47,40,40,83,36,44,18,135,164,127,131,178,53,80,135,204,239,451,152,130,232,227,139,4,159,444,215,309,131,175,161,116,227,261,208,57,240
"COG2038",1331,1151,633,2776,1303,717,1268,1303,1584,3820,391,1373,2426,2218,1682,1001,2760,2320,1257,1880,289,2342,311,423,1557,2914,2766,2645,3094,1409,1805,1182,2579,2737,1821,512,2480,1615,1540,1167,290,1712,847,2107,2010,1725,2181,2014,856,2672,1471,3994,1218,2236,4574,1263,2041,316,3234,1994
"COG2039",26,198,153,184,271,120,146,141,14,335,46,18,69,142,64,7,248,112,113,87,68,38,88,5,34,28,56,258,22,124,131,18,127,93,20,121,198,138,161,31,2,404,44,26,171,59,23,74,166,25,6,61,27,67,74,149,88,51,159,160
"COG2040",3375,3607,3993,3334,3209,3958,3525,3702,4323,1620,2556,3585,2941,3414,3926,2302,4151,2762,3871,3547,979,3696,4296,4777,3644,3034,2934,4422,2732,2723,3677,4026,3766,3719,3542,652,3331,3574,3811,4290,4306,3013,4029,3948,3418,3601,664,3169,3422,3488,5329,2296,4036,3481,1616,3705,3733,4512,2349,3281
"COG2041",1739,4453,3859,5081,3721,4123,4054,4025,3411,2015,1050,3544,3082,3397,3508,3613,5086,4332,3044,2385,3116,2848,3028,1830,2899,2204,2406,4332,2449,3923,3275,2285,4891,4966,3482,895,4128,2740,4309,2907,3783,4870,2434,2722,4765,2812,2120,3121,3170,3197,1795,2951,1726,2496,1488,3544,3813,2892,1985,5686
"COG2042",671,621,367,1052,454,358,414,521,5,335,63,70,168,196,389,65,1158,340,274,128,68,72,241,2,58,103,102,1165,78,483,669,118,1049,1081,30,53,1022,367,321,139,53,538,279,114,517,237,0,165,480,37,15,97,84,115,186,353,230,94,1450,510
"COG2043",83,164,56,374,33,83,119,114,28,61,41,77,64,67,48,20,353,187,172,111,9,56,26,33,14,21,43,359,48,245,170,220,379,349,79,0,317,75,54,224,3,293,4,54,201,23,0,65,27,48,23,61,282,44,29,102,58,14,81,279
"COG2044",397,11,6,3,4,1,28,29,0,15,381,1,18,4,11,0,39,33,239,7,5,14,1,8,1,2,19,53,12,7,80,365,0,4,9,65,64,30,59,314,0,57,0,22,14,0,0,19,13,4,0,16,476,22,3,16,50,1,3,74
"COG2045",98,358,253,395,613,293,470,371,702,2943,79,614,984,1168,551,363,392,1211,313,1020,266,1091,200,186,1042,2220,1477,264,1521,273,371,81,380,466,945,165,176,832,532,285,68,754,556,863,469,1177,241,873,258,1113,523,1925,92,982,3642,414,750,463,109,492
"COG2046",3704,2432,1861,4223,1742,1885,2023,2360,1290,4723,2784,1873,3274,2915,2842,3258,4937,3213,4512,2732,221,2762,1608,684,1872,4134,3753,5118,3937,2426,1380,1611,1561,1533,710,89,1463,796,685,1501,563,825,712,875,1018,832,463,1017,808,980,470,1564,1628,967,1977,794,917,468,1341,1100
"COG2047",1229,967,514,1291,653,552,507,876,2,472,1065,95,232,262,847,4,1447,525,473,245,98,132,397,2,96,151,161,1549,130,551,842,350,1465,1275,83,77,1229,552,524,263,86,999,453,202,1009,370,0,236,951,56,39,150,447,152,268,613,366,460,1630,1049
"COG2048",1655,717,484,539,596,479,738,715,3,575,1389,97,307,332,957,3,756,977,1566,335,192,230,458,27,103,225,262,689,185,381,827,2649,624,612,77,94,656,595,663,2168,6,1509,447,224,806,402,1,301,624,104,26,209,2861,244,258,505,439,192,345,1335
"COG2049",1316,2180,2595,2658,2073,2439,2086,2116,2665,1276,1595,2339,1889,2054,2868,2023,2506,1689,2267,2034,1688,2155,2906,3148,2302,1545,1613,2230,1983,3076,2429,2270,2124,2523,2206,1837,2934,2357,2073,2254,2817,1662,2495,2294,2136,2204,1239,1992,2089,2160,2908,1461,1876,2224,978,2051,2006,2999,2165,2430
"COG2050",1809,3948,4435,3839,3653,4204,4186,4102,4485,2596,1758,4152,3567,3599,4106,3515,3255,3095,3172,3810,2756,4035,4468,4860,4220,3509,3307,3273,3641,3766,3396,3010,3144,3191,4081,2281,3256,3717,4248,2969,4472,3346,3927,4239,3338,3735,5501,3790,4708,4102,4784,3483,2928,3685,1946,4133,4007,4283,2563,3177
"COG2051",394,147,50,335,60,68,78,107,0,83,347,14,20,44,138,19,345,57,72,5,7,15,32,0,1,14,4,367,4,133,195,68,313,356,4,4,346,32,44,25,15,91,28,0,157,23,0,12,103,12,2,9,85,5,21,66,26,13,488,160
"COG2052",12,0,0,0,2,0,0,2,0,4,20,0,0,3,4,0,0,5,0,0,0,8,0,0,0,0,0,0,6,0,0,14,0,0,0,1,0,0,0,1,0,0,0,0,0,0,0,0,0,9,0,2,22,0,0,0,0,0,0,0
"COG2053",701,272,151,460,140,128,184,228,2,136,795,21,63,53,254,23,461,131,123,45,33,50,116,2,27,45,64,472,31,174,325,97,460,486,18,19,495,125,145,65,25,292,90,65,216,97,0,60,275,28,11,34,155,56,67,142,99,34,668,269
"COG2054",43,33,23,17,61,23,38,56,25,63,19,4,22,24,30,207,25,60,70,26,2,49,21,30,37,41,88,11,51,13,37,66,38,26,57,1,17,22,94,60,52,34,24,73,40,43,0,34,58,56,71,55,96,37,53,49,70,20,4,43
"COG2055",1418,6455,6633,6145,5405,6799,7206,6911,7015,2995,897,6380,5366,5853,9885,5677,6926,7483,5808,5834,762,5077,7005,8368,5971,4372,4375,5507,4132,3588,5905,4181,6646,7624,5378,1033,4935,5764,6418,4979,6195,9968,5566,5781,8439,5804,4768,5714,7579,5887,6752,3786,3478,5369,2720,6274,5886,6199,2157,9034
"COG2056",101,6,1,327,4,2,5,8,100,150,147,10,1,13,33,4,62,96,83,4,314,39,4,2,20,12,4,119,123,522,41,10,15,70,26,463,248,13,5,23,11,19,6,32,13,9,224,12,62,35,4,53,22,169,9,6,2,0,374,9
"COG2057",846,967,769,1383,946,774,840,895,961,1128,912,922,648,775,869,1535,1120,1707,741,630,1666,959,515,607,732,637,575,869,1022,1542,650,975,1149,1135,1016,593,1159,594,759,765,392,1668,319,718,1197,647,2361,612,617,843,753,1110,1104,794,623,750,733,541,1379,1171
"COG2058",820,441,205,611,172,198,299,352,1,157,863,42,84,87,343,38,738,179,200,76,46,44,132,3,38,54,79,736,43,258,420,142,702,631,24,17,646,184,213,120,42,432,162,53,330,141,0,85,432,20,16,75,210,59,112,245,134,39,891,462
"COG2059",954,580,357,1178,1051,327,682,588,706,926,716,942,1178,632,427,552,866,1436,384,2003,1212,1722,390,783,842,607,2812,551,2669,2405,533,99,607,815,2101,1360,994,1700,954,112,343,804,558,961,574,686,1177,947,391,2400,916,3579,97,1551,684,866,1179,895,1048,533
"COG2060",31,0,0,84,5,2,12,6,0,3,33,2,1,5,23,3,42,44,1,0,19,18,4,0,7,2,0,92,62,146,8,2,38,21,3,305,36,8,1,1,3,2,10,28,1,9,66,2,8,4,3,8,3,2,5,1,0,0,55,5
"COG2061",2,0,0,0,0,0,1,2,0,0,1,0,0,0,11,0,0,2,2,0,0,0,0,0,0,0,0,1,0,0,0,5,0,0,0,0,0,0,0,4,0,18,0,0,7,0,0,0,0,0,0,0,3,0,1,0,0,0,0,2
"COG2062",921,1408,1231,1000,1554,1150,1177,1291,1213,1238,832,1181,1135,1381,759,1434,805,1353,862,2740,1721,1209,1302,3165,1419,1146,1003,966,1200,1305,1130,785,751,669,3441,753,911,2596,1219,946,722,1334,1379,934,1153,1222,1291,948,1085,992,1513,1158,836,1150,1016,1979,1362,1248,751,940
"COG2063",1293,257,180,988,558,185,447,380,544,781,714,520,408,448,137,516,720,675,555,440,2434,616,164,436,526,471,352,740,679,1537,459,279,665,660,582,1030,756,292,514,360,87,483,222,538,496,448,1626,439,369,609,534,883,342,499,492,434,473,191,979,417
"COG2064",3102,558,391,601,1692,343,570,842,107,908,5641,227,466,510,336,33,583,1024,397,544,313,276,581,42,170,310,259,505,315,804,661,702,741,547,101,249,474,818,1029,425,30,892,808,601,478,914,1151,387,545,148,158,449,1106,388,748,841,487,404,1298,496
"COG2065",836,1092,1313,1119,1446,1183,1166,1237,1245,1662,855,1598,1783,1365,1234,1885,1140,1371,1504,1816,220,1379,1406,1293,1462,987,1692,1129,1811,797,1210,1175,1204,1030,2139,463,1061,1697,1232,1334,1524,1109,1354,1341,1211,1137,299,1564,1023,1560,1156,2253,1359,1439,1345,1306,1524,1874,602,1344
"COG2066",777,133,182,267,189,174,190,406,310,175,530,383,188,75,842,406,215,622,68,971,953,1200,346,834,68,102,145,129,996,822,139,62,214,289,171,883,573,351,52,31,475,126,60,152,101,49,1166,172,523,798,1555,770,69,429,73,343,72,102,750,195
"COG2067",1649,167,176,1128,731,207,255,317,615,1408,1305,405,195,607,297,987,397,659,379,197,2377,381,290,205,406,208,222,539,678,1903,355,246,348,478,267,2061,1099,229,157,297,370,191,185,321,320,429,1253,260,698,379,201,467,325,416,410,338,205,231,1047,222
"COG2068",1745,1354,1330,1808,1353,1269,1453,1530,647,942,1431,828,1252,968,1285,882,2011,1695,1799,1042,1459,973,1067,1188,675,910,1250,1750,944,1661,1398,2402,1734,1972,1625,449,1664,1658,1981,2227,1613,1882,921,1495,1381,946,1337,1388,1104,1114,700,922,2375,1191,584,1454,1745,1408,882,1818
"COG2070",1967,7211,6885,6602,5634,7282,6155,6132,6806,4232,1600,7391,4958,6689,4381,8449,5895,4902,5409,6815,1509,6137,6725,9046,7564,6859,5217,6382,5262,5211,6229,4809,6568,5806,5280,1929,6023,4718,5972,4337,4095,5594,6749,5500,6289,6866,7447,4454,7467,5056,9694,5670,5063,4968,4096,6436,5964,5797,4590,4581
"COG2071",1675,2225,1885,1718,1857,1896,2004,1955,1950,1797,1441,1519,1451,1990,1962,1605,1730,2275,1930,1500,416,1491,1759,1315,1870,1519,1587,1985,1336,1453,1842,1899,1733,1670,1665,977,1696,2013,1974,2104,1907,2934,2094,1868,2567,1850,1940,1816,1696,1515,1701,1308,2122,1420,1175,2050,1796,2186,1726,2446
"COG2072",2506,12043,11727,11681,9500,11891,11474,11057,9762,6848,2258,10923,8501,9783,11113,11532,9924,12584,6633,10378,3063,10736,10841,10546,8936,9097,8549,10407,9521,8707,8195,3585,11023,11683,10264,5471,9657,9644,9158,4163,8619,14783,8748,9449,13309,8594,7345,8974,9358,10293,12162,9834,3202,9211,5143,10522,9433,9606,5467,11275
"COG2073",1335,1310,591,3346,1052,743,1188,1285,1341,5743,162,1605,3215,2667,1374,571,3708,2209,1347,2561,102,2485,207,204,1625,4550,3292,3497,3819,1456,700,303,1086,1202,783,185,1025,609,508,431,102,508,287,724,579,796,320,830,298,1000,342,1574,334,811,2639,429,761,26,1324,593
"COG2074",96,181,154,918,391,149,378,447,9,336,88,90,192,212,107,80,940,353,755,98,90,120,188,26,51,138,178,927,119,472,743,509,882,802,76,63,792,378,470,670,7,689,277,136,277,303,0,169,149,56,32,100,515,133,251,340,301,110,309,468
"COG2075",380,263,133,314,185,158,127,215,6,95,268,32,64,85,166,45,385,113,112,60,29,75,64,4,20,51,54,435,29,138,217,69,364,328,17,13,353,111,126,53,24,245,111,46,226,98,0,56,233,31,5,26,70,41,59,152,95,39,446,272
"COG2076",1003,2223,2512,883,2265,2521,2014,2150,2497,1214,620,2299,2180,2309,2322,1614,1051,1293,1139,2001,1375,2022,3003,2450,2265,1891,1806,874,1694,1073,1539,915,945,1320,2203,973,1040,2258,2429,883,2934,1372,2900,2451,1885,2495,665,2042,2424,2136,2720,1183,714,2120,1025,2215,2252,3055,806,1568
"COG2077",328,218,187,423,147,166,88,160,227,301,356,130,92,191,205,385,307,254,160,177,523,101,239,156,145,117,87,253,168,692,161,107,295,226,141,454,487,148,82,89,363,151,390,94,301,139,81,123,415,87,43,93,70,115,178,230,102,158,871,613
"COG2078",1692,81,16,800,44,20,58,96,4,43,3743,26,37,57,36,17,817,67,534,39,23,99,5,89,9,12,52,804,64,348,509,763,633,660,25,18,686,46,96,669,14,155,4,33,115,10,182,37,25,57,10,45,758,48,18,61,67,5,875,220
"COG2079",2000,7376,7220,6874,7582,7300,8652,7984,8982,4374,1657,7485,7926,7406,9455,4242,6763,9797,5024,7253,936,8572,8356,13126,8145,7438,6455,4828,6419,3979,5692,5368,6566,7937,8295,1379,4553,7628,8922,5086,8342,10918,7650,9078,8695,8054,3131,7914,8230,8241,12591,6025,4631,7884,3818,6953,8219,9108,3412,7346
"COG2080",4822,3136,2066,7006,3013,2187,3533,3690,1069,1993,3628,1959,2294,1764,3236,1364,7272,4766,7768,2070,3150,2399,1528,1003,1063,1410,1938,6679,2264,5418,5396,8745,7226,6383,3046,784,6500,2846,4197,8589,635,6208,924,2355,3974,1131,2575,2361,2959,2004,879,2481,9565,2063,1041,3846,3122,2805,3183,4900
"COG2081",1246,3050,2131,1174,1316,1822,1151,1567,2401,4595,1203,4379,2754,1955,812,8747,591,2617,624,2745,3483,2461,554,813,1988,3087,3571,580,4112,2669,849,210,729,1157,1979,1445,1308,1526,1428,449,4728,1093,744,2422,795,1770,3393,2550,882,3215,1356,5366,367,2611,5372,2435,2017,169,3030,723
"COG2082",832,662,325,1524,480,380,468,688,756,1676,131,659,1233,817,664,337,1609,910,676,1271,61,1092,118,194,732,1319,1431,1722,1582,707,324,215,531,495,264,47,457,204,187,216,39,244,97,318,301,249,226,369,128,374,274,601,222,316,764,219,291,38,537,295
"COG2084",4416,12898,12779,12336,10126,13333,13532,12547,10845,6720,2524,12152,11357,11513,13794,9415,12956,12243,9151,9707,5412,11503,12294,12735,10663,9058,9459,11376,9152,8814,10433,7479,12323,13769,14987,2775,10583,10850,13351,8230,11750,15168,9348,11414,13377,10107,9785,11282,12190,12692,12037,9700,6605,9738,5765,12377,13922,9535,6834,13248
"COG2085",1415,939,467,2194,407,485,527,869,219,312,565,252,251,373,1343,149,2186,1180,839,390,339,381,336,202,263,328,277,2254,348,1108,1249,749,2200,2035,332,178,2347,399,377,665,185,1427,200,262,1207,231,262,286,857,233,168,302,813,306,225,655,426,340,2121,1629
"COG2086",5431,5312,5591,5382,4781,5726,5389,5360,5426,3166,4288,4863,4270,4816,5896,4839,6072,4660,5926,4873,3248,4491,6345,4603,5324,4054,3943,6429,3654,4692,5920,7352,5872,5655,4867,1906,5487,5198,5127,6171,5051,5363,5895,4675,5211,5337,2462,4482,6514,4380,5461,3410,7419,4202,2805,5460,4738,6095,5238,5294
"COG2087",137,267,188,443,559,218,390,400,617,1685,132,810,852,835,397,521,391,877,366,839,118,827,103,144,580,1128,1223,311,1262,333,378,480,359,372,896,168,378,610,563,573,45,477,314,837,529,638,938,704,97,1008,645,1616,536,867,2111,366,767,101,236,279
"COG2088",32,28,16,16,43,27,18,25,1,22,37,4,10,51,33,0,9,127,65,9,11,2,31,2,2,11,3,20,1,79,24,189,21,24,12,10,4,29,8,236,0,48,14,1,97,8,1,15,71,2,2,13,260,7,18,26,8,21,311,55
"COG2089",4311,1708,1986,1906,1985,1952,2034,2118,2169,1677,5818,1977,1952,2115,2773,2791,2141,1781,1756,1839,1169,2080,2485,2442,2269,1950,1951,1992,1883,1530,6412,9937,5342,6682,5248,9016,6003,7050,5113,7926,6544,5310,6910,6199,7870,6391,4720,6012,5717,6971,7764,4922,9594,6129,5184,5275,5183,7126,7841,9199
"COG2090",555,194,78,701,2,89,48,173,0,2,184,0,6,12,288,0,611,53,176,0,8,0,11,0,0,0,0,746,0,284,320,95,554,612,7,0,625,13,26,67,56,161,0,3,334,0,0,4,252,2,0,0,107,0,0,106,17,4,1045,362
"COG2091",96,247,81,368,214,110,175,169,95,120,73,67,73,118,70,83,255,235,330,92,90,51,78,46,46,19,51,218,66,485,200,234,260,310,75,78,325,126,85,359,18,281,14,16,193,51,841,78,169,137,44,106,288,62,54,94,58,32,1446,199
"COG2092",679,224,43,597,5,73,34,145,0,27,472,5,8,3,239,12,696,76,183,27,6,19,14,4,3,2,11,761,5,247,323,121,563,669,3,0,631,31,33,83,43,148,26,22,124,22,0,10,197,14,5,7,140,21,18,87,17,4,880,167
"COG2093",329,185,93,371,68,91,88,118,0,36,277,4,33,34,52,2,375,62,75,45,25,25,46,0,9,21,18,393,27,120,204,50,328,394,2,9,369,43,75,17,23,128,80,29,190,56,0,39,111,11,4,21,47,20,41,94,42,18,505,185
"COG2094",944,453,256,845,413,257,588,569,668,1752,509,591,1251,948,712,2,858,706,477,918,434,805,272,199,565,1277,1324,881,1209,648,630,392,722,837,733,321,718,785,697,361,953,521,437,950,649,769,221,984,558,988,411,1463,483,942,2139,626,845,257,1096,781
"COG2095",1549,1535,1101,1323,680,1095,668,784,716,778,1269,1019,400,472,587,4016,1382,757,2056,567,2431,417,791,809,716,357,424,1608,436,1743,1559,1654,1637,1211,876,815,1656,711,604,1975,2109,512,762,300,600,574,961,410,866,412,296,580,1470,527,472,1030,554,978,1502,934
"COG2096",1519,2350,2026,1838,2079,2044,2107,2356,1203,1868,1540,1346,1509,1682,2246,1406,2017,2275,1845,1546,1275,1173,1801,1247,1461,1327,1380,1935,1161,1622,579,496,754,622,525,262,569,633,628,582,657,852,682,418,795,552,316,525,772,388,320,404,590,418,422,704,561,634,512,871
"COG2097",1026,471,238,757,223,257,258,396,11,209,1111,43,99,119,401,39,747,207,223,123,37,67,155,2,31,67,69,864,50,307,475,173,692,693,25,30,686,184,219,139,41,492,145,85,453,157,0,73,493,30,18,60,272,70,92,262,152,37,973,474
"COG2098",8,1,0,0,0,0,0,1,0,0,9,0,0,0,4,0,4,1,3,0,0,0,0,0,0,0,0,0,0,0,1,17,0,0,0,0,0,0,0,15,0,11,0,0,5,0,0,0,0,0,0,0,25,0,0,0,0,0,0,5
"COG2099",135,303,235,379,589,246,517,462,630,2406,60,996,1372,1184,213,405,399,906,419,1274,46,1355,112,310,971,1829,1749,375,1952,247,527,623,330,405,1111,168,321,708,830,599,69,393,396,1238,385,978,652,1129,105,1555,879,2449,714,1381,3065,544,1075,78,166,282
"COG2101",2552,1527,779,2322,731,753,664,1038,26,498,2141,98,263,331,1166,134,2504,755,835,292,136,192,393,117,147,186,185,2742,147,944,1511,434,2407,2373,62,248,2269,645,551,360,405,1184,480,244,1208,459,7,257,1080,121,48,145,495,228,298,851,327,154,3154,1392
"COG2102",1804,1047,540,1454,665,596,660,731,29,628,2022,78,234,310,708,90,1699,538,494,215,151,177,368,58,83,174,145,1775,150,627,1000,399,1668,1585,93,227,1569,635,523,258,107,997,447,175,847,326,36,208,720,65,46,126,547,175,258,575,316,149,2060,1026
"COG2103",2140,1192,1105,805,1446,1136,1160,1198,1028,1363,1725,970,1132,1490,851,1335,971,1294,1732,1023,2351,816,1112,938,1395,704,583,1091,862,1251,1364,1593,1069,570,2003,601,1197,1175,1153,1759,521,859,1117,500,999,1004,626,822,1121,821,645,1077,1839,696,994,1240,1320,1211,1010,837
"COG2104",159,144,117,361,135,126,90,112,173,113,90,145,88,141,126,94,272,266,225,136,207,260,130,149,109,105,114,262,186,356,164,334,326,353,178,179,370,169,82,276,233,207,124,180,198,106,515,100,102,196,302,162,376,140,101,167,111,138,143,252
"COG2105",310,36,51,131,307,30,121,57,359,128,261,48,122,79,65,23,65,142,38,27,434,84,54,106,71,123,77,45,76,178,101,56,64,67,172,1610,97,145,162,35,31,141,68,67,98,58,214,122,48,40,62,63,50,175,97,37,119,110,133,70
"COG2106",717,428,112,1228,11,143,83,331,5,3,57,4,9,20,698,63,1291,146,248,2,18,73,22,2,5,0,8,1326,0,462,226,28,333,432,0,0,370,17,11,18,23,115,0,0,239,3,0,0,137,9,1,0,23,0,0,60,7,2,599,248
"COG2107",933,1229,671,1778,857,742,710,971,22,931,91,173,345,410,877,465,1913,702,666,333,140,182,457,22,135,268,236,2096,192,732,1195,221,1742,1840,174,203,1751,750,506,329,138,1188,497,168,1266,481,295,322,930,103,49,222,176,250,398,728,430,229,2210,1303
"COG2108",456,733,544,130,631,577,653,683,2,726,913,144,282,307,161,1,232,352,180,236,110,156,498,2,102,219,192,332,153,91,396,43,289,121,42,72,282,652,503,127,10,699,403,199,395,347,0,247,529,78,20,180,83,180,228,518,309,170,88,414
"COG2109",1365,1147,634,2082,1352,774,1257,1195,2221,7764,762,2163,3947,3322,1164,1263,2194,2631,1305,3542,235,3392,298,583,2490,5980,4594,2216,5011,1111,1966,1220,2027,2303,2811,479,2077,2310,1793,1352,270,1375,1243,2925,1291,3025,1178,3198,550,3967,1908,6873,1205,3383,10132,1563,2588,171,2109,1292
"COG2110",976,713,446,557,734,520,701,579,68,672,1545,174,348,380,248,146,554,640,705,283,1397,327,393,69,138,257,263,591,334,567,213,332,160,143,59,208,213,201,212,300,29,300,144,87,185,124,31,95,149,65,30,112,362,94,124,144,109,80,91,234
"COG2111",1018,420,312,2674,555,313,512,563,870,862,1033,804,442,603,522,570,1824,1030,1021,465,653,887,337,982,618,531,395,1874,1074,2424,902,1225,1678,1746,891,1543,2236,474,480,1140,240,844,288,636,630,468,2661,496,477,623,990,843,1439,915,428,315,458,383,1883,732
"COG2112",1228,685,243,1615,35,271,178,657,0,6,706,1,20,25,1070,8,1879,269,375,1,36,0,52,0,0,2,2,1893,1,689,824,187,1680,1698,16,2,1661,84,87,102,125,693,1,1,1457,7,0,6,836,7,0,1,180,0,4,308,55,17,2590,1633
"COG2113",1881,7879,8037,7323,4696,8560,7833,7421,6435,2002,1061,6989,5777,5522,9386,8573,9073,4007,6480,5904,571,5826,8417,6599,5367,4075,5312,8581,4494,5224,2497,2178,2780,3228,2211,875,2727,2340,2339,1795,2995,1807,1839,2148,1883,1913,906,2184,3592,2249,1847,1194,1753,1863,653,2449,2323,2086,1514,2327
"COG2114",12535,8570,8578,13282,14948,8339,12258,12744,12225,11194,16685,13773,10971,11670,8660,2921,15231,14406,18156,13841,6290,15566,9799,12506,11212,13432,13567,14859,13998,10704,14629,18933,13679,13189,15168,61955,12450,18672,14753,16535,4217,16531,14853,12800,13871,12529,40089,12204,9499,13470,11571,15296,18958,17038,10387,13247,12693,10774,14857,11290
"COG2115",177,1029,1385,579,1548,1352,1385,1517,2066,912,271,2000,1154,1341,940,455,553,1108,548,1484,2113,1150,1681,1717,2466,1036,849,500,1052,794,906,209,675,434,1328,485,747,1301,907,490,512,1125,1642,1051,1377,1448,935,1140,1047,1180,2160,1371,205,962,1019,1254,1068,1816,331,764
"COG2116",1759,217,71,581,447,126,519,201,206,474,832,121,729,660,93,10,362,856,1129,173,3452,275,72,65,109,79,87,450,331,1511,589,1269,225,149,1068,685,857,350,453,2156,41,413,15,41,156,65,1510,166,381,239,51,347,1555,158,180,377,670,9,706,269
"COG2118",141,221,68,338,155,61,101,208,2,53,71,5,33,36,273,6,354,116,105,13,23,15,62,1,21,26,29,300,13,151,182,44,345,372,6,8,277,46,61,42,32,216,60,14,378,54,0,18,216,18,8,35,57,20,47,122,32,27,478,440
"COG2119",53,570,172,324,305,188,264,210,370,1042,121,262,587,293,140,94,85,519,97,365,382,831,40,104,270,726,1307,106,1289,329,130,17,77,215,241,321,135,515,363,73,15,188,168,794,105,353,226,610,83,817,239,1417,47,780,1347,193,425,13,143,87
"COG2120",2910,2315,2232,4302,3095,2170,2357,3110,2389,1978,4402,2415,2084,2182,3646,3440,4642,3499,2614,2423,428,1660,2635,2901,2788,1455,1516,3983,1650,2535,996,1068,1695,1480,891,1137,1300,864,681,1027,862,1272,893,610,1078,818,1165,655,816,580,606,615,1172,659,619,979,570,1462,893,1387
"COG2121",1292,865,1014,971,854,1090,978,1206,1054,662,1208,946,724,941,963,91,1224,1085,1826,962,76,713,1388,866,861,1043,775,1201,644,774,415,798,345,306,312,114,332,349,306,782,188,415,517,281,425,303,365,299,433,240,310,203,773,241,231,407,289,336,508,470
"COG2122",15,135,69,188,116,66,110,159,66,128,22,222,98,68,32,74,265,130,311,83,13,181,25,39,62,86,116,205,113,117,221,195,142,194,198,3,219,115,194,272,34,276,17,191,144,59,320,125,37,149,70,198,160,128,54,169,188,31,64,206
"COG2123",2187,1165,545,1635,639,564,651,837,4,432,2190,79,224,262,697,113,1932,492,560,218,131,277,393,7,74,175,152,2021,118,671,1169,379,1830,1756,45,80,1799,498,546,250,99,972,434,167,956,413,0,215,852,105,33,164,489,155,293,633,328,188,2147,1058
"COG2124",1233,9880,10205,8107,12263,9838,9724,9894,5513,4736,885,6324,8256,8998,8202,4821,7617,7294,4890,7458,993,5316,8219,5022,5848,6961,7022,11049,4635,7289,6766,3403,9254,8047,8483,2598,8224,9453,10093,3632,8521,10693,5892,6915,8689,6089,5617,7831,10022,6022,4737,5741,3869,5530,3219,11784,8840,15991,4816,6481
"COG2125",1531,701,378,1341,384,433,440,563,8,323,1681,75,165,200,560,32,1419,345,359,159,55,97,259,0,71,115,133,1539,84,504,847,271,1392,1296,53,46,1393,379,365,189,77,564,254,137,629,262,0,149,686,66,25,82,333,116,198,350,272,87,1819,769
"COG2126",72,26,14,6,46,11,13,36,2,8,123,0,4,21,10,23,15,24,7,11,2,3,7,0,1,3,1,13,2,5,13,19,19,14,1,0,13,11,14,6,0,7,10,0,9,13,0,4,18,4,0,2,24,2,11,19,4,2,4,10
"COG2127",672,811,816,931,1052,908,965,862,1359,2618,829,1667,1442,1597,574,985,752,1223,801,1726,927,1401,705,981,1460,2253,1840,851,1729,1152,942,663,850,890,1607,1900,821,1132,1147,677,643,905,1045,1431,959,1595,1954,1328,696,1608,1467,2203,661,1579,3506,1074,1429,647,1007,810
"COG2128",1669,2225,2088,4609,2139,2102,2277,2471,1586,1529,1439,1750,1854,1901,1952,1378,4167,2585,2775,1959,2116,2078,1837,1467,1717,1634,1719,4075,1848,3652,2571,2199,4241,4196,2448,1115,3448,2040,2441,2649,1254,3370,1587,2013,2528,1692,4724,1919,1943,1974,2094,1926,2454,1936,998,2481,2193,2016,2175,2430
"COG2129",649,42,6,16,7,11,9,5,2,2,1626,2,11,3,1,26,11,9,12,1,1,2,1,1,0,0,1,12,0,6,49,403,32,47,18,194,26,73,18,237,59,37,1,4,13,7,156,3,3,12,4,7,707,13,21,29,17,1,59,44
"COG2130",1488,4900,5021,2790,3332,5263,4890,4431,3150,2265,1066,3398,3051,3941,3917,3567,2681,3712,2318,3778,3046,3322,4515,3941,3286,4276,2920,2849,2846,2970,2775,968,2744,2346,3076,1231,3129,3863,3396,1986,1854,4577,3497,2843,4198,3380,2049,3012,5067,3250,4119,3178,1137,2959,1979,4409,3722,3242,1862,3445
"COG2131",3650,1355,1140,1866,1745,1071,1135,1287,807,1088,5787,1152,647,906,1149,976,1961,848,1205,750,560,824,914,899,1020,727,885,2246,740,1228,1704,1460,1977,1868,831,5796,2244,794,835,1435,3160,1347,1086,922,1187,948,2926,842,1316,685,456,677,1727,1269,785,2677,681,1200,2726,1178
"COG2132",5333,1704,558,7283,969,676,1200,1773,994,1750,3265,729,858,801,2678,1600,6012,2524,3603,480,5678,1480,627,950,452,455,406,7263,1989,7173,1197,451,2177,1963,481,1226,2639,542,210,617,312,661,113,294,958,136,4778,207,1085,297,215,592,397,313,189,378,228,95,3774,1343
"COG2133",9133,10376,11706,12042,12150,11806,11291,12806,10823,7636,6436,9783,9826,10480,11931,6007,12806,11754,10115,9804,9520,8318,12341,12613,10945,8493,7189,12271,7258,10757,11036,8796,13213,12329,9118,3360,11755,10731,9855,9110,9084,11839,12554,9114,14063,11276,4590,9813,12418,8728,10417,6725,8368,8689,6681,11156,9239,12734,11488,13613
"COG2135",1457,1877,2421,2247,2664,2381,2606,2459,2998,3363,1356,2668,2975,3114,2338,352,2154,2513,2076,3180,1256,3002,2924,4394,3012,3431,3406,1994,3184,1882,2095,2180,2185,2013,3221,867,1832,2718,2947,2147,2903,2360,3181,3240,2404,3154,1675,3071,1943,3203,3178,3168,2126,2889,3984,2501,3088,3276,1285,1921
"COG2136",0,262,101,0,205,114,88,61,12,8,0,14,66,58,4,91,2,25,0,0,7,17,1,3,6,8,26,0,3,1,16,0,0,1,9,3,0,20,96,0,3,39,0,2,14,17,0,15,11,26,3,18,0,14,10,40,41,6,0,3
"COG2137",1330,750,900,1040,434,986,747,702,653,378,1238,807,473,584,717,1317,1165,760,1382,766,1248,652,780,696,713,613,597,1117,570,1119,1135,1430,1033,954,655,468,1053,612,709,1285,695,686,925,598,697,649,428,541,959,533,951,492,1417,622,352,747,728,738,781,930
"COG2138",1012,1170,552,2546,680,620,801,999,794,3338,186,1010,1889,1351,1098,1008,2711,1762,1322,1444,118,1996,201,501,1033,2722,3076,2429,2944,1098,1642,840,2475,2627,1193,98,2250,1268,1047,1150,335,1280,558,1999,1281,1281,732,1768,525,2230,779,3464,773,2163,4413,964,1553,59,2630,1343
"COG2139",726,417,211,433,210,257,251,336,5,146,819,43,98,120,306,43,494,213,140,87,40,69,135,1,44,75,65,594,47,202,343,140,510,497,29,30,482,218,237,81,46,321,139,71,343,131,0,111,341,43,11,54,156,77,112,228,135,37,600,418
"COG2140",109,29,31,87,49,32,63,82,38,35,191,27,40,31,30,4,82,129,111,14,16,68,18,4,66,48,38,48,24,38,67,56,97,86,20,5,35,50,102,73,6,150,16,25,63,39,0,41,22,41,0,61,59,33,41,67,82,3,59,135
"COG2141",9951,19968,14433,54255,15200,14886,19085,22207,10916,8848,3786,10942,11683,13991,23967,7187,49747,37795,22213,14660,7159,10279,12492,9637,9128,7476,10846,37359,8770,31616,21197,15811,51347,54822,13354,4217,33890,14970,15302,19425,16079,49991,8465,11002,32436,9065,4453,12818,17247,10435,8013,8983,16780,8585,4790,20265,12749,22127,17405,37002
"COG2142",329,449,525,387,537,569,593,504,633,320,256,596,564,532,478,210,250,415,209,514,766,563,502,491,643,641,641,281,521,531,327,138,279,325,704,349,314,521,653,195,795,516,480,765,557,500,552,603,489,535,784,515,178,589,224,625,662,741,237,415
"COG2143",79,277,267,212,271,306,287,297,396,272,70,403,177,330,45,386,204,146,400,259,20,193,281,508,490,179,126,196,186,171,395,301,318,317,391,88,330,186,228,376,226,235,219,140,268,243,264,214,68,242,193,320,302,162,200,302,310,217,59,153
"COG2144",38,0,4,152,19,1,60,36,7,24,53,138,370,10,123,0,184,159,26,145,13,530,9,57,7,22,827,186,827,138,32,62,202,156,188,16,133,183,93,9,7,74,1,416,4,8,2,207,11,288,767,559,29,337,15,15,180,0,248,21
"COG2145",38,48,30,136,192,38,110,96,455,148,55,217,114,165,67,315,91,88,42,95,56,257,77,193,312,242,151,58,289,167,86,100,75,47,237,96,229,78,141,23,29,63,170,320,96,210,665,117,47,256,570,234,171,269,169,61,127,128,132,34
"COG2146",2162,1587,1024,2595,1128,1102,1195,1529,468,763,596,395,700,745,1540,604,2368,1377,1275,786,1320,643,1000,310,423,561,636,2479,625,1913,1391,994,2232,2467,701,826,2100,1089,842,786,1025,1930,666,723,1744,546,1440,719,1606,547,370,499,915,658,362,1242,695,1203,2419,1493
"COG2147",1055,651,298,911,311,405,384,487,3,288,844,64,149,155,404,44,1058,282,308,129,71,115,208,0,58,100,106,1204,71,366,654,219,1026,1011,40,39,1013,274,324,150,61,586,235,119,503,199,0,133,557,63,26,74,224,108,157,357,222,85,1212,633
"COG2148",5165,2051,2787,3794,3660,2712,3018,2920,3244,5567,4723,2993,3420,3865,2759,4639,3847,3615,4262,3412,7861,2595,3766,3472,3731,2990,4068,3755,3301,5389,3464,4541,4033,3333,3561,2269,4500,3871,3281,4862,5374,2830,3879,3171,3121,3510,3896,3355,3376,2868,2924,3179,4808,3061,4895,3119,3368,4102,4757,3590
"COG2149",3,0,1,20,7,0,7,3,16,36,5,5,4,15,1,0,35,3,0,0,8,14,0,0,1,11,0,9,2,13,12,0,30,9,7,5,40,19,3,0,3,1,0,2,2,1,0,0,2,0,2,3,1,2,14,0,1,0,3,10
"COG2150",7,0,0,10,0,0,1,1,0,0,7,0,0,0,16,0,23,1,6,0,0,0,0,0,0,0,0,2,0,2,0,12,6,5,0,0,1,0,0,17,0,23,0,0,14,0,0,0,0,0,0,0,19,0,0,0,0,0,7,6
"COG2151",2776,2298,2336,2728,2323,2486,2227,2407,2393,1738,2055,2209,1807,2067,2834,2022,2948,2329,2588,2015,1369,1807,2656,1783,2194,1802,1517,2851,1548,2028,2481,2415,2835,2660,1897,3567,2738,2307,1761,2476,1894,2339,3063,1832,2726,2451,1688,1958,2952,1607,1871,1413,2447,1928,1639,2289,1777,2412,2048,2715
"COG2152",593,36,20,111,78,27,67,80,92,84,908,98,23,42,44,536,206,138,143,32,29,55,21,68,42,20,17,83,89,236,137,192,194,47,34,54,495,27,20,80,30,135,84,32,54,46,209,53,21,33,174,50,236,64,117,51,14,12,179,123
"COG2153",399,685,944,185,717,985,573,602,931,601,316,993,582,740,278,1105,209,312,278,865,1370,603,869,1759,1260,740,539,258,564,542,513,185,346,202,933,438,407,446,606,147,690,312,934,566,487,847,573,448,747,649,1079,743,228,550,600,749,704,797,427,163
"COG2154",1080,2429,2547,1843,2206,2521,2601,2488,2549,2172,763,2321,2324,2412,2855,1993,2039,2114,1425,2550,904,2426,2593,2625,2570,2491,2108,2123,2213,1596,1812,1119,2056,2188,2435,1754,1802,2439,2186,1142,2330,2228,2593,2350,2340,2552,2171,2243,3002,2416,2656,2070,1086,2388,2568,2336,2414,2437,1479,2448
"COG2155",22,12,0,0,0,0,0,0,0,0,18,1,0,0,0,0,1,2,1,0,0,0,0,0,0,0,0,1,0,0,1,0,0,23,0,0,0,0,0,6,0,0,0,2,0,0,0,0,0,0,0,0,5,0,0,9,0,0,1,4
"COG2156",11,0,1,22,3,0,4,2,0,1,8,1,0,0,10,0,18,14,0,0,6,5,0,0,1,0,0,11,16,41,3,1,3,3,1,28,4,0,0,1,0,1,3,1,1,0,7,0,0,1,0,0,0,0,0,0,0,0,7,1
"COG2157",0,63,31,0,65,51,25,30,3,1,0,5,15,23,5,33,0,16,5,8,4,47,10,3,2,2,6,4,27,1,21,0,2,2,3,2,1,7,44,6,0,23,5,2,17,10,0,5,68,20,4,20,0,6,6,17,12,2,1,15
"COG2159",1813,5170,3608,9232,3178,3695,4733,4442,1359,2302,1909,1683,2227,2553,7870,1968,9433,8377,5021,2419,1929,2013,1879,893,913,1194,1770,8869,1917,6277,4495,4260,10151,9402,2934,341,7591,3654,3050,4652,753,12404,1038,1526,7220,1048,612,2233,3302,1796,1253,2185,4980,1517,1195,4014,2597,3373,3090,8546
"COG2160",73,11,8,73,13,5,25,12,43,32,74,21,7,9,39,0,66,50,30,38,664,74,11,78,40,18,14,44,50,161,94,55,241,71,14,151,607,19,6,107,35,122,151,64,69,83,270,50,58,14,45,16,86,39,48,82,9,21,268,126
"COG2161",320,5,3,218,24,5,16,24,80,59,319,47,10,30,20,26,111,117,77,8,1114,35,12,49,38,10,7,87,98,497,46,83,53,86,101,230,128,46,35,106,8,35,13,14,25,25,391,27,40,33,24,51,94,40,34,16,23,2,188,28
"COG2162",53,7,2,73,54,4,14,8,14,49,39,4,3,28,13,19,41,14,135,7,41,7,12,0,2,4,3,110,19,74,95,58,59,54,16,199,97,11,3,152,6,23,30,16,28,18,323,4,10,5,5,6,62,8,18,12,1,19,156,20
"COG2163",300,174,57,0,172,70,61,49,8,8,431,10,38,39,5,107,2,17,9,4,6,33,0,2,6,6,22,1,3,1,15,71,0,1,5,2,0,7,79,40,1,35,1,3,12,15,0,14,5,43,0,15,125,8,7,24,34,2,2,5
"COG2164",486,58,64,358,91,60,107,95,79,74,279,64,90,103,262,1,407,257,155,83,33,117,54,102,67,93,111,284,82,181,148,421,289,381,126,5,281,77,130,254,2,312,74,113,565,97,1,84,50,122,100,116,561,102,94,55,96,80,372,574
"COG2165",1379,491,457,885,529,406,484,504,760,1280,1256,821,448,650,326,776,646,763,704,665,4945,646,545,749,827,962,614,643,803,2070,630,373,542,650,669,1197,1002,575,539,568,260,481,688,496,593,716,592,471,729,559,1005,705,427,623,975,562,535,444,1990,552
"COG2166",1054,1398,1601,815,1927,1568,1543,1625,1769,2591,1147,1746,1691,1733,1153,936,786,1620,909,1716,1930,1586,1649,1378,1857,2145,1925,861,1814,1258,1135,416,833,720,1842,2366,948,1650,1543,722,1330,1389,1926,1733,1338,1828,1808,1687,1535,1759,1339,2136,404,1760,2865,1554,1594,1652,1222,1124
"COG2167",1,2,4,4,49,4,18,7,0,6,0,1,5,11,0,10,0,0,0,0,2,1,2,0,2,0,9,3,0,2,2,0,3,5,0,2,1,1,23,1,0,5,6,4,6,4,0,2,0,0,2,0,0,4,2,0,11,9,4,1
"COG2168",35,56,62,114,31,42,37,62,22,22,37,47,31,39,57,18,83,59,243,70,25,45,74,17,5,7,63,165,58,98,185,182,76,98,31,65,112,28,29,221,140,54,22,36,63,21,4,40,79,43,37,11,222,36,6,94,43,48,36,47
"COG2169",1426,59,29,830,70,37,137,71,225,254,838,162,40,66,127,84,455,503,412,93,3726,351,38,86,162,37,69,362,470,1708,85,79,133,144,37,233,265,30,36,113,11,68,3,29,58,26,557,37,103,33,30,67,132,102,36,26,31,0,284,86
"COG2170",2009,462,431,947,785,494,932,727,797,3413,1622,948,2194,1693,818,3,1250,1584,3757,1778,98,1382,589,157,1147,2771,2203,2109,2186,852,2667,4178,751,854,1333,219,1727,1688,1270,4378,250,722,904,1369,802,1560,402,1880,643,1971,651,2991,3952,1518,4652,952,1636,849,745,947
"COG2171",1673,4570,5111,2977,4337,5352,4924,4755,5958,2252,1355,5315,4638,4467,5208,5317,3093,2709,2966,4606,2244,4559,5821,6865,5222,4178,4020,2883,3913,2785,3597,2878,3022,3280,5077,1601,3076,4493,5015,3082,6412,3244,4801,5165,3965,4924,1610,4738,5702,4729,6397,3284,2567,4196,2105,4975,4877,5728,3019,3480
"COG2172",435,202,236,266,367,235,393,324,412,1222,471,513,835,654,339,4,329,627,525,770,46,714,378,237,431,951,1225,476,1224,313,414,596,330,351,677,197,378,676,503,421,35,286,564,744,234,649,434,759,388,897,372,1397,650,851,1526,360,658,433,287,150
"COG2173",909,569,464,563,685,506,679,616,650,2136,1048,704,1079,1023,496,730,774,955,963,1116,60,1012,488,306,814,1599,1563,751,1522,462,736,652,950,600,1141,342,874,1047,721,1165,171,596,601,955,570,979,275,978,517,1308,650,1985,841,1189,2849,767,1020,318,789,518
"COG2174",237,55,27,0,55,39,22,18,5,4,167,4,7,16,2,7,0,8,4,0,2,9,0,1,4,1,5,1,1,1,2,17,0,1,0,0,0,2,12,9,0,3,0,1,1,1,0,1,1,2,0,2,28,2,0,3,2,1,0,0
"COG2175",1703,14425,15234,9922,10797,15402,14410,13839,11840,6464,1079,12573,10798,11769,12269,7452,11107,13718,7430,13428,781,13686,14364,12329,9891,9545,10931,11227,10361,6716,9308,5321,11778,13049,12191,2138,9623,12858,12910,5467,9699,22086,10588,13155,19059,10391,4340,12332,10529,13314,14442,8873,4436,11663,4840,13728,12708,12495,4165,15055
"COG2176",2505,550,700,868,577,595,592,830,244,218,2423,261,386,478,1398,37,1164,1604,1022,571,305,203,1359,318,161,465,481,958,201,993,821,1816,1123,754,315,624,817,596,683,984,1679,1588,913,445,880,542,646,585,1081,193,164,158,2287,533,221,726,527,1003,2359,1444
"COG2177",2488,1414,1724,1558,2075,1619,1473,1669,1535,1584,2236,1633,1421,1576,1285,3147,1310,1540,1868,1591,2679,1063,2009,1550,2103,989,1068,1582,1245,2185,1619,1967,1561,1404,1938,1165,1891,1551,1405,1843,2453,1453,2173,1224,1702,1590,1751,1477,1647,1236,1071,1501,2322,1137,1220,1930,1244,2853,2219,1632
"COG2178",1294,475,274,1658,270,298,334,615,175,40,470,63,277,314,1038,6,1644,334,346,200,47,103,324,299,182,137,307,1695,77,708,865,262,1573,1697,296,112,1636,296,465,176,229,579,321,308,643,277,0,348,726,205,95,58,284,145,28,372,366,735,2140,897
"COG2179",15,79,44,94,152,55,198,120,378,1548,3,309,588,639,63,0,105,355,156,525,2,607,47,54,391,1123,1013,84,1052,76,147,79,78,153,490,24,70,384,277,129,10,75,242,564,117,512,2,497,23,728,265,1165,28,654,2079,125,415,3,10,127
"COG2180",1131,0,1,110,5,0,40,2,42,36,1092,7,1,4,10,0,9,16,2227,1,750,12,2,1,16,8,0,184,39,93,1169,3381,2,16,13,26,19,11,5,3410,15,5,1,6,11,23,53,2,11,7,8,9,3072,9,24,3,1,0,48,3
"COG2181",1525,288,301,348,92,279,141,217,91,75,1443,163,66,86,135,1010,312,63,3852,110,660,133,217,50,33,29,112,974,102,277,2210,4897,397,443,70,62,446,75,72,5360,472,113,48,120,121,50,22,79,210,83,66,45,4653,83,44,306,99,149,172,111
"COG2182",220,159,329,594,908,337,741,713,365,430,239,362,859,849,469,83,631,311,366,598,279,328,628,715,561,613,788,669,230,378,506,365,693,727,624,280,462,607,1283,350,403,498,946,1053,723,880,115,920,560,473,386,148,351,518,485,675,806,1567,438,228
"COG2183",2338,692,306,1805,707,367,490,274,411,843,1898,172,271,350,267,2094,910,1003,559,96,6788,517,246,83,221,138,236,614,824,3625,436,428,857,954,225,2019,1695,298,737,447,88,488,125,250,295,213,2427,270,904,282,130,457,480,684,319,339,430,79,4498,470
"COG2184",180,0,1,136,53,1,27,17,46,60,195,13,7,17,14,13,122,63,117,2,762,110,1,6,31,4,4,55,82,187,48,163,101,27,10,127,134,20,1,81,17,9,17,10,17,31,284,15,13,10,21,36,134,23,43,12,3,5,33,70
"COG2185",2643,5909,4804,5784,6404,4801,5676,5360,3977,7388,2406,4476,4016,4833,4263,7074,5863,4421,5519,3895,803,4264,4252,2392,4907,3852,3844,6544,3806,4135,5433,5423,6574,5287,4726,2363,5410,5670,5774,5480,1453,5957,4248,3722,5491,5050,5506,4000,4428,4013,2765,5097,6111,3332,4314,5310,5214,3374,7501,5055
"COG2186",1939,377,353,2487,478,306,620,467,724,625,1465,627,476,328,275,1189,1799,981,2217,316,6142,867,173,368,414,276,408,1821,951,3646,1586,2063,1472,1440,928,1819,1858,363,887,2110,202,723,212,509,428,261,4650,475,584,564,228,895,2057,844,328,445,911,137,2085,472
"COG2187",73,108,26,859,85,23,118,165,75,210,185,28,67,47,152,4,547,392,631,10,233,130,29,109,17,40,65,653,237,785,415,386,413,431,177,870,496,215,194,539,9,236,22,69,73,37,1041,59,102,84,19,102,393,271,58,95,129,7,1329,283
"COG2188",974,1238,1148,827,701,1089,476,680,722,616,965,840,354,441,129,5771,830,522,1581,999,1746,716,249,2142,620,345,260,1178,623,1291,1283,1030,1043,826,1588,1183,1219,639,504,922,1022,555,281,405,397,354,4055,347,406,554,366,755,892,497,321,1265,479,171,813,259
"COG2189",3599,327,341,1034,665,387,491,400,538,948,3807,429,554,749,772,137,681,867,537,775,1413,963,699,454,617,487,558,574,1034,1606,642,1483,513,581,475,2147,1030,555,597,715,2485,593,687,736,1083,750,4300,911,409,643,636,536,1808,1164,936,345,686,768,1140,1257
"COG2190",51,1,0,27,1,1,2,3,26,22,76,0,0,1,2,5,9,13,11,0,209,0,1,34,8,0,1,8,8,109,5,3,7,4,5,99,95,4,0,12,2,0,2,0,5,1,5,0,72,0,0,0,9,8,5,2,0,0,137,1
"COG2191",45,0,0,1,48,0,0,0,0,15,25,0,0,9,0,0,1,0,10,0,0,0,0,0,0,0,1,0,0,0,7,268,10,5,1,0,0,0,0,45,0,1,4,0,0,5,0,3,0,0,0,0,362,4,45,0,0,0,0,0
"COG2192",10426,5080,6646,6415,8938,6305,6779,8418,8899,7007,15961,15362,8702,7068,9954,8761,7032,6265,7014,8613,1240,8902,8148,8907,6796,9904,26463,6958,7904,3926,8791,9433,6083,8222,6387,42238,5781,7160,11682,9183,7420,7878,8193,13334,7857,8958,32001,13724,7278,11208,6938,7188,9573,17044,8375,8968,9382,7713,5745,11013
"COG2193",833,918,1042,619,1026,1100,989,1062,912,835,711,953,748,1062,836,1466,320,1375,525,938,1940,943,1185,959,999,1093,785,411,911,1406,581,368,321,346,834,1306,662,953,838,460,791,926,1186,921,1295,960,1555,787,1403,881,1268,956,372,1006,690,1010,880,1198,1218,1199
"COG2194",1854,421,415,723,41,375,93,138,213,402,1163,259,33,84,120,2653,528,492,965,55,5910,169,86,113,172,59,18,1129,342,2459,689,463,629,599,125,1240,1103,139,27,428,330,56,68,95,124,68,745,56,580,170,71,240,447,263,95,202,30,72,1253,234
"COG2195",679,848,532,1202,999,570,711,683,736,712,1010,865,532,717,751,2939,1239,1613,668,727,516,578,448,556,1022,415,247,823,546,775,863,614,1416,1186,932,488,1338,722,487,752,395,1210,572,484,963,853,1747,556,391,747,581,1099,801,645,929,675,482,411,517,1179
"COG2197",7152,1209,829,4267,2024,1002,1857,1224,2368,5358,5829,1910,2709,2834,1205,4404,3394,3831,3369,1719,17787,2493,798,1986,1791,2541,2078,2910,3894,9714,2519,2882,3349,2628,3710,5251,6008,2085,1558,3074,1130,1323,1330,1559,1410,1635,5876,1937,2481,2102,1162,3763,3161,2436,4219,1369,2262,604,7118,1746
"COG2198",4217,175,22,1511,142,44,124,56,382,1042,2771,46,27,125,151,74,437,1226,843,42,12974,306,101,30,360,66,16,586,1103,5397,366,250,128,440,40,2798,1323,72,31,352,71,110,60,129,240,162,2136,110,1401,69,63,303,277,697,261,104,46,4,3063,846
"COG2199",37492,619,415,17456,2756,579,1785,1092,4657,9565,25198,698,563,2004,2535,1094,5784,12128,7823,723,94852,3401,1304,696,2626,1241,533,7803,9543,46686,4552,4512,3779,5705,1618,32125,18461,2430,630,3971,1603,2419,1024,1470,2646,1735,19383,1265,9713,765,1039,3706,5368,5224,2670,1251,675,668,32299,3630
"COG2200",15084,318,172,8350,1115,269,762,430,2180,4267,11352,364,230,977,1068,164,2508,5468,3104,385,34143,1664,519,306,984,629,194,3414,4565,22121,1900,1245,1643,2624,964,14475,8880,1280,237,1170,284,1073,296,791,1416,667,18041,544,3814,447,571,1774,1778,3001,940,584,261,136,13126,2136
"COG2201",2506,146,120,1865,527,133,469,463,442,936,2566,253,240,294,325,234,953,1136,914,184,7627,645,391,300,347,257,252,1029,1054,4157,690,613,1131,929,405,3942,2041,847,503,639,77,495,164,356,462,291,2782,299,1646,276,238,541,724,612,397,461,398,101,6196,1121
"COG2202",33643,1741,765,18862,4858,1058,2857,2017,4997,13171,31279,1964,1139,3747,3106,4792,6686,13702,11471,1362,93471,5562,2358,1442,3468,1698,950,9544,11577,53111,2029,3496,1705,2257,1226,13994,6951,1814,591,3314,478,1135,894,905,1255,894,16241,619,3821,606,789,1556,3888,2360,1471,663,481,191,16932,1892
"COG2203",9680,662,650,4163,2348,682,1582,1334,2791,6603,6184,1625,2144,2387,993,1279,2545,4528,1737,1986,16693,3732,1101,1006,2472,2921,2312,2536,5609,12138,2076,1579,2099,2578,3062,8214,6250,2538,1660,1284,346,1411,1181,2425,1558,2078,5394,2204,2352,3935,2235,6423,1775,3366,4597,1307,2162,507,12162,2062
"COG2204",15044,10183,11173,16509,12498,10761,10785,11608,13315,11459,12854,12930,9729,10514,8316,14789,13589,12748,17122,10476,26960,11206,11628,11523,12644,9234,8061,14075,11453,23591,13179,17550,12810,12737,12142,14183,16486,11496,11188,18330,9635,10956,10347,10244,12046,10556,17846,10471,11050,10192,12916,10537,17367,11223,8231,10971,10568,10380,31593,12892
"COG2205",886,16,4,1187,522,18,396,70,150,311,534,19,768,792,68,19,1031,238,190,15,3139,119,64,61,102,46,64,1136,205,1212,376,160,890,766,746,1409,929,319,462,73,34,53,68,64,158,82,591,119,106,108,41,226,203,70,145,24,728,26,994,234
"COG2206",6986,758,658,3328,1084,671,1004,861,803,2013,5611,215,465,760,1325,444,2116,2498,3646,614,12879,746,1380,282,466,633,600,2622,1436,7142,1784,4201,1606,1679,503,4573,3741,1401,894,3847,194,1528,1161,405,1368,842,2714,771,2717,253,204,632,5102,1164,955,828,688,965,9473,1871
"COG2207",7320,2016,1354,9655,3460,1554,2120,1989,3837,6580,10289,3498,1580,2888,1582,10224,4471,4676,3890,1298,32142,2860,1604,2757,2594,1085,587,4407,5492,19039,3397,1188,5121,2688,3466,18469,12855,3217,1320,1915,1722,1404,1826,1656,2087,2022,26693,1635,3174,1383,2038,3498,1583,3606,2541,1818,1396,1334,12201,2254
"COG2208",2541,3181,4016,2905,6563,3756,4775,3316,5262,11246,2617,5101,7487,5881,4663,3009,2395,4830,5024,5530,6642,6903,5857,4621,6621,5628,6056,2614,7476,4670,3914,2279,2368,2821,7123,9150,2850,8849,5594,3050,5980,3776,5745,7125,3785,5809,4682,5761,4425,5743,5893,7299,2338,5545,7013,3887,7018,6185,4849,3502
"COG2209",677,1160,1414,522,1303,1416,1020,1095,1599,1146,704,1562,956,1362,812,2152,383,956,709,1487,1703,1149,1598,1803,1963,1222,844,423,1070,1015,926,467,631,437,1386,708,715,1012,847,718,932,729,2172,942,1024,1703,226,854,1621,984,1693,1247,487,1040,1176,1170,922,1714,1166,722
"COG2210",718,195,152,301,45,122,87,97,25,36,739,27,32,42,25,923,430,91,1071,32,17,46,26,11,6,12,72,590,34,181,705,1281,336,380,46,110,467,103,205,1145,132,170,40,56,127,23,170,46,43,21,50,25,1347,47,15,157,161,26,140,127
"COG2211",3257,6855,7045,2455,4605,7458,6437,5810,7722,7654,2634,9365,6909,7075,3477,6236,2285,5130,3148,8950,7493,7559,5775,9143,7868,10266,7517,2746,7526,3718,3922,1514,2621,2343,5908,2413,3446,5552,6077,2966,4168,5394,6568,6327,4808,7360,2992,6487,5951,7460,9438,9713,2101,6503,9380,5965,7197,4787,2473,3405
"COG2212",26,3,0,129,14,0,10,2,38,43,52,2,1,9,17,0,50,44,20,0,55,18,5,1,7,4,2,98,52,165,17,6,34,51,7,151,101,16,2,5,1,9,2,11,11,7,177,9,15,7,6,26,11,54,8,0,1,0,144,21
"COG2213",25,286,452,196,739,463,773,671,272,95,9,287,797,676,796,0,137,178,14,378,174,383,725,324,458,440,998,139,312,34,254,12,162,55,667,237,84,831,1144,17,2035,327,596,979,487,643,9,894,1154,542,273,134,11,468,63,698,786,1522,45,337
"COG2214",2287,4046,3877,2933,5055,3832,4463,3903,4724,6832,2596,4562,5893,5152,3635,2997,2630,5047,3299,5324,2316,5775,3692,4746,4276,6107,6046,2410,6332,2505,3274,3881,2555,3109,6072,3674,2596,4844,5127,4018,3935,3725,3975,5489,3455,4733,6430,5331,2670,6394,4776,6904,3709,5556,7579,3961,5423,3868,1800,3444
"COG2215",31,121,123,240,209,115,98,122,209,216,67,96,55,197,68,9,105,105,126,120,79,66,142,36,166,113,63,143,60,238,130,80,129,74,63,386,196,147,133,80,244,214,504,59,196,179,310,63,175,49,53,77,87,190,254,204,96,254,144,87
"COG2216",28,0,0,76,8,0,19,2,3,2,31,2,0,2,26,1,51,43,2,1,13,30,0,0,1,8,1,79,62,160,8,4,51,19,5,441,55,5,3,2,4,0,11,24,2,10,69,0,9,7,3,17,2,4,2,0,0,0,36,9
"COG2217",13982,5910,3752,13970,8745,4209,7129,6140,4666,14965,13244,3487,7548,7041,4757,2257,10781,11086,11286,6431,23921,8734,4098,2370,4410,7431,7705,9918,11436,21159,8784,10366,10297,9108,6170,11127,13462,8416,6515,11298,5386,6970,5927,7033,5306,6703,27655,7230,6423,6599,3567,10059,11302,7337,11191,5741,5800,4604,16743,7215
"COG2218",101,224,307,245,526,288,234,372,115,216,67,231,135,206,151,426,380,160,220,116,42,164,384,101,205,175,246,444,121,141,386,179,355,230,142,71,396,123,352,185,264,192,258,223,204,304,0,201,553,162,180,189,180,159,294,267,270,239,151,274
"COG2219",1363,2065,1039,2840,1183,1063,1179,1478,14,895,221,183,426,583,1258,44,3174,958,887,417,208,223,676,10,178,320,309,3338,218,1200,1837,288,3240,2871,80,151,2808,1016,958,345,181,1767,828,318,1522,716,0,442,1412,162,64,299,216,315,531,1037,616,283,3903,1810
"COG2220",5271,5324,6061,5488,5486,6161,6109,5980,6824,7272,4795,6331,7743,6182,6157,5018,6055,6031,4364,6791,7805,7139,6459,7519,6145,7940,7972,4916,8210,5541,5540,4724,5956,6330,6612,3293,5835,6686,6970,5026,5282,4721,6294,7903,5471,6685,2152,7650,5235,8026,5920,7746,4299,7397,8592,5924,7366,6051,6377,5111
"COG2221",311,294,352,514,221,393,330,583,284,68,181,438,237,253,486,174,581,181,1825,444,19,479,653,220,33,93,442,977,227,306,1222,2219,585,745,171,391,652,195,263,2159,984,308,169,396,291,143,345,268,884,327,220,80,2508,355,62,735,372,461,159,340
"COG2222",349,228,349,330,172,398,252,344,386,222,271,316,161,245,227,19,307,280,122,196,1853,182,301,71,320,242,206,279,204,556,241,94,336,206,189,318,500,248,295,128,89,342,254,311,309,249,324,207,146,169,321,131,128,166,151,270,267,192,281,186
"COG2223",4935,490,202,1313,830,273,1111,203,363,720,5183,236,1658,1185,290,184,407,693,9163,191,4628,1144,24,90,144,837,1297,1603,1918,1379,4782,11843,322,509,1868,484,798,725,829,11212,327,335,16,1207,320,133,978,706,209,664,833,1153,10918,1543,228,135,1293,4,659,576
"COG2224",6174,4884,5630,4063,4076,5939,5106,5297,5946,2007,8163,4986,4553,4602,5762,4531,4100,3054,6234,5385,3753,4511,6998,8009,5020,4408,4358,4594,3598,4249,5903,7242,4009,4418,4611,2094,4059,4637,5485,7044,9920,2990,6057,5306,3977,4995,1447,4508,8146,4554,7058,2822,6697,4232,2002,6049,5234,6840,3094,3849
"COG2225",6406,9256,11291,5888,7978,11185,9879,9459,11264,3792,5525,10022,9002,8424,12053,8839,6365,7132,8114,8971,4973,9636,11281,14369,9317,8173,7479,6016,7367,5767,7599,8405,5985,6809,9050,3231,5892,9246,9432,9354,13233,7735,10064,10422,8187,9261,3007,9191,11312,9614,11719,5889,7937,8565,3990,9838,9435,10835,3898,7992
"COG2226",6184,7647,7668,7560,6791,7533,6716,6841,7811,8749,5465,7448,7504,7573,6197,6778,7883,6673,7157,6874,2936,7896,7428,9079,8293,9359,8554,7558,8393,5172,7575,8441,7839,8255,7340,2289,6749,7376,7068,7640,7646,6440,7998,8216,6811,8070,2697,7897,5149,8247,8243,8164,8335,7477,10620,7118,7318,7275,6492,6835
"COG2227",3667,4173,4894,2803,4913,4927,4439,4041,5683,4493,3455,5396,5187,4934,4088,6929,3017,3741,3696,5300,3793,5044,4967,7117,5144,5660,4926,2848,5197,3221,3972,4293,2850,3537,5259,2872,3168,4573,4483,4065,4748,3398,4464,5410,3876,4999,2518,5206,3871,5598,6374,5115,4103,5160,5269,4393,5011,5077,2404,4142
"COG2229",2,2,1,10,16,0,1,5,5,25,3,1,0,3,2,47,2,3,3,0,9,1,1,0,4,2,0,10,6,5,1,0,4,8,0,3,0,4,0,4,0,1,1,5,5,2,0,1,0,6,5,3,0,6,7,0,0,1,82,2
"COG2230",2904,10458,12175,4477,8665,11357,10417,9927,11067,4321,2876,9051,8980,8990,10944,12436,4914,9187,5121,8961,3794,9991,12310,15314,8702,8082,7872,3677,7874,4343,6138,5067,5620,6325,8212,3169,4984,10593,10117,4873,12148,9094,10602,10999,8963,9262,4607,10189,7641,9784,13625,5432,4749,9729,4171,9500,9653,11314,2936,9555
"COG2231",323,26,5,227,26,8,29,35,0,50,138,1,13,30,133,0,167,232,172,10,39,3,2,18,0,2,4,68,2,99,72,460,196,210,42,119,135,63,12,463,1,244,3,1,104,5,0,20,71,5,0,4,592,7,15,19,5,3,13,191
"COG2232",39,83,140,72,153,103,57,131,107,78,5,208,66,124,135,460,81,144,132,116,11,109,229,87,51,30,137,111,60,52,96,71,65,71,86,32,44,66,103,130,385,69,74,119,135,91,1,107,202,136,205,76,63,64,55,169,117,190,33,130
"COG2233",855,550,523,1000,461,583,791,539,287,351,422,284,472,437,367,675,1118,355,1077,189,1094,257,465,131,439,249,463,1087,274,1188,2935,2696,2932,2930,1344,1844,3004,1337,2249,3275,782,1180,1082,1096,1340,1261,1453,1729,2158,1308,327,1203,2243,1184,688,1443,2033,1063,2282,2098
"COG2234",20202,7773,6720,8217,9720,7076,6980,7418,5269,7266,16478,5636,4409,6345,4716,10295,10199,7223,11197,5266,19002,4033,7963,5563,8197,4573,3135,10587,4859,12185,10385,12554,11280,6976,5366,4918,13239,5874,4809,11460,3664,7129,10192,3126,6758,8080,7638,4113,9677,2971,3670,5242,14508,4062,6338,6430,4648,7728,9246,7627
"COG2235",101,100,102,327,72,99,71,84,74,119,132,21,44,145,262,0,199,360,244,118,333,22,123,72,27,79,25,270,88,224,201,46,222,168,52,333,201,185,48,84,46,141,128,36,231,66,48,84,222,15,49,65,56,55,100,148,30,66,289,253
"COG2236",1909,2718,3397,1585,2745,3236,3110,2867,3155,1077,3492,2987,2945,2834,3321,1471,1703,1567,2102,2727,2328,3003,3655,3320,2910,2561,2499,1615,2175,1887,2522,2080,1586,1938,2801,2517,1498,2914,2985,1966,3858,1934,3127,3216,2455,3143,2355,3119,3298,2947,3187,1541,1869,3036,1226,3026,2902,4007,1184,1992
"COG2237",1146,1696,845,2271,852,902,924,1333,5,770,188,169,353,403,1195,1,2362,858,707,367,172,237,620,4,161,306,274,2665,199,936,1492,231,2386,2220,66,102,2173,886,783,274,136,1363,621,322,1493,608,0,392,1435,105,53,262,189,278,448,936,555,242,3117,1618
"COG2238",1282,735,377,710,399,410,467,587,7,322,1469,65,166,170,548,43,866,385,377,181,84,68,250,0,61,134,120,1031,106,309,627,262,861,767,45,53,783,405,339,204,73,710,239,116,445,235,0,147,693,49,22,97,366,121,194,422,217,91,974,566
"COG2239",7299,6979,7850,5072,7210,7948,7210,7080,9452,8244,6001,9246,9014,8580,8235,8271,5665,6125,6994,9532,7819,8429,9776,11268,9441,9503,8185,5585,8131,6591,7319,7952,5651,5520,8275,3483,5785,8538,7138,7007,11652,5339,10126,9190,6638,9318,3939,8667,8898,8845,9859,8207,7136,8272,9365,7917,7632,9591,6939,6378
"COG2240",13,170,110,97,177,87,101,102,297,132,24,276,159,97,19,68,104,118,31,169,35,235,82,233,164,125,115,58,140,72,96,25,68,64,274,154,107,78,200,42,87,223,54,149,162,101,624,143,26,215,501,173,17,99,70,108,191,66,39,104
"COG2241",497,870,468,1135,945,492,782,916,1081,3400,93,1175,1741,1785,771,582,1323,1391,907,1280,106,1713,161,290,1482,2524,2169,1210,2217,548,1132,682,1018,1251,1254,264,1071,1073,1170,943,195,936,627,1466,1321,1414,620,1460,444,1874,1258,2869,653,1554,4397,909,1489,155,1033,1145
"COG2242",867,869,442,1911,951,456,755,1006,999,3058,122,1032,1715,1661,960,518,2159,1186,823,1233,80,1658,140,282,1320,2330,2176,2065,2172,848,1374,565,1899,1952,1363,268,1822,1138,1192,561,207,950,536,1467,1272,1366,825,1481,555,1745,1171,2745,459,1547,4059,963,1593,142,2051,1233
"COG2243",646,866,417,1938,813,498,652,917,1303,2678,124,995,1464,1298,923,348,2032,1142,707,1047,71,1434,153,192,1363,2264,1738,1843,1873,909,1227,512,1727,1971,1155,388,1703,876,896,641,198,964,531,1253,955,1244,778,1249,563,1691,1150,2425,494,1269,3592,864,1120,138,2114,1071
"COG2244",10645,3168,3440,4349,4808,3372,2515,3007,2829,6216,11150,2542,2073,3432,2318,6154,4481,4483,5175,3125,8163,2619,3709,2759,4641,2117,1794,4600,3393,6639,4210,6416,4811,3553,2626,2401,5171,3645,1878,4821,1541,2856,5011,1621,3558,3860,3406,1972,2663,2154,2353,3727,7236,2298,4432,2731,1960,4005,5031,3760
"COG2246",53,27,22,106,12,27,9,55,14,72,35,16,10,13,19,23,91,16,57,57,12,30,10,26,13,40,8,145,26,71,177,226,296,312,38,203,308,105,15,134,17,108,49,24,42,74,226,26,161,175,64,123,258,38,261,213,7,9,484,141
"COG2247",48,35,19,170,19,27,90,53,0,15,61,0,9,22,78,0,24,216,19,12,10,144,11,0,1,0,1,143,126,44,40,11,82,30,6,2,44,50,9,15,0,113,0,0,180,0,1,4,28,4,0,6,20,2,0,25,8,11,28,262
"COG2249",860,1552,2164,664,2803,2161,1722,1725,4089,1337,895,2011,1656,2820,1880,1764,643,1006,430,1728,2480,1923,2469,2511,3208,1675,1365,599,1480,1401,1119,378,737,997,1774,2647,958,1657,1690,446,2321,991,3792,1514,2400,3329,2956,1805,1766,1566,3287,1031,342,1780,1571,1932,1658,3827,1302,1330
"COG2250",46,40,10,94,5,14,28,39,1,6,20,4,26,31,104,0,80,205,59,19,9,7,24,2,0,0,14,20,4,34,21,46,76,84,45,2,36,41,52,68,1,157,0,13,78,3,0,21,23,5,0,6,50,15,2,18,41,4,14,89
"COG2251",620,953,1118,1467,1506,1136,1878,1336,1869,5367,661,1910,3707,3025,1905,1534,1364,2606,1147,2890,3060,3101,1491,931,2090,3677,4380,1171,4307,1386,1243,1368,1185,1802,2958,367,1138,2448,2582,1426,1899,1404,1495,3125,1617,2393,69,3188,1038,3303,1559,4725,1197,3200,7136,1904,3145,1493,1307,1564
"COG2252",2987,5585,5125,2046,4443,5206,5289,4636,6260,2545,3116,5768,4461,4485,5631,3098,2518,3107,3326,4837,3239,4578,5528,6529,4690,4223,3105,2217,3618,2379,1251,1407,756,967,1272,1202,789,1791,1562,1454,1885,1353,1828,1462,1377,1732,469,1415,2221,1423,1583,906,1222,1466,691,1662,1403,1783,546,1255
"COG2253",26,2,0,1,10,0,0,1,1,15,67,1,0,2,0,0,0,2,4,0,4,4,0,0,0,1,0,10,2,4,1,14,2,2,2,9,3,0,0,12,0,1,0,2,1,7,89,0,0,4,14,6,27,1,5,14,0,1,1,1
"COG2255",4203,2832,2875,3480,3311,2979,3031,3075,3151,5677,3617,3337,3924,3809,3070,3908,3603,4848,4801,4070,2659,3558,2732,2151,3816,4308,3593,4044,4270,3452,4003,4173,3814,3671,3734,7249,3672,3383,2680,4444,1813,3877,3795,2828,3739,3794,2861,3529,2978,3684,2554,5408,4571,3516,6636,3459,2977,3195,3280,3559
"COG2256",3273,1789,1359,3645,1816,1484,1809,1867,1752,4783,2638,2384,3369,2650,1864,5936,3944,4005,4362,3077,2761,2613,626,969,2086,3140,3105,3859,3718,3685,3439,4488,3777,3293,2547,1345,3748,2073,1837,4381,1272,2818,834,2148,2003,1875,3045,2786,1239,2982,1152,4839,4767,2526,5338,2694,2390,348,4092,2732
"COG2257",77,1,5,64,12,5,9,12,30,31,76,20,11,14,5,15,25,41,27,22,251,36,2,22,10,9,10,33,53,118,39,27,60,93,54,264,185,46,15,36,13,68,24,27,67,31,58,36,78,70,44,97,31,58,41,47,23,12,264,93
"COG2258",1166,1147,861,1435,724,872,873,911,572,692,822,845,563,593,737,1068,1321,931,1140,510,1692,539,851,274,426,355,534,1002,585,1407,975,1425,1238,1392,549,574,1103,753,987,1195,779,1000,655,604,868,581,302,647,871,502,281,303,1314,527,318,909,839,740,701,1312
"COG2259",1259,563,759,1227,883,730,755,783,1266,1723,816,666,659,1126,1057,240,1067,900,448,588,2422,754,986,752,1296,1384,339,1000,735,1935,768,414,1028,1162,520,952,1263,800,779,299,671,493,1095,683,927,1308,850,750,972,698,717,392,372,731,2044,859,633,1140,1074,1010
"COG2260",50,43,17,29,37,23,9,58,2,0,24,0,1,7,91,9,34,17,20,0,0,12,10,0,0,0,2,31,0,24,13,10,27,44,0,0,15,3,15,5,9,15,0,0,22,1,0,0,69,5,0,0,6,0,0,32,4,1,39,27
"COG2261",9,0,0,14,2,0,2,1,5,0,3,1,0,1,3,0,14,10,0,2,6,2,5,0,1,2,0,3,3,22,10,11,39,43,1,70,39,5,0,3,4,4,0,4,10,3,44,5,1,9,8,20,11,3,2,2,1,0,58,17
"COG2262",4757,5912,5672,6319,5915,5643,4781,5531,4401,3753,3116,4884,4828,5343,4885,7508,6587,4506,5379,4846,3881,3388,5087,4679,4828,3811,3527,7224,3138,5058,5862,4557,6658,6023,5372,2058,6575,4325,5096,4821,6144,4899,5364,3635,5751,4653,3338,3850,5469,3281,4271,3577,4862,3218,3196,5529,4929,6172,7210,5624
"COG2263",568,562,365,76,486,382,485,416,10,439,545,75,184,236,131,71,123,323,136,165,64,138,294,13,97,126,127,173,130,77,215,146,232,105,39,59,126,410,422,172,4,533,307,177,252,308,7,191,372,49,31,119,213,127,226,305,238,129,44,225
"COG2264",1358,1984,1702,2177,2082,1658,1963,1902,2323,4489,1136,2467,2720,2523,1991,4240,1792,3374,1822,2671,2723,2743,1227,1473,2351,3451,2947,1827,3409,2471,1828,1604,2072,2014,2715,1419,1791,2249,2204,1604,1097,2696,1573,2243,2235,2274,1937,2504,1301,2924,1774,4009,1639,2686,5187,1806,2420,944,2427,2136
"COG2265",4705,4084,3440,3342,3372,3403,2899,2923,2425,2554,3675,3422,2415,3026,2492,6045,3156,4155,4428,2614,6385,2137,2414,2636,2494,1831,1576,3206,2270,4951,3361,4127,3550,2796,2997,2699,3592,2450,2450,3457,2165,3386,2511,1254,2878,2100,2107,1746,2929,1950,1566,2411,4257,2022,1937,2795,2539,2367,4899,3180
"COG2266",363,282,107,658,3,100,52,235,0,0,36,0,5,7,442,3,705,112,176,0,17,0,20,0,0,0,1,781,2,307,391,72,643,728,8,0,597,42,34,44,70,187,0,0,404,0,0,1,264,0,0,2,26,0,0,135,20,7,877,406
"COG2267",2693,1790,1992,1688,2455,1915,1764,1635,1841,1738,1999,1976,1816,2154,1216,3670,831,1560,935,1575,7255,1971,2056,1681,2756,2082,1752,939,2002,3535,1222,683,754,710,2208,2665,1690,1819,2013,541,2780,1187,2098,1981,1741,2115,3825,1739,2175,1845,1617,2116,808,1957,1406,1915,1876,2709,4250,1610
"COG2268",1461,1837,1546,2245,1765,1641,1715,1568,810,1904,1391,833,1036,1192,1030,791,2525,1768,1257,616,4652,855,1261,463,1012,713,688,1618,948,2609,1698,505,2082,2267,953,1290,2471,1472,1180,652,863,1594,1083,819,1395,1212,1092,883,2224,629,238,740,390,755,1010,1181,976,627,998,1832
"COG2269",918,454,370,925,360,303,257,303,244,353,758,295,199,295,122,1786,727,547,781,292,2354,311,183,337,190,119,151,873,401,1545,635,552,681,638,317,580,940,229,244,491,206,419,116,192,489,169,235,214,451,269,155,444,521,311,196,463,218,106,2097,393
"COG2270",3175,6205,6031,4642,6491,6061,6556,6509,4618,4655,2566,5165,4996,5831,6501,3245,5746,5869,5165,5830,1027,4077,6730,9183,6074,4875,4884,5259,3469,3208,5711,5587,5679,5016,4893,1490,4954,6905,6510,6175,7033,7176,7884,5262,5945,6632,2502,5241,7096,3823,4734,3744,5467,3978,3953,6414,5725,7487,2320,6847
"COG2271",274,593,355,790,523,403,416,380,74,121,277,79,134,242,132,229,685,479,733,17,198,142,304,141,112,90,82,581,53,476,377,575,812,762,87,290,446,231,342,555,81,763,255,46,434,190,2,142,437,89,38,70,518,146,150,253,188,248,268,528
"COG2272",722,3938,4275,3106,3455,4651,3751,3683,4261,2522,999,5238,3172,4713,2363,3934,2633,2977,2959,4872,2975,4461,4557,5467,6233,5100,3154,3118,3593,3470,3313,933,3379,2481,2881,1703,3086,2749,3201,2414,1534,3285,5572,3568,3801,5182,4358,3136,4457,3661,5363,4160,1546,3582,3050,3800,3714,4144,1690,2383
"COG2273",6546,2821,2797,1535,3826,2883,3002,2956,2125,2383,5496,2818,2159,2656,1790,5035,2128,2469,3708,3104,5827,2631,4033,4247,3869,2408,2150,2368,2817,2979,2963,3983,2053,1196,2873,1639,3138,3121,2400,3677,1600,1665,4916,1768,2040,3480,1680,2259,4239,2038,2318,3191,4389,2399,2672,2773,2440,5101,2475,1089
"COG2274",5256,1840,1587,2430,3175,1759,2984,2012,2890,5703,3684,2947,4293,4987,1168,829,2238,3825,5218,2555,10175,2959,1357,1354,3057,4727,3461,2314,3843,5346,3212,3936,2162,2480,5341,2521,2308,3789,2634,5471,1089,2775,1980,2568,2348,3027,8176,3265,1643,3671,1888,5128,4174,3277,6598,2293,3445,1335,2926,1837
"COG2301",1061,3789,3179,3986,3032,3402,3290,3861,4825,1924,380,3941,2776,3431,4830,1175,4494,3823,2714,3702,443,4000,4027,2461,3458,2926,2475,3954,3003,2549,3007,1631,4375,4836,3320,1007,3643,3063,3233,2157,3428,4611,2978,3390,4589,3322,3968,2881,4141,3590,4349,2799,1591,3381,1765,3349,3160,3252,2253,4208
"COG2302",4,188,123,4,414,153,460,223,489,2595,9,563,1631,1092,163,0,12,854,87,1198,8,1228,71,98,716,2114,2016,5,2112,20,205,1,3,155,1058,43,1,832,752,122,3,183,413,1103,168,972,4,1316,90,1507,559,2677,0,1414,3593,376,1017,3,0,39
"COG2303",10715,19444,20113,21204,16663,20672,19222,19519,24539,21087,8027,21961,18933,21056,19289,26105,20007,19108,16517,19770,16987,19794,19788,21190,22689,22687,17900,16584,18694,18315,17182,13304,20747,22522,21895,7692,16476,17672,18941,16739,18734,22607,17884,20556,21556,21002,14431,19680,17375,20659,23884,19799,12860,18584,23060,19705,19387,17621,12671,18205
"COG2304",9849,4746,4356,6776,4727,4465,3967,4635,4075,5509,8416,4449,2795,3812,3488,7254,6101,5658,9881,3508,11960,3345,4213,3397,5147,2210,1872,7665,4031,9008,6803,9092,6614,5186,3577,3759,7209,3839,2446,9806,4527,5563,4569,1782,5487,3927,4021,2952,4560,2461,2841,3887,9673,2929,3686,3978,2324,3902,7574,6137
"COG2306",1,4,1,36,2,3,11,11,0,2,0,0,1,2,14,0,40,24,8,0,2,0,0,0,0,0,0,23,1,12,13,2,39,44,2,1,37,4,1,9,0,24,1,0,29,0,0,3,0,0,1,1,0,0,0,2,0,1,5,44
"COG2307",385,210,222,393,83,271,446,355,565,210,357,699,907,80,559,5,166,921,199,1151,1157,1298,260,922,22,1079,1330,204,1716,468,326,434,480,684,2462,1684,986,2193,1460,479,1546,1112,171,3187,193,155,1802,2440,866,3506,3919,4924,425,3387,237,1375,2173,28,723,215
"COG2308",1223,1229,1826,1603,770,2059,3150,3280,3393,938,1347,3746,5232,797,5590,38,749,4803,778,8719,4558,9223,2692,10162,198,5935,7684,789,9335,1901,506,629,784,1223,4604,2168,1582,5094,2898,787,2443,2945,646,6275,496,595,2533,4916,2566,7980,11021,8182,691,6547,404,3222,4108,446,1488,371
"COG2309",2849,1930,1823,1721,1995,2015,2309,2187,1152,1941,2549,1278,1257,1545,833,78,1846,2089,1337,1132,282,849,1258,813,1481,1196,959,2048,878,964,1630,1284,1897,1780,993,237,1470,1822,1919,1416,162,3118,1435,1167,2199,1572,938,1394,1284,868,997,1157,1842,993,1211,1757,1685,1041,584,1702
"COG2310",27,9,16,260,84,14,23,39,11,156,54,27,19,47,20,82,14,69,25,13,209,32,5,15,5,17,7,124,67,238,16,9,12,11,1,411,100,10,3,19,1,1,7,8,4,8,7,10,3,42,7,12,18,61,8,8,3,0,11,8
"COG2311",780,475,801,471,985,823,876,963,526,550,616,634,795,977,1124,386,455,1208,298,882,2528,398,935,936,993,585,519,377,528,989,161,90,122,126,223,156,202,239,304,64,247,387,404,167,379,324,454,256,290,144,127,171,103,129,172,424,232,639,135,247
"COG2312",336,34,32,90,38,20,26,52,35,52,465,28,19,24,32,8,70,29,65,5,39,25,40,0,11,16,10,46,30,96,56,332,263,168,31,28,200,42,12,86,105,46,4,14,37,26,189,16,5,37,16,18,414,22,20,6,13,15,153,77
"COG2313",289,944,971,1268,804,1020,867,1085,643,553,489,467,576,700,546,1029,1509,737,2130,497,48,497,856,417,811,644,550,1717,445,853,1398,1559,1624,1202,690,50,1330,727,977,2142,386,861,965,592,836,735,1212,663,760,458,575,472,1552,502,408,1066,808,940,776,707
"COG2314",40,29,6,163,107,22,52,28,59,178,123,39,63,65,80,3,28,117,56,48,80,62,36,341,50,61,10,77,96,197,48,43,61,65,59,314,59,173,104,48,13,112,111,59,69,85,111,43,56,69,10,82,44,84,84,14,75,18,208,90
"COG2315",238,109,94,174,102,110,136,113,80,201,241,71,62,90,80,306,144,233,123,72,745,70,77,16,67,69,39,135,134,439,112,24,173,104,34,246,354,106,62,42,31,147,54,29,169,52,374,54,145,48,21,88,39,84,54,80,68,50,264,178
"COG2316",647,80,75,303,158,71,48,96,18,89,715,4,52,63,85,0,376,170,487,33,21,16,80,36,68,10,15,405,10,198,288,759,398,335,61,15,313,55,13,654,1,213,85,14,140,79,5,32,61,8,29,10,894,26,67,77,12,278,168,250
"COG2317",642,2758,2506,1040,2946,2578,3215,2568,2772,7508,851,2806,4361,4047,1251,1063,1302,3869,1909,3648,427,3895,1791,1059,3299,5864,5687,1287,5366,801,2037,1294,1386,1223,3410,321,1193,3711,3577,1951,339,3645,2528,4568,2743,3942,1619,4207,1548,4156,3120,6172,1206,4148,8540,2605,4128,1044,398,2329
"COG2318",234,75,52,307,72,40,76,70,130,207,132,88,40,76,39,16,200,156,36,69,295,66,16,80,24,25,29,267,104,459,74,59,222,176,114,357,219,103,48,32,20,242,8,64,126,37,632,57,25,66,80,141,68,38,43,67,48,6,215,62
"COG2319",3780,17643,6903,3552,18222,7758,9462,9000,3157,8088,2932,3823,7180,7960,3086,9937,3638,11134,3984,3585,5651,9927,1250,2293,3064,5148,6947,3436,6643,3755,4351,3267,3571,3936,3276,3265,3610,6142,10603,3817,687,10303,2568,3104,6448,5328,1211,5139,2520,8105,2834,8063,3690,4721,8821,5617,5789,1110,2130,5427
"COG2320",33,11,15,25,22,9,14,3,1,38,81,1,19,19,14,0,31,23,18,10,19,22,10,0,8,5,9,23,26,19,36,56,30,57,18,110,45,76,12,61,0,70,31,11,77,46,150,15,15,26,16,43,70,50,67,28,4,9,21,53
"COG2321",44,2,2,283,39,13,40,33,59,161,94,20,79,82,78,2,90,201,96,21,99,112,12,6,34,97,93,95,251,355,53,17,127,109,42,274,176,53,19,73,9,37,26,84,34,56,452,79,36,110,37,196,12,134,211,12,38,1,105,70
"COG2322",193,188,192,191,236,211,161,160,196,181,243,250,132,173,110,337,219,155,297,186,27,138,228,268,291,107,94,251,174,142,831,879,826,488,684,98,693,537,389,851,321,503,695,235,460,566,119,391,370,272,427,525,888,371,488,608,388,740,405,424
"COG2323",75,0,0,165,25,5,43,43,36,21,94,5,2,7,32,3,167,86,36,9,75,32,15,4,16,7,2,69,64,314,95,27,280,115,19,46,492,37,5,12,2,18,2,10,24,7,269,1,107,67,20,50,64,25,11,10,4,0,241,68
"COG2324",25,88,180,39,90,163,110,184,121,78,30,188,58,81,154,269,20,148,94,184,11,68,202,50,120,93,95,28,90,61,82,53,27,35,63,19,18,165,74,88,66,147,232,71,134,162,0,87,234,89,49,150,16,107,138,155,82,157,33,171
"COG2326",1471,1679,1791,1346,2321,1824,1985,1932,1775,1673,1616,1853,1717,1955,1415,1573,1160,2089,1659,2583,2965,1998,1782,1848,1718,1575,1588,1342,1839,1819,1425,771,1246,841,3018,3191,1583,2773,1942,888,1049,1724,2405,1398,1342,1860,2446,1409,2113,1633,2183,1955,850,2058,1507,2196,2059,1731,1216,1282
"COG2327",589,189,55,338,347,77,357,93,163,380,357,158,578,606,86,23,287,184,317,40,251,276,21,119,94,68,71,207,166,448,171,336,250,207,753,395,246,289,390,454,70,104,61,34,127,66,107,113,206,268,29,190,447,144,158,97,591,42,337,107
"COG2329",126,378,558,1255,1339,547,476,438,1941,642,143,845,521,1272,478,575,1179,572,504,372,508,924,986,372,1262,845,291,945,534,809,764,313,1099,1058,511,586,968,423,354,574,251,500,1390,531,1182,1259,1122,557,407,565,2071,347,360,748,593,409,330,1597,610,667
"COG2331",821,464,443,721,263,456,363,393,358,186,1294,469,277,340,379,718,677,484,736,501,60,341,392,437,426,346,282,811,228,447,572,733,768,702,373,103,562,221,348,885,474,511,369,300,478,309,165,261,482,280,566,250,819,279,183,427,354,295,252,712
"COG2332",1055,2118,2682,1493,2071,2649,2234,2258,2603,925,1083,2432,2133,2059,2412,1581,1646,1549,1771,2266,1148,2302,3050,4164,2329,2000,2024,1534,1809,1396,1992,1894,1575,1686,2340,612,1580,2188,2448,1841,3282,1748,2583,2474,1998,2253,767,2329,1982,2490,3074,1419,1615,2194,962,2321,2366,2822,999,1898
"COG2333",4248,145,41,1658,453,71,216,195,347,507,3970,269,89,211,173,725,1020,1038,2595,151,4222,344,86,353,161,53,44,1136,547,2840,1045,3843,1181,1375,194,982,1385,202,65,3393,110,582,50,52,559,88,1238,142,574,71,117,223,4441,222,171,172,72,47,1963,781
"COG2334",4234,6172,7644,5681,6431,6981,6355,6039,6562,3434,4442,5570,5126,5342,5278,7388,6078,4634,5868,4716,2737,4731,7172,5572,6660,4532,4215,6623,4189,5084,6291,5480,6151,6028,6851,1936,5888,6329,5872,5474,6145,5822,6077,5776,5874,5623,2247,5585,4321,5209,6106,3561,5356,5044,3285,6187,5903,7114,5260,5345
"COG2335",733,2072,2115,600,4148,2104,1937,2262,1926,3231,709,1541,1327,2288,859,3733,600,1719,188,1529,826,1497,1607,908,2296,1206,893,246,1394,865,1222,81,1600,547,1157,735,1169,1637,1810,91,528,1866,2380,950,1753,2821,2624,1028,1545,893,1960,1302,102,1236,2419,1699,1266,1381,419,637
"COG2336",11,0,0,17,2,2,0,0,3,17,16,2,0,1,1,1,4,1,9,0,174,4,0,0,1,0,1,3,1,10,0,20,4,3,1,9,20,1,1,5,0,0,0,0,1,1,14,0,34,0,1,3,27,1,2,1,1,0,21,4
"COG2337",77,55,42,105,23,36,11,13,6,30,229,19,12,27,1,60,92,14,109,1,324,16,3,22,3,8,4,140,28,69,43,134,154,148,22,37,146,27,9,101,41,8,3,16,15,5,160,8,1,5,18,10,150,12,8,19,9,1,79,68
"COG2339",444,502,556,698,413,555,457,608,602,346,403,446,415,462,543,842,774,367,692,408,48,406,672,548,516,302,352,787,323,395,830,998,691,746,302,82,607,618,534,790,470,391,665,491,448,615,2,473,483,428,511,319,793,466,428,683,506,539,317,475
"COG2340",396,284,537,330,835,492,665,703,474,494,275,559,740,730,596,419,214,271,111,529,118,375,676,521,773,445,670,178,297,282,360,77,303,367,701,813,315,796,743,84,2230,344,658,877,680,711,905,778,597,549,235,386,162,502,275,829,548,1447,242,513
"COG2342",4,25,7,84,19,10,29,14,0,263,6,0,6,53,7,1,42,52,10,25,2,37,12,7,11,2,8,31,19,56,13,22,57,74,14,35,38,24,9,12,3,42,7,11,27,5,349,14,7,6,1,11,29,9,15,17,5,12,158,45
"COG2343",66,365,122,216,254,155,281,328,143,246,34,162,276,301,404,79,228,429,168,154,36,252,50,76,85,91,99,159,159,165,136,119,327,257,389,205,236,342,267,156,49,522,50,104,600,101,714,131,204,199,56,247,109,117,111,190,234,62,22,491
"COG2344",80,233,336,527,498,342,470,554,188,175,33,233,482,467,679,0,523,487,441,346,80,145,451,322,227,295,476,497,113,326,325,354,602,562,445,127,344,443,494,417,1027,584,451,564,497,395,5,549,596,360,137,104,430,281,107,652,368,821,174,605
"COG2345",30,36,15,19,104,11,101,17,38,55,21,46,181,175,23,0,23,70,48,14,29,10,1,7,14,13,14,43,21,21,101,52,160,95,717,21,96,217,266,198,9,192,11,14,180,32,426,78,27,72,12,111,76,32,84,33,426,9,16,122
"COG2346",577,71,95,489,180,86,136,89,117,239,479,84,63,112,160,155,262,348,266,55,1692,162,103,77,83,42,49,252,228,1004,117,122,282,300,175,463,416,165,104,137,114,215,34,71,205,64,1132,68,201,36,42,69,86,125,67,126,79,159,926,277
"COG2348",254,23,44,41,41,50,52,101,24,25,25,59,46,46,80,22,87,66,83,26,6,47,157,0,18,36,59,87,27,28,62,82,125,58,24,34,57,42,39,147,18,99,34,69,66,39,8,73,135,52,93,14,147,60,33,34,39,67,60,120
"COG2350",277,271,195,324,216,206,219,229,221,1122,198,312,491,416,120,338,221,493,196,417,689,508,120,112,369,819,713,279,773,513,212,97,229,241,442,255,337,352,304,175,81,215,220,491,170,421,516,407,224,566,294,993,104,556,1495,253,434,62,356,132
"COG2351",490,805,1066,838,727,1060,967,897,712,460,307,606,744,733,782,824,949,611,941,592,621,751,1002,327,889,585,720,845,624,820,1004,836,845,1019,907,255,836,833,1013,1024,353,691,618,789,713,704,441,832,724,979,749,766,722,628,374,745,1018,677,478,874
"COG2352",4370,6263,7850,4759,7828,7837,8007,7069,10003,11404,4824,9120,11327,10468,7800,4668,5642,6207,5985,11704,6760,10017,10476,8269,9213,11536,11351,5119,11176,6063,7246,7277,4863,6510,11867,4029,5847,8553,9312,6211,14307,4652,10218,10633,6127,10616,3884,10975,7220,11498,11380,12189,6106,10304,14021,7674,10632,10765,6473,3354
"COG2353",261,300,308,398,402,291,256,297,310,408,340,310,217,331,247,507,256,358,238,313,588,337,463,390,408,179,157,302,393,563,840,590,903,781,1048,1044,1137,864,753,541,814,902,975,693,943,1067,2491,703,844,698,786,934,728,784,936,1042,693,1279,2382,763
"COG2354",1022,8,7,517,72,21,75,37,165,239,710,32,30,56,82,139,281,349,143,28,2698,150,52,23,92,41,23,189,308,1318,173,64,282,187,59,720,741,44,29,48,23,43,17,44,90,60,431,44,285,92,49,196,75,115,118,72,23,14,640,93
"COG2355",4598,5312,5476,5723,4480,5866,5157,5527,6476,2588,3749,5295,4286,4663,5792,7205,7089,4471,5575,4668,5394,4008,6096,5553,5809,3995,3535,6000,3291,5078,5715,4638,6688,6601,4723,2898,6058,4278,4756,4765,5445,5915,6212,4703,5903,5154,2856,4314,5688,4221,5999,3028,4834,4103,2719,5088,4765,5959,3546,6104
"COG2356",2790,907,866,893,1034,988,583,847,806,1296,1677,675,529,660,388,3107,906,1362,1015,587,6792,633,767,933,1098,440,412,819,972,2449,878,727,859,527,625,1912,1723,897,553,653,1131,492,831,400,646,885,777,574,657,672,462,1155,620,724,1049,608,482,670,1709,803
"COG2357",87,5,11,133,38,11,26,13,10,5,118,6,3,16,22,5,148,28,5,1,13,29,15,2,15,3,7,29,60,29,20,68,117,83,6,169,84,51,8,16,5,2,13,15,11,14,13,5,3,16,20,14,72,10,10,1,10,11,15,13
"COG2358",1417,3435,3406,3425,2538,3198,3472,3508,2451,1766,1466,3040,2828,2371,3293,3246,3169,2958,3547,2327,713,3277,2914,2347,2156,2050,2282,3051,2825,3086,3289,4122,2942,3611,3353,1974,3243,3395,3801,3622,3748,3397,1927,3055,2801,2449,9061,3185,3156,3321,2081,2695,3558,2987,1378,3293,3348,2270,3708,3433
"COG2359",23,0,0,0,1,0,0,0,0,2,96,2,0,0,0,17,0,0,0,1,0,14,0,0,0,0,0,1,0,1,1,4,0,1,0,21,0,0,0,3,0,0,0,0,0,1,0,0,0,7,2,2,9,0,1,0,0,1,0,0
"COG2360",219,229,243,507,276,241,202,231,307,258,227,307,197,220,123,877,427,293,457,198,563,269,201,250,350,221,177,506,260,630,1175,1217,1506,1253,1215,555,1489,555,714,1117,385,940,428,703,828,636,1619,617,563,828,1036,984,1173,780,597,760,772,424,2398,783
"COG2361",98,3,2,55,12,1,4,1,1,20,142,1,2,4,5,0,52,9,16,0,7,7,1,4,1,1,0,39,8,11,13,62,20,20,21,67,42,20,2,34,1,3,1,5,3,1,3,3,3,3,0,4,97,4,8,0,2,0,6,6
"COG2362",1317,227,127,620,111,134,232,252,20,84,1348,28,44,97,318,3,787,515,1112,125,69,45,249,16,54,110,121,693,79,348,580,1403,851,590,35,6,738,222,133,1438,31,480,267,66,315,164,51,127,308,30,22,44,1542,129,100,148,101,216,319,652
"COG2363",469,256,205,495,252,212,236,287,264,342,427,331,112,201,221,748,440,441,539,241,812,171,241,385,261,165,130,433,229,678,327,541,453,370,202,428,530,231,111,545,123,320,304,77,331,224,296,161,341,144,122,224,515,236,197,207,97,206,453,466
"COG2364",193,2904,3190,1178,2196,3260,2868,2665,2745,911,136,2516,2308,2268,2755,2754,1379,1307,1411,2079,110,1846,3176,2576,2332,1762,2022,1467,1458,882,1854,872,1782,1694,2247,464,1252,2645,2734,969,4871,1859,2794,2512,2134,2413,9,2436,3004,2193,2293,1051,764,2022,880,2783,2557,3485,687,1672
"COG2365",226,1073,1152,1118,886,1119,864,1074,732,689,196,840,699,819,631,878,960,900,571,864,126,1200,875,816,790,1047,625,877,817,932,644,273,1066,984,1089,299,831,713,929,536,433,913,657,716,868,717,1329,639,867,1037,733,1133,338,701,581,1212,905,783,885,818
"COG2366",10815,5815,5956,7751,5316,5950,5158,6351,4745,3343,9648,5202,3809,4678,6788,5810,8902,7065,9107,5318,9174,3651,7209,4246,6420,3959,3146,8826,3924,9308,7303,8414,8933,6527,5145,5115,8338,5309,4341,8355,6940,6464,8059,3008,6449,5646,2909,4263,8591,2939,3344,3861,9768,3858,3335,7067,3951,9222,9370,7457
"COG2367",430,271,135,663,624,193,699,350,191,408,379,161,830,836,579,9,644,1141,583,244,228,279,187,11321,157,120,182,503,330,524,473,375,601,644,1046,188,626,533,749,872,37,910,218,128,523,226,1046,265,247,337,99,379,448,230,293,461,849,565,199,867
"COG2368",2109,2293,1462,6864,641,1485,1541,2502,245,400,226,654,1070,605,2350,192,7110,1539,1719,1043,139,654,979,1058,221,667,1262,5701,625,3382,2812,985,6583,6911,1289,70,5076,1283,1365,1294,2592,2721,211,1285,2672,302,183,1221,2360,972,514,742,904,799,246,1914,1156,370,4394,3123
"COG2369",598,2,1,142,62,3,33,7,44,88,530,11,3,29,23,0,81,94,78,1,553,29,15,3,34,5,2,52,112,774,77,25,76,31,48,277,255,9,3,20,1,8,3,8,7,24,511,20,37,7,5,52,19,64,41,8,0,1,365,53
"COG2370",41,331,428,153,173,430,325,297,270,137,123,232,95,298,376,34,73,370,288,236,819,219,326,85,308,101,122,108,421,229,228,117,138,164,134,109,114,300,225,392,554,309,220,142,417,191,441,152,371,573,88,865,155,383,118,210,313,191,88,374
"COG2371",154,325,360,317,324,371,612,480,426,478,143,627,913,460,362,1,240,678,525,878,287,947,279,334,164,1468,1112,303,1124,362,443,526,208,312,1034,156,261,718,572,559,33,514,89,927,263,238,519,844,223,1167,736,1372,463,895,639,494,814,27,212,398
"COG2372",22,58,15,156,18,12,52,31,16,6,8,25,19,14,167,0,143,479,59,41,11,78,10,17,3,17,17,111,40,50,59,52,128,121,24,4,93,16,20,85,1,427,1,17,191,6,5,12,15,6,5,10,46,9,7,24,9,5,23,329
"COG2373",90,215,162,441,429,150,295,246,282,813,422,264,166,389,100,440,469,463,403,132,172,250,102,57,282,107,68,435,359,444,1083,1176,1762,1119,789,2826,1978,854,363,1228,196,1079,579,248,1274,879,4046,528,217,302,460,710,954,601,1063,512,432,144,1026,1258
"COG2374",5534,1585,1441,1878,2767,1473,2451,2356,1930,3181,4904,1310,2401,1703,1851,1851,1932,3387,2407,1822,8547,3431,1945,1681,2510,1405,2775,1799,3468,3880,2116,2834,1391,1247,2208,2337,2341,3235,5038,2601,474,2750,1632,1762,2238,1902,268,2329,3708,1636,1481,2710,3352,2459,1820,2379,3484,3762,2286,1943
"COG2375",915,44,241,559,797,264,222,210,1190,514,557,407,187,779,161,258,524,356,134,89,2308,280,507,13,896,717,36,240,307,1175,344,71,397,254,92,462,664,127,101,36,44,117,650,124,657,757,1610,190,345,89,348,126,49,304,458,123,55,925,1427,341
"COG2376",147,1407,1430,1177,899,1547,1699,1415,1236,534,146,1642,1269,1113,1919,1141,1574,1117,1025,980,121,1635,1602,838,1330,952,1367,1381,1199,629,1382,1022,1501,1444,1346,195,1679,1700,1445,1079,1445,1281,1004,1536,1224,1025,767,1516,1581,1518,1501,785,766,1192,514,1084,1466,955,608,1667
"COG2377",3283,5051,6165,2593,5095,5948,5080,4919,6884,3192,2740,6224,5167,5202,4991,5627,2721,3702,3708,5625,3113,5296,6672,8540,6317,4734,4233,2746,4340,3144,4304,4160,2718,3252,5757,1517,2977,5315,5443,4365,6464,3607,5804,5495,4404,5339,2130,4886,4597,5517,7739,3751,4075,4638,2983,5369,5795,6470,3293,4024
"COG2378",1724,253,301,1938,742,325,467,541,496,805,1402,285,300,468,461,77,1266,1357,1649,349,7868,693,297,386,377,196,183,1316,909,3632,895,1889,1217,1193,426,1913,1647,557,305,1757,66,842,286,283,772,359,1485,387,1025,262,283,475,2285,512,363,661,247,768,1338,790
"COG2379",597,433,295,807,373,264,339,436,296,314,194,305,294,290,451,102,897,359,413,291,81,340,224,281,304,303,331,859,274,510,1653,1636,2396,2858,1170,303,2409,762,1273,1403,775,1559,449,1086,2025,743,1868,866,1224,1014,809,1116,1975,912,699,1163,1245,515,4161,1984
"COG2380",0,23,5,0,0,1,1,17,0,0,0,0,0,0,37,0,0,120,0,1,2,0,0,0,0,0,0,0,0,0,0,1,0,0,0,0,0,3,0,0,0,56,0,0,16,0,0,0,7,0,0,0,4,0,0,10,0,0,0,50
"COG2382",42,44,47,95,66,45,54,106,53,100,84,71,63,65,24,57,126,130,68,70,373,49,9,34,71,57,37,75,45,93,257,113,547,235,179,69,596,95,43,149,10,382,101,84,286,196,212,203,15,91,116,126,161,101,164,143,51,26,96,298
"COG2384",54,56,3,3,9,16,2,10,20,9,46,40,0,5,1,304,3,11,1,0,36,1,15,1,2,3,0,5,0,124,1,1,0,3,11,24,82,6,0,1,6,15,0,1,11,4,3,1,9,3,0,2,8,10,1,3,1,0,301,6
"COG2385",553,1220,1002,405,1967,1128,2314,1615,1997,8340,750,2847,5724,4227,1628,218,548,2944,1328,4887,71,3878,1548,1162,2414,6310,6514,608,6143,618,1298,1177,540,767,4512,254,351,3377,2891,1742,2673,1381,1907,4185,1129,3127,12,4674,1881,4995,1869,7831,1346,4400,10978,2032,4097,1241,1891,848
"COG2386",1465,1426,1426,1759,1041,1380,1121,1383,1523,785,1329,1631,882,1298,1307,1366,1805,1590,1828,1373,1558,1349,1275,1323,1450,1139,973,1726,1054,1593,478,588,608,569,395,201,533,330,368,626,290,631,433,362,510,416,328,359,397,362,633,403,581,349,236,429,396,382,319,658
"COG2388",46,29,10,157,30,6,38,18,12,18,75,3,3,13,34,15,62,88,42,7,51,48,8,4,10,5,5,63,81,145,40,29,106,41,6,167,156,15,7,52,3,18,23,6,18,8,308,3,18,16,15,24,22,24,15,9,4,8,60,40
"COG2389",6,68,15,0,198,10,179,9,25,147,2,51,401,332,4,0,1,35,77,11,0,32,0,9,5,17,18,1,20,2,32,2,2,9,516,6,1,114,202,79,4,38,0,7,40,7,2,29,2,110,0,72,0,12,47,12,346,5,1,21
"COG2390",431,247,212,625,246,213,212,313,432,202,277,685,203,183,97,362,447,283,324,169,766,393,124,178,298,191,177,396,351,566,333,203,694,277,279,143,554,146,330,201,171,187,59,241,134,139,858,171,240,159,104,203,234,285,155,357,325,55,561,120
"COG2391",825,1185,840,2719,644,783,1015,920,517,485,1005,971,1021,527,634,1638,2428,907,2160,512,298,720,556,850,334,293,808,2162,635,2105,1874,2656,2526,2367,1697,519,2144,701,2043,2569,2281,1148,213,880,617,248,2318,896,653,645,221,750,2259,714,221,1081,1976,372,2209,1136
"COG2401",34,0,2,14,16,1,9,5,10,1,21,0,5,7,9,0,0,10,0,0,1,7,0,3,0,1,3,6,5,0,2,2,0,4,8,206,14,2,6,0,1,1,0,3,25,5,444,3,5,5,1,4,0,14,3,2,5,0,0,1
"COG2402",11,0,0,4,16,0,7,1,0,2,34,0,6,13,0,0,3,21,6,1,5,8,0,1,0,1,0,0,8,2,2,22,6,6,9,69,2,26,1,20,0,5,9,0,6,5,4,2,0,1,3,0,10,3,8,0,1,3,0,0
"COG2403",2004,1,1,143,15,0,19,2,0,1,2051,0,2,1,0,0,237,0,661,0,0,0,0,0,0,0,1,235,1,134,243,2215,124,104,3,0,171,1,14,1453,0,2,3,0,4,1,0,0,0,0,0,0,2638,1,13,0,17,1,99,2
"COG2404",107,4,3,33,23,3,2,4,5,13,1071,6,5,10,23,2,25,22,2,1,12,7,3,8,1,14,5,5,9,48,16,64,31,60,5,269,46,6,6,64,17,96,19,67,64,18,316,47,5,33,7,17,154,44,18,2,4,16,52,103
"COG2405",62,0,0,0,0,0,0,0,1,0,93,0,0,0,0,0,0,0,0,0,0,0,0,0,0,0,0,0,1,0,0,17,0,0,0,0,1,0,0,2,0,0,14,0,1,3,3,0,0,0,2,0,31,0,0,0,0,1,0,0
"COG2406",548,350,97,681,49,122,75,266,0,5,29,0,15,14,444,1,788,138,184,0,6,0,22,0,0,0,1,974,0,303,443,55,723,796,14,1,725,24,23,27,81,227,0,1,162,2,0,4,383,2,0,1,16,0,3,163,19,4,1186,367
"COG2407",96,765,1003,507,329,940,726,700,516,258,66,782,514,387,364,848,661,433,1050,531,43,639,423,539,388,490,585,772,570,317,626,486,754,447,708,32,728,632,760,1118,434,801,331,764,396,318,16,771,225,584,1046,610,511,507,209,794,768,276,200,440
"COG2409",366,1953,1481,1521,1996,1621,2009,1882,45,1705,214,441,817,1093,2854,115,1388,2866,628,937,523,1215,1489,42,302,662,658,738,769,435,783,440,1562,1085,278,274,785,1917,1444,533,29,3589,1381,661,2179,1118,8,758,1907,243,219,543,467,666,851,1340,1009,659,178,2352
"COG2410",26,5,0,108,0,0,1,14,0,0,22,0,0,0,17,0,84,105,3,2,3,0,0,0,0,0,0,25,0,59,11,29,89,105,0,0,26,1,0,5,0,115,0,0,31,0,0,0,4,0,0,0,11,0,0,4,1,0,3,46
"COG2412",483,145,46,501,2,40,26,103,0,1,546,0,3,4,214,0,504,39,123,0,8,0,9,0,0,0,0,586,0,214,253,87,489,531,3,1,457,19,28,47,36,89,0,0,239,0,0,0,136,1,0,2,91,0,0,74,6,5,655,236
"COG2413",4,17,38,8,13,32,14,37,14,6,28,2,1,24,3,39,8,7,93,1,3,0,35,0,29,5,0,7,1,4,43,71,9,9,8,9,55,14,11,94,0,7,34,0,27,22,1,1,48,3,3,3,105,0,19,13,11,23,0,28
"COG2414",2835,612,218,2353,805,276,739,776,47,345,2511,94,413,297,433,19,2257,1207,4017,224,169,494,91,69,26,83,421,1698,364,1204,2045,6846,2007,2315,440,38,1521,551,1304,5916,52,1981,35,321,963,70,6,347,176,258,77,478,8632,335,144,472,960,174,400,1742
"COG2421",1687,597,347,3250,630,415,707,797,572,698,1707,534,507,755,595,501,2588,1327,1233,374,510,775,427,356,450,359,390,1666,850,2047,872,1736,2560,2591,615,810,1884,753,524,1265,150,1723,521,406,1268,562,2341,505,659,349,848,506,1949,684,414,432,427,437,1010,1808
"COG2423",2674,2161,1763,3000,1267,1783,1805,2151,944,748,2825,839,917,1340,2744,1512,3481,2498,3181,953,832,627,1621,381,1230,763,766,3204,610,2252,2514,4786,3152,2795,1110,879,2494,1421,1177,3709,323,4036,1379,670,3261,1051,2128,823,2185,643,629,749,5355,787,587,1774,1099,1788,1736,3082
"COG2425",483,166,48,1,127,38,78,43,26,24,988,133,47,66,8,0,1,22,22,11,91,62,0,10,17,12,34,5,13,15,6,2,4,1,6,124,1,6,42,0,17,15,0,4,13,6,119,9,1,26,4,17,7,24,12,15,18,3,4,7
"COG2426",274,222,219,10,267,187,176,407,8,130,505,0,238,113,138,54,10,226,52,145,40,77,206,9,14,231,60,8,45,19,111,56,30,21,23,38,16,293,411,67,18,198,323,62,102,254,85,170,348,45,0,111,140,132,179,339,218,81,23,167
"COG2428",39,0,0,0,0,1,1,2,0,0,103,0,0,1,0,16,0,1,0,0,0,5,0,1,0,0,3,0,2,0,0,13,0,0,0,0,0,0,0,3,0,0,0,0,0,1,0,0,0,6,0,0,33,1,1,0,1,0,0,0
"COG2429",602,444,141,981,6,163,71,354,0,2,44,0,9,8,557,2,1094,154,260,1,16,0,25,0,0,0,0,1206,0,425,559,127,923,1129,7,0,1019,40,46,33,117,322,0,0,670,0,0,4,342,1,0,1,33,0,0,185,25,6,1523,715
"COG2430",10,189,40,10,0,57,1,63,0,0,17,0,0,0,0,0,6,0,81,0,0,0,0,0,0,0,0,6,0,3,4,28,135,49,2,0,11,0,0,22,56,2,0,0,0,0,0,0,0,0,0,0,26,0,0,110,0,0,0,0
"COG2431",32,0,0,136,4,0,0,5,52,54,28,3,2,0,16,2,34,27,3,2,120,10,0,0,7,5,8,50,29,58,6,2,8,30,14,31,23,7,2,8,5,14,0,7,8,5,146,10,16,23,2,26,7,88,0,2,2,1,21,66
"COG2433",130,0,1,0,0,0,10,0,0,0,42,0,1,0,0,0,0,0,2,0,1,0,0,0,0,0,1,0,0,0,0,17,0,0,17,0,0,0,43,10,0,0,0,2,0,0,0,1,0,0,0,0,46,0,0,0,29,0,0,0
"COG2440",8,0,0,23,0,0,3,4,0,6,0,0,2,0,0,0,22,2,0,0,1,1,1,4,1,0,0,29,0,7,47,11,50,66,3,2,79,7,7,22,0,19,3,2,4,0,6,6,1,1,0,1,5,4,5,5,2,0,97,13
"COG2442",72,2,0,39,5,3,7,1,9,8,54,17,7,1,5,0,47,10,18,0,6,6,0,8,1,3,6,6,7,21,2,63,24,43,28,28,15,25,22,15,0,10,32,11,3,3,8,4,2,0,5,2,56,9,1,0,11,3,1,10
"COG2443",44,190,163,38,141,156,209,148,0,177,129,43,71,70,46,1,77,122,37,72,26,36,119,3,21,61,54,69,42,33,87,8,85,29,12,16,84,150,113,27,3,211,110,26,99,113,0,67,159,17,5,50,35,60,83,89,52,41,32,105
"COG2445",86,0,1,11,10,0,1,9,0,3,82,2,0,2,2,0,0,1,13,1,6,7,2,0,2,2,0,7,7,22,1,29,5,3,3,95,7,18,0,21,4,3,0,0,2,2,2,0,5,0,0,5,32,8,0,1,0,2,47,2
"COG2450",1,43,15,3,10,16,7,17,0,20,4,0,3,11,14,0,7,48,18,29,5,1,7,1,2,1,6,10,8,1,12,12,15,2,1,2,5,19,9,8,0,47,34,21,18,32,0,17,22,0,4,10,5,16,11,33,8,3,4,14
"COG2451",364,36,16,2,43,15,7,9,7,0,720,1,7,13,0,17,0,3,5,2,0,15,0,0,2,2,3,3,2,0,11,54,1,1,2,1,0,1,24,29,0,3,0,0,4,3,0,1,0,7,0,1,152,1,6,5,13,1,1,3
"COG2452",53,3,0,13,2,2,21,0,0,0,121,3,0,2,1,0,16,6,7,1,15,0,1,0,3,0,0,25,1,10,19,120,59,44,19,19,143,5,1,94,567,15,4,0,8,5,0,0,1,14,3,7,39,2,1,33,9,1,24,24
"COG2453",752,1067,770,1295,715,773,598,855,533,341,184,449,393,534,785,1143,1421,544,467,446,145,776,322,448,457,352,336,1296,338,682,880,480,1258,1427,574,524,1255,420,503,492,835,757,234,391,941,314,246,378,614,637,370,409,537,416,271,693,473,206,1556,919
"COG2454",0,0,0,2,0,0,0,0,6,0,3,0,0,0,0,0,2,2,0,0,1,1,1,0,0,0,0,0,2,8,0,0,0,0,0,3,1,5,0,0,0,0,0,0,1,0,0,0,0,0,1,0,0,5,0,0,0,0,0,1
"COG2457",16,6,10,18,21,8,6,7,0,27,9,1,4,10,8,0,15,16,41,4,1,13,0,2,12,9,22,11,17,10,12,25,20,14,15,0,10,10,40,29,14,12,11,17,16,16,0,6,1,20,5,18,36,10,14,6,31,5,7,16
"COG2461",683,0,0,0,3,0,13,0,0,0,725,0,0,0,0,0,1,0,705,0,0,0,0,0,0,0,0,61,0,0,204,1028,0,3,1,0,1,0,0,838,0,0,0,0,1,0,0,0,0,0,0,0,1295,0,10,0,0,1,0,1
"COG2501",6,46,31,23,105,38,107,43,58,676,19,162,282,276,39,181,16,258,1,222,41,313,16,22,206,489,526,25,458,14,41,1,19,45,281,13,5,206,185,3,7,62,105,271,56,248,1,227,14,341,109,511,0,323,799,104,280,4,0,26
"COG2502",86,0,0,10,5,1,1,2,26,17,103,0,0,3,2,0,4,9,0,0,14,2,1,0,1,3,0,17,9,138,9,10,2,8,1,57,159,2,0,2,2,0,0,0,0,0,26,0,13,2,0,7,13,6,4,0,0,0,236,0
"COG2503",662,785,925,221,727,993,778,607,822,475,296,870,698,914,479,164,172,610,209,813,754,672,1140,993,1325,875,625,261,672,482,516,157,274,233,923,375,333,700,804,137,653,493,1192,694,733,966,1216,486,1210,569,1086,713,166,640,593,671,946,1182,394,314
"COG2508",11,0,0,72,15,1,8,3,0,2,14,10,0,3,6,2,69,28,31,6,16,66,2,0,1,2,3,36,32,10,68,231,204,64,13,160,155,48,2,116,2,12,11,58,13,6,33,6,2,12,23,9,291,15,9,7,2,5,13,62
"COG2509",211,664,441,221,1241,410,797,302,535,1146,1093,671,1135,1340,85,3478,115,355,339,230,1659,694,245,131,710,281,405,167,597,878,100,86,78,97,554,245,119,145,230,127,238,71,60,84,84,158,242,113,89,181,64,175,111,246,205,78,355,46,709,33
"COG2510",12,0,0,8,1,0,2,0,0,0,11,2,0,0,4,0,3,40,0,0,3,0,0,0,0,0,0,11,3,9,1,15,5,2,0,2,3,1,1,1,0,18,0,8,0,1,18,0,0,0,0,1,47,0,0,0,0,0,3,34
"COG2511",3585,2815,1568,2602,1741,1700,1818,2480,13,1771,4239,298,657,846,2164,22,3137,1457,1307,635,348,405,1187,4,287,578,487,3672,386,1155,2274,688,3054,2892,153,201,2788,1494,1505,622,328,2787,1331,518,2663,1221,0,638,2473,159,111,452,986,481,865,1759,1002,431,3488,3100
"COG2512",1297,581,152,1612,8,195,123,412,0,3,418,0,8,12,920,2,1795,166,400,3,15,0,34,0,0,0,4,1855,0,584,823,167,1566,1701,11,0,1530,56,56,89,168,550,0,2,959,0,0,6,816,1,0,3,133,0,0,227,39,13,2297,1052
"COG2513",4873,5510,5044,7236,4523,5115,5059,5108,5287,2586,3727,4538,4350,4731,6582,3863,7382,4901,4676,4146,2573,4863,5570,4687,4719,3999,3476,6468,3571,4760,5131,4550,6987,7859,4322,1862,6388,4846,4599,4821,4766,5987,5119,4942,6450,4991,4532,4405,5492,4406,5617,2884,3991,4690,2218,4481,4331,5643,6809,6917
"COG2514",117,46,22,713,29,26,64,73,28,59,69,11,25,31,94,5,693,207,32,21,19,51,10,3,17,25,11,322,39,357,98,83,695,723,82,14,366,25,17,46,0,252,14,20,130,16,66,36,10,29,52,30,117,22,19,23,18,0,181,199
"COG2515",1628,1232,1129,2493,1092,1094,1021,1236,1247,1194,1629,906,757,1117,1134,3172,2916,1298,2356,784,3662,1221,910,812,1438,741,793,2746,901,2495,1988,2507,2913,2547,869,848,2719,744,1024,3107,614,1626,888,863,1639,1031,2100,859,965,806,785,945,2439,889,807,918,940,727,1719,1938
"COG2516",818,44,22,185,23,28,171,125,6,52,769,155,383,33,144,0,351,228,698,185,21,662,17,70,7,21,906,434,873,194,274,1018,248,187,192,15,338,297,235,885,5,173,2,451,29,8,6,269,52,298,847,617,1166,418,16,49,267,0,315,211
"COG2518",3706,2792,3035,3742,2705,2983,2665,2554,2683,2396,5852,2930,1899,2424,1449,3428,4116,2221,4408,2259,1878,2405,2575,2501,2886,2162,2016,4265,2059,3190,4084,5913,3873,3588,2689,1009,3784,2228,2427,5245,2008,2866,2419,2177,2618,2456,2530,1890,2024,2110,3201,2274,5797,1952,1742,2340,2555,1857,2589,2375
"COG2519",1317,1420,1008,1485,1141,956,1014,1401,202,596,1114,256,644,649,1308,23,1601,974,778,548,185,389,837,324,316,467,659,1657,310,658,1079,597,1580,1554,487,218,1350,996,1068,430,1470,1590,801,807,1385,706,3,745,1355,367,153,247,747,472,310,1254,789,1214,1411,1520
"COG2520",2513,2663,1520,2326,1912,1538,1670,1789,25,1554,2520,321,736,877,1140,94,2595,1279,831,598,270,501,1098,40,277,592,469,2825,402,1043,1944,445,2534,2257,137,211,2345,1479,1538,531,159,2197,1150,480,1563,1126,0,685,1708,226,111,465,613,499,790,1374,985,426,2977,1545
"COG2521",13,118,37,1,79,41,50,32,0,2,1,5,21,9,3,1,0,6,5,0,4,0,0,0,0,0,19,2,0,0,2,7,1,3,1,2,1,4,51,5,0,30,0,1,2,0,0,3,1,8,0,6,8,3,0,18,12,1,0,11
"COG2522",429,94,92,56,471,71,77,181,2,195,710,33,74,100,57,2,88,195,74,145,16,20,93,1,62,78,45,66,38,38,119,109,94,61,8,41,41,123,204,72,2,80,256,112,72,252,0,76,97,21,33,60,162,77,215,185,101,113,45,62
"COG2524",1,66,4,2,2,8,0,3,0,1,2,2,0,1,12,0,2,4,0,0,3,0,0,0,0,0,0,0,1,0,0,0,4,2,3,79,0,25,0,0,1,16,1,0,7,3,0,1,1,8,0,0,0,0,1,0,0,1,0,9
"COG2602",181,1,2,87,25,1,14,13,9,37,205,12,5,15,25,10,59,29,12,1,16,22,34,1,5,3,2,53,37,201,28,150,78,56,20,29,54,39,7,19,11,5,0,0,7,16,441,4,83,14,25,11,185,18,16,11,17,0,798,18
"COG2603",232,1325,1019,1207,1404,1020,1310,1225,1775,4062,400,1911,2159,2025,628,2263,1136,1718,1419,2429,216,2252,767,1011,1651,3264,2947,1406,3160,964,1502,875,1183,1182,1919,612,1037,1529,1810,899,407,1031,1567,2227,949,1870,781,1910,579,2643,1681,3826,676,2423,5354,1381,2080,858,585,602
"COG2604",2190,105,49,846,299,63,154,145,271,543,1498,212,109,277,86,6,713,730,471,191,7541,287,41,730,329,215,111,663,527,2882,361,276,535,547,252,1839,1242,411,124,332,21,198,79,184,388,289,1460,180,674,146,367,289,180,240,352,166,138,41,1205,885
"COG2605",2891,1873,1856,1811,1508,1850,1953,2246,1089,1818,3128,1123,1603,1272,1627,1005,2033,1697,2165,1976,1460,1468,1963,1640,1355,1330,1904,1916,1288,1345,758,1153,616,647,311,1739,592,637,556,955,389,856,619,615,657,538,1042,884,671,483,488,308,1110,763,458,498,479,460,660,965
"COG2606",1211,1735,1874,2144,1621,1963,2009,1786,1565,1085,1293,1315,1504,1503,2318,1146,1632,1634,1809,1404,1436,1560,2190,1551,1145,1052,1393,1593,1392,1904,1702,2578,1521,1938,1684,1300,1702,2101,2349,1874,2189,1944,1631,1774,1752,1438,603,1691,2294,1606,1777,763,2338,1514,551,1880,1970,2502,1191,2116
"COG2607",65,437,591,472,614,536,502,522,901,575,117,788,560,628,257,110,271,643,234,491,132,597,429,613,917,709,632,309,673,518,335,178,238,366,1008,325,335,488,733,330,241,797,459,848,680,582,1179,622,133,711,900,720,131,651,522,448,724,474,275,461
"COG2608",332,86,32,249,75,40,30,38,32,79,240,12,12,32,27,5,161,79,98,8,113,134,8,5,9,15,11,137,82,270,79,183,139,152,27,300,222,34,38,98,11,26,10,19,44,15,60,19,23,27,28,54,192,57,20,20,22,1,109,119
"COG2609",3711,14512,14248,9574,11934,14495,14514,13381,11195,6770,2477,10784,12133,11377,14543,16323,11118,9872,9088,10197,7133,11615,15314,14130,10657,10001,9616,10667,9395,8465,10261,5195,11038,10786,11190,3783,9551,14237,13202,5273,14703,12046,14896,12814,11774,13644,3380,12490,17083,11014,12459,6879,4855,11782,6090,13056,12438,14516,8527,12304
"COG2610",2188,671,806,1583,912,801,886,1154,1065,898,1547,835,627,745,537,168,1346,1546,1385,754,5524,688,981,1042,1137,477,214,1538,789,3172,1312,259,1496,804,964,2268,2324,546,400,740,620,833,1080,333,956,738,1467,633,1321,269,494,461,215,823,598,979,321,1162,2886,728
"COG2703",231,12,1,253,92,2,14,0,101,99,113,8,1,25,25,0,45,34,409,1,386,20,23,0,8,14,2,82,57,177,150,886,15,44,29,238,41,64,6,1199,1,30,10,7,23,19,23,9,36,5,7,16,879,10,73,8,2,8,457,16
"COG2704",28,9,3,6,1,1,0,0,12,2,6,0,0,0,0,0,2,0,0,3,229,8,0,0,1,0,2,0,0,2,1,0,2,2,0,6,1,0,0,0,0,0,0,4,0,0,0,0,0,0,0,1,0,2,0,12,0,0,0,0
"COG2706",178,432,316,1733,701,348,677,699,242,643,164,514,532,592,625,349,1541,1629,572,391,307,381,142,204,399,298,199,821,220,1011,469,282,1694,1613,370,85,976,323,360,463,36,1781,189,191,1374,380,619,504,170,205,245,213,269,346,437,343,277,87,269,1554
"COG2710",79,805,803,116,2991,920,2463,1388,3424,11547,100,3630,6237,5862,929,3,115,3398,316,4320,163,5808,530,806,4806,9820,7958,199,8823,120,1268,143,77,639,4923,371,291,3464,3736,391,205,1622,1978,5512,1419,5335,524,5297,394,7425,2280,11314,145,5831,15688,2091,5221,351,72,512
"COG2715",155,127,108,412,224,104,172,155,89,352,261,126,51,188,92,629,367,289,376,103,1404,174,183,62,247,92,99,366,261,803,232,322,332,268,149,580,335,180,112,298,78,248,196,108,247,192,261,106,235,87,79,294,397,213,234,66,114,160,461,246
"COG2716",1148,324,184,410,191,190,137,144,150,263,781,102,80,132,100,1188,311,514,688,100,2681,181,61,91,114,74,114,466,260,1320,469,455,384,314,96,906,761,114,129,437,114,244,60,111,181,97,198,86,335,126,104,134,401,147,114,180,95,50,711,178
"COG2717",642,1232,1410,592,785,1322,1018,900,943,427,438,1172,692,933,700,1442,452,664,433,668,1333,587,1094,370,983,557,789,537,602,874,704,243,512,487,1023,355,536,673,1453,535,2331,796,947,785,941,811,866,963,744,817,443,483,275,638,357,1065,1359,1088,399,528
"COG2718",2077,21,34,565,399,45,84,44,166,424,3575,109,27,240,156,1,190,323,202,48,2759,181,125,78,108,97,112,237,349,1600,188,164,80,189,81,2353,501,56,40,147,275,159,92,136,154,131,1092,111,406,71,58,166,263,526,119,52,38,101,2028,214
"COG2719",2401,36,45,661,460,47,111,72,199,508,4205,142,47,252,183,2,244,434,261,70,3324,221,299,145,128,126,134,301,427,2500,204,245,74,284,69,2770,588,112,48,162,298,184,96,197,208,160,1258,154,667,95,52,176,291,537,137,52,74,130,5097,257
"COG2720",199,82,81,32,256,81,173,145,51,205,21,59,125,147,197,65,37,211,92,80,18,33,126,15,34,52,108,56,41,21,89,87,79,30,170,4,50,205,197,187,13,356,13,94,237,27,2,121,197,49,1,53,147,57,83,245,136,437,14,180
"COG2721",1614,5367,6379,2607,4252,6399,6390,5894,6179,2197,971,5898,5537,4453,6111,4256,2989,3517,4018,4533,3463,5265,6236,7497,4973,4213,4507,2929,4146,2381,4171,3731,3098,3140,5627,1382,2966,4962,6583,4117,7044,4414,4635,6071,4558,4910,2315,5999,5839,5947,6851,3428,3240,4822,2163,5856,6202,4966,1661,4057
"COG2723",3688,1547,2009,1075,2614,1985,2263,2367,1571,1505,2352,1662,2032,1742,1985,1270,1130,1925,2024,1988,5855,2156,2553,1798,1662,2020,3160,1505,1955,2646,1922,1702,1299,831,1768,1953,1899,2875,3463,1861,2450,2087,2840,2298,1670,2444,1080,2667,2532,2074,1623,1926,1868,2088,1633,2555,3141,2328,2740,1290
"COG2730",2050,1471,1458,787,2405,1465,1499,1815,1001,1242,2085,1408,1107,1284,1253,2611,1010,1284,2104,1869,735,1384,2465,1481,1690,1001,893,1111,1185,972,1534,1913,1082,594,1517,273,1298,2157,1207,2213,386,964,2709,719,1194,2092,126,1078,2260,1153,1354,1817,2167,1347,1556,1629,1043,3149,839,908
"COG2731",11,6,1,17,54,5,11,11,8,20,113,17,11,17,13,12,9,70,12,4,50,0,1,14,9,7,3,9,0,8,9,14,14,13,22,1,6,18,5,8,3,80,19,1,47,28,3,14,1,2,4,2,18,2,23,0,0,4,0,43
"COG2733",891,12,1,277,24,8,70,30,86,105,549,6,8,12,72,3,254,259,150,22,2641,98,12,14,61,16,6,143,178,945,112,60,220,133,2,261,313,15,9,120,9,39,5,17,51,32,63,23,244,21,33,86,53,28,41,33,8,0,242,72
"COG2738",45,822,914,228,654,940,731,685,1361,424,181,1033,557,872,486,960,294,588,309,1024,53,1128,729,1515,1183,978,670,373,859,206,502,97,486,271,926,192,443,671,520,326,546,684,809,750,771,852,225,565,692,836,1713,879,139,657,621,791,556,697,191,366
"COG2740",78,215,164,179,411,175,335,160,215,280,33,244,407,394,75,97,113,328,63,126,66,195,47,104,299,182,129,62,210,215,124,108,126,104,618,46,126,166,391,131,76,300,85,207,285,190,1082,204,23,246,112,336,122,121,187,239,461,62,169,131
"COG2746",603,236,382,405,245,358,313,381,390,227,537,325,265,259,353,619,465,370,364,293,84,330,419,471,387,237,262,413,261,297,397,1008,374,485,211,48,369,347,182,688,289,491,287,318,501,335,9,310,175,398,446,165,887,248,246,336,210,352,349,841
"COG2747",10,0,0,84,3,0,2,2,18,36,22,3,0,6,9,0,4,27,20,0,73,8,2,0,0,2,1,25,37,99,7,4,2,11,1,94,26,2,2,10,0,2,2,4,1,3,4,2,17,7,4,9,7,17,7,0,0,0,52,2
"COG2755",1664,3692,4005,3346,3368,3933,3960,4318,5162,4589,2304,4925,4568,3808,2950,3143,3545,4197,3278,5236,3669,5158,4488,7980,4873,5163,4883,3556,5375,3617,3499,1877,3985,2959,5313,2123,4620,4294,4133,2395,2764,3760,4084,5209,3205,4042,1565,4358,3154,4694,6714,5681,1881,4761,5001,4076,4584,3325,3188,2949
"COG2759",2059,8213,8427,5149,6340,8664,8321,7837,7771,3707,1848,7135,6092,6499,9252,7976,6355,4751,6710,6274,542,6730,9033,9176,6618,5140,5620,6033,5249,3372,7190,7364,6280,6488,5971,1022,5299,6965,7625,7200,7916,6953,6662,6855,7147,6752,2332,6394,9958,7030,7997,4259,6367,6141,2794,8010,7307,7061,2523,7187
"COG2761",601,1219,1058,1219,849,950,762,764,946,533,517,1206,528,755,442,1334,954,970,419,590,729,622,565,535,833,583,474,749,663,1235,647,359,1015,946,847,382,896,573,816,297,1791,1043,498,547,971,560,1556,540,459,610,492,632,337,662,436,995,815,611,577,640
"COG2764",76,17,24,357,75,18,18,30,27,37,74,11,8,26,28,1,335,56,81,2,85,37,13,35,4,9,3,415,36,331,154,71,358,244,61,398,474,77,3,87,9,42,40,28,40,23,201,11,16,5,10,12,89,13,25,16,7,9,337,58
"COG2766",3304,86,94,1101,735,110,174,122,286,772,5711,276,81,525,281,5,419,621,383,109,4581,382,383,223,190,165,200,448,637,3243,274,424,215,493,129,3766,803,152,70,287,421,453,156,253,359,217,1768,203,920,190,83,268,473,687,207,78,101,170,6006,519
"COG2768",227,63,52,139,44,50,148,98,0,6,105,0,44,108,732,0,179,378,176,97,51,11,75,4,0,1,14,81,17,67,84,616,158,168,3,7,72,77,39,450,0,394,3,1,447,4,0,32,177,4,0,2,832,25,22,94,22,53,27,375
"COG2770",173,20,38,621,149,46,95,73,269,186,414,154,168,160,110,191,371,140,242,217,462,215,37,107,149,144,69,366,226,510,233,515,430,241,116,514,365,60,37,574,41,104,125,94,98,128,168,109,45,72,397,143,671,83,95,84,48,72,247,183
"COG2771",914,231,196,1273,393,202,355,259,487,1409,910,476,640,628,356,838,911,840,410,560,3421,795,197,161,624,946,669,751,1216,2430,130,51,211,167,232,381,355,144,98,76,50,81,95,175,127,176,867,189,166,191,109,415,74,237,528,94,129,34,545,100
"COG2801",28904,1340,327,18050,2607,456,1792,920,3222,4527,21859,3910,680,1232,1586,8386,10575,5724,23443,752,37341,6275,1580,914,1392,590,1232,8499,5469,25515,8433,42679,10594,10345,2124,11621,12052,1972,480,31517,915,4254,474,1014,3397,1060,14643,1049,4710,1827,1700,2886,44051,3917,1542,710,449,219,25854,5283
"COG2802",1406,3540,4150,2030,3405,4000,3627,3730,4093,3795,1009,4148,4154,4239,3652,2884,2159,3715,1707,4161,1564,3958,4496,4068,4189,4716,3582,1870,3744,1917,2322,1293,2230,2374,4166,969,1977,4067,3811,1244,4116,3151,4614,4059,3421,4321,1385,4109,2969,4346,4220,3844,1305,3632,4571,3931,4107,4048,1329,3332
"COG2804",9490,4345,4390,7568,5249,4443,5242,4544,5501,7950,7910,5729,5258,6049,4813,5541,5867,6765,9939,4830,17835,5281,5127,4715,5721,6077,4433,7061,5806,10436,6302,8069,5516,7142,5719,5782,6922,5942,4285,9182,4811,4867,6528,4952,5892,6269,7130,4971,6428,4314,6330,5051,8574,5086,5616,4530,4698,5013,10558,5909
"COG2805",1927,1713,1588,1871,2291,1628,2337,1505,1820,3252,1716,2125,2841,3060,2329,1759,1582,2570,3010,1594,3545,1913,2095,1438,1995,2593,1695,2008,2017,2955,665,809,483,644,1015,429,618,953,555,920,855,628,696,694,719,730,607,701,861,604,662,659,772,603,887,507,723,601,1642,676
"COG2807",116,5,0,278,20,2,21,11,44,23,66,21,6,27,37,1,189,65,4,7,54,117,12,1,1,13,14,100,83,315,37,15,131,127,39,478,416,39,6,6,13,73,13,52,21,20,598,39,46,37,9,58,50,164,22,5,6,3,367,29
"COG2808",111,81,28,821,86,40,133,103,70,171,231,117,53,65,68,53,622,268,218,57,1076,164,23,101,44,54,77,542,162,815,231,132,722,654,139,448,701,124,152,142,55,269,40,81,138,47,1200,66,110,61,64,100,111,149,59,65,111,8,398,239
"COG2810",27,0,0,23,0,0,0,1,0,0,27,0,0,0,1,0,13,7,4,0,0,0,0,0,0,0,0,16,0,12,2,16,4,1,0,0,3,0,0,3,0,0,0,0,0,0,0,0,0,0,0,0,20,0,0,0,0,0,0,2
"COG2812",2529,3456,4383,2529,3705,4109,3841,3730,4152,3623,2926,3906,4258,3836,4094,2697,2855,3394,3436,4266,1283,3834,4676,4698,4127,4182,3990,2758,3715,2223,10292,11846,8701,9413,12564,3286,7375,12612,11710,11089,14025,9544,13231,12577,10620,12294,4323,13146,10147,12481,12899,10826,12010,11267,12026,12207,11982,14984,7186,10298
"COG2813",2369,408,470,1197,436,457,359,408,648,717,1753,482,315,369,259,1892,557,876,823,237,5443,606,173,315,641,336,178,749,888,2802,718,721,500,536,406,1590,1172,211,415,512,283,347,162,341,319,326,704,326,667,455,293,694,690,540,347,541,374,316,1809,331
"COG2814",2472,20,13,1618,104,31,151,100,228,492,1412,31,23,92,211,6,1098,802,366,56,4396,386,140,31,120,61,28,803,664,3143,352,171,909,902,101,1448,1795,97,49,171,43,176,78,157,172,86,2762,113,568,100,42,264,169,561,94,63,37,21,2653,461
"COG2815",203,585,877,391,1408,822,1138,1130,525,226,156,471,1147,1049,1385,24,260,649,614,899,61,375,1180,680,621,698,1232,613,352,321,508,319,608,353,1193,312,206,1427,1397,404,3968,948,1093,1339,1066,830,1,1310,1664,582,191,153,378,727,137,2011,996,3570,324,733
"COG2816",1131,1533,1671,1998,1354,1692,1634,1415,1842,1168,774,1811,1312,1600,1520,1180,1511,1983,1032,1665,3108,1633,1366,1679,1891,1714,1293,1307,1493,2090,1275,720,1537,1652,1550,737,1343,1173,1699,888,797,2134,1552,1524,1810,1521,1737,1341,1299,1516,2038,1588,727,1359,1007,1558,1682,1163,926,1362
"COG2818",3011,733,458,1479,518,526,518,684,577,631,2539,562,323,383,455,1486,1013,1045,1317,514,3791,639,358,565,519,361,249,1193,738,2444,810,1386,1188,993,449,1098,1502,433,397,1007,255,849,326,289,580,319,2390,354,725,471,332,699,1668,503,332,710,353,462,1934,612
"COG2819",2063,517,796,464,1030,808,599,795,1408,708,2090,1333,673,763,599,1125,387,833,428,1462,3208,1117,828,1573,1115,920,710,316,1088,2383,667,346,586,329,723,1519,1635,717,433,271,763,448,1037,934,610,854,1749,624,824,1067,1612,1411,385,902,637,968,404,1330,1139,373
"COG2820",305,712,939,440,844,844,699,809,532,512,426,541,812,687,699,1485,482,299,392,515,172,491,736,582,713,419,830,483,418,370,627,369,689,513,857,208,727,834,847,388,2691,503,668,965,549,754,177,825,907,579,290,506,389,574,453,1022,636,1249,313,483
"COG2821",269,403,215,476,328,208,253,255,206,328,218,239,140,264,169,208,356,503,572,200,187,225,148,239,138,184,187,319,260,645,174,840,364,444,246,83,329,210,211,647,412,497,67,211,581,152,1881,145,247,199,208,230,807,156,229,273,172,92,1559,905
"COG2822",3,0,2,206,20,0,4,9,34,81,78,6,0,59,13,0,18,77,101,0,80,19,5,2,11,1,1,59,126,366,55,0,44,14,4,232,133,21,0,30,5,5,1,16,24,5,13,3,50,3,5,15,6,85,9,1,0,0,104,19
"COG2823",1392,1658,2188,1372,1866,2025,1939,1915,2501,965,1165,2104,1876,1880,2331,3160,1342,1498,1971,1901,2645,2122,2543,3390,1937,1530,1659,1313,1851,1953,1943,2057,1211,1656,1993,1162,1299,2107,1932,1907,2294,1482,2062,2198,1818,1985,1256,2114,1851,2428,2925,1210,1693,1900,855,1914,1992,2328,1451,1993
"COG2824",408,49,21,267,42,22,28,15,115,207,406,46,8,34,41,1192,117,196,80,24,1365,89,61,28,43,11,5,95,153,735,61,26,87,105,23,375,423,18,12,39,51,22,25,33,50,45,852,22,161,27,32,55,40,117,57,27,15,6,927,74
"COG2825",624,310,314,360,251,322,274,239,249,284,514,290,210,337,216,805,278,375,383,243,1323,287,236,202,341,197,223,455,295,822,77,106,127,113,88,134,131,68,99,106,105,97,95,80,127,112,98,72,147,77,123,114,111,92,78,93,124,101,130,70
"COG2826",3246,104,16,2554,136,37,223,103,228,1273,4059,106,191,221,215,290,1121,942,1910,37,4561,459,42,47,107,50,122,1131,852,3659,887,4415,1085,1314,219,2133,2003,212,390,2262,52,428,64,215,306,64,672,239,396,84,33,345,4638,572,120,99,361,45,1594,1037
"COG2827",1090,343,371,858,303,369,299,367,425,219,1128,338,239,280,374,358,623,455,663,272,1309,475,387,282,230,230,232,441,509,970,167,355,209,225,74,239,260,106,107,247,125,96,75,127,97,93,406,79,134,129,103,96,341,136,55,98,96,81,168,198
"COG2828",1035,479,344,921,489,334,437,477,705,748,721,660,475,394,328,452,558,816,456,560,3910,908,145,1589,579,585,444,516,873,1735,387,374,496,664,816,861,789,331,820,351,140,863,231,733,552,438,1565,488,346,694,1098,926,458,788,377,506,733,196,785,428
"COG2829",918,7,1,379,40,10,33,20,144,271,755,9,5,44,73,3,192,269,89,4,2182,75,66,15,69,26,6,191,171,1242,84,66,51,148,35,479,417,15,14,59,16,27,7,27,62,33,239,48,299,53,22,143,56,170,44,35,12,3,1532,131
"COG2831",334,511,279,830,788,321,517,600,667,1067,491,806,854,664,396,229,628,777,761,954,265,975,333,1120,769,881,973,983,1140,952,576,524,555,744,1204,812,694,628,877,515,418,611,414,867,854,701,1352,780,550,1152,1136,1662,406,858,852,437,827,328,799,1580
"COG2832",455,289,421,454,809,441,575,550,452,512,464,368,451,665,953,162,346,646,529,442,523,198,672,385,384,491,628,368,218,517,452,367,365,341,367,590,527,556,602,580,1059,719,786,582,987,588,841,506,911,285,123,183,384,483,329,717,437,1387,720,753
"COG2833",35,491,260,187,273,262,168,144,117,72,104,252,144,138,42,1659,125,217,301,59,52,90,109,128,86,73,58,246,86,523,276,218,209,182,222,59,224,85,208,147,206,283,17,82,230,87,941,80,191,52,52,69,167,65,86,181,146,41,1943,141
"COG2834",718,729,710,1206,616,688,592,724,750,585,518,799,527,567,337,874,971,747,909,500,1557,567,438,511,642,619,435,980,648,1253,788,777,915,912,780,581,1000,473,728,824,516,769,394,546,703,495,1272,556,518,655,639,803,823,544,416,739,698,362,708,963
"COG2835",536,415,320,739,275,306,269,376,288,249,258,352,231,321,446,442,665,351,387,283,345,250,287,251,322,258,201,624,267,524,455,345,632,693,315,129,656,225,229,337,326,474,238,208,510,271,299,222,408,251,349,282,436,208,200,391,269,248,695,507
"COG2836",932,7,8,478,54,9,41,79,81,273,1153,4,15,46,53,40,430,194,507,4,1330,45,27,13,36,18,8,223,195,827,275,796,343,249,37,420,522,40,68,560,30,40,43,29,34,26,516,34,170,28,35,82,1070,88,62,65,45,8,567,121
"COG2837",1033,16,20,533,136,40,121,83,109,230,668,19,12,96,127,1,288,419,190,34,2268,172,50,12,83,17,10,224,310,1357,139,58,235,240,22,736,586,69,31,54,13,120,11,25,182,48,370,33,226,63,39,123,79,93,86,76,18,11,711,151
"COG2838",2013,1824,1742,2978,2391,1648,1802,1757,1771,2528,1658,2188,1384,1702,625,3759,2621,2786,2403,1095,4840,1109,758,547,2226,807,724,2380,1295,3668,2091,1487,2821,2374,1880,1832,2656,1393,1406,1857,547,2353,623,734,2189,1428,1063,1117,1086,1258,881,2190,1143,953,1668,1401,1459,492,4215,2318
"COG2839",30,99,185,22,111,203,141,130,182,81,53,185,116,71,44,152,34,87,74,192,8,127,188,331,213,71,39,37,126,26,154,198,65,9,300,14,56,153,75,236,118,55,116,78,70,108,88,115,85,108,203,162,245,102,70,144,99,141,42,32
"COG2840",1169,689,703,698,586,622,639,569,666,663,769,677,518,613,366,1666,562,752,663,453,3009,530,498,583,684,483,457,594,631,1613,716,597,531,538,699,716,831,413,768,608,680,640,347,537,661,452,771,541,667,541,531,722,557,554,362,626,698,366,902,558
"COG2841",3,0,0,16,8,0,0,2,7,6,19,1,1,1,5,0,3,6,2,0,6,6,3,0,0,3,0,4,8,27,1,2,0,1,0,38,4,1,0,1,0,2,2,1,1,2,93,1,0,1,0,3,0,4,3,0,0,0,3,2
"COG2842",66,1,0,143,32,0,22,20,42,35,43,2,1,29,29,0,135,60,15,0,72,36,8,1,6,3,2,49,77,117,21,5,99,73,24,56,93,15,4,10,5,7,5,22,19,8,612,3,11,15,12,41,3,101,19,2,2,1,58,14
"COG2843",690,820,522,1351,1207,496,771,918,179,658,617,320,448,633,1306,167,1363,2555,1541,681,332,358,959,272,503,380,461,1490,512,900,1067,1758,1478,1378,496,634,1385,1416,471,1410,259,1694,955,317,1123,672,45,547,990,292,164,626,1978,547,531,977,380,1637,823,1145
"COG2844",3251,5413,5398,5923,4576,5155,4784,4791,5271,3528,2265,5900,3921,4335,2682,4714,5369,5156,5500,4180,6137,3876,3669,4274,5294,5052,3731,5411,3788,6232,4932,4576,5350,5111,5707,2098,5547,3716,4955,4654,3988,5053,3128,3832,5223,3586,4531,3770,3729,4166,4957,4728,4202,3805,2843,5115,4943,3578,4976,5624
"COG2845",39,87,62,336,68,56,83,147,1,16,15,1,24,48,59,0,396,94,230,47,7,5,30,1,3,1,5,494,13,241,258,200,428,372,33,130,478,109,17,152,3,186,3,21,169,3,2,20,82,7,0,9,223,2,5,161,25,36,201,161
"COG2846",225,9,17,56,19,8,39,5,31,177,339,2,0,40,9,8,16,12,1077,0,830,24,10,0,43,3,1,55,37,112,278,820,30,27,15,38,17,16,3,1142,31,4,23,7,12,29,521,2,12,12,8,53,814,16,65,1,9,2,59,9
"COG2847",980,493,534,769,501,479,549,591,594,480,626,562,433,472,460,492,501,697,712,480,1335,715,353,481,496,423,474,716,664,1061,616,896,531,600,702,537,751,528,725,923,212,705,294,504,546,422,1512,485,526,643,469,661,983,582,364,536,655,301,806,566
"COG2848",64,37,14,96,15,17,40,27,23,58,69,10,22,32,71,35,179,77,38,18,21,79,31,11,33,21,54,138,15,72,49,170,70,93,5,7,134,66,26,78,9,62,70,29,42,23,0,17,25,44,12,13,268,23,34,9,18,8,109,65
"COG2849",5554,3832,4090,4281,4822,3999,3731,4940,2216,8247,10457,2428,2354,4715,3425,3971,5929,4638,9165,3626,450,2202,5588,1721,4352,3070,2490,7140,2769,3606,6522,7763,6345,3943,2625,2321,5481,4292,3161,7149,1804,4134,8704,1807,5099,5337,476,2720,5956,1650,1595,2791,7657,3072,4766,4173,2485,6770,3954,4410
"COG2850",981,747,418,547,466,423,320,325,265,424,695,330,328,259,162,1903,234,652,239,297,2491,375,139,272,155,145,577,389,445,1437,80,33,70,87,86,360,193,50,188,34,78,137,25,67,156,47,698,152,104,112,59,117,32,150,71,129,128,42,350,115
"COG2851",8,2,0,125,2,0,15,8,1,55,10,1,0,1,18,0,15,60,61,1,62,19,2,0,1,1,2,55,54,187,20,2,36,19,3,628,115,8,1,21,4,0,14,11,5,11,12,0,6,14,2,6,4,52,3,0,0,0,39,23
"COG2852",441,6,0,203,25,7,76,29,58,34,547,14,9,15,50,1642,213,101,197,0,35,51,12,25,7,8,6,65,93,163,132,658,270,90,18,118,305,22,40,352,12,39,55,25,26,16,586,9,15,9,29,58,715,42,17,10,20,7,67,61
"COG2853",1673,2804,3585,2325,2901,3649,3262,3255,4260,1650,1294,3790,3098,3356,3675,2884,2201,2227,2746,3216,3064,3272,3982,4161,3682,2976,2783,2067,2821,2462,2799,3086,1980,2476,3197,1477,2088,3428,3494,3057,3877,2568,3744,3701,3407,3405,1584,3318,3677,3401,4791,2108,2696,3144,1558,3258,3535,3978,1513,3382
"COG2854",1595,2346,2912,1956,2195,2730,2430,2584,3114,1239,1375,2688,2318,2356,2711,2633,1863,1783,2151,2434,1810,2569,2993,3271,2645,2180,2083,1639,2109,1857,2152,2738,1758,2114,2541,862,1891,2544,2497,2418,3324,1997,2811,2620,2482,2573,1434,2338,2594,2731,3214,1581,2426,2318,1207,2343,2579,2816,1356,2807
"COG2855",1199,3482,3915,625,2842,3799,2376,2786,4635,1898,632,3641,2115,3555,2447,2419,599,1990,832,2827,1476,1980,3913,3254,3963,2801,2271,735,1846,1091,1738,575,680,656,2315,709,1122,2049,2859,654,4268,2226,4079,2380,3036,3738,1150,2350,3172,2544,3371,1810,653,2416,1701,3191,2894,3566,1012,1256
"COG2856",276,4,2,153,10,5,11,5,53,76,122,2,2,8,21,0,91,95,23,2,1044,84,4,4,20,10,1,54,73,239,75,174,211,170,50,415,346,60,7,43,12,15,11,40,38,65,1236,32,69,55,38,78,178,114,78,12,15,1,365,71
"COG2857",610,1614,1667,1086,1438,1715,1718,1659,1705,748,520,1616,1513,1669,2145,1628,1148,1309,1313,1567,765,1335,1900,2271,1542,1317,1343,1008,1132,1132,3949,3697,3478,3776,4643,1817,3066,4766,4791,3937,7093,4867,5274,4988,5067,4841,2197,4711,6587,4369,5344,2928,3263,3927,2259,5250,4751,6227,2993,4664
"COG2859",713,91,67,352,93,70,125,108,340,1397,514,261,389,373,126,64,194,556,242,159,1841,499,60,9,524,910,713,196,923,909,209,58,161,190,118,361,410,172,154,190,26,194,258,385,124,627,295,420,96,544,214,1086,54,645,1953,139,282,22,315,154
"COG2860",1591,485,131,1101,173,142,218,331,179,210,945,22,76,87,601,424,814,479,344,15,1552,128,57,73,71,49,34,836,304,1604,438,137,874,827,61,656,1222,75,97,82,128,419,28,55,662,32,892,49,779,78,38,144,130,146,59,242,48,23,1612,873
"COG2861",1745,409,293,903,335,325,480,448,189,591,1403,124,191,371,442,257,703,917,1115,401,2219,316,408,138,148,252,271,816,435,1430,607,1142,777,578,203,586,873,427,344,1099,57,880,520,225,812,381,3258,330,863,128,141,235,1263,400,281,455,196,441,1227,736
"COG2862",131,387,309,266,424,330,280,248,431,425,254,232,276,375,196,292,164,190,310,187,1228,251,376,132,440,353,306,193,307,471,308,414,112,224,349,340,300,279,286,258,94,199,352,312,268,371,88,204,141,227,437,156,317,312,351,186,322,320,246,129
"COG2863",1840,1209,1131,1354,619,1174,815,972,1247,642,1566,1338,663,837,824,2930,968,869,1694,1044,3091,1121,1039,1115,924,893,765,1101,967,2112,1439,1503,1066,1051,927,2151,1508,570,715,1845,1556,681,708,825,949,773,686,704,1624,820,1287,768,1664,860,451,1115,832,680,1788,1277
"COG2864",86,129,102,236,72,83,234,150,31,47,104,332,284,36,38,195,177,177,397,145,93,292,25,176,13,99,229,104,323,260,247,318,152,232,405,171,137,258,322,392,66,256,14,299,54,25,1177,296,20,469,13,630,315,325,34,158,357,13,78,82
"COG2865",454,16,5,478,100,2,44,29,54,543,1324,145,9,72,76,57,274,311,173,18,1361,190,15,115,64,24,21,237,353,457,157,150,289,219,90,454,592,114,19,107,17,114,46,71,65,84,519,85,45,37,132,133,207,113,136,20,8,9,244,383
"COG2866",4587,5319,4999,2815,6890,5241,4722,4977,2191,6033,5387,2613,2738,3819,2801,5930,3534,5322,4813,3720,7386,2756,4646,1858,3725,2526,1974,4209,2663,4806,4669,4071,3991,2192,3052,2471,4513,5950,3497,4173,1488,5180,5385,2045,4434,4866,5268,2800,5608,1832,1911,3209,4565,2736,4368,4547,2856,4920,8484,3767
"COG2867",816,1478,1876,857,1233,1740,1431,1421,1746,622,673,1523,1344,1373,1400,2338,836,1014,1269,1315,1124,1580,1884,1828,1506,1239,1051,865,1154,989,1285,1312,860,1123,1497,495,869,1478,1419,1228,2276,978,1502,1544,1255,1394,752,1473,1110,1616,1799,968,1115,1358,646,1418,1357,1558,598,1146
"COG2868",0,1,0,0,7,0,0,0,0,0,0,0,0,0,0,0,0,0,0,0,0,0,0,0,0,0,0,0,0,0,0,0,0,0,4,36,0,16,0,0,0,0,5,0,0,1,0,0,0,0,1,3,0,1,0,0,0,0,0,0
"COG2869",763,1335,1695,606,1472,1664,1098,1254,1847,1334,809,1835,1092,1603,883,2315,470,1043,828,1733,1668,1387,1970,2324,2291,1595,1039,509,1269,1169,990,342,710,447,1698,939,871,1238,1028,578,1148,824,2483,1064,1224,1931,363,1096,1682,1137,2039,1467,353,1141,1313,1347,1149,2051,1519,751
"COG2870",9103,4121,4651,4256,6142,4408,4202,4904,4321,4502,16303,5525,4995,4663,4145,4995,4736,4040,6428,5321,2784,4736,5326,4506,4758,4744,11422,4920,4315,3939,5974,7406,4509,4633,3969,29000,4394,4161,5477,7877,5054,5157,6358,6393,5159,5275,13150,6591,4772,4785,4207,3967,7899,8845,4510,5161,4675,5469,4473,6230
"COG2871",2816,2178,2641,1058,2775,2721,2092,2063,3184,2433,2933,3106,1942,2646,1730,3807,763,1914,1809,2758,5210,2241,3282,4101,4024,2628,1723,966,2234,2730,607,523,413,266,758,659,601,681,564,662,591,466,1442,604,746,1119,385,601,1233,618,1098,829,656,660,838,791,645,1271,979,505
"COG2872",575,1042,930,896,963,1027,963,1014,810,769,467,766,645,880,899,110,973,1206,1003,817,221,698,1009,737,784,756,678,978,645,625,960,834,969,945,636,125,833,874,883,1088,139,1614,871,796,1236,930,397,728,958,754,1045,676,993,688,635,1059,733,554,373,1123
"COG2873",3492,8946,9125,5217,7818,9561,10003,9527,10254,8197,2362,10606,10220,9810,10949,7951,5726,8156,7042,10553,7409,10475,9710,13464,9549,10901,11218,6040,10573,5418,2499,2118,1857,1994,2977,820,1884,3256,3446,2199,3444,2785,2788,3702,2957,3227,1262,3729,3833,3605,3536,3691,1957,3348,3238,3297,3461,3241,1154,2586
"COG2874",56,76,140,107,372,89,192,239,2,215,14,60,148,95,159,1,80,307,96,121,82,43,167,2,42,154,77,42,41,78,143,32,122,104,12,52,37,166,304,57,5,282,302,87,130,253,0,108,107,34,17,63,32,75,193,240,147,111,10,167
"COG2875",953,896,393,1612,729,450,669,931,830,2707,109,1049,1731,1303,1053,469,1760,1359,800,1201,88,1654,162,327,1065,2131,2295,1865,2643,723,1241,733,1574,1771,1152,202,1601,984,996,862,189,1050,459,1640,1204,1164,611,1565,597,1871,1004,3105,726,1692,3345,814,1361,102,1703,1172
"COG2876",1278,1275,1671,1563,2501,1655,1578,1670,1547,1326,1783,1495,1740,1645,1560,2168,1427,1079,1550,1476,193,1296,1947,1544,2263,1094,1417,1248,1233,1071,1632,1642,1491,1358,2004,1268,1256,1923,1621,1747,2967,1139,1798,1590,1550,1795,1143,1612,1869,1305,1464,1284,1861,1317,1188,1730,1467,3351,2097,1258
"COG2877",3274,4354,5255,3059,4309,5020,5040,4439,5416,3014,3629,5446,4709,4667,4849,5335,3406,3019,4331,4555,2298,4468,5693,5640,5438,4334,3981,3351,3829,2946,1395,1562,1170,1185,1779,1295,1143,1359,1413,1486,1750,1070,1853,1512,1375,1619,1278,1451,1968,1531,1953,1157,1451,1600,1016,1467,1474,1693,1085,1314
"COG2878",548,558,528,371,199,514,251,253,166,190,398,436,158,157,131,2318,254,184,897,214,1134,215,169,241,62,64,144,414,194,628,557,1166,346,311,354,321,403,99,183,858,874,163,84,155,165,61,225,169,371,179,93,191,1273,186,76,364,206,183,379,247
"COG2879",1,0,0,4,0,0,1,0,0,0,0,0,0,0,1,0,3,4,0,0,0,3,0,0,0,1,0,4,2,2,0,1,0,0,0,1,1,0,0,0,0,0,0,2,0,0,0,0,0,0,0,0,0,0,1,0,0,0,1,0
"COG2881",1,0,0,2,0,0,0,2,0,0,17,0,0,0,9,0,1,3,0,0,0,0,0,0,0,0,0,0,0,0,0,1,0,4,0,0,0,0,0,1,0,14,0,0,12,0,0,0,0,0,0,0,5,0,0,0,1,0,1,7
"COG2882",12,1,0,71,1,0,2,1,7,18,51,0,0,2,5,0,25,36,22,2,64,9,0,4,1,2,1,34,40,126,23,5,7,32,7,113,44,4,0,4,5,9,2,16,4,1,70,2,16,4,0,15,5,40,4,0,0,0,90,0
"COG2884",2024,1108,1344,1241,1633,1292,1249,1388,1290,1260,1609,1313,1136,1266,1063,2086,1237,1276,1455,1351,1921,1009,1624,1143,1575,892,986,1296,1054,1652,1280,1564,1306,1180,1583,840,1404,1420,1210,1449,2084,1155,1574,1149,1295,1297,1537,1151,1425,1030,935,1193,1783,931,968,1472,1071,2116,1800,1294
"COG2885",5939,5875,6636,6146,9716,6560,5557,6343,7782,13080,5979,7496,5241,6927,4520,10687,4813,5334,5466,5727,12217,6407,6061,6473,9954,4013,3779,4864,7423,9875,6452,4636,6008,4534,7241,6918,9094,6242,5619,4499,4970,3980,6416,4533,5485,7370,8860,4763,5563,5523,5883,7275,4508,5176,6451,5943,5498,8052,8345,5094
"COG2887",5963,1741,1717,2662,2101,1568,1797,2099,1351,1066,8561,1264,1615,1472,2044,460,2851,2247,3277,1443,351,1350,1521,1847,1493,1320,1389,2969,1188,1789,2281,4119,2762,2054,1884,4603,2376,1779,2064,3281,2314,2241,1531,1538,2271,1255,3804,1536,1854,1072,687,1087,4976,1258,799,2240,1838,2306,2598,2043
"COG2888",16,14,11,0,0,8,13,35,0,0,24,0,0,0,108,0,1,28,0,0,4,0,6,0,0,0,1,0,0,0,0,3,1,2,1,0,1,11,3,1,0,24,0,1,37,0,0,0,108,0,0,0,7,0,0,8,0,2,1,111
"COG2890",6053,5941,7041,6260,5913,6645,5548,6198,6897,5903,5519,6399,6106,6484,6388,7325,6122,5994,6241,6790,4405,6011,7239,5546,6554,6333,5415,6276,5684,5415,6553,6571,6183,6468,6799,2446,6145,6391,6051,6561,7227,5883,7861,5937,6105,6758,2884,6045,5340,6104,6906,5509,6329,5550,6636,6744,6297,7306,5909,6713
"COG2891",430,212,216,350,124,214,180,171,193,139,326,180,120,177,112,424,209,217,306,220,1059,128,169,108,155,128,133,313,176,630,227,158,230,243,163,346,385,138,170,237,152,218,144,135,228,153,80,106,278,159,261,184,221,154,69,175,183,177,349,219
"COG2893",15,101,90,56,79,97,62,72,64,45,12,63,38,68,59,88,36,59,39,52,16,60,49,27,71,66,49,21,54,41,120,167,128,116,181,35,117,162,185,143,204,202,107,169,211,150,663,148,187,161,94,156,185,136,146,230,207,125,48,186
"COG2894",778,364,193,498,663,252,473,285,706,2456,469,706,1379,1202,272,804,230,1114,188,1198,1042,1536,100,117,793,1951,1523,237,2046,857,310,35,152,387,974,737,400,802,618,163,22,416,390,939,219,985,151,1044,344,1531,585,2601,52,1250,3417,400,946,27,480,183
"COG2895",1793,2692,2241,2015,2143,2235,1532,1794,3146,1872,1346,2220,1206,1831,778,2726,1575,1959,2502,1615,3446,1395,1288,2193,2768,1496,1321,1869,1597,2758,1734,1759,1936,1658,1579,1648,2475,982,1215,2264,1373,1867,1551,1544,2153,1725,3968,1230,1259,1276,2403,1526,1893,1500,1378,1879,1201,1192,1555,1894
"COG2896",3802,4609,4830,4365,4014,4808,4465,4304,2811,2522,3198,3594,3422,3665,3755,3291,4977,4226,6067,2564,3943,2926,3796,1935,2764,2838,3555,4595,3201,3963,4907,6203,4745,4570,4176,1265,4377,3984,4628,6543,4804,4620,2888,3548,4001,2766,2027,3482,3214,3314,2394,2814,5836,3328,1823,4263,4653,3061,2627,4737
"COG2897",3600,4806,3920,7429,3374,3910,4030,4603,3697,1906,1622,3501,3535,3149,5979,2150,7725,4524,4169,3399,2038,4022,3763,4011,2909,2652,2788,6779,3178,4618,4728,4141,7537,7961,4277,1402,6130,3858,4458,4133,4245,5215,2916,3833,5506,3141,1724,3831,3898,4012,3714,2591,3375,3472,1553,4099,4036,3510,6785,6130
"COG2898",33,1,2,319,64,4,28,22,77,86,58,8,6,21,28,2,197,82,58,6,181,102,4,18,18,12,7,100,69,231,40,4,199,46,23,692,159,60,7,19,3,4,22,40,23,19,235,28,19,25,27,47,13,22,32,7,5,9,24,37
"COG2899",46,80,141,96,288,133,193,177,279,166,12,183,155,211,48,3,80,61,9,40,36,48,55,32,342,155,50,31,81,102,117,16,113,84,173,27,77,85,158,4,26,71,66,71,154,148,80,99,11,154,44,213,30,58,151,141,202,58,19,48
"COG2900",265,0,0,48,3,2,5,2,20,40,170,5,1,4,6,0,34,67,34,3,757,9,3,1,20,9,0,16,42,251,23,11,10,17,1,140,65,1,0,6,0,1,0,6,6,3,4,4,67,0,3,7,12,13,14,6,1,0,62,3
"COG2901",410,438,388,254,249,435,283,264,364,201,313,400,213,385,181,1325,181,231,295,375,861,291,356,405,455,376,216,259,274,471,300,134,204,206,283,296,283,198,243,232,386,156,504,237,316,361,52,182,410,290,537,304,151,247,209,301,311,353,269,288
"COG2902",4119,499,132,4243,592,199,667,645,712,1458,3211,409,372,492,667,3595,2969,2062,3031,441,9657,794,133,636,274,211,357,2378,1555,6230,2168,2573,1970,2249,525,3960,3932,790,942,2487,392,1191,112,453,1181,311,8608,353,1197,372,594,779,2842,1116,431,510,635,73,4083,1842
"COG2904",835,533,767,511,557,728,396,490,686,474,672,791,449,710,244,688,249,447,227,678,1773,504,663,726,1072,881,463,349,617,1154,424,52,228,269,537,736,531,378,425,115,556,297,896,450,502,778,1570,385,727,590,553,647,56,698,473,489,498,643,622,339
"COG2905",2437,12,4,1413,133,27,117,93,678,735,1892,68,72,147,180,613,488,729,439,22,5461,239,82,131,142,59,77,514,688,3219,382,267,307,371,160,2553,1716,94,318,209,604,128,77,182,139,137,1900,134,584,111,90,293,358,511,138,46,218,42,2034,119
"COG2906",248,9,18,106,21,16,15,21,43,58,142,14,3,16,17,113,32,96,32,7,569,22,17,11,30,14,5,39,61,269,37,15,9,23,9,193,81,8,19,11,3,21,17,22,40,13,86,20,88,13,9,24,7,58,11,15,18,14,103,27
"COG2907",1138,5640,6631,1267,5230,6367,5594,5735,6360,3064,974,5569,4988,4867,5813,6986,1467,5373,1307,5370,3349,5669,6532,7318,5217,4823,4479,699,4663,1802,2347,724,1996,2151,4870,1787,1578,5935,6041,944,6048,5256,5763,6106,5123,5273,1911,5504,3948,5780,7270,3483,672,5637,2644,5598,5788,6069,1657,4966
"COG2908",2662,2948,2496,2006,2164,2418,2159,2534,2589,1722,3015,2248,1765,2168,1801,2933,1882,2043,2371,6891,3575,2268,2918,9856,3063,1941,2103,2132,2204,2916,2250,2037,2087,1576,6953,1819,2573,4837,1987,1974,2172,1984,3309,1903,2080,2450,11395,1740,2339,1732,2917,1964,2170,2101,1830,4248,2165,2817,2662,1465
"COG2909",820,9,7,1935,334,11,74,52,426,913,955,46,28,250,181,59,254,622,456,20,3166,437,42,37,124,79,19,618,912,2418,220,108,204,606,178,2477,680,140,26,228,41,81,60,130,141,147,734,102,247,67,78,262,115,301,132,40,30,10,855,495
"COG2910",61,29,22,48,15,31,35,29,16,20,84,53,5,7,105,89,93,65,12,27,32,51,37,4,20,2,7,49,11,30,20,12,41,15,6,295,121,33,4,30,31,17,4,4,34,2,333,9,17,0,6,15,13,8,11,26,3,8,107,24
"COG2911",7383,68,136,2414,379,141,341,349,574,940,5908,137,43,430,668,13,1733,1659,2320,121,10439,451,399,94,353,179,99,1342,1166,5688,1278,3247,1352,1328,180,2595,2894,266,128,2749,77,583,798,205,714,550,4035,236,1130,171,179,583,3708,680,491,318,104,808,2774,1067
"COG2912",1199,821,438,2443,694,424,476,888,278,675,213,400,318,457,789,226,2484,1010,903,232,214,225,77,160,427,203,139,2397,253,1282,1328,400,2400,2570,386,350,2257,291,229,566,197,1195,107,167,1485,314,874,266,345,224,178,328,378,202,392,507,182,79,2516,1842
"COG2913",390,758,885,516,588,804,569,536,683,499,331,768,535,684,345,1133,337,521,430,662,873,543,544,716,822,655,409,494,488,760,585,323,456,423,627,344,541,411,581,294,793,550,689,492,619,702,831,444,521,517,898,557,347,535,415,622,599,496,493,451
"COG2914",272,136,105,183,54,94,48,36,47,101,178,49,23,41,30,921,111,79,319,37,772,30,6,60,22,12,7,248,62,375,210,182,129,142,54,201,192,19,21,204,121,84,5,18,66,12,47,31,82,30,17,63,159,67,24,103,19,15,220,90
"COG2915",483,216,231,231,92,227,89,111,143,150,346,125,68,93,105,1693,100,177,418,109,1305,133,164,85,33,48,107,237,164,601,344,339,150,141,131,377,316,61,38,264,328,101,55,114,84,55,110,96,227,97,56,104,272,156,43,212,84,101,316,125
"COG2916",374,1,1,65,7,1,8,2,25,47,225,5,2,6,11,0,40,119,33,10,913,39,5,6,11,0,1,76,61,367,26,6,7,21,8,94,94,7,1,8,2,4,0,5,13,6,5,19,60,5,5,34,15,18,8,9,0,3,145,14
"COG2917",658,2127,2640,1425,2062,2581,2567,2240,2829,936,723,2596,2294,2026,2341,2540,1659,1493,1667,2089,135,2527,2799,4480,2349,2093,1908,1518,1973,1047,1992,1980,1547,2041,2804,323,1477,2417,2510,1765,2949,1782,2351,2788,1950,2235,774,2598,1361,2714,3147,1571,1742,2349,960,2219,2361,2626,806,1941
"COG2918",1570,2213,2613,1523,1444,2471,1642,1588,2282,1216,1129,2499,1519,1967,903,5090,1267,1186,1879,2135,3817,1908,2147,2420,2653,2403,1608,1793,1696,2627,2076,1145,1473,1403,1850,1424,1785,1139,1746,1277,1815,1075,2451,1969,1582,2135,361,1288,2106,1600,3204,1713,1073,1719,1286,1800,2020,1852,1672,1109
"COG2919",332,173,128,215,102,150,141,125,124,136,222,139,58,132,104,362,143,201,220,128,760,142,98,70,134,129,52,284,152,450,124,114,185,172,136,245,236,74,77,187,143,191,90,90,197,98,676,76,166,143,112,154,143,144,92,118,92,70,290,192
"COG2920",297,228,287,354,156,294,137,248,172,115,235,364,83,149,206,850,289,175,400,221,661,266,339,131,55,73,149,460,210,484,418,389,335,384,126,403,444,101,94,369,790,121,116,160,151,117,279,145,381,195,150,116,409,229,55,330,131,219,239,183
"COG2921",195,119,74,155,56,60,33,55,83,81,194,64,22,38,39,723,97,110,144,62,547,94,26,64,44,28,24,189,97,331,143,99,147,142,57,212,208,32,28,69,94,67,19,37,63,19,52,34,117,71,42,121,74,76,29,58,26,19,228,48
"COG2922",544,343,275,207,29,296,116,173,89,80,441,65,20,34,124,1338,217,161,574,27,1543,30,86,5,77,18,15,515,47,610,470,397,383,250,36,247,484,98,68,380,237,86,59,17,106,49,7,27,292,14,61,31,301,23,19,216,67,46,334,142
"COG2923",213,59,62,202,56,77,79,92,86,75,166,120,58,69,88,116,140,147,351,93,628,87,113,42,30,33,79,246,89,373,234,259,114,164,54,212,248,44,47,314,177,105,28,72,70,50,64,69,179,61,52,49,257,101,40,132,54,77,169,72
"COG2924",311,443,477,430,248,463,317,321,428,215,250,488,284,417,232,656,331,257,492,432,995,324,371,381,470,421,264,408,282,555,473,355,381,375,353,301,422,234,282,383,437,242,477,342,352,363,57,245,531,326,584,322,315,286,231,379,354,309,303,315
"COG2925",2669,5988,7609,2740,4889,7262,6299,5935,7622,2369,2419,7000,5964,5818,6689,5674,3244,3452,4164,5976,3324,6359,7599,7797,6380,5593,5226,3364,4961,3098,5011,4652,3207,4001,5786,1827,3238,6083,6299,4265,7197,3835,6828,6999,5009,6520,277,6544,5991,6627,8773,3800,3727,5938,2634,5995,6468,7084,2263,4468
"COG2926",1,0,0,1,0,0,0,1,5,0,0,0,0,0,0,0,0,2,0,0,26,0,0,0,0,0,0,2,1,0,0,0,0,1,0,2,0,0,0,0,0,0,0,0,0,0,0,0,0,0,0,0,0,0,0,0,0,0,0,0
"COG2927",369,344,302,431,329,298,304,319,440,309,324,416,293,293,212,559,252,374,342,340,1081,354,200,473,342,376,246,315,321,672,294,220,282,328,348,359,421,239,304,322,220,343,230,348,411,245,887,255,378,278,484,320,291,367,203,302,346,228,304,322
"COG2928",1670,2384,2882,1484,2383,2801,2759,2459,3169,3580,1532,2898,3677,3208,3099,2108,1808,2600,2741,3384,181,2842,3113,2844,2949,3868,3134,1828,2943,1106,2415,3168,1787,2074,3525,512,1439,3013,2991,2910,3002,2259,3213,3163,2537,3209,1530,3323,2218,3438,2956,3126,2979,2864,4276,2764,3274,3060,1024,2749
"COG2929",37,4,0,69,26,2,13,7,17,33,68,30,12,7,8,2,44,20,22,8,273,15,3,25,8,17,7,61,34,156,6,44,26,38,23,104,34,46,26,15,13,9,4,9,7,12,119,20,9,3,2,20,51,14,16,7,17,3,81,38
"COG2930",102,299,282,269,400,290,332,339,237,220,29,242,229,228,93,162,248,219,342,103,55,206,190,87,401,185,179,260,142,239,267,333,321,219,331,35,453,257,346,299,114,289,159,208,403,265,701,154,234,253,169,260,230,132,226,300,340,121,130,571
"COG2931",11421,6716,5507,5538,8543,6172,6691,7401,6589,8747,16406,7153,6749,10332,6561,5429,5812,11476,10160,9012,8705,5063,7653,6440,8968,12480,7004,6271,5881,8467,2533,3061,2240,1755,2130,1842,2806,3441,1774,3463,1271,2743,3417,1692,3561,3178,9673,2227,2987,1481,1548,2272,3658,2432,3483,2583,1729,2364,3541,3016
"COG2932",296,27,21,480,75,26,64,67,54,92,844,77,40,61,93,137,197,166,108,39,140,120,24,59,31,39,46,202,139,538,113,184,208,292,87,1098,338,64,129,167,44,112,15,86,98,32,1251,58,68,61,55,111,192,269,60,53,91,2,360,140
"COG2933",753,41,26,511,150,25,61,76,130,216,510,30,26,82,40,3,266,309,336,14,2382,90,41,4,67,25,4,270,210,1228,164,218,137,169,55,677,571,48,16,135,18,81,10,39,177,45,457,46,263,20,12,113,139,155,68,77,21,1,883,391
"COG2935",767,769,576,1186,777,561,614,655,670,668,578,661,524,561,268,1023,945,880,838,388,1638,629,288,472,669,573,490,874,652,1372,248,299,297,338,268,257,307,201,305,260,131,224,82,195,192,118,467,155,126,204,145,247,261,199,152,189,236,88,236,306
"COG2936",3992,7567,4441,5532,6266,4790,6005,5706,2322,10852,4317,3108,4190,5136,3225,4363,5670,7225,5088,3981,6954,4178,3475,905,3574,5549,4837,4796,5237,4725,5288,4689,6383,5598,3056,1079,5090,6181,4760,5742,577,9778,4530,3854,5713,5861,2573,3894,5191,3762,2079,6514,5341,4349,9318,5110,4401,1719,2662,6340
"COG2937",3152,798,966,1366,970,872,725,759,1462,939,2139,956,742,689,657,105,730,1191,950,1266,6977,1114,867,1403,881,1010,772,878,1117,3387,874,590,712,645,832,2589,1858,844,854,464,231,579,980,1000,749,922,268,714,1107,686,2906,863,777,1252,433,766,891,1522,2291,890
"COG2938",337,293,263,324,197,272,217,186,287,193,356,370,193,208,185,338,230,278,238,217,776,208,233,204,172,181,133,169,242,491,248,307,205,238,222,230,302,177,194,218,294,255,168,182,239,160,505,194,232,238,212,226,211,204,126,232,178,161,295,254
"COG2939",2389,1110,1244,888,1495,1304,897,967,904,633,1808,694,927,1033,947,1679,1077,787,858,661,4704,1028,1289,958,1528,790,645,1038,681,1997,1192,779,1082,614,978,868,1929,882,679,1059,534,744,1365,461,881,1186,1982,624,1349,626,952,746,928,652,818,1061,694,1865,1271,747
"COG2940",554,4213,2494,529,2659,2543,2351,2020,2082,466,1135,1871,1805,1652,1669,1755,667,957,735,1371,91,2262,1862,2426,1592,1111,1369,574,1115,359,1029,727,665,1019,1522,1192,478,1478,2319,919,2224,1443,1495,1652,1189,1407,2298,1741,1264,2117,2034,795,604,1517,519,1822,1756,1805,364,846
"COG2941",600,2324,2900,966,2027,2816,2768,2481,3335,1083,332,2918,2358,2267,2623,2320,1060,1524,883,2661,597,2590,3262,4167,2541,2420,2243,967,2054,953,1377,441,1038,1480,2614,574,1004,2366,2595,495,3665,1798,2656,2888,2050,2565,288,2512,2606,2704,3574,1681,387,2403,1133,2456,2690,2783,568,1879
"COG2942",233,487,394,548,311,423,301,397,336,332,379,338,241,236,178,911,515,562,698,197,295,341,85,183,199,171,230,807,287,872,487,290,631,444,285,283,996,189,351,626,292,564,177,235,398,211,818,227,241,145,161,205,284,358,213,394,302,85,589,435
"COG2943",1784,21,20,878,97,30,109,51,294,468,995,50,26,85,196,6,248,685,270,124,4732,235,53,16,182,59,29,391,542,2456,224,69,177,178,82,1158,1098,86,27,102,19,215,26,112,191,88,3193,64,517,34,45,242,73,213,143,152,17,7,1355,214
"COG2944",359,0,0,92,19,2,6,5,32,52,274,7,7,20,25,0,65,49,46,6,997,33,9,25,20,11,1,63,46,340,32,129,21,79,13,187,107,12,6,47,1,14,7,25,12,11,264,24,43,16,17,51,127,33,19,6,7,2,196,17
"COG2945",691,1841,2215,1369,1833,2108,2252,2201,2682,925,666,2323,2156,2002,2875,1355,1427,1784,1275,1923,172,2164,2538,3382,2166,1814,1739,1045,1745,953,1435,1674,1359,1804,2213,554,1161,2291,2190,1605,2632,1790,2092,2452,1999,2202,958,2243,2103,2407,2993,1333,1541,2003,871,2075,2103,2427,842,2169
"COG2946",21,0,0,32,0,3,6,7,1,7,89,0,0,11,7,0,13,20,44,0,232,4,2,0,12,1,0,6,15,184,11,1,10,7,0,7,33,0,0,5,3,1,1,0,4,1,0,0,127,37,1,11,5,8,3,9,0,0,202,9
"COG2947",1343,2082,1929,2349,1675,1900,2115,2200,1745,2171,819,1822,2131,1920,2707,848,2360,2041,1354,2172,1384,2060,2244,2737,1636,2138,1877,2113,2133,1759,1843,1491,2171,2704,1949,733,2197,2369,2037,1117,1882,2025,1856,2238,1999,2062,625,2103,2155,2127,2069,1849,1128,2111,2482,1868,2030,1848,2446,2396
"COG2948",138,7,2,586,98,7,92,46,109,60,184,57,11,72,133,5,283,271,138,13,252,152,26,8,22,22,16,227,277,604,115,57,378,300,123,646,329,75,13,58,58,24,29,48,62,51,3631,9,34,44,84,151,62,38,47,26,2,1,219,255
"COG2949",30,6,6,28,23,14,15,16,32,136,42,41,3,21,15,77,95,22,14,20,47,17,10,20,13,17,8,28,17,67,13,4,34,40,14,53,97,17,3,5,0,3,2,1,0,7,54,1,2,0,2,2,5,17,7,9,6,0,21,4
"COG2951",4373,4129,5232,2918,3768,5078,4508,4050,5843,2582,3637,5019,4138,4168,4200,5673,2881,3279,4339,4451,5973,4399,5927,6861,4967,4419,3840,3057,3948,4481,4241,4947,2882,3023,4883,1939,3028,4094,4920,4139,5819,3335,5903,5233,3884,4655,2453,4349,4319,4559,6289,3195,4532,4489,2419,4443,5064,5199,2788,3395
"COG2954",404,304,295,324,583,313,549,467,624,1802,495,552,1001,823,306,547,452,799,487,927,808,684,426,378,572,1287,1074,424,990,412,464,401,469,459,733,160,442,983,678,325,80,500,687,657,362,832,84,828,401,842,317,1325,509,777,2174,631,797,351,419,370
"COG2956",2559,636,744,1257,449,705,487,748,502,648,2263,361,401,631,688,892,1231,878,1962,605,2433,329,1079,319,447,393,385,1482,468,1894,1172,1929,1206,907,355,678,1589,684,424,2066,952,802,1496,313,878,606,222,524,1112,255,220,276,2238,496,523,755,440,1031,1467,931
"COG2957",2545,2128,2294,2092,1133,2377,1650,2366,2179,1339,1926,1732,1369,1461,3321,554,2144,2455,3556,2599,2894,3099,2835,2833,1568,1538,1479,2015,2632,2282,2120,2293,2390,2139,1360,1005,2313,2527,1294,3582,782,1806,1785,1909,2085,1361,1412,1738,2528,2466,4723,1669,2326,1904,945,2125,1320,1317,1669,2081
"COG2958",349,0,0,9,4,2,18,1,4,19,125,5,0,4,0,23,5,2,3,3,207,0,1,0,3,2,0,4,0,10,7,19,4,3,2,19,17,1,1,2,5,0,0,1,1,2,0,7,3,0,0,2,6,1,1,6,2,0,5,2
"COG2959",1183,159,79,674,148,85,131,164,314,290,828,243,73,126,116,989,383,423,561,218,2928,289,49,283,129,60,50,497,401,1524,343,315,280,379,116,866,918,89,52,532,77,201,25,99,239,91,200,111,332,208,141,348,353,348,88,147,53,32,986,311
"COG2960",273,172,134,252,183,132,144,130,209,222,245,178,147,217,81,165,120,182,184,88,928,133,115,58,210,148,119,116,182,478,143,128,97,130,203,340,212,117,168,156,87,227,93,175,222,145,451,166,143,149,130,161,182,147,113,105,157,111,268,154
"COG2961",485,123,206,486,114,210,96,141,353,220,478,172,95,205,136,38,175,272,119,116,1628,198,246,62,264,222,143,250,286,978,131,37,147,162,170,586,443,140,106,48,62,211,160,275,185,145,892,184,255,131,364,143,54,317,90,150,140,135,615,136
"COG2962",1939,2263,3122,1722,2146,2906,2300,2481,3275,1077,1441,2593,2182,2067,2736,2103,1980,1613,2673,2055,2687,2346,3255,3959,2443,2030,1840,1865,2032,2027,2741,3270,1610,2106,2641,1105,1847,2435,2713,2493,3946,1764,2631,2852,1936,2377,1426,2567,2505,2532,2983,1252,2500,2395,908,2691,2569,3160,1449,1826
"COG2963",5032,83,22,2229,185,30,190,98,421,917,3175,351,71,161,209,316,1014,658,3717,106,4431,295,54,80,175,72,30,886,713,3045,1064,6841,937,980,233,1453,1205,154,30,4183,161,282,33,135,241,89,1912,177,508,192,109,344,6974,516,159,104,30,1,1225,537
"COG2964",70,12,6,47,11,3,11,8,8,14,33,0,3,8,9,0,64,9,56,0,29,8,8,2,0,5,7,62,9,34,146,163,254,126,12,10,152,21,15,111,14,8,35,13,28,14,2,11,15,8,5,9,156,26,19,26,16,47,125,26
"COG2965",35,19,13,1,5,7,0,5,12,15,64,18,0,4,1,1,1,3,0,2,24,0,0,0,1,1,1,8,3,44,1,0,0,8,0,68,37,0,0,1,9,0,0,1,0,4,4,0,5,1,0,0,4,2,5,1,0,0,40,0
"COG2966",1361,1,0,217,19,10,32,11,104,136,750,9,8,16,22,19,186,237,141,2,3315,75,86,1,96,27,2,76,129,1284,71,61,103,58,13,454,442,29,1,28,5,11,2,13,44,30,351,25,395,21,25,46,49,50,33,15,13,1,1692,67
"COG2967",804,781,708,855,645,687,629,761,585,416,748,628,372,539,503,989,940,750,1023,556,898,345,661,544,629,374,436,969,357,908,770,810,903,810,460,363,977,500,549,936,495,768,648,408,741,500,946,412,722,386,580,394,873,433,361,648,475,602,764,705
"COG2968",410,171,77,336,25,55,73,139,41,49,225,10,14,20,357,132,289,261,153,26,525,34,33,11,10,12,15,256,39,385,475,298,929,886,92,245,1037,164,121,360,128,793,17,38,747,45,671,51,655,20,36,126,383,142,54,334,105,41,989,977
"COG2969",440,258,139,341,75,146,71,97,102,136,794,132,40,78,36,1092,154,181,380,113,1095,59,44,153,74,21,33,273,129,663,282,333,210,227,91,299,344,48,42,298,207,113,26,60,125,59,67,47,174,56,44,125,263,98,50,146,50,31,367,120
"COG2971",2034,345,263,822,533,260,577,359,263,529,1401,226,875,847,231,37,802,675,892,195,3155,140,123,158,108,158,127,853,231,1421,588,774,710,559,1149,794,991,464,458,765,66,374,102,108,459,129,326,278,297,194,100,312,831,151,204,225,696,79,732,350
"COG2972",1070,93,89,904,304,96,234,138,368,1696,945,132,59,287,257,892,573,623,314,130,3437,341,91,142,322,76,30,486,621,1935,336,151,518,344,221,1612,1357,224,72,205,72,225,130,116,226,233,1110,75,296,157,117,408,190,244,319,133,88,52,936,233
"COG2973",2,0,0,3,0,0,1,0,8,0,0,4,0,0,0,0,1,1,0,0,37,2,0,0,0,0,0,1,2,1,0,0,0,0,0,0,0,0,0,0,0,0,0,0,0,0,0,0,0,1,0,0,0,2,0,1,0,0,0,0
"COG2974",1139,63,17,475,78,20,53,42,203,328,999,116,80,76,61,54,161,423,206,98,3355,169,28,118,127,78,74,246,368,1523,150,60,41,150,117,885,573,45,39,111,34,88,41,69,74,62,375,105,239,112,70,269,72,269,74,57,50,14,681,66
"COG2975",17,226,281,53,141,290,150,168,268,92,24,282,153,241,91,281,41,84,152,261,29,211,223,223,315,240,175,87,161,38,198,138,95,73,172,55,57,106,155,96,324,87,272,228,149,238,73,140,210,183,401,154,120,161,123,221,152,203,63,59
"COG2976",527,459,435,395,272,464,267,395,296,274,409,368,195,324,181,1320,295,329,605,300,1521,357,325,188,325,157,163,455,342,803,459,365,369,291,225,456,520,182,158,381,410,271,311,188,414,279,71,218,526,272,215,314,367,301,197,452,198,288,419,409
"COG2977",57,50,41,322,181,29,90,124,99,104,104,86,99,98,111,44,306,195,210,60,162,70,76,66,38,43,66,297,152,455,202,177,244,257,122,118,241,124,206,168,23,160,10,63,132,34,341,115,109,60,77,94,139,70,28,153,156,237,378,167
"COG2978",1827,159,98,587,261,122,202,259,361,389,1234,231,109,198,201,45,514,695,399,209,4139,269,167,233,289,133,82,391,354,2277,284,179,394,504,190,1018,1046,102,44,166,36,431,86,97,378,173,2590,207,677,98,151,255,198,257,207,145,48,47,2532,496
"COG2979",62,2,0,200,15,1,10,6,41,43,129,4,3,9,19,1,43,56,58,0,155,15,3,2,11,8,2,69,73,272,22,5,37,61,4,355,173,8,5,18,1,14,5,14,11,5,445,4,21,9,9,25,16,48,9,5,2,1,157,3
"COG2980",468,172,115,232,70,138,80,177,67,106,302,84,34,93,119,493,156,198,395,80,1050,105,96,47,45,26,22,271,139,573,209,191,253,221,73,345,368,59,30,338,70,125,26,38,167,44,5,45,290,116,52,159,222,83,32,146,39,61,227,225
"COG2981",596,132,106,584,252,91,158,131,207,567,524,205,90,241,122,1083,180,420,253,168,1536,300,91,94,241,111,100,246,405,1086,196,229,240,211,264,562,623,101,92,381,89,287,49,156,296,168,1124,149,216,115,170,282,254,269,210,148,96,40,873,218
"COG2982",784,379,157,1604,452,163,338,296,298,515,810,347,136,375,260,437,774,751,1872,353,660,381,229,199,74,115,120,1024,511,2257,760,1678,813,1179,462,1091,1504,364,179,2019,122,789,43,171,925,88,6800,169,641,253,207,446,1991,422,197,382,110,63,3833,1030
"COG2983",356,401,371,373,321,317,260,259,387,401,307,354,302,261,81,1360,256,362,414,250,1093,382,99,237,356,278,207,375,408,810,308,273,309,289,454,525,346,197,339,301,195,355,103,267,282,219,843,266,130,346,275,488,261,335,204,326,334,104,346,175
"COG2984",1053,6,4,411,74,3,21,37,117,201,689,16,11,52,43,4,91,278,180,21,1532,76,18,32,66,29,15,198,240,910,75,143,31,137,39,601,243,127,15,108,8,78,7,50,61,19,1733,35,226,80,16,80,130,91,34,21,14,8,352,47
"COG2985",15,7,1,49,53,5,35,17,27,34,37,0,0,14,13,78,104,66,117,0,132,14,13,1,8,2,2,27,14,50,38,36,85,30,46,268,78,118,0,91,1,35,4,2,29,15,74,6,2,7,13,10,27,4,29,3,0,3,163,57
"COG2986",3663,2677,2386,2424,2791,2419,2328,2475,883,2695,3086,1121,1273,1632,1494,5732,3002,2398,4292,1487,2361,1314,2109,319,1391,1098,1094,3168,1372,2777,3299,3918,3184,2078,1138,1503,2976,2689,1909,4187,484,2412,2350,888,1991,2162,4122,1163,2737,1013,529,1716,4023,1282,1737,2336,1514,2325,4723,1914
"COG2987",3490,3049,2532,2243,3402,2665,2663,2828,1096,3472,2979,1348,1568,2064,1729,6934,3086,2619,3632,1625,1906,1484,2509,426,1747,1259,1308,3289,1631,2457,3080,3054,3254,2036,1407,1320,3024,2944,2255,3049,540,2931,2871,1052,2276,2667,3215,1416,3205,1147,739,2176,3004,1292,2150,2604,1739,2687,3494,1981
"COG2988",1233,144,95,290,439,169,430,262,859,3540,857,865,1568,1412,207,469,178,1219,230,1530,3876,1304,171,61,1019,2506,1937,125,2150,1480,330,67,34,206,1058,925,378,919,648,182,20,306,507,1177,205,1342,182,1320,474,1506,633,2668,68,1447,4539,459,1111,16,1499,90
"COG2989",491,197,213,610,442,226,377,270,681,523,514,462,331,353,154,154,293,465,86,152,1080,327,124,118,592,355,174,231,448,882,226,102,236,250,512,258,664,247,309,52,66,281,171,220,363,342,1827,313,293,314,259,550,141,276,378,305,378,100,600,171
"COG2990",6,0,0,3,0,0,4,4,24,3,0,0,0,0,0,0,19,0,0,0,54,0,0,0,0,1,0,4,0,0,4,0,40,4,1,1,12,1,0,0,1,2,0,3,1,0,0,0,0,0,0,2,0,0,1,0,0,0,0,6
"COG2991",228,19,51,99,16,44,59,26,50,58,164,10,16,19,12,1,24,84,33,28,709,22,34,27,21,23,14,33,48,221,16,9,15,24,30,145,72,40,41,7,8,39,23,12,48,15,1,20,126,6,8,43,9,29,14,27,35,33,119,49
"COG2992",3404,2975,3803,1412,3306,3606,3140,3227,4298,1475,7691,4095,3205,2961,4082,3704,1591,2308,3064,3590,3299,3475,4011,5741,3182,3004,2945,1370,2746,2232,2919,4234,1308,2045,2888,8077,1459,3425,3172,3801,4398,2326,3665,3806,2806,3473,7220,3695,3011,3809,4070,1732,3703,4079,1613,3428,2982,4124,2415,2795
"COG2993",565,54,44,562,447,74,171,187,195,722,822,214,176,422,172,6,397,356,745,67,1338,157,256,175,361,170,82,286,240,1333,557,653,509,237,199,915,854,283,187,439,253,174,316,168,337,372,2303,154,370,81,180,203,634,232,166,47,164,684,2966,281
"COG2994",59,6,0,3,29,2,4,9,13,11,62,14,10,23,18,7,1,19,0,12,9,78,3,37,30,45,37,3,23,0,1,2,0,1,29,2141,3,3,1,0,38,28,28,25,8,34,1026,9,2,16,15,6,1,104,35,2,4,10,0,14
"COG2995",941,6,0,217,31,3,42,19,95,201,676,8,11,53,55,0,142,198,169,10,2664,77,22,2,64,23,9,161,124,1145,89,89,100,107,44,678,540,40,7,109,11,26,16,41,81,40,704,40,259,10,13,87,80,139,61,28,11,1,663,117
"COG2996",705,99,97,268,101,93,92,91,259,288,538,339,84,80,48,1492,171,257,153,146,1671,177,75,126,213,77,43,117,295,1005,131,56,161,118,104,542,488,48,34,56,114,75,56,72,70,77,290,102,236,192,193,332,55,219,114,104,36,13,1073,126
"COG2998",254,610,652,862,988,629,675,823,977,531,193,979,675,635,465,896,827,697,814,646,94,678,643,765,948,724,819,760,621,486,313,293,274,285,350,26,236,155,359,306,169,253,184,327,284,211,192,229,144,322,390,283,314,226,165,227,310,163,89,259
"COG2999",15,7,6,20,43,5,16,18,40,42,59,5,16,11,5,15,6,22,11,3,1043,73,13,12,19,5,6,8,13,230,10,3,4,10,0,33,17,9,5,1,0,7,4,2,12,28,2,16,15,35,6,3,13,21,31,4,3,3,122,13
"COG3000",2306,6587,7701,3601,6448,7697,5772,6593,7421,4410,2978,7946,5057,6025,4419,11547,3650,5266,3498,5915,4292,5284,7478,7128,8244,5907,4259,4310,4941,5028,4946,2230,4237,3377,4964,3300,4212,5300,5279,2425,4599,5128,6584,5506,5796,5800,2637,5078,6337,5304,7569,5712,2296,5011,3774,6720,5338,6264,4976,4540
"COG3001",709,513,512,1099,745,534,770,688,1205,3062,563,889,1617,1396,450,416,995,1337,1441,1552,1741,1911,396,322,1165,2109,1940,1082,2220,1301,1378,1194,1001,959,1248,626,1260,1120,834,1358,68,729,717,1345,781,1249,682,1477,397,1728,976,2442,987,1438,3485,766,1059,272,744,929
"COG3002",111,163,27,806,159,37,63,113,169,150,216,128,58,105,82,98,528,245,487,84,249,272,25,111,41,38,15,554,152,537,262,407,395,365,148,1409,563,280,42,234,23,113,29,65,337,82,863,44,62,135,199,124,180,84,72,47,8,40,210,1132
"COG3004",2340,2583,2881,2184,2829,2876,2930,2880,3265,934,2073,2788,2911,2332,4332,2075,2199,2385,2227,2427,3020,3100,3604,3599,2694,2140,2007,1724,2444,2265,2301,3179,2338,2745,2485,1014,2191,3158,3053,2448,4690,2226,2823,3395,2558,2550,1753,2976,3023,2908,2950,1399,2812,2740,998,3017,2800,3996,1677,3082
"COG3005",144,3,1,2,27,2,9,3,6,17,101,0,11,4,1,0,2,12,148,0,58,5,1,4,1,0,11,5,1,10,178,716,5,26,36,119,7,48,99,687,3,39,4,21,42,18,633,15,3,4,5,9,824,7,51,4,65,2,60,36
"COG3006",6,0,0,2,4,0,0,0,14,1,5,0,1,2,0,0,0,0,1,0,82,0,0,0,1,0,0,1,0,1,1,2,1,0,0,1,15,0,0,0,0,2,0,0,0,1,0,0,0,0,1,1,1,1,0,0,0,1,0,0
"COG3007",731,133,62,192,117,57,163,160,305,292,578,477,166,154,128,1516,166,561,186,252,2766,350,32,286,294,168,95,161,342,1047,174,48,87,134,198,475,418,67,63,139,50,359,60,137,161,207,243,220,256,237,316,409,106,328,188,150,80,23,582,203
"COG3008",1290,48,17,283,76,27,74,29,168,293,829,61,16,110,70,4,286,306,216,31,3163,84,12,15,70,55,12,215,216,1492,170,107,137,120,99,1037,763,90,22,171,192,72,24,72,152,60,1376,66,305,11,68,121,106,152,125,73,27,4,796,142
"COG3009",566,3,1,105,6,2,28,5,61,79,391,28,6,8,12,0,88,119,70,7,1373,23,10,8,30,22,7,63,82,550,68,40,18,29,30,375,272,20,15,78,7,16,8,14,57,29,243,44,111,9,31,42,26,72,42,13,14,1,278,46
"COG3010",14,194,121,33,213,140,247,84,250,175,30,175,411,472,46,124,29,34,87,113,21,73,114,50,141,108,88,39,55,28,67,13,32,32,611,78,25,214,265,127,60,121,90,92,135,114,45,115,38,116,121,141,15,58,85,139,403,78,19,25
"COG3011",493,870,838,578,1129,834,828,838,881,1704,418,1104,1093,1023,508,1199,523,1140,347,1181,1291,1047,798,601,982,1007,1277,492,1416,877,629,149,574,517,919,769,636,846,933,160,372,716,949,949,579,969,580,956,611,1071,535,1668,103,1105,1868,929,894,772,854,512
"COG3012",287,202,40,308,209,63,186,59,94,201,302,84,205,284,47,437,178,167,152,42,1017,248,58,32,40,26,36,183,152,617,100,118,121,141,268,364,260,70,150,84,36,119,12,31,159,35,327,54,173,146,33,84,88,80,84,40,212,15,833,308
"COG3013",7,0,0,13,3,1,0,0,7,1,2,1,0,0,12,0,3,3,2,0,36,0,0,0,1,0,1,0,3,15,0,3,0,1,0,2,5,0,0,0,0,0,0,0,0,0,0,0,0,1,2,0,3,0,1,0,0,0,1,0
"COG3014",134,64,79,170,121,77,89,146,110,274,56,88,52,100,22,0,114,151,184,38,119,44,54,39,46,57,19,160,60,364,67,47,143,124,40,82,320,37,19,139,19,178,58,32,179,123,23,106,25,19,86,80,41,51,134,50,29,14,576,118
"COG3015",2,0,0,2,1,0,7,0,4,5,7,2,0,1,3,0,23,7,2,0,18,0,0,0,2,1,0,14,6,1,22,1,20,29,8,146,67,15,0,1,1,1,2,3,0,3,23,0,2,0,2,2,3,7,3,0,1,0,13,4
"COG3016",169,122,90,468,284,77,139,149,108,417,195,90,117,212,76,203,252,230,536,81,217,137,58,60,161,39,51,348,199,403,204,954,291,257,103,230,346,74,77,641,24,167,32,91,340,137,1947,74,53,76,83,108,1127,206,149,74,44,52,299,601
"COG3017",109,124,61,347,49,64,61,126,115,142,212,130,21,72,59,603,203,139,271,95,957,120,53,109,93,23,30,214,141,565,171,181,163,248,76,345,315,38,37,238,30,121,35,40,124,42,111,31,179,117,78,169,231,129,51,59,42,36,289,184
"COG3018",1465,152,199,248,314,201,393,315,399,413,1103,310,398,278,245,351,216,382,362,339,1693,428,157,287,374,327,386,275,434,647,283,918,201,142,470,310,358,359,571,297,28,429,281,380,339,399,9,343,415,421,298,507,1191,365,309,322,456,196,316,211
"COG3019",1654,665,649,1003,539,645,563,647,871,523,1101,779,1033,589,498,745,498,939,413,1384,2597,1129,599,1271,792,756,1314,437,1465,2038,490,215,530,710,848,1087,817,839,563,286,364,477,681,1493,526,599,971,1002,796,859,910,1194,242,906,315,911,691,726,725,399
"COG3021",273,141,130,132,181,141,89,112,182,238,268,162,90,102,56,442,134,136,92,103,708,109,115,148,228,60,74,83,163,458,469,229,567,235,417,468,1476,368,165,244,338,139,219,152,185,375,1910,195,388,325,224,582,254,311,510,282,182,175,2655,248
"COG3022",952,2425,2870,1845,2433,2816,2111,2233,2488,2111,1009,2638,1855,2363,1580,4107,1961,2306,1806,2450,2207,2119,2584,2590,3064,2269,1609,2255,1826,2133,2288,1182,2085,1703,2409,1094,2029,1922,2065,1058,1781,2173,2989,1723,2279,2447,804,1805,2208,1864,2821,2308,1089,1740,1845,2440,2106,2632,1856,1733
"COG3023",3038,2581,3445,1885,2954,3303,2902,2708,4291,2279,3634,4228,2637,2872,3643,2628,1881,2278,2021,3026,5398,3529,3711,3020,3370,2956,2862,1632,2688,2873,2393,2472,1484,2221,3227,8288,2315,2804,3052,2269,4610,2408,3581,3578,2669,3203,6406,3141,3507,3290,4500,1732,2312,3386,1508,2688,3035,3724,1814,2614
"COG3024",283,149,134,108,85,153,91,72,92,82,221,120,63,109,41,218,44,86,55,81,612,103,102,298,157,115,77,61,119,311,74,27,38,32,93,177,186,42,54,19,121,66,128,57,98,122,67,45,126,88,81,88,37,100,57,70,63,92,457,56
"COG3025",1530,9,1,497,43,11,56,26,212,260,1051,71,16,42,85,153,194,407,242,91,3850,198,26,164,116,45,25,282,320,1901,127,123,55,146,59,951,663,79,42,99,23,71,21,103,81,44,1977,47,367,78,64,146,147,255,86,105,19,6,969,92
"COG3026",829,153,77,423,49,87,63,77,148,233,638,156,23,46,59,810,158,301,234,60,2285,116,24,78,75,40,42,198,254,1104,35,14,11,45,45,240,156,14,11,38,96,20,1,19,38,8,53,25,123,19,5,49,13,43,19,34,6,4,216,37
"COG3027",433,1032,1393,633,958,1315,1259,1069,1347,413,491,1281,1211,978,1364,1212,698,693,795,1080,121,1230,1598,1749,952,924,926,595,964,482,967,1187,642,945,1318,335,638,1298,1256,946,1566,916,1233,1355,996,1126,251,1422,913,1360,1616,591,953,1220,398,1130,1275,1383,406,1050
"COG3028",549,96,57,241,85,64,59,55,112,138,372,149,31,71,36,651,94,206,132,82,1379,91,38,91,71,24,41,163,156,702,78,43,40,91,69,441,301,31,26,74,164,57,37,53,105,49,108,50,169,71,30,109,57,114,51,80,40,29,355,81
"COG3029",109,2,2,238,0,1,0,6,1,0,54,0,0,0,1,0,287,2,73,0,29,0,0,0,0,0,0,225,0,150,79,62,220,154,1,2,229,0,1,29,1,0,0,0,0,0,15,0,0,0,0,0,90,0,0,0,0,0,168,9
"COG3030",1320,1507,1902,1415,1482,1838,1605,1637,1638,688,960,1564,1527,1571,1672,1699,1423,1195,1585,1316,1537,1539,1872,1795,1511,1086,1077,1302,1252,1539,1542,1955,1309,1552,1432,467,1376,1643,1642,1731,1778,1223,1614,1455,1532,1575,651,1558,1411,1609,1523,903,1678,1379,646,1633,1571,1994,1500,1758
"COG3031",1079,118,89,483,150,86,108,190,396,273,760,206,133,152,115,94,269,353,475,331,2728,190,214,330,217,197,131,268,243,1371,377,388,180,218,130,665,691,149,128,239,54,96,159,178,174,191,320,191,354,99,580,207,414,236,115,206,169,120,2049,259
"COG3033",432,381,644,75,823,618,839,842,518,182,267,455,785,806,761,156,40,410,1459,708,138,124,888,1260,530,578,966,214,145,34,736,1040,122,116,591,277,63,800,1018,1191,1916,534,877,1005,838,795,514,1055,1229,563,89,140,1113,478,99,1089,745,1939,53,552
"COG3034",141,283,264,1148,382,239,284,388,359,304,340,319,271,278,190,427,771,315,796,216,224,180,246,157,329,222,173,854,318,977,632,573,845,832,403,436,755,247,401,690,237,337,158,238,326,220,419,281,396,276,227,307,560,272,242,335,355,125,1555,380
"COG3036",0,0,0,0,0,0,0,0,0,2,2,0,0,0,3,0,0,0,0,0,15,0,0,1,0,0,0,1,0,3,0,0,0,0,0,65,0,0,0,1,0,0,2,2,0,0,0,0,0,1,0,0,2,0,2,0,0,0,3,0
"COG3037",9,0,0,2,5,0,0,0,6,2,5,0,0,4,1,1,4,1,0,0,128,0,0,0,1,0,0,2,0,4,0,0,4,7,1,2,0,7,0,1,0,0,0,0,0,0,0,1,0,0,1,0,1,0,0,0,0,0,0,1
"COG3038",1208,1390,1476,747,691,1387,1086,1056,1492,478,878,1622,1117,644,858,485,329,697,381,1320,2224,1113,1188,2680,859,926,1169,449,1114,1720,556,228,313,415,1537,1141,745,869,1551,241,2064,752,694,1499,613,661,1511,1297,697,1193,2052,745,294,1336,320,1441,1599,742,992,301
"COG3039",3973,305,80,6005,254,94,583,140,452,1036,5547,1143,414,240,200,259,2476,1344,5632,76,9519,409,94,121,340,114,268,3103,1819,5393,2028,6656,3092,3093,401,2752,1004,430,1294,6838,151,420,85,327,253,177,534,503,474,196,72,562,8832,437,300,191,820,23,2519,323
"COG3040",729,607,463,320,293,501,313,483,380,427,447,300,208,373,272,819,179,564,158,316,1612,365,558,310,332,338,251,141,444,850,184,78,290,248,239,655,421,359,266,79,542,345,818,213,475,364,265,330,667,346,207,469,82,452,395,503,223,416,1096,715
"COG3041",31,1,0,48,4,2,6,7,19,2,62,9,1,3,4,0,29,12,11,2,8,7,1,1,0,2,0,32,14,29,21,118,30,85,2,0,31,1,1,7,3,6,0,2,7,3,3,0,1,1,3,3,109,0,4,4,0,0,10,3
"COG3042",26,0,0,1,0,0,0,0,2,1,36,0,0,0,2,0,1,1,2,0,23,0,0,0,0,0,0,0,0,0,0,3,0,0,0,0,0,0,0,6,0,0,0,0,0,0,0,0,0,0,0,0,1,0,0,0,0,0,0,1
"COG3043",14,0,0,8,12,0,1,1,4,12,9,1,0,3,0,0,0,3,49,0,40,3,0,0,0,2,1,2,1,12,24,84,0,9,1,4,1,0,1,47,0,2,2,1,0,8,105,1,0,0,1,2,98,0,12,0,0,1,23,0
"COG3044",263,31,2,411,27,3,48,46,22,44,215,6,28,41,53,1,412,73,558,108,110,28,9,65,17,23,37,555,19,302,260,1063,478,320,9,3,363,26,11,868,0,198,4,9,87,48,0,40,9,20,0,19,1098,49,57,10,10,3,158,131
"COG3045",390,21,8,194,15,4,33,10,49,79,341,3,11,14,20,27,87,151,114,6,1321,97,3,0,27,10,11,84,86,645,11,5,23,20,0,108,86,4,1,12,2,20,6,3,17,7,85,1,52,13,3,14,17,35,13,2,3,2,120,21
"COG3046",934,9888,11973,973,10486,11550,10480,10548,11505,9181,1260,11225,11832,10699,10881,10986,569,7928,240,11639,2768,11844,12734,15441,11791,11578,13000,499,12158,2251,3913,169,601,1431,12133,2619,1189,11102,11365,85,13566,7687,12299,13569,7942,11250,2176,12112,8983,12597,12324,11957,336,12050,10895,11150,12177,13440,3542,2769
"COG3047",1508,175,189,642,147,174,190,132,221,376,876,133,87,136,185,9,297,451,478,89,2769,138,142,74,148,159,42,421,324,1412,326,174,265,224,108,727,728,184,117,390,114,146,73,94,133,99,1559,103,461,89,102,204,208,268,106,164,98,80,826,188
"COG3048",15,0,0,2,5,0,0,0,12,3,0,1,0,0,7,27,0,1,2,0,95,0,0,0,0,2,2,37,2,8,1,0,1,3,1,220,6,4,0,4,1,2,5,8,0,7,33,0,0,0,0,1,5,87,1,0,0,0,3,0
"COG3049",10,15,8,99,68,12,22,15,45,73,28,102,7,61,28,130,7,59,122,7,70,33,12,5,8,13,2,43,71,58,31,25,18,9,71,183,73,22,9,67,74,12,22,8,31,21,10,15,20,22,3,35,56,41,69,56,21,8,9,13
"COG3050",7,0,0,1,0,0,0,0,0,0,1,0,0,0,0,0,0,0,0,0,39,0,0,0,0,0,0,0,0,0,0,0,0,0,0,0,0,0,0,0,0,0,0,0,0,0,0,0,0,0,0,0,0,0,0,0,0,0,0,0
"COG3051",57,6,0,123,0,0,17,17,0,2,72,0,1,0,58,0,164,32,227,24,15,2,4,2,0,0,5,178,5,99,89,150,139,96,7,1,91,10,1,227,0,38,0,0,15,1,0,1,9,0,0,0,139,14,0,9,2,0,68,46
"COG3053",2,1,0,0,1,0,0,0,0,3,0,0,0,18,0,0,0,0,0,0,43,0,0,0,0,0,0,2,0,0,0,0,3,1,0,1,11,3,0,0,0,0,0,0,10,0,0,0,0,0,0,0,0,0,0,0,0,0,0,1
"COG3054",11,3,3,79,0,5,4,4,7,7,19,9,1,2,2,4,82,3,88,14,67,1,0,13,1,0,3,66,3,65,42,33,64,47,1,1,46,2,0,95,0,0,0,5,6,0,0,0,0,4,0,2,35,2,3,3,0,0,52,1
"COG3055",19,103,132,323,215,100,193,315,209,328,32,273,192,173,157,34,331,450,266,217,117,15,52,46,179,108,17,565,25,255,211,71,313,211,159,24,324,80,50,221,28,361,120,11,336,174,21,189,39,20,12,36,81,78,170,87,35,10,164,265
"COG3056",3,0,0,0,0,0,0,0,6,4,0,0,0,0,0,0,0,0,0,0,41,0,0,0,0,1,0,1,0,0,0,0,0,0,0,2,0,0,0,0,0,0,0,0,0,0,0,0,0,0,0,0,0,0,0,0,0,1,0,0
"COG3057",497,0,0,36,3,1,4,1,56,54,289,0,1,4,7,0,46,69,10,3,652,23,0,0,10,3,1,22,33,416,24,21,5,14,0,189,134,3,0,9,2,5,3,3,6,2,9,6,20,3,4,17,13,11,3,14,6,1,141,6
"COG3058",13,0,0,42,30,0,6,7,1,7,13,0,0,1,1,0,38,10,22,0,10,0,0,0,1,0,0,50,0,43,19,134,40,44,0,144,28,0,0,59,0,1,8,2,2,4,1,0,0,2,0,2,192,0,30,0,0,0,25,49
"COG3059",701,1,1,73,0,2,9,3,43,57,382,0,2,0,20,1,53,139,30,3,811,14,3,1,19,10,2,44,80,380,38,25,20,62,1,165,218,3,4,10,5,8,1,12,8,4,10,7,30,1,4,19,21,10,6,11,6,1,151,19
"COG3060",421,12,0,29,1,1,4,1,34,45,290,4,2,4,9,14,31,89,29,4,1044,14,2,0,21,2,0,26,46,350,21,15,7,10,2,179,122,0,0,5,4,3,0,1,5,5,5,8,79,1,2,13,16,6,13,7,0,0,134,13
"COG3061",3,0,0,1,1,0,0,0,3,0,1,0,0,0,0,0,0,0,0,0,36,0,0,1,2,0,1,0,0,0,0,0,0,0,0,0,0,0,0,0,0,0,0,0,0,0,0,1,0,0,0,0,0,0,0,0,0,0,0,0
"COG3062",8,0,0,1,2,0,0,0,1,3,5,0,0,0,0,0,0,2,8,0,18,1,0,0,1,0,1,1,1,4,5,15,0,4,0,3,1,1,2,13,0,1,0,0,0,2,57,0,2,0,0,1,17,0,1,0,1,0,11,0
"COG3063",838,72,16,446,75,27,75,48,138,231,759,32,43,50,97,310,231,312,315,45,2683,110,91,52,63,36,40,249,211,1419,203,195,141,232,91,692,567,68,33,223,32,123,16,57,133,40,157,57,397,55,35,123,200,188,60,74,43,27,1658,211
"COG3064",616,2,0,84,2,4,16,8,63,70,359,1,2,3,7,2,58,116,47,1,1578,24,2,1,39,11,3,35,68,631,40,23,11,17,1,294,246,5,2,19,0,9,3,3,14,19,23,13,118,2,5,30,21,28,20,7,8,0,304,13
"COG3065",393,6,1,72,2,3,13,7,33,59,215,1,4,4,6,2,32,127,47,5,1520,39,1,0,38,8,1,23,70,462,32,25,9,12,3,98,117,5,1,14,0,17,1,4,44,16,7,8,134,2,8,24,16,22,20,9,4,1,159,115
"COG3066",632,6,6,69,8,8,15,10,60,101,385,10,4,8,10,348,57,115,57,7,1735,27,6,1,49,6,2,31,70,606,46,31,15,30,7,303,210,11,1,14,4,37,5,2,42,17,14,16,145,5,12,26,21,30,22,18,11,6,277,32
"COG3067",1050,1085,1203,663,1071,1271,835,801,1759,896,782,1770,1003,1589,491,1248,217,645,287,1580,3110,1387,1512,2772,2198,2066,1167,254,1198,1504,637,76,279,252,1205,646,915,632,1056,87,1092,434,1967,1362,898,1670,92,958,1460,1194,2794,1236,75,1352,1065,1045,1336,1444,762,365
"COG3068",697,0,0,113,3,7,15,3,83,80,389,6,3,6,15,265,95,119,49,7,1552,34,4,0,31,12,0,74,102,545,37,32,9,32,14,267,208,3,6,17,1,13,3,13,11,15,106,15,119,11,6,51,19,81,22,10,8,0,278,16
"COG3069",11,99,137,9,15,129,21,27,155,46,3,244,22,34,2,63,13,17,1,94,91,49,19,191,127,34,18,6,58,9,22,3,9,12,6,19,4,6,5,0,38,2,26,24,13,81,1,5,7,68,9,89,4,19,57,22,15,6,14,9
"COG3070",22,37,25,94,46,31,29,40,63,45,60,13,27,34,20,1,19,59,38,33,203,53,15,19,33,33,26,54,72,110,35,40,43,50,64,179,67,44,39,23,4,58,34,48,64,40,440,33,21,36,38,49,45,49,38,36,44,10,52,20
"COG3071",1409,470,267,846,216,335,375,358,331,343,916,232,128,228,278,1273,464,561,836,286,3322,333,136,244,231,89,82,710,454,1623,488,463,514,497,172,753,980,281,230,755,89,430,109,81,408,139,236,156,577,208,167,371,563,292,140,351,233,103,838,557
"COG3072",1653,41,9,1153,82,14,50,65,250,515,1055,34,9,101,90,4,371,536,418,17,4915,178,30,32,109,50,10,521,497,2253,222,260,304,362,5,1387,761,25,23,417,14,114,33,51,186,79,22,50,492,22,39,154,157,212,94,46,12,8,795,538
"COG3073",493,36,2,143,28,10,18,21,47,120,375,24,13,21,23,247,44,146,88,15,1393,44,15,82,24,11,3,71,116,551,64,26,28,48,34,395,214,7,4,31,17,15,12,27,24,12,17,13,161,4,5,26,18,49,31,6,7,1,324,46
"COG3074",1,0,0,3,0,0,0,0,5,1,1,0,0,0,0,0,0,0,0,0,28,0,0,1,0,0,0,0,0,0,0,0,0,0,1,3,0,0,0,0,0,0,0,0,0,0,0,0,0,0,0,0,0,0,0,0,0,0,0,0
"COG3075",17,15,13,65,13,13,9,9,0,2,13,0,4,1,9,3,80,5,35,0,1,0,6,0,0,0,2,128,0,46,60,148,83,37,1,3,67,6,1,43,0,13,0,0,13,1,0,2,5,0,0,0,233,1,17,4,0,1,49,42
"COG3076",300,1,0,44,2,0,8,0,36,36,213,1,2,2,8,1,34,49,22,3,820,8,5,0,20,5,1,21,28,332,19,14,4,13,1,134,95,3,0,9,1,5,2,1,5,5,5,4,84,0,1,10,14,20,11,6,5,2,160,5
"COG3077",38,0,0,63,6,1,6,2,2,11,98,2,0,5,8,0,25,18,7,0,12,21,3,1,5,6,3,42,20,91,11,117,28,76,8,29,44,9,1,1,6,8,0,6,11,7,27,18,7,4,8,31,116,7,3,0,0,0,65,5
"COG3078",72,0,0,6,2,1,0,0,25,14,63,0,0,1,1,1,3,0,0,1,67,0,1,0,0,1,1,9,0,103,2,0,1,2,0,31,106,0,0,3,3,2,0,0,0,0,13,0,7,0,0,0,9,3,1,0,0,0,141,1
"COG3079",576,297,224,412,67,256,132,148,162,177,463,166,75,97,113,1625,218,261,662,113,1662,218,75,150,145,55,38,375,262,882,182,166,96,104,36,142,164,34,25,200,34,49,16,17,60,30,7,33,81,58,32,90,154,32,22,72,37,11,125,67
"COG3080",178,5,0,229,0,1,0,5,4,1,103,0,0,0,1,0,308,5,43,0,28,0,0,0,0,0,1,261,0,160,70,141,186,161,3,3,210,0,0,16,0,7,0,0,6,0,12,0,0,0,0,1,135,0,0,0,0,0,194,15
"COG3081",783,4,1,404,31,10,37,16,118,278,626,6,6,34,49,4,143,289,153,7,2551,92,23,12,71,17,5,153,272,1522,103,46,34,119,12,760,410,11,15,52,16,26,44,21,32,24,148,28,287,24,20,85,55,180,38,16,5,7,654,39
"COG3082",154,0,0,24,0,3,3,3,18,14,124,0,3,0,0,0,14,31,14,0,401,15,0,0,6,4,0,9,16,160,7,8,4,5,0,78,58,1,0,2,1,0,0,0,2,1,2,2,53,1,0,9,8,10,4,1,1,1,71,7
"COG3083",1090,471,326,423,54,395,325,370,192,215,722,113,142,49,396,38,497,411,744,84,2899,58,87,2,205,64,73,516,134,1240,460,148,233,184,111,517,823,330,151,873,9,508,10,28,279,75,45,126,747,25,9,80,197,98,51,353,203,12,715,498
"COG3084",1,0,0,0,0,0,0,0,3,0,1,0,0,0,0,0,0,0,0,0,35,0,0,0,0,0,0,1,0,0,0,1,0,0,0,2,0,0,0,0,0,0,0,0,0,0,0,0,0,0,0,0,0,0,0,0,0,0,0,0
"COG3085",918,2,0,121,2,7,19,10,70,101,618,1,4,7,19,0,99,227,84,8,1993,47,7,4,74,10,1,43,144,1198,35,14,8,8,0,98,80,2,0,11,1,7,0,1,5,5,2,9,71,0,1,20,5,16,6,9,2,0,103,5
"COG3086",318,17,2,142,11,3,9,2,48,88,217,6,2,15,15,294,29,105,50,1,1016,23,7,5,33,8,2,46,95,411,28,30,15,28,5,213,90,11,4,19,2,12,2,5,7,9,25,13,83,4,5,40,18,60,19,6,3,3,174,14
"COG3087",733,130,62,334,74,55,58,74,164,154,453,163,46,82,66,747,215,285,274,158,1693,184,29,105,121,31,36,268,229,795,192,142,188,243,102,455,402,34,33,190,204,96,35,45,135,61,111,62,259,79,51,186,166,143,75,124,50,27,401,151
"COG3088",1244,1737,2348,1719,1776,2225,1809,2015,2185,915,1093,1953,1723,1818,2214,1953,1740,1665,1882,1978,1002,1942,2587,2555,2004,1627,1602,1699,1534,1502,2058,2413,1765,1947,2031,582,1551,1833,2023,1774,2542,1785,2398,2159,1866,2008,545,1861,1715,2144,2504,1192,2301,1824,947,2139,2044,2545,1120,1871
"COG3089",344,14,11,63,22,12,25,13,41,59,199,37,16,19,17,136,24,112,55,40,777,56,12,33,48,16,8,41,66,300,41,27,26,32,14,187,125,23,15,25,2,44,7,16,29,19,8,22,60,35,18,60,29,31,13,27,15,13,171,30
"COG3090",412,758,1103,1052,954,1111,912,1059,2250,588,388,1657,931,965,1218,2036,816,697,452,1276,1404,1365,1632,2498,1395,1034,725,607,1148,1212,759,340,857,761,1189,862,863,967,776,359,1352,714,1248,1465,767,1192,3897,1003,1374,1163,2266,788,342,1380,567,1104,780,1242,746,467
"COG3091",346,40,11,100,11,11,24,24,28,85,237,46,7,16,10,357,78,110,78,3,1022,28,3,5,25,5,3,44,72,392,69,20,18,40,23,424,117,20,10,23,5,14,4,6,35,10,82,18,89,7,7,20,15,128,11,29,4,3,110,80
"COG3092",357,0,1,53,2,1,8,1,41,43,231,0,1,2,9,0,39,79,27,1,910,16,4,0,13,4,0,18,58,408,31,16,11,8,0,172,134,1,0,10,1,2,1,1,11,5,9,8,65,0,6,17,16,14,8,11,2,0,194,8
"COG3093",359,9,1,527,60,9,39,23,50,256,415,15,14,23,53,14,243,119,213,20,1635,100,36,32,29,21,12,231,102,728,96,293,172,264,68,745,664,97,36,393,15,50,32,29,67,44,403,35,137,20,39,91,293,286,48,17,28,12,646,72
"COG3094",63,1,0,12,5,0,4,5,29,29,74,1,1,14,4,4,14,4,135,13,415,11,3,17,15,3,1,35,7,105,44,136,5,15,4,45,66,1,0,151,1,21,1,0,24,9,36,3,4,0,4,10,140,4,18,8,2,1,139,12
"COG3095",2,0,0,0,0,0,0,0,3,0,1,0,0,1,0,0,0,0,0,0,9,0,0,0,0,0,0,0,0,0,1,0,2,0,0,0,10,0,0,0,0,2,0,0,0,1,0,0,0,0,1,0,0,0,0,0,0,1,0,0
"COG3096",27,0,0,4,10,0,0,0,50,9,20,3,0,14,0,0,0,0,0,0,261,4,0,1,4,2,2,8,5,1,1,0,3,4,2,6,65,3,0,0,0,2,0,0,0,2,0,0,0,0,4,2,0,4,2,0,1,0,0,0
"COG3097",4,0,0,0,0,0,0,0,1,0,0,0,0,0,0,0,0,1,0,0,27,0,0,0,0,0,0,0,0,0,0,0,0,0,0,0,0,0,0,1,0,0,0,0,0,0,0,0,0,0,0,0,0,0,0,0,0,0,0,0
"COG3098",10,3,3,41,8,4,4,3,18,25,25,15,4,6,5,94,6,11,9,4,87,10,0,5,4,3,2,11,16,81,30,5,19,30,43,185,135,12,10,19,7,20,3,14,18,12,52,21,69,19,11,36,6,68,13,15,15,5,154,14
"COG3099",19,0,0,1,1,0,0,0,11,4,27,0,0,0,0,0,1,0,0,0,31,0,0,0,0,1,0,5,0,54,1,0,0,10,1,66,51,1,0,1,1,0,1,0,0,0,3,0,3,0,0,1,0,1,0,0,0,0,62,0
"COG3100",283,29,3,165,18,9,23,15,63,66,197,51,13,31,17,324,76,93,87,26,751,30,5,27,34,17,17,62,87,403,59,102,30,64,23,207,123,9,5,99,4,49,13,13,38,21,38,29,87,16,12,45,115,78,23,16,13,6,207,46
"COG3101",606,28,15,223,32,12,40,33,102,162,356,93,37,56,25,312,92,194,67,65,1535,108,16,71,47,39,40,104,159,653,67,47,36,74,40,235,221,22,26,22,19,55,20,39,69,39,122,69,109,67,27,106,31,148,48,49,27,0,282,97
"COG3102",3,30,2,1,8,3,0,12,7,0,8,0,3,2,0,29,2,1,1,2,39,7,0,2,5,0,1,1,2,0,0,2,1,2,1,1,0,1,0,2,2,1,0,0,0,3,0,0,2,2,1,0,1,2,2,0,0,2,0,7
"COG3103",593,21,9,98,39,30,52,43,63,131,380,7,29,59,18,0,82,171,86,22,1652,55,22,184,38,21,11,33,84,580,62,143,15,27,47,361,273,51,27,58,6,94,26,10,91,30,113,50,135,12,5,28,173,88,54,21,22,9,332,120
"COG3104",1407,3320,3482,1609,3776,3595,3217,2625,3400,2806,1342,3677,2430,3192,1481,6058,1693,2087,1619,2824,3577,2713,2974,4708,4809,2851,2035,1822,2453,2298,2481,364,2153,1360,3281,1122,2590,2705,2279,1251,2353,1726,3350,2128,2451,3611,2663,2058,3299,2469,3806,3149,451,2191,2794,2799,2581,3010,1436,1671
"COG3105",9,47,21,160,61,15,36,35,64,81,45,76,30,45,22,503,24,63,61,71,122,78,14,77,26,17,18,67,112,170,37,7,33,51,47,219,77,19,22,15,22,41,9,32,54,15,36,35,17,74,60,126,16,83,17,42,15,18,116,44
"COG3106",1632,6,7,353,19,7,40,18,120,211,952,22,9,28,59,6,200,409,178,19,3635,95,12,5,109,20,2,116,242,1683,129,53,93,84,20,717,579,27,8,58,19,29,5,21,32,34,410,28,385,8,15,62,49,209,69,32,18,1,699,63
"COG3107",1872,381,257,1092,300,265,343,414,555,583,1306,552,213,328,268,2014,618,792,969,580,4695,538,273,1011,348,193,204,691,638,2347,606,645,528,551,376,1329,1217,236,220,809,343,486,195,253,519,251,319,309,821,463,774,723,725,491,222,375,237,172,1374,803
"COG3108",162,159,182,69,382,157,164,190,300,208,222,225,202,255,123,121,48,129,8,104,75,232,131,72,432,230,125,77,169,119,113,85,72,77,334,590,36,109,235,9,57,138,178,265,207,229,626,166,40,239,68,326,131,367,210,245,294,109,75,86
"COG3109",526,2,0,75,3,3,6,3,42,62,273,1,19,2,10,1,63,107,27,4,1314,29,2,0,18,10,1,20,55,540,36,20,17,21,0,311,193,3,3,12,1,6,6,4,16,14,10,18,109,2,0,23,20,21,14,13,9,1,247,18
"COG3110",18,0,1,28,1,0,1,0,24,18,10,0,0,2,1,0,1,7,2,0,128,2,0,0,3,0,0,15,10,19,2,0,1,6,2,18,9,2,0,1,0,2,0,5,1,1,0,2,2,1,0,9,11,2,1,0,0,0,25,0
"COG3111",5,0,0,2,0,0,0,0,5,0,8,0,0,0,7,0,0,2,0,1,35,0,0,0,0,0,0,1,1,2,3,2,0,3,1,69,0,0,0,61,0,1,1,3,2,1,0,0,0,0,1,2,1,1,2,5,0,0,2,24
"COG3112",53,0,0,7,0,2,1,1,20,15,97,0,2,1,4,0,5,5,7,0,496,9,2,1,2,0,2,5,7,138,4,1,3,3,0,100,88,3,0,1,0,2,2,0,6,8,7,1,5,0,2,2,8,14,12,1,1,1,97,3
"COG3113",3,0,0,1,1,0,0,0,3,0,0,0,0,0,0,0,0,0,0,3,28,0,0,0,1,0,0,1,0,0,0,0,0,0,1,1,0,0,0,0,0,0,0,0,0,0,0,0,0,0,0,0,0,0,0,0,0,0,0,0
"COG3114",16,1,0,5,3,0,0,0,7,7,35,0,0,0,1,0,0,1,1,0,87,0,0,0,0,0,0,5,0,29,2,0,0,2,0,42,17,0,1,0,0,0,0,2,3,2,1,0,5,0,0,0,6,2,3,0,0,0,29,1
"COG3115",995,148,149,684,223,154,156,241,314,280,655,284,101,239,126,639,404,442,520,248,2505,261,186,180,227,209,70,427,364,1342,357,271,440,424,147,689,712,77,93,380,215,247,159,92,348,172,163,131,472,199,187,332,254,276,116,178,79,161,657,307
"COG3116",239,14,13,73,8,21,8,26,21,53,157,6,8,8,17,67,36,96,87,21,764,45,1,12,41,6,7,44,71,263,36,22,17,34,14,185,93,11,4,61,7,26,9,9,25,11,2,11,75,15,22,38,39,28,14,20,4,3,82,29
"COG3117",505,103,48,259,22,53,41,66,74,115,379,59,8,47,62,366,116,219,247,76,1362,46,21,11,31,10,15,218,119,670,120,183,119,93,22,385,291,25,28,222,31,117,17,17,99,23,14,26,192,17,24,48,209,55,41,71,15,17,321,124
"COG3118",1156,935,862,1124,1221,869,1077,929,1231,919,755,994,837,1052,692,259,755,1347,823,819,2600,1032,737,858,1141,905,788,815,960,1727,790,721,814,809,1245,899,1052,911,948,944,313,1318,706,843,1268,801,1882,892,821,1042,1181,1089,805,776,635,896,948,805,913,942
"COG3119",13098,26333,30769,35075,43050,31083,36144,47902,44666,34047,10937,66919,31285,34039,19067,17855,35824,51112,47838,39951,10280,23361,23825,47943,46321,27944,16355,45037,22345,26987,35488,17009,42197,34899,38216,5006,33648,23817,21515,36205,10373,54545,24256,20799,50122,32878,5707,33638,16581,22744,44856,32438,19277,23554,30715,36850,20729,25665,12966,35213
"COG3120",3,0,0,1,1,0,0,0,4,1,0,0,0,0,0,0,0,0,0,0,21,0,0,0,0,0,0,0,0,0,0,0,0,0,2,0,0,0,0,0,0,0,0,0,0,0,0,0,0,0,0,0,0,0,0,0,0,1,0,0
"COG3121",42,19,2,143,11,5,23,17,11,20,19,7,0,10,41,67,70,62,31,5,55,23,22,7,1,4,1,53,34,127,57,13,137,235,8,279,150,6,4,10,47,5,12,11,14,5,28,0,10,2,11,30,17,12,3,11,1,4,118,38
"COG3122",491,5,3,242,19,4,16,7,91,133,353,26,7,26,29,361,48,164,106,26,1059,43,7,29,21,8,5,91,136,628,51,36,19,53,21,387,300,14,5,62,11,32,4,15,42,17,19,30,135,55,20,83,43,48,25,17,8,1,366,83
"COG3123",327,178,148,123,79,174,65,115,377,972,192,213,50,251,92,906,40,181,47,117,865,66,74,105,335,557,22,59,111,380,96,20,20,62,55,268,142,34,38,18,109,85,185,55,135,394,22,59,86,97,122,96,25,84,1280,120,36,61,213,43
"COG3124",179,21,26,92,42,26,21,32,89,60,129,76,20,36,18,172,67,104,83,44,475,52,27,87,88,23,15,54,68,276,160,136,197,199,117,385,565,59,40,166,133,120,93,65,89,124,223,67,178,115,77,264,166,149,124,103,59,62,360,114
"COG3125",421,0,0,118,8,1,10,2,23,39,204,5,1,11,15,229,75,129,54,3,506,26,7,1,13,9,3,67,82,341,33,20,27,45,12,210,162,16,2,7,16,9,5,18,7,6,141,6,88,9,14,40,13,59,5,5,3,0,208,22
"COG3126",124,1,0,130,6,1,11,6,26,12,97,3,1,14,15,4,45,43,47,4,71,27,11,2,9,7,0,36,43,268,22,45,78,99,14,113,239,8,0,8,9,4,4,5,5,5,415,0,21,11,3,40,55,17,3,1,2,0,312,23
"COG3127",2258,4959,5544,4315,3535,5409,4504,4468,6342,2588,2122,5395,4193,3899,3612,7910,3847,3506,4111,4689,5663,5681,5013,12262,4259,4199,3723,3875,4756,5371,4089,2669,4849,3853,5807,2417,4718,4155,5025,3645,4688,3678,3683,4999,4189,3754,3378,4231,3592,4996,9325,4023,2372,4488,2179,4335,5436,3377,5496,4259
"COG3128",1828,339,452,345,968,351,547,595,605,2432,2604,1339,1645,1151,706,460,154,1257,303,1057,1105,1961,394,603,985,2174,3768,183,2200,777,594,103,128,370,1108,19663,278,408,2277,233,509,876,875,2202,468,1247,24129,2038,357,1853,508,2362,106,3835,3113,858,2017,358,250,480
"COG3129",645,149,51,226,118,67,58,53,73,97,507,64,32,41,25,1615,52,206,110,16,943,55,16,13,28,7,10,62,173,880,71,39,60,89,8,556,309,13,52,27,64,42,6,13,25,17,130,13,218,31,8,55,46,169,26,37,27,5,542,83
"COG3130",217,8,2,114,22,2,10,2,31,74,172,11,9,19,5,11,34,76,19,9,585,23,3,34,12,10,5,39,57,286,28,16,12,25,17,158,118,13,7,6,6,9,4,11,22,9,47,17,47,15,6,36,14,53,14,5,9,4,153,34
"COG3131",1579,18,15,896,98,20,108,74,277,411,863,40,16,91,164,5,269,624,322,118,4068,262,64,8,146,48,13,444,505,2448,246,72,168,162,121,1216,1372,143,30,97,37,129,20,118,130,85,2817,94,470,64,35,249,67,275,109,107,17,4,1450,147
"COG3132",67,9,4,31,21,8,45,15,42,30,77,39,8,28,11,1,24,61,47,27,101,11,5,6,20,19,13,41,10,172,20,14,26,34,37,134,203,24,10,38,8,80,3,24,77,37,2,9,90,2,41,9,28,19,51,17,10,0,263,49
"COG3133",10,128,163,108,137,174,120,90,175,79,61,210,90,220,47,302,35,48,30,170,20,138,140,186,289,272,75,55,137,172,88,1,37,57,77,184,56,59,80,4,107,34,305,94,89,227,66,49,230,79,192,78,3,124,134,125,86,177,92,6
"COG3134",4,29,22,144,9,25,20,27,9,37,42,11,10,21,7,241,58,42,183,20,33,9,6,13,21,10,2,150,70,232,164,99,109,77,9,186,101,10,7,91,23,49,7,9,31,4,146,14,25,4,0,27,103,64,6,42,15,3,128,15
"COG3135",1133,140,113,545,203,110,178,179,256,428,952,223,98,123,85,470,335,499,281,207,3865,366,54,54,208,180,101,274,467,1570,179,85,163,205,263,884,580,118,161,146,21,235,49,199,216,149,462,150,328,329,124,421,106,265,182,157,126,46,696,162
"COG3136",2,0,0,68,0,0,2,1,0,20,22,1,0,2,6,0,1,24,21,0,36,3,4,0,0,0,0,23,26,115,3,0,0,1,0,22,10,0,0,2,0,0,0,0,0,0,0,0,5,3,0,2,0,8,1,0,0,0,12,1
"COG3137",1384,68,13,438,92,33,99,79,191,229,812,91,50,76,94,35,302,442,190,95,3128,134,72,13,123,45,20,294,264,1450,153,125,201,250,46,760,568,37,35,97,38,106,18,37,139,53,178,72,379,29,51,133,164,147,63,85,26,28,1067,150
"COG3138",1271,338,388,900,352,410,208,207,454,663,998,402,227,383,190,1128,257,476,237,332,3061,331,426,217,366,332,209,329,542,1793,296,107,147,199,254,1261,758,121,203,70,210,148,331,286,239,381,1342,218,650,271,376,470,101,445,262,215,293,273,2083,199
"COG3139",66,10,3,41,11,8,6,7,17,24,48,14,8,9,9,42,8,25,12,14,177,21,1,11,4,5,3,12,17,90,30,14,10,27,41,174,78,10,8,17,4,35,2,25,21,8,40,21,34,42,26,89,15,61,18,30,15,15,123,14
"COG3141",533,1,0,80,2,2,16,4,49,69,300,1,1,7,8,0,27,120,54,2,1065,26,2,0,23,2,1,26,64,474,30,22,10,29,0,232,150,3,2,9,1,6,5,10,10,4,6,4,77,1,5,21,15,28,18,7,3,0,227,11
"COG3142",154,709,791,172,576,736,474,615,534,418,181,468,350,380,361,962,245,433,482,533,118,268,735,575,789,265,249,284,325,142,473,157,458,216,591,229,517,453,348,351,456,427,730,217,397,588,361,340,468,278,353,440,167,338,446,659,348,952,185,323
"COG3143",644,1,1,299,25,4,13,15,95,187,514,4,4,21,35,0,89,183,111,4,1662,46,21,15,30,21,3,139,149,852,64,29,21,106,12,538,319,15,15,25,13,21,8,19,32,28,148,21,180,14,10,56,34,107,37,14,3,2,466,77
"COG3144",1957,9,3,529,557,16,58,26,248,375,948,54,47,564,71,745,193,437,236,64,4376,139,29,123,114,40,23,250,319,1871,145,85,48,151,110,1780,687,31,34,74,42,79,20,64,112,44,293,67,316,66,53,177,102,226,75,60,50,413,1107,162
"COG3145",831,1068,776,776,1070,817,811,814,637,582,631,993,618,803,297,2269,659,670,382,508,1613,547,496,886,397,372,645,675,534,1386,480,233,650,625,903,1046,854,464,805,312,1304,607,348,374,465,366,930,413,698,572,354,639,244,573,340,818,720,370,1184,502
"COG3146",928,2281,2560,1902,2290,2571,2614,2171,3612,5018,800,3629,4521,3596,1314,2368,1641,3164,1151,4377,1938,4267,2015,2923,3833,5096,5026,1542,5454,2158,650,213,526,628,1169,358,575,877,1028,336,555,739,845,1361,677,1083,760,1368,539,1596,1389,2155,219,1340,2113,884,1271,525,504,430
"COG3147",494,38,7,162,48,18,39,25,64,93,349,14,13,39,28,177,66,168,88,43,1289,47,26,26,33,14,10,94,113,602,67,38,47,58,24,357,267,20,7,54,9,75,11,20,79,23,22,25,114,10,20,46,60,50,14,38,8,17,314,88
"COG3148",1141,90,19,366,77,22,74,32,178,238,923,19,25,52,64,148,144,318,186,22,3384,120,76,16,107,36,27,146,257,1577,120,72,40,78,24,809,493,20,43,66,13,40,21,26,67,41,127,40,338,45,16,101,82,185,57,37,18,11,1145,66
"COG3149",424,5,8,150,23,6,14,11,86,121,328,39,8,28,15,13,36,141,82,40,1160,53,12,50,40,28,16,56,121,470,53,24,21,38,28,297,220,11,3,51,3,34,26,14,35,34,30,29,77,19,13,46,49,53,42,22,9,3,235,44
"COG3150",611,357,504,117,364,548,337,284,788,350,434,837,443,586,175,972,56,219,72,671,1596,568,636,728,872,738,514,104,467,715,285,44,53,126,580,397,231,266,463,27,528,136,744,656,304,655,45,355,605,558,1133,542,84,510,438,406,592,547,780,57
"COG3151",397,396,439,267,178,390,235,247,470,152,299,471,159,241,79,302,164,281,191,416,1101,241,243,210,330,264,151,264,276,563,209,39,171,187,203,360,374,125,186,82,345,184,239,138,228,210,85,141,302,247,315,274,34,214,133,285,161,202,357,216
"COG3152",477,1008,1015,828,697,1051,1107,1244,831,854,568,860,688,736,1138,860,888,1283,997,815,370,830,1049,777,795,693,774,815,810,711,934,1272,833,913,613,419,858,919,810,903,1061,1317,1186,578,885,875,697,754,1121,604,615,724,1093,796,649,1170,783,901,599,1078
"COG3153",153,229,264,373,325,224,265,255,375,241,145,434,280,256,122,120,319,199,251,237,148,230,199,285,297,222,147,279,308,331,285,193,253,218,373,330,386,195,378,310,120,369,168,202,251,249,1413,214,125,255,256,349,223,235,158,259,358,140,144,221
"COG3154",26,0,0,16,2,0,1,0,12,9,12,0,1,8,2,0,0,6,62,1,210,0,5,0,9,2,0,12,11,29,112,273,1,21,12,40,9,7,0,262,1,6,1,4,8,18,114,1,3,1,7,11,281,8,31,0,1,0,58,7
"COG3155",1802,136,110,458,112,118,130,160,196,291,1324,91,62,127,229,25,640,371,1035,96,2230,237,159,73,164,138,124,605,263,1172,510,1016,485,367,48,385,707,187,64,1024,15,236,218,79,266,190,301,84,541,102,207,169,1082,209,181,118,74,199,1588,585
"COG3156",1137,807,863,587,595,857,474,636,1111,571,784,1297,646,782,334,1365,383,679,355,1214,2517,906,736,1520,1203,999,732,418,816,1345,571,166,427,440,1078,789,905,589,613,354,641,492,1004,815,672,873,636,638,639,826,1774,882,150,718,580,833,798,634,848,363
"COG3157",46,9,2,185,54,9,20,12,75,126,213,22,12,35,27,5,14,74,50,39,146,34,19,44,15,16,15,138,109,220,19,25,28,76,37,405,125,11,16,27,8,39,19,34,37,38,47,20,26,30,32,52,17,61,31,31,9,1,177,113
"COG3158",113,178,89,275,58,93,83,77,61,120,93,179,8,40,87,186,206,156,46,12,83,55,7,3,85,14,14,304,127,202,110,46,186,229,111,67,386,52,31,42,525,42,8,59,33,72,96,20,110,85,37,154,62,15,156,62,30,4,42,92
"COG3159",950,694,815,609,559,766,517,528,1036,476,550,990,427,769,332,756,458,521,616,818,1886,783,641,840,1005,887,479,532,578,1073,606,544,379,459,629,638,663,328,443,493,554,462,763,577,806,745,505,370,778,535,1291,663,537,576,461,622,557,589,703,692
"COG3160",641,29,8,183,14,9,16,9,80,133,396,33,2,13,27,479,68,129,92,27,1479,40,26,64,40,21,1,76,115,698,55,32,16,43,11,473,235,14,5,28,14,20,3,9,25,24,73,17,151,11,18,68,47,95,33,24,7,4,395,49
"COG3161",806,381,484,294,258,437,234,217,444,273,548,556,214,383,122,1340,222,240,531,359,1750,333,374,544,556,397,255,434,333,825,534,363,236,196,280,422,434,147,198,312,470,124,388,232,288,395,107,193,497,371,389,388,222,306,239,333,253,267,399,148
"COG3162",28,7,4,32,1,2,2,1,0,4,38,0,0,0,8,0,24,9,18,1,8,8,0,0,0,1,0,31,6,25,8,42,16,24,7,3,17,3,1,32,0,1,1,2,2,0,1,0,11,1,5,1,34,0,1,1,0,0,19,9
"COG3164",4532,2285,2322,1973,698,2177,1245,1508,1305,1160,3127,1571,736,798,813,4715,1247,1810,2565,1059,10402,1368,997,969,800,627,688,1922,1510,4829,1688,1204,1367,1305,882,2834,2751,760,869,1561,2343,1044,494,755,1294,517,659,862,2103,1030,673,1343,1233,1169,407,1585,1025,658,2903,1582
"COG3165",639,189,139,413,116,140,95,121,180,148,473,263,58,93,83,1520,299,257,391,142,1556,151,104,835,125,63,39,444,198,857,245,226,363,373,137,415,492,46,56,285,311,119,58,65,128,73,108,76,284,135,137,224,237,184,50,123,82,65,444,170
"COG3166",503,59,19,309,42,30,63,30,65,176,376,15,23,52,45,138,131,212,206,18,1367,51,31,16,35,62,20,161,146,727,118,138,101,158,69,421,316,33,22,148,18,111,7,26,118,34,96,41,164,33,22,71,138,143,45,28,24,15,348,166
"COG3167",628,60,17,357,51,30,43,38,88,177,485,19,16,41,61,187,149,204,320,19,1600,61,49,21,51,18,12,202,144,873,155,220,112,137,61,463,403,51,8,221,22,93,13,20,91,30,264,42,259,29,16,66,206,113,42,39,26,8,777,155
"COG3168",409,41,8,285,29,11,33,36,62,126,363,12,4,29,39,72,112,159,240,16,1292,42,18,23,35,12,15,145,115,663,94,88,114,149,48,413,318,29,12,147,13,82,4,21,82,18,76,27,178,15,18,49,143,105,24,28,18,13,346,115
"COG3169",3,0,0,55,14,1,6,6,1,66,41,2,2,10,12,147,23,18,11,0,12,15,1,2,1,2,2,25,24,73,5,4,39,59,15,90,40,37,1,2,1,6,1,10,4,7,38,1,10,5,6,17,5,7,7,0,0,4,52,39
"COG3170",1414,158,126,806,110,130,227,145,231,483,902,162,173,128,143,93,224,489,692,199,5565,296,116,114,132,119,133,432,438,2031,223,419,156,197,279,1698,910,72,195,389,80,155,41,105,283,82,78,168,806,87,213,256,483,364,116,142,286,88,1546,422
"COG3171",0,0,0,39,0,0,2,0,0,14,32,2,0,3,3,1,0,18,22,0,21,10,1,1,2,0,0,17,31,83,8,0,1,10,0,120,29,1,2,7,0,0,4,3,0,2,0,0,4,1,1,1,3,14,2,0,0,0,40,3
"COG3172",39,347,443,256,532,402,306,353,488,366,124,566,260,311,132,1016,154,266,337,413,53,345,410,629,668,159,156,217,368,299,359,163,278,187,559,657,344,440,198,292,266,200,378,167,270,397,91,214,165,292,420,452,213,256,331,412,235,589,101,148
"COG3173",2323,4587,5188,3919,4649,5130,4722,4792,4602,2765,1522,4503,4158,4730,3882,3495,3693,3839,2837,4783,2690,3933,5312,5307,5001,4876,3887,4430,3436,3997,1276,589,1388,1172,1344,489,1222,1453,1644,801,1374,1496,1780,1510,1595,1508,753,1398,1738,1245,1783,1231,743,1249,891,1719,1607,2219,851,1108
"COG3174",139,5,1,286,24,2,12,21,65,90,465,10,6,19,45,1,33,69,49,4,168,38,10,3,8,16,3,132,103,204,37,43,107,62,42,292,114,29,1,26,7,21,3,26,17,13,171,35,31,30,23,104,75,34,36,5,1,4,115,30
"COG3175",928,2414,2756,852,2193,2606,2413,2020,3457,1099,665,3087,2429,2480,2036,4063,855,1309,1185,2185,1690,2449,2705,4518,3092,2429,2055,852,1974,1207,1630,859,795,1035,2666,825,1053,1801,2582,757,3633,1538,2818,2812,1943,2712,1144,2461,2303,2501,3665,1762,727,2332,1236,2308,2610,2837,889,1312
"COG3176",1682,1561,1919,1019,2505,1890,2216,2096,2584,1684,1575,2501,2256,2457,1557,1645,984,1819,742,3711,4194,2053,1843,5652,2576,2031,1882,891,2008,2830,410,132,367,245,1800,458,632,828,836,85,202,581,522,702,652,623,1088,724,729,748,832,843,140,637,498,942,836,639,1467,386
"COG3177",2229,123,58,942,301,59,129,139,240,526,3891,134,116,192,177,203,414,586,646,179,3954,290,164,88,182,73,31,555,501,2124,374,1142,456,613,200,1692,830,392,90,748,136,149,309,215,181,254,4358,192,271,104,279,308,1489,385,280,160,50,50,1466,341
"COG3178",1079,3666,5294,2451,3147,4790,3714,3546,4805,1518,1270,4794,3425,3225,3268,3775,2409,2473,2838,4282,354,3946,5382,3592,3887,3600,3352,2106,3220,2209,3078,3032,2205,3012,3955,1040,2244,3675,4031,3147,5589,2824,4614,4490,3206,3577,1988,3774,2485,4305,5822,2324,2813,3898,1712,3777,4027,4362,2829,3468
"COG3179",373,42,59,85,418,33,117,168,574,132,258,600,208,169,43,53,32,58,47,117,49,107,21,361,347,338,544,99,108,209,42,7,2,23,111,2547,22,96,83,6,377,29,70,153,30,131,763,90,13,116,5,75,4,92,151,65,64,42,16,5
"COG3180",599,1912,2192,702,1431,1964,2006,1942,2573,882,424,2397,2212,1318,2051,1167,701,1089,1158,1900,77,2215,1966,3429,1888,1581,1498,512,1673,791,1139,1723,631,840,2592,530,655,1807,2707,1681,2477,1353,1378,2473,1338,1518,2331,2309,1456,2607,2158,1713,1622,1985,750,2184,2328,1577,568,1247
"COG3181",2004,3830,3561,5586,2962,3569,4178,3868,4452,1858,1435,4703,3763,2927,3819,3378,6272,2692,3432,3286,493,4477,3708,7126,3535,3046,2940,7304,3694,3706,3877,3718,5536,5873,5065,1263,5296,3385,4442,3621,4489,3442,2725,4657,2984,3247,6483,3846,3207,4789,5535,3626,3500,3598,1625,3748,4183,2958,2572,2790
"COG3182",5742,232,185,2160,566,215,522,363,612,1412,3640,178,179,644,450,793,1224,1898,968,129,12786,490,212,45,539,260,70,1047,1328,6541,739,343,1009,973,223,3435,3708,344,182,365,90,349,292,233,1084,388,2537,264,1520,117,120,613,373,816,396,304,227,153,4198,941
"COG3183",324,60,40,98,37,35,55,65,39,54,215,35,77,38,59,143,81,110,158,52,433,39,43,81,31,43,55,110,49,135,80,343,78,81,47,68,84,67,62,203,81,69,39,66,62,38,83,50,93,49,109,59,323,49,32,48,68,61,69,63
"COG3184",15,0,1,34,9,1,5,5,39,31,19,9,0,1,2,3,7,17,13,0,654,21,5,0,13,0,0,17,11,254,5,0,17,12,2,115,36,2,2,6,1,5,3,4,16,12,7,2,86,0,1,1,3,16,15,2,0,0,120,37
"COG3185",1492,1274,951,1255,1035,995,945,894,608,1411,1413,774,726,682,730,2573,1502,1363,1876,601,2121,834,749,280,752,536,600,1747,872,2144,1347,989,1437,969,1424,784,1650,1062,909,1038,358,779,949,687,740,788,4153,674,1016,628,266,949,1025,748,934,968,802,416,2633,957
"COG3186",1049,906,825,875,1063,787,616,783,415,1280,1000,430,379,853,638,1857,1108,1316,1234,511,1822,294,1026,235,813,453,329,1206,508,1743,1032,552,1234,686,381,697,1495,979,442,401,233,691,1793,287,881,1097,1467,461,1180,245,139,432,533,525,1079,728,378,841,2850,896
"COG3187",758,28,4,460,29,13,25,34,116,171,520,17,6,28,39,45,101,265,165,12,1109,60,13,3,55,16,3,155,228,887,97,55,103,125,6,469,470,15,4,68,13,32,3,34,33,19,30,18,219,19,15,80,42,128,26,25,11,0,422,70
"COG3188",138,66,6,460,26,4,49,39,77,93,56,5,2,57,120,159,313,159,69,5,222,60,73,7,7,15,6,189,71,598,178,57,421,633,39,968,472,26,5,28,63,14,18,39,37,20,112,8,20,15,59,107,67,39,13,3,6,19,591,108
"COG3189",14,0,0,65,10,1,6,1,14,20,17,4,2,6,6,0,22,20,4,0,35,12,6,0,5,9,0,38,23,78,7,2,17,25,22,114,41,24,1,1,3,15,4,4,9,6,42,5,12,7,3,13,2,13,7,1,1,1,37,5
"COG3190",15,0,0,35,0,0,1,0,9,14,41,2,1,1,4,0,11,6,17,1,174,8,1,3,7,0,0,9,12,86,10,4,6,30,10,123,86,4,7,6,2,9,2,11,12,4,38,4,17,9,2,16,8,25,15,0,0,0,147,4
"COG3191",1230,1138,1000,1844,937,1019,1186,1378,805,714,1157,680,717,906,1621,760,2172,1574,1935,623,1468,590,1078,634,916,710,472,2179,508,1387,1610,1855,2283,1730,808,400,1722,925,960,2158,175,2171,1064,505,1621,980,2080,717,1761,671,590,818,2149,572,616,1377,809,1344,1005,1806
"COG3192",2,0,0,18,0,0,0,0,1,0,16,0,0,0,5,0,3,3,1,0,2,1,0,0,0,0,0,3,1,13,0,1,11,13,0,0,0,0,0,0,0,0,0,0,0,0,1,0,0,0,0,0,0,1,1,0,0,0,4,0
"COG3193",216,445,269,767,234,287,351,340,336,199,94,334,272,232,579,456,640,684,199,268,516,312,169,324,159,248,226,567,258,526,246,135,780,828,366,285,508,286,416,152,200,658,114,276,412,135,381,237,243,324,208,320,146,251,107,297,388,134,212,474
"COG3194",352,947,1128,790,808,1105,1037,839,530,446,315,582,734,795,750,512,889,593,1056,351,120,614,782,290,953,575,635,816,577,676,1113,1140,867,1092,880,385,807,800,1131,1303,1042,647,755,685,840,804,303,812,647,804,352,634,972,564,428,853,951,847,392,970
"COG3195",400,987,1344,1135,864,1290,1167,919,666,603,295,666,918,781,753,1088,1262,620,1274,434,129,746,918,310,1020,712,820,1142,671,899,1260,1258,1231,1428,1316,229,1072,976,1297,1346,456,739,723,915,780,713,608,1019,503,1031,488,879,1016,737,449,804,1314,718,562,946
"COG3196",19,0,0,8,0,0,7,0,0,0,11,0,0,0,0,0,0,1,0,0,5,2,0,0,0,0,0,0,0,0,0,6,0,0,0,0,0,0,0,0,0,0,0,1,0,0,0,0,0,0,0,0,3,0,0,0,0,0,0,0
"COG3197",14,0,0,14,0,0,4,0,5,7,27,1,3,0,0,0,5,8,16,0,16,10,2,0,0,0,0,5,8,36,6,45,7,1,3,60,14,5,23,56,1,4,2,5,2,0,10,2,6,0,1,5,60,8,0,2,16,0,25,3
"COG3198",373,3,3,186,19,2,10,6,41,125,260,5,2,17,21,3,59,117,72,2,986,27,10,2,29,9,4,63,118,509,36,34,8,28,3,316,168,2,5,24,5,11,12,7,16,17,55,12,91,8,5,52,42,48,24,6,5,2,291,17
"COG3199",994,1033,794,1408,1190,825,1229,1161,207,1156,691,358,569,759,1201,397,1354,1403,1138,706,2277,397,839,133,322,389,463,1412,563,1698,1013,853,1401,1047,241,760,1285,1017,1093,950,37,2084,780,416,1272,691,24,610,1275,228,140,449,899,523,577,1086,714,937,950,1411
"COG3200",2971,4841,5671,2748,4556,5773,5556,5230,5952,2278,2479,5028,4941,4872,6728,2654,3402,3894,3890,4440,3152,4913,6539,4801,4891,4446,3954,3074,4038,2950,4036,4806,3170,3625,4435,1385,2962,5375,5189,4521,5382,4013,5764,5265,4900,5257,2795,5333,6237,5223,6144,2997,4083,4669,2250,5121,4940,6284,2289,4321
"COG3201",517,1082,1274,362,913,1211,722,830,1052,601,487,1298,673,789,396,2129,308,497,336,835,1188,705,1119,1254,1531,754,407,452,741,700,640,69,455,224,963,644,750,654,449,219,737,355,1015,445,581,926,239,498,821,680,752,841,106,537,684,964,588,1014,399,377
"COG3202",1191,1827,1825,649,1156,1836,1465,1388,1025,685,1856,1178,982,1423,871,1965,872,875,1450,1174,101,937,1662,1839,1867,1391,950,1028,703,713,1260,1693,1318,653,839,522,1485,1166,1119,1979,1560,1039,2144,814,1370,1538,349,788,1716,821,1347,903,2022,785,944,1369,1277,1442,597,1043
"COG3203",266,513,650,173,360,652,333,244,500,254,327,598,224,557,234,190,39,193,88,168,428,227,658,142,567,625,137,783,192,388,259,96,33,126,138,359,494,241,190,35,541,176,606,248,329,547,1349,266,572,195,537,176,129,360,318,209,182,474,484,157
"COG3204",2118,1257,1092,455,3959,1022,799,803,1038,1529,1454,795,692,1307,954,745,352,950,708,1296,2356,1404,1338,864,1802,620,520,388,1342,1549,730,623,374,206,1119,1428,638,1762,426,379,163,391,1234,498,1157,1649,11,414,2314,547,1234,907,659,817,1307,1032,393,5029,659,443
"COG3205",195,0,0,132,7,2,11,5,34,68,157,4,4,9,13,0,40,89,40,4,624,31,6,3,12,13,1,50,81,300,20,28,12,37,4,209,109,10,2,7,4,7,2,12,15,6,170,11,58,6,9,39,13,62,12,10,3,0,145,46
"COG3206",4654,1303,1395,2223,2066,1258,1422,1377,2153,4811,4282,2200,1351,2332,1236,3770,1720,2630,1952,2024,9179,2067,1942,1724,2923,2365,2206,1589,2886,4701,1597,2133,1806,1565,1316,2134,3142,2243,1317,1546,2536,1364,2567,1557,1947,2468,5466,1388,2231,1519,2499,2355,2420,2229,3252,1145,1666,1582,2908,1954
"COG3207",1,0,0,3,2,0,2,0,2,1,16,0,0,0,0,0,3,0,1,0,0,0,7,0,0,0,0,1,4,23,0,2,4,6,1,6,2,8,0,2,0,0,0,0,2,0,0,0,2,0,0,1,9,1,0,1,0,0,93,1
"COG3208",38,184,104,79,394,102,160,159,140,168,37,98,147,175,17,63,84,169,29,20,118,189,33,19,87,78,89,193,147,440,120,16,32,58,41,148,31,106,128,13,20,149,38,37,92,155,1100,86,35,154,50,149,20,66,120,68,69,37,76,28
"COG3209",2377,39,22,827,1046,69,316,227,337,1387,1833,688,248,377,212,229,633,856,231,237,6464,365,587,208,224,148,55,474,786,3650,322,392,240,728,235,1506,1069,501,80,557,55,144,151,165,315,446,1800,304,1620,91,199,358,480,257,563,377,56,179,11665,482
"COG3210",358,471,246,920,1552,284,682,674,416,1704,876,902,691,975,317,357,641,1197,895,601,271,518,231,757,436,589,453,1179,595,934,419,243,615,793,682,386,607,459,506,665,566,816,242,444,943,807,844,879,536,577,1080,955,354,540,1109,291,402,118,1096,1423
"COG3211",2015,1862,1089,2377,934,1114,1280,1558,460,1322,1632,485,890,976,1179,476,2188,2522,1493,3069,6337,795,949,1690,477,541,2156,2683,1741,4119,478,336,680,594,1508,688,986,1191,302,296,175,930,247,176,497,214,1026,314,544,271,70,475,379,435,212,702,341,221,835,489
"COG3212",16,1,0,98,1,0,2,2,5,27,49,1,0,3,7,0,4,30,23,0,48,17,8,0,6,1,0,17,48,157,13,1,3,14,0,162,38,4,2,11,2,2,3,8,1,5,4,7,4,1,0,18,3,34,4,2,0,0,89,3
"COG3213",435,8,4,290,48,7,62,26,123,188,449,10,38,30,49,7,97,120,2177,14,1547,82,21,17,79,26,46,189,142,664,1035,1453,62,175,45,400,326,92,158,2197,80,83,18,60,41,44,758,71,41,43,22,124,1442,65,59,14,101,14,509,60
"COG3214",119,165,108,535,267,94,223,246,83,181,74,118,148,186,225,54,485,502,509,170,126,237,103,55,70,103,85,578,209,410,298,522,547,436,207,396,502,201,153,499,19,567,68,179,410,63,1815,146,240,96,69,135,685,78,70,377,147,322,250,398
"COG3215",51,21,6,122,30,14,10,11,19,64,79,11,6,21,20,21,29,33,104,18,44,23,11,18,2,4,11,52,64,171,47,65,24,80,32,187,89,19,13,88,7,43,4,15,47,7,62,18,51,14,18,35,63,60,7,14,14,8,130,71
"COG3216",490,516,569,395,611,566,604,510,770,1956,383,905,1316,944,279,1356,226,844,614,1101,1221,1150,328,313,1019,1701,1301,288,1566,781,622,478,304,394,1130,569,376,727,811,572,369,437,375,1079,397,871,855,1080,421,1285,728,1879,551,1071,2366,735,1049,242,446,262
"COG3217",206,1709,1832,1314,1058,1571,1080,1301,1110,605,263,1296,811,905,1123,1930,1280,1000,1459,697,262,853,1223,634,992,651,718,1199,628,837,1384,1071,1282,1301,1155,233,1039,1039,1268,1651,1910,1139,718,728,1276,717,876,894,802,1169,616,847,939,817,466,1430,1156,920,633,1026
"COG3218",26,8,1,182,15,4,22,14,20,53,59,12,25,18,10,1,63,54,60,10,83,25,6,3,5,5,0,61,69,209,25,34,77,87,11,166,100,5,6,27,4,52,4,14,31,12,654,7,28,4,16,30,44,40,19,10,2,0,71,47
"COG3219",427,23,6,176,26,21,21,26,46,115,300,7,6,24,45,316,50,124,109,10,1509,37,24,26,34,7,1,78,120,669,54,22,33,56,16,519,257,69,7,39,9,23,7,12,44,23,20,14,202,6,15,45,27,64,26,10,6,2,536,111
"COG3220",692,102,42,450,134,60,101,114,95,275,697,96,30,76,104,260,140,374,254,40,2112,112,65,57,72,30,11,202,274,1454,108,93,126,143,153,1606,481,273,24,90,34,153,29,47,189,48,409,49,315,23,31,100,129,305,67,43,28,9,1652,133
"COG3221",2404,2054,1786,4329,2430,1838,2664,2612,1674,4579,1329,2010,3086,2915,1884,1126,3954,3176,2462,4720,2491,2487,1775,5607,2055,3242,4167,4496,3487,3620,2869,2293,3738,3798,4161,1432,3653,4347,3015,2279,2175,2990,1906,3170,2127,2710,5148,2947,2710,2828,1186,3903,2188,2981,4639,3062,3166,2118,6029,2253
"COG3222",144,401,328,476,605,358,643,529,953,2476,242,791,1239,1185,259,991,337,1091,516,1017,147,1020,309,491,967,1753,1575,331,1524,704,460,507,448,406,1143,203,643,863,738,750,243,597,458,1103,658,965,1045,1120,266,1253,470,2085,508,1215,2880,595,1028,229,1460,747
"COG3223",18,44,94,15,54,97,49,76,8,29,15,23,73,58,54,9,10,52,85,98,0,34,189,70,32,72,52,21,50,25,144,163,16,21,60,101,16,37,46,96,52,34,165,56,28,91,17,72,165,43,34,29,117,101,46,104,45,127,23,32
"COG3224",25,15,3,142,40,6,18,3,51,155,51,18,24,68,14,0,63,52,26,5,1454,53,2,3,64,29,1,54,48,213,28,11,53,27,74,152,53,24,8,6,11,8,37,16,19,34,79,12,69,4,12,15,3,19,95,9,27,1,109,24
"COG3225",2083,2331,1838,4369,2052,1845,2345,2680,1891,2557,2194,2621,1722,1991,2977,2293,4455,4707,3661,2206,3067,1888,1703,1968,2044,1607,1827,3884,1814,3448,3018,3314,4257,4125,2395,1843,3534,2267,2151,3497,1277,4849,1882,1732,3640,1826,3014,2047,1875,1515,2265,1835,3355,2114,1653,1986,1908,1560,3568,4962
"COG3226",11,29,19,66,16,22,2,19,26,50,37,15,2,10,19,1,12,13,15,24,46,38,8,8,9,19,6,25,44,78,8,7,5,18,12,169,18,7,3,14,14,6,2,29,11,10,6,20,30,2,43,26,4,27,5,3,5,1,98,2
"COG3227",2445,133,93,358,546,79,102,448,472,950,2231,338,116,248,100,1165,449,380,582,291,1939,149,213,104,109,181,59,424,273,1288,404,1090,527,303,61,731,981,58,263,471,65,353,304,115,219,437,95,93,94,82,105,147,1204,185,416,222,132,117,1341,308
"COG3228",107,62,133,434,282,119,196,236,174,625,201,86,153,291,47,51,276,342,499,63,135,52,42,3,76,49,14,259,156,496,255,84,346,231,155,501,465,104,47,237,20,315,49,49,332,139,227,114,52,58,11,119,109,190,161,148,56,10,362,203
"COG3230",84,2,1,70,6,0,5,5,12,54,54,2,1,22,13,0,12,41,46,0,646,23,3,0,11,2,1,36,46,225,17,2,7,12,3,241,168,6,0,15,5,1,10,12,7,18,136,5,28,1,4,11,6,26,25,0,1,0,132,14
"COG3231",5,3,0,40,3,1,6,1,0,3,7,8,2,1,6,0,47,13,0,2,1,40,0,21,0,2,8,12,17,4,10,11,21,8,3,0,12,4,13,5,0,10,0,5,6,1,0,0,0,8,0,0,17,8,3,0,10,0,3,8
"COG3232",50,107,92,93,130,73,62,106,101,62,54,66,42,82,28,73,97,103,131,30,40,38,39,34,127,53,38,130,51,125,120,102,139,142,81,120,139,57,49,117,38,95,36,50,118,60,74,41,53,42,26,64,98,70,52,105,48,31,127,70
"COG3233",10,0,0,28,3,0,3,1,2,1,5,1,0,0,5,0,6,4,7,0,1,10,5,1,5,3,2,9,16,55,1,3,4,10,2,10,11,3,2,10,3,2,1,1,0,3,32,9,1,2,0,13,2,57,1,1,0,0,73,0
"COG3235",512,1,1,211,23,6,19,10,66,163,355,3,9,22,35,2,83,157,75,4,1363,33,6,1,33,12,3,92,152,657,50,28,15,52,5,485,248,11,2,22,5,6,11,14,25,16,90,12,122,14,13,39,34,59,24,9,13,0,298,13
"COG3236",334,197,101,65,262,93,135,70,54,72,979,61,56,129,102,588,26,72,14,29,764,123,101,60,33,21,41,71,50,160,47,60,16,38,13,227,84,71,101,49,811,67,82,20,78,74,34,60,123,91,31,42,58,72,53,82,31,68,86,95
"COG3237",176,0,1,68,11,1,9,7,20,30,117,3,2,12,13,0,42,79,35,2,540,24,31,0,18,8,3,45,61,334,37,13,49,19,14,124,179,20,2,5,0,6,3,15,6,6,241,7,90,10,10,21,11,28,16,7,5,1,408,17
"COG3238",47,173,125,232,176,110,150,139,75,145,75,109,118,139,53,61,193,114,83,93,47,155,89,29,114,118,76,162,100,302,97,161,206,118,138,112,121,70,207,67,64,144,86,100,159,105,225,121,115,107,61,147,136,139,102,164,186,73,920,264
"COG3239",1248,5512,5372,2976,5672,5673,5399,5165,7297,8135,1193,6815,8386,6763,3835,4352,2751,5859,2775,8022,1437,7670,4724,5450,6228,8048,9909,3292,9539,2824,3705,1825,3221,3384,6535,3366,3259,6127,6587,2421,3671,5110,4425,8019,4465,5600,2136,7930,3498,8803,7395,11598,1991,7031,9701,5618,7804,4002,2974,2995
"COG3240",57,49,46,36,210,37,74,70,63,59,49,19,73,60,10,11,31,59,18,26,130,16,37,11,11,17,49,66,23,56,54,16,33,95,48,57,57,107,266,16,3,148,13,52,60,6,1040,47,19,46,20,22,39,173,17,100,113,31,44,41
"COG3241",432,444,525,130,453,530,395,509,690,462,269,562,247,431,294,954,114,384,128,481,1331,371,501,576,763,318,186,165,313,438,312,27,279,125,461,317,368,364,251,102,254,316,612,188,446,598,40,283,566,218,418,328,33,237,496,519,324,388,161,354
"COG3242",14,18,10,30,15,5,6,14,10,14,23,12,7,20,3,33,3,23,35,19,31,9,1,3,2,2,3,22,12,52,17,30,10,7,6,43,23,10,4,51,2,29,4,5,17,7,131,0,5,8,7,5,38,9,7,9,3,5,21,11
"COG3243",2915,528,251,2952,516,258,621,461,847,767,2858,626,608,355,306,16,2055,875,5046,519,5470,997,165,621,259,572,484,2289,1236,2848,4229,8082,1814,2137,1287,1421,2343,536,1008,6767,224,865,82,779,576,261,6093,544,236,637,941,1020,7065,1091,335,545,844,57,2888,329
"COG3245",660,496,370,714,251,400,390,382,223,303,446,218,295,243,282,1160,564,383,824,329,1532,289,280,403,215,233,312,700,325,923,192,118,187,199,121,193,201,71,123,202,169,131,97,109,113,80,44,120,198,82,54,88,123,107,56,142,151,92,191,153
"COG3246",726,3240,3201,2597,2616,3404,3493,3551,3005,1637,474,2919,2573,2649,3347,3251,3062,2168,3322,2523,220,3285,3246,1884,3194,2234,2282,3018,2689,1870,3150,2987,3015,3242,3190,431,2801,2893,3114,3303,2029,2941,2033,3003,2898,2524,3000,2610,3553,3616,3498,3111,2757,2559,1447,3576,3051,1836,1420,2920
"COG3247",49,3,2,83,23,5,17,11,15,13,15,28,4,15,22,2,107,21,7,8,29,57,6,2,2,18,4,32,24,39,9,10,54,21,15,54,125,15,11,10,1,19,5,17,12,12,108,22,9,16,27,28,12,12,23,29,7,1,95,22
"COG3248",107,10,1,304,24,1,11,11,99,154,277,12,1,20,31,2,43,90,95,9,216,32,10,6,13,12,5,104,121,794,43,26,24,95,48,1030,262,20,7,39,22,22,16,27,13,17,161,6,82,19,3,31,31,223,30,21,5,7,478,15
"COG3249",1122,351,452,712,199,424,308,453,285,356,651,415,184,256,155,1945,393,454,405,295,2991,334,250,277,239,164,140,450,434,1378,312,90,338,332,190,591,719,143,191,152,136,271,138,154,363,160,33,233,624,317,236,425,106,251,131,339,226,112,766,421
"COG3250",6302,3445,3718,4424,4266,3719,3523,4182,2943,2803,5976,4229,2240,2495,2617,5206,6363,3786,6063,3403,10841,2945,4552,4345,4454,1742,1817,6182,3033,6602,5441,3881,6831,3317,2812,1796,8378,3660,2860,5265,1332,2854,3939,1926,2743,3032,1575,2578,4688,2460,2952,3674,4065,2738,2726,3841,2630,4791,4614,2714
"COG3251",9,0,1,15,3,4,2,2,7,4,7,12,1,0,2,0,28,43,2,2,36,5,0,0,2,0,2,1,25,82,3,3,2,1,1,11,0,0,1,0,0,2,1,1,2,0,63,0,2,1,1,6,0,0,0,0,0,0,2,0
"COG3252",19,40,38,27,71,39,41,65,36,52,9,58,46,44,77,148,37,64,65,44,5,88,94,37,29,41,93,37,63,24,117,135,102,119,169,39,75,105,226,172,406,98,83,257,162,126,1,173,311,194,254,138,154,148,125,225,193,192,42,238
"COG3253",587,661,392,1173,234,347,247,598,39,84,47,89,125,116,763,4,1232,670,684,148,48,66,127,6,54,47,57,1247,61,581,683,563,1153,1188,172,17,1033,177,145,373,110,735,14,46,1048,33,1,119,456,39,3,42,380,48,40,414,109,290,1046,1462
"COG3254",63,158,256,256,107,239,237,215,303,81,58,180,119,210,368,137,236,322,153,196,210,174,283,178,218,197,195,209,142,218,149,121,235,211,141,29,230,176,201,172,63,405,228,211,325,186,110,205,161,117,297,80,99,150,99,172,147,139,92,276
"COG3255",25,305,352,167,235,363,338,371,352,149,52,388,277,271,334,319,116,158,191,345,81,240,365,459,368,289,280,127,211,157,228,133,115,111,331,202,137,296,276,160,633,172,354,298,238,291,321,335,496,314,268,239,208,264,145,442,231,404,134,208
"COG3256",115,47,62,308,88,56,49,86,77,136,99,12,8,45,29,2,64,65,709,5,169,50,47,4,21,16,6,169,85,154,162,409,35,120,93,370,65,167,23,935,36,14,10,11,20,30,1131,37,143,12,25,72,527,6,44,36,37,5,86,177
"COG3257",5,89,43,112,68,41,59,51,70,53,20,73,76,32,10,46,63,37,31,33,21,49,7,22,74,49,35,94,55,116,147,12,217,190,353,327,156,99,229,57,85,110,35,149,105,116,616,165,33,215,98,291,6,186,99,196,291,38,171,22
"COG3258",43,41,36,137,21,44,40,75,132,81,46,111,22,23,43,23,82,77,138,91,70,42,55,56,79,15,19,69,55,134,64,52,58,70,57,36,97,31,14,115,59,74,27,27,56,17,338,39,39,46,45,60,52,20,17,96,16,25,75,48
"COG3259",429,1,0,1,59,0,0,0,6,39,369,6,0,22,0,0,1,2,0,0,13,11,0,3,3,1,0,6,8,5,2,232,7,35,3,20,8,12,0,8,0,0,2,2,1,8,0,1,0,3,8,11,326,1,20,0,0,0,47,0
"COG3261",186,0,0,0,16,0,2,0,0,0,234,0,0,3,1,0,0,1,229,0,0,1,13,1,1,0,2,0,2,0,69,882,0,1,1,0,0,0,1,974,0,1,2,4,2,0,0,2,0,1,0,2,1253,0,14,0,0,1,3,1
"COG3263",2904,1069,246,3580,120,357,350,877,294,444,1543,64,114,173,1530,17,3677,931,1325,56,1817,170,261,52,61,109,56,3541,477,3016,1810,459,2953,2900,316,1167,4164,500,133,495,227,817,74,85,1293,50,1451,137,1847,146,29,350,330,300,172,590,142,20,6445,1914
"COG3264",2420,1743,1553,2166,1506,1551,1654,1580,1224,2020,2033,1480,1244,1591,1285,1554,1620,2139,1893,1075,4879,994,1324,981,1443,1056,632,1971,1350,3868,1635,1466,2069,1585,1696,1877,2567,1938,1305,2057,967,1579,1415,796,1698,1314,3665,1158,2046,818,715,1518,1775,1356,1217,1514,1444,1364,3765,1700
"COG3265",593,125,133,363,127,123,202,214,274,205,303,285,139,144,70,137,357,303,291,204,1201,196,150,221,240,141,99,376,232,550,284,125,370,268,285,377,462,145,118,189,226,180,141,145,103,148,490,168,198,198,201,231,126,176,185,218,117,103,340,181
"COG3266",41,14,2,149,30,3,6,25,32,98,105,23,1,33,6,365,0,62,131,32,240,27,1,16,13,0,1,53,98,293,26,28,6,24,4,201,82,3,8,56,2,15,2,11,35,20,3,0,52,3,15,12,35,68,16,15,1,3,182,127
"COG3267",2885,509,388,1389,651,363,631,663,487,847,1930,376,288,491,484,782,1040,1237,1144,671,7054,703,759,387,525,526,411,978,978,3320,703,997,747,758,359,1832,1499,631,460,842,133,763,1361,295,820,703,218,506,1275,365,334,678,1056,771,529,602,390,968,1164,1028
"COG3268",1603,3392,3319,1254,2829,3396,2683,2582,2926,1708,1552,3096,2012,2845,1928,4164,1168,1634,1271,3038,1256,2386,3655,3938,3311,2796,1791,1389,2084,1824,1802,905,1298,1000,1911,958,1485,2241,2085,1017,2135,1534,4559,1995,2304,3300,374,1922,4025,1983,3845,2132,1049,1903,1941,3206,2194,3633,1444,1519
"COG3269",204,15,36,4,35,30,112,19,0,87,136,0,72,8,93,2,13,102,8,8,4,4,10,0,0,44,28,1,8,3,12,62,1,4,2,5,3,127,120,36,0,148,21,9,40,8,0,37,8,1,0,10,108,8,12,37,73,5,10,27
"COG3270",548,0,1,8,2,0,0,1,44,35,911,0,2,19,0,1,1,0,5,2,71,0,3,0,3,5,2,5,0,191,10,93,3,22,2,28,151,1,0,44,0,3,1,0,16,19,13,3,9,0,1,0,174,9,36,1,0,0,261,5
"COG3271",234,8,0,127,3,0,3,9,58,77,155,8,2,5,21,0,14,26,3,4,114,26,1,22,8,13,3,64,65,54,5,11,1,7,7,59,16,2,2,12,3,2,0,2,6,2,4,5,3,1,0,13,21,3,0,0,0,1,15,0
"COG3272",112,732,278,514,545,248,255,422,72,498,226,56,136,251,319,180,256,740,290,156,258,47,153,14,51,69,77,240,131,519,142,82,589,392,61,634,358,297,205,140,139,588,128,66,489,126,38,120,142,23,65,78,79,129,154,477,111,115,383,670
"COG3273",70,89,63,297,52,55,79,123,0,13,38,2,19,26,95,0,320,115,358,40,7,5,20,0,0,0,5,448,10,271,200,468,381,293,18,3,322,50,24,280,0,189,0,22,120,0,0,9,156,10,0,13,545,1,0,230,17,35,198,155
"COG3274",2,1,5,1,1,1,0,0,2,1,1,0,0,0,0,6,0,0,0,0,50,0,0,0,0,0,2,0,0,0,1,0,3,0,1,1,0,0,0,0,0,0,0,0,1,2,0,2,0,0,0,1,1,1,7,0,1,0,0,4
"COG3275",525,98,57,176,98,62,86,66,109,722,588,74,16,115,71,964,221,180,108,16,1051,144,40,79,92,16,7,113,184,660,388,183,1079,163,294,1323,2442,207,51,145,274,72,122,92,117,155,2384,103,423,209,122,432,310,338,258,136,105,47,1456,260
"COG3276",4007,3444,2654,5166,2866,2555,3119,3899,835,1759,2471,1395,2090,2081,3839,146,5695,4517,4264,2144,549,1146,2601,1219,1117,1425,2057,5768,1146,2914,3908,4146,5393,4823,1871,857,4503,3126,3175,3777,1739,5464,2608,1860,4124,1891,78,2496,3008,1391,561,1357,4568,1701,1153,3565,2242,3466,4136,4344
"COG3277",1,20,1,0,17,1,7,5,0,2,2,2,0,0,6,11,0,2,0,0,0,18,0,0,0,2,0,0,0,0,4,0,0,1,1,0,0,2,4,0,1,6,0,0,3,0,0,1,1,8,0,0,2,0,3,0,2,0,0,3
"COG3278",1338,288,470,1552,915,438,566,667,590,1168,1422,636,542,777,420,10,1073,756,1819,322,3098,395,580,403,691,429,398,743,637,2774,1348,1577,1105,784,530,2362,1567,672,778,1324,3123,477,682,497,602,688,4064,625,811,341,340,390,1481,677,308,807,576,1594,3865,483
"COG3279",3226,332,263,1260,504,269,438,285,635,1808,2683,460,135,463,374,2884,1148,1314,549,217,6891,657,159,487,541,185,71,709,1110,3740,648,326,1302,443,420,2237,2916,270,114,251,444,246,269,173,300,314,4397,157,763,325,318,821,395,470,437,312,169,107,1893,446
"COG3280",22,0,0,108,20,0,29,17,6,12,34,4,0,6,7,1,182,22,0,0,15,66,1,0,0,0,0,130,27,73,14,8,135,140,6,22,108,22,3,11,0,2,2,14,9,2,7,1,1,4,21,10,10,1,10,0,1,0,41,40
"COG3281",31,2,2,74,69,9,38,37,16,34,242,14,3,15,17,5,184,38,9,4,36,25,13,1,9,2,2,99,38,161,58,7,360,51,81,540,918,217,6,6,11,2,11,6,5,27,14,9,19,13,11,24,12,18,44,30,4,15,125,49
"COG3283",1041,1,0,219,8,9,33,12,135,165,751,7,10,16,29,3,94,231,81,14,2867,75,14,18,64,23,3,91,133,1196,78,49,28,54,14,1102,422,12,7,33,3,16,16,47,28,37,487,15,314,2,8,44,73,165,43,16,9,3,649,31
"COG3284",912,1077,1403,721,366,1258,982,748,388,248,520,1291,824,321,234,2289,346,417,130,291,808,279,545,243,513,327,632,488,316,847,398,86,284,337,1141,768,680,351,1456,66,2145,411,260,809,264,251,1108,979,851,445,46,315,61,513,172,975,1511,332,672,171
"COG3285",173,3,0,484,68,12,140,63,35,25,144,13,4,18,137,4,685,204,61,6,103,193,18,4,18,11,7,191,179,429,157,103,625,241,40,98,967,87,13,40,12,58,73,34,49,11,273,14,26,30,59,114,110,21,51,4,11,4,426,184
"COG3287",1485,15,2,492,149,9,72,52,134,291,1056,21,21,52,90,104,274,538,261,18,5205,114,87,1,106,43,11,222,384,1961,178,137,196,145,48,728,483,56,19,176,51,77,40,34,62,105,240,57,222,22,23,124,95,217,131,40,9,21,1763,101
"COG3288",3990,8375,9018,5579,8375,8996,9582,8709,9675,8565,3394,8903,9525,10140,10442,6611,6514,8044,6900,9662,4101,9191,10166,8983,9335,10503,10014,6586,9520,5092,7448,6799,6555,6596,8138,2634,5814,10189,9175,7362,9196,8190,10978,10287,8758,10495,2792,9612,11654,9844,11025,9464,6093,9222,9553,8794,9640,10459,3885,8015
"COG3290",199,30,13,483,28,10,64,51,82,70,127,17,77,21,15,344,543,66,168,2,114,112,5,47,3,13,105,470,103,333,296,273,299,336,87,68,635,105,324,183,2,134,0,78,29,12,234,96,25,31,5,40,263,233,16,23,208,0,403,60
"COG3291",8570,8460,5907,6425,13741,5957,6837,6861,4204,20103,10265,5888,4579,7765,3395,12764,8120,7361,8786,4474,6847,4982,6277,2045,8261,6776,4548,9035,5882,6068,8933,7789,8549,6419,4225,5204,7265,9284,6465,8083,2550,8582,8251,4045,5338,9284,5034,4736,5575,4317,2493,7746,8716,5073,10165,6423,4984,3945,8443,5333
"COG3292",16484,1926,2019,3212,2319,2073,3450,2661,1920,5538,11265,1501,1082,1991,2047,4596,4720,4973,4757,1767,25000,1795,3566,1821,2174,1266,1218,3572,3075,12941,3787,3800,4291,2017,1464,5922,9817,2257,1514,3183,830,2997,4801,944,2464,2678,2640,1546,5609,663,811,1811,4234,2014,2077,2590,1332,4114,8009,2378
"COG3293",813,63,14,747,73,20,79,36,178,204,648,241,19,47,78,72,568,320,356,19,4998,317,11,34,134,29,16,316,309,1653,601,3676,1159,1136,280,597,1198,240,39,2214,140,195,25,129,269,257,2250,116,170,295,333,475,3746,330,437,145,44,15,501,467
"COG3294",4,0,0,7,0,0,0,0,0,1,5,0,0,0,0,0,8,1,1,0,0,0,0,0,0,0,0,1,0,2,0,2,7,2,0,7,2,0,0,1,0,0,0,0,0,0,0,0,0,0,0,0,6,0,0,0,0,0,1,7
"COG3295",1186,4,2,205,40,7,23,8,109,125,514,42,6,15,37,3,94,223,78,4,2032,78,13,4,59,30,2,112,181,713,66,53,22,47,6,412,295,9,7,34,15,10,5,20,40,17,326,31,74,5,12,73,54,73,39,9,8,2,296,34
"COG3296",277,28,28,219,33,37,99,42,53,127,324,42,30,44,32,236,96,127,120,25,925,113,23,7,52,17,22,123,102,495,71,94,150,76,50,259,331,40,19,60,8,134,7,8,63,24,267,40,59,18,25,45,100,43,53,42,19,5,225,40
"COG3297",1424,88,73,415,103,74,89,148,261,287,811,199,87,84,83,704,257,384,188,164,3044,295,53,222,266,111,60,239,324,1187,200,106,217,200,113,692,655,74,50,125,40,161,77,105,137,129,166,134,285,201,139,392,121,168,114,136,75,50,659,270
"COG3298",540,261,213,811,148,213,254,272,75,149,497,142,135,136,170,80,700,222,704,85,62,100,147,69,74,70,115,870,75,475,521,682,741,663,156,83,573,184,303,673,344,321,74,92,354,82,263,127,288,89,111,91,778,113,99,216,225,64,486,475
"COG3299",122,0,0,0,41,0,0,0,81,2,627,3,3,10,1,0,4,1,5,1,3,1,4,4,0,3,0,24,1,10,1,15,2,2,5,35,2,1,1,13,22,0,1,5,3,2,107,1,2,1,0,0,15,0,11,9,0,3,56,15
"COG3300",2617,37,9,1158,77,17,103,55,268,575,1925,22,22,118,214,9,346,894,452,60,7234,257,33,8,165,80,14,516,650,3652,115,64,49,74,27,877,529,27,14,54,11,30,5,32,31,39,1097,20,274,12,16,76,46,92,48,30,18,0,606,46
"COG3301",55,3,3,5,0,8,14,29,0,2,36,0,16,0,26,0,7,20,75,1,58,0,1,0,0,0,25,9,0,7,37,150,15,5,21,0,3,10,80,128,0,28,0,14,9,0,0,17,24,0,0,1,215,0,0,13,59,0,5,42
"COG3302",9,340,464,15,426,423,285,356,392,282,9,520,303,301,66,438,27,154,8,266,20,228,198,225,370,257,169,8,203,13,169,15,18,25,533,23,39,135,392,14,261,268,141,290,321,238,503,250,97,339,268,406,22,225,230,393,443,133,11,86
"COG3303",772,4,0,6,52,0,9,0,1,16,627,1,0,13,0,0,0,1,313,0,116,0,19,0,0,1,0,7,7,22,70,525,0,2,44,233,3,103,0,276,0,3,10,0,6,12,500,3,1,2,6,6,625,1,48,0,0,4,127,3
"COG3304",16,29,37,44,163,23,166,34,33,110,17,44,215,311,14,77,53,24,23,19,44,38,30,27,35,20,32,30,41,15,42,45,37,28,231,97,33,63,141,37,43,34,25,35,73,21,4,34,38,36,19,64,40,12,47,23,242,30,8,59
"COG3305",0,0,0,0,0,0,0,0,0,0,0,0,0,0,0,0,0,1,0,0,0,0,0,0,0,0,0,0,0,0,0,0,1,1,0,134,3,0,0,0,1,0,2,0,0,0,0,0,1,0,0,0,0,0,1,0,0,0,1,0
"COG3306",415,404,627,81,1590,697,471,519,874,635,445,1436,1576,966,641,946,59,392,100,1406,1079,1370,653,789,1846,1348,3827,79,1076,479,536,57,34,154,674,16017,182,417,1461,119,3091,465,1392,2042,436,1540,1135,2602,410,1561,602,851,63,3743,1135,520,1111,845,265,351
"COG3307",1372,789,454,845,1647,543,1476,612,926,3568,1130,986,2633,2517,500,1279,688,1917,1318,1228,1773,1319,507,707,1130,1801,1824,762,1793,1386,1044,1194,692,725,2543,860,837,1445,1612,1147,301,1161,692,976,1078,1212,1314,1143,741,1631,749,2341,1132,1255,3693,923,2306,295,1699,1384
"COG3308",309,11,4,91,3,4,7,3,41,62,243,17,0,4,6,29,40,95,33,19,893,21,2,9,15,2,0,44,70,467,31,19,5,46,7,288,144,3,1,14,123,5,7,6,9,14,32,4,121,6,7,22,21,58,16,6,2,2,219,11
"COG3309",2,0,0,0,4,0,0,0,0,0,1,1,0,0,0,0,1,2,0,0,0,0,0,0,0,0,0,0,1,0,0,0,1,0,0,0,0,0,0,0,0,0,0,0,0,0,0,0,0,0,0,0,0,0,0,0,0,0,0,1
"COG3310",590,132,52,129,65,36,35,26,65,107,364,59,20,32,27,664,66,144,65,27,1396,215,12,49,33,16,20,82,112,533,45,48,16,74,17,182,200,15,41,23,34,35,6,20,21,13,93,25,154,101,15,51,23,76,32,42,18,1,389,27
"COG3311",79,17,10,368,46,8,52,49,84,109,147,50,64,78,29,182,242,169,202,28,391,96,10,31,12,25,69,303,152,333,197,157,264,200,47,237,235,61,128,135,7,84,12,72,48,12,18,80,17,45,25,86,151,92,54,47,105,5,225,56
"COG3312",411,83,51,145,24,46,43,50,56,103,234,27,8,28,37,92,87,123,76,36,1148,36,43,16,53,12,3,92,71,443,59,24,46,75,15,362,140,7,19,30,26,16,27,4,59,46,65,8,178,5,14,35,37,89,49,48,25,20,192,36
"COG3313",427,386,494,301,414,495,387,306,571,324,298,527,362,578,196,187,205,286,140,543,1026,458,496,758,710,606,435,190,417,582,259,32,214,240,497,430,300,248,404,39,382,211,721,485,326,601,97,280,515,403,717,426,16,485,317,366,471,584,367,199
"COG3314",148,51,17,192,10,16,22,59,70,20,142,17,8,9,30,13,305,60,91,29,367,26,11,33,28,2,11,379,16,639,124,40,297,130,49,524,524,19,3,67,5,66,19,32,35,28,99,14,279,24,11,26,59,144,19,6,3,0,538,230
"COG3315",713,608,501,439,410,531,356,431,326,215,815,359,162,385,188,424,377,316,778,402,125,308,281,308,338,253,118,710,164,334,536,730,389,351,152,227,508,257,162,609,157,321,327,76,424,334,803,181,320,165,421,178,795,122,229,371,95,282,384,336
"COG3316",1080,200,43,732,62,54,92,67,86,72,1883,177,93,69,82,418,354,194,783,198,181,129,21,113,25,38,12,507,183,577,324,570,639,665,165,42,457,80,38,939,110,60,10,80,81,32,1834,55,55,42,49,94,840,41,54,167,24,22,788,129
"COG3317",743,1046,1294,804,794,1232,825,737,1364,592,592,1555,787,1179,535,2216,555,620,987,1395,1999,1150,1258,1676,1436,1245,906,861,944,1329,1035,584,672,700,967,761,793,541,838,526,1288,544,1371,1075,867,1130,148,744,1300,867,1914,947,523,966,677,941,1019,1026,802,542
"COG3318",926,347,323,753,150,372,236,265,40,169,1236,62,108,215,548,131,979,483,806,449,210,79,322,176,28,199,180,782,120,653,467,1372,656,495,70,212,758,216,134,1179,24,521,400,71,406,237,91,196,749,31,30,59,1535,283,199,541,125,279,601,502
"COG3319",146,16,9,140,397,12,51,26,61,587,132,103,13,284,22,2,120,454,93,18,678,89,83,1,64,17,8,80,416,724,100,51,68,92,21,219,84,42,5,50,9,79,16,20,91,148,2113,10,34,41,269,124,54,20,173,11,8,5,672,30
"COG3320",175,478,222,791,687,238,238,195,218,465,381,130,113,282,73,668,235,305,110,36,358,81,54,29,75,88,73,424,218,469,80,41,85,91,37,49,136,32,96,40,7,91,7,18,52,43,14,43,15,40,17,92,45,29,55,61,36,14,183,39
"COG3321",256,512,311,954,1741,347,591,715,328,981,247,685,397,678,233,2046,1015,883,685,311,692,714,335,187,265,290,312,858,558,1460,2572,3176,2397,2168,601,731,2346,1545,2538,1799,312,2451,1073,638,1964,1820,12752,1067,648,1350,477,1233,3550,1223,1789,1671,1501,784,2868,2170
"COG3322",66,1,0,159,26,3,6,5,11,58,160,5,0,21,12,1,14,44,23,4,537,30,5,1,7,4,2,38,47,311,14,10,20,50,19,406,163,9,0,43,0,3,11,15,14,15,778,2,14,5,8,11,18,151,15,14,1,2,245,13
"COG3323",38,391,603,188,1081,502,400,512,628,989,191,651,425,551,145,1594,168,269,338,530,95,479,577,674,1177,270,265,212,592,271,546,178,290,128,554,308,280,543,293,175,306,137,671,228,291,705,604,279,201,409,398,714,109,353,707,391,335,983,273,146
"COG3324",702,10,1,449,111,4,55,31,111,239,533,27,31,43,37,31,264,243,211,29,1786,102,23,56,72,24,37,208,209,970,88,143,342,317,44,671,620,91,94,126,14,85,42,41,44,51,219,58,101,23,71,80,136,129,69,40,73,15,644,101
"COG3325",786,426,523,264,521,509,501,638,308,907,922,231,389,771,226,333,407,370,654,367,407,162,697,330,368,422,286,474,232,409,562,512,348,247,544,958,1015,718,375,500,163,287,799,172,410,462,63,326,480,220,149,295,554,404,563,644,411,573,902,257
"COG3326",453,0,1,198,1,2,8,1,29,90,254,3,5,13,26,0,51,150,94,1,942,65,6,0,24,10,0,95,139,517,51,31,22,37,5,411,184,10,4,33,3,4,3,10,24,7,96,13,45,14,7,45,63,79,7,6,7,0,315,21
"COG3327",47,68,68,262,83,51,29,63,35,39,39,31,14,29,17,142,150,59,149,13,27,25,7,1,17,14,11,137,51,149,92,33,195,143,40,41,226,20,7,146,17,85,15,16,80,27,739,27,11,17,23,47,59,12,18,52,7,27,66,79
"COG3328",7070,146,58,4067,626,64,367,193,364,1195,6600,226,107,268,426,137,2776,1630,3288,46,4162,1101,116,179,237,130,51,1478,1511,4402,1438,14527,2231,2027,563,1729,3074,414,89,5547,342,842,191,378,536,310,2390,263,388,410,304,795,15105,681,401,154,43,62,1870,867
"COG3329",73,624,518,230,501,543,531,946,949,3112,234,791,1622,1166,1197,49,56,1160,270,1853,81,1454,493,819,1186,2947,2626,155,2420,247,351,20,306,439,765,493,162,1098,1002,116,1656,858,997,1898,1125,1676,185,1909,998,1797,796,2882,20,1723,4303,1170,1034,1061,344,848
"COG3330",8,132,112,4,400,138,530,259,649,2932,9,840,1886,1280,202,0,16,907,167,1694,9,1202,96,150,812,2373,2114,5,2114,16,266,2,2,133,1075,54,2,971,715,254,6,314,483,1264,193,1229,3,1480,105,1549,474,2636,5,1351,4193,498,1109,1,6,45
"COG3331",65,6,0,7,4,0,0,2,0,4,81,1,1,2,1,0,2,1,0,0,6,0,0,0,1,0,1,4,0,3,5,0,3,4,11,501,0,1,1,1,0,1,1,1,4,1,20,1,1,0,0,0,0,3,3,6,0,2,3,1
"COG3332",869,577,466,606,441,534,455,486,617,320,865,697,344,506,386,926,386,699,711,772,1540,625,423,789,342,464,434,397,502,844,534,1707,318,369,349,470,480,300,402,1036,131,648,468,560,709,444,546,446,396,400,1127,299,1489,522,178,477,384,360,443,532
"COG3333",3210,6401,6294,7896,5431,6061,6600,6508,7979,2833,3077,8756,6340,4920,7053,3915,8749,4754,5356,6313,760,8033,5714,15312,6060,5134,5056,8472,6225,5700,6349,5541,7985,8470,8041,9365,7769,5417,7511,5351,7468,6102,4672,7736,4798,5655,15160,6741,5363,8136,9780,6271,5106,7253,2762,6897,6661,4850,3831,4772
"COG3334",5,47,24,86,34,25,45,35,16,83,40,32,20,57,17,1,45,92,8,69,12,64,12,9,18,41,17,32,42,107,11,57,62,72,57,11,37,41,36,8,3,102,6,55,69,30,1189,24,21,22,33,35,115,42,35,55,35,7,159,73
"COG3335",5012,296,184,3062,292,202,263,89,377,471,2677,777,84,201,169,349,2017,696,1961,81,6747,530,64,235,285,88,105,1254,589,2979,647,6298,1558,2185,384,767,885,264,96,3657,1062,292,71,117,406,209,2045,145,118,267,105,371,6517,234,285,211,85,45,910,342
"COG3336",432,351,447,1108,786,492,699,672,301,231,71,391,658,677,1221,3,941,955,392,565,262,736,647,611,310,452,803,784,376,536,146,137,353,209,214,94,262,234,232,122,540,333,191,298,317,182,1,244,295,163,106,43,149,159,64,301,174,475,89,290
"COG3338",38,66,21,55,89,22,58,19,44,61,97,70,41,79,32,58,17,37,147,39,41,84,42,52,48,24,43,31,45,164,39,47,11,12,64,203,23,108,25,95,165,67,22,63,105,26,126,42,78,74,44,59,31,89,26,31,32,10,813,73
"COG3339",67,60,73,187,139,81,206,117,298,897,133,274,596,396,189,3,92,436,142,454,78,474,82,351,309,680,941,133,925,141,94,35,98,146,413,96,176,408,316,97,7,143,206,588,110,423,253,510,92,622,229,1098,37,672,1321,125,463,63,61,127
"COG3340",700,1747,1921,496,919,1941,1431,1598,1555,2508,634,2003,1270,1399,1256,2401,495,1562,641,2453,1577,1728,2028,1383,1648,2457,2127,604,2111,728,938,357,728,600,1017,405,590,1772,1167,354,1442,1178,1672,1814,1164,1889,50,1446,2100,1865,2229,2422,426,1766,3151,1831,1335,1073,585,896
"COG3341",25,94,98,23,203,112,88,82,109,94,96,165,62,100,10,562,34,40,51,78,13,62,34,12,111,26,27,48,63,41,92,9,125,24,108,51,223,125,34,20,89,42,34,28,46,80,159,51,18,112,70,168,18,48,119,74,36,58,48,47
"COG3342",1463,728,635,1668,910,634,1153,767,333,837,1248,414,1032,944,702,602,2314,1302,1809,368,192,637,378,255,556,342,2635,2099,999,1184,1351,1718,2346,1773,1656,177,2030,985,1434,1835,138,1831,468,383,1195,458,2247,620,639,1115,366,1867,1869,483,532,722,1888,337,1011,1264
"COG3344",2984,61,24,1378,257,45,126,75,357,882,2748,129,87,167,172,147,934,880,692,65,9413,374,44,58,225,109,69,545,779,4348,1175,2624,962,1479,251,4204,3237,503,275,2120,110,588,207,393,682,568,2332,618,1390,459,329,1339,2964,785,868,356,258,93,3921,1659
"COG3345",720,591,425,236,427,479,137,212,150,277,559,237,135,155,46,2305,327,466,610,53,2061,427,20,73,125,53,57,272,93,683,225,82,320,180,248,538,384,195,59,708,369,290,72,77,212,70,164,116,404,165,29,79,57,149,124,350,86,49,513,246
"COG3346",879,2706,3563,872,2930,3335,2620,2438,4006,1384,621,3762,2990,3065,2093,4803,687,1503,824,2897,2016,2838,3478,4559,3612,3131,2818,1018,2315,1244,1691,623,774,852,3710,899,919,1987,3563,571,5303,1986,3586,3965,2350,3378,1161,3081,2146,3087,4542,2020,683,2925,1502,3140,3541,4153,994,966
"COG3347",1315,2379,2734,4200,1462,2799,2984,3034,2199,1234,1206,3104,2248,1774,3053,1594,4791,3052,4568,2142,3462,2541,2364,1693,2342,1881,2168,4308,2174,3378,3599,4812,4216,4452,2425,914,3773,2533,2534,5085,1575,3217,1412,2543,2709,1374,631,2565,2368,2800,2599,2053,4449,2238,1068,2557,2662,1292,2623,4487
"COG3349",237,1483,644,114,2138,920,2650,1017,1935,8861,247,2410,7163,4996,1189,342,202,3519,382,4781,212,4576,416,695,2383,6921,7481,139,7314,190,916,79,222,644,4445,324,537,3629,3062,485,422,1821,1449,4294,1082,3303,51,5206,523,5300,1853,8983,122,4666,11596,1642,4589,117,390,440
"COG3350",13,0,0,62,7,0,17,6,1,11,13,0,5,10,2,0,20,13,55,1,3,14,0,0,2,2,7,28,6,18,28,19,39,22,8,4,25,5,19,59,0,82,2,23,34,0,12,6,1,2,0,3,20,11,4,1,17,0,16,27
"COG3354",0,0,0,0,6,1,3,0,0,4,0,0,0,4,1,0,0,3,0,1,4,0,1,0,8,8,0,0,0,0,2,0,0,0,0,1,0,0,0,0,0,13,9,0,1,10,0,1,0,3,0,13,0,3,21,2,0,0,0,9
"COG3356",1997,788,241,3381,64,251,213,708,1,95,238,0,42,57,1316,2,3469,453,845,101,38,29,102,2,9,11,28,3680,31,1205,1670,411,3301,3297,23,10,2983,220,128,291,173,544,212,129,1448,141,0,85,1046,19,2,25,264,76,78,346,75,40,4545,1667
"COG3357",32,0,0,0,0,0,2,0,0,0,20,0,1,0,0,0,0,0,5,0,0,0,0,0,0,0,0,0,0,0,0,27,0,0,4,0,0,3,3,65,0,0,0,0,0,0,0,0,0,0,0,0,23,0,0,0,2,0,0,0
"COG3358",272,177,223,342,638,220,210,202,186,234,385,117,301,261,219,639,490,237,259,215,41,207,307,83,345,94,66,369,186,210,308,226,409,290,342,45,483,389,161,293,48,134,458,78,240,347,650,75,227,163,154,239,298,127,259,202,110,1131,205,201
"COG3359",827,16,20,75,103,19,29,33,6,65,942,37,20,72,10,0,63,86,69,61,23,34,47,27,22,78,60,50,60,46,30,307,59,59,49,274,23,129,19,90,0,98,231,37,78,113,3,50,8,13,18,31,507,73,115,40,17,89,7,48
"COG3360",18,0,0,36,6,0,1,0,3,15,93,2,0,2,6,1,14,9,139,2,8,4,3,0,0,0,3,15,12,63,329,927,13,26,12,152,86,15,3,911,5,11,2,9,8,9,55,6,32,4,3,17,671,31,13,1,3,6,55,5
"COG3361",40,587,505,194,657,513,332,530,115,687,62,267,227,319,152,745,199,358,77,234,68,203,363,94,180,168,135,169,221,89,217,53,175,123,148,83,142,290,327,39,46,373,485,125,320,373,26,196,434,90,118,215,46,215,430,471,156,478,43,174
"COG3363",0,2,0,3,0,1,0,0,0,0,0,0,0,0,70,0,3,28,0,0,1,0,0,0,0,0,0,1,0,2,0,1,1,5,0,0,0,0,0,0,0,16,0,0,7,0,0,0,0,0,0,0,0,0,0,0,0,0,0,20
"COG3364",442,0,0,0,0,1,0,0,0,0,692,0,0,0,12,0,1,2,8,0,0,0,0,0,0,0,0,2,0,0,8,50,1,3,0,0,0,1,0,33,0,14,0,0,7,0,0,0,0,0,0,0,138,0,0,0,0,0,1,2
"COG3365",163,1,0,1,0,0,0,3,0,0,176,0,0,0,9,0,0,1,8,0,0,0,0,0,0,0,0,1,0,0,1,33,1,0,0,0,1,0,2,22,0,18,0,0,4,0,0,0,0,0,0,0,64,0,0,0,0,0,1,10
"COG3367",1621,1242,1134,1687,1319,1114,1636,1374,999,864,1665,1181,1611,1667,1132,1024,2143,1041,2340,961,1226,886,1172,1281,973,691,773,2283,709,1324,1871,2190,2113,1543,1635,218,1690,1321,1516,2266,584,1381,1307,535,1274,1007,1377,1107,1396,773,573,880,2379,755,583,1562,1653,1598,1034,1449
"COG3369",68,107,105,131,1,72,8,44,16,11,28,62,2,3,27,8,94,51,27,3,2,18,1,35,0,1,1,79,14,94,27,61,120,132,14,1,32,5,3,38,13,60,0,7,20,4,5,2,8,7,3,4,93,12,5,25,6,0,25,70
"COG3371",5,0,0,24,0,0,1,1,0,0,4,0,0,0,8,0,26,1,0,0,1,0,1,0,0,0,0,3,0,7,1,10,19,20,0,0,2,0,0,7,0,26,0,0,9,0,0,0,1,1,0,0,14,0,0,0,0,0,18,21
"COG3372",31,34,16,603,19,11,31,104,0,21,40,36,6,27,36,10,637,64,269,7,11,44,8,20,0,4,12,559,42,293,313,235,506,456,14,4,362,31,6,215,0,61,2,5,39,6,0,15,25,27,5,18,228,31,25,67,6,2,236,129
"COG3375",15,12,1,102,14,1,22,27,4,5,1,16,9,6,35,1,141,60,65,11,3,46,8,3,1,18,8,57,4,48,51,68,122,118,12,4,104,10,22,128,4,78,4,19,52,7,1,9,8,10,1,6,62,7,8,7,22,2,22,102
"COG3376",10,0,0,5,12,4,19,9,0,3,1,1,1,2,0,82,35,4,0,0,1,1,0,0,1,0,1,1,3,10,18,1,0,0,3,5,50,7,3,1,0,0,1,10,0,3,0,2,1,1,0,1,1,3,3,2,1,1,1,0
"COG3377",2,5,3,2,2,2,2,1,13,1,0,18,1,2,0,76,1,2,2,1,1,15,0,0,0,4,0,0,8,2,1,3,0,4,0,0,0,0,0,6,4,0,1,1,0,0,0,0,0,9,25,13,1,1,2,1,0,0,3,0
"COG3378",2674,1997,3649,794,2533,3284,1883,1131,994,533,5092,2387,1245,1245,1207,1023,580,882,869,845,411,1706,904,1509,1116,764,2186,749,1247,617,816,1958,730,632,1013,13836,456,888,992,1729,18025,1131,639,1607,658,617,11508,1501,547,1544,565,1048,2241,3168,408,950,1042,1983,498,930
"COG3379",308,3,2,66,29,6,27,9,10,37,155,21,3,15,12,206,62,49,238,2,10,19,3,4,5,2,3,38,20,39,239,1526,202,196,47,46,148,11,6,2039,30,173,14,12,80,55,3,23,4,11,23,14,1817,16,113,46,6,2,48,150
"COG3380",88,2216,3098,363,3633,2811,2786,2349,3312,2326,187,3119,2898,2866,1792,3868,110,1455,76,2339,177,2759,2862,3645,3086,2866,2503,201,2183,393,1068,30,104,335,3217,1008,249,2202,3445,28,3611,1946,3910,3653,2214,3380,1271,3087,1411,2560,3646,1699,51,2930,1762,2463,3335,3669,424,513
"COG3381",128,86,65,477,66,64,176,118,22,20,68,189,165,20,52,90,388,135,493,91,122,164,21,92,5,70,134,349,159,259,357,613,354,361,241,23,292,116,148,482,37,130,9,141,128,11,696,136,42,302,5,367,599,160,12,90,195,13,175,368
"COG3382",171,3,5,63,5,4,20,13,15,22,117,23,21,7,3,0,75,29,62,3,10,16,1,7,2,5,28,56,14,32,54,287,89,59,9,6,59,32,89,95,0,75,1,23,36,1,13,25,3,11,1,13,374,20,1,9,65,1,19,45
"COG3383",3944,9297,8178,7908,2674,8351,7882,7862,2455,2018,2657,6586,5322,3016,9121,15086,9625,6962,12671,4175,931,4140,5890,3068,3307,3339,5437,9537,3443,4900,9750,14224,9089,10260,6716,929,8209,6176,8941,14748,11254,8822,1732,5904,5767,2177,4268,6083,8011,5825,3061,4426,13214,3995,1557,7255,8531,2071,3134,10013
"COG3384",827,1475,991,1787,956,1121,1309,1180,165,1660,701,204,519,593,525,126,1811,1409,1098,521,2028,493,881,60,276,430,440,2080,611,2138,1370,382,2123,1467,238,879,1984,1374,1279,625,34,1824,921,597,843,808,1570,647,1502,201,121,458,365,573,608,972,842,265,2026,1023
"COG3385",10086,120,38,2602,246,67,337,154,552,736,5168,61,59,96,199,16,1999,1773,2311,38,10516,343,70,169,439,71,49,1075,1328,6624,1239,3672,1267,1909,247,1316,2452,189,120,2994,39,217,56,72,463,123,1296,219,1568,82,62,661,4624,399,219,105,119,29,3402,1800
"COG3386",4303,4481,4829,6610,4666,4637,5267,5555,5773,3167,3368,5326,3940,4628,5146,3888,6492,7455,5170,5069,3835,3716,4658,4790,4884,3405,3103,5238,3308,5268,4648,4737,6449,6654,4804,1964,5122,3872,4183,5764,3478,8510,4316,3546,6807,4062,4357,3895,3595,3831,6041,3712,4602,3335,2627,4845,4060,3830,2738,6864
"COG3387",948,164,246,910,276,236,312,514,688,145,1040,821,260,108,422,58,792,558,190,975,158,797,491,2060,348,233,186,454,804,1045,290,824,911,578,582,941,1568,455,199,538,341,263,297,310,128,197,3117,302,316,380,1067,641,1107,430,188,534,225,203,2163,239
"COG3388",1,0,0,2,0,0,0,0,0,0,0,0,0,0,3,0,3,3,2,0,0,0,0,0,0,0,0,1,0,0,1,0,0,0,0,0,1,1,0,3,0,3,0,0,6,0,0,0,0,0,0,0,1,0,0,0,0,0,3,1
"COG3389",335,984,612,160,1355,619,560,888,8,1066,279,220,275,516,242,13,245,586,242,326,148,171,624,2,212,347,231,390,207,108,624,101,347,156,56,149,258,667,615,178,10,827,694,303,510,678,0,336,567,128,75,311,119,305,571,692,423,327,81,475
"COG3390",408,698,491,160,680,480,578,608,4,563,475,130,230,282,206,8,248,478,273,269,90,143,458,1,118,233,193,344,162,108,384,113,281,125,50,85,253,586,512,185,3,785,544,238,348,454,0,296,531,67,43,160,194,196,356,428,336,173,120,363
"COG3391",8259,4637,2709,16069,2884,2868,3664,4625,1988,2467,5894,2405,1879,2979,8037,4613,15474,10574,9698,2703,3944,1718,2626,1877,2467,1219,1549,11931,1764,9566,7457,9802,15160,16001,2150,2206,10177,3348,2785,9472,2724,11714,2711,1194,9424,2292,2485,1811,4424,1351,1543,1741,9728,1775,1868,3496,2221,3189,7848,15038
"COG3392",842,403,496,360,278,546,190,329,191,285,2801,330,195,231,310,286,457,322,238,100,67,282,267,193,220,132,194,493,278,314,337,482,477,432,108,530,621,152,198,322,1248,190,212,213,208,187,450,258,186,260,229,188,479,312,234,142,172,300,307,199
"COG3393",20,2,0,48,44,2,30,15,26,27,11,55,7,27,9,291,45,39,44,35,5,17,3,6,12,38,9,34,18,65,28,9,38,24,35,2,42,18,18,69,20,33,11,20,24,21,4,12,7,5,57,14,9,22,31,20,15,73,43,39
"COG3394",177,392,381,388,163,381,225,326,438,98,190,467,179,232,143,855,452,193,527,316,35,219,460,417,512,125,160,603,214,373,490,544,497,407,505,66,413,279,112,815,512,270,411,160,242,290,240,241,197,169,350,226,597,192,155,410,189,278,255,242
"COG3395",140,327,261,424,719,303,737,572,1306,3507,107,1647,2719,1519,419,195,352,1864,277,2632,150,2658,172,403,1139,2708,3217,237,3819,194,458,148,217,499,1473,254,133,1428,1185,354,145,976,611,2451,481,1392,1297,2373,117,2999,1335,4792,212,2612,4494,847,1674,80,72,645
"COG3396",587,1883,1507,2782,1781,1592,1828,1655,722,2342,439,949,912,1192,678,2068,2874,1640,2032,871,1031,1189,797,282,1048,789,840,3192,1110,2097,1982,1266,2853,2624,1184,279,2430,1347,1508,1582,281,2368,742,953,1664,1246,1882,859,1015,967,640,1342,1254,964,1178,1474,1219,537,1317,1464
"COG3397",341,21,14,31,18,21,29,52,89,94,757,85,22,22,39,4,23,73,24,39,223,12,33,12,25,46,55,39,16,158,38,17,30,25,32,321,276,74,24,23,21,68,50,33,57,33,1,90,65,6,7,7,41,47,16,37,12,26,318,60
"COG3398",396,1843,792,616,1635,671,902,1252,4,1078,176,242,482,516,917,12,809,721,492,281,113,104,465,3,154,246,278,544,146,230,710,155,997,862,84,152,692,883,1002,269,109,1405,784,280,1643,763,0,360,794,110,105,288,178,268,543,993,577,412,270,1414
"COG3399",0,1,0,3,0,0,0,1,0,9,35,0,0,2,0,0,0,0,9,0,22,0,0,0,1,0,1,3,1,7,5,3,0,4,0,21,0,0,0,3,0,0,0,2,0,0,2,0,0,2,0,0,0,1,1,0,0,0,5,1
"COG3400",5,237,414,0,646,411,630,583,337,102,3,302,740,579,659,0,5,84,7,451,29,168,676,507,427,450,801,4,150,1,236,1,0,38,562,228,0,662,972,4,2592,288,688,915,406,578,0,822,660,465,193,101,1,440,48,717,676,1649,25,254
"COG3401",185,127,20,86,13,16,74,44,83,157,177,143,25,20,70,2,82,215,188,19,4157,76,42,14,72,26,18,78,40,643,65,60,56,38,6,85,95,136,50,243,0,271,38,37,172,81,0,40,103,10,14,9,88,70,99,23,17,6,78,153
"COG3402",43,0,0,112,8,3,6,13,19,4,18,20,0,3,27,125,54,45,6,16,11,50,4,27,11,10,11,32,50,72,11,13,68,24,4,19,57,18,2,4,8,13,1,14,6,5,24,13,3,13,22,30,12,10,10,5,5,1,41,16
"COG3403",148,1,0,41,1,3,7,5,7,10,50,0,1,5,5,0,36,42,11,1,181,6,3,0,5,3,0,22,37,105,42,31,94,84,4,111,157,9,9,9,2,20,3,5,11,7,634,9,119,6,10,38,23,15,14,4,4,0,167,34
"COG3404",2159,1296,1305,752,1636,1255,1240,1297,430,1507,1875,507,776,926,894,1213,1235,1159,1850,879,112,700,1266,244,865,626,644,1404,721,603,1365,1909,1383,698,605,156,1038,1603,892,1934,183,1243,1619,481,1067,1279,5,697,1841,469,356,692,2268,639,1058,1047,719,1640,820,895
"COG3405",850,2,0,103,2,1,16,3,53,52,351,1,1,13,24,1,75,173,60,5,1015,27,8,3,45,10,0,60,113,628,37,26,30,54,2,350,279,10,5,27,25,16,2,10,9,3,5,18,180,3,5,53,20,20,10,9,7,0,456,23
"COG3407",162,716,797,226,717,853,580,693,772,353,292,941,392,430,256,1856,308,326,286,715,64,478,768,1045,1186,281,228,304,461,366,565,119,504,191,835,175,537,622,362,273,541,368,542,242,431,595,237,413,464,521,603,757,153,344,566,631,488,550,1183,395
"COG3408",138,49,67,892,275,60,235,185,22,375,85,15,186,251,141,85,1032,377,396,76,143,248,77,46,56,98,93,990,270,541,272,121,1504,813,168,48,978,157,139,286,22,308,22,139,290,100,1239,167,31,138,99,162,144,163,183,61,144,7,835,392
"COG3409",891,614,1148,661,2288,1085,1810,1936,838,524,1395,658,1929,1965,1796,12,513,578,407,1369,333,884,1791,1496,1405,1284,2546,591,650,450,302,164,217,173,614,1332,196,644,909,124,1382,395,632,806,463,574,263,747,682,522,146,164,202,549,112,1276,684,1628,165,250
"COG3410",335,20,14,147,40,21,28,12,103,89,406,18,24,26,31,105,101,26,112,16,160,41,41,19,65,38,34,85,87,185,48,244,14,29,9,36,45,31,33,156,130,12,16,35,59,16,20,20,43,18,23,61,305,122,8,17,14,44,311,105
"COG3411",417,518,327,517,327,340,500,401,43,313,377,367,615,356,375,254,612,667,732,623,78,543,121,171,17,80,880,733,855,396,504,665,651,579,482,250,586,696,504,671,161,639,78,569,315,43,129,572,338,619,233,1042,670,562,56,393,572,113,237,662
"COG3412",1,1,3,6,1,0,7,0,0,1,3,2,7,1,4,0,2,17,19,2,5,24,0,74,0,1,9,19,14,1,9,19,22,5,13,4,0,16,40,8,0,14,0,10,2,2,0,12,0,7,1,4,25,15,4,0,40,0,1,21
"COG3413",111,37,84,72,136,71,90,153,1,116,192,0,92,50,23,4,104,51,50,81,24,35,86,0,20,56,101,94,26,54,38,14,12,12,4,7,26,10,114,8,3,31,58,16,21,55,0,26,59,2,13,4,13,29,37,36,57,14,12,26
"COG3414",22,0,0,24,2,1,0,0,2,1,0,0,0,0,4,0,2,13,0,0,83,26,1,0,0,0,0,16,16,2,0,0,2,2,1,4,3,4,0,0,0,1,0,0,0,0,1,0,0,0,0,0,0,0,0,1,0,0,3,0
"COG3415",502,65,106,546,73,122,35,11,101,173,663,143,12,53,32,27,408,227,325,19,4380,123,41,83,173,36,24,168,239,1106,143,843,243,337,44,200,242,64,20,567,589,65,38,15,71,137,954,48,28,24,26,142,903,127,180,107,18,25,499,86
"COG3417",48,29,43,77,99,35,55,76,47,145,92,42,26,75,17,1,59,90,99,27,82,40,55,36,21,37,12,91,44,277,61,33,69,79,35,66,162,17,16,71,14,77,34,11,97,76,12,45,71,18,56,39,24,42,88,10,12,20,813,60
"COG3418",7,0,1,46,0,0,4,1,2,22,19,0,0,1,0,0,0,40,38,0,47,2,0,1,1,0,1,14,30,90,3,4,3,13,1,135,42,4,0,4,0,1,5,8,0,1,3,3,12,1,0,7,0,20,3,0,1,0,27,1
"COG3419",3945,2374,4252,2465,2707,3745,3177,1783,3743,1875,2791,2475,3910,3283,5547,2598,1292,2706,6163,2113,9250,4007,4178,2226,5060,3047,2814,1588,3721,4978,3557,4110,1355,1817,3165,4036,3451,4451,3113,4291,4633,2720,4802,4977,3329,4549,314,3458,5211,2342,4265,1595,3945,3723,1277,1861,3973,4766,3707,5703
"COG3420",132,167,43,273,48,43,22,59,77,91,124,8,30,27,85,0,169,265,481,62,118,50,51,4,20,29,31,353,86,186,198,136,199,123,52,66,159,424,85,251,122,169,119,137,61,85,1065,92,80,23,7,52,134,77,70,47,61,6,127,114
"COG3421",177,40,49,147,155,53,35,36,55,155,264,34,36,72,43,46,11,50,16,27,175,82,84,15,134,19,37,46,52,85,39,72,22,26,88,211,174,47,115,37,134,21,81,67,53,73,30,68,69,46,51,55,207,162,38,37,68,150,15,35
"COG3422",19,25,48,63,25,58,25,69,39,41,134,29,46,23,32,0,24,34,42,66,213,32,52,108,25,58,65,22,66,131,51,7,45,29,65,213,52,13,82,6,23,21,30,77,27,29,74,44,47,35,74,24,29,107,13,32,103,44,56,17
"COG3423",28,0,1,17,0,1,3,1,11,0,40,0,2,6,1,0,4,25,4,0,157,1,0,0,6,0,0,3,16,263,20,2,2,4,0,30,12,1,1,2,0,1,0,0,0,8,27,1,8,0,2,11,2,1,1,2,1,0,103,3
"COG3424",87,159,61,710,258,77,158,147,517,383,148,344,146,197,61,1352,629,229,98,148,25,385,67,314,263,172,171,460,240,381,197,70,681,433,125,53,557,133,103,241,42,279,127,164,187,180,669,155,33,222,696,186,52,146,230,90,87,58,467,106
"COG3425",545,891,678,940,543,767,762,827,189,482,220,245,347,365,612,412,1051,615,480,338,88,231,500,207,283,241,185,1220,224,466,2423,706,3271,3023,1035,198,3040,1992,1558,1041,622,2816,1187,600,2210,1210,90,843,2426,589,385,957,859,639,888,2077,1315,702,3427,2367
"COG3426",0,0,0,0,23,0,0,2,0,2,7,0,0,3,2,0,0,0,3,0,7,0,0,0,0,0,0,2,0,0,0,17,19,3,0,1,4,0,0,6,0,0,0,0,1,2,0,0,0,0,0,0,26,0,31,0,0,5,0,0
"COG3427",771,977,893,2135,721,894,1106,1143,417,492,512,606,746,580,989,416,2400,1123,1461,628,94,776,571,517,488,562,632,1888,639,1304,1271,1689,2225,2477,1106,76,1542,984,1405,1707,402,1528,390,854,1190,402,552,861,793,1038,320,1143,1601,667,363,916,1239,536,733,1661
"COG3428",1350,27,66,434,56,63,138,82,335,176,839,320,82,34,98,419,414,385,147,214,3156,374,33,227,232,64,63,170,425,1347,186,107,348,150,262,377,963,42,35,56,25,84,35,119,72,92,166,131,318,217,426,421,133,112,119,56,109,18,853,124
"COG3429",0,66,40,27,183,51,179,95,318,1088,2,382,569,503,103,0,29,324,48,509,6,544,42,51,372,909,900,16,887,5,243,2,46,203,1224,65,30,1108,898,174,14,208,502,1538,198,1348,7,1487,102,2051,791,3343,1,1781,4683,378,1455,5,12,85
"COG3431",2,62,12,37,150,19,142,10,34,86,3,54,234,238,6,0,2,24,24,6,4,34,4,11,4,12,22,11,44,79,16,0,3,9,304,45,17,73,182,15,5,18,0,5,36,5,3,39,21,39,0,56,2,24,17,5,246,1,22,0
"COG3433",2,0,0,4,0,0,0,0,1,0,18,0,0,1,0,0,1,0,0,0,15,0,0,0,0,0,0,0,0,10,0,1,1,23,2,0,1,3,0,0,0,0,1,0,0,0,2,0,0,1,0,1,0,0,0,0,0,0,11,0
"COG3434",2942,8,12,373,88,31,78,25,261,421,2137,15,20,43,76,6,256,574,289,18,6833,183,46,24,199,46,13,247,319,2842,163,139,80,147,18,1559,1169,28,13,109,19,82,18,22,99,61,65,74,758,17,42,138,153,143,147,58,28,6,1895,100
"COG3435",66,319,224,686,337,234,354,287,73,213,30,59,181,229,304,33,515,521,127,127,44,278,118,74,73,91,243,325,274,408,161,242,548,646,263,36,246,239,377,276,65,858,56,236,590,110,559,196,165,231,104,200,294,204,115,224,323,110,43,488
"COG3436",9811,90,52,5447,468,120,725,207,1379,2484,8226,428,156,507,674,181,5046,2626,2994,170,42924,1559,221,187,1068,269,157,1608,2445,15526,1420,3998,1610,3074,389,3424,3193,441,130,3911,124,317,117,365,804,564,2822,469,3291,388,438,1215,6961,1283,857,561,117,17,6244,4156
"COG3437",9120,261,347,2534,1558,374,740,574,1353,2762,6571,703,543,1358,639,718,1076,2931,1789,642,25066,1147,451,812,1710,828,445,1384,2088,9659,1039,1292,640,1122,680,5632,4044,955,597,1425,161,889,1632,909,1183,1488,7327,720,2568,555,695,1001,1365,1337,1652,586,503,924,6091,1634
"COG3439",148,70,51,444,99,60,77,68,72,198,157,9,31,94,136,6,292,230,249,59,101,75,91,46,37,71,51,369,121,381,175,222,215,332,79,195,310,218,59,262,20,118,237,46,120,102,496,72,106,23,36,76,281,155,93,65,42,136,264,91
"COG3440",975,220,195,270,293,223,170,214,475,784,447,374,240,453,268,400,272,282,330,252,130,339,245,274,471,564,370,252,399,544,287,751,229,185,170,453,279,325,272,420,227,211,397,294,311,477,272,281,164,318,419,391,902,376,1070,190,274,376,345,351
"COG3442",3,24,31,56,93,13,35,39,1,10,0,1,28,31,102,0,12,122,2,17,7,81,44,1,0,0,19,34,55,10,9,0,35,17,39,2,9,56,51,0,0,96,5,11,68,3,0,31,61,79,0,10,0,10,1,61,33,220,3,68
"COG3443",2,0,0,22,12,0,1,3,0,4,5,0,0,1,4,0,4,6,3,0,7,5,0,0,0,0,0,10,7,60,4,0,10,3,9,7,15,1,0,1,0,2,0,0,2,6,54,0,3,1,1,1,2,5,8,5,0,0,8,4
"COG3444",0,0,0,10,8,0,0,0,0,1,0,5,0,0,0,0,11,0,0,0,3,0,0,0,0,0,1,7,0,4,2,0,14,8,0,0,4,0,0,0,0,2,0,0,0,0,0,0,0,0,0,0,0,0,4,0,1,0,6,1
"COG3447",41,0,1,56,5,1,8,1,109,127,36,1,6,15,3,1,45,33,60,1,5023,92,2,0,98,3,1,17,39,735,29,4,5,6,36,75,33,53,1,10,1,1,3,3,44,82,53,6,7,5,34,10,16,27,152,8,0,0,89,41
"COG3448",653,1382,1825,1255,1258,1830,1345,1347,2223,1813,535,1616,1166,1771,1732,2307,1148,760,1155,1308,298,1418,2080,1920,2001,1738,1006,940,1131,1324,1147,1191,1029,1351,1152,654,1095,1362,1360,1272,2464,713,1988,1340,1414,2138,706,1330,1513,1484,1719,623,1118,1464,2392,1491,1223,1847,705,1206
"COG3449",83,1,3,79,6,5,28,11,28,56,193,1,4,10,8,0,80,39,40,1,1027,50,19,1,31,3,1,43,39,311,34,5,71,34,2,96,134,19,0,22,7,3,6,12,20,8,919,2,167,2,35,9,20,9,25,1,1,3,265,98
"COG3450",350,252,159,220,124,163,192,157,255,1211,395,319,382,393,94,1195,196,333,319,407,125,326,67,87,404,801,572,220,638,204,242,431,211,202,180,389,182,320,178,469,69,193,249,330,241,540,342,410,105,506,151,817,512,365,1514,192,239,61,183,142
"COG3451",2244,58,11,2387,349,45,402,266,459,379,2070,133,121,208,496,17,1668,1230,523,76,2874,711,199,87,187,130,61,1063,1110,4086,598,385,1901,1730,275,1574,2650,321,55,335,336,149,351,214,263,180,9986,88,424,155,402,649,765,275,208,124,61,74,4836,1097
"COG3452",182,4,1,231,41,3,15,6,89,123,111,8,4,26,36,0,43,76,53,2,569,52,10,1,21,14,4,89,108,426,75,39,77,160,64,1361,866,181,10,56,9,35,89,50,55,56,1170,39,100,25,28,89,93,300,129,16,14,20,1234,52
"COG3453",158,133,123,335,204,123,167,112,214,200,268,196,150,204,103,209,155,208,74,150,771,169,124,258,266,162,118,123,250,611,119,65,154,137,266,294,170,147,154,46,192,145,172,169,167,195,1686,106,114,151,104,237,64,138,184,163,166,123,296,91
"COG3454",22,130,38,112,70,65,83,98,68,148,72,163,63,81,41,10,55,163,43,1646,71,138,8,3227,41,67,100,54,146,244,21,6,104,76,2208,189,107,676,52,34,14,205,22,95,107,53,2599,90,18,89,92,121,10,112,87,896,58,4,61,88
"COG3455",59,21,8,208,41,7,17,28,71,118,189,17,28,24,34,16,7,76,70,37,183,33,9,62,21,15,14,106,98,326,20,17,12,25,35,648,195,14,20,30,16,37,17,35,46,29,31,26,34,15,45,24,27,62,31,28,8,1,304,117
"COG3456",72,1,2,284,28,1,15,13,102,118,118,12,0,30,43,10,43,96,62,2,211,28,4,1,15,10,3,107,109,430,33,18,79,104,4,550,199,6,3,35,8,10,13,23,20,28,19,13,33,6,4,55,24,65,23,12,0,1,396,94
"COG3457",17,36,6,56,12,8,11,19,13,28,20,58,0,9,18,309,48,15,66,4,11,5,0,7,2,2,0,84,20,40,37,37,110,63,5,12,46,1,1,71,5,42,43,2,11,17,190,2,5,1,9,4,21,3,25,19,0,3,15,70
"COG3458",129,87,45,946,114,42,143,179,52,183,60,129,102,69,240,13,798,697,281,60,142,116,8,80,35,32,82,466,107,431,197,186,841,923,92,234,390,149,250,236,16,762,61,61,284,81,15,108,33,38,14,48,178,79,95,79,182,12,116,671
"COG3459",106,19,9,135,65,13,27,50,324,46,110,93,58,27,18,146,147,53,82,34,321,36,5,220,42,35,32,97,138,69,82,59,251,90,81,362,130,66,72,117,16,14,7,43,34,26,1118,11,12,108,192,186,75,31,51,15,53,9,111,29
"COG3460",39,80,69,210,77,73,35,47,72,167,43,71,55,52,18,314,206,59,114,51,22,81,13,25,106,63,86,211,92,158,127,67,196,162,91,13,181,36,45,93,35,46,20,46,46,88,278,37,23,55,66,119,60,38,77,68,52,17,65,35
"COG3461",1,4,0,9,5,0,1,1,9,4,3,4,0,2,0,0,2,7,2,0,11,7,0,0,1,1,0,9,8,1,2,6,3,1,5,6,1,5,0,1,0,0,1,1,0,1,28,3,0,1,3,6,6,6,1,0,0,0,0,3
"COG3463",126,245,118,577,399,112,318,192,143,366,83,224,613,468,183,6,637,220,782,168,15,204,90,52,64,178,266,818,261,356,174,226,213,217,212,7,187,130,165,235,6,79,12,48,69,31,3,76,79,150,13,89,309,53,101,153,202,148,118,55
"COG3464",1888,71,18,2216,312,28,186,106,288,1060,2841,89,77,317,166,24,1265,786,2118,14,4406,369,719,133,312,154,65,772,868,6304,854,2558,618,981,326,1523,1900,386,85,2412,88,248,107,219,233,156,1628,403,1785,164,123,874,3144,784,187,82,38,138,14468,959
"COG3467",1668,473,191,1759,76,187,240,447,28,47,862,15,132,46,495,4,1737,420,1026,94,81,59,152,11,26,44,68,1908,82,833,979,1434,1789,1602,292,32,1526,228,146,1163,189,570,95,86,698,57,207,118,417,40,19,52,1622,88,46,317,104,49,2006,796
"COG3468",13,59,25,154,139,36,100,68,60,87,19,64,130,55,42,6,73,133,14,65,67,189,25,60,53,115,135,30,234,58,41,1,67,24,280,26,32,86,175,16,82,133,44,136,70,112,704,129,33,90,23,138,5,143,105,51,187,46,45,184
"COG3469",18,16,19,10,136,24,27,12,14,100,86,3,7,214,4,179,6,2,11,3,88,1,2,6,25,1,4,9,7,3,8,6,2,2,25,49,23,23,13,7,13,10,0,0,43,3,0,3,1,3,0,3,7,0,0,5,47,2,22,9
"COG3470",26,474,873,41,740,823,377,529,1054,535,22,765,225,923,273,317,55,213,174,353,46,197,1148,356,1379,703,54,134,192,65,479,106,108,45,133,101,76,345,134,266,212,174,1469,116,632,1122,36,216,505,160,1029,268,152,322,686,382,168,1047,56,237
"COG3471",12,14,4,100,7,5,6,16,6,30,78,1,0,6,10,0,28,51,46,1,28,7,4,20,2,3,1,83,50,177,31,20,56,72,0,228,84,4,0,8,7,4,11,7,3,3,8,0,14,21,5,9,80,36,5,3,1,0,48,12
"COG3472",1576,69,37,270,129,52,59,82,57,63,719,72,42,51,53,76,146,78,229,55,166,23,66,72,100,41,38,258,107,112,173,512,174,142,49,334,217,148,88,306,77,66,42,38,200,58,341,67,54,41,44,73,545,39,71,72,43,65,200,196
"COG3473",1124,2973,3443,2943,2253,3278,2787,2849,2845,1098,939,2677,2061,2248,2907,3479,3316,1866,3484,2143,105,2437,3226,1983,2241,1882,1870,3167,1788,1841,3090,4368,3282,3801,2515,397,2462,2431,2667,3764,3107,2833,2383,2668,2800,2255,1418,2397,2356,2694,2829,1504,3796,2127,982,2771,2578,2624,1174,2592
"COG3474",846,2244,2599,1120,1987,2510,2675,2511,2794,879,805,2670,2561,2013,2674,1489,1148,1646,1617,2180,467,2453,2478,3455,2119,1937,1891,1242,2011,1073,1729,1981,1186,1372,3055,499,1092,2698,2864,1767,2684,2046,2018,2688,2012,2058,3024,2617,2206,2869,2487,2040,1743,2146,831,2382,2834,2310,668,1980
"COG3475",163,96,83,62,44,63,28,23,18,28,390,68,31,54,35,123,70,62,441,14,11,14,89,19,42,19,18,75,12,33,178,451,94,33,17,64,65,19,34,625,842,14,54,14,37,20,0,58,24,20,14,25,473,39,34,40,23,79,84,25
"COG3476",58,1185,1422,344,1427,1418,1183,1218,1750,718,103,1631,1265,1160,1313,1670,424,657,115,1160,44,1380,1611,2369,1744,1321,977,110,1124,168,574,30,513,676,1347,257,456,1208,1311,22,1658,713,1673,1548,960,1465,605,1280,1072,1449,1438,817,45,1487,747,1236,1282,1728,137,781
"COG3478",132,84,97,142,152,70,132,63,25,26,165,60,167,126,137,0,126,100,138,21,20,7,99,9,84,29,131,88,14,81,137,98,125,128,84,46,102,119,238,157,416,176,177,54,155,136,0,131,122,33,0,11,130,26,15,212,151,344,68,155
"COG3479",1,0,0,1,0,0,3,3,1,0,0,0,0,0,1,0,3,4,0,0,0,0,1,0,0,0,0,2,0,1,4,0,5,0,1,2,9,1,0,1,0,0,0,0,0,0,0,0,0,0,0,0,1,0,2,0,0,0,2,0
"COG3480",53,292,422,315,696,425,639,660,249,83,21,216,628,510,790,0,337,260,352,394,50,269,664,337,250,328,640,437,221,221,370,363,358,261,538,146,306,693,740,254,1926,500,480,737,529,420,5,699,821,380,143,93,497,364,35,849,515,1492,215,388
"COG3481",1889,254,403,665,312,367,340,353,302,406,2259,247,275,427,432,1,727,650,1315,402,316,145,650,239,348,296,186,863,186,680,192,645,228,188,70,84,199,92,34,595,94,181,334,56,199,134,193,95,187,29,44,46,717,76,101,146,49,189,206,221
"COG3482",1,0,0,1,18,0,14,1,5,25,0,15,19,69,2,0,1,3,22,13,1,10,0,0,1,5,15,0,7,5,0,0,1,2,11,2,2,16,1,18,1,2,0,1,11,1,0,4,0,7,33,5,0,2,8,0,9,0,0,2
"COG3483",1002,1751,1508,1136,1343,1506,1426,1564,410,1664,958,589,716,890,624,1891,1587,1420,1650,755,1169,850,1252,150,790,677,691,1816,972,1605,1551,1174,1545,949,397,524,1618,1391,1208,958,269,1590,1447,593,974,1137,1084,734,1461,450,265,833,1085,666,922,1222,903,791,2052,911
"COG3484",49,320,490,169,171,631,670,940,731,112,64,692,1032,152,2013,5,100,990,72,2558,701,2811,868,4973,32,1081,1426,98,2104,239,50,19,98,280,1171,109,119,1385,662,76,396,968,303,1666,154,258,1226,940,659,2176,3850,1427,21,1567,76,1058,863,240,101,73
"COG3485",992,737,521,1427,821,456,729,880,665,994,754,702,872,660,252,556,1541,1243,395,737,2201,855,279,628,641,737,628,1081,957,1487,597,321,1342,1253,1121,332,1303,849,761,267,265,1140,362,776,818,573,2517,823,310,950,575,1240,238,719,602,721,743,337,1461,783
"COG3486",75,0,1,43,52,1,5,3,31,58,80,4,1,20,9,1,49,11,0,0,94,12,29,0,5,6,1,21,18,262,27,6,9,22,34,318,159,29,6,3,5,10,9,13,10,30,216,1,19,1,6,10,22,126,25,0,2,0,419,7
"COG3487",70,103,103,478,201,105,185,157,166,363,342,218,106,210,133,2377,75,434,435,99,352,188,72,64,201,73,23,174,318,625,112,36,111,161,77,522,213,83,38,264,44,194,39,96,260,100,1288,100,79,116,29,121,47,274,156,100,30,61,552,322
"COG3488",93,263,322,676,328,349,441,346,457,418,456,742,255,404,463,2766,374,690,796,403,424,467,484,351,375,174,316,415,489,718,363,244,350,444,212,1201,629,248,196,707,112,462,356,364,643,367,2834,423,334,332,343,221,254,472,239,529,191,233,708,1140
"COG3489",34,23,28,332,102,26,44,34,95,192,150,115,11,103,37,515,29,126,376,14,214,61,27,1,126,16,6,102,152,333,110,4,59,46,11,303,106,19,12,297,7,16,19,37,120,49,1233,24,28,43,12,44,16,139,103,42,11,10,228,141
"COG3490",38,14,32,317,53,24,27,43,68,130,200,91,1,56,35,511,29,119,257,14,177,109,21,42,36,17,7,109,183,344,56,11,54,73,6,323,138,15,7,195,13,19,19,41,103,32,1017,12,25,39,12,45,25,152,58,38,1,12,252,148
"COG3491",1642,5859,5761,5953,5090,5576,5188,5450,3706,3405,1764,4262,3980,4104,3692,2215,5742,4429,4376,4157,5907,4106,5120,3499,4455,3328,3762,5504,3598,5611,5210,1986,5593,5568,4593,4829,5496,4687,5297,2724,3100,5437,4403,3541,4643,4066,1282,3922,5044,4196,3433,3969,1912,3963,2570,5513,5078,4549,4445,4439
"COG3492",440,824,874,764,612,886,824,722,716,427,256,866,548,613,611,757,700,591,567,477,675,524,714,448,632,469,529,653,487,697,649,614,613,766,847,214,705,603,914,684,974,685,594,679,699,520,337,627,622,705,423,537,508,560,311,750,949,641,340,794
"COG3493",12,1,0,3,5,0,0,0,2,4,18,0,0,1,0,0,1,2,1,0,3,0,0,1,1,0,0,27,2,7,24,2,1,0,10,19,65,14,0,0,1,0,1,0,1,2,48,0,0,4,0,2,5,99,1,0,0,0,5,0
"COG3494",711,1788,2630,1126,1988,2433,2198,2123,2754,1006,636,2258,2086,1848,2161,1184,1316,1489,1569,1934,81,1996,2723,2053,2154,1876,1756,1085,1558,784,1567,2357,1062,1621,2405,399,1046,2409,2383,2145,2691,1610,2225,2519,1916,2012,1504,2385,1164,2341,2754,1168,2035,2055,942,2058,2217,2441,547,2210
"COG3495",526,327,258,398,200,297,245,342,289,296,760,326,185,208,264,242,247,558,617,306,2168,305,114,289,169,116,203,147,384,1185,245,285,125,227,216,903,480,193,227,274,153,426,121,189,386,155,825,227,410,203,159,259,260,258,153,364,172,124,504,385
"COG3496",602,3164,4001,621,2848,3869,2893,3239,3773,1587,604,3029,2840,2711,2928,4009,687,3077,523,2975,1815,3094,4123,4299,2842,2783,2596,165,2592,994,1220,114,1075,1102,3548,923,760,3291,3331,204,3904,2912,3495,3438,2687,2898,1444,3221,1782,3350,4134,1883,132,3208,1480,3126,3237,3466,896,2787
"COG3497",22838,1432,2397,1048,9112,1875,3086,3649,5219,3792,64237,12645,8512,4594,5486,1212,767,2180,1410,8265,2232,7507,2571,4855,5494,7335,28087,848,5841,1094,4820,1471,492,1509,4561,107796,476,1987,12072,2381,7105,3228,6287,14914,3182,7428,48519,15882,2853,8218,781,3688,1877,22023,6248,3880,8691,3797,1233,2893
"COG3498",3,2,0,56,2,1,3,2,0,42,3,0,0,2,5,0,5,7,2,0,6,3,0,0,0,0,0,12,5,42,1,0,2,4,6,32,50,0,0,4,0,0,0,2,0,0,87,0,0,1,0,8,1,19,2,29,0,0,7,2
"COG3499",1,0,0,44,2,1,0,3,2,42,1,0,0,0,5,1,3,5,0,0,3,3,0,0,0,0,0,15,8,26,2,0,4,2,0,33,14,0,0,6,5,1,0,1,0,0,61,0,1,1,0,3,0,8,1,21,0,0,0,3
"COG3500",41,44,43,134,66,39,99,64,152,111,167,260,37,51,62,15,102,202,5,213,42,79,115,330,130,48,32,33,92,98,56,48,151,44,69,120,303,42,50,30,162,68,41,70,27,76,212,80,33,59,28,111,50,101,101,116,37,24,87,36
"COG3501",259,96,93,868,392,88,171,215,525,787,738,440,160,289,204,76,70,464,155,401,1073,213,182,490,181,289,127,595,527,926,155,98,201,239,232,2527,801,95,95,111,202,220,149,283,178,269,478,272,154,177,180,381,127,394,322,216,70,70,880,353
"COG3502",30,792,898,271,773,886,821,644,781,500,49,911,950,1090,410,600,210,363,66,607,33,578,682,472,674,548,574,125,472,217,375,56,253,317,1578,67,120,624,963,61,1272,391,525,526,462,525,613,547,555,731,562,565,75,475,322,723,1177,419,471,166
"COG3503",2239,445,455,422,283,426,261,370,334,435,1328,269,246,235,260,112,396,748,732,278,4151,231,408,108,336,182,132,554,368,1956,717,526,515,347,191,697,1053,258,298,404,350,337,188,163,279,205,37,248,526,245,201,479,383,199,195,396,321,125,729,153
"COG3504",127,13,0,417,80,2,66,43,66,56,137,30,4,52,111,2,233,202,103,3,151,110,16,7,31,25,16,219,205,443,78,59,292,231,76,522,229,66,8,53,72,27,11,54,54,32,2627,13,29,30,80,126,48,26,54,26,4,2,170,97
"COG3505",447,44,12,1792,346,27,340,209,319,297,842,115,89,166,374,21,1226,917,382,159,1226,567,73,54,119,104,56,905,940,2075,434,194,1609,1107,276,1569,2236,225,68,178,194,106,238,207,146,170,12454,39,179,166,280,479,241,268,218,237,19,13,1493,411
"COG3506",2,6,0,10,3,0,4,2,23,2,2,32,2,4,1,0,30,3,1,5,13,16,0,8,7,2,0,2,12,5,10,0,14,11,5,8,16,3,1,0,1,7,0,5,4,1,26,4,1,5,16,5,0,6,1,10,0,1,2,3
"COG3507",898,735,765,1054,1457,803,943,1390,1026,1195,1519,1725,538,730,534,290,1296,2152,1294,882,10889,801,470,975,1159,670,300,930,755,2681,1040,356,1437,571,715,992,3347,701,339,890,766,770,598,378,1156,882,2404,591,902,545,614,999,451,704,990,1329,352,387,1323,1231
"COG3508",1247,1322,1061,1102,1198,1081,823,1012,649,1579,1051,739,609,875,717,2659,1406,1663,1314,720,2712,851,783,434,958,559,601,1457,936,2017,1176,589,1466,873,708,1033,1677,1165,657,692,280,1087,1008,630,973,972,2406,643,1190,638,386,1034,596,730,1044,1086,562,501,2798,1079
"COG3509",525,5871,5834,1435,5629,6142,3952,5023,5574,4991,814,5462,3465,5089,2941,4070,1861,4120,2087,5997,3749,4854,6463,5637,6666,4326,3040,1854,4590,1800,2976,1128,2254,1408,3391,1596,1915,4595,2960,1472,2025,3373,8260,3110,4254,6412,174,3226,6682,3937,4223,5830,1185,3530,5176,5461,2971,5121,1371,2576
"COG3510",265,118,174,340,234,176,175,268,112,164,216,112,200,203,158,484,281,205,217,161,22,136,116,209,199,158,151,318,173,179,237,267,241,322,217,577,219,230,140,183,196,176,169,143,238,180,340,209,98,214,146,188,280,184,174,178,165,181,265,345
"COG3511",38,12,12,26,42,8,28,18,7,12,11,14,7,26,11,99,96,39,4,9,19,25,2,27,2,12,17,171,29,50,48,0,52,10,9,27,101,17,9,12,1,4,3,22,17,13,128,3,9,20,8,21,12,27,18,1,4,2,78,31
"COG3512",5,0,0,1,4,1,2,0,2,29,15,1,0,5,0,13,7,5,3,1,0,3,2,0,0,0,1,3,7,0,11,60,15,5,20,3,14,11,0,18,5,3,1,5,15,16,45,4,2,5,13,6,61,8,12,5,1,1,8,25
"COG3513",172,23,1,59,126,28,68,65,112,990,281,87,15,141,32,235,206,105,186,20,61,75,36,157,47,33,33,61,78,62,103,320,161,20,145,165,187,109,24,193,29,32,12,36,150,69,385,18,14,24,58,56,361,46,101,25,15,6,158,259
"COG3514",7,0,0,14,2,1,2,0,0,6,2,1,7,0,5,0,17,5,1,1,3,0,0,10,0,0,0,19,10,13,2,8,9,27,4,6,16,3,3,1,0,0,0,3,2,1,20,3,5,0,0,6,15,0,0,0,3,0,3,0
"COG3515",78,15,13,357,48,15,28,35,144,226,279,53,39,47,41,20,5,141,86,86,372,53,17,94,18,22,43,142,170,522,45,21,14,89,46,961,291,23,20,36,15,69,28,72,65,56,131,48,60,33,29,80,39,130,64,49,11,7,407,113
"COG3516",41,24,17,153,45,14,23,27,66,83,117,29,24,33,20,9,10,56,42,77,147,24,21,57,22,17,20,92,86,184,18,11,18,41,36,404,91,17,14,18,11,46,21,24,45,38,75,29,15,38,25,57,18,49,40,55,6,5,144,52
"COG3517",146,50,31,461,168,36,51,62,202,349,396,97,62,124,74,80,26,190,128,186,455,82,20,153,33,28,50,257,216,734,47,45,67,141,129,1403,443,41,31,96,26,153,58,98,164,94,197,79,98,84,81,131,49,200,134,124,33,13,754,290
"COG3518",34,2,2,90,21,4,3,7,39,71,114,3,0,14,10,1,3,35,17,14,85,10,4,2,9,3,2,71,47,145,12,6,3,33,6,287,83,3,1,14,6,14,7,6,20,16,57,7,14,6,10,14,16,26,16,10,0,2,128,36
"COG3519",118,29,19,410,116,27,48,46,198,287,355,82,74,80,56,34,24,177,98,144,363,94,20,99,29,37,49,258,219,612,20,12,8,45,44,399,119,12,7,18,8,25,11,48,38,22,66,26,19,17,19,30,14,59,38,35,4,3,172,51
"COG3520",70,13,8,248,61,13,30,33,119,132,184,48,39,56,33,8,19,91,73,91,175,47,16,66,28,16,24,121,107,330,34,19,29,87,56,646,189,17,20,40,16,51,27,42,43,46,163,33,30,35,21,68,28,108,55,57,11,4,357,90
"COG3521",9,4,0,101,20,1,4,3,28,59,37,1,1,23,17,0,1,27,20,1,95,12,1,6,3,3,2,30,46,172,15,2,5,11,5,264,66,7,5,6,1,11,4,12,15,11,1,3,17,5,10,17,13,30,20,5,4,1,144,39
"COG3522",113,36,22,330,92,29,36,44,141,203,279,62,61,71,38,41,12,138,89,115,268,59,17,116,41,21,40,181,187,465,48,29,41,55,72,897,311,27,25,49,23,80,26,83,83,55,122,71,49,37,64,104,40,94,65,78,28,5,375,151
"COG3523",234,67,28,870,200,33,52,85,381,550,736,150,129,130,102,43,35,292,214,187,762,148,39,251,84,45,54,491,399,1199,97,66,67,137,127,2292,785,65,74,133,40,146,90,201,149,135,316,102,126,62,220,147,102,267,139,135,27,21,1017,287
"COG3524",287,32,9,83,44,23,74,22,54,58,159,81,118,74,18,1,57,117,52,35,951,43,5,26,17,21,26,62,91,349,123,51,269,170,385,178,371,216,134,80,21,70,12,64,75,46,369,105,277,126,37,189,31,164,71,53,197,1,306,122
"COG3525",2907,2444,3125,2109,2427,3062,2018,2733,2878,1570,3148,2448,1534,1994,1855,3899,3175,2116,3602,2228,2755,1550,3126,2184,3603,1480,1094,3534,1579,2328,3601,2374,3457,2133,2376,1650,4582,2043,1309,2304,1738,1888,3221,1175,2038,2469,472,1621,2138,1250,2046,1645,2640,1444,1681,2799,1316,3771,2272,1908
"COG3526",12,60,27,96,22,28,29,30,28,20,35,59,17,25,153,13,49,71,45,15,72,16,20,39,9,10,9,55,23,61,28,27,69,67,34,61,75,18,18,29,8,69,13,18,87,15,52,20,72,8,32,17,17,43,11,39,13,13,39,33
"COG3527",1,84,9,12,29,18,21,13,9,11,0,26,34,6,0,5,10,11,115,5,5,5,1,11,0,1,10,9,3,0,5,1,21,5,54,3,21,34,8,173,185,14,2,7,23,7,9,5,2,34,2,51,2,6,20,7,28,2,0,10
"COG3528",59,109,143,426,108,145,130,190,364,159,187,225,87,137,101,127,114,145,96,256,500,174,217,622,367,124,39,169,223,326,148,37,164,124,236,218,335,92,76,61,219,123,232,82,170,143,2147,197,92,70,139,190,127,242,100,263,55,153,584,142
"COG3529",332,11,5,107,4,7,7,13,46,60,216,34,2,8,15,155,40,71,33,22,606,57,4,29,27,11,3,46,76,274,31,12,6,25,19,217,99,0,6,15,11,4,6,11,11,9,49,13,90,33,22,48,14,59,13,11,4,1,144,7
"COG3530",230,7,4,76,12,6,20,17,24,46,174,19,15,11,10,225,50,70,55,11,551,23,21,2,32,12,0,40,48,350,51,10,52,41,22,150,187,15,6,42,7,5,1,9,13,22,70,9,77,13,1,33,23,45,19,5,5,0,438,22
"COG3531",143,27,8,84,10,6,23,26,12,27,76,6,12,7,15,153,80,69,121,8,223,20,5,6,10,4,10,100,36,195,359,414,223,262,45,447,330,101,26,350,57,145,49,23,93,11,116,20,216,32,24,47,315,72,19,44,25,4,326,163
"COG3533",482,288,267,540,454,354,470,678,927,377,873,525,295,407,319,207,876,857,1022,563,3466,456,495,439,697,445,286,399,288,904,636,258,1178,468,334,405,1885,190,280,828,84,762,462,341,746,438,1411,449,180,328,879,294,314,247,409,427,330,284,702,821
"COG3534",141,355,430,341,388,447,397,422,483,298,481,523,256,302,369,700,587,568,311,413,2461,930,331,673,533,238,278,335,1080,626,148,29,252,93,70,55,475,109,58,54,65,173,100,148,159,110,654,111,122,232,266,334,32,103,103,136,62,169,87,171
"COG3535",136,390,240,828,128,264,311,200,136,115,62,79,100,141,208,231,849,224,620,94,258,120,87,41,141,97,105,650,131,821,488,414,821,801,149,24,583,185,145,707,36,401,65,115,340,76,8,91,325,54,104,71,416,74,59,188,198,47,336,493
"COG3536",107,285,219,357,253,231,250,314,228,265,172,333,196,241,264,737,301,417,496,249,64,263,194,238,135,154,199,348,241,377,418,427,362,390,288,278,350,182,218,377,362,463,100,257,307,164,484,220,292,275,258,285,329,273,126,260,223,136,332,405
"COG3537",1177,1571,1613,662,3259,1687,1345,1172,2243,1685,2131,2263,940,1227,312,6086,1402,913,752,1548,377,1120,614,1313,2407,590,415,580,1316,512,1724,891,1693,254,1468,381,4164,1024,634,1126,1028,578,961,410,851,1698,946,782,351,1105,979,2050,1180,577,2158,1287,644,1188,577,609
"COG3538",8,156,196,12,456,182,171,124,93,173,56,92,136,137,8,1013,76,48,16,120,10,60,39,93,184,46,29,12,67,45,120,14,134,8,187,23,306,205,82,21,206,23,71,59,61,206,61,70,13,77,41,133,10,67,254,134,98,105,45,29
"COG3539",2,0,0,5,1,0,0,0,5,21,9,1,0,3,11,0,7,1,0,1,23,1,0,1,1,0,3,12,3,3,25,1,4,3,8,417,17,4,0,1,2,1,16,5,0,3,2,0,1,3,1,4,3,0,4,0,0,0,0,0
"COG3540",2284,2160,2934,2211,2279,2849,2336,2612,2779,1802,1894,3549,1990,1856,1272,1778,1693,3194,1183,3468,6420,1939,2629,4492,1968,1910,1508,1852,2150,3548,1581,465,1702,1673,2924,1270,2242,1846,1865,649,1667,2165,1274,1562,2220,1309,3158,1860,2604,1853,2706,2160,516,1918,1037,2518,2046,1718,1959,1492
"COG3541",98,1,1,26,2,1,5,1,6,3,180,1,1,1,4,14,24,11,9,1,20,12,1,0,5,1,1,13,9,48,26,28,54,22,6,200,72,18,4,1,18,8,4,5,16,7,40,15,5,4,4,29,23,23,13,1,8,1,115,47
"COG3542",663,369,340,228,400,337,504,348,463,276,429,677,843,498,405,109,237,565,343,876,1280,891,351,316,354,307,1102,195,1170,643,260,288,201,212,639,332,321,543,469,393,97,347,264,855,357,275,567,813,412,889,880,1372,324,701,221,371,674,217,767,203
"COG3543",11,0,0,2,0,0,2,1,2,0,4,1,0,0,1,0,7,1,1,0,1,0,0,0,1,1,0,1,1,0,2,13,17,7,0,0,10,1,0,2,0,0,0,0,0,0,7,0,0,0,1,1,18,3,0,0,0,0,0,0
"COG3544",149,1550,1630,784,1417,1750,1578,1047,1623,745,152,2077,1307,2081,824,1500,847,820,567,1512,127,1773,1747,2196,2642,2190,1286,885,1335,505,1153,162,901,789,1446,241,866,1162,1284,519,930,1017,2284,1216,1491,2234,407,1015,1915,1305,1816,1464,253,1134,1196,1364,1587,1756,256,988
"COG3545",287,3,1,85,3,0,9,5,3,23,336,4,0,2,19,0,31,39,35,0,36,18,2,6,3,3,3,79,50,100,13,32,38,310,4,177,52,12,3,18,1,6,6,19,2,7,128,5,10,5,3,17,72,42,10,4,2,2,46,15
"COG3546",17,0,0,32,1,1,6,2,2,2,7,2,0,0,4,1,45,15,0,1,5,28,2,0,0,1,0,36,6,26,9,4,17,9,5,7,33,2,0,0,0,0,0,3,1,0,15,0,3,3,0,1,1,6,1,0,0,0,27,2
"COG3547",10857,84,27,5409,825,109,603,327,1343,2194,8379,416,140,428,779,77,3092,3632,2430,88,27557,1699,446,60,1083,200,58,2197,3259,17798,1677,4690,1893,2334,383,3157,5284,593,115,2843,171,362,305,236,508,429,4308,422,2452,259,578,1770,5770,1363,745,308,130,83,7841,804
"COG3548",2,0,2,15,17,0,19,10,34,67,29,31,6,27,5,0,36,5,68,15,14,17,5,0,6,40,11,14,13,11,5,2,21,2,1,3,20,4,4,32,2,6,2,5,2,7,1,5,3,0,3,2,4,4,9,2,1,1,3,3
"COG3549",283,4,0,113,31,9,16,9,20,41,146,2,7,12,11,1,104,46,80,17,547,19,15,7,15,17,8,81,41,293,45,127,63,98,30,194,162,49,20,158,9,40,12,13,16,16,323,28,68,3,14,25,158,37,20,11,16,4,430,27
"COG3550",3597,16,8,1322,159,32,197,111,389,830,2496,85,36,134,208,21,876,1113,489,65,14698,397,126,73,286,102,19,864,752,4319,111,81,165,251,26,526,537,50,16,67,18,33,29,42,86,66,1055,55,376,33,115,186,134,85,90,36,9,2,787,186
"COG3551",506,277,182,130,250,186,233,167,75,126,575,143,188,264,120,2,126,243,253,195,312,83,152,179,68,113,221,135,131,297,141,338,73,91,224,172,173,332,190,294,16,203,318,98,146,219,564,166,147,50,36,94,458,187,141,118,176,128,87,89
"COG3552",1034,1306,1568,1925,1861,1381,1642,1866,984,803,778,1327,1480,1441,1371,370,2093,1425,1704,1457,140,1031,1509,1199,1017,1303,1532,2125,922,1372,1697,2161,2118,1880,1640,245,1985,1587,1905,1579,1646,2014,1131,1811,1845,1110,1633,1623,1247,1353,720,1133,2606,1190,553,2270,1767,2585,1051,1626
"COG3553",9,11,4,44,3,0,6,15,8,14,21,0,5,4,16,4,5,11,4,0,24,9,0,1,2,1,0,11,29,82,1,5,6,13,1,100,15,0,12,2,4,4,1,8,1,5,113,3,8,5,3,7,4,9,6,10,14,0,25,1
"COG3554",1,0,0,13,1,0,4,1,2,0,5,1,1,10,1,0,25,1,1,0,4,10,0,0,0,2,1,4,5,22,3,1,3,6,7,83,10,3,3,0,0,0,1,11,1,3,438,3,1,0,0,4,2,1,1,0,8,0,2,1
"COG3555",919,638,1191,208,1129,857,671,707,619,927,3093,880,901,906,390,2093,136,395,111,872,149,1149,352,663,535,726,1455,162,746,269,428,209,121,221,846,7760,211,347,779,143,2249,445,663,1212,377,742,3339,1001,244,1054,330,592,228,1699,534,585,823,474,189,275
"COG3556",10,171,82,22,285,116,264,166,266,1459,27,366,882,679,137,40,25,509,81,660,13,647,38,75,404,1135,1110,36,1213,31,132,6,28,91,641,118,24,469,483,76,10,133,261,639,122,504,0,712,45,796,260,1535,13,738,1900,192,647,16,23,29
"COG3558",318,12,12,131,25,14,38,20,23,99,136,14,129,37,24,48,58,90,29,35,428,149,5,24,16,15,113,36,217,304,33,26,37,70,102,159,192,110,23,7,4,34,3,79,29,12,692,70,79,81,202,157,17,118,47,15,48,2,144,35
"COG3559",0,1,0,103,3,0,0,1,0,0,0,2,0,0,19,0,2,55,0,0,1,89,3,0,0,0,0,63,68,7,2,0,28,13,0,3,3,6,0,1,0,0,0,2,0,0,0,0,0,0,1,1,0,0,0,0,0,0,19,1
"COG3560",2,0,0,1,4,0,0,0,0,1,0,0,0,0,2,0,0,1,0,0,1,0,0,0,0,1,0,0,0,1,0,0,0,1,0,1,3,1,0,1,0,1,0,0,0,5,0,0,0,10,0,0,0,0,1,0,0,0,0,0
"COG3561",15,0,0,24,0,0,0,0,0,2,2,0,0,2,3,2,8,9,0,10,49,5,0,1,0,0,0,15,14,39,1,1,4,2,0,4,2,0,1,0,0,2,0,2,0,2,35,0,1,1,0,4,0,9,0,5,1,0,16,0
"COG3562",80,137,34,187,251,56,262,64,139,112,175,283,491,390,59,98,179,80,38,188,96,176,25,371,52,110,153,96,191,317,70,36,219,183,513,76,195,245,181,20,31,90,67,109,79,125,1115,155,32,144,169,201,22,274,84,26,310,46,93,23
"COG3563",37,159,23,168,175,52,264,53,121,108,34,278,489,371,53,3,208,89,27,141,103,120,12,70,28,90,139,87,207,260,53,17,198,155,551,38,188,246,132,3,25,36,6,93,46,33,358,160,32,149,36,206,21,206,129,30,282,1,47,37
"COG3564",15,136,185,22,259,160,132,170,423,103,24,263,227,259,201,165,24,79,26,168,10,221,224,442,312,217,89,22,182,18,262,8,113,85,416,157,152,400,283,113,972,254,862,660,547,931,172,521,613,584,1007,292,6,665,353,614,280,1036,102,174
"COG3565",491,1623,2006,277,1657,1897,1431,1437,1881,974,354,1575,1407,1418,1284,2097,347,1090,480,1459,1025,1252,1846,2337,1856,1337,1121,476,1046,623,957,205,513,379,1745,689,444,1299,1627,226,1864,1089,2226,1571,1207,1826,755,1390,1645,1306,1426,1096,191,1451,1046,1650,1473,2185,397,646
"COG3566",151,3,2,3,46,3,65,3,6,1,34,67,26,0,6,0,13,4,0,2,1,17,0,0,0,0,2,26,11,2,1,0,1,0,36,68,5,1,10,0,5,0,1,1,2,2,55,4,3,14,0,3,0,0,11,0,9,1,0,2
"COG3567",223,1,2,2,38,1,117,5,112,4,40,98,53,1,4,0,12,11,0,1,7,27,0,1,0,1,4,43,12,1,2,0,1,0,47,80,9,0,13,0,1,0,1,1,1,2,132,4,0,6,0,9,1,1,12,1,13,6,2,5
"COG3568",1574,645,726,1820,732,728,638,858,627,751,1426,560,448,519,320,1700,1617,1176,1800,441,1627,399,697,645,738,398,258,1521,470,1821,1222,2005,1681,1360,620,1585,1758,627,452,1696,462,1034,673,285,916,517,969,496,597,248,274,417,1990,521,506,757,409,509,1304,947
"COG3569",3016,1370,1216,3633,794,910,645,1183,192,333,1381,377,341,365,1470,114,3854,1142,1391,285,2512,294,458,192,207,274,170,3762,408,2503,2096,595,3559,3448,127,576,3623,634,614,622,2365,1330,588,347,1414,540,555,473,1171,235,86,312,487,373,333,1080,377,358,4646,2073
"COG3570",31,14,0,54,5,2,0,6,3,3,11,6,0,1,1,0,17,5,9,7,8,5,10,23,2,0,1,31,11,40,5,8,12,10,2,2,5,4,2,14,10,20,0,2,7,0,232,1,0,5,6,1,9,0,2,2,1,0,2,0
"COG3571",546,183,86,678,166,98,167,142,112,229,369,54,81,171,227,237,463,427,386,67,1382,104,67,20,29,28,52,430,169,870,266,278,470,497,222,402,550,230,100,362,14,401,33,46,332,35,880,59,222,32,19,113,345,145,79,183,74,174,497,295
"COG3572",3130,4090,5041,3254,4043,4783,4279,4179,5439,1957,2660,4681,4437,4075,4012,1748,4133,2578,3288,4371,178,4472,5094,6082,4080,4024,3905,3459,3590,2250,3532,4759,3342,3912,4275,646,3024,4076,5190,4368,5507,3420,4927,5435,3676,4456,2134,4708,3035,4603,5925,2655,4673,4308,1909,4329,4887,5399,1902,1895
"COG3573",37,20,22,369,79,15,15,6,84,140,32,10,6,41,61,4,113,82,99,0,129,152,3,1,5,10,6,137,149,160,47,36,107,41,37,101,232,33,6,89,2,12,65,11,11,26,143,37,17,15,30,60,30,6,32,8,2,9,31,38
"COG3575",295,3,0,67,9,1,6,5,31,73,258,2,7,13,21,1,48,90,43,9,1078,34,3,2,15,4,1,16,72,312,32,16,14,51,17,197,110,17,6,18,5,18,4,20,29,8,502,10,109,4,5,17,17,16,19,13,7,3,152,53
"COG3576",1709,835,496,3214,948,495,773,939,565,576,450,545,624,778,935,708,2924,1318,870,562,1026,624,461,520,517,589,597,2634,696,2052,1348,582,2683,3128,855,831,2288,679,741,607,1083,1647,429,870,1534,604,1837,748,648,722,664,644,524,763,372,885,592,1221,2928,1815
"COG3577",553,179,169,478,122,215,192,351,120,175,375,125,93,126,128,364,332,371,328,269,1233,113,234,53,112,76,65,359,244,870,334,104,352,249,158,546,512,110,78,175,50,393,31,94,341,73,449,145,426,144,57,220,112,195,92,288,91,19,280,405
"COG3579",669,1859,1658,1168,929,1744,1675,1533,864,1481,874,727,770,1312,1105,575,1443,1732,1856,1126,209,572,2019,457,951,1002,719,1534,631,824,1408,1477,1616,1084,394,225,1175,1654,981,1776,1401,2092,2524,790,1569,1454,6,1016,1745,548,608,669,1501,1014,1105,1395,866,1246,682,1171
"COG3580",804,2,4,128,3,1,18,16,0,2,901,0,1,3,4,0,212,7,1105,2,16,0,8,0,1,1,0,188,7,106,434,1840,153,154,2,20,173,3,0,2582,0,0,0,1,16,0,1,1,0,6,1,8,2613,2,0,1,0,0,40,58
"COG3581",631,1,2,77,4,4,24,13,0,7,573,3,0,1,2,1,108,14,913,2,9,4,5,1,1,0,1,82,6,44,323,1440,79,82,2,18,76,3,0,2205,0,0,0,0,8,0,1,3,0,5,1,6,2188,2,0,1,0,0,17,37
"COG3582",80,1,2,0,3,0,0,1,2,3,514,1,0,1,10,0,1,5,1,0,0,0,3,0,0,0,0,0,0,0,0,33,0,0,0,0,0,1,0,1,5,26,1,0,10,1,0,0,1,0,0,0,112,1,2,0,0,3,0,11
"COG3583",7,3,1,14,5,1,3,14,0,0,1,2,0,0,3,0,16,40,28,1,2,1,0,0,0,0,0,11,3,4,10,23,23,19,1,0,15,5,1,100,0,32,4,0,28,1,1,0,0,1,1,0,18,0,3,61,1,0,1,25
"COG3584",89,3,10,6,1,1,7,8,2,5,46,6,2,1,3,2,8,19,8,9,4,2,2,4,7,10,8,9,3,4,54,79,36,29,58,270,116,26,17,99,24,43,5,5,12,6,400,16,12,17,1,22,106,32,13,18,9,3,22,27
"COG3585",2,1,0,18,0,0,1,1,0,8,7,2,0,0,0,0,1,0,0,0,9,6,1,0,0,1,0,11,7,10,0,2,0,1,0,102,25,0,0,9,0,0,2,3,0,3,0,4,2,1,2,0,1,12,3,1,0,0,1,2
"COG3586",215,45,60,196,155,75,55,50,109,546,330,51,75,155,55,196,134,130,252,48,90,146,94,78,161,105,81,133,242,162,157,298,88,78,80,266,141,84,82,163,123,72,186,88,173,136,125,88,59,53,131,86,316,90,80,65,55,214,139,149
"COG3587",57,14,8,206,17,10,26,18,13,53,161,10,20,16,31,21,51,156,82,14,136,79,66,6,40,23,2,50,197,302,164,63,144,165,65,426,292,48,29,148,48,41,40,36,42,39,2588,70,53,95,100,171,156,178,64,38,20,36,435,273
"COG3588",3870,5556,5848,3588,4665,5658,5850,5158,5853,5852,2926,5649,6137,6046,6625,3858,4335,5108,4176,5273,2536,6878,6345,5047,5542,7410,7118,4228,7067,3059,4832,4854,4466,4415,3548,6205,3648,5842,5114,3902,5569,4607,6840,7901,4762,6696,627,7391,6837,6223,6382,5561,4304,9520,7121,5269,5259,5737,2448,4866
"COG3590",3954,1299,1074,1180,589,1077,948,925,665,1263,2702,331,414,602,610,2897,1100,1553,576,525,6576,670,960,181,515,533,246,768,920,3267,778,283,1091,649,461,1551,2241,781,436,321,855,587,551,251,602,440,1942,572,1595,391,193,716,251,605,417,797,413,595,1468,581
"COG3591",4,1,2,4,52,1,8,6,6,60,11,4,15,29,6,147,4,15,80,14,13,16,12,18,4,6,7,3,24,30,9,16,4,7,7,32,7,18,5,54,0,17,10,1,61,21,228,4,2,8,17,12,27,11,17,17,3,17,110,7
"COG3592",61,0,1,16,0,0,2,1,0,0,19,0,0,0,0,0,14,0,31,0,2,2,0,0,0,0,0,5,0,12,18,63,17,25,0,0,18,0,0,35,0,0,0,0,0,0,2,0,0,0,0,0,77,0,0,0,0,0,3,24
"COG3593",2736,1153,367,4209,126,383,279,907,159,287,1112,31,49,68,1719,20,4223,626,929,28,1800,163,157,9,104,35,14,4296,353,3024,2007,319,3581,4114,106,540,4068,129,132,218,286,842,20,46,1745,41,1670,61,1220,64,73,273,127,211,61,594,93,34,6031,2127
"COG3594",32,193,153,146,437,108,121,77,98,109,69,104,91,135,33,146,68,79,54,85,412,112,54,63,68,72,34,43,104,182,35,20,48,23,114,218,58,35,290,21,153,62,46,55,61,90,21,86,34,78,77,97,28,52,136,60,121,165,94,114
"COG3595",863,7,8,76,14,8,7,34,4,3,577,13,3,13,11,0,102,14,128,12,16,1,46,1,7,5,2,152,12,123,87,533,110,54,1,37,298,3,3,149,3,4,70,3,16,28,15,5,28,4,6,9,682,7,17,10,6,18,273,17
"COG3596",13,21,1,35,11,3,16,7,5,8,4,40,4,10,2,0,14,11,6,18,40,44,4,29,0,11,16,1,32,14,3,1,6,8,12,39,3,10,0,0,3,19,2,26,23,8,0,23,1,9,8,15,1,29,16,10,4,1,2,2
"COG3597",22,24,24,13,52,32,33,27,53,44,32,52,34,72,25,49,20,27,22,42,1,81,44,54,68,45,38,14,66,9,29,42,11,14,29,35,16,53,20,65,29,40,60,47,53,70,6,44,18,26,74,18,45,57,74,23,17,59,9,24
"COG3598",1127,46,25,62,408,20,26,93,73,166,1568,149,26,143,72,36,58,100,150,207,71,224,41,2639,53,47,52,80,106,59,84,310,65,56,88,4882,40,47,133,185,388,109,256,58,143,242,447,47,15,37,41,52,328,1221,302,54,54,109,27,98
"COG3599",12,51,23,34,219,15,118,27,44,96,10,37,197,280,33,5,22,18,44,35,7,21,74,16,47,18,14,18,12,37,94,92,110,104,658,28,37,352,433,143,6,175,228,35,260,164,13,100,109,117,52,183,122,47,152,79,625,576,582,56
"COG3600",26,0,0,21,19,0,3,8,8,30,29,3,23,8,5,0,28,18,40,0,336,10,9,0,22,4,0,6,11,158,12,6,12,20,5,120,25,32,0,12,1,1,4,4,12,3,300,1,17,0,6,5,1,9,6,0,1,1,175,9
"COG3602",326,133,152,157,71,174,123,121,155,74,189,120,67,89,55,44,43,147,77,130,937,108,131,168,113,113,33,104,118,400,70,29,78,51,111,185,113,61,60,18,72,81,93,47,104,87,79,78,160,61,90,75,23,63,62,121,54,76,137,62
"COG3603",337,27,6,251,5,8,13,60,40,35,227,14,1,3,26,45,262,78,195,2,453,9,14,6,10,6,1,201,36,432,171,117,174,166,0,71,270,2,4,141,4,50,3,2,18,13,5,2,133,3,8,15,100,11,5,57,3,1,552,115
"COG3604",1913,249,275,1344,746,274,255,393,533,1074,1829,102,225,620,546,81,798,963,1243,227,2615,286,687,270,536,328,118,872,598,3217,672,1590,742,651,302,1890,1278,608,125,1205,103,564,1221,159,672,610,938,168,941,125,202,279,1751,478,722,243,104,1115,6274,1050
"COG3605",2577,810,562,2684,1048,553,933,840,1106,1182,1771,1096,738,893,458,2011,1955,1566,1430,735,6321,881,235,692,1077,584,474,2059,1213,3877,1416,927,1724,1676,1098,2233,2346,738,985,1030,312,1222,242,595,1005,561,4360,759,740,766,334,1343,844,953,576,894,1013,242,2216,895
"COG3607",1,2,0,42,4,1,4,4,3,19,27,4,0,2,15,0,24,34,4,0,12,24,9,0,3,2,0,32,33,49,4,5,37,6,0,75,30,6,0,0,6,4,2,12,9,2,10,0,4,4,5,12,1,3,7,0,0,0,52,38
"COG3608",2733,1588,1286,3065,1242,1272,1577,1569,550,1991,1799,648,773,854,617,740,2914,1920,3001,587,5938,734,983,383,552,587,654,2916,917,4041,2633,2011,2798,2453,497,1250,3309,1183,1545,2188,291,2492,824,604,1546,822,2817,854,1587,472,311,823,1616,828,725,1268,1211,347,3807,2937
"COG3609",394,105,87,144,142,79,103,102,29,106,231,7,43,56,50,4,114,161,48,58,528,52,93,9,14,43,40,144,101,262,83,57,119,74,18,130,130,70,78,36,18,152,70,47,70,66,238,51,154,15,19,61,49,48,71,75,72,44,166,67
"COG3610",1369,0,1,144,10,4,21,4,110,134,698,6,5,10,19,28,108,171,109,5,3301,53,38,4,75,15,1,53,103,1113,64,55,24,50,3,494,365,15,3,48,10,6,4,4,28,25,346,24,281,10,15,53,46,37,56,16,10,0,686,41
"COG3612",0,4,0,0,0,0,0,0,0,0,0,0,1,0,0,0,0,0,0,0,0,0,0,0,0,0,0,0,0,0,4,0,0,0,0,0,0,0,2,1,0,0,0,1,0,0,0,0,0,0,0,0,0,4,0,0,7,0,0,0
"COG3613",96,230,349,150,398,308,339,340,229,129,190,216,360,316,501,73,52,197,42,239,108,132,385,255,265,241,349,43,158,146,149,21,102,67,343,266,237,447,411,20,1800,255,277,401,302,281,31,379,510,256,184,109,37,219,74,524,320,748,216,205
"COG3614",399,1,1,1299,196,5,85,44,241,695,788,32,8,177,141,2,267,456,452,13,1787,209,116,7,62,46,12,611,613,2533,190,206,349,523,13,2922,1133,61,26,203,16,81,81,98,77,119,2246,26,434,50,48,140,219,327,136,13,7,10,2858,123
"COG3615",0,0,0,0,0,0,0,0,5,1,3,0,0,0,0,15,0,1,0,0,22,6,0,0,0,0,0,0,2,1,0,0,3,0,0,0,1,1,0,1,0,0,0,1,1,0,0,0,0,0,0,2,0,0,1,0,0,0,0,0
"COG3616",884,1328,1201,2814,1690,1141,1422,1713,1481,1183,761,1313,1231,1420,1578,607,2400,2916,1539,1236,2034,1256,1005,877,1668,1063,798,1938,1148,1854,1430,1192,2479,2737,1408,944,1847,1210,1598,1484,542,3792,1009,1008,2589,1139,2224,1203,699,1264,1245,1638,1465,1144,1030,1591,1331,1545,886,3077
"COG3617",26,1,0,41,18,1,4,7,6,21,216,10,1,9,18,0,16,6,10,4,25,18,7,1,1,3,3,4,26,167,5,1,8,9,17,169,9,52,1,7,15,4,1,10,6,4,277,10,20,14,5,19,6,61,15,2,1,1,64,2
"COG3618",1475,2973,2404,5348,2591,2401,2827,3034,3092,2093,810,3043,2217,2610,2735,1865,5031,5274,2931,2578,2821,2713,1607,2396,2605,2637,1981,3844,2365,3660,898,635,1626,1762,952,196,1224,603,910,960,329,2291,568,831,1490,672,748,722,440,739,1161,899,645,811,578,799,889,523,503,1711
"COG3619",14,0,0,51,5,1,9,8,11,2,7,8,0,5,11,1,41,27,3,2,11,26,4,1,3,0,3,15,23,28,11,7,62,45,1,8,55,3,2,1,0,3,0,6,3,2,41,0,1,4,13,10,8,6,1,2,1,0,22,21
"COG3620",813,311,112,875,128,127,82,292,33,435,381,121,35,133,402,279,1007,98,219,37,25,63,72,0,226,33,14,974,105,340,502,174,927,935,66,43,792,54,57,106,76,199,116,39,461,150,25,23,308,47,40,94,181,45,191,173,60,36,1111,531
"COG3621",147,1068,1046,400,1121,1126,702,644,1192,357,368,1155,677,915,287,941,311,263,544,827,143,709,775,790,989,981,581,528,518,517,780,360,529,337,544,136,407,394,840,229,694,307,866,547,528,827,173,401,762,558,1095,547,320,642,443,703,721,671,348,201
"COG3622",1505,871,911,1471,1215,950,1001,1229,1212,943,1378,1260,843,1009,1129,449,1478,1680,1423,965,2285,735,967,934,1558,734,430,1466,746,1715,1277,982,1501,1270,1272,803,1727,726,867,1246,395,1497,981,580,1477,1037,1415,803,916,726,753,844,1058,777,764,1025,835,1241,911,1247
"COG3623",247,297,370,549,236,388,214,260,170,197,399,178,174,207,165,273,612,297,962,159,57,113,184,103,265,142,118,886,98,353,747,507,725,699,218,89,679,185,151,515,270,289,222,101,405,208,98,179,94,141,212,110,433,154,175,251,122,298,257,382
"COG3624",2,36,18,28,15,13,20,23,13,29,14,13,12,24,7,0,11,30,3,433,13,44,2,955,8,22,25,7,31,37,4,1,16,16,563,65,22,165,15,2,1,31,5,33,21,15,467,17,5,12,18,18,5,17,17,185,16,1,23,20
"COG3625",4,45,8,29,16,16,15,37,15,38,30,25,12,20,7,0,11,42,2,545,25,50,5,1192,9,28,20,10,41,53,3,1,22,34,783,70,26,235,15,1,0,51,6,31,25,17,643,9,3,22,21,26,7,33,19,270,12,2,27,12
"COG3626",6,30,8,16,10,2,15,11,12,19,16,11,8,17,7,7,8,27,3,405,14,33,2,957,7,22,16,6,34,35,12,7,29,56,1221,149,34,501,28,5,4,112,13,85,37,25,1183,47,6,38,42,49,4,55,42,580,23,1,46,40
"COG3627",6,66,22,51,28,25,33,43,22,50,57,33,25,48,22,1,26,52,9,880,18,82,7,2196,20,37,42,21,63,89,10,5,44,68,1275,134,50,388,12,3,6,79,9,60,41,31,812,24,9,37,56,54,7,41,36,493,19,1,51,33
"COG3628",1912,76,104,78,398,75,193,180,150,220,5124,327,557,149,342,22,48,174,82,438,102,686,169,165,172,349,1687,51,331,99,284,78,44,100,308,4977,103,99,1261,199,281,160,238,721,188,267,1936,885,143,456,18,167,121,1646,168,192,779,153,76,187
"COG3629",147,0,2,31,23,6,13,7,1,3,120,8,2,8,17,10,4,35,313,6,8,18,9,0,0,0,1,44,25,28,104,372,6,15,13,3,2,67,3,392,1,3,3,5,8,5,1237,4,2,7,9,12,362,9,6,4,3,4,4,7
"COG3631",29,79,96,65,39,72,73,80,51,22,16,66,43,47,60,67,54,81,32,50,21,63,88,76,50,23,28,85,62,60,157,100,260,187,256,25,174,205,116,112,133,332,87,71,171,100,252,130,241,140,258,113,127,84,61,170,135,86,104,212
"COG3633",932,37,65,123,27,66,38,67,88,110,440,6,5,36,23,3,139,175,84,8,1269,30,75,2,76,25,6,90,118,582,83,36,26,67,14,458,183,4,30,30,20,13,47,15,47,50,121,26,312,38,8,47,22,18,18,46,41,37,264,45
"COG3634",2013,367,339,1138,577,325,267,427,436,680,1348,415,165,669,217,78,701,732,281,210,3484,332,765,88,487,648,146,719,542,2249,168,59,157,346,39,469,366,92,31,42,178,80,443,62,224,215,84,71,257,58,94,91,95,138,153,78,19,376,949,136
"COG3635",2798,1259,387,3908,262,449,403,1111,18,95,2174,33,115,180,1738,14,4156,1174,1909,323,183,27,136,67,18,119,98,4187,18,1907,2285,1801,3885,3968,153,22,3544,217,166,1891,164,1396,58,58,1809,82,4,173,1058,53,6,53,1671,58,147,774,179,30,3951,2998
"COG3636",14,1,0,56,3,0,2,2,1,6,36,2,2,1,8,2,19,13,10,1,10,10,6,12,3,2,4,14,16,59,3,6,9,52,4,96,25,3,4,0,14,12,12,5,5,2,32,3,5,12,6,21,3,15,2,0,1,2,92,6
"COG3637",114,111,16,320,73,26,67,47,53,50,80,192,6,58,57,40,170,118,34,15,63,96,9,2,6,15,22,151,115,265,55,136,211,165,30,51,207,40,12,47,201,166,4,51,122,26,899,15,33,19,48,56,105,39,30,21,6,5,66,123
"COG3638",298,1170,1143,1644,1334,1052,1377,1355,1246,2559,439,1311,2118,1668,1107,615,1313,1785,1479,3604,405,1781,978,4168,1315,2093,3132,1277,2756,1354,1350,1221,1253,1351,3217,841,1171,3033,1893,1433,1439,1420,1081,2321,1049,1493,3546,2084,1179,2266,983,3106,1174,2366,2914,2031,2071,1369,1484,1246
"COG3639",431,794,697,1374,811,747,769,1014,693,1266,264,748,639,759,636,277,1290,845,875,2394,243,450,682,3019,698,942,761,1287,525,1035,3096,2353,3574,3685,4785,1379,3542,4422,2840,2590,2172,3094,2210,1947,2211,2681,5281,2175,2493,2135,1519,2653,2180,1799,4034,4209,2274,2556,4423,2526
"COG3640",165,11,1,16,7,2,14,15,0,2,126,11,7,2,5,7,11,22,135,7,0,50,1,5,0,5,22,27,24,19,53,677,19,11,17,0,7,5,14,421,1,22,3,13,3,3,0,15,2,18,3,21,931,5,11,5,17,3,5,1
"COG3641",6,0,0,0,0,0,0,3,0,0,2,0,0,0,0,1,0,1,0,0,0,1,0,0,0,0,0,3,1,3,1,0,2,2,13,0,0,0,0,0,0,0,0,0,0,1,0,0,0,16,0,0,0,0,1,0,0,0,0,0
"COG3642",1667,956,527,1331,510,613,552,753,10,401,1883,82,213,260,648,25,1493,500,433,197,104,127,337,83,108,197,160,1568,108,584,349,79,466,505,13,21,506,134,156,77,24,320,133,54,256,111,0,80,198,26,8,27,120,68,83,199,77,47,527,271
"COG3643",247,1644,1386,762,1989,1365,1360,1372,423,1519,234,422,842,1015,875,1013,1078,1195,1478,855,162,605,1254,211,807,688,601,1365,625,595,1209,552,1138,651,625,177,894,1450,993,1210,193,1432,1698,464,1125,1458,0,718,1441,381,276,630,580,661,1231,1228,670,1735,737,933
"COG3644",10,1,0,33,5,5,10,10,38,26,12,38,9,10,6,2,15,17,31,25,643,36,2,19,35,10,2,14,30,145,14,14,14,5,4,20,19,0,3,17,0,2,17,7,9,38,2,13,3,27,11,43,17,14,41,13,2,1,13,9
"COG3645",37,0,0,31,1,0,2,0,2,2,99,0,0,0,0,0,17,2,0,0,6,0,1,0,0,0,1,4,8,55,6,2,7,6,0,9,11,0,2,1,0,5,0,0,1,0,3,1,0,0,1,5,3,2,4,1,0,0,10,1
"COG3646",71,0,0,49,2,0,5,2,6,25,136,0,3,5,5,11,8,29,13,0,218,0,0,0,4,2,1,12,25,165,23,0,6,13,0,38,25,0,3,2,5,1,0,5,4,3,0,10,18,1,2,15,5,2,5,0,0,0,29,3
"COG3647",152,8,7,142,34,7,29,22,57,78,224,32,9,34,20,0,35,43,27,10,48,36,7,6,64,26,10,60,61,169,29,43,5,32,53,28,47,8,11,18,8,19,1,18,19,45,551,24,5,29,25,94,65,27,87,22,14,3,170,64
"COG3648",1,90,11,76,30,17,32,31,7,1,0,5,16,17,7,18,1,52,4,2,2,68,2,1,2,4,17,34,47,4,4,3,5,0,4,0,1,0,2,3,0,4,0,0,1,3,0,0,0,5,0,0,7,4,2,2,0,0,0,2
"COG3649",24,0,0,32,4,1,9,4,8,38,36,0,2,1,6,0,25,31,9,0,752,6,10,0,20,0,0,7,3,25,17,7,20,15,4,28,63,4,0,4,2,2,3,7,4,12,382,4,4,8,1,14,2,8,44,1,0,3,34,5
"COG3650",27,2,10,117,43,15,47,45,32,77,54,2,26,36,19,1,16,89,87,10,163,15,8,5,10,6,3,35,82,192,27,5,16,14,15,247,86,20,13,31,1,54,4,22,86,9,6,24,26,4,1,13,4,69,8,17,5,1,65,22
"COG3651",641,1914,1982,996,2014,2021,2059,1984,2453,2068,341,2474,2168,2135,2017,1906,1167,1648,498,2552,562,2507,2157,2769,2201,2191,2329,1066,2354,843,1181,265,1202,1195,2132,564,983,2140,2084,317,1947,1410,2144,2233,1574,2261,207,2195,2229,2433,2627,2483,231,2390,2142,2040,2157,2234,612,1315
"COG3652",8,1,0,26,4,2,5,1,0,4,8,2,1,3,1,0,15,14,4,6,4,11,2,0,0,2,0,54,20,35,1,0,4,1,2,1,13,0,0,2,0,3,0,3,10,0,1,0,1,0,0,1,0,0,1,0,2,1,4,1
"COG3653",6279,7361,5647,11515,4624,5982,6811,7294,3281,2403,5856,3664,3973,4393,9043,5410,12336,10474,7793,5364,1591,3676,4692,3066,2976,3179,2757,11037,2968,7064,6748,8152,13065,11956,4701,1861,9532,5337,4362,8035,2008,14105,3595,2736,10951,3056,5432,3678,6595,2917,3066,3411,9786,3102,1666,6844,3879,6419,4167,12454
"COG3654",248,13,5,55,26,6,14,16,21,21,135,34,3,11,7,19,63,44,54,21,477,21,5,40,20,9,1,30,40,274,19,87,43,37,45,130,80,50,2,38,14,11,35,2,14,15,469,2,18,7,14,16,79,4,16,28,1,6,33,21
"COG3655",195,67,63,125,13,57,45,85,27,36,228,20,23,23,36,266,188,76,149,17,209,34,26,9,33,14,36,171,40,128,93,179,222,99,27,22,224,30,51,91,41,47,34,25,28,19,187,35,44,9,19,15,172,26,26,82,54,19,118,40
"COG3656",2189,1,2,236,82,6,32,12,129,204,881,55,12,34,44,9,177,368,131,9,3449,69,4,7,92,43,4,109,280,1174,122,94,26,71,4,531,369,4,5,39,9,12,6,20,87,23,567,45,110,8,23,110,56,61,37,32,15,1,299,58
"COG3657",18,1,0,70,14,1,4,2,3,15,77,2,0,4,6,2,33,23,6,0,17,19,17,6,6,4,0,15,37,135,5,14,15,30,5,124,24,13,2,1,2,15,9,5,6,8,47,5,43,7,12,32,21,8,10,0,1,7,550,16
"COG3658",961,66,35,322,156,48,99,91,198,269,722,157,110,94,53,16,151,337,181,136,2017,254,27,303,132,117,101,178,379,1031,120,82,88,114,231,602,402,74,142,115,65,136,44,177,99,85,591,151,219,213,158,329,96,247,90,95,157,33,445,93
"COG3659",2012,76,45,238,100,59,87,87,70,273,1394,113,99,87,41,1,332,279,461,34,2830,62,12,262,68,29,15,164,145,924,252,920,145,138,373,312,716,220,24,677,30,115,14,29,137,45,13,91,52,56,15,163,1158,47,92,49,68,3,409,84
"COG3660",907,3129,4153,1629,3054,4020,3255,3041,4144,1426,839,3709,3325,3104,4058,2740,1845,1897,1760,3399,144,3608,4788,6973,3627,3043,2989,1417,2686,1023,2388,2383,1446,2238,3750,485,1531,3638,3673,2103,4589,2451,4161,4266,2885,3831,1414,3665,3361,3838,4595,1873,1886,3363,1591,3030,3620,4292,871,2548
"COG3661",71,7,1,207,20,8,56,28,43,101,103,4,8,11,31,89,185,127,42,8,2417,63,11,3,57,14,2,72,96,781,65,3,167,43,2,119,203,2,1,17,5,27,9,10,43,47,1049,6,84,9,22,27,11,67,82,12,4,6,243,54
"COG3662",38,202,345,379,658,367,650,603,264,305,37,242,582,544,680,3,305,307,137,404,99,207,556,511,274,328,729,420,226,284,309,161,333,331,589,383,477,709,645,91,1596,418,497,774,504,457,33,641,824,376,222,140,156,345,106,660,514,1333,231,375
"COG3663",74,72,55,510,102,59,96,104,31,35,44,25,26,42,63,168,371,140,228,37,15,80,59,7,14,34,30,425,72,323,159,246,492,413,45,104,228,81,70,190,34,124,78,35,118,52,178,56,52,57,8,37,226,45,37,64,53,106,182,146
"COG3664",108,106,257,186,679,268,338,292,155,1026,137,220,185,279,400,86,216,258,1206,139,28,207,311,287,242,113,185,216,170,116,515,614,345,238,125,79,154,285,188,1047,285,198,208,207,217,282,21,252,384,289,287,134,698,188,344,217,258,160,77,266
"COG3665",2062,5622,6257,4582,4084,6471,6277,5183,4596,1666,1614,4605,5194,4388,6175,7172,5059,2792,5596,4391,799,4692,6858,6542,4460,3654,4848,4812,3675,3704,5985,5821,5168,5956,5896,1588,4399,5266,6924,5461,6296,4056,4857,6110,4390,4737,900,5782,5871,5511,5046,2775,4912,4789,1448,4536,6743,5896,2513,4636
"COG3666",4385,54,19,3307,300,50,364,163,826,1051,4425,87,21,322,263,56,1833,1632,2971,46,4105,349,88,70,185,46,45,1234,1769,4255,1718,5947,2048,1258,275,3148,2776,308,54,4063,95,246,102,137,137,149,3199,131,980,110,113,488,7202,420,333,98,65,28,2887,377
"COG3667",1087,9,6,1144,127,25,140,91,252,359,1019,28,18,97,217,344,411,590,300,29,2332,226,51,33,96,68,14,449,550,1964,217,148,412,581,95,1400,1033,127,15,86,30,61,37,110,116,65,3895,51,376,109,101,324,167,271,116,71,16,10,1356,279
"COG3668",841,12,4,301,50,3,54,27,75,178,548,13,10,41,56,4,175,218,89,16,2289,104,29,24,46,27,17,205,151,877,65,98,132,100,31,458,258,43,32,50,28,70,51,48,46,52,572,62,118,12,31,135,94,53,76,58,25,6,387,66
"COG3669",693,518,808,906,665,823,743,1041,1538,466,878,1626,558,602,509,377,1669,622,1380,1077,85,463,1209,1990,1809,618,394,2189,528,862,1560,766,1581,833,762,178,2248,587,484,1309,662,637,1921,539,603,939,544,701,865,527,1043,895,935,647,678,953,521,1012,1151,434
"COG3670",466,3608,2972,1834,2974,3176,3175,2616,1854,4555,251,2306,4169,3436,1553,1308,2015,2854,1143,3576,513,3720,1738,1428,2011,5229,4587,2850,4499,1703,1896,359,2685,1935,2404,255,2072,2681,3444,664,833,2526,1782,3243,1981,2554,782,3707,2374,3757,1981,5620,342,3375,5570,2923,3566,2317,1142,1721
"COG3671",30,16,0,73,13,1,3,5,11,35,58,2,7,6,14,232,29,25,7,2,34,7,5,1,6,2,0,46,26,57,13,4,14,29,8,92,31,12,3,4,4,14,2,27,17,3,415,5,6,9,10,19,12,6,10,1,5,0,42,17
"COG3672",571,11,5,252,68,9,50,35,104,119,433,15,9,34,30,5,109,168,60,18,767,66,12,10,27,29,6,149,128,482,64,166,68,85,33,292,163,52,11,75,4,49,16,18,94,32,121,27,163,15,29,47,191,103,36,40,9,6,335,63
"COG3673",104,32,16,232,24,10,18,27,49,22,140,141,8,35,45,46,75,63,105,40,45,38,13,39,35,16,7,86,42,251,89,183,153,300,27,232,389,22,2,179,21,35,1,6,23,10,221,8,13,12,25,47,243,33,18,25,3,1,218,38
"COG3675",1160,260,801,164,508,515,193,330,558,173,3026,1003,442,286,522,269,87,213,113,482,1589,569,310,732,354,383,765,134,306,549,584,122,72,172,204,6243,101,80,229,153,2189,461,354,665,277,436,3169,574,307,419,152,137,142,1114,288,641,256,235,216,199
"COG3676",2158,31,12,556,43,23,43,30,21,17,2459,13,140,8,32,34,170,50,1575,27,23,25,3,34,12,4,0,315,35,233,415,4179,379,436,41,7,171,20,4,2326,7,64,8,6,25,9,278,21,6,111,21,25,3516,11,21,26,1,1,77,45
"COG3677",671,16,6,418,10,7,39,26,14,40,515,15,14,4,16,57,198,49,622,7,405,49,8,30,6,5,13,182,46,243,548,1412,268,272,39,22,285,21,19,1275,14,19,1,7,22,16,53,16,23,17,13,20,1613,16,14,11,16,0,168,33
"COG3678",883,0,0,60,1,5,12,3,28,55,425,4,1,7,14,1,75,176,61,2,1099,19,9,2,28,12,2,39,87,463,42,41,17,46,0,227,141,4,2,21,5,26,4,6,12,8,2,11,175,5,1,34,24,16,6,9,7,0,190,14
"COG3679",0,0,0,0,0,0,0,1,0,0,0,0,0,0,8,0,1,1,0,0,0,0,0,0,0,0,0,0,0,0,1,0,2,1,0,0,0,0,0,0,0,8,0,0,9,0,0,0,1,1,0,0,0,0,0,0,0,0,0,8
"COG3680",26,88,109,93,138,100,71,111,131,152,35,70,68,164,123,177,46,113,117,61,103,85,111,52,214,131,83,68,94,61,129,174,38,36,83,62,74,118,77,96,387,117,202,79,123,206,38,65,113,95,121,117,191,112,179,82,74,141,17,72
"COG3681",5,0,0,0,1,0,1,0,6,1,2,0,0,0,0,0,1,0,0,1,25,2,0,0,0,0,0,2,6,1,1,1,0,0,0,4,0,0,0,0,0,0,0,2,0,0,0,0,0,0,0,0,0,0,0,1,0,0,0,0
"COG3682",421,2,0,175,17,6,37,27,68,50,349,31,3,7,91,2,110,155,56,10,1066,110,21,6,27,27,0,95,113,560,61,40,148,91,10,149,353,27,3,39,7,45,27,11,21,25,241,20,127,41,27,47,44,35,32,8,6,3,569,64
"COG3683",14,6,5,49,29,2,18,6,14,24,19,21,5,26,7,13,26,21,36,33,35,19,0,2,6,3,10,35,14,37,68,70,11,16,32,19,23,17,25,40,8,72,2,19,50,17,248,6,9,17,16,13,59,68,5,12,27,5,27,35
"COG3684",16,164,192,52,45,183,89,104,51,40,13,74,46,43,11,185,44,46,222,52,0,62,46,23,36,45,48,97,59,33,263,274,375,188,253,2,227,223,176,741,261,202,65,170,112,107,6,251,75,235,157,236,284,176,100,514,205,75,67,82
"COG3685",14,1,1,79,9,3,13,7,7,5,24,4,3,3,21,2,71,44,7,2,21,29,1,3,3,2,2,44,21,99,29,6,66,23,23,46,112,16,2,5,0,12,19,6,7,6,490,1,8,4,8,13,2,5,6,6,3,3,31,29
"COG3686",8,89,56,46,94,52,109,74,134,511,32,175,205,243,53,57,20,140,57,196,174,221,35,64,174,374,279,69,316,70,199,48,84,115,596,279,147,518,412,244,61,180,366,607,240,645,174,520,169,765,337,1188,80,628,2047,291,578,114,131,94
"COG3687",165,346,142,822,279,138,186,195,190,635,557,192,41,189,246,936,209,334,247,53,450,149,78,122,67,42,38,614,442,810,255,107,279,452,143,1026,624,274,78,204,387,174,38,60,284,115,413,115,226,66,49,272,129,162,152,174,84,32,718,184
"COG3688",18,31,25,37,39,30,33,54,20,58,7,84,34,39,0,0,30,34,94,23,5,41,0,48,50,21,1,36,11,25,37,139,41,26,35,6,40,10,11,196,2,47,0,8,62,32,1,31,2,31,61,22,171,18,54,19,5,3,1,31
"COG3689",4,59,14,75,171,19,189,14,48,112,4,40,314,317,15,0,45,31,1,6,5,124,1,6,7,26,17,38,60,9,32,0,19,7,529,5,23,99,203,3,3,29,0,6,29,4,2,31,7,59,3,86,0,11,37,11,277,0,1,17
"COG3692",10,0,0,8,7,0,0,0,11,2,22,0,0,0,1,1,1,5,0,0,1,2,0,0,1,0,0,9,2,3,2,5,0,0,1,0,5,3,0,2,0,0,0,0,0,7,40,0,0,1,8,3,1,2,8,1,0,0,0,1
"COG3693",178,535,861,364,1090,987,545,1139,1600,748,407,2433,659,474,274,557,317,612,335,1893,5016,1502,1102,2339,1572,498,213,270,1420,1015,482,65,341,222,939,416,382,824,399,377,227,275,675,616,349,800,1293,689,550,1648,2383,2466,99,947,813,945,477,845,310,286
"COG3694",111,187,186,101,336,222,345,230,629,2079,300,581,1037,889,177,0,112,1032,309,1179,37,785,205,105,572,1537,1506,91,1413,105,267,302,96,211,743,193,66,798,454,581,34,343,427,864,309,764,2,828,98,1129,467,1976,456,1022,3015,339,788,57,211,267
"COG3695",441,267,250,415,471,229,331,232,311,1201,352,385,392,657,180,821,367,293,376,280,1046,291,269,347,676,728,119,364,269,588,421,257,368,315,666,386,493,335,311,325,153,325,423,115,295,595,123,215,316,205,262,327,298,226,1500,290,373,387,344,241
"COG3696",20717,723,465,9082,1938,641,1509,1073,2963,8491,20138,968,408,1629,1790,868,5605,6555,6062,1473,49828,2193,1700,2607,1560,877,138,5219,5422,27127,3710,7386,4770,4292,1524,13875,12541,2094,339,6885,1373,1246,1175,813,1714,1274,20037,1083,5447,990,1292,3028,9133,2240,2129,1930,351,361,28624,2689
"COG3698",48,58,98,111,180,65,109,121,176,101,25,153,126,116,45,345,61,84,18,21,55,41,43,1,216,76,33,38,73,148,72,40,116,79,133,32,90,59,123,34,18,51,32,71,77,98,406,45,13,112,38,166,32,41,96,111,174,23,27,44
"COG3700",64,98,104,65,79,94,91,157,19,41,147,19,45,60,133,0,153,140,323,66,6,71,150,19,9,52,75,157,86,69,149,174,138,75,23,12,126,153,53,338,2,104,233,26,120,100,0,39,196,22,20,29,180,64,46,151,34,269,122,91
"COG3701",67,5,1,196,59,2,47,13,40,34,46,8,3,21,61,1,138,97,54,0,83,47,4,8,5,18,1,99,120,189,37,20,105,118,49,368,124,44,7,14,4,19,10,35,23,15,1059,7,9,16,32,58,24,19,15,14,2,0,80,50
"COG3702",9,0,0,40,5,1,8,14,3,3,15,2,0,1,10,0,25,25,8,1,14,14,0,0,2,1,1,12,17,69,6,6,51,38,2,6,38,5,1,0,17,6,2,6,4,2,64,0,2,2,4,14,11,3,1,3,0,0,16,7
"COG3703",68,357,226,699,396,217,345,391,375,392,48,345,354,349,84,373,619,395,364,314,97,398,130,250,337,297,259,597,348,473,427,252,574,632,523,168,523,233,465,353,110,670,108,316,531,232,1029,300,57,346,227,440,217,288,241,322,405,116,241,378
"COG3704",42,7,1,122,12,3,30,20,28,6,34,25,2,3,33,0,72,65,12,5,24,32,3,5,3,11,8,60,53,103,20,29,116,83,11,19,114,9,7,13,455,9,2,17,20,4,74,5,4,9,41,43,32,10,10,17,4,0,20,43
"COG3705",942,3781,4918,2281,3719,4772,4482,4131,5387,5104,1020,5024,5620,4755,3996,2857,2343,3441,2671,5306,251,5688,5024,3769,4542,5859,6116,2220,6112,1762,3269,3105,2146,3143,4582,1132,2137,4997,5011,2829,4650,2936,4411,6489,3512,4846,1863,5670,2518,6392,5916,5583,2415,5796,6198,4216,5587,4390,1390,2975
"COG3706",16942,1044,880,7954,2909,1027,1638,1723,3632,5942,13737,1976,1190,2238,1779,645,4240,6326,4929,2239,42413,3545,1676,3246,2378,2796,1794,4925,5160,20643,3472,4921,3616,3905,1661,14077,10136,2179,1550,4602,608,2348,2018,2473,2420,2274,16488,1545,4693,1600,4685,2603,5412,3457,2279,1762,1328,1287,13714,3395
"COG3707",944,233,205,652,149,197,116,159,194,263,729,47,46,70,140,572,432,456,699,76,2525,219,54,51,79,28,26,687,287,1326,493,566,499,438,70,393,572,115,70,494,150,138,16,95,153,57,1520,64,386,36,37,106,532,161,91,293,47,204,627,128
"COG3708",367,4,0,164,21,5,24,10,28,55,238,8,10,12,18,2,215,69,30,7,462,29,11,1,7,10,0,56,69,291,34,22,86,21,4,87,249,12,2,36,14,13,4,12,9,15,136,11,47,9,14,44,45,23,20,4,6,2,228,35
"COG3709",5,42,27,35,90,19,30,35,17,71,28,54,11,81,19,4,10,84,5,461,18,97,5,785,6,17,44,17,57,55,4,3,33,29,613,74,33,166,29,2,7,154,6,54,152,21,700,27,7,29,12,47,5,25,22,241,11,14,58,80
"COG3710",864,16,1,426,85,32,93,39,200,350,1871,28,18,62,63,14,177,508,285,39,8148,208,37,5,202,41,3,241,338,2620,88,132,85,141,34,1626,1336,28,9,162,16,80,22,17,140,127,364,31,1032,26,57,66,238,148,208,55,14,4,1829,94
"COG3711",6,0,0,75,37,0,12,9,7,2,6,0,0,11,2,0,122,11,2,0,8,57,0,5,1,0,3,67,9,7,12,0,147,14,13,11,71,4,0,1,0,1,2,4,11,1,0,1,0,4,15,7,2,1,5,0,2,16,10,28
"COG3712",2776,233,301,1500,178,332,395,558,533,589,1738,495,115,190,360,960,1110,1351,1298,314,4568,404,443,153,408,207,119,901,1014,3419,781,633,907,445,176,2712,2013,330,222,775,477,280,1937,360,242,331,4900,368,1130,118,240,523,655,643,244,623,158,304,1924,363
"COG3713",917,121,33,321,42,41,87,67,204,149,634,55,56,49,149,210,201,288,109,140,1887,127,77,76,67,83,49,148,207,1158,87,90,204,146,124,535,485,103,81,70,25,129,27,61,106,46,967,85,263,98,25,137,86,96,40,54,65,4,1535,183
"COG3714",1060,3,6,182,60,7,21,17,31,63,669,14,3,15,29,24,151,156,101,8,856,29,6,84,22,6,5,226,85,304,124,350,234,152,40,396,225,114,18,51,27,14,35,13,20,15,325,30,24,8,7,45,420,5,25,13,5,8,141,34
"COG3716",0,0,0,13,11,0,0,1,0,4,0,4,0,1,0,0,7,1,1,0,5,0,0,0,0,0,0,8,0,9,1,0,8,5,0,0,7,1,0,0,0,0,0,0,0,1,0,0,0,0,0,1,0,0,13,0,0,0,7,7
"COG3717",139,1,0,31,9,3,8,13,32,20,98,22,5,1,19,40,56,39,5,16,369,11,7,51,24,4,0,19,22,157,75,22,133,18,30,226,318,14,9,30,25,14,51,7,17,14,76,20,140,3,37,32,27,36,8,30,9,6,191,23
"COG3718",105,822,924,776,857,927,773,878,1026,562,75,766,795,834,431,2700,899,412,834,508,64,634,838,549,1163,893,662,1093,687,441,930,330,901,702,1121,155,755,619,1016,668,478,589,741,922,738,810,216,823,522,636,803,747,295,736,504,1019,1005,585,477,400
"COG3719",42,8,15,97,14,14,21,16,28,6,16,29,8,15,50,23,74,65,9,12,48,25,3,11,22,6,17,29,39,129,30,19,102,47,11,17,89,35,2,8,32,19,6,31,13,6,153,11,5,15,16,43,21,16,11,16,12,0,16,39
"COG3720",14,15,100,164,148,91,57,56,36,159,48,56,21,187,56,62,54,242,68,3,99,74,132,16,29,74,4,92,135,282,8,2,19,13,18,215,44,43,1,8,1,16,33,20,108,41,346,10,17,6,14,10,7,56,35,2,0,32,43,74
"COG3721",1,0,0,0,0,0,0,0,2,0,0,0,0,1,0,0,0,0,0,0,11,0,0,0,0,0,0,0,0,0,1,0,0,1,1,0,0,0,0,0,0,1,0,0,11,0,0,0,0,0,0,0,0,1,0,0,0,0,0,6
"COG3723",1865,2,3,60,36,8,24,41,79,37,1594,90,50,22,31,0,20,40,22,26,1352,67,15,17,56,101,265,36,38,102,38,18,25,54,38,2168,91,40,8,8,51,109,34,17,35,46,67,92,9,42,3,26,32,151,90,12,10,8,141,70
"COG3724",1112,419,421,475,366,411,240,227,398,493,663,387,258,459,194,1002,289,353,120,244,2804,351,491,100,472,339,265,228,405,1506,332,67,139,213,238,790,534,125,254,37,218,145,481,328,303,476,1472,198,723,244,444,449,107,410,330,230,358,368,1970,195
"COG3725",490,11,56,309,11,31,36,66,123,130,451,26,51,16,61,0,46,174,133,36,1424,97,118,16,45,40,36,143,153,794,75,23,19,61,50,560,316,39,46,56,35,22,13,41,38,24,27,93,204,68,19,95,41,112,18,52,53,3,508,35
"COG3726",57,0,0,162,3,1,5,8,32,64,141,5,0,6,10,23,2,78,83,15,129,11,6,1,3,2,1,57,79,349,31,6,9,21,1,420,181,3,2,30,3,4,10,13,6,9,8,0,20,4,1,9,13,73,15,7,1,0,198,13
"COG3727",413,95,100,238,197,108,139,176,109,506,401,100,195,225,216,29,242,343,281,142,59,213,160,65,195,363,306,238,314,263,226,552,195,189,81,136,212,266,139,388,22,245,307,219,319,326,284,206,252,165,104,357,563,317,605,117,162,177,277,322
"COG3728",670,37,24,25,25,43,19,12,11,6,1153,17,9,15,27,2,31,30,13,41,17,56,8,45,12,24,17,17,32,119,13,29,18,63,34,725,17,26,31,24,89,30,46,33,14,47,1223,11,40,11,3,10,28,74,41,36,18,5,122,47
"COG3729",4,0,0,3,0,0,0,1,0,10,3,0,0,0,1,0,1,0,0,0,1,0,0,0,0,2,0,2,1,6,3,0,0,8,1,1,0,2,2,1,0,0,0,3,0,0,5,0,0,1,0,0,0,1,0,0,0,0,14,0
"COG3730",2,70,97,0,136,110,153,79,48,26,0,78,112,135,188,0,0,18,1,35,5,13,102,64,134,58,64,0,12,0,46,0,1,2,84,64,1,197,125,1,614,44,144,69,111,136,0,102,318,59,16,8,0,44,13,147,80,393,5,91
"COG3731",2,70,84,0,116,82,112,74,36,19,0,65,88,102,134,0,3,14,2,41,5,9,91,54,68,29,47,0,8,0,32,0,0,2,74,40,0,130,90,0,459,26,100,39,54,90,1,89,185,30,8,12,0,34,11,107,64,294,3,49
"COG3732",5,118,193,0,192,172,262,175,85,46,1,152,179,177,349,0,5,23,6,95,10,41,185,134,162,93,117,0,31,3,72,0,1,13,171,66,2,352,230,1,1212,63,202,160,142,183,2,195,545,105,20,19,1,104,17,328,189,565,4,142
"COG3733",69,801,487,771,358,570,573,687,942,145,39,670,422,606,845,172,813,895,242,709,47,611,578,678,556,819,592,663,354,381,517,27,916,875,393,96,627,408,636,45,28,1085,658,862,1119,644,10,485,561,421,1191,296,15,591,185,553,631,557,267,1137
"COG3734",25,383,341,233,428,350,326,303,463,381,54,498,368,381,66,1508,189,278,162,189,60,374,92,351,560,377,221,222,352,311,207,78,236,169,564,45,241,256,457,231,205,286,237,390,317,322,644,308,40,395,270,541,72,388,297,360,466,152,125,202
"COG3735",1260,164,121,451,188,114,166,177,296,294,847,243,74,282,160,305,328,501,263,136,2062,195,98,89,262,99,44,303,322,1317,232,246,405,313,118,527,724,94,36,358,366,94,84,66,172,164,825,109,426,119,201,232,314,151,166,129,84,42,1378,198
"COG3736",12,4,0,37,2,0,8,8,3,1,22,3,0,2,6,0,45,25,2,5,6,29,2,0,0,3,2,15,17,43,1,1,51,7,5,8,33,5,1,3,39,1,7,10,3,2,37,0,3,3,16,4,9,0,6,7,0,0,10,16
"COG3737",24,185,141,138,125,145,158,169,86,123,39,88,106,117,93,197,125,122,160,76,14,75,132,63,112,83,104,204,103,118,147,149,193,185,148,11,132,171,156,164,211,212,69,113,209,112,403,101,134,115,51,134,166,90,66,147,174,77,34,211
"COG3738",32,9,27,43,64,41,54,49,43,73,185,77,45,46,44,74,27,98,62,40,26,70,50,5,120,16,5,37,84,89,50,4,46,27,36,88,118,67,11,33,2,46,25,13,76,62,207,40,27,32,29,42,22,32,62,17,13,51,110,81
"COG3739",21,1,1,159,22,3,23,8,26,36,36,1,5,5,21,2,67,92,65,4,237,43,3,7,4,3,4,48,81,316,26,6,65,58,9,299,99,2,3,20,2,18,6,12,17,14,555,4,25,8,28,26,6,34,9,6,3,4,48,24
"COG3740",941,21,29,116,333,30,87,94,82,118,1384,179,121,145,148,22,74,188,27,75,489,462,58,320,209,228,485,59,225,159,72,59,80,42,540,18757,82,50,172,91,238,236,228,126,87,191,1869,151,96,104,39,67,137,755,187,68,133,180,36,147
"COG3741",352,583,557,1170,704,560,694,673,694,652,321,699,646,600,227,834,1014,658,773,363,80,747,382,465,800,650,432,1099,703,804,833,567,1298,1107,902,78,996,535,721,499,170,751,309,634,675,555,2873,567,270,904,577,1026,447,610,538,526,701,290,1318,458
"COG3742",4,1,0,15,2,0,2,0,1,1,0,1,1,0,1,0,34,0,12,0,0,14,0,0,0,3,2,5,3,6,1,0,8,0,3,0,0,2,0,1,0,0,1,0,0,1,0,0,0,1,0,1,3,0,0,0,0,0,0,4
"COG3743",41,368,401,356,1985,349,585,724,257,632,89,377,506,570,335,114,117,778,90,274,171,246,505,47,469,569,247,135,261,405,428,29,266,115,184,225,164,690,1061,33,47,475,1203,483,396,1157,3431,387,394,171,73,339,11,555,895,620,525,446,134,274
"COG3744",103,12,8,36,42,11,41,17,41,39,62,43,26,55,9,0,13,29,63,22,167,23,1,37,9,17,25,34,14,39,7,15,5,5,40,16,11,17,16,33,4,12,4,9,11,12,9,9,2,2,9,13,30,12,12,4,14,1,3,6
"COG3745",81,25,7,258,34,12,40,32,34,47,112,14,9,29,63,1,141,169,73,24,89,55,10,4,12,19,4,99,112,366,55,119,138,183,44,87,169,55,12,61,10,80,5,27,108,16,1026,20,28,30,32,95,163,29,38,30,1,1,164,98
"COG3746",474,474,368,659,368,319,401,531,359,496,527,274,307,341,417,1199,398,686,510,193,276,354,156,129,184,208,370,314,479,576,304,527,332,431,323,1072,787,283,419,531,166,470,126,354,642,168,369,321,383,509,504,484,520,256,214,319,338,146,469,895
"COG3747",295,2,4,39,10,1,2,2,8,11,243,12,0,9,19,2,15,95,1,0,34,44,1,1,8,1,7,13,27,27,2,0,14,9,12,2271,8,3,1,2,4,45,5,2,9,4,64,0,2,8,0,3,6,76,17,0,1,2,6,49
"COG3748",2071,4328,4663,3817,2871,4826,4455,4363,3039,1598,1633,3166,3638,2949,4613,3542,4498,2987,5429,3309,2424,3738,4085,4169,3207,2777,3638,4413,3122,3542,4591,5079,4570,4702,3985,1089,3902,4277,4557,5357,3675,3456,2901,4252,3127,2903,1256,4314,4409,4089,3234,2860,4162,3302,1370,4110,4453,3375,2347,4504
"COG3749",61,188,118,315,103,120,57,85,89,130,570,135,47,63,58,851,204,224,497,50,101,100,30,84,66,57,87,258,161,392,411,377,177,195,101,338,286,38,92,295,250,125,32,93,100,48,857,42,105,80,83,120,262,141,53,80,92,29,250,140
"COG3750",31,96,82,89,120,92,83,62,147,113,18,165,69,98,33,48,51,100,34,57,24,97,34,129,137,77,47,26,99,74,50,29,56,57,96,16,70,57,96,21,44,144,33,89,100,59,266,58,11,86,68,114,37,74,63,77,94,40,26,54
"COG3751",2387,802,766,765,980,762,683,739,771,580,3169,1035,697,660,929,1763,654,842,500,1074,2471,1084,841,944,586,544,1009,669,959,1475,793,381,593,654,616,4919,971,832,869,488,1204,529,746,815,687,712,2820,953,794,1005,492,587,289,1471,489,696,899,701,1346,1035
"COG3752",178,4042,4016,677,3560,4011,2803,3150,2782,1923,288,3206,2396,3388,2247,5880,1044,2211,1149,3022,275,2198,4466,3072,3940,2797,2221,881,1799,431,1860,426,1828,1117,2765,633,1130,3130,2790,650,6038,2467,5676,2455,3050,4040,351,2400,3737,1988,3020,1984,458,2074,2653,3985,2672,5098,676,2428
"COG3753",1,0,0,0,6,0,0,0,0,0,0,0,0,1,0,0,0,0,0,0,1,0,0,0,0,0,0,22,0,0,0,0,0,0,6,62,0,21,0,0,0,0,0,0,0,0,0,0,0,0,0,0,0,0,0,0,0,1,0,0
"COG3754",175,426,126,182,525,221,648,151,204,525,392,227,1158,1014,72,203,191,255,148,130,98,278,86,142,101,142,175,93,441,576,85,237,126,99,815,203,169,389,292,432,174,79,105,156,141,102,843,169,151,386,91,471,363,177,240,99,500,51,106,37
"COG3755",13,1,0,34,30,3,7,10,14,3,5,5,4,7,17,2,33,18,7,5,15,8,7,2,10,4,2,13,21,45,5,16,34,37,14,116,34,23,4,1,0,7,4,7,5,3,36,2,2,9,12,15,12,9,14,1,1,0,3,38
"COG3756",349,54,13,2,54,11,12,6,23,13,1062,49,19,35,15,46,3,13,6,20,9,122,1,7,40,28,136,2,44,2,11,40,0,5,47,3963,3,63,10,23,2,43,27,18,45,39,155,52,8,19,8,13,43,150,74,22,10,6,1,9
"COG3757",157,31,38,141,111,35,55,73,58,194,340,79,34,88,59,42,88,98,15,26,35,82,38,4,218,21,7,65,106,170,63,32,119,99,79,183,113,26,16,3,74,52,19,52,56,105,381,32,15,72,30,199,38,62,156,17,25,6,283,123
"COG3758",6,33,12,35,4,16,5,9,7,3,6,32,0,2,12,995,37,8,8,11,13,5,1,11,1,0,3,36,4,24,6,2,50,50,16,162,24,10,8,3,4,28,6,1,44,4,51,1,2,1,1,4,5,1,0,11,8,0,4,28
"COG3759",3,0,0,41,9,1,6,2,2,0,49,1,1,3,10,1,20,29,0,0,3,35,5,0,0,1,1,26,30,20,2,0,9,1,3,21,8,7,0,1,0,0,3,1,0,1,17,0,2,1,1,2,0,2,0,0,1,1,5,4
"COG3760",118,337,397,544,454,362,422,409,637,378,254,655,371,512,308,328,542,374,481,402,40,517,427,434,584,452,393,451,413,336,447,325,501,561,556,61,429,362,456,529,134,535,386,504,537,412,911,377,182,541,683,448,438,372,306,368,513,313,272,401
"COG3761",379,850,1144,509,945,1067,1075,953,1257,427,360,976,927,876,1134,655,569,630,661,871,43,960,1239,1736,1008,739,771,436,790,379,752,975,543,713,1008,153,459,1093,1017,826,1182,663,983,1097,893,1021,631,1049,636,1010,1267,525,779,979,405,981,1015,1165,317,924
"COG3762",55,11,14,156,134,11,69,46,33,173,107,39,53,100,47,280,101,118,31,28,48,48,44,63,60,13,9,111,91,274,60,32,160,109,89,150,215,89,26,11,20,74,33,24,118,48,128,24,61,59,47,95,38,29,77,4,14,24,770,97
"COG3764",840,392,493,442,858,486,676,966,265,200,507,344,945,681,941,458,375,375,477,565,735,355,768,1189,397,431,973,411,365,364,501,454,300,242,690,310,318,793,1511,498,962,575,576,921,643,550,30,1059,838,487,212,163,563,522,56,957,1100,1794,151,412
"COG3765",7,25,44,91,31,38,27,63,14,10,15,7,32,32,49,11,79,27,114,7,18,40,148,1,3,11,10,98,16,48,82,171,83,87,3,26,54,21,31,139,33,5,33,30,51,37,0,56,109,44,22,13,147,47,13,46,38,66,64,118
"COG3766",304,60,22,100,50,28,70,40,61,76,195,36,68,52,19,1,85,173,58,83,924,128,11,19,66,62,68,55,141,299,51,18,58,92,94,79,116,55,60,18,5,157,23,71,102,62,663,91,71,101,56,102,14,75,75,63,64,21,97,92
"COG3768",796,4,1,210,21,2,15,15,69,130,553,10,2,20,30,5,128,189,170,11,2238,55,8,2,53,8,2,98,144,1015,78,29,69,62,12,445,391,10,1,54,9,13,3,8,18,25,217,11,233,5,8,45,35,141,33,36,11,1,495,40
"COG3769",865,535,761,270,572,739,1258,873,1349,2246,474,1535,2096,989,1484,3,138,1472,134,2427,1632,2797,1192,2447,789,2720,2596,101,2789,642,259,402,40,315,2228,243,215,1597,1381,409,74,793,520,2530,281,932,499,1947,820,2661,3153,2760,464,2378,2871,711,1870,181,354,135
"COG3770",22,130,143,27,193,118,165,142,163,150,25,147,174,157,33,192,20,84,10,85,90,124,58,84,206,176,81,25,128,99,73,3,54,24,275,8,32,114,208,0,50,88,90,102,116,169,99,176,14,211,117,246,5,135,134,130,234,62,19,28
"COG3771",3,0,0,0,1,0,1,0,5,0,0,0,0,0,0,0,0,0,0,0,20,0,0,0,1,0,0,0,0,0,0,0,0,0,0,0,0,0,0,0,0,0,0,0,0,0,0,0,0,0,0,0,0,0,0,0,0,0,0,0
"COG3772",1122,52,62,171,268,62,94,172,208,88,1895,617,180,170,217,51,94,170,81,381,108,448,108,442,346,210,493,84,234,193,142,93,113,128,401,11870,116,395,172,157,416,147,251,405,108,188,5567,254,62,183,87,112,129,1054,157,2197,176,109,79,124
"COG3773",2282,270,386,743,1546,333,539,572,1285,558,4872,1359,798,733,998,638,477,545,616,828,198,1322,384,987,850,1491,1577,365,820,812,909,470,474,748,838,13125,359,279,790,658,1286,722,968,1873,472,1128,9665,1058,347,888,287,528,450,2603,1191,775,611,485,1356,497
"COG3774",320,438,480,56,769,477,325,321,481,329,916,761,388,526,294,864,72,230,54,324,63,576,351,596,382,305,359,94,414,85,170,100,96,112,318,2212,60,278,322,56,3631,291,258,386,261,297,1045,451,175,676,371,469,138,705,256,216,264,356,77,187
"COG3775",2,0,0,2,1,0,0,0,0,2,1,0,0,1,0,0,0,1,0,0,1,0,0,0,0,0,1,0,1,2,0,0,2,3,0,25,1,0,0,0,0,0,0,1,0,0,0,0,0,0,0,0,0,0,0,0,0,0,1,0
"COG3776",1,0,0,0,0,0,0,0,5,1,0,0,0,0,0,0,0,0,0,0,27,0,0,0,0,0,0,0,0,0,0,0,0,1,0,0,0,0,0,0,0,0,0,0,0,0,0,0,0,1,0,0,0,0,0,1,1,0,0,0
"COG3777",60,524,419,428,725,381,648,556,977,589,58,753,679,627,243,142,461,573,338,511,73,826,266,548,856,796,565,412,747,304,506,233,404,411,1067,140,373,428,696,318,110,761,323,849,642,504,175,569,75,850,1027,1010,230,665,501,502,742,299,141,415
"COG3778",31,0,0,9,1,0,3,0,1,0,26,0,0,1,2,0,3,1,0,0,3,4,1,1,0,0,0,2,0,3,0,4,1,5,3,6,6,0,2,0,4,1,1,4,3,1,8,0,0,1,0,1,0,1,1,2,0,0,11,6
"COG3779",0,0,0,3,12,0,2,0,3,5,1,19,0,1,4,0,0,0,44,0,16,2,0,0,8,4,0,2,7,1,2,0,0,1,14,199,2,40,0,31,0,1,6,6,6,3,0,0,0,0,0,1,0,0,3,0,0,2,1,1
"COG3781",111,916,419,130,1041,446,469,306,103,858,173,149,379,381,75,1037,91,207,33,45,99,385,29,86,208,76,152,114,254,245,157,61,172,71,256,204,505,234,624,31,41,277,172,99,110,170,114,142,77,326,68,342,63,148,273,145,310,37,305,74
"COG3782",45,28,39,281,155,39,43,72,106,211,198,99,54,98,41,986,98,141,49,70,188,114,11,62,75,30,32,125,154,316,62,14,99,80,96,286,292,28,35,19,22,68,17,39,126,42,199,52,43,109,20,140,21,149,111,61,23,10,256,32
"COG3783",38,0,0,2,0,0,0,0,18,1,32,0,0,0,3,0,0,0,0,1,39,0,0,0,0,0,0,3,0,69,0,1,2,3,0,80,59,1,0,0,0,0,1,0,0,0,1,0,6,0,0,1,7,3,0,0,0,0,99,0
"COG3784",32,14,2,118,6,6,7,11,31,29,84,4,3,8,10,6,9,37,25,3,56,14,6,5,5,4,1,31,46,152,9,21,3,23,3,210,100,12,4,15,8,27,3,7,17,4,135,12,14,5,5,21,16,35,3,14,2,2,166,8
"COG3785",397,1448,1752,1250,1324,1700,1546,1548,1749,557,354,1674,1526,1307,1640,1221,1420,1008,890,1620,67,1489,1905,3674,1408,1452,1235,1081,1189,772,1156,1196,1342,1567,1563,195,1042,1554,1595,1071,1848,1053,1535,1736,1193,1527,502,1526,1161,1634,2000,888,929,1544,595,1514,1607,1709,626,1359
"COG3786",403,1050,1419,596,1308,1384,1279,1238,1610,571,338,1470,1204,1195,1234,1257,669,791,746,1236,64,1418,1747,1800,1381,1012,1065,474,1112,457,925,933,498,921,1253,207,587,1453,1406,842,1803,878,1452,1536,1058,1319,884,1398,559,1580,1642,762,747,1259,532,1288,1387,1666,420,1087
"COG3787",22,70,44,96,27,22,25,36,1,108,22,30,13,19,28,376,75,59,110,34,12,2,11,2,5,5,6,195,7,63,82,113,123,63,7,5,110,56,25,135,11,62,47,42,29,33,0,20,23,1,7,5,111,17,17,39,12,9,11,69
"COG3788",400,276,281,212,225,278,98,236,302,173,249,287,94,199,90,67,133,154,64,215,1023,172,170,323,176,346,156,130,164,462,119,48,125,123,169,221,201,73,130,16,231,81,189,236,173,176,216,129,265,198,182,213,31,201,99,186,155,222,324,138
"COG3789",296,1,0,129,2,0,12,5,17,54,192,0,1,4,9,0,57,105,75,3,1042,26,3,0,23,3,1,38,85,386,30,17,30,60,0,260,135,3,1,22,2,41,4,7,19,10,4,7,64,0,8,21,10,36,21,6,8,0,105,47
"COG3791",1384,3044,3223,4321,3249,3497,3329,3093,3592,2069,1241,2956,3112,3565,2922,2958,4196,2658,3618,2991,2368,3628,3525,3199,3819,3127,2427,4075,2899,3545,3850,3484,4113,4353,3894,1398,3929,3197,3603,3322,2502,3196,3441,3481,3710,3603,2643,2921,2866,3310,3349,2584,2988,3360,1873,3161,3765,3435,2664,3115
"COG3793",22,3,2,18,5,3,2,1,1,12,3,11,0,2,0,0,1,14,19,0,19,5,0,0,1,1,0,20,8,19,7,35,5,0,7,135,72,4,2,26,0,22,4,0,15,1,20,1,1,3,2,1,46,23,3,1,1,0,7,2
"COG3794",821,1498,842,522,1079,1007,984,973,891,1882,464,1038,883,1242,946,607,569,859,610,972,96,1045,961,614,1096,1129,1198,908,965,309,2569,1782,1943,1763,1796,4281,1652,3230,3360,1738,1379,4429,3577,3074,4072,3848,693,3360,3802,2409,2482,2635,2051,2663,3670,3533,3434,2238,1893,3367
"COG3795",12,0,0,117,18,0,15,7,7,29,43,5,0,8,12,0,57,44,19,1,55,44,11,1,6,7,0,84,52,116,13,2,34,46,20,334,64,37,2,13,7,7,20,9,9,15,65,1,6,6,12,24,8,22,23,3,2,3,110,13
"COG3797",35,1,0,68,6,2,12,10,8,10,89,3,0,6,17,0,61,43,9,3,22,35,7,0,1,3,1,26,64,64,39,32,113,20,9,15,136,13,1,6,3,12,25,3,16,3,330,0,7,4,9,19,35,8,6,4,0,1,34,24
"COG3798",10,1,0,41,2,2,12,6,5,0,6,1,0,1,18,0,35,28,5,0,6,13,1,0,0,3,0,19,25,43,12,4,41,24,2,8,65,4,1,2,1,3,1,5,1,1,18,0,1,6,5,19,10,1,1,0,0,0,8,13
"COG3799",4,1,0,7,1,0,2,4,0,2,2,0,0,0,4,0,13,13,5,0,10,0,0,0,0,0,0,2,0,7,1,5,5,20,0,0,0,0,0,7,0,74,0,0,5,0,0,0,0,0,0,0,8,0,0,0,0,0,0,41
"COG3800",1203,3066,3935,1715,2614,3851,3116,3248,4883,800,1176,3209,3042,2614,3728,791,2131,1724,2783,3234,124,3169,4816,5032,3047,2315,2501,1686,2388,1246,2990,4027,2011,2637,3579,578,1640,3171,4070,3649,4422,2045,3308,3475,2516,2916,3704,3143,3072,3161,5171,1587,2979,2878,980,2942,3914,3864,1038,2442
"COG3801",1,11,4,0,1,14,7,13,0,0,1,0,1,0,11,0,2,9,13,2,1,1,2,0,0,0,0,2,0,2,1,0,1,2,3,0,0,3,0,2,0,28,0,0,15,0,0,0,29,0,1,0,0,0,0,33,0,0,0,18
"COG3802",21,42,37,191,95,36,63,30,0,6,15,0,31,84,276,0,180,248,125,54,28,13,62,2,3,3,6,252,35,102,101,36,140,163,25,37,177,47,23,101,5,164,9,19,260,4,279,16,67,4,3,8,50,122,2,57,15,31,102,164
"COG3803",555,1318,1339,915,1057,1287,1169,880,1248,692,449,1483,1148,1355,509,1312,783,721,886,463,730,894,977,583,1195,889,964,761,903,993,1202,723,741,962,1659,513,888,932,1593,672,2315,1078,913,1116,1057,912,1188,1136,550,1034,833,989,608,961,538,1147,1669,907,1197,550
"COG3804",112,284,361,176,468,317,249,308,44,125,61,41,196,226,325,156,234,189,273,154,13,27,325,6,91,139,93,248,71,165,225,550,175,301,139,30,283,420,314,565,65,250,112,61,245,101,6,194,429,70,14,57,710,108,61,309,189,821,105,237
"COG3805",10,57,41,40,47,27,36,38,28,45,10,27,19,29,12,2,16,87,14,20,16,34,2,10,16,18,17,10,26,29,12,25,27,17,46,82,6,21,20,19,5,131,7,34,104,19,314,19,4,14,18,22,23,52,15,20,23,4,61,59
"COG3806",1115,416,391,492,444,407,399,431,800,468,767,650,359,529,286,568,196,638,155,460,3018,503,431,552,575,340,353,188,521,1429,255,127,134,213,469,503,350,304,477,70,411,602,264,458,655,278,1657,394,443,391,596,478,163,379,240,403,477,346,549,248
"COG3807",413,1285,1788,692,1390,1595,1488,1404,1708,711,467,1497,1379,1284,1558,1089,798,1019,948,1253,53,1349,1678,2128,1545,1103,1121,577,1131,544,1071,1280,655,1029,1378,212,605,1555,1374,1272,1761,1126,1587,1506,1340,1469,934,1448,936,1630,1798,937,1081,1339,686,1393,1380,1752,457,1206
"COG3808",10125,15269,13265,10818,13416,14271,14108,14286,14216,8216,6549,12589,11650,13102,17069,12431,12822,9912,13581,12999,1128,10663,15833,19328,13667,10279,10180,13938,8681,6584,13713,13645,13313,11991,11555,2700,10991,13436,12606,13413,14935,12999,16221,11927,15371,14528,3894,11657,20324,10068,15259,7900,12990,9926,7215,14014,11855,16864,10038,14804
"COG3809",14,1,0,57,10,1,8,4,16,27,8,4,3,9,12,1,43,19,4,4,27,27,3,2,5,3,0,25,28,47,2,1,18,9,2,1,13,5,0,2,1,0,1,6,3,1,23,0,2,1,2,2,1,4,0,1,0,1,7,2
"COG3811",2,0,0,3,3,0,0,1,3,1,1,0,0,4,1,0,0,1,0,0,1,0,0,0,2,2,0,3,2,4,0,5,4,4,2,6,3,14,0,2,0,1,0,3,2,1,47,3,1,2,5,2,2,3,0,2,0,0,14,2
"COG3812",35,102,91,248,233,84,134,84,232,172,26,195,180,364,59,336,176,126,15,177,29,162,157,110,482,236,127,101,138,179,117,21,230,236,215,124,181,166,112,7,121,104,332,158,199,302,212,134,119,144,138,238,17,165,244,113,199,199,31,90
"COG3813",12,1,0,44,2,0,10,1,14,29,38,12,2,3,13,0,11,27,16,5,338,21,2,8,7,0,0,23,24,111,12,8,5,7,7,69,46,5,2,6,3,9,3,4,13,6,126,2,3,2,7,11,6,22,10,7,0,0,37,8
"COG3814",75,240,279,225,274,282,295,245,388,295,47,368,271,288,125,83,147,332,148,222,24,290,158,303,387,294,271,120,329,191,177,165,208,225,465,51,134,243,373,228,130,427,177,340,362,240,1091,273,49,353,411,402,183,273,236,252,301,153,97,224
"COG3815",49,231,198,25,245,170,299,198,0,152,29,9,97,116,58,6,15,106,123,165,26,44,116,2,24,86,99,101,60,12,189,6,199,42,22,36,43,73,235,55,0,111,310,110,143,214,0,120,281,32,17,81,8,95,147,164,157,84,12,190
"COG3816",850,815,924,657,679,910,721,631,1046,583,508,1038,632,771,445,495,448,650,280,917,1520,746,764,1078,1037,900,631,378,740,1035,513,203,438,464,866,530,554,537,716,226,509,652,806,713,665,732,1085,669,615,717,1160,769,224,660,433,728,801,627,456,506
"COG3817",8,0,1,21,1,0,6,1,4,2,42,1,0,0,6,1,22,7,4,0,11,12,0,0,0,0,4,14,14,16,6,1,14,14,0,3,25,4,1,2,0,0,0,5,0,0,35,1,1,3,2,8,0,74,0,0,0,1,3,3
"COG3818",90,823,1080,383,1005,983,677,955,680,412,135,823,727,929,699,501,373,357,523,849,40,572,1306,984,1023,943,837,522,483,250,682,405,478,403,724,188,358,816,977,534,1545,553,1745,805,733,1092,843,768,975,584,554,409,388,616,589,1167,897,1765,252,462
"COG3819",5,0,0,16,0,0,3,4,4,1,32,0,0,0,4,1,15,9,0,0,11,9,0,1,0,0,0,16,8,11,11,0,9,8,1,5,17,0,0,1,0,0,0,5,2,0,28,0,2,3,2,3,0,40,3,0,0,0,3,3
"COG3820",578,1697,2240,875,1871,2129,2238,1942,2655,865,529,2194,1978,1967,2652,1138,1042,1360,1068,1796,99,2000,2385,2370,2061,1683,1606,767,1700,698,1233,1523,984,1261,1968,277,910,2235,2030,1375,2210,1556,2018,2258,1812,2108,1499,2088,1965,2338,2764,1228,1214,1857,817,1849,1995,2352,461,1742
"COG3821",23,19,4,259,27,4,13,23,43,94,122,51,8,37,17,243,46,90,81,12,89,51,4,20,13,3,5,89,95,285,26,35,73,91,14,337,96,30,11,39,21,54,11,30,34,18,877,9,20,16,23,18,38,61,20,14,12,1,124,16
"COG3822",16,93,141,76,176,118,157,132,299,101,14,210,186,179,90,80,49,78,116,105,11,97,128,210,330,195,128,82,105,56,151,34,76,77,218,17,39,76,204,84,70,96,133,214,138,135,188,128,48,163,314,148,45,115,81,154,218,120,51,31
"COG3823",38,428,361,184,442,369,336,349,213,255,64,283,250,210,155,425,221,268,208,308,53,213,339,392,345,152,167,267,200,128,871,407,933,545,987,189,960,1174,761,420,390,1210,919,419,836,824,263,647,815,564,678,799,477,529,763,1076,716,1340,426,710
"COG3824",41,5,0,101,22,2,13,4,6,3,28,9,4,9,29,0,89,48,31,4,11,23,2,0,1,4,6,91,20,53,74,336,285,228,23,17,201,35,7,152,2,174,7,21,83,19,309,9,2,11,14,36,465,15,39,14,9,9,85,139
"COG3825",884,1938,2102,1945,1825,2197,2044,2017,2466,1568,716,2527,1668,2137,1220,1818,1761,1644,1035,2290,2228,2213,2063,2242,2787,2530,2003,1565,1976,2105,1570,746,1487,1623,1990,1123,1781,1537,2116,739,1075,1673,2289,2167,1846,2198,1879,1829,1871,2204,3277,2185,728,1926,1458,2039,2382,1583,1322,1153
"COG3826",2,0,1,4,11,1,3,0,2,18,1,0,0,8,5,0,4,4,5,1,9,2,1,1,1,1,2,2,3,4,6,0,10,10,2,8,13,2,0,11,0,52,0,1,17,4,13,1,0,0,5,1,0,1,7,0,0,0,0,4
"COG3827",24,3,1,43,25,0,21,6,4,18,18,5,8,23,8,0,26,33,22,6,3,12,1,0,1,4,5,8,16,43,13,47,5,14,13,12,22,19,6,49,0,21,1,4,49,5,341,5,0,1,17,8,49,8,2,8,5,7,4,30
"COG3828",617,604,657,1023,972,708,962,1157,1331,889,731,1648,864,942,727,115,935,1242,1937,1227,226,484,776,1575,1558,825,466,1027,471,887,967,631,1309,929,915,143,980,628,439,1515,344,1392,767,703,1148,946,317,975,546,425,1311,449,692,725,727,770,442,915,487,1097
"COG3829",161,28,19,693,165,28,79,63,143,279,285,28,18,111,61,8,570,199,534,61,2258,78,74,20,52,26,18,573,150,1014,292,400,455,420,80,700,307,43,7,384,9,135,53,39,171,78,381,63,164,12,31,94,181,372,181,67,11,15,1611,243
"COG3830",169,174,129,663,357,89,249,260,235,313,231,319,211,234,214,994,375,354,1161,289,196,356,167,277,170,161,211,499,396,682,572,1304,492,305,260,598,354,328,376,1035,69,422,112,195,420,168,21,286,146,285,179,410,1369,271,164,281,234,455,764,586
"COG3831",3,4,0,28,8,1,3,3,0,6,4,2,2,6,7,7,6,7,13,0,5,15,1,0,1,2,1,8,7,20,1,28,44,1,3,6,15,5,1,6,5,0,0,11,5,0,35,1,4,3,0,2,23,10,3,0,1,3,7,6
"COG3832",448,6,0,380,88,4,40,22,37,83,257,9,5,25,56,0,188,208,72,3,517,171,24,20,44,18,3,215,197,409,56,69,293,105,78,506,239,153,3,65,10,19,103,24,41,43,2272,16,89,9,48,59,67,40,40,25,1,15,238,77
"COG3833",56,108,285,203,1059,282,501,624,210,402,55,176,588,545,329,2,289,213,157,423,138,189,460,276,356,453,544,168,168,118,354,110,215,192,476,234,147,538,1015,136,292,421,707,734,385,665,94,663,327,324,210,188,111,399,361,524,704,1033,64,166
"COG3835",166,0,0,46,0,0,1,1,0,7,24,1,0,2,7,0,1,24,31,0,38,5,2,0,1,0,1,14,23,87,25,6,5,10,5,382,104,2,3,27,2,2,4,12,1,8,0,0,44,3,0,9,2,49,3,0,0,0,88,4
"COG3836",1702,3219,3149,6161,2896,3246,4410,3697,3002,1760,1337,2897,3281,3576,7898,1539,6016,7537,3718,3308,1985,3181,3359,4756,2764,2600,2835,3928,2533,3416,3048,3460,5843,6784,3531,2227,3398,3433,3666,4259,1937,9469,2978,3368,6998,2863,1225,3445,3326,2991,3546,2259,3492,3196,1721,3040,3603,2758,1400,8470
"COG3837",272,47,23,104,75,26,54,46,34,65,390,90,38,46,22,2,93,112,320,81,135,59,44,38,15,21,55,99,54,200,107,414,89,74,130,14,110,51,71,390,33,213,5,66,106,13,329,77,61,43,50,75,482,35,23,33,58,32,624,100
"COG3838",40,2,0,131,22,1,10,8,31,9,37,4,0,17,41,0,79,51,34,4,54,28,4,2,5,12,1,69,76,144,27,13,57,55,20,204,57,11,4,9,2,7,6,14,14,9,321,4,7,12,15,47,15,8,12,5,0,0,48,15
"COG3839",2750,10690,13673,7928,10376,13326,13332,10789,10355,5249,1981,11411,13610,11135,10908,16685,8395,6549,9143,8007,1476,11113,10796,14232,10460,9551,10453,8598,8882,5326,9827,8640,8373,7515,13230,2328,7138,11063,15214,10346,16291,9375,8896,14298,8803,9528,11048,13570,8084,12112,13041,7159,7951,10570,4553,11036,15737,10396,4436,6968
"COG3840",34,176,241,132,209,203,210,198,254,196,26,367,261,194,29,395,95,128,137,151,108,131,126,119,328,218,144,58,153,102,178,204,98,116,352,18,50,131,308,181,117,156,81,151,141,162,97,223,29,310,23,352,201,153,122,226,339,77,11,97
"COG3842",3510,11896,14593,11992,12327,14463,13358,13859,14926,9258,3512,13945,13375,13593,13691,12756,12508,10124,12907,11563,3025,14013,15040,10530,14465,12714,12964,12275,12643,8372,13673,11979,11838,12852,11442,3810,11005,12885,14239,13275,12668,11182,13471,14978,12567,13587,11432,14205,12158,14680,14747,11885,10540,13317,10037,13548,14188,15442,5883,12087
"COG3843",155,18,7,644,194,3,91,67,132,93,262,32,12,102,187,3,398,287,211,5,283,162,18,7,39,53,5,329,366,847,48,31,133,91,55,218,139,55,2,25,5,10,17,27,18,33,1327,4,21,18,39,57,58,16,38,20,3,13,101,39
"COG3844",1641,1850,1720,2125,1809,1720,1312,1606,1256,1610,1539,1244,1120,1222,958,3367,2723,1335,2596,987,2644,1189,1207,856,1709,894,913,2995,1199,2363,2253,1877,2977,2149,1504,402,2788,1327,1444,2030,1035,1169,1464,861,1249,1363,1945,1038,1236,974,645,1362,1989,938,1120,1885,1296,2199,1721,1009
"COG3845",910,4827,6543,6613,6002,6293,7075,6204,4940,3031,738,3663,6251,5996,6056,6076,6344,4651,7284,3945,711,4735,5958,3251,6136,4830,5856,7344,4203,4814,7155,6455,6652,6089,6815,1787,6159,5672,7813,6381,7040,6122,4711,7209,5883,4920,4359,6721,4597,5960,6415,4280,6616,4768,2447,6528,7239,7112,3842,4498
"COG3846",103,6,0,392,63,4,71,18,62,66,115,17,9,64,98,2,186,166,179,3,215,85,14,0,16,27,1,227,238,435,33,12,60,55,22,245,54,21,2,10,3,6,3,11,11,5,499,4,8,12,22,34,10,11,10,3,0,0,53,28
"COG3847",4,0,0,0,0,0,0,0,0,0,0,0,0,0,0,0,0,0,0,0,0,4,1,0,0,0,0,4,5,0,0,6,0,0,0,0,1,0,0,0,0,0,0,0,0,0,1,0,0,0,1,1,5,1,0,0,0,0,0,0
"COG3848",1,74,11,0,72,9,61,35,51,224,0,50,74,76,34,0,3,25,146,4,3,61,4,12,16,59,12,6,38,2,50,1,3,18,203,5,6,176,22,226,6,114,1,2,37,37,4,17,10,194,0,60,1,10,140,13,47,0,4,21
"COG3850",178,66,39,388,66,43,58,77,114,145,189,67,20,59,72,51,168,123,431,54,2197,56,58,28,84,27,25,217,93,398,215,474,141,217,39,222,131,38,24,513,331,101,34,41,103,67,115,34,75,32,67,39,527,36,95,51,38,26,81,130
"COG3851",136,64,48,17,3,43,5,27,15,27,194,73,7,2,7,239,8,19,13,8,479,5,4,8,3,3,4,80,12,122,17,8,5,67,23,64,247,4,17,6,118,8,2,10,7,8,3,10,50,12,0,3,16,6,15,33,15,3,185,7
"COG3852",1343,1770,2015,1779,1401,1926,1440,1563,2090,1129,949,2413,1372,1562,946,2447,1346,1462,1189,1827,2836,1716,1621,1853,1917,1973,1459,1362,1449,2100,1469,1105,1396,1417,1781,1052,1590,1116,1785,1187,1862,1300,1422,1652,1545,1469,2153,1360,1681,1713,2624,1539,1237,1559,983,1652,1897,1304,1161,1204
"COG3853",122,1,1,171,51,1,50,31,34,39,112,6,3,18,59,5,161,105,25,16,302,30,3,4,2,7,3,87,73,252,58,39,229,170,26,59,235,26,10,8,2,37,2,19,27,9,210,1,9,48,26,44,39,7,14,17,10,1,51,49
"COG3854",165,985,433,570,1562,433,916,446,146,605,103,210,1292,1499,1372,1684,504,1448,326,246,236,1284,232,128,48,125,209,208,404,245,310,169,548,673,1470,119,235,563,896,438,31,1512,208,47,870,201,5,252,420,953,49,653,176,223,342,218,1045,145,89,1085
"COG3855",0,0,0,0,17,0,0,2,0,1,1,1,2,1,7,0,4,4,2,1,0,0,5,0,2,5,4,1,0,0,1,0,1,0,0,0,1,5,4,2,0,6,3,0,8,1,0,6,0,0,0,0,0,3,3,0,5,12,2,4
"COG3857",112,19,15,74,48,25,26,48,37,53,22,20,71,32,42,1,48,92,234,127,1,43,74,8,63,39,17,22,37,41,89,576,59,60,114,5,24,102,17,836,2,107,75,44,91,62,0,55,16,17,106,19,765,35,25,45,20,107,15,129
"COG3858",2032,482,485,542,258,498,510,590,162,775,1858,410,285,345,704,92,875,626,1216,623,21,210,727,407,175,268,295,949,140,386,725,2007,932,580,242,228,784,434,333,1341,181,631,588,179,502,322,5,307,1092,158,105,162,2341,307,236,693,278,732,671,465
"COG3859",14,2,1,31,0,0,6,1,0,22,22,0,0,7,1,0,33,10,15,1,4,0,0,0,0,0,0,9,0,13,3,38,23,23,0,1,12,2,0,19,0,24,0,0,15,8,0,0,0,0,0,0,32,0,12,0,0,0,23,32
"COG3860",6,0,0,0,0,0,0,2,0,1,26,0,0,0,0,0,0,0,1,0,0,0,0,0,0,0,0,0,0,0,0,4,0,0,0,0,0,0,0,4,0,1,0,0,2,0,0,0,0,0,0,0,3,0,0,0,1,0,0,0
"COG3861",2,0,0,3,0,0,0,2,3,0,2,0,0,0,0,2,1,1,2,0,0,0,0,0,0,0,0,7,0,4,0,0,2,1,0,0,0,0,0,0,0,0,0,0,0,0,1,3,0,22,0,2,0,0,0,0,0,0,0,0
"COG3864",2180,122,156,99,713,125,168,161,583,251,4410,520,324,373,338,98,64,179,186,346,65,367,153,412,392,644,725,102,243,63,763,947,156,427,393,26823,150,415,894,861,1121,1992,1118,1429,785,1381,13320,1219,473,680,389,449,966,3075,1110,856,682,802,180,584
"COG3865",28,2,51,87,53,52,46,5,13,56,21,6,16,23,29,2,39,44,13,1,44,16,7,4,10,3,8,67,37,73,16,8,70,49,50,312,87,80,32,8,3,108,24,10,14,7,612,7,5,10,9,20,9,28,12,5,45,7,62,20
"COG3866",399,11,28,21,21,19,8,11,20,105,180,13,92,21,18,0,12,17,51,8,757,1,32,0,20,9,0,43,9,29,45,30,12,22,8,676,101,9,4,22,103,38,9,3,27,3,0,10,45,0,0,10,32,1,4,7,10,0,40,19
"COG3867",30,221,263,132,512,260,189,277,183,265,344,264,163,192,85,255,200,157,76,222,54,226,170,184,247,74,79,38,169,66,187,30,243,23,238,49,393,369,200,35,91,67,178,112,120,305,19,128,217,204,98,439,35,157,341,376,221,160,48,108
"COG3868",37,5,1,346,23,2,18,7,133,179,98,4,1,25,31,2,52,125,150,11,428,46,35,13,26,6,1,151,191,778,39,12,80,83,20,1110,272,24,11,45,13,18,15,58,52,30,280,6,92,10,56,54,25,119,28,10,1,1,651,118
"COG3869",120,121,87,159,277,105,205,245,116,225,29,230,123,181,37,216,210,319,372,85,44,50,14,144,145,81,39,189,31,119,176,526,177,165,113,207,105,113,50,634,16,307,8,35,284,126,375,138,10,49,128,72,685,69,137,133,39,7,19,275
"COG3870",0,9,2,3,0,1,0,8,0,0,0,0,0,0,15,0,3,46,1,0,0,0,0,0,0,0,0,4,0,2,1,1,4,8,4,0,1,0,0,4,0,14,0,0,4,0,0,0,0,0,0,0,1,0,0,4,0,0,0,27
"COG3871",386,3,3,185,62,8,41,48,22,57,217,6,6,31,32,6,165,202,54,19,481,39,28,16,10,5,4,106,103,398,89,34,224,159,26,219,304,29,8,21,1,45,9,17,62,10,350,17,94,27,16,56,65,69,17,28,5,0,286,173
"COG3872",383,219,219,274,209,233,233,282,72,38,346,80,186,185,580,0,360,435,446,202,44,68,325,136,80,116,188,354,65,214,764,1023,1089,821,431,185,717,897,561,1380,1529,1250,676,602,1022,544,0,640,1118,373,207,89,1188,405,128,860,489,1335,591,1152
"COG3874",101,0,0,13,0,0,0,3,0,0,64,0,0,0,0,0,20,0,44,0,0,0,0,0,0,0,0,17,0,6,20,65,36,20,0,0,12,0,0,111,0,0,0,0,0,0,0,0,0,0,0,0,99,0,0,0,0,0,29,1
"COG3875",1042,856,449,2472,400,524,567,855,53,200,298,127,280,368,1710,57,2522,1401,1022,278,200,164,189,61,39,73,170,2332,127,1018,1157,757,2274,2543,188,39,2014,352,446,832,176,1721,184,87,1884,154,78,227,842,96,20,99,840,209,190,590,297,129,2369,2259
"COG3876",4746,1728,1762,1890,1899,1785,1507,1988,1248,1552,4013,1482,1075,1328,1407,1994,2436,1829,3418,1477,3166,928,2164,1720,1842,984,941,2528,1206,2542,766,1176,836,573,476,398,933,560,342,1036,254,543,781,210,560,547,114,405,711,251,293,383,1260,358,466,531,310,827,718,686
"COG3877",26,0,0,17,1,0,2,2,0,2,10,0,1,0,1,0,16,3,17,0,1,1,1,0,0,0,0,3,1,7,2,22,25,34,0,2,17,3,0,11,0,6,0,0,9,0,0,0,0,0,0,0,42,0,0,0,0,0,4,2
"COG3878",8,0,0,12,14,0,1,0,1,3,60,0,1,20,11,1,11,20,2,0,70,9,0,0,1,2,1,6,4,29,0,3,3,0,2,15,5,1,1,0,0,0,0,0,4,0,102,0,2,2,1,1,2,2,0,0,2,1,4,2
"COG3879",4,0,0,9,8,1,0,1,0,0,3,0,0,2,1,0,6,1,0,1,2,5,0,0,0,0,0,5,3,4,1,1,7,9,2,5,3,13,0,0,0,0,0,1,0,0,0,0,0,0,1,0,1,0,0,1,1,0,1,0
"COG3880",32,39,46,99,102,36,72,75,40,94,64,124,54,67,4,0,103,156,181,47,18,11,1,66,54,41,9,97,15,72,67,199,78,91,61,13,68,28,15,277,10,155,2,16,114,55,220,62,2,19,73,30,268,18,68,48,18,0,4,106
"COG3882",2314,644,585,2726,382,572,474,838,549,422,1175,534,296,314,1004,854,2901,642,1333,494,105,415,492,629,421,393,314,2881,345,1408,1779,2950,2385,2917,270,78,2532,535,355,2399,617,741,398,322,1470,386,8,367,527,610,464,419,2559,329,419,606,289,448,3147,2053
"COG3883",23,14,2,16,136,15,82,13,10,22,4,0,53,55,35,0,38,17,18,1,1,10,22,4,1,3,54,14,5,23,17,5,7,79,77,3,25,195,106,44,1,182,1,49,70,1,0,67,59,4,0,2,26,36,0,30,50,337,16,19
"COG3884",1,137,37,43,97,40,42,33,3,10,19,6,28,37,9,1,12,13,0,5,6,11,17,67,7,8,16,3,10,41,0,0,9,13,15,20,7,18,64,1,3,22,32,16,6,2,201,9,10,8,3,12,9,14,12,19,24,14,208,2
"COG3885",40,0,0,0,2,0,0,0,0,0,10,0,0,0,0,0,0,0,4,0,0,0,0,0,0,0,0,1,0,0,0,11,0,0,0,0,0,0,0,6,0,0,0,0,4,1,0,0,0,0,0,0,13,0,0,0,0,0,1,0
"COG3886",453,90,71,537,114,95,119,89,397,354,605,132,118,101,193,275,307,553,144,54,1936,160,120,34,76,166,190,288,411,1070,109,406,118,103,88,364,352,146,216,250,100,99,53,118,195,86,94,137,635,116,51,188,420,209,182,117,168,143,691,177
"COG3887",0,0,0,0,0,0,1,0,0,1,0,0,0,0,0,0,1,0,0,0,0,0,0,0,0,0,0,0,0,1,0,0,0,0,39,0,0,0,0,0,0,0,0,0,0,0,0,0,0,0,0,0,0,0,0,0,1,0,0,0
"COG3889",2226,1096,301,3698,26,372,176,891,0,5,190,0,24,21,1564,2,3759,363,820,1,40,0,78,0,0,0,7,4136,1,1366,1811,367,3493,3660,15,2,3350,98,91,229,222,643,0,0,1554,0,0,6,1001,9,0,5,280,0,0,572,61,14,5389,1877
"COG3890",11,2,0,0,2,3,2,0,0,0,2,4,5,7,0,30,0,2,0,0,0,3,0,2,0,1,15,0,3,0,1,2,0,0,0,1,0,1,2,0,1,0,0,2,0,2,0,1,0,3,1,1,9,5,1,2,2,0,0,0
"COG3892",91,457,884,712,970,757,827,767,524,380,34,407,902,742,674,2648,768,242,318,566,109,628,616,498,480,700,978,657,555,534,494,158,665,442,1125,201,583,853,1407,260,2124,557,718,1045,614,832,426,998,891,688,412,440,166,810,309,1105,1085,1359,309,347
"COG3893",283,909,981,643,1587,772,822,944,1217,902,340,1071,990,893,342,478,463,870,459,604,192,572,441,505,1348,619,434,283,609,801,646,485,592,539,1476,163,506,627,1072,882,481,1061,523,654,1077,691,3870,541,195,693,572,1034,736,472,543,985,1004,1605,847,624
"COG3894",1822,1769,1436,2540,1084,1482,1456,1630,879,760,1703,1004,955,895,1442,4266,2810,1366,5260,865,233,1108,504,612,1089,818,668,3544,918,1785,3443,5900,3296,2755,1410,55,2631,988,1551,5771,617,2083,515,852,1545,761,1143,931,1084,1152,552,1546,6647,824,614,1932,1539,444,963,2042
"COG3895",0,0,0,1,2,0,1,0,1,0,1,0,0,0,0,0,3,1,0,0,0,2,0,0,0,0,0,0,2,2,1,0,9,0,1,2,3,0,0,0,0,1,0,0,0,0,0,0,0,1,0,1,0,1,1,0,0,0,0,2
"COG3896",17,10,6,25,7,4,27,13,47,14,22,83,18,19,10,16,20,38,38,55,4,29,8,26,20,7,5,23,27,23,5,1,4,6,7,5,5,5,2,12,3,12,2,6,8,8,15,8,0,10,2,9,19,2,1,15,4,1,0,9
"COG3897",25,181,31,192,220,48,91,98,90,181,121,78,62,105,28,105,20,138,96,79,115,124,14,45,43,46,66,93,134,193,9,6,8,23,8,115,23,28,39,28,2,49,9,23,39,23,134,22,21,31,17,40,11,33,27,23,19,6,45,24
"COG3898",55,700,821,395,1084,760,894,811,1070,940,101,911,953,1017,377,231,329,837,309,621,101,968,540,508,1343,1142,831,286,919,460,521,265,381,397,1385,71,314,724,1172,442,244,1102,589,1066,1127,826,2277,855,121,1062,1052,1266,314,832,744,663,1205,490,500,627
"COG3899",690,338,156,1079,481,176,295,344,29,315,565,129,134,213,248,213,1062,507,366,199,316,240,86,100,24,44,29,911,283,657,339,1040,697,872,199,935,499,814,157,383,81,373,111,28,552,127,1333,128,133,42,35,99,1090,293,187,340,89,87,392,1456
"COG3900",7,9,2,3,1,3,11,0,0,0,7,0,0,0,0,0,13,4,22,0,2,2,1,0,0,0,0,3,0,0,16,37,2,0,5,0,14,0,2,17,0,7,0,0,2,1,2,0,0,2,0,1,60,0,0,2,2,0,1,15
"COG3901",1677,538,587,1270,506,588,627,481,267,577,987,91,254,657,480,63,670,1323,648,282,5147,209,200,109,129,110,161,643,524,2184,330,314,484,669,364,815,705,345,257,496,75,808,61,154,1128,105,1507,231,261,183,82,282,319,268,160,351,282,365,766,589
"COG3903",16,36,0,30,54,1,15,7,3,39,34,5,1,19,3,0,26,23,27,0,12,27,0,0,4,2,1,50,8,15,57,186,109,20,2,37,62,43,4,85,3,147,5,1,135,47,19,9,0,5,10,3,176,21,64,1,2,1,4,58
"COG3904",5,14,10,15,17,9,11,10,24,7,34,55,8,12,12,61,26,15,4,10,5,17,3,10,18,11,5,30,9,137,9,8,33,5,13,88,18,15,15,2,19,4,12,10,6,14,75,2,3,9,6,11,2,5,12,16,26,11,16,7
"COG3905",2,0,0,6,0,1,1,4,1,1,12,0,0,1,3,0,3,1,3,0,0,8,0,0,0,0,0,14,1,5,0,2,0,6,0,0,2,0,1,5,2,2,0,0,2,0,1,5,1,1,0,2,8,5,0,0,0,0,5,1
"COG3907",34,50,13,632,16,13,67,119,15,82,86,22,53,22,59,20,632,101,398,15,51,64,11,77,21,8,56,645,92,394,388,257,508,474,47,309,474,65,178,266,5,96,6,65,47,10,59,49,47,73,3,39,211,101,22,109,145,2,289,141
"COG3908",123,389,583,241,466,558,530,510,640,145,71,487,459,410,615,416,260,264,284,482,14,549,720,775,386,379,377,143,408,152,344,312,203,319,470,90,192,607,500,466,707,318,584,539,372,502,143,559,342,560,595,211,260,512,146,478,481,721,131,404
"COG3909",62,735,974,113,336,911,769,779,788,136,125,1028,735,349,527,385,34,343,34,768,55,669,818,1609,446,592,696,79,568,189,220,18,52,135,901,273,111,541,1002,11,1324,445,350,941,298,348,37,863,417,911,1115,495,21,828,117,869,994,440,228,106
"COG3910",50,10,7,19,12,5,46,20,6,28,28,1,34,9,5,0,12,38,34,5,33,24,2,4,1,4,50,40,34,11,13,32,16,15,23,2,32,58,129,57,1,88,3,29,25,10,185,36,4,13,2,28,42,41,10,16,111,3,8,22
"COG3911",30,75,141,68,101,95,59,66,129,85,51,112,54,76,28,230,61,67,27,87,37,84,80,218,181,50,38,39,104,59,240,30,262,92,481,135,296,276,127,50,219,101,212,126,129,217,455,189,68,143,290,255,24,167,236,253,177,224,115,97
"COG3913",18,0,1,8,24,0,3,12,6,38,37,2,0,13,8,1,1,5,3,0,18,4,0,6,1,2,1,15,5,78,3,5,2,4,1,129,51,2,6,4,4,4,2,4,15,9,0,1,1,1,5,2,5,4,17,0,2,2,118,45
"COG3914",489,1045,1183,887,1381,1107,1138,1009,1094,1061,410,878,1421,1405,1098,1346,1051,1099,1277,998,74,1516,1374,715,1038,1057,1126,868,1210,695,2971,4334,2514,3767,3035,636,2492,3797,3543,5957,4702,3218,3631,4095,3742,3494,8353,4164,1938,4379,4581,3493,4325,3354,2968,2822,3535,3970,1760,3335
"COG3915",21,2,0,40,12,1,3,4,5,18,13,5,1,7,28,1,27,26,3,1,68,12,3,2,1,2,3,55,16,109,15,9,41,17,19,116,48,5,4,2,4,22,4,13,14,13,467,5,13,6,5,15,9,88,10,1,3,0,55,4
"COG3916",47,3,1,62,27,2,15,17,18,21,14,19,1,19,21,156,50,40,13,6,44,19,5,4,1,6,0,33,27,74,7,37,43,22,28,19,50,9,0,17,4,2,1,10,9,8,30,2,8,8,25,30,12,3,10,6,1,1,13,16
"COG3917",780,4620,5585,2417,3742,5267,4428,4313,5908,1890,967,5182,3961,4346,3878,3524,2349,2830,2573,4747,310,4749,5267,7149,4922,4802,3849,2446,3607,1786,3095,2756,2478,2545,4511,934,2036,4040,4411,2935,3597,3714,4896,4898,4055,4550,2194,4068,3483,4859,7413,3425,2576,3937,2113,4340,4561,4716,1317,3059
"COG3918",0,0,0,2,1,0,0,0,0,0,0,0,0,0,0,0,0,0,0,0,0,0,0,0,0,0,0,0,0,0,1,0,0,0,1,2,0,0,0,0,0,0,0,0,0,0,1,0,0,1,0,3,0,0,0,0,0,0,0,0
"COG3919",96,54,43,136,121,33,36,41,87,147,181,61,66,84,26,56,123,70,90,67,1030,56,36,78,109,68,58,80,68,69,74,64,98,103,97,218,70,73,51,107,52,65,76,35,69,80,4,49,43,86,58,144,79,46,121,58,59,66,32,87
"COG3920",688,159,146,2165,644,157,552,426,297,1850,828,116,218,585,803,328,1705,1131,1403,164,387,758,176,73,200,100,180,1835,823,2436,1078,1435,2094,1383,379,1001,1931,562,627,1172,37,551,430,329,441,227,7050,214,384,273,362,553,1510,315,339,530,472,302,1066,703
"COG3921",105,8,9,260,53,12,77,48,47,57,112,39,14,25,72,16,153,117,130,28,61,110,18,9,33,25,18,115,145,395,84,115,186,121,44,314,224,52,22,66,18,36,7,34,59,24,485,25,46,40,53,124,55,139,39,32,18,2,147,104
"COG3923",0,0,0,1,0,0,0,0,7,0,0,0,1,0,0,0,0,0,0,0,32,0,0,0,0,0,0,0,0,0,0,0,0,0,0,0,0,0,0,0,0,0,0,0,0,0,0,0,0,0,0,0,0,0,0,0,0,0,0,0
"COG3926",4835,70,142,158,419,132,157,168,563,137,8896,425,204,203,386,44,125,147,91,339,831,441,162,344,283,378,421,89,273,317,272,101,118,165,438,12319,144,85,197,135,358,258,351,466,133,339,5107,386,161,271,143,104,218,1337,297,287,154,231,102,190
"COG3930",322,144,153,375,280,176,214,245,99,310,783,57,71,215,191,3,219,324,191,138,155,160,332,27,228,151,148,176,303,690,214,134,386,300,103,487,846,212,192,64,51,107,398,111,172,277,77,99,367,57,85,145,176,215,247,118,131,310,542,159
"COG3931",106,431,461,301,407,450,438,387,282,331,98,309,288,355,261,350,318,321,745,249,69,276,369,160,317,315,302,342,276,382,647,731,365,340,366,144,406,383,386,554,101,422,273,229,392,293,1581,323,243,336,282,334,721,238,233,347,420,233,760,324
"COG3932",71,7,8,229,22,8,17,37,44,51,189,55,10,21,64,61,75,175,59,23,790,91,9,49,35,33,5,77,141,521,44,36,129,133,7,110,220,25,14,20,49,42,8,21,55,28,1132,19,135,98,67,74,48,55,62,48,5,1,306,71
"COG3934",39,511,155,129,392,203,250,153,61,37,106,81,112,145,32,973,283,107,225,7,43,80,29,2,71,4,41,193,25,804,188,15,285,106,17,37,328,29,228,145,21,161,172,6,146,97,63,45,75,44,6,39,13,33,37,93,64,133,665,123
"COG3935",1769,8,11,14,31,5,13,7,7,11,2524,4,5,15,48,0,25,39,29,6,57,45,22,16,17,9,101,25,18,13,25,63,21,22,68,2841,11,13,42,67,4,122,29,35,23,21,200,7,13,12,0,6,124,99,26,6,24,8,28,41
"COG3936",1,0,0,2,0,0,0,0,0,1,0,0,0,0,0,0,4,1,0,0,1,1,0,0,0,0,0,2,0,3,4,0,0,2,1,2,3,0,0,1,1,1,0,0,1,0,1,0,2,0,0,2,0,1,0,2,0,0,10,0
"COG3937",7,53,7,2,102,13,141,13,26,54,1,30,185,193,2,0,3,7,0,5,3,33,2,4,4,11,14,0,33,3,16,0,2,8,320,5,1,87,124,0,0,4,0,5,20,4,0,26,4,88,0,59,0,5,17,3,204,0,1,2
"COG3938",987,1411,1494,1715,1333,1560,1292,1386,912,888,1112,805,853,1052,957,2075,1986,1126,2049,633,216,624,1017,351,1327,794,637,2163,633,1167,1719,1705,2069,1618,1031,628,2045,984,1035,1653,521,1668,925,749,1413,973,1468,846,1144,706,511,928,1866,679,732,1461,1071,901,1001,1386
"COG3940",398,2,2,172,13,6,40,20,94,151,416,10,8,21,40,892,191,65,43,1,4307,141,13,0,74,14,0,91,61,1053,91,18,253,16,3,207,1085,15,1,31,9,5,6,4,45,52,102,13,39,3,29,15,81,48,98,8,2,13,696,83
"COG3941",468,5,5,204,201,7,33,16,67,160,1765,133,10,94,68,0,9,117,20,36,84,536,15,317,60,104,379,55,246,112,15,39,24,19,165,12678,233,19,40,29,83,131,148,95,53,142,2620,13,52,37,25,25,21,468,157,316,35,33,22,24
"COG3942",31,2,0,153,7,2,30,17,12,2,25,10,0,7,52,0,76,69,22,1,19,51,5,1,0,8,0,144,71,120,20,16,133,50,3,10,123,15,2,3,4,4,8,22,15,3,261,0,4,4,7,31,30,6,11,4,0,0,24,65
"COG3943",110,10,7,302,12,7,23,13,107,102,177,9,4,19,31,3,121,99,52,13,950,128,5,16,39,13,7,97,131,340,66,22,118,65,16,84,228,22,7,23,86,8,6,26,29,27,106,43,18,71,91,94,50,58,30,17,3,4,120,68
"COG3944",17,2,0,84,13,2,16,9,3,3,6,1,1,1,4,0,158,5,9,0,7,86,7,1,7,3,4,16,13,3,11,12,90,29,5,1,40,8,17,28,0,16,9,15,10,6,0,1,0,2,5,11,11,3,4,1,9,5,0,71
"COG3945",2224,654,189,1170,16,238,127,541,5,20,1034,1,18,30,959,8,1252,200,825,7,73,2,41,1,2,0,7,1671,8,476,1016,863,1085,1161,19,20,1276,57,62,570,150,358,0,12,1053,5,312,5,708,4,13,5,1102,43,7,368,40,12,1561,1069
"COG3946",5,0,0,13,2,0,0,1,0,0,3,0,0,0,2,0,3,1,1,0,14,1,0,0,0,1,0,1,3,4,5,0,0,1,0,187,11,0,0,1,0,1,4,6,3,5,0,0,1,1,2,0,0,0,3,0,0,0,1,0
"COG3947",36,2,1,18,27,3,1,0,12,9,72,7,1,10,8,4,0,6,38,7,1,5,38,0,0,0,0,2,6,146,9,51,6,0,3,49,6,17,0,105,0,6,8,0,8,3,5,0,63,2,0,0,73,4,2,1,1,8,635,1
"COG3948",1,0,0,79,6,1,5,7,3,66,20,2,2,2,1,0,61,12,2,1,13,9,2,1,2,1,0,16,12,69,12,2,7,21,13,65,62,4,1,9,1,3,0,3,2,2,180,1,4,3,1,9,6,34,1,41,2,0,26,4
"COG3949",904,323,258,351,60,267,257,226,26,58,913,58,103,45,280,383,561,174,444,66,10,39,197,10,12,34,69,576,48,275,364,704,452,321,54,20,455,292,104,487,81,261,110,22,126,47,5,95,330,63,15,64,953,52,18,256,84,80,326,275
"COG3950",10,16,5,38,25,2,4,3,14,35,38,0,7,11,10,2,17,30,4,0,611,47,4,5,8,4,1,8,12,249,19,14,28,24,3,171,55,14,15,5,0,9,11,14,21,28,242,24,21,6,10,20,23,105,38,30,16,11,121,19
"COG3951",700,65,67,399,155,62,140,136,256,293,440,175,135,141,82,271,157,300,137,195,1772,230,46,128,194,140,79,225,384,896,140,42,78,172,218,988,276,64,125,52,48,95,71,138,126,120,528,159,212,208,108,323,43,314,160,127,125,31,466,196
"COG3952",48,123,107,74,160,107,145,116,180,168,66,177,126,110,49,109,161,108,193,112,20,174,87,181,162,182,157,86,163,79,143,249,200,81,222,26,235,124,177,287,40,151,76,183,172,120,505,124,22,194,250,226,208,176,120,102,180,86,44,228
"COG3953",0,0,0,1,6,0,1,0,0,0,0,0,0,2,0,0,7,1,0,0,3,0,0,0,0,0,0,7,1,0,0,0,9,0,0,0,10,1,0,1,0,0,0,0,1,0,0,0,0,1,4,2,0,0,1,0,0,0,0,0
"COG3954",1182,399,304,388,486,318,631,337,735,3493,692,762,1867,1522,410,2088,301,1352,739,1355,2825,1859,104,216,1136,2898,3008,590,3222,1081,839,505,380,481,1446,532,637,1066,1002,486,166,369,543,1984,321,1335,225,1663,422,2001,803,3704,399,2117,4705,489,1507,33,528,213
"COG3955",0,2,2,0,1,3,3,3,6,2,0,1,16,0,2,0,0,5,0,7,0,10,2,5,2,2,1,1,5,0,4,0,0,1,3,2,0,0,2,0,25,2,4,0,1,2,2,13,1,8,1,8,0,13,0,7,3,1,0,6
"COG3956",1011,360,379,702,541,420,637,473,277,923,808,157,1043,696,914,0,803,1103,716,245,62,953,553,123,539,930,1684,845,1583,597,559,1048,888,761,540,141,555,885,623,533,1102,970,879,1076,659,658,0,1103,553,955,146,1529,1286,1257,1043,526,651,1065,1246,663
"COG3957",140,12,1,1340,134,9,71,52,334,556,416,29,50,158,138,5,424,344,180,10,682,350,18,46,62,109,12,586,537,721,161,41,284,277,442,539,456,224,23,59,9,43,22,77,61,94,1146,60,78,64,65,209,62,140,175,39,45,9,305,118
"COG3958",3546,2643,2387,3199,2532,2405,2284,2748,2133,1852,3879,2038,1534,1968,2799,2892,3747,1839,2366,2000,292,1663,2309,2634,2420,1470,1423,3755,1586,1662,3070,3399,3468,3741,1772,1938,3279,2395,1639,2709,1688,2592,2136,1623,2839,2154,1873,1661,2608,1723,2269,1454,3157,1619,1524,2090,1510,2360,3588,3555
"COG3959",3612,2778,2505,3012,2276,2424,2175,2832,1959,1818,4020,1849,1484,1862,3399,2718,3716,1986,2304,1804,256,1592,2209,2173,2411,1264,1405,3879,1409,1693,3100,3336,3485,3778,1714,1696,3251,2321,1616,2493,1770,2531,2035,1489,3257,2013,1673,1490,3049,1540,2175,1382,3020,1518,1401,2172,1574,2120,3602,3926
"COG3960",17,1,0,14,8,0,1,1,8,13,21,1,0,3,0,0,4,0,1,1,98,16,1,0,0,1,1,62,17,35,10,2,5,17,3,264,16,10,1,2,1,12,10,11,1,5,1,1,1,4,0,2,4,11,5,0,0,0,30,3
"COG3961",78,34,27,24,107,21,45,27,64,48,325,51,82,42,20,0,13,197,91,0,1909,5,3,0,62,15,5,19,15,187,37,324,18,21,59,57,53,77,15,373,16,37,18,1,109,49,15,26,4,51,27,29,448,14,78,12,12,5,23,85
"COG3962",586,3339,4363,2120,3127,4238,5179,3496,3569,1306,493,3129,4675,3710,4808,4167,2413,1944,2347,2747,145,4440,4654,5693,3584,3737,3949,2306,3552,1522,2489,2319,2383,1929,4634,568,1811,4544,5537,2545,4302,3118,3647,5612,3181,3671,408,4922,3648,3858,5057,2085,2046,4397,1417,3764,5445,3821,1342,1836
"COG3963",214,122,80,187,141,74,113,107,44,119,134,47,70,101,291,175,189,375,402,95,94,69,35,87,59,23,33,212,89,121,374,469,300,237,167,31,200,74,66,522,120,298,22,36,203,90,677,32,36,46,41,91,464,33,79,128,57,89,67,296
"COG3964",193,465,407,1423,319,506,424,529,318,310,177,292,232,400,505,489,1247,1277,666,368,190,250,384,303,522,176,178,787,297,710,625,453,1456,1430,197,227,775,292,475,647,91,1953,411,175,1028,418,77,308,208,143,74,187,475,276,376,291,358,239,180,1472
"COG3965",618,2,1,89,11,1,7,0,36,62,267,6,4,10,10,0,120,155,22,9,848,19,6,0,26,8,4,52,109,349,59,30,12,61,12,161,99,29,7,11,4,17,0,9,6,2,163,32,43,12,5,76,15,16,3,11,6,0,116,17
"COG3967",27,8,1,85,41,6,36,38,9,11,58,7,15,9,18,3,146,46,5,4,54,33,7,0,7,11,3,55,52,87,34,12,125,52,3,10,111,14,9,9,0,6,34,9,11,20,60,7,5,16,13,21,11,14,14,9,2,3,52,41
"COG3968",157,583,259,125,597,295,259,302,416,1075,228,526,187,277,110,2346,156,212,285,131,79,462,156,923,257,116,102,59,289,253,242,583,319,72,205,481,614,185,202,794,365,208,58,71,164,155,1381,75,93,357,158,393,826,163,337,266,108,195,697,105
"COG3969",606,52,13,2,46,7,11,43,28,5,1120,21,29,17,55,253,5,32,9,35,24,72,13,10,46,52,82,6,86,3,18,21,6,10,87,1951,2,39,49,29,78,36,16,28,14,14,357,72,17,27,4,15,56,114,16,6,36,13,17,29
"COG3970",82,297,224,424,388,262,392,406,367,397,114,385,396,424,707,122,493,860,320,381,180,423,191,396,391,420,285,313,435,227,252,202,418,418,483,65,296,306,548,339,58,1037,252,456,853,362,1186,342,175,375,368,431,205,472,343,274,432,151,110,980
"COG3971",704,2750,3154,2230,2279,2881,2425,3179,4290,1663,438,3859,2158,2332,2349,1983,1779,2902,1360,3014,4669,2782,2546,3169,2648,2179,1778,1277,2185,2348,1526,783,1743,2143,3060,861,1375,2133,2555,1313,3398,3500,1903,2610,3177,2175,3028,2354,1819,2968,3570,2235,752,2481,1300,3586,2370,2170,1005,2512
"COG3972",1,0,0,4,1,0,3,0,7,24,5,0,0,3,6,0,8,5,15,0,834,4,1,0,24,2,0,6,4,12,17,0,18,12,35,423,122,56,0,3,0,1,27,26,8,63,1,8,60,0,6,9,2,11,92,2,4,1,42,18
"COG3973",191,311,187,1733,340,186,408,566,9,133,108,58,235,157,383,25,1895,416,1791,170,34,175,174,46,1,33,239,2023,162,1124,1263,1833,1943,1479,223,19,1495,378,678,1321,10,710,22,182,500,35,4,263,406,91,8,87,1681,158,47,723,503,660,834,963
"COG3975",2844,690,664,708,1875,605,1037,808,784,2155,2397,786,1368,1642,351,980,739,878,790,623,3261,835,571,707,944,504,568,617,972,1997,892,1285,829,523,2017,891,1793,905,1261,894,324,432,741,408,453,947,1402,520,601,611,346,1146,1622,579,1129,739,1442,392,1417,383
"COG3976",0,0,0,52,2,0,0,3,1,2,0,2,0,0,4,0,16,23,0,0,16,50,0,0,0,0,0,20,22,1,1,0,19,2,1,8,12,5,0,2,0,0,0,0,1,2,0,0,0,0,5,2,0,0,0,0,0,0,5,4
"COG3977",123,137,72,430,83,83,108,117,202,89,84,209,61,45,61,2051,237,132,910,121,229,143,5,64,168,99,52,400,162,344,710,948,320,413,92,232,234,122,23,745,23,187,5,77,101,68,5,71,107,141,146,203,699,94,74,67,26,2,150,291
"COG3978",18,0,0,2,0,0,0,0,19,2,30,0,0,0,3,0,0,0,0,0,21,0,1,0,0,0,0,0,0,35,2,0,0,0,1,43,34,0,0,1,0,1,0,0,3,0,1,0,1,0,0,0,4,1,0,0,0,0,51,1
"COG3979",3214,4031,2632,2127,3827,2758,4114,3626,615,3586,4468,1000,1575,2522,2693,499,2444,4557,3298,2834,4483,1640,4275,737,1269,2230,1782,3311,1829,3329,2809,2334,3273,1654,875,1480,3513,3936,3312,2006,596,4332,5811,1553,3365,3511,2100,2290,5339,506,739,1161,2750,2240,2440,2779,2212,3301,2756,3203
"COG3980",1574,488,429,1289,477,453,562,509,406,669,799,359,395,589,650,960,1107,708,856,325,2285,479,518,351,425,432,408,1100,545,1535,866,1464,1003,1274,483,819,1340,681,424,1544,294,767,400,374,1211,373,658,456,623,353,459,386,1507,487,346,375,466,369,1848,1552
"COG3981",34,14,5,28,5,5,9,11,13,24,88,4,1,7,11,5,11,11,20,5,509,10,26,2,8,16,2,26,10,174,23,33,26,33,2,17,44,3,5,28,1,25,1,1,15,31,196,9,67,1,11,1,73,8,48,4,0,0,515,39
"COG4006",7,0,0,1,0,0,0,0,0,0,19,0,0,0,0,0,0,0,2,0,0,0,0,0,0,0,0,7,0,3,4,17,1,4,0,0,1,0,0,3,0,0,0,0,0,0,0,0,0,0,0,0,13,0,0,0,0,1,0,0
"COG4012",120,0,0,12,8,0,3,0,0,3,76,0,0,1,2,0,4,2,123,0,1,0,0,0,0,0,0,1,0,3,40,226,14,26,0,1,3,0,0,286,0,0,0,0,0,0,0,0,0,0,0,0,243,0,14,0,0,1,1,2
"COG4021",57,0,0,1,4,0,3,2,0,0,324,2,3,1,6,30,4,2,5,1,12,20,1,0,0,0,1,1,8,43,3,11,1,14,0,0,3,4,4,9,0,10,0,0,2,3,0,4,0,20,0,5,15,11,1,2,3,0,10,4
"COG4032",1234,1135,919,2116,689,926,958,1167,946,569,1321,883,719,794,1393,1015,2034,1567,1532,765,200,943,889,567,862,809,627,1447,707,1094,382,607,666,686,250,80,436,352,332,654,228,693,282,297,511,229,206,219,274,337,365,231,622,287,194,304,297,311,332,657
"COG4034",11,88,13,0,0,21,37,28,3,2,5,7,13,6,90,0,0,29,11,102,0,6,14,1,5,52,27,0,10,1,2,4,0,3,41,0,0,25,28,7,2,17,15,9,32,2,0,25,25,8,1,3,7,18,2,15,56,2,1,38
"COG4043",10,1,0,0,1,2,0,4,4,3,30,16,3,6,5,1,6,1,2,4,0,19,14,30,3,3,9,8,19,54,3,9,12,10,5,1,4,0,2,4,16,3,1,11,7,3,3,4,23,13,7,16,6,13,3,2,2,0,268,14
"COG4044",0,0,0,0,0,0,2,3,0,0,0,0,0,0,19,0,0,0,0,0,0,0,0,0,0,0,1,0,0,0,0,0,1,0,4,0,1,0,15,0,0,37,0,1,5,0,0,0,0,0,0,0,0,0,1,0,13,0,0,8
"COG4046",1426,642,155,2337,12,196,109,494,0,0,234,0,11,6,860,4,2397,182,477,2,21,0,41,0,0,0,3,2447,1,852,325,78,743,787,3,0,686,13,19,39,60,130,0,0,317,0,0,1,180,2,0,1,59,0,0,75,7,7,1078,344
"COG4063",21,43,15,2,0,15,0,12,0,0,11,0,0,0,0,0,1,0,22,0,0,0,1,0,0,0,0,4,0,0,2,5,41,15,8,0,8,0,0,2,61,1,0,0,1,0,0,0,1,0,0,0,29,0,0,81,0,0,0,0
"COG4067",806,592,543,1022,574,580,715,680,403,654,823,297,550,624,507,12,554,554,403,488,1616,271,635,1246,447,611,435,680,474,1452,509,168,552,418,1224,884,938,727,588,144,892,492,833,561,541,644,2398,521,880,283,177,265,289,603,252,702,452,920,1249,562
"COG4083",8,496,353,48,477,374,279,377,0,302,8,106,137,215,99,8,72,194,131,132,55,123,287,0,77,175,119,195,102,31,241,15,292,93,6,61,66,221,286,84,3,247,390,194,204,325,0,148,343,22,10,81,9,103,221,234,189,149,29,120
"COG4085",14,6,7,32,8,7,15,6,11,6,69,4,11,7,3,0,48,21,419,0,6,19,15,1,3,4,13,49,4,11,150,128,19,19,26,1,52,5,6,522,2,5,10,4,9,8,0,14,1,2,0,14,152,25,7,8,2,3,9,30
"COG4087",1,0,0,2,0,0,3,1,0,1,4,0,0,1,0,0,6,0,1,0,9,1,2,0,0,0,0,0,1,1,3,64,5,1,0,108,7,0,0,5,0,0,4,7,0,2,0,0,0,0,0,0,83,0,1,0,0,0,2,2
"COG4088",0,47,9,0,24,16,6,6,0,1,0,1,8,10,2,0,1,5,0,0,1,3,0,1,0,0,5,1,1,0,3,0,0,0,2,1,0,3,46,1,1,23,0,1,1,0,0,4,5,30,1,5,0,5,1,27,17,1,2,0
"COG4091",177,1013,1211,1146,1644,1152,1685,1420,1383,755,125,1304,1749,1545,1377,351,1357,794,439,1152,81,1315,1567,2955,1527,1255,1861,664,1157,647,887,626,1207,1599,1867,376,801,1718,2544,553,3474,1509,1595,2201,1427,1583,703,1850,1596,1490,1721,1044,583,1439,596,1367,2223,2619,423,1344
"COG4092",0,0,0,4,3,0,0,1,0,1,0,0,0,9,0,0,0,3,0,0,1,5,0,0,2,5,0,4,1,0,2,0,1,0,0,0,0,0,0,0,0,0,0,0,1,0,0,0,0,0,14,1,0,1,1,0,0,0,0,2
"COG4093",2,1,0,27,11,1,3,3,9,2,5,5,3,1,6,0,12,5,10,0,9,14,0,1,0,4,1,14,18,81,1,0,22,22,3,7,23,1,0,1,0,4,1,2,4,3,201,2,3,3,8,11,1,6,8,4,0,0,5,5
"COG4094",338,193,123,410,383,192,460,310,697,2222,293,688,1370,968,215,40,307,824,1075,1343,93,989,95,201,581,1638,1527,387,1507,398,673,1176,254,340,879,189,387,669,543,1317,35,467,357,913,250,856,1057,1024,113,1285,448,2142,1070,1014,2772,465,846,41,199,135
"COG4095",155,212,206,133,236,199,126,259,277,782,89,343,82,356,172,207,140,153,172,408,11,99,137,182,237,525,60,147,73,118,176,95,177,118,212,33,157,271,106,151,160,114,151,68,100,280,105,95,248,220,80,248,109,72,963,354,97,106,86,108
"COG4096",1758,491,584,1303,1082,543,541,575,1327,1810,1970,1007,679,1124,965,895,998,1043,929,555,8078,1003,771,616,1145,1025,914,1034,1125,2551,892,1355,740,1183,644,2047,1907,915,738,983,765,551,1164,821,1406,1330,1553,827,804,735,944,902,1251,1026,1562,608,705,1242,1908,1166
"COG4097",27,6,6,626,89,2,31,24,108,163,116,17,30,46,48,4,112,139,66,3,214,263,16,6,31,28,9,212,220,292,35,12,90,82,30,389,134,100,17,22,8,27,30,24,23,35,1245,42,22,39,13,71,13,84,47,5,3,12,147,42
"COG4099",822,851,865,1127,1210,889,1136,1178,1081,1042,592,1363,731,867,509,380,1322,1547,1827,1006,884,407,835,781,1207,496,341,1360,504,1104,1208,831,1535,1104,947,260,1355,1088,554,1273,468,1694,932,327,1481,693,733,662,958,387,656,576,717,572,580,1001,574,1132,481,1802
"COG4100",4,198,131,9,533,194,791,305,958,2972,9,978,3867,1520,460,17,30,1533,121,2208,9,2543,127,199,748,2389,4371,10,4327,17,304,2,4,253,1667,59,3,1609,1211,171,8,538,470,2546,217,1023,4,2887,145,2800,798,4721,4,2666,3687,608,1948,2,6,49
"COG4101",46,383,257,351,130,282,428,372,157,223,25,180,144,176,420,27,425,580,110,184,116,168,205,154,112,169,143,292,151,215,186,40,400,411,138,15,291,372,231,71,15,717,151,128,461,160,14,169,307,159,149,220,49,148,96,236,235,70,85,758
"COG4102",896,2500,2946,6066,2830,3053,3130,3117,2005,1428,1064,2553,2403,2572,4644,3682,5400,5624,3335,2707,1139,2062,2577,3297,2510,1500,1923,3318,1923,3297,3072,1888,5643,6432,3418,3499,2887,2530,2872,2609,2006,5829,1901,1954,4857,1871,1103,2341,2625,2445,2995,2219,1611,1644,1152,2819,2975,2716,970,4940
"COG4103",780,719,894,566,667,791,652,722,925,584,427,938,559,769,466,491,465,771,619,834,1239,696,858,801,944,896,620,536,620,769,200,182,168,173,262,95,181,188,244,260,128,261,229,214,241,282,192,203,194,229,390,218,249,219,167,230,285,187,123,169
"COG4104",115,6,18,79,78,17,26,48,139,123,197,117,36,40,41,16,8,50,11,222,109,66,32,48,50,60,114,48,94,103,21,5,38,24,28,562,66,11,41,1,44,19,55,76,37,53,145,60,36,55,23,36,4,134,44,37,44,18,122,10
"COG4105",2568,4083,5324,3155,4112,5145,3906,4425,5401,2280,2441,4897,3882,4164,4099,5482,3242,3172,4084,4563,2322,4103,5671,5762,5127,3858,3446,3254,3574,3122,4272,4235,3392,3368,4474,1281,3257,4260,4282,4271,5182,3141,5403,4475,4150,4537,1697,4135,3581,4370,6031,2977,3892,3854,2422,4243,4305,5222,2752,3952
"COG4106",39,89,33,260,33,41,69,102,6,32,28,31,59,53,229,10,207,171,67,66,12,83,61,28,15,9,67,86,66,98,58,93,173,275,98,150,117,121,120,82,30,283,16,77,188,25,228,54,24,50,35,65,77,68,21,80,120,9,40,147
"COG4107",3,64,15,34,25,24,18,56,23,30,50,21,14,21,11,7,23,47,11,796,23,57,8,1833,11,20,47,27,48,108,9,7,15,48,1157,108,35,357,14,4,1,79,4,43,22,26,696,18,6,39,27,43,3,31,25,414,14,1,45,21
"COG4108",1525,1977,1633,1733,2076,1620,1933,1871,2872,6729,1422,3311,3701,3342,1209,4929,1168,3580,2076,3562,3296,4025,995,1767,3110,4982,5709,1365,6297,2852,2102,1325,1535,1520,3785,1873,2093,2582,2347,1835,998,1926,1339,3848,1817,2857,3172,3546,1194,4702,2013,7779,1218,4172,7920,1949,3154,1058,3053,1153
"COG4110",12,0,0,79,1,0,7,6,2,44,45,14,0,4,3,0,8,23,5,8,62,8,1,1,1,7,1,35,25,79,14,15,6,19,1,341,81,4,0,19,2,4,10,9,2,7,4,3,2,20,6,18,27,45,8,15,2,0,23,12
"COG4111",11,24,3,63,23,0,15,13,31,34,13,12,13,16,30,2,29,60,10,11,7,18,5,25,19,14,7,26,16,58,2,3,5,12,8,7,6,7,6,3,0,20,2,4,8,8,159,3,1,4,9,2,1,4,5,4,2,11,82,17
"COG4112",141,4,6,21,53,5,43,22,30,26,385,47,22,34,3,0,38,70,37,14,491,3,0,1,52,6,2,60,7,18,29,27,21,37,11,14,40,6,2,15,1,29,1,1,44,18,2,15,1,7,1,12,14,8,26,27,1,1,7,53
"COG4113",20,1,1,7,7,0,2,0,5,3,35,0,1,5,0,0,4,6,1,0,2,2,0,0,0,2,0,5,7,2,0,13,6,7,0,1,14,1,1,3,0,8,0,0,11,11,6,1,0,3,6,9,20,1,9,0,0,0,1,11
"COG4114",6,1,1,20,7,0,1,0,4,19,4,1,1,3,6,0,28,2,2,0,6,6,0,0,0,1,1,13,13,21,4,1,0,8,7,44,33,6,1,1,1,1,0,8,1,1,37,1,3,1,1,0,1,21,2,0,0,0,10,0
"COG4115",127,6,0,84,10,2,15,17,28,20,203,31,25,37,15,13,58,46,29,8,293,9,4,27,3,7,9,45,28,164,28,73,30,41,78,64,58,30,21,29,6,27,8,8,6,7,227,11,16,14,20,18,99,28,17,8,22,2,51,10
"COG4117",32,29,14,167,51,14,39,35,20,35,24,4,9,29,30,0,137,93,59,29,19,16,6,1,3,3,4,102,37,104,78,43,152,105,36,18,221,37,6,44,0,66,2,10,46,8,63,7,4,5,6,26,34,10,14,14,5,16,29,39
"COG4118",3,0,0,28,1,0,1,0,4,3,1,2,3,0,2,0,1,6,5,1,4,1,0,3,1,0,2,15,1,4,3,23,2,5,14,1,5,13,13,5,0,10,0,3,2,0,1,2,1,1,1,0,11,5,0,0,10,0,2,2
"COG4119",46,6,3,27,14,3,25,9,18,14,102,12,3,10,0,0,48,9,9,7,3,8,3,8,24,2,8,12,5,1,4,1,39,12,7,6,17,1,15,4,0,8,4,2,10,16,2,10,1,7,12,11,1,2,20,15,8,4,1,9
"COG4120",63,0,1,108,22,0,1,2,23,33,47,4,1,9,12,1,7,22,5,3,76,8,0,0,8,2,1,30,33,37,4,36,4,15,10,36,10,4,1,6,1,7,1,29,0,8,192,3,4,25,1,22,67,6,15,0,0,0,26,1
"COG4121",1217,1603,1792,1055,1629,1679,1443,1283,2038,4100,1369,2349,2140,2230,564,2843,606,1812,611,2267,3597,2500,1176,1289,2455,3494,2505,674,3015,2206,1062,192,698,791,2567,1608,1512,1599,1662,423,994,1034,1402,2095,1089,2276,2704,1865,1110,2806,1567,4083,394,2481,5055,1497,2130,1202,1643,831
"COG4122",1326,2618,3422,3030,2505,3203,2578,2872,3289,1494,835,2721,2393,2197,2877,1971,3503,2037,2282,2708,161,2810,3854,3312,2610,2119,2101,3589,1969,1820,2743,1963,3229,3420,2856,541,3131,3022,2661,2194,2878,2145,2893,2822,2303,2557,946,2688,2065,2478,3410,1321,1656,2482,1271,2637,2653,3584,2873,2828
"COG4123",906,611,631,320,569,543,493,515,721,656,579,651,483,545,251,1235,263,569,280,388,1970,414,347,442,706,502,358,206,528,904,327,376,337,249,781,368,538,417,547,329,271,524,314,418,546,404,1266,378,351,544,582,714,294,375,434,497,587,291,562,608
"COG4124",69,5,4,40,89,11,36,28,68,55,312,74,18,43,40,37,133,31,156,34,14,30,39,61,52,12,7,73,23,303,99,22,186,30,12,33,451,26,11,30,18,7,200,12,35,98,38,6,16,11,60,18,18,25,58,10,6,157,283,46
"COG4125",3,0,0,82,13,1,7,3,19,18,18,0,0,5,12,1,3,29,26,0,64,7,1,5,3,2,2,49,47,124,0,4,9,13,10,140,34,18,0,14,1,1,7,8,8,1,49,0,25,10,0,10,1,49,6,3,0,1,38,1
"COG4126",385,422,367,1256,365,377,554,575,678,377,388,678,499,378,169,207,1027,683,808,457,86,656,220,388,455,650,405,1302,638,789,908,718,1169,1129,896,179,958,398,598,921,80,756,238,668,547,286,1507,486,163,737,756,871,730,631,278,451,658,180,444,648
"COG4127",32,113,90,90,79,80,103,152,68,65,22,32,44,64,55,5,79,77,58,43,52,51,179,21,40,62,50,75,47,56,80,32,54,60,35,203,78,96,97,15,51,42,227,25,100,79,11,56,211,12,14,23,42,77,58,87,74,224,82,89
"COG4128",5,1,0,24,1,0,1,10,102,12,11,2,0,25,3,0,0,9,1,0,59,0,2,2,0,0,3,6,5,142,17,2,4,4,5,141,33,4,0,3,0,4,6,0,8,5,0,0,18,13,3,2,0,4,4,7,1,4,94,0
"COG4130",15,25,57,48,28,71,44,38,57,9,2,48,29,38,46,3,51,39,6,7,15,15,73,4,54,46,35,50,14,103,40,25,55,32,16,32,45,39,28,16,44,67,50,43,57,32,1,48,27,42,10,17,27,22,21,23,42,36,29,37
"COG4132",9,0,0,71,4,0,0,2,10,2,2,2,0,2,10,0,3,37,0,0,41,53,1,1,0,1,1,32,47,34,0,3,18,17,8,170,12,15,2,2,1,0,4,12,1,0,36,0,3,3,1,4,1,48,1,0,0,0,18,2
"COG4133",745,1406,1665,898,1170,1689,1214,1172,1684,911,548,1810,1037,1360,876,1800,771,1049,842,1466,1576,1291,1562,1559,1814,1524,1168,983,1192,1242,1062,537,893,885,1557,570,979,1053,1308,767,1617,1105,1425,1431,1321,1403,837,1135,1003,1372,2202,1345,524,1155,880,1339,1392,1216,672,935
"COG4134",323,221,220,291,308,227,257,247,430,298,199,468,333,190,102,474,209,280,208,361,913,498,125,603,300,461,366,299,485,558,66,22,101,71,172,33,104,95,101,47,57,82,55,175,50,83,450,78,80,175,183,202,5,158,85,112,140,52,150,66
"COG4135",540,171,210,363,276,190,179,190,582,310,373,558,273,155,93,429,216,267,115,257,1374,527,126,443,391,414,376,260,496,815,193,51,273,225,739,143,297,191,422,44,169,254,143,551,128,246,1556,286,306,539,561,658,40,505,230,222,489,115,545,102
"COG4136",200,22,27,134,102,18,47,38,99,80,143,107,70,55,28,111,74,103,32,28,510,123,20,81,132,105,104,78,132,285,75,33,77,78,208,63,68,63,117,16,39,53,42,148,39,64,363,64,108,146,74,182,32,115,65,36,135,29,207,24
"COG4137",731,446,338,574,189,373,210,330,320,278,611,366,152,233,183,2216,285,382,865,292,1886,335,294,266,167,99,169,542,341,1131,656,699,411,436,262,674,656,147,162,558,704,221,139,167,256,158,125,205,451,284,196,352,518,299,103,377,166,194,666,301
"COG4138",498,0,0,45,6,3,6,0,38,63,297,1,1,2,6,0,50,95,30,4,1601,29,0,2,19,10,2,11,60,449,31,31,8,6,1,154,71,4,0,9,0,10,0,3,19,7,0,5,19,3,3,22,18,14,20,13,3,0,27,11
"COG4139",7,0,0,0,1,0,0,0,9,0,0,0,0,0,0,0,0,0,0,0,54,0,0,2,2,1,1,1,0,0,0,0,0,0,0,0,1,0,0,0,0,0,0,0,0,0,0,0,0,0,1,0,0,1,0,1,0,0,0,0
"COG4143",166,871,1092,1258,1455,1144,964,1294,1016,919,107,1190,934,1085,748,731,1351,753,1163,876,207,780,1036,453,1052,936,756,1318,732,739,1275,1192,1306,1161,970,140,1118,780,1384,1297,260,1115,1237,971,1090,1117,102,972,672,840,705,900,1185,727,709,1270,1262,992,555,846
"COG4145",1670,898,442,939,545,456,971,796,413,500,2088,638,535,420,561,487,810,1177,1164,591,618,744,501,419,307,263,353,927,702,776,826,1677,973,705,558,221,902,892,464,1077,93,1587,175,280,911,232,5,598,622,673,339,1021,2006,492,230,552,383,100,535,1159
"COG4146",8330,3832,4425,3042,3549,4470,3988,4751,4667,2697,7601,5395,2974,3486,3069,4661,4015,3686,5951,4948,9065,2912,6038,6704,5545,3244,2382,4612,2759,5071,4722,5855,4138,2680,4356,2070,4670,3782,2842,5987,2592,3301,6619,2131,3522,4272,1335,3254,6914,2279,3734,3178,6622,3028,2886,4967,3050,5368,5096,2677
"COG4147",608,2469,2590,815,2272,2788,2708,2445,2828,1025,643,2797,2586,2222,2919,2498,809,1439,1307,2253,1497,2471,2979,3712,2614,2107,1875,1005,2008,1068,4877,1481,3122,2758,7439,2566,3111,7669,7694,2333,7824,4823,7965,7679,6206,8170,3062,7664,10862,6855,9425,4338,1419,7097,3193,7205,7706,8952,2289,5565
"COG4148",924,716,525,1171,433,466,417,536,556,602,595,634,331,396,593,1770,857,1282,1176,470,3415,585,124,263,490,434,289,929,718,1591,983,852,1004,988,531,599,961,299,323,786,246,1171,149,424,782,327,1386,394,331,628,368,772,664,611,378,499,287,129,670,1355
"COG4149",560,599,505,981,470,493,423,545,425,500,455,500,342,445,607,509,887,923,1120,486,1985,574,266,217,338,341,274,935,537,1157,711,948,978,875,560,427,1030,332,378,952,230,976,250,368,783,317,902,354,362,634,270,589,882,454,333,681,360,470,590,972
"COG4150",31,0,0,319,23,1,14,1,42,89,103,8,5,11,21,2,50,91,73,2,127,23,12,0,16,7,2,89,133,359,47,8,27,52,12,477,116,14,1,13,13,28,7,22,5,7,136,27,44,9,2,71,7,76,9,7,1,0,181,7
"COG4152",205,516,624,405,901,623,450,420,441,737,576,509,377,460,400,1442,455,508,591,530,110,570,441,517,667,234,246,374,597,361,600,406,626,312,612,138,782,488,259,490,500,330,522,242,387,533,1262,276,281,324,327,607,427,324,500,541,277,840,188,269
"COG4154",35,355,493,495,356,503,612,507,588,195,29,597,468,469,627,270,456,305,287,482,25,622,611,758,528,434,468,547,498,253,393,182,410,418,528,47,353,477,439,388,351,358,341,628,440,405,1,486,431,630,966,369,154,437,182,389,519,404,236,278
"COG4158",7,41,52,44,99,71,68,81,202,68,4,84,72,166,58,4,34,70,26,42,7,80,50,37,106,92,73,58,108,30,64,43,34,42,80,18,36,52,45,61,18,93,125,53,144,124,195,88,51,46,141,43,33,81,59,55,65,92,15,100
"COG4160",550,1373,1896,1395,1265,1815,1390,1655,2022,524,417,1719,1242,1388,1772,1281,1468,841,1428,1528,235,1443,2171,1749,1446,1098,1213,1489,1169,1133,1508,1579,1267,1554,1454,609,1316,1539,1480,1516,2042,963,1640,1635,1292,1543,959,1429,1187,1642,2264,699,1338,1500,496,1454,1535,1824,758,1506
"COG4161",2,0,0,0,0,0,0,0,6,0,0,0,0,0,0,0,1,1,0,0,26,0,0,0,0,0,0,1,0,0,0,2,0,1,0,0,0,0,0,0,0,0,0,0,0,0,0,0,0,0,0,0,0,0,0,0,0,0,0,0
"COG4166",1478,5675,5718,6030,4301,5879,5272,5566,4933,3480,1447,4585,3860,5405,5296,2747,5521,7094,6646,4544,1574,3810,4988,3507,5323,5076,3917,5541,3551,5233,5279,4764,5986,5481,4471,1953,5066,4411,4590,6503,2948,7339,4443,4072,7470,4593,3990,4141,4313,3377,4733,3642,4655,4276,2997,4791,4622,3761,6061,7512
"COG4167",596,1,1,87,7,1,14,4,67,82,421,4,0,5,12,0,56,142,46,8,1679,33,7,0,32,2,1,35,78,653,37,32,8,22,0,304,217,1,1,12,5,4,3,3,16,15,16,15,170,1,5,26,24,26,22,6,5,0,285,22
"COG4168",4,0,0,3,0,0,1,0,10,0,1,0,0,0,0,0,0,0,0,0,57,0,0,0,0,0,0,0,0,0,0,0,0,0,0,2,0,0,0,0,0,0,0,0,0,0,0,0,0,0,0,0,0,0,0,0,0,0,0,0
"COG4170",248,0,0,28,1,0,2,2,20,31,155,0,1,2,4,0,28,45,20,2,604,13,5,0,18,6,3,13,28,223,50,44,9,34,1,348,247,3,0,14,5,7,4,9,17,15,23,16,180,4,1,34,37,21,21,15,7,0,358,31
"COG4171",698,0,0,68,1,8,12,3,50,91,451,5,4,5,13,0,71,146,62,5,1874,30,2,1,52,8,1,40,70,647,16,13,3,9,0,106,73,2,1,6,1,5,0,1,3,4,4,11,58,1,2,7,12,5,2,4,1,1,116,7
"COG4172",440,3013,3378,2536,3043,3381,2961,2823,3457,2348,447,3441,2930,3673,1694,1842,2248,2291,2343,2860,568,3058,3214,3207,4330,3996,3011,2169,2522,1777,2750,1504,2295,2247,3432,779,2002,2226,3313,2350,2299,3053,3123,3188,3420,3364,1527,2882,2288,3140,3570,3022,1569,3135,2204,3023,3592,2557,1217,2305
"COG4174",480,1161,1220,2013,1401,1215,1530,1543,1270,1635,418,1050,1166,1628,1081,797,1802,2042,1957,1273,379,1236,1273,740,1493,1335,1301,1732,1127,1574,1527,1599,1811,1718,1238,677,1526,1377,1370,1862,641,2309,1260,1277,2139,1292,1158,1350,936,1076,1273,1109,1669,1239,1137,1323,1388,997,1791,1950
"COG4175",1561,7541,8502,5519,4069,8468,6152,7035,5814,1907,1424,7043,4808,4634,7388,9318,6840,3813,6223,5657,371,5342,8019,6302,4617,3491,4796,6538,4093,3751,6538,6198,6381,7338,5035,1257,5992,5781,6250,5643,10156,4921,4822,5810,4806,4797,2310,5528,7185,6391,5985,3344,5344,4835,1709,7396,6311,5469,3071,5548
"COG4176",2531,11868,12844,8633,6923,13207,10695,10632,9894,2840,1483,11161,8414,8244,12970,11150,10482,5387,9901,9267,410,8843,12964,11026,8267,6216,7990,10786,6700,5777,10861,9671,10877,11605,9463,1662,9292,10095,10352,8148,15090,7178,8574,9969,8342,8659,2089,9486,12561,10119,8700,5004,7952,7801,2778,11025,10430,9865,4699,9843
"COG4177",5662,10942,11291,13683,11121,11778,13432,12921,12361,6939,5512,12433,12643,11199,13732,5934,14235,10275,16009,10979,3054,13188,12482,11066,9881,12157,11800,14653,12022,10171,14503,18118,12985,13580,11647,3654,12727,13535,15113,17171,14186,12485,10347,14048,11298,11510,12047,13305,13214,13604,14166,11643,17476,12374,6247,13082,13784,13458,6905,11387
"COG4178",37,1324,524,78,1405,693,1355,719,1223,5510,17,1431,4598,2822,629,467,68,2222,212,3154,114,3226,222,398,1702,4446,5110,52,4779,62,564,8,26,344,2437,172,14,1880,1916,297,222,710,1011,2937,427,2166,1308,3574,227,3731,1209,5889,7,3202,7347,1045,2681,48,18,184
"COG4181",735,1574,1839,1457,1166,1787,1595,1454,2012,898,639,1698,1380,1265,1171,2470,1254,1120,1153,1268,1703,1648,1558,2866,1393,1314,1177,1295,1472,1566,1319,801,1618,1219,1748,757,1501,1281,1663,1019,1672,1176,1133,1532,1358,1275,1042,1329,1214,1562,3171,1241,644,1370,766,1449,1752,1131,1550,1399
"COG4185",20,7,6,59,10,5,8,3,11,34,75,7,0,9,5,4,51,27,14,0,558,14,6,0,15,8,1,42,29,84,6,2,4,21,5,17,13,3,2,3,0,4,16,0,12,9,15,0,2,3,2,2,3,1,10,0,0,3,14,3
"COG4186",241,7,18,26,62,14,20,10,75,20,1326,79,30,24,7,13,94,11,25,24,66,33,5,19,66,30,33,26,22,19,20,24,43,12,8,155,61,2,6,18,250,19,20,50,15,39,181,31,2,8,5,9,19,57,43,32,5,25,7,22
"COG4187",0,0,0,2,0,0,0,0,0,0,0,0,0,0,2,0,0,18,2,0,0,1,0,0,2,0,2,0,2,0,0,0,1,0,0,10,0,0,0,1,1,33,0,0,0,1,309,0,0,0,0,0,0,0,1,0,0,0,0,2
"COG4188",2191,1936,1609,1172,1933,1646,2111,1674,1665,4767,2316,1983,3802,3449,1537,1938,1474,2520,2145,2727,1453,2431,1587,938,1802,3492,4226,2007,3740,1503,1781,2116,1780,1208,2812,493,1518,2636,2103,2529,3336,1457,2859,2844,1526,2441,1086,2836,2421,2875,975,4524,2415,3019,5783,2237,2747,2059,1487,1201
"COG4189",0,0,1,4,3,0,0,0,0,0,0,0,0,0,0,0,0,0,0,0,0,2,0,0,0,0,0,0,1,0,1,0,0,0,0,17,0,2,1,0,2,0,0,0,0,1,242,0,0,0,1,2,0,1,4,0,2,0,0,0
"COG4190",56,1,0,16,4,0,2,1,9,8,91,0,0,0,8,0,10,45,5,0,40,2,0,0,1,0,0,11,15,42,2,20,4,4,4,13,9,12,2,6,0,0,0,1,1,2,217,0,2,1,1,6,32,0,5,4,0,0,6,1
"COG4191",386,263,246,1321,543,211,282,298,457,501,1127,402,212,329,296,1354,411,511,318,56,820,288,792,101,325,193,101,622,485,3446,259,304,456,368,385,2134,1225,431,359,249,216,200,168,262,326,241,5176,165,1200,197,87,354,493,641,273,187,319,164,12064,251
"COG4193",12,8,6,0,12,1,8,7,13,12,4,30,18,12,1,0,0,5,0,17,0,24,1,17,2,18,11,0,9,0,2,0,0,0,34,1,0,5,19,0,23,4,4,12,4,3,2,18,0,35,6,50,0,24,2,17,31,4,0,0
"COG4195",20,50,58,136,102,53,107,105,0,31,6,0,74,42,118,0,159,112,116,46,3,31,61,6,0,4,60,259,29,144,109,113,231,167,90,5,153,125,196,65,4,176,2,42,119,9,25,68,106,13,0,20,113,36,5,157,115,200,91,91
"COG4196",551,16,4,949,195,10,88,84,182,404,836,125,21,103,139,7,367,432,278,115,2093,281,59,131,47,51,35,458,528,1128,167,89,539,297,141,1647,1154,266,33,343,33,73,131,87,93,81,427,33,223,47,90,150,48,259,117,94,14,17,747,145
"COG4198",2411,2249,2810,2778,1630,2792,2223,2368,1279,1315,2183,1529,1197,1864,3106,1379,3188,2735,3908,1711,215,1116,2556,946,1536,1137,1270,3449,958,1917,2669,4151,3573,3411,1165,187,2999,2267,1429,4167,1046,2747,2016,1121,2707,1516,748,1599,2308,1330,1310,907,4412,991,962,2274,1474,2114,1297,3116
"COG4199",0,2,1,0,0,6,0,3,1,0,0,0,0,0,0,0,0,1,6,0,1,0,1,0,0,0,0,1,0,0,1,0,1,0,0,0,1,3,1,0,32,0,0,0,2,0,0,0,0,0,0,0,0,0,0,0,1,0,0,0
"COG4200",0,0,0,12,1,0,1,7,3,1,1,0,0,2,0,0,1,5,1,0,0,10,0,0,1,2,0,0,4,2,1,0,14,2,1,1,8,0,0,0,0,0,0,1,0,0,0,0,2,2,1,0,0,0,1,0,0,0,2,2
"COG4206",7543,5014,5052,5220,4841,5173,3842,4727,5094,5242,7467,4837,3449,3975,3633,13058,5413,4176,5334,4318,6546,4390,4389,4726,5437,3294,2901,5094,4419,7293,5359,7339,5270,5068,4199,5443,5546,4164,3076,6882,3984,3339,4106,2779,4068,4035,5690,3660,3968,3669,2394,4385,6963,3762,3692,4331,3340,4001,5894,5550
"COG4208",29,3,1,273,14,1,18,11,47,101,111,7,8,15,18,1,40,91,104,1,115,40,17,2,11,12,6,132,126,325,38,8,27,77,9,589,120,13,6,33,27,10,13,23,4,13,119,15,47,26,3,51,2,91,15,2,1,0,151,10
"COG4209",5,29,48,19,20,35,17,44,38,8,5,45,8,53,47,22,22,46,34,49,2,27,28,29,103,40,31,17,31,8,26,10,56,32,21,1,17,14,19,56,7,71,44,57,58,42,0,26,14,13,79,8,15,29,15,37,9,46,8,45
"COG4213",22,44,39,247,97,43,67,64,135,31,25,170,49,108,67,262,162,165,55,47,47,224,12,57,101,64,42,194,148,166,11,6,54,29,28,31,53,21,9,15,24,33,17,41,34,22,342,31,7,16,22,25,5,23,11,34,21,13,32,28
"COG4214",18,42,38,264,67,41,86,76,153,49,20,195,56,108,83,343,166,155,63,67,29,256,20,77,107,78,43,154,173,189,47,15,162,89,89,58,146,85,54,42,94,138,78,106,100,65,1076,90,23,74,84,83,24,91,38,89,58,41,95,70
"COG4215",512,1556,1803,1435,1356,1844,1561,1710,2245,488,363,1866,1452,1538,2190,1266,1580,879,1340,1479,211,1583,2362,1999,1570,1230,1342,1567,1231,1151,1551,1451,1419,1690,1462,652,1371,1628,1685,1555,1970,1019,1733,1824,1509,1672,795,1535,1825,1736,2388,752,1104,1523,529,1596,1517,1959,813,1587
"COG4219",1041,9,3,358,16,7,69,44,153,150,668,36,8,18,75,4,274,343,201,25,2948,122,11,9,85,24,5,127,205,1259,115,153,152,166,10,474,502,24,13,140,12,67,9,21,65,24,2375,23,266,13,13,82,183,68,46,39,13,1,587,112
"COG4220",23,0,0,24,1,0,2,1,0,1,25,1,2,7,1,3,5,36,30,2,36,10,0,5,12,2,1,11,25,101,9,50,5,7,12,616,6,0,2,9,27,3,3,3,2,7,47,1,11,3,1,7,51,47,2,41,3,1,15,2
"COG4221",3331,2984,2018,4001,2379,1997,2032,2959,2394,3084,1681,1890,1786,2100,3891,1533,3919,3233,2502,2433,4399,1766,1616,1353,2294,2664,1622,4303,2031,4039,2901,1401,3739,3594,2355,2066,4160,2091,1817,1618,949,3627,1476,1575,4488,1951,2829,1741,3317,1949,1696,2846,1370,1758,3469,2901,1656,2592,4218,4586
"COG4222",907,27,12,409,161,25,77,60,170,289,854,127,37,99,71,208,231,399,237,278,5782,244,79,129,155,43,25,293,314,1678,122,60,131,111,679,739,644,571,30,62,29,174,18,42,152,95,1268,60,313,85,37,149,82,128,152,182,19,4,1136,145
"COG4223",1,70,67,24,84,71,41,53,83,67,2,74,43,57,9,10,12,17,4,13,1,14,21,1,137,38,13,7,12,37,94,1,51,36,185,11,57,49,177,11,62,106,52,89,121,147,831,68,16,118,11,149,5,55,114,147,207,57,79,32
"COG4225",911,159,138,611,253,113,241,288,216,208,596,248,101,165,600,171,611,1012,305,273,2476,80,122,502,209,88,35,308,157,995,282,152,685,495,90,531,1129,75,92,198,78,704,283,33,514,113,63,121,359,37,59,112,125,93,83,195,64,66,462,643
"COG4226",52,4,0,45,18,2,7,3,2,17,25,1,0,3,3,1,10,11,3,0,44,21,6,0,4,11,1,19,11,74,3,28,17,30,7,92,15,23,2,4,2,5,4,4,1,2,12,2,5,6,3,18,16,10,5,1,2,0,79,2
"COG4227",3084,58,164,712,879,126,183,169,205,465,8056,564,128,374,359,107,345,409,105,158,555,650,71,153,188,642,676,295,428,570,224,255,430,376,438,15705,514,177,196,197,324,490,991,558,236,807,8071,372,120,166,87,257,293,1298,1082,232,168,238,476,265
"COG4228",67,0,0,3,1,1,4,1,0,0,47,0,0,8,1,0,0,1,1,0,8,2,2,0,0,0,0,1,2,3,1,9,7,1,1,17,8,0,8,6,13,0,2,5,3,2,59,2,0,0,0,0,8,7,3,10,0,0,32,6
"COG4229",101,64,11,142,180,32,194,27,123,224,91,84,314,295,15,0,57,38,85,5,87,35,9,23,11,40,33,62,64,176,71,15,14,52,548,197,244,184,199,98,8,27,1,16,49,26,109,54,26,74,3,132,17,89,61,32,344,5,273,52
"COG4230",4443,3135,3382,2642,1914,3356,2211,1541,3071,1791,2869,3311,2306,2818,1157,11195,1833,1766,3046,1969,9048,2640,2496,3029,4494,3124,2061,2871,2783,6038,3262,2409,2260,1888,2639,3451,3608,1606,1983,2313,6075,1253,3504,2544,2028,3018,4808,1936,3458,2467,2757,2794,2390,2224,1789,2258,2638,2289,2962,1567
"COG4231",4123,2278,2447,3861,2925,2479,3289,2848,2583,2546,3642,2065,2867,2875,2292,904,3502,3189,7763,2582,298,2880,2660,2821,3387,2577,2063,3397,2721,3106,4550,8783,3708,3787,4495,1031,3035,2422,3697,9156,1169,4394,3571,2922,3640,2517,3959,2379,3008,2926,2664,3193,9719,2027,2267,3162,3321,3128,2448,3512
"COG4232",4315,5761,6790,4843,5733,6762,5517,5783,6467,5233,4527,6018,4390,5860,4066,7629,4945,4846,5725,6001,5276,4898,6913,7234,7496,5245,4157,5001,4619,5344,5606,4225,4981,4043,5855,4108,5769,5269,4643,5288,4486,4822,7553,4450,5635,6043,5488,4087,6739,4311,6795,5001,4695,4398,4546,5562,5067,6486,7473,4696
"COG4233",295,2446,3141,1343,2416,3107,2694,2411,3118,1917,310,3082,2215,2877,1547,705,1259,2018,1049,2785,254,2325,2674,3198,3509,3320,2363,1064,1926,1295,1586,548,1459,1273,3121,981,1176,2380,2664,917,1507,2487,2846,2691,2612,2805,4237,2104,2443,2374,4226,2317,611,2110,2004,2335,2923,2237,2793,1501
"COG4235",1026,956,899,987,779,836,755,784,963,780,874,832,522,791,276,1071,673,937,1090,633,3016,677,373,664,907,626,386,852,804,1664,907,880,766,891,869,848,1057,470,661,869,386,1002,372,498,1046,547,2240,554,467,910,456,1047,773,596,479,814,715,428,845,709
"COG4239",417,1031,1035,1840,1119,1057,1314,1230,1033,1181,426,901,1015,1248,951,194,1730,1763,1877,1049,317,926,1080,570,1253,1156,986,1587,963,1463,1378,1563,1674,1632,1054,566,1402,1247,1126,1670,555,1779,1046,1002,1803,1061,562,1150,862,907,1032,997,1559,1047,896,1086,1176,958,1828,1860
"COG4240",1148,2704,3659,1406,2686,3384,3353,2870,3929,3443,649,3200,3671,3146,2995,1634,1713,2337,1208,3598,1816,3694,3752,2803,3071,3959,3797,1323,3619,1638,1654,563,1344,2036,3644,728,1680,3392,3237,2015,3551,1899,3172,3814,2121,3409,34,3672,2104,3964,3520,3204,543,3714,4366,2928,3500,3222,1220,1952
"COG4241",4,27,43,16,197,72,279,111,532,1044,4,388,973,606,108,0,16,581,71,709,7,764,53,55,267,768,1291,13,1359,17,112,0,21,116,781,23,1,524,424,103,4,157,157,820,71,364,1,818,43,1021,245,1581,2,858,1402,311,697,1,3,31
"COG4242",1687,170,123,690,275,146,216,145,78,206,910,84,379,143,86,206,756,255,594,54,483,83,44,7,323,38,72,880,96,477,394,898,780,598,235,309,489,142,120,660,14,311,107,60,338,177,39,194,80,44,15,109,1036,61,239,104,161,42,292,455
"COG4243",739,347,185,150,800,272,799,385,792,2732,1093,957,2728,1715,314,1,174,1204,162,1829,34,2079,94,142,780,2074,3088,102,3226,40,258,110,116,206,1788,105,81,1161,1182,296,31,404,448,1824,255,940,7,1918,92,2221,722,3632,164,1935,3283,587,1868,70,16,168
"COG4244",323,49,78,39,241,83,133,79,835,3584,118,195,212,1172,53,0,72,153,140,19,115,26,80,30,1105,2804,28,27,29,158,255,123,41,55,476,121,63,229,79,221,11,27,630,10,177,1428,69,76,88,67,228,109,117,157,5300,60,151,1,28,91
"COG4245",109,12,6,66,37,14,15,12,6,24,147,30,19,22,22,23,15,42,38,5,8,47,13,0,33,11,6,41,41,39,37,175,25,35,17,102,47,20,23,52,2,13,19,10,19,17,35,18,21,35,21,58,190,19,35,10,12,11,22,27
"COG4246",58,31,26,199,122,27,108,75,94,114,31,86,132,74,51,3,141,152,49,130,57,192,26,80,82,125,119,76,194,212,56,53,147,170,203,32,147,132,151,55,1,196,39,108,149,119,835,139,12,186,142,261,39,229,113,152,130,23,39,87
"COG4247",1398,700,765,517,496,813,717,717,740,653,941,673,675,706,568,249,487,755,406,1813,4149,829,1139,2141,1203,963,679,357,1042,1839,597,150,391,287,1397,1099,977,1351,687,285,459,354,1335,738,462,882,929,533,1235,796,808,1004,141,804,636,1185,771,853,1071,299
"COG4248",104,24,17,105,36,18,32,28,12,48,250,29,77,28,36,35,11,81,48,15,16,113,28,0,77,17,17,123,71,7,33,169,63,19,13,7,67,26,24,41,11,32,46,19,38,28,69,34,24,54,25,86,177,33,40,15,21,27,21,38
"COG4249",2912,747,801,1862,1163,860,860,930,888,857,2598,937,628,978,806,1239,1552,1091,3001,697,713,1240,1171,1035,1190,566,728,1930,1139,1278,1855,6543,1598,1523,570,523,1151,1502,849,4840,647,898,1093,733,1141,881,2795,777,688,1195,1216,1136,6374,934,694,748,870,1060,851,965
"COG4251",4684,75,13,1569,149,60,346,243,303,655,3329,105,31,92,360,1859,1825,1371,803,124,9023,309,400,52,222,111,38,1267,877,5174,948,629,1831,1041,75,1394,2775,156,60,411,43,173,52,91,284,139,4277,102,1101,63,161,410,549,232,236,233,72,19,6158,1412
"COG4252",5639,2437,3343,2455,4209,3223,3402,3101,4205,2347,11003,5567,3285,3612,3770,2538,2405,3008,5023,4472,544,4154,4211,4581,3448,4454,5179,2801,3154,2775,3880,6034,2443,2773,4084,47039,2199,3679,2900,5822,3980,3964,5622,4050,3694,4540,28745,3449,3916,3154,2087,2432,6690,6767,2549,3852,3020,4891,6745,3104
"COG4253",26,0,1,57,7,2,25,16,6,20,50,2,0,3,26,2,47,31,4,5,44,13,1,0,1,9,11,154,27,38,19,29,48,44,11,165,77,9,17,8,1,5,7,47,21,5,24,38,1,16,6,44,33,5,22,2,5,0,5,133
"COG4254",104,56,73,186,152,78,125,85,116,97,64,52,109,156,202,86,114,97,150,86,47,164,113,24,157,125,95,186,112,103,342,814,412,443,244,3810,245,432,202,624,75,401,615,478,496,563,925,303,291,320,236,174,969,379,199,239,216,609,338,373
"COG4255",3,46,10,21,11,13,22,18,10,6,35,7,6,20,33,316,13,22,35,6,6,7,6,1,3,5,3,57,6,2,14,3,35,47,8,14,12,7,8,12,155,18,1,4,85,3,0,10,92,6,12,5,0,5,5,19,4,11,14,106
"COG4256",0,0,0,4,2,0,1,2,0,0,0,0,0,0,0,0,2,1,0,0,1,1,0,0,0,0,0,0,1,1,0,0,2,1,0,0,1,0,0,0,0,0,0,0,0,0,0,0,0,1,0,0,0,1,1,0,0,0,0,0
"COG4257",2796,1999,699,5147,299,872,527,2085,97,117,196,135,196,159,3331,178,5692,1006,2192,89,88,46,151,28,21,36,37,6279,45,2265,3033,500,5411,5251,225,32,5053,325,206,1054,479,1988,5,62,3766,13,795,114,2596,68,38,107,326,61,33,1312,195,51,7011,3599
"COG4258",185,7,0,401,24,7,39,31,70,34,149,4,3,16,32,89,450,46,229,6,209,29,106,19,20,35,6,453,43,811,259,550,543,326,14,166,458,53,2,186,6,15,5,37,33,19,934,6,174,11,5,16,703,176,25,27,4,9,2232,60
"COG4259",17,7,7,36,1,12,4,4,5,14,72,6,4,3,8,50,2,46,12,3,118,1,5,18,3,3,0,22,26,72,5,11,4,6,1,119,9,3,1,8,6,1,7,10,14,9,2,2,10,2,0,1,14,6,6,3,2,0,33,19
"COG4260",113,34,38,173,138,47,88,76,72,374,147,130,92,138,65,91,89,216,89,97,34,202,72,29,237,201,168,145,236,219,127,143,213,88,93,70,313,62,38,80,26,117,85,103,137,165,306,99,46,164,19,306,135,162,422,47,61,27,221,94
"COG4261",33,0,1,64,1,3,5,3,5,9,24,0,3,1,4,17,51,7,32,2,37,2,20,0,0,0,0,59,7,123,86,201,214,148,6,74,164,13,1,94,2,8,1,11,11,3,603,0,124,6,1,5,264,63,2,5,2,0,1626,19
"COG4262",473,104,119,387,117,99,202,92,122,91,268,59,102,44,28,233,370,209,434,62,124,33,85,34,21,24,11,472,43,584,205,480,489,430,77,105,553,120,22,696,348,266,6,16,393,47,39,30,47,98,12,57,595,52,61,53,18,5,465,985
"COG4263",226,1,2,309,63,1,32,10,120,155,232,5,18,38,38,0,33,72,627,1,152,41,7,1,19,16,26,301,97,152,199,337,53,44,62,92,64,51,107,447,177,28,74,36,13,36,1657,34,23,18,22,58,340,35,40,5,79,6,98,9
"COG4264",784,1,3,186,94,1,12,7,235,217,420,7,3,63,45,15,97,91,17,6,1146,29,87,4,15,18,11,114,125,639,43,50,16,49,64,390,352,27,11,34,8,29,3,11,10,35,260,37,71,14,13,43,53,227,44,11,9,0,1100,3
"COG4266",718,1717,2067,1613,1487,2089,2031,1673,932,680,545,996,1370,1595,1509,1909,1983,939,2345,677,172,1014,1845,521,1703,904,1317,1692,903,1038,2266,2273,1923,2303,1462,262,1650,1580,2116,2377,2223,1151,1489,1330,1581,1468,252,1718,1157,1367,645,1007,1990,1031,710,1489,1889,1773,948,1673
"COG4267",10,5,2,153,34,2,9,2,53,87,33,2,0,3,7,0,10,63,69,1,90,22,16,1,13,4,2,73,109,394,20,3,6,12,21,539,119,10,2,21,6,4,5,13,12,5,6,0,41,7,30,23,5,56,7,6,0,2,310,4
"COG4268",274,46,71,393,249,65,73,86,166,619,267,82,54,171,115,402,210,275,172,28,1596,171,78,20,175,174,81,253,236,688,188,252,225,162,76,157,634,81,81,211,63,84,94,105,216,178,140,86,197,109,52,162,270,217,366,71,87,312,1284,166
"COG4269",101,93,48,841,138,52,203,181,180,188,396,172,145,105,93,213,615,330,477,153,428,232,37,179,55,82,122,635,311,808,433,332,589,570,151,398,517,131,339,363,12,306,34,140,175,96,942,208,71,265,81,381,346,247,115,143,285,22,409,288
"COG4270",64,929,930,299,784,999,755,861,499,594,154,530,489,606,551,362,357,668,317,736,73,490,889,474,761,534,376,386,398,229,529,109,467,255,570,178,392,754,547,183,409,710,1051,395,626,794,65,463,800,353,682,487,116,428,513,787,454,1075,249,498
"COG4271",278,1,0,201,5,3,14,1,12,47,69,5,0,6,55,0,51,169,49,1,104,77,8,0,5,1,1,90,134,242,14,12,33,21,7,124,112,10,1,16,5,4,38,4,11,2,25,0,89,3,7,18,9,95,6,0,0,2,137,75
"COG4273",6,0,0,47,1,0,0,0,2,2,5,1,0,0,2,1,0,4,26,0,3,0,0,0,0,3,0,11,5,23,10,2,0,3,16,4,0,10,0,22,1,1,0,1,0,2,11,1,0,0,0,1,3,0,0,0,1,0,9,0
"COG4274",356,618,688,616,884,737,829,611,1246,380,315,770,877,941,1030,775,679,403,524,649,28,821,897,984,844,775,650,489,668,356,616,858,638,823,931,163,474,765,984,597,739,579,1087,976,796,1092,2,886,816,795,1235,412,670,847,388,505,834,1234,256,687
"COG4275",523,5,0,215,17,1,30,8,25,89,222,31,3,21,42,1,112,112,81,8,461,41,3,0,25,0,2,80,136,598,74,8,33,73,6,479,163,6,7,39,16,29,16,22,20,11,167,4,52,13,15,52,10,61,39,7,3,0,132,8
"COG4276",325,1731,1247,949,1563,1354,1561,1541,365,1698,368,494,749,1084,1487,672,941,2047,1104,980,345,544,1369,453,764,599,477,602,505,705,872,639,1531,882,532,288,602,1402,997,809,275,2280,1707,562,1663,1186,141,767,1487,327,295,523,564,594,963,1230,778,781,1809,2001
"COG4277",860,8,6,285,30,3,80,51,87,75,413,46,4,13,74,1,302,309,34,14,1064,35,24,10,29,22,4,148,192,759,138,78,333,139,33,491,698,52,5,12,17,31,16,30,39,12,769,16,59,49,29,109,50,34,38,23,14,4,165,105
"COG4278",51,16,31,135,123,28,64,59,3,69,207,31,28,37,46,3,100,70,150,49,36,42,57,16,4,79,31,114,76,153,78,130,72,82,15,142,116,63,33,62,1,128,131,37,90,95,9,35,123,10,26,18,52,80,77,50,20,53,63,59
"COG4279",13,91,21,15,368,32,410,26,56,280,3,91,768,683,2,0,19,56,117,10,2,35,0,31,9,35,49,13,38,6,57,17,16,22,1111,18,3,246,403,133,7,77,5,11,81,21,322,99,11,106,2,136,30,26,78,22,658,18,4,7
"COG4280",2,0,0,6,1,0,1,2,0,0,1,0,0,1,0,0,17,0,0,0,2,0,0,0,0,0,0,6,0,4,3,3,17,6,0,1,11,1,0,2,0,0,0,0,1,1,0,0,0,2,0,5,0,0,1,0,0,0,0,1
"COG4281",40,155,68,231,227,87,100,134,19,130,45,38,61,90,77,84,244,193,209,59,61,126,77,28,27,17,101,293,131,150,227,113,259,189,19,53,308,115,145,135,137,119,93,71,111,65,5,71,137,81,29,108,123,94,46,68,70,25,91,176
"COG4282",18,3,5,21,6,5,15,23,4,9,20,3,16,3,7,0,4,21,0,12,4,6,0,0,14,3,0,6,6,34,1,0,2,7,13,8,10,5,0,1,0,7,0,0,5,4,1,6,9,2,0,8,6,6,2,3,2,0,34,9
"COG4283",2,1,0,16,15,0,3,1,6,1,1,19,0,0,0,0,1,9,0,3,18,3,1,6,0,0,0,3,5,8,4,0,3,0,18,82,2,40,0,0,1,4,0,0,1,3,3,0,0,1,4,1,0,1,2,0,2,1,9,6
"COG4284",165,513,203,198,530,217,285,231,157,232,52,356,171,253,24,232,221,401,521,81,72,284,24,176,112,109,92,260,61,149,209,1048,175,197,144,256,155,127,214,876,32,249,12,64,344,133,439,133,36,248,234,128,1037,81,157,195,79,15,28,636
"COG4285",73,0,0,7,0,0,4,4,0,0,117,1,14,0,0,163,10,1,37,0,10,0,0,5,1,0,0,9,2,18,8,12,15,12,0,0,2,0,0,87,0,0,0,0,7,0,0,6,0,0,8,1,89,0,2,0,0,1,8,8
"COG4286",134,118,40,15,96,49,50,22,50,8,521,54,30,34,10,186,8,14,12,5,29,93,12,6,2,0,7,29,8,232,12,6,19,60,15,57,19,18,59,14,42,20,5,6,4,8,74,18,9,36,3,7,25,13,5,29,23,4,361,9
"COG4287",1205,543,567,591,807,600,440,535,322,216,1256,383,382,450,328,67,832,579,1422,392,49,230,441,673,442,158,136,950,168,410,1024,1190,972,633,558,117,748,346,229,1740,354,480,517,131,755,380,518,290,488,121,158,152,1359,185,178,554,169,1020,424,684
"COG4288",3,36,56,14,9,57,16,31,62,3,1,115,11,21,2,0,9,1,10,26,2,10,30,39,26,10,4,13,4,16,24,1,6,9,25,1,5,7,14,40,28,5,16,5,6,10,0,17,11,9,55,5,1,2,1,45,18,17,7,9
"COG4289",56,1,1,314,12,4,20,23,16,3,130,27,3,2,6,0,311,18,86,15,10,10,11,31,2,0,0,505,22,274,144,142,574,328,1,58,621,2,1,77,18,4,0,1,12,2,54,4,10,0,91,3,151,2,4,5,1,0,287,17
"COG4290",4,0,0,2,0,0,0,4,0,0,2,0,0,0,0,0,0,0,0,0,1,0,0,0,0,0,0,18,3,0,1,0,0,0,0,1,0,0,2,0,0,0,0,1,0,0,0,0,0,14,0,2,1,0,0,0,0,0,0,0
"COG4291",7,16,2,7,2,2,27,7,3,3,0,0,73,3,5,0,17,10,0,4,2,32,0,9,1,0,7,31,28,2,8,0,40,5,25,0,29,55,3,6,0,2,0,4,2,0,1,8,1,46,4,41,0,0,2,3,5,0,0,11
"COG4292",80,0,0,30,2,2,4,4,8,45,125,1,4,7,8,1,12,18,5,0,866,19,4,0,18,9,2,62,17,160,12,10,28,16,3,50,198,10,0,5,3,5,0,2,23,14,98,4,9,2,5,2,6,14,14,2,4,0,205,8
"COG4293",620,235,87,540,107,117,154,285,20,64,55,36,61,61,394,0,575,281,212,94,27,5,32,1,57,26,25,803,5,251,426,100,513,588,50,2,537,55,72,62,22,339,10,13,484,16,0,57,189,12,0,5,55,24,20,84,42,14,604,525
"COG4294",281,454,815,23,1839,687,469,641,925,579,1908,1515,748,1050,1011,666,20,586,5,820,95,1060,546,1365,653,1040,1006,58,647,44,359,25,19,133,595,19766,5,351,508,11,3248,595,741,1149,648,1108,7249,1271,514,943,334,226,21,3393,752,591,421,783,39,341
"COG4295",2,0,4,22,4,1,2,3,0,4,0,13,1,2,3,24,37,8,16,0,1,7,6,41,37,7,3,28,11,19,23,11,25,16,5,0,64,0,1,18,4,2,0,1,4,1,0,2,0,0,9,1,3,1,3,2,1,0,21,10
"COG4297",2,2,2,17,2,5,12,13,0,3,5,1,1,4,4,0,19,43,6,0,5,2,0,0,1,3,0,11,5,11,6,7,21,18,15,1,69,11,3,13,0,70,32,1,49,13,2,6,0,0,4,2,7,7,11,1,0,1,15,55
"COG4298",0,0,0,18,1,0,1,0,0,7,2,0,0,0,1,0,1,3,6,0,10,0,0,0,1,0,0,4,12,25,7,1,3,5,0,59,26,2,0,12,0,1,0,3,10,4,1,0,8,0,1,5,1,14,3,0,0,0,25,1
"COG4299",1377,790,952,553,679,978,727,1130,695,479,1584,713,490,660,741,228,790,826,1088,667,1596,385,1316,911,1162,484,390,763,389,758,1024,1181,857,439,627,645,994,903,495,1079,534,635,1637,325,736,878,292,539,1152,264,472,393,1476,499,519,927,445,1531,722,607
"COG4300",0,1,0,89,7,1,4,3,3,1,0,1,1,1,9,0,77,22,0,0,12,79,1,0,2,0,2,48,35,13,4,0,76,29,4,3,34,13,0,1,0,1,0,1,4,1,0,2,0,5,4,3,1,1,1,0,0,1,5,17
"COG4301",1132,907,532,2756,492,523,731,966,1179,555,612,558,666,626,1408,150,2505,1012,1209,860,157,1099,674,2621,216,518,525,2354,908,1766,1561,854,2551,2729,953,611,2645,936,403,1542,230,1127,344,694,1430,418,358,444,909,738,2022,614,755,653,401,587,417,319,4433,1752
"COG4302",69,1,0,254,18,3,25,12,70,84,322,3,2,17,33,0,91,85,58,0,1117,50,15,6,33,8,1,77,95,446,68,72,67,49,31,402,166,83,3,38,5,12,11,21,29,25,237,13,47,9,7,31,77,113,52,6,2,6,256,29
"COG4303",84,4,1,399,33,4,34,24,136,188,438,8,3,46,47,1,154,138,112,5,2009,84,11,12,58,17,4,144,154,836,107,83,85,95,59,685,324,133,11,62,10,17,19,52,35,48,460,24,80,12,9,55,98,181,59,9,1,7,432,40
"COG4304",0,0,0,29,0,0,0,1,0,0,3,0,0,0,1,0,0,1,0,0,0,1,0,0,0,0,0,1,6,46,1,0,0,2,0,3,0,0,0,0,0,0,0,2,0,0,0,0,0,4,0,1,1,0,0,0,0,2,6,0
"COG4305",0,1,2,0,85,0,1,1,0,23,0,0,4,113,0,45,1,1,0,0,0,0,0,0,4,0,0,0,0,0,2,0,0,0,9,13,0,3,10,0,0,0,0,0,24,0,0,0,0,0,0,0,0,0,0,0,23,0,0,1
"COG4307",59,37,17,382,46,29,129,92,94,112,151,110,90,34,94,27,115,264,113,235,1181,269,27,1668,18,81,44,188,244,593,81,15,204,90,118,179,501,127,53,73,6,144,5,60,77,24,164,84,62,178,161,275,23,138,38,92,52,11,180,52
"COG4308",36,168,147,69,124,120,132,140,20,35,28,46,64,96,164,154,55,138,152,82,16,33,120,18,19,52,57,145,52,36,135,184,51,44,54,7,98,162,116,125,46,183,54,46,128,39,11,67,155,29,14,46,185,44,24,175,94,233,37,119
"COG4310",1023,763,1023,921,709,932,862,893,976,536,1164,923,735,749,980,1274,1062,715,821,830,69,844,1248,1018,782,744,806,1035,777,862,1023,2066,811,1062,563,406,975,1109,689,1676,850,707,907,895,1152,750,295,846,727,1150,1082,681,1939,744,498,929,640,934,2042,1433
"COG4311",321,1353,1602,819,1137,1643,1580,1393,1852,493,215,1570,1242,1228,1762,2155,996,769,1056,1363,74,1380,1789,2099,1498,1065,1073,1084,1036,543,1063,1075,1032,1206,1467,330,819,1298,1391,1101,1531,1008,1378,1542,1281,1332,409,1317,1752,1567,1495,905,833,1217,466,1532,1443,1516,490,1168
"COG4312",37,2,38,48,17,35,3,3,4,12,31,10,0,8,2,5,30,11,10,3,11,8,4,1,2,2,0,54,13,74,3,47,55,27,20,137,20,25,2,11,1,49,7,4,56,3,325,2,0,4,4,6,56,1,10,3,0,0,60,8
"COG4313",15,1,0,51,11,1,11,4,26,13,31,34,3,10,7,0,32,45,52,25,119,23,11,8,70,27,4,53,57,99,13,3,6,21,6,64,16,2,5,28,0,0,28,7,4,30,199,50,53,1,6,54,7,22,20,6,2,2,98,3
"COG4314",5,0,0,66,15,0,0,0,16,28,20,3,2,10,9,0,3,15,15,1,37,10,1,0,2,6,3,34,13,30,4,2,2,10,9,19,10,1,0,12,1,4,0,2,2,8,86,4,4,2,8,7,5,2,6,1,0,0,18,0
"COG4315",30,85,25,9,65,23,35,89,19,15,67,3,24,34,95,295,20,126,1,31,22,16,21,4,1,1,11,48,14,6,23,7,4,11,27,13,17,31,9,0,0,89,46,11,109,62,25,22,27,11,0,7,24,17,56,39,3,16,10,67
"COG4317",0,0,0,0,0,0,0,0,0,0,0,1,1,0,0,0,4,0,0,0,8,0,0,0,0,0,0,2,1,1,0,1,0,0,0,0,3,0,0,0,0,0,0,2,0,0,0,0,0,0,0,0,0,0,0,0,0,0,0,0
"COG4318",2,90,10,2,194,23,211,12,41,162,7,70,432,442,3,0,8,3,66,6,10,25,6,24,6,28,39,2,22,29,37,1,4,10,679,200,2,157,268,72,11,19,4,17,41,9,1,36,19,65,2,104,2,3,56,6,450,1,112,7
"COG4319",425,29,32,105,59,39,54,64,44,65,306,25,31,61,42,1,59,168,154,27,792,31,113,26,123,26,9,101,56,299,86,55,62,73,8,244,131,49,19,98,16,55,150,21,99,106,109,29,123,12,25,54,63,23,78,58,15,131,163,50
"COG4320",993,6,1,108,65,7,71,12,37,112,547,4,133,21,24,125,171,147,76,12,1382,153,3,14,33,7,14,103,114,681,105,51,36,65,103,713,373,289,18,29,6,14,10,15,10,14,233,57,217,91,10,116,38,30,24,19,35,3,250,38
"COG4321",18,86,94,136,104,92,95,74,161,109,61,151,98,87,48,167,47,106,46,90,331,104,55,97,96,84,66,52,103,183,50,39,49,50,152,125,56,65,99,29,65,124,51,82,94,90,339,92,57,106,111,88,46,88,62,88,127,53,78,55
"COG4322",22,55,19,5,53,32,23,46,15,7,20,37,18,33,39,0,4,63,39,55,0,14,8,2,34,4,3,2,10,1,10,26,9,11,23,151,0,7,12,33,17,31,11,10,50,16,10,14,6,5,5,9,43,14,5,22,3,9,1,25
"COG4323",498,215,258,222,276,284,218,189,345,212,593,399,162,346,244,339,133,268,136,309,1024,240,401,418,416,326,230,166,284,623,204,46,108,98,267,753,241,266,184,81,216,159,407,277,294,364,158,168,360,176,408,137,57,302,223,258,242,289,287,136
"COG4324",91,227,151,1169,192,111,238,345,75,292,206,78,151,216,170,117,966,498,843,165,155,153,113,70,88,80,114,980,224,965,623,579,872,893,135,612,797,208,200,700,29,483,111,66,369,135,22,172,167,91,34,133,621,173,135,247,166,58,1519,550
"COG4325",950,7,0,689,63,12,111,91,131,206,803,21,6,53,163,7,435,417,204,15,2817,251,71,11,61,34,11,366,390,1676,214,119,507,258,61,957,1181,91,14,59,19,44,17,79,82,37,1576,12,285,72,64,133,194,233,99,59,12,2,1282,293
"COG4326",77,0,0,5,2,1,2,0,32,6,190,0,2,0,0,0,1,0,4,0,121,2,1,1,2,2,4,15,0,103,4,4,2,1,0,29,117,0,0,3,0,0,0,0,0,0,4,0,13,0,1,1,9,5,1,2,1,0,153,0
"COG4327",354,942,1322,385,945,1325,1158,1033,1177,442,277,1165,1189,1041,1289,990,323,681,483,958,744,1274,1330,1258,1142,945,773,331,937,590,618,133,391,432,1090,365,481,1165,982,236,1228,773,1244,1212,832,1154,502,1172,1369,1062,1381,610,114,1080,418,980,931,1272,394,664
"COG4328",77,9,9,10,56,13,21,12,31,101,30,57,59,86,5,0,4,16,0,25,81,9,0,7,12,22,5,8,11,5,13,9,2,2,98,15,2,93,21,2,2,30,1,6,40,16,1,31,15,8,10,15,8,32,43,16,30,0,1,5
"COG4329",0,0,0,2,1,0,0,0,1,0,0,0,0,0,1,0,0,1,0,0,2,0,1,0,0,0,0,3,0,8,1,0,1,6,1,6,5,0,0,1,0,0,0,0,0,1,0,0,2,2,0,0,0,0,1,0,0,1,13,0
"COG4330",2,0,0,7,2,1,6,9,2,9,30,0,0,0,3,1,6,16,0,0,7,0,4,0,0,1,0,2,9,12,8,0,43,2,9,4,112,9,0,0,0,1,1,0,1,7,1,0,7,1,1,2,3,2,12,0,0,0,26,3
"COG4331",0,0,0,0,0,0,0,0,0,0,0,0,0,0,3,0,0,0,0,0,0,1,0,0,0,0,0,0,0,1,0,0,1,22,0,0,0,6,0,0,0,0,0,6,0,0,24,0,0,0,0,0,0,1,0,0,0,0,0,0
"COG4332",0,0,0,0,2,0,0,0,0,0,0,0,0,0,0,0,0,0,0,0,0,2,0,0,0,0,0,0,0,0,0,0,0,0,0,0,0,0,0,0,0,0,0,0,0,0,325,0,0,0,1,0,0,0,1,0,0,0,0,0
"COG4333",345,336,411,249,433,400,490,495,893,1716,622,795,1135,807,212,908,278,771,360,1088,165,1003,331,562,972,1278,1452,269,1595,292,477,165,276,352,1016,125,233,770,676,260,309,319,476,983,288,693,277,1019,147,1202,620,2084,165,1090,2364,612,871,175,172,176
"COG4334",2,0,0,24,4,0,9,1,0,7,13,0,0,6,4,0,34,5,0,0,1,17,1,0,0,1,0,5,6,5,3,1,21,1,7,3,17,16,1,0,0,0,0,0,3,0,1,0,0,1,2,0,1,1,0,0,0,2,12,6
"COG4335",20,15,12,27,42,8,24,6,2,35,107,13,6,45,14,47,10,34,34,2,36,16,24,0,1,2,1,44,9,49,6,13,15,53,22,245,11,87,7,19,12,27,6,4,57,13,7,1,12,5,3,5,18,3,23,9,10,3,203,89
"COG4336",193,543,541,601,257,502,397,418,435,194,113,529,183,411,712,658,503,687,288,296,105,298,357,268,223,167,191,310,198,292,308,402,521,533,426,237,420,230,271,409,1204,995,239,235,726,264,327,279,334,421,238,373,317,222,132,583,253,253,258,724
"COG4337",754,946,1146,100,1259,1158,1260,1007,977,1019,381,796,932,916,665,352,122,899,89,744,1421,1027,1017,796,1199,800,617,127,743,545,513,42,68,117,1048,311,145,885,947,52,2369,851,802,776,774,911,67,706,713,917,842,893,27,657,854,685,1038,866,95,247
"COG4338",11,55,55,24,147,60,49,38,146,109,27,81,52,127,71,36,10,25,1,70,24,65,101,80,217,80,55,12,65,13,32,0,5,6,72,24,18,55,40,2,55,43,303,73,79,168,23,54,31,55,129,56,3,62,157,50,39,222,9,10
"COG4339",53,51,40,99,70,37,62,49,18,30,799,1,38,30,69,35,92,73,87,36,26,18,58,14,4,19,26,48,33,55,77,107,88,65,35,25,91,68,50,107,5,75,5,30,95,7,193,45,60,17,5,15,95,33,7,75,34,154,20,74
"COG4340",199,45,12,59,53,21,24,18,66,27,157,62,13,43,90,21,20,65,17,23,88,31,27,15,22,25,24,79,40,134,32,6,68,61,24,114,156,35,15,12,126,76,18,23,62,30,46,36,19,14,24,16,13,118,11,21,8,46,162,67
"COG4341",495,3091,3607,2584,2334,3484,2938,2862,2497,1034,266,2214,2473,2823,2827,2778,3217,1677,1872,2676,127,2251,3179,3987,2860,2230,2321,3072,1821,1810,2538,1607,3038,3292,3212,581,2837,3348,2933,1126,2317,1993,2958,2799,2731,2692,383,2622,2802,2575,3255,1627,1291,2320,1038,2976,2889,3025,1396,2916
"COG4347",3,0,0,2,0,0,0,0,0,0,0,0,0,0,13,0,4,1,3,0,0,0,0,0,0,0,0,2,0,1,2,0,2,1,0,0,1,0,0,3,0,35,0,0,7,0,0,0,0,0,0,0,0,0,0,0,0,0,3,9
"COG4352",5,72,25,0,37,30,23,17,3,2,7,3,11,22,1,58,1,4,4,0,0,16,0,0,1,0,8,0,1,4,7,10,0,3,1,1,0,3,35,6,0,15,1,1,2,3,0,5,4,6,0,1,11,1,0,6,8,1,1,2
"COG4353",0,26,5,0,0,5,1,16,0,0,0,0,1,0,3,0,0,5,0,1,0,0,3,0,0,0,1,0,0,0,0,0,0,0,0,0,0,3,0,0,0,3,0,0,14,0,0,0,3,0,0,0,0,0,0,6,0,0,0,0
"COG4354",71,312,49,46,616,74,709,75,189,396,25,221,1171,1208,12,103,76,152,296,25,59,204,6,59,16,64,117,52,153,36,157,184,102,99,1707,29,18,603,886,634,22,317,9,25,186,33,7,177,32,473,1,404,199,53,124,35,1332,4,14,207
"COG4357",2,0,0,0,1,0,0,0,0,0,6,0,0,0,0,0,1,0,0,0,0,0,0,0,0,0,0,2,0,0,0,0,0,1,0,0,9,1,0,0,0,7,0,0,7,0,2,0,0,0,0,0,0,0,2,0,0,0,0,0
"COG4359",51,60,17,179,9,33,46,40,0,2,52,0,21,26,270,0,163,312,49,29,28,8,51,2,0,0,10,67,5,83,28,81,169,181,124,11,49,68,20,69,0,260,3,1,158,1,1,8,51,13,0,15,93,9,1,25,31,13,19,173
"COG4360",7,30,26,3,92,59,124,71,200,745,4,218,406,322,51,0,7,273,20,357,4,348,18,37,218,515,622,1,667,5,145,20,4,123,1015,42,4,727,699,86,12,118,333,1209,134,737,10,1109,53,1355,486,2451,19,1283,3122,276,1106,2,23,30
"COG4362",1,103,105,2,70,76,59,53,130,155,1,232,79,86,30,98,7,99,0,47,5,70,9,273,281,39,29,4,74,8,32,0,0,1,49,14,1,57,35,0,30,82,31,36,72,93,1,37,4,78,122,83,1,21,149,28,45,12,2,28
"COG4365",51,880,1314,295,1549,1249,728,893,1164,1267,237,1325,733,823,382,2101,359,540,308,1084,53,905,1218,1417,1814,445,363,399,843,273,847,63,568,294,1594,265,649,999,502,169,920,403,1102,425,596,1125,397,591,398,699,1052,1160,65,537,1061,972,603,1582,192,384
"COG4370",22,360,219,20,922,371,1070,515,1725,7018,12,1763,4970,2937,511,0,27,2238,286,3618,17,3618,189,310,1843,5270,5732,20,6173,29,175,0,3,132,753,64,1,777,578,124,5,252,356,1200,127,799,2,1404,70,1479,480,2390,2,1359,3058,228,990,2,1,32
"COG4371",5,164,93,1,347,82,328,66,52,260,0,139,520,540,6,0,11,210,98,95,14,35,10,20,15,46,55,4,34,18,57,1,4,6,900,15,1,226,374,104,8,104,0,7,91,33,1,98,16,101,0,147,0,21,140,321,577,2,2,48
"COG4372",8,142,121,3,497,136,543,225,852,2923,3,600,1714,1360,105,0,7,837,120,1379,7,961,84,141,705,2057,1607,10,1576,16,215,0,4,149,1262,71,5,929,806,164,11,222,381,965,162,966,4,1188,47,1548,602,2347,1,1042,3700,370,1322,1,3,36
"COG4373",228,24,2,236,35,4,22,11,18,72,429,3,7,25,13,1,56,154,71,2,771,48,4,2,42,1,2,61,161,1053,86,9,45,37,88,300,241,7,5,34,2,2,8,7,36,16,821,27,64,10,17,71,9,76,34,18,1,0,443,35
"COG4374",3,0,0,45,0,0,2,2,0,0,2,1,0,0,3,0,30,1,1,0,0,2,0,0,0,0,0,13,4,31,2,0,29,29,1,4,28,3,0,0,10,1,1,0,0,0,0,0,1,0,0,1,1,0,2,0,0,0,5,0
"COG4377",3,0,0,0,0,0,0,0,0,0,26,1,0,0,0,0,0,27,0,0,0,1,1,0,0,0,0,5,2,3,0,1,0,1,0,0,0,0,0,1,6,21,1,1,1,1,0,0,0,0,0,0,2,0,6,0,0,0,0,1
"COG4379",53,0,0,9,3,0,2,0,3,0,40,0,3,12,0,0,5,0,0,0,7,1,0,1,2,0,1,2,4,6,1,5,7,2,1,13,6,0,2,3,11,0,3,11,3,0,85,5,0,1,0,1,8,3,2,6,0,0,28,8
"COG4380",35,5,11,79,8,21,14,8,45,16,105,22,2,3,7,107,6,76,27,10,269,8,13,59,6,14,5,38,49,163,22,29,9,13,4,241,36,7,3,27,22,4,21,10,19,15,12,11,48,4,2,13,33,10,15,3,5,0,77,54
"COG4381",12,0,0,3,0,0,0,0,0,0,19,0,0,1,0,0,1,0,0,0,0,1,0,0,0,0,0,1,0,2,2,0,1,0,3,5,1,1,0,0,6,1,0,0,3,0,20,0,0,0,0,0,0,5,0,5,0,0,8,4
"COG4382",53,1,0,84,12,0,13,3,9,32,91,2,2,14,5,1,12,38,14,0,188,8,3,2,11,0,0,23,30,285,25,4,10,13,22,82,97,6,0,11,1,3,0,2,9,3,143,3,19,5,2,18,7,24,0,6,0,0,127,2
"COG4383",566,16,2,204,40,11,31,6,31,81,579,15,7,46,17,0,52,142,81,1,762,62,15,6,42,1,2,70,147,1031,71,14,64,22,84,902,326,17,3,39,40,9,3,3,32,23,565,34,55,10,14,71,12,87,35,24,1,0,387,46
"COG4384",11,0,0,5,1,0,3,0,1,0,4,0,0,6,1,0,4,0,1,0,2,4,0,0,1,0,0,0,3,2,0,5,2,0,1,7,3,0,1,1,0,0,0,1,1,0,23,2,0,0,0,2,1,3,3,2,0,0,15,6
"COG4385",0,0,0,57,1,0,1,5,0,19,4,1,0,1,1,3,54,7,2,1,6,5,0,0,1,0,0,15,8,55,2,0,9,7,6,57,48,1,2,10,0,3,0,2,0,0,93,0,3,0,0,4,0,21,1,0,0,0,10,4
"COG4386",90,0,0,7,2,0,2,1,1,1,673,0,0,11,1,0,6,1,4,0,11,7,0,8,0,0,0,12,3,20,1,6,9,2,5,30,14,2,5,7,18,0,5,10,2,1,42,0,1,0,0,1,17,6,4,6,0,0,45,10
"COG4387",50,1,0,42,1,2,6,0,8,23,59,2,0,4,0,0,7,24,28,1,177,5,1,0,8,0,0,15,42,240,22,1,12,11,2,58,33,2,4,7,0,3,1,0,6,2,104,8,12,2,5,17,1,20,3,6,0,0,98,3
"COG4388",207,1,0,148,12,1,15,6,16,27,222,0,5,18,4,1,30,61,24,0,446,25,2,2,24,2,0,27,75,617,43,8,32,27,47,1602,52,3,7,6,2,6,2,3,13,16,29,11,42,1,6,36,22,16,11,14,0,1,247,40
"COG4389",22,0,0,12,0,0,0,5,3,1,70,5,0,3,8,3,4,26,1,0,2,5,0,0,0,0,1,120,15,12,1,4,5,61,0,0,3,1,2,1,6,3,2,7,0,9,1,1,0,56,2,6,0,0,14,0,0,0,0,0
"COG4390",6,28,12,0,0,17,7,13,3,0,10,18,1,3,5,32,0,4,1,0,2,1,0,2,0,0,0,1,1,0,0,0,0,0,4,1,1,0,1,0,105,7,0,0,4,0,0,0,24,0,0,0,0,0,0,8,1,0,0,15
"COG4391",17,98,110,56,73,118,85,93,61,46,17,90,49,46,67,167,48,69,95,25,13,40,92,33,46,53,26,88,31,32,79,72,80,44,60,90,75,77,63,126,69,80,56,30,96,47,189,42,99,23,38,34,75,33,27,68,52,49,14,91
"COG4392",18,40,12,16,25,12,6,17,63,11,8,40,3,11,16,225,8,33,1,25,14,15,5,35,17,11,3,6,11,62,5,0,7,16,14,20,46,5,16,1,5,9,28,6,4,23,1,6,7,16,28,21,1,17,17,13,8,12,69,13
"COG4393",41,0,0,21,16,0,0,2,0,12,57,0,0,3,0,1,23,0,27,0,5,0,0,0,0,0,0,26,0,10,11,88,20,25,1,0,18,3,2,28,0,0,0,4,1,3,0,1,0,0,0,1,129,0,12,0,0,0,7,1
"COG4394",6,1,1,16,2,0,0,1,1,10,40,8,1,2,4,4,1,11,0,19,18,2,1,23,11,3,0,14,7,26,1,4,4,32,10,308,12,1,9,0,2,3,9,8,22,9,0,3,1,8,0,5,2,3,23,8,1,4,22,42
"COG4395",656,1951,2580,1063,2190,2523,2458,2262,2714,993,849,2218,2273,2259,2295,1447,1091,1502,1342,2025,211,2244,2753,3044,2310,1747,1772,827,1853,1066,1604,1834,1007,1489,2206,709,921,2437,2381,1644,2586,1540,2270,2294,2041,2239,1501,2425,1507,2560,2914,1352,1487,2003,912,2232,2399,2731,836,1958
"COG4396",32,0,0,0,0,0,0,0,0,0,6,0,0,0,0,0,0,0,4,0,0,0,0,0,0,0,0,3,0,4,0,9,1,0,0,1,31,0,0,14,1,0,0,0,0,0,0,0,1,0,0,0,6,0,0,0,0,0,2,0
"COG4397",271,2,0,89,21,3,16,5,13,23,219,1,1,18,6,1,30,55,21,0,450,22,5,0,20,1,0,14,56,580,30,10,23,16,42,85,41,2,3,3,1,4,1,0,13,7,37,8,26,6,7,30,15,15,7,8,0,0,240,22
"COG4398",217,523,190,1683,734,249,857,480,132,1543,148,241,1084,1330,480,103,1724,915,1205,206,70,289,107,89,226,725,230,1577,204,962,927,1137,1674,1775,1252,67,1087,558,894,1098,27,1182,274,210,1115,421,720,274,136,262,56,330,1034,191,1297,444,1088,84,481,1393
"COG4399",870,47,53,378,122,58,111,91,139,277,619,80,33,75,77,51,203,371,146,27,2569,164,7,55,79,44,17,213,266,868,49,21,55,65,40,153,135,37,12,26,7,68,3,16,50,35,3,12,76,60,26,47,25,20,41,7,6,1,63,37
"COG4401",30,178,208,167,393,205,326,371,377,1082,13,374,596,676,604,0,153,651,77,602,61,429,307,144,407,907,933,55,628,86,167,42,163,207,606,98,66,514,507,108,849,484,415,543,454,652,1,567,382,657,265,901,32,507,1539,401,540,589,33,423
"COG4402",12,7,11,12,83,6,22,14,1,292,24,20,12,66,1,15,27,32,9,1,32,8,1,0,15,10,0,5,30,3,25,28,10,4,34,7,1,26,9,13,0,16,1,1,49,10,552,28,1,1,2,3,23,2,36,6,16,0,1,62
"COG4403",13,17,8,31,28,10,125,19,27,273,13,55,191,73,24,195,43,91,360,1,3,91,9,14,22,70,52,24,73,3,81,141,17,16,167,15,45,149,36,413,44,43,18,39,28,42,836,52,9,80,6,133,143,35,159,6,78,3,4,58
"COG4405",30,120,65,64,27,51,65,42,17,22,58,21,7,8,51,3,49,40,19,10,51,9,32,71,2,5,9,99,23,159,13,7,33,17,15,8,75,10,9,8,13,34,3,3,14,0,41,5,30,1,0,8,6,3,1,18,11,17,181,22
"COG4409",51,440,515,609,644,534,486,758,797,508,38,1001,467,545,131,293,714,932,1006,553,168,211,538,424,1177,318,130,771,185,446,607,48,743,638,645,71,503,306,203,674,245,754,443,193,805,667,31,457,266,169,344,221,35,284,506,393,251,311,93,880
"COG4412",6741,3682,2903,2484,4575,3107,2813,3506,549,3741,5806,921,1238,1904,2217,572,2998,4580,4465,1907,558,961,2766,218,811,1424,1157,3355,1091,2104,3157,6374,3386,2088,452,540,2175,3398,2339,4309,156,3962,3887,1248,2897,3321,18,1649,4065,478,590,1205,7383,1571,2618,2864,1511,1917,1705,2971
"COG4413",28,6,4,33,4,8,3,1,8,4,22,1,2,1,0,13,16,0,23,3,24,29,0,15,0,1,3,9,10,14,2,35,6,3,6,0,1,15,0,16,0,0,0,5,1,0,1,0,0,5,1,2,35,1,1,1,0,0,4,0
"COG4420",356,10,13,117,61,16,35,37,5,47,920,18,23,29,69,0,73,85,51,19,30,63,35,1,3,7,27,61,62,106,40,43,88,16,46,234,96,53,40,20,1,39,10,34,25,11,66,28,46,12,3,12,86,59,10,35,40,120,47,22
"COG4421",1646,730,1052,1020,1008,940,1008,1042,1331,342,1365,926,948,954,1437,538,1232,766,1262,872,97,1318,1212,1143,938,853,869,1007,992,931,1245,1416,1052,1201,802,4005,873,1180,1043,1903,1209,765,1130,1659,861,1044,2446,1228,780,1345,1348,513,1238,1592,419,1008,831,1200,517,1340
"COG4422",642,0,0,125,57,2,13,4,7,50,527,8,6,11,22,0,48,65,78,1,151,15,1,0,6,9,2,66,97,166,53,152,25,30,17,106,92,9,2,54,3,12,2,2,16,31,373,17,2,5,5,27,137,39,33,2,2,1,55,10
"COG4423",0,0,0,1,2,0,1,1,0,0,0,0,0,0,0,0,5,0,1,0,0,1,0,0,1,0,0,0,0,0,0,0,4,1,0,0,8,0,0,2,0,0,0,1,0,1,1,0,0,0,4,0,0,0,0,0,0,0,0,3
"COG4424",138,0,1,48,2,0,7,1,25,17,26,4,0,1,3,0,43,17,17,6,204,14,1,0,9,0,0,29,19,152,19,6,24,2,3,22,46,24,0,12,1,9,1,5,7,1,59,3,21,5,1,3,2,10,2,0,5,0,61,12
"COG4425",1,6,1,17,47,1,12,8,30,17,5,94,8,12,2,0,5,6,1,50,5,26,8,3,2,48,46,11,10,3,1,1,6,11,11,7,3,24,17,1,2,50,18,65,12,11,10,20,5,13,3,8,0,47,31,21,23,3,24,0
"COG4427",59,8,2,232,20,2,26,17,41,10,37,56,2,7,39,1,112,97,18,8,43,26,4,20,26,10,8,52,31,183,32,46,152,129,19,21,98,22,14,6,11,40,8,20,20,12,474,9,2,14,21,32,40,12,13,11,3,14,23,58
"COG4430",110,3,1,146,50,2,40,27,36,49,295,11,54,18,31,1,112,91,25,3,46,63,12,18,14,15,12,63,85,168,60,33,255,35,33,223,444,81,6,23,12,18,70,63,17,48,423,48,25,10,26,37,59,57,48,6,4,10,173,49
"COG4445",690,448,413,523,631,451,575,512,633,2414,685,862,1446,1196,252,1027,367,1138,331,1065,1897,1304,265,391,976,1787,1713,337,1978,1195,453,71,392,373,1171,720,753,790,657,220,120,479,541,1106,529,892,275,1154,435,1373,523,2263,81,1280,2878,582,980,165,667,426
"COG4446",24,188,173,214,339,177,272,306,653,3881,68,733,810,1091,177,319,231,873,253,1128,84,1013,122,120,1093,2577,1646,198,1571,260,381,106,157,270,481,175,241,647,468,157,19,199,635,1098,214,1385,19,831,129,1236,494,2044,99,1164,5476,424,660,40,662,200
"COG4447",1167,609,403,1287,990,500,800,671,1277,3991,1302,1488,1809,1759,719,1153,769,1751,1072,1782,3719,1908,551,506,1075,2588,2422,1024,3047,2352,280,116,277,343,366,415,411,491,292,223,77,212,325,530,181,638,249,587,255,671,331,1118,121,664,1466,273,416,116,356,174
"COG4448",864,1929,1857,1431,2448,1966,2457,2153,1603,4558,724,1679,2506,2906,1426,304,1920,2128,2079,2369,247,1830,1724,527,2328,3501,2753,1929,2427,1147,2149,2378,1886,1622,2530,382,1602,2782,2667,2793,1991,2202,2558,2118,2136,2888,1141,2460,1833,2536,1268,3478,2402,1939,5255,2132,2635,2120,1036,1871
"COG4449",0,0,0,1,4,0,0,0,3,0,4,0,0,3,1,0,0,0,0,0,4,3,0,1,0,1,0,1,3,3,0,4,0,1,0,5,1,1,1,0,0,1,0,0,0,1,24,0,0,0,2,3,1,2,1,0,1,0,1,1
"COG4451",9,438,251,224,569,259,298,202,219,1551,14,366,878,675,161,930,220,602,138,400,30,1319,66,70,479,1323,1349,186,1511,127,222,60,258,310,520,53,232,575,481,86,81,235,249,803,128,653,27,700,105,1035,334,1719,41,997,2050,226,641,17,126,74
"COG4452",70,21,25,70,107,25,65,47,41,410,110,15,43,135,40,28,72,111,83,22,52,11,18,24,11,17,6,106,32,71,66,39,161,69,72,630,367,92,12,66,7,77,57,21,62,65,662,52,10,13,12,46,53,21,83,16,15,11,102,36
"COG4453",23,0,0,26,5,0,3,1,2,7,51,0,0,5,0,0,15,16,19,5,106,7,0,1,2,1,1,21,24,39,5,18,3,26,1,31,7,2,1,6,0,6,0,4,1,0,40,2,2,0,8,10,15,9,1,5,2,0,8,3
"COG4454",46,404,453,469,977,534,545,663,763,513,259,240,503,847,1039,259,83,610,249,667,201,873,848,1467,937,490,418,276,764,715,281,52,100,229,423,1216,257,730,386,115,90,449,1175,687,812,1070,1309,569,792,723,511,353,66,787,387,567,346,1391,339,441
"COG4455",28,0,0,5,1,0,1,6,15,2,10,5,0,1,3,3,2,10,7,4,19,2,3,0,0,0,2,29,3,91,3,4,3,1,6,131,48,0,1,6,0,6,1,0,13,0,72,5,2,6,1,6,4,6,1,11,0,0,130,53
"COG4456",10,1,0,19,7,0,7,6,0,11,18,4,6,0,4,0,4,4,1,0,3,17,1,10,0,0,11,15,4,3,3,10,0,15,9,9,20,15,32,7,2,12,0,9,9,1,31,13,1,3,4,8,17,11,2,3,16,0,8,0
"COG4457",43,20,26,16,16,21,8,10,28,36,78,29,21,20,4,164,2,15,26,7,3,45,8,1,27,11,9,21,36,8,24,89,10,11,7,2,7,16,9,48,2,8,4,4,10,26,0,14,12,19,3,19,93,17,23,9,6,6,0,12
"COG4458",10,4,24,7,13,19,5,9,10,33,39,16,10,15,2,126,2,10,18,4,1,28,2,0,25,4,3,16,37,1,14,54,4,8,4,4,2,4,3,35,1,5,5,6,12,20,0,4,3,7,2,19,54,3,18,5,1,6,3,8
"COG4459",1,0,0,1,0,0,0,0,0,0,0,0,0,0,0,0,0,0,0,0,14,0,0,0,0,0,0,1,0,0,0,0,0,0,0,0,0,0,0,0,0,0,0,0,0,0,0,1,0,0,0,0,0,0,0,0,0,0,0,0
"COG4460",2,7,0,0,0,0,0,1,0,0,0,0,0,0,0,0,1,0,2,0,0,0,0,0,0,0,0,1,0,2,1,3,1,1,0,0,0,0,0,2,0,0,0,0,0,0,0,0,0,0,0,0,5,0,0,0,0,0,0,0
"COG4461",10,2,1,6,6,2,5,1,14,5,6,7,0,3,6,11,3,3,17,0,4,8,2,5,1,2,0,7,4,4,3,0,2,31,7,134,10,1,1,10,8,4,6,4,7,1,1,1,0,6,0,2,1,2,0,0,0,0,9,26
"COG4464",517,199,218,185,398,226,188,198,156,541,359,184,141,325,444,489,217,584,288,308,635,267,232,49,353,147,154,145,367,480,244,373,238,183,169,242,307,394,92,395,83,310,331,111,280,315,93,146,256,150,184,291,416,193,372,137,132,177,201,354
"COG4468",0,0,0,0,0,0,0,0,0,0,0,0,0,0,1,0,0,0,15,0,0,0,0,0,0,0,0,0,0,0,0,20,0,0,0,0,0,4,0,168,0,0,1,1,1,0,0,0,1,1,0,0,6,0,0,0,0,0,0,0
"COG4469",33,0,0,3,0,0,0,0,0,0,14,0,0,1,0,0,0,0,0,0,0,0,0,1,0,0,7,0,0,1,0,0,1,0,0,0,0,0,0,1,1,0,0,0,0,0,0,0,0,0,2,0,0,0,0,0,0,1,0,0
"COG4474",4,0,0,0,0,0,0,0,0,0,164,0,0,0,0,0,0,1,0,0,0,0,0,0,0,1,0,1,0,0,4,8,4,0,0,2,0,1,3,0,0,0,1,7,0,3,0,4,0,0,0,0,6,1,0,0,1,0,0,0
"COG4481",5,0,0,25,0,0,0,0,0,0,4,0,0,0,0,0,22,0,4,0,0,0,0,0,0,0,0,8,0,13,3,6,23,23,0,0,4,0,0,5,0,2,0,0,3,0,0,0,0,0,0,0,10,0,0,0,0,0,3,9
"COG4485",11,0,0,0,0,1,0,2,0,0,8,0,0,0,0,0,2,0,2,0,2,0,0,0,0,0,0,5,0,1,2,9,0,0,0,0,6,0,0,5,0,0,0,0,5,0,0,0,0,0,0,0,4,0,0,0,0,0,1,120
"COG4487",214,588,605,357,999,676,1048,778,1584,4725,211,1610,2432,2216,481,2123,392,1424,481,2158,117,1964,686,531,1587,3320,3456,435,3395,311,641,632,395,671,1512,226,353,1489,1501,941,329,484,1080,2317,618,1888,71,2040,450,2543,1344,3969,690,2314,6193,850,2166,384,183,413
"COG4496",45,133,122,19,55,129,79,107,68,35,14,140,50,43,42,183,41,44,52,101,9,86,58,169,25,46,52,72,58,31,54,24,44,127,103,6,44,83,72,43,163,67,29,48,58,36,34,43,60,125,141,172,52,44,25,115,99,40,6,46
"COG4502",16,80,78,11,12,66,17,31,10,7,26,83,7,6,22,0,22,13,7,12,7,10,70,3,1,1,2,8,14,33,28,1,69,4,27,10,143,12,1,2,1271,0,7,3,9,3,105,4,18,1,0,4,0,18,9,195,4,14,24,8
"COG4517",419,392,471,285,251,462,325,267,344,219,246,421,262,375,176,579,253,266,318,401,968,381,359,407,479,358,247,278,329,538,304,145,249,245,312,307,342,240,223,268,277,223,396,235,319,366,70,215,459,299,334,339,179,248,242,304,302,294,207,294
"COG4519",6,0,0,6,2,0,1,1,13,11,11,0,0,3,4,0,13,2,2,0,498,4,0,0,8,0,0,3,6,68,5,1,1,8,4,55,6,0,1,0,0,5,1,1,4,5,34,1,9,2,1,5,2,11,8,3,0,0,12,1
"COG4520",597,108,48,226,219,76,142,104,145,211,1305,137,103,161,86,16,168,204,252,98,16,117,53,46,194,128,89,116,116,146,173,464,160,220,134,502,158,115,155,480,35,365,70,129,273,138,911,95,38,115,130,90,627,157,145,110,159,62,166,212
"COG4521",791,2443,2884,1754,1933,2891,2407,2577,2810,557,727,2453,2350,1894,3092,3324,2194,990,2194,1950,52,2422,3160,2795,2090,1701,1836,2280,1753,1171,2323,2423,1950,2393,2049,384,1953,2138,2432,2141,3558,1169,2308,2703,1609,2399,15,2482,3015,2562,2851,1139,1976,2251,691,2442,2393,2818,907,1597
"COG4525",651,1920,2348,1493,1406,2247,1838,1999,2312,445,813,1654,1622,1399,2350,2383,1874,830,2185,1526,36,1745,2432,2244,1574,1188,1285,1927,1254,1040,2262,2407,1509,2075,1555,289,1724,1666,1707,2016,2656,847,1770,1958,1243,1832,11,1746,2079,1860,2235,748,1981,1664,499,1877,1655,2182,769,1325
"COG4529",20,46,54,60,204,51,140,83,60,170,126,82,217,133,42,2,119,112,24,120,41,147,58,89,130,151,95,74,128,276,82,13,311,37,212,29,566,152,263,27,40,145,119,160,128,164,168,127,73,123,52,161,71,134,106,103,279,100,93,107
"COG4530",3,108,120,40,115,93,39,107,96,56,10,80,40,78,21,1,9,54,1,67,11,65,87,69,58,139,48,17,62,33,26,3,6,9,93,11,7,35,75,1,66,55,65,88,48,62,484,53,61,52,115,79,5,55,38,145,64,45,14,11
"COG4531",120,2805,3347,888,2267,3443,2802,3068,3414,1055,248,2857,2774,2470,4281,1449,683,1822,1045,2009,291,3188,3834,1567,2760,2299,2495,723,2326,694,1661,966,723,881,2629,793,578,3157,3120,712,2791,2169,2919,3270,2432,2869,1025,3204,3634,3285,4259,1571,745,2910,979,2612,2814,3294,600,2134
"COG4533",32,0,1,19,1,2,2,8,76,6,13,1,1,0,0,133,0,0,0,1,383,0,1,0,1,2,4,7,0,2,1,3,0,0,1,5,1,0,0,0,0,5,0,0,0,0,0,3,25,0,0,1,3,2,0,40,0,0,0,0
"COG4535",794,1467,1644,985,834,1545,1033,954,1368,649,651,1595,962,1263,618,1767,823,734,1351,1419,1936,1097,1401,1486,1515,1398,1139,1103,927,1404,1394,826,926,864,1202,759,1088,756,965,942,1526,703,1559,1287,1012,1268,160,836,1267,961,2018,971,801,1146,706,1213,1146,1152,825,832
"COG4536",1456,3028,3526,1530,2427,3393,2362,2438,3709,1943,1201,3860,2410,2965,1446,3572,1248,1991,2028,3075,3019,2825,3054,3437,3717,3306,2618,1647,2586,2302,2405,1563,1324,1376,2797,1143,1700,2059,2650,1663,2591,2188,3143,3045,2694,2813,2705,2419,2073,3025,4683,2756,1498,2510,1665,2728,3093,2391,1580,1851
"COG4538",64,0,0,5,0,0,2,0,38,8,58,0,0,0,0,1,3,5,0,0,3,0,1,0,1,2,0,4,2,102,1,1,6,3,0,18,135,1,0,3,0,2,0,0,0,1,36,0,9,0,0,3,9,13,1,0,0,0,182,0
"COG4539",398,72,75,126,58,76,89,55,59,145,297,50,56,63,57,221,54,178,49,68,658,123,70,61,95,48,75,106,147,385,51,28,60,61,65,493,196,109,66,23,62,98,74,24,63,56,44,61,218,28,38,48,17,106,44,64,50,37,291,41
"COG4540",2,0,0,43,11,1,1,2,6,86,9,2,1,2,0,1,29,8,0,0,9,4,1,0,1,2,1,18,8,33,9,0,7,5,0,44,34,1,0,4,0,0,0,0,6,0,74,1,0,0,1,1,2,21,1,61,0,0,12,2
"COG4541",1,0,0,0,0,0,0,0,1,0,0,0,0,0,0,0,2,0,0,0,0,0,0,0,0,0,0,1,0,4,0,0,3,0,0,0,0,1,0,0,0,0,0,0,0,0,0,0,0,1,0,2,0,0,0,0,0,0,1,1
"COG4542",4,19,8,193,4,5,13,16,1,4,2,0,0,3,34,0,132,131,4,0,7,2,7,0,0,0,0,33,2,91,14,10,151,175,0,1,40,16,3,9,0,142,1,0,35,0,0,0,6,2,5,1,20,3,2,8,0,0,8,60
"COG4544",61,85,34,321,163,43,150,103,73,131,49,77,114,134,55,0,252,252,108,84,24,171,16,108,100,81,103,176,137,196,87,97,226,233,180,19,219,80,134,90,18,312,41,132,241,88,433,108,12,57,97,138,69,122,91,50,91,51,59,157
"COG4547",2125,6781,8859,2958,6427,8500,7387,6800,9521,2764,2139,8582,7755,7241,6940,5215,3628,3994,3782,7236,208,7570,9158,10271,8086,7358,6409,2794,5834,2124,4864,4413,3184,4497,7774,1187,2785,7070,7941,4381,8900,4787,8231,8623,5884,7742,2804,8016,5204,7851,10892,4481,3670,7230,3332,7034,8034,8556,2036,5269
"COG4548",1762,1051,743,2835,359,701,574,684,230,307,2407,250,250,512,2614,2680,2646,2089,2272,593,405,317,455,214,172,200,255,2451,249,1532,1558,1639,2870,2767,254,897,1709,508,272,1507,577,2558,321,221,1442,322,1118,302,555,193,285,187,1706,329,192,764,229,305,911,2209
"COG4549",2,3,0,16,40,1,3,4,12,11,1,21,2,15,0,0,9,4,4,0,0,12,1,1,2,1,1,22,8,7,1,2,3,12,3,2,16,13,2,3,7,1,0,0,1,3,162,1,9,0,4,0,2,5,3,1,1,3,5,1
"COG4551",170,0,0,25,3,0,2,1,12,16,505,1,1,1,10,0,1,22,8,3,238,19,1,3,6,3,1,8,22,91,9,27,4,5,1,64,63,1,1,13,8,4,0,3,13,4,202,1,8,2,7,19,64,28,2,5,0,0,29,49
"COG4552",178,129,86,659,40,92,149,174,33,39,98,71,65,94,708,26,623,605,262,128,76,113,93,24,46,8,24,301,101,324,133,152,620,634,19,17,288,95,46,257,2,685,7,22,482,28,61,69,118,33,29,60,221,22,43,106,42,50,72,682
"COG4553",98,123,121,448,114,109,233,242,396,143,239,306,299,93,109,11,147,239,100,184,1804,452,82,176,140,310,175,197,338,639,103,78,203,221,453,100,210,116,376,73,45,188,24,400,173,82,2326,176,38,306,431,481,79,299,94,211,336,30,137,93
"COG4555",1413,694,822,847,1002,751,930,979,570,697,1026,576,772,783,860,424,1134,905,692,741,1646,724,1083,1976,689,731,650,881,700,1035,655,1011,884,965,879,359,987,935,1012,931,267,875,1373,863,852,1017,346,819,922,680,902,564,1070,787,708,814,880,1145,710,998
"COG4558",86,18,512,254,1482,457,450,304,1985,1263,210,528,317,1920,230,538,132,435,81,32,391,350,1471,11,2179,1659,15,105,310,431,503,6,64,30,30,528,161,130,46,30,11,50,2803,204,1525,2092,493,389,595,84,1140,119,23,646,1595,84,28,2060,463,661
"COG4559",50,52,372,225,1263,380,296,212,1825,1093,136,585,335,1679,94,865,82,346,86,118,159,339,1273,72,1958,1491,32,75,302,266,467,19,47,53,43,375,175,89,28,81,29,115,2607,162,1376,1873,804,350,284,110,1050,199,44,522,1408,64,11,1634,300,416
"COG4564",136,36,50,271,84,42,102,61,130,761,540,41,12,122,97,1262,539,134,64,16,405,119,23,3,64,31,2,167,110,315,160,60,424,86,48,175,428,56,4,29,28,79,119,40,89,53,793,3,38,14,31,60,56,93,68,16,8,11,203,137
"COG4565",27,6,1,62,5,4,9,11,8,18,20,1,9,3,1,41,78,9,26,2,19,13,0,5,0,2,15,71,11,58,140,130,110,139,44,31,271,51,143,105,7,57,0,26,14,2,93,28,6,13,3,18,119,88,4,8,76,1,177,26
"COG4566",31,10,3,208,44,6,29,15,37,59,54,14,8,25,40,117,94,95,35,17,55,41,9,18,11,12,9,99,84,145,64,150,255,392,97,339,398,67,18,43,14,94,22,72,118,41,767,44,40,58,37,177,184,75,65,32,26,7,195,146
"COG4567",601,1771,2079,900,1663,2134,2141,1908,2410,705,582,1972,1997,1729,2609,1127,1042,1053,1163,1645,733,1799,2350,3233,1864,1479,1360,833,1489,899,1296,1457,881,1348,1872,552,987,2158,2044,1326,2133,1235,1927,2141,1685,1852,863,2002,2207,1934,2310,1026,1231,1833,674,1808,2021,2228,821,1667
"COG4568",242,0,0,9,0,0,1,0,14,20,113,1,1,4,3,0,21,30,11,1,353,6,0,0,5,1,0,10,9,119,21,11,2,7,2,58,25,0,2,4,1,1,0,2,2,0,0,4,11,0,2,9,3,5,0,1,0,0,39,6
"COG4569",63,246,255,227,183,241,131,162,210,188,125,182,102,149,87,331,107,139,172,154,2787,158,207,115,168,121,128,135,190,664,112,33,86,111,257,286,146,94,142,46,446,133,100,139,171,112,566,133,271,109,140,140,32,149,102,179,182,148,225,160
"COG4570",1793,24,19,27,36,18,29,12,8,25,1930,33,17,53,45,1,10,103,43,10,41,64,19,8,48,32,58,6,23,47,48,51,11,38,58,2022,7,27,46,23,41,201,22,28,36,28,267,30,9,57,2,14,71,207,31,47,39,10,19,41
"COG4572",25,0,0,6,0,0,0,0,5,1,36,1,5,0,1,1,1,1,0,0,4,0,0,0,0,0,0,5,1,22,0,0,1,1,3,40,0,5,2,1,0,0,0,0,0,0,1,0,1,5,1,0,2,1,0,0,0,1,21,2
"COG4573",134,84,143,54,35,109,28,102,80,32,75,152,27,22,25,43,31,20,25,48,16,35,50,23,69,22,22,40,38,47,38,60,41,34,43,41,202,25,19,42,79,17,25,17,29,19,22,35,27,43,9,54,57,52,17,114,19,25,175,52
"COG4574",0,26,3,1,12,6,22,18,24,71,3,20,21,26,1,0,0,16,32,5,8,1,4,0,8,13,0,1,1,5,10,0,5,1,6,105,4,7,3,42,2,29,1,2,25,10,0,16,3,7,0,7,0,0,25,11,0,0,6,5
"COG4575",4,0,0,8,1,0,0,2,0,3,13,0,1,1,0,0,11,7,0,0,3,0,1,0,0,0,0,8,3,16,5,3,0,19,4,77,4,0,2,1,0,4,2,3,1,3,52,0,3,3,0,3,1,27,1,0,0,0,8,1
"COG4576",19,21,16,85,34,21,24,22,7,25,19,12,20,20,2,1,74,49,41,3,6,2,4,0,15,6,7,76,3,29,45,80,72,77,16,1,52,12,6,39,1,51,1,6,51,11,0,20,0,10,3,11,91,7,25,21,11,5,10,64
"COG4577",36,159,120,178,425,136,471,224,266,1651,21,421,1052,1032,176,7,172,797,288,594,47,828,43,63,507,1417,1120,181,1205,106,229,186,193,264,994,43,127,551,557,279,9,489,239,625,336,690,3,683,63,915,189,1582,240,752,2322,299,864,10,17,297
"COG4579",1653,691,627,1711,487,584,274,507,350,350,1218,251,232,231,434,3613,1703,604,1784,286,4193,455,157,304,206,107,159,2144,550,2996,1655,1568,1741,1668,376,1165,2134,281,313,1055,395,433,40,242,367,101,905,299,924,356,194,532,1234,473,114,836,216,869,1827,509
"COG4580",32,1,0,63,7,0,1,3,18,25,43,2,2,3,7,0,34,32,2,1,247,6,0,18,3,5,3,55,24,72,12,4,6,29,13,232,25,2,3,5,4,20,8,15,8,7,169,7,12,2,8,10,5,100,6,2,3,0,67,89
"COG4581",333,2676,2149,1585,3720,2333,3181,2716,2720,8995,204,4475,7085,5312,2541,699,1643,4685,1559,5391,219,6691,1929,1991,3473,7756,8297,2212,8853,1242,1865,1465,1717,1980,4586,1593,1619,4127,3883,1508,8589,2543,2261,5645,1938,4214,47,6561,1391,7530,2471,10305,1876,6637,12219,3182,4756,2321,1071,1523
"COG4582",670,244,224,155,82,263,190,219,134,101,396,171,79,100,198,470,173,235,191,117,1967,116,246,59,91,42,116,311,130,682,201,53,189,126,110,306,295,200,131,111,290,136,82,106,198,95,9,107,431,83,92,48,82,82,53,218,201,159,174,227
"COG4583",380,1739,2175,806,1281,2086,1476,1671,1996,558,220,1807,1479,1489,1514,1151,1146,902,1571,1464,57,1514,2055,1720,1472,1209,1213,910,1138,609,1606,1675,1072,1463,1596,355,851,1530,1644,1611,2362,1076,1591,1671,1434,1565,701,1583,1135,1669,1877,806,1252,1340,605,1577,1526,1833,437,1359
"COG4584",10585,122,19,4341,367,66,509,142,1749,2807,7685,648,94,282,592,133,2652,2182,3720,61,47776,1354,230,50,921,237,72,2202,2620,11323,1322,9526,1084,2771,259,4028,2807,445,87,6263,121,261,179,293,422,620,2421,287,1540,399,284,976,9308,1139,935,391,76,21,2722,605
"COG4585",3914,223,136,1859,311,166,384,352,423,1913,3639,334,92,336,578,655,1254,1487,2279,99,6993,672,174,463,411,103,35,1191,1214,3525,1016,2902,1814,809,232,2636,3328,361,115,2388,365,341,343,150,427,224,1927,154,709,167,242,424,3038,474,384,243,112,111,1602,987
"COG4586",136,480,383,141,730,434,572,407,828,3188,396,783,1416,1490,265,135,137,1213,375,1437,53,1136,310,290,965,2321,1972,164,1827,173,394,405,176,256,1027,352,84,1098,716,651,139,472,777,1057,525,1182,11,1088,140,1545,648,2406,591,1382,4519,511,1023,241,280,309
"COG4587",110,202,182,110,335,221,338,246,337,2232,218,647,981,967,195,0,114,910,209,1052,42,778,174,105,729,1789,1383,106,1432,98,258,304,133,206,717,190,41,841,433,493,20,278,461,734,337,885,1,852,84,1032,480,1768,433,942,3236,281,733,58,144,189
"COG4588",19,1,0,32,0,0,13,10,17,4,41,0,1,1,7,0,31,14,4,0,26,17,2,16,1,0,0,11,13,80,3,6,27,5,0,0,17,1,0,3,0,0,0,1,4,0,46,0,5,9,2,9,6,7,0,0,0,0,19,6
"COG4589",13,111,165,152,167,124,110,96,76,188,81,175,69,94,37,59,37,263,97,106,65,101,99,142,72,87,110,101,135,300,95,31,55,77,154,544,91,124,78,39,65,218,40,84,143,63,6,70,137,129,122,121,23,151,70,186,73,58,809,132
"COG4590",1758,192,47,463,130,58,129,342,196,467,1262,103,88,121,258,233,190,587,272,396,4593,172,37,163,134,54,124,218,360,2007,173,75,59,152,248,1359,790,141,124,92,32,406,35,122,133,123,1124,181,411,98,97,217,78,400,169,304,151,28,1163,257
"COG4591",10182,9143,10652,9864,8561,10143,7307,9392,9397,6620,8640,9157,7243,7886,7551,10938,11447,7051,13271,8816,5668,7932,11443,10208,10397,7044,5915,12982,6800,8618,11921,14322,11562,10265,8066,3110,10876,8623,7574,13699,9257,7006,11663,7274,8714,9020,4079,7419,7339,7331,9889,6611,13133,7122,5630,9243,7477,11901,10735,8859
"COG4592",1,0,0,28,0,0,0,2,0,26,0,1,0,5,1,0,0,5,0,0,36,8,0,0,0,0,0,12,6,28,0,0,0,0,0,66,46,5,0,9,0,0,0,1,0,0,1,0,4,0,0,1,0,30,1,0,0,0,5,0
"COG4594",17,0,0,11,0,0,0,0,34,11,1,0,0,2,0,203,4,4,2,0,95,1,0,0,4,3,0,6,20,17,1,4,1,11,1,6,13,0,0,1,1,1,3,0,0,1,3,0,2,1,0,6,11,3,0,0,0,0,2,0
"COG4597",1410,4951,5359,2839,4758,5316,5975,5412,5465,5009,1958,4369,5540,5708,6713,3253,3483,3871,4555,4109,505,4182,6015,5122,4989,5626,4516,3427,3370,2117,4756,5608,3014,3640,5292,1245,2781,6037,6193,4774,7083,4861,5538,5675,4610,5987,2512,5591,5700,4786,5054,2590,4782,4716,5554,5569,5724,6963,1702,4395
"COG4598",139,118,118,933,214,142,199,228,390,199,118,308,193,230,128,412,909,187,548,168,195,167,144,273,369,188,163,1112,256,884,589,518,721,651,331,494,904,122,219,527,99,151,175,256,209,153,1047,176,110,224,280,213,453,243,146,181,266,168,522,206
"COG4603",635,3338,4115,4542,4105,4070,5047,4334,3560,2257,564,2440,4210,4318,4485,3936,4214,3207,5294,2740,467,3364,4088,2346,4336,3346,4135,5007,3052,3387,5147,4900,4387,4095,3824,1338,4191,3888,5146,4391,4356,4248,3170,4882,4290,3656,3485,4596,3970,3870,4349,3062,4943,3261,1786,4433,4766,4856,2731,3255
"COG4604",6,2,0,61,5,0,8,4,2,1,18,2,1,2,40,0,49,45,0,1,70,69,13,1,1,2,0,21,41,41,1,0,22,7,0,15,13,4,0,4,1,14,0,1,15,6,621,1,8,11,4,3,2,4,3,5,0,1,94,83
"COG4605",11,0,0,121,1,0,5,9,5,1,9,2,0,0,15,0,57,45,0,1,84,89,3,0,1,0,2,45,53,36,3,0,37,11,0,17,17,0,0,5,0,1,0,1,6,0,370,0,0,13,0,3,0,1,0,1,1,0,7,63
"COG4606",12,0,0,104,4,1,8,7,7,2,14,2,1,4,17,1,67,44,1,0,95,70,0,1,1,1,2,41,45,30,3,0,29,3,1,6,14,0,0,1,0,4,0,0,3,4,774,1,3,12,0,2,1,3,2,0,0,0,12,79
"COG4607",8,2,0,152,5,1,1,6,56,39,31,3,3,2,18,1,72,54,4,1,166,104,3,1,3,2,2,70,84,55,10,4,39,17,2,137,24,3,2,5,0,4,3,10,13,1,889,8,11,26,4,18,5,67,1,2,2,0,19,96
"COG4608",2874,3723,3022,9322,2149,3130,3336,3956,1456,1642,1321,1773,2368,2348,4267,1712,9169,5024,7433,2046,1072,2047,2182,1848,1516,1492,2521,9859,1753,5243,2004,1978,3008,2868,953,287,2488,1017,1398,2285,925,2089,689,809,1666,554,1852,945,942,544,508,532,1914,688,337,1166,1256,852,1855,2222
"COG4615",140,24,10,130,27,13,36,12,26,43,88,59,12,11,30,12,147,253,99,41,246,38,3,27,27,7,10,60,173,481,120,203,36,101,48,361,203,41,5,85,62,74,71,17,66,24,3719,12,63,54,19,72,229,138,18,30,12,6,59,23
"COG4618",215,59,32,257,224,29,69,52,77,181,135,146,42,204,104,1070,116,191,91,148,246,171,24,159,82,93,62,137,135,325,90,84,138,101,110,520,237,140,94,91,108,145,28,165,206,72,6404,62,54,94,77,119,99,96,93,106,78,42,252,84
"COG4619",17,24,15,354,39,16,50,50,12,61,21,37,58,52,21,58,374,51,124,9,6,39,26,6,36,28,60,298,20,142,128,114,294,278,57,4,274,54,142,214,45,92,15,67,40,27,381,59,10,18,13,22,99,41,38,19,96,14,171,89
"COG4623",1302,753,854,1290,585,854,574,688,815,940,1176,831,445,709,502,1648,616,577,558,613,3435,784,969,1016,802,640,432,714,864,2111,642,234,551,635,665,1579,1147,422,400,197,1023,314,669,451,645,665,578,527,1441,672,485,788,307,674,433,695,563,622,2626,659
"COG4624",49,142,67,11,125,43,68,39,7,12,24,9,26,35,4,98,2,28,6,1,5,128,1,6,7,2,25,13,6,15,17,73,2,8,19,27,3,12,49,17,1,32,3,1,5,13,238,8,6,59,1,6,109,12,45,28,15,5,7,3
"COG4625",130,96,73,301,701,110,382,181,361,737,203,409,547,569,132,256,192,413,119,230,201,619,149,433,194,440,491,287,693,269,151,355,212,134,839,218,119,509,470,154,522,309,186,417,454,569,84,473,129,451,459,550,524,452,609,127,568,182,117,521
"COG4626",1952,26,14,290,142,19,51,28,62,177,2275,170,23,72,126,20,94,277,25,29,209,181,20,53,85,53,123,163,139,415,23,65,126,48,184,10324,287,29,78,45,111,299,69,69,99,71,1027,39,35,60,89,44,96,492,104,42,65,59,122,248
"COG4627",687,144,204,161,287,186,187,172,360,162,1386,239,236,263,207,390,157,184,167,349,13,214,259,291,251,290,362,114,205,81,195,189,143,194,211,987,112,165,241,199,400,250,366,399,187,275,1223,288,139,270,319,208,222,293,239,190,230,267,84,129
"COG4628",237,22,6,70,3,12,5,7,39,40,152,22,0,7,5,763,28,56,31,5,593,36,4,5,15,9,7,29,41,319,21,13,14,33,0,181,152,5,0,6,55,2,8,3,13,9,25,5,19,15,9,18,23,49,10,6,2,1,171,34
"COG4630",2853,2946,3427,3756,2172,3436,3319,2758,1594,1431,2115,1406,2299,2239,2465,3361,4150,1999,4546,1141,3189,1903,2723,662,2577,1692,2268,3779,1870,3463,4106,4885,3688,4330,2646,999,3511,2638,3644,5078,1068,2184,2159,2409,2342,2102,1341,2871,2397,2684,1245,2074,4311,1974,1178,2308,3472,2323,2132,3342
"COG4631",3083,4394,5018,5668,3544,4916,5391,4378,2223,2358,1982,2018,3850,4019,4180,4639,6545,3043,6425,1775,4605,3146,4007,1077,4164,2598,3364,5760,2977,5084,6239,6138,5860,6525,4154,1536,5400,4175,5293,6484,1749,3274,3410,3764,3990,3670,2220,4408,4132,4352,1946,3275,4873,3046,1875,3417,5181,3635,3241,5382
"COG4632",126,59,47,304,212,56,156,137,20,125,339,21,72,136,139,1,311,285,597,102,54,134,137,37,79,112,57,387,89,145,266,362,311,181,81,15,268,123,105,584,121,207,272,41,212,162,0,116,179,25,50,27,411,71,126,117,73,193,140,217
"COG4633",937,1,1,113,14,1,12,4,58,88,989,3,5,14,20,1,57,183,62,6,1283,42,7,4,30,11,0,31,97,550,51,83,6,41,11,222,170,11,3,37,2,6,5,7,27,11,14,12,156,4,18,41,139,32,17,10,6,2,279,43
"COG4634",8,0,1,9,1,0,12,4,3,7,12,13,6,1,6,0,12,10,1,0,1,5,0,0,0,4,7,4,6,6,4,12,12,8,6,5,8,7,29,2,0,16,39,8,6,8,19,8,0,0,4,1,16,10,3,2,16,4,1,4
"COG4635",15,319,849,21,1872,830,547,340,3092,2514,5,1196,476,2427,262,1791,31,187,21,460,85,607,1613,611,3131,2446,421,20,455,42,882,11,32,64,442,426,28,352,366,14,404,182,3147,537,1468,3002,96,578,512,510,2062,498,10,817,3544,405,432,2725,71,370
"COG4636",52,1,0,65,3,2,6,6,0,16,28,1,6,6,9,0,46,17,6,0,21,7,0,0,0,0,1,29,23,38,8,24,47,75,15,8,6,17,3,16,0,17,121,1,19,10,14,9,0,3,14,3,31,11,10,1,2,8,2,28
"COG4637",128,6,1,164,27,5,33,13,40,94,144,39,10,17,37,1,115,287,81,15,778,25,2,2,29,1,21,208,235,608,93,72,85,87,37,302,140,28,2,14,8,52,8,8,50,16,14,19,8,10,20,63,90,14,22,15,3,1,34,65
"COG4638",2771,21317,20604,18641,14298,20909,15863,18706,10323,10292,1671,12626,12697,12282,16823,12378,20598,14924,13610,13302,3287,11046,14708,7406,8671,9992,13069,21634,11719,14103,15235,5907,22088,21468,11659,3791,17355,15175,14191,9180,12415,24006,9401,10270,17267,8905,7214,12597,16933,12692,8236,13766,5241,10779,9273,19388,14258,14111,7938,17896
"COG4639",76,0,7,13,211,6,174,17,68,353,304,40,349,418,18,0,14,87,14,21,50,125,5,2,82,158,157,13,159,14,27,23,26,29,350,462,79,165,204,21,1,15,62,133,48,133,27,155,7,112,54,168,12,170,422,1110,342,9,4,20
"COG4641",1248,135,115,344,247,98,144,158,144,476,2939,121,97,218,256,187,317,413,273,99,1055,151,139,218,167,142,195,300,147,206,64,115,102,132,50,864,98,44,31,168,91,98,42,51,137,44,203,53,52,61,65,79,120,70,93,42,31,29,53,188
"COG4642",3645,4649,2457,14621,2670,2494,3040,4432,2280,2395,5152,3634,2360,2100,2419,5643,15452,3009,10437,2211,517,2742,2392,1910,2173,1789,2736,14365,2577,7360,9811,14833,13733,12061,1666,931,10539,2945,5328,12226,3326,3529,2235,2111,2621,2176,397,2417,2571,2230,1353,2461,12969,2757,1939,4539,4133,1512,5384,4682
"COG4643",941,53,73,849,310,65,164,128,272,314,1053,242,236,179,146,20,444,414,361,121,2371,663,34,251,244,900,391,530,474,1409,381,787,507,303,427,14281,554,222,464,496,343,359,125,434,177,226,6594,347,106,228,107,344,825,999,334,183,352,72,444,190
"COG4644",14885,91,18,3965,745,92,619,214,1692,3152,8267,202,181,430,565,36,2273,4179,2200,256,40906,1441,164,274,1609,257,67,2262,3670,21139,1536,682,774,1490,135,4515,3221,198,172,778,103,244,381,529,424,672,1781,489,2582,203,371,1804,495,1035,1198,483,151,32,5335,987
"COG4645",94,2,0,56,23,1,14,12,6,11,123,4,0,3,8,1,66,32,23,18,215,24,5,2,2,8,0,76,38,138,17,17,123,18,30,79,79,72,7,4,4,5,0,8,20,13,872,2,17,6,9,16,6,9,10,26,1,4,40,24
"COG4646",1481,16,27,679,231,16,89,70,214,281,1375,89,36,121,132,3,622,1373,39,46,2441,381,39,8,57,75,22,377,896,2905,123,82,409,126,146,3459,313,428,18,22,108,74,119,110,65,212,904,36,261,91,47,154,64,112,170,99,47,33,215,120
"COG4647",82,6,3,3,9,6,11,3,0,3,71,7,1,10,7,0,12,11,97,6,0,9,2,2,0,2,4,3,3,0,18,193,1,4,7,5,1,4,3,131,8,27,0,7,10,0,23,6,2,2,3,1,248,7,0,4,1,3,1,12
"COG4648",42,1,0,126,3,0,1,1,14,4,32,0,0,0,5,1,73,5,37,0,40,2,15,0,2,1,0,114,4,217,38,18,84,100,1,39,72,2,1,15,2,1,0,12,0,2,204,0,49,2,1,2,21,38,4,0,1,0,565,3
"COG4649",47,286,283,99,239,288,260,230,124,177,30,222,197,206,158,69,86,288,72,208,13,257,183,224,129,226,299,54,208,57,72,104,99,76,251,23,59,234,258,107,121,319,108,219,282,136,498,222,103,228,276,178,136,201,125,242,245,129,49,192
"COG4650",142,0,0,59,3,4,36,2,7,23,115,15,1,5,14,0,71,18,8,0,64,19,1,0,1,2,0,66,19,136,15,47,48,60,0,287,96,3,0,11,3,2,8,11,26,3,545,0,1,21,8,8,29,3,4,1,1,0,29,127
"COG4651",1320,146,78,788,213,100,213,191,601,475,1068,316,226,163,136,19,254,657,217,427,3569,838,73,712,217,278,260,478,1018,1837,173,140,213,311,534,850,730,250,317,93,43,374,107,305,185,186,1197,270,376,753,564,947,141,427,217,302,291,42,987,166
"COG4653",2415,15,22,270,145,19,55,64,138,95,1915,122,94,91,169,27,154,311,45,64,1179,497,37,317,118,117,342,115,222,398,53,51,199,125,209,10310,209,44,81,30,165,326,100,144,106,104,2048,71,77,57,67,59,61,590,123,37,88,69,81,293
"COG4654",51,36,30,117,75,16,73,66,43,152,74,61,59,86,61,15,17,102,51,82,27,34,16,27,25,30,26,103,78,258,35,2,59,70,115,113,61,20,34,14,35,125,94,23,128,19,66,58,52,42,17,30,6,88,21,87,49,19,128,109
"COG4655",2,1,0,38,7,1,6,5,0,21,7,3,0,10,13,0,5,13,13,0,17,2,4,0,1,2,0,30,17,115,2,2,6,5,3,3,28,11,0,2,0,1,0,3,3,1,3,10,12,1,1,12,0,0,1,2,0,0,20,2
"COG4656",541,47,10,333,61,15,39,30,94,184,455,25,19,37,24,676,217,203,523,26,1296,59,19,42,27,23,17,336,183,731,1011,1406,643,635,136,1397,1208,53,67,1256,52,81,66,115,131,75,498,122,533,53,61,219,1448,362,119,67,51,30,1595,234
"COG4657",182,15,10,99,18,7,22,17,39,60,164,44,25,19,22,257,71,71,259,23,479,54,5,27,26,13,8,131,60,249,474,649,257,243,85,429,404,37,34,628,16,68,29,56,68,25,167,75,159,89,51,189,566,149,50,59,44,23,440,86
"COG4658",1078,112,34,540,133,41,97,72,236,307,721,207,75,95,62,1191,308,293,1248,159,2307,274,33,198,123,71,74,565,366,1161,761,1301,345,363,160,693,600,41,57,1405,46,134,55,95,105,69,295,142,250,206,116,382,1296,236,101,99,59,20,745,169
"COG4659",760,106,25,393,64,31,48,51,105,160,472,114,37,51,44,747,263,192,656,78,1375,148,19,98,72,53,30,372,233,782,446,531,316,231,65,447,455,21,22,517,29,59,31,55,61,40,185,59,148,118,89,176,479,126,45,62,25,13,411,101
"COG4660",650,63,27,352,75,35,50,56,122,197,433,146,51,66,42,849,238,199,806,96,1554,211,13,119,105,41,36,375,275,845,507,694,294,300,94,424,526,24,29,691,35,102,40,66,62,39,188,65,172,161,90,245,597,168,55,48,38,20,507,75
"COG4662",205,525,623,778,1005,543,595,667,872,479,148,786,648,702,396,509,780,602,700,559,94,727,580,662,884,659,771,637,658,440,743,701,659,772,901,95,579,500,985,900,479,776,515,856,806,553,692,648,343,840,1064,931,776,667,439,614,831,569,237,684
"COG4663",3684,10677,11910,7028,9527,12467,13022,10558,11658,4708,3984,11088,10720,10417,12734,11001,7148,6350,10200,8460,1463,10707,12621,12487,10417,8613,8891,6906,8428,4832,10296,12840,6823,7744,9279,2975,6168,10239,12394,12045,14092,7792,10276,11448,9586,10992,9294,11175,13851,11410,12936,6874,12034,10037,4347,10076,12413,12077,4052,7957
"COG4664",4668,13455,15253,9214,12260,15623,16243,13482,14752,6314,5133,13566,13653,13173,15698,12089,9740,7729,14473,11134,1540,13213,16068,18010,13777,11101,11200,9371,10336,6443,14059,16853,9149,10698,12894,2722,8282,12957,15549,16494,17445,9794,13170,14424,11899,13893,13783,13977,16200,14512,16789,8683,15361,12582,5765,12691,15508,14880,4918,9669
"COG4665",1937,4581,5519,3225,4298,5456,5372,4638,5315,1933,2002,4718,4506,4713,5543,4899,3541,2607,5400,4028,581,4740,5546,5786,4644,3562,3882,3186,3699,2217,5146,6447,3084,3850,4953,1122,3177,4391,5328,6303,5920,3199,5065,4993,4012,5130,4537,4971,5248,5182,5827,2734,5840,4417,1938,4384,5250,5845,1579,3241
"COG4666",2697,6647,7115,6374,4882,6873,6754,6619,5177,3117,2686,5783,5565,4737,6358,7189,6466,5329,7099,4364,1342,6052,5875,4867,4519,3777,4498,5669,5243,5165,6577,7946,6151,7220,6924,2612,6034,6468,7696,7217,8147,6371,4033,5808,5405,4831,16173,6139,5989,6410,4032,4844,6813,5601,2483,6936,6595,4671,3055,6575
"COG4667",1718,251,328,315,361,363,242,329,422,344,988,379,271,321,293,522,202,402,194,277,2857,344,395,255,415,252,262,154,408,1348,222,158,77,106,275,743,555,257,242,122,202,130,293,333,248,394,14,339,647,412,246,344,196,376,239,332,287,226,762,119
"COG4668",48,88,182,278,218,162,242,176,128,96,52,89,227,219,282,2,119,91,20,135,182,118,244,95,140,154,297,104,119,170,117,18,60,62,242,474,164,257,339,16,785,114,189,307,170,190,326,289,325,200,131,75,12,335,30,269,221,524,71,72
"COG4669",4,0,0,5,11,2,3,2,8,5,25,2,1,13,1,0,6,7,7,0,12,2,1,0,0,3,3,15,6,3,1,5,3,2,1,0,4,8,1,2,1,3,2,1,20,7,0,12,3,0,4,1,0,4,12,0,0,1,0,65
"COG4670",308,61,58,394,138,55,172,160,221,99,327,156,343,88,75,71,421,114,341,166,104,255,60,153,132,100,149,372,169,191,228,413,359,334,256,330,302,179,377,558,18,205,155,260,114,167,5,231,49,124,149,149,454,198,81,213,315,131,227,178
"COG4671",65,160,88,190,209,89,187,121,52,182,95,143,92,201,68,40,124,333,155,172,29,161,30,55,57,116,77,72,110,230,73,364,134,192,158,581,81,137,93,151,92,599,26,172,519,73,2909,152,28,95,70,68,361,272,131,119,87,30,117,302
"COG4672",1508,27,95,22,592,68,204,125,96,222,1607,660,292,409,356,4,21,266,48,276,78,903,82,426,311,834,686,30,514,34,194,34,6,59,687,59959,25,904,105,196,351,435,461,810,194,460,1901,468,62,322,57,173,34,3543,505,122,126,158,13,128
"COG4674",245,405,366,1091,387,437,569,594,793,836,342,1305,1255,699,342,107,658,1316,804,1484,342,1718,319,796,250,2272,1925,805,2308,980,238,402,221,275,342,198,251,274,214,228,26,199,48,411,145,137,252,357,126,543,607,844,398,439,371,206,321,20,173,250
"COG4675",355,47,81,66,470,82,119,172,809,271,452,904,351,227,56,45,53,84,209,472,83,194,69,618,276,565,690,31,143,41,91,53,57,29,153,3886,60,110,245,377,333,244,175,661,144,467,2484,753,37,127,41,111,37,646,448,331,164,128,83,90
"COG4676",84,7,18,50,322,5,27,16,0,47,35,3,5,426,0,13,42,1,71,1,11,0,6,1,8,9,1,43,3,41,38,244,34,36,12,302,30,18,11,94,1,38,4,2,92,69,0,2,4,3,0,3,239,2,97,14,25,229,0,9
"COG4677",4200,2,0,503,9,24,104,26,119,355,1511,13,15,11,138,6,377,918,365,9,6946,129,47,2,123,41,6,147,485,2328,153,156,135,108,2,823,796,9,14,139,18,26,11,15,70,9,21,32,1382,6,9,150,128,124,20,19,26,0,1436,74
"COG4678",78,207,41,28,223,44,272,401,86,298,45,146,442,496,21,0,6,27,140,14,18,29,10,23,8,36,153,15,27,27,64,4,6,16,753,465,36,231,614,214,53,90,3,13,60,22,767,89,26,171,0,157,4,88,92,25,642,3,9,4
"COG4679",102,0,1,62,6,1,3,2,17,26,97,0,0,5,11,2,54,68,14,1,153,12,2,1,5,2,2,51,62,118,22,26,36,89,2,109,91,8,4,15,3,2,3,4,4,2,312,2,14,4,8,25,33,11,5,9,1,3,130,6
"COG4680",116,2,0,62,14,1,8,7,8,47,168,2,3,10,7,2,23,52,36,2,324,26,3,18,9,2,1,41,44,122,13,110,46,32,9,51,53,8,2,32,1,6,1,2,4,6,140,10,4,4,3,18,99,5,10,1,0,0,55,16
"COG4681",478,36,4,358,25,16,22,19,100,164,436,87,1,20,44,488,147,178,105,20,1789,76,9,11,56,12,3,144,142,785,54,21,97,153,11,476,336,15,10,46,37,23,11,13,47,30,594,23,159,24,17,62,41,86,38,40,5,3,425,79
"COG4682",288,1,2,23,12,3,11,5,17,58,201,3,3,10,8,0,30,62,16,2,943,28,2,1,16,5,0,14,33,287,18,18,42,11,4,62,59,0,0,8,3,3,0,4,15,9,2,4,15,2,3,17,7,6,10,3,9,0,30,6
"COG4683",30,0,0,24,6,0,5,0,2,10,17,0,1,3,7,0,23,10,0,1,18,1,0,1,0,3,2,6,12,41,4,33,9,6,5,92,18,10,4,1,2,1,5,4,13,1,78,4,3,1,0,5,44,0,0,0,2,0,3,117
"COG4688",837,1,0,325,58,6,15,4,81,123,468,19,0,11,43,1,90,346,155,0,1972,82,11,1,94,14,1,52,207,999,27,40,22,79,0,900,110,3,6,45,5,2,27,30,27,10,542,3,177,11,11,43,27,129,82,5,6,1,387,73
"COG4689",22,100,44,40,8,41,53,81,13,5,16,20,26,13,183,0,54,58,39,224,19,21,28,19,6,34,50,18,16,15,3,7,16,12,26,3,11,21,15,10,2,30,1,11,19,5,0,21,25,7,0,2,9,5,2,10,22,1,0,28
"COG4690",166,96,14,133,99,30,60,64,6,42,136,5,39,42,126,194,155,86,220,22,51,139,12,11,3,11,21,104,24,83,81,146,180,157,61,231,65,138,50,357,1,317,8,11,128,19,12,31,28,70,10,45,204,33,42,29,38,25,41,308
"COG4691",6,0,0,14,6,0,1,0,0,10,6,0,2,9,0,0,5,2,1,5,12,5,0,0,1,0,0,1,4,27,4,0,2,3,16,73,11,5,1,6,0,2,0,3,0,2,7,3,0,3,1,2,8,2,2,5,0,0,15,2
"COG4692",109,1693,397,521,340,539,1025,604,192,280,167,280,584,356,134,51,570,713,768,162,90,72,57,210,213,71,241,580,104,386,471,152,636,445,390,69,623,216,309,821,40,771,173,13,318,84,102,360,161,194,22,268,158,148,82,451,327,19,357,431
"COG4693",3,0,0,4,9,0,0,0,4,3,0,0,0,1,0,0,0,0,0,0,12,1,0,0,0,0,0,0,0,0,0,1,0,0,0,1,0,0,0,0,0,2,0,0,0,6,0,0,0,1,0,0,0,0,0,1,0,0,0,0
"COG4694",90,14,0,247,8,1,7,13,52,558,126,1,1,75,30,0,39,102,37,0,166,37,29,3,1,5,2,78,73,271,19,21,184,228,32,53,240,24,6,7,6,3,12,20,10,2,238,0,78,5,10,32,19,7,24,3,4,0,244,13
"COG4695",6510,102,159,517,727,147,223,318,242,334,8458,468,383,343,486,36,250,543,135,385,1298,1257,218,1058,651,604,1246,272,672,621,421,113,240,270,1263,43231,349,187,364,564,1141,931,421,471,251,427,6000,588,264,414,89,209,265,2150,387,282,283,339,199,526
"COG4696",569,7,6,5,18,7,11,11,7,0,387,22,12,4,20,5,2,8,22,17,38,20,0,7,3,29,43,2,11,1,19,10,4,10,16,219,4,16,26,33,68,47,9,20,12,10,806,12,3,46,1,32,5,84,10,117,14,4,1,31
"COG4700",23,29,8,105,3,11,7,13,1,15,7,3,11,7,0,13,112,8,173,2,11,1,0,0,0,0,3,141,3,65,82,185,145,112,12,134,115,1,4,173,10,15,9,3,102,4,0,10,0,0,0,1,77,1,6,2,2,0,24,205
"COG4701",51,0,0,2,0,1,0,0,15,2,71,0,0,0,0,152,1,0,0,0,25,0,1,0,1,1,2,2,0,93,0,0,0,0,0,21,84,3,0,2,2,0,0,0,0,0,4,0,11,0,0,0,2,0,0,0,0,0,127,0
"COG4702",2,0,0,27,4,0,0,2,0,1,0,0,0,5,1,0,2,2,2,0,2,12,1,0,0,2,0,6,3,5,0,0,4,1,0,11,5,1,0,0,0,2,0,6,0,2,134,1,3,0,0,0,1,3,3,0,0,0,18,0
"COG4704",87,447,498,196,295,569,356,407,472,238,119,399,213,374,229,665,201,266,238,301,76,211,434,352,430,324,462,174,236,273,279,190,219,193,341,126,219,258,573,287,427,361,346,201,331,302,530,279,401,214,446,259,200,228,226,337,699,299,482,266
"COG4705",21,0,0,20,1,6,13,6,11,1,54,0,2,1,7,0,24,24,20,0,28,5,4,1,2,0,1,54,12,142,11,6,81,58,1,12,67,13,3,10,0,1,1,7,11,1,97,0,6,12,3,10,6,12,1,2,2,0,5,70
"COG4706",37,0,1,122,3,1,0,4,13,5,24,0,0,0,2,2,64,2,35,1,31,9,21,0,0,3,1,72,3,121,33,14,81,94,0,34,67,1,1,18,1,2,0,12,1,1,133,1,34,2,0,4,19,45,4,0,1,1,391,5
"COG4710",0,0,0,0,0,0,0,0,0,0,7,0,0,0,0,0,0,0,0,0,0,0,0,0,0,0,0,0,0,1,0,0,0,5,0,0,0,0,0,4,0,0,0,0,0,0,0,0,0,0,0,0,1,8,0,0,0,0,0,0
"COG4711",228,0,0,0,1,0,0,0,0,0,38,0,0,0,0,0,2,2,4,0,0,0,0,0,0,0,0,1,1,0,0,57,3,2,0,0,1,0,0,31,0,0,0,2,0,0,1,1,0,0,0,2,97,0,0,0,0,0,0,0
"COG4712",1453,29,19,29,31,12,6,9,27,11,1620,12,4,19,48,47,15,35,9,25,18,50,5,15,12,150,20,7,12,9,8,23,10,35,31,3105,7,14,4,32,6,29,22,17,36,18,235,6,5,6,5,5,30,95,25,21,8,6,11,49
"COG4713",2,0,2,122,0,3,12,6,1,1,0,0,3,4,16,0,72,14,1,0,0,8,4,35,0,6,10,254,15,129,25,5,105,65,13,2,80,3,6,5,1,2,1,10,6,1,5,0,2,0,0,5,3,2,1,1,10,0,124,18
"COG4714",12,22,42,26,36,38,35,24,79,36,29,40,17,65,26,105,32,18,75,25,17,26,56,34,65,11,10,66,19,15,75,110,17,24,10,362,22,8,18,144,46,8,49,21,28,36,8,36,23,28,116,22,88,26,35,29,22,41,17,28
"COG4715",2,0,0,5,2,0,0,1,0,2,2,1,1,0,0,0,1,1,2,0,42,1,0,0,0,0,0,4,1,7,5,26,8,22,0,19,15,19,0,20,0,0,1,1,1,2,0,0,0,1,2,0,47,1,3,0,0,3,2,2
"COG4716",13,1,0,48,5,0,7,15,0,5,40,5,0,6,21,0,23,21,0,3,14,8,13,18,0,3,0,60,40,39,2,5,17,31,1,52,48,42,8,6,0,27,1,8,50,1,7,23,3,0,0,27,3,1,2,6,1,0,32,6
"COG4717",173,43,25,344,305,26,52,62,24,33,143,35,86,111,17,10,267,204,291,12,64,23,7,4,2,7,6,271,15,442,144,320,343,322,110,50,204,42,27,394,3,321,2,6,288,8,382,48,11,25,19,57,437,17,38,110,26,0,66,320
"COG4718",263,1,6,3,58,14,25,13,9,19,236,68,33,56,32,0,1,30,8,46,11,110,11,65,45,96,69,3,76,2,24,5,0,8,138,9310,1,84,25,20,35,49,40,102,45,36,276,36,14,29,0,16,5,406,41,30,19,16,3,7
"COG4719",0,0,0,8,2,1,0,10,2,5,43,0,0,1,10,0,1,8,5,0,3,7,0,5,0,1,0,8,2,69,0,1,26,3,0,3,16,0,0,0,0,0,0,0,5,2,80,0,4,1,0,1,1,4,2,2,0,0,8,5
"COG4720",1,0,0,1,0,0,0,0,8,0,1,0,0,0,0,0,0,0,1,0,43,0,0,1,1,0,0,2,0,3,1,2,1,4,0,0,1,0,0,3,0,3,0,0,0,0,0,0,0,0,0,0,1,0,0,0,0,0,0,6
"COG4721",1,0,0,73,9,1,8,1,4,0,1,1,0,3,10,0,50,24,0,0,3,43,0,0,1,0,0,27,32,9,5,0,57,8,1,3,59,3,0,0,0,0,0,10,1,0,1,0,0,3,4,6,0,0,0,1,0,1,4,19
"COG4723",597,6,28,4,377,14,70,27,46,207,514,293,166,316,169,3,14,107,9,135,40,516,37,80,196,405,348,3,318,7,45,1,1,16,256,30109,6,193,41,44,77,174,228,478,97,287,539,250,29,143,3,113,7,2085,405,36,55,75,7,24
"COG4724",19,2,0,17,1,1,9,6,0,0,8,0,0,0,6,51,21,6,1,0,0,0,1,0,0,0,0,1,2,67,10,9,32,1,1,9,35,16,0,1,8,1,1,0,1,0,4,3,15,1,0,0,9,17,2,1,0,0,28,12
"COG4725",2410,376,276,180,719,243,239,220,253,178,6797,417,266,306,287,252,71,256,85,286,95,625,171,280,269,338,426,94,363,104,247,242,91,125,311,15595,94,65,247,156,259,310,526,417,183,382,4154,414,98,369,70,120,278,1462,334,308,178,309,57,269
"COG4726",0,0,0,18,0,0,0,0,0,2,22,0,0,0,1,0,0,1,1,0,7,0,0,0,0,0,0,0,3,3,0,0,0,0,0,102,2,0,0,0,0,0,4,0,0,1,0,0,1,0,0,0,1,0,0,0,0,0,1,0
"COG4727",0,1,0,0,1,0,0,0,0,0,2,0,1,2,0,0,0,1,0,0,0,0,0,0,0,0,0,26,0,0,1,0,1,0,0,2,1,0,2,0,0,29,0,1,11,0,0,0,0,0,0,0,0,0,0,0,0,0,0,2
"COG4728",304,19,7,125,35,14,17,14,42,86,267,29,17,26,24,192,35,101,36,14,679,41,7,28,26,13,10,47,97,350,14,23,15,102,30,196,105,15,8,7,9,27,1,18,46,14,39,22,59,45,20,73,28,61,20,13,5,7,148,48
"COG4729",4,0,0,6,1,0,1,1,0,1,14,1,0,0,2,0,4,5,0,0,6,2,1,0,0,0,0,8,3,11,13,0,12,12,6,87,47,11,2,0,1,2,1,8,1,3,6,2,0,7,2,9,2,1,5,0,0,0,8,0
"COG4731",72,241,269,127,290,231,246,185,281,239,138,317,242,389,119,1584,149,195,126,255,41,353,280,300,547,357,277,137,330,284,220,137,205,112,310,219,403,291,228,148,81,167,375,205,250,426,283,221,214,293,362,334,180,241,307,203,313,286,239,137
"COG4733",5373,102,273,143,2686,213,815,529,567,1036,7314,3244,1306,1734,1139,302,82,908,201,1353,1077,3915,354,1743,1505,3896,3306,209,2107,630,686,176,76,161,2516,246582,169,1878,370,671,1524,2969,2221,2971,774,2074,12246,1969,200,1236,178,596,213,15658,2485,639,426,694,222,509
"COG4734",103,1,1,35,37,1,2,16,26,12,269,30,2,30,11,2,14,46,15,4,48,17,8,11,21,3,8,20,26,57,5,25,8,16,21,875,18,6,2,13,54,11,54,3,18,57,1072,6,12,9,4,11,20,34,31,22,2,14,33,20
"COG4735",40,0,0,22,2,0,3,1,10,16,59,0,5,7,4,1,47,49,14,0,174,12,1,0,13,0,0,2,53,371,33,0,0,12,1,32,7,0,0,1,2,1,0,2,2,0,131,18,3,1,4,24,2,13,3,0,0,0,29,2
"COG4736",114,0,0,31,1,1,6,2,5,22,59,1,0,3,3,1,19,33,25,2,220,6,0,1,7,1,1,10,25,90,9,5,4,8,1,107,33,0,0,5,0,1,1,0,1,2,19,4,29,0,2,6,5,15,3,3,3,0,42,3
"COG4737",34,0,0,30,5,1,5,1,7,20,69,7,5,7,6,0,17,16,9,0,172,10,2,0,1,2,1,39,8,128,10,6,5,18,6,127,60,2,10,8,1,9,1,10,12,4,480,6,6,0,2,13,5,2,4,3,5,0,55,3
"COG4738",1,16,18,0,102,29,14,48,0,28,2,25,8,7,0,6,0,7,5,8,0,4,6,0,2,22,12,0,17,0,14,3,2,0,5,4,0,11,33,0,0,9,6,11,2,13,0,4,6,4,0,13,0,10,21,33,13,16,0,3
"COG4741",418,90,52,262,143,47,44,105,2,35,597,53,40,47,139,3,257,233,64,43,33,32,81,12,33,22,24,227,21,112,177,78,203,275,41,408,229,23,76,72,107,248,37,25,123,53,75,43,81,38,32,9,97,127,35,61,43,14,309,191
"COG4742",476,10,0,877,0,0,1,2,0,0,20,0,0,0,0,1,919,0,68,0,0,0,0,0,0,0,0,848,0,326,387,37,716,921,0,0,747,0,0,11,0,0,0,0,1,0,0,0,0,0,0,0,11,0,0,0,0,0,1106,0
"COG4743",13,1,0,1,9,0,2,2,0,2,19,0,3,3,7,0,1,13,6,2,2,0,8,0,0,0,0,0,0,1,0,14,0,2,0,1,0,28,12,14,0,6,8,0,1,7,0,2,6,0,0,0,33,0,3,5,12,2,0,8
"COG4744",20,0,2,12,0,2,2,0,0,11,22,0,0,1,1,0,3,4,25,0,1,3,0,0,1,0,0,11,14,19,4,0,6,2,2,30,13,0,0,6,2,1,0,1,0,1,5,1,7,0,0,0,4,18,0,0,0,0,4,0
"COG4745",95,128,137,429,271,125,202,240,0,37,57,0,90,123,1314,0,475,1099,151,157,119,32,205,3,0,23,75,170,35,259,104,107,435,506,104,32,189,192,196,223,4,1127,61,44,469,32,0,131,220,18,0,22,139,91,5,218,116,695,297,924
"COG4746",0,1,0,3,0,0,0,1,0,0,0,0,0,0,12,0,0,2,0,0,0,0,0,0,0,0,0,0,0,0,0,0,0,0,0,0,0,0,0,0,0,7,0,0,1,0,0,0,0,0,0,0,0,0,0,0,0,0,0,3
"COG4747",42,22,24,78,64,24,96,55,29,85,15,121,45,47,13,0,81,149,130,51,15,4,11,48,48,39,14,77,15,62,61,185,103,68,22,2,69,49,24,173,5,162,28,19,83,52,32,41,31,12,64,25,224,22,53,66,16,3,8,61
"COG4748",45,52,57,56,116,79,83,54,74,234,47,46,55,117,37,181,87,56,17,53,31,175,63,178,134,114,94,16,168,114,67,22,60,24,40,48,55,140,50,12,27,32,150,76,65,151,368,60,65,98,34,136,5,116,274,35,72,103,50,52
"COG4750",263,14,9,93,14,10,8,12,7,24,215,2,5,13,9,10,120,15,98,5,1,12,33,0,3,1,3,94,8,61,69,164,88,90,6,11,58,11,5,117,0,43,17,9,34,19,0,9,14,24,1,18,202,14,55,5,2,14,98,17
"COG4752",30,143,27,65,31,31,41,52,3,9,19,0,25,22,132,1,85,77,149,130,10,7,71,2,8,77,49,66,4,86,53,189,72,63,37,7,58,54,59,158,3,43,24,24,126,17,0,34,36,9,0,4,135,18,23,19,54,18,122,289
"COG4753",3256,129,79,570,361,75,178,108,553,708,1695,524,106,157,95,212,609,872,759,204,8870,154,68,217,380,128,26,489,435,3319,432,390,673,249,157,862,1733,49,59,401,179,163,48,70,190,198,708,139,773,49,124,206,375,172,329,118,81,317,1653,202
"COG4754",2,0,0,1,7,0,0,0,2,1,5,15,0,2,0,0,1,4,0,12,14,14,8,64,0,4,4,3,8,0,3,0,2,2,2,1,2,2,1,0,0,0,3,3,3,6,0,6,0,13,24,27,1,5,0,1,0,1,0,6
"COG4757",914,2,1,270,11,5,22,22,102,168,590,6,5,14,56,2,128,232,154,31,2420,117,24,11,61,22,6,136,219,1111,39,15,9,30,5,179,99,5,9,24,5,9,13,5,19,7,64,9,81,12,5,27,16,35,25,15,3,1,142,31
"COG4759",22,83,43,479,25,48,102,197,2,21,31,2,34,18,205,9,509,267,297,17,37,55,24,30,1,9,50,388,44,230,294,251,399,422,42,10,337,70,153,209,0,353,3,37,116,5,80,50,135,7,2,24,208,41,11,223,124,9,174,360
"COG4760",912,2096,2102,1019,1960,2161,1892,1893,1607,1457,882,1623,1373,1791,1239,1745,1372,1475,1372,1974,185,1257,2465,1728,2086,1637,1116,1424,1085,660,1747,1084,1466,1078,1307,278,1199,1725,1475,1051,975,1671,2871,1258,1700,2077,309,1194,2398,1046,2371,1203,1159,1173,1409,1958,1557,2216,634,1397
"COG4762",1,35,13,66,61,11,33,20,1,1,1,7,9,11,13,0,52,81,0,0,16,79,0,0,0,0,7,26,34,10,4,0,48,8,9,2,51,15,6,0,0,31,0,2,46,0,2,1,0,22,6,10,0,1,1,6,6,2,2,60
"COG4763",8,0,0,22,4,1,1,2,1,4,3,0,0,2,2,0,3,4,0,0,6,4,0,0,0,0,1,5,7,6,2,1,30,20,11,5,32,12,0,2,2,1,40,5,3,9,910,0,3,2,7,11,2,12,3,8,0,4,11,11
"COG4764",1186,2199,3028,1177,2000,2815,2450,2106,3092,910,1032,2804,2225,2211,2518,2283,1321,1265,1677,2357,1511,2469,3114,3109,2663,2311,1880,1137,1869,1201,1969,1960,1175,1489,2411,582,1251,2236,2379,1770,2741,1278,2776,2748,1893,2456,273,2397,2109,2583,3568,1386,1550,2256,1021,2136,2550,2788,932,1662
"COG4765",422,722,1049,573,779,907,900,892,1216,323,473,1011,818,735,1180,661,647,569,706,945,39,990,1222,2168,950,705,698,498,756,371,772,1073,546,801,967,143,473,1014,897,832,1193,624,982,994,731,922,520,931,613,1063,1167,475,952,950,314,897,824,1208,298,863
"COG4766",216,388,320,704,35,402,81,287,200,16,89,186,21,79,182,1005,930,126,886,104,6,23,220,51,72,2,7,988,18,432,784,786,881,939,2,4,839,86,12,627,230,56,56,0,139,53,0,32,335,74,4,31,629,13,16,285,5,68,381,315
"COG4767",2,1,0,5,0,3,3,1,3,4,5,23,1,2,1,0,1,2,0,10,1,4,0,0,0,2,9,1,4,0,0,2,0,2,4,0,1,2,6,1,1,3,4,21,3,5,0,8,0,4,0,2,0,8,6,9,3,0,0,2
"COG4769",19,36,30,45,0,35,1,10,4,5,2,35,0,1,0,50,41,0,89,0,0,0,0,0,0,0,0,44,0,30,34,41,56,57,10,13,52,1,0,71,5,1,0,1,1,0,0,2,16,1,0,2,14,0,0,20,0,0,3,5
"COG4770",4134,7093,6785,8313,6693,7149,7654,7148,6156,5579,2275,6435,5559,6292,5617,6434,7926,6256,5090,5483,5411,5914,5935,4161,7599,6624,5820,8222,5347,7316,6892,3625,8392,8002,6744,3484,8014,6373,7113,4557,3313,7535,5866,6668,7125,6058,9365,5825,7103,6221,6941,6682,4181,5445,3900,7574,7014,6553,6290,6825
"COG4771",12892,6383,6920,4168,8288,7115,4969,6278,7756,7380,13368,6566,4324,6606,5396,11090,4606,6667,8440,6512,10265,3457,8321,6995,9682,4270,2825,4558,4373,7173,6699,10009,4822,3208,6592,7200,7417,6910,3222,9287,4349,5078,13164,2458,6863,8347,3902,4095,8690,2896,3873,4806,11618,4398,6847,6837,3342,11497,5197,6314
"COG4772",4146,3963,4847,2341,4032,5071,2671,4148,5660,3975,4182,5802,2469,3448,3115,8736,2018,3521,2492,4409,7529,3295,6202,4851,6918,2555,2020,2094,3476,4485,3412,1505,2104,1955,2712,2984,2543,2614,1876,1898,4626,2338,6115,2010,3481,4559,3206,2580,6082,3149,4144,3970,1446,2993,3722,4590,1889,5572,2365,4098
"COG4773",2534,5,6,883,28,19,109,44,319,582,1662,19,15,74,142,152,350,769,635,28,5008,179,57,26,230,49,13,428,753,3038,248,145,94,237,35,2761,1384,57,24,162,46,70,28,112,134,70,2507,160,740,48,37,346,203,564,96,41,28,5,1933,233
"COG4774",1105,394,514,268,574,561,628,391,433,492,595,296,618,727,435,2,122,493,173,558,2580,595,413,816,784,941,683,118,663,1031,995,190,252,469,1961,2141,974,1588,2147,146,266,1069,2775,2370,1640,2594,416,1545,2225,1110,3086,1193,181,1668,1465,926,2531,1989,833,925
"COG4775",11366,11730,13733,8729,13069,13378,11411,12660,15841,14102,11246,14402,13612,14776,11372,14690,9450,11300,14169,15020,5956,13057,16120,15409,16120,15478,12923,10083,13131,8834,12487,15902,9909,9230,14333,4186,8942,14261,12422,14846,13009,10037,18001,12837,12349,15536,7086,13066,12203,13575,18204,13541,16029,12689,16363,12858,13139,16518,11836,11820
"COG4776",28,3,1,32,11,6,3,6,19,11,141,2,7,5,2,80,73,11,1,5,128,10,1,9,3,0,14,26,16,71,16,5,17,31,27,33,75,9,10,1,2,13,1,15,2,0,280,8,18,13,6,22,4,170,3,1,4,0,44,2
"COG4778",5,47,15,39,15,11,23,39,25,54,27,49,20,20,11,2,22,49,5,726,28,46,5,1566,8,20,37,22,45,63,5,3,24,44,921,110,21,274,21,4,10,69,3,39,25,26,526,25,5,41,19,45,6,35,23,359,22,3,27,23
"COG4779",2,0,0,12,5,0,0,0,4,8,7,0,0,3,0,0,0,4,5,0,24,1,2,0,1,0,0,0,5,60,3,0,3,9,0,74,61,2,0,14,3,2,6,3,35,10,294,0,20,1,0,2,1,39,8,1,0,4,50,19
"COG4781",0,0,0,0,0,0,0,0,0,0,0,0,0,0,0,0,0,1,0,9,0,0,0,2,0,0,0,0,2,1,0,0,0,0,0,0,0,0,0,0,0,11,0,0,3,0,4,0,0,1,0,5,1,0,0,0,0,0,0,0
"COG4782",21,4,6,113,49,15,23,18,24,28,120,10,5,10,37,211,31,69,11,19,339,24,5,2,23,2,2,38,51,158,11,21,65,20,36,240,49,113,6,3,6,69,5,2,77,17,223,3,18,11,27,29,32,15,28,13,3,2,15,32
"COG4783",1480,2795,2942,2468,2263,2896,2469,2394,3125,2116,1344,3575,2101,2816,1805,2921,1859,2219,2159,2777,2976,2782,2918,3661,3156,3006,2420,1830,2339,3006,733,514,589,628,897,546,766,690,814,680,877,821,1049,911,917,839,1117,679,988,780,1428,787,568,750,545,774,927,871,1163,796
"COG4784",503,694,684,847,709,722,681,740,632,467,391,719,460,702,456,1522,719,814,895,875,199,859,785,590,438,520,645,695,644,594,536,915,926,763,554,529,689,497,571,978,710,961,459,533,1009,471,1688,526,627,709,635,750,819,526,320,717,497,651,280,1080
"COG4785",594,2,0,68,2,2,7,0,52,85,349,3,6,6,14,0,57,140,39,4,1622,20,7,1,26,13,2,46,74,577,47,18,10,28,1,286,243,2,2,16,3,16,5,6,14,11,16,8,154,2,4,23,24,33,26,13,2,1,293,17
"COG4786",657,617,441,1933,1353,448,1141,996,1182,1535,787,1197,1052,1104,360,644,1547,1380,1089,854,1841,1224,517,989,1167,1100,956,1468,1306,2184,1055,732,1414,1454,1616,1322,1507,940,1500,877,246,1336,509,1141,1251,1036,3326,1157,478,1323,1117,1687,776,1199,1139,999,1321,427,2970,1304
"COG4787",733,188,151,322,537,170,340,278,576,553,487,483,421,330,110,554,167,497,112,353,1872,626,151,515,574,443,357,180,618,931,195,46,87,181,631,823,404,266,517,44,97,316,219,493,320,418,137,386,188,627,506,824,50,512,384,332,449,169,480,169
"COG4789",8,4,1,27,20,3,14,2,30,13,79,7,3,38,5,0,27,23,13,2,40,6,0,3,6,10,6,57,20,7,7,1,7,33,2,2,30,15,4,12,13,14,12,10,48,10,0,38,3,4,16,8,2,5,30,2,3,4,2,147
"COG4790",3,0,0,7,0,0,2,1,16,0,19,0,1,15,1,0,8,2,0,0,16,3,2,0,0,1,0,15,3,4,4,0,3,1,0,0,9,0,0,2,2,0,1,2,1,2,0,0,2,0,2,0,0,0,1,0,0,0,0,63
"COG4791",3,2,0,16,12,1,7,0,9,3,30,4,1,11,1,0,13,9,6,0,14,5,0,1,0,2,0,6,7,2,2,3,4,2,0,2,9,0,3,6,3,6,5,2,15,3,0,4,0,2,3,1,0,2,14,0,1,1,0,51
"COG4792",5,1,0,2,0,0,0,0,15,0,38,3,2,10,0,0,2,11,0,0,17,0,1,0,3,1,1,51,5,2,0,2,0,18,1,1,4,0,0,1,2,4,2,1,15,2,0,6,0,0,5,1,0,0,5,0,0,0,0,77
"COG4794",0,0,0,0,2,0,0,0,2,1,12,0,0,3,0,0,1,3,2,0,1,0,0,0,1,0,0,1,0,1,2,0,0,0,0,0,0,2,1,2,1,2,1,0,5,1,0,7,0,0,2,0,0,1,5,0,0,1,0,2
"COG4795",1172,137,100,384,59,93,93,104,222,228,681,230,66,85,69,280,165,337,192,140,2714,191,74,149,173,68,63,209,283,1132,169,71,109,179,195,570,471,100,53,112,169,101,90,81,116,86,279,106,305,145,111,258,61,129,86,186,72,47,489,176
"COG4796",2648,2136,2133,2460,2443,2142,2662,1973,2668,4030,2764,2563,2815,3105,3391,2789,2323,2960,4479,2283,4458,2466,3407,1948,2440,3444,2584,2677,2682,3849,2809,4113,2401,2169,2762,2043,2682,3738,2050,3879,3251,2171,4418,2917,2729,3533,1375,2810,3896,2106,2822,2097,3844,2888,3508,1974,2398,3535,4905,2907
"COG4797",18,2,0,2,24,0,1,0,5,25,7,12,0,13,0,0,2,9,19,0,10,0,0,4,1,0,0,5,1,1,3,19,2,4,0,14,2,3,0,28,8,6,1,1,23,8,0,0,0,0,6,0,26,0,8,0,0,0,1,9
"COG4798",1776,1550,1321,864,829,1399,1074,1118,1077,492,1488,1180,702,953,817,1108,894,1048,1220,1187,2294,905,997,1301,1002,989,786,1265,711,1590,1080,790,1074,753,845,808,1343,795,850,1174,930,1065,1038,794,1216,940,1306,632,1394,656,1447,714,931,732,503,1195,885,927,1636,1021
"COG4799",7857,15407,11878,14401,13931,12726,15021,14154,9960,10550,4781,10223,9757,11496,12685,9541,14510,15101,11999,11173,5439,11209,10997,8799,11600,10923,9418,15524,9252,11386,12683,8663,15700,13291,9513,4879,14301,11988,12818,10251,6845,19114,12473,9890,15812,12139,8856,9883,13608,9408,12052,10942,10672,9277,8243,13412,11395,11508,13313,15049
"COG4801",0,1,0,1,0,0,1,8,0,0,0,0,0,0,20,0,2,5,0,0,0,0,0,0,0,0,0,2,0,0,0,0,3,2,0,0,0,0,0,0,0,27,0,0,9,0,0,0,0,0,0,0,0,0,0,0,0,0,4,9
"COG4802",42,135,38,92,152,45,140,24,16,54,80,23,235,240,13,16,77,49,8,11,3,63,1,9,1,6,47,40,45,72,19,29,85,96,324,8,25,86,114,25,3,39,1,5,27,3,0,44,5,92,5,77,29,7,13,9,205,0,5,30
"COG4803",0,50,0,1,10,10,6,4,45,67,7,30,8,34,0,0,5,0,0,0,1,1,1,4,4,18,1,3,2,2,17,8,22,1,118,2,8,58,2,1,5,5,0,1,3,4,0,5,5,14,1,24,10,9,37,9,6,0,1,0
"COG4804",69,7,5,146,4,5,16,18,24,82,97,20,1,15,11,1,49,86,66,4,1132,25,2,1,38,0,5,94,83,310,34,25,18,100,2,197,76,19,5,32,4,6,1,7,18,10,85,1,40,6,36,20,58,75,34,4,0,4,183,119
"COG4805",8726,4053,4654,5163,4676,4831,4534,3921,4514,2835,7216,4260,4096,5167,4106,7202,5353,3914,4296,4020,12177,3808,5364,5448,6670,4880,4005,5127,3763,7762,4821,4364,5744,4178,4721,3574,6519,4076,3941,4441,6792,3323,8079,4132,4157,5802,5339,3839,6636,3415,3921,3482,5177,3518,3335,4580,4172,7050,7016,3611
"COG4806",7,19,18,17,4,15,9,13,39,1,9,106,7,4,5,0,6,9,97,8,5,13,2,2,1,1,1,25,4,7,14,12,24,17,6,16,7,0,1,81,10,17,0,0,4,1,11,5,0,14,15,20,6,0,0,34,4,0,1,10
"COG4807",664,64,40,104,25,38,15,12,66,85,343,72,1,35,17,762,79,142,52,18,1411,35,10,22,59,9,2,55,101,606,47,28,61,36,4,298,138,9,5,26,75,10,7,13,24,25,73,14,138,13,14,50,19,74,43,61,9,0,293,73
"COG4809",2,2,2,14,0,1,3,3,0,0,1,0,3,5,0,6,13,6,3,1,0,0,0,0,0,1,1,15,1,3,3,1,16,24,0,7,6,0,1,7,0,0,0,4,0,0,0,2,0,0,0,1,2,1,0,0,0,0,1,9
"COG4813",63,167,206,109,215,200,176,201,236,89,54,131,115,259,160,0,133,261,128,193,75,117,156,155,197,152,108,100,114,79,124,103,98,124,160,20,99,116,99,147,50,323,175,181,342,174,65,149,55,84,333,49,96,101,87,123,113,137,32,326
"COG4815",0,0,0,6,0,2,8,0,4,5,0,6,0,2,0,0,15,7,0,0,6,2,0,1,0,0,2,1,1,15,1,0,3,0,0,1,2,0,0,0,1,0,0,0,0,1,3,0,1,0,2,2,2,1,0,0,0,0,2,2
"COG4819",16,74,6,93,66,17,38,32,21,10,8,46,17,48,539,0,62,291,4,28,14,81,2,37,9,24,49,19,50,45,8,31,67,82,134,5,31,14,33,6,3,573,8,53,280,20,0,27,4,65,7,69,34,30,25,6,33,11,13,239
"COG4821",111,234,376,220,220,377,303,348,425,138,85,272,204,269,231,1,192,313,246,205,29,122,344,141,433,192,157,377,112,164,267,122,199,157,237,25,201,202,212,190,71,340,263,160,334,222,5,314,231,150,324,74,152,120,133,233,198,179,120,234
"COG4823",676,1,0,122,7,1,7,10,59,44,162,0,4,7,13,1,56,135,28,15,422,32,6,5,30,5,2,70,71,526,39,47,37,146,4,163,82,2,4,4,2,10,33,7,32,1,271,13,21,14,21,42,52,30,7,21,6,3,113,131
"COG4825",1,29,15,8,8,21,53,35,0,5,0,0,7,16,36,0,9,57,7,11,0,1,7,0,0,0,0,19,5,3,3,0,14,11,4,0,5,16,3,0,0,24,0,0,17,0,0,0,9,0,1,0,0,0,0,12,3,3,7,16
"COG4826",429,29,45,107,48,48,47,15,30,54,374,14,19,56,55,3,124,80,140,14,12,11,36,30,4,28,5,104,24,128,85,327,124,125,7,6,84,93,23,234,0,157,32,7,114,14,29,21,12,7,21,11,413,14,32,17,20,21,82,56
"COG4828",5,1,2,2,3,0,11,1,14,34,0,4,7,12,0,0,5,2,0,0,0,0,1,0,0,13,0,1,0,2,9,1,1,0,1,1,2,1,1,0,0,0,0,0,2,4,0,3,3,0,0,1,1,0,16,0,1,0,0,0
"COG4829",20,3,3,34,3,1,8,1,18,19,52,0,1,0,7,6,29,23,3,2,166,4,2,0,1,0,2,20,21,26,8,5,8,7,3,36,18,9,3,6,1,32,0,2,2,2,47,0,7,5,1,8,2,1,4,10,1,0,13,1
"COG4830",251,235,74,378,35,67,35,144,0,1,12,0,11,7,325,27,424,43,85,1,8,20,14,0,1,1,4,460,0,164,186,34,346,350,5,1,350,13,30,19,27,114,1,0,226,4,0,2,243,17,1,1,17,1,0,80,17,3,578,223
"COG4832",967,2,0,111,13,0,11,3,0,15,945,2,0,3,8,3,107,23,391,0,4,43,4,0,1,2,1,298,43,101,226,1458,47,20,2,6,169,3,7,540,0,2,20,5,4,7,13,0,3,1,5,5,1493,9,17,3,3,1,78,20
"COG4833",3,109,39,14,1,52,11,9,45,0,4,86,0,0,0,72,39,5,0,1,4,1,7,1,13,1,0,9,6,2,23,0,56,4,7,8,40,5,0,0,62,0,0,2,3,0,41,1,8,3,2,4,0,0,0,35,0,0,1,5
"COG4834",94,0,2,2,26,0,33,3,30,1,1,54,15,0,3,0,9,1,0,1,2,7,0,1,0,0,2,28,9,1,2,0,1,1,29,51,8,1,7,0,2,0,1,0,1,2,58,3,1,4,0,0,0,0,10,1,6,1,0,1
"COG4842",0,0,0,0,1,0,0,0,0,0,0,0,1,0,0,0,2,0,0,0,0,0,0,0,0,0,0,3,0,2,0,0,3,5,0,0,1,5,0,0,0,0,0,0,0,0,0,1,0,0,0,0,0,0,0,0,0,0,0,0
"COG4843",6,181,220,25,400,228,250,259,169,127,17,148,278,248,240,289,23,58,45,222,11,80,250,281,183,191,303,44,100,16,125,14,33,33,324,93,17,366,312,35,732,156,262,304,180,322,0,290,284,207,111,107,12,199,167,361,224,541,11,122
"COG4845",65,4,0,19,22,3,9,5,24,8,96,4,1,5,10,98,30,14,2,1,15,1,19,0,0,3,0,15,10,163,28,2,52,5,16,29,254,3,1,3,13,0,0,2,4,0,79,0,17,1,5,4,11,11,4,3,1,5,312,6
"COG4848",17,0,0,11,0,1,0,0,0,4,113,2,1,0,2,0,4,4,1,0,83,0,0,0,0,0,0,4,2,24,0,1,0,0,0,44,11,0,0,0,0,0,0,1,1,1,0,1,4,1,2,0,5,0,1,0,0,0,0,0
"COG4849",32,0,0,131,5,3,17,4,34,36,114,6,0,0,12,1,46,38,38,2,1163,28,7,0,31,3,0,32,28,277,21,9,14,9,4,35,67,1,0,14,1,2,1,2,8,21,35,6,155,1,2,9,13,15,32,6,1,0,153,9
"COG4850",94,3,4,259,89,7,72,61,40,37,160,19,15,32,75,6,317,141,37,12,65,136,147,5,16,21,6,115,143,558,113,40,392,137,44,99,594,81,20,11,20,38,20,16,57,9,287,17,178,33,40,96,50,126,30,47,17,7,1893,90
"COG4852",40,243,296,44,181,300,208,272,362,134,48,268,178,244,213,47,54,143,74,185,773,164,235,140,292,196,162,25,174,220,86,22,150,159,247,55,116,167,165,27,201,234,182,197,253,189,27,246,167,219,311,196,18,175,163,232,192,142,346,207
"COG4856",2,18,5,6,0,4,8,25,0,0,1,0,0,0,38,1,5,111,17,0,0,0,4,0,0,0,0,6,0,2,8,24,7,3,0,1,7,10,2,31,0,90,0,0,36,0,0,0,21,1,0,0,23,0,0,18,0,0,2,79
"COG4857",26,151,129,63,147,143,192,152,160,84,47,140,120,120,32,23,67,89,17,92,9,126,61,51,157,114,95,43,100,108,244,108,135,228,414,318,388,237,638,101,111,477,187,359,274,312,171,416,81,432,220,541,149,428,236,456,549,131,340,111
"COG4859",1,0,0,13,2,0,2,0,0,1,13,4,0,0,0,0,0,9,0,0,6,3,0,0,1,1,0,6,9,21,1,2,1,30,0,5,1,0,1,0,0,4,0,1,2,0,67,5,1,0,1,6,5,7,1,1,1,0,13,3
"COG4860",47,61,16,30,12,29,20,31,0,31,19,0,9,15,42,0,53,102,46,32,3,11,16,0,3,4,4,50,9,34,32,20,62,33,1,1,33,67,25,35,0,60,39,32,28,36,0,30,51,2,6,3,30,23,15,27,14,4,7,28
"COG4861",42,0,0,145,3,3,16,2,38,73,184,6,2,2,16,0,52,56,50,0,1530,42,4,2,30,8,0,41,35,332,12,9,22,16,0,50,104,1,0,18,3,0,1,5,12,25,40,6,187,1,5,14,5,19,43,6,0,0,182,18
"COG4864",1168,483,476,723,775,524,665,641,466,567,1159,471,503,586,594,3,1035,869,1492,552,95,216,1002,532,617,505,271,1068,287,560,879,1579,1076,655,364,66,800,595,326,1866,333,765,1735,225,859,816,319,460,1200,158,330,276,1771,359,606,766,266,1345,614,706
"COG4865",16,0,0,25,2,1,2,0,0,0,2,0,0,2,0,0,31,0,11,0,0,0,0,0,0,0,2,8,0,17,9,57,13,27,8,10,64,7,1,35,1,32,0,2,20,0,0,5,3,0,0,0,62,0,0,0,4,0,3,9
"COG4866",16,6,0,42,16,5,34,23,0,4,6,1,1,5,160,0,56,136,17,0,21,3,0,1,0,1,1,39,4,26,13,11,41,49,1,18,35,13,5,28,0,135,2,0,42,3,492,1,18,1,6,5,48,2,12,3,2,6,10,134
"COG4867",229,603,653,1047,1051,643,567,895,799,415,264,893,500,573,824,1351,928,1189,482,735,101,372,960,1027,1179,250,181,904,438,750,669,487,1302,1056,790,478,866,599,441,342,534,1038,751,352,845,583,354,428,573,325,733,554,554,348,387,927,350,1907,429,943
"COG4869",34,33,34,56,107,28,41,67,5,57,13,9,23,49,6,0,69,112,94,4,12,11,1,5,10,8,4,137,10,44,41,10,81,59,49,3,39,19,7,85,2,95,0,2,109,30,5,44,1,9,1,11,5,28,38,22,12,0,1,112
"COG4870",2061,650,356,216,917,406,322,299,302,324,1247,730,309,459,509,1337,206,583,159,171,2018,873,375,530,370,133,383,136,670,831,256,123,98,199,287,1948,280,896,294,108,2529,307,228,265,227,252,57,370,192,779,176,544,120,917,193,218,201,250,167,245
"COG4872",107,17,9,78,11,9,15,19,4,37,111,3,0,33,52,0,33,197,12,0,48,9,10,0,14,5,0,24,33,53,11,17,33,31,8,20,40,28,3,4,4,119,0,1,41,3,13,10,18,1,2,42,42,17,12,9,11,0,110,58
"COG4874",1378,1008,1266,356,1374,1343,976,699,1116,900,645,1013,781,1109,525,1951,470,524,454,834,1758,894,1223,1133,2077,926,699,579,790,880,918,130,628,334,1393,292,755,1096,751,454,764,520,1455,703,802,1336,510,585,899,726,979,1016,220,658,991,924,952,1530,331,454
"COG4875",489,175,88,495,85,85,88,188,18,108,155,80,51,71,255,7,525,209,112,117,11,58,75,77,16,50,59,516,49,193,114,50,165,177,24,31,157,37,28,12,18,73,56,18,135,20,4,28,83,45,1,43,56,30,27,29,23,27,233,102
"COG4877",1,4,13,0,26,11,6,7,1,2,0,3,11,3,10,0,0,6,0,6,0,0,23,0,0,0,6,0,1,0,7,0,0,0,11,0,0,9,15,0,0,8,1,3,8,0,0,5,16,1,0,5,0,4,0,15,7,39,0,1
"COG4878",6,0,0,47,3,3,24,13,3,14,13,2,0,0,12,1,37,9,12,0,11,9,4,0,12,7,0,19,10,145,15,2,62,1,0,20,74,2,0,1,1,0,2,8,5,0,35,0,27,1,0,5,9,39,9,14,0,2,65,30
"COG4880",286,703,511,295,629,481,576,665,29,683,411,146,241,346,284,109,360,586,400,253,1047,142,394,59,150,168,192,536,144,358,1412,859,1486,972,457,622,1181,1721,1326,960,30,2231,1284,664,1460,1230,0,838,1762,201,34,475,1012,520,885,1580,874,1162,565,1322
"COG4886",3814,5682,3451,4999,5511,3455,3208,4084,1496,2832,6633,1983,2087,3470,3001,7943,5454,6260,6907,2871,1284,4651,2684,1654,2692,1812,2123,5817,1996,4292,4477,6720,5918,4397,1304,7038,4464,3226,2454,5799,2807,4882,3193,1164,4642,2860,1096,2296,2400,2528,1093,1758,6184,3645,2783,3007,1832,1754,4399,4447
"COG4887",59,0,0,0,0,0,0,0,1,2,23,0,1,0,0,0,1,0,71,0,0,0,0,0,1,0,0,1,2,0,23,128,0,1,0,0,3,1,0,95,0,0,0,0,0,2,0,1,0,1,2,0,147,0,1,0,0,0,0,0
"COG4888",0,13,8,1,11,6,20,2,0,0,4,0,7,5,2,11,0,4,0,0,0,1,0,0,0,0,5,0,0,0,1,1,0,0,0,0,0,0,12,0,0,9,0,0,2,1,0,0,0,2,0,2,2,0,0,5,2,0,0,1
"COG4889",1136,408,468,645,1638,463,542,672,1213,3270,1006,1228,2153,1477,1189,763,344,1024,366,1849,329,3359,526,663,1571,1901,4776,365,2358,548,666,1079,376,364,731,15135,649,978,2042,720,1408,494,1304,3609,954,1558,3930,3665,435,1971,946,1335,1015,6169,2331,399,1764,1040,234,1083
"COG4890",17,0,0,10,3,0,2,1,5,5,37,0,0,0,2,0,1,8,9,0,34,1,1,1,4,0,0,3,6,34,1,0,3,2,1,1,16,0,0,2,0,0,0,0,1,1,0,0,37,0,0,2,2,3,1,2,0,0,36,2
"COG4891",6,3,3,8,37,2,4,1,0,25,1,0,2,14,2,39,6,2,2,2,6,2,2,2,0,9,1,9,2,1,3,0,9,7,234,5,2,4,2,2,1,15,0,2,10,5,19,3,0,1,1,0,0,4,6,2,2,33,9,7
"COG4892",1,0,0,1,0,0,0,0,1,1,1,3,0,0,0,0,0,0,1,0,0,0,0,1,1,0,0,0,0,0,0,0,0,1,6,1,1,0,1,0,1,0,7,4,0,0,4,0,0,0,2,0,0,0,2,0,0,0,0,0
"COG4894",4,9,15,2,5,14,5,9,14,4,14,24,4,4,3,49,1,6,2,10,3,6,2,32,7,4,5,1,9,0,4,15,4,2,30,128,3,10,5,0,7,56,1,7,29,18,1,22,1,15,89,12,15,7,29,35,16,0,0,23
"COG4895",34,112,18,17,9,19,42,17,3,5,17,2,16,4,4,35,13,15,5,0,1,2,0,0,0,1,11,35,3,20,8,36,48,21,2,7,26,3,14,7,17,26,9,0,1,0,5,4,5,7,2,7,60,6,2,13,7,1,32,3
"COG4898",11,79,146,63,71,143,77,29,11,137,64,9,68,28,23,1,73,58,3,34,25,38,7,4,5,4,36,33,42,53,22,8,111,28,163,24,143,18,96,3,223,149,17,9,42,7,180,46,12,25,8,33,5,19,8,84,123,26,29,24
"COG4899",1,1,1,1,7,0,1,1,0,7,2,0,0,4,1,0,0,14,15,0,2,0,0,6,2,0,0,4,8,11,8,0,15,0,1,33,2,1,3,1,0,1,0,0,2,0,1,0,0,0,0,0,0,0,0,2,0,0,2,2
"COG4901",0,47,16,0,18,28,14,8,0,1,0,2,3,4,2,29,0,5,0,0,0,20,1,0,0,0,5,0,2,0,0,0,0,0,1,0,0,0,8,0,0,7,0,0,0,2,0,1,0,9,0,5,0,1,0,7,4,0,0,1
"COG4902",12,0,0,71,13,0,3,2,22,31,5,2,1,7,6,0,14,16,13,1,847,22,1,0,21,5,0,17,8,155,6,0,20,10,3,21,33,13,1,5,0,0,21,0,6,26,380,3,3,1,13,13,1,9,45,0,1,12,17,11
"COG4906",23,0,7,0,9,0,6,9,0,1,53,0,6,2,9,0,0,11,0,5,4,0,29,0,7,4,7,0,1,0,7,4,0,0,1,2,0,76,19,2,0,14,8,1,8,8,0,10,1,0,0,2,15,1,3,20,9,2,1,16
"COG4907",59,101,173,83,72,179,67,150,315,168,145,71,122,190,184,0,140,124,318,161,5,42,234,75,207,111,26,219,43,92,153,203,187,81,67,9,136,63,30,105,202,117,709,56,161,214,0,84,337,44,79,43,169,37,217,298,40,240,154,123
"COG4908",0,0,0,0,27,0,0,0,0,28,0,2,0,20,1,0,0,0,0,0,9,0,0,0,0,0,0,2,3,0,0,0,0,0,0,11,0,4,0,0,0,0,0,0,0,7,0,0,0,0,3,0,0,0,12,0,0,0,0,0
"COG4909",1,16,12,13,60,12,41,14,84,64,0,36,25,70,1,12,8,17,3,7,0,7,4,12,35,24,18,14,6,14,17,2,19,43,58,9,121,72,69,11,2,13,6,8,76,37,0,66,1,24,1,29,4,26,30,10,86,6,4,12
"COG4910",1,5,2,0,16,8,14,4,21,13,1,13,4,9,0,8,0,2,0,2,1,10,0,3,7,11,5,0,0,1,4,0,0,5,12,0,14,13,16,0,3,4,2,1,10,8,0,7,0,4,0,7,1,4,7,7,13,1,1,4
"COG4911",570,245,96,902,129,80,85,203,0,31,89,1,30,60,324,0,854,202,248,4,38,2,11,0,6,10,6,862,1,400,400,178,822,883,23,10,756,49,39,141,64,243,42,2,444,64,0,24,203,1,0,2,117,12,55,119,27,14,995,609
"COG4912",802,38,52,286,77,64,146,65,10,74,1254,14,45,31,284,1,371,129,911,3,32,10,111,68,22,2,116,828,27,287,708,842,263,238,42,20,450,232,45,715,61,196,24,3,74,30,30,98,187,43,21,24,887,21,37,11,37,20,197,246
"COG4913",26,3,14,124,31,18,42,17,75,86,107,76,9,29,14,0,157,43,43,19,1325,36,0,16,71,51,16,82,55,313,115,11,152,122,176,576,297,69,35,33,6,96,10,129,144,214,144,52,26,110,97,165,16,128,271,83,46,3,217,332
"COG4916",2,0,0,5,1,0,6,1,3,2,2,0,2,1,0,9,6,27,54,0,2,10,9,0,0,4,0,10,41,43,12,0,3,35,0,67,21,0,0,5,0,3,0,0,0,5,0,1,2,3,3,1,0,4,0,0,0,0,18,1
"COG4922",35,3,0,74,21,2,6,5,22,24,62,1,2,8,15,62,23,34,17,5,758,57,24,2,15,6,0,27,41,211,9,4,48,26,19,222,50,28,3,8,5,37,20,7,46,18,142,1,26,5,6,5,5,11,20,7,1,0,368,16
"COG4923",20,261,297,36,331,305,282,213,124,270,48,209,222,212,153,79,25,186,43,153,751,143,218,172,207,241,167,38,148,68,102,33,75,22,316,33,277,321,363,42,360,230,116,164,187,175,175,230,198,174,65,302,55,181,173,270,296,336,28,85
"COG4924",22,0,1,128,14,3,10,15,37,75,115,3,9,22,15,0,117,31,39,0,1485,40,2,3,26,12,1,124,47,344,48,4,59,38,14,257,103,17,7,14,1,9,4,17,27,31,49,8,9,27,10,34,1,20,39,3,2,0,73,115
"COG4925",21,1,0,16,14,2,8,3,3,6,39,0,0,10,6,0,5,17,12,4,13,18,9,1,1,0,1,23,11,48,2,5,18,8,14,28,64,26,4,2,3,4,2,3,5,7,1,1,9,1,1,3,3,6,10,9,0,1,50,5
"COG4926",24,0,0,0,5,0,0,1,0,0,71,8,0,4,0,0,1,0,0,4,1,0,0,2,0,0,0,0,0,1,9,0,0,0,0,124,0,0,0,0,0,0,2,0,1,1,259,0,0,0,0,0,1,1,0,0,0,2,0,5
"COG4927",7,2,0,54,4,1,2,9,1,7,11,0,0,2,28,72,44,16,24,1,10,1,1,7,3,0,1,10,7,138,10,19,55,28,8,5,53,4,0,20,4,8,1,1,5,1,517,0,6,3,0,6,23,4,3,7,0,0,30,59
"COG4928",552,175,209,375,390,234,249,279,298,722,551,281,173,381,183,244,374,330,272,157,412,316,384,112,495,298,61,213,358,508,257,899,260,265,107,354,773,209,89,908,214,134,518,210,358,379,733,128,685,227,416,263,1077,250,366,185,77,339,801,257
"COG4929",115,15,3,60,16,7,13,8,10,17,94,7,17,23,30,0,33,145,20,4,28,1,2,1,37,11,3,49,13,56,10,16,10,12,5,30,8,7,0,8,1,23,2,3,12,4,2,0,5,1,0,1,19,1,2,0,1,0,31,23
"COG4930",71,10,10,204,84,7,19,13,79,360,218,63,81,141,28,78,83,150,147,56,3024,71,16,53,148,107,105,115,235,222,23,36,18,34,25,76,22,7,12,29,5,23,18,18,26,60,54,34,7,28,20,74,37,40,153,3,10,5,28,58
"COG4932",4,11,3,33,0,2,0,5,0,7,1,10,0,0,1,0,107,2,65,83,0,3,0,62,1,0,3,8,5,19,15,25,19,13,1,0,39,5,0,53,10,0,0,10,1,0,21,11,2,0,8,0,18,5,0,5,0,0,11,11
"COG4933",61,1,0,4,0,2,8,2,0,1,69,0,0,0,0,0,19,2,2,0,5,4,15,0,0,0,0,1,3,78,3,18,14,2,1,1,13,2,0,0,0,0,0,1,0,1,1,0,36,1,0,4,7,5,0,0,0,0,404,4
"COG4934",11,28,27,4,66,33,32,23,8,13,1,42,11,43,38,351,8,25,4,19,12,145,21,117,17,15,44,29,18,22,12,0,15,16,27,16,77,35,14,1,44,10,12,14,30,11,0,42,56,82,12,23,1,38,22,10,27,76,4,45
"COG4935",420,2719,1605,604,1818,1618,1966,1797,249,2781,393,675,862,1196,628,168,946,1432,1079,822,659,655,1420,93,585,1418,667,1080,637,824,1312,673,1083,533,208,755,1351,2222,1654,696,124,2426,1660,651,1567,1604,72,876,1815,247,167,512,851,768,1520,1377,1510,590,1329,1428
"COG4937",5,0,0,5,0,0,0,0,0,0,0,0,0,0,0,0,5,1,2,0,0,0,0,0,0,0,0,0,0,0,1,2,2,10,0,0,0,0,0,5,0,0,0,0,0,0,0,0,0,0,0,0,5,0,0,0,0,0,0,1
"COG4938",242,65,101,92,195,76,112,108,169,267,254,106,129,238,166,89,53,120,110,114,1398,113,117,215,174,84,155,138,104,139,92,227,54,61,105,103,58,136,160,172,601,53,138,176,192,157,96,154,75,95,209,55,190,125,220,127,152,284,253,148
"COG4941",21,3,0,257,48,2,31,7,22,114,78,11,3,21,32,19,129,105,61,5,102,125,14,6,14,15,4,170,147,251,24,14,72,76,38,707,148,108,6,16,14,22,60,10,27,38,176,2,18,8,18,31,19,88,33,6,4,12,168,50
"COG4942",2703,1558,1782,1287,1870,1766,1354,1640,1901,1781,2426,1937,1133,1369,919,3962,1118,1561,1908,1750,3551,1324,1599,1489,2389,989,830,1133,1366,2277,1634,1795,1309,880,1568,1053,1906,1465,899,1574,1353,1416,1696,819,1433,1428,1592,1067,1412,1125,1165,1708,2146,1143,1304,1709,1012,1926,2233,1589
"COG4943",1204,1,0,145,39,10,12,4,119,115,730,5,3,8,27,6,107,265,64,9,1760,36,13,2,41,12,1,81,153,1076,72,53,34,55,1,563,711,3,5,29,8,11,3,16,24,12,20,27,266,7,8,73,58,32,15,18,4,1,907,34
"COG4944",3,0,0,14,0,0,2,5,2,0,17,1,0,0,4,0,24,9,0,0,3,2,0,1,0,0,0,13,6,20,4,2,18,24,1,2,17,4,0,1,3,3,0,5,2,2,2,0,2,5,0,2,0,0,3,0,1,0,6,3
"COG4945",27,214,331,27,2464,309,902,680,66,979,29,40,1109,1158,339,0,36,343,22,362,48,191,614,29,833,592,951,14,257,20,666,28,43,85,772,473,22,708,1786,26,168,739,1625,1148,710,1572,1,1021,264,288,148,323,22,520,707,882,1159,2513,25,114
"COG4946",169,302,185,723,454,235,238,245,253,309,690,219,176,223,172,176,732,388,510,123,1345,176,160,91,363,112,93,675,151,788,1398,703,2296,1668,364,1259,2019,687,959,1107,98,878,543,255,1020,590,2169,367,852,371,548,463,819,506,661,659,535,363,2348,647
"COG4947",0,1,0,1,0,0,0,0,2,1,7,13,0,0,0,0,1,0,0,0,15,0,0,0,2,0,0,1,3,0,0,0,0,8,5,1,0,4,0,0,0,0,1,0,0,3,1,0,0,0,0,1,0,0,0,0,0,0,0,0
"COG4948",7636,13270,12896,21050,12785,13684,16434,16007,14465,11160,6036,14319,12745,17464,27531,12899,21914,29180,18825,15304,8345,12751,13182,11924,13554,11189,11010,18753,12058,13565,15378,13914,22180,23014,12297,3698,16490,11856,12892,18896,6217,39218,13500,11127,30322,13752,7985,12779,12415,12061,13469,13082,14133,12033,12284,14136,12754,11126,6763,30825
"COG4949",103,250,135,344,263,106,194,171,380,199,181,558,260,116,73,739,134,206,337,212,140,364,50,319,205,299,177,162,407,227,422,362,124,131,443,643,133,99,370,373,139,123,103,405,128,150,2301,237,30,484,382,635,303,304,126,191,352,67,190,76
"COG4950",8,55,15,117,22,14,33,34,16,29,1,23,17,25,43,1,65,140,0,18,7,33,1,1,7,27,17,46,26,57,7,2,115,109,16,0,28,27,27,2,2,167,0,20,62,13,3,33,4,25,9,42,1,13,19,12,26,0,5,72
"COG4951",1895,35,10,170,77,19,52,20,75,110,3062,94,22,51,85,5,183,427,167,25,1070,100,50,75,65,29,97,62,269,1079,139,299,62,86,48,616,120,58,34,250,177,304,35,74,66,58,1098,81,50,83,17,85,264,169,34,154,36,41,353,79
"COG4952",109,352,559,374,499,619,594,703,987,392,171,785,487,584,360,249,358,456,188,375,2084,478,483,627,1065,611,351,233,360,659,421,101,408,246,582,109,496,309,534,218,198,481,528,428,583,516,286,531,286,468,786,458,93,366,405,501,494,375,241,365
"COG4953",823,232,103,438,433,132,247,289,289,860,683,311,103,343,176,513,352,454,526,120,198,328,108,74,302,78,54,486,480,352,299,666,634,816,282,1060,926,308,133,649,84,434,195,109,500,239,1526,137,93,123,73,285,719,178,295,118,162,88,379,628
"COG4954",2,22,11,71,64,14,42,12,79,59,17,84,53,63,8,0,38,44,24,35,33,72,5,24,31,53,48,22,61,21,27,2,53,72,101,14,50,28,50,2,1,65,25,67,50,49,454,49,1,81,50,68,2,68,50,26,45,15,10,46
"COG4955",0,2,17,0,0,18,1,2,0,1,0,6,0,0,1,39,0,1,0,0,0,0,12,0,0,0,0,0,0,0,2,0,0,0,0,2,0,0,1,0,52,0,0,0,0,0,0,0,7,0,0,2,0,0,0,0,1,0,0,0
"COG4956",64,293,170,310,486,203,726,357,663,3604,32,1024,2042,1517,430,0,288,1547,200,1778,54,1835,110,251,1083,3070,2529,111,2806,170,297,97,265,514,1295,268,107,1164,983,259,13,560,579,1591,380,1368,420,1628,169,2054,833,3429,100,1805,4730,512,1564,20,22,243
"COG4957",69,43,7,204,71,19,90,31,16,82,53,15,43,70,46,2,102,188,65,35,28,69,10,5,11,47,32,102,96,155,44,134,110,128,47,43,109,82,35,142,2,261,7,49,167,18,1020,28,12,28,48,52,157,50,43,42,30,8,52,121
"COG4959",43,2,0,169,47,0,34,16,38,20,28,10,8,19,36,0,81,70,62,1,60,41,3,2,12,14,2,108,92,179,29,19,63,70,23,200,82,26,3,11,2,12,4,22,6,13,932,13,16,14,37,37,20,13,31,6,0,0,55,26
"COG4960",4,1,0,39,15,2,2,6,10,13,10,2,2,5,5,0,22,23,21,0,7,6,0,2,0,5,0,9,6,27,5,7,18,19,2,6,13,6,1,29,0,38,0,1,28,8,285,2,1,2,6,8,5,10,6,10,1,0,4,23
"COG4961",150,32,16,335,63,16,57,53,184,62,2560,64,47,34,56,3,126,188,91,71,190,80,4,13,55,124,5,127,98,410,72,122,220,180,29,514,215,59,26,183,230,146,12,82,144,40,2249,53,22,30,49,71,199,142,43,157,6,5,89,196
"COG4962",1345,302,193,1119,908,190,333,474,172,572,1317,168,255,353,353,14,684,867,404,292,504,461,551,76,135,223,98,676,537,1751,391,972,703,550,155,773,652,532,396,397,43,527,443,251,428,496,3620,215,643,135,208,382,1312,291,466,455,196,234,5203,796
"COG4963",88,18,12,326,59,10,52,45,51,44,107,23,9,30,85,5,189,176,56,32,107,128,21,34,21,38,7,146,131,483,53,110,177,222,64,102,260,83,18,71,16,92,2,27,106,22,1435,15,54,22,46,111,141,44,65,48,8,0,162,163
"COG4964",156,72,43,512,230,36,114,137,163,203,237,62,57,170,145,14,293,395,163,94,306,175,229,99,52,75,27,218,182,1154,143,170,287,351,97,196,344,157,40,107,43,168,65,56,280,99,1594,85,353,50,94,188,201,117,129,134,16,58,2978,437
"COG4965",81,18,6,305,107,14,50,45,66,98,123,31,16,61,71,13,154,169,50,28,209,64,80,14,20,37,5,142,128,588,62,94,152,226,67,98,210,94,11,44,22,119,9,19,124,29,1131,47,104,32,38,132,148,60,81,64,7,18,1098,181
"COG4966",75,57,18,213,40,25,53,34,82,113,84,15,14,57,57,235,68,84,260,16,90,18,18,61,20,15,13,116,53,130,108,182,116,149,51,263,87,40,22,240,18,118,5,18,89,14,38,22,139,18,40,44,209,69,18,36,17,3,151,209
"COG4967",57,1,0,20,0,1,3,0,16,16,70,1,1,10,5,173,9,7,40,4,59,6,1,1,4,0,2,15,5,97,21,8,15,19,22,181,107,3,4,43,10,3,2,16,8,0,0,5,5,0,1,3,12,10,6,5,2,1,115,2
"COG4968",110,15,7,285,24,13,19,15,44,69,144,14,7,35,25,47,222,64,218,7,634,27,15,21,17,6,7,236,89,367,147,131,236,220,37,347,336,18,8,147,7,82,7,9,64,17,42,13,67,6,10,20,144,96,35,21,9,7,341,178
"COG4969",502,84,44,515,103,52,81,78,99,198,872,32,26,94,53,5,337,195,660,50,1020,45,36,24,80,41,34,278,158,697,348,251,371,500,53,316,517,84,60,538,33,149,143,17,190,108,107,44,216,51,53,72,279,111,84,56,56,142,305,374
"COG4970",127,24,8,295,26,18,32,30,44,102,195,42,10,33,23,142,100,108,237,40,117,23,15,53,6,11,13,161,100,423,115,217,152,191,46,479,250,36,16,242,10,157,8,18,102,17,40,15,68,14,20,46,231,150,20,26,22,4,268,130
"COG4972",1856,460,387,1294,741,398,619,598,348,1163,1373,469,390,714,481,438,1057,1311,1823,487,2960,462,553,263,392,711,588,1211,726,2089,912,1224,947,1465,391,1204,1299,736,349,1680,135,752,596,342,913,564,1304,577,954,373,281,699,1401,601,954,487,330,370,2233,966
"COG4973",1970,1967,1852,1389,1271,1890,1330,1255,1586,844,1987,1737,1030,1392,934,2359,1225,1090,2275,1597,2325,1197,1595,1530,1581,1369,1097,1731,980,1727,1876,1973,1371,1312,1287,1230,1521,996,1122,1960,1699,1154,1677,1178,1389,1460,253,878,1873,948,1951,829,1873,1033,935,1575,1385,1810,1101,1176
"COG4974",6781,4671,5516,5896,5460,5389,4447,5261,5009,4870,7554,5325,4256,4977,4855,6158,5834,5737,5742,5423,5472,3835,6097,5343,5783,4028,4016,5994,3774,5321,5402,6164,6350,5571,5854,4416,5875,4875,4639,5753,5960,6050,6714,4040,5444,5013,6092,3988,4098,3549,5188,3941,6596,3962,3880,5389,4469,7076,5728,5522
"COG4976",22,378,312,274,450,330,410,348,348,344,57,562,361,373,113,899,203,310,279,288,36,268,209,182,421,317,254,343,239,245,315,309,252,330,449,44,205,333,417,186,250,525,176,294,371,287,882,433,143,354,241,443,167,288,280,445,454,165,596,287
"COG4977",2382,981,887,1799,1054,880,887,944,1593,1224,1671,1815,917,888,293,4375,1025,1103,1239,598,4090,1203,463,1138,1325,790,427,1096,1364,3535,1222,847,1069,1067,1260,2682,1747,550,799,918,849,761,722,732,754,644,4888,888,616,1098,597,1591,794,1323,667,855,941,256,2030,432
"COG4978",29,4,0,1,32,0,9,1,0,8,24,1,11,3,47,0,34,12,9,0,3,2,0,0,0,0,0,5,0,0,3,15,3,1,28,188,3,50,0,9,0,33,1,0,19,4,0,3,0,0,0,0,62,1,2,0,0,2,0,20
"COG4981",1,2,0,4,6,0,0,0,0,1,0,9,1,1,3,0,2,6,1,1,0,2,0,0,0,0,3,7,1,13,0,0,4,5,148,12,1,253,0,2,0,1,0,12,1,0,0,5,0,5,1,9,0,4,0,0,1,0,5,1
"COG4982",0,1,0,3,9,1,2,6,0,1,1,11,1,2,3,1,4,1,0,1,4,2,0,0,0,0,10,6,1,6,0,2,7,11,160,19,4,327,0,0,0,2,0,5,3,1,0,5,1,0,5,2,7,1,2,1,0,1,2,3
"COG4983",4629,1374,634,373,1609,856,685,561,321,197,4387,675,437,532,435,672,278,466,525,391,626,743,214,469,210,489,539,285,344,365,462,3881,266,380,352,19236,263,228,624,1885,887,547,367,592,323,365,25289,548,328,490,237,266,3683,1646,198,591,380,328,133,432
"COG4984",9,0,1,29,10,2,1,2,0,1,6,0,0,5,4,0,21,11,4,0,20,0,0,0,6,4,0,35,1,14,19,9,23,35,1,113,19,5,0,0,0,32,1,1,22,0,9,0,2,0,0,2,6,0,1,0,0,0,19,40
"COG4985",149,133,25,221,79,42,71,225,95,166,323,65,42,82,140,127,21,204,117,310,280,77,26,96,13,23,82,106,158,634,65,18,16,70,187,711,382,91,79,41,22,252,16,82,93,57,103,104,76,75,79,111,27,274,102,175,94,9,596,174
"COG4986",12,0,0,9,9,2,0,0,1,2,15,22,1,3,1,0,4,0,31,7,15,5,7,29,1,1,5,5,5,2,0,7,5,10,6,3,2,1,1,34,0,0,5,9,6,6,0,6,1,11,28,23,11,10,2,0,1,5,2,9
"COG4987",935,5,2,567,159,8,338,21,217,296,871,18,548,220,48,3,255,277,230,52,3155,143,19,19,104,32,51,216,310,1732,114,62,129,151,766,823,697,241,350,78,17,53,11,38,55,72,607,94,360,61,43,197,92,368,75,46,566,4,874,70
"COG4988",1072,19,43,760,86,43,85,35,243,322,1026,23,35,44,99,3,307,366,218,27,3545,340,42,23,119,41,47,329,431,1858,135,63,182,125,67,893,677,90,41,85,17,58,25,77,60,64,560,59,340,36,70,166,77,359,90,59,18,27,902,78
"COG4989",1801,562,532,357,447,488,366,538,630,483,944,672,380,298,127,1039,327,483,297,407,3352,269,330,915,812,313,188,408,335,1168,419,140,426,199,677,787,761,269,500,188,534,299,249,269,322,317,529,391,435,258,232,418,92,263,318,766,491,265,608,228
"COG4991",1,7,2,14,1,1,3,21,3,1,5,1,0,0,11,0,6,7,0,4,4,5,38,0,0,0,0,12,4,9,7,2,33,4,4,1,20,10,0,0,0,1,0,0,4,0,3,1,7,1,2,0,0,1,1,22,0,0,4,4
"COG4992",5682,10191,10311,8413,9664,10121,9947,10041,10100,9617,3823,10390,8937,9697,10388,11478,8844,8765,7583,9968,4011,9738,10146,12212,10392,9353,8718,9276,9469,6436,9019,7599,9356,9221,8594,3339,8773,9853,9116,7069,9018,9400,10512,9067,9471,10445,4117,8980,10419,9405,10669,9894,6947,8731,10017,10087,9276,10370,8011,9507
"COG4993",6772,9713,6584,13561,6507,6812,8305,8931,2765,3047,3917,3658,4104,6107,5279,5491,13901,10542,9970,6732,8188,2894,4009,3044,2440,2585,2194,14029,2951,10502,8300,5886,15103,12796,3716,2610,13523,5215,4010,9541,3271,10608,3101,1746,9547,2857,2363,3714,6454,2857,1528,3399,6893,2732,2065,7026,3692,3758,4554,11185
"COG4994",30,0,0,12,7,0,1,0,1,3,25,0,0,1,0,0,5,3,14,0,0,2,1,0,1,1,0,40,2,18,7,56,18,8,0,7,52,4,0,16,0,0,1,1,1,2,0,0,1,0,0,1,76,3,0,0,1,2,42,0
"COG4995",1713,325,253,1698,619,289,869,804,668,1906,1469,761,1031,719,611,1062,1743,1277,2445,581,6021,1365,508,399,823,895,1259,1422,1652,2113,1765,4257,1660,1219,697,365,2081,1087,1635,3244,106,1024,1355,931,787,777,323,946,661,1025,517,1604,4496,1169,1728,621,1437,334,1164,1072
"COG4997",392,6,5,20,49,6,6,9,5,10,1014,9,6,14,32,0,34,10,7,7,7,12,2,15,3,5,22,42,9,14,21,17,21,97,6,276,29,4,9,7,5,17,9,7,79,10,150,6,13,9,0,2,16,47,6,7,6,12,37,52
"COG4999",12,0,0,8,0,1,0,0,29,3,4,0,2,0,1,0,1,1,1,0,171,0,0,0,1,1,1,2,0,0,0,0,1,3,3,1,0,0,0,0,0,2,0,1,0,0,0,0,0,0,0,0,0,0,0,0,0,0,0,0
"COG5000",2210,5459,7512,5077,5876,7130,4961,6212,7435,4127,2825,6726,5248,5128,4699,6831,5505,4097,6502,5500,552,5635,7498,8590,7174,4422,4291,5063,4744,4049,6440,6873,5401,5813,6971,1668,5359,6365,6205,6257,7369,4302,6381,6428,5208,5709,4239,5702,3102,6506,8104,4258,5908,5191,3410,5947,6057,6578,5259,6267
"COG5001",34883,537,380,15226,2659,664,1673,1264,5319,8516,25071,868,560,2078,2580,497,5795,10729,5812,1240,90189,3788,1095,1276,2731,1459,744,7073,8576,43474,1350,1566,1107,1856,683,10239,5691,1067,255,1041,554,628,405,705,790,667,5678,456,3191,388,977,1268,1874,1770,896,513,263,218,9009,1621
"COG5002",564,560,404,2098,562,407,504,478,379,989,1491,376,334,589,510,1899,875,1263,1439,294,834,719,627,671,447,300,287,945,1235,3674,812,1062,1437,785,435,3913,2819,542,264,896,195,953,648,256,843,494,3793,334,521,224,254,492,1096,880,456,350,304,757,2289,1543
"COG5004",0,0,0,9,0,0,0,0,3,3,3,0,0,0,0,0,0,3,0,0,2,0,1,0,0,0,0,5,5,8,0,0,0,1,1,10,14,2,0,2,0,0,1,0,0,1,17,1,0,0,1,5,0,5,0,10,0,0,1,2
"COG5005",5,0,0,20,5,0,0,2,3,1,26,1,0,1,1,0,4,4,1,0,8,2,0,5,0,1,0,3,4,1,1,0,3,0,1,139,4,0,2,0,0,0,0,2,2,0,31,0,1,1,0,0,0,1,6,0,0,0,1,0
"COG5006",629,34,51,125,139,46,108,69,36,75,371,5,59,59,129,0,145,238,22,42,752,87,71,3,9,14,33,91,149,480,89,36,91,48,88,525,345,107,92,9,4,94,15,54,124,4,38,52,108,16,10,50,21,83,7,95,53,321,315,102
"COG5007",389,195,142,208,105,157,148,163,144,140,376,137,89,123,152,274,158,195,351,176,572,120,182,78,105,95,103,231,133,337,202,294,159,137,127,171,290,114,120,347,257,138,343,105,154,143,41,118,305,112,29,115,369,122,138,172,137,220,198,187
"COG5008",1083,103,35,742,108,47,123,79,148,372,861,40,34,112,155,5,307,419,630,56,2818,117,46,80,101,46,35,518,325,1619,317,344,302,455,160,1606,791,90,33,439,38,250,26,112,247,75,183,93,531,78,65,179,448,268,94,96,40,28,994,462
"COG5009",8358,10937,13442,7646,11462,13040,11470,11579,15978,7499,7057,13987,10996,11749,11383,14114,8211,7787,9551,12173,6679,11640,15330,16881,15385,10317,9261,7430,10077,8092,3477,3616,2709,2833,4357,1717,2595,3953,3761,3346,4395,2620,5274,3931,3439,4307,1947,3664,4098,3868,5411,2870,3413,3492,2383,3840,3740,5013,2943,3377
"COG5010",40,5,1,106,33,5,18,8,36,21,46,10,3,12,11,2,48,44,11,25,87,34,11,5,7,13,4,54,49,120,25,43,35,82,43,36,59,28,7,15,6,62,6,8,72,5,531,8,22,13,9,34,27,23,14,24,0,2,108,45
"COG5011",33,116,19,17,307,45,270,46,48,190,31,89,456,434,24,0,13,74,145,25,9,57,34,13,9,31,51,42,33,55,220,739,70,55,1802,451,44,876,843,605,26,331,15,47,194,35,6,200,93,496,0,400,914,79,201,115,1242,63,353,96
"COG5012",2285,1762,792,1406,574,838,963,1271,564,474,1949,582,444,568,2156,2014,1932,1629,3846,690,241,544,442,867,553,321,340,1607,426,891,2435,4842,2050,1911,652,130,1913,670,774,4083,470,2035,516,413,1708,433,1078,490,1199,508,313,640,5727,453,345,1383,623,392,464,2273
"COG5013",8816,489,283,596,86,366,646,319,180,207,8263,17,96,46,371,3,92,247,16758,21,3895,53,52,2,103,28,45,2040,150,600,8856,22885,278,177,165,153,203,475,218,23256,173,412,9,31,284,73,240,47,420,57,24,102,21146,32,118,291,313,7,268,498
"COG5014",323,47,39,66,22,40,65,60,1,21,284,4,17,15,53,41,84,74,236,23,3,24,36,15,2,15,17,141,11,63,156,331,114,69,16,2,120,75,22,208,25,61,17,10,49,10,0,17,84,13,1,30,384,21,5,30,26,22,54,63
"COG5015",0,1,0,7,2,0,4,2,0,3,0,0,6,4,0,0,3,9,0,0,0,2,0,0,0,0,2,2,0,0,2,0,2,5,3,0,2,4,1,0,0,27,0,0,25,0,0,4,0,0,0,0,0,3,1,0,0,0,0,14
"COG5016",2029,2115,1945,2714,1588,1902,1367,1708,2014,1223,1612,1940,1230,1777,1781,4026,2332,1697,3271,2067,4349,1829,1769,2143,2083,1774,1331,2687,1725,3334,2695,2750,2414,2108,1271,2056,2865,1212,1403,2702,1768,2044,2038,1316,2138,1804,433,1039,1913,1312,2700,1478,2579,1770,983,1631,1425,2337,2095,2501
"COG5017",27,60,27,3,59,37,15,16,13,26,27,20,16,20,0,47,4,9,16,9,13,37,4,7,16,11,24,26,9,3,6,13,8,9,8,0,30,6,15,8,2,21,3,3,15,7,30,6,10,28,7,12,15,3,18,13,14,36,21,5
"COG5018",79,3,6,115,34,9,11,9,85,52,177,7,18,25,4,104,28,24,42,3,116,56,8,7,21,6,13,83,59,125,32,15,23,81,17,235,41,6,17,38,14,31,11,17,10,17,6,8,11,39,19,36,15,24,15,0,5,3,33,15
"COG5019",0,3,0,0,0,3,0,4,0,1,0,2,1,1,1,17,0,0,0,0,0,14,0,0,1,0,2,0,2,0,0,0,0,1,0,1,0,3,3,0,0,1,0,0,0,0,0,1,0,33,1,3,0,7,0,0,1,0,0,0
"COG5020",29,16,152,5,121,117,43,37,38,30,7,46,81,51,38,201,1,27,0,23,4,181,17,83,45,59,114,2,61,4,26,2,2,11,27,379,1,23,60,0,489,22,44,178,16,52,125,105,3,95,17,32,1,311,41,10,30,37,3,15
"COG5021",1,1978,866,2,2337,931,980,597,48,57,3,126,490,579,50,1666,22,255,1,53,104,751,11,134,46,52,336,5,63,21,123,0,4,22,41,43,8,114,1159,0,40,502,5,63,132,132,0,168,69,466,37,195,0,163,64,418,424,39,14,200
"COG5022",2,918,285,14,753,338,455,428,145,112,4,193,289,443,61,2960,18,170,5,79,104,1890,31,688,136,93,332,13,191,97,144,0,12,67,54,46,31,176,403,6,221,243,36,115,131,211,1,263,49,933,102,157,3,247,104,183,196,38,54,65
"COG5023",1,813,276,16,959,352,386,319,66,57,43,125,270,281,35,897,28,101,1,40,71,1043,11,77,56,64,227,16,128,50,99,1,22,38,32,464,33,136,347,4,13,173,8,58,82,187,1,148,36,438,112,73,3,304,106,117,130,10,25,58
"COG5024",0,413,139,2,366,205,170,149,36,15,0,34,88,134,11,393,0,50,0,15,20,296,0,78,18,13,77,1,15,9,56,0,0,6,10,11,0,41,184,0,43,95,1,14,26,40,0,32,24,182,10,43,0,31,21,91,53,6,5,15
"COG5026",23,5,7,21,5,6,4,5,14,1,18,3,8,16,0,36,15,3,3,28,3,66,3,52,10,1,6,7,7,16,4,28,12,27,1,2,2,1,0,8,0,0,0,0,4,5,0,7,0,55,4,16,26,16,0,4,6,0,1,2
"COG5027",0,429,168,1,366,172,192,113,16,15,1,20,105,95,12,216,2,67,0,7,10,89,0,15,10,5,53,1,7,6,17,0,0,4,10,7,0,30,197,0,2,98,0,6,30,23,0,41,7,84,1,26,0,25,14,92,62,5,3,10
"COG5028",1,498,192,0,321,222,192,123,56,6,0,19,83,156,13,211,1,64,0,5,4,156,0,5,15,4,70,4,9,2,32,0,1,4,15,6,0,17,208,0,4,101,1,9,19,8,0,35,22,99,5,34,0,24,6,65,86,8,8,6
"COG5029",1,296,106,12,288,78,115,102,14,21,0,33,82,103,14,78,24,143,6,10,22,134,0,10,11,21,42,16,12,9,22,1,23,19,20,6,6,19,85,1,2,110,2,9,102,20,0,43,6,77,5,19,1,24,21,65,34,4,0,81
"COG5030",0,210,111,0,186,96,88,53,15,8,0,11,38,70,2,102,1,26,0,3,0,51,0,9,3,3,25,0,5,0,15,0,0,3,5,5,0,11,88,0,0,44,0,4,17,9,0,9,5,35,2,17,0,17,7,48,35,5,0,2
"COG5031",27,173,47,56,146,69,103,48,123,165,9,134,192,158,29,20,52,76,16,54,22,74,12,85,44,70,51,40,59,71,69,14,59,61,411,21,49,176,60,10,14,65,20,27,31,53,121,47,13,139,39,206,17,61,84,47,102,7,13,47
"COG5032",7,3681,2582,13,4709,2820,1764,1269,314,195,12,375,936,1549,160,1764,31,548,17,83,141,1234,66,240,330,138,438,19,173,40,367,0,11,46,94,231,35,199,2090,30,541,921,62,133,319,243,1,387,158,733,116,329,5,355,161,793,833,225,29,76
"COG5033",0,84,31,0,48,31,23,16,2,3,0,5,23,12,0,30,0,5,0,2,1,0,0,0,3,0,8,0,0,0,3,0,0,0,2,1,0,3,36,0,1,11,0,0,6,4,0,2,0,8,0,2,0,6,1,12,14,2,0,1
"COG5034",1,49,19,0,71,15,30,29,0,4,0,8,17,25,0,36,0,9,0,4,1,4,1,7,2,7,12,0,2,0,8,0,2,2,2,0,0,10,33,0,0,12,0,4,4,11,0,5,2,13,0,4,0,7,1,6,9,1,0,1
"COG5035",0,78,37,0,109,34,58,27,14,5,0,8,28,47,1,71,0,11,0,1,2,54,0,2,5,6,19,0,6,0,8,0,0,0,4,6,0,9,51,0,0,26,1,2,5,14,0,2,7,53,1,4,0,11,6,11,13,2,0,0
"COG5036",20,231,77,1,188,87,85,85,9,14,1,9,54,44,6,1,4,10,2,10,3,14,2,31,7,12,34,5,4,0,23,3,3,3,12,2,0,23,80,13,1,61,1,1,22,30,0,15,4,21,3,14,5,13,20,20,41,3,3,7
"COG5038",0,1156,403,1,730,463,347,247,60,25,0,37,198,245,11,561,6,82,0,12,28,86,1,36,27,15,101,0,12,1,76,0,4,2,23,17,0,51,373,0,4,202,1,12,52,54,0,44,28,87,10,50,0,38,27,143,134,20,1,14
"COG5039",44,2,0,19,14,2,4,5,7,4,85,4,2,3,5,148,5,28,0,0,37,29,0,2,0,5,2,4,22,130,4,3,12,3,3,53,67,17,3,0,1,3,0,8,2,7,1,6,0,5,1,15,16,16,2,0,1,0,10,1
"COG5040",0,190,87,0,195,99,92,73,7,6,0,11,37,57,8,92,0,28,1,4,4,36,0,7,3,8,37,0,6,2,16,0,0,1,4,4,0,14,96,0,0,47,1,10,14,21,0,25,4,22,2,8,0,23,7,39,42,0,4,5
"COG5041",0,82,35,0,83,48,25,32,0,4,0,3,22,24,6,37,0,19,0,1,3,32,1,21,1,5,7,0,2,4,7,0,0,1,0,2,1,10,46,0,1,12,1,2,3,12,0,11,4,15,4,3,0,4,7,18,14,0,3,0
"COG5042",489,30,26,58,73,46,99,65,79,124,239,145,81,72,36,18,55,278,55,220,1842,155,23,174,98,62,87,83,175,542,50,24,22,25,82,97,121,62,35,13,8,156,45,70,125,73,2,109,184,95,174,172,27,101,79,91,42,33,176,62
"COG5043",1,244,384,0,1030,378,172,162,89,26,0,26,104,303,4,619,2,40,0,10,33,443,0,32,34,15,53,4,29,0,72,1,3,7,3,26,0,19,425,0,1,55,1,17,68,32,0,26,7,201,16,15,0,45,14,83,116,20,0,9
"COG5044",0,109,43,0,101,48,38,19,4,3,0,4,14,25,1,64,0,13,0,4,4,57,1,10,1,3,22,1,6,3,11,0,2,4,4,6,0,9,99,0,2,56,1,9,12,24,0,31,5,83,9,27,0,32,8,71,41,5,8,8
"COG5045",0,49,17,0,44,10,12,7,1,3,0,2,15,12,1,15,0,3,0,2,1,0,0,0,3,3,12,0,0,1,5,0,0,0,3,0,0,3,22,0,0,13,0,4,4,2,0,8,0,2,0,3,0,2,6,12,7,1,0,2
"COG5046",0,35,7,0,32,13,12,15,0,0,0,3,5,6,0,12,0,4,0,1,0,4,0,2,0,0,3,0,1,0,7,0,0,0,2,1,0,2,31,0,0,16,0,1,2,10,0,5,2,9,2,7,0,0,4,13,10,2,0,1
"COG5047",0,740,195,0,456,245,214,154,20,20,0,24,110,125,3,145,3,39,1,13,15,78,0,24,5,11,47,2,11,8,30,0,0,3,12,11,0,23,212,0,2,100,2,8,12,14,0,36,20,60,2,50,0,26,8,73,94,7,4,6
"COG5048",20,454,76,3,439,83,67,61,6,8,45,24,53,103,9,302,11,24,2,5,83,54,5,22,4,0,22,6,13,1,12,14,3,10,5,495,8,19,38,14,23,30,6,5,43,5,0,14,52,52,10,38,29,12,10,36,31,410,5,99
"COG5049",115,1235,943,66,1332,991,590,449,348,253,88,1126,456,640,555,722,71,415,39,225,69,1143,613,813,407,201,534,67,601,317,178,32,25,166,136,821,67,260,625,63,7316,502,391,376,287,330,52,678,178,1084,233,508,22,1088,191,366,321,463,235,298
"COG5050",10,153,66,468,179,67,77,92,10,5,7,20,40,46,14,68,456,34,68,3,9,42,1,35,7,1,19,432,20,215,171,97,416,355,6,1,342,14,96,36,3,45,1,2,25,8,0,12,4,29,5,8,37,19,12,35,29,4,168,88
"COG5051",0,1,1,0,10,5,11,4,0,0,0,0,4,0,5,38,0,3,0,0,0,27,0,3,1,2,2,0,0,0,0,0,0,1,0,0,0,1,3,0,0,6,0,0,1,3,0,1,0,9,1,1,0,4,0,4,3,0,0,1
"COG5052",0,47,8,0,30,11,24,17,5,2,0,4,15,12,0,50,0,7,0,1,1,90,0,9,4,5,18,0,4,1,13,0,0,1,4,1,0,6,14,0,0,20,0,3,4,10,0,6,0,50,2,8,0,12,6,11,7,1,0,0
"COG5053",26,224,235,17,145,206,84,77,95,87,20,238,70,104,86,171,6,54,13,65,16,208,75,159,94,44,123,13,116,33,36,10,3,42,38,184,12,67,57,22,1452,58,69,57,53,50,7,169,43,230,42,130,6,219,46,140,59,107,56,37
"COG5054",49,257,236,24,252,242,102,108,159,96,45,400,121,181,184,127,15,119,11,104,15,230,230,351,161,84,198,15,218,86,46,20,12,51,55,325,16,107,98,35,2393,115,129,156,95,81,13,269,106,297,83,187,10,423,74,137,80,150,85,116
"COG5055",55,7,6,0,25,3,3,2,5,3,263,19,8,21,3,24,2,1,3,15,6,52,4,13,16,18,97,2,23,1,2,15,9,2,46,5456,4,16,4,0,1,57,23,32,6,23,79,18,2,5,1,4,12,326,22,6,11,8,0,3
"COG5056",0,2,3,0,15,2,2,5,8,0,0,5,1,6,0,48,0,0,0,0,1,9,0,27,3,1,5,0,1,5,5,0,0,0,0,1,0,1,0,0,0,1,1,0,3,11,0,1,0,5,1,0,0,2,3,0,0,0,2,0
"COG5057",0,33,11,0,2,16,7,6,0,0,0,2,4,1,1,65,1,5,0,2,4,7,0,1,0,0,5,0,3,0,1,0,0,0,0,0,0,0,4,0,1,7,0,0,0,1,0,1,1,15,2,3,0,6,0,5,4,0,0,0
"COG5058",0,112,42,0,100,48,37,27,10,4,0,22,19,45,4,183,2,13,0,6,5,49,8,19,3,7,29,5,5,9,18,0,0,1,5,6,0,10,47,0,16,17,3,2,10,14,1,15,6,48,3,25,0,11,9,18,22,2,6,0
"COG5059",3,4985,1846,6,4644,1997,2295,1759,375,297,7,447,1531,1595,137,5409,27,584,5,162,222,2205,43,768,267,350,882,26,360,82,548,0,11,69,218,160,6,555,2309,9,228,1233,41,154,308,732,9,594,202,1620,134,527,0,746,420,828,805,78,51,122
"COG5061",1,199,131,0,225,163,79,71,21,3,0,6,64,78,4,48,0,21,0,1,6,67,0,2,9,4,23,0,10,4,8,0,2,5,7,5,0,14,118,0,3,43,0,3,15,5,0,19,9,46,0,10,0,2,1,48,47,8,1,2
"COG5062",0,126,25,0,168,43,40,21,0,2,0,7,25,32,4,31,1,14,0,0,2,25,0,0,1,1,15,0,2,0,1,0,0,1,3,0,0,7,64,0,0,30,0,2,2,3,0,8,7,17,0,2,0,4,3,22,22,2,0,2
"COG5063",1,116,22,0,62,23,36,25,1,3,0,24,8,19,9,103,0,18,0,11,10,14,4,47,0,1,21,0,8,0,1,0,0,0,2,3,0,4,32,0,19,26,5,1,3,3,0,10,1,20,2,10,0,7,0,20,11,3,0,15
"COG5064",1,120,32,0,88,37,52,43,11,8,0,8,42,29,4,261,2,10,0,4,4,81,3,14,17,13,31,0,7,6,38,0,0,6,17,6,3,62,117,0,8,70,3,9,29,60,0,37,22,165,13,49,0,64,34,49,55,2,4,11
"COG5065",0,1,0,0,3,1,2,3,0,0,0,2,4,0,1,9,0,0,0,1,0,4,0,0,0,2,0,0,0,0,7,0,0,0,0,0,0,6,7,0,0,3,0,0,0,2,0,4,0,1,0,0,0,4,5,0,0,0,0,1
"COG5066",0,81,46,0,83,49,42,32,0,4,0,17,27,17,2,28,0,17,0,2,2,13,0,4,5,5,7,0,6,0,12,0,1,2,1,0,0,12,32,0,1,22,0,1,6,24,0,10,1,16,4,9,0,8,17,16,16,0,0,3
"COG5068",0,149,41,0,76,50,26,24,0,0,0,5,12,29,1,80,0,9,0,0,1,7,0,0,0,0,11,0,0,0,2,0,0,1,2,0,0,0,47,0,0,14,0,2,2,0,0,1,6,16,0,10,0,2,0,24,15,3,0,1
"COG5069",0,17,20,1,140,13,31,51,36,13,0,25,38,71,2,575,1,6,0,10,5,254,2,209,25,21,34,1,14,11,38,0,0,4,1,4,0,20,26,0,0,12,2,23,15,54,0,49,2,120,8,8,0,25,34,5,6,0,9,4
"COG5070",0,176,63,0,155,62,27,34,6,7,0,4,28,37,2,161,0,14,0,3,4,101,0,10,9,1,5,1,6,3,4,0,0,4,0,4,0,3,53,0,58,16,0,1,7,11,0,4,6,87,1,7,0,4,4,11,19,8,1,2
"COG5071",0,205,61,1,129,78,54,31,6,10,0,4,30,55,2,82,0,23,0,2,11,72,0,0,6,4,16,3,8,0,12,0,0,3,4,2,0,9,94,0,0,35,2,3,7,11,0,8,6,63,0,10,0,5,8,23,28,4,0,2
"COG5072",3,253,79,2,112,109,81,62,28,3,0,34,29,48,14,9,3,23,0,10,5,1,5,2,12,8,19,1,10,1,18,0,0,3,4,20,0,19,101,0,221,39,5,14,28,6,0,22,5,47,9,33,0,13,2,51,45,4,2,15
"COG5074",0,126,51,1,111,50,33,20,10,5,0,4,23,44,4,63,0,18,1,2,4,28,1,9,5,5,23,0,1,0,10,0,1,1,2,3,0,1,44,0,1,29,1,1,10,7,0,7,5,23,0,1,0,3,3,23,10,2,0,1
"COG5075",0,96,41,0,113,31,25,36,0,11,0,3,30,19,5,63,0,6,0,5,4,16,0,3,2,8,3,0,6,0,11,0,0,0,4,13,0,7,43,0,86,8,4,4,6,5,0,8,3,32,1,20,0,1,10,7,11,4,0,2
"COG5076",1,1754,697,5,1564,749,726,529,34,65,0,78,374,363,52,559,7,201,0,21,49,383,8,152,16,73,225,4,42,4,93,0,4,9,27,21,3,85,751,0,7,398,6,42,79,106,0,137,69,334,12,126,0,75,74,284,248,37,3,30
"COG5077",2,1458,920,3,674,972,551,322,54,29,2,109,234,228,32,911,10,164,0,44,53,308,47,138,43,31,191,2,39,12,83,0,3,17,50,20,1,77,428,1,985,259,7,48,46,50,0,129,78,275,18,130,2,123,22,228,176,11,6,40
"COG5078",10,439,188,23,447,196,193,169,87,67,6,254,149,188,123,389,15,112,6,44,19,285,114,163,111,54,101,8,111,67,154,12,17,106,106,444,41,269,557,26,2425,411,227,215,223,261,15,446,109,797,173,366,11,531,188,221,321,265,178,198
"COG5079",0,209,29,0,17,49,98,48,13,4,1,12,32,36,8,81,2,36,0,4,6,28,0,29,8,0,30,1,9,3,17,0,0,1,3,2,0,6,52,0,0,56,1,0,8,6,0,25,5,20,4,21,0,20,4,48,34,0,5,3
"COG5080",0,201,52,0,159,58,58,42,8,2,0,10,27,48,1,84,2,11,0,1,4,82,0,12,5,1,8,0,6,0,11,0,0,2,1,3,0,10,63,0,0,19,0,1,9,13,0,7,4,59,2,16,0,9,5,21,20,2,0,5
"COG5082",0,224,43,0,109,65,71,41,0,0,0,4,22,24,1,156,1,17,0,0,7,6,0,0,1,2,17,1,1,0,3,0,0,2,3,1,1,3,62,0,0,22,0,1,3,7,0,10,4,18,1,12,0,5,4,26,34,4,0,2
"COG5083",0,182,74,2,138,83,66,47,18,25,32,7,40,43,5,72,3,17,2,5,22,50,0,9,3,2,20,1,8,1,14,0,2,3,10,6,1,11,84,1,1,42,1,1,12,10,0,9,6,38,2,20,0,15,8,33,25,5,0,10
"COG5084",0,74,28,0,45,20,29,32,0,3,0,3,17,10,1,47,0,8,0,1,0,27,0,0,0,2,13,0,0,0,1,0,0,0,2,0,0,14,41,0,1,14,0,1,3,5,0,7,2,24,2,8,0,3,0,10,7,2,0,0
"COG5086",0,21,13,0,73,21,14,13,2,5,0,1,7,12,0,25,0,5,0,1,1,43,0,2,2,0,3,0,4,0,3,0,0,2,0,1,0,0,22,0,0,9,0,2,8,3,0,2,1,31,0,3,0,2,0,4,5,1,0,0
"COG5088",0,34,9,0,40,12,11,8,0,1,0,1,9,3,1,33,1,7,0,0,2,3,0,2,0,1,9,0,0,0,3,0,0,0,1,0,0,0,11,0,0,5,0,0,1,0,0,1,2,3,0,1,0,2,3,6,6,1,0,0
"COG5090",0,103,29,0,95,24,43,30,3,5,0,3,20,20,6,1,0,12,0,2,2,4,0,0,2,0,16,0,1,0,4,0,0,1,4,6,0,4,56,0,1,25,0,2,8,0,0,14,6,9,2,6,0,4,1,27,15,5,0,0
"COG5091",0,89,36,0,92,50,42,34,6,2,0,2,34,27,1,0,0,4,0,1,3,32,0,2,0,6,8,0,1,1,7,0,0,0,3,2,0,6,47,0,0,24,0,2,5,4,0,8,3,18,1,4,0,4,4,11,15,2,0,1
"COG5092",6,454,1276,1,151,766,355,183,6,22,1,27,36,35,14,232,0,22,1,13,6,18,5,18,7,1,26,0,8,36,17,0,0,4,3,6,0,18,64,2,3276,39,6,5,20,4,0,49,14,25,1,33,1,29,5,61,30,21,17,3
"COG5093",0,11,2,0,17,7,7,14,0,4,0,3,7,6,1,18,0,1,0,2,0,0,0,0,1,2,0,0,0,7,3,0,0,0,0,0,0,3,8,0,0,4,0,0,0,7,0,3,0,0,0,0,0,3,2,0,1,0,3,1
"COG5094",0,54,6,0,3,4,27,8,9,1,0,5,6,5,4,29,0,12,0,1,0,38,0,0,1,0,4,0,0,0,3,0,0,2,0,0,0,0,5,0,0,10,0,0,1,2,0,6,3,11,0,4,0,0,2,8,2,0,0,0
"COG5095",0,142,49,0,120,63,54,39,3,5,0,4,36,36,6,38,1,17,0,3,9,68,0,0,1,2,33,1,11,0,9,0,2,1,4,4,0,3,75,0,2,27,0,4,9,6,0,8,8,48,0,8,0,6,2,36,35,4,0,0
"COG5096",1,1338,531,0,1049,583,591,429,84,51,0,69,268,330,40,449,8,185,1,24,46,308,5,48,51,46,180,4,23,3,89,0,2,9,27,26,3,78,550,0,4,326,1,44,75,105,0,87,44,218,14,93,0,95,56,251,211,30,3,25
"COG5097",0,1,1,0,10,3,0,5,0,0,0,0,3,6,0,16,0,2,0,0,0,6,0,5,1,1,4,0,1,0,0,0,0,1,0,0,0,4,1,0,0,2,0,0,1,6,0,1,1,2,0,0,0,0,0,1,1,0,0,0
"COG5098",0,417,144,1,237,139,163,83,16,6,0,19,73,81,7,29,3,46,0,7,3,76,0,15,9,5,61,1,3,1,22,0,2,2,6,6,0,13,151,0,3,87,0,20,18,7,0,27,8,60,3,33,0,22,7,54,56,5,0,5
"COG5099",0,344,98,0,154,103,149,70,3,2,0,10,70,37,9,209,2,59,0,5,9,179,1,6,4,4,48,0,9,0,8,0,2,4,2,0,0,13,123,0,28,89,0,11,9,3,0,18,12,108,1,29,0,16,4,78,50,3,0,4
"COG5100",0,2,4,0,17,4,2,4,0,2,0,1,0,2,0,10,0,0,0,0,0,5,0,3,0,1,2,0,0,0,3,0,0,0,0,0,0,1,0,0,0,0,0,0,0,6,0,1,0,0,0,2,0,0,2,2,0,0,0,0
"COG5101",0,371,151,0,327,182,142,90,29,10,0,24,67,100,12,91,3,48,0,5,9,58,1,20,19,11,53,0,7,2,32,0,0,3,11,10,1,19,134,0,4,79,0,8,20,38,0,24,17,45,3,20,0,20,20,58,57,7,0,11
"COG5102",0,75,19,0,12,26,33,13,4,0,0,4,14,9,3,0,1,14,0,0,0,1,0,0,2,0,7,0,0,0,2,0,1,0,2,2,0,1,31,0,0,14,0,0,0,1,0,8,2,6,0,2,0,2,0,13,13,1,0,0
"COG5103",0,84,62,1,390,51,42,62,41,11,0,12,37,162,2,183,0,9,0,6,10,248,0,2,20,6,11,0,8,6,25,0,0,4,5,5,0,1,165,0,0,17,1,16,17,22,0,11,3,118,7,11,0,18,5,29,42,13,1,8
"COG5104",0,189,60,0,131,80,81,45,0,2,0,4,31,24,5,68,0,18,0,2,2,49,0,0,0,1,24,0,5,0,0,0,0,1,0,3,0,2,59,0,47,37,0,0,8,0,0,10,11,44,2,12,0,10,0,40,28,4,0,1
"COG5105",0,78,24,0,38,27,30,14,0,0,0,1,9,9,2,39,1,10,0,0,2,17,2,2,1,0,12,0,4,8,1,0,0,0,2,0,0,2,34,0,2,12,0,1,4,0,0,4,5,10,2,3,0,8,0,11,8,2,3,1
"COG5106",0,102,47,0,71,47,48,18,6,2,0,2,26,24,2,26,0,15,0,4,4,15,1,0,3,0,11,0,3,0,4,0,1,1,5,1,0,0,42,0,0,27,0,4,3,1,0,12,2,23,0,10,0,6,2,22,14,1,0,2
"COG5107",0,291,121,0,177,128,111,62,11,5,0,7,38,62,5,100,2,27,0,3,2,35,0,18,5,0,27,2,6,0,19,0,0,1,7,6,0,6,99,0,1,76,0,1,7,3,0,15,16,44,1,23,0,13,0,53,44,2,0,5
"COG5108",6110,1030,607,589,3109,671,1736,1757,1262,2537,5451,5346,2279,1429,1833,634,351,1686,688,4656,1182,3667,1755,547,1305,4559,16785,561,1938,288,960,729,375,687,2178,76225,385,2208,1700,1107,1581,4470,2481,6156,1153,2437,15046,4155,911,2221,192,2097,776,8837,3181,5149,1645,968,230,1177
"COG5109",0,11,8,0,2,2,20,1,3,0,0,0,23,11,0,58,0,1,0,1,0,4,0,2,1,0,1,0,1,0,2,0,0,0,5,0,0,5,19,0,0,12,0,0,0,1,0,3,0,2,2,2,0,1,0,0,12,0,0,0
"COG5110",0,339,169,0,367,200,147,116,16,23,1,21,101,109,10,158,1,40,0,5,5,143,1,4,11,30,53,0,11,1,37,0,0,5,9,9,0,23,169,0,6,91,0,5,29,41,0,41,15,93,2,31,0,24,23,53,42,6,1,6
"COG5111",0,144,35,0,108,65,48,29,1,4,0,7,26,29,3,54,0,17,0,3,2,63,1,24,2,5,21,0,0,5,3,0,0,1,3,1,0,9,46,0,0,24,0,2,8,13,0,14,4,30,0,7,0,5,6,18,24,1,1,1
"COG5112",0,54,6,0,21,7,10,10,1,2,0,1,4,4,0,0,0,1,0,1,1,1,0,3,1,7,3,0,1,0,4,0,0,0,7,0,0,4,7,0,0,3,1,0,0,8,0,2,0,4,1,4,0,3,2,3,1,0,0,0
"COG5113",3,426,139,2,222,134,139,90,51,44,1,80,117,99,13,285,2,49,3,13,10,139,43,21,61,19,69,5,24,101,22,5,0,6,29,15,0,27,155,8,138,103,6,45,50,20,0,59,20,119,13,50,4,48,17,72,62,20,30,28
"COG5114",0,135,45,2,128,71,50,44,13,6,0,6,31,41,1,56,0,8,0,2,5,24,0,1,1,0,28,0,7,0,9,0,0,3,6,5,0,4,74,0,0,20,1,6,3,0,0,6,5,15,2,11,0,15,1,22,33,1,0,2
"COG5116",0,301,128,0,339,153,141,121,13,20,0,27,77,93,8,174,1,39,0,5,11,20,0,5,13,29,32,1,9,0,34,0,2,2,12,10,0,28,136,1,4,70,2,9,21,52,0,38,13,26,4,16,0,20,40,55,42,4,1,5
"COG5117",0,278,95,0,200,112,101,57,5,0,0,10,45,63,5,21,1,27,0,3,3,25,0,0,2,1,30,0,5,0,5,0,0,0,1,0,0,1,46,0,0,22,0,2,4,0,0,3,2,19,0,8,0,1,0,16,17,1,0,1
"COG5118",0,145,32,0,53,32,38,20,0,1,0,5,11,18,1,22,0,15,0,2,4,6,0,44,2,1,8,1,0,2,5,0,1,1,5,0,0,1,35,0,0,32,0,4,5,3,0,8,4,11,1,7,0,5,0,10,9,1,0,0
"COG5119",0,19,1,0,8,1,0,0,0,44,1,1,0,17,0,0,0,0,0,0,0,0,0,0,1,11,0,0,0,0,1,0,0,1,2,0,0,0,0,0,2,0,0,0,0,6,0,2,1,3,0,6,0,0,26,3,0,0,0,0
"COG5120",0,23,9,0,33,13,22,9,0,1,0,1,6,9,1,0,0,9,0,0,1,21,2,0,0,2,3,0,1,5,1,0,0,2,0,0,0,1,31,0,0,10,0,0,1,2,0,3,1,11,0,1,0,3,0,6,7,0,1,1
"COG5122",0,65,11,0,51,31,15,10,0,0,0,5,18,8,2,17,1,3,0,0,3,0,0,8,1,2,19,0,2,0,1,0,0,1,1,0,0,0,21,0,0,12,1,1,3,2,0,2,3,6,2,4,0,4,1,5,3,2,0,0
"COG5123",0,47,31,0,30,23,19,11,0,0,0,1,11,2,0,0,0,8,0,0,0,0,0,0,0,0,4,0,0,0,1,0,0,0,1,1,0,1,23,0,0,12,0,0,1,0,0,1,1,1,0,3,0,1,0,5,8,1,0,0
"COG5124",0,85,26,0,38,25,30,17,5,1,0,3,16,19,2,30,0,6,0,0,2,3,1,7,4,0,10,0,1,0,4,0,0,1,2,1,0,4,27,0,0,10,0,1,0,1,0,4,2,9,1,5,0,4,0,14,9,4,0,0
"COG5125",0,0,0,0,0,1,0,0,0,0,0,1,1,0,0,0,0,0,0,0,0,33,0,0,0,0,2,0,1,0,0,0,0,1,0,0,0,0,0,0,0,0,0,5,0,1,0,1,0,16,0,1,0,0,1,0,0,0,0,0
"COG5126",4,1235,588,34,1356,605,623,816,86,259,2,199,459,511,143,3951,37,245,20,329,100,898,107,413,165,225,318,34,267,73,237,3,59,62,52,94,26,216,567,20,38,417,206,72,134,473,155,225,161,729,116,223,2,292,287,307,213,127,43,58
"COG5127",0,169,68,0,137,93,58,41,8,3,0,6,28,16,2,45,1,14,0,1,3,59,0,1,1,2,22,0,4,0,9,0,1,4,5,2,0,11,52,0,1,28,0,5,10,8,0,11,3,36,1,13,0,10,9,26,19,3,0,2
"COG5128",0,82,22,0,65,39,38,17,3,2,0,3,18,15,4,43,0,14,1,1,1,32,1,2,1,1,9,0,2,1,2,0,1,1,1,0,0,4,30,0,1,16,0,0,3,3,0,4,5,28,2,2,0,4,1,12,8,1,0,3
"COG5129",0,31,3,0,0,11,4,3,8,1,0,3,1,4,0,30,0,0,0,1,1,26,0,0,0,0,1,0,2,8,1,0,0,0,0,3,0,0,0,0,0,0,0,0,2,0,0,0,3,17,0,3,0,0,0,2,0,0,4,0
"COG5132",0,70,37,0,48,44,41,24,0,0,0,2,9,11,1,32,0,15,0,1,1,2,0,0,0,0,11,0,1,1,2,0,1,0,3,1,0,5,47,0,1,29,0,3,1,2,0,2,3,4,1,7,0,6,2,9,17,2,1,0
"COG5133",0,54,15,0,42,18,26,16,0,0,0,3,6,13,2,37,0,7,0,2,2,3,0,1,0,1,8,0,2,0,5,0,0,0,1,0,0,3,18,0,1,11,0,1,1,3,0,5,5,9,1,2,0,1,2,13,14,1,0,1
"COG5134",0,180,76,0,100,76,59,47,16,5,0,9,44,48,6,53,0,16,0,3,2,132,1,0,6,2,25,1,12,4,14,0,0,2,1,2,0,13,74,0,1,31,0,2,8,5,0,4,7,76,0,4,0,13,3,26,25,1,2,2
"COG5135",314,175,85,69,224,102,273,131,384,1565,154,454,876,634,123,9,44,588,30,779,966,839,57,222,477,1113,1237,21,1341,346,118,17,5,110,620,119,88,487,389,8,8,85,258,770,88,596,8,749,113,966,325,1689,9,889,2060,232,612,8,155,20
"COG5137",0,60,32,0,54,37,33,13,2,6,0,4,11,15,1,22,0,8,0,1,0,8,1,1,0,2,13,0,4,0,4,0,0,1,3,1,0,4,26,0,0,17,0,6,2,2,0,2,2,2,1,6,1,2,1,9,11,1,0,0
"COG5138",0,24,1,0,1,3,8,5,0,1,0,0,7,0,0,0,0,1,0,0,1,7,0,4,0,0,1,0,3,0,0,0,0,0,2,0,0,3,6,0,0,4,0,0,1,0,0,4,2,2,0,0,0,2,0,1,0,0,0,1
"COG5139",0,151,54,1,111,62,48,36,4,2,0,3,30,33,2,23,4,13,0,0,1,55,5,3,4,0,11,1,1,8,7,0,0,0,2,2,0,4,62,0,0,33,1,0,6,1,0,9,1,41,1,12,0,3,2,30,23,3,3,4
"COG5140",7,70,51,0,52,48,38,24,3,14,5,31,9,34,11,91,1,2,1,7,2,73,3,7,25,8,8,1,12,0,22,6,2,14,17,101,7,39,75,9,141,49,46,37,49,26,1,58,27,159,32,48,6,38,34,50,52,39,6,26
"COG5141",1,1197,654,2,1291,770,497,305,33,23,0,39,197,286,19,120,7,131,0,12,51,69,0,40,17,4,98,1,20,0,53,0,5,3,19,16,0,25,496,0,6,242,0,11,61,16,0,52,33,94,8,70,0,52,9,210,161,40,0,18
"COG5142",0,97,36,0,93,36,58,22,0,9,0,4,36,19,5,116,0,8,0,1,1,66,0,0,0,2,14,0,2,0,9,0,0,0,2,1,0,4,44,0,0,26,0,1,6,6,0,5,3,40,0,6,0,1,1,21,24,2,0,3
"COG5143",0,234,79,2,127,87,94,71,19,18,0,28,67,59,3,178,2,22,0,5,10,83,0,14,6,12,31,0,11,7,16,0,0,2,11,2,5,25,88,0,21,53,1,2,9,20,0,43,14,52,7,14,0,26,12,43,37,3,6,1
"COG5144",0,157,35,0,131,39,67,29,3,3,0,4,25,36,5,75,0,13,0,3,4,8,0,1,1,0,20,1,4,0,3,0,0,0,2,1,0,5,66,0,0,28,0,0,3,3,0,9,5,10,0,8,0,11,4,25,18,6,0,2
"COG5145",0,1,0,0,11,0,1,5,8,2,0,0,1,7,0,19,0,0,0,0,0,23,0,0,2,1,5,0,0,0,3,0,0,0,0,0,0,1,2,0,0,0,0,0,2,2,0,0,0,15,0,1,0,2,3,0,0,0,0,1
"COG5146",0,286,95,2,85,125,104,53,10,1,0,41,75,28,8,65,2,32,1,33,0,113,14,39,3,49,56,0,18,1,3,0,0,1,13,0,0,8,30,0,39,15,0,9,1,2,0,14,8,26,25,7,0,9,0,25,14,1,0,2
"COG5147",3,1651,524,0,1214,616,643,403,106,42,0,94,313,262,90,1622,9,215,1,35,45,812,122,108,40,50,255,4,65,22,102,0,4,19,28,22,0,58,577,0,59,368,7,23,53,95,0,144,72,493,24,121,0,115,46,327,228,23,11,21
"COG5148",0,103,33,0,25,33,35,19,2,0,0,10,10,7,4,73,1,12,0,3,3,27,0,1,0,2,20,0,5,0,7,0,0,0,2,1,0,3,22,1,2,16,0,5,1,2,0,4,4,23,0,8,0,4,3,12,9,0,0,2
"COG5149",0,11,1,0,0,2,2,4,0,0,0,0,2,0,0,0,0,0,0,0,0,0,0,0,0,0,0,0,0,0,0,0,0,0,0,0,0,0,4,0,0,0,0,0,0,0,0,0,0,0,0,0,0,0,0,3,1,0,0,0
"COG5150",0,68,26,0,39,20,17,5,0,0,0,3,11,6,1,0,0,5,0,0,0,0,0,0,0,0,4,0,0,0,0,0,0,0,0,0,0,1,25,0,0,11,0,0,2,0,0,3,1,3,0,6,0,3,0,11,10,1,0,0
"COG5151",0,152,43,0,115,73,55,43,2,3,0,5,22,20,4,48,0,20,0,0,3,60,0,1,2,1,7,1,3,0,10,0,1,1,4,1,0,3,60,0,2,22,0,0,3,4,0,14,7,30,2,9,0,8,3,24,17,2,0,3
"COG5152",0,145,51,0,109,54,50,50,5,8,0,10,33,23,5,44,1,19,0,2,6,52,2,0,3,9,18,0,4,8,4,0,0,1,2,1,0,10,63,0,1,29,0,0,5,10,0,19,4,45,2,12,0,6,7,38,15,3,5,2
"COG5154",0,130,43,0,88,40,47,39,3,5,0,8,25,24,6,30,0,19,0,3,1,87,0,7,6,6,6,0,8,3,9,0,1,2,0,2,0,5,54,0,0,28,1,4,5,8,0,12,2,46,0,4,0,11,6,21,23,2,1,2
"COG5155",0,98,267,0,712,270,87,162,38,29,0,9,87,183,4,102,0,25,0,3,13,88,6,38,23,39,26,1,3,0,56,0,0,2,0,14,0,27,203,0,1,40,2,0,33,97,0,37,4,47,1,10,0,21,57,30,63,15,1,13
"COG5156",0,101,28,0,123,28,58,35,0,4,0,8,29,23,2,39,0,11,0,0,3,30,0,0,3,5,11,0,2,0,4,0,1,0,3,0,0,7,37,0,0,23,0,0,5,4,0,15,2,15,1,5,0,5,6,24,20,2,0,1
"COG5157",0,149,53,0,116,52,49,31,8,3,0,8,26,26,2,31,0,8,0,2,3,6,0,0,2,1,18,0,1,0,5,0,0,0,2,1,0,4,54,0,2,16,0,0,10,1,0,6,7,15,0,10,0,5,1,21,21,3,0,1
"COG5158",0,810,302,1,786,315,358,238,38,34,0,49,190,264,23,406,2,111,0,9,30,333,4,22,33,36,131,3,31,1,85,0,3,8,9,18,1,61,326,1,7,179,4,10,52,93,0,72,29,213,9,57,0,66,49,141,115,17,1,16
"COG5159",0,357,138,0,261,166,126,86,16,15,1,16,76,70,4,61,1,36,0,5,10,163,1,13,13,9,38,0,16,9,28,0,2,2,9,2,1,20,130,0,0,50,1,10,26,23,0,39,10,102,5,21,0,29,13,66,57,4,4,8
"COG5160",0,466,245,1,351,273,224,122,99,11,0,34,91,143,10,220,1,61,0,17,36,278,1,45,33,18,108,1,20,1,20,0,3,4,2,2,0,7,73,1,30,31,1,5,13,14,0,22,14,56,15,19,0,33,7,33,43,2,0,2
"COG5161",0,347,130,1,352,114,120,93,24,4,0,10,54,90,8,0,1,34,0,4,16,12,0,9,10,1,27,1,6,0,28,0,1,2,14,6,1,11,171,0,1,54,0,4,17,4,0,16,9,24,2,15,0,14,2,51,56,8,0,5
"COG5162",0,47,8,0,11,13,21,7,0,0,0,2,3,4,1,8,0,8,0,2,2,2,0,10,1,0,8,0,0,0,0,0,0,0,0,0,0,0,5,0,0,4,0,0,0,0,0,0,1,0,1,1,0,0,1,4,1,0,0,0
"COG5163",0,71,30,0,52,32,26,16,1,1,0,2,15,8,0,20,1,9,0,0,1,35,0,0,2,1,10,0,5,0,2,0,0,0,3,3,0,8,92,0,1,32,0,2,7,5,0,15,9,65,1,16,0,8,7,38,38,3,0,4
"COG5164",1,341,114,11,314,129,166,108,13,24,0,16,76,77,8,22,12,42,0,2,6,138,2,5,13,20,45,20,4,24,27,0,10,4,3,2,2,34,134,0,1,84,2,1,16,39,0,25,15,96,1,25,0,14,26,67,51,3,23,5
"COG5165",0,201,65,0,162,69,89,60,5,3,0,8,43,33,6,45,0,31,0,0,4,64,0,1,2,8,18,1,5,0,10,0,0,1,7,1,0,13,74,0,0,36,0,4,8,3,0,17,6,49,0,13,0,6,0,43,30,7,0,3
"COG5167",0,46,2,0,0,4,11,4,0,0,0,0,12,0,0,0,3,0,0,0,0,0,0,0,0,0,2,0,0,0,0,0,0,0,2,0,0,1,2,0,0,0,0,0,0,0,0,2,1,0,0,0,0,0,0,2,2,0,0,0
"COG5169",1,193,56,0,154,64,67,78,2,8,0,21,38,37,1,276,0,26,0,6,5,145,0,22,9,11,26,0,10,0,17,0,0,4,3,4,0,17,70,0,0,37,0,5,10,20,0,17,12,76,6,11,0,39,6,31,24,2,0,3
"COG5170",0,176,70,0,183,67,69,42,4,8,0,10,33,49,5,37,1,17,0,2,1,94,0,3,3,13,14,2,2,1,15,0,1,0,4,1,0,6,76,0,0,37,0,5,11,18,0,9,6,40,1,6,0,17,10,29,32,1,0,3
"COG5171",0,72,29,0,60,31,12,20,4,3,0,4,9,17,5,8,1,7,0,2,3,61,1,3,0,0,7,1,2,0,5,0,1,1,1,5,0,1,23,0,0,11,0,2,1,3,0,3,4,20,2,8,0,11,2,15,3,1,0,0
"COG5173",0,3,1,1,5,0,0,3,32,1,0,0,0,39,1,0,0,0,0,0,2,1,0,0,8,0,0,1,0,0,17,0,1,1,0,3,1,1,1,0,0,1,0,0,12,7,0,0,0,2,0,1,0,1,1,0,0,0,0,3
"COG5174",0,0,0,0,1,0,0,0,7,0,0,0,0,9,0,0,0,0,0,0,0,0,0,0,0,0,0,0,0,0,2,0,0,0,0,1,0,0,0,0,0,0,0,0,0,1,0,0,0,0,0,0,0,0,1,0,0,0,0,1
"COG5175",0,112,30,0,39,26,22,28,3,0,0,0,16,28,2,30,0,2,0,1,4,10,0,0,2,0,14,0,1,0,5,0,1,2,0,3,0,4,47,0,0,18,0,2,6,4,0,1,3,7,0,4,0,3,1,16,13,1,0,1
"COG5176",0,372,75,0,202,87,139,79,10,8,0,13,73,76,5,96,6,21,1,5,4,36,0,2,6,4,46,0,2,0,18,0,1,1,4,1,0,24,99,0,4,55,0,2,9,26,0,19,8,28,3,22,0,14,7,58,31,6,0,0
"COG5177",0,228,38,0,220,75,115,46,7,4,0,8,55,50,5,0,4,31,0,2,3,52,0,1,3,2,26,2,3,1,14,0,1,4,8,4,0,12,130,0,3,59,0,5,12,4,0,13,4,37,1,8,0,5,2,45,51,6,0,1
"COG5178",0,554,180,0,633,216,281,181,35,16,0,33,158,177,20,253,2,87,0,15,19,281,4,9,18,15,157,2,34,15,48,0,1,6,17,12,0,31,344,1,0,136,2,26,41,18,0,57,24,182,14,30,0,38,11,122,109,22,8,15
"COG5179",0,403,150,1,374,143,157,113,21,6,0,11,76,124,13,4,6,45,0,4,7,154,0,0,9,0,55,5,6,0,28,0,1,1,4,11,0,7,184,0,2,89,1,10,17,7,0,24,17,104,0,26,0,19,0,74,74,8,0,5
"COG5180",0,99,36,0,78,20,58,25,0,2,0,4,23,14,3,26,0,13,0,1,3,78,0,3,0,0,34,0,5,0,2,0,0,3,1,1,0,0,52,0,2,26,0,0,0,1,0,2,3,52,3,12,0,9,1,16,21,5,0,2
"COG5181",1,320,91,1,302,126,143,94,0,7,0,16,77,63,5,41,0,37,0,5,6,271,0,22,0,3,42,1,16,0,21,0,0,5,5,3,1,8,139,0,1,74,0,11,11,13,0,25,16,131,3,21,0,19,7,53,62,5,1,7
"COG5182",1,182,56,0,130,46,51,30,10,3,0,1,34,35,2,94,1,13,0,3,8,45,0,4,3,0,9,0,1,0,9,0,0,3,2,1,0,5,68,0,0,27,0,1,5,4,1,4,5,52,1,7,0,4,4,20,25,1,2,1
"COG5183",1,12,31,0,17,35,13,4,15,27,0,30,38,29,21,117,3,4,3,13,0,32,47,21,41,5,11,1,14,0,7,0,0,2,1,37,1,5,1,0,116,5,10,15,5,10,0,15,6,29,20,17,0,13,14,1,14,15,1,1
"COG5184",1314,8164,5177,729,10418,5765,5849,5300,606,5806,1854,1734,4418,4035,1658,3489,973,2737,2239,2703,874,3518,3399,1366,2004,3527,4125,1453,1925,535,1053,264,421,219,196,3300,324,1267,1510,593,1861,1511,2032,919,1249,1920,1712,1971,1292,739,294,665,440,1015,1406,1082,828,946,228,777
"COG5185",0,9,27,0,1,26,0,0,0,0,0,0,0,2,0,0,0,1,0,0,0,1,0,0,0,3,8,0,1,0,0,0,0,0,0,0,0,1,1,0,0,1,0,5,0,0,0,2,0,1,0,0,0,3,1,0,1,0,0,0
"COG5186",1,179,46,0,157,61,75,48,14,6,0,7,37,55,1,131,3,20,1,9,9,52,2,15,1,0,28,1,17,0,13,0,3,4,7,5,0,8,93,0,1,54,0,4,10,12,0,15,8,60,3,17,0,45,3,40,26,4,0,5
"COG5187",0,252,81,0,136,72,90,63,13,2,0,15,38,41,9,72,0,49,0,1,6,29,2,2,5,1,34,1,8,1,21,0,0,1,2,3,0,14,58,0,0,58,0,1,17,22,0,14,9,22,1,13,0,7,6,43,30,4,1,7
"COG5188",0,62,18,0,46,15,32,12,0,2,0,2,7,6,0,14,0,6,0,0,1,29,1,2,0,0,9,0,2,0,14,0,1,1,2,3,0,7,82,0,0,41,0,8,7,16,0,10,4,45,1,9,0,5,8,18,21,3,0,4
"COG5190",1,674,233,3,528,273,248,155,26,22,3,21,118,187,21,264,1,93,5,10,14,155,11,28,16,6,75,2,31,4,47,2,1,3,20,62,1,35,313,3,135,175,2,17,27,20,0,32,34,125,3,42,4,27,14,109,106,93,4,9
"COG5191",0,24,5,0,42,7,24,6,1,3,0,2,10,14,0,15,1,8,0,0,2,8,1,1,4,2,6,0,2,0,11,0,0,1,0,4,0,2,47,0,0,17,1,1,7,8,0,11,4,19,0,8,0,10,2,23,20,7,0,1
"COG5192",0,388,163,0,288,168,111,92,1,16,0,15,70,74,11,33,1,42,0,5,11,28,0,7,1,8,42,0,12,0,10,0,1,3,2,1,0,8,118,0,1,51,0,3,9,11,0,18,17,42,7,25,0,22,2,73,43,9,0,5
"COG5193",0,165,99,0,65,112,43,33,2,5,0,3,40,17,3,81,2,7,0,0,3,138,0,2,0,2,24,0,6,0,8,0,1,5,3,1,1,9,81,0,4,24,0,4,4,6,0,6,7,78,4,10,0,2,0,20,22,2,0,1
"COG5194",0,66,14,0,25,22,22,9,3,4,0,7,10,10,2,21,0,4,0,1,0,10,1,10,0,3,16,0,10,0,3,0,0,0,3,1,0,5,16,0,0,21,0,0,3,5,0,5,1,7,2,20,0,2,6,7,12,0,0,0
"COG5196",0,130,60,0,170,63,37,50,12,7,0,11,41,53,5,88,0,21,1,0,6,93,1,3,12,3,12,1,4,3,18,0,1,1,1,7,0,19,84,0,0,29,1,0,5,10,0,14,5,59,0,13,0,13,9,22,20,2,5,2
"COG5197",0,90,31,0,75,43,30,25,0,1,0,5,15,20,0,4,0,7,0,1,1,6,0,4,0,0,11,0,5,0,2,0,0,1,1,0,0,7,37,0,0,12,0,0,3,0,0,2,3,7,1,7,0,0,0,12,13,3,0,0
"COG5198",3,122,58,22,111,61,36,40,16,7,1,6,28,36,3,40,1,21,1,4,6,28,1,1,4,3,10,14,7,8,9,0,0,0,5,1,0,5,64,0,1,16,3,1,5,8,0,13,6,12,1,6,1,10,5,24,15,2,0,3
"COG5199",0,4,4,0,15,2,7,9,0,2,0,4,7,6,3,226,1,4,0,1,3,26,0,0,1,4,2,1,0,0,3,0,0,1,0,1,0,4,7,0,0,2,0,4,0,3,0,3,0,20,0,0,0,6,2,1,2,0,0,2
"COG5200",0,70,8,0,42,11,21,32,6,2,0,5,19,9,3,40,1,2,0,0,2,40,1,0,5,6,3,0,1,1,8,0,0,2,2,1,0,8,22,0,0,12,0,0,1,11,0,13,4,15,0,1,0,1,9,11,8,0,0,0
"COG5201",0,31,67,2,53,47,19,26,23,9,0,16,12,23,26,114,2,15,0,8,2,26,21,34,19,0,16,0,16,0,8,3,0,1,0,6,0,5,31,0,140,9,4,1,8,4,0,7,20,38,3,26,0,21,5,19,6,3,0,4
"COG5202",0,141,52,0,103,53,44,31,0,1,0,3,13,23,6,1,1,6,0,0,0,3,0,0,0,0,13,0,2,13,6,0,0,1,2,1,0,3,62,1,1,33,0,0,5,0,0,0,7,8,2,2,0,5,0,12,25,5,4,2
"COG5204",0,51,10,0,14,13,2,8,1,1,0,2,4,2,0,18,0,0,0,0,0,8,0,1,2,1,4,0,0,0,0,0,0,0,2,0,0,2,3,0,0,5,0,0,1,7,0,3,1,3,0,2,0,3,3,4,1,0,0,0
"COG5206",0,111,32,0,89,39,36,29,16,10,0,7,29,34,3,98,0,5,0,2,1,67,0,1,4,2,12,1,1,0,13,0,0,0,2,3,0,7,42,0,1,17,0,3,7,8,0,13,6,41,1,13,0,10,6,19,21,1,0,4
"COG5207",0,242,100,0,230,70,130,71,8,7,0,12,69,75,9,136,1,43,0,2,7,59,5,11,5,5,50,1,9,0,23,0,0,0,8,7,0,19,122,0,2,63,0,2,8,10,0,15,7,46,5,12,0,27,7,39,35,11,1,6
"COG5208",0,96,25,0,62,23,34,18,2,2,0,11,21,20,4,46,1,9,0,2,4,3,0,4,1,3,18,0,0,0,7,0,0,0,2,4,0,4,19,0,0,11,0,0,2,6,0,6,6,5,0,8,0,4,4,19,15,1,0,1
"COG5209",0,88,40,0,97,50,56,50,0,9,0,7,24,24,0,55,1,7,0,0,2,42,2,3,0,6,11,1,4,1,8,0,1,0,5,0,0,12,42,0,0,20,0,2,12,22,0,18,5,36,1,8,0,8,9,21,17,0,1,4
"COG5210",0,1165,470,3,1049,506,452,353,65,38,0,77,242,302,43,1102,7,145,0,36,76,517,4,228,34,31,183,7,51,18,99,0,3,12,21,21,2,62,476,1,8,237,3,22,60,54,0,94,31,320,31,85,0,121,38,205,173,27,6,29
"COG5211",0,63,26,0,45,24,26,13,0,1,0,2,8,9,0,5,0,4,0,0,2,4,0,1,0,0,5,0,1,0,2,0,0,0,1,1,0,3,37,0,0,15,0,1,1,1,0,2,1,3,0,6,0,3,0,11,13,0,0,1
"COG5212",3,2,3,12,5,0,11,1,1,9,51,6,10,7,2,0,10,9,78,2,5,10,65,0,1,5,4,33,1,162,26,119,4,9,12,12,4,5,2,117,3,11,0,5,6,6,0,7,93,3,1,2,134,3,7,0,6,1,801,27
"COG5213",0,0,1,0,1,1,3,4,0,0,0,0,3,0,0,24,0,0,0,2,1,22,0,2,0,1,1,0,4,0,1,0,0,0,0,0,0,0,3,0,0,0,0,0,0,0,0,2,0,8,0,2,0,3,0,0,0,0,0,0
"COG5214",0,168,59,1,163,51,44,34,7,4,0,3,21,39,1,97,1,10,0,2,2,33,1,4,4,3,13,0,5,0,9,0,1,1,1,4,0,4,71,0,1,17,1,0,7,13,0,6,2,30,2,12,0,8,5,14,16,7,0,0
"COG5215",0,647,247,5,785,258,299,243,54,26,0,40,180,259,22,226,6,81,3,6,29,183,2,1,33,23,53,4,12,1,73,0,4,13,19,14,2,46,336,0,5,156,1,7,43,66,0,68,24,110,2,44,0,40,35,127,115,14,4,22
"COG5216",0,27,16,0,21,16,9,5,0,0,0,1,3,7,2,25,0,2,0,2,2,3,0,2,0,1,11,0,0,0,5,0,0,0,1,1,0,3,19,0,1,10,1,1,0,1,0,3,1,2,0,0,0,4,1,5,9,1,0,0
"COG5217",0,110,28,1,108,49,63,34,0,1,0,7,35,31,1,126,1,9,0,3,5,44,1,3,0,0,9,0,4,2,2,0,0,0,0,1,0,6,86,0,0,23,0,9,3,2,0,10,3,22,1,5,0,3,0,19,26,2,3,1
"COG5218",0,195,91,0,224,99,119,58,24,2,0,8,61,64,6,85,0,33,0,3,2,110,0,0,5,1,29,1,6,0,18,1,0,4,7,6,0,14,120,0,4,66,0,4,14,5,0,11,9,59,0,16,0,12,4,53,47,1,0,3
"COG5219",0,155,41,1,113,30,79,27,5,2,0,6,20,34,1,14,1,18,0,0,2,125,1,0,3,1,7,0,3,0,17,0,0,0,0,6,0,2,167,0,2,100,0,4,18,7,0,27,5,162,0,43,0,10,2,95,70,4,1,3
"COG5220",0,29,0,0,0,2,3,3,0,0,0,0,5,0,0,7,0,0,0,0,0,0,0,0,0,0,0,0,0,0,0,0,0,0,0,0,0,4,8,0,0,6,0,0,0,0,0,0,1,1,0,0,0,0,0,5,5,0,0,0
"COG5222",0,208,66,0,149,74,80,40,1,5,0,5,37,34,3,31,1,24,0,1,8,60,0,4,1,6,8,0,3,0,7,0,1,3,4,3,1,5,70,0,2,41,0,0,5,6,0,10,6,46,2,12,0,5,2,34,19,7,0,3
"COG5223",0,86,33,0,73,54,42,32,0,2,0,3,8,20,3,18,0,8,0,3,1,3,0,2,2,1,14,0,2,0,1,0,0,0,1,1,0,6,54,0,2,28,0,3,1,1,0,8,4,7,2,4,0,5,1,21,17,4,0,2
"COG5224",0,70,6,0,0,17,19,9,0,0,0,1,7,0,1,1,0,8,0,0,1,1,0,1,0,0,7,0,1,0,0,0,0,0,0,0,0,3,8,0,0,10,0,0,0,0,0,1,3,9,1,9,0,2,0,11,6,0,0,0
"COG5225",0,3,1,0,21,7,6,13,9,1,0,3,5,12,1,20,0,0,0,2,0,44,0,1,5,6,1,1,2,0,2,0,1,0,1,2,0,3,2,0,0,1,0,0,4,8,0,4,0,39,0,3,0,2,5,1,0,1,0,3
"COG5226",48,962,1883,20,1591,1617,589,439,168,120,32,428,450,561,114,215,33,68,23,70,36,135,327,218,230,65,226,20,117,25,98,3,16,68,81,1461,41,125,255,27,7914,73,133,140,159,76,9,353,162,215,40,92,2,244,45,356,253,1276,24,110
"COG5227",0,27,20,0,106,23,32,37,0,12,0,7,20,23,1,324,0,8,0,0,2,10,1,1,5,14,3,0,2,0,14,0,0,0,0,4,0,7,16,0,0,14,4,0,4,30,0,10,1,2,2,2,0,13,15,4,4,1,0,0
"COG5228",0,124,73,0,118,54,36,47,2,5,0,14,30,40,5,54,0,12,0,1,5,30,0,1,7,8,15,0,1,0,2,0,0,0,0,1,0,2,19,0,0,7,0,2,3,3,0,7,3,9,0,5,0,4,3,9,7,1,0,3
"COG5229",0,98,89,0,158,93,76,46,15,4,0,3,37,45,3,72,1,23,1,1,5,55,0,44,4,3,30,0,6,0,8,0,0,1,3,1,0,8,103,0,2,37,0,0,9,9,0,12,2,34,1,4,0,10,5,42,35,6,0,1
"COG5230",0,71,25,0,44,21,27,23,0,0,0,5,5,10,2,8,0,7,0,1,3,23,0,6,0,1,6,0,0,0,2,0,0,2,1,0,0,3,25,0,0,11,0,0,1,0,0,3,1,22,0,4,0,4,0,11,13,0,0,0
"COG5231",0,123,49,0,127,60,57,42,1,4,1,6,31,17,3,11,1,20,0,2,5,42,0,2,3,5,33,0,7,0,3,0,1,0,2,0,0,0,23,0,0,12,0,0,1,5,0,6,0,11,0,4,0,4,2,5,7,1,0,0
"COG5232",0,38,11,0,25,29,19,13,4,1,0,4,7,13,0,21,0,7,0,2,1,11,0,1,0,3,6,0,1,0,8,0,2,1,1,1,0,11,52,0,1,22,1,1,4,4,0,18,7,24,0,4,0,15,2,29,20,0,1,3
"COG5233",0,1,0,0,0,0,1,1,0,0,0,0,0,0,0,36,0,0,0,0,0,41,0,3,0,0,0,0,0,0,0,0,0,1,0,0,0,0,2,0,0,0,0,0,1,2,0,0,0,18,0,1,0,0,0,0,0,0,0,0
"COG5234",0,120,58,0,164,73,62,56,7,12,0,9,32,34,3,20,1,11,0,1,6,29,2,21,4,8,21,0,4,2,48,0,1,0,8,13,0,39,224,0,3,110,0,5,14,65,0,48,14,76,2,19,0,20,35,74,59,9,0,4
"COG5235",0,83,17,0,75,25,27,22,0,6,0,6,13,28,2,20,0,6,0,3,3,55,0,6,1,0,5,0,0,0,7,0,0,0,0,1,0,3,32,0,0,22,0,0,5,4,0,8,1,37,1,2,0,7,4,8,8,2,0,1
"COG5236",0,46,6,0,3,3,9,6,6,0,0,1,6,16,0,100,0,1,0,1,1,3,0,4,4,2,3,0,5,0,4,0,0,0,3,1,0,1,15,0,0,8,0,0,2,1,0,2,2,2,1,0,0,4,0,5,6,0,0,1
"COG5237",0,30,1,0,3,2,10,7,3,1,0,0,10,5,1,0,0,1,0,2,0,2,0,0,2,1,2,0,1,0,5,0,0,0,3,2,0,3,21,0,0,5,0,0,1,0,0,3,2,0,0,3,0,3,1,2,5,0,0,0
"COG5238",0,461,183,0,369,221,236,109,46,17,0,17,111,155,12,184,1,46,1,8,17,50,1,13,17,7,60,1,14,0,29,0,0,1,20,10,0,22,230,0,72,108,0,5,23,17,1,40,18,28,10,19,2,42,7,84,73,8,0,9
"COG5239",0,540,279,0,553,333,203,161,30,9,0,31,102,168,11,241,4,71,0,11,21,438,1,33,24,13,106,2,41,8,42,0,2,6,14,12,2,27,289,0,8,116,4,13,29,31,0,34,16,255,9,54,0,62,19,83,96,16,4,10
"COG5240",0,162,111,0,197,122,91,78,6,10,0,15,55,49,1,136,0,14,0,5,5,95,0,5,8,25,25,1,7,2,23,0,1,4,6,2,0,25,98,0,2,46,1,10,12,48,0,28,6,83,3,14,0,24,27,26,35,5,1,4
"COG5241",0,54,19,0,41,20,21,18,3,0,0,10,13,15,2,11,0,10,0,0,1,58,0,16,1,0,7,0,3,0,0,0,0,0,2,1,0,3,30,0,0,17,0,0,2,0,0,2,2,26,2,3,0,5,0,15,16,1,0,2
"COG5242",0,79,27,0,93,44,43,23,3,2,0,5,15,25,1,52,0,17,0,2,2,0,1,5,5,4,7,1,1,0,6,0,0,1,1,3,0,3,43,0,0,17,1,5,5,9,0,4,1,6,0,7,0,6,3,15,17,1,0,0
"COG5243",0,162,89,0,171,77,42,56,23,13,0,10,26,89,3,99,1,12,1,5,7,70,0,7,14,6,15,2,4,0,14,0,0,0,4,23,0,3,80,0,71,17,4,12,13,20,0,18,5,43,12,12,0,12,6,19,25,9,0,3
"COG5244",0,13,5,0,6,6,7,9,2,0,1,6,4,8,0,139,1,3,0,1,4,59,0,10,4,3,8,0,4,1,5,0,0,1,0,0,0,2,2,0,4,2,0,6,2,3,0,4,1,32,3,2,0,9,1,3,3,0,0,0
"COG5245",5,6239,1784,19,4860,2034,2078,1979,638,452,2,395,1598,2408,153,8473,41,517,2,115,280,1834,48,301,533,526,896,35,225,227,978,3,36,48,244,275,13,666,2122,1,37,1208,46,52,461,1474,0,618,222,950,144,280,1,608,826,718,724,45,127,183
"COG5246",0,77,28,0,59,36,31,18,4,3,0,2,19,21,2,19,0,6,0,4,1,50,0,18,3,1,11,0,1,0,8,0,1,1,1,2,0,5,40,0,0,6,0,4,4,3,0,7,1,18,5,11,0,19,2,10,12,3,0,0
"COG5247",0,58,37,0,71,45,31,15,0,0,0,1,10,15,1,1,0,11,0,0,2,2,0,0,0,0,7,0,1,0,4,0,0,0,0,0,0,0,30,0,0,13,0,0,1,0,0,5,0,4,0,2,0,0,0,18,16,1,0,0
"COG5248",0,75,18,0,44,29,28,19,0,0,0,2,14,13,1,0,0,13,0,2,1,0,0,0,0,2,6,0,0,0,2,0,0,2,0,0,0,3,28,0,0,11,0,0,7,2,0,3,4,4,0,2,0,2,0,11,9,1,0,0
"COG5249",0,44,18,0,54,20,22,22,5,2,0,2,11,18,0,49,1,2,0,1,1,39,0,1,2,1,3,0,2,0,9,0,0,0,1,2,0,6,36,0,0,8,0,0,3,1,0,2,1,17,0,0,0,0,0,14,12,0,0,0
"COG5250",0,49,20,0,36,22,18,11,0,0,0,1,12,11,1,1,0,3,0,0,2,0,0,0,0,0,6,1,0,0,1,0,0,0,1,0,0,2,28,0,0,11,0,1,1,0,0,0,2,2,0,1,0,2,0,35,6,0,0,0
"COG5251",0,55,13,0,64,24,10,13,0,2,0,1,10,12,1,6,0,5,0,0,2,1,0,0,0,1,3,0,0,0,1,0,0,0,0,1,0,0,22,0,1,7,0,1,2,0,0,0,1,4,0,2,0,4,0,9,12,0,0,0
"COG5252",0,316,149,1,4,167,99,40,0,1,0,12,27,0,5,1,1,32,0,2,1,2,0,0,0,1,30,0,3,0,2,0,1,1,6,0,0,16,37,0,2,60,0,0,0,2,0,17,10,23,0,21,0,7,0,42,17,0,1,0
"COG5253",0,394,221,17,661,302,265,237,43,65,2,65,136,230,20,351,8,73,0,16,20,421,5,55,34,72,72,4,22,24,81,0,18,12,9,45,9,58,232,0,90,136,13,32,42,103,0,91,12,239,8,36,4,61,87,89,80,23,14,17
"COG5254",0,1,0,0,1,0,0,2,0,1,0,1,1,0,0,41,0,0,0,0,0,4,0,0,0,1,2,0,0,0,0,0,0,0,0,0,0,0,0,0,0,0,0,0,0,0,0,2,0,0,0,0,0,4,1,0,2,0,0,0
"COG5255",10,139,271,85,121,209,195,176,15,55,8,223,108,147,69,1,57,36,138,103,5,68,161,143,97,67,95,87,59,55,125,21,77,67,301,17,27,324,139,120,417,84,151,115,109,153,4,175,76,138,4,49,21,48,47,191,152,157,42,34
"COG5256",3582,2399,1128,2323,1518,1289,1531,1724,62,894,3940,302,676,631,1728,335,2646,1152,913,447,271,623,719,171,208,420,496,2658,392,963,1745,610,2409,2431,112,210,2230,1082,1226,505,427,1816,784,453,1572,761,9,573,1854,485,96,443,902,650,614,1271,751,241,2932,1873
"COG5257",3134,1837,994,2187,1127,977,1034,1397,17,868,3720,227,425,505,1056,96,2636,879,886,376,187,314,566,51,216,268,298,2925,283,971,1710,626,2492,2301,94,123,2442,882,836,450,306,1490,736,333,1677,649,0,397,1248,222,51,344,785,318,522,1005,576,261,2912,1691
"COG5258",8,278,156,5,190,154,108,108,55,94,3,244,85,109,30,88,8,62,0,71,11,150,67,176,86,87,121,6,168,119,9,4,8,14,49,40,20,63,105,8,879,66,65,123,60,49,0,223,29,182,63,137,2,108,38,49,88,44,58,50
"COG5259",0,219,85,0,217,120,109,61,13,4,0,8,44,46,7,25,1,30,0,1,3,47,0,0,2,2,41,0,3,0,10,0,1,1,1,1,0,8,98,0,0,43,0,3,8,4,0,15,5,36,0,6,0,4,0,46,37,4,0,2
"COG5260",2,745,387,0,1571,420,406,531,39,318,1,185,290,387,26,595,4,121,0,127,31,205,206,31,105,189,142,3,81,8,194,0,1,4,34,95,0,136,619,0,12,151,332,127,96,330,0,94,68,145,70,122,0,135,291,321,270,247,8,20
"COG5261",0,5,7,1,1,2,4,1,0,0,0,2,1,4,0,46,0,4,0,3,0,93,0,34,0,0,8,0,4,0,0,0,0,3,0,0,0,0,0,0,0,0,0,0,0,0,0,0,0,62,2,2,0,9,0,1,0,0,0,0
"COG5262",58,174,73,1,191,82,96,104,14,21,26,33,64,68,52,266,19,25,0,16,54,183,39,36,13,12,59,4,9,30,43,0,14,10,5,15,9,51,85,1,341,47,21,13,15,47,0,36,37,76,10,16,0,45,21,75,34,13,21,23
"COG5263",37,1,2,3,0,0,0,3,0,0,2,0,0,0,0,0,11,0,0,0,0,0,0,0,0,0,0,5,0,1,3,0,3,10,0,0,2,0,0,0,0,0,0,0,1,0,0,0,0,0,0,0,0,0,0,0,0,0,2,1
"COG5264",14,15,1,0,20,1,5,11,0,1,3,7,6,4,1,40,0,1,1,13,0,33,0,16,0,5,6,2,2,0,9,2,0,1,0,1,0,13,2,2,0,8,0,0,11,14,0,5,0,23,1,1,1,7,3,2,0,0,0,1
"COG5265",2501,2607,1559,1676,1569,1597,1301,1273,1763,1134,3434,2063,1283,1007,390,6107,1049,1431,881,1170,4136,1661,395,1473,1168,1044,989,824,1488,2465,827,924,1421,1318,2330,883,1285,976,1737,955,1474,1258,347,1265,1129,700,3920,1045,545,1714,1431,2049,1219,1093,718,1363,1721,346,1122,795
"COG5266",8,1,0,67,32,0,1,3,1,21,16,0,0,26,4,0,1,31,34,0,15,15,7,0,4,2,0,18,37,108,5,1,2,14,3,105,25,2,0,7,0,4,3,30,9,10,596,0,25,1,4,6,10,38,42,0,0,2,97,0
"COG5267",830,2842,3290,7580,2455,3215,3474,3386,2085,1336,977,2721,2449,2340,5662,3751,6690,6289,3441,3027,1599,2480,3006,4270,2510,1628,2357,3619,2139,4104,3160,2073,6853,7756,3366,517,3307,2805,3306,2769,2638,7116,1995,2249,4279,1813,952,2642,2653,2688,3180,2402,1847,1878,1068,2973,3337,2796,1179,6140
"COG5268",14,1,0,65,13,1,10,6,10,2,18,0,1,13,16,0,32,26,15,0,22,15,1,1,5,5,4,27,32,59,7,5,15,26,7,136,28,10,1,5,0,5,3,2,7,5,151,0,6,4,9,23,9,5,6,0,1,0,21,6
"COG5269",0,141,64,0,159,71,73,38,16,2,0,5,31,51,0,103,2,12,0,0,2,186,1,1,7,1,22,0,8,1,16,0,0,6,4,2,0,4,65,0,1,36,1,3,10,7,0,7,5,94,0,12,0,5,5,27,24,1,0,3
"COG5271",1404,185,98,11,410,76,156,122,39,12,2548,52,103,117,44,4,3,55,11,42,16,50,26,13,56,41,115,9,19,7,222,83,11,34,147,2606,7,264,554,76,118,375,57,123,82,148,525,243,84,169,5,65,148,485,95,246,265,92,20,86
"COG5272",176,807,455,38,1031,464,470,390,166,188,802,339,224,376,474,605,44,242,52,103,61,667,170,214,247,99,194,62,167,37,152,37,17,80,127,1365,23,147,327,47,4981,329,192,155,147,263,170,250,84,453,115,186,37,386,160,291,210,342,39,141
"COG5273",0,1246,442,1,931,484,497,309,32,34,0,60,255,212,30,681,1,140,0,20,29,691,2,191,14,19,170,1,48,15,56,0,1,14,27,18,1,49,528,0,13,267,2,24,51,37,0,98,47,429,17,120,0,89,20,209,175,22,3,16
"COG5274",10,919,383,12,1017,515,406,275,57,57,5,89,250,284,52,386,18,116,3,23,25,144,24,67,86,37,104,13,33,2,53,0,16,27,41,126,8,126,526,4,346,212,17,24,80,61,1,118,39,176,6,111,0,122,30,191,200,60,4,61
"COG5275",0,91,8,1,1,8,17,15,3,0,0,0,22,6,0,15,2,4,0,1,3,5,0,10,2,0,7,0,1,0,3,0,0,1,6,2,0,6,23,0,1,13,0,0,1,3,0,2,4,3,1,4,0,3,1,13,10,0,0,1
"COG5276",4067,891,422,1220,1029,551,565,738,630,1447,3210,538,507,781,698,2008,1351,1536,1937,695,223,751,400,274,954,544,470,1609,661,1010,1096,3869,1361,1276,818,414,1238,1071,354,1877,155,1029,571,423,944,792,7894,650,561,582,556,1080,4063,540,1053,705,342,812,1134,1281
"COG5277",0,812,290,3,814,325,418,321,77,46,1,106,220,255,30,709,12,136,0,23,50,887,5,64,32,32,191,12,68,33,80,0,7,25,47,273,10,162,408,1,3,237,14,51,49,93,1,105,31,437,47,67,0,121,67,174,133,18,23,25
"COG5278",278,3,10,277,66,10,44,35,174,110,392,16,5,67,44,1,143,106,31,5,168,70,23,1,107,40,7,164,87,420,77,52,218,510,19,725,576,27,12,23,17,4,37,50,32,62,1245,5,22,43,22,57,61,46,80,7,3,13,651,55
"COG5279",29,28,25,441,32,34,30,40,31,58,198,31,10,66,19,47,452,36,75,46,17,23,9,3,99,12,9,510,41,249,212,74,547,429,36,8,227,5,34,63,17,32,12,8,26,55,11,14,13,31,2,34,72,39,99,34,52,4,232,51
"COG5280",1134,6,0,11,18,2,6,7,3,8,1409,27,11,13,5,10,7,4,12,19,30,13,7,14,3,23,35,5,5,0,22,11,2,5,5,260,3,0,13,8,103,10,8,23,5,2,138,23,1,4,0,5,59,62,7,10,9,9,3,17
"COG5281",2428,14,21,380,568,24,136,64,93,333,2027,859,259,320,237,1956,191,436,69,298,1292,865,62,125,290,749,736,122,557,1951,162,60,121,146,583,37447,501,914,98,52,110,297,583,670,172,479,2005,513,126,217,40,220,68,3698,548,59,121,119,694,246
"COG5282",113,218,166,607,416,175,260,373,11,53,58,43,143,133,366,1,671,360,657,171,16,182,206,1,4,25,90,900,109,431,437,857,727,564,138,10,686,254,262,700,5,489,11,129,400,9,1,142,420,41,13,41,1027,68,25,622,147,824,384,388
"COG5283",4033,137,85,275,393,78,128,74,18,371,5930,493,148,248,162,38,304,191,46,33,148,382,77,29,98,306,166,81,179,211,63,26,27,64,612,20632,165,286,122,111,1346,294,374,68,198,210,1327,282,86,84,79,55,82,814,139,142,85,269,123,161
"COG5285",2408,8662,9462,12920,5534,9500,8901,9587,6187,4453,1937,6520,5861,6087,5720,8323,14418,10739,9627,6647,1336,5852,6542,4523,5573,5573,5494,14854,4844,8545,9748,6146,14923,15306,6543,1282,12643,6964,8396,6905,6131,15768,4826,5245,11598,5340,1576,6299,6404,5953,5135,5427,5698,5425,4014,8905,7479,5697,5062,12962
"COG5290",0,314,92,0,266,102,140,94,0,2,0,10,47,61,10,0,1,40,0,3,8,4,0,0,0,0,33,0,4,0,4,0,0,0,4,1,0,9,147,1,2,96,0,2,8,0,0,14,15,17,0,22,0,9,0,65,34,10,0,3
"COG5291",0,155,54,0,164,38,73,68,10,4,0,10,38,45,4,76,0,24,0,6,12,82,1,3,4,5,16,1,3,2,8,1,1,1,8,6,1,11,71,0,1,31,1,1,9,17,0,20,7,40,5,13,0,20,14,20,28,2,0,2
"COG5293",371,2,0,18,5,2,14,2,10,20,44,4,1,1,7,1,78,90,76,3,376,11,2,0,8,1,0,59,72,107,45,10,12,26,4,116,108,7,8,7,34,1,2,10,5,0,143,18,31,1,5,7,9,4,0,0,11,0,43,21
"COG5295",1874,134,101,174,1453,121,215,225,319,381,2443,743,157,496,193,107,146,115,70,415,108,374,61,324,635,136,632,71,226,114,193,71,204,223,236,7517,402,85,430,73,947,220,240,205,171,269,3195,226,159,409,154,591,129,784,215,134,607,1007,105,182
"COG5296",0,71,18,0,56,20,17,11,3,0,0,2,15,13,0,16,0,7,0,0,0,1,0,0,0,0,16,0,1,0,8,0,1,2,4,1,0,7,72,0,3,40,0,0,12,3,0,10,10,10,0,8,0,7,0,40,21,1,0,1
"COG5297",556,19,34,74,68,24,54,28,39,22,1724,75,81,51,41,213,72,27,76,27,16,98,19,15,62,36,34,70,45,33,116,39,61,52,69,1065,48,13,30,65,106,21,37,59,12,48,92,135,25,62,9,17,89,141,23,45,16,26,27,41
"COG5301",4719,500,753,377,1772,616,799,1005,1064,1066,11153,2640,2093,1132,4598,109,144,2011,426,1870,450,2038,524,1700,1326,1637,7026,227,1799,354,1044,482,90,335,1665,46310,150,1015,2832,785,5230,1042,1946,3784,886,1613,18951,4457,268,1845,367,1337,646,5475,1279,985,1997,1013,401,730
"COG5302",39,1,0,70,2,0,2,0,21,28,53,0,0,5,2,0,19,37,18,3,625,15,1,1,12,2,0,31,34,188,12,17,2,20,1,29,28,3,0,10,2,2,0,3,5,5,140,6,9,0,1,16,13,1,9,0,2,0,14,6
"COG5304",10,3,0,27,3,0,0,1,2,2,4,5,0,0,2,1,19,6,8,5,3,0,0,2,0,1,0,11,4,7,1,9,13,15,12,14,9,10,0,16,1,6,0,3,0,0,3,1,1,0,2,6,11,1,0,3,0,0,2,0
"COG5305",829,73,111,368,261,110,69,195,51,119,480,90,56,108,117,94,391,108,317,65,85,126,98,95,17,81,40,532,92,356,313,481,424,380,62,72,387,106,35,420,12,232,97,66,150,81,288,79,207,215,18,71,560,65,52,251,27,100,292,253
"COG5306",706,215,74,302,82,92,137,251,82,136,516,354,74,68,207,0,231,191,222,82,72,32,39,268,93,107,53,415,71,208,146,119,224,434,211,100,213,347,97,216,82,364,5,64,466,65,27,81,364,32,119,104,228,60,99,214,69,5,373,461
"COG5307",0,1250,445,1,1043,485,607,296,21,13,0,58,259,228,29,122,4,137,0,14,27,126,0,22,7,4,134,2,31,7,43,0,3,5,31,14,1,51,544,0,9,286,1,18,52,10,0,67,30,147,11,85,1,49,4,256,210,18,7,17
"COG5308",0,278,61,0,201,69,132,81,8,6,0,5,47,38,10,41,2,50,0,2,9,7,0,15,4,0,31,0,1,0,13,0,3,0,2,2,0,8,119,0,2,70,0,6,9,5,0,30,7,12,0,14,0,7,0,55,42,5,0,5
"COG5309",793,573,241,62,168,238,200,81,20,54,816,466,92,57,24,1148,70,87,477,121,38,120,24,628,16,49,73,106,78,36,68,153,26,53,292,7,22,29,65,223,423,36,23,41,19,20,119,31,5,33,12,32,186,13,26,82,79,92,3,12
"COG5310",1,2,1,12,13,2,4,3,1,4,6,6,3,2,4,0,5,8,2,6,5,5,1,0,1,2,0,8,6,50,4,4,23,5,26,298,14,29,15,8,7,19,10,9,22,7,7,8,24,13,7,28,10,6,14,53,15,0,13,16
"COG5314",69,5,0,296,44,1,31,13,50,59,96,11,6,36,70,1,103,126,72,0,101,64,13,0,14,23,3,136,152,253,55,26,105,143,48,459,121,39,3,20,6,12,16,36,20,19,863,11,22,23,45,79,17,12,21,9,0,0,88,48
"COG5316",1772,470,638,702,392,649,503,666,381,448,1586,173,354,561,687,3,1047,617,1642,589,48,270,1200,304,420,432,354,1164,326,553,871,1746,1042,589,223,87,968,574,324,1573,392,782,1914,273,717,732,1054,376,921,127,135,213,2024,366,568,689,301,1109,729,619
"COG5317",14,1,0,60,14,2,8,3,7,8,8,2,1,6,3,0,17,31,10,11,6,17,2,0,1,3,0,33,20,36,8,9,12,13,10,13,28,10,3,10,2,13,0,11,30,2,424,1,0,2,9,15,12,15,8,17,0,0,24,2
"COG5319",422,1042,1534,619,1286,1451,1410,1261,1668,558,509,1464,1260,1140,1523,885,698,846,837,1229,51,1327,1648,2781,1349,1135,1090,517,1016,427,936,1155,630,972,1427,950,589,1472,1341,998,1732,1008,1509,1526,1099,1350,1565,1399,882,1605,1798,786,995,1487,566,1242,1446,1610,320,1083
"COG5321",35,93,102,136,168,67,122,107,160,91,790,94,84,104,37,77,80,112,24,44,41,89,46,28,202,92,51,41,90,137,60,39,79,86,142,26,71,64,98,28,16,187,37,90,132,56,690,68,12,70,50,147,44,66,87,86,100,31,36,89
"COG5322",57,216,161,224,510,207,551,338,857,3685,62,862,1733,1575,317,0,38,1125,154,1350,137,1647,177,128,1017,2987,2372,102,2704,165,267,31,33,466,1049,149,73,976,840,189,41,359,596,1417,225,1410,14,1453,223,1887,764,3363,85,1720,4882,511,1407,60,474,84
"COG5323",1489,21,12,223,101,16,69,56,132,35,1404,127,36,57,147,17,187,177,31,67,142,461,22,362,75,75,268,92,263,239,71,43,180,217,186,7998,155,36,37,18,106,104,64,89,52,67,2179,35,57,46,58,65,61,362,84,27,27,25,48,86
"COG5324",0,0,0,9,0,0,2,1,0,1,0,0,0,0,0,0,8,3,5,0,6,0,0,0,0,0,0,0,0,2,5,0,5,8,0,0,8,0,0,0,0,0,0,0,0,0,0,0,0,0,0,2,1,0,0,0,0,0,0,1
"COG5325",0,223,90,1,126,83,75,50,10,7,0,14,45,57,7,91,1,21,0,3,3,61,2,9,5,5,25,2,10,3,13,0,2,0,7,10,0,8,70,0,31,36,0,8,12,8,0,11,9,45,5,11,0,39,4,39,34,5,2,1
"COG5328",40,226,260,131,297,258,226,228,211,214,27,193,216,234,115,75,95,217,40,138,29,194,146,114,224,210,118,58,225,141,100,63,119,110,298,32,106,189,226,53,91,237,99,167,207,163,600,190,99,203,100,280,68,168,156,223,247,112,38,142
"COG5329",0,445,136,2,306,173,166,110,23,3,0,18,77,75,11,106,3,51,0,9,14,172,0,24,14,9,46,0,12,0,25,0,0,5,10,6,0,19,163,1,2,108,1,9,23,19,0,35,11,90,6,31,0,20,9,70,89,9,0,6
"COG5330",75,25,5,219,89,11,28,28,32,72,171,13,20,77,22,2,48,102,48,72,44,134,20,10,25,31,10,57,142,165,10,246,71,119,109,71,65,63,29,77,6,176,8,63,240,37,4811,12,15,21,88,72,332,100,38,96,3,4,190,60
"COG5331",515,350,308,295,259,331,242,329,233,189,470,249,186,341,270,350,257,332,196,329,377,368,429,298,250,347,245,307,272,384,234,311,289,260,203,225,289,214,288,212,130,185,596,238,302,367,204,256,286,228,392,238,289,280,223,294,316,403,254,194
"COG5333",0,258,114,2,161,129,85,57,13,7,0,9,40,53,7,176,3,23,0,0,6,140,0,1,4,14,21,0,12,0,21,0,1,3,3,6,0,9,68,0,1,42,0,8,8,21,0,25,10,100,1,17,0,12,21,46,26,5,0,3
"COG5336",241,603,758,309,501,806,843,696,815,149,228,613,742,548,1001,485,393,366,447,626,21,685,883,713,533,500,489,315,537,205,509,626,354,526,615,97,332,820,742,490,853,404,667,774,512,642,337,765,905,695,755,277,487,629,193,669,661,792,214,575
"COG5337",3250,2500,2611,2936,2384,2517,1953,3189,1632,2213,3298,1777,1707,1737,1345,3125,2942,2976,5698,1276,392,1591,1273,268,2050,783,1164,3518,1485,2066,3096,3805,2862,2515,1276,199,2354,1890,994,5168,320,2381,1183,688,2054,1710,102,1651,1875,1063,609,1714,4157,1269,1518,1665,844,1846,788,2563
"COG5338",34,1,1,122,19,1,20,12,7,34,68,9,0,11,19,2,61,50,10,7,345,27,4,4,2,11,1,41,29,71,9,47,81,93,13,15,41,27,0,11,1,4,6,28,9,11,1542,0,7,3,8,26,85,15,20,16,0,0,60,17
"COG5339",7,0,0,4,0,0,1,0,3,4,5,9,0,0,0,7,5,2,0,2,25,1,0,0,0,0,1,9,1,15,8,3,1,6,28,7,23,4,3,0,2,2,1,0,0,0,4,1,4,0,2,3,5,0,2,5,0,0,22,15
"COG5340",24,0,2,10,16,2,7,2,3,13,33,0,5,3,2,0,29,2,2,0,16,17,0,0,4,1,0,14,9,1,2,5,12,1,3,2,3,2,0,3,0,0,5,5,1,3,0,4,0,5,8,6,7,1,6,1,0,3,0,7
"COG5342",2,18,22,18,42,19,17,27,62,24,7,34,29,38,7,17,11,20,44,23,3,27,22,45,62,40,13,9,24,9,97,148,39,22,158,7,94,29,92,183,38,91,51,73,105,77,21,57,16,86,171,85,180,51,69,82,109,37,6,19
"COG5343",61,0,1,133,20,2,17,4,31,66,114,19,1,19,11,0,20,69,56,7,55,20,10,2,5,8,1,80,77,246,26,6,30,44,8,343,170,9,5,14,8,10,7,16,13,5,154,5,35,11,5,43,15,114,17,5,3,2,269,18
"COG5345",1050,119,54,461,132,61,138,110,326,382,800,301,123,158,72,1092,93,394,269,276,2784,326,43,209,215,166,96,228,435,1187,142,224,63,140,236,788,476,95,72,146,52,242,61,168,193,157,1060,217,272,281,159,513,299,292,138,127,88,19,754,179
"COG5346",2,0,0,2,7,1,1,1,2,0,2,0,0,0,1,0,7,0,1,0,1,0,0,0,0,1,0,2,1,4,0,0,0,3,4,0,1,2,1,1,0,0,0,0,0,1,29,0,2,1,0,3,1,0,1,0,0,0,2,0
"COG5347",3,607,165,1,316,169,234,106,24,3,0,23,100,101,14,349,5,61,1,7,16,361,1,47,9,6,52,0,18,2,20,4,2,13,15,7,5,19,212,2,18,112,1,6,33,14,0,38,22,225,13,35,2,32,15,93,71,9,3,11
"COG5349",45,140,132,209,131,141,121,120,152,81,56,233,79,94,141,78,117,140,56,114,48,197,77,107,82,88,144,60,158,145,52,80,139,114,161,33,100,98,109,84,55,164,51,144,142,81,1130,105,52,149,116,103,88,119,59,107,100,52,53,73
"COG5350",14,124,216,93,120,215,147,146,328,52,8,229,95,207,202,6,94,143,142,153,8,148,226,268,321,177,161,76,133,65,143,83,83,122,167,10,94,168,114,237,54,214,206,213,256,173,211,172,82,181,486,90,75,115,55,113,129,199,58,163
"COG5351",7,5,4,10,12,4,8,5,12,16,26,14,6,16,1,3,1,6,21,41,8,6,7,14,4,3,9,9,8,4,10,15,6,14,24,25,76,12,4,23,0,45,23,52,47,36,2,33,7,23,36,24,13,47,32,58,3,3,25,16
"COG5352",581,1583,2051,725,1608,1937,1924,1809,2269,617,2321,1856,1700,1644,2230,1266,830,1027,891,1648,82,1781,2237,2950,1731,1376,1331,639,1387,502,1140,1224,808,1093,1768,278,648,1944,1762,1060,2170,1256,1877,1864,1582,1795,1020,1778,1667,1995,2470,947,1076,1644,653,1754,1762,2127,418,1627
"COG5354",0,393,157,0,290,188,153,92,26,7,0,13,88,111,10,136,1,51,0,3,15,72,0,62,10,5,69,5,9,0,25,0,1,4,13,7,0,18,198,0,3,83,2,9,17,17,0,25,12,101,3,21,0,25,10,68,54,7,0,8
"COG5360",1546,4127,6035,2312,4966,5419,4899,4823,6256,2371,1711,5106,5157,4500,4448,4207,2819,3323,3395,4410,223,5366,6552,6006,5595,4432,4075,2035,4372,1865,3844,4732,2355,3901,5993,692,2326,5675,5872,3954,6608,3638,5374,6078,4324,5018,2384,5527,2107,6088,6612,3265,3949,5003,2418,4638,5601,6368,1739,4101
"COG5361",41,413,69,204,247,108,302,168,363,855,74,258,358,388,66,81,85,121,53,78,160,142,74,61,60,203,62,159,217,171,218,132,56,63,565,585,190,145,127,62,93,107,38,88,132,138,368,123,74,109,38,172,122,119,431,205,213,33,52,57
"COG5362",11597,456,412,341,2048,368,356,648,1587,632,41261,1755,697,1063,1093,396,228,661,218,1019,246,2968,409,1949,1582,1885,4292,188,1170,231,440,583,89,571,1850,117734,146,360,805,783,1088,2251,1160,1960,458,1110,138452,1013,467,997,296,364,855,6999,1140,817,688,582,203,407
"COG5368",81,32,95,178,425,92,159,168,232,290,163,206,67,182,70,537,207,170,63,70,67,68,46,76,270,97,32,63,140,252,205,17,393,119,101,79,641,149,119,51,15,59,197,71,109,233,906,86,38,88,168,194,25,104,322,92,93,220,154,83
"COG5369",0,0,0,0,4,0,0,0,4,0,0,0,0,11,0,0,0,0,0,0,0,0,0,0,0,0,0,0,0,0,2,0,0,0,0,0,0,0,0,0,0,0,2,0,2,2,0,0,0,0,0,0,0,0,0,0,0,0,0,1
"COG5371",0,637,164,1,335,161,198,114,26,5,0,16,86,92,8,180,0,45,0,4,16,132,1,3,10,6,56,1,9,1,28,0,4,3,13,7,0,9,203,0,1,107,2,9,13,17,0,31,18,81,1,63,0,21,9,86,90,5,0,9
"COG5373",380,48,14,333,40,31,69,57,182,163,552,52,7,38,355,315,203,236,162,74,1394,64,55,5,65,12,13,162,110,947,92,54,93,236,27,737,578,29,50,104,13,370,96,30,204,53,126,39,589,34,28,73,103,100,72,57,21,31,1046,281
"COG5375",67,34,28,157,49,26,77,54,64,66,35,76,38,49,38,1,88,158,74,46,27,81,22,40,41,49,68,51,85,121,31,118,91,129,83,27,100,66,66,97,9,139,20,76,101,53,940,49,13,63,67,77,118,54,53,46,49,11,63,126
"COG5377",3572,21,31,523,229,35,66,86,136,253,3664,142,65,93,75,1001,110,192,213,131,1919,258,58,110,123,298,561,179,219,1058,174,223,51,149,136,7456,309,48,123,171,305,132,80,139,99,104,1290,153,118,83,25,114,271,516,171,71,102,108,440,167
"COG5379",11,105,45,62,107,51,56,49,17,27,81,19,65,51,28,3,60,44,10,31,2,38,21,58,6,9,20,42,33,69,87,18,133,102,108,31,167,73,212,20,110,152,108,38,93,59,750,105,45,127,42,153,54,68,53,134,83,66,407,111
"COG5380",28,3,1,404,40,1,8,19,68,157,118,10,1,28,50,1,14,98,65,2,222,33,12,11,17,14,2,114,135,323,26,11,12,57,17,413,145,13,11,24,10,15,11,20,25,25,9,12,39,12,7,52,9,73,33,3,3,1,177,8
"COG5381",0,1,1,0,2,0,4,0,0,3,0,0,0,2,0,0,0,2,1,0,0,0,0,8,0,0,0,0,0,0,0,0,0,0,0,0,1,0,2,0,0,0,0,0,8,1,0,0,0,0,0,0,0,0,1,0,0,0,0,1
"COG5383",18,0,5,52,11,4,5,5,5,102,10,10,6,30,5,1,51,15,1,0,7,18,5,0,3,3,2,17,7,63,15,3,14,27,13,45,23,3,5,0,2,7,5,31,9,12,657,2,13,3,0,18,2,8,24,1,3,2,83,3
"COG5384",0,179,83,1,193,84,60,46,5,2,0,4,39,36,1,29,0,24,0,1,4,46,0,1,1,3,21,0,5,0,5,0,3,1,3,2,0,6,88,0,1,32,0,4,6,5,0,4,9,50,0,8,0,2,1,39,38,7,0,0
"COG5385",11,6,0,59,12,2,14,5,6,7,18,18,5,7,14,0,26,33,6,4,7,15,6,10,4,5,3,20,17,42,21,70,121,132,45,39,83,22,14,24,14,59,3,28,48,9,1282,5,13,19,27,41,89,23,13,26,8,2,42,66
"COG5387",81,348,285,175,440,268,342,323,379,364,63,392,295,334,90,125,111,346,61,180,43,320,107,196,419,341,271,56,291,190,159,100,121,129,491,34,108,211,416,94,114,396,151,298,377,274,1119,275,32,371,290,524,129,264,241,244,408,114,193,184
"COG5388",7,2,2,36,20,1,3,6,9,20,18,20,4,12,10,1,4,23,0,1,13,12,2,0,2,2,2,13,18,32,2,9,18,13,21,14,19,33,1,0,2,20,0,2,37,7,2805,5,0,3,17,6,5,8,5,5,6,0,6,4
"COG5389",54,297,434,128,253,419,298,346,357,194,25,437,225,264,241,173,81,275,127,280,17,283,236,319,272,290,249,98,234,106,164,157,82,122,389,27,86,241,267,256,124,326,177,249,281,191,934,282,152,369,306,327,166,217,160,364,336,155,167,218
"COG5391",0,239,110,1,410,147,163,82,15,9,0,17,80,109,5,221,1,27,0,3,12,134,1,9,8,3,52,0,11,5,21,0,0,2,6,10,0,13,208,0,1,83,0,14,28,23,0,26,6,68,4,14,0,21,9,53,75,9,4,6
"COG5393",2,0,0,1,0,0,0,0,0,1,13,0,0,0,0,0,0,3,0,0,1,0,0,0,0,2,1,1,3,5,0,0,0,14,0,0,0,0,1,1,3,1,0,2,0,0,0,0,0,2,0,0,0,0,2,0,0,0,7,1
"COG5394",462,106,111,186,198,107,219,194,267,195,694,265,210,125,98,42,118,223,1230,197,929,338,108,236,181,197,189,146,258,471,977,2073,155,154,432,205,167,207,354,1733,48,327,45,273,187,105,1466,179,115,224,252,269,1858,279,101,181,282,44,820,158
"COG5395",27,104,158,76,98,157,172,55,26,34,35,63,259,43,31,269,17,75,9,25,14,86,16,32,15,35,666,41,78,70,17,26,18,14,308,14,54,65,982,3,224,369,1,105,79,9,299,256,74,57,11,72,19,44,13,62,1121,37,43,32
"COG5397",8,1,0,25,4,0,5,1,6,8,15,1,0,4,3,0,4,16,3,0,15,9,0,0,0,1,0,15,9,16,2,17,9,10,3,1,9,15,0,9,0,0,0,11,1,5,375,1,1,1,2,4,22,1,4,1,0,0,4,7
"COG5398",150,257,238,81,687,283,666,660,994,2146,421,1504,2584,1044,440,36,81,970,374,2362,230,1484,169,297,659,2209,7545,75,2140,29,635,6,45,165,918,1370,47,832,793,470,319,601,579,2299,368,1008,1042,3503,159,1983,423,2659,23,2419,2874,964,1122,176,18,313
"COG5400",46,30,7,151,27,9,33,24,43,22,17,24,11,24,51,1,113,77,22,14,16,43,12,31,17,10,15,57,62,98,27,35,111,95,28,14,113,32,12,11,8,75,18,17,55,13,112,19,3,18,54,47,31,21,11,11,12,7,30,75
"COG5401",0,15,14,0,5,9,7,15,0,1,0,0,5,4,9,0,0,5,0,4,0,0,4,0,0,0,1,0,0,0,1,0,0,0,3,8,0,10,2,0,1,30,0,1,18,0,0,1,14,0,0,0,0,1,0,42,8,3,0,0
"COG5402",2,86,122,29,119,158,146,139,205,16,1,257,185,168,307,119,15,44,86,284,2,239,274,414,94,171,341,49,148,26,65,2,88,52,150,45,22,176,112,130,90,96,197,376,115,186,3,331,152,226,268,56,3,209,35,212,129,215,25,42
"COG5403",1,0,1,31,0,0,2,1,0,0,2,0,1,0,0,0,0,11,0,0,3,1,0,0,0,2,0,10,0,15,0,2,11,3,2,2,2,1,0,0,0,0,1,0,3,0,243,0,0,0,0,0,0,6,1,2,0,0,3,1
"COG5404",7,0,0,112,0,0,2,5,17,35,44,0,0,7,6,181,0,36,22,0,47,14,0,3,1,1,1,30,45,122,7,2,3,9,0,99,36,2,3,4,1,2,6,8,7,2,5,2,12,6,1,7,9,22,3,3,1,0,43,0
"COG5405",1890,1961,2215,1736,2076,2059,2502,2062,2453,1026,1433,2132,2027,2075,2652,1579,1932,1684,2117,1924,1510,2098,2546,2501,2109,1470,1603,1709,1801,1627,2010,2850,1789,1978,1901,784,1778,2446,2135,2415,2150,1752,2242,1975,2151,2137,1231,2113,2633,2011,2236,1286,2526,1840,899,2135,2051,2737,1084,2339
"COG5406",1,353,132,0,321,160,165,104,21,14,0,13,86,90,4,70,0,39,0,7,9,156,1,3,11,12,45,1,10,0,30,0,1,6,9,6,0,19,164,0,5,78,0,7,21,14,0,28,7,91,2,19,0,26,13,68,36,3,0,7
"COG5407",0,333,131,1,251,142,133,91,7,21,0,20,53,59,11,158,0,33,0,6,10,114,15,33,22,22,54,0,8,0,25,1,0,3,10,21,1,20,106,0,19,59,2,2,13,34,1,33,14,69,10,24,4,34,31,46,30,11,2,4
"COG5409",0,340,134,1,303,132,118,87,8,11,0,13,85,68,3,5,2,8,0,2,8,31,0,2,1,10,37,2,6,0,21,0,0,2,10,2,0,33,150,0,3,49,0,1,16,19,0,18,13,28,4,4,0,15,15,38,50,3,0,1
"COG5410",19036,637,516,653,3063,477,661,1054,2175,943,74667,2662,1101,1654,1896,1621,285,1101,465,1535,538,4413,628,2677,2156,2848,6172,225,1817,429,772,1143,176,992,2801,170588,196,545,1171,1817,1905,5016,1807,3018,780,1761,196096,1478,764,1575,355,617,1514,10721,1833,6209,1005,955,317,996
"COG5411",0,483,193,1,346,229,192,117,41,12,1,31,99,127,6,596,2,69,0,9,20,448,6,16,16,11,99,3,32,20,37,0,0,16,16,10,0,27,163,0,63,111,4,13,27,30,0,43,10,243,7,39,0,49,23,89,73,8,6,7
"COG5412",528,9,11,5,23,6,17,5,42,19,823,212,48,19,20,14,2,23,1,26,4,62,8,38,12,70,13,5,14,2,11,11,1,2,7,772,0,3,16,10,4,30,40,28,18,22,150,97,4,22,3,13,16,94,39,14,7,11,1,8
"COG5413",2,146,53,0,269,67,240,71,69,141,0,82,431,395,6,0,3,226,65,53,16,40,7,18,9,22,41,2,30,6,70,1,1,12,628,6,1,146,238,91,5,86,0,4,58,19,2,68,21,80,1,138,0,20,108,188,405,1,0,36
"COG5419",13,3,0,113,32,0,9,5,16,19,29,10,1,32,16,1,29,51,60,1,72,17,0,0,9,6,1,82,76,117,10,2,9,9,15,90,13,5,1,9,2,2,1,4,1,9,226,0,3,4,6,7,1,2,4,1,0,0,20,6
"COG5421",1046,5,6,951,56,19,55,8,276,509,2286,20,37,48,58,3,746,971,390,3,15466,299,7,7,331,19,6,259,606,3610,348,573,157,689,51,637,400,25,13,595,19,28,10,30,84,190,0,69,244,11,62,241,940,120,296,101,15,5,468,124
"COG5422",0,5,7,1,13,9,12,15,0,7,0,5,19,10,1,371,0,4,0,6,0,108,0,1,1,5,19,0,14,0,5,0,2,0,2,0,0,15,13,0,0,4,0,18,1,6,0,18,5,43,2,5,0,21,5,6,3,0,0,2
"COG5423",40,9,2,16,0,4,4,11,0,0,20,0,0,0,0,0,13,15,129,0,4,0,0,0,0,0,0,7,0,6,29,309,8,15,0,0,10,0,0,271,0,2,0,0,32,0,0,0,3,0,0,0,436,0,0,2,0,0,1,145
"COG5424",1594,1085,750,2133,738,806,915,1251,636,474,397,512,776,654,1647,177,2307,1170,796,630,1750,705,905,1057,670,727,502,2113,735,1575,1145,389,1890,2239,661,421,1979,926,680,404,631,1235,1171,756,1655,829,55,863,1339,689,309,459,310,773,493,1105,524,1232,2387,1898
"COG5425",63,5,12,70,16,7,21,20,30,8,194,69,32,5,107,29,37,21,48,35,5,76,20,8,12,9,21,19,60,47,23,34,16,50,21,91,15,15,13,21,8,48,9,36,18,18,319,44,36,45,21,14,35,132,12,46,8,4,41,32
"COG5426",57,72,45,122,200,45,58,77,11,79,48,73,57,96,26,6,122,328,72,16,45,94,15,65,19,11,33,130,87,55,51,114,114,123,47,6,61,36,39,49,18,185,15,17,225,21,7,34,14,29,19,31,78,47,63,130,26,8,41,199
"COG5427",212,501,326,1534,650,359,581,635,0,95,146,14,378,441,2444,0,1345,3569,360,546,443,83,690,39,2,65,211,514,94,752,264,229,1294,1549,303,65,521,664,660,498,2,3595,95,140,2065,40,0,351,534,59,0,41,201,250,18,564,346,1751,430,2487
"COG5428",5,0,0,11,0,0,0,0,2,0,1,0,1,0,0,0,7,0,0,0,0,0,0,1,0,0,1,1,0,3,2,6,8,7,4,0,13,1,2,1,0,3,0,1,2,1,0,0,0,0,0,0,11,0,0,0,0,0,0,1
"COG5429",549,43,37,240,78,38,42,80,60,144,372,73,24,40,25,85,81,146,61,28,1432,74,40,16,39,19,6,100,79,579,70,101,145,106,56,263,154,70,9,39,16,88,12,27,87,21,1231,45,89,11,29,56,159,48,28,32,8,0,690,67
"COG5430",9,14,0,37,0,0,4,2,5,1,2,1,0,2,3,26,16,6,0,1,7,5,0,0,0,1,0,21,5,20,20,7,74,128,8,385,107,9,2,1,40,0,14,13,7,6,3,0,1,0,20,15,3,4,2,1,0,1,18,25
"COG5431",0,1,0,1,0,0,0,1,0,0,0,0,0,0,9,0,1,7,0,0,0,0,0,0,0,0,0,0,0,0,0,0,0,0,0,0,0,0,0,1,0,15,0,0,6,0,0,0,0,0,0,0,0,0,0,1,0,0,1,3
"COG5432",0,64,27,0,81,27,25,14,0,2,0,0,17,11,0,0,0,3,0,0,4,11,0,1,0,0,2,0,1,0,1,0,0,0,0,1,0,4,37,0,4,6,0,0,3,0,0,0,4,4,0,0,0,3,0,16,10,0,0,2
"COG5433",2987,13,10,530,55,28,92,9,374,688,1712,16,59,79,49,22,749,474,434,10,17106,316,15,6,502,53,10,152,386,4759,285,495,97,523,165,1100,331,98,15,478,9,36,18,12,126,240,525,87,136,33,89,243,561,454,365,92,16,2,649,166
"COG5434",1790,216,111,267,251,150,187,305,375,197,848,344,93,100,118,296,336,425,438,223,3075,129,209,273,246,106,90,172,248,958,371,106,544,100,89,542,1639,59,109,398,225,133,391,53,100,229,82,113,375,81,71,120,83,140,123,165,92,188,463,114
"COG5436",10,56,85,70,101,87,70,110,183,29,5,188,113,142,188,61,94,35,128,221,0,103,179,427,64,152,129,148,88,55,103,9,134,88,79,37,75,93,32,127,53,71,138,236,89,134,1,114,121,170,169,45,1,129,27,125,27,155,93,83
"COG5437",66,1,11,62,30,6,12,9,32,7,48,23,12,18,21,7,28,31,8,18,15,86,4,111,34,27,74,22,64,58,9,8,34,35,63,2396,38,12,13,4,29,17,23,32,6,20,267,8,24,12,18,21,4,110,13,8,4,10,6,26
"COG5438",6,37,27,14,50,32,77,59,0,8,7,0,22,26,51,0,22,125,7,38,23,8,21,1,2,0,8,27,15,1,11,4,38,71,28,5,27,67,15,9,1,117,2,8,83,2,0,13,17,14,1,16,12,9,5,47,25,38,2,118
"COG5439",0,0,0,0,1,0,2,0,0,6,1,0,0,2,0,0,0,4,0,0,0,0,0,6,0,0,0,0,0,0,0,0,1,0,0,0,1,1,0,0,0,2,0,0,4,0,0,0,0,0,1,0,0,1,0,0,0,0,0,1
"COG5440",10,74,50,18,243,66,184,62,0,144,4,2,63,45,31,0,14,97,24,55,6,71,144,0,16,11,51,4,71,3,36,9,38,17,4,27,9,77,145,6,0,305,79,41,48,80,0,55,92,31,9,67,11,51,68,50,54,42,4,22
"COG5441",1221,305,217,237,334,223,189,195,239,187,1161,457,159,233,51,274,132,382,935,130,89,238,59,54,344,213,129,208,180,115,400,1371,172,168,173,17,117,131,188,1411,69,364,76,109,322,193,133,151,33,171,78,205,1660,112,193,209,180,64,24,271
"COG5442",5,23,16,27,13,24,26,21,10,52,10,16,17,23,8,0,6,49,3,35,6,25,4,5,9,23,13,12,31,50,3,10,16,9,45,12,23,22,27,2,0,43,3,32,42,20,853,25,6,17,21,18,7,34,15,21,16,3,20,44
"COG5443",5,36,13,80,24,28,38,16,15,48,35,20,22,41,9,0,43,74,6,45,13,46,3,11,8,24,19,24,39,70,12,33,64,62,26,14,34,54,23,8,3,71,5,23,59,17,883,15,4,22,19,20,44,34,15,34,22,5,21,57
"COG5444",9,0,0,17,0,1,12,4,0,109,11,1,21,12,3,0,31,3,0,0,23,19,0,0,4,1,0,16,13,6,0,1,1,13,1,5,8,0,0,0,1,0,0,9,6,0,14,7,1,3,8,1,1,2,1,0,0,0,1,68
"COG5446",57,146,78,433,65,107,92,145,30,69,33,45,51,82,41,265,430,101,339,63,30,66,7,21,12,38,49,394,46,187,320,286,362,332,88,17,314,59,142,371,10,228,6,61,138,30,47,58,28,25,11,51,280,57,20,109,92,19,134,208
"COG5447",6,71,100,40,112,91,70,106,137,91,30,131,98,99,14,73,16,96,27,66,27,99,25,89,155,106,66,5,90,37,53,12,32,21,152,9,20,57,113,25,38,128,36,92,100,79,433,82,19,118,76,198,29,81,81,95,126,45,22,48
"COG5448",31,0,0,49,9,1,11,6,5,3,82,2,2,2,23,0,33,30,7,6,10,8,0,1,1,6,0,20,32,76,39,26,182,161,44,44,140,26,2,11,2,5,5,19,20,5,190,0,29,6,19,36,31,17,12,8,1,0,50,40
"COG5449",219,2,1,171,15,2,27,13,25,44,850,3,0,7,38,5,79,68,11,22,63,36,8,3,2,2,6,57,54,254,24,21,129,82,27,116,129,33,9,35,3,7,0,14,15,8,281,5,36,9,24,27,25,50,12,22,0,0,81,32
"COG5450",1,0,0,5,4,0,0,0,1,0,0,1,0,0,0,0,1,0,0,0,0,0,0,0,0,0,0,8,1,6,0,0,2,4,0,0,0,1,0,0,0,0,0,0,0,0,0,0,0,0,0,0,0,0,0,0,0,0,1,1
"COG5451",0,0,0,8,5,0,1,0,0,1,1,0,0,1,0,0,0,3,1,0,0,3,0,0,0,0,0,5,1,13,0,0,3,0,1,1,0,2,0,0,0,0,0,1,0,0,0,0,0,0,0,0,0,0,0,0,0,0,0,1
"COG5452",259,311,376,267,288,337,277,330,333,152,390,319,237,221,292,38,238,371,216,277,32,313,278,459,214,222,175,140,236,176,288,748,157,263,272,34,178,341,274,275,180,405,241,253,287,208,845,268,137,290,331,185,667,242,152,265,220,240,195,377
"COG5453",7,6,3,45,1,5,3,2,10,2,7,2,6,1,3,79,52,11,22,0,32,8,3,3,1,3,0,36,6,30,15,1,33,48,11,6,32,4,6,24,2,10,1,0,9,4,45,7,1,5,2,3,4,17,2,1,1,0,4,10
"COG5454",8,21,23,15,15,13,22,22,44,15,3,26,34,20,20,3,5,18,7,23,0,22,12,53,18,23,10,6,27,11,5,26,17,14,28,5,5,18,23,22,24,37,21,23,25,25,96,31,6,17,8,5,14,13,9,32,11,25,15,15
"COG5455",0,0,0,10,0,0,1,0,0,0,0,0,0,0,6,0,6,4,0,0,1,2,1,0,0,3,1,3,5,7,0,0,3,6,0,0,10,0,0,1,0,0,0,0,0,0,0,0,1,2,0,3,0,2,1,0,0,0,0,1
"COG5456",13,3,0,82,7,0,25,8,12,9,28,4,8,2,18,0,30,31,256,2,25,20,3,1,2,5,8,42,33,68,215,264,52,31,21,17,42,19,59,120,172,16,0,18,14,1,712,9,6,9,8,18,169,8,13,11,32,0,38,11
"COG5457",0,0,0,8,7,0,1,1,3,0,3,0,0,0,0,0,2,1,0,0,1,2,0,0,0,0,0,2,7,8,0,0,4,1,1,0,4,1,0,0,0,0,0,0,0,2,0,0,0,0,1,2,2,1,1,0,0,0,9,1
"COG5458",21,223,219,133,310,239,244,254,301,195,36,226,227,256,73,107,74,244,37,167,37,239,114,192,283,231,139,48,247,109,116,51,127,120,349,34,84,198,272,35,82,274,134,228,225,195,760,223,63,259,179,339,58,206,201,227,258,105,40,149
"COG5459",4,216,81,20,196,91,99,60,6,24,13,41,41,55,3,31,37,44,18,17,7,6,29,1,2,9,48,25,4,58,14,7,32,23,14,12,12,22,104,23,0,85,3,9,38,40,0,35,13,7,61,13,16,24,78,56,40,7,249,113
"COG5460",271,8,0,47,12,4,13,8,10,40,219,2,1,8,8,4,35,49,129,8,410,15,3,3,8,1,1,56,38,168,77,79,28,25,0,43,82,1,4,187,3,6,1,2,10,3,3,6,81,1,5,13,83,11,3,11,2,0,110,13
"COG5461",7,7,1,58,7,4,7,13,7,6,10,4,0,5,3,1,24,33,9,5,11,9,2,1,0,4,0,24,11,21,6,25,22,26,4,6,18,7,2,13,0,29,0,0,27,6,330,0,5,3,6,9,18,7,1,7,0,0,2,22
"COG5462",18,6,1,17,6,2,11,4,11,25,1,23,6,13,0,0,15,26,5,6,1,9,0,13,7,14,4,10,11,14,4,22,12,17,18,0,10,17,15,26,0,39,2,11,18,12,1,17,0,3,12,8,28,9,9,10,8,3,0,23
"COG5463",529,35,22,65,27,21,45,32,36,109,265,5,21,39,13,0,64,176,45,33,1264,51,0,8,30,31,21,35,74,436,11,5,4,12,7,83,56,3,8,6,1,32,4,5,31,9,0,11,40,6,5,22,11,11,13,8,7,1,45,42
"COG5464",10,4,0,20,25,3,0,1,0,9,5,0,0,3,3,0,17,4,3,1,15,3,5,1,2,1,2,5,6,39,9,6,9,114,34,726,19,170,4,1,10,8,3,1,1,8,98,48,13,4,12,71,9,9,19,0,4,6,73,5
"COG5465",75,393,478,258,492,417,419,406,401,343,58,317,352,460,220,71,210,387,144,259,39,291,297,232,506,461,309,174,332,203,249,169,207,233,496,38,229,380,472,261,136,532,318,397,568,380,944,337,127,379,502,409,202,309,320,336,481,300,101,336
"COG5466",0,0,0,0,1,0,0,0,1,0,0,0,0,1,0,0,0,1,0,0,1,2,0,0,0,0,0,1,1,2,0,0,0,0,0,0,0,1,0,0,0,0,0,0,0,0,0,0,0,0,0,0,0,1,0,0,0,0,1,1
"COG5467",274,202,290,468,159,233,371,276,201,121,200,208,265,222,507,55,584,310,517,300,34,435,455,195,196,215,234,399,317,288,430,751,494,635,243,31,431,530,208,652,37,226,255,312,317,238,675,308,290,314,412,179,592,348,77,184,222,215,194,593
"COG5468",0,0,0,11,8,0,2,1,0,1,0,1,0,0,1,0,1,2,0,0,0,1,0,0,0,0,1,4,1,8,0,0,7,0,1,0,3,0,0,0,0,1,0,0,0,2,1,0,0,0,1,0,0,1,0,0,0,0,1,1
"COG5469",0,37,49,17,72,65,44,151,144,56,3,141,76,55,117,8,7,128,2,38,2,388,16,22,128,65,52,8,318,38,36,1,6,31,152,5,23,167,76,0,5,52,23,59,37,56,128,66,7,297,172,332,2,63,38,90,84,24,7,15
"COG5470",93,545,670,389,468,639,613,614,693,269,84,584,560,481,714,317,445,426,321,591,47,663,768,726,539,637,491,320,530,274,1225,783,1225,1375,1941,231,895,1773,1754,996,1906,1616,1659,2086,1555,1732,693,1771,1745,1909,2628,1097,738,1812,830,1788,1817,1768,462,1408
"COG5471",1,0,0,5,4,1,1,1,3,6,1,0,2,9,2,0,2,1,0,1,1,5,0,0,0,3,0,0,1,10,0,0,5,4,0,1,5,1,0,0,0,2,0,0,2,1,8,0,0,0,4,1,1,2,4,13,1,0,3,0
"COG5472",9,0,1,16,10,0,3,1,6,1,22,10,5,1,2,0,3,17,0,18,6,15,0,4,3,5,6,4,10,2,5,12,1,3,1,4,4,4,1,1,8,7,2,13,11,3,156,8,0,11,6,8,4,8,2,5,2,0,2,2
"COG5473",647,9,3,148,53,11,27,7,92,130,409,7,10,38,26,18,117,134,75,3,1815,67,14,5,37,17,3,142,107,767,55,66,70,68,31,198,258,52,3,38,11,19,1,14,22,30,1644,21,146,7,36,49,68,50,36,20,6,1,374,43
"COG5474",6,70,13,0,138,23,151,9,32,87,1,55,291,301,1,0,7,6,2,6,3,57,0,18,2,18,18,4,34,1,31,0,4,8,421,3,3,94,182,2,6,7,0,2,24,6,3,30,16,109,0,77,0,68,35,10,279,0,2,2
"COG5476",302,2183,1766,2585,1647,1842,1911,1910,1573,1249,260,1213,1277,1962,1557,1731,2761,2833,3137,1726,377,1378,1604,1054,2042,1154,1339,2341,1278,1509,2284,1367,2897,3110,1735,481,2209,1383,1847,2541,699,4960,1698,1564,4002,1533,2739,1651,949,1019,1419,1044,1258,1377,1090,1664,1596,1188,421,3478
"COG5477",236,156,185,140,137,170,165,181,234,46,140,261,193,127,233,20,113,99,215,203,37,171,191,606,184,143,95,101,118,93,152,425,116,113,179,68,82,188,220,388,583,106,157,224,107,192,169,250,207,174,102,87,344,208,51,238,199,225,100,133
"COG5478",2,0,0,5,0,0,3,0,0,0,2,0,0,0,2,0,6,3,0,0,0,0,0,0,0,0,0,16,5,4,0,0,0,0,0,0,2,0,0,0,0,0,0,1,0,0,0,0,0,0,0,0,0,0,0,0,0,0,0,2
"COG5479",932,215,339,148,164,325,563,299,29,101,1005,32,106,123,186,2,201,310,552,156,59,30,300,47,40,108,155,256,37,87,272,1496,278,185,82,602,176,220,159,680,54,501,346,43,189,157,282,160,428,37,21,30,1531,124,40,348,109,462,78,386
"COG5480",7,2,0,50,12,0,4,6,16,11,10,11,5,8,3,0,11,18,2,3,15,7,1,26,26,14,4,9,14,36,1,11,6,10,16,8,3,16,8,1,10,4,9,11,16,11,328,5,4,7,10,10,2,11,6,7,2,10,8,9
"COG5481",1,0,0,7,0,0,2,1,0,0,0,0,0,2,3,0,3,6,11,0,0,3,0,0,0,1,1,3,2,3,12,2,22,17,1,2,21,5,3,32,0,2,1,14,3,0,19,0,0,0,0,3,5,0,0,0,0,2,1,8
"COG5482",21,100,59,108,6,65,31,51,19,4,23,71,8,9,13,124,86,58,162,50,11,19,7,5,0,1,21,80,11,123,87,110,106,124,11,8,90,10,6,197,46,47,6,13,45,12,70,19,8,18,9,44,134,22,6,54,14,0,10,44
"COG5483",55,7,4,53,3,4,5,5,2,160,55,12,5,31,13,92,28,17,45,18,28,15,3,2,4,6,9,27,19,35,26,116,58,45,28,17,61,46,12,58,0,24,27,31,22,5,198,10,3,4,25,3,139,14,18,15,3,2,40,43
"COG5484",55,5,0,165,20,0,1,2,16,64,9,0,1,1,3,0,7,27,0,1,41,18,0,2,0,3,1,40,23,77,5,4,11,10,11,137,186,4,2,12,2,2,1,4,1,4,237,2,12,8,4,21,2,53,20,1,0,2,50,3
"COG5485",54,229,314,305,425,299,188,222,182,170,42,343,184,241,240,429,285,185,135,204,18,182,375,267,412,128,126,228,130,180,261,61,323,277,244,164,206,274,130,85,141,224,403,103,266,354,161,108,284,163,180,175,61,134,248,246,148,555,78,179
"COG5486",62,343,366,477,348,458,397,440,540,258,24,646,421,392,425,459,510,362,323,410,18,537,497,411,413,357,479,312,416,269,407,208,423,487,486,48,427,330,491,303,331,533,293,494,394,346,5,522,323,488,387,408,209,413,202,444,553,328,85,410
"COG5488",21,128,161,109,276,130,202,132,202,214,38,115,157,334,113,2,63,195,2,126,12,223,155,107,341,239,205,76,204,70,90,14,48,118,290,20,37,162,179,11,25,299,303,304,321,282,841,170,32,207,274,185,16,201,229,89,260,251,28,122
"COG5489",75,11,0,222,67,1,37,16,40,30,49,8,5,20,47,2,103,89,58,8,60,49,5,4,16,16,3,147,122,201,38,16,102,121,39,183,105,51,4,13,3,10,5,18,23,27,1515,13,18,24,34,67,13,23,19,24,1,1,115,39
"COG5490",550,3,1,45,24,0,21,5,3,12,682,0,4,16,3,3,13,17,699,9,5,45,1,58,3,10,1,31,10,38,476,1846,18,14,16,12,27,4,9,1515,0,30,0,24,12,4,761,2,2,8,39,5,1530,7,3,6,2,4,35,7
"COG5491",1863,1498,394,3261,162,469,348,1020,7,10,198,14,69,60,1790,145,3654,381,839,4,47,121,79,7,13,8,35,4043,7,1370,1783,387,3324,3368,38,8,3297,142,198,225,283,952,0,6,1991,16,0,32,1510,86,2,22,238,20,3,641,111,31,5164,1992
"COG5492",73,1,2,41,13,2,12,32,10,8,184,26,6,0,15,13,38,16,24,111,11,3,56,90,12,1,4,60,12,41,40,9,31,28,24,22,44,119,2,10,21,93,1,7,35,0,1,10,5,16,13,23,8,12,1,43,5,5,19,44
"COG5493",27,5,6,1,20,6,10,2,0,3,53,5,6,4,4,11,0,3,1,1,1,37,0,2,6,5,0,0,9,1,5,1,5,1,7,186,1,3,2,1,8,1,11,3,3,9,2,8,1,13,3,3,7,19,7,1,6,17,0,4
"COG5495",101,206,246,334,492,233,232,268,305,235,123,310,168,196,407,1185,237,436,287,219,95,253,349,375,403,89,95,233,247,122,250,339,334,231,338,50,246,310,184,260,80,497,190,92,267,255,20,131,157,268,251,403,379,133,255,237,206,472,88,496
"COG5496",61,81,61,200,122,51,106,114,14,103,29,27,71,87,78,9,228,163,233,62,27,26,36,7,11,32,46,145,35,115,110,281,233,255,72,11,115,109,143,266,6,255,9,55,144,20,1,68,47,32,15,35,313,57,47,104,111,138,26,218
"COG5497",0,0,0,14,7,0,1,0,1,1,0,0,0,0,1,0,2,4,0,0,3,3,0,0,0,0,0,8,2,9,0,0,12,1,0,4,1,0,0,0,0,0,0,0,1,0,7,2,0,0,0,0,0,1,2,0,0,0,1,3
"COG5498",103,872,559,48,764,507,687,660,603,438,87,1067,576,403,64,1143,154,155,224,935,106,662,311,2148,477,285,378,130,537,80,232,247,220,131,1062,112,228,338,660,154,349,217,183,364,316,381,456,451,549,930,782,1463,225,338,399,806,657,1148,213,101
"COG5499",69,0,0,12,1,1,3,4,5,14,94,1,0,1,4,0,10,14,7,2,201,8,10,1,4,0,0,17,13,100,20,142,23,49,15,55,98,26,0,63,9,15,4,12,9,4,408,2,69,3,9,19,159,9,2,5,1,0,758,63
"COG5500",12,81,45,29,23,38,50,72,7,22,26,12,60,43,10,0,9,21,6,34,32,22,18,7,2,8,60,8,13,73,8,10,8,8,26,13,32,33,176,2,71,53,1,18,86,12,255,106,7,4,1,15,8,15,21,107,154,45,8,6
"COG5501",284,338,288,326,512,312,364,398,372,507,525,388,308,355,265,493,305,335,308,235,23,450,214,158,350,468,514,204,393,193,75,131,115,113,141,40,88,92,152,179,136,110,125,241,116,188,208,103,122,168,106,165,146,113,248,101,147,64,31,136
"COG5502",2,0,0,7,1,0,0,1,3,1,0,1,2,0,2,0,14,3,0,1,5,4,0,0,0,6,0,12,4,4,15,3,10,3,16,12,68,17,0,0,0,0,0,0,4,1,85,1,0,4,2,11,3,0,0,0,0,0,3,5
"COG5504",19,2,2,4,1,0,1,3,8,2,102,22,0,1,1,0,9,0,1,0,9,0,0,2,1,0,0,3,0,0,9,2,16,1,0,0,16,0,0,3,3,1,0,0,0,0,148,1,0,1,0,0,4,0,1,1,0,0,0,0
"COG5505",538,926,824,610,1250,763,701,813,724,766,724,682,585,693,476,1780,872,620,734,759,137,525,725,963,1060,393,357,1151,480,739,918,483,952,596,706,387,1051,834,482,500,444,459,1026,311,628,889,605,425,759,520,521,865,540,502,781,858,422,1295,1006,474
"COG5507",306,1,2,91,23,1,20,12,21,56,142,2,3,9,24,0,91,107,30,3,620,40,7,2,13,12,2,58,55,265,24,31,86,72,12,97,132,11,1,21,2,9,1,7,16,10,634,24,83,8,11,48,27,44,11,9,0,0,118,22
"COG5508",0,5,2,0,1,4,4,0,0,0,0,5,2,1,1,0,0,0,0,0,1,0,3,0,0,1,0,1,0,0,1,0,0,0,0,0,0,1,10,0,14,1,0,0,0,0,0,1,5,0,0,0,0,0,0,0,6,0,0,1
"COG5509",0,0,0,4,0,0,0,4,0,0,0,0,0,0,0,0,1,0,0,0,0,2,0,0,0,0,0,3,0,5,0,0,2,0,0,0,1,0,0,0,0,0,0,0,0,0,0,0,0,0,0,0,0,0,0,0,0,0,0,1
"COG5511",2902,59,26,321,421,40,97,96,191,290,3062,523,107,269,144,298,191,222,251,344,259,730,144,79,369,900,248,157,400,486,145,216,126,133,604,29489,267,785,142,281,102,298,466,192,217,386,2194,225,130,128,109,108,251,1967,429,247,76,106,176,216
"COG5512",6,38,3,57,150,9,136,11,15,41,4,21,264,233,14,1,42,60,33,8,2,60,5,3,0,3,24,24,54,10,26,72,28,12,405,7,21,74,201,19,3,26,0,12,52,3,1,35,2,86,2,53,88,9,5,8,319,6,11,33
"COG5513",21,3,2,6,2,0,4,4,0,79,10,15,0,3,0,0,7,9,14,5,4,1,0,1,2,0,2,10,2,11,4,13,7,4,4,91,4,0,1,9,4,22,3,2,13,2,1,2,1,18,0,30,36,0,2,12,1,1,12,15
"COG5514",15,16,15,5,87,14,53,42,0,14,6,0,26,35,78,0,6,59,31,22,17,3,45,0,0,0,19,2,14,3,11,20,8,6,47,1,5,68,64,24,1,95,1,24,72,2,0,25,44,9,0,6,34,12,1,38,34,209,0,10
"COG5515",8,104,151,16,66,107,100,82,98,31,0,110,70,72,49,120,4,31,15,45,9,38,93,21,103,41,89,10,31,29,47,6,8,12,125,6,6,36,93,7,142,86,57,67,68,53,23,96,38,64,53,43,2,34,31,146,102,61,2,25
"COG5516",19,0,1,23,6,0,2,0,1,9,38,0,0,4,4,0,10,13,34,0,50,11,1,0,18,0,1,23,8,71,10,35,2,11,1,90,8,2,3,16,3,14,0,1,13,5,171,1,23,1,7,3,35,1,3,3,2,0,28,2
"COG5517",44,203,60,544,158,61,160,117,85,140,113,17,50,149,95,5,508,429,66,55,379,140,8,10,42,22,77,237,161,522,67,18,433,441,141,134,290,113,43,27,12,723,6,85,463,23,380,66,50,39,77,92,13,64,28,53,43,26,102,314
"COG5518",221,13,25,102,42,27,7,6,24,62,389,65,4,17,6,5,14,18,12,8,39,123,5,2,70,8,6,33,43,66,17,10,11,14,82,3466,86,53,7,69,46,3,15,7,13,11,425,5,5,12,8,18,17,214,33,17,11,4,41,13
"COG5519",1350,42,29,202,201,36,65,48,237,511,862,220,134,132,256,117,176,309,205,111,3626,275,121,120,239,179,640,137,301,782,116,96,32,148,102,6171,152,77,172,114,431,522,69,191,161,109,10536,182,163,265,24,282,79,687,155,60,175,74,329,98
"COG5520",855,587,705,226,785,704,510,758,470,396,802,943,433,348,193,2243,299,274,317,737,96,697,490,717,605,429,353,242,571,168,501,741,429,146,670,149,564,340,469,183,240,177,845,308,310,568,429,405,314,794,454,1121,875,535,500,565,410,941,90,190
"COG5522",1388,1805,2174,740,1548,2213,1685,1679,1947,1089,1661,2174,1415,1980,1441,1246,1005,1200,1863,2145,66,1441,2824,2768,2973,2059,1362,1324,1208,539,1644,1781,1202,806,1666,283,890,1816,1293,2138,1439,1306,3972,1441,1773,2466,256,1303,2531,1299,1990,1366,1970,1420,1501,1943,1558,2757,670,1237
"COG5523",10,131,200,40,120,210,106,153,169,82,20,183,128,128,32,244,24,60,64,164,7,146,147,334,279,53,43,68,154,21,115,11,37,35,291,12,21,146,77,24,97,49,169,102,97,164,6,112,80,116,260,179,15,93,122,144,142,145,29,55
"COG5524",1,4,0,0,0,2,0,0,0,0,0,0,0,0,0,0,0,0,0,1,0,2,4,2,0,1,1,1,1,0,1,0,0,0,2,1,4,2,11,0,24,0,2,1,0,1,0,1,0,9,0,3,0,3,2,1,6,1,0,0
"COG5525",3347,87,33,480,525,51,139,133,274,363,3830,968,135,411,149,376,315,303,241,454,584,937,122,145,357,1323,259,320,496,837,211,296,223,258,799,36376,358,1091,213,281,142,251,547,301,272,453,2497,337,169,160,158,130,365,2549,551,380,123,119,254,173
"COG5526",18,0,0,0,1,0,0,0,0,0,8,1,0,0,1,0,3,0,0,0,0,0,6,0,1,0,0,0,0,18,0,2,0,0,0,0,0,9,0,0,2,0,0,0,0,0,0,1,4,0,0,0,3,1,0,0,0,0,98,0
"COG5527",78,1,3,82,26,2,2,18,43,29,33,22,0,3,76,61,6,39,7,3,90,84,0,58,0,5,0,81,19,219,24,5,23,63,6,33,19,4,4,35,49,3,41,2,9,2,112,0,5,172,3,25,3,29,6,0,2,2,95,4
"COG5528",12,3,3,79,26,1,4,5,13,31,19,17,6,13,2,0,15,28,58,7,15,22,8,43,9,8,3,27,24,69,18,37,21,31,6,162,38,4,1,44,2,2,4,21,5,10,195,8,5,5,25,14,40,22,9,12,0,3,98,3
"COG5529",22,0,0,2,1,0,1,0,0,1,470,0,0,1,0,597,0,0,0,0,0,0,0,0,0,0,0,1,1,0,0,3,0,1,0,42,0,0,0,1,0,0,1,1,1,0,4,0,0,0,0,0,1,1,0,0,0,0,0,0
"COG5530",3,3,2,40,12,5,23,18,4,20,12,1,10,15,1,0,39,21,29,6,11,7,1,2,0,6,4,30,10,23,13,1,42,21,15,11,32,8,6,10,0,29,1,2,38,0,317,6,1,0,5,7,1,4,2,11,7,1,6,15
"COG5531",25,181,390,51,186,280,174,101,102,65,45,229,63,167,158,95,46,76,23,44,19,146,142,147,119,44,94,44,123,168,40,24,34,48,37,280,31,80,89,17,1624,88,55,70,56,79,30,127,124,218,80,131,37,155,61,57,55,111,678,90
"COG5532",45,0,1,42,2,0,0,0,2,35,40,1,2,2,6,0,3,11,7,0,32,12,3,1,0,4,0,20,12,133,1,11,6,3,0,70,64,0,2,9,1,2,0,10,1,0,17,0,20,2,0,2,2,56,0,0,0,1,47,0
"COG5533",43,603,1014,32,652,787,412,361,232,161,34,655,204,381,413,561,25,224,19,161,38,479,278,516,250,101,233,25,320,78,102,11,14,104,63,506,37,136,235,32,5194,181,191,205,178,171,29,384,99,576,141,270,7,662,102,238,145,335,122,177
"COG5534",167,20,3,579,71,12,73,71,78,74,237,154,2,51,129,122,324,230,125,68,392,202,27,17,22,19,22,251,245,426,107,38,475,379,70,502,451,34,21,49,52,27,18,61,263,33,2031,5,30,59,70,96,34,60,78,89,6,0,196,2440
"COG5535",0,164,84,0,157,86,80,42,7,4,0,6,33,42,9,74,1,28,0,1,1,5,0,4,5,2,14,0,0,0,11,0,0,1,1,0,0,1,77,0,2,46,0,1,11,2,0,10,1,14,1,13,0,4,2,36,25,7,0,4
"COG5536",0,275,74,0,159,79,90,62,10,3,0,10,44,36,5,107,1,27,0,4,7,113,1,11,5,2,41,0,7,0,7,0,1,1,6,3,0,9,80,0,1,52,0,3,9,14,0,20,6,83,1,28,0,16,2,34,26,1,0,2
"COG5537",0,382,158,0,232,137,156,73,21,2,0,13,60,81,10,204,1,38,0,2,10,141,0,2,4,2,29,0,5,0,20,0,1,3,8,5,1,11,150,0,2,75,1,4,15,8,0,16,15,86,1,21,0,13,4,54,47,7,1,7
"COG5539",1,168,72,1,174,87,81,38,4,14,11,33,37,57,7,229,0,25,3,4,6,54,1,33,6,2,29,2,21,1,15,1,1,6,8,14,0,14,79,1,38,36,2,8,19,15,1,14,4,45,1,30,1,18,9,37,38,14,0,5
"COG5540",15,370,105,20,136,108,139,77,53,32,7,75,55,125,106,185,6,84,6,18,19,140,72,140,30,10,66,5,52,72,32,6,9,31,10,56,10,41,88,6,251,106,61,45,39,69,2,61,33,81,14,46,2,61,27,71,42,54,29,61
"COG5541",0,63,27,0,40,59,25,18,3,2,0,1,10,16,4,11,0,4,0,0,0,4,0,4,1,2,9,0,3,0,5,0,0,1,3,1,0,4,34,0,0,12,0,2,1,0,0,2,1,5,1,6,0,3,0,7,11,1,0,2
"COG5542",45,131,35,56,144,51,52,40,9,3,27,1,29,39,3,9,80,29,41,0,5,51,0,1,6,1,20,72,3,26,32,25,41,49,5,3,61,7,54,27,1,33,0,0,6,5,0,8,5,31,1,10,22,9,6,28,25,1,21,18
"COG5543",0,284,133,1,275,145,64,43,31,1,0,14,34,112,1,78,0,24,0,6,7,28,0,13,11,0,20,0,1,0,21,0,1,2,3,13,1,10,135,0,4,39,0,2,20,8,0,10,9,28,3,22,0,14,3,37,33,10,0,5
"COG5545",2392,120,111,699,878,117,414,528,1109,2147,3187,1207,754,1853,355,68,417,859,302,808,240,1685,164,516,708,999,884,546,1760,468,387,341,591,526,822,27351,797,866,578,410,207,478,548,449,380,1028,6944,592,120,1450,296,2233,393,2500,2878,8828,747,125,319,219
"COG5549",4,71,10,1,205,31,265,16,38,159,1,59,350,454,3,0,5,9,51,1,2,65,1,11,1,26,35,0,51,1,32,0,2,17,549,11,1,88,274,88,0,27,0,2,43,7,2,55,21,134,0,74,1,16,34,13,443,2,2,5
"COG5551",2,0,0,1,0,0,0,0,0,0,9,0,0,0,0,0,2,4,2,0,0,0,0,2,0,0,1,0,0,0,0,4,1,2,2,0,0,4,0,5,0,2,0,0,1,0,0,0,0,0,0,0,12,0,0,0,1,0,0,4
"COG5552",10,0,0,23,3,0,6,1,1,0,7,0,0,0,0,0,23,2,0,1,3,12,0,0,1,0,0,11,3,11,3,14,24,17,0,0,11,1,0,1,0,10,0,2,4,0,0,0,0,0,2,0,13,0,2,0,0,0,2,12
"COG5553",54,146,96,333,117,83,137,121,130,99,20,173,71,109,48,1,276,289,170,152,5,214,32,53,69,84,94,220,162,184,145,55,318,364,129,6,166,108,89,74,25,507,24,112,313,61,3,86,20,220,162,203,50,104,60,84,64,38,17,255
"COG5555",13,3,7,19,19,7,6,39,32,18,10,31,10,18,3,2,16,15,24,28,5,3,20,0,2,11,6,24,3,14,20,11,16,25,4,7,20,6,3,32,0,15,27,2,10,25,0,5,2,6,3,5,8,14,33,15,1,7,4,14
"COG5556",0,0,0,10,0,0,0,1,0,9,4,1,0,1,3,0,0,4,0,0,4,2,1,0,0,0,0,5,1,31,1,0,0,0,0,28,33,2,1,3,0,0,0,1,0,0,1,0,4,1,0,0,0,22,0,0,0,0,5,1
"COG5557",513,1655,1593,1986,2008,1688,1489,1799,1887,1995,892,1898,1312,1706,2264,2689,2109,2083,3068,1748,277,1293,2172,2026,2481,859,764,1964,1172,1227,937,982,738,660,513,189,622,490,368,1046,498,704,720,301,656,624,304,405,661,311,477,475,1031,302,569,581,360,674,590,691
"COG5560",21,508,284,10,357,270,178,97,18,18,1,65,73,77,59,280,5,74,12,26,33,110,43,73,24,18,113,11,49,8,18,3,3,19,9,77,1,28,142,13,631,117,17,16,29,40,5,66,16,116,33,61,4,78,19,72,68,50,5,31
"COG5562",0,1,0,1,1,0,1,0,0,0,1,0,0,0,1,0,9,2,0,0,2,1,0,0,0,0,0,1,3,0,0,0,4,0,0,0,5,1,0,1,0,0,11,0,0,4,15,0,0,0,0,0,0,0,0,0,0,2,1,3
"COG5563",94,229,101,113,288,96,71,82,81,223,106,213,33,95,175,316,127,84,271,219,4,101,74,249,43,66,41,217,81,112,96,185,119,291,103,30,93,60,32,178,833,46,49,35,158,24,390,47,202,48,75,21,95,31,65,117,51,200,78,270
"COG5564",63,91,102,112,97,92,62,155,82,50,31,155,35,72,16,35,110,171,287,42,24,3,102,5,100,40,9,122,9,78,108,129,114,113,32,22,112,25,28,307,48,228,23,8,162,54,93,48,73,11,4,15,156,32,39,89,43,16,11,127
"COG5565",11632,53,14,282,35,13,39,25,7,9,14029,153,27,14,53,38,114,42,108,154,109,203,28,62,71,28,130,69,61,607,66,234,49,341,142,2525,44,12,58,230,98,119,26,24,48,20,4998,44,21,52,0,23,408,314,24,91,28,15,217,278
"COG5566",1,0,0,9,2,0,1,0,0,0,7,0,0,0,0,0,0,1,1,0,1,0,0,0,0,0,0,0,1,8,0,1,1,1,3,3,31,0,3,0,0,0,0,0,4,1,10,6,3,0,0,5,0,0,5,0,0,0,18,0
"COG5568",0,0,0,7,8,0,1,1,2,3,1,0,0,2,2,0,1,5,0,0,0,8,0,0,0,1,0,4,2,7,0,0,5,0,1,1,2,3,0,0,0,0,0,5,0,1,44,1,0,0,1,1,0,0,2,0,0,0,0,1
"COG5569",4,8,0,37,1,0,7,0,0,8,46,3,11,0,7,0,2,21,0,15,5,12,0,22,0,1,3,71,14,48,1,0,4,44,2,74,23,27,5,0,2,4,2,43,1,6,18,8,6,7,0,6,0,15,10,7,2,0,24,3
"COG5571",27,1,0,14,11,0,1,2,13,8,35,0,3,4,1,8,5,6,12,0,1,14,0,0,0,4,1,9,5,59,11,14,4,21,0,26,16,1,0,15,0,7,3,4,0,0,70,3,1,33,8,6,33,122,8,1,1,0,51,2
"COG5572",19,5,0,58,11,3,6,7,8,34,24,22,2,11,7,1,17,19,18,4,27,9,5,7,3,2,0,24,37,87,4,3,14,15,7,37,32,13,4,5,6,15,1,8,15,3,182,0,1,0,4,9,6,41,5,10,5,0,42,3
"COG5573",10,1,2,26,12,2,13,14,4,10,7,3,20,12,3,0,29,12,0,2,8,10,0,14,1,3,11,55,12,28,5,75,26,15,13,2,23,13,81,0,3,45,4,13,15,7,18,29,0,6,26,9,121,10,4,2,54,1,12,3
"COG5574",0,76,18,0,64,20,56,23,10,17,0,2,13,33,3,24,1,26,0,3,1,4,0,0,2,0,10,0,6,0,6,0,0,0,0,13,0,2,35,0,2,20,4,8,5,8,0,11,1,11,4,10,0,16,1,23,19,16,0,1
"COG5575",0,52,11,1,48,26,21,13,3,0,0,3,14,9,0,19,0,5,0,0,0,17,0,0,1,0,3,0,1,0,8,0,0,3,2,3,0,14,64,0,1,37,0,4,4,11,0,24,5,56,1,12,0,7,4,19,14,1,0,5
"COG5576",0,0,0,0,2,0,1,1,2,1,0,0,0,4,1,97,0,0,0,0,0,45,0,0,2,1,0,0,3,0,3,0,0,0,0,1,0,0,0,0,0,1,0,0,2,1,0,1,0,26,0,1,0,0,0,0,0,0,0,1
"COG5579",45,6,11,82,19,6,25,10,8,29,26,9,8,31,21,86,77,74,101,3,20,27,3,1,18,15,14,53,60,95,87,227,63,73,26,24,89,13,20,80,13,30,15,19,30,24,186,18,2,9,15,16,183,27,41,6,14,16,25,26
"COG5580",0,179,63,0,107,69,58,39,11,5,45,9,29,48,6,82,1,25,0,0,3,92,1,0,3,2,9,0,1,0,15,2,1,1,3,5,1,5,64,2,1,25,0,0,7,10,0,9,2,27,0,9,4,6,3,23,26,3,0,3
"COG5581",9,2,0,86,25,0,5,8,6,72,91,2,0,24,7,0,1,45,34,0,29,9,1,8,6,3,1,37,58,150,12,9,6,70,0,235,52,2,4,9,4,9,5,13,11,14,5,0,22,5,11,13,17,47,19,0,1,2,86,11
"COG5583",1,0,0,11,0,0,1,1,0,11,7,0,0,0,0,0,0,13,12,0,5,2,0,0,0,1,0,5,9,37,2,1,1,1,0,95,9,1,0,3,1,0,0,1,1,4,0,0,9,0,0,0,1,13,2,0,0,0,8,1
"COG5585",215,1,0,0,54,0,12,0,5,41,175,1,9,50,7,0,1,4,0,1,7,34,3,27,1,4,2,2,4,0,3,0,1,18,19,1634,0,1,0,1,3,2,6,4,15,16,25,2,0,3,0,2,0,54,7,1,7,34,1,5
"COG5586",2,4,4,1,4,4,0,1,1,8,4,1,0,3,0,0,0,0,0,0,1,0,0,0,0,0,0,1,0,2,1,6,1,1,0,0,2,5,0,1,0,0,0,0,0,2,0,0,0,0,0,0,8,0,5,0,0,0,0,0
"COG5587",123,165,195,298,160,161,125,172,305,262,308,389,88,165,49,1254,416,117,360,196,31,128,138,510,319,76,40,343,102,228,284,279,518,216,293,82,567,60,70,586,187,153,174,65,160,150,263,108,41,85,150,145,335,88,135,152,95,170,304,109
"COG5588",73,338,405,1032,335,447,447,520,516,276,40,647,438,377,498,424,857,370,394,428,34,591,529,400,380,334,538,399,405,491,441,374,754,935,526,61,560,324,530,383,556,660,234,454,438,336,3,536,577,491,318,421,333,389,173,491,553,330,111,488
"COG5589",22,80,41,137,61,42,78,61,52,80,35,55,38,55,34,11,100,148,24,55,626,47,23,42,20,23,25,96,58,220,39,21,127,138,63,97,66,43,27,21,22,167,14,39,154,42,756,32,17,38,19,45,33,90,54,45,14,13,77,111
"COG5590",22,141,153,63,145,156,143,142,209,135,24,236,170,150,65,66,55,149,35,144,13,163,91,165,222,193,154,48,145,71,227,131,225,248,726,45,181,355,540,122,226,548,328,569,560,400,920,433,94,565,729,640,118,417,363,399,559,312,99,306
"COG5591",264,0,0,63,5,1,4,0,25,43,124,0,1,14,10,1,24,75,23,6,333,23,6,4,6,4,2,24,51,144,13,8,6,9,5,134,47,9,7,3,4,11,5,6,8,2,224,7,19,4,7,25,9,7,5,11,6,0,43,4
"COG5593",0,39,20,0,90,22,40,16,1,2,1,1,15,31,2,1,0,14,0,2,2,7,0,4,2,2,10,0,1,1,11,0,0,0,3,4,2,5,106,0,1,42,0,4,17,4,0,12,4,12,3,5,0,15,2,36,32,7,1,3
"COG5594",1,1058,500,0,822,603,432,278,3,26,0,41,212,180,23,262,4,149,0,5,25,54,3,20,6,12,121,1,9,1,42,1,8,3,10,9,6,36,413,0,2,253,1,7,34,32,0,63,36,80,7,73,0,48,15,182,162,25,5,15
"COG5595",48,1,0,6,0,1,0,0,22,12,51,0,0,0,5,0,2,0,0,0,60,0,0,0,0,0,1,6,0,109,1,2,3,1,1,124,84,0,1,1,1,1,0,0,3,1,5,0,9,2,1,0,8,5,1,0,2,0,125,0
"COG5596",0,232,78,1,195,92,92,55,2,11,0,14,39,50,10,55,3,34,0,0,6,39,1,5,5,5,29,2,7,0,9,0,0,0,1,1,0,7,29,0,1,13,0,1,4,8,0,5,2,13,0,6,0,10,1,9,11,0,0,1
"COG5597",1,280,32,14,226,49,69,73,26,11,4,63,74,60,38,513,24,42,11,20,15,384,40,65,23,17,63,12,51,19,37,5,29,15,14,231,18,12,19,16,143,32,19,42,19,53,143,95,8,221,9,32,5,145,34,20,19,29,12,34
"COG5598",3927,5288,4379,7836,4367,4259,3320,3755,3036,2896,3493,2682,3263,3106,852,9575,8712,1816,14072,1479,248,2587,1118,1426,4754,2564,2098,12944,2182,5701,10992,14088,10307,8370,4558,105,9324,2024,4453,13431,1926,3404,1345,2503,3290,2791,2263,2625,1659,3069,1341,4306,15041,2207,2272,5268,4541,1185,3655,3504
"COG5599",0,8,2,1,2,1,1,3,7,1,0,7,0,1,5,101,0,1,0,0,4,11,0,8,7,1,0,0,10,0,0,0,0,2,0,0,0,0,0,0,10,11,0,5,0,0,0,0,0,1,2,1,0,4,0,1,0,0,1,0
"COG5600",0,140,50,0,117,49,56,38,11,3,1,7,26,32,2,54,1,12,0,1,6,8,0,2,4,2,19,0,1,4,5,0,0,0,4,2,0,3,20,0,0,6,0,0,3,4,0,2,4,5,0,6,0,6,1,3,7,2,0,0
"COG5601",0,131,39,0,120,37,64,33,5,3,0,5,29,39,2,28,0,20,0,0,5,24,0,11,3,5,22,0,5,0,15,0,0,0,9,2,0,7,68,0,1,47,0,3,8,8,0,7,3,33,3,9,0,13,2,23,27,2,1,6
"COG5602",13,280,187,40,366,185,138,112,32,21,0,24,47,97,25,242,31,50,62,2,14,15,6,1,14,15,30,36,4,32,58,36,28,38,2,7,36,10,138,21,3,68,2,5,43,45,0,36,9,20,1,14,12,24,24,56,46,5,3,87
"COG5603",0,44,21,0,20,19,17,18,1,0,0,2,9,18,0,5,0,1,0,0,0,0,0,14,2,0,2,0,0,0,2,0,0,0,2,1,0,5,17,0,0,4,0,1,0,2,0,2,2,2,0,2,0,0,0,4,14,1,0,1
"COG5604",0,250,95,0,147,136,86,51,6,5,0,10,52,38,3,161,0,17,0,3,3,25,0,1,2,2,27,1,3,4,13,0,1,1,7,5,1,12,94,0,2,54,0,6,6,7,0,10,5,24,1,13,0,8,3,34,27,4,1,3
"COG5605",565,429,404,484,138,396,496,462,64,52,620,55,193,131,800,276,606,384,1068,290,16,360,469,155,51,145,120,527,247,274,812,1726,562,703,122,24,519,598,143,1647,272,352,139,98,319,106,2,188,681,351,155,164,1396,260,70,319,145,149,210,759
"COG5606",84,0,0,34,12,1,2,0,0,8,51,2,0,2,4,0,15,24,14,1,88,13,0,1,5,2,1,30,12,95,20,9,0,34,4,17,41,6,0,15,2,1,0,1,10,2,37,2,10,5,5,7,10,7,2,0,2,0,68,6
"COG5607",4,10,5,19,11,7,61,10,2,23,11,36,64,13,5,0,5,39,45,23,8,64,4,31,1,9,68,6,65,23,35,61,11,32,79,133,16,62,236,105,0,141,11,63,55,12,1,63,1,18,6,25,73,44,14,18,175,1,2,27
"COG5608",1,0,0,26,0,0,0,0,0,17,6,1,0,2,5,1,0,7,9,0,11,6,1,0,0,1,0,5,12,35,8,1,4,10,1,179,38,6,0,6,5,2,2,7,4,5,5,10,17,1,5,25,3,29,1,0,0,0,97,43
"COG5610",87,1,7,61,6,4,26,8,64,17,102,41,6,8,20,7,63,141,13,43,165,27,5,108,32,15,23,64,75,175,11,6,50,44,7,54,415,8,12,22,35,34,5,18,42,15,616,15,26,16,11,33,13,59,21,6,11,7,245,28
"COG5611",34,0,0,24,4,1,2,2,1,6,55,1,0,1,2,4,7,10,25,2,63,5,0,6,10,0,0,9,13,95,14,1,12,11,10,30,29,3,0,21,0,1,0,2,3,4,18,2,1,0,1,10,0,4,5,1,1,0,11,5
"COG5613",0,1,0,1,2,0,0,0,13,0,3,0,1,0,0,0,0,0,0,0,7,0,0,0,1,0,0,1,0,0,0,0,0,1,1,0,0,0,0,0,0,2,0,0,1,0,0,0,0,0,0,0,0,1,0,0,0,1,0,0
"COG5614",172,5,1,12,9,1,3,3,7,7,108,9,2,7,1,0,7,3,2,6,10,12,0,66,2,10,6,1,12,9,1,1,1,4,23,908,7,4,0,1,3,2,6,5,3,7,118,2,1,3,5,2,0,29,2,4,3,4,1,3
"COG5615",4,6,2,58,21,3,8,4,4,23,10,2,1,16,11,241,2,35,12,4,14,12,4,9,2,6,5,17,16,41,6,6,3,6,13,87,42,8,2,20,1,52,6,6,37,7,433,11,5,7,7,26,10,6,7,1,2,5,73,28
"COG5616",5003,3048,3580,6648,4760,3552,4861,4727,5362,4370,4835,5427,4473,4384,2920,601,8013,6174,7525,4943,10964,6516,3228,3874,4834,5032,4450,7095,6022,6189,6179,7035,6450,6087,5452,1129,6453,4917,5345,5718,618,6030,5381,4771,5002,5002,2502,5141,3010,5914,6055,6991,7465,5669,4145,4528,4972,3951,3334,4518
"COG5618",6,9,24,39,3,28,20,39,2,4,8,1,2,1,43,0,41,27,3,1,7,41,35,0,2,3,6,19,18,19,13,0,34,10,8,5,44,35,2,0,0,26,0,2,24,3,142,5,23,18,0,9,0,7,1,6,3,0,23,49
"COG5619",0,1,0,1,1,0,4,1,5,22,1,0,0,1,6,0,6,7,6,0,808,6,1,0,19,3,0,1,2,9,5,0,8,2,0,145,36,1,0,1,1,0,3,6,4,12,1,1,20,2,1,0,0,1,24,2,1,0,8,11
"COG5620",10,0,0,1,0,0,0,0,1,11,87,0,0,0,0,0,0,0,0,2,8,0,0,0,0,0,0,14,1,16,2,3,1,0,0,25,51,1,1,0,1,0,0,5,2,0,0,0,1,0,0,0,20,0,0,0,0,0,64,0
"COG5621",1064,240,137,584,409,133,360,295,531,490,588,433,365,313,388,539,421,654,312,226,1881,291,77,383,472,368,217,354,306,730,306,239,401,494,381,227,352,226,534,211,62,783,111,342,585,298,194,387,78,321,227,505,165,333,329,258,436,68,88,1065
"COG5622",20,1,0,71,14,1,16,15,16,5,9,4,4,6,22,2,55,38,9,8,16,27,2,0,5,3,4,39,44,96,20,9,68,49,19,24,86,21,6,1,0,8,0,6,10,5,390,0,2,4,22,32,13,5,17,9,0,0,23,13
"COG5623",0,171,58,1,117,73,55,38,3,2,0,5,39,17,5,36,0,17,0,2,6,15,0,2,1,2,29,0,1,0,8,0,0,0,1,0,0,3,61,0,0,28,0,1,8,6,0,7,6,10,0,10,0,3,4,28,22,3,0,3
"COG5624",0,37,12,0,48,14,24,10,0,0,0,3,5,8,0,5,0,7,0,0,2,0,0,0,0,0,7,0,0,0,1,0,0,0,0,0,0,1,17,0,0,15,0,1,1,0,0,5,2,4,0,2,0,1,0,7,9,1,0,0
"COG5626",5,6,5,94,24,4,5,16,20,47,32,33,4,14,9,203,7,33,27,12,58,6,12,25,27,11,3,32,55,114,14,1,15,28,13,180,47,9,3,12,7,9,3,7,15,6,8,10,22,4,29,28,1,24,8,4,1,2,85,33
"COG5628",9,3,2,1,0,0,2,3,5,1,8,13,0,0,0,39,0,12,15,7,16,0,2,1,0,0,0,10,0,0,6,3,6,0,0,1,4,0,0,32,3,6,1,0,12,0,0,0,0,1,1,0,12,0,1,7,0,0,0,6
"COG5630",61,382,309,8,64,314,117,161,245,19,38,425,65,56,39,352,8,23,137,236,4,207,160,501,26,58,95,13,148,11,103,34,19,33,200,23,3,16,115,197,539,20,44,51,49,36,542,67,177,257,295,296,84,79,10,221,149,73,12,6
"COG5631",2,15,12,19,84,13,21,11,25,51,9,22,33,40,10,8,0,24,8,16,24,50,5,17,22,12,25,29,31,42,12,0,11,10,72,12,7,24,50,8,8,46,7,48,40,24,275,36,2,45,12,43,3,24,15,22,55,13,39,14
"COG5632",39,4,3,2,11,8,7,9,8,114,29,12,7,26,3,0,0,21,3,5,2,2,8,0,15,3,3,3,4,0,19,0,4,2,45,451,11,11,7,6,17,33,7,5,9,21,47,16,3,4,0,4,0,40,21,22,4,3,13,4
"COG5633",1,0,4,1,2,1,2,1,14,6,0,2,2,6,0,0,0,2,0,2,29,0,0,3,0,0,0,0,2,1,0,0,0,0,1,0,0,0,0,0,1,1,0,2,2,14,0,3,0,0,4,1,0,1,22,2,0,0,0,1
"COG5635",394,150,82,225,150,84,198,136,38,917,472,48,665,312,222,0,163,721,129,178,43,1488,112,37,234,696,1651,46,1577,371,153,529,159,153,274,41,349,642,312,207,28,186,326,904,131,452,1735,819,261,1214,185,1291,700,1034,1374,280,413,76,241,169
"COG5636",0,21,3,2,16,3,13,6,0,0,0,1,8,4,0,6,0,2,0,0,1,3,0,0,0,0,5,0,0,0,4,0,0,15,2,0,0,9,39,0,0,14,0,3,2,0,0,6,1,29,0,8,0,5,1,8,15,1,2,5
"COG5637",28,148,89,68,215,116,263,132,388,1499,17,348,753,579,132,13,116,410,44,792,24,549,34,134,431,1176,784,43,866,94,136,11,50,117,481,31,82,346,291,76,9,150,244,456,77,567,93,584,59,729,285,1272,10,587,1958,167,430,3,10,51
"COG5638",0,236,111,1,202,91,88,77,4,5,0,15,42,45,3,79,0,27,0,0,7,69,1,1,7,6,29,0,5,3,12,0,1,3,1,4,0,14,99,1,3,54,0,0,10,7,0,23,8,43,0,14,0,13,3,33,35,8,2,3
"COG5639",26,0,0,61,9,0,8,2,9,11,33,3,1,6,23,1,36,30,30,1,17,13,3,0,3,8,0,31,42,78,14,13,32,29,28,109,44,13,1,7,3,6,2,7,3,5,274,1,2,5,12,20,5,3,4,5,1,0,39,12
"COG5640",223,445,289,271,516,299,241,304,169,516,745,217,246,340,156,565,100,442,132,202,554,265,214,228,188,221,94,128,167,503,140,57,71,201,156,1401,122,216,143,98,173,238,135,97,318,198,1496,264,330,155,21,198,53,391,182,250,96,168,1590,346
"COG5641",0,121,34,0,106,33,18,18,0,1,0,3,16,13,0,0,0,2,0,0,2,0,0,0,0,0,5,0,0,0,2,0,0,0,0,0,0,0,17,0,0,3,0,0,1,0,0,0,0,2,0,3,0,0,0,8,8,1,0,1
"COG5642",282,3,0,80,7,1,6,7,6,9,94,0,0,0,17,0,28,37,12,0,52,1,2,1,3,3,0,16,8,141,28,6,78,104,9,147,103,10,2,3,0,2,58,3,13,7,302,6,11,0,10,11,5,28,5,4,0,2,45,13
"COG5644",0,67,75,0,171,69,33,28,0,1,0,2,24,35,0,21,0,2,0,0,4,2,0,2,0,0,19,0,0,0,2,0,1,0,1,1,0,7,66,0,0,9,0,3,8,2,0,6,1,1,0,4,0,2,1,15,37,7,0,4
"COG5645",0,0,0,1,0,0,0,0,0,2,5,0,0,0,0,0,0,0,0,0,1,0,0,0,0,1,0,0,0,7,0,0,0,1,0,32,0,1,1,0,0,0,1,3,0,1,0,0,0,0,0,0,1,0,1,0,0,0,8,0
"COG5646",6,0,0,53,7,1,7,12,4,8,22,2,0,11,12,0,42,27,2,2,7,44,2,0,2,2,0,23,42,22,10,2,67,6,20,11,76,29,0,2,0,1,13,4,4,13,46,0,2,2,7,7,3,3,5,0,0,5,20,17
"COG5647",0,819,342,1,710,405,336,266,50,38,0,57,186,220,13,601,3,119,0,33,26,309,6,14,27,33,137,1,38,86,68,0,2,11,14,17,0,43,359,0,21,185,4,23,41,62,0,67,32,252,15,93,0,75,50,140,125,25,37,7
"COG5648",14,153,113,6,110,109,81,70,31,23,6,109,42,64,72,446,7,67,11,10,13,190,34,118,20,20,81,10,46,2,16,4,1,21,15,53,6,53,42,5,988,61,43,27,30,23,0,77,40,108,23,25,3,66,25,42,29,33,6,39
"COG5649",0,0,0,2,5,0,1,0,2,3,0,2,0,1,2,0,1,1,0,0,0,1,0,3,0,0,0,0,1,0,2,1,3,1,1,11,7,2,0,0,0,2,1,0,5,3,206,0,0,1,1,0,0,3,5,0,0,0,3,6
"COG5650",4,2,2,7,15,1,10,4,8,54,1,34,4,15,2,0,0,4,6,19,2,8,2,1,0,23,17,5,8,1,5,1,8,13,3,2,2,11,5,9,4,19,3,24,2,6,0,9,1,3,3,1,0,13,62,9,4,2,1,0
"COG5651",7,11,20,50,69,26,14,42,16,80,26,81,10,46,7,8,3,24,1,174,9,98,65,7,135,11,15,25,87,27,23,0,24,7,39,9,9,22,17,10,57,1,19,39,19,47,327,15,6,60,40,172,1,71,79,19,31,5,4,7
"COG5652",27,14,28,33,19,31,19,40,1,20,66,5,11,14,9,0,26,35,67,14,2,5,5,4,2,5,6,67,7,19,41,41,36,63,7,0,18,18,5,91,5,45,9,1,24,15,0,14,4,7,3,4,35,8,7,15,1,3,6,22
"COG5653",39,39,69,62,122,57,79,101,102,61,42,59,62,83,79,134,90,111,23,98,18,91,94,245,48,43,30,82,80,93,50,39,67,75,63,37,77,150,46,40,31,102,110,51,125,114,276,80,54,87,65,58,28,66,67,105,29,127,36,249
"COG5654",13,2,0,81,11,1,19,11,5,9,56,1,1,5,17,3,41,36,18,0,34,11,5,0,4,3,0,61,16,91,53,1,104,107,22,106,210,18,6,2,2,4,73,2,4,6,493,6,6,4,24,14,5,21,10,4,3,10,111,24
"COG5655",38,3,2,17,29,1,3,2,354,48,13,1,3,3,10,24,2,19,4,0,10,57,1,1078,1,5,11,54,14,94,3,14,27,34,3,23,8,17,8,6,18,12,3,8,10,4,332,2,10,42,9,10,15,15,24,3,3,3,37,4
"COG5656",1,421,138,0,237,175,145,87,10,4,0,10,64,91,10,151,0,42,0,3,5,129,0,3,6,1,55,2,7,0,27,0,1,3,9,5,0,8,130,0,1,82,0,11,14,20,0,13,9,76,0,36,0,11,4,47,73,5,0,5
"COG5657",1,585,236,1,580,261,258,200,0,26,0,33,142,156,14,195,3,66,0,4,12,163,1,7,8,40,79,1,11,0,34,0,0,7,13,7,1,26,258,0,2,142,3,11,14,44,0,51,12,123,5,43,0,35,34,108,81,5,0,11
"COG5658",30,5,12,23,9,7,14,11,30,12,28,22,2,5,7,35,18,22,6,8,35,26,6,2,14,5,11,17,40,20,10,7,30,7,18,13,77,5,3,28,21,10,7,4,4,6,130,2,5,6,14,15,10,5,10,16,4,2,11,12
"COG5659",418,6,5,566,18,12,31,6,7,1,346,40,2,8,11,0,590,28,100,0,19,79,1,2,1,0,1,176,30,104,52,623,322,407,17,12,112,21,1,267,0,6,6,7,5,2,149,2,7,7,11,13,885,3,10,28,0,1,15,36
"COG5660",1025,218,280,264,144,294,221,261,193,177,1004,105,174,237,375,0,458,292,674,255,17,84,471,122,211,187,137,447,94,227,406,1005,410,271,116,19,387,206,197,885,213,378,771,82,279,259,0,188,482,61,40,71,1170,123,248,333,158,376,404,322
"COG5661",3,23,33,133,41,29,26,47,2,44,36,2,14,26,4,0,51,64,93,4,38,11,0,0,5,3,0,64,31,186,45,9,71,49,10,152,96,11,2,59,4,38,4,5,46,9,7,28,19,3,0,5,5,37,16,14,11,0,39,23
"COG5662",11,5,0,23,25,0,5,1,4,6,5,0,0,9,2,0,20,19,3,12,1,53,2,1,0,2,0,49,35,31,3,13,7,11,1,13,24,3,5,20,0,11,5,3,18,1,492,0,5,61,2,9,7,19,2,8,1,1,14,5
"COG5663",270,4,5,13,15,6,17,9,8,11,567,7,32,19,99,5,18,73,9,2,22,16,2,35,4,0,9,9,28,17,17,100,7,29,206,444,7,7,10,23,12,17,0,6,69,1,457,6,6,39,1,3,130,82,3,4,16,3,21,52
"COG5664",0,0,0,5,0,0,1,0,0,0,0,0,0,0,0,0,0,2,0,0,0,0,0,0,0,0,0,4,0,3,0,0,7,0,0,0,0,0,0,0,0,0,0,0,0,0,0,0,0,0,0,0,0,0,0,0,0,0,0,5
"COG5665",0,182,40,0,144,54,38,57,7,9,0,11,33,38,2,138,0,6,0,4,1,145,1,0,9,10,9,1,5,9,17,0,1,2,7,3,0,9,26,0,0,13,0,8,8,22,0,13,0,65,3,14,0,10,22,9,13,2,2,8
