"","NOM008","NOM002","DOM022","NOF011","NOF007","DOM005","NOM027","DLF009","DOM008","DLM012","NLM016","NLF007","NOM020","DLM019","NOM014","DLM021","NLM001","NOM001","DLM010","NLF008","NLF015","DLM009","DLM005","DLF006","NLM002","NOM018","DOF011","NOM017","NLM031","DLM023","DLM017","DLM016","NOM016","NOM007","DLF007","DOM003","DOF003","DLM004","NLM004","NOF002","NOM004","DLM015","DLM013","DOM001","DLM027","NLM017","DOM026","NLM027","NLF002","DOM010","NLM021","DLM022","NLF005","NOF006","NOM015","DOM013","DLM024","NOM028","NOF010","DLF004","NOM019","NLM029","DOF009","DLM028","DLM001","DOM018","NOM005","NOM022","DLF008","NLM006","NOM025","NOF012","NLF012","NOM029","NLF013","NOF005","NLM025","DLF012","DOF006","NLM026","DLM002","DLF014","DOM019","DLM011","DOM016","DLM003","NOM009","DLF013","DOM023","NLM022","NOF014","DOF014","NLM008","DLM014","DOM015","NLF009","NLF010","DOM021","NLF001","DOF004"
"COG0001",43,176,94,71,26,79,186,91,50,42,43,72,30,114,45,44,75,257,60,70,54,159,88,122,19,96,72,49,140,59,88,43,39,60,74,68,47,43,51,92,27,63,243,79,57,20,126,86,68,78,97,98,49,60,65,124,88,82,31,39,195,107,48,79,93,148,111,29,57,64,50,40,94,92,57,74,82,206,24,49,129,95,53,25,44,38,78,131,32,85,84,154,26,58,164,47,45,48,74,107
"COG0002",232,235,177,212,224,126,303,154,211,234,210,253,242,171,240,228,204,226,203,231,214,258,174,231,117,213,249,212,227,267,268,204,233,172,172,193,207,197,230,179,170,229,241,189,186,190,204,146,232,213,217,172,194,202,232,224,114,175,210,219,216,187,202,193,213,254,180,199,127,232,176,145,241,210,261,227,214,254,199,207,212,276,213,224,210,186,203,214,287,218,233,230,231,193,248,207,208,218,218,240
"COG0003",42,24,38,51,43,33,2,6,11,7,3,8,9,29,49,10,22,15,9,12,28,4,40,26,10,6,29,0,6,28,2,13,14,9,51,0,52,12,1,51,116,7,18,25,46,75,54,0,13,42,24,17,17,65,56,57,0,39,8,8,22,10,39,8,7,19,6,14,104,21,154,57,49,13,30,52,3,3,176,17,28,61,88,83,68,21,1,83,9,19,11,57,9,20,18,59,119,115,12,26
"COG0004",201,324,182,203,198,117,339,111,117,265,352,355,345,289,220,256,366,489,179,211,227,354,235,154,299,213,491,561,256,308,377,252,279,237,109,353,165,133,390,270,146,231,214,238,390,214,269,270,310,222,239,198,312,198,304,188,170,257,314,342,276,289,192,253,292,370,284,303,133,191,242,160,247,232,259,257,272,380,171,355,329,387,262,201,202,143,345,273,340,301,290,262,277,190,223,204,147,143,242,209
"COG0005",154,118,173,157,114,131,114,100,147,45,207,138,180,105,122,121,157,189,101,148,106,54,146,117,184,129,183,218,140,97,144,122,136,142,121,172,135,130,161,117,102,106,171,171,161,150,104,109,115,117,150,104,151,135,125,141,127,115,164,174,154,140,113,117,163,145,104,178,146,99,107,79,146,83,156,120,149,32,104,133,155,129,111,151,113,137,139,122,173,97,132,88,146,147,144,109,83,157,88,121
"COG0006",692,508,653,667,628,626,357,406,651,447,747,557,605,454,722,644,735,640,686,599,637,586,586,584,813,598,742,640,660,566,637,685,734,579,630,584,626,701,657,599,672,636,551,590,573,550,634,532,562,707,641,497,499,633,770,580,412,644,641,587,552,556,667,553,677,559,495,732,588,696,669,526,680,671,606,634,765,394,732,562,508,449,596,712,673,697,569,570,746,519,490,596,597,709,630,568,733,627,601,627
"COG0007",13,227,59,30,44,79,240,111,35,81,2,57,28,59,68,27,37,434,106,87,48,91,42,77,32,72,64,67,37,62,73,37,61,37,32,78,33,36,67,96,65,70,84,73,76,31,126,142,102,114,81,81,80,35,27,54,115,116,33,43,80,96,30,86,46,58,126,47,65,109,37,46,65,93,58,65,50,201,55,39,97,171,38,21,88,42,113,66,50,125,33,58,85,34,65,29,43,33,77,88
"COG0008",619,637,728,672,611,516,782,623,489,719,929,711,890,817,581,686,737,907,607,669,556,665,733,616,807,649,710,952,684,787,812,671,602,716,406,756,615,398,728,623,454,635,778,712,845,479,571,531,673,649,653,747,700,495,672,696,484,555,627,655,901,751,646,656,792,754,660,720,410,669,648,695,659,603,706,639,981,618,518,781,753,730,673,647,584,539,786,742,770,723,672,628,643,682,664,581,494,585,524,634
"COG0009",235,313,233,248,306,234,254,221,295,241,205,289,201,259,328,289,289,170,243,244,213,289,254,257,207,292,270,156,282,271,233,271,247,247,296,183,244,312,224,228,286,282,258,269,245,262,315,220,316,275,318,249,251,252,305,329,196,261,234,185,298,238,323,257,278,258,243,275,241,293,288,265,264,290,335,299,263,245,248,271,237,258,255,339,289,228,235,269,245,295,268,272,274,303,341,307,342,271,302,326
"COG0010",25,48,53,59,29,78,75,66,100,38,100,37,42,113,33,53,27,17,59,78,84,34,59,66,11,33,19,32,32,91,43,77,57,40,40,40,57,16,16,49,73,62,86,74,46,26,26,56,52,75,86,93,86,92,100,100,168,83,59,59,85,63,91,137,101,89,111,38,131,72,92,168,100,81,73,58,71,40,101,118,47,31,85,68,68,122,62,70,49,67,122,77,38,78,73,110,58,39,147,83
"COG0011",4,8,2,1,1,7,52,21,9,107,0,1,1,6,1,2,2,5,2,0,0,1,23,9,2,13,4,2,0,3,1,6,3,1,5,12,3,2,5,0,5,2,24,1,19,1,0,11,1,2,0,6,2,1,1,3,24,12,2,2,5,0,15,4,4,5,2,5,14,1,1,6,3,5,4,8,7,3,2,7,1,55,1,2,1,0,4,17,0,2,1,14,2,3,25,1,2,1,3,5
"COG0012",275,240,305,224,224,196,278,204,196,209,239,309,317,311,246,276,240,326,206,270,182,349,241,242,346,270,201,260,240,261,340,271,267,314,150,257,196,228,299,237,224,223,299,251,363,214,173,311,254,283,262,326,276,186,235,359,143,246,272,274,321,322,240,207,258,294,257,220,156,252,230,327,262,258,302,239,283,293,193,315,249,293,240,252,242,231,288,309,292,259,303,276,263,278,252,212,220,250,224,260
"COG0013",633,529,671,612,491,423,595,490,498,634,592,653,628,693,580,647,660,592,489,634,614,581,523,448,711,572,514,556,567,581,675,610,613,569,425,531,532,516,513,539,474,535,620,470,650,461,520,495,627,730,663,652,619,458,630,631,244,480,602,598,638,726,546,587,639,624,448,481,399,576,547,885,599,445,604,600,566,452,536,617,533,554,669,526,589,542,510,557,578,515,527,547,445,635,607,477,496,618,561,510
"COG0014",296,264,221,263,265,182,308,172,258,291,259,272,257,307,336,309,224,348,226,279,292,234,192,230,258,281,286,245,265,288,299,283,280,187,166,234,226,258,287,231,225,285,291,267,258,237,246,265,293,325,289,158,232,217,294,223,126,224,251,269,276,280,216,231,330,386,207,263,184,254,256,190,304,280,249,254,222,197,267,259,208,293,324,307,313,174,263,245,303,271,223,298,232,289,294,231,256,314,247,286
"COG0015",255,374,311,314,341,272,387,257,290,418,361,359,352,346,319,290,338,429,288,308,220,325,354,313,420,353,341,452,319,303,370,315,326,335,271,341,278,274,320,294,278,283,355,346,484,280,310,356,329,370,360,295,336,246,289,344,170,288,309,318,410,325,396,281,344,311,201,310,270,334,298,204,306,317,379,281,349,279,297,332,338,395,349,338,321,327,386,357,426,342,337,343,327,362,324,239,212,291,315,296
"COG0016",274,246,247,236,271,219,256,195,221,257,267,228,209,272,246,260,285,206,224,244,228,286,238,258,271,251,250,199,239,189,241,255,228,297,212,228,227,246,211,262,227,253,271,230,280,250,224,229,260,256,258,301,284,229,257,291,92,188,227,206,258,267,251,217,225,266,185,234,171,212,226,350,266,195,277,233,244,213,226,249,271,264,251,254,233,235,220,243,233,226,286,264,216,255,208,268,230,307,264,266
"COG0017",341,299,297,336,303,267,114,221,269,146,354,339,359,357,272,319,329,371,248,289,326,252,307,278,393,352,296,305,366,479,380,363,346,369,274,253,319,326,342,297,272,300,244,320,327,312,282,336,277,313,356,391,345,281,335,334,207,405,340,290,297,267,290,331,333,325,287,309,264,273,314,315,328,280,261,352,323,372,318,352,319,192,352,344,306,325,427,324,315,343,313,274,412,366,272,389,277,281,328,277
"COG0018",432,417,434,388,408,256,505,373,368,462,466,429,392,445,441,437,460,414,429,389,432,386,423,376,483,441,465,405,364,403,478,437,385,464,329,441,366,398,405,341,385,385,408,431,477,308,422,437,436,459,455,476,495,344,484,604,224,369,378,408,494,448,422,372,471,448,338,445,298,382,441,560,413,385,439,473,458,360,454,483,378,486,431,401,425,390,438,464,409,406,492,400,367,465,492,371,439,438,442,379
"COG0019",404,556,498,371,399,293,635,338,483,471,516,468,462,455,472,467,559,532,425,515,318,493,425,361,593,484,644,758,431,575,457,411,500,558,399,501,382,378,458,426,409,496,457,460,505,380,487,515,563,443,408,351,526,453,458,435,287,420,452,424,474,477,448,424,460,583,481,564,339,534,474,417,477,410,532,511,568,644,368,484,591,526,527,427,512,430,591,478,444,483,455,457,532,484,410,414,505,447,510,604
"COG0020",162,217,162,195,165,129,165,116,160,223,255,176,186,191,174,144,190,229,180,154,139,210,202,166,234,176,269,253,177,194,192,153,189,201,176,235,161,173,247,167,183,160,203,182,217,137,158,215,188,176,183,210,174,162,148,229,61,172,149,213,218,172,184,160,165,186,115,210,154,171,129,179,184,194,218,163,241,111,146,216,208,216,161,158,187,186,166,171,203,191,164,197,207,187,198,155,176,156,182,168
"COG0021",213,265,363,212,151,216,630,321,277,291,303,232,498,157,300,218,349,366,269,408,219,327,320,219,541,259,488,318,223,152,316,218,243,266,204,356,216,266,217,181,273,237,159,297,299,161,149,272,314,244,229,205,251,188,228,219,310,223,278,315,255,281,268,245,302,189,281,291,192,350,220,277,223,286,238,195,317,116,258,145,265,347,232,290,337,279,196,158,415,263,155,199,149,312,222,181,278,294,218,325
"COG0022",61,16,81,136,22,199,5,59,161,27,4,45,27,81,23,98,11,8,23,166,161,6,49,56,8,13,6,13,72,31,21,51,120,15,110,3,103,96,7,144,116,130,69,75,39,61,14,127,90,33,51,87,30,171,82,17,20,118,46,52,32,34,30,108,123,59,34,9,121,54,42,60,64,105,12,61,9,8,80,27,52,30,47,27,101,126,6,74,16,33,24,24,19,68,94,100,92,30,128,66
"COG0023",79,17,33,61,82,68,2,43,59,10,4,19,12,12,70,68,21,4,65,52,52,7,51,47,25,50,22,7,56,28,38,63,60,29,84,13,37,96,4,60,61,65,18,49,7,60,49,4,32,51,38,21,31,85,72,63,32,34,41,23,31,30,59,20,56,44,29,36,59,65,51,43,45,82,42,54,5,6,64,32,29,13,42,68,50,64,9,40,53,31,26,71,19,56,41,63,81,73,51,61
"COG0024",337,405,349,342,337,312,310,255,272,256,411,329,281,340,442,331,464,249,316,304,331,273,318,323,469,367,430,242,331,295,341,355,331,466,298,287,302,343,402,283,357,347,319,281,299,261,348,247,384,344,349,331,392,298,359,367,161,264,278,264,321,383,332,331,290,384,282,439,238,299,334,380,361,340,391,373,403,271,325,304,290,317,313,340,323,385,323,342,349,338,313,376,366,341,319,324,339,310,355,275
"COG0025",45,107,20,18,17,46,234,173,37,479,7,72,50,51,32,14,92,43,179,17,33,73,64,46,62,126,17,29,61,40,32,62,58,58,26,164,43,23,48,54,74,43,62,39,172,34,15,302,44,108,41,70,112,27,25,55,190,73,28,37,46,111,166,75,47,49,124,31,61,101,59,18,36,85,202,35,38,48,69,82,45,218,60,55,75,37,126,57,68,128,51,108,55,42,17,41,26,36,23,84
"COG0026",5,25,27,15,10,7,108,98,10,208,2,5,22,21,6,23,11,2,45,23,5,188,42,31,9,15,4,3,2,6,9,12,9,5,6,75,22,9,15,5,10,3,13,31,83,4,3,195,4,24,18,15,8,8,14,17,85,21,19,3,29,2,42,40,36,12,40,10,5,14,25,15,11,18,9,7,7,21,6,5,10,121,10,8,5,16,5,24,10,25,3,31,1,17,7,11,2,14,6,27
"COG0027",160,41,125,115,125,101,93,119,189,210,193,102,239,43,147,140,119,127,185,134,114,11,104,91,309,126,165,166,82,68,135,127,111,130,126,154,90,148,106,98,150,112,75,186,67,82,91,15,88,139,116,36,104,138,122,105,96,121,191,140,97,51,132,97,167,112,67,155,100,155,107,63,138,121,107,94,163,38,142,65,81,90,144,176,145,124,49,119,208,89,52,134,68,156,125,98,140,166,79,119
"COG0028",568,720,503,548,546,559,694,808,655,868,462,598,651,388,488,575,446,561,659,535,564,496,417,471,490,703,424,529,595,613,549,491,562,414,511,652,553,449,529,754,496,579,524,457,713,921,691,996,631,541,569,458,474,554,571,436,1019,611,523,524,477,531,493,623,629,590,800,479,507,416,688,369,569,657,577,585,583,748,535,471,531,729,655,446,578,525,683,502,694,764,601,501,659,513,683,499,426,471,528,570
"COG0029",331,267,339,238,313,205,225,204,244,162,321,266,350,151,282,257,279,299,277,226,313,290,232,202,465,332,297,160,274,186,282,274,271,257,227,304,246,259,320,291,331,256,308,261,180,201,337,118,241,310,284,145,250,253,307,242,167,279,236,307,249,239,258,202,316,332,195,290,258,309,265,170,335,350,217,248,302,248,371,236,243,288,300,322,311,235,259,281,284,262,192,303,290,324,343,237,300,327,254,262
"COG0030",212,314,285,334,386,149,367,288,264,477,227,350,270,438,256,276,312,298,247,291,194,415,559,341,268,362,304,370,296,340,365,233,384,412,422,220,321,334,379,273,217,278,332,337,277,259,422,405,334,282,305,345,308,204,246,423,252,299,228,223,289,438,256,353,237,248,268,260,145,519,217,426,242,298,272,307,407,365,258,350,375,465,216,272,375,353,319,360,226,238,327,291,401,244,347,367,422,381,299,383
"COG0031",323,240,227,338,264,243,343,287,265,318,155,301,267,439,306,292,312,257,325,338,330,344,259,278,216,297,240,232,369,287,297,330,325,194,227,234,296,242,255,295,230,282,307,225,233,233,250,359,289,265,298,290,213,246,344,325,226,269,268,254,323,352,322,328,296,348,274,239,188,270,300,226,314,297,309,281,325,225,284,333,320,316,298,287,283,218,255,300,203,343,281,333,298,273,358,260,277,253,330,326
"COG0033",3,7,17,1,0,13,124,121,10,227,0,0,42,15,5,2,5,4,21,5,1,32,39,25,10,6,0,3,2,2,2,0,1,1,3,77,17,6,6,14,12,0,16,7,85,1,2,36,0,2,1,18,8,4,3,7,98,23,5,0,11,1,34,19,20,8,53,0,14,3,27,0,2,12,0,2,78,37,5,7,0,196,2,11,7,1,0,12,1,13,0,27,4,2,5,0,2,4,0,13
"COG0034",462,381,503,441,407,353,353,302,450,427,701,548,651,410,465,550,522,664,436,575,475,338,496,408,774,499,543,621,485,448,588,515,529,569,339,538,383,500,525,344,484,491,463,496,558,498,499,503,450,565,483,454,504,420,521,433,170,513,620,571,503,466,501,432,584,549,333,555,342,456,399,318,519,396,460,457,595,629,394,502,451,392,524,457,464,486,461,547,654,434,476,453,376,635,495,444,469,510,404,453
"COG0035",231,175,191,211,210,133,190,139,167,213,230,187,213,225,194,233,180,260,193,190,173,157,202,216,238,186,180,269,217,242,264,217,198,212,165,235,154,173,203,188,176,175,196,239,252,192,193,190,173,208,193,213,223,184,211,168,103,161,173,186,209,163,257,173,184,206,186,183,143,208,212,130,212,198,205,214,234,171,176,194,209,162,173,206,175,180,191,193,207,238,205,186,195,206,224,195,221,173,221,193
"COG0036",137,248,204,141,152,132,339,206,105,224,267,210,209,236,137,140,213,200,182,189,126,322,169,222,247,191,365,236,174,179,221,162,160,204,220,272,149,174,185,190,195,146,214,168,166,210,256,251,268,130,174,244,202,137,161,248,255,187,167,212,191,216,161,163,154,189,193,162,164,237,174,269,179,180,204,217,191,284,121,238,232,277,134,158,155,142,245,173,241,222,210,218,184,135,154,168,196,154,214,184
"COG0037",422,605,406,519,495,373,441,367,454,466,423,518,435,590,475,572,468,456,347,375,425,564,464,484,379,567,379,475,648,538,473,517,514,613,369,336,481,390,504,481,350,490,471,568,531,382,491,527,541,489,511,503,548,456,525,647,313,415,454,415,526,576,439,442,457,544,396,520,406,396,466,603,530,498,529,544,413,517,384,611,536,392,480,493,507,438,614,504,447,577,596,548,565,450,550,457,394,513,464,535
"COG0038",375,374,444,423,402,439,357,442,515,710,425,373,306,254,396,469,322,327,475,460,496,300,353,373,558,389,354,353,397,374,406,466,474,387,409,410,387,505,305,456,424,485,352,416,538,329,475,486,397,467,435,247,368,509,465,342,250,465,439,350,350,338,488,379,532,445,377,415,379,369,414,293,490,551,339,387,306,306,452,303,334,613,430,454,436,433,411,496,429,376,250,375,326,507,459,381,430,473,412,446
"COG0039",381,414,364,302,365,238,802,298,344,542,274,322,321,246,395,369,314,348,235,442,379,367,353,298,298,291,437,351,376,313,337,362,315,340,333,372,330,356,245,311,344,383,291,270,453,331,333,443,436,365,356,233,303,369,354,257,218,351,317,296,353,285,302,308,357,328,235,322,245,337,314,323,338,293,337,289,362,385,346,294,379,436,315,354,372,309,278,346,332,271,326,355,311,368,344,317,474,416,412,362
"COG0040",146,147,128,172,191,143,178,158,193,175,214,151,206,123,186,188,144,224,154,163,136,139,162,145,170,154,239,239,173,216,187,176,176,136,172,199,137,213,166,161,160,155,182,159,175,101,195,112,165,152,152,109,154,201,161,156,84,128,172,186,196,119,201,155,173,159,119,163,119,180,169,119,194,193,192,161,224,131,159,161,159,188,140,201,152,208,155,185,246,142,141,182,160,162,207,141,191,186,169,188
"COG0041",154,137,150,105,128,62,140,87,123,145,156,135,150,111,155,133,144,129,138,124,114,160,151,156,181,161,128,119,156,119,159,162,132,156,111,134,133,133,133,112,125,122,108,106,157,100,148,143,144,162,124,101,139,93,152,131,89,114,107,113,125,150,144,109,134,145,114,164,79,121,165,78,121,149,146,118,147,106,125,144,126,150,127,163,142,116,155,136,142,136,131,129,149,127,136,138,160,101,145,132
"COG0042",398,413,342,370,467,294,285,386,432,344,208,403,386,357,397,403,346,223,371,405,416,441,314,323,410,438,290,258,366,437,398,359,362,371,283,303,341,395,333,337,387,425,386,375,340,361,401,406,416,355,389,341,368,363,427,449,351,432,277,283,387,386,380,443,368,444,476,325,340,367,432,430,385,413,412,370,353,338,423,356,340,376,394,416,457,392,429,360,297,418,391,359,358,397,421,379,390,339,404,433
"COG0043",32,50,46,33,23,56,184,94,23,44,7,23,30,27,37,44,31,20,95,62,34,42,50,88,43,20,46,31,50,61,28,72,24,20,27,67,33,12,12,35,31,31,83,97,47,12,12,68,56,62,30,48,20,33,30,57,256,77,26,21,43,46,26,56,97,40,110,20,93,42,21,26,49,30,17,37,14,25,28,22,57,45,22,32,57,48,28,52,27,36,15,9,15,39,25,17,29,45,54,69
"COG0044",285,452,397,290,304,298,555,340,310,371,265,346,354,397,356,340,280,264,298,357,307,466,334,360,367,332,343,390,375,312,363,366,268,311,322,325,306,272,329,347,282,355,425,327,487,227,341,388,409,384,304,317,350,248,358,308,431,418,351,293,407,342,320,331,393,410,367,319,336,302,317,289,416,328,323,291,299,382,340,349,343,426,325,313,380,319,458,356,353,334,289,361,281,380,329,284,289,319,301,382
"COG0045",19,15,27,32,12,87,136,92,56,126,3,10,30,26,8,20,11,10,30,44,27,29,22,24,8,17,24,14,6,14,14,16,12,5,64,53,34,31,2,75,59,30,20,20,10,31,11,9,32,16,25,91,14,59,24,21,81,44,28,24,41,11,53,55,35,27,62,8,80,71,67,18,9,53,17,24,53,20,74,12,32,88,14,18,63,19,6,35,13,32,8,38,9,19,19,49,36,25,46,23
"COG0046",531,651,596,564,567,367,929,446,553,675,887,577,930,569,537,843,806,894,512,674,596,528,645,499,1014,728,716,888,584,668,792,639,666,718,329,695,553,465,703,484,397,662,774,632,893,555,612,686,637,729,629,469,619,501,719,613,303,518,657,730,796,704,649,659,794,759,450,547,397,580,595,360,669,562,597,568,768,735,539,729,648,773,580,572,626,523,659,637,773,672,562,637,520,628,583,572,593,499,593,611
"COG0047",480,500,593,480,512,398,896,394,422,609,895,556,793,589,516,665,735,777,456,549,421,378,600,425,984,650,629,716,569,614,687,564,658,658,295,635,490,410,690,455,311,524,594,515,640,449,465,547,515,658,542,386,659,441,602,604,348,377,605,698,756,641,548,545,786,652,386,567,312,532,522,339,582,468,508,588,689,664,421,671,581,734,530,518,546,506,581,657,674,596,482,547,441,578,515,465,522,432,477,573
"COG0048",75,116,86,69,55,58,133,127,56,112,139,124,87,121,87,85,100,122,83,90,65,137,115,128,122,103,95,115,96,69,103,79,76,111,70,116,83,60,117,65,56,81,87,101,134,76,89,140,88,111,101,144,115,52,56,135,65,88,93,96,121,129,88,112,92,88,102,123,45,86,62,119,72,98,122,78,130,100,41,119,128,108,95,76,84,98,114,105,118,110,133,96,103,73,77,59,50,93,71,96
"COG0049",100,150,128,133,131,118,168,161,126,159,113,157,106,142,131,118,174,77,124,134,107,176,174,174,136,149,157,117,115,126,121,151,151,190,112,139,148,122,198,131,146,143,152,141,184,150,151,183,148,136,137,189,189,115,145,167,114,130,101,88,137,177,150,141,117,130,113,137,113,156,115,185,124,109,154,150,152,163,113,157,129,175,155,133,149,137,155,164,84,126,155,155,148,143,135,145,133,103,151,134
"COG0050",336,308,341,255,297,234,275,314,256,326,391,362,476,424,322,280,436,436,322,294,352,397,363,365,376,376,361,408,231,298,347,323,234,384,270,424,273,273,339,252,322,256,406,346,391,317,236,324,329,446,338,362,441,252,349,333,315,273,303,355,323,352,313,338,352,353,347,333,203,206,326,416,317,257,376,341,411,285,330,384,327,389,314,311,370,250,337,294,343,303,329,301,266,335,285,254,293,291,296,284
"COG0051",96,95,111,85,103,94,139,102,93,130,47,119,53,108,134,90,81,61,91,99,88,127,118,162,60,114,68,65,124,107,84,106,99,135,109,75,117,106,74,94,103,98,119,103,101,120,78,117,131,98,98,129,115,94,111,142,88,101,78,82,122,105,116,118,76,84,109,67,74,136,98,122,101,102,126,102,72,108,101,127,101,114,101,86,109,100,108,95,92,94,147,124,94,90,114,132,111,94,111,117
"COG0052",165,133,168,159,145,168,129,165,150,216,336,174,209,211,173,156,249,204,174,136,119,173,167,200,263,175,220,202,161,116,218,205,137,236,132,242,158,141,179,188,116,164,152,183,187,151,151,171,153,194,150,253,192,128,154,193,139,138,196,221,195,216,178,169,184,157,151,195,103,214,147,253,177,141,204,157,221,136,128,216,194,161,216,154,146,187,203,168,226,168,184,153,201,168,172,165,114,161,145,178
"COG0053",188,249,259,210,205,194,242,237,153,202,260,264,198,308,207,192,237,242,251,185,170,253,272,255,244,257,175,255,228,262,270,217,237,256,255,211,178,237,234,216,256,183,242,259,183,182,275,293,278,229,239,303,257,166,222,182,240,229,201,231,266,270,244,254,237,203,236,300,209,266,276,294,207,221,275,297,263,209,229,284,250,222,217,248,252,260,300,265,226,257,273,203,205,224,238,219,251,217,219,217
"COG0054",76,40,70,79,78,62,57,72,65,32,100,87,78,39,87,67,81,101,67,62,58,57,80,79,66,70,112,94,77,65,96,84,63,67,51,98,64,59,58,68,51,72,44,89,86,41,31,17,59,78,89,59,82,108,104,109,83,95,132,117,107,136,115,101,94,116,118,138,75,106,77,83,93,96,96,109,144,39,55,73,103,50,103,133,92,148,117,93,175,125,71,150,121,133,81,111,104,107,103,125
"COG0055",246,530,372,329,307,181,559,227,226,438,341,495,378,362,320,352,382,440,277,310,323,454,259,274,448,498,330,407,376,470,369,306,338,318,170,419,305,210,443,306,187,324,255,291,437,344,232,399,384,365,427,270,483,207,310,276,263,325,334,371,432,517,292,372,380,458,424,297,187,209,390,188,411,312,383,348,372,340,215,386,388,363,360,286,381,211,610,338,339,511,412,325,371,373,373,316,203,292,330,374
"COG0056",335,603,352,360,338,243,592,285,268,485,417,551,467,423,346,464,495,537,309,401,394,466,308,314,465,546,447,591,360,546,456,395,426,402,255,463,361,268,480,387,300,365,290,341,478,434,315,492,457,452,520,270,531,289,434,338,261,342,399,425,448,533,329,420,375,541,398,333,222,293,468,225,444,336,460,460,386,421,315,448,409,442,371,362,433,255,603,332,379,558,448,379,479,430,427,384,300,280,457,428
"COG0057",261,214,253,221,196,206,237,332,206,305,337,282,311,347,189,222,286,319,256,240,205,301,315,312,227,196,273,313,225,228,275,248,182,279,157,386,249,152,280,207,198,208,346,269,344,152,205,253,217,284,255,375,281,188,221,341,295,217,243,253,340,243,259,272,266,247,254,216,169,192,224,354,216,190,241,226,335,212,161,310,274,289,256,228,215,221,253,317,283,223,247,250,217,228,215,198,191,262,245,178
"COG0058",566,765,555,557,648,372,739,656,464,803,521,845,595,844,640,700,833,686,516,632,378,802,649,516,671,778,718,679,721,776,656,618,634,855,510,693,577,442,638,643,500,601,553,591,541,622,645,949,639,687,676,822,823,464,627,691,620,605,594,624,750,783,677,798,580,781,800,619,395,558,653,643,733,540,748,680,653,944,409,931,775,818,690,558,672,605,929,735,453,753,852,617,811,598,644,702,608,521,632,731
"COG0059",245,247,158,209,197,184,363,205,224,499,192,255,232,168,259,265,223,229,218,264,267,160,262,221,233,258,213,260,212,208,271,230,218,171,204,271,205,233,156,244,183,228,242,220,270,237,203,271,260,212,207,147,196,215,261,190,181,189,214,218,190,206,255,223,237,286,210,205,158,231,228,132,262,217,212,250,217,216,168,213,215,434,241,265,224,199,233,220,218,240,218,249,208,220,222,217,204,232,208,225
"COG0060",608,681,694,643,530,518,595,486,537,656,673,759,719,791,527,635,650,719,531,481,511,670,484,479,696,686,520,697,692,589,638,640,561,779,382,547,539,402,619,587,387,553,704,571,756,566,479,716,512,740,661,873,729,486,550,744,342,542,683,658,763,709,614,590,678,728,446,615,453,505,474,971,635,536,605,569,594,647,436,837,632,598,636,535,580,570,766,652,713,593,777,606,559,739,566,486,378,628,495,628
"COG0061",171,181,188,187,176,187,175,173,182,245,238,168,198,191,200,233,193,204,174,197,173,217,186,203,260,180,201,233,221,199,186,162,190,235,116,242,151,157,236,191,132,202,258,165,259,168,154,182,202,198,206,193,193,175,157,173,145,164,195,167,224,197,201,200,204,237,167,204,166,187,148,118,181,216,168,196,224,172,142,180,181,212,182,172,208,169,212,200,228,230,184,182,158,195,186,174,161,193,160,195
"COG0062",115,152,185,111,156,105,200,112,128,171,203,182,214,111,147,161,187,255,135,131,90,159,127,87,260,172,218,272,174,110,205,126,145,202,94,202,122,111,207,135,92,143,197,137,194,121,141,86,140,133,164,144,259,189,192,221,170,195,276,267,256,212,191,216,280,252,213,241,144,218,185,101,232,231,265,180,298,236,176,208,242,205,197,186,203,201,290,187,312,234,233,240,253,214,191,159,146,220,148,261
"COG0063",140,226,266,192,221,158,297,203,240,308,338,260,323,230,256,272,272,371,195,235,187,294,217,185,441,234,248,391,254,197,320,187,247,297,156,322,167,158,331,212,176,255,299,222,323,187,208,212,207,201,198,170,250,212,213,249,153,209,295,245,292,246,237,221,280,284,231,226,152,224,189,124,270,276,275,211,275,209,195,212,292,301,255,207,254,221,255,198,327,281,248,264,240,255,234,184,188,198,167,247
"COG0064",44,209,109,107,101,45,346,125,39,352,37,156,44,203,86,55,124,95,68,54,49,358,129,119,55,162,57,81,131,94,116,87,99,178,67,108,101,38,138,133,36,91,224,80,271,115,147,258,147,118,130,244,162,31,73,213,46,115,70,78,171,204,83,114,90,143,96,44,71,55,72,435,120,90,174,105,99,218,32,203,162,299,103,32,93,69,180,138,42,180,248,182,145,77,120,67,58,53,99,104
"COG0065",273,363,229,268,222,234,470,229,315,335,237,299,293,228,370,302,229,365,247,318,343,373,198,255,271,297,202,343,269,299,312,319,267,186,172,261,269,250,270,313,171,299,353,277,313,236,269,333,316,287,305,197,221,250,243,228,160,385,326,303,330,329,260,247,324,331,283,189,203,206,226,188,310,262,297,255,260,508,168,243,284,414,285,255,257,264,380,274,300,339,266,267,264,300,295,279,170,283,291,305
"COG0066",176,146,118,144,144,95,286,141,137,196,147,124,141,117,205,157,119,166,130,143,112,128,141,152,145,152,160,102,136,134,135,129,121,114,148,123,111,171,105,113,134,129,160,142,135,118,132,123,159,116,160,108,109,105,140,120,118,151,126,137,152,136,141,112,141,134,127,102,106,167,118,117,121,127,152,133,108,150,120,107,110,205,147,151,166,111,108,149,131,159,128,156,124,142,114,136,166,164,133,162
"COG0067",512,709,368,471,437,401,609,325,409,672,755,573,757,411,454,677,574,631,484,489,590,838,424,336,899,608,416,549,558,566,602,485,591,395,300,546,435,223,629,384,350,653,477,489,492,497,503,278,545,473,463,340,536,450,603,418,277,428,476,755,463,601,497,548,676,719,421,419,312,460,537,275,534,539,653,571,588,454,346,607,533,667,498,492,558,350,683,500,585,649,545,423,602,460,499,458,298,343,534,490
"COG0068",10,91,83,22,22,29,265,99,34,24,2,18,15,35,17,12,23,29,47,74,26,82,60,32,16,39,86,49,9,29,52,34,20,7,18,106,25,31,20,73,17,24,69,27,90,12,27,55,61,25,42,132,20,38,43,80,98,43,42,23,64,19,33,81,59,108,140,14,14,110,67,27,39,61,34,44,17,12,25,42,72,147,111,34,64,53,117,112,45,47,38,43,16,27,25,24,77,38,81,41
"COG0069",491,708,411,488,385,414,656,325,390,648,826,586,721,424,407,614,506,577,490,571,544,852,405,362,789,608,460,621,561,605,599,470,644,375,336,572,448,292,599,435,339,610,550,535,528,480,513,319,587,519,485,374,525,459,573,475,289,447,508,750,511,592,520,554,698,616,435,395,316,457,547,302,494,528,630,579,619,443,471,599,572,666,548,438,557,345,640,462,574,623,516,460,595,502,465,444,315,329,539,504
"COG0070",297,449,178,301,259,279,299,193,239,425,489,313,466,218,301,346,286,364,306,295,332,557,259,202,515,392,233,367,329,409,384,254,384,246,173,332,278,171,376,258,203,379,292,263,341,288,266,185,310,277,417,284,514,456,533,376,263,407,449,736,442,566,468,514,656,649,404,377,287,374,516,240,534,497,601,531,559,497,262,572,488,624,458,391,471,294,723,399,497,623,451,424,562,485,376,405,263,286,459,450
"COG0071",194,225,189,146,182,129,106,163,146,142,348,176,223,184,144,127,230,223,241,150,116,224,248,213,126,185,276,248,186,174,206,152,173,259,301,333,147,175,220,145,202,134,150,149,196,127,224,119,167,128,132,110,143,113,110,133,141,92,105,110,122,130,123,139,97,108,147,134,83,119,142,112,127,144,126,154,181,126,88,118,153,148,96,144,119,67,140,96,132,134,122,111,209,80,118,120,170,89,115,102
"COG0072",339,432,443,440,306,403,659,318,353,494,471,495,436,623,267,401,457,548,264,453,373,460,394,425,593,424,390,455,387,418,480,373,427,516,315,443,432,233,381,452,282,356,517,409,518,318,363,433,441,459,418,602,529,337,353,570,208,278,341,462,499,518,432,437,588,424,310,350,299,447,313,614,381,350,452,378,510,417,271,498,458,487,408,282,365,398,409,484,440,369,504,395,354,442,344,373,252,260,370,379
"COG0073",786,877,900,801,661,614,1089,564,666,736,1064,979,874,1117,573,779,1025,946,649,830,710,934,832,799,1236,860,942,949,850,775,926,797,935,935,533,932,731,540,782,863,589,807,983,779,1077,866,778,833,893,930,569,625,592,361,537,626,270,387,476,614,690,714,487,600,643,487,389,571,359,598,443,571,541,555,551,522,721,632,422,692,610,519,556,436,534,412,548,633,538,564,614,501,449,548,462,504,399,357,464,511
"COG0074",39,24,60,38,22,147,211,183,92,162,7,14,48,56,22,34,20,26,45,98,61,36,59,77,22,32,32,28,26,28,30,23,15,9,70,137,41,65,12,105,65,51,39,36,16,43,25,40,64,25,35,120,12,61,30,25,304,64,35,19,48,17,38,75,45,22,229,11,98,82,76,41,15,65,20,26,61,46,72,42,43,77,16,33,76,17,9,30,13,52,14,28,20,28,20,33,42,35,38,36
"COG0075",161,165,145,126,263,183,118,98,186,59,92,91,81,48,235,203,253,298,136,105,112,74,106,117,217,166,199,37,195,85,103,177,109,101,104,148,140,159,175,169,154,164,105,128,98,100,109,65,203,177,152,72,129,140,123,111,77,135,231,249,170,110,128,73,118,128,94,122,163,125,149,92,158,203,66,102,132,22,207,91,132,38,207,132,242,165,126,137,382,121,125,120,116,132,138,103,255,259,159,174
"COG0076",139,60,107,152,119,238,13,249,199,94,8,112,59,71,156,143,50,12,83,155,213,37,101,154,21,61,44,11,106,77,95,155,131,39,160,127,127,148,4,182,176,170,123,123,42,129,80,55,137,110,129,119,64,194,178,83,237,170,129,72,102,53,113,168,152,124,174,56,144,86,185,98,149,126,51,116,16,49,225,66,51,22,175,162,150,132,16,120,66,89,78,92,52,162,128,138,149,195,131,128
"COG0077",133,205,133,175,194,142,253,177,176,233,161,162,215,254,160,219,189,222,136,191,180,144,186,173,187,196,195,208,187,206,197,159,185,129,101,224,164,116,203,176,109,190,225,173,227,164,195,171,214,156,200,164,162,152,178,181,156,171,175,179,231,210,160,236,210,220,177,154,146,194,175,121,201,200,178,164,242,205,136,208,163,259,166,155,121,134,212,187,171,184,174,178,221,155,202,167,158,147,169,181
"COG0078",285,345,208,261,255,125,351,346,251,315,208,274,250,407,309,268,236,244,266,251,229,246,316,323,257,278,275,275,338,397,289,287,283,184,177,324,221,239,276,218,199,289,369,306,416,235,283,317,285,240,299,290,240,212,282,256,492,319,270,231,321,222,315,263,280,346,286,216,197,272,292,204,251,285,271,316,231,325,237,248,253,391,326,256,292,244,334,343,240,293,213,282,256,228,324,274,253,245,294,269
"COG0079",432,533,452,434,758,386,474,335,549,354,242,528,338,384,632,555,435,330,478,399,363,593,426,408,246,452,343,461,591,655,430,545,601,570,458,378,427,414,346,443,517,488,405,480,358,467,420,347,480,556,375,301,531,431,391,397,236,425,560,320,468,481,483,492,348,544,353,425,388,421,419,343,461,457,639,449,474,413,338,453,443,561,416,519,469,547,597,417,368,415,462,542,558,454,407,561,446,597,458,605
"COG0080",88,131,123,125,131,85,132,125,97,152,132,129,112,154,138,119,146,170,145,114,61,165,144,135,130,137,179,153,116,106,122,99,116,199,105,161,129,109,165,102,135,103,136,126,161,126,121,139,151,119,99,138,136,95,120,145,72,103,123,96,149,129,150,129,101,115,115,144,75,133,104,165,117,116,137,143,166,147,97,162,150,114,117,128,129,140,148,132,131,116,180,137,118,98,107,130,153,91,131,117
"COG0081",193,190,152,171,186,162,162,161,136,246,175,229,216,242,161,177,201,216,156,166,159,203,212,227,189,225,165,205,157,132,223,177,163,196,175,199,171,140,152,177,180,166,214,212,246,209,170,173,172,194,225,243,238,162,186,218,102,172,188,233,235,204,220,170,172,166,129,162,160,141,162,266,180,171,199,239,185,220,161,220,199,230,187,177,186,159,201,187,223,181,230,194,222,144,166,172,185,155,223,166
"COG0082",146,190,210,208,160,187,263,156,195,244,160,233,199,283,189,210,212,189,168,209,166,237,175,202,286,200,199,201,245,220,219,197,234,218,154,184,198,163,189,212,172,183,259,223,181,180,202,179,199,209,230,190,190,161,200,188,101,207,219,161,274,211,197,219,272,233,167,197,124,177,218,146,199,169,226,187,192,187,192,216,182,242,197,204,205,191,208,229,194,229,185,209,167,233,250,182,161,177,179,230
"COG0083",24,37,35,31,22,19,213,80,18,215,1,38,53,131,19,35,30,40,36,35,23,97,72,46,23,22,53,46,32,81,29,25,24,30,11,96,26,9,41,34,16,17,78,45,152,8,15,133,40,19,37,27,34,18,47,50,79,37,28,18,55,19,57,39,47,32,76,12,57,32,70,27,33,26,22,33,60,43,14,58,60,166,23,35,23,12,46,46,12,60,37,42,19,23,38,27,26,24,42,43
"COG0084",231,256,238,263,290,279,290,348,341,312,208,311,237,249,344,281,298,221,298,337,282,245,265,308,247,288,307,204,289,261,256,288,322,316,430,239,267,346,253,237,279,280,296,261,268,203,292,285,273,254,274,296,260,327,246,363,261,342,270,215,291,259,293,291,294,257,338,264,285,290,263,333,246,370,251,276,287,193,281,269,253,339,286,314,312,302,245,294,223,284,273,289,239,312,337,248,331,297,318,275
"COG0085",927,1054,847,818,815,562,938,685,672,939,1116,1089,922,1094,731,842,1146,923,856,898,792,763,841,752,1052,988,1066,1025,775,874,861,865,809,881,755,1055,732,813,1016,731,981,779,907,823,920,782,828,1067,1071,885,704,747,629,454,622,683,348,580,636,638,628,598,518,632,627,575,516,625,415,520,626,667,608,487,697,714,671,589,576,790,549,484,598,535,637,468,675,616,595,589,650,541,576,658,608,551,577,546,628,511
"COG0086",768,649,852,754,686,690,507,711,674,900,1291,1041,1043,1084,677,949,1059,1057,783,774,828,913,841,749,1218,979,849,1141,747,844,1044,825,866,935,502,969,769,537,1111,792,503,774,930,800,951,748,574,989,674,972,972,1033,932,679,803,932,456,690,861,945,1060,1022,914,871,1158,1008,708,964,509,675,613,1096,860,768,944,670,1133,700,585,1015,834,863,895,709,733,768,919,974,900,878,918,772,703,919,778,708,500,789,699,841
"COG0087",141,187,179,148,194,114,227,130,134,254,166,199,182,215,159,133,193,238,151,150,116,219,221,210,218,191,157,241,149,145,187,151,148,211,144,203,155,148,176,150,175,184,204,175,241,187,174,221,212,196,193,251,214,123,170,203,87,130,187,173,191,228,171,159,161,167,116,155,123,141,171,223,167,179,195,196,208,167,158,246,176,217,179,141,189,136,233,210,192,180,236,188,194,165,162,190,188,127,187,183
"COG0088",162,165,187,147,191,112,229,168,160,203,173,174,157,240,187,156,201,177,145,184,150,247,224,217,197,205,183,197,164,142,192,155,149,285,169,236,162,161,172,157,184,151,238,172,214,173,181,212,188,151,159,234,259,134,160,234,133,152,156,168,192,219,181,165,161,170,151,192,106,195,148,221,145,169,207,189,198,129,148,196,199,184,186,179,175,184,185,195,202,155,210,178,152,170,155,166,168,174,142,189
"COG0089",78,106,99,83,100,77,134,85,59,125,87,127,96,132,77,57,127,95,87,95,60,122,124,140,90,122,100,119,88,91,109,77,86,149,99,88,79,97,94,72,91,66,115,117,100,97,108,84,99,77,110,130,159,77,106,118,47,79,76,112,105,119,115,98,72,70,88,105,76,113,77,139,75,110,145,155,112,52,75,109,122,98,81,115,90,99,114,102,93,102,122,101,156,101,96,111,109,82,112,91
"COG0090",135,253,212,157,137,146,280,176,140,252,263,268,258,240,130,162,237,274,182,177,147,211,214,210,251,213,232,295,197,164,240,183,159,261,131,276,184,77,209,164,143,163,217,198,264,204,149,238,228,200,204,242,269,83,184,247,117,152,209,205,265,299,222,191,188,182,177,194,128,149,153,282,211,164,222,181,235,165,116,304,233,229,186,130,167,174,236,191,206,191,236,160,191,176,171,168,132,113,166,151
"COG0091",116,160,120,114,148,70,141,110,75,152,123,143,106,164,95,84,139,128,105,93,94,154,144,149,121,136,135,145,116,147,142,122,98,160,104,129,108,138,106,94,97,110,105,116,113,115,124,140,145,138,125,158,170,82,98,138,94,93,107,126,119,142,140,100,91,120,94,102,84,162,106,171,121,118,130,138,146,104,86,135,155,135,150,107,117,112,142,131,126,94,146,119,167,109,110,121,146,114,144,110
"COG0092",129,164,173,151,188,120,251,85,126,260,189,204,178,228,147,153,192,219,128,138,108,206,176,158,236,187,157,225,145,163,180,154,146,238,120,158,123,147,162,139,136,127,182,148,234,129,126,184,166,164,168,219,187,121,133,209,42,120,142,167,231,203,156,128,165,173,92,128,97,158,137,168,143,156,202,149,176,133,97,215,191,159,179,140,168,146,194,167,154,172,211,181,209,158,146,137,142,140,133,145
"COG0093",83,125,99,73,64,77,91,106,77,105,135,111,129,146,63,71,115,131,101,95,75,147,136,130,155,92,68,123,95,77,114,124,72,146,89,106,90,56,115,104,92,100,141,110,145,96,80,140,106,89,106,166,149,78,90,129,99,89,104,110,131,130,116,109,106,100,94,73,70,91,89,169,99,98,126,96,121,87,73,139,119,104,107,80,94,95,131,134,113,100,148,98,99,99,90,78,78,84,86,105
"COG0094",162,164,167,125,176,103,197,150,161,227,184,183,136,186,165,147,212,167,148,130,135,168,157,194,218,158,179,189,134,147,176,157,155,220,187,196,122,188,168,167,155,161,140,164,195,174,156,171,187,158,156,200,217,140,142,193,98,140,152,131,202,194,166,156,155,161,128,201,107,208,147,219,126,161,183,188,197,138,116,198,178,197,150,191,186,159,166,165,149,147,219,170,188,137,132,170,201,139,169,131
"COG0095",44,32,108,73,20,111,238,119,87,274,11,64,14,72,33,57,32,20,47,149,91,23,73,66,53,17,59,29,41,36,39,30,66,80,105,79,56,50,17,86,60,93,68,64,103,36,24,142,82,24,18,63,41,61,19,31,79,59,21,14,34,14,35,39,49,32,47,26,67,73,26,22,15,51,6,17,26,19,43,19,54,52,23,14,47,59,5,37,22,15,21,25,5,39,38,38,43,26,52,23
"COG0096",76,145,114,90,89,74,139,131,92,147,112,127,108,169,81,57,132,169,96,95,68,152,157,146,130,131,118,157,77,100,129,91,97,150,107,144,97,81,134,104,94,62,121,143,167,70,115,148,127,100,107,177,145,73,84,154,78,77,113,102,134,122,136,88,97,94,112,116,93,113,87,136,77,124,155,110,154,80,75,135,158,148,101,75,122,118,148,122,135,105,162,112,168,78,92,101,94,72,94,90
"COG0097",129,157,161,151,141,156,222,169,98,219,202,212,142,203,99,89,202,199,124,130,120,211,168,169,189,170,192,233,121,134,205,159,114,198,124,226,144,87,203,134,122,113,174,156,193,134,116,169,158,160,148,198,189,95,122,184,109,123,158,194,198,205,150,127,154,134,143,137,87,136,131,182,141,155,160,139,235,137,80,184,195,149,158,120,127,129,195,173,203,163,175,135,176,154,146,151,95,111,120,130
"COG0098",159,146,129,117,152,119,194,119,113,182,223,162,180,177,152,179,196,177,125,140,103,153,155,167,160,173,235,210,141,164,172,138,136,167,138,228,131,122,137,119,162,138,165,133,218,101,119,170,197,138,157,183,195,134,155,207,75,115,156,171,191,180,161,144,145,180,136,164,109,134,170,204,161,164,193,137,189,137,132,183,154,142,176,180,175,150,168,154,176,153,173,148,152,153,149,161,159,134,183,150
"COG0099",121,125,93,139,127,65,118,101,102,127,124,115,117,111,123,84,145,102,95,92,112,150,122,161,80,115,137,122,113,86,118,128,89,105,96,156,81,89,115,79,89,87,150,108,82,118,91,107,114,128,119,137,134,87,100,145,80,92,85,100,119,115,95,82,90,97,88,127,78,110,86,166,96,101,145,131,114,79,92,124,119,125,106,101,105,101,110,105,95,83,117,143,99,98,98,89,107,99,95,94
"COG0100",103,77,96,109,113,77,102,113,89,152,146,120,139,148,80,101,134,143,82,93,75,131,110,96,112,119,149,138,78,89,113,100,88,155,70,137,86,65,163,92,79,62,129,103,129,61,81,128,92,90,93,157,165,82,85,116,64,81,81,115,126,136,134,90,114,104,73,127,66,83,74,161,89,102,105,84,138,109,54,141,116,122,81,129,84,114,142,108,114,128,145,111,99,115,80,96,63,81,71,94
"COG0101",189,326,213,213,193,174,250,174,179,285,141,246,201,280,241,186,209,217,197,167,165,343,207,219,180,261,192,192,281,250,223,220,211,279,202,201,203,188,251,193,224,199,202,211,293,175,230,234,285,198,242,230,275,166,195,271,158,195,228,201,266,262,238,199,195,259,216,208,166,214,232,293,210,194,284,224,235,201,162,231,262,273,227,180,232,191,340,207,206,321,279,245,284,229,226,226,216,200,193,265
"COG0102",95,130,119,104,104,102,163,137,101,158,143,147,95,132,106,106,177,111,76,123,60,166,150,158,124,114,152,96,114,126,103,104,98,195,113,127,108,102,141,118,70,91,144,121,117,134,109,167,118,111,140,151,160,80,84,149,78,121,81,100,147,126,155,111,120,106,108,186,79,98,97,160,106,115,109,103,186,93,72,155,131,168,100,103,103,113,123,131,116,140,169,130,152,115,126,115,88,119,116,131
"COG0103",88,97,128,86,127,81,150,110,115,149,157,134,139,126,119,124,142,126,81,97,87,157,119,120,93,119,190,136,100,85,129,100,96,159,123,140,97,130,162,93,114,95,119,112,109,106,125,134,107,112,107,132,127,108,121,148,64,122,125,114,132,125,147,101,98,137,103,152,85,108,100,105,117,95,137,133,155,120,95,121,113,137,94,122,108,128,123,121,130,103,138,112,128,102,111,107,99,96,106,99
"COG0104",316,371,317,312,321,197,324,271,241,388,330,442,309,301,240,335,341,413,260,283,306,352,297,264,333,398,359,353,360,444,338,263,276,395,197,326,277,222,312,234,209,260,328,270,417,272,287,380,350,309,387,262,419,274,317,408,173,265,325,301,377,403,383,319,311,343,316,340,153,252,271,193,325,280,347,305,391,256,212,341,322,327,309,348,304,274,425,334,414,415,326,267,400,308,332,276,259,378,325,295
"COG0105",46,22,77,25,26,71,61,65,45,13,8,39,33,24,43,29,43,18,89,74,29,40,40,32,62,37,30,13,29,28,33,33,28,97,80,38,44,87,8,48,68,39,46,46,33,49,58,78,57,32,27,27,33,26,31,24,29,33,24,23,21,43,28,21,17,20,33,19,42,51,38,98,19,27,27,15,14,10,55,19,19,12,16,33,49,42,11,25,19,21,10,18,22,37,25,20,41,37,26,28
"COG0106",86,108,73,93,110,63,108,87,117,121,97,102,91,56,128,101,108,111,97,97,91,135,103,82,103,96,93,96,103,89,102,110,80,71,92,96,97,85,131,96,111,83,116,104,101,122,109,78,136,95,151,106,154,137,173,135,65,141,154,118,168,145,152,161,142,149,122,118,110,144,138,127,168,152,167,174,175,144,129,157,140,195,130,154,160,117,179,152,160,141,138,163,126,134,154,140,149,136,154,165
"COG0107",120,259,126,169,173,95,165,103,120,219,192,181,161,117,135,148,162,219,130,130,124,188,121,125,170,200,124,211,214,186,199,189,143,125,99,203,145,104,173,187,112,128,185,145,212,138,186,142,164,156,163,134,145,142,179,159,111,132,166,135,177,180,126,168,176,186,136,149,92,161,166,123,139,171,189,173,181,125,92,186,160,201,183,111,147,127,215,161,175,171,173,184,243,136,144,171,109,115,158,127
"COG0108",299,238,263,248,258,254,212,169,245,82,369,221,322,99,241,260,223,308,212,211,250,160,259,247,293,251,318,382,282,149,295,276,224,186,219,279,246,242,225,226,289,207,156,237,267,210,195,96,245,293,244,125,254,232,295,218,83,190,248,230,246,284,259,194,272,265,159,255,188,294,255,166,226,285,232,295,307,94,227,210,245,149,235,292,295,235,204,209,392,260,142,238,210,285,189,312,271,276,293,276
"COG0109",2,0,0,0,0,19,0,48,13,7,2,0,4,4,0,1,7,1,30,1,2,4,10,6,8,1,0,0,0,2,0,2,0,0,4,34,0,0,0,3,13,2,8,4,2,5,0,2,0,0,1,15,0,2,0,0,77,13,2,0,1,0,3,27,2,0,48,1,8,6,18,0,0,11,0,1,1,9,4,0,0,0,1,4,1,1,0,3,0,9,0,0,2,0,4,0,1,2,0,2
"COG0110",795,582,689,882,785,1289,678,548,1159,574,420,716,320,443,947,627,553,239,817,663,801,465,700,1050,329,560,708,201,883,573,638,768,636,508,1181,366,907,1136,371,876,1046,946,508,738,519,1046,838,432,975,793,660,566,576,970,697,614,381,623,787,607,576,629,884,611,596,589,566,434,963,818,849,759,621,974,580,747,499,799,1261,532,835,440,759,694,776,799,438,743,543,578,602,794,738,1004,709,879,1367,1018,998,725
"COG0111",390,449,396,385,358,363,1123,496,389,657,187,440,351,532,340,377,391,294,439,523,406,404,473,478,279,417,333,394,445,467,463,443,397,309,343,449,351,279,288,399,281,343,777,406,500,413,342,330,442,388,405,417,330,331,415,439,571,382,411,286,496,329,513,449,498,410,374,316,373,509,347,312,406,465,321,398,428,466,327,496,418,865,448,431,374,462,361,424,431,431,369,477,399,415,457,315,355,459,395,363
"COG0112",189,299,292,229,335,209,531,182,204,240,333,305,325,279,243,282,269,376,223,338,258,172,254,228,314,255,360,346,249,247,303,214,205,288,209,278,216,195,274,205,220,282,308,281,325,195,207,193,343,255,281,308,289,188,269,289,99,183,230,264,320,288,263,214,310,231,138,224,198,263,200,174,256,243,265,250,351,212,181,295,336,105,262,198,259,263,270,250,306,251,294,223,279,281,206,231,242,242,293,207
"COG0113",23,64,49,33,28,51,151,71,17,45,15,65,38,56,45,22,54,216,85,55,33,145,45,38,23,63,49,44,53,32,55,24,32,44,55,70,33,26,46,53,34,49,59,38,41,23,70,70,38,58,33,69,39,20,17,49,93,85,21,39,65,67,33,77,38,54,126,43,57,60,37,28,49,41,48,36,15,181,28,22,75,66,29,23,43,28,51,63,38,69,42,57,17,19,32,33,34,31,38,90
"COG0114",22,22,24,17,10,38,26,92,54,44,22,19,8,125,44,14,12,15,20,14,13,49,45,40,16,32,2,17,30,37,8,31,17,15,25,51,39,22,25,34,30,24,54,38,140,13,11,97,6,16,22,56,7,20,36,22,78,28,25,15,70,18,22,41,52,18,71,13,17,20,22,22,27,36,31,23,27,11,26,35,14,130,40,23,32,66,41,8,7,29,35,55,24,9,45,9,7,15,8,24
"COG0115",333,295,402,286,283,246,358,309,284,299,313,342,286,340,376,381,389,242,278,335,295,320,348,313,418,349,428,502,291,290,371,324,283,378,274,282,323,347,378,266,240,276,377,327,270,285,246,391,300,297,313,216,354,298,309,353,245,301,281,324,356,324,374,300,347,422,284,305,259,249,271,233,339,363,276,317,336,234,270,323,331,373,306,380,324,342,332,307,381,312,327,334,322,369,380,326,290,391,311,333
"COG0116",157,247,233,146,161,188,111,168,117,100,138,264,239,240,153,151,308,225,168,150,112,211,144,161,263,288,218,210,195,227,160,137,195,307,133,149,164,141,285,225,173,170,196,156,207,159,204,303,182,186,196,196,283,130,194,190,186,223,185,155,245,237,194,204,183,184,245,224,120,225,244,114,199,257,291,184,298,213,154,248,200,148,200,197,174,137,258,185,190,265,198,164,277,217,208,180,98,194,152,214
"COG0117",227,240,196,216,196,188,273,105,201,168,258,207,291,102,221,230,202,323,200,206,227,141,177,158,215,225,266,313,194,139,241,213,173,144,144,245,209,190,208,198,153,187,129,215,257,149,133,67,193,198,186,78,147,194,186,196,77,174,227,236,188,191,226,155,212,244,150,247,161,228,139,121,201,204,161,164,234,103,145,117,214,122,188,210,210,202,184,183,287,192,140,175,194,204,171,179,181,214,192,201
"COG0118",102,137,76,117,142,62,131,111,122,161,130,146,149,83,160,120,120,191,128,110,97,143,133,107,138,139,132,146,144,159,136,111,117,98,104,140,101,121,122,82,125,92,139,135,159,71,123,90,126,92,75,57,79,68,90,84,46,75,92,75,93,81,95,86,89,71,69,53,49,96,74,45,90,92,102,79,91,61,68,57,85,96,84,91,83,87,114,78,124,66,80,110,108,69,84,64,98,86,95,86
"COG0119",675,683,446,544,466,436,598,382,537,547,588,681,757,479,574,544,584,734,540,471,466,568,436,476,572,688,565,593,532,521,682,561,557,410,444,457,525,442,603,541,422,611,577,487,506,598,485,306,575,551,565,449,631,593,473,438,359,455,612,679,642,804,571,564,570,596,494,362,356,512,623,351,551,601,620,538,500,419,439,597,600,540,611,510,563,425,524,613,838,686,623,595,645,554,494,489,479,553,569,631
"COG0120",31,20,40,58,36,98,66,74,58,177,4,20,28,11,23,32,19,10,39,36,40,127,24,28,12,26,0,6,15,19,10,31,16,12,80,35,64,48,18,54,51,34,25,23,111,43,33,116,42,30,13,75,12,59,36,55,88,50,15,21,8,48,29,25,32,8,46,5,65,25,38,82,14,33,19,24,31,13,61,15,18,82,22,20,36,25,15,32,4,12,14,31,8,15,19,32,18,23,26,36
"COG0121",0,4,2,1,1,10,3,38,2,7,5,0,2,0,1,0,5,2,26,4,1,3,7,0,4,7,3,1,0,1,2,2,1,2,4,20,1,1,5,1,5,1,11,7,1,1,0,6,1,0,0,11,1,1,2,2,52,8,0,0,1,0,13,24,0,0,45,2,5,6,17,1,1,13,2,2,2,5,8,3,0,8,0,4,4,1,5,0,0,6,0,0,2,0,2,0,1,2,2,4
"COG0122",31,90,42,47,54,18,48,69,30,34,21,60,25,156,49,32,50,50,49,41,50,58,47,95,12,109,18,48,95,61,36,42,47,76,38,33,68,24,58,54,44,60,136,82,55,32,105,63,69,44,56,168,72,15,73,135,73,54,29,28,96,75,35,38,75,62,86,13,60,41,85,104,34,56,71,82,54,168,46,118,73,66,52,50,48,35,87,79,22,93,105,75,90,32,100,36,38,17,43,69
"COG0123",13,6,38,9,12,0,1,1,11,7,1,1,9,2,9,9,8,1,30,11,10,53,23,20,6,21,2,0,3,13,1,19,4,8,6,4,12,7,6,13,16,9,21,24,3,4,0,18,4,21,4,8,9,8,7,15,0,3,5,7,10,16,6,9,12,13,1,4,19,7,0,5,4,6,5,6,3,0,4,8,9,0,8,5,18,11,2,5,8,4,9,2,3,9,6,4,4,8,10,15
"COG0124",308,226,300,295,268,260,312,248,257,314,290,323,331,313,342,340,329,336,223,311,270,297,328,271,331,267,312,354,280,305,376,289,293,364,258,282,271,320,263,274,268,318,337,313,352,274,314,351,297,304,314,464,320,294,317,403,142,256,316,328,361,335,313,256,306,316,224,299,267,258,270,448,312,233,272,292,358,214,262,309,315,324,316,296,305,285,281,384,307,300,310,325,256,304,315,312,300,300,295,302
"COG0125",33,60,44,60,34,22,184,122,20,159,18,88,27,169,32,53,57,38,71,51,62,89,77,75,10,58,45,45,63,86,107,47,47,73,6,65,47,16,43,59,24,39,114,75,115,62,70,117,72,78,83,149,70,17,34,110,54,46,28,52,120,109,69,105,54,46,59,22,42,45,42,121,42,39,64,51,95,70,12,138,71,162,52,41,49,58,60,91,29,52,66,76,31,41,58,73,57,37,44,46
"COG0126",195,248,238,267,220,219,260,263,211,262,286,306,307,350,226,232,250,306,232,231,189,283,257,273,347,251,214,257,249,304,288,258,228,330,163,261,203,200,235,219,156,204,327,257,302,156,207,286,211,273,269,347,313,191,216,340,165,227,255,288,315,308,240,258,286,312,219,212,152,242,228,338,237,223,263,234,272,238,176,368,294,247,248,242,258,224,256,246,257,285,258,247,248,317,272,192,173,253,208,215
"COG0127",97,156,156,116,190,125,200,140,116,223,192,203,162,201,162,126,198,171,145,129,89,174,170,196,186,171,161,157,144,158,183,165,161,232,141,188,146,149,231,138,135,140,157,162,225,182,176,204,137,130,170,195,180,111,130,184,114,150,154,173,187,144,160,158,154,167,145,154,124,179,147,137,145,168,229,149,176,138,132,187,174,206,144,142,145,183,195,163,170,189,238,174,209,173,170,191,135,162,149,156
"COG0128",225,255,210,239,242,174,239,221,195,257,231,238,311,310,226,216,243,280,213,228,168,277,247,253,326,293,283,256,248,235,309,260,285,207,195,251,261,238,295,190,225,223,269,279,213,196,254,217,261,315,312,210,250,156,261,255,138,144,240,221,300,236,257,254,286,276,226,259,181,215,248,193,253,206,248,242,246,253,220,233,208,273,272,229,254,199,273,282,215,263,201,218,223,255,259,236,257,203,220,234
"COG0129",391,567,346,340,419,286,584,352,456,422,400,363,513,294,502,435,396,465,332,442,443,310,331,365,431,444,478,511,411,589,400,437,369,297,351,509,368,386,364,329,499,367,680,415,390,310,410,472,406,484,434,325,358,295,490,333,436,360,444,426,405,291,357,405,463,462,400,440,390,371,524,291,461,384,414,456,393,331,412,369,383,576,394,442,485,342,446,462,390,487,368,374,375,351,415,365,404,381,397,421
"COG0130",140,173,182,168,147,131,198,172,109,283,190,213,232,202,143,151,187,222,163,146,127,166,153,144,243,188,175,224,161,187,210,149,187,236,89,201,134,125,200,138,114,142,208,191,248,168,186,199,141,192,161,245,196,105,160,231,110,128,168,146,213,215,205,182,230,177,167,187,95,192,138,301,175,170,217,157,227,154,106,226,175,225,163,160,171,139,199,189,212,213,182,182,162,168,202,147,99,154,121,164
"COG0131",192,150,133,186,163,152,159,125,130,137,164,160,144,103,180,182,152,145,129,176,153,140,126,159,206,167,173,178,159,161,165,216,195,107,105,134,127,174,128,147,149,136,191,147,156,105,156,94,138,163,158,106,139,169,179,133,73,127,166,182,185,166,144,158,196,166,115,145,106,148,154,117,185,161,140,177,158,119,154,122,129,142,203,166,159,139,144,144,183,163,140,176,130,180,145,143,164,168,126,188
"COG0132",89,95,80,92,86,103,76,147,125,28,11,82,61,27,134,108,42,31,95,107,99,75,81,93,28,71,58,36,77,59,83,85,94,38,85,78,85,101,26,93,110,95,54,76,57,67,70,48,76,90,72,43,41,115,79,53,126,105,78,49,61,39,63,77,89,84,102,65,89,112,66,55,60,112,54,65,51,86,76,45,39,70,92,120,97,112,52,76,85,79,40,72,49,102,95,71,95,110,78,102
"COG0133",170,249,164,135,140,138,406,148,204,260,267,183,208,151,228,216,222,250,131,204,198,240,155,131,194,187,331,281,180,132,220,180,192,117,172,253,142,151,225,170,120,194,155,171,234,138,209,224,253,212,179,237,171,136,168,156,159,176,205,204,213,163,178,162,249,242,152,115,156,174,152,101,224,168,193,186,270,229,153,149,188,297,172,156,195,170,197,207,245,195,140,170,208,176,245,149,170,209,205,177
"COG0134",135,169,107,122,139,88,325,138,120,232,124,102,167,97,184,131,172,151,131,135,135,194,125,124,129,161,222,168,125,97,165,120,148,106,143,192,127,125,172,126,131,120,97,139,149,116,170,129,184,100,122,102,119,99,124,100,101,154,126,132,154,133,129,134,149,120,118,81,112,183,128,110,141,131,143,151,183,182,148,107,150,251,139,125,147,89,125,123,169,133,124,158,145,110,160,108,168,130,127,138
"COG0135",40,117,84,45,77,55,241,84,76,176,89,73,129,81,90,43,92,140,79,71,56,186,111,60,84,98,119,126,77,33,88,51,91,55,92,135,81,79,125,74,58,60,82,70,134,67,123,131,110,60,81,61,56,63,62,70,103,85,83,96,114,83,85,76,82,63,112,67,59,119,79,71,62,99,115,80,130,86,67,70,112,117,61,68,78,38,94,91,160,79,88,79,93,54,90,64,95,91,87,73
"COG0136",212,207,203,201,209,190,277,259,190,355,307,229,305,246,199,218,273,289,218,203,161,264,225,227,273,258,226,280,227,211,287,219,208,256,141,290,220,160,199,211,155,168,228,242,277,189,165,250,188,176,246,243,218,173,167,190,212,182,224,230,235,279,232,227,250,259,253,238,143,245,203,273,230,221,212,159,342,234,148,279,248,235,235,208,209,175,248,214,271,248,264,238,178,233,214,186,147,218,143,244
"COG0137",319,291,223,251,259,200,382,219,214,273,353,316,323,287,243,299,288,362,225,326,313,299,281,259,209,325,328,338,239,366,331,273,272,205,185,314,229,244,220,256,259,250,317,264,294,202,299,276,315,268,329,212,268,230,311,235,175,237,311,297,318,275,269,292,331,330,278,255,214,260,283,196,314,265,260,275,294,214,280,288,210,347,266,306,270,219,327,252,314,327,239,273,259,266,379,277,304,260,279,285
"COG0138",395,349,425,418,334,364,414,237,448,309,552,376,471,259,386,365,362,505,295,509,451,350,375,347,510,378,372,482,363,337,421,383,466,372,361,467,361,405,413,404,313,398,339,416,455,372,306,318,388,384,410,239,450,391,379,339,163,379,407,431,370,334,380,344,429,434,320,361,302,424,351,247,391,402,284,332,424,298,390,323,391,337,348,419,376,330,343,362,575,364,290,346,319,418,444,385,411,430,441,316
"COG0139",142,194,104,132,174,118,182,92,139,144,129,144,120,89,159,144,138,154,156,137,124,142,146,139,155,213,172,134,171,181,99,159,165,107,144,99,129,158,134,143,150,143,144,129,138,116,162,77,183,118,154,100,143,150,140,160,58,113,132,128,131,145,158,119,120,177,156,155,107,146,149,111,166,149,175,169,91,108,123,102,166,161,138,195,160,148,177,157,166,165,148,185,215,152,138,159,202,159,155,156
"COG0140",108,153,109,113,165,113,165,83,142,111,103,133,118,78,163,152,117,127,137,138,106,107,145,110,126,147,152,121,130,173,111,140,162,113,135,109,108,170,111,130,147,140,97,116,108,98,153,52,151,126,154,107,130,150,138,129,66,112,124,101,107,92,117,104,126,146,104,124,91,165,171,116,154,139,167,153,72,55,118,135,136,138,118,170,144,123,128,165,166,120,146,130,128,114,128,163,213,164,145,114
"COG0141",208,213,180,221,236,170,270,170,227,250,275,240,262,209,213,218,236,263,159,236,205,282,215,232,175,232,289,245,211,243,244,203,257,162,202,271,190,220,222,210,178,218,253,226,232,168,238,152,232,193,215,156,185,205,216,186,111,187,268,241,266,199,197,198,237,219,171,253,157,220,217,164,266,263,196,217,232,205,185,207,207,294,200,211,232,193,259,238,304,263,197,229,251,232,245,204,236,235,232,272
"COG0142",352,225,412,326,304,312,333,312,411,330,555,338,460,255,294,311,490,465,370,355,339,270,396,294,488,365,616,520,291,281,425,293,405,402,320,484,265,298,395,286,351,338,282,323,508,262,298,259,343,348,287,245,312,322,320,262,201,310,388,418,330,238,356,305,404,256,272,526,221,447,275,298,304,393,277,289,572,176,342,330,338,320,322,397,348,303,285,280,518,304,235,320,352,331,376,320,388,339,339,296
"COG0143",435,494,447,398,350,250,544,312,278,549,606,499,445,584,375,404,555,494,378,427,355,452,396,413,634,478,545,561,415,420,563,451,504,440,289,473,381,294,483,365,342,387,559,440,476,389,411,463,459,489,439,502,499,246,446,562,198,373,399,435,488,470,426,438,523,352,278,500,247,522,380,487,421,402,444,420,558,521,352,559,452,386,444,357,411,300,461,497,448,477,497,419,328,422,399,355,357,283,379,383
"COG0144",253,463,358,327,360,242,263,258,281,243,284,372,365,441,369,293,384,283,294,244,250,625,305,299,279,359,278,318,398,411,345,310,317,365,292,323,345,325,451,378,329,319,344,316,391,247,409,492,366,317,358,376,369,246,323,347,298,334,311,254,382,440,248,369,323,394,414,292,267,276,356,365,347,331,440,331,398,444,312,444,356,353,333,296,346,223,414,341,271,398,372,354,295,345,325,264,310,285,298,405
"COG0145",28,91,38,16,31,17,21,22,24,188,2,27,15,15,24,21,16,30,11,17,21,83,24,36,14,27,7,11,10,38,17,40,19,16,48,21,27,12,18,21,15,28,29,40,5,31,10,41,15,41,14,26,42,11,18,10,123,104,15,14,36,20,8,20,20,6,17,39,70,17,5,27,14,16,10,17,2,9,50,41,15,3,17,20,32,22,24,17,10,6,19,9,2,12,17,11,9,25,28,28
"COG0146",4,4,7,2,1,0,13,1,0,0,1,7,6,3,1,5,3,4,0,2,1,0,1,7,1,5,1,7,1,2,0,4,6,0,3,2,11,3,2,1,0,6,4,1,3,7,0,0,0,4,12,6,4,1,0,0,15,1,7,20,7,4,0,4,0,6,5,5,2,4,1,7,4,0,4,1,3,0,2,2,6,0,6,7,10,4,4,0,0,1,8,0,0,9,6,5,1,14,4,6
"COG0147",316,302,309,332,339,330,385,306,407,304,321,291,334,220,444,433,430,282,305,364,334,237,287,258,402,338,526,256,333,274,301,325,338,284,372,363,269,401,407,308,334,411,251,300,288,289,417,313,376,274,306,182,277,376,341,283,273,368,287,444,273,239,301,274,357,344,326,231,270,311,331,223,355,401,298,321,342,323,335,234,311,464,305,338,357,306,254,329,311,313,314,346,336,316,353,300,459,367,364,397
"COG0148",321,322,301,312,307,241,319,354,392,295,205,319,274,251,303,375,277,325,307,362,417,386,298,308,360,312,208,266,300,319,371,361,337,368,226,247,319,236,342,393,228,380,303,297,359,270,327,352,376,389,308,332,389,332,334,309,374,386,275,336,274,433,338,364,386,388,316,231,185,266,259,381,287,317,395,275,299,392,223,412,353,332,361,259,351,291,357,303,269,368,385,323,224,295,327,336,229,300,409,335
"COG0149",183,157,145,223,210,169,286,170,158,243,55,227,108,244,155,212,158,88,154,152,134,204,217,200,42,234,114,93,178,194,152,182,188,136,173,132,172,134,111,205,155,135,225,178,177,177,140,225,164,207,159,261,168,185,170,213,176,139,128,125,216,202,192,191,183,170,145,105,188,161,154,227,185,189,178,165,128,259,139,249,165,208,170,163,158,164,161,198,133,194,223,186,199,177,175,181,150,178,146,188
"COG0150",161,242,290,227,242,208,291,169,198,255,242,278,284,203,251,279,223,239,228,246,183,271,212,231,339,273,190,244,248,254,259,208,221,237,185,198,197,182,237,214,195,203,294,222,318,188,237,279,199,255,292,205,260,202,238,228,152,192,249,222,265,277,269,205,276,271,205,221,172,253,245,177,240,257,251,219,225,177,178,249,224,265,233,237,243,227,261,264,260,254,234,220,247,255,206,186,170,272,202,244
"COG0151",223,291,246,214,220,178,249,223,173,267,267,305,346,240,253,291,273,319,252,229,232,307,217,185,330,288,293,297,241,225,310,254,252,246,129,244,182,200,262,195,158,245,260,240,302,235,221,288,230,262,275,190,262,169,261,223,171,236,220,216,271,234,271,232,316,322,216,259,168,210,257,165,284,243,272,210,324,199,230,263,270,255,253,236,245,232,267,283,241,267,232,230,240,269,276,200,178,234,189,262
"COG0152",200,204,195,192,201,163,175,158,213,165,218,229,233,172,257,265,207,253,194,199,177,216,247,189,267,236,169,220,186,228,218,254,210,231,149,186,195,178,220,227,163,200,209,235,210,190,184,273,223,258,223,178,225,187,233,165,106,171,217,236,230,220,227,197,217,272,159,204,152,209,177,143,233,186,217,208,223,128,160,194,233,223,205,181,203,218,215,198,206,182,222,215,151,246,229,227,176,217,169,218
"COG0153",269,263,273,261,260,180,302,203,199,270,250,335,312,272,277,235,295,323,257,203,228,195,195,250,299,251,281,319,272,364,316,248,294,518,210,257,236,268,254,241,238,234,249,231,269,271,287,284,308,236,296,201,424,220,330,248,148,249,258,275,291,253,241,245,230,300,255,270,168,226,294,162,333,182,265,323,273,298,225,256,276,245,261,305,273,191,318,296,288,258,231,345,290,277,335,274,297,242,259,272
"COG0154",47,219,117,103,124,58,309,149,50,292,42,212,61,193,85,70,114,88,83,74,67,515,128,126,52,157,67,113,144,68,115,98,95,152,67,112,109,45,141,125,51,92,246,98,279,100,133,293,205,140,139,267,203,49,90,266,53,106,64,96,210,247,74,129,108,143,118,60,70,74,82,362,131,97,202,125,78,284,33,200,166,469,111,43,119,70,232,139,57,159,265,180,134,93,150,95,65,56,110,129
"COG0155",6,53,18,3,7,32,44,130,29,55,4,4,20,3,29,8,12,411,72,12,29,46,40,21,16,35,10,10,14,30,26,18,14,6,12,63,25,18,16,26,58,23,39,14,37,21,10,75,8,38,10,24,7,12,14,21,147,64,13,22,24,11,16,47,31,12,86,18,44,27,29,16,11,34,8,29,11,28,35,9,5,130,12,16,29,16,29,14,6,23,4,9,9,15,11,9,10,8,10,23
"COG0156",683,189,418,445,486,482,91,423,500,87,307,279,417,273,518,692,296,252,566,420,486,77,636,431,359,319,435,247,411,338,399,704,584,368,1363,288,381,1246,126,340,490,480,270,588,215,350,336,47,400,556,549,253,311,526,631,492,187,515,565,331,356,177,505,314,416,492,274,406,402,442,400,409,537,711,294,624,273,111,541,282,248,77,538,487,600,475,170,342,472,339,230,339,210,533,372,351,591,586,382,531
"COG0157",204,165,150,142,161,146,216,131,177,89,219,183,230,99,195,196,176,186,155,188,217,258,173,179,258,150,201,186,181,118,211,204,194,229,160,175,151,164,145,144,178,179,193,160,167,139,223,100,165,190,181,97,198,180,186,165,121,167,188,145,163,156,165,149,185,197,160,179,120,177,158,118,176,156,181,198,209,230,171,142,215,185,206,184,180,123,161,206,273,183,147,208,146,182,184,146,177,213,163,215
"COG0158",10,0,24,5,11,14,2,53,14,9,5,3,10,2,5,11,12,0,38,13,4,31,16,21,13,17,0,2,0,8,1,10,5,13,3,29,10,10,4,7,8,7,7,15,7,5,0,11,3,6,13,18,5,6,7,6,65,4,13,8,9,2,7,36,2,9,49,6,6,20,10,10,2,12,8,4,7,11,7,1,5,1,4,4,28,36,2,5,4,17,6,3,3,6,5,6,5,13,10,19
"COG0159",127,151,109,115,144,120,222,108,143,180,220,124,164,174,156,131,155,166,116,118,154,178,117,99,187,155,206,167,127,92,189,149,148,94,136,182,113,166,145,158,135,175,140,147,175,161,198,127,174,147,135,107,109,118,151,85,110,138,174,170,122,137,139,113,124,141,114,75,86,130,136,90,118,128,144,160,198,143,161,133,145,172,153,160,123,102,149,153,188,127,127,162,191,129,145,109,126,146,163,135
"COG0160",6,64,23,24,7,31,220,73,13,258,7,45,40,24,4,14,43,11,131,40,9,151,59,28,14,17,43,18,52,12,31,19,14,93,27,76,34,19,24,28,16,19,44,28,83,2,46,58,51,43,31,44,33,17,14,19,94,25,20,13,46,85,30,92,53,122,129,10,11,55,32,14,53,39,55,21,29,96,11,69,116,274,24,21,30,8,28,39,9,40,35,27,8,17,17,10,17,22,46,70
"COG0161",247,147,187,225,211,226,150,134,263,39,15,122,121,73,253,300,71,36,187,231,267,78,133,135,39,187,105,41,160,136,130,244,194,72,163,55,219,219,31,177,194,220,136,169,80,176,101,66,121,233,162,88,111,222,190,153,114,122,170,115,91,81,144,135,246,211,92,138,189,180,205,104,214,171,79,150,103,69,236,102,84,86,210,217,248,173,70,162,141,133,90,135,66,223,153,158,171,237,131,195
"COG0162",270,256,268,260,232,194,326,205,225,333,381,279,291,301,264,297,367,367,212,317,319,239,257,239,345,295,340,340,211,262,329,257,285,357,141,328,226,215,323,194,181,255,329,270,340,211,236,341,232,295,318,377,304,231,227,306,170,285,290,316,318,303,291,295,287,305,238,302,175,271,229,324,230,262,300,274,338,223,210,373,277,262,220,263,232,257,298,272,320,262,244,223,257,302,318,247,207,264,273,212
"COG0163",30,27,28,13,12,25,74,66,11,15,3,8,16,15,19,12,15,8,37,44,15,24,51,55,13,8,26,21,22,28,11,40,11,11,12,34,36,10,6,23,9,9,31,58,15,17,6,29,29,28,7,17,4,11,12,25,58,26,11,8,17,21,14,15,28,11,30,13,34,15,7,10,13,12,5,4,8,11,8,6,26,17,12,11,18,20,7,19,11,10,8,6,1,18,7,13,16,22,23,15
"COG0164",180,119,144,135,164,114,177,116,121,184,214,125,157,188,151,153,211,163,144,127,113,143,128,153,220,133,207,161,172,175,165,139,143,192,111,166,128,120,160,138,126,126,165,127,144,154,155,156,143,143,178,165,188,125,151,187,67,120,142,147,168,184,145,152,171,149,125,219,107,160,142,151,154,128,168,157,163,148,151,163,174,152,161,163,137,124,163,146,172,161,133,185,159,152,166,140,121,154,158,147
"COG0165",228,330,259,259,250,238,434,204,300,297,367,289,437,315,268,289,350,444,271,322,285,457,299,246,424,301,386,432,231,305,338,249,256,206,235,356,247,298,359,263,235,289,333,271,383,268,225,256,341,246,313,223,269,284,285,289,199,290,351,327,353,268,291,294,350,381,256,311,268,311,251,191,305,286,360,227,357,266,207,263,321,317,265,273,318,255,327,248,388,330,299,238,226,287,334,253,274,264,289,252
"COG0166",308,344,308,305,305,240,449,248,288,419,374,397,306,423,269,326,369,318,285,331,287,387,321,330,340,356,352,334,326,324,327,382,322,339,253,313,319,308,293,294,286,312,336,304,371,253,304,409,316,335,373,329,323,261,349,376,238,314,298,267,410,364,313,286,344,417,303,308,230,382,335,324,334,320,351,360,390,422,276,348,326,394,327,284,334,304,377,345,279,345,319,345,275,330,304,334,291,269,320,280
"COG0167",351,279,274,363,312,338,476,379,396,686,142,309,216,234,406,381,274,150,360,272,333,258,345,341,285,289,247,176,350,314,302,395,327,284,394,264,361,434,202,346,393,338,318,330,310,311,294,329,350,359,347,215,294,384,348,313,208,316,269,217,273,269,439,268,400,336,234,292,292,276,319,347,305,469,340,324,207,253,359,314,254,408,354,341,345,398,236,328,317,309,282,432,275,375,306,313,363,388,321,332
"COG0168",414,419,364,445,435,367,437,302,439,322,264,520,479,533,454,466,408,419,414,443,379,514,455,445,346,469,363,418,416,489,473,469,410,401,434,267,469,467,350,381,487,450,419,445,427,382,464,517,467,422,694,595,590,565,643,654,382,652,609,534,786,647,667,628,651,729,619,523,619,550,663,534,738,724,569,697,464,697,604,708,633,546,624,790,615,687,730,694,653,729,660,694,655,700,665,666,704,666,637,718
"COG0169",155,317,232,183,194,144,290,216,193,269,208,218,225,263,208,201,233,252,268,187,164,255,228,230,233,231,203,246,194,273,245,224,210,247,211,297,218,168,239,219,190,171,308,220,237,156,212,331,207,197,217,216,254,140,182,232,263,233,187,214,220,200,220,217,214,214,242,209,166,254,159,156,222,236,220,218,262,184,127,227,242,268,184,186,219,193,322,230,248,243,203,226,293,169,202,228,156,197,210,205
"COG0170",0,0,0,0,0,0,0,0,0,0,0,1,0,0,0,0,0,0,0,0,0,0,0,0,0,0,0,0,0,0,0,0,0,0,0,0,3,0,1,0,0,0,0,0,0,0,0,0,0,0,0,6,0,0,0,0,0,0,0,0,4,2,0,0,0,0,0,0,0,0,0,0,0,0,0,0,0,0,0,1,0,0,0,0,0,0,5,0,0,0,1,0,0,1,0,0,0,0,0,0
"COG0171",157,237,239,228,173,150,244,163,173,228,184,256,279,295,167,226,263,330,167,278,233,169,289,246,311,203,236,302,239,249,292,214,226,245,126,202,212,164,255,121,131,224,259,249,281,212,197,228,145,250,446,320,382,263,397,402,123,283,402,349,440,362,342,347,423,301,251,368,237,374,279,410,347,210,358,304,303,326,289,361,358,427,345,278,282,260,309,364,437,312,427,283,266,392,340,328,279,349,323,306
"COG0172",284,345,310,284,241,173,444,234,231,331,287,398,250,425,237,216,290,352,293,292,238,333,289,283,331,352,272,355,270,385,275,257,268,358,194,309,257,217,330,222,206,253,366,310,353,199,336,416,305,221,341,455,400,220,262,368,144,297,245,254,362,332,286,323,290,323,265,256,211,294,286,387,284,270,337,281,326,375,153,354,311,362,238,298,284,264,410,344,300,280,331,299,250,324,290,266,252,236,280,283
"COG0173",312,502,436,415,311,301,509,298,266,392,381,491,316,527,363,348,522,352,245,338,354,518,365,384,426,360,335,332,429,293,403,440,418,534,272,318,340,298,412,411,313,402,597,346,384,309,470,476,468,438,446,569,453,254,348,520,161,319,362,392,472,614,336,423,425,435,285,388,208,347,275,655,403,337,487,422,435,441,258,545,462,474,420,263,368,328,385,500,372,469,517,396,353,416,429,306,272,370,358,424
"COG0174",184,280,151,239,188,94,402,292,173,511,54,192,138,236,162,187,150,156,191,182,224,346,239,246,58,222,110,143,294,237,159,233,258,136,196,211,221,126,155,294,172,156,322,213,324,153,213,360,224,153,249,211,152,169,232,173,303,236,157,111,244,187,199,195,212,190,268,106,171,121,237,189,201,172,165,226,188,216,130,243,205,465,185,147,192,167,272,239,91,221,199,257,234,161,221,203,175,160,216,262
"COG0175",198,196,119,171,233,206,50,241,227,70,33,204,98,195,235,185,145,268,216,158,134,135,208,200,182,292,66,46,214,229,157,285,198,163,210,69,193,253,174,170,212,154,120,145,119,90,263,79,229,197,224,212,182,158,217,186,196,152,197,138,108,170,164,265,230,202,232,459,126,208,229,145,218,219,172,215,99,157,175,212,179,148,194,201,247,187,162,279,183,192,178,366,213,168,156,179,326,242,187,268
"COG0176",158,186,111,103,169,171,269,292,167,257,28,107,85,122,165,164,90,81,177,129,135,191,133,165,60,111,74,51,117,111,83,183,72,59,166,209,112,134,85,148,153,179,138,124,132,183,136,252,146,136,124,92,101,164,127,109,400,190,119,86,84,109,121,153,89,168,250,74,116,108,148,96,118,139,105,142,64,198,134,104,103,177,116,120,123,134,179,150,58,132,114,140,124,86,130,148,132,148,195,182
"COG0177",146,151,136,183,184,131,180,142,127,209,164,169,184,196,176,141,174,182,140,156,158,214,187,150,191,167,151,193,162,150,197,161,147,161,134,151,176,142,145,149,152,159,173,156,206,152,161,203,192,151,104,153,104,86,121,117,73,99,105,80,121,129,127,123,108,91,75,92,108,99,119,151,107,101,94,102,128,117,102,123,100,123,142,109,108,105,94,127,85,103,113,117,103,100,119,101,94,96,114,99
"COG0178",738,763,930,896,746,645,916,662,931,1023,1218,949,1247,934,794,1071,938,1262,759,994,878,807,899,767,1397,831,1014,1188,812,744,1205,908,832,980,683,909,846,807,875,647,725,855,885,987,1098,586,687,691,719,837,961,907,912,739,824,988,346,726,1012,912,999,831,952,797,1105,929,581,1086,680,774,731,927,864,770,902,775,1136,650,729,978,841,870,938,800,909,924,869,834,1079,862,837,933,664,1010,802,758,715,841,766,885
"COG0179",122,70,129,94,111,95,173,112,142,195,146,95,145,50,113,175,131,149,170,119,92,35,163,112,183,85,170,184,91,141,135,115,110,111,89,174,106,113,61,115,64,95,111,106,162,76,59,41,81,108,89,68,95,124,124,107,93,89,159,144,111,81,125,116,129,144,98,163,97,157,92,74,110,115,89,78,119,27,69,74,113,178,123,117,89,121,75,102,174,101,77,124,73,106,88,101,88,137,116,107
"COG0180",237,240,258,258,281,219,313,211,215,344,284,257,288,290,281,267,274,356,279,260,201,306,275,274,334,264,256,292,232,274,287,220,251,309,202,245,237,288,298,235,251,245,266,297,301,237,332,301,267,250,249,320,285,195,233,316,109,241,248,226,296,317,260,253,285,260,218,261,189,235,281,382,245,271,259,263,318,224,237,293,280,320,242,295,260,260,289,268,272,310,316,269,256,262,239,241,276,236,246,254
"COG0181",20,71,62,22,25,48,59,61,23,48,7,42,31,39,37,27,54,403,58,23,41,119,33,58,20,56,12,24,59,33,51,25,36,33,41,46,27,35,69,60,25,34,48,36,45,32,89,82,19,66,46,59,37,19,21,37,118,42,26,37,62,77,18,67,49,54,82,27,46,53,22,37,33,40,45,49,33,145,43,22,73,71,25,21,54,23,49,50,31,73,34,46,120,34,16,32,19,29,53,92
"COG0182",46,58,54,31,43,30,6,30,35,28,21,35,25,47,28,25,33,24,39,28,20,58,63,89,24,43,4,10,53,32,21,37,36,32,28,8,43,10,24,14,30,23,104,66,37,45,5,55,22,42,41,60,53,23,29,87,31,24,33,45,81,25,36,47,53,29,9,19,58,18,16,50,19,15,34,44,30,5,56,77,34,56,57,21,56,68,25,58,23,32,76,25,11,43,69,37,6,22,25,49
"COG0183",85,149,78,56,82,90,69,299,81,99,21,149,62,89,50,73,138,84,209,70,67,31,155,146,40,140,87,84,96,160,60,93,82,66,48,244,76,40,96,127,73,66,160,84,227,89,65,187,68,96,121,125,109,45,101,100,451,109,80,56,143,216,99,249,74,121,308,67,106,77,220,70,97,112,83,124,78,56,55,155,115,183,94,103,101,69,144,91,29,171,125,54,116,80,82,92,33,61,76,94
"COG0184",86,79,57,63,133,76,107,71,108,125,104,85,66,70,98,70,76,89,75,69,58,65,102,108,48,98,97,97,64,92,73,87,74,118,92,93,61,92,85,62,92,85,95,100,93,74,71,99,91,74,64,89,82,85,65,133,54,76,65,70,77,92,79,74,61,78,76,112,84,112,66,119,70,80,55,96,115,54,57,58,93,84,78,86,72,73,83,79,85,65,91,111,108,61,88,109,112,82,74,79
"COG0185",80,74,76,89,87,60,105,76,88,116,54,101,72,116,103,93,94,75,76,89,65,113,104,99,70,100,70,73,69,99,78,73,76,118,106,98,85,93,94,84,86,87,102,108,87,80,91,67,107,79,91,99,100,78,88,127,55,81,67,58,93,112,96,106,72,104,73,83,78,111,77,133,89,74,112,100,79,54,63,99,91,103,74,104,85,82,76,93,64,81,126,86,114,76,76,97,108,78,94,105
"COG0186",71,83,67,94,62,74,131,84,50,112,143,92,94,115,64,69,96,118,49,69,46,105,111,109,74,86,84,114,69,83,98,88,69,96,77,105,55,50,95,63,89,68,89,90,114,81,77,98,106,81,67,107,119,51,71,97,53,61,84,98,105,93,105,83,69,80,75,73,64,87,63,111,72,68,85,99,105,72,37,93,114,86,83,83,73,60,102,90,118,86,117,81,96,65,61,75,62,60,75,74
"COG0187",795,897,883,830,784,657,758,774,633,886,875,1095,860,1043,713,727,902,892,757,753,751,979,771,713,1223,989,944,927,814,911,876,708,819,996,625,885,773,595,984,703,685,708,883,772,974,552,842,922,827,848,940,973,966,540,944,839,576,789,737,711,912,917,835,785,949,803,779,738,531,793,888,968,806,841,930,891,950,893,745,895,859,917,892,812,846,711,1010,918,799,960,774,778,737,949,850,768,679,650,783,790
"COG0188",937,1008,1083,1015,885,775,1147,876,711,1327,1101,1263,1115,1338,757,953,1141,1126,770,906,797,1057,937,902,1147,1029,1142,1140,908,1027,1174,958,999,1142,780,898,873,724,1124,920,926,874,1124,940,1014,749,934,1087,926,1041,1080,1115,1141,720,1001,994,565,760,1051,991,1043,1028,945,914,1159,979,773,1006,556,912,934,1164,988,870,965,997,1108,1038,812,1164,952,988,1059,929,992,796,1180,1050,1015,1024,1069,957,927,1058,910,809,842,834,804,860
"COG0189",12,32,18,69,33,56,0,94,38,28,15,58,14,36,5,16,55,7,59,26,61,12,46,34,13,55,1,13,37,35,17,34,46,41,46,61,66,19,19,48,30,28,34,29,4,51,76,28,14,35,22,62,24,67,39,21,129,63,19,20,46,23,22,80,29,11,84,14,54,29,57,44,20,44,27,19,43,69,33,52,20,14,24,25,16,19,19,46,7,39,36,12,12,37,127,34,20,36,25,34
"COG0190",210,221,256,184,227,152,252,177,228,258,256,222,250,257,258,232,254,182,160,201,232,175,204,244,285,197,209,252,227,185,272,249,217,222,140,222,219,175,171,188,182,247,266,220,241,208,168,207,209,222,218,232,227,182,226,256,139,164,205,222,226,222,224,207,244,237,178,234,146,184,194,197,206,179,205,205,239,158,181,254,243,208,241,234,235,196,191,221,235,214,198,250,203,242,237,180,155,224,195,206
"COG0191",253,404,382,236,265,323,949,419,261,442,293,285,311,415,218,215,323,411,317,397,208,293,353,345,253,353,452,412,270,382,287,236,231,319,281,485,248,236,325,259,260,264,438,261,341,196,258,435,427,312,212,417,280,222,270,323,606,364,270,270,347,318,258,313,244,296,335,230,456,423,271,324,232,383,283,343,287,710,254,382,334,470,263,279,306,287,399,350,352,285,284,265,324,244,284,232,266,243,328,230
"COG0192",359,438,336,339,352,196,238,247,255,380,491,415,366,416,376,306,547,432,446,311,309,409,313,316,391,344,466,443,309,338,375,331,317,324,296,389,314,262,380,324,307,426,367,329,375,325,347,342,294,362,243,334,207,148,254,270,125,214,236,230,239,212,216,200,242,233,224,263,166,202,284,169,245,196,261,219,278,382,232,280,198,219,217,220,213,211,251,243,232,211,205,218,261,237,188,200,198,220,194,217
"COG0193",107,158,156,136,121,113,171,127,113,140,112,149,150,158,162,147,100,166,145,162,137,177,174,167,143,146,99,140,142,143,146,111,159,189,95,129,135,150,132,120,131,136,151,148,177,127,148,231,147,143,154,183,187,97,139,194,90,114,138,132,164,155,149,145,139,137,116,93,94,129,137,183,120,135,178,132,134,168,104,184,157,180,159,156,147,144,190,133,151,157,138,148,146,155,162,148,136,141,130,134
"COG0194",156,330,176,191,228,129,207,186,178,235,166,255,178,245,208,189,182,245,145,155,131,321,212,204,199,244,87,198,201,203,234,194,228,246,182,165,176,176,228,217,150,171,140,226,259,266,279,256,250,172,205,227,259,161,162,264,150,172,216,167,192,229,211,191,168,220,208,148,130,190,171,245,230,189,244,221,247,217,154,238,284,209,216,186,203,185,264,196,219,251,296,199,302,182,197,211,191,179,176,229
"COG0195",261,256,299,277,256,189,250,261,236,303,431,303,412,320,237,287,359,386,261,283,231,253,285,245,385,356,375,403,305,280,334,258,283,335,227,415,249,317,348,220,255,236,349,286,351,272,252,289,259,262,347,363,308,241,261,342,216,262,311,304,382,322,320,295,303,301,254,389,170,322,270,284,287,295,332,307,425,238,259,333,286,272,322,305,266,292,282,268,398,319,320,249,259,303,284,228,282,276,286,240
"COG0196",139,158,178,188,144,194,277,177,138,266,230,199,165,242,122,149,222,262,139,162,163,197,205,163,357,197,228,247,193,176,169,182,196,227,107,233,173,135,255,189,141,136,195,185,232,142,180,201,191,173,213,137,216,132,171,192,150,170,167,183,209,206,208,173,211,157,196,207,152,207,156,140,188,214,215,170,227,124,143,219,226,215,221,157,164,184,187,186,214,226,173,181,202,176,178,184,122,155,172,168
"COG0197",146,134,143,135,164,60,140,107,108,97,182,148,136,121,144,131,146,191,107,109,90,141,144,149,156,127,145,179,136,137,147,98,112,169,120,193,85,119,147,119,138,136,139,124,163,141,148,138,160,111,155,165,183,131,125,169,88,132,133,154,132,168,108,129,98,157,124,161,93,125,144,185,135,139,139,163,144,109,101,144,170,116,128,169,140,104,155,113,158,153,156,144,167,128,157,152,174,144,136,137
"COG0198",76,108,88,103,100,99,144,117,53,119,121,114,102,96,64,70,120,139,64,69,56,110,119,117,100,110,83,132,103,78,111,74,88,141,81,137,68,80,103,110,54,70,97,82,110,108,97,138,83,72,102,128,124,59,72,104,72,94,90,116,124,114,71,81,98,84,98,82,64,88,75,135,64,87,81,86,126,100,56,126,136,117,77,83,89,102,121,96,122,114,117,106,157,103,82,86,71,82,90,77
"COG0199",46,14,42,44,43,52,26,45,51,32,76,39,43,39,44,56,62,49,54,42,30,27,42,64,58,45,52,64,38,21,70,48,37,54,52,62,44,49,34,51,41,39,27,41,60,35,37,31,32,48,49,53,59,74,49,68,61,45,67,68,74,42,77,62,63,35,50,88,59,110,46,78,57,83,63,52,79,41,51,70,71,43,61,69,63,79,74,73,79,42,78,74,68,60,51,72,42,67,65,55
"COG0200",137,126,136,122,149,92,153,118,123,134,103,119,122,151,127,100,130,145,122,118,107,161,186,170,121,147,106,156,123,104,130,90,132,157,126,148,126,120,127,129,137,101,146,117,161,96,135,141,139,102,105,162,150,109,131,175,82,125,110,100,156,143,151,123,101,114,84,138,101,114,97,209,118,102,128,125,138,105,112,154,149,132,118,129,126,160,143,127,145,133,148,158,161,134,121,137,138,122,162,115
"COG0201",286,310,362,312,299,208,320,291,222,434,427,374,344,459,274,257,366,466,291,247,252,364,396,358,451,366,363,391,358,334,376,292,267,429,316,384,285,268,428,273,325,251,350,332,412,201,313,451,300,327,351,444,421,245,336,420,241,249,335,339,430,397,386,295,355,276,306,355,234,269,278,463,315,308,368,326,448,296,222,355,378,337,300,333,300,286,412,310,404,319,414,328,514,349,292,321,303,311,363,280
"COG0202",142,152,169,141,178,104,203,132,120,203,183,203,140,221,153,168,185,152,125,145,117,217,203,196,180,183,242,188,141,154,164,144,115,238,138,158,135,146,191,141,127,119,187,149,144,110,153,192,149,190,272,296,295,180,220,337,106,170,193,214,285,250,308,218,244,246,192,272,119,283,190,354,207,221,291,253,349,188,155,306,264,294,224,234,236,235,307,257,242,228,301,303,275,268,202,216,249,254,273,228
"COG0203",109,134,111,100,152,88,135,63,100,76,116,156,107,119,134,106,127,109,89,96,62,151,115,145,123,167,117,133,109,90,103,118,112,162,78,122,87,94,99,98,86,106,133,119,114,122,95,146,106,116,110,148,171,85,70,173,66,92,116,135,143,150,132,101,104,126,109,131,54,117,86,184,106,126,144,127,125,90,72,140,135,92,112,102,104,141,143,115,111,129,166,126,157,114,127,104,97,135,105,130
"COG0204",339,309,387,391,425,428,278,446,453,438,421,302,341,325,317,361,358,316,409,517,537,358,332,410,373,414,369,340,325,380,362,321,392,329,412,361,370,584,297,428,517,453,515,387,337,461,472,392,413,400,424,348,325,493,403,403,387,538,387,368,380,393,341,451,362,404,444,424,641,362,470,420,342,373,344,382,425,412,564,332,370,363,340,348,443,292,352,339,404,347,325,358,424,415,476,424,466,336,558,332
"COG0205",851,833,752,686,929,564,656,366,746,296,626,830,798,695,896,839,751,751,699,927,870,620,660,668,711,892,856,746,859,882,819,846,816,751,714,520,684,949,619,685,809,757,563,699,598,706,811,613,871,823,854,600,903,661,866,697,352,817,760,787,754,764,858,672,800,923,588,733,533,728,894,533,923,780,825,852,592,1022,929,807,721,437,724,978,889,680,862,784,865,836,715,803,791,785,783,801,1067,839,916,863
"COG0206",287,316,341,268,258,229,392,236,206,325,494,305,514,308,307,295,386,232,262,305,272,289,267,206,456,308,446,272,258,299,309,277,297,373,213,374,260,271,399,241,272,241,237,260,271,166,264,293,357,262,329,363,364,206,322,386,158,234,238,264,303,304,291,261,325,294,238,303,222,325,297,406,333,255,334,303,387,293,298,352,293,325,306,328,337,287,284,312,266,272,295,311,266,326,309,263,292,287,271,281
"COG0207",252,109,190,154,167,159,99,190,173,280,48,197,125,153,205,295,149,70,143,245,205,147,179,254,129,188,63,61,187,98,197,190,163,160,180,81,166,193,75,150,237,335,149,145,134,221,150,195,154,211,174,212,146,176,159,194,120,239,182,140,178,143,175,206,155,222,147,115,178,152,146,174,157,170,231,161,140,144,180,197,119,178,200,184,139,211,135,148,188,128,167,176,202,224,218,193,254,282,171,148
"COG0208",106,54,87,73,87,106,109,177,114,254,23,65,43,42,75,67,48,28,157,64,71,147,89,113,102,92,49,30,42,123,57,43,55,27,118,121,92,119,34,79,203,92,64,62,77,45,81,193,98,78,73,85,64,100,92,61,200,86,45,52,78,59,78,97,44,85,152,57,148,83,138,60,72,118,49,106,26,87,174,49,53,154,49,140,123,52,42,86,34,61,42,94,39,55,81,127,145,44,103,100
"COG0209",399,127,593,307,328,432,172,547,604,525,104,356,198,194,366,452,187,86,406,701,448,299,327,390,459,269,136,84,272,302,256,379,333,393,396,173,317,370,69,380,459,401,401,310,312,305,222,346,333,406,223,215,231,302,237,201,248,272,206,132,173,168,275,238,273,269,218,165,325,245,220,138,200,287,210,187,81,103,367,128,127,222,256,282,359,318,63,201,187,177,125,180,101,307,249,217,227,283,260,254
"COG0210",684,945,975,767,1020,1191,1607,1137,681,2091,654,943,1125,1120,1048,791,1082,767,864,626,516,1222,1000,941,948,1167,606,1125,724,1047,957,852,953,1172,1008,1182,702,531,908,809,884,789,934,875,965,1250,814,854,753,727,725,1050,962,996,715,1049,808,945,1133,1027,1052,881,913,948,832,818,894,1355,880,953,741,1007,871,900,992,826,921,770,652,1073,1225,1720,898,947,1044,3473,975,999,803,983,1001,1295,836,920,755,759,1091,967,719,859
"COG0211",28,37,46,35,26,34,51,48,29,78,60,39,42,48,39,19,66,50,23,35,19,48,49,38,35,38,44,58,38,42,44,35,28,74,54,65,27,33,35,29,42,28,26,41,44,36,36,59,38,29,58,95,69,51,37,80,39,45,58,73,73,79,73,51,42,49,56,79,44,63,48,102,42,50,57,53,91,67,29,96,66,81,51,54,59,66,62,50,72,45,83,64,67,55,54,58,60,37,56,59
"COG0212",126,107,131,133,143,84,218,132,132,179,167,139,123,154,136,158,118,146,114,132,112,145,154,140,129,122,145,173,165,125,152,127,143,113,110,157,128,148,151,124,120,135,140,163,176,93,155,161,140,144,130,127,127,112,127,139,73,124,147,151,145,131,112,126,116,129,104,152,97,131,155,115,126,157,135,125,165,106,127,130,152,192,135,123,141,101,120,134,172,140,114,133,153,146,136,136,178,127,140,138
"COG0213",35,120,55,61,51,20,171,78,23,38,33,102,24,154,11,70,63,33,60,44,31,104,65,71,11,73,64,72,84,109,70,35,45,90,33,72,78,13,68,42,35,44,163,40,56,41,20,140,64,33,57,87,78,17,35,107,82,46,30,22,94,84,27,66,29,35,68,7,32,43,52,147,43,32,79,34,33,44,15,91,58,62,25,46,39,17,68,17,24,85,90,23,21,28,74,43,17,22,49,35
"COG0214",16,162,101,28,40,24,224,33,13,155,150,63,135,89,36,25,98,219,28,40,27,132,46,51,209,58,118,187,24,37,112,42,54,167,29,110,38,9,181,38,27,41,16,79,112,23,51,112,101,63,47,31,98,8,26,35,16,34,70,91,86,115,39,27,80,64,38,82,45,40,22,43,49,39,52,42,113,48,13,38,121,121,33,17,90,50,106,35,126,72,68,41,91,41,25,33,33,21,66,45
"COG0215",308,314,304,300,322,268,415,301,225,393,360,365,343,423,317,331,449,373,336,359,281,390,289,275,425,393,485,415,395,391,339,313,336,370,272,271,280,270,356,296,268,266,377,300,390,235,286,374,327,336,353,405,411,235,330,440,171,317,324,391,403,345,335,281,415,394,296,338,232,300,315,478,325,310,356,323,331,307,301,439,331,331,312,344,392,273,396,371,363,361,361,341,296,351,322,265,274,344,284,329
"COG0216",186,227,223,251,190,150,275,193,189,250,262,253,295,289,195,268,233,273,162,207,212,237,207,187,277,209,186,329,286,261,272,265,267,299,115,251,211,172,240,177,129,228,259,242,311,216,212,229,210,290,254,325,258,154,224,278,156,238,232,254,253,278,221,220,272,275,178,181,151,227,170,309,219,203,258,207,251,230,183,309,237,254,226,180,210,227,256,277,232,255,227,216,141,224,189,193,140,165,198,218
"COG0217",219,129,172,193,185,146,149,210,153,213,144,212,192,209,213,202,171,203,143,161,170,206,194,220,228,170,121,167,203,219,224,196,173,221,148,148,164,154,142,187,170,185,193,182,181,201,181,220,162,192,193,205,219,195,182,229,142,159,193,192,244,217,202,205,192,201,168,152,127,143,212,252,195,166,220,198,166,126,146,226,186,191,182,188,149,148,164,196,169,163,225,191,176,191,186,215,151,205,189,189
"COG0218",86,117,120,105,88,100,127,101,103,79,133,136,163,133,99,88,124,141,128,89,90,175,156,174,154,130,126,139,119,106,135,128,103,176,64,147,139,103,144,92,97,75,155,171,147,159,145,169,100,100,117,170,159,104,97,157,107,126,129,138,155,127,135,110,121,113,129,137,101,147,120,218,95,115,146,116,197,144,69,186,172,113,120,113,126,122,148,145,120,150,154,91,143,123,105,125,106,88,119,122
"COG0219",34,89,53,53,66,16,193,81,25,162,10,91,38,154,51,61,51,54,45,40,39,132,63,97,17,95,52,59,80,97,77,41,50,73,23,68,65,26,85,44,37,56,89,61,104,43,68,160,93,66,69,106,95,30,53,116,72,74,39,44,89,104,82,84,57,83,96,39,44,49,52,145,70,48,107,89,80,128,18,97,80,132,61,46,50,49,109,89,26,100,124,90,130,36,55,66,38,36,86,58
"COG0220",152,191,174,162,184,155,283,162,157,205,165,181,171,144,175,137,172,182,170,164,138,186,190,144,179,164,213,138,176,156,155,170,176,232,199,173,158,189,183,171,195,160,135,180,150,214,182,221,217,191,165,184,191,132,179,191,133,177,110,168,154,171,184,154,132,157,167,202,132,244,155,253,190,147,160,172,198,195,170,165,182,234,172,192,190,164,168,142,142,141,150,193,141,179,196,167,183,180,175,181
"COG0221",17,46,5,21,26,27,60,64,15,117,19,73,19,105,12,23,69,15,55,10,9,85,49,46,11,47,9,15,54,13,46,32,50,58,21,53,42,20,29,37,10,20,64,45,33,45,64,15,60,28,44,128,68,12,17,120,70,26,18,16,64,51,29,54,30,30,74,13,10,18,24,116,36,37,58,34,27,45,4,108,46,60,40,13,19,43,38,63,9,45,80,64,32,26,31,35,25,13,27,42
"COG0222",97,73,70,105,80,74,77,109,73,121,103,107,63,93,55,55,107,95,73,60,60,123,123,111,90,83,73,90,81,79,84,107,88,150,75,82,93,77,106,80,75,53,84,83,105,90,76,112,74,76,83,116,103,89,76,77,61,72,68,69,104,107,76,79,83,55,83,66,73,87,62,123,78,68,76,77,126,74,74,92,79,104,67,83,56,86,100,68,65,92,124,88,94,69,78,91,64,67,84,94
"COG0223",209,237,234,187,281,188,387,187,234,273,251,254,237,239,238,221,265,226,240,248,193,222,226,202,282,210,320,258,235,222,247,227,245,218,207,257,212,253,184,198,254,248,228,256,286,204,216,260,253,273,238,284,231,195,224,283,294,200,223,185,282,271,189,275,236,242,250,265,203,252,238,307,209,245,210,213,338,222,195,275,247,227,255,241,249,244,239,202,246,253,247,253,272,255,218,185,286,269,252,239
"COG0224",226,367,270,201,220,145,309,162,198,288,267,284,244,219,277,255,308,319,181,231,190,267,225,207,293,326,292,329,272,314,264,207,274,275,204,270,224,216,289,221,197,245,174,228,317,238,264,295,315,233,290,167,355,173,249,208,156,227,277,253,205,336,206,248,196,297,245,250,138,190,288,153,258,200,239,247,270,285,203,233,277,283,219,232,287,170,417,204,247,307,292,249,257,241,270,278,242,198,275,240
"COG0225",104,31,90,79,110,143,35,130,143,53,36,51,202,83,110,104,39,153,110,89,92,80,60,79,24,98,35,122,69,64,146,65,58,45,177,130,77,144,33,95,151,89,68,108,62,71,85,111,62,66,72,92,48,150,76,71,122,88,82,68,112,37,110,81,70,85,78,48,165,115,97,68,51,117,79,67,76,37,103,56,45,184,76,138,122,129,37,63,85,52,60,108,55,90,91,86,139,113,75,93
"COG0226",228,222,274,260,264,225,333,237,286,330,280,241,226,293,207,215,282,369,302,306,326,364,203,206,352,219,247,293,239,318,258,276,299,262,216,360,239,305,242,269,296,260,248,275,335,195,274,225,237,267,263,220,265,228,301,210,230,339,257,261,242,272,274,279,257,283,322,316,256,309,284,171,234,225,302,242,308,226,364,220,258,332,317,244,309,260,340,217,231,279,203,208,238,247,291,246,283,239,294,270
"COG0227",37,18,26,28,62,45,39,58,70,50,70,45,79,32,58,55,52,54,58,44,27,46,67,73,50,34,66,71,49,45,71,52,37,41,39,73,45,61,35,39,51,38,28,63,40,26,30,42,26,47,38,36,26,53,37,56,36,17,63,49,33,25,59,34,48,42,45,55,33,67,32,45,41,31,47,44,54,17,41,29,44,29,49,58,42,71,27,56,66,31,38,50,38,47,47,51,58,62,35,68
"COG0228",48,66,67,92,68,61,116,76,63,151,76,72,71,81,83,66,51,57,42,80,48,90,87,79,77,72,63,86,91,63,65,60,91,114,58,60,69,56,77,69,24,68,66,77,90,50,44,74,59,62,49,87,68,68,46,89,29,66,96,78,91,96,96,64,75,73,63,64,50,67,53,111,79,55,57,57,75,51,47,83,70,51,92,61,61,107,68,82,83,66,83,68,55,105,54,68,65,85,64,65
"COG0229",53,11,74,57,58,126,20,99,99,45,5,42,26,69,63,84,21,10,29,46,50,30,37,47,7,25,19,9,29,39,62,46,28,24,105,21,50,97,19,84,76,41,45,54,45,45,23,145,39,46,56,75,17,91,27,38,61,53,52,57,50,26,54,82,55,61,38,29,143,68,28,29,42,50,21,32,46,15,65,44,41,100,46,64,80,101,9,51,24,16,39,66,17,77,43,45,44,87,31,88
"COG0230",33,24,14,26,61,26,5,4,39,14,2,22,13,9,34,26,20,5,24,16,37,34,28,33,6,24,6,8,30,26,21,36,37,34,52,3,31,51,10,32,33,36,16,30,16,49,51,22,29,34,21,15,26,38,30,18,3,33,20,16,16,21,29,18,20,22,21,21,27,32,21,32,20,36,26,30,13,10,26,17,25,15,29,28,23,37,26,41,15,23,28,46,37,28,20,43,60,29,33,28
"COG0231",157,123,139,147,165,141,117,204,116,165,239,162,202,203,181,158,215,222,123,151,134,144,198,218,177,178,208,201,161,126,186,164,166,205,98,224,132,153,152,122,128,173,168,172,207,108,109,206,160,129,151,180,188,136,128,161,181,146,153,167,184,173,166,189,145,173,156,191,118,143,130,210,143,156,132,141,232,130,105,166,157,127,136,197,146,154,154,160,193,156,207,152,141,147,149,131,147,176,160,163
"COG0232",290,223,255,238,236,173,82,170,176,196,349,302,310,328,217,320,349,387,299,185,145,355,186,199,387,308,479,374,300,252,299,203,263,336,214,281,204,220,296,225,258,226,266,215,172,205,269,128,195,179,249,232,313,190,231,283,208,250,249,284,280,295,199,274,244,272,230,340,182,291,270,331,245,298,306,243,362,175,238,277,272,243,211,285,214,196,226,253,288,306,318,262,322,277,252,190,229,210,232,244
"COG0233",174,134,151,179,151,123,139,121,141,180,200,183,153,201,187,153,167,161,140,142,188,137,175,193,158,136,182,189,171,158,200,153,158,215,149,139,176,148,188,148,154,142,193,156,191,149,135,143,163,201,169,163,191,135,164,179,104,144,153,165,168,201,166,151,151,161,129,141,138,173,159,244,158,126,178,171,154,117,166,204,130,146,172,154,165,140,129,155,168,125,168,157,117,183,162,144,172,153,171,143
"COG0234",67,85,68,89,76,45,94,91,80,75,55,89,64,100,102,78,94,75,56,59,66,133,111,113,57,77,75,101,79,67,83,89,67,99,99,92,78,96,69,75,77,92,84,107,88,50,60,76,89,74,69,100,93,79,62,120,71,74,70,99,88,82,65,76,46,80,87,65,52,69,42,105,88,89,56,96,85,76,47,112,107,119,71,87,75,86,82,84,97,76,110,110,75,72,120,102,95,94,106,82
"COG0235",358,367,324,282,356,302,487,332,347,275,384,217,348,266,384,339,330,247,394,341,287,113,247,296,457,227,469,288,275,258,397,318,282,250,337,368,271,268,345,333,314,270,430,264,179,304,273,295,281,340,264,202,289,293,250,283,582,316,249,280,304,176,293,314,300,310,365,352,355,421,285,219,303,325,304,270,271,450,311,294,319,180,295,341,302,245,291,334,213,255,307,298,236,226,370,274,362,323,321,269
"COG0236",117,109,85,93,142,61,72,50,109,57,133,120,88,94,111,93,118,118,92,77,89,173,127,181,55,132,125,119,117,146,98,121,106,129,143,94,101,142,132,99,136,108,98,113,117,111,140,195,130,83,95,96,120,90,128,129,58,93,111,96,111,134,137,115,70,103,92,128,95,126,101,123,104,113,112,142,152,87,90,113,132,72,83,138,109,100,149,115,101,109,133,134,165,105,107,172,159,91,175,101
"COG0237",145,114,146,119,140,145,168,106,98,194,93,132,96,161,153,140,130,112,115,127,111,158,151,180,172,115,140,122,111,144,132,143,153,147,105,119,129,140,120,101,132,128,175,135,140,129,160,165,147,160,127,157,167,142,140,199,55,80,109,107,117,160,140,113,122,128,105,126,90,121,121,191,153,117,145,120,131,159,105,140,132,177,125,114,142,132,120,123,121,129,140,149,136,120,111,124,120,145,131,135
"COG0238",28,79,61,52,52,36,99,66,46,101,80,74,65,59,39,34,82,87,57,47,33,67,74,76,70,75,57,90,47,54,82,49,41,89,37,75,54,26,76,68,44,37,49,60,60,50,43,88,60,49,36,84,81,37,33,78,28,47,61,49,64,53,45,62,41,44,35,50,32,60,35,83,36,69,80,42,59,58,14,92,88,59,52,38,51,75,63,70,73,57,90,46,91,36,39,56,22,38,46,37
"COG0239",64,22,35,58,53,49,91,85,80,136,6,30,33,27,94,65,23,15,44,62,53,182,73,61,9,41,43,5,64,30,37,78,62,20,87,39,66,87,7,41,87,59,35,54,70,59,56,58,53,39,54,25,27,59,64,30,114,41,49,39,30,34,62,42,44,41,55,48,64,50,49,52,67,21,22,69,32,46,73,20,43,44,59,77,48,54,15,46,49,31,38,56,50,55,61,62,76,60,89,41
"COG0240",201,250,222,233,244,196,354,233,232,302,261,249,258,223,226,228,222,229,208,227,229,229,205,195,283,214,271,289,212,240,262,230,244,259,130,243,224,218,255,187,162,247,186,235,323,205,181,222,248,254,196,232,277,200,212,224,162,173,251,214,227,265,238,233,229,246,199,180,132,228,207,276,214,230,241,186,253,194,193,238,261,251,267,245,223,219,214,221,237,213,211,209,198,225,217,186,222,232,214,229
"COG0241",212,106,193,157,158,188,31,180,219,30,230,88,319,49,193,155,113,187,172,198,185,58,190,146,191,151,144,214,126,185,165,189,197,71,195,111,163,265,200,136,214,152,107,131,149,121,162,31,128,217,134,120,87,195,171,133,158,140,203,492,137,99,140,108,201,128,117,160,177,166,140,102,159,193,98,128,709,31,164,116,116,101,225,199,194,178,69,145,187,119,107,135,113,166,121,139,165,207,143,176
"COG0242",139,192,150,164,174,127,227,181,139,435,137,182,155,251,162,172,184,211,119,133,164,236,212,163,121,167,165,179,149,134,190,156,159,233,131,156,191,157,164,142,146,176,193,186,254,167,186,279,196,144,197,192,190,140,136,188,94,162,185,173,192,222,245,198,161,224,144,168,127,114,123,250,162,160,193,187,236,162,109,218,209,296,170,199,130,141,268,219,151,172,211,237,231,163,183,198,168,182,165,177
"COG0243",78,52,238,37,91,165,79,933,129,155,51,13,146,76,137,103,149,34,439,215,79,597,204,168,162,200,22,25,19,98,22,91,16,53,98,501,113,196,51,128,208,68,110,103,148,47,12,171,65,93,268,300,65,173,147,200,1873,285,161,86,160,55,156,462,152,234,1134,51,247,226,429,139,39,338,171,76,75,258,224,33,71,240,76,168,343,40,95,93,91,355,81,83,72,102,62,104,111,97,102,277
"COG0244",87,162,81,81,80,42,186,126,87,195,31,125,74,164,87,70,78,62,134,89,81,176,191,146,40,143,70,71,120,89,91,96,90,129,98,89,86,101,95,69,99,90,124,124,138,59,96,161,133,89,115,168,126,57,71,145,101,135,74,50,135,150,127,155,95,111,108,69,58,124,98,198,96,169,163,119,105,105,70,160,123,175,105,133,87,98,127,135,105,132,155,114,87,104,129,93,108,96,130,89
"COG0245",127,160,119,143,180,101,143,94,100,177,207,168,146,158,134,123,160,144,124,128,123,157,125,163,175,151,185,152,158,174,184,155,118,142,101,165,141,120,161,90,135,118,163,163,154,128,133,65,154,154,150,133,166,106,160,125,55,132,139,162,153,144,140,142,140,157,115,176,118,131,143,111,172,80,148,150,198,91,129,136,153,195,163,149,118,125,133,151,139,147,111,179,131,141,133,134,143,155,129,137
"COG0246",448,502,257,264,298,279,813,467,289,238,782,326,545,231,220,331,378,752,376,467,328,283,368,309,327,313,637,843,340,449,457,212,305,187,298,812,280,235,495,263,278,263,350,263,521,503,213,344,427,317,214,215,308,303,287,259,637,359,472,460,287,231,255,417,303,327,559,494,346,329,457,147,330,304,343,274,268,296,222,333,438,371,352,346,257,167,562,276,671,454,276,300,347,282,277,314,185,202,272,290
"COG0247",195,76,258,270,240,268,267,356,297,91,192,121,284,242,259,345,131,165,265,390,171,227,297,282,275,182,210,182,215,150,161,233,243,131,163,257,263,207,159,240,160,254,201,306,171,134,108,245,122,291,240,158,139,246,200,170,259,186,198,155,181,178,270,210,315,310,309,189,148,265,167,219,278,226,122,115,302,188,225,135,117,129,170,216,301,345,142,154,222,140,131,260,114,317,216,254,189,258,179,314
"COG0248",132,256,217,140,133,157,462,278,161,325,68,154,147,158,165,92,199,86,251,194,165,423,221,201,227,206,201,196,90,139,138,114,166,118,196,287,111,165,133,141,222,182,201,154,334,93,142,236,179,201,111,115,161,133,109,144,297,154,110,140,196,176,196,231,158,143,256,129,208,292,177,122,83,229,218,141,104,211,172,145,196,535,171,156,213,94,131,110,169,161,158,113,100,113,93,151,225,112,215,130
"COG0249",702,572,707,703,608,590,366,418,536,279,621,751,647,716,709,700,702,544,666,590,684,641,607,580,908,767,578,579,631,625,710,585,700,752,453,471,638,696,952,518,630,695,581,683,617,765,704,506,635,794,847,815,731,606,728,739,233,667,654,544,771,785,705,657,701,648,600,707,562,798,618,969,711,653,865,688,744,545,808,792,724,428,723,729,622,608,563,616,712,848,724,601,692,885,781,738,615,677,638,698
"COG0250",143,175,171,158,179,104,202,182,165,236,219,191,190,202,192,140,225,206,191,153,122,249,238,223,186,185,200,231,147,168,217,156,127,216,167,248,149,139,238,139,199,131,205,203,243,144,186,226,172,169,202,217,204,144,178,235,209,172,190,193,231,200,177,207,150,184,191,211,115,165,174,253,148,188,200,197,243,195,158,177,205,224,175,185,148,172,213,183,213,192,245,202,239,182,164,158,190,154,171,146
"COG0251",311,140,216,261,238,253,141,235,247,121,334,179,236,140,191,190,253,359,337,217,297,205,285,306,173,241,304,230,239,172,277,315,249,187,232,314,261,223,257,295,221,245,220,248,213,261,246,142,218,261,166,184,232,202,250,154,294,188,276,246,242,240,295,266,219,194,237,253,241,199,208,184,240,224,228,237,221,97,231,177,230,173,277,212,206,234,180,191,203,200,186,262,214,252,210,235,215,226,223,224
"COG0252",448,232,334,403,385,310,301,285,418,277,253,234,287,244,453,524,279,238,312,395,405,359,273,332,445,261,321,306,326,363,316,406,360,267,403,265,319,466,181,388,406,372,357,318,279,308,303,219,313,348,290,201,240,406,348,342,284,301,341,290,292,258,329,215,394,410,216,339,395,302,286,234,373,337,312,286,216,230,368,223,285,156,323,394,421,372,216,376,352,242,237,380,178,386,341,301,344,469,284,435
"COG0253",190,275,235,213,216,115,218,162,162,288,228,177,237,239,241,177,212,192,164,159,164,225,196,241,276,230,218,233,222,160,226,210,195,209,180,186,186,181,236,164,190,175,198,226,245,176,194,243,242,217,250,175,201,134,194,187,168,208,183,163,221,184,204,189,201,220,164,223,144,183,219,234,204,173,229,205,256,243,218,185,183,236,213,184,218,182,233,163,208,183,171,193,202,199,216,190,185,193,213,192
"COG0254",33,44,50,41,66,48,51,117,75,44,24,49,38,45,77,61,56,17,38,48,51,92,79,65,31,57,30,20,52,41,26,52,50,78,57,36,66,59,60,52,35,56,43,48,58,44,54,73,43,37,52,60,58,55,32,80,59,51,39,38,57,57,65,56,36,45,53,41,46,71,16,92,41,46,57,50,40,53,26,62,63,63,36,43,51,74,58,75,43,51,83,60,62,45,44,61,45,52,57,48
"COG0255",36,34,14,23,24,10,76,53,18,75,12,51,21,60,15,26,35,29,17,17,12,72,33,51,9,59,13,20,32,41,30,35,32,39,19,32,27,10,38,39,23,13,54,13,43,17,45,63,42,21,43,84,44,13,18,37,42,41,19,28,43,53,32,34,27,35,42,15,11,26,22,59,29,27,33,34,35,54,7,57,44,55,26,22,16,20,62,48,13,48,53,42,49,13,39,30,17,17,30,33
"COG0256",122,153,108,86,117,47,141,106,109,165,143,139,135,123,135,89,129,161,120,120,81,142,129,134,153,132,105,152,121,101,134,104,109,157,83,138,91,88,116,71,87,101,140,116,149,99,107,117,127,130,128,145,164,93,94,138,89,99,113,128,139,135,104,118,90,123,104,143,64,137,79,169,82,103,143,122,129,123,90,146,137,109,115,128,127,104,150,113,124,106,136,150,135,124,106,106,109,118,88,130
"COG0257",4,17,3,6,10,1,22,13,0,28,5,3,4,4,1,10,9,4,6,1,3,3,9,8,1,20,5,7,8,5,4,5,10,13,2,13,4,2,9,12,0,5,5,2,4,1,16,12,10,6,3,6,7,8,3,7,5,9,1,6,7,6,8,13,7,9,8,6,4,5,10,5,9,15,11,8,3,6,0,4,9,11,4,6,6,0,9,9,0,5,11,11,44,1,11,8,5,3,12,5
"COG0258",459,353,490,478,410,479,437,425,416,676,755,507,628,624,410,506,621,650,449,416,365,477,448,437,683,472,512,663,534,472,600,473,484,613,346,740,457,352,576,442,316,414,462,499,662,322,501,478,411,504,521,552,487,417,486,638,399,491,551,457,670,528,466,468,526,595,478,609,369,544,444,659,501,358,515,446,823,494,478,552,479,593,480,423,512,462,535,460,512,483,582,438,452,504,573,413,346,460,377,459
"COG0259",64,10,18,54,59,54,5,65,72,10,1,15,22,17,56,67,19,1,21,67,85,6,19,48,8,18,8,4,40,19,24,60,68,10,35,24,62,42,4,79,53,70,24,41,4,63,35,10,48,24,35,12,16,95,48,15,25,39,46,25,23,36,26,60,37,39,32,13,54,20,25,25,48,53,12,31,34,4,54,12,24,1,43,35,56,26,2,41,8,22,25,36,8,31,76,51,37,33,74,47
"COG0260",12,17,33,8,19,71,14,130,16,57,4,11,72,75,23,20,20,8,89,28,36,54,65,62,25,50,9,8,7,51,12,33,8,12,12,76,31,12,22,21,41,20,52,34,47,14,3,39,8,38,9,35,8,10,13,25,129,30,6,13,27,4,22,30,28,14,72,10,56,20,28,9,5,26,8,15,52,39,24,9,15,51,17,11,34,13,20,16,5,17,4,11,4,11,15,4,13,10,5,24
"COG0261",65,92,88,71,100,61,110,119,79,129,100,119,124,121,95,65,104,106,90,92,72,95,137,127,98,79,125,128,95,88,98,109,67,92,88,125,94,67,82,59,94,87,112,102,114,73,83,79,93,79,95,127,108,66,92,146,66,68,82,97,109,96,105,92,98,85,79,97,52,85,80,151,80,75,117,113,109,91,62,145,121,113,104,94,79,113,106,105,109,93,128,100,77,88,82,98,98,90,75,85
"COG0262",144,135,137,116,161,182,117,232,158,280,87,156,114,160,182,177,155,74,140,166,128,184,138,188,191,142,158,79,155,91,111,140,118,157,152,88,124,154,130,152,126,130,88,137,158,97,156,162,152,141,128,129,122,135,167,114,297,178,123,102,149,134,150,118,123,176,185,190,100,133,111,121,158,134,141,153,133,118,140,124,187,194,143,182,144,158,165,142,136,143,151,170,293,154,200,167,172,161,113,140
"COG0263",164,184,169,200,151,193,296,139,156,236,28,248,131,177,215,209,144,98,196,233,147,255,167,150,72,234,131,97,208,172,174,196,222,122,206,88,189,200,141,207,232,194,209,211,140,187,225,195,252,229,253,124,168,161,259,173,84,190,159,119,218,174,206,174,257,201,136,109,183,202,237,132,228,236,227,177,131,178,277,189,179,225,247,212,201,149,177,229,168,240,166,192,193,206,204,177,185,195,221,186
"COG0264",229,197,228,221,207,190,200,167,183,198,217,279,228,294,247,237,242,134,232,216,174,257,284,227,362,254,208,187,239,195,244,209,228,304,232,185,196,255,210,233,235,236,245,207,250,242,226,284,232,265,238,281,286,210,311,285,132,201,207,222,268,278,266,205,242,272,187,227,177,249,258,307,222,238,288,296,216,165,234,320,216,204,226,280,263,253,208,239,284,259,256,257,231,251,214,223,244,267,240,219
"COG0265",243,506,396,355,385,361,404,554,361,425,290,390,404,599,370,412,571,352,289,411,326,566,366,387,518,366,363,300,373,430,401,411,352,465,273,383,392,288,303,419,294,390,428,364,359,304,320,680,373,336,394,588,447,435,293,509,417,449,342,333,444,421,401,557,428,486,437,358,280,314,299,481,364,338,446,347,469,755,236,527,393,382,415,303,389,458,524,408,274,425,466,376,346,377,406,328,245,442,403,478
"COG0266",39,27,33,56,40,124,93,98,45,66,5,21,43,15,43,30,22,14,69,54,70,93,64,95,30,23,42,9,22,35,34,40,22,20,25,88,65,39,18,62,43,64,75,62,74,50,13,111,41,39,32,61,27,70,49,40,143,38,38,26,23,49,20,75,39,22,123,8,30,44,39,94,23,29,7,38,63,50,28,11,50,60,28,27,55,108,21,30,16,46,22,22,11,34,17,33,44,40,32,58
"COG0267",35,15,20,27,38,50,15,38,53,42,43,28,38,32,46,30,32,29,25,23,24,25,40,47,19,14,42,35,17,24,30,30,22,44,47,35,30,45,27,37,38,40,20,45,22,27,39,38,24,42,23,37,24,24,21,33,19,22,33,40,22,23,30,18,35,28,20,46,33,26,18,47,19,42,25,18,50,21,29,28,41,25,26,35,25,34,17,21,38,15,38,33,27,23,31,26,29,39,31,32
"COG0268",20,49,20,38,33,26,70,36,16,63,14,40,26,66,20,22,48,29,20,16,6,89,55,38,12,32,28,19,47,29,23,22,25,46,20,36,34,13,40,27,17,25,57,33,58,28,37,73,47,32,24,59,46,12,10,54,43,42,19,15,33,47,25,44,15,25,53,23,16,34,24,66,23,19,36,21,50,70,10,71,48,72,21,14,18,19,63,25,13,33,44,33,39,17,27,17,22,13,24,33
"COG0269",2,1,2,2,2,12,17,81,6,12,2,2,10,4,1,2,4,1,47,8,5,1,7,17,6,3,0,1,2,5,1,2,1,1,4,46,3,4,2,3,8,4,6,2,3,3,0,9,2,1,0,30,3,5,5,0,89,53,6,1,6,2,0,24,1,2,61,0,6,17,14,5,4,19,1,1,3,21,10,10,5,6,7,8,11,2,6,7,0,9,1,0,1,2,6,0,1,3,1,6
"COG0270",821,606,243,526,538,246,256,505,95,607,535,627,282,587,608,561,879,662,466,488,403,840,1570,561,1186,741,977,660,596,357,434,592,540,1167,242,630,493,521,927,394,495,641,573,694,569,500,357,358,260,551,399,502,779,547,298,824,243,511,409,4806,518,336,517,564,545,473,521,584,189,526,582,471,541,406,313,369,816,658,284,600,1046,475,447,722,481,643,376,562,718,549,757,752,799,424,630,705,362,481,361,320
"COG0271",4,0,1,0,1,3,0,40,5,4,3,0,1,0,0,0,4,1,6,0,0,1,4,1,3,5,0,0,3,1,1,6,0,2,2,16,1,3,3,3,3,1,1,3,0,1,0,6,0,1,0,3,1,5,0,0,56,2,1,0,0,0,1,4,0,1,31,0,2,5,4,1,0,8,0,0,1,4,5,0,0,0,0,6,2,1,0,0,0,5,0,0,2,0,2,0,1,1,1,5
"COG0272",326,358,374,439,391,298,493,389,445,548,398,518,483,623,414,368,373,478,346,372,362,476,392,583,476,353,374,424,526,394,451,435,430,593,310,418,427,326,361,310,268,384,493,450,495,609,533,514,355,354,412,587,513,496,480,1308,385,370,413,396,550,486,432,430,482,393,410,377,261,384,316,634,362,387,390,415,690,345,269,469,445,414,473,390,401,3711,407,454,413,431,507,436,377,386,389,489,364,360,371,354
"COG0274",185,105,188,194,183,212,281,173,162,109,262,169,222,181,201,188,236,268,224,166,137,137,185,156,289,156,245,238,175,204,227,183,165,187,199,205,152,191,234,200,169,174,196,200,200,163,154,153,167,193,135,202,151,183,170,192,173,219,214,201,200,128,160,124,220,170,157,230,241,295,162,147,152,223,118,156,190,62,187,166,193,137,170,204,194,214,192,194,261,175,163,148,182,187,203,162,168,259,179,168
"COG0275",212,370,246,235,291,189,269,178,197,311,294,282,297,263,269,233,257,306,188,219,233,286,231,239,262,309,274,336,274,245,332,245,321,284,210,267,253,222,295,251,231,237,251,221,306,274,308,290,257,240,251,250,310,187,281,264,137,258,246,236,255,250,192,230,263,290,232,300,188,257,263,356,239,233,295,310,267,274,246,284,287,356,254,258,284,203,317,256,246,288,268,260,267,239,250,236,238,235,238,221
"COG0276",0,2,25,5,2,6,2,37,10,17,4,0,6,3,9,0,7,4,12,13,6,49,13,9,7,15,1,2,0,11,1,2,1,4,4,51,4,10,12,8,9,2,5,6,26,1,1,57,0,3,12,6,3,7,14,3,58,5,10,2,5,5,4,13,6,16,42,0,7,5,17,0,1,9,13,3,3,8,7,0,5,16,0,11,15,3,8,5,0,11,3,5,1,1,2,11,4,1,2,16
"COG0277",161,95,122,222,170,220,260,471,311,124,38,95,170,199,178,245,84,34,231,293,125,318,370,344,103,128,79,36,177,140,103,168,161,96,106,255,217,120,38,188,135,154,485,261,269,87,53,118,100,190,159,208,79,188,200,224,421,160,102,92,144,211,165,221,273,192,360,98,96,136,208,187,212,154,76,127,199,53,160,85,90,618,146,153,225,217,74,154,75,158,127,181,48,177,137,198,123,161,116,308
"COG0278",1,0,0,0,0,9,0,23,4,6,1,0,1,1,2,0,3,1,4,5,1,2,4,8,0,5,0,0,2,1,0,0,0,3,2,15,0,0,3,3,1,1,0,3,1,0,0,3,2,0,0,4,1,3,0,0,28,2,3,0,2,0,1,10,0,1,24,1,5,4,8,0,1,7,0,2,0,5,5,0,0,0,0,1,2,0,2,0,0,4,0,0,0,0,0,1,1,2,0,4
"COG0279",50,71,92,37,34,66,37,109,80,22,34,25,123,29,39,28,46,54,53,28,36,49,83,70,31,38,13,108,15,110,37,24,28,26,101,63,66,147,125,33,72,26,67,54,63,115,65,27,25,41,58,74,24,35,30,39,168,51,62,193,68,24,37,63,61,14,93,28,97,50,55,36,18,39,35,24,247,17,50,18,34,70,64,71,65,40,36,37,20,47,40,27,30,22,21,31,46,28,36,47
"COG0280",881,388,707,625,731,614,214,415,711,426,583,478,608,321,796,721,617,406,611,700,683,180,514,483,885,530,585,396,556,535,576,734,658,585,567,464,514,793,418,555,740,660,419,518,407,609,544,284,509,625,591,427,557,669,744,502,392,528,590,597,458,537,642,484,655,603,437,681,559,592,732,573,642,628,536,549,489,191,833,510,443,417,703,792,675,455,303,484,643,492,462,591,410,683,599,560,722,781,551,612
"COG0281",449,275,424,314,394,284,110,272,398,109,379,291,337,265,423,473,349,265,338,380,403,235,295,327,516,405,344,218,374,408,334,361,391,353,351,282,351,476,284,297,418,401,334,325,276,297,369,299,340,387,392,223,343,355,455,327,294,356,345,294,367,322,328,335,424,386,347,397,299,340,456,383,416,359,312,409,370,280,511,307,297,224,402,425,399,256,294,345,376,404,263,376,260,424,375,400,490,406,315,408
"COG0282",242,219,260,267,199,253,152,207,201,319,300,306,325,335,183,246,287,370,280,144,252,374,269,297,311,277,201,358,253,250,300,243,246,335,173,248,267,160,273,233,162,201,330,249,389,246,186,354,201,305,237,405,323,184,240,383,185,217,255,308,285,336,300,268,274,215,299,245,166,248,186,494,227,230,318,205,332,256,160,387,279,253,258,227,185,245,247,280,289,280,324,228,254,294,241,214,140,208,192,284
"COG0283",119,133,125,143,149,120,268,145,119,322,203,184,205,198,91,164,153,177,143,146,137,135,177,137,198,137,161,188,185,123,201,136,197,171,110,196,136,112,192,149,99,121,141,171,200,126,141,148,156,133,157,222,148,117,124,203,81,137,147,160,169,171,182,154,200,145,142,177,105,171,108,198,149,172,181,135,222,122,117,203,171,241,156,115,143,158,171,160,166,141,171,190,141,168,145,130,105,108,128,137
"COG0284",134,133,165,122,127,95,179,93,96,253,120,156,129,119,144,124,111,140,111,150,128,132,133,139,175,154,146,129,151,160,134,120,118,164,130,128,121,133,137,119,151,130,130,139,164,103,127,128,145,117,249,164,247,186,229,174,70,168,201,162,246,212,254,188,234,240,131,177,132,210,227,216,216,214,203,241,200,180,196,187,198,281,202,194,207,186,203,222,196,223,159,256,207,194,171,207,221,208,222,180
"COG0285",207,289,316,247,258,166,321,222,197,316,304,346,312,284,272,272,305,343,238,239,189,363,288,298,311,269,246,328,308,265,315,261,289,337,262,309,231,247,341,251,216,269,319,307,372,287,317,511,298,281,316,268,341,196,286,311,186,302,320,298,329,356,287,350,271,301,315,298,185,268,279,208,298,283,364,306,314,397,172,321,374,352,249,278,250,216,393,323,302,330,361,305,350,302,323,300,247,305,247,313
"COG0286",437,391,735,635,766,284,583,512,405,396,981,636,334,776,377,469,790,801,700,351,530,470,824,887,1160,681,484,949,838,675,1050,638,444,797,612,881,588,645,1454,321,827,438,797,852,863,499,673,562,825,674,566,854,723,443,533,916,241,330,689,496,670,917,791,718,546,850,453,1029,618,867,451,407,693,580,1017,600,1063,221,274,552,744,423,753,981,650,537,633,444,923,513,750,606,682,697,659,709,426,815,642,681
"COG0287",109,158,112,155,119,71,277,122,49,207,31,135,57,208,102,121,106,101,99,110,141,225,128,149,41,147,94,105,165,205,117,140,164,117,84,105,142,92,91,158,93,99,211,130,127,141,162,194,150,100,141,137,109,78,138,128,118,116,95,97,175,184,105,185,136,110,136,55,123,119,124,104,142,79,133,144,111,206,76,165,149,256,123,84,102,106,185,162,59,167,143,140,152,111,122,146,81,84,138,137
"COG0288",67,29,73,41,59,114,120,106,62,125,81,33,111,20,64,32,35,121,98,65,72,105,74,65,22,76,42,109,58,25,63,73,36,26,72,112,59,64,97,64,54,53,42,60,102,67,36,102,47,70,56,31,37,45,57,43,99,59,75,99,45,32,90,39,54,48,93,99,79,78,53,31,45,103,35,54,64,38,63,33,61,123,52,65,75,60,37,59,153,71,40,74,47,65,34,59,47,54,58,78
"COG0289",250,217,218,155,236,130,222,156,178,233,250,190,207,183,266,191,197,205,193,191,227,225,163,228,267,222,196,207,199,201,223,212,206,237,173,156,191,217,170,180,197,168,203,157,206,174,252,200,232,190,214,208,223,181,218,195,86,209,171,194,212,189,224,165,177,209,177,190,155,175,218,136,228,216,195,247,192,216,212,165,187,194,190,244,227,164,215,231,231,196,168,243,228,238,225,205,286,221,231,219
"COG0290",120,139,153,139,140,95,150,136,117,166,152,144,172,174,128,146,152,201,126,107,98,166,188,235,177,160,144,200,187,110,198,135,142,215,116,152,138,125,139,120,106,144,172,162,194,101,124,136,128,143,122,190,181,104,113,201,55,106,149,127,178,196,126,140,127,123,103,141,88,176,102,205,140,151,145,143,172,105,98,164,156,124,98,101,113,161,187,164,176,145,159,171,163,147,153,165,127,126,153,149
"COG0291",48,42,74,42,57,46,40,50,31,29,28,44,25,59,59,43,32,39,48,50,49,49,79,88,26,39,35,33,52,30,43,44,35,69,73,26,50,40,32,50,37,35,58,51,46,54,53,56,56,54,52,33,66,61,43,46,30,31,48,40,61,68,48,50,46,46,32,38,47,48,33,48,42,47,41,60,34,50,36,59,62,37,54,56,43,56,46,54,32,38,58,52,51,45,43,55,48,46,51,50
"COG0292",64,99,83,67,97,66,83,94,81,80,88,94,102,106,82,76,107,111,86,100,54,109,156,120,51,98,99,105,83,76,96,62,77,154,87,104,69,80,98,86,81,68,94,115,91,66,113,113,86,79,58,104,105,80,71,130,68,67,74,96,114,111,101,98,92,91,78,77,49,99,72,136,81,76,113,87,128,91,45,102,110,111,88,78,86,85,99,99,106,104,140,100,112,86,65,62,89,66,90,82
"COG0293",1,1,13,4,8,16,1,33,7,3,2,6,27,2,8,7,5,0,22,11,2,30,10,14,6,10,1,1,0,5,2,1,0,3,7,17,13,2,7,4,6,4,4,7,3,3,0,5,2,9,7,11,3,5,7,2,35,4,2,1,6,2,5,9,4,7,27,2,3,7,5,3,0,8,8,5,44,5,5,1,3,0,3,3,9,0,2,0,3,8,3,2,0,6,2,5,2,0,5,5
"COG0294",168,77,185,134,171,147,171,204,181,164,216,113,255,77,199,158,145,154,181,184,131,77,153,149,204,126,164,152,103,108,143,136,169,179,135,160,129,196,192,80,155,152,172,173,135,110,106,144,135,144,144,109,134,128,125,163,149,164,146,210,181,113,181,108,155,149,186,188,150,192,102,97,129,117,140,141,190,105,149,90,131,176,160,192,210,186,119,172,203,109,113,157,102,188,226,125,156,208,134,154
"COG0295",73,99,107,89,82,81,63,112,92,39,112,129,117,173,89,81,115,120,91,99,85,67,109,120,151,98,105,130,106,105,97,104,92,137,104,105,104,82,82,116,82,83,119,127,105,93,104,135,96,110,110,105,135,75,106,149,103,97,86,100,131,127,130,108,101,95,101,129,76,110,101,210,104,127,133,83,120,108,103,152,112,94,86,103,94,126,124,76,135,100,124,78,81,101,91,102,104,101,99,104
"COG0296",520,632,488,474,402,406,740,358,404,549,290,710,448,529,482,478,398,447,399,413,436,616,502,476,441,626,303,575,681,591,529,515,447,570,534,276,541,306,539,502,578,494,545,437,513,436,631,567,616,607,614,363,557,320,567,505,334,465,459,465,515,706,508,486,468,464,517,317,352,444,595,401,562,627,682,586,368,684,557,633,642,541,457,533,491,497,721,487,605,691,560,580,510,575,562,545,487,438,489,556
"COG0297",157,278,144,169,200,121,176,109,142,79,163,201,191,234,162,184,180,206,134,123,140,136,184,164,131,193,154,205,207,166,193,156,213,227,133,137,145,137,176,202,150,169,229,140,174,158,199,215,220,200,319,230,351,188,256,288,151,268,234,275,285,306,270,253,236,297,271,257,171,219,300,193,281,279,308,298,320,321,152,317,264,242,259,257,266,204,378,328,233,358,368,288,340,244,255,250,250,207,317,281
"COG0298",6,16,11,3,3,9,72,57,11,10,3,4,7,4,10,5,5,13,6,18,6,10,13,18,7,9,21,8,0,4,14,11,6,4,10,33,4,10,3,12,10,4,18,7,15,3,3,9,20,6,8,25,7,9,6,11,63,11,7,2,8,6,5,15,8,7,52,6,10,24,11,6,5,17,3,4,2,5,8,5,14,10,10,7,23,15,14,10,10,12,8,9,3,2,5,0,13,2,17,14
"COG0299",121,134,114,122,173,193,127,109,137,74,16,151,56,135,183,175,116,65,100,145,86,254,158,168,30,134,98,71,194,171,122,144,145,106,139,66,145,203,77,161,155,158,165,154,124,97,165,160,187,142,161,114,139,135,168,155,85,163,124,84,157,148,107,134,119,156,130,115,112,118,167,117,148,168,114,186,45,119,146,157,119,122,147,166,129,138,142,146,103,141,172,149,118,137,151,146,170,194,178,170
"COG0300",176,217,145,180,130,207,127,120,158,184,92,150,140,185,153,107,131,169,168,160,135,161,154,147,177,153,101,126,143,176,145,143,163,241,201,93,148,172,170,169,211,130,120,157,275,145,214,185,142,135,164,162,180,108,203,182,66,140,156,170,175,159,202,156,178,160,116,151,230,143,186,231,190,156,177,162,110,68,208,195,195,141,140,179,157,165,126,150,147,230,148,158,188,161,126,155,134,99,141,156
"COG0301",34,142,39,58,60,29,49,78,21,77,20,115,59,160,38,56,85,59,48,22,51,167,69,77,22,100,28,46,96,116,56,61,74,100,35,61,62,24,85,62,38,53,119,61,96,101,95,167,105,46,141,170,164,36,97,115,141,99,82,72,157,163,74,150,100,146,174,49,40,58,129,169,115,93,139,123,158,204,42,164,145,125,112,65,46,60,217,159,27,164,191,92,144,66,128,96,33,47,101,139
"COG0302",120,63,157,119,125,123,51,93,113,140,206,114,142,110,114,107,155,137,118,140,126,174,161,161,164,126,148,130,141,60,141,132,136,107,180,157,169,144,124,121,130,145,118,134,102,118,105,126,143,162,99,84,113,113,130,101,68,105,126,141,143,124,141,109,124,102,81,171,98,110,100,98,112,146,135,114,175,119,154,109,108,119,269,144,141,1877,107,121,199,121,110,140,90,126,110,137,144,105,114,118
"COG0303",44,187,119,50,84,55,303,88,58,93,8,103,61,83,64,66,58,74,94,110,85,214,120,81,23,102,113,101,72,208,65,77,41,55,54,119,88,46,95,90,60,56,92,69,165,26,88,188,101,83,106,111,54,27,97,97,139,126,81,49,83,66,56,76,52,131,130,47,91,94,103,65,91,79,79,84,28,214,88,87,87,189,44,67,101,38,189,66,43,116,86,53,110,70,57,99,67,60,122,114
"COG0304",377,397,471,362,404,286,771,446,330,1141,565,465,447,384,390,408,440,422,364,547,504,589,354,289,401,396,440,448,254,349,440,340,331,427,360,407,420,509,342,441,531,433,299,357,469,450,701,382,471,374,484,319,405,432,525,377,244,477,419,425,366,471,353,399,547,434,354,444,450,350,557,373,464,421,388,451,504,371,596,349,380,934,370,390,516,291,321,433,434,355,332,416,353,431,390,443,505,389,506,367
"COG0305",516,396,535,486,421,364,631,445,410,512,350,384,456,487,562,556,422,435,321,514,480,366,424,441,535,383,392,443,450,494,447,496,434,470,327,493,449,374,370,331,358,444,549,399,409,467,406,601,427,448,440,803,392,384,494,480,216,392,437,400,416,360,413,351,717,406,301,406,392,443,410,603,435,340,420,395,423,317,500,479,465,380,608,409,450,370,416,599,436,397,629,464,339,426,408,386,346,391,347,540
"COG0306",70,67,84,72,47,78,245,178,127,143,13,33,35,33,61,59,27,25,112,139,114,43,130,71,22,76,112,52,17,41,39,49,43,17,91,137,79,87,17,68,148,79,77,70,87,120,76,63,112,60,30,51,26,63,67,53,177,53,31,20,31,13,58,64,35,22,89,12,77,92,92,60,28,33,35,63,14,24,129,31,42,142,27,62,89,30,10,53,46,19,19,49,28,36,34,62,82,42,82,22
"COG0307",140,100,130,131,107,135,103,95,103,42,138,123,182,67,139,111,103,136,120,136,149,86,144,124,164,132,144,157,122,109,146,127,109,97,126,100,134,124,141,118,153,113,94,125,150,84,83,29,116,146,126,53,113,102,142,93,72,104,124,116,89,114,137,89,130,104,83,125,114,133,126,87,124,140,109,129,122,57,145,81,139,83,102,134,145,132,111,94,171,140,63,113,129,155,92,102,113,126,135,116
"COG0308",50,25,93,29,24,116,189,159,84,484,8,33,80,54,70,52,36,9,65,80,65,268,78,71,40,58,27,16,32,39,14,47,12,16,82,141,41,93,25,66,84,61,30,73,187,29,22,286,52,30,76,84,29,46,47,26,166,130,78,25,64,16,74,71,84,82,119,85,54,33,87,29,39,110,33,34,124,45,131,23,37,232,13,51,86,129,26,37,76,89,26,75,37,100,128,61,66,128,53,112
"COG0309",10,113,50,31,43,7,169,39,29,47,8,52,15,32,19,30,48,39,45,57,15,124,37,37,12,101,50,48,47,25,32,43,60,34,31,62,45,19,54,63,24,36,29,26,79,33,53,62,91,41,80,72,72,38,54,53,96,58,42,51,56,82,38,97,40,69,113,37,19,69,68,44,70,52,93,95,42,72,35,62,76,134,100,28,82,30,164,76,47,134,95,61,71,57,47,42,62,39,91,82
"COG0310",9,85,17,11,35,8,75,42,14,38,2,34,14,19,16,15,19,14,26,19,8,101,23,25,4,8,30,24,25,27,28,22,16,23,8,24,23,11,14,26,12,11,26,18,23,12,36,62,24,14,12,57,27,12,20,30,16,40,17,9,20,20,11,37,16,23,10,15,32,40,13,11,15,9,15,22,6,115,18,17,23,46,25,6,22,32,35,23,16,14,22,20,13,11,11,12,20,11,24,11
"COG0311",8,89,60,18,17,21,163,32,9,145,104,45,57,36,24,16,45,89,20,29,26,94,41,22,120,40,85,78,22,31,44,32,32,107,22,112,26,10,73,36,20,28,25,47,64,9,32,68,72,19,25,20,64,7,18,29,10,32,42,56,37,61,26,14,31,37,20,84,20,43,14,35,32,18,45,32,84,42,11,33,86,101,28,6,71,42,65,29,45,47,47,45,86,21,27,22,22,18,41,44
"COG0312",238,63,197,245,213,216,1,121,169,25,109,92,117,197,210,238,85,17,122,140,135,68,106,132,32,91,54,14,162,116,141,239,210,116,53,76,230,130,94,165,63,183,128,131,27,114,79,53,85,161,114,171,67,148,101,71,90,51,102,48,61,72,53,107,101,117,72,61,26,51,76,54,131,35,66,50,131,20,38,48,63,40,113,97,113,130,42,61,25,62,81,118,39,83,77,102,87,137,51,157
"COG0313",271,216,264,251,313,214,274,211,280,318,248,276,224,242,344,296,264,237,249,281,239,224,257,261,232,258,276,241,293,248,252,250,300,338,281,194,276,316,246,217,243,283,225,284,271,218,311,244,251,236,254,228,248,255,247,346,143,250,244,232,304,289,277,209,300,253,206,271,198,327,232,315,247,295,283,297,271,250,302,250,227,241,268,294,289,303,268,271,295,309,245,309,214,303,262,253,296,270,213,294
"COG0314",0,0,8,3,7,2,0,27,4,8,0,0,5,0,5,2,4,1,11,12,1,19,5,1,7,7,0,0,0,2,0,3,0,0,3,12,5,1,4,3,7,2,2,6,4,3,0,7,3,3,6,3,1,9,0,4,46,7,2,1,2,2,5,13,3,4,26,0,4,4,8,0,1,10,4,0,4,7,4,1,3,0,1,5,4,1,1,0,5,7,1,3,1,4,2,0,0,1,6,4
"COG0315",24,116,42,24,39,27,121,45,14,36,8,30,25,42,28,39,18,37,44,47,21,55,40,29,6,54,41,41,21,71,32,28,26,19,18,53,20,14,43,50,33,28,51,27,67,14,45,63,43,31,41,57,23,15,57,38,89,55,26,12,37,34,25,24,15,38,81,30,36,46,52,28,34,38,29,43,9,90,18,35,43,67,16,34,35,18,80,37,22,57,22,14,81,25,19,32,25,26,44,31
"COG0316",4,2,16,3,10,21,0,103,17,20,7,0,22,3,6,9,21,2,55,20,7,33,14,33,16,28,1,0,1,3,3,7,1,6,10,47,5,11,4,7,26,9,13,9,4,6,0,19,4,1,7,25,5,11,8,2,151,16,3,1,3,2,7,42,17,11,101,6,22,20,44,7,1,23,9,1,65,12,6,0,2,0,1,21,10,3,1,5,8,19,3,4,2,0,3,2,4,6,5,22
"COG0317",666,646,730,722,590,542,625,480,570,567,907,662,857,663,698,704,595,865,572,680,679,573,616,560,1027,732,694,927,665,608,754,732,697,744,483,671,638,571,710,649,569,642,634,699,742,495,569,549,642,645,718,781,705,620,676,815,383,584,816,700,732,631,637,554,806,644,534,651,502,704,583,668,676,674,558,629,864,451,591,758,694,555,652,629,661,599,655,642,962,704,584,685,592,827,700,582,595,732,599,637
"COG0318",620,381,382,556,416,563,133,553,516,147,334,549,371,501,574,478,472,206,499,463,618,257,382,529,316,449,396,287,577,470,504,479,550,345,544,371,472,545,256,432,535,557,489,415,301,549,503,185,414,381,529,549,422,494,684,398,582,392,448,362,535,530,472,493,470,396,475,414,417,415,577,800,532,532,400,508,435,170,551,378,377,201,543,534,464,296,250,418,348,460,393,498,370,428,426,510,502,409,401,444
"COG0319",105,126,138,130,135,110,144,111,118,154,141,147,149,151,143,135,126,124,106,114,87,163,127,144,194,133,137,111,140,132,141,88,124,159,84,114,114,113,116,123,118,123,151,143,177,69,111,116,120,131,132,152,167,100,126,204,86,101,119,145,139,160,131,120,110,147,119,153,91,110,116,182,139,132,154,120,151,115,98,147,159,178,107,142,128,129,127,145,143,141,159,145,159,127,146,134,116,146,142,121
"COG0320",136,33,57,107,131,137,2,93,110,21,9,45,67,46,174,132,57,17,119,105,129,61,103,102,41,113,51,11,87,75,103,115,97,48,138,46,93,196,9,67,144,127,76,114,23,109,88,11,85,101,89,61,64,131,150,114,78,90,106,69,94,29,119,105,104,111,94,89,106,108,126,82,118,104,112,102,12,28,167,69,45,30,115,172,107,129,30,96,105,83,61,98,61,129,100,87,171,164,116,117
"COG0321",110,28,65,95,64,104,1,101,100,13,8,47,37,25,103,89,27,6,105,67,100,37,69,53,21,65,30,1,80,38,57,87,68,38,82,26,98,124,7,77,103,91,28,62,21,60,66,9,58,73,56,39,44,104,91,81,63,73,79,54,63,28,108,71,76,77,65,51,81,76,68,55,88,76,58,53,14,13,97,44,41,6,74,121,78,102,9,76,84,48,42,69,43,113,98,82,90,120,69,74
"COG0322",354,318,358,410,390,364,423,329,311,502,482,436,372,440,313,391,450,488,325,403,324,387,402,338,481,422,412,581,417,361,364,384,416,457,281,490,369,296,524,340,286,363,454,405,449,345,321,449,339,398,390,481,399,327,369,512,219,361,395,348,450,520,384,417,427,416,311,492,308,431,314,541,339,412,428,346,459,329,275,448,412,314,382,351,367,396,461,398,444,438,435,380,378,420,396,316,311,374,352,357
"COG0323",338,269,392,298,362,246,216,261,343,151,453,349,278,415,388,375,379,254,263,353,272,380,311,302,448,338,493,336,305,347,281,284,319,442,305,335,347,356,379,284,343,306,323,359,295,292,310,372,300,360,380,396,381,304,381,594,226,303,309,325,396,370,365,311,401,322,259,423,301,344,340,552,285,277,363,288,340,337,290,407,349,220,269,317,423,369,272,373,286,335,368,299,241,364,340,372,341,332,306,346
"COG0324",376,196,365,379,290,302,176,226,377,273,352,291,352,277,387,324,264,333,300,328,304,255,273,320,497,290,276,340,366,265,379,324,341,351,302,337,289,334,253,338,314,316,250,266,277,305,317,193,279,297,313,299,332,357,292,353,154,271,355,292,285,277,314,252,337,329,195,346,245,335,260,399,321,344,297,288,350,181,299,291,279,247,323,371,310,310,244,277,463,290,289,389,284,324,333,304,314,372,315,326
"COG0325",175,150,178,171,156,109,191,156,141,172,193,157,186,182,178,135,215,193,131,158,122,150,203,190,217,139,162,165,192,190,166,152,162,173,141,171,153,175,132,157,155,137,169,175,137,164,165,152,180,140,170,157,175,157,175,153,97,143,172,149,174,176,189,154,178,158,143,157,121,194,143,150,154,178,175,167,231,151,117,152,172,216,160,171,150,140,150,176,168,188,169,178,179,147,167,162,172,134,163,151
"COG0326",406,537,390,472,365,456,235,338,381,183,460,446,447,434,356,421,448,528,337,423,408,566,510,411,527,463,337,446,473,426,457,398,507,484,578,396,418,494,348,472,464,457,420,415,373,398,511,192,461,392,481,381,496,427,435,592,260,400,464,485,429,519,412,404,490,482,391,372,435,391,446,627,405,447,455,510,474,357,476,502,429,322,416,402,414,438,475,507,461,403,419,456,602,466,434,459,425,385,474,402
"COG0327",111,100,173,153,137,159,244,113,148,207,95,129,204,192,145,163,149,156,121,157,106,144,151,136,181,101,152,178,131,154,150,136,144,149,142,154,138,140,110,138,140,129,190,133,196,107,111,146,105,155,107,161,102,152,134,185,62,121,167,133,182,106,156,110,172,132,82,172,142,163,91,133,140,121,92,111,175,124,108,138,127,175,154,147,129,168,130,187,154,113,119,169,88,157,135,101,114,159,119,121
"COG0328",17,32,31,39,24,11,80,83,21,119,6,45,33,124,22,49,36,22,40,25,28,114,98,73,15,37,5,35,47,83,49,58,32,59,24,48,39,13,61,16,21,19,64,56,102,65,84,58,54,22,67,116,47,43,66,374,101,32,29,209,134,40,57,49,31,40,84,14,13,21,28,93,40,18,38,55,284,58,25,71,116,176,48,34,20,1337,31,48,37,68,92,52,65,24,32,57,7,67,22,33
"COG0329",450,336,452,408,325,402,514,447,430,406,312,364,408,387,383,344,342,335,426,337,404,306,365,515,345,385,424,343,406,530,487,414,445,368,511,302,346,430,279,424,468,378,393,442,381,406,371,420,463,374,424,372,402,374,479,330,549,404,377,323,385,369,461,370,448,308,336,377,553,380,454,407,440,341,318,455,324,417,425,369,406,502,433,387,408,409,331,407,326,312,328,362,442,377,411,418,459,300,464,319
"COG0330",215,252,291,217,232,210,210,386,177,379,280,412,319,467,182,228,376,197,202,167,179,312,276,346,407,282,342,222,244,379,291,304,223,331,215,328,278,185,304,228,273,243,311,259,225,293,216,421,243,319,299,358,309,198,248,263,416,295,231,222,295,590,223,329,266,247,344,334,257,257,320,358,309,249,327,251,475,438,256,429,333,210,178,234,242,185,279,261,204,279,394,250,261,228,216,328,178,153,226,200
"COG0331",185,251,231,163,215,148,721,283,195,1128,255,210,238,158,250,240,237,204,198,221,203,259,239,191,240,207,216,275,179,210,213,192,199,231,203,303,181,204,195,203,221,206,199,215,376,197,226,287,184,196,200,119,198,222,221,220,185,228,208,175,177,213,244,179,248,218,177,209,185,237,209,184,181,186,211,223,209,245,209,205,241,781,179,195,236,175,204,225,231,207,204,283,165,224,206,219,178,202,193,233
"COG0332",481,266,320,378,498,529,202,196,390,98,347,296,337,165,274,368,309,330,228,470,364,399,356,517,305,334,330,304,389,227,364,328,297,247,411,238,427,317,256,360,330,512,258,339,319,395,341,301,274,353,293,167,256,367,487,221,165,242,377,360,231,337,299,212,270,351,218,330,272,340,289,365,336,369,281,481,464,56,340,239,320,146,290,319,345,305,208,253,397,222,296,244,281,429,262,396,271,360,274,508
"COG0333",25,31,32,31,47,20,5,26,30,9,34,27,42,20,42,28,21,22,39,20,21,23,37,42,25,41,32,35,33,13,34,44,29,49,29,31,30,40,28,24,31,25,37,26,16,28,25,44,28,41,22,44,38,30,18,44,13,22,27,27,26,23,54,22,24,29,16,28,24,32,23,59,25,33,34,21,47,41,24,30,30,12,41,42,34,50,27,42,39,28,26,38,29,26,28,28,32,36,28,41
"COG0334",514,336,524,436,454,350,314,299,520,294,432,517,482,504,490,538,451,372,370,475,498,322,441,430,531,461,391,422,439,423,444,552,475,554,420,298,414,482,307,417,496,478,494,433,343,381,444,317,476,488,488,342,520,444,472,390,244,397,465,415,448,437,490,413,474,433,300,415,338,447,430,318,491,504,406,474,385,253,546,409,378,432,468,504,451,399,354,478,513,403,329,495,362,511,543,429,537,506,500,482
"COG0335",80,75,101,80,105,59,98,61,67,98,121,105,94,107,93,101,113,112,83,77,67,132,118,111,91,107,82,143,98,89,110,77,83,126,84,74,97,89,113,88,84,96,121,112,87,76,83,95,83,105,94,92,115,87,92,126,37,66,113,102,113,110,114,97,91,89,47,93,100,83,86,145,92,72,108,97,125,59,81,101,127,81,90,95,75,105,102,92,114,69,127,97,148,97,87,96,95,85,105,101
"COG0336",126,151,145,157,177,105,211,155,138,284,194,187,205,199,152,148,198,200,159,134,87,197,165,150,157,162,178,213,196,197,193,135,153,190,156,185,141,107,176,134,122,129,192,155,226,139,131,165,168,171,149,189,187,118,153,237,116,127,168,152,226,172,169,155,158,167,174,171,100,158,140,246,142,151,161,144,235,161,87,178,199,219,181,157,144,165,162,169,192,198,163,165,171,152,174,149,154,142,111,148
"COG0337",233,217,200,190,203,145,294,210,177,326,265,253,232,285,169,184,209,261,240,185,165,249,244,196,215,246,212,278,242,215,262,179,203,183,184,258,208,162,223,153,151,189,290,197,250,226,208,222,189,204,215,145,184,162,199,233,165,142,201,218,284,243,238,230,247,226,198,209,180,228,187,153,197,237,241,199,308,169,179,216,213,321,221,219,212,221,229,243,264,251,218,223,215,193,226,180,145,203,171,189
"COG0338",73,85,73,110,136,67,117,337,109,36,378,135,93,143,163,121,98,50,237,78,139,84,199,215,71,62,94,71,61,238,107,108,105,143,250,206,125,121,119,157,49,83,196,132,69,148,226,43,167,102,106,236,102,65,144,284,213,110,180,112,150,143,161,148,139,212,126,138,110,320,90,132,110,130,226,175,208,184,167,142,172,123,167,76,38,119,181,252,173,140,251,260,43,59,162,160,373,107,125,118
"COG0339",518,117,476,481,528,535,22,399,662,93,854,324,777,179,603,654,494,644,520,608,550,97,491,371,841,353,689,712,437,309,598,556,561,330,483,554,413,633,401,396,530,529,273,527,318,369,371,36,306,535,432,254,324,616,524,402,260,401,622,622,399,235,569,339,624,464,269,623,379,573,381,331,486,507,401,366,635,45,594,256,334,47,465,619,620,681,226,462,767,296,253,425,271,623,459,435,568,668,448,518
"COG0340",206,206,183,224,239,177,222,156,190,212,212,220,268,253,167,202,204,269,179,191,162,344,213,258,243,172,232,217,218,298,235,222,220,212,248,234,198,210,237,219,187,174,281,238,286,134,223,340,203,181,204,167,195,196,199,287,105,244,228,197,260,254,202,242,223,266,225,185,142,230,204,210,204,202,231,221,242,313,135,249,236,287,197,231,172,194,272,191,211,251,215,230,267,207,239,230,180,188,196,217
"COG0341",137,275,114,179,128,154,217,194,92,115,42,198,116,147,58,170,131,131,110,249,201,110,167,136,22,198,91,107,127,257,165,152,163,133,115,96,132,112,109,195,109,91,149,133,170,263,213,173,163,136,183,145,190,157,189,126,177,135,165,175,163,165,151,241,130,143,190,80,191,118,202,245,144,102,145,184,125,162,144,198,167,153,112,132,129,120,190,133,51,159,228,118,221,148,102,181,89,104,167,109
"COG0342",445,447,408,391,352,340,266,259,363,163,880,500,521,255,300,399,662,664,362,548,471,337,358,327,792,467,567,640,419,382,500,397,528,512,219,533,340,261,433,304,305,374,266,418,427,383,326,215,468,449,433,238,538,394,373,284,265,364,461,615,385,469,348,452,501,459,342,518,269,395,394,394,437,372,454,340,663,228,298,411,402,214,455,329,379,380,447,253,499,376,350,267,354,460,336,417,276,308,421,359
"COG0343",231,238,262,236,182,165,338,193,197,290,199,278,317,298,193,274,283,288,241,265,261,254,239,245,360,230,257,287,230,225,278,266,233,271,144,250,234,159,257,200,199,205,279,258,262,246,192,277,234,274,242,349,276,182,233,278,122,204,282,254,267,280,274,251,287,255,184,210,171,223,190,352,276,216,331,236,263,179,212,314,301,303,251,211,249,225,217,277,264,225,306,247,232,250,235,233,173,227,241,225
"COG0344",49,140,50,87,78,29,130,125,28,82,18,126,46,233,42,65,100,77,60,50,46,178,84,125,21,105,46,74,102,111,91,85,77,121,39,77,86,24,102,70,46,58,140,92,154,73,97,157,99,76,96,164,123,50,71,144,125,66,68,71,122,128,76,156,63,87,122,52,48,58,107,120,93,72,119,98,59,118,31,181,108,110,87,49,83,51,111,115,45,154,218,90,181,65,85,97,47,50,74,84
"COG0345",225,183,162,204,201,171,168,174,190,195,164,158,145,180,222,247,200,194,164,223,186,211,172,214,165,193,199,197,173,193,221,207,174,140,181,171,189,205,179,204,239,227,218,185,204,240,195,192,238,220,216,143,176,174,195,193,185,166,183,169,217,177,152,205,196,215,159,247,205,160,210,129,181,181,193,195,156,194,240,158,179,217,207,207,162,145,192,213,215,156,200,202,178,165,174,220,256,199,211,188
"COG0346",291,190,226,239,316,324,206,203,351,134,101,193,169,130,365,259,149,114,354,299,247,250,315,297,83,216,213,119,239,187,182,274,249,159,407,162,225,424,103,299,343,249,225,284,169,235,269,262,308,250,200,218,174,310,277,249,242,252,185,161,202,160,265,196,210,226,188,203,388,277,262,304,210,295,170,309,138,164,287,167,254,267,197,329,260,302,153,240,203,152,177,338,319,271,214,262,397,316,308,268
"COG0347",175,327,118,131,178,76,174,78,54,137,156,256,150,254,147,167,210,198,129,53,103,188,164,149,123,213,196,274,205,258,240,190,200,173,143,167,151,141,213,201,141,151,110,168,220,260,316,160,277,161,194,168,244,96,202,128,85,157,158,167,245,284,149,203,140,271,191,127,100,113,209,148,255,141,248,216,270,297,115,275,258,344,185,157,127,91,322,244,182,237,239,215,154,111,171,145,158,94,173,171
"COG0348",241,157,177,298,222,280,59,244,190,65,59,280,222,202,183,269,139,88,171,221,233,162,205,279,67,184,49,231,231,208,220,262,275,145,167,164,284,167,127,334,178,241,141,331,239,232,228,160,160,212,188,256,145,234,264,155,232,220,267,192,236,225,238,220,271,252,223,148,195,211,213,166,237,208,213,211,136,254,168,286,246,181,305,199,220,298,219,271,231,191,240,184,160,212,155,225,134,173,158,255
"COG0349",4,1,3,1,2,20,42,102,5,141,1,3,14,10,2,5,7,6,19,3,1,2,21,16,16,11,1,5,0,2,14,0,1,3,5,67,12,0,3,9,4,2,39,6,15,1,0,14,0,0,3,14,4,7,2,0,76,12,4,2,12,0,19,43,10,7,47,0,7,6,15,1,1,13,3,4,25,18,3,3,1,113,1,4,4,1,1,13,0,16,0,25,2,3,4,0,1,4,0,16
"COG0350",159,120,116,129,139,167,92,160,145,128,134,148,136,128,140,138,121,178,146,131,140,85,143,138,150,140,92,132,125,182,147,149,117,129,149,126,135,148,132,132,175,149,105,156,182,139,178,175,185,119,131,155,132,160,158,216,136,136,130,99,176,119,123,151,141,131,151,79,166,99,163,144,141,119,126,137,124,98,198,120,130,165,142,146,111,125,118,174,108,156,133,155,151,142,131,143,152,137,124,152
"COG0351",191,241,209,158,173,109,319,109,177,250,349,215,342,112,218,210,282,371,201,223,216,177,208,202,399,218,351,406,184,205,279,226,174,174,141,282,163,172,401,161,189,206,188,221,338,118,169,233,215,213,191,119,206,184,206,225,91,192,235,278,200,185,205,119,216,178,163,308,136,266,181,150,198,210,194,213,330,249,162,160,233,188,210,238,212,171,253,175,372,211,146,222,231,226,155,157,208,232,229,176
"COG0352",104,245,180,143,129,135,403,153,123,590,160,210,182,107,170,136,169,205,140,128,166,120,218,182,208,201,150,202,147,162,167,159,187,205,113,176,189,109,186,224,132,134,161,185,290,97,189,183,210,151,168,100,203,103,165,145,72,167,151,153,155,229,140,153,168,186,155,168,100,129,140,134,167,156,167,149,211,249,120,134,184,281,165,118,183,111,265,153,192,188,137,200,268,180,106,122,124,161,176,180
"COG0353",172,176,171,169,140,101,207,135,128,237,131,176,161,204,165,164,189,172,142,163,177,144,171,185,183,172,148,176,163,161,174,180,148,223,110,169,159,128,154,161,148,190,167,188,257,146,173,170,172,184,185,204,195,109,182,189,121,178,159,174,205,201,165,147,171,170,138,164,132,136,164,231,169,170,147,165,158,199,151,186,162,186,162,151,159,142,203,172,208,181,157,167,187,164,169,144,141,169,144,172
"COG0354",4,2,6,0,7,11,1,43,13,7,3,0,6,2,4,5,8,0,23,12,3,33,10,14,1,10,0,0,0,4,3,5,0,3,6,30,2,7,4,10,14,5,5,3,1,3,0,5,5,0,5,11,3,6,1,4,84,9,4,0,2,1,5,13,5,3,38,0,7,13,9,1,0,17,4,2,2,10,6,1,3,1,3,3,10,0,2,4,2,11,0,4,1,3,4,2,3,3,5,10
"COG0355",55,117,55,60,78,38,116,89,54,59,21,76,42,73,82,89,56,52,53,68,51,91,56,77,58,91,71,69,65,133,80,66,76,86,47,82,81,44,69,78,38,60,56,73,121,61,51,114,93,83,69,47,88,49,50,74,57,68,72,85,70,80,58,72,52,112,97,49,42,61,80,52,69,52,80,57,80,92,36,61,77,105,64,76,96,54,113,62,68,84,89,78,94,65,51,68,55,87,65,78
"COG0356",225,350,190,232,245,161,311,185,178,307,282,308,256,231,191,212,310,292,209,271,203,379,210,175,257,293,313,288,241,287,256,198,224,206,241,273,208,196,236,254,251,198,170,240,275,256,220,276,305,209,256,173,297,173,240,170,138,205,251,228,227,301,215,258,219,253,240,276,170,171,244,157,258,235,270,271,270,249,195,224,288,237,271,270,235,177,326,216,234,302,278,228,276,206,198,231,221,189,238,249
"COG0357",129,173,169,152,176,141,230,180,116,318,144,170,137,192,160,142,204,135,148,146,98,244,163,176,244,160,153,181,171,192,142,165,171,223,125,197,153,124,183,153,111,121,165,156,183,141,183,272,154,158,174,172,190,122,140,259,147,167,153,135,171,193,181,138,155,152,173,203,104,166,119,204,159,148,185,172,227,244,121,185,175,233,140,131,137,133,220,191,156,153,179,187,203,151,156,146,124,162,107,152
"COG0358",654,633,506,543,606,405,575,396,493,529,1316,835,909,914,583,598,847,731,474,601,551,475,684,673,570,548,702,904,639,1083,701,661,705,689,304,504,594,634,792,432,381,469,666,717,683,773,624,507,464,584,646,871,654,653,726,666,430,532,608,598,803,807,644,638,539,618,530,846,407,775,623,778,606,338,689,655,833,508,578,880,749,530,754,685,478,515,622,608,651,656,646,649,549,664,658,757,523,513,548,494
"COG0359",98,153,122,113,112,92,195,124,89,146,126,161,114,167,121,85,128,95,116,115,107,166,168,144,113,124,126,134,127,130,135,92,114,181,125,112,135,121,116,123,104,107,156,147,170,105,145,207,154,96,133,164,144,107,117,175,94,120,120,131,161,160,152,113,118,101,111,109,105,173,105,144,131,123,154,129,131,114,105,149,145,156,113,137,121,141,163,142,146,151,127,116,115,132,123,121,140,96,151,112
"COG0360",64,60,55,46,86,42,95,56,51,115,55,56,55,77,56,52,90,82,63,51,43,56,85,89,43,63,101,95,61,63,75,57,52,79,54,80,58,48,60,57,42,52,68,63,94,43,64,81,52,50,92,128,94,65,85,113,78,101,89,86,105,115,103,102,55,77,71,114,68,100,68,162,77,81,100,104,124,77,66,119,101,110,86,99,84,89,91,101,103,96,106,110,123,60,83,101,109,118,113,75
"COG0361",71,66,78,52,92,52,77,68,43,114,96,86,76,93,57,52,120,78,62,95,45,97,99,96,69,65,97,94,79,82,81,62,70,105,68,104,65,64,91,66,73,61,57,77,102,63,68,74,75,66,51,65,65,36,34,65,27,30,44,59,56,60,76,59,34,43,33,61,20,42,53,60,61,51,56,58,65,39,35,63,69,68,47,55,46,34,55,46,49,33,75,64,64,54,50,52,67,30,52,47
"COG0362",154,86,118,156,129,143,335,168,153,340,9,64,58,54,141,120,47,22,98,163,137,117,137,99,33,64,145,28,102,72,72,111,145,36,161,114,129,147,11,110,203,142,73,113,180,119,114,99,144,79,118,66,42,125,184,76,97,130,126,73,53,42,83,95,113,88,54,62,146,142,143,86,126,68,42,124,3,37,225,45,80,216,119,146,159,119,14,125,75,48,55,100,38,129,96,87,211,148,124,111
"COG0363",549,299,464,475,471,587,298,366,519,481,777,296,957,329,581,556,524,517,388,532,558,298,431,339,275,358,602,588,491,378,650,481,506,426,432,534,402,559,646,480,462,546,348,508,351,446,415,284,364,440,428,300,381,591,469,320,330,398,552,484,364,255,471,274,606,503,347,519,464,436,378,277,477,486,333,406,484,403,494,374,396,362,489,523,465,470,327,431,599,362,310,483,374,499,428,433,471,587,456,473
"COG0364",178,53,131,179,139,176,197,145,204,242,13,66,47,41,197,177,49,17,95,185,197,132,110,81,26,78,81,30,137,95,95,197,139,33,186,99,141,203,18,156,145,185,78,127,135,145,122,104,139,148,127,75,66,222,170,103,160,143,134,82,75,63,76,125,133,125,112,82,185,109,137,91,151,112,55,132,13,44,171,31,67,165,173,155,160,157,16,127,98,70,56,163,57,157,154,140,200,179,160,162
"COG0365",252,36,180,205,247,202,19,225,322,55,340,181,174,185,287,254,161,276,232,285,244,82,172,180,366,174,184,151,180,150,231,305,216,165,202,212,173,202,197,243,195,212,137,223,115,181,174,28,244,275,221,188,179,327,188,124,263,198,233,296,202,141,190,151,239,217,206,175,153,234,211,101,219,248,177,161,216,271,236,180,168,28,222,214,252,157,88,199,245,154,131,234,92,293,220,139,189,255,214,242
"COG0366",972,1852,1093,1148,1285,863,2391,1468,964,3168,2042,1745,2517,1514,1004,1113,1322,3645,849,1167,883,1768,1165,833,2240,1345,1299,1838,1201,1113,2099,962,1230,1715,648,2699,872,803,2278,1368,679,1158,1115,1075,1749,1092,1669,1871,1333,1049,1101,1209,1518,1072,977,1093,1251,1243,1608,1795,1083,1221,1145,1379,1340,1525,1283,1481,637,1063,962,814,1156,1090,1241,1289,1797,2469,616,1592,1624,2106,948,877,1256,1254,1836,1502,1394,1396,1621,1166,1878,1101,1160,1071,917,898,1312,1127
"COG0367",295,427,239,281,303,167,155,165,263,230,366,349,246,296,274,293,332,316,223,257,272,457,219,239,402,362,250,223,338,280,306,314,351,375,215,300,283,201,343,310,271,286,327,275,335,271,434,308,313,522,288,497,281,216,340,273,234,302,245,235,306,365,296,276,363,319,283,249,201,254,392,775,308,261,323,362,337,571,255,463,295,197,361,226,287,308,331,324,273,368,480,306,323,254,396,280,187,156,244,337
"COG0368",75,142,69,52,60,35,138,63,68,45,13,78,40,139,87,66,64,52,57,65,62,42,65,85,16,89,76,52,85,119,58,63,68,52,52,56,78,46,56,51,68,61,72,83,89,51,62,77,87,79,59,71,81,63,73,66,83,81,65,54,68,99,69,109,63,56,108,63,53,57,101,46,61,61,78,81,48,77,52,81,63,94,51,53,101,72,97,55,50,87,114,49,103,81,81,82,72,64,80,120
"COG0369",1,0,2,1,0,20,1,110,4,8,1,0,6,4,0,6,9,0,57,5,1,2,9,9,9,11,0,0,0,0,20,8,0,3,5,26,0,1,2,9,6,1,12,11,1,0,1,7,0,1,5,7,0,8,4,2,66,17,3,7,18,0,4,40,6,2,65,2,5,21,27,1,0,13,0,1,8,14,5,0,1,0,6,9,3,0,2,2,1,18,0,2,2,2,2,2,6,4,0,8
"COG0370",551,867,642,627,588,448,659,496,424,240,480,814,529,1150,562,666,637,628,570,466,362,721,570,675,779,759,547,590,679,856,682,638,591,848,272,530,557,468,606,534,581,590,1044,664,506,584,547,528,577,717,770,788,733,452,607,675,546,487,533,605,899,819,621,707,713,803,669,491,415,502,534,623,835,528,731,625,770,960,390,957,785,624,657,549,494,550,858,684,547,714,765,636,652,592,681,490,372,493,550,636
"COG0371",52,263,110,104,120,80,428,111,75,70,19,115,50,136,104,61,116,72,124,116,92,158,194,116,57,142,112,89,132,111,71,90,96,73,159,153,71,60,104,109,81,93,207,91,126,214,170,260,119,102,100,140,129,28,87,99,230,186,102,77,165,133,89,147,120,109,143,63,225,113,78,99,127,106,102,123,90,141,74,122,116,257,70,52,89,76,262,154,55,118,239,96,92,50,134,113,69,61,119,81
"COG0372",345,438,185,289,274,204,411,261,243,401,327,341,349,338,309,301,365,370,334,255,245,443,291,292,260,437,341,345,414,355,337,341,391,234,329,393,301,291,326,309,324,304,381,303,320,292,367,257,387,286,380,299,355,250,351,311,241,352,296,297,385,440,254,286,292,344,344,254,216,272,335,246,402,334,398,372,355,353,305,396,417,354,311,300,276,202,550,327,359,472,403,419,378,281,298,306,331,295,337,376
"COG0373",18,94,54,33,29,46,182,97,32,31,5,42,25,43,37,25,42,200,49,70,25,123,63,60,21,47,79,50,50,45,47,22,31,51,43,77,33,22,54,63,38,54,62,42,50,15,74,117,47,68,57,58,36,26,22,45,99,73,26,28,72,64,27,61,51,59,91,40,53,61,30,31,53,34,47,32,24,147,32,21,73,114,36,28,54,21,66,38,48,91,49,53,22,24,38,25,38,34,56,89
"COG0374",29,54,96,12,19,11,337,187,69,34,15,6,19,24,18,19,28,20,15,122,32,127,45,51,34,40,118,68,3,17,58,30,3,2,21,134,25,27,20,41,33,22,38,35,28,16,2,46,89,32,37,59,9,27,46,44,198,31,24,14,35,7,31,93,43,28,132,17,21,81,56,28,5,41,8,17,4,35,41,9,48,8,67,40,116,42,6,17,37,44,21,14,11,19,12,13,59,43,62,43
"COG0375",11,52,35,10,19,17,86,98,18,22,5,16,17,79,8,13,25,18,34,25,19,44,35,54,10,32,38,18,32,23,20,18,9,13,16,56,15,14,14,23,13,11,65,31,31,7,8,17,51,19,37,59,24,19,15,42,93,19,16,15,38,26,18,33,30,16,72,15,10,48,28,16,9,34,29,17,18,9,18,35,49,6,44,17,37,24,52,40,16,37,27,26,16,17,35,15,27,18,23,16
"COG0376",4,0,0,0,0,17,1,82,13,21,4,0,12,1,1,0,4,0,48,7,3,5,9,18,12,0,3,0,0,3,3,0,1,0,5,50,1,4,0,18,21,4,12,4,1,5,0,10,0,1,0,18,1,18,4,0,144,19,8,1,1,0,8,19,1,1,87,2,24,18,25,0,0,15,0,1,3,11,12,1,0,0,0,11,12,0,1,4,1,24,0,0,2,0,2,1,1,1,0,13
"COG0377",77,9,90,55,37,63,2,82,58,8,172,44,125,24,78,72,112,138,67,73,69,5,62,36,210,43,121,137,69,21,109,51,84,64,52,124,44,78,91,45,44,47,41,63,49,53,43,4,28,63,61,24,51,65,32,52,45,52,86,110,75,22,87,49,79,56,53,103,57,99,47,28,49,82,47,44,84,3,53,46,47,1,69,80,62,60,43,52,146,60,32,57,54,87,71,46,46,72,38,54
"COG0378",26,145,49,34,45,38,222,92,22,27,5,66,25,104,21,41,52,33,76,78,37,221,66,52,11,79,103,50,60,45,68,46,29,23,57,87,60,16,50,31,21,46,85,48,60,27,39,83,132,57,67,107,50,20,29,68,62,50,27,41,72,50,41,56,41,43,98,30,7,76,55,31,23,48,62,44,54,90,22,49,101,21,59,12,84,64,102,37,47,87,41,60,48,38,70,40,84,40,74,77
"COG0379",148,138,178,140,224,151,192,144,197,144,247,170,172,106,211,180,222,183,160,160,182,218,196,155,296,199,285,138,203,121,145,171,180,232,151,227,176,147,246,162,141,201,211,173,146,115,169,124,166,187,196,115,179,211,148,183,99,199,152,162,168,199,204,140,217,195,169,304,145,288,130,109,189,220,191,179,270,208,140,152,147,177,170,171,193,198,195,161,182,192,148,222,209,178,248,160,159,209,159,210
"COG0380",73,35,57,41,85,78,4,55,120,33,3,32,40,19,113,87,18,8,97,91,164,30,80,80,15,18,27,6,60,47,59,99,75,17,105,30,55,173,3,39,146,87,37,85,3,55,104,12,82,78,80,52,47,130,91,43,91,90,91,49,47,28,52,68,48,42,84,42,109,85,77,88,74,53,35,80,5,29,137,16,32,18,117,106,90,61,12,114,53,37,38,74,63,90,128,87,166,92,96,92
"COG0381",212,135,173,309,228,439,43,166,260,93,221,167,174,213,243,245,124,168,154,267,316,173,209,297,199,118,165,147,226,140,204,267,257,167,265,114,218,275,168,515,281,258,199,268,160,156,183,162,185,207,243,359,227,452,270,291,208,240,461,413,245,267,325,257,323,297,166,205,368,216,285,406,410,317,207,271,253,59,282,263,308,144,298,324,387,317,142,294,231,158,168,353,314,363,295,390,291,313,308,353
"COG0382",30,67,58,12,43,31,109,66,8,10,263,32,89,26,6,5,101,120,40,56,11,4,50,24,248,23,155,130,4,12,66,15,11,61,18,198,22,4,131,2,12,7,10,51,58,4,12,11,50,18,11,31,45,14,15,28,96,16,52,63,47,32,17,22,51,11,59,147,2,54,23,13,17,16,20,15,125,8,10,13,47,6,5,7,49,68,30,12,65,33,13,34,32,15,8,11,20,35,53,24
"COG0383",355,288,159,647,233,1017,35,415,255,272,87,220,58,556,216,242,250,108,101,188,398,145,274,453,37,268,40,81,523,212,263,668,334,100,421,178,413,188,102,559,269,481,845,286,113,589,250,219,199,418,415,517,154,543,341,393,336,258,444,166,412,325,218,448,459,168,179,138,319,234,337,273,281,443,313,281,124,297,274,413,215,279,506,223,240,391,83,449,224,389,417,481,210,393,490,392,193,265,231,264
"COG0384",7,2,13,36,1,48,9,71,22,10,4,4,8,33,10,13,7,12,53,10,6,4,30,40,4,3,0,10,13,12,22,18,3,9,17,22,15,9,5,24,23,10,38,21,2,7,4,59,1,23,6,43,18,4,10,16,90,12,6,0,27,4,14,42,9,10,27,6,44,7,13,21,4,11,6,5,10,4,21,5,14,17,25,13,17,7,5,8,6,8,8,12,11,4,6,11,4,10,1,2
"COG0385",122,127,98,63,60,55,308,138,86,264,260,66,279,55,63,79,52,248,74,102,104,85,205,142,243,144,140,234,78,87,206,111,64,50,25,219,102,43,205,120,37,57,137,109,287,69,75,204,88,90,89,31,71,48,100,124,86,133,157,152,96,98,150,100,134,129,118,56,52,98,71,77,87,67,54,102,404,181,46,74,116,251,93,88,81,73,217,108,149,81,53,95,174,62,76,80,75,77,122,86
"COG0386",50,31,71,34,56,64,9,38,64,17,95,7,15,13,66,25,94,7,47,48,55,9,56,42,123,32,124,32,41,20,20,15,27,57,116,49,32,76,66,53,114,74,22,29,30,39,50,37,42,30,21,8,35,39,40,18,7,33,14,10,11,17,18,25,31,12,22,79,53,30,32,32,17,38,8,38,63,19,67,5,20,44,13,31,49,21,7,26,8,13,18,27,12,14,32,44,82,17,47,26
"COG0387",6,1,0,3,1,12,0,53,8,7,2,0,7,2,1,0,7,0,30,3,1,4,7,13,5,1,0,0,1,0,0,0,0,2,1,33,0,4,2,7,10,8,5,3,2,2,1,5,0,0,0,12,0,8,2,1,77,10,3,1,0,1,3,16,2,2,32,3,9,6,31,0,0,16,0,0,4,11,3,1,0,0,0,12,3,0,2,4,1,9,0,1,3,0,1,0,3,4,0,7
"COG0388",674,600,669,688,625,620,523,487,646,563,691,658,916,556,741,761,719,827,568,708,673,382,746,639,940,652,832,861,725,594,797,702,786,635,537,717,689,684,702,560,642,678,690,727,674,601,683,333,557,731,770,493,651,712,667,576,388,616,779,779,761,613,719,576,851,688,512,763,605,681,640,661,720,551,730,614,727,623,648,636,717,854,712,699,666,619,608,647,916,628,613,654,743,764,650,638,637,839,596,714
"COG0389",232,445,357,334,342,266,389,575,315,812,458,539,329,667,347,336,376,549,357,234,206,441,437,414,417,457,495,487,420,533,306,386,343,487,288,376,340,253,704,398,248,276,579,332,543,419,384,567,294,438,399,553,460,380,318,449,378,381,422,376,480,432,405,521,367,410,448,346,261,353,334,605,416,510,368,358,393,637,244,517,353,543,341,280,321,320,526,396,316,475,500,371,471,383,339,354,168,364,297,412
"COG0390",78,12,100,69,41,96,56,85,83,170,5,33,10,25,64,48,22,5,55,45,69,78,46,61,76,22,12,6,65,25,25,60,57,89,62,61,63,87,0,88,43,69,29,44,58,76,44,59,34,42,50,21,58,71,42,19,74,47,50,36,16,49,44,46,55,48,64,25,78,48,44,32,48,43,33,38,18,15,60,15,25,49,78,60,56,20,4,70,35,41,22,49,32,74,78,49,53,97,36,53
"COG0391",7,26,50,32,13,40,135,33,29,36,9,19,12,47,17,15,22,24,46,30,22,101,51,66,15,12,47,20,19,25,20,20,13,61,17,46,29,6,37,22,21,20,79,40,130,9,5,131,27,42,12,125,27,16,17,119,49,17,15,27,61,59,24,24,28,15,28,27,53,41,9,236,9,19,34,14,20,25,23,67,52,84,29,18,38,23,22,14,27,13,45,13,14,13,14,7,21,12,30,33
"COG0392",26,64,56,64,62,42,301,143,34,501,81,66,34,93,35,42,52,68,50,47,35,333,73,88,26,87,49,63,65,51,44,64,66,95,28,132,61,23,105,64,32,38,88,76,185,27,108,426,72,38,84,133,69,24,62,135,106,85,39,36,54,57,67,80,75,62,88,44,105,42,55,59,52,49,79,62,38,204,29,62,82,298,63,37,47,52,127,98,11,99,51,104,125,24,25,53,45,31,61,61
"COG0393",124,53,73,92,84,77,3,59,103,39,59,36,56,12,77,69,88,66,39,75,91,45,69,64,15,59,81,74,55,70,75,118,94,56,123,56,79,74,51,98,81,71,71,51,47,83,78,48,74,76,50,51,58,104,90,37,34,90,59,73,55,98,88,48,81,68,48,89,50,73,72,38,49,34,154,80,60,57,74,53,37,56,39,80,64,56,41,78,52,30,47,75,41,41,85,67,123,56,79,61
"COG0394",265,237,209,184,210,132,344,185,206,534,163,214,175,144,235,206,241,175,192,191,181,113,207,196,183,250,216,241,208,216,227,170,185,188,208,174,192,270,148,232,291,191,199,197,249,194,286,207,276,200,253,169,191,148,284,302,177,213,178,143,210,177,246,173,164,220,230,301,246,228,256,207,261,226,183,295,146,182,237,169,172,307,199,279,252,126,221,234,213,185,181,217,276,204,174,207,307,250,252,190
"COG0395",627,1798,483,645,1152,360,1384,920,339,2714,193,1455,316,1337,632,572,824,708,394,284,320,977,827,659,176,1121,330,593,879,1177,653,589,732,1012,526,553,549,250,837,1021,347,656,484,435,626,1891,975,1661,599,608,654,1373,1260,382,574,538,1392,927,648,571,689,953,875,1376,501,1096,1000,514,622,311,834,640,750,672,1243,868,322,2990,407,1675,1020,1879,686,456,538,1098,1332,788,160,921,1809,917,1543,449,704,1069,317,323,845,590
"COG0396",153,177,152,205,146,140,263,178,151,149,183,158,171,225,223,167,185,209,119,180,130,189,194,169,191,154,213,188,189,105,225,186,182,198,114,178,162,130,186,175,93,178,163,176,174,161,165,173,156,166,149,193,158,153,147,219,80,124,156,186,175,164,148,178,179,177,128,194,100,190,109,261,188,189,179,142,137,57,109,207,204,203,189,135,175,161,158,163,181,175,201,166,148,185,141,145,116,172,164,175
"COG0397",1,1,1,0,0,18,1,65,5,8,4,0,4,2,3,0,9,0,37,6,3,0,9,8,5,3,4,0,0,2,0,3,1,1,7,31,0,3,3,6,6,3,12,7,4,2,0,12,0,0,0,6,3,6,3,0,82,13,1,1,0,0,2,28,1,0,48,2,10,4,23,1,0,17,0,3,3,10,11,0,0,0,0,6,9,1,2,2,0,14,0,1,2,0,8,2,2,7,0,18
"COG0398",29,78,34,31,17,25,133,92,47,45,6,28,16,69,71,33,32,32,56,27,14,58,97,77,20,24,28,30,35,48,20,24,31,34,61,67,31,22,25,59,19,48,116,46,141,48,11,49,30,22,44,102,47,20,21,85,117,60,28,14,62,43,65,37,36,47,89,23,61,41,37,140,34,39,50,27,42,45,17,63,43,227,28,25,27,36,50,31,27,41,76,43,32,12,54,27,34,30,35,28
"COG0399",587,477,451,740,396,1022,272,279,733,151,477,591,359,294,394,465,435,280,340,510,783,605,456,589,405,442,499,375,739,507,426,600,463,514,595,389,605,552,295,897,469,741,339,547,246,834,426,278,587,415,464,420,495,611,513,336,408,455,492,714,393,554,331,556,506,408,387,499,505,339,542,503,627,428,316,484,529,429,542,422,498,166,621,315,745,595,372,493,293,587,555,533,396,613,541,613,422,449,565,505
"COG0400",2,2,2,2,0,9,80,55,8,95,2,6,4,4,6,3,5,0,23,8,2,6,6,7,17,0,0,3,0,2,0,3,0,0,5,50,15,12,0,6,12,3,11,6,7,2,0,14,0,1,2,12,4,4,5,3,54,14,1,0,2,2,14,21,3,12,50,2,7,1,18,0,1,10,6,1,1,13,5,0,2,0,0,5,6,0,1,1,1,16,0,2,3,1,2,4,4,5,0,7
"COG0401",1,0,0,0,0,4,0,10,2,0,1,0,3,0,0,0,0,0,8,0,0,0,2,1,0,0,0,0,0,0,0,0,0,0,0,9,0,0,0,0,0,0,1,1,0,1,0,2,0,0,0,2,0,1,0,0,12,0,0,0,0,0,0,1,1,1,10,0,4,1,5,0,0,2,0,0,2,0,1,0,0,0,0,2,2,0,0,0,0,1,0,0,0,0,0,1,1,1,0,1
"COG0402",135,389,271,147,189,212,552,536,209,539,56,190,92,547,245,161,151,107,226,191,130,223,320,383,95,162,100,130,162,209,167,246,139,94,164,288,243,138,117,186,181,164,395,312,383,141,111,386,195,255,186,468,188,110,160,246,812,290,162,130,344,133,273,288,223,129,355,91,335,177,194,206,147,200,199,184,108,287,268,317,215,556,212,99,284,304,295,292,106,217,244,212,166,169,205,175,85,141,164,208
"COG0403",251,97,313,258,180,257,244,284,307,31,26,158,138,114,293,355,98,34,188,410,315,30,220,155,115,164,172,54,196,143,186,276,300,170,292,133,252,306,11,180,267,317,155,214,68,182,150,4,194,278,172,125,118,179,190,153,134,136,174,71,113,85,132,149,224,146,114,113,199,169,161,80,184,161,66,135,48,24,211,111,130,10,139,207,171,206,23,153,182,134,84,119,77,219,160,141,176,229,154,158
"COG0404",192,100,152,159,161,169,165,165,161,31,17,120,67,82,180,146,86,26,172,232,170,53,171,171,106,108,129,49,127,98,133,169,163,145,197,75,144,202,24,102,183,154,132,170,44,146,118,22,135,186,156,134,112,175,184,125,111,152,115,84,127,65,204,130,130,109,114,114,151,182,135,91,132,143,89,153,51,32,197,106,119,48,131,186,153,197,53,152,159,89,97,161,67,186,135,155,253,183,175,142
"COG0405",4,11,46,12,9,37,9,33,44,15,10,17,73,37,43,13,23,24,56,21,12,49,49,60,15,13,4,24,22,15,15,18,10,8,17,49,8,11,23,31,51,39,102,35,65,34,2,22,11,58,19,25,7,15,17,21,167,19,14,15,62,6,20,48,26,17,43,25,147,20,28,27,9,28,21,14,97,29,77,12,9,108,16,11,12,14,45,7,17,26,8,17,12,10,3,13,12,24,11,28
"COG0406",167,374,211,179,246,95,711,240,120,963,183,266,190,385,190,213,258,209,223,161,137,569,242,267,204,313,207,236,247,374,217,191,212,311,148,276,232,147,277,188,140,175,281,261,588,189,320,569,287,147,237,292,302,118,234,281,189,224,214,173,281,329,285,257,176,258,295,228,159,190,294,219,264,225,277,304,229,301,136,275,319,702,170,275,207,172,393,233,210,364,310,279,281,179,247,211,161,189,200,195
"COG0407",171,33,69,103,36,150,2,118,125,58,8,21,21,50,41,50,18,18,75,54,70,81,44,68,29,79,24,21,65,53,17,53,49,25,172,47,41,81,16,142,99,66,26,58,12,67,88,76,102,60,101,95,40,73,77,78,131,45,61,16,56,17,115,61,49,37,99,47,93,41,98,75,57,104,28,83,17,72,129,33,26,13,45,67,105,71,35,50,31,34,40,42,27,31,43,58,104,32,65,61
"COG0408",1,0,0,0,0,6,0,23,2,8,3,0,7,0,1,0,3,0,21,3,0,3,4,8,1,1,0,0,0,1,0,2,0,0,0,16,0,1,0,3,4,0,4,3,0,1,0,3,0,1,0,6,1,5,0,0,56,3,4,1,1,0,2,13,0,0,21,2,5,3,6,0,0,2,0,1,3,1,1,0,0,0,0,3,1,0,0,1,1,5,0,0,0,0,1,0,0,2,1,5
"COG0409",19,69,71,11,11,36,194,95,41,26,4,13,16,28,12,12,22,26,29,72,9,68,51,46,12,40,57,40,14,19,20,28,16,8,29,74,16,15,32,45,23,24,54,29,74,6,19,38,40,17,26,38,10,12,19,48,90,28,18,20,32,26,33,42,34,35,74,10,18,65,32,27,18,24,12,25,7,11,17,20,34,83,37,18,45,27,56,52,35,32,13,25,14,12,14,21,44,32,48,25
"COG0410",117,113,81,97,56,66,194,75,49,175,16,79,59,244,68,94,61,66,122,59,55,85,75,170,24,85,55,78,79,195,142,96,79,66,54,100,81,26,68,97,37,48,202,131,81,55,24,123,59,74,89,122,85,40,95,111,157,64,52,73,128,108,70,99,84,110,93,44,108,54,91,93,62,60,70,60,151,60,50,157,110,177,102,74,82,70,164,78,29,86,125,107,77,65,77,65,55,61,83,66
"COG0411",141,111,86,110,71,69,253,93,59,199,19,99,68,322,83,109,59,71,106,80,47,65,105,150,34,112,62,68,105,208,111,104,80,65,51,96,93,29,68,93,59,61,198,124,63,64,21,133,66,76,114,162,70,47,84,95,158,61,59,63,111,104,83,136,90,106,108,29,96,64,118,82,63,57,64,102,51,56,58,172,74,188,129,80,91,72,119,94,34,82,105,113,91,63,68,75,56,56,85,59
"COG0412",3,3,5,0,0,20,1,97,13,25,6,0,10,1,2,0,11,0,51,10,8,4,13,23,11,4,0,0,0,7,2,4,1,2,4,61,0,6,0,18,15,2,12,9,2,6,0,7,1,0,0,19,2,20,5,0,148,15,10,0,6,0,4,44,5,1,94,0,35,17,39,0,0,28,0,2,7,22,11,0,1,0,0,13,14,1,0,6,3,27,0,0,3,2,1,2,1,9,0,20
"COG0413",139,115,139,127,112,114,148,94,127,27,203,121,142,38,150,158,149,154,126,185,186,65,103,94,164,90,206,192,104,92,152,140,102,149,99,158,107,147,111,141,89,154,104,108,104,87,84,29,110,142,112,91,147,155,94,129,64,88,143,171,108,110,134,118,145,141,57,175,59,148,106,54,130,116,105,117,159,77,100,106,122,52,155,136,197,128,83,112,189,121,68,104,123,137,128,99,106,139,145,101
"COG0414",155,160,158,158,150,161,125,131,187,65,266,125,207,61,156,140,190,260,158,176,156,78,166,124,192,145,213,258,137,99,194,184,186,154,151,170,142,181,127,136,128,149,105,171,156,133,119,80,133,147,138,70,134,166,154,125,108,151,181,165,166,161,161,129,145,149,96,190,100,158,111,91,160,129,108,118,188,127,165,94,136,95,149,172,158,156,115,127,199,105,107,146,172,157,136,111,134,196,146,155
"COG0415",4,3,2,0,0,11,1,45,4,14,3,1,5,0,3,1,3,0,24,5,0,3,7,10,5,2,1,0,0,0,2,0,1,2,4,25,6,1,0,3,3,2,12,4,0,3,0,7,1,1,2,14,2,6,1,0,86,5,0,0,5,0,7,14,2,0,41,1,10,5,19,1,0,13,0,0,23,5,5,0,0,0,0,10,12,51,1,0,0,14,1,0,1,2,2,1,0,4,0,9
"COG0416",34,168,73,91,76,45,196,161,42,97,26,150,70,270,62,101,101,85,97,68,64,255,122,120,34,142,70,84,112,152,114,93,104,113,57,102,112,28,113,85,53,81,139,117,175,62,129,267,107,114,77,182,100,25,61,111,78,65,43,49,119,124,66,115,82,75,127,49,42,56,63,116,116,74,94,62,83,83,13,129,110,112,68,40,59,45,106,88,27,115,111,65,89,52,93,64,30,46,64,82
"COG0417",2,0,2,2,0,25,1,113,20,17,3,1,11,5,1,3,8,0,46,15,1,7,9,7,10,3,1,0,1,0,1,4,0,0,9,84,2,2,1,12,9,0,12,7,1,0,0,13,1,0,0,45,3,2,5,2,193,20,7,0,2,0,4,59,4,0,87,5,6,16,46,1,1,22,0,2,8,23,10,3,0,0,1,9,9,2,0,2,2,22,0,0,3,1,5,1,3,4,0,8
"COG0418",4,0,2,0,1,10,0,73,9,5,2,0,1,6,1,4,8,0,29,5,3,1,6,6,6,1,0,0,1,3,16,0,0,0,2,32,0,0,0,7,10,2,7,2,0,4,0,4,0,0,0,12,0,4,1,0,63,6,0,2,8,0,4,33,5,2,38,0,5,10,15,0,1,8,1,4,3,13,5,0,0,0,4,2,5,0,0,3,0,14,0,0,1,0,2,0,2,2,0,6
"COG0419",275,304,570,253,373,221,459,271,375,274,566,327,636,352,337,387,478,297,311,511,466,657,334,329,251,407,610,765,352,488,549,577,517,659,228,363,328,428,434,311,472,404,200,403,401,192,421,567,492,390,451,339,435,402,342,406,227,444,467,538,477,331,319,406,501,271,451,440,171,658,737,450,354,351,476,349,540,251,415,432,443,389,472,376,690,273,403,633,516,414,365,278,269,308,523,331,394,358,499,396
"COG0420",217,373,244,249,241,131,249,168,186,210,200,263,211,233,252,171,255,272,198,238,240,371,248,249,70,264,144,270,276,342,272,269,225,325,247,154,224,252,233,268,259,191,153,223,359,227,332,368,247,245,329,201,267,142,291,279,246,289,248,188,312,436,230,260,182,225,245,154,224,195,267,296,207,191,296,261,167,367,342,325,327,311,252,231,246,106,309,263,275,268,229,207,236,198,265,288,224,185,236,265
"COG0421",34,260,44,45,80,20,106,63,24,60,14,86,29,78,51,41,72,56,67,43,41,95,84,79,19,137,44,58,92,97,61,49,55,92,35,61,48,17,52,77,38,35,63,72,111,22,74,81,100,60,71,28,148,32,49,60,115,42,47,68,69,80,42,96,46,106,124,57,25,49,79,40,89,61,123,71,38,165,21,126,68,107,62,48,81,19,121,39,27,126,113,72,120,52,77,99,38,39,77,60
"COG0422",287,300,309,223,260,296,439,245,211,452,262,227,439,118,265,228,270,372,269,316,276,195,200,183,494,232,354,326,204,283,346,258,263,261,215,415,236,233,246,218,289,217,240,218,307,190,244,153,249,278,266,157,264,191,363,173,216,236,268,299,226,221,237,192,308,280,219,253,231,242,315,133,276,157,233,304,264,225,331,191,228,272,243,274,323,178,271,216,261,219,143,209,354,271,197,180,218,197,221,226
"COG0423",352,289,286,341,310,207,180,187,221,350,452,408,348,380,311,294,366,417,245,271,326,176,246,256,482,323,322,435,285,366,351,338,386,337,234,287,250,273,308,265,282,285,303,301,240,344,330,121,266,351,344,424,379,268,387,329,68,303,323,316,376,376,327,298,378,307,191,353,170,299,330,422,361,284,345,363,369,230,275,383,308,199,364,307,310,251,354,305,367,319,351,292,348,350,316,311,258,286,303,292
"COG0424",134,170,174,154,148,134,239,169,146,301,141,150,165,164,164,146,126,169,157,149,118,111,175,152,160,130,155,152,150,165,165,150,145,144,118,159,151,153,122,111,158,124,159,155,144,119,154,102,136,148,148,147,145,118,120,163,125,135,161,153,163,142,177,144,134,147,144,165,137,145,141,159,122,128,164,154,145,121,144,149,175,221,145,149,149,144,124,154,157,148,135,164,159,161,149,126,162,166,134,155
"COG0425",292,108,330,216,192,284,15,94,281,37,14,107,102,50,264,196,121,25,265,210,269,32,116,127,233,211,111,26,139,134,116,173,201,267,287,27,183,343,22,170,376,229,98,152,40,170,237,61,185,222,243,89,231,297,260,143,57,208,200,132,98,103,186,111,210,162,122,167,211,251,264,106,178,257,187,186,71,108,357,98,107,38,220,288,279,201,48,162,100,178,96,124,145,252,211,191,346,259,227,207
"COG0426",293,319,291,295,311,276,234,185,279,224,347,329,300,321,341,337,323,304,307,271,323,210,416,344,401,315,354,339,319,401,305,351,324,287,283,274,327,281,336,297,315,265,335,327,321,273,335,303,267,383,344,369,283,233,312,298,299,324,295,253,385,298,334,278,291,356,318,319,265,285,333,227,323,301,292,361,243,380,329,298,321,334,333,360,256,282,345,378,311,293,301,298,313,309,335,360,305,320,306,278
"COG0427",285,202,249,293,213,201,277,230,223,41,425,304,343,192,248,277,271,265,258,273,284,60,459,292,383,314,307,371,271,306,364,351,306,161,184,242,285,239,243,209,299,214,253,319,340,179,173,31,211,314,354,249,203,196,348,267,176,224,317,339,337,176,425,223,444,205,177,349,219,380,267,196,274,339,277,299,222,21,306,267,255,368,324,353,334,346,190,290,435,296,135,224,254,369,242,226,250,301,238,256
"COG0428",53,115,106,99,78,43,67,143,47,53,154,144,126,177,86,67,152,122,74,95,58,95,129,120,207,86,87,162,116,137,140,98,85,246,38,102,129,48,204,100,70,79,155,155,135,59,92,114,87,91,130,257,158,26,100,262,109,116,135,108,178,211,113,151,116,95,141,117,103,75,83,169,108,71,131,97,159,140,36,198,171,103,123,62,70,80,155,128,96,133,164,103,149,86,70,125,34,57,80,120
"COG0429",8,3,16,3,8,31,0,28,11,9,0,0,9,6,6,7,4,2,38,15,16,34,8,11,6,9,2,0,1,3,3,4,0,4,7,29,3,9,3,15,20,5,13,10,4,7,0,11,4,26,3,7,4,7,7,1,51,10,6,11,8,1,12,27,7,11,46,10,28,18,8,6,1,16,7,6,4,6,17,2,2,0,1,9,24,2,3,1,6,12,1,6,3,10,5,3,5,9,0,10
"COG0430",1,0,0,0,1,0,0,20,2,8,1,0,0,1,0,2,5,0,0,2,5,2,4,5,5,0,0,0,0,0,0,0,0,0,0,21,2,9,0,5,1,5,0,1,1,4,0,1,0,0,1,3,0,4,1,0,55,5,1,0,3,0,1,8,2,0,30,1,2,7,10,0,0,7,0,0,0,13,2,0,1,0,0,3,5,0,0,1,0,7,0,1,1,0,0,1,1,0,0,10
"COG0431",3,0,13,0,1,19,9,93,21,65,9,0,9,0,2,4,7,8,35,12,0,8,13,24,14,5,0,2,1,4,68,11,0,0,10,38,1,7,19,14,14,3,30,8,135,4,1,321,4,0,1,8,2,4,2,1,60,11,3,0,5,0,5,23,2,3,42,2,13,11,25,1,2,20,1,2,3,14,4,1,2,29,0,5,6,11,5,1,0,8,0,4,2,1,1,0,1,2,2,7
"COG0432",88,39,58,46,96,46,105,66,74,18,61,43,53,43,112,76,59,52,46,100,71,12,64,35,8,43,102,59,33,33,63,58,56,24,74,73,51,80,33,44,82,71,37,59,29,51,65,11,67,45,50,45,45,66,69,50,102,42,59,74,27,22,48,46,75,53,53,76,81,47,67,28,48,74,50,54,36,26,73,36,43,25,71,100,63,55,24,58,73,42,46,73,40,47,43,62,106,54,66,53
"COG0433",162,43,10,128,77,129,11,130,15,49,113,45,67,79,15,48,59,319,57,75,33,30,68,139,39,37,40,14,65,17,38,59,43,106,11,75,93,65,254,165,12,63,14,28,108,57,76,113,102,32,54,130,120,108,77,257,99,105,177,99,289,153,137,122,42,299,124,109,48,164,71,548,87,221,74,81,209,12,7,94,238,13,104,229,71,123,86,77,36,170,217,193,34,106,404,240,177,160,30,130
"COG0434",3,10,27,12,4,1,4,29,5,9,8,14,4,38,2,3,4,13,31,29,1,1,9,25,1,3,0,23,10,29,3,9,8,3,12,0,12,3,4,8,23,4,19,12,4,13,23,1,5,2,5,24,6,3,11,4,68,10,7,6,10,2,10,9,6,3,9,3,49,8,1,9,10,2,1,18,1,15,5,11,23,3,10,9,21,24,10,9,4,7,11,13,6,2,14,5,2,6,33,2
"COG0435",4,4,12,6,9,19,1,47,17,15,4,8,10,19,11,3,5,18,41,7,3,37,5,19,9,5,0,10,15,4,1,13,11,12,8,33,7,1,13,11,11,8,19,9,12,4,12,22,15,0,4,21,5,9,7,8,91,8,10,3,27,5,14,22,3,11,54,5,10,16,13,20,9,18,34,5,15,10,5,3,1,43,2,11,13,0,16,7,3,17,31,5,14,2,7,9,4,6,6,7
"COG0436",1247,1047,1130,1253,1181,906,1549,871,1186,1815,1171,1188,1186,932,1365,1274,1213,1300,1120,1126,1176,1019,1114,1082,1297,1199,1286,1328,1231,1006,1260,1243,1309,1295,1096,1142,1089,1256,1081,1090,1130,1285,1172,1117,1275,1007,1140,1101,1120,1090,1299,874,1170,1139,1347,1180,534,1114,1204,1139,1164,1029,1227,1015,1307,1276,938,1260,974,1175,1087,953,1256,1089,1101,1195,1080,636,1258,962,1138,1584,1256,1215,1185,1090,1115,1174,1271,1149,970,1319,1058,1360,1254,1082,1215,1377,1172,1229
"COG0437",64,15,117,27,67,46,33,513,48,68,19,23,63,37,38,61,76,23,117,126,53,343,74,80,65,104,19,26,10,70,51,57,11,23,53,229,52,92,30,62,97,39,62,66,48,23,11,52,39,39,107,71,26,54,58,47,455,74,58,23,68,23,66,147,63,84,298,15,48,49,118,50,27,91,60,28,26,62,56,20,28,28,47,81,104,14,32,33,43,121,32,44,18,28,30,32,40,37,39,67
"COG0438",3760,1982,2837,4128,3975,5106,1437,2611,4710,1965,3189,3119,2810,2155,3548,3437,2498,1726,2610,3133,3725,1382,3086,3454,2567,2793,2689,2349,3238,2710,3521,3093,3480,4118,5644,1704,3367,4717,2408,3925,4798,3211,1870,3871,2041,3946,3406,1644,3727,3203,2952,2504,3224,4736,3101,2549,1683,3095,3442,2547,2569,2719,3104,2565,2566,2451,1872,2902,4161,3361,3224,3548,3079,3917,2409,3298,2416,1419,4065,2204,3152,2080,3308,3820,2941,3440,2136,2746,3258,1880,2813,3463,2753,4204,3304,4240,5156,4071,4050,3072
"COG0439",319,328,278,369,358,551,343,236,383,183,52,226,196,152,296,247,144,93,310,345,335,365,210,198,104,292,212,164,238,200,210,266,302,212,472,160,370,449,146,358,428,392,195,335,260,364,417,477,388,304,244,239,196,275,332,281,247,433,317,184,173,255,276,188,251,219,253,175,342,309,352,290,250,344,272,302,218,558,401,244,261,208,260,298,365,290,322,284,289,328,213,232,173,299,326,245,292,254,343,302
"COG0440",133,162,107,115,140,68,145,122,96,211,34,145,69,93,146,143,91,77,108,106,92,176,138,149,37,140,65,71,166,128,108,137,131,128,58,76,93,63,77,125,65,108,161,105,128,123,113,188,102,92,149,90,112,93,116,98,159,106,95,81,88,121,69,168,93,158,147,76,58,68,116,77,133,105,121,137,113,138,65,120,135,200,168,87,100,113,146,120,39,138,165,144,176,75,106,129,82,119,125,138
"COG0441",582,705,663,646,599,505,630,457,566,555,816,756,628,715,589,634,789,783,542,689,730,570,660,633,945,678,851,899,664,569,711,660,718,866,574,606,647,538,814,639,498,650,574,636,778,623,545,576,620,668,694,783,705,573,658,713,323,626,667,666,682,861,613,631,682,602,502,770,467,621,547,998,602,745,682,638,728,549,538,799,721,654,662,590,655,613,731,594,829,657,792,617,597,743,681,628,577,626,704,636
"COG0442",271,341,320,279,260,233,413,323,232,493,323,365,279,413,318,318,302,291,275,265,231,312,270,268,415,336,272,338,261,299,273,290,262,392,241,354,277,252,279,256,215,262,363,295,365,298,290,451,305,350,323,470,400,200,314,378,240,266,287,257,359,370,330,257,351,357,289,310,185,302,241,447,336,283,361,283,358,357,207,374,344,411,346,292,315,289,340,322,361,435,336,307,305,334,287,240,219,279,241,328
"COG0443",462,557,383,498,439,385,527,627,318,573,372,633,445,673,375,489,624,473,434,424,418,594,447,579,524,535,402,462,499,647,513,489,468,860,348,569,429,365,525,835,324,458,584,407,703,478,436,713,536,511,569,625,727,362,561,557,526,389,492,436,582,709,493,734,606,576,645,436,208,404,494,700,515,474,720,620,448,451,316,777,518,515,582,416,536,350,594,464,363,703,695,447,525,490,430,487,317,337,466,564
"COG0444",246,453,242,200,203,185,612,429,134,282,44,278,119,557,237,214,182,168,342,214,212,500,211,291,92,247,178,244,239,359,209,237,163,212,203,277,258,83,207,327,151,181,434,270,315,183,227,659,200,247,218,479,259,89,237,255,621,388,157,123,298,217,263,359,164,262,457,115,369,206,295,184,221,207,194,281,99,585,212,323,239,497,212,211,254,182,462,238,105,308,257,207,261,165,201,234,105,143,203,238
"COG0445",459,473,454,441,562,355,455,300,387,219,486,499,528,527,481,458,550,608,446,482,385,596,431,421,579,578,605,613,438,479,527,428,493,542,394,503,386,434,533,391,442,422,452,456,511,365,451,605,493,556,530,529,464,350,565,615,293,442,426,487,604,489,427,449,508,540,418,539,396,540,574,621,464,514,531,486,545,515,505,521,496,374,393,480,553,417,540,431,484,502,543,442,433,552,512,455,500,433,518,476
"COG0446",343,480,410,339,313,326,335,373,349,456,84,252,183,497,328,346,249,213,393,276,349,294,319,453,204,465,205,178,419,559,263,384,327,322,291,306,334,333,221,265,413,322,554,330,270,244,341,584,285,516,736,780,471,515,625,695,832,788,473,383,527,422,498,480,488,520,577,372,658,566,532,395,495,513,522,677,245,802,568,575,415,568,492,474,765,597,900,658,266,565,486,461,617,529,641,468,505,477,642,561
"COG0447",129,23,134,94,85,88,0,87,153,18,159,68,191,14,153,130,109,131,83,136,104,23,73,71,217,94,114,94,55,58,134,85,97,103,92,77,45,134,81,71,112,98,43,89,96,74,56,76,62,92,86,39,99,84,101,71,66,76,116,118,75,38,101,65,126,99,78,142,71,100,113,41,89,103,73,70,83,12,150,52,52,18,79,135,110,85,31,80,140,83,39,83,56,120,89,60,99,123,69,83
"COG0448",196,638,245,226,277,129,600,187,124,464,70,458,195,525,190,232,321,277,217,167,132,615,282,321,78,454,222,265,357,464,256,293,277,344,152,232,251,81,368,370,157,230,427,232,362,256,444,747,462,311,376,406,404,125,280,342,346,361,187,215,409,452,242,379,196,448,396,151,185,182,347,207,357,252,380,478,298,784,143,453,399,564,274,182,243,199,826,403,112,402,477,298,539,228,317,360,158,175,354,296
"COG0449",399,401,320,490,424,271,471,355,246,545,431,510,381,577,414,418,397,399,475,323,384,463,408,398,357,396,457,468,426,459,413,360,467,436,322,488,410,286,451,373,350,374,523,577,432,496,510,464,396,411,447,486,434,324,477,506,285,337,416,411,460,467,381,394,439,491,440,411,293,358,427,587,425,322,496,496,445,417,335,551,448,518,443,380,435,384,506,449,368,444,554,453,373,417,343,427,363,343,398,452
"COG0450",143,84,88,102,102,181,193,130,137,114,6,80,37,52,131,86,46,24,92,104,134,59,103,125,29,101,68,31,94,72,91,111,133,56,172,46,114,178,37,136,190,127,73,121,71,125,94,118,141,94,121,93,88,119,138,111,82,118,98,65,67,54,108,69,108,76,62,65,146,107,120,148,94,144,68,124,18,59,159,68,65,97,88,168,146,137,34,78,118,71,86,142,70,124,113,128,181,142,159,90
"COG0451",1632,977,1318,1402,1287,1780,615,968,1599,473,1340,1053,974,835,1247,1177,1028,1002,1162,1172,1548,893,1186,1286,971,1044,961,1244,1243,1038,1179,1177,1238,952,1644,958,1334,1494,1111,1915,1476,1278,1058,1473,776,1426,1627,498,1418,1131,1121,913,1064,1664,1266,982,710,917,1416,1291,976,878,1112,1129,1143,995,879,1349,1479,978,1329,1168,1106,1220,953,1091,1196,826,1738,911,1039,1148,1166,1512,1265,1349,876,1104,1473,889,1058,1214,899,1262,1228,1333,1802,1414,1466,1123
"COG0452",259,302,241,224,252,158,318,166,223,368,217,235,163,197,291,283,244,141,204,202,210,292,216,200,295,297,253,155,264,275,246,255,272,281,151,201,218,202,238,218,171,225,262,189,238,185,229,297,234,274,270,220,268,190,252,252,170,200,196,142,244,349,246,210,232,310,249,277,165,223,207,225,284,215,227,256,237,203,161,260,226,186,212,253,219,189,239,225,179,277,214,279,239,263,213,180,181,204,247,272
"COG0454",588,721,546,636,690,697,682,822,719,874,242,685,433,761,669,612,551,384,1055,669,663,1151,677,869,329,672,419,325,622,645,532,702,745,876,801,475,634,706,511,781,881,744,728,745,601,715,955,1023,707,623,626,744,729,679,620,619,955,740,547,498,633,675,824,754,541,555,857,513,968,738,702,726,603,768,726,712,597,667,726,625,716,605,661,745,538,718,584,697,425,707,712,792,961,635,623,772,771,786,796,601
"COG0455",3,81,13,17,32,7,6,0,0,1,3,51,21,10,10,12,34,29,18,0,10,71,24,12,1,57,11,10,49,3,15,10,22,35,18,10,30,1,24,18,5,30,3,12,24,42,24,1,83,17,30,8,72,10,11,19,0,0,16,32,28,82,14,38,1,20,35,16,0,4,26,18,23,26,80,34,43,1,0,34,44,2,16,2,18,6,41,4,8,96,66,27,88,20,17,27,19,6,40,44
"COG0456",38,144,54,80,73,82,123,117,94,141,21,137,45,190,77,59,112,60,81,47,67,183,92,114,29,109,39,58,88,75,53,72,82,120,57,102,88,58,84,103,71,121,81,95,111,87,122,212,122,83,77,161,123,65,72,110,141,94,43,75,110,135,71,133,63,67,129,54,153,43,74,129,51,93,129,94,79,162,73,141,101,159,95,39,89,62,130,103,23,107,158,80,167,63,84,98,38,54,101,75
"COG0457",1899,566,1798,1402,1812,1543,428,912,1703,655,1563,1215,1815,644,1784,1663,1310,1217,1712,1689,1750,406,1407,1051,2039,1343,1505,1249,1293,1201,1430,1405,1414,2317,1616,1267,1431,2155,999,975,1833,1537,961,1693,904,1235,1287,354,1066,1545,959,570,1101,1397,989,906,478,937,1075,1216,858,723,1109,698,1126,944,522,1165,1034,1258,812,706,922,1094,1003,897,1080,226,1195,671,909,395,1120,1414,1090,1119,427,868,1354,829,752,1061,790,1265,975,1072,1292,1360,836,828
"COG0458",916,738,906,828,731,818,757,729,943,817,1436,1005,1364,783,875,1033,1003,1285,817,1059,949,740,878,698,1470,973,994,1314,871,923,1215,850,990,706,655,777,758,797,723,866,745,984,1044,846,1064,732,732,774,775,966,963,702,848,802,948,741,501,933,1060,1242,1124,888,979,906,1192,980,576,914,705,888,824,616,1038,970,953,872,1035,940,820,992,872,774,1082,791,952,823,909,874,1245,913,806,787,723,1117,1104,815,700,920,920,859
"COG0459",326,370,350,340,315,280,380,334,267,398,430,423,438,437,301,375,400,433,275,381,287,363,309,309,460,330,303,490,338,349,386,342,356,394,324,439,307,207,359,360,205,298,435,355,358,478,256,382,311,363,358,455,350,298,378,503,255,269,315,354,439,383,351,304,405,403,254,266,211,252,329,429,353,300,378,329,422,351,210,466,366,300,352,280,315,286,392,322,381,353,379,309,291,331,265,305,209,273,255,301
"COG0460",372,380,392,330,390,242,353,312,381,384,512,418,472,310,438,408,317,501,433,392,340,485,400,295,598,408,301,454,407,378,445,356,373,443,289,452,312,358,363,317,325,338,374,313,485,381,420,408,373,365,421,311,443,309,372,383,256,362,434,441,404,345,387,357,444,472,346,362,246,374,367,231,404,339,450,370,404,407,365,300,401,341,369,404,387,285,468,407,470,472,397,365,380,387,340,349,396,436,315,414
"COG0461",161,154,166,124,150,104,158,134,117,153,221,192,191,151,148,130,220,245,163,141,115,244,159,173,248,195,214,254,161,168,167,153,166,154,138,210,151,155,174,141,155,104,146,159,233,169,126,174,190,154,155,109,184,114,145,134,111,139,151,171,194,187,166,141,156,164,138,202,94,190,151,133,134,182,216,192,242,154,125,173,180,170,166,176,163,140,221,156,220,172,146,155,195,173,159,167,178,136,172,160
"COG0462",225,351,286,234,234,183,414,196,196,555,232,357,268,318,270,234,293,313,241,201,205,434,296,279,272,294,272,322,335,285,315,261,272,329,218,252,251,195,314,280,221,251,325,231,407,325,309,536,386,248,275,302,332,203,222,262,166,279,321,273,278,315,282,277,266,261,241,259,186,206,233,208,281,211,304,299,694,366,200,303,385,434,256,228,243,249,396,334,261,278,373,282,287,284,236,277,173,253,238,246
"COG0463",3870,2596,3318,3240,4095,4046,1763,1954,3334,2371,4029,3648,3793,2367,3512,3140,3939,3450,2724,2896,3292,3246,3203,2965,4503,3272,3845,3475,3190,2892,3576,3252,3655,4070,4624,3149,3160,3696,4159,3453,3784,3756,2454,3358,2621,3965,3841,2567,3490,2766,3137,2603,3735,4045,3223,3201,1018,3226,4091,3614,3191,3110,3421,3078,2640,2558,2491,4397,3439,3515,3429,3181,3453,3743,3355,3554,3309,2571,3698,3053,3386,2667,3284,3602,3138,3050,3315,2871,3266,2843,3511,3069,3793,3499,3097,3908,5052,3238,3624,3087
"COG0464",96,70,169,96,170,209,201,86,55,299,389,213,606,114,139,116,222,482,97,46,72,178,206,168,200,185,258,200,162,198,68,133,138,185,80,140,213,174,112,145,214,67,82,202,166,46,99,292,104,48,125,152,179,94,116,218,0,94,78,293,230,225,196,149,166,114,115,71,23,189,172,113,105,182,205,97,359,32,48,285,161,278,130,267,90,198,155,132,159,178,233,247,148,123,83,268,46,76,157,137
"COG0465",450,831,492,496,485,339,701,454,427,666,357,715,485,975,531,605,680,602,450,472,494,668,582,543,414,659,358,627,667,731,596,541,566,680,329,535,520,299,698,497,378,564,676,545,708,410,458,819,593,554,638,862,676,402,492,811,480,581,492,426,692,715,517,651,620,647,577,455,347,447,619,818,544,652,715,566,519,732,346,854,676,780,587,410,584,485,882,622,422,674,782,525,506,539,559,594,408,404,541,582
"COG0466",238,504,419,443,364,356,320,246,289,167,551,513,561,572,316,354,513,614,361,319,285,497,485,374,504,554,431,550,474,450,433,406,461,538,342,463,451,325,517,405,251,344,467,457,549,307,418,368,435,412,467,420,509,291,344,437,263,377,471,477,543,453,385,383,479,456,487,533,292,405,381,481,429,417,515,411,683,545,273,553,565,331,406,356,420,393,620,479,475,577,497,412,534,542,417,346,255,366,353,450
"COG0468",210,245,241,306,219,215,262,213,177,304,310,269,243,341,250,243,269,215,223,344,200,283,269,238,280,233,262,264,265,278,272,350,252,279,205,236,250,193,211,225,219,255,451,492,281,338,314,293,249,284,268,325,266,304,263,967,112,198,217,245,312,305,223,233,266,288,208,263,190,223,228,379,259,205,332,268,277,187,216,307,225,302,521,217,256,2321,227,217,220,216,589,257,220,311,211,266,216,265,211,199
"COG0469",372,322,367,368,292,312,281,284,265,294,285,370,245,362,329,386,408,225,312,312,286,277,368,296,408,393,353,284,340,396,331,354,288,480,198,307,301,283,287,355,226,285,414,300,375,262,351,334,277,396,396,349,476,254,287,425,213,312,298,251,390,412,350,310,405,383,348,357,279,306,304,551,373,317,379,301,332,380,228,454,349,399,393,346,311,302,316,368,314,404,396,325,309,360,342,270,210,465,252,327
"COG0470",26,16,37,21,49,62,118,140,38,244,4,34,32,57,12,52,24,24,40,33,32,119,70,56,29,41,19,17,16,104,51,36,22,17,19,87,28,16,48,24,26,22,66,49,145,11,26,137,19,42,31,117,35,19,48,84,72,34,29,37,65,34,66,56,65,47,81,19,52,23,58,30,31,30,26,21,79,37,11,42,24,148,24,31,59,45,62,70,17,46,20,46,23,38,21,48,6,17,26,54
"COG0471",623,402,672,545,706,645,487,607,688,404,459,453,637,461,754,671,715,615,371,616,662,394,504,720,918,548,594,651,537,1014,568,634,547,653,570,578,605,539,508,596,679,613,492,852,554,487,359,323,450,517,585,345,530,731,493,475,639,464,555,595,605,510,412,553,673,646,543,591,759,419,433,367,511,506,479,438,550,310,482,290,611,436,632,652,792,429,420,417,604,418,439,562,440,570,593,550,478,677,465,716
"COG0472",354,247,267,293,247,483,361,313,249,414,334,322,350,266,217,250,376,303,292,303,307,254,304,281,295,234,223,347,241,291,336,339,253,281,352,340,293,231,285,312,227,215,208,315,385,297,166,314,252,288,449,519,388,383,359,469,264,374,523,484,432,374,395,325,440,381,311,433,350,346,430,683,381,398,376,338,395,289,452,395,448,490,410,508,390,458,375,343,480,300,408,393,308,471,368,457,368,475,350,426
"COG0473",315,299,219,219,254,174,515,215,275,252,224,257,228,219,337,260,234,238,245,327,312,193,256,261,270,262,262,255,273,282,301,269,264,171,181,230,275,255,228,251,215,292,422,241,272,210,231,189,295,259,295,199,210,229,263,269,197,288,249,231,291,267,224,277,302,270,258,159,157,263,238,196,245,258,244,257,216,234,201,232,228,404,289,238,229,192,255,275,227,247,225,285,229,246,323,241,228,303,292,277
"COG0474",656,967,718,751,749,728,736,703,828,1685,939,731,657,930,814,642,869,646,852,784,795,789,687,727,973,785,515,549,783,589,741,858,788,1269,697,983,676,634,908,803,755,808,972,779,1086,855,895,1484,722,832,814,1274,1209,595,753,1320,730,920,623,906,706,812,802,802,825,673,602,1091,759,716,641,1445,864,854,980,784,747,1174,788,1145,910,1011,833,553,807,780,851,830,586,705,995,784,532,795,756,631,665,978,724,754
"COG0475",525,172,531,484,480,580,85,321,643,191,477,315,529,182,537,514,378,469,406,595,549,227,381,359,673,282,465,520,322,322,487,477,471,318,569,438,380,606,350,454,535,460,265,495,394,524,434,147,375,396,508,426,516,894,681,495,291,607,765,719,503,364,669,472,756,575,391,647,894,645,740,385,643,691,501,522,469,138,1039,463,480,160,703,812,776,796,256,603,783,373,455,636,376,735,648,592,730,795,559,730
"COG0476",140,156,112,116,96,146,179,141,156,205,94,132,213,73,176,115,334,211,220,125,173,91,123,137,217,172,411,140,104,119,141,181,136,128,80,258,132,143,137,126,86,179,125,153,164,94,112,89,162,143,121,82,171,151,100,112,145,155,114,304,177,126,205,180,139,168,189,111,104,111,156,139,192,138,120,125,273,375,97,73,106,192,108,142,104,125,155,136,167,112,124,148,102,113,145,132,108,149,130,156
"COG0477",2036,1479,2361,1798,1488,2963,6260,5191,2825,5658,2752,1029,2804,1098,1797,1924,2003,2669,4576,3154,2426,2358,2661,2102,2842,1477,3176,2616,1330,1256,2094,1858,1535,1051,2311,4842,1538,2063,1662,2086,2480,2037,2346,1989,3394,1432,1321,2825,2197,1769,1436,1814,1058,2663,1967,1698,6806,2266,1968,2122,1675,904,2443,2771,2546,1589,3975,2364,2579,3049,2292,1211,1387,2728,1237,1668,2340,1365,2392,1017,1737,3694,1678,2078,2614,2226,850,1713,2661,1820,884,2058,1254,1814,1665,1652,2495,2151,2232,2020
"COG0479",158,57,161,99,100,87,149,140,129,173,342,88,274,47,89,109,206,221,128,185,169,47,98,90,284,102,267,220,78,90,200,130,108,96,97,279,88,125,153,93,195,94,58,119,152,112,91,52,129,126,84,47,77,72,98,56,69,62,98,133,76,60,93,77,117,39,75,130,51,89,89,47,72,111,64,70,157,22,121,55,77,69,76,116,105,68,58,63,183,58,39,66,55,86,64,80,96,90,95,59
"COG0480",1400,1309,1431,1512,1834,869,1307,941,1274,1706,2101,1503,1659,2004,1312,1956,1715,1216,1391,1269,1313,1258,1522,1414,1231,1572,1292,1301,1545,1573,1508,1476,1408,1568,3420,1322,1333,1395,2087,1481,1347,1972,1651,1600,1307,1223,1391,1098,1412,1470,1429,1478,1586,1250,1442,1642,591,1386,1522,1442,1566,1547,1306,1276,1509,1484,1130,1727,958,1321,1206,1380,1432,1164,1609,1522,1425,1494,1149,1618,1309,1441,1518,1365,1491,1354,1634,1555,1383,1463,1568,1583,1259,1857,1671,1381,1577,1502,2108,1765
"COG0481",344,343,349,352,346,273,353,343,365,444,404,415,452,473,397,426,389,428,344,342,385,428,372,332,465,398,406,388,405,468,453,394,382,455,270,425,368,325,343,288,309,393,490,391,404,319,380,397,360,394,453,482,393,301,439,463,228,307,368,385,460,435,396,395,457,429,360,362,235,294,386,565,373,316,415,393,485,349,346,484,395,387,417,377,400,325,373,424,421,373,406,380,339,458,386,346,303,373,353,371
"COG0482",411,292,329,416,417,442,174,224,456,142,253,328,362,367,465,508,319,320,451,404,477,271,358,375,324,386,306,330,403,386,429,420,441,391,415,227,431,523,277,380,410,481,357,328,333,395,435,310,410,443,417,299,373,445,438,473,126,415,370,346,385,341,436,370,408,438,277,411,366,415,412,477,396,453,436,381,292,230,543,363,332,221,507,503,428,398,315,402,443,419,366,425,306,416,536,421,452,495,453,452
"COG0483",89,54,99,88,122,132,100,146,138,160,6,55,72,53,160,167,38,24,137,95,95,114,83,79,45,105,30,17,68,71,74,91,99,44,146,80,101,160,29,97,135,117,80,82,74,66,63,141,83,108,86,66,60,134,94,39,132,85,69,65,58,46,148,113,112,87,75,60,144,109,102,118,94,172,91,71,51,33,115,64,57,126,116,105,126,134,64,104,68,81,80,104,80,93,60,85,96,98,77,117
"COG0484",159,310,249,200,183,136,273,216,180,331,196,265,194,314,239,207,197,233,223,207,178,277,212,242,238,236,249,227,225,236,216,214,266,316,253,221,214,170,238,232,188,215,233,230,268,153,262,315,207,228,279,398,298,149,206,281,155,243,204,177,278,284,221,255,247,288,216,225,129,185,208,313,236,245,291,255,228,281,191,310,251,306,265,190,260,194,322,244,188,281,252,237,212,265,259,209,208,251,206,233
"COG0486",240,339,284,341,295,260,389,228,289,185,178,311,261,354,320,334,286,279,235,328,258,437,337,272,333,281,209,302,314,369,313,339,339,356,286,252,293,285,250,296,233,301,358,270,312,319,302,349,302,323,323,371,329,266,283,466,200,259,277,247,332,361,277,297,282,303,283,227,256,316,267,477,302,305,384,344,292,251,260,308,369,237,341,283,317,294,354,306,287,338,357,296,285,281,310,320,297,255,293,298
"COG0488",1036,1037,1155,1029,1076,976,884,757,1062,1122,1022,1092,1157,721,1190,1061,1154,1055,1063,979,1078,1313,935,944,1411,1117,1002,1114,1072,877,1055,1164,1136,1092,1116,885,1017,1030,1022,1009,1110,1138,936,1004,1205,940,1078,1328,997,1086,1612,1256,1612,1577,1496,1350,950,1551,1703,1510,1474,1804,1465,1422,1675,1623,1332,1769,1428,1552,1364,1973,1578,1630,1684,1531,1523,1303,1613,1515,1621,1561,1562,1658,1829,1602,1523,1583,1825,1488,1505,1647,1622,1762,1602,1438,1731,1665,1537,1812
"COG0489",952,561,791,800,530,865,504,659,1098,635,989,862,657,694,707,619,808,581,803,887,670,393,674,581,663,564,1111,840,586,459,668,773,646,688,729,778,675,797,566,662,672,778,589,735,744,781,796,342,639,986,728,606,692,773,634,574,514,672,758,690,627,427,726,491,913,664,627,906,830,765,856,731,714,726,552,613,751,413,1089,561,636,579,766,801,620,562,580,701,719,543,495,557,559,1171,696,718,706,1138,766,595
"COG0490",5,1,3,4,1,3,1,3,2,6,2,3,3,2,7,2,5,1,0,3,5,1,6,22,4,0,2,0,3,12,0,10,3,5,0,0,5,0,2,1,6,9,3,19,1,4,0,3,3,5,0,8,5,2,6,6,1,2,2,7,5,5,0,2,11,0,2,0,18,4,0,4,4,0,0,5,0,8,6,1,6,0,5,0,10,6,0,7,3,4,4,1,2,5,4,5,0,3,3,9
"COG0491",358,231,242,310,229,387,351,303,258,87,202,276,190,354,267,203,270,202,350,233,217,257,315,371,208,250,226,219,391,412,300,428,244,285,275,245,303,205,263,248,267,295,360,298,326,220,257,283,243,221,273,390,233,244,289,289,384,258,274,219,372,442,277,328,271,207,301,216,300,270,243,313,269,293,314,284,280,343,215,343,298,286,282,260,246,259,260,236,219,266,328,359,268,226,238,306,158,240,243,321
"COG0492",219,263,252,240,228,160,392,246,197,623,174,221,276,291,257,229,192,255,268,223,213,368,235,323,280,227,191,251,258,297,235,269,199,233,225,262,240,163,245,227,236,233,347,297,390,188,324,462,227,298,270,333,249,172,307,273,241,325,268,246,309,290,225,207,273,282,259,195,223,213,221,293,241,243,259,259,252,419,242,252,249,370,276,208,295,254,367,254,227,239,224,267,279,259,278,221,194,222,197,291
"COG0493",664,1123,688,723,662,498,1002,777,607,776,990,812,1108,1130,868,893,1030,1191,795,807,683,969,737,701,1201,831,962,1118,877,867,923,811,745,685,565,1180,754,589,909,651,581,900,1060,807,888,609,700,638,898,874,921,772,815,594,832,806,1033,886,834,1043,875,846,809,739,908,974,943,753,602,647,913,569,766,773,966,816,854,869,705,1074,886,792,872,678,819,507,1214,814,877,985,733,770,651,761,885,719,631,653,686,945
"COG0494",271,560,276,389,437,386,719,637,312,1130,255,612,363,624,292,257,490,352,467,224,263,850,549,551,326,558,276,311,430,508,413,368,429,557,451,553,382,297,491,533,362,456,532,429,632,619,565,864,520,348,447,494,637,350,329,491,610,456,372,325,484,523,437,637,316,435,684,290,328,312,409,614,409,490,569,469,541,758,259,668,616,1055,401,314,352,295,661,458,223,673,696,576,775,314,438,454,395,263,479,452
"COG0495",588,541,620,502,634,339,578,473,518,593,737,610,631,671,523,535,644,649,435,633,536,564,471,455,660,596,621,849,480,587,645,559,543,611,453,589,432,523,586,463,530,466,643,490,670,417,517,480,534,634,631,696,704,451,586,606,319,547,613,559,668,619,545,495,607,778,440,573,431,513,604,608,704,577,612,558,597,440,618,690,519,596,593,548,559,527,590,529,665,552,602,602,465,608,578,461,565,621,571,563
"COG0496",157,83,130,140,135,111,44,77,123,20,229,75,177,79,167,120,127,184,136,160,151,49,134,125,192,117,195,192,104,66,146,145,126,115,139,173,103,152,114,110,145,137,74,121,125,107,86,31,105,143,103,91,102,159,140,105,44,77,138,148,111,72,139,75,135,128,55,135,95,145,100,91,121,97,127,93,139,15,175,82,104,48,133,162,158,104,64,117,206,82,78,119,81,164,114,122,160,111,117,112
"COG0497",334,274,316,304,281,184,285,286,336,394,350,330,381,448,283,385,319,389,246,340,356,399,336,265,266,310,289,378,325,313,424,336,368,392,200,298,301,241,339,376,202,356,342,299,432,242,302,317,278,323,301,390,362,288,257,397,146,282,353,369,353,391,310,271,367,362,273,298,197,321,219,315,310,300,313,308,383,305,157,349,349,355,305,289,313,290,314,335,352,338,371,358,297,325,306,321,210,280,260,320
"COG0498",238,319,250,276,251,180,423,239,263,327,293,348,327,408,273,275,299,364,269,324,236,459,357,310,281,308,335,348,284,340,291,297,294,223,225,303,295,257,308,256,237,258,339,348,382,179,312,329,289,284,318,300,283,254,354,320,231,269,328,271,354,342,324,286,310,382,259,296,205,314,288,245,327,257,357,320,270,237,273,343,346,286,287,289,272,294,303,348,311,359,324,304,318,297,304,314,281,311,313,330
"COG0499",55,53,102,97,51,186,161,171,78,123,12,44,54,155,45,107,24,36,76,138,135,111,133,121,18,39,62,34,26,72,80,87,62,21,107,41,118,92,13,131,126,65,196,127,61,105,51,18,100,91,98,150,63,100,96,119,1,70,66,70,90,53,118,102,190,38,16,24,131,84,72,62,66,111,63,84,30,3,148,50,62,55,86,63,109,89,10,120,60,19,82,73,45,85,53,84,62,76,96,64
"COG0500",527,905,668,772,575,787,649,884,696,506,344,770,499,1105,403,565,646,463,643,572,684,1482,712,827,285,840,488,470,733,791,629,652,680,708,846,571,742,555,660,999,760,777,799,729,640,1000,887,1279,945,598,751,1004,754,688,693,656,1174,819,518,496,855,920,685,979,569,678,1090,492,905,659,735,580,731,782,817,871,600,978,639,816,769,554,677,569,703,659,965,779,406,953,893,733,814,617,901,798,616,538,806,789
"COG0501",188,65,199,186,165,269,189,188,235,208,196,158,150,110,200,170,152,165,226,253,174,182,203,150,219,147,175,188,133,211,114,184,125,94,184,207,172,256,251,230,199,173,117,164,139,111,85,149,138,194,138,121,67,122,83,123,108,97,117,125,101,54,183,88,149,130,139,113,129,135,90,82,85,99,122,69,140,105,114,74,97,100,125,126,108,176,40,96,132,92,79,107,71,155,129,102,98,209,77,135
"COG0502",322,310,266,325,309,323,283,169,431,122,28,242,204,151,350,417,132,131,270,381,440,297,230,268,72,310,204,115,310,234,244,366,356,192,287,140,399,391,126,336,287,437,247,285,224,265,274,165,361,365,339,197,220,360,344,273,172,322,252,216,228,266,265,250,349,376,241,222,297,319,231,234,339,351,243,262,159,222,299,209,269,240,365,319,320,313,313,352,245,295,214,284,280,363,347,289,347,365,366,321
"COG0503",294,231,286,223,243,208,209,196,235,375,361,223,280,277,318,261,343,393,258,193,224,374,280,319,247,288,275,376,286,278,278,236,261,325,275,348,207,308,313,245,296,263,270,258,364,230,258,407,303,253,235,228,302,207,277,229,210,250,298,260,295,268,315,238,225,261,243,341,279,272,240,174,275,310,264,274,421,258,240,223,294,302,233,305,293,238,300,256,364,302,244,319,316,277,302,286,305,252,250,282
"COG0504",281,376,347,339,287,244,441,326,282,359,373,433,384,456,300,321,379,408,324,328,264,393,380,318,414,387,327,401,326,325,413,317,333,376,258,350,366,297,309,282,291,322,384,326,396,234,319,395,322,313,375,429,403,247,321,435,241,247,325,349,460,377,384,362,368,409,280,346,215,288,317,505,365,315,374,365,375,327,250,452,342,423,323,316,317,318,388,378,403,353,392,372,273,382,311,310,270,325,334,355
"COG0505",232,274,213,200,182,158,308,195,191,367,270,238,295,191,214,237,251,252,195,232,205,276,267,237,261,255,225,261,265,257,263,259,179,237,159,268,186,168,205,222,214,197,340,218,303,177,236,313,257,233,238,159,258,178,265,278,128,202,228,234,260,211,223,205,253,250,204,219,163,190,247,159,233,197,210,219,260,295,238,236,246,281,211,231,224,217,248,283,257,210,266,242,253,235,271,193,212,190,242,218
"COG0506",183,56,57,148,142,289,5,212,146,26,7,44,70,30,145,67,51,13,168,103,169,27,139,96,21,58,90,10,32,68,52,59,81,38,206,70,121,223,20,112,235,142,100,109,12,137,140,21,103,82,134,89,63,106,195,57,169,103,109,111,63,37,67,205,55,67,97,65,118,98,229,71,85,53,58,145,10,44,185,24,59,49,61,176,200,62,13,99,63,45,34,70,49,72,85,158,304,56,145,80
"COG0507",1110,1070,1125,1121,2014,645,1034,781,1135,1299,1665,1356,1006,1889,1317,1074,1097,1045,957,928,822,1042,1298,1205,1286,1054,944,1171,1182,1396,1232,1209,1211,1238,912,976,954,1106,1334,1125,810,1036,867,1004,951,1118,1633,1339,961,1139,700,780,732,701,698,958,2967,661,688,923,899,1002,724,575,761,767,669,860,527,902,770,775,843,576,772,819,1127,943,586,795,697,617,752,654,664,667,778,678,640,768,942,648,813,744,693,789,496,619,601,712
"COG0508",49,15,57,57,29,176,5,188,139,31,2,39,25,70,37,69,28,17,102,125,124,46,64,77,22,49,7,2,26,42,56,51,49,16,94,90,76,48,26,93,88,92,93,79,53,64,32,223,63,28,35,111,23,93,65,27,172,104,52,45,54,26,48,145,109,31,127,20,103,52,77,40,28,93,28,50,23,35,105,23,40,33,38,42,83,98,14,54,20,47,32,15,10,62,60,71,48,37,96,77
"COG0509",56,29,33,45,41,68,68,54,48,71,10,28,24,22,47,39,40,10,56,63,68,11,52,72,18,36,36,17,35,18,59,48,42,33,71,33,32,96,4,51,73,53,19,53,20,39,45,8,59,40,68,54,34,80,81,56,63,78,66,37,58,34,100,65,38,50,75,42,112,84,75,72,49,69,62,78,18,10,97,47,48,48,61,88,69,75,24,73,50,44,34,69,41,95,73,80,119,72,105,66
"COG0510",37,111,28,25,128,24,35,92,24,17,101,32,55,72,52,42,205,73,43,93,38,449,31,34,21,86,18,27,18,49,32,58,87,35,43,32,48,21,160,37,50,31,21,18,77,21,47,236,19,17,45,27,16,105,81,43,93,48,37,57,28,27,32,27,18,61,56,39,47,55,39,118,81,35,30,123,35,53,28,46,71,117,25,11,53,28,105,19,13,108,35,30,146,33,40,32,32,35,28,49
"COG0511",243,177,137,187,173,223,63,77,205,74,169,159,222,155,212,123,180,129,296,179,262,177,162,180,227,254,173,112,147,140,170,165,160,138,255,134,169,296,143,162,351,209,139,179,192,174,271,142,258,223,188,144,190,203,267,141,131,212,187,204,116,135,244,161,156,121,117,183,188,204,271,201,162,238,263,251,146,156,291,146,136,138,154,256,218,140,149,148,225,196,112,186,167,219,186,201,360,174,257,160
"COG0512",107,144,131,93,144,102,162,214,137,188,182,97,134,107,133,142,136,137,138,99,80,69,131,88,177,129,188,137,101,86,168,124,102,144,108,140,104,109,108,136,103,109,97,124,112,122,144,151,153,94,82,83,152,119,103,98,137,140,132,131,139,91,133,155,120,114,162,111,78,131,107,91,105,142,111,109,178,115,100,80,151,201,104,136,141,124,114,136,153,129,135,157,129,97,112,101,122,150,90,133
"COG0513",826,500,914,616,758,719,389,674,774,481,450,557,795,379,828,810,483,533,741,778,741,827,664,585,822,667,767,409,647,661,757,671,667,697,823,478,669,927,566,586,932,730,540,707,676,633,663,559,630,679,707,417,649,672,736,572,569,601,758,577,577,542,684,616,701,620,618,625,718,700,778,597,730,728,632,707,536,214,862,458,551,486,711,895,837,668,410,592,771,673,424,651,621,873,670,646,909,804,654,768
"COG0514",1161,493,1272,1159,1129,1085,462,640,1199,519,1332,675,1523,497,1197,1151,1539,1304,1003,1205,1121,574,957,697,1511,813,1732,1357,862,829,1291,1061,1189,801,1114,993,860,1287,927,994,1132,1063,725,953,963,929,1188,243,927,892,911,406,773,1304,1086,875,224,784,1272,1056,765,661,927,687,1080,998,537,1718,952,1182,838,855,997,1129,840,933,966,303,1226,643,821,640,919,1266,1091,936,636,988,1339,743,685,1043,703,1153,955,915,1457,1245,962,1086
"COG0515",381,705,242,526,449,299,1082,663,231,1916,511,850,441,1116,534,320,662,565,331,290,257,641,643,596,285,584,455,554,619,516,1073,893,372,1122,280,562,501,256,984,414,161,613,699,445,719,311,615,913,514,428,712,775,827,270,364,644,173,589,902,335,988,1417,554,800,488,478,463,461,163,415,340,819,510,449,614,520,793,1283,145,920,645,1243,623,253,293,243,973,748,441,626,806,631,556,399,630,572,563,292,344,399
"COG0516",353,335,385,332,311,352,474,364,347,495,420,365,372,364,302,353,368,437,326,492,345,401,371,328,465,339,403,429,290,337,395,309,310,390,276,467,275,304,268,405,322,360,346,333,472,258,334,530,382,388,369,363,374,324,352,337,238,333,381,406,413,373,393,359,403,340,310,426,296,366,311,351,321,397,309,330,376,358,361,345,354,466,346,354,411,310,372,364,432,300,414,363,314,347,351,278,270,355,331,334
"COG0517",388,474,470,377,338,374,791,520,375,739,695,439,570,536,409,460,577,652,432,473,444,515,617,500,666,445,758,644,394,473,560,437,370,483,295,678,347,325,444,385,358,405,497,558,719,363,377,714,492,524,269,331,319,230,305,302,242,272,318,352,384,319,335,321,394,326,283,376,292,285,225,320,260,307,276,265,382,332,270,373,301,531,276,250,351,297,304,310,403,269,284,267,265,268,278,244,229,293,291,259
"COG0518",470,374,375,376,431,334,383,354,347,519,334,347,430,386,533,508,348,431,297,375,452,439,385,372,441,382,367,415,397,391,440,434,390,380,367,361,368,457,295,380,433,455,352,372,451,353,405,504,404,443,427,310,347,354,468,298,215,333,401,383,448,373,395,366,357,320,315,361,369,335,414,362,391,285,302,436,397,406,457,306,345,470,409,407,424,268,369,414,374,377,322,371,281,421,386,358,414,382,356,437
"COG0519",495,356,398,418,387,327,321,297,352,372,287,362,430,447,497,495,353,384,293,432,461,321,416,416,422,370,350,410,343,429,363,324,362,343,380,336,341,407,315,351,412,499,368,402,445,388,402,357,417,381,373,379,352,369,446,295,218,371,403,377,400,362,338,381,412,354,281,324,450,278,407,356,378,258,288,462,382,372,443,322,368,375,313,404,446,286,372,412,376,312,290,300,323,407,374,387,435,338,383,438
"COG0520",334,405,391,302,316,208,577,328,221,309,310,313,291,487,329,287,363,362,289,274,284,380,336,283,388,293,428,342,352,314,345,314,319,296,229,405,269,288,333,299,254,256,459,279,361,244,328,377,346,356,350,348,372,257,321,414,264,308,287,301,339,314,293,313,291,330,349,441,219,324,377,423,348,321,344,277,246,247,277,345,312,496,349,294,372,255,327,358,333,350,298,373,284,309,318,242,296,371,276,311
"COG0521",21,107,77,33,62,41,130,87,38,65,7,45,32,34,39,52,39,42,71,45,26,94,87,57,26,67,53,29,37,111,36,23,37,32,24,94,33,20,41,56,34,24,53,39,95,17,26,80,43,36,56,78,30,16,44,53,167,54,18,19,40,31,32,50,33,67,110,31,50,45,82,23,37,47,41,47,17,40,38,34,55,111,27,35,56,28,122,48,18,54,40,31,56,17,21,54,24,19,40,46
"COG0522",146,151,162,165,165,95,192,107,97,162,234,215,162,198,129,142,207,201,129,121,92,173,196,174,182,206,199,209,145,186,223,123,136,223,113,202,141,106,164,131,104,134,194,146,171,136,136,185,162,151,160,213,223,131,111,190,111,117,128,167,210,215,147,147,142,183,148,181,137,187,82,211,126,161,195,134,224,125,85,222,204,133,160,178,152,181,167,166,185,179,227,156,175,154,139,131,105,161,114,143
"COG0523",213,193,113,126,199,43,64,150,206,95,160,225,149,200,182,157,166,125,235,133,160,166,131,151,114,220,156,179,199,266,152,150,163,199,95,203,121,130,221,130,111,180,164,125,121,116,177,168,181,101,201,153,297,100,186,111,213,162,125,141,178,223,183,229,131,181,365,188,79,107,206,210,154,146,175,195,204,207,119,202,106,132,136,186,160,55,235,135,88,193,148,134,162,133,216,176,157,130,197,131
"COG0524",849,651,692,677,857,645,883,631,763,979,834,507,779,729,863,789,764,953,727,685,783,458,657,631,673,663,836,844,725,869,816,804,684,657,677,907,733,767,840,748,756,742,694,723,583,636,672,561,665,550,972,842,887,1205,1004,899,1489,1144,1102,1299,952,844,1067,983,1010,1138,1055,1234,1015,1105,1127,819,1034,1149,935,1006,958,612,1054,1027,987,993,1212,1312,1055,955,1035,1016,1315,1000,944,1206,971,1005,1273,1129,1247,1177,1013,1170
"COG0525",549,534,572,437,471,352,662,481,399,789,515,615,676,644,477,542,528,589,468,477,360,583,520,388,667,594,402,570,523,603,591,474,393,547,345,466,450,455,450,423,381,403,578,481,657,385,488,596,522,536,577,710,593,365,510,559,346,475,509,586,620,624,519,484,568,570,427,453,348,427,479,742,503,477,570,505,581,480,332,663,524,589,617,466,463,475,545,643,541,537,568,458,427,548,556,437,419,574,514,497
"COG0526",1109,653,1114,1140,1013,1191,367,805,1119,598,1763,859,944,554,1221,881,975,1005,1301,954,1087,627,1356,1403,863,993,1130,1064,880,726,910,1017,1170,883,1705,916,1130,1589,1356,830,1637,939,676,1409,634,1006,1203,458,1032,1098,1025,800,953,1250,1103,874,364,1076,1151,1433,1043,730,1462,834,1055,729,624,1294,1488,1529,1013,1051,924,1308,1097,1131,990,509,1454,692,918,632,1042,1366,1180,1606,571,1014,1374,803,727,934,1115,1243,861,1253,1734,1218,1103,930
"COG0527",659,427,638,576,622,544,362,505,682,477,861,543,719,506,766,742,517,758,631,618,646,510,621,491,970,617,531,673,572,562,620,622,670,700,548,671,512,642,509,602,572,661,603,588,667,563,526,426,507,552,574,444,625,656,597,615,385,552,744,714,553,471,646,466,694,710,504,603,520,603,512,445,583,659,586,540,676,452,684,498,543,434,620,734,675,671,506,605,846,560,565,601,524,693,593,549,601,728,554,628
"COG0528",179,127,195,171,199,147,168,162,161,216,253,187,189,218,214,173,216,221,159,165,193,165,203,180,226,177,223,218,179,155,214,164,178,217,179,211,167,198,180,141,198,152,186,181,181,186,186,177,186,180,198,210,180,160,199,210,126,160,183,216,198,203,205,170,188,203,168,221,137,169,193,250,174,150,198,176,215,151,215,179,181,219,173,206,193,156,169,197,216,180,203,191,183,184,155,185,196,171,197,148
"COG0529",75,49,59,72,74,94,6,36,117,16,8,37,28,12,111,67,41,4,87,94,78,7,34,52,27,58,31,19,72,59,45,71,88,61,80,25,62,107,19,99,101,105,51,64,13,64,61,10,54,76,58,32,57,107,64,66,46,71,51,43,27,45,71,52,66,99,60,54,72,74,55,56,62,102,43,46,16,12,99,27,47,11,63,97,61,68,31,48,64,70,39,83,25,78,80,50,84,98,73,94
"COG0530",184,181,133,212,230,157,38,137,168,48,40,276,82,149,174,207,159,104,156,150,184,201,110,143,39,187,81,118,229,185,147,213,195,132,146,113,175,139,163,221,158,262,211,136,162,222,170,114,274,162,157,158,164,203,188,161,105,201,161,110,177,260,145,210,171,247,217,118,112,142,218,244,242,189,260,187,103,161,142,258,197,85,170,175,194,147,262,132,64,213,196,165,220,189,190,225,178,147,199,198
"COG0531",431,346,450,283,299,431,1127,1374,465,1444,110,322,239,448,483,325,263,183,588,422,432,1051,671,613,237,361,426,210,320,312,294,391,289,156,404,863,391,528,253,413,604,360,514,481,1537,328,334,1139,334,417,474,429,259,379,510,337,1447,559,383,300,377,234,558,549,371,473,1119,221,522,453,626,270,444,456,252,406,112,445,654,255,405,1221,332,474,558,411,314,405,323,527,201,396,360,437,377,353,442,472,466,543
"COG0532",373,349,514,341,306,354,304,279,210,416,423,403,543,471,342,375,616,485,344,305,353,309,271,268,654,472,597,537,427,392,419,401,408,538,139,465,285,234,373,255,239,369,467,301,398,288,307,459,262,455,399,505,473,238,375,525,274,320,359,441,425,362,445,352,505,367,342,535,219,341,282,428,413,305,412,307,401,444,316,538,317,322,423,343,410,425,389,367,463,395,422,330,246,491,439,271,177,484,237,347
"COG0533",134,184,146,167,138,110,171,110,122,177,149,169,144,276,138,161,165,155,123,128,120,170,133,161,157,164,161,175,197,202,182,159,180,219,93,157,150,128,157,138,122,143,206,159,215,120,177,194,167,151,297,273,279,209,244,340,123,236,232,194,329,296,211,236,288,291,218,218,161,193,203,326,254,208,260,240,302,314,179,303,266,299,259,230,210,202,272,248,254,253,245,265,233,263,263,227,191,222,190,243
"COG0534",3290,4820,2950,3433,3609,2621,2593,1820,2913,2018,1786,4362,2474,3930,3521,3634,3316,2900,2881,3089,3445,4234,2886,3038,2533,4143,2701,2762,4114,4949,3200,3802,3935,3617,2810,2100,3567,2633,3547,3705,2840,3950,3084,3154,2559,3438,3887,3219,3976,3875,3763,3081,3997,3029,3481,3180,2319,3756,3034,3002,3507,4220,3699,3800,3065,4118,3446,2968,2946,2767,3697,3035,3959,3462,4350,3975,2408,4956,2769,4248,3904,2749,3632,3435,3260,2732,5089,3574,2716,4428,4081,3625,4104,3346,3767,3720,2920,3004,3750,3731
"COG0535",278,623,464,383,348,264,692,267,409,123,440,482,745,286,351,362,397,285,231,524,460,317,415,419,215,537,718,445,373,393,524,304,401,450,605,245,392,581,285,400,433,416,424,518,270,311,744,312,562,261,380,434,513,406,403,539,124,441,442,228,614,469,318,447,280,576,356,605,179,496,416,597,578,509,372,549,391,637,526,426,566,475,330,279,406,356,467,377,302,466,438,292,662,326,686,447,664,354,736,287
"COG0536",197,199,255,239,219,124,298,189,172,399,319,271,281,321,270,264,316,280,193,241,203,274,215,216,325,246,284,276,215,258,276,241,246,277,142,260,208,238,267,184,198,243,275,224,345,138,239,252,225,261,289,287,274,203,262,328,105,218,251,238,293,347,256,224,276,314,188,258,130,293,229,397,258,179,289,208,328,205,189,282,265,323,275,231,221,211,259,270,275,252,245,242,213,299,334,249,240,258,214,221
"COG0537",235,189,142,200,252,131,162,108,163,203,156,200,147,126,224,213,187,169,200,176,199,283,217,217,143,252,171,144,194,146,195,198,204,229,213,148,207,254,187,183,224,191,187,178,179,193,177,161,197,182,197,164,222,199,166,250,98,166,133,160,145,162,231,157,152,185,151,232,181,188,177,226,169,200,241,222,135,107,161,173,166,239,173,261,176,173,207,179,218,182,193,220,184,172,169,225,252,185,224,209
"COG0538",233,189,193,188,214,157,125,161,223,236,317,242,244,246,223,234,299,303,200,171,237,219,167,158,317,218,282,289,235,251,316,207,247,217,165,233,171,222,268,219,184,238,122,181,215,250,237,174,239,207,202,197,223,205,230,143,145,226,217,254,223,243,231,237,233,248,187,260,142,170,213,137,217,196,207,226,333,206,241,191,213,199,255,253,231,162,268,189,279,201,223,247,244,209,185,185,223,200,214,220
"COG0539",344,365,383,395,409,298,345,373,319,368,570,421,466,588,449,392,449,471,340,346,345,370,483,490,648,398,340,486,377,403,480,397,330,455,266,402,425,306,317,348,326,369,424,430,423,297,373,384,328,456,491,410,433,313,434,464,254,285,434,377,553,460,443,403,493,475,309,402,264,341,361,446,394,365,415,377,501,363,357,534,402,412,475,353,408,375,343,498,404,312,429,440,368,391,397,419,324,376,430,349
"COG0540",200,235,198,231,189,149,299,175,165,261,263,279,287,230,191,249,241,309,163,198,201,288,234,244,252,209,259,286,245,315,305,225,194,243,146,245,218,137,214,239,164,210,225,249,256,192,224,242,247,222,235,201,232,176,215,228,135,168,258,217,265,248,227,205,247,241,196,213,132,171,187,161,248,158,228,211,280,177,168,212,245,219,235,157,198,175,242,241,219,214,239,237,240,240,211,218,165,206,207,221
"COG0541",277,276,343,297,264,258,343,272,313,392,312,328,355,361,295,342,337,329,290,355,312,309,297,306,373,310,348,315,295,322,327,291,300,333,236,312,312,276,311,275,309,286,340,299,367,243,277,299,315,361,326,388,345,259,343,372,159,241,325,295,357,345,310,273,321,303,253,313,199,286,287,448,322,297,284,322,339,211,295,319,303,334,341,293,310,244,290,317,293,277,313,321,237,357,308,267,275,243,268,267
"COG0542",1126,1147,1280,1154,1425,784,1228,1012,953,1353,1339,1321,1280,1598,1307,1391,1369,1183,1167,1383,1080,1403,1149,1300,1845,1232,1551,1445,1271,1542,1377,1180,1226,1509,1348,1149,1324,1061,1372,1043,939,1391,1294,1179,1593,903,1204,1524,1081,1107,1413,1418,1418,982,1672,1389,703,983,1145,1114,1306,1455,1126,1266,1215,1686,1014,1220,913,1193,1492,1927,1199,1073,1272,1505,1128,1049,1033,1564,1227,1212,1182,1303,1158,991,1228,1286,1265,1206,1281,1195,1074,1104,1282,1290,1121,1069,1052,1219
"COG0543",511,420,484,471,414,423,339,259,486,253,619,458,667,457,519,523,525,699,442,490,572,283,444,407,742,454,561,707,500,484,545,503,482,451,424,425,493,470,435,418,472,514,383,525,429,425,482,276,483,588,509,292,481,427,522,397,201,479,562,554,461,420,464,386,573,504,323,569,468,366,449,431,502,437,421,506,375,449,550,456,451,364,514,546,489,423,456,480,660,464,400,483,414,512,481,482,521,513,503,477
"COG0544",245,279,202,242,335,191,276,160,183,247,257,364,279,333,229,276,321,315,250,202,197,376,239,235,227,391,312,353,309,456,282,233,265,344,277,243,243,223,346,246,240,241,248,227,304,205,281,299,334,217,453,432,552,345,460,505,149,291,410,379,490,466,365,409,379,487,400,426,271,440,498,508,473,409,508,553,468,317,274,442,529,380,360,483,399,244,658,383,368,584,439,438,567,387,433,431,469,353,475,411
"COG0545",530,115,580,344,464,363,179,258,439,370,698,242,513,91,742,388,497,491,401,394,343,88,339,286,912,324,595,505,302,214,470,366,363,763,409,457,257,507,564,266,458,343,199,352,277,282,266,42,310,271,292,162,469,445,350,287,191,285,387,449,216,220,408,190,339,320,227,677,269,431,285,206,441,420,348,290,495,76,367,164,378,199,412,515,420,404,175,316,607,271,173,371,242,372,342,268,507,535,314,348
"COG0546",338,455,366,338,413,289,612,318,346,380,323,367,381,438,274,303,386,440,296,303,235,479,458,396,436,426,501,455,397,319,473,363,399,537,335,411,399,303,449,425,325,387,470,401,479,304,449,450,453,318,363,368,443,392,311,356,303,369,347,356,490,397,382,383,350,418,351,402,293,462,267,302,342,449,442,341,458,350,307,408,447,524,421,289,484,409,509,409,431,385,351,378,541,323,432,409,361,402,460,388
"COG0547",179,214,125,159,141,142,277,181,197,223,178,167,134,119,182,165,194,145,181,180,214,220,173,120,218,165,200,136,166,105,158,171,233,108,151,200,141,135,162,162,125,223,129,116,199,171,272,180,203,134,174,112,148,162,195,144,198,235,163,142,173,149,149,210,163,182,181,100,109,165,189,101,171,160,189,178,174,209,158,118,162,292,204,151,165,126,163,183,165,243,165,176,215,175,225,130,168,209,187,167
"COG0548",210,246,170,166,215,151,296,220,172,265,245,197,229,193,210,207,177,227,203,188,142,257,183,199,212,220,222,204,162,234,245,191,192,167,175,250,149,198,194,174,196,158,224,179,215,179,191,138,216,172,219,149,184,162,211,149,235,194,210,215,205,172,195,184,229,211,241,181,141,212,231,122,210,244,188,194,183,260,170,198,195,261,232,206,193,166,201,198,230,233,175,225,220,198,191,169,171,177,196,195
"COG0549",27,187,53,60,53,49,44,221,53,129,12,95,42,104,93,49,86,49,40,27,52,119,88,98,33,88,26,43,90,64,31,73,66,49,63,94,67,37,54,102,65,78,93,75,160,50,63,158,118,71,65,130,80,37,59,62,462,131,54,58,68,71,57,101,51,82,194,37,68,46,101,66,45,73,78,89,34,185,43,77,79,149,60,37,71,80,157,92,22,145,101,63,98,56,43,65,31,46,77,75
"COG0550",1867,1421,1255,1327,1193,862,1226,987,1335,1144,1449,1462,1569,1757,1362,1701,1156,1496,1376,2080,1773,1090,1333,1152,1248,1325,1519,1372,1504,1758,1651,1460,1426,1345,1124,1236,1291,1316,1816,1392,1006,1703,1211,1393,1090,1131,1509,1075,1109,1394,1570,1565,1356,1155,1820,1533,686,1432,1404,1287,1472,1427,1143,1459,1677,1740,1216,1144,828,1463,1505,1430,1940,1359,1462,1391,1167,1164,1357,1808,1316,1141,1581,1506,1269,1135,1219,1284,1315,1354,1270,1210,1237,1532,1678,1409,1155,1164,1235,1362
"COG0551",174,393,140,139,188,110,375,215,95,227,53,247,121,430,130,141,168,191,162,138,111,487,211,198,51,225,145,192,248,300,159,164,198,225,111,191,165,73,197,204,128,155,268,195,277,130,270,479,202,192,193,378,209,87,202,259,435,286,139,132,336,223,224,295,141,227,364,97,194,176,188,327,205,178,221,260,300,545,127,349,215,334,184,109,142,118,377,263,100,280,283,207,245,125,216,163,112,87,195,216
"COG0552",105,197,156,198,136,132,257,215,144,304,125,210,164,220,146,147,215,164,163,177,131,221,174,170,253,199,223,116,192,172,166,144,196,229,156,168,151,143,161,165,137,163,263,176,199,143,172,204,155,165,171,261,227,166,181,219,115,158,137,156,232,249,172,197,255,171,149,194,116,181,158,306,149,183,199,170,251,155,137,232,185,274,192,155,143,133,173,205,145,207,198,192,173,188,172,180,136,136,142,184
"COG0553",609,421,739,589,628,873,509,593,320,813,1189,624,876,548,422,640,838,251,862,781,717,1089,470,458,577,641,648,1310,468,937,936,441,566,628,862,979,626,810,613,565,502,333,495,725,737,913,982,532,542,749,583,736,649,626,943,1433,325,598,1155,985,848,739,547,763,606,672,539,1077,926,551,654,1330,452,850,772,906,746,702,803,504,482,659,822,446,443,2200,844,580,918,535,488,823,451,596,300,727,345,563,378,559
"COG0554",186,309,160,127,186,123,117,177,154,171,42,166,164,323,148,165,149,106,193,154,218,176,148,241,42,196,65,100,286,294,136,252,138,153,115,116,142,93,140,231,150,236,331,155,266,145,207,268,218,148,197,202,189,178,216,172,284,214,132,104,222,229,136,225,144,263,288,130,132,99,209,113,140,184,213,235,175,198,140,251,184,231,174,114,197,124,267,211,56,240,189,126,182,164,237,181,165,104,243,201
"COG0555",12,126,26,14,27,18,32,39,10,16,3,29,16,24,16,8,31,17,60,12,16,73,26,16,7,64,11,16,17,17,28,16,23,34,18,33,18,8,35,55,14,19,35,25,54,17,76,53,59,28,26,14,50,7,15,20,42,39,18,10,44,79,12,34,12,51,60,15,18,16,11,14,24,35,40,31,19,140,7,18,51,62,11,7,27,5,65,26,11,58,26,24,63,21,12,8,21,13,40,36
"COG0556",264,377,396,383,288,330,491,321,249,469,338,415,372,497,252,362,414,413,276,324,271,338,360,306,477,417,400,449,342,423,341,325,380,443,251,353,349,322,385,311,286,351,422,349,442,285,333,388,315,363,443,509,399,261,379,482,144,321,357,338,458,416,358,384,446,434,292,390,246,338,360,540,345,310,415,345,443,314,298,475,432,442,361,315,306,324,339,397,328,347,426,308,284,426,355,352,258,363,313,386
"COG0557",363,369,469,403,349,321,316,300,292,139,529,444,508,309,371,405,436,581,355,420,389,530,368,310,620,449,464,636,401,374,448,368,446,426,309,531,377,323,551,305,390,338,307,384,520,353,293,420,343,447,449,380,493,304,492,507,245,384,490,454,416,437,378,354,446,403,382,410,334,496,386,762,461,370,464,388,588,273,461,399,429,274,426,384,388,381,451,279,503,420,416,336,367,438,378,405,382,383,362,382
"COG0558",133,191,110,155,120,114,186,195,82,345,55,169,129,209,100,102,110,107,91,79,100,174,125,138,215,138,48,129,144,135,130,112,101,226,137,157,153,96,194,155,88,115,206,146,180,139,165,231,166,124,114,247,158,119,115,211,146,139,93,112,201,209,154,140,129,134,145,72,172,88,109,256,111,152,146,124,112,185,89,202,144,212,144,106,90,91,181,173,128,169,150,171,153,90,112,109,56,103,89,126
"COG0559",147,129,97,110,79,89,278,76,61,190,27,116,83,297,94,143,87,79,119,70,66,101,103,136,31,91,72,93,93,236,151,103,71,66,74,104,114,31,77,114,59,57,194,130,75,59,32,141,78,99,99,187,115,44,124,138,193,90,53,74,146,105,97,143,102,136,113,51,141,74,122,93,60,61,76,104,211,120,51,190,87,192,100,69,115,76,125,100,31,96,114,120,85,86,78,68,91,88,90,77
"COG0560",163,132,197,150,187,189,92,164,147,200,142,179,202,90,183,197,126,128,205,192,173,129,173,191,147,145,90,119,152,139,188,225,223,140,109,139,190,177,149,117,178,189,205,164,109,152,167,112,165,198,150,146,180,176,175,193,131,158,164,120,146,154,190,208,178,173,150,172,92,165,132,149,184,158,175,155,201,145,158,142,135,243,183,213,135,165,114,213,153,140,136,238,134,185,178,168,195,218,149,172
"COG0561",655,910,608,611,721,565,1479,735,551,1071,465,658,421,693,746,743,612,683,683,642,602,928,679,691,564,689,781,610,753,956,580,685,666,699,450,940,512,614,844,692,757,608,896,558,1070,687,746,1618,843,701,640,580,612,599,703,703,786,878,599,508,577,620,688,606,566,756,852,625,810,722,712,469,714,692,657,785,478,999,566,702,748,1123,550,723,588,659,1184,898,475,706,726,780,783,566,595,660,643,596,755,672
"COG0562",298,232,205,199,289,140,257,112,203,304,271,212,254,94,180,145,166,86,272,220,172,309,233,175,53,275,130,345,166,200,387,206,283,150,175,75,182,190,189,187,222,130,275,197,249,297,221,230,198,221,200,142,231,140,179,234,105,254,323,138,263,236,230,170,178,246,148,154,265,241,308,136,252,149,274,231,150,265,283,206,344,355,113,237,196,236,240,240,379,230,251,203,211,253,193,250,531,223,244,225
"COG0563",197,163,167,149,200,125,186,177,168,239,200,205,188,251,202,184,193,204,179,156,132,232,183,187,210,176,184,180,200,207,190,199,163,217,179,164,152,182,197,155,197,157,210,206,237,161,164,258,204,174,211,248,247,157,173,242,121,147,176,187,221,212,224,178,178,196,161,191,142,161,186,270,209,175,222,184,179,135,171,231,172,208,182,228,200,168,216,222,177,206,234,214,155,178,240,179,151,208,161,186
"COG0564",717,658,829,750,657,624,668,533,614,656,1041,776,937,741,699,643,758,1034,634,710,669,699,700,623,1027,752,927,1146,762,740,897,746,717,860,631,805,649,655,925,707,652,656,613,720,901,699,683,830,707,782,699,814,718,574,781,896,439,715,844,826,840,723,720,612,746,714,653,862,559,733,701,986,767,584,734,690,883,690,650,770,861,625,728,748,710,634,807,726,947,705,716,715,817,738,778,693,585,688,640,699
"COG0565",1,1,15,9,3,14,1,51,10,16,4,1,6,3,11,3,12,2,30,11,3,26,16,12,23,10,5,0,1,2,4,3,1,3,7,39,17,8,5,11,13,5,10,5,8,2,0,16,4,3,7,32,6,9,7,3,96,7,5,0,3,1,7,26,10,8,69,3,13,20,10,6,0,19,21,2,4,12,9,4,4,0,2,10,8,0,3,2,4,23,0,3,2,5,2,4,2,5,3,10
"COG0566",528,492,524,552,518,470,544,462,505,818,330,574,371,626,565,609,474,394,511,517,537,479,556,577,471,509,432,366,492,580,414,596,558,597,513,446,516,554,466,523,529,533,466,501,577,470,562,497,528,563,570,587,561,475,587,609,302,474,478,397,566,572,601,505,541,553,496,418,424,489,517,619,524,545,576,553,374,435,560,672,535,685,528,577,502,498,514,552,518,562,480,552,539,591,542,515,550,533,517,570
"COG0567",17,2,6,5,18,36,0,213,44,21,4,0,13,15,12,17,24,4,41,32,13,94,15,46,24,73,5,3,2,6,41,16,0,7,14,86,9,32,15,11,29,7,12,10,16,5,0,21,12,10,30,64,14,20,19,8,219,25,6,7,16,1,11,93,32,23,133,4,18,28,35,10,2,32,24,6,3,20,15,0,0,0,15,15,23,0,8,6,6,34,6,6,5,5,7,9,10,11,16,29
"COG0568",158,267,381,235,206,228,230,299,140,262,688,326,551,447,199,159,511,613,252,212,161,331,364,345,559,278,495,751,253,214,406,207,258,464,182,591,267,167,454,253,170,178,271,336,516,242,237,340,277,272,276,448,398,149,217,309,390,188,409,388,378,372,290,337,324,275,328,438,214,333,211,537,231,219,308,205,1145,241,151,407,425,295,275,179,257,246,351,234,474,330,366,229,347,279,251,208,117,205,207,260
"COG0569",523,508,376,449,526,384,317,322,456,388,308,655,344,592,474,471,489,331,424,433,473,620,460,546,440,510,391,385,543,571,455,520,529,426,422,329,523,470,467,524,478,499,494,478,468,455,574,600,558,508,574,484,492,463,554,437,347,531,407,362,572,549,474,421,427,539,416,422,400,474,534,419,517,479,530,568,415,515,472,558,453,376,484,552,445,460,545,552,362,518,487,512,442,549,573,509,497,487,521,540
"COG0571",210,196,185,224,188,179,209,166,153,247,261,166,241,215,193,172,197,279,153,156,177,169,219,227,227,192,174,323,228,169,301,175,204,177,153,220,215,196,281,192,168,218,194,250,234,152,210,168,207,208,217,217,204,161,226,255,90,193,204,209,269,215,233,181,215,171,132,196,127,229,164,187,204,177,216,202,220,114,203,181,218,197,239,180,185,195,203,208,240,170,180,200,201,153,196,187,191,203,188,184
"COG0572",282,337,395,359,335,339,209,183,436,113,620,387,439,383,311,393,442,472,266,405,435,224,359,369,629,344,538,548,367,349,435,368,430,447,301,432,328,340,510,329,253,376,298,373,426,315,247,252,324,318,316,409,442,386,317,403,160,325,453,405,363,457,340,337,415,336,309,498,297,398,250,477,363,380,348,323,451,191,290,430,403,187,343,365,398,390,361,320,497,361,400,321,298,416,432,389,308,360,397,387
"COG0573",145,164,158,180,149,179,252,142,155,291,27,164,106,221,158,144,116,214,170,203,182,285,158,166,71,163,117,111,189,207,127,167,195,116,135,146,200,123,100,194,148,170,220,182,266,151,167,212,189,196,154,185,150,157,193,125,174,183,149,104,159,156,192,184,195,189,163,129,147,147,206,132,204,139,172,193,126,168,172,179,156,236,247,165,175,163,206,169,98,203,162,150,198,162,173,168,126,135,178,220
"COG0574",674,528,885,737,522,670,203,424,623,230,1145,902,797,862,652,792,990,811,554,755,789,409,775,615,1325,748,897,966,752,595,826,805,823,997,539,728,668,570,959,635,434,717,762,707,624,609,680,299,599,795,565,555,617,445,506,495,193,410,592,552,631,628,517,461,679,492,337,594,300,445,432,555,544,497,453,475,576,272,384,596,471,265,550,481,448,422,430,465,644,472,433,379,411,660,523,400,302,542,375,393
"COG0575",209,160,219,187,183,146,194,132,134,207,283,217,236,206,187,176,154,220,166,146,142,187,190,213,219,199,221,215,219,146,234,208,189,221,141,183,202,177,195,205,153,163,239,193,206,186,168,194,181,172,178,184,208,174,163,231,39,149,236,236,246,233,237,165,192,173,105,162,141,194,138,238,192,186,221,164,244,147,160,220,229,218,186,172,162,156,186,165,249,197,235,222,223,196,204,179,171,202,186,181
"COG0576",114,149,140,125,168,123,117,129,156,124,174,149,162,127,200,128,123,120,128,131,117,204,160,158,164,142,107,171,147,163,161,136,165,211,226,161,149,163,157,104,157,142,138,169,165,111,137,123,170,127,134,155,171,145,139,189,80,123,129,157,163,158,121,130,136,102,133,144,136,159,125,169,135,151,154,138,186,136,120,166,174,168,138,152,129,154,150,131,177,139,152,157,141,149,155,145,179,152,118,147
"COG0577",1774,2057,1362,1521,1578,1257,1662,1263,1467,2950,926,1775,1180,1959,1427,2030,1424,1425,1122,1152,1430,2483,1405,1425,1251,1643,1118,1312,1666,1655,1357,1674,1517,1706,1247,1227,1738,1491,1687,1934,1027,1762,1925,1408,1596,1492,1598,2975,1596,1349,1625,1901,1750,1333,1545,1651,1033,1653,1324,1265,1454,1923,1482,1486,1425,2002,1404,1273,976,852,1719,2060,1770,1527,1561,1924,1204,2926,1449,1732,1678,2568,1466,1316,1434,1698,2016,1705,1127,1674,1682,1806,2232,1492,1799,1531,1383,1480,1511,1777
"COG0578",81,5,75,68,90,59,0,149,102,48,11,38,29,38,111,139,23,7,120,103,66,53,55,50,22,53,24,1,57,49,28,67,84,33,49,95,18,58,6,15,61,55,67,74,26,18,10,104,32,67,63,55,26,63,47,82,219,28,77,23,53,6,53,73,111,100,118,41,66,89,44,46,87,37,19,21,21,31,20,29,25,0,33,73,78,90,11,63,17,44,37,60,12,79,34,26,46,109,20,92
"COG0579",62,137,64,95,70,97,98,112,73,61,29,75,51,178,75,96,74,80,175,22,53,42,104,142,34,125,24,38,134,134,92,60,74,49,36,134,54,37,96,87,78,77,333,66,86,72,37,88,36,90,94,97,59,57,73,159,265,121,63,47,112,92,57,182,54,76,181,68,112,72,124,57,68,68,71,82,50,65,63,105,60,141,100,47,102,45,182,114,20,136,85,71,154,62,76,60,28,55,94,89
"COG0580",52,52,43,77,56,92,178,150,121,283,14,58,39,42,56,76,38,20,140,70,62,127,75,45,27,86,9,20,79,38,27,59,77,37,49,123,61,58,41,48,91,42,80,44,151,75,42,254,52,67,47,72,35,63,41,53,201,68,43,22,33,30,137,66,72,44,125,44,115,84,49,63,77,113,40,52,25,40,71,44,14,226,40,69,64,72,54,65,43,72,31,72,12,53,108,36,33,85,34,69
"COG0581",148,167,135,187,146,151,324,159,116,335,21,189,104,255,157,140,124,220,187,168,188,265,162,192,57,190,104,105,208,197,162,181,169,118,136,120,158,156,93,149,142,163,202,141,227,160,205,211,187,172,195,206,152,139,185,107,162,186,119,107,212,190,220,171,184,159,188,94,136,154,217,136,203,164,208,189,128,205,167,202,188,286,180,160,133,152,238,202,132,237,153,192,178,166,189,146,122,150,154,151
"COG0582",2115,2466,1511,2086,3188,1469,1773,3201,2267,1962,1926,2648,1216,3494,2995,2460,1634,2242,2178,2339,1972,2327,3368,3249,702,2457,1157,1058,2291,2957,2750,2609,1965,3481,2735,1211,2897,1536,2095,2240,1753,3006,2325,2828,1424,2318,2149,2395,2020,2471,2995,3485,3140,1804,2224,2648,3153,2144,1803,2045,2894,2540,2345,2560,2627,2405,2440,1515,1759,2576,2517,2553,3377,1822,3310,2514,1839,3520,2181,3156,2595,1947,2535,2626,2228,2545,2071,3763,1852,2681,2783,3371,2998,2197,2493,2962,1737,4560,2127,2228
"COG0583",847,1724,1157,927,1123,1255,2359,2786,1397,1500,606,995,1316,1304,1283,920,1067,977,3128,1020,829,1876,1525,1713,874,1384,937,1265,1084,1537,958,1046,999,1190,1000,1993,1274,923,1017,1264,1210,917,1815,1332,1908,861,976,2330,1232,965,1173,1313,1141,911,905,1214,4507,1570,1110,801,1488,1190,1001,1917,1038,1201,2939,999,1589,1536,1205,981,906,1351,1253,1158,1119,2379,791,1000,1379,2238,877,1010,1230,927,1795,1039,1050,1629,1146,1030,1367,735,921,1136,879,952,1248,1238
"COG0584",332,336,313,655,375,496,236,295,510,325,374,345,260,484,415,409,314,486,366,527,588,391,414,346,101,288,156,175,499,452,364,337,515,196,500,264,411,526,297,197,267,356,519,446,317,385,528,314,421,404,398,227,213,561,349,392,283,376,298,460,339,344,602,351,432,318,315,191,666,343,275,370,414,348,391,340,182,338,511,331,285,217,305,407,264,396,264,455,213,305,344,422,343,403,337,445,403,294,355,348
"COG0585",1,1,1,0,0,14,0,70,5,14,4,0,5,2,6,0,6,1,22,4,4,2,11,7,6,22,4,0,1,10,1,0,2,1,3,43,1,0,9,5,12,5,5,6,2,1,0,21,1,1,0,35,1,13,2,0,75,14,5,0,1,0,1,18,1,0,45,2,7,15,16,0,0,14,1,2,1,8,5,1,0,0,0,8,10,0,0,4,2,13,0,0,3,0,3,1,3,7,0,6
"COG0586",134,39,120,114,123,159,111,218,189,278,144,52,140,47,154,138,114,127,184,160,146,119,157,148,177,71,131,122,90,81,104,118,98,86,174,198,108,179,76,132,142,141,107,141,177,108,101,117,86,80,88,68,76,190,80,90,252,148,130,150,65,62,100,137,112,107,209,134,140,141,120,87,89,110,76,105,121,68,132,48,102,233,95,133,127,88,38,114,106,70,84,131,71,98,111,109,171,131,101,146
"COG0587",732,609,749,784,700,546,670,700,681,842,715,792,741,828,678,739,792,848,683,664,571,832,740,642,1002,863,751,831,794,674,750,848,690,829,538,686,652,638,838,698,605,666,839,618,803,854,693,808,720,673,818,1022,766,842,804,1553,459,754,736,721,828,941,698,651,884,801,666,847,512,720,629,1056,756,683,849,763,798,769,606,736,750,850,804,790,715,3678,790,721,714,760,780,727,660,848,783,805,669,795,637,781
"COG0588",146,38,92,89,108,119,43,128,122,189,15,35,36,49,183,117,38,13,74,145,125,138,138,147,27,38,70,16,44,63,88,115,73,38,167,54,122,220,22,80,164,94,55,124,100,83,113,124,115,82,113,61,64,142,108,72,76,97,102,66,80,31,105,101,81,114,81,56,112,88,132,109,99,91,60,103,20,35,139,71,60,105,96,169,139,119,17,94,43,56,48,102,69,90,127,114,179,143,115,115
"COG0589",444,133,502,444,355,435,362,360,491,463,408,204,525,191,455,446,296,437,346,526,453,323,419,341,548,210,473,436,332,222,423,455,357,200,432,465,349,527,293,390,392,376,266,410,435,373,306,207,326,315,329,195,229,446,395,294,258,358,493,444,294,224,414,208,473,331,270,314,479,434,295,268,352,314,236,325,320,85,478,175,264,447,411,418,374,442,135,350,537,195,170,388,196,428,349,269,382,513,305,345
"COG0590",140,144,178,162,125,135,244,110,120,174,232,139,219,175,207,145,192,208,163,184,130,158,146,147,265,137,216,282,148,179,203,161,158,177,159,203,167,199,228,138,151,113,141,163,221,137,143,173,161,141,141,184,165,133,159,219,88,128,188,177,161,152,190,125,235,133,121,260,141,217,138,192,163,166,197,153,235,150,152,164,197,160,146,178,168,215,198,159,280,166,192,146,148,155,166,158,148,175,121,140
"COG0591",504,406,571,702,397,668,1127,298,562,447,328,476,300,481,545,545,479,372,353,622,685,432,529,500,411,318,560,389,549,540,431,594,636,328,556,351,480,632,292,610,404,628,619,503,416,632,470,232,567,411,566,493,424,629,533,610,369,504,492,457,545,511,444,379,561,546,322,409,693,484,389,348,540,325,362,547,374,274,533,434,590,478,529,357,538,511,363,565,461,365,500,466,366,635,528,513,455,658,592,559
"COG0592",297,337,304,364,285,299,323,244,191,428,252,323,309,356,242,253,259,335,243,221,288,442,312,292,389,342,213,319,321,304,315,288,281,385,229,251,255,342,315,318,281,292,340,339,273,302,295,415,300,368,286,368,334,246,284,398,247,310,321,314,426,356,299,297,336,304,242,250,227,292,265,369,274,250,326,305,341,303,248,337,407,418,275,277,306,277,379,368,386,278,363,312,349,288,300,280,278,303,254,278
"COG0593",114,80,88,205,111,196,218,164,152,179,65,127,45,120,109,181,76,34,110,183,160,93,158,111,192,78,104,77,135,62,122,133,145,84,143,90,190,115,115,170,112,157,193,124,18,122,152,18,166,143,80,80,60,99,74,64,34,43,82,44,85,67,67,79,89,67,36,20,70,114,37,68,75,70,39,78,65,85,72,84,76,135,83,81,76,107,8,124,44,41,87,112,18,98,75,91,87,97,83,89
"COG0594",10,84,54,44,50,24,145,62,25,58,14,67,27,85,36,36,66,54,46,32,25,145,77,89,21,74,58,41,49,82,46,48,52,96,39,71,36,21,88,53,40,46,49,50,70,48,91,125,58,39,63,115,65,15,44,94,80,66,27,40,107,89,42,71,26,55,96,38,36,56,43,96,52,52,65,83,67,118,22,83,82,111,35,35,63,43,119,62,21,85,89,44,128,44,27,59,57,34,69,47
"COG0595",93,335,148,183,126,63,479,130,61,553,44,329,61,404,105,135,227,301,131,98,119,407,203,211,51,195,113,174,218,240,146,141,166,280,64,171,161,45,216,188,80,141,323,167,537,97,164,593,255,200,254,375,263,54,183,354,110,172,125,247,266,350,152,209,151,233,212,98,117,107,162,543,196,116,285,217,132,318,76,375,224,409,163,79,140,128,371,223,58,212,350,180,224,134,181,161,77,99,195,188
"COG0596",128,364,165,192,209,188,244,462,97,616,220,221,217,469,163,126,219,237,345,152,136,861,300,246,77,303,115,227,230,307,124,147,217,276,188,437,215,314,313,151,164,123,235,243,479,206,154,647,212,146,233,292,264,173,164,138,469,262,132,151,261,295,201,333,176,164,360,243,191,140,175,298,189,180,313,197,266,568,71,290,292,530,203,120,207,237,349,233,68,306,456,260,386,184,160,259,132,136,179,237
"COG0597",41,98,58,80,70,29,175,72,27,191,23,90,36,126,45,39,69,60,54,42,38,137,79,90,22,64,37,57,90,70,47,52,44,112,36,67,70,38,72,59,40,59,108,69,128,87,82,119,91,64,63,124,88,22,46,73,108,62,57,46,85,117,62,83,43,64,97,47,54,70,55,93,58,47,86,61,80,104,29,104,112,200,69,38,62,38,106,97,27,87,107,79,175,28,77,81,49,39,51,58
"COG0598",313,303,301,272,289,348,227,319,331,294,278,232,305,138,307,285,307,258,317,245,297,272,337,306,347,342,272,239,234,195,274,327,307,302,358,304,239,315,254,293,370,255,183,311,282,257,252,318,312,334,265,221,344,299,280,228,240,263,256,287,247,255,383,257,304,267,246,290,300,318,343,274,287,413,378,285,261,220,324,215,267,310,304,309,351,352,253,268,301,283,239,282,274,259,299,274,421,323,339,294
"COG0599",118,112,253,141,134,144,205,140,183,159,78,152,140,82,186,224,69,123,225,246,206,128,142,162,118,87,72,130,123,102,201,188,189,125,118,72,170,108,86,155,149,186,189,165,108,142,97,135,110,141,108,112,101,157,129,182,21,158,165,129,168,143,150,150,180,151,123,77,116,152,107,92,95,119,96,92,141,247,111,94,96,65,175,164,170,164,66,115,107,94,149,148,78,216,160,147,99,128,146,114
"COG0600",78,232,140,85,169,114,217,355,66,246,31,177,75,185,179,104,135,66,175,108,92,244,197,199,66,160,74,67,149,230,145,129,131,146,116,80,139,79,136,168,137,123,203,149,93,207,117,214,152,176,149,305,151,59,114,168,271,181,126,116,183,181,122,228,127,114,205,96,146,84,130,150,164,133,202,157,78,287,109,230,177,308,172,65,135,103,192,151,51,205,262,136,111,92,150,125,85,91,107,167
"COG0601",262,496,285,237,286,204,847,508,165,966,67,325,141,617,259,224,216,178,340,244,220,561,285,372,125,315,173,247,261,404,205,272,210,240,233,385,285,106,248,381,207,187,452,304,373,192,244,716,297,305,222,553,254,151,258,261,771,421,205,201,303,253,372,414,237,278,512,192,418,169,349,210,256,243,231,286,118,642,219,350,265,922,251,238,290,209,482,265,106,305,300,327,290,177,215,272,170,181,217,259
"COG0602",156,158,84,139,144,136,162,146,134,154,83,178,143,131,155,148,161,129,150,191,119,236,149,179,146,155,171,140,195,114,170,120,158,133,118,153,154,157,125,135,105,168,143,150,179,112,179,179,178,158,195,179,208,201,193,675,159,241,205,202,253,254,258,222,201,203,232,266,148,228,184,306,212,272,227,224,308,154,183,243,244,266,345,248,184,2261,263,180,228,237,260,219,223,206,223,240,218,223,214,258
"COG0603",144,70,128,100,93,120,89,90,131,20,161,93,152,88,116,117,161,132,124,180,100,157,120,85,164,100,145,165,108,63,121,99,126,151,110,126,137,176,78,76,95,147,84,115,138,129,91,68,101,134,80,61,116,119,87,75,63,120,138,121,88,110,110,57,141,87,109,145,85,142,93,79,116,137,110,90,155,36,117,76,115,61,254,142,127,138,93,76,250,103,81,103,87,132,87,83,103,119,88,119
"COG0604",3,5,17,15,0,47,93,182,28,216,4,7,27,17,7,7,11,2,235,11,5,15,30,42,32,4,0,2,2,7,20,5,10,4,15,101,3,10,6,19,26,8,49,18,65,26,0,271,2,1,8,10,2,26,8,2,105,23,8,6,9,1,15,63,10,3,80,6,34,21,17,5,0,20,1,4,9,29,12,14,0,62,2,12,13,31,2,15,3,14,2,18,3,1,8,3,10,9,3,10
"COG0605",92,19,63,114,57,69,6,117,86,25,19,72,32,53,83,100,42,23,83,81,77,48,71,71,18,73,34,18,89,58,67,87,102,54,59,45,86,69,20,81,63,97,48,79,19,107,53,72,51,76,71,51,61,93,62,75,106,68,69,51,62,68,100,98,80,52,56,49,49,90,58,162,68,82,54,55,26,63,56,70,46,10,120,91,69,149,14,74,80,72,75,91,42,109,66,67,68,90,48,88
"COG0606",193,204,239,217,240,146,238,191,202,253,201,190,195,255,215,171,238,210,203,191,210,149,168,209,304,188,223,242,195,211,185,179,222,209,206,247,223,214,219,152,244,183,198,203,206,153,222,126,210,237,311,320,316,276,361,415,258,342,289,335,354,308,279,314,368,303,293,306,212,323,355,330,370,287,382,310,305,361,394,366,312,437,254,318,352,261,290,294,299,330,294,327,273,314,314,290,383,295,315,363
"COG0607",444,172,515,338,357,385,102,310,360,190,100,230,284,170,434,291,249,188,448,344,398,288,278,322,321,362,205,133,306,310,221,302,316,406,356,190,290,454,127,249,430,348,279,327,157,277,304,204,287,359,324,230,310,431,417,275,397,363,306,262,229,270,350,277,288,281,339,369,362,421,413,223,308,408,381,321,255,312,485,248,238,158,314,461,424,325,213,308,253,347,185,241,307,317,325,347,485,402,346,342
"COG0608",328,351,430,324,309,251,277,289,362,139,425,363,410,439,335,387,448,411,289,307,381,409,276,335,421,331,404,427,374,286,413,387,408,421,233,320,321,338,305,343,308,381,473,354,388,254,308,344,299,456,391,470,364,358,321,436,229,384,345,359,416,490,290,332,426,414,256,422,301,336,265,391,340,305,433,334,441,308,260,440,386,294,386,335,385,364,353,385,379,365,351,325,284,405,387,319,305,402,354,373
"COG0609",297,393,397,294,326,276,604,424,351,194,163,288,355,497,410,519,294,333,478,454,452,355,322,406,315,369,415,308,416,375,365,450,257,320,314,310,404,253,312,313,291,454,408,388,302,309,286,449,472,469,287,370,341,357,363,319,337,335,335,309,344,401,290,328,385,323,406,364,453,334,371,220,323,322,320,318,210,471,322,345,356,132,376,356,426,323,368,337,285,355,300,285,321,315,337,295,328,370,372,403
"COG0610",552,546,778,424,739,151,367,682,311,232,807,685,278,1009,313,322,901,665,647,500,504,388,835,1025,782,509,228,1046,795,570,651,815,477,1092,719,452,466,743,1183,205,442,475,839,646,884,613,497,596,840,663,468,640,933,603,416,713,132,367,640,552,760,762,644,732,613,898,525,846,520,707,283,484,572,386,938,497,881,300,44,740,634,469,936,937,618,707,701,634,814,488,658,580,623,585,819,690,300,1100,606,662
"COG0611",78,10,68,83,50,117,7,141,50,19,10,75,60,58,60,80,58,13,133,85,85,55,165,101,24,91,28,15,40,42,67,70,67,46,74,44,121,99,16,57,69,29,43,120,55,78,60,32,36,113,109,64,45,81,83,98,90,73,88,57,96,50,143,100,96,38,83,35,106,133,66,81,61,73,86,58,88,18,76,52,44,50,88,89,84,119,24,98,101,73,52,59,59,134,71,83,73,119,56,69
"COG0612",1095,271,1343,1154,799,1114,109,813,991,174,1260,827,838,754,1031,1161,671,512,821,972,1166,364,973,844,2526,754,708,736,910,768,1027,1133,1074,1294,826,760,1206,1175,1210,745,1018,914,793,989,528,892,780,455,691,1052,1052,905,986,1182,1013,957,299,880,1181,1084,971,820,1091,875,1281,795,587,987,917,946,761,1178,974,915,694,718,918,320,1097,789,741,166,1178,1179,1013,1137,384,1035,1255,746,721,876,500,1219,1138,904,879,1470,815,891
"COG0613",84,173,72,99,89,77,267,133,67,212,21,147,97,165,85,86,130,70,102,70,62,158,144,175,35,99,51,48,106,205,100,86,82,101,88,128,83,36,96,77,85,92,233,140,150,70,100,77,121,145,113,235,128,57,79,134,210,102,88,86,164,202,94,122,92,98,121,59,162,68,104,296,87,97,134,89,88,88,74,166,145,217,78,56,149,102,151,138,40,129,172,108,79,101,127,129,63,48,60,152
"COG0614",398,517,428,360,471,339,529,460,519,192,206,313,336,546,441,480,449,316,532,512,472,435,394,569,316,411,448,333,473,506,327,525,311,371,430,362,434,364,329,454,420,515,452,585,341,375,389,476,549,491,375,346,432,434,406,371,352,421,383,353,392,425,345,326,495,419,420,459,617,403,416,293,417,375,401,403,270,444,385,345,390,207,511,458,529,344,363,418,296,375,375,404,331,404,441,460,514,392,438,501
"COG0615",145,85,63,142,134,165,79,181,179,48,103,166,52,51,49,104,334,236,64,49,69,150,92,115,506,79,214,191,223,84,97,143,86,48,177,246,227,35,178,224,41,117,59,103,188,62,95,107,122,57,104,94,76,114,58,89,6,88,180,240,194,114,49,105,82,83,65,79,106,87,96,58,92,68,82,86,260,235,234,87,115,40,153,62,86,120,168,125,391,60,158,129,80,90,173,170,209,132,122,138
"COG0616",273,68,282,236,173,312,1,415,274,80,336,144,288,104,211,247,246,237,256,247,190,100,244,171,475,170,303,286,173,133,228,227,264,188,186,211,218,269,251,215,230,191,159,336,129,172,182,36,105,261,242,150,174,257,173,170,362,121,268,262,220,114,272,131,289,175,217,266,235,243,190,150,193,189,157,158,364,49,212,111,164,27,237,229,256,291,81,223,274,139,123,200,158,275,155,172,146,262,137,260
"COG0617",203,279,331,266,229,235,360,329,233,427,246,356,349,371,253,266,314,238,265,262,174,328,272,376,399,362,263,253,274,248,266,294,263,351,178,306,253,235,283,245,206,274,318,250,329,215,257,328,260,271,344,339,304,202,255,253,303,276,297,291,389,323,277,296,340,293,299,265,220,327,233,344,278,279,331,250,407,283,240,348,290,394,298,252,281,249,305,287,266,314,274,263,236,307,295,230,161,286,216,269
"COG0618",198,294,237,247,268,193,133,149,178,115,272,307,256,297,252,245,326,336,193,184,173,291,244,221,267,262,288,315,279,237,273,216,227,316,239,199,212,203,271,196,170,245,248,264,298,289,254,201,290,231,275,261,364,208,217,319,46,172,266,292,299,343,223,251,244,295,179,316,140,219,222,345,280,210,325,297,305,118,171,337,326,159,255,271,241,228,301,208,311,289,347,259,365,288,217,258,246,235,265,260
"COG0619",148,390,179,167,165,17,739,246,88,835,50,307,90,488,143,160,169,233,139,131,96,507,284,354,79,261,204,172,210,337,162,199,219,237,122,227,158,75,195,202,87,152,484,195,354,190,296,666,219,190,227,359,222,101,144,268,170,270,112,138,348,278,371,230,202,192,196,109,120,196,166,158,180,149,195,235,167,444,91,356,316,573,175,157,163,171,331,367,72,231,361,326,313,126,232,192,123,110,249,252
"COG0620",140,271,164,109,179,101,323,263,139,602,409,181,213,113,122,179,346,219,193,74,65,536,104,128,255,222,429,168,195,97,191,125,153,275,138,414,120,88,221,210,96,171,165,152,294,139,133,478,261,124,154,134,219,100,119,79,245,151,162,337,180,180,138,185,169,189,230,151,74,83,112,97,180,189,144,163,283,255,76,89,215,339,114,146,169,145,281,191,129,274,179,212,190,107,142,132,130,143,110,216
"COG0621",818,782,767,850,814,650,701,559,658,475,817,840,724,978,758,791,903,776,659,720,724,621,743,724,1429,785,889,882,815,765,804,768,842,1040,723,716,693,735,773,700,791,734,897,767,680,708,752,408,767,814,872,907,888,660,785,1030,394,715,812,742,918,876,842,721,848,797,606,830,592,844,747,1113,809,745,820,768,908,629,755,967,805,663,880,808,779,725,741,760,928,840,880,847,730,859,717,795,759,729,706,754
"COG0622",177,247,176,211,173,121,206,138,154,99,115,180,149,205,213,163,193,145,216,152,154,204,191,200,221,216,189,187,233,239,192,209,185,251,170,121,167,186,180,203,143,178,234,164,174,186,194,220,183,189,175,156,206,160,139,199,158,231,141,137,156,191,194,151,170,199,184,179,147,192,196,202,178,207,207,188,188,259,132,208,212,201,172,206,153,156,287,207,189,187,224,207,197,180,202,167,158,156,162,184
"COG0623",99,13,126,109,80,132,2,103,106,37,256,71,96,31,123,117,176,106,107,99,64,86,73,69,248,112,204,121,70,60,92,104,87,135,91,188,110,124,72,90,89,95,65,95,151,69,49,25,57,106,75,78,100,98,65,125,69,57,155,116,95,46,140,98,151,104,61,206,93,133,66,137,92,116,97,48,122,8,98,56,84,4,122,121,125,136,45,79,163,71,66,110,75,128,78,54,88,168,49,105
"COG0624",535,344,523,384,522,491,435,547,559,683,289,300,477,664,753,577,415,341,610,409,505,563,551,614,348,387,270,339,451,604,461,590,407,346,446,395,525,485,369,447,495,486,736,584,722,413,360,670,352,592,535,498,339,389,519,481,821,547,511,469,588,334,581,492,606,578,463,368,834,423,391,484,480,489,450,444,504,530,598,436,349,744,493,593,562,574,441,561,476,355,390,525,299,518,500,444,392,609,316,490
"COG0625",16,5,11,2,9,96,0,277,36,41,24,3,43,6,11,12,31,1,201,25,8,27,60,51,36,24,1,2,3,12,4,13,0,7,25,158,10,21,6,34,28,18,57,22,9,11,0,109,5,7,3,75,7,37,9,5,375,51,19,1,16,3,18,160,13,9,273,17,36,63,86,8,4,62,11,5,18,43,27,0,2,3,1,30,27,6,2,9,5,79,5,4,6,2,13,17,10,23,5,37
"COG0626",32,83,47,40,48,75,176,217,56,329,15,48,76,70,43,39,40,43,156,24,37,122,93,57,49,89,17,41,64,24,32,47,34,73,33,124,21,21,56,48,68,76,100,38,178,78,67,220,48,73,67,87,45,36,36,46,279,69,55,68,74,41,54,90,116,59,143,37,153,78,70,55,31,65,56,40,85,118,60,73,46,390,49,38,53,52,89,133,15,88,91,72,51,47,27,62,67,42,42,49
"COG0627",291,125,88,212,129,174,132,143,181,249,28,108,78,136,214,199,104,47,163,193,202,205,129,114,39,235,64,36,146,107,69,174,159,118,169,90,200,300,65,120,193,182,148,149,79,260,201,141,283,194,181,136,157,180,115,138,113,185,133,137,96,123,205,138,170,155,148,149,288,121,185,112,167,181,95,142,96,147,143,177,136,169,150,164,128,197,102,149,122,132,184,222,202,161,123,158,196,198,150,196
"COG0628",308,287,333,317,361,278,172,382,349,363,246,427,303,425,322,324,339,283,310,260,263,428,341,399,286,344,235,268,348,355,316,356,342,401,309,301,328,270,278,328,344,348,360,410,351,329,304,422,347,320,469,611,605,514,411,597,613,568,461,469,524,566,494,625,467,461,564,405,431,378,462,581,497,454,512,466,460,561,404,584,540,473,457,458,448,534,532,480,463,478,651,535,473,425,519,496,455,527,533,515
"COG0629",146,281,208,208,219,100,335,463,183,342,139,293,174,443,471,212,187,278,186,162,142,255,306,294,167,380,153,186,239,217,232,265,212,287,151,215,260,155,256,239,164,189,297,220,284,232,237,351,239,169,245,413,275,170,179,281,293,232,160,178,237,314,221,233,178,289,313,126,201,162,183,312,229,161,258,222,184,185,178,314,284,558,198,181,186,171,340,252,154,233,364,442,321,165,200,254,173,213,205,214
"COG0630",5,24,0,1,5,7,0,0,1,20,5,11,6,4,4,3,11,5,28,0,2,69,4,0,0,16,4,6,15,2,4,2,2,7,16,1,31,1,5,27,2,8,5,11,21,2,11,7,37,12,6,3,25,0,5,8,10,0,4,9,14,26,4,1,1,15,80,4,0,1,13,13,15,5,15,13,13,10,2,3,15,0,3,5,10,1,30,3,10,56,22,15,12,15,12,17,12,4,8,42
"COG0631",136,183,128,199,137,150,330,180,70,411,383,303,202,315,161,104,224,102,70,111,100,208,204,232,199,194,199,150,242,179,220,203,127,406,92,199,157,71,298,147,42,186,249,148,237,196,173,264,117,117,241,239,360,98,143,190,59,175,219,105,264,426,209,201,147,163,203,171,84,122,145,274,158,113,258,186,274,269,45,327,235,319,169,125,96,104,281,290,89,224,344,207,251,164,217,194,133,193,133,138
"COG0632",149,137,152,155,155,83,143,138,137,186,198,138,191,176,198,173,126,202,141,152,136,128,156,142,239,149,149,150,158,145,204,161,136,193,81,142,117,160,187,122,125,134,181,161,193,155,173,160,150,130,164,189,168,156,177,241,53,148,142,174,183,168,152,142,145,160,110,163,105,158,138,222,145,164,153,151,162,105,133,171,157,179,165,170,120,140,134,163,204,138,180,170,141,145,176,126,194,137,127,150
"COG0633",9,0,4,1,5,21,0,84,13,23,7,0,8,4,2,4,12,0,29,8,7,25,27,17,13,16,0,1,0,5,2,4,0,2,10,64,0,4,3,9,21,5,15,8,3,5,0,15,3,9,6,27,2,12,8,8,113,13,6,4,2,1,9,31,5,3,77,1,9,7,29,1,1,26,5,4,4,16,9,0,0,0,3,14,11,1,3,5,2,16,0,3,3,0,2,7,6,13,2,12
"COG0634",167,156,133,154,197,134,172,176,133,229,149,164,111,195,183,143,176,126,149,151,132,182,202,204,192,169,126,166,187,126,191,187,165,150,134,159,149,178,188,170,117,156,182,188,201,161,143,176,153,145,165,175,201,124,166,175,117,152,150,148,162,193,209,166,132,168,144,134,115,180,141,121,148,190,201,186,178,161,161,176,143,200,164,168,129,161,187,184,148,136,196,180,161,164,161,173,157,169,156,152
"COG0635",300,520,423,354,383,369,682,353,382,399,308,401,339,536,339,381,394,374,419,406,362,518,357,379,414,494,438,333,385,480,399,352,392,444,319,366,355,351,395,459,413,364,499,371,331,319,415,388,467,428,444,508,447,290,365,467,417,415,315,361,466,465,389,349,391,467,443,335,403,406,422,442,362,422,443,378,508,531,403,448,494,409,356,297,449,294,457,442,376,421,416,376,416,359,387,397,348,279,412,455
"COG0636",113,126,112,103,124,90,72,48,116,36,14,116,53,115,142,98,84,52,95,78,80,122,108,155,22,114,74,42,118,93,85,124,106,81,136,48,107,153,45,117,111,117,113,96,82,97,118,101,124,116,120,110,105,101,94,108,84,60,96,82,92,102,120,108,95,101,62,77,91,90,83,75,115,131,108,118,61,87,91,111,113,82,102,139,105,125,115,105,106,98,119,125,123,108,87,105,140,144,115,111
"COG0637",383,535,354,385,468,298,806,481,394,503,337,407,319,397,370,372,415,346,358,468,344,355,413,350,321,370,533,437,430,496,415,366,407,322,384,492,413,392,482,442,400,432,461,411,526,392,496,378,522,372,383,298,392,385,372,396,413,380,447,340,413,461,419,423,339,427,434,379,312,485,506,306,451,476,472,417,352,374,319,438,500,423,432,381,414,405,474,433,439,354,472,450,363,395,356,392,408,348,411,438
"COG0639",137,93,99,150,136,79,9,210,133,69,30,96,66,94,113,89,84,32,110,110,117,175,92,117,204,164,46,22,69,52,124,134,104,84,127,89,194,162,119,79,178,128,56,75,135,143,122,107,153,68,133,195,127,163,126,245,183,103,69,69,58,76,92,120,54,107,154,53,105,58,158,107,111,92,131,124,76,167,120,110,191,79,118,91,92,134,61,97,106,99,142,142,58,79,108,95,133,65,136,117
"COG0640",52,172,59,101,84,47,190,76,59,169,35,139,50,171,69,61,123,89,105,55,34,322,125,159,41,128,74,81,113,150,80,106,78,126,127,110,91,41,122,96,57,69,162,129,254,83,104,245,121,60,111,190,125,61,78,128,149,122,56,81,146,134,108,116,69,123,170,62,100,106,101,137,166,111,118,127,115,263,53,164,136,163,92,82,64,81,178,126,44,145,168,120,146,64,96,123,47,46,100,108
"COG0641",440,597,544,563,714,653,399,487,714,235,1263,551,933,467,433,463,579,448,400,383,449,502,542,562,949,477,902,980,519,429,478,563,587,697,807,394,626,811,860,790,436,556,448,975,404,502,765,619,550,383,480,384,542,651,670,445,548,471,560,811,732,531,520,465,529,643,496,1084,466,536,535,553,508,842,484,685,1268,1245,594,421,675,519,488,443,531,748,488,528,330,544,530,561,1033,509,632,466,576,497,738,503
"COG0642",9628,7240,8790,11284,9530,14444,3695,5435,11610,4039,6143,7713,6577,5815,8726,9035,6611,7284,7295,9288,11349,5790,7178,7482,4407,6936,5870,5679,8678,8050,6758,9047,10035,6672,12158,4867,12982,12749,7686,10324,11953,10408,7343,8422,4585,11615,9247,5292,8740,7792,8661,7259,6849,13321,8797,6987,4945,9966,8735,8747,6605,8333,7217,7934,8896,7824,6874,7736,13445,8863,8737,8228,8787,8766,7913,8715,5077,7365,11264,6787,7926,4204,8918,8469,8712,9419,7082,9185,7279,6812,7666,8328,7580,9847,9446,10285,10501,9939,9337,8944
"COG0643",16,148,77,35,71,41,14,109,20,22,13,95,88,10,38,47,63,46,21,11,27,197,41,39,18,125,18,29,85,20,31,19,69,98,64,67,52,12,66,66,47,73,25,40,31,150,53,14,102,69,85,55,148,36,18,22,206,42,67,42,55,145,28,89,14,63,125,48,55,14,104,33,64,58,139,57,140,29,14,38,72,11,64,18,57,31,81,16,20,213,140,44,131,36,60,76,38,25,81,122
"COG0644",7,4,22,2,1,27,11,224,39,44,7,2,16,33,10,7,6,2,3,12,2,35,51,50,19,12,1,1,3,6,0,3,3,1,15,119,2,10,8,22,25,10,29,15,60,8,0,27,0,3,4,76,4,22,9,4,352,38,21,3,28,2,28,71,8,3,183,7,35,21,75,1,1,66,6,6,21,30,14,5,5,61,7,32,20,6,3,15,1,47,0,2,7,3,6,5,2,8,0,24
"COG0645",0,0,0,3,0,0,0,0,0,0,0,1,0,18,0,0,2,0,0,0,0,0,2,0,0,0,0,0,4,0,0,0,2,1,0,0,0,0,1,0,0,0,0,5,0,0,0,2,0,0,1,0,2,0,1,0,0,0,0,0,0,8,0,0,0,0,0,0,0,0,0,0,0,0,6,0,0,0,0,12,0,0,1,0,0,0,0,0,0,0,5,0,0,0,0,0,0,0,0,0
"COG0646",486,491,438,467,533,317,477,451,473,154,445,527,473,373,415,609,539,478,472,563,486,366,394,343,641,491,677,499,494,648,565,500,559,490,370,472,438,392,399,543,343,538,531,444,439,398,501,156,601,505,512,290,558,411,630,376,388,387,515,406,459,541,418,486,494,581,516,532,271,446,568,318,475,479,535,490,360,354,370,493,491,331,533,575,552,338,439,456,461,578,454,483,430,477,520,523,507,468,484,607
"COG0647",21,39,10,57,29,36,170,103,18,162,13,58,19,134,19,27,40,22,52,29,49,80,103,125,33,51,5,20,72,59,40,48,35,14,23,101,37,31,45,16,8,33,132,69,75,45,24,140,26,25,64,100,36,31,39,56,105,66,31,33,85,32,59,99,94,31,47,19,89,21,21,34,44,32,48,42,25,44,17,51,53,202,49,19,26,53,39,59,9,23,65,56,17,45,33,39,7,29,14,39
"COG0648",138,145,93,149,189,155,112,114,189,98,24,171,56,164,179,179,103,90,102,153,164,167,144,162,36,152,75,58,164,168,130,187,170,111,152,98,148,153,97,177,161,188,194,146,113,188,204,76,166,150,171,138,142,184,188,177,104,146,113,124,146,182,111,167,138,184,142,100,148,134,163,234,170,119,142,208,64,99,154,160,138,152,172,152,196,154,141,164,67,166,191,202,225,139,156,147,178,162,188,204
"COG0649",272,59,194,194,148,170,6,152,169,18,289,168,223,58,203,207,220,186,243,199,210,18,123,133,351,129,196,128,151,98,224,236,205,162,164,134,193,214,113,141,175,178,91,153,73,157,147,16,127,221,169,55,144,167,197,139,76,130,203,228,137,98,249,118,243,113,97,188,132,194,159,118,198,214,177,146,128,20,236,155,105,24,215,206,179,199,39,140,234,132,96,139,96,247,156,151,214,258,146,151
"COG0650",6,10,6,14,6,17,2,133,5,16,6,3,16,34,6,9,10,9,35,21,10,6,22,31,11,6,2,6,5,14,8,22,4,9,6,65,11,8,11,17,16,7,75,31,2,7,2,18,1,8,9,42,5,19,14,12,107,10,19,7,11,7,10,37,18,9,86,4,21,10,38,9,8,22,2,7,3,13,20,6,10,0,4,15,28,14,11,56,6,26,5,2,3,9,6,6,9,4,6,26
"COG0651",72,29,84,63,31,51,19,235,41,48,23,65,60,91,82,76,62,28,86,76,66,14,79,200,76,37,11,10,52,121,32,115,41,45,61,156,106,11,35,35,61,63,78,196,13,52,2,29,14,103,59,105,32,54,73,65,432,84,84,51,70,55,112,151,108,25,205,38,180,34,91,52,63,63,37,55,14,40,73,53,84,5,58,73,105,81,22,67,24,80,56,23,15,72,61,18,30,51,32,111
"COG0652",203,236,227,218,219,215,206,202,200,188,302,251,269,297,271,189,261,266,196,182,175,257,250,224,275,216,213,324,179,270,267,203,211,283,194,243,195,187,298,220,195,184,228,248,252,149,226,373,204,261,237,245,237,152,205,306,200,236,237,262,255,259,227,223,286,251,181,266,180,189,185,345,237,236,243,194,272,293,171,232,267,216,213,206,248,291,263,260,271,228,251,205,194,210,180,203,162,212,167,243
"COG0653",597,681,715,568,597,443,574,527,480,664,736,807,636,777,517,646,873,606,446,499,505,641,531,531,540,689,883,726,589,638,631,581,627,775,438,569,507,443,626,566,473,540,632,569,725,576,583,925,653,668,724,801,747,419,568,704,377,551,547,534,673,673,537,618,778,671,549,667,362,477,632,826,653,568,612,636,805,619,546,771,636,575,660,537,637,570,742,616,629,620,743,599,687,664,515,525,405,475,546,561
"COG0654",11,5,17,5,3,32,2,198,15,36,1,0,120,26,9,5,34,5,120,20,27,12,69,14,71,2,1,0,5,10,5,7,3,8,11,137,0,25,2,24,38,8,42,54,2,5,1,50,14,5,2,37,23,60,12,2,328,70,13,0,58,3,13,121,21,3,246,6,37,51,90,0,8,57,0,4,102,41,27,0,31,0,23,27,18,2,2,8,2,77,5,7,4,2,9,6,3,20,89,51
"COG0655",223,332,232,214,221,199,389,155,217,85,44,310,89,309,195,179,159,127,157,252,200,302,247,296,27,245,204,164,315,222,210,238,200,199,206,154,269,188,126,223,214,205,395,232,132,265,230,205,236,249,260,279,188,158,196,307,190,215,191,168,253,266,256,237,181,213,248,152,292,252,162,274,230,214,175,286,75,271,223,214,265,288,220,226,217,210,319,258,243,276,279,234,254,202,204,211,222,214,284,237
"COG0656",119,158,259,189,207,189,208,290,375,422,73,171,225,137,257,173,134,206,294,313,389,402,251,339,136,126,207,182,285,187,193,137,161,117,249,220,199,265,169,165,169,258,250,215,553,127,192,414,286,117,153,150,127,243,285,200,315,277,215,177,226,100,189,290,246,211,357,200,294,166,136,242,186,185,97,264,260,240,190,112,212,523,145,209,134,150,288,212,189,151,152,194,186,282,276,301,305,167,302,147
"COG0657",487,472,435,567,395,460,423,471,439,537,407,396,265,538,330,416,420,603,295,364,541,631,414,434,350,405,357,385,508,704,457,382,435,364,613,314,422,452,395,654,492,420,612,371,599,647,575,293,529,327,458,385,391,560,461,431,241,489,413,463,482,460,429,454,424,499,445,310,516,362,521,367,457,411,532,448,329,351,475,420,477,738,459,425,385,324,501,462,277,486,491,548,637,409,374,597,435,319,495,468
"COG0658",273,317,278,342,283,281,379,241,279,354,143,315,134,356,257,237,252,115,316,256,244,399,266,227,305,265,250,161,481,318,276,291,322,309,197,171,287,232,209,331,201,246,229,244,325,206,329,409,292,296,260,306,289,244,255,289,156,258,244,162,345,352,246,310,337,324,293,210,221,325,225,448,305,326,300,256,177,461,212,325,300,386,298,287,238,300,307,261,238,295,245,315,275,322,322,230,225,342,251,337
"COG0659",290,385,399,289,348,332,271,202,243,79,391,350,425,173,361,229,387,422,392,322,334,370,291,265,423,395,402,405,364,185,370,319,332,320,347,300,323,408,306,282,410,296,177,270,301,304,300,221,429,277,346,160,335,287,347,236,156,291,352,353,278,378,284,361,263,223,274,374,210,317,379,204,307,336,385,320,369,212,400,239,349,104,329,288,442,267,465,211,406,438,273,265,354,355,279,320,462,286,362,289
"COG0661",5,65,25,20,16,25,397,172,37,445,10,18,12,44,4,18,22,60,87,56,7,164,59,39,22,22,73,41,17,46,22,32,8,26,20,139,15,9,69,26,24,18,67,27,102,13,31,183,58,28,27,109,15,7,29,38,147,86,34,5,23,56,54,56,39,18,128,27,60,84,38,263,15,31,14,63,14,44,19,38,40,160,20,20,33,36,134,80,17,44,23,37,84,9,10,18,40,32,63,34
"COG0662",47,236,58,65,89,69,72,103,121,42,155,185,173,94,67,52,107,261,185,73,44,235,115,132,38,147,117,216,109,223,128,78,94,130,100,208,103,27,132,92,51,84,65,135,126,249,88,72,284,114,97,87,152,21,78,96,154,44,146,161,84,121,54,137,41,99,154,46,151,75,163,87,135,123,146,111,115,58,133,133,171,54,44,40,84,30,186,71,154,280,203,86,96,150,113,115,83,135,141,187
"COG0663",98,67,86,98,102,140,103,128,122,50,78,90,118,48,101,125,105,65,176,140,130,32,111,123,92,96,139,110,97,135,106,115,97,68,87,139,78,100,113,83,90,83,86,107,84,103,86,54,98,111,96,70,84,156,97,92,179,110,120,111,106,73,145,137,124,161,181,85,106,131,138,74,101,130,90,93,100,67,86,96,92,39,102,183,99,107,120,100,161,136,85,98,131,120,102,103,107,143,131,93
"COG0664",771,308,496,753,616,878,309,411,792,304,494,565,419,415,623,587,541,609,619,677,625,450,612,644,409,473,598,527,703,563,547,732,620,570,801,546,655,875,435,771,598,614,500,696,609,748,602,516,539,670,494,528,462,842,624,484,379,647,579,626,445,455,668,384,533,483,386,603,803,772,524,554,629,675,470,598,524,452,762,506,540,392,639,828,554,776,440,672,673,442,391,724,562,736,571,668,716,1014,583,648
"COG0665",95,34,51,33,25,52,10,299,63,61,29,26,93,95,15,33,49,11,211,37,48,14,85,62,31,142,11,22,88,48,41,87,64,52,56,162,70,39,39,80,46,42,98,88,6,17,35,142,19,79,74,90,51,24,27,56,244,53,29,30,44,32,59,139,18,40,206,23,32,52,69,28,17,109,51,54,99,60,26,57,32,30,39,38,40,25,35,23,8,83,42,27,21,15,15,29,22,17,38,43
"COG0666",96,20,76,69,219,66,4,339,252,61,57,47,63,62,126,389,106,17,199,131,45,46,124,139,75,150,57,22,46,185,80,163,28,57,58,129,304,105,26,38,85,272,145,89,34,59,13,26,26,163,141,35,88,188,75,159,357,85,104,87,101,45,137,222,211,228,222,40,216,194,81,86,218,61,162,56,118,35,89,83,131,40,339,103,51,190,61,227,91,91,209,194,39,79,53,78,149,224,17,160
"COG0667",336,254,243,259,246,293,372,408,330,588,187,267,213,268,216,236,221,239,432,408,487,119,211,245,146,249,191,255,259,294,284,321,402,153,269,286,233,245,239,212,313,288,276,246,248,301,267,206,294,256,385,338,340,453,357,243,541,563,375,338,448,390,439,582,365,397,510,338,518,500,397,341,353,465,404,331,252,649,353,380,363,453,479,430,405,392,439,360,431,409,335,525,354,381,430,501,451,338,581,334
"COG0668",593,258,549,611,561,823,223,507,650,336,692,395,601,325,598,618,375,652,523,512,653,222,655,559,689,414,332,639,544,474,633,538,549,614,560,430,574,737,425,560,584,586,493,574,460,547,486,287,445,538,474,401,483,680,529,559,317,510,647,628,436,466,567,495,567,521,383,485,638,553,535,541,523,609,408,442,407,234,637,407,420,326,528,589,564,618,318,537,759,364,452,515,381,589,513,493,643,727,471,655
"COG0669",184,124,130,136,155,91,104,127,132,142,125,143,110,166,180,139,173,137,133,135,123,161,168,213,147,144,129,181,145,134,143,154,169,140,103,113,147,139,151,128,116,183,141,136,149,143,162,133,148,155,143,142,152,142,144,157,109,140,156,132,160,148,148,139,162,171,127,165,105,162,141,129,147,158,160,150,170,90,137,126,144,135,152,142,153,144,148,134,139,136,149,145,143,125,149,143,141,133,177,155
"COG0670",50,15,86,24,14,44,40,157,24,89,202,59,73,27,27,30,110,122,114,39,18,96,79,44,223,51,101,154,35,54,87,41,39,125,18,233,25,12,133,52,20,21,24,38,128,6,11,123,18,66,19,53,74,25,31,44,192,45,56,71,72,64,111,51,81,42,151,84,51,77,64,145,26,116,67,17,128,40,31,68,71,77,41,81,64,43,79,28,154,66,26,39,69,53,18,34,14,13,18,44
"COG0671",182,183,210,158,191,132,71,246,126,237,321,211,244,266,175,175,236,362,230,103,127,312,250,202,370,226,210,305,237,173,226,175,167,316,187,310,164,171,301,182,183,172,175,240,346,183,246,329,187,173,169,240,265,151,163,265,287,158,226,246,261,233,177,200,182,206,287,276,207,134,204,185,182,243,175,231,313,226,176,230,244,362,157,194,184,161,218,252,265,260,168,199,298,154,187,177,208,150,152,210
"COG0672",0,12,9,1,0,15,80,74,3,126,5,0,3,10,9,4,6,5,35,0,2,10,12,31,8,19,1,6,0,9,0,2,1,3,5,64,0,6,5,9,9,9,7,5,15,7,0,94,6,0,2,10,5,19,4,0,81,19,7,0,4,0,29,13,9,4,43,0,26,4,15,0,0,17,2,4,2,22,13,0,1,175,0,8,21,6,9,12,0,13,2,33,2,2,8,1,3,2,1,6
"COG0673",1163,861,811,1288,947,1603,753,1043,1147,700,567,759,570,974,845,929,979,606,1068,835,1036,788,783,910,648,821,1013,658,933,781,883,1080,682,532,1291,702,1109,1059,708,1065,1134,914,771,1100,742,1083,1011,1088,1015,809,1017,1355,585,1078,978,700,771,1133,966,750,1041,805,840,961,994,664,834,683,1197,782,1027,949,850,961,676,1025,694,1137,1114,843,976,444,863,966,1001,1124,722,1083,1103,940,737,1083,652,899,1138,936,1305,1311,758,1014
"COG0674",1034,1050,1051,1024,886,834,792,607,1128,221,1137,899,1151,783,1171,1256,915,1062,812,1176,1195,393,972,902,1233,1019,961,1053,1078,833,1128,1058,1010,921,632,823,911,852,636,920,835,1077,1278,931,1004,674,720,260,881,1227,1068,842,1041,889,1095,1045,344,801,995,926,1075,916,1174,765,1242,1146,568,1092,798,906,859,942,1014,850,859,1014,843,640,1061,913,799,1195,1198,980,1074,931,797,883,1155,797,723,846,779,1177,1045,770,863,1166,944,876
"COG0675",64,692,552,120,267,125,3061,257,91,437,74,141,88,51,436,163,273,245,262,807,149,1851,631,408,135,554,1321,369,204,187,248,312,164,171,102,600,350,221,243,156,253,259,238,140,1078,104,335,969,688,547,164,144,100,204,111,1652,273,968,132,284,112,197,248,180,131,201,471,237,76,988,253,280,186,275,189,229,122,1346,113,162,359,942,155,105,490,287,842,362,429,151,200,203,155,147,98,175,652,376,663,225
"COG0676",3,5,1,0,0,7,71,73,5,173,2,0,6,6,1,1,4,3,34,2,1,3,17,10,10,5,0,1,0,1,9,0,0,1,1,30,1,1,2,7,1,3,9,6,14,2,0,12,0,0,2,12,0,7,2,1,63,10,2,4,5,0,3,31,14,0,35,4,3,5,15,1,0,7,2,3,2,21,3,1,0,110,5,1,8,2,1,11,0,11,0,29,0,1,1,2,4,2,0,10
"COG0677",258,60,192,263,189,378,6,160,458,51,261,149,175,78,214,201,109,194,126,210,76,26,131,301,256,78,53,202,219,108,196,269,147,222,132,154,180,119,88,284,139,165,151,314,114,383,74,32,176,293,54,217,142,194,121,119,234,77,214,230,89,67,120,121,135,101,117,74,290,134,268,169,164,168,58,102,98,11,161,93,166,20,158,175,211,280,81,127,180,81,212,151,93,358,92,306,73,402,189,247
"COG0678",0,0,2,0,0,0,0,0,0,0,0,0,0,0,0,0,0,0,0,0,0,1,0,0,0,6,0,0,0,0,0,0,0,1,0,1,1,0,1,0,0,0,0,0,0,0,0,26,1,0,0,0,0,0,0,0,0,0,1,0,1,0,0,0,0,0,0,2,0,0,0,0,0,0,0,0,0,0,0,0,0,3,0,0,0,3,3,0,0,1,0,0,0,0,2,0,1,0,1,1
"COG0679",166,481,190,169,178,127,723,219,146,632,212,288,228,361,199,189,212,322,248,169,134,657,336,277,230,346,177,319,252,404,227,199,164,271,145,322,240,115,314,281,143,182,312,281,481,234,291,421,373,212,257,224,219,68,214,297,177,281,222,159,302,269,276,173,217,353,273,121,225,235,171,200,192,307,260,283,307,454,100,302,327,814,176,183,219,115,544,308,224,289,239,306,265,179,134,200,149,153,244,277
"COG0680",8,27,25,4,15,19,70,99,17,11,2,5,5,13,8,12,10,9,23,37,2,30,22,29,6,21,41,19,4,12,24,13,3,7,12,53,9,13,14,14,24,5,14,17,9,7,1,20,36,7,3,36,5,7,8,6,114,9,10,8,17,1,17,34,23,6,49,9,6,46,26,8,3,18,10,1,4,5,13,4,17,3,23,10,33,21,3,8,17,15,7,10,0,11,5,9,25,10,23,15
"COG0681",593,374,503,569,549,453,248,288,514,376,329,451,501,573,591,532,409,330,435,470,443,428,372,470,467,487,421,299,516,361,465,462,488,465,535,341,503,605,346,521,554,494,360,471,385,527,603,396,516,484,352,393,282,311,323,308,125,312,353,287,297,342,346,268,337,317,225,341,230,221,316,474,353,362,310,373,261,232,338,284,301,208,325,381,312,263,326,356,307,298,329,328,369,358,379,358,451,341,327,351
"COG0682",219,240,199,189,212,163,328,177,193,267,321,232,245,266,218,203,266,256,208,228,198,231,190,212,251,219,309,294,201,220,266,175,221,205,179,262,190,225,238,215,249,197,292,236,298,176,255,303,246,200,279,220,215,158,223,212,110,249,263,234,259,253,219,206,222,237,224,269,144,234,233,293,216,280,217,221,299,273,209,235,250,260,173,235,207,223,274,216,277,242,217,208,201,252,235,262,210,230,231,232
"COG0683",130,155,132,121,61,101,291,190,85,251,34,107,146,353,269,454,99,85,256,89,103,229,200,203,46,130,85,90,118,209,168,160,78,76,124,153,215,102,106,101,83,159,307,202,109,142,47,240,50,192,137,191,109,72,95,168,334,105,95,103,157,152,180,195,155,340,205,85,194,116,116,167,188,102,116,115,222,128,71,205,119,415,190,121,183,122,155,114,50,132,128,183,86,200,90,93,99,89,95,122
"COG0684",53,17,50,51,46,51,4,64,65,30,4,29,7,44,38,52,20,8,46,36,23,18,33,57,21,28,8,12,19,107,22,40,19,20,50,28,52,15,9,28,40,25,70,45,36,30,8,18,1,22,38,52,33,21,18,34,181,40,21,24,21,32,72,55,32,19,57,16,99,17,20,35,21,33,34,17,16,6,32,64,23,22,3,30,16,41,19,24,17,24,75,18,18,31,50,19,9,46,79,47
"COG0685",212,259,223,242,285,189,218,212,230,193,262,275,232,216,247,250,287,220,214,248,201,249,224,209,253,247,322,269,291,287,288,207,241,232,281,218,222,231,283,222,245,256,228,248,232,256,302,168,296,227,240,152,264,208,255,187,129,209,239,197,282,277,216,257,211,289,225,257,182,222,267,166,275,247,317,259,269,245,222,252,264,247,208,288,226,195,239,248,240,281,237,228,215,255,264,264,327,262,242,262
"COG0686",167,63,117,127,93,147,197,57,175,22,354,133,189,38,142,154,117,203,59,207,178,34,114,104,5,45,237,231,95,62,167,164,91,39,131,165,110,194,149,114,143,161,63,165,68,114,114,102,144,140,108,89,52,168,132,88,12,130,178,157,99,84,102,66,158,88,41,146,130,81,104,95,109,76,30,118,102,25,174,64,120,29,107,134,168,164,59,110,232,39,76,93,65,152,147,103,171,186,142,133
"COG0687",250,285,144,231,234,199,95,230,233,142,212,262,278,318,263,274,300,252,272,130,195,282,217,248,92,339,222,265,274,278,244,279,271,180,180,282,199,187,248,279,234,257,273,222,289,257,295,323,215,295,249,275,212,221,247,193,298,275,230,265,222,261,265,235,258,256,337,233,171,189,256,132,234,260,312,277,277,342,230,319,262,192,235,259,231,173,309,276,233,293,253,216,323,194,273,211,200,244,202,290
"COG0688",187,46,165,110,168,153,99,124,212,59,210,117,198,81,178,143,173,193,185,152,100,132,172,137,261,147,214,212,82,127,161,128,163,152,200,179,121,169,128,73,177,128,128,135,131,92,130,60,126,142,137,87,140,171,157,155,152,103,155,165,111,80,151,98,151,114,131,186,123,170,121,96,120,157,123,131,195,59,171,107,132,78,134,162,157,137,124,117,178,121,108,175,170,160,76,134,242,147,138,126
"COG0689",4,14,41,18,11,29,120,125,11,116,5,8,9,43,13,13,20,3,34,36,8,45,29,30,23,21,31,11,5,10,33,12,4,6,9,68,26,11,9,21,25,14,42,16,11,4,2,31,27,25,8,25,11,5,12,14,101,15,9,13,28,4,22,54,20,19,63,11,25,40,18,9,1,12,13,8,9,24,12,7,11,73,11,11,28,13,6,25,21,17,9,18,5,26,13,9,19,9,24,27
"COG0690",1,1,8,2,3,7,1,6,0,4,0,1,11,16,3,0,3,2,28,2,7,24,3,2,2,10,0,0,0,1,0,7,0,8,6,5,1,2,11,6,7,4,9,2,1,2,1,32,2,15,6,5,1,0,2,0,6,1,3,4,6,2,1,2,5,0,6,2,3,2,2,5,0,4,3,4,17,1,4,0,1,1,2,2,6,0,4,0,2,3,0,4,0,3,0,3,2,3,3,1
"COG0691",102,113,126,112,118,75,128,100,106,187,139,135,83,168,151,113,113,104,108,99,67,158,139,138,128,149,129,102,110,115,124,112,105,162,99,98,97,124,79,111,106,89,133,106,116,92,123,139,78,115,102,131,137,105,106,151,69,94,97,106,122,126,158,89,118,123,104,158,84,94,94,176,99,95,126,116,119,92,92,135,122,156,116,126,122,117,129,143,121,110,168,155,144,142,109,91,120,122,107,124
"COG0692",106,125,149,109,142,133,207,107,191,194,115,134,179,90,204,132,128,134,106,140,66,145,84,92,185,127,186,111,137,81,118,119,136,143,93,188,80,145,142,109,112,126,73,117,140,47,101,143,113,169,102,81,146,122,95,196,84,114,99,118,111,301,117,70,163,146,78,177,110,161,84,114,131,235,147,93,176,75,107,145,161,135,115,158,151,192,125,119,164,133,170,128,139,134,99,93,118,221,101,147
"COG0693",199,123,190,153,201,250,54,195,233,165,172,219,185,144,229,239,181,163,172,198,188,148,136,186,155,182,190,204,159,196,196,171,237,144,267,172,177,254,181,211,234,302,177,202,174,185,200,159,205,170,180,160,158,224,228,141,252,174,222,198,170,140,183,166,185,165,210,234,251,174,194,154,153,191,213,244,200,195,283,173,135,135,218,189,229,208,182,174,182,151,155,209,220,228,158,206,255,189,195,202
"COG0694",1,3,2,3,2,4,3,42,10,8,6,2,24,9,3,1,7,3,16,6,5,4,28,11,8,7,1,2,1,4,2,2,2,8,1,29,13,1,10,10,11,7,28,5,6,5,1,4,1,2,2,12,10,5,5,0,53,5,3,0,7,2,7,12,4,1,32,2,5,12,12,25,0,11,3,6,55,14,3,2,0,3,2,8,5,6,4,6,2,4,2,1,4,4,3,3,3,4,0,3
"COG0695",3,1,1,1,0,17,52,44,9,116,0,1,1,4,1,4,7,5,23,6,1,6,11,6,7,11,1,2,0,0,0,1,2,5,2,37,2,3,7,4,6,2,12,5,18,3,1,64,3,0,0,7,2,8,0,0,31,11,2,1,0,1,5,13,7,5,19,1,5,4,8,0,0,6,1,2,5,5,1,2,0,45,0,3,2,3,2,3,0,1,0,12,3,0,1,0,0,3,1,5
"COG0696",352,295,318,366,308,273,252,240,235,115,594,429,520,424,339,430,505,481,319,355,339,259,355,343,520,361,441,480,381,382,464,419,357,375,174,419,305,243,422,269,262,283,387,354,351,300,270,203,294,395,400,419,409,286,379,411,256,266,355,456,399,434,345,324,453,334,323,459,226,278,302,445,398,298,404,367,467,267,281,441,343,229,427,353,309,293,334,388,464,353,426,380,335,359,356,279,248,429,272,326
"COG0697",851,774,1010,834,850,853,1323,1283,910,792,1132,713,1223,669,956,948,1006,951,1478,1044,826,760,1122,1038,1362,715,1216,1188,819,782,999,854,804,670,781,1175,810,956,856,659,848,797,910,1008,964,672,613,844,789,968,752,799,681,853,820,939,1018,817,860,996,912,720,1082,813,1067,774,864,970,905,1073,719,657,762,960,911,723,990,620,809,685,853,1069,783,957,945,980,737,834,1101,746,777,890,674,776,721,843,1058,916,971,875
"COG0698",90,265,122,125,129,133,155,185,113,71,176,175,124,167,115,123,165,158,126,104,94,202,147,167,167,168,137,175,169,191,181,126,146,215,129,139,138,77,154,168,87,113,222,136,114,100,117,134,152,136,148,107,207,94,99,207,128,122,137,131,179,179,142,153,146,130,128,115,124,165,111,166,152,129,174,131,152,101,104,198,190,114,131,113,116,129,193,127,122,192,179,146,167,124,124,165,103,125,126,154
"COG0699",35,5,37,90,10,101,2,227,39,41,238,29,7,200,9,18,29,1,16,20,23,172,23,30,10,19,8,0,5,20,33,17,39,21,106,63,32,24,147,91,44,37,36,23,0,170,11,4,16,19,43,50,72,68,17,65,197,103,163,53,12,26,22,56,67,22,124,4,38,48,57,44,36,112,59,20,6,22,13,102,201,12,24,53,32,14,86,17,300,68,123,68,20,8,3,30,19,33,20,10
"COG0700",188,139,238,139,176,177,89,92,196,53,334,173,212,117,229,152,197,261,150,194,184,64,121,134,232,178,222,278,140,106,216,190,148,199,134,203,178,155,183,138,174,179,127,177,139,185,169,59,179,186,168,148,191,162,180,173,115,172,197,217,155,127,171,104,185,175,139,268,149,171,168,105,159,211,181,153,242,57,206,121,153,78,188,165,223,182,118,116,253,167,137,145,140,170,169,137,176,209,128,148
"COG0701",62,42,72,59,5,151,108,57,98,60,15,135,37,43,27,33,123,20,87,106,117,89,54,54,42,45,31,169,71,37,66,34,72,22,107,97,38,20,30,123,55,82,62,50,31,24,27,126,64,78,84,57,50,49,59,40,162,97,64,21,45,16,65,82,68,28,125,131,149,93,82,44,64,105,50,57,35,48,37,65,45,126,74,56,56,115,44,44,58,58,23,47,29,148,67,24,67,41,96,34
"COG0702",6,11,22,4,3,70,1,191,41,108,13,14,17,11,5,7,13,8,88,17,9,27,38,60,26,13,5,2,7,23,3,10,13,8,21,119,6,15,15,26,34,7,24,21,174,10,2,165,0,4,5,60,9,35,11,1,211,49,31,0,13,7,8,70,21,14,168,5,36,43,65,11,6,26,6,21,5,157,27,8,5,14,28,19,31,17,20,11,4,44,9,1,16,5,8,5,3,14,3,16
"COG0703",143,260,201,151,226,122,222,188,191,398,225,170,220,271,200,200,213,264,187,134,142,292,205,204,236,222,221,220,205,272,225,196,198,240,182,248,179,184,244,190,171,154,291,202,247,155,214,257,204,184,226,190,236,149,194,248,186,196,185,216,242,232,203,199,157,259,255,235,129,184,208,166,204,257,219,219,233,319,168,187,190,369,215,179,171,128,350,225,206,236,181,202,247,151,203,192,201,177,184,193
"COG0704",126,182,106,162,171,157,217,156,146,210,17,164,93,197,165,165,116,80,95,129,181,191,152,152,45,148,107,73,142,177,129,158,208,109,144,116,153,132,110,187,146,173,139,146,148,166,194,181,205,162,145,189,181,152,149,147,108,152,116,114,122,178,139,184,127,163,184,88,114,129,130,88,151,141,136,184,108,151,137,171,159,223,177,154,149,167,164,154,67,150,173,194,147,136,110,153,159,143,158,175
"COG0705",230,161,231,250,246,332,109,189,247,247,214,212,183,77,201,236,258,152,254,255,212,130,183,134,209,195,247,176,226,144,188,215,230,222,245,163,200,254,219,218,246,262,134,178,145,195,185,217,160,188,156,125,192,304,210,164,114,210,221,235,141,172,286,169,216,191,154,266,241,257,197,207,183,179,283,172,253,92,237,134,206,141,226,192,172,284,136,224,159,113,171,175,150,239,142,179,229,201,166,225
"COG0706",397,378,357,327,413,280,381,342,336,505,468,449,457,385,353,413,458,389,312,374,346,621,404,353,474,472,415,442,398,370,437,383,339,459,300,357,374,325,359,271,300,424,351,379,421,475,348,511,329,353,344,361,394,355,396,374,268,325,431,370,456,328,375,384,356,407,358,354,241,360,406,379,329,363,425,362,498,360,310,408,377,389,371,367,386,357,420,385,493,368,407,410,396,391,399,348,384,364,315,400
"COG0707",292,385,335,297,334,186,440,257,226,388,339,338,319,404,335,300,380,394,263,306,294,359,327,305,353,375,399,416,335,354,420,278,286,471,241,374,275,266,401,268,307,290,393,323,407,298,403,337,348,317,351,481,354,224,338,526,231,359,316,313,395,386,283,350,334,328,299,377,239,329,333,574,291,332,413,324,390,360,268,371,398,390,287,266,373,324,396,343,342,363,381,287,362,298,402,319,318,299,340,345
"COG0708",142,152,184,117,115,86,251,146,169,240,189,116,126,150,134,167,156,266,121,146,153,162,175,181,227,131,213,211,155,166,173,180,165,172,100,151,138,104,182,152,108,138,158,141,186,118,126,224,155,143,149,191,150,145,123,188,114,165,127,147,157,123,144,149,186,145,114,174,109,160,104,113,123,181,142,133,195,135,94,134,165,162,125,134,140,141,195,155,208,164,124,169,199,171,123,171,131,149,171,132
"COG0709",25,157,60,46,39,36,135,49,33,54,8,35,31,63,44,43,35,53,58,42,39,61,54,40,18,92,52,45,45,116,40,44,27,27,13,76,38,15,51,70,27,35,72,35,78,11,56,84,49,61,59,65,44,12,67,49,91,66,25,24,58,43,53,40,38,96,88,26,41,64,56,31,49,33,51,51,14,95,46,48,47,123,26,30,59,23,115,44,19,80,33,30,100,31,35,56,28,30,55,35
"COG0710",32,110,62,33,83,7,63,63,33,60,7,55,22,30,52,31,39,45,47,25,25,128,71,44,15,81,17,49,43,94,38,39,47,36,18,40,30,18,83,49,22,18,40,27,99,8,38,147,51,41,76,24,50,24,57,32,79,48,33,28,69,90,36,63,27,58,72,46,21,27,49,44,49,37,47,59,34,87,10,54,65,167,35,35,44,17,98,31,12,66,41,38,72,24,23,40,25,24,51,56
"COG0711",128,148,100,114,143,68,189,89,107,194,86,119,117,127,169,177,105,86,112,162,129,154,103,119,151,147,138,106,141,153,121,150,139,122,74,113,118,111,99,111,103,118,108,109,129,94,95,136,114,143,147,79,151,90,119,95,105,119,112,98,137,158,127,122,120,147,136,123,71,107,123,86,107,110,110,126,147,71,101,120,94,145,133,185,135,100,114,107,132,111,112,128,56,146,111,110,124,164,130,108
"COG0712",92,159,82,112,114,112,254,103,89,210,25,129,61,105,114,125,76,48,79,127,80,155,87,62,24,115,55,68,94,155,63,83,100,59,86,81,108,78,86,128,65,104,82,66,152,82,78,170,128,62,98,48,114,106,92,63,101,83,73,53,92,110,88,92,101,112,105,53,54,88,95,69,91,72,102,83,81,75,69,84,105,169,110,88,94,86,114,100,40,122,146,135,86,81,70,89,72,86,98,103
"COG0713",21,5,22,51,31,60,0,34,41,6,13,24,15,12,57,30,29,0,43,50,42,5,16,14,14,4,4,3,33,19,31,40,40,9,27,19,23,33,1,57,28,33,12,15,6,38,14,4,25,24,15,9,11,36,25,24,29,15,11,26,9,21,30,22,32,33,21,12,30,29,22,16,31,23,33,25,10,4,33,15,9,0,27,31,26,27,5,20,5,10,16,27,5,23,20,23,33,47,9,28
"COG0714",365,403,337,523,362,519,342,408,418,530,544,433,400,482,341,557,436,397,376,461,569,344,347,360,375,401,387,559,506,578,487,618,443,375,384,412,490,370,493,647,382,474,354,391,367,439,430,430,426,475,376,284,320,298,282,247,307,304,289,281,281,325,340,335,283,346,340,220,266,277,276,353,317,326,268,268,299,416,281,345,293,241,405,272,232,232,382,291,250,385,313,304,320,276,250,261,180,234,264,321
"COG0715",121,366,228,181,170,218,343,390,141,312,202,211,232,284,181,147,261,247,262,155,171,276,256,187,245,249,209,246,170,214,202,176,127,190,197,226,203,166,235,235,176,179,209,258,246,214,156,174,286,175,188,364,196,118,189,203,204,201,212,240,242,242,175,294,184,187,219,218,244,171,153,232,144,165,229,212,204,295,180,222,232,411,170,121,256,143,247,192,168,222,256,168,181,153,197,177,128,105,170,215
"COG0716",233,326,314,342,303,363,314,315,524,143,234,405,184,401,309,377,301,280,551,484,507,400,351,484,254,239,265,248,291,313,258,422,381,237,301,271,273,316,334,346,298,443,405,319,286,322,301,350,405,287,276,301,292,410,286,358,251,371,343,253,389,338,429,420,320,368,392,250,279,477,280,274,274,364,302,330,269,652,255,372,294,319,346,312,362,415,290,355,231,286,368,420,344,381,383,432,441,244,470,317
"COG0717",4,7,16,10,2,49,194,56,30,307,11,3,4,14,7,13,16,13,11,3,4,2,24,14,10,14,2,11,2,6,4,30,6,9,14,33,8,4,3,47,6,6,22,9,40,3,0,15,2,3,3,28,5,3,6,17,42,15,9,1,14,9,38,15,19,11,31,0,9,10,21,11,2,8,3,7,73,10,3,6,7,132,1,9,0,12,8,11,10,7,1,27,35,4,6,9,5,7,3,7
"COG0718",30,82,33,47,34,22,87,27,21,51,13,78,31,114,39,41,46,39,27,29,37,67,54,77,17,65,33,42,54,74,49,58,43,94,29,32,29,16,65,44,29,45,96,46,85,31,51,100,67,56,56,103,74,16,44,95,42,49,29,39,89,122,42,54,31,54,56,23,28,45,38,86,49,49,74,53,66,96,22,83,67,82,55,19,43,32,91,51,21,75,90,54,49,37,60,42,37,24,49,47
"COG0719",544,476,457,483,428,467,647,507,469,532,631,501,566,433,547,450,485,509,428,568,493,511,456,430,678,464,578,557,465,240,573,461,547,407,498,571,409,542,427,474,496,479,482,386,558,498,525,461,500,451,543,460,539,432,488,555,198,364,521,633,462,390,554,459,589,436,364,531,340,522,497,630,491,453,548,442,406,123,548,546,484,599,501,488,581,485,342,448,545,453,434,489,383,550,449,420,599,532,507,450
"COG0720",89,59,49,79,73,93,33,77,82,30,51,93,58,71,73,65,100,9,74,98,70,171,94,82,34,75,120,29,81,47,67,82,86,55,120,43,104,120,44,82,89,99,47,93,71,56,62,48,125,80,77,34,77,60,71,55,32,79,76,49,87,73,61,56,69,64,69,105,47,79,64,77,67,92,94,78,98,19,76,56,86,50,115,83,82,1495,64,70,108,86,64,100,57,94,60,101,123,114,66,98
"COG0721",12,48,12,24,26,9,45,22,4,73,4,31,9,36,9,16,25,16,11,10,11,68,25,27,9,36,13,14,29,15,25,14,21,37,13,18,19,11,32,20,9,22,30,16,36,23,23,42,24,24,35,56,60,22,15,35,18,35,19,26,31,64,43,31,28,47,30,30,28,14,20,106,40,21,35,36,18,82,8,48,53,117,35,11,38,16,59,43,18,62,68,48,82,21,22,25,19,17,36,26
"COG0722",98,191,57,63,115,89,301,358,83,582,37,92,88,124,77,56,99,86,122,38,48,132,108,106,55,155,22,64,115,55,47,49,79,88,76,240,78,51,112,82,63,72,126,69,143,81,90,295,94,67,65,93,93,67,65,56,299,143,47,60,114,118,99,155,86,124,283,58,61,71,105,71,84,129,113,82,124,244,43,91,75,420,93,42,73,40,204,108,25,163,142,118,159,38,113,61,46,45,65,74
"COG0723",5,4,11,9,11,1,6,19,0,3,4,7,7,59,3,10,8,3,6,1,4,6,6,3,2,15,6,5,9,17,3,9,5,16,3,1,8,1,23,9,6,11,18,16,2,1,6,12,12,19,8,49,7,10,7,47,15,9,7,5,10,18,4,10,6,4,5,17,12,2,9,24,3,5,23,12,2,34,5,18,10,1,4,1,6,13,2,9,1,19,22,6,12,3,1,3,6,1,3,14
"COG0724",117,37,62,126,145,121,5,47,147,19,4,34,31,29,176,97,31,5,59,80,112,15,78,95,7,38,60,7,80,52,66,98,110,37,186,3,112,221,6,131,174,121,41,100,10,112,124,1,99,57,67,28,35,102,76,36,0,60,65,39,32,40,40,40,31,53,28,57,55,52,52,59,73,44,29,63,9,14,90,21,30,23,81,98,59,92,9,48,36,24,39,75,44,60,74,75,163,129,77,71
"COG0725",31,95,79,35,44,45,138,59,39,54,8,33,48,37,36,37,25,46,90,44,24,86,51,53,17,77,68,44,24,111,27,40,32,29,20,70,27,36,49,35,33,47,64,36,101,15,45,107,48,50,47,77,29,13,52,58,113,56,31,26,26,35,34,44,30,69,72,29,52,61,45,40,37,38,51,50,36,91,34,35,50,99,23,44,42,36,112,47,35,45,47,32,60,21,23,33,43,32,57,35
"COG0726",438,664,400,576,507,608,438,580,503,229,262,601,394,693,664,503,473,353,470,523,517,396,423,603,315,548,422,316,535,453,519,504,511,559,419,377,551,506,553,522,607,604,709,530,396,548,587,589,617,445,558,588,593,676,470,837,518,551,386,446,522,689,395,595,379,548,546,450,570,417,521,1126,463,463,565,492,360,651,496,630,544,529,608,443,527,436,573,531,308,563,659,559,614,457,663,615,617,468,597,540
"COG0727",6,12,5,5,11,9,10,17,26,6,2,21,9,51,14,17,3,1,15,16,5,58,8,7,6,8,5,16,13,53,8,11,11,19,2,18,14,2,5,18,7,0,11,12,8,40,16,71,12,4,9,44,13,5,10,6,21,20,7,7,17,11,20,12,4,11,17,8,7,6,22,4,12,15,9,8,7,68,16,15,6,14,10,7,6,10,20,9,1,22,13,29,14,6,15,13,34,3,6,2
"COG0728",8,17,29,23,33,51,182,204,37,374,4,17,67,85,17,24,27,19,56,24,21,49,64,24,37,30,19,24,11,19,20,17,16,10,13,89,42,30,45,26,30,17,74,31,68,28,2,36,41,44,16,13,10,12,22,11,67,29,10,18,23,19,44,59,20,17,48,9,25,16,26,8,3,19,16,11,66,48,11,24,6,244,23,23,31,9,12,72,3,24,16,51,8,14,4,7,3,12,28,21
"COG0729",8,1,60,0,42,101,2,98,14,15,11,0,31,2,11,27,12,3,84,38,32,158,19,17,15,51,1,2,0,1,3,13,3,1,29,51,0,6,13,16,46,16,16,10,7,8,0,38,15,80,37,10,7,16,5,2,129,19,14,22,10,2,10,24,19,12,76,47,52,17,23,1,0,25,4,1,47,17,30,0,3,0,7,13,37,16,4,6,20,31,0,3,6,34,6,1,9,7,14,16
"COG0730",46,82,99,40,56,38,335,49,50,46,20,34,105,72,55,47,111,48,107,86,50,214,76,98,50,62,93,97,55,113,43,62,29,37,37,86,73,36,57,60,62,39,148,61,191,25,36,124,77,75,46,80,33,44,44,104,67,40,50,39,57,46,38,49,43,97,84,37,111,115,31,72,58,37,46,53,201,85,58,55,69,139,43,50,86,48,86,49,42,47,35,51,39,39,39,58,68,42,80,42
"COG0731",142,39,116,105,163,141,6,44,152,13,181,81,146,34,157,129,110,148,102,149,129,58,107,116,237,90,134,137,134,68,141,125,108,95,90,103,120,174,106,84,114,110,71,106,80,113,100,13,81,151,55,30,73,94,87,65,0,77,103,102,51,69,95,51,64,78,46,118,61,91,64,61,82,86,78,75,87,8,92,35,54,15,63,96,73,85,25,49,145,50,46,79,52,76,79,67,130,106,81,91
"COG0732",149,257,284,280,284,144,172,266,206,93,404,260,121,275,187,162,333,419,278,152,180,184,376,386,626,239,308,539,441,287,181,256,177,563,296,337,165,335,469,120,279,196,249,378,318,148,236,189,335,351,444,403,620,394,332,590,174,198,261,367,445,545,450,399,277,402,294,856,343,585,220,320,566,374,475,438,798,200,187,429,442,218,427,570,411,502,384,278,341,326,506,449,554,370,350,497,256,428,358,503
"COG0733",483,616,467,432,507,260,404,213,349,272,745,663,757,512,409,503,723,787,348,315,333,802,436,464,636,631,625,854,571,535,706,546,478,584,390,524,407,356,850,600,363,523,378,482,539,432,700,475,546,435,604,638,514,279,432,377,261,542,547,549,750,784,467,517,478,595,477,584,283,408,462,379,490,491,622,549,906,935,312,607,681,369,481,395,444,369,900,684,601,586,590,514,555,411,487,521,386,293,462,526
"COG0735",244,238,237,243,274,227,164,168,207,153,299,257,186,167,239,180,295,184,260,216,209,328,284,305,233,221,334,233,251,243,239,261,218,286,272,197,230,262,252,260,304,206,218,211,223,241,224,258,270,195,216,203,342,253,210,250,136,252,229,175,219,254,298,185,196,182,206,321,198,280,196,277,217,251,236,246,280,205,213,171,244,224,252,276,223,231,262,241,274,222,210,253,231,246,238,265,279,267,222,236
"COG0736",16,27,18,27,23,24,113,62,9,110,12,19,9,18,14,29,18,20,12,22,13,53,30,26,7,33,24,29,36,33,33,17,16,29,10,38,24,11,21,30,8,13,67,25,55,1,5,69,32,11,34,37,25,10,22,55,42,26,12,13,53,33,32,31,14,30,43,16,19,23,29,49,21,18,27,22,24,13,11,36,32,119,21,25,19,22,23,30,12,21,17,41,21,20,26,27,17,15,24,18
"COG0737",654,279,504,501,514,540,257,370,530,305,659,382,628,360,644,557,532,593,628,579,479,120,468,498,625,504,716,670,571,462,554,569,458,433,526,570,422,654,513,499,548,519,372,476,486,404,394,298,450,465,511,307,426,509,575,380,365,433,652,495,437,308,493,404,618,560,433,779,440,561,579,278,593,663,397,458,489,268,564,252,368,137,552,694,549,542,351,471,710,500,296,455,317,562,484,425,588,641,413,490
"COG0738",1065,332,915,828,735,992,456,330,879,132,1241,462,775,257,757,783,911,894,739,895,955,89,579,548,1151,668,1278,1028,685,520,737,759,803,660,993,738,794,1163,685,716,1037,790,429,697,532,1040,732,41,667,764,654,302,676,1036,769,627,64,607,936,840,460,488,877,439,832,585,345,1097,886,871,659,505,755,898,648,666,823,99,959,380,675,268,852,997,762,748,325,571,1241,495,383,688,545,841,704,769,942,862,830,611
"COG0739",1076,705,1016,1095,882,849,444,547,1114,332,945,1002,859,994,1200,1264,852,593,1241,1092,1111,532,1149,1121,1163,996,1002,426,958,1094,876,1348,1219,1389,1548,766,1198,1438,723,824,835,1071,989,1089,486,920,885,282,1069,1247,1066,1210,1239,1135,1212,1394,297,904,1101,575,1052,1347,1230,892,1189,952,618,991,856,890,991,1684,1229,1317,1165,1097,1125,509,1061,1367,992,418,1077,1009,1008,1083,741,1099,887,948,1212,1164,656,1087,1427,1091,1093,1288,1057,1074
"COG0740",279,311,226,273,313,193,297,236,157,404,507,362,356,557,252,384,275,218,185,388,266,214,321,312,332,273,268,233,328,327,364,295,267,365,162,221,257,248,265,198,206,410,250,290,365,238,268,260,301,254,326,427,412,157,292,283,160,291,313,264,404,350,346,241,333,346,250,377,195,244,430,388,389,213,326,312,410,318,285,346,331,298,353,279,269,269,299,337,232,278,395,346,375,262,232,388,231,181,233,194
"COG0741",290,345,340,293,281,334,175,555,358,199,280,251,357,233,284,370,248,275,351,406,320,399,301,317,414,365,228,248,266,272,241,305,338,339,247,310,329,298,330,323,275,312,258,263,281,190,346,322,262,318,300,323,331,317,271,329,754,317,256,217,285,316,340,377,331,377,476,219,235,423,402,334,264,427,283,271,388,620,263,309,320,283,309,354,321,316,271,331,319,382,217,301,415,317,302,229,251,310,287,353
"COG0742",142,118,151,168,147,128,149,106,129,165,161,135,174,186,168,144,150,124,144,126,133,161,152,154,187,164,182,220,155,168,151,121,161,170,113,140,144,143,157,90,125,156,157,131,188,132,151,141,145,133,147,156,175,136,142,160,49,129,152,166,135,157,142,141,145,155,114,176,123,150,143,174,155,117,181,143,186,107,117,132,143,159,154,190,146,126,163,184,176,138,150,151,168,146,147,158,202,165,131,157
"COG0743",294,234,294,261,238,200,215,204,280,242,325,265,260,278,276,301,301,240,171,278,305,203,255,275,292,268,268,271,284,257,273,297,276,281,199,250,222,233,280,250,271,229,296,234,245,252,225,121,261,281,276,190,293,228,288,244,153,238,275,242,298,284,231,245,305,299,221,261,224,212,273,169,313,246,232,239,300,182,253,298,232,260,238,308,258,243,270,286,283,271,229,281,211,277,301,237,225,318,221,250
"COG0744",214,394,271,368,157,356,475,548,241,615,226,372,280,575,299,386,328,294,221,228,209,640,348,285,237,433,251,306,381,423,384,240,308,500,298,392,373,225,385,382,303,289,367,294,562,155,265,951,347,300,365,594,465,234,312,468,432,264,248,251,452,582,376,403,366,263,433,217,284,226,318,1000,343,343,491,320,359,309,193,471,354,519,288,268,290,307,367,329,243,459,442,297,235,274,281,265,182,156,272,477
"COG0745",3599,3342,2897,4414,4333,4199,1754,2024,4015,2122,4344,3742,3034,3060,3459,3645,3752,4130,3071,3385,3994,2706,2893,3558,1948,3062,4220,2823,4468,3136,3007,3517,4541,2726,4043,2212,4339,4558,4649,3321,4502,3815,3636,3440,2562,4486,4133,2795,3686,3139,3701,3211,2872,4517,3465,3218,2126,3796,3239,3803,2908,3377,3423,3521,3818,3791,2779,3574,4502,4490,3354,3087,3778,3290,3781,3829,3438,3312,3859,3303,3501,2338,3604,3648,2864,3574,3089,3463,2875,3211,3658,3892,4133,3563,3643,4265,4449,3689,4047,3272
"COG0746",6,66,33,3,25,12,31,47,22,34,8,21,17,15,23,17,21,5,25,10,8,72,44,28,8,31,7,9,8,12,8,9,7,18,8,45,9,18,17,8,12,16,21,8,49,3,15,61,12,20,15,11,24,16,7,11,73,22,12,9,15,7,19,22,7,14,49,27,24,11,25,8,5,22,15,15,2,25,19,35,21,81,9,6,35,5,32,6,4,31,31,14,23,9,13,16,7,15,8,16
"COG0747",247,574,379,296,272,431,1172,763,201,1491,103,368,175,727,370,240,234,182,712,255,354,707,305,468,181,323,156,198,303,309,182,349,227,289,337,623,362,130,296,463,443,334,565,407,399,252,208,788,207,656,332,761,272,149,209,419,1069,515,299,353,434,269,510,549,331,266,597,274,1048,309,308,275,212,329,289,269,145,845,510,495,283,1106,321,214,505,293,671,408,146,324,332,397,219,336,261,255,195,218,267,322
"COG0749",458,350,577,496,520,436,472,445,413,689,829,633,544,748,439,456,731,649,423,695,388,483,494,435,604,498,486,747,600,466,623,506,671,634,313,719,479,377,687,405,368,378,810,764,761,328,434,467,388,646,513,664,568,466,496,1052,363,404,537,612,693,1112,522,483,551,654,468,623,369,695,359,1281,537,361,691,474,2113,633,374,531,525,623,874,411,492,455,589,517,528,464,1284,481,435,509,487,452,264,473,417,497
"COG0750",238,360,306,322,353,186,291,257,208,172,400,373,278,497,290,302,436,335,246,244,189,389,324,299,387,330,374,379,353,413,341,350,303,480,221,333,304,234,427,269,224,247,423,332,327,264,269,401,320,304,331,480,421,203,317,445,250,251,338,343,416,447,309,320,357,356,326,392,147,261,311,514,340,290,370,326,430,426,163,467,404,229,302,276,307,291,421,352,263,364,479,283,339,311,315,299,219,299,253,340
"COG0751",30,41,89,18,24,58,158,99,30,60,4,5,81,36,35,27,21,27,86,67,41,221,81,81,34,41,62,34,8,38,21,29,17,11,28,96,33,18,28,26,26,46,136,62,161,21,3,244,39,72,30,29,22,17,28,49,153,37,13,34,65,14,29,36,51,28,74,34,75,82,31,35,11,42,31,13,150,23,30,9,30,134,15,30,66,35,27,20,43,39,25,24,10,26,14,14,48,32,48,43
"COG0752",10,23,43,16,10,28,107,45,19,30,2,9,40,30,19,15,14,16,47,31,19,101,43,32,17,18,37,23,7,17,13,17,4,11,20,52,22,8,12,18,14,22,68,24,103,9,0,107,18,30,6,14,8,10,11,30,58,13,13,17,27,6,21,25,31,13,47,15,42,36,14,15,4,24,8,7,79,17,12,3,29,73,6,13,44,9,10,7,21,9,5,8,6,13,11,10,18,11,24,20
"COG0753",74,5,61,132,16,167,4,181,107,28,8,77,42,34,10,56,38,8,145,71,39,16,49,56,56,72,6,5,74,20,63,63,94,25,97,41,79,83,14,126,95,51,61,90,23,46,19,33,58,68,33,93,32,74,69,57,105,33,40,33,53,23,118,133,113,10,70,23,79,118,57,50,44,127,89,36,20,15,128,58,33,0,110,55,67,117,9,41,67,71,40,54,30,90,10,55,27,54,33,44
"COG0754",8,24,25,2,14,41,2,196,35,53,13,3,38,4,12,11,17,15,100,30,20,46,39,46,28,65,9,8,12,11,8,7,23,18,39,133,1,23,14,26,50,18,63,20,12,17,13,35,20,11,7,53,24,36,21,24,309,33,19,6,10,0,32,90,24,8,191,19,32,57,53,2,8,130,18,10,12,28,24,27,8,2,5,70,35,8,8,9,49,74,3,25,25,14,12,6,36,9,17,29
"COG0755",201,34,180,167,222,188,3,107,185,19,209,134,151,55,107,146,91,132,219,234,265,35,128,95,284,135,27,134,164,84,205,143,158,134,133,108,134,174,68,191,141,161,122,134,66,177,116,13,134,186,243,149,200,315,221,72,63,223,332,303,140,129,240,211,280,250,134,169,365,285,138,164,212,364,306,125,221,8,155,143,202,6,291,253,183,353,86,245,308,199,101,154,178,343,312,218,230,332,275,201
"COG0756",135,191,162,136,660,106,130,326,112,175,164,241,130,222,454,109,165,137,136,193,139,129,152,185,164,143,125,135,173,119,297,190,129,158,81,148,155,114,162,148,101,140,204,233,143,229,307,169,208,261,127,179,174,311,152,277,77,122,105,180,309,300,127,128,143,167,118,127,102,186,136,265,115,149,192,133,634,126,111,174,216,165,218,124,99,206,167,103,123,118,278,163,244,121,126,136,122,186,106,119
"COG0757",87,51,95,102,98,118,97,36,84,108,207,94,130,129,83,83,129,147,111,83,78,20,111,101,122,79,171,160,102,79,141,90,98,136,97,138,72,103,136,60,79,98,93,116,86,109,70,26,97,88,84,77,106,78,83,85,2,72,111,111,86,65,113,56,106,95,51,182,59,129,69,61,79,110,126,74,170,45,68,98,98,70,96,109,92,108,58,99,148,76,96,91,87,90,100,103,92,118,74,83
"COG0758",257,228,256,260,242,245,278,196,215,205,192,232,337,268,252,310,290,313,231,295,278,302,246,244,277,281,258,249,276,262,302,238,239,478,260,264,236,256,418,229,278,253,254,279,236,172,231,234,265,260,294,315,344,200,302,276,148,259,198,185,317,267,241,220,297,195,201,215,204,275,282,301,263,311,321,275,231,191,311,267,271,284,262,271,351,209,227,209,238,259,177,240,359,260,327,253,297,200,274,252
"COG0759",66,70,71,62,77,17,119,32,43,64,44,56,39,72,89,73,65,30,36,60,35,93,67,51,31,82,96,36,63,70,60,54,52,78,43,38,54,78,52,40,44,58,65,47,35,34,62,59,74,69,67,57,80,59,64,78,7,61,51,45,64,70,55,51,43,67,48,73,31,27,67,85,54,47,48,78,68,54,52,54,65,41,52,56,88,68,58,86,32,56,83,68,65,60,98,76,80,55,78,56
"COG0760",330,132,359,300,343,377,26,393,455,131,687,310,485,285,374,366,474,341,396,525,368,299,345,378,466,335,555,390,305,200,338,392,390,356,247,445,367,377,428,181,305,383,412,379,374,252,136,184,256,374,349,319,339,417,323,317,312,295,427,388,318,221,380,330,429,342,352,537,213,462,230,337,311,337,333,247,638,78,288,313,284,63,479,358,399,528,183,295,524,297,272,319,201,481,336,311,370,460,293,410
"COG0761",280,220,214,273,211,174,268,191,190,239,300,282,272,410,232,230,240,292,214,201,195,204,302,270,279,249,244,331,256,257,270,241,250,289,214,216,211,207,226,198,229,200,262,288,269,168,234,95,253,262,290,240,246,193,281,264,128,169,268,274,354,347,278,244,271,229,191,234,220,206,236,241,267,225,268,260,303,201,215,271,292,296,251,245,186,190,223,276,277,254,281,281,282,243,267,254,221,210,277,197
"COG0762",2,0,10,2,3,9,0,54,4,34,4,1,12,3,1,4,5,2,32,9,3,56,15,6,16,6,2,1,1,4,3,3,1,3,9,33,5,8,1,7,9,1,12,2,13,4,1,33,3,7,6,8,3,6,4,6,59,9,5,1,9,0,21,14,5,5,46,9,7,10,13,5,0,13,9,0,42,16,8,4,2,40,2,6,9,4,7,4,4,12,2,10,1,1,3,4,3,4,5,9
"COG0763",190,67,199,138,160,139,179,116,148,22,250,96,264,55,197,147,141,307,198,180,152,67,181,150,279,140,287,276,144,83,249,163,150,132,167,238,131,214,176,102,156,125,84,183,167,123,127,37,127,159,119,57,126,155,150,134,67,106,184,202,152,100,199,93,180,138,93,183,178,237,126,113,145,130,160,130,223,21,148,90,151,84,157,166,190,169,69,115,331,96,78,129,119,203,131,132,186,193,123,161
"COG0764",256,164,273,259,180,220,130,180,188,90,349,206,230,167,205,243,196,194,192,252,290,226,194,205,380,206,196,220,224,153,256,243,214,240,166,209,244,198,181,236,201,242,182,209,241,186,206,163,192,246,197,120,225,236,187,206,105,206,228,222,256,245,226,195,223,211,180,240,134,236,173,185,239,222,213,165,295,123,220,179,189,113,242,211,220,216,156,204,262,209,164,191,185,219,245,191,182,245,237,223
"COG0765",202,484,317,270,307,124,842,558,150,1350,344,500,367,616,294,257,494,516,403,206,187,952,405,460,149,496,359,545,387,454,407,275,298,415,249,580,283,137,556,363,214,284,570,312,890,395,306,1249,451,252,443,443,485,151,324,395,507,318,392,390,615,547,409,554,311,420,472,301,183,197,309,313,332,323,454,373,498,612,139,499,443,1078,335,208,286,199,688,421,328,484,552,478,498,230,314,354,205,162,360,365
"COG0766",304,358,356,302,297,229,491,278,243,363,439,418,370,565,307,355,408,428,276,294,324,482,322,330,350,395,459,447,406,444,457,341,338,456,239,378,293,233,396,320,230,322,430,382,456,327,339,520,385,362,450,486,384,255,344,490,267,310,375,324,452,429,334,397,411,380,372,328,215,285,334,549,416,338,419,300,414,476,274,552,411,405,367,285,344,288,476,417,327,436,433,368,303,360,417,299,253,326,352,386
"COG0767",108,60,140,118,99,121,109,130,132,24,234,91,158,59,126,116,172,141,127,178,141,71,164,121,238,90,222,112,81,46,124,104,122,123,122,158,140,141,106,95,144,115,84,133,104,96,81,20,106,118,110,61,119,115,119,127,82,91,125,146,145,56,134,94,151,103,80,171,113,150,125,83,99,138,93,96,222,21,134,71,109,57,121,147,167,148,41,84,187,97,69,93,89,148,100,95,161,152,141,94
"COG0768",1015,1491,1072,1097,1237,781,1314,707,795,1082,1185,1232,1409,1457,971,1029,1170,1438,954,993,877,1306,956,959,1242,1205,1093,1322,1284,1375,1350,1079,1059,1523,802,1229,968,944,1334,1027,898,926,1277,994,1325,974,1165,1304,1112,1051,1319,1456,1332,836,1162,1577,673,1004,1018,1037,1386,1513,1081,1072,1057,1276,989,986,747,999,1090,1661,1158,975,1388,1220,1314,1236,929,1344,1241,1281,1124,976,1050,828,1381,1279,1049,1262,1427,979,1318,995,1172,1081,867,1033,1050,1104
"COG0769",349,414,396,420,337,258,410,319,279,663,456,431,425,577,343,374,469,474,360,338,353,438,378,372,533,423,384,491,476,425,507,411,369,525,216,466,348,299,482,307,261,373,481,338,551,308,408,651,387,419,428,691,464,285,399,568,219,344,368,389,510,584,444,432,486,452,380,398,228,317,382,559,376,332,479,397,502,563,292,522,463,545,411,365,361,325,411,478,408,425,460,430,347,371,430,325,307,386,324,433
"COG0770",608,379,516,526,614,500,351,341,577,436,869,509,684,380,656,645,637,738,529,554,580,377,468,453,836,507,659,794,532,441,681,572,615,617,387,523,574,626,584,502,487,632,458,554,616,496,449,355,493,537,517,465,553,509,549,599,158,525,598,642,535,497,575,397,636,595,326,719,363,536,470,619,561,527,482,518,627,361,570,520,507,361,594,647,572,564,453,535,781,488,433,617,397,622,524,523,570,651,490,574
"COG0771",272,382,298,254,307,249,372,237,248,326,338,340,283,326,311,312,383,284,261,277,245,344,301,295,494,282,352,333,296,327,319,324,274,379,205,346,250,277,344,304,235,234,331,302,345,195,274,316,318,282,323,375,396,255,287,369,221,286,283,302,369,376,296,273,327,342,260,346,239,295,300,433,331,289,332,287,361,314,284,349,334,345,301,309,301,264,316,307,326,329,305,305,334,328,295,252,225,350,261,328
"COG0772",522,776,628,589,566,426,681,448,507,558,852,753,654,855,465,599,746,796,580,568,554,673,659,635,800,651,676,841,640,713,799,666,592,820,378,766,605,446,815,580,436,532,806,650,764,562,738,738,611,616,620,850,742,447,666,818,389,603,598,695,843,842,654,608,632,727,599,695,396,618,553,881,619,554,767,627,782,845,484,821,806,838,665,512,595,601,810,784,593,619,751,617,705,600,679,542,462,493,554,610
"COG0773",316,338,383,275,295,292,336,397,278,355,434,354,424,356,280,332,364,465,318,336,339,380,292,299,508,355,375,501,306,380,466,293,315,414,260,443,286,285,412,251,301,301,368,332,500,260,310,413,321,323,352,422,380,256,331,382,308,364,327,405,431,350,317,382,332,351,364,384,222,314,323,371,306,379,357,330,532,331,308,348,315,323,336,280,426,339,389,314,453,374,338,278,341,351,344,307,252,319,306,394
"COG0774",184,50,277,214,160,171,113,148,224,30,368,126,213,77,194,183,158,169,163,250,304,60,182,171,366,137,173,225,140,92,215,206,204,214,127,189,186,204,138,121,157,240,130,176,136,149,101,19,140,180,160,75,188,201,169,153,82,133,191,196,161,114,207,131,239,189,89,198,175,200,92,94,163,182,152,133,250,17,201,103,132,71,195,213,195,203,68,138,254,117,83,146,98,224,167,116,165,250,191,151
"COG0775",326,216,241,285,259,249,149,245,277,257,222,215,231,134,403,317,249,204,238,227,317,178,186,224,208,274,220,188,307,282,291,305,309,288,291,212,261,296,182,287,291,304,168,168,196,291,267,204,258,298,224,182,255,289,306,254,303,274,264,231,206,250,347,240,210,266,263,250,222,229,307,211,303,320,250,310,201,223,283,223,233,222,276,298,229,193,230,272,270,252,192,273,237,261,296,243,331,294,253,276
"COG0776",272,134,279,261,369,263,177,222,345,133,219,204,292,169,312,224,256,221,294,261,191,173,321,317,224,205,324,228,201,202,243,282,264,400,298,286,238,348,260,210,245,274,176,293,188,386,188,108,237,252,182,270,262,352,245,286,194,203,300,221,228,266,262,221,195,213,202,340,324,281,162,310,241,224,199,272,307,94,224,164,239,132,210,301,306,308,190,292,292,164,241,338,262,251,255,338,340,376,288,243
"COG0777",40,230,72,65,101,61,75,69,40,126,21,152,92,118,96,62,91,79,101,29,74,280,84,79,46,157,33,65,115,164,54,101,99,157,59,61,113,46,132,113,65,91,97,74,199,95,152,256,149,110,104,84,144,53,89,124,175,117,66,67,76,161,52,116,66,147,185,56,83,57,90,155,101,80,158,121,96,229,59,179,150,118,51,50,100,52,206,110,34,181,151,90,150,55,67,96,41,51,84,127
"COG0778",666,430,629,637,597,710,405,567,752,383,676,522,635,564,720,603,562,708,576,674,553,542,597,590,701,554,678,755,510,455,639,639,588,571,712,582,625,694,544,674,684,587,598,651,645,566,514,435,532,573,596,454,564,660,558,624,327,571,741,691,637,462,710,439,683,597,446,780,605,654,429,486,596,722,602,471,750,459,694,425,553,563,586,627,641,744,539,614,697,560,522,675,509,704,602,568,727,731,546,667
"COG0779",23,78,42,48,40,30,87,59,27,44,32,61,40,140,41,46,72,52,45,34,31,140,76,70,15,96,38,54,83,74,45,33,42,70,47,41,46,27,69,77,36,51,69,61,90,59,91,156,57,31,60,133,83,28,49,96,89,44,39,36,84,96,39,63,31,60,99,33,38,52,49,72,55,48,65,69,78,95,24,77,94,98,52,35,59,40,109,83,29,88,123,81,73,31,65,66,29,29,68,72
"COG0780",86,67,104,90,96,87,104,99,104,29,147,89,132,80,142,94,103,121,105,131,100,139,126,102,138,113,137,136,80,68,114,113,82,102,121,107,101,116,82,71,114,126,64,102,117,84,74,46,122,82,87,44,94,118,74,89,78,98,76,127,85,105,94,74,59,82,101,107,80,149,94,74,97,109,89,71,155,29,87,59,117,65,95,136,110,110,72,72,172,93,72,106,104,88,80,92,180,120,110,100
"COG0781",134,100,175,167,167,143,104,163,165,177,170,186,161,130,141,147,166,156,91,115,89,103,191,161,86,150,107,160,132,152,124,141,162,177,181,123,140,138,132,139,88,124,159,176,180,138,110,148,115,95,153,168,154,157,111,224,99,100,171,123,162,137,187,129,193,140,122,157,143,211,76,171,134,179,121,133,164,72,68,160,165,128,160,188,135,207,115,161,209,145,190,219,157,192,108,154,128,158,110,156
"COG0782",160,207,180,166,207,86,143,238,164,232,227,227,239,183,180,139,231,283,183,133,148,278,277,285,291,231,182,245,215,185,260,181,185,237,183,244,180,149,233,217,180,171,181,238,266,186,196,254,211,158,215,231,250,146,156,231,227,168,199,216,206,222,230,239,189,167,246,205,122,253,167,228,161,212,203,216,315,238,112,212,255,200,178,192,201,164,290,211,243,245,223,206,282,165,178,209,192,167,234,195
"COG0783",69,10,38,61,58,99,8,88,123,69,8,37,11,43,67,84,23,31,39,88,107,91,50,79,16,17,11,17,40,36,37,80,80,29,81,31,66,66,10,66,47,93,42,64,35,141,28,105,58,67,44,31,31,137,70,30,62,55,44,33,85,31,46,55,81,68,45,21,84,64,40,97,35,63,21,45,30,37,45,15,31,80,57,50,73,107,3,53,32,31,37,63,38,54,56,136,82,70,89,72
"COG0784",1253,2189,1330,1259,1555,1865,946,982,1288,621,425,1449,697,932,1328,957,1010,861,935,831,1084,1453,1048,1265,970,1399,844,819,1186,2171,759,1104,1199,1248,1794,927,1747,1420,1272,1486,1345,1110,695,1413,708,1042,1245,1393,1458,1005,1354,1201,1474,1173,1269,1170,1693,1719,1125,1146,1181,1851,853,1334,996,1185,1707,978,1848,912,1761,1790,1383,1240,1288,1310,884,2417,1546,1258,1419,981,1017,998,1370,1360,2149,1351,668,1549,1627,1229,1077,1245,1347,1588,1373,1179,1244,1395
"COG0785",4,9,10,3,6,44,3,17,16,14,0,0,7,26,12,4,1,1,24,8,4,12,8,10,2,2,0,0,13,18,0,13,1,2,9,0,21,3,2,10,20,6,12,22,1,13,16,59,5,9,7,34,1,6,4,2,44,20,5,3,6,0,5,6,6,1,4,6,58,7,1,14,1,5,1,10,2,39,24,25,8,5,1,8,8,19,0,1,5,1,1,4,3,3,3,2,6,3,1,2
"COG0786",92,142,84,73,83,139,53,98,150,27,19,112,45,105,159,81,118,66,89,69,139,158,64,111,51,132,31,58,75,133,68,134,105,85,108,51,131,71,123,116,234,100,146,103,72,94,93,53,89,196,145,66,106,100,120,102,356,92,75,82,104,149,53,144,67,153,228,72,249,71,128,81,98,99,114,132,68,95,165,69,117,146,94,70,185,64,79,51,47,165,108,108,129,90,108,114,84,48,155,175
"COG0787",404,288,395,407,369,312,315,353,355,310,642,411,518,453,440,468,525,516,417,396,341,333,398,414,604,371,529,574,400,368,548,448,397,413,258,490,394,458,507,311,336,386,355,414,428,267,363,238,372,373,414,407,398,322,424,377,317,352,443,429,534,445,509,333,471,421,290,526,361,393,340,359,394,365,375,319,521,235,364,428,436,322,439,466,342,444,332,408,553,382,344,470,329,461,483,335,388,461,330,377
"COG0788",79,13,41,87,77,87,1,32,89,12,4,26,44,32,87,107,26,4,61,69,68,4,32,45,9,20,15,1,62,50,33,64,67,27,65,21,65,93,3,55,77,75,59,36,1,63,45,5,42,45,36,41,35,131,56,51,31,45,47,29,10,23,39,39,60,80,24,39,81,64,38,40,64,23,24,47,51,7,71,12,25,4,86,70,29,67,6,60,17,22,33,61,13,63,46,52,85,105,58,60
"COG0789",217,451,307,253,245,271,497,438,251,650,137,280,172,309,287,213,271,218,335,176,191,603,341,460,193,297,239,194,324,278,210,285,227,284,305,253,281,191,323,320,298,262,393,337,276,272,274,684,286,303,234,328,290,219,178,250,583,378,208,253,296,338,274,268,229,270,385,254,613,267,204,244,239,284,284,325,202,594,245,246,346,667,234,233,306,382,440,308,211,273,300,342,476,197,256,249,276,201,262,337
"COG0790",130,140,97,109,108,175,28,406,101,35,92,133,105,264,71,115,274,150,151,167,177,83,180,183,155,129,49,127,108,89,163,85,135,214,141,199,161,115,77,221,103,136,169,249,104,136,126,67,109,117,217,237,219,143,211,161,330,147,124,168,340,221,198,271,145,177,174,85,220,168,128,148,129,179,182,182,483,182,210,139,165,128,175,202,105,113,74,220,245,221,234,210,100,90,118,135,101,65,82,152
"COG0791",392,930,299,392,437,200,678,522,287,379,89,766,219,640,389,342,348,472,311,368,280,578,467,456,145,493,238,383,435,775,269,495,497,428,264,303,428,266,408,416,265,315,369,438,528,555,425,689,382,350,456,591,492,214,407,413,757,532,404,249,400,508,479,547,362,539,559,220,326,310,467,342,570,322,437,467,212,634,285,757,440,703,460,330,320,270,519,471,152,572,659,327,630,372,368,423,207,330,364,518
"COG0792",107,105,95,108,108,73,122,102,95,116,114,117,90,115,115,100,93,93,72,113,104,51,138,140,126,96,97,75,139,82,123,106,105,139,141,96,104,134,95,92,114,97,107,137,88,80,126,50,117,102,99,100,140,104,95,130,66,91,88,105,102,129,107,109,93,87,96,123,93,100,96,120,109,121,83,121,95,58,89,104,97,138,89,134,98,78,101,124,112,109,88,114,140,123,113,100,134,120,148,111
"COG0793",1470,681,1475,1383,1397,1433,236,530,1526,195,1889,1083,1566,585,1594,1326,1527,1326,1303,1492,1450,448,1120,996,1570,1281,1957,1833,1173,907,1328,1406,1461,1206,1640,1090,1307,1973,1256,928,1857,1391,764,1205,867,1177,1269,142,1217,1302,1425,671,1178,1427,1676,1032,154,1282,1706,1254,1043,844,1537,855,1553,1146,647,2079,1097,1446,1449,1005,1530,1317,1028,1299,1215,376,2222,895,945,449,1242,1762,1544,1384,760,983,2029,969,757,1164,886,1769,1487,1300,2049,1849,1324,1284
"COG0794",123,108,146,122,107,156,179,182,133,51,226,84,215,81,171,163,169,210,229,174,127,94,147,199,229,112,433,207,85,99,163,121,96,50,125,245,132,174,111,79,171,111,110,167,133,105,130,50,140,167,112,106,86,156,134,105,297,123,188,193,127,63,162,139,199,75,164,190,176,224,92,99,125,131,127,122,169,86,147,84,119,196,102,190,172,174,68,119,238,99,81,104,74,157,112,103,177,178,173,150
"COG0795",348,85,415,303,236,324,156,361,336,67,683,232,461,103,272,268,397,570,173,306,272,161,367,283,763,152,505,645,243,140,406,264,284,416,265,646,265,302,394,276,300,274,149,360,291,209,111,50,192,264,261,173,288,318,212,236,223,177,434,366,279,188,184,197,334,198,260,510,234,314,186,208,233,266,116,220,599,46,244,120,304,113,271,289,346,397,120,196,511,170,146,238,176,347,158,203,270,367,215,289
"COG0796",201,133,250,185,204,157,218,146,210,207,252,184,222,200,217,205,247,250,204,217,209,237,188,190,259,192,261,268,205,195,224,218,203,287,161,261,180,200,251,177,222,206,179,205,251,192,202,237,211,192,189,188,243,195,175,214,158,211,226,224,214,241,214,177,207,216,202,221,160,181,185,266,198,260,214,181,266,187,189,191,225,227,175,221,192,204,224,210,242,187,173,217,223,223,217,203,211,218,236,226
"COG0797",15,0,16,6,11,22,1,83,10,10,101,6,84,11,5,14,9,120,30,21,12,44,52,23,132,20,12,135,2,9,97,10,0,4,4,79,9,8,21,10,13,6,12,37,57,6,2,7,6,23,16,26,10,4,11,2,53,11,56,77,44,1,10,54,9,12,43,48,14,24,19,5,2,13,4,3,51,9,12,4,34,0,16,6,27,11,35,4,98,16,5,4,57,13,2,4,4,3,8,22
"COG0798",31,6,13,33,12,33,1,10,13,35,1,17,5,24,9,10,107,13,13,7,77,5,45,12,6,13,11,158,8,21,56,4,9,4,47,6,27,11,11,47,44,7,29,8,33,60,31,1,6,37,15,25,8,62,41,11,0,33,52,12,29,11,27,6,12,29,12,123,159,8,40,34,10,15,15,41,11,1,55,12,9,92,29,19,9,15,55,39,5,4,10,12,7,14,24,25,36,68,4,6
"COG0799",130,90,99,114,109,108,108,67,98,121,154,128,103,124,112,97,109,130,96,89,91,113,147,171,105,78,128,127,103,101,101,97,106,159,120,100,118,108,91,98,99,82,71,96,127,100,133,96,125,80,98,94,113,104,113,93,21,79,115,125,147,116,109,112,99,84,59,114,89,113,117,85,104,124,100,127,141,50,75,91,112,127,101,143,72,103,95,106,152,110,125,120,131,100,113,125,138,105,139,102
"COG0800",160,166,95,130,174,145,314,104,117,81,161,154,135,159,186,135,148,151,172,181,139,86,205,181,137,206,196,161,132,182,178,115,140,98,153,194,149,121,144,139,127,136,202,141,126,151,155,119,179,157,115,132,117,144,155,132,169,149,178,163,163,109,157,163,138,168,162,180,123,160,187,93,161,138,150,145,112,60,126,158,122,208,191,163,145,109,196,172,176,156,182,146,101,119,201,174,155,159,116,152
"COG0801",98,54,109,65,135,73,107,118,94,198,103,110,114,48,103,114,149,79,96,99,99,55,112,98,120,100,106,100,90,66,89,111,90,83,79,122,63,94,95,82,80,83,125,78,82,108,81,122,71,107,84,57,85,103,84,121,49,110,101,104,88,95,140,92,103,89,69,129,81,121,67,61,99,124,120,56,148,113,77,121,117,160,87,97,82,121,83,85,122,78,111,119,69,135,116,80,91,128,62,101
"COG0802",83,116,83,129,106,95,172,111,71,183,173,130,128,121,103,81,157,138,123,97,80,132,156,139,128,126,134,140,115,112,131,118,122,157,53,177,115,86,119,92,95,81,123,136,165,124,115,145,118,95,123,156,136,71,109,150,90,92,117,126,127,135,127,100,124,99,123,152,86,143,100,186,118,112,169,128,156,163,106,130,161,158,117,115,108,119,134,131,159,123,123,112,181,119,108,104,79,85,95,120
"COG0803",157,134,125,132,155,89,374,223,167,450,131,165,181,137,194,185,98,135,174,187,156,243,214,171,74,176,97,232,112,129,142,154,158,119,89,140,147,147,127,146,132,129,147,197,311,96,130,351,145,148,153,210,132,142,120,166,307,195,202,155,183,164,217,157,225,206,220,101,126,197,98,249,166,189,170,119,156,87,69,134,150,397,143,176,160,186,128,189,200,171,126,201,113,188,237,152,117,212,141,170
"COG0804",2,44,7,13,5,22,5,6,3,18,0,61,13,49,5,8,16,4,40,9,12,141,11,12,1,20,5,12,10,38,10,17,25,11,3,2,18,1,18,19,5,5,23,16,4,7,19,102,12,32,26,5,23,3,7,26,4,26,18,8,6,15,18,28,15,28,15,16,1,8,5,11,28,15,8,10,100,190,11,28,15,29,13,8,30,76,48,12,8,11,28,18,7,17,11,6,33,44,9,14
"COG0805",126,57,113,113,123,98,140,142,85,126,43,100,88,58,98,107,51,26,132,189,204,72,127,113,90,84,114,178,90,109,95,147,201,181,144,45,76,124,15,93,165,100,92,89,60,83,106,62,136,123,92,57,127,114,101,106,81,72,124,52,61,100,117,131,143,106,106,158,99,171,106,100,99,87,106,103,196,17,127,68,92,82,86,122,108,107,40,102,82,59,56,205,56,83,78,118,160,115,147,82
"COG0806",46,122,89,81,78,77,148,86,35,190,214,109,89,136,42,59,118,113,64,59,70,124,144,92,183,77,148,196,78,108,104,83,65,139,45,131,85,54,161,68,66,64,128,97,146,75,95,128,98,66,80,143,140,57,78,110,81,74,130,127,123,136,82,97,87,74,94,174,84,66,86,159,84,47,98,97,168,99,59,113,145,165,72,52,73,67,149,123,97,110,129,91,129,56,64,80,45,59,85,87
"COG0807",284,232,230,216,176,212,203,112,207,71,349,222,238,88,208,196,214,309,195,223,209,156,211,229,298,214,237,395,239,159,297,257,210,203,178,235,221,180,259,210,201,180,140,228,255,186,150,55,199,234,224,100,173,163,195,195,81,148,249,236,232,240,215,176,214,210,161,215,145,239,177,130,225,229,189,195,245,79,181,150,235,129,221,229,233,215,189,185,361,221,137,198,185,250,167,215,196,234,206,259
"COG0809",488,260,453,387,389,302,184,202,399,81,564,426,565,331,432,443,524,522,377,455,473,219,406,344,612,379,582,551,376,307,462,437,398,421,348,332,375,463,371,327,434,406,287,406,344,306,323,201,390,434,409,334,436,377,427,415,93,326,487,483,416,372,399,362,436,409,214,539,308,434,404,439,420,365,412,422,465,258,480,380,391,202,423,511,371,372,266,335,635,359,319,367,323,467,394,404,460,497,397,352
"COG0810",6,0,23,2,9,4,0,110,16,12,2,1,16,2,5,7,7,6,20,10,5,55,20,38,9,16,1,0,4,6,2,6,4,3,5,10,5,4,5,7,10,5,8,11,1,4,0,22,1,9,8,13,2,12,3,4,31,4,5,1,5,5,2,16,8,3,17,1,12,7,9,2,4,6,4,3,39,4,8,4,0,0,1,13,17,6,1,2,3,5,2,1,1,3,7,4,3,3,2,10
"COG0811",369,116,279,277,347,292,210,214,372,64,327,169,341,118,391,337,244,246,337,355,314,136,255,306,291,203,439,312,209,199,365,298,244,220,232,280,207,403,196,274,329,356,184,301,142,214,188,60,251,311,290,127,223,341,311,237,95,203,287,258,186,136,319,220,260,270,117,360,204,271,255,148,227,250,197,230,301,35,333,118,231,84,279,437,280,308,95,226,401,153,151,278,139,249,253,247,448,400,346,269
"COG0812",187,180,220,197,174,170,230,272,170,331,235,186,208,250,179,220,245,193,203,153,186,258,184,202,275,217,226,220,205,186,232,222,204,272,155,246,221,157,185,194,174,176,245,205,241,181,176,221,192,179,222,212,257,162,206,283,143,191,183,184,246,250,250,234,215,220,173,255,129,143,179,299,248,156,218,196,259,184,149,213,213,244,203,160,186,187,202,228,184,242,220,218,199,215,231,178,155,179,163,216
"COG0813",33,70,37,42,34,49,98,71,36,26,9,46,27,140,51,51,41,40,53,71,29,45,60,53,13,58,30,33,71,80,34,28,37,71,27,44,47,13,48,49,40,28,69,52,73,11,28,108,82,56,60,103,62,11,62,112,121,48,28,37,62,70,39,55,33,50,116,23,35,36,64,115,51,48,40,81,32,101,38,79,80,74,38,59,45,27,102,38,26,86,73,39,97,43,53,60,44,34,48,49
"COG0814",22,45,31,17,14,109,12,536,80,80,36,39,79,36,22,16,97,30,328,45,25,146,246,141,73,109,8,9,38,25,20,60,20,25,36,357,42,20,47,54,71,62,92,60,105,58,10,79,79,22,5,89,48,60,32,42,803,77,52,16,36,36,59,210,35,23,515,20,111,93,143,12,18,141,27,39,40,88,46,45,39,166,24,85,68,17,58,17,21,146,46,20,46,31,32,23,32,50,8,100
"COG0815",11,2,20,19,11,27,3,129,9,12,5,11,58,33,11,21,15,3,44,25,10,57,56,23,15,35,6,3,3,12,36,17,11,15,20,57,31,22,9,22,25,12,14,45,13,5,2,23,6,19,51,31,21,8,20,25,108,13,26,11,49,5,20,66,42,25,65,1,15,17,26,41,14,19,22,12,105,16,6,12,17,1,23,12,19,17,5,29,12,32,9,19,11,17,6,16,6,8,12,27
"COG0816",84,109,110,122,105,88,131,91,119,160,110,113,116,130,99,144,102,128,86,90,90,149,138,132,119,113,80,143,129,128,115,115,113,156,100,112,112,107,114,139,82,114,134,137,140,105,100,159,113,118,88,139,135,126,108,142,58,97,109,116,134,160,158,93,118,109,88,100,85,133,86,175,114,126,110,138,164,99,72,114,154,141,122,107,109,140,127,129,129,97,152,143,123,103,95,114,96,106,78,127
"COG0817",121,33,110,109,112,81,102,108,93,105,110,93,116,148,88,101,95,124,108,103,107,40,108,138,151,70,132,103,106,93,141,123,112,103,102,114,114,113,62,100,101,95,131,118,74,76,101,15,76,108,98,100,84,103,129,114,36,62,111,106,103,79,138,92,124,87,36,120,87,76,96,88,96,91,102,79,107,31,100,112,62,95,120,119,94,85,35,105,107,74,74,120,64,111,110,95,121,110,93,98
"COG0818",75,16,42,49,67,53,4,59,61,15,5,27,36,40,109,58,27,27,58,51,54,61,30,74,26,61,35,10,55,39,56,58,54,45,56,30,51,78,31,69,79,64,34,37,30,36,58,80,42,54,61,69,53,56,69,91,54,37,43,32,56,50,59,44,34,62,63,37,40,46,85,128,47,75,71,40,35,17,77,54,33,15,59,83,53,40,47,41,65,47,60,84,60,73,63,57,79,75,55,66
"COG0819",6,17,16,13,17,0,134,32,4,184,6,45,20,19,13,37,19,11,44,7,6,27,40,42,4,16,5,14,36,25,16,21,15,26,5,41,47,3,20,45,17,15,38,33,23,1,8,19,7,12,34,29,29,8,9,39,0,22,11,9,44,34,39,30,25,33,25,11,6,11,24,21,22,13,14,15,19,41,0,29,14,68,32,16,4,34,19,46,13,14,44,49,65,28,5,19,4,24,51,16
"COG0820",232,273,275,287,200,199,200,293,196,251,254,361,280,507,249,259,282,291,201,193,215,243,268,255,349,311,227,298,280,229,299,288,274,415,170,265,261,197,364,222,259,258,402,278,286,238,369,239,307,244,261,335,327,231,262,275,186,259,261,246,264,326,236,253,287,249,225,248,188,241,175,437,333,243,245,278,382,333,178,268,319,257,259,200,220,286,268,302,263,274,359,286,461,265,242,241,187,197,173,250
"COG0821",390,260,368,317,336,237,252,231,351,317,401,300,341,310,374,448,384,460,238,383,393,183,230,322,508,373,448,393,329,278,380,368,293,294,216,309,273,290,342,300,228,377,327,272,253,281,271,141,358,324,345,231,281,335,372,263,153,266,362,325,302,326,309,332,382,382,228,404,205,277,293,222,318,324,300,286,281,183,313,317,267,238,360,345,348,281,272,276,346,319,287,325,247,401,397,286,323,432,336,318
"COG0822",180,285,198,198,202,117,250,106,153,215,207,228,219,321,207,200,238,235,165,120,131,270,183,221,221,204,182,230,218,209,195,209,210,293,128,135,173,104,193,233,153,205,331,167,228,218,190,199,275,199,214,275,298,167,153,299,85,174,155,228,212,294,191,177,168,258,154,183,101,135,164,323,210,168,253,231,251,228,123,303,291,264,193,167,180,156,258,217,170,211,304,251,215,156,217,190,137,151,185,202
"COG0823",275,123,124,240,178,345,33,254,344,107,15,133,69,50,75,145,114,46,206,257,291,82,94,151,33,104,98,36,103,157,106,182,163,67,351,51,116,83,62,256,178,258,133,115,30,162,346,72,214,202,171,203,80,365,241,79,217,294,109,53,78,87,61,184,124,118,160,43,259,182,132,178,51,259,128,220,68,164,347,134,84,164,191,208,96,161,99,88,41,67,43,69,195,134,239,224,443,146,260,85
"COG0824",120,113,121,77,149,109,75,134,120,27,71,115,75,64,171,135,76,33,131,160,117,92,159,169,35,126,72,34,91,99,113,120,113,87,144,47,140,192,37,167,169,134,97,103,41,117,154,61,135,122,113,90,113,120,144,114,106,110,107,74,88,73,141,117,98,117,133,92,133,163,115,121,118,143,120,129,89,112,140,67,84,71,104,156,144,98,52,130,116,103,99,155,137,144,119,130,147,178,155,113
"COG0825",44,255,73,68,106,56,84,82,47,121,5,141,73,139,72,70,110,96,85,42,43,278,80,69,30,137,44,84,153,140,86,72,112,174,59,56,112,35,112,136,71,87,104,79,165,101,137,251,137,113,100,73,149,52,90,101,182,121,84,70,111,198,72,118,74,148,171,41,50,50,105,133,110,89,174,154,99,203,64,196,165,120,134,69,91,43,228,104,36,174,154,86,184,67,91,115,52,40,121,165
"COG0826",655,741,695,607,738,441,847,603,516,581,706,676,660,729,615,680,762,712,674,649,695,557,575,597,851,675,767,772,624,677,772,703,670,813,504,673,615,578,740,664,623,666,632,698,547,613,765,524,690,742,719,846,729,469,728,758,523,602,675,623,776,816,568,662,768,656,619,652,497,695,666,1069,658,653,681,651,711,544,690,765,737,626,694,572,736,484,693,658,729,731,655,609,603,650,710,600,583,618,607,678
"COG0827",491,897,762,641,889,144,644,229,235,833,305,1264,411,1501,1521,758,493,843,817,873,793,522,845,939,400,879,872,752,749,1736,741,680,745,1218,454,424,896,617,993,924,173,571,680,596,396,602,1077,585,537,1173,823,1102,1192,684,1093,759,360,605,987,301,1037,1108,1084,876,524,824,815,473,501,493,734,942,923,575,829,1168,740,521,390,1164,980,414,634,703,497,622,845,942,546,1358,1347,768,647,810,1764,775,786,780,620,589
"COG0828",14,28,15,14,20,3,31,17,13,21,7,22,22,40,9,19,22,9,42,12,7,36,32,42,2,10,17,15,19,35,10,15,23,34,11,16,14,7,23,26,10,13,32,25,32,17,17,33,16,17,12,24,24,15,8,14,19,10,10,6,37,43,17,28,12,21,31,11,12,10,22,27,12,23,24,9,31,38,4,28,31,23,15,24,8,17,25,21,9,27,31,30,22,8,28,36,7,13,16,17
"COG0829",1,33,1,2,5,8,5,1,2,12,3,24,7,23,0,3,2,0,19,7,1,82,5,8,4,11,2,0,9,18,7,9,11,10,3,2,4,3,10,8,1,5,6,7,2,2,7,57,4,13,4,4,14,1,7,22,1,25,11,1,4,8,5,7,3,13,4,11,0,4,3,3,16,6,4,6,51,108,9,10,7,20,4,3,17,23,24,8,0,3,12,8,6,8,2,5,31,11,3,10
"COG0830",4,15,2,3,5,10,3,1,4,5,0,29,4,35,2,0,5,1,14,2,9,73,7,5,2,14,4,3,6,16,10,13,10,5,4,2,2,2,9,5,3,3,5,8,0,2,15,61,1,9,6,5,9,2,5,22,0,23,10,2,5,7,4,5,4,11,8,6,0,5,1,5,13,7,3,5,56,69,6,7,3,13,5,1,11,18,23,5,1,9,10,9,7,9,1,3,20,10,1,11
"COG0831",2,10,0,3,1,3,1,1,0,2,0,17,0,20,1,1,0,0,9,1,1,49,6,4,0,7,2,0,7,1,4,1,9,1,2,2,1,0,4,7,1,1,2,6,1,1,3,30,2,2,3,3,2,1,1,11,1,12,4,3,2,5,1,7,0,3,6,2,0,0,2,3,4,5,3,1,23,49,1,11,0,9,2,0,8,15,9,1,0,5,14,7,3,4,3,1,10,4,2,5
"COG0832",0,12,1,6,5,9,3,3,2,13,1,28,4,23,1,2,5,0,14,2,5,37,0,8,1,4,3,2,8,7,6,5,10,2,5,0,3,2,4,3,1,2,4,5,2,1,5,36,9,5,4,2,11,0,2,10,0,27,5,1,4,5,4,5,6,5,7,7,0,4,2,3,9,8,2,4,18,47,1,12,5,7,5,2,7,23,17,4,3,3,14,1,4,6,2,2,19,9,2,7
"COG0833",4,29,45,0,2,18,164,65,15,100,8,0,18,1,2,3,8,5,55,49,10,123,35,23,11,14,65,18,3,1,17,1,0,1,4,112,1,0,10,8,10,6,23,11,48,2,0,138,32,6,8,14,7,7,10,30,104,23,17,2,20,0,43,52,14,3,81,20,10,61,60,8,1,40,4,2,5,48,13,4,28,257,2,13,23,14,10,15,24,22,1,31,8,3,5,5,32,23,38,25
"COG0834",220,489,293,280,291,272,641,622,242,866,250,449,375,497,312,323,402,424,496,279,220,825,465,395,163,434,287,434,355,384,315,319,281,310,285,573,325,192,427,335,260,249,482,349,777,343,238,1088,391,316,555,552,542,297,408,515,947,488,485,543,804,657,576,699,493,585,795,423,578,435,543,377,488,467,522,538,747,815,294,629,610,1293,448,409,443,320,885,516,382,681,600,604,624,429,483,459,348,342,462,535
"COG0835",9,180,47,47,77,25,10,41,10,4,10,146,68,11,37,35,98,51,23,8,17,265,49,39,10,140,22,39,98,18,45,25,71,101,66,49,73,13,94,56,36,85,18,36,63,162,43,3,152,54,80,35,188,29,31,33,54,23,60,77,74,191,17,105,11,53,89,42,24,12,82,43,84,73,143,54,154,6,4,64,91,25,58,15,53,14,126,20,26,179,180,68,213,38,66,102,64,34,92,91
"COG0836",222,318,299,260,278,264,19,170,290,37,763,282,772,148,317,235,452,576,348,242,216,289,306,269,505,320,435,696,294,339,409,239,263,458,359,448,253,305,483,231,311,267,131,338,318,394,250,54,387,263,256,130,354,229,249,175,121,192,373,459,288,291,338,222,250,171,212,411,316,367,328,159,287,358,371,257,387,35,396,212,344,26,213,293,321,266,290,179,572,429,283,210,281,395,318,265,338,421,336,307
"COG0837",2,1,2,1,0,12,0,61,6,11,5,1,40,1,0,3,6,1,33,8,2,5,13,13,4,1,0,1,2,5,0,0,2,0,6,33,1,4,0,10,10,2,7,4,3,2,0,14,0,0,0,8,2,12,2,4,70,15,3,2,0,1,6,19,1,1,46,0,5,11,17,1,0,16,2,2,53,18,10,2,1,0,1,8,6,2,1,2,0,17,0,0,3,0,0,0,4,4,2,6
"COG0838",89,14,65,42,85,42,1,56,68,13,79,53,77,20,102,74,60,75,59,72,49,8,52,55,91,54,98,69,59,40,78,66,62,47,63,47,55,84,36,58,84,50,33,60,34,41,44,3,58,60,70,19,51,79,53,52,26,32,75,57,33,40,56,46,50,52,34,83,35,65,48,55,46,86,45,66,47,10,59,36,45,8,71,89,61,56,23,47,94,41,39,64,50,64,74,61,93,90,61,55
"COG0839",110,24,98,50,61,44,0,40,66,8,113,34,92,23,105,90,62,61,52,87,76,10,59,68,99,58,87,55,59,47,92,69,58,68,64,61,40,77,43,45,84,76,28,54,34,57,59,0,56,70,131,22,94,80,113,68,29,77,107,120,58,61,109,60,112,91,51,110,73,105,99,51,85,105,47,94,95,10,120,67,47,16,122,144,105,73,32,94,134,53,52,80,53,102,95,87,147,144,117,77
"COG0840",135,3783,571,532,1186,407,80,401,155,85,101,1494,643,238,283,294,1038,599,390,83,294,2034,368,552,86,2310,314,506,1220,118,407,285,1052,1282,699,578,732,179,1080,918,327,928,201,505,704,1683,828,48,1902,757,1044,316,2274,403,303,250,941,134,636,714,551,1708,275,1094,139,1133,1240,754,409,203,969,368,863,808,1886,778,1021,102,99,992,1085,547,861,108,976,316,1407,176,289,2413,1714,574,1944,689,972,993,597,296,1019,803
"COG0841",4157,1376,3723,3128,2449,4222,1227,2271,4165,659,1734,2074,2090,1176,3504,4378,2216,841,3325,4078,4411,609,2185,2441,1984,2552,2866,1082,2503,2521,2323,3761,3265,2005,2886,1732,3197,3677,882,3039,3196,4060,2061,2671,1178,2687,2221,325,2450,4012,3208,1908,2210,3720,3597,2161,1464,2835,3215,2464,2102,1901,3119,2667,3723,2927,1966,2813,2913,2745,2969,1911,3391,2532,1767,2370,1070,483,4605,1681,1695,1071,3060,3407,3744,3678,790,2687,2834,1902,1602,2533,1565,4693,3135,2727,3527,4335,2996,3614
"COG0842",975,347,760,794,624,902,194,533,976,149,585,536,701,359,767,759,763,529,784,876,962,638,542,682,655,502,829,582,653,491,745,858,680,584,897,519,826,965,442,818,849,749,517,675,555,688,567,560,651,775,714,507,560,925,839,445,545,643,775,645,634,701,656,523,779,545,483,639,679,663,740,651,740,729,504,593,653,369,910,345,505,493,853,787,794,616,313,590,1031,485,487,649,422,812,689,612,879,939,622,698
"COG0843",2,0,2,1,1,31,1,82,4,10,7,0,15,1,1,1,10,0,77,6,0,2,8,6,6,4,0,0,0,4,3,12,0,4,13,26,1,2,0,5,4,3,17,8,5,2,0,13,0,0,0,11,1,2,1,0,102,8,4,2,1,0,3,33,2,0,59,3,10,8,18,2,0,15,1,1,2,13,5,0,0,0,0,9,9,0,0,4,0,30,0,1,2,0,3,1,0,9,0,12
"COG0845",2971,1077,2412,2512,2220,3399,798,1457,3008,536,1828,1428,1875,985,2684,2682,1850,1308,2486,2874,3085,572,1827,2130,2007,1789,2305,1529,1860,1765,2003,2672,2247,1596,2756,1382,2428,3120,1201,2413,2747,2795,1366,2202,1312,2127,1874,479,2021,2624,2244,1398,1688,3147,2581,1689,851,2155,2453,2118,1670,1496,2359,1716,2354,1999,1235,2447,2211,2236,2385,1538,2120,2139,1577,2032,1466,788,3392,1287,1553,856,2341,2593,2810,2617,929,1968,2440,1394,1307,2088,1482,3019,2229,2218,2817,2973,2301,2448
"COG0846",275,296,152,204,241,134,225,148,157,293,367,275,346,250,201,233,286,286,195,173,153,458,283,230,559,339,235,271,276,534,314,210,283,275,267,285,218,163,418,256,312,204,248,262,354,126,244,310,208,206,227,179,261,148,191,292,183,221,204,354,286,278,273,186,236,338,277,206,129,150,278,195,212,178,302,258,339,259,150,229,215,357,208,245,199,191,389,265,268,302,278,292,293,229,231,259,172,166,217,239
"COG0847",261,104,244,174,213,263,93,222,250,114,501,177,246,99,244,235,215,215,191,226,213,368,250,253,416,174,215,390,179,161,192,200,194,215,192,247,173,252,164,173,214,242,109,211,344,179,126,317,181,196,194,119,202,236,173,155,219,150,233,237,176,173,201,251,210,171,180,263,147,245,192,147,216,268,139,158,395,76,216,137,199,127,199,254,212,239,104,179,321,183,192,191,131,267,171,188,239,292,174,227
"COG0848",13,11,22,15,6,39,110,43,17,6,7,2,28,6,14,9,9,7,30,29,27,58,27,22,15,17,35,11,6,8,8,3,3,11,14,36,12,19,5,16,15,17,18,20,22,10,3,35,25,23,15,19,10,17,11,26,76,10,15,26,19,13,17,23,20,14,44,24,66,51,24,13,4,28,17,9,73,12,24,5,30,24,6,17,32,27,5,6,24,9,8,11,4,24,8,7,26,22,37,15
"COG0849",142,108,165,146,145,214,3,167,135,66,418,199,336,98,154,166,351,373,225,134,149,241,135,95,360,188,303,329,168,74,206,140,174,182,137,326,140,130,284,170,138,156,81,162,225,144,114,198,125,214,148,231,214,147,115,216,130,137,265,308,183,188,151,175,175,143,143,351,107,209,144,333,163,162,293,111,366,55,181,205,165,38,195,141,204,136,176,81,267,167,174,117,208,219,143,129,101,158,125,174
"COG0850",12,101,20,21,25,39,61,47,3,32,9,56,35,5,28,10,48,32,26,22,16,88,25,33,8,54,20,39,23,20,15,13,33,57,16,33,27,17,46,31,21,36,13,23,40,34,31,52,62,41,43,69,49,9,27,58,86,35,19,21,18,62,15,42,7,35,70,22,31,30,40,19,30,27,79,55,70,16,23,63,64,31,20,13,46,9,67,19,14,75,80,22,91,29,16,37,16,20,47,44
"COG0851",5,41,9,18,13,18,49,28,6,9,0,28,13,8,14,3,24,15,18,12,11,21,12,19,4,26,11,15,11,11,13,4,14,35,12,24,18,5,13,32,14,18,8,8,7,24,23,16,38,11,16,30,27,7,3,30,53,20,8,11,7,46,7,29,2,16,42,17,16,22,14,76,9,18,20,20,26,33,8,36,34,18,11,5,14,3,23,8,10,30,37,10,53,10,10,23,15,8,29,25
"COG0852",292,48,189,197,169,196,3,162,210,21,259,150,195,67,220,238,193,192,221,185,187,18,136,106,372,140,162,164,175,111,220,215,230,171,161,158,177,188,85,164,164,179,107,157,63,169,151,20,157,240,201,44,181,168,205,140,101,107,193,221,114,103,229,115,214,150,114,196,134,199,182,126,201,203,175,150,125,20,231,118,113,22,209,233,190,219,49,153,262,149,111,159,101,259,150,111,207,223,130,146
"COG0853",73,51,72,55,84,77,47,76,89,23,91,71,96,39,120,72,66,97,93,62,54,45,78,89,66,53,66,94,61,46,76,59,67,67,83,73,76,108,74,50,93,71,44,68,78,68,79,41,86,61,65,43,58,75,62,37,52,96,82,92,80,71,96,56,57,73,63,60,62,61,62,56,47,92,53,90,77,83,72,56,73,33,60,99,86,81,68,58,116,51,61,56,120,79,58,84,74,92,79,80
"COG0854",168,34,66,110,117,124,2,75,140,21,16,64,62,27,114,113,60,4,145,121,114,35,65,77,21,104,52,9,106,67,84,132,110,48,127,35,86,140,9,68,146,126,58,82,18,106,92,7,79,103,87,40,46,115,139,61,55,76,102,62,38,34,91,92,107,98,57,81,89,138,139,61,112,118,88,86,57,17,131,60,39,18,137,159,97,83,18,86,72,60,52,119,48,110,69,93,170,108,75,114
"COG0855",399,462,305,365,410,439,601,348,420,547,99,375,340,308,440,384,447,205,445,369,450,354,329,337,509,500,452,330,391,453,343,412,467,302,449,292,340,461,324,472,456,453,350,409,455,335,530,269,525,479,432,313,401,405,440,366,261,505,348,285,351,426,441,383,403,506,364,389,314,471,415,312,401,586,559,496,277,595,418,338,348,478,453,450,445,276,474,444,429,510,387,403,340,362,358,415,534,403,492,392
"COG0857",7,4,2,4,0,19,86,129,13,247,4,0,67,8,2,6,9,1,43,13,9,4,18,15,16,0,1,5,0,5,2,5,2,2,5,134,0,11,0,21,14,9,10,19,28,2,0,21,1,0,1,19,1,9,5,3,97,10,5,0,1,0,30,44,9,7,70,4,5,10,32,2,0,16,1,1,56,18,8,1,0,86,1,5,6,0,1,10,1,13,0,26,0,0,4,1,3,6,3,19
"COG0858",120,100,105,131,124,74,106,93,88,163,148,125,119,118,126,111,109,118,89,109,79,80,124,142,148,109,133,152,133,107,128,95,111,165,118,140,120,97,138,111,107,99,110,133,124,120,111,134,145,102,118,122,128,108,128,148,68,121,120,128,153,142,121,106,119,109,100,154,87,152,93,157,117,118,106,96,160,105,94,109,129,140,90,118,107,105,140,137,146,102,110,142,145,102,119,119,117,132,136,93
"COG0859",131,76,281,124,89,272,247,284,200,79,349,120,289,91,194,115,237,291,356,234,229,210,247,253,326,128,354,304,79,103,179,150,127,186,173,410,132,259,275,203,344,118,186,253,191,154,130,121,149,246,84,69,94,120,102,91,204,119,151,191,124,69,152,87,125,57,177,226,293,176,98,78,64,73,93,77,261,33,210,36,119,100,67,108,194,146,69,88,192,87,46,65,84,146,93,103,137,112,114,98
"COG0860",219,656,384,275,309,262,342,360,268,212,249,449,259,588,250,246,334,237,352,317,236,527,411,345,349,395,272,255,336,338,296,264,390,475,257,314,341,241,451,308,259,348,385,334,234,394,401,525,401,280,411,425,448,259,257,354,442,453,309,294,351,334,302,379,240,298,491,316,192,336,278,296,333,376,454,313,349,596,210,461,380,405,379,241,324,270,515,492,224,497,535,307,422,318,337,304,329,241,354,415
"COG0861",18,53,110,9,4,79,321,208,45,242,198,3,201,9,11,15,100,202,190,94,23,132,119,62,179,24,209,219,5,18,77,23,4,71,20,296,12,25,94,35,26,16,56,48,178,8,2,102,63,13,13,57,27,24,16,37,306,48,73,93,47,20,64,79,62,34,204,141,36,104,87,14,1,48,13,7,265,46,25,4,78,172,3,38,79,20,32,10,116,53,4,37,29,5,4,17,46,53,46,41
"COG0863",228,169,121,300,276,406,94,500,236,86,290,359,111,624,346,361,108,227,350,264,307,78,274,445,416,321,150,111,229,288,348,394,359,496,291,274,458,158,272,311,155,303,214,289,213,291,225,86,203,336,217,476,330,391,192,250,362,140,156,334,269,292,205,271,305,222,248,193,421,288,275,335,350,414,323,165,149,406,255,325,339,155,345,167,176,286,167,411,169,196,364,369,487,216,257,303,347,319,249,233
"COG0864",1,4,1,7,7,4,0,37,5,4,2,0,3,10,7,3,6,2,12,7,3,9,16,18,4,4,0,2,2,3,1,8,0,2,4,9,4,5,2,7,6,4,23,6,1,3,0,1,2,2,1,24,1,7,6,5,39,9,8,3,5,3,6,8,5,10,27,3,5,12,7,7,1,5,5,2,5,2,9,3,3,0,17,9,8,1,5,5,4,7,0,5,3,1,2,1,3,2,5,22
"COG1001",101,146,96,113,126,85,128,141,94,96,21,85,56,208,115,65,68,46,92,106,83,82,114,121,38,92,31,55,84,129,75,112,97,62,99,51,89,64,78,102,128,90,171,124,113,46,111,184,73,120,111,162,76,47,88,125,271,148,73,59,110,91,106,144,126,83,161,59,159,69,95,98,97,65,55,106,54,315,109,94,69,194,98,77,171,154,168,147,19,106,70,87,62,103,74,83,27,51,62,90
"COG1002",360,80,174,222,214,211,311,163,325,330,963,371,106,197,210,464,998,451,479,257,276,312,567,141,72,451,440,690,352,501,126,133,263,598,718,571,311,246,332,230,103,104,262,548,500,368,185,326,158,140,173,224,353,380,205,227,292,142,535,254,444,185,376,457,331,185,180,742,300,395,128,263,163,702,230,181,199,380,129,221,469,373,357,293,248,261,475,278,679,581,401,640,415,372,347,500,323,358,340,344
"COG1003",268,107,324,282,175,360,215,325,285,59,24,156,140,110,312,360,103,20,183,343,244,45,229,155,104,181,143,55,205,140,184,313,258,182,271,128,234,260,13,228,264,278,188,237,47,204,161,7,189,280,286,205,179,239,280,235,231,191,269,130,208,124,230,221,331,216,187,151,287,214,205,129,273,235,98,190,63,29,311,161,159,15,162,285,256,297,32,255,260,193,119,187,101,356,216,182,233,395,179,262
"COG1004",379,175,339,453,293,553,275,273,579,243,454,338,341,196,376,442,296,198,333,447,521,237,358,364,508,261,564,304,356,351,380,387,282,457,408,291,437,504,254,419,396,413,245,437,171,434,401,264,404,425,335,265,422,649,352,464,98,249,329,410,250,340,410,284,361,313,225,284,311,327,376,347,449,361,242,341,509,99,319,250,432,198,308,397,379,392,154,316,270,231,315,582,178,499,335,397,338,346,327,339
"COG1005",183,37,157,146,75,150,1,94,84,26,235,106,183,53,134,142,133,158,176,130,151,16,117,82,242,79,160,142,126,55,160,126,122,120,114,125,124,140,73,137,140,130,56,116,68,150,126,4,74,135,97,53,112,128,132,77,25,74,162,173,108,117,141,93,148,59,47,167,104,137,118,78,129,113,92,100,102,5,161,71,68,10,161,136,132,110,52,74,192,85,53,103,84,162,122,84,148,184,90,91
"COG1006",5,4,7,8,2,5,1,0,4,1,0,7,4,6,5,4,7,0,3,4,5,0,6,14,3,0,1,1,4,7,4,5,3,1,6,2,9,0,0,1,2,3,6,11,1,1,0,0,2,8,3,17,5,3,4,4,8,3,3,5,3,4,4,5,11,1,1,4,12,3,1,2,13,1,1,8,1,0,0,1,9,0,5,8,2,8,1,3,1,2,8,4,1,2,1,3,2,2,1,5
"COG1007",222,65,218,170,181,165,5,102,175,24,289,137,214,57,243,200,254,164,218,218,192,14,137,131,309,139,302,200,148,99,223,207,151,204,203,137,168,252,124,108,241,192,96,124,90,166,173,11,128,191,173,63,178,209,198,151,66,139,225,232,115,94,236,113,186,161,75,281,181,166,179,107,168,185,136,160,198,21,262,110,113,38,165,269,149,163,67,140,305,137,69,171,116,237,193,179,238,210,133,143
"COG1008",249,28,273,178,121,187,6,148,186,18,355,166,248,73,214,270,217,218,160,258,309,14,120,104,346,145,183,166,186,83,212,252,207,181,114,173,134,189,97,123,118,230,108,135,109,193,83,5,112,224,167,58,191,222,194,118,99,140,208,235,113,116,211,136,225,218,127,203,141,156,148,88,196,194,111,116,148,19,186,130,111,12,231,228,168,152,59,162,302,141,79,157,101,252,198,144,128,291,149,142
"COG1009",279,56,246,164,155,143,10,260,169,30,446,189,370,110,218,308,286,378,204,251,220,24,171,124,376,182,313,341,163,107,284,279,184,163,130,311,157,228,206,123,150,169,170,201,168,128,101,22,126,237,199,72,141,172,192,159,183,151,320,311,173,97,190,145,285,273,162,381,111,142,184,102,269,160,112,139,267,30,247,122,126,20,212,237,191,197,114,235,390,126,83,146,128,326,157,176,170,329,139,182
"COG1010",65,112,62,79,85,64,116,25,39,29,10,88,53,72,80,93,39,40,55,72,112,33,66,101,20,74,57,48,121,120,91,128,81,56,35,40,123,15,51,86,58,105,101,78,72,101,80,57,85,80,80,60,58,69,99,81,8,65,85,43,94,95,68,107,46,132,52,88,80,38,90,62,86,36,49,88,34,35,87,81,73,81,97,50,84,49,90,39,28,73,82,85,85,51,88,94,53,67,102,135
"COG1011",379,362,325,399,497,317,253,344,435,490,643,341,546,307,460,376,443,420,373,383,342,181,428,356,367,367,548,599,386,383,461,416,390,416,520,544,333,518,364,415,407,347,360,378,481,333,519,406,349,343,302,281,296,457,341,376,308,430,499,439,388,216,430,269,448,416,393,670,395,426,349,278,389,402,400,402,463,346,407,328,439,452,414,504,403,411,410,469,545,383,388,443,526,383,490,431,452,483,417,420
"COG1012",344,453,275,322,335,601,380,921,456,1026,92,290,317,491,440,260,311,166,1035,301,376,1046,506,522,168,365,178,137,298,334,248,292,210,316,550,637,422,391,241,407,564,384,695,401,596,402,436,1116,339,429,372,663,314,330,408,423,1480,665,320,318,357,286,274,790,277,354,1027,226,446,305,700,655,319,454,320,436,164,923,629,302,291,759,315,314,488,349,537,580,174,508,398,390,279,257,394,378,482,242,334,495
"COG1013",881,922,875,906,777,748,720,566,986,173,1035,829,917,800,977,985,826,1016,700,1007,1020,285,965,787,1060,916,886,1001,916,750,929,872,926,855,558,770,688,759,677,756,698,866,1117,803,976,590,607,256,790,1072,925,743,967,770,917,909,344,739,906,878,971,776,1038,666,1102,975,534,901,663,734,749,801,933,770,775,792,741,632,845,818,744,1171,978,849,917,770,793,757,1031,736,612,784,756,967,877,690,715,1000,825,802
"COG1014",1185,949,1041,1125,908,896,736,625,1227,194,1001,1005,1023,893,1213,1287,915,996,903,1143,1247,379,1103,965,1086,1083,1040,925,1051,912,1087,1154,1076,1048,783,786,906,920,654,976,904,1044,1310,995,986,792,800,266,1000,1220,1116,880,1074,1009,1165,1107,380,887,1100,930,1135,928,1190,847,1278,1188,603,1027,795,901,911,948,1097,917,933,1043,845,657,1088,894,876,1303,1195,1110,1121,979,883,944,1153,842,738,991,824,1195,1088,863,976,1273,981,958
"COG1015",53,201,57,77,83,59,192,137,61,68,35,116,40,164,92,71,88,87,110,79,46,106,105,93,35,107,79,90,119,188,72,66,45,109,59,140,81,25,97,116,76,69,105,61,114,80,86,241,89,103,74,138,127,35,92,121,249,118,60,84,115,171,69,135,44,93,255,61,84,110,142,190,89,74,102,112,48,250,76,128,77,181,62,70,92,45,222,73,29,162,117,54,88,50,109,92,69,56,111,114
"COG1017",6,0,6,1,4,5,2,64,13,15,5,0,7,1,2,1,6,1,44,10,7,25,12,10,6,2,1,0,0,8,0,6,1,3,7,39,7,6,0,6,11,4,10,10,3,1,0,11,0,5,9,10,2,11,3,8,127,15,2,6,12,2,4,21,5,5,77,4,15,11,18,0,0,21,4,1,6,11,6,0,1,0,7,10,25,0,9,10,0,24,3,6,3,5,2,11,4,4,0,13
"COG1018",14,2,26,2,8,51,0,172,34,32,16,1,27,15,3,5,24,0,130,29,6,58,34,39,18,10,0,1,3,14,4,5,1,2,21,127,7,21,3,16,39,12,37,19,2,5,0,66,5,10,14,57,8,17,8,13,297,35,13,9,23,2,12,90,16,17,179,12,26,37,66,7,2,57,10,4,15,25,20,5,3,1,4,24,29,4,7,11,4,52,1,3,5,9,7,10,15,10,1,51
"COG1020",213,358,145,154,322,391,120,194,455,488,80,289,104,158,142,140,134,367,431,97,145,274,186,500,148,117,325,102,207,173,205,219,191,158,316,90,203,110,174,329,194,300,347,259,180,168,423,1254,175,135,231,342,153,230,161,273,509,431,110,72,114,246,168,217,171,113,534,55,328,232,129,143,355,199,183,191,164,1005,225,254,219,117,208,107,186,195,365,367,44,274,210,178,308,136,138,209,130,100,434,311
"COG1021",6,2,3,15,1,16,1,70,16,28,4,5,17,3,3,5,8,56,77,13,8,8,18,22,39,5,31,0,7,5,1,2,1,0,5,40,1,7,0,6,18,2,22,17,1,3,0,18,4,3,1,12,0,14,8,8,115,26,8,3,9,1,47,31,4,10,95,2,9,16,30,1,52,11,3,5,5,11,2,5,18,0,0,9,16,2,13,19,4,23,0,16,2,0,3,2,4,9,14,15
"COG1022",977,373,744,853,821,789,600,483,946,1110,1162,589,865,414,917,890,820,683,668,720,910,289,739,661,998,702,991,776,720,576,780,768,849,693,878,694,790,1048,620,725,870,838,566,787,541,661,618,92,642,864,788,682,601,913,930,1026,34,681,910,791,594,550,887,413,930,750,322,940,757,806,630,843,775,707,723,713,748,206,887,588,567,743,776,1007,873,858,488,702,1043,603,488,881,575,870,695,825,954,900,737,840
"COG1023",0,6,0,0,2,0,19,2,0,22,0,0,0,1,3,1,0,0,0,0,0,0,0,1,5,0,0,2,0,0,0,0,0,0,0,22,0,0,0,0,0,0,4,0,23,0,0,13,0,0,0,0,0,0,0,1,1,3,2,0,1,0,6,0,0,1,2,0,0,0,0,4,3,3,2,1,0,5,0,0,0,0,0,0,0,1,0,7,0,0,0,0,2,0,0,0,0,0,0,0
"COG1024",75,143,78,58,68,69,184,356,78,71,31,83,79,98,63,63,119,80,148,93,69,57,171,127,56,108,65,82,86,155,60,70,63,79,49,309,80,43,64,106,84,63,119,102,123,83,60,151,78,86,94,108,81,68,106,94,640,114,89,73,127,125,104,192,47,91,383,45,107,103,207,75,68,147,82,102,45,76,53,92,73,201,94,113,106,96,77,84,32,154,94,60,153,54,59,73,54,52,93,113
"COG1025",6,3,2,1,1,38,1,122,23,30,13,0,17,2,2,1,16,0,66,11,10,3,21,33,12,5,0,0,2,6,1,5,0,0,6,57,0,4,0,13,15,3,11,9,2,3,0,22,1,1,0,32,1,19,8,1,185,23,6,1,4,0,1,63,6,7,126,4,15,33,34,0,2,30,1,1,5,13,15,0,2,0,0,12,14,1,1,5,1,27,0,1,5,0,5,3,2,8,0,22
"COG1026",89,447,182,135,182,59,404,82,94,101,27,253,123,289,204,136,185,160,114,97,113,363,191,154,34,252,141,210,234,358,139,145,189,153,166,108,182,64,174,198,104,155,195,176,263,216,198,279,240,154,222,108,216,64,198,171,196,193,144,137,196,307,108,250,86,240,221,126,113,109,220,147,218,143,254,239,97,139,124,198,267,398,160,124,203,92,389,145,85,305,255,156,297,144,157,205,120,94,188,218
"COG1027",100,108,155,127,133,216,124,85,166,144,371,72,77,92,187,157,251,72,144,122,132,219,230,115,319,150,310,77,108,93,47,110,132,169,154,260,97,303,268,123,106,140,93,123,140,112,101,76,120,155,119,63,137,160,119,185,352,126,99,257,114,51,206,69,225,164,96,271,185,153,90,86,134,140,74,89,224,82,205,79,99,333,57,172,181,209,57,141,154,126,104,174,118,157,92,89,125,219,67,129
"COG1028",1162,957,1098,1295,1064,1693,1080,1496,1244,1036,986,1106,1094,1088,1425,1380,782,892,1676,1188,1258,946,1131,1259,988,1114,970,1039,1333,1262,1162,1297,1258,930,1224,1021,1215,1076,754,1261,1152,1311,1257,1157,1104,1546,916,1033,1275,1168,1009,1041,1026,1250,1179,1053,1423,1257,1165,1115,1185,1073,1282,1275,1093,1169,1316,894,1164,1140,1301,1205,1221,1358,1132,1135,859,1076,1231,1054,1189,1039,1100,1221,1176,1046,1051,1185,1104,1111,964,1104,827,1208,1261,1234,1039,1167,1054,1263
"COG1030",9,7,14,16,12,9,56,26,27,1,1,15,8,23,10,10,4,8,5,13,5,13,22,27,8,7,10,6,4,8,29,13,6,7,12,10,17,8,2,6,10,5,15,41,37,3,0,5,7,7,9,53,8,14,11,25,1,14,11,15,40,6,32,38,48,5,8,11,10,22,4,15,10,9,11,10,11,0,7,11,28,57,52,16,39,66,0,16,14,5,10,6,13,11,11,12,18,28,18,18
"COG1032",471,797,606,698,581,448,823,388,728,331,380,722,554,867,713,674,560,415,578,686,642,517,722,657,743,698,451,478,734,823,448,662,796,751,385,361,648,798,548,645,625,638,838,669,672,599,671,614,665,753,707,648,728,663,635,693,499,693,589,499,636,725,544,679,724,728,606,605,769,603,580,692,725,667,709,693,433,770,770,689,645,731,815,608,667,655,648,678,496,747,856,629,664,748,758,686,888,568,732,600
"COG1033",170,433,98,282,220,38,153,88,58,96,39,384,106,483,117,224,206,209,111,155,156,268,165,233,30,371,119,189,276,431,227,221,201,254,116,100,210,99,251,219,74,223,277,247,275,311,267,167,331,137,323,355,374,86,245,358,76,165,189,157,274,356,204,283,128,246,257,106,59,113,333,195,237,157,330,329,148,210,47,393,326,128,274,161,159,153,565,286,71,375,340,245,399,140,190,307,110,137,183,188
"COG1034",67,230,97,145,62,168,87,220,134,141,20,133,61,246,191,106,84,60,129,79,101,162,137,155,40,107,44,48,184,105,93,107,104,52,107,134,143,108,60,121,109,97,213,150,108,169,122,218,158,161,154,294,138,87,105,122,236,187,123,132,205,91,158,181,121,78,215,74,192,74,143,83,115,70,147,153,49,147,130,187,134,109,138,61,125,170,199,173,75,163,141,109,106,132,132,127,48,155,95,169
"COG1035",244,101,105,210,136,184,30,79,117,170,339,113,277,137,229,101,128,50,87,138,302,26,197,197,161,165,324,123,113,133,178,130,197,300,357,19,172,140,191,182,193,115,147,249,123,209,239,39,307,205,256,211,267,299,230,185,19,207,117,137,181,186,153,161,157,128,55,134,428,157,265,154,58,133,131,247,292,283,236,164,399,127,163,221,89,155,205,281,135,102,264,217,439,213,156,198,417,254,181,97
"COG1038",87,54,74,77,65,84,41,51,88,38,12,44,44,66,78,55,41,40,82,59,82,206,102,133,37,67,23,24,60,91,45,111,60,26,76,18,80,62,29,90,74,58,133,135,102,74,52,142,51,88,112,104,81,94,136,111,13,150,137,68,133,61,157,69,141,87,50,69,109,88,115,99,101,147,110,123,49,50,138,78,81,292,160,120,126,134,103,128,105,80,76,114,86,103,100,111,79,104,93,130
"COG1039",0,7,3,8,4,0,1,24,1,6,3,5,1,8,7,9,0,7,10,4,1,1,7,14,3,2,3,5,11,7,14,8,6,13,0,13,8,1,17,1,9,7,16,20,1,2,4,80,1,7,1,18,13,2,3,10,2,17,11,13,12,18,1,35,12,2,8,2,17,1,2,82,2,6,5,13,3,24,1,4,8,7,6,10,7,14,27,6,1,1,9,1,1,7,3,1,4,5,5,7
"COG1040",161,158,162,160,207,153,209,141,148,226,236,182,195,152,163,163,174,257,155,176,124,188,182,199,209,145,159,227,175,187,245,184,162,200,123,206,170,152,181,181,156,136,202,176,206,135,178,222,178,186,92,115,126,135,113,176,81,92,102,122,110,128,109,101,96,118,102,114,101,112,97,103,150,121,116,112,114,97,82,89,125,128,102,125,110,129,123,119,143,103,105,138,110,98,105,129,101,115,106,143
"COG1041",1,53,12,9,23,1,2,2,0,0,4,15,8,18,6,4,4,30,5,0,3,2,3,6,0,40,5,6,21,3,4,2,5,5,1,10,9,3,19,14,1,8,6,6,5,0,41,3,8,10,33,31,35,17,14,9,0,6,5,10,11,15,3,11,3,30,28,21,6,3,18,5,17,12,26,35,7,17,0,13,26,22,13,0,27,8,41,4,5,65,11,11,125,5,19,11,15,10,46,7
"COG1042",193,35,143,237,193,256,7,154,242,38,14,88,59,57,142,184,68,17,129,218,183,130,82,128,39,66,23,14,160,107,78,188,174,60,189,73,241,188,23,229,153,178,87,140,31,159,90,7,111,145,116,121,55,226,149,84,136,110,144,89,102,98,137,118,185,176,140,57,172,81,152,108,150,122,80,112,37,26,200,41,74,1,162,137,190,229,42,130,47,71,108,141,49,123,101,143,113,171,134,203
"COG1043",203,40,190,156,151,192,93,85,148,21,201,135,162,46,137,168,107,113,139,187,181,37,151,114,314,120,122,86,100,72,136,155,136,166,148,117,128,194,85,136,170,145,98,136,70,126,109,16,148,155,183,83,238,219,231,157,76,147,189,228,160,108,262,126,239,175,107,258,186,225,175,127,213,200,177,146,228,22,269,97,139,81,191,258,280,254,53,145,282,98,82,154,142,292,177,184,254,342,183,179
"COG1044",196,60,203,147,138,176,115,115,169,28,208,118,264,50,207,165,143,210,175,180,153,70,173,135,307,137,188,222,138,104,176,161,143,160,161,151,130,219,131,115,202,168,109,151,149,136,96,33,140,157,96,49,100,118,107,102,50,75,148,136,85,47,136,83,129,111,61,103,132,116,83,62,102,121,66,77,98,24,135,58,88,59,111,149,137,137,45,75,165,74,44,111,74,140,99,83,142,144,101,76
"COG1045",247,197,233,217,236,155,207,326,260,87,325,210,283,228,269,294,187,264,165,285,264,164,271,313,234,278,223,268,189,211,287,330,271,254,230,180,246,264,392,302,265,258,216,255,162,194,307,177,270,191,246,237,254,255,306,238,89,226,196,225,273,177,316,212,239,252,198,246,236,252,247,214,275,255,209,267,300,235,229,241,195,165,208,356,272,245,180,294,237,202,267,252,358,198,218,279,284,264,306,252
"COG1047",83,75,70,84,55,92,16,46,58,19,87,76,100,33,107,64,60,55,70,104,72,73,67,91,85,76,66,77,84,44,84,73,79,65,56,48,62,111,49,77,73,80,79,74,55,78,63,48,52,60,77,46,72,68,58,53,67,79,66,58,87,82,90,61,73,81,102,82,59,71,61,50,84,86,102,57,72,83,74,40,66,33,64,57,71,83,93,43,111,71,36,60,58,118,77,64,68,101,68,64
"COG1048",316,607,466,345,371,336,638,453,415,533,526,400,356,445,509,473,491,459,314,380,380,602,400,380,612,525,484,410,488,493,438,393,473,447,330,481,341,366,421,443,341,420,529,306,438,399,414,459,429,355,419,319,469,342,382,385,513,486,365,391,412,463,354,481,461,562,510,360,281,310,505,206,425,424,434,431,342,470,358,452,434,600,410,326,405,292,556,433,337,551,396,418,476,370,418,371,346,349,450,426
"COG1049",8,2,5,0,3,34,0,102,16,23,5,1,66,2,1,1,10,0,62,9,6,1,19,18,14,9,0,1,4,6,0,3,2,0,9,82,1,7,0,13,23,5,20,8,2,7,0,24,0,0,2,36,0,15,12,3,181,19,12,0,1,0,5,38,3,3,139,0,10,26,28,0,0,23,1,1,128,17,10,0,1,0,1,10,13,1,1,8,3,22,0,0,6,1,4,2,3,8,1,19
"COG1051",217,108,125,206,247,183,134,83,206,215,210,143,200,174,210,202,158,148,203,172,204,136,160,145,190,164,141,134,211,93,207,236,209,210,196,108,207,243,132,175,244,209,106,155,206,229,201,246,159,199,134,148,166,226,164,159,49,181,214,199,114,111,209,102,206,227,64,202,162,271,129,216,214,210,217,166,238,44,205,197,134,154,190,268,212,242,142,171,212,143,159,218,142,201,187,174,260,260,186,225
"COG1052",416,316,312,368,376,319,85,282,353,164,165,323,313,361,504,476,306,231,316,338,374,339,290,315,261,348,201,194,424,327,345,423,377,365,326,167,426,403,239,390,352,358,347,331,345,408,344,326,317,382,383,272,374,350,398,374,285,314,302,299,328,332,305,328,365,370,356,247,389,245,454,282,454,296,376,368,237,268,376,324,313,245,367,388,358,298,295,391,254,408,350,366,305,406,396,346,371,404,344,419
"COG1053",801,593,973,570,687,426,528,744,490,606,755,493,802,550,676,757,758,700,644,641,753,1301,468,390,766,700,689,738,550,799,723,486,434,412,417,570,651,972,568,532,708,553,450,494,971,314,429,519,572,819,768,331,488,377,780,594,307,396,698,671,749,549,594,654,619,1081,575,611,589,502,666,511,546,483,904,579,566,412,628,425,536,510,558,695,930,389,674,520,721,671,409,573,368,650,358,671,550,501,711,647
"COG1054",3,7,12,0,1,9,3,67,12,23,8,1,8,0,2,3,4,3,25,4,4,22,5,21,5,2,0,2,4,5,0,2,1,5,8,34,3,0,7,10,8,2,7,5,5,5,2,67,3,0,1,12,2,8,5,0,85,17,6,1,2,0,9,30,5,0,46,5,21,11,21,1,2,10,1,6,1,12,3,0,0,4,0,6,6,6,7,10,0,12,2,2,2,1,3,1,2,9,1,4
"COG1055",57,226,291,74,96,113,441,141,46,38,453,225,294,135,99,87,304,340,91,192,77,258,227,169,643,135,370,438,113,85,278,98,87,343,72,413,180,60,323,95,77,89,93,198,294,155,76,93,205,163,148,123,277,74,137,146,117,101,211,360,297,220,120,161,190,149,170,279,70,176,118,118,99,91,201,114,339,114,70,107,324,188,139,69,212,205,209,101,309,219,185,94,193,159,121,150,89,108,211,170
"COG1056",9,1,3,11,0,17,1,39,9,10,4,1,10,39,1,1,9,47,40,2,1,5,8,26,5,7,2,2,2,5,9,3,0,2,10,31,7,1,12,8,5,3,10,6,2,4,0,102,62,1,5,25,1,13,4,2,74,8,1,2,2,3,9,15,5,3,44,7,19,24,15,52,0,15,12,1,3,16,9,6,44,2,1,9,5,7,7,23,2,16,15,0,10,4,5,9,6,6,0,7
"COG1057",136,136,143,132,150,101,162,98,137,191,165,177,142,196,126,132,161,147,114,104,112,149,166,208,207,143,166,161,174,152,146,123,158,153,130,194,151,137,226,109,150,109,180,181,164,117,162,131,111,120,126,142,164,95,126,188,64,117,142,123,174,141,139,133,142,122,105,179,126,159,141,127,138,138,134,159,135,118,143,169,145,135,115,158,144,144,135,154,149,161,173,160,139,141,144,144,143,133,111,136
"COG1058",58,68,70,88,46,108,171,114,61,47,8,86,49,110,67,84,38,53,88,112,83,112,114,113,20,31,74,46,53,155,75,91,74,33,85,78,93,49,46,93,67,66,96,124,88,111,48,192,74,86,89,101,49,67,101,74,132,91,71,58,120,56,92,137,95,55,111,43,139,100,79,80,86,68,43,86,49,31,94,115,82,129,97,65,85,99,65,120,52,47,78,36,67,69,61,80,43,55,77,73
"COG1059",0,1,0,0,0,9,2,0,0,0,0,0,0,0,0,0,0,0,9,0,4,1,0,0,0,0,0,0,0,0,0,0,0,0,0,0,0,0,0,1,6,2,0,0,0,1,0,3,1,17,0,0,0,0,0,0,0,0,0,4,0,0,0,0,0,0,0,5,12,5,0,0,0,0,0,0,0,0,4,0,0,0,0,0,6,3,0,0,2,0,0,0,0,4,0,0,0,0,2,1
"COG1060",390,418,335,359,306,353,642,235,300,138,257,293,348,180,412,362,244,305,331,481,494,185,349,358,106,380,430,348,320,279,379,403,347,210,388,248,363,395,240,352,409,335,238,371,221,332,418,219,460,470,269,165,188,228,286,193,98,259,236,180,155,165,226,192,259,188,156,229,230,305,231,173,220,266,182,329,140,322,350,137,208,165,240,247,292,215,236,228,287,219,140,198,258,274,226,223,314,276,307,233
"COG1061",435,494,553,434,446,549,508,227,224,634,641,396,874,258,374,546,481,208,347,396,527,616,493,360,515,388,460,1222,257,482,411,527,421,571,279,610,270,310,1403,373,630,370,507,645,662,431,645,779,663,583,595,315,637,490,348,1130,210,442,482,522,379,881,386,455,211,631,391,359,240,571,690,792,372,397,629,356,1678,603,743,596,617,339,409,452,360,339,441,388,817,435,707,406,708,412,345,443,639,246,564,429
"COG1062",2,0,10,0,1,26,2,51,14,16,5,0,20,1,1,1,6,0,48,8,1,65,7,13,9,5,0,0,1,2,1,3,1,1,14,45,0,4,1,11,4,1,11,6,3,1,0,11,1,2,2,12,17,7,3,2,96,24,2,2,2,1,6,23,2,1,41,1,17,12,14,0,1,24,0,0,6,11,11,0,1,11,0,14,10,0,0,1,1,18,0,0,2,0,1,1,1,9,3,9
"COG1063",365,358,445,366,274,369,824,668,328,541,737,328,337,541,383,327,496,329,426,461,392,413,397,443,217,306,612,546,390,451,421,389,409,281,372,571,431,442,516,420,363,333,543,356,539,523,461,827,406,338,324,654,284,388,351,314,1029,651,482,402,376,321,426,441,350,362,554,526,532,481,354,426,310,458,366,379,349,948,367,402,347,594,409,321,365,365,671,432,480,433,361,468,434,287,416,344,279,336,318,351
"COG1064",10,1,8,1,1,70,4,119,11,31,8,2,20,39,2,1,5,2,114,17,1,4,19,30,10,3,0,0,10,10,3,4,4,7,8,66,1,38,2,12,12,25,17,13,68,7,1,75,0,5,3,25,0,23,12,7,197,22,5,4,3,0,6,61,7,1,103,0,34,39,60,6,1,28,3,6,8,16,43,2,1,21,7,18,53,8,4,4,5,45,4,6,9,21,3,2,5,14,1,14
"COG1066",322,262,299,270,255,194,292,189,225,343,225,300,225,298,253,296,288,272,274,240,285,206,227,225,355,284,295,372,233,269,265,251,289,393,151,279,240,224,256,228,210,261,283,251,376,256,216,283,209,294,306,294,305,213,310,312,141,247,298,238,276,324,284,241,285,320,228,273,184,260,309,291,285,219,307,221,280,253,242,303,267,319,283,257,264,210,215,253,300,277,259,259,212,279,320,278,236,274,237,221
"COG1067",6,85,69,26,15,27,341,109,9,17,11,22,57,66,10,7,45,26,55,112,24,15,72,48,7,26,135,79,7,19,28,15,12,55,17,110,19,9,41,24,10,31,22,20,89,10,3,24,59,13,16,196,24,25,3,165,145,53,15,0,51,44,25,78,15,14,101,10,10,93,52,218,5,30,49,9,98,16,15,97,67,129,14,15,40,10,14,11,40,28,58,30,11,15,31,12,53,35,68,41
"COG1069",102,23,25,95,84,77,10,189,48,12,5,45,19,26,47,65,42,14,73,33,128,8,35,52,13,29,4,16,84,44,72,128,42,17,18,21,113,29,8,56,9,89,44,77,2,162,64,36,18,86,41,27,23,25,53,5,275,18,37,13,25,35,11,56,19,9,67,5,9,18,35,41,31,26,13,25,8,136,25,16,25,0,79,15,14,15,31,30,6,19,63,49,9,33,41,52,12,38,27,47
"COG1070",677,875,735,793,611,792,1206,753,745,1073,1003,552,940,750,723,602,833,807,889,851,728,672,619,639,728,605,1204,968,741,539,845,655,698,418,782,887,677,682,730,689,732,709,993,621,647,794,718,722,764,691,623,543,579,829,600,701,1105,933,761,808,684,474,664,707,724,592,699,723,998,947,659,486,641,701,708,637,710,939,812,632,706,735,714,689,736,514,820,650,756,710,716,685,702,599,829,604,726,612,768,628
"COG1071",32,14,60,120,23,231,5,42,138,13,5,50,18,67,29,67,10,12,18,156,160,4,55,59,8,11,1,8,64,34,42,58,110,14,123,1,90,81,10,121,113,104,71,76,40,69,21,120,103,31,57,73,22,168,83,21,23,90,62,28,31,37,39,109,107,60,26,15,115,55,55,42,72,91,8,69,14,3,83,27,42,28,46,27,87,132,9,93,24,27,36,23,15,71,80,109,92,38,119,66
"COG1072",1,7,9,1,2,18,7,52,5,34,2,0,33,1,0,2,7,5,29,0,2,67,9,14,11,12,1,3,3,2,0,3,1,2,3,40,3,5,16,9,5,2,5,6,70,4,2,139,3,2,1,12,0,11,3,2,77,21,3,1,1,0,4,21,3,0,38,3,10,11,13,10,4,14,0,5,63,33,6,1,1,27,1,4,4,14,11,5,0,18,0,2,5,1,2,0,1,3,4,7
"COG1073",731,360,580,597,504,494,548,591,689,485,400,457,581,581,728,702,356,491,588,735,866,277,635,598,1078,557,510,324,523,631,549,626,570,584,644,441,601,804,357,421,824,671,652,478,535,527,593,340,614,629,548,406,522,689,772,567,470,606,477,463,500,413,703,552,622,623,522,636,576,637,703,541,606,613,411,629,309,575,821,505,481,385,639,768,727,508,391,600,599,495,445,599,374,571,655,707,875,579,687,541
"COG1074",280,527,480,485,329,373,656,451,304,278,426,559,465,644,345,416,645,650,326,442,259,645,506,381,675,506,555,617,526,499,398,372,544,659,272,459,426,269,589,436,294,388,536,537,709,199,408,705,401,395,541,683,540,255,397,683,292,393,492,434,677,583,363,527,604,508,495,486,212,547,390,858,467,381,533,416,589,580,277,635,590,457,500,398,466,439,579,483,496,522,527,442,453,440,437,372,313,328,350,646
"COG1075",20,0,13,17,13,17,2,7,2,2,4,31,1,146,3,8,17,3,5,0,3,83,32,28,1,5,0,5,44,58,47,20,22,50,34,0,23,0,9,30,12,18,23,15,0,5,6,1,31,20,89,49,21,11,24,30,31,7,9,21,50,58,9,15,26,34,18,0,63,8,2,14,28,0,27,14,21,120,12,24,53,0,32,9,5,24,15,18,3,28,39,53,9,9,6,10,5,15,8,40
"COG1076",139,28,104,55,94,45,4,74,112,21,93,34,142,17,151,118,67,127,118,77,104,36,66,73,212,89,87,144,66,68,100,125,91,89,55,115,59,103,86,44,82,114,63,69,64,59,63,23,66,101,52,26,97,120,99,48,99,55,102,82,59,57,80,75,61,103,84,95,31,93,92,48,74,90,77,81,71,27,103,40,44,11,81,124,110,85,29,44,153,60,37,102,40,45,68,51,122,93,83,78
"COG1077",308,408,313,349,336,209,420,179,257,185,372,397,355,389,327,304,363,467,273,340,321,442,336,395,334,380,406,440,350,354,402,331,325,356,209,314,290,247,349,312,277,313,405,324,457,315,377,322,363,340,378,452,420,253,384,444,166,277,336,344,402,437,291,354,330,353,301,317,201,276,378,501,353,319,407,349,339,218,262,476,391,307,331,297,368,252,396,340,380,453,425,313,435,347,355,302,333,324,365,334
"COG1078",90,24,54,79,94,110,4,21,112,35,8,33,10,40,99,96,30,6,65,69,66,76,36,38,11,35,46,3,84,44,23,51,68,35,109,12,65,103,14,71,88,87,44,35,56,54,49,57,61,36,102,56,58,136,110,80,1,99,91,63,40,34,36,42,83,111,48,73,145,57,113,67,111,81,38,84,6,35,148,34,35,44,93,135,88,95,41,106,67,49,66,97,101,113,130,78,163,167,77,88
"COG1079",73,154,84,117,57,44,88,75,51,107,40,115,40,373,115,81,81,70,33,39,42,144,106,149,29,85,38,63,123,189,65,119,87,92,84,13,111,41,76,91,70,96,177,153,64,100,56,248,57,82,126,195,110,50,102,93,160,111,66,73,202,95,96,123,114,92,86,40,87,51,81,97,108,57,115,87,59,138,57,226,108,103,123,66,76,82,154,125,17,86,152,124,76,71,117,125,32,54,71,82
"COG1080",127,371,177,147,226,114,566,426,138,488,51,381,174,282,151,218,248,195,238,187,151,665,222,212,82,294,213,236,307,491,201,186,237,278,154,347,216,85,224,250,122,205,358,185,416,226,290,467,323,238,302,202,310,102,239,256,602,282,163,185,285,330,165,390,178,272,546,113,180,180,347,184,264,201,337,278,310,439,102,318,292,461,159,209,226,105,507,269,98,459,330,247,284,185,267,243,106,116,245,272
"COG1082",323,445,315,285,276,467,573,305,413,169,52,306,138,517,216,227,139,165,323,320,241,178,270,393,66,201,114,172,295,357,263,345,250,180,347,178,301,248,152,258,311,215,303,387,213,236,185,467,360,273,266,534,184,222,254,233,591,388,256,175,333,227,235,329,288,175,277,137,500,229,255,221,218,204,223,252,151,414,230,278,309,193,267,189,323,425,323,301,99,193,303,272,179,198,299,259,190,184,225,304
"COG1083",143,92,46,73,74,71,18,63,129,15,95,126,109,45,97,68,88,26,80,69,95,20,54,94,18,123,56,22,126,104,61,112,46,93,57,7,77,75,262,97,125,137,83,92,17,79,130,6,74,111,58,61,144,146,75,51,33,61,76,118,79,142,79,51,56,60,44,55,103,102,188,82,69,113,66,93,96,24,63,63,58,46,57,43,136,146,60,89,12,77,102,79,81,126,94,81,64,42,175,88
"COG1085",1,33,15,2,5,10,225,77,8,260,1,10,25,12,3,6,13,13,26,23,7,24,41,14,5,20,44,21,4,20,2,2,4,1,5,83,3,7,11,13,9,6,23,12,137,3,3,74,17,3,6,12,2,6,5,21,75,28,6,1,14,3,33,25,17,14,51,2,8,30,19,3,2,16,2,3,59,18,3,3,21,149,5,9,14,14,9,14,13,12,1,20,1,2,9,0,22,13,20,9
"COG1086",441,255,247,484,263,597,63,181,375,94,218,282,132,310,184,260,300,87,164,317,498,307,247,364,108,243,285,357,326,242,238,354,332,239,557,100,355,311,143,593,345,498,274,355,156,392,226,162,343,353,478,471,374,654,538,372,208,375,467,460,294,443,387,343,475,320,244,661,542,316,434,507,565,554,299,519,293,452,563,475,339,159,445,368,603,487,278,458,131,393,464,469,315,482,463,532,553,372,504,532
"COG1087",232,249,251,242,205,180,328,210,164,300,316,320,246,301,206,228,262,319,215,211,207,342,242,205,295,302,274,292,240,248,335,230,195,379,173,263,221,193,243,236,183,206,291,277,291,171,263,373,244,256,240,291,250,180,234,340,232,220,242,237,326,290,246,217,247,245,207,226,168,246,198,310,263,204,246,239,285,308,143,300,257,253,247,231,212,198,294,242,293,255,286,242,271,259,240,233,192,257,196,221
"COG1088",380,289,422,365,328,296,213,252,400,284,501,269,314,277,335,318,232,222,465,310,363,322,260,276,323,313,283,332,262,270,339,325,309,295,519,313,302,337,244,440,392,340,187,404,346,369,258,223,312,373,365,187,329,430,315,271,179,281,332,361,268,365,330,223,270,260,273,412,343,251,284,303,357,359,294,373,243,173,489,291,305,319,293,341,319,294,249,328,404,253,263,259,293,345,361,308,465,264,271,314
"COG1089",253,100,107,337,266,246,7,154,172,26,254,199,199,81,263,230,179,226,228,245,262,20,156,152,187,156,229,233,295,163,226,145,264,111,151,144,240,228,163,206,277,287,132,195,141,294,108,6,204,217,169,85,173,226,224,118,26,119,192,208,97,107,140,145,243,205,76,205,199,174,255,111,258,164,162,128,168,11,282,163,168,19,205,284,183,233,98,162,185,145,177,172,116,236,149,268,223,233,228,131
"COG1090",20,4,13,32,11,102,0,65,44,12,5,13,24,3,14,20,9,7,22,23,33,8,11,17,4,15,2,1,9,7,6,20,12,5,43,19,20,32,1,41,36,34,13,39,8,39,29,4,10,17,12,38,8,62,39,16,71,46,32,35,16,9,21,48,57,9,48,10,78,27,53,11,5,40,18,28,39,8,74,6,12,0,39,27,38,60,3,47,8,24,12,11,17,22,24,33,16,16,13,38
"COG1091",381,260,308,274,298,239,154,137,292,148,196,242,158,220,274,270,211,140,194,274,299,277,210,244,162,287,197,211,247,298,276,251,279,221,354,122,273,199,234,448,285,229,170,270,247,300,234,186,284,366,304,150,271,271,289,136,93,223,270,201,239,300,252,239,262,226,193,326,295,176,231,177,334,309,271,280,205,186,318,280,217,293,267,263,228,218,317,264,274,223,227,215,259,259,225,287,297,214,231,280
"COG1092",231,303,273,305,296,234,242,383,190,98,286,325,294,379,274,296,313,258,288,266,228,210,317,250,315,328,296,298,321,360,340,258,276,334,213,274,276,227,282,215,254,258,289,351,271,273,284,254,298,312,310,347,313,179,314,315,375,219,303,281,357,357,262,364,297,321,319,252,202,279,324,369,261,253,344,273,394,258,273,349,365,201,299,288,328,257,321,293,258,381,348,290,256,298,290,293,262,225,241,310
"COG1098",18,11,22,17,8,0,97,8,10,26,3,28,8,76,7,19,14,15,10,37,19,88,40,31,2,8,28,18,26,62,33,12,24,31,12,14,10,4,19,21,1,14,41,27,68,3,29,96,31,14,21,32,30,2,15,35,1,8,7,11,38,30,17,19,27,29,14,6,5,29,26,39,16,12,16,22,14,45,0,45,13,41,21,11,11,13,15,16,7,22,22,26,5,6,20,12,5,12,21,15
"COG1099",0,0,1,0,0,0,0,28,0,0,0,0,0,4,0,3,0,0,0,0,0,0,0,0,0,0,0,0,0,0,8,0,0,0,0,0,0,0,0,0,0,0,0,0,0,0,0,0,0,0,1,14,0,0,1,0,0,0,0,5,4,0,0,20,2,0,0,0,0,0,0,0,0,0,0,1,0,0,0,1,0,0,3,0,0,0,0,0,0,0,0,0,0,3,0,0,0,0,0,0
"COG1101",75,178,76,93,136,52,93,35,21,72,25,159,62,201,84,90,104,114,62,53,68,127,74,129,39,148,36,104,147,212,97,97,123,113,38,40,86,33,110,126,63,78,187,96,171,99,122,320,86,112,129,122,135,57,109,131,46,103,84,83,159,173,80,148,91,165,116,75,75,46,149,77,126,85,157,139,79,221,35,210,110,113,111,77,73,68,184,170,42,138,194,101,182,61,143,140,48,46,103,95
"COG1102",0,11,1,0,1,0,2,0,0,0,1,3,11,3,0,0,9,0,0,0,1,1,1,0,0,1,0,1,0,5,0,0,0,8,0,0,2,0,1,1,0,0,0,0,0,0,3,0,0,1,1,10,7,0,0,0,0,1,0,0,1,5,0,1,0,0,0,0,0,0,1,5,0,3,7,1,29,0,0,20,5,6,3,1,0,1,1,0,0,4,6,0,2,1,0,3,0,1,0,0
"COG1104",155,499,182,213,280,77,181,177,79,244,55,450,185,583,167,247,308,209,158,96,150,516,239,266,76,430,99,216,334,453,245,257,300,355,123,131,209,106,322,268,99,219,414,216,346,154,403,514,423,270,341,519,404,160,283,345,170,208,179,199,408,509,208,393,199,356,314,146,111,119,341,417,346,192,383,336,273,449,76,511,297,400,281,166,178,112,484,366,79,448,469,299,424,191,289,280,115,149,262,279
"COG1105",32,124,53,61,45,44,153,133,32,93,30,83,38,86,43,53,78,76,82,39,25,175,88,64,28,105,60,71,83,133,37,47,57,62,30,117,48,24,69,59,41,58,155,27,106,70,102,210,115,59,91,95,101,51,89,124,222,108,66,60,141,179,64,154,54,127,220,62,105,132,145,57,104,98,142,124,72,174,59,121,118,204,50,50,97,48,238,140,36,172,152,75,164,55,108,106,69,64,123,105
"COG1106",343,281,214,203,663,427,129,40,271,206,284,301,484,103,219,252,616,480,332,170,89,128,267,289,261,300,740,374,286,275,518,487,252,388,486,146,260,480,718,191,497,369,193,255,419,509,443,245,219,305,284,171,346,221,147,269,100,283,424,298,303,308,269,163,202,285,147,742,212,374,177,258,292,311,408,306,448,252,521,322,441,174,378,443,292,251,351,364,532,242,325,384,691,258,61,283,529,301,361,269
"COG1108",172,145,154,161,143,142,194,296,224,213,247,209,223,122,175,178,202,222,212,214,186,259,168,186,226,180,190,231,143,130,221,194,153,99,142,193,140,168,226,171,148,157,169,218,266,101,167,284,170,152,156,219,123,173,145,143,450,161,197,188,176,165,159,145,209,184,276,166,160,203,113,178,164,169,115,133,227,70,142,147,143,202,155,156,166,177,163,193,213,147,112,143,152,184,217,156,179,178,161,153
"COG1109",727,1053,772,773,774,543,935,538,625,501,861,952,739,1011,689,724,803,982,616,670,614,808,781,821,807,881,827,958,767,1034,872,754,784,952,602,715,680,615,752,770,602,703,1133,807,827,605,844,867,862,863,859,943,872,627,736,1019,483,616,723,765,963,907,757,753,774,939,641,644,572,673,695,902,811,718,872,859,806,746,585,1023,968,727,848,719,744,708,976,873,799,820,888,870,727,764,707,757,674,741,747,757
"COG1112",1009,553,748,1032,691,1093,315,637,930,812,1317,530,717,313,916,1010,712,597,504,746,740,276,937,540,1619,642,811,1008,677,286,703,760,890,1099,817,546,648,841,729,856,1135,868,516,702,461,575,666,88,715,613,808,352,753,985,695,838,582,629,936,1700,849,416,655,508,1055,698,327,885,754,903,736,482,567,852,509,664,626,397,905,463,679,747,620,1046,831,720,518,733,776,735,492,835,756,894,787,788,1090,663,789,782
"COG1113",16,55,64,8,2,79,595,394,68,692,27,2,56,29,14,7,48,32,349,120,27,418,145,94,58,25,124,57,2,21,23,13,3,8,36,396,11,17,9,42,53,21,93,38,414,19,1,395,83,5,1,87,9,53,18,50,622,95,25,4,18,1,88,179,41,30,366,13,76,147,86,3,4,105,2,8,24,104,37,4,55,481,0,45,55,27,17,47,39,101,0,85,21,2,18,3,58,49,71,61
"COG1114",13,81,97,43,33,69,311,92,57,119,12,28,26,112,56,37,30,31,50,73,36,141,101,87,12,38,97,55,38,89,39,50,28,25,33,82,23,7,24,43,51,43,101,61,207,21,14,148,66,59,89,109,35,35,68,130,201,76,46,53,116,41,63,70,121,60,125,43,143,122,93,56,40,48,40,66,38,46,79,68,101,429,63,47,87,92,63,91,88,56,50,69,28,50,48,54,71,53,99,71
"COG1115",350,746,388,373,380,338,589,277,387,210,715,514,642,632,514,375,535,725,534,341,394,572,541,531,342,556,623,610,518,576,505,528,396,358,352,531,431,298,748,525,401,340,585,579,553,405,469,562,485,548,565,374,462,266,530,411,384,515,478,495,664,548,412,432,418,534,550,456,512,404,508,414,478,408,573,532,733,509,423,581,495,586,492,408,488,350,846,478,450,571,458,402,599,380,466,500,282,348,499,443
"COG1116",60,229,118,67,135,89,185,279,70,73,25,121,64,204,127,106,112,76,169,69,78,190,163,192,51,145,69,57,114,184,104,136,102,126,115,72,105,73,117,124,118,93,135,133,95,162,88,190,172,147,115,256,104,43,113,116,233,180,107,100,142,161,97,199,75,96,154,95,159,66,87,133,126,94,158,128,77,296,126,162,125,332,102,59,137,90,208,114,49,130,162,105,88,83,109,123,83,72,108,164
"COG1117",145,194,164,186,181,126,255,196,118,277,28,174,97,216,145,140,127,207,171,148,161,360,171,181,46,191,98,89,181,190,142,178,197,149,160,138,161,199,113,187,146,141,223,141,278,184,210,254,195,203,181,169,170,158,171,150,159,173,142,127,198,188,174,170,166,180,182,96,130,154,199,147,206,182,189,207,82,184,169,193,137,215,217,201,197,162,165,198,113,202,148,140,148,131,208,166,143,165,168,166
"COG1118",27,208,56,47,101,19,199,54,36,56,13,94,36,50,42,61,55,90,68,62,53,75,106,61,17,123,69,61,65,137,53,48,69,80,37,117,66,30,108,60,12,45,83,60,162,29,140,159,86,65,85,88,107,20,76,76,123,145,57,38,68,115,46,96,36,108,140,52,27,91,94,37,75,67,69,121,27,325,32,78,128,183,34,52,89,39,220,95,31,200,81,63,173,42,60,74,50,42,117,91
"COG1119",152,20,112,129,97,152,54,118,125,170,244,56,189,37,166,197,161,192,120,133,116,30,107,97,252,105,182,144,109,52,125,92,140,45,68,183,116,130,107,71,79,125,108,120,100,71,65,119,46,133,70,63,78,156,86,108,80,98,156,129,71,61,130,80,187,132,80,199,103,116,71,35,94,162,87,70,189,15,120,60,87,65,112,134,109,120,43,94,188,77,79,136,52,155,84,88,79,145,69,111
"COG1120",255,362,397,262,280,262,230,406,335,125,194,214,267,395,329,336,269,277,430,359,315,295,338,390,321,282,238,282,296,324,266,364,253,252,336,218,381,289,312,248,292,342,385,402,245,266,305,340,341,338,261,277,309,346,357,279,245,341,334,245,296,269,312,279,410,305,353,277,416,294,304,224,352,298,340,314,213,365,336,249,284,148,407,308,401,278,356,325,307,325,295,238,289,362,311,286,311,320,259,371
"COG1121",211,164,138,177,188,141,208,224,145,246,187,175,182,134,208,173,155,214,176,176,146,174,145,183,171,173,160,171,144,121,176,178,167,107,127,113,135,179,182,194,154,151,133,211,198,155,171,269,177,171,184,172,114,148,194,115,317,149,196,173,148,154,153,155,181,198,212,177,157,185,154,176,186,161,124,160,174,66,188,136,148,224,174,165,166,149,178,176,216,166,113,196,141,186,201,131,164,199,161,193
"COG1122",184,786,320,330,363,49,1452,395,187,1315,93,501,189,855,260,294,326,450,257,251,191,989,468,613,137,520,337,378,427,654,312,357,371,421,190,422,302,123,434,414,158,237,899,358,753,307,566,1439,447,305,415,790,361,163,309,539,307,447,205,225,614,481,715,391,393,429,351,202,195,308,287,391,335,297,384,390,320,940,135,598,531,1125,313,230,290,291,643,684,162,407,640,573,444,236,526,333,210,196,435,372
"COG1123",30,61,100,45,86,16,487,201,45,889,11,43,46,111,44,60,33,33,96,60,36,115,76,44,53,53,21,38,22,45,22,62,34,35,31,195,45,26,38,49,43,32,41,56,133,18,61,125,47,57,65,151,31,40,58,34,174,107,54,39,62,23,122,66,66,69,132,26,35,55,105,32,36,76,40,49,24,88,28,31,41,484,42,31,55,41,68,101,31,89,43,147,39,30,24,51,31,33,29,57
"COG1124",20,37,18,14,7,19,49,83,10,29,4,16,17,8,45,13,19,2,77,28,15,50,13,32,23,20,4,7,28,24,3,12,11,7,16,56,20,21,16,33,30,14,37,19,6,18,14,58,7,27,7,29,5,12,13,17,164,31,17,11,8,10,15,38,15,9,88,21,45,22,23,15,5,32,4,24,9,23,30,2,4,31,12,18,26,17,23,6,5,40,5,8,25,10,16,12,21,30,14,28
"COG1125",17,7,20,10,4,33,124,72,19,53,3,11,14,6,22,14,13,9,32,6,27,11,18,43,11,8,2,20,15,31,10,52,10,22,10,44,26,4,3,18,41,22,58,49,33,14,17,196,13,36,9,48,11,10,24,13,79,33,20,16,13,19,10,25,20,6,52,11,75,32,24,9,11,21,1,24,6,48,21,14,40,78,15,6,38,66,5,23,19,9,15,10,11,16,10,7,9,18,27,35
"COG1126",156,394,254,200,244,116,543,436,160,758,161,357,257,545,235,254,313,380,329,164,172,664,311,332,109,335,201,349,276,369,282,224,273,302,182,346,193,134,392,297,147,243,480,275,650,243,244,865,340,222,295,352,307,128,246,286,422,283,240,271,462,425,270,436,261,318,416,186,166,170,320,195,252,291,308,300,347,427,106,469,306,746,232,200,212,142,538,334,195,380,384,333,416,181,297,289,174,176,261,280
"COG1127",182,60,146,154,167,173,150,92,183,28,202,82,202,39,178,145,146,186,140,190,166,68,154,160,226,93,221,213,100,88,191,139,157,118,138,162,154,181,87,117,185,168,96,179,148,114,113,27,107,136,115,63,130,168,149,144,85,92,159,166,95,77,156,93,134,126,91,188,125,181,119,98,121,86,111,123,203,30,198,47,109,53,141,162,190,168,52,119,210,62,88,112,91,166,112,139,212,139,155,115
"COG1129",277,792,389,211,265,569,512,768,373,722,107,503,347,702,333,220,405,287,679,176,228,249,432,480,173,385,167,259,359,493,175,313,318,235,508,521,322,140,353,549,360,308,532,335,253,445,414,935,264,396,294,461,358,243,298,225,2051,691,277,224,403,453,195,626,232,298,1025,215,982,315,393,195,272,356,357,417,510,1628,281,837,319,520,293,246,349,271,795,351,101,438,521,268,572,176,327,297,130,262,250,263
"COG1131",816,1653,737,1159,1148,669,838,1185,1047,1087,540,1418,556,1384,658,832,1125,992,962,862,797,2251,1008,1282,513,1229,642,892,1215,1029,1071,1055,1113,1268,1147,654,1308,797,1257,1340,824,1024,1160,1160,1114,1015,1884,2481,1198,955,1313,1568,1256,932,940,1022,1237,1221,902,811,1193,1576,961,1336,818,1048,1405,939,802,785,963,1337,1302,1200,1330,1424,857,2742,761,1303,1539,1269,1065,699,904,1065,1687,1325,616,1422,1466,1194,2237,911,1114,1180,909,768,1270,1194
"COG1132",1563,4390,1703,2413,2642,1338,3099,1848,1480,4004,1175,3454,1935,5134,1433,2117,2380,2289,1811,1519,1842,4961,1868,2646,1241,3510,1463,2153,2808,3523,2299,2202,2868,3106,1912,1870,2361,969,2895,2519,1437,2373,3143,2251,3386,2196,3105,4938,3034,2250,2796,3551,3583,1405,2208,2365,1987,2534,1848,1933,2987,3536,3170,3269,1902,2688,3038,1652,1832,1304,2689,3642,2738,2245,3446,2907,1646,4541,1466,3696,2731,3035,2200,1556,1899,1928,3834,2936,1181,3764,3723,2674,3383,1744,2743,2817,1590,1360,2560,2675
"COG1133",4,0,1,1,0,13,2,55,6,16,6,0,4,2,0,0,3,0,38,2,0,2,6,12,11,2,0,0,2,2,0,3,1,0,2,54,1,3,0,7,11,4,7,8,5,4,0,10,0,0,0,13,1,9,2,1,97,12,2,0,5,0,7,26,1,1,73,3,8,6,27,0,0,14,2,1,4,10,8,1,0,0,0,4,8,0,0,1,1,19,0,1,4,1,2,3,0,5,0,3
"COG1134",92,273,103,105,176,17,245,127,105,472,30,182,68,159,149,108,137,85,100,127,181,276,168,146,43,238,93,98,197,158,95,131,158,181,143,78,124,137,178,163,172,145,147,98,91,83,205,300,179,117,197,214,222,144,139,130,179,199,72,91,184,233,111,181,123,158,219,108,118,77,197,220,166,275,223,174,73,322,212,199,165,288,114,123,156,86,267,138,52,200,252,207,177,109,211,181,264,78,251,145
"COG1135",31,87,58,52,50,43,184,47,37,178,10,59,105,137,45,70,73,39,122,63,48,213,81,94,26,74,49,51,50,119,51,70,57,61,31,99,53,19,80,55,53,29,146,65,131,81,48,241,64,59,121,94,100,28,93,94,102,91,73,70,139,121,99,160,105,96,126,42,71,85,97,64,85,48,96,108,294,139,35,155,91,273,119,59,82,65,158,87,56,89,147,87,79,88,76,118,31,55,95,62
"COG1136",1191,1320,1051,1226,1262,899,1050,1006,1064,1943,1097,1460,949,1596,1178,1251,1336,1119,917,954,995,1351,1055,1138,1002,1225,1166,1126,1237,1311,1007,1170,1311,1281,1042,1073,1175,1084,1508,1336,948,1161,1191,1151,1349,1126,1452,1513,1416,1025,1358,1364,1369,1017,1229,1262,523,1104,1084,1047,1323,1649,1189,1240,1125,1295,1037,1174,800,864,1262,1391,1399,1142,1456,1376,1247,1827,938,1330,1440,1581,1125,1175,1096,980,1359,1224,990,1223,1491,1401,1672,1166,1259,1289,1058,1083,1120,1346
"COG1137",124,51,136,107,146,132,63,122,152,23,203,80,195,35,152,129,136,180,148,171,116,62,156,99,198,109,192,162,93,65,123,97,106,86,173,170,125,179,100,110,163,116,56,133,103,89,68,15,103,135,100,56,100,145,135,142,72,90,142,154,111,64,141,91,143,117,84,189,127,163,112,97,92,129,104,129,187,14,131,66,97,54,98,124,174,158,41,109,194,69,62,110,86,132,73,123,190,113,132,131
"COG1138",20,3,47,8,24,5,2,187,22,23,0,1,22,7,9,21,38,9,45,42,9,122,27,29,28,63,4,4,3,10,7,15,1,10,17,106,13,35,12,21,40,14,35,14,14,8,0,51,20,31,42,30,13,31,20,20,255,30,34,6,23,4,19,55,23,25,154,2,23,30,59,13,1,30,22,8,9,22,17,6,4,6,6,32,35,6,10,12,11,43,9,14,5,12,5,18,11,12,15,49
"COG1139",101,41,226,78,72,132,280,94,123,27,242,47,163,37,99,79,93,145,134,127,151,33,174,130,392,133,213,167,56,50,123,98,84,159,151,171,64,200,137,58,168,80,53,116,117,83,123,86,103,127,115,95,136,119,131,83,59,134,157,214,82,56,168,65,164,65,76,140,150,243,139,51,90,148,138,121,111,33,224,59,127,119,103,152,152,98,58,93,235,95,40,76,85,134,130,105,186,152,184,78
"COG1140",15,2,11,3,2,24,1,120,21,32,4,0,28,7,7,7,16,3,63,13,8,14,13,24,18,7,0,1,3,8,2,7,1,1,12,73,7,24,3,27,10,10,17,8,4,7,0,52,1,2,6,25,4,11,18,9,147,19,9,3,9,3,8,56,6,17,108,9,18,23,45,5,3,25,11,5,5,16,12,1,0,3,1,9,20,1,4,7,3,28,3,6,4,1,3,7,4,11,0,18
"COG1141",3,0,2,2,11,0,5,4,1,2,0,7,4,3,0,9,0,1,2,7,2,0,2,7,0,0,3,5,15,29,4,6,6,4,1,2,4,0,2,4,0,1,2,3,6,0,6,16,4,1,7,2,6,1,4,3,0,6,3,3,4,10,14,8,1,8,3,0,0,2,4,5,0,7,5,8,1,1,0,2,5,3,3,15,1,5,3,3,2,3,1,2,4,2,6,3,2,1,4,0
"COG1142",29,18,21,15,10,52,15,350,70,76,32,23,32,47,19,21,55,15,95,59,27,17,86,62,38,28,9,0,17,25,18,24,14,7,22,237,26,29,12,35,53,25,25,60,54,13,7,36,10,18,16,90,14,46,20,9,559,85,32,15,44,11,27,145,28,6,289,11,60,44,128,12,13,93,23,22,20,52,45,18,22,33,10,53,59,102,16,35,8,86,38,11,25,21,41,14,15,36,13,51
"COG1143",53,15,89,78,33,93,1,110,60,20,88,64,74,49,63,72,69,51,98,81,54,11,67,46,119,52,79,41,59,11,76,79,64,54,61,118,60,68,44,88,39,55,37,52,25,72,33,12,39,76,63,55,37,73,46,39,104,54,59,63,47,61,95,61,99,27,84,70,67,105,56,45,43,83,62,48,58,6,57,40,30,1,65,72,52,62,23,60,85,62,25,49,31,77,48,48,34,69,41,63
"COG1144",11,41,18,11,28,9,8,2,3,0,0,12,62,20,10,7,19,6,9,12,14,55,7,2,9,31,1,13,13,12,8,11,16,17,9,13,19,14,22,5,15,8,7,8,4,3,9,0,10,14,31,35,23,4,16,35,0,7,8,7,20,35,6,20,10,12,1,22,39,1,3,37,5,8,27,14,84,12,20,29,20,1,15,2,30,6,11,5,7,22,21,7,5,5,10,13,2,3,21,8
"COG1145",410,678,461,578,462,647,422,406,529,243,239,548,249,1053,462,511,432,178,486,478,486,392,535,628,190,602,365,255,662,505,404,597,524,341,515,277,648,413,355,526,531,534,971,522,508,468,496,470,615,628,625,978,423,525,466,635,386,569,415,430,588,431,530,442,574,396,432,473,735,419,444,411,454,520,464,518,369,775,584,688,556,370,684,345,630,586,664,635,282,512,557,484,475,563,773,454,392,503,494,567
"COG1146",62,73,42,54,66,41,52,85,82,82,72,62,46,39,53,56,51,43,45,68,42,44,69,67,73,55,70,45,35,45,64,56,34,73,54,80,74,69,33,61,64,54,33,75,57,46,75,35,63,62,49,87,50,49,47,49,103,81,51,35,52,46,56,60,75,61,92,70,34,47,56,43,81,80,54,59,52,75,63,55,44,94,68,60,64,60,54,62,78,87,44,63,64,49,48,63,57,64,62,57
"COG1148",10,35,33,42,13,30,15,47,3,22,7,28,28,187,43,21,13,10,37,26,34,50,38,43,2,6,8,16,37,23,27,39,24,16,9,10,58,10,20,25,47,17,31,64,13,12,36,57,35,71,25,90,20,29,16,32,0,20,36,29,48,31,33,26,51,25,32,26,98,14,9,49,37,15,32,16,16,75,50,68,36,34,48,12,53,57,65,58,20,17,44,25,10,61,19,35,25,25,41,37
"COG1149",1,3,3,1,1,43,4,1,0,0,0,0,4,7,3,5,0,0,12,6,13,1,6,4,0,1,3,0,1,0,2,9,1,2,42,0,0,3,1,4,17,1,3,7,1,2,0,4,1,51,3,1,1,2,1,0,1,0,0,11,2,1,9,4,3,0,0,7,0,6,0,1,0,4,1,4,2,0,21,2,0,2,2,12,18,9,0,0,6,0,3,0,0,19,2,2,0,0,7,12
"COG1150",0,5,9,18,5,9,2,26,4,2,1,9,6,23,9,4,3,3,7,5,6,15,12,10,2,0,1,10,11,10,6,10,10,3,0,1,13,2,1,9,14,2,4,13,2,4,10,13,17,10,15,28,6,14,5,15,0,7,21,2,12,4,6,10,26,6,4,8,31,1,0,16,7,6,10,4,4,31,15,13,13,7,13,1,5,48,7,19,3,6,8,1,5,20,2,10,5,5,6,3
"COG1151",269,412,244,234,219,238,321,164,262,168,392,305,141,295,234,194,344,434,241,204,317,341,255,246,97,318,435,138,316,269,169,286,264,193,319,310,275,245,310,254,299,269,216,227,244,227,347,298,353,308,284,251,280,213,284,189,222,358,190,323,240,300,301,260,229,244,352,149,308,247,347,195,249,342,300,339,247,497,302,368,275,339,337,197,286,176,391,275,279,336,255,240,358,237,223,313,277,180,343,263
"COG1152",1,24,2,14,11,3,7,3,4,23,1,11,8,202,7,2,5,7,4,6,7,20,8,26,4,5,10,19,11,17,8,15,10,8,4,1,23,3,23,9,5,17,21,12,7,5,22,66,7,6,8,34,5,2,9,8,0,54,6,3,34,9,17,8,15,19,38,3,0,5,12,15,11,10,10,21,8,142,4,103,11,29,17,4,4,6,61,23,0,3,27,19,14,10,23,7,2,4,7,12
"COG1154",552,448,676,502,478,369,409,335,502,432,599,513,588,528,532,636,580,696,403,545,517,506,399,412,804,511,672,681,548,497,624,544,561,483,432,446,456,462,668,561,523,545,457,482,451,469,467,303,502,528,592,411,509,454,545,438,214,500,517,561,470,589,406,444,567,534,363,553,397,403,495,490,549,500,547,490,646,399,526,543,522,364,572,514,582,442,506,536,828,495,533,576,403,513,579,458,490,460,459,583
"COG1155",279,224,199,282,284,190,101,141,290,148,24,236,143,310,320,314,147,103,241,206,282,160,211,292,67,229,102,85,251,222,192,302,301,176,285,65,258,322,112,295,269,325,410,250,133,210,312,280,245,289,226,222,99,192,208,205,113,231,173,92,131,89,182,122,181,174,89,115,128,139,124,219,190,190,152,235,39,318,179,191,116,92,168,179,149,202,210,246,141,162,145,192,116,158,177,164,182,221,140,180
"COG1156",170,152,110,145,117,130,60,82,140,95,12,112,56,175,186,143,97,37,84,128,174,77,138,155,28,134,36,32,142,140,129,207,151,100,131,31,158,151,49,201,148,139,223,130,68,137,179,131,148,162,276,286,143,166,296,218,138,299,188,113,203,160,210,167,210,175,126,123,184,129,143,263,228,176,137,230,43,396,253,210,169,109,238,165,147,246,218,317,141,149,169,237,126,221,193,191,165,229,180,159
"COG1157",11,141,41,23,42,17,6,76,18,29,5,96,60,11,15,13,52,38,14,15,12,183,24,37,27,95,17,26,56,22,31,27,50,50,40,41,73,17,55,75,26,62,19,25,38,92,41,3,101,32,45,26,96,37,25,16,240,27,40,31,36,130,29,76,10,70,103,10,70,12,76,31,45,55,75,44,91,18,13,41,62,18,45,23,57,15,89,11,18,131,82,35,148,31,37,47,27,17,68,55
"COG1158",80,136,173,124,96,116,91,158,95,235,200,165,106,80,155,148,184,164,126,107,79,201,111,73,295,171,165,214,145,110,112,94,142,167,74,130,108,99,132,84,113,131,119,94,127,137,117,141,71,119,226,187,220,135,164,287,163,204,288,238,138,220,192,210,263,147,200,326,99,237,151,191,205,222,228,162,254,179,206,203,173,251,182,197,198,207,217,149,305,271,185,189,221,268,187,131,130,229,163,223
"COG1159",184,177,180,199,180,195,241,164,204,257,249,202,203,234,157,180,230,251,192,202,157,239,225,239,240,199,207,277,203,183,224,198,217,228,175,217,172,168,258,253,146,188,230,223,286,169,166,187,225,209,185,264,208,155,167,277,124,169,205,220,242,249,229,161,196,197,166,223,187,190,143,275,173,138,230,163,305,136,148,215,215,238,195,177,183,214,216,241,236,189,222,192,207,229,216,177,134,188,178,166
"COG1160",409,427,418,391,458,341,564,329,454,445,408,409,387,430,385,386,457,452,453,415,490,399,455,449,382,403,455,504,439,371,465,402,429,387,441,409,398,456,382,436,431,440,397,434,479,411,496,403,485,481,474,471,461,401,493,437,228,456,435,415,442,421,438,404,466,419,352,429,445,521,384,557,445,485,435,478,420,458,476,430,483,548,427,457,452,392,433,452,550,439,407,467,505,440,455,445,510,400,529,406
"COG1161",36,148,47,99,85,47,90,39,32,86,21,119,30,196,69,67,90,72,62,30,47,233,83,105,28,110,58,57,111,128,73,65,79,114,26,79,87,19,116,93,40,66,134,59,219,98,106,341,97,130,98,179,133,45,88,138,53,76,59,66,144,190,57,104,67,89,91,63,65,59,101,275,88,68,144,80,64,112,24,156,109,146,81,54,80,70,158,85,32,110,147,91,141,71,104,91,45,38,89,80
"COG1162",190,202,216,284,195,210,66,174,184,95,236,205,204,254,167,175,256,246,217,171,234,230,225,205,274,192,198,232,209,212,225,211,220,246,220,206,233,186,242,271,275,224,232,253,245,192,241,240,231,216,214,321,223,216,232,261,157,215,237,275,226,258,226,196,238,187,220,229,261,180,244,317,247,224,226,218,195,175,213,224,201,160,182,208,193,181,217,189,227,234,190,199,232,247,192,208,168,193,220,165
"COG1164",89,235,72,177,142,69,73,96,40,104,32,204,75,703,87,105,173,164,88,28,108,490,113,185,29,177,72,121,196,296,131,131,158,212,83,126,211,51,206,127,30,110,182,160,173,118,142,414,118,142,191,288,234,42,128,152,106,90,114,120,242,222,158,208,109,146,160,81,140,51,154,352,154,92,261,161,107,137,62,420,184,196,180,99,119,118,295,123,30,273,254,155,188,107,149,194,64,49,141,175
"COG1165",189,99,258,199,148,294,196,150,183,280,602,111,432,54,230,236,235,283,175,264,93,51,163,173,436,250,306,333,111,52,238,282,226,234,301,259,217,231,211,136,297,136,128,213,168,228,126,43,40,178,102,101,149,265,124,174,100,151,253,300,217,118,181,87,222,106,153,211,207,227,102,64,202,241,248,135,160,68,272,96,151,227,158,177,123,126,110,160,314,101,64,203,134,210,67,164,299,130,49,131
"COG1166",282,34,310,215,177,228,9,235,237,32,410,162,323,78,224,259,230,355,225,278,324,12,196,154,544,157,245,296,172,93,281,239,260,242,216,256,200,236,159,226,161,280,121,166,116,179,127,13,151,239,170,65,163,279,183,164,147,191,276,222,177,148,286,204,261,204,154,310,167,295,181,119,211,285,163,139,276,21,244,116,143,12,223,258,194,229,76,156,337,173,112,181,108,306,232,195,181,279,233,176
"COG1167",164,502,218,313,258,216,421,329,265,437,100,478,172,561,266,223,328,264,553,239,147,749,337,375,92,363,159,206,433,447,244,270,267,352,296,238,253,230,265,268,246,282,740,312,394,285,332,418,413,270,382,371,341,159,259,372,347,326,245,208,466,406,308,420,285,357,411,131,530,243,276,261,313,233,412,330,311,632,180,417,394,849,267,180,242,235,436,380,99,420,556,400,418,218,342,296,154,165,270,330
"COG1168",401,456,453,385,391,432,615,383,510,551,348,332,355,266,598,391,292,473,498,437,525,393,376,396,488,394,503,354,411,330,291,373,360,354,459,421,397,434,379,437,489,406,316,310,289,363,366,441,431,402,350,249,404,391,469,209,380,411,391,346,323,327,416,360,332,326,312,417,501,333,354,349,291,357,355,420,307,173,531,256,318,515,485,451,462,295,287,297,355,268,250,370,331,366,386,398,510,436,445,343
"COG1169",109,30,141,92,64,130,5,108,187,35,214,58,153,38,100,80,98,136,134,151,130,39,114,76,182,93,146,165,62,53,119,77,121,89,100,150,45,131,115,67,126,104,70,90,77,73,73,36,49,91,70,59,95,149,85,95,143,92,154,149,79,40,103,100,143,88,107,178,100,110,114,44,102,103,75,77,126,24,127,39,71,11,82,119,109,96,56,79,227,80,48,70,65,123,133,81,108,138,77,93
"COG1171",161,273,180,122,155,123,382,273,223,267,206,211,246,156,190,152,220,226,242,181,158,138,196,242,267,224,327,214,165,258,208,191,148,126,144,309,148,144,268,145,243,166,285,198,264,162,218,315,227,244,185,193,168,130,210,185,382,210,188,197,190,202,171,266,190,214,296,257,267,229,301,118,187,153,254,229,233,313,215,219,164,446,171,170,234,172,260,196,141,207,180,159,187,157,151,166,198,116,224,165
"COG1172",148,652,270,116,196,399,266,409,208,439,69,241,244,397,248,135,211,110,429,95,158,134,224,307,130,194,66,146,227,231,87,152,151,122,367,261,200,118,194,429,243,216,326,187,137,214,285,678,163,262,154,340,162,170,110,143,1268,527,157,184,223,216,94,379,138,180,650,159,624,182,221,117,124,236,179,194,309,1128,240,530,168,486,194,129,234,184,525,251,60,179,247,139,348,114,134,157,95,146,136,147
"COG1173",267,493,274,254,258,188,813,426,134,747,62,299,130,648,272,272,234,231,377,252,195,521,277,316,130,323,155,229,268,421,203,286,197,262,203,379,274,83,264,346,192,196,458,262,367,189,232,712,288,314,280,502,286,126,261,295,687,430,220,189,293,243,383,411,236,309,471,191,383,183,352,198,251,245,236,322,111,618,233,370,264,825,249,198,297,191,463,295,99,319,293,324,351,196,210,263,178,175,265,286
"COG1174",21,9,36,14,15,57,153,105,27,68,5,10,16,9,32,15,21,9,51,29,44,28,27,50,33,7,4,24,15,28,8,37,7,7,16,90,44,5,8,30,54,28,71,65,33,24,7,157,21,46,14,62,8,23,26,22,135,29,18,17,22,22,8,48,29,8,104,13,125,39,38,19,13,28,3,22,9,73,39,15,39,133,21,23,54,58,5,17,16,22,9,8,7,20,17,9,11,15,34,26
"COG1175",550,1649,554,609,1022,347,1653,1062,365,3000,195,1202,342,1248,519,507,743,667,472,202,304,851,670,614,175,961,303,512,868,908,513,524,681,867,580,592,438,236,812,940,355,619,434,451,697,1410,982,1731,596,543,627,934,1043,356,553,470,1495,901,541,569,621,816,657,1243,423,1048,1072,458,651,264,790,559,651,699,1099,734,408,3182,362,1728,1006,1787,664,389,470,714,1288,841,179,943,1620,867,1534,380,614,869,287,305,723,598
"COG1176",146,214,79,156,143,171,97,163,170,118,196,229,212,204,201,169,231,218,267,133,141,190,205,205,58,196,159,196,153,196,198,177,173,126,146,173,150,146,159,149,167,160,182,149,231,198,165,216,173,162,176,192,172,158,162,140,224,189,163,226,191,179,185,216,184,165,190,177,148,120,208,103,190,187,208,182,202,190,163,242,179,127,145,185,144,128,232,221,186,183,237,115,182,163,187,177,164,175,158,170
"COG1177",212,181,120,166,160,187,87,186,152,188,178,213,196,234,194,217,214,209,266,132,146,293,164,203,70,236,147,169,193,214,183,215,194,137,123,178,175,155,198,184,124,182,221,162,216,159,183,255,173,252,216,204,156,139,196,176,260,159,171,181,179,177,195,186,202,205,278,155,153,148,202,107,195,220,197,210,185,329,118,253,162,221,191,167,154,130,272,224,190,220,200,169,254,171,172,138,106,203,171,212
"COG1178",123,78,150,83,86,170,237,143,102,26,24,101,48,272,174,79,106,56,170,131,95,148,158,140,54,149,83,85,68,77,65,90,54,83,163,81,107,72,99,80,191,77,219,138,49,133,34,70,72,140,108,164,80,37,89,81,361,116,93,140,132,74,35,139,127,108,114,41,450,75,101,77,56,45,118,99,65,57,125,250,104,134,96,105,120,112,83,136,49,110,139,57,43,81,79,121,53,76,100,49
"COG1179",138,175,150,166,146,87,152,104,97,38,219,177,157,191,148,97,163,180,140,124,146,144,168,145,156,185,162,163,164,180,192,143,162,176,107,143,132,145,148,128,141,136,169,159,177,135,193,106,163,157,177,216,184,110,170,170,74,147,163,163,188,186,142,171,182,134,142,158,115,153,167,277,189,135,162,179,184,140,143,180,164,158,169,165,174,128,211,150,190,166,154,130,194,159,172,149,129,147,152,158
"COG1180",173,252,247,220,198,311,389,346,260,417,554,204,284,234,162,175,234,200,218,181,191,311,275,260,339,201,201,323,188,236,168,241,206,301,341,378,210,218,315,265,294,211,242,245,313,202,177,458,282,191,201,388,244,207,211,226,416,327,299,204,251,270,211,226,286,173,308,216,307,237,214,248,197,262,237,262,300,359,292,252,310,479,184,182,296,284,337,242,456,255,238,184,250,164,172,223,227,172,206,231
"COG1181",202,256,283,253,194,226,315,339,190,343,294,285,282,311,219,213,271,259,233,223,309,386,276,241,402,282,251,308,242,239,259,221,249,369,155,281,232,172,295,227,179,281,329,249,331,216,276,408,225,245,236,302,332,246,285,246,282,255,232,246,315,276,292,288,310,243,264,283,199,283,226,351,239,276,291,215,320,316,186,316,266,294,241,219,257,235,242,249,283,279,297,224,257,232,219,212,197,171,201,264
"COG1182",5,14,7,5,4,14,0,23,10,20,0,2,7,16,4,4,7,1,32,5,5,15,17,9,4,8,1,2,6,8,8,10,6,6,11,7,11,3,8,9,9,2,15,18,0,2,4,37,1,5,18,11,7,3,1,2,27,11,6,2,21,4,2,21,7,3,18,1,1,5,6,4,3,15,3,3,13,3,3,1,5,5,7,4,9,9,2,4,2,10,7,2,10,1,5,8,1,8,7,8
"COG1183",174,74,175,111,204,140,85,51,151,37,205,94,151,74,164,148,162,201,147,151,110,138,147,106,241,125,167,199,115,102,165,155,134,124,199,127,118,195,133,118,161,123,95,123,129,127,142,60,144,112,124,71,129,170,137,125,11,124,160,148,121,96,142,66,118,124,47,179,138,145,102,105,110,125,117,127,120,59,167,93,136,98,153,177,154,142,114,102,181,81,89,148,131,142,112,117,213,194,136,130
"COG1184",1,1,11,0,0,0,0,7,1,0,1,1,0,2,0,1,2,1,1,15,0,0,0,0,0,0,0,8,1,0,0,0,0,0,0,17,0,0,1,0,0,0,4,8,2,0,3,0,0,0,0,1,1,0,2,3,1,0,1,0,0,0,2,0,0,0,0,0,0,3,0,0,4,1,0,2,6,2,0,0,29,0,2,0,2,1,0,2,0,0,1,6,0,0,0,0,1,0,19,1
"COG1185",485,452,448,453,482,362,633,412,389,403,462,536,569,607,422,491,528,509,486,450,409,214,424,395,651,472,481,602,397,465,542,472,405,492,311,447,421,397,422,426,401,432,436,449,426,424,409,467,463,525,531,611,524,348,455,564,317,426,522,508,538,514,471,546,470,542,390,467,365,448,447,729,455,385,523,407,483,388,382,577,463,495,526,417,474,393,454,511,512,418,504,478,345,481,531,361,403,519,423,409
"COG1186",295,253,264,235,265,229,267,251,241,299,388,282,285,324,263,272,298,297,233,238,240,275,286,232,343,311,312,290,237,266,277,257,209,294,259,294,276,241,310,250,249,269,299,254,314,211,248,275,274,264,287,328,293,242,248,299,212,278,238,298,324,284,273,280,302,278,254,363,233,251,307,305,281,298,279,259,321,255,267,295,297,311,280,247,288,209,292,275,331,292,264,269,244,287,275,257,217,254,233,233
"COG1187",171,247,263,229,196,142,211,291,136,262,147,309,238,373,155,193,335,198,293,207,197,393,233,257,285,292,242,184,276,242,234,239,231,323,152,259,194,130,282,194,119,172,321,230,298,221,229,389,205,219,249,328,313,126,231,338,317,216,190,218,322,291,303,321,290,237,282,212,149,220,220,276,234,217,356,207,302,261,148,368,232,242,272,152,180,249,293,290,171,319,281,241,246,239,207,215,104,190,143,240
"COG1188",77,62,87,65,63,73,26,55,73,31,69,81,75,88,108,67,95,84,93,66,66,79,59,86,111,87,44,81,68,61,84,68,49,74,93,59,66,86,83,50,97,78,75,87,94,56,88,127,87,76,85,73,61,62,66,84,76,69,95,88,79,72,77,65,61,70,80,71,66,90,86,73,59,63,96,87,86,70,77,76,78,49,91,80,84,92,66,85,90,73,78,67,110,80,76,93,84,70,66,87
"COG1189",59,146,53,61,62,31,144,72,31,187,26,147,39,195,79,64,82,78,56,35,58,180,85,98,31,117,57,60,91,151,88,68,69,83,51,63,69,31,105,101,37,62,115,77,153,94,90,169,79,65,103,107,100,30,72,79,51,70,49,69,137,150,87,100,62,109,77,35,66,49,91,112,81,63,105,114,60,144,33,149,82,203,79,47,74,48,163,110,35,106,124,108,133,54,80,71,42,41,82,84
"COG1190",411,313,403,341,357,290,420,433,370,397,425,372,405,423,387,432,391,354,405,415,411,380,390,360,444,354,345,410,385,411,399,414,353,452,314,438,391,345,310,352,334,382,429,385,388,339,372,421,393,421,421,397,386,380,459,486,386,323,392,352,468,399,393,375,458,448,405,367,295,412,392,471,409,314,385,372,382,295,358,455,356,387,440,452,379,343,389,393,417,386,366,390,373,432,442,372,370,411,366,361
"COG1191",186,603,143,334,293,68,205,182,92,166,81,505,129,607,149,202,322,222,139,126,120,442,239,312,54,422,126,207,437,510,252,256,308,472,140,108,250,89,336,344,125,214,453,282,352,209,448,253,377,187,363,607,475,121,237,529,258,299,201,171,422,663,238,385,183,354,407,128,119,132,280,758,293,246,469,368,268,519,74,553,415,353,309,188,183,151,541,360,74,581,577,338,493,177,370,309,129,119,293,321
"COG1192",580,792,479,521,473,276,562,797,418,880,1010,680,791,837,478,534,599,776,575,375,298,604,735,644,381,633,608,729,683,966,673,676,608,582,1023,556,590,581,832,467,387,417,590,738,821,457,713,762,558,596,699,718,675,297,661,655,679,623,646,650,689,586,699,602,568,463,665,532,360,508,814,705,686,750,648,876,954,604,349,766,710,723,633,639,563,445,914,670,1081,715,741,630,728,512,734,721,411,445,523,670
"COG1193",321,508,431,431,286,277,223,184,293,250,597,529,377,575,306,406,509,574,279,346,364,434,376,340,551,483,440,575,581,453,467,371,512,491,284,433,397,252,599,423,253,369,424,445,627,305,411,520,366,420,479,616,441,308,340,466,239,368,439,438,522,528,349,364,505,430,324,483,315,376,341,429,398,421,419,357,475,477,270,561,461,313,389,356,364,441,542,441,568,440,413,315,411,460,430,391,206,393,322,370
"COG1194",129,159,123,166,164,110,123,161,162,248,174,132,169,132,150,139,189,174,131,102,143,116,183,158,214,162,209,165,180,203,191,180,180,109,135,162,184,162,189,144,143,123,142,184,184,154,135,231,120,169,164,124,131,158,149,160,149,170,192,138,185,148,178,188,186,131,143,216,102,168,133,141,145,218,153,169,102,137,141,149,134,217,152,159,154,150,205,182,176,158,143,148,134,166,162,173,154,149,131,156
"COG1195",267,326,309,304,374,179,292,259,273,439,306,284,271,278,310,299,364,352,276,216,209,334,334,290,345,281,349,340,313,336,293,287,324,426,306,353,310,300,321,282,270,285,334,293,339,279,320,438,276,288,282,275,338,291,266,372,192,266,278,272,356,290,271,317,243,311,292,376,198,339,263,391,245,283,289,283,395,314,211,256,294,376,304,310,279,296,315,286,268,286,314,358,283,290,302,268,315,281,281,310
"COG1196",117,465,215,283,288,87,428,134,108,422,66,425,103,617,186,249,289,224,160,186,146,610,250,299,51,364,176,239,401,506,243,250,310,442,100,180,244,64,348,261,135,246,552,250,437,169,327,621,311,306,334,571,417,111,248,531,142,275,146,171,484,590,187,355,256,276,285,118,175,198,288,722,303,217,479,325,235,459,89,539,392,627,250,132,215,133,475,352,86,412,466,300,362,186,361,262,117,103,293,270
"COG1197",375,670,612,616,513,429,880,531,506,880,727,662,774,797,483,546,730,829,465,578,547,712,537,485,851,707,740,807,595,706,741,564,693,616,329,684,559,432,765,531,422,610,805,571,801,365,566,985,599,677,455,508,358,304,328,517,244,364,442,385,468,484,319,410,500,515,359,446,232,417,390,554,379,351,417,374,546,403,263,496,421,483,408,308,384,354,535,411,459,454,403,365,360,446,477,357,292,369,399,419
"COG1198",403,495,414,427,390,317,424,372,353,564,536,436,520,549,365,428,545,586,420,455,414,505,415,365,638,471,577,599,460,413,547,413,436,450,325,505,429,399,535,348,427,363,508,465,511,309,477,544,454,523,509,543,433,349,486,556,282,390,441,443,520,450,431,399,539,477,411,542,357,438,473,654,504,449,520,474,554,520,463,530,439,483,481,424,424,375,503,482,582,538,421,451,457,462,492,350,403,386,415,440
"COG1199",75,440,123,129,180,95,293,325,94,188,28,285,109,231,119,146,143,146,188,115,87,597,162,235,66,227,100,153,212,226,145,138,146,163,87,232,134,62,203,133,131,102,238,114,312,67,141,545,202,164,192,217,249,77,128,129,435,188,90,119,151,231,137,302,110,188,363,95,126,239,268,125,151,161,267,196,192,412,71,319,194,156,152,104,175,103,348,185,63,366,297,191,299,115,140,218,108,90,143,198
"COG1200",211,243,261,296,244,242,332,247,198,461,323,271,328,346,232,236,307,350,207,222,216,287,241,216,429,269,349,325,296,230,340,251,268,282,148,313,256,216,359,238,190,210,279,255,324,208,266,318,211,279,434,449,386,324,347,472,276,305,433,387,502,481,329,353,470,430,354,505,311,377,360,598,394,292,374,352,504,341,338,380,435,465,400,340,343,332,446,413,477,423,418,407,327,431,443,302,261,380,303,399
"COG1201",27,10,28,3,3,42,264,171,36,623,5,9,83,70,16,5,4,10,3,9,7,7,38,28,23,3,1,18,5,14,9,2,17,15,36,136,1,6,3,18,14,3,113,22,94,4,5,25,3,4,10,59,28,12,2,9,325,76,20,3,22,7,62,27,16,38,69,2,78,4,27,4,17,48,3,6,102,60,18,47,7,359,20,11,13,24,6,42,1,18,46,105,7,3,4,9,3,0,3,32
"COG1203",145,191,129,157,188,65,479,123,168,617,168,241,319,259,69,132,87,343,32,209,180,310,236,182,177,167,172,285,124,338,109,153,184,153,125,299,127,45,233,378,223,212,190,96,391,181,138,265,184,97,220,275,129,146,147,179,281,253,113,230,227,125,169,185,123,171,192,95,197,132,63,326,223,257,175,198,223,395,37,142,217,95,130,209,133,153,219,100,419,270,188,318,323,109,176,217,122,160,171,183
"COG1204",39,70,27,25,61,136,23,85,71,31,114,68,68,200,88,36,56,16,86,89,35,463,121,146,7,52,29,10,12,42,124,56,82,171,193,112,110,121,163,85,28,98,34,73,73,47,31,62,86,55,109,80,83,118,46,103,32,27,23,77,68,49,122,68,129,48,161,139,18,130,198,63,47,113,84,37,29,200,11,52,172,46,52,12,112,213,50,98,80,56,111,49,499,32,51,125,55,171,163,139
"COG1205",128,11,34,68,37,53,6,78,34,7,516,62,76,66,24,58,416,36,40,40,197,7,93,220,13,98,6,634,66,42,12,25,33,106,205,508,176,46,741,24,88,111,54,237,26,108,0,12,100,68,42,139,63,125,46,43,14,6,313,76,212,22,158,152,36,39,74,218,342,172,73,88,68,20,110,29,311,355,48,41,147,9,27,18,42,18,159,192,196,192,114,65,645,126,8,83,37,133,31,84
"COG1206",22,40,26,51,23,24,164,31,19,33,26,61,25,241,13,51,40,38,35,36,42,98,64,83,9,24,58,43,54,141,65,43,44,85,7,43,54,7,39,40,16,30,174,69,128,10,49,133,50,72,42,124,40,9,41,76,2,14,21,25,101,58,47,45,41,30,26,10,33,29,45,75,33,22,43,26,25,56,10,72,59,66,37,32,19,38,39,52,14,37,60,38,23,34,61,33,22,15,27,26
"COG1207",47,108,70,53,50,40,273,116,36,281,30,76,91,147,44,52,62,55,93,98,57,185,104,98,43,82,86,81,86,105,32,55,47,56,27,135,48,31,77,42,45,58,227,62,216,23,56,195,82,87,78,106,86,34,61,90,125,68,42,32,126,85,69,68,81,66,113,41,62,78,81,47,45,70,64,50,133,73,32,72,95,239,47,37,79,44,56,106,50,68,121,98,28,39,110,34,39,39,71,76
"COG1208",300,254,333,218,493,214,86,80,465,31,230,272,377,164,349,324,256,195,288,378,376,198,286,263,223,250,236,394,304,316,214,333,340,325,341,173,287,540,149,336,382,339,285,286,241,294,385,13,309,342,271,246,251,402,244,221,82,220,480,412,228,191,336,182,228,291,142,345,282,258,190,163,293,292,311,281,334,101,329,203,243,154,340,431,358,272,241,240,319,201,238,454,214,369,286,326,470,387,244,303
"COG1209",249,196,302,211,221,413,106,182,306,160,447,218,203,214,258,220,127,203,336,229,258,241,221,201,132,197,111,203,190,246,242,219,210,252,441,123,222,246,143,290,274,300,178,267,150,308,202,190,197,274,192,128,230,265,258,181,130,188,245,326,270,253,279,191,200,207,169,242,256,163,201,170,243,229,216,235,156,137,308,217,237,266,206,273,241,221,228,215,334,192,162,235,205,266,199,284,252,205,185,230
"COG1210",59,38,60,20,38,89,120,170,53,75,180,37,159,84,33,45,112,193,92,59,40,142,131,98,158,52,188,223,40,95,127,30,18,45,72,181,37,15,117,71,31,42,151,92,273,35,38,158,57,74,36,65,43,29,46,68,236,54,114,134,135,38,57,63,59,73,103,111,49,57,68,37,47,65,28,53,205,104,59,18,73,141,29,53,60,28,85,65,156,61,20,38,59,50,56,42,26,22,52,69
"COG1211",237,231,215,208,310,191,258,217,175,268,481,280,311,242,167,204,366,417,181,236,224,547,240,255,351,287,374,387,204,194,415,260,272,275,239,280,248,225,352,270,225,215,227,262,400,209,338,190,253,171,166,156,208,138,166,154,59,109,180,197,243,226,178,134,173,165,101,313,133,135,147,144,171,199,166,223,226,230,134,150,198,166,167,168,183,211,167,133,231,199,138,189,183,144,184,126,162,119,165,192
"COG1212",145,51,111,116,90,164,125,95,186,30,153,95,156,79,162,123,112,156,111,167,133,126,136,153,126,94,129,143,88,63,130,152,113,58,133,135,134,132,89,153,137,160,76,157,93,114,82,33,99,139,110,72,55,172,104,111,40,85,161,138,121,84,134,68,131,118,80,169,126,148,87,99,104,103,86,85,167,13,140,106,120,84,118,139,175,117,34,105,213,96,68,126,84,133,105,83,145,166,106,106
"COG1213",12,11,21,42,24,72,5,48,26,5,2,35,14,9,80,44,29,3,19,16,34,4,29,53,1,48,4,1,15,54,25,11,17,49,21,1,18,46,6,26,159,16,6,26,0,44,22,11,16,30,22,28,32,27,27,15,5,45,12,32,10,10,14,58,24,20,6,25,140,9,18,15,9,13,30,24,6,1,41,11,16,1,31,49,15,134,2,30,9,7,24,15,12,35,15,75,10,12,29,28
"COG1214",159,169,186,172,201,149,234,136,140,163,260,189,164,207,182,166,212,188,139,181,171,156,202,183,224,192,214,207,182,191,232,167,190,227,159,180,183,183,196,171,165,187,200,171,226,181,198,219,186,170,205,181,203,138,196,224,98,152,187,190,177,182,184,158,183,192,139,204,134,191,185,268,189,164,200,197,188,155,192,181,201,143,192,183,192,153,210,173,204,190,177,162,186,183,171,167,182,190,207,166
"COG1215",357,166,339,411,251,375,451,558,418,692,225,192,330,253,397,444,186,203,352,372,421,205,250,309,157,249,151,261,319,233,297,395,395,197,298,265,408,390,194,392,296,437,296,353,380,413,266,345,316,292,302,308,205,455,355,291,381,313,320,309,258,264,272,285,390,273,366,200,303,214,279,373,369,251,171,280,285,86,389,207,288,296,311,325,308,353,135,339,317,252,227,373,162,349,354,252,363,352,248,398
"COG1216",645,418,668,570,811,537,585,319,791,686,576,476,497,334,642,520,465,384,420,545,480,318,508,405,554,519,458,480,493,619,399,459,567,657,910,365,494,724,448,409,625,567,396,519,311,639,434,234,473,488,411,288,591,729,515,487,354,505,649,741,412,546,431,385,509,608,380,732,404,414,616,334,513,454,528,559,539,178,578,394,558,520,449,611,552,606,387,558,509,447,564,560,599,525,507,601,678,569,680,617
"COG1217",491,460,394,390,410,325,387,382,343,458,497,500,532,503,442,424,444,474,388,408,425,502,461,415,556,453,483,477,394,462,495,453,434,408,371,476,382,412,406,360,388,410,461,361,544,384,429,403,474,481,476,470,537,340,449,496,276,379,457,405,454,444,409,426,417,443,422,442,270,390,441,646,464,393,511,448,510,360,394,516,388,450,451,438,453,372,451,390,505,463,469,423,373,478,468,365,418,501,466,354
"COG1218",133,33,69,115,128,89,9,72,130,27,11,49,46,33,130,104,59,9,91,102,90,11,71,89,15,94,56,7,95,68,63,103,124,41,128,32,102,162,9,79,134,108,42,84,21,109,96,11,56,108,76,29,51,120,101,114,69,75,92,56,56,47,117,66,78,81,74,60,62,79,94,95,99,129,105,81,13,16,140,63,55,15,101,140,140,111,14,94,87,74,65,98,53,120,86,99,143,139,78,80
"COG1219",305,471,329,352,408,272,418,277,293,461,366,400,325,419,332,281,451,399,279,300,287,516,353,389,379,434,350,439,377,337,343,356,361,394,284,326,325,297,424,344,294,356,336,301,392,327,298,473,410,342,362,331,434,297,325,408,258,354,328,362,369,463,321,354,286,391,313,332,250,313,326,433,380,313,447,417,386,437,303,413,451,419,286,285,364,291,481,311,326,389,471,358,396,298,312,358,303,345,338,328
"COG1220",11,29,28,3,15,45,205,71,18,36,5,12,42,59,8,8,16,21,40,61,14,117,59,25,8,27,59,41,0,4,18,10,2,8,16,116,12,7,12,13,31,15,17,22,102,2,1,87,48,49,26,71,11,21,9,32,152,18,9,9,31,2,14,51,19,5,102,11,46,72,25,11,1,29,4,5,102,19,29,6,17,76,7,13,41,13,5,4,30,27,9,10,5,23,1,4,17,12,48,16
"COG1221",14,252,99,13,46,24,1041,182,40,83,25,15,40,39,62,40,58,66,224,246,21,287,128,52,33,53,309,98,70,55,45,34,22,21,33,365,42,59,87,49,42,73,103,65,24,179,73,131,177,36,12,43,23,18,27,96,190,218,68,14,32,37,26,63,33,57,189,23,96,267,103,49,34,45,55,74,26,208,47,28,192,125,45,26,101,46,229,85,127,61,84,32,35,15,58,24,148,96,145,20
"COG1225",95,74,102,115,118,100,30,83,132,135,78,69,83,60,147,111,87,77,107,80,87,150,89,119,110,112,73,99,122,79,91,105,92,102,155,89,84,132,138,80,94,120,61,112,92,113,97,67,99,91,69,45,89,123,70,83,84,89,79,100,89,72,95,45,73,82,92,92,70,111,75,67,69,137,99,86,67,101,94,56,84,74,81,134,92,109,101,73,122,96,90,126,173,93,98,94,134,110,86,127
"COG1226",146,67,104,73,130,206,73,457,155,142,27,57,110,98,149,132,129,31,217,114,131,295,116,181,65,102,66,18,97,85,139,118,73,58,200,249,97,188,39,146,218,136,145,75,93,171,99,118,104,104,109,109,59,167,120,93,483,129,102,91,108,55,120,344,87,113,312,129,162,188,279,80,69,206,125,107,25,69,214,97,114,43,163,203,188,55,56,78,128,185,100,96,77,132,126,130,200,137,116,134
"COG1227",80,250,126,136,124,59,270,113,41,68,23,182,71,182,105,112,120,134,91,90,91,281,106,111,44,143,128,139,139,244,115,125,109,160,74,74,147,37,202,113,70,104,127,123,194,52,140,343,168,119,171,147,176,27,152,166,95,131,95,112,203,276,92,144,96,194,197,59,96,91,154,378,149,104,163,179,123,283,48,227,217,132,106,103,102,77,369,143,64,236,151,106,211,98,116,113,89,74,137,186
"COG1228",220,147,208,227,221,268,46,161,244,122,17,229,79,341,238,255,113,65,118,201,221,73,130,247,90,114,89,55,221,190,141,230,191,197,211,95,224,157,118,262,187,241,277,183,104,231,183,112,150,197,172,105,119,141,150,131,72,139,128,87,155,121,119,122,146,136,66,106,172,57,115,101,185,97,113,113,54,83,184,130,110,113,179,124,160,132,116,153,50,118,159,126,62,151,202,149,109,174,118,152
"COG1230",12,8,38,55,15,106,59,97,34,175,8,26,27,19,17,31,18,5,94,31,35,52,36,14,38,83,0,6,20,12,24,26,39,17,58,53,44,33,10,129,49,32,30,47,88,41,14,67,46,39,24,42,21,36,18,34,70,35,30,29,21,13,95,24,63,11,42,13,47,48,54,25,12,117,69,15,12,19,62,43,21,70,59,44,39,64,18,37,64,50,23,45,23,35,5,32,19,30,14,37
"COG1232",83,35,36,45,40,43,169,121,165,359,12,104,7,89,38,18,20,29,12,140,38,32,75,65,9,40,58,19,50,28,46,44,61,92,255,102,53,97,28,128,260,82,113,73,42,60,54,29,160,30,85,54,64,124,37,128,17,116,153,29,51,116,63,70,63,81,18,22,52,44,11,312,53,73,45,41,25,91,77,49,27,180,70,83,37,96,52,84,13,21,73,133,47,24,29,66,68,26,76,52
"COG1233",79,31,64,37,58,26,0,34,33,8,158,41,34,30,62,34,14,8,33,72,37,9,29,32,1,27,30,18,14,55,24,21,30,10,51,1,61,121,11,43,137,28,24,45,2,85,83,3,58,53,92,51,19,51,86,49,0,41,50,35,13,33,44,27,74,13,9,23,104,22,93,56,47,17,20,78,2,10,166,15,25,12,55,59,106,23,4,36,24,16,25,26,16,93,33,67,95,16,70,27
"COG1234",192,241,254,169,195,148,219,162,186,121,254,214,222,103,235,175,205,230,172,171,187,211,175,156,289,245,210,247,196,214,191,180,206,247,190,184,182,159,267,193,217,171,109,167,221,147,210,258,218,182,182,126,219,180,172,177,169,223,183,228,169,234,194,186,206,191,205,239,163,190,209,175,186,251,262,203,206,252,177,198,212,180,193,199,225,189,287,188,267,254,222,150,256,237,190,209,164,193,194,222
"COG1235",325,255,349,339,443,237,157,228,357,105,388,330,311,221,330,298,352,362,313,314,252,182,448,295,404,345,409,354,282,247,397,272,276,420,279,302,294,335,281,270,298,297,281,283,298,294,253,215,309,262,276,325,421,306,279,338,143,259,398,350,311,273,257,252,333,257,208,382,228,246,235,322,346,274,298,256,355,171,278,264,323,200,320,340,290,310,248,257,401,244,381,364,264,300,294,308,310,319,286,305
"COG1236",92,225,97,118,114,14,211,140,42,65,34,165,58,188,77,88,122,112,68,54,71,85,83,143,21,163,92,102,135,203,147,123,105,128,37,59,114,21,108,117,51,83,213,146,104,147,102,143,159,86,129,289,129,75,113,270,83,98,95,94,162,182,86,162,75,157,147,76,48,74,138,210,132,99,164,141,55,57,32,265,172,93,110,71,116,45,212,122,46,236,226,91,184,81,170,117,67,66,121,101
"COG1237",46,27,48,70,34,127,60,23,43,18,138,23,101,28,35,34,13,11,25,38,37,37,44,49,8,16,31,125,37,31,13,35,61,20,110,86,45,39,10,88,62,36,12,41,65,50,32,12,44,39,29,40,18,59,43,30,46,33,105,25,15,17,19,10,78,22,9,21,140,58,19,17,41,53,26,34,9,2,64,24,86,7,38,23,80,58,40,30,140,18,46,20,8,43,24,42,44,25,41,57
"COG1238",106,24,86,83,73,96,1,50,84,5,105,45,115,22,85,90,82,61,82,81,104,17,51,71,157,77,98,77,62,37,87,104,87,87,56,82,94,91,56,60,82,68,39,88,58,85,56,9,51,80,73,25,95,82,91,55,22,73,101,98,63,49,91,61,83,58,46,114,41,98,66,46,72,98,73,52,114,9,100,37,55,5,74,86,65,111,39,53,131,60,25,76,51,79,82,72,76,113,69,63
"COG1239",3,2,4,7,7,2,4,3,6,9,0,6,15,115,7,2,23,26,9,5,4,38,4,29,6,5,1,14,11,14,4,2,1,4,10,8,6,1,14,32,16,10,39,20,21,10,3,12,5,45,11,19,2,5,5,12,0,14,4,3,69,78,20,12,7,7,9,13,80,3,4,36,3,7,44,5,33,0,6,34,10,13,7,0,3,10,5,14,16,5,40,25,20,4,3,5,2,4,4,7
"COG1240",6,0,4,5,1,3,0,0,0,3,0,5,10,39,3,0,13,8,4,3,3,15,0,8,3,0,0,4,4,0,0,6,0,1,3,3,0,1,5,8,9,6,15,3,11,3,0,4,0,9,4,24,1,5,5,7,0,7,9,4,46,55,9,11,7,3,2,12,48,3,2,22,1,2,26,2,23,2,2,19,4,13,1,2,5,5,7,0,7,2,29,9,4,6,5,2,2,4,1,3
"COG1242",138,201,171,115,171,156,158,96,170,63,174,178,147,85,172,140,194,146,145,129,119,150,115,102,211,201,207,147,152,103,139,143,129,185,141,144,104,159,144,140,125,143,165,120,132,156,151,214,166,136,152,109,166,135,92,198,133,163,148,143,162,195,153,111,145,164,158,207,138,190,124,249,163,173,168,134,157,164,119,155,150,124,161,142,133,166,186,164,179,187,168,175,197,143,150,116,129,182,130,194
"COG1243",18,10,9,13,11,16,11,29,12,6,9,18,8,72,16,13,28,12,8,4,9,23,32,42,7,12,4,6,23,15,17,12,15,42,2,4,9,5,17,18,6,12,162,18,20,8,14,17,14,32,13,103,28,16,5,116,1,17,6,10,53,22,8,9,37,15,7,13,35,8,4,110,22,14,33,11,17,35,5,34,30,51,19,8,16,17,10,48,4,16,43,20,10,14,44,5,7,7,14,20
"COG1246",14,6,15,7,12,16,44,112,6,17,3,2,22,11,7,9,15,3,30,22,10,45,26,33,12,18,21,9,6,20,23,14,7,2,5,81,18,12,4,15,14,12,8,16,2,7,0,9,13,7,11,15,2,19,6,16,131,12,6,11,10,7,7,52,15,14,68,6,21,24,24,2,3,19,7,6,30,15,9,6,16,0,8,13,33,14,2,4,19,16,3,1,4,10,4,8,22,14,30,15
"COG1247",90,131,59,93,139,72,157,78,65,175,15,135,79,146,130,68,79,66,103,34,48,154,87,78,35,126,102,63,72,161,84,93,90,101,99,51,81,86,71,103,81,75,104,88,129,86,87,171,142,78,110,92,108,74,96,97,62,68,84,78,107,103,134,117,86,153,110,84,59,85,128,74,94,129,145,109,76,133,80,115,109,140,86,157,91,82,141,76,60,111,98,117,91,92,102,111,115,96,81,133
"COG1249",476,164,420,468,388,639,352,490,630,389,37,209,176,166,479,506,171,54,473,566,606,147,283,396,172,237,177,75,343,269,236,441,414,238,482,255,465,432,87,524,478,490,310,401,259,439,268,884,300,342,299,341,251,548,410,274,531,474,379,212,208,217,393,379,441,456,425,221,481,431,340,266,337,470,224,298,168,116,599,206,241,231,370,459,450,440,78,380,225,235,197,342,155,396,372,378,441,449,406,365
"COG1250",131,94,45,69,74,82,103,241,47,216,28,100,61,98,39,61,109,56,148,62,46,35,149,124,29,109,17,60,96,123,45,78,57,67,36,181,63,28,65,125,64,58,141,108,128,67,68,132,45,68,118,112,69,74,85,90,429,109,74,59,89,95,77,193,62,94,265,52,90,67,139,63,63,112,86,115,63,61,43,123,100,179,64,71,62,62,119,108,34,157,96,45,110,62,64,84,29,47,71,93
"COG1251",18,23,58,4,7,38,5,164,49,82,12,8,33,2,17,13,24,5,115,21,17,71,25,45,25,15,7,4,9,22,6,13,2,3,47,74,5,10,11,17,33,19,38,16,2,16,7,90,9,7,5,38,3,15,6,2,201,31,2,3,5,3,10,45,3,5,124,4,29,32,39,3,5,24,1,14,4,30,20,2,3,2,1,12,15,6,5,13,4,26,8,1,8,5,7,6,6,7,1,20
"COG1252",32,16,67,91,25,196,58,72,107,63,201,69,165,16,34,74,68,121,56,142,121,7,64,49,65,59,81,106,80,19,91,50,105,68,81,96,70,49,29,94,66,99,43,90,127,64,20,73,74,34,27,41,41,95,44,14,61,54,45,55,42,26,16,43,63,21,40,31,42,52,63,23,35,41,11,25,56,15,76,18,37,14,46,15,61,51,9,31,50,24,10,22,19,51,33,47,66,21,62,37
"COG1253",584,527,633,619,665,626,685,572,610,739,679,627,647,623,636,623,534,666,556,664,498,665,650,590,861,570,646,706,605,573,637,525,631,680,510,627,578,595,630,518,538,518,598,647,659,524,472,558,532,596,637,666,582,563,529,552,428,486,659,635,648,547,584,536,708,566,487,681,524,632,510,465,529,542,593,549,637,383,559,501,664,625,583,593,647,688,519,588,719,563,659,604,613,679,533,519,544,691,536,683
"COG1254",6,58,11,19,16,8,20,22,7,69,3,24,9,14,7,7,13,16,21,11,9,90,13,19,7,25,16,16,33,19,7,10,11,15,10,29,18,8,22,13,10,12,5,10,42,6,21,89,27,9,19,14,26,6,13,20,21,34,15,8,12,23,21,17,5,33,28,8,9,13,23,5,22,15,15,19,8,85,6,22,18,79,11,15,8,9,59,25,8,29,20,17,52,5,15,25,8,6,23,12
"COG1256",25,358,73,78,120,59,8,64,27,10,15,240,112,19,41,36,140,86,39,6,31,379,41,65,15,284,38,60,124,25,61,46,115,120,103,88,123,15,162,144,37,129,43,59,84,140,90,15,230,60,121,52,239,44,54,43,117,34,75,119,91,276,39,124,13,127,161,73,47,6,164,52,125,107,227,155,207,29,15,99,176,54,92,20,107,40,196,22,41,310,212,108,269,90,87,111,79,39,165,159
"COG1257",0,1,12,0,0,0,2,3,5,18,0,1,0,4,0,1,0,1,0,0,1,93,1,11,2,1,0,0,0,1,0,1,0,0,0,3,3,0,8,8,0,1,23,0,75,1,0,144,0,0,1,17,0,0,4,1,0,8,3,1,4,1,1,2,7,0,0,4,4,0,0,0,0,3,1,1,0,2,14,2,0,40,1,0,2,14,2,2,0,0,1,2,0,1,0,0,0,0,1,3
"COG1259",73,17,45,87,39,80,0,29,60,5,12,54,16,21,47,48,11,3,24,65,68,8,19,37,111,41,8,6,79,18,38,65,83,13,53,4,78,69,2,58,55,62,42,39,2,37,33,0,38,50,49,18,28,87,67,19,0,45,45,33,29,42,42,30,58,30,18,25,52,54,36,31,66,67,14,41,3,0,56,27,28,8,50,64,39,57,6,44,58,39,32,55,31,69,48,57,40,72,46,49
"COG1260",166,42,146,129,108,77,101,25,122,152,302,93,205,36,157,126,167,280,142,161,212,17,129,93,370,93,200,275,111,73,191,154,148,158,106,201,126,218,132,74,110,179,77,129,106,132,121,9,107,119,101,54,134,148,112,65,1,126,185,240,106,97,145,70,138,124,36,209,80,108,114,85,126,82,110,126,134,9,126,67,100,18,184,143,99,89,76,89,271,45,66,121,102,144,141,111,161,170,119,120
"COG1261",2,0,1,1,0,5,0,24,7,6,1,0,15,0,0,0,2,0,0,3,0,0,7,8,5,0,0,0,0,1,1,0,0,0,5,20,5,1,0,5,1,2,0,1,1,2,0,9,0,0,0,5,4,0,2,1,28,6,3,0,2,0,0,17,0,1,29,0,2,7,20,0,0,4,0,0,39,8,6,0,0,0,0,2,5,0,0,1,0,10,0,1,1,1,0,0,0,1,0,3
"COG1262",188,94,319,137,146,258,9,251,158,14,608,184,185,50,201,133,231,205,80,292,506,14,207,263,509,81,304,264,62,130,374,230,140,126,176,173,327,326,568,38,427,180,95,291,171,134,142,5,271,163,213,368,109,210,244,142,0,241,292,244,200,135,116,384,245,167,46,306,160,210,176,153,103,163,60,213,575,9,350,74,178,31,191,114,234,278,69,137,255,71,101,127,97,287,184,316,311,82,168,193
"COG1263",359,677,280,266,258,386,1196,879,280,896,102,336,211,235,263,442,265,361,776,369,287,934,461,309,208,447,460,318,363,1013,349,316,208,228,230,792,164,143,446,466,366,220,501,192,927,228,450,1686,337,536,348,326,266,134,358,422,1696,744,208,182,252,336,265,454,185,389,988,275,541,405,472,217,332,358,237,490,138,1052,319,337,264,947,151,359,419,262,1060,456,192,439,296,270,455,249,181,375,260,186,476,465
"COG1264",389,631,197,252,269,361,987,836,268,867,115,345,184,261,242,430,261,306,670,300,224,983,445,281,180,399,400,268,375,798,293,304,204,202,205,721,153,117,447,398,318,177,485,178,956,191,427,1483,268,455,291,317,222,134,321,405,1594,690,196,148,251,335,247,467,141,361,918,224,503,394,458,186,316,339,210,481,123,985,330,329,243,879,147,363,394,256,1090,403,166,386,293,243,376,218,188,331,182,137,427,410
"COG1266",225,320,224,221,259,177,56,214,174,108,298,187,233,248,188,210,284,239,190,124,160,127,209,184,472,276,310,259,225,180,266,158,229,296,274,203,169,235,272,295,202,196,141,210,209,167,256,372,283,146,254,164,285,188,224,165,136,149,240,216,208,231,211,178,202,238,193,323,173,137,237,153,267,224,288,279,266,308,202,216,261,140,186,194,217,218,319,176,211,261,248,215,332,208,232,224,247,163,249,196
"COG1267",76,6,59,51,49,26,1,28,52,9,59,35,92,14,61,61,9,91,40,56,75,37,34,38,85,23,9,57,54,28,83,63,37,37,24,89,40,58,87,44,26,46,31,48,68,48,26,21,28,59,27,36,20,50,49,35,52,26,48,110,47,35,19,21,41,46,36,26,55,28,19,45,42,60,29,25,42,3,34,13,55,0,51,61,29,38,12,33,77,35,19,67,36,39,27,28,42,47,37,54
"COG1268",41,168,58,59,75,12,202,45,30,172,18,102,36,139,84,55,72,52,42,42,39,185,77,92,21,84,90,71,88,112,58,58,60,81,58,61,78,32,81,85,41,52,123,68,113,43,111,188,98,46,90,90,100,32,57,96,71,81,53,43,120,116,70,60,57,126,81,36,46,52,66,67,61,67,103,72,62,159,38,105,92,192,67,38,61,37,126,94,39,102,104,89,116,36,93,81,47,54,72,81
"COG1269",305,230,236,275,282,230,117,154,295,170,23,201,128,326,289,292,162,94,215,218,240,161,248,322,80,229,120,78,242,268,224,338,299,192,280,55,260,332,123,303,276,285,469,273,139,213,456,314,236,316,290,333,175,287,309,313,169,314,226,142,205,200,285,208,282,245,164,190,266,234,217,293,254,271,210,315,74,488,302,300,203,153,246,289,252,333,290,386,194,195,235,294,172,260,199,215,258,320,233,292
"COG1270",90,145,100,105,108,85,201,59,114,58,12,118,75,102,146,178,61,60,124,101,151,55,73,99,29,111,77,66,136,134,99,123,119,82,75,49,124,74,65,104,74,133,105,104,105,113,69,88,126,134,85,70,109,141,108,101,37,139,67,50,115,139,101,144,90,163,99,88,119,85,83,62,120,86,137,99,96,85,88,95,98,92,99,105,121,99,122,69,66,96,130,119,107,107,150,135,105,143,136,132
"COG1271",132,32,144,93,71,123,94,105,163,42,117,77,119,53,129,163,81,127,157,176,153,44,92,79,74,102,130,136,106,58,122,147,112,107,62,111,118,113,88,89,83,141,94,122,110,66,43,88,67,120,157,85,145,199,160,142,118,122,193,196,119,99,188,170,215,210,108,184,89,191,102,101,158,186,133,90,141,19,167,101,132,14,173,156,178,180,65,168,218,128,78,118,66,239,200,147,145,221,167,161
"COG1272",96,149,120,95,94,102,190,127,120,304,114,87,82,81,95,74,114,94,90,114,106,195,158,133,151,84,147,83,92,96,95,143,79,157,106,116,151,149,131,116,136,124,148,117,110,123,166,167,154,110,129,125,162,92,113,134,64,153,101,96,95,120,87,87,109,100,119,119,130,78,97,173,108,93,77,129,73,229,127,113,142,195,75,90,138,106,154,122,101,110,121,132,94,101,128,125,154,137,136,106
"COG1273",0,0,4,1,0,0,0,5,1,1,0,5,0,0,0,0,0,1,0,0,0,1,0,0,12,0,0,1,1,0,1,1,0,0,0,5,0,0,0,4,1,0,1,0,0,0,11,0,1,1,0,1,0,2,1,0,18,0,0,0,0,0,0,0,0,0,0,5,7,0,1,1,7,4,1,0,8,6,0,0,0,0,0,0,0,5,0,0,0,0,3,0,1,0,0,0,0,0,0,1
"COG1274",22,11,1,23,6,0,6,53,1,0,11,42,1,175,3,16,19,14,2,4,7,2,25,50,0,20,2,3,33,30,45,13,18,6,3,0,8,1,4,10,2,6,124,31,0,3,6,5,0,19,25,30,24,7,9,33,1,10,4,17,47,19,6,51,17,14,4,1,0,1,4,15,15,6,17,9,22,1,0,27,15,2,63,1,4,5,3,31,1,9,47,22,10,9,37,5,5,6,6,3
"COG1275",3,9,24,6,5,20,74,62,5,25,1,1,6,0,10,14,7,10,39,28,28,28,16,24,10,15,33,21,3,13,12,16,2,4,14,42,5,4,9,12,21,15,10,18,0,9,0,32,26,42,6,13,3,8,15,17,71,35,5,15,9,12,13,22,7,2,32,14,54,37,19,6,9,16,2,17,6,12,20,4,23,11,5,12,54,9,14,11,14,11,5,0,2,22,5,2,16,7,22,22
"COG1276",0,0,1,0,0,10,1,53,3,4,0,0,8,0,1,1,5,0,23,4,3,3,11,3,3,1,0,0,0,0,1,5,0,2,3,17,3,1,0,6,5,0,20,5,0,0,0,2,0,0,0,10,0,5,1,0,41,10,2,0,2,1,3,16,1,1,43,2,4,7,17,1,3,9,2,2,0,8,3,1,0,0,0,3,3,1,0,7,0,12,0,0,1,0,3,2,0,4,0,2
"COG1277",89,98,52,123,90,57,40,57,64,90,8,93,27,84,71,78,52,41,53,63,115,89,70,103,13,52,25,36,95,142,98,129,87,89,74,28,138,76,43,98,68,69,79,92,92,122,97,164,92,94,85,171,58,81,73,105,108,113,62,52,71,102,80,73,88,79,67,22,99,58,65,124,79,47,62,99,23,231,84,102,75,63,89,63,35,106,118,124,37,49,77,118,56,33,74,90,42,65,78,104
"COG1278",9,58,21,27,39,43,83,106,28,118,8,29,12,12,28,14,30,24,43,24,11,87,47,66,15,35,25,26,42,25,20,21,23,27,34,102,22,13,38,28,25,13,28,40,58,25,28,73,34,41,29,31,36,29,12,31,197,47,30,24,30,35,32,51,16,13,96,29,67,31,29,40,21,60,24,26,18,74,21,18,45,101,24,16,37,29,48,22,15,60,42,27,64,23,17,22,26,28,27,35
"COG1279",8,10,21,14,12,22,59,42,13,10,2,3,19,13,8,13,10,1,23,28,13,84,29,29,12,6,37,14,6,8,7,14,4,3,12,36,3,2,1,13,19,11,6,13,25,9,3,23,22,21,5,36,4,7,7,22,61,4,3,3,15,11,30,12,14,6,43,17,32,39,11,4,1,13,3,4,33,11,18,3,22,117,14,9,18,15,1,4,8,10,4,13,5,8,3,6,21,12,19,11
"COG1280",89,19,52,61,103,120,31,150,95,25,13,21,33,28,113,103,29,8,165,72,59,98,197,89,29,47,24,6,59,56,54,86,47,28,46,84,76,84,9,83,46,88,99,75,17,46,24,72,36,85,52,42,35,84,55,52,155,45,62,31,30,40,44,88,52,98,117,37,55,50,56,45,60,59,44,49,29,88,42,11,34,13,79,68,83,73,21,28,34,53,54,80,15,72,49,45,58,87,51,88
"COG1281",42,169,73,70,97,45,146,101,33,82,24,160,61,203,52,66,126,91,77,56,51,234,96,124,36,138,70,81,89,141,86,72,71,104,45,101,90,21,111,107,61,96,140,90,160,77,101,204,123,102,122,144,125,41,84,146,175,81,72,67,137,140,76,109,78,125,140,51,60,70,108,155,110,87,166,118,127,169,49,187,108,123,93,57,91,56,182,105,42,166,169,100,142,58,120,85,68,53,98,103
"COG1282",1,3,3,0,1,10,84,66,5,209,6,8,27,7,1,3,9,5,16,5,2,1,20,6,15,13,0,2,0,1,0,2,0,2,2,57,18,6,9,9,2,0,4,6,26,1,0,9,1,1,1,9,5,7,2,0,83,16,3,1,1,0,15,27,9,3,45,1,12,7,14,0,2,10,1,0,75,15,7,2,0,107,0,2,1,1,2,5,1,15,0,15,0,1,8,3,7,3,0,4
"COG1283",504,629,441,458,577,334,303,242,407,212,835,677,619,596,480,450,748,779,385,497,476,389,450,451,547,546,716,857,577,682,640,495,532,485,466,719,425,513,841,385,525,537,405,552,504,527,532,481,664,456,576,488,663,433,564,433,307,499,611,661,554,538,405,522,497,580,470,661,409,451,552,346,542,548,543,553,671,644,445,567,632,289,450,533,534,461,742,516,695,624,552,520,529,475,584,588,604,499,571,515
"COG1284",517,578,530,498,592,321,588,216,462,305,709,487,519,505,553,493,687,707,449,458,472,709,495,539,571,517,775,592,557,635,572,591,492,524,362,689,416,487,618,449,459,438,534,493,544,481,472,606,544,540,519,501,502,398,489,587,312,471,532,511,565,558,484,455,496,538,360,662,430,483,458,626,454,522,547,534,541,475,435,609,574,372,455,529,501,504,707,487,592,451,542,477,571,449,483,484,549,544,523,469
"COG1285",60,34,73,67,48,140,45,102,79,55,127,78,69,125,59,61,76,88,88,81,48,25,129,118,128,90,85,68,60,52,65,66,60,107,81,74,64,63,94,115,83,59,99,93,122,72,34,11,61,83,87,98,66,61,57,90,207,80,93,115,142,53,83,83,95,39,83,93,102,82,77,60,71,84,55,86,85,31,90,137,111,150,106,69,96,103,46,73,99,85,85,82,70,73,89,75,78,75,74,91
"COG1286",1,1,14,5,6,11,2,45,9,10,3,5,19,9,0,9,5,2,15,5,2,16,6,11,5,12,4,3,2,8,1,3,3,2,3,32,16,7,5,2,19,2,9,16,2,2,1,65,5,7,3,6,6,4,4,4,45,6,6,5,3,1,10,9,6,1,16,1,3,4,9,5,0,8,1,4,23,5,0,0,5,0,9,2,3,19,1,6,0,6,3,0,1,6,1,7,1,5,1,6
"COG1287",1,0,1,1,0,0,0,0,0,0,0,0,2,9,0,1,1,0,1,2,0,0,2,2,0,0,0,0,0,1,0,1,1,0,0,0,0,4,0,4,0,6,2,3,0,1,0,0,0,0,0,26,1,0,1,2,0,0,1,1,2,3,2,2,1,2,0,0,0,1,0,1,0,1,1,2,1,0,3,7,0,0,1,0,1,1,1,0,2,0,0,0,0,3,0,1,1,0,1,1
"COG1288",63,123,114,43,65,224,155,265,174,58,20,92,41,97,273,62,68,43,118,70,103,105,94,160,59,103,34,46,60,57,36,109,63,62,128,85,117,97,78,160,169,101,198,103,202,70,61,119,65,157,49,163,50,57,68,76,644,192,85,91,93,62,65,71,48,63,170,75,238,98,97,77,41,117,60,98,31,76,138,37,64,164,56,73,191,125,110,93,35,89,65,61,49,103,79,93,47,78,73,112
"COG1289",20,17,8,4,5,131,8,435,90,81,20,1,42,4,6,12,50,4,254,55,19,29,70,96,57,32,10,5,1,27,6,15,6,25,40,278,5,21,15,42,75,27,77,44,7,25,1,84,8,9,1,111,13,63,17,4,697,96,26,7,19,16,19,208,18,11,428,15,88,74,162,78,7,90,11,13,13,69,63,4,7,0,2,55,41,5,12,21,4,118,4,1,23,5,14,9,9,34,0,63
"COG1290",0,0,3,1,0,0,0,0,0,0,0,0,1,0,0,2,2,0,1,4,0,0,0,0,0,0,0,0,0,3,0,5,0,0,0,0,0,1,0,5,0,4,0,5,0,0,0,0,0,0,0,0,0,0,0,0,2,0,2,0,0,0,0,2,0,0,0,0,0,0,0,1,0,4,0,0,0,0,0,0,0,0,0,1,1,0,0,0,0,0,2,0,0,0,0,0,0,1,2,0
"COG1291",7,83,19,21,21,13,2,57,14,10,2,48,35,4,4,8,51,17,8,4,9,141,22,26,8,52,8,10,39,8,13,8,17,39,41,41,30,8,29,41,15,37,11,25,19,50,18,7,36,15,27,37,73,19,11,11,117,8,28,32,29,66,10,49,5,31,76,14,40,6,46,14,25,34,62,18,59,13,12,25,46,8,30,5,17,19,34,4,7,77,67,29,44,23,25,27,13,15,26,38
"COG1292",63,55,85,28,67,99,54,217,123,48,13,40,95,67,80,34,207,75,89,58,38,237,107,95,42,54,18,28,44,38,43,91,41,37,79,123,70,34,87,79,85,49,118,64,125,31,54,308,38,12,59,22,33,120,41,50,508,81,45,56,88,40,75,98,31,83,282,37,184,44,104,78,60,111,40,84,47,80,100,22,76,236,21,52,73,37,81,24,29,158,24,40,152,28,45,22,33,36,26,59
"COG1293",79,211,87,134,145,48,184,48,56,94,35,209,65,317,72,123,137,159,86,73,63,336,124,154,26,145,89,130,201,293,140,124,141,196,84,75,129,43,169,164,41,121,209,167,205,131,197,307,170,111,179,256,202,56,128,245,72,140,74,98,215,252,102,180,133,197,140,78,95,89,134,254,175,81,209,187,104,265,30,244,213,185,116,77,108,55,241,153,38,245,260,147,217,97,176,153,71,69,132,155
"COG1294",204,77,178,137,163,177,171,177,220,56,145,102,201,56,210,188,147,133,232,239,180,53,209,166,136,123,190,162,130,113,190,200,159,135,145,156,142,236,125,130,179,145,110,165,157,132,125,78,134,173,148,91,140,190,156,170,146,142,189,192,136,92,200,155,165,142,134,177,121,178,158,117,155,140,130,134,130,36,167,81,113,34,176,212,176,170,43,154,263,111,84,157,94,209,135,134,196,246,131,181
"COG1295",148,146,236,195,170,231,46,187,242,86,272,177,294,143,188,221,234,249,202,224,227,205,192,188,158,208,195,266,216,144,198,188,188,285,161,241,218,200,181,241,183,246,129,204,234,140,152,205,218,207,189,171,204,206,143,154,209,199,264,252,224,209,202,211,240,185,198,267,194,190,150,226,177,269,181,157,254,148,186,157,219,102,196,165,211,211,164,206,299,215,177,171,193,237,178,168,161,243,184,203
"COG1296",52,154,84,70,82,38,321,112,40,212,14,135,71,188,88,74,91,82,137,67,55,309,130,99,40,121,110,120,109,114,83,89,91,84,76,117,94,50,132,109,61,85,103,74,165,66,85,269,119,74,110,83,122,49,107,109,128,92,68,64,124,133,73,135,64,130,152,64,74,91,94,90,96,56,119,102,73,97,36,116,136,134,75,66,75,47,151,106,43,143,161,87,116,52,116,116,59,59,101,87
"COG1297",216,122,282,189,140,143,131,107,210,72,288,210,291,125,236,288,271,360,156,237,243,240,238,163,443,231,258,331,196,163,278,285,199,255,141,184,180,143,306,175,137,210,224,156,287,171,149,153,154,239,198,104,217,198,205,177,41,157,230,266,225,249,249,178,264,216,130,226,152,167,134,116,192,127,198,146,227,174,192,154,166,233,207,197,211,192,212,202,290,167,120,186,118,250,152,127,152,251,145,252
"COG1298",21,193,69,42,58,46,13,83,18,15,3,126,62,14,25,39,105,40,18,13,21,280,34,38,13,123,27,41,96,36,47,32,61,84,71,58,105,16,74,84,28,73,22,36,55,126,57,16,136,33,98,64,163,38,26,35,171,31,55,66,75,160,25,115,14,79,133,35,64,22,85,28,65,55,148,81,159,26,21,92,87,29,61,16,55,36,120,12,26,161,171,56,208,65,47,78,34,30,89,93
"COG1299",99,323,154,98,130,127,658,365,103,221,55,187,143,88,104,133,187,130,174,272,131,362,170,143,75,240,344,206,169,213,119,107,102,189,95,340,79,58,163,224,141,132,315,96,297,151,195,368,243,223,107,142,156,95,129,203,604,217,98,115,153,215,112,243,98,198,389,82,213,159,230,107,156,144,166,158,155,387,90,237,237,326,91,98,253,87,278,214,57,281,187,137,178,123,183,130,96,68,235,177
"COG1300",21,6,18,61,18,76,1,16,48,1,53,13,11,10,20,30,9,1,19,29,53,5,29,17,2,6,4,5,22,16,12,31,22,25,65,0,56,74,43,68,36,57,25,28,1,59,26,0,29,24,22,47,8,44,27,65,0,21,27,34,15,26,32,22,36,5,8,26,67,32,34,85,13,31,9,29,5,0,70,21,26,0,21,12,30,21,2,33,5,6,18,11,11,16,22,37,24,35,20,34
"COG1301",232,376,344,180,259,396,1054,281,368,162,323,232,405,180,285,262,237,509,394,502,384,327,463,372,239,268,441,658,226,327,332,289,183,222,219,479,314,235,391,277,222,288,319,398,453,284,232,370,459,424,271,319,263,210,332,295,558,399,377,344,348,231,287,292,288,288,417,312,420,412,275,298,263,230,253,304,319,428,267,198,348,438,227,230,391,306,472,306,403,253,194,166,224,314,267,248,277,282,400,279
"COG1302",55,133,47,77,65,42,89,53,25,86,21,144,37,145,57,74,111,62,50,21,43,204,85,141,13,119,43,74,112,140,71,77,92,98,53,37,92,21,99,99,43,58,163,68,152,83,86,208,90,55,112,148,93,26,69,119,39,76,47,55,135,168,82,110,52,95,100,52,45,37,63,86,99,69,122,102,55,63,19,148,129,109,87,56,60,53,132,96,45,139,139,97,149,45,81,103,39,46,79,92
"COG1304",35,52,28,42,14,32,17,63,31,109,5,45,34,49,45,34,36,37,77,25,28,61,70,126,32,32,20,22,44,120,38,46,29,40,7,47,37,9,28,28,45,19,100,57,194,23,27,135,24,60,51,81,15,24,51,52,133,37,22,29,58,45,44,43,56,57,102,27,74,60,51,21,41,55,31,47,22,22,29,79,47,93,27,48,70,43,65,41,17,47,22,18,50,42,35,43,19,35,43,56
"COG1305",203,144,108,267,203,151,296,162,162,552,109,292,45,427,246,240,149,430,128,211,175,207,227,154,281,188,67,86,211,217,167,212,331,159,153,205,255,156,245,201,125,208,251,147,119,235,188,169,230,205,217,265,265,153,250,172,96,132,136,294,263,256,197,154,206,268,136,103,89,80,149,161,342,125,214,299,148,209,99,304,225,454,198,137,193,233,241,254,47,238,336,367,292,199,153,182,148,179,186,266
"COG1306",2,4,7,15,4,37,1,12,5,0,2,26,2,9,7,5,10,5,15,0,9,4,6,9,3,2,4,4,12,16,4,13,7,20,10,34,2,0,19,10,11,23,8,8,2,15,0,2,3,43,7,26,16,3,6,27,30,2,14,25,37,5,12,26,7,2,3,2,44,3,4,3,7,2,20,2,10,0,17,39,11,0,4,3,17,24,20,4,2,5,46,8,1,14,7,20,0,3,7,5
"COG1307",170,533,173,290,348,105,187,162,78,231,70,586,157,619,159,272,408,320,219,113,187,695,300,388,60,422,154,289,470,597,296,332,348,344,147,146,325,51,416,348,130,276,390,313,451,381,373,719,366,303,349,486,397,107,280,263,199,279,260,257,474,540,331,419,219,391,364,193,149,146,376,232,306,230,471,406,210,432,84,561,445,254,355,224,200,161,645,392,82,556,606,349,586,234,326,414,143,133,282,347
"COG1309",268,501,320,321,361,373,616,837,290,713,184,483,204,783,175,311,347,222,650,289,235,646,481,714,134,377,211,176,406,405,311,333,392,414,454,425,339,301,380,429,292,370,719,415,383,488,540,1086,446,294,374,847,430,333,225,447,1069,508,244,227,528,501,475,613,305,341,808,160,582,375,400,538,281,430,430,340,360,833,199,551,485,611,390,269,293,464,509,561,158,443,682,577,483,241,387,437,333,267,382,367
"COG1310",5,55,4,9,17,4,8,22,8,18,2,15,10,15,15,2,23,85,8,7,7,22,7,46,6,20,3,5,11,5,13,9,10,14,5,25,5,7,22,25,5,13,17,4,9,3,22,25,34,8,15,28,38,11,2,2,20,2,6,8,17,47,5,18,6,20,37,13,6,16,1,4,8,13,19,15,18,29,10,8,26,21,2,4,14,2,24,17,3,30,24,19,11,5,7,12,6,4,8,83
"COG1312",240,227,205,249,278,332,236,133,222,78,223,209,269,140,364,385,306,172,303,278,219,172,160,129,354,192,229,305,275,307,230,223,224,102,282,163,221,230,227,239,215,272,254,191,184,234,143,61,180,251,194,112,172,289,237,222,215,177,205,272,195,128,222,199,254,263,196,317,251,271,221,123,319,184,309,171,113,55,239,188,165,144,214,224,243,178,195,222,217,190,145,190,157,218,299,167,193,281,134,218
"COG1313",34,113,23,81,77,7,108,33,21,17,19,101,31,160,39,66,57,47,39,32,30,82,68,76,14,86,40,53,99,109,83,45,53,106,33,27,63,20,69,72,29,56,136,61,91,73,94,62,97,46,82,152,108,24,48,106,22,40,48,41,155,137,59,89,51,74,71,20,26,32,66,189,76,63,108,77,49,102,10,145,137,107,71,45,45,19,122,98,24,115,121,95,120,36,84,72,35,34,65,76
"COG1314",1,3,9,2,1,10,3,32,6,6,12,6,17,9,4,4,7,1,21,3,6,16,13,3,5,10,0,0,6,1,3,2,2,4,5,30,6,4,14,5,7,4,7,7,7,3,0,39,3,9,3,19,5,4,5,2,50,12,8,2,15,7,2,11,6,6,25,2,10,8,9,3,4,10,10,3,26,6,3,3,2,1,2,4,8,10,6,13,1,9,6,3,2,4,13,7,4,4,3,8
"COG1315",7,149,51,44,56,36,3,3,11,0,9,103,23,12,26,25,84,52,26,4,23,167,23,26,5,134,20,29,88,10,42,27,57,82,85,16,73,5,101,54,21,65,14,47,62,96,65,6,162,47,75,18,156,21,22,23,60,16,48,65,37,148,25,62,7,67,76,33,28,6,58,38,72,44,129,82,62,9,2,61,77,9,56,3,52,7,103,16,29,196,168,64,148,70,48,65,32,12,93,112
"COG1316",82,291,124,130,141,39,468,115,67,376,33,193,62,299,139,86,169,117,74,85,62,423,147,180,41,210,95,135,184,112,123,123,160,200,112,191,125,48,194,166,84,129,251,122,233,135,230,472,188,146,255,412,251,93,144,374,326,242,118,149,344,383,223,234,149,274,205,141,166,173,196,511,213,189,317,274,185,333,111,415,370,627,219,66,180,200,423,265,75,337,303,303,408,126,334,207,116,120,253,269
"COG1317",1,9,4,4,1,9,3,36,4,8,0,16,1,5,3,7,7,1,4,6,0,2,7,6,6,4,3,1,5,5,5,6,2,7,6,13,10,1,9,9,7,4,7,5,1,2,2,4,2,8,10,13,9,4,3,1,50,17,7,12,2,13,3,21,1,4,36,3,5,8,23,6,13,7,9,1,3,5,4,4,6,0,8,4,4,0,3,3,0,13,7,3,5,3,1,3,1,4,8,11
"COG1319",50,207,85,45,58,85,100,85,66,83,9,71,38,93,72,57,64,70,42,42,49,144,85,62,27,81,36,50,90,90,44,54,40,38,107,87,71,20,69,117,81,60,92,74,144,36,75,110,67,76,50,80,63,27,56,66,317,118,50,45,60,129,68,81,53,82,137,54,142,37,98,49,54,71,58,74,42,122,74,75,88,160,47,64,66,57,193,61,20,95,51,45,90,42,50,67,34,29,65,69
"COG1320",2,2,0,0,1,0,1,0,0,0,3,1,5,4,4,1,4,1,2,1,4,0,1,5,3,0,1,0,3,4,0,6,1,0,0,2,2,0,1,0,2,2,3,2,1,2,0,1,0,2,0,19,0,1,0,3,0,0,1,0,0,3,0,0,2,1,1,5,1,0,0,2,2,0,2,2,0,0,0,0,2,1,3,2,3,9,2,1,1,1,0,0,0,4,4,2,0,3,2,6
"COG1321",41,133,41,60,87,24,66,118,34,48,33,105,39,186,44,57,72,67,53,21,24,152,61,107,19,86,29,34,94,106,71,46,76,81,43,45,63,30,78,65,43,46,129,47,67,69,98,205,52,51,84,116,100,25,46,85,138,90,47,46,146,104,134,90,46,70,106,35,37,45,43,99,56,69,80,76,93,225,23,103,98,83,67,44,41,64,152,101,14,92,133,91,115,43,94,75,28,30,84,72
"COG1322",175,60,200,230,152,204,107,214,161,196,257,188,263,157,176,191,163,251,198,208,181,60,202,162,341,146,149,237,182,233,251,211,195,228,126,181,171,174,180,134,178,166,160,236,151,139,159,181,132,162,154,137,181,174,194,160,152,118,230,175,215,157,193,167,289,184,167,180,136,200,163,192,183,183,109,155,184,132,141,160,142,189,144,224,164,164,93,172,216,142,94,153,106,238,205,156,166,158,122,185
"COG1323",31,197,58,84,87,31,165,24,34,96,21,153,50,174,61,91,103,70,57,38,58,210,89,112,22,83,66,60,128,192,74,72,111,149,56,54,92,27,124,82,51,86,109,103,170,111,121,236,113,72,121,213,122,25,85,187,52,78,48,69,145,140,62,129,61,120,116,41,72,50,99,212,109,59,150,102,76,214,33,208,131,143,78,57,62,56,158,90,31,155,179,100,105,61,131,104,46,41,88,97
"COG1324",0,1,2,1,1,7,1,32,3,3,2,0,6,0,2,0,2,0,21,3,0,1,6,6,2,0,0,0,0,1,2,5,0,10,4,23,1,3,0,5,4,3,5,2,1,2,0,3,0,2,0,8,1,6,2,3,42,4,3,0,2,3,2,10,0,1,38,3,6,6,7,17,0,10,0,0,0,6,6,1,0,0,2,2,7,2,2,1,1,9,1,0,2,4,0,0,1,6,2,3
"COG1327",42,90,36,49,49,31,142,85,31,168,16,75,25,106,40,48,71,53,46,44,34,156,69,86,14,87,36,38,68,60,55,62,51,78,26,68,47,20,69,55,25,30,101,63,112,46,72,152,64,41,63,88,66,27,44,77,84,50,39,39,99,107,67,85,52,76,66,34,38,34,77,59,56,50,67,69,45,61,14,95,72,165,47,42,40,43,75,87,26,92,111,87,62,32,59,64,33,38,63,67
"COG1328",566,686,622,636,550,376,661,517,472,699,567,797,573,777,600,564,753,643,561,629,621,593,589,668,671,593,578,623,574,602,669,623,585,735,436,548,593,524,558,408,574,593,717,527,608,725,578,831,715,713,694,846,711,498,616,804,494,734,619,580,711,1312,585,646,587,569,649,510,483,483,557,825,651,443,719,569,2267,829,522,749,815,701,685,540,639,489,810,670,482,539,765,573,569,610,658,598,488,581,561,535
"COG1329",5,7,2,6,2,0,46,20,7,127,2,10,4,18,3,1,11,2,5,3,5,1,21,27,3,2,1,4,5,7,2,8,10,14,0,22,20,1,5,4,0,5,21,25,6,7,2,3,0,3,10,67,11,3,8,53,0,11,2,0,11,21,24,8,22,10,1,12,3,2,4,57,2,1,7,4,4,4,0,23,15,61,11,1,3,6,0,10,3,8,23,28,8,2,3,6,5,1,4,7
"COG1330",6,1,3,0,2,31,1,127,14,13,9,0,40,1,2,4,11,4,59,13,4,10,18,15,7,15,6,0,2,6,4,4,2,8,12,84,1,0,22,17,18,6,25,16,5,0,0,34,3,0,2,22,8,15,6,0,124,20,12,5,4,0,12,70,8,4,123,3,15,17,53,0,1,32,6,0,115,27,7,1,1,1,0,7,14,6,2,4,4,32,0,1,5,0,4,4,4,9,2,36
"COG1331",7,1,13,2,0,16,3,11,10,1,0,2,1,12,0,6,0,0,0,8,1,0,2,4,0,0,0,1,4,5,0,4,2,2,16,0,2,0,0,7,3,6,18,16,0,2,1,0,2,4,1,20,0,1,1,2,51,5,3,0,5,0,1,2,5,0,1,0,33,2,0,7,1,0,0,1,0,1,3,1,2,0,1,1,6,45,0,4,3,0,3,3,1,0,1,0,2,0,2,0
"COG1332",1,40,3,13,12,18,12,1,0,1,1,16,7,11,5,14,4,7,4,4,6,33,21,9,2,5,36,5,1,4,7,15,3,16,0,0,4,3,18,22,3,12,32,10,35,42,8,27,21,5,20,21,15,4,2,18,0,1,3,3,15,20,14,24,4,1,10,19,0,12,6,5,18,29,17,6,3,7,2,17,4,75,6,6,6,4,31,3,23,19,4,22,5,5,2,9,2,1,7,14
"COG1333",32,9,34,26,32,77,1,16,58,7,6,18,21,7,18,37,10,5,17,38,28,1,42,27,5,5,4,3,9,28,18,22,24,3,29,3,55,31,5,13,77,12,16,67,19,21,41,0,36,30,12,51,10,66,24,11,0,39,31,20,26,11,26,21,68,10,5,12,137,19,19,28,12,15,9,30,6,0,45,4,28,0,17,24,54,77,0,69,11,11,22,10,17,37,18,40,35,20,18,49
"COG1335",61,182,90,50,64,104,265,181,56,210,21,120,173,192,119,71,53,41,163,157,60,226,113,210,43,97,70,64,94,105,51,63,72,108,131,134,90,67,73,93,71,65,106,123,136,58,95,245,94,108,101,124,101,56,92,90,290,123,45,74,92,96,74,129,53,62,241,58,131,164,73,86,87,81,93,133,66,190,56,119,127,194,59,56,93,89,114,72,45,101,174,96,156,58,55,74,49,92,98,103
"COG1336",3,0,5,0,0,10,0,0,0,0,0,1,0,2,1,0,0,0,1,0,0,0,0,2,0,0,0,0,0,0,0,1,3,1,25,0,5,0,0,0,0,0,0,2,6,2,5,1,0,0,0,5,0,5,0,1,0,0,0,0,0,1,0,1,4,0,0,0,3,0,0,3,0,0,3,0,0,1,0,0,0,0,1,1,12,3,0,0,0,0,3,0,1,0,0,11,1,0,0,0
"COG1337",1,42,11,8,11,36,8,2,7,1,0,8,4,3,1,18,2,2,2,0,6,10,9,6,2,9,22,5,2,1,4,3,1,12,0,0,5,3,16,14,8,10,28,8,19,21,9,20,16,31,11,18,11,1,2,5,8,2,3,0,14,14,13,11,6,1,7,36,6,11,3,5,15,15,18,7,6,3,2,4,6,47,3,3,11,5,25,5,4,19,4,9,4,5,1,3,0,2,6,5
"COG1338",8,72,22,18,29,19,4,47,9,6,1,52,30,3,7,13,38,23,7,7,15,129,16,14,7,62,18,14,40,14,17,17,27,29,39,22,38,6,39,37,8,27,10,18,30,34,35,8,51,20,35,17,63,20,12,10,92,21,11,23,16,80,13,46,3,29,51,20,24,10,59,19,29,25,54,31,47,12,3,14,57,4,23,12,25,14,50,5,4,70,48,24,119,20,15,23,18,15,48,34
"COG1342",58,57,55,33,33,20,126,19,6,22,12,45,29,60,48,17,51,32,18,32,19,25,40,43,12,47,54,41,59,38,61,36,26,18,36,25,39,57,20,81,21,17,34,44,58,16,21,40,41,57,79,29,14,59,18,47,7,43,46,51,57,27,28,38,43,53,35,63,40,53,29,23,49,45,40,38,21,148,43,76,52,57,83,32,37,28,79,49,39,59,33,24,64,73,62,36,34,74,90,40
"COG1343",47,72,29,33,49,22,9,12,43,17,25,41,55,47,34,18,17,49,5,36,28,65,64,46,26,42,31,33,18,66,16,37,23,34,9,54,29,5,53,85,65,31,29,27,69,89,50,22,46,15,62,29,46,24,31,20,31,46,17,39,37,33,41,22,13,22,24,32,44,15,16,46,42,58,25,31,32,39,1,25,46,41,17,38,14,32,33,17,61,39,48,62,65,21,26,65,25,35,36,16
"COG1344",24,571,122,96,198,132,15,36,20,17,32,427,250,35,64,74,236,201,57,10,52,534,104,94,20,514,62,105,237,18,110,52,165,236,116,121,282,21,289,158,65,205,54,82,183,278,189,25,464,144,232,77,427,91,87,62,230,57,118,162,123,434,54,256,18,162,296,126,77,18,245,77,157,207,407,253,377,22,9,250,244,80,160,21,184,47,352,21,64,537,365,116,542,186,153,181,128,73,200,226
"COG1345",10,129,48,26,71,32,12,100,14,12,12,107,64,12,10,24,96,47,16,8,18,299,18,36,12,71,21,17,80,19,30,15,75,65,35,39,63,8,77,48,10,46,18,34,42,130,38,11,113,53,57,37,150,21,29,14,120,18,36,56,63,105,22,78,15,55,121,46,32,9,87,36,36,41,122,69,134,14,11,56,62,11,46,10,42,35,80,13,24,160,122,25,140,37,54,58,28,29,52,53
"COG1346",137,140,132,149,137,155,105,87,126,53,180,161,174,58,146,130,166,193,151,148,113,144,104,114,178,149,179,195,170,176,155,137,146,160,112,143,138,120,124,157,102,116,87,132,143,130,133,159,143,123,141,90,124,100,140,106,65,142,159,152,135,157,144,133,121,121,125,181,112,135,127,84,137,165,149,155,146,100,133,114,147,62,136,130,134,159,158,118,157,163,113,89,153,142,170,125,108,132,128,149
"COG1347",106,34,96,90,64,100,6,33,89,12,68,64,109,25,115,106,61,61,105,83,108,8,81,93,145,90,72,41,70,39,53,94,68,97,82,45,99,134,46,55,115,98,45,77,40,89,65,6,75,100,73,30,82,106,83,72,1,54,85,83,58,57,127,50,87,79,23,71,68,86,56,65,75,90,71,73,95,4,110,49,50,16,86,129,91,123,15,87,114,50,69,86,41,108,94,66,106,137,80,69
"COG1348",27,42,24,32,15,10,15,6,16,11,3,19,7,37,24,19,16,16,22,10,10,25,61,69,20,18,7,20,25,40,9,30,31,24,18,9,12,6,28,60,25,26,39,51,91,15,36,33,17,32,20,29,26,15,13,35,31,22,11,15,16,25,41,10,36,53,35,3,58,11,15,23,45,22,14,35,7,1,9,24,17,110,19,19,23,15,81,37,5,20,32,31,20,13,31,14,16,13,9,26
"COG1349",205,355,199,133,311,210,964,655,277,467,70,184,138,239,304,211,210,169,423,346,190,422,345,328,100,212,354,156,240,229,190,218,152,161,252,564,123,209,190,223,270,253,377,193,239,227,304,581,414,220,182,252,200,210,235,238,1018,394,181,148,185,211,168,323,173,247,653,144,426,416,328,174,233,358,183,298,87,512,221,202,272,491,177,268,233,197,401,318,164,322,200,227,291,145,184,193,348,259,387,252
"COG1350",170,52,130,161,143,144,21,74,182,23,231,149,222,84,205,192,186,207,141,204,184,19,134,128,219,134,226,277,119,107,184,162,159,114,153,162,113,198,145,115,161,179,106,164,129,109,175,4,135,164,203,154,99,143,169,131,12,143,206,197,140,91,173,65,243,140,67,264,149,167,133,102,164,169,169,141,206,56,196,93,118,44,153,182,190,196,88,162,298,170,75,162,125,207,161,118,152,202,148,173
"COG1351",45,73,29,38,28,0,74,11,11,23,213,85,53,100,23,33,103,127,24,94,28,20,29,78,156,54,121,115,43,102,69,72,47,55,8,93,66,7,126,57,7,23,160,59,43,48,63,26,47,25,122,97,82,20,52,110,0,18,37,168,95,336,26,31,80,38,72,98,2,104,86,40,42,30,62,49,95,51,15,66,43,57,34,42,46,15,76,33,44,48,177,191,131,47,34,71,29,25,60,31
"COG1352",13,60,39,19,29,40,9,49,29,12,6,65,28,41,14,11,44,24,3,26,7,125,32,24,7,40,17,14,33,5,13,15,41,45,66,39,32,9,39,50,18,43,12,20,14,50,32,10,48,20,30,30,68,15,10,24,88,23,16,34,17,86,12,66,6,41,69,12,69,16,27,15,38,35,74,27,34,8,13,36,47,11,25,8,19,15,43,6,4,78,97,28,95,18,30,36,28,17,38,37
"COG1353",9,105,32,29,29,52,32,9,1,3,0,26,6,18,13,26,8,16,14,5,9,56,31,13,8,30,59,12,4,4,15,11,9,23,86,8,28,8,48,34,22,19,46,27,59,98,27,63,21,33,36,50,35,16,5,21,0,8,9,5,51,36,47,27,15,4,24,34,21,30,18,14,24,28,54,16,11,12,2,21,21,142,17,13,57,26,67,8,23,40,27,23,9,8,2,25,2,10,27,12
"COG1354",30,124,42,73,63,20,121,50,30,115,17,113,17,174,45,43,81,72,41,47,43,222,87,95,23,79,43,58,101,88,68,63,60,118,32,35,43,16,97,72,36,69,122,82,140,58,100,168,104,64,81,120,118,18,58,142,44,54,50,42,129,147,70,95,74,77,80,36,40,49,65,181,59,54,105,86,65,184,26,142,123,190,89,55,40,49,149,89,24,93,167,87,162,38,75,79,36,33,67,80
"COG1355",0,0,0,0,0,0,0,15,0,95,220,0,167,2,1,0,0,0,1,0,0,0,6,1,0,0,3,125,2,0,0,0,2,0,1,86,27,0,1,4,0,0,1,0,140,0,0,0,0,0,0,12,7,0,0,0,0,1,144,0,4,0,7,0,35,3,1,0,0,4,0,0,0,0,0,2,0,2,0,4,81,145,1,0,25,2,57,11,221,0,0,5,1,4,1,2,0,0,0,6
"COG1357",103,85,47,110,143,77,47,416,102,77,29,62,28,73,120,136,90,26,35,90,91,44,159,114,32,46,26,25,64,119,66,128,82,76,60,118,89,113,33,101,60,106,69,127,50,143,59,29,64,89,56,62,84,210,90,144,327,59,85,48,44,94,75,90,66,116,223,49,177,44,73,173,100,104,81,68,25,93,63,79,94,12,104,158,86,93,37,101,29,67,126,121,44,80,59,89,57,103,52,105
"COG1358",13,69,33,30,39,24,102,16,14,20,2,49,17,79,22,21,34,31,20,20,23,83,39,53,4,51,50,32,31,27,32,38,29,46,24,44,23,7,55,37,20,25,53,37,57,30,73,83,74,34,37,77,41,18,20,52,21,38,26,27,46,50,29,43,18,36,41,25,26,24,27,25,30,27,55,47,25,50,10,55,64,70,28,7,37,25,68,41,14,46,48,38,78,23,33,37,31,25,49,42
"COG1359",52,8,45,26,46,66,3,106,67,38,8,29,10,27,41,38,15,1,45,21,29,16,22,46,11,29,1,7,26,31,32,38,35,26,46,31,49,33,1,47,27,45,33,41,34,39,25,16,23,22,12,31,17,51,13,16,55,21,16,11,22,6,20,31,18,20,50,35,28,18,11,18,7,35,12,20,7,55,24,9,14,2,20,22,37,45,4,21,18,19,15,21,7,20,12,20,16,30,6,22
"COG1360",48,94,108,73,34,134,4,70,46,19,251,119,165,14,35,45,197,190,56,50,80,120,80,50,269,50,188,199,62,26,105,54,35,137,101,192,104,82,151,60,96,47,31,77,122,80,55,14,74,65,34,53,124,81,49,35,122,45,98,164,75,92,76,89,81,41,96,149,153,73,67,40,51,67,112,72,153,12,85,44,90,51,61,34,80,101,91,52,127,77,79,35,134,55,40,74,39,42,78,54
"COG1361",4,6,9,7,0,0,21,4,3,48,10,14,6,6,0,4,1,8,6,2,5,15,4,1,1,20,3,4,25,5,1,20,3,11,0,3,8,2,13,8,2,4,14,4,1,7,1,14,5,2,5,9,3,2,8,6,10,7,2,3,54,7,9,18,20,10,8,3,4,1,28,8,2,24,9,13,16,1,2,45,9,5,9,2,4,3,6,7,3,11,5,9,2,6,79,7,4,5,3,12
"COG1362",92,468,238,192,203,93,486,102,126,170,244,375,240,519,173,179,285,483,155,177,134,242,274,225,285,335,364,443,277,377,278,229,233,331,121,280,209,84,392,265,111,172,357,258,338,209,279,290,373,195,312,377,332,61,219,364,165,275,266,261,396,398,194,240,214,292,296,284,102,192,261,283,281,199,288,261,306,413,93,429,405,384,242,139,244,159,543,246,212,378,371,219,404,244,295,221,156,179,225,270
"COG1363",53,120,65,57,79,84,48,162,44,69,44,146,30,378,107,68,92,64,37,119,61,34,88,143,185,102,25,33,100,100,106,78,67,108,89,135,78,37,97,92,108,96,310,110,66,116,120,176,71,147,89,198,110,69,67,148,232,122,76,91,133,65,66,192,90,100,135,56,153,79,128,45,92,84,87,130,55,183,69,164,65,97,103,55,72,71,136,138,30,94,219,105,122,68,113,71,49,67,75,70
"COG1364",54,252,83,99,93,21,299,97,19,133,28,212,44,204,72,91,106,80,51,92,63,274,91,96,28,140,94,129,143,186,157,93,118,111,46,94,98,43,110,133,33,107,179,84,103,129,178,190,179,82,147,109,159,43,117,125,54,97,68,60,163,184,73,169,95,158,121,58,30,85,116,78,146,90,159,143,58,225,38,219,179,188,116,69,94,54,210,158,44,170,183,123,157,87,128,107,58,63,132,134
"COG1366",26,93,44,51,39,26,49,27,17,40,9,67,19,113,43,31,44,34,30,23,23,77,45,48,5,64,28,33,68,75,35,46,36,66,37,10,56,30,53,56,39,35,76,50,29,25,104,92,66,42,40,80,46,15,22,37,32,51,21,15,45,47,31,32,9,32,39,19,23,26,22,33,24,29,46,37,24,129,14,63,33,42,25,20,20,20,75,49,10,25,56,33,51,36,30,38,21,14,33,41
"COG1368",319,557,421,532,457,413,659,499,347,922,794,543,683,575,453,428,731,769,565,535,400,788,701,650,895,633,401,795,567,389,554,635,529,388,334,708,608,409,698,514,702,360,709,584,995,364,590,761,452,566,553,587,456,458,523,581,316,495,624,745,536,567,647,540,623,419,504,670,331,666,433,710,476,591,617,544,748,388,367,695,761,1014,581,425,399,592,718,563,818,661,528,663,765,560,392,528,377,391,522,478
"COG1372",3,4,1,20,0,0,1,0,0,0,1,4,0,0,0,0,2,1,0,0,0,0,0,8,0,0,0,0,0,0,3,8,19,2,0,0,12,10,5,1,1,0,98,15,0,276,8,0,1,0,3,0,10,74,56,1,0,0,3,4,20,5,1,0,0,2,1,0,0,34,1,0,0,1,13,27,5,2,0,3,0,0,133,0,0,4617,0,4,0,1,149,0,0,0,0,99,0,6,0,0
"COG1373",981,938,1720,1123,1341,1041,562,663,991,1551,6000,1351,2229,1105,767,990,3230,5831,973,1045,1081,1075,2072,1381,3680,1027,3626,6274,1094,892,1589,1027,1271,2493,1129,3790,1149,1402,4121,1063,1270,863,944,1360,2783,1890,1552,433,961,1096,998,1453,1475,1404,1219,1069,89,845,2758,3838,1555,1503,1170,975,1252,787,659,5448,944,1532,1067,1237,985,1269,1251,1529,3775,980,994,1323,2322,1989,1054,843,1104,1031,1953,1170,3863,693,1604,1267,1956,1398,825,1552,763,1387,1153,780
"COG1376",37,422,92,124,163,59,218,375,53,460,38,197,82,215,105,81,153,176,169,39,58,361,198,144,73,202,113,149,167,155,157,112,172,206,67,177,93,63,179,168,85,118,267,93,356,264,271,486,148,110,200,163,183,75,141,261,304,280,92,110,119,169,139,248,89,205,356,65,82,102,157,164,160,177,161,213,122,859,67,182,216,378,140,67,112,97,450,199,32,240,217,160,306,69,106,132,67,89,145,202
"COG1377",14,84,33,21,26,23,8,139,23,19,17,83,55,7,21,10,66,33,15,10,11,188,50,24,13,73,20,18,67,11,19,19,44,54,46,39,54,8,50,46,29,53,18,23,25,89,37,11,67,31,32,37,85,36,17,21,200,30,26,38,35,97,24,75,6,30,113,37,59,15,62,18,35,34,88,36,90,19,13,44,50,14,44,8,46,19,63,8,11,110,85,21,136,25,29,50,19,14,59,70
"COG1378",8,37,7,8,14,1,14,5,3,23,5,28,10,4,7,11,22,8,12,1,8,14,20,46,6,13,6,12,5,28,9,22,23,24,0,5,12,3,26,25,12,18,9,19,17,32,39,51,19,6,12,19,18,7,18,5,14,26,14,12,5,23,6,22,13,27,13,9,17,13,3,5,23,18,13,43,1,1,2,22,19,24,12,10,19,13,32,8,4,31,45,9,32,10,7,31,7,8,22,13
"COG1379",13,40,45,13,15,19,30,20,24,48,3,3,8,7,33,15,7,3,6,17,12,14,13,15,7,5,2,13,18,16,6,24,5,38,27,0,25,14,13,29,30,12,18,28,2,19,29,61,12,31,5,109,7,10,14,73,71,75,17,2,16,31,14,8,10,11,15,4,33,10,1,118,8,15,20,21,5,122,36,34,18,20,8,1,22,31,27,20,6,7,14,5,26,12,9,10,6,8,11,14
"COG1380",77,97,79,100,75,76,31,84,77,33,105,106,98,36,56,65,130,116,93,90,63,91,122,89,73,104,99,121,104,79,75,77,103,111,94,92,95,63,89,89,93,79,65,75,93,120,73,80,102,91,71,58,100,65,82,53,92,90,92,96,76,89,71,79,69,55,105,116,73,96,59,55,79,113,77,89,89,53,59,67,105,47,55,85,76,85,118,72,104,117,61,73,119,79,91,79,64,86,89,96
"COG1381",47,145,67,72,82,45,176,71,34,210,28,115,41,156,43,48,58,69,79,37,28,145,72,84,16,117,54,55,104,115,68,60,83,114,28,86,59,30,101,68,46,51,152,80,95,75,83,212,83,65,100,164,99,21,56,119,74,82,55,44,104,128,58,65,60,94,118,42,46,46,59,157,68,62,99,71,84,118,18,134,132,144,65,43,61,47,144,99,31,102,120,117,97,46,77,67,42,51,86,54
"COG1384",0,7,0,1,0,0,0,1,2,0,1,0,0,3,2,0,1,0,0,0,0,0,0,0,0,0,0,4,1,15,0,2,0,0,0,1,1,0,3,0,0,0,5,2,1,0,0,0,0,0,1,21,0,1,1,3,0,3,0,0,6,0,0,0,1,1,4,1,0,3,1,3,0,9,0,0,1,0,0,5,1,0,7,2,2,12,9,6,2,1,0,2,0,0,0,1,0,1,1,4
"COG1385",70,135,145,133,91,102,193,99,113,206,115,166,170,164,110,102,139,193,122,137,124,164,152,109,217,148,123,197,99,164,165,93,110,212,128,154,102,111,117,130,134,109,89,136,194,117,133,190,163,124,133,157,187,81,112,154,77,139,152,162,134,130,133,117,143,118,126,71,130,102,141,134,115,130,131,125,173,159,100,188,164,138,121,126,143,115,178,139,153,134,142,87,148,113,164,139,113,110,115,116
"COG1386",23,91,39,57,53,14,106,36,22,76,11,97,26,116,49,41,79,54,38,34,31,145,58,92,18,77,35,54,102,83,62,45,63,74,21,44,46,16,72,54,32,59,105,55,126,43,86,143,101,57,80,144,92,23,45,109,22,54,36,45,97,112,50,74,50,68,54,21,29,46,59,120,70,53,61,72,50,108,15,124,106,116,64,30,48,26,91,79,36,102,115,76,69,33,81,58,41,21,54,58
"COG1387",271,375,198,284,306,242,668,208,262,129,98,236,221,310,368,338,234,309,245,357,222,284,242,260,57,295,435,279,264,271,271,302,262,211,205,264,264,298,336,294,247,314,318,246,170,297,279,246,361,291,248,309,239,232,238,312,180,289,251,244,265,247,240,207,232,282,237,252,262,333,214,179,267,256,263,260,249,315,250,256,340,217,273,269,277,279,328,314,269,282,298,280,317,203,260,294,371,346,340,286
"COG1388",98,345,146,152,195,20,92,89,112,96,26,320,100,281,162,159,197,147,126,89,131,527,141,177,39,343,71,97,180,238,148,162,192,255,127,48,155,161,213,173,140,219,270,174,206,165,291,255,229,181,226,331,296,113,167,308,69,212,132,126,199,291,179,288,136,231,217,104,69,177,230,332,171,166,309,267,96,354,120,368,226,199,229,133,181,81,300,207,87,260,340,223,268,176,189,201,171,125,212,153
"COG1390",12,3,16,7,4,3,2,0,7,2,2,3,1,15,3,5,4,2,12,3,5,3,5,19,1,2,2,0,1,2,3,8,1,2,3,4,3,0,12,6,2,1,73,8,18,0,1,5,0,3,0,14,0,3,6,21,16,7,8,2,10,2,7,6,0,2,5,4,13,6,5,1,2,1,2,5,3,8,6,8,24,5,5,1,3,5,18,6,1,3,6,7,4,1,1,4,1,5,1,4
"COG1391",16,15,34,12,25,31,145,184,21,396,3,1,79,15,13,10,20,13,67,30,8,94,44,15,40,37,5,2,3,14,7,14,2,10,19,169,7,29,11,13,36,9,23,14,39,8,1,31,9,11,20,32,3,13,16,11,233,43,22,1,21,4,43,67,31,29,157,4,15,24,55,12,0,38,29,10,128,37,13,3,13,153,7,22,28,3,16,26,13,46,10,41,5,6,8,6,7,6,8,41
"COG1392",55,34,63,37,43,64,84,32,82,76,0,13,13,26,45,46,23,13,78,69,78,32,117,45,16,55,58,16,26,23,26,49,49,10,92,18,57,104,10,44,81,61,55,64,78,88,58,26,59,49,22,21,18,32,27,36,35,34,20,9,25,14,49,15,28,25,7,14,84,73,24,34,16,22,29,49,19,14,84,18,37,99,26,25,41,26,12,22,12,6,13,32,11,15,22,35,67,24,53,15
"COG1393",38,85,54,51,84,92,41,154,35,84,23,69,37,81,54,45,55,33,82,39,48,143,91,105,22,80,18,28,69,76,53,64,64,44,77,98,75,38,83,100,78,45,76,71,91,89,55,249,65,51,54,81,46,76,54,54,176,91,46,54,105,85,90,90,47,44,141,37,102,52,76,58,53,79,76,55,61,129,51,67,59,106,57,49,53,71,120,77,23,53,73,42,35,35,54,66,33,48,40,54
"COG1394",81,81,82,125,83,88,48,44,100,73,15,114,28,126,82,89,56,26,68,58,72,61,79,116,27,61,28,29,86,70,80,116,98,61,60,21,95,76,33,108,73,76,176,72,43,54,131,107,64,84,94,178,48,63,91,98,93,101,75,44,82,59,127,73,79,76,52,42,92,76,51,100,62,110,84,84,28,182,67,117,81,52,89,70,55,126,101,149,50,69,83,109,62,73,62,81,47,95,56,83
"COG1396",276,477,278,477,439,310,322,523,260,509,318,567,289,754,350,347,478,342,480,299,293,597,495,635,280,509,289,340,565,401,343,465,441,613,326,366,445,275,559,443,301,391,596,452,325,391,682,792,342,391,325,503,311,174,216,394,413,288,232,263,432,359,311,348,255,263,351,282,228,268,278,438,247,283,352,287,250,566,166,396,335,340,269,281,222,298,383,369,219,307,430,264,513,248,378,346,192,247,253,294
"COG1397",92,54,138,99,145,134,304,146,115,127,352,115,111,161,64,49,116,226,53,128,91,63,176,119,357,81,220,197,61,57,136,69,83,87,85,143,40,90,432,34,117,36,80,139,160,45,28,116,127,35,102,113,111,36,146,58,105,82,100,173,228,97,121,97,173,90,86,214,87,108,60,137,82,115,69,132,141,108,111,112,94,126,79,129,52,311,95,41,193,82,106,104,76,95,30,127,204,149,75,92
"COG1399",29,103,59,37,46,28,156,96,26,217,24,92,29,124,31,34,66,45,47,44,30,151,102,99,10,79,52,40,66,100,54,50,44,74,40,68,53,21,62,78,23,57,116,56,114,64,65,140,75,56,38,57,41,11,26,46,52,31,19,26,53,39,43,37,29,51,47,13,16,29,38,30,37,38,48,40,41,75,12,50,59,116,32,26,24,19,74,56,14,46,62,51,55,9,34,40,18,18,49,36
"COG1401",199,102,205,102,388,4,203,167,164,79,172,181,315,180,140,251,182,597,153,171,32,311,310,67,7,151,343,326,163,100,249,69,117,392,53,467,100,126,249,76,78,82,140,200,326,66,147,168,57,45,89,151,276,111,36,137,20,126,120,192,189,60,156,145,193,171,182,256,70,205,63,95,83,104,88,86,959,43,32,149,197,215,101,172,138,148,231,227,410,174,186,294,273,121,72,67,118,169,195,144
"COG1402",87,56,46,64,50,59,189,44,77,182,2,34,147,91,42,43,143,26,63,52,101,17,66,51,17,34,178,50,58,43,97,75,80,7,72,29,81,65,17,58,54,58,48,106,15,69,47,37,61,71,48,49,19,57,86,21,63,86,35,48,25,43,32,33,61,25,40,137,56,77,72,53,73,46,21,75,8,73,123,14,45,102,79,52,127,67,36,69,31,16,25,72,25,56,36,59,101,40,78,61
"COG1403",32,118,92,4,20,2,25,71,12,22,12,39,152,47,44,11,28,26,17,56,14,42,54,38,6,15,26,159,25,24,30,55,10,33,32,18,59,43,123,11,47,12,43,30,108,2,9,75,24,38,46,18,48,59,8,104,39,31,87,6,14,54,51,49,15,37,35,9,12,23,9,42,16,25,47,12,30,32,10,21,83,3,16,17,32,45,63,46,146,45,49,21,29,10,1,49,6,4,8,49
"COG1404",543,699,706,663,797,435,262,334,543,381,1043,699,581,936,759,749,794,1003,525,471,460,883,497,477,2640,731,425,408,578,441,523,634,803,649,430,447,509,664,898,579,535,712,663,652,702,517,784,750,621,609,702,624,631,675,598,685,309,588,642,641,609,516,701,372,702,791,426,599,452,597,521,420,676,423,693,633,692,478,646,642,547,610,602,439,786,1137,626,599,420,589,585,560,556,691,624,522,570,690,597,752
"COG1406",0,19,1,4,1,8,0,0,0,0,3,18,5,5,5,4,15,1,2,0,3,65,3,0,1,16,4,2,20,0,3,0,4,12,14,1,17,1,8,11,6,9,0,13,12,3,5,0,29,6,12,0,30,0,4,1,0,0,2,6,4,19,2,2,2,6,14,2,0,0,11,5,10,3,18,6,8,1,0,1,13,0,2,0,4,0,20,1,7,33,7,10,7,15,11,5,3,3,14,41
"COG1408",305,184,297,333,349,363,292,239,380,106,436,291,563,266,385,395,457,327,203,363,413,174,291,288,294,286,557,613,288,260,464,301,338,279,309,328,370,374,370,324,369,402,245,349,349,338,243,229,327,280,226,145,220,266,203,200,99,216,265,288,210,149,208,204,226,244,137,297,190,207,168,206,236,248,161,174,272,250,197,200,234,133,205,274,233,220,242,195,320,160,176,215,169,243,208,239,305,231,229,210
"COG1409",759,459,514,621,599,524,821,304,651,380,247,318,387,583,752,654,410,234,450,607,578,214,590,717,436,501,418,354,602,506,654,570,673,490,470,256,579,579,183,538,538,590,1166,465,353,579,364,210,688,578,524,473,375,634,532,692,262,375,322,395,673,518,564,252,431,614,246,396,416,560,442,403,517,592,419,522,366,203,603,333,498,552,728,465,556,493,220,652,403,336,365,607,236,510,690,543,723,881,603,790
"COG1410",546,480,565,507,566,353,494,402,558,159,590,476,598,377,585,649,560,565,626,644,596,325,427,384,834,535,787,596,493,567,611,561,612,534,451,515,442,553,435,565,482,607,549,482,436,423,565,234,615,548,540,249,548,511,631,455,406,472,583,489,475,512,497,508,550,593,474,582,358,533,541,355,545,509,516,586,384,428,550,476,454,274,533,639,631,422,458,513,621,568,443,519,471,587,542,486,594,613,556,613
"COG1413",8,0,0,0,8,2,1,108,1,13,4,2,2,5,0,0,8,0,0,6,2,3,18,1,5,1,0,0,1,2,1,0,0,1,8,44,0,4,0,4,15,2,0,7,1,0,0,2,0,0,0,15,0,12,18,3,165,11,7,0,5,1,3,12,1,0,79,2,20,0,12,0,2,29,0,6,0,17,1,3,2,0,0,8,1,3,0,8,0,16,2,0,2,0,0,3,2,3,0,15
"COG1414",48,88,83,63,80,125,128,274,105,430,41,35,67,70,70,62,78,46,227,70,78,74,145,221,51,70,26,30,93,51,41,90,50,43,122,171,86,56,28,100,110,80,158,104,106,63,15,79,29,96,61,159,71,53,44,76,535,126,85,65,96,53,118,194,87,66,252,38,186,83,161,94,27,98,70,65,59,71,105,92,66,246,55,89,91,74,46,145,40,127,45,71,56,60,46,87,40,59,54,93
"COG1415",0,0,0,7,1,0,0,0,0,0,0,0,0,2,0,0,0,0,0,0,1,0,0,0,0,0,0,0,0,2,0,1,4,0,0,0,0,1,0,0,0,0,0,0,0,0,0,0,0,0,0,19,0,2,0,0,0,1,0,0,1,0,1,0,0,0,0,0,0,1,0,0,0,1,0,0,0,0,0,0,0,0,3,0,0,0,0,2,0,0,0,3,0,0,0,0,0,0,0,0
"COG1416",0,2,2,1,0,1,0,1,0,3,0,0,1,0,0,0,1,0,1,0,0,0,4,1,0,0,0,0,0,0,0,1,0,0,1,0,0,0,0,4,0,1,0,1,0,0,0,0,0,1,1,2,1,1,1,1,1,1,1,1,0,0,1,2,0,1,0,0,4,0,0,1,0,1,0,0,0,10,1,1,1,0,0,0,2,5,0,0,0,0,1,0,1,1,0,0,0,1,2,0
"COG1418",390,381,445,431,407,319,482,233,360,420,527,538,416,501,380,435,532,548,386,438,378,478,492,378,574,366,553,588,476,500,523,389,474,588,379,430,339,399,420,378,333,407,397,405,572,511,500,539,431,416,446,563,533,334,447,544,154,319,468,454,552,552,445,414,468,463,332,489,316,488,425,632,512,331,534,470,471,301,417,554,552,469,411,446,407,399,492,452,532,435,572,483,363,423,439,381,374,441,398,418
"COG1419",0,83,9,28,29,9,1,0,1,0,3,61,44,11,5,9,57,21,14,0,9,84,17,16,1,71,18,21,57,4,20,13,43,54,33,3,37,2,47,36,6,34,2,17,31,85,39,1,89,19,27,11,84,11,11,14,0,3,29,29,44,121,11,54,1,37,39,16,0,0,28,9,30,26,88,40,108,3,0,39,66,15,28,1,32,3,41,2,14,105,81,26,78,33,38,39,30,11,48,52
"COG1420",42,200,80,123,104,31,258,65,34,224,24,188,35,263,65,84,107,122,79,61,67,262,110,123,23,109,91,90,138,182,92,96,114,146,59,88,90,20,128,98,69,88,174,104,204,113,159,234,141,99,140,227,175,32,97,228,46,93,70,76,185,199,98,128,97,130,126,52,53,76,122,250,109,70,148,158,77,164,35,214,145,177,108,68,75,65,191,123,45,155,207,146,150,79,132,123,44,54,86,128
"COG1424",3,6,7,4,0,0,68,1,1,0,0,1,15,11,1,1,4,14,15,10,4,12,10,6,2,3,37,12,0,1,1,8,1,2,5,21,3,1,6,2,6,4,7,12,25,3,0,10,13,6,5,5,3,2,1,5,0,0,11,6,15,8,3,0,5,6,0,6,2,12,5,3,1,1,1,5,3,0,0,5,8,3,2,3,5,4,31,2,9,3,2,5,7,5,8,1,13,5,9,0
"COG1426",4,10,19,0,1,10,37,27,7,49,2,1,45,2,5,1,5,8,18,15,12,96,17,15,10,7,21,5,2,5,6,8,3,6,4,44,22,10,14,12,9,7,13,10,83,3,1,134,14,6,4,16,10,4,2,17,37,8,4,4,13,11,11,22,11,3,29,1,19,16,15,3,0,20,7,4,121,23,6,6,9,45,2,9,13,20,2,1,4,8,5,1,3,4,4,3,11,7,7,8
"COG1427",0,21,12,7,2,0,102,31,0,0,1,4,16,10,0,19,2,6,1,34,4,0,55,37,0,0,36,13,4,1,12,9,9,5,0,22,14,2,0,0,0,1,4,27,0,0,0,0,28,22,5,3,6,0,11,22,0,0,10,2,16,9,26,15,12,6,1,5,0,27,0,12,10,1,5,4,2,0,0,5,19,2,2,2,14,33,2,12,22,6,15,3,3,15,2,17,18,11,29,8
"COG1428",3,1,38,9,1,0,0,33,1,39,307,3,151,15,0,12,150,208,5,6,1,163,59,32,216,1,183,240,5,3,95,3,3,104,2,154,12,6,198,0,1,1,2,65,195,0,0,70,3,19,9,6,56,2,7,13,3,1,88,171,53,21,24,10,48,4,10,163,2,30,0,14,8,4,1,7,205,8,0,6,81,12,6,0,27,26,49,18,167,2,11,7,55,11,9,14,2,11,8,9
"COG1429",406,153,188,252,281,201,19,124,283,38,411,77,391,174,234,297,574,552,154,225,246,131,229,414,85,159,342,301,105,176,248,252,217,150,283,305,216,221,239,310,291,357,122,417,139,182,112,54,201,284,236,141,157,302,410,227,2,159,301,320,281,284,212,147,275,296,46,351,358,95,484,133,223,198,185,321,303,23,353,115,117,47,180,365,345,241,85,155,213,29,218,179,105,209,168,210,358,258,183,303
"COG1430",1,0,1,3,2,0,0,0,2,0,4,41,0,15,4,2,5,4,2,5,6,22,2,3,5,7,0,0,11,3,0,6,1,2,1,0,6,5,4,2,0,0,0,3,4,2,0,0,4,1,4,14,6,1,10,40,13,1,1,5,17,0,3,1,5,3,4,0,0,0,0,8,1,4,5,5,2,0,0,6,2,1,12,2,6,12,0,0,7,3,30,7,1,2,17,2,2,44,3,0
"COG1431",0,0,0,1,9,0,0,2,0,1,0,7,0,0,0,0,0,0,1,0,1,59,3,1,0,0,0,0,1,0,0,11,5,1,0,1,0,3,0,0,0,0,0,0,0,0,4,14,0,0,1,0,0,0,0,2,0,9,3,1,0,2,4,3,0,8,1,3,0,1,0,0,2,0,2,0,0,0,0,2,0,0,0,0,0,0,0,1,0,0,0,1,1,3,2,1,1,0,0,0
"COG1432",40,106,41,49,59,10,24,41,15,53,4,42,11,76,57,21,32,107,19,96,9,39,52,85,9,91,41,27,38,43,34,71,22,49,35,6,102,37,46,40,16,84,61,48,94,56,91,25,84,23,56,62,46,50,118,20,50,26,68,86,48,102,41,83,40,116,52,14,37,56,40,58,43,31,48,114,27,5,24,107,66,84,52,70,54,26,116,35,29,81,94,38,138,39,82,56,35,23,42,90
"COG1433",55,28,31,31,24,12,4,5,4,16,4,37,21,11,32,17,29,8,38,5,12,54,24,22,9,27,13,14,28,7,39,28,9,12,7,1,48,53,23,59,31,27,7,9,38,6,16,35,24,66,38,9,16,30,17,31,4,35,42,38,38,32,36,24,39,30,47,66,57,32,8,20,18,23,42,19,15,65,39,11,25,14,70,30,29,20,60,19,35,32,22,18,29,56,34,16,8,60,16,37
"COG1434",18,147,50,38,47,44,324,144,56,168,23,76,39,145,58,36,60,49,53,91,37,68,73,68,23,101,95,67,104,49,65,55,76,74,33,117,73,29,60,90,82,69,53,76,129,56,80,123,138,71,65,114,64,39,47,50,155,116,44,44,87,64,58,113,57,71,151,52,94,122,65,52,45,99,75,62,36,178,38,102,117,77,88,23,77,63,96,71,43,106,107,66,60,41,111,51,67,45,77,90
"COG1435",127,28,64,137,111,126,26,89,110,58,61,96,44,132,141,142,106,25,61,125,91,91,84,123,127,65,122,48,116,130,75,120,90,71,61,80,102,117,53,104,73,110,71,79,60,82,78,100,87,61,99,132,92,134,89,155,69,103,95,67,99,81,107,67,109,116,98,159,93,57,91,130,102,69,49,86,79,29,85,114,57,29,95,136,77,126,51,100,56,55,75,103,38,104,109,98,91,171,76,111
"COG1436",13,5,5,11,7,5,5,11,6,8,2,11,1,30,6,11,17,5,11,5,4,17,13,27,2,7,4,5,6,10,11,14,5,7,5,5,7,4,14,13,4,9,32,16,12,4,17,16,15,3,15,34,5,6,8,13,21,9,5,2,14,7,4,8,12,6,9,6,6,10,5,7,5,9,5,15,4,28,8,17,18,7,9,4,4,8,12,30,3,6,5,16,3,7,3,9,1,9,3,6
"COG1437",0,3,0,3,1,0,0,2,0,2,1,2,1,0,0,0,0,5,4,0,2,12,2,2,0,2,1,2,0,1,1,1,1,0,0,0,2,0,2,1,0,0,1,1,0,0,0,2,2,1,1,7,1,0,1,2,0,5,0,0,2,2,0,0,0,3,3,0,0,0,2,1,1,5,3,3,3,0,0,3,0,1,0,0,1,0,11,3,0,0,0,2,1,1,3,4,0,1,1,2
"COG1438",183,121,147,139,136,131,125,130,125,142,218,128,116,122,126,112,194,184,107,110,130,180,157,173,153,128,173,220,144,130,137,130,153,134,114,159,130,112,150,143,149,125,131,94,159,132,119,216,152,124,127,96,160,112,141,113,198,106,103,136,137,135,134,98,117,138,89,174,80,142,144,85,123,147,140,121,183,89,110,127,125,151,143,168,126,137,152,117,154,129,118,169,121,116,100,138,147,95,140,133
"COG1440",26,31,13,13,10,35,51,56,14,58,7,18,12,3,17,6,17,7,94,13,22,76,18,27,14,17,18,11,33,53,10,21,16,4,17,41,7,7,37,22,17,10,27,10,34,49,42,44,11,32,15,4,16,13,13,24,49,30,15,6,15,13,17,25,6,18,47,19,66,25,26,9,15,24,16,21,21,181,19,25,12,39,10,28,16,50,63,20,11,17,30,9,14,24,13,33,7,19,37,14
"COG1441",1,0,0,0,0,7,0,44,9,2,0,0,8,1,0,1,6,2,28,4,1,3,5,3,6,8,1,1,2,1,0,1,0,1,6,17,2,0,6,3,3,2,5,3,0,2,0,6,1,0,0,8,2,1,4,0,50,6,4,0,1,0,0,18,0,1,35,0,2,4,26,0,0,5,1,1,2,4,4,0,0,0,1,2,5,0,0,0,0,7,0,1,1,0,1,0,5,3,0,4
"COG1442",106,131,232,183,303,381,91,424,176,535,364,223,177,196,244,130,141,127,373,131,81,315,313,203,86,228,214,427,226,88,228,129,135,276,292,465,168,232,185,361,108,136,176,264,347,144,183,667,276,196,121,154,222,134,142,229,347,128,190,253,182,283,359,202,188,325,316,253,155,347,106,100,213,209,407,194,238,180,129,176,242,253,173,213,164,220,196,106,332,240,237,204,445,172,212,173,156,350,107,184
"COG1443",30,2,9,46,28,49,2,42,17,8,70,16,44,20,38,41,17,51,33,27,30,0,46,29,3,22,27,54,38,18,30,29,32,5,33,40,47,41,31,31,29,42,27,26,32,42,35,3,25,29,35,21,18,65,42,22,35,26,67,64,25,27,28,37,44,25,25,53,86,32,26,24,44,45,7,29,48,1,43,13,44,0,42,26,35,44,22,38,78,24,20,36,30,45,30,42,39,37,37,41
"COG1444",4,1,2,0,2,18,0,106,14,14,5,0,8,1,0,3,11,0,31,4,4,6,16,11,4,13,0,0,0,5,1,0,1,4,2,59,0,0,3,8,11,2,8,6,0,6,0,9,1,0,0,10,3,4,3,0,80,7,4,2,1,0,5,24,1,0,60,1,5,14,13,0,0,12,0,1,1,8,3,0,0,1,0,9,3,0,0,3,3,10,0,0,4,0,0,2,1,2,0,7
"COG1445",75,297,131,107,104,98,619,364,109,168,36,213,149,72,91,104,185,119,116,203,96,393,144,158,51,233,251,202,158,205,125,108,137,166,64,262,85,48,138,206,110,110,290,100,293,124,166,294,216,185,132,115,164,60,110,150,515,172,79,92,175,217,117,203,69,177,397,73,156,130,242,93,148,134,184,142,183,358,58,214,250,309,109,93,178,69,270,175,46,292,197,132,158,107,181,107,105,54,184,179
"COG1446",58,28,36,21,34,66,42,72,70,153,2,16,37,7,56,12,15,4,47,32,52,22,26,29,13,22,25,6,19,21,23,30,23,8,67,63,35,82,18,8,108,35,12,39,26,29,46,11,33,54,29,22,19,49,59,18,177,37,24,39,18,8,33,23,19,21,46,28,87,24,75,23,31,29,26,55,6,48,107,7,10,15,24,50,62,34,26,29,20,17,21,26,16,25,34,39,90,24,40,39
"COG1447",20,26,22,19,14,33,107,68,15,43,12,20,12,5,21,12,25,22,82,26,24,121,27,26,12,12,30,23,41,58,13,26,11,17,16,49,9,11,31,31,20,7,44,22,25,25,28,67,19,37,8,21,13,22,14,24,96,37,12,8,12,13,22,28,8,19,44,19,41,36,25,7,18,25,15,24,17,82,25,16,16,33,15,25,21,14,52,18,19,22,11,11,11,10,11,36,17,20,33,25
"COG1448",20,29,31,12,16,49,92,145,56,20,12,5,66,51,14,17,17,29,137,52,31,77,85,46,20,30,36,32,6,24,8,25,6,6,18,104,8,18,25,24,34,26,75,51,99,17,5,45,19,23,27,42,8,28,19,38,177,15,29,19,62,17,32,40,39,19,113,13,55,68,41,33,6,38,21,17,78,24,19,5,29,120,13,21,63,16,41,14,28,44,10,20,16,18,14,10,27,25,39,42
"COG1449",155,27,168,164,124,189,4,80,144,12,186,168,149,42,112,135,69,113,70,135,136,14,111,113,222,98,58,71,146,68,187,167,175,201,106,134,161,159,174,144,78,132,63,129,68,129,81,1,80,140,85,69,143,163,110,106,0,105,138,107,102,109,186,78,173,118,37,105,101,148,53,88,121,138,67,86,142,4,92,78,81,1,142,151,132,204,16,106,149,88,59,115,73,192,107,104,84,220,79,100
"COG1450",10,1,22,5,4,61,2,111,18,19,8,0,20,2,9,10,12,0,68,18,16,15,14,33,18,7,3,1,2,9,12,16,0,1,15,37,4,10,0,28,43,19,11,15,0,15,1,5,0,39,8,40,2,23,9,6,264,16,5,11,8,3,10,87,12,12,109,25,84,47,55,3,0,38,0,6,1,33,30,0,2,0,9,20,26,16,3,6,7,29,1,0,3,18,2,0,3,5,2,28
"COG1451",121,141,87,177,114,141,129,103,87,235,31,138,62,181,100,72,84,55,146,108,106,144,161,125,42,141,38,53,210,178,125,143,182,113,129,122,139,125,88,108,118,91,138,135,108,126,128,97,127,115,160,115,109,84,138,151,85,124,119,71,116,129,159,109,148,121,155,79,102,144,145,167,134,165,182,126,152,149,151,175,132,153,140,165,142,112,155,130,135,131,122,177,146,148,133,125,103,137,115,117
"COG1452",19,1,27,7,13,44,1,108,18,23,9,5,73,11,10,12,28,7,87,28,16,84,24,37,25,34,3,0,1,9,4,9,3,8,17,62,28,17,16,11,26,3,27,12,11,13,0,37,9,10,22,28,13,20,14,9,169,16,15,8,25,4,15,49,12,14,123,10,26,25,35,10,1,37,24,12,155,20,12,0,5,0,5,20,29,3,5,6,8,35,10,12,5,8,5,7,14,9,8,22
"COG1453",195,244,139,255,175,200,153,105,225,54,22,216,99,329,159,252,113,65,147,311,302,52,146,234,46,210,82,93,245,249,197,302,207,137,108,55,260,169,112,210,109,281,370,255,153,154,139,98,233,218,106,177,138,180,121,113,45,127,112,91,104,132,133,158,130,91,85,47,95,107,117,106,102,139,126,127,39,43,76,146,103,89,215,79,134,140,118,147,74,115,117,117,102,132,161,159,97,110,180,108
"COG1454",587,968,598,469,521,321,1210,635,443,1243,211,723,344,718,579,482,562,418,722,491,565,906,704,689,310,815,557,386,729,688,522,568,505,639,498,554,638,488,533,703,545,576,972,483,882,398,751,1062,724,752,432,544,458,291,409,535,515,555,295,267,536,498,386,439,348,494,548,320,352,340,422,571,475,491,433,493,324,689,417,483,454,894,430,363,433,323,635,542,313,570,470,451,591,339,573,377,400,309,477,442
"COG1455",87,162,66,58,37,143,147,238,53,273,31,97,46,51,70,39,93,57,312,35,63,429,66,80,57,85,53,41,134,199,40,64,43,31,68,141,50,27,180,149,87,43,153,87,416,117,193,378,47,101,43,49,64,43,65,54,340,205,71,63,87,158,69,118,30,126,203,58,275,96,76,66,102,115,84,111,65,777,76,77,56,149,32,75,70,130,200,127,30,68,116,29,58,69,44,87,35,48,66,84
"COG1456",2,17,8,10,14,0,7,3,2,16,3,10,0,90,5,7,2,8,6,7,2,22,11,15,2,3,10,14,7,19,4,14,7,6,10,0,19,1,14,10,6,9,13,8,6,6,15,62,4,4,8,22,2,3,3,11,0,40,4,4,18,9,5,8,22,17,29,5,0,5,5,14,7,9,4,5,7,107,8,38,5,23,5,5,4,3,57,15,0,3,16,9,16,4,11,9,0,4,6,18
"COG1457",18,133,52,53,55,20,420,107,56,487,10,35,32,70,63,42,45,50,75,74,31,142,106,81,32,91,110,43,108,29,41,65,30,42,24,148,34,35,73,101,25,65,97,44,166,21,115,140,93,35,50,112,38,28,26,38,151,69,25,28,81,41,66,82,32,84,150,29,73,58,62,38,25,74,24,61,52,29,34,78,64,125,71,51,63,38,167,87,41,60,46,60,66,32,60,37,59,56,54,32
"COG1459",33,89,78,81,51,69,214,546,57,67,23,131,50,126,82,39,114,83,98,44,42,213,130,158,42,106,73,70,85,55,99,68,74,142,51,151,98,32,120,90,57,80,73,69,137,186,63,206,85,98,102,203,160,33,69,171,290,97,81,88,116,175,77,205,73,96,216,42,101,131,100,186,86,80,152,94,75,180,38,200,156,127,81,41,86,102,106,64,33,146,287,68,196,66,42,83,47,65,113,120
"COG1461",77,303,111,128,120,58,261,63,42,135,33,226,71,350,90,130,143,121,94,85,84,229,98,138,34,164,103,141,169,261,135,146,139,171,64,92,126,27,151,153,74,100,215,138,234,105,171,356,255,196,171,188,189,40,141,122,83,155,113,106,254,238,97,162,101,175,152,56,112,102,164,109,165,120,183,195,113,219,55,235,179,144,142,78,139,89,273,186,71,191,217,137,196,126,162,134,95,67,175,146
"COG1462",0,0,0,4,0,28,0,15,2,2,1,0,1,1,0,1,6,0,56,1,7,0,3,7,11,0,0,0,0,2,0,0,4,0,1,10,0,1,0,1,4,0,1,3,0,0,0,0,0,8,0,3,0,4,1,0,24,5,0,6,0,0,0,5,2,0,13,4,22,19,1,1,0,4,0,0,22,0,6,0,0,0,6,2,12,6,7,0,0,3,1,0,1,8,0,0,0,2,0,2
"COG1463",18,23,30,7,7,11,146,83,25,18,2,15,20,16,16,20,22,15,21,54,11,67,38,37,16,26,44,22,4,14,41,17,5,10,31,58,33,6,13,19,18,11,49,43,44,8,0,31,21,12,14,16,7,11,12,32,80,9,13,21,44,11,22,34,27,17,47,6,25,28,43,15,7,16,11,13,71,11,9,6,17,79,25,12,30,10,6,8,29,20,4,10,3,11,16,9,21,14,25,22
"COG1464",81,126,111,81,50,63,377,142,96,347,26,88,171,194,71,71,87,66,238,60,51,285,174,149,69,101,113,98,63,87,78,67,59,79,65,173,58,66,116,78,69,38,226,84,272,85,50,337,66,104,114,82,66,49,92,111,168,88,56,54,147,124,112,145,63,121,132,53,105,133,74,79,52,71,133,69,367,105,48,75,99,417,80,60,109,83,149,88,72,80,90,104,80,60,56,89,35,62,91,72
"COG1465",0,1,1,0,0,1,0,0,0,0,0,1,2,4,1,2,1,0,1,8,2,0,0,3,0,0,0,0,0,2,1,5,0,5,0,1,0,1,0,0,0,4,4,11,0,1,0,0,0,1,1,10,0,0,3,2,0,0,3,0,1,0,3,1,3,2,0,1,0,0,0,0,0,2,0,3,0,0,5,2,1,0,0,0,6,0,0,0,1,0,0,0,0,3,0,0,0,1,1,1
"COG1466",207,180,176,231,162,175,239,187,198,250,208,241,131,254,186,180,241,197,169,194,164,290,223,204,264,189,246,173,267,186,197,190,215,320,252,168,253,233,218,208,233,200,203,215,204,169,231,262,233,190,231,230,215,196,215,273,142,178,172,140,218,268,228,176,225,187,182,208,131,234,172,322,196,176,244,239,171,203,144,228,241,180,216,212,199,214,183,197,200,201,206,246,231,212,214,226,248,229,201,184
"COG1468",16,87,40,39,36,27,10,21,31,28,25,65,85,78,23,22,34,74,9,55,34,69,75,48,16,43,38,20,44,52,30,31,35,52,34,34,38,6,82,128,38,33,46,29,79,76,36,32,46,18,64,40,40,24,16,17,56,73,53,37,37,39,67,41,22,36,35,27,44,12,15,64,42,76,28,31,40,57,3,53,64,22,36,38,13,54,48,15,48,60,44,72,65,31,23,33,31,62,36,46
"COG1469",10,10,21,12,16,0,74,18,10,0,2,0,2,13,13,14,10,2,61,27,7,30,10,26,6,4,25,14,3,14,22,13,3,10,4,15,15,7,5,1,13,10,26,33,4,6,0,7,14,16,14,26,5,7,11,9,0,3,5,13,15,8,11,23,26,12,22,5,15,14,0,6,3,3,10,7,3,0,5,2,12,7,10,4,15,8,4,3,12,5,8,7,1,8,4,11,18,13,19,12
"COG1470",25,15,37,56,14,48,1,11,31,0,1,5,10,9,17,27,8,2,12,35,61,1,29,36,1,4,2,1,19,24,14,35,28,7,50,0,75,37,3,46,28,22,8,46,4,49,29,0,18,16,21,33,9,74,33,18,31,30,20,21,12,18,26,16,27,2,4,14,77,19,18,32,15,8,8,25,1,0,36,10,29,0,17,22,12,28,2,33,4,5,22,22,12,28,21,39,24,27,26,33
"COG1472",3188,2046,2356,3146,2466,3650,1300,1069,2271,2200,2828,2743,2832,2074,2406,2609,2596,2927,1677,2625,3772,1086,1835,1910,1927,2422,2595,3307,3354,2011,3029,3172,3181,1346,2648,2276,3554,3144,2488,3214,2741,2689,2021,2484,2163,3447,2716,1305,2214,2931,2734,1548,1780,3231,2672,1835,788,2647,3435,2848,1927,2327,2909,2995,3188,2098,1638,2303,3095,3062,2500,2027,2958,3556,2606,2134,1832,2049,3194,2978,2194,1766,3642,2629,2083,2120,2121,2645,3412,2351,2271,2595,2089,2945,2667,2772,2208,2603,2443,2021
"COG1473",198,249,440,140,183,407,522,240,333,370,40,186,200,448,484,245,206,168,405,180,302,572,408,360,172,280,116,177,251,315,173,285,171,139,261,222,312,242,217,293,363,239,557,300,550,285,125,605,158,497,256,258,163,100,254,280,706,412,269,249,347,187,263,279,313,289,323,165,900,207,205,232,221,208,238,284,225,344,336,117,267,791,232,174,395,284,435,225,130,319,183,248,145,291,172,243,142,204,188,311
"COG1475",521,824,504,727,905,499,735,779,580,707,491,848,447,1302,616,606,580,634,789,538,600,630,729,980,357,627,493,609,735,1217,799,813,749,734,461,397,773,609,510,543,481,639,841,775,679,607,794,585,685,707,800,1130,715,500,649,756,512,673,707,704,923,709,747,926,613,725,809,402,495,663,767,708,829,512,771,706,638,899,334,981,676,636,811,744,617,474,845,919,471,731,933,776,884,586,838,689,531,729,548,701
"COG1476",19,85,23,56,54,30,17,30,27,62,11,77,17,92,17,42,37,73,25,16,15,54,48,95,5,61,18,27,72,38,24,39,34,60,37,6,70,21,66,62,30,29,50,80,41,55,100,149,52,31,62,65,57,36,21,37,31,27,28,16,55,59,56,56,28,34,61,23,14,43,41,36,53,49,39,52,31,177,15,56,58,49,46,20,19,38,93,53,12,57,75,52,299,39,42,74,34,33,41,45
"COG1477",208,231,242,286,270,304,177,114,199,106,257,256,278,224,277,212,266,245,214,222,268,264,283,251,345,248,254,289,252,253,247,250,237,255,262,202,217,294,237,222,298,197,280,312,360,372,295,250,237,192,166,107,175,174,155,138,78,173,174,194,176,179,158,130,162,134,142,198,204,135,139,124,158,161,151,161,201,137,143,169,188,115,145,173,163,135,218,153,182,175,119,154,193,153,192,154,120,163,182,175
"COG1479",377,205,242,201,539,208,686,336,363,783,517,444,244,340,563,444,560,382,382,330,165,106,542,608,472,297,438,806,260,167,435,348,236,1147,446,788,328,437,819,351,567,347,312,389,745,324,610,243,381,256,382,294,647,462,196,459,61,249,712,605,451,462,386,227,357,439,313,581,147,502,383,420,338,644,307,269,635,108,176,254,381,257,199,842,429,372,486,516,952,361,396,403,609,466,211,366,387,246,356,455
"COG1480",214,114,253,162,191,206,11,43,199,22,335,134,272,67,228,184,143,325,203,236,212,24,133,114,311,166,153,270,149,92,231,142,195,190,196,146,111,269,174,108,225,189,51,155,126,167,168,4,159,161,226,111,281,280,309,236,2,235,362,411,214,140,296,153,259,202,117,306,262,325,301,151,230,249,201,272,259,33,475,153,213,91,241,349,319,265,173,163,551,199,113,191,282,344,247,235,400,307,289,185
"COG1481",31,164,56,76,80,35,182,64,42,193,22,147,33,191,67,54,98,104,62,46,47,224,104,120,17,125,48,77,114,127,67,74,74,124,53,70,78,27,114,87,42,82,183,87,149,46,136,209,105,74,88,199,143,36,64,93,54,102,50,77,134,162,86,113,61,83,117,48,63,48,75,211,94,53,124,96,60,195,25,167,126,223,85,33,60,55,182,134,29,139,162,111,146,60,101,88,44,57,101,114
"COG1482",223,214,254,380,254,321,196,216,227,74,266,295,242,215,282,233,279,260,194,247,281,426,225,218,276,343,220,280,317,407,302,330,346,245,268,254,300,327,221,264,230,302,244,379,259,314,238,262,315,269,259,142,306,322,238,274,174,210,294,226,224,220,287,228,331,217,208,240,265,305,164,260,290,339,302,282,296,114,215,300,296,100,338,308,190,383,281,284,347,391,271,340,220,328,266,276,207,281,222,299
"COG1483",0,0,4,30,3,39,0,2,0,0,7,25,20,17,1,0,51,12,276,39,13,1,12,28,82,22,0,0,4,67,25,31,11,0,0,5,23,5,5,137,32,23,0,14,1,102,79,0,22,78,6,0,2,0,0,0,0,0,259,0,9,1,89,50,4,7,1,2,0,9,20,74,10,7,216,0,33,0,0,21,1,0,128,9,5,13,162,7,0,8,11,86,0,6,0,5,2,3,18,46
"COG1484",530,608,411,328,806,254,144,614,523,487,117,613,304,766,265,376,479,225,399,308,464,412,774,445,106,685,512,1243,800,514,440,389,504,550,306,240,379,692,560,382,213,259,807,454,682,396,631,502,394,442,499,592,589,358,608,542,658,428,804,476,536,501,432,394,452,518,386,896,350,354,515,573,537,258,496,565,289,548,859,828,571,1215,536,394,622,507,917,520,1115,404,591,496,378,456,671,500,888,1167,521,756
"COG1485",1,1,1,0,1,9,1,52,10,9,7,0,9,1,4,1,10,2,48,9,0,2,12,11,4,3,0,0,1,3,1,5,0,0,4,48,1,2,0,3,8,0,12,8,1,4,0,7,0,0,0,11,1,2,3,2,87,13,5,1,0,2,9,18,1,0,44,0,9,20,16,0,0,15,0,1,3,6,8,0,0,0,0,11,8,1,1,1,1,16,0,0,2,1,4,0,2,5,1,6
"COG1486",59,169,49,57,49,60,239,311,79,160,21,49,71,165,119,92,62,35,387,56,78,32,108,132,61,66,62,56,81,102,92,49,25,27,67,180,62,49,79,102,85,73,261,63,101,157,82,243,54,187,50,156,34,59,33,97,413,173,68,17,71,53,44,144,44,108,326,61,178,112,107,74,70,120,55,66,56,236,146,49,54,149,59,62,110,103,183,119,49,109,78,52,57,75,47,91,35,58,67,117
"COG1487",26,8,19,33,23,14,11,53,61,51,85,7,3,11,35,50,38,84,37,11,40,8,24,42,3,12,61,84,38,0,19,39,52,10,13,9,39,14,14,35,6,15,15,27,21,53,7,4,30,21,21,21,8,23,28,0,75,30,15,4,11,27,10,35,26,17,36,6,4,24,12,29,22,2,3,28,2,10,6,8,17,67,32,21,14,27,5,5,1,10,5,50,43,22,43,44,34,17,68,2
"COG1488",212,227,180,255,155,190,336,155,141,395,29,315,97,365,147,149,151,137,200,251,229,376,201,284,71,281,104,153,260,252,184,258,243,210,198,141,229,107,170,277,135,217,301,188,428,217,213,609,364,241,266,277,223,146,199,214,186,237,124,129,218,264,298,196,175,234,228,107,177,311,222,283,217,265,256,198,913,423,167,244,274,384,221,182,150,160,319,210,157,251,327,243,211,149,133,193,134,173,156,180
"COG1489",14,30,25,22,22,24,30,73,34,23,12,50,14,55,19,16,38,18,40,15,26,28,54,42,14,25,12,20,40,66,11,36,20,38,18,35,32,11,39,29,22,20,45,36,46,29,30,29,15,44,21,51,40,15,27,31,127,42,29,25,25,26,26,62,29,15,81,17,49,25,44,27,31,19,29,25,8,62,24,62,40,81,28,42,32,25,30,34,7,44,64,21,46,21,14,38,8,16,22,44
"COG1490",150,126,136,125,138,90,124,140,106,160,154,118,182,135,152,120,155,154,114,114,118,110,127,142,131,165,127,155,146,118,149,129,129,122,120,119,101,146,141,122,141,101,117,152,156,108,154,129,162,105,136,154,128,122,165,159,115,134,126,161,146,131,134,93,122,124,134,108,112,121,148,172,129,149,111,147,148,117,137,137,137,167,123,147,118,120,123,156,146,126,125,137,151,133,134,119,130,131,94,127
"COG1492",216,229,183,203,221,145,283,99,214,84,20,164,122,166,297,290,122,89,213,234,231,106,131,156,74,210,189,114,257,247,198,216,238,130,177,66,169,161,118,170,188,258,201,162,154,169,173,141,174,268,159,164,157,223,246,214,53,230,183,134,227,236,193,215,182,328,155,152,189,173,185,131,259,125,216,202,70,143,188,152,157,156,237,220,268,219,154,154,129,153,178,178,190,222,227,188,204,283,228,252
"COG1493",57,171,53,81,87,41,57,54,28,64,27,138,51,202,45,75,98,80,56,30,60,170,56,94,17,131,43,71,118,127,82,68,93,118,25,43,95,28,115,80,35,74,120,90,147,62,121,171,132,103,126,108,123,29,105,83,47,88,61,67,138,164,55,123,66,108,99,67,74,41,113,69,119,70,130,132,47,253,29,163,129,78,103,64,77,45,212,128,25,163,155,109,120,84,100,92,48,37,73,89
"COG1494",7,3,18,10,6,53,4,106,20,15,5,3,30,21,20,8,15,12,51,20,20,26,30,49,26,20,5,3,3,17,5,18,2,9,19,89,7,4,10,21,16,14,33,40,40,7,0,29,3,36,7,19,6,13,13,15,149,17,18,17,36,10,14,34,14,7,98,20,48,26,33,10,3,29,4,6,62,12,33,3,6,54,5,19,44,9,11,12,9,38,1,5,12,16,16,3,6,9,5,24
"COG1495",9,0,34,1,19,5,1,38,12,20,3,0,11,0,9,9,7,0,27,15,1,113,15,12,10,37,0,1,0,12,3,10,0,8,26,10,8,15,4,0,24,2,3,6,6,5,0,5,8,9,14,12,6,11,5,12,61,7,14,4,5,7,3,10,21,20,25,1,12,11,6,4,0,13,16,1,29,7,1,0,3,0,7,14,6,2,6,4,13,15,7,0,0,5,4,17,9,3,17,18
"COG1496",73,107,107,82,98,77,146,55,90,150,123,98,130,87,109,86,150,124,137,93,69,80,103,71,171,107,144,137,75,70,118,85,100,106,84,124,59,98,115,49,93,108,87,100,112,83,99,74,98,93,143,194,176,129,131,174,111,135,146,183,148,127,151,98,188,152,119,214,133,128,102,161,125,136,150,110,201,150,124,178,154,234,132,138,149,149,148,177,226,168,147,134,148,130,131,92,155,160,111,118
"COG1501",1372,1076,1082,1294,956,1376,813,791,1192,1318,1033,1095,1095,1072,971,1222,932,1100,1107,1126,1704,451,839,910,1119,915,1151,938,1229,901,1184,1212,1120,698,1027,778,1450,1326,1210,1527,1159,1394,920,873,1082,1321,1339,692,1114,1026,917,804,834,1444,1195,718,668,1053,1267,1141,810,1131,1109,1086,1138,1010,842,835,1287,1004,1263,969,1027,963,1107,1065,806,1378,1238,864,1010,455,1352,990,901,862,866,1247,1258,934,980,991,848,1107,1321,1063,1142,974,1215,946
"COG1502",531,784,540,620,666,556,235,446,442,294,630,662,518,441,521,495,771,656,570,405,480,863,560,540,683,700,811,576,632,664,528,586,635,650,599,583,563,564,749,536,592,525,332,605,619,715,612,684,637,512,642,474,643,514,635,504,546,673,596,501,654,835,569,773,511,506,692,598,446,520,733,567,586,623,727,647,663,595,553,619,568,322,619,668,577,486,900,534,521,748,767,495,790,571,568,694,572,577,583,625
"COG1505",20,12,155,69,9,122,0,41,40,2,6,73,26,24,14,38,8,0,14,161,78,3,56,33,82,6,3,7,13,22,20,57,41,105,51,0,62,94,2,1,63,51,22,48,1,75,53,0,23,30,46,17,49,50,54,52,0,51,69,29,34,48,62,33,72,7,8,25,114,70,23,68,31,14,20,33,23,0,73,66,60,0,18,30,26,61,2,61,17,23,34,22,17,62,26,33,16,51,30,5
"COG1506",1425,469,1069,1033,1095,1206,299,377,1389,583,1706,757,1905,404,1285,1306,1362,1697,1348,1444,1694,132,1059,863,1619,807,1720,1604,870,642,1325,1391,1209,796,1136,1137,929,1699,1063,602,1323,1214,637,1240,913,978,1150,36,867,1215,1149,638,805,1305,1405,863,10,1202,1606,1631,952,484,1341,649,1434,975,453,1585,1056,1474,1082,741,1094,1049,1156,1117,1183,154,1755,606,893,475,1169,1512,1316,1515,554,996,1790,777,480,952,734,1506,1254,1045,1590,1553,1249,1101
"COG1507",0,2,0,0,0,0,38,14,0,133,0,0,1,3,3,1,0,2,1,0,0,0,6,1,1,0,0,0,0,0,0,0,0,0,0,18,0,0,0,1,0,0,0,0,4,0,0,2,0,0,0,0,0,0,0,0,0,3,0,0,0,0,14,0,6,1,0,0,0,0,0,0,0,3,0,0,0,6,0,0,0,61,0,0,0,0,1,8,0,0,0,13,0,0,0,0,0,0,0,0
"COG1508",284,124,245,219,259,249,313,174,296,50,528,146,401,101,340,233,334,380,257,330,300,222,290,238,470,168,504,390,160,154,290,269,216,151,226,388,239,319,355,135,280,262,142,254,230,202,189,57,217,266,214,129,159,291,234,212,208,268,288,311,186,113,263,165,265,195,190,369,199,405,226,154,218,253,189,197,430,67,314,126,158,145,245,296,258,291,181,189,422,159,111,208,146,284,246,217,349,356,276,225
"COG1509",125,26,126,162,92,319,1,143,201,32,17,92,57,82,153,150,41,22,84,185,215,11,112,127,22,63,54,14,75,99,64,161,106,28,221,50,157,192,24,184,159,168,77,143,17,116,107,10,104,151,140,131,50,256,149,89,123,149,153,77,87,48,113,132,157,133,99,68,198,89,114,114,134,130,56,107,16,18,197,41,81,11,160,155,135,202,18,157,75,76,90,80,55,141,155,117,126,208,104,148
"COG1511",72,667,115,204,247,32,746,397,102,1795,37,443,121,391,116,228,337,324,164,26,81,755,191,168,62,445,125,210,433,361,221,259,246,310,123,264,192,60,422,290,108,196,232,148,490,446,382,806,418,224,278,445,390,82,230,302,120,277,218,160,283,478,311,280,215,364,357,146,41,119,246,325,293,222,396,425,174,708,35,406,424,1198,260,102,194,101,755,427,80,521,457,456,621,178,284,260,117,82,300,358
"COG1512",105,83,79,84,102,68,15,32,121,24,64,118,91,92,154,106,89,51,70,95,100,58,73,85,103,114,78,78,86,139,81,110,95,92,77,53,103,91,78,59,105,70,118,96,67,82,65,20,112,98,145,150,151,128,161,156,66,132,138,83,125,137,149,121,159,149,135,79,109,134,137,122,159,147,145,132,130,113,217,144,120,56,184,195,168,108,141,151,128,181,148,163,107,156,104,115,204,94,117,156
"COG1513",1,0,1,0,0,2,0,18,0,4,2,0,0,0,2,0,4,0,0,5,0,0,4,0,1,0,0,0,0,2,0,0,0,0,1,11,0,1,2,2,0,1,0,0,0,2,0,7,0,0,0,0,0,1,1,1,33,4,0,0,2,1,1,6,0,0,25,1,2,0,10,0,0,4,0,0,0,3,5,0,0,14,3,2,4,0,1,0,0,7,0,0,0,0,0,0,2,1,0,4
"COG1514",3,0,4,2,0,2,1,30,7,9,2,0,3,10,2,1,4,0,9,1,4,4,12,9,3,4,0,0,2,6,2,1,1,4,5,25,1,6,0,6,9,2,13,9,3,3,1,4,0,0,2,20,1,5,1,2,51,6,1,0,6,1,5,13,0,4,27,8,7,3,10,1,2,9,2,3,1,5,2,1,0,0,2,3,1,3,0,2,0,8,4,3,1,2,0,3,2,2,0,15
"COG1515",0,3,1,0,0,8,0,27,3,1,0,0,6,23,1,0,0,0,18,21,1,1,1,7,8,1,0,0,0,0,0,0,1,0,1,14,0,1,0,0,3,0,5,2,1,0,0,6,0,0,0,3,0,2,2,1,44,2,1,0,0,0,0,15,0,1,30,1,13,22,7,0,0,3,1,1,1,6,7,0,0,0,0,6,3,0,0,1,0,6,20,0,1,0,0,0,0,2,0,2
"COG1516",8,52,18,9,21,15,5,39,13,5,3,36,21,5,8,9,40,28,7,6,6,59,22,20,7,41,12,5,33,8,9,9,16,24,25,18,15,4,39,15,15,20,5,19,21,29,26,2,29,7,22,19,47,14,3,4,58,7,14,10,26,59,8,41,4,11,41,10,24,7,38,8,25,32,42,20,73,7,8,20,30,0,17,10,21,10,38,4,11,57,49,18,72,11,11,31,17,12,23,22
"COG1518",165,231,123,197,168,137,223,128,146,197,205,182,275,187,103,58,247,279,103,191,154,288,210,173,176,202,229,216,173,185,139,155,172,176,100,211,123,67,267,358,209,127,143,79,247,226,224,224,121,106,256,152,217,105,120,104,135,172,118,180,185,126,177,141,118,113,159,250,181,104,87,242,208,242,219,179,356,163,46,167,207,159,141,233,95,129,152,98,260,190,146,192,259,143,182,167,86,188,161,125
"COG1519",189,64,130,118,163,119,211,127,160,24,181,82,144,52,161,126,115,144,170,216,140,66,141,157,146,114,151,152,125,73,152,152,138,50,131,135,139,211,123,122,173,128,85,149,87,121,103,34,114,119,172,93,100,196,223,185,101,158,233,167,156,101,202,119,192,169,126,208,206,297,162,142,149,195,124,159,205,35,260,101,174,94,162,277,231,189,73,138,296,124,103,179,123,204,204,170,321,245,196,220
"COG1520",342,82,249,508,206,412,15,182,335,36,160,174,313,289,297,245,86,22,149,433,473,59,189,205,30,132,87,29,253,195,270,254,349,87,293,36,331,430,31,269,389,328,188,174,41,356,213,33,325,204,268,282,135,426,337,184,35,272,224,175,262,233,311,184,344,210,153,152,392,207,398,179,328,210,116,248,139,28,500,246,183,77,227,208,222,189,104,216,127,139,137,160,126,332,426,261,306,305,285,215
"COG1521",89,182,125,122,170,90,248,121,118,220,36,214,75,174,158,181,138,96,121,150,106,167,167,171,48,152,97,102,185,244,131,170,162,148,74,63,160,108,103,132,78,136,221,150,159,157,156,93,173,155,170,154,186,100,134,199,59,127,130,101,169,187,186,193,168,213,140,127,78,141,140,127,173,151,187,160,104,148,84,184,163,240,163,158,136,166,195,187,104,202,214,190,199,184,179,184,117,152,194,166
"COG1522",145,190,186,130,164,193,234,150,190,117,258,191,190,99,188,137,196,215,254,204,162,170,191,139,234,169,299,249,163,128,171,139,152,239,176,290,146,195,206,165,180,161,99,202,153,179,151,64,166,144,219,175,326,251,234,229,284,269,254,254,274,302,348,260,244,238,264,402,237,328,198,153,204,248,302,212,377,111,213,178,295,203,236,278,279,233,258,209,318,223,227,207,278,277,250,239,294,293,293,237
"COG1523",330,660,401,340,398,348,1107,381,356,1364,438,350,457,223,390,343,370,517,400,384,331,211,281,246,420,439,586,472,358,351,363,324,370,376,353,673,292,380,500,491,428,380,225,265,453,365,495,600,473,373,373,193,385,355,346,269,370,369,364,334,234,303,390,284,338,509,395,527,363,311,392,189,384,377,357,411,426,211,339,303,348,963,330,363,424,275,532,398,347,487,372,422,494,400,343,322,476,348,400,341
"COG1524",477,98,417,313,338,421,91,189,498,239,441,187,586,93,370,420,250,188,291,334,370,40,250,277,768,244,279,613,221,192,485,377,296,406,363,193,278,429,310,424,385,383,184,353,331,243,216,22,264,381,229,223,327,459,358,353,49,214,397,280,262,222,398,185,376,295,71,480,240,297,304,269,295,289,284,249,266,29,436,166,222,125,343,314,459,346,146,234,468,102,171,368,139,321,233,281,429,332,324,389
"COG1525",10,1,1,11,1,13,3,149,3,24,4,14,7,36,18,0,3,2,40,4,5,11,26,20,8,3,1,1,6,5,6,4,0,1,3,0,11,9,3,5,7,6,12,5,6,8,1,5,1,20,4,41,9,15,9,23,7,2,1,7,10,6,5,29,3,12,18,11,12,7,0,12,0,3,16,3,3,6,4,5,0,0,1,12,7,1,3,1,2,6,19,7,1,4,1,8,4,3,1,8
"COG1526",18,14,11,4,17,22,14,48,22,23,3,17,24,11,6,12,12,3,39,20,11,20,34,15,10,18,8,15,9,57,13,5,7,20,17,37,10,13,13,10,15,9,4,14,38,6,8,39,7,6,13,36,13,10,13,9,84,21,19,7,18,6,19,40,5,17,64,4,23,15,30,11,14,17,8,17,8,67,14,25,8,36,12,30,11,5,36,5,2,20,30,6,8,10,13,17,10,6,7,27
"COG1527",28,114,57,36,73,16,80,39,40,89,6,74,16,115,61,35,33,39,41,18,36,74,49,88,15,47,27,29,47,54,37,79,46,19,30,27,43,29,39,48,40,33,96,57,65,30,98,169,48,30,60,108,38,22,55,43,114,121,34,12,48,50,27,51,22,38,47,38,48,29,33,100,39,28,39,63,20,218,33,72,54,76,50,15,31,37,135,82,12,33,59,45,51,24,33,37,15,33,35,49
"COG1528",212,47,163,98,236,80,31,136,139,31,69,114,80,55,266,144,84,22,147,195,99,31,270,213,153,80,132,12,103,108,105,179,93,156,246,52,123,298,25,65,240,103,115,168,51,113,125,26,144,107,98,85,147,189,149,175,102,134,131,101,121,72,157,84,99,167,113,95,124,147,172,121,164,120,117,180,67,39,171,99,93,58,159,330,187,169,49,92,173,100,101,160,105,126,149,165,241,253,106,208
"COG1529",208,603,353,155,127,283,457,307,237,317,48,213,132,340,266,201,147,138,175,180,223,300,244,220,90,284,171,185,275,364,138,226,114,93,293,355,201,99,240,306,249,209,268,263,455,125,220,543,294,290,237,302,169,87,201,232,1072,530,172,134,263,289,216,228,173,308,516,106,441,171,268,191,174,240,212,278,109,798,279,236,238,495,159,142,310,181,668,240,96,299,194,127,273,169,168,221,131,119,144,220
"COG1530",197,200,305,203,211,208,213,308,209,326,361,215,350,134,211,236,280,330,323,226,222,241,240,222,365,232,230,310,223,162,243,192,242,311,155,298,218,196,250,198,198,191,189,272,278,149,157,149,170,246,247,230,228,188,192,274,285,230,249,296,223,195,195,272,260,234,259,324,203,219,160,218,212,194,255,172,326,144,183,167,231,209,201,209,267,251,212,181,265,213,186,214,239,297,178,167,196,296,150,250
"COG1533",207,349,259,271,300,97,88,112,353,95,243,300,214,174,276,164,166,150,161,285,217,177,252,303,365,247,122,83,288,224,256,150,244,369,278,191,202,482,170,198,423,286,103,213,114,349,336,128,270,260,238,238,366,147,383,293,88,241,185,254,188,403,195,226,185,226,209,232,215,100,200,284,320,148,287,404,280,282,501,335,275,114,239,292,198,165,226,266,129,234,293,210,219,358,247,400,325,444,384,246
"COG1534",28,49,29,16,28,18,53,35,11,19,5,36,17,46,11,21,29,21,26,14,11,70,28,27,6,39,9,17,30,30,18,19,32,31,13,28,17,9,17,31,18,29,50,25,33,20,23,49,27,22,39,51,41,22,31,67,73,30,25,23,55,63,44,51,23,43,61,18,29,27,40,55,37,46,46,48,45,74,16,73,58,113,32,21,28,24,60,67,11,52,46,49,63,17,51,43,26,18,50,54
"COG1535",1,1,1,0,0,7,1,49,5,7,1,0,2,0,1,1,12,0,14,3,2,3,5,6,5,1,0,0,0,2,0,2,1,0,2,19,0,1,0,1,4,5,8,5,0,3,0,3,1,1,0,8,0,7,1,0,67,7,2,0,0,1,3,25,3,0,38,0,9,5,13,0,0,3,0,3,3,9,5,0,0,0,0,8,3,0,0,1,0,5,0,0,4,0,2,0,2,3,0,5
"COG1536",17,92,27,13,34,16,8,67,10,12,3,70,40,6,18,15,52,31,15,11,11,122,25,37,9,77,12,20,53,13,26,19,34,35,30,34,56,6,46,54,8,40,13,22,25,21,42,9,67,27,41,33,87,21,20,11,101,27,22,29,30,104,14,78,10,35,103,14,38,13,73,16,33,39,68,36,86,13,8,43,39,8,33,8,32,18,63,9,11,110,69,23,94,28,24,41,22,17,47,51
"COG1538",2237,580,1854,1809,1741,1963,442,779,2393,314,1359,1049,1807,524,1980,2144,1179,1223,1815,2503,2406,342,1390,1351,1999,1374,1627,1340,1548,1152,1561,2101,2047,1379,1824,982,1669,2476,887,1526,1982,2287,999,1662,848,1504,1318,127,1355,2084,1088,574,948,1631,1316,867,263,1111,1353,1012,839,633,1249,765,1271,1141,620,1052,1153,1337,995,754,1185,1121,765,907,729,127,1603,556,776,252,1255,1501,1297,1359,327,900,1537,771,588,1074,603,1573,1201,1034,1523,1581,1161,1169
"COG1539",111,66,119,100,123,112,114,103,83,207,117,102,131,54,113,90,122,132,112,110,100,54,117,104,120,99,104,125,85,75,126,104,106,126,125,170,72,127,108,83,121,110,100,84,82,117,93,104,91,120,89,60,92,114,83,90,107,121,109,127,91,95,115,79,87,68,94,133,104,142,79,79,81,100,102,87,157,105,86,91,110,155,89,135,82,94,88,126,122,70,117,121,98,102,86,97,150,114,88,102
"COG1540",10,27,17,14,8,3,21,44,8,57,5,14,10,67,7,13,11,13,22,8,8,39,14,43,10,29,1,12,8,14,13,16,9,7,7,21,13,10,28,14,13,6,73,15,11,9,10,49,14,6,16,11,6,11,15,32,43,38,8,7,22,14,7,18,12,22,40,8,15,6,37,13,17,27,6,22,9,86,3,22,14,20,10,6,9,6,19,35,6,18,6,12,12,7,43,8,5,21,10,17
"COG1541",472,164,343,339,262,391,184,143,493,89,92,208,176,310,441,399,140,74,254,497,551,71,228,353,83,209,156,100,295,212,229,389,330,138,392,75,318,394,127,335,331,399,335,344,55,333,267,139,347,345,337,222,227,469,391,257,215,433,261,191,177,237,318,242,267,320,172,189,432,291,292,220,336,231,273,324,239,202,468,208,208,56,406,310,336,283,153,282,194,146,301,304,165,431,344,348,431,382,351,312
"COG1543",0,0,0,5,5,0,0,11,0,0,4,0,0,0,0,0,14,0,0,0,0,0,1,0,0,0,0,0,0,0,3,3,0,33,0,0,2,0,2,0,0,0,1,0,0,0,0,0,2,0,1,95,9,0,0,82,0,0,0,0,0,18,0,1,0,0,0,0,0,0,0,103,0,0,26,0,2,0,0,43,17,0,1,0,0,0,0,0,1,6,12,0,5,1,0,5,0,0,1,0
"COG1544",40,123,97,68,81,37,121,128,63,149,27,103,41,111,66,49,88,35,73,45,37,178,111,113,52,105,56,54,84,66,65,66,74,157,72,75,63,41,73,52,62,61,131,83,95,67,86,157,103,73,83,188,148,59,31,132,117,92,51,57,119,121,83,129,60,68,124,62,68,95,79,150,59,97,104,84,94,153,48,125,102,171,66,44,73,47,131,80,57,96,123,84,146,69,74,78,84,64,97,102
"COG1545",0,3,0,0,0,0,0,0,0,0,0,0,0,0,0,0,1,1,0,0,0,0,0,0,0,0,0,0,0,0,1,0,1,0,0,0,0,1,0,0,0,0,0,0,0,0,0,19,0,0,0,12,1,0,1,0,0,0,0,0,0,0,0,1,0,0,0,0,0,0,0,0,0,0,0,0,0,0,0,0,1,0,2,0,0,0,0,0,2,0,1,0,0,0,0,0,0,0,0,0
"COG1546",95,106,157,142,110,133,163,125,112,142,125,136,102,175,128,136,157,101,133,162,129,178,185,159,125,91,137,95,137,200,160,146,155,200,98,138,145,84,116,132,68,126,153,175,157,131,110,210,112,149,161,125,147,104,141,140,110,117,112,124,174,122,180,177,148,125,124,125,147,133,100,159,141,130,152,126,175,91,114,162,123,219,156,126,131,160,116,184,124,103,116,145,100,124,130,135,94,115,110,125
"COG1550",2,1,4,0,0,5,0,1,4,1,0,2,0,0,2,1,0,0,0,0,0,0,0,1,0,3,2,0,0,5,0,0,0,1,3,0,0,0,0,1,0,2,0,1,1,1,0,0,0,1,0,0,0,0,0,0,11,3,1,2,0,0,0,2,0,1,2,0,7,0,0,0,0,0,1,1,0,0,0,0,0,5,1,0,0,3,0,1,0,1,0,2,1,0,0,1,0,1,0,2
"COG1551",4,18,9,9,5,8,2,16,7,3,1,22,2,0,1,3,23,5,16,2,4,17,12,11,0,17,5,3,12,2,9,3,8,13,13,6,6,2,16,12,1,14,3,6,12,23,11,0,12,9,5,5,11,3,1,2,18,5,5,6,8,23,4,11,2,4,15,2,3,3,4,1,7,10,12,5,8,1,1,5,13,2,5,1,3,5,8,1,4,18,17,7,11,4,8,7,4,2,5,10
"COG1553",1,2,1,1,0,6,1,40,4,14,2,0,5,1,3,0,6,1,22,5,3,4,11,18,7,14,2,0,0,1,1,0,1,2,5,27,0,2,7,4,9,0,7,2,1,2,0,20,3,0,0,8,2,5,1,1,47,8,4,1,1,1,4,13,1,1,35,3,9,5,15,0,0,12,0,0,1,6,5,0,0,0,0,7,4,2,0,2,0,10,0,0,0,0,5,1,4,5,0,6
"COG1554",148,94,151,221,234,119,5,183,163,112,14,144,41,235,130,176,174,18,74,177,141,201,121,136,7,174,35,30,255,43,111,203,256,33,76,56,202,73,43,243,108,196,61,91,168,192,90,85,102,138,146,93,57,174,207,92,172,78,106,90,77,115,133,210,197,97,67,116,111,145,128,96,167,236,181,140,23,28,133,340,87,18,165,136,101,204,30,95,75,141,86,181,101,198,84,121,123,161,162,110
"COG1555",120,115,153,121,138,137,100,84,131,177,199,91,120,57,138,114,185,197,141,88,72,163,123,86,225,149,221,178,119,65,116,120,143,183,151,185,103,119,201,92,105,105,76,119,134,86,113,115,92,99,123,106,133,132,93,125,42,111,139,152,107,167,128,74,165,111,80,300,137,153,86,201,126,148,120,90,193,98,101,111,146,106,79,143,112,117,129,118,217,142,102,140,180,118,115,106,100,154,98,118
"COG1556",43,18,46,19,29,12,3,39,33,8,4,24,25,2,34,18,24,3,45,19,36,16,58,34,18,63,31,2,23,10,23,18,22,14,49,30,11,60,10,7,73,21,12,20,26,20,29,53,36,48,26,16,40,30,35,23,64,49,28,24,9,7,57,36,23,17,49,32,24,49,53,22,25,48,45,21,5,12,41,22,10,40,32,72,34,17,13,16,52,31,9,24,34,42,52,40,88,56,43,17
"COG1558",5,38,25,19,20,16,6,39,8,7,2,36,23,2,10,8,37,12,6,4,5,69,16,20,1,32,8,7,38,7,14,10,23,20,12,22,21,7,24,24,10,21,2,16,13,49,10,2,50,20,15,13,58,11,8,7,41,16,15,15,16,53,8,49,3,14,32,20,19,6,50,5,21,26,40,19,43,4,9,31,20,8,14,6,27,9,18,10,9,57,40,12,35,14,16,20,16,7,20,21
"COG1559",154,74,200,164,145,139,184,155,195,216,268,143,216,263,145,206,143,216,175,196,124,204,207,178,265,149,186,224,158,184,178,144,144,289,109,188,156,158,151,128,119,135,267,224,189,92,65,251,119,171,143,190,200,156,121,205,60,126,184,211,236,165,209,145,235,200,104,211,107,175,103,195,175,186,164,86,296,130,101,189,182,182,181,178,162,205,86,228,215,131,173,190,116,187,175,139,141,166,133,181
"COG1560",158,58,182,132,77,153,187,198,160,44,183,77,170,55,139,90,154,98,199,189,142,102,238,197,232,108,211,229,93,59,164,125,124,167,123,214,141,141,143,111,226,86,105,181,150,81,79,56,106,123,100,80,117,111,128,124,204,114,110,129,135,94,170,182,193,65,212,182,159,221,90,112,115,140,99,88,200,33,106,72,122,141,112,168,139,154,80,78,161,93,87,79,74,161,109,143,133,150,117,133
"COG1561",160,196,223,197,186,214,129,124,174,69,219,216,235,224,194,178,197,277,204,197,190,119,217,187,277,179,189,223,181,218,253,198,201,247,193,182,200,191,267,184,179,165,202,216,165,164,183,80,214,191,192,265,216,196,171,240,100,164,207,196,225,216,215,205,185,195,163,212,151,242,173,218,206,159,239,189,297,148,182,230,222,134,200,183,191,191,159,197,245,223,215,196,210,227,199,184,185,184,197,193
"COG1562",0,0,0,0,0,0,0,37,0,0,0,2,19,4,0,2,0,0,0,0,0,0,0,0,0,0,0,0,0,0,20,0,0,0,0,0,6,0,1,0,0,0,0,1,0,0,0,0,0,0,0,5,8,0,0,0,0,0,0,10,13,0,0,35,8,0,0,0,0,0,0,0,0,0,2,0,65,1,0,0,1,0,11,0,0,1,0,0,0,0,0,1,0,3,0,0,0,0,0,0
"COG1564",115,106,119,101,136,80,51,45,145,59,25,104,50,108,160,109,56,35,56,88,107,142,71,111,184,101,41,34,133,85,71,114,105,134,128,44,96,162,68,82,117,113,134,95,114,93,146,168,126,105,115,82,143,76,112,105,30,118,106,95,99,94,85,105,100,131,96,93,72,63,117,85,138,100,90,131,57,108,109,85,87,128,135,147,134,114,141,112,82,97,106,136,114,130,119,102,143,125,122,137
"COG1565",0,0,0,0,0,0,0,14,0,0,0,0,0,2,0,1,0,0,0,0,0,1,0,0,0,0,0,0,0,0,18,0,0,0,0,0,0,0,0,0,0,0,0,1,0,0,0,0,0,0,0,3,0,0,0,0,0,0,0,5,2,0,0,21,2,0,0,0,0,0,0,0,0,0,1,0,1,0,0,0,0,0,7,0,0,0,0,0,0,0,0,1,0,0,2,0,0,0,0,0
"COG1566",255,25,195,233,139,295,13,352,235,71,327,62,282,58,266,268,222,170,529,228,190,23,139,119,178,177,252,199,201,73,166,193,240,178,150,334,176,251,137,234,192,224,131,127,150,216,83,84,99,204,73,145,139,254,156,115,542,157,163,200,83,90,282,239,260,128,298,209,321,273,201,76,96,318,176,92,153,57,250,165,105,1,132,214,162,185,59,168,287,209,72,142,99,172,106,99,117,155,80,145
"COG1567",0,22,1,18,9,13,7,3,0,0,7,8,7,12,9,11,4,5,3,1,6,19,15,7,1,8,33,4,2,6,6,4,3,13,0,2,4,1,10,20,6,20,28,15,25,38,4,24,19,4,17,18,6,2,0,13,0,0,3,3,14,24,20,21,1,1,14,7,0,11,5,12,14,24,20,6,6,6,1,6,5,65,3,2,4,1,28,6,18,12,9,5,1,2,2,3,2,0,3,7
"COG1568",83,2,0,19,0,7,0,24,1,5,1,12,10,0,0,0,0,7,8,116,180,0,0,18,0,19,59,0,0,1,21,84,167,12,1,0,2,26,0,0,6,56,1,1,0,49,82,0,30,67,0,9,18,72,0,0,0,0,32,0,0,47,19,39,0,2,1,51,74,9,0,28,0,0,0,0,0,0,18,12,0,0,0,1,7,14,5,67,18,7,23,157,2,1,56,26,30,43,131,0
"COG1569",2,0,8,0,0,5,0,2,2,0,0,3,0,8,1,3,0,0,0,2,3,25,10,9,0,2,2,0,0,0,0,0,1,0,1,0,11,0,0,29,16,3,7,0,0,13,10,0,1,1,17,1,1,6,0,1,0,0,1,0,1,5,3,1,0,0,0,0,9,0,0,0,2,4,0,1,0,0,9,2,5,0,2,5,2,3,0,7,1,0,3,0,2,7,4,12,0,0,2,4
"COG1570",282,244,292,228,278,151,259,226,275,309,220,265,263,275,285,280,291,221,222,322,253,261,251,230,391,315,325,242,268,284,267,242,276,299,172,224,241,286,299,155,246,240,281,266,291,195,265,275,266,300,282,308,290,216,281,328,146,238,242,251,286,317,247,295,296,276,213,284,167,271,263,378,281,257,304,282,298,271,263,279,267,325,256,291,287,211,224,316,259,291,321,294,218,306,321,236,278,288,273,286
"COG1573",104,42,58,151,83,136,68,103,93,125,14,113,47,127,111,103,43,43,86,84,126,70,110,115,20,73,37,24,119,122,104,111,104,103,88,10,124,97,29,103,70,103,136,83,131,77,101,85,66,104,104,115,83,99,117,159,18,80,78,65,125,92,137,97,112,97,23,62,103,95,90,156,75,83,101,78,46,55,80,87,75,142,130,140,77,101,38,110,107,84,62,123,53,113,121,78,91,122,80,95
"COG1574",46,56,130,76,63,75,253,100,26,335,11,54,52,215,108,69,34,36,126,64,43,212,64,126,44,33,33,56,78,126,29,136,39,44,75,65,69,44,32,145,97,92,284,88,79,52,47,83,44,104,86,143,32,53,71,105,135,72,75,51,53,83,78,52,84,72,64,44,233,69,20,60,49,49,40,67,25,76,135,67,83,196,48,16,89,71,80,95,63,53,63,80,44,51,45,53,39,64,47,121
"COG1575",154,21,154,133,95,168,114,102,179,257,132,78,153,50,148,156,92,89,99,159,208,64,110,114,165,114,121,113,114,60,146,144,111,170,57,144,128,134,78,105,65,130,113,115,150,104,67,80,70,170,107,67,128,141,124,83,86,111,139,108,89,84,162,137,138,126,88,145,83,103,78,73,119,112,86,77,208,22,107,67,82,126,144,157,113,161,40,115,120,91,62,133,49,150,133,102,78,148,99,154
"COG1576",121,113,142,133,143,91,181,116,106,192,153,110,126,152,153,98,119,140,116,126,91,151,138,153,139,127,129,115,123,134,131,98,130,176,109,120,111,138,144,116,112,117,114,124,130,88,122,157,105,115,140,116,133,111,99,166,52,102,107,128,148,146,126,127,113,109,120,118,91,143,99,130,144,120,134,113,147,80,89,139,145,167,126,133,104,115,104,141,164,126,142,165,123,117,122,115,135,117,108,125
"COG1577",0,0,10,2,0,0,1,5,0,46,0,1,0,2,0,0,0,0,0,0,0,125,0,9,3,2,0,1,0,0,1,0,1,0,0,7,0,0,2,1,0,0,3,0,84,0,1,203,0,0,0,11,0,0,0,0,0,6,0,2,0,0,0,0,0,0,1,0,2,0,1,0,1,8,0,0,0,4,0,2,1,24,0,0,0,9,3,0,0,0,0,0,0,0,0,0,0,0,0,0
"COG1578",0,5,0,2,3,0,1,1,1,3,2,5,1,8,0,2,4,9,9,0,2,3,5,2,4,2,2,2,0,2,1,7,0,3,1,8,1,4,11,1,9,2,10,0,19,0,3,17,8,4,3,26,2,2,2,2,0,15,9,0,6,1,4,1,1,2,6,6,1,0,1,4,1,13,4,2,2,10,0,15,1,13,0,1,0,6,37,7,1,1,7,3,2,2,2,1,2,2,0,3
"COG1579",104,16,93,93,89,76,1,58,107,8,175,38,145,29,111,123,96,159,84,80,102,6,115,76,187,51,130,158,89,73,147,90,105,121,132,112,83,103,100,106,84,82,49,96,68,74,60,0,51,99,79,30,71,131,73,78,0,39,107,128,67,66,96,54,100,62,11,136,52,135,40,69,86,73,68,73,114,5,76,42,71,9,107,106,75,84,43,77,140,24,45,134,53,110,53,70,106,120,64,87
"COG1580",0,0,0,0,0,5,0,16,6,7,3,0,20,0,1,0,4,0,0,3,0,35,6,5,0,0,0,0,1,0,0,0,0,1,0,21,0,0,0,4,1,1,0,1,0,1,0,1,0,1,0,8,1,2,1,0,36,3,0,0,0,0,3,10,1,0,18,0,3,2,13,0,1,5,0,0,60,0,1,0,0,0,0,3,0,0,0,0,0,9,0,0,2,0,0,2,0,1,0,4
"COG1582",2,4,3,0,4,5,0,0,2,0,1,6,1,0,3,2,10,1,2,0,0,13,3,4,0,10,2,1,5,2,4,2,4,12,30,2,3,0,2,1,3,3,0,0,0,10,0,0,7,5,5,3,9,0,0,0,7,3,2,5,6,10,3,4,1,1,2,3,6,0,5,1,3,2,9,2,0,0,1,3,8,0,5,3,5,5,5,1,0,12,27,3,4,1,2,7,3,3,2,10
"COG1583",1,0,0,2,3,3,0,4,3,0,0,11,2,5,0,1,7,5,2,0,3,88,9,2,93,14,0,36,2,0,4,2,7,8,0,74,4,1,13,6,2,9,4,11,39,0,12,1,4,9,8,4,14,0,5,9,0,2,5,0,6,0,14,1,7,6,11,6,0,13,1,5,1,57,2,22,3,7,0,18,2,15,22,1,8,20,19,7,53,31,16,9,21,5,8,0,1,5,7,22
"COG1584",9,4,2,6,4,9,1,54,6,7,1,2,8,5,6,5,8,1,33,3,11,9,13,13,8,5,0,0,1,8,3,6,1,2,1,30,7,1,2,4,8,3,11,16,3,5,0,14,0,12,0,8,1,7,3,0,65,8,4,12,1,2,4,24,9,0,43,0,16,4,14,0,6,12,0,2,2,9,6,2,4,1,2,7,14,1,0,1,3,13,2,2,1,2,6,2,3,2,1,12
"COG1585",18,79,19,41,30,10,24,32,15,34,32,65,17,116,23,30,54,45,34,14,19,36,19,63,6,54,10,35,52,48,39,27,39,69,19,18,45,16,65,33,29,35,63,34,24,11,68,70,39,35,53,78,54,21,42,76,63,54,30,36,58,88,40,70,31,54,68,39,22,21,46,107,49,33,63,54,40,145,21,118,48,44,44,29,35,15,90,78,9,47,74,40,60,29,62,49,13,20,21,41
"COG1586",13,17,25,6,4,12,69,44,13,16,9,16,6,45,12,10,10,15,30,19,10,28,23,34,43,9,23,16,10,17,5,10,13,21,19,50,16,1,6,9,27,12,15,31,36,7,2,31,7,10,22,14,27,16,7,22,93,25,11,14,23,15,12,27,6,12,54,4,43,24,14,24,29,10,11,12,13,34,14,14,17,33,10,26,17,12,3,14,8,14,38,28,5,11,7,14,15,11,17,21
"COG1587",25,161,70,18,23,62,246,112,35,77,5,39,22,63,54,30,46,410,47,68,50,36,41,53,33,88,81,62,25,67,42,26,35,32,36,73,45,42,52,86,61,51,74,45,44,25,96,116,55,91,43,73,37,22,24,72,142,110,28,49,87,65,28,77,78,78,122,48,66,93,43,20,60,64,42,58,31,221,54,29,77,162,56,34,72,42,97,58,35,59,30,36,83,28,54,26,42,39,78,68
"COG1589",21,17,26,33,10,17,8,75,13,26,13,21,34,128,7,17,27,15,33,26,7,92,24,45,13,24,8,11,13,32,23,29,13,67,8,50,34,13,28,23,12,16,122,31,51,9,12,123,23,24,32,148,23,18,11,125,98,31,22,10,36,31,24,53,40,36,46,4,18,15,24,106,10,39,47,14,64,95,8,51,33,45,23,18,16,15,24,55,5,28,33,11,9,11,41,13,5,8,15,27
"COG1592",289,310,311,280,334,219,321,173,256,106,327,377,278,404,321,297,310,298,229,281,280,242,338,331,291,292,370,330,364,337,281,299,277,349,284,209,262,288,298,241,299,269,308,286,282,288,292,206,338,271,291,343,265,214,260,358,179,254,319,256,310,307,298,246,308,259,178,292,304,329,258,321,277,266,326,293,383,357,265,349,333,280,279,314,281,289,341,307,335,266,403,272,241,353,244,285,313,269,279,263
"COG1593",380,540,425,176,206,397,520,317,291,105,79,235,171,208,456,265,142,155,196,230,223,275,209,283,115,421,149,202,245,479,159,283,187,111,386,211,299,167,156,435,317,242,339,254,243,178,162,195,240,386,252,192,198,113,231,184,1166,390,232,172,288,265,159,186,136,298,385,188,713,156,335,224,287,211,200,247,93,408,342,154,217,311,231,301,359,196,471,265,116,311,166,185,340,145,155,244,146,191,295,231
"COG1595",1854,1051,1687,2390,2099,2937,443,893,2377,568,1886,1509,1327,1169,2172,1759,1373,1309,1276,1812,2070,590,1911,2027,1407,1317,1378,1195,1697,1423,1775,1914,2055,1489,3229,1214,1929,2871,1589,2360,2546,2059,1114,2064,1028,2489,2068,495,2021,1612,1818,1848,1441,2552,1743,1551,340,1954,1659,1878,1529,1411,1940,1248,1527,1432,983,1868,2639,2137,1765,1640,1636,2180,1469,1927,1230,1137,2151,1232,1687,625,1647,2083,1636,3794,927,1781,1934,1141,1599,1868,1742,1797,1939,2230,2794,2093,1964,1800
"COG1596",583,139,446,543,366,798,59,196,510,74,672,270,451,136,471,519,522,387,418,562,523,35,344,299,605,279,649,448,317,236,441,460,424,394,348,445,338,448,349,380,384,530,186,369,201,537,217,21,304,482,287,303,336,655,327,234,181,301,465,387,239,186,377,216,457,358,253,568,383,401,467,216,327,315,299,255,436,54,608,167,326,44,384,467,415,376,105,314,425,173,191,345,237,537,303,351,536,534,350,362
"COG1597",305,309,336,391,355,240,390,279,329,596,380,316,309,436,357,369,377,339,282,266,294,347,333,385,537,282,357,358,396,288,370,353,327,419,316,414,296,330,334,332,267,327,411,315,403,343,288,428,251,333,338,318,344,367,322,380,184,320,339,336,388,398,403,267,366,333,237,364,299,301,268,282,327,296,313,284,355,249,255,402,316,449,340,353,296,328,332,394,390,307,401,439,338,339,331,285,291,399,259,338
"COG1598",19,31,16,16,30,4,11,27,7,36,17,50,15,34,16,10,30,23,13,21,3,27,25,23,14,27,12,12,22,63,20,12,21,32,17,37,13,11,20,17,16,17,12,20,31,99,13,31,28,18,12,42,41,18,11,69,47,10,16,23,22,9,21,24,3,17,35,23,16,19,9,12,23,16,39,13,12,9,13,44,31,25,16,29,18,12,39,8,7,29,40,20,49,13,30,24,12,10,11,12
"COG1600",59,13,113,79,26,161,3,139,62,23,17,35,16,49,6,36,32,17,40,54,20,64,100,54,59,5,5,11,21,25,34,33,17,67,65,40,33,23,16,97,52,40,49,66,10,51,14,109,15,40,14,78,37,65,51,56,125,29,45,37,59,42,26,68,78,14,61,11,63,43,54,43,23,49,12,21,27,20,51,31,47,46,47,31,71,71,10,59,12,13,29,36,23,48,18,41,14,33,21,47
"COG1604",0,0,0,0,0,4,0,0,0,0,0,0,0,0,0,0,0,0,0,0,0,0,0,0,0,0,0,0,0,0,0,1,2,2,0,0,4,1,0,0,0,0,0,0,11,0,0,0,0,0,0,0,0,0,0,0,0,0,0,0,0,0,1,0,0,0,0,0,0,0,0,2,2,0,0,0,0,0,0,0,3,0,0,0,0,3,0,0,0,0,1,0,0,0,0,2,0,0,0,0
"COG1605",51,29,33,61,43,38,57,159,38,102,28,82,83,180,33,53,36,23,92,59,29,57,109,129,30,40,22,33,47,148,100,57,51,45,19,97,62,31,48,37,36,38,143,96,58,22,60,65,48,55,62,116,75,44,84,102,174,39,30,40,123,47,69,132,93,60,148,15,66,39,90,40,61,55,49,52,159,100,31,78,63,100,56,72,52,66,66,135,22,89,75,84,31,55,83,79,24,33,38,74
"COG1606",6,70,40,19,39,10,172,44,21,14,3,34,13,64,47,13,18,32,14,40,28,35,47,41,17,22,50,50,26,40,32,24,31,23,27,31,39,11,28,31,29,36,56,47,62,15,24,54,54,25,37,52,32,9,17,40,22,66,29,14,51,31,30,35,43,30,33,25,52,48,9,27,17,18,27,24,27,72,17,24,42,69,48,13,44,24,70,26,22,48,41,17,22,16,20,24,29,31,40,28
"COG1607",11,26,9,19,22,7,13,38,31,20,3,37,19,13,21,9,27,10,19,5,17,83,19,42,13,9,7,5,12,14,13,10,9,22,11,19,14,12,12,12,10,10,26,19,14,17,11,70,12,11,18,30,20,7,16,14,41,24,6,13,21,42,8,44,15,18,36,6,11,8,16,15,18,16,23,15,39,44,8,24,6,30,19,10,20,7,39,16,3,23,27,8,19,8,13,12,10,8,12,28
"COG1609",876,2231,936,1186,1333,1256,3525,1930,928,5695,1044,1366,915,1626,911,930,1224,1505,1344,920,1018,1540,1272,1087,950,1096,998,1421,1244,1117,915,1044,1407,1077,1096,1961,1045,1018,1482,1558,1013,1114,1172,925,1687,1714,1476,2383,1009,920,1072,1068,1368,1139,959,943,2984,1539,1154,1039,952,1200,1134,1465,948,1328,1851,1230,1613,1096,1124,852,1175,1005,1410,1153,1023,2357,962,1851,1362,3333,1127,842,1009,1173,1781,1385,827,1339,1974,1741,1659,860,992,1268,828,888,1196,1139
"COG1610",113,115,79,111,114,92,45,55,98,37,14,107,54,82,119,102,83,54,104,104,97,153,103,149,36,103,54,43,95,81,74,97,151,82,126,24,109,146,49,111,143,100,81,91,82,116,137,81,149,83,122,93,100,104,102,115,39,124,96,65,83,126,111,115,93,96,79,79,93,99,86,141,90,110,139,125,35,128,153,96,126,93,101,108,99,94,99,72,62,89,122,99,106,106,125,100,121,122,113,87
"COG1611",249,88,168,145,192,197,61,131,169,173,99,147,145,93,197,162,174,98,235,199,173,136,170,131,207,156,181,104,146,147,205,147,140,151,198,138,152,263,106,175,265,154,159,136,103,217,181,126,206,162,175,111,145,139,212,136,86,163,150,126,149,151,212,186,170,143,163,150,176,210,229,148,165,211,191,193,148,123,267,123,130,166,214,229,206,142,112,162,159,164,106,170,104,183,206,174,248,202,160,144
"COG1613",8,102,10,19,29,8,22,62,14,31,11,52,16,18,15,11,33,30,59,15,11,78,45,29,12,60,10,36,54,23,27,12,24,34,25,57,19,21,40,50,16,31,29,25,45,23,68,79,59,22,26,43,30,20,20,26,106,57,13,20,23,67,22,52,12,52,131,20,11,22,31,13,36,43,33,37,26,211,20,24,55,82,18,22,29,2,105,47,11,85,22,20,75,21,26,13,12,12,36,52
"COG1614",4,20,1,9,10,1,6,3,6,14,2,20,4,182,12,6,3,5,8,4,9,35,8,16,5,7,7,17,13,19,8,13,8,9,9,0,17,2,28,7,4,14,15,15,2,4,32,46,10,7,9,24,5,3,4,6,0,44,5,5,23,5,7,9,22,12,25,2,1,7,7,14,9,6,12,17,8,153,3,91,9,20,14,3,1,5,63,16,2,7,28,10,13,9,18,8,3,3,7,19
"COG1615",0,12,0,13,9,0,212,74,0,524,1,1,0,15,1,7,10,4,12,1,2,0,33,2,10,0,0,10,0,0,13,2,0,55,1,55,5,2,6,1,0,1,12,1,56,0,0,13,5,0,3,142,13,2,0,79,0,17,2,0,3,49,31,4,26,6,3,0,3,0,0,219,0,1,30,0,8,26,0,48,21,175,1,0,2,1,1,23,0,3,20,52,12,1,0,2,0,2,3,7
"COG1618",1,11,2,5,4,0,5,5,2,6,0,4,0,17,5,3,1,0,3,1,1,1,3,3,1,1,1,7,6,7,7,2,1,6,2,0,0,0,7,1,2,0,2,1,1,1,5,32,1,5,7,12,3,0,3,4,0,23,1,2,10,2,11,7,1,5,8,1,0,2,3,1,0,3,1,0,4,63,6,5,4,0,4,2,3,4,21,6,0,1,0,3,2,6,9,3,0,0,0,7
"COG1619",102,190,110,122,165,172,189,95,95,27,20,121,44,101,111,158,126,52,102,132,142,149,105,78,17,155,81,70,185,49,92,109,155,116,105,87,150,105,78,150,90,148,72,79,93,196,182,139,144,147,141,122,133,139,95,121,92,65,106,90,96,194,98,105,107,146,124,58,204,79,82,221,110,93,137,121,51,30,100,156,143,165,108,57,115,108,84,86,49,140,130,112,78,142,80,115,103,105,133,111
"COG1620",31,39,79,87,43,137,41,204,115,113,198,31,168,45,66,73,90,247,72,85,110,18,127,102,263,42,115,143,40,52,87,73,54,25,102,211,31,141,102,100,97,78,94,111,199,45,29,60,59,45,70,75,20,83,53,77,163,128,138,150,57,27,76,75,100,42,186,95,158,66,91,37,49,83,21,45,97,56,124,37,62,153,25,71,83,54,83,79,119,69,24,21,44,77,106,48,70,90,69,78
"COG1621",449,360,370,368,372,434,470,154,483,545,708,334,538,144,345,339,420,764,467,395,460,454,290,244,456,369,664,911,304,355,462,414,311,356,446,428,355,407,522,443,357,351,212,331,651,546,499,969,400,305,348,171,368,601,392,351,588,565,532,613,258,324,436,288,312,364,326,458,420,332,364,312,365,539,418,411,432,1052,406,286,478,706,300,338,380,294,584,418,996,316,360,449,672,350,377,401,456,348,420,389
"COG1622",1,1,1,0,1,22,1,67,6,20,4,0,7,0,3,1,9,0,23,4,4,1,12,7,7,3,0,0,0,1,0,1,0,1,1,36,0,3,0,7,11,5,5,4,2,3,0,3,0,1,0,12,1,6,0,0,91,7,0,0,1,0,2,18,0,1,59,1,18,5,25,0,0,17,0,3,3,19,5,0,0,0,0,9,5,0,0,1,1,12,0,0,1,0,1,1,4,4,2,8
"COG1623",0,1,2,12,5,22,1,19,1,7,4,0,0,4,4,0,8,1,7,0,7,5,3,4,2,2,5,1,1,0,6,2,0,22,1,0,0,0,14,3,7,4,19,2,3,2,0,3,3,30,5,63,12,0,1,85,0,4,0,12,0,20,0,1,2,1,7,7,31,4,1,92,0,0,27,1,2,1,8,31,12,11,0,0,8,12,3,7,4,6,34,1,9,13,3,4,0,0,4,14
"COG1624",150,201,175,176,204,111,163,84,133,70,267,198,229,240,169,184,242,215,120,160,124,197,195,164,286,199,217,235,182,193,233,173,190,259,104,167,141,163,200,147,80,140,167,161,223,139,151,217,164,170,183,225,221,123,133,231,48,136,188,195,225,244,152,151,199,187,134,186,100,172,114,187,194,156,214,148,207,189,84,264,224,151,168,166,170,140,288,211,219,174,241,176,197,183,158,131,133,164,146,167
"COG1625",50,87,46,61,56,7,231,41,31,70,10,111,24,149,43,60,77,43,32,61,49,43,72,79,22,55,78,66,85,174,59,79,45,88,21,38,61,24,58,52,33,70,180,68,70,93,80,82,79,70,67,139,79,27,81,88,80,82,60,42,101,111,57,88,67,88,72,18,47,70,96,41,61,37,68,93,38,170,22,141,116,87,68,59,45,32,109,91,21,61,161,51,46,37,50,96,45,49,70,80
"COG1626",368,60,131,251,243,52,11,217,241,35,20,66,43,44,122,125,43,16,92,160,255,32,89,106,94,62,44,5,244,51,122,140,227,151,45,95,149,137,11,179,81,203,89,110,44,159,120,36,135,228,178,63,128,239,150,79,247,152,113,49,41,112,89,194,125,145,175,70,73,119,143,120,239,240,35,104,33,26,152,57,51,9,211,198,142,152,5,76,82,110,76,187,57,127,212,121,134,130,165,115
"COG1629",1536,242,1092,1039,909,1711,57,1090,1420,302,1486,717,1426,319,1108,1151,1075,1880,1303,1265,1174,371,922,1127,2062,791,1183,1227,741,607,961,962,1088,792,1211,928,853,1198,1560,1022,1548,1127,578,1090,572,835,622,225,798,977,932,523,770,1358,1071,682,1361,837,1201,1596,804,628,904,687,1367,801,615,1175,1549,1251,915,519,944,1146,673,857,912,169,1589,428,638,198,877,1121,1362,1218,403,583,1339,614,475,617,518,1179,1048,872,1306,1128,910,1100
"COG1633",4,5,13,10,0,12,4,35,10,12,1,4,5,43,3,4,1,0,2,4,0,3,26,31,0,2,0,1,2,8,17,11,1,3,13,0,16,0,1,4,6,3,4,11,0,5,2,10,2,8,1,17,5,0,7,17,57,12,2,3,13,9,16,16,11,1,3,5,29,6,0,75,6,1,10,12,5,7,4,7,1,4,6,0,4,26,0,13,7,4,28,0,0,7,1,5,4,10,5,4
"COG1635",16,1,56,8,2,6,0,5,10,0,0,4,3,0,5,4,1,1,0,9,8,0,4,9,128,0,0,0,3,1,2,8,5,48,5,0,23,4,2,0,4,3,4,13,7,4,3,0,2,4,2,10,28,10,8,4,0,6,8,2,9,20,5,7,14,3,1,1,1,6,0,7,3,0,1,9,16,0,7,3,15,0,5,9,22,39,0,3,7,1,6,4,1,8,1,10,1,4,5,19
"COG1636",77,125,75,112,126,38,130,100,76,43,91,116,106,127,128,124,99,81,143,86,106,156,92,111,113,119,67,117,143,126,112,107,141,131,63,47,113,64,114,92,47,111,161,85,123,73,108,102,102,109,101,115,121,72,96,152,24,108,140,125,129,169,127,77,76,134,100,99,63,125,65,170,116,101,138,95,103,115,56,118,126,104,122,124,92,81,132,113,146,128,145,122,112,106,145,79,108,115,95,95
"COG1637",0,2,0,0,0,0,72,23,0,142,0,0,0,5,0,1,0,0,1,0,0,0,15,0,2,0,0,3,0,0,1,0,0,0,0,22,0,1,0,0,0,0,1,0,14,0,0,7,0,0,0,11,0,0,0,1,0,5,0,0,3,0,9,1,6,7,0,0,1,0,0,0,0,0,1,0,0,7,0,3,1,46,0,0,1,0,0,7,0,0,0,21,0,0,0,0,0,0,0,2
"COG1638",302,364,350,153,181,392,414,228,259,81,65,173,126,202,278,256,111,124,142,212,209,212,200,230,63,374,118,179,228,390,141,225,158,110,378,158,188,125,130,345,264,184,226,218,270,121,104,116,224,260,211,166,182,95,200,144,970,235,191,146,234,171,149,154,121,257,263,158,685,163,252,160,211,187,159,201,102,41,301,147,196,254,163,231,337,194,353,194,94,277,128,112,244,129,157,216,143,163,226,218
"COG1640",401,555,455,382,481,293,832,463,369,900,506,566,299,431,440,533,581,410,437,519,380,249,439,327,728,538,707,558,458,567,467,436,481,523,279,603,331,398,421,404,376,471,439,341,524,384,489,407,534,489,476,350,487,322,485,515,306,516,454,439,495,528,470,490,541,611,459,528,242,462,496,260,598,425,536,462,607,471,393,532,576,719,482,476,516,262,586,529,442,516,495,502,432,448,548,440,460,502,481,475
"COG1641",15,142,36,44,57,8,121,54,36,8,5,48,30,107,40,29,26,28,20,33,29,33,57,54,23,51,46,36,43,44,35,45,46,37,15,40,57,6,46,33,35,51,89,59,121,16,41,97,85,51,40,64,44,21,22,45,30,49,27,39,56,51,38,44,43,51,31,26,39,53,53,23,40,38,65,38,23,112,14,50,52,103,52,20,50,30,86,35,24,42,40,24,58,26,31,28,47,26,31,42
"COG1643",24,15,89,8,16,62,269,496,30,638,296,6,323,42,23,30,81,219,115,115,21,75,99,42,442,54,169,194,17,26,211,23,2,60,22,383,22,24,216,28,46,13,41,79,126,9,1,57,8,18,26,80,59,14,20,21,374,71,111,124,103,16,95,238,113,55,190,104,27,43,76,22,6,54,31,11,327,69,26,36,55,274,50,24,69,10,50,39,118,78,13,78,33,19,12,17,24,17,15,61
"COG1647",1,7,6,9,2,4,34,1,4,1,1,17,2,7,6,6,6,4,1,12,6,0,13,18,2,1,21,3,6,5,8,8,4,4,0,12,11,4,2,4,4,8,11,16,21,5,3,1,5,5,4,19,2,12,3,19,0,2,10,7,12,10,6,20,15,3,2,4,8,16,0,6,2,1,9,2,0,3,4,2,15,5,2,5,18,13,12,1,2,0,17,2,0,8,3,8,9,13,9,6
"COG1648",15,135,38,21,36,53,124,54,25,35,2,29,14,46,34,13,27,106,82,26,28,90,31,32,23,51,36,36,17,37,31,23,21,35,27,60,39,21,30,43,25,41,50,40,55,24,59,68,86,32,36,40,57,16,15,31,113,51,13,18,29,31,27,46,25,43,87,40,52,68,29,31,26,39,41,45,36,132,27,36,66,67,16,20,59,33,56,45,18,97,27,38,43,25,30,17,42,20,49,57
"COG1649",692,229,720,582,600,625,63,174,730,59,621,364,638,348,736,722,405,478,522,737,719,56,376,340,799,497,440,551,564,402,614,511,556,578,475,308,425,702,358,512,661,615,424,387,326,512,528,16,416,531,406,238,469,750,629,467,84,435,566,557,386,415,569,293,575,576,243,584,542,611,516,424,510,537,541,462,436,83,673,347,374,129,626,643,522,540,211,606,641,282,341,541,377,593,481,406,651,719,390,465
"COG1651",11,8,15,64,9,108,174,121,45,250,6,12,31,13,16,16,25,4,145,21,20,26,29,32,24,21,3,3,5,16,3,9,16,6,125,103,52,68,3,64,29,18,59,21,22,31,17,35,26,10,10,36,14,47,20,10,133,61,18,16,28,54,58,60,15,21,91,7,51,42,106,8,1,49,12,15,39,29,43,5,10,85,6,26,28,14,9,30,13,29,7,60,13,17,4,37,47,33,19,41
"COG1652",21,15,36,8,14,64,9,16,20,20,4,53,5,20,23,4,6,10,19,4,14,7,13,24,7,65,2,35,51,77,6,5,11,13,5,25,28,17,10,26,15,14,18,6,7,10,5,11,14,5,18,95,30,21,22,21,23,17,17,10,11,5,9,24,20,20,11,6,42,22,29,11,15,17,6,17,13,3,14,12,22,51,26,16,36,25,3,16,2,7,18,4,35,14,48,26,4,26,37,3
"COG1653",701,2518,733,766,1373,485,2798,1198,442,4053,187,1989,389,2103,860,815,1178,1010,632,340,511,1537,929,852,211,1392,461,811,1043,1486,814,828,1108,1314,758,874,732,307,1185,1313,533,959,586,534,1097,2310,1481,2528,854,891,962,1932,1786,479,720,713,1991,1501,864,717,885,1238,1075,1919,643,1480,1410,627,912,414,974,850,1110,933,1761,1173,444,4535,565,2415,1160,3230,986,578,766,1411,1848,1087,228,1480,2395,1365,1718,597,975,1297,432,382,998,837
"COG1654",26,169,59,76,99,27,152,58,49,63,26,112,80,123,52,56,94,94,78,47,34,123,76,113,18,125,74,76,80,146,72,71,84,109,49,74,62,31,126,83,45,46,122,56,139,72,102,187,96,78,93,63,107,45,86,95,115,86,54,40,118,144,63,111,66,112,123,56,39,64,81,73,80,72,139,106,124,188,33,141,98,175,50,57,55,39,169,91,29,127,139,85,120,43,127,77,44,36,75,75
"COG1655",0,82,17,19,21,1,0,1,2,0,1,51,8,6,13,8,38,24,11,0,2,46,11,13,1,57,16,11,33,1,17,4,17,28,14,6,19,4,37,30,5,34,6,9,26,79,28,3,57,16,18,5,63,12,11,10,0,0,19,22,23,78,6,25,0,38,31,16,0,4,22,6,28,15,59,25,34,3,0,34,54,11,14,1,21,5,54,3,8,66,75,15,71,15,25,39,21,9,36,46
"COG1657",7,0,1,0,0,0,0,0,21,0,0,0,1,2,0,4,0,0,0,11,1,0,1,0,0,0,0,0,0,0,0,0,3,0,0,1,3,0,0,0,9,2,0,0,8,3,1,0,0,0,0,0,0,0,0,0,0,1,2,0,81,0,4,0,10,0,0,0,0,2,0,0,0,1,0,0,117,0,0,0,0,0,0,6,0,5,0,1,2,0,0,0,2,1,0,0,1,0,0,1
"COG1658",29,13,17,31,18,14,73,14,17,11,11,23,9,91,11,19,20,26,18,24,20,67,28,64,6,33,35,21,34,69,20,18,29,43,5,16,32,0,32,22,8,14,89,39,91,8,10,93,26,26,35,40,35,19,32,56,4,16,16,11,62,26,25,17,40,32,22,12,25,14,29,19,33,19,31,26,20,61,2,53,31,45,20,32,20,26,33,34,11,28,43,29,20,20,47,28,12,16,15,25
"COG1659",5,2,0,4,4,2,1,1,0,0,0,2,0,1,7,2,8,1,0,0,2,1,0,9,9,0,1,0,0,12,0,8,5,1,1,0,3,0,2,1,8,5,0,11,0,5,0,0,1,6,2,5,1,1,7,3,0,1,0,11,0,7,3,1,15,2,0,1,30,4,0,2,2,13,1,5,0,1,5,1,5,1,3,7,11,1,0,4,1,11,4,0,1,3,9,3,4,6,2,12
"COG1660",209,192,235,186,216,107,210,139,213,251,353,208,208,193,223,232,309,216,222,239,252,219,199,214,398,209,313,246,221,228,203,189,232,229,162,313,183,207,276,156,185,237,241,171,269,165,217,219,199,187,199,184,233,214,214,226,169,206,183,177,225,230,177,206,215,248,205,303,195,257,204,145,224,177,268,242,293,163,181,198,194,222,192,192,213,201,205,228,178,223,199,235,195,210,220,195,256,177,225,237
"COG1661",13,11,37,5,19,7,15,4,14,2,5,14,2,55,61,18,11,25,7,19,5,11,43,52,4,26,21,7,19,62,12,28,7,13,3,18,31,4,27,4,61,10,55,21,37,9,27,13,35,16,19,22,12,3,47,53,25,17,12,22,32,5,10,18,13,13,35,5,9,32,42,11,28,6,20,51,9,10,3,28,17,53,5,28,2,10,26,24,5,9,15,12,81,17,3,38,5,11,20,15
"COG1662",19,7,5,5,10,17,11,1315,32,148,14,0,57,2,32,13,124,2,24,72,13,34,50,88,37,4,3,0,7,9,8,19,1,3,36,67,1,7,2,113,103,28,11,56,20,29,2,8,10,3,3,228,4,56,65,8,1121,28,30,8,28,3,31,656,7,5,879,9,84,23,270,2,8,223,3,22,16,114,91,5,3,0,3,63,44,1,3,12,5,135,0,5,20,10,9,14,19,15,4,142
"COG1663",179,49,163,117,155,166,15,118,160,38,308,95,314,49,183,178,187,262,145,191,153,64,185,161,287,109,247,215,84,92,173,110,128,164,161,226,134,240,184,74,245,122,99,189,145,123,146,32,129,136,126,64,116,168,146,141,78,140,229,246,159,67,142,109,185,148,112,289,170,123,130,83,148,109,78,123,265,23,222,58,110,96,114,202,179,188,71,140,269,91,86,113,110,185,141,135,250,192,123,110
"COG1664",5,4,7,12,15,30,1,66,25,2,4,24,7,34,8,15,13,2,7,5,5,2,20,33,6,3,2,1,3,4,29,11,11,8,51,1,28,4,8,27,17,16,14,27,7,54,0,7,14,5,4,19,19,22,5,6,1,3,16,12,26,10,24,45,12,4,3,3,28,5,5,2,4,12,5,8,6,8,19,30,14,0,29,7,24,59,0,6,3,4,42,5,6,9,8,18,6,9,9,19
"COG1666",5,12,23,5,1,14,68,33,11,3,0,3,24,10,5,4,5,5,24,17,4,13,19,25,7,2,18,11,5,2,11,13,2,2,6,22,4,0,8,4,8,7,33,8,4,5,0,14,8,5,2,4,4,2,0,6,29,1,2,2,13,3,0,10,8,0,7,3,10,19,3,1,2,9,1,1,26,3,1,0,10,4,0,3,8,5,2,7,5,2,1,5,5,1,2,3,8,8,9,4
"COG1668",23,90,18,44,42,9,9,54,24,63,30,159,28,115,36,51,162,17,69,58,15,189,59,68,22,104,26,23,46,30,65,68,80,75,33,11,52,51,49,20,31,38,29,69,80,27,34,111,47,63,136,139,159,13,34,162,25,46,60,41,106,159,147,88,44,36,47,35,9,65,11,55,87,17,140,28,79,40,14,128,73,1,73,40,42,100,51,51,67,114,186,63,48,139,80,69,20,109,34,107
"COG1669",52,13,32,43,27,56,1,14,60,10,57,33,48,8,47,18,35,20,46,33,49,5,55,50,109,28,35,82,20,37,44,44,40,45,139,54,35,114,48,44,140,21,18,69,62,62,30,1,49,28,34,50,66,88,75,36,0,64,72,40,58,49,50,39,69,19,20,119,70,72,66,36,32,39,30,59,199,17,80,22,55,22,54,53,99,99,27,29,56,15,47,28,37,57,40,115,158,80,68,38
"COG1670",434,448,426,440,473,523,406,494,531,722,207,475,280,377,551,386,345,438,469,675,417,169,421,404,256,410,345,260,414,359,381,362,452,596,740,266,486,505,268,529,539,468,345,442,313,529,528,370,529,305,444,431,534,634,429,289,624,401,374,371,386,395,449,432,326,410,421,394,525,395,490,437,396,472,381,438,216,257,400,380,454,353,429,599,427,458,231,469,316,453,441,551,671,465,480,535,609,491,643,426
"COG1671",25,88,22,31,38,8,25,58,10,23,17,63,26,52,8,26,40,15,46,11,6,61,21,45,4,87,23,43,29,50,32,29,33,38,14,37,25,9,60,57,10,25,57,33,30,33,63,33,58,27,50,30,60,22,25,36,63,24,20,19,69,67,30,49,28,57,91,23,20,23,50,34,29,37,47,43,33,69,13,47,50,47,12,33,39,8,63,52,15,69,53,43,68,35,37,29,24,17,21,38
"COG1672",498,177,247,357,519,482,116,175,490,102,3997,323,1238,162,446,362,2070,3411,315,308,402,537,843,506,718,317,3174,3391,410,222,1139,313,467,248,573,1395,429,484,2638,312,418,298,253,671,1468,667,421,87,299,301,418,311,231,770,329,219,38,524,1776,2048,631,259,300,248,508,284,261,2418,664,766,142,379,383,253,242,408,1845,253,371,222,911,319,313,445,470,478,1023,311,2061,191,314,626,981,462,607,604,315,431,545,320
"COG1674",355,499,459,539,383,333,717,414,316,880,505,491,472,838,269,371,477,621,262,377,369,840,500,420,571,511,264,580,480,527,552,415,437,836,330,459,423,229,659,501,285,362,481,542,653,290,591,978,360,427,507,820,638,277,391,978,404,518,467,475,709,675,410,500,492,359,318,353,271,327,288,993,516,325,497,488,567,1243,273,627,538,783,457,232,353,363,653,503,403,431,798,384,582,389,457,391,271,264,388,415
"COG1677",5,44,7,11,15,10,3,22,8,8,0,27,23,3,11,6,32,11,10,3,6,26,14,15,4,40,2,10,14,4,8,6,14,23,14,14,10,6,15,30,4,17,6,4,16,24,12,3,37,7,20,7,35,9,4,7,37,7,7,16,17,40,5,39,3,18,35,9,19,4,25,5,18,17,40,19,46,4,2,14,29,6,13,3,13,5,18,2,5,31,34,10,50,9,18,19,10,8,21,13
"COG1678",71,16,43,63,75,81,2,76,101,10,7,40,23,23,78,76,23,5,43,60,65,6,41,61,13,51,23,4,70,30,58,66,72,23,77,25,92,89,5,64,70,80,36,50,8,76,43,10,42,44,39,33,35,93,70,32,97,45,60,40,38,34,64,45,53,42,55,56,70,56,67,45,80,90,22,45,7,15,78,39,30,9,67,80,53,70,8,45,62,52,37,92,32,65,70,57,79,100,52,77
"COG1679",11,1,3,36,18,0,0,11,0,0,7,13,2,127,2,3,16,3,3,1,2,66,23,52,0,18,1,2,20,13,12,14,7,4,2,0,3,0,4,1,1,5,104,15,0,59,0,0,10,11,23,79,19,14,6,45,47,0,9,13,28,10,25,12,16,10,1,2,2,5,0,9,4,0,16,7,8,0,0,25,17,16,15,2,1,5,4,7,15,7,60,19,0,16,8,18,2,6,13,0
"COG1680",511,423,367,492,494,755,249,379,617,449,254,393,296,431,546,534,348,237,503,476,541,334,320,353,394,558,375,254,528,280,468,614,514,364,494,325,729,483,313,519,464,627,502,405,544,563,444,251,515,541,419,376,463,512,451,356,390,473,481,342,338,476,450,482,409,461,363,458,294,422,476,350,523,519,521,409,241,512,640,393,345,237,557,528,588,663,330,383,377,414,384,506,370,476,498,459,382,525,487,605
"COG1682",84,239,65,103,128,26,203,119,71,325,46,171,53,167,97,110,111,92,104,82,99,140,144,116,36,207,71,74,184,154,74,81,130,198,99,74,96,73,172,133,62,141,135,95,89,60,168,212,159,89,153,218,196,99,98,130,140,144,69,88,150,208,107,159,66,139,217,92,81,53,138,164,160,187,181,125,93,320,133,195,158,244,90,90,107,62,250,148,55,159,215,162,130,79,184,148,160,91,206,120
"COG1683",12,24,22,23,23,29,21,26,7,6,10,37,10,50,17,27,30,29,55,19,16,23,46,44,18,16,14,18,30,57,27,19,19,40,10,86,26,9,37,17,22,15,57,46,36,27,7,37,13,24,19,37,21,22,19,23,10,28,32,22,57,46,34,27,20,20,54,11,28,22,54,60,35,36,32,32,38,15,11,34,30,80,32,33,29,21,24,38,11,45,29,25,19,16,32,36,8,17,18,35
"COG1684",10,68,24,14,24,32,10,49,12,14,9,48,41,9,15,9,47,12,6,7,7,132,16,20,7,49,7,12,40,9,12,8,32,32,25,36,34,7,45,27,21,41,7,24,17,32,24,3,48,19,35,9,74,9,10,9,82,16,18,28,20,57,12,55,6,28,84,11,22,13,41,25,22,35,50,27,66,10,6,18,39,19,22,11,33,22,32,11,11,69,58,26,78,25,13,24,22,17,33,41
"COG1686",193,912,318,311,413,114,644,331,145,373,94,585,219,771,323,330,436,309,328,218,210,620,353,395,99,551,240,362,494,700,343,314,388,523,253,286,389,138,498,410,230,327,506,347,514,331,550,1151,566,301,503,708,611,139,346,570,557,506,289,217,574,616,262,573,228,535,692,173,130,247,469,865,429,334,593,493,351,1040,187,699,534,577,377,307,321,193,949,514,159,633,712,371,782,274,426,454,187,200,465,429
"COG1687",9,38,17,17,28,15,61,17,10,93,18,25,8,35,32,9,11,15,12,8,14,63,30,16,12,36,9,11,24,19,12,10,20,17,10,42,36,20,37,28,14,23,10,11,31,32,9,22,9,29,21,13,14,8,23,20,16,22,21,21,27,24,19,22,19,15,11,18,23,11,18,17,25,26,32,22,28,15,13,23,24,27,33,10,13,4,42,36,6,31,33,23,19,13,27,9,5,8,9,15
"COG1688",0,0,0,0,2,0,0,0,1,0,0,0,0,0,0,0,1,0,0,0,0,0,14,0,39,0,1,15,0,0,0,3,3,4,1,32,0,1,0,0,0,7,1,0,0,0,0,0,0,0,0,0,1,0,0,0,0,0,0,0,0,0,0,0,0,0,2,1,0,3,0,0,0,0,3,0,0,0,0,1,0,0,0,0,0,0,0,0,1,0,0,0,0,0,0,0,0,0,0,0
"COG1690",63,54,102,71,173,117,14,163,106,34,106,92,153,72,47,96,65,16,47,81,132,79,84,82,12,62,9,163,24,90,51,84,51,32,120,134,103,79,27,127,108,73,48,25,12,227,68,30,95,41,74,120,94,133,59,48,200,75,46,227,12,55,62,78,86,51,84,43,215,65,67,55,44,130,60,51,26,67,176,97,49,131,64,32,86,97,30,75,54,74,186,90,58,52,46,103,34,25,53,46
"COG1691",7,127,36,9,34,12,181,38,12,11,1,23,9,62,30,13,29,24,17,46,30,53,48,29,21,34,59,47,22,37,18,42,26,27,25,29,37,11,17,22,18,28,65,26,60,5,24,44,65,25,38,49,35,3,14,43,24,45,21,17,53,29,36,29,31,28,31,19,28,36,15,32,14,21,34,28,13,75,13,39,38,84,30,8,39,19,81,22,26,26,33,17,34,11,14,17,36,21,34,21
"COG1692",11,19,10,22,4,19,109,29,1,14,9,28,2,103,9,22,17,10,11,29,18,64,22,31,0,17,36,18,28,29,37,15,19,52,3,19,31,4,13,20,12,23,79,38,0,6,45,6,49,40,24,93,46,4,8,129,4,22,7,17,50,25,11,29,33,23,15,12,32,43,4,84,18,13,38,15,27,61,8,71,49,12,35,3,27,18,6,54,14,17,63,36,13,23,44,10,20,9,19,7
"COG1694",178,76,156,137,171,147,49,148,145,172,78,145,86,104,165,128,90,35,109,159,146,71,140,126,160,174,100,77,123,89,132,159,145,137,151,83,83,182,80,120,210,121,72,133,65,151,147,83,127,151,151,125,154,148,149,94,72,150,134,102,88,76,155,123,105,119,87,168,98,147,146,167,139,180,84,134,86,39,165,85,93,127,147,205,167,1398,56,116,173,93,101,142,107,164,140,135,193,197,155,117
"COG1695",124,211,97,134,207,86,112,140,102,94,68,257,62,198,136,146,133,81,149,61,81,245,148,198,39,126,60,68,148,176,98,124,150,157,112,52,118,118,165,200,136,114,153,141,72,147,210,216,129,93,165,188,175,109,138,146,199,147,90,73,170,247,174,185,104,213,181,105,111,100,155,180,135,141,166,193,88,293,77,173,152,185,122,164,90,150,240,187,90,147,239,183,340,136,134,211,111,119,142,133
"COG1696",487,435,372,456,481,299,94,133,334,187,276,608,370,657,309,467,401,650,258,339,345,465,387,432,171,567,155,341,565,465,422,438,580,641,438,118,517,289,361,488,355,415,393,471,389,394,458,447,400,441,536,554,698,392,456,441,210,323,363,340,470,581,445,423,372,400,311,260,295,324,328,375,533,394,541,453,480,415,282,679,547,129,585,365,344,387,583,411,292,604,715,506,560,462,439,559,303,325,414,592
"COG1699",4,57,17,7,28,7,1,5,5,0,1,32,9,1,4,16,23,15,4,1,6,23,4,14,2,46,7,13,22,3,6,12,17,27,20,7,20,5,24,20,8,15,3,11,24,52,13,0,48,17,15,6,63,6,8,9,19,6,11,19,14,65,9,23,3,18,21,10,8,4,15,7,18,19,35,21,13,1,4,12,30,9,21,1,20,10,19,5,3,39,42,18,60,18,18,24,15,6,23,21
"COG1700",155,1,18,3,5,3,1,4,45,3,141,28,1,22,6,3,9,11,13,59,80,5,59,6,409,14,316,210,47,2,59,0,19,16,7,9,0,12,64,8,39,2,0,67,94,21,1,1,4,46,14,15,24,24,1,13,0,33,24,33,50,49,84,14,9,18,10,47,18,24,5,69,1,63,15,0,9,18,137,0,10,32,8,0,51,35,11,3,9,23,40,54,56,7,54,9,33,1,12,10
"COG1702",201,174,221,184,210,180,270,202,189,302,214,229,263,271,184,215,230,269,196,224,154,235,177,205,253,241,201,252,201,238,195,189,231,239,158,238,162,146,232,206,147,184,267,211,238,192,185,229,200,200,198,193,240,187,148,176,176,175,207,200,252,245,217,204,218,205,176,180,108,217,147,139,174,239,212,205,231,194,107,220,205,199,194,154,203,170,205,186,223,196,226,221,231,202,168,209,163,152,183,210
"COG1703",175,50,120,123,137,128,255,127,134,24,15,85,74,84,209,184,75,39,136,236,138,44,134,132,59,118,132,70,119,73,116,184,158,57,130,100,143,147,19,142,130,157,72,149,44,131,76,34,128,162,105,65,87,139,158,117,75,110,147,75,114,77,162,90,153,151,85,113,112,179,105,94,121,155,98,104,29,18,121,68,103,16,139,182,141,179,28,122,151,104,94,155,59,176,187,104,175,217,139,176
"COG1704",64,48,65,104,106,151,59,63,75,127,107,63,94,35,86,110,135,60,69,85,78,72,116,80,73,83,84,62,53,67,54,88,92,141,106,77,108,117,75,66,91,117,113,69,65,68,52,82,61,84,142,163,160,156,100,236,32,118,146,122,112,150,131,82,163,165,46,166,145,151,107,114,121,91,153,110,155,39,126,131,119,103,137,127,120,135,53,183,135,73,141,133,94,135,104,120,138,175,134,115
"COG1705",211,44,320,132,143,129,18,159,240,96,861,161,391,93,488,285,291,285,307,278,315,254,273,199,466,131,408,207,125,84,180,223,278,358,378,479,347,276,339,63,137,239,92,153,309,108,210,213,124,226,208,70,262,305,113,105,94,161,394,319,146,232,149,166,262,104,112,398,249,138,110,122,238,150,105,107,461,59,209,106,171,69,114,158,245,221,144,225,250,109,143,201,119,219,162,142,242,500,208,163
"COG1706",5,1,1,1,2,13,2,40,2,8,3,0,35,0,3,0,8,1,0,8,1,2,8,8,3,1,0,0,1,2,1,0,0,3,3,26,22,1,0,2,3,2,0,2,0,4,0,2,0,0,0,6,3,6,4,2,92,7,5,0,1,0,2,15,1,0,40,1,9,5,46,0,0,7,0,1,70,5,5,0,0,0,0,6,8,0,0,1,0,9,1,0,3,1,1,2,2,1,0,3
"COG1708",24,34,23,64,29,103,6,102,36,34,5,37,17,10,18,18,8,7,20,50,42,8,88,60,15,25,9,8,27,22,12,34,22,18,42,8,40,82,12,64,49,33,37,76,8,82,37,26,43,30,12,75,21,63,28,29,21,49,34,40,31,15,52,20,52,8,51,7,106,43,17,40,27,32,11,23,8,48,31,27,39,17,24,23,36,67,20,48,9,15,58,78,23,35,32,50,36,41,35,15
"COG1712",55,26,39,40,33,18,15,5,66,5,0,16,19,16,67,48,26,14,56,64,95,10,33,52,10,25,28,11,37,40,31,25,38,9,62,2,59,90,15,9,113,52,38,34,16,42,59,6,58,32,38,18,38,62,57,31,37,61,37,22,28,29,24,48,28,61,26,20,81,23,60,35,46,28,42,47,6,13,105,12,26,34,42,56,56,29,7,21,13,22,20,23,22,34,50,61,105,29,78,30
"COG1713",27,102,27,59,52,28,66,31,33,52,19,99,27,154,31,41,73,52,52,24,42,149,60,75,11,87,32,47,84,88,57,63,60,90,21,42,74,13,89,65,29,53,136,59,89,19,91,126,89,61,87,126,82,14,81,130,24,68,44,33,100,103,49,59,60,80,70,34,44,35,60,63,75,53,79,81,59,89,17,97,107,109,59,38,38,43,118,79,20,84,91,104,80,39,68,65,27,28,65,60
"COG1714",45,9,21,42,25,59,0,6,28,4,47,15,8,10,24,39,15,4,16,35,59,23,17,36,4,17,5,0,41,15,32,75,46,7,43,1,47,57,43,58,27,48,14,25,5,68,32,8,28,18,31,24,13,51,42,16,1,24,33,29,9,39,43,28,30,5,7,28,40,15,15,36,26,14,11,23,4,3,28,9,15,2,53,29,21,14,6,35,6,7,13,31,9,19,17,36,18,32,46,26
"COG1715",7,1,10,15,5,8,0,36,32,8,13,16,17,13,5,4,23,14,76,12,5,29,45,51,4,23,1,22,19,37,35,20,12,160,13,21,44,19,15,14,4,18,16,5,76,10,12,22,5,32,17,38,73,6,48,51,29,2,21,25,45,2,53,38,18,35,20,5,34,117,38,105,47,16,18,36,103,4,5,16,11,17,39,35,22,46,4,17,24,7,19,19,10,26,7,12,10,12,18,15
"COG1716",7,21,24,60,30,9,198,91,5,247,5,81,10,79,8,6,10,16,9,28,9,0,96,37,9,49,49,45,59,10,75,18,25,73,53,59,15,6,51,23,1,25,73,6,35,2,28,32,65,9,71,60,38,7,11,37,31,21,7,19,50,164,40,26,15,17,24,12,10,22,3,366,29,15,33,11,15,26,4,50,103,166,12,10,10,16,85,47,12,38,77,48,37,11,20,15,21,15,29,11
"COG1719",1,0,3,0,0,5,0,1,4,0,0,0,0,1,1,0,0,0,0,0,1,0,0,0,0,0,0,0,0,1,0,0,0,0,7,0,0,0,0,1,0,1,0,0,0,1,0,0,0,0,0,9,0,0,0,0,12,2,0,0,0,0,0,0,0,0,0,0,15,0,0,0,0,0,0,0,1,0,3,1,0,0,0,1,2,1,0,0,0,0,0,1,0,0,0,0,1,2,0,1
"COG1720",29,30,43,61,22,17,16,72,16,23,176,53,124,118,12,35,84,188,47,14,21,48,53,69,144,38,123,183,52,95,123,38,35,87,20,131,44,10,127,55,10,21,108,65,69,6,33,43,29,25,56,51,86,17,31,80,74,32,69,114,98,51,30,77,54,55,84,139,13,37,58,30,49,34,50,54,180,33,9,69,106,22,23,37,36,43,63,47,90,59,46,49,88,29,60,37,12,24,40,43
"COG1721",190,88,156,226,139,289,4,118,204,14,297,123,206,93,187,214,155,175,151,162,295,147,133,146,192,121,171,177,202,92,208,223,185,147,260,139,242,248,163,339,202,248,90,186,112,281,159,12,194,223,167,96,139,249,181,108,2,108,226,218,144,185,176,144,217,170,67,214,225,171,161,176,160,182,130,140,132,28,219,110,196,35,228,182,213,187,83,168,209,136,107,178,88,179,140,206,143,210,131,183
"COG1722",1,5,1,18,2,9,0,11,3,5,1,12,4,20,7,2,6,3,11,4,10,24,12,11,6,2,0,1,9,10,3,12,3,12,5,18,23,0,7,6,5,5,5,12,27,1,0,31,3,12,7,31,11,7,3,27,25,9,8,6,13,7,5,15,18,1,11,5,14,4,7,42,6,7,3,7,7,7,3,21,9,6,13,8,8,9,9,9,1,6,6,6,3,4,3,2,3,7,3,11
"COG1724",2,0,4,1,1,0,0,0,0,3,2,3,0,1,0,0,2,1,0,0,0,5,1,1,0,4,0,1,3,1,1,4,7,1,4,0,1,0,9,0,4,2,6,5,2,7,2,0,5,3,3,0,6,4,1,1,0,0,1,0,1,1,3,2,2,3,0,5,3,5,0,0,6,0,2,0,1,0,4,3,2,3,7,1,8,4,3,0,2,1,1,0,2,2,3,3,1,1,3,1
"COG1725",106,337,107,134,195,98,162,94,83,253,137,221,100,223,122,124,182,176,179,67,90,376,147,190,115,216,153,183,221,165,173,161,166,167,182,133,192,112,205,199,148,147,131,174,170,181,268,251,222,170,174,192,218,91,166,138,172,190,182,152,167,240,171,151,101,158,166,143,100,137,147,197,214,117,282,240,164,303,102,222,206,289,194,99,117,137,311,179,107,226,275,243,348,129,160,171,138,115,203,182
"COG1726",153,35,144,114,83,143,2,44,146,16,222,82,221,48,158,143,170,177,147,148,144,8,133,94,264,96,200,161,112,69,158,129,136,114,123,146,117,161,134,91,145,124,84,148,100,102,77,13,88,127,125,62,99,137,117,97,1,92,188,170,95,57,140,79,180,98,40,202,113,132,91,77,105,106,116,60,206,5,165,70,101,13,105,161,128,144,48,124,247,90,64,100,67,212,125,76,89,156,92,108
"COG1728",0,46,4,10,29,0,2,1,1,0,2,39,4,4,6,7,31,15,5,0,7,9,8,11,2,43,6,8,16,1,9,8,23,28,8,7,19,1,31,9,3,17,4,3,6,49,18,1,32,9,20,5,40,10,5,4,0,0,8,8,14,47,8,29,1,13,24,17,0,2,14,5,7,15,43,33,19,1,0,19,31,6,16,4,18,1,30,1,6,51,41,7,55,16,20,13,10,5,23,14
"COG1729",4,0,12,5,8,5,0,39,8,7,4,2,27,3,5,2,11,1,27,7,2,37,9,15,11,11,0,0,0,3,1,4,0,4,17,39,14,6,0,6,14,3,8,4,7,2,0,2,3,3,7,9,8,7,5,2,68,12,2,1,6,0,10,12,6,12,29,2,8,3,7,6,0,7,5,2,46,7,5,1,1,0,2,6,6,0,1,4,2,16,3,3,2,5,2,3,3,0,6,17
"COG1732",26,8,38,18,16,60,130,52,19,56,2,9,9,6,24,24,7,8,24,20,24,32,34,60,16,11,4,35,14,36,9,39,10,12,9,45,35,3,11,23,36,19,81,57,25,13,12,184,30,43,10,71,8,13,19,24,75,30,31,18,18,23,9,16,32,4,55,14,99,57,17,9,19,23,3,29,3,72,35,22,34,125,15,9,48,67,13,19,28,8,18,11,10,24,10,6,4,32,30,31
"COG1733",146,208,136,161,157,112,218,106,194,90,106,192,71,123,149,124,104,76,215,131,142,273,167,190,160,171,136,103,144,192,94,132,144,187,221,119,160,139,109,123,143,144,151,149,145,155,140,237,157,135,108,100,105,85,91,102,97,109,65,71,69,137,149,81,59,84,111,108,109,87,80,82,92,144,95,109,85,177,60,76,92,93,108,99,78,135,103,96,110,118,91,129,142,118,70,119,111,115,138,80
"COG1734",7,2,16,17,18,22,1,84,25,15,69,21,22,11,5,12,40,6,54,35,10,14,47,44,9,14,57,18,1,4,11,29,8,9,7,73,29,14,27,4,19,5,17,46,10,5,2,13,2,18,15,22,10,14,13,25,94,15,15,12,30,4,33,31,31,7,44,52,19,24,16,32,8,6,11,12,69,7,9,7,15,0,27,18,36,57,1,26,16,10,15,16,10,28,3,17,7,15,15,15
"COG1735",11,6,7,1,6,3,17,61,14,24,7,10,5,8,5,20,14,5,24,9,4,8,8,22,10,5,1,5,7,12,4,10,5,4,15,61,7,7,6,14,19,10,10,8,9,6,22,16,5,8,11,22,8,8,9,15,189,47,8,13,19,7,8,32,11,16,63,4,6,17,19,3,3,17,9,3,3,11,7,5,6,12,14,13,5,15,15,19,7,21,3,4,7,1,21,20,9,11,11,22
"COG1737",144,446,207,141,180,195,586,422,140,334,49,186,149,287,162,164,157,154,339,178,114,341,259,251,93,239,238,171,177,375,142,168,129,125,159,263,139,51,262,266,203,169,348,204,422,114,272,469,229,279,188,310,121,75,161,290,715,414,133,101,184,155,156,279,131,238,455,191,500,267,283,159,161,180,149,237,182,960,184,251,205,401,111,152,151,247,407,260,105,197,231,155,237,90,116,229,164,114,235,181
"COG1738",93,20,87,66,58,114,7,48,99,15,180,66,133,64,95,86,94,135,96,56,61,4,71,42,130,69,97,156,65,76,84,77,72,112,59,86,83,119,93,102,76,67,47,58,60,53,91,9,45,88,54,71,56,96,62,72,37,52,108,104,58,36,81,42,93,77,36,135,99,102,63,31,68,100,54,55,151,26,106,50,71,14,72,117,96,109,44,67,165,69,37,61,66,97,89,49,66,111,48,77
"COG1739",158,173,129,144,127,102,198,109,137,214,166,145,137,176,180,136,152,141,122,148,133,172,143,155,156,134,175,150,157,133,134,152,133,225,94,143,132,154,127,125,110,134,168,151,213,120,162,169,161,130,123,144,149,127,139,193,124,124,156,147,172,181,163,139,159,156,125,160,119,145,114,209,162,127,152,146,143,137,111,149,163,173,126,158,140,119,143,157,198,137,158,160,132,146,129,126,152,149,121,137
"COG1740",7,33,57,11,8,15,214,103,23,19,3,3,18,15,10,12,18,12,5,77,19,41,19,37,21,22,76,28,2,9,38,27,7,4,14,80,7,19,11,21,31,15,23,22,16,12,1,19,48,18,10,50,11,16,22,36,111,15,19,7,19,4,22,56,30,10,83,11,9,50,31,12,2,27,12,8,2,14,20,10,24,4,45,19,72,9,3,11,24,21,9,6,7,12,1,6,35,23,53,26
"COG1741",148,24,92,107,110,240,6,189,172,41,11,32,55,36,184,116,32,14,157,154,137,31,94,96,16,32,58,4,58,79,65,98,88,26,232,52,105,217,14,163,191,134,61,151,28,118,106,24,108,96,69,62,45,172,111,80,110,90,92,77,64,43,81,101,110,81,112,62,166,75,113,79,110,102,36,113,15,33,167,33,62,24,79,124,139,98,21,109,54,66,57,89,62,108,91,117,164,145,132,120
"COG1742",0,0,2,0,0,10,0,21,1,7,1,1,2,0,0,0,2,0,8,1,1,11,5,3,2,0,0,0,0,1,0,0,0,0,1,12,0,0,1,1,5,1,0,0,0,0,0,5,1,0,0,2,1,2,1,0,15,2,0,0,1,0,1,6,9,0,15,0,4,3,11,0,2,4,0,2,0,0,7,0,0,0,2,8,4,0,0,1,0,0,2,0,0,0,0,0,2,2,0,3
"COG1743",2,0,5,33,2,24,0,0,0,0,6,13,43,2,0,0,24,7,154,28,9,5,11,23,28,32,0,4,17,24,9,20,3,0,0,2,22,1,3,122,25,36,0,7,1,117,109,0,9,48,2,2,1,0,0,0,0,0,149,2,6,4,72,28,4,1,5,2,0,2,13,92,5,4,123,0,17,0,0,13,0,0,92,11,3,9,88,2,0,3,12,99,0,2,0,4,7,5,11,67
"COG1744",132,430,160,179,172,92,171,119,75,140,34,294,96,559,263,227,169,141,84,74,100,251,139,204,35,275,77,155,238,388,191,145,191,200,146,31,244,68,259,270,109,170,304,221,206,197,143,290,193,148,311,287,252,54,190,168,248,177,117,120,336,361,170,225,167,279,237,97,123,72,208,162,266,142,290,194,131,111,107,434,234,231,218,131,172,106,383,166,59,288,265,178,218,139,260,225,77,88,171,223
"COG1747",0,0,0,0,0,0,0,37,0,1,0,0,0,8,0,1,1,0,0,0,0,0,0,0,0,0,0,0,1,0,24,0,0,0,0,0,0,0,1,0,0,0,0,2,0,0,0,0,0,0,2,5,0,0,0,0,0,0,0,16,8,0,0,34,0,0,0,0,0,0,0,1,0,0,0,0,3,0,0,0,1,0,8,0,0,0,0,0,0,0,0,0,0,1,1,0,0,0,0,0
"COG1748",211,219,197,213,184,166,196,116,171,77,285,199,252,156,204,188,182,215,147,230,220,148,169,177,315,254,309,249,240,211,290,193,205,185,245,144,206,228,177,243,223,191,113,217,195,166,207,87,265,211,261,88,223,179,244,156,68,186,241,264,177,168,203,176,187,216,152,187,153,170,246,157,257,202,198,261,165,227,269,202,209,111,208,223,251,150,234,159,290,241,159,210,246,259,226,303,239,216,260,216
"COG1749",2,81,7,20,35,20,1,50,2,7,8,92,43,4,13,10,65,42,11,3,10,109,17,24,3,62,10,19,31,9,27,10,24,38,45,33,53,6,48,57,14,32,16,24,33,97,30,8,79,16,35,26,84,10,15,18,80,9,42,35,32,127,12,65,6,50,72,19,6,10,65,21,61,18,74,38,57,7,11,33,74,14,26,5,26,14,73,1,15,110,72,25,116,36,40,48,19,8,45,61
"COG1751",0,0,1,0,0,0,4,0,0,0,0,0,0,0,0,1,0,1,0,0,0,0,0,1,0,1,1,0,2,4,1,1,0,0,0,0,0,0,2,0,0,0,2,0,0,0,0,3,0,1,0,6,0,0,2,1,0,7,0,0,0,0,0,0,2,1,0,0,0,0,0,0,0,1,1,1,0,0,0,0,0,0,0,0,0,0,2,0,0,0,1,1,0,0,0,0,0,0,0,0
"COG1752",465,146,361,538,446,788,58,295,532,82,188,306,332,182,430,414,169,208,295,469,521,136,412,412,75,276,175,284,405,362,378,471,488,233,685,105,493,644,177,729,620,501,277,452,171,472,456,37,372,545,453,350,225,588,516,347,118,357,502,372,331,345,402,252,448,263,210,279,591,406,392,492,383,434,265,441,139,168,676,300,336,104,439,517,392,558,129,421,434,286,313,341,246,502,398,469,486,506,419,442
"COG1754",311,83,282,302,223,285,196,161,277,412,661,196,434,92,246,244,398,464,266,269,296,28,265,169,606,207,450,535,229,133,394,221,278,199,257,424,267,376,365,215,291,233,106,259,253,165,205,24,158,254,254,122,178,247,309,187,1,219,340,343,233,100,351,112,371,198,101,405,190,348,228,157,239,288,228,201,359,42,365,140,190,247,303,280,295,281,158,188,483,171,121,235,162,342,213,223,241,319,164,190
"COG1755",17,0,6,0,4,13,0,14,18,4,0,0,0,0,2,3,0,0,0,0,0,0,0,0,0,2,0,0,0,0,0,0,0,0,32,0,0,0,0,29,14,5,0,0,3,2,1,5,9,0,0,0,0,3,2,0,0,0,0,1,0,0,0,0,2,0,0,0,1,0,1,0,0,26,0,1,0,0,5,0,0,0,2,0,12,0,0,0,0,1,4,0,0,0,0,3,4,0,3,9
"COG1757",634,600,629,554,503,573,490,274,528,379,1109,528,623,440,668,568,643,1068,427,449,637,480,482,574,495,530,683,909,570,589,530,661,498,486,528,677,571,568,671,540,669,594,484,616,614,491,455,375,551,758,614,576,476,446,610,467,326,524,704,765,659,493,516,435,556,593,380,619,883,408,541,480,509,434,434,573,725,368,787,504,643,396,494,520,730,590,674,520,835,566,426,514,539,618,460,524,498,528,551,575
"COG1758",1,0,3,3,4,3,27,21,3,57,0,3,9,5,2,1,3,4,5,5,1,22,9,9,4,6,0,1,0,2,1,1,0,4,3,18,4,2,2,9,6,1,9,2,23,3,0,28,0,1,5,21,4,5,6,15,34,9,5,0,5,1,16,19,6,6,25,1,6,3,2,2,1,12,3,1,22,15,9,14,2,48,2,7,4,2,2,4,2,5,4,10,2,4,2,4,2,3,5,11
"COG1760",179,287,290,265,253,291,403,288,203,386,255,242,246,292,222,281,235,290,274,279,241,402,251,241,318,286,260,277,230,344,241,256,241,229,197,321,265,178,284,214,213,231,302,274,367,223,173,471,227,299,310,241,237,203,254,314,325,297,263,245,315,272,283,272,314,239,355,301,268,210,266,179,255,234,202,213,217,231,258,250,238,332,229,230,326,282,349,260,274,299,245,252,197,286,193,229,189,208,170,260
"COG1762",194,592,256,131,254,261,1365,616,200,341,70,309,192,215,191,229,276,208,320,352,216,613,274,254,145,343,576,303,334,369,185,239,232,254,226,620,123,142,261,323,228,235,431,154,425,182,406,785,371,343,99,153,134,98,183,174,827,378,123,92,144,209,115,245,95,166,421,91,461,263,214,111,181,180,145,260,167,595,156,227,283,468,79,132,212,152,343,215,84,233,145,137,193,117,119,140,199,108,276,199
"COG1763",10,23,23,18,21,10,28,48,13,19,8,26,20,11,25,31,15,14,26,18,16,32,17,21,5,23,19,33,22,31,15,24,10,22,7,42,11,7,28,22,22,15,24,19,30,9,21,67,23,30,19,29,19,17,32,7,102,42,27,16,22,14,11,29,9,33,73,13,37,17,56,8,36,30,15,18,4,82,21,29,29,11,15,28,21,6,30,7,2,38,26,15,25,8,13,28,16,11,9,14
"COG1764",0,0,0,1,0,8,1,24,0,4,1,0,0,0,0,1,0,0,10,1,0,2,4,4,4,4,1,0,0,0,0,1,1,0,0,6,0,0,1,1,1,1,1,3,1,0,0,1,0,1,0,5,1,1,0,1,35,5,0,0,2,0,0,13,1,0,24,1,1,1,9,0,1,4,0,0,2,8,1,0,0,0,0,5,3,0,0,4,0,6,0,0,1,0,1,1,0,8,0,4
"COG1765",9,4,1,7,4,12,29,51,24,91,6,3,6,6,2,8,4,0,28,8,4,4,11,9,11,4,0,1,3,3,5,11,5,1,6,33,4,5,0,2,12,4,13,13,25,1,0,7,4,4,5,17,1,12,7,2,67,15,8,5,7,2,13,10,14,1,41,5,3,8,9,2,2,17,0,2,2,9,7,6,4,74,1,10,18,13,1,9,3,13,4,13,2,11,2,3,1,4,7,13
"COG1766",13,122,48,29,51,44,13,71,14,10,8,66,64,3,9,12,58,12,6,7,14,111,26,28,7,41,12,14,37,16,16,14,48,39,18,47,53,16,34,60,10,38,12,29,6,100,21,14,27,31,22,29,58,25,10,10,130,35,22,35,41,101,14,65,5,46,87,27,40,12,85,10,24,37,63,21,113,5,13,61,33,21,34,8,31,14,17,11,6,70,122,21,65,15,17,41,19,11,37,13
"COG1767",18,12,12,12,23,62,43,47,19,41,7,10,17,30,38,20,2,11,49,24,33,30,17,38,18,30,8,15,8,34,1,34,19,11,20,22,24,16,8,12,42,27,31,42,28,16,13,18,18,50,4,32,14,8,37,11,100,14,24,23,22,21,11,25,19,11,72,15,63,19,35,10,19,12,2,21,6,28,17,7,9,40,17,30,29,16,11,22,2,29,5,13,8,11,33,11,14,18,12,22
"COG1768",45,19,20,51,20,3,28,25,15,12,17,63,24,157,21,47,28,37,17,12,20,23,55,75,11,23,13,34,33,97,45,33,38,61,16,8,24,19,31,33,2,23,110,54,32,11,45,31,28,28,46,108,44,15,34,128,9,21,23,17,69,54,39,39,46,53,19,20,18,17,29,98,45,19,29,23,29,103,12,81,50,57,24,44,10,16,39,58,4,34,70,52,25,27,52,40,10,11,15,30
"COG1770",4,4,2,0,3,20,123,105,8,323,8,0,7,5,2,4,2,7,37,4,2,4,26,17,9,4,0,0,0,1,3,4,0,1,2,85,1,2,1,6,8,3,12,6,24,1,0,18,0,0,1,7,0,4,4,1,106,22,1,0,1,2,43,37,21,7,60,3,15,4,18,0,0,19,0,2,2,36,5,3,0,225,0,8,7,0,0,17,0,24,1,40,3,0,2,4,2,10,0,20
"COG1773",37,47,43,46,43,69,45,104,48,17,43,64,36,64,46,78,47,23,85,37,52,41,64,73,46,43,26,38,75,94,37,42,54,69,26,68,44,37,42,50,36,37,70,60,54,48,41,40,26,94,41,80,48,47,47,74,132,53,31,59,55,54,65,58,41,51,116,50,71,67,63,38,52,53,42,32,43,54,37,43,64,51,36,70,56,67,44,49,53,59,41,43,58,66,53,55,33,43,39,45
"COG1774",200,206,221,197,171,176,241,88,157,85,126,211,99,234,187,177,171,165,160,145,157,138,186,136,312,245,136,131,226,192,171,160,248,268,143,127,165,166,261,144,178,181,219,201,122,171,231,198,212,190,215,255,220,111,213,263,77,231,195,145,217,261,179,160,214,192,158,161,125,196,204,281,211,208,242,227,139,249,236,264,187,198,207,198,225,168,281,191,184,253,208,165,178,273,265,198,195,169,215,164
"COG1775",32,158,64,74,27,23,65,75,53,94,27,61,34,174,83,61,63,60,129,16,56,184,181,154,43,77,25,74,145,133,29,94,41,35,46,65,98,51,68,67,101,91,198,90,164,35,67,186,122,62,96,242,48,41,79,93,187,151,48,52,107,96,91,73,108,103,161,27,69,58,81,81,69,65,83,156,34,93,34,62,95,230,71,25,83,32,173,88,26,103,95,85,155,54,44,57,36,75,82,95
"COG1776",13,132,50,31,36,18,4,12,15,3,5,87,12,4,15,13,50,49,11,9,4,185,20,36,8,113,9,18,79,13,28,22,48,84,48,14,38,3,74,64,21,53,20,22,42,74,53,3,71,26,29,15,89,14,7,20,41,10,28,28,20,93,15,40,6,47,34,13,37,7,22,23,30,20,64,45,28,0,2,49,36,19,28,5,22,15,33,4,12,94,81,19,161,31,21,50,15,10,57,49
"COG1778",155,57,135,129,91,96,85,74,112,27,126,99,101,46,137,117,75,89,112,117,92,31,96,111,164,88,102,113,67,59,99,64,90,111,69,105,92,111,66,50,69,66,64,114,62,104,81,18,57,87,70,44,158,154,90,94,83,99,130,123,71,112,109,53,124,114,60,118,68,103,51,84,98,67,64,77,161,12,67,54,95,27,75,103,114,128,48,76,117,55,80,59,85,128,77,84,75,164,70,91
"COG1780",1,4,2,2,2,5,29,26,2,89,3,1,1,2,4,2,0,3,20,3,0,39,5,10,5,5,0,1,0,3,1,3,0,0,1,28,1,2,14,6,10,1,3,5,36,5,1,74,0,5,0,4,2,2,4,0,27,9,1,1,0,0,1,5,4,3,27,1,5,4,13,0,0,11,0,5,2,17,12,0,4,61,0,6,5,5,13,2,0,6,0,9,0,3,1,2,1,3,3,4
"COG1781",105,113,105,88,129,81,75,63,82,141,122,120,115,41,138,114,110,138,96,102,75,36,97,110,138,113,76,118,90,97,113,94,101,141,76,113,77,132,80,47,103,100,69,112,116,157,93,68,102,71,108,93,130,111,90,86,70,92,127,124,94,99,133,109,96,114,92,106,72,89,95,66,74,117,109,122,136,57,57,97,114,76,92,141,73,92,99,127,104,106,135,95,138,116,104,102,92,118,78,100
"COG1782",0,0,2,0,0,1,3,0,0,0,0,1,0,58,0,0,0,7,0,0,0,3,11,0,0,0,0,5,0,0,1,1,0,5,7,0,0,0,4,2,0,0,0,3,7,0,0,0,0,0,4,23,5,0,0,0,0,0,0,0,19,0,7,0,0,9,0,0,0,0,3,7,0,0,0,0,7,0,0,21,2,2,0,0,0,0,0,0,2,1,13,10,4,0,4,0,0,0,0,0
"COG1783",44,111,139,82,172,77,100,243,45,18,46,59,18,90,736,148,64,23,99,80,54,144,528,235,22,45,3,46,32,68,131,282,78,60,101,39,141,60,35,70,171,132,531,78,43,28,72,40,50,75,123,114,48,65,45,196,5,58,48,233,126,115,86,33,27,45,28,17,257,286,241,54,57,23,91,40,45,13,27,93,93,81,250,56,84,42,17,713,21,73,95,324,101,75,37,84,31,40,82,37
"COG1785",270,58,154,163,186,154,28,141,221,27,7,107,99,61,175,184,77,24,170,172,205,27,122,158,90,124,64,57,169,152,112,194,177,118,160,51,151,222,17,198,201,151,102,127,86,148,148,15,108,180,217,117,174,294,226,223,125,227,224,136,159,212,260,181,199,195,153,125,211,237,181,156,215,226,169,221,142,34,315,113,131,106,251,312,239,251,63,251,173,156,112,206,100,328,224,225,240,265,202,273
"COG1786",1,0,3,12,9,0,0,3,0,0,0,0,0,0,0,1,0,1,1,0,1,0,1,4,0,0,0,0,2,1,3,0,2,2,5,0,0,0,0,2,0,1,9,4,0,1,0,0,0,2,0,8,0,2,0,5,7,0,0,1,0,0,19,1,3,3,0,0,5,0,0,6,0,0,0,0,1,0,0,1,2,0,0,0,1,1,0,2,1,0,2,0,0,0,0,4,1,1,1,0
"COG1787",0,9,7,8,14,0,1,2,0,0,2,20,0,2,4,17,5,4,7,0,3,0,2,1,1,15,3,0,6,3,3,1,7,17,3,0,13,0,3,7,0,1,2,4,0,0,7,12,1,0,8,7,13,1,0,48,0,3,4,5,7,14,6,22,4,0,15,1,23,3,2,5,16,2,7,1,3,72,1,1,3,25,2,1,7,5,20,2,1,5,7,4,35,5,1,4,4,0,3,7
"COG1788",11,11,16,12,8,16,14,70,20,10,5,15,13,28,19,16,11,4,38,12,20,8,58,65,17,14,0,3,13,25,8,42,8,10,3,26,39,5,7,20,37,18,28,50,25,15,4,29,3,45,20,49,10,11,23,21,73,26,11,17,38,15,42,48,28,9,43,13,24,18,28,22,19,19,3,16,10,6,8,13,22,40,19,9,32,42,11,41,11,14,14,11,7,28,6,24,4,26,17,18
"COG1791",0,0,0,0,0,5,0,0,0,0,0,0,4,0,0,0,0,0,14,0,0,0,0,1,0,0,0,0,0,0,0,1,0,0,0,0,0,0,0,0,1,0,2,0,0,0,0,3,0,0,0,0,0,0,0,0,0,0,0,0,0,0,0,7,0,1,1,0,0,2,0,0,0,0,0,0,0,1,0,0,0,0,0,0,0,0,0,0,0,1,0,0,0,0,0,0,0,1,0,0
"COG1792",203,171,170,202,221,183,128,102,190,93,335,222,282,211,214,208,234,290,166,174,188,217,197,234,274,208,236,311,200,205,250,205,189,227,142,217,184,197,212,177,178,190,226,206,262,184,231,212,180,185,173,202,249,156,163,261,92,161,217,244,285,225,201,172,231,217,164,238,132,191,161,256,195,233,214,191,303,101,161,198,216,141,208,224,205,224,200,202,291,227,214,211,253,208,226,184,213,209,166,203
"COG1793",3,10,3,7,1,0,0,12,14,4,2,58,0,25,3,4,2,0,1,10,37,2,9,11,5,15,0,2,2,11,0,15,4,1,9,0,24,3,7,7,2,4,3,11,2,35,21,9,9,3,5,21,2,4,5,36,28,9,0,7,0,1,14,0,1,1,4,1,20,4,3,4,4,3,3,5,2,13,9,2,2,0,12,10,10,25,0,3,14,3,17,5,9,3,8,4,0,52,2,2
"COG1794",19,5,59,28,16,21,9,42,15,44,4,8,19,49,32,16,16,8,88,24,11,44,31,59,24,17,7,7,24,18,13,26,8,13,10,54,26,13,21,27,35,17,84,38,61,20,14,54,36,19,32,21,18,27,17,42,133,45,14,18,30,33,36,23,23,33,42,6,54,21,22,23,18,22,12,15,12,8,24,23,16,7,19,17,24,30,13,21,9,43,15,22,71,23,26,18,8,19,61,43
"COG1797",141,242,151,99,153,101,251,45,108,74,12,135,84,135,149,165,102,85,162,126,114,69,94,102,46,206,111,108,179,216,106,152,121,107,102,70,142,82,106,185,129,137,146,143,139,132,133,116,175,160,99,116,131,126,120,126,28,134,118,74,160,177,184,140,114,182,136,105,99,159,108,104,129,240,180,93,64,108,96,183,117,138,106,171,179,112,172,100,170,199,157,177,196,144,142,150,130,146,146,210
"COG1799",40,96,40,48,42,8,183,36,28,103,14,86,18,109,43,43,72,50,37,45,34,91,58,90,16,82,34,64,81,98,56,51,63,84,21,59,52,9,51,52,28,46,79,71,108,56,59,95,93,65,54,131,84,34,58,97,22,44,45,45,90,121,57,60,49,67,42,43,41,50,43,71,46,39,65,75,40,87,16,100,86,143,62,37,47,28,98,67,30,66,112,70,87,34,73,70,32,34,54,68
"COG1801",1,0,16,2,6,9,1,33,6,10,3,0,3,2,5,0,6,0,24,7,0,47,11,6,8,4,0,0,0,0,0,3,0,1,1,25,0,1,1,2,15,1,8,7,19,1,0,48,1,4,4,11,1,7,2,0,49,11,3,1,7,0,4,12,6,1,32,4,9,9,17,3,0,17,8,2,0,8,3,1,3,9,4,3,1,3,1,1,3,11,0,0,3,3,1,3,1,3,1,11
"COG1802",194,416,226,161,194,189,527,227,164,117,41,219,154,170,221,170,173,150,170,138,127,453,248,302,46,308,193,222,261,341,154,144,154,174,225,221,166,82,215,293,152,175,230,218,255,188,180,216,278,204,217,210,240,118,150,186,635,242,131,143,167,240,128,260,142,251,420,128,410,228,242,149,190,173,217,249,136,197,198,158,300,300,119,212,229,144,437,175,99,347,240,144,301,133,99,245,148,131,223,242
"COG1803",146,132,74,138,203,77,112,74,112,55,12,137,47,116,253,167,91,49,99,108,85,84,146,153,22,117,81,53,145,172,80,152,136,128,108,44,117,212,61,115,167,122,112,128,55,134,148,60,111,110,155,114,137,110,133,160,107,122,108,92,132,127,123,91,98,152,101,122,82,93,120,103,145,77,114,145,54,92,140,107,152,90,130,178,134,188,94,144,52,139,176,149,134,133,173,131,127,161,106,187
"COG1804",27,83,38,66,34,44,287,260,70,222,14,88,20,105,67,57,58,19,40,30,57,21,162,145,61,35,8,21,87,90,30,61,46,32,57,128,48,45,22,66,58,41,178,85,169,129,7,46,30,61,66,131,37,42,45,63,387,112,36,76,39,98,31,74,105,40,192,24,132,67,59,48,48,83,39,62,22,53,46,54,41,160,76,71,71,66,36,53,14,58,68,34,49,71,34,61,17,51,45,79
"COG1805",136,38,121,114,79,118,1,26,89,12,156,83,226,37,131,113,114,125,111,132,146,6,115,116,212,72,136,116,63,55,120,128,89,98,71,86,77,130,87,37,125,121,56,103,60,93,95,18,72,128,108,55,89,106,142,73,0,77,162,150,97,59,146,58,142,105,25,137,103,86,122,82,101,49,71,93,171,8,183,74,78,18,124,104,107,126,35,109,148,46,50,89,57,168,90,90,117,125,78,90
"COG1806",5,1,18,5,13,19,8,56,15,16,4,2,8,18,11,6,10,9,28,12,6,103,34,31,8,10,4,6,1,5,5,8,2,2,13,29,8,12,8,14,9,6,52,18,60,3,1,56,2,9,14,4,3,9,8,13,59,13,5,3,28,4,26,10,21,9,24,5,10,5,10,10,2,11,8,8,11,11,4,2,6,54,3,10,15,5,5,7,15,8,6,13,10,6,8,11,3,3,4,12
"COG1807",256,93,252,156,206,240,342,153,303,35,365,126,153,120,318,261,259,227,143,260,218,134,275,273,33,195,468,242,176,136,258,226,196,113,213,291,187,273,207,312,383,225,149,242,305,185,128,59,199,212,173,99,109,197,196,254,88,172,227,200,238,121,190,109,279,225,130,289,218,210,119,138,168,165,64,127,182,35,281,59,151,284,202,197,268,301,65,154,226,90,95,158,114,227,197,200,240,278,168,230
"COG1808",173,52,128,123,166,168,116,71,153,51,9,119,66,60,183,177,62,21,157,170,138,33,152,110,27,112,107,39,140,90,92,158,196,61,131,21,136,217,19,125,171,121,111,133,59,118,98,65,124,145,156,67,100,124,139,134,0,102,119,100,119,63,186,70,165,151,53,108,138,202,78,103,166,147,96,127,38,8,160,90,90,94,135,189,135,228,31,129,130,89,85,149,77,211,135,119,184,222,106,187
"COG1811",49,49,108,43,46,31,105,66,35,40,20,34,20,56,56,38,28,23,56,38,23,102,60,106,73,21,57,29,25,143,18,46,24,94,21,47,39,21,32,36,43,29,112,81,95,26,25,166,23,37,21,61,72,24,38,70,119,46,26,12,29,51,28,36,44,42,51,27,98,63,40,21,26,29,20,33,22,79,45,40,62,108,30,47,58,39,57,30,13,31,39,23,14,19,24,28,27,44,18,44
"COG1814",20,1,21,18,13,101,2,37,49,7,0,16,3,3,20,18,8,1,8,14,12,5,6,28,7,3,0,2,7,5,4,22,11,0,68,0,39,13,6,70,42,29,8,30,43,35,3,116,15,17,11,14,3,33,14,10,0,10,26,7,5,8,7,18,17,1,3,8,34,9,15,11,7,50,1,12,1,1,40,5,10,24,12,9,49,75,3,3,3,6,13,6,6,23,4,24,11,24,16,22
"COG1815",3,30,14,12,17,13,6,26,5,6,1,38,14,3,11,9,28,15,3,4,2,29,17,6,7,38,9,2,30,5,8,3,19,23,12,22,14,5,20,12,10,17,6,12,7,40,13,3,14,11,21,21,32,13,7,7,56,11,6,22,11,43,6,37,5,11,46,12,19,7,35,10,17,20,31,11,42,7,6,19,18,4,23,6,13,7,16,4,3,29,34,11,70,17,19,26,4,7,26,16
"COG1816",14,153,34,32,25,19,28,49,20,52,3,31,18,24,26,25,30,28,33,9,15,96,32,43,24,83,13,28,50,28,12,15,21,28,22,31,35,42,43,82,16,37,25,26,91,16,74,122,56,25,38,35,33,13,33,11,96,50,29,25,46,81,22,35,11,53,84,25,25,14,63,109,48,66,59,63,21,32,13,13,32,45,15,9,43,24,105,14,44,78,35,31,74,23,21,31,24,16,32,49
"COG1817",28,0,0,3,52,0,0,0,51,0,0,0,5,2,72,69,2,0,12,13,0,0,5,3,2,8,16,0,11,17,1,13,0,28,0,0,0,22,1,0,0,31,19,4,0,0,0,0,0,0,2,16,19,63,0,24,0,6,8,14,3,0,9,1,5,64,0,31,0,4,0,2,19,0,3,0,3,0,0,4,0,0,11,55,23,40,2,23,6,0,19,44,2,18,18,6,43,71,0,53
"COG1819",137,44,55,102,83,167,8,31,120,28,52,48,51,37,77,81,39,7,160,83,105,18,54,77,170,84,20,52,58,90,66,125,89,45,202,3,79,151,37,105,165,95,46,82,26,86,104,91,85,115,62,82,52,105,77,43,19,65,78,40,29,60,107,66,84,36,71,45,120,145,88,45,45,162,106,93,46,15,127,47,49,14,85,126,103,82,28,86,90,65,51,83,47,83,59,69,130,60,104,83
"COG1820",429,343,384,303,359,402,305,297,354,270,61,244,229,260,382,379,206,108,319,299,308,292,230,224,287,431,169,139,301,390,199,299,272,398,333,149,185,402,112,306,394,302,335,192,268,313,351,279,232,309,212,204,348,319,349,298,278,340,216,228,214,158,373,189,279,362,268,189,360,277,375,138,313,365,357,315,205,432,389,259,220,350,225,355,335,264,245,302,238,270,215,331,253,317,302,287,290,384,266,311
"COG1823",5,14,25,4,1,29,80,96,23,21,3,2,9,3,3,3,15,14,33,24,19,47,58,23,13,23,38,8,3,2,13,5,1,3,10,57,5,4,12,12,6,5,24,5,49,9,0,30,20,15,4,5,5,6,1,5,116,21,5,10,7,5,12,25,2,1,65,11,14,20,21,4,5,21,3,2,4,24,7,0,16,50,2,12,46,7,18,11,5,16,1,10,4,11,4,5,12,11,27,17
"COG1825",150,68,96,92,108,94,55,67,116,121,157,78,113,34,131,125,98,132,112,122,109,47,112,121,141,91,88,100,97,70,139,121,109,73,132,75,90,138,65,88,120,135,67,99,85,163,71,78,117,105,94,44,108,145,121,80,24,91,123,146,94,65,106,96,109,104,68,124,51,100,90,90,103,116,105,106,138,74,110,83,68,91,117,151,111,107,117,106,184,89,86,114,88,138,82,102,139,164,111,108
"COG1826",12,12,21,3,16,20,44,88,20,52,10,7,12,8,5,4,11,4,54,27,5,43,18,17,19,23,28,6,1,59,6,9,0,3,10,68,5,10,13,7,22,8,11,11,9,9,1,17,9,6,8,11,5,10,15,8,137,14,10,2,9,4,7,36,4,9,97,0,16,35,26,4,2,25,18,3,11,13,9,2,11,5,0,13,28,5,5,10,13,27,2,4,6,5,1,10,10,5,16,11
"COG1827",23,128,33,33,53,7,91,18,24,38,4,48,30,37,35,37,42,38,28,28,20,126,51,54,8,61,51,48,43,73,29,51,33,42,31,37,52,10,48,56,20,30,53,47,64,19,66,70,85,37,53,42,47,19,50,46,41,52,25,26,59,82,45,31,21,72,75,29,30,44,62,26,54,44,50,62,26,69,20,55,86,74,31,21,38,14,107,48,16,80,46,46,71,33,39,53,29,39,57,56
"COG1830",154,54,124,114,149,182,11,112,144,40,19,56,53,27,229,116,55,23,118,192,137,25,134,157,24,65,98,12,52,81,54,139,71,36,205,59,176,262,7,77,252,122,90,144,24,136,110,14,156,110,121,90,69,194,177,84,128,128,139,71,93,40,108,114,89,135,130,95,173,74,186,71,123,89,62,118,19,31,267,41,45,44,94,206,191,139,30,86,74,80,67,86,69,146,162,145,218,190,139,165
"COG1832",0,0,5,0,0,9,1,20,2,12,4,1,1,3,2,1,2,2,12,3,2,11,2,7,3,4,2,0,1,2,0,2,1,0,0,6,0,0,5,4,4,2,2,1,0,0,1,65,0,2,0,1,2,1,1,0,26,5,1,0,2,0,3,10,0,0,23,0,12,3,5,0,1,5,0,1,2,8,3,0,0,1,0,2,0,9,3,0,0,4,0,0,1,0,0,0,0,0,2,2
"COG1834",9,3,6,10,11,0,1,26,16,3,6,6,3,37,15,2,11,2,15,17,28,69,16,13,1,3,6,5,5,4,4,6,8,3,7,0,8,13,7,1,21,15,21,22,4,4,8,2,11,15,23,28,6,15,6,7,0,11,2,6,6,6,3,6,4,12,5,3,5,1,8,10,2,12,7,9,1,11,15,8,11,8,9,8,5,2,5,5,3,4,13,7,3,18,17,19,27,14,27,9
"COG1835",364,37,173,208,230,249,122,362,314,494,128,191,99,114,223,245,131,36,163,221,267,138,181,146,117,148,194,53,273,106,255,273,290,144,171,108,225,215,78,286,218,257,193,158,138,261,207,305,131,242,171,114,175,345,162,147,75,143,168,130,135,179,278,256,201,208,106,193,191,163,139,181,182,264,125,155,168,44,176,147,148,261,259,225,172,252,74,193,198,163,193,404,112,233,204,186,169,289,225,243
"COG1837",25,54,10,33,28,8,69,13,12,64,9,53,14,67,11,31,25,35,13,17,8,75,54,37,8,35,22,21,39,43,23,20,27,50,24,11,20,10,31,34,9,15,45,26,51,26,26,65,28,33,29,75,39,7,23,49,19,30,12,29,47,46,19,39,22,45,26,11,17,19,35,68,37,25,42,31,25,59,11,70,63,61,28,19,31,13,51,42,19,40,72,41,45,17,26,31,15,19,28,47
"COG1838",215,218,294,155,225,194,118,206,199,117,298,215,430,94,222,190,250,377,265,231,181,208,229,171,450,279,248,326,184,188,312,208,210,202,240,272,176,239,244,174,304,189,152,236,224,199,242,127,227,216,236,168,240,201,246,164,261,221,305,281,204,149,220,172,268,201,274,291,186,269,255,149,225,256,247,264,244,165,235,216,244,132,222,266,321,221,264,188,395,242,167,191,262,259,204,215,301,225,179,204
"COG1840",92,125,143,82,91,137,334,90,66,66,18,72,56,178,146,80,82,56,176,132,88,210,153,126,45,117,111,75,62,58,55,65,60,70,103,55,90,48,76,83,111,82,121,131,120,78,25,80,120,111,90,91,70,31,88,94,247,80,92,99,94,68,56,104,91,72,75,58,324,110,68,71,62,33,93,80,75,41,99,166,105,215,83,94,130,105,69,121,62,75,131,83,42,78,65,97,69,71,110,49
"COG1841",9,23,16,22,13,14,26,31,9,32,6,19,10,16,21,14,20,13,21,15,16,54,23,34,9,30,20,19,12,17,20,19,16,17,10,20,26,10,16,21,14,19,52,22,26,17,27,46,24,25,16,42,18,8,12,33,26,17,15,16,22,24,30,28,27,13,29,10,20,18,14,13,16,23,19,14,23,25,10,42,27,54,16,9,23,30,27,22,8,23,36,21,14,17,24,23,13,21,17,29
"COG1842",9,39,3,11,4,11,0,36,16,29,8,33,7,4,15,11,35,9,38,6,5,68,15,14,14,36,13,9,13,8,14,9,10,23,26,50,18,5,33,25,22,25,4,14,31,10,10,6,40,11,14,16,24,12,7,1,82,16,4,5,13,39,6,30,3,10,55,2,6,8,18,7,16,10,33,8,7,5,4,10,29,1,3,7,17,8,20,4,5,38,22,12,13,8,11,10,11,4,9,32
"COG1843",2,63,15,21,14,12,3,55,8,13,7,59,28,1,12,7,41,10,6,5,6,101,19,37,7,34,7,13,40,2,14,10,27,30,17,24,21,5,23,41,14,18,8,21,20,45,21,6,33,7,37,29,46,11,14,8,58,10,21,14,28,53,15,46,6,51,71,3,3,8,27,14,32,29,31,22,54,7,4,27,36,9,31,4,27,7,33,6,4,76,49,20,83,16,18,24,4,9,31,20
"COG1845",4,1,1,0,0,16,0,27,5,5,0,0,4,4,0,2,7,0,17,5,2,0,7,13,5,1,0,1,0,4,0,7,0,0,6,30,1,6,0,4,5,1,9,5,0,0,0,2,0,2,1,12,0,4,2,0,66,10,1,3,1,0,0,22,2,0,28,0,8,3,14,0,0,16,0,0,5,8,4,0,0,0,0,3,7,1,0,0,1,16,0,0,3,0,4,0,1,8,0,8
"COG1846",245,496,233,257,426,236,454,241,304,260,61,307,175,236,389,271,240,209,383,227,200,515,388,457,155,407,219,169,371,398,209,286,265,368,344,219,325,283,276,288,278,293,333,287,356,303,384,746,497,284,182,208,229,196,173,225,309,254,173,124,153,231,192,223,124,220,298,177,221,228,202,173,197,252,239,266,144,295,167,183,190,264,171,232,205,243,300,200,104,255,265,204,327,163,238,209,224,176,316,195
"COG1847",39,207,79,77,78,53,273,86,35,260,23,118,34,171,55,66,99,76,75,57,53,154,114,105,29,114,76,85,102,131,101,77,80,128,52,94,84,31,122,94,39,76,153,87,173,82,128,272,134,92,100,140,109,37,78,170,55,104,47,61,167,127,78,104,65,90,107,53,54,74,82,145,98,65,119,111,63,178,34,148,125,235,82,43,88,70,201,114,34,95,158,85,109,72,115,78,52,46,106,94
"COG1850",4,0,18,3,7,14,1,3,7,6,0,1,0,16,1,2,0,11,0,1,1,23,0,0,0,4,1,6,1,1,0,3,0,2,23,1,0,2,7,11,3,3,0,4,8,3,0,9,0,4,5,0,1,0,0,5,19,0,6,3,26,0,3,0,5,4,7,2,23,2,7,11,0,5,1,0,8,0,3,13,2,3,6,1,1,3,7,3,4,1,1,9,6,3,4,4,3,1,0,1
"COG1852",21,4,19,7,1,8,43,0,56,4,1,1,8,2,6,7,2,0,8,23,14,22,8,29,4,2,21,2,3,4,3,8,5,0,1,9,4,4,6,3,23,11,36,6,10,15,2,5,14,16,1,10,1,1,6,5,0,4,4,6,1,1,6,1,22,3,1,17,20,15,0,5,1,5,3,6,0,1,4,5,5,14,2,13,13,10,0,2,9,0,1,0,7,9,1,1,11,4,9,4
"COG1853",236,258,190,215,228,201,131,122,216,107,260,291,315,287,243,164,232,265,314,201,182,172,330,295,171,230,213,272,207,242,345,240,212,220,246,202,248,217,267,172,311,196,217,281,243,230,348,189,242,263,292,226,244,194,265,254,166,229,234,265,284,240,298,247,220,184,231,255,217,258,287,296,251,323,316,300,260,207,259,309,252,215,229,321,215,298,346,257,327,255,320,235,275,267,237,263,308,163,262,207
"COG1854",132,100,83,82,131,19,73,68,79,118,127,105,133,60,98,79,122,131,101,66,56,106,97,87,100,114,110,127,119,82,96,99,94,133,42,113,73,58,131,76,46,76,72,78,117,75,95,105,110,78,78,58,99,68,68,65,93,82,79,94,77,91,103,91,84,83,101,112,28,76,83,49,94,106,106,66,126,139,55,106,79,106,106,98,74,77,134,83,113,111,109,95,118,92,99,80,93,93,86,105
"COG1857",0,14,0,9,8,0,0,2,1,3,0,21,1,2,0,0,19,1,0,2,1,79,2,4,0,21,2,41,2,8,2,3,5,20,0,57,1,1,8,7,0,5,2,0,0,0,2,11,19,18,10,6,7,1,1,2,0,3,0,0,1,5,2,2,13,11,11,7,0,2,0,3,5,64,9,4,7,171,2,26,6,1,3,0,7,4,19,3,3,44,11,14,47,1,2,1,0,1,4,29
"COG1858",68,9,48,39,38,148,3,136,81,25,11,23,29,24,26,41,37,10,73,38,27,39,61,39,42,105,14,4,40,14,50,54,31,20,75,51,59,75,17,112,62,48,19,63,12,47,4,7,28,75,46,69,33,62,28,24,126,36,55,47,40,13,101,79,73,28,110,31,45,98,64,31,16,166,97,33,17,16,77,47,33,2,48,68,77,116,14,33,93,83,24,39,31,59,22,35,32,47,23,73
"COG1859",2,13,7,2,5,7,1,62,9,7,9,10,5,5,14,4,8,1,13,40,6,26,15,35,5,8,2,2,26,3,4,5,15,0,17,31,5,5,5,15,16,9,8,9,0,5,7,3,10,9,2,27,3,7,2,8,70,5,5,11,5,13,13,21,3,2,55,4,11,20,13,3,10,13,8,3,6,20,4,4,4,5,9,7,4,5,10,7,3,6,60,32,5,5,1,5,2,5,25,8
"COG1861",15,37,15,84,70,40,1,37,28,13,3,16,1,4,19,21,9,3,24,32,51,1,16,21,2,6,4,2,35,37,3,10,34,14,43,0,46,11,2,35,16,21,22,21,0,19,2,4,9,17,45,11,22,61,45,10,1,4,11,17,8,8,3,14,39,40,1,15,4,19,0,31,37,1,10,39,0,0,6,4,9,0,28,28,14,72,2,6,2,23,10,26,7,28,34,54,29,38,12,9
"COG1862",110,56,78,70,129,57,60,61,103,20,67,61,88,62,99,88,48,99,67,67,48,66,133,107,65,66,78,98,81,81,83,73,75,81,101,61,62,97,66,84,69,74,80,99,93,47,67,87,74,72,55,46,69,95,83,112,32,36,75,80,95,62,109,60,72,79,53,66,43,108,69,75,62,92,66,67,90,55,63,49,71,64,98,129,76,110,47,64,101,62,63,102,110,49,101,82,123,108,88,82
"COG1863",10,1,6,2,3,0,2,4,2,0,1,2,2,8,6,6,9,1,3,5,3,0,5,15,3,0,2,0,5,11,1,11,3,3,4,2,10,0,1,2,2,10,5,16,0,4,0,1,0,12,4,12,1,2,10,6,13,7,5,4,10,6,9,6,11,2,0,2,16,1,1,4,5,0,0,3,0,1,5,3,7,0,5,6,7,2,4,3,1,1,5,4,0,5,2,4,1,4,5,3
"COG1864",191,24,235,165,171,222,1,83,196,12,253,82,271,67,145,217,222,155,115,214,144,16,182,158,269,83,309,154,180,82,148,147,201,183,160,179,161,136,198,145,117,135,76,210,101,165,128,9,89,146,129,61,137,178,111,190,1,122,183,176,148,137,207,117,221,167,40,317,130,204,84,153,184,154,125,89,171,3,94,109,151,17,131,170,146,246,29,162,250,91,120,147,148,213,110,153,127,211,89,124
"COG1865",7,19,10,3,4,1,6,4,5,3,1,3,2,9,16,4,8,8,7,7,11,26,15,26,7,9,0,7,3,13,3,3,3,12,2,0,12,0,4,18,12,12,1,36,9,14,7,42,2,10,4,10,4,9,3,12,0,6,2,9,13,8,6,0,11,5,5,0,46,3,3,12,9,2,0,8,8,2,1,4,14,3,6,6,14,7,25,7,4,4,1,11,1,6,11,6,7,10,4,18
"COG1866",372,327,347,262,401,230,244,175,311,145,572,363,447,307,344,343,486,495,308,333,263,273,338,255,461,407,445,566,266,356,411,330,249,395,317,339,299,406,444,280,341,326,282,296,394,264,335,225,396,321,316,276,395,272,346,296,189,267,371,392,378,358,313,311,339,350,272,422,188,367,366,236,356,276,370,383,440,286,326,347,353,247,363,384,336,257,407,312,502,386,323,307,355,355,271,357,379,366,330,290
"COG1868",15,67,27,18,25,28,8,52,13,9,12,70,44,10,22,16,46,33,7,4,13,197,19,25,8,57,15,18,52,6,24,15,40,47,49,56,41,9,45,32,10,46,16,27,33,36,28,7,64,21,38,41,98,25,18,16,92,20,24,39,43,93,15,51,6,40,71,21,38,17,38,8,28,30,67,23,78,10,5,40,45,5,37,5,30,23,53,7,11,84,104,31,112,33,22,38,24,11,42,43
"COG1869",9,6,19,7,3,33,6,49,23,23,10,8,18,9,12,5,12,6,29,9,14,15,19,35,10,7,6,6,1,13,8,11,3,5,16,33,14,2,8,14,16,5,17,18,4,18,4,29,6,16,7,15,6,10,7,8,89,25,6,13,15,4,8,23,5,5,49,4,60,13,9,8,10,18,7,9,40,21,17,10,13,9,6,14,28,9,17,4,7,7,5,7,7,11,7,4,9,8,7,12
"COG1871",5,42,13,6,14,6,6,5,4,0,4,35,8,21,7,11,33,11,4,3,3,65,8,8,1,25,9,3,25,4,9,7,17,27,17,3,17,2,25,10,4,19,6,12,12,55,17,1,38,15,23,11,46,7,8,3,17,12,20,17,16,46,10,36,5,9,11,16,14,6,10,9,12,14,55,15,16,1,3,33,30,5,14,0,13,6,21,3,7,42,56,15,35,12,8,15,9,3,11,19
"COG1872",1,0,8,0,5,7,0,29,1,0,1,0,5,3,1,2,2,0,7,8,2,17,1,3,5,5,1,0,0,0,10,2,0,1,6,16,8,0,3,2,8,0,7,5,1,1,0,2,2,2,4,15,2,3,1,0,21,3,0,3,1,0,0,12,1,0,13,0,2,2,6,0,0,5,0,0,5,7,2,0,0,0,1,2,1,1,1,1,2,2,0,0,3,0,1,0,0,1,0,4
"COG1873",23,46,9,33,26,6,17,7,5,20,7,31,13,64,9,26,25,19,13,6,7,40,17,38,0,42,12,11,37,47,30,18,26,48,6,8,26,8,24,34,8,16,37,20,16,26,45,25,25,12,35,62,42,17,21,39,15,18,6,19,32,67,27,30,12,26,29,10,5,7,25,49,19,21,34,29,19,32,8,60,28,19,21,24,13,13,34,16,5,47,61,35,60,12,14,35,11,11,17,21
"COG1874",596,692,601,640,622,793,639,440,639,1049,388,454,419,303,621,464,343,680,845,782,709,447,392,368,246,530,417,395,612,349,525,520,560,343,784,277,833,805,506,857,1272,513,569,426,372,764,696,495,548,663,341,299,306,515,439,213,60,460,310,515,249,278,529,327,358,304,219,284,471,397,398,327,327,313,577,430,230,553,647,250,335,341,420,337,404,418,364,346,330,271,257,293,348,437,290,467,440,331,406,346
"COG1875",130,35,63,155,86,192,12,43,98,27,6,44,17,37,98,107,45,6,58,105,128,60,59,76,9,49,16,12,114,44,67,99,126,35,114,0,114,112,13,123,89,120,66,82,32,110,81,20,71,107,85,38,39,128,119,96,36,77,74,62,56,115,66,46,105,80,7,46,118,49,39,169,81,60,54,92,10,3,74,41,58,62,114,67,88,129,19,104,26,20,75,94,31,72,44,79,61,110,76,105
"COG1876",50,104,32,104,50,7,39,35,27,57,19,162,46,211,20,62,82,41,45,38,32,61,57,76,11,79,46,75,108,181,71,49,100,119,33,22,67,9,124,47,25,30,115,97,66,62,78,249,60,45,131,127,150,14,83,107,64,55,75,60,136,181,104,125,46,81,90,24,33,27,64,204,152,45,113,93,97,156,15,120,75,21,86,60,31,59,170,72,15,107,231,147,117,35,69,92,28,21,43,94
"COG1877",93,35,60,54,82,49,4,40,132,16,5,32,40,20,118,120,28,5,78,120,214,46,78,83,15,30,40,9,69,61,58,121,81,24,109,30,56,172,4,27,158,118,45,89,9,71,131,4,90,78,96,42,50,175,105,40,76,111,89,59,45,40,56,91,47,47,76,42,79,89,93,77,62,50,23,112,8,18,160,17,29,18,110,135,123,54,8,120,63,50,33,69,54,94,160,123,168,88,157,101
"COG1878",17,62,40,29,20,23,44,17,34,12,5,22,17,46,39,27,35,12,23,20,21,96,59,42,8,34,12,29,37,21,30,30,19,37,33,5,33,20,32,58,24,39,112,47,34,26,44,46,87,34,25,99,20,9,19,62,49,34,28,10,58,39,41,14,37,43,45,18,35,16,16,25,32,16,22,40,26,34,27,21,34,73,29,28,30,36,59,47,27,52,23,33,43,22,16,36,12,17,26,41
"COG1879",608,1095,852,404,676,781,593,594,808,604,724,744,767,525,611,544,973,626,808,442,541,569,657,627,976,739,876,847,567,836,542,553,538,773,799,861,579,541,692,882,650,639,593,562,411,734,823,1136,619,503,623,609,763,594,538,568,1556,1117,722,578,554,632,491,685,533,528,1098,1116,851,610,645,344,501,857,580,647,916,1815,746,832,692,549,598,631,817,518,997,581,691,739,614,517,1212,468,660,663,545,544,623,568
"COG1881",7,8,11,2,10,6,72,95,9,149,3,0,7,4,1,9,8,3,70,12,10,35,20,13,5,18,3,1,2,7,2,6,2,6,5,50,10,14,4,5,11,4,14,12,30,4,0,11,3,12,8,15,9,6,5,6,53,22,9,12,8,3,13,20,10,5,49,1,31,9,10,1,0,25,7,1,3,25,7,3,3,47,1,4,25,3,4,9,5,19,7,20,4,5,1,8,9,9,2,13
"COG1882",738,807,648,627,609,858,1047,847,676,674,542,574,546,493,662,619,668,511,702,622,653,600,640,562,722,623,650,647,510,694,514,672,517,640,815,698,471,653,534,670,734,656,767,620,509,567,645,916,817,735,622,802,720,492,782,615,938,803,637,546,531,629,477,634,639,692,842,540,606,527,895,731,674,682,627,747,443,809,823,663,577,808,586,633,883,640,833,638,662,612,578,504,525,540,555,569,743,563,610,691
"COG1883",526,305,301,469,386,415,170,153,385,61,242,405,300,508,450,529,285,277,341,418,491,165,285,361,273,413,218,269,464,460,367,505,415,239,350,137,398,425,217,480,323,437,414,354,259,378,301,109,364,454,431,335,327,472,477,342,98,344,400,353,472,404,428,326,446,441,227,303,389,345,390,302,454,361,398,360,271,185,336,452,369,107,454,443,333,385,308,429,367,335,359,477,351,469,447,378,336,450,368,415
"COG1884",449,167,410,414,363,387,625,307,546,58,49,306,278,264,511,631,194,100,375,688,568,120,395,411,153,299,347,118,290,333,330,493,501,164,406,185,407,388,34,337,378,502,249,487,115,394,260,62,367,531,309,188,238,499,478,367,124,319,322,271,332,222,486,280,580,427,174,330,374,590,320,302,417,475,304,296,97,39,568,293,261,44,441,491,538,472,70,367,377,277,273,418,202,541,327,377,469,511,450,411
"COG1886",17,59,28,17,16,23,4,40,13,18,5,48,18,4,4,6,29,19,4,13,10,120,25,9,9,42,9,6,55,6,20,10,20,16,40,21,28,6,37,31,19,12,8,16,9,26,37,5,13,15,20,19,41,22,10,14,229,43,23,17,18,52,8,30,13,29,73,11,69,4,43,15,25,19,36,20,47,12,11,21,27,8,23,12,32,16,28,6,2,58,27,12,89,15,12,16,7,3,42,58
"COG1887",138,249,70,183,359,77,160,197,151,90,167,288,51,205,90,143,383,303,104,29,96,29,214,146,274,237,217,91,255,237,316,261,295,280,189,174,243,92,368,241,32,172,97,149,97,129,325,281,156,172,315,367,272,136,183,115,27,292,202,178,398,343,75,138,124,174,172,82,120,75,67,203,209,132,175,228,276,448,68,204,182,163,188,96,89,195,384,473,315,178,193,185,119,129,397,150,38,87,165,199
"COG1892",0,2,0,0,0,0,0,0,0,0,0,0,0,0,0,0,2,1,0,0,0,0,0,0,0,0,1,0,0,0,0,0,0,0,0,0,0,1,1,0,0,0,0,0,0,0,0,0,0,0,0,0,0,0,0,0,0,1,0,0,0,1,0,0,0,0,0,0,0,0,0,0,0,0,1,0,0,0,0,0,0,0,0,0,0,0,0,1,0,0,0,0,0,0,4,0,0,0,0,7
"COG1893",225,175,156,223,227,173,247,126,252,149,28,154,115,169,278,252,123,85,162,218,181,218,164,166,58,223,143,132,231,228,175,204,204,130,183,99,220,205,98,221,217,196,269,184,241,131,168,161,245,162,211,123,159,164,220,183,98,182,194,112,178,219,214,180,164,220,174,116,188,152,261,214,223,251,202,207,62,97,224,191,162,154,167,265,208,144,227,180,173,274,194,208,128,191,203,198,211,254,239,224
"COG1894",134,284,169,160,83,189,319,162,192,136,33,160,71,285,190,103,117,60,148,180,167,260,169,219,36,157,126,85,229,169,157,142,108,99,196,96,225,158,96,139,175,183,316,165,139,233,165,260,211,226,193,374,144,107,145,204,236,283,168,141,262,129,180,172,166,104,174,118,308,140,116,106,148,111,186,148,88,377,176,268,154,118,143,96,197,179,240,211,117,180,218,131,128,235,258,195,101,200,173,190
"COG1895",74,47,26,42,70,40,9,13,106,18,163,48,57,6,75,38,37,77,18,67,102,6,99,41,91,30,59,30,78,34,75,40,43,127,70,93,35,91,52,25,62,48,22,55,11,108,91,14,42,32,44,54,75,117,64,58,11,60,19,86,38,24,39,38,21,27,27,158,31,35,33,19,39,60,35,59,95,70,57,11,28,26,35,61,58,57,36,42,24,25,47,64,56,57,48,62,51,48,76,15
"COG1896",27,126,48,105,76,33,52,180,49,65,25,137,29,206,53,76,90,90,73,38,47,138,84,125,24,71,16,65,130,123,77,90,76,128,56,79,101,39,93,147,68,58,116,93,92,28,135,179,115,95,115,168,120,43,86,79,230,84,61,53,143,177,79,92,76,124,178,36,71,57,73,117,83,87,133,126,72,184,31,142,127,104,75,55,68,53,123,113,29,120,115,97,126,66,99,70,44,52,96,88
"COG1897",169,194,201,185,159,138,260,116,148,234,221,167,193,144,154,163,220,219,175,177,150,301,193,151,219,190,231,255,209,151,220,161,170,193,132,265,164,147,181,197,137,161,228,175,247,198,201,248,210,145,163,156,217,143,165,157,126,140,186,181,205,192,209,151,180,169,174,191,130,217,166,126,176,180,216,173,246,178,149,170,216,242,178,178,133,108,184,174,224,185,181,194,214,134,179,159,151,174,160,160
"COG1898",328,169,287,313,320,401,108,229,320,196,427,202,225,276,273,226,220,373,251,262,270,206,232,314,370,177,189,230,219,256,326,299,257,277,390,125,355,274,395,474,349,357,222,380,238,288,229,167,268,261,236,168,235,351,269,205,85,172,320,277,227,286,333,242,269,187,113,308,258,161,208,341,242,235,196,237,151,142,286,261,283,314,266,332,242,242,169,246,263,157,264,321,197,237,193,298,333,266,268,278
"COG1899",0,0,0,3,0,0,0,1,0,0,2,3,0,1,0,2,0,0,0,0,4,0,10,1,0,0,0,0,1,0,1,2,0,1,0,0,0,0,1,0,0,1,3,3,0,1,0,0,0,0,4,13,1,0,0,2,0,0,1,1,3,0,4,0,2,1,0,0,0,0,0,4,1,1,0,0,3,0,0,0,1,0,2,0,0,46,0,2,0,0,1,0,0,0,0,1,1,0,0,0
"COG1900",0,0,0,9,1,1,1,1,2,0,0,2,2,0,0,2,2,1,0,5,1,0,8,6,0,0,0,1,0,3,0,4,7,3,0,0,1,0,0,2,0,0,4,5,0,1,0,0,0,2,5,10,0,1,4,4,0,0,3,0,3,1,7,3,1,0,2,1,0,1,0,5,0,3,5,0,0,0,3,2,2,0,1,0,10,40,0,3,2,0,2,4,1,3,1,7,1,5,2,2
"COG1902",227,383,218,232,319,238,249,461,279,522,43,236,159,453,283,327,158,173,463,271,269,344,366,364,122,341,111,151,428,528,225,388,256,168,213,356,266,194,211,184,265,274,555,259,385,217,302,496,258,410,480,532,207,236,337,315,499,478,297,211,290,240,331,270,320,315,404,179,314,276,281,223,289,283,224,385,144,417,233,303,224,530,289,283,280,252,594,377,172,279,301,300,376,224,408,250,203,269,287,342
"COG1903",172,197,149,115,186,103,230,44,212,59,14,100,62,95,229,288,59,81,126,193,246,74,99,145,26,113,99,65,190,246,125,227,162,95,127,47,159,132,89,163,139,266,143,160,100,197,183,93,167,164,128,115,122,215,176,124,27,152,136,80,138,144,84,172,91,236,98,124,157,96,209,133,123,135,122,170,50,125,176,158,121,117,165,161,185,84,135,121,65,105,130,180,121,113,196,173,181,161,204,206
"COG1904",241,154,156,260,213,238,83,102,232,65,265,222,290,164,267,275,169,276,220,182,224,140,231,186,291,195,200,309,269,455,262,224,206,126,215,236,223,231,194,196,223,248,236,193,187,202,171,75,206,213,191,141,190,254,218,179,128,203,267,275,189,146,159,201,247,238,163,255,175,198,216,145,245,228,215,218,174,40,196,226,186,227,251,256,223,165,207,199,309,185,189,217,159,218,301,225,224,267,189,250
"COG1905",56,70,54,72,42,113,55,62,47,61,21,43,10,108,86,28,25,16,52,49,35,27,86,116,6,26,35,22,66,67,60,49,30,16,81,28,57,71,17,56,80,43,166,79,19,62,85,89,52,68,85,135,22,58,54,71,129,101,51,40,95,30,63,48,44,32,54,46,152,46,47,58,38,44,30,63,24,98,84,46,41,41,56,61,56,76,65,48,27,26,71,51,56,52,56,55,57,98,48,42
"COG1906",14,17,30,5,18,19,34,4,20,1,1,5,7,2,39,14,8,3,7,4,15,20,19,24,11,14,2,5,16,21,5,16,7,5,15,6,17,27,5,19,32,11,14,24,4,9,1,0,4,19,11,7,6,5,10,13,33,29,10,17,20,15,6,9,29,14,6,4,82,8,0,12,10,2,6,9,4,0,22,3,7,13,14,33,25,12,11,4,6,4,18,3,5,6,6,11,10,6,18,14
"COG1908",1,7,11,14,6,12,2,4,0,7,3,4,5,44,22,5,2,1,11,15,14,10,7,12,2,3,3,4,10,9,3,13,7,2,4,4,12,2,6,12,19,7,7,11,4,10,11,15,10,23,2,19,4,8,2,6,0,12,6,9,3,9,3,7,15,10,7,3,28,3,3,12,7,7,8,5,4,24,20,18,8,7,5,2,19,12,19,14,4,5,11,3,7,15,4,8,6,2,13,11
"COG1910",3,20,5,2,4,4,9,3,5,6,0,8,6,23,4,15,10,9,3,9,2,0,10,13,8,5,8,3,7,21,5,13,3,3,10,0,13,11,8,8,5,6,8,7,3,7,14,55,14,5,6,17,1,1,1,12,0,16,2,4,5,3,8,5,1,14,11,4,1,4,2,2,2,16,1,8,6,48,4,2,4,3,7,1,3,1,21,13,3,2,7,5,6,6,5,15,5,3,9,9
"COG1912",1,5,1,1,0,0,2,7,14,13,1,3,0,25,0,1,6,5,0,1,1,4,1,15,10,1,2,0,0,4,0,1,2,0,2,0,1,1,8,4,10,1,1,4,0,3,1,19,0,0,0,17,2,9,1,0,11,10,1,0,1,1,1,0,3,0,8,1,13,4,0,1,1,1,0,3,0,3,3,1,0,2,0,4,4,12,3,1,0,0,0,3,1,2,0,0,0,0,0,1
"COG1913",13,1,5,0,0,0,0,0,0,0,8,0,49,0,2,0,78,77,1,0,0,0,4,2,26,2,77,32,0,1,43,0,6,0,0,45,1,3,61,0,0,0,0,12,17,0,0,0,0,0,0,0,1,15,0,1,0,2,0,0,15,2,0,1,7,0,1,47,0,3,0,1,0,6,0,0,1,0,0,2,0,0,0,0,1,2,0,3,2,0,0,0,1,0,9,1,0,0,0,0
"COG1914",141,107,166,180,121,148,258,201,143,309,18,80,59,75,163,130,77,63,147,148,129,175,110,145,67,174,117,53,152,76,68,180,178,66,153,102,161,194,70,160,139,138,143,146,146,111,124,282,122,132,90,35,51,100,107,90,120,116,74,59,54,52,100,56,127,100,84,50,107,118,80,49,115,140,58,84,12,68,94,63,75,168,103,97,111,122,40,96,100,72,42,86,50,116,81,76,125,120,93,89
"COG1915",15,2,9,4,2,11,11,9,10,1,1,4,2,49,14,8,4,3,1,5,4,1,10,7,1,4,1,0,10,11,5,10,7,2,13,0,12,2,3,14,25,8,27,15,0,9,1,0,3,11,5,52,2,3,13,4,34,17,9,3,29,4,30,8,11,3,2,2,28,1,3,2,4,5,2,14,1,0,1,7,9,21,6,2,4,8,4,7,6,8,4,10,5,8,4,5,2,6,4,10
"COG1917",270,190,186,251,265,255,133,161,245,40,60,215,152,183,327,277,96,221,190,243,260,192,236,228,135,183,110,159,253,169,195,236,260,201,266,101,239,257,124,237,209,281,203,223,169,235,215,111,225,201,193,140,214,238,202,288,28,164,192,194,290,222,262,194,269,260,121,154,165,199,163,170,203,215,156,236,123,194,187,162,168,257,206,303,239,251,117,221,141,210,266,268,256,246,226,225,201,199,235,252
"COG1918",318,407,219,242,287,199,163,137,241,108,405,396,397,241,316,381,354,455,289,266,164,310,297,239,535,421,289,332,310,309,383,317,270,313,81,295,317,249,398,262,363,296,315,280,304,245,181,234,241,413,354,225,298,194,277,308,103,210,348,397,354,292,296,272,334,459,241,369,52,228,219,235,368,286,386,268,486,349,164,377,309,221,318,331,236,296,466,327,402,329,334,329,364,432,327,241,249,332,264,398
"COG1921",6,14,28,12,3,56,6,77,37,35,6,8,21,66,20,12,15,13,89,14,23,28,50,28,14,32,7,5,12,15,10,27,8,10,26,56,13,7,20,25,43,17,46,24,64,14,17,87,6,46,8,28,3,12,14,25,177,41,16,37,16,10,26,57,18,13,88,27,96,19,44,15,5,30,8,16,6,26,53,18,10,61,26,17,31,10,37,51,6,22,6,9,10,36,13,11,5,16,4,19
"COG1922",81,120,153,105,163,77,99,90,179,52,143,89,376,65,155,109,162,31,93,149,176,108,100,108,183,98,135,73,87,79,195,116,123,129,201,170,72,223,193,71,243,144,117,168,223,92,168,89,93,65,132,96,116,145,86,125,95,87,92,65,104,56,95,98,115,97,87,56,159,103,105,168,112,132,99,117,121,53,268,45,121,81,83,201,144,180,35,80,88,67,67,72,104,104,93,146,214,123,161,58
"COG1923",6,6,8,6,11,7,9,32,10,3,8,7,29,46,5,3,13,8,28,8,10,16,32,27,4,10,15,8,8,11,7,12,9,9,3,25,17,5,14,7,10,6,22,25,6,3,0,7,8,6,17,35,11,3,6,17,38,7,6,6,19,8,12,16,15,9,24,8,18,9,8,14,7,9,16,2,65,7,5,18,11,4,13,10,7,10,3,8,9,11,23,14,6,1,6,10,12,16,6,7
"COG1924",160,836,271,326,310,260,785,246,149,496,166,429,670,430,251,265,361,848,253,299,233,850,351,348,110,436,264,561,367,422,527,280,327,376,221,500,375,141,520,408,195,301,436,421,558,272,463,429,559,391,275,367,278,98,194,322,160,259,210,227,339,457,188,283,191,263,312,101,181,161,272,396,205,169,316,312,216,330,97,317,390,576,280,142,259,89,508,257,182,426,346,225,339,183,202,244,161,90,290,239
"COG1925",89,193,80,70,123,57,165,343,100,127,34,131,63,94,64,66,123,73,130,85,63,208,107,162,38,174,63,87,119,193,78,70,103,122,73,235,71,35,112,131,74,71,117,75,107,147,109,161,140,80,100,146,113,85,95,110,578,132,81,64,93,155,63,225,58,97,373,59,109,127,192,56,104,146,131,132,67,207,72,112,115,94,84,84,104,56,195,106,40,197,174,114,165,57,90,117,68,61,99,114
"COG1928",5,10,0,33,20,1,3,1,0,0,0,59,2,82,5,9,39,18,3,3,13,1,18,12,0,26,2,15,33,35,23,15,38,46,2,1,22,0,19,23,1,27,28,31,0,53,5,2,10,8,30,62,32,2,4,13,0,24,27,18,24,40,9,44,14,12,6,3,2,8,21,24,21,11,38,6,15,0,0,65,31,5,24,8,4,1,9,3,2,20,32,10,2,4,18,19,5,3,17,16
"COG1929",144,177,120,159,143,145,287,151,132,249,211,125,169,116,188,177,192,213,160,176,135,120,140,143,270,162,148,190,169,94,120,172,168,156,88,181,145,132,135,133,111,194,199,121,178,195,170,261,118,138,118,95,108,176,130,109,217,148,141,160,123,142,118,133,125,151,188,132,118,124,127,86,124,144,121,141,123,217,120,122,161,188,145,92,134,147,182,151,91,103,104,137,160,137,161,101,113,131,190,129
"COG1930",2,5,1,0,0,0,0,0,0,1,0,1,1,0,0,0,0,1,3,1,0,0,0,0,0,0,1,0,3,6,0,0,2,1,0,0,1,0,0,0,1,0,2,1,0,0,2,1,0,2,0,4,0,0,1,0,0,6,2,0,1,0,0,0,0,0,0,0,0,1,0,0,0,0,0,1,0,1,0,0,1,4,0,0,0,0,0,1,1,0,0,0,0,0,1,0,0,0,1,0
"COG1932",210,183,238,224,208,155,348,164,184,266,185,287,237,298,225,260,187,288,186,224,175,240,237,261,266,219,165,232,235,267,242,224,213,249,166,168,192,227,196,191,192,160,286,237,216,168,243,207,230,211,245,204,269,187,176,207,142,188,225,216,256,242,253,208,233,235,170,185,129,213,208,163,206,151,250,218,188,183,147,242,267,230,240,241,179,203,234,286,227,182,253,255,172,231,223,232,228,210,225,214
"COG1934",2,2,9,2,8,8,1,42,3,9,6,0,20,4,4,3,10,0,29,8,2,21,9,12,8,12,0,0,3,2,1,2,0,8,9,28,5,3,1,5,12,5,3,5,5,0,0,5,1,2,6,9,2,7,4,3,60,7,5,1,7,1,5,16,6,11,37,0,7,8,16,5,0,7,6,3,38,7,2,0,0,0,0,3,8,1,3,2,7,12,2,3,1,2,3,1,3,4,5,9
"COG1937",18,98,48,58,46,31,128,82,18,120,12,59,29,112,50,24,59,41,51,31,21,48,46,65,29,79,61,45,63,49,38,41,49,55,32,65,37,19,63,54,22,39,99,47,41,30,58,102,81,52,59,75,79,21,38,83,91,70,31,39,87,76,47,68,43,67,107,41,44,47,63,70,94,56,65,60,39,133,31,72,71,141,55,27,43,31,108,75,28,88,82,70,93,28,49,59,42,26,53,60
"COG1939",31,113,48,46,40,28,80,14,17,43,18,95,31,114,50,42,58,36,35,35,26,155,45,71,13,80,43,56,78,75,48,43,67,85,31,33,47,13,53,64,17,41,63,45,89,64,55,113,71,40,57,97,82,26,51,87,29,44,27,53,83,82,33,58,32,65,59,34,46,26,52,120,57,40,70,62,43,62,18,113,75,76,40,34,47,22,100,60,22,81,102,52,61,42,59,64,31,30,38,49
"COG1940",685,578,522,722,742,901,1150,1051,702,2038,732,651,889,660,651,756,799,602,709,572,637,703,651,628,423,710,807,409,788,716,742,699,746,540,605,875,669,661,922,713,598,703,733,684,756,752,639,1084,533,716,596,617,511,728,569,753,922,768,562,580,552,638,840,713,778,801,721,973,813,696,602,684,658,789,583,561,705,1097,533,748,608,1394,617,673,600,918,640,776,533,610,584,896,752,693,615,664,522,752,500,787
"COG1941",0,0,0,0,0,0,0,0,0,0,1,0,0,3,0,0,0,0,0,0,0,0,0,0,0,0,0,0,0,0,0,0,0,0,0,0,0,0,2,0,0,0,0,0,0,0,0,0,0,0,0,17,0,0,0,0,0,0,0,0,0,0,0,0,0,0,0,0,0,0,0,0,1,0,0,1,0,0,0,2,0,0,1,0,0,0,0,2,0,0,0,0,0,0,0,0,0,0,0,0
"COG1942",2,0,1,0,2,5,0,1,1,11,1,1,4,2,0,0,4,0,7,1,3,18,6,2,1,0,2,0,0,1,2,6,0,0,4,13,2,3,2,5,6,1,2,5,12,3,1,16,1,0,0,0,5,3,3,4,24,3,1,0,2,1,1,9,2,4,14,3,1,1,5,4,0,6,3,2,0,3,2,1,2,1,1,1,3,3,1,0,4,4,2,0,1,0,2,2,0,1,2,2
"COG1943",56,293,207,181,155,97,1296,322,37,212,56,133,66,192,133,104,162,120,135,202,88,648,308,296,54,225,550,93,185,175,159,109,126,141,75,199,143,55,116,145,129,101,560,108,224,116,146,483,349,249,93,249,111,102,55,240,278,240,82,115,130,145,152,150,74,103,183,78,156,299,106,281,158,137,124,96,76,365,87,265,207,366,182,104,240,221,303,180,146,158,198,144,125,108,179,168,256,116,238,114
"COG1944",3,1,7,1,1,18,1,42,12,17,5,2,26,6,1,3,20,8,23,22,2,5,5,17,18,18,5,0,1,1,2,0,1,2,3,31,0,181,3,9,10,4,8,2,3,0,0,18,1,2,1,32,0,8,2,0,87,8,2,0,2,18,25,24,2,4,72,1,13,9,10,139,1,18,4,2,35,8,4,4,1,1,2,12,26,73,1,2,1,17,0,0,3,1,3,0,26,7,0,46
"COG1945",1,0,0,0,0,1,1,0,0,0,0,1,0,0,0,1,1,0,1,0,0,0,0,5,0,0,0,0,0,0,0,2,2,0,0,0,5,1,1,6,1,2,0,3,0,1,0,0,1,0,0,7,1,2,1,1,0,0,2,0,1,0,0,1,1,1,0,0,0,1,0,1,0,2,0,2,0,0,2,1,0,0,0,1,0,0,0,0,0,1,0,0,1,1,0,1,0,2,0,0
"COG1946",2,0,0,0,0,16,23,41,9,101,2,0,3,2,1,3,2,2,23,4,3,3,3,7,8,7,1,3,0,0,1,1,0,2,3,49,0,3,2,8,5,0,4,1,11,0,0,13,1,0,0,9,1,7,1,0,55,12,1,0,2,0,26,19,6,4,39,0,6,13,5,0,1,8,2,0,1,11,5,1,1,41,0,2,3,0,3,9,1,7,0,11,2,1,6,0,2,0,0,5
"COG1947",125,229,171,174,115,151,331,159,106,239,203,180,181,219,152,139,217,192,147,144,135,224,187,193,206,201,209,218,207,186,181,143,170,206,106,182,146,136,210,148,116,169,188,192,220,142,150,207,205,190,209,174,176,139,164,172,115,181,167,161,213,186,185,195,184,168,180,184,94,235,132,137,174,148,200,160,218,201,76,184,229,242,164,134,166,132,223,203,224,180,177,206,188,180,170,158,136,141,169,169
"COG1949",2,3,12,1,4,10,45,55,7,88,1,0,10,2,5,4,8,3,24,10,2,28,14,8,18,13,0,4,1,3,2,3,0,1,6,58,1,10,6,5,6,5,5,4,13,1,0,12,3,1,4,11,1,11,7,2,76,14,7,4,4,1,16,13,7,5,47,1,13,11,10,3,0,8,7,2,5,11,1,0,1,46,3,5,3,0,1,10,4,13,1,10,1,1,4,1,4,3,1,12
"COG1950",0,0,4,4,0,0,0,12,1,5,1,0,0,5,0,1,0,0,0,0,0,44,2,5,0,1,1,2,0,0,3,0,0,9,0,1,4,0,2,0,0,0,13,0,13,0,1,20,0,1,0,6,8,0,0,3,1,1,0,0,2,4,1,0,4,0,0,0,0,1,0,40,0,0,1,1,1,3,0,4,0,10,0,0,0,0,0,4,0,0,0,0,0,0,1,0,0,0,1,0
"COG1951",261,324,351,207,284,223,159,273,252,129,308,294,417,140,244,227,298,404,292,279,226,273,237,253,435,342,307,387,202,252,316,259,247,270,273,295,213,272,305,244,344,272,219,288,217,244,269,153,283,297,297,212,311,275,290,242,342,268,345,340,225,190,255,259,266,272,306,298,222,280,323,155,252,334,306,267,274,249,327,304,286,145,249,337,365,221,345,232,404,328,212,207,276,298,234,245,323,251,287,266
"COG1952",11,4,7,0,3,10,0,48,9,9,8,4,25,2,9,3,15,2,22,14,6,27,10,11,15,14,0,4,0,8,1,9,0,18,14,24,13,5,4,5,10,1,9,4,3,4,7,9,1,0,11,10,8,24,5,34,62,21,2,3,7,0,11,14,3,3,36,3,10,13,13,5,2,14,6,3,76,12,8,4,4,1,0,8,8,5,1,3,3,21,1,8,3,2,5,4,4,3,2,10
"COG1953",9,4,37,1,5,10,1,49,17,7,3,1,9,4,7,8,6,4,34,10,3,4,11,18,12,3,1,1,1,13,2,7,2,2,21,30,2,3,3,30,12,13,15,13,22,12,14,6,2,12,2,10,2,7,8,3,139,20,16,5,14,4,15,29,11,6,43,4,46,16,15,10,1,15,2,6,5,12,10,5,5,25,1,7,5,12,15,10,5,2,12,4,3,4,4,1,4,3,1,7
"COG1954",12,30,11,12,25,23,20,39,14,24,6,10,10,20,11,26,13,8,11,4,17,15,23,21,9,26,8,12,24,24,9,16,12,21,8,30,9,5,21,12,16,14,16,17,23,7,13,28,17,19,17,17,25,16,11,19,75,21,10,11,29,13,17,42,16,28,74,18,27,22,35,10,28,25,19,23,11,12,10,15,23,5,20,15,32,16,33,27,10,35,20,10,19,13,9,28,8,14,25,18
"COG1956",70,6,46,60,60,68,3,74,65,29,75,27,23,13,52,63,54,71,63,45,71,45,46,59,22,37,48,10,69,16,60,52,58,51,35,42,56,56,39,61,41,52,42,40,55,52,33,81,27,43,36,23,39,66,45,40,44,53,41,21,32,24,65,47,53,35,54,56,52,44,38,31,69,74,20,33,41,19,33,21,29,21,22,69,60,64,15,33,67,55,42,43,24,55,48,44,48,95,20,43
"COG1957",48,85,78,54,22,75,311,238,73,627,13,60,35,201,67,39,36,36,60,14,33,252,80,73,28,24,21,27,33,34,26,42,30,37,79,140,38,23,46,52,77,35,100,28,161,31,75,240,21,26,21,93,23,44,53,22,465,130,36,17,59,54,72,99,48,36,174,27,119,27,49,129,19,53,47,77,22,116,57,56,27,243,32,66,55,52,84,85,6,56,137,84,77,14,32,34,13,21,40,50
"COG1959",69,290,91,111,171,56,251,163,82,146,39,174,73,265,95,107,107,128,160,99,67,322,197,186,40,187,100,117,224,261,124,123,117,164,96,118,108,74,131,176,100,97,196,153,201,162,254,307,193,122,153,191,148,55,131,245,225,171,81,99,200,179,147,193,88,186,259,89,112,125,162,116,164,144,157,198,134,313,69,235,180,261,126,97,102,96,297,203,63,196,191,199,214,63,156,136,84,77,147,174
"COG1960",377,232,267,315,281,359,209,495,345,88,274,278,353,206,353,382,353,291,406,305,374,48,457,380,456,308,322,336,378,395,310,434,341,297,239,361,286,290,251,281,334,307,338,365,370,305,225,170,231,467,376,302,283,272,411,357,529,317,327,317,308,250,393,349,364,305,426,306,257,358,444,250,383,331,257,360,201,92,370,295,280,489,369,392,410,361,220,308,374,327,255,250,249,385,232,314,268,385,315,289
"COG1961",1874,2034,1135,2033,2120,849,1292,1219,832,822,1098,3156,670,5263,940,1829,1414,1125,1532,1264,1103,1062,2114,2890,480,1908,851,1347,2575,3473,1744,2078,1878,2607,1647,658,2044,931,1838,1906,716,1046,1868,2544,1306,1424,1853,1502,1406,1718,1987,3969,2581,1036,1785,2598,1154,1706,1630,1090,2786,2328,2270,2116,1501,2389,2210,1093,862,1447,1984,3753,2836,1305,1826,2361,1354,3177,691,3370,2465,1320,2305,1455,1126,1183,2377,2826,915,2311,3413,2292,3002,1528,2534,2691,956,1419,1881,1742
"COG1963",18,16,7,13,11,21,19,3,10,3,8,40,7,31,27,23,26,15,11,8,18,11,16,13,5,7,11,19,20,40,15,13,31,43,12,16,19,3,17,31,14,21,18,17,4,50,6,13,16,19,12,47,42,1,12,62,10,11,21,22,18,28,18,32,16,19,15,11,28,10,27,44,24,12,37,12,10,1,9,75,33,13,21,17,18,4,14,16,1,19,70,9,13,22,20,33,7,11,26,13
"COG1964",4,10,9,1,9,2,8,1,1,16,1,0,3,12,4,3,6,7,1,6,7,0,5,2,3,1,3,6,7,19,2,4,1,2,8,0,9,1,13,10,6,4,6,10,2,0,15,63,6,10,7,38,2,1,2,4,0,39,2,2,8,2,5,3,1,11,21,1,0,4,0,4,8,2,4,7,1,162,2,8,5,2,2,7,11,2,45,11,0,2,5,0,2,9,4,1,1,4,8,8
"COG1965",0,0,5,0,6,7,3,18,4,3,2,1,3,1,1,1,6,2,18,8,1,21,3,7,3,13,0,0,0,3,0,2,0,1,2,13,2,0,1,1,4,3,5,3,0,2,0,8,1,3,2,9,2,3,2,1,40,6,1,1,2,1,2,7,3,5,25,0,3,4,3,2,0,5,2,1,2,2,2,0,3,0,1,4,1,0,3,0,2,3,1,0,1,0,3,2,1,1,4,6
"COG1966",396,464,411,268,353,282,750,395,249,474,323,458,445,258,266,416,388,455,372,357,238,359,423,318,389,453,519,506,353,633,397,389,278,378,258,402,318,251,351,343,222,280,401,367,529,254,245,133,433,309,406,287,460,234,352,357,374,261,420,331,475,419,468,386,349,429,469,338,223,348,396,237,339,320,397,394,481,81,212,460,410,420,381,414,431,244,445,366,404,476,336,307,402,325,324,358,323,344,354,388
"COG1968",194,251,180,180,233,133,286,187,158,216,286,243,229,268,218,210,267,297,172,172,158,196,212,253,269,247,267,273,217,214,246,213,197,296,128,251,214,162,210,232,136,178,232,208,228,194,194,231,226,222,218,261,274,173,195,254,121,200,207,220,229,207,195,184,250,236,206,241,132,214,174,277,231,215,245,214,259,276,166,272,240,251,247,219,175,198,281,226,257,236,243,237,213,187,200,195,163,241,197,193
"COG1969",12,35,34,6,7,6,125,69,13,3,1,1,4,10,8,9,17,5,0,46,10,38,18,12,9,10,49,28,0,6,34,16,0,0,9,57,6,11,3,14,14,13,18,18,6,4,0,14,43,8,11,28,2,11,11,19,54,9,10,11,17,3,6,41,16,9,44,3,9,19,24,11,1,11,5,7,0,15,16,1,18,3,32,8,29,9,2,15,22,11,8,4,1,3,0,6,20,14,35,7
"COG1970",63,46,73,95,96,103,138,103,89,172,69,76,39,127,88,84,78,66,83,84,52,72,134,103,102,50,103,75,87,78,67,77,84,140,84,45,72,85,79,100,80,80,74,102,82,65,71,73,77,51,77,121,88,90,58,110,28,58,85,65,83,90,61,57,75,77,46,101,64,72,48,127,81,53,72,78,108,40,69,77,114,134,83,77,85,105,40,78,48,52,100,124,61,68,77,82,96,100,63,96
"COG1971",118,175,87,127,152,119,76,105,113,116,23,155,75,175,116,134,106,95,151,77,83,92,120,122,29,178,69,66,135,183,92,112,144,117,143,61,102,121,93,133,123,125,142,135,95,143,140,81,144,111,118,129,162,131,151,182,78,119,96,93,112,111,129,139,124,120,80,84,104,96,149,204,123,154,188,162,41,113,115,177,143,182,150,152,133,119,172,143,99,178,209,135,187,127,105,139,122,109,104,105
"COG1972",16,22,31,10,14,72,150,181,40,60,21,13,28,7,6,9,21,7,138,45,19,114,53,64,29,22,44,18,2,15,15,24,9,9,24,123,22,24,7,21,38,16,44,64,17,12,2,123,25,45,6,47,12,49,16,22,205,30,21,16,24,1,21,79,24,9,137,30,63,66,44,5,2,27,7,11,12,27,31,5,34,19,28,32,65,70,5,17,24,36,10,8,16,27,8,15,18,41,26,63
"COG1974",76,131,60,72,94,24,149,218,45,200,60,113,64,181,36,62,141,87,75,54,32,169,127,140,64,108,154,80,81,144,82,129,57,112,54,136,72,18,123,89,39,41,97,77,138,55,110,80,103,80,119,205,161,107,149,283,368,114,138,83,183,168,140,174,98,141,226,115,47,146,160,152,133,136,152,148,195,160,50,204,191,218,119,131,87,57,129,152,71,213,170,160,179,102,168,117,55,79,100,163
"COG1975",46,218,95,71,93,47,401,163,49,111,18,59,48,156,72,77,36,91,72,105,70,115,106,93,12,85,108,102,86,186,98,89,74,60,32,200,71,27,97,120,75,62,87,73,167,34,96,181,118,85,94,129,54,36,80,109,290,138,75,43,102,69,84,87,59,152,231,62,97,138,117,54,83,97,59,150,38,197,78,77,117,236,72,73,114,46,237,112,40,137,44,67,152,45,58,71,57,53,110,84
"COG1977",2,0,9,1,2,0,0,14,0,3,0,0,0,1,4,1,5,0,4,5,1,8,3,5,0,5,0,0,0,1,0,0,0,1,0,7,0,3,2,0,1,3,2,1,4,1,0,6,1,1,4,2,0,5,7,0,16,2,4,1,0,1,1,2,2,1,6,0,2,1,7,2,0,2,4,0,0,4,3,0,1,0,0,0,3,0,1,2,2,4,0,0,0,0,0,2,2,3,1,1
"COG1979",276,196,299,226,284,271,198,215,340,283,26,168,180,267,383,233,152,81,294,275,382,170,221,255,107,268,172,117,218,241,155,285,251,115,297,136,248,333,87,177,354,283,247,217,192,248,253,170,231,346,259,185,149,273,332,279,243,305,259,179,155,129,257,197,212,245,189,227,385,250,281,232,242,176,223,274,199,388,391,185,157,255,281,281,399,240,217,266,173,187,171,188,199,284,276,226,389,281,261,254
"COG1982",116,435,179,142,180,138,482,487,153,308,67,250,145,332,180,171,260,262,315,210,150,477,244,265,123,315,209,236,223,352,140,163,207,248,181,446,203,108,206,253,183,177,276,232,371,144,222,542,307,248,223,282,295,130,207,275,857,283,165,123,414,307,168,403,129,272,689,139,264,234,331,208,197,228,295,215,163,602,144,270,280,365,160,186,247,90,475,208,107,413,277,226,309,133,212,223,161,129,266,279
"COG1983",71,18,34,39,64,32,2,18,53,28,2,34,20,14,58,51,26,4,43,31,44,17,30,62,10,39,15,3,40,37,16,63,61,14,34,7,30,84,6,16,56,35,27,42,18,41,33,45,28,40,19,25,27,41,30,19,17,40,28,15,30,8,22,12,24,29,9,16,20,26,13,27,30,30,18,30,2,2,28,18,12,8,15,49,32,42,4,25,35,18,24,37,13,20,31,20,36,42,14,36
"COG1984",7,20,9,14,46,17,25,54,21,119,5,24,14,72,12,9,15,15,28,11,18,31,20,55,13,39,5,19,8,16,12,13,16,5,6,27,20,11,26,26,22,6,81,10,13,11,12,70,13,11,18,20,11,20,6,38,69,45,6,6,21,18,11,45,9,21,66,26,22,14,25,16,22,35,14,31,16,85,6,35,10,32,14,10,17,4,35,47,4,54,12,26,12,5,79,9,2,10,20,18
"COG1985",240,216,192,201,212,195,250,120,205,72,252,176,302,90,234,254,227,325,180,273,240,202,183,198,216,238,247,348,224,175,269,213,188,136,174,179,211,187,243,194,164,193,144,214,274,128,97,65,209,258,188,104,151,200,197,194,117,223,212,224,235,182,189,175,205,221,170,266,179,226,158,146,186,250,202,167,318,110,120,133,208,129,176,224,200,229,221,199,293,205,154,210,206,206,187,183,222,238,248,237
"COG1986",0,0,0,0,1,7,0,24,3,4,1,0,3,0,0,0,13,0,13,3,1,1,2,10,5,0,0,0,0,0,2,2,0,12,2,27,1,1,1,1,3,1,4,3,1,3,0,5,1,0,0,20,2,4,0,13,23,4,0,1,2,3,0,11,3,1,23,0,2,7,11,5,0,4,6,0,5,2,1,5,5,0,0,2,1,0,0,0,0,10,2,0,0,0,0,0,0,5,0,2
"COG1987",1,30,10,8,8,12,1,20,4,3,0,26,18,5,8,7,30,16,2,3,6,70,12,16,2,18,3,8,22,4,9,2,6,15,15,10,8,2,20,18,8,14,4,4,10,34,18,3,15,4,14,9,31,5,7,6,34,5,12,9,6,36,5,27,9,20,36,6,11,3,23,16,15,15,24,11,18,4,0,9,17,6,17,3,13,9,14,2,1,37,32,9,60,9,9,17,7,5,26,19
"COG1988",7,5,3,5,7,24,11,91,10,14,7,4,5,1,19,3,25,3,21,12,8,71,10,25,7,12,5,3,8,6,7,7,4,5,16,34,5,7,4,17,7,5,13,17,4,1,9,30,1,1,4,25,6,9,8,8,99,16,7,9,8,10,11,22,5,6,64,3,30,5,18,8,1,15,8,6,6,10,9,4,3,31,12,16,15,6,2,11,2,16,12,7,11,4,4,5,5,10,6,9
"COG1989",17,53,19,37,13,21,83,160,17,32,12,56,15,47,28,15,40,38,35,18,9,120,40,51,25,46,32,41,46,9,54,21,31,62,18,80,27,20,65,48,21,22,27,29,49,31,52,81,30,11,37,78,45,15,20,26,135,39,23,27,36,119,28,82,12,36,117,27,33,38,44,81,39,29,68,44,28,73,16,80,52,40,50,19,25,28,36,22,18,66,94,43,131,17,14,37,22,31,68,56
"COG1990",11,4,1,9,8,0,4,5,0,0,8,7,1,4,0,7,5,3,3,5,2,0,5,29,0,5,5,10,12,21,6,2,6,6,1,3,4,0,5,3,0,0,6,3,6,0,15,1,7,1,7,12,7,1,13,6,0,0,4,1,6,6,2,2,1,10,5,3,0,6,12,3,15,2,6,15,4,0,0,9,7,7,2,12,0,0,8,3,1,7,2,1,8,6,6,3,2,0,3,10
"COG1992",0,0,1,3,0,0,0,0,0,0,0,5,2,0,1,1,0,0,1,0,0,0,3,0,0,0,1,2,0,5,2,4,4,0,0,1,10,2,1,0,1,0,1,14,0,0,0,10,0,5,0,1,2,1,3,5,0,0,5,0,4,3,16,3,4,3,2,2,0,2,1,0,3,0,3,5,2,0,0,6,1,1,7,1,0,12,0,4,5,0,0,1,1,6,1,2,0,12,2,1
"COG1993",5,3,1,0,2,0,0,1,2,0,0,1,1,0,6,2,3,0,2,1,5,0,5,18,3,0,0,0,0,4,1,6,0,1,0,0,7,0,0,0,6,2,11,10,0,3,0,0,2,6,1,2,0,3,0,0,0,2,1,6,0,1,1,0,7,0,2,2,5,0,0,0,1,0,1,1,0,0,1,1,3,1,0,2,3,3,0,0,1,1,2,0,1,5,3,0,3,3,2,5
"COG1994",24,25,26,48,25,16,52,36,18,11,11,51,9,155,17,17,31,25,23,28,19,56,49,44,3,39,25,27,55,83,63,32,19,74,13,23,27,15,27,58,9,20,104,44,36,12,74,15,31,34,46,171,56,22,32,113,0,20,20,19,81,63,44,76,44,54,30,20,24,28,40,110,44,27,47,31,41,57,14,79,44,66,53,30,15,42,37,70,12,34,76,56,23,16,53,46,16,11,30,27
"COG1995",175,64,226,132,153,184,174,141,190,27,182,144,226,47,201,144,128,200,179,170,107,94,123,128,368,119,129,213,107,110,164,151,102,172,126,165,120,169,124,108,178,136,106,154,160,62,103,25,126,154,117,70,152,147,147,150,122,85,186,160,127,77,157,94,189,148,110,175,149,183,136,79,151,120,117,139,179,18,151,90,131,105,146,209,169,175,89,124,212,125,77,140,202,191,108,127,181,223,122,126
"COG2000",12,67,15,30,14,7,7,13,20,25,7,23,8,104,14,13,12,7,7,10,8,3,24,44,1,15,3,23,20,42,22,18,20,7,17,1,15,9,6,10,22,9,109,36,2,9,24,72,7,24,17,81,4,13,12,42,62,36,18,13,33,15,15,10,14,17,13,12,18,13,4,17,18,10,14,10,10,121,23,12,18,20,29,4,18,51,37,17,5,7,37,15,20,16,10,8,4,17,8,12
"COG2001",62,85,77,123,83,114,67,91,102,161,56,90,43,139,127,100,84,50,55,73,79,111,102,123,21,97,39,33,128,79,73,82,96,92,125,56,106,121,90,113,92,94,149,82,96,95,91,72,119,79,124,146,96,106,96,81,95,121,69,63,123,118,64,119,99,112,109,68,84,53,104,165,116,84,93,104,81,147,100,138,69,156,76,98,87,79,84,124,50,95,103,105,94,88,133,100,98,110,119,94
"COG2002",36,112,31,83,69,13,57,64,23,30,13,106,27,138,50,51,80,40,38,14,23,75,64,97,18,113,26,53,83,158,65,70,81,135,30,19,73,31,79,79,31,58,155,62,42,46,92,77,72,59,90,144,102,46,66,183,60,101,47,55,88,123,60,86,43,97,98,25,28,23,72,150,72,64,121,96,65,166,18,122,109,70,75,44,42,43,120,82,7,112,143,95,138,52,80,76,27,32,57,101
"COG2003",150,256,166,180,150,211,239,217,165,87,457,212,303,230,213,196,243,263,156,192,168,194,258,279,200,185,211,245,180,134,228,167,200,187,224,294,168,158,315,195,167,237,162,210,236,191,219,184,202,172,210,224,191,154,181,258,281,195,191,270,310,239,208,229,215,190,235,389,215,240,197,260,239,259,247,228,326,152,129,235,228,206,186,256,252,247,169,191,240,279,221,170,281,186,210,202,192,237,229,254
"COG2005",13,33,12,10,17,18,8,43,15,23,5,5,19,21,23,15,14,5,30,16,8,30,33,23,11,20,1,3,12,18,6,9,4,13,7,35,12,11,15,11,24,9,23,14,22,5,0,10,7,10,24,21,12,9,6,21,121,14,10,3,21,4,25,19,23,15,47,7,12,8,10,10,1,14,10,3,9,13,13,7,8,23,8,12,13,8,20,5,12,18,15,6,7,12,9,19,10,10,18,25
"COG2006",21,62,64,64,28,90,240,32,62,28,8,50,14,78,35,34,28,28,26,105,68,58,53,44,6,15,101,44,22,49,53,51,26,13,59,38,82,42,19,87,51,58,42,53,25,73,69,70,56,41,32,54,17,43,34,40,12,98,51,38,31,21,44,84,60,29,32,14,76,66,31,42,23,23,27,35,9,151,36,33,63,29,71,26,41,65,72,63,29,18,41,28,36,32,25,31,69,40,65,47
"COG2008",216,184,143,164,237,193,239,146,188,243,158,128,114,123,215,204,108,308,194,222,210,71,192,181,73,157,119,334,170,242,141,205,160,104,169,107,191,208,150,179,214,192,164,195,224,182,164,142,185,207,178,124,134,170,234,159,140,192,248,258,171,108,197,170,157,235,181,103,242,173,228,113,149,133,214,207,103,173,227,161,151,256,163,232,216,177,211,191,240,147,149,199,206,158,182,213,249,227,202,187
"COG2009",4,11,21,3,6,9,95,37,2,5,3,0,5,3,7,9,9,5,15,25,3,17,9,17,6,13,25,10,1,4,8,8,0,1,9,40,6,11,1,8,20,11,7,5,4,5,0,1,16,4,8,7,2,5,4,11,54,6,6,1,12,1,10,21,2,9,29,5,8,22,15,5,1,14,15,0,6,3,5,1,18,2,3,4,8,5,10,2,16,13,3,5,1,6,0,3,12,10,18,9
"COG2010",0,2,0,0,1,0,1,44,0,0,0,0,2,7,0,3,0,0,19,1,2,1,0,1,0,0,0,0,0,3,25,1,0,2,0,0,0,1,4,0,1,1,7,3,0,1,0,10,0,0,4,2,0,1,0,0,0,0,0,5,6,0,2,55,0,3,5,1,0,1,1,0,1,1,0,0,6,0,6,0,0,0,10,0,1,1,0,0,1,0,2,0,0,1,1,0,1,0,1,0
"COG2011",52,99,65,56,68,60,249,93,38,245,10,85,88,173,41,46,67,47,114,50,46,198,70,102,43,59,60,63,64,96,46,69,53,56,39,94,50,22,74,53,56,38,140,59,156,92,21,233,62,52,78,71,80,26,45,47,113,65,40,47,90,68,80,103,63,64,90,28,60,42,63,50,61,43,77,54,197,113,36,103,69,189,73,50,64,54,101,62,42,67,93,61,45,49,32,62,31,39,65,51
"COG2013",14,103,27,30,51,4,88,33,19,123,39,64,10,62,19,19,60,40,17,14,18,64,33,51,8,58,24,24,64,41,28,29,45,128,19,68,37,8,103,50,37,22,48,41,25,14,36,191,55,33,36,48,96,12,31,24,33,86,37,43,118,122,17,68,36,30,47,54,30,18,33,32,41,50,68,59,43,165,30,79,43,68,30,16,35,33,106,67,9,58,75,27,32,19,60,18,19,11,37,46
"COG2014",0,0,0,0,0,0,0,0,1,0,0,0,0,13,0,0,0,0,0,0,0,0,0,0,0,0,0,0,0,0,0,0,0,2,0,0,0,0,0,0,0,0,0,0,0,0,0,0,0,0,0,13,0,0,0,0,1,0,0,0,0,0,0,2,1,0,0,0,0,0,0,1,0,0,0,0,0,0,0,1,2,0,1,0,0,1,0,0,0,0,0,0,0,1,0,0,0,0,0,0
"COG2015",44,4,22,36,38,73,9,121,64,57,15,59,22,50,13,64,26,22,6,49,23,10,35,66,21,27,3,56,24,158,68,29,18,44,16,40,21,25,45,36,29,60,38,55,59,20,62,77,48,14,37,98,31,44,46,19,96,42,233,35,54,27,32,80,25,18,96,10,77,34,72,24,36,44,18,38,15,141,36,58,45,8,38,45,36,21,108,61,10,67,28,37,18,18,43,38,4,29,26,34
"COG2017",781,547,578,744,694,672,637,368,662,439,775,550,662,433,610,623,662,749,460,617,741,493,499,554,549,527,796,716,683,589,750,693,654,506,604,624,633,686,549,688,556,819,531,557,610,695,644,483,661,536,606,421,554,832,646,514,368,550,722,592,539,614,546,524,561,611,445,660,674,554,654,574,572,607,491,629,589,431,633,591,616,425,636,750,535,486,546,560,772,530,527,741,653,549,648,613,686,643,741,573
"COG2020",0,1,9,3,0,0,4,12,3,0,1,0,2,1,0,5,3,5,0,0,0,1,4,1,0,7,1,0,7,4,8,3,0,0,0,0,2,1,4,0,3,0,7,24,16,0,0,8,1,0,2,2,5,0,2,1,0,0,6,8,4,1,6,13,10,2,11,1,0,0,2,5,3,2,2,2,1,0,0,0,2,26,8,1,1,2,1,2,0,2,1,2,6,2,1,2,3,0,0,0
"COG2021",1,0,0,6,1,0,0,49,1,0,0,38,8,10,0,7,3,0,0,3,1,0,16,8,0,9,1,5,5,2,26,13,1,3,0,0,19,5,8,0,0,2,2,12,0,0,0,3,2,11,31,39,5,0,7,12,0,0,12,8,19,5,4,33,27,3,3,3,0,4,1,5,10,1,2,4,7,0,0,5,8,1,6,0,2,8,1,13,9,3,0,0,2,18,0,5,2,9,4,4
"COG2022",112,122,69,100,90,78,170,104,116,196,80,99,126,57,142,107,76,114,126,120,110,80,119,127,36,101,98,72,112,75,111,123,113,68,82,137,91,114,87,105,114,140,59,112,136,89,103,77,129,137,99,40,85,110,152,86,76,110,109,126,81,108,124,101,128,97,101,108,107,135,102,60,93,133,83,125,109,158,138,75,83,156,93,110,139,89,117,99,99,123,82,132,122,113,115,62,140,105,117,118
"COG2025",212,148,228,240,190,233,242,203,195,57,227,251,256,208,193,261,212,302,177,180,235,71,273,274,288,291,214,247,274,330,229,269,298,225,134,229,251,170,200,204,230,210,251,272,182,216,164,81,158,276,278,250,215,149,280,240,248,170,258,257,264,210,330,238,311,216,182,228,187,273,245,195,272,306,211,268,187,55,189,300,259,234,269,235,254,269,195,229,279,221,169,156,201,271,166,252,130,222,263,195
"COG2026",8,4,5,2,10,25,16,127,7,31,1,11,10,5,3,1,9,11,30,8,6,13,81,29,10,4,1,4,2,43,5,13,4,4,2,26,1,6,2,7,9,9,7,1,1,4,29,9,5,2,2,60,12,14,2,9,14,14,4,5,4,11,4,8,5,11,40,6,19,16,2,0,2,10,2,2,6,16,1,3,3,13,8,10,5,4,8,16,2,5,6,3,14,3,6,3,8,8,4,3
"COG2027",81,43,100,87,116,132,124,172,148,274,24,72,116,25,119,103,45,40,180,206,181,63,112,83,288,80,69,40,42,57,61,110,94,36,162,79,93,168,14,141,213,109,57,93,83,120,122,28,129,109,115,75,70,161,132,51,138,143,83,68,82,27,177,87,107,106,180,71,167,157,127,61,76,182,144,119,99,39,244,73,52,128,104,159,167,125,46,87,105,111,42,98,56,129,167,125,187,128,138,95
"COG2030",88,56,83,76,119,78,552,195,126,1047,120,45,90,41,136,155,72,99,84,83,88,50,144,69,138,79,115,85,75,59,108,82,62,88,114,201,71,153,76,96,111,104,102,63,176,104,85,61,71,90,68,30,65,120,80,54,39,126,89,87,59,47,170,53,134,108,30,131,131,71,73,69,109,92,65,97,100,71,104,66,48,671,78,137,79,83,36,110,101,41,43,209,66,97,78,88,157,144,88,99
"COG2031",11,3,3,16,6,36,3,75,10,9,4,3,7,12,22,10,14,5,15,4,22,18,9,52,20,3,5,3,4,28,5,24,4,3,3,33,12,10,4,36,37,27,9,34,0,20,3,6,6,36,2,27,4,6,9,14,68,18,14,15,49,14,22,17,17,8,30,15,60,11,19,4,9,12,3,22,2,5,26,7,14,96,15,13,31,25,5,13,6,14,7,1,10,17,11,9,7,6,11,16
"COG2032",8,15,5,1,0,18,2,31,11,27,3,7,1,21,8,5,1,1,10,1,3,10,8,12,3,10,7,3,2,10,12,3,1,3,10,15,5,3,4,2,21,6,7,4,2,4,2,24,5,6,4,6,2,3,8,1,137,17,7,4,4,5,3,14,3,3,39,5,21,3,11,2,1,9,8,7,2,15,18,9,6,5,7,5,10,4,2,5,0,10,9,4,4,4,1,4,3,7,0,6
"COG2033",19,21,44,17,11,14,95,11,15,8,74,24,58,16,13,31,35,76,7,30,14,16,66,33,49,29,84,91,17,42,37,23,21,35,11,82,16,4,86,24,18,12,27,51,85,6,13,47,29,38,11,54,22,14,25,79,18,17,26,53,38,24,31,17,26,23,38,50,43,33,20,30,17,20,25,17,88,16,14,31,66,68,17,26,33,24,51,15,30,30,11,29,58,22,12,20,22,10,28,28
"COG2035",28,86,40,40,58,42,92,56,54,44,6,51,44,98,53,36,52,16,87,23,13,91,74,65,30,82,30,19,61,40,50,51,52,78,17,22,56,31,29,20,19,20,47,75,16,52,23,51,31,97,66,136,100,25,39,104,55,41,57,26,66,114,121,94,70,23,22,50,46,85,24,225,44,92,122,45,28,14,32,113,68,37,96,27,42,98,32,65,70,48,119,59,41,57,30,64,16,42,39,33
"COG2038",182,213,228,142,158,90,387,114,158,76,18,139,95,181,200,157,77,105,174,239,210,140,159,140,51,135,207,120,188,189,149,183,162,83,168,132,156,182,105,184,205,188,131,158,182,139,163,121,246,202,171,125,120,124,215,159,104,148,148,103,173,153,176,171,132,203,189,118,174,153,199,113,210,110,140,182,68,117,207,124,129,169,190,175,197,118,173,110,144,136,121,133,144,157,175,156,240,174,213,220
"COG2039",3,50,5,10,19,7,78,25,15,192,4,8,9,50,25,9,14,10,33,36,15,84,19,15,8,14,5,13,17,11,6,9,18,17,4,38,7,6,20,16,13,13,31,10,38,3,7,17,2,18,19,15,17,4,7,22,8,14,2,7,19,9,34,25,17,20,20,20,18,6,18,11,4,24,15,8,2,19,16,10,8,91,12,10,10,4,36,18,6,17,6,29,5,9,16,23,1,8,11,20
"COG2040",5,6,35,32,21,86,21,11,30,20,0,8,4,14,21,12,7,5,21,4,5,37,4,9,8,7,1,4,1,6,2,12,14,6,32,35,32,7,10,90,27,11,24,12,39,19,12,126,15,13,10,11,5,13,11,4,6,12,2,4,25,2,18,4,7,11,6,2,7,15,25,21,3,30,10,15,6,4,20,6,6,46,6,10,28,15,7,4,6,7,9,8,6,11,5,29,9,14,15,15
"COG2041",2,0,0,1,0,16,0,71,8,11,3,0,6,1,0,1,1,4,26,4,2,0,4,13,2,1,1,1,0,0,2,7,0,0,3,22,0,1,0,7,4,2,11,8,0,1,1,11,0,0,0,7,0,3,4,3,63,11,2,1,2,0,1,24,2,1,49,0,4,8,10,0,0,6,0,1,3,9,1,0,0,0,0,7,2,1,0,0,0,7,1,0,2,2,1,3,3,4,0,4
"COG2043",1,1,5,3,0,2,2,2,0,0,0,2,2,11,8,8,0,1,7,8,1,61,2,7,0,11,0,0,3,1,2,6,1,1,5,0,5,1,1,4,17,0,10,2,0,0,0,0,5,3,7,6,0,1,1,3,0,1,3,6,0,1,5,2,5,3,1,1,3,0,4,1,1,1,0,3,1,0,4,1,3,0,3,0,4,3,1,2,5,0,1,2,0,2,3,2,0,2,3,0
"COG2045",2,2,7,1,3,14,0,2,4,0,3,0,2,19,3,1,1,2,2,6,4,2,5,7,1,0,0,0,1,0,1,1,1,1,7,0,7,0,3,2,3,0,2,13,0,0,0,1,1,17,5,22,0,0,4,3,17,7,3,6,8,1,0,1,1,2,3,4,23,4,0,1,3,0,2,2,0,0,7,1,3,0,1,0,3,8,0,0,1,1,4,1,1,8,0,4,2,3,2,2
"COG2046",0,0,1,3,0,0,0,0,0,0,0,0,1,3,3,0,0,0,0,0,0,0,5,0,0,0,0,0,0,0,0,0,0,1,0,0,0,0,0,0,0,0,1,0,0,0,0,0,0,3,0,1,0,0,0,0,0,0,1,0,0,0,0,0,0,1,0,0,0,0,0,0,0,0,0,0,0,0,0,0,0,0,1,0,0,0,0,0,0,0,0,0,0,1,0,0,0,0,2,1
"COG2048",5,13,24,17,13,6,5,23,4,6,4,16,13,91,10,8,2,13,21,6,8,35,23,21,3,7,3,6,9,10,16,17,20,8,6,7,23,6,12,16,12,10,11,48,4,8,14,59,8,23,16,45,8,12,11,15,1,21,26,11,32,7,12,7,33,12,11,8,22,10,1,21,22,11,20,5,10,42,20,36,11,20,21,9,28,42,29,25,7,4,17,17,15,42,7,22,3,14,11,21
"COG2049",15,15,15,14,48,6,29,61,16,98,3,29,13,54,18,11,16,14,17,10,17,19,13,47,10,38,1,13,17,12,8,7,15,11,3,31,20,7,24,13,10,3,89,17,9,9,12,58,15,4,26,22,6,13,11,32,57,34,6,6,25,30,11,46,3,19,48,38,8,9,28,6,11,29,11,24,16,67,8,33,9,22,17,7,20,5,29,36,2,53,17,24,7,11,84,11,4,13,24,19
"COG2050",210,61,161,194,131,272,144,132,210,53,133,98,157,78,177,205,101,140,157,170,167,35,166,156,167,92,142,130,181,111,130,171,162,101,139,164,123,192,76,169,152,195,114,149,93,136,70,99,119,161,142,136,107,206,116,145,173,148,176,143,115,86,173,121,150,161,161,147,143,183,116,78,161,182,114,102,104,33,160,83,136,110,131,195,144,185,51,118,176,91,109,165,98,167,147,135,155,254,114,162
"COG2052",12,30,12,13,19,6,44,2,8,13,12,35,10,62,7,14,16,15,8,14,17,22,16,27,3,21,22,24,27,35,21,18,19,33,6,17,16,5,17,15,7,19,54,23,20,29,28,22,18,19,24,70,21,6,19,34,0,7,12,16,35,25,16,16,10,25,14,17,20,13,18,47,26,12,20,22,17,38,10,64,29,35,19,8,18,13,23,42,10,28,44,18,14,10,31,28,3,12,19,19
"COG2055",23,54,54,29,21,25,137,75,71,52,33,18,30,96,57,32,22,20,79,54,41,41,43,76,34,40,8,33,41,41,30,33,18,21,37,84,54,21,21,55,58,27,38,56,20,13,13,123,48,50,16,88,11,15,28,30,276,80,25,13,66,29,23,75,39,28,172,22,70,48,44,30,22,58,13,29,31,159,65,73,40,49,22,41,44,24,88,93,7,38,17,10,29,8,60,27,12,30,12,35
"COG2056",2,3,5,3,11,22,1,2,10,2,1,1,1,18,8,3,3,3,6,7,4,36,4,11,5,18,1,3,1,5,1,7,0,9,10,0,10,0,9,1,22,8,19,10,0,4,1,3,7,1,15,5,4,4,2,2,31,5,2,1,2,3,3,2,10,0,3,0,25,0,5,0,2,4,2,6,1,16,16,0,6,2,6,1,1,11,9,6,4,1,2,1,3,2,7,3,5,1,14,7
"COG2057",7,9,7,13,5,19,12,43,12,20,1,10,14,19,14,12,21,6,49,11,20,5,32,64,6,4,4,5,13,11,13,38,9,8,11,27,39,5,2,17,29,18,33,41,18,18,4,16,7,51,10,28,6,4,16,25,61,24,15,9,27,13,33,34,37,5,40,16,29,10,19,17,15,15,4,16,7,7,13,9,9,46,13,0,31,47,7,30,9,11,14,9,10,21,7,16,3,16,15,11
"COG2059",343,207,264,341,310,285,272,143,275,72,538,321,395,255,355,298,316,485,195,347,319,201,311,291,487,210,511,500,291,377,338,295,308,280,268,265,363,351,352,200,290,285,217,372,368,276,316,71,289,229,264,208,240,231,361,248,130,247,333,373,293,275,279,173,314,281,183,448,411,267,277,195,287,197,231,327,342,419,293,296,340,170,272,338,254,333,266,286,395,276,289,279,281,288,269,290,305,348,290,299
"COG2060",158,83,139,141,174,205,167,174,187,45,10,81,188,74,196,178,57,16,146,187,179,47,89,131,38,80,134,59,90,109,180,148,130,52,165,54,133,206,17,132,178,137,97,181,26,126,107,26,121,197,187,148,136,265,247,140,197,198,174,152,230,80,200,180,216,227,130,136,248,222,197,127,204,240,173,207,49,142,304,101,107,48,218,289,270,231,39,189,137,99,124,217,125,226,177,207,330,288,181,212
"COG2062",0,2,0,0,0,10,52,28,4,99,3,0,10,10,0,1,0,9,21,0,2,4,28,5,6,4,0,6,0,0,0,0,0,2,8,29,0,1,5,6,3,1,15,4,38,1,1,9,0,0,2,5,2,5,1,8,24,10,3,1,7,1,19,5,5,12,16,1,2,4,5,7,0,8,0,1,36,6,1,1,0,104,0,2,2,1,3,10,4,6,0,14,1,0,2,0,0,2,0,4
"COG2063",0,0,2,1,1,10,0,25,4,6,1,0,21,0,2,0,2,0,0,3,1,0,7,2,5,2,0,0,0,2,1,0,0,0,2,18,5,1,0,3,2,1,0,1,2,1,0,4,0,0,0,7,5,4,1,0,50,6,1,0,0,0,0,7,1,0,27,0,5,2,28,0,0,5,0,1,37,6,5,0,0,0,0,3,10,0,0,0,0,4,0,0,1,2,0,0,0,2,0,3
"COG2064",2,0,0,3,4,0,0,7,0,2,3,6,1,12,0,0,25,60,0,0,0,0,2,6,0,15,0,3,5,0,1,3,4,7,0,0,2,0,3,0,0,2,6,6,3,5,0,0,3,0,5,24,3,8,12,9,0,1,11,14,28,24,5,8,11,1,0,0,0,1,0,7,1,3,13,8,16,2,0,15,4,5,5,1,1,0,4,0,0,21,4,4,0,6,38,2,15,3,0,2
"COG2065",15,16,17,13,1,0,77,41,8,20,6,13,5,87,9,14,9,13,8,26,9,60,40,55,7,17,21,16,9,15,40,9,7,15,2,18,9,4,11,5,4,11,82,22,95,6,3,78,18,9,18,21,4,10,11,34,1,7,5,10,19,9,13,20,18,7,9,4,14,17,2,3,13,7,6,13,7,4,1,12,28,50,15,10,18,9,10,7,13,1,18,13,7,9,8,1,19,13,27,10
"COG2066",194,63,166,143,122,164,10,187,205,44,16,126,76,49,206,154,47,9,99,158,230,29,136,122,92,76,58,15,140,101,95,230,147,140,152,65,148,225,12,149,195,157,101,120,41,147,110,8,129,171,181,72,96,171,209,87,144,152,137,96,96,92,99,144,132,111,122,70,116,95,202,85,135,108,55,139,22,31,224,67,89,44,157,171,191,128,27,114,82,64,69,90,53,171,191,160,239,173,158,162
"COG2067",63,6,125,43,39,76,2,94,42,11,93,60,197,32,34,57,40,48,147,53,74,70,79,90,113,102,54,108,42,29,127,87,56,33,18,86,83,58,31,43,36,46,51,109,47,44,25,26,19,148,58,45,45,34,47,51,67,27,66,24,40,61,147,59,82,24,49,29,105,75,24,61,25,70,82,36,38,8,40,43,62,0,55,68,71,110,18,62,147,43,42,63,24,59,20,58,41,59,48,64
"COG2068",11,78,61,20,31,46,120,41,28,25,9,7,13,43,69,18,16,18,13,17,29,35,31,35,13,27,44,24,28,28,18,25,10,10,33,53,60,20,32,32,56,28,35,27,38,7,34,122,39,55,26,57,17,19,12,35,78,65,28,16,34,17,20,19,19,33,61,38,76,30,21,36,27,41,20,25,12,123,52,21,30,81,26,11,40,26,98,38,15,22,26,21,56,21,23,25,21,31,46,38
"COG2069",2,13,1,5,7,0,4,1,1,9,3,7,2,68,5,3,7,6,4,1,1,16,6,10,2,6,9,6,8,12,8,9,3,5,5,1,15,1,10,6,5,12,9,3,2,1,11,34,4,7,11,16,2,2,4,4,0,24,2,2,8,5,3,6,9,3,20,2,0,4,5,7,6,6,4,9,4,68,2,45,8,25,7,2,1,1,36,13,1,1,10,7,8,8,3,9,2,3,5,6
"COG2070",209,456,263,248,260,246,477,121,232,115,21,225,145,218,271,261,200,135,264,288,273,406,297,255,89,317,222,190,272,382,208,328,248,183,275,102,298,248,140,293,318,261,189,285,254,266,355,311,358,320,277,184,203,191,347,230,150,238,253,215,249,294,268,208,294,324,204,165,245,245,300,242,313,227,243,353,116,237,244,210,293,236,238,270,351,287,303,279,215,302,269,257,263,272,213,285,293,291,309,316
"COG2071",178,91,233,107,100,102,60,96,232,118,445,121,356,101,202,101,286,412,203,218,227,147,169,157,553,154,296,367,114,81,276,202,138,217,159,300,170,175,316,57,258,174,133,181,204,117,155,147,115,193,180,109,159,126,218,131,127,174,259,247,161,105,190,162,204,117,148,301,144,179,179,187,111,229,212,170,297,110,135,131,152,157,142,235,238,192,135,69,365,158,105,131,124,203,244,163,162,187,210,102
"COG2072",0,0,0,0,0,0,0,0,4,0,0,0,4,0,0,0,0,0,0,0,0,0,0,0,0,0,0,0,0,0,0,2,0,1,1,0,0,0,0,0,0,0,11,6,0,0,0,10,0,0,0,0,0,0,0,0,0,0,0,0,0,0,0,6,0,0,13,0,0,4,0,0,0,0,1,0,1,1,0,0,0,0,0,1,0,1,0,0,1,0,0,0,0,0,1,0,0,0,0,0
"COG2073",157,183,100,69,138,49,199,27,143,55,12,103,55,101,131,141,59,66,94,163,141,51,111,126,22,95,140,66,128,196,108,107,108,60,112,44,69,139,56,73,164,134,118,118,96,138,148,92,180,128,127,90,102,123,148,116,25,137,97,65,120,109,74,111,64,169,105,116,135,111,164,86,122,94,114,161,34,122,154,87,112,131,78,137,185,76,122,108,88,94,103,120,103,85,140,128,189,126,168,147
"COG2076",33,24,56,48,14,82,155,153,28,43,9,20,17,23,15,25,21,146,104,65,27,21,59,49,119,28,85,65,9,34,50,32,36,63,82,144,33,53,9,33,65,36,36,57,36,63,25,19,37,47,16,56,47,61,16,44,187,51,22,47,31,30,27,44,32,11,122,52,40,72,51,31,7,31,12,22,33,25,29,12,51,23,56,42,37,37,5,24,73,36,13,38,29,44,13,21,52,93,33,35
"COG2077",103,20,59,70,67,89,10,66,100,34,5,54,57,15,91,87,26,7,110,72,102,20,81,114,27,82,36,14,60,43,57,80,99,46,109,24,81,123,13,56,109,68,57,101,22,70,71,80,69,78,46,25,31,68,40,40,34,41,33,23,27,20,70,52,38,29,25,30,43,60,39,40,34,55,59,55,11,14,60,30,24,19,53,70,40,75,16,45,55,25,28,42,35,65,58,62,83,78,42,40
"COG2078",5,2,18,1,0,7,4,13,10,73,215,1,205,25,3,1,4,12,5,0,4,5,4,11,3,2,3,111,0,0,0,0,2,5,10,95,24,7,6,4,2,2,29,12,177,3,1,0,1,7,4,9,6,2,0,16,40,6,135,2,26,0,10,0,28,3,1,1,17,9,2,6,0,1,10,2,10,8,2,1,66,192,0,4,26,10,68,9,229,3,0,27,3,4,1,2,1,1,0,9
"COG2079",24,26,33,14,11,14,24,59,15,12,9,10,17,24,53,8,17,15,7,10,8,7,34,56,19,5,9,13,9,21,1,36,12,9,12,33,35,12,6,17,13,14,22,47,14,14,4,9,3,28,13,38,8,23,25,24,115,41,40,13,48,12,22,18,26,11,45,13,26,8,22,32,7,22,16,25,8,9,9,27,24,36,17,13,38,51,11,17,6,24,9,12,4,16,6,13,13,12,6,25
"COG2080",76,227,106,71,63,139,184,187,83,139,28,76,40,168,132,75,70,66,88,76,124,90,135,133,48,79,64,69,89,118,40,82,54,33,143,175,85,39,88,125,86,79,121,112,201,37,97,329,93,118,67,143,53,35,79,95,509,267,86,60,110,98,114,105,67,96,240,45,219,76,100,65,58,108,69,123,52,294,146,87,76,230,72,72,138,68,392,96,29,121,73,50,133,93,64,76,35,67,66,89
"COG2081",109,369,210,170,176,35,266,169,79,101,182,268,140,390,113,168,253,115,132,101,95,227,216,207,86,243,196,221,273,287,205,155,201,299,70,155,180,63,241,189,65,160,288,216,233,122,226,261,259,157,220,307,284,75,182,296,162,178,178,155,304,355,126,255,173,238,276,142,60,139,215,272,207,155,280,212,193,295,58,339,292,236,184,117,137,81,380,256,107,311,307,187,190,144,233,202,105,103,153,220
"COG2082",69,105,70,76,72,100,133,48,83,32,9,69,32,63,60,94,39,56,60,73,83,50,51,94,11,56,68,36,81,116,42,101,58,44,74,36,95,27,53,113,70,89,87,80,82,130,74,62,84,66,51,59,71,69,89,93,30,66,67,44,74,106,45,77,54,114,67,72,91,54,89,58,51,63,72,79,34,59,77,65,77,71,63,67,78,58,77,49,38,47,72,78,74,63,65,96,54,83,84,118
"COG2084",45,73,80,24,34,55,361,268,109,66,17,42,30,71,59,30,42,63,100,64,37,91,117,100,40,33,127,49,42,144,47,45,21,24,46,183,38,38,48,58,67,35,112,73,69,24,41,80,103,61,43,110,21,45,59,54,404,86,52,36,56,19,58,112,44,39,227,19,108,129,46,39,45,56,30,80,16,61,44,47,61,165,21,39,68,26,121,44,34,68,65,22,131,33,28,44,63,45,64,66
"COG2085",0,0,0,0,0,17,1,0,0,0,1,0,0,24,5,1,0,13,0,0,0,0,0,0,0,3,0,13,1,3,0,0,1,6,8,0,0,0,3,0,0,3,0,6,15,4,0,1,0,1,14,7,4,0,0,3,0,0,0,0,47,0,11,0,0,2,7,1,12,3,1,22,1,6,3,0,25,1,3,4,2,15,4,1,4,0,0,0,8,2,0,13,12,2,0,1,1,1,1,1
"COG2086",128,105,131,105,114,84,131,94,118,22,99,125,154,104,164,122,134,161,97,143,171,28,146,119,152,147,103,142,119,133,121,136,118,92,77,135,115,98,122,94,125,113,98,123,135,115,91,51,87,140,226,149,173,149,226,152,201,177,223,174,202,199,204,188,203,217,191,142,160,205,221,150,203,225,182,210,137,31,195,227,176,207,209,199,176,209,162,183,203,214,180,147,170,207,166,180,151,202,200,170
"COG2087",105,96,61,66,88,44,84,53,84,27,7,75,44,127,133,69,65,46,69,86,92,34,66,111,34,73,53,47,89,93,67,91,71,34,90,40,71,77,49,77,92,88,76,77,81,73,107,57,90,73,80,53,78,94,88,66,73,75,59,50,71,81,78,100,58,80,104,66,73,72,129,62,56,73,114,88,30,48,87,95,57,91,107,84,109,83,88,51,51,78,90,58,100,78,104,105,98,92,112,102
"COG2088",45,147,32,55,57,18,60,22,11,26,11,92,21,100,36,37,67,111,26,9,31,61,36,92,18,116,21,61,56,77,48,45,89,89,46,17,92,16,63,93,14,58,64,51,41,57,110,58,56,66,88,109,157,34,78,88,65,36,60,42,60,114,45,88,29,72,64,42,55,37,59,66,86,39,63,89,45,45,23,140,80,97,64,23,56,24,80,60,11,187,151,63,135,52,55,67,28,21,59,63
"COG2089",150,119,55,197,158,135,8,69,183,45,92,140,50,32,68,91,81,12,145,140,129,20,66,125,20,107,47,14,176,69,55,114,146,90,93,14,123,97,51,139,150,191,94,100,15,222,73,8,96,147,113,64,121,180,142,64,1,52,100,83,61,92,53,74,68,116,32,33,85,64,130,121,109,46,75,128,84,29,20,79,76,32,132,61,107,158,34,80,14,77,122,108,67,146,75,126,90,98,118,93
"COG2091",10,82,23,22,49,19,14,109,10,22,9,52,11,83,11,32,54,49,33,27,12,79,37,49,25,57,24,34,40,22,18,28,49,65,35,59,23,21,35,53,26,35,25,49,30,11,86,73,58,40,43,51,37,37,21,28,190,47,27,22,32,69,56,73,13,39,144,23,38,35,62,35,54,48,73,35,27,149,12,59,54,34,37,19,34,12,98,37,10,61,76,44,78,30,22,37,20,28,18,52
"COG2094",1,0,0,2,0,2,4,3,4,25,1,2,1,26,4,0,2,4,6,1,9,3,26,4,0,2,0,6,3,1,1,6,2,0,3,0,0,0,3,5,1,4,14,6,81,0,0,7,0,19,1,10,3,1,4,7,0,2,3,3,20,2,7,3,5,10,1,4,11,0,0,7,5,2,6,2,5,3,2,4,5,45,12,4,6,11,1,14,4,2,7,7,4,3,2,1,0,1,4,5
"COG2095",203,54,147,160,248,241,6,169,225,44,28,111,85,41,303,177,57,18,212,214,173,93,169,151,67,153,107,10,128,96,87,152,146,79,299,78,137,342,19,129,240,150,124,133,36,158,153,100,173,164,133,74,129,235,161,127,173,161,146,111,104,59,213,117,137,170,136,117,221,192,145,115,148,277,173,165,34,27,227,81,78,48,139,345,191,246,41,126,163,141,80,215,111,160,187,168,310,255,154,185
"COG2096",148,72,146,108,130,124,71,76,144,61,23,72,75,35,142,139,43,23,143,133,123,40,109,122,61,86,85,34,102,85,74,125,106,131,179,17,153,147,13,125,174,123,73,119,50,128,116,67,107,145,102,50,108,143,146,84,20,113,86,58,71,83,141,83,104,82,29,87,153,161,102,100,75,142,78,120,30,97,182,66,60,27,110,134,128,143,57,106,96,38,64,114,56,123,75,113,172,123,123,117
"COG2099",169,249,123,108,220,92,146,46,195,53,11,119,48,109,253,197,75,84,118,189,270,70,102,143,21,137,113,70,129,200,119,185,154,87,189,48,148,145,76,142,203,224,130,141,126,173,222,153,173,169,121,95,141,220,196,120,35,199,131,90,114,155,116,175,83,234,116,139,168,79,166,119,180,123,120,180,39,196,198,137,114,131,162,161,183,92,144,124,70,108,146,183,196,103,199,187,189,168,231,225
"COG2102",3,1,6,6,3,0,0,30,0,0,0,8,12,12,0,80,1,0,3,16,0,0,69,19,0,7,2,2,1,1,22,16,3,8,1,0,18,7,1,0,0,1,7,22,9,3,0,1,0,26,16,6,3,1,12,25,0,2,7,7,30,11,13,13,20,1,2,4,0,12,0,25,19,0,2,1,2,3,0,7,21,0,11,4,4,19,1,16,13,7,35,4,0,21,4,13,4,8,6,7
"COG2103",129,25,75,91,66,169,118,96,120,42,80,43,69,78,114,131,69,66,69,133,138,12,66,65,21,30,77,71,74,46,105,113,87,52,54,89,105,84,90,44,49,133,116,83,93,94,60,32,67,78,70,46,51,102,90,71,64,84,66,81,58,63,42,56,105,110,70,49,94,70,84,52,106,29,16,60,42,26,107,37,73,58,104,85,78,72,19,75,71,52,48,69,19,65,74,80,84,113,77,65
"COG2104",1,2,0,0,0,5,6,27,2,17,3,2,3,6,0,2,0,0,7,0,1,8,13,5,2,6,0,0,0,2,0,0,1,0,3,14,0,3,2,3,3,1,2,0,10,0,2,6,0,0,0,3,1,1,1,2,26,10,1,0,1,0,2,10,0,2,17,4,1,5,6,1,1,6,2,6,1,6,2,1,0,8,1,1,4,0,3,3,0,5,2,3,3,1,0,2,0,1,0,2
"COG2105",2,2,1,2,0,6,0,32,0,7,3,0,2,2,0,1,3,0,12,3,1,0,3,6,0,0,0,0,0,2,0,1,1,0,2,18,0,0,2,3,6,0,1,1,1,1,0,7,0,0,0,3,1,6,0,0,42,9,2,0,0,0,1,12,0,0,27,0,6,7,10,0,1,11,0,0,2,4,5,0,0,0,0,5,2,0,0,3,0,8,0,0,3,2,3,3,2,1,0,7
"COG2107",0,0,2,5,1,0,0,13,1,0,0,1,11,1,0,12,1,0,1,6,0,0,22,5,0,0,0,3,0,2,8,7,8,1,0,0,8,1,0,0,0,0,3,19,0,0,0,0,0,16,12,3,4,1,1,6,0,1,11,1,12,8,6,9,14,1,1,2,0,4,0,6,5,0,0,0,1,0,0,2,3,0,3,0,2,10,0,12,5,2,3,5,1,19,3,5,3,3,8,4
"COG2108",4,3,6,9,7,0,1,2,0,0,0,7,0,4,3,5,12,4,1,2,5,0,3,24,8,1,1,1,2,5,0,5,1,3,0,0,4,0,3,0,2,5,0,23,0,1,0,0,1,1,0,12,2,7,2,2,0,3,0,7,0,9,1,17,2,0,0,0,10,2,0,2,4,2,3,3,1,0,0,4,10,0,5,5,8,2,1,2,3,0,8,0,0,5,6,3,1,6,1,7
"COG2109",46,96,55,35,41,33,248,63,35,49,25,65,36,72,46,59,34,48,30,88,39,61,95,79,29,49,94,67,43,94,46,49,43,76,36,61,48,26,28,63,31,37,104,75,69,45,72,83,89,47,50,43,54,28,54,69,74,68,31,34,86,96,48,77,41,74,96,15,53,86,53,61,59,53,48,68,31,151,24,63,82,103,57,44,49,43,89,97,40,52,92,48,77,27,43,53,63,44,73,51
"COG2110",87,175,126,74,118,94,102,71,72,104,158,128,57,236,52,112,168,65,73,62,60,155,120,180,17,122,213,116,112,166,122,110,66,107,91,63,95,104,98,126,101,77,139,108,160,83,151,204,102,84,101,120,148,65,128,112,72,90,73,50,175,156,92,92,127,118,107,54,84,67,96,74,118,50,158,151,463,63,102,113,150,215,90,81,110,76,146,154,159,118,120,82,285,90,48,111,145,84,91,72
"COG2111",11,1,20,6,1,7,2,5,9,0,1,10,5,12,8,8,4,1,7,7,9,0,12,30,6,7,0,3,13,11,7,11,6,6,17,2,18,1,1,3,3,6,10,21,1,2,0,0,5,18,4,32,3,8,6,12,29,4,9,7,12,15,11,25,18,0,0,1,27,2,1,12,5,1,7,14,1,0,3,8,10,0,6,2,14,14,6,11,4,5,11,2,0,6,3,4,4,3,2,12
"COG2113",40,15,46,53,93,145,2,80,134,26,12,28,31,3,98,76,26,4,51,51,59,16,21,77,11,23,31,2,30,44,16,64,39,6,95,24,31,80,1,130,90,81,44,47,22,35,45,7,36,42,42,32,14,141,49,63,59,81,47,34,25,22,28,51,36,21,57,72,61,27,51,22,49,52,20,31,8,12,67,16,29,4,34,88,89,61,6,40,38,30,29,59,19,70,75,55,82,135,54,99
"COG2114",3,3,8,2,10,6,0,0,5,0,1,7,0,59,0,0,2,2,1,4,1,0,0,0,1,2,0,0,0,4,2,37,6,9,9,0,6,0,3,0,0,1,5,2,0,2,0,1,0,1,45,1,10,0,0,14,13,1,0,7,2,9,1,18,1,0,0,0,9,2,2,4,5,0,26,1,3,0,2,19,10,0,1,1,1,6,0,0,1,1,40,2,4,1,5,3,0,3,3,4
"COG2115",176,43,61,66,116,69,78,99,169,195,18,47,92,122,163,158,50,12,209,134,188,8,87,100,46,69,64,19,105,89,95,157,108,32,79,58,87,172,13,70,126,142,174,86,44,103,73,16,73,129,104,64,70,136,128,111,136,89,89,91,90,58,129,80,114,146,80,55,83,138,113,67,88,114,132,69,16,19,121,92,56,48,122,166,131,63,19,111,106,66,91,153,47,90,96,87,156,127,94,114
"COG2116",24,59,28,25,36,41,28,219,50,62,20,95,48,96,50,17,87,30,83,40,25,123,112,88,22,65,15,31,50,30,31,36,47,83,42,138,39,26,64,60,48,52,80,46,85,100,41,131,67,40,49,88,69,41,44,53,319,96,46,39,79,86,53,138,59,37,225,27,48,42,71,44,37,72,89,41,93,158,34,91,58,90,50,46,47,27,120,62,16,116,125,58,59,47,66,62,40,26,24,85
"COG2119",2,17,24,6,10,0,70,2,0,0,1,15,5,7,9,2,19,8,5,23,6,26,14,8,4,1,37,17,11,8,18,7,6,8,7,19,14,2,12,8,1,14,8,2,4,17,3,4,25,10,14,15,11,2,4,14,0,0,10,9,12,22,2,12,4,6,13,2,3,24,1,12,7,3,28,1,5,2,1,14,22,9,7,3,14,6,7,3,13,15,20,11,0,4,17,12,18,14,22,14
"COG2120",47,18,18,68,77,84,5,61,59,13,7,21,14,64,5,8,14,1,27,37,18,8,30,71,5,14,3,3,27,21,64,54,49,27,51,32,15,57,34,35,37,57,21,58,8,34,5,1,13,29,20,35,18,46,40,10,64,26,48,16,15,45,23,35,19,2,37,14,33,19,28,32,38,10,21,31,22,11,46,42,36,0,41,18,24,84,1,21,7,34,36,26,32,35,14,38,19,11,7,40
"COG2121",1,4,9,1,3,19,1,24,4,22,0,3,0,0,4,0,0,0,7,0,5,8,0,6,1,0,0,0,2,5,11,0,1,3,7,0,11,0,1,2,8,5,0,2,0,4,1,10,2,13,1,11,2,0,2,3,21,5,0,15,4,0,0,8,0,0,0,7,24,1,0,0,0,4,0,4,0,1,9,1,0,3,2,0,5,3,0,4,4,0,1,0,3,6,1,0,0,0,0,2
"COG2122",0,0,2,9,0,2,1,1,2,0,0,5,0,3,0,3,1,1,2,4,2,0,3,9,0,0,0,0,1,0,2,4,10,0,0,0,1,2,1,3,0,0,4,4,0,2,0,0,0,1,3,2,1,0,4,3,0,1,4,1,1,0,4,1,3,2,0,0,0,0,0,8,1,1,1,0,2,0,3,2,3,0,4,0,5,32,1,4,1,0,2,6,1,1,0,1,1,4,0,1
"COG2127",20,2,20,8,4,20,0,37,6,5,91,1,48,4,19,6,65,85,34,12,9,2,18,23,106,4,56,80,15,1,49,21,10,30,5,73,16,8,53,8,14,11,6,17,29,13,11,5,7,18,6,9,19,7,8,1,43,7,19,45,16,15,18,14,9,3,15,38,4,17,7,8,3,11,29,12,54,2,8,6,24,1,24,10,12,9,21,6,36,7,6,8,15,8,6,6,8,5,2,11
"COG2128",3,3,3,0,0,19,2,41,11,16,1,3,11,0,1,4,5,3,115,8,3,6,13,21,15,4,1,1,2,4,2,5,2,2,7,23,6,5,5,2,9,6,19,19,0,1,0,69,0,3,0,30,6,13,1,2,57,8,5,1,3,0,9,39,4,1,39,1,14,17,15,1,0,10,2,3,8,9,4,2,1,2,1,5,9,11,1,6,2,15,2,1,3,1,2,3,4,14,0,7
"COG2129",26,47,9,34,22,1,39,32,5,4,1,47,18,22,18,29,29,132,10,18,41,21,16,12,16,38,13,35,19,60,23,21,9,22,20,10,30,5,29,22,9,7,34,38,34,9,11,21,59,9,48,47,38,3,20,44,2,13,21,77,55,82,20,20,8,28,33,14,2,40,42,22,29,40,24,20,18,1,10,60,112,31,13,27,27,44,66,24,67,35,58,17,15,32,31,23,6,8,19,51
"COG2130",4,0,2,4,1,15,1,28,3,10,2,0,6,0,0,2,4,0,28,1,1,6,2,0,5,0,0,0,0,0,0,0,0,1,4,16,1,5,0,7,5,1,3,4,1,1,0,1,0,1,0,1,0,5,0,0,55,5,1,0,1,0,2,9,0,0,40,1,8,0,10,0,1,6,0,1,1,4,3,0,1,0,1,1,1,3,1,4,0,6,0,0,1,0,1,0,4,3,0,7
"COG2131",97,96,82,100,79,83,62,65,81,39,102,99,96,99,127,98,111,120,74,81,67,90,89,86,133,114,90,120,100,99,117,81,77,123,73,129,81,72,99,76,86,81,116,82,109,82,85,89,97,82,154,172,175,130,140,154,36,116,144,183,133,126,129,126,149,136,73,147,112,127,123,186,145,122,146,133,164,115,116,163,214,86,122,155,143,151,176,127,188,123,169,147,141,141,129,125,138,159,130,130
"COG2132",8,4,2,0,1,26,0,167,14,51,9,0,18,10,1,7,20,1,66,21,2,2,8,19,3,22,0,0,3,5,47,9,0,4,11,59,3,5,3,14,18,9,32,14,82,4,0,23,2,0,3,18,2,20,2,4,197,17,3,7,20,0,14,95,2,5,115,5,13,15,38,0,1,29,1,1,11,21,8,1,0,16,8,13,9,3,4,7,1,25,0,0,3,2,8,0,3,4,2,19
"COG2133",1,2,1,1,3,21,1,41,1,7,3,1,6,2,7,2,4,0,25,7,5,7,4,5,3,0,0,0,0,3,0,5,0,1,5,30,0,1,0,5,15,7,13,6,0,1,0,17,1,0,1,10,0,8,1,19,67,7,3,2,4,1,3,11,2,2,43,1,37,5,9,1,0,7,1,1,4,8,31,0,0,0,0,2,10,2,0,3,1,12,0,0,4,1,0,1,1,7,0,8
"COG2134",3,0,0,1,1,9,1,53,7,9,3,1,7,0,1,1,4,1,37,7,0,1,12,6,5,1,0,0,0,0,0,3,1,0,1,35,1,3,0,6,12,0,2,5,0,3,0,2,0,0,1,9,1,1,2,0,60,4,5,0,0,0,0,6,2,1,35,1,8,5,10,0,0,11,0,2,1,6,2,0,0,0,0,1,5,0,1,1,0,12,0,0,0,0,0,0,0,3,0,8
"COG2135",7,15,11,26,12,86,19,45,22,31,5,7,11,13,19,4,6,11,23,10,4,2,16,12,6,1,6,7,6,14,7,10,17,9,36,11,10,19,12,19,14,20,13,14,41,13,15,35,6,12,14,27,4,24,8,4,47,35,27,4,9,6,5,23,16,1,21,5,15,16,31,22,6,13,9,7,4,74,24,23,34,76,6,8,6,12,18,21,2,12,17,18,14,19,5,26,6,15,15,14
"COG2137",9,20,18,34,18,26,15,47,3,35,13,47,17,120,37,23,33,8,34,6,17,91,33,58,18,19,5,9,26,23,26,23,35,50,6,18,21,24,33,17,20,16,103,26,58,9,23,112,25,34,45,71,28,10,14,48,39,24,10,26,60,60,30,35,22,21,35,16,33,31,20,60,24,23,42,24,67,41,18,77,36,52,42,17,15,18,17,47,11,16,42,27,6,17,46,22,3,13,14,27
"COG2140",11,15,25,70,72,22,9,11,61,5,1,18,4,6,56,30,41,2,8,16,66,5,13,17,5,17,3,3,80,7,64,77,49,22,8,8,69,39,5,88,18,67,17,38,18,78,31,5,36,65,32,20,20,55,53,9,1,34,44,1,13,3,26,39,19,18,5,10,3,15,9,56,44,11,15,35,5,13,29,26,10,11,84,8,28,38,13,71,11,4,21,71,10,24,47,65,6,43,59,13
"COG2141",5,8,5,2,0,71,1,144,22,58,4,2,32,4,3,3,11,5,210,21,3,5,23,34,25,9,0,0,4,4,1,9,2,4,9,95,11,4,8,17,17,8,66,14,3,4,0,170,1,0,6,46,5,16,6,2,256,38,7,0,9,0,9,120,5,6,122,7,18,39,40,1,0,27,1,3,12,31,9,2,0,3,0,12,17,4,3,6,7,37,0,0,1,0,9,5,3,24,0,11
"COG2142",3,0,0,0,0,9,0,22,4,8,6,0,2,2,0,0,2,0,26,0,1,3,5,3,5,1,0,0,0,0,0,2,0,1,0,21,1,1,0,1,3,0,1,2,0,1,0,5,0,0,0,7,0,4,2,0,42,4,2,1,1,0,1,11,1,1,17,1,3,1,7,0,0,5,0,0,2,2,5,0,1,0,0,5,1,1,1,1,2,6,0,0,1,0,1,1,0,6,0,3
"COG2143",0,0,0,0,0,0,0,0,1,0,0,0,0,0,0,1,0,0,0,0,0,0,3,5,0,0,0,0,0,0,0,0,0,1,0,0,0,0,0,0,0,0,0,0,0,0,0,0,0,0,4,0,0,0,0,0,0,0,0,0,0,0,0,0,0,0,0,9,0,0,0,0,0,0,0,0,0,0,0,0,1,0,0,1,0,0,0,0,0,0,0,0,0,0,0,0,0,0,0,0
"COG2145",39,142,57,55,54,28,288,69,28,177,122,61,101,66,63,57,113,204,51,69,60,86,113,78,24,112,189,174,48,122,91,56,69,57,24,191,53,30,61,77,30,41,136,78,165,19,75,94,106,48,89,61,77,20,82,85,86,85,57,124,90,79,81,57,65,107,105,30,20,63,89,47,75,49,64,66,140,113,22,74,76,212,59,53,83,42,146,88,41,116,34,85,90,36,58,42,44,44,78,51
"COG2146",3,1,1,0,0,26,1,50,8,2,1,0,6,0,1,1,4,0,25,1,1,1,5,11,10,2,0,0,2,4,1,2,0,0,4,36,0,0,0,4,8,1,4,4,1,1,0,6,1,0,0,7,0,10,2,0,80,13,2,0,2,0,1,20,0,1,51,2,8,7,18,0,2,5,0,2,1,9,7,0,1,0,0,8,9,0,0,5,2,5,0,0,1,0,1,0,0,2,0,8
"COG2148",598,693,714,787,802,772,521,439,829,320,568,675,413,473,754,785,486,450,451,587,640,581,622,711,460,637,637,579,795,624,490,571,755,746,679,431,588,797,571,808,784,713,554,597,485,916,753,549,615,588,544,455,716,790,569,647,392,665,577,674,446,708,577,526,624,727,497,672,856,544,595,584,747,630,515,658,560,567,734,659,697,533,536,621,694,685,668,609,404,512,748,615,732,752,659,662,679,594,624,647
"COG2149",3,1,0,0,0,8,0,32,3,6,0,0,3,0,2,0,4,0,16,3,2,1,8,7,9,2,0,0,0,0,0,1,0,1,1,18,0,1,0,2,5,0,5,2,1,2,0,2,1,0,0,0,0,9,3,0,51,4,1,0,0,0,2,11,0,0,40,1,7,4,8,1,2,8,0,0,2,2,4,0,1,0,0,3,4,0,0,2,0,12,0,0,1,0,0,1,2,2,0,2
"COG2151",77,15,40,50,50,68,68,53,69,166,112,47,93,20,74,56,76,92,71,60,57,25,71,50,118,40,75,101,27,27,92,59,50,38,40,102,42,72,78,47,46,57,32,61,125,41,30,99,28,51,36,14,39,53,48,51,47,41,54,76,48,22,107,34,79,43,23,109,35,62,37,35,50,64,46,31,82,12,52,31,37,70,63,66,46,87,33,36,90,43,18,80,52,46,40,44,38,46,32,53
"COG2152",398,262,381,457,283,474,14,88,379,47,209,260,331,233,398,238,262,190,228,319,675,101,161,227,233,238,275,225,244,186,324,388,293,186,527,109,344,565,227,512,582,364,152,290,110,583,461,37,349,329,264,105,172,367,266,118,35,247,208,226,126,174,261,204,209,184,96,127,411,161,250,126,203,245,205,209,110,20,506,175,264,51,263,234,233,174,87,142,221,172,242,233,118,219,265,268,256,228,216,174
"COG2153",1,4,4,4,1,3,1,25,6,29,1,2,2,6,3,8,5,3,12,9,2,5,19,20,3,1,2,3,10,7,2,3,1,7,1,14,9,1,4,1,9,3,5,11,20,3,3,14,8,6,5,11,12,6,2,17,49,9,7,5,29,17,23,21,10,6,26,6,20,17,12,13,8,9,1,8,9,37,8,9,5,11,7,5,8,14,0,10,11,10,11,6,4,11,5,12,3,7,4,11
"COG2155",7,16,11,17,24,2,16,9,2,6,2,18,6,44,5,13,10,5,3,4,7,5,15,20,1,21,5,7,26,34,13,4,17,30,5,3,16,3,18,10,2,8,25,15,2,6,8,14,18,9,17,27,24,10,11,23,12,17,7,8,18,38,15,21,9,19,15,10,10,4,9,42,16,11,23,21,14,38,0,26,18,12,13,7,7,8,14,18,3,15,40,17,19,11,21,22,7,9,9,13
"COG2156",81,38,72,65,72,84,106,102,97,18,7,27,115,28,107,84,27,8,76,62,47,14,48,74,22,50,65,38,48,66,109,51,42,49,61,50,57,88,7,72,82,62,53,83,18,52,50,6,64,93,32,55,50,88,58,56,76,43,55,41,78,25,79,43,71,69,42,45,83,94,39,44,61,51,42,44,8,58,74,28,32,5,54,104,80,108,10,59,31,44,35,78,23,48,40,45,83,65,45,65
"COG2158",3,30,5,3,18,7,3,7,5,7,2,16,3,26,0,6,16,4,8,0,2,1,4,15,0,18,2,9,5,6,7,6,19,6,4,3,4,1,12,22,6,8,12,9,2,1,33,21,8,11,18,33,17,1,2,6,0,10,4,6,11,9,14,11,6,13,9,7,7,9,9,6,6,8,14,10,10,24,3,6,10,4,8,1,6,5,18,7,1,9,4,6,22,3,6,7,5,2,15,4
"COG2159",37,61,71,40,58,41,109,58,33,45,26,122,24,168,68,27,41,26,80,56,32,48,103,93,11,40,33,49,65,61,114,80,70,36,48,21,59,35,84,67,27,47,107,83,79,38,43,23,71,43,82,75,58,22,47,91,85,106,37,26,105,48,49,34,39,41,36,22,47,54,20,58,32,43,52,73,31,113,36,101,116,99,44,48,98,56,75,55,33,35,79,50,36,49,55,47,40,37,69,59
"COG2160",254,290,168,287,230,322,415,116,256,365,260,203,304,145,243,243,220,330,197,245,323,50,203,164,71,114,216,287,211,192,278,193,255,96,195,254,247,265,181,185,216,257,135,184,215,381,170,166,218,212,193,124,198,179,295,134,132,255,286,274,195,147,191,171,244,239,158,227,168,245,215,141,193,121,213,212,220,378,230,212,185,120,234,200,223,157,229,189,252,151,250,184,142,188,204,190,241,230,249,194
"COG2161",5,7,5,23,1,1,17,151,15,107,5,6,2,6,10,1,6,0,34,3,5,1,23,5,5,5,4,12,16,5,19,17,0,1,3,44,3,8,2,15,8,2,15,8,8,3,8,18,15,8,9,31,8,35,4,3,61,5,6,23,10,5,6,15,3,3,47,2,3,19,9,3,13,17,5,5,3,30,10,8,7,3,7,6,9,4,7,12,3,2,6,13,4,2,12,8,8,8,7,13
"COG2162",4,1,0,5,1,13,3,2,4,5,6,1,13,11,5,5,11,1,23,1,1,0,8,23,8,0,2,0,7,9,2,18,1,0,0,30,4,0,1,11,8,4,14,14,10,3,0,8,0,11,0,13,4,6,2,7,55,9,3,2,3,4,10,19,19,1,30,4,9,3,17,2,1,7,0,5,2,2,2,12,9,23,1,5,12,1,3,17,3,11,1,1,4,3,2,2,4,1,2,13
"COG2163",1,1,1,4,1,0,0,1,0,0,1,6,0,16,0,3,1,0,0,0,0,0,2,5,0,1,0,0,3,0,2,1,5,1,0,0,1,0,1,0,0,0,3,10,0,0,0,0,0,0,4,10,0,0,0,4,0,2,0,1,14,3,2,5,4,3,0,0,0,1,2,0,0,0,1,2,4,0,0,7,3,0,4,0,1,2,0,0,0,0,3,1,0,1,1,1,0,3,0,0
"COG2165",14,2,7,4,6,30,5,110,21,13,12,3,6,2,5,6,9,6,41,19,15,10,22,43,14,9,2,5,3,4,2,13,2,6,7,54,5,3,7,17,19,10,9,18,2,10,0,65,4,9,1,29,3,11,6,13,150,9,2,5,3,3,11,60,14,3,105,8,33,33,50,2,5,34,1,2,4,22,8,0,5,4,2,14,17,10,3,6,6,21,5,3,3,6,3,4,12,12,4,20
"COG2166",133,20,80,87,101,87,7,102,124,19,132,57,127,17,104,92,81,95,108,102,80,12,89,97,141,55,105,104,60,47,92,84,64,66,114,112,69,120,100,79,122,83,42,97,56,84,83,12,71,62,69,37,67,97,114,62,83,63,114,107,69,50,113,65,71,62,75,108,89,109,93,62,81,75,72,94,78,13,123,28,49,10,86,96,109,116,34,64,114,63,53,82,63,108,87,80,137,114,77,84
"COG2168",0,1,2,0,0,7,0,24,6,8,1,0,2,0,0,0,3,0,6,1,0,7,4,4,3,3,0,0,0,2,0,0,0,3,1,23,0,1,4,2,5,1,1,2,1,0,0,5,0,0,0,0,1,5,0,0,55,0,1,0,1,0,0,14,1,0,29,2,3,1,4,0,3,7,0,1,2,4,8,0,0,0,0,7,3,0,1,1,0,5,0,0,1,1,1,0,0,3,0,4
"COG2169",26,15,14,34,30,127,0,61,90,14,4,15,15,10,22,21,14,4,64,43,38,8,57,52,13,5,2,7,8,20,11,33,32,17,17,23,25,48,3,9,62,33,36,57,31,17,37,11,21,31,29,66,17,32,32,34,54,31,22,27,20,3,36,19,58,9,57,10,70,39,40,24,13,30,29,22,9,12,100,5,39,11,15,30,27,93,1,27,13,16,41,20,23,25,24,51,24,22,7,66
"COG2170",1,2,2,1,1,8,0,34,5,3,1,0,8,1,1,1,9,0,24,2,0,2,2,6,6,0,0,0,1,2,0,0,0,0,1,29,0,1,0,3,7,1,12,5,3,1,0,7,0,0,0,3,1,2,2,0,60,2,0,1,0,0,1,27,0,0,50,1,3,5,21,1,0,11,0,1,2,7,4,0,0,0,0,5,3,0,0,2,0,11,0,0,1,0,0,1,2,3,0,4
"COG2171",0,8,7,8,2,8,53,71,7,132,5,8,18,26,1,10,3,8,13,12,4,44,24,21,14,13,1,4,2,5,6,14,6,4,3,31,23,8,11,3,14,9,17,19,36,4,1,66,1,10,24,24,6,10,7,14,70,26,22,12,34,6,54,24,27,13,34,3,31,19,10,24,15,15,4,5,47,28,11,12,7,122,8,7,20,20,6,32,10,16,9,34,1,25,6,17,7,15,6,16
"COG2172",31,122,68,62,77,55,40,40,41,44,18,82,29,129,62,65,70,31,43,35,40,61,61,94,10,87,31,37,81,98,57,74,74,71,55,12,71,51,44,113,62,75,123,86,48,73,75,65,77,52,68,150,72,54,54,104,65,57,48,44,75,113,46,68,41,58,59,37,60,38,42,94,64,78,95,85,37,145,37,137,83,59,66,34,64,70,96,87,27,69,115,67,61,52,68,58,43,32,51,74
"COG2173",138,30,64,102,79,123,4,69,82,20,4,48,42,71,84,78,62,11,54,96,121,95,71,87,15,30,36,5,84,49,84,88,78,24,131,21,102,113,43,99,117,80,45,87,6,148,95,37,105,73,85,54,35,95,130,27,29,59,90,64,42,70,29,81,57,37,34,26,86,55,123,72,77,67,43,119,15,21,166,53,72,22,82,75,83,79,15,79,21,33,58,79,25,67,66,95,142,60,98,74
"COG2175",4,0,0,0,0,10,0,24,4,11,2,0,5,1,2,0,3,1,21,6,0,2,3,8,1,0,0,0,1,0,2,0,0,0,2,23,0,2,0,5,3,1,3,6,0,4,0,6,1,0,0,4,2,4,3,0,59,8,2,0,1,0,1,12,1,1,41,0,8,8,14,0,0,5,0,0,2,7,2,0,0,0,0,6,2,0,0,4,0,12,0,1,0,0,1,0,0,5,0,10
"COG2176",207,662,333,338,307,129,874,177,98,455,99,600,167,1047,217,284,348,327,240,199,193,613,328,379,182,544,275,667,488,563,343,326,378,487,214,291,293,104,386,332,129,288,699,341,725,351,366,823,447,296,407,760,579,112,295,644,154,323,198,248,551,757,324,428,263,404,349,170,211,274,332,1023,441,285,563,394,246,436,122,791,505,652,307,227,293,211,670,489,153,494,664,397,431,227,390,360,186,273,279,363
"COG2177",211,181,219,215,178,162,165,161,165,214,222,223,202,234,217,172,298,242,213,175,173,257,227,258,228,235,230,250,246,191,232,236,197,278,133,250,249,146,235,195,176,165,216,226,176,198,177,154,206,231,259,258,220,146,193,267,177,170,187,189,248,271,217,182,229,184,169,232,158,196,167,320,214,199,230,205,217,202,140,257,259,200,232,190,182,209,268,224,257,223,228,221,210,219,211,218,132,218,211,211
"COG2179",27,64,30,54,53,7,39,36,18,46,15,75,15,80,27,33,50,33,29,9,23,121,42,79,11,51,17,38,72,76,30,34,40,69,17,23,38,7,54,43,26,21,97,49,65,54,41,123,57,24,39,93,89,16,37,129,37,38,20,42,73,120,33,58,27,50,53,16,24,25,42,121,53,34,98,62,33,73,7,94,76,46,60,30,37,40,80,38,15,47,112,53,64,30,41,53,27,27,40,54
"COG2180",3,1,6,2,0,15,0,33,9,8,1,0,10,4,2,7,5,5,31,7,4,20,13,13,6,3,0,0,0,6,0,1,0,0,3,28,5,6,2,6,3,5,7,3,3,0,0,18,1,0,2,13,1,1,3,6,51,3,0,0,4,0,3,35,0,8,43,2,5,23,23,5,0,10,11,3,2,7,1,1,0,6,0,8,9,0,2,0,0,12,2,1,1,0,1,7,5,9,2,5
"COG2181",5,1,14,6,2,25,2,31,12,11,3,2,9,13,2,5,11,1,35,8,12,10,18,11,12,6,0,0,0,2,0,10,0,4,5,20,3,10,4,16,10,10,8,2,4,2,0,14,1,2,4,23,6,7,16,9,59,10,5,2,6,2,7,26,3,7,35,4,12,8,15,3,0,13,3,3,3,12,11,5,1,4,1,8,14,3,1,1,3,10,3,2,4,5,0,4,8,2,4,4
"COG2182",26,358,41,79,89,43,76,122,20,305,15,305,301,112,41,71,173,134,124,5,23,346,86,73,18,187,50,59,145,59,99,79,157,143,82,78,76,35,160,180,41,187,68,61,231,282,161,263,228,73,148,86,257,60,69,56,144,102,96,121,62,168,97,191,47,252,202,54,19,42,142,34,144,105,211,142,494,217,15,322,225,250,88,33,93,50,244,69,53,270,364,155,370,109,111,189,61,43,111,123
"COG2183",307,456,376,327,365,220,444,304,342,143,377,403,418,421,409,383,454,554,326,469,366,474,294,292,218,416,478,548,408,316,471,375,421,432,253,450,348,273,566,300,274,371,333,390,365,320,369,406,403,465,375,499,432,315,317,423,271,381,387,420,383,432,305,319,416,405,350,421,275,390,287,571,359,314,380,333,332,472,366,458,461,274,393,265,420,330,473,339,447,413,454,319,343,375,416,287,312,295,320,429
"COG2184",60,99,96,32,75,83,31,62,42,173,247,208,93,192,28,74,147,68,65,47,73,50,119,51,284,53,333,176,59,92,67,50,34,198,136,227,50,71,77,140,52,67,51,73,132,108,100,66,76,64,46,145,164,68,62,116,58,24,92,166,76,97,40,95,81,55,67,251,42,122,87,97,41,87,114,63,236,163,20,86,88,108,57,53,62,58,107,118,116,61,115,97,172,98,48,62,16,51,55,55
"COG2185",370,97,318,308,325,391,480,299,391,42,40,264,190,235,416,501,182,67,353,551,394,101,313,257,121,288,251,94,299,275,301,460,377,158,312,156,339,369,39,309,371,404,198,349,83,332,271,58,288,488,303,145,211,435,396,295,118,247,339,227,331,168,423,238,408,338,113,273,328,527,254,199,325,368,303,309,97,27,538,233,211,44,353,436,397,390,53,335,384,241,218,349,170,510,277,281,434,477,288,368
"COG2186",79,117,97,96,77,160,265,343,103,147,30,75,62,96,92,80,79,145,145,91,77,111,122,136,63,93,88,72,99,127,80,92,84,41,153,233,84,74,48,128,128,76,135,103,63,53,44,134,67,60,137,173,96,136,135,162,928,196,162,163,181,132,156,269,111,144,421,90,363,271,239,131,156,208,110,130,63,180,187,120,161,235,138,139,131,132,174,160,114,267,116,161,152,86,111,134,114,155,146,165
"COG2188",125,180,199,172,145,288,635,548,115,377,43,145,87,225,184,125,125,125,302,246,128,566,245,195,78,152,260,116,160,228,110,172,164,95,234,273,119,132,129,216,203,144,288,153,308,289,192,393,156,183,131,168,105,136,148,182,674,269,127,103,150,118,162,268,135,137,404,79,509,265,181,125,119,216,107,142,60,171,185,211,200,343,130,162,176,220,216,171,122,193,198,141,113,115,129,176,165,124,182,179
"COG2189",155,83,113,174,159,176,137,63,201,43,382,172,226,167,65,166,248,137,91,92,179,679,98,250,289,92,626,456,67,89,413,72,180,87,167,234,109,133,362,230,116,235,77,213,300,60,221,33,254,43,156,153,125,115,195,103,1,36,285,658,231,242,130,116,146,155,55,186,36,177,185,192,54,39,102,245,548,195,108,229,185,183,182,184,140,182,239,141,231,148,136,186,96,142,107,117,106,115,128,107
"COG2190",151,304,102,112,140,91,393,310,123,710,32,169,60,88,123,137,121,137,183,114,66,1002,154,141,111,201,128,117,154,297,94,160,113,107,112,344,99,82,190,180,149,79,158,107,704,169,297,1236,153,109,115,134,112,46,140,141,645,569,124,70,70,122,137,189,58,141,352,83,214,109,167,123,153,180,109,244,118,749,95,185,153,653,92,107,121,159,574,198,37,214,184,189,250,53,88,128,82,55,143,170
"COG2191",8,3,6,1,0,5,2,4,0,0,1,5,4,22,2,5,1,2,1,6,1,1,3,9,0,0,0,2,1,8,3,9,1,1,1,0,4,2,2,7,3,6,21,5,0,2,1,4,1,3,7,24,0,5,4,2,5,8,9,2,4,2,6,3,0,2,1,1,1,2,1,6,1,3,3,3,2,4,8,10,2,0,6,3,10,3,0,0,1,2,4,2,1,2,0,3,0,0,2,4
"COG2192",1,7,18,0,30,0,0,10,0,0,20,7,0,65,5,5,15,3,3,10,0,0,13,34,3,0,1,1,1,26,6,3,15,33,1,0,8,0,17,28,2,2,16,26,1,1,28,0,3,2,1,25,35,1,2,20,0,1,13,3,8,21,0,2,7,100,1,0,0,8,0,22,1,0,4,0,2,0,0,16,11,37,2,0,0,15,2,0,5,5,80,0,2,0,1,10,0,0,12,44
"COG2193",31,10,23,31,31,11,2,81,33,12,5,25,25,8,48,35,9,8,35,43,38,7,53,69,4,18,25,3,14,20,20,30,20,7,39,31,28,53,1,13,62,30,15,41,1,17,41,7,25,26,28,17,19,42,43,17,65,45,31,14,37,14,26,63,22,19,75,22,26,24,42,36,42,41,13,44,9,13,47,13,15,10,37,54,36,49,5,21,45,26,28,18,18,41,42,53,86,63,57,27
"COG2194",192,110,282,223,230,287,261,757,368,123,546,178,376,145,263,242,404,203,226,295,178,155,534,285,736,130,527,328,138,151,184,215,193,133,319,653,196,322,381,233,320,197,251,278,182,178,144,107,197,162,215,184,127,290,204,245,735,206,386,278,375,125,182,252,288,188,453,665,259,337,252,242,207,345,92,192,501,103,264,110,316,230,174,290,350,343,154,223,344,164,128,227,113,269,160,189,372,341,180,277
"COG2195",684,608,746,730,592,695,355,430,733,227,987,626,873,547,643,670,736,857,699,645,728,850,738,732,1100,614,685,901,741,468,766,706,638,618,737,694,720,636,619,617,595,745,749,722,797,622,519,473,563,829,642,462,598,688,683,613,455,597,773,789,642,589,704,534,756,582,458,732,632,645,506,511,621,709,685,641,838,276,655,513,660,530,678,681,747,672,635,592,950,675,550,634,559,740,565,620,647,769,594,720
"COG2197",1189,475,1101,1362,732,2105,908,919,1318,1198,549,531,580,407,795,968,678,377,888,1055,1550,370,755,707,636,606,741,414,879,523,566,979,960,343,1895,804,1397,1476,290,1028,1557,1200,712,801,407,1493,908,362,1099,836,784,509,492,1987,933,623,647,1087,739,817,373,573,1243,775,949,656,721,683,1598,1279,888,794,902,1261,579,804,426,299,1370,482,779,648,1021,1012,655,974,275,858,912,665,677,855,641,979,882,1219,1266,882,1111,725
"COG2198",26,12,14,9,6,80,3,445,75,104,35,11,46,8,13,10,52,4,183,42,15,34,73,122,63,18,4,4,16,21,3,11,6,9,35,314,6,16,2,51,85,22,55,50,10,23,3,71,7,27,23,117,19,64,23,10,736,77,30,9,22,4,16,222,25,9,425,27,72,105,156,4,20,98,12,9,18,80,43,2,2,0,8,55,67,3,12,17,4,130,4,0,18,4,27,13,10,26,20,66
"COG2199",288,1751,450,404,769,627,535,1820,361,800,185,1028,467,845,315,345,879,571,765,247,230,961,595,753,261,1069,197,368,825,535,350,351,621,877,588,1091,472,179,871,813,414,542,408,547,607,897,782,823,653,429,719,646,1050,437,355,538,2579,748,448,488,624,1256,402,1357,255,735,1891,450,1104,419,870,377,670,838,1169,748,801,1071,305,889,1022,624,494,339,660,411,1058,318,180,1578,1523,538,1779,389,424,704,349,311,716,997
"COG2200",153,648,260,189,193,537,397,1287,258,648,135,451,242,497,160,172,436,250,519,136,115,467,300,418,130,410,80,171,306,163,156,121,276,354,398,715,168,103,386,473,253,222,227,281,321,252,422,319,355,167,305,358,406,225,194,205,2120,415,176,167,437,907,176,701,122,396,1259,142,721,279,479,173,335,428,518,341,339,510,190,329,405,290,211,230,254,159,416,136,85,671,731,287,827,157,147,279,183,149,279,428
"COG2201",9,97,46,21,43,30,7,46,18,8,5,68,52,3,21,15,65,19,14,17,15,127,16,34,10,76,18,12,49,13,33,19,46,55,55,27,38,4,60,38,20,39,19,18,24,86,35,10,67,46,42,18,103,19,16,34,70,24,37,36,33,111,19,53,5,40,73,14,49,10,56,22,55,30,72,29,78,4,9,35,63,12,33,10,35,11,54,7,12,95,103,41,99,32,28,50,19,13,56,59
"COG2202",73,54,113,173,91,384,39,625,212,126,29,66,114,47,101,110,98,24,202,142,156,210,138,132,75,65,31,10,49,75,15,83,64,34,258,338,210,155,20,291,240,128,80,125,23,141,88,40,120,69,93,217,60,212,128,70,1049,159,105,69,77,39,100,241,102,45,495,74,258,113,250,81,66,243,53,93,90,240,172,39,47,26,71,106,175,163,21,83,57,206,67,47,63,103,87,130,122,124,114,141
"COG2203",4,12,8,13,2,56,1,57,3,12,10,13,16,10,6,1,11,3,70,3,2,1,8,30,6,12,0,11,2,11,2,2,3,60,2,35,11,3,11,17,8,4,54,8,2,11,1,21,0,13,6,18,24,10,4,1,75,10,4,0,3,36,6,44,3,10,73,9,51,15,22,105,4,10,21,1,11,13,9,15,14,0,10,10,5,2,2,1,2,23,34,1,6,16,5,40,3,13,9,11
"COG2204",2045,499,1165,1216,1144,1379,77,676,1446,185,1291,613,1604,289,1450,1441,920,1148,1108,2289,1657,260,1168,1033,1401,1017,1200,827,1052,802,1618,1238,1251,680,1214,665,1378,1889,1005,1061,1546,1743,834,1165,487,1203,1141,48,900,1377,1082,763,750,1772,1346,912,425,1024,1081,1290,960,660,1039,962,1389,966,767,1116,1286,1226,1226,1023,1173,1119,777,1010,971,130,1839,942,915,171,1106,1471,1381,1206,284,897,1457,697,557,1024,646,1343,1207,1158,1367,1525,1009,1218
"COG2205",358,380,232,289,353,286,450,363,253,147,301,302,283,352,335,310,365,122,279,271,321,346,252,293,115,260,686,389,382,402,402,347,314,208,272,210,379,193,321,337,282,371,299,550,191,264,316,197,394,313,314,342,283,221,339,237,405,335,274,194,320,275,311,346,321,305,286,760,201,315,247,257,301,248,314,343,584,345,226,304,322,196,382,351,368,274,299,305,207,377,263,286,224,240,388,385,280,345,276,375
"COG2206",47,960,187,182,407,50,93,36,45,61,103,414,137,55,109,96,299,265,130,16,83,372,157,195,22,636,138,197,439,148,144,102,285,463,192,181,239,33,435,241,74,233,124,171,239,369,287,129,488,174,327,160,666,137,136,165,133,74,189,239,149,439,109,316,78,271,332,247,129,75,303,142,251,194,585,287,172,178,39,353,406,167,262,34,271,81,545,111,78,715,465,184,786,206,225,297,160,97,340,248
"COG2207",5026,3796,4728,5986,4744,6708,1939,2660,6896,1916,3362,3764,3775,2478,4678,4791,3211,3296,5809,5741,6402,2420,4014,4037,3482,3628,3299,2817,5001,3905,3791,4773,5668,3032,6931,2407,5369,7141,3145,4448,7438,5649,3599,4149,2468,5917,5498,2786,5068,4529,4172,3433,3484,7318,5079,3093,2991,5235,4418,5300,2890,3504,5108,4321,4339,3746,3857,3958,7030,5981,4725,3695,4343,4992,4859,5012,2579,2915,6403,3309,3927,1910,4942,5499,3997,4856,3227,4454,4221,3545,3930,4957,4250,4915,4649,5858,7575,4868,6651,4043
"COG2208",43,289,141,121,108,99,140,123,101,112,23,182,88,368,103,87,113,81,72,40,93,73,77,144,19,186,35,80,148,102,117,106,106,164,113,45,131,112,149,221,134,127,243,107,65,100,286,199,179,176,198,369,142,81,100,285,97,231,87,86,168,162,77,157,94,134,154,89,166,96,78,285,107,176,200,185,163,550,77,216,144,162,125,42,142,254,217,229,35,166,221,119,177,111,187,117,75,56,124,121
"COG2209",64,14,76,73,46,71,10,31,48,2,144,68,160,32,62,110,93,95,55,75,58,3,60,45,118,49,93,96,59,88,102,54,76,101,29,70,68,41,76,50,32,47,47,73,67,46,26,11,14,44,50,21,96,49,59,72,1,25,97,95,58,50,81,34,95,75,20,93,29,66,77,25,78,60,27,30,130,1,48,52,54,3,63,78,53,84,45,58,121,49,27,50,40,82,38,54,39,55,29,58
"COG2210",277,70,344,176,193,257,3,30,258,25,6,93,90,41,243,161,116,21,223,195,250,25,91,124,218,159,109,9,175,140,94,153,229,266,259,9,173,347,8,160,308,222,85,135,30,176,234,1,167,174,242,70,196,277,259,140,7,175,187,133,90,100,189,76,201,118,75,172,174,235,277,113,156,236,196,177,35,63,372,98,92,50,214,262,274,183,51,133,105,134,90,128,111,226,194,193,315,238,198,209
"COG2211",562,1180,439,532,576,509,1525,697,405,1476,801,773,466,842,337,582,870,752,688,516,554,972,657,948,342,850,1178,731,806,1147,670,448,484,495,449,978,413,362,657,505,350,460,2088,431,815,469,697,1185,800,594,695,454,657,447,561,967,993,818,463,498,1015,688,687,762,521,623,905,684,423,522,664,382,625,889,534,737,928,720,467,801,755,927,463,592,635,447,1045,1041,518,815,739,758,1103,512,1334,502,480,525,765,539
"COG2212",2,1,0,1,0,0,0,0,0,0,0,3,0,2,0,0,1,0,0,1,0,0,0,0,0,0,0,0,2,1,1,0,1,1,3,0,0,0,2,1,0,1,4,4,0,1,0,0,1,1,0,4,1,0,0,0,4,1,2,0,1,0,0,10,0,0,0,0,3,0,0,1,0,0,3,1,0,0,1,1,0,0,0,1,0,1,1,1,0,0,1,0,0,0,1,0,0,0,0,0
"COG2213",5,55,33,7,3,24,228,120,19,78,14,7,21,9,4,3,25,16,34,78,13,10,36,36,14,5,122,40,22,13,28,6,0,7,13,107,13,13,5,5,17,16,16,23,65,9,5,88,65,6,22,49,17,31,12,39,265,51,35,1,27,14,17,52,46,33,189,6,24,116,79,18,15,55,7,24,17,61,19,10,34,97,13,35,50,12,93,37,32,48,4,30,11,18,7,8,39,42,48,38
"COG2214",111,126,124,115,121,122,58,115,148,100,56,124,92,133,126,132,118,80,148,113,132,65,89,119,165,128,63,72,131,122,107,133,126,131,178,99,133,115,116,138,140,150,159,110,88,143,150,92,148,132,106,201,140,124,148,145,81,125,107,76,84,138,135,97,120,154,116,122,85,107,141,157,90,152,154,125,55,119,169,153,102,129,114,149,143,102,132,137,106,152,136,156,106,112,99,116,113,103,98,141
"COG2215",3,0,1,1,0,33,0,28,2,8,1,0,12,0,0,2,1,1,54,5,3,3,4,3,3,6,0,0,0,1,0,2,0,1,1,12,0,1,2,3,3,2,13,2,0,1,0,14,0,0,0,1,1,3,0,0,26,2,2,2,2,0,3,18,1,0,23,1,2,12,8,0,0,7,0,1,3,4,4,0,0,0,0,2,4,2,1,0,0,5,0,0,0,1,1,0,1,2,0,2
"COG2216",121,93,154,146,116,179,266,158,151,48,7,58,175,67,160,149,64,19,152,206,175,41,86,122,77,81,121,76,151,103,221,177,139,48,136,68,152,194,17,149,198,151,102,175,20,138,112,42,148,202,160,118,127,243,233,143,204,190,173,117,187,121,244,174,238,170,111,86,275,294,155,179,242,140,171,175,43,127,299,120,116,27,289,263,255,228,34,166,116,115,113,186,94,211,146,148,243,229,178,224
"COG2217",517,814,671,582,679,457,939,493,526,731,267,671,504,985,680,701,567,462,502,592,559,1106,561,532,489,708,539,530,657,825,660,715,615,655,468,459,583,529,514,776,571,600,833,595,890,474,698,937,793,635,1101,1175,1020,768,998,1270,724,920,789,783,1132,1161,836,1079,961,1251,926,581,645,670,1039,1045,1353,810,1031,1035,763,1275,766,1203,1033,1270,1049,837,932,736,1274,1064,758,1099,1048,950,951,932,1054,910,742,887,920,978
"COG2220",373,198,401,423,346,356,258,200,537,70,270,232,346,224,399,385,228,445,438,458,323,179,410,352,645,308,268,254,355,239,394,387,302,298,391,354,385,328,230,379,260,382,290,440,166,391,252,121,330,436,287,254,304,308,464,323,74,283,300,347,289,247,437,246,400,285,206,367,351,369,256,405,337,323,300,378,271,57,396,251,256,200,351,342,269,396,150,333,328,231,261,335,319,461,318,374,345,569,404,255
"COG2221",11,96,22,18,20,33,44,14,21,21,2,31,4,26,21,14,23,25,14,16,22,25,26,35,8,44,28,24,25,25,17,20,22,22,36,15,25,9,30,62,22,35,30,32,48,15,63,99,49,28,46,51,50,13,17,49,38,61,26,28,35,87,30,38,15,63,76,20,62,39,20,19,48,42,54,59,26,319,32,28,54,113,21,10,64,36,122,69,20,63,63,42,84,45,38,29,32,20,60,64
"COG2222",66,99,60,71,93,68,56,205,44,88,10,88,45,72,64,28,59,65,163,39,68,39,80,53,37,73,31,56,61,196,31,66,70,55,56,126,44,27,75,86,83,31,210,56,44,28,93,144,40,87,44,70,32,22,63,25,230,59,34,35,60,34,22,63,25,47,128,30,89,55,80,20,35,41,28,48,31,102,30,30,33,37,19,27,45,33,117,73,19,46,26,15,37,23,46,62,20,28,21,36
"COG2223",9,2,7,1,2,37,2,78,18,21,10,0,16,2,2,0,14,1,65,8,5,38,14,8,15,5,1,0,0,7,0,0,1,3,6,53,7,7,6,9,12,4,9,5,2,6,0,23,0,1,2,18,3,9,4,6,142,15,8,2,2,2,6,43,5,10,77,4,17,17,26,3,0,23,6,1,7,13,3,1,1,12,0,7,9,0,1,6,1,22,5,3,1,0,3,5,3,3,1,14
"COG2224",2,0,0,0,0,12,0,61,14,16,3,0,9,0,2,2,6,1,52,3,8,5,11,6,8,2,0,0,0,4,1,0,1,1,1,44,0,3,0,5,7,5,8,6,1,1,0,10,0,0,0,8,0,4,0,0,96,7,2,0,0,0,1,18,2,2,48,1,3,4,13,1,1,7,0,0,1,5,2,1,0,0,0,3,6,0,0,4,0,11,1,0,2,0,3,2,0,7,0,4
"COG2225",18,0,4,0,0,19,1,184,25,34,8,0,14,2,4,0,17,1,37,26,3,6,19,33,14,7,1,0,0,2,0,5,1,1,6,122,0,6,0,19,28,7,9,6,2,6,0,21,2,0,0,37,1,25,4,3,130,40,11,0,4,0,3,68,11,3,149,3,23,36,68,0,3,35,0,5,5,36,17,0,1,0,0,25,12,0,3,4,0,29,0,0,4,1,2,1,3,8,0,21
"COG2226",107,43,134,98,82,226,16,110,130,36,186,90,117,84,125,130,99,83,145,136,139,77,140,127,188,96,113,97,84,78,108,100,100,110,130,100,58,119,99,91,132,105,95,122,114,55,81,59,131,121,97,85,74,92,108,108,89,128,122,104,145,59,131,126,151,120,102,125,103,136,111,78,83,112,107,105,94,71,151,108,78,117,122,137,110,142,37,79,161,72,69,105,78,134,114,132,156,130,109,94
"COG2227",55,5,7,51,29,54,0,28,27,12,58,1,11,7,45,15,16,4,26,17,26,6,9,39,3,7,2,1,34,14,30,50,18,13,31,69,72,25,75,43,16,38,11,25,0,68,15,9,24,64,23,32,5,51,16,5,14,16,27,23,12,28,16,15,23,9,24,15,8,13,11,25,21,8,5,13,16,2,13,11,21,0,33,21,26,60,1,21,7,7,12,30,9,39,25,38,35,23,27,44
"COG2230",11,60,50,17,29,38,150,127,30,187,10,14,20,17,17,11,48,19,72,43,28,34,56,44,18,75,63,45,63,23,19,26,35,27,59,74,35,9,69,29,25,35,29,32,126,23,31,137,58,12,31,28,24,16,8,41,136,72,13,16,53,25,46,60,23,41,105,11,86,56,38,21,12,45,54,25,34,162,21,15,52,214,24,27,39,30,64,46,15,67,27,84,22,29,19,19,45,31,37,41
"COG2231",0,0,2,0,0,0,1,2,0,1,0,0,1,1,2,1,0,5,0,0,1,0,0,0,2,0,0,0,0,0,0,0,0,0,0,3,1,0,2,0,0,0,0,0,37,0,0,29,0,0,0,6,0,0,0,0,0,1,0,0,0,0,3,0,6,0,0,1,1,0,0,0,0,1,0,0,1,10,0,2,0,59,0,0,1,1,5,0,0,0,0,15,0,4,0,1,0,0,0,1
"COG2233",278,506,475,314,316,482,796,587,331,950,526,397,520,370,312,349,412,533,416,366,347,383,461,388,422,504,507,621,329,466,366,350,297,411,379,653,260,351,624,455,411,334,463,341,734,280,418,611,433,375,367,417,445,310,363,329,812,446,397,363,442,441,437,423,348,364,620,394,577,417,468,214,315,516,404,413,489,498,360,439,488,562,249,353,405,300,598,423,400,518,272,344,506,257,395,309,298,314,382,424
"COG2234",369,242,222,264,367,235,78,124,324,91,66,178,139,211,430,261,238,75,237,223,345,81,234,351,104,309,307,72,254,195,179,272,244,173,384,115,195,483,97,164,500,255,382,272,109,337,394,154,257,268,331,212,210,301,372,244,181,380,235,182,258,165,207,234,187,219,203,269,309,207,346,194,294,339,199,320,87,400,514,248,139,158,247,384,423,294,267,324,206,232,224,253,203,337,453,279,499,318,281,292
"COG2235",4,2,5,16,4,14,5,164,15,38,0,7,12,97,20,19,8,3,16,14,5,0,34,55,1,0,2,9,11,9,12,16,12,15,1,5,41,14,8,1,16,10,109,36,87,7,2,32,2,15,17,82,17,5,16,73,240,11,8,13,63,20,42,26,40,10,15,7,16,20,1,27,20,6,9,21,13,12,0,21,18,21,20,3,9,58,12,66,12,10,34,10,5,13,2,29,6,24,8,7
"COG2236",0,0,5,0,11,0,0,0,1,0,0,0,0,2,0,1,0,0,3,3,0,9,0,1,1,7,0,0,0,0,0,1,0,1,0,0,1,1,0,0,2,0,0,1,0,1,0,0,3,2,3,1,0,0,0,1,0,0,0,0,0,1,2,0,3,3,0,0,0,1,0,2,0,1,3,0,4,0,0,0,1,0,3,0,0,0,0,0,4,1,0,1,0,2,0,1,0,0,4,3
"COG2239",324,285,203,276,320,279,117,114,252,119,59,401,158,410,279,363,230,162,272,242,230,361,188,279,78,360,122,141,361,525,257,385,328,272,196,84,278,211,175,316,196,263,392,253,167,265,341,207,301,354,359,267,261,250,322,303,101,227,175,198,320,310,306,204,290,432,223,167,179,205,285,198,344,268,370,318,147,277,206,340,242,164,311,321,228,234,363,329,154,315,330,287,261,275,360,285,163,221,232,269
"COG2240",141,139,147,110,120,130,281,155,166,260,127,147,185,200,156,134,141,189,147,182,161,237,176,181,158,148,203,155,108,178,161,167,139,112,147,223,113,151,161,165,215,134,185,167,217,131,266,204,222,149,202,160,140,96,210,156,190,194,158,143,212,162,167,165,126,162,206,135,166,128,190,132,146,164,152,202,117,152,214,159,171,285,133,148,143,114,176,156,143,177,134,159,166,134,166,154,205,142,199,165
"COG2241",146,224,135,110,180,73,136,40,161,62,11,111,64,129,203,161,80,85,128,134,169,57,105,144,23,137,94,49,163,231,116,155,126,76,104,52,130,134,83,72,159,185,120,119,110,118,175,119,177,136,116,81,124,163,168,126,45,141,107,72,138,151,80,137,66,189,114,136,152,103,165,100,157,84,108,147,50,187,161,133,121,166,114,127,164,91,165,100,67,101,165,115,184,91,125,139,147,127,166,210
"COG2242",127,235,131,114,184,71,161,51,146,74,8,91,54,122,204,161,81,73,115,113,116,65,101,120,23,151,124,60,151,210,84,127,113,85,104,58,143,84,83,62,147,139,140,142,107,145,158,127,167,123,104,105,117,124,169,114,28,118,124,78,125,153,81,131,78,184,92,105,150,91,149,104,147,81,139,172,43,199,166,135,109,155,120,140,135,78,146,89,67,125,133,127,161,118,101,124,149,122,144,181
"COG2243",85,159,61,68,85,75,158,26,120,42,10,64,29,35,93,115,38,40,67,111,141,55,54,68,20,38,58,49,105,88,54,109,81,37,62,39,104,66,39,111,73,113,86,98,97,68,83,68,136,91,52,68,51,111,89,79,29,127,73,38,62,96,54,74,41,128,56,47,80,67,87,77,77,76,41,73,34,101,67,46,80,111,84,59,89,60,101,63,57,50,65,104,116,65,92,92,121,75,93,152
"COG2244",1313,943,888,1130,1434,1565,698,840,1312,611,1033,991,746,933,1058,957,751,558,759,855,805,981,1046,975,835,871,879,894,1147,824,996,992,1105,895,1684,553,994,1110,818,1114,1095,1184,884,1113,888,1153,1095,1058,1125,1006,646,604,588,900,574,702,365,576,808,580,604,711,643,464,603,625,552,681,705,504,644,897,766,806,670,632,587,601,832,700,621,543,589,872,695,702,688,606,648,609,706,720,603,689,605,684,785,725,706,725
"COG2246",27,34,17,35,56,9,32,50,2,86,12,56,15,77,15,29,42,25,16,14,8,80,45,42,8,46,11,24,37,63,38,26,51,46,26,13,21,9,54,39,10,27,73,23,32,48,44,69,16,15,46,44,49,17,31,103,20,20,40,21,49,52,22,42,15,37,36,26,16,10,20,51,44,25,57,41,21,22,4,71,82,95,39,27,11,5,43,37,4,50,75,63,91,17,30,32,11,19,46,28
"COG2247",0,0,0,0,0,0,0,0,0,0,0,0,0,0,0,0,0,0,2,0,0,0,0,0,0,0,0,2,0,0,0,0,0,0,0,90,0,0,0,0,0,1,0,0,30,0,0,0,1,0,0,0,0,0,0,0,0,2,0,0,0,0,0,0,0,0,0,0,0,0,0,0,0,0,0,0,0,1,0,0,0,0,0,0,0,0,0,24,0,0,0,0,0,0,0,0,0,0,0,3
"COG2249",29,8,28,44,67,39,5,106,47,49,11,9,30,23,55,61,25,5,89,41,46,42,34,35,16,31,10,4,26,23,19,35,44,22,40,69,40,43,13,30,26,60,42,16,13,34,17,108,21,27,33,47,27,114,38,44,190,57,46,35,30,19,52,92,42,68,146,31,56,51,45,56,45,53,18,33,48,47,32,10,16,65,83,56,32,67,10,49,15,59,33,91,23,30,43,54,48,95,43,47
"COG2250",0,0,0,1,0,0,0,0,0,0,0,3,0,1,0,1,1,1,0,0,2,0,1,0,0,0,0,1,1,0,1,0,0,0,0,0,0,1,0,0,0,0,0,0,0,0,0,0,0,1,1,0,0,0,0,1,0,0,0,1,3,3,0,0,1,0,0,0,0,1,0,0,1,0,0,0,0,0,0,1,0,0,1,0,0,0,0,0,0,0,2,0,0,1,0,0,1,0,0,0
"COG2252",141,266,241,126,109,142,390,366,132,493,290,240,261,340,129,130,286,306,283,133,116,390,244,233,419,257,239,138,190,265,182,159,148,251,135,402,129,80,274,215,167,139,195,200,387,120,137,495,202,231,184,254,254,109,136,220,636,197,140,253,196,246,300,269,237,230,421,123,309,225,211,154,164,256,302,195,259,359,131,287,245,409,195,183,208,144,356,181,126,262,225,188,323,126,98,185,101,125,179,164
"COG2253",0,0,1,1,2,0,0,1,0,3,427,0,28,0,0,0,0,0,0,27,0,2,31,5,152,0,1,18,3,0,21,0,0,1,7,34,2,1,1,0,6,11,1,12,2,4,0,0,2,0,0,0,0,0,0,0,0,0,0,1,0,9,0,0,0,0,0,8,0,30,0,6,0,0,1,0,92,0,0,0,9,0,0,0,1,1,0,0,16,3,0,0,4,1,0,0,0,1,0,2
"COG2255",191,195,225,233,175,196,263,206,147,290,170,240,220,279,190,224,203,193,209,215,228,237,236,210,273,196,240,254,224,209,272,262,232,242,124,196,222,166,214,224,165,203,245,207,260,193,197,208,205,235,228,268,189,157,256,281,133,202,194,252,265,286,239,223,241,222,167,220,139,243,193,315,226,204,247,220,210,178,222,252,197,239,256,196,191,214,245,214,262,200,256,237,197,212,232,180,142,179,187,212
"COG2256",218,279,256,264,195,207,300,267,234,378,265,283,269,346,226,302,292,311,216,282,266,350,297,234,262,237,214,327,272,283,321,290,248,299,178,297,290,163,281,243,179,276,325,294,459,208,232,334,237,285,270,301,285,157,270,320,190,231,289,246,355,300,258,294,310,293,240,252,196,226,224,394,244,235,310,231,307,298,197,339,292,328,264,222,239,234,299,283,282,294,305,268,255,273,256,237,166,203,226,296
"COG2257",1,19,11,7,11,8,0,4,3,0,1,13,15,2,6,3,9,9,3,2,7,23,8,6,0,23,4,1,20,4,12,4,10,16,7,4,10,1,17,14,2,9,5,7,7,30,8,0,31,6,12,3,34,6,4,4,17,4,12,16,11,36,8,15,1,5,8,9,15,1,12,8,8,9,25,19,40,0,1,8,18,3,15,1,14,12,19,1,5,35,18,10,42,8,7,14,13,9,28,15
"COG2258",11,105,39,36,22,18,126,55,24,44,13,47,22,20,26,46,27,58,44,42,23,39,41,34,16,51,48,43,34,115,35,34,32,40,12,65,32,13,41,56,22,39,40,30,71,10,38,79,40,30,43,53,27,30,30,60,114,65,24,15,35,55,23,38,20,80,85,29,31,53,67,22,41,33,30,53,14,98,11,34,44,104,20,44,30,24,112,33,11,77,36,19,86,13,31,51,16,29,52,32
"COG2259",44,15,24,55,57,44,0,93,67,16,10,26,26,15,61,39,20,5,65,57,59,13,51,65,6,41,22,3,38,27,26,46,59,15,91,46,27,100,7,30,103,57,18,36,3,42,43,18,61,27,58,23,26,68,45,20,64,53,45,46,39,15,41,67,43,40,82,29,67,65,50,33,49,40,19,59,7,13,68,14,21,10,30,65,45,43,8,42,43,27,26,37,41,50,53,57,120,72,60,46
"COG2261",2,0,6,0,0,8,0,20,5,29,0,0,0,0,1,0,2,1,9,3,0,37,5,3,1,0,0,0,0,1,0,1,0,1,3,7,0,1,4,2,3,0,3,2,32,2,1,46,1,0,0,10,2,2,2,0,37,3,1,0,1,0,2,9,3,0,17,0,3,4,8,1,1,10,0,2,1,4,1,0,0,2,0,3,2,5,5,0,0,2,0,0,0,0,1,0,0,1,2,1
"COG2262",258,282,287,252,289,209,185,246,222,344,298,323,317,312,262,247,301,272,229,208,208,267,223,303,372,313,309,302,293,314,307,242,250,257,234,263,278,241,302,229,309,253,279,258,277,237,248,313,264,274,286,241,265,215,253,239,226,279,260,289,310,255,249,251,317,242,234,325,194,273,249,174,305,251,271,274,324,272,293,287,264,309,288,271,271,254,270,254,325,254,285,252,238,308,295,245,272,288,247,293
"COG2264",205,228,208,196,203,180,158,153,185,96,159,220,167,241,195,225,219,135,171,184,174,224,164,209,261,204,218,127,211,256,172,234,226,230,173,168,213,174,157,216,148,227,221,203,189,218,195,233,203,224,223,175,248,180,215,211,147,152,191,174,210,231,178,218,213,220,208,227,158,191,182,139,215,191,225,224,208,148,154,188,198,135,211,184,187,191,178,200,182,252,226,238,188,195,187,167,171,221,200,206
"COG2265",254,559,338,349,300,293,367,394,306,427,361,497,434,476,290,368,423,515,316,346,307,532,374,356,407,428,318,410,412,409,377,334,397,426,288,397,334,239,456,343,310,388,494,316,508,324,387,667,404,338,416,406,434,329,362,485,439,415,344,324,440,447,303,466,329,413,497,334,256,360,369,440,342,362,470,389,457,408,291,449,404,383,406,299,285,272,501,417,323,483,505,343,411,339,310,383,243,282,344,387
"COG2267",56,193,63,106,125,60,113,184,58,255,31,156,80,204,38,78,97,73,110,76,39,219,129,165,39,150,47,72,145,164,85,92,90,119,79,173,116,34,142,92,62,77,221,130,118,133,89,185,170,82,125,167,134,68,89,137,275,122,81,62,162,156,100,159,77,126,243,67,106,58,118,87,111,100,148,110,138,347,52,158,125,189,123,51,98,65,278,149,36,204,176,115,154,74,127,109,53,42,70,155
"COG2268",45,111,161,99,46,195,19,434,55,56,19,95,42,57,65,68,73,42,38,60,81,239,64,54,80,59,28,23,104,40,81,101,90,99,103,80,86,114,55,185,90,123,49,57,41,130,86,45,197,33,90,191,117,83,76,89,185,80,105,79,96,151,71,147,80,102,146,30,120,92,135,50,91,104,94,82,630,51,95,101,157,51,94,52,89,97,70,73,51,134,140,66,98,105,51,80,46,104,96,97
"COG2269",4,3,1,0,1,15,1,79,7,10,11,0,4,2,5,0,11,0,21,5,2,4,12,14,5,10,2,0,1,5,0,2,1,2,5,49,0,3,4,6,17,1,9,7,2,3,0,11,1,0,0,14,5,6,3,0,124,13,3,2,5,0,5,31,2,3,76,1,11,14,21,0,3,20,0,3,2,12,6,0,1,0,0,10,9,1,2,4,2,17,0,1,4,0,0,2,4,6,1,6
"COG2270",43,72,38,48,47,2,112,71,22,284,4,63,26,57,13,65,36,63,27,18,26,137,48,27,9,74,23,53,57,132,39,35,45,40,7,42,22,7,53,39,24,23,67,46,107,11,51,39,55,53,57,57,40,16,64,43,40,31,42,14,56,64,49,53,32,55,60,29,14,27,92,28,60,25,39,74,28,54,8,83,40,142,35,44,27,18,94,55,21,103,26,66,95,24,39,64,15,13,52,56
"COG2271",97,35,97,328,161,169,7,277,144,46,192,55,271,83,164,230,60,328,210,233,135,32,161,126,56,112,34,10,230,123,242,89,196,68,77,247,87,215,100,58,95,125,231,177,128,67,43,149,76,164,140,129,65,237,103,128,319,91,143,234,160,36,153,147,259,192,235,61,244,123,98,87,216,81,40,80,98,44,101,77,85,44,123,188,93,190,15,147,67,117,57,127,120,170,76,87,88,220,53,159
"COG2272",124,68,90,72,131,64,143,46,69,187,398,115,366,113,68,100,288,511,66,36,158,131,104,111,292,98,337,453,123,44,281,172,127,89,26,337,90,61,282,160,27,79,151,141,238,211,176,116,55,86,50,47,77,81,134,65,9,67,210,243,185,121,116,109,156,61,60,200,45,120,79,122,73,227,99,83,321,9,21,185,103,237,131,136,58,48,132,104,429,124,122,163,200,53,129,114,40,54,132,109
"COG2273",310,315,247,172,248,426,126,157,191,39,270,222,184,190,149,152,119,73,280,240,283,24,207,151,842,191,268,252,134,82,196,163,233,236,387,163,141,269,233,399,360,205,86,204,91,284,218,15,193,124,186,116,244,260,359,150,2,115,139,197,124,230,327,140,184,121,80,241,336,168,194,151,141,236,105,229,124,53,259,180,254,89,195,174,216,186,48,255,239,254,132,148,183,183,160,219,238,238,218,155
"COG2274",364,234,585,341,373,777,75,343,467,219,1997,362,1483,144,223,281,782,147,302,479,812,67,163,325,595,264,960,782,197,315,363,341,327,213,199,678,418,657,819,410,293,396,283,797,340,275,462,300,451,216,357,282,229,532,485,399,89,666,582,245,549,334,159,357,289,600,329,993,160,280,557,528,283,322,107,398,1318,412,329,145,447,119,237,277,414,504,396,290,212,227,161,224,609,331,702,448,470,378,526,275
"COG2301",40,56,82,22,12,55,54,38,29,53,5,21,16,40,48,19,28,10,89,29,60,47,34,37,84,44,15,33,22,24,7,46,13,85,13,27,44,44,18,33,31,21,55,45,25,27,37,80,44,97,17,37,57,14,33,22,83,54,30,38,26,51,27,32,17,28,47,25,54,28,35,21,46,14,16,35,20,173,24,17,28,62,28,12,44,34,32,22,10,44,10,12,17,45,23,36,9,14,11,38
"COG2302",35,99,46,75,59,18,144,29,22,63,22,97,26,141,30,53,64,61,50,44,40,159,75,92,11,92,53,62,86,110,46,52,85,105,28,51,68,13,83,63,24,52,91,89,124,45,85,159,113,74,71,104,80,19,59,154,24,64,44,40,123,142,49,86,53,67,58,34,36,46,69,101,63,60,113,60,55,115,14,129,123,114,72,51,52,34,134,84,29,97,123,77,40,37,93,94,45,31,65,76
"COG2303",5,3,3,3,1,14,0,92,14,10,5,1,14,4,0,3,6,0,86,11,1,3,11,12,6,4,0,1,1,2,3,2,0,2,1,54,3,3,0,12,4,4,24,6,0,3,0,18,0,0,0,13,0,5,6,1,106,13,2,2,6,0,7,18,0,3,60,5,8,14,19,3,0,13,0,2,2,8,6,0,0,0,2,4,7,1,0,3,0,11,0,0,0,4,3,3,2,4,2,11
"COG2304",327,162,372,402,272,476,72,223,327,238,433,282,329,256,307,337,343,270,210,313,268,36,245,245,428,200,490,321,311,142,323,341,399,483,393,213,336,397,252,439,348,305,147,318,145,283,255,59,207,274,358,203,359,376,269,396,74,178,373,357,252,259,364,210,399,317,110,394,304,297,233,258,321,314,265,214,317,15,338,272,267,78,333,303,303,345,147,310,400,195,261,408,172,368,234,264,297,401,205,312
"COG2306",1,0,0,1,1,0,0,0,0,0,0,1,0,0,0,0,0,1,0,0,0,0,0,1,0,0,0,0,0,0,1,0,2,3,0,0,1,0,0,1,0,0,0,0,0,0,0,0,0,0,1,5,7,0,0,1,0,1,0,1,0,4,0,1,0,0,0,0,0,0,0,2,0,0,8,0,0,0,0,10,0,0,0,1,0,4,0,1,0,2,13,1,6,0,1,7,0,0,1,3
"COG2307",0,0,0,1,0,0,0,25,1,123,0,0,0,3,3,4,0,0,7,1,0,0,3,0,3,0,0,0,0,0,0,0,0,0,0,9,1,0,0,1,0,0,3,0,9,0,2,1,0,0,0,0,1,0,0,0,0,0,0,0,0,2,20,6,19,2,2,3,0,4,0,0,0,2,0,0,0,19,0,0,0,231,0,0,0,0,0,15,0,1,0,36,0,0,1,0,0,0,1,5
"COG2308",13,1,1,7,10,1,1,28,6,201,2,0,2,7,0,2,6,7,36,6,3,44,19,31,10,7,0,1,0,0,2,6,0,4,4,17,5,15,3,1,4,2,99,2,15,0,1,2,1,1,14,0,3,11,5,41,0,0,0,0,4,3,10,15,21,11,2,0,0,11,0,3,0,1,7,1,1,26,0,3,1,220,1,0,9,0,1,10,5,0,8,55,3,1,3,0,0,4,4,3
"COG2309",46,277,117,111,110,44,208,84,49,80,21,170,54,173,69,84,135,118,85,86,56,375,105,124,12,172,112,119,155,194,93,113,95,106,78,78,139,32,152,129,51,84,141,108,155,39,139,343,188,119,81,122,73,28,86,77,87,55,45,56,101,141,60,67,41,95,109,45,92,57,87,119,92,59,103,104,58,161,39,110,115,108,83,54,81,50,203,92,49,88,105,60,142,46,60,111,61,40,107,95
"COG2310",7,118,4,26,26,7,25,5,31,46,168,32,7,13,24,4,13,11,173,209,62,6,5,22,2,32,13,17,22,18,11,19,36,295,11,138,19,4,77,11,11,15,50,39,8,9,60,141,18,21,25,13,226,2,11,7,0,87,12,223,74,20,7,51,5,20,49,263,0,98,9,19,14,22,25,22,8,330,5,49,19,8,4,8,36,19,95,15,13,31,134,10,8,11,18,13,16,86,12,19
"COG2311",145,73,148,224,147,400,7,241,339,45,165,84,163,41,152,177,156,32,262,229,275,37,154,106,50,150,169,201,84,83,189,157,183,107,391,145,162,331,24,301,296,260,90,207,111,202,197,12,199,143,133,106,108,256,185,88,64,216,233,124,134,69,246,198,203,100,126,178,288,195,190,115,149,215,165,156,152,21,289,44,120,30,177,192,221,285,73,150,259,88,67,89,114,200,198,191,292,204,193,136
"COG2312",3,36,21,17,12,1,3,11,154,3,2,3,2,15,3,16,2,4,3,0,6,16,45,19,24,7,3,0,0,20,0,0,7,4,34,8,9,16,9,22,12,10,0,11,0,1,1,0,8,3,14,2,20,4,0,2,0,4,15,4,7,5,2,2,5,2,6,4,1,31,0,1,6,24,3,0,1,0,0,1,3,0,2,4,35,1,18,0,1,19,2,3,4,0,17,6,5,2,15,23
"COG2313",4,2,5,18,1,3,0,53,11,23,4,6,3,87,3,7,10,4,4,3,3,3,13,33,6,1,1,6,17,19,7,9,5,4,8,41,12,2,5,6,11,7,15,30,2,5,1,0,1,4,13,59,3,9,7,13,32,6,10,6,29,9,15,19,15,7,24,0,26,10,13,11,2,2,7,16,4,17,7,18,14,0,21,17,9,7,4,11,1,8,2,18,2,1,7,11,0,3,1,7
"COG2314",6,17,0,4,5,0,52,12,3,105,0,3,9,4,4,6,9,2,3,0,0,0,29,8,1,1,4,0,3,3,3,2,3,5,4,13,0,1,2,2,1,3,2,4,41,6,2,7,0,0,4,3,7,2,8,0,12,5,5,5,0,3,24,8,1,3,4,3,3,22,0,8,1,0,9,3,29,2,0,13,7,53,3,3,0,5,1,3,0,2,8,14,1,6,5,2,0,0,0,0
"COG2315",139,143,114,158,143,144,21,131,174,49,63,100,50,57,185,142,118,73,98,123,173,94,144,136,90,88,86,74,150,96,187,168,116,125,197,128,177,186,100,165,203,158,130,143,90,201,179,170,147,98,132,108,99,170,141,104,81,150,105,97,125,138,89,156,102,110,158,128,196,104,131,174,130,144,98,142,64,141,144,85,102,67,119,128,126,123,151,145,100,109,109,132,128,143,133,140,120,175,154,124
"COG2316",12,67,40,28,12,12,98,22,15,14,2,26,21,89,27,22,30,29,15,27,9,65,42,63,9,39,19,35,33,34,22,28,21,17,28,21,29,6,20,23,25,22,85,33,28,14,24,40,38,27,21,54,10,18,12,46,30,24,19,12,36,27,30,35,31,20,45,19,27,28,7,23,23,21,31,32,15,59,11,33,69,99,23,15,36,21,34,35,25,46,29,25,19,21,24,19,30,32,36,25
"COG2317",29,48,24,41,54,48,21,40,11,11,7,27,27,110,18,35,12,19,65,23,38,6,25,43,7,34,15,25,46,102,25,26,27,36,15,28,23,4,26,25,32,20,96,41,11,7,16,19,42,61,30,72,29,23,29,18,40,15,15,22,71,35,50,46,21,22,33,34,57,26,54,17,21,19,39,28,18,8,9,67,37,25,46,27,26,25,59,26,9,51,32,31,24,24,48,37,9,21,30,21
"COG2318",0,0,1,0,0,0,0,0,0,2,0,0,3,0,0,0,0,0,43,0,0,0,0,0,0,1,0,0,0,0,0,0,0,0,0,0,0,0,0,0,1,0,4,0,0,0,0,0,0,0,0,0,1,0,0,0,0,0,0,0,0,0,0,3,0,0,3,0,0,1,1,0,0,0,0,0,3,0,0,0,0,0,0,0,0,0,0,0,1,0,0,0,0,0,0,0,0,2,0,0
"COG2319",13,3,32,13,17,112,2,32,55,7,219,14,13,6,5,27,297,2,18,4,4,3,2,28,9,3,415,54,4,17,1,3,8,226,80,195,94,0,0,134,45,30,24,28,0,37,10,0,37,11,1,11,66,34,8,6,1,5,23,0,0,41,1,1,43,0,2,158,20,5,15,5,7,45,3,11,160,0,24,2,12,0,15,7,43,30,5,4,1,1,19,4,6,29,4,20,8,4,7,22
"COG2320",13,7,8,17,10,14,2,8,9,5,7,11,3,10,5,5,5,4,27,3,30,29,14,11,2,8,13,5,16,28,2,8,17,11,18,6,31,3,3,22,8,14,21,5,1,31,24,15,19,21,15,25,4,14,8,8,16,16,11,17,14,19,4,14,9,2,24,48,18,6,4,14,10,5,10,8,3,18,15,9,6,9,10,3,2,8,14,20,6,2,17,8,24,9,23,14,7,5,4,12
"COG2321",7,1,2,0,2,15,2,41,8,6,5,23,4,2,2,2,2,1,23,4,3,3,11,8,7,14,3,1,1,2,2,0,1,5,2,42,6,6,1,6,5,4,7,9,4,1,0,19,2,0,1,11,4,9,4,1,84,8,1,2,2,1,3,14,4,12,48,2,8,14,12,4,0,4,5,0,1,5,2,0,0,0,0,6,7,1,3,0,3,9,2,4,3,9,3,1,4,4,0,5
"COG2323",37,19,27,57,37,61,36,72,11,41,20,73,17,170,8,38,36,30,68,34,20,20,50,87,6,42,13,28,61,83,49,37,43,118,10,26,42,16,44,61,13,26,73,60,64,5,67,114,47,38,70,163,79,27,38,135,55,49,38,28,99,84,47,60,64,49,91,13,32,34,47,208,45,48,36,44,32,111,13,128,73,20,60,39,9,41,45,113,6,46,92,75,18,26,75,45,16,21,27,50
"COG2326",36,149,67,61,66,104,127,124,76,248,8,82,27,93,37,50,44,64,65,53,38,70,78,70,35,103,14,51,50,63,81,46,52,75,90,51,65,71,68,72,59,62,84,73,181,89,50,82,110,71,107,74,88,51,56,48,67,75,31,65,97,83,86,111,68,84,83,34,71,29,50,70,58,70,106,91,64,147,72,87,98,194,59,19,78,45,164,81,29,117,92,71,150,52,55,85,53,32,71,50
"COG2327",14,51,95,22,59,17,226,71,59,174,54,44,21,116,121,32,21,217,24,37,139,65,91,137,9,63,73,33,22,47,57,28,54,73,108,60,108,57,30,23,214,27,104,89,114,66,77,53,118,33,62,91,38,58,128,41,4,128,60,21,77,48,52,111,72,57,39,17,46,61,86,188,74,71,48,171,88,83,51,39,77,110,62,21,69,58,15,45,24,31,34,84,46,23,63,135,116,30,30,52
"COG2329",0,0,0,3,0,4,0,0,0,0,1,1,2,3,4,0,2,0,9,1,1,0,1,1,4,5,0,1,0,1,0,3,0,2,0,0,2,0,1,0,5,1,5,3,1,1,0,5,4,0,0,0,6,2,7,14,0,0,1,0,0,2,0,2,8,4,7,0,4,3,6,2,0,0,4,5,0,1,13,0,1,0,0,0,0,0,0,6,0,1,5,1,4,0,0,0,0,1,0,1
"COG2331",0,0,3,2,0,0,16,7,1,47,0,0,1,0,4,0,1,1,0,0,0,3,5,1,2,0,0,1,0,1,0,0,0,0,1,6,4,6,1,1,1,1,1,2,4,0,1,1,0,1,2,0,1,0,1,3,0,0,2,1,0,0,6,0,2,8,0,0,1,0,0,3,0,2,1,1,0,2,0,0,1,18,0,0,1,0,0,4,0,3,0,7,1,0,0,2,4,0,0,7
"COG2332",4,1,3,1,4,1,0,27,5,6,2,0,3,0,1,1,4,0,11,7,5,15,10,12,2,13,0,0,0,4,1,0,0,2,5,13,4,3,4,4,12,2,1,8,4,2,0,2,3,0,1,7,2,7,2,4,45,3,6,0,4,0,4,8,3,3,26,0,4,5,9,2,0,6,4,0,1,3,5,0,1,0,1,6,7,1,5,1,2,5,2,2,0,1,1,5,3,3,3,3
"COG2333",64,395,144,169,192,57,445,157,74,154,41,248,115,394,133,128,202,115,164,112,101,335,230,229,54,186,145,237,269,229,147,181,174,207,98,152,160,60,188,170,93,144,237,187,278,140,282,410,207,134,173,400,206,100,140,294,229,220,92,89,255,294,141,300,138,158,256,71,119,136,122,467,179,164,242,211,113,406,80,284,266,442,185,98,189,110,343,300,98,212,314,159,265,102,149,156,115,103,195,207
"COG2334",7,17,5,4,14,31,55,92,17,115,4,4,9,6,3,5,10,1,47,13,7,44,19,20,12,18,2,0,20,11,4,12,0,20,7,45,9,10,5,19,16,13,10,6,16,5,5,23,5,12,13,19,10,19,12,5,125,15,5,6,8,6,8,33,5,11,78,6,23,20,10,4,0,17,14,11,3,14,16,11,5,19,9,10,17,12,7,9,5,26,6,10,4,8,9,7,3,6,6,16
"COG2335",0,0,0,0,0,0,0,0,0,0,115,3,0,0,0,0,0,0,0,0,0,0,0,0,0,0,0,0,0,0,3,0,0,5,0,0,0,0,70,0,0,0,0,0,0,0,0,0,0,0,0,0,4,0,0,0,0,0,13,4,3,0,0,0,27,0,0,0,0,14,0,0,0,0,5,0,1,0,0,0,0,0,5,0,0,0,0,3,1,0,2,0,10,0,0,0,0,0,0,0
"COG2336",1,0,0,1,0,1,1,23,3,16,0,0,0,0,0,3,3,0,0,1,0,3,10,1,2,2,0,0,0,2,0,0,2,0,0,14,0,3,0,3,3,1,0,2,1,1,0,0,0,0,1,6,1,7,0,2,93,5,1,0,0,0,1,8,0,0,28,0,17,1,7,0,1,8,0,0,0,7,0,0,0,0,0,5,6,0,0,2,0,5,2,0,1,0,0,0,1,0,0,6
"COG2337",334,159,108,124,183,38,194,71,380,50,27,250,47,278,71,91,113,97,119,101,61,132,166,248,21,160,103,113,200,485,89,102,130,122,55,82,160,34,163,97,133,43,113,126,114,171,288,93,112,153,153,246,163,84,194,183,296,85,95,74,194,176,151,234,76,197,228,68,84,100,162,162,190,81,138,216,103,122,37,189,193,48,112,142,52,71,182,173,53,169,245,173,264,126,583,213,103,115,140,250
"COG2339",4,0,4,35,1,1,1,8,2,0,0,21,1,26,3,2,13,7,1,1,2,46,17,25,0,12,4,6,25,16,42,7,15,10,1,1,7,1,57,3,0,5,5,9,0,36,5,35,3,4,32,29,12,2,8,6,0,5,5,9,21,13,5,19,29,13,10,4,0,4,1,55,4,1,22,8,10,15,0,24,25,13,22,1,7,3,10,1,1,18,30,3,9,20,5,16,0,6,2,5
"COG2340",10,96,22,22,15,15,2,7,7,0,16,53,3,83,11,12,23,22,13,2,11,151,21,27,1,33,11,18,71,12,23,12,44,43,22,8,12,8,31,41,8,19,16,26,2,33,20,9,10,19,36,44,48,14,5,47,25,11,9,25,36,110,9,27,22,53,24,7,23,10,35,18,29,22,51,16,25,2,6,65,66,31,27,6,17,22,40,9,0,42,66,54,10,19,53,22,18,7,8,66
"COG2342",0,0,0,0,0,1,0,0,0,0,0,0,2,0,0,0,0,0,0,0,0,0,0,0,0,0,0,0,0,0,0,0,0,0,0,0,7,0,0,0,3,0,9,0,0,0,0,0,0,0,0,0,1,0,0,0,0,0,0,0,3,1,11,0,0,0,0,3,18,0,0,1,0,0,0,0,0,0,9,0,0,0,0,0,0,0,0,0,0,0,0,0,0,3,0,0,1,0,0,0
"COG2344",148,123,116,156,192,109,90,60,125,50,26,164,81,211,139,158,82,66,118,118,134,110,159,195,22,131,114,59,169,150,126,143,157,113,146,29,137,151,67,157,152,150,175,145,95,156,165,126,189,131,117,103,107,103,106,125,23,104,95,74,94,81,127,71,105,118,75,68,67,117,102,64,93,131,88,104,51,67,85,92,97,86,107,124,97,95,76,96,93,105,113,92,110,107,119,110,145,123,120,122
"COG2346",0,0,4,0,0,0,0,0,0,0,0,0,0,0,0,3,0,0,0,3,0,24,2,0,0,4,0,1,0,0,0,1,0,0,0,0,0,0,1,0,2,0,0,1,0,0,0,0,1,1,7,0,0,0,0,0,0,0,2,0,6,0,0,0,3,0,0,0,0,0,0,0,0,0,0,0,2,0,0,0,1,0,4,0,0,0,0,0,3,0,0,0,0,0,0,0,0,0,2,4
"COG2348",33,15,9,60,65,0,235,108,3,419,6,23,1,164,77,11,19,25,15,18,3,8,57,10,21,24,11,12,36,25,22,6,11,121,0,42,16,14,50,73,4,12,68,29,62,8,67,281,5,3,16,135,72,4,4,34,1,50,13,10,56,84,23,23,42,12,3,3,11,11,0,413,30,21,18,8,23,10,7,53,19,24,12,14,17,67,51,80,14,15,95,75,6,20,90,18,0,2,11,62
"COG2350",4,1,0,2,3,8,0,23,13,3,2,13,6,0,0,3,4,1,18,2,1,1,2,3,0,4,0,0,3,5,2,1,5,1,17,4,1,0,1,17,8,2,5,2,1,5,0,3,4,0,0,1,2,3,0,0,15,11,2,0,0,2,0,10,6,1,4,2,7,3,5,0,0,20,2,1,5,5,0,1,1,1,2,5,7,17,0,1,0,3,0,0,3,9,4,6,1,1,3,4
"COG2351",8,1,7,1,0,27,0,40,3,9,1,4,8,0,0,0,8,0,49,4,0,3,9,8,14,30,0,1,0,0,4,9,18,27,1,29,0,0,0,3,3,7,8,4,1,1,0,1,0,6,7,5,22,7,4,1,42,5,2,0,3,0,48,10,1,0,29,8,7,44,18,0,1,36,23,2,5,5,10,8,1,0,4,14,3,2,1,1,15,13,0,8,3,3,1,1,0,8,1,3
"COG2352",0,14,20,1,5,25,284,185,15,571,7,1,12,20,5,8,12,15,64,8,2,7,27,21,30,38,0,8,2,3,2,12,0,4,5,132,2,3,20,13,16,4,88,12,128,4,7,243,8,0,3,12,7,11,8,3,134,43,7,1,4,2,55,38,37,16,61,5,16,22,30,0,2,20,3,3,7,40,6,5,0,245,3,15,9,25,10,24,1,26,0,47,3,0,7,2,4,8,4,19
"COG2353",14,1,8,1,0,23,1,54,3,6,2,0,8,1,45,2,2,0,36,12,2,1,10,8,2,0,1,0,1,0,0,0,0,1,2,16,0,2,0,4,7,2,5,8,1,1,0,0,2,0,0,4,0,3,6,4,43,7,1,4,2,0,1,20,2,0,27,1,11,4,6,0,7,11,0,8,1,8,6,0,1,0,0,1,3,0,1,1,3,8,0,0,2,6,1,6,2,1,1,0
"COG2354",2,1,0,0,0,18,1,30,1,9,1,0,4,0,0,1,4,0,25,3,0,3,4,3,1,8,1,0,0,0,1,0,1,1,0,21,0,0,0,3,1,2,6,3,1,2,0,6,0,0,0,2,1,9,0,0,43,8,1,0,0,0,1,15,1,0,24,0,9,5,9,0,0,8,0,2,0,4,0,0,0,0,0,3,3,0,1,0,0,8,0,0,2,0,2,1,0,4,0,2
"COG2355",141,82,168,83,96,90,33,47,152,62,306,111,204,122,131,84,163,266,169,122,160,48,100,158,336,114,207,235,110,136,168,142,104,149,128,184,70,116,228,41,170,132,109,145,141,79,122,42,87,132,183,166,223,150,238,166,103,255,300,257,219,133,208,145,237,161,139,318,134,176,168,149,150,194,220,178,273,107,160,160,142,62,186,240,204,172,224,100,333,185,130,136,117,169,220,175,178,174,189,127
"COG2356",63,0,149,11,7,14,1,37,5,14,78,158,32,15,4,7,28,2,30,124,2,31,112,13,332,2,0,4,12,0,26,8,0,126,10,108,14,8,3,11,20,3,7,9,2,5,0,7,4,30,10,13,84,13,12,16,56,6,25,7,31,32,9,21,71,6,35,46,4,46,10,2,11,10,12,0,66,3,8,38,33,0,234,11,54,20,2,21,11,10,12,1,13,109,5,10,7,5,4,5
"COG2357",59,410,100,124,200,57,284,88,71,357,32,186,61,158,136,92,134,113,81,38,52,289,163,119,39,229,90,106,162,152,76,78,121,164,124,109,115,65,185,166,97,93,111,138,247,145,151,416,170,102,157,118,167,52,96,144,173,233,86,94,134,184,108,157,82,137,167,120,109,98,99,209,133,126,182,193,93,307,71,159,218,243,109,66,107,84,337,142,52,190,261,169,249,92,123,155,91,75,158,143
"COG2358",74,109,47,63,74,18,61,9,34,14,8,95,34,107,29,78,65,65,40,32,55,81,39,111,19,87,29,69,86,76,41,76,84,45,36,23,73,54,71,121,36,59,94,82,38,37,103,34,57,61,105,72,83,28,94,83,63,46,74,77,112,149,52,73,47,96,85,29,76,48,76,77,82,51,82,100,61,128,50,87,97,69,71,51,86,26,69,84,25,151,109,76,81,53,62,81,28,31,73,91
"COG2359",1,6,1,4,4,1,31,18,4,0,0,3,0,20,3,2,5,3,0,10,2,0,5,8,1,2,10,5,3,0,5,2,12,10,0,5,5,0,4,1,0,1,15,5,0,0,2,0,5,2,7,26,8,0,1,34,0,2,0,7,5,10,2,1,4,4,1,0,1,3,0,53,11,0,10,0,2,4,0,18,14,9,17,1,1,2,3,8,1,0,19,6,5,0,2,1,5,5,6,2
"COG2360",23,7,34,16,11,13,4,28,32,6,97,4,73,7,15,29,38,96,27,34,64,5,14,25,120,4,44,93,22,6,69,32,20,34,7,85,26,10,83,7,6,32,14,33,31,29,14,6,24,30,18,16,43,42,21,7,38,42,72,64,28,41,20,67,37,28,43,63,5,34,18,26,26,23,37,18,82,6,21,11,37,4,34,9,30,12,27,11,76,11,9,25,24,17,59,38,46,19,70,20
"COG2361",24,12,19,25,26,47,4,23,58,10,43,61,8,23,13,10,90,90,41,20,52,0,26,44,41,21,53,19,12,27,58,24,36,87,61,104,48,38,57,28,41,20,25,40,22,47,33,4,9,35,33,36,63,34,24,43,0,41,25,114,30,30,62,16,37,14,26,92,55,61,10,18,12,21,60,25,62,0,31,36,50,6,31,46,23,86,17,20,162,29,67,20,47,55,33,39,9,54,25,37
"COG2362",13,7,17,9,4,22,1,16,13,2,0,4,1,29,6,9,3,3,8,3,4,13,9,13,0,3,0,2,11,5,2,17,0,3,21,18,9,4,9,13,12,7,8,11,3,5,5,5,3,8,1,32,1,4,11,10,67,15,10,1,16,2,23,2,10,7,1,1,23,4,1,10,2,3,1,9,1,3,7,17,5,15,5,5,5,13,27,14,1,3,7,5,3,6,1,10,5,1,3,11
"COG2363",4,0,1,0,0,12,2,38,7,6,2,0,4,0,1,0,11,2,16,1,1,5,6,6,3,8,0,0,0,1,0,1,0,1,2,27,4,4,0,3,3,3,2,1,1,1,0,3,0,0,0,5,0,3,0,0,32,1,2,1,2,1,0,10,0,3,17,0,6,7,10,1,0,6,1,0,1,7,3,2,0,0,0,4,2,0,1,1,0,7,2,0,0,0,0,4,0,1,0,4
"COG2364",87,228,124,77,107,109,159,97,53,32,64,137,80,103,123,74,83,315,134,108,79,195,113,113,63,227,117,60,90,89,93,92,135,152,115,87,109,93,123,173,66,64,147,96,60,85,124,105,151,133,94,95,113,75,62,122,66,140,103,68,109,69,137,86,71,110,98,59,150,142,67,97,101,223,148,89,78,181,49,170,135,212,125,65,102,74,190,79,95,101,114,97,190,82,105,91,97,81,112,141
"COG2365",109,45,80,197,143,242,48,69,144,110,6,81,39,85,123,219,40,28,87,115,151,133,73,75,10,53,44,32,152,240,89,119,142,68,199,24,137,144,34,241,117,147,93,84,179,208,131,145,135,78,90,68,52,175,134,75,10,108,122,90,81,81,92,63,112,151,41,46,191,72,115,70,110,120,82,127,23,104,124,69,79,33,125,142,104,111,89,117,30,50,76,110,46,76,99,112,129,123,91,127
"COG2366",0,0,0,0,0,0,0,0,0,0,0,0,2,0,13,5,2,0,0,1,0,0,36,0,0,1,0,0,0,0,2,0,0,0,1,0,0,1,0,1,0,0,11,0,5,1,0,0,0,0,1,0,0,0,0,0,0,17,2,0,12,0,2,0,0,0,20,0,0,0,0,0,0,17,0,0,0,1,0,0,0,0,0,3,1,0,1,5,1,19,0,0,0,3,0,1,1,3,0,10
"COG2367",257,100,151,176,161,76,136,91,169,68,342,111,147,72,288,193,166,309,144,137,153,85,175,146,44,130,282,249,155,174,284,146,151,88,139,191,161,150,71,125,125,131,174,147,119,103,113,358,133,124,101,53,97,611,140,139,228,172,185,168,170,99,168,113,83,127,155,487,117,251,99,130,195,148,100,129,27,405,153,108,119,53,118,299,131,171,236,150,229,90,221,150,159,122,143,233,182,138,138,160
"COG2368",9,7,15,12,3,23,9,19,33,21,5,12,18,11,10,14,14,4,42,22,10,3,76,35,1,5,0,7,10,19,12,36,9,8,2,45,18,2,6,28,24,13,93,32,48,13,6,14,1,13,12,47,12,16,17,10,7,34,28,14,31,9,51,17,35,11,42,4,25,11,37,19,11,38,7,23,11,5,30,3,12,60,16,7,31,62,6,38,13,29,14,7,9,7,4,10,3,23,7,15
"COG2369",3,3,54,6,61,5,4,158,0,8,8,37,21,26,145,1,2,4,9,19,9,0,26,10,11,33,1,3,23,1,9,6,12,8,2,0,1,26,4,0,2,30,1,34,32,0,1,6,1,4,25,16,5,157,13,27,4,0,22,32,2,38,14,4,28,6,19,6,150,18,16,40,3,0,14,6,12,0,13,6,16,0,13,44,25,80,1,39,5,21,16,4,2,7,49,1,15,29,1,0
"COG2371",1,6,0,4,4,5,3,1,2,4,0,33,5,18,7,0,3,3,22,0,2,58,6,6,3,8,1,2,5,5,7,6,8,4,3,0,6,5,8,7,2,2,10,7,1,3,4,31,4,9,9,2,13,4,6,7,0,13,6,0,4,4,7,9,3,9,6,4,1,3,2,0,10,4,3,8,35,78,6,7,4,7,3,2,4,34,17,2,2,3,11,14,3,4,2,2,1,6,5,11
"COG2372",4,1,1,0,1,5,0,31,2,5,2,0,1,1,0,0,3,0,10,1,0,1,4,5,3,0,0,0,0,0,0,2,1,0,4,15,1,1,0,2,9,0,6,4,0,2,0,1,0,0,0,5,0,3,1,0,34,2,1,1,1,0,5,6,0,0,27,3,4,5,8,0,0,12,0,0,1,4,3,0,0,0,0,4,3,0,0,2,0,7,0,0,3,0,2,1,0,4,1,8
"COG2373",490,133,813,638,466,1081,29,585,790,94,578,428,649,175,422,673,640,345,599,728,756,51,396,312,1297,352,776,584,412,323,598,526,674,566,638,400,835,726,401,571,612,651,366,621,363,574,307,50,380,589,455,380,438,815,631,419,366,472,724,614,295,283,564,462,798,450,356,853,598,698,442,312,431,727,371,388,502,50,716,306,464,66,585,595,763,729,157,475,636,371,316,396,270,775,425,546,526,514,448,595
"COG2374",25,0,20,3,1,7,1,0,1,11,0,20,24,5,71,9,5,5,0,0,6,0,18,38,5,32,11,1,13,23,6,3,23,6,0,1,42,151,1,0,121,1,6,5,5,0,24,35,2,7,22,6,17,4,2,36,1,24,49,8,45,8,1,13,28,12,23,57,0,11,80,1,23,1,1,0,2,0,87,10,1,28,91,35,56,11,9,28,72,30,16,0,18,42,48,38,144,68,18,15
"COG2375",2,0,0,0,0,6,0,34,6,5,1,0,2,2,0,1,2,0,11,4,0,0,3,5,4,0,0,1,0,0,0,1,0,0,3,24,0,1,0,6,8,1,6,4,0,1,0,6,0,0,0,6,0,3,4,0,35,6,2,0,0,0,0,10,1,0,17,1,4,13,5,0,1,5,0,0,2,5,3,0,0,0,0,3,6,2,1,0,3,9,0,0,1,0,4,0,0,3,0,4
"COG2376",67,127,119,29,37,90,597,154,101,102,26,37,29,23,52,28,36,33,106,184,51,188,102,92,30,52,199,98,27,59,36,67,32,16,73,164,110,28,26,41,133,61,107,111,167,56,19,297,91,91,24,118,21,61,41,51,339,117,56,56,37,40,39,81,65,13,97,39,172,151,48,94,46,60,25,34,12,208,62,43,90,137,43,41,91,81,47,59,70,39,59,26,25,81,23,36,64,72,103,59
"COG2377",44,5,17,22,21,15,1,44,23,9,4,13,33,48,22,24,22,3,24,45,50,36,11,32,9,31,1,5,41,23,31,63,24,15,6,21,65,9,7,28,18,47,25,27,7,14,17,18,13,38,23,35,14,21,47,10,55,20,22,9,25,45,22,24,7,22,47,3,13,12,33,31,18,8,8,15,64,8,19,24,4,11,31,15,22,7,1,17,6,35,10,39,3,20,37,31,15,18,17,34
"COG2378",25,43,64,86,175,94,20,90,31,48,25,86,56,132,118,134,46,18,76,40,25,142,99,147,75,64,40,26,86,59,74,89,35,110,83,51,118,89,48,34,73,115,168,86,52,76,60,66,64,59,122,186,77,56,43,134,318,160,105,57,100,58,94,142,77,80,119,101,220,110,49,63,85,143,68,48,94,43,39,107,89,19,168,99,40,86,43,130,61,77,148,31,93,70,144,80,83,130,119,214
"COG2379",29,12,29,32,26,14,46,15,17,0,2,46,24,53,4,33,25,13,60,29,31,57,15,50,1,23,32,27,35,114,50,32,31,18,25,7,29,11,56,25,0,21,51,46,53,6,35,5,39,19,61,47,23,10,68,32,29,8,17,26,62,58,48,56,25,75,58,2,17,21,53,42,46,7,42,50,21,2,8,55,39,3,44,46,12,21,33,32,8,74,14,38,11,35,48,63,17,14,15,34
"COG2382",254,149,193,161,340,145,11,148,240,35,494,145,376,71,423,216,475,215,286,133,300,78,128,271,156,217,542,382,229,122,287,234,192,170,92,323,220,168,307,166,471,217,177,278,270,269,181,37,188,272,189,88,219,164,336,139,171,189,309,170,111,196,155,223,186,241,160,364,118,208,161,149,146,232,267,203,207,99,203,179,149,4,222,247,147,197,151,85,328,203,166,308,199,186,162,326,222,232,187,230
"COG2384",15,137,42,40,54,13,165,19,39,44,10,80,23,110,43,23,76,54,18,25,21,141,45,71,17,75,59,36,74,42,26,42,57,63,22,50,42,15,67,57,24,42,71,36,88,37,111,140,75,42,55,85,73,23,40,91,33,66,33,33,46,73,35,61,31,48,51,32,35,32,25,57,40,31,76,58,28,118,17,125,85,117,42,15,49,22,109,74,24,85,116,56,87,31,31,51,32,46,77,45
"COG2385",275,421,212,309,270,248,265,62,140,84,26,316,148,372,248,218,223,124,233,199,191,269,186,233,69,320,150,160,318,322,184,233,299,218,203,72,274,181,189,263,239,241,268,235,212,219,294,190,308,263,325,257,288,182,322,283,130,198,196,160,275,361,200,246,192,243,214,164,172,223,316,365,314,237,355,315,153,188,245,319,265,220,325,246,244,183,302,207,179,358,319,256,235,314,227,276,264,204,244,287
"COG2386",4,0,6,3,3,0,0,12,3,5,0,0,3,1,1,2,4,1,11,9,1,15,6,7,4,12,2,0,1,4,0,3,2,1,4,18,3,7,9,2,6,2,25,3,2,0,0,9,6,3,1,2,2,3,4,1,11,1,1,1,4,0,1,7,5,8,16,1,3,3,4,3,0,3,6,0,0,1,2,0,0,0,3,1,2,2,1,1,1,5,0,1,0,1,0,3,1,1,1,1
"COG2388",49,11,24,40,43,65,0,65,60,18,9,18,29,12,43,25,19,2,46,32,37,45,66,51,18,22,15,7,18,23,25,43,19,15,98,15,47,76,4,46,94,39,20,53,42,40,37,18,50,42,33,16,25,50,39,50,39,45,29,14,24,12,70,29,22,14,44,26,55,29,44,36,28,36,35,46,26,8,58,11,29,36,39,51,43,70,7,27,34,18,28,16,15,41,44,57,77,46,35,30
"COG2390",16,89,59,21,46,17,394,153,45,66,15,23,30,18,32,23,35,43,210,87,29,102,81,78,36,35,118,38,25,49,22,33,18,23,31,104,26,18,30,18,36,32,100,46,141,22,10,122,74,35,12,31,11,29,15,42,116,50,10,14,28,20,58,63,46,13,55,23,86,99,24,35,19,52,14,25,16,37,34,33,43,182,20,33,67,18,32,47,38,31,19,37,15,20,23,13,66,34,72,37
"COG2391",6,1,5,0,0,25,1,101,7,22,4,0,7,2,2,6,7,8,24,5,4,3,25,12,11,19,2,0,1,7,1,3,0,6,5,66,1,4,20,13,15,10,3,12,1,5,0,103,3,2,4,26,4,17,1,1,147,21,10,2,3,0,7,41,2,0,81,2,23,5,33,5,2,37,3,1,2,23,9,0,5,1,0,12,20,11,9,9,1,24,4,3,5,0,6,4,6,8,0,15
"COG2404",17,0,2,2,0,0,0,0,0,0,1,2,2,2,1,2,0,0,0,16,0,75,0,7,0,4,0,2,1,0,6,13,1,3,0,0,26,0,5,0,0,0,6,0,28,0,16,62,1,8,0,8,11,0,1,33,2,1,4,0,4,7,0,11,0,1,12,15,0,0,0,1,2,0,4,0,0,1,0,1,0,7,3,2,0,1,0,1,4,0,17,1,4,2,0,1,0,0,1,2
"COG2405",0,1,0,0,2,1,0,0,1,0,0,4,0,1,12,1,2,16,0,0,1,0,0,3,0,9,0,4,0,5,1,2,0,1,1,1,2,1,4,2,0,0,3,0,1,0,10,0,0,5,5,1,1,1,4,4,19,0,0,1,1,1,1,3,0,0,7,0,0,3,0,1,3,1,0,15,0,0,0,1,6,0,3,0,3,3,11,0,1,18,0,1,53,2,0,2,0,4,18,2
"COG2406",13,7,9,19,10,70,0,12,29,6,0,9,11,4,8,28,0,2,13,20,37,1,10,5,1,2,0,0,4,9,1,16,19,0,67,0,20,39,0,34,27,24,4,19,7,50,23,0,18,10,7,13,4,23,9,3,0,18,18,7,3,5,25,2,26,9,3,4,42,22,27,4,6,35,8,16,2,0,47,2,11,0,11,17,29,34,0,22,8,7,14,5,12,13,6,15,13,16,6,16
"COG2407",585,467,461,468,387,427,552,269,367,169,569,356,421,448,508,405,533,474,467,470,644,269,278,393,471,430,655,451,469,298,433,530,535,369,489,454,406,453,334,446,406,585,471,349,279,728,495,321,480,464,550,284,478,553,504,335,466,592,505,418,323,459,363,417,306,418,396,374,358,394,474,321,492,412,378,486,432,587,598,460,397,182,526,423,435,241,474,407,465,403,340,389,574,453,562,469,515,537,656,384
"COG2409",0,0,1,0,0,0,0,0,0,93,0,0,0,1,0,0,0,0,8,0,0,0,0,2,0,0,0,0,0,0,0,0,0,0,0,1,1,0,0,0,0,0,0,0,152,0,0,3,0,0,0,0,0,0,0,0,0,0,0,0,0,0,0,0,0,0,0,0,0,0,0,0,0,0,0,0,0,1,0,0,0,22,0,0,0,0,0,0,0,0,0,0,0,0,0,0,0,0,0,0
"COG2414",54,8,24,15,49,3,39,150,14,24,9,34,29,56,7,41,31,22,22,64,42,90,34,32,9,37,28,53,18,127,37,21,11,19,13,74,43,24,22,23,30,14,60,56,47,1,14,9,40,21,46,57,21,10,73,10,170,16,36,15,37,36,41,56,33,46,138,7,21,26,93,23,71,25,28,41,18,28,11,20,40,0,31,69,41,5,34,21,11,64,14,24,9,38,38,27,14,14,14,40
"COG2421",14,2,25,11,0,10,7,9,15,7,0,8,4,20,9,10,1,5,13,10,10,4,4,31,2,4,1,3,4,17,27,20,1,1,10,43,12,3,1,12,16,10,5,23,2,7,1,11,29,38,2,15,3,6,8,13,67,15,5,14,10,12,16,7,20,5,3,13,60,5,0,3,8,4,0,5,5,1,15,5,7,23,5,6,29,16,0,4,5,4,4,3,1,15,6,4,45,1,3,12
"COG2423",12,30,27,38,42,29,1,8,6,8,10,87,12,41,3,19,20,19,6,14,6,111,36,39,0,36,4,11,58,17,49,23,26,22,93,14,46,0,21,24,0,18,18,60,7,4,43,54,14,14,29,46,28,6,20,40,32,10,18,24,25,25,23,20,14,31,17,7,6,10,7,13,26,13,29,33,10,7,9,36,48,10,22,6,21,33,31,19,4,32,24,22,12,17,13,20,11,11,40,28
"COG2425",54,11,44,67,33,127,2,61,90,13,173,30,111,22,66,40,87,99,93,72,121,7,47,44,169,50,91,182,42,30,63,55,50,23,104,102,64,94,103,81,80,86,42,60,64,70,64,9,60,59,69,37,51,147,66,37,128,111,122,178,57,55,88,124,101,43,114,118,128,166,97,52,53,166,48,82,106,22,92,63,63,11,103,112,79,43,35,54,243,96,28,67,93,81,130,72,117,111,111,46
"COG2426",4,1,4,14,1,0,6,4,1,1,8,5,1,35,1,3,3,14,4,0,1,0,13,22,1,9,1,0,13,6,5,6,4,1,0,0,9,0,5,1,1,3,25,11,0,0,3,29,2,2,13,40,5,5,5,31,0,10,7,4,44,7,3,13,12,5,0,0,1,5,0,15,1,1,5,11,11,0,0,11,12,3,10,1,1,13,4,24,1,5,18,13,4,4,22,9,2,5,3,5
"COG2431",215,72,124,146,156,201,47,113,218,32,147,73,177,31,231,166,134,97,241,212,265,26,96,153,168,159,182,143,99,75,160,186,175,107,222,129,133,241,99,145,236,155,115,154,88,187,141,24,152,198,101,86,155,194,154,130,98,147,155,124,99,78,210,119,145,117,105,163,213,173,142,91,120,169,166,129,108,16,202,66,96,22,124,197,203,169,42,113,193,80,79,126,100,168,151,163,230,198,187,148
"COG2440",3,1,3,1,0,11,3,43,14,10,2,0,3,0,2,0,4,1,0,6,3,5,26,12,6,3,0,0,0,2,0,1,2,0,4,18,0,2,0,7,8,3,1,2,21,1,0,11,1,0,0,12,0,5,2,1,81,5,7,2,1,0,9,7,2,0,53,2,7,8,14,1,2,8,1,1,0,9,2,0,0,4,0,13,2,0,0,2,0,7,0,0,1,0,0,1,2,3,0,6
"COG2452",4,29,13,14,44,2,79,14,9,24,6,18,24,8,80,16,14,50,22,101,7,134,33,37,23,82,29,27,27,27,7,29,20,12,19,18,32,22,23,18,16,8,29,6,85,14,24,121,17,21,23,5,11,4,10,42,0,137,19,14,18,22,18,6,11,48,36,26,1,33,17,14,31,33,25,11,6,391,12,19,27,99,8,7,18,4,73,48,42,15,47,24,19,10,15,39,22,20,33,32
"COG2453",4,0,0,0,0,2,1,61,0,5,2,0,1,3,0,0,5,0,0,3,1,5,12,14,3,1,0,0,0,1,1,0,1,0,0,18,0,1,0,2,9,4,0,3,0,1,0,1,0,0,0,0,0,0,2,0,85,11,1,0,2,0,1,18,1,0,36,0,32,3,12,0,0,13,0,0,0,7,12,1,0,0,0,4,5,0,0,2,0,17,0,0,0,0,0,1,0,1,0,5
"COG2454",0,0,0,0,0,0,0,1,0,1,0,0,0,0,0,0,0,0,0,0,0,0,0,0,0,2,0,0,0,0,0,0,0,0,1,0,0,1,2,1,0,0,1,0,0,2,0,0,0,0,0,0,0,0,0,0,0,1,0,0,0,0,0,0,0,0,0,2,0,0,0,1,0,0,1,0,0,0,0,0,0,1,0,0,0,0,1,1,0,1,0,0,0,0,0,0,1,0,0,2
"COG2461",3,57,163,16,40,2,33,11,24,92,3,43,8,13,10,13,17,10,20,3,11,101,7,28,116,51,7,5,11,15,8,20,15,178,16,7,19,5,49,24,40,20,16,27,213,45,77,277,77,13,18,10,93,26,42,3,33,14,12,23,34,100,23,46,13,24,24,14,44,3,27,22,28,37,44,75,35,117,33,37,58,69,19,1,43,13,78,11,3,38,82,20,39,18,9,22,33,10,11,35
"COG2501",17,59,23,33,40,11,33,26,16,40,5,39,8,71,26,13,30,29,15,8,13,71,46,44,8,35,14,28,36,52,19,28,36,44,17,23,30,12,48,27,19,16,36,36,50,66,35,123,32,33,49,35,26,17,27,47,33,35,28,17,46,47,25,40,33,31,47,25,28,23,30,27,32,27,34,43,24,48,6,39,47,54,28,16,34,32,80,33,12,47,55,38,62,23,38,36,16,12,32,25
"COG2502",164,130,117,173,175,165,42,103,191,79,295,192,259,189,211,194,173,266,176,163,141,54,166,127,171,168,212,257,164,171,194,143,153,129,87,216,125,148,169,106,151,149,96,148,255,123,126,256,108,162,142,185,135,171,183,121,126,151,205,224,164,93,139,144,181,157,162,226,109,178,179,93,195,158,158,129,240,136,165,162,142,76,161,180,181,179,207,166,226,156,133,134,235,182,156,166,133,200,95,161
"COG2503",0,1,11,0,0,3,0,0,4,2,0,0,0,0,3,1,1,0,7,0,5,7,1,0,2,13,1,0,0,0,0,0,0,2,1,2,0,0,5,1,2,3,0,0,1,3,0,31,2,4,0,0,2,1,1,0,0,0,0,6,0,0,0,0,5,1,0,0,20,4,1,0,0,0,1,0,0,1,7,0,1,8,0,0,3,8,0,0,0,1,1,0,0,10,0,0,1,1,0,0
"COG2508",104,615,151,202,244,82,323,112,100,348,46,329,78,335,156,153,198,248,189,68,76,506,218,313,59,302,93,182,294,314,155,217,199,291,127,118,219,97,278,195,106,174,268,238,357,236,367,504,336,144,212,298,260,90,168,227,283,341,147,145,263,351,183,249,142,279,304,141,217,165,185,190,236,202,270,328,149,681,81,378,311,655,211,87,142,147,562,325,75,282,376,261,482,140,222,245,133,121,250,191
"COG2509",350,397,348,360,363,203,358,185,312,132,320,486,300,566,394,506,450,362,274,334,326,250,373,355,372,376,399,396,389,483,438,416,428,472,181,232,399,260,395,354,237,364,516,351,363,240,386,189,384,369,445,430,443,291,426,473,125,334,381,314,526,542,334,409,406,499,329,415,206,277,361,603,429,284,428,433,324,422,302,585,404,386,430,309,351,309,491,474,273,486,433,350,381,421,471,399,259,333,384,411
"COG2510",16,59,16,38,21,14,2,15,21,6,13,47,82,99,8,23,20,58,7,15,13,9,32,51,8,39,11,33,51,75,28,26,37,44,11,8,33,7,50,27,18,33,91,47,30,5,45,30,13,25,35,34,24,11,14,34,16,20,16,15,45,59,9,18,14,35,37,3,22,14,18,57,24,13,23,28,29,54,7,28,52,27,19,12,24,11,72,27,5,21,31,22,91,13,32,28,1,8,34,15
"COG2513",51,71,58,74,105,99,13,51,94,8,5,32,42,53,21,98,35,26,36,5,49,0,13,48,15,49,14,13,73,19,45,18,52,33,69,13,165,26,32,142,25,79,20,24,5,94,23,2,64,51,40,54,60,101,39,73,112,25,46,60,35,28,13,50,62,50,37,64,76,29,70,24,36,51,58,48,14,4,56,19,27,6,92,12,63,99,18,77,38,102,98,27,32,37,119,21,22,28,18,47
"COG2514",0,0,2,0,0,0,3,1,0,1,0,0,0,0,0,0,0,0,0,0,0,1,0,0,0,1,0,0,0,0,0,0,0,0,0,0,0,0,5,0,0,0,0,0,0,0,0,44,0,0,0,0,1,0,0,0,3,0,0,0,0,0,0,0,0,0,0,0,0,0,0,0,0,1,0,0,0,6,0,0,1,4,0,0,0,8,1,0,0,0,0,0,0,0,0,0,0,0,0,0
"COG2515",18,6,20,13,12,17,22,51,32,14,80,13,10,62,28,9,12,4,17,7,6,7,42,34,10,21,1,2,14,14,9,11,10,8,10,20,17,13,5,18,50,23,21,35,39,7,7,17,3,27,9,31,6,20,17,20,78,24,26,21,23,9,25,38,35,11,34,3,72,17,16,21,7,10,19,7,15,15,30,8,26,63,24,12,31,31,38,33,4,9,9,11,11,8,2,18,3,13,17,11
"COG2516",0,1,0,0,0,0,1,0,0,0,0,0,0,0,0,0,0,0,0,0,0,0,0,0,0,0,0,0,0,0,4,0,0,0,0,0,0,0,0,0,0,0,5,3,0,0,0,0,0,0,0,9,1,0,0,0,0,0,0,0,0,13,0,0,0,1,4,0,0,0,0,87,0,0,1,0,4,0,0,13,0,0,0,0,0,0,0,0,0,2,1,0,0,0,0,1,0,0,0,0
"COG2518",4,0,0,0,0,5,0,18,3,4,2,0,3,5,1,3,4,0,11,0,1,2,4,1,1,0,0,0,0,5,0,1,0,0,3,24,0,3,0,4,2,3,2,1,0,1,0,0,0,0,1,4,0,1,1,2,22,2,1,0,0,1,1,7,1,1,18,0,2,4,3,2,0,6,0,1,1,2,5,0,0,0,1,1,2,1,0,0,1,8,1,0,1,5,0,0,1,4,2,1
"COG2519",0,2,4,1,1,1,80,15,0,156,0,0,0,7,1,3,0,2,3,3,0,0,11,3,2,0,0,1,0,3,0,0,0,1,0,27,0,2,1,0,0,2,2,0,19,1,0,5,0,1,0,13,0,0,2,1,0,2,2,0,1,0,16,0,8,9,1,0,0,1,0,1,0,1,0,0,0,11,0,5,1,69,0,0,2,1,0,11,0,0,0,18,0,3,0,0,1,0,0,4
"COG2602",7,62,15,14,69,19,53,10,36,54,5,52,16,19,61,16,32,40,18,30,27,126,52,46,85,29,18,17,27,22,30,15,14,44,8,26,31,11,30,23,37,17,15,15,21,15,22,63,33,12,18,55,14,5,7,25,69,47,8,6,17,59,17,47,4,13,68,19,19,79,14,42,27,37,29,30,18,107,45,9,65,21,28,18,44,60,82,37,16,34,63,17,330,11,22,25,70,40,31,24
"COG2603",3,2,0,0,1,29,0,56,7,6,1,0,4,0,4,1,5,0,33,4,3,3,8,8,5,5,4,0,0,2,0,0,1,0,2,28,2,3,4,5,11,2,5,2,3,3,0,15,1,20,0,6,1,7,1,0,51,3,1,3,0,1,5,15,1,0,42,5,18,8,7,0,0,10,1,0,3,10,11,0,0,0,0,6,6,4,3,5,1,10,0,0,1,5,2,0,0,0,0,3
"COG2604",0,180,31,16,106,3,0,0,0,0,6,8,79,2,1,14,44,5,2,0,8,0,5,19,2,91,7,6,29,0,5,2,42,29,4,7,17,4,53,47,19,18,4,11,0,0,26,3,23,25,25,0,82,19,2,1,0,0,2,11,46,27,4,6,2,42,28,47,0,2,23,10,14,39,32,1,227,0,0,4,28,49,20,0,17,2,17,6,2,64,16,13,36,18,41,16,38,11,43,4
"COG2605",231,148,245,144,162,222,65,46,182,31,42,136,260,41,229,82,129,40,163,134,156,24,132,111,131,199,134,167,204,160,108,211,166,160,324,38,235,517,71,69,373,137,70,162,145,129,323,46,125,260,259,177,167,146,187,153,93,168,225,224,138,122,176,130,159,84,102,196,263,237,255,121,197,233,187,197,88,34,451,149,120,116,144,338,223,185,166,144,230,189,167,152,149,223,175,209,274,235,166,182
"COG2606",112,126,114,133,107,135,184,193,76,133,27,145,66,161,103,123,101,66,165,134,103,294,176,220,34,140,101,80,161,120,135,158,177,100,121,109,151,118,102,125,124,94,158,147,114,102,139,139,132,130,152,150,122,109,127,138,147,115,107,73,139,171,172,168,113,110,150,87,139,178,99,181,123,133,157,120,99,124,84,133,135,246,103,138,103,131,131,131,92,146,161,180,139,136,105,121,77,124,127,143
"COG2607",65,185,84,88,109,17,301,27,58,52,24,170,66,107,76,101,119,94,44,61,59,130,88,100,33,146,84,117,115,208,95,89,106,154,50,64,94,49,104,136,44,106,126,85,127,104,178,99,155,80,112,96,126,42,109,106,56,109,71,53,134,192,61,108,79,157,108,49,61,121,103,83,119,87,171,138,47,223,33,145,162,171,89,78,78,47,162,168,42,170,210,87,183,66,128,106,79,63,141,121
"COG2608",27,164,15,67,48,18,75,15,31,57,16,72,38,176,67,70,41,51,49,23,25,254,42,60,27,79,32,31,93,81,52,36,48,43,40,64,77,32,113,68,28,52,221,51,169,29,66,139,138,36,54,82,108,24,61,92,36,89,47,38,61,84,30,73,26,102,132,32,17,23,67,55,74,64,79,83,98,211,22,102,103,68,48,18,46,22,272,131,32,66,103,62,78,51,83,80,33,24,41,97
"COG2609",4,2,1,1,0,45,1,76,6,16,10,0,17,1,1,2,9,7,41,11,2,5,14,7,10,37,1,0,0,5,2,7,0,10,6,52,1,3,10,13,9,2,14,10,2,4,0,25,6,0,1,8,3,9,7,2,114,16,4,0,1,0,2,42,1,1,82,7,13,14,39,0,2,18,1,1,7,20,9,0,0,0,1,7,10,0,6,4,0,30,0,0,3,0,5,4,9,9,1,10
"COG2610",154,269,156,108,131,213,466,469,257,310,52,77,93,95,236,166,90,64,256,180,180,186,203,205,92,158,166,137,126,282,82,145,112,68,194,325,125,168,113,185,202,128,201,163,172,198,129,149,196,158,123,129,87,149,144,146,688,323,137,137,86,81,116,184,127,118,448,94,442,169,170,120,166,133,138,147,66,365,229,74,138,420,87,102,197,158,167,177,70,271,128,90,262,95,92,106,115,115,118,188
"COG2703",3,76,19,16,38,8,3,0,1,2,9,58,13,10,8,9,43,34,15,1,6,84,17,24,1,75,13,21,40,4,11,21,28,37,43,3,45,2,44,37,3,39,10,18,33,40,19,0,84,26,26,8,70,22,15,14,4,4,16,24,23,68,7,39,4,19,31,17,0,9,24,15,21,28,82,36,21,0,2,20,47,5,21,3,17,13,55,1,10,63,68,29,96,20,23,28,37,15,55,51
"COG2704",228,136,179,136,167,136,188,208,244,125,27,72,114,67,253,213,100,52,211,248,259,182,110,147,225,151,138,38,148,113,99,204,181,80,143,149,136,284,32,148,177,247,92,112,58,127,107,45,182,188,131,105,90,265,204,155,594,141,164,99,138,92,177,140,164,214,243,101,238,180,158,86,155,183,126,166,115,41,195,64,110,43,149,202,219,160,47,128,153,156,78,164,71,150,193,112,184,270,142,185
"COG2706",137,196,124,96,143,164,127,108,134,72,94,100,74,90,186,91,169,40,206,89,137,203,131,106,51,167,228,52,144,102,73,95,99,75,193,124,130,234,88,141,193,141,100,118,132,274,168,137,186,102,126,65,130,100,128,108,213,152,135,93,61,97,95,135,98,85,151,177,204,141,187,98,99,149,151,136,111,120,216,146,104,214,115,132,140,78,119,106,116,147,108,129,108,119,139,133,187,139,131,118
"COG2707",1,8,9,0,0,6,36,23,11,13,1,0,1,1,0,2,6,2,10,15,2,33,7,15,1,6,23,5,0,3,3,0,1,2,0,33,0,2,1,2,2,2,20,1,20,0,0,23,15,1,0,2,1,4,1,8,37,3,0,0,1,0,1,9,0,1,24,0,2,11,10,0,0,9,0,1,0,4,3,0,12,1,0,6,4,2,0,0,3,4,0,0,0,0,1,1,9,3,8,2
"COG2710",47,118,56,50,31,26,19,16,26,25,13,32,58,50,36,30,50,40,118,19,33,45,156,150,28,34,19,34,57,114,17,52,95,56,37,39,30,14,44,111,42,46,83,103,173,33,63,64,19,54,57,48,46,28,42,71,80,59,36,40,26,86,54,56,77,100,99,66,134,15,30,42,72,47,42,56,13,0,27,55,52,229,32,43,75,43,127,69,15,42,66,72,24,18,66,28,42,40,28,59
"COG2715",163,105,205,141,178,129,43,62,172,37,354,172,232,143,236,166,222,276,155,173,175,46,115,105,211,195,216,286,151,102,238,197,153,207,152,171,150,144,242,156,159,189,129,110,128,198,171,56,168,189,141,131,190,158,149,170,44,149,188,279,147,112,154,84,168,163,95,265,150,177,117,117,156,202,196,152,202,74,164,133,124,69,183,179,176,142,137,110,249,145,123,146,133,172,165,143,173,206,125,158
"COG2716",1,1,1,0,1,11,0,39,6,8,1,0,2,2,3,1,3,1,31,5,0,3,6,6,4,2,0,0,0,2,0,0,0,0,0,21,0,0,1,2,5,1,7,3,0,2,0,6,0,0,0,5,0,6,3,0,55,4,2,0,2,0,2,14,1,1,25,1,4,4,9,1,1,7,0,0,1,12,3,0,1,0,0,3,2,0,0,0,2,6,0,0,2,0,4,0,1,4,0,6
"COG2717",49,33,32,15,0,15,1,44,10,9,4,6,10,7,7,5,7,12,22,6,5,101,34,7,3,16,3,7,0,8,1,14,13,1,149,28,5,5,8,10,14,9,7,12,0,4,9,5,19,10,47,8,12,3,83,9,55,32,4,9,7,9,3,19,2,13,33,6,41,5,129,15,58,12,40,101,8,31,3,13,2,0,3,100,7,0,5,3,3,54,7,13,25,6,13,2,2,3,8,47
"COG2718",4,3,0,0,1,18,0,48,12,16,1,0,5,0,2,0,11,0,30,2,4,1,10,14,5,0,2,0,0,2,1,1,0,0,7,31,0,4,2,7,8,1,0,3,0,1,0,3,0,2,0,16,1,9,2,0,83,7,2,1,0,1,4,18,3,1,55,2,7,6,14,0,1,16,0,1,3,10,4,0,0,0,0,7,5,0,2,2,2,9,1,3,2,0,6,1,1,2,1,11
"COG2719",1,2,0,0,0,13,0,46,5,15,6,0,8,0,1,1,5,0,48,5,3,3,9,5,5,4,2,0,0,1,0,2,0,1,6,29,2,3,1,0,9,4,6,2,0,2,0,4,0,0,1,8,2,5,2,0,44,8,0,0,0,1,4,15,1,1,38,3,8,8,9,0,0,14,0,1,4,4,6,0,0,0,0,4,2,1,0,4,1,13,0,1,1,0,6,2,1,4,0,13
"COG2720",39,156,68,90,105,15,66,36,38,22,18,129,19,266,66,66,109,81,29,22,35,82,88,61,16,104,20,48,68,75,64,92,93,176,48,25,98,30,92,55,44,60,60,66,65,104,122,59,89,96,119,286,123,35,45,249,95,57,57,66,110,131,61,142,66,75,74,42,41,20,64,375,56,41,140,85,34,140,35,219,113,177,89,19,55,55,78,71,27,86,160,71,112,47,51,61,27,40,58,59
"COG2721",328,172,222,209,213,183,312,201,261,118,294,232,303,149,337,297,129,315,258,269,364,161,229,172,323,207,160,303,235,700,243,209,241,147,185,213,226,208,244,230,267,278,349,201,243,238,150,170,222,314,190,143,198,211,247,166,557,206,227,257,227,174,185,217,195,285,280,273,328,272,277,160,244,208,325,213,109,48,276,228,221,170,269,261,238,159,277,229,279,237,210,209,160,230,189,244,170,174,189,262
"COG2723",370,514,152,207,201,141,360,566,111,515,90,375,164,226,124,268,247,232,652,105,96,909,221,223,107,329,184,161,422,647,270,222,172,191,123,294,170,61,464,307,226,147,388,179,458,261,300,676,120,156,195,208,278,94,266,205,824,505,175,102,242,324,170,311,111,279,568,185,452,208,335,188,244,218,256,407,167,1263,141,365,276,590,130,321,185,289,599,372,118,286,333,173,217,122,144,316,122,92,302,257
"COG2730",418,175,191,304,195,180,320,93,103,430,567,480,577,510,165,151,264,886,79,123,254,131,238,299,71,243,231,852,347,143,464,316,338,236,214,409,282,161,510,232,272,158,235,398,397,356,233,120,160,329,424,138,399,210,312,172,51,155,527,557,347,670,227,317,174,133,77,88,241,231,99,407,368,292,362,181,303,64,269,421,489,123,388,246,72,162,367,192,635,283,608,470,258,204,176,335,127,128,240,302
"COG2731",120,113,127,148,127,94,238,200,127,63,173,114,97,80,146,137,96,95,164,140,91,133,158,117,217,106,140,86,199,111,134,115,135,77,132,169,116,124,156,131,92,121,87,145,85,103,72,101,136,124,95,66,84,147,112,101,253,136,95,115,88,83,171,129,102,107,168,157,181,216,97,86,153,145,101,112,80,32,118,79,156,62,116,144,93,209,88,98,125,126,64,103,123,174,123,102,157,184,127,150
"COG2732",3,0,2,0,0,7,0,28,7,4,1,4,3,5,1,0,4,0,11,3,0,1,6,6,2,8,0,0,0,0,3,1,0,0,2,18,0,0,0,2,13,0,0,4,1,0,0,4,1,0,1,6,0,0,0,0,42,4,1,1,5,0,1,6,1,0,22,3,3,5,8,0,0,10,0,1,2,1,2,0,0,0,1,4,1,0,0,0,0,1,1,0,4,0,0,1,1,4,0,7
"COG2733",1,46,30,0,2,16,268,62,30,23,8,0,24,26,0,0,12,38,48,71,12,64,78,18,11,8,83,47,11,3,13,5,1,7,11,82,2,1,8,22,12,7,27,12,98,2,0,38,56,3,7,9,5,12,5,33,116,12,7,3,62,0,35,34,14,11,54,11,12,104,25,17,1,20,5,1,21,19,4,1,28,163,0,19,28,11,7,0,32,22,0,15,7,1,4,2,47,20,40,11
"COG2738",123,103,91,106,138,89,39,59,141,59,24,118,71,169,163,141,83,40,84,114,110,73,90,111,32,144,78,36,107,93,111,116,151,101,197,13,107,157,54,122,151,118,142,105,52,113,155,77,126,118,129,125,122,111,120,171,39,113,103,96,121,79,123,134,107,142,95,86,72,92,108,82,152,155,110,142,45,133,122,132,90,78,135,145,130,119,134,146,98,133,127,133,142,131,134,115,132,140,109,126
"COG2739",20,50,11,31,28,7,28,9,13,26,8,53,11,57,19,25,35,36,19,5,18,71,46,34,3,42,13,26,46,59,27,24,35,41,7,16,26,10,36,40,12,22,23,31,30,16,44,52,33,26,45,79,71,19,50,69,27,37,21,43,66,91,40,41,28,54,72,21,29,20,37,115,45,26,70,59,38,50,8,89,60,65,46,42,37,25,76,53,17,53,112,54,81,31,29,56,20,27,48,42
"COG2740",8,41,25,33,27,13,70,13,17,26,11,61,13,70,30,14,36,38,23,24,17,58,35,57,6,50,15,36,44,38,30,28,33,57,13,16,43,11,49,38,14,37,53,39,66,42,59,90,40,35,45,91,51,7,25,57,8,27,27,28,57,71,23,32,31,38,44,19,14,23,38,89,48,42,50,39,36,77,12,54,59,46,39,14,27,22,56,35,15,40,63,41,44,15,47,33,23,26,43,36
"COG2746",0,19,4,5,15,8,1,73,1,31,0,14,5,12,5,7,16,4,8,29,1,67,18,17,7,33,9,6,23,5,14,8,11,32,28,0,7,11,18,11,14,21,14,18,35,57,10,2,62,18,21,6,28,2,6,2,176,0,34,19,14,18,22,9,11,21,48,10,0,8,5,7,30,9,20,17,56,9,0,4,30,0,6,6,9,9,36,11,2,45,43,20,12,24,9,11,13,1,6,31
"COG2747",0,0,0,0,0,6,0,2,0,0,0,0,1,0,0,0,0,0,0,0,0,0,0,0,0,0,0,0,0,0,0,0,0,0,1,0,0,0,0,0,0,0,0,0,0,1,0,0,0,0,0,0,0,0,0,0,1,0,0,0,0,0,0,2,0,0,1,0,0,1,0,0,0,1,0,0,0,0,0,0,0,0,0,0,1,0,0,1,0,0,0,0,0,0,0,0,0,1,0,0
"COG2755",791,758,678,782,871,657,551,292,935,193,1064,703,970,537,919,998,680,660,671,821,748,490,627,489,468,793,963,1056,758,778,742,689,761,565,821,501,822,958,1163,647,889,969,621,668,556,619,767,409,845,680,743,353,688,953,684,637,142,713,793,988,708,592,696,610,755,860,426,1150,660,850,775,585,810,803,827,641,539,239,837,660,780,338,902,981,864,677,606,619,829,772,715,884,536,804,816,836,1044,744,762,797
"COG2759",270,327,376,306,234,257,432,215,265,414,356,312,286,418,255,287,365,380,241,298,305,326,304,296,393,286,343,396,347,321,318,350,321,379,249,321,298,232,323,303,239,313,363,278,441,219,339,423,315,328,335,350,360,262,320,421,58,308,333,299,391,318,325,265,376,347,250,306,221,262,276,402,359,274,341,308,290,389,229,384,373,412,319,283,281,295,349,343,347,328,325,281,257,282,321,259,230,283,288,339
"COG2761",0,3,5,8,0,9,0,53,0,1,0,1,2,1,3,1,1,0,24,2,0,0,7,3,3,1,0,0,0,1,2,1,0,0,0,25,0,0,8,0,2,0,15,7,16,5,0,23,0,0,1,2,1,0,2,6,1,0,0,0,1,0,1,6,0,2,0,2,7,1,0,1,1,0,3,1,3,1,0,2,0,8,2,1,1,1,0,1,0,1,0,3,1,0,0,0,1,0,0,0
"COG2764",1,0,3,0,1,14,0,17,6,8,0,0,9,0,2,1,6,0,40,5,1,0,2,9,9,1,0,1,0,2,1,1,0,0,0,16,8,0,0,2,8,2,0,7,11,5,0,5,0,0,1,7,4,13,2,1,44,4,2,1,0,1,0,10,3,0,22,0,7,3,7,3,3,10,0,2,3,8,2,0,5,3,3,4,4,5,3,2,1,9,2,1,0,6,0,5,3,1,1,4
"COG2766",2,3,3,2,0,29,1,63,12,16,5,0,12,4,1,5,13,2,51,7,4,2,16,16,6,1,0,0,0,4,1,2,0,4,7,44,0,5,0,4,11,5,8,3,2,1,0,7,0,1,0,20,0,12,2,1,88,13,5,1,3,0,8,23,2,3,68,9,8,6,28,0,1,18,0,1,6,20,6,0,0,0,0,6,5,0,1,1,0,8,0,2,2,1,4,1,3,3,0,17
"COG2768",129,146,149,116,159,65,329,80,139,131,18,147,64,133,146,201,64,63,63,190,195,94,154,144,30,101,124,86,132,227,121,152,120,86,49,182,126,84,67,73,67,167,199,141,105,50,55,78,110,143,119,155,125,137,99,146,43,120,126,84,155,117,127,157,151,194,87,54,64,109,79,106,101,70,83,88,48,204,44,152,124,148,180,120,155,128,151,123,80,78,133,131,58,145,119,133,108,137,140,125
"COG2770",0,1,1,0,0,13,0,0,0,0,0,0,1,1,0,1,2,0,27,1,0,0,0,0,1,1,0,0,0,0,0,3,0,3,4,0,1,0,0,0,7,0,9,1,0,0,0,26,3,1,1,0,2,0,0,0,0,0,0,0,0,0,1,7,0,0,2,1,0,0,0,0,2,1,0,0,4,0,0,0,0,0,0,0,0,0,6,0,0,10,0,0,0,1,14,0,0,1,0,4
"COG2771",11,14,12,6,18,40,15,391,62,99,33,9,37,22,6,3,27,3,126,26,18,21,102,82,44,17,2,3,8,20,4,13,3,5,28,211,6,26,4,49,83,15,39,43,5,18,3,32,3,12,5,59,9,71,19,4,551,73,13,6,10,3,21,100,17,10,336,36,103,55,72,27,5,79,4,22,10,76,29,6,1,14,1,54,44,7,17,38,7,77,9,2,17,1,20,11,12,14,5,58
"COG2801",783,815,1081,772,654,263,1192,3794,927,1384,2574,768,749,1236,406,773,2119,1567,637,701,532,796,1701,975,285,658,1042,795,610,669,546,696,985,827,660,1642,669,446,960,929,486,600,1112,733,1281,463,424,869,772,1129,486,1433,750,539,673,794,2215,791,669,1721,1049,925,944,474,846,740,1092,660,464,1293,1124,1186,485,665,608,672,1183,1295,366,777,988,2418,1151,849,1011,751,700,621,1376,898,683,1248,1167,457,406,722,600,1265,757,574
"COG2804",22,132,92,70,36,87,186,564,54,75,44,160,59,125,54,50,138,95,109,47,58,245,116,144,28,88,60,85,113,38,115,60,74,120,54,149,107,16,115,99,58,72,71,92,137,101,50,223,78,63,111,235,124,51,60,146,325,105,57,103,141,257,101,389,75,105,252,33,126,98,103,72,103,96,184,103,74,252,63,221,173,95,80,42,81,98,101,45,31,146,211,79,107,72,37,84,62,88,84,141
"COG2805",24,109,56,49,31,34,200,318,29,44,15,144,34,173,84,45,100,92,52,32,39,239,77,75,25,109,63,58,99,53,114,56,55,105,56,76,89,23,96,86,51,68,39,68,88,91,54,94,111,86,91,129,124,22,33,126,107,79,57,73,103,160,70,234,54,91,172,29,57,90,68,52,107,67,175,82,50,142,46,179,152,67,75,35,58,44,137,32,32,140,242,96,201,53,35,94,50,44,103,115
"COG2807",1,2,29,3,4,12,2,132,8,15,5,2,13,6,7,11,13,2,41,6,5,6,28,27,25,4,3,0,0,5,17,3,2,3,4,83,0,4,6,14,17,4,15,37,16,6,0,159,2,14,2,10,2,15,1,0,143,29,8,10,12,0,18,61,12,4,118,2,44,7,43,2,2,18,1,2,12,14,10,0,7,26,2,13,10,13,9,6,7,20,0,0,2,10,4,1,6,8,1,23
"COG2812",515,569,577,507,538,347,746,380,446,502,546,485,638,527,632,448,521,536,549,501,591,551,457,436,642,571,517,647,505,390,667,569,489,633,438,573,528,550,568,470,513,553,402,515,543,495,536,486,543,602,599,519,556,486,560,579,296,585,536,534,490,551,487,484,471,515,368,557,408,538,556,680,467,482,614,598,503,566,583,530,530,624,685,476,639,390,588,475,592,556,545,568,490,602,494,511,587,544,559,449
"COG2813",5,4,5,12,0,27,23,124,20,117,7,9,40,11,0,0,20,7,58,11,0,38,31,18,17,20,3,3,3,9,1,3,6,11,10,95,4,5,26,19,25,3,16,15,27,8,3,105,3,1,0,18,6,22,5,4,133,16,16,5,9,11,15,56,9,9,94,3,15,23,49,57,1,35,7,9,72,43,10,13,0,63,0,19,9,11,14,14,0,29,5,19,7,0,1,4,2,6,1,15
"COG2814",111,70,177,180,114,159,470,316,145,317,218,94,230,79,114,198,80,169,360,234,188,56,156,143,147,81,289,211,98,111,145,139,116,142,95,366,155,180,133,79,105,120,206,177,125,87,93,154,148,132,88,93,81,152,143,138,405,120,173,136,138,144,143,219,183,103,249,168,219,268,165,88,113,146,113,108,208,55,148,91,173,307,123,111,177,147,55,191,157,133,95,142,54,103,77,117,148,178,152,134
"COG2815",21,162,52,69,81,39,169,111,41,404,8,133,24,100,62,39,81,42,36,16,29,132,78,63,34,111,23,46,119,89,47,78,74,136,57,49,80,21,103,66,57,62,114,47,182,136,105,278,100,122,81,153,94,28,59,139,72,135,66,51,85,150,70,127,94,95,98,31,47,20,63,205,76,66,115,83,50,353,41,178,126,321,82,12,47,38,166,102,16,117,119,90,64,51,61,56,17,32,80,135
"COG2816",85,158,104,110,115,110,123,132,123,246,197,103,149,77,112,86,108,167,138,94,109,132,109,103,166,169,99,158,117,131,109,92,126,127,118,179,113,95,143,138,121,106,95,120,139,124,112,83,131,98,110,67,124,107,116,96,123,140,146,139,99,117,122,85,133,120,140,156,125,110,115,67,132,170,127,143,144,86,114,84,127,192,112,131,122,87,156,103,149,181,76,142,154,122,118,129,123,98,109,141
"COG2818",150,50,65,94,121,115,18,132,120,45,11,39,44,31,122,134,44,11,87,54,89,85,74,117,26,58,31,11,60,44,95,120,64,70,93,53,109,136,31,133,115,104,54,105,80,60,93,112,65,68,83,84,52,128,113,118,77,86,90,50,73,77,56,86,61,75,97,55,99,62,89,154,65,71,52,96,22,25,115,55,65,68,117,121,81,90,41,80,55,53,71,112,45,84,86,92,113,135,113,85
"COG2819",133,64,63,64,86,41,166,19,58,19,25,140,27,87,43,95,46,75,82,75,71,27,89,58,35,83,95,113,82,236,72,51,90,103,38,38,100,54,89,52,86,56,45,100,81,74,91,166,89,59,60,33,65,42,55,42,2,49,43,31,61,65,42,67,34,68,78,30,17,38,83,109,65,41,51,68,27,95,29,76,91,50,43,70,52,33,72,38,34,77,55,68,51,44,50,64,82,22,56,80
"COG2820",139,118,176,166,148,143,79,119,166,68,121,147,177,97,223,185,124,131,160,152,111,43,116,170,207,125,177,160,133,152,110,180,135,165,135,99,164,138,142,162,152,147,107,160,92,121,128,125,99,197,150,130,137,147,132,170,145,131,159,133,154,103,163,126,169,155,124,156,144,130,145,108,155,128,139,141,98,90,144,157,147,90,177,164,192,166,153,141,179,115,130,145,143,171,97,147,142,185,126,151
"COG2821",9,1,20,1,7,11,0,81,8,14,3,6,9,2,9,5,17,1,49,15,7,39,11,21,12,21,2,1,2,5,1,11,0,4,10,51,14,19,5,12,13,4,7,17,6,6,0,13,3,7,4,11,9,9,12,10,81,9,14,7,9,2,11,26,9,8,57,5,13,23,17,8,0,27,12,14,13,11,10,3,4,0,3,10,16,4,4,3,6,23,3,5,4,11,5,4,4,9,8,19
"COG2822",1,0,2,0,1,15,2,52,4,12,1,0,7,1,1,1,3,1,30,7,2,0,12,15,3,1,0,0,0,1,0,1,1,0,2,30,0,2,2,8,11,2,4,7,2,2,0,76,0,0,0,7,2,11,2,0,75,4,1,0,2,0,2,14,5,1,43,1,6,14,20,0,2,15,0,0,3,10,5,0,0,2,0,6,2,3,4,1,0,15,1,0,1,1,1,0,0,2,0,5
"COG2823",9,0,13,4,6,18,0,82,13,20,8,0,27,3,7,4,20,2,49,13,4,42,12,21,13,22,0,0,0,5,1,2,0,7,10,54,7,5,2,5,19,6,15,14,4,3,0,23,6,6,7,17,3,14,4,5,147,16,11,2,5,1,4,48,6,1,92,3,13,16,32,6,0,18,4,1,40,13,11,3,2,0,2,16,7,2,5,0,5,28,2,3,5,3,4,13,8,1,6,13
"COG2824",3,1,0,0,0,3,1,31,6,10,4,0,1,0,0,0,5,0,10,2,2,5,8,8,2,2,4,1,0,2,0,0,1,3,4,21,0,3,5,7,9,0,1,4,0,0,0,24,1,3,0,11,0,10,0,0,71,10,2,1,3,1,4,10,4,1,51,5,8,10,9,0,0,23,0,2,1,7,1,0,0,3,0,12,6,2,0,4,0,17,0,1,3,1,2,1,3,3,1,9
"COG2825",11,4,17,12,16,28,0,34,22,6,4,3,37,7,7,16,8,2,31,15,19,29,25,10,9,18,1,2,7,12,4,14,13,6,26,33,17,23,5,13,26,17,10,9,1,42,18,14,18,7,16,20,10,27,23,6,51,23,13,14,5,4,10,26,19,4,49,4,55,30,19,6,2,15,8,15,38,8,27,1,7,0,1,19,15,10,7,21,4,13,1,2,4,9,13,9,14,10,15,7
"COG2826",98,635,240,151,205,144,229,195,90,526,451,348,243,927,654,114,274,375,58,268,81,23,432,215,125,288,505,220,278,1062,267,303,170,307,1416,332,279,44,797,131,63,306,198,421,629,1151,254,729,352,84,158,176,226,145,274,360,173,296,241,220,370,317,235,373,189,450,346,268,87,3577,111,316,228,183,650,446,340,1701,275,545,535,490,173,161,196,188,411,190,223,408,421,315,1682,600,77,159,257,138,529,235
"COG2827",6,31,20,29,18,22,42,38,15,29,1,19,9,30,20,14,15,21,24,16,8,44,19,38,4,13,17,10,29,40,13,21,11,23,16,36,16,2,30,10,26,12,18,22,76,10,20,100,27,8,19,22,16,9,13,29,30,33,14,11,26,11,13,27,19,19,34,8,27,16,18,26,20,22,13,27,14,57,15,12,28,54,16,15,17,28,55,17,12,30,12,14,48,10,7,20,10,13,27,20
"COG2828",6,26,12,2,4,2,34,53,44,16,4,4,14,7,51,8,18,4,25,10,22,6,16,28,8,8,1,3,3,8,1,5,11,1,5,31,11,20,6,24,18,9,32,13,24,11,0,11,8,12,14,17,3,2,6,22,78,26,3,8,9,19,4,25,7,6,71,4,15,12,8,8,9,17,3,10,8,11,4,1,4,58,11,6,13,5,8,3,3,21,2,4,10,10,1,25,2,11,7,13
"COG2829",6,2,2,9,8,28,0,38,26,6,9,46,13,1,4,2,6,0,40,31,3,4,23,31,7,2,0,2,1,7,7,6,1,8,8,24,10,7,0,2,26,3,9,32,5,3,0,9,6,9,3,32,3,14,9,8,56,11,6,5,16,0,6,20,9,3,40,6,11,46,7,4,2,15,4,9,12,5,7,10,8,0,2,14,25,51,0,7,5,6,8,7,5,22,7,6,7,9,2,17
"COG2830",75,35,51,95,69,111,0,13,97,12,4,84,54,19,130,96,15,5,77,75,97,17,53,44,23,75,28,7,68,46,43,83,84,30,83,2,75,117,6,67,112,106,36,47,9,58,76,3,54,91,62,28,45,88,58,55,0,69,67,33,27,21,77,27,78,65,30,57,90,80,89,46,83,98,55,66,76,7,139,50,53,21,79,99,92,72,10,66,70,61,39,56,29,100,70,68,105,96,61,67
"COG2831",4,11,8,13,12,10,9,5,13,1,12,3,53,0,45,9,41,7,62,7,33,46,30,66,15,19,5,2,20,44,5,25,8,8,4,14,28,15,11,24,28,25,28,32,0,31,1,63,1,42,9,31,5,19,14,22,1,9,3,26,9,68,2,14,41,3,9,9,103,27,3,3,7,5,10,13,80,2,18,4,19,37,4,14,21,25,5,11,7,8,5,0,2,21,16,14,3,22,10,19
"COG2832",3,49,15,10,13,23,74,43,12,40,3,9,6,3,6,4,13,9,23,13,5,55,18,25,11,17,24,8,15,9,4,11,6,15,8,40,20,5,32,15,15,14,6,16,23,13,30,100,51,20,12,22,12,12,4,17,54,23,14,10,10,19,11,31,2,11,49,11,19,29,13,10,5,15,17,17,7,39,9,16,19,7,14,20,14,32,39,20,13,25,10,10,8,12,13,16,14,15,27,22
"COG2834",2,5,14,8,7,8,2,48,8,5,4,4,26,4,9,5,14,2,17,10,4,24,7,13,5,12,4,2,1,5,2,4,3,12,4,29,5,10,7,6,12,2,4,8,6,3,4,11,5,7,7,26,18,6,5,5,58,10,6,8,13,16,8,26,4,3,42,3,12,8,20,99,1,19,5,2,44,30,8,15,4,1,4,3,16,4,5,4,7,8,2,4,4,3,2,5,6,3,5,20
"COG2835",1,0,1,0,0,3,0,11,0,3,0,0,1,0,1,0,1,1,5,0,1,0,2,3,3,2,0,0,0,3,1,1,0,1,1,8,1,3,1,3,4,0,0,0,0,1,0,3,0,0,0,3,0,1,3,0,27,0,0,0,0,0,2,1,0,0,9,2,1,3,4,0,0,2,2,2,1,7,1,0,0,0,0,1,4,0,0,0,0,3,0,5,1,0,0,1,0,1,0,6
"COG2836",1,2,0,4,4,0,25,0,1,0,0,4,2,5,27,5,4,5,2,0,2,0,9,7,4,29,3,3,0,2,1,0,4,14,5,0,12,12,2,5,10,2,1,3,0,0,0,22,4,0,10,3,18,0,5,3,0,6,2,5,36,2,0,0,6,3,9,5,0,3,3,4,5,1,15,3,3,0,1,3,2,47,11,1,14,0,21,2,0,9,19,5,2,1,14,4,3,1,14,9
"COG2837",22,11,47,39,10,117,2,90,70,16,5,11,14,5,22,11,19,5,65,32,61,14,19,21,11,12,3,5,4,11,4,20,11,0,102,46,61,41,7,73,48,35,34,27,26,60,33,144,35,9,8,18,2,66,28,5,117,34,17,21,6,12,21,54,26,7,82,4,66,27,63,13,12,79,8,14,4,17,63,6,16,6,17,16,38,19,2,20,5,16,12,12,5,15,19,25,14,21,21,37
"COG2839",36,5,19,32,30,51,0,2,14,1,1,6,6,4,37,30,5,1,13,32,31,28,13,9,6,9,6,0,23,17,8,18,35,10,26,0,8,32,1,39,20,30,10,9,6,25,12,0,16,18,12,9,7,43,18,24,0,10,11,15,6,1,20,3,23,30,3,13,16,9,9,13,27,4,17,14,5,0,12,4,5,0,19,27,16,22,2,23,7,5,12,18,9,26,16,12,14,31,13,37
"COG2840",4,3,13,2,3,14,2,69,6,9,3,4,22,5,5,4,6,1,36,13,3,25,11,10,20,7,2,0,3,5,0,4,2,1,4,44,4,9,5,7,11,3,8,9,7,2,0,6,3,4,7,17,2,11,6,2,96,9,6,1,4,2,8,22,6,9,46,2,16,19,24,1,0,22,2,0,35,11,5,0,2,0,1,9,14,4,2,1,4,21,1,3,2,6,2,4,4,4,7,9
"COG2841",0,0,0,0,2,0,0,10,2,4,1,0,1,0,1,0,3,0,0,1,0,2,2,4,0,2,0,0,0,0,1,0,0,1,1,11,0,0,3,0,5,1,0,1,1,1,0,2,0,0,0,1,1,3,0,0,15,3,0,0,0,0,0,4,1,0,8,1,4,2,4,0,0,2,0,0,0,0,1,0,0,0,0,1,0,0,0,0,0,4,0,0,0,0,1,1,0,0,0,3
"COG2842",6,2,9,4,15,1,9,2,12,2,9,25,15,13,21,51,5,3,9,41,12,3,5,13,205,86,0,9,18,11,118,18,30,6,3,0,21,18,7,4,19,3,9,18,0,50,25,3,14,53,37,43,10,8,19,13,6,6,22,19,6,31,15,1,43,2,6,11,21,5,2,62,4,30,18,10,3,0,0,3,24,8,25,5,25,19,3,13,7,30,39,9,1,8,3,8,1,4,0,10
"COG2843",237,251,159,290,228,175,181,163,199,356,43,356,109,348,285,234,177,98,129,186,201,251,156,224,29,274,163,71,282,157,157,250,266,199,244,94,249,302,148,276,219,214,226,239,116,265,273,279,256,146,221,199,216,266,227,305,43,206,176,155,249,242,212,284,202,269,181,149,177,121,244,353,267,165,272,216,89,236,282,372,187,135,272,217,230,193,247,192,119,216,454,266,256,274,231,285,380,198,208,239
"COG2844",14,4,21,5,12,31,165,178,20,340,4,2,74,21,14,16,17,4,63,37,7,80,28,22,27,30,2,6,1,11,5,4,3,13,16,109,10,17,9,17,30,11,11,13,36,4,0,33,11,11,13,24,5,11,13,7,196,31,17,3,21,4,40,54,17,38,110,7,16,23,26,5,0,26,14,2,115,36,15,5,5,154,8,18,16,1,8,24,11,32,5,55,4,6,4,9,5,8,9,30
"COG2845",1,0,0,0,0,2,0,0,0,0,0,0,2,0,0,1,0,0,0,1,1,0,0,2,0,0,0,0,0,2,3,4,0,0,0,0,0,3,0,3,1,1,2,4,0,0,0,0,0,0,2,1,0,0,2,3,0,0,1,0,1,0,2,1,0,1,1,0,0,0,0,0,0,1,1,0,0,0,5,1,1,0,0,0,2,2,0,0,0,0,0,0,0,2,0,3,0,0,1,0
"COG2846",66,17,17,26,40,12,1,20,43,10,36,7,20,5,34,18,50,0,41,21,42,11,26,44,17,41,132,4,51,6,43,47,38,10,41,36,27,43,13,25,46,45,15,36,20,30,26,23,27,37,23,15,26,60,55,32,53,50,34,13,14,51,88,28,38,29,32,27,21,53,51,50,34,92,34,55,11,19,53,29,16,69,54,91,39,18,8,19,37,43,11,76,20,22,64,46,78,37,74,8
"COG2848",50,212,115,92,80,38,278,76,35,212,250,183,173,212,80,96,223,253,154,85,74,276,161,137,262,203,222,319,155,200,166,137,116,107,42,260,110,48,256,131,40,101,226,123,260,77,143,337,118,184,166,123,169,37,122,167,44,120,196,163,204,164,158,131,159,176,113,155,71,128,94,90,153,163,199,129,183,228,41,254,179,271,151,84,123,112,268,137,229,207,171,165,159,100,148,123,58,54,141,130
"COG2849",45,10,43,29,129,197,3,12,71,2,3,28,3,7,34,110,42,5,108,35,60,14,28,26,27,28,18,2,8,64,40,85,19,22,48,0,108,51,43,35,113,119,44,32,7,77,65,9,6,138,42,20,50,104,48,54,0,21,60,54,9,21,115,23,86,225,4,64,310,126,7,27,62,5,84,26,12,0,97,16,31,1,110,83,82,118,17,115,35,35,71,105,4,70,28,29,51,202,17,69
"COG2850",18,2,1,4,1,17,0,41,15,5,4,0,7,1,2,3,7,2,60,7,2,4,11,11,8,20,0,0,0,3,0,0,1,2,2,36,2,2,3,6,11,2,9,8,1,3,0,28,2,1,0,2,3,16,3,0,91,3,3,0,0,1,3,34,3,3,62,4,8,12,18,0,1,10,0,0,2,9,4,0,0,0,0,4,6,0,1,2,2,15,0,1,2,0,3,2,0,6,0,40
"COG2851",17,44,29,23,20,4,55,3,30,0,13,26,17,6,85,26,17,17,11,20,24,11,91,35,13,56,12,23,24,16,6,28,11,20,4,22,15,32,14,27,47,8,63,12,56,18,14,3,28,34,21,2,17,6,36,10,38,23,30,19,15,22,11,25,15,19,34,24,44,8,38,14,44,12,15,24,9,10,23,18,18,70,26,49,20,10,26,32,10,34,8,11,12,14,29,16,4,21,33,17
"COG2852",11,0,8,18,16,8,3,16,6,1,8,9,9,16,2,14,2,19,13,10,4,0,24,19,2,9,3,8,12,63,11,4,8,13,4,9,13,4,11,11,1,1,13,6,16,4,2,0,2,4,19,36,17,6,9,11,16,7,8,14,48,25,36,11,18,17,19,3,5,10,26,18,5,16,18,7,25,1,1,28,14,44,16,41,4,4,17,25,4,11,17,16,5,22,15,11,3,9,11,22
"COG2853",6,2,9,2,6,26,2,40,5,5,5,6,23,5,8,7,9,0,33,16,10,44,7,30,8,23,2,2,0,4,1,3,2,2,6,24,12,15,4,8,17,7,6,9,3,4,0,12,5,25,5,14,5,8,13,8,85,6,5,5,12,3,7,25,9,8,33,7,18,7,14,5,0,14,9,1,42,4,11,5,3,0,1,10,13,4,3,1,3,15,3,2,0,9,8,2,7,5,2,8
"COG2854",2,0,13,6,4,11,0,28,7,5,4,0,23,3,5,5,7,3,25,7,2,34,11,7,2,18,1,1,2,5,1,6,2,2,7,20,11,11,3,4,7,8,3,5,6,3,0,14,4,6,7,4,6,6,4,5,53,1,8,4,11,3,9,10,7,10,23,3,3,5,9,1,1,6,10,2,47,7,3,0,2,0,2,6,15,1,5,2,3,11,1,4,2,5,5,9,5,4,4,6
"COG2855",199,41,179,195,173,205,182,235,297,254,82,161,478,140,187,257,177,30,134,237,201,95,193,241,96,119,168,308,127,133,226,201,174,191,242,146,169,215,99,216,158,241,154,250,259,123,109,250,177,195,189,123,151,261,163,147,134,156,223,242,168,155,202,196,194,181,127,309,133,163,116,150,169,196,119,147,152,127,111,129,178,130,217,197,157,297,105,194,276,100,152,203,89,234,199,204,216,247,206,176
"COG2856",50,50,142,62,152,4,67,64,31,77,130,102,335,174,35,68,46,51,72,59,30,134,168,136,116,68,80,261,93,111,80,87,58,283,184,101,70,24,254,43,53,36,74,160,59,95,75,132,74,185,85,132,143,150,27,120,179,85,38,86,67,138,100,99,101,70,77,132,62,208,51,38,139,201,109,65,191,20,52,77,121,57,105,84,59,88,80,106,310,117,177,85,99,91,35,80,64,57,62,94
"COG2859",72,8,46,41,48,5,1,4,61,4,111,36,71,18,53,48,86,85,51,57,35,24,52,38,115,44,82,84,36,22,71,66,29,70,36,41,37,61,92,21,37,46,19,47,44,23,34,0,39,42,62,11,83,70,70,51,13,37,81,81,48,44,88,44,83,64,14,135,29,72,37,54,62,72,64,43,101,6,65,44,40,8,82,79,57,65,35,46,158,43,35,85,49,88,59,57,82,76,57,46
"COG2860",99,60,90,70,84,87,138,176,128,132,45,81,54,87,131,108,50,34,106,105,88,58,75,110,48,72,64,26,78,63,61,96,91,47,113,117,75,121,24,51,108,88,101,67,73,91,70,81,76,105,79,72,43,115,86,74,157,92,80,60,93,50,165,102,99,103,127,64,72,107,74,72,89,63,85,73,24,110,75,59,46,150,92,112,85,103,52,89,77,65,60,106,49,93,80,66,122,132,88,87
"COG2861",6,16,10,5,1,16,3,71,20,10,5,4,17,17,13,6,16,20,31,18,11,5,10,42,14,4,4,7,7,17,0,14,1,7,14,35,33,3,3,18,17,14,31,19,7,10,0,11,2,11,3,18,7,16,14,7,91,8,7,6,33,12,14,32,12,11,53,9,19,7,19,9,4,20,9,6,9,5,16,7,6,25,11,23,22,5,3,2,5,21,1,7,8,9,9,5,3,4,2,13
"COG2862",0,3,6,3,5,8,1,39,4,5,5,0,2,3,0,4,8,1,21,8,1,24,14,14,4,10,0,0,0,2,2,2,1,2,5,38,0,1,4,6,15,3,6,4,1,1,0,8,1,4,4,8,1,6,1,0,73,8,2,0,3,0,4,15,3,1,42,5,5,13,13,1,0,16,0,1,4,7,4,1,0,0,1,4,3,1,2,0,8,12,0,0,0,1,2,2,1,4,1,4
"COG2863",0,0,0,0,3,0,0,0,0,0,0,0,0,0,0,3,1,0,0,1,0,7,1,0,0,3,1,0,0,0,0,0,0,1,1,0,0,0,1,0,3,0,0,3,0,0,0,0,0,2,2,0,0,0,0,0,0,0,0,0,0,0,2,0,3,0,1,0,0,0,0,0,0,0,0,0,1,0,0,0,0,0,0,0,0,0,1,0,1,0,0,0,0,0,0,0,0,0,0,2
"COG2864",0,0,2,0,3,17,0,76,8,10,6,1,11,2,1,2,8,2,32,28,6,69,9,8,6,19,2,2,0,9,4,7,2,3,2,37,1,14,4,8,21,4,12,15,3,6,0,11,4,4,13,13,3,11,3,5,97,14,6,0,7,2,3,24,7,6,57,2,19,13,20,1,0,16,6,1,3,13,12,1,1,3,3,10,32,1,3,1,3,27,1,1,5,4,1,10,3,9,6,5
"COG2865",465,542,537,432,577,334,353,373,467,606,1493,496,539,453,580,600,1128,1957,524,739,682,604,896,676,572,527,1108,1321,644,378,427,439,459,1223,627,1183,664,590,1061,414,629,535,477,627,757,472,580,370,515,507,407,534,837,384,455,542,34,375,724,912,537,528,688,493,507,434,337,1062,377,588,330,458,430,469,626,498,1070,689,403,640,877,648,563,393,530,448,714,564,340,404,617,647,607,668,639,637,497,413,614,382
"COG2866",132,136,59,47,75,36,17,49,12,27,12,55,27,144,50,35,63,6,27,16,90,6,84,154,13,40,4,22,43,46,73,35,91,69,9,30,106,13,32,43,72,17,243,84,24,71,102,69,59,109,65,109,45,98,95,206,61,41,44,21,72,156,110,128,62,67,62,15,62,22,24,128,50,48,56,58,22,219,35,60,49,39,138,36,25,49,42,67,15,47,74,40,29,39,48,63,58,79,97,77
"COG2867",1,2,1,2,0,12,0,28,2,4,3,0,5,1,0,0,4,0,23,1,1,1,6,6,6,2,1,0,1,2,0,1,0,1,1,18,0,0,0,1,5,2,1,1,0,0,0,7,0,0,0,7,0,5,0,0,45,5,1,0,2,0,3,17,3,1,20,1,6,6,7,0,0,11,0,1,6,10,3,0,0,0,0,6,2,0,0,1,0,6,0,0,0,0,2,1,1,0,0,7
"COG2868",11,72,36,26,27,15,65,6,12,29,7,51,15,65,24,16,54,31,27,22,18,77,43,57,8,39,26,30,46,19,11,31,27,31,17,18,25,7,30,34,25,29,63,27,53,14,39,64,61,46,36,56,56,18,11,33,19,22,15,32,31,53,27,40,18,33,38,30,21,24,21,63,22,33,58,38,26,59,18,42,43,57,30,15,36,23,59,39,12,44,62,31,58,17,42,23,26,21,37,27
"COG2869",62,13,86,67,48,110,3,39,99,4,98,55,110,26,75,114,59,81,75,115,72,4,59,71,92,50,77,82,57,46,70,61,61,81,53,50,46,83,58,55,52,71,44,56,51,37,22,8,47,66,48,37,64,106,53,66,8,59,87,83,54,31,74,44,94,78,17,93,50,74,22,37,62,106,30,44,104,2,48,49,40,4,53,76,66,121,21,80,121,29,34,78,42,89,56,63,69,70,65,70
"COG2870",48,59,67,30,54,79,200,123,51,22,15,9,77,46,39,34,45,18,64,87,91,100,105,72,21,23,74,30,27,47,64,49,37,26,13,93,60,33,22,92,41,65,60,63,72,21,15,43,70,82,41,35,15,35,44,49,121,17,36,28,55,49,56,57,41,28,48,36,61,70,44,51,14,26,18,31,254,16,35,10,48,78,44,26,65,57,19,15,47,45,17,47,11,45,37,30,47,53,73,39
"COG2871",124,21,153,114,80,157,2,63,147,22,166,103,187,47,110,110,125,142,116,158,145,39,132,78,204,123,118,126,79,57,112,117,145,166,104,99,106,118,83,102,135,119,63,133,79,104,82,21,81,141,104,48,133,121,121,99,2,76,152,137,90,58,163,69,193,95,27,146,82,120,88,67,114,122,96,93,157,3,150,86,85,13,124,128,123,160,44,84,196,60,74,105,79,169,77,100,117,135,76,72
"COG2872",20,93,42,48,49,25,52,31,37,47,10,47,37,132,50,46,48,51,56,32,36,54,57,65,21,42,33,40,53,142,48,56,49,33,28,36,47,19,78,50,30,31,70,60,69,70,52,94,30,55,81,63,70,24,62,55,53,62,41,37,78,59,56,81,50,77,99,46,43,30,65,60,39,24,59,89,20,136,44,88,46,72,43,29,63,29,156,85,10,94,50,42,81,41,68,62,12,25,51,50
"COG2873",463,600,484,412,448,333,578,235,400,422,688,550,705,403,437,441,570,829,348,449,448,459,401,350,559,598,631,620,440,538,524,447,483,547,440,608,378,441,651,469,465,440,497,397,483,340,626,410,539,458,536,344,573,356,492,457,143,471,503,556,555,526,422,400,471,527,395,566,287,420,522,267,582,427,522,555,647,585,486,409,511,438,394,434,496,283,664,515,531,594,417,439,597,446,539,460,455,416,515,485
"COG2875",174,160,137,91,161,109,209,39,169,60,9,82,77,93,179,154,71,62,102,183,200,62,109,114,26,83,103,65,133,175,109,167,92,66,147,27,126,131,41,113,191,165,106,123,84,153,162,70,164,126,108,77,111,148,180,107,18,153,107,64,122,110,87,132,76,162,76,106,110,82,180,99,111,100,109,147,27,79,202,121,112,117,140,159,181,81,93,92,58,81,123,114,97,112,124,142,192,118,168,163
"COG2876",262,161,224,233,210,154,441,95,212,71,189,199,275,220,222,302,185,220,188,278,260,137,218,202,279,137,304,292,218,357,298,270,222,229,145,222,199,194,151,191,191,195,295,239,192,180,223,75,227,249,207,143,191,221,245,259,55,183,239,221,235,192,202,183,257,228,110,210,151,300,282,145,242,192,160,223,203,114,247,183,227,160,222,266,230,244,173,210,261,136,126,213,127,219,183,174,208,259,204,232
"COG2877",132,52,118,126,132,155,136,98,118,23,172,87,166,54,172,155,114,151,167,167,138,64,114,107,96,96,258,122,73,87,152,114,108,53,137,151,109,184,91,102,176,129,69,145,115,85,112,19,101,150,97,58,70,122,107,121,78,79,126,140,94,53,108,95,129,122,67,170,128,144,76,75,118,122,72,97,145,18,164,60,102,72,120,174,145,150,39,92,162,86,63,124,76,129,111,97,172,163,146,127
"COG2878",123,155,82,144,101,129,48,60,118,50,138,148,187,184,153,153,142,187,144,114,172,116,140,131,97,146,95,166,150,201,159,149,168,90,125,123,134,81,139,143,100,140,174,147,155,126,119,81,134,198,145,116,135,115,172,110,96,139,159,170,159,159,157,124,163,138,107,125,112,126,121,115,184,140,134,156,130,120,160,204,133,107,174,110,145,135,179,97,153,140,110,126,136,144,145,141,113,94,99,147
"COG2879",1,0,0,0,0,7,0,41,5,5,4,0,3,0,0,1,0,0,15,1,0,0,4,11,4,1,0,0,0,0,0,0,0,1,4,18,0,1,0,4,4,1,4,2,0,1,0,6,2,0,0,11,0,7,1,0,39,5,2,0,1,0,2,21,4,0,31,3,12,11,13,0,0,10,0,1,3,4,3,0,1,0,0,3,1,0,0,1,0,9,0,0,3,1,2,1,2,3,0,12
"COG2882",0,0,1,0,0,3,0,23,0,6,3,0,19,0,0,0,5,0,0,3,3,1,9,5,1,3,1,0,0,0,1,0,0,0,0,27,0,0,2,4,2,1,0,0,1,1,1,2,1,0,0,8,1,3,0,0,32,4,0,0,2,0,1,3,0,0,17,0,5,5,8,0,0,3,1,0,29,7,3,0,0,0,0,2,0,1,0,0,0,5,2,1,0,0,0,1,2,0,0,5
"COG2884",186,163,177,168,155,105,206,121,151,240,161,157,194,222,169,206,178,201,136,160,143,194,202,216,202,191,147,198,201,152,221,213,190,244,151,178,189,153,180,169,149,180,235,205,175,195,167,120,158,190,173,235,213,157,161,205,118,167,187,163,209,261,187,166,165,186,131,166,118,146,159,265,171,123,190,176,156,159,135,229,197,220,172,160,155,160,186,204,200,158,248,207,204,193,191,175,161,193,174,165
"COG2885",250,28,325,117,161,333,18,217,312,51,820,248,362,57,186,262,258,421,226,283,164,31,261,192,680,126,452,462,107,121,264,218,123,174,500,436,136,351,306,217,163,209,151,224,187,117,104,55,136,218,249,233,211,393,203,295,338,306,620,550,311,145,219,233,324,264,261,583,381,386,135,221,236,684,196,191,786,122,260,203,259,62,361,314,431,410,204,236,546,192,159,144,252,489,329,226,248,397,198,316
"COG2887",0,10,1,2,0,0,230,52,0,456,1,8,0,9,2,4,0,6,3,0,0,0,25,2,7,0,0,5,2,0,0,1,1,4,0,54,16,3,3,2,0,0,2,2,36,0,2,10,0,1,2,22,14,20,0,1,0,21,1,1,7,5,69,0,34,15,16,0,1,1,0,6,3,2,1,0,1,37,0,10,0,293,1,0,0,0,0,44,0,1,4,91,0,3,0,4,3,1,2,12
"COG2890",152,208,205,205,208,158,205,207,208,279,223,177,272,243,195,193,197,240,204,236,178,270,241,196,188,215,266,274,197,193,255,173,212,210,183,244,222,196,247,189,204,214,235,233,281,170,207,222,225,201,203,204,205,187,204,234,190,217,219,205,243,229,194,252,234,250,244,220,167,183,192,290,199,216,211,202,294,262,208,201,193,211,203,206,220,180,224,186,217,232,204,215,215,190,231,184,219,155,222,210
"COG2891",3,1,12,4,0,11,1,32,5,18,1,1,12,1,2,0,8,2,26,5,3,51,5,15,10,10,3,2,1,3,0,2,0,2,6,18,3,5,6,3,10,4,5,7,5,1,0,115,0,2,1,7,3,5,5,5,81,6,6,4,7,1,8,16,3,5,30,5,10,5,13,2,1,12,4,1,44,10,5,0,0,7,2,8,3,7,7,3,2,13,0,1,2,0,1,9,3,2,0,8
"COG2893",53,119,73,22,37,33,326,217,43,116,21,36,28,38,49,26,39,49,134,74,33,307,67,79,40,46,67,36,36,191,22,32,25,32,40,193,30,48,85,55,45,45,147,39,164,23,57,405,81,40,26,61,26,26,23,47,239,139,33,24,27,30,46,80,32,19,146,30,80,78,94,31,32,76,28,71,16,102,36,23,48,135,17,34,38,57,112,95,39,73,21,32,36,14,22,51,42,45,62,42
"COG2894",17,191,47,50,69,49,171,79,33,43,12,104,45,130,65,33,91,82,73,43,36,175,70,85,15,108,56,58,89,57,75,54,65,98,43,66,61,21,77,93,37,65,102,50,99,75,105,118,121,80,91,148,116,43,35,117,111,75,52,49,87,109,50,99,23,63,127,56,30,58,62,142,64,62,115,111,84,117,24,156,113,125,53,19,64,42,129,74,37,145,141,81,173,28,60,69,62,41,110,70
"COG2895",156,206,99,115,152,202,39,138,142,43,25,129,59,85,153,189,108,245,159,141,132,73,98,96,61,198,40,41,123,99,125,177,128,109,108,57,162,151,77,232,97,191,106,112,115,102,149,89,182,207,114,92,157,152,90,125,102,121,99,76,92,192,160,139,113,204,126,72,73,104,93,105,137,220,143,126,66,163,107,91,110,130,176,132,132,105,182,183,100,199,100,170,162,129,116,95,111,155,125,211
"COG2896",19,147,47,25,59,46,189,83,23,58,46,57,43,45,41,53,54,69,81,58,39,90,62,64,21,60,70,37,57,129,48,44,40,43,23,94,41,38,60,76,28,47,64,46,96,15,44,104,50,55,60,110,36,18,59,63,122,79,39,33,55,52,51,74,28,73,118,55,99,87,81,30,63,49,42,67,37,111,70,96,68,130,36,51,68,31,128,65,31,83,55,30,69,28,40,57,58,46,56,58
"COG2897",10,4,10,4,6,11,0,57,14,12,3,1,3,5,4,2,2,1,36,6,5,24,11,9,7,11,5,4,4,3,1,5,0,5,10,42,4,8,14,13,14,3,9,6,5,0,1,13,6,2,9,19,6,9,11,8,134,20,7,3,5,3,9,33,6,11,92,6,11,12,35,5,0,24,15,7,3,15,10,2,1,2,2,8,10,3,11,14,8,24,7,4,5,0,7,6,4,9,5,12
"COG2898",4,33,14,11,5,6,179,58,7,336,1,4,3,10,20,4,7,6,10,5,6,185,18,12,19,13,1,11,4,9,6,3,9,2,5,50,13,13,10,17,3,6,6,5,56,8,3,303,9,1,10,2,3,1,7,4,18,29,6,3,11,2,44,0,20,12,11,3,45,12,8,3,5,4,6,14,3,14,21,5,12,258,13,3,12,21,16,18,0,9,4,60,4,4,7,4,4,15,8,15
"COG2900",1,0,0,0,0,1,0,23,1,2,1,0,2,1,0,0,2,0,6,1,0,4,0,3,2,2,0,0,0,2,0,0,0,2,1,18,0,2,1,1,4,1,2,1,1,3,0,4,0,0,0,3,0,3,0,0,29,1,0,0,1,0,0,4,0,0,14,0,0,5,5,0,0,7,0,0,1,3,0,0,0,0,0,3,0,2,0,1,0,6,1,1,0,0,0,1,3,1,0,1
"COG2901",0,0,5,2,1,8,0,43,6,11,1,0,3,3,4,0,5,1,16,4,1,19,9,11,3,10,3,0,0,1,0,4,0,2,8,19,1,4,1,4,14,0,1,4,2,2,0,7,1,3,4,10,1,7,1,0,47,6,6,2,1,0,5,17,7,2,24,1,11,6,8,1,2,12,3,0,0,4,2,0,1,0,0,11,1,1,1,1,1,8,0,0,2,0,1,1,3,2,2,10
"COG2904",4,0,15,0,9,10,1,67,6,6,11,1,27,1,2,6,9,1,32,14,5,34,14,24,5,19,2,0,1,1,0,4,1,3,6,41,4,3,4,8,16,4,2,4,2,3,0,9,1,3,5,15,6,13,6,0,93,11,11,0,6,0,9,22,5,2,62,3,11,15,18,9,0,21,1,2,53,7,2,1,2,0,2,5,11,34,3,4,4,15,3,0,3,2,2,2,3,4,5,14
"COG2906",1,0,0,0,0,2,0,12,1,3,1,0,0,1,0,0,0,0,4,0,0,0,3,0,0,0,0,1,0,0,0,0,0,0,3,6,0,0,0,0,4,0,1,1,0,0,0,1,0,0,0,0,0,1,1,0,22,1,0,0,0,0,1,3,1,0,17,0,1,6,4,0,0,9,0,0,1,4,1,0,0,0,0,2,1,0,0,0,1,5,0,0,0,0,1,0,0,0,0,2
"COG2907",1,0,0,0,0,10,0,0,1,1,0,0,6,0,0,0,1,0,28,0,0,0,0,1,0,0,0,0,0,0,0,0,0,1,0,0,7,0,0,0,0,0,8,4,0,0,0,0,0,0,0,0,4,0,0,0,0,0,0,0,0,0,2,11,0,1,3,0,0,8,0,0,0,0,0,0,2,1,0,0,0,0,0,0,1,0,0,0,0,2,0,0,0,0,2,0,0,1,0,0
"COG2908",188,42,150,145,139,168,6,157,171,33,169,88,187,47,205,135,142,122,172,170,156,33,112,117,199,148,215,140,117,83,167,151,151,81,219,140,122,199,116,144,192,155,63,132,78,130,121,11,118,140,152,68,100,157,136,115,71,130,161,162,109,82,161,113,137,132,83,219,146,168,131,107,129,163,143,119,169,21,226,97,89,17,173,180,161,180,61,101,189,121,95,144,95,155,138,147,197,184,163,126
"COG2909",11,17,10,34,16,37,22,70,8,29,11,32,30,48,33,29,36,12,71,13,16,80,36,38,34,31,10,41,68,27,22,26,29,51,25,34,22,13,29,21,11,20,39,32,5,33,23,31,4,9,94,109,46,17,19,35,125,80,20,26,49,34,48,70,31,40,142,25,34,57,39,19,17,20,77,31,46,180,20,47,104,54,51,25,40,18,58,45,10,103,56,33,22,37,32,61,5,39,26,92
"COG2910",21,7,10,23,4,59,82,13,20,7,3,37,24,21,5,7,3,9,9,10,14,6,8,12,11,3,1,4,2,14,10,4,12,2,42,2,16,22,3,22,25,24,28,19,12,41,51,8,11,6,18,12,5,42,15,15,1,16,20,16,22,6,25,8,27,12,2,4,46,14,16,17,4,21,15,10,37,3,29,8,13,32,22,7,9,43,4,14,16,10,7,20,14,11,5,13,7,7,10,13
"COG2911",14,81,111,14,34,38,472,130,78,47,22,8,116,45,24,32,46,45,99,172,38,328,138,110,42,94,157,87,8,39,30,37,10,28,22,178,17,4,47,41,75,41,120,69,110,17,0,92,108,44,60,53,13,27,19,101,225,18,18,13,76,33,54,57,62,15,152,25,43,128,42,34,15,50,7,17,233,31,28,4,89,205,16,37,63,36,10,13,68,42,8,27,15,26,32,8,99,55,103,51
"COG2912",4,0,0,0,0,11,0,28,7,10,3,0,3,2,1,1,9,0,24,1,0,3,9,15,8,11,0,0,0,0,0,1,0,1,3,30,1,2,5,3,13,0,4,2,1,2,0,7,1,0,0,7,0,10,5,0,76,6,2,0,2,0,1,7,2,0,29,0,5,7,10,0,0,10,0,0,4,7,4,0,1,0,0,4,0,0,3,3,0,11,0,0,1,0,3,2,3,3,0,6
"COG2913",4,1,1,0,1,3,0,26,8,4,3,0,22,0,1,1,4,2,13,7,1,27,9,6,3,11,1,3,0,2,0,3,1,0,1,16,8,11,3,6,3,0,1,5,1,2,0,4,3,0,2,4,3,10,2,0,37,5,3,3,2,0,5,11,1,1,23,1,3,5,10,4,0,8,13,1,35,4,4,0,4,0,1,6,5,0,3,1,5,8,0,0,1,3,5,0,4,2,4,6
"COG2914",1,0,0,1,0,4,0,13,2,2,5,0,0,0,0,0,1,0,13,0,1,1,1,3,0,3,0,1,0,0,1,1,0,1,1,7,0,2,0,1,3,0,2,2,0,0,0,2,0,0,0,1,0,4,1,1,37,1,2,1,0,0,2,7,1,1,18,0,5,5,6,1,0,6,0,1,0,3,2,0,0,0,0,1,1,1,1,1,0,3,0,0,0,0,0,0,2,0,0,2
"COG2915",3,0,0,0,0,6,0,32,6,4,1,0,14,0,1,1,3,0,7,5,0,0,3,4,3,7,2,0,2,0,1,0,0,0,0,23,0,1,5,5,4,3,2,4,0,0,0,4,2,0,0,6,1,5,0,0,48,5,2,0,2,0,3,14,1,2,31,0,5,2,12,0,0,7,0,0,37,4,4,0,0,0,0,4,1,0,0,2,1,9,0,0,1,0,2,0,1,3,0,2
"COG2916",4,2,4,3,0,15,0,51,8,23,1,0,22,0,3,0,12,0,64,1,1,10,6,29,4,2,0,2,2,2,1,0,0,3,6,27,2,8,0,5,7,4,10,8,1,0,0,6,0,2,0,10,0,4,4,1,124,18,2,3,5,0,2,11,4,2,47,1,9,22,17,1,0,11,2,2,26,8,2,0,2,0,0,11,4,0,1,0,2,9,0,0,0,0,2,1,2,5,0,0
"COG2917",2,1,8,0,2,9,1,33,5,6,5,0,13,0,5,5,4,0,27,2,1,18,10,7,5,12,0,0,0,1,1,2,0,5,0,25,4,6,5,1,9,0,2,3,5,0,0,4,8,1,1,4,2,3,1,3,39,7,2,2,4,0,5,7,3,6,22,2,8,7,7,5,0,9,3,1,31,4,0,0,2,0,0,3,8,0,1,1,1,10,0,3,3,1,0,1,2,2,2,7
"COG2918",42,10,56,2,0,21,34,57,8,31,4,3,10,3,13,2,24,3,43,129,112,4,37,20,69,124,2,2,1,3,13,10,107,14,6,48,6,1,17,11,6,218,27,5,76,11,0,233,2,1,17,11,29,9,62,0,67,23,5,3,19,2,151,25,10,1,122,2,27,73,20,4,9,15,5,42,3,23,7,3,0,36,0,10,97,28,3,0,27,27,0,0,38,0,6,34,74,7,109,15
"COG2919",2,4,1,1,8,6,49,42,4,98,3,1,11,1,3,1,4,1,21,3,0,14,2,6,11,14,0,5,0,1,1,1,0,2,0,25,5,3,5,2,9,1,4,4,13,2,0,71,3,3,0,5,4,3,4,4,22,7,5,0,2,2,18,10,4,5,11,2,3,3,9,2,1,5,2,1,36,9,0,1,2,64,1,7,2,8,4,1,0,3,1,16,0,2,2,1,1,1,1,8
"COG2920",1,0,3,0,1,5,2,23,1,9,0,0,13,1,0,3,5,0,17,1,0,0,11,8,2,4,1,0,2,0,0,2,0,3,1,18,0,6,3,3,1,0,0,8,0,0,0,0,1,0,1,4,1,2,1,2,32,2,6,0,3,0,5,8,2,0,20,1,4,6,7,1,0,10,1,1,19,6,2,0,1,0,2,5,2,3,0,2,2,6,2,0,0,4,1,0,5,3,2,4
"COG2921",2,0,3,0,2,9,0,11,2,2,0,0,2,0,0,0,1,0,10,1,0,8,3,3,1,3,0,0,0,2,0,0,0,1,3,8,0,4,1,4,3,0,2,0,1,2,0,0,3,2,3,6,3,2,3,7,25,3,4,0,3,0,2,17,4,2,17,1,4,3,7,5,0,3,3,0,3,3,1,0,1,0,3,6,4,1,2,0,2,4,1,0,1,1,0,5,0,3,5,6
"COG2922",2,0,1,0,0,14,0,36,6,13,5,0,6,1,2,0,5,0,16,3,2,2,5,11,4,0,0,1,0,0,0,4,1,0,2,14,0,0,0,3,9,3,0,3,2,3,0,2,0,0,1,12,2,6,2,0,44,6,4,0,3,0,1,9,2,1,40,2,6,8,10,0,0,10,0,1,4,4,2,0,0,0,0,5,4,0,0,1,1,10,0,0,3,0,1,0,2,1,0,3
"COG2923",3,1,3,1,1,10,1,26,4,5,2,0,5,0,2,1,2,1,13,2,2,5,3,11,6,4,1,0,0,1,0,0,0,1,3,12,0,2,3,2,10,2,2,2,1,1,0,5,2,0,0,3,0,3,2,1,50,3,1,0,0,0,0,9,1,0,27,0,6,11,10,0,0,5,1,0,1,4,1,0,0,0,0,6,3,0,1,1,0,8,0,0,0,1,1,1,1,1,0,1
"COG2924",3,1,5,1,5,4,0,29,2,2,2,0,6,2,1,0,7,0,15,5,2,27,6,4,3,5,0,0,0,3,0,0,1,3,6,11,3,5,2,3,10,3,1,1,1,2,0,3,1,1,9,6,3,5,3,2,36,7,5,0,1,0,5,7,3,3,22,0,2,3,5,0,0,9,2,0,1,7,2,1,0,0,0,2,1,1,0,0,1,3,0,0,0,1,3,2,0,0,2,1
"COG2925",8,1,25,4,12,21,0,46,7,15,3,0,8,0,9,7,8,3,48,15,7,58,9,9,12,20,1,2,0,4,1,11,1,6,12,26,6,9,7,3,16,3,3,9,6,1,0,14,12,7,8,7,3,9,5,11,49,8,10,1,7,3,9,11,9,16,35,1,5,6,8,4,0,10,18,2,7,5,1,0,2,1,2,5,8,2,4,2,6,15,2,4,2,0,0,13,7,7,6,10
"COG2926",0,0,0,0,2,4,0,27,0,1,2,0,6,0,1,0,5,1,6,3,2,0,8,7,1,5,0,0,0,0,0,2,1,0,4,16,0,4,1,6,8,3,1,2,1,2,0,9,0,2,0,9,0,6,1,0,35,4,0,7,0,0,0,9,1,1,23,2,10,6,10,0,0,8,0,0,3,5,7,0,1,0,0,4,5,1,0,0,0,2,0,0,1,2,2,0,2,0,0,4
"COG2927",5,0,8,2,3,11,0,48,3,9,1,3,8,0,0,9,6,0,20,8,4,6,8,10,2,16,1,1,1,3,1,6,0,2,6,30,14,3,6,5,8,0,4,3,2,2,0,9,1,3,0,10,6,2,2,3,62,10,6,0,6,0,6,18,3,1,40,1,4,5,12,0,3,10,3,1,2,5,1,1,2,0,0,0,8,2,4,0,3,9,0,0,0,2,1,2,1,2,1,7
"COG2928",0,13,7,2,0,10,50,1,0,0,0,5,1,2,6,0,1,4,5,17,6,3,8,0,3,0,27,10,0,0,3,0,0,0,1,16,6,0,0,1,5,2,0,0,4,3,0,0,15,13,1,0,5,2,3,3,0,0,5,6,8,0,2,0,0,2,0,13,14,20,0,1,0,0,2,0,0,0,10,0,9,6,2,0,13,5,2,0,14,0,0,6,0,8,0,0,9,4,8,0
"COG2929",22,0,0,1,19,2,1,14,1,2,4,9,0,10,2,11,7,9,1,5,0,1,10,12,3,6,2,1,4,1,7,6,4,13,1,6,7,5,8,4,4,1,1,14,4,2,8,4,6,0,4,4,6,1,5,6,41,0,6,6,4,4,11,5,2,7,14,1,0,1,1,3,0,14,4,8,4,2,2,3,10,0,2,11,5,9,4,2,0,8,5,1,4,2,2,9,3,2,3,2
"COG2931",29,21,74,143,8,199,1,6,39,5,1,81,14,49,15,14,19,4,18,28,94,96,20,7,1,4,8,3,113,16,14,12,63,35,83,1,145,29,7,142,121,45,15,14,0,136,70,2,27,16,22,9,37,97,16,21,1,67,21,32,16,31,42,33,9,7,13,6,172,35,47,55,45,17,28,28,16,0,40,44,58,1,35,6,14,51,14,41,18,39,35,31,14,25,8,49,24,43,23,28
"COG2932",29,96,25,52,43,67,39,73,30,52,17,72,46,63,22,49,37,57,69,53,14,91,60,53,13,80,35,25,32,69,28,38,38,49,30,59,57,14,72,51,36,17,22,60,52,74,53,145,46,48,53,99,58,36,24,59,32,48,30,24,65,50,45,80,30,35,101,36,49,40,72,36,33,35,56,38,47,71,26,37,50,17,34,49,57,29,84,44,13,93,78,27,156,30,29,60,24,34,67,58
"COG2933",2,1,1,2,0,10,1,36,5,12,2,0,5,0,2,0,5,1,20,8,2,3,8,9,12,10,1,1,0,2,0,1,0,1,3,30,0,2,5,3,4,2,7,2,2,2,0,6,1,0,0,7,6,7,3,1,67,10,1,0,6,1,3,10,0,3,45,2,2,10,14,3,0,9,0,1,2,6,12,0,0,0,2,3,4,2,2,0,2,10,0,1,1,1,3,0,0,0,0,6
"COG2935",0,0,0,1,0,0,0,0,0,0,0,0,0,2,5,0,1,0,0,0,0,0,6,0,5,0,0,2,0,0,0,0,0,0,2,0,0,0,0,0,0,0,0,4,2,0,0,0,0,0,1,0,0,0,4,0,0,1,0,0,0,0,10,0,0,3,0,0,0,0,0,2,0,0,4,0,8,0,1,0,0,0,0,1,0,0,0,0,0,1,0,1,0,0,0,0,0,0,1,11
"COG2936",100,49,68,119,79,4,7,21,73,15,0,68,19,45,91,50,32,32,54,90,69,38,67,51,6,100,87,7,115,42,49,68,52,28,138,5,23,166,9,15,143,66,27,62,20,54,131,1,117,62,82,27,27,45,80,32,16,64,50,36,66,20,31,43,52,37,36,52,33,54,98,51,89,79,36,72,14,11,105,71,24,116,29,127,57,45,36,25,102,67,22,93,50,58,100,59,140,108,82,38
"COG2937",6,1,3,1,1,28,2,147,23,24,5,1,74,2,3,7,16,4,64,18,6,12,20,18,15,29,3,0,3,8,3,3,2,6,6,109,1,6,13,14,23,6,20,6,3,3,0,37,3,2,3,31,2,27,6,4,242,23,14,1,2,1,7,56,3,3,129,3,19,33,49,0,2,23,0,6,135,28,14,1,0,2,0,18,15,0,1,4,4,27,0,0,1,0,13,4,11,9,1,14
"COG2938",2,1,0,0,0,4,0,25,5,3,2,0,2,0,1,0,2,2,13,1,1,1,7,1,4,6,2,0,0,0,0,5,0,1,1,17,0,2,3,4,3,0,3,2,0,0,0,6,1,0,0,5,3,7,0,0,34,9,2,0,3,0,1,8,1,1,18,3,1,2,11,0,1,6,1,0,1,2,1,0,0,0,0,4,2,0,1,0,0,7,0,1,5,0,1,0,3,2,0,2
"COG2939",0,0,0,0,0,0,0,7,0,0,1,2,0,3,0,0,0,4,0,54,1,0,3,0,1,0,0,1,18,0,0,0,0,0,0,33,1,0,8,0,0,0,0,0,3,0,0,0,0,0,0,7,0,0,0,0,0,0,2,0,0,2,4,1,4,0,0,0,0,0,0,1,0,0,0,0,1,0,0,4,1,15,1,1,0,0,39,0,0,0,0,0,0,0,0,0,0,0,0,2
"COG2942",290,162,145,304,229,427,143,229,282,266,293,168,327,118,285,273,275,224,195,241,414,78,168,168,83,135,308,253,294,148,344,325,216,98,203,260,251,250,217,329,203,297,103,233,150,403,233,94,183,214,262,122,179,390,215,212,144,242,276,200,148,190,263,232,202,251,156,251,195,182,157,226,199,236,108,173,203,212,279,212,221,154,205,276,178,237,120,201,313,152,188,320,121,221,279,263,254,225,220,241
"COG2943",5,7,4,0,0,32,0,123,20,23,4,2,15,2,5,2,18,0,59,15,5,7,26,28,8,2,0,0,0,2,0,3,0,0,3,65,20,1,0,20,14,8,7,11,1,8,0,17,0,1,0,26,6,12,6,2,180,18,7,0,10,0,0,57,6,0,87,3,16,9,39,0,0,19,0,5,4,20,8,1,1,0,0,13,10,1,1,5,0,28,0,0,4,0,1,2,1,5,0,13
"COG2944",1,11,4,4,10,12,0,26,12,14,13,7,11,1,0,3,6,10,30,7,3,8,62,24,12,5,0,5,2,39,4,5,6,2,3,24,1,7,1,14,17,9,6,2,1,4,5,3,3,3,5,13,12,28,1,3,44,18,4,1,6,4,1,17,3,10,45,3,25,18,15,7,0,20,2,1,6,18,8,1,2,7,2,24,9,1,1,10,4,11,4,5,8,4,4,9,8,6,2,2
"COG2945",0,0,1,0,5,0,1,0,0,0,0,0,0,0,0,6,0,0,3,2,1,25,0,1,0,7,0,0,0,0,0,1,0,0,4,0,5,0,1,0,5,1,1,0,0,0,0,0,1,4,8,0,3,0,0,0,0,0,0,0,2,0,0,0,3,0,0,0,0,0,0,0,0,0,0,0,0,0,0,0,0,0,0,0,0,0,0,0,3,0,0,5,0,0,0,0,0,0,2,0
"COG2946",20,173,39,36,124,23,147,71,109,96,7,75,25,23,48,49,55,72,59,68,28,331,58,46,53,124,23,74,85,177,30,114,50,159,67,74,54,49,116,73,77,80,112,56,171,100,132,404,127,65,54,72,73,23,95,46,333,209,55,19,47,102,28,68,53,67,60,41,95,71,75,85,74,96,35,172,45,350,58,67,71,122,33,15,79,83,158,148,16,82,37,44,435,47,145,54,44,38,67,73
"COG2947",1,0,10,0,0,0,0,0,1,0,0,0,4,1,0,0,1,0,3,2,1,3,0,0,0,0,0,1,0,1,0,0,0,0,0,0,4,7,1,4,5,2,3,4,0,0,0,0,0,1,1,0,2,1,1,6,0,0,5,2,5,3,8,0,0,3,1,0,1,3,0,2,0,2,3,0,2,0,3,0,1,0,0,2,4,0,1,0,3,1,4,3,0,3,0,3,1,1,1,5
"COG2948",5,0,2,3,0,0,0,3,0,42,4,20,4,0,0,1,0,0,34,0,1,4,3,20,2,0,48,0,0,5,0,7,2,5,1,0,63,1,2,5,2,8,8,2,0,0,0,6,2,8,1,1,16,0,0,11,0,26,0,1,15,2,0,0,6,1,47,8,0,41,0,3,0,1,7,0,0,14,6,8,0,51,1,5,0,1,1,0,3,12,5,0,0,6,1,9,13,1,1,1
"COG2949",13,6,16,45,5,51,4,81,25,12,12,27,29,23,15,14,23,8,38,21,15,5,29,39,5,6,3,3,7,17,15,18,22,31,45,34,14,38,17,50,31,19,95,22,8,17,10,11,24,5,20,61,10,34,22,72,75,14,20,19,29,71,31,44,21,8,47,5,56,28,28,132,8,30,29,31,78,4,26,36,22,0,11,19,14,20,2,26,6,14,32,21,8,20,5,21,19,15,10,28
"COG2951",9,1,18,3,1,15,1,58,7,13,0,7,31,6,9,10,15,5,30,6,9,6,12,12,9,8,3,1,0,7,0,9,0,4,8,39,16,12,5,10,12,10,4,7,5,4,0,16,3,7,4,13,12,10,2,10,83,9,9,3,10,1,8,30,8,14,56,1,16,8,19,4,3,17,10,3,52,5,13,1,4,0,5,9,12,3,3,1,5,21,4,2,2,8,0,9,2,6,2,12
"COG2954",96,112,110,95,125,63,106,37,67,198,317,108,195,102,128,106,232,237,99,95,100,80,84,67,115,105,227,255,91,87,134,92,96,123,96,174,94,116,215,106,88,100,62,113,154,113,111,42,103,92,97,88,110,100,100,105,26,101,142,133,133,113,87,72,119,145,71,239,104,119,85,126,92,122,115,93,196,121,75,113,137,121,96,121,84,94,116,87,193,136,110,114,148,116,105,88,92,180,81,108
"COG2956",5,0,21,2,7,12,1,42,5,8,1,0,24,3,3,7,5,6,40,14,1,34,12,7,9,22,0,0,0,3,0,2,1,8,7,29,5,11,4,3,13,3,12,8,5,2,0,10,7,7,12,7,7,8,6,11,66,6,6,4,5,4,8,21,8,7,34,1,11,8,16,6,0,12,12,1,56,15,1,2,5,0,5,4,9,0,3,4,13,13,3,4,1,4,4,8,13,2,2,11
"COG2957",123,144,185,165,145,124,22,94,175,14,146,147,113,84,171,174,220,87,99,143,207,69,95,117,441,155,342,119,182,108,118,149,150,299,227,81,97,243,140,153,182,144,92,149,96,163,175,16,165,125,154,43,210,184,146,156,0,137,172,126,66,107,187,100,214,189,97,235,135,182,87,83,158,265,178,120,119,226,123,98,113,77,127,182,168,151,151,117,250,165,88,144,204,168,166,124,329,182,140,140
"COG2958",0,33,4,1,0,0,0,0,0,0,0,0,0,18,0,1,0,0,0,0,0,0,0,0,0,3,0,1,0,48,0,2,0,0,0,0,0,1,2,1,1,1,0,1,0,1,0,1,17,0,0,4,0,1,0,1,7,1,0,0,5,7,0,15,0,1,0,1,0,6,0,1,0,0,0,0,0,0,4,0,3,0,8,0,4,1,0,0,1,0,1,0,18,2,0,0,8,2,3,0
"COG2959",1,0,1,0,0,19,0,8,4,9,2,0,41,0,0,0,4,1,47,0,1,3,0,4,5,4,3,0,0,1,0,4,1,2,1,3,1,1,9,0,4,1,7,3,0,1,0,13,2,0,0,1,1,6,1,0,27,2,0,0,2,0,1,9,0,0,18,2,8,9,3,0,0,3,1,0,68,4,1,0,0,0,0,6,2,1,2,0,0,1,0,0,0,0,3,0,2,2,0,3
"COG2960",2,1,0,0,0,4,0,20,3,4,0,0,2,1,0,0,4,0,16,1,2,1,4,3,2,0,0,0,0,1,0,1,0,1,3,6,0,0,0,0,1,0,2,2,2,1,0,4,0,0,0,4,0,0,1,1,37,6,0,1,0,0,0,6,2,0,18,0,2,2,3,0,0,5,0,0,1,3,2,0,0,0,0,4,1,0,1,3,0,2,0,0,2,0,0,0,0,1,0,1
"COG2961",14,4,8,47,2,68,0,37,46,14,6,7,19,7,26,8,7,0,23,24,60,6,9,19,8,10,1,4,5,9,1,13,5,5,42,33,41,47,2,53,51,22,16,10,0,49,20,13,34,5,2,5,10,27,11,5,59,32,10,11,7,7,9,17,5,10,27,7,57,29,26,9,13,16,4,9,33,10,42,3,13,0,21,6,3,11,0,17,0,14,3,6,4,25,22,26,15,6,20,4
"COG2962",8,9,29,12,9,12,20,44,14,17,9,5,15,9,24,13,11,8,31,11,14,44,46,36,25,35,2,2,17,22,5,13,3,11,13,28,17,17,8,11,16,7,32,35,33,7,0,79,8,8,5,42,10,11,17,23,69,16,10,11,31,14,18,15,25,20,50,13,30,10,10,15,5,22,12,8,6,6,7,2,9,60,5,20,33,19,9,6,10,12,16,3,5,2,11,9,16,13,8,23
"COG2963",71,139,82,88,67,40,560,1790,235,450,98,111,87,90,42,177,205,70,135,237,52,328,447,271,87,117,119,124,82,86,79,89,62,230,170,351,46,59,53,127,96,84,142,92,72,63,59,173,199,111,48,163,78,87,79,152,1237,165,71,43,145,83,121,152,75,77,501,79,164,533,240,65,86,225,83,131,65,304,91,151,179,196,115,274,151,197,42,104,123,162,63,107,94,53,54,111,141,49,128,135
"COG2964",32,43,48,54,29,28,46,112,37,44,15,32,18,88,23,31,25,17,46,28,24,56,110,120,27,33,6,32,34,30,28,38,31,16,44,66,44,21,39,34,47,26,88,58,86,25,24,96,17,38,35,101,17,17,52,38,180,77,34,22,82,15,101,33,49,30,112,13,43,36,51,28,19,30,18,39,20,93,23,37,60,125,46,37,30,47,83,55,15,48,28,28,35,26,29,36,6,28,28,37
"COG2965",1,0,3,2,2,8,0,29,4,2,7,1,1,4,2,3,4,1,19,7,2,17,8,9,3,8,0,0,0,2,2,2,0,1,7,24,1,6,5,1,14,1,2,4,5,1,0,7,4,1,3,2,3,5,3,3,36,5,5,0,5,2,8,8,4,5,18,0,4,4,7,3,0,13,2,1,4,7,1,0,3,0,1,4,2,0,4,1,4,11,1,2,2,2,0,4,3,3,1,7
"COG2966",292,254,310,203,267,183,228,158,241,77,273,232,306,194,254,352,253,326,213,283,219,194,241,233,415,277,300,376,209,255,253,222,224,248,200,287,214,223,292,204,167,202,205,253,353,135,191,264,273,217,261,143,258,202,200,227,158,280,286,250,269,184,269,208,239,325,234,296,185,284,237,180,249,274,206,219,257,208,208,235,246,151,223,335,254,240,350,266,314,261,152,191,236,232,266,231,229,261,242,234
"COG2967",1,1,1,0,0,8,0,30,3,7,2,3,2,2,2,0,2,0,17,5,2,2,5,3,6,0,0,0,0,0,1,1,1,0,2,26,5,1,0,2,1,0,3,4,2,1,0,1,0,0,0,7,5,3,1,1,57,8,1,0,2,0,0,21,1,1,28,2,3,5,7,0,0,5,0,0,0,4,2,0,0,0,0,4,1,0,0,1,1,10,0,0,1,0,0,0,0,1,0,9
"COG2968",14,31,32,8,9,16,114,65,21,19,6,19,21,78,31,17,15,15,34,26,20,22,47,54,24,9,43,26,16,15,10,26,9,31,21,45,19,8,14,15,28,12,46,29,30,15,7,21,30,31,11,49,13,21,15,23,85,19,21,10,29,10,18,36,23,16,58,7,33,36,15,17,11,26,15,9,54,14,18,22,27,48,17,16,22,11,13,17,14,11,38,29,5,9,11,21,14,24,24,24
"COG2969",3,0,10,1,4,12,1,29,7,9,5,0,18,1,4,2,5,0,20,7,3,24,5,9,3,9,0,1,0,5,2,1,0,2,4,17,2,6,4,2,9,4,11,8,6,1,0,4,4,5,6,10,2,4,3,5,66,6,8,0,1,0,5,14,2,5,33,2,6,8,22,1,1,15,5,4,40,3,1,0,1,1,3,7,3,1,4,2,1,14,0,5,1,1,2,4,2,4,4,4
"COG2971",5,37,15,8,26,3,5,23,11,43,3,14,2,62,7,18,7,1,12,2,7,1,11,27,1,17,2,4,23,24,21,9,6,18,6,7,15,2,19,8,19,18,24,15,39,0,11,8,6,10,10,69,25,1,10,3,10,20,9,1,16,11,4,6,6,6,14,11,35,14,4,5,6,8,2,14,4,11,7,32,9,19,3,3,13,18,3,19,2,33,28,21,13,3,11,16,1,2,18,14
"COG2972",712,2426,1028,1019,1625,644,1187,696,676,1346,405,1910,525,1087,967,768,1200,1210,559,480,540,1579,1062,986,465,1695,469,919,1171,1307,854,771,1284,1593,1227,430,966,483,1860,1437,675,896,591,883,1019,1645,1965,2691,1406,934,1185,1375,1771,648,800,929,1673,1387,842,896,1181,1755,856,1637,541,1351,1506,797,1142,616,1286,1033,1403,1177,1873,1328,742,4416,654,2015,1562,1484,999,649,918,1272,2038,1127,291,1766,2211,1162,2805,762,990,1312,654,457,1259,1121
"COG2973",1,0,0,0,1,5,0,6,3,3,0,0,0,1,0,0,0,1,4,1,0,0,1,0,1,1,0,0,0,0,0,0,0,0,0,1,0,0,1,0,0,1,1,0,0,0,0,4,2,0,0,2,2,1,0,1,5,1,0,1,1,0,1,2,0,1,4,0,0,0,2,0,0,1,0,0,2,0,1,0,0,0,0,0,2,0,1,1,0,2,0,0,0,0,1,0,0,1,0,1
"COG2974",3,0,0,1,0,14,1,215,2,29,4,1,18,0,4,0,8,0,31,11,5,11,23,17,7,8,1,0,0,6,1,3,2,4,4,38,0,5,4,5,18,7,9,8,1,2,0,6,1,0,0,10,3,12,1,0,97,8,0,2,10,0,1,22,7,3,55,2,9,24,20,0,0,15,3,1,47,6,7,1,0,0,0,3,11,1,1,0,0,22,0,0,2,1,1,2,2,11,0,7
"COG2975",2,0,1,0,2,3,0,13,6,2,1,0,2,2,2,1,1,0,10,2,0,10,5,4,3,4,0,0,0,1,0,0,1,0,5,8,2,2,3,2,1,1,1,2,1,0,0,4,1,0,3,4,1,0,0,1,15,1,2,0,1,0,0,1,0,2,12,0,6,2,3,3,1,2,0,0,2,1,1,0,0,0,2,1,0,0,0,1,0,5,3,0,0,0,1,0,0,1,0,2
"COG2976",5,0,5,2,3,4,0,39,3,4,6,0,24,2,6,3,3,1,32,9,4,33,4,8,10,5,1,1,0,4,1,3,0,2,2,34,2,10,3,5,11,1,6,5,2,0,0,7,1,0,5,7,4,5,7,5,57,4,6,0,3,0,3,17,3,5,40,0,5,5,5,1,1,8,9,0,43,6,5,0,0,0,3,5,8,0,4,0,3,11,0,3,1,0,1,4,3,4,0,9
"COG2977",2,0,0,0,3,9,0,36,6,26,2,1,5,1,0,0,2,0,7,7,1,0,3,12,9,0,38,0,0,4,11,0,0,0,3,20,0,3,0,2,4,3,3,6,0,1,0,8,0,0,18,4,1,4,3,1,48,4,0,0,1,0,0,19,0,0,32,3,6,7,4,0,23,8,0,1,1,5,2,0,0,0,1,8,0,0,0,0,1,11,0,0,3,2,1,20,4,3,0,7
"COG2978",103,81,78,139,65,205,78,81,216,24,8,79,100,38,241,71,62,20,130,98,164,31,115,154,45,71,49,16,100,63,29,110,124,70,101,58,63,201,71,114,162,125,207,82,8,131,61,28,75,157,75,52,70,128,103,61,214,135,87,92,56,51,84,77,102,63,110,113,361,75,98,153,110,110,36,93,111,36,184,60,57,123,70,124,111,98,37,94,73,83,51,66,65,116,81,76,144,119,115,106
"COG2979",1,1,0,0,1,7,0,36,3,6,1,0,7,1,1,1,3,1,9,4,2,5,6,6,2,4,0,1,1,1,0,0,1,0,1,17,0,1,2,6,4,5,3,1,2,2,0,5,0,0,0,5,1,6,2,0,45,7,3,1,2,0,2,18,1,2,36,2,8,5,11,0,0,9,2,1,2,2,3,0,1,0,0,7,8,0,1,4,1,11,0,0,1,0,1,0,2,1,0,2
"COG2980",2,2,8,0,5,7,0,15,3,7,2,0,28,1,2,3,1,1,27,9,1,25,5,3,4,15,0,0,0,0,1,3,0,1,1,3,2,1,10,1,4,2,6,5,2,1,0,9,4,2,2,6,1,2,3,0,28,3,7,1,3,0,4,5,4,6,18,2,2,2,6,1,0,9,2,0,54,0,0,0,1,0,2,0,1,0,1,1,1,11,1,2,0,2,2,3,1,2,1,4
"COG2981",0,0,3,3,4,18,0,13,9,1,0,3,26,0,0,3,7,0,32,2,4,4,6,11,5,11,2,0,1,0,3,1,4,3,2,5,3,1,3,4,7,6,8,8,0,2,1,11,3,19,1,3,0,2,1,1,23,2,2,4,2,0,2,10,1,1,19,4,16,6,7,2,1,4,1,0,33,2,10,0,2,0,1,1,5,19,1,2,1,2,2,0,0,5,2,1,2,5,1,0
"COG2982",10,1,4,1,4,44,2,202,24,38,15,13,26,2,5,3,17,0,96,28,13,9,32,30,30,5,1,0,1,9,2,3,3,3,13,118,47,9,0,22,26,7,17,17,1,10,0,30,1,4,0,40,18,26,6,2,321,36,11,0,13,1,8,87,6,3,184,2,35,30,70,0,0,43,0,3,7,43,9,1,0,0,0,23,20,1,1,7,3,39,0,0,7,11,5,2,1,9,1,31
"COG2983",3,0,1,0,1,5,0,33,4,5,4,3,4,0,2,1,7,1,13,3,1,3,9,11,4,3,1,0,0,2,0,1,0,1,4,11,21,1,2,3,1,1,4,3,1,4,0,5,0,1,0,6,8,8,1,0,55,8,2,3,2,0,4,19,1,0,33,2,7,4,11,0,1,8,1,0,2,7,1,0,0,0,1,6,3,0,1,1,0,7,0,0,2,1,1,1,2,3,0,6
"COG2984",107,258,132,154,141,56,113,46,45,107,34,243,58,287,92,132,143,166,78,68,131,182,127,206,47,192,59,120,184,302,125,120,125,150,62,65,112,46,135,175,93,112,268,110,194,201,155,365,126,162,181,169,177,61,179,181,60,109,120,96,246,206,109,179,120,209,133,99,143,62,154,106,138,104,186,186,112,183,58,214,157,144,171,125,136,101,219,219,50,209,241,148,227,103,194,165,41,66,119,101
"COG2985",1065,242,880,750,760,739,41,400,1022,102,944,464,902,251,1064,1004,600,881,640,840,1064,169,662,606,1257,641,845,874,628,478,805,811,767,694,846,603,714,1097,584,604,996,922,494,744,498,723,688,50,626,789,737,348,628,1013,929,585,203,673,1013,823,563,401,787,470,854,806,331,894,663,607,769,482,876,708,545,694,715,121,949,375,539,158,815,1036,860,864,285,650,1059,459,427,698,485,887,823,736,994,1103,739,805
"COG2986",195,60,138,149,125,168,6,70,232,88,10,93,43,69,169,165,65,13,87,174,226,77,69,138,41,83,51,12,102,73,65,133,131,83,132,7,129,206,24,130,177,189,115,153,23,173,134,43,145,125,226,87,119,322,277,174,71,217,146,148,143,144,161,151,201,236,87,144,301,134,212,188,220,129,96,174,70,48,354,101,119,41,179,185,230,196,24,150,115,103,119,171,61,260,236,260,295,251,251,155
"COG2987",287,66,211,196,199,243,6,70,248,34,13,150,75,97,295,272,84,13,139,205,307,40,103,148,73,95,94,11,165,140,119,250,171,102,175,7,155,270,12,173,240,253,145,136,23,165,177,68,145,217,224,95,101,237,272,141,47,137,166,117,130,126,137,108,150,219,72,161,171,92,224,116,230,96,77,171,49,28,328,92,100,31,174,190,260,193,23,127,71,70,106,116,47,253,196,164,222,285,158,244
"COG2988",1,0,0,0,1,6,0,32,4,7,1,0,4,1,1,1,3,1,33,1,1,0,4,4,2,1,0,0,1,0,0,4,1,1,3,15,0,0,1,6,6,0,7,2,0,0,0,11,0,0,0,7,0,3,1,0,41,5,0,0,0,1,1,8,1,0,28,0,2,8,10,0,0,6,0,0,2,2,2,0,0,0,0,2,2,0,0,1,1,12,0,0,0,0,0,1,2,1,0,1
"COG2989",22,7,18,17,9,35,2,34,29,5,262,6,197,12,11,22,73,237,45,50,57,2,64,25,217,18,115,226,13,12,105,24,21,15,33,171,24,49,143,4,25,15,12,56,85,57,36,12,11,25,17,28,13,24,22,7,54,24,127,178,48,11,18,32,68,4,48,96,82,68,27,6,10,15,12,19,104,3,60,9,63,0,7,25,29,30,33,64,146,15,13,5,61,25,24,19,15,6,8,18
"COG2990",8,1,12,3,7,42,6,59,31,17,3,0,16,1,10,4,15,4,53,9,7,24,55,42,14,14,3,2,4,11,2,13,2,7,12,55,5,5,11,19,23,9,38,18,40,8,0,43,2,17,1,12,4,14,6,9,89,9,2,13,5,6,14,42,10,3,69,7,42,17,12,1,4,21,4,7,3,10,14,5,2,96,1,16,22,8,4,3,2,17,0,0,8,8,4,4,5,11,2,13
"COG2991",0,0,0,0,0,3,0,0,0,0,0,0,0,0,0,0,0,1,5,0,0,1,0,0,1,1,0,0,0,0,0,0,0,0,0,0,0,0,0,0,0,0,1,1,1,0,0,3,0,0,0,0,0,0,0,0,0,0,0,0,0,0,0,2,0,0,0,0,0,3,0,0,0,0,0,0,0,1,0,0,0,0,0,0,0,0,0,0,0,1,0,0,0,0,0,0,0,0,0,0
"COG2992",5,0,3,0,0,22,0,65,6,6,8,4,6,2,8,0,10,1,19,8,3,7,9,8,9,0,0,0,1,4,1,1,0,1,3,40,8,3,0,17,20,4,9,3,1,3,0,8,0,20,3,14,2,10,7,1,108,18,3,1,2,0,3,19,1,1,51,9,43,11,20,0,1,15,0,0,3,15,20,0,0,0,0,14,13,6,0,2,3,18,0,0,1,5,1,5,3,1,2,10
"COG2994",5,1,0,1,0,0,1,0,0,0,0,2,0,1,1,1,3,2,0,0,0,0,0,5,0,0,0,0,0,8,0,2,0,1,0,0,5,0,0,0,2,0,0,7,0,0,0,0,0,0,0,2,1,0,2,0,0,1,1,1,0,3,0,0,1,1,0,0,3,6,0,0,4,0,0,2,0,0,1,0,0,0,2,0,4,5,0,5,0,0,2,0,0,0,2,3,0,1,0,2
"COG2995",5,2,1,2,0,35,2,133,10,32,10,1,29,0,2,0,7,3,55,9,3,6,25,16,14,17,6,3,1,4,1,2,2,3,10,86,0,3,2,10,18,1,7,18,1,7,0,29,4,1,1,22,3,17,6,1,160,12,6,0,3,1,2,46,6,0,107,2,13,17,28,0,1,27,2,2,75,30,13,0,0,1,0,12,14,0,3,4,2,35,0,0,7,0,4,2,3,7,1,17
"COG2996",158,196,196,147,242,143,145,71,152,104,162,143,183,76,203,172,173,199,180,160,127,241,142,154,212,210,199,152,169,95,119,114,123,176,213,149,125,234,165,161,237,155,121,137,207,173,156,282,193,137,167,90,180,187,156,147,38,152,169,182,147,162,144,113,140,158,96,220,158,144,134,121,172,196,158,197,193,170,160,91,168,145,142,191,200,207,233,150,228,145,143,166,242,206,165,139,248,225,197,190
"COG2998",1,2,5,0,2,0,0,2,0,0,0,2,2,4,2,1,2,0,1,2,5,0,0,5,0,2,1,0,1,2,2,3,1,2,0,0,2,5,0,4,0,2,1,4,0,1,0,0,4,7,2,3,2,0,2,4,0,0,6,3,2,4,3,3,1,1,3,4,0,1,2,1,0,2,1,0,1,3,3,1,0,0,3,2,7,3,1,0,3,0,4,0,0,4,0,1,3,1,1,4
"COG2999",3,0,2,1,0,0,0,37,4,7,3,0,0,1,1,1,9,0,0,1,1,0,9,13,3,10,0,0,0,0,0,0,0,0,3,18,1,2,1,3,5,3,0,2,0,3,0,3,1,0,0,3,2,4,1,0,64,5,2,0,0,0,1,11,2,0,43,0,4,1,10,0,0,10,0,0,0,8,1,0,0,0,0,2,2,0,0,1,1,6,0,0,1,0,0,2,1,0,0,7
"COG3001",0,0,0,4,1,10,62,34,3,141,0,0,5,1,0,1,7,0,29,1,2,0,8,3,2,13,0,3,1,0,1,1,0,3,0,33,1,4,6,4,7,0,7,2,20,0,0,15,3,0,3,4,2,2,1,0,28,7,3,0,1,0,13,10,7,3,16,0,2,8,4,0,0,6,2,0,3,11,2,1,0,89,1,4,3,0,1,5,0,0,0,14,1,0,1,0,0,4,0,2
"COG3004",156,75,114,105,92,134,249,126,173,165,12,81,52,54,117,119,44,34,79,183,119,48,104,93,27,45,121,50,104,75,53,109,121,39,170,103,106,149,15,105,155,137,93,104,90,92,122,64,113,87,125,59,49,148,140,55,90,132,104,47,110,36,85,81,112,98,107,66,123,87,187,90,112,91,52,118,22,31,197,49,61,186,109,133,146,127,18,86,84,50,48,91,58,167,125,112,144,154,93,127
"COG3005",59,8,41,21,27,81,1,89,39,19,9,16,31,10,37,33,28,6,45,44,51,45,27,21,21,36,2,1,33,9,9,42,29,4,65,45,27,49,3,59,52,22,15,35,15,73,28,13,36,67,33,37,4,68,39,9,109,30,37,20,5,7,53,28,26,14,62,12,64,28,52,15,23,47,44,37,5,11,63,16,16,2,24,20,51,45,7,49,6,22,18,21,7,19,7,32,24,19,34,30
"COG3006",7,1,1,2,0,17,2,66,9,18,4,0,3,4,1,2,7,1,23,11,0,4,11,14,14,18,3,0,0,6,1,1,2,2,5,37,1,2,3,4,9,3,11,5,3,3,0,11,0,0,0,15,3,11,3,0,92,13,3,1,3,0,6,21,5,2,56,0,8,18,26,0,3,12,2,1,0,8,5,0,0,0,0,6,1,0,3,0,0,20,0,0,4,1,0,2,2,9,2,2
"COG3007",1,27,3,10,4,0,67,3,0,13,1,21,24,0,3,2,2,7,4,15,4,1,5,1,2,22,22,19,5,9,9,2,19,25,1,11,0,5,16,3,3,7,0,5,1,4,9,51,24,5,30,3,23,0,1,6,0,21,2,6,1,11,1,16,1,7,2,7,0,24,0,18,11,2,16,4,68,106,1,23,46,9,9,0,7,7,10,9,7,2,6,3,2,6,8,7,20,5,16,9
"COG3008",5,1,7,1,1,35,1,104,12,18,6,0,24,3,6,4,11,5,61,8,6,9,17,12,13,17,0,0,0,13,2,5,2,8,5,71,19,18,7,11,11,8,13,8,2,4,0,23,3,0,5,24,15,18,4,12,197,19,11,3,7,1,5,82,12,8,120,7,21,18,51,4,1,33,12,3,108,24,24,6,0,0,1,18,33,4,2,5,2,35,13,0,4,1,14,11,11,8,2,16
"COG3009",2,0,0,0,0,2,0,42,7,4,0,0,13,0,0,1,4,1,15,3,1,3,6,8,2,0,1,0,1,0,0,0,0,0,3,35,1,3,0,4,2,4,2,5,0,1,0,4,0,1,0,8,0,6,2,0,45,3,2,1,1,0,1,10,1,0,40,2,4,1,12,1,0,9,0,1,37,6,3,0,0,0,0,1,1,0,0,1,1,10,0,0,3,0,1,0,2,1,0,3
"COG3010",26,75,55,17,53,55,112,59,34,47,17,30,24,23,42,37,24,23,48,41,44,22,24,51,16,95,47,31,38,65,29,27,25,30,18,55,28,14,33,61,44,28,79,30,18,18,52,133,47,74,26,32,28,23,39,53,99,67,24,17,48,29,15,39,26,56,84,41,64,45,94,14,40,54,31,32,15,161,40,38,45,84,34,27,46,37,60,36,19,41,25,27,61,36,69,21,30,24,61,37
"COG3012",0,2,10,1,0,10,0,48,7,6,4,0,1,5,7,2,5,0,8,6,2,5,9,7,6,11,0,0,0,2,0,6,0,1,7,27,0,1,1,2,5,1,2,7,1,4,0,8,2,9,1,14,4,4,8,3,51,7,4,6,2,0,4,11,2,6,33,4,12,6,14,1,0,16,3,1,1,8,10,1,2,0,2,4,8,1,3,1,3,5,1,1,2,5,2,2,1,2,2,8
"COG3013",2,1,2,0,0,7,0,37,4,11,1,0,4,1,1,0,4,0,14,1,2,2,9,10,3,2,0,0,0,1,0,1,5,1,5,23,1,3,0,4,5,1,3,4,0,0,0,7,0,0,0,8,7,1,2,1,55,4,2,0,0,0,1,15,2,7,35,1,3,4,18,0,5,6,0,0,0,7,2,2,0,0,0,1,3,1,1,1,1,10,0,0,0,0,0,1,0,1,0,4
"COG3014",0,0,0,0,0,0,0,0,0,0,0,6,3,0,0,3,0,0,1,1,1,0,2,4,0,1,0,1,0,2,1,5,2,1,0,0,1,0,0,0,0,0,0,7,0,0,0,0,0,1,5,0,2,0,3,4,0,0,7,1,5,3,11,2,2,0,0,0,0,2,0,2,1,0,2,1,3,0,0,1,2,0,5,2,4,45,0,1,5,0,2,0,2,5,1,5,1,16,1,0
"COG3015",63,18,60,31,40,64,0,60,63,7,130,19,78,8,92,28,57,100,39,55,49,6,70,45,148,21,104,125,21,21,79,33,26,51,98,107,26,101,37,18,110,30,17,54,44,31,64,5,42,26,50,30,40,49,53,28,42,31,61,78,32,26,47,38,40,19,32,126,48,49,53,37,43,25,15,46,76,9,81,7,50,18,21,66,60,44,21,30,95,19,13,33,46,46,44,52,101,57,63,32
"COG3016",47,31,96,31,10,58,41,116,19,4,10,6,14,7,6,24,9,3,9,12,15,2,68,54,76,2,31,14,17,21,19,35,25,13,75,58,25,9,4,0,30,28,15,44,1,13,6,5,37,17,38,10,6,24,67,32,6,17,10,136,35,36,21,18,48,6,6,9,43,46,66,14,28,2,26,60,86,10,27,5,23,0,9,57,53,26,0,46,19,5,15,2,20,19,6,29,27,20,32,29
"COG3017",5,1,2,1,8,8,0,26,4,6,0,0,19,1,5,4,6,3,6,6,3,20,3,14,4,8,1,1,0,0,0,3,1,3,2,20,0,3,1,3,2,5,5,4,4,4,0,5,5,0,2,2,1,6,7,0,31,4,2,2,2,0,2,10,3,3,25,0,4,4,7,3,1,2,9,0,32,4,1,0,0,0,1,4,2,0,0,1,2,9,0,3,2,0,1,2,0,1,0,8
"COG3019",0,0,0,0,0,0,0,0,0,0,0,0,2,0,0,0,0,0,0,0,0,0,0,0,0,1,0,0,0,0,0,2,0,0,0,0,0,0,0,2,0,0,1,1,0,0,0,0,0,0,0,0,0,0,0,0,0,0,0,0,0,0,2,0,0,0,0,0,0,1,0,0,0,1,0,0,0,1,0,0,0,0,0,0,2,0,0,0,0,0,0,0,1,0,0,0,0,0,0,0
"COG3021",141,27,130,111,111,102,4,94,165,15,234,47,165,27,160,180,142,146,155,190,213,12,127,84,191,86,216,163,106,59,124,128,104,121,148,181,96,154,176,62,96,175,100,148,78,91,84,4,80,126,108,58,101,186,123,122,62,134,146,141,113,70,141,104,157,138,100,211,111,164,74,93,141,242,106,85,185,21,162,78,108,13,75,182,144,146,52,121,206,103,82,109,141,155,157,126,224,183,131,135
"COG3022",115,84,167,123,140,111,40,101,141,95,159,80,121,30,146,123,149,160,131,99,114,110,140,127,108,120,153,231,122,70,114,92,140,178,131,256,117,131,148,103,126,112,96,142,197,86,89,223,103,105,80,68,133,140,98,106,114,162,129,146,72,93,98,83,102,101,136,209,128,162,89,66,103,161,81,104,125,209,111,43,132,59,105,112,135,146,173,108,154,114,100,119,150,122,136,111,137,152,117,128
"COG3023",229,57,191,284,142,383,12,92,297,43,501,115,490,194,251,285,332,259,161,364,488,42,157,168,294,90,516,352,199,170,412,213,294,62,269,322,268,359,162,179,264,366,158,224,245,398,256,13,186,213,173,254,86,329,268,113,74,262,276,342,154,136,205,147,303,130,155,248,347,173,186,154,169,153,121,138,305,83,316,106,194,36,190,189,157,248,100,210,376,105,119,163,211,225,224,212,213,250,225,165
"COG3024",1,0,3,1,1,1,0,0,0,1,0,1,11,1,1,0,1,1,4,0,0,10,0,1,1,3,0,1,0,1,1,0,0,0,0,0,0,1,0,0,4,1,3,1,0,0,0,3,0,0,2,1,2,0,2,1,0,0,3,0,1,1,1,2,1,5,0,3,0,3,0,0,0,2,6,0,24,0,0,0,1,1,0,2,2,2,0,1,2,2,0,1,0,0,0,3,1,1,2,0
"COG3025",18,12,17,12,7,18,104,60,6,9,0,7,5,18,19,10,20,9,27,19,13,6,16,53,13,10,29,11,2,31,6,15,12,10,3,59,18,3,6,5,21,10,10,43,2,5,1,17,21,16,2,23,7,20,13,11,91,16,3,15,10,18,4,17,31,4,60,4,39,49,27,3,8,15,1,9,5,6,7,16,22,1,8,23,28,16,2,7,15,20,10,0,1,10,15,9,24,12,22,18
"COG3026",3,0,0,1,0,13,1,56,9,8,4,0,5,1,1,0,3,3,19,3,3,5,13,11,7,12,1,0,0,2,0,7,2,1,2,37,3,1,5,1,7,2,4,3,3,1,0,15,3,0,0,11,2,11,2,0,82,12,3,0,3,0,1,15,6,2,45,5,11,11,18,0,0,8,5,1,2,8,8,0,1,1,0,9,8,1,0,0,1,16,0,0,1,0,5,0,4,3,0,7
"COG3027",4,2,5,12,4,11,2,37,3,5,2,7,6,7,7,7,10,2,14,7,3,2,16,28,10,5,2,0,7,8,2,9,4,3,4,30,8,2,4,8,4,8,16,18,3,6,2,5,3,4,6,22,2,11,4,14,64,13,5,4,12,9,15,20,8,8,21,1,10,7,12,7,6,12,3,2,1,3,7,5,6,2,12,6,6,6,2,12,1,13,6,3,2,3,7,6,2,3,1,14
"COG3028",3,0,7,5,10,10,1,31,4,4,1,0,23,5,8,5,4,1,24,7,3,24,4,15,4,10,1,1,1,2,2,9,1,3,4,29,2,3,2,4,10,2,8,6,4,1,0,8,1,5,8,6,3,6,9,4,41,7,2,1,4,0,7,16,3,9,45,2,5,15,13,3,0,5,9,2,44,4,4,2,1,0,3,7,8,1,1,1,2,10,1,3,1,3,1,4,4,8,7,8
"COG3029",0,0,1,0,1,5,0,25,4,8,2,0,20,0,0,0,6,0,10,4,1,3,4,9,3,5,0,0,0,1,2,2,0,1,2,14,0,1,2,2,7,2,2,3,2,0,0,6,0,0,1,2,2,0,0,0,57,2,0,1,0,1,0,13,1,0,33,0,2,2,8,0,0,13,0,1,25,8,2,0,0,0,0,2,5,1,0,0,0,8,0,0,0,0,1,0,0,2,0,4
"COG3030",1,0,1,0,0,5,0,27,4,5,0,0,14,0,1,1,2,0,4,3,0,2,3,4,0,2,0,0,0,1,1,2,0,0,4,10,0,0,0,2,2,0,3,3,0,1,0,4,1,0,0,4,0,3,2,0,52,6,2,0,0,0,2,7,2,0,29,0,1,1,6,0,0,4,0,3,20,5,1,0,0,0,0,6,2,0,0,0,0,7,0,0,3,0,0,0,1,1,0,6
"COG3031",3,0,0,0,0,0,0,40,7,3,2,0,1,0,0,0,1,0,16,2,0,3,3,22,4,0,0,1,0,0,0,0,0,0,7,24,1,2,0,3,8,0,3,4,0,2,0,1,0,0,1,15,0,1,1,0,96,10,4,0,1,0,5,26,1,1,40,4,6,13,20,0,0,12,0,2,0,6,3,0,0,0,0,4,0,0,0,0,0,6,0,0,0,0,1,0,2,4,0,5
"COG3033",67,21,19,81,53,51,21,178,70,21,9,54,26,49,82,78,28,9,27,62,73,17,79,112,23,35,18,4,70,49,77,115,75,23,14,68,119,45,11,64,48,70,82,91,5,74,33,8,21,69,76,52,28,76,91,72,165,55,64,50,60,35,59,97,79,58,115,49,95,60,37,62,68,31,26,62,16,15,63,45,42,11,91,61,41,126,14,84,41,49,80,52,28,104,44,72,37,104,38,69
"COG3034",1,4,9,0,1,21,9,63,5,7,2,1,21,7,16,5,2,0,11,4,2,0,9,9,3,3,0,0,0,8,16,5,0,3,10,15,0,7,0,10,4,4,3,7,0,4,1,4,0,0,0,5,1,1,1,7,46,11,5,5,16,1,7,28,1,3,25,2,17,4,8,1,5,13,0,1,49,3,7,0,2,12,3,7,19,33,2,2,4,6,5,2,4,3,4,3,0,3,1,3
"COG3036",0,0,0,0,0,4,0,14,2,3,1,0,4,0,0,0,4,0,10,3,0,2,5,4,4,7,2,0,0,0,0,0,0,1,3,7,0,1,1,3,2,0,5,0,0,0,0,9,0,0,0,4,3,0,1,0,14,3,0,0,1,0,1,5,2,0,17,1,2,5,3,0,0,3,0,1,0,1,1,0,0,0,0,0,2,1,0,2,0,1,0,0,0,0,1,0,2,1,1,3
"COG3037",4,66,13,5,20,43,293,123,26,44,9,12,22,12,15,15,27,10,134,37,21,44,54,29,28,26,76,20,8,37,14,36,15,13,25,95,4,17,19,28,31,20,43,27,16,18,53,123,53,19,4,27,5,13,17,24,63,74,7,17,4,3,16,80,21,12,106,21,48,61,19,8,12,35,9,16,7,92,34,29,54,305,11,19,42,47,16,29,28,33,2,43,13,13,11,4,33,26,38,43
"COG3038",3,1,2,0,1,23,0,127,5,18,2,0,4,0,5,0,14,0,8,11,0,3,23,13,7,3,0,0,0,2,1,0,0,1,6,64,0,2,0,12,7,3,1,2,1,4,0,6,1,0,1,20,0,10,4,2,142,12,2,0,4,0,7,29,1,0,100,2,18,7,27,0,0,25,1,2,3,22,10,0,0,0,0,11,6,0,0,3,1,18,0,1,6,0,0,1,2,1,0,14
"COG3039",1108,70,6700,79,67,25,10,711,916,78,12,79,186,306,52,620,275,18,12,67,177,36,1940,686,21,322,4,39,191,119,28,1521,85,85,287,13,109,39,17,202,57,24,273,1398,19,52,90,78,17,26,58,152,223,19,1639,256,237,41,79,32,56,56,73,427,136,230,101,251,102,68,185,1089,44,57,299,1513,240,19,658,220,27,28,44,29,66,64,41,105,19,126,272,101,96,259,19,397,845,111,93,124
"COG3040",31,11,18,55,22,109,0,74,61,17,6,17,26,13,22,29,15,0,86,35,72,10,27,18,27,8,1,6,12,17,16,53,29,4,88,68,33,51,7,41,57,48,21,47,16,47,33,6,29,27,12,19,9,72,38,24,66,52,37,31,10,7,57,47,49,6,60,8,90,56,51,23,11,67,28,14,12,12,79,26,12,0,22,40,48,79,7,39,32,39,25,15,12,24,20,38,26,36,18,33
"COG3041",29,15,14,50,46,16,27,45,18,2,60,70,64,59,42,25,43,111,10,15,28,7,65,90,136,22,137,59,21,17,59,38,43,63,442,87,47,28,132,26,18,19,38,44,22,30,43,39,21,34,29,35,28,22,25,42,32,34,28,23,79,40,24,68,52,28,51,126,8,52,13,53,45,42,35,36,60,79,10,40,48,47,41,24,38,33,26,56,77,24,36,47,36,56,28,70,14,20,151,52
"COG3042",0,0,0,0,0,21,0,15,4,9,2,0,3,0,0,0,4,0,13,1,0,0,6,3,2,1,0,0,1,2,2,0,0,2,1,23,0,1,0,4,1,0,2,0,1,1,0,2,0,0,1,5,0,1,0,0,42,5,1,0,1,0,1,7,0,0,26,0,3,3,8,0,1,8,0,0,0,5,1,0,0,0,0,4,3,0,0,4,0,5,0,0,0,0,0,0,1,2,0,1
"COG3043",2,0,6,0,2,0,0,34,2,9,1,0,0,0,2,0,4,0,6,6,3,17,4,8,2,11,0,0,1,0,0,0,0,4,2,24,1,2,0,3,5,1,0,4,1,0,0,4,1,2,2,4,1,2,2,2,48,8,2,0,3,2,3,9,3,0,26,0,3,0,14,0,2,6,0,0,0,6,4,0,0,0,2,7,6,0,1,0,1,6,3,0,1,0,0,1,2,3,0,5
"COG3044",13,156,52,35,61,18,33,16,33,73,7,25,17,14,44,30,26,26,25,7,18,39,28,35,17,46,16,38,59,49,19,38,29,57,24,39,45,15,56,28,52,31,42,17,62,26,64,162,61,69,39,45,57,22,19,30,94,134,34,18,18,48,19,38,10,51,74,41,22,24,38,36,48,43,58,37,8,251,25,32,28,90,34,13,43,24,149,61,8,72,44,29,71,15,46,37,30,19,42,68
"COG3045",3,0,6,1,12,7,1,47,6,5,3,2,0,1,1,5,3,0,12,7,0,19,8,11,3,8,0,1,1,4,0,3,2,0,9,30,2,4,1,3,8,3,1,6,0,1,0,4,5,5,8,9,4,4,3,4,69,5,5,2,1,1,10,13,8,4,33,3,11,9,13,4,0,10,3,0,3,5,6,0,3,0,0,6,6,0,3,2,7,12,2,0,3,1,1,3,1,3,2,7
"COG3047",1,0,0,0,0,4,0,21,3,1,2,0,4,0,0,0,1,0,18,1,0,1,4,4,1,0,0,0,0,0,0,0,0,0,2,8,0,1,0,2,3,0,3,3,0,1,0,10,1,0,0,5,0,6,1,1,24,1,2,0,0,0,1,16,0,0,16,0,0,1,4,0,0,5,0,0,0,3,1,0,0,0,0,2,0,1,0,0,1,3,0,0,1,0,1,0,0,1,0,2
"COG3048",7,6,16,13,0,17,4,68,14,13,5,5,12,34,14,5,20,7,48,4,10,3,54,21,10,6,14,11,21,4,6,7,9,9,16,46,13,4,5,10,21,5,19,28,36,2,14,10,11,20,13,43,5,18,6,6,153,10,24,9,28,9,7,35,25,22,84,10,55,36,28,6,19,18,10,10,5,11,13,14,7,0,10,10,19,13,7,9,2,39,3,6,5,25,4,5,8,11,8,26
"COG3049",248,239,165,300,231,202,97,128,255,193,32,226,84,204,202,201,143,92,228,190,255,268,181,214,54,252,82,66,233,153,155,256,276,216,303,62,233,363,95,231,312,181,214,216,226,335,276,199,267,246,209,212,202,293,238,249,78,237,172,190,188,233,245,172,246,165,165,135,305,194,191,315,246,243,275,253,89,166,200,196,188,179,259,200,273,260,179,214,191,197,252,216,246,279,266,237,271,254,215,277
"COG3050",0,1,0,0,0,9,0,18,3,3,0,1,5,0,1,0,1,0,20,0,0,1,5,5,0,5,0,0,0,0,0,0,0,2,3,7,0,0,2,2,1,0,1,0,1,0,0,6,0,0,0,4,1,1,2,0,19,2,0,0,0,0,2,9,1,1,11,0,3,4,6,0,0,6,0,0,2,5,1,0,0,0,0,4,3,0,1,0,1,3,0,0,0,0,3,0,1,2,0,1
"COG3051",51,40,118,19,41,75,62,76,39,47,5,28,32,39,74,17,43,20,62,47,78,60,50,68,106,57,16,26,35,38,7,29,12,79,10,50,50,18,14,38,39,36,51,50,44,30,31,43,65,86,18,67,62,27,67,23,135,37,34,52,58,71,29,55,37,31,120,22,120,43,78,15,25,15,10,30,18,38,37,23,43,61,37,35,76,12,30,21,6,56,15,13,17,51,35,43,8,37,19,33
"COG3052",12,11,27,1,11,19,17,27,10,14,1,6,7,12,23,4,9,9,9,7,23,8,6,19,26,12,7,4,4,6,1,9,3,29,1,17,13,6,4,8,15,7,9,19,6,5,16,9,23,23,6,17,25,9,7,12,41,8,10,16,19,23,17,11,12,9,29,5,21,9,15,6,11,9,5,13,11,3,5,5,9,13,19,10,31,6,11,6,0,14,6,4,6,14,9,13,2,2,4,17
"COG3053",9,10,6,7,17,29,22,86,22,34,11,16,10,41,14,7,36,26,40,13,20,30,20,29,127,47,11,22,19,11,8,16,11,133,17,46,24,10,7,19,26,27,18,22,79,10,9,10,6,40,16,37,101,19,22,37,118,19,23,15,38,20,19,35,9,19,82,12,58,23,45,16,11,17,6,19,33,22,29,5,38,33,11,11,42,8,50,13,22,30,98,14,14,33,15,13,28,7,7,26
"COG3054",5,0,1,1,1,8,0,39,5,12,0,0,5,0,0,1,3,3,25,6,2,1,8,11,9,7,1,0,2,1,0,2,1,3,2,35,0,0,2,7,5,3,2,4,1,2,0,12,0,0,0,11,1,8,4,2,59,8,3,0,0,0,3,14,1,1,40,0,12,17,7,0,1,6,2,0,3,10,4,2,0,0,0,10,8,0,1,2,1,7,0,0,2,0,1,0,0,3,0,10
"COG3055",121,37,110,28,48,66,170,231,150,21,14,27,140,19,96,81,75,9,96,106,126,20,70,70,106,60,86,22,62,38,190,105,88,96,100,120,35,132,91,123,142,102,34,106,12,92,72,6,121,91,58,70,78,117,54,47,151,97,130,61,37,50,81,101,84,40,100,106,130,65,83,91,65,90,15,56,23,22,123,25,91,21,173,72,119,48,35,58,89,42,16,40,36,118,113,87,139,85,112,99
"COG3056",2,1,1,0,0,12,0,45,5,11,1,0,9,0,1,1,3,1,27,4,4,5,8,12,8,6,2,0,1,2,2,0,0,2,2,27,0,0,3,5,5,2,5,1,0,4,0,8,0,0,0,5,3,10,2,0,81,7,2,0,0,0,2,19,1,0,46,0,12,10,17,0,0,9,0,0,1,8,5,1,0,0,0,6,4,0,2,2,0,11,0,0,0,0,8,2,3,3,1,8
"COG3057",3,0,0,0,0,13,0,10,1,3,0,0,4,0,0,0,1,0,30,3,0,1,3,4,2,6,0,0,0,2,2,2,0,0,2,10,0,0,2,2,4,2,6,3,0,1,0,7,1,0,0,6,0,1,1,0,18,4,1,0,1,0,0,10,1,0,17,1,2,4,7,0,0,4,0,1,2,1,1,0,0,0,0,2,2,0,0,0,0,6,0,0,0,0,0,0,4,2,0,3
"COG3058",5,1,17,3,4,9,2,66,3,7,2,0,11,2,4,5,3,3,29,15,8,26,6,18,10,11,4,0,0,9,1,7,2,4,4,35,7,9,5,7,23,6,11,11,2,9,0,13,5,1,12,8,7,16,6,7,97,13,3,1,9,4,6,22,7,13,45,4,13,21,16,6,5,17,4,1,4,11,12,0,0,6,1,9,17,1,0,4,4,14,1,2,1,2,2,8,6,8,4,5
"COG3059",91,25,46,81,76,70,3,70,110,20,7,25,29,12,96,87,15,13,50,65,84,13,54,77,15,42,33,0,47,43,38,60,62,20,85,34,64,118,4,62,119,71,40,65,3,69,79,1,41,63,54,28,35,100,66,40,67,70,46,43,20,25,38,29,43,63,48,42,79,48,70,49,70,32,19,81,3,15,118,17,25,10,55,81,70,62,8,56,27,25,42,76,31,60,52,46,107,71,53,68
"COG3060",0,0,2,0,0,7,0,34,7,6,1,1,3,0,1,1,4,0,29,0,3,2,4,6,6,3,2,0,1,1,0,0,0,1,4,31,1,0,4,3,4,2,5,0,1,1,0,2,0,0,1,3,0,3,1,0,51,3,0,0,2,0,1,8,1,2,27,1,4,1,11,0,1,8,1,0,1,8,2,0,0,0,0,1,2,0,2,3,0,9,0,0,3,1,2,0,3,3,0,4
"COG3061",1,1,1,1,0,12,0,10,1,2,0,0,3,0,0,0,1,1,18,0,0,3,0,1,7,10,0,0,0,0,0,1,1,3,0,7,0,0,6,1,2,3,4,0,1,2,0,15,3,0,0,3,0,3,1,0,21,2,2,1,1,1,0,9,0,1,18,1,1,6,7,0,1,3,0,0,0,1,2,0,0,0,0,0,2,0,2,0,0,3,0,0,1,0,1,0,1,3,1,1
"COG3062",3,0,1,0,0,1,3,22,2,2,1,0,1,2,0,0,1,1,0,4,0,2,6,3,0,4,0,0,0,0,0,0,0,1,2,14,0,1,0,1,1,1,0,0,0,0,1,1,0,0,0,3,0,2,3,0,21,2,0,0,0,0,0,3,0,0,10,0,3,0,3,0,0,4,0,1,1,3,0,0,0,0,0,2,2,0,0,4,0,7,0,0,0,0,1,0,1,0,0,2
"COG3063",0,0,0,0,0,0,0,0,0,0,0,0,0,0,0,0,0,1,1,0,0,3,0,0,0,7,0,0,0,0,1,0,0,1,0,0,0,0,4,0,0,0,0,0,0,0,0,0,1,0,0,0,0,0,0,0,0,0,2,0,0,0,0,0,0,1,0,0,0,1,0,0,0,0,1,0,0,0,0,0,0,0,0,0,0,0,1,0,0,0,0,0,0,0,0,0,1,1,0,0
"COG3064",1,0,1,1,0,11,0,70,2,3,4,0,29,1,1,0,2,3,37,3,2,7,16,5,6,9,0,0,0,1,1,2,0,1,2,31,0,2,4,7,4,2,1,5,1,1,0,14,0,0,0,8,4,3,2,1,51,5,3,0,1,0,1,18,0,2,36,5,3,9,16,1,1,9,0,2,40,5,3,0,0,0,0,3,3,0,1,2,0,19,0,0,0,1,0,2,1,5,0,4
"COG3065",1,0,0,0,0,6,1,46,6,10,1,0,1,0,1,0,3,2,20,1,2,6,11,3,2,5,1,0,0,2,0,1,0,2,0,27,0,2,2,4,4,4,5,2,1,1,0,3,0,1,0,2,1,7,2,0,59,3,1,0,2,1,1,18,1,1,45,1,4,5,11,0,1,8,0,0,2,8,0,0,0,0,0,10,4,0,0,0,1,9,0,0,1,0,3,1,3,1,0,4
"COG3066",0,0,0,0,1,6,1,38,2,8,1,34,33,0,0,0,4,5,30,2,2,3,1,6,2,4,0,0,1,1,0,6,1,1,3,19,0,1,1,7,4,1,4,2,0,0,0,5,1,0,1,2,5,4,3,1,38,6,0,0,2,0,6,21,0,0,29,0,6,8,7,0,0,7,1,2,47,6,0,0,0,0,0,3,6,1,1,3,2,5,0,0,0,1,1,1,2,2,0,2
"COG3067",1,1,1,1,0,14,1,60,1,7,5,0,46,0,2,1,10,1,54,4,0,4,9,9,4,21,0,0,0,1,2,1,1,2,4,39,2,0,5,7,9,2,12,8,1,3,0,14,3,1,0,12,6,5,5,1,105,11,1,3,2,1,8,37,3,0,80,5,10,13,23,0,1,17,1,1,73,19,5,0,0,0,0,5,5,0,1,3,1,13,0,0,1,0,6,0,5,4,1,7
"COG3068",1,1,1,1,1,18,0,48,9,13,3,0,15,1,1,0,6,0,30,6,1,8,4,18,4,12,0,0,0,5,0,5,1,1,5,28,1,1,2,4,6,1,7,4,1,3,0,10,0,0,0,5,1,5,5,1,62,7,1,3,1,0,2,24,0,3,45,1,8,8,9,0,2,10,1,2,38,6,4,0,0,0,0,7,3,0,0,1,0,10,0,0,0,0,4,1,0,5,0,8
"COG3069",91,11,137,39,43,50,4,132,28,44,26,35,78,26,76,40,87,37,108,51,76,263,77,61,87,72,9,11,13,72,17,32,9,17,42,90,163,108,32,20,122,54,30,71,75,20,34,40,25,64,79,55,37,92,79,84,336,39,87,53,70,66,56,67,70,99,139,33,154,28,40,82,20,49,132,61,21,33,93,11,39,16,27,49,143,30,51,31,41,64,26,52,95,57,36,54,43,29,61,80
"COG3070",12,36,4,29,21,16,9,69,14,37,11,38,9,46,9,14,30,10,26,11,5,9,20,29,10,25,11,8,19,31,25,18,10,45,16,52,27,16,17,27,13,15,24,27,14,35,17,68,20,10,15,46,32,9,15,19,91,42,10,10,16,27,16,59,14,25,60,10,22,10,21,20,9,28,35,27,18,42,18,26,23,27,31,8,13,13,39,24,12,40,37,24,97,14,16,23,15,11,12,21
"COG3071",5,1,1,0,1,15,0,33,11,14,2,0,8,3,1,0,5,2,32,4,4,3,7,8,11,12,2,0,0,4,0,5,0,5,6,24,1,1,9,5,8,4,9,2,1,3,0,17,3,1,0,5,3,10,4,0,66,5,1,0,3,0,1,16,4,2,62,1,6,13,18,0,1,8,1,1,3,7,13,1,0,0,0,10,7,0,2,2,0,9,0,0,1,0,4,1,4,7,0,5
"COG3072",7,6,0,0,1,37,0,130,10,11,9,1,60,6,1,3,11,2,65,18,3,8,23,27,8,39,3,1,1,4,2,15,1,4,7,87,3,4,14,5,9,4,15,10,3,5,0,27,2,0,1,20,7,11,7,0,220,22,10,0,4,0,9,43,6,1,125,6,12,31,45,0,1,27,5,3,151,13,12,0,0,2,0,8,8,3,1,1,2,33,0,0,2,0,5,5,10,14,1,4
"COG3073",4,2,0,1,1,10,0,36,4,6,4,1,8,0,1,0,4,0,18,1,0,4,6,9,8,9,0,0,0,2,0,1,0,1,4,8,0,0,0,2,10,2,6,8,1,0,0,11,2,0,2,6,5,9,3,0,48,7,2,0,3,0,2,15,1,0,33,1,13,8,11,0,0,9,2,2,0,8,4,0,1,0,0,3,2,1,1,1,1,10,0,0,0,0,2,0,1,3,0,5
"COG3074",1,0,0,0,1,3,0,17,4,7,2,0,3,0,0,0,4,0,6,2,1,3,0,8,4,5,0,0,1,1,0,2,1,1,1,5,0,2,1,2,6,0,1,2,0,1,0,4,0,0,0,3,2,3,0,0,30,2,3,0,0,0,0,3,0,0,20,0,4,4,1,0,0,5,1,0,0,3,0,0,0,0,0,3,1,0,0,0,0,5,0,0,3,0,1,0,0,5,0,3
"COG3075",35,1,20,38,66,13,0,66,69,6,8,21,19,18,107,102,10,4,40,76,7,3,22,13,10,31,28,1,53,31,11,39,41,26,1,55,3,33,7,11,10,53,33,16,3,4,1,11,6,27,37,14,22,44,30,41,53,18,14,16,5,6,18,35,42,119,49,37,4,30,14,15,65,9,16,11,17,5,4,18,7,0,20,45,41,47,4,40,15,19,26,51,6,41,38,9,38,77,7,56
"COG3076",3,1,2,1,1,9,0,30,3,7,4,0,7,0,0,0,1,0,14,2,4,4,9,7,2,11,0,0,0,0,0,0,2,3,2,26,2,0,2,1,7,3,4,2,1,5,0,7,1,0,0,8,0,4,2,1,50,8,4,1,0,0,1,10,0,0,28,3,10,8,13,0,1,16,2,0,6,11,3,0,0,1,0,8,1,0,0,2,1,7,0,0,2,0,2,1,0,3,2,6
"COG3077",41,59,28,47,67,17,69,37,13,39,24,117,29,106,59,48,46,42,27,20,25,61,85,71,12,54,19,46,64,77,52,53,60,71,21,72,39,24,50,55,17,30,43,18,18,38,62,37,69,26,65,86,54,24,38,62,52,31,34,32,79,87,47,87,35,46,111,19,24,37,45,46,59,63,66,53,67,59,20,102,73,101,57,66,28,20,55,60,15,53,54,40,148,16,48,70,18,27,50,34
"COG3078",1,0,0,0,0,10,0,24,5,2,0,0,0,0,2,1,5,1,0,2,0,1,7,5,1,4,0,0,2,0,0,0,0,1,0,15,0,2,1,2,2,1,0,2,0,3,0,4,0,0,0,1,0,2,0,0,42,2,1,0,0,0,0,8,0,0,19,2,4,3,5,0,0,5,0,0,0,5,1,0,0,0,0,1,4,0,0,2,1,5,0,0,1,0,1,0,1,2,0,3
"COG3079",1,2,2,0,0,13,0,34,4,7,5,0,5,1,3,1,3,1,31,5,2,3,5,9,4,4,0,0,2,0,0,0,1,1,3,25,1,1,1,7,7,2,8,0,1,1,0,4,1,0,0,10,0,7,0,2,78,6,1,1,1,0,0,16,2,0,34,1,8,8,13,0,3,7,4,1,3,3,6,0,0,0,0,4,5,1,3,1,1,11,0,0,0,0,1,0,1,2,0,0
"COG3080",1,0,0,0,0,9,0,29,2,3,0,0,16,1,1,0,3,0,12,2,1,5,2,7,3,6,2,1,0,0,0,0,0,0,2,14,1,2,1,4,5,1,6,1,0,0,0,6,0,0,0,7,0,3,1,0,40,3,2,0,0,0,4,7,1,2,22,1,3,3,12,0,0,7,0,1,32,0,1,0,1,0,0,8,2,0,0,2,2,8,0,0,0,0,3,0,0,3,0,2
"COG3081",3,0,2,0,0,22,0,50,14,11,6,0,5,0,2,0,6,0,34,8,3,7,6,7,3,9,0,0,0,1,0,1,0,1,3,36,1,3,4,1,7,2,9,1,0,2,0,8,2,0,1,14,2,7,1,3,70,19,1,1,1,0,0,13,1,0,44,1,2,6,20,0,0,8,0,1,1,8,2,0,0,0,0,7,2,0,1,3,0,7,0,8,1,0,3,1,1,2,0,5
"COG3082",2,0,0,0,0,5,0,17,3,0,2,0,2,0,0,0,2,0,11,3,0,2,3,2,3,3,0,0,0,3,0,2,0,0,2,8,0,0,0,2,3,1,2,0,0,0,0,7,0,1,0,3,0,3,0,1,25,1,3,0,1,0,1,9,0,0,14,2,4,1,8,0,0,2,0,0,0,3,1,0,0,0,0,6,0,0,0,0,0,6,0,0,0,0,0,0,1,0,0,0
"COG3083",59,5,12,33,31,34,1,77,34,16,10,4,30,6,28,23,31,9,48,31,48,106,26,47,326,49,6,9,32,30,23,48,27,17,7,60,41,39,24,50,21,27,17,16,8,35,17,25,15,34,34,22,17,31,30,17,142,15,32,13,13,20,20,45,17,17,78,6,17,21,27,19,6,27,21,17,66,19,25,7,25,0,34,21,34,68,6,9,34,33,19,37,13,13,19,15,25,32,28,34
"COG3084",3,2,0,0,0,10,0,41,2,5,1,0,3,0,0,0,6,0,22,9,2,2,15,6,3,4,0,0,0,2,0,1,1,2,1,20,1,1,2,4,14,2,4,3,1,4,0,9,1,0,0,10,2,6,2,0,66,12,4,0,0,0,0,9,1,1,27,2,8,6,5,1,1,11,0,0,0,9,5,0,0,0,0,9,5,0,0,0,1,11,0,1,2,0,3,0,1,2,1,8
"COG3085",0,0,1,0,0,10,0,52,6,9,7,0,14,0,0,0,4,2,19,3,0,3,8,15,6,18,1,0,0,1,0,6,1,1,3,28,0,3,1,3,8,1,6,1,1,8,0,6,2,2,0,6,2,7,2,0,57,5,1,0,3,0,0,16,0,0,36,0,11,14,15,0,0,16,3,3,26,12,6,0,0,0,0,10,4,0,2,1,2,14,1,0,2,0,1,0,3,2,1,7
"COG3086",0,1,0,0,0,17,0,33,9,8,3,0,3,16,1,0,2,0,29,2,4,11,7,3,1,3,1,0,1,0,0,0,0,1,1,18,1,1,2,6,8,3,2,1,0,1,0,5,0,10,0,7,1,2,2,1,42,2,1,2,0,0,1,14,2,0,33,8,16,8,4,0,0,5,1,1,0,4,9,1,0,0,0,3,10,3,1,0,2,7,0,0,1,8,0,1,3,0,0,6
"COG3087",1,1,6,0,4,10,0,79,6,7,1,0,13,1,4,2,4,0,18,7,4,26,11,11,9,14,0,0,2,4,0,2,0,2,3,41,0,3,4,4,9,4,6,1,4,4,0,5,1,5,8,16,0,6,9,0,108,11,5,1,6,0,3,19,2,6,62,2,9,6,23,2,0,11,1,2,4,8,5,1,3,0,1,12,11,0,4,2,6,19,0,0,1,1,3,3,2,5,2,9
"COG3088",4,0,14,0,4,5,0,87,7,12,0,2,3,1,3,4,14,0,16,17,3,52,10,18,9,19,1,0,0,6,1,3,1,2,6,68,6,8,1,10,25,1,3,5,7,8,0,7,0,4,7,17,1,13,4,4,132,9,7,2,9,2,5,22,3,6,79,3,11,5,31,0,0,25,7,4,2,11,4,0,2,0,3,10,12,1,2,2,5,18,2,5,1,2,4,1,6,4,2,17
"COG3089",1,0,1,0,0,7,0,17,3,7,3,0,1,1,0,0,1,0,10,3,1,1,5,5,1,7,0,0,0,1,0,2,0,1,1,23,0,2,2,0,0,0,0,3,1,4,0,3,0,0,0,5,0,3,0,1,24,4,0,0,0,0,0,5,2,1,14,1,2,3,3,0,0,6,0,1,1,3,2,0,0,0,0,2,1,0,0,1,0,2,0,0,1,0,2,0,1,2,0,3
"COG3090",166,186,144,80,90,225,189,132,106,41,32,81,52,73,168,81,40,51,85,57,84,163,91,94,45,162,57,63,106,194,64,74,66,45,160,62,119,55,65,149,133,79,81,92,104,67,56,67,132,169,86,61,94,52,64,68,409,123,82,58,100,106,63,61,32,134,116,103,361,73,152,65,102,105,77,94,36,80,121,68,120,93,78,103,125,81,198,92,45,113,60,87,195,52,48,84,55,74,115,90
"COG3091",0,0,1,0,0,4,0,21,4,16,1,0,0,0,1,1,1,0,12,3,1,40,1,4,1,7,1,0,0,0,0,0,0,1,0,10,0,1,3,5,2,0,2,3,11,1,0,45,0,0,1,4,3,5,1,0,47,6,2,0,1,0,2,14,4,1,33,0,8,4,5,0,0,3,0,0,0,5,2,0,1,3,0,2,2,4,3,2,1,8,0,0,0,0,4,0,3,3,0,1
"COG3092",0,0,1,0,0,10,0,34,7,7,2,0,8,2,0,0,4,0,21,4,1,2,2,6,2,6,0,0,0,1,0,1,0,1,1,31,1,0,3,5,4,1,4,1,2,1,0,11,0,0,0,7,2,5,0,0,52,4,1,1,2,0,0,8,3,0,35,2,4,4,11,0,0,7,0,1,45,5,2,0,0,0,0,3,2,0,3,0,3,12,0,1,2,0,1,0,2,5,0,5
"COG3093",18,3,92,22,15,26,5,66,82,42,60,27,133,13,160,100,32,7,3,29,56,161,24,55,106,65,15,36,17,19,1,31,41,97,15,45,46,57,65,64,270,80,29,46,2,30,7,24,38,6,30,53,51,77,43,166,77,59,53,9,16,25,25,53,31,25,88,33,8,49,26,35,14,98,21,88,67,102,112,17,115,24,11,36,30,22,44,25,15,26,42,10,25,60,35,82,51,19,76,34
"COG3094",2,0,1,1,0,7,0,20,6,5,3,0,2,0,0,1,6,1,18,2,1,1,6,9,6,4,1,0,0,1,0,0,0,4,0,10,0,1,0,8,7,2,2,3,1,0,0,2,0,0,1,3,0,5,0,0,35,0,4,0,1,0,2,9,1,0,28,1,3,0,10,0,0,4,0,0,2,4,1,0,0,0,0,4,3,0,0,3,0,7,0,0,1,0,1,0,1,7,0,3
"COG3095",0,0,1,1,0,7,1,29,7,10,1,1,3,0,1,3,2,0,22,4,2,2,5,8,1,3,3,0,0,4,0,1,0,2,2,21,0,1,3,4,3,1,5,3,1,2,0,5,0,0,0,6,0,9,2,1,63,4,3,0,0,0,1,12,1,0,29,1,3,7,6,0,0,8,1,0,1,6,4,0,0,0,0,3,1,0,1,0,0,6,0,0,2,0,1,0,1,1,1,2
"COG3096",4,4,0,1,0,45,0,161,17,19,4,0,22,3,6,3,13,6,86,12,4,12,18,23,17,40,4,0,1,4,1,6,2,8,9,94,2,6,20,15,13,9,24,17,2,5,0,45,3,0,2,24,8,17,7,1,259,25,8,1,11,1,8,83,7,2,131,5,11,27,56,0,1,31,2,5,4,21,5,0,0,0,0,21,16,2,2,5,0,40,0,2,3,0,9,1,6,13,1,15
"COG3097",1,0,0,0,0,1,1,31,6,7,2,0,0,0,0,1,2,0,11,3,0,3,7,5,3,8,0,0,2,0,0,0,0,1,2,24,1,0,2,2,4,0,5,3,0,0,0,10,0,0,0,3,2,2,2,0,27,4,1,0,0,0,1,7,1,1,28,2,2,3,6,0,1,8,0,1,1,4,2,0,0,0,0,2,4,0,0,2,2,5,0,0,0,0,3,0,2,1,0,0
"COG3098",0,0,1,0,0,4,0,15,2,7,0,0,9,0,0,0,3,0,3,3,1,1,3,2,1,3,0,0,0,1,0,0,0,0,0,17,0,1,0,3,1,0,0,4,1,0,0,0,0,1,2,5,0,7,0,1,35,6,1,0,1,0,1,8,2,0,18,0,3,6,7,0,0,6,0,0,26,3,6,0,0,0,0,2,2,0,1,1,0,6,0,0,0,1,0,2,2,1,0,2
"COG3099",0,0,2,0,0,4,0,22,1,5,0,0,2,0,0,0,2,0,13,3,0,0,5,4,3,8,0,0,0,0,0,1,0,2,2,11,0,1,2,4,5,0,3,6,0,1,0,2,0,0,0,3,0,2,1,0,45,5,1,1,0,0,1,4,1,0,20,0,9,10,3,0,0,3,0,0,1,2,2,0,0,0,0,3,1,0,0,0,0,5,0,1,0,0,0,1,2,1,0,4
"COG3100",1,1,1,0,0,8,1,21,6,4,2,0,11,0,0,0,3,1,13,2,0,3,5,8,1,3,1,0,0,1,0,1,0,1,0,18,0,0,2,3,2,0,2,2,1,0,0,5,1,0,0,4,0,2,0,0,38,6,3,0,2,0,3,13,0,1,15,0,2,4,9,0,0,8,0,0,15,13,1,0,0,0,0,4,4,0,0,0,0,3,0,0,2,0,2,0,0,0,0,2
"COG3101",1,0,0,0,0,4,0,14,5,6,2,0,2,2,1,0,4,1,13,2,1,1,4,1,2,3,0,0,0,0,0,0,1,0,2,16,0,0,1,2,3,0,5,2,0,0,0,5,0,1,1,2,3,4,1,0,38,2,0,0,0,0,2,15,0,0,33,4,2,4,6,0,0,10,1,1,1,1,2,0,0,0,0,1,5,1,1,0,1,7,0,0,0,0,1,0,3,4,0,2
"COG3102",0,0,1,0,1,6,0,28,1,2,0,0,1,1,0,0,2,0,11,1,1,1,4,4,1,7,0,0,0,1,0,1,0,2,2,21,1,1,1,4,2,0,3,4,2,0,0,6,0,0,0,7,2,2,0,0,48,4,4,0,0,0,1,10,2,0,34,1,6,1,7,0,0,9,0,0,1,4,2,0,0,0,0,1,1,0,1,2,0,6,0,0,0,0,1,0,1,3,0,3
"COG3103",21,166,51,43,63,27,73,55,28,29,11,136,27,123,91,39,130,34,46,9,24,71,63,68,22,82,18,44,45,69,50,61,89,85,30,60,46,41,66,100,31,86,44,44,20,140,94,55,28,53,88,161,123,41,26,96,138,76,55,64,47,122,18,145,34,129,100,42,58,39,92,92,64,57,135,39,39,31,36,166,67,123,54,26,57,20,67,46,10,72,165,43,61,31,43,75,24,32,46,57
"COG3104",335,63,290,302,239,359,4,385,347,130,277,166,252,98,265,305,195,169,389,303,235,179,286,239,381,208,184,213,259,140,199,275,285,277,236,276,228,289,132,259,241,280,188,244,240,220,142,128,137,267,177,153,222,352,257,218,456,179,226,232,139,129,330,223,327,222,294,244,286,304,208,163,255,297,151,176,167,59,259,149,180,37,282,353,246,317,73,217,339,200,128,427,124,277,169,202,172,353,150,216
"COG3105",3,0,0,0,0,10,0,42,4,10,5,0,7,1,3,0,3,1,17,3,1,5,9,7,7,2,1,0,0,2,1,0,2,0,6,27,0,1,0,6,6,1,3,3,1,2,0,3,1,0,1,8,2,7,3,1,70,5,3,0,1,1,4,13,1,1,44,2,13,7,10,0,0,12,0,1,0,9,5,0,0,0,0,4,3,0,1,1,0,9,0,0,4,0,2,0,2,2,0,6
"COG3106",3,1,2,0,0,14,0,57,6,7,4,0,4,1,1,1,5,2,16,4,0,7,2,7,10,13,0,1,2,0,0,4,2,0,0,29,1,2,5,8,5,3,7,3,0,1,0,6,1,0,0,10,2,9,2,0,77,5,1,0,0,0,3,25,3,0,50,1,4,8,18,0,0,12,0,1,0,10,4,0,0,1,0,9,3,1,4,1,1,15,0,0,1,0,3,1,3,5,2,4
"COG3107",6,4,1,0,2,19,2,99,9,15,7,1,43,2,2,0,10,4,54,16,6,5,17,16,13,10,1,0,0,7,2,5,1,9,3,68,1,2,3,9,12,8,18,10,3,4,1,9,0,1,1,15,5,9,3,3,135,14,5,0,7,0,7,46,0,2,86,3,9,20,23,1,2,27,2,2,100,14,9,0,1,0,0,7,8,1,2,1,1,25,0,0,4,0,3,2,0,8,0,25
"COG3108",5,1,1,0,0,8,0,32,2,6,1,0,4,0,0,0,5,0,16,2,2,4,7,7,3,13,0,0,0,1,1,5,0,0,2,22,0,2,3,5,5,2,1,2,0,1,0,8,4,0,0,3,2,5,1,1,58,9,1,0,0,0,1,12,0,0,30,1,5,7,10,0,0,10,2,0,3,7,3,0,0,0,0,5,4,0,0,0,0,9,0,0,1,1,1,0,2,6,4,3
"COG3109",3,0,1,0,0,8,1,32,3,6,0,0,20,1,0,2,4,2,16,2,2,0,6,2,3,8,1,0,0,1,0,1,2,0,5,23,1,2,0,4,0,1,8,3,1,3,0,11,1,0,2,20,2,4,2,1,75,4,4,0,0,0,1,23,1,0,31,2,2,6,13,1,0,10,2,2,41,5,4,1,0,1,0,3,3,0,0,1,1,11,0,2,1,1,0,0,4,6,0,7
"COG3110",0,0,2,0,0,6,1,29,6,6,5,0,3,0,0,0,6,1,0,2,0,3,8,12,4,4,0,0,0,0,1,0,0,2,4,37,0,0,3,4,7,1,0,3,0,2,0,4,1,0,0,5,0,5,0,0,27,6,0,0,0,1,2,9,1,0,26,0,6,3,18,0,0,6,0,0,0,5,4,0,0,0,0,2,5,0,0,0,1,8,0,0,0,0,1,1,1,0,0,3
"COG3111",4,3,15,0,3,11,32,31,4,8,2,2,5,1,1,0,3,2,20,11,3,25,4,10,3,10,15,2,1,1,3,2,1,3,5,21,16,4,2,4,15,2,4,2,1,1,0,4,11,1,5,9,10,7,1,7,86,9,3,1,6,0,8,24,7,4,54,1,16,17,19,1,1,17,3,2,2,9,6,2,10,1,2,8,11,7,1,1,9,19,1,2,3,8,4,3,11,10,12,5
"COG3112",0,1,1,0,0,15,1,26,3,2,2,0,2,1,2,1,1,0,11,5,1,2,0,3,5,9,0,0,0,3,0,0,0,1,4,19,0,0,0,2,5,0,2,2,1,0,0,4,0,0,0,2,1,5,0,0,37,4,2,1,0,0,3,5,2,0,25,0,7,5,6,0,0,5,1,0,1,3,2,0,1,0,0,1,0,0,0,1,0,8,0,0,1,0,0,0,2,1,1,1
"COG3113",3,1,0,0,1,6,0,26,9,5,2,0,2,0,2,0,3,0,8,2,1,3,4,4,3,7,0,0,0,0,0,0,0,1,4,21,1,1,6,1,6,2,4,2,1,3,0,6,0,0,0,7,0,3,1,1,44,3,1,0,1,0,1,10,3,1,27,1,3,5,6,0,2,1,0,0,5,5,0,0,0,1,0,6,4,0,1,1,0,9,0,0,1,0,0,0,1,0,0,3
"COG3114",0,0,0,0,1,0,0,4,1,2,0,0,1,0,0,0,1,0,4,1,0,1,2,2,1,2,0,0,0,2,0,0,0,0,0,3,0,0,0,1,2,0,0,1,1,0,0,7,0,0,0,7,1,0,0,0,8,1,0,0,0,0,0,1,0,0,4,0,0,1,1,0,0,2,0,0,1,0,1,0,0,0,0,0,0,0,0,0,0,2,0,0,1,0,0,0,0,0,0,1
"COG3115",0,0,0,0,0,18,0,2,4,5,0,0,16,0,0,0,0,1,12,2,0,3,1,3,3,13,1,0,0,0,1,1,0,5,1,5,0,0,5,1,1,3,4,1,0,1,0,5,0,0,0,2,1,4,0,0,24,1,1,1,0,0,1,5,1,0,7,1,4,2,2,0,0,7,0,0,64,1,0,0,0,0,0,2,0,0,3,0,0,4,0,0,0,1,1,0,3,2,0,1
"COG3116",1,3,0,0,2,8,0,28,3,3,3,0,1,0,1,0,2,0,21,4,2,9,4,8,3,2,0,0,1,0,0,0,1,0,4,26,0,4,3,2,4,3,2,1,0,0,0,9,0,1,0,3,1,7,0,0,52,4,3,0,1,0,2,7,1,0,22,2,5,7,13,0,0,11,1,0,0,2,3,0,0,0,0,3,0,0,0,1,0,14,0,0,0,0,1,0,3,2,1,5
"COG3117",5,0,13,4,6,12,0,45,15,11,8,0,24,2,6,2,4,1,24,10,6,25,10,16,13,16,2,2,0,3,3,2,0,3,6,41,0,5,3,9,12,7,5,9,5,1,0,14,2,6,4,16,1,14,5,2,99,7,2,2,1,2,6,24,4,5,40,2,4,12,14,1,0,11,3,3,37,13,8,1,2,1,0,6,9,1,5,4,2,16,3,4,6,3,4,0,1,4,3,14
"COG3118",2,0,2,1,0,11,1,32,4,70,1,0,20,0,2,0,1,2,27,1,1,1,9,2,6,8,1,0,0,0,1,2,0,4,4,14,0,1,5,3,2,1,4,4,7,0,0,11,3,0,0,2,2,5,0,1,19,2,1,0,1,0,6,4,6,3,16,1,2,6,3,0,2,5,1,0,52,14,0,1,0,74,0,3,3,0,0,5,2,8,0,10,0,0,1,0,0,4,0,6
"COG3119",2728,536,1919,2787,2016,3792,159,1426,2801,287,759,1043,1192,803,2071,2174,1239,508,1748,2241,2970,250,1234,1190,553,1556,1385,342,1566,1151,1602,1769,2187,871,3145,596,2672,3438,1424,2006,3192,2168,1142,1476,547,5023,2398,201,1669,1861,1577,1305,1027,3241,2259,1453,653,1999,1619,1571,893,1258,1969,1425,1746,1601,922,1768,3997,2053,2135,1176,1848,2643,1291,1918,525,470,3421,933,1053,426,1879,2222,2064,2481,420,1944,1612,1134,1159,2071,920,2163,2719,1946,2403,2735,1963,2073
"COG3120",1,0,0,0,0,7,0,26,3,4,4,0,1,0,1,0,2,0,18,1,1,4,5,3,1,4,0,0,0,0,0,0,0,3,4,13,1,2,2,2,3,0,3,6,0,0,0,5,0,0,0,8,1,6,2,0,44,5,3,1,1,0,3,15,3,0,28,1,14,6,9,1,0,18,0,1,2,4,3,0,0,1,0,6,3,0,2,3,0,7,0,0,1,0,0,1,4,2,0,4
"COG3121",18,6,12,4,1,141,7,589,47,86,22,0,41,5,10,6,42,4,270,34,10,26,116,100,48,6,1,1,1,8,4,8,2,4,48,247,3,33,0,41,60,18,55,27,3,17,0,72,2,0,0,64,8,72,22,1,635,100,29,3,14,2,19,169,17,7,391,10,81,94,84,1,4,94,1,8,19,83,32,3,3,0,0,58,42,0,4,24,6,91,0,1,28,2,15,8,15,29,4,45
"COG3122",0,0,1,0,0,13,0,42,2,5,3,1,2,1,0,0,4,0,20,4,3,2,9,4,9,0,0,0,1,1,1,1,0,1,2,25,0,1,0,6,3,2,8,2,0,1,0,1,0,0,0,3,1,11,2,0,76,6,1,2,1,0,1,14,0,1,42,1,8,5,13,0,0,17,0,0,1,4,4,0,0,0,0,5,3,1,0,2,1,8,0,0,0,0,0,0,0,2,0,5
"COG3123",2,0,0,1,0,4,1,19,8,6,2,1,1,1,0,0,1,1,9,2,0,2,3,6,1,0,0,0,0,0,0,0,1,0,1,15,1,2,0,7,6,0,4,4,0,2,0,3,0,1,0,5,1,6,2,1,32,5,1,1,0,0,2,6,3,1,27,3,5,2,5,0,1,5,0,0,2,3,2,0,0,0,0,3,3,1,0,1,0,8,1,0,1,0,1,0,1,0,0,3
"COG3124",11,3,4,14,4,6,0,10,10,3,4,0,1,3,6,5,3,1,19,5,13,1,4,13,5,2,0,0,15,4,9,9,9,4,1,8,8,4,0,11,2,6,3,10,0,14,2,4,5,9,9,6,1,19,9,1,30,6,10,6,8,18,5,17,7,6,29,6,6,12,8,16,7,17,2,6,2,3,5,5,4,0,38,4,11,32,0,5,2,7,4,19,1,5,12,9,17,10,5,18
"COG3125",2,1,0,0,0,15,0,5,3,1,1,0,2,0,0,0,0,0,11,0,1,0,3,5,1,0,0,0,1,0,0,3,0,0,0,13,0,0,0,2,3,1,3,1,0,0,0,3,0,0,0,2,0,1,1,1,17,0,0,0,0,0,0,9,1,1,9,0,2,1,5,0,1,3,0,1,1,4,0,0,0,0,0,0,2,0,0,1,0,1,0,0,3,0,0,0,0,4,0,4
"COG3126",1,2,1,0,0,6,0,15,2,2,1,0,3,3,0,0,2,0,11,1,1,0,3,1,2,2,0,0,0,1,0,0,0,3,2,14,0,0,0,2,2,1,1,0,0,0,0,4,0,0,1,3,1,3,1,1,24,0,1,0,1,0,0,10,1,1,12,0,4,3,6,0,0,5,0,1,1,4,3,0,0,0,0,2,1,0,0,0,0,6,0,0,1,0,0,0,0,0,0,0
"COG3127",6,1,0,0,0,14,0,94,5,18,3,0,18,0,3,0,6,0,45,6,5,5,14,7,10,1,0,0,0,1,0,2,0,0,7,53,2,2,0,6,9,3,6,7,1,1,0,13,0,2,0,5,1,3,3,1,124,11,3,0,3,0,2,36,1,2,93,0,6,10,33,0,1,16,0,0,3,14,6,0,1,0,0,12,6,0,1,6,2,21,0,2,1,0,3,3,0,4,1,20
"COG3128",0,1,1,2,1,0,1,41,2,8,3,0,4,0,1,0,6,0,18,5,0,0,6,5,4,1,0,0,0,1,0,2,0,1,0,28,0,6,0,3,5,0,3,1,0,2,0,0,0,0,0,1,0,10,1,0,63,6,4,1,1,0,1,18,2,0,34,1,6,3,16,1,0,13,1,0,1,5,7,0,0,0,0,7,7,1,0,4,0,13,0,0,1,2,2,1,0,2,0,3
"COG3129",2,0,10,27,15,82,1,55,44,15,1,1,7,5,9,26,7,0,19,30,21,1,28,16,6,2,2,0,5,8,3,10,15,2,73,16,16,43,2,67,24,28,6,8,1,25,14,6,24,11,5,22,4,49,20,6,59,21,12,7,3,7,8,25,15,3,36,7,53,18,30,7,4,30,7,25,1,6,50,1,11,0,7,7,34,15,1,34,2,9,7,13,10,5,15,25,19,11,8,23
"COG3130",1,0,0,0,0,1,0,8,2,2,2,0,0,0,1,0,0,0,0,2,0,1,1,2,0,0,0,0,1,0,0,0,0,0,1,3,0,1,0,0,0,1,0,1,0,1,0,0,0,0,0,0,0,1,0,0,18,2,0,0,0,0,0,3,0,0,8,0,3,1,2,0,0,1,0,0,0,2,1,0,0,0,0,0,2,0,0,0,0,2,0,0,0,0,0,0,0,0,0,3
"COG3131",4,2,1,2,1,25,0,90,7,23,5,0,9,0,4,0,6,1,31,4,3,2,13,18,16,1,0,1,1,2,0,1,1,2,4,55,23,6,0,8,14,4,15,3,1,3,0,5,1,0,0,25,9,14,3,2,175,16,5,0,5,0,7,52,3,6,123,3,17,21,43,0,2,34,1,2,5,25,10,0,0,0,0,13,14,0,0,5,2,41,0,0,6,3,7,1,2,2,0,22
"COG3132",0,1,0,1,2,4,0,38,2,9,0,0,3,1,2,0,2,0,18,4,0,4,5,5,1,1,0,0,0,2,1,2,0,0,3,31,0,1,0,5,3,3,1,3,2,1,0,6,0,1,0,3,0,1,2,0,50,8,2,2,0,0,2,12,0,1,36,0,4,4,10,1,0,12,0,1,0,5,4,1,0,0,0,3,0,0,0,0,1,9,0,0,2,0,1,0,2,1,0,5
"COG3133",2,0,1,0,0,8,1,32,6,4,0,1,5,2,0,2,6,1,17,2,1,1,3,8,4,3,0,0,0,0,13,0,1,0,0,12,0,1,1,1,1,0,1,1,1,1,0,6,0,0,0,4,2,3,3,0,31,3,0,3,3,0,1,18,2,0,22,0,4,0,8,1,0,6,0,0,3,1,2,0,0,0,2,3,3,0,0,0,2,4,0,0,0,0,2,0,3,2,0,1
"COG3134",6,1,2,0,2,9,1,38,1,8,2,0,5,0,0,0,8,0,19,5,0,2,7,5,8,0,1,0,0,0,0,0,0,0,1,16,0,2,0,5,5,3,4,3,1,0,0,5,0,1,0,6,0,3,1,1,51,6,1,1,0,0,0,10,3,3,27,1,3,4,9,0,1,7,0,2,0,7,2,0,1,0,0,5,3,0,0,2,0,8,0,0,2,0,0,0,1,4,1,5
"COG3135",2,0,0,0,1,5,0,7,1,0,0,0,4,1,0,0,1,0,16,0,1,0,1,0,1,0,0,0,2,0,0,0,0,0,1,10,1,0,0,2,1,0,3,0,0,0,1,6,0,1,0,1,0,0,0,0,15,1,1,0,0,0,1,11,0,0,12,0,0,2,5,1,0,5,1,0,0,2,0,0,0,0,0,0,2,0,0,0,0,2,0,0,0,0,1,0,0,1,0,0
"COG3136",1,0,0,1,0,2,0,18,2,2,2,0,1,0,1,1,2,0,3,0,1,2,7,5,2,0,0,0,0,0,0,0,0,0,4,13,0,1,0,2,4,0,1,2,0,1,0,3,0,0,0,0,0,0,1,1,32,1,1,1,0,0,2,5,0,0,17,0,2,0,4,0,0,5,0,1,0,2,0,0,0,0,0,1,1,0,0,1,0,3,0,0,1,0,1,1,2,1,0,2
"COG3137",1,0,0,0,0,10,0,27,6,7,0,0,2,0,1,0,1,0,23,3,1,0,3,5,2,0,0,0,0,0,0,0,0,0,0,11,0,0,0,0,0,0,3,1,1,0,0,2,1,0,0,5,0,3,0,0,27,6,0,1,0,0,1,11,1,0,17,3,1,3,6,0,0,5,0,0,2,7,3,0,0,0,0,1,1,0,0,2,0,5,0,0,2,0,1,0,1,6,1,4
"COG3138",0,1,0,0,0,10,0,22,5,5,2,0,5,0,1,0,3,0,20,2,0,0,4,1,3,1,1,0,0,0,1,2,0,0,5,7,1,0,0,2,1,1,3,2,1,0,0,6,0,0,0,8,1,0,3,0,47,5,4,1,2,0,1,21,0,1,34,1,9,5,12,1,0,4,0,0,3,9,2,0,0,0,0,4,4,0,0,2,0,5,0,1,1,0,1,0,2,1,0,2
"COG3139",2,0,0,0,0,3,0,18,4,5,2,0,2,1,0,0,3,1,10,1,0,2,1,2,4,0,1,0,0,2,0,2,0,0,0,9,0,0,0,1,3,0,1,4,0,1,0,2,1,0,0,7,1,3,1,0,38,3,1,0,1,0,0,7,0,0,18,0,3,0,6,0,0,6,0,0,2,6,3,0,0,0,0,3,2,0,0,0,1,3,0,0,0,0,0,1,0,1,0,3
"COG3140",0,0,0,0,0,4,0,12,2,2,1,0,2,1,0,0,1,0,3,0,2,1,1,2,0,1,0,0,0,0,0,0,0,0,0,3,0,0,1,2,1,1,0,0,0,0,0,3,0,0,0,2,0,1,0,0,14,1,0,0,1,0,0,9,1,1,7,0,3,2,2,0,0,6,0,0,1,1,1,0,0,0,0,0,1,0,1,0,0,2,0,0,1,0,4,0,1,0,0,3
"COG3141",1,0,1,0,1,5,1,22,2,6,1,0,0,0,1,0,5,0,7,2,1,3,2,2,1,0,0,0,0,1,0,0,0,0,4,14,0,1,0,2,2,2,2,4,1,0,0,2,0,0,0,5,0,5,0,0,29,5,1,0,0,0,2,9,0,0,23,1,2,2,10,0,0,0,0,0,2,2,3,0,0,0,0,1,3,0,0,3,0,1,0,0,1,0,0,0,1,0,0,3
"COG3142",108,56,102,79,129,117,81,73,120,58,107,87,51,72,141,101,120,41,108,80,74,68,83,79,64,92,130,38,89,148,75,94,89,108,94,98,77,149,144,99,112,101,73,68,41,169,104,125,99,104,95,49,86,88,94,91,46,127,87,64,47,59,123,73,106,101,87,127,97,120,96,58,87,124,94,114,76,107,126,103,79,44,61,106,116,126,102,97,105,76,88,99,102,127,72,82,105,127,61,117
"COG3143",4,0,0,0,0,12,0,53,3,4,3,0,30,1,4,0,4,0,0,4,1,1,6,6,5,1,0,0,0,1,0,0,0,0,2,25,0,2,0,1,3,1,0,6,1,4,0,7,0,0,1,11,0,4,2,0,60,9,4,0,1,0,3,13,2,0,41,0,3,1,9,0,0,8,0,0,34,4,7,0,0,0,0,2,6,0,1,0,1,9,0,0,1,0,1,0,0,2,0,5
"COG3144",3,47,0,6,18,13,1,46,10,13,4,62,8,4,4,0,57,11,11,9,8,14,20,13,4,30,9,6,37,12,9,4,16,27,6,26,8,6,31,8,13,38,2,19,28,111,9,5,58,8,14,16,44,8,7,1,83,9,27,18,45,104,7,54,4,6,58,3,10,4,47,13,10,25,44,12,16,14,6,29,28,0,14,2,17,1,48,6,10,62,76,9,12,19,27,23,14,1,7,44
"COG3145",1,0,0,0,0,4,0,39,4,4,1,0,6,0,0,2,2,0,22,2,3,1,8,2,1,1,0,0,0,0,0,0,0,0,2,22,0,1,0,4,4,0,4,3,1,2,0,3,0,0,0,1,0,9,3,0,54,4,2,0,1,0,2,17,0,1,37,0,7,6,7,1,0,9,0,0,5,9,5,0,0,0,0,2,6,0,0,2,1,8,0,0,2,0,0,0,0,2,0,6
"COG3147",0,0,0,0,0,9,0,19,1,2,1,0,1,0,0,0,2,0,13,3,0,1,5,6,1,0,0,0,0,1,0,0,0,0,0,11,0,0,0,1,5,0,2,0,0,0,0,3,0,1,1,5,0,1,0,0,27,1,0,0,1,0,2,9,1,1,17,0,1,2,2,0,0,1,0,0,0,0,1,0,0,0,0,0,1,0,0,0,0,2,0,0,1,0,0,0,0,2,0,2
"COG3148",1,1,0,0,0,10,0,13,4,6,5,0,5,0,1,0,1,0,13,0,2,1,1,7,3,0,0,0,0,0,0,0,0,1,2,11,0,0,0,3,1,3,2,0,0,0,0,4,0,0,0,8,1,2,0,0,44,1,0,1,0,0,2,3,0,0,19,1,6,3,8,0,1,3,1,0,0,2,3,0,0,0,0,3,6,0,0,3,1,7,0,0,0,0,3,0,1,1,0,6
"COG3149",0,0,2,1,0,10,0,17,4,3,1,0,1,0,0,0,1,0,10,2,0,2,1,1,3,0,0,0,0,0,0,2,0,0,0,9,0,1,0,1,4,0,2,1,0,0,0,0,0,0,0,10,0,2,0,0,2,3,1,0,0,0,0,6,1,0,11,0,4,5,8,0,0,4,0,0,2,0,0,0,0,0,0,4,1,0,0,2,0,3,0,0,0,0,0,1,0,2,0,4
"COG3150",31,0,7,1,49,25,2,94,6,18,14,1,29,0,6,4,20,2,45,9,9,32,16,23,13,19,1,0,7,4,23,11,8,10,7,57,7,25,2,10,99,4,42,25,0,5,3,9,20,14,11,12,10,11,5,3,96,18,3,1,10,1,10,37,5,7,79,8,21,12,19,2,6,19,15,1,35,20,8,1,3,0,1,26,15,9,1,7,4,22,4,0,4,26,0,7,5,55,1,10
"COG3151",3,1,2,0,0,13,0,30,4,4,4,0,4,0,2,0,3,0,18,3,1,1,9,6,4,1,0,0,0,4,0,3,0,3,1,33,0,0,1,1,10,3,3,4,1,1,0,6,1,0,0,5,0,9,1,1,45,8,3,0,0,0,1,13,0,0,29,3,5,5,11,0,0,13,0,2,0,3,3,0,0,0,0,3,3,0,1,0,0,8,0,0,1,0,0,0,2,3,0,1
"COG3152",25,35,25,20,7,60,88,101,55,128,13,42,142,18,20,39,75,10,60,64,28,48,52,43,65,24,16,8,8,9,17,12,9,5,67,164,22,36,14,61,35,25,70,28,86,53,30,126,68,13,21,24,12,64,18,51,133,51,7,23,13,7,34,24,23,21,76,41,52,36,18,16,8,92,24,13,59,20,53,27,13,128,7,20,42,21,4,27,18,32,20,50,18,35,31,24,47,18,24,21
"COG3153",57,32,38,87,35,109,17,42,92,29,9,41,68,30,41,49,61,15,72,80,59,31,31,29,31,51,46,9,87,38,32,34,67,25,65,32,41,83,12,46,133,67,71,67,28,119,41,42,41,48,49,70,36,84,78,38,107,35,48,25,24,25,62,43,54,54,64,55,100,55,47,27,46,34,45,72,56,27,50,31,67,14,63,66,61,68,21,43,33,35,82,19,48,62,50,40,29,40,31,64
"COG3154",1,0,0,1,0,7,0,38,6,7,2,0,2,0,0,0,3,0,25,5,1,0,5,6,5,1,0,0,1,3,0,0,2,1,3,25,1,1,0,3,1,2,3,1,0,2,0,3,0,0,1,6,0,5,1,1,46,3,2,0,0,0,2,15,3,1,46,1,7,9,10,0,0,10,0,1,2,9,6,0,0,0,0,1,5,0,1,2,0,9,0,0,1,1,1,0,1,4,0,7
"COG3155",1,0,0,3,0,12,1,13,6,4,1,3,4,2,1,1,1,0,21,3,0,2,0,5,1,0,0,0,0,7,1,0,1,0,0,13,9,1,0,4,1,2,11,8,0,0,0,8,0,0,0,6,2,3,1,0,31,4,0,0,3,0,3,5,3,2,17,1,2,7,5,2,0,0,0,0,8,4,2,0,0,0,0,0,5,3,0,2,0,6,0,1,0,1,3,2,0,2,0,4
"COG3156",4,1,0,0,3,17,1,123,16,3,7,0,5,0,2,1,8,0,23,4,1,0,2,16,3,2,1,0,0,1,0,2,0,0,4,70,0,1,0,4,7,0,6,8,1,6,0,0,0,0,0,4,2,1,5,1,139,6,3,0,2,1,2,26,2,3,71,1,11,10,32,0,0,26,1,0,1,10,2,0,0,0,0,7,3,0,0,2,2,8,0,0,2,0,0,0,1,4,0,13
"COG3157",4,2,3,0,1,71,0,143,50,32,17,0,6,1,4,5,13,1,57,7,4,5,29,76,18,10,1,1,2,2,1,2,1,2,17,69,2,11,1,8,19,4,7,8,2,9,0,13,2,0,3,45,1,35,5,3,213,15,4,2,6,1,3,21,14,2,94,4,34,58,6,1,1,24,1,1,3,32,3,0,0,0,0,27,24,1,2,2,2,22,1,0,12,1,4,3,9,4,0,18
"COG3158",2,11,120,10,5,26,234,228,17,697,300,62,151,42,6,21,157,154,79,78,5,11,98,38,344,43,158,159,9,8,91,17,9,117,11,254,4,6,134,22,29,5,82,34,203,6,7,117,2,3,0,33,79,10,1,6,224,43,72,99,47,28,51,61,114,13,128,175,24,36,27,3,8,34,158,5,161,49,16,14,54,277,12,16,48,24,26,101,94,29,1,80,21,30,11,14,2,9,6,30
"COG3159",7,0,1,1,0,14,0,23,6,2,2,0,9,1,1,0,2,1,8,6,3,3,1,5,4,4,0,1,0,4,1,0,1,1,0,16,0,7,4,1,2,2,1,1,0,0,0,8,0,0,1,4,2,0,2,4,43,2,0,1,0,1,3,8,1,4,22,0,1,5,10,2,0,5,4,0,2,2,3,0,0,0,0,7,8,0,2,1,0,9,0,5,1,0,0,0,2,0,0,1
"COG3160",4,0,0,0,0,8,0,33,9,4,6,0,21,0,0,1,4,0,24,4,0,5,3,11,5,1,0,0,1,2,0,0,0,1,1,31,0,1,0,3,7,0,6,3,1,3,0,9,0,1,0,5,2,5,0,0,76,9,5,0,2,0,1,13,1,2,33,6,9,9,5,0,1,6,0,0,35,7,5,0,0,0,0,9,6,1,0,4,0,15,0,0,2,0,3,1,1,2,0,3
"COG3161",2,0,0,0,1,10,0,51,6,9,4,0,3,1,4,0,3,0,13,9,1,1,4,8,5,2,0,0,0,1,0,0,1,0,5,22,0,1,0,5,9,1,2,1,0,0,0,9,0,0,0,19,0,6,2,0,63,10,3,0,3,0,1,18,1,0,43,0,6,5,14,0,1,5,0,1,2,5,6,2,0,0,0,3,3,0,0,1,0,4,0,0,0,1,0,0,2,5,0,5
"COG3162",2,0,1,0,0,6,0,18,6,5,4,0,3,1,0,0,4,0,11,0,1,2,1,5,1,1,0,0,0,0,1,0,0,0,1,19,0,0,0,0,4,1,3,1,0,1,0,6,0,0,0,4,0,4,3,0,25,4,1,1,1,0,0,6,1,0,26,3,5,2,8,0,0,6,0,1,5,6,2,0,0,0,0,3,7,1,0,1,1,4,0,0,2,0,2,0,1,0,0,3
"COG3164",16,6,45,3,33,38,4,149,27,30,9,1,30,11,17,13,31,2,115,48,7,94,34,33,33,26,0,3,1,19,3,12,1,9,22,114,18,28,6,20,40,19,33,19,20,10,0,26,18,14,21,52,7,14,26,18,298,28,24,16,27,5,17,79,16,32,176,2,30,38,56,14,2,34,36,12,14,38,11,2,8,0,10,32,32,3,10,14,14,47,14,20,7,10,4,21,11,11,13,41
"COG3165",2,0,0,0,0,10,0,43,6,5,1,0,2,0,4,0,6,0,22,7,7,3,12,8,8,2,0,0,0,2,0,1,0,1,5,28,0,0,0,3,8,2,5,2,1,1,0,6,1,0,1,9,0,7,4,0,79,6,4,0,0,0,2,24,5,1,38,3,9,9,11,0,1,7,0,0,1,6,5,0,0,0,0,8,3,0,0,1,0,16,0,1,3,0,1,0,2,1,0,2
"COG3166",5,1,3,3,0,7,0,35,4,5,2,0,2,0,2,2,4,1,0,5,2,0,4,15,3,1,0,0,0,6,0,8,3,1,1,22,2,2,0,4,12,4,0,8,2,2,0,0,0,4,0,8,5,14,3,1,44,5,5,0,1,0,0,9,9,0,26,1,8,7,10,1,3,10,0,1,2,2,4,0,1,0,2,6,6,0,0,2,0,7,4,1,1,3,1,1,5,3,3,7
"COG3169",73,14,86,55,67,48,3,29,61,10,21,48,35,14,84,63,39,18,49,70,67,7,51,62,77,32,21,26,43,34,47,67,76,80,56,1,49,73,7,49,58,71,28,59,16,55,32,0,48,57,53,9,52,73,52,50,2,53,65,65,34,31,78,36,48,67,13,71,61,62,30,55,46,47,31,59,26,8,66,27,34,14,45,97,57,74,16,50,78,34,22,65,29,77,56,58,79,97,56,60
"COG3171",2,0,1,1,0,13,0,32,5,4,4,0,2,0,0,1,0,1,11,4,1,3,7,12,2,8,0,0,0,0,2,0,0,1,0,24,0,4,5,1,3,1,5,6,0,2,0,8,0,1,1,10,2,5,0,0,64,7,4,2,2,0,2,6,2,0,23,3,3,3,13,0,2,16,0,1,3,4,0,1,0,0,0,5,3,0,3,0,0,7,0,0,1,0,0,1,2,3,1,4
"COG3172",8,1,4,3,1,18,24,63,23,39,3,0,9,45,0,2,5,3,41,4,2,3,8,24,3,10,0,2,0,4,1,0,0,2,11,41,2,1,9,7,3,0,10,1,0,3,1,80,1,0,0,16,1,5,1,2,78,12,2,0,2,1,1,18,4,1,41,4,19,19,5,0,0,15,13,1,4,5,7,4,23,4,0,5,7,26,3,4,2,14,11,2,2,0,1,2,0,6,0,9
"COG3173",2,2,1,4,1,1,2,73,2,17,2,6,15,20,4,0,8,3,1,1,7,1,8,3,7,13,2,2,4,3,2,7,7,7,1,0,1,2,6,0,8,11,8,9,0,2,7,44,0,4,2,21,3,4,0,3,140,0,0,0,4,3,1,1,2,1,2,1,13,11,0,7,7,0,6,1,40,14,1,15,8,2,2,9,0,21,1,11,0,3,8,15,0,0,1,12,1,1,1,2
"COG3174",158,35,53,152,138,187,9,17,147,10,7,44,32,27,152,190,27,8,48,162,185,10,54,58,5,39,35,10,90,72,54,159,137,41,138,1,97,173,6,103,109,188,62,57,3,143,103,0,89,83,80,27,63,211,141,53,1,101,76,63,20,52,59,56,78,147,29,64,132,61,108,59,118,67,37,93,4,3,161,19,37,7,100,136,82,64,6,115,26,27,75,120,34,82,104,129,166,159,107,81
"COG3176",300,69,307,235,380,251,8,141,322,28,573,197,340,53,348,290,325,451,326,290,197,40,272,221,548,183,422,389,214,152,355,284,294,272,329,324,231,396,366,224,331,260,162,301,200,211,229,19,193,244,206,107,222,308,220,205,3,213,331,320,212,121,262,152,279,245,87,504,197,411,192,173,245,297,219,206,369,18,260,133,192,46,248,364,315,418,126,171,373,152,132,303,231,329,255,246,365,356,242,311
"COG3177",348,220,182,340,363,92,233,186,180,474,602,312,178,220,418,275,276,257,265,188,164,145,377,250,256,332,309,467,280,259,241,187,300,269,301,269,252,361,381,280,392,143,159,311,315,282,283,151,281,290,333,458,374,321,486,505,52,428,395,343,330,378,618,315,289,263,201,969,414,658,368,855,516,297,679,622,947,245,564,438,431,486,326,398,226,477,411,340,539,310,537,559,425,429,450,641,483,407,394,298
"COG3178",169,37,206,140,118,83,7,32,198,13,319,87,219,36,206,191,205,202,145,204,189,45,88,108,367,107,256,190,140,82,162,190,168,134,114,175,141,153,166,75,173,146,83,135,102,108,122,0,83,172,122,40,116,180,141,98,0,143,130,157,98,93,125,99,178,124,40,237,128,196,93,74,115,94,137,118,282,11,146,101,87,17,121,137,129,141,60,88,210,71,59,130,70,159,158,106,146,152,119,147
"COG3179",0,0,0,3,0,8,1,37,1,1,15,5,25,0,0,60,1,0,0,0,0,1,48,0,80,0,0,0,0,1,24,0,0,0,0,0,0,0,13,0,0,1,0,1,0,0,0,1,0,0,0,0,0,0,0,0,1,4,0,134,6,0,0,4,0,0,1,0,0,1,0,0,0,0,0,0,0,0,0,0,11,0,0,18,2,4,0,0,0,3,0,0,0,0,3,0,1,6,0,0
"COG3180",14,2,5,10,6,1,1,31,12,6,4,3,10,1,15,3,15,1,20,6,10,1,16,29,10,0,3,0,3,20,5,8,4,5,4,14,8,3,2,6,13,3,21,29,2,4,0,5,1,13,4,12,2,11,5,5,41,7,2,8,6,10,5,15,10,2,26,4,39,5,2,4,9,10,4,13,0,3,11,4,12,0,5,9,16,4,0,4,5,10,2,1,3,7,7,2,7,10,3,6
"COG3181",58,26,92,52,40,58,73,9,67,7,12,61,45,44,64,61,48,18,37,45,73,43,26,75,29,39,34,41,46,112,31,81,26,30,29,38,72,44,31,57,90,49,50,97,54,42,46,13,63,50,59,40,20,21,81,52,105,47,82,42,49,44,40,39,22,69,55,19,75,53,100,53,53,66,51,70,18,2,73,32,63,9,37,66,103,45,32,90,27,59,28,35,42,30,28,58,53,42,64,48
"COG3182",102,13,99,61,96,102,6,22,123,15,75,44,34,21,95,103,56,7,151,77,108,24,45,51,25,71,23,8,64,36,42,121,90,34,67,4,75,116,68,51,87,124,51,38,14,88,47,27,41,78,59,33,50,101,79,33,0,72,81,37,55,31,88,40,95,92,48,90,76,123,47,43,82,156,54,64,8,5,173,48,39,17,78,104,106,104,14,48,97,77,52,93,34,113,132,54,125,121,65,97
"COG3183",0,0,0,4,51,1,0,111,6,12,0,24,1,1,13,15,9,1,12,9,2,3,5,8,6,16,78,0,1,4,0,0,5,27,10,28,3,12,4,0,1,5,12,2,0,0,0,6,5,7,1,0,11,16,22,3,250,0,67,9,19,4,18,20,13,0,33,1,1,7,1,5,19,2,0,37,11,3,0,22,5,0,3,10,5,12,22,0,0,26,9,1,19,4,0,7,1,58,6,7
"COG3185",0,0,0,0,0,0,0,0,1,0,0,0,3,0,0,0,0,0,40,0,0,0,0,0,0,0,0,0,0,0,0,0,0,0,3,0,1,0,0,0,1,0,10,1,0,0,0,2,0,0,0,0,0,0,0,0,0,0,0,0,0,0,0,13,0,1,0,1,0,1,1,0,0,0,0,0,1,0,0,0,0,0,0,0,1,0,0,0,0,0,0,0,0,0,1,0,0,1,0,0
"COG3187",103,10,83,64,78,59,2,37,93,13,9,89,35,25,120,102,44,8,112,73,62,24,52,48,41,84,52,7,63,38,33,61,75,63,137,16,65,131,3,29,118,69,51,45,13,59,83,2,50,90,88,19,63,118,69,71,41,70,61,52,34,27,95,58,52,60,64,68,105,75,66,35,69,86,65,78,16,7,92,47,23,16,83,137,65,53,18,61,108,69,34,93,52,105,78,57,116,130,70,67
"COG3188",38,18,21,8,6,402,10,1274,112,221,93,0,126,21,41,15,92,2,555,120,27,35,276,162,115,33,2,4,13,48,9,18,4,10,84,565,10,59,1,84,103,38,85,74,10,49,0,164,5,7,12,133,18,187,26,9,1580,268,58,7,27,1,77,461,36,21,939,34,157,182,207,2,14,177,5,21,33,182,102,1,3,0,0,130,120,11,7,38,19,262,1,2,52,5,31,17,23,72,4,115
"COG3189",45,16,22,32,32,73,3,60,53,33,2,38,17,23,39,33,14,8,24,29,38,10,70,43,6,19,19,5,30,19,41,40,29,18,93,34,56,66,2,42,68,41,22,48,34,48,38,4,42,28,30,24,17,39,46,26,32,44,34,33,48,22,37,30,27,19,45,35,41,31,44,38,35,38,14,58,8,12,55,35,29,24,25,56,33,31,10,36,28,24,13,51,25,41,51,53,46,64,39,26
"COG3190",0,0,0,0,0,6,0,18,2,2,1,0,2,1,0,0,2,0,0,2,2,0,2,0,3,0,0,0,0,0,0,0,1,0,0,8,0,1,0,2,2,1,0,1,0,1,0,3,0,0,0,3,0,1,1,0,23,3,1,0,1,0,1,8,1,0,20,0,2,3,5,0,0,3,0,1,0,5,1,1,0,0,0,3,2,0,1,0,0,5,0,0,0,0,0,0,1,1,0,3
"COG3191",22,43,25,21,18,17,28,21,19,59,5,41,30,76,31,36,15,46,24,20,23,38,40,39,4,29,29,26,37,82,27,30,25,33,24,31,36,11,45,35,26,21,43,23,80,10,31,30,15,45,38,51,22,7,45,34,25,36,46,23,49,36,31,42,23,42,57,20,40,33,42,29,39,27,30,62,20,120,49,46,30,90,20,29,28,30,76,32,12,54,33,26,62,20,26,28,12,24,37,44
"COG3192",8,3,14,4,6,2,1,30,4,17,4,1,3,54,38,3,4,39,25,14,18,24,19,15,14,14,2,7,8,17,2,20,7,1,11,28,21,3,14,37,38,16,24,16,13,17,15,3,5,14,4,19,2,18,9,4,56,28,11,11,12,3,21,18,7,9,44,10,30,16,13,9,4,4,4,6,3,39,10,19,4,15,8,5,27,10,24,12,5,14,7,8,0,7,10,3,5,13,8,19
"COG3193",4,17,6,4,4,17,4,29,15,30,2,1,18,2,8,7,7,11,35,11,13,10,9,6,8,2,2,9,8,18,7,13,2,4,15,46,6,7,12,25,13,12,27,8,17,9,16,64,7,30,6,18,5,3,10,7,52,54,7,3,3,1,11,24,2,6,62,25,29,13,17,11,2,17,1,8,1,109,23,12,7,5,8,10,16,2,47,16,4,8,10,7,21,5,5,5,2,7,1,12
"COG3194",2,0,1,0,1,1,0,19,2,7,1,0,1,1,0,0,3,0,0,3,0,1,3,5,0,0,0,0,0,1,0,0,0,1,2,11,0,0,0,4,1,0,2,0,1,3,0,0,0,0,0,2,0,1,3,0,26,5,2,0,0,0,0,14,0,0,18,1,1,1,6,0,1,3,0,0,1,2,2,0,0,0,0,2,2,0,0,0,0,4,0,1,1,0,0,0,0,0,0,4
"COG3195",0,1,0,0,0,0,0,0,0,0,0,0,3,0,0,0,0,0,14,0,0,0,0,0,1,0,0,0,0,0,0,0,0,0,0,0,0,0,0,0,0,0,4,0,0,0,0,5,0,0,0,0,0,0,0,0,0,0,0,0,0,0,0,4,0,0,0,0,0,5,0,0,0,0,0,0,1,0,0,0,0,0,0,0,0,1,0,0,0,0,0,0,0,0,1,0,0,0,0,0
"COG3196",15,6,14,8,9,8,17,45,5,0,3,4,2,7,9,9,12,0,16,10,3,0,24,16,0,8,7,3,16,40,9,8,5,5,12,0,17,4,10,13,12,3,8,16,16,3,0,13,6,18,20,3,5,3,23,16,95,16,13,4,27,9,11,11,6,22,42,9,10,3,25,10,12,27,22,30,2,4,3,16,12,0,12,6,23,6,4,11,1,17,9,6,12,4,12,11,5,4,4,7
"COG3199",2,0,10,2,0,6,2,1,3,0,0,0,0,1,2,4,1,0,1,2,2,0,0,2,0,0,0,0,2,1,0,0,2,0,6,0,1,0,1,2,13,0,1,0,0,1,0,0,0,0,7,13,2,0,2,1,19,2,0,0,1,0,0,1,2,0,0,0,18,2,2,0,1,1,0,0,1,0,2,0,6,0,2,0,1,3,0,0,0,1,0,0,0,2,0,1,1,0,0,0
"COG3201",129,64,98,83,94,206,17,83,111,101,86,75,117,58,106,88,31,154,63,94,68,107,95,100,121,56,41,118,79,55,109,111,91,96,100,83,127,108,146,48,103,83,150,149,99,74,74,37,63,94,101,36,61,85,115,54,81,76,121,131,88,72,96,77,62,80,53,77,106,51,85,51,101,39,34,79,52,21,110,32,113,35,84,135,137,127,47,102,141,50,76,100,212,82,73,58,153,129,88,100
"COG3203",68,6,137,24,83,89,2,388,80,68,28,1,167,28,49,58,80,22,211,79,53,619,80,89,92,141,12,9,2,45,13,36,1,18,58,155,85,161,23,38,75,36,46,47,38,16,0,57,41,52,101,93,29,54,49,39,408,36,73,17,59,13,47,136,79,81,243,12,74,74,60,56,3,100,140,10,167,34,28,2,32,1,12,72,91,6,39,9,33,84,26,35,18,20,15,42,43,29,54,84
"COG3204",0,0,1,0,0,1,0,33,4,10,4,0,0,1,0,1,5,0,0,7,1,2,6,9,2,2,1,0,0,1,0,0,0,0,2,22,0,0,0,8,2,3,0,1,1,1,0,0,0,0,2,4,0,6,0,1,34,9,3,0,1,0,1,9,0,1,14,0,3,5,9,0,0,9,1,0,0,3,0,0,0,0,0,6,3,0,0,2,1,6,0,0,0,0,0,1,1,0,0,3
"COG3206",359,86,341,166,168,210,128,271,268,31,392,170,155,44,318,277,328,229,221,335,230,55,188,140,495,116,453,365,133,86,130,211,217,286,143,400,143,193,227,84,160,298,102,182,264,108,128,51,115,279,186,77,254,230,224,222,314,214,339,197,127,127,194,176,295,280,231,414,78,321,225,127,207,142,164,166,241,37,297,29,163,88,234,244,278,179,113,132,328,119,73,134,124,413,209,144,246,380,184,235
"COG3208",1,27,5,1,18,2,7,3,5,11,0,9,2,14,4,3,1,32,23,4,4,1,10,23,8,2,14,2,0,6,0,3,0,6,3,0,1,7,1,5,8,2,12,13,4,56,0,28,0,3,2,4,6,6,8,10,32,14,2,3,0,1,23,4,10,6,24,0,22,9,1,3,25,0,0,2,1,3,4,4,1,0,6,5,4,3,7,5,1,8,1,8,0,5,3,3,6,0,10,5
"COG3209",457,363,782,500,1312,594,92,1508,408,234,2179,404,690,533,978,423,344,2256,554,786,800,175,508,548,1276,662,563,278,323,185,508,790,520,259,472,1745,758,1123,757,583,206,995,577,918,230,937,516,202,293,387,436,293,345,699,944,291,1397,489,651,2536,275,509,512,970,635,802,855,152,413,415,1392,707,890,288,373,741,290,160,279,765,688,170,961,628,286,291,340,440,443,623,516,224,1576,412,390,640,305,599,349,636
"COG3210",18,12,65,24,29,22,7,38,49,27,243,21,141,72,101,28,46,11,52,29,76,75,19,85,155,28,21,2,33,24,15,33,20,28,39,53,62,29,55,32,129,58,14,85,65,57,7,75,36,38,10,100,42,17,16,25,92,26,113,19,15,117,16,36,49,13,20,26,320,55,40,17,138,21,51,8,94,4,50,58,31,30,7,34,61,89,24,25,84,7,13,45,32,23,32,31,8,45,21,49
"COG3211",0,0,0,0,0,20,0,0,0,0,0,0,0,0,0,0,0,0,0,0,0,0,0,0,0,0,0,0,0,0,0,0,0,1,0,0,0,0,0,0,0,0,7,2,0,0,0,11,0,0,0,0,0,0,0,0,0,0,0,1,0,0,0,0,0,0,40,0,0,1,0,0,0,0,0,1,0,1,0,0,0,0,0,0,0,0,0,0,1,0,0,0,0,0,0,0,0,0,0,0
"COG3212",5,22,18,8,2,22,82,11,5,46,3,8,3,16,2,1,18,6,4,19,6,11,20,6,4,4,31,10,5,8,9,8,10,4,2,20,4,4,9,4,7,16,3,5,59,34,1,13,19,20,5,22,4,3,5,4,15,9,13,12,29,2,3,11,1,7,1,8,13,33,8,7,5,11,15,12,8,29,2,12,24,1,15,1,6,13,1,2,7,13,10,4,8,4,3,14,11,6,13,9
"COG3213",0,0,0,0,0,0,0,0,0,0,0,0,0,0,0,2,2,0,0,0,0,3,0,0,0,14,1,0,0,0,0,0,1,1,0,0,0,0,7,0,0,0,0,0,0,0,0,4,0,0,0,0,2,0,0,0,0,0,0,0,0,0,0,0,0,0,0,0,0,0,0,0,0,0,2,0,0,0,0,0,0,0,0,0,0,1,2,0,0,0,0,0,0,0,2,0,3,0,2,0
"COG3214",3,0,0,1,1,14,0,67,9,9,6,0,2,5,1,2,9,0,25,5,2,4,13,3,5,2,0,2,0,7,1,0,0,0,5,40,0,4,0,5,11,3,2,6,0,6,0,15,0,0,0,22,1,8,2,0,116,8,4,0,3,0,2,26,4,1,53,1,13,5,20,0,0,12,5,3,3,4,3,0,0,0,0,7,4,3,0,5,2,16,0,0,2,0,4,1,0,3,0,8
"COG3216",0,0,0,0,0,0,0,14,0,0,0,3,0,0,0,0,0,0,0,0,0,0,0,0,0,0,0,0,0,0,8,0,0,0,0,0,5,0,0,0,0,0,0,0,0,0,0,0,0,0,1,0,2,0,0,0,0,0,0,2,6,0,0,13,0,0,0,0,0,0,0,0,0,0,0,0,1,0,0,0,0,0,9,0,0,1,0,0,0,0,0,0,0,1,0,0,0,0,0,0
"COG3217",1,2,1,0,1,16,0,62,11,7,6,0,3,0,1,0,9,0,19,9,1,2,14,9,8,3,0,0,0,1,0,0,0,0,4,34,0,2,0,6,8,2,4,6,0,4,0,7,0,0,0,11,0,5,1,2,82,14,3,0,0,0,4,33,0,1,47,0,10,5,19,0,0,14,0,1,0,10,6,0,0,0,0,9,7,0,1,3,0,14,0,0,3,0,1,1,2,3,1,4
"COG3218",0,0,0,0,0,0,0,0,0,0,0,0,0,0,0,0,2,0,0,0,0,0,0,0,0,0,0,0,0,0,0,0,0,0,0,0,0,0,0,0,0,0,0,0,0,0,0,0,0,0,0,0,0,0,1,0,0,0,1,0,0,0,0,0,0,0,0,1,0,0,15,0,0,0,0,0,0,0,0,0,0,0,0,0,0,0,0,0,0,2,0,0,0,0,0,1,1,0,0,0
"COG3219",0,0,0,0,0,0,0,0,0,0,0,0,0,0,0,1,1,1,1,0,0,0,0,0,0,7,0,0,0,0,0,0,0,0,0,0,0,0,2,0,0,2,0,0,0,0,0,4,0,0,0,0,0,0,0,0,0,0,0,0,0,0,0,0,0,0,0,0,0,0,0,0,0,0,1,0,0,0,0,0,0,0,0,0,0,0,3,0,0,1,0,0,0,0,1,0,1,0,0,0
"COG3220",0,0,0,0,0,0,0,0,0,0,0,0,0,0,0,0,1,2,0,0,0,1,0,0,0,6,1,0,0,0,0,0,0,4,0,0,0,0,3,0,0,0,0,0,1,0,0,0,0,0,0,0,2,0,0,0,0,0,1,0,0,0,0,0,0,0,0,0,0,0,1,0,0,3,2,0,0,0,0,1,0,0,0,0,0,0,1,0,0,0,8,0,0,0,1,0,1,0,0,0
"COG3221",20,27,10,15,16,17,6,47,14,71,3,24,9,43,11,25,22,5,61,12,8,74,64,58,5,8,2,6,49,23,22,40,19,6,26,26,37,5,12,23,12,18,70,51,122,15,1,18,3,9,16,42,21,10,26,25,79,17,17,22,19,43,22,16,49,29,78,10,19,17,25,15,21,19,9,19,8,14,9,19,30,65,22,13,16,9,11,20,7,34,24,22,12,15,12,19,9,21,20,54
"COG3222",5,5,9,2,0,5,11,0,3,4,1,3,1,2,19,2,0,5,1,3,2,33,8,0,2,3,1,1,4,0,0,0,2,3,5,0,0,8,4,3,1,2,2,3,2,1,2,3,0,2,0,6,0,0,3,4,21,9,1,0,0,4,1,1,0,0,4,3,9,5,3,2,3,2,1,4,0,8,4,2,0,16,1,4,8,2,6,9,1,0,2,1,6,4,2,5,1,3,3,3
"COG3223",3,0,7,1,0,9,0,40,5,6,4,0,3,1,0,0,3,0,10,5,1,13,6,8,8,6,1,0,0,0,3,1,1,1,4,42,1,0,2,2,4,3,3,4,1,3,0,11,0,0,1,9,2,6,3,0,65,13,2,0,0,0,6,26,3,1,30,1,6,7,13,0,1,9,1,2,2,4,3,0,0,0,0,7,7,1,0,2,0,10,0,0,1,0,0,1,4,5,0,6
"COG3224",0,0,0,0,0,0,0,0,1,0,0,0,2,0,0,0,0,0,23,0,0,0,0,1,0,0,0,0,0,0,0,0,0,0,0,0,0,0,0,0,0,0,4,1,0,0,0,7,0,0,0,0,0,0,0,0,0,0,0,3,0,0,0,5,0,0,0,1,0,1,0,0,0,0,0,0,2,0,0,0,0,0,0,0,0,0,0,0,1,1,0,0,0,0,0,0,0,3,1,0
"COG3225",62,240,138,183,157,10,24,117,111,86,22,224,61,174,63,99,137,134,50,109,186,107,113,146,9,128,34,74,129,231,128,149,156,147,150,27,198,150,97,112,173,120,77,125,63,252,281,147,131,105,146,201,191,152,163,257,96,189,101,77,103,149,157,225,98,130,126,58,223,78,112,221,167,85,151,176,35,345,134,248,150,99,152,84,67,258,201,160,38,130,228,131,213,79,89,154,85,97,149,66
"COG3226",1,0,1,1,0,6,0,30,4,8,4,0,3,1,1,0,8,0,23,4,1,4,7,5,2,3,0,0,0,2,0,1,0,2,2,24,1,0,0,3,2,1,6,4,1,2,0,4,0,0,0,5,1,3,0,1,35,2,2,0,2,0,1,4,2,1,10,0,4,6,6,0,1,5,0,0,2,1,1,0,1,0,0,8,5,0,0,1,0,2,0,0,1,0,0,1,2,0,0,1
"COG3227",0,0,0,0,7,6,0,0,0,0,0,21,0,43,5,2,0,0,0,0,0,0,1,0,0,0,0,1,0,6,0,0,0,0,1,0,1,0,0,0,0,0,0,0,0,0,20,6,0,0,0,13,0,0,0,1,0,0,1,0,3,0,0,0,0,11,6,2,0,0,0,0,0,0,0,0,0,0,0,0,0,0,0,0,0,0,3,0,0,1,0,0,0,1,1,2,0,1,0,0
"COG3228",0,2,0,0,0,7,0,40,6,7,0,0,5,0,0,0,3,0,28,2,0,2,5,5,3,1,0,1,0,2,0,2,0,0,3,16,0,2,0,5,9,0,4,4,1,1,0,6,0,0,0,8,1,3,0,0,47,2,0,0,1,1,1,12,2,1,19,1,4,7,9,0,0,8,0,1,2,2,3,0,0,0,0,2,3,0,0,2,0,15,0,0,1,0,3,0,0,1,0,4
"COG3231",3,2,17,1,0,0,0,4,10,15,2,3,6,13,4,0,2,0,0,7,6,6,0,2,8,0,0,1,5,6,4,4,32,8,2,2,2,28,0,4,9,9,4,5,6,0,1,1,3,12,1,22,6,2,0,1,6,3,0,2,1,3,2,7,1,4,40,0,1,4,0,1,5,0,7,1,4,11,6,3,3,1,2,6,3,9,0,1,1,7,3,0,0,3,0,0,2,5,2,3
"COG3232",1,0,1,0,0,1,0,0,0,3,0,0,4,0,1,0,3,0,10,5,0,0,3,0,2,0,0,0,0,1,0,0,0,0,0,24,0,0,0,3,0,0,2,1,0,1,0,4,0,0,0,0,0,1,0,0,0,4,3,1,0,0,0,1,0,0,14,0,0,3,5,0,0,7,0,0,0,1,5,0,0,0,0,0,1,0,0,1,0,4,0,0,0,0,0,0,1,1,0,3
"COG3234",3,0,0,0,0,0,0,40,10,4,2,0,0,0,2,0,1,0,0,3,3,1,6,3,2,0,0,0,0,1,1,0,0,0,0,21,0,1,0,2,3,3,0,3,0,2,0,0,1,0,0,11,0,3,1,0,68,5,0,0,5,0,3,14,2,0,26,0,3,7,13,3,0,9,0,1,0,6,3,0,0,0,0,6,2,0,0,1,0,12,0,0,2,0,0,1,2,3,0,2
"COG3236",10,24,21,7,20,4,2,40,12,12,3,19,8,40,12,28,13,26,36,47,5,3,21,78,2,25,4,23,14,11,14,37,10,33,8,24,10,3,34,14,17,8,15,30,9,9,32,58,4,29,12,38,26,7,30,9,63,30,16,8,77,36,19,38,16,5,44,20,8,30,21,24,18,19,18,32,19,39,2,36,20,8,10,19,13,27,26,6,10,33,58,15,59,5,9,18,13,5,47,20
"COG3237",0,0,3,0,2,6,0,12,4,4,0,0,2,0,0,0,3,0,10,1,0,9,1,2,2,0,0,0,1,0,0,0,0,0,1,13,2,0,4,6,3,0,3,3,0,0,0,16,0,0,0,3,0,4,0,0,27,3,0,0,0,0,1,8,1,0,16,2,2,2,3,0,0,7,0,2,0,1,1,0,1,2,0,0,5,1,1,1,0,5,0,0,0,0,1,0,0,0,0,1
"COG3238",4,30,15,10,24,13,50,28,17,94,4,20,6,19,24,8,24,12,15,8,11,81,23,27,13,31,10,18,33,23,16,22,20,12,26,20,24,8,27,19,19,24,19,17,28,17,19,132,41,14,19,29,32,11,16,20,162,46,13,16,10,27,21,35,9,25,101,12,14,11,29,30,26,31,29,28,11,78,13,13,21,29,10,5,28,15,57,17,7,42,42,17,31,7,24,18,16,11,9,33
"COG3239",0,1,0,0,0,1,0,0,12,1,0,0,2,0,0,0,0,0,25,0,0,0,0,9,0,0,0,0,0,0,0,1,0,0,0,0,0,0,0,0,1,0,4,1,0,0,0,0,0,0,0,0,0,0,0,0,1,0,0,0,0,0,0,3,1,0,3,0,1,5,1,0,0,1,0,0,1,0,0,0,0,0,0,2,0,0,0,0,1,0,0,0,0,0,1,0,0,0,0,0
"COG3242",0,0,0,0,2,6,3,19,0,4,2,0,3,0,0,0,2,0,7,2,2,0,1,3,1,1,0,0,0,0,1,0,0,0,1,16,0,2,0,0,3,1,0,2,0,0,0,2,0,0,0,7,0,4,0,0,25,2,1,0,1,0,0,8,2,0,13,0,4,1,4,0,0,6,0,1,1,3,3,0,0,0,0,3,0,0,0,2,1,2,0,0,2,0,0,0,0,1,0,3
"COG3246",21,9,38,20,9,42,94,27,17,5,3,9,13,22,31,37,6,7,8,24,17,13,31,48,5,25,49,24,13,49,32,38,16,10,33,7,30,5,16,73,32,30,43,51,3,19,13,15,3,30,6,59,9,4,24,31,28,43,29,7,46,20,37,31,19,24,3,11,91,21,12,33,13,11,5,22,5,0,52,10,16,4,15,13,21,51,22,47,29,9,21,5,22,19,10,20,5,28,47,13
"COG3247",2,0,3,3,0,5,0,85,8,91,2,1,3,5,2,4,8,4,20,1,6,3,23,8,9,2,1,2,2,5,7,0,1,2,1,41,4,9,2,3,11,3,12,15,8,5,0,2,1,1,6,15,2,3,1,5,86,8,2,5,14,1,8,36,18,4,41,0,8,9,20,1,2,15,2,0,1,18,8,4,3,82,10,10,10,1,2,13,0,10,5,28,0,2,1,6,4,6,2,4
"COG3248",0,0,2,1,0,12,0,37,7,7,0,0,6,0,0,1,1,0,23,5,1,4,8,27,3,1,0,0,2,0,0,0,0,0,6,26,0,2,1,4,8,3,4,4,0,4,0,7,0,0,0,22,0,6,1,0,60,7,1,1,0,0,5,12,6,2,32,2,5,11,12,0,0,13,0,1,2,6,7,0,0,0,0,6,3,0,1,0,1,14,0,1,4,0,0,1,0,3,0,10
"COG3250",6469,2873,4546,6142,4049,7484,1667,2179,5983,1983,5637,3789,5227,2709,4503,4844,4301,4363,4545,6023,8072,1627,3353,3587,3377,4219,5224,3842,4696,4092,4916,4783,6040,2957,5616,2424,6183,7006,5533,4950,6739,5705,3868,4221,2220,6957,5002,1245,4962,5049,4780,2935,3838,7258,5768,3144,1181,5423,4501,5277,3659,3658,5153,4841,5353,4130,2671,5530,6231,4866,5680,3434,4874,5171,5041,4715,3505,1379,7256,3347,3566,1969,6000,5223,4554,4434,2411,4782,4147,3614,3220,3986,3102,5280,6173,5797,6607,5047,6257,3867
"COG3251",0,1,0,0,1,2,0,12,3,3,1,0,2,0,0,0,0,0,6,1,1,0,3,2,3,0,0,1,0,1,0,0,0,0,0,3,0,0,0,2,1,2,2,1,0,0,0,0,1,0,0,3,0,1,1,1,18,2,0,0,0,0,2,4,0,0,18,0,5,0,3,0,0,1,0,0,2,1,1,0,0,0,0,2,1,0,0,0,0,4,0,0,1,0,1,1,0,1,0,2
"COG3252",3,0,5,0,0,9,0,0,2,0,0,1,0,0,0,2,0,0,0,0,1,0,0,0,1,0,0,0,0,0,0,0,0,0,14,0,1,0,0,3,1,0,0,0,0,2,0,0,0,0,0,7,0,0,0,1,18,4,1,1,0,0,0,0,0,0,0,0,25,0,0,0,0,0,1,1,0,0,4,0,0,0,0,0,2,2,0,0,2,0,0,0,0,0,0,0,0,2,0,0
"COG3253",0,0,6,0,0,0,1,0,0,1,0,0,0,0,0,0,0,1,0,1,0,12,0,0,0,0,0,0,0,0,0,1,0,1,1,0,0,2,1,1,0,0,0,0,0,0,0,10,0,0,0,0,0,0,0,0,0,0,1,0,0,0,0,0,0,0,1,0,1,1,0,0,0,0,0,0,0,1,0,0,0,0,0,0,0,0,0,0,0,0,0,0,0,0,0,0,0,1,0,1
"COG3254",40,21,36,35,20,69,3,22,58,16,63,20,31,20,29,11,47,16,75,36,40,59,45,37,16,15,57,13,35,25,18,23,34,14,79,30,33,67,70,30,101,40,19,34,4,79,53,18,60,41,26,22,16,64,27,22,57,41,20,56,33,15,55,44,32,21,43,46,82,60,59,26,40,36,51,37,7,10,66,33,28,21,20,41,38,20,19,24,18,32,23,39,30,24,26,42,83,29,59,28
"COG3256",1,0,19,1,0,0,1,0,6,6,0,0,2,0,0,1,1,2,1,0,1,15,0,0,0,25,1,0,0,0,0,0,0,2,1,0,0,2,16,9,1,3,0,0,1,0,0,33,2,0,2,0,5,1,0,4,1,0,1,3,0,0,0,0,0,0,0,3,4,2,0,0,0,3,0,0,0,1,0,0,0,0,0,0,0,0,3,0,0,6,0,4,0,0,3,1,2,1,3,0
"COG3257",5,16,24,2,0,10,0,6,12,9,4,0,5,2,0,2,3,0,0,1,6,2,4,9,1,2,1,0,2,0,3,0,1,1,5,17,2,4,3,7,9,1,8,3,0,0,0,1,24,3,1,9,0,4,4,2,58,10,3,3,2,0,2,17,0,1,34,1,17,3,11,0,3,20,4,2,0,2,5,0,4,8,2,13,3,5,5,4,4,4,1,1,4,2,0,1,1,1,1,5
"COG3259",0,0,0,1,0,0,0,4,0,1,0,0,0,1,0,0,0,1,1,0,0,0,0,0,0,0,0,0,0,0,0,0,0,0,0,0,0,0,3,1,0,0,0,0,0,0,1,0,0,0,0,31,0,0,0,1,0,0,0,0,0,0,0,0,0,0,0,0,0,0,0,1,0,0,0,1,1,5,0,7,0,0,0,0,0,0,0,1,0,0,0,0,0,0,0,0,0,0,0,0
"COG3260",6,9,5,18,8,10,6,77,3,13,0,5,13,16,10,5,10,4,15,14,17,2,18,29,8,5,1,3,3,18,5,25,2,8,9,46,7,7,3,14,13,7,29,25,0,8,1,8,3,14,8,28,4,12,8,4,102,13,12,7,12,2,9,25,26,8,61,3,26,10,24,9,6,16,6,5,4,10,17,9,16,1,1,12,22,8,11,29,9,19,2,0,1,9,10,5,5,14,8,12
"COG3261",11,1,10,10,0,15,6,90,3,11,5,2,17,27,13,10,10,6,41,14,13,2,24,23,15,6,3,0,7,13,7,23,0,4,6,38,9,5,5,14,16,9,27,25,1,4,3,12,3,13,13,33,8,20,23,19,101,23,23,8,17,6,23,52,17,15,100,10,23,22,59,14,17,19,8,14,3,21,19,12,10,2,8,17,36,14,9,45,4,33,2,9,4,22,15,3,9,22,8,45
"COG3262",10,2,4,0,3,6,2,105,15,20,2,1,22,25,2,1,6,1,43,13,4,8,15,14,17,10,0,0,8,10,1,1,2,1,6,84,1,5,4,12,12,9,15,11,2,3,0,18,2,2,8,8,2,7,1,0,90,9,9,1,1,2,2,25,4,1,74,3,6,8,37,0,3,16,5,3,1,12,6,3,0,0,2,17,5,1,1,6,1,20,2,0,3,3,6,1,3,0,1,10
"COG3263",168,164,120,159,172,203,235,129,228,50,26,131,141,102,206,201,73,74,154,236,199,27,117,125,53,188,145,59,150,125,123,175,207,83,169,80,176,235,57,155,180,202,115,163,70,143,161,25,233,240,185,91,131,194,164,141,128,157,179,116,113,84,189,120,152,152,130,102,149,193,171,121,194,224,145,153,140,39,187,75,128,68,173,170,188,226,67,196,195,197,105,169,210,223,169,176,219,244,180,161
"COG3264",22,4,14,9,13,105,7,260,38,40,15,12,107,13,12,22,50,5,154,43,16,75,45,34,46,60,6,1,4,22,3,27,7,17,23,187,59,32,10,39,42,20,32,30,12,13,0,56,9,15,31,34,37,45,38,19,428,44,19,4,25,8,20,126,15,33,275,10,42,49,106,13,3,61,26,7,176,60,39,11,4,0,7,26,53,6,16,14,7,85,7,8,7,17,9,13,12,18,14,28
"COG3265",0,1,1,0,0,11,25,67,7,85,6,0,4,0,2,1,2,3,23,3,0,2,10,19,7,2,0,2,0,0,1,3,0,0,1,30,0,1,0,5,5,1,13,3,5,3,0,8,3,2,0,15,1,11,2,0,124,4,2,0,1,0,12,13,8,2,24,0,20,15,9,0,1,7,1,2,2,7,5,1,0,0,0,12,9,0,0,6,0,6,0,3,1,0,1,3,1,4,1,3
"COG3266",6,0,2,0,0,19,1,52,3,10,2,1,4,1,1,0,2,0,33,1,1,1,5,13,3,3,0,0,0,1,1,1,0,1,2,21,1,2,0,2,4,3,13,5,0,4,0,7,1,0,0,10,2,8,1,1,92,7,0,1,1,0,1,12,2,2,27,1,8,12,15,1,2,9,0,4,6,8,5,0,0,0,0,5,6,0,0,3,1,11,0,0,2,0,3,0,1,3,0,4
"COG3267",5,49,2,5,3,4,19,1,11,66,3,1,51,1,9,6,5,12,1,5,4,30,12,4,5,7,8,9,12,12,2,24,5,6,5,2,4,23,44,7,11,7,5,5,0,10,11,16,5,23,7,1,3,0,7,4,52,33,9,1,2,12,2,4,13,2,6,11,10,2,2,5,21,11,3,9,82,109,23,1,2,39,2,3,14,2,11,11,5,27,1,2,6,6,12,6,4,1,8,3
"COG3268",0,0,0,0,0,0,0,9,0,0,0,0,0,0,0,1,0,0,0,1,0,0,1,0,0,0,0,1,0,0,0,0,0,0,0,0,0,2,0,0,0,0,0,10,0,0,0,1,0,0,3,2,0,0,2,0,1,0,4,7,0,0,0,0,5,0,0,0,0,0,0,0,0,0,0,0,0,0,0,0,7,0,0,1,0,0,0,3,0,3,1,0,0,10,0,1,0,0,0,2
"COG3270",18,125,25,41,51,14,52,42,6,40,9,59,15,102,37,40,45,22,50,33,20,93,26,42,18,61,19,19,51,127,46,14,40,58,8,44,35,21,55,43,6,34,39,39,68,44,82,112,44,18,44,71,53,14,51,39,91,41,33,27,46,70,26,88,43,53,68,19,16,27,57,33,64,35,45,39,15,102,17,59,48,52,42,42,33,19,54,45,7,88,52,31,72,19,55,46,18,27,49,33
"COG3271",0,0,0,5,0,0,0,0,0,0,0,0,0,3,0,0,0,0,0,0,0,0,0,1,0,1,0,1,0,0,0,0,0,2,0,0,1,0,0,0,0,0,7,3,0,0,0,0,0,0,1,2,3,0,0,2,0,0,0,0,2,3,2,1,4,2,5,0,0,0,0,1,1,0,0,1,0,0,0,3,1,0,0,0,0,1,0,1,0,1,1,0,0,0,0,1,0,0,0,0
"COG3272",1,3,0,0,0,11,0,29,4,6,0,0,3,0,1,0,1,1,22,4,3,1,3,5,8,3,1,0,0,2,1,2,1,0,6,101,0,2,2,5,4,2,6,3,0,2,0,6,0,0,0,1,0,3,5,0,42,8,5,0,1,1,6,23,1,0,46,2,8,3,22,0,1,24,2,1,2,4,2,0,0,0,0,8,7,0,0,1,1,12,0,1,1,1,2,0,1,7,1,10
"COG3274",254,179,175,260,154,405,36,160,317,58,27,152,85,142,237,177,273,35,155,177,239,50,126,214,38,301,321,35,202,103,131,236,276,185,297,76,194,297,49,297,448,256,156,288,78,262,224,36,189,224,304,163,196,306,235,158,186,207,298,117,234,118,321,176,183,116,170,362,246,138,271,133,176,306,119,250,82,92,412,94,180,54,213,211,206,204,155,164,173,167,144,171,148,236,336,261,348,312,337,188
"COG3275",515,124,579,543,458,1119,25,418,650,119,607,315,267,141,476,461,191,672,529,426,458,62,402,299,583,300,440,185,319,263,268,527,391,310,727,454,482,658,386,623,651,516,340,392,229,519,326,51,375,411,397,355,252,645,449,339,256,360,439,658,352,261,557,248,437,378,253,364,533,455,424,343,363,606,303,403,377,50,579,267,252,80,418,595,597,621,125,419,574,299,310,509,204,598,430,442,491,705,382,425
"COG3276",16,14,20,18,6,60,11,71,27,22,0,5,18,56,17,10,19,21,76,15,14,34,51,36,6,29,9,9,8,17,6,24,12,6,24,48,11,5,18,20,33,15,27,24,95,16,12,65,10,41,23,47,12,8,16,48,200,47,10,15,22,9,25,30,17,17,55,20,84,35,30,16,6,22,11,25,10,23,43,14,14,72,25,5,57,28,59,53,8,22,32,15,9,18,13,14,7,13,8,26
"COG3279",850,949,674,980,1050,1012,401,497,765,553,616,1320,507,723,697,699,812,1113,632,612,655,787,668,855,631,1113,406,620,941,790,720,738,1000,1198,1197,445,859,735,1125,1040,770,811,663,884,702,990,1375,1179,1043,710,933,719,1109,905,687,779,425,784,669,820,945,1299,817,934,548,790,837,590,767,642,883,724,1004,1005,1186,835,690,1380,567,1031,1016,535,810,763,722,780,980,848,579,1065,1343,1054,1747,737,792,1058,776,729,1074,915
"COG3283",5,38,19,0,0,12,136,65,7,7,1,0,12,0,2,0,8,9,31,62,6,3,24,11,7,6,72,21,0,1,23,4,0,2,4,79,2,1,4,6,4,7,13,1,0,2,0,13,43,2,1,10,1,4,1,23,83,12,4,0,3,0,1,24,3,0,53,1,7,40,25,1,0,13,0,1,3,9,3,0,33,0,0,8,17,2,2,3,19,22,0,0,5,1,4,1,39,18,30,9
"COG3284",9,26,32,12,3,9,199,21,34,17,2,7,33,14,19,20,18,16,90,79,19,1,29,49,16,0,101,35,14,16,27,34,7,10,5,44,15,13,9,16,12,24,71,21,3,7,3,34,64,24,14,42,2,6,18,61,19,15,13,6,16,18,19,35,16,16,20,14,35,67,8,22,11,13,13,22,1,7,24,6,42,7,5,5,47,23,4,18,32,9,5,2,9,15,9,15,43,30,38,7
"COG3287",1,143,17,27,17,0,0,0,0,0,1,9,13,7,8,0,16,9,9,0,8,95,1,13,2,32,5,20,13,0,2,2,23,21,8,5,8,4,21,50,7,17,9,24,25,0,36,0,56,11,25,9,36,10,7,82,0,0,8,2,38,100,3,11,1,47,21,17,28,1,15,116,26,29,38,16,19,0,0,24,16,32,15,0,24,1,36,3,9,53,13,14,17,2,19,7,9,6,14,18
"COG3288",5,4,1,5,0,15,79,74,13,203,5,4,37,12,7,3,9,2,38,6,5,7,12,15,10,13,1,2,0,13,3,5,5,3,6,61,12,3,4,12,7,6,16,5,15,3,1,30,5,1,1,16,10,12,4,2,86,23,1,1,4,1,28,24,13,8,58,2,10,7,27,0,1,15,1,2,70,30,9,1,1,117,1,10,7,4,2,11,2,21,0,32,4,1,3,1,3,7,2,7
"COG3290",41,12,10,23,21,56,13,178,29,36,27,26,22,65,30,13,45,14,127,28,63,13,42,86,29,32,14,4,20,30,17,46,34,37,41,130,31,11,33,38,56,22,22,65,7,21,61,44,50,30,26,53,51,32,28,18,289,50,27,32,42,48,15,105,30,11,165,21,47,48,63,8,37,58,33,28,24,26,25,60,104,15,38,41,47,32,21,26,13,74,131,8,10,25,45,36,12,16,26,79
"COG3291",29,181,149,30,81,62,10,12,64,5,312,34,217,35,42,31,17,33,40,73,51,3,35,29,910,44,27,13,18,14,41,16,76,350,25,32,73,60,90,20,57,34,56,54,1,24,75,12,44,66,36,151,229,38,48,11,1,35,20,55,58,66,71,27,108,28,10,18,40,114,57,50,40,20,29,31,18,52,57,94,94,12,277,32,150,267,24,70,23,50,56,55,40,53,61,70,75,38,79,35
"COG3292",5187,1465,4670,6940,3997,8641,217,1191,6656,501,6087,2783,5561,1742,4545,5169,3663,4942,4475,5889,8044,443,3013,2816,2220,2187,4173,4788,4821,2587,4221,4422,5713,1271,6800,2318,7410,8056,5009,4123,8219,5447,3411,3941,1863,6582,4815,70,4811,4075,4165,2127,1939,8843,4874,2594,20,5083,4939,6437,2266,3021,4278,3599,5343,3278,1700,4378,8738,6431,4064,3643,4294,4709,4177,4332,3803,358,7304,1813,3581,681,4644,4777,3464,3932,1806,4351,4734,2311,2644,4033,2800,5097,4768,6164,7188,4868,5769,3159
"COG3293",66,8,108,20,8,56,4,17,67,46,7,66,4,196,61,44,55,38,206,13,6,4,24,55,142,56,11,21,160,98,37,114,46,68,30,0,105,433,21,28,0,10,140,37,27,68,171,40,9,237,20,124,67,14,6,56,1,17,27,10,19,14,409,50,49,17,15,129,17,354,10,26,40,279,656,17,37,11,52,71,27,28,159,35,68,97,42,30,52,193,129,52,74,105,2,94,46,158,21,19
"COG3294",0,6,2,9,4,2,13,3,1,17,3,19,3,8,9,2,10,9,4,0,4,7,14,4,3,2,0,6,4,13,2,5,6,7,4,1,8,5,10,3,12,3,11,15,6,36,18,20,8,6,10,4,7,3,4,16,10,7,6,3,11,39,7,9,2,17,4,2,2,1,5,4,6,6,15,13,5,2,3,7,7,4,4,1,16,1,11,7,0,18,11,1,19,1,0,8,1,4,14,4
"COG3296",0,0,1,0,0,18,0,15,0,0,0,4,0,1,0,1,0,0,1,0,0,1,0,3,0,0,0,0,0,0,7,2,2,0,0,0,2,0,0,0,0,6,0,2,0,0,0,0,1,0,1,0,0,0,1,0,0,1,2,2,2,0,1,5,0,0,0,1,0,0,0,0,1,0,1,0,0,0,0,0,1,0,1,0,3,13,0,1,0,0,2,0,1,0,0,0,0,2,0,0
"COG3297",2,1,1,0,0,9,0,44,13,5,0,0,7,0,0,1,6,0,32,5,1,2,3,19,5,0,0,0,1,1,0,2,0,0,3,29,1,2,0,3,7,2,3,4,1,2,0,1,0,0,0,2,0,3,1,0,45,1,0,0,1,0,0,9,2,0,15,0,4,8,7,0,1,9,0,1,0,3,1,0,0,0,0,4,3,0,0,0,0,5,0,0,0,0,0,0,1,0,0,1
"COG3299",51,53,76,39,16,7,124,5,21,27,7,135,49,72,24,17,25,30,7,48,47,54,44,56,27,65,3,49,62,120,61,31,22,66,15,22,39,24,27,73,17,33,55,35,13,16,52,19,28,44,90,132,52,23,39,31,15,31,34,17,43,26,26,20,50,90,63,30,84,29,62,26,39,17,23,38,24,13,12,34,47,90,181,52,75,11,17,75,30,31,45,44,39,25,57,27,5,64,51,8
"COG3301",16,1,22,1,19,4,3,69,9,11,1,0,5,4,5,13,21,7,10,16,10,91,9,10,11,32,1,3,1,12,2,9,2,5,13,45,20,47,6,5,29,10,3,7,7,2,0,6,5,8,18,16,5,10,8,7,94,13,14,3,9,3,8,15,14,6,54,2,12,9,32,11,0,17,28,3,5,17,6,3,3,2,6,11,19,2,4,5,11,22,4,9,3,12,2,6,9,10,13,12
"COG3302",2,1,4,0,0,27,0,84,6,19,7,0,7,3,4,2,4,5,8,12,3,2,18,13,5,1,1,0,1,4,3,4,0,1,1,67,1,5,0,15,10,3,4,8,1,6,0,13,1,0,1,15,1,13,6,1,138,18,2,0,5,1,5,28,6,3,89,2,14,5,18,2,1,24,1,0,0,10,6,1,0,1,0,14,10,1,2,4,0,21,0,0,0,0,2,1,2,2,1,11
"COG3303",110,14,96,100,75,221,4,134,101,26,13,23,32,25,64,54,51,11,86,94,178,57,60,64,53,48,12,2,58,33,30,117,76,12,115,77,108,136,14,99,157,84,47,85,27,117,80,12,51,111,57,88,15,132,92,41,164,98,92,35,36,19,120,56,48,28,130,27,178,79,102,53,43,83,111,48,14,20,177,43,60,4,96,47,101,131,13,75,16,39,43,74,24,64,56,68,40,66,66,59
"COG3304",33,23,51,56,56,84,53,38,60,90,18,25,49,31,75,50,16,77,46,49,51,60,45,68,42,27,34,48,40,41,34,55,50,30,107,31,44,82,20,69,54,47,38,34,28,41,55,30,54,37,44,34,26,73,62,42,29,57,66,85,47,15,46,39,44,59,40,65,63,21,55,38,50,47,38,49,20,31,60,17,48,9,41,65,52,46,34,47,82,26,26,66,50,55,63,58,72,82,44,59
"COG3306",41,3,23,2,2,0,1,0,3,15,3,4,3,1,2,1,2,7,6,3,5,44,3,0,8,16,2,0,4,3,4,2,1,3,48,0,0,3,3,4,30,6,6,8,18,15,14,17,18,2,0,30,1,22,8,2,2,7,1,8,1,4,8,0,1,1,8,1,29,5,36,0,2,8,8,7,1,8,4,4,0,0,1,9,8,22,3,0,1,2,3,5,2,2,3,1,3,33,40,0
"COG3307",8,32,36,14,4,38,181,181,44,21,9,30,9,44,36,15,18,36,23,42,58,38,129,47,16,32,44,30,15,24,43,17,11,21,35,95,27,5,33,17,22,27,34,33,63,15,3,54,28,56,15,38,13,31,12,48,153,43,21,23,46,8,24,54,22,23,105,12,82,66,25,26,9,62,8,12,15,48,12,22,38,117,24,32,66,26,34,10,27,32,5,22,10,21,48,9,31,30,29,34
"COG3309",0,0,0,9,1,9,0,1,5,0,68,0,2,2,3,1,0,0,11,8,1,0,6,4,0,0,1,122,0,0,0,2,0,0,11,0,4,14,59,0,0,10,0,1,29,3,1,0,10,0,1,3,0,2,3,54,0,0,70,5,7,1,0,1,10,0,1,59,13,7,4,0,6,118,0,3,0,0,0,1,37,0,36,0,4,11,16,6,88,1,0,0,0,1,1,0,2,0,3,1
"COG3311",2,0,1,0,0,19,1,2,3,11,2,0,4,2,1,1,0,0,6,1,0,3,7,19,3,1,0,0,1,2,1,2,0,0,2,22,2,6,0,2,6,1,1,1,0,0,0,1,1,0,0,5,3,10,0,1,53,3,0,0,0,0,0,13,2,0,14,0,3,5,2,0,1,5,2,3,1,2,7,0,0,0,0,6,4,0,0,3,1,5,0,0,1,0,1,1,1,0,0,4
"COG3312",0,1,1,0,0,8,0,37,9,11,5,0,8,2,0,0,2,0,24,3,1,1,10,12,3,9,0,0,0,0,0,4,0,3,1,23,0,1,3,4,6,0,1,3,0,1,0,9,2,0,0,6,3,5,1,2,57,5,3,0,2,0,1,9,0,0,35,2,10,4,9,0,1,13,0,0,2,7,2,0,0,0,0,5,2,0,1,0,0,3,0,0,3,1,1,1,3,3,0,2
"COG3313",1,0,0,0,0,5,1,21,3,5,3,0,1,0,0,0,4,0,4,0,0,0,4,2,3,1,0,0,0,0,1,0,0,0,2,7,0,1,0,3,4,1,4,3,0,1,0,3,0,1,0,6,0,1,1,2,24,4,1,0,1,0,1,6,1,0,23,1,3,2,7,0,0,2,0,1,3,3,2,0,0,0,0,2,3,0,0,0,0,1,0,1,1,0,0,0,2,1,0,2
"COG3314",35,130,76,88,87,33,100,84,52,57,20,80,24,179,53,49,79,64,36,48,49,107,64,125,16,93,53,63,92,123,66,67,65,113,60,47,80,40,85,79,47,55,158,92,56,65,113,81,107,66,85,165,103,28,71,138,260,92,61,47,130,146,58,108,58,88,104,32,78,58,65,202,53,46,134,95,70,178,22,136,123,90,84,33,72,57,154,77,31,120,143,93,150,42,95,79,45,32,95,119
"COG3315",38,76,29,66,54,33,12,35,58,26,23,95,24,108,14,40,57,19,31,37,44,89,50,50,2,59,26,28,59,67,70,47,97,63,38,22,70,6,73,60,25,66,109,60,33,68,68,42,77,48,63,37,69,39,42,47,7,34,39,33,94,156,65,98,32,61,84,54,17,35,55,44,43,33,103,42,73,82,14,101,114,30,57,45,31,40,62,57,18,81,99,91,40,70,37,64,36,56,86,36
"COG3316",23,3,13,1,1,10,3,621,24,67,19,3,13,58,3,7,31,2,1,10,12,16,32,30,19,7,6,23,7,9,6,17,3,1,9,10,0,7,4,34,2,12,10,15,4,11,2,29,0,6,3,50,1,11,7,20,1014,19,10,1,9,1,16,21,11,4,185,9,28,2,100,0,20,32,3,4,9,32,19,1,13,3,2,54,37,9,0,9,2,21,1,2,11,0,40,2,7,2,24,117
"COG3317",7,2,13,1,7,20,0,44,3,10,3,0,18,1,8,5,10,0,28,17,2,39,10,12,6,18,1,0,0,7,0,2,0,4,5,25,3,5,7,5,11,4,4,4,3,0,0,10,3,4,6,8,2,7,6,5,61,5,6,2,9,0,3,13,7,13,39,3,8,4,13,3,0,15,5,3,61,6,4,0,4,0,5,6,7,1,5,1,3,21,4,9,1,0,4,5,4,2,6,15
"COG3318",0,1,11,0,6,10,1,18,1,10,1,0,2,1,1,3,3,0,14,7,2,31,2,2,4,7,3,0,0,1,0,3,0,0,2,8,1,2,9,3,9,2,4,0,2,0,0,6,4,4,6,6,0,1,4,1,25,5,10,1,7,1,2,4,1,0,25,1,6,5,9,0,0,4,2,1,2,2,3,2,3,0,1,2,0,1,1,2,2,2,0,1,0,3,0,0,0,0,4,5
"COG3319",6,3,2,1,1,16,2,96,51,84,1,0,31,1,7,5,7,1,212,14,13,14,39,80,41,2,0,1,0,17,0,5,0,5,14,35,0,17,0,11,39,18,64,32,0,15,0,43,3,0,6,36,3,44,18,3,213,61,6,3,6,0,9,48,23,2,196,1,10,49,31,0,8,20,1,10,4,32,29,1,1,0,0,36,31,1,2,8,3,53,0,1,3,3,7,2,1,4,0,6
"COG3320",4,120,1,24,38,7,52,1,23,97,2,21,8,21,28,13,6,11,19,29,20,1,6,21,9,3,15,22,32,39,31,12,4,11,20,0,9,20,20,43,23,25,18,16,14,22,131,357,20,3,7,71,15,2,12,104,0,156,8,9,12,16,7,40,3,28,34,15,0,16,1,13,12,55,19,33,7,616,19,52,17,44,20,5,15,26,100,168,1,14,49,4,40,9,18,10,13,5,20,38
"COG3321",12,0,24,3,84,3,7,0,34,72,4,1,15,16,18,12,1,0,180,4,18,9,55,159,41,9,0,2,1,23,0,12,5,15,35,0,0,9,3,3,39,13,193,65,3,7,136,170,13,25,4,4,18,42,18,42,98,60,1,3,1,10,8,7,73,6,173,0,32,110,4,0,6,1,2,8,0,60,19,62,0,0,4,18,31,8,1,1,16,33,1,4,0,9,3,0,2,1,23,3
"COG3323",101,20,75,102,69,112,155,26,146,10,8,34,38,22,108,107,27,11,72,143,74,106,82,47,17,68,61,20,75,40,58,74,91,48,118,36,93,122,10,103,92,103,53,49,51,73,50,12,79,83,47,26,35,130,61,62,9,58,69,45,30,43,104,29,80,80,28,48,63,103,42,92,58,101,50,42,15,6,81,38,43,50,122,87,82,124,41,64,98,46,54,97,32,100,75,56,98,153,76,97
"COG3324",12,3,20,28,9,64,0,4,22,3,10,22,4,3,22,14,5,2,20,39,25,1,10,10,1,3,5,1,6,6,2,9,7,1,41,1,22,21,0,23,34,26,12,14,3,24,17,5,13,30,16,8,1,45,7,12,0,19,7,21,14,7,5,9,7,1,6,6,47,18,18,12,3,11,5,15,3,0,40,3,12,0,9,13,13,56,0,7,13,2,9,7,9,20,4,14,16,16,21,8
"COG3325",202,59,70,112,127,37,5,25,105,16,16,60,22,108,145,71,81,9,87,87,214,23,54,117,10,84,54,12,169,52,116,204,139,28,53,2,171,181,15,85,76,161,83,120,6,124,96,28,92,128,152,45,53,105,178,41,18,105,106,45,96,110,55,112,46,76,48,48,40,25,105,82,106,38,41,119,10,9,109,100,47,30,175,103,66,47,32,62,63,54,54,140,38,87,187,111,149,156,157,84
"COG3326",22,36,15,29,27,18,15,9,11,18,27,35,22,48,13,9,44,33,25,4,3,24,26,23,75,15,45,22,23,17,19,22,28,131,12,61,11,1,38,12,12,24,23,24,18,17,47,35,22,15,42,65,55,11,18,27,4,25,19,13,47,31,12,35,20,15,23,33,1,18,34,29,30,11,43,39,26,66,11,46,39,24,19,25,27,11,44,40,8,21,36,26,56,12,12,18,8,12,17,16
"COG3327",1,1,1,0,0,10,0,0,0,7,0,0,6,1,0,0,2,0,26,5,0,0,6,1,2,0,0,0,0,0,0,1,0,0,5,37,1,1,0,3,2,0,4,0,0,1,0,6,0,0,1,0,0,9,0,0,54,8,2,0,0,0,2,9,0,1,17,1,9,1,16,0,0,14,0,0,1,4,1,0,0,0,0,2,2,0,1,0,0,14,0,0,1,0,0,0,1,4,0,6
"COG3328",393,496,226,488,403,130,376,1118,296,851,58,395,993,411,458,140,286,1010,141,177,223,983,302,375,105,348,396,129,627,313,911,566,467,200,547,847,408,161,632,778,257,341,226,626,1531,300,263,423,279,322,439,375,315,225,272,335,166,423,1000,598,681,244,635,240,271,428,273,236,509,420,344,433,359,381,272,424,1055,526,190,336,969,715,305,320,314,537,703,356,2351,588,454,426,650,357,358,458,201,267,438,263
"COG3330",0,0,0,5,0,0,0,1,0,0,0,0,0,0,0,0,4,0,0,0,0,0,2,0,0,0,0,1,0,0,3,0,0,7,0,0,0,0,3,0,0,0,0,0,0,0,0,0,1,0,1,28,1,0,0,35,0,0,0,0,0,19,0,0,0,0,0,0,0,0,0,41,0,0,6,0,3,0,0,11,2,0,0,0,0,0,0,0,0,1,1,0,0,0,0,1,0,0,0,0
"COG3331",4,45,18,15,23,2,20,5,7,24,4,38,5,84,30,11,33,26,10,11,4,82,21,22,8,29,8,9,18,25,10,18,28,30,15,13,25,7,32,28,7,13,13,9,56,19,26,73,28,9,30,44,78,26,23,47,23,35,25,25,37,71,15,41,39,31,39,20,16,12,23,29,26,34,42,36,19,64,12,49,41,41,81,6,17,17,78,23,17,57,78,29,99,21,25,48,14,17,44,33
"COG3333",125,69,145,68,75,84,112,12,72,7,23,95,68,87,89,94,62,44,52,77,116,64,55,88,34,103,51,104,66,186,39,136,60,63,41,74,113,64,54,152,116,82,94,155,104,45,58,17,115,82,108,52,46,44,121,84,156,82,115,57,82,72,73,53,41,95,94,51,129,69,182,70,116,74,65,88,34,3,98,79,98,31,59,85,88,67,76,144,42,90,51,41,53,63,70,108,61,59,112,80
"COG3335",20,286,50,35,121,23,65,26,84,244,27,79,28,91,22,26,61,19,53,19,14,193,22,113,14,76,24,39,27,107,35,76,60,73,64,12,29,44,107,14,56,48,19,64,7,64,46,160,60,28,43,87,153,49,39,38,153,117,24,8,45,39,21,159,19,63,109,62,73,60,46,59,16,58,98,74,32,144,43,141,38,52,32,12,46,49,148,30,7,116,287,97,139,44,71,118,49,22,69,29
"COG3338",0,0,0,0,0,10,3,1,0,1,0,0,1,0,0,0,0,2,0,0,0,2,0,1,0,3,0,0,0,0,0,0,0,3,1,0,0,0,7,1,0,0,0,0,0,0,0,52,4,0,0,0,1,0,0,0,1,0,0,0,0,0,2,0,0,0,1,2,0,0,0,0,0,0,1,0,0,0,0,0,0,4,0,0,0,5,9,0,0,0,0,0,0,0,0,1,1,1,1,1
"COG3339",2,15,6,4,15,7,43,3,18,3,0,3,2,28,2,3,2,1,0,14,3,20,21,9,2,2,21,4,2,13,4,4,14,1,3,8,5,8,0,0,5,5,5,9,8,2,0,9,8,2,6,16,2,0,2,8,0,7,1,7,4,4,5,3,4,0,2,4,3,14,1,2,1,3,11,3,2,3,5,9,10,35,4,3,11,16,0,1,5,0,12,3,2,4,1,2,10,3,8,5
"COG3340",34,105,85,104,245,57,89,116,28,161,195,94,43,124,99,139,70,131,80,31,28,126,124,175,176,106,89,52,130,88,79,59,83,243,68,133,96,100,143,72,60,105,134,100,57,72,141,80,97,69,77,82,117,29,42,101,57,105,57,63,119,95,67,85,55,77,108,30,65,47,39,184,66,41,70,69,115,39,24,65,95,66,83,75,51,38,98,86,22,94,113,91,177,43,66,97,54,68,62,122
"COG3341",111,112,115,96,205,102,71,27,114,61,49,170,49,20,108,127,99,45,82,113,74,148,61,76,152,109,98,37,111,67,84,125,117,135,133,65,104,152,142,82,118,165,48,71,100,142,112,95,126,103,107,48,125,104,98,95,12,112,87,121,73,112,85,62,84,139,79,148,90,156,108,87,114,120,110,97,120,100,116,54,111,41,160,146,120,95,84,79,98,124,96,117,133,119,108,113,135,126,98,111
"COG3343",0,0,10,0,0,0,1,4,0,14,0,0,0,0,0,0,0,1,0,0,0,51,0,5,3,3,0,0,0,0,0,0,0,0,0,1,0,0,6,3,0,0,0,0,18,0,1,94,0,0,0,5,0,0,0,0,2,2,0,0,0,0,2,0,1,0,1,0,0,0,0,0,1,4,0,0,1,2,0,0,0,8,0,1,0,13,4,0,0,0,0,0,0,0,0,0,0,0,1,0
"COG3344",1625,915,2788,1363,2419,981,455,940,1850,376,1419,1206,2149,1006,1471,2560,1164,1991,1703,1642,703,710,1358,1745,1038,1837,1440,1323,888,2114,2417,980,1387,1813,1305,1205,1884,1084,1336,571,621,1887,1018,1673,758,1211,1253,726,1196,1866,1281,1189,1641,1016,680,1295,1141,2046,1386,3570,1243,929,1506,962,1346,897,587,1659,1472,2008,1142,1781,2615,765,993,970,1061,1136,787,1086,1101,668,1151,1880,564,1566,1132,1009,1705,1392,1116,1898,1959,1217,861,1310,1399,2280,1005,1065
"COG3345",480,850,492,507,363,518,1410,287,461,1474,511,580,480,496,299,447,465,611,439,508,620,456,375,326,118,450,689,622,538,410,482,494,535,309,355,433,562,634,777,736,512,490,361,470,659,756,733,694,621,516,360,262,285,378,324,232,260,467,366,364,279,270,379,245,319,289,355,328,367,459,251,235,318,426,339,345,385,377,366,342,476,467,356,292,341,263,402,394,375,370,315,318,572,357,399,281,354,253,446,354
"COG3347",2,10,3,3,4,5,2,1,3,5,0,2,1,41,3,0,1,4,3,1,3,0,18,15,0,1,2,11,6,7,7,7,4,5,0,0,6,0,6,3,2,2,7,9,0,2,14,32,3,5,9,5,3,1,1,6,0,21,3,2,19,0,2,5,1,8,21,1,0,4,1,7,12,6,4,4,1,108,1,7,9,1,4,1,1,7,23,14,0,3,3,4,15,6,9,3,4,2,1,5
"COG3350",0,0,0,0,0,0,0,0,0,0,4,0,0,0,1,0,1,1,0,1,0,5,1,16,0,8,1,0,0,4,0,1,1,2,0,0,2,1,0,0,0,3,0,0,0,5,0,3,1,0,0,1,1,8,0,0,6,0,1,0,0,0,0,0,0,0,0,0,9,2,0,1,0,1,0,0,0,0,1,0,1,0,0,2,2,0,5,0,0,0,0,0,0,0,1,0,4,1,0,0
"COG3359",6,104,20,26,48,10,38,7,9,10,5,86,14,14,36,18,58,22,11,0,12,47,29,12,9,72,19,34,40,17,28,16,43,44,24,6,34,13,63,26,10,39,16,18,20,77,55,49,49,21,34,34,87,20,27,26,38,42,32,27,27,74,12,65,4,30,70,34,17,13,26,14,46,29,79,59,32,69,17,52,71,36,31,11,35,16,80,21,9,66,92,32,104,32,27,55,26,12,55,43
"COG3366",0,0,0,0,0,2,2,1,0,0,0,1,7,5,0,5,3,0,1,3,3,0,0,5,0,0,0,1,0,3,0,7,0,1,0,0,0,3,0,8,0,2,3,5,0,1,0,0,0,4,2,1,0,2,2,3,0,0,4,4,1,5,4,8,7,3,0,0,0,3,0,3,0,1,2,1,0,0,5,1,0,0,0,0,7,2,0,0,1,1,0,0,0,5,0,2,1,0,1,1
"COG3369",0,1,1,24,2,23,1,25,1,0,0,12,3,5,3,3,3,0,0,5,0,0,9,7,1,0,0,1,11,4,14,7,13,4,0,1,15,7,0,0,2,19,1,16,0,7,2,0,10,10,10,11,5,2,5,8,0,1,17,1,15,0,10,8,17,2,1,4,14,9,9,7,10,1,0,8,1,0,13,6,9,0,26,3,5,20,0,13,3,4,7,8,0,12,0,9,1,5,4,1
"COG3376",0,0,0,0,0,6,0,0,0,0,0,0,2,0,0,0,0,0,21,0,0,0,0,0,0,0,0,0,0,0,0,1,0,0,0,0,2,0,0,0,0,0,5,3,0,0,0,3,0,0,0,0,0,0,0,0,0,0,0,0,0,0,2,8,0,0,1,0,0,5,0,0,0,1,0,0,4,1,0,0,0,0,0,0,0,0,0,0,0,0,0,0,0,0,0,0,0,1,0,0
"COG3378",211,265,107,253,235,97,149,136,88,51,132,285,98,391,125,195,90,115,93,126,76,37,127,151,45,196,153,143,207,616,225,248,167,191,212,97,230,52,142,98,40,108,199,174,160,50,94,84,207,62,108,211,138,66,132,120,34,77,100,96,189,140,118,155,102,121,121,73,60,70,248,93,97,61,93,143,71,180,62,162,106,58,114,142,62,66,147,109,53,193,208,663,94,69,86,159,71,129,101,105
"COG3379",1,0,1,2,0,1,1,0,0,0,1,1,1,1,0,4,16,0,1,1,0,0,4,5,0,0,0,0,1,0,0,3,4,5,0,0,5,0,0,4,0,0,1,0,0,0,2,1,0,1,11,1,1,1,0,1,10,0,3,2,0,0,1,3,0,6,0,1,1,0,0,20,0,4,4,0,0,0,8,0,1,0,0,2,2,1,0,3,0,2,4,0,1,5,0,3,0,0,1,1
"COG3381",2,2,13,3,1,10,0,88,15,17,2,0,7,0,0,7,9,2,57,10,7,57,16,14,9,12,1,0,0,4,1,5,0,5,8,53,5,5,4,10,18,9,9,11,3,1,0,8,3,5,2,16,2,16,5,1,96,18,5,4,8,0,8,32,6,0,82,4,9,13,28,4,0,21,1,6,3,14,6,2,2,0,5,11,10,3,2,8,4,22,0,0,1,5,4,4,2,4,6,11
"COG3382",85,13,37,56,45,73,6,35,65,14,98,39,99,53,97,84,25,148,80,74,55,26,49,46,133,46,122,125,60,41,64,66,70,29,50,108,76,68,83,54,55,53,68,62,86,57,50,46,33,83,55,35,40,65,59,71,0,62,111,120,73,37,79,34,77,71,29,46,46,78,37,45,59,61,67,54,101,2,113,42,38,66,76,68,60,41,53,53,101,36,46,47,54,63,60,48,59,98,35,70
"COG3383",38,96,48,19,26,25,210,12,49,45,8,49,28,28,30,36,35,21,32,105,34,42,42,46,19,22,74,48,19,68,31,40,14,44,28,46,39,18,25,25,43,38,36,38,23,29,33,142,50,44,9,43,10,13,15,12,37,63,14,13,8,19,14,8,24,17,12,10,32,32,11,11,8,17,5,18,9,199,13,73,37,7,7,20,44,38,56,18,22,4,60,9,6,16,13,25,27,16,39,26
"COG3384",3,3,5,0,0,22,3,35,21,28,5,0,15,5,2,0,9,1,47,8,5,6,36,23,7,12,1,3,0,5,1,5,0,1,8,63,0,1,4,11,11,1,30,5,39,3,0,26,0,0,3,12,2,19,3,7,59,22,7,1,7,1,21,23,7,10,66,2,26,11,31,6,0,25,0,4,5,12,22,0,0,68,1,15,5,2,0,3,1,16,0,0,1,0,2,0,2,7,2,9
"COG3385",248,82,293,398,161,218,71,564,1083,139,2761,891,3162,195,62,649,1942,1588,411,505,213,93,1138,481,1290,1008,1884,831,688,338,2219,145,511,4048,668,1145,182,287,924,746,157,288,130,1721,1471,579,270,130,277,586,163,646,1848,464,202,379,538,348,449,3924,548,463,1169,217,1208,171,549,2476,160,1055,132,202,417,400,307,249,2165,1826,166,1047,296,46,274,1035,559,756,363,1074,1605,882,335,589,1838,671,182,496,216,337,310,273
"COG3386",35,21,34,87,53,155,16,27,41,7,6,44,28,36,32,56,13,5,153,38,45,3,30,37,5,11,27,13,38,44,40,41,29,15,56,6,50,104,22,50,65,10,27,67,32,94,41,14,46,24,45,42,17,92,65,42,19,49,51,39,50,46,37,42,42,35,51,33,93,27,63,29,34,22,16,34,16,0,26,21,39,0,23,60,37,69,26,25,29,53,18,31,30,58,87,60,25,59,36,57
"COG3387",83,15,24,16,28,55,4,12,128,8,12,22,21,24,71,80,21,6,36,113,123,18,29,40,4,25,30,6,103,32,37,126,54,55,49,2,98,69,16,0,53,63,36,43,15,11,69,0,72,74,51,137,42,116,32,127,0,59,64,25,51,37,27,62,38,32,26,25,37,41,60,215,56,38,37,29,10,5,103,56,31,13,54,72,52,37,3,43,26,25,57,74,32,55,115,70,105,39,122,61
"COG3391",166,34,159,136,56,367,3,268,191,25,250,75,413,38,41,103,31,9,116,172,76,11,187,84,205,100,17,6,37,41,49,77,127,89,250,131,170,144,40,91,125,66,67,150,43,144,136,9,73,76,43,100,53,169,63,37,66,68,156,119,39,29,74,55,135,17,90,65,223,70,90,68,20,116,25,70,37,8,110,66,63,1,94,96,79,123,37,161,184,68,41,45,42,96,84,66,45,65,28,87
"COG3392",4,41,26,21,19,0,1,97,15,2,24,14,8,22,19,21,9,243,25,4,80,61,102,70,3,29,11,12,13,13,53,41,10,6,103,2,61,20,18,14,3,45,20,121,70,23,69,15,102,17,21,29,26,20,35,152,6,0,17,52,31,45,37,49,20,31,10,18,55,96,1,27,38,46,27,51,41,57,72,25,19,38,16,11,31,38,59,67,38,10,62,30,25,38,58,43,163,23,18,12
"COG3393",2,9,3,31,0,0,5,7,0,11,3,8,0,15,5,3,2,0,0,0,5,1,1,0,0,9,0,2,32,3,26,1,3,3,0,0,0,5,6,10,0,12,2,3,1,4,28,1,14,6,4,15,1,0,8,1,8,2,0,9,13,6,4,0,2,2,0,3,0,4,1,0,14,6,2,14,7,47,0,21,6,14,2,2,0,8,5,12,0,8,3,3,3,0,26,3,2,0,5,1
"COG3394",35,32,32,30,30,40,11,76,48,16,12,35,17,47,26,37,20,20,33,30,27,19,70,74,10,15,9,31,36,267,31,65,20,16,7,44,72,12,16,28,38,19,55,63,69,31,19,24,8,27,33,38,19,36,51,31,54,31,30,12,41,37,56,52,38,15,46,14,22,21,16,34,25,9,37,46,30,50,13,17,33,52,29,30,37,44,42,17,14,19,23,22,16,43,15,41,15,26,20,48
"COG3395",60,52,100,33,36,71,373,119,66,27,6,27,52,33,41,44,22,60,83,104,25,73,41,50,4,44,77,73,37,81,44,43,18,24,69,106,37,15,46,74,66,35,43,22,67,23,42,41,52,30,15,66,37,21,73,55,310,46,34,30,45,25,20,70,41,41,130,15,189,135,115,29,46,38,17,75,86,25,55,34,61,108,20,52,38,43,78,42,34,57,14,17,122,8,25,32,72,33,96,36
"COG3396",2,0,0,0,0,14,0,0,1,13,7,0,5,1,0,2,7,0,56,2,0,0,15,4,2,1,0,0,1,1,0,3,0,1,5,42,1,4,1,7,2,0,7,2,0,1,0,8,1,0,1,0,2,4,1,0,98,13,2,1,1,0,2,12,0,0,31,1,8,2,25,0,0,22,0,1,7,12,2,0,0,0,0,4,1,0,0,1,0,16,0,0,3,0,2,0,2,0,1,5
"COG3397",1,7,0,0,0,13,0,2,0,1,0,15,0,7,1,0,1,3,1,1,3,0,2,0,0,3,0,5,4,6,0,0,7,0,0,0,0,1,1,2,0,1,3,1,0,0,0,0,0,0,1,0,3,0,1,1,0,19,0,0,1,0,0,4,0,1,3,1,0,0,1,1,2,0,2,1,1,3,0,2,0,7,3,0,0,0,5,0,0,2,4,1,4,0,2,1,3,0,2,0
"COG3401",3,12,0,23,6,2,5,11,0,3,1,140,1,29,7,21,4,17,0,5,17,0,8,4,4,38,0,11,23,39,3,2,32,7,0,0,4,0,26,0,0,28,11,34,0,7,2,6,3,2,7,60,13,0,0,0,0,92,9,23,14,4,4,50,5,4,3,19,0,7,19,5,109,14,27,7,12,0,0,43,204,17,139,3,4,3,5,21,1,25,48,12,9,15,80,9,13,6,23,7
"COG3402",17,4,11,1,47,2,1,3,28,3,0,2,6,2,39,3,7,0,3,7,1,1,7,2,1,31,2,3,13,12,4,19,3,20,0,0,0,27,1,2,4,1,21,0,0,1,11,4,1,18,0,0,13,31,2,3,7,5,6,10,0,3,10,4,12,32,1,13,3,22,0,8,7,53,4,1,0,3,1,11,12,1,9,60,12,16,0,19,36,20,10,42,12,6,7,5,25,49,3,27
"COG3404",163,74,128,131,102,103,30,66,136,20,12,112,57,111,178,178,70,22,72,134,141,97,109,129,68,73,41,32,128,94,78,165,131,143,113,19,151,149,47,98,114,135,92,133,61,104,93,52,111,128,139,50,97,116,148,140,34,105,89,74,98,127,103,85,102,152,74,91,98,61,108,104,141,58,78,112,50,76,144,85,86,74,105,129,129,142,57,114,67,99,86,98,54,156,151,123,109,162,107,121
"COG3405",44,59,45,91,118,24,114,101,67,223,5,65,426,42,72,96,111,266,76,15,28,58,52,23,11,41,164,85,96,46,148,26,71,56,8,179,83,17,52,84,21,56,105,41,69,98,17,25,13,48,37,27,67,30,19,52,81,48,121,105,98,31,69,87,80,107,91,146,13,101,25,33,63,22,179,31,323,10,2,38,81,20,75,70,59,95,79,16,12,77,63,76,75,44,22,44,40,89,49,68
"COG3407",0,1,0,0,0,0,1,3,0,22,0,1,0,0,0,0,0,2,0,0,0,47,0,2,2,1,0,1,0,0,0,0,0,0,0,2,0,0,4,0,0,0,4,0,42,1,0,105,1,0,0,0,0,0,0,0,0,1,0,1,0,0,0,0,1,0,0,0,1,1,0,0,1,1,0,0,0,9,0,0,1,7,0,0,0,7,6,0,0,0,0,1,0,0,0,0,0,0,1,0
"COG3408",348,222,347,367,337,344,24,80,457,49,491,228,331,80,357,351,310,679,212,430,408,103,286,189,447,272,376,651,292,169,334,361,391,368,189,271,298,345,260,235,281,325,172,296,381,260,276,35,251,342,259,233,287,371,320,364,47,266,522,511,184,217,286,209,294,328,111,438,140,301,258,347,257,387,216,246,380,32,315,340,351,257,352,382,354,455,248,194,640,232,211,311,333,417,335,237,364,405,364,283
"COG3409",71,120,64,125,32,41,76,55,33,19,72,170,38,286,56,90,57,35,39,44,54,74,46,73,11,86,14,62,132,245,91,73,67,99,22,72,57,24,103,85,24,17,231,75,51,3,45,59,41,69,84,281,95,28,63,269,42,58,57,143,108,170,59,146,72,130,103,58,26,33,118,135,97,69,112,68,58,1,33,147,64,82,51,70,34,29,84,74,16,104,81,99,207,46,98,102,13,25,62,58
"COG3410",0,5,9,77,42,138,4,31,5,42,161,19,49,3,2,4,248,6,23,15,14,124,23,26,5,57,6,6,46,15,10,19,32,23,15,1,2,7,16,39,41,42,40,14,75,38,13,45,24,11,72,28,8,52,3,15,17,11,30,18,18,12,46,27,8,7,19,30,8,13,58,169,6,87,21,16,8,27,0,25,26,39,11,11,17,18,26,20,8,36,63,6,65,39,37,39,31,1,13,9
"COG3411",14,5,8,6,11,13,2,17,16,1,2,15,11,27,10,10,6,1,4,13,4,3,27,54,4,0,1,5,5,12,11,21,6,6,10,2,24,4,1,1,12,9,55,40,6,8,4,1,2,21,4,10,4,7,7,17,9,2,4,7,16,10,5,10,8,1,1,5,9,7,1,10,5,3,3,10,3,5,2,4,9,0,9,5,15,35,1,10,4,6,10,5,1,5,3,10,6,7,3,13
"COG3412",7,33,15,0,0,10,37,59,27,15,5,0,21,4,5,0,7,4,24,10,3,35,25,13,4,0,16,7,2,6,4,2,0,1,8,36,0,2,2,10,32,7,15,7,34,8,0,68,15,14,0,11,1,6,2,10,102,15,2,2,11,1,6,28,5,2,53,15,24,11,24,3,0,19,0,3,24,10,16,1,7,21,1,9,12,3,4,4,5,14,0,3,4,0,7,0,7,1,2,10
"COG3414",8,26,24,1,13,23,134,41,14,18,4,2,2,24,6,2,14,12,64,25,6,62,17,28,13,5,60,12,4,8,2,4,7,7,21,81,2,10,4,4,9,9,26,6,2,5,5,79,28,11,1,6,2,2,8,16,80,31,5,13,4,3,8,24,10,3,47,4,46,52,19,2,3,19,1,12,9,31,13,12,23,93,1,13,28,6,4,6,12,15,5,21,3,4,3,3,24,15,27,13
"COG3415",0,0,0,1,0,0,0,0,2,5,0,0,0,0,0,0,1,0,0,0,0,2,0,0,0,0,2,0,0,1,0,0,0,0,0,0,0,0,1,0,0,1,0,0,0,0,2,1,0,1,0,0,0,1,0,0,0,1,0,0,0,0,1,0,0,0,0,0,5,0,0,0,0,0,0,0,0,0,0,0,0,0,2,0,0,0,0,1,0,0,0,0,0,0,0,0,0,0,0,0
"COG3416",0,0,0,0,0,0,0,0,0,0,0,0,2,0,0,0,0,1,8,0,0,0,0,0,0,0,0,0,0,0,0,0,0,0,0,0,0,0,0,0,0,0,5,0,0,0,0,4,0,0,0,0,0,0,0,0,0,0,0,0,0,0,0,2,0,0,0,0,0,1,0,0,0,0,0,0,1,0,0,0,0,0,0,0,0,0,0,0,0,0,0,0,0,0,0,0,0,0,0,0
"COG3417",3,0,3,2,2,8,0,28,5,10,0,8,4,0,0,1,1,1,21,3,1,2,8,10,1,0,0,1,0,1,1,4,1,2,1,15,6,4,1,1,3,2,5,6,1,2,0,5,0,1,1,7,2,6,1,1,41,2,4,0,2,1,7,9,3,1,27,1,5,6,11,3,2,6,1,3,3,7,6,1,0,0,4,4,6,19,1,2,2,5,0,0,1,3,3,2,2,7,1,3
"COG3418",0,0,0,0,0,8,0,9,0,2,2,0,2,1,0,0,2,0,0,2,0,0,0,1,4,0,0,0,0,1,0,0,0,0,0,11,0,0,0,0,2,1,0,2,0,1,0,3,0,0,0,1,0,1,0,0,18,1,0,0,0,0,0,3,1,0,7,0,2,0,3,0,0,1,0,0,0,1,1,0,0,0,0,1,1,0,0,0,0,1,0,0,0,0,0,0,0,1,0,0
"COG3420",11,0,1,0,9,0,0,0,1,0,0,0,0,0,0,5,8,0,7,8,3,55,2,1,0,3,0,3,0,5,1,2,0,3,1,0,10,10,0,0,3,2,1,1,0,0,0,0,1,3,9,0,2,0,0,2,0,0,0,1,2,1,2,0,5,4,0,0,0,1,0,5,0,0,17,0,3,0,0,0,0,0,2,1,7,1,1,0,1,3,1,1,0,1,0,7,2,2,3,2
"COG3421",1,6,0,3,1,22,0,0,0,0,15,24,28,16,0,1,3,8,2,0,0,285,1,27,0,37,0,2,3,10,12,2,3,3,0,9,13,1,0,16,0,1,0,22,0,1,0,0,88,1,7,15,3,0,1,17,0,8,3,0,25,38,1,6,5,0,4,0,0,16,0,0,2,16,1,1,6,1,0,35,10,0,1,2,0,0,0,24,0,5,6,1,2,1,0,6,2,0,0,1
"COG3422",0,2,1,0,0,2,0,23,3,4,2,1,5,7,0,1,2,0,5,1,1,2,5,4,2,3,1,0,2,0,0,0,0,1,1,24,1,1,4,3,6,3,0,2,0,2,0,3,1,0,0,7,2,3,1,1,43,5,3,0,0,0,2,13,3,0,19,4,6,4,9,1,0,7,2,0,0,4,0,0,0,0,0,5,0,0,2,0,0,8,1,0,0,0,1,3,2,1,0,3
"COG3423",1,0,0,0,1,8,0,19,7,3,3,0,2,0,1,0,3,0,8,1,0,1,3,2,2,1,0,2,0,0,0,0,0,0,1,8,0,0,0,4,6,0,1,1,0,1,0,4,0,0,0,5,0,4,1,0,61,6,1,0,0,0,2,8,0,0,18,0,1,3,5,0,1,8,0,0,1,2,1,0,0,0,1,5,3,0,0,2,0,4,0,0,2,0,0,1,1,1,0,2
"COG3425",0,1,2,0,0,0,1,3,0,33,0,0,0,1,0,0,0,1,0,0,0,74,0,4,1,0,0,0,0,0,0,0,0,0,1,3,0,0,6,2,0,0,0,0,68,0,0,129,3,0,0,12,0,0,0,0,0,2,0,1,0,0,2,0,0,0,0,0,4,0,0,0,1,2,0,1,1,5,0,2,2,14,0,1,0,15,2,0,1,0,0,0,1,0,0,1,0,0,0,0
"COG3426",149,70,186,124,126,134,32,72,135,26,12,178,91,112,203,168,116,28,113,137,175,18,107,117,94,130,67,23,114,114,83,152,187,159,129,5,134,188,42,123,150,141,94,122,23,148,145,33,99,145,149,179,145,135,173,138,30,135,118,75,143,149,163,128,153,115,78,118,116,113,156,114,164,169,129,137,64,11,207,200,114,79,147,162,141,117,42,118,103,99,110,104,73,176,152,127,160,164,120,149
"COG3428",16,0,6,4,48,0,0,2,30,0,0,10,0,56,34,0,5,2,5,5,3,0,2,2,1,63,1,1,11,11,4,10,30,35,0,0,0,25,2,5,0,0,19,4,0,0,1,0,0,12,13,1,65,18,1,8,0,3,7,15,2,5,68,6,2,44,0,11,0,5,0,11,29,0,19,0,1,0,0,43,4,0,12,33,7,11,1,8,5,7,43,58,1,8,17,5,15,33,3,14
"COG3429",0,3,0,2,0,0,54,21,0,145,0,0,0,3,3,1,0,2,2,0,0,0,3,0,1,0,0,1,0,0,0,1,0,0,0,23,0,0,0,2,0,0,1,0,10,0,0,4,0,0,0,0,0,0,0,0,0,6,0,0,1,0,15,0,7,1,0,0,0,0,0,0,0,0,0,0,0,7,0,2,1,77,0,0,0,0,0,10,0,0,0,20,0,0,0,0,0,0,1,4
"COG3433",2,1,11,1,1,14,3,39,26,46,5,0,12,2,9,7,7,3,126,7,9,12,33,33,24,0,2,0,2,12,1,3,0,1,7,44,0,6,0,6,30,7,35,19,2,6,0,22,1,1,1,18,4,24,10,0,76,20,4,1,0,0,3,39,10,1,138,1,11,22,27,1,2,2,0,7,3,18,17,1,1,0,0,12,25,2,1,4,2,22,0,0,5,0,4,1,0,1,0,6
"COG3434",4,72,9,5,23,1,0,0,0,1,2,18,2,40,0,1,22,1,3,2,6,1,10,10,0,17,0,6,11,10,4,10,29,6,6,9,9,6,8,28,2,7,9,9,0,40,13,0,6,4,12,13,54,6,4,2,0,10,13,15,8,20,6,23,1,21,3,12,5,2,5,4,18,10,35,6,1,0,0,47,14,14,14,2,17,9,7,5,1,28,55,12,0,6,15,15,9,0,9,1
"COG3436",1040,1134,2969,755,1411,1798,265,892,622,344,485,570,2074,341,804,1192,536,1880,926,823,694,427,916,1019,7090,1110,471,1674,725,722,1854,599,732,1463,1945,949,585,1119,1796,914,1953,616,382,1068,1498,974,1440,365,818,1441,955,598,1356,553,1380,551,1184,619,1618,1423,825,305,732,613,457,1149,464,1558,594,555,1827,1519,1695,1116,444,1231,1834,1133,3024,994,1266,865,637,1292,704,415,823,404,1485,443,573,416,817,675,462,998,2001,744,707,780
"COG3437",355,311,361,309,279,411,145,137,240,29,295,387,238,204,396,331,438,208,183,237,370,47,275,222,116,433,446,284,284,511,166,376,378,227,399,307,577,423,278,373,350,234,193,262,162,385,353,106,235,266,474,324,293,560,313,247,64,404,421,376,318,354,488,337,376,463,383,606,516,484,427,292,425,363,241,290,470,89,312,345,342,91,445,416,249,248,486,500,470,408,384,262,280,551,587,505,386,678,312,321
"COG3439",24,1,18,14,13,77,1,14,70,5,0,12,7,2,13,16,2,1,2,10,32,4,1,16,2,5,1,1,4,1,4,24,3,3,61,0,11,16,0,52,43,37,7,27,14,21,3,12,20,13,1,19,2,28,23,3,32,38,13,6,5,3,7,2,25,6,5,5,62,3,34,3,5,34,8,14,2,0,94,7,8,0,3,14,58,77,0,8,3,4,9,4,1,14,3,11,11,9,14,26
"COG3440",11,11,2,28,1,36,62,35,9,185,51,4,49,34,4,10,2,2,31,11,2,43,18,7,145,9,2,29,14,2,8,2,12,6,2,6,31,2,41,39,12,5,4,7,21,1,1,33,2,1,2,6,14,17,5,19,24,14,5,0,1,12,10,14,9,9,26,20,1,29,10,3,3,45,17,7,94,21,1,2,6,0,11,5,14,0,10,8,4,16,36,51,11,18,59,3,4,4,1,3
"COG3442",4,18,11,26,13,0,84,42,8,222,5,34,4,44,10,11,22,21,10,9,1,68,36,15,6,14,7,16,17,18,29,14,17,64,3,35,18,13,25,26,7,17,49,9,49,8,58,144,28,11,26,97,30,2,7,54,10,53,11,11,51,60,30,21,37,21,18,4,3,13,11,14,19,14,31,31,30,148,6,44,32,82,22,8,7,20,48,60,2,10,32,42,14,4,40,20,4,5,8,16
"COG3443",11,4,7,6,26,7,36,49,7,14,5,7,5,4,4,3,4,9,7,31,1,3,20,14,3,13,6,1,3,4,2,14,2,5,6,37,5,3,17,9,11,6,4,27,24,0,11,155,35,3,6,22,6,11,6,1,66,5,22,2,1,0,14,14,3,12,55,5,14,5,15,13,4,25,2,3,2,7,3,6,1,9,7,5,3,7,14,7,1,15,14,1,9,3,26,8,1,3,1,14
"COG3444",52,107,80,33,44,35,367,229,57,149,13,20,38,61,54,33,45,54,115,101,51,323,106,96,50,61,109,59,26,164,21,35,38,22,43,238,25,34,113,49,75,44,204,33,149,28,74,452,86,48,31,46,21,23,29,28,180,110,25,21,31,17,33,51,25,10,100,27,66,52,61,14,33,62,26,65,14,82,29,21,40,99,14,33,46,26,147,69,16,43,12,19,29,16,20,38,24,24,52,25
"COG3445",4,1,2,0,1,7,0,33,1,7,0,0,5,2,1,2,5,0,14,3,0,5,2,9,3,10,1,0,0,4,1,2,0,0,0,19,1,1,5,4,3,2,2,4,1,2,0,7,2,0,0,7,3,4,2,2,35,7,0,0,2,1,1,13,1,1,25,0,1,5,6,0,0,3,2,0,2,4,2,0,0,0,0,9,1,0,1,0,0,11,0,0,0,0,1,0,2,1,0,6
"COG3447",4,2,4,0,1,40,0,138,7,9,5,0,3,1,2,1,14,1,0,14,2,3,12,12,5,4,1,0,1,1,2,1,0,0,2,32,0,3,0,9,6,1,0,3,1,6,0,1,0,1,0,15,0,2,3,1,54,9,2,0,1,0,3,27,0,2,57,2,6,7,16,0,1,11,0,1,0,12,4,0,0,0,0,5,2,0,0,0,0,11,0,0,3,0,0,0,2,3,0,11
"COG3448",0,14,6,1,0,1,77,0,0,1,0,0,4,0,0,0,0,1,20,14,0,0,2,3,1,0,24,9,0,0,3,2,0,0,1,13,0,0,0,2,0,3,3,1,0,0,0,1,20,1,0,1,1,1,0,4,0,0,0,0,0,0,3,3,0,0,1,1,0,24,0,0,0,1,0,1,1,0,0,0,2,0,0,0,5,0,0,0,12,1,0,0,0,0,1,1,19,5,20,0
"COG3449",121,17,55,146,64,248,4,63,123,35,8,25,18,24,56,80,44,4,134,61,103,8,31,55,7,22,18,2,71,53,56,86,56,25,189,32,118,76,2,241,113,120,52,39,14,143,59,5,72,52,55,86,24,244,100,57,97,98,67,59,17,81,80,68,69,52,73,40,187,127,99,69,41,165,110,78,7,9,130,26,56,3,176,66,112,112,6,93,66,29,51,191,37,61,94,105,125,132,97,80
"COG3450",0,0,0,0,1,1,1,0,0,0,0,0,2,0,0,4,0,0,8,1,0,0,0,0,0,5,0,0,0,0,1,3,0,0,5,0,0,0,0,1,0,0,1,0,0,1,0,1,0,0,0,0,0,0,1,2,1,0,0,0,0,1,1,3,0,0,1,0,0,1,0,1,0,0,0,0,0,1,0,0,0,0,0,0,0,1,0,0,1,0,1,0,0,0,0,0,0,1,1,0
"COG3451",1733,1169,1205,1230,1003,679,630,831,1306,400,1194,1587,1210,2561,1411,1855,913,1280,1172,1798,1491,527,1248,1671,759,1603,942,639,1159,1743,1392,1524,1480,1772,804,1019,1585,1005,1107,1275,607,1574,1129,1359,584,1211,1713,675,926,1923,1566,2130,1534,1070,2105,1314,955,912,1102,854,1572,1532,1045,1290,1597,1850,957,778,926,1046,1270,1829,2294,762,985,1574,1073,1067,1101,2124,1273,594,1541,1263,816,940,708,1763,776,1428,1666,1350,1415,1572,1529,1397,694,1721,1462,1162
"COG3452",3,52,11,27,29,7,6,5,5,9,7,92,12,39,14,17,70,75,23,3,10,151,22,38,6,64,13,33,104,29,26,21,37,58,34,29,56,7,88,39,4,45,17,25,62,71,77,75,19,12,52,22,52,15,16,36,1,14,34,45,88,100,32,78,11,31,91,15,2,20,22,44,39,18,89,59,54,159,8,51,73,53,39,14,22,16,128,35,16,108,113,41,100,39,23,40,15,20,58,63
"COG3454",7,5,4,7,1,9,1,51,6,13,1,8,7,7,6,8,8,3,16,4,8,2,7,15,14,0,1,0,2,16,1,4,4,0,1,29,8,3,2,7,4,3,29,15,3,6,1,10,2,7,1,17,2,5,12,3,74,5,3,6,2,15,0,28,5,3,44,0,12,13,13,1,7,3,1,2,1,13,7,3,0,0,3,9,12,2,0,1,4,8,1,0,0,10,6,4,3,11,3,10
"COG3455",4,1,0,0,0,22,1,40,7,13,2,0,6,0,0,0,0,3,30,2,2,1,5,5,3,5,0,0,0,5,1,2,0,1,4,0,1,3,1,4,8,2,6,3,0,3,0,7,1,0,0,12,4,7,0,0,57,5,1,0,1,0,1,4,1,1,18,0,6,12,0,0,0,2,0,0,1,8,4,0,0,0,0,3,4,0,1,1,1,1,0,0,1,0,3,0,3,2,0,1
"COG3456",5,0,1,0,0,7,0,61,10,7,0,0,2,0,1,0,0,1,0,2,2,1,10,0,5,7,1,0,0,2,1,0,0,1,1,0,0,0,0,1,5,2,0,0,0,3,0,3,3,0,0,11,0,2,0,0,73,0,1,0,0,0,0,12,0,1,20,0,3,0,1,0,2,1,0,0,0,8,2,0,0,0,0,5,7,0,0,2,0,3,0,0,2,0,2,0,4,2,0,0
"COG3457",6,14,10,16,3,0,2,66,5,23,3,6,1,50,6,18,12,3,3,7,8,6,11,31,6,2,1,0,30,12,4,14,9,1,11,26,10,3,7,18,10,9,15,23,1,6,23,0,2,6,11,36,8,10,9,17,81,11,15,12,24,15,18,28,14,12,40,1,13,14,21,11,3,12,6,11,9,7,4,14,13,18,14,12,10,8,7,16,6,14,8,8,3,5,4,30,2,5,12,14
"COG3458",223,74,109,186,185,158,10,23,191,38,227,67,257,43,168,141,104,126,89,185,260,13,75,149,234,94,182,267,72,108,196,108,114,46,222,83,186,276,351,90,256,149,125,173,111,154,198,28,163,143,124,47,87,273,142,95,2,131,171,174,129,92,113,120,106,122,57,97,289,144,198,85,113,178,50,158,156,19,291,80,137,39,109,204,138,148,81,112,267,58,98,190,94,127,185,199,348,138,191,85
"COG3459",144,673,117,235,392,19,49,62,28,73,399,553,354,547,107,134,530,675,76,52,130,179,177,163,416,392,261,536,384,296,387,154,345,324,68,316,177,33,566,293,54,164,112,211,174,251,245,271,179,154,366,641,493,88,209,430,16,134,277,382,382,699,105,424,133,362,202,252,5,64,216,662,288,118,655,246,391,176,26,708,408,381,300,101,180,68,402,102,212,363,783,270,748,131,215,233,102,82,241,188
"COG3460",2,0,0,0,0,4,0,0,1,1,0,0,2,0,0,0,4,0,7,2,0,0,4,1,2,2,1,0,0,0,0,0,0,0,1,8,0,2,0,0,0,0,3,0,0,0,0,0,0,0,0,0,0,2,0,0,30,3,2,0,0,0,2,3,0,0,13,1,5,1,11,0,1,6,0,1,1,2,0,0,0,0,0,4,0,0,0,0,1,1,0,0,1,0,0,0,1,0,0,0
"COG3463",5,98,14,3,26,5,0,1,10,2,3,34,6,10,9,11,39,2,4,1,10,1,6,5,6,33,6,13,2,8,6,16,31,12,11,1,18,2,25,13,10,21,25,28,42,3,39,52,70,16,18,3,41,1,6,13,19,9,5,6,13,28,7,10,4,7,23,1,19,2,17,8,18,12,31,11,18,1,4,11,14,37,20,7,18,7,53,8,16,41,15,15,23,16,21,12,20,4,9,18
"COG3464",876,570,953,393,471,501,64,266,716,268,143,749,639,373,1832,829,374,295,272,424,598,370,594,570,65,408,626,219,515,337,468,467,324,630,1689,291,396,1521,359,284,1259,411,700,268,509,576,1160,323,769,412,677,297,274,272,1209,1121,500,771,428,521,611,127,664,108,443,715,416,958,953,286,632,851,1086,224,510,1032,702,423,898,428,315,754,471,2307,200,289,215,288,1025,816,417,936,1046,678,162,507,563,1835,144,223
"COG3467",140,110,84,124,117,200,119,69,136,158,82,108,87,156,138,124,89,88,105,141,105,71,113,112,121,128,81,122,103,83,158,132,137,108,89,62,146,87,123,154,93,132,181,110,88,120,117,35,146,135,126,86,102,177,134,88,29,114,103,93,124,99,155,99,132,138,61,94,111,88,122,125,139,145,148,117,77,107,78,106,124,102,127,114,122,117,89,116,147,93,98,143,235,103,92,111,134,118,193,100
"COG3468",198,66,219,147,115,96,26,897,191,191,101,68,71,27,286,149,241,67,74,146,229,378,463,813,307,73,17,15,62,341,28,315,96,57,103,304,241,181,50,116,261,166,53,560,58,160,0,73,41,316,107,278,56,223,101,129,845,132,43,161,61,290,42,98,239,62,437,8,496,122,517,40,61,71,51,111,14,97,111,30,168,40,57,203,265,65,9,59,31,104,87,16,45,103,95,68,54,129,43,172
"COG3469",5,0,2,0,5,0,0,0,0,0,0,9,0,13,0,1,2,0,0,0,0,0,8,0,0,0,0,1,2,0,0,1,5,0,0,0,0,0,0,3,0,0,1,0,0,0,0,0,0,3,3,2,0,3,31,3,0,0,0,0,0,2,0,1,0,0,0,0,0,0,0,0,0,0,0,19,0,4,0,0,1,0,0,0,0,0,1,2,0,2,0,0,0,0,0,0,0,0,0,0
"COG3470",0,2,1,0,0,0,25,12,0,107,0,0,0,2,1,1,1,1,1,1,1,3,4,4,0,5,1,0,0,0,0,1,1,2,0,13,0,1,2,2,0,1,0,0,8,3,1,3,0,0,0,1,4,2,1,0,5,0,4,0,0,0,11,0,2,3,1,0,3,0,1,0,0,0,0,0,0,8,0,3,0,74,0,1,8,0,1,9,0,0,0,20,0,0,4,0,2,0,0,2
"COG3471",0,0,3,0,0,0,0,0,0,0,0,0,0,0,0,2,0,1,0,0,0,1,4,0,0,9,1,0,0,3,0,1,0,1,1,0,0,0,8,0,3,1,0,0,0,0,0,1,0,0,0,0,0,0,0,4,0,0,1,1,6,0,0,0,0,0,0,1,0,1,0,0,0,2,1,0,2,0,0,0,1,0,2,0,0,1,3,0,2,3,0,0,0,2,1,0,0,0,1,0
"COG3472",10,12,4,18,21,33,20,14,4,12,40,27,2,120,0,34,21,40,21,2,26,1,37,57,0,4,96,21,6,18,4,14,28,16,80,1,115,68,22,16,0,5,51,33,71,6,12,1,21,2,59,48,31,34,9,88,0,13,124,14,115,120,26,44,21,21,21,13,0,26,2,30,55,160,14,10,14,8,0,20,23,36,38,40,6,18,108,58,6,34,49,39,100,33,37,74,1,12,24,25
"COG3473",1,3,0,0,1,0,0,0,0,0,0,0,2,0,6,0,0,0,0,0,0,1,0,0,0,0,0,1,22,0,1,2,0,0,1,0,0,0,0,0,0,2,8,0,0,2,0,0,0,7,0,5,0,0,0,0,5,0,0,0,0,1,0,0,0,0,0,0,0,0,1,6,0,0,0,3,0,0,12,3,1,1,1,0,0,1,0,0,0,0,0,0,0,0,4,0,0,3,0,1
"COG3475",143,258,184,186,372,242,149,203,200,64,291,284,218,158,259,190,269,267,121,165,175,1079,153,270,292,262,259,276,393,159,313,280,238,206,401,267,304,221,305,182,281,257,124,233,375,193,361,269,338,128,143,193,312,141,143,95,52,249,215,212,199,408,220,238,125,248,233,507,212,109,148,209,175,274,274,243,201,613,184,122,290,156,198,156,241,214,358,225,162,310,225,251,241,140,156,271,256,143,227,323
"COG3476",12,26,18,8,32,3,3,8,29,10,1,22,8,19,29,20,10,4,21,4,18,7,18,16,4,33,12,7,11,9,14,10,17,27,28,2,21,33,11,4,42,23,11,23,8,18,38,15,40,14,44,36,37,27,33,32,5,34,37,14,31,31,31,37,13,24,25,37,9,11,32,54,24,25,40,32,15,50,26,27,25,14,23,42,39,12,39,23,35,27,34,23,42,45,41,53,76,48,50,25
"COG3477",2,0,0,0,0,0,0,24,4,1,3,0,1,1,0,1,1,1,0,1,3,2,11,12,0,2,0,0,0,0,1,0,0,1,0,13,0,2,5,2,5,4,0,2,9,2,0,46,0,0,0,0,0,1,0,0,58,6,1,0,0,0,0,0,0,0,12,0,2,7,0,0,0,0,0,0,0,1,1,0,0,0,0,2,0,0,0,0,0,2,0,0,1,0,0,0,1,1,0,0
"COG3478",0,0,0,1,1,3,0,4,1,0,0,1,0,1,0,0,1,1,4,0,1,0,1,1,1,0,1,0,1,3,0,0,1,4,0,0,1,0,0,1,3,0,0,2,0,1,2,2,0,12,0,1,0,2,0,1,0,0,0,1,1,1,1,0,2,0,3,2,5,0,0,1,0,0,2,0,0,1,2,4,0,0,0,0,4,4,0,0,4,1,0,1,0,1,0,0,0,0,0,1
"COG3479",0,0,1,0,0,5,0,0,2,0,0,0,1,0,0,0,0,0,30,1,0,0,0,0,3,0,0,0,0,0,0,2,0,0,1,0,0,0,0,0,3,0,11,1,1,0,0,8,1,0,0,0,0,0,0,4,0,2,0,0,0,0,0,7,1,1,4,1,1,4,0,0,0,0,0,0,0,0,0,0,0,14,0,0,0,2,0,0,1,3,0,0,1,0,1,0,0,2,0,1
"COG3480",0,1,11,3,0,0,34,32,0,172,0,1,1,10,1,1,0,2,0,0,0,93,4,1,10,0,0,1,0,0,0,1,0,13,0,32,0,1,8,2,0,0,2,0,59,0,0,127,0,0,1,17,11,0,0,7,1,10,0,3,5,2,25,2,15,2,0,0,8,0,1,26,2,6,0,0,1,7,0,5,1,89,2,0,0,4,4,6,0,0,7,16,0,0,0,0,0,0,0,3
"COG3481",68,195,95,89,143,44,217,66,44,62,43,225,60,196,68,77,126,92,60,75,51,160,110,132,31,153,101,103,150,164,128,71,95,134,48,83,94,31,142,101,63,77,142,78,127,104,114,252,162,96,110,152,148,56,77,182,69,90,65,69,176,224,58,132,63,124,97,73,83,70,96,127,99,92,175,93,136,207,51,130,172,100,90,51,78,64,211,80,53,153,167,94,165,120,108,97,51,62,101,96
"COG3484",0,1,1,0,0,0,0,0,1,0,0,0,0,0,0,0,0,0,22,1,0,0,0,1,1,0,0,0,0,0,0,0,0,0,0,0,0,0,0,0,0,0,2,0,0,0,0,0,0,0,0,0,0,1,0,0,0,0,0,0,1,0,1,7,0,0,2,1,0,4,0,0,0,1,0,0,2,1,0,0,0,0,0,0,0,0,0,0,0,0,0,0,0,0,1,0,0,1,0,0
"COG3485",0,0,0,0,0,0,0,0,2,0,0,0,2,0,0,0,0,0,40,0,0,0,0,2,1,1,0,0,0,0,1,0,0,0,2,0,0,0,0,0,4,0,10,1,0,0,0,5,0,0,0,0,0,0,0,0,0,0,0,0,1,0,0,7,0,1,4,0,1,5,0,0,0,2,0,0,2,1,0,0,0,0,0,0,0,0,0,0,0,0,0,0,0,0,4,0,0,2,1,0
"COG3486",0,2,0,0,0,10,1,103,13,9,5,0,1,1,1,2,0,0,8,0,10,6,45,0,0,0,0,0,0,0,0,0,1,0,2,0,1,2,0,0,4,0,19,10,0,2,0,0,0,10,0,19,0,19,0,1,269,0,0,5,0,0,1,0,3,0,40,0,28,9,0,0,2,0,0,2,0,1,0,0,0,0,0,4,1,0,2,0,0,7,0,0,0,6,0,0,0,0,0,0
"COG3487",118,20,36,149,112,106,2,8,59,5,12,40,10,25,43,39,24,3,63,61,80,2,49,54,28,42,6,7,89,56,37,93,96,40,85,0,85,77,4,84,66,60,45,40,8,112,42,0,47,67,20,27,56,78,75,19,1,40,54,27,20,51,122,23,77,90,10,44,73,60,34,46,58,19,58,63,14,0,51,23,52,1,95,62,21,94,4,52,22,16,49,109,24,105,27,53,82,60,48,43
"COG3488",116,18,156,111,132,87,4,53,105,10,300,112,158,35,62,98,161,311,120,158,135,2,114,59,587,67,359,69,110,73,167,118,105,120,48,193,96,95,179,60,54,81,68,129,17,103,58,0,39,116,106,49,109,102,93,24,0,85,108,183,87,64,113,49,181,138,39,104,76,87,31,56,101,66,75,68,166,0,74,101,61,0,129,129,72,107,15,61,291,83,62,101,80,220,114,74,76,146,80,65
"COG3491",0,0,0,0,0,0,0,1,1,0,0,0,4,0,0,0,0,0,57,0,0,0,0,3,1,0,0,0,0,0,0,4,0,1,1,0,3,0,0,0,0,0,17,2,0,0,0,8,0,0,0,0,1,0,0,0,0,0,0,0,1,1,1,14,0,1,1,2,0,6,0,0,0,1,0,0,0,1,0,0,0,0,0,0,0,0,0,0,1,2,0,0,0,1,3,0,0,2,0,0
"COG3493",37,55,2,8,9,47,103,6,44,5,12,24,14,1,69,4,9,1,95,6,79,3,12,28,25,34,4,43,2,3,5,20,19,3,5,7,17,26,4,26,52,12,51,6,71,3,19,21,15,41,11,4,3,1,43,7,11,33,9,11,10,35,11,38,7,9,28,17,54,30,13,15,14,19,12,30,10,5,29,6,16,59,29,7,27,3,21,2,7,13,8,5,17,12,5,43,3,23,15,16
"COG3494",7,24,20,5,5,14,146,28,9,4,1,2,0,11,10,6,12,11,8,32,23,19,27,39,13,2,46,20,5,9,31,25,1,4,10,18,16,0,3,7,12,11,25,27,41,5,1,15,21,30,11,6,4,4,8,25,0,2,3,21,10,10,11,17,18,9,2,11,36,26,1,11,6,6,1,12,6,3,12,1,15,50,5,7,26,4,1,4,17,0,3,2,5,14,6,5,18,14,20,3
"COG3496",0,0,0,0,0,4,0,0,1,1,0,0,2,0,0,0,0,0,12,1,0,0,0,0,1,0,0,0,0,0,0,1,0,0,0,0,0,0,0,0,0,0,6,1,0,0,0,0,0,0,0,0,0,0,0,0,0,0,0,0,0,0,0,8,0,0,4,0,0,2,0,0,0,1,0,0,2,0,0,0,0,0,0,0,0,0,0,0,0,0,0,0,0,0,0,0,0,2,0,0
"COG3497",42,1,52,17,65,112,5,186,46,27,7,37,11,139,40,33,10,2,45,25,39,12,110,84,17,8,1,7,139,127,42,20,47,20,20,56,89,29,13,33,75,16,28,33,60,21,15,15,22,26,27,120,37,43,34,27,37,22,62,26,22,33,23,22,38,18,29,15,65,24,115,25,71,15,37,27,15,9,78,11,36,0,123,54,39,72,5,18,9,53,33,2,39,45,10,61,6,47,14,70
"COG3498",4,0,11,7,25,7,2,109,18,8,11,9,5,4,4,14,10,1,30,8,2,9,67,38,15,1,0,6,14,52,16,6,10,12,0,46,32,2,3,7,14,2,6,4,19,5,4,11,7,8,3,48,23,3,7,21,2,0,3,5,6,14,1,29,4,5,18,4,6,9,41,13,56,12,11,5,6,4,14,4,6,0,5,14,17,1,3,5,4,10,8,1,1,7,4,12,0,13,4,17
"COG3499",0,0,0,0,0,3,0,91,9,2,1,0,0,0,1,0,0,1,17,1,3,4,14,0,2,1,0,0,0,0,0,1,0,0,4,30,0,5,0,2,2,2,0,0,0,1,0,5,0,0,0,14,0,0,5,0,1,0,1,0,1,0,3,7,0,0,12,1,2,0,14,0,0,4,0,0,0,2,8,0,0,0,0,7,0,0,0,5,0,5,0,0,0,0,0,0,2,0,0,11
"COG3500",23,5,44,6,62,132,6,229,46,31,12,47,11,116,28,31,10,2,46,28,26,9,124,87,18,1,2,6,63,105,18,27,39,24,18,36,102,26,8,32,56,20,13,35,27,26,6,9,28,22,20,59,22,46,33,18,31,21,44,24,20,30,13,22,24,17,34,10,24,30,106,24,74,17,24,17,19,14,73,8,28,0,100,35,48,70,5,14,7,30,24,10,35,42,11,54,3,43,20,36
"COG3501",194,187,24,42,377,152,10,215,105,41,14,22,15,3,146,155,52,9,174,279,23,11,82,200,35,273,73,14,114,7,21,119,38,61,216,73,255,222,8,73,89,378,113,58,28,76,175,34,42,11,105,84,63,58,368,67,265,40,76,14,35,75,94,127,40,331,147,8,91,128,498,319,120,95,21,220,8,46,93,108,37,2,29,194,102,78,1,76,91,64,72,11,22,22,133,138,28,119,20,194
"COG3503",12,12,3,15,16,0,5,15,8,1,10,21,2,51,6,36,16,10,4,7,5,0,22,30,6,28,9,2,23,52,27,11,17,45,1,1,6,1,14,4,0,6,31,27,4,2,11,2,30,21,25,12,35,2,13,21,0,1,8,7,36,36,15,15,23,25,21,1,8,7,29,9,23,24,19,16,23,57,0,59,22,11,19,22,4,11,15,44,3,25,6,16,17,12,50,26,12,2,11,17
"COG3504",5,0,7,2,0,1,16,1,4,41,5,0,21,0,0,2,0,0,26,0,0,7,22,11,6,2,48,1,17,5,5,7,0,2,0,4,11,2,0,9,6,0,29,1,0,0,0,5,7,8,0,2,3,0,0,9,12,0,0,1,4,3,0,0,8,0,54,6,0,30,0,8,0,2,7,0,55,13,4,2,2,38,0,2,0,0,0,0,0,12,11,0,0,1,4,6,19,1,0,2
"COG3505",1300,1045,748,1115,864,453,460,642,1143,373,1417,1070,839,1846,898,1388,669,919,1297,1608,1221,418,1296,1232,795,1153,955,493,1064,1606,940,1349,1506,1610,1716,777,1107,1310,745,1041,350,1333,986,1284,517,960,1402,522,777,1377,1432,1658,1270,1091,1221,1059,707,1012,908,847,1389,1192,1120,1077,1329,1383,780,717,683,903,819,1417,1850,968,898,1349,965,1291,890,1605,952,453,1121,1309,882,944,605,1353,590,1171,1200,1023,1118,1024,1720,1218,730,1096,999,952
"COG3506",63,39,44,43,31,102,72,21,49,8,6,31,15,8,11,19,11,181,67,30,24,3,14,13,10,63,22,117,22,23,18,13,27,18,73,11,60,38,44,56,57,46,22,28,28,54,45,11,63,27,20,12,42,65,21,29,3,44,18,18,54,32,60,19,36,19,26,28,73,64,19,21,23,113,46,31,9,75,59,30,28,2,26,46,35,37,40,20,66,57,20,38,35,42,13,25,31,19,26,18
"COG3507",1350,1065,1113,1422,1492,1484,946,453,2039,2002,1807,804,1449,535,1567,1833,1167,1500,1571,1578,2401,442,697,590,941,738,1248,1462,1003,811,1037,1119,1321,650,1299,910,1585,1631,1245,1187,1600,1917,1019,971,899,1589,1287,376,1345,1299,1022,309,1054,2095,1297,1046,110,1578,1613,1180,603,699,1138,1166,1237,1691,583,1783,1733,1175,1192,814,1059,1175,1375,1112,740,348,1679,685,933,360,1120,1340,1127,991,830,846,1640,1026,1071,1377,936,1289,1483,1553,1778,1225,1877,1015
"COG3509",0,1,39,3,3,0,0,11,0,1,83,8,6,16,9,27,12,238,6,0,1,2,4,8,0,40,12,31,5,3,133,4,13,14,0,64,3,1,145,0,0,6,2,13,62,0,0,0,21,50,29,6,3,1,0,2,0,3,36,94,64,10,6,9,41,14,28,22,0,12,0,9,61,3,5,1,34,0,0,34,24,0,7,3,10,5,21,10,181,1,17,16,44,29,0,15,1,1,3,6
"COG3512",23,17,24,43,37,18,22,4,33,9,32,27,7,23,15,6,17,10,34,32,13,47,24,41,17,31,2,9,29,9,14,17,40,24,28,6,23,20,28,53,27,12,20,21,17,16,25,32,22,12,35,30,24,18,29,29,0,8,19,18,27,22,42,15,16,20,35,45,53,43,15,45,35,33,26,34,69,38,5,28,23,15,30,72,16,51,19,17,41,26,14,29,60,29,42,10,22,38,13,20
"COG3513",160,175,116,368,244,62,44,87,232,97,330,137,63,120,94,18,190,100,211,207,167,452,131,265,97,122,26,43,213,126,371,194,500,191,107,28,156,121,125,439,194,63,141,156,52,209,298,274,133,109,199,149,276,128,288,138,1,57,74,66,179,250,218,121,135,102,120,222,311,284,123,175,243,111,368,344,512,298,106,228,142,138,348,303,132,169,290,166,141,190,49,281,334,144,156,99,85,139,68,73
"COG3514",0,0,0,0,0,1,0,22,0,0,1,1,0,0,0,0,0,0,0,0,0,0,1,0,1,0,0,0,0,0,0,0,0,0,3,4,0,1,0,1,3,0,0,1,0,3,0,0,0,0,0,0,0,0,0,0,27,0,0,0,0,0,0,0,0,0,14,0,3,0,0,0,0,1,0,1,0,3,0,0,0,0,0,1,1,0,0,0,1,1,0,0,0,0,0,0,1,2,0,1
"COG3515",8,0,7,3,0,20,0,153,33,29,10,1,11,2,2,4,5,3,55,9,4,5,39,24,13,8,0,1,1,7,2,3,1,1,17,17,4,7,1,5,9,4,13,8,2,5,0,9,4,1,2,30,5,22,4,3,218,34,6,1,4,0,4,46,4,5,84,5,34,24,2,1,2,9,1,3,5,22,16,0,0,0,0,12,11,1,1,4,3,12,0,0,2,0,4,1,7,2,0,15
"COG3516",2,0,3,0,3,18,2,29,11,2,3,2,2,3,2,4,0,1,22,3,3,2,14,10,3,4,0,0,1,2,3,4,0,2,6,22,0,1,2,2,8,2,10,3,0,0,0,6,0,0,1,10,1,7,2,2,44,15,6,1,1,0,4,5,1,1,21,0,6,15,0,1,1,0,0,3,2,6,8,1,1,0,0,6,10,2,0,1,3,5,0,0,1,1,1,0,1,1,1,3
"COG3517",5,0,3,0,0,15,2,119,18,13,12,1,4,0,1,6,0,4,28,5,3,2,36,15,11,13,1,1,2,5,0,4,1,3,10,14,0,2,1,12,16,4,10,5,0,4,0,12,7,1,1,19,1,17,6,0,171,33,4,0,3,1,5,18,2,6,39,2,17,18,1,2,2,3,0,6,1,20,13,0,0,0,1,11,17,0,2,9,2,5,0,1,5,0,1,1,4,0,2,9
"COG3518",0,0,1,0,0,17,0,4,13,1,1,0,3,0,0,0,0,1,8,1,1,0,8,5,1,4,0,0,0,1,0,0,0,0,1,3,1,0,1,1,2,2,5,1,0,1,0,4,0,0,0,9,1,1,0,0,12,0,0,0,0,0,0,0,1,0,4,1,3,6,0,0,0,0,0,0,1,1,5,0,0,0,0,3,2,0,0,1,0,0,0,0,0,1,0,0,0,0,0,0
"COG3519",7,0,3,1,0,17,0,93,21,24,8,0,13,0,2,2,1,3,33,5,5,7,28,8,15,14,2,0,0,5,1,8,1,3,20,23,5,5,3,10,10,5,12,7,0,5,0,13,0,1,2,17,3,14,4,5,287,11,3,0,4,4,10,31,2,5,36,1,12,12,0,2,2,7,0,3,4,18,10,0,2,0,0,21,11,1,1,4,1,1,0,1,5,1,3,2,7,4,2,12
"COG3520",1,1,0,0,1,8,0,55,13,9,2,0,6,0,0,4,0,2,42,4,0,2,17,12,7,7,0,0,0,5,0,7,0,2,8,0,1,4,1,4,2,1,7,4,0,2,0,8,0,0,1,17,1,6,1,4,160,9,2,0,2,0,2,17,3,2,14,0,7,8,0,0,2,5,0,1,1,5,12,0,0,0,0,7,10,1,0,4,1,1,0,0,0,0,2,2,5,0,0,3
"COG3521",2,0,0,1,0,8,1,46,11,5,2,1,1,0,1,0,2,1,36,0,0,1,14,13,6,6,1,0,0,1,0,1,0,0,2,0,1,1,1,1,12,1,8,1,1,1,0,10,2,0,0,9,0,2,0,0,63,0,0,0,1,0,1,9,1,0,11,1,1,11,0,0,0,1,0,0,1,12,0,0,0,0,0,11,5,1,0,2,0,1,0,1,3,1,2,0,4,0,0,0
"COG3522",1,1,0,1,0,14,0,71,17,15,3,0,9,0,3,2,2,1,50,4,1,2,18,11,8,17,1,0,1,7,3,2,0,0,18,0,3,0,2,10,11,4,17,7,2,2,0,10,3,1,0,14,2,15,3,2,131,12,4,1,1,0,8,27,5,0,27,1,12,14,1,0,2,7,0,4,3,10,8,0,0,1,1,6,10,0,0,2,0,2,0,0,2,1,4,1,1,1,0,7
"COG3523",6,3,2,1,0,20,1,124,42,16,4,0,11,2,2,5,3,7,132,1,4,1,17,21,7,21,1,0,0,6,4,3,1,5,2,29,3,1,3,9,12,9,23,5,3,3,0,29,4,0,2,46,5,9,1,1,183,0,6,1,1,1,4,39,9,1,64,2,15,28,0,0,1,5,0,5,7,19,6,0,0,0,0,22,16,0,0,4,0,12,0,0,2,0,12,0,8,7,0,0
"COG3524",1,0,4,3,2,1,1,0,12,13,6,1,9,1,2,9,0,1,2,3,2,5,1,6,7,10,0,0,1,7,0,6,0,0,5,0,0,8,0,5,10,6,0,10,0,1,0,1,1,2,0,15,1,14,1,4,2,0,2,0,3,1,2,1,7,3,31,1,11,9,0,0,0,2,0,0,0,5,8,0,0,0,0,5,10,2,0,1,3,0,1,0,1,5,1,0,0,2,5,2
"COG3525",1934,568,1499,1599,1692,2705,170,1016,2237,419,1194,725,1172,516,1648,1419,1548,383,1021,1676,2147,193,1047,1081,515,1513,2161,369,1422,932,1380,1351,1462,1043,2396,629,1260,2819,1012,1886,2198,1714,1330,1325,313,1765,1551,167,1399,1361,1540,1029,1219,2490,1543,1335,187,1744,1356,1173,931,592,1798,1009,1653,1397,733,2079,2201,1597,1769,1009,1400,2326,828,1443,984,332,2601,846,845,478,1237,2023,1636,1672,413,1419,1771,1014,688,1413,985,1879,1960,1607,2169,2404,1531,1732
"COG3526",0,0,0,0,0,0,0,0,0,0,0,0,2,0,0,0,0,0,8,0,0,0,0,1,0,0,0,0,0,0,0,0,0,0,0,0,0,0,0,0,0,0,1,0,0,0,0,3,0,0,0,0,0,0,0,0,0,0,0,0,0,0,0,1,0,0,2,1,0,2,0,0,0,1,0,0,0,0,0,0,0,0,0,0,0,0,0,0,0,0,0,0,0,0,0,0,0,1,0,0
"COG3527",0,4,3,4,0,10,2,2,0,0,0,0,2,6,0,0,1,2,18,0,0,1,19,6,1,1,0,0,1,0,0,2,0,0,2,1,0,0,1,0,0,0,3,3,23,0,0,83,0,1,0,3,1,0,0,0,0,3,4,1,12,0,1,7,1,2,2,0,1,2,0,0,0,3,1,0,2,6,0,0,5,121,0,1,1,4,2,1,0,1,2,13,1,1,2,0,1,0,1,0
"COG3528",0,0,0,0,0,0,0,40,0,0,0,0,0,3,0,3,0,0,0,0,0,0,0,0,0,0,0,0,0,0,24,0,0,0,0,0,0,0,1,0,0,0,0,1,0,0,0,0,0,0,2,2,0,0,0,0,0,0,0,3,7,0,0,27,0,0,0,0,0,0,0,0,0,0,2,0,3,0,0,0,0,0,8,0,0,0,0,0,0,0,0,1,0,0,0,0,0,0,0,1
"COG3529",0,0,1,0,0,4,0,9,1,3,1,0,2,0,0,0,1,0,7,1,0,1,3,2,1,0,0,0,0,1,0,0,0,0,0,11,0,0,0,1,1,0,3,1,0,1,0,1,0,0,0,0,0,3,1,0,23,4,0,0,0,0,0,6,0,0,8,0,1,3,3,0,0,4,0,0,1,1,0,0,1,0,0,3,1,0,1,1,0,2,0,0,2,0,0,0,0,0,0,0
"COG3530",1,0,0,2,0,1,0,16,2,2,2,0,2,2,1,1,1,0,7,2,1,0,4,3,5,0,0,0,1,0,1,1,0,0,2,4,0,1,0,1,4,0,5,1,0,1,0,3,0,0,0,2,0,2,1,0,30,3,0,4,0,0,4,8,1,0,10,1,3,0,3,0,0,2,0,0,2,3,1,0,0,0,0,5,1,0,0,0,0,4,0,0,0,0,1,0,0,2,0,1
"COG3533",1137,666,840,1007,804,1339,643,366,1467,964,815,592,1258,416,1010,1148,530,587,1113,1192,1582,173,586,633,274,598,844,1075,712,592,869,779,834,253,1192,754,1196,1017,499,769,1801,1276,784,935,636,1028,1085,204,976,818,864,431,593,1308,1305,480,74,1256,1011,584,677,482,746,844,946,861,380,766,803,785,1018,661,837,967,1148,1015,727,668,1790,465,623,386,752,1118,972,790,442,658,1071,521,592,706,553,874,1062,1332,1683,623,1744,673
"COG3534",458,523,561,620,406,717,320,267,606,868,1461,421,994,251,504,633,822,1167,445,708,878,106,420,324,138,272,1121,1118,480,365,690,509,529,238,514,861,633,502,955,605,557,587,422,534,513,681,537,255,458,531,484,331,346,768,513,304,99,684,824,915,460,349,474,495,762,432,192,874,504,547,604,412,385,513,478,504,659,585,795,328,492,214,452,425,429,436,403,434,784,335,477,480,442,538,597,634,539,383,720,398
"COG3535",2,1,0,10,0,0,2,9,1,192,5,1,1,18,4,0,5,10,8,3,1,39,8,18,5,0,0,2,12,5,5,18,5,6,1,6,7,0,8,2,0,8,12,13,27,0,5,4,1,3,6,54,4,1,2,1,17,2,2,4,18,4,10,24,8,2,2,0,0,2,1,2,2,1,2,2,9,5,11,9,11,1,17,1,0,4,15,0,0,2,13,5,2,2,9,4,0,6,2,0
"COG3536",0,0,10,0,4,0,0,0,1,0,0,0,0,0,0,2,0,0,7,6,0,31,0,0,0,4,0,1,0,3,1,1,0,2,0,0,2,6,2,0,6,2,0,4,0,0,0,0,1,1,4,2,2,0,0,1,0,0,1,2,1,1,4,0,1,0,0,0,0,1,0,1,0,0,5,0,2,0,0,0,1,0,0,1,0,1,4,0,2,2,1,0,0,0,0,2,2,0,3,5
"COG3537",2130,671,2120,2777,1624,4142,73,884,2654,309,1861,1002,1387,556,1601,1720,1425,292,2053,2168,3136,221,1002,1169,1635,1527,1811,365,1609,1301,1483,2367,1818,1216,3320,617,2175,3381,526,2378,3544,2264,845,1727,552,2707,1868,71,2030,2118,2071,1016,1223,3105,1980,1356,13,1654,1501,1065,800,977,2098,1230,2483,1279,519,1563,3401,2162,1952,1357,1435,2843,1520,1517,1040,210,3508,1113,1221,352,2361,2432,1913,2011,321,1707,2191,1300,904,1678,940,1931,1935,2264,3316,2026,2000,1791
"COG3538",274,130,195,423,264,302,126,105,274,267,358,61,222,86,162,194,241,162,109,226,395,41,98,245,247,150,267,53,131,142,336,347,225,142,177,106,400,239,124,258,173,298,111,253,65,355,179,50,194,312,158,91,171,345,252,124,12,152,189,175,55,203,187,138,227,193,37,264,317,222,210,136,186,308,97,166,135,48,315,131,93,118,256,212,165,225,10,184,183,104,172,322,113,191,246,262,138,246,248,264
"COG3539",21,6,3,5,3,157,4,595,52,131,53,1,77,7,23,7,73,3,240,64,21,40,144,149,54,23,2,0,2,28,6,7,0,8,38,255,3,28,0,67,82,21,58,41,4,44,0,97,4,1,3,83,7,103,16,9,791,138,22,6,15,2,35,206,21,10,522,15,116,111,129,2,3,136,1,10,30,101,58,0,1,0,0,94,61,3,7,32,6,155,0,2,32,4,14,7,13,26,5,77
"COG3541",5,0,49,14,8,11,1,10,8,3,53,11,103,6,18,5,3,4,5,66,2,24,13,84,3,5,4,93,12,5,6,10,3,5,10,53,9,10,38,21,80,8,27,12,69,9,13,12,3,23,11,42,7,9,3,7,60,15,16,6,12,1,10,17,5,8,27,7,41,53,3,4,5,6,15,3,18,1,17,14,13,14,5,16,4,21,7,7,5,5,21,7,14,4,2,6,3,3,7,8
"COG3542",2,0,3,6,4,5,0,18,3,36,0,9,0,2,0,2,4,3,3,0,4,0,13,8,2,0,0,1,0,3,0,3,8,3,0,1,15,2,1,6,2,2,7,3,3,6,0,1,1,2,2,15,10,6,2,4,1,0,4,3,3,3,6,19,5,3,2,1,1,9,0,1,1,1,16,5,0,2,6,27,4,12,3,2,3,3,0,3,1,2,34,6,1,14,1,9,0,2,5,3
"COG3543",19,24,5,16,20,0,15,3,5,3,5,20,6,22,6,15,14,12,6,12,18,0,6,21,2,22,9,15,17,4,17,10,16,30,4,2,11,6,6,15,6,3,49,14,13,8,58,15,31,8,12,19,26,11,17,23,6,23,9,9,26,22,7,13,13,7,23,17,4,9,9,8,27,8,12,29,6,81,4,28,18,10,14,26,5,1,25,21,0,19,5,25,10,8,24,12,3,7,8,10
"COG3544",1,11,16,0,1,6,80,17,10,4,0,8,0,0,2,4,3,5,0,14,3,1,3,0,0,0,25,11,2,1,7,6,3,1,9,17,1,0,1,5,5,5,11,4,1,2,1,0,20,5,1,0,6,0,0,8,22,4,6,3,0,0,3,3,1,0,3,2,17,25,1,2,3,3,0,1,1,7,4,3,11,0,5,1,12,6,1,1,6,0,4,2,1,0,4,0,12,5,8,1
"COG3545",0,0,1,6,0,0,0,0,0,0,0,1,0,2,0,0,2,0,0,0,0,0,0,0,0,0,0,0,0,0,0,0,0,16,0,0,1,0,0,0,0,0,0,0,0,0,0,0,1,0,0,3,0,0,0,0,0,0,0,0,3,6,0,0,0,0,0,0,0,0,0,16,0,0,2,0,0,0,0,1,0,0,0,1,0,0,0,0,0,0,0,0,0,0,0,0,0,0,0,0
"COG3546",74,87,31,76,28,87,26,42,29,26,14,59,18,98,42,26,48,19,45,11,33,58,55,45,7,78,17,27,81,43,29,81,54,52,53,12,56,29,45,89,28,44,97,50,27,70,83,33,70,83,110,117,67,27,35,88,54,65,33,42,53,90,27,64,45,44,58,21,39,18,34,110,43,41,52,38,30,89,16,86,50,40,53,21,23,32,69,56,16,53,103,43,40,22,65,50,15,21,29,49
"COG3547",648,470,510,525,1464,252,392,655,382,476,3182,566,414,750,240,409,2003,686,607,578,464,473,884,544,1543,506,1578,1223,811,765,343,587,396,792,1150,700,455,305,631,645,222,426,659,615,347,1256,504,744,475,536,481,781,740,1320,309,656,884,974,1405,1882,1012,402,673,488,728,1175,446,3010,608,659,827,678,589,313,538,477,849,1629,468,586,588,275,430,597,595,809,1144,602,905,759,961,727,833,498,653,590,214,998,593,904
"COG3548",0,0,1,0,0,3,1,5,5,25,0,0,4,0,1,2,1,1,0,0,0,0,0,7,0,0,0,0,1,1,0,1,0,0,0,1,1,0,4,1,7,1,6,5,62,0,1,73,0,1,0,23,0,5,1,0,4,2,8,0,2,0,4,0,0,1,0,0,17,2,1,1,1,3,0,1,0,6,1,2,0,9,0,0,0,6,0,0,0,0,0,0,0,0,0,0,0,0,3,1
"COG3549",0,1,3,1,0,0,2,0,1,9,0,0,2,2,0,0,0,0,0,0,0,8,6,9,0,2,1,1,1,1,2,1,1,1,2,1,2,1,3,2,6,4,3,0,0,2,1,3,0,0,5,8,1,0,0,0,3,0,2,3,1,1,3,0,6,1,3,0,0,2,6,0,1,0,0,1,3,0,1,0,1,1,1,1,7,0,5,2,0,1,4,0,0,0,0,2,0,0,0,1
"COG3550",310,135,377,246,400,280,47,221,662,54,718,487,310,186,312,171,418,372,382,489,450,473,436,482,416,218,791,673,322,128,215,399,315,425,375,600,297,196,455,259,235,265,136,324,245,561,346,96,370,502,280,224,345,205,642,131,64,223,396,633,278,334,184,288,304,239,245,646,311,300,301,250,396,259,158,591,435,306,129,154,398,60,188,407,296,434,230,333,415,265,341,249,483,589,237,554,260,698,734,307
"COG3552",0,0,0,0,0,1,1,2,0,0,1,1,0,14,0,0,0,1,0,0,0,0,0,0,0,0,0,0,0,0,1,0,0,0,0,0,0,0,0,0,0,0,0,0,0,0,0,0,0,0,2,34,0,0,0,0,0,0,0,0,2,0,0,0,0,1,2,0,0,0,1,0,1,0,0,0,0,0,0,21,0,0,0,1,0,0,0,1,0,0,4,0,0,0,0,0,0,1,0,0
"COG3555",0,0,0,0,0,0,0,0,0,0,0,0,2,0,0,1,0,0,17,0,0,0,0,2,0,0,0,0,0,0,0,2,0,0,3,0,3,0,0,0,0,0,7,1,0,0,0,9,0,0,0,0,1,0,0,0,0,0,0,0,0,0,0,4,0,0,3,1,0,10,0,0,0,2,0,0,3,0,0,0,0,0,0,0,0,0,0,0,0,0,0,0,0,0,1,0,0,1,0,0
"COG3557",0,2,9,7,0,0,1,4,0,5,1,4,0,6,0,0,0,1,2,0,0,51,0,2,0,0,0,0,2,1,2,0,0,10,1,0,4,0,12,1,2,0,3,2,1,2,1,98,1,0,1,9,12,1,1,0,0,7,3,3,1,13,1,2,0,0,0,0,1,1,1,55,0,7,0,1,3,11,0,2,0,3,0,0,1,4,3,4,0,0,2,0,0,0,0,1,0,0,1,0
"COG3558",0,0,0,0,0,0,0,0,0,0,0,0,0,0,0,0,0,0,14,0,0,0,0,1,1,0,0,0,0,0,0,0,0,2,0,0,0,1,0,0,0,0,5,0,0,0,0,5,0,0,0,0,0,0,0,0,0,0,0,0,0,0,0,8,0,0,2,0,0,0,0,0,0,0,0,0,1,0,0,0,0,0,0,0,0,0,0,0,0,1,0,0,0,0,1,0,0,0,0,0
"COG3560",80,33,57,73,88,84,72,36,118,20,4,32,23,31,130,105,20,12,37,100,81,58,65,79,8,33,51,10,70,66,36,74,79,28,98,17,69,110,7,75,69,100,43,88,59,84,56,58,73,63,61,53,37,120,70,61,2,84,62,46,46,32,43,40,67,66,35,48,113,84,63,39,58,47,37,61,6,11,79,23,37,72,45,100,91,90,10,63,45,35,33,64,43,82,74,82,109,114,80,78
"COG3561",23,1,29,7,0,6,18,110,3,14,11,15,1,35,2,8,5,2,15,20,1,17,46,125,0,15,1,11,17,3,11,62,14,17,14,8,53,0,4,14,12,4,14,7,15,3,1,105,16,12,30,48,19,17,6,115,8,28,6,108,13,19,8,8,9,3,61,24,15,2,17,12,22,5,30,13,134,16,4,10,16,0,7,19,2,40,1,13,13,1,11,48,27,7,27,24,8,9,0,10
"COG3562",2,0,7,2,10,0,1,0,9,13,6,0,2,1,2,4,0,0,0,5,1,4,1,6,2,13,0,0,0,3,1,2,1,0,2,0,0,3,0,6,8,5,1,9,0,2,0,0,6,0,1,16,0,2,2,4,4,2,2,2,1,8,1,1,6,6,15,0,12,4,0,1,1,3,0,1,0,3,7,1,1,0,0,4,3,0,0,0,7,0,0,0,1,2,1,0,0,4,5,0
"COG3563",0,0,20,1,8,1,3,0,12,9,3,0,4,0,0,2,0,1,0,4,10,6,2,10,9,11,0,1,0,0,1,1,0,0,5,0,0,8,0,4,10,2,1,16,0,3,0,0,6,2,1,11,0,8,1,2,16,0,2,1,0,2,9,1,11,3,16,0,12,0,0,0,0,2,0,0,1,2,8,0,1,0,0,4,5,0,1,0,5,0,0,0,1,6,2,0,1,2,6,0
"COG3566",0,1,96,8,98,1,6,273,1,0,7,21,14,21,269,1,2,8,0,0,13,1,9,16,9,15,0,0,7,4,17,3,26,10,2,0,11,13,2,6,1,40,0,25,0,3,0,14,0,2,4,10,5,13,1,12,0,0,10,13,1,1,0,5,1,15,4,1,0,35,38,0,10,0,15,0,2,0,17,0,40,0,3,11,2,18,3,5,8,2,26,2,1,0,6,0,2,14,1,0
"COG3567",1,8,78,10,63,0,1,228,0,2,2,23,14,59,225,0,5,12,1,0,8,0,5,21,0,27,1,0,1,3,26,6,17,28,3,0,10,16,1,6,0,19,0,30,0,0,1,16,0,1,7,8,8,9,3,19,0,0,6,8,5,8,5,18,1,53,9,0,1,28,69,3,2,2,14,1,3,0,9,14,30,0,5,7,4,2,17,0,10,4,8,44,1,1,8,1,0,37,0,0
"COG3568",377,125,379,358,351,559,30,181,458,47,39,179,82,185,460,442,129,64,288,418,508,222,262,344,213,220,143,28,271,281,342,507,297,246,489,23,290,616,81,288,461,440,319,320,126,503,430,85,301,357,314,188,234,527,317,263,43,354,340,254,236,227,358,214,270,189,171,180,739,338,264,265,336,290,191,279,105,22,646,193,188,53,408,371,316,329,66,474,312,185,205,318,178,377,385,297,433,520,307,342
"COG3570",6,0,5,0,0,1,0,0,10,7,0,0,10,0,6,0,0,0,33,3,7,5,1,1,4,2,0,0,1,0,0,2,30,0,0,0,0,21,0,3,9,4,3,0,4,0,0,0,0,1,0,0,0,0,0,0,6,8,0,0,1,9,2,0,0,7,37,0,0,1,0,66,3,1,0,0,4,1,3,5,2,0,0,7,2,3,1,2,2,11,4,0,0,1,0,3,0,3,0,0
"COG3572",0,6,9,9,1,0,93,28,2,208,1,13,2,10,4,4,2,7,2,1,2,8,12,3,5,4,0,4,7,2,14,6,5,8,1,27,12,2,22,17,1,3,19,2,19,0,2,148,1,15,1,3,0,0,1,7,0,27,5,4,10,8,17,5,14,6,7,1,2,6,13,9,1,13,2,1,2,22,0,31,9,142,4,3,1,6,12,13,2,1,3,36,1,14,24,5,0,6,12,12
"COG3575",0,0,4,0,0,0,1,0,1,0,0,0,0,0,0,0,0,0,0,0,0,54,0,0,0,0,1,0,0,0,0,0,0,0,0,0,0,0,2,1,0,0,0,0,0,0,0,48,0,0,0,0,0,0,0,0,0,4,0,0,0,0,0,0,0,0,0,0,2,0,0,0,0,0,0,0,0,0,0,0,0,0,0,0,0,8,0,0,0,0,0,0,0,0,0,0,0,0,0,0
"COG3576",0,8,0,0,5,0,56,10,1,86,0,1,5,5,7,0,0,3,15,0,0,0,1,1,5,0,1,2,0,2,0,1,0,0,2,23,2,1,0,2,1,0,9,0,47,0,1,11,0,0,0,1,0,0,0,1,0,6,0,1,1,0,11,7,1,4,6,1,0,3,0,1,0,0,0,2,3,1,0,0,0,51,0,3,1,0,5,4,1,3,0,5,1,0,1,3,0,1,0,1
"COG3579",375,105,288,285,279,213,216,98,363,669,266,106,232,81,349,385,220,269,184,259,350,240,250,209,384,234,265,237,226,212,242,274,319,273,288,255,233,303,220,226,277,323,148,210,434,242,240,245,176,264,135,60,136,224,190,112,0,153,187,157,94,121,179,107,166,221,48,222,128,149,120,371,143,195,102,139,135,38,194,101,115,233,160,235,211,163,53,142,224,102,79,231,93,183,180,162,236,197,162,171
"COG3580",126,685,255,294,306,228,821,161,124,586,164,443,544,417,188,202,315,832,185,269,185,777,285,293,79,393,248,501,342,403,508,271,296,338,165,467,332,120,546,375,141,224,296,357,569,264,368,294,536,310,322,427,345,107,263,363,161,276,274,328,407,620,220,366,187,319,336,141,205,212,287,544,312,198,446,335,293,402,160,493,530,739,379,185,297,108,614,285,240,523,438,274,402,250,218,285,162,141,295,288
"COG3581",107,645,200,263,249,231,769,144,138,539,158,368,521,309,208,167,284,748,155,159,168,710,262,271,94,359,197,427,281,275,459,221,303,256,168,434,311,91,522,344,126,258,269,354,471,261,320,291,481,316,296,428,352,107,226,393,141,277,297,306,384,521,221,346,220,284,282,136,213,180,224,500,275,165,402,307,330,360,152,413,490,720,337,106,298,118,526,290,232,480,384,281,423,222,192,261,194,123,292,271
"COG3583",38,66,33,49,32,4,189,22,15,31,20,47,17,151,19,67,27,50,16,56,27,22,51,69,5,42,59,75,60,116,77,31,26,89,10,42,30,9,40,53,4,32,167,41,59,9,65,22,63,40,53,117,51,19,60,154,2,18,29,11,122,85,56,24,39,47,46,13,14,37,71,88,28,29,38,54,47,109,2,120,56,167,28,53,13,13,48,115,25,44,34,64,21,24,81,36,26,25,50,49
"COG3584",44,76,42,43,41,13,119,25,23,23,15,44,20,101,19,47,49,27,29,40,31,69,52,75,4,27,43,47,51,77,59,34,23,59,25,26,24,11,35,40,9,23,129,36,53,17,55,54,59,36,52,125,38,22,75,107,45,51,33,34,117,82,62,61,60,61,74,20,58,61,80,92,65,43,53,66,30,96,16,169,74,120,51,91,21,37,74,136,28,49,57,60,32,23,43,77,37,50,65,49
"COG3585",0,3,9,0,6,0,0,0,0,4,0,1,0,1,1,1,0,1,1,2,0,15,0,3,1,8,1,4,3,5,1,1,1,3,2,0,1,2,2,2,2,1,0,2,0,0,4,18,1,1,1,0,2,0,0,1,0,10,0,1,5,0,2,0,0,3,5,0,1,2,0,0,1,2,0,1,0,26,4,1,1,0,0,3,0,1,10,2,0,0,1,1,0,1,0,0,1,0,1,3
"COG3586",12,11,25,14,18,74,71,130,41,14,1,3,1,13,5,12,28,5,36,23,3,24,31,46,4,3,45,0,2,3,9,6,7,23,68,69,4,20,39,111,34,18,14,25,2,39,36,7,37,8,9,63,13,31,12,80,1,12,21,16,33,20,48,6,23,4,8,20,14,78,56,7,3,65,8,18,8,71,49,13,33,54,10,5,41,5,21,84,14,8,6,17,0,1,10,24,27,17,23,26
"COG3587",276,196,117,169,162,151,247,35,154,50,277,205,261,114,155,185,92,147,190,120,146,407,55,192,408,136,703,517,82,73,184,112,127,55,409,204,31,337,208,171,367,132,95,114,309,140,418,10,243,100,345,115,113,116,521,108,0,35,175,246,92,324,115,129,142,194,70,129,106,166,429,171,82,67,175,479,154,42,127,124,216,125,183,315,86,74,88,165,387,48,138,233,129,185,70,120,74,189,108,130
"COG3588",3,1,2,3,7,7,0,2,2,1,1,0,1,0,1,1,8,0,0,1,0,0,3,0,0,1,0,1,1,2,0,1,0,9,11,0,1,0,5,1,1,2,1,0,0,0,3,0,0,1,7,36,4,0,0,41,14,2,0,0,0,0,0,0,2,0,0,0,15,0,0,8,0,0,2,1,0,18,4,12,6,1,0,2,1,5,0,1,0,0,7,0,2,0,1,0,2,1,0,0
"COG3589",7,34,16,0,1,8,100,30,23,91,3,2,7,11,2,1,7,11,12,19,2,1,31,16,0,4,33,9,7,4,9,5,5,2,11,23,3,0,27,8,5,6,58,24,158,1,28,1,20,9,8,6,8,1,8,40,14,10,3,4,18,11,5,3,9,24,34,2,24,33,16,2,19,6,6,6,6,34,1,11,17,63,4,5,11,9,20,15,23,8,4,3,0,2,6,21,11,8,29,8
"COG3590",338,114,308,267,228,234,192,118,277,475,830,201,536,85,261,298,415,792,221,286,320,185,338,175,773,165,538,536,218,144,402,303,258,266,178,647,192,267,274,213,210,282,166,237,586,183,150,350,146,304,246,92,200,291,255,172,48,232,405,576,209,151,284,129,365,234,75,483,197,267,118,158,223,239,195,172,394,39,211,144,211,344,260,292,219,281,142,188,563,161,116,230,208,360,285,205,251,339,198,233
"COG3591",17,8,8,21,43,26,8,31,4,5,6,26,7,16,1,6,6,8,15,9,4,0,22,11,2,10,9,19,20,35,11,16,18,11,1,37,6,1,12,13,4,2,13,26,10,4,3,5,15,0,5,24,9,8,2,17,64,5,9,1,22,22,1,20,2,9,38,1,12,19,32,4,23,16,11,0,8,5,3,5,16,0,17,21,3,2,10,12,0,21,5,3,40,8,10,12,0,6,4,15
"COG3592",4,0,0,1,1,5,0,21,2,8,7,0,3,0,1,1,7,1,11,3,0,4,1,7,3,1,0,0,0,1,0,2,2,0,1,4,0,2,2,2,4,0,0,6,1,1,0,1,0,0,0,4,0,2,1,1,28,1,1,0,0,1,1,7,0,0,21,1,8,3,1,0,1,8,0,1,0,4,1,0,5,0,0,10,1,2,1,1,0,3,2,0,2,1,1,1,2,2,0,3
"COG3593",26,109,17,50,58,399,24,360,89,57,31,83,280,122,319,33,170,36,72,46,25,72,135,175,288,42,9,24,21,44,72,40,42,123,56,73,50,30,25,90,55,51,96,114,121,298,76,184,40,86,29,87,99,38,35,46,499,68,157,114,134,28,65,80,29,30,176,70,107,75,89,117,58,223,80,58,171,123,149,108,141,174,15,37,59,86,180,78,30,66,78,83,103,47,20,126,11,41,47,60
"COG3594",89,116,126,156,118,199,29,53,175,38,183,99,30,62,44,99,92,131,140,95,78,6,107,72,177,95,88,64,154,73,106,71,102,134,154,70,90,118,81,168,90,62,82,150,44,211,122,129,141,158,145,93,178,305,97,162,25,117,100,92,183,119,166,64,111,145,131,282,307,249,163,85,189,167,168,123,133,243,151,123,193,32,111,177,119,102,71,223,230,136,202,179,80,234,259,197,97,208,295,89
"COG3595",0,1,0,0,0,0,0,5,2,10,0,9,1,4,5,0,8,2,0,0,2,1,1,0,2,7,0,0,4,0,2,2,8,17,3,0,3,0,13,0,4,0,1,0,0,0,1,1,22,25,4,16,23,3,2,1,1,1,6,2,0,22,1,0,8,5,3,1,0,1,0,0,2,0,16,0,6,67,0,4,10,0,1,0,4,2,5,3,0,7,5,1,0,1,9,4,0,1,7,5
"COG3596",31,77,21,15,4,5,0,3,0,20,165,21,38,0,4,4,14,15,1,5,7,4,15,28,18,29,1,1,7,7,4,0,32,14,4,55,0,9,11,8,4,12,22,5,1,4,2,8,0,0,22,6,15,15,5,12,208,37,3,5,67,3,1,24,1,8,41,20,29,35,8,2,18,16,14,0,9,20,7,1,4,3,13,17,5,3,4,3,1,33,7,0,0,1,25,5,7,2,1,29
"COG3597",14,28,8,10,1,0,2,1,0,0,1,10,7,1,1,0,3,1,2,0,1,0,1,0,0,29,0,0,4,0,1,2,16,3,0,13,1,0,7,6,0,1,26,3,0,0,1,0,3,0,10,0,14,0,0,5,0,0,0,0,1,0,1,5,2,2,0,0,0,6,0,0,1,0,3,2,3,0,0,2,0,2,1,4,2,0,7,0,0,13,19,2,0,0,1,5,0,0,3,0
"COG3598",4,9,4,9,20,1,100,24,0,85,4,19,2,11,8,2,3,14,2,1,4,158,19,3,0,3,4,6,18,52,43,1,5,9,0,2,23,7,25,18,24,2,40,23,24,1,5,34,25,21,35,14,34,2,4,20,21,12,10,16,5,7,22,14,1,11,27,1,0,5,19,25,38,9,7,5,8,20,1,6,2,31,13,14,5,0,9,22,13,18,12,15,8,3,14,11,0,10,3,25
"COG3599",12,23,20,42,25,0,23,21,4,32,7,44,6,107,10,26,21,22,16,23,13,93,25,36,6,12,8,25,34,65,32,21,25,68,9,18,27,7,35,21,2,14,60,27,110,2,36,187,8,4,34,116,56,13,26,95,2,23,26,14,57,77,24,35,16,35,13,8,5,14,19,115,27,27,36,27,23,23,0,81,42,76,25,25,2,28,30,37,19,33,66,36,10,15,17,36,7,8,12,34
"COG3600",182,42,3,29,3,2,3,9,0,4,0,26,154,7,17,28,64,32,2,2,28,1,23,22,11,21,82,8,17,14,94,34,21,29,55,40,15,5,16,47,81,11,17,95,15,16,38,4,24,73,20,9,30,44,15,15,0,46,7,74,20,18,24,22,24,7,10,25,32,27,22,10,17,20,42,33,7,2,1,25,51,43,19,6,12,17,24,4,66,17,35,15,69,26,33,12,69,56,55,4
"COG3601",39,157,45,51,79,11,140,58,34,152,27,84,19,124,60,66,54,52,27,46,34,128,51,96,18,91,49,61,93,120,47,57,57,80,34,62,77,26,74,79,29,63,80,57,95,86,85,161,81,46,69,80,91,27,53,69,46,93,42,42,65,83,71,77,60,97,75,25,31,26,107,55,70,46,90,68,42,145,26,120,78,149,70,31,36,28,143,105,22,90,116,74,91,42,97,78,24,32,61,42
"COG3602",8,2,4,1,1,2,1,1,2,0,0,1,0,1,0,8,1,1,3,2,12,0,2,2,0,2,1,0,0,2,0,1,5,0,5,0,9,17,0,0,8,3,1,2,0,18,1,0,0,3,0,3,0,15,4,4,0,14,1,1,1,0,1,0,0,0,1,1,0,3,6,4,1,0,3,2,0,0,7,0,3,0,9,1,0,1,0,9,1,0,4,1,2,5,1,4,6,4,0,0
"COG3603",2,5,6,0,6,6,7,5,5,2,0,5,1,4,20,4,2,1,2,1,2,4,3,8,6,7,2,2,0,4,1,6,4,3,3,1,6,14,12,7,3,4,8,9,4,3,0,2,1,8,4,8,1,1,4,7,15,8,5,3,3,14,3,4,1,5,5,2,21,2,3,4,8,1,2,2,2,8,2,2,14,5,4,2,8,3,1,3,2,2,4,0,3,2,1,9,8,12,2,3
"COG3604",125,52,237,96,123,80,5,292,112,34,49,105,130,49,212,144,66,133,113,342,224,16,79,117,62,158,25,8,159,139,129,165,58,112,111,158,67,124,163,159,159,103,76,139,19,46,58,28,129,142,106,114,136,163,236,52,355,196,129,80,102,47,80,247,108,212,263,59,72,172,362,75,129,110,70,158,80,48,83,120,115,21,123,88,180,67,12,73,58,119,46,48,69,197,120,109,141,187,101,185
"COG3605",0,0,4,0,1,20,0,54,15,10,6,12,62,1,0,1,4,1,59,4,4,6,11,12,8,1,0,0,0,4,0,1,3,3,6,31,26,1,0,5,14,3,16,5,1,4,0,20,0,1,0,22,6,8,5,1,129,7,4,0,13,0,2,32,6,3,73,2,4,18,18,0,1,15,0,1,114,19,2,0,1,0,0,6,8,0,0,2,1,17,0,0,0,1,1,0,1,3,0,6
"COG3608",31,86,24,52,64,12,95,13,16,16,7,83,34,23,60,21,76,30,40,22,24,171,41,74,29,74,29,37,56,60,34,42,61,56,36,7,70,41,78,39,35,54,24,47,23,144,44,139,70,72,72,57,77,9,32,24,19,116,45,60,47,131,17,64,19,35,89,24,53,25,24,36,52,39,106,36,81,227,36,101,95,59,55,13,56,24,146,64,26,80,99,50,53,53,47,53,19,27,41,63
"COG3609",0,0,0,0,0,0,0,1,0,6,0,0,1,1,0,0,1,0,0,4,0,1,15,8,0,0,0,2,0,0,0,1,0,1,1,0,6,0,0,0,4,0,1,3,1,0,0,0,0,5,0,2,0,0,1,9,40,6,4,0,4,0,6,1,1,1,14,2,0,1,12,1,4,0,0,1,2,0,0,3,0,0,0,2,0,2,0,5,4,4,0,0,2,0,1,2,2,5,0,2
"COG3610",37,97,42,79,55,129,49,111,52,45,13,64,49,71,54,86,39,50,63,70,47,73,73,81,17,88,30,31,60,109,57,45,54,46,96,51,86,51,43,109,79,49,76,80,88,50,69,122,76,77,51,59,47,61,60,66,101,78,62,36,63,50,64,95,63,40,103,43,104,49,91,43,59,86,46,67,46,69,73,60,73,49,49,47,68,62,97,121,26,70,61,33,95,62,52,68,35,41,57,56
"COG3611",2,3,2,3,1,0,2,7,0,38,1,2,1,10,2,0,2,5,3,0,0,60,3,1,3,2,2,1,5,2,4,1,0,9,0,11,1,0,18,1,4,3,2,2,44,2,2,128,0,0,2,23,20,0,0,8,0,6,4,7,9,16,1,8,1,0,4,1,8,1,2,81,1,8,1,3,5,25,0,19,1,17,0,1,0,18,32,2,1,3,13,0,2,1,4,1,1,0,1,0
"COG3613",10,1,1,8,0,1,17,9,1,79,0,1,1,0,14,1,0,1,0,1,0,80,5,3,1,1,3,0,2,1,1,0,2,8,0,1,1,2,0,1,0,0,0,2,57,1,15,31,13,3,0,14,1,2,1,12,2,2,1,1,3,4,3,2,8,6,2,0,0,3,0,0,0,1,1,1,0,24,3,5,2,3,0,0,7,5,0,3,0,0,5,2,0,1,0,1,1,1,0,1
"COG3615",2,0,0,0,0,7,1,19,3,5,1,0,3,0,1,0,1,3,19,2,0,0,2,6,0,7,0,0,0,0,0,0,0,3,3,9,0,1,4,1,2,0,9,0,0,1,1,43,1,0,0,7,1,1,2,1,47,3,2,2,1,0,0,12,1,0,20,1,3,5,12,0,0,6,0,0,4,4,2,0,0,4,0,7,3,2,2,0,0,8,0,0,1,0,2,1,4,4,0,3
"COG3616",20,13,47,8,6,35,5,11,40,2,2,12,8,4,24,27,5,4,53,11,6,37,6,21,4,14,7,3,7,13,5,14,5,4,25,3,10,15,12,7,23,15,21,24,14,15,3,8,4,26,18,9,6,9,10,5,36,11,8,5,14,12,8,15,14,14,6,9,27,18,16,6,4,5,10,3,6,0,23,13,6,0,7,12,26,36,4,8,13,6,4,8,1,23,14,31,4,13,22,19
"COG3617",119,35,164,67,180,78,68,90,97,16,227,132,244,180,336,47,162,272,32,47,26,101,126,117,102,103,277,209,84,130,236,150,47,181,95,225,73,120,125,65,43,38,97,136,70,62,55,40,40,209,105,252,148,82,35,131,42,108,207,125,93,96,102,43,232,31,31,165,103,82,41,48,143,130,36,68,222,52,60,110,141,36,77,85,113,43,80,29,214,84,137,113,64,95,52,55,23,51,29,188
"COG3618",2,0,7,0,0,6,1,0,12,0,0,1,0,8,0,2,0,0,0,1,4,6,1,0,5,3,0,0,0,1,0,5,0,0,13,0,1,1,0,1,6,2,12,1,0,0,0,23,1,0,0,0,1,1,7,0,1,0,4,2,2,1,0,9,6,0,16,0,16,1,0,3,4,2,0,3,0,10,4,0,0,106,0,3,3,1,0,5,1,0,1,21,7,1,0,0,2,0,0,0
"COG3619",46,150,49,78,90,24,55,45,28,170,22,125,32,78,28,53,74,73,54,22,38,105,70,100,11,93,35,60,120,109,66,71,78,109,45,30,65,16,93,68,36,59,115,50,91,64,102,233,91,72,97,82,95,32,83,62,62,71,42,62,95,114,70,74,46,98,104,59,76,44,63,45,98,73,75,114,28,131,35,85,121,98,66,38,50,54,130,121,16,112,118,89,119,34,91,85,32,32,85,73
"COG3621",0,1,0,0,0,0,1,0,0,0,0,0,0,4,0,0,0,0,69,0,0,0,0,0,0,0,5,1,0,0,1,0,8,0,0,0,0,0,1,0,0,0,2,0,0,1,30,0,1,0,1,0,0,0,11,0,0,0,0,0,0,0,1,1,0,0,5,0,0,0,1,0,3,0,0,14,0,0,0,0,55,0,2,1,0,0,0,0,0,2,0,1,0,0,0,0,0,0,0,2
"COG3622",14,8,10,11,14,19,2,98,40,15,9,6,15,10,5,6,10,3,21,25,5,3,20,30,5,5,0,5,9,12,2,17,4,6,13,59,23,15,1,8,16,19,22,37,13,7,3,5,16,9,4,35,8,18,17,6,116,26,12,6,13,3,11,37,17,3,80,13,8,19,35,7,2,31,6,12,7,8,7,5,12,1,11,17,19,13,8,14,5,20,13,8,4,5,3,10,4,5,3,36
"COG3623",8,27,3,3,2,15,8,86,14,39,1,2,10,14,11,1,6,2,59,9,9,4,15,24,21,8,2,5,7,8,3,9,3,3,26,44,6,7,2,16,21,3,12,5,4,9,20,33,7,6,1,17,4,26,3,11,137,26,7,1,6,2,2,33,7,1,63,3,37,15,18,7,8,23,4,4,5,20,25,8,4,36,5,15,12,4,8,12,4,12,2,11,4,1,6,2,1,5,1,13
"COG3624",0,0,2,1,0,6,0,102,5,7,2,0,5,6,2,0,2,0,8,1,1,2,1,6,6,0,1,0,0,0,0,2,0,0,1,8,0,1,0,2,4,0,2,2,0,6,0,5,0,2,1,9,4,8,2,0,37,3,0,0,2,0,2,15,1,1,24,0,2,7,4,0,0,3,0,1,0,7,3,1,1,0,1,2,7,0,0,1,0,6,0,0,1,1,1,2,1,2,1,4
"COG3625",4,1,5,2,0,9,1,97,7,7,0,2,3,1,12,3,8,0,6,6,9,4,5,12,12,0,1,1,1,13,0,6,0,0,2,16,3,3,0,6,7,2,6,5,2,14,0,4,2,10,2,27,1,8,5,4,23,3,2,3,2,6,3,17,5,3,23,0,12,8,10,0,10,6,0,3,0,4,1,0,3,0,6,7,8,1,1,2,2,3,2,0,0,6,7,2,1,4,4,7
"COG3626",11,2,11,8,3,11,7,196,8,6,0,5,12,3,11,11,7,1,19,10,11,0,11,20,7,0,1,1,1,13,3,20,6,1,4,17,6,2,3,6,5,9,24,20,2,12,0,6,3,12,1,47,0,18,5,6,54,6,2,1,2,11,4,13,15,3,35,2,15,11,7,3,16,16,0,5,1,7,3,5,9,0,4,8,21,7,0,1,0,10,5,1,0,7,1,2,3,5,2,14
"COG3627",8,2,3,11,5,12,4,186,4,6,0,1,5,3,11,11,9,2,25,9,14,0,11,22,16,2,2,0,0,6,2,17,3,5,3,22,8,4,1,4,8,7,27,19,2,16,0,11,2,13,1,38,1,13,6,4,84,8,4,4,2,7,3,23,10,7,41,2,6,10,17,2,9,12,0,5,4,9,5,0,2,0,7,12,23,6,1,3,0,13,0,0,2,2,7,3,4,12,2,19
"COG3628",2,1,7,2,0,28,0,74,11,7,1,7,1,1,3,1,3,0,14,4,4,2,21,24,0,2,0,1,15,1,0,5,1,1,1,27,25,3,1,3,14,3,0,11,2,6,0,5,4,1,1,13,2,8,3,8,1,2,5,0,1,0,0,17,2,0,3,2,5,2,25,5,7,8,1,1,0,3,15,4,3,0,2,3,12,32,0,2,1,5,6,1,1,3,1,11,0,2,1,3
"COG3629",8,7,13,3,2,2,0,5,41,0,1,4,0,4,4,3,21,2,1,6,3,14,39,41,0,1,2,0,9,3,16,19,3,8,11,0,17,0,5,1,7,8,36,11,0,3,0,23,0,12,2,2,2,4,7,7,121,2,8,4,39,12,7,3,3,3,1,3,18,1,3,7,0,2,2,9,5,23,2,3,5,0,26,2,2,5,4,7,1,7,8,4,3,5,7,5,2,3,4,6
"COG3630",0,1,0,0,0,0,0,0,0,0,0,0,0,0,0,0,0,0,9,0,0,0,0,0,0,2,0,0,0,0,0,0,0,1,1,0,0,0,2,0,1,0,0,0,0,0,0,2,0,0,0,0,3,0,0,0,0,0,0,0,0,0,0,7,0,0,0,0,0,1,0,0,0,0,0,1,2,0,0,0,0,0,0,0,0,0,0,0,0,1,0,0,0,0,1,0,0,0,0,0
"COG3633",51,92,112,60,55,21,355,68,26,167,7,58,105,91,48,66,42,76,93,97,56,161,90,65,30,65,115,102,58,197,69,48,31,43,57,119,49,22,73,42,27,34,51,53,125,77,41,209,103,67,71,38,43,25,70,72,87,65,59,40,106,123,92,52,56,113,141,32,15,76,102,60,71,37,50,51,181,151,15,48,117,107,52,77,67,24,135,69,45,100,50,46,38,60,56,87,39,42,86,91
"COG3634",230,46,101,157,162,196,9,109,200,30,12,102,54,56,178,174,57,24,101,142,193,19,68,111,23,127,70,16,146,106,91,186,197,55,133,62,161,191,22,104,133,197,88,154,33,174,132,142,119,158,163,66,92,173,200,82,113,124,156,92,90,77,119,111,133,144,132,84,110,118,239,110,149,166,50,159,17,34,216,61,71,49,132,206,139,142,36,109,116,117,67,146,85,173,163,125,196,190,122,177
"COG3635",188,61,99,161,139,119,34,50,193,42,214,88,196,169,173,198,121,191,104,183,203,26,111,120,237,146,190,180,177,112,194,175,147,85,81,98,123,162,101,117,146,153,176,112,72,121,126,29,126,173,112,164,100,172,151,138,61,162,193,166,140,102,115,71,212,141,65,194,152,101,86,82,150,138,115,107,117,98,158,125,90,49,191,153,128,120,53,153,221,101,115,145,78,152,229,96,131,188,81,174
"COG3636",2,0,0,0,0,0,0,3,1,11,0,0,0,0,0,1,1,0,0,0,1,0,2,0,2,0,0,0,0,0,0,0,0,1,0,7,10,3,0,0,0,2,0,0,0,0,0,1,0,0,0,0,1,0,0,2,0,0,0,0,1,0,1,0,0,2,0,0,1,3,0,3,0,0,3,0,0,0,4,0,2,5,0,1,7,0,0,8,0,1,1,11,0,0,0,1,0,1,0,3
"COG3637",5,0,4,1,0,18,1,352,16,43,11,1,20,1,3,1,15,2,57,3,4,12,24,16,12,12,0,0,0,4,1,2,0,2,3,35,9,5,0,15,13,4,8,10,0,3,0,6,2,0,0,24,12,19,5,0,332,16,1,0,5,0,8,28,2,2,97,6,18,14,62,1,1,14,3,1,2,19,8,1,0,0,0,29,5,1,5,8,1,30,0,0,3,2,1,4,2,7,1,10
"COG3638",10,41,4,21,21,24,6,30,6,29,1,14,4,23,8,20,13,7,22,10,10,71,14,53,8,13,4,4,45,21,11,32,16,7,26,19,22,0,9,13,10,13,32,26,54,11,14,11,5,17,20,36,23,5,12,9,44,9,10,13,8,24,7,23,31,8,28,15,18,14,9,23,23,16,17,13,7,15,5,19,17,7,24,14,22,11,12,13,4,48,24,20,6,12,12,22,4,15,18,33
"COG3639",17,94,16,12,35,17,5,38,11,60,2,34,19,70,9,23,29,9,51,16,15,135,25,32,13,19,5,6,95,36,14,36,22,15,33,20,54,4,21,24,11,24,78,38,71,13,14,29,7,21,16,68,43,9,21,12,57,17,22,16,13,38,14,32,46,29,47,23,17,13,19,16,32,15,25,36,13,12,6,37,20,13,38,11,47,19,20,23,9,41,27,39,14,9,30,26,10,29,8,50
"COG3640",11,65,8,27,27,10,29,9,16,45,18,36,8,103,8,16,17,20,28,5,14,118,16,66,7,24,23,25,60,40,22,25,16,20,22,1,41,6,38,24,14,32,97,35,29,11,50,109,55,11,25,47,30,17,15,43,15,70,8,18,66,31,36,23,32,34,66,7,6,5,20,24,17,17,25,51,18,199,13,84,40,34,27,7,14,9,111,43,11,42,35,36,37,22,20,25,18,14,23,46
"COG3641",11,37,20,29,23,17,43,10,20,11,4,45,17,58,12,39,9,22,43,9,41,119,24,32,5,37,20,26,47,73,33,40,26,30,16,21,39,8,32,32,24,12,33,32,80,10,17,96,58,40,53,83,57,11,64,33,33,56,30,40,57,62,35,52,31,58,83,24,42,21,75,42,52,30,67,81,32,120,35,67,64,51,43,56,48,23,141,47,16,98,56,39,59,51,38,60,17,17,35,77
"COG3643",133,28,53,95,79,79,3,12,117,6,3,30,23,47,144,124,31,9,45,108,138,14,24,72,8,38,28,6,93,58,52,106,87,29,53,1,96,102,2,57,97,99,64,55,4,78,62,22,59,63,82,37,34,115,92,36,29,71,72,48,54,66,69,47,38,95,23,38,80,36,54,52,85,32,32,71,6,18,103,53,54,7,86,68,65,108,12,65,32,29,37,68,25,84,102,85,72,139,82,84
"COG3645",285,72,152,36,145,33,75,91,125,75,178,143,248,202,32,44,132,250,29,55,24,67,202,225,180,51,168,225,80,65,270,191,58,220,102,128,78,127,125,83,39,53,70,99,103,47,29,10,35,191,163,131,166,127,38,235,55,117,184,437,123,124,55,44,172,37,87,180,106,70,56,54,103,52,38,41,178,44,43,92,184,36,75,159,74,93,90,52,187,68,106,125,89,76,75,81,43,87,28,85
"COG3646",433,19,32,4,45,19,55,191,76,7,14,53,3,8,14,12,8,3,12,31,28,19,56,46,97,26,38,13,5,56,67,64,4,8,8,26,31,7,35,3,27,8,4,9,4,9,13,17,7,2,44,23,16,18,5,59,13,22,6,172,18,8,14,9,8,8,30,1,5,40,7,5,1,15,15,10,16,38,30,12,35,80,5,133,47,55,9,9,13,15,33,20,12,12,9,3,4,62,8,68
"COG3647",0,0,0,4,0,11,0,10,1,2,0,0,2,1,3,0,3,0,0,0,1,1,0,0,6,0,0,0,0,1,0,0,0,0,0,8,0,0,0,0,0,1,0,1,5,1,0,0,0,0,2,3,0,0,3,1,14,1,0,5,0,0,0,2,4,2,8,0,0,3,8,0,1,1,3,2,0,1,1,0,0,0,0,1,0,0,0,0,0,3,0,0,1,1,0,0,0,0,0,1
"COG3649",43,50,55,38,57,12,25,21,56,19,7,49,122,111,29,21,24,39,9,80,54,40,85,72,32,36,11,32,53,145,34,43,42,36,46,68,33,4,97,65,24,44,57,23,55,64,38,39,33,19,60,67,52,52,17,42,60,79,46,23,60,29,53,41,32,39,22,24,72,29,30,33,38,44,21,41,37,5,3,34,81,18,38,39,18,33,37,33,45,40,44,63,45,44,60,53,25,59,21,19
"COG3650",0,37,0,5,9,0,2,0,0,0,0,2,0,0,0,0,2,2,1,0,2,0,0,1,0,6,0,1,8,0,0,0,4,0,6,5,2,1,3,0,0,0,1,1,0,0,0,0,0,0,1,0,12,2,1,0,0,0,1,0,0,3,0,2,2,3,0,12,0,0,0,0,0,1,2,2,1,0,0,1,2,0,3,0,13,0,4,0,2,12,0,3,2,0,7,3,0,1,4,0
"COG3653",23,23,23,35,5,56,21,24,32,2,6,16,22,140,33,28,13,15,88,13,38,5,25,44,5,7,15,7,41,24,34,35,12,11,27,5,49,23,16,28,50,28,57,51,40,20,2,26,9,69,47,105,9,12,20,61,45,22,47,38,69,22,29,28,49,35,17,16,170,25,16,28,3,4,24,27,17,1,92,44,16,70,33,11,60,35,52,19,11,50,14,27,9,35,18,49,15,14,17,25
"COG3654",5,11,81,15,12,34,1,63,8,27,7,51,18,23,19,17,31,7,49,21,9,24,49,14,46,12,7,12,53,6,7,21,10,25,13,9,22,26,19,1,28,11,13,31,8,2,8,15,11,17,43,43,29,26,20,61,20,51,44,11,51,30,29,14,37,36,47,48,21,39,15,33,43,18,26,18,20,100,54,39,51,1,41,29,31,26,60,31,48,21,25,16,40,56,58,15,9,26,52,18
"COG3655",47,49,30,54,94,33,26,72,44,61,15,58,20,98,78,31,62,27,46,35,24,34,81,92,16,69,38,19,74,56,35,62,60,68,71,20,51,68,34,52,57,46,82,58,63,67,66,45,46,48,51,88,78,41,47,98,16,50,31,37,72,51,65,57,45,58,61,39,36,56,33,43,64,79,69,61,32,106,38,104,82,55,65,57,53,65,82,58,38,50,100,96,111,48,41,62,84,66,94,42
"COG3657",3,0,0,0,0,0,0,0,0,5,0,0,0,0,0,0,0,0,0,0,0,3,4,0,0,0,0,2,0,0,0,0,0,1,0,0,3,0,0,0,0,0,0,0,0,1,0,0,0,0,0,2,0,0,0,4,0,0,1,0,0,0,2,0,0,2,0,0,0,1,0,0,0,0,0,0,0,0,2,0,0,0,0,2,1,1,0,4,0,0,0,6,0,0,0,0,0,0,0,0
"COG3659",0,1,0,0,0,0,0,0,0,0,0,0,5,3,0,0,0,0,33,0,0,0,0,0,1,0,0,0,0,0,0,0,0,0,3,0,1,0,0,0,0,0,8,0,0,0,0,0,0,0,0,0,1,0,0,0,0,0,0,0,1,0,1,8,0,0,4,1,0,3,0,0,0,1,0,0,6,0,0,0,0,0,0,0,0,0,0,0,0,0,0,0,0,0,1,0,0,0,0,0
"COG3660",0,0,0,0,0,0,0,18,0,0,0,2,0,1,0,2,0,0,0,0,0,0,0,0,0,0,0,0,0,0,12,0,0,0,0,0,13,0,0,0,0,0,0,1,0,0,0,0,0,0,2,4,3,0,0,0,0,0,0,4,6,0,0,11,0,0,0,0,0,0,0,0,1,0,1,0,1,0,0,0,0,0,3,0,0,0,0,0,0,0,0,0,0,1,0,0,0,0,0,0
"COG3661",80,26,96,145,142,46,1,13,197,3,291,80,275,130,148,169,134,254,117,171,180,2,50,21,29,43,215,300,141,109,148,50,213,45,107,185,69,115,323,82,52,148,78,93,103,188,169,1,79,90,76,27,60,129,145,81,9,128,177,157,80,38,99,68,167,147,22,171,276,136,62,45,126,190,103,113,180,5,137,52,88,5,82,119,78,102,63,102,179,47,107,121,58,142,83,83,146,124,93,88
"COG3662",0,0,0,0,0,0,0,0,0,0,0,0,2,0,0,0,0,0,18,0,0,0,0,0,1,0,0,0,0,0,0,0,0,0,0,0,0,0,0,0,0,0,2,0,0,0,0,3,0,0,0,0,0,0,0,0,0,0,0,0,0,0,0,4,0,0,1,1,0,3,0,0,0,0,0,0,0,0,0,0,0,0,0,0,0,0,0,0,0,0,0,0,0,0,0,0,0,3,0,0
"COG3663",89,74,112,76,91,76,31,84,92,27,132,111,108,75,86,68,139,102,92,107,71,69,116,91,153,97,134,123,104,89,121,79,112,123,154,118,107,92,113,94,85,75,87,113,88,96,95,57,92,82,155,69,126,88,119,87,84,67,103,113,121,100,94,103,103,83,112,141,91,100,113,63,82,108,113,100,117,50,74,89,133,96,103,126,101,100,99,71,99,102,91,103,95,125,105,96,96,121,95,115
"COG3664",2,262,87,39,25,25,9,5,6,45,4,51,7,64,12,21,8,23,50,65,32,50,48,61,2,50,4,40,41,35,38,10,44,32,13,5,166,76,63,92,94,13,79,88,13,21,102,411,46,15,48,75,40,66,27,30,13,54,39,23,46,52,12,81,32,55,95,32,2,33,51,40,36,130,45,27,21,247,42,58,29,55,44,13,29,52,33,53,23,34,57,38,125,33,22,111,26,15,33,34
"COG3665",2,0,12,3,9,1,1,0,0,0,1,17,2,5,0,1,1,2,0,0,5,0,0,1,2,9,0,3,0,3,2,3,5,1,4,0,2,0,2,1,2,1,3,10,0,2,0,0,7,2,2,7,1,0,4,1,2,0,1,1,0,3,0,9,1,0,0,15,7,3,4,1,0,5,6,6,2,0,0,2,0,0,1,0,11,3,1,2,0,13,3,1,0,0,7,0,0,3,9,1
"COG3666",945,349,1281,485,927,373,152,331,480,217,2620,589,3233,877,941,1990,1497,457,835,670,476,173,625,428,721,474,1521,4088,539,459,784,657,636,374,391,508,1125,932,1203,250,403,763,748,512,2823,748,475,596,644,575,585,748,463,786,484,1635,290,416,2477,1083,780,687,1205,516,766,870,238,2289,285,968,709,510,528,874,1042,515,2074,655,905,816,1611,1160,1841,932,723,571,1538,460,2865,233,660,703,365,624,745,478,1233,822,321,953
"COG3667",0,1,0,0,0,0,0,0,0,0,0,0,0,0,0,0,0,0,0,0,0,0,0,0,0,0,0,0,0,1,0,1,0,1,2,0,0,0,0,2,5,0,4,1,0,0,0,1,0,0,0,0,0,0,0,2,0,0,1,0,1,0,2,0,0,0,9,1,0,3,0,0,0,2,0,0,0,0,0,0,0,0,0,1,0,1,0,2,0,1,0,0,0,0,1,1,2,4,0,0
"COG3668",1,5,2,9,2,0,17,39,0,7,7,7,0,7,1,2,0,1,3,1,0,0,11,15,1,6,1,0,8,30,0,7,0,0,2,0,1,1,22,1,2,0,1,10,3,0,0,1,2,2,6,8,1,11,3,9,54,0,2,0,6,7,1,23,2,13,29,4,4,5,7,4,6,0,1,1,1,0,1,4,3,0,4,3,6,5,4,7,1,4,1,2,4,3,0,6,1,0,2,2
"COG3669",1236,530,1163,876,947,1127,96,475,1008,309,879,598,568,366,954,761,738,398,949,786,1243,202,618,611,467,1103,1061,199,768,572,702,838,1075,892,1239,409,825,1362,486,914,1216,906,657,616,185,964,1081,345,783,762,945,829,934,1007,1088,740,116,1082,824,870,667,478,1258,704,899,944,609,1069,1007,1223,1128,508,974,1207,816,961,562,475,1543,590,427,409,919,1349,1209,994,471,919,1004,601,399,771,631,1466,1409,862,1271,1373,1011,947
"COG3671",2,0,8,0,1,0,0,0,0,0,1,0,0,0,0,2,2,0,7,3,2,18,4,1,0,6,1,0,0,0,0,0,0,0,2,0,1,3,2,0,7,4,2,2,0,0,0,0,2,6,4,2,0,0,0,0,0,0,2,1,2,1,2,0,4,0,0,0,0,0,0,2,0,2,3,0,3,0,0,0,0,0,1,0,2,2,3,0,2,0,1,4,0,0,0,0,0,0,1,2
"COG3672",1,0,1,0,0,2,0,0,0,0,0,0,0,2,1,1,0,0,0,0,0,0,0,1,0,0,0,0,0,0,0,0,0,0,0,0,0,1,0,1,0,0,1,2,0,0,0,0,0,1,0,0,0,0,3,0,0,0,1,0,0,0,2,1,0,0,0,0,0,0,0,0,0,1,0,0,0,0,2,1,0,0,0,0,3,1,0,0,0,0,0,0,0,1,0,0,1,0,0,1
"COG3675",0,22,12,0,0,0,96,1,6,0,0,0,0,1,2,0,1,6,0,32,2,0,3,9,0,0,33,14,0,0,6,0,0,0,0,18,0,0,0,0,0,3,11,0,0,0,0,0,32,2,0,0,0,0,0,20,0,0,0,1,0,0,1,0,0,0,0,0,0,41,0,0,0,0,0,0,0,1,0,0,22,0,0,0,13,5,0,0,10,0,0,0,0,0,0,0,36,19,31,0
"COG3676",34,3,69,49,13,110,2,39,58,8,3,32,10,0,14,59,17,0,5,82,38,2,10,36,19,17,30,2,47,75,31,92,25,4,6,0,13,118,3,1,24,22,25,8,4,33,32,1,34,6,69,29,20,101,44,106,0,66,33,44,18,27,73,17,51,11,31,44,109,36,76,4,58,37,44,66,3,0,4,24,14,1,45,133,63,63,3,33,55,11,21,28,37,41,61,44,18,24,165,16
"COG3677",19,40,169,5,6,23,21,365,190,37,20,25,22,29,29,36,48,6,33,66,31,27,51,70,80,30,21,24,20,12,47,14,116,72,13,54,105,33,47,120,35,45,51,38,18,49,2,9,31,43,15,186,60,46,34,12,318,14,39,3,21,236,49,195,7,7,263,20,32,43,84,17,25,63,8,21,29,47,25,21,23,0,78,18,71,99,29,9,40,46,17,7,26,32,122,38,18,124,77,87
"COG3678",4,1,0,0,1,24,2,60,5,15,6,0,13,0,0,2,4,1,84,5,1,6,10,22,9,3,0,1,0,1,1,3,2,0,4,40,1,2,0,5,7,2,17,7,0,4,0,19,1,1,0,16,2,10,2,1,101,13,1,0,2,0,5,37,1,2,58,5,5,22,17,0,1,11,0,3,7,10,6,0,0,0,0,9,8,1,0,0,3,26,0,0,1,2,2,0,2,13,0,7
"COG3679",0,0,1,0,0,0,2,4,0,13,0,0,0,0,0,0,0,2,0,0,0,41,0,0,2,0,0,0,0,0,0,0,0,0,0,0,0,0,6,1,0,0,0,0,32,0,0,77,1,0,0,12,1,0,0,0,1,1,0,0,0,0,0,0,0,0,0,1,0,0,0,0,1,5,0,0,0,0,0,0,0,2,0,0,0,9,2,0,1,0,0,1,1,0,0,0,0,0,0,0
"COG3680",0,0,0,4,1,1,0,0,0,0,8,4,1,7,0,1,12,0,38,17,0,0,5,6,10,0,0,1,0,0,1,0,0,1,0,0,0,0,0,1,0,0,4,2,0,0,0,0,0,14,9,0,4,0,0,0,188,0,0,1,1,1,3,0,1,0,34,203,0,7,0,0,3,1,55,0,1,1,5,2,2,6,13,6,0,3,6,0,1,5,15,12,3,2,0,0,0,25,0,1
"COG3681",262,145,288,220,218,190,209,182,261,96,325,173,263,149,317,255,202,287,289,236,215,133,262,252,390,182,288,272,210,299,250,211,208,231,257,241,200,311,270,190,298,230,227,242,198,159,250,176,190,283,218,179,216,209,254,207,226,206,265,249,205,169,240,182,244,194,217,324,226,247,262,150,265,227,165,253,183,271,290,152,201,286,184,366,277,298,268,204,240,189,153,224,187,314,229,239,306,293,226,228
"COG3682",27,106,54,60,80,69,29,50,32,54,13,91,38,136,55,55,46,39,27,18,32,85,87,100,13,81,15,38,94,117,48,65,62,89,75,16,104,62,66,153,35,53,52,81,58,184,69,189,56,46,65,59,41,27,29,46,59,56,33,25,83,67,46,60,40,47,55,59,22,34,48,52,49,57,51,40,37,143,18,84,71,30,47,30,28,45,79,58,47,66,83,32,95,49,90,54,27,73,24,50
"COG3683",0,0,0,0,0,13,0,1,2,1,0,0,2,1,4,0,0,0,20,0,1,1,0,1,1,0,0,0,0,0,0,3,0,2,0,0,0,0,1,2,1,1,4,0,1,1,0,10,1,3,0,0,0,0,0,0,0,0,0,2,0,0,0,4,0,0,1,1,0,3,0,0,0,0,0,0,3,0,0,0,1,0,0,1,0,0,0,0,0,3,0,0,0,3,1,0,1,1,0,0
"COG3684",5,0,4,2,0,15,1,45,8,22,3,1,3,0,1,0,5,1,0,5,2,75,4,3,12,2,0,1,0,0,0,0,0,0,5,34,0,3,2,5,11,1,6,2,1,5,0,30,2,0,0,17,0,9,3,0,71,12,3,3,0,0,1,16,3,1,43,0,19,5,1,0,1,5,0,0,0,11,10,0,0,0,0,7,8,9,0,6,0,19,1,0,1,0,1,0,1,1,0,3
"COG3685",8,0,0,0,2,21,1,76,4,16,9,0,6,1,1,0,8,0,50,5,4,3,17,14,7,2,0,0,0,4,0,1,1,1,11,40,2,5,0,7,4,6,9,8,0,2,0,7,0,2,1,5,0,9,1,0,62,9,5,0,1,0,2,12,2,3,37,2,5,7,20,1,0,12,0,1,3,5,4,0,0,0,0,4,3,0,1,3,1,11,0,0,1,1,1,0,3,0,0,1
"COG3688",41,177,31,75,107,14,96,22,33,40,9,158,43,214,36,78,76,80,52,44,39,169,38,37,21,137,50,95,135,181,77,61,100,102,51,55,70,21,105,78,28,64,69,79,109,65,143,124,129,74,199,203,226,40,154,96,102,152,112,80,156,243,81,147,86,198,171,59,61,64,182,102,166,95,206,178,84,306,37,226,186,138,100,79,88,60,318,149,42,243,237,138,176,89,127,144,66,43,115,134
"COG3689",9,44,21,8,22,15,30,16,18,52,2,45,3,28,39,17,46,24,18,5,15,59,22,40,13,27,4,10,21,27,15,29,31,31,24,12,29,20,34,22,13,23,24,24,36,51,19,135,14,15,26,41,36,7,16,21,88,51,26,22,42,61,34,36,6,17,41,10,54,11,25,15,29,23,44,17,15,34,22,57,27,106,17,9,20,24,88,37,7,15,60,19,34,16,17,31,9,12,17,18
"COG3691",0,0,2,0,2,4,3,24,2,8,1,0,8,0,0,0,4,1,18,2,1,6,7,12,5,12,0,0,0,3,0,4,3,0,3,30,0,4,5,5,5,0,2,1,1,1,0,10,2,1,0,9,2,5,3,0,57,5,2,0,0,0,3,14,1,0,34,5,8,8,9,1,0,19,2,0,3,8,2,0,0,0,0,2,2,1,1,0,0,7,0,0,1,1,1,0,1,3,1,5
"COG3692",1,0,1,0,4,2,0,16,1,4,0,0,1,0,0,1,2,0,0,0,0,0,6,0,3,1,0,0,0,0,1,0,0,0,4,17,0,2,0,3,0,0,0,1,1,0,0,0,0,0,0,0,0,3,0,1,43,5,1,2,1,0,0,9,0,0,24,1,7,0,5,0,0,7,0,1,0,4,1,0,0,0,0,2,0,0,0,0,1,5,0,0,1,0,0,0,1,0,0,6
"COG3693",66,268,45,103,155,35,16,13,129,5,135,151,142,122,83,189,121,212,108,130,121,5,41,32,37,83,132,158,110,49,135,45,159,65,56,153,114,93,248,61,28,115,89,107,79,99,118,9,58,64,132,46,170,95,34,59,21,116,98,147,63,52,108,125,118,179,30,174,116,147,32,43,117,147,128,59,131,71,67,71,61,7,94,92,95,141,98,81,107,122,113,118,139,105,108,70,73,116,127,71
"COG3694",3,4,2,3,0,2,10,1,2,14,0,3,0,11,5,3,1,20,3,1,1,2,6,5,1,1,2,2,6,8,1,2,0,10,8,4,1,0,7,13,10,1,1,3,1,7,81,59,1,8,3,66,7,0,2,9,11,2,1,2,2,14,1,19,11,9,6,1,19,5,0,1,2,9,7,1,3,0,23,15,5,1,5,4,1,26,7,3,0,1,9,13,1,6,1,1,1,1,0,7
"COG3695",75,57,39,54,64,57,49,64,85,61,3,27,35,57,112,63,19,7,46,50,53,9,57,84,16,30,29,2,66,43,36,54,66,21,89,14,62,93,9,45,97,58,61,51,15,60,56,15,52,59,34,19,30,57,33,39,27,43,34,18,29,22,29,33,31,41,22,20,32,20,30,36,36,29,13,51,7,9,45,22,15,18,40,62,58,35,10,19,23,27,30,46,27,43,40,41,49,67,44,46
"COG3696",639,110,513,564,526,1044,32,384,1082,77,432,355,217,112,452,577,430,354,582,933,761,60,242,298,743,410,470,412,350,326,417,586,562,372,782,271,441,731,247,1010,739,805,355,452,299,569,395,35,459,559,428,298,385,866,520,343,74,454,533,534,213,226,734,296,643,572,206,513,725,469,539,241,442,704,383,353,207,36,1027,327,293,52,488,552,816,829,118,420,620,328,297,433,207,590,606,407,552,909,416,555
"COG3697",5,13,43,10,16,15,54,20,29,12,1,7,7,13,26,9,20,6,31,29,30,33,9,11,33,17,18,11,7,9,0,15,12,38,15,17,18,8,5,24,12,19,23,31,33,7,21,13,13,44,6,8,16,2,31,8,55,14,25,20,14,24,11,9,13,10,41,15,42,9,18,7,14,4,7,18,14,22,10,11,18,46,16,16,28,6,13,9,3,20,9,13,11,25,11,14,10,11,6,12
"COG3698",3,0,0,0,0,3,0,54,1,3,3,0,4,0,1,0,6,0,3,2,0,3,6,7,9,7,0,0,0,0,0,0,0,2,2,42,0,3,1,6,13,1,2,1,1,4,0,8,0,0,1,8,3,8,0,0,93,9,1,0,0,0,3,10,2,0,40,2,8,9,10,0,0,9,0,1,1,7,1,0,1,0,0,6,4,0,0,5,0,6,0,0,4,0,0,0,2,3,0,3
"COG3700",0,1,0,1,1,11,0,61,9,5,4,0,4,0,0,1,6,0,19,3,4,4,11,9,5,13,2,0,0,1,0,1,1,5,8,40,2,2,3,6,4,0,5,7,3,0,0,23,2,0,0,10,1,7,1,0,97,8,1,0,2,0,2,10,0,1,65,2,9,15,11,0,1,28,1,0,5,7,3,1,0,0,0,5,6,1,0,7,2,15,0,0,0,0,2,0,3,3,0,3
"COG3701",0,1,8,4,0,3,64,0,0,0,2,0,19,0,0,0,0,1,3,0,1,0,12,23,3,0,9,9,3,0,5,5,0,0,0,14,4,0,0,5,5,2,18,0,0,0,0,0,3,3,0,1,0,1,0,8,0,0,0,0,2,0,0,0,5,0,3,1,0,23,0,1,0,2,0,0,33,0,2,2,7,32,0,3,0,13,0,0,3,0,0,2,0,0,0,0,13,1,0,1
"COG3703",4,1,0,0,1,7,0,21,3,8,0,0,0,0,0,0,3,0,11,2,0,1,5,3,1,0,0,0,0,0,0,1,0,0,3,22,0,0,0,4,1,1,0,2,0,3,0,2,0,1,1,6,0,3,1,0,41,2,0,3,3,0,3,15,2,0,35,2,4,1,15,1,0,9,0,0,0,9,3,0,0,0,1,5,3,0,0,1,1,13,0,0,0,0,1,1,1,1,0,4
"COG3704",1,0,0,0,0,0,0,0,5,0,4,0,3,0,0,0,0,0,0,1,0,5,2,0,0,0,0,0,0,3,0,0,0,1,0,0,1,0,0,0,0,2,0,0,0,0,0,0,0,0,0,0,1,0,0,1,10,0,0,0,2,3,0,0,0,0,1,0,0,1,0,0,0,0,3,0,0,3,0,0,2,0,1,1,0,0,2,0,0,5,7,0,0,0,2,1,0,0,0,0
"COG3705",33,170,72,58,87,14,160,34,45,48,23,99,26,117,44,43,90,80,38,28,31,203,72,85,21,113,47,53,103,70,46,49,75,108,36,54,63,31,100,77,27,75,152,61,77,90,105,121,96,65,88,89,118,39,48,112,42,88,49,37,134,127,45,88,50,100,71,41,44,59,57,66,88,72,107,110,55,140,13,102,104,139,65,27,56,44,152,113,31,131,176,94,78,41,98,60,41,35,82,80
"COG3706",1710,747,1603,2153,1182,2442,109,443,2480,153,1685,1158,2148,689,1408,1891,794,1849,2041,2138,2856,313,1148,993,614,782,527,1705,1317,889,1563,1523,1955,667,2066,1103,2513,2213,1355,1514,2479,2050,1151,1412,682,1980,1428,113,1773,1464,1335,639,1020,2902,1729,952,119,1593,1617,2306,940,1142,1380,1419,1495,1046,832,1747,3040,1947,1238,1195,1409,1560,1737,1498,1299,128,2458,821,1070,257,1540,1383,1438,1281,869,1444,1200,916,788,1151,1172,1750,1945,2006,2432,1545,2448,1286
"COG3707",24,23,34,25,22,23,111,25,14,122,5,27,16,61,28,28,19,25,11,32,18,20,42,23,8,16,27,33,46,59,34,29,32,34,15,69,20,9,24,47,20,18,28,33,48,21,33,22,40,22,27,62,31,13,25,42,11,21,15,12,49,34,35,15,25,52,21,8,24,36,24,21,31,12,17,34,13,44,12,34,36,106,29,27,17,15,30,49,16,31,14,54,20,12,32,25,13,11,21,32
"COG3708",16,58,9,8,4,9,4,21,11,11,16,43,6,55,7,19,28,8,12,4,4,89,24,65,1,13,3,2,18,35,2,16,13,32,32,2,41,0,28,21,13,26,55,19,4,14,67,28,29,8,15,81,18,5,15,30,47,25,12,7,39,65,14,15,23,23,13,5,54,7,7,20,19,31,19,28,26,87,15,36,43,8,19,7,6,57,44,37,16,24,39,16,75,13,1,46,8,6,7,21
"COG3709",0,0,4,0,0,5,0,22,3,7,0,0,2,1,0,0,1,0,12,2,2,2,2,7,6,0,1,0,1,1,0,0,0,0,1,10,1,0,0,6,4,1,6,3,0,0,0,3,0,0,0,6,0,2,2,1,45,2,1,0,1,1,0,14,0,2,20,0,5,3,8,0,1,4,0,0,1,5,3,0,0,0,0,3,2,0,0,2,0,9,0,0,0,0,0,0,0,1,1,6
"COG3710",4,2,4,5,1,23,0,224,8,65,19,1,10,4,5,0,21,2,79,14,2,27,36,14,33,6,0,0,2,11,0,1,1,1,18,100,1,10,0,16,42,12,10,12,1,4,1,25,0,0,0,18,4,72,2,2,355,22,14,2,4,0,12,85,1,2,145,4,83,12,7,2,0,20,0,3,7,57,18,0,3,0,1,36,22,1,3,7,1,38,0,0,8,0,6,4,4,8,1,12
"COG3711",113,315,135,80,176,104,740,287,119,317,34,113,57,103,91,100,143,147,179,161,81,126,139,125,85,147,314,128,236,277,97,144,91,104,117,289,81,103,174,181,129,106,142,69,231,78,240,667,173,124,123,174,108,97,193,254,855,604,129,69,148,146,112,213,94,169,367,110,630,415,150,128,213,216,108,322,78,933,136,205,259,559,88,178,178,250,569,273,116,174,147,179,294,86,69,142,251,127,370,203
"COG3712",1603,610,1217,2276,1749,3239,56,684,2609,238,689,696,969,454,1761,1616,716,577,1405,1970,2054,212,1465,1540,676,820,1027,665,1061,927,1126,1570,1578,473,3394,360,1807,3454,726,1814,2982,2042,669,1907,420,2112,1912,31,1768,1340,1405,1468,660,2634,1695,1060,6,1557,1380,1450,878,593,1984,712,1357,772,553,1133,3152,2051,1729,1346,1263,1822,1110,1663,469,159,2836,615,1202,311,1224,1769,1594,2063,306,1651,1368,741,764,1356,1012,1393,1445,1824,2660,1876,1938,1418
"COG3713",2,0,1,0,2,33,1,84,6,12,2,0,10,0,2,2,9,0,50,12,5,21,11,15,8,1,1,0,0,0,2,3,0,0,5,50,0,2,0,10,12,11,4,11,0,8,0,6,0,16,2,5,0,6,3,1,83,7,4,4,2,0,5,19,1,1,35,1,26,5,6,0,2,13,0,1,0,10,5,0,1,0,1,2,11,5,0,4,0,14,0,0,2,6,1,0,0,5,0,7
"COG3714",3,1,1,5,0,9,0,31,6,2,2,0,2,2,2,1,2,0,8,1,3,2,6,6,7,0,0,0,0,3,0,0,2,1,1,15,4,2,1,2,5,2,3,3,0,3,0,4,0,0,0,5,0,3,3,3,63,5,5,1,2,1,4,20,3,1,40,0,8,2,13,0,1,9,0,1,6,3,5,1,0,0,0,6,1,0,0,3,0,13,0,0,2,0,2,0,1,3,0,2
"COG3715",67,147,111,36,61,62,481,274,74,169,14,36,44,74,60,45,75,85,147,144,81,295,95,90,57,68,113,106,45,225,38,62,34,29,67,283,46,57,156,68,73,71,254,36,136,41,93,445,127,70,49,79,38,36,92,47,345,207,53,28,55,33,72,88,61,42,191,39,110,107,137,30,66,87,58,115,37,177,44,39,88,198,31,52,91,79,273,142,39,90,21,48,46,28,46,64,39,42,114,52
"COG3716",51,84,72,32,41,51,355,198,45,139,21,33,25,68,37,27,50,51,105,107,43,223,84,71,47,57,70,70,33,168,21,45,22,36,53,218,24,27,79,45,49,39,190,30,123,23,46,253,96,63,37,90,25,35,65,47,385,215,51,33,44,50,61,85,63,43,197,61,144,103,124,34,53,105,46,126,25,186,59,27,123,201,33,53,82,79,297,141,47,94,17,44,47,26,56,67,48,54,96,64
"COG3717",170,119,124,195,184,198,50,83,197,53,272,136,206,52,190,214,115,237,145,202,311,88,123,100,284,184,155,219,191,151,145,165,207,83,148,122,128,195,178,159,159,210,79,135,93,198,99,36,201,190,185,67,150,224,174,94,102,226,201,217,147,103,174,133,193,194,174,266,177,142,165,103,219,185,111,140,88,26,201,123,131,41,126,232,159,126,95,125,221,178,113,137,122,223,261,196,181,220,195,172
"COG3718",7,41,24,15,5,5,178,4,6,1,9,9,3,21,16,15,21,20,28,76,6,55,14,16,8,24,48,28,37,15,19,15,4,11,14,59,19,9,17,13,1,21,83,18,0,5,1,7,66,17,5,27,10,2,12,62,17,8,18,6,28,16,8,13,12,6,6,2,11,20,5,9,14,15,7,12,21,4,2,30,35,19,16,2,26,21,14,33,15,13,27,19,7,5,53,7,91,16,58,28
"COG3719",3,3,1,1,1,9,1,45,6,14,4,0,5,0,2,2,5,1,21,0,5,5,10,15,2,5,1,1,0,1,0,1,0,3,8,40,2,2,4,3,3,5,7,3,1,1,0,8,1,0,0,12,1,6,1,0,66,10,4,0,4,0,3,24,1,1,60,1,12,6,12,0,0,17,1,4,4,14,7,0,0,0,0,7,7,0,4,3,0,13,0,0,2,0,1,2,3,2,0,4
"COG3720",0,0,0,1,0,9,0,0,9,7,2,0,2,1,2,0,0,0,21,1,1,4,0,22,3,0,0,1,0,1,0,1,0,1,1,0,1,4,0,0,12,3,5,1,0,1,0,8,0,0,1,12,1,7,0,0,3,0,0,1,0,0,0,4,3,0,9,0,11,12,0,0,1,0,0,0,0,2,4,0,0,0,0,11,3,0,0,1,0,0,0,0,0,0,3,0,1,2,0,1
"COG3721",2,1,7,0,8,2,0,0,10,8,0,0,11,0,6,4,0,0,8,7,3,24,0,15,7,9,0,0,0,4,0,4,0,0,10,0,2,5,1,7,13,13,0,1,3,2,0,0,0,6,5,4,0,3,8,7,2,0,4,0,2,1,3,0,3,5,1,0,20,5,0,2,0,2,5,0,15,2,8,2,0,0,3,4,4,0,0,1,2,2,0,3,0,6,1,1,3,0,3,0
"COG3722",2,2,0,2,3,19,2,86,4,12,7,0,4,2,1,2,6,0,36,6,4,7,18,16,8,1,0,0,4,1,1,5,0,2,7,45,0,10,0,8,19,4,6,10,2,5,0,5,0,0,0,16,0,9,1,0,147,10,0,2,2,0,3,27,4,0,78,3,15,7,27,0,2,17,0,1,5,14,11,0,2,0,0,6,10,1,0,2,1,24,0,0,3,1,1,0,1,6,0,10
"COG3723",92,21,47,20,95,24,21,4,103,9,6,85,53,23,12,28,21,7,15,3,18,14,23,17,4,33,11,3,29,52,30,62,13,19,32,2,28,31,5,3,10,56,10,32,19,1,1,11,3,25,13,18,21,22,14,28,90,34,40,28,26,52,10,14,28,23,35,20,31,17,34,10,32,10,18,10,12,1,22,30,57,13,4,24,45,42,31,63,24,26,61,29,7,22,34,67,0,70,13,7
"COG3724",1,0,1,0,0,8,0,36,4,4,2,0,5,1,2,2,2,0,55,3,0,3,5,8,5,0,0,1,2,1,0,0,0,3,1,25,0,1,0,2,6,0,10,4,0,1,0,6,0,0,0,3,1,6,3,0,66,7,1,0,3,0,2,11,0,3,50,1,3,5,9,0,0,9,0,0,3,6,3,0,1,0,0,5,7,1,0,1,2,13,0,1,2,0,4,0,1,3,0,5
"COG3725",2,2,0,0,0,6,0,35,5,5,3,0,6,0,0,1,0,0,29,3,0,0,7,7,8,3,1,0,0,1,0,1,0,1,6,21,1,1,0,2,6,3,3,2,1,1,0,3,0,0,0,10,0,2,2,1,53,8,0,0,0,0,3,16,1,0,29,2,4,3,13,0,0,4,1,1,0,4,4,0,0,0,0,7,3,0,0,0,0,11,0,0,2,0,0,0,0,4,0,8
"COG3726",0,0,1,0,2,9,0,29,3,8,1,0,2,1,0,0,4,1,15,1,1,1,2,5,0,5,0,0,0,3,0,3,0,2,1,14,0,0,4,2,3,0,7,3,1,0,0,8,0,0,0,4,2,1,3,1,27,1,1,0,1,0,2,12,0,0,27,0,5,8,8,0,1,4,0,0,1,10,1,0,0,1,0,1,3,0,0,1,1,9,0,0,0,0,2,0,2,3,0,2
"COG3727",105,49,40,76,54,23,74,77,9,94,72,58,42,63,151,113,42,62,63,111,90,69,88,89,63,58,63,108,59,29,86,36,44,116,66,67,94,81,111,36,95,42,68,71,108,61,37,24,80,48,44,39,82,29,31,96,46,101,85,63,59,26,74,89,59,69,67,77,73,79,115,66,41,95,48,29,73,53,42,65,84,109,24,158,74,106,53,50,89,64,129,106,62,61,73,80,53,32,71,44
"COG3728",10,28,25,12,23,1,19,166,4,14,10,21,6,12,11,6,7,6,1,9,20,78,26,10,5,33,36,19,18,35,12,10,2,17,12,11,4,6,11,17,8,13,29,25,0,15,19,14,21,13,27,44,12,12,5,51,30,26,3,4,7,40,5,24,1,18,30,4,7,29,30,12,17,13,9,7,4,71,7,9,23,85,15,5,27,6,8,18,5,19,24,6,35,5,29,14,6,32,12,7
"COG3729",1,0,1,0,0,1,1,27,2,3,1,0,1,0,0,0,5,0,13,1,0,0,4,3,1,0,0,0,0,1,0,0,0,0,2,10,0,1,0,2,2,0,2,1,0,0,0,3,0,0,0,1,0,0,0,0,30,2,0,0,0,0,2,8,0,0,9,1,4,1,9,0,0,3,0,2,1,3,1,0,0,0,0,3,0,1,0,0,0,4,0,0,1,0,0,0,0,2,0,2
"COG3730",3,41,9,0,1,6,224,39,12,7,1,0,4,2,2,0,3,16,14,58,3,3,16,3,4,1,84,8,0,4,5,5,1,1,1,52,2,1,5,4,2,12,20,6,0,5,0,52,48,1,3,4,2,3,0,4,27,8,3,2,1,0,4,22,4,1,27,0,4,19,9,3,0,17,1,5,3,11,4,4,6,33,0,3,24,2,4,4,7,8,0,1,4,0,4,1,31,4,29,4
"COG3731",0,16,8,0,3,3,127,36,10,11,1,2,2,2,1,0,4,5,24,32,2,25,8,6,9,3,50,7,2,7,5,5,1,2,0,35,1,4,1,2,4,4,11,2,2,2,1,57,30,2,0,4,0,3,4,9,33,14,2,0,2,0,4,29,5,2,29,3,4,19,9,3,2,15,1,3,0,8,1,4,7,43,1,5,6,6,8,7,11,5,1,1,1,0,2,1,23,5,24,4
"COG3732",4,58,15,1,3,5,249,45,13,7,2,0,7,2,3,2,3,12,67,74,7,4,13,14,8,4,87,18,1,7,11,3,0,2,4,58,4,4,4,6,4,7,40,6,2,2,2,68,51,0,1,5,4,5,2,5,52,23,3,1,1,2,7,33,12,6,35,2,6,35,13,3,3,21,1,5,1,22,3,2,15,37,1,1,34,1,11,6,7,9,1,4,5,1,5,1,33,10,35,7
"COG3733",2,2,0,0,0,22,0,0,4,12,4,0,6,0,0,2,6,0,38,6,0,0,14,0,5,4,0,0,0,0,0,1,0,1,3,49,1,2,0,9,2,0,10,8,1,0,0,10,0,1,1,0,0,13,1,0,124,14,1,0,1,0,5,13,0,0,37,3,5,6,23,1,2,28,1,0,5,11,2,1,1,0,0,6,1,0,1,4,0,16,0,1,3,0,3,5,1,8,0,12
"COG3734",8,2,13,1,2,36,0,60,25,34,4,5,15,6,9,3,5,1,86,7,9,25,33,21,18,5,2,1,9,4,5,6,0,6,25,58,5,8,10,26,19,10,20,15,5,12,9,9,3,3,0,26,1,12,8,4,203,26,8,4,1,2,9,45,8,3,62,3,16,22,40,5,0,13,1,10,4,10,32,46,2,23,5,12,10,2,11,6,2,11,40,1,5,0,4,1,6,5,2,17
"COG3735",47,14,17,45,37,81,1,51,37,14,52,11,7,14,33,41,33,3,48,73,89,5,33,41,167,12,3,3,43,22,30,34,48,11,37,40,75,75,37,63,27,42,24,30,4,71,37,11,21,48,25,24,18,134,63,23,68,36,43,20,9,42,22,41,26,19,50,7,84,22,28,20,19,26,13,39,18,22,55,10,37,0,48,18,31,56,5,47,5,19,39,59,13,38,33,41,28,32,29,30
"COG3736",5,2,2,0,0,0,0,1,3,24,1,0,2,0,1,1,0,0,32,1,0,4,1,0,0,0,0,0,0,4,0,0,0,1,4,0,7,0,0,1,0,1,0,0,0,0,0,5,0,0,0,0,3,0,0,4,5,0,0,0,1,1,0,0,0,1,34,1,0,0,0,6,0,0,2,0,0,8,6,2,1,0,0,5,0,0,0,0,3,7,8,0,0,1,2,7,0,0,0,0
"COG3738",12,6,4,5,5,3,5,56,8,5,11,22,6,7,4,15,10,7,7,19,3,20,16,19,12,23,6,15,10,14,24,3,4,7,22,21,11,3,14,7,6,3,14,9,22,3,3,6,7,6,11,14,20,11,18,19,61,17,16,16,20,20,17,34,11,6,65,2,3,15,24,40,5,10,11,20,10,7,3,3,11,41,12,9,10,29,25,10,1,25,12,10,32,5,23,19,5,2,20,7
"COG3740",409,16,44,17,16,77,152,66,21,10,5,38,18,102,17,14,19,14,11,19,7,51,52,47,2,14,120,21,21,65,27,16,12,11,53,13,12,6,5,43,29,31,18,9,68,18,1,3,6,2,36,45,8,46,7,12,31,14,39,20,4,8,29,6,20,26,27,17,21,23,79,26,28,8,2,6,20,1,19,18,8,58,28,67,10,16,9,16,4,17,24,34,4,35,7,26,9,7,27,14
"COG3741",0,0,0,0,1,0,0,1,0,2,0,2,0,0,0,0,1,1,0,0,0,0,0,0,0,0,0,0,0,0,0,0,4,0,1,0,19,0,1,0,0,1,0,0,0,0,2,0,0,0,0,4,2,0,0,0,0,2,0,0,3,0,0,0,0,0,0,0,3,0,0,1,0,0,0,0,10,6,0,0,0,1,0,0,0,9,2,0,1,0,0,0,0,0,0,0,0,0,0,0
"COG3744",0,0,0,2,0,0,0,0,1,0,1,2,0,0,0,0,0,0,1,0,1,10,3,3,0,0,0,0,2,0,1,5,6,2,3,0,0,1,0,0,2,3,0,0,0,0,1,1,0,5,0,0,2,0,2,3,0,1,2,5,1,1,0,2,5,0,0,0,0,0,0,6,0,0,2,0,0,0,0,1,1,0,3,6,0,3,0,0,3,0,2,0,5,13,0,0,0,2,0,2
"COG3745",2,0,1,2,2,0,0,0,0,0,1,8,0,2,0,0,10,0,0,0,0,0,0,5,0,2,0,3,7,0,0,0,2,5,0,0,4,0,1,2,0,3,0,0,7,0,0,0,0,0,3,2,2,2,10,2,8,0,7,5,27,0,0,4,6,0,0,0,0,1,0,0,0,7,0,6,11,0,0,7,6,0,1,2,0,0,6,0,1,4,1,0,0,3,35,0,0,0,1,2
"COG3746",81,32,88,84,146,101,2,36,137,7,43,104,32,18,108,111,20,8,54,168,112,13,61,45,5,98,67,6,83,46,25,51,105,44,147,1,35,197,1,83,192,126,46,65,9,47,97,1,118,62,54,18,62,138,88,72,0,80,68,44,36,9,110,47,94,86,30,63,88,75,87,49,92,270,30,84,40,9,149,100,28,19,75,135,105,111,10,118,98,28,54,74,57,183,70,98,176,88,114,80
"COG3747",4,20,5,1,4,1,1,21,6,16,0,24,19,2,4,5,6,7,1,2,3,3,8,18,6,6,2,5,18,5,2,3,6,6,1,3,54,4,7,14,10,13,2,10,14,4,3,8,0,8,10,8,12,4,2,13,7,20,14,2,11,2,6,3,1,13,12,2,13,2,8,17,10,8,2,4,4,1,4,6,4,6,5,0,3,24,9,10,1,13,7,7,44,6,0,5,3,11,1,4
"COG3753",1,0,0,0,2,1,0,29,4,7,0,0,1,1,0,0,1,0,0,1,1,3,7,4,2,0,0,0,0,3,0,0,0,0,6,15,0,3,0,2,3,0,0,2,0,1,0,4,0,0,0,5,0,3,0,1,42,4,2,0,1,0,2,13,2,0,32,0,4,2,7,0,0,6,0,0,0,8,2,0,0,0,0,4,4,0,0,2,0,5,0,0,0,0,0,0,1,1,0,3
"COG3754",113,84,156,203,134,226,11,73,234,28,251,62,90,167,130,75,101,395,40,186,94,15,98,88,25,115,121,96,124,41,78,56,92,45,124,74,152,224,78,77,317,130,55,207,35,66,174,159,58,85,168,40,42,247,181,54,7,103,150,70,105,56,75,53,125,35,86,176,233,58,100,72,115,227,99,190,281,52,141,149,89,265,147,137,79,130,95,115,186,41,109,141,95,154,164,136,201,141,161,88
"COG3755",2,0,2,0,0,7,0,31,1,0,0,0,1,0,1,0,1,0,5,3,0,0,6,0,0,0,0,0,0,0,1,1,0,0,2,22,0,1,0,2,2,0,3,3,0,0,0,3,0,0,0,0,0,0,4,0,36,5,1,0,3,0,4,9,0,0,35,0,0,1,8,0,0,14,0,0,0,2,0,0,0,0,0,1,0,0,0,1,0,4,0,0,0,1,0,0,0,1,0,4
"COG3756",0,0,1,0,0,0,0,31,0,0,1,0,1,0,0,0,0,0,0,0,0,0,0,0,0,1,0,0,0,0,0,0,0,0,0,0,0,0,0,0,3,0,0,3,0,1,0,0,0,0,0,0,0,9,1,0,0,0,0,0,1,0,0,0,0,0,4,0,6,0,0,0,0,0,0,0,0,1,0,0,0,0,0,1,0,0,0,0,0,2,0,0,0,0,0,1,0,0,0,0
"COG3757",102,285,159,205,130,103,175,103,84,171,388,392,331,383,92,134,297,484,132,86,99,341,238,193,338,407,308,537,282,226,343,264,234,389,148,330,203,93,505,279,70,180,616,243,523,310,237,326,288,122,297,336,308,187,191,282,175,155,305,344,380,382,227,251,189,309,255,243,166,355,210,435,278,233,365,269,336,290,71,499,468,259,165,158,85,134,352,207,382,385,473,597,533,184,306,275,107,90,135,259
"COG3758",1,2,5,8,1,20,0,35,13,13,1,1,2,14,5,0,1,1,17,3,3,7,1,17,6,1,0,0,1,0,2,6,4,1,5,15,4,0,1,9,14,5,38,6,0,4,0,19,0,1,5,19,1,5,0,2,36,4,0,1,8,2,4,11,7,2,28,1,20,4,6,3,1,10,2,2,5,13,5,3,0,0,0,10,3,2,3,1,1,11,1,4,1,0,4,5,0,1,0,4
"COG3759",0,0,6,0,0,0,1,0,1,4,0,1,1,0,0,0,0,0,6,0,0,0,0,1,0,0,0,0,0,0,0,0,0,0,0,0,0,1,6,0,0,0,1,0,14,0,0,66,1,0,0,0,0,1,0,0,0,1,0,0,0,0,1,3,0,1,0,1,1,1,0,0,0,4,0,0,0,2,0,1,0,9,0,0,0,4,2,0,0,0,2,0,0,0,0,1,0,0,1,0
"COG3760",20,82,61,32,23,31,75,39,33,37,15,93,36,90,37,66,46,48,23,43,38,101,60,57,51,42,32,69,78,51,65,60,60,136,30,31,62,44,55,57,32,38,66,73,55,49,94,76,63,31,56,83,76,51,51,51,44,47,36,26,91,95,59,88,37,48,55,42,72,55,25,56,50,69,43,64,84,85,30,90,94,66,45,9,41,69,97,67,31,63,76,52,76,57,36,92,51,28,98,39
"COG3762",1,0,1,0,0,0,0,4,1,0,0,1,3,0,0,0,1,3,0,0,1,4,1,0,0,8,1,0,0,2,1,1,0,1,0,0,1,4,1,0,0,0,0,1,0,0,0,3,0,0,2,0,2,0,0,5,0,0,0,0,0,0,3,0,0,0,0,0,0,1,0,1,1,1,2,1,0,0,0,0,0,0,0,4,2,19,1,1,0,4,0,1,1,0,0,2,5,4,0,0
"COG3763",0,1,1,0,0,1,2,1,0,1,1,1,0,2,0,0,0,1,1,0,0,21,0,1,0,0,1,0,1,0,0,0,0,8,0,6,1,0,3,0,0,1,0,3,15,1,0,30,0,0,0,8,4,1,0,2,0,2,1,1,2,3,3,2,0,0,0,0,2,0,1,12,0,1,1,0,1,3,0,2,1,1,0,0,0,4,5,0,0,0,2,0,0,1,0,0,0,0,0,0
"COG3764",38,101,23,76,52,2,411,156,43,837,18,133,21,260,32,74,67,118,46,9,24,185,86,108,29,62,23,34,74,83,84,76,63,137,16,181,37,28,140,164,31,47,116,44,176,26,135,234,77,43,82,387,108,36,65,236,38,92,44,17,105,95,169,91,89,98,105,33,36,62,77,133,91,51,81,142,49,152,30,313,82,407,54,37,39,54,182,165,13,88,165,186,180,39,24,53,34,34,74,109
"COG3765",5,2,2,0,2,71,1,147,33,34,12,0,7,2,2,2,16,0,30,11,3,9,21,40,20,2,0,0,2,5,1,3,0,0,9,85,1,7,1,19,16,5,8,13,5,11,0,10,3,1,0,48,1,16,5,0,166,23,3,2,7,0,1,34,2,3,136,9,41,28,54,0,1,33,1,2,3,29,15,0,0,0,0,21,10,0,0,8,1,28,0,0,2,0,1,0,8,5,0,11
"COG3766",0,0,0,0,0,1,0,0,6,10,1,0,0,1,1,0,5,0,1,5,0,1,1,9,4,2,1,0,0,0,0,0,0,0,1,21,0,0,0,2,6,0,1,2,0,1,0,1,0,0,1,5,0,3,1,0,18,1,1,0,1,0,1,3,0,0,26,0,8,4,5,0,0,1,0,1,0,9,3,0,0,0,0,3,1,1,0,0,0,8,0,1,1,0,0,0,0,0,0,3
"COG3767",0,0,0,0,0,0,0,0,0,0,0,0,0,0,0,0,2,1,0,0,0,0,0,0,0,1,0,0,0,0,1,0,1,0,0,0,0,0,1,0,0,0,0,0,0,0,0,2,0,0,0,0,0,0,0,0,0,0,0,0,0,0,0,0,0,0,0,0,0,0,0,0,0,2,0,0,0,0,0,0,0,1,0,0,0,0,0,0,0,0,0,0,0,0,0,1,0,0,0,0
"COG3768",0,0,0,0,0,8,1,37,1,5,1,0,2,1,1,3,4,0,9,0,1,2,1,0,3,6,0,1,0,3,0,1,1,2,4,11,1,2,3,2,3,0,3,3,0,1,0,4,0,1,2,4,0,1,1,2,58,9,3,0,1,1,5,13,0,2,29,0,6,4,18,0,0,10,1,0,2,3,6,0,0,0,0,7,0,0,0,0,0,10,0,0,0,0,2,1,3,0,1,4
"COG3769",0,0,0,0,0,10,0,10,0,2,0,0,1,0,0,0,0,0,0,0,0,2,1,7,1,0,0,0,1,0,0,0,1,0,1,15,0,0,0,2,1,0,0,1,0,1,0,0,0,0,0,4,0,1,0,1,25,5,0,0,2,0,0,4,0,0,22,0,0,1,11,0,1,3,0,1,0,1,0,0,0,0,0,1,3,0,0,1,0,5,0,0,0,0,0,0,1,1,0,3
"COG3770",2,0,0,0,0,9,0,30,2,6,1,0,14,0,0,0,2,0,7,2,1,0,3,7,2,2,0,0,0,0,0,0,0,0,2,16,0,1,2,2,5,1,0,1,1,1,0,5,2,1,1,6,2,4,0,0,50,3,2,1,1,0,1,17,0,0,44,1,2,10,11,0,0,5,1,1,37,3,1,0,0,1,0,4,3,0,0,1,0,8,0,1,0,0,0,1,1,2,0,4
"COG3771",2,1,0,0,0,5,0,27,5,5,1,0,6,0,0,1,5,0,8,1,0,1,1,8,2,3,0,0,0,2,0,1,1,0,0,18,0,0,1,0,0,2,1,1,0,0,1,3,0,0,0,1,1,1,0,0,20,2,2,0,0,0,1,4,0,0,14,2,3,1,8,0,0,2,0,0,2,1,2,0,0,0,0,1,1,2,0,0,0,3,0,0,0,0,0,0,2,0,0,1
"COG3772",8,7,22,18,16,49,8,284,26,16,9,20,15,89,28,10,8,1,24,22,3,21,59,35,16,4,0,2,26,14,6,7,27,2,20,47,9,24,3,7,16,13,6,10,3,9,8,17,1,4,9,62,19,21,10,3,87,24,5,9,14,6,5,17,7,23,51,7,45,31,18,20,15,11,15,2,3,7,9,7,12,18,16,12,12,10,24,21,16,17,6,4,2,14,5,17,2,4,2,97
"COG3773",21,236,47,78,122,10,29,25,36,40,22,151,35,114,62,46,110,57,25,17,35,164,52,58,19,165,28,60,154,73,64,70,85,148,50,31,98,15,118,83,35,87,87,62,47,208,106,90,128,83,123,220,170,47,52,123,74,86,77,70,97,197,37,153,36,84,94,46,44,28,55,132,97,66,203,102,79,119,34,214,110,63,112,14,63,36,150,67,21,167,250,60,102,73,102,124,31,62,85,75
"COG3774",147,46,75,153,195,204,8,56,229,56,175,115,225,69,143,102,116,27,108,169,161,118,114,153,33,70,135,135,173,124,96,190,129,158,379,86,83,295,392,139,202,137,97,120,176,93,107,52,137,112,138,92,132,204,109,161,13,136,78,72,158,48,140,102,159,171,105,320,151,263,194,87,171,300,115,108,154,48,165,135,97,77,77,224,88,127,81,46,94,81,158,106,200,185,154,168,180,186,165,116
"COG3775",170,132,134,121,196,146,419,21,230,54,350,52,214,79,182,172,81,269,308,190,149,129,119,108,231,132,169,302,105,78,198,145,121,79,122,160,90,172,230,126,135,187,132,123,98,134,113,190,115,176,90,30,84,178,137,91,162,183,146,225,73,58,175,75,112,151,94,255,227,298,118,59,98,237,143,117,69,64,183,98,129,79,128,209,115,135,95,118,249,93,65,217,79,72,126,68,221,235,179,144
"COG3776",0,0,0,0,0,8,0,10,3,2,1,0,2,0,0,0,0,0,12,1,0,2,6,5,1,2,0,0,0,1,0,2,0,0,0,9,1,1,0,1,2,0,3,3,0,0,0,5,0,0,0,2,0,0,0,0,22,3,1,0,1,0,0,4,0,0,7,0,0,1,2,0,0,3,0,0,0,1,0,0,0,0,0,0,0,0,0,1,0,3,0,0,1,0,0,1,0,2,0,2
"COG3778",1,0,2,1,0,0,0,0,7,0,0,0,25,3,5,4,2,1,0,5,0,40,1,2,2,0,0,0,0,0,1,0,0,0,2,0,0,0,1,3,2,0,0,0,6,0,0,0,0,2,4,0,1,0,1,1,1,0,6,0,0,1,4,0,1,9,9,0,0,0,0,2,0,0,0,1,0,1,0,3,0,0,0,5,0,2,4,0,0,0,1,1,1,2,0,0,1,0,2,0
"COG3779",0,0,0,0,0,0,0,0,0,0,0,0,1,0,1,0,5,0,0,1,0,0,0,6,0,1,0,0,0,1,1,0,0,0,3,13,0,0,0,1,0,0,0,0,0,1,0,0,0,0,0,4,0,0,0,1,38,0,0,0,1,0,3,5,0,1,6,1,0,0,4,0,0,4,0,0,0,1,0,0,0,0,0,0,4,0,0,0,0,1,0,0,0,0,0,0,2,0,0,6
"COG3781",2,0,0,1,0,16,0,36,4,5,1,0,0,1,2,1,7,0,25,2,1,5,6,14,2,0,0,0,1,0,0,0,1,0,0,28,1,1,0,2,2,1,8,3,0,4,0,5,1,0,0,7,1,3,0,1,44,5,2,1,0,0,1,15,4,0,30,2,6,9,6,0,0,6,0,0,1,2,5,0,0,0,0,2,1,0,1,0,1,10,0,0,0,0,0,1,0,4,1,3
"COG3783",0,1,1,0,0,3,0,21,8,0,1,0,4,1,1,0,1,0,18,2,3,3,1,5,3,1,0,0,1,1,0,1,0,0,2,11,0,0,0,2,2,1,4,2,0,0,0,1,0,0,0,12,1,2,1,0,26,4,0,0,2,0,3,7,0,0,19,2,5,6,5,0,1,6,1,0,3,3,5,0,0,0,0,2,2,0,0,1,1,2,0,0,0,0,1,0,1,0,0,4
"COG3784",0,0,0,0,0,8,0,20,0,5,1,0,3,0,0,1,6,0,6,1,1,0,9,5,1,0,0,0,0,0,1,0,0,0,1,15,0,2,0,4,5,0,1,2,0,1,0,2,0,0,0,1,0,4,1,0,34,3,1,0,0,0,1,6,0,0,25,0,8,2,8,0,0,8,0,2,3,6,0,0,0,0,0,3,1,0,0,0,1,3,0,0,3,0,0,1,0,1,0,1
"COG3785",1,0,1,0,0,5,1,22,2,5,2,0,3,0,0,2,5,0,10,3,3,1,7,4,1,0,0,0,0,2,0,0,0,0,2,22,0,0,0,5,2,1,0,0,0,1,0,3,1,0,0,3,0,1,2,1,30,6,1,0,0,0,0,8,1,0,28,2,9,3,12,0,0,5,0,1,0,4,3,0,0,0,0,4,3,0,0,1,0,7,0,0,1,0,1,0,0,1,1,5
"COG3786",3,9,1,6,7,1,8,36,5,4,0,10,5,7,15,3,11,3,2,2,5,32,6,9,3,8,1,6,2,3,11,6,6,10,13,1,16,8,14,8,8,9,11,0,0,0,11,0,0,5,13,7,5,0,3,3,22,4,1,10,19,44,3,28,5,6,12,1,16,1,2,8,5,0,30,7,10,0,8,2,10,13,9,3,7,6,7,2,1,26,19,7,6,3,3,5,1,5,3,0
"COG3787",2,0,1,2,0,11,0,24,7,5,3,1,3,3,1,4,3,0,13,4,0,2,14,12,5,0,0,4,1,2,1,5,6,3,2,14,4,4,0,3,1,1,4,17,0,0,0,6,0,7,6,10,0,5,5,5,40,3,9,2,7,6,8,11,7,1,22,1,4,4,5,2,3,5,0,7,1,4,2,2,2,0,4,4,8,4,0,7,6,3,3,0,1,5,2,5,0,5,2,8
"COG3788",1,0,1,1,0,10,0,36,8,10,0,0,3,0,0,2,3,0,14,5,2,2,8,10,2,2,1,0,1,1,0,2,0,0,7,29,0,2,0,2,5,1,7,1,0,3,0,5,0,0,0,4,0,5,2,0,38,11,0,0,0,0,3,12,1,1,20,1,6,4,10,0,0,12,0,0,1,2,1,0,1,0,0,11,3,1,1,1,0,7,0,0,4,0,0,0,1,1,0,3
"COG3789",2,1,1,0,1,0,0,1,7,4,4,1,0,0,0,1,1,0,0,4,0,2,6,8,4,3,0,0,0,1,0,0,0,1,1,20,0,1,0,3,10,1,0,1,0,0,0,1,0,0,0,8,0,7,0,2,43,6,2,0,2,0,0,13,2,0,31,0,12,4,5,0,0,11,0,1,0,7,3,0,0,0,0,8,1,0,0,0,1,6,0,1,1,0,0,1,0,0,0,4
"COG3790",0,0,0,0,0,1,0,21,1,3,1,0,0,0,0,0,5,1,17,1,0,0,3,5,4,3,1,0,0,0,1,0,0,1,1,12,1,1,1,0,6,1,2,6,1,0,0,5,1,0,0,4,0,2,0,0,23,1,3,0,0,0,1,7,0,0,18,0,3,8,1,0,0,8,0,0,1,0,3,0,0,0,0,3,1,1,0,0,0,5,0,0,0,0,0,1,0,1,0,1
"COG3791",0,1,0,0,0,3,0,0,4,0,0,0,7,0,0,0,2,0,15,1,0,0,0,0,1,0,0,0,0,0,0,1,0,0,2,0,3,0,1,0,1,0,4,0,0,1,0,1,0,0,0,0,2,0,0,0,0,0,0,0,0,0,0,4,0,2,1,0,0,6,0,0,0,1,0,0,1,3,0,0,0,0,0,0,0,2,0,0,0,1,0,0,0,0,3,0,0,2,0,0
"COG3793",0,2,0,0,0,9,0,20,0,0,0,0,0,0,0,0,0,0,25,1,0,0,4,0,0,0,0,0,0,0,0,0,0,1,1,0,1,0,0,0,0,0,5,2,0,0,0,0,0,0,0,3,0,0,0,0,0,0,0,0,0,0,0,0,0,0,6,1,0,2,0,0,0,0,0,0,0,2,3,0,0,0,0,0,0,0,0,0,0,0,0,0,0,0,0,0,0,0,0,0
"COG3794",0,0,0,0,1,0,0,0,0,1,0,0,0,0,0,0,2,1,0,0,0,1,0,0,0,5,0,0,0,0,0,0,0,3,0,0,0,0,0,1,0,1,0,0,1,0,0,0,0,0,0,0,1,0,0,0,0,0,0,0,0,1,0,0,0,0,0,0,0,1,0,0,0,0,0,0,0,0,0,0,0,0,0,0,0,0,2,0,0,1,0,0,0,0,1,0,1,1,1,0
"COG3797",3,2,0,0,2,0,2,6,2,10,0,2,0,0,0,1,2,0,2,1,0,11,1,4,3,2,0,0,0,3,0,0,0,0,2,0,1,0,2,2,4,1,2,1,0,2,4,37,4,0,0,14,2,0,2,0,17,4,1,1,1,1,1,0,3,0,1,1,4,1,0,0,0,5,2,4,0,4,2,7,0,5,2,1,3,6,2,1,0,0,0,0,3,0,0,3,3,1,0,1
"COG3799",0,1,1,3,0,27,0,2,1,9,3,0,1,9,1,1,5,1,7,8,12,6,8,0,11,0,0,0,1,2,4,4,0,1,0,0,0,1,3,1,8,3,7,15,0,0,0,5,1,34,1,16,1,13,1,1,0,0,1,8,7,2,0,2,5,0,1,4,26,8,1,2,1,0,3,0,3,13,8,4,2,1,0,6,25,0,2,0,4,2,3,0,0,11,5,1,0,1,0,2
"COG3804",4,13,12,8,12,8,17,17,10,112,2,9,3,54,29,2,7,8,12,2,3,12,4,8,7,4,4,7,3,7,12,11,1,39,14,4,8,12,20,19,29,3,11,19,10,10,5,19,13,20,23,117,19,1,6,64,40,31,12,4,8,14,10,6,13,0,13,7,15,4,2,112,13,11,30,13,3,10,9,58,16,12,10,2,12,13,19,7,3,17,34,9,21,1,28,11,1,2,13,14
"COG3808",265,75,359,282,271,292,47,160,311,71,21,176,127,188,333,389,347,63,226,287,398,263,132,184,549,193,356,71,292,204,163,379,326,283,221,147,259,294,204,259,226,313,205,183,84,171,168,43,191,313,219,245,263,312,310,176,113,263,217,166,153,188,251,192,373,325,136,340,252,202,181,154,289,245,175,209,166,10,279,210,160,43,295,284,287,323,127,271,210,210,155,209,133,325,299,182,207,373,209,306
"COG3811",0,0,0,1,0,2,1,1,0,0,1,0,0,0,1,3,0,1,6,0,0,0,0,0,2,0,0,0,0,0,0,0,0,0,1,0,0,3,0,1,2,1,3,1,0,1,0,3,0,0,0,1,0,0,0,1,0,0,0,0,0,0,1,1,0,0,2,0,4,0,0,1,0,0,0,0,0,2,4,0,0,0,0,1,3,0,0,0,0,1,1,0,0,0,0,1,1,0,0,0
"COG3815",1,14,0,3,1,0,5,3,0,0,0,2,0,1,5,0,2,0,1,2,1,2,7,0,3,2,1,0,2,5,2,0,5,0,0,0,2,1,1,1,0,0,2,1,1,2,0,5,3,4,2,7,2,1,0,4,0,0,3,2,0,3,4,1,2,0,0,1,4,0,0,37,1,1,1,4,0,1,1,3,0,7,1,2,1,4,0,2,1,0,0,1,0,0,0,3,2,0,0,0
"COG3817",5,26,9,7,0,21,16,7,10,15,7,4,14,0,20,8,12,15,49,1,9,36,7,5,6,7,6,5,18,2,5,0,5,4,4,19,6,7,18,8,5,14,6,5,2,2,2,18,0,17,8,5,4,2,2,5,0,6,1,9,2,6,5,1,3,5,4,10,8,4,10,3,2,3,2,4,4,5,9,7,4,7,3,9,6,1,16,9,7,6,2,0,2,9,5,8,3,4,10,10
"COG3819",1,11,3,4,1,17,8,0,2,7,2,1,7,1,17,2,4,6,36,0,4,39,7,1,4,10,3,5,16,4,1,3,6,1,3,9,8,5,12,6,2,3,10,5,3,4,2,10,3,24,7,1,1,3,0,6,2,13,5,3,3,2,1,1,2,7,20,9,11,9,7,7,3,1,0,8,2,10,12,6,1,10,4,4,14,2,23,8,8,7,4,4,4,7,2,12,1,2,11,9
"COG3822",37,11,17,4,6,20,0,10,22,15,8,17,7,64,10,22,9,6,4,47,25,4,38,34,9,4,29,10,21,7,22,28,20,3,13,1,46,29,13,19,14,27,11,20,8,27,14,11,41,20,10,53,3,15,17,16,15,6,23,18,16,21,12,18,22,9,13,3,19,22,7,31,10,15,14,19,5,7,7,45,15,1,25,6,24,41,11,25,7,4,15,5,11,26,7,14,9,10,14,18
"COG3823",0,0,2,9,2,0,0,20,0,0,0,5,13,5,0,12,1,0,0,4,3,0,19,21,0,0,1,2,6,4,9,16,5,7,0,0,13,3,3,0,0,0,2,27,0,0,0,0,1,21,11,5,5,0,9,21,0,2,4,4,28,6,18,18,24,1,0,4,0,7,0,15,16,1,2,7,1,0,0,8,7,0,1,0,5,48,0,10,5,1,8,5,1,20,2,4,0,7,7,9
"COG3824",0,0,0,0,0,0,1,2,0,23,0,0,0,0,0,0,0,2,1,0,0,0,3,0,0,0,0,0,0,0,0,0,0,0,0,3,0,0,0,0,0,0,0,0,4,0,0,0,0,0,0,0,0,0,0,0,0,0,0,0,0,0,3,0,2,0,0,0,0,0,0,0,0,0,0,0,0,0,0,0,0,0,0,0,0,0,0,2,0,0,0,1,0,0,0,0,0,0,1,1
"COG3825",6,3,10,7,10,0,1,1,10,2,0,6,3,9,5,7,18,2,5,2,2,1,14,16,2,3,0,5,10,1,2,18,7,4,4,0,10,2,1,6,0,7,16,10,0,1,13,0,6,1,7,10,5,5,17,9,21,4,3,6,5,3,3,7,1,4,2,0,3,3,4,11,5,0,5,8,4,1,0,14,13,1,14,3,4,10,1,8,1,2,5,6,1,5,2,3,0,2,3,6
"COG3828",1,0,0,0,0,0,0,0,0,0,0,0,0,2,0,0,0,0,0,0,0,0,0,1,0,0,0,1,0,2,2,0,0,0,0,0,0,0,0,1,0,1,0,1,0,0,0,0,0,0,0,3,1,0,0,1,6,0,1,0,1,1,0,1,1,0,0,0,0,0,0,0,1,5,0,0,0,0,0,1,0,0,0,0,0,11,0,0,0,0,0,0,0,2,0,1,1,0,0,0
"COG3829",109,146,287,114,100,281,556,93,221,59,31,79,66,114,227,97,54,87,106,221,173,123,222,157,39,79,160,98,126,357,53,181,62,43,220,150,164,80,76,293,267,183,355,235,232,119,105,94,116,219,122,194,52,76,188,143,754,292,185,126,106,76,143,121,123,111,180,79,780,224,103,138,109,125,54,194,48,50,326,64,141,464,65,73,252,188,145,199,105,104,85,114,202,111,70,96,96,81,151,126
"COG3830",163,113,133,165,172,125,82,63,168,78,83,179,104,100,200,196,131,62,143,187,196,70,139,169,94,139,145,75,153,124,162,193,191,101,109,78,159,201,80,114,166,142,133,145,103,137,148,83,144,181,138,99,130,193,171,150,13,128,154,116,133,115,173,99,161,161,64,125,108,169,136,149,179,195,125,153,105,72,161,119,123,79,186,225,146,137,82,168,173,110,132,187,155,217,175,150,175,206,159,136
"COG3831",18,11,32,19,10,49,1,156,64,70,13,4,19,6,13,24,14,3,28,24,48,6,35,32,16,7,0,0,5,16,5,14,13,1,66,74,26,48,2,60,57,20,8,25,0,65,28,0,23,16,9,30,3,51,3,5,71,31,9,15,2,3,14,31,16,4,58,6,114,18,23,6,2,57,3,10,4,16,42,1,5,1,1,26,36,11,0,23,2,15,6,8,10,15,15,11,13,5,9,21
"COG3832",0,0,0,0,0,8,0,0,0,0,0,0,2,0,0,0,0,0,13,0,0,0,0,3,0,0,0,0,0,0,0,0,0,0,0,0,0,0,0,0,0,0,5,1,0,0,0,0,0,0,0,0,0,0,0,0,0,0,0,0,0,0,0,4,0,0,0,1,0,1,0,0,0,0,0,0,0,0,0,0,0,0,0,0,0,1,0,0,0,0,0,0,0,0,0,0,0,0,0,0
"COG3833",18,233,38,40,71,28,132,69,16,210,16,150,49,87,22,57,76,56,82,12,27,223,50,66,20,111,30,51,78,22,62,38,88,112,38,62,34,14,105,128,18,88,43,26,111,127,112,176,84,64,68,77,118,50,28,34,106,79,45,65,42,84,47,124,33,144,148,71,19,27,71,29,74,88,125,85,56,202,8,222,129,201,55,13,58,19,112,55,21,181,208,66,229,56,63,98,30,34,72,64
"COG3835",19,12,31,13,12,55,20,71,33,28,6,25,19,55,18,13,23,10,59,15,6,134,44,25,14,35,3,6,39,23,12,25,31,8,67,46,23,5,24,44,31,25,27,19,55,18,22,27,3,28,17,32,13,8,10,16,178,44,24,36,15,24,29,28,9,13,115,12,103,27,36,14,24,12,29,21,17,161,24,23,31,167,10,13,17,29,39,31,5,60,45,30,11,31,13,22,12,18,12,53
"COG3836",9,6,15,23,3,31,5,59,23,12,13,15,24,22,17,10,10,19,76,17,13,3,26,18,11,12,3,6,18,13,6,23,8,2,19,47,12,7,4,33,24,13,43,24,16,12,10,11,1,40,13,22,8,13,13,24,112,23,14,14,49,14,44,55,31,22,64,9,72,26,31,33,28,27,7,18,17,15,27,6,7,19,11,16,14,32,19,24,8,31,4,6,2,27,58,23,10,6,16,16
"COG3837",1,0,0,1,0,7,0,4,1,2,0,0,2,1,0,2,0,0,12,11,1,1,3,0,1,0,0,0,1,0,2,1,0,0,1,0,10,0,0,0,2,1,6,1,0,2,0,4,1,1,0,2,0,4,1,1,6,1,1,0,3,4,0,14,0,0,2,0,3,2,0,1,0,1,1,1,1,3,0,1,2,0,5,1,1,5,0,0,1,1,2,0,0,8,0,4,1,2,1,0
"COG3839",169,281,148,143,165,183,193,264,107,421,53,340,183,509,180,135,230,172,289,103,135,367,210,231,93,228,97,141,259,203,148,186,200,226,123,162,161,69,213,198,191,178,241,201,240,320,217,304,187,247,215,305,298,77,183,148,476,229,185,169,258,245,148,324,170,267,343,91,221,128,223,120,192,169,262,210,167,295,117,471,246,323,221,145,197,171,315,261,56,294,404,191,277,168,199,195,81,113,145,150
"COG3840",1,1,0,0,2,6,0,36,6,5,0,0,5,0,1,0,5,0,22,5,1,1,5,6,7,3,0,0,0,1,0,0,2,0,1,12,0,0,3,4,6,3,3,3,1,1,0,12,1,0,0,10,0,6,1,0,51,5,1,0,0,0,0,10,0,1,31,1,3,5,10,0,2,8,1,0,2,5,1,1,0,0,0,4,2,1,0,0,0,11,0,0,0,0,2,0,4,3,0,3
"COG3842",320,320,279,297,256,375,249,334,283,229,284,335,370,427,360,304,338,338,424,287,327,395,291,288,93,379,338,305,307,260,314,312,292,221,307,351,280,313,255,302,369,278,368,276,330,259,290,334,293,300,331,332,257,272,327,236,450,331,332,298,280,282,271,290,351,280,339,313,418,271,339,157,320,283,304,313,356,215,308,363,329,377,292,290,287,251,329,345,394,319,328,277,273,286,316,262,240,294,302,321
"COG3843",201,671,182,353,290,107,342,134,131,227,101,563,136,1045,238,230,323,303,166,142,164,199,329,400,92,361,178,274,403,648,292,344,314,483,161,172,434,113,398,465,72,210,553,374,307,308,774,322,308,327,363,658,385,116,260,422,120,295,209,127,562,549,289,449,239,307,402,191,186,282,364,413,497,166,382,477,180,1038,92,823,584,409,386,274,415,188,420,599,79,710,541,369,630,236,484,370,147,206,356,277
"COG3845",140,194,148,161,118,91,142,161,76,131,48,248,58,681,143,136,147,103,61,69,82,233,150,241,39,159,57,102,185,321,159,174,143,123,125,24,183,55,145,142,85,164,327,220,73,296,83,364,106,120,183,399,191,79,149,192,266,217,138,111,258,173,154,184,188,143,124,51,155,75,136,150,129,93,164,153,97,217,89,313,170,176,192,111,114,130,236,225,35,128,291,169,107,73,195,186,40,101,114,131
"COG3846",0,3,12,5,0,2,58,0,0,0,0,1,13,0,1,0,0,2,0,0,1,0,19,21,8,0,37,2,8,0,3,6,0,0,1,4,6,0,2,9,4,1,23,0,4,0,0,1,3,7,0,14,0,1,0,7,0,0,2,2,0,0,0,0,4,1,4,0,0,42,0,0,0,4,0,0,34,0,0,1,8,48,1,1,0,0,0,1,0,2,0,2,1,4,0,0,1,3,1,0
"COG3848",55,90,42,65,65,2,32,19,21,52,13,94,47,33,24,97,24,32,24,37,50,145,67,60,6,69,37,57,58,190,68,32,60,59,4,28,31,6,43,26,7,18,55,62,166,6,3,71,36,57,79,25,60,25,87,40,2,11,23,37,57,70,88,71,55,78,46,45,18,18,92,28,89,31,59,68,16,4,2,92,79,90,66,63,35,10,61,28,16,67,35,36,36,31,57,34,20,19,42,35
"COG3850",12,3,18,5,16,37,1,166,23,30,9,0,21,4,10,5,24,0,43,33,12,76,29,28,18,34,1,2,0,22,5,3,1,7,16,91,5,21,11,18,29,8,6,13,8,8,0,14,9,7,6,17,7,21,5,2,161,22,12,2,15,1,13,32,9,9,95,2,11,17,37,6,0,26,15,1,11,16,12,0,4,0,5,13,20,1,5,7,5,34,4,3,2,6,2,5,11,5,3,18
"COG3851",0,2,9,3,23,12,1,51,14,11,2,3,23,2,21,22,21,0,36,7,7,1,10,22,12,35,4,6,2,12,9,2,17,2,2,29,3,3,6,12,7,13,6,7,2,66,0,9,0,2,5,44,10,12,3,2,108,15,9,16,16,6,6,32,5,5,75,12,10,16,33,7,8,23,8,1,4,85,7,6,2,0,2,6,5,0,3,7,4,12,20,12,33,1,2,4,16,9,1,10
"COG3852",19,0,26,10,14,60,3,84,42,18,2,0,31,7,12,20,9,2,50,15,6,51,13,11,15,16,3,2,0,6,3,7,2,2,61,61,17,12,2,89,39,28,15,6,3,13,1,7,22,12,11,12,2,24,8,5,86,8,10,3,6,1,7,12,20,10,54,4,22,12,23,3,1,55,12,13,75,4,56,1,5,0,7,11,51,2,3,3,5,20,3,12,2,5,1,15,9,2,14,35
"COG3853",51,154,27,47,80,12,124,37,23,167,13,92,28,128,23,58,55,52,46,43,24,34,87,50,16,42,63,67,68,148,54,67,42,49,13,37,59,9,73,41,19,42,40,67,102,81,61,143,58,27,61,136,83,13,59,74,33,97,53,24,66,52,78,98,50,72,74,27,8,75,61,65,67,54,76,70,23,193,25,128,58,98,55,57,53,43,148,74,24,58,115,36,46,28,58,80,24,23,59,77
"COG3854",44,130,36,62,82,6,54,22,20,42,20,126,35,147,43,52,95,58,28,29,38,122,49,84,11,101,34,67,98,117,55,60,83,121,30,22,62,24,64,67,24,69,112,70,65,80,73,77,109,61,90,132,120,30,71,135,34,58,53,42,122,152,50,92,50,86,60,33,19,32,70,116,88,50,112,70,54,137,20,146,104,63,90,55,49,17,136,100,17,111,121,81,62,53,86,93,31,31,62,86
"COG3855",243,215,251,168,230,196,253,71,164,50,246,221,278,140,244,242,223,304,131,257,207,129,231,129,269,257,312,259,231,235,221,214,234,251,191,195,205,247,211,191,202,192,165,190,230,200,225,158,190,252,291,251,346,284,362,304,100,288,420,288,253,246,305,249,313,368,229,351,241,364,271,197,364,277,273,327,343,302,369,233,337,301,329,355,284,304,334,308,394,334,290,316,333,341,270,288,306,382,285,320
"COG3856",1,3,8,2,2,1,49,13,0,66,1,1,5,0,4,0,10,5,3,5,2,12,13,5,0,1,17,7,0,3,6,2,0,20,2,21,0,0,2,4,2,0,9,4,3,1,2,6,11,2,3,21,2,1,2,36,0,4,1,0,0,12,15,1,6,4,1,1,2,6,2,37,1,1,5,1,5,5,0,17,14,53,2,0,6,5,0,4,7,2,9,16,2,0,3,3,8,6,9,8
"COG3857",82,466,192,223,182,15,627,96,114,214,58,368,106,583,167,161,267,230,125,145,122,738,276,267,57,284,209,204,298,390,226,213,250,374,81,170,203,84,304,194,118,211,399,283,457,182,302,671,372,170,315,539,305,70,225,469,118,218,161,142,415,483,137,319,176,295,287,84,70,240,211,409,267,189,438,303,214,420,73,497,385,446,250,120,191,96,431,297,117,387,419,260,340,160,285,233,154,119,247,279
"COG3858",26,294,95,79,120,42,108,43,69,130,9,138,43,78,67,60,112,87,46,29,38,266,89,100,13,138,47,70,163,95,65,85,99,128,103,52,86,20,186,115,87,92,89,83,91,197,167,171,195,93,79,115,120,38,53,100,118,73,54,56,37,90,26,87,26,59,82,32,47,29,49,146,52,54,102,103,48,168,41,159,83,73,54,11,70,44,173,38,29,109,136,54,169,50,53,63,36,32,80,86
"COG3859",36,64,21,42,49,6,25,11,24,40,25,69,17,114,15,41,45,25,29,16,21,80,37,57,5,46,25,32,78,67,49,57,47,49,21,8,40,10,33,49,21,23,83,32,30,21,92,139,67,45,49,79,74,17,33,48,20,34,22,17,76,48,35,57,42,48,44,15,8,21,61,30,46,35,56,46,29,145,9,96,52,25,37,32,19,30,74,84,10,42,71,60,48,15,39,55,21,11,36,61
"COG3860",0,1,1,2,0,0,0,4,1,4,0,0,0,1,1,0,0,0,0,0,2,0,0,0,0,0,0,0,1,2,0,1,0,0,2,0,1,0,0,3,2,2,3,0,0,1,2,0,0,0,1,7,0,0,1,0,2,4,1,0,1,0,0,0,2,0,0,1,1,0,0,0,0,1,0,0,1,4,0,0,0,0,0,0,1,2,0,3,0,0,0,0,1,0,0,0,0,0,0,4
"COG3862",36,56,16,23,23,17,35,24,12,9,4,47,12,73,34,43,22,24,23,3,12,21,47,63,15,39,14,17,49,37,28,19,35,28,10,11,17,8,30,28,26,26,130,27,45,30,18,21,20,30,29,31,25,17,26,61,41,34,30,32,35,33,33,27,24,29,30,25,35,14,26,26,21,27,27,41,15,15,16,37,32,39,37,25,35,20,68,48,9,28,43,26,63,15,21,30,12,28,31,31
"COG3863",0,3,0,0,4,0,0,1,0,0,0,0,0,0,0,2,1,1,0,0,1,0,0,0,0,5,2,0,0,2,0,0,0,1,0,0,0,0,1,0,0,0,0,0,0,0,0,9,0,0,1,0,0,0,0,0,0,0,0,0,0,0,1,0,1,0,0,1,0,0,0,8,0,0,0,0,0,0,0,0,2,14,0,0,0,0,3,1,0,1,0,1,0,0,0,0,0,0,0,2
"COG3864",0,6,20,21,8,0,7,4,10,7,1,5,5,11,5,3,4,5,10,14,3,58,31,26,0,11,4,189,2,1,0,8,9,4,9,10,11,2,14,14,5,3,15,1,72,0,14,23,7,5,6,22,29,15,2,59,0,5,5,2,12,14,15,1,16,4,1,3,1,2,2,90,0,2,3,1,4,1,0,1,2,101,15,4,7,3,13,3,4,2,3,1,2,4,17,1,1,5,11,11
"COG3866",20,145,14,48,10,62,0,4,15,1,254,61,7,37,17,17,22,298,2,8,19,142,53,6,665,26,7,139,153,73,22,12,42,17,34,174,44,3,401,47,21,30,22,85,61,21,36,5,28,36,20,8,43,25,8,22,0,6,83,238,41,39,19,8,42,32,31,151,57,16,9,24,57,6,32,20,92,2,2,14,60,126,86,18,32,41,56,1,179,55,30,66,66,61,36,38,20,17,47,119
"COG3867",76,377,113,182,201,107,261,8,115,17,241,292,172,52,118,40,217,188,77,162,100,39,104,68,273,119,230,220,188,78,163,105,211,190,36,157,168,186,202,254,52,176,96,117,50,185,115,41,138,135,99,55,232,161,54,87,2,124,211,157,60,131,58,126,75,207,74,162,122,102,94,72,155,74,173,80,107,24,61,290,211,357,134,83,140,94,195,139,102,198,268,163,609,108,106,126,114,123,221,67
"COG3868",1,22,4,3,5,1,1,0,0,0,0,15,1,0,1,0,6,3,0,0,3,0,4,11,0,5,1,9,2,2,10,2,19,10,0,0,3,2,10,18,0,11,4,9,0,67,10,0,4,0,9,2,22,6,2,3,0,0,7,11,2,6,0,16,1,11,2,9,0,0,3,2,10,7,19,4,0,0,0,33,9,11,2,0,3,0,0,2,1,15,34,8,4,4,4,9,1,1,6,0
"COG3869",19,30,35,20,4,17,159,46,12,5,10,26,5,69,28,26,16,34,7,30,12,108,42,48,5,42,35,20,45,10,67,12,9,58,36,21,28,22,15,43,19,21,121,6,38,15,50,18,48,39,32,64,26,6,16,117,24,23,13,25,68,45,20,42,15,32,25,5,16,40,13,116,21,21,35,23,39,70,14,48,47,82,30,8,19,4,25,45,14,41,40,53,19,18,68,28,29,31,42,49
"COG3870",11,9,6,8,2,5,13,10,5,25,7,15,4,49,20,8,10,7,4,2,8,38,18,19,4,10,0,4,15,14,8,5,11,1,8,10,14,14,12,13,8,8,48,13,34,4,7,11,2,12,16,9,10,3,10,20,10,10,7,6,28,7,5,17,10,10,9,3,17,7,14,12,9,16,10,5,12,17,5,26,12,20,12,2,7,15,19,23,4,13,15,20,5,3,34,3,1,8,12,13
"COG3871",146,22,44,59,58,146,6,17,84,12,3,28,34,11,54,55,20,2,55,55,72,8,52,59,4,23,45,4,52,50,18,52,38,10,222,4,78,173,3,85,124,65,28,63,7,91,78,2,56,54,43,40,26,104,88,21,6,65,53,63,29,25,43,37,42,15,26,42,125,32,65,38,41,42,34,79,5,18,164,21,37,18,40,52,52,69,6,56,54,30,28,53,51,66,38,85,178,50,82,69
"COG3872",62,144,56,75,69,37,173,28,40,44,31,157,36,187,78,74,107,68,46,43,51,136,86,119,19,124,52,78,157,134,110,82,78,111,46,32,80,25,95,116,43,79,168,82,76,84,116,102,100,95,128,125,103,35,88,107,66,101,54,50,134,184,71,99,64,145,136,52,43,61,91,56,103,79,129,114,66,185,35,182,143,132,77,53,66,41,137,136,34,122,177,103,111,74,104,103,41,44,106,116
"COG3874",5,4,10,36,12,0,5,15,5,5,2,28,5,104,6,18,18,14,4,7,14,12,28,20,0,13,1,14,18,50,28,16,20,26,8,3,17,2,22,19,0,14,23,22,26,7,19,9,11,8,29,64,20,3,16,48,0,11,11,8,42,28,21,29,17,24,10,1,1,6,18,33,18,10,22,20,24,30,0,57,19,26,17,16,2,5,11,43,8,17,26,25,14,7,29,13,2,6,8,13
"COG3875",64,49,94,52,55,42,220,42,63,14,14,33,28,157,101,58,38,60,35,67,41,87,119,112,51,48,80,64,25,94,40,83,38,25,93,47,58,26,31,32,69,46,153,106,158,42,15,22,32,99,56,111,24,37,61,92,135,57,39,34,105,67,69,17,88,60,38,46,123,41,31,67,38,27,52,54,30,181,40,57,90,226,51,66,82,75,47,54,33,29,33,54,68,39,54,40,39,51,21,58
"COG3876",191,26,114,203,225,231,4,72,228,15,17,138,60,80,218,238,56,21,114,222,162,11,96,108,27,124,63,14,203,112,90,145,192,79,147,2,164,187,9,164,141,174,106,117,19,115,72,2,97,162,132,79,82,199,146,129,0,91,138,93,71,88,140,80,183,191,45,124,116,125,118,101,172,146,90,92,37,8,199,119,67,3,175,190,161,222,12,133,117,101,126,169,53,198,131,107,156,238,72,195
"COG3877",7,1,6,14,4,25,1,7,9,0,1,5,1,3,8,9,3,0,1,10,14,0,7,16,0,3,9,3,6,3,4,6,5,1,36,0,4,15,1,15,3,11,3,8,0,8,1,0,5,7,8,10,4,11,2,2,0,10,6,2,10,1,2,2,2,7,9,2,8,5,20,4,5,3,2,5,1,2,0,2,5,0,4,4,1,14,0,2,11,8,1,3,8,5,15,17,3,21,9,10
"COG3878",0,2,0,7,2,0,2,0,1,0,0,6,1,63,5,6,7,0,10,14,16,4,5,11,5,8,3,2,10,2,3,3,2,4,1,0,7,3,6,1,7,0,5,6,3,2,17,8,1,36,11,5,3,2,1,7,0,0,4,3,11,3,7,21,0,3,2,20,6,7,2,59,1,3,30,6,0,11,0,20,24,0,12,9,7,21,0,5,1,19,37,16,4,9,5,2,1,0,2,13
"COG3879",2,25,13,18,11,0,214,64,7,372,4,3,7,14,7,11,23,12,11,21,6,18,40,28,9,3,28,19,2,16,17,9,3,41,3,80,5,3,17,11,7,6,10,19,34,5,1,20,16,6,6,113,14,5,5,137,0,24,3,1,4,35,61,2,16,11,2,3,18,25,0,204,2,6,33,4,2,22,1,58,43,234,5,3,15,6,1,26,11,4,39,79,10,5,7,2,10,10,12,19
"COG3880",9,16,22,15,3,9,87,25,13,7,6,11,4,37,12,8,10,13,2,21,7,65,29,31,5,25,21,12,38,19,44,17,5,23,21,8,14,11,13,38,10,13,67,13,29,1,31,12,25,12,13,70,16,8,10,58,12,11,6,14,33,27,6,17,18,17,14,6,12,22,6,45,12,14,24,22,19,33,3,28,24,55,14,6,11,7,6,43,5,26,17,26,11,11,32,15,15,14,16,23
"COG3881",0,1,9,0,0,0,53,0,0,0,0,0,0,0,0,0,1,2,0,0,0,0,0,0,0,0,1,5,0,0,0,0,0,0,0,4,0,0,0,0,0,0,0,0,0,0,0,0,0,0,1,0,0,0,0,0,0,0,0,0,0,0,1,0,0,0,0,2,0,15,0,0,0,0,0,0,0,0,0,0,14,0,0,0,0,0,0,0,1,0,0,0,0,0,0,0,0,2,0,2
"COG3882",74,12,37,20,59,105,1,11,1,7,2,67,24,34,75,19,26,21,14,22,120,1,22,29,102,10,2,14,195,18,23,25,50,41,106,2,19,4,12,124,6,36,19,91,5,104,41,5,40,32,81,21,63,53,46,30,19,16,33,36,22,34,43,33,18,28,19,4,7,19,39,36,64,97,28,53,78,0,19,63,31,3,79,29,28,19,10,28,4,54,121,122,18,47,17,116,30,39,61,12
"COG3883",6,60,12,24,28,2,11,31,3,21,12,24,1,59,3,23,24,6,10,0,1,70,32,24,10,21,4,13,25,18,21,14,17,54,7,21,18,3,19,4,4,9,68,13,11,29,19,101,3,14,28,135,43,2,13,92,5,18,13,12,80,38,30,27,19,10,3,2,5,4,8,140,18,16,32,12,19,43,4,79,37,34,28,3,9,13,20,72,1,16,65,11,5,6,76,13,3,1,7,29
"COG3884",144,162,165,129,142,107,54,87,109,86,116,154,134,108,125,119,185,133,123,130,116,179,135,138,162,160,199,175,178,157,157,176,155,194,173,112,169,175,152,154,233,128,89,168,139,190,153,190,146,167,158,142,174,121,157,140,38,137,171,167,129,188,141,140,124,119,127,177,89,149,148,161,166,169,166,190,191,151,101,179,154,78,179,155,128,133,172,145,152,153,138,122,188,176,121,139,156,133,137,136
"COG3885",10,1,11,1,1,9,1,5,19,1,0,0,3,16,3,0,3,13,1,2,5,8,4,7,0,2,1,8,0,1,0,2,0,3,13,0,7,10,8,2,3,0,22,3,48,0,0,1,0,0,5,2,1,1,0,6,36,4,0,1,27,0,7,0,4,2,3,2,15,2,1,10,0,2,11,0,10,7,4,0,0,49,0,2,7,7,1,1,1,1,0,7,7,0,0,0,2,2,0,10
"COG3886",36,144,100,114,77,145,366,65,62,495,117,65,286,104,30,53,67,58,68,65,78,97,249,71,81,104,179,240,125,38,29,72,34,86,81,217,42,52,237,94,80,68,101,136,358,24,244,259,188,169,75,98,91,9,48,70,66,145,138,70,151,237,165,37,43,95,62,142,113,116,44,38,27,38,152,114,331,212,23,46,130,238,35,25,125,47,257,73,182,173,58,154,185,63,57,109,62,35,99,130
"COG3887",74,395,175,158,154,24,522,97,85,166,35,293,90,384,126,148,226,211,123,150,81,410,184,225,51,266,204,220,236,288,200,171,204,232,81,161,181,56,231,179,110,165,314,155,366,166,234,591,278,142,237,408,230,79,199,349,116,181,132,113,262,329,128,203,132,222,202,110,66,128,209,364,176,146,267,264,112,340,65,350,294,291,207,84,153,112,450,180,74,269,349,183,270,108,149,205,114,81,210,228
"COG3892",0,2,2,0,0,0,0,0,1,0,0,2,14,1,0,3,1,2,44,0,0,5,0,2,3,10,0,0,0,0,0,6,0,5,1,0,0,0,2,2,0,1,15,1,1,1,0,7,0,0,1,21,1,0,2,4,0,0,1,0,0,3,5,10,0,4,4,1,1,8,0,1,0,8,4,0,3,1,2,0,0,0,0,0,6,1,0,1,0,1,1,0,1,0,5,0,2,5,1,1
"COG3893",13,4,7,10,17,15,0,26,37,2,15,104,17,10,3,16,2,0,4,89,5,3,47,27,2,5,0,1,4,8,24,31,9,8,11,2,65,8,1,0,27,11,8,63,7,4,3,0,3,38,28,54,12,14,21,15,0,12,12,9,38,11,27,20,38,5,4,9,2,40,2,17,14,2,6,16,31,1,6,47,10,0,73,11,35,135,0,34,14,5,25,15,9,78,1,10,5,24,8,24
"COG3894",14,127,34,45,54,29,20,30,61,69,6,74,23,175,19,17,39,50,32,15,13,61,58,43,6,91,22,39,61,78,24,33,75,69,16,19,64,12,94,60,7,37,80,32,66,59,78,212,34,19,60,78,85,22,25,56,2,131,41,29,78,101,86,68,38,93,102,11,2,17,20,38,43,34,64,57,26,381,23,178,63,142,34,11,35,32,181,66,5,59,63,28,66,26,40,48,52,18,43,49
"COG3895",3,0,0,0,0,1,0,11,2,4,0,0,0,0,0,0,2,0,12,1,0,3,2,4,2,0,0,0,0,0,0,0,0,0,0,6,1,0,0,3,3,1,2,0,0,0,0,0,0,0,1,4,0,2,0,0,24,3,0,0,0,0,0,7,0,1,14,0,6,2,5,0,0,5,0,0,0,0,2,0,0,0,0,2,0,0,0,0,0,7,0,0,0,0,2,0,0,1,0,2
"COG3896",0,0,0,0,0,0,0,12,0,0,0,0,0,2,0,0,0,0,0,0,0,0,4,1,0,0,0,3,0,0,6,0,15,0,0,0,0,0,0,0,0,0,0,3,0,0,0,0,0,0,0,2,0,0,0,0,0,0,0,1,5,0,0,13,0,0,0,0,0,0,0,0,0,0,2,0,3,0,0,4,0,0,5,0,0,0,1,0,0,0,0,1,0,0,1,0,0,0,1,0
"COG3899",0,8,15,4,1,3,0,6,33,0,1,5,0,5,5,3,7,1,1,2,5,10,17,27,0,2,1,0,4,7,5,5,6,5,4,0,16,0,1,6,3,9,35,21,0,5,1,42,1,8,5,0,1,3,8,10,94,1,6,3,27,12,6,0,1,4,4,0,76,5,1,8,1,1,1,6,4,34,1,3,10,5,9,2,2,7,3,2,1,8,4,3,10,3,1,5,1,0,0,7
"COG3901",1,1,1,11,4,0,0,0,0,0,1,15,0,38,0,3,3,3,0,0,0,15,1,31,0,0,1,4,3,3,1,3,5,0,0,1,4,0,5,1,0,2,55,0,1,0,4,0,2,5,3,46,1,16,1,32,0,4,1,0,1,3,9,0,3,7,2,0,0,3,2,2,0,1,1,1,2,0,0,8,10,17,0,1,1,2,7,0,1,3,2,9,8,5,1,3,0,1,2,2
"COG3903",0,1,0,0,0,0,0,0,0,0,0,0,1,0,0,0,0,0,1,0,0,0,0,0,0,0,0,0,0,0,0,0,0,0,1,0,0,0,0,0,0,0,0,0,0,0,0,0,0,0,0,0,0,0,0,0,0,0,0,0,0,0,2,0,0,1,0,0,0,0,0,0,0,0,0,0,0,1,1,0,0,0,0,0,0,0,0,0,0,0,0,0,0,0,0,0,0,0,0,0
"COG3906",0,2,3,1,0,0,6,4,0,11,1,1,0,9,0,0,0,3,1,0,0,35,1,1,0,4,1,0,1,0,0,0,1,0,2,4,2,0,7,2,1,1,5,1,21,0,1,65,0,0,1,2,0,0,0,0,0,1,2,0,1,0,0,0,0,0,3,0,0,0,1,0,1,1,1,0,0,8,0,3,2,7,0,1,1,8,6,0,0,0,1,0,0,0,1,0,1,0,0,2
"COG3907",0,0,0,1,0,9,0,0,0,0,0,1,0,3,2,0,0,0,0,1,0,0,0,0,0,1,0,0,0,0,0,1,0,0,0,0,4,0,0,0,0,1,0,0,6,0,0,0,0,0,1,0,6,1,2,0,0,0,0,0,0,0,1,1,0,3,0,0,0,0,0,3,0,0,3,3,0,0,0,0,0,1,0,0,0,0,0,0,0,0,0,4,0,0,0,0,0,0,0,0
"COG3910",32,80,92,32,64,11,24,21,24,33,14,53,11,84,7,39,14,50,14,24,12,13,44,31,48,57,22,31,43,94,12,26,34,210,20,22,34,22,29,26,27,21,32,57,58,71,87,22,29,45,22,89,83,35,27,28,7,18,41,12,39,72,37,21,42,86,58,28,8,32,45,70,41,39,39,43,13,75,6,64,84,38,41,42,54,57,51,49,10,55,72,38,204,30,51,54,16,6,33,49
"COG3911",0,0,0,0,0,0,0,2,0,0,0,2,0,0,0,0,0,0,14,0,1,0,2,0,0,0,0,0,1,0,1,0,1,1,0,0,1,0,0,0,0,0,0,1,0,0,0,0,0,1,2,11,0,1,1,0,0,1,1,0,1,0,0,1,8,0,0,0,0,0,0,4,1,0,1,0,0,0,0,0,1,0,9,0,4,17,0,1,0,0,1,3,0,0,1,0,0,0,0,0
"COG3915",0,1,0,0,0,9,0,0,2,1,0,0,2,0,0,0,1,0,24,1,0,0,0,2,2,0,0,0,0,0,0,1,0,0,0,0,0,0,0,0,1,0,2,2,0,0,0,9,0,0,0,0,0,0,0,0,0,0,0,1,0,0,1,4,0,0,2,1,0,2,0,0,0,2,0,0,1,0,0,0,0,0,0,0,0,0,0,0,0,2,0,0,0,0,1,0,0,1,0,0
"COG3919",22,4,46,145,6,155,1,22,99,52,86,15,6,53,16,35,131,19,22,41,21,2,57,86,7,11,3,9,94,34,96,21,43,26,4,27,112,140,174,129,48,20,155,51,164,58,21,71,9,11,21,42,16,27,42,90,0,15,23,33,104,18,75,21,47,29,13,17,20,37,42,68,51,12,24,47,74,2,135,72,34,25,116,45,22,43,19,68,26,46,26,73,17,43,11,44,53,47,19,61
"COG3920",4,22,21,6,4,24,252,27,15,287,5,1,3,16,29,8,17,22,20,28,23,36,42,11,13,4,40,24,6,10,7,6,2,3,29,69,4,11,6,31,15,12,25,27,70,10,8,35,24,16,10,16,1,3,6,24,8,44,8,7,35,12,53,3,30,15,3,16,50,33,2,21,4,5,6,3,16,14,3,13,18,179,4,6,28,23,7,17,26,5,1,43,5,15,9,5,23,14,28,12
"COG3921",0,0,0,0,0,2,0,0,1,1,0,0,2,0,0,0,0,0,12,0,0,0,0,1,0,0,0,0,0,0,0,1,0,0,0,0,0,0,0,0,0,0,9,2,0,0,0,0,0,0,0,0,0,0,0,0,0,0,0,0,0,0,1,8,0,1,3,0,0,4,1,0,0,2,0,0,1,0,0,0,0,0,0,0,0,0,0,0,1,2,0,0,0,0,0,0,0,0,0,0
"COG3923",1,1,2,0,0,5,0,27,1,5,0,0,1,0,0,1,6,1,8,2,1,2,4,2,2,4,0,0,1,2,1,0,0,1,2,12,0,2,1,4,5,1,1,1,0,2,0,9,1,0,3,8,3,2,0,0,42,4,1,0,1,0,1,12,2,1,25,1,1,2,7,0,0,6,0,0,0,11,3,0,0,0,0,1,2,0,0,1,0,4,0,0,1,0,3,0,2,0,0,5
"COG3924",1,0,1,1,0,7,0,16,0,5,1,0,1,0,0,0,5,0,11,0,0,1,2,1,2,4,0,0,0,0,0,0,0,0,0,10,0,1,0,2,4,1,1,3,0,0,0,5,2,0,0,6,0,1,1,0,18,2,1,0,1,1,0,6,0,0,16,3,1,0,4,0,0,8,0,1,2,4,0,0,0,1,0,3,1,0,0,1,0,6,0,1,1,0,1,0,0,1,0,5
"COG3925",3,0,1,0,0,9,0,64,7,10,2,0,10,1,2,1,2,1,9,2,3,1,4,7,4,7,0,0,2,4,0,0,0,1,2,32,0,2,1,5,5,2,5,4,2,0,1,3,0,0,0,7,0,3,2,2,73,5,0,0,4,0,1,21,5,2,40,1,5,6,22,0,0,12,0,1,1,9,6,0,0,0,0,4,2,1,2,5,0,20,0,0,1,0,4,1,4,1,0,3
"COG3926",9,4,27,54,548,30,4,1,26,3,5,16,4,10,219,9,14,0,1,18,16,4,11,41,8,19,2,2,15,16,75,0,31,14,2,1,36,50,9,27,7,36,6,7,0,58,236,7,20,16,5,15,13,84,17,78,0,15,16,117,14,6,14,8,33,11,5,26,2,15,51,23,4,11,41,9,9,2,24,11,14,0,56,16,34,2,1,7,9,4,28,59,26,34,19,17,12,22,10,25
"COG3933",16,229,92,15,44,15,1106,94,42,78,17,13,15,37,56,34,30,53,193,200,16,275,139,44,26,38,292,106,18,57,49,38,13,20,21,251,31,51,83,28,47,74,87,48,13,144,77,100,173,42,13,21,17,8,23,90,57,188,76,14,22,39,27,28,23,48,81,19,76,264,60,47,28,39,44,59,17,199,31,12,173,106,19,13,87,49,228,47,111,32,72,30,31,13,65,35,131,66,135,13
"COG3934",24,0,1,4,1,11,0,0,0,26,3,23,0,6,0,1,9,9,1,0,1,0,3,0,0,2,0,1,1,5,2,0,22,1,0,1,26,0,3,7,0,0,11,9,4,0,4,0,0,0,17,9,17,9,0,15,0,1,0,5,3,18,7,4,18,11,2,0,0,0,1,2,49,1,1,0,9,13,0,3,3,129,31,9,0,3,0,7,0,6,8,33,2,6,2,3,0,0,4,13
"COG3935",25,154,44,79,109,49,80,32,27,59,25,144,37,133,52,65,84,62,40,13,32,181,57,101,27,136,37,55,119,126,50,86,96,132,68,35,98,27,100,76,39,81,93,72,93,106,108,221,91,49,81,154,116,40,38,162,80,139,46,64,117,146,64,98,39,73,81,37,20,32,81,158,70,67,146,91,60,221,22,122,117,152,51,18,66,44,203,117,29,132,135,82,85,56,96,87,30,32,77,109
"COG3936",9,0,9,8,14,17,0,9,25,0,1,11,1,2,0,1,10,3,6,2,0,5,14,23,4,5,1,2,40,1,13,13,2,39,2,12,0,1,42,0,9,0,1,32,5,6,39,5,7,0,2,43,22,0,3,15,0,8,8,2,10,25,31,9,13,5,7,5,0,2,48,55,4,12,10,2,7,1,0,20,72,1,8,13,32,27,16,31,3,5,21,3,16,16,2,27,0,6,1,15
"COG3937",0,12,0,2,6,0,10,7,7,44,0,3,0,2,1,5,3,8,3,0,3,8,3,9,1,6,3,1,7,6,2,3,0,2,0,4,7,0,7,0,3,3,1,2,4,2,7,36,8,5,4,13,0,2,6,3,13,15,5,3,3,2,3,2,5,3,8,3,6,3,4,6,2,9,2,16,4,3,6,8,5,42,3,1,4,10,11,13,0,3,1,13,12,1,3,5,2,0,4,3
"COG3938",1,9,6,2,7,4,8,5,6,9,0,11,8,6,1,3,2,6,32,7,3,9,6,24,0,3,0,3,8,9,1,9,3,5,1,3,1,7,4,6,3,12,20,9,62,3,2,21,4,3,15,20,1,3,10,19,11,10,5,2,8,7,12,9,1,4,4,11,7,4,4,7,1,6,3,10,2,11,4,1,3,44,2,4,14,2,8,18,4,0,4,4,5,6,0,5,2,2,1,7
"COG3940",248,190,107,278,168,613,291,204,175,407,15,78,31,82,79,138,56,49,117,110,177,56,124,100,13,85,16,49,163,74,56,76,94,65,325,99,161,145,38,375,252,168,95,112,60,182,192,102,139,136,99,81,68,244,124,74,11,142,82,50,59,136,162,72,127,83,46,42,176,195,202,126,47,220,87,189,16,125,248,80,92,76,150,126,153,86,40,149,85,107,97,115,68,70,150,140,150,111,165,170
"COG3941",17,3,25,0,2,1,0,0,0,0,3,1,0,7,0,12,8,1,6,7,2,1,5,0,515,0,0,0,4,2,1,11,5,4,22,0,20,0,1,4,0,0,2,6,35,1,1,1,0,6,0,4,6,15,1,3,0,0,11,2,9,7,33,4,4,14,19,6,0,2,3,0,19,0,6,4,2,0,11,5,8,0,8,16,6,1,15,1,0,55,2,0,4,19,0,1,5,0,11,0
"COG3942",0,8,40,3,0,0,113,46,0,354,16,3,0,0,1,3,0,22,5,0,0,2,23,5,17,12,0,6,12,4,0,2,0,5,1,67,7,0,47,10,1,1,10,0,32,1,0,623,0,0,1,3,2,2,1,1,0,24,2,2,24,1,35,0,27,5,0,1,2,3,0,0,1,6,0,3,2,35,0,6,4,169,3,3,3,41,12,25,1,1,4,39,0,3,16,0,0,1,1,6
"COG3943",363,198,462,218,316,178,52,173,523,77,543,382,547,250,204,260,422,377,393,317,258,192,431,488,604,283,489,294,367,292,490,401,275,487,368,427,320,316,430,300,239,220,141,394,313,533,363,93,248,294,290,305,415,278,391,373,48,265,349,609,336,339,347,332,347,245,194,504,268,331,225,350,376,267,239,366,396,168,340,356,320,67,305,432,304,411,243,340,504,300,300,254,264,454,397,391,324,520,486,232
"COG3944",37,154,27,81,91,35,244,85,27,324,33,134,24,261,42,50,74,107,49,15,33,227,131,109,20,111,33,101,93,168,101,77,66,117,41,55,79,38,81,102,26,59,187,70,128,71,241,191,104,59,105,149,103,30,63,145,82,94,41,52,106,139,90,69,63,133,107,30,56,22,74,245,101,97,116,157,70,172,25,178,128,264,81,35,45,53,207,148,26,138,146,132,189,55,99,69,34,37,100,74
"COG3945",0,5,6,0,0,0,53,2,10,0,0,0,0,0,0,0,3,1,0,8,2,0,27,3,0,0,23,4,0,0,6,0,0,0,1,10,0,0,0,0,0,4,5,0,7,1,0,1,16,1,0,0,0,0,1,13,0,0,0,1,0,0,6,0,6,0,0,1,14,8,0,1,0,0,0,1,0,10,0,0,11,27,0,2,5,3,1,0,7,0,0,2,0,0,2,0,11,5,6,3
"COG3947",17,7,6,18,8,6,0,17,2,6,6,10,6,9,8,14,14,1,8,1,0,1,30,5,2,14,2,6,20,18,16,3,5,23,1,2,22,0,20,16,6,8,73,11,4,4,0,15,4,14,16,17,9,15,4,14,24,4,15,6,18,23,8,19,15,27,28,6,7,6,2,20,11,3,12,8,8,0,1,11,17,0,16,13,3,10,17,13,10,8,9,9,5,9,0,37,5,2,13,12
"COG3948",13,0,37,4,56,15,3,140,14,17,4,19,7,5,18,25,13,6,44,7,8,8,92,37,22,4,1,8,17,80,28,8,11,13,3,39,51,3,4,24,17,10,11,6,21,1,4,13,19,8,10,36,21,5,3,12,18,0,20,8,16,15,4,20,6,12,15,1,10,9,45,8,39,8,20,2,4,5,12,4,17,0,7,14,16,0,3,7,5,18,12,2,36,7,5,21,1,18,5,14
"COG3949",19,66,41,39,9,21,43,23,22,0,1,18,8,35,21,16,20,17,12,4,9,17,15,29,8,22,10,8,26,31,7,20,21,63,44,12,25,12,23,111,32,11,28,14,3,6,39,65,11,20,26,75,18,11,15,90,57,45,12,9,19,34,8,19,40,59,30,18,46,18,16,65,19,37,15,23,15,1,11,42,18,101,68,30,17,40,22,18,5,19,26,12,11,15,6,24,11,24,11,62
"COG3950",205,110,162,176,298,142,78,36,156,54,213,76,315,28,170,202,305,128,329,148,173,163,246,160,24,140,210,336,133,261,196,163,182,70,248,30,120,319,402,220,244,195,95,175,176,272,291,51,150,141,140,57,113,215,217,132,2,150,289,96,156,113,120,68,109,362,100,411,153,231,263,160,147,293,140,202,35,246,337,111,203,91,120,222,253,119,178,146,226,174,102,137,139,166,133,164,491,157,256,164
"COG3951",3,0,1,12,3,16,1,56,2,15,4,5,25,6,5,8,38,2,1,2,10,3,15,7,5,3,3,12,2,3,7,0,5,2,2,29,3,4,3,7,10,3,5,14,2,5,2,12,3,5,13,10,0,5,5,1,50,5,37,0,10,4,8,13,2,1,19,0,7,9,18,4,3,4,0,0,45,5,5,2,2,0,1,8,5,2,0,19,2,12,4,4,2,4,3,5,4,3,2,7
"COG3952",18,0,17,4,6,35,0,7,19,1,0,6,1,0,16,3,3,1,9,0,4,0,7,1,0,10,10,2,5,0,0,6,1,2,26,0,1,17,1,60,16,10,1,2,0,5,1,0,11,8,31,1,1,3,1,4,0,24,14,11,14,1,8,1,4,5,16,12,10,2,10,2,9,29,0,0,3,0,25,4,3,0,2,16,24,30,5,0,23,15,5,2,4,27,24,7,9,58,7,17
"COG3953",0,2,0,1,0,0,0,0,0,0,0,0,0,2,0,3,0,1,0,0,0,0,3,4,0,0,0,0,0,0,0,0,0,0,0,40,0,0,1,0,0,0,0,0,64,0,0,247,1,0,1,0,0,0,0,0,0,0,0,0,0,0,0,0,0,12,0,0,0,0,0,1,0,0,1,0,0,0,0,0,0,85,0,0,0,6,0,6,0,1,0,0,0,0,0,3,0,1,0,0
"COG3954",1,0,0,0,0,7,1,69,12,10,7,0,10,0,2,3,4,0,28,7,5,6,9,15,9,0,0,0,1,2,0,2,0,1,2,44,0,3,0,6,12,1,9,6,2,5,0,8,0,0,0,12,0,11,7,1,110,8,4,1,1,0,2,15,1,1,67,1,14,7,17,0,1,16,0,1,5,11,4,0,0,0,0,6,10,1,0,4,0,16,0,1,3,1,1,0,0,3,0,5
"COG3955",9,7,9,23,0,11,1,2,6,5,13,13,1,5,2,3,7,2,2,0,3,3,12,6,42,7,4,1,20,4,8,10,3,24,22,1,1,17,20,12,0,33,1,12,3,0,19,13,4,16,18,17,18,22,9,6,0,3,2,5,5,46,6,8,24,3,0,4,0,5,0,2,17,23,1,22,4,5,0,2,14,9,2,25,13,20,17,2,5,8,5,0,2,12,18,5,2,3,8,9
"COG3956",95,38,47,106,65,101,170,25,83,12,97,71,113,141,73,108,131,104,86,101,90,18,94,107,151,44,161,170,98,115,99,78,88,63,49,110,58,54,93,78,38,83,173,90,105,46,43,16,72,89,46,50,24,45,68,81,11,30,74,48,83,52,61,49,72,75,32,60,50,93,45,54,53,59,65,43,47,37,46,53,62,50,38,73,41,43,42,66,60,41,50,63,32,58,56,38,39,54,34,61
"COG3957",6,196,42,83,11,1,176,81,10,383,3,111,25,101,28,32,48,32,37,11,28,150,49,57,9,90,12,52,32,27,33,45,86,92,14,69,59,19,72,87,18,51,90,58,230,21,61,322,133,30,132,71,113,16,32,65,4,53,23,43,84,166,110,63,56,113,65,39,2,17,43,264,59,85,78,59,36,26,5,47,56,311,37,14,58,20,106,99,21,120,77,101,47,54,59,53,25,16,59,51
"COG3958",173,316,102,167,158,153,95,114,102,95,38,187,76,251,117,146,166,137,119,137,191,86,178,182,20,153,108,179,181,201,133,195,186,171,72,88,102,71,128,186,52,202,275,144,204,339,259,223,138,208,177,264,166,125,180,261,211,178,107,93,241,217,140,203,125,155,137,83,114,77,140,222,143,148,138,196,131,362,45,264,153,251,204,160,102,92,231,246,35,199,220,132,208,103,255,165,96,87,187,79
"COG3959",200,269,102,176,169,127,81,94,96,90,46,186,108,245,135,139,138,140,136,72,123,101,172,224,21,143,114,121,181,207,105,207,152,143,119,75,91,95,115,135,113,158,270,154,177,339,278,195,115,153,211,223,146,85,212,261,190,172,111,75,218,185,121,164,102,147,141,89,140,82,163,200,143,123,147,212,121,384,119,272,144,242,163,181,124,93,240,204,58,164,190,130,195,99,205,184,161,98,201,96
"COG3960",0,0,2,0,0,2,0,50,17,11,2,0,5,0,0,0,6,0,0,5,2,2,10,9,8,1,0,0,1,3,0,0,0,3,1,26,0,4,0,4,7,4,11,4,0,1,0,1,1,0,0,11,1,7,1,0,41,6,2,0,0,0,2,12,2,0,29,0,12,1,11,0,0,5,0,1,0,8,5,1,0,0,0,4,5,0,0,1,0,9,0,0,0,0,0,0,1,0,0,4
"COG3961",0,0,0,0,0,4,0,0,0,0,0,0,1,0,0,0,0,0,10,0,0,0,0,1,0,0,1,0,0,0,0,0,0,6,0,0,3,0,0,0,0,0,3,0,0,0,0,9,0,0,0,0,2,0,0,0,0,0,0,0,1,0,1,13,0,0,3,0,0,1,0,0,0,0,0,0,4,0,0,0,0,0,0,0,0,1,0,0,0,3,0,0,0,0,0,0,2,3,0,0
"COG3962",11,42,24,12,5,1,206,3,0,6,8,11,14,1,2,10,11,15,54,60,5,3,20,28,10,36,63,28,19,13,9,12,3,9,1,38,14,5,11,3,4,11,127,9,1,6,5,35,46,10,9,39,8,6,9,60,0,4,3,9,40,20,5,21,18,13,23,4,2,26,13,6,18,22,4,8,18,11,1,10,34,22,11,5,20,12,31,69,19,6,14,22,8,7,70,9,36,30,51,15
"COG3963",0,0,2,1,0,0,0,0,0,0,0,0,0,2,0,2,0,0,0,0,0,0,1,1,0,0,0,0,0,2,1,2,0,0,0,0,0,0,0,0,1,0,4,2,0,0,0,0,0,0,0,1,0,0,0,1,0,0,0,0,1,0,1,0,0,0,0,0,0,0,0,0,0,2,0,1,0,0,1,0,1,0,0,1,2,1,0,0,0,0,0,0,0,0,0,0,0,0,0,0
"COG3964",31,12,41,12,20,38,123,14,28,0,0,13,12,12,31,14,9,2,33,48,31,13,21,43,12,17,1,33,2,16,9,11,12,11,17,1,56,14,2,2,59,12,55,25,72,22,6,13,16,28,12,4,9,57,17,45,45,13,14,15,4,42,14,40,21,28,12,6,81,45,9,26,9,14,27,27,3,3,41,2,36,28,21,10,29,24,4,23,25,10,14,4,4,28,22,23,39,24,13,22
"COG3965",4,5,16,2,14,2,0,2,10,33,1,20,1,1,3,7,18,6,5,1,7,37,10,7,0,11,0,7,13,3,1,17,11,7,0,25,11,2,27,6,10,2,4,5,1,1,25,31,8,5,11,23,2,5,15,7,0,13,1,0,8,13,1,8,2,4,5,5,3,5,8,2,1,4,11,23,6,21,3,19,20,4,3,2,0,6,25,8,3,6,15,7,15,3,1,7,0,2,2,9
"COG3966",0,0,10,4,10,0,1,3,0,46,1,1,2,6,0,3,19,3,4,0,1,92,3,31,3,4,0,6,0,0,0,18,4,3,0,6,3,0,13,8,0,7,43,11,82,0,20,153,0,5,2,0,0,3,2,4,1,6,1,0,3,2,2,2,3,1,1,0,2,0,0,0,0,6,0,4,5,7,0,8,3,20,1,0,0,18,3,14,0,1,2,4,2,0,0,1,1,0,0,6
"COG3967",4,0,0,0,0,0,0,0,1,0,0,0,0,0,0,0,2,0,27,0,2,2,1,0,0,0,0,0,0,1,0,0,0,1,0,0,5,6,0,0,0,0,0,0,0,0,0,0,0,0,0,0,0,0,0,1,0,0,0,0,0,1,0,0,0,5,0,0,0,0,0,1,0,0,5,0,0,0,0,0,0,0,0,1,3,0,0,0,0,2,3,2,0,0,0,4,1,1,0,0
"COG3968",613,489,632,614,627,546,188,329,618,185,870,606,709,611,737,766,706,836,521,624,715,356,530,458,948,594,658,724,694,537,723,668,712,615,470,548,571,565,866,496,569,745,492,576,399,660,543,293,541,681,673,561,646,625,670,525,147,576,624,739,663,603,621,633,764,734,377,783,376,525,549,404,600,558,639,623,584,464,697,604,598,238,739,583,608,669,556,603,721,604,633,574,568,711,621,562,555,747,586,679
"COG3969",303,66,146,181,270,185,6,247,272,42,17,66,103,45,260,266,100,15,224,186,238,40,152,175,35,131,115,16,162,149,220,234,149,76,330,37,189,336,10,201,281,216,128,153,26,181,181,9,197,210,155,259,126,289,241,127,162,160,141,101,99,83,155,135,133,177,101,124,219,121,178,130,202,176,114,210,28,67,260,97,78,38,262,289,209,207,20,148,118,99,109,244,81,178,222,201,338,246,209,202
"COG3971",3,3,0,2,0,13,0,48,2,14,0,0,14,4,1,4,14,1,43,12,3,2,13,0,8,1,0,0,1,2,7,3,0,0,7,91,2,1,1,4,7,3,10,3,24,3,0,7,0,0,2,8,1,4,8,0,75,20,13,2,1,0,8,28,1,0,59,1,9,7,56,0,0,27,1,13,2,8,15,0,0,8,0,8,7,2,2,5,1,16,0,2,4,1,3,3,2,5,0,23
"COG3972",1,28,24,5,119,0,318,2,4,9,10,3,31,48,17,16,13,396,5,7,4,4,9,7,3,14,2,36,10,7,2,47,1,5,6,15,182,194,3,5,17,2,159,13,32,5,8,16,6,37,9,7,13,0,1,5,0,81,5,2,35,4,99,7,13,10,63,29,0,70,2,7,11,15,36,2,19,155,14,3,5,4,115,6,0,8,28,5,0,16,3,1,48,1,7,21,4,4,42,10
"COG3973",133,175,140,131,322,106,182,118,162,500,7,104,30,53,104,79,97,61,70,72,134,488,90,149,17,131,63,42,141,152,78,146,123,187,201,117,164,214,116,172,160,113,119,71,247,152,310,351,130,111,128,188,131,156,120,99,111,142,97,78,60,159,98,140,67,238,110,133,104,107,104,503,93,82,117,132,16,194,200,139,169,305,152,126,106,109,176,160,25,93,152,217,133,100,100,154,195,140,138,184
"COG3975",0,0,3,2,26,0,0,0,0,0,0,0,1,2,10,6,1,0,12,11,0,69,5,4,10,11,0,2,0,0,1,2,0,0,11,0,0,0,4,0,16,2,1,4,7,1,1,0,8,2,8,1,0,1,3,1,0,0,1,1,5,1,5,0,6,5,0,1,0,0,0,7,0,1,7,0,3,0,0,0,2,0,4,1,0,0,1,1,3,0,2,1,0,1,0,0,0,0,7,11
"COG3976",18,14,51,28,45,20,3,2,19,7,4,33,16,33,23,15,18,26,26,1,26,171,27,16,22,29,8,8,28,60,13,24,15,12,15,6,42,53,26,22,24,22,21,5,31,12,28,25,28,35,37,21,48,9,17,32,0,16,29,15,49,16,18,75,44,45,50,25,80,9,15,38,33,17,54,15,4,2,35,24,24,41,14,13,63,4,56,21,20,14,31,31,11,22,10,17,20,11,21,11
"COG3977",1,1,2,0,0,20,0,114,11,22,17,0,11,2,1,2,10,0,35,10,2,9,18,19,11,1,0,0,0,4,14,2,0,0,7,71,2,4,1,6,10,4,7,6,1,4,0,15,0,1,1,14,3,4,1,2,171,18,5,7,12,1,4,50,3,0,77,1,15,15,32,0,2,23,0,0,5,13,11,0,0,0,9,13,11,0,1,6,0,14,0,1,6,1,2,4,3,7,0,19
"COG3978",1,1,0,1,0,4,0,19,4,3,0,0,1,0,0,0,3,0,4,2,1,0,5,4,3,1,0,0,1,0,0,0,0,0,1,10,3,0,0,0,1,1,6,1,0,0,0,3,0,0,1,5,0,1,0,0,25,2,0,0,0,0,0,7,0,0,6,0,5,3,4,0,1,2,0,0,0,4,2,0,0,0,0,1,1,0,1,2,0,2,0,0,0,0,0,0,0,2,1,1
"COG3979",1,30,22,0,5,50,0,0,1,0,0,8,5,106,11,1,6,4,1,1,1,1,2,2,4,30,0,7,1,10,1,4,1,1,8,1,6,1,40,0,14,0,2,8,5,10,0,34,4,34,5,0,9,0,1,2,0,0,5,7,2,0,5,1,0,4,13,3,0,1,9,6,27,2,4,2,14,8,0,28,2,35,15,1,8,2,10,0,0,9,103,11,1,24,29,7,4,4,11,23
"COG3980",57,62,20,37,92,43,2,27,51,5,5,32,32,21,15,15,42,5,8,22,59,5,19,61,7,29,6,4,42,14,29,83,75,60,48,7,26,13,27,50,34,68,32,47,11,112,40,1,26,74,28,39,38,48,32,12,1,13,41,23,50,25,14,47,21,14,7,17,36,12,29,51,20,14,27,33,68,3,21,62,11,0,78,9,13,30,13,10,10,32,58,36,9,26,12,58,46,46,44,31
"COG3981",33,9,15,13,43,6,55,5,2,14,8,28,12,61,14,16,9,14,7,30,19,7,15,14,2,23,10,12,9,63,13,14,23,19,13,30,17,1,23,12,16,15,2,24,18,2,16,64,45,16,22,99,15,15,23,48,24,13,16,8,33,37,12,29,11,13,28,11,26,8,27,96,22,17,48,21,12,20,16,43,23,26,11,27,4,15,24,11,0,24,38,19,31,17,29,22,10,13,8,13
"COG4001",167,440,203,275,218,81,551,243,344,99,295,278,469,266,197,273,166,147,144,447,373,261,401,276,59,288,377,232,210,209,482,220,223,307,453,124,300,374,156,264,245,338,288,233,238,178,373,104,504,175,217,281,306,290,318,306,15,267,237,0,442,260,204,342,220,311,236,252,127,249,240,240,322,0,241,453,144,493,416,270,454,510,267,201,253,267,263,282,193,239,259,202,449,270,327,277,510,280,586,147
"COG4012",0,0,1,0,0,0,0,0,0,0,0,0,1,3,1,0,0,0,0,0,2,0,0,2,0,0,0,0,0,0,0,1,0,0,0,0,0,2,1,4,0,1,2,0,0,1,0,0,0,0,0,16,0,0,1,1,0,0,0,0,0,0,3,2,0,2,0,0,0,3,0,5,0,0,0,0,0,0,1,4,0,0,0,0,3,0,0,0,0,0,0,0,0,1,0,1,0,0,1,0
"COG4021",0,0,1,0,0,1,17,0,0,0,1,5,7,5,4,0,0,1,3,1,1,0,5,50,0,0,2,4,9,3,5,4,0,1,0,6,3,7,3,2,7,2,13,3,0,4,2,5,68,0,7,27,1,0,0,5,0,9,0,4,0,5,0,3,0,0,11,2,0,10,3,6,1,0,1,0,15,0,0,2,53,9,1,3,0,3,7,3,0,1,2,2,0,17,0,6,1,1,0,1
"COG4032",54,12,36,31,9,48,2,21,34,6,3,6,30,9,6,37,17,2,4,5,10,2,2,17,0,14,0,13,22,8,3,18,8,16,21,1,22,3,10,47,6,24,5,2,2,8,3,69,25,13,13,20,9,102,17,56,24,25,11,23,4,9,5,6,16,6,4,34,5,5,20,15,19,14,21,12,0,1,0,6,5,0,55,4,44,63,49,8,13,3,24,2,14,13,46,25,8,15,15,9
"COG4034",6,0,0,7,0,0,0,0,0,0,5,0,0,0,0,0,0,1,0,0,0,0,0,24,0,0,0,0,0,0,0,0,0,0,0,0,0,1,1,0,0,1,88,0,0,0,0,0,0,0,0,0,0,6,3,38,0,0,0,0,7,0,0,0,0,2,0,0,0,2,0,0,0,0,0,3,1,0,0,0,1,0,0,0,0,0,0,0,3,0,5,9,4,2,0,0,0,0,0,0
"COG4043",0,0,0,4,0,0,0,0,0,0,0,5,0,0,1,3,4,0,0,0,0,4,2,6,0,0,0,0,0,0,0,0,8,8,3,0,0,0,0,1,0,0,0,1,0,0,0,0,9,1,6,36,5,0,0,13,0,0,3,7,9,23,6,0,4,7,0,0,0,0,0,58,3,0,8,0,1,23,0,10,6,0,4,0,0,0,0,0,0,1,4,2,1,0,1,1,0,0,1,0
"COG4085",0,0,36,0,0,0,0,0,0,0,0,0,0,2,2,0,10,1,0,0,2,0,0,0,0,0,1,0,0,10,1,1,1,1,0,0,0,1,0,0,32,1,6,0,1,11,1,0,9,3,0,9,2,4,10,8,0,0,0,0,0,0,0,0,11,0,0,2,0,4,0,0,0,7,15,13,1,0,0,0,1,0,1,11,7,7,0,0,1,0,1,3,3,5,0,0,0,0,6,0
"COG4086",1,84,9,21,16,3,25,4,2,46,4,18,15,39,9,12,6,30,9,7,7,17,16,15,13,56,12,25,37,25,7,13,25,18,4,17,20,9,44,31,6,12,10,16,67,6,36,145,26,14,19,35,15,6,7,11,0,44,5,9,6,19,10,13,7,30,28,13,3,6,8,13,12,12,20,18,8,116,3,20,17,25,16,4,12,7,73,23,2,23,11,8,36,8,10,7,9,9,22,22
"COG4087",6,2,5,2,0,5,0,0,1,3,0,0,0,6,0,0,1,4,0,0,1,7,4,1,0,4,0,2,7,3,1,2,1,1,1,7,1,1,0,1,0,0,3,1,2,1,1,6,1,0,1,14,0,0,2,0,9,4,0,1,0,0,2,0,0,0,2,0,10,0,2,1,2,1,1,1,0,1,3,2,0,1,0,0,0,0,4,6,0,0,1,2,2,1,0,0,1,2,1,0
"COG4091",5,33,11,4,2,13,173,7,5,0,0,0,1,2,4,6,4,7,3,39,3,1,6,4,0,3,56,0,2,4,6,4,0,0,13,31,8,0,0,7,5,7,3,4,0,2,2,5,37,1,1,1,1,1,3,2,24,2,3,1,4,1,3,1,1,3,3,1,25,9,1,2,2,3,1,2,1,4,6,2,0,0,1,7,22,2,0,15,4,1,4,3,5,6,4,0,23,1,25,0
"COG4095",0,0,0,2,0,0,0,0,0,0,0,9,0,0,0,1,0,0,1,0,1,0,1,0,0,1,0,0,0,0,1,0,0,0,0,0,9,0,2,0,0,0,1,2,0,0,0,2,0,0,0,0,2,0,0,0,0,0,0,0,0,0,0,0,0,1,0,0,1,0,0,2,0,0,0,0,0,0,0,0,0,0,1,0,0,2,0,0,0,0,0,4,0,2,0,1,0,0,0,0
"COG4096",273,311,475,233,158,241,496,102,218,152,113,226,194,210,234,298,299,616,261,206,222,101,312,305,306,342,399,186,180,435,214,218,198,516,263,496,140,189,201,104,357,226,151,219,228,60,199,51,247,338,343,249,440,149,293,407,5,181,63,144,279,462,271,340,263,460,225,223,356,390,389,257,373,247,396,330,361,27,434,191,251,20,134,403,367,216,137,126,110,135,223,197,337,245,171,407,422,218,345,257
"COG4097",0,0,22,0,6,0,1,0,3,6,0,0,0,0,0,7,0,0,5,8,2,39,0,0,5,11,1,0,0,0,2,5,0,0,6,3,0,0,5,3,12,0,0,0,0,0,0,26,3,3,7,1,0,2,0,0,0,1,0,0,0,0,0,0,6,0,1,0,1,0,0,0,0,28,0,0,0,0,2,1,0,1,1,1,0,2,0,0,2,0,0,5,0,1,0,1,0,0,5,11
"COG4098",0,1,10,1,1,1,4,8,0,28,2,3,0,1,1,0,0,5,2,0,1,114,4,6,0,3,4,0,6,2,0,1,0,0,1,6,1,1,13,2,1,0,0,2,57,0,9,174,1,0,0,3,1,0,1,1,2,8,0,2,2,0,1,1,1,1,7,1,5,0,4,2,1,6,1,3,0,22,0,4,3,18,1,0,0,17,18,2,0,1,1,0,0,0,0,0,0,1,3,1
"COG4099",70,27,65,61,43,110,10,22,60,16,86,22,74,37,49,26,25,131,42,28,64,35,74,52,130,45,28,117,86,30,82,77,42,108,38,22,55,50,126,59,38,67,64,62,86,69,58,38,34,54,57,25,52,102,47,29,3,70,88,96,65,84,26,28,68,30,39,52,47,59,40,36,48,88,23,36,55,59,56,49,59,96,45,42,35,67,51,24,137,51,24,57,73,37,33,40,58,31,46,46
"COG4100",48,197,68,99,97,17,184,36,38,107,27,156,41,246,58,65,108,106,52,61,52,179,87,111,14,132,89,88,140,143,89,75,87,123,34,73,74,21,144,110,40,107,148,93,195,64,100,164,118,67,106,235,145,53,99,209,37,81,65,56,140,224,72,129,69,140,97,43,45,64,101,276,102,64,144,123,71,148,16,221,120,160,95,66,52,59,161,127,38,142,223,113,133,60,127,124,57,47,104,112
"COG4104",6,0,3,0,8,24,0,6,6,2,1,7,2,0,2,2,1,1,2,2,0,1,0,25,0,7,1,0,8,8,3,4,1,2,5,0,8,4,0,40,2,14,1,12,4,4,0,0,0,2,0,1,2,4,3,2,0,4,0,2,0,1,1,0,3,1,2,5,2,8,11,0,0,33,1,1,1,1,9,0,1,0,4,5,19,15,0,0,3,2,4,11,0,7,4,2,6,6,6,21
"COG4105",4,2,6,3,14,14,0,54,10,9,2,6,17,4,6,6,4,2,31,9,2,26,6,17,14,19,1,2,1,7,1,7,1,2,2,34,16,7,2,12,12,4,7,8,4,3,0,8,5,5,14,10,9,11,9,3,70,7,7,3,13,2,13,13,3,7,51,3,8,11,13,3,0,18,3,6,47,9,7,1,3,1,3,8,12,3,4,4,4,18,1,3,2,4,3,2,2,4,4,14
"COG4106",5,0,0,3,0,12,0,43,2,29,0,0,6,5,5,6,2,1,22,1,2,0,3,7,2,0,0,0,5,9,1,5,0,8,3,17,1,3,1,9,3,4,5,5,1,0,46,10,1,0,1,4,2,3,3,4,19,5,6,0,5,3,11,11,5,0,21,2,2,2,4,0,0,1,12,0,4,3,6,6,1,69,0,3,6,1,1,4,1,1,2,2,0,1,1,0,0,6,1,3
"COG4107",9,0,3,4,3,7,0,141,10,2,1,1,6,3,4,2,5,1,22,4,4,1,7,17,8,1,2,1,0,3,0,7,1,1,1,14,0,0,2,2,4,2,16,13,0,8,0,13,0,4,0,37,2,7,1,3,39,3,1,3,3,13,0,13,8,4,32,0,9,11,12,1,6,3,0,4,1,7,4,2,2,1,1,9,14,2,1,3,1,11,2,0,0,3,1,1,3,7,1,9
"COG4108",228,273,295,220,221,208,284,154,217,122,304,362,343,243,232,263,355,423,232,302,270,415,270,240,385,295,350,421,249,315,313,278,283,266,159,268,269,205,316,226,196,246,251,271,347,205,278,330,318,264,360,213,308,238,272,234,168,268,342,298,317,310,309,291,321,301,309,310,167,291,233,164,283,290,294,288,365,292,166,332,295,238,258,300,231,253,298,309,296,314,263,211,312,286,287,271,159,277,292,263
"COG4109",0,1,1,0,0,0,2,1,0,8,0,1,0,1,0,0,0,6,1,0,0,1,0,0,4,2,0,1,0,1,0,4,0,0,0,0,0,0,7,0,0,0,6,0,0,0,0,101,2,0,12,3,1,0,0,3,1,2,1,7,0,3,2,1,1,0,2,2,2,0,0,0,1,1,0,0,0,7,0,0,0,8,2,0,0,11,3,2,0,0,0,0,0,0,0,0,0,1,2,0
"COG4110",0,1,0,0,0,0,0,0,2,0,76,0,2,0,0,0,0,0,57,2,0,0,0,0,0,0,0,0,0,0,0,3,0,88,0,58,5,0,20,0,0,0,13,14,0,0,0,0,1,1,0,2,56,0,1,0,0,0,4,88,23,0,3,0,2,0,4,88,0,1,0,1,0,0,0,2,0,1,0,5,2,0,0,0,14,10,0,1,2,0,0,0,0,0,2,0,0,1,0,0
"COG4112",0,0,0,0,0,0,0,19,0,0,0,0,0,7,0,1,0,0,0,0,0,0,0,0,0,0,0,0,0,0,9,26,0,0,0,0,0,2,0,0,0,4,0,0,0,0,0,0,2,0,2,8,0,0,0,0,0,0,0,2,0,0,0,5,0,0,0,0,0,7,0,0,0,0,0,0,3,0,0,0,1,0,5,0,0,0,0,0,0,0,1,0,0,0,0,0,0,0,0,0
"COG4114",2,1,0,0,0,11,0,30,9,4,1,0,7,1,0,0,2,1,24,2,2,0,6,9,3,2,0,1,2,3,0,2,0,0,4,15,1,0,0,6,10,2,7,3,0,3,0,8,0,0,0,10,1,5,3,0,63,7,3,0,0,0,3,14,0,0,38,3,6,7,13,0,0,10,0,1,0,2,4,0,0,0,0,6,2,0,1,2,0,12,0,0,1,0,3,1,1,5,0,4
"COG4115",227,39,66,44,48,12,38,27,172,99,11,55,8,32,31,152,25,29,81,128,28,0,66,288,33,48,40,17,96,45,38,130,120,49,108,28,65,89,12,37,29,86,61,55,31,45,53,44,97,93,47,61,43,99,100,139,27,19,110,89,16,10,122,28,24,9,32,15,7,31,11,74,157,176,99,125,16,37,4,65,35,68,240,53,57,112,47,35,50,22,49,46,116,41,115,60,57,27,23,46
"COG4116",0,3,2,0,3,0,9,4,0,14,2,5,1,3,1,0,3,5,0,1,0,0,0,5,2,2,1,1,5,2,0,0,1,0,0,5,0,1,13,0,3,0,0,1,25,2,36,50,0,1,2,1,4,0,0,0,2,11,5,0,1,0,0,1,3,0,3,1,3,4,2,2,1,4,0,5,2,19,0,1,1,1,1,0,0,7,21,1,0,2,3,8,2,0,0,0,2,0,1,0
"COG4117",1,0,1,1,1,3,0,45,2,13,3,0,1,0,2,0,5,0,1,5,0,3,9,14,3,2,0,0,0,0,0,0,0,0,3,27,0,0,0,2,1,0,0,3,3,3,0,3,0,1,0,6,0,3,1,1,67,3,2,1,0,0,2,9,1,1,28,0,5,8,16,0,0,8,0,0,0,8,6,1,0,0,0,5,7,0,0,2,0,9,0,0,1,0,0,1,0,0,0,4
"COG4120",104,218,92,125,141,52,141,44,39,99,30,208,70,243,93,123,118,148,85,57,103,132,113,162,37,176,52,114,120,291,114,129,121,160,39,58,116,44,143,135,68,95,227,113,183,115,167,327,102,131,173,146,135,46,125,138,52,125,94,98,188,193,85,165,112,179,136,108,105,57,174,74,135,117,149,173,99,203,46,198,124,112,129,116,111,87,193,180,39,172,169,126,263,83,206,154,53,63,128,104
"COG4121",100,21,45,56,86,58,3,122,128,20,12,17,39,9,101,103,22,6,78,85,76,16,59,69,30,62,27,7,65,44,34,68,81,39,56,65,46,86,7,88,56,78,46,62,18,43,40,11,52,64,58,71,47,78,51,53,101,63,68,34,37,26,67,50,92,103,98,58,47,72,68,30,62,139,47,32,10,12,51,30,33,6,64,118,98,100,16,43,94,57,38,61,34,71,85,37,69,132,35,94
"COG4122",145,135,146,147,172,129,146,73,156,182,131,129,70,54,193,133,143,84,137,159,122,63,116,118,226,139,221,95,152,62,86,150,149,153,129,129,137,178,176,116,138,157,79,119,92,188,142,134,148,138,119,147,160,137,143,152,30,150,118,122,95,149,159,105,117,152,92,193,115,151,108,173,154,181,165,145,113,86,159,118,114,146,162,176,169,162,103,100,110,151,148,138,140,154,134,121,155,179,138,142
"COG4123",131,201,167,147,146,105,187,84,131,92,148,146,115,180,164,145,160,122,131,143,114,205,150,166,178,167,164,122,150,172,137,157,170,201,138,135,139,124,173,116,128,136,179,142,184,114,148,198,181,177,150,163,176,108,126,237,115,158,139,140,165,205,114,148,142,165,148,201,141,151,141,206,157,131,144,161,161,191,159,185,168,116,123,133,164,134,186,136,137,167,158,147,136,157,173,123,143,158,142,175
"COG4124",28,107,98,128,30,197,5,28,45,7,307,263,207,110,17,25,102,278,35,92,197,6,115,49,4,77,105,329,89,52,104,110,179,72,80,211,70,75,426,143,82,60,51,146,236,247,208,35,73,23,121,45,142,57,58,85,48,110,172,218,100,90,224,156,118,129,24,28,112,118,72,55,154,228,68,42,128,0,102,151,176,51,80,81,43,97,66,47,246,105,150,210,77,81,52,87,89,65,53,72
"COG4125",0,0,2,0,0,6,0,0,1,1,0,1,1,0,0,0,0,1,3,0,0,10,0,0,1,4,0,0,0,0,0,7,0,1,1,0,0,0,4,4,1,0,3,0,0,0,0,11,1,0,0,0,1,0,0,0,0,0,0,0,0,0,0,1,0,0,0,1,0,0,0,0,0,2,0,0,0,0,0,0,0,0,0,0,0,0,0,0,0,0,0,0,1,0,1,0,2,1,0,0
"COG4126",2,5,2,4,4,0,0,7,1,2,3,1,5,3,1,4,6,2,20,3,4,1,17,26,1,1,1,2,1,6,11,19,6,1,1,3,18,0,2,1,0,11,28,15,0,1,0,9,2,0,5,25,3,4,0,2,10,0,3,9,9,5,3,16,9,0,7,5,1,3,0,3,4,0,3,2,12,1,0,4,8,0,8,1,7,6,4,1,8,1,3,4,5,11,13,3,2,2,4,0
"COG4127",0,17,0,11,1,0,2,12,0,1,0,1,0,16,3,0,7,0,1,1,0,97,7,2,0,2,1,0,3,2,1,1,1,4,0,2,0,1,4,0,0,0,1,7,5,3,6,4,0,1,4,7,12,2,0,14,0,0,0,0,14,0,1,0,0,10,1,2,3,3,0,6,1,0,0,0,4,0,0,16,3,70,1,0,1,1,0,6,2,6,15,5,19,6,0,4,1,3,20,3
"COG4128",0,0,0,0,0,0,2,0,0,0,2,0,0,0,0,1,0,0,1,0,0,0,0,0,0,0,0,0,0,0,0,0,0,0,8,0,0,0,0,0,0,0,0,0,0,0,0,1,0,0,0,0,0,1,0,0,0,0,0,0,0,0,0,0,0,0,0,1,0,0,2,0,0,0,3,0,0,0,0,0,0,1,0,0,1,0,0,0,0,3,0,0,0,0,0,0,0,0,0,9
"COG4129",2,12,8,3,17,15,2,11,6,8,1,32,5,62,4,3,22,14,7,3,5,4,10,18,3,27,11,4,17,8,12,8,16,16,5,20,5,3,26,11,15,23,11,33,23,91,15,103,10,10,8,6,9,4,5,2,33,6,21,14,6,4,2,22,2,5,2,3,44,1,5,11,11,1,31,3,3,4,11,32,10,5,5,4,13,8,33,8,1,25,35,3,7,12,9,10,7,2,5,9
"COG4130",0,0,1,0,0,0,0,0,1,0,0,0,2,0,0,0,1,0,29,0,0,0,0,0,1,0,1,0,0,1,0,2,0,0,1,0,0,0,0,0,1,0,5,0,0,0,0,4,0,0,0,0,1,0,0,0,0,0,0,0,0,0,1,9,0,1,2,0,0,2,0,0,0,0,0,0,3,0,0,0,0,0,0,0,0,0,0,0,0,0,0,0,0,0,0,0,0,0,0,0
"COG4132",1,3,2,1,5,18,1,28,0,91,0,2,2,6,3,4,0,3,9,7,5,17,12,6,2,9,1,2,2,0,2,3,0,0,3,2,4,3,3,1,7,3,0,0,16,2,0,6,3,16,6,1,1,1,0,0,10,2,0,4,3,1,17,0,11,1,8,1,0,3,0,3,0,1,1,0,0,11,0,3,1,77,2,4,8,5,0,11,4,0,0,23,0,10,0,0,0,2,5,1
"COG4133",5,2,7,1,7,1,0,36,3,2,1,1,3,2,2,5,6,1,13,8,3,31,4,6,6,16,1,0,0,3,1,3,1,1,3,29,2,6,5,5,7,3,8,7,4,1,0,4,4,1,3,4,1,4,2,3,44,4,6,0,3,0,6,14,6,5,25,3,4,4,10,1,1,8,5,1,1,5,3,2,1,1,1,4,10,2,1,0,4,5,2,3,2,4,0,2,2,4,1,3
"COG4134",3,9,2,1,1,13,0,41,6,8,0,2,8,2,1,6,6,2,61,17,4,5,16,6,6,14,1,2,7,2,1,1,5,2,5,32,6,3,4,8,6,5,15,5,2,5,0,9,3,9,0,22,2,5,4,2,167,9,3,0,5,3,15,32,2,6,63,3,5,14,13,1,1,9,0,3,4,18,4,2,1,0,3,4,7,1,4,7,0,13,0,2,5,1,3,1,5,3,3,9
"COG4135",4,0,0,1,0,10,0,66,7,15,3,0,7,1,4,0,4,1,29,5,1,1,10,8,2,0,0,0,0,4,0,0,0,0,4,23,0,0,0,9,4,3,4,3,0,0,0,2,1,0,0,8,1,3,1,1,100,7,2,1,1,0,0,28,4,1,57,0,5,8,20,0,1,13,0,1,1,6,5,0,0,0,0,7,2,1,0,0,0,14,0,0,0,0,1,1,1,2,0,12
"COG4136",1,0,0,0,0,8,0,24,5,7,2,0,3,0,0,1,3,1,19,1,2,0,4,5,2,1,0,0,1,0,0,1,0,0,1,17,0,1,0,1,1,1,7,1,0,0,0,2,0,0,0,7,0,2,0,0,50,4,3,0,1,0,1,15,0,2,14,1,3,4,6,0,0,3,0,1,1,4,7,0,0,0,0,6,2,0,0,0,0,6,0,1,0,0,1,2,1,0,0,2
"COG4137",3,1,15,0,8,15,1,52,3,17,7,0,6,0,2,4,5,1,27,14,4,36,10,16,10,15,2,0,0,2,3,0,0,1,9,33,2,8,5,3,16,6,9,6,1,3,0,11,3,7,5,13,1,3,4,4,81,7,4,2,7,0,3,26,4,4,57,2,13,7,14,0,0,15,2,1,4,8,5,0,3,0,0,7,5,1,5,2,7,19,3,4,1,4,3,4,4,8,3,15
"COG4138",1,0,4,0,0,9,0,40,6,5,3,0,4,0,1,1,5,0,9,3,0,1,1,9,2,1,0,0,1,5,0,1,1,0,0,17,1,1,0,3,6,5,2,2,0,2,0,2,0,0,0,11,0,9,1,0,56,4,3,1,1,0,2,15,3,1,25,1,2,6,14,0,1,6,0,1,1,8,6,0,0,0,0,2,6,0,0,0,1,12,0,0,1,1,1,3,0,2,0,2
"COG4139",2,0,0,0,0,7,0,29,6,7,0,0,3,0,2,0,4,0,12,2,1,1,5,7,5,1,1,0,0,1,0,2,0,0,1,18,0,0,0,1,8,0,2,5,0,0,0,4,0,0,0,1,0,2,1,0,47,3,4,0,0,0,2,16,3,0,30,1,3,6,9,0,0,2,0,2,2,3,5,0,0,0,0,4,4,0,0,1,0,8,0,0,1,0,0,0,1,0,0,5
"COG4143",2,1,0,0,0,21,0,41,5,6,1,0,5,0,2,1,7,2,27,3,1,2,3,12,2,7,1,0,1,0,3,0,0,1,7,14,1,2,3,10,15,3,6,3,2,3,0,9,2,15,2,8,2,5,1,0,54,3,3,6,2,0,1,10,0,0,22,2,18,6,9,0,0,9,0,1,1,9,15,0,0,0,0,2,3,0,1,0,1,5,0,0,0,3,1,0,2,1,0,3
"COG4145",10,29,47,24,12,52,145,70,10,15,12,25,22,20,20,24,25,13,56,51,30,8,34,57,28,30,67,35,50,35,23,36,30,14,24,47,13,9,35,23,25,29,34,34,10,20,31,31,36,50,30,27,16,18,57,30,110,36,16,25,18,33,19,64,28,19,74,37,53,45,26,33,15,27,18,47,9,96,25,31,58,14,34,28,66,18,43,27,20,33,16,17,9,22,12,19,29,21,34,17
"COG4146",195,115,150,300,180,231,8,127,267,46,259,110,324,43,268,147,197,299,217,283,349,35,176,146,52,152,254,224,199,134,255,121,201,59,233,211,177,370,171,191,423,240,87,201,99,212,292,25,216,263,231,92,129,276,256,116,160,210,230,281,157,65,239,215,177,135,156,276,366,175,275,166,169,144,158,274,323,38,402,76,162,66,119,277,227,195,103,147,267,108,131,129,311,222,221,272,454,219,325,110
"COG4147",2,0,0,0,1,16,0,78,10,13,5,0,12,2,1,0,13,0,38,4,3,4,3,11,5,1,0,0,1,5,1,2,0,1,6,42,1,2,0,8,7,3,7,3,1,3,0,8,1,0,0,11,2,9,3,2,106,16,8,0,3,0,2,24,3,1,78,3,10,14,20,0,0,16,0,2,2,13,4,0,0,0,0,15,5,1,1,5,1,14,1,0,2,0,2,1,2,5,0,8
"COG4148",6,0,14,1,8,19,0,67,5,12,5,1,10,4,12,5,13,2,38,10,6,57,11,10,14,18,4,1,1,5,6,9,1,5,8,31,7,16,7,6,19,9,6,13,9,3,0,12,4,9,11,11,3,6,9,12,101,8,14,3,12,1,14,34,5,12,75,1,15,12,22,11,1,16,17,7,5,11,7,0,2,0,3,6,10,2,4,2,5,26,7,12,2,5,2,11,5,10,3,18
"COG4149",37,110,68,24,49,26,99,60,27,35,6,44,28,28,17,41,26,42,53,36,26,60,53,42,20,73,41,44,43,87,23,29,18,23,24,62,33,27,47,52,27,31,46,29,51,11,34,63,47,33,47,61,28,25,52,41,91,45,23,19,34,44,33,34,29,71,82,36,33,38,57,28,46,42,41,43,15,53,28,35,47,83,26,45,50,13,102,48,18,54,44,23,40,25,38,42,20,19,50,48
"COG4150",0,0,0,0,0,8,0,39,6,8,4,0,6,0,1,1,5,0,30,1,0,1,3,19,4,1,0,0,0,0,0,2,0,1,1,21,1,1,0,5,6,2,4,7,1,0,0,6,0,1,1,11,0,5,2,0,47,12,1,2,8,1,1,18,2,1,26,3,3,13,14,0,0,13,0,0,2,5,3,0,2,0,0,1,8,0,0,2,0,8,0,0,1,2,1,2,1,7,0,4
"COG4152",17,26,22,32,21,15,2,60,27,40,10,93,30,52,21,40,49,4,65,59,11,149,73,65,30,44,22,11,52,23,42,55,32,44,16,1,59,35,32,11,15,20,17,78,74,16,20,56,46,59,88,108,59,10,35,120,5,17,47,29,59,104,98,49,53,22,36,24,4,65,14,49,52,14,74,20,44,15,4,83,57,0,65,44,31,111,44,43,64,52,53,26,29,101,33,32,16,86,16,66
"COG4154",11,11,8,13,4,21,47,28,16,23,12,17,9,34,13,7,5,16,22,17,13,11,8,21,2,14,33,13,15,9,21,9,5,12,22,17,8,4,13,11,8,11,48,11,21,7,13,28,15,15,13,30,7,8,6,29,64,19,9,11,33,7,13,32,9,9,29,8,10,13,16,15,9,19,6,14,13,47,17,19,25,28,18,9,15,19,40,15,13,9,19,21,14,1,41,6,16,13,14,11
"COG4158",9,103,9,13,27,11,39,2,15,22,3,37,24,15,21,2,23,13,20,9,10,2,18,17,6,36,1,19,45,28,17,10,43,13,16,8,21,16,17,24,4,26,13,20,3,58,33,63,64,4,40,11,56,9,8,8,43,40,21,23,7,23,12,29,7,9,20,22,23,8,6,13,36,12,40,18,48,129,11,38,21,33,38,7,23,4,56,7,3,43,37,23,26,10,27,30,5,9,21,13
"COG4160",3,0,0,0,0,16,0,43,8,11,6,0,2,2,0,0,5,0,26,3,2,6,5,17,4,7,0,0,0,3,1,2,0,1,7,27,0,0,3,6,11,3,6,6,2,1,0,8,0,0,0,14,3,11,4,4,108,14,5,0,2,0,5,51,2,0,65,2,13,13,26,0,1,11,1,1,4,13,6,0,1,0,0,6,4,0,1,2,1,19,0,0,1,1,4,1,2,8,0,5
"COG4161",1,2,2,1,1,10,0,44,5,10,1,0,3,0,2,1,4,2,13,8,3,4,4,14,5,4,0,0,0,2,1,1,1,1,3,27,1,1,3,1,9,1,3,2,0,3,0,8,3,0,0,10,2,5,4,1,59,6,2,0,1,0,4,15,1,0,34,1,9,9,11,0,3,10,0,0,1,8,10,0,0,0,0,9,3,1,3,0,1,9,0,0,0,0,2,2,4,0,1,3
"COG4166",332,270,127,214,175,144,783,660,97,1210,65,326,130,515,34,275,177,211,283,216,141,1061,250,272,50,205,190,207,217,696,271,180,154,231,88,380,189,27,242,189,121,98,483,200,668,89,175,1138,171,106,230,297,256,79,359,244,656,223,185,116,352,264,258,453,175,269,544,97,214,139,413,132,290,213,198,251,102,173,85,265,236,513,177,308,108,112,244,256,66,383,210,226,182,139,275,251,81,89,167,254
"COG4167",1,0,0,0,0,11,1,48,6,11,1,0,4,1,1,0,5,0,24,6,0,4,6,9,5,9,2,0,0,3,0,2,0,1,4,34,0,3,1,3,7,4,6,3,3,3,0,7,3,0,0,10,2,5,2,1,60,9,3,0,2,0,0,20,1,1,46,1,8,7,17,0,1,17,3,1,1,12,3,1,0,0,1,6,1,2,0,1,0,11,0,0,0,0,1,1,5,5,0,6
"COG4168",1,0,0,0,0,15,1,57,3,12,2,0,1,0,3,0,4,2,13,4,0,2,8,16,6,10,2,0,0,2,0,0,0,0,3,26,0,1,1,4,8,1,6,2,0,2,0,9,1,0,0,11,1,7,2,0,61,7,1,0,0,0,0,17,1,2,29,0,12,2,13,0,0,9,2,0,1,9,5,2,0,0,1,7,8,0,2,0,3,8,0,0,2,0,0,0,4,3,0,4
"COG4170",3,1,1,0,1,10,0,38,7,8,3,0,2,2,0,0,7,3,22,2,0,3,7,7,7,4,1,0,0,5,0,0,1,0,4,21,0,0,2,5,5,0,5,1,0,0,0,9,1,1,0,8,2,7,1,1,65,3,4,0,1,0,0,21,0,1,29,1,6,7,10,0,1,14,1,1,2,7,3,0,1,0,0,3,0,0,6,2,2,7,0,0,4,1,1,0,2,5,0,6
"COG4171",0,0,1,0,1,11,0,38,2,10,0,0,2,0,0,0,2,2,16,3,0,2,1,6,4,10,0,0,0,2,1,0,0,0,2,15,1,0,2,4,8,3,5,5,0,0,0,9,0,0,0,7,2,1,0,0,43,6,0,0,1,0,2,16,0,0,35,1,5,5,7,0,0,5,1,3,2,8,6,0,0,0,0,3,3,1,3,1,1,8,0,0,0,0,2,1,2,2,0,2
"COG4172",17,7,21,12,12,27,30,88,4,129,7,17,17,7,20,10,22,10,40,6,19,30,24,17,9,42,5,5,8,20,5,11,14,29,3,49,21,7,12,15,16,9,9,13,13,5,13,10,14,26,17,29,14,21,7,4,101,22,16,24,24,8,34,70,14,15,66,20,30,17,48,9,15,36,20,6,4,20,13,6,13,146,16,10,18,6,11,14,5,20,25,34,24,10,9,22,8,17,9,25
"COG4174",7,0,4,2,0,6,0,73,8,3,1,8,5,6,1,4,2,2,17,4,3,1,5,5,2,1,0,0,0,1,25,0,0,0,5,28,6,2,0,4,6,6,8,2,1,2,0,5,0,1,2,15,7,3,1,1,69,7,2,7,10,0,0,42,4,2,38,2,9,5,19,0,0,8,1,1,3,4,5,0,0,0,5,1,5,1,0,2,0,10,0,0,2,4,6,0,1,5,1,8
"COG4175",92,46,77,85,154,186,5,78,146,28,6,41,60,18,183,129,44,9,72,107,131,15,68,107,22,65,54,3,49,103,36,90,72,16,185,39,63,177,5,172,177,104,74,122,21,131,103,7,100,81,92,63,46,173,106,67,36,112,108,96,58,27,51,84,57,41,71,68,163,75,110,57,92,42,46,88,8,23,171,30,60,24,45,185,115,84,16,77,59,36,39,94,52,127,107,110,190,195,113,165
"COG4176",69,23,62,81,102,110,5,48,133,19,4,29,40,11,128,85,21,7,65,76,90,11,68,81,9,38,39,5,27,56,25,76,46,11,147,19,49,135,3,121,130,97,60,81,23,85,74,10,73,45,59,38,34,136,78,56,37,81,44,56,37,26,22,70,31,37,52,64,131,35,81,32,59,51,39,83,5,20,128,17,41,12,44,133,87,58,7,78,57,23,31,66,38,79,87,87,122,111,87,101
"COG4177",97,101,69,68,45,59,185,83,40,165,11,59,68,211,64,73,52,52,110,43,34,57,75,104,24,70,40,56,68,158,88,60,62,45,42,87,65,27,68,74,30,38,136,87,44,47,20,152,28,68,116,180,101,29,110,134,275,83,55,89,127,132,111,124,132,123,109,31,144,70,103,107,79,63,69,78,219,80,81,198,94,222,105,75,119,89,144,93,37,102,136,113,65,91,74,79,90,61,89,70
"COG4178",11,43,23,10,27,3,139,75,1,13,13,2,36,1,16,13,23,11,14,47,22,15,44,48,14,49,74,17,3,18,18,9,3,11,13,74,15,15,17,3,11,17,15,30,4,8,0,8,43,19,1,7,13,14,12,31,79,6,24,13,16,14,11,22,22,3,37,15,31,61,19,4,5,33,12,11,85,10,3,4,16,9,5,16,50,19,17,9,20,13,15,6,4,16,13,4,42,13,51,39
"COG4181",1,6,1,0,2,9,70,57,7,92,0,1,5,10,2,5,9,0,9,8,3,1,11,7,7,0,0,3,0,4,4,1,5,1,1,40,1,9,2,5,8,4,16,2,9,1,0,5,0,0,5,12,3,9,4,1,65,14,6,1,2,0,16,13,1,6,37,3,5,5,12,0,1,10,0,3,3,9,7,3,3,0,1,6,8,0,2,5,0,7,4,5,2,0,0,1,1,2,0,9
"COG4185",110,38,90,44,72,24,0,26,32,12,117,62,123,48,78,20,106,104,45,44,18,23,68,69,4,18,102,156,73,34,108,55,65,95,126,49,34,89,104,10,77,21,26,120,89,75,103,87,44,42,66,36,68,18,46,33,7,65,124,36,91,26,23,15,25,22,23,67,54,67,67,55,50,19,43,74,15,76,82,15,86,20,78,58,59,51,47,32,173,14,44,90,130,59,70,64,95,92,52,38
"COG4186",70,39,31,13,16,16,54,35,13,126,1,50,26,43,43,20,20,16,9,134,17,71,70,113,6,38,39,10,16,17,20,47,20,29,70,6,44,87,18,7,35,21,60,20,21,10,65,38,65,27,94,40,24,21,33,44,6,15,17,32,42,12,95,22,24,55,17,28,21,130,34,47,10,40,20,50,42,63,36,20,79,70,27,95,31,54,21,42,23,11,123,29,27,26,14,30,14,96,15,14
"COG4187",8,7,9,14,1,4,24,9,25,0,1,11,29,31,20,4,19,1,5,1,7,134,43,25,6,4,1,5,14,6,6,17,5,4,12,1,22,28,5,5,1,11,39,30,56,2,2,28,0,5,11,3,4,1,4,21,26,18,2,2,5,15,10,2,13,8,2,2,29,9,4,10,4,5,14,6,78,0,11,5,5,111,4,5,15,9,2,13,2,9,11,3,2,7,0,17,8,4,2,5
"COG4188",2,0,4,2,0,1,0,0,0,0,0,3,1,4,1,2,1,0,39,2,5,0,1,3,0,0,0,0,0,3,1,3,0,0,0,0,0,5,2,3,0,2,2,5,0,1,0,0,0,4,2,5,1,0,2,3,0,2,1,1,4,3,2,2,0,1,2,0,0,3,0,1,0,2,1,1,0,0,1,1,0,0,0,0,4,4,0,0,1,0,1,0,1,1,1,2,1,1,0,2
"COG4189",8,101,16,11,24,13,147,3,20,8,3,19,2,4,7,18,7,17,5,9,7,2,5,13,1,36,7,28,27,10,14,6,14,27,20,12,12,4,23,41,9,10,6,7,7,7,50,125,13,5,24,11,24,11,4,15,48,69,7,4,6,24,15,22,2,50,25,16,15,23,12,0,16,25,15,26,3,251,5,11,15,37,18,7,20,12,35,6,4,38,16,3,75,2,10,32,35,18,48,30
"COG4191",45,3,25,29,55,44,0,8,47,1,85,18,8,12,73,87,12,2,103,54,35,2,11,67,2,15,9,7,15,42,28,71,21,13,1,5,127,57,52,25,4,87,14,19,0,22,13,28,15,29,16,32,13,50,45,45,10,6,26,14,50,16,28,61,15,120,19,13,0,28,21,35,20,42,34,52,2,0,21,29,5,0,34,26,22,11,1,30,10,2,41,46,14,21,35,16,24,48,27,36
"COG4192",0,0,0,0,0,0,0,0,0,1,0,0,1,0,0,0,0,0,34,1,0,0,0,1,0,0,0,0,0,0,0,3,0,0,1,0,0,1,0,0,0,0,9,1,0,0,0,0,0,0,0,0,2,0,0,0,0,0,0,0,1,0,2,0,2,1,3,1,0,1,0,0,0,0,0,0,0,4,0,0,0,0,0,0,0,0,0,0,0,1,0,0,0,0,2,0,0,2,0,0
"COG4193",4,55,21,63,48,0,13,18,5,3,8,71,22,16,15,24,109,51,11,2,4,5,15,22,2,68,25,39,69,18,45,29,53,65,2,28,20,7,116,49,5,39,23,18,7,83,96,22,24,36,55,168,78,13,13,57,4,46,38,58,61,205,7,99,17,49,45,16,1,8,49,379,41,24,71,17,29,47,2,113,104,43,33,5,14,4,64,70,3,40,75,48,109,20,14,37,14,9,27,17
"COG4194",0,0,0,0,0,1,0,9,0,3,0,1,0,0,0,0,0,0,0,0,0,0,0,1,0,1,0,1,0,0,0,0,0,0,1,1,0,0,5,1,0,1,4,1,0,0,0,0,0,0,0,0,1,0,0,1,0,2,0,0,1,0,4,0,1,0,1,0,0,0,0,0,1,0,0,0,0,2,0,0,0,10,0,0,0,0,1,2,0,1,0,0,0,0,2,1,0,0,0,3
"COG4197",1,1,0,0,0,0,0,0,1,0,1,0,0,0,0,0,0,0,0,0,0,0,0,0,0,0,0,0,0,0,0,0,0,0,0,0,0,0,0,0,0,0,0,2,0,0,0,0,0,0,0,0,0,4,1,0,0,0,0,0,0,0,0,0,0,0,2,0,5,0,0,2,0,0,1,0,0,0,0,0,0,0,0,1,0,0,0,0,0,2,3,0,0,0,0,1,0,0,0,0
"COG4198",162,175,212,180,142,140,49,113,179,43,217,228,188,96,244,206,206,175,148,167,163,80,167,182,266,201,184,205,201,124,200,181,191,228,147,128,192,188,168,136,143,189,222,186,126,169,191,50,169,201,181,146,212,184,167,176,42,161,187,218,182,195,178,186,221,191,95,198,135,172,80,131,202,145,169,162,150,147,160,184,194,93,204,174,216,213,108,189,225,140,210,182,109,242,210,174,162,220,142,160
"COG4199",0,0,1,3,0,77,0,1,0,3,4,0,0,0,0,0,1,3,0,23,1,163,8,3,3,1,0,3,0,0,0,2,0,0,2,6,17,0,9,1,5,30,0,0,46,1,1,158,0,0,0,1,1,0,5,1,0,8,0,0,0,0,1,0,1,0,0,2,2,0,27,1,1,8,0,7,2,5,52,0,1,19,0,0,0,8,5,0,0,0,0,4,0,10,0,1,0,0,0,0
"COG4200",1,12,7,5,7,0,4,1,1,2,4,4,2,3,1,9,1,9,7,1,2,0,5,9,0,16,1,5,5,34,5,3,6,27,3,0,7,0,11,7,3,8,9,4,1,3,16,20,2,7,10,7,8,5,3,7,0,4,2,6,19,11,12,12,4,13,8,4,1,1,28,4,11,12,5,2,4,94,2,35,9,2,5,8,6,5,35,3,2,7,18,8,26,8,6,27,7,3,9,9
"COG4206",1243,339,1051,1065,901,1038,498,491,1404,111,1456,464,1411,319,960,1338,892,854,993,1431,1460,151,939,897,1459,558,1126,1125,757,621,1086,1442,898,554,1198,829,1191,1224,839,700,991,1084,597,1161,530,1091,739,36,809,974,857,478,609,1367,1026,831,150,775,1148,1208,624,572,1161,585,1245,869,339,1209,1166,1038,828,702,948,800,713,914,729,112,1033,587,826,155,1027,1133,902,1361,383,1087,1454,545,589,867,540,1045,893,969,1108,1090,964,980
"COG4208",9,81,6,13,26,13,27,25,12,19,6,40,12,19,14,6,25,25,27,12,11,29,29,22,4,49,9,17,28,21,19,11,11,25,19,21,17,16,33,52,14,24,15,12,43,15,67,46,46,10,22,39,29,8,15,26,26,41,12,18,29,73,12,34,6,39,64,11,2,20,27,9,38,23,45,32,29,160,7,14,45,62,13,7,16,7,71,39,4,72,27,34,55,14,24,19,11,6,23,50
"COG4209",121,518,64,168,329,51,84,103,34,73,47,513,103,272,90,175,218,192,86,70,66,444,199,139,23,361,90,152,188,238,213,172,189,371,113,98,187,36,219,193,70,181,100,63,154,568,206,257,195,153,180,547,457,98,130,110,167,199,190,154,156,246,224,386,95,238,232,156,34,75,249,153,226,173,343,186,89,304,30,452,304,462,181,130,141,455,300,113,44,291,506,250,377,138,218,358,79,67,222,186
"COG4211",57,79,41,54,75,52,31,61,37,23,12,117,33,145,34,53,84,93,55,18,35,73,51,77,9,128,28,75,63,110,45,67,74,86,39,55,59,12,83,66,27,42,39,40,36,43,72,56,57,71,87,101,79,21,101,65,129,71,57,52,93,165,53,109,49,81,103,27,70,28,92,34,60,82,99,80,68,164,46,169,108,80,50,55,57,37,141,57,20,98,106,44,170,47,99,97,20,47,62,55
"COG4213",25,38,32,18,17,49,93,73,37,147,6,49,84,8,16,15,51,24,60,18,12,8,43,49,26,22,39,32,8,43,7,28,22,18,50,52,17,9,17,36,20,28,45,37,22,67,42,171,24,18,10,24,27,20,12,16,155,36,29,22,26,21,18,49,28,16,127,18,64,32,19,25,21,34,32,14,208,256,26,124,20,19,8,22,22,16,99,41,5,22,67,18,29,13,21,24,11,11,15,31
"COG4214",10,23,7,6,13,19,60,66,11,86,5,11,21,8,3,2,16,12,31,11,7,5,20,14,13,1,27,7,1,12,3,8,4,7,17,34,4,2,10,14,13,11,17,6,12,38,9,51,5,8,4,17,17,11,7,5,145,34,18,11,7,8,19,50,21,6,117,8,35,15,36,2,8,38,10,6,69,158,14,42,12,12,8,14,15,11,43,39,3,25,35,12,14,2,10,8,2,9,4,16
"COG4215",4,1,1,2,1,26,2,72,7,9,4,0,8,1,1,1,11,0,46,5,3,3,13,19,9,5,0,0,0,2,1,1,1,0,5,37,1,2,1,9,10,3,11,6,1,3,0,17,0,0,0,17,1,6,3,1,108,8,3,0,3,1,3,32,3,0,70,5,13,16,26,0,1,18,1,4,4,15,2,0,1,1,0,17,5,0,1,2,0,21,0,0,2,2,2,1,0,3,1,10
"COG4219",30,254,82,143,242,29,112,109,45,111,39,192,60,484,86,68,213,106,60,19,51,256,128,197,43,145,44,97,217,120,114,127,202,191,62,50,155,44,173,292,37,136,58,133,27,643,204,253,97,70,183,271,194,65,58,125,158,148,139,142,214,204,69,285,96,244,162,93,56,89,100,132,182,178,240,103,85,400,38,453,214,193,172,41,86,132,276,176,21,250,362,140,457,84,234,204,68,75,91,114
"COG4220",0,0,2,3,3,0,0,164,18,10,8,0,0,1,1,5,1,0,0,3,0,4,8,18,5,1,0,3,0,2,4,0,0,0,0,18,0,1,0,3,5,0,0,3,0,1,0,0,0,0,1,16,1,10,2,0,86,5,2,1,5,7,2,15,2,0,22,0,5,17,0,0,0,6,0,2,0,4,2,0,2,0,1,4,14,0,0,0,1,7,0,0,3,0,0,1,0,1,0,4
"COG4221",127,36,132,96,98,155,44,106,113,76,129,28,109,50,110,96,128,64,111,116,101,27,104,97,186,95,184,87,93,42,88,108,101,83,143,134,61,141,61,123,116,110,45,98,43,89,95,81,85,123,106,49,86,110,100,73,71,79,124,72,75,66,115,74,99,86,69,121,96,85,97,68,101,137,28,98,141,19,152,45,55,23,70,126,111,100,34,81,135,60,56,97,60,125,83,102,137,131,93,88
"COG4222",4,33,12,3,1,11,0,2,1,2,71,1,61,0,7,1,26,57,0,50,0,0,15,3,161,2,90,117,1,8,49,1,9,0,2,87,1,0,80,0,2,1,0,15,65,1,0,0,0,28,0,0,3,1,2,23,9,1,38,67,17,1,0,7,4,0,23,63,0,14,1,2,0,0,7,2,42,9,9,0,24,3,2,3,22,26,20,3,101,11,1,1,10,9,1,0,1,1,33,7
"COG4224",15,27,12,26,28,6,15,8,8,25,2,37,7,14,16,14,26,23,13,7,9,60,10,33,3,29,18,23,20,46,18,21,24,30,11,8,24,5,21,23,14,19,17,19,36,27,29,45,24,9,22,20,34,7,25,15,10,20,23,22,25,44,24,33,11,26,23,15,10,9,18,9,30,23,25,37,25,13,6,26,39,28,24,21,13,11,35,29,3,32,37,18,50,9,38,34,13,13,24,28
"COG4225",915,403,614,754,809,764,78,192,743,125,292,421,729,251,948,779,284,296,660,709,1068,265,413,451,1351,579,344,247,521,511,435,548,650,227,746,35,922,1454,472,545,1162,779,456,473,73,982,706,53,713,614,534,301,435,1129,788,366,108,595,481,590,329,415,665,570,517,567,239,543,926,751,867,445,587,617,687,689,178,68,961,378,530,202,677,959,618,559,197,654,450,505,429,616,382,694,665,838,1141,655,705,488
"COG4226",15,3,10,16,29,22,5,12,9,17,50,10,25,7,3,4,8,61,10,5,5,5,24,28,2,9,11,14,4,33,28,8,5,9,8,0,15,4,6,32,11,6,7,17,41,31,3,3,3,7,12,10,13,22,6,8,0,14,23,31,16,24,8,13,3,8,24,3,7,5,3,13,0,4,2,6,7,4,0,18,28,0,15,24,3,9,17,9,32,7,29,5,10,6,2,19,2,7,7,8
"COG4227",124,37,88,55,73,49,45,106,101,5,369,103,644,135,70,145,46,11,170,90,30,18,261,124,44,131,116,83,55,199,117,208,143,61,533,1619,27,276,245,20,7,16,65,259,30,140,83,47,97,169,108,92,79,156,259,138,9,116,148,172,50,25,57,48,256,14,43,829,74,278,48,219,239,275,108,238,1025,28,162,109,330,48,124,132,115,234,34,71,356,118,63,150,74,111,291,149,50,182,108,129
"COG4228",0,0,0,1,0,0,0,0,6,0,0,1,30,3,10,1,1,0,0,11,0,71,0,2,7,0,0,0,0,0,0,0,1,2,7,0,0,0,6,5,3,0,2,0,4,0,0,2,0,1,12,0,0,1,1,0,2,2,1,0,0,0,1,2,5,3,30,1,0,0,0,2,0,2,0,3,0,0,0,0,1,0,0,1,0,1,0,0,0,1,2,2,0,2,0,0,1,0,2,0
"COG4229",0,0,0,0,0,7,0,0,0,2,0,0,2,0,0,0,0,0,16,0,0,0,0,2,0,0,0,1,0,0,0,0,0,0,0,0,0,0,0,0,1,0,7,0,0,0,0,10,0,0,0,0,0,0,0,0,0,0,0,0,0,0,0,6,0,0,1,0,0,4,0,0,0,0,0,0,0,1,0,0,0,0,0,0,0,0,1,0,0,1,0,0,0,0,0,0,0,3,0,0
"COG4230",2,3,1,0,0,25,0,104,7,17,0,0,20,2,2,0,12,3,68,10,4,6,12,8,14,23,1,0,1,1,3,1,1,6,7,74,2,3,15,5,11,3,17,9,2,1,0,19,2,0,0,18,12,5,1,0,179,13,4,0,2,2,5,53,4,2,67,0,10,17,16,0,1,8,5,3,3,13,7,1,2,1,0,8,5,1,1,1,1,17,0,1,3,0,7,1,1,1,3,7
"COG4231",256,133,165,211,151,171,21,100,248,38,21,245,141,249,205,233,165,51,181,229,260,191,186,216,38,156,92,58,188,142,149,289,202,98,203,9,214,236,75,194,245,238,280,207,101,169,184,20,204,223,271,207,157,180,313,210,78,169,189,135,248,280,281,189,202,178,81,121,192,114,227,156,260,136,237,244,130,26,294,217,205,208,240,169,218,195,131,180,102,123,261,215,105,222,203,186,247,204,180,205
"COG4232",189,28,276,225,133,176,3,239,191,46,327,153,227,49,125,161,211,182,238,155,166,67,152,125,447,171,251,211,152,94,151,172,175,286,206,179,234,170,190,160,147,84,120,169,114,145,128,19,78,138,183,120,225,164,147,151,140,110,234,218,168,98,213,166,248,101,120,273,159,201,103,101,156,182,124,123,269,20,165,90,120,5,209,185,215,280,50,138,238,129,60,91,88,254,152,107,145,239,52,167
"COG4233",4,3,17,1,12,0,0,0,4,0,0,2,11,1,3,4,0,3,44,11,3,51,2,1,10,9,0,0,0,7,4,7,0,11,2,0,50,8,2,0,9,0,8,9,3,0,0,14,4,8,12,0,14,0,1,10,0,0,9,2,17,3,10,13,9,4,4,0,1,7,0,5,0,2,15,0,5,1,0,0,4,0,3,1,8,2,6,1,6,6,1,1,0,4,2,5,5,2,6,15
"COG4235",7,1,43,2,18,0,3,78,8,16,6,0,8,2,2,20,12,2,26,27,6,123,27,27,11,44,4,3,1,9,2,5,0,5,17,73,9,22,8,9,38,9,5,9,8,6,0,16,11,9,19,22,9,11,9,12,144,20,9,1,16,1,6,29,16,17,94,1,13,14,33,9,2,46,14,3,4,14,7,3,2,0,4,16,22,2,5,4,8,24,12,11,4,6,2,8,10,4,16,23
"COG4237",3,1,1,9,3,0,2,33,0,6,1,5,5,14,5,2,4,1,6,4,7,2,9,17,9,10,0,0,2,11,5,13,10,2,1,15,3,0,4,1,6,5,0,16,1,0,0,4,1,15,12,2,7,3,5,11,28,4,11,7,6,0,2,10,18,1,19,1,15,2,9,3,6,6,2,2,0,1,2,7,7,0,2,8,14,7,1,11,4,8,2,2,2,5,4,0,2,12,6,7
"COG4238",0,0,0,0,1,1,0,20,1,4,4,0,0,0,1,1,3,0,0,1,0,1,5,5,1,0,0,0,0,2,1,0,0,0,1,17,0,0,0,2,2,0,0,1,0,0,0,0,0,0,0,3,0,7,1,0,41,4,2,0,0,0,1,7,1,0,33,0,1,4,9,0,0,6,0,0,0,2,3,0,0,0,0,3,1,0,0,1,0,5,0,0,0,0,0,0,1,1,0,2
"COG4239",1,2,1,0,0,13,0,97,4,4,4,2,7,3,1,5,4,0,25,5,2,3,5,7,3,0,0,0,0,1,23,2,0,1,1,20,12,1,0,2,2,2,2,4,1,2,0,6,0,1,4,7,5,4,1,0,70,3,3,1,12,0,6,48,6,2,31,2,5,5,17,0,1,12,0,3,7,8,6,0,0,0,9,4,11,1,1,1,0,9,0,0,2,0,4,1,2,3,0,4
"COG4241",4,9,8,5,7,0,51,1,5,0,5,2,2,13,13,10,5,11,9,15,8,3,40,38,7,0,14,5,5,8,4,7,5,7,1,9,8,0,3,0,7,5,29,22,48,6,0,0,10,12,3,1,3,2,4,23,0,1,4,8,23,7,15,0,9,9,6,5,8,18,0,9,5,0,6,2,8,1,0,5,11,64,3,4,10,5,2,5,10,1,5,3,3,7,10,3,8,3,5,10
"COG4242",0,1,0,0,0,0,0,0,0,0,0,0,0,7,0,0,3,0,6,0,0,0,0,0,0,0,2,0,0,0,0,0,0,0,1,0,0,0,2,0,0,1,0,0,1,0,0,0,0,0,0,7,0,0,0,0,0,2,0,0,0,0,1,0,0,0,0,0,0,0,0,0,0,0,0,0,0,0,0,0,0,0,0,0,0,0,0,0,0,0,0,1,0,0,2,0,0,0,0,5
"COG4243",0,3,0,0,0,0,47,17,0,113,0,0,0,5,1,1,0,0,1,0,0,0,5,0,2,0,0,1,0,0,0,0,0,0,0,20,0,1,0,1,0,0,0,0,9,0,0,3,0,0,0,0,0,0,0,0,0,0,0,0,0,1,11,1,7,1,0,0,1,0,0,0,0,0,0,0,0,1,0,2,0,61,0,0,0,0,0,13,0,0,0,8,0,0,0,0,0,0,0,3
"COG4245",0,0,25,8,2,8,0,51,6,5,322,10,2,0,7,4,4,1,120,1,66,1,1,8,2,0,2,0,0,0,1,0,13,174,2,236,14,1,80,3,68,1,34,17,0,1,0,1,0,0,9,8,112,19,2,1,28,2,0,271,117,0,2,24,6,10,40,279,5,10,6,6,5,8,1,1,5,6,24,41,7,18,0,4,23,26,6,0,4,9,26,9,4,2,1,3,1,4,2,8
"COG4248",3,2,17,3,0,8,0,128,12,15,8,12,8,4,2,4,4,2,0,9,3,9,11,21,6,2,3,0,0,3,0,2,19,4,6,55,21,3,3,13,45,0,0,5,1,3,0,1,1,0,11,31,24,18,3,2,114,11,2,5,25,7,2,37,11,0,68,2,8,8,24,3,5,26,3,1,6,12,26,0,4,36,1,12,10,2,2,4,1,17,6,5,5,7,0,3,1,3,3,11
"COG4249",11,4,180,64,91,34,0,5,23,2,185,16,4,43,35,14,89,27,8,14,3,0,16,21,61,11,15,13,15,7,66,62,58,228,5,10,65,10,95,7,1,31,10,7,2,120,0,1,6,3,11,9,131,27,5,12,0,29,66,8,18,44,40,37,35,11,2,74,0,8,0,3,20,97,2,7,151,0,1,21,17,6,19,7,32,21,36,64,20,6,47,58,4,52,4,12,26,9,2,43
"COG4251",1,0,0,0,0,0,1,0,2,0,0,2,0,0,0,1,0,1,0,0,0,0,0,0,0,1,0,0,0,0,0,0,3,0,5,0,0,0,4,7,3,0,0,0,0,0,0,0,0,0,3,0,0,0,0,0,0,0,0,1,2,0,0,0,2,0,0,0,0,0,0,1,0,9,0,0,3,0,0,0,0,0,1,0,0,1,0,0,0,3,1,0,0,0,0,2,0,0,1,0
"COG4252",0,0,3,0,0,2,0,0,2,0,0,0,0,58,0,0,0,0,1,0,1,0,0,0,2,0,0,0,0,0,0,1,1,11,12,0,20,0,1,1,1,0,0,0,0,0,0,0,0,3,0,0,1,0,0,0,18,3,1,1,0,0,0,0,0,0,1,0,16,0,0,0,1,0,15,0,9,0,2,26,0,0,1,2,1,5,2,1,0,3,35,0,0,0,1,2,4,2,0,0
"COG4253",0,0,0,0,0,0,0,0,12,1,2,0,3,0,0,0,0,0,94,2,0,0,6,20,1,3,0,0,0,0,1,1,1,2,1,0,3,0,2,0,1,1,17,2,1,0,0,25,1,0,0,2,2,0,1,0,6,1,1,0,0,0,0,0,4,0,9,1,0,37,0,0,0,1,2,0,6,5,0,0,0,0,0,7,2,0,0,0,0,0,0,0,0,0,2,0,2,2,0,0
"COG4256",0,0,0,0,0,3,0,9,1,1,0,0,0,1,0,0,1,0,6,1,0,1,2,4,1,0,1,0,0,0,0,0,0,0,1,5,0,0,0,1,1,1,5,1,0,1,0,1,0,0,0,0,0,0,0,0,7,0,0,0,0,0,0,2,1,0,10,1,1,3,5,0,0,1,0,0,1,2,0,0,0,0,0,1,1,0,0,0,0,1,0,0,0,0,0,0,2,2,0,0
"COG4258",0,0,18,4,11,27,0,0,0,0,139,8,0,3,7,8,0,2,10,19,0,84,9,2,6,18,1,9,0,4,1,4,1,6,6,0,22,0,2,0,12,0,3,6,2,0,0,17,5,6,48,6,4,0,5,1,0,0,3,3,7,0,6,0,40,10,0,0,0,8,0,1,0,3,8,3,120,0,4,0,0,0,4,3,41,1,1,0,11,0,0,4,1,6,0,1,0,6,9,8
"COG4260",14,193,29,71,58,84,51,64,10,127,104,170,33,311,79,74,76,47,45,27,26,137,114,87,15,75,63,72,125,148,54,69,103,111,25,113,83,29,102,85,3,63,132,76,141,98,65,96,168,42,108,226,133,40,80,163,20,76,52,62,82,141,82,131,84,116,95,28,48,32,102,250,109,67,127,96,195,121,12,199,119,185,113,102,54,38,192,65,21,130,187,89,90,49,119,82,20,32,99,69
"COG4261",51,19,37,18,56,32,4,17,36,4,47,18,21,4,63,33,16,10,33,64,42,51,44,45,6,36,45,4,11,42,14,25,33,8,72,1,42,104,4,33,122,42,19,32,10,28,91,12,60,24,53,13,16,51,64,32,0,55,35,33,14,19,25,23,43,25,21,23,60,56,78,30,36,18,25,71,62,13,116,8,13,22,27,58,67,11,6,34,19,14,19,28,25,39,48,74,105,28,61,26
"COG4262",7,1,13,0,0,8,1,0,10,0,0,0,0,0,0,0,0,0,0,3,2,1,0,1,1,0,0,0,0,1,0,0,0,0,19,0,0,0,0,4,1,1,3,1,0,1,0,0,0,2,0,0,0,0,0,0,31,4,1,1,0,0,0,0,0,0,0,0,27,1,0,1,0,0,0,0,0,7,4,0,0,0,0,6,0,3,0,1,1,0,3,0,0,0,0,0,0,0,0,0
"COG4263",8,0,0,0,0,0,0,0,4,0,0,0,1,0,0,0,8,2,3,0,5,0,0,0,0,1,0,0,0,0,0,0,0,0,0,0,15,22,0,0,0,0,0,0,0,0,0,0,0,0,0,0,0,0,0,0,0,0,0,0,2,0,0,0,0,0,0,0,3,3,0,1,0,0,9,0,0,0,0,0,0,0,0,0,18,0,0,0,0,0,0,8,0,0,0,1,0,5,0,0
"COG4264",0,1,4,0,0,30,2,249,22,21,4,0,2,2,1,2,1,0,0,0,1,16,62,3,2,2,0,0,0,0,0,1,1,0,2,0,2,4,0,0,2,0,26,13,0,2,0,1,0,0,0,27,1,28,2,0,672,0,0,0,0,0,3,0,8,0,99,2,41,15,0,0,0,0,0,3,0,0,0,2,0,0,0,17,1,2,0,0,0,30,0,0,0,0,0,0,0,2,0,0
"COG4267",17,52,6,9,33,6,147,16,7,107,0,27,16,28,39,16,10,19,11,3,2,45,19,8,16,49,10,21,38,117,20,13,5,35,14,61,29,9,13,16,8,4,28,14,21,3,36,44,22,13,19,2,37,4,22,8,0,64,22,12,28,19,34,9,2,30,26,35,57,8,23,27,30,19,44,18,4,182,16,11,12,145,18,5,18,9,95,33,0,37,27,30,19,13,33,37,3,6,19,28
"COG4268",33,31,20,32,76,0,112,66,23,35,173,77,113,91,15,31,8,182,16,17,11,3,150,35,1,74,133,62,23,25,60,25,39,182,27,119,57,6,83,18,21,9,16,29,146,42,41,75,41,27,21,25,125,68,9,74,11,44,19,38,41,41,102,69,52,15,71,15,8,43,12,26,14,25,45,44,449,12,22,42,62,10,22,56,14,12,68,88,158,94,64,66,288,32,81,25,23,13,28,19
"COG4269",1,0,0,0,2,6,2,96,8,19,5,1,3,1,3,1,7,0,0,13,4,8,13,10,5,0,0,0,0,1,0,0,0,0,5,35,0,5,0,13,1,4,0,5,0,3,0,0,1,0,1,16,0,8,2,0,153,16,5,0,4,0,4,20,2,1,62,1,13,8,15,0,0,22,0,3,0,10,9,0,0,0,0,6,5,0,1,1,0,15,0,0,3,0,1,2,2,0,0,10
"COG4271",6,12,79,31,4,61,0,5,2,5,34,26,183,11,1,9,7,4,5,0,1,0,2,10,1,3,0,5,10,1,3,18,10,5,0,0,1,12,11,22,4,1,8,15,9,50,10,1,11,5,0,25,10,1,0,9,19,0,2,3,83,42,2,8,15,12,11,5,0,19,14,9,9,1,1,1,21,56,0,19,11,0,8,3,2,18,15,33,5,16,21,1,11,3,1,51,2,10,13,6
"COG4277",154,168,107,208,191,151,50,72,151,44,12,208,90,108,202,227,116,89,169,143,159,194,102,133,42,172,59,64,230,226,177,219,223,105,164,32,174,162,91,198,123,211,107,129,124,156,151,52,159,170,183,110,143,159,197,138,57,114,149,120,151,194,195,150,171,202,111,93,130,162,165,139,176,141,204,189,54,18,161,161,175,135,196,190,131,149,176,157,126,231,204,207,187,187,171,189,148,192,113,192
"COG4279",2,0,30,1,14,0,1,27,0,0,0,0,1,8,4,13,5,2,11,24,0,125,9,4,3,26,0,3,0,0,13,8,1,0,16,2,0,0,6,0,13,0,4,5,2,0,14,1,9,12,26,4,0,4,6,0,1,0,12,5,4,0,17,16,14,33,6,98,0,0,0,1,9,7,0,3,16,4,0,1,0,13,14,1,1,1,14,0,6,0,1,2,1,2,1,0,0,0,10,11
"COG4282",0,0,0,0,0,0,0,0,0,0,1,0,0,0,17,0,1,0,0,0,0,0,0,0,0,1,0,0,2,0,0,0,0,0,0,0,0,0,0,0,0,1,0,18,0,0,0,0,0,0,2,1,0,0,0,0,8,0,2,0,0,0,0,0,0,0,0,1,0,0,4,0,1,0,1,0,0,0,0,0,1,1,0,1,0,1,0,0,0,0,2,1,0,0,0,0,0,1,0,0
"COG4283",5,76,14,12,33,5,5,51,6,8,10,28,6,22,4,15,19,10,48,1,10,141,29,78,4,33,6,21,33,45,18,16,13,52,25,6,23,3,25,26,5,12,70,18,18,8,23,51,21,20,15,56,48,17,13,26,6,39,6,16,21,34,9,13,10,11,33,9,3,26,17,18,12,23,30,43,15,65,2,14,64,1,10,10,13,30,83,20,10,37,25,39,64,13,12,36,7,14,12,29
"COG4284",9,142,17,39,71,3,91,97,0,261,12,80,13,30,12,26,94,56,20,0,12,89,34,27,8,85,19,28,46,8,47,20,66,120,27,53,30,7,73,44,0,53,14,28,42,68,47,13,64,20,61,148,135,10,33,220,0,15,17,35,71,116,38,75,18,51,49,16,0,5,31,200,48,25,115,47,43,16,0,129,114,129,35,2,47,4,44,21,17,105,105,77,142,32,15,41,24,15,52,15
"COG4286",9,85,18,23,60,1,12,0,0,2,9,30,45,6,15,20,18,36,16,12,19,11,7,19,0,61,24,38,42,75,23,18,38,47,5,23,34,2,47,39,0,6,8,15,26,1,36,9,11,22,34,7,45,7,32,63,0,3,19,18,31,59,17,25,13,57,62,23,0,17,51,135,35,25,34,50,53,0,0,72,52,27,19,32,21,1,71,33,5,59,22,16,108,11,32,28,12,12,47,28
"COG4288",1,3,1,0,0,0,1,0,2,7,1,0,0,2,1,2,0,0,4,0,1,11,0,1,1,0,0,0,0,1,4,0,0,0,3,0,0,0,0,2,0,1,0,1,0,0,2,0,1,1,0,1,1,0,3,0,0,4,1,0,3,0,0,0,0,0,0,1,2,0,1,0,0,2,0,2,2,0,0,0,0,1,4,0,1,0,0,4,1,0,0,0,0,0,2,2,0,0,0,0
"COG4289",252,37,83,146,98,208,23,22,206,17,105,175,170,69,160,128,60,114,121,152,288,5,113,63,41,117,58,31,85,169,158,116,131,52,116,7,170,215,138,84,208,160,97,97,14,166,133,15,137,121,213,193,140,482,279,80,36,203,141,247,138,109,203,207,131,165,146,158,437,299,284,192,206,222,350,233,104,23,289,225,134,31,172,205,160,204,62,215,131,139,135,280,107,312,296,302,417,295,318,138
"COG4290",0,0,0,3,0,0,0,0,0,0,0,0,0,0,1,0,0,0,0,0,0,0,0,0,2,0,0,0,0,0,0,0,0,0,0,0,0,0,0,0,0,0,0,0,8,1,0,0,0,0,0,0,0,1,3,0,0,0,0,0,0,0,0,0,0,1,0,0,0,0,0,3,0,0,0,0,0,0,0,0,0,0,0,0,0,0,0,0,0,0,0,1,0,0,0,0,0,0,0,0
"COG4292",0,1,9,20,2,8,1,0,30,13,0,1,4,3,10,3,2,1,45,20,10,0,0,2,2,1,2,2,8,6,1,12,4,1,13,0,19,51,11,2,1,12,7,4,41,1,38,67,25,3,5,5,0,0,1,4,0,4,2,4,0,4,24,0,11,1,1,4,5,2,7,1,12,16,2,2,0,0,2,2,7,10,3,2,2,27,0,12,0,5,5,4,6,3,5,7,8,3,5,2
"COG4294",0,3,0,7,0,0,0,5,0,0,0,3,1,0,0,0,2,2,0,1,0,0,0,1,0,1,1,0,0,1,2,1,0,17,2,0,1,1,5,1,0,1,0,0,0,2,2,0,0,0,1,2,12,0,0,6,0,3,0,2,3,17,2,0,0,0,0,2,1,0,0,58,0,0,0,0,2,3,0,9,0,1,1,0,1,0,2,0,1,0,6,0,1,0,0,0,0,1,0,3
"COG4295",2,28,15,24,28,14,8,7,1,2,5,27,3,5,26,5,17,58,8,42,3,127,11,24,2,42,7,127,5,7,58,8,33,16,19,15,29,5,22,10,1,20,51,26,73,42,31,49,7,25,15,4,34,5,5,15,11,7,38,56,22,7,8,38,1,10,20,119,3,30,3,10,15,12,3,4,23,0,19,35,51,30,20,1,11,6,38,29,68,23,48,10,69,5,5,13,40,14,21,27
"COG4296",32,5,15,15,72,0,9,9,2,3,5,29,1,8,7,9,43,7,16,10,21,9,15,18,0,19,12,1,11,118,4,22,15,6,3,7,38,13,19,15,12,19,20,47,11,9,7,6,3,19,23,9,17,7,10,23,52,4,7,5,19,41,19,23,9,58,7,9,5,3,26,63,23,3,39,20,9,1,1,12,33,10,22,2,11,7,1,47,14,7,32,12,20,13,17,25,7,5,11,10
"COG4299",352,53,152,221,277,483,5,106,298,22,182,99,101,56,297,365,183,12,158,236,307,19,141,113,41,243,215,22,202,133,166,270,178,126,287,79,257,371,42,291,210,342,149,156,31,189,214,4,180,181,190,92,151,338,250,196,0,205,184,160,113,132,261,148,185,244,74,255,237,122,159,180,225,133,144,154,123,17,289,129,148,20,169,257,242,247,41,184,185,110,132,220,90,239,207,190,478,400,195,208
"COG4300",0,0,4,0,0,5,0,7,2,0,0,0,0,1,1,1,2,2,1,0,1,4,0,0,1,6,0,1,0,0,0,0,0,1,4,0,1,0,6,2,0,1,1,0,37,1,0,63,2,1,0,0,0,0,0,0,9,1,3,0,0,0,0,0,0,0,0,1,9,1,0,0,0,5,0,0,0,3,0,0,0,12,0,1,0,1,5,0,0,1,0,1,0,0,2,0,1,1,0,0
"COG4302",13,5,6,7,3,0,0,31,6,13,1,1,14,37,7,7,8,4,49,8,3,4,10,28,7,5,1,5,5,8,1,8,3,1,5,31,5,1,3,21,8,18,86,19,1,11,3,2,1,5,2,15,1,11,11,13,36,12,2,1,4,2,4,11,2,5,31,0,4,9,15,2,1,9,2,4,1,7,2,15,1,0,6,6,5,1,1,8,3,10,1,5,5,6,2,3,1,5,2,12
"COG4303",14,8,13,12,3,1,5,65,8,7,5,7,11,56,13,12,12,5,57,11,9,8,9,47,6,5,1,4,5,18,5,17,6,3,4,33,13,5,6,38,19,11,133,19,2,16,4,3,4,2,4,34,6,13,16,48,100,22,14,1,17,4,14,29,7,7,60,1,10,21,24,10,10,26,14,9,9,8,18,43,5,3,24,4,14,0,5,25,7,9,18,17,12,9,1,7,1,15,10,15
"COG4310",0,0,0,42,16,0,0,0,0,12,0,1,33,0,0,2,4,0,36,0,0,0,0,19,8,0,0,0,0,0,1,5,0,46,0,0,41,0,4,0,6,0,1,1,0,0,0,0,0,25,2,1,20,0,0,0,0,0,1,1,2,0,0,0,0,0,0,0,0,0,0,0,0,0,0,0,0,0,0,1,0,0,0,21,0,5,0,0,0,2,0,0,0,2,33,0,0,19,1,0
"COG4314",2,0,0,0,7,0,1,0,2,0,0,0,0,0,0,2,0,0,5,3,1,43,0,1,0,9,0,0,0,3,2,1,0,1,4,0,1,2,0,0,9,3,3,0,1,0,0,0,2,1,7,0,3,0,0,1,0,0,0,0,1,0,0,0,3,2,4,0,0,0,0,3,0,0,5,0,2,0,0,1,0,0,1,3,3,1,0,0,1,2,2,4,0,1,0,2,2,0,6,7
"COG4316",0,0,0,0,0,0,0,0,0,0,0,0,0,0,0,0,1,0,0,0,0,1,0,0,0,5,0,0,0,0,0,0,0,0,0,0,0,0,3,0,1,0,1,1,2,0,0,5,0,0,0,0,4,0,0,0,0,0,0,0,0,0,0,0,0,0,1,0,0,2,0,0,0,0,1,1,0,0,0,0,0,0,0,0,0,0,1,0,1,0,0,0,0,0,1,0,1,1,0,0
"COG4319",0,1,0,0,0,0,0,0,0,1,0,0,0,0,0,0,0,0,11,0,0,0,0,1,2,0,0,0,0,0,0,0,0,1,0,0,0,0,0,0,1,0,6,0,0,0,0,0,0,0,0,0,0,0,0,0,0,0,0,0,0,0,0,2,0,0,5,0,0,1,0,0,0,0,0,0,0,0,0,0,0,0,0,0,0,0,0,0,1,0,0,0,0,0,0,0,0,1,0,0
"COG4320",0,0,0,0,0,0,1,12,0,90,0,0,0,4,0,1,0,5,2,0,0,0,4,0,7,0,0,1,0,0,0,0,0,0,0,5,0,0,0,1,0,0,0,0,72,0,2,0,0,0,0,1,0,0,0,0,0,2,0,0,2,0,5,0,10,1,0,0,0,1,0,0,0,1,0,0,0,3,0,4,1,124,0,0,0,0,0,11,0,0,0,30,0,0,0,0,0,0,0,3
"COG4325",2,1,0,0,0,0,0,0,0,1,0,0,3,0,0,0,3,0,0,2,3,0,0,0,7,0,0,0,0,2,1,1,0,0,2,0,0,0,0,1,4,1,0,3,1,0,0,9,0,0,0,0,0,3,4,0,0,0,3,9,3,0,1,0,0,0,35,1,0,0,0,0,2,0,0,1,1,4,2,0,1,0,0,3,0,0,0,0,0,13,0,2,6,1,3,0,0,1,0,6
"COG4330",0,0,3,0,0,0,0,1,0,1,0,0,0,1,0,0,0,0,0,0,0,26,1,4,0,0,0,0,0,2,0,0,0,0,0,1,0,0,0,0,0,1,1,0,16,0,3,38,0,0,0,0,0,0,0,0,0,0,1,0,0,0,0,0,0,0,0,0,0,0,0,0,0,0,0,0,0,2,0,0,0,2,0,0,0,4,0,0,0,0,0,0,0,0,0,0,0,0,0,1
"COG4332",4,4,12,14,3,23,0,2,6,0,0,6,0,1,7,3,1,1,3,9,17,1,8,3,0,0,1,0,5,3,0,1,6,1,24,0,25,21,1,5,21,3,5,3,1,29,15,0,5,2,1,6,2,28,12,6,10,13,8,9,0,7,9,7,1,0,5,1,73,1,10,6,4,9,3,8,1,1,26,3,16,0,1,4,1,18,0,7,5,3,7,2,6,11,9,13,10,8,9,3
"COG4333",11,7,4,13,35,3,10,0,20,1,2,11,6,20,0,12,15,6,16,9,6,1,10,7,1,3,11,7,17,63,15,21,11,14,5,3,21,13,9,1,0,2,8,14,9,24,8,18,9,11,23,15,14,2,13,22,0,1,8,5,17,16,12,12,9,15,18,3,32,3,21,12,22,0,14,13,7,22,0,22,11,1,19,27,1,13,17,46,2,16,19,36,6,9,13,15,14,4,13,10
"COG4335",1,6,13,14,0,28,0,5,24,1,1,2,3,3,11,8,0,1,8,18,25,0,6,6,0,2,0,1,6,5,0,8,15,1,39,0,5,37,0,2,20,8,3,2,0,26,46,0,10,6,10,8,1,29,11,8,21,26,6,5,1,4,12,2,16,2,6,0,66,1,8,5,6,6,3,5,1,1,30,1,5,0,3,15,2,23,0,13,5,3,1,8,7,11,20,12,9,8,9,0
"COG4336",3,2,3,14,4,1,1,10,6,66,2,3,1,22,5,10,9,11,5,2,8,0,7,32,4,17,4,7,6,5,10,13,6,10,1,8,16,2,6,5,3,3,55,10,4,7,6,3,3,6,8,9,1,3,7,32,9,2,1,6,27,8,7,10,3,8,6,1,1,4,7,9,4,12,3,6,10,101,0,24,15,4,15,4,7,4,6,33,7,2,8,10,5,4,27,10,2,6,7,6
"COG4354",301,42,49,239,227,210,3,16,104,29,10,91,27,18,113,191,157,14,35,96,154,10,127,111,6,164,37,7,311,80,196,216,173,80,68,0,194,167,24,228,45,284,45,161,4,507,126,10,86,237,153,77,133,215,113,26,17,69,114,53,73,105,158,103,25,76,48,62,15,42,50,226,157,35,61,92,15,0,67,100,44,0,250,111,46,45,29,120,61,80,141,217,64,115,171,186,19,250,133,175
"COG4357",0,0,1,1,1,1,0,0,0,1,0,0,0,0,2,0,0,0,0,1,0,0,0,1,0,1,1,1,0,3,1,0,1,2,0,0,0,1,1,0,0,0,0,0,3,0,5,17,5,1,0,0,0,0,1,2,0,7,1,1,0,0,2,2,0,1,1,1,0,0,0,0,1,1,0,1,0,33,0,1,0,5,0,0,0,0,3,1,0,0,1,0,0,0,0,1,0,0,0,0
"COG4359",0,0,0,0,0,0,1,0,0,0,0,0,0,1,0,3,0,0,0,2,0,0,0,0,0,0,0,0,1,1,1,0,1,0,0,0,3,1,0,1,0,0,0,0,0,0,0,0,0,0,0,0,0,0,3,1,0,0,0,0,3,0,1,1,0,1,0,0,0,1,0,2,0,1,0,1,0,0,0,0,0,0,0,0,0,0,0,0,0,0,1,0,0,1,0,2,1,0,0,0
"COG4372",2,32,40,1,0,0,171,0,17,6,5,0,5,16,6,4,7,20,7,38,10,19,40,10,3,3,56,26,5,4,14,6,0,2,9,24,0,0,2,3,5,7,39,9,53,5,0,19,31,3,3,2,1,1,1,21,0,0,3,2,24,9,15,0,18,9,1,7,5,32,1,16,1,0,4,2,11,1,0,1,27,56,2,2,18,9,5,2,18,1,0,8,9,1,1,3,40,12,27,1
"COG4373",0,0,1,0,0,1,0,0,0,0,0,0,0,4,3,1,0,0,0,0,1,0,0,0,0,0,0,1,1,1,0,6,0,0,0,0,0,0,0,0,1,0,0,2,0,0,0,1,0,3,3,0,0,1,0,0,0,0,2,1,0,0,3,0,0,0,0,0,0,0,0,0,0,0,0,0,0,0,0,0,0,0,7,0,18,0,0,0,0,0,0,0,1,1,0,0,0,0,1,0
"COG4377",8,26,6,13,19,5,7,1,2,12,3,49,11,14,9,11,36,13,11,1,4,108,12,12,6,38,17,18,19,9,13,11,12,23,20,2,32,0,30,8,11,19,9,23,19,120,20,54,41,10,31,11,47,7,18,13,3,16,28,29,26,79,12,34,7,10,38,3,2,3,35,17,29,18,45,26,9,66,1,46,36,6,31,3,15,4,36,22,10,50,39,25,39,13,16,26,17,7,8,50
"COG4379",0,0,4,3,0,3,0,0,7,0,0,0,33,1,10,2,0,0,2,9,0,58,0,1,9,2,0,0,2,0,0,0,0,0,3,0,0,0,5,3,9,2,2,1,0,0,0,1,0,4,8,9,1,1,4,1,3,2,6,0,0,1,5,0,0,12,28,0,0,2,1,2,1,2,0,2,0,1,0,4,8,0,2,6,0,0,0,0,0,1,0,1,2,2,0,0,0,0,4,1
"COG4380",0,0,0,4,0,0,0,0,0,0,0,0,0,0,0,2,4,0,51,0,0,0,0,1,16,0,0,0,0,0,0,1,3,0,0,0,0,0,0,0,0,0,2,0,0,0,0,0,0,0,0,0,0,0,0,0,0,0,0,0,0,0,0,0,1,0,0,9,0,3,0,0,0,0,0,0,6,0,0,0,0,0,4,0,0,3,5,1,0,0,0,0,0,4,0,0,0,0,0,1
"COG4381",0,0,0,0,0,0,0,0,10,0,0,0,1,0,1,0,0,0,0,4,0,9,0,0,2,0,0,0,0,0,0,0,0,0,0,0,0,0,0,2,7,0,0,0,0,0,0,0,1,2,3,0,0,0,0,0,0,0,7,0,0,0,3,0,5,0,15,0,0,0,1,0,0,0,1,0,1,0,0,2,3,0,0,1,0,2,1,1,0,0,0,0,0,2,0,0,0,0,2,0
"COG4382",0,0,1,0,0,0,0,0,0,0,0,0,1,1,3,0,0,0,0,0,0,0,0,0,0,0,0,0,0,0,1,1,0,1,0,0,0,0,3,0,0,0,2,4,0,0,0,1,0,0,2,0,1,0,0,1,0,0,2,0,0,0,1,0,0,0,0,0,0,1,0,0,0,1,0,0,0,0,0,1,0,0,1,2,4,0,0,0,0,0,0,0,0,0,0,0,0,0,0,0
"COG4383",39,0,13,12,73,6,2,3,23,0,6,22,251,14,5,77,1,2,16,150,51,0,4,17,59,39,208,7,44,4,213,14,3,7,4,1,1,43,6,5,40,131,17,27,0,113,5,6,18,14,14,25,2,93,37,13,8,3,38,44,8,26,17,12,96,6,27,26,11,11,155,169,15,12,37,16,5,0,9,18,5,0,48,55,58,93,7,26,22,3,20,19,83,42,54,13,19,12,6,9
"COG4384",0,0,1,1,0,1,0,1,5,0,0,0,25,2,5,3,0,1,0,5,0,24,0,3,5,2,0,1,0,0,1,0,0,0,6,0,0,1,0,2,4,0,1,0,3,0,0,0,0,2,4,0,1,2,4,0,0,1,2,0,0,0,1,1,4,3,14,0,0,0,0,5,0,0,0,0,0,2,0,0,1,0,0,1,0,1,0,0,0,0,0,2,0,2,1,0,0,0,7,1
"COG4385",2,0,10,0,18,4,1,77,6,10,6,6,5,123,6,3,3,2,20,2,3,1,22,18,8,3,0,1,10,64,5,2,9,1,1,23,15,0,2,9,12,1,0,5,0,1,0,4,4,5,8,26,6,1,12,8,25,2,16,2,11,2,5,9,26,2,7,1,5,4,29,5,31,10,21,11,3,10,21,6,18,0,5,15,6,1,3,4,2,16,8,2,0,6,9,12,2,11,3,10
"COG4386",0,1,5,5,1,0,1,0,6,2,0,1,50,5,9,9,5,0,3,19,1,88,1,2,6,1,0,0,2,2,1,2,2,2,10,0,0,0,5,6,7,0,2,2,0,0,2,3,1,1,15,0,6,5,6,4,3,4,8,0,2,0,9,1,7,9,9,1,2,2,0,2,0,2,0,1,1,2,0,5,0,1,5,3,2,1,1,6,1,1,8,5,3,2,2,3,1,1,2,5
"COG4387",0,0,0,1,0,1,0,0,0,0,0,1,0,1,0,4,0,0,1,1,1,0,0,2,0,4,0,0,0,0,1,1,0,0,0,0,0,2,0,3,0,2,0,0,0,0,0,0,0,0,1,0,0,1,1,1,1,1,10,0,1,0,1,1,0,0,2,0,4,0,0,1,0,1,0,1,0,0,1,0,1,0,0,1,6,1,0,0,1,0,0,0,0,2,0,0,1,0,1,0
"COG4388",1,0,13,0,0,0,3,0,0,7,0,7,0,11,0,1,0,0,3,0,1,0,1,11,0,22,0,1,15,1,2,0,2,6,0,0,1,3,5,5,0,1,0,8,0,0,1,0,0,4,19,3,0,3,2,2,11,0,16,0,1,2,2,0,1,1,0,0,0,1,0,0,2,0,1,1,0,0,2,2,0,0,0,0,15,1,0,18,1,26,5,0,0,4,1,8,0,0,2,0
"COG4389",0,0,0,0,0,0,1,1,0,0,0,0,1,0,0,0,2,4,0,0,0,3,0,0,0,16,1,0,1,0,1,0,1,6,0,0,0,0,8,0,0,0,0,0,3,0,0,6,1,0,1,0,5,0,0,0,0,0,1,0,0,1,0,0,0,0,0,0,0,0,1,0,0,0,0,0,0,0,0,0,0,0,0,0,0,0,2,0,0,1,0,0,0,0,1,0,4,0,0,0
"COG4390",0,0,0,0,0,0,0,0,0,0,0,0,0,0,0,0,0,1,0,1,0,0,0,0,0,7,0,0,0,0,1,0,0,4,0,0,0,0,1,0,0,1,0,0,0,0,0,4,0,0,0,0,0,0,0,0,0,0,0,0,0,0,0,0,0,0,0,0,0,1,0,0,0,0,1,0,0,0,0,1,0,0,0,0,0,1,1,0,0,0,0,0,0,0,0,0,0,0,0,0
"COG4392",0,0,4,2,0,0,0,1,0,0,0,0,0,1,0,0,0,1,0,0,0,45,0,0,1,1,0,1,1,0,1,0,1,1,0,0,0,0,2,0,0,2,1,1,0,0,0,51,0,1,3,0,2,0,0,1,1,4,0,0,0,4,0,0,0,0,0,0,2,0,0,0,0,0,0,1,0,1,0,0,1,0,0,0,0,7,2,0,0,1,1,0,0,0,0,2,1,0,1,0
"COG4393",0,9,0,0,1,2,126,48,0,232,2,0,0,3,5,1,4,7,2,0,0,7,12,20,6,11,0,1,0,3,0,1,3,2,0,34,0,4,2,7,0,2,1,0,22,8,0,11,2,1,1,0,0,8,3,0,8,6,7,0,1,0,17,0,8,4,0,0,21,0,3,1,2,3,3,0,0,7,2,1,0,120,0,2,9,1,4,16,0,0,0,35,1,0,5,0,0,0,1,2
"COG4394",0,0,15,2,7,23,0,0,2,0,0,0,19,2,12,7,2,0,9,1,7,29,1,3,4,10,1,0,0,3,2,1,0,3,4,0,5,7,1,1,13,1,2,4,4,8,0,1,6,14,3,0,1,1,5,7,0,0,6,8,1,3,5,0,2,10,1,12,19,6,0,3,0,0,5,3,87,0,10,0,3,0,3,0,11,11,5,1,6,3,3,4,0,12,0,6,2,0,5,2
"COG4395",0,1,12,3,6,0,0,0,1,0,0,5,2,7,4,5,0,1,6,11,2,52,3,2,6,10,0,0,1,0,0,6,1,1,3,0,10,8,1,1,8,2,1,2,8,0,0,0,4,8,6,2,4,0,1,8,0,0,7,4,17,2,6,1,5,9,0,1,0,2,0,6,0,1,14,4,0,0,1,1,0,0,2,2,8,2,4,1,8,1,7,4,0,8,1,5,3,0,8,3
"COG4396",2,0,0,3,0,0,0,0,0,0,0,4,0,9,0,0,2,2,0,1,2,0,0,7,0,0,0,1,15,3,1,2,0,1,0,0,5,0,4,3,0,2,0,4,0,0,0,0,0,2,2,1,0,0,0,5,6,0,2,0,2,1,3,0,1,0,0,0,1,0,0,0,0,0,0,2,2,0,0,2,2,0,0,1,6,0,0,9,0,0,0,0,0,0,3,4,0,0,0,0
"COG4397",3,0,3,5,2,2,5,0,0,5,0,23,3,7,0,5,0,0,4,2,0,0,3,9,0,21,0,2,12,1,0,5,1,2,1,0,1,1,1,4,0,5,0,5,0,3,2,0,0,18,12,3,2,1,1,0,5,1,12,2,1,2,4,4,0,5,1,1,10,0,0,1,1,3,0,1,1,0,6,1,1,0,0,4,19,1,0,4,2,17,2,2,1,3,1,0,3,0,0,0
"COG4399",9,6,0,0,0,13,0,0,1,0,128,0,0,0,5,0,0,0,4,0,4,2,0,1,1,1,5,1,0,2,3,0,2,0,0,1,0,0,65,1,5,2,3,0,0,6,0,8,1,14,2,4,1,0,0,1,0,6,1,3,1,2,0,3,8,1,1,4,22,5,2,1,0,1,3,0,3,12,11,0,0,0,7,0,5,3,0,3,3,2,1,0,1,6,0,0,0,0,3,0
"COG4401",0,11,2,0,2,0,63,0,0,0,0,2,0,1,0,0,0,2,0,18,2,0,2,0,0,3,34,9,0,1,0,0,2,2,1,17,5,1,1,0,0,1,3,0,0,1,1,0,12,1,0,0,0,0,0,4,0,2,0,0,1,0,0,0,0,0,0,0,0,25,1,0,0,0,0,0,0,0,0,2,11,5,1,0,6,3,4,0,9,0,0,2,0,0,0,0,14,2,10,1
"COG4403",1,90,17,14,15,2,37,4,15,40,3,35,1,3,14,2,6,6,6,61,3,0,3,23,5,14,6,19,7,32,7,7,36,4,3,167,38,8,32,44,23,3,15,49,11,34,230,109,7,6,4,11,4,1,3,128,70,78,2,3,4,3,13,4,2,84,30,9,29,15,3,25,5,18,3,19,9,211,4,5,1,11,8,17,1,10,53,67,1,6,1,9,200,1,6,7,13,36,61,17
"COG4405",5,1,5,7,1,5,1,10,1,53,1,3,2,7,0,0,0,1,12,1,2,0,13,3,7,2,0,0,3,2,0,2,2,3,1,2,2,1,13,12,5,11,3,4,23,3,2,61,7,1,2,23,4,19,2,4,0,14,5,4,3,5,8,8,6,4,8,1,11,2,0,10,0,1,0,0,3,5,0,3,2,2,5,6,7,10,9,3,1,23,2,4,3,0,2,7,0,0,3,2
"COG4408",0,1,0,0,0,0,1,0,0,0,0,0,0,0,1,0,0,0,3,0,3,1,0,0,0,0,0,0,0,0,0,0,0,0,0,0,0,0,0,2,4,4,0,0,1,2,1,1,0,4,0,0,0,0,1,0,0,0,0,1,0,0,0,0,0,0,0,0,0,4,0,0,0,0,0,0,0,0,0,0,0,0,0,0,0,0,0,0,1,0,0,0,1,4,0,0,0,0,0,0
"COG4409",345,70,297,98,121,242,21,142,286,75,129,85,267,49,151,172,340,33,187,130,348,73,149,139,208,236,215,42,155,134,286,228,182,244,312,58,138,354,92,262,250,165,73,195,75,330,194,45,162,155,196,184,232,203,142,117,53,214,223,172,90,100,242,148,174,82,79,251,322,137,151,179,197,206,83,146,192,12,296,86,207,206,247,183,192,225,63,231,203,110,88,158,139,300,281,191,173,260,152,190
"COG4412",58,37,420,39,4,16,4,27,0,4,414,154,446,34,20,10,194,584,4,100,21,1,38,18,1137,10,150,191,45,7,115,15,30,399,4,127,89,10,732,7,6,2,28,29,51,11,12,1,12,39,10,35,271,16,29,88,6,21,269,484,28,121,15,44,58,5,5,470,1,136,35,27,23,3,12,15,162,4,0,84,97,10,27,8,95,41,75,100,115,25,41,18,36,210,12,44,4,7,13,5
"COG4413",57,10,29,20,50,3,5,14,119,2,2,57,7,12,74,87,9,4,12,83,85,7,12,59,3,13,9,3,46,20,34,85,40,17,50,1,45,58,1,64,31,90,19,35,5,71,38,0,67,39,31,3,28,91,31,37,0,65,47,21,20,46,26,48,32,70,17,39,54,29,6,48,39,69,11,35,2,0,50,8,27,1,66,64,87,70,3,31,39,14,35,56,9,52,74,66,46,48,119,29
"COG4420",2,0,2,13,0,0,4,0,0,2,3,6,1,61,0,3,3,2,2,0,0,0,0,10,0,2,0,0,4,2,2,3,5,5,0,0,3,0,5,1,0,0,25,16,0,1,1,35,0,0,1,19,5,1,1,9,0,0,1,0,7,3,0,5,3,1,0,0,0,1,1,20,2,1,6,1,2,2,0,8,4,0,5,0,0,5,1,4,0,0,16,5,1,1,2,2,0,3,1,3
"COG4421",0,4,2,11,25,0,12,0,2,0,0,0,10,23,0,0,0,0,3,9,7,0,0,1,0,0,0,0,0,4,0,0,2,0,0,0,5,8,0,4,0,11,0,1,0,2,2,0,1,0,11,9,0,0,0,0,14,3,1,0,2,0,12,0,0,4,0,0,0,23,24,0,13,106,2,1,0,0,0,20,0,0,0,0,0,0,0,0,2,1,0,1,0,7,0,1,17,3,0,0
"COG4422",301,192,171,201,323,108,88,62,315,53,86,292,232,174,285,282,98,65,155,270,245,64,175,261,47,142,148,78,315,198,196,205,202,144,180,101,238,179,68,128,219,260,125,183,85,245,264,85,212,224,204,143,199,192,418,215,69,151,165,182,157,235,227,167,148,238,134,238,195,160,187,267,300,97,186,288,103,98,255,172,173,65,242,282,153,181,105,223,138,137,229,253,137,298,221,295,286,367,367,179
"COG4430",78,15,10,49,0,64,12,51,33,3,1,4,4,13,21,26,25,2,40,47,56,28,32,36,14,11,23,3,34,7,52,43,39,22,63,4,45,33,0,48,20,31,21,28,6,45,44,1,23,31,14,11,14,59,26,5,16,32,22,26,26,23,53,33,11,5,3,6,54,68,9,40,16,27,44,29,10,3,71,4,25,0,42,51,9,22,5,16,15,10,9,30,12,26,43,32,17,22,40,16
"COG4443",9,37,12,19,15,17,9,8,13,11,4,33,4,19,11,8,16,15,7,5,6,96,21,19,5,38,1,14,31,35,13,18,39,26,15,9,13,2,12,27,6,8,20,9,32,2,22,54,21,8,20,17,31,5,5,9,21,23,10,13,22,27,18,20,14,37,16,13,11,13,23,37,21,16,25,22,17,35,2,39,16,26,12,17,13,8,38,26,5,18,22,18,26,13,22,14,10,7,7,14
"COG4445",0,0,0,0,0,12,0,0,0,2,0,0,1,0,0,0,0,0,28,1,0,0,0,0,1,0,0,0,0,0,0,2,0,0,0,0,1,0,0,0,0,0,7,2,0,0,0,6,0,0,0,0,0,0,0,0,0,0,0,0,0,0,0,2,0,0,1,1,0,3,0,0,0,0,0,0,4,0,0,0,0,0,0,0,1,0,0,0,1,1,0,0,0,0,0,0,1,1,0,0
"COG4448",0,22,22,7,0,0,132,7,0,0,2,7,0,11,1,0,5,5,3,38,3,0,7,12,0,0,72,26,0,1,14,3,9,7,0,29,7,0,3,4,0,2,0,3,0,0,0,0,35,5,15,9,2,3,6,21,0,6,3,2,13,0,16,2,3,0,0,0,0,44,1,4,0,0,5,4,1,0,0,14,65,0,2,0,12,5,3,1,23,1,0,4,0,0,0,4,27,6,31,5
"COG4452",18,9,20,54,10,88,3,84,31,21,6,14,21,10,10,32,17,3,55,32,71,11,35,26,5,10,1,3,10,14,5,24,25,6,53,72,46,58,2,76,56,46,20,30,1,56,36,14,22,40,11,52,8,63,24,19,115,30,25,29,8,8,34,48,41,14,91,22,131,43,48,17,10,32,10,26,5,8,59,4,25,0,46,26,40,96,0,62,12,25,15,16,16,43,20,34,21,35,29,16
"COG4453",0,0,1,0,0,6,1,50,5,5,0,0,5,0,1,0,3,0,46,2,1,0,10,0,1,0,0,0,1,1,0,4,0,0,1,0,0,0,0,0,2,1,5,3,0,0,0,2,0,0,0,0,0,0,0,0,0,0,0,0,0,0,1,0,0,0,11,2,7,0,0,0,0,4,0,0,2,0,2,0,0,0,0,3,1,2,0,0,1,1,0,0,0,0,1,0,0,3,0,0
"COG4456",0,3,0,0,0,0,4,0,5,0,1,3,0,1,4,0,2,0,1,2,0,0,8,3,0,3,0,1,1,0,2,1,0,1,1,0,3,4,2,1,0,1,0,2,3,0,1,0,1,0,3,4,3,3,4,0,0,2,1,2,1,2,0,5,0,0,9,1,0,1,0,1,0,0,1,5,0,2,0,0,2,9,4,2,2,0,1,1,1,2,2,0,5,0,0,5,2,4,6,2
"COG4457",9,0,7,4,2,19,0,8,0,0,0,2,54,10,2,6,1,0,17,3,1,9,17,17,1,14,1,373,1,2,5,17,16,5,2,2,1,3,119,4,0,7,6,12,2,4,0,2,0,8,3,5,2,35,3,4,1,10,18,160,7,1,3,2,2,8,3,1,0,4,1,2,1,2,6,0,150,1,12,5,1,0,2,2,9,4,2,0,2,0,1,0,0,40,36,5,1,36,1,1
"COG4458",1,0,1,4,1,8,0,2,0,0,0,0,24,2,0,9,0,1,1,3,2,6,3,4,0,11,0,0,0,3,1,3,1,1,0,1,0,1,4,7,2,3,1,4,0,2,0,0,0,1,1,6,3,2,3,4,0,2,28,1,5,5,2,2,1,6,1,1,0,6,0,2,0,1,5,5,88,0,10,2,0,0,1,0,12,0,2,0,2,1,1,0,2,7,1,1,3,1,3,0
"COG4460",0,0,0,0,0,4,0,0,0,0,0,0,1,0,0,0,0,0,14,0,0,0,0,1,0,0,0,0,0,0,0,0,0,0,1,0,1,0,0,0,0,0,2,0,0,0,0,7,0,0,0,0,0,0,0,0,0,0,0,0,0,0,1,6,0,0,1,1,0,2,0,0,0,2,0,0,2,0,0,0,0,0,0,0,0,1,0,0,0,0,0,0,0,0,0,0,1,0,0,0
"COG4463",8,10,13,13,6,0,56,12,13,11,9,18,2,33,10,6,14,13,4,11,14,64,34,51,4,12,26,14,14,12,16,15,8,29,7,6,6,4,8,15,6,9,52,25,25,5,23,106,22,13,18,59,9,12,7,55,2,16,7,8,31,26,14,10,15,10,6,9,8,21,6,59,3,7,11,13,19,21,1,24,23,52,12,10,3,18,10,48,10,9,18,9,9,6,28,5,15,8,16,20
"COG4464",123,151,84,98,132,69,62,103,184,65,64,151,119,176,122,103,100,70,148,100,91,235,116,111,27,92,99,82,92,156,137,100,93,122,99,72,85,59,89,134,67,94,122,156,148,110,106,217,137,97,107,146,132,115,104,149,97,132,88,77,143,102,79,103,99,232,117,107,76,112,117,266,152,142,97,132,92,157,178,146,158,126,118,169,100,91,155,144,59,122,131,97,137,164,110,137,133,135,123,139
"COG4465",9,104,30,30,49,24,107,11,32,49,11,80,20,8,41,17,52,30,25,28,13,135,34,56,12,65,53,40,55,27,28,34,49,45,47,37,41,6,58,28,26,37,41,36,55,48,55,150,95,35,50,32,56,11,14,29,33,52,21,45,20,34,17,51,12,36,48,35,19,47,30,32,36,38,76,61,25,90,15,63,70,46,28,12,35,32,103,40,16,60,93,36,94,27,28,46,27,27,69,54
"COG4466",0,1,2,2,0,0,2,6,1,9,2,0,0,1,0,0,3,3,0,0,0,24,3,4,0,0,1,1,0,2,2,1,0,5,0,1,1,0,7,0,0,0,10,0,15,0,0,79,0,1,1,24,4,0,0,26,0,1,0,0,0,10,5,0,6,2,3,0,0,0,0,22,0,3,8,2,3,2,1,8,4,5,0,0,0,7,3,0,0,0,7,1,2,0,0,1,0,0,0,1
"COG4467",0,0,2,0,0,0,2,0,0,17,0,0,0,0,0,0,0,1,0,0,0,24,0,1,3,0,0,0,0,0,0,0,0,0,0,1,0,0,3,2,0,0,1,0,20,0,0,42,2,0,0,0,1,0,0,0,0,3,0,0,0,0,0,0,0,0,0,0,2,0,0,0,0,0,0,0,0,4,0,0,0,5,0,0,0,3,3,1,0,0,0,0,0,0,0,0,0,0,0,0
"COG4468",67,290,77,94,135,57,385,53,26,216,26,176,39,257,102,84,118,120,52,93,76,286,78,98,27,193,131,117,124,183,140,83,139,154,30,96,80,51,157,154,48,110,188,78,153,144,181,328,173,133,137,99,187,61,113,140,83,126,70,80,161,179,90,153,85,151,123,71,60,116,121,80,147,103,131,163,89,348,64,229,171,297,103,78,110,48,237,200,43,123,223,150,191,83,141,140,94,57,151,110
"COG4469",0,0,8,0,0,0,2,8,2,16,0,0,0,0,0,0,0,0,0,1,0,87,0,3,1,1,0,0,0,0,0,0,0,0,0,3,0,0,5,0,0,0,1,0,38,0,1,104,1,0,0,2,1,0,0,0,3,4,0,0,0,0,0,0,0,0,0,0,1,0,0,0,1,1,0,0,0,1,0,0,0,10,0,0,0,12,2,1,0,0,0,0,0,0,0,0,0,0,0,0
"COG4470",0,0,4,1,0,0,1,2,0,19,0,0,0,1,0,0,0,1,0,0,0,57,0,2,7,0,0,0,0,0,0,0,0,5,0,0,0,0,6,1,0,0,0,0,43,0,0,74,1,0,1,10,1,0,0,6,2,2,0,3,2,2,0,1,1,0,0,0,1,0,0,32,0,4,0,0,1,1,0,2,0,7,0,0,0,3,5,0,0,0,0,0,0,0,0,1,0,0,0,0
"COG4471",0,0,2,0,0,0,1,2,0,1,0,0,0,0,0,0,0,1,0,0,0,36,0,0,1,0,0,0,0,0,0,0,0,0,0,0,0,0,1,1,0,0,0,0,3,0,0,47,0,0,0,0,0,0,0,0,0,0,1,0,0,0,1,0,0,0,0,0,0,0,0,0,0,0,0,0,0,2,0,0,0,5,0,0,0,5,0,0,0,0,0,0,1,0,0,0,0,0,0,0
"COG4472",30,64,21,53,35,5,48,11,13,27,19,51,9,73,26,32,28,35,17,26,12,80,47,58,3,45,40,33,44,54,29,26,31,59,19,23,32,9,42,35,17,25,52,49,55,26,37,66,68,31,34,54,52,13,26,75,15,41,11,21,57,63,29,46,27,25,47,23,17,12,28,82,37,20,42,43,31,70,11,62,56,64,28,41,22,15,55,51,16,49,77,42,68,17,38,43,32,16,44,41
"COG4473",0,0,6,0,0,0,2,5,0,35,0,0,0,1,0,0,0,3,0,0,0,27,0,4,3,1,0,0,0,0,1,0,0,0,0,0,0,0,4,1,0,0,1,0,60,0,0,118,1,0,0,0,0,0,0,0,2,3,0,1,0,0,0,0,0,0,0,0,4,0,0,0,1,5,0,0,0,4,0,0,0,15,0,0,0,10,2,0,0,0,0,0,0,0,0,0,0,0,0,0
"COG4474",39,36,21,22,35,38,3,9,35,16,19,50,25,120,25,19,18,12,42,17,63,40,30,109,5,62,7,20,28,40,36,73,31,39,25,1,43,67,16,4,14,18,34,63,35,54,20,62,43,25,80,64,54,41,33,8,2,81,63,7,53,30,64,52,42,59,4,15,1,28,47,23,103,21,26,39,9,2,6,72,30,11,104,36,24,26,9,18,22,35,54,49,9,42,83,38,48,67,5,69
"COG4475",21,14,21,30,34,3,41,7,16,5,6,48,8,79,30,31,16,16,13,15,19,75,24,33,11,16,13,29,24,74,37,40,26,33,15,8,21,8,22,38,11,18,43,38,25,9,39,66,26,19,40,36,32,12,46,31,19,13,19,19,49,41,37,48,37,40,24,5,11,16,28,14,27,19,39,33,14,52,4,52,45,40,31,38,16,15,33,42,7,47,32,33,13,24,20,52,4,12,13,31
"COG4476",0,0,3,0,0,0,1,7,0,0,1,0,0,0,0,0,0,0,1,0,0,30,1,1,0,3,0,0,1,0,0,0,1,0,0,1,0,0,3,0,0,1,0,1,12,1,2,31,0,0,0,0,1,0,0,0,1,2,2,0,0,0,1,0,0,0,0,0,0,0,0,2,0,2,0,0,0,3,0,0,0,4,0,0,0,5,0,0,0,1,0,0,0,0,1,1,0,1,0,1
"COG4477",0,2,5,17,1,0,6,6,4,40,2,2,0,4,1,0,5,6,3,0,1,132,1,4,2,2,0,0,6,3,0,0,1,20,2,24,2,0,25,4,2,2,3,0,85,1,4,216,1,0,0,26,20,0,0,17,1,8,7,9,5,26,0,6,2,1,6,2,6,0,1,111,0,12,2,5,8,27,1,16,3,24,0,0,2,20,30,3,0,0,9,0,2,0,0,4,0,1,1,5
"COG4478",1,3,4,2,6,1,8,7,0,17,2,0,1,4,2,2,0,4,4,0,1,49,0,6,2,3,2,0,5,3,2,4,1,2,2,7,6,3,11,2,1,7,7,2,38,1,3,67,3,2,2,6,0,0,2,5,0,7,2,0,2,2,10,0,0,3,3,0,2,2,3,4,3,3,1,4,0,7,1,0,1,9,5,0,1,4,6,4,0,1,2,4,0,0,2,1,1,0,0,3
"COG4479",0,0,0,1,0,0,1,1,1,1,0,1,0,0,0,0,0,2,0,0,0,14,0,1,0,0,0,0,0,0,0,0,0,0,0,1,0,0,2,0,0,0,0,0,9,0,0,26,0,0,0,0,0,0,0,0,0,0,0,0,0,0,0,0,0,0,0,0,0,0,0,0,0,2,0,0,0,1,0,0,0,3,0,0,0,2,1,0,0,0,0,0,0,0,0,0,0,0,0,0
"COG4481",10,48,21,12,18,4,55,8,5,20,5,27,5,51,10,7,17,20,9,10,8,64,19,27,4,19,24,12,27,13,5,10,19,33,16,15,22,5,22,21,7,14,24,13,39,19,40,60,31,10,20,36,12,12,8,26,7,24,13,9,23,37,18,22,16,21,24,14,9,8,15,50,15,16,24,19,13,45,11,17,20,56,12,8,11,16,35,23,8,22,26,16,27,10,11,20,5,10,20,20
"COG4483",0,1,0,0,0,0,0,1,0,7,0,0,0,0,0,0,0,1,0,0,0,17,0,1,0,2,0,0,0,0,0,0,0,0,1,1,1,0,1,2,0,0,0,0,14,0,0,27,0,0,0,0,0,0,0,0,0,1,0,0,0,0,1,0,0,0,0,0,1,0,0,0,0,0,0,0,0,1,0,0,0,3,0,0,0,2,0,0,0,0,0,0,0,0,0,0,0,0,0,0
"COG4485",92,491,89,169,224,66,156,62,60,148,50,434,55,411,89,131,275,168,73,17,73,1307,146,149,46,407,63,166,418,146,141,136,275,311,171,82,191,53,317,191,93,211,363,188,273,143,295,696,395,123,274,214,428,90,130,367,104,199,102,140,193,332,96,264,71,269,273,85,58,50,151,272,328,258,315,257,196,473,49,381,465,264,209,62,146,121,430,400,70,426,455,335,281,141,431,239,103,55,185,390
"COG4487",0,1,3,2,3,0,1,19,0,6,2,18,3,8,1,1,4,1,14,2,1,3,45,1,1,24,0,39,2,0,3,5,13,6,0,120,2,0,161,3,0,1,74,6,1,2,1,23,28,1,2,3,17,7,1,9,0,0,2,4,9,17,4,11,10,9,13,1,1,17,6,5,12,8,2,3,8,2,0,6,3,12,17,3,2,9,48,4,11,10,22,13,1,10,1,8,0,7,5,5
"COG4492",24,106,31,32,40,28,97,19,20,10,11,65,37,88,30,34,42,44,33,25,29,83,64,45,10,63,27,40,82,82,38,39,30,36,41,37,45,7,46,52,30,52,44,45,59,34,39,61,62,62,46,35,52,19,34,53,34,31,29,52,55,55,41,30,40,57,42,32,40,33,45,41,50,41,56,55,35,44,25,67,75,73,35,36,40,22,93,61,23,59,64,46,109,31,41,57,32,29,67,46
"COG4495",0,3,1,16,5,0,0,7,7,2,3,11,1,4,2,1,0,14,0,0,1,17,2,11,0,3,0,1,3,4,5,2,0,8,4,0,2,1,7,4,1,0,2,0,6,2,23,16,0,0,4,16,2,0,1,41,21,1,4,2,5,5,1,2,1,1,4,3,3,4,0,46,1,1,2,12,5,2,1,4,13,0,1,0,2,3,4,1,2,12,4,1,73,1,1,0,2,0,10,2
"COG4496",24,76,28,25,40,12,66,19,15,23,9,75,16,104,32,44,44,43,23,24,23,40,55,77,7,46,17,47,53,89,42,46,37,57,17,20,35,18,37,52,13,35,67,58,44,30,57,42,69,24,42,55,54,19,32,44,11,28,29,20,57,79,27,37,20,40,60,20,27,36,38,36,51,30,66,60,29,40,14,68,62,59,41,47,36,23,68,75,24,52,82,45,60,19,49,67,30,29,43,53
"COG4499",0,6,3,3,1,0,1,0,2,0,0,1,0,1,1,0,3,3,3,3,0,14,1,1,0,0,0,1,1,2,1,2,0,3,0,2,0,0,1,0,15,0,0,9,21,2,1,32,0,0,0,0,1,0,2,0,7,3,0,0,0,8,1,3,0,0,0,0,3,1,0,2,2,0,3,1,2,0,1,3,2,0,3,0,0,4,6,0,0,1,12,1,1,2,0,0,0,0,0,0
"COG4502",0,0,3,0,0,0,0,2,0,0,0,2,1,2,1,0,0,0,0,0,4,0,0,17,0,0,0,1,4,0,1,6,0,2,0,0,16,2,1,0,14,0,0,8,0,3,0,0,0,0,4,22,3,7,1,1,0,0,4,1,10,1,0,0,0,0,19,0,17,0,0,12,2,0,0,1,1,0,4,4,7,0,3,1,0,1,0,1,0,0,2,0,0,4,0,8,1,2,2,0
"COG4506",19,108,27,56,44,8,95,17,23,32,9,53,19,100,41,45,47,59,34,25,25,74,61,84,14,81,31,64,62,79,40,50,59,75,37,22,43,14,53,70,21,31,86,61,83,70,63,105,75,42,72,51,79,27,32,73,32,64,35,36,77,54,45,48,38,70,55,28,29,45,48,35,63,49,68,68,41,150,15,82,87,73,49,33,43,30,122,69,21,66,77,53,83,35,66,53,27,29,74,51
"COG4508",0,0,0,0,0,0,1,0,0,0,0,0,0,0,2,0,2,1,1,0,0,0,0,0,0,0,1,0,0,0,0,0,0,0,0,0,0,0,0,0,1,0,0,0,1,0,1,1,1,0,0,2,0,0,0,0,1,0,0,0,0,0,0,0,0,0,1,0,1,0,0,2,0,0,0,2,0,12,0,0,0,0,0,0,0,2,0,0,0,2,0,1,1,0,0,0,0,0,0,4
"COG4509",45,236,79,118,126,36,109,115,74,92,41,236,48,530,99,77,187,122,63,38,38,261,141,204,30,174,54,110,189,112,109,182,159,310,81,67,108,58,200,169,83,150,397,102,173,188,363,359,170,137,127,388,176,52,125,220,228,144,91,87,254,270,169,187,126,147,137,80,96,70,130,236,132,127,251,208,109,546,56,431,259,178,209,45,63,81,307,272,31,179,356,146,155,79,207,130,64,69,105,133
"COG4512",0,22,1,6,2,5,0,9,0,2,1,11,0,2,1,1,5,0,2,0,3,0,1,1,0,4,3,6,1,2,4,1,5,20,1,0,5,0,12,0,0,3,2,8,21,1,0,0,10,1,3,44,8,0,0,35,17,0,0,0,2,15,1,5,0,0,2,0,0,0,0,64,0,7,12,1,11,7,0,15,18,4,0,0,3,1,12,0,0,1,12,0,10,0,0,0,6,0,0,12
"COG4521",3,5,2,0,17,5,1,58,5,13,5,2,10,4,19,2,9,9,33,3,3,2,14,11,7,3,2,2,1,3,3,4,13,3,5,27,7,5,3,7,25,1,9,7,1,3,1,26,17,11,10,18,3,11,4,3,80,23,18,2,3,4,4,19,3,2,45,8,12,12,10,8,18,11,17,4,7,10,5,26,2,2,4,7,16,4,9,10,1,22,20,11,6,0,22,8,5,3,12,22
"COG4525",0,0,2,0,0,7,0,30,7,7,1,0,7,1,0,1,2,1,22,1,0,1,6,8,2,3,2,0,1,0,0,2,0,4,2,16,0,1,4,4,3,0,4,1,0,3,1,6,0,0,0,3,1,4,3,0,31,3,1,1,0,0,2,19,1,4,15,0,7,7,11,0,0,2,1,1,3,9,1,1,0,0,1,3,0,0,0,0,2,7,0,0,0,0,3,0,1,3,2,6
"COG4529",3,1,0,0,2,18,0,93,12,22,3,1,10,3,1,0,4,0,47,6,1,5,14,12,6,2,0,1,1,1,0,1,0,0,2,45,1,2,0,5,7,5,14,5,0,3,0,10,0,0,0,12,0,13,2,1,139,8,5,0,4,0,3,31,3,2,69,0,10,13,24,0,1,26,0,0,7,10,6,0,0,0,0,7,2,0,0,1,1,19,0,0,4,0,1,3,0,3,0,10
"COG4531",1,2,0,1,0,5,0,30,2,6,3,0,5,0,0,2,2,1,13,6,1,3,7,4,6,3,2,0,1,0,1,3,0,1,3,14,0,2,2,7,4,3,2,1,1,1,0,3,1,0,0,6,0,8,3,1,77,7,0,0,3,0,2,17,3,0,50,1,9,5,14,0,1,8,0,0,4,8,1,0,1,0,0,8,3,0,1,0,0,12,0,0,2,0,3,0,4,7,1,4
"COG4533",4,2,2,1,2,42,0,154,16,22,10,0,23,3,4,2,14,0,67,13,6,10,18,22,23,3,1,0,2,10,1,4,0,0,8,81,3,6,1,12,18,2,23,10,2,5,0,22,1,1,2,27,5,6,4,3,245,22,6,1,2,1,5,75,2,2,131,3,11,25,38,1,3,30,1,0,6,26,22,0,1,0,0,20,16,5,2,2,0,30,0,0,6,1,6,1,0,12,0,7
"COG4535",8,1,17,1,2,16,2,61,8,11,4,0,30,6,7,5,4,1,32,19,5,47,12,17,9,21,2,3,0,6,1,9,0,3,5,35,6,11,2,14,21,3,9,9,7,4,0,6,2,1,17,16,1,10,6,5,83,11,10,0,13,1,17,27,4,12,51,1,14,6,18,8,0,15,9,3,53,11,9,2,0,0,4,8,14,0,5,5,1,13,6,3,3,3,0,13,9,4,3,17
"COG4536",48,34,123,18,79,20,0,50,40,13,207,30,124,9,69,15,172,148,142,36,36,15,77,73,116,56,257,198,32,29,94,46,27,153,110,171,26,94,92,5,128,37,22,62,101,27,63,18,52,45,35,14,91,49,82,62,84,44,112,89,52,51,49,60,61,15,54,187,52,151,90,40,42,133,59,78,204,30,87,36,74,25,39,99,76,43,45,22,212,64,17,55,73,63,33,57,169,48,57,29
"COG4537",0,0,2,0,1,0,2,2,0,1,0,0,0,0,0,0,1,3,0,0,0,0,1,0,1,2,1,0,0,1,0,0,0,1,1,9,1,0,6,1,1,0,0,0,0,0,0,39,0,0,0,4,1,0,0,0,0,1,1,0,0,4,2,1,0,0,3,0,3,0,0,0,1,1,1,2,0,10,0,1,0,3,0,0,1,4,7,1,1,0,0,0,1,0,0,1,0,0,0,0
"COG4540",3,0,4,1,23,9,1,112,9,12,6,2,3,2,2,6,1,0,28,3,1,5,43,10,9,1,0,3,1,2,7,6,4,3,1,19,3,2,0,3,16,6,1,1,19,0,0,1,1,0,4,13,1,0,2,4,1,1,0,11,4,7,8,4,0,1,14,1,3,6,15,1,0,1,2,2,5,9,7,3,17,0,1,11,9,2,0,2,1,1,2,1,2,2,7,3,0,1,1,8
"COG4541",0,0,0,0,3,0,0,0,0,0,0,0,0,0,0,0,0,0,1,6,0,18,0,1,0,4,0,0,0,0,0,0,0,0,2,0,0,0,1,0,6,0,0,0,0,0,0,0,2,0,3,0,0,0,0,0,0,0,0,0,1,0,0,0,1,0,0,0,0,1,0,0,0,0,0,0,0,0,0,0,0,0,2,0,0,0,3,0,3,0,0,0,0,2,0,0,0,0,2,0
"COG4542",0,16,20,0,0,1,104,1,8,4,0,0,6,9,0,0,3,7,18,22,1,24,10,1,0,7,28,9,0,0,5,1,0,3,5,17,0,0,7,2,1,6,11,2,23,0,0,14,18,1,1,0,2,0,1,16,0,3,4,0,14,0,6,3,1,3,8,0,4,37,0,12,0,1,1,0,10,5,0,0,19,29,0,0,10,2,3,2,14,2,0,5,7,0,2,0,14,8,18,1
"COG4545",0,0,0,1,0,0,0,0,0,0,0,0,0,0,0,0,0,1,2,0,4,0,0,0,0,3,0,0,0,2,1,0,2,1,0,0,0,0,1,0,0,1,0,5,0,0,0,1,0,8,0,0,1,0,0,1,0,0,0,2,0,4,0,0,0,1,0,0,8,1,1,0,0,1,0,0,0,0,1,0,0,0,0,0,3,0,0,0,0,1,1,0,0,2,0,0,0,0,0,0
"COG4547",0,0,0,0,0,1,0,0,0,0,0,0,0,0,0,0,13,0,0,8,0,0,0,0,0,0,0,0,0,0,0,0,0,0,0,0,11,0,0,0,0,0,0,3,0,0,0,0,0,0,0,0,0,0,0,0,0,0,0,0,2,0,0,20,0,0,11,0,0,0,0,0,0,0,0,0,0,0,5,0,0,0,0,0,0,0,0,0,0,0,0,0,0,1,0,0,0,0,0,0
"COG4548",6,58,21,36,31,4,14,24,26,55,4,68,6,112,20,19,25,20,23,19,6,78,43,42,13,3,15,23,35,32,25,57,20,19,25,5,29,4,18,52,24,14,24,30,7,11,71,196,59,13,23,112,26,13,15,49,112,71,9,7,38,30,78,36,35,40,57,12,12,4,27,24,19,20,22,27,17,170,26,53,34,52,39,6,21,18,128,27,2,21,29,8,41,11,37,33,16,12,22,27
"COG4550",0,1,2,0,0,0,1,1,0,2,0,0,0,0,0,0,0,1,0,0,0,1,1,1,3,0,0,0,0,0,0,0,0,0,1,0,0,0,0,0,0,0,0,0,0,0,0,23,0,0,1,0,0,0,0,0,0,1,0,0,0,0,1,0,0,0,0,0,4,0,0,0,0,3,0,0,0,1,0,0,0,1,0,0,0,1,4,0,0,0,0,0,0,0,0,0,0,0,0,0
"COG4552",84,104,100,141,112,170,56,47,102,73,9,104,40,141,88,105,62,59,62,78,96,192,103,102,16,74,22,42,106,139,50,83,119,90,131,14,128,92,51,214,111,94,97,97,144,109,138,57,78,91,53,86,39,83,72,77,30,78,46,41,47,103,49,56,74,68,45,26,88,45,53,54,56,47,70,70,20,9,52,83,58,96,49,67,69,77,73,46,33,82,73,54,80,66,44,61,40,48,61,77
"COG4555",1,7,0,1,2,1,6,5,5,21,1,12,0,1,2,0,6,2,3,1,0,6,0,2,0,1,1,0,0,3,0,2,0,4,5,0,0,1,9,1,6,5,2,1,0,3,4,36,1,0,1,12,4,0,2,6,17,9,0,0,24,31,1,9,0,0,4,3,6,0,2,0,3,4,11,6,8,17,5,4,0,3,0,0,5,3,3,1,0,1,20,0,2,0,0,2,3,0,0,0
"COG4558",0,0,0,0,0,9,0,0,6,10,4,0,3,0,1,0,0,0,21,1,1,1,1,11,4,0,0,0,0,2,0,1,0,0,1,0,1,2,0,0,4,4,4,2,0,0,0,7,0,1,0,3,0,8,0,0,5,0,0,0,0,0,2,3,1,1,1,0,6,7,0,0,0,0,0,0,1,5,3,0,0,0,0,8,6,0,0,0,2,0,0,0,0,0,2,0,0,2,0,0
"COG4559",1,0,1,0,0,7,0,0,11,15,3,0,2,0,2,0,0,0,27,0,3,4,1,8,4,0,0,0,0,0,0,4,0,0,1,0,0,0,0,2,9,3,4,4,0,0,0,2,0,0,0,13,0,10,1,0,10,1,0,2,0,0,0,0,1,4,6,0,7,8,0,0,0,0,0,0,0,5,3,0,0,0,0,4,4,1,0,2,0,0,0,0,0,1,1,0,0,2,0,0
"COG4564",0,0,1,53,0,4,0,12,1,0,1,33,9,20,0,14,30,4,113,32,0,0,57,31,43,31,0,3,70,0,24,30,69,7,0,0,26,3,1,1,3,0,20,80,0,0,2,0,3,77,27,4,7,0,30,17,0,0,5,4,21,11,105,21,80,5,4,4,0,134,0,31,67,108,173,22,15,0,0,48,22,0,45,31,4,65,24,12,71,64,25,42,30,65,0,78,6,44,12,5
"COG4565",14,7,10,2,2,40,7,94,14,40,7,3,22,27,5,4,13,3,80,7,23,12,16,20,13,7,4,3,9,10,1,6,2,3,10,56,8,3,0,12,37,7,10,14,5,20,8,11,18,10,3,35,1,24,6,2,226,24,6,15,2,13,5,45,4,3,100,11,31,28,22,3,5,25,10,7,5,15,16,14,4,1,4,23,23,10,4,7,3,27,7,4,4,10,9,16,2,10,5,19
"COG4566",52,5,76,20,61,22,1,6,35,2,1,6,13,12,46,34,29,11,45,56,31,265,27,22,33,65,6,8,0,12,12,30,1,8,50,0,58,115,7,0,41,16,12,45,33,7,1,0,40,32,56,19,11,17,33,19,0,4,67,24,64,2,38,2,41,44,5,1,14,29,0,44,4,6,84,12,16,0,4,9,28,1,28,16,62,21,25,7,34,23,36,47,1,25,2,20,17,12,36,50
"COG4568",0,1,1,0,0,8,1,17,2,1,1,0,2,0,2,1,5,0,9,1,0,1,3,2,1,3,0,0,1,0,0,0,0,0,0,11,0,1,0,3,1,1,4,0,0,1,0,6,1,1,0,3,0,1,2,0,39,8,0,0,1,0,0,6,3,0,24,0,3,9,7,0,0,5,0,0,0,2,0,0,0,0,0,4,1,0,1,0,0,11,0,0,1,0,0,0,0,1,0,1
"COG4569",3,0,1,0,0,2,0,39,0,8,2,0,0,1,0,0,3,0,16,11,0,2,5,1,3,1,0,0,0,4,1,3,1,0,3,57,0,2,0,11,5,0,4,2,1,0,0,2,0,0,0,10,0,8,11,0,92,12,8,1,6,0,4,18,0,0,56,3,7,2,39,1,1,26,0,1,2,11,7,1,1,0,0,8,4,0,1,4,0,12,0,0,0,0,0,2,2,1,0,13
"COG4570",8,5,17,6,28,0,14,172,14,11,3,16,17,20,74,1,7,8,6,2,2,2,23,44,5,2,0,7,13,17,23,4,6,12,4,17,11,4,8,17,16,8,9,9,5,1,12,13,11,4,15,45,14,2,16,62,44,15,5,8,6,20,18,6,4,3,38,6,6,4,16,45,18,7,16,12,16,8,11,14,13,16,9,5,6,2,9,17,5,19,13,7,6,3,17,4,2,13,2,15
"COG4571",0,1,1,0,0,3,0,33,20,4,0,0,0,0,3,0,0,0,0,1,3,2,1,21,0,0,0,0,0,1,0,1,0,0,0,0,0,0,0,4,13,2,0,2,0,2,0,0,0,0,0,6,0,0,1,0,3,1,0,1,0,0,4,0,3,2,51,0,21,7,0,0,0,0,0,0,0,2,6,0,0,0,0,6,2,1,0,0,1,11,0,0,0,0,2,0,1,0,0,0
"COG4572",1,0,0,1,0,3,0,18,2,6,2,0,0,0,1,0,3,0,6,2,1,0,3,1,0,0,0,0,2,1,1,1,0,0,0,12,0,0,0,0,1,1,1,1,0,1,0,3,0,0,1,3,0,7,1,1,16,6,0,1,2,1,0,9,0,0,12,0,0,4,6,1,0,6,0,1,0,1,1,0,1,0,0,0,0,0,0,2,0,5,0,0,0,0,1,0,0,0,0,1
"COG4573",33,4,13,19,18,23,30,82,13,28,14,6,8,4,4,10,14,9,15,40,23,7,17,24,8,3,12,18,9,75,7,11,5,11,7,76,7,7,25,18,9,5,17,24,20,9,19,13,23,11,9,56,16,14,34,4,195,21,29,7,40,17,11,39,16,4,103,7,16,36,85,8,10,30,6,23,8,20,8,8,5,0,11,28,17,7,23,25,10,43,6,8,15,5,18,39,6,9,13,21
"COG4574",2,0,0,0,0,9,0,22,3,2,0,1,2,0,1,0,4,0,15,1,2,1,5,7,4,1,0,0,1,0,0,0,0,0,1,18,0,0,0,4,3,1,3,5,0,0,0,5,0,0,0,4,0,3,1,0,35,5,2,1,1,0,1,5,0,2,25,2,5,4,9,0,1,4,0,0,0,5,2,0,0,0,0,3,0,0,0,1,0,7,0,0,0,0,0,1,1,3,0,2
"COG4575",4,1,2,0,2,14,0,75,9,24,4,0,11,2,0,1,11,1,29,7,3,8,9,13,7,2,0,0,0,2,1,3,0,1,4,45,3,1,1,8,8,3,4,7,3,2,0,9,0,0,0,11,1,9,3,1,90,6,6,1,2,0,6,22,1,6,64,2,15,20,22,0,1,10,0,3,1,12,9,0,0,0,0,9,7,1,1,1,2,25,1,3,3,1,3,4,3,7,0,7
"COG4576",9,8,3,2,3,4,0,8,8,15,0,7,7,17,6,13,1,9,11,6,4,8,7,13,5,11,4,6,1,19,5,10,3,4,7,11,4,1,5,11,12,8,6,7,15,8,2,9,3,15,3,14,1,6,7,2,36,17,12,3,6,1,7,5,6,10,31,11,20,3,6,5,2,7,4,9,2,55,18,9,8,4,9,7,8,8,23,7,3,8,7,3,6,1,2,4,0,9,3,4
"COG4577",28,54,29,19,17,21,13,38,44,61,3,18,45,24,36,32,11,18,122,17,21,30,33,28,19,21,14,17,13,52,11,47,15,22,28,34,28,4,33,49,47,36,33,29,49,28,30,108,12,86,13,50,10,23,23,14,114,72,27,17,26,13,19,47,18,26,96,47,71,23,24,16,11,28,14,31,7,120,56,44,29,23,19,13,29,23,76,35,12,36,23,11,55,8,16,10,9,21,10,25
"COG4578",2,12,9,0,0,4,127,31,3,8,1,0,7,1,1,0,4,5,12,35,0,1,10,6,2,0,45,9,0,1,9,2,0,0,3,38,1,3,0,2,3,4,8,3,0,0,0,4,23,0,0,4,0,3,0,0,33,6,2,0,1,0,2,13,2,0,26,2,2,21,4,0,0,5,0,2,1,3,0,0,11,2,0,6,9,2,0,1,7,6,0,1,0,0,2,1,27,4,26,5
"COG4579",4,2,0,0,1,10,0,101,10,17,3,0,7,2,1,2,8,0,47,9,1,3,5,5,10,3,0,1,1,0,0,2,0,1,4,67,2,2,0,3,12,2,15,3,2,6,0,12,2,0,1,7,0,12,0,1,159,11,2,0,7,2,1,31,2,4,94,3,7,19,15,0,2,17,1,1,5,12,18,1,0,0,0,6,6,0,1,4,2,24,0,0,4,0,1,2,4,7,0,5
"COG4580",8,4,8,2,1,64,2,167,46,28,19,2,170,4,2,4,40,1,252,15,3,2,39,64,38,8,0,0,0,3,2,15,1,9,16,116,3,8,0,17,30,5,77,19,6,7,0,33,1,1,0,25,4,23,7,6,428,38,12,1,6,1,19,102,5,7,210,7,23,55,60,0,0,41,1,5,316,31,8,0,1,0,0,30,11,4,2,3,4,61,1,0,10,1,15,4,8,21,0,11
"COG4581",0,10,0,3,4,0,308,125,0,718,0,0,3,27,4,13,0,11,7,0,0,0,30,6,12,2,0,5,2,2,0,3,0,3,0,61,13,4,3,4,0,1,47,0,70,1,1,24,0,2,0,1,0,0,0,3,0,24,1,0,4,0,58,1,35,19,0,0,2,0,0,0,1,2,2,1,0,36,0,5,1,444,0,1,2,0,10,59,0,0,0,85,0,2,3,1,0,3,0,9
"COG4582",2,1,10,0,0,5,0,60,3,12,7,0,23,1,1,0,8,2,30,3,1,2,13,10,8,1,0,2,1,5,1,0,0,2,6,37,5,4,0,4,14,3,5,7,2,1,0,7,0,1,1,7,2,9,1,2,75,6,7,0,10,0,8,20,4,9,52,0,11,8,10,0,1,16,2,0,42,7,4,0,2,0,0,14,6,0,0,1,2,10,2,5,2,0,0,4,3,3,0,15
"COG4584",723,338,398,195,757,199,70,681,940,576,58,315,342,257,201,473,536,117,354,331,986,165,663,266,106,583,765,1828,806,232,669,229,413,504,493,264,403,913,429,315,120,116,799,350,729,266,542,128,371,518,393,305,542,438,939,339,802,474,1338,587,321,321,534,327,466,388,278,1081,272,325,527,750,680,314,376,677,86,152,1352,692,513,1422,761,463,714,673,790,251,1846,245,354,554,202,490,1100,481,1156,1663,484,947
"COG4585",93,250,106,85,139,184,500,161,137,708,159,214,44,50,122,158,221,63,203,84,51,246,100,73,85,143,175,87,168,53,53,75,93,67,158,279,175,53,176,197,68,133,105,66,241,104,57,365,201,129,108,36,111,110,37,173,80,93,77,74,52,152,184,90,154,137,70,74,80,227,65,79,108,288,290,74,186,105,44,165,139,492,151,130,156,217,188,152,114,145,148,210,118,170,89,138,91,123,113,131
"COG4586",3,8,4,3,1,6,8,16,5,26,2,3,0,4,2,4,2,27,4,0,1,5,6,2,0,1,2,0,4,15,0,10,1,16,15,11,1,1,6,24,4,4,2,3,0,8,98,78,1,15,1,65,3,1,1,13,15,8,1,1,4,14,1,9,6,17,5,2,33,1,0,3,8,27,8,0,7,0,10,29,7,3,1,3,1,34,1,5,0,1,9,4,0,1,0,5,1,1,0,11
"COG4587",3,9,4,5,1,4,6,7,5,9,1,3,0,10,5,3,2,21,0,5,2,4,9,4,1,0,1,7,2,13,3,7,1,13,16,10,4,1,3,16,4,4,2,6,2,3,74,32,0,19,2,47,4,0,1,4,3,4,0,0,1,9,0,15,4,3,3,0,16,4,1,0,4,9,8,0,3,1,10,16,4,1,2,1,3,25,3,2,1,0,5,8,2,1,1,1,2,0,3,8
"COG4589",18,8,12,14,14,18,1,45,13,5,2,7,7,4,13,25,11,2,21,35,42,45,21,18,10,26,3,1,1,7,1,9,6,5,80,23,24,56,6,26,12,6,3,5,10,46,3,7,17,15,12,0,4,22,20,9,55,30,13,17,7,5,12,12,19,15,15,0,72,21,16,10,7,55,24,15,4,4,29,1,8,0,15,12,32,18,6,18,5,16,14,8,5,8,21,12,8,17,25,13
"COG4590",0,0,0,0,0,0,0,36,0,0,0,0,0,4,0,1,0,0,0,0,0,0,0,0,0,0,0,0,0,0,12,0,0,0,0,0,0,0,1,0,0,0,0,0,0,0,0,0,0,0,1,1,0,0,0,0,0,0,0,10,7,0,0,21,0,0,0,0,0,0,0,0,0,0,0,0,0,0,0,1,0,0,11,0,0,0,0,0,0,0,0,0,0,1,0,0,0,0,0,0
"COG4591",257,140,385,242,233,321,5,225,317,64,448,228,233,97,313,283,381,131,271,309,175,87,228,195,681,199,504,203,233,147,159,246,280,344,249,286,207,379,296,206,365,222,145,226,101,165,192,124,161,300,220,138,268,299,255,239,143,189,275,204,173,139,246,181,326,287,186,458,236,307,209,128,331,289,238,196,426,39,275,124,193,55,256,329,362,356,100,205,303,193,170,218,138,384,241,229,303,354,196,238
"COG4592",0,2,0,0,0,13,0,39,3,7,0,0,1,0,3,1,4,0,23,4,6,1,3,5,6,0,0,0,1,0,3,2,0,0,1,22,0,4,0,5,7,1,7,2,0,0,0,5,0,0,0,3,0,9,0,0,54,6,3,0,3,0,2,17,0,0,23,1,5,14,9,0,0,15,1,1,2,4,2,0,0,0,0,2,4,0,0,4,1,9,0,0,0,0,2,2,1,2,0,3
"COG4594",3,2,0,1,0,0,1,0,0,1,0,0,1,1,0,1,0,2,0,0,3,0,9,0,1,1,1,0,0,3,3,0,1,2,1,0,0,0,7,0,1,3,0,0,0,1,0,6,1,0,0,0,2,0,1,0,0,4,0,0,1,3,0,0,0,0,24,0,0,5,0,0,0,2,3,0,0,6,4,1,0,0,0,0,1,0,0,1,0,6,0,2,0,0,0,0,2,1,0,1
"COG4597",1,0,13,4,7,2,0,62,10,17,6,0,3,2,5,7,6,0,2,21,3,45,14,9,5,17,0,0,1,5,0,6,1,2,10,34,7,11,1,5,20,6,1,10,9,3,0,0,6,8,5,11,1,16,4,7,95,5,5,0,7,1,5,10,10,3,49,8,5,10,15,4,1,9,12,5,4,12,3,1,3,0,5,7,8,3,8,3,10,12,3,4,3,3,0,5,2,1,5,21
"COG4598",1,0,1,0,0,8,0,36,11,7,4,0,7,0,0,1,3,1,40,3,3,1,2,4,7,0,0,2,2,0,0,2,1,0,7,28,0,3,0,0,5,2,11,0,0,4,0,3,0,0,1,11,1,2,1,1,62,11,3,1,2,0,1,31,2,3,29,1,9,12,20,0,0,11,0,0,4,11,1,0,1,0,1,3,3,0,0,0,2,7,0,0,2,1,2,2,0,6,0,3
"COG4603",110,157,93,123,87,48,108,86,58,97,30,143,43,410,123,113,89,69,48,36,59,173,94,160,27,85,38,69,151,194,110,108,91,109,68,18,153,38,108,98,80,108,189,155,64,136,58,249,74,91,166,257,142,54,95,111,192,111,73,66,168,112,140,124,142,106,96,59,105,48,74,99,114,42,143,95,60,85,62,227,120,126,146,80,105,83,159,142,35,103,181,115,77,74,149,139,37,62,86,103
"COG4604",3,18,10,4,4,1,5,41,8,15,0,1,1,6,2,3,2,5,20,1,13,54,2,4,3,38,12,1,11,2,11,8,3,1,9,0,9,1,4,4,2,11,18,20,2,6,3,23,5,15,1,4,12,0,5,0,26,18,7,13,5,17,7,15,0,6,1,5,3,4,3,5,5,12,4,10,3,4,17,1,5,4,7,1,14,11,21,9,3,8,9,5,20,9,4,3,11,1,4,6
"COG4605",2,19,9,3,1,1,7,24,4,11,2,0,1,4,12,4,3,1,13,0,11,98,5,6,1,34,7,0,26,5,26,10,1,0,4,1,13,2,9,7,10,8,15,12,4,6,3,24,10,11,0,5,9,6,9,0,22,34,10,18,17,12,5,23,2,14,2,8,2,2,3,10,3,10,4,22,1,3,14,4,8,5,9,0,16,3,20,6,3,19,10,23,12,6,8,9,9,0,1,10
"COG4606",1,8,7,3,4,1,1,22,12,15,0,1,2,3,1,3,4,1,10,2,9,73,4,3,0,30,5,0,13,9,21,3,1,2,5,1,8,4,13,10,8,15,8,19,5,9,2,9,5,14,3,9,9,1,6,1,32,12,8,9,16,9,5,27,1,2,3,5,3,8,6,3,8,14,6,14,5,4,17,1,12,3,5,1,16,4,25,6,4,7,4,6,20,10,5,3,10,1,4,6
"COG4607",0,19,9,7,2,0,2,39,8,19,0,0,0,5,2,2,4,1,14,2,13,61,5,6,0,22,4,1,13,4,14,1,3,6,2,0,5,1,15,4,4,13,13,17,3,6,3,61,6,14,2,1,8,1,10,1,19,20,3,12,18,10,1,17,1,6,2,2,4,1,5,5,6,15,4,8,4,4,13,1,9,1,8,1,16,6,24,2,4,12,7,11,11,7,12,4,3,0,1,6
"COG4608",187,335,194,201,176,153,456,291,97,262,52,266,99,575,180,209,143,145,255,155,175,428,190,229,67,175,149,161,200,300,173,157,152,191,168,222,200,56,201,243,149,122,337,209,241,115,154,557,171,212,171,388,203,74,167,229,476,286,119,127,247,188,236,312,157,230,346,102,331,166,227,168,183,172,192,205,80,408,176,266,217,340,150,189,177,150,302,192,77,195,186,176,196,112,153,167,112,96,174,174
"COG4615",3,1,1,0,0,16,0,68,10,10,7,0,8,2,2,1,10,0,32,8,2,2,8,9,6,1,0,0,1,4,0,0,0,2,10,38,1,3,0,5,9,3,5,4,0,2,0,13,0,0,2,12,0,11,2,1,102,16,5,1,7,0,3,30,2,0,88,2,9,8,21,0,0,6,0,1,1,9,8,0,0,0,0,13,5,0,0,1,1,21,0,0,1,0,0,1,1,2,0,9
"COG4618",0,0,0,0,0,0,0,0,0,0,0,1,0,0,1,0,0,0,0,2,0,0,0,0,0,0,0,0,0,1,0,0,0,0,0,0,0,0,0,0,0,0,0,0,0,0,0,0,0,0,1,1,0,0,0,0,0,0,3,0,0,0,0,0,0,0,0,0,0,1,0,0,0,0,0,0,2,0,0,0,0,0,0,0,0,1,0,0,0,0,1,0,0,0,0,2,0,0,0,0
"COG4619",3,3,3,0,1,6,68,70,9,113,3,0,4,8,0,0,9,1,22,5,1,77,8,12,2,2,0,1,1,2,0,1,0,1,6,48,1,3,1,8,6,4,5,5,23,5,0,47,1,1,0,4,3,11,0,1,61,11,2,0,1,0,4,15,1,2,41,1,10,18,16,0,2,12,0,0,2,13,3,0,1,45,0,8,5,0,0,7,1,12,0,6,0,0,2,0,1,2,1,8
"COG4623",113,37,75,144,153,181,6,95,223,28,19,92,72,34,183,193,45,13,197,217,188,20,97,98,24,106,41,12,89,86,74,119,154,68,110,47,115,183,6,90,132,199,93,102,23,148,78,23,95,91,122,68,96,219,125,101,85,138,102,67,46,53,120,110,100,149,124,86,108,136,97,74,114,156,70,106,20,23,123,77,83,16,133,164,109,180,11,113,129,107,72,162,54,155,153,113,166,225,123,140
"COG4624",428,693,444,444,328,399,370,208,358,231,63,416,247,734,478,375,327,213,336,316,425,483,512,620,124,497,216,211,515,510,351,503,431,299,452,120,534,342,250,437,438,421,706,584,425,481,517,334,486,569,554,669,419,296,516,508,360,484,383,345,526,493,484,353,374,425,330,309,517,338,424,386,475,300,460,514,199,564,543,531,453,562,550,323,497,486,567,475,281,514,603,399,535,479,336,420,369,477,464,504
"COG4625",13,1,6,4,8,34,1,131,2,6,2,25,6,31,14,17,9,11,12,6,24,31,50,2,7,14,3,5,1,11,46,2,5,8,4,0,50,26,7,17,31,13,27,7,13,15,0,5,1,15,11,6,18,14,10,13,82,56,17,39,45,4,12,75,9,19,74,1,38,19,12,12,4,12,15,5,14,7,27,1,14,0,22,18,33,0,6,15,4,17,2,1,5,33,4,3,2,2,6,36
"COG4626",64,75,242,89,77,190,164,347,87,80,22,170,72,308,88,56,95,59,26,70,65,203,143,199,28,93,51,54,143,84,59,204,171,114,107,41,84,15,60,110,163,114,118,81,295,72,17,52,56,44,90,325,111,126,46,168,146,121,120,98,126,165,108,50,108,97,72,65,78,81,203,91,166,76,53,50,64,164,66,123,33,223,60,54,74,111,48,99,26,154,131,588,142,144,19,112,39,52,55,67
"COG4627",49,0,0,0,0,0,0,0,0,0,0,0,0,16,0,0,1,0,0,0,0,0,0,0,0,0,1,0,0,0,0,0,0,0,0,0,0,0,0,0,0,0,0,0,0,0,0,0,1,0,1,1,1,0,0,0,0,0,1,0,0,0,2,0,0,0,0,0,0,0,0,1,0,0,0,0,0,0,0,1,0,0,0,0,0,1,0,0,0,0,10,0,0,0,0,0,0,1,0,1
"COG4628",0,0,1,0,0,3,0,3,0,1,0,0,0,1,0,0,0,0,6,0,0,0,0,0,0,0,0,0,0,0,0,1,0,0,0,0,1,0,0,0,0,0,1,0,0,0,0,2,0,0,0,0,0,0,0,0,0,0,0,0,0,0,0,1,0,0,1,0,0,0,0,0,0,0,0,0,0,2,0,0,0,0,0,0,0,0,0,1,0,0,0,0,0,0,0,0,0,2,0,0
"COG4631",0,0,0,0,0,0,0,0,0,0,0,0,0,0,0,1,0,0,0,0,1,0,0,0,0,1,0,0,0,0,0,0,0,0,0,0,0,0,0,0,0,0,0,1,0,0,1,1,0,0,1,0,0,0,3,0,0,4,0,0,0,0,0,0,0,0,1,0,0,1,1,0,0,0,1,2,0,0,1,1,0,0,0,1,0,0,1,0,0,0,0,1,0,0,1,1,0,0,1,0
"COG4632",183,166,91,263,40,290,196,18,94,38,10,116,60,414,60,89,86,36,94,225,193,113,151,87,12,82,125,55,106,146,106,122,121,72,282,36,159,193,41,254,153,147,102,98,53,220,219,113,187,132,109,110,56,133,161,88,1,74,47,82,81,122,59,82,69,39,35,30,190,97,157,261,68,54,86,137,40,58,177,101,113,54,103,108,77,71,41,74,46,47,76,85,51,69,50,65,137,95,97,58
"COG4633",0,7,9,1,8,0,36,33,4,123,0,5,2,10,25,4,1,8,6,0,2,0,13,5,15,33,1,3,0,1,2,5,4,9,0,34,7,15,5,4,0,1,0,2,45,0,0,126,4,0,1,0,7,1,1,0,1,22,1,2,25,3,19,1,8,5,7,1,0,2,1,4,4,1,12,6,0,29,0,3,6,272,10,3,6,12,16,17,1,0,16,37,1,1,1,5,0,1,5,6
"COG4635",2,2,6,1,2,3,0,25,6,10,3,0,1,3,1,2,5,1,13,6,4,16,4,2,3,6,2,1,1,0,0,0,2,4,23,14,3,4,4,0,12,2,3,5,4,6,0,2,7,4,6,10,3,11,4,4,55,5,6,3,6,2,5,13,9,3,29,1,35,13,7,8,0,9,7,1,3,1,3,2,1,0,3,7,7,5,6,2,2,22,3,5,6,7,0,5,4,1,2,6
"COG4636",5,87,22,15,44,13,45,12,13,58,9,24,13,4,15,17,34,13,27,15,16,107,12,23,8,37,21,29,34,13,8,8,18,29,23,7,31,12,27,18,11,24,12,19,44,13,52,80,55,31,26,15,25,15,10,6,22,45,14,27,32,42,7,24,5,25,44,20,25,10,21,14,36,32,51,31,25,194,13,17,37,26,6,4,19,15,91,21,16,72,29,23,57,10,25,31,18,30,34,42
"COG4637",120,20,21,12,71,28,6,1,4,3,93,18,35,14,67,2,84,4,67,26,79,1,70,60,19,30,182,7,81,24,113,118,12,49,33,3,49,13,13,2,130,12,112,87,105,36,95,10,26,106,104,37,71,57,102,30,0,65,25,71,26,12,92,25,24,6,28,34,0,81,35,101,58,16,70,98,40,17,85,29,49,0,90,45,68,11,34,53,25,27,39,41,85,68,27,152,143,11,77,73
"COG4638",3,2,0,1,1,17,0,63,4,14,3,0,12,1,1,0,3,0,122,7,4,3,10,6,17,0,0,0,0,1,3,7,1,3,4,53,0,3,0,5,12,2,18,4,0,2,0,18,1,0,1,0,0,6,1,1,70,8,0,0,0,0,2,36,0,2,47,2,2,10,22,0,1,9,0,0,6,9,7,0,0,0,0,2,6,0,0,3,0,12,0,0,2,0,3,2,0,3,0,4
"COG4639",1,0,3,5,3,4,0,0,6,21,0,0,0,6,2,0,1,3,4,43,1,3,5,40,0,1,0,2,11,0,1,3,3,6,1,3,2,0,5,3,0,0,7,1,27,0,4,5,0,6,1,40,15,6,9,93,33,9,0,3,5,8,3,6,2,3,24,0,1,37,0,6,3,0,1,10,9,0,1,3,46,0,1,5,0,7,1,1,1,5,56,0,2,8,1,5,1,2,2,0
"COG4640",0,2,5,0,0,0,4,0,0,31,0,0,0,0,0,0,0,3,3,0,0,4,0,6,8,5,1,0,0,0,0,0,0,0,0,0,4,1,6,3,0,0,0,0,60,1,2,95,0,0,0,0,0,0,0,0,0,5,0,0,1,0,1,0,0,0,1,0,4,0,0,1,0,6,0,1,0,3,0,0,0,13,0,0,0,10,3,0,0,0,0,0,0,0,0,0,0,0,0,4
"COG4641",7,340,24,85,113,27,10,0,7,0,6,96,43,16,16,21,90,22,37,0,16,541,25,12,1,218,46,32,214,4,32,34,73,53,65,25,109,18,156,131,36,96,25,91,123,27,32,3,273,22,72,7,214,8,30,26,0,30,29,40,78,170,21,40,21,83,104,113,34,48,82,42,56,161,111,84,70,10,68,41,124,0,50,2,105,17,199,3,48,231,92,70,114,64,59,51,202,27,61,154
"COG4642",85,43,154,112,79,147,6,16,107,13,183,61,171,34,94,118,51,211,107,81,93,6,82,44,196,87,39,147,102,38,101,105,110,174,126,146,79,135,139,106,92,94,43,78,73,79,60,61,48,103,95,24,151,147,93,75,4,83,161,165,51,61,103,36,78,68,38,171,85,80,82,54,110,121,65,73,145,9,116,57,85,14,98,141,95,80,57,76,217,64,31,91,82,136,77,73,100,149,66,95
"COG4643",11,1,12,1,9,26,1,53,3,3,6,0,7,7,0,10,10,0,3,15,1,40,5,9,1,8,2,2,2,7,5,9,0,1,6,54,14,9,0,5,5,2,1,15,0,1,0,1,4,6,17,29,3,2,2,8,0,1,11,4,14,4,8,383,4,8,95,0,0,28,31,3,2,4,5,0,2,16,36,0,3,0,4,16,7,2,7,2,5,16,2,2,1,0,1,6,3,0,2,24
"COG4644",4,12,15,1,0,9,1,3,23,20,4,1,79,4,19,0,11,2,157,21,1,11,128,4,2,2,0,1,4,5,2,15,1,1,12,75,1,1,7,45,3,12,34,20,3,32,3,42,0,956,1,133,3,2,5,1,19,13,11,3,2,4,17,1,63,1,151,7,58,206,60,1,1,11,0,1,13,29,26,1,0,7,1,18,9,11,2,1,728,443,0,1,1,19,12,2,12,16,6,18
"COG4646",769,1059,573,766,666,110,543,302,735,760,582,1330,996,1593,1799,976,544,1360,881,1801,941,226,739,1231,310,1239,547,577,1027,2036,969,790,954,914,572,564,1022,710,975,920,279,837,718,829,522,601,1234,468,490,1725,1132,1428,1138,643,1404,874,264,639,1013,578,1403,1039,1119,904,978,791,674,503,624,715,712,962,1300,566,1204,1272,472,1016,553,1306,980,319,954,732,744,532,841,1302,718,1515,1488,800,1001,1065,2109,838,486,1024,837,676
"COG4648",0,0,10,1,0,6,0,0,0,0,0,0,0,0,2,0,0,0,0,1,0,4,4,2,1,3,0,0,0,2,0,3,0,0,3,0,6,0,0,1,1,0,0,0,1,0,0,1,0,2,3,0,0,0,1,0,0,0,1,0,3,1,1,0,1,0,0,0,2,4,0,1,0,0,0,0,23,0,4,0,0,0,1,0,6,0,0,0,1,0,0,0,0,0,2,1,0,2,2,0
"COG4650",11,2,2,7,1,5,0,63,3,15,3,1,7,2,6,1,7,1,1,12,6,3,8,12,19,1,0,0,1,3,2,5,0,1,5,36,4,9,1,8,5,9,0,11,8,4,0,13,0,1,1,13,0,14,4,1,124,13,5,0,4,1,5,18,3,5,60,3,8,21,21,7,2,15,15,5,1,13,9,0,1,0,0,8,11,2,0,2,0,13,4,3,0,0,2,2,3,2,1,10
"COG4651",12,2,49,1,14,13,1,126,11,17,5,3,24,20,4,15,12,2,21,21,7,46,20,14,13,17,3,3,4,11,41,12,0,6,11,54,18,25,1,17,28,7,37,12,1,1,0,15,6,19,12,23,6,19,8,11,145,13,15,22,30,7,12,69,11,35,82,1,13,26,32,8,0,18,21,3,6,7,18,4,1,0,11,9,28,1,9,4,12,23,7,5,1,18,1,13,13,7,6,16
"COG4652",0,1,0,0,0,0,0,1,0,40,1,0,0,25,1,0,0,1,12,0,0,0,0,5,0,1,1,0,0,10,1,0,0,0,1,0,1,0,12,0,0,0,0,0,0,0,1,67,0,2,0,11,0,0,7,0,0,1,3,1,0,0,6,0,5,2,0,0,0,4,0,0,0,6,0,29,1,2,0,1,1,1,0,0,1,2,1,0,0,0,3,11,1,0,3,1,0,0,0,1
"COG4653",38,31,27,14,29,6,13,69,26,14,6,29,33,82,39,14,11,40,5,8,35,3,27,105,16,43,0,4,62,23,15,27,23,32,17,12,32,25,24,13,111,11,15,57,41,18,7,25,26,46,48,61,32,19,16,84,116,35,19,42,44,20,33,11,57,26,31,35,6,11,6,27,56,28,19,31,15,127,13,15,14,65,14,34,38,13,33,17,7,22,63,37,13,13,4,33,10,4,17,22
"COG4656",241,331,164,267,227,194,102,183,211,148,239,309,284,299,269,308,288,222,293,182,241,163,263,297,267,249,166,245,277,356,221,303,275,175,174,180,291,177,216,216,194,246,350,283,279,243,267,346,221,328,328,297,225,192,288,269,241,345,271,298,313,285,278,282,305,325,306,244,164,183,251,191,341,229,243,323,250,477,258,360,236,209,263,271,258,206,399,274,246,265,286,276,283,308,249,210,173,313,216,265
"COG4657",137,123,98,132,135,116,46,102,115,49,134,139,150,167,147,136,113,137,144,86,108,103,146,193,130,144,119,148,169,170,128,157,136,90,102,114,145,123,122,130,101,121,209,155,131,126,100,59,133,171,138,133,143,136,141,153,72,104,153,147,141,163,158,101,131,142,105,156,93,101,106,100,143,113,172,126,150,56,108,164,147,80,167,151,103,121,129,131,143,137,175,143,150,138,129,118,103,151,120,160
"COG4658",248,181,153,233,234,177,89,120,197,65,159,253,193,311,224,281,196,195,210,175,202,90,203,261,234,225,137,187,209,352,213,232,210,160,124,133,209,173,188,192,188,184,363,226,225,171,170,79,187,267,267,178,236,202,278,237,124,172,243,198,274,238,260,228,230,277,176,215,103,131,260,175,254,187,213,230,207,124,177,295,196,121,240,287,225,201,234,197,192,230,214,195,209,266,224,191,186,220,194,206
"COG4659",135,159,106,186,136,137,28,84,144,51,134,138,123,142,150,147,105,153,120,124,159,96,147,143,162,157,124,145,147,177,116,143,142,105,138,87,118,151,106,124,159,185,138,127,142,86,128,61,149,162,163,88,149,120,151,128,65,112,141,165,161,108,134,112,156,158,128,135,103,99,175,87,152,140,154,154,110,85,151,163,129,105,154,152,144,147,155,127,186,158,159,164,159,170,166,131,150,166,144,158
"COG4660",194,136,99,212,163,112,64,77,124,47,149,199,170,223,185,204,156,178,154,141,177,95,166,186,113,195,125,172,194,287,204,200,151,107,130,106,157,143,149,168,144,164,284,173,138,151,118,100,142,152,218,147,203,142,204,198,81,126,143,186,188,184,191,187,171,201,126,180,107,107,180,98,191,140,175,198,160,71,146,187,147,93,149,220,159,160,198,161,174,166,192,189,201,173,154,169,156,183,180,154
"COG4662",0,2,1,0,0,1,2,1,0,0,0,1,1,5,2,3,1,1,2,1,3,0,0,3,1,2,0,0,0,1,0,3,0,3,0,0,7,1,1,6,0,4,1,1,0,1,1,0,2,1,2,7,2,2,0,1,0,0,0,0,1,0,0,0,2,2,0,0,0,3,0,1,0,0,0,1,0,2,3,1,2,0,1,0,3,0,2,1,0,0,0,2,0,2,0,1,0,1,1,3
"COG4663",3,1,1,5,1,0,0,2,0,1,0,0,2,9,0,2,1,2,2,1,4,0,9,4,0,2,0,2,5,5,2,6,0,1,0,1,3,0,0,0,0,2,9,10,0,0,0,1,1,5,14,5,1,2,4,2,0,2,11,2,1,5,4,3,3,5,4,0,0,2,0,2,4,0,3,3,4,0,0,4,5,1,12,3,0,7,3,8,1,1,4,3,2,2,4,4,0,7,3,2
"COG4664",0,2,1,5,0,2,1,4,0,4,0,4,1,10,1,2,3,1,2,3,2,0,9,2,0,2,0,3,3,4,2,11,1,3,0,0,3,0,0,0,1,2,12,12,0,0,1,2,4,2,13,5,2,1,2,8,0,4,4,5,7,4,4,2,2,0,4,0,0,1,2,3,0,2,5,7,1,0,1,0,6,0,4,3,2,2,5,7,4,1,11,1,1,2,4,3,0,5,1,2
"COG4665",2,0,0,1,0,0,0,3,0,0,0,0,1,5,0,3,1,0,0,0,2,0,6,1,0,0,0,1,4,4,2,5,1,2,0,0,3,0,1,0,0,1,6,6,0,0,0,1,0,1,5,1,0,2,0,3,0,3,2,3,4,5,2,2,3,1,2,0,0,0,2,1,2,2,0,4,2,0,0,2,4,0,2,3,2,4,3,3,2,2,5,2,2,1,4,2,0,2,0,1
"COG4666",81,43,56,69,41,18,69,24,44,21,21,44,54,145,33,49,42,58,40,69,96,14,52,99,30,46,23,70,91,71,35,86,41,29,26,15,77,34,29,56,21,57,98,87,65,46,19,39,45,67,88,91,33,21,98,73,118,53,79,53,115,60,56,31,74,77,35,18,122,33,86,83,42,48,41,73,75,142,96,103,80,38,86,49,104,49,53,61,29,65,37,51,21,58,72,62,34,47,42,41
"COG4667",112,132,96,136,153,111,103,83,97,159,154,100,146,121,111,118,157,157,117,81,87,158,97,86,111,145,149,141,163,115,130,114,127,174,155,145,119,141,146,156,74,125,138,115,130,120,91,113,109,104,167,100,236,155,152,152,108,170,202,186,195,194,176,125,159,247,154,287,160,152,150,135,177,185,179,178,193,121,184,159,193,206,141,166,192,127,244,182,204,198,197,216,235,187,194,164,177,161,159,223
"COG4668",5,78,39,4,15,35,341,163,23,57,10,8,41,11,9,14,45,30,145,94,27,11,50,46,32,45,107,69,33,16,26,36,20,25,16,164,14,22,24,39,33,26,70,24,32,18,32,98,72,11,19,33,15,23,9,40,276,50,17,2,24,12,8,91,35,46,170,12,49,111,65,20,15,81,13,24,17,94,27,19,44,52,9,30,39,19,64,37,25,81,5,15,10,17,7,12,43,39,44,46
"COG4669",6,0,12,2,0,2,0,53,0,12,3,0,2,3,2,1,3,0,0,3,2,4,10,4,3,1,0,0,1,3,0,1,0,0,3,23,0,4,0,9,10,4,1,1,0,2,0,1,0,0,1,1,0,8,2,1,96,9,1,1,0,0,1,0,0,0,21,1,9,1,0,0,0,1,0,0,1,13,6,1,0,0,2,11,4,2,0,1,0,8,0,1,2,4,0,0,2,0,2,3
"COG4670",14,32,37,14,9,62,69,151,53,23,9,6,14,46,18,22,18,27,41,20,34,22,136,89,19,37,7,10,21,40,26,36,6,14,29,116,28,6,23,52,51,33,57,39,211,29,16,42,18,33,32,58,8,16,19,66,177,47,52,17,36,4,41,51,33,17,129,17,84,50,58,35,16,55,25,18,10,27,36,30,36,341,19,22,33,14,134,49,10,28,43,15,24,22,7,33,6,14,21,34
"COG4672",4,0,6,5,1,1,7,107,11,8,4,0,6,6,5,4,2,0,2,4,1,10,5,42,6,0,1,0,0,2,1,0,1,0,1,9,2,1,0,0,7,4,10,0,0,5,0,2,1,0,0,13,1,8,1,1,85,2,2,1,1,1,4,14,1,2,20,1,31,19,0,0,4,1,0,0,1,6,7,1,0,32,0,2,2,0,0,1,0,9,0,0,2,0,6,1,0,0,0,77
"COG4674",0,17,0,1,0,10,0,0,0,0,0,3,12,1,0,0,1,0,19,0,3,0,0,0,0,2,0,0,1,4,7,2,6,1,0,0,1,1,3,0,0,1,5,1,1,0,2,1,0,0,3,0,0,0,0,20,0,0,0,1,0,2,5,2,1,0,1,1,0,4,0,0,0,0,1,0,86,0,0,2,0,10,1,0,12,2,0,0,1,5,0,0,0,0,0,0,32,3,1,0
"COG4675",0,0,0,0,7,0,0,5,0,0,0,2,1,1,0,6,2,0,4,56,0,0,13,0,0,0,0,0,0,0,6,0,0,1,0,0,0,0,0,0,0,0,0,0,0,0,0,0,5,0,0,23,2,0,0,135,0,0,0,53,2,3,9,13,0,0,0,2,0,2,0,12,0,7,0,0,1,0,0,3,5,0,4,0,0,1,0,6,0,4,3,0,0,0,0,0,1,0,0,2
"COG4676",2,0,2,1,0,3,0,34,4,4,4,0,1,1,0,0,6,0,0,4,0,1,9,9,1,2,0,0,1,2,2,1,0,0,3,25,0,0,0,3,5,0,0,5,1,2,0,0,0,0,0,6,0,4,2,1,54,4,1,19,3,0,0,5,0,0,33,1,4,3,10,0,0,6,0,1,0,3,8,1,0,0,0,2,4,0,2,1,1,9,0,1,1,5,0,0,0,0,0,4
"COG4677",309,323,265,297,407,276,37,116,420,30,523,200,652,122,468,496,200,500,211,364,398,265,258,166,734,397,366,474,569,331,474,211,293,167,491,196,285,579,539,112,442,439,196,304,165,202,326,15,356,223,265,73,254,535,316,234,122,238,433,471,221,191,209,241,320,418,259,527,522,274,330,232,396,290,234,275,173,67,342,167,296,194,440,456,363,262,241,311,492,397,274,344,243,348,393,369,569,412,445,424
"COG4678",0,0,0,0,0,1,0,0,6,4,0,0,1,0,1,0,1,0,0,4,2,1,5,0,1,1,0,0,0,0,0,0,0,0,0,17,0,2,0,2,5,0,0,0,0,1,0,7,0,0,0,0,1,0,1,0,0,0,0,0,0,0,0,0,0,0,16,0,8,0,10,0,0,0,0,0,0,5,13,0,0,0,0,6,0,0,0,1,0,4,0,0,0,0,0,0,0,0,0,0
"COG4679",2,6,7,4,11,0,2,32,0,39,7,16,12,13,10,13,7,8,12,0,3,0,7,7,0,5,11,4,7,8,10,4,4,7,0,0,2,10,5,8,3,7,8,2,10,2,4,23,5,1,3,26,9,4,1,17,19,0,3,7,7,10,9,9,3,9,17,3,0,1,1,3,8,9,15,14,3,2,0,19,8,25,4,2,25,3,3,14,0,5,37,4,12,4,6,13,5,6,1,0
"COG4680",21,5,9,17,39,39,1,22,52,9,60,7,3,3,40,34,14,69,57,6,4,30,14,6,15,5,1,21,2,13,49,20,1,56,49,10,24,40,42,35,60,16,8,20,23,36,9,1,18,13,1,11,11,48,2,5,32,7,17,10,2,4,37,8,2,2,19,5,53,36,16,17,5,23,33,18,35,0,18,4,29,0,15,7,8,15,4,17,62,4,6,28,41,23,13,25,25,4,9,19
"COG4681",1,0,8,1,2,10,0,41,5,4,1,0,9,4,3,5,4,1,26,10,1,8,5,9,6,3,0,1,1,0,2,0,0,0,1,23,0,1,1,3,6,3,8,3,3,0,0,8,5,2,1,6,1,3,5,0,60,3,7,0,6,0,8,19,1,8,40,1,5,5,6,4,1,7,1,4,4,5,7,0,2,0,4,9,1,0,3,1,3,9,2,1,1,2,1,0,0,0,2,7
"COG4682",3,2,1,1,0,2,0,65,9,15,1,0,6,0,3,1,5,0,46,5,1,5,7,8,6,0,0,0,0,1,2,1,0,1,5,24,1,4,0,5,10,1,10,7,1,3,0,8,0,0,0,7,2,9,2,0,97,9,1,0,1,0,5,18,1,0,47,0,9,9,17,0,0,9,0,1,2,11,8,0,1,0,0,11,6,0,1,2,0,13,0,0,4,0,4,2,4,4,0,7
"COG4683",2,1,1,0,0,0,0,4,2,1,2,0,2,0,0,1,0,0,18,0,0,0,0,0,5,0,0,0,0,2,0,1,0,0,0,0,0,6,0,1,5,0,0,1,0,0,0,0,0,0,3,0,0,0,0,0,0,11,1,0,0,0,8,0,0,0,0,0,0,5,0,0,0,0,0,0,1,0,1,0,0,0,0,2,4,0,0,1,0,0,0,1,0,0,1,0,0,0,1,1
"COG4684",6,50,27,10,6,7,8,18,16,23,2,17,10,28,12,6,10,37,13,2,9,97,22,25,5,32,6,13,11,22,7,20,11,10,22,14,8,7,47,41,15,7,12,25,56,6,37,131,16,20,14,35,13,11,11,15,54,30,18,5,13,11,17,11,11,26,35,23,25,10,13,19,13,20,11,42,13,25,16,17,15,80,4,3,17,15,58,14,6,26,21,12,94,4,12,9,7,7,14,17
"COG4685",8,1,0,1,0,3,0,69,11,12,5,0,3,1,2,0,12,1,0,4,3,4,8,10,6,1,0,0,1,2,0,0,0,0,2,39,0,8,0,5,9,5,0,4,3,4,0,1,0,0,0,14,0,11,3,1,118,13,2,0,4,2,1,12,4,2,75,1,16,10,29,0,1,17,0,2,0,11,7,0,1,0,0,9,9,0,1,2,0,29,0,1,1,0,0,1,2,2,0,6
"COG4687",0,5,6,1,0,0,7,11,0,11,0,0,1,1,1,0,0,4,2,0,0,37,4,5,3,3,3,1,2,0,0,2,0,0,1,3,0,1,17,2,2,0,17,1,35,0,0,136,3,0,1,1,1,0,1,3,1,7,2,1,1,0,3,0,3,2,6,1,0,0,2,2,1,5,1,3,2,8,0,3,1,18,1,0,0,13,14,9,0,0,1,0,2,0,0,0,1,0,3,3
"COG4688",0,0,0,0,0,0,0,0,7,0,10,0,0,0,0,0,1,0,0,1,0,0,0,0,27,0,0,0,2,0,0,0,0,0,9,0,0,0,0,0,28,0,0,3,0,0,0,0,0,0,0,0,0,0,0,0,0,0,0,0,1,0,0,18,2,0,11,0,0,0,0,0,0,0,0,0,0,0,0,0,0,0,0,7,1,1,0,5,0,5,0,0,0,0,0,0,0,0,0,5
"COG4690",232,136,216,226,180,213,317,151,243,707,435,235,345,154,190,270,225,360,228,234,185,336,215,220,370,177,201,319,235,191,280,267,244,266,185,284,221,186,228,185,165,182,193,275,739,184,144,376,126,260,209,126,203,202,246,211,37,151,329,258,246,170,318,200,351,235,117,269,117,249,177,147,228,258,306,169,220,40,154,225,238,300,265,232,232,293,164,220,367,216,168,231,175,314,176,207,166,245,142,219
"COG4692",112,87,117,226,88,89,14,17,157,27,214,108,316,111,142,98,43,787,86,238,228,13,110,108,13,116,66,234,218,87,212,112,244,25,214,7,191,273,393,35,318,133,42,131,141,192,209,11,161,90,182,29,76,204,235,64,14,139,77,450,169,45,111,98,231,88,60,138,221,194,215,98,244,394,107,189,95,29,347,121,157,46,110,254,148,105,19,97,223,162,73,151,101,190,121,199,228,68,205,57
"COG4693",7,6,11,6,0,0,1,0,6,10,2,5,6,7,1,3,1,38,29,2,5,3,6,6,14,1,25,0,6,5,0,3,3,2,0,1,2,2,4,2,7,4,7,4,0,2,1,19,0,6,0,0,2,5,3,11,1,6,0,0,1,7,25,6,6,1,23,2,10,11,3,6,39,0,1,2,0,2,3,5,2,0,14,5,6,1,20,15,0,8,3,0,1,0,1,1,2,1,9,3
"COG4694",11,24,22,0,56,62,8,6,161,0,0,44,0,1,0,15,6,10,48,95,59,1,33,12,1,15,62,2,8,9,5,3,73,44,26,0,11,36,29,100,25,81,8,78,38,87,25,24,0,1,5,15,5,4,10,4,0,11,28,6,15,0,78,6,8,6,26,1,90,3,15,4,5,24,0,19,108,20,2,19,20,0,31,8,24,8,12,14,8,8,82,61,33,15,2,20,374,27,52,29
"COG4695",16,33,32,30,45,13,68,188,14,29,7,50,26,29,53,23,7,22,2,16,15,34,41,70,9,34,29,18,73,32,31,11,33,40,15,19,19,9,11,17,109,19,43,37,61,49,9,23,24,20,46,97,78,87,22,110,108,66,33,42,66,21,74,16,34,32,43,40,47,29,4,32,75,26,29,21,15,120,32,27,16,58,25,34,47,83,27,38,3,26,49,79,100,3,22,61,16,13,21,57
"COG4696",0,0,2,0,0,0,1,10,1,3,3,3,3,3,0,9,0,0,1,6,0,0,15,19,4,0,1,5,0,0,4,3,0,4,0,0,11,0,5,1,0,0,0,8,0,1,0,66,3,6,0,1,2,0,2,12,1,4,0,2,12,7,10,13,4,0,3,1,3,3,0,9,6,1,1,7,0,6,2,0,1,3,3,0,0,19,2,12,5,3,9,3,0,4,0,8,3,9,4,3
"COG4698",0,0,1,0,0,0,0,2,0,1,0,0,0,0,0,0,0,0,0,0,0,31,0,0,2,0,0,0,0,0,0,0,1,0,0,1,0,0,4,0,0,0,0,0,7,0,0,42,0,0,0,0,1,0,0,0,0,1,0,0,0,0,0,0,0,0,0,0,0,0,0,0,0,0,0,0,0,0,0,0,0,7,0,0,0,4,2,0,0,0,0,0,0,0,0,0,0,0,0,0
"COG4699",0,1,1,0,0,0,2,3,0,1,0,0,0,0,0,0,0,0,0,0,0,0,0,1,3,1,0,1,0,1,0,0,0,1,0,0,0,0,0,0,0,0,0,0,0,0,0,58,0,0,0,0,0,0,0,0,0,1,0,0,0,0,1,0,0,0,0,1,2,0,0,0,1,1,0,0,0,3,0,0,0,2,0,0,0,5,1,0,0,0,1,0,0,0,0,0,1,0,0,0
"COG4700",0,0,2,0,0,2,0,0,0,6,3,0,1,0,0,0,0,0,0,4,0,0,0,0,0,0,0,0,0,0,0,0,0,0,0,0,0,3,0,1,0,0,0,1,1,0,0,0,0,0,0,0,0,4,0,0,0,0,0,0,0,0,0,0,0,0,1,0,10,0,0,0,0,0,0,0,0,3,0,0,0,0,0,2,0,0,0,0,0,0,0,0,0,0,0,0,1,0,0,0
"COG4702",0,22,0,2,6,0,15,1,3,1,1,8,1,1,11,0,1,1,7,1,3,13,4,3,2,13,4,3,9,5,2,5,3,0,1,1,13,6,9,4,1,10,1,9,21,2,4,4,35,1,1,3,9,2,4,8,0,11,4,1,4,8,2,3,3,3,14,3,1,4,12,8,3,13,2,12,3,24,2,4,4,25,1,4,12,6,26,4,2,1,3,3,13,3,1,2,8,5,2,5
"COG4703",0,0,2,0,0,0,0,0,1,2,0,0,0,0,0,0,0,3,0,0,0,26,0,0,1,1,0,0,0,0,0,0,0,0,0,0,0,0,1,0,1,0,0,0,4,1,1,52,0,0,0,0,1,0,0,0,0,0,0,0,0,0,1,0,1,0,0,0,0,0,0,0,0,2,0,0,0,1,0,0,0,1,0,0,0,11,1,0,0,0,0,0,0,0,0,0,0,0,0,1
"COG4704",1,0,1,9,0,12,0,1,0,0,0,3,0,2,0,0,0,0,2,3,0,0,0,0,0,1,0,0,5,4,0,0,15,0,0,0,5,0,0,0,2,6,1,2,0,1,0,0,0,0,5,0,0,3,2,1,0,0,2,2,3,2,0,8,15,1,0,0,0,4,3,4,16,0,0,4,0,0,8,0,1,0,1,0,2,6,0,0,0,6,4,2,0,9,0,3,19,5,1,0
"COG4706",0,0,6,1,4,7,0,0,0,0,0,0,0,0,1,4,1,0,1,0,0,29,2,1,0,8,0,1,0,1,0,0,0,4,0,0,5,0,0,0,1,0,1,1,1,1,0,2,0,0,8,0,0,0,0,1,0,0,2,1,2,0,2,0,7,2,1,0,0,6,1,1,0,5,0,0,19,0,1,0,0,1,1,0,1,0,0,0,3,1,0,0,0,3,0,0,0,1,3,0
"COG4708",18,76,24,41,30,8,39,23,16,46,7,62,23,100,32,30,29,34,25,16,36,106,37,55,6,55,22,27,62,52,40,36,40,38,21,12,42,11,40,50,14,21,77,36,51,40,39,115,34,31,48,43,55,9,39,48,25,47,34,37,52,46,30,57,23,64,46,25,19,19,51,25,53,33,52,66,18,74,16,62,50,28,43,28,32,24,84,47,10,68,70,47,81,40,32,78,19,20,39,47
"COG4709",3,20,11,10,17,1,22,7,11,38,1,10,4,18,12,1,3,8,6,7,7,10,12,10,5,20,5,16,6,24,4,10,3,9,7,8,15,3,29,8,13,7,6,8,39,22,29,166,7,4,12,7,5,1,6,11,20,42,11,3,8,9,5,4,5,10,25,9,4,4,1,11,14,26,7,10,3,81,12,11,3,57,9,7,12,13,70,17,2,17,11,6,2,7,12,6,4,3,11,17
"COG4710",0,0,0,0,0,0,0,0,0,0,0,0,0,0,0,0,0,0,0,0,2,2,0,0,0,0,0,0,0,0,0,0,0,0,0,0,3,0,0,1,0,0,0,0,0,0,0,0,0,0,0,0,0,0,0,2,0,0,0,0,0,0,0,0,0,5,0,0,1,0,0,0,0,0,2,0,0,0,0,0,0,0,0,0,0,0,0,0,0,0,0,0,0,0,0,0,0,0,0,0
"COG4712",1,1,23,11,36,29,2,79,0,5,1,8,6,3,84,4,2,1,19,0,14,2,10,0,0,2,1,10,5,8,5,5,7,1,26,0,12,0,2,6,32,21,5,10,0,3,14,1,7,2,2,10,4,2,3,2,0,12,13,24,14,6,19,8,4,2,13,1,62,8,61,0,5,9,16,11,5,2,12,10,18,2,15,2,4,1,2,232,0,3,10,5,6,23,2,3,3,0,17,3
"COG4713",10,28,35,26,45,6,36,56,4,1,9,29,14,29,23,23,36,3,11,7,9,178,25,22,4,36,8,12,13,7,24,10,18,51,7,10,44,10,77,35,17,24,30,16,2,4,8,141,7,32,25,77,27,18,46,10,40,35,16,19,28,101,12,28,14,23,60,10,19,12,30,23,19,27,54,52,29,53,22,23,62,45,11,9,21,23,45,41,4,41,61,67,46,23,15,30,14,19,45,61
"COG4715",16,0,21,5,9,0,0,0,1,0,0,0,0,0,0,0,0,1,0,0,3,0,1,0,0,0,0,0,0,0,1,0,3,0,12,0,0,0,0,0,15,0,0,0,0,5,0,0,0,3,0,3,0,0,0,1,1,0,0,0,0,1,7,0,0,0,0,0,0,0,0,2,0,2,0,0,0,0,0,0,1,0,0,0,0,2,0,1,0,1,0,1,0,5,0,0,2,3,3,0
"COG4716",88,262,57,151,114,13,177,126,30,364,30,193,71,257,81,99,130,88,68,42,70,299,90,163,29,161,50,98,146,280,111,73,132,154,60,119,105,23,141,120,27,111,242,89,289,106,101,274,150,79,165,92,227,54,93,187,93,106,79,89,171,258,110,199,88,173,144,44,32,37,129,196,120,98,226,112,72,110,45,265,196,259,96,127,87,43,271,102,28,198,228,144,112,79,96,143,50,47,87,99
"COG4717",14,140,67,37,24,13,64,37,31,116,10,59,19,78,51,24,50,79,30,7,20,85,56,53,15,83,20,43,81,59,28,42,40,61,31,19,44,36,86,63,37,40,30,48,162,12,38,56,118,14,67,81,53,26,49,230,84,74,26,30,143,176,36,62,30,72,91,25,29,30,51,208,41,54,66,90,78,18,29,80,67,141,48,17,48,17,120,48,27,36,51,57,167,29,19,54,27,28,76,24
"COG4718",3,0,1,1,0,1,1,137,12,9,2,0,4,2,2,0,3,0,0,3,1,4,15,40,7,1,0,0,0,1,0,0,0,0,0,16,1,1,0,2,10,2,3,1,1,0,0,1,0,0,0,10,1,11,1,0,92,1,3,0,2,0,0,10,2,1,17,1,12,16,0,0,1,0,1,0,0,1,1,0,0,0,0,5,5,0,0,2,0,11,0,0,0,0,2,0,0,1,0,55
"COG4720",8,73,39,45,34,8,70,24,22,114,12,71,17,85,38,19,44,47,20,3,19,183,64,73,12,74,13,30,87,55,36,39,43,60,32,45,36,18,66,48,15,32,105,35,97,13,53,257,41,36,53,61,49,19,29,51,33,64,21,31,80,47,58,69,29,61,42,28,18,14,35,49,52,39,42,43,31,104,13,52,42,105,44,14,18,26,108,96,11,60,54,72,73,20,70,34,14,23,34,55
"COG4721",0,5,2,0,4,2,98,39,0,226,0,1,0,3,10,6,0,5,6,0,6,16,16,1,2,0,1,5,1,1,0,2,0,3,2,49,1,1,0,7,7,1,9,1,43,3,2,18,0,17,0,0,2,0,0,0,0,13,0,5,1,0,32,0,9,9,0,9,17,3,0,0,0,2,0,0,0,7,4,0,0,68,0,0,6,3,0,11,1,0,0,22,0,6,0,2,0,1,0,7
"COG4722",3,6,10,1,2,0,4,5,2,31,0,2,0,20,7,8,5,0,0,0,0,242,1,10,0,2,2,1,9,5,1,1,2,2,0,1,1,5,1,15,1,0,13,6,23,7,2,10,8,1,14,23,2,0,3,1,7,12,1,3,7,2,2,3,1,1,44,2,7,5,5,4,1,1,1,8,3,5,0,0,1,5,4,0,1,1,1,18,1,0,9,13,4,2,2,2,0,2,2,11
"COG4723",3,0,4,1,0,0,1,205,14,15,2,0,5,3,6,1,1,1,0,4,3,2,15,51,4,1,0,0,0,2,0,1,0,0,2,10,0,0,0,6,5,2,2,3,1,1,0,2,0,0,0,30,1,14,3,0,79,0,1,0,2,0,2,6,1,1,22,1,5,19,0,0,1,0,0,1,0,8,5,1,0,0,0,3,10,0,0,4,0,14,0,0,2,0,0,1,0,3,0,68
"COG4724",10,143,872,6,49,111,3,18,7,191,75,29,17,19,1,16,13,36,15,12,3,15,13,6,1456,41,1,10,48,1,19,15,58,965,10,34,42,2,81,48,2,9,59,35,8,10,53,18,12,52,29,47,582,16,18,8,0,3,41,17,29,230,65,10,105,9,1,45,9,62,24,58,13,6,17,21,118,56,3,66,206,1,391,19,182,69,19,19,11,58,56,40,44,41,30,42,19,23,28,17
"COG4725",28,58,12,24,22,8,45,58,8,24,7,56,13,240,9,22,37,15,25,11,15,7,45,84,11,39,22,27,34,54,15,39,16,67,15,15,75,12,45,31,13,23,64,41,3,36,54,25,31,23,37,99,39,14,40,70,51,39,19,17,35,46,51,55,34,28,17,12,13,10,28,28,54,26,36,47,20,31,1,77,34,15,53,20,23,1455,36,77,7,23,97,27,66,42,17,46,7,14,43,33
"COG4728",31,68,27,39,22,34,53,14,24,5,46,41,77,42,21,18,52,110,10,35,18,33,78,34,27,46,95,94,33,27,62,20,41,46,17,21,28,13,49,25,26,31,16,32,66,40,61,24,54,19,46,40,52,8,101,39,10,20,38,124,32,45,33,36,24,34,24,56,4,13,67,73,49,67,60,106,31,26,9,33,42,63,23,40,22,18,58,9,41,48,53,18,74,26,28,45,14,20,30,38
"COG4729",0,2,2,1,1,0,2,0,10,0,0,0,0,0,0,0,2,1,3,0,0,0,1,7,0,1,0,0,0,0,1,1,1,0,2,0,5,0,0,1,0,1,4,0,0,3,1,0,0,3,4,0,1,1,1,0,11,3,0,1,0,0,1,0,0,1,1,1,0,0,1,0,1,2,2,2,0,0,0,0,0,0,1,0,0,7,1,1,0,0,0,3,1,0,0,0,1,3,0,2
"COG4731",0,0,0,4,0,23,0,1,0,0,0,0,0,2,0,0,1,0,0,0,0,0,0,0,0,0,0,0,0,0,0,0,1,1,0,0,0,0,0,0,0,0,0,0,0,0,0,0,0,0,0,0,0,0,0,0,0,0,0,0,0,0,0,0,0,0,0,0,0,0,0,0,0,0,0,0,1,0,0,0,2,0,0,0,3,2,0,0,0,0,0,0,1,0,0,0,0,0,1,1
"COG4732",15,75,37,28,34,6,17,5,20,9,4,30,25,21,33,36,21,33,19,7,16,22,36,50,14,65,13,24,29,88,26,20,34,36,9,31,27,10,56,43,28,21,64,29,42,9,38,60,33,23,39,28,47,17,25,50,25,25,26,20,53,34,27,27,25,48,50,17,21,11,25,22,39,27,35,46,24,21,21,19,35,76,24,29,31,8,89,24,9,62,28,27,74,31,24,30,15,25,35,33
"COG4733",11,1,31,5,2,4,17,951,55,68,21,1,27,22,17,14,20,2,50,25,17,10,93,277,57,2,2,1,0,19,8,4,1,7,6,91,10,3,3,20,37,15,72,39,5,14,0,14,1,1,2,145,10,55,10,3,460,28,11,4,7,1,10,58,10,12,152,1,110,55,0,2,15,1,2,22,3,16,29,3,0,124,1,28,32,2,2,13,6,63,1,0,11,2,13,6,1,15,0,253
"COG4734",89,33,25,44,72,100,36,51,88,10,6,18,11,19,75,36,22,13,73,90,120,41,29,43,23,24,22,15,27,48,51,35,31,47,36,3,68,22,12,26,56,77,26,63,9,41,42,26,59,23,46,32,39,30,49,18,27,77,41,17,45,48,16,151,41,45,45,12,40,34,59,28,67,31,25,55,18,65,27,39,33,17,46,54,16,49,17,42,19,26,33,54,98,53,68,103,91,16,32,49
"COG4735",4,0,2,21,2,20,1,57,18,7,3,2,10,3,1,9,10,0,8,8,2,3,57,29,4,1,1,3,1,4,6,10,5,4,39,25,19,13,0,36,13,0,3,23,3,7,1,0,0,12,0,11,1,6,3,32,55,5,3,38,16,6,46,25,11,4,45,14,6,14,9,12,6,31,0,2,56,8,5,12,7,0,3,8,2,29,0,17,22,8,16,1,6,26,2,14,6,21,10,24
"COG4737",0,0,0,0,0,0,1,0,8,13,4,0,2,0,0,0,0,0,5,6,2,5,1,0,9,0,0,0,0,0,0,0,0,1,0,0,0,2,0,2,2,0,3,2,0,1,0,0,1,0,0,0,0,10,1,0,3,0,3,1,1,0,1,3,0,0,2,0,8,2,11,0,0,1,0,1,0,6,1,0,4,0,2,4,6,0,1,0,0,0,0,0,0,0,2,1,0,0,0,0
"COG4739",79,19,43,81,86,41,5,13,115,13,5,35,31,18,97,89,21,8,68,96,90,3,32,66,11,48,29,8,71,51,59,96,82,29,85,1,56,86,4,70,83,67,54,46,5,64,59,1,57,66,24,13,20,60,34,20,1,32,22,22,12,19,47,20,42,41,9,24,32,34,51,33,47,51,29,38,4,4,57,25,22,15,49,47,47,31,3,36,26,15,24,35,16,25,44,39,58,51,43,43
"COG4744",75,16,15,50,32,58,1,25,48,5,46,8,41,11,32,33,46,46,20,33,36,14,50,55,2,20,55,57,21,17,35,48,31,12,60,50,50,26,42,56,29,55,6,38,33,47,18,0,45,26,33,9,17,54,66,21,0,21,34,32,25,22,25,22,29,26,6,38,32,12,53,31,32,25,15,53,36,3,24,9,27,2,28,62,29,19,11,26,55,8,20,27,29,29,26,31,42,37,47,34
"COG4747",132,34,60,66,106,68,6,47,130,26,8,65,38,76,125,95,46,27,100,87,89,34,66,115,41,73,47,19,76,66,91,115,113,52,111,5,77,104,21,89,110,94,105,81,20,107,108,37,62,88,85,68,71,108,73,68,30,86,80,50,57,48,115,66,60,73,46,56,59,98,54,64,83,46,104,69,19,88,115,74,48,82,125,96,66,73,51,72,48,29,82,121,57,81,76,85,135,114,99,72
"COG4748",16,33,30,47,1,0,3,3,1,6,2,22,4,8,2,77,10,5,2,1,3,11,13,17,151,0,8,5,58,13,35,9,3,7,0,3,25,12,28,8,6,46,11,27,0,55,3,18,0,3,4,10,9,4,43,78,1,1,24,118,8,0,7,10,16,73,4,0,85,83,0,3,41,6,12,65,10,0,3,16,15,104,11,34,46,10,6,29,3,2,8,2,6,36,0,3,3,0,32,30
"COG4750",60,151,48,29,230,93,294,109,48,23,31,94,76,93,108,72,177,98,52,81,28,662,64,62,10,115,32,48,125,145,71,81,123,93,152,17,73,53,151,142,88,110,19,35,88,113,159,159,56,54,104,49,75,71,108,56,61,56,52,81,59,60,93,92,50,114,91,66,62,46,74,94,113,117,107,165,37,50,128,119,133,183,73,94,156,35,150,14,26,176,106,78,256,54,30,87,69,45,64,132
"COG4752",3,3,1,2,2,10,3,0,2,3,3,0,10,9,4,4,2,6,8,0,9,9,15,13,5,1,1,6,3,7,1,6,4,3,3,2,5,0,1,8,6,7,2,10,24,5,0,7,1,25,2,1,1,2,4,13,0,1,3,8,14,6,7,1,13,5,2,6,15,2,0,12,1,0,3,6,5,1,5,0,1,44,4,3,19,8,3,1,5,1,2,3,6,11,3,0,3,5,4,6
"COG4753",2069,1983,1594,2117,2554,2318,790,846,2216,960,623,1637,673,1095,1755,1569,1085,660,1028,1440,1785,872,1298,1107,893,1578,777,678,1967,1587,772,1439,2166,1296,2268,563,1876,2211,1135,1910,2302,1659,1134,996,554,2912,2321,1723,1433,1252,1618,1394,1572,2572,1511,1327,1310,2292,1489,1404,807,1495,1330,1282,1639,1825,1249,1477,2867,1223,1556,1254,1740,1615,1821,1757,653,3185,2194,1655,1319,1138,1639,1563,1600,2073,1547,1842,894,1377,2034,1933,1664,1344,1653,1730,1721,1698,1573,1631
"COG4757",0,0,0,0,0,11,0,0,0,0,0,0,0,1,0,0,0,0,17,0,0,0,0,0,0,0,0,0,0,0,0,0,0,0,0,0,0,0,0,0,0,0,5,2,0,0,0,0,0,0,0,0,0,0,0,0,0,0,0,0,0,0,0,0,0,0,1,0,0,1,0,0,0,0,0,0,2,0,0,0,0,0,0,0,0,0,0,0,0,0,0,0,0,0,1,0,0,0,0,0
"COG4758",0,0,3,0,0,0,0,1,1,3,0,0,0,0,0,0,0,2,0,0,0,0,0,0,1,0,0,0,0,0,0,0,0,0,0,0,0,0,2,0,0,0,2,0,0,0,0,55,0,0,0,0,0,1,0,0,1,4,0,0,0,0,0,0,0,0,0,0,1,1,0,1,1,6,0,0,0,3,0,0,0,1,1,0,0,9,4,0,0,0,0,0,0,0,0,0,0,0,3,1
"COG4760",0,7,11,0,1,0,71,0,0,0,0,0,23,3,0,0,1,1,0,14,2,0,5,0,0,0,32,16,2,0,5,0,0,18,1,15,4,0,0,0,0,0,0,0,0,0,0,0,41,11,0,1,1,3,0,5,0,0,0,0,0,7,0,0,4,2,0,0,0,14,1,0,0,1,1,0,45,45,0,4,10,0,0,0,0,0,0,0,3,0,0,0,0,0,0,0,9,8,10,0
"COG4763",0,0,2,0,1,14,0,49,12,5,3,5,4,2,24,4,8,0,0,16,3,4,19,23,1,1,0,0,5,1,13,0,0,2,1,14,0,7,0,4,2,0,0,16,0,3,0,3,1,6,9,20,6,2,1,0,38,8,7,0,9,2,0,6,5,0,24,1,7,36,4,0,1,6,0,0,3,3,1,1,5,0,2,12,3,6,0,15,7,8,9,0,1,10,0,28,1,2,0,6
"COG4766",0,3,2,0,0,2,1,46,9,13,1,0,3,10,8,2,4,0,19,6,5,3,2,11,4,0,1,0,3,1,1,6,0,1,1,16,4,4,2,8,8,7,7,8,1,4,2,0,0,5,1,17,2,9,7,2,50,15,2,1,2,2,5,10,4,1,22,3,8,7,14,1,3,12,1,1,0,5,15,1,2,7,1,2,7,2,1,4,3,6,2,1,1,2,1,0,1,3,1,4
"COG4767",18,152,41,51,70,25,36,31,23,110,26,94,23,71,40,43,60,57,36,8,26,209,44,128,15,138,32,52,76,42,49,58,49,137,62,42,99,16,121,90,45,56,57,56,120,83,156,150,124,55,71,135,112,21,37,67,88,70,52,81,87,122,96,70,37,65,78,38,35,33,92,306,105,66,94,86,63,217,9,123,137,297,47,11,39,32,134,42,17,124,136,107,185,66,45,51,52,24,95,80
"COG4768",0,0,3,0,0,0,0,1,0,9,0,0,0,0,0,0,1,0,0,0,0,33,0,1,0,0,0,0,0,0,0,0,0,0,0,0,0,0,1,1,0,0,0,0,37,0,0,58,0,0,0,0,1,0,0,0,1,1,0,0,0,0,0,0,0,0,0,0,0,0,0,0,0,1,0,0,0,1,0,0,0,5,0,1,0,2,0,0,0,0,0,0,0,0,0,1,0,0,0,0
"COG4769",43,88,25,52,59,21,81,16,18,28,11,75,20,99,38,35,52,37,36,29,24,72,36,83,15,71,45,36,62,70,38,48,58,58,23,24,40,16,60,65,21,28,86,42,62,27,64,29,53,52,63,65,66,25,35,64,27,36,27,53,61,58,55,61,46,56,50,27,35,37,44,33,55,35,62,66,33,54,17,79,96,69,46,38,40,21,87,37,20,70,65,50,89,46,44,50,24,18,60,50
"COG4770",1,10,1,1,55,0,161,51,1,402,0,16,0,16,3,8,0,7,6,0,8,0,10,1,7,17,0,10,0,0,1,0,10,0,0,57,8,2,1,4,0,0,7,0,36,0,1,14,3,1,12,6,3,1,1,1,0,10,1,1,6,3,28,0,18,19,0,15,2,1,4,0,0,4,6,13,3,11,0,4,0,148,4,0,8,0,0,19,0,33,2,33,0,1,38,1,0,1,5,8
"COG4771",1247,288,856,745,745,1161,471,694,1278,170,429,385,490,172,917,1084,426,347,814,1070,1129,209,570,635,966,427,755,302,654,483,466,900,778,602,985,359,835,1004,408,826,982,1172,555,659,229,834,650,120,734,690,545,396,569,1201,814,610,158,629,665,577,383,503,586,488,669,742,305,778,824,638,741,516,555,704,381,552,281,86,1079,296,468,101,803,886,1012,792,145,719,590,282,453,788,267,660,703,682,1049,991,934,759
"COG4772",11,1,4,4,7,74,2,19,26,6,1,0,0,1,4,6,3,0,86,0,1,1,14,7,1,0,1,0,0,6,2,0,1,0,43,0,5,1,0,57,17,24,24,4,2,15,0,0,15,1,2,1,0,4,7,1,0,5,7,1,1,0,7,0,15,0,64,10,4,12,14,0,0,31,3,9,0,9,51,0,0,0,1,5,32,1,0,2,1,2,5,4,3,5,3,9,5,8,7,27
"COG4773",3,1,2,0,0,25,1,72,5,12,9,0,4,2,2,3,12,1,0,6,7,2,11,18,8,1,0,0,0,2,1,3,0,0,4,60,0,2,0,7,4,7,0,8,1,7,0,0,1,1,0,15,2,6,0,1,141,16,9,2,1,1,3,29,2,0,72,2,9,7,32,0,1,24,1,3,0,10,9,0,2,0,0,7,10,0,2,2,0,17,0,0,4,4,1,1,3,1,0,9
"COG4774",2,1,1,1,2,1,0,106,13,16,8,0,10,4,6,0,10,0,48,15,2,7,15,16,15,3,0,0,0,2,1,2,0,0,5,68,0,3,0,14,8,2,12,5,2,4,0,0,2,1,2,12,0,16,2,1,164,19,3,0,7,0,7,46,4,1,92,3,18,13,29,1,2,28,0,0,2,14,20,0,1,0,0,12,5,0,0,5,2,21,0,0,4,0,3,3,2,2,0,13
"COG4775",343,99,410,293,297,359,196,287,390,76,720,236,510,121,348,347,442,475,426,413,442,115,286,248,763,220,578,525,246,159,412,289,297,309,242,541,283,368,427,265,254,292,232,317,221,259,171,53,225,356,160,99,186,252,191,180,156,180,272,285,164,102,192,180,267,192,138,298,205,281,165,124,185,237,154,129,372,26,238,112,148,82,218,271,217,231,117,176,372,162,106,177,134,255,187,169,232,241,222,153
"COG4776",0,0,1,0,0,21,0,17,1,5,0,0,54,0,0,0,1,2,35,2,1,3,1,4,2,16,2,0,1,2,0,0,0,4,3,6,0,0,6,0,1,4,11,1,0,0,0,21,0,1,1,3,1,0,0,0,10,0,0,0,1,0,0,11,0,2,11,0,2,2,4,0,1,3,1,1,78,0,0,0,0,1,0,2,3,0,0,0,0,3,0,0,1,0,0,0,1,3,1,0
"COG4778",7,3,2,8,4,11,2,33,3,5,0,1,9,3,5,8,4,1,24,3,6,1,6,37,3,0,0,1,0,6,0,14,2,3,0,23,2,4,3,4,8,5,21,22,0,4,1,7,1,6,2,10,1,7,3,2,31,2,3,8,1,5,0,15,8,1,25,0,11,9,13,2,10,8,0,2,1,9,3,2,2,0,5,10,5,1,0,4,0,7,3,0,2,2,8,2,4,4,3,10
"COG4779",2,1,1,0,1,10,1,52,8,10,0,0,7,3,0,2,5,0,15,4,1,1,0,4,5,1,0,0,0,0,1,0,0,0,2,29,0,3,0,3,6,1,4,3,0,2,0,8,0,0,0,6,0,4,2,0,73,5,2,0,1,0,4,21,4,2,27,0,5,11,22,0,1,10,0,3,0,8,4,0,0,0,0,6,4,0,0,2,0,7,0,0,0,0,0,0,1,2,0,2
"COG4781",0,0,5,0,0,0,0,0,0,46,0,0,0,0,0,0,0,0,0,0,0,0,0,2,5,0,0,0,0,0,0,0,0,0,0,0,0,0,0,0,0,0,0,0,110,0,0,88,0,0,0,0,0,0,0,12,0,3,0,1,0,0,1,0,0,0,0,0,6,0,0,0,0,4,0,0,0,0,0,0,0,14,0,0,0,6,1,0,0,0,0,0,0,9,0,0,0,6,0,0
"COG4783",10,32,55,14,20,16,171,69,34,15,3,7,33,22,31,11,23,24,46,62,24,75,45,44,16,12,72,32,1,32,9,17,5,5,28,57,34,13,6,13,15,14,38,36,50,10,0,35,37,21,17,19,13,19,13,36,130,12,22,5,39,10,22,34,37,17,75,1,28,53,34,12,11,29,9,8,97,16,14,1,34,84,5,18,43,10,7,6,22,27,9,3,2,13,14,9,34,20,43,27
"COG4784",37,2,24,15,8,74,2,21,34,5,1,16,12,12,26,19,5,0,4,34,22,1,35,9,1,31,8,1,40,3,43,6,27,1,54,0,59,41,1,120,38,15,20,15,1,26,10,0,23,14,28,5,4,18,25,4,0,36,23,8,12,14,26,24,33,19,26,18,10,52,24,26,16,198,5,9,5,1,57,37,19,0,15,63,32,12,5,3,100,75,18,66,43,60,26,42,14,59,15,26
"COG4785",0,2,1,2,0,14,0,8,4,4,2,0,21,0,0,0,2,1,42,2,1,2,1,2,4,10,2,0,0,1,0,3,0,3,2,13,1,1,6,1,4,3,9,0,1,0,0,10,0,0,0,3,0,3,0,0,20,1,0,0,2,0,1,19,0,3,13,7,1,10,1,2,0,7,1,1,55,0,0,0,0,0,0,1,1,2,0,1,3,2,0,0,1,0,0,1,1,3,3,1
"COG4786",22,179,69,48,74,36,10,62,30,11,10,138,47,12,35,29,98,49,24,16,25,268,31,47,11,178,23,46,94,34,41,25,68,74,44,34,89,13,109,86,21,47,33,54,43,137,61,12,125,69,85,41,176,34,32,25,138,47,67,65,74,175,35,101,15,70,119,52,56,17,104,41,68,53,157,55,97,11,14,50,78,24,56,17,54,30,86,18,25,183,149,60,158,56,41,65,40,35,85,87
"COG4787",5,0,0,0,0,8,0,40,3,2,2,0,20,1,0,0,2,0,0,5,2,1,4,10,4,0,0,0,0,1,0,0,0,0,3,17,0,2,0,2,1,1,0,5,1,1,0,3,0,0,0,2,0,6,1,0,48,4,2,0,0,0,1,10,1,1,30,1,4,0,15,0,0,3,0,2,42,2,6,0,0,0,0,5,5,0,0,0,0,8,0,0,2,0,0,0,0,0,0,4
"COG4789",0,1,23,2,0,3,0,0,0,31,3,1,7,6,4,4,2,0,2,6,5,7,0,9,9,1,3,0,0,9,1,5,3,0,2,0,0,17,1,7,18,4,5,8,0,1,0,2,1,6,1,3,0,14,1,1,132,0,1,3,0,0,5,1,0,2,1,0,9,1,0,0,1,1,0,0,0,4,8,5,0,0,2,9,7,1,0,3,1,2,1,1,0,6,1,3,1,1,1,0
"COG4790",6,0,4,1,0,1,0,0,0,14,4,1,2,4,2,1,2,0,1,9,3,2,5,1,3,0,0,0,0,1,0,3,0,1,2,0,1,8,0,5,11,2,1,2,1,2,0,0,0,1,1,1,2,15,2,1,71,8,5,1,3,0,4,0,1,0,18,2,15,0,1,1,0,2,0,2,0,5,4,1,0,0,3,5,4,0,0,0,2,4,0,0,3,1,0,4,2,0,0,2
"COG4791",1,0,13,0,0,1,0,20,0,11,3,0,2,1,1,3,2,1,1,4,0,2,8,0,2,0,0,0,0,2,0,2,0,0,7,0,0,3,0,5,13,1,0,0,0,0,0,0,0,5,1,0,0,14,0,1,79,5,3,0,4,2,5,0,1,1,26,2,9,0,0,0,0,3,0,0,0,3,3,1,0,0,0,7,7,0,0,0,1,8,0,1,3,1,0,0,0,0,2,3
"COG4792",2,0,11,2,1,1,1,0,0,0,0,0,1,2,0,5,0,0,1,0,0,0,0,6,0,0,0,0,0,0,1,3,1,1,0,0,0,1,0,7,3,0,0,2,0,0,0,0,1,2,0,0,0,0,1,2,0,0,0,0,2,0,5,0,1,1,0,1,0,1,0,1,0,2,0,1,0,0,3,4,1,0,2,0,4,0,0,0,2,0,1,0,0,5,0,0,1,2,5,1
"COG4794",0,0,0,0,0,0,0,4,0,5,1,0,2,2,0,1,0,0,0,5,0,0,2,0,1,0,0,0,0,0,0,0,0,0,1,0,0,0,1,0,1,2,0,1,0,1,0,0,0,1,0,0,0,3,0,0,27,2,2,0,0,0,2,0,0,0,7,0,3,1,0,0,0,1,0,1,0,3,2,0,0,0,0,3,0,0,0,1,0,1,0,0,1,1,2,0,0,0,0,0
"COG4795",5,0,1,0,0,10,1,102,8,6,6,0,6,1,1,2,9,1,24,4,7,4,13,14,6,8,3,0,0,1,3,2,1,2,3,59,0,2,3,3,11,3,7,10,0,10,0,5,2,0,1,18,1,7,3,1,135,12,2,0,2,0,1,38,2,0,89,2,6,14,31,0,1,33,0,2,1,10,5,2,0,0,0,7,5,0,1,4,0,14,0,0,0,1,3,0,3,4,0,14
"COG4796",14,17,31,16,3,13,117,94,24,28,9,9,7,29,6,12,14,25,41,46,17,37,64,58,18,22,30,33,7,16,4,50,3,11,17,70,19,1,13,14,18,11,39,34,61,16,0,34,19,15,7,24,6,12,17,32,139,14,13,13,33,14,37,27,30,15,80,2,21,78,30,11,4,28,3,17,15,25,13,5,15,63,6,13,39,55,10,7,18,27,7,6,8,10,11,5,27,27,18,23
"COG4797",0,0,5,1,0,0,2,0,2,3,0,0,0,0,0,0,0,0,0,0,0,39,0,0,1,1,0,0,0,0,0,0,0,1,1,2,0,0,1,3,1,0,0,0,1,0,0,8,0,0,0,0,0,0,0,0,0,0,0,0,0,0,0,0,0,0,0,0,2,0,0,0,0,0,0,0,0,0,0,0,0,0,0,0,0,0,0,0,0,0,0,0,0,0,0,0,0,0,0,0
"COG4799",579,429,452,472,402,419,365,194,471,247,335,384,436,259,519,425,367,362,388,503,682,181,396,454,379,469,367,332,450,388,513,590,496,333,435,233,467,490,209,441,647,524,276,492,364,499,534,100,478,598,469,309,408,478,685,364,125,406,467,428,405,373,509,385,539,421,218,303,443,404,585,320,446,461,404,479,210,227,611,394,390,303,562,548,596,440,296,470,443,411,320,452,395,459,463,460,490,502,519,475
"COG4803",1,0,0,0,0,1,0,6,0,1,0,0,1,0,0,1,0,0,3,1,2,0,0,1,0,0,1,0,0,1,0,1,0,0,0,0,0,1,0,3,1,1,1,0,0,2,0,0,0,0,0,1,0,0,3,2,0,0,2,0,1,1,0,1,0,0,0,1,0,1,0,0,0,0,0,1,0,0,2,2,0,0,0,0,3,1,0,0,0,0,1,0,0,0,0,0,1,0,1,0
"COG4804",434,283,333,428,540,235,83,198,751,82,1159,378,470,209,392,470,1182,854,299,475,431,153,586,406,927,404,1825,949,291,371,513,420,390,835,513,901,301,324,407,277,480,523,283,509,417,404,430,83,345,436,369,281,574,579,386,391,170,354,443,708,322,218,297,283,333,483,174,1277,462,488,438,334,397,375,389,417,722,264,489,303,430,103,329,628,457,506,215,277,392,226,471,500,721,490,443,380,499,491,507,398
"COG4805",16,284,58,44,89,28,93,20,43,82,13,107,40,73,105,37,113,47,42,13,40,232,47,58,25,185,28,61,90,43,67,81,73,74,63,47,81,61,143,121,37,109,46,68,100,225,147,178,152,61,91,87,98,30,45,43,114,126,64,65,77,153,28,105,19,73,127,51,43,47,56,49,69,96,149,117,47,239,38,106,123,103,76,16,66,29,275,109,33,119,150,75,111,77,60,96,60,39,57,104
"COG4806",223,145,121,107,222,186,11,89,241,40,203,81,198,97,202,212,122,27,193,157,180,118,95,104,239,112,115,130,174,124,164,198,116,98,138,83,132,215,156,136,197,163,99,151,45,130,160,18,182,140,166,85,97,252,151,109,124,120,113,164,127,61,171,106,170,199,101,194,158,245,153,90,134,169,153,132,65,24,220,99,144,39,112,231,156,142,69,114,127,117,132,226,82,134,148,137,211,159,152,145
"COG4807",2,2,1,0,1,17,0,11,3,5,0,0,7,0,2,0,0,0,14,1,3,3,1,0,0,1,0,0,0,1,0,0,0,0,0,7,0,0,0,4,5,1,1,2,0,0,0,6,1,7,0,2,0,3,0,1,19,3,0,2,0,0,1,10,0,0,9,6,14,2,3,0,1,6,0,0,1,2,1,0,0,0,0,1,6,5,0,0,2,2,0,0,0,5,0,0,1,1,0,1
"COG4808",1,0,2,0,0,2,1,46,4,8,3,0,1,0,0,0,4,0,0,3,1,2,11,6,2,3,0,0,0,1,0,0,0,0,2,21,0,2,0,4,4,4,0,1,0,3,0,33,0,0,0,5,0,2,2,1,47,6,1,1,0,0,2,6,0,0,33,0,5,2,10,0,0,8,0,0,1,9,2,0,2,0,0,8,0,2,0,1,0,4,0,0,2,0,1,0,0,1,0,4
"COG4809",0,0,0,0,0,0,0,2,0,0,0,3,0,0,0,1,0,0,2,0,1,0,0,0,0,1,0,1,0,0,0,1,1,1,0,0,10,0,1,0,0,0,0,0,0,0,0,0,0,0,0,0,4,0,1,0,0,0,1,0,2,1,0,0,0,1,0,0,0,1,0,0,2,0,0,1,0,4,0,0,0,0,0,0,0,0,0,0,0,1,1,0,0,2,0,0,0,2,0,0
"COG4810",7,26,13,5,9,4,10,20,14,35,4,10,7,3,21,4,4,11,33,6,6,14,9,10,10,8,7,6,12,29,4,16,1,9,12,20,7,9,14,17,16,13,21,15,22,11,15,52,11,17,6,16,8,12,7,2,34,55,16,4,10,1,14,16,8,13,44,13,20,7,9,6,6,21,2,14,2,96,15,13,5,18,10,7,9,12,39,31,3,15,8,3,17,4,8,12,9,10,9,9
"COG4811",1,1,0,0,0,8,1,33,4,4,1,0,1,0,0,0,2,0,20,1,0,4,3,10,4,1,0,0,0,1,3,0,0,0,0,17,0,1,0,2,3,1,3,4,1,2,0,1,1,0,0,4,0,6,0,0,33,5,1,0,2,0,3,9,0,0,24,0,3,7,4,0,0,8,1,0,1,3,1,0,0,0,0,8,2,0,0,0,1,5,0,0,0,0,2,0,1,1,0,1
"COG4812",1,3,2,1,1,3,0,19,0,6,1,4,8,22,3,0,4,1,8,2,5,2,3,7,3,4,0,1,1,7,2,7,0,2,1,15,1,3,4,15,13,8,8,7,1,8,1,0,1,0,2,8,1,2,4,6,21,4,4,3,3,4,8,9,0,1,9,1,4,8,6,3,4,5,0,4,1,4,6,16,1,0,4,0,6,2,0,1,0,7,1,1,1,3,3,1,0,4,2,5
"COG4813",1,4,1,1,2,0,0,0,0,0,1,1,0,36,2,0,4,1,1,0,0,12,4,5,0,0,1,3,3,1,5,14,5,0,1,1,4,0,3,5,0,2,1,3,0,0,5,34,0,2,9,19,5,1,1,3,0,0,5,0,6,3,4,11,2,6,1,0,0,0,0,1,2,0,5,0,1,3,0,5,4,8,15,0,0,4,4,5,0,3,19,2,0,0,1,5,0,0,0,5
"COG4814",0,0,10,1,0,0,5,2,0,63,0,0,0,0,0,0,0,1,0,1,0,133,0,5,0,0,0,2,0,0,0,0,0,0,1,6,0,3,8,0,0,0,0,0,232,0,0,192,1,0,0,0,1,0,0,0,3,1,0,0,0,0,1,0,0,0,0,0,0,2,0,0,0,4,0,0,0,5,0,0,1,15,0,0,0,4,1,0,0,0,0,0,1,0,0,0,0,0,0,2
"COG4816",8,31,21,1,11,12,7,11,25,37,5,10,10,36,12,6,5,5,52,8,15,16,18,23,14,9,6,6,10,17,4,14,12,5,32,17,11,9,18,21,28,18,34,16,23,14,14,57,5,25,4,24,1,7,10,6,55,43,17,4,8,7,10,24,4,20,61,12,53,24,19,6,2,20,4,6,3,70,19,28,11,5,10,7,12,10,42,30,6,19,5,7,8,6,11,7,6,7,6,17
"COG4819",4,2,5,13,3,3,3,58,7,14,8,4,3,44,6,3,8,6,38,7,8,3,8,35,9,8,1,2,4,9,4,10,6,1,7,37,7,3,5,15,16,13,81,17,0,14,4,2,3,2,2,28,2,21,14,48,94,27,11,0,10,1,4,17,4,5,41,2,14,8,26,6,4,6,10,9,6,19,13,17,2,0,18,6,7,2,3,25,2,15,7,15,6,5,3,2,2,9,3,16
"COG4820",8,14,12,2,8,9,8,50,15,22,4,2,7,1,12,6,7,2,26,11,11,8,32,7,6,4,1,5,9,13,3,12,1,4,10,24,4,3,8,26,23,12,12,11,0,16,7,48,2,28,5,14,1,3,9,7,62,18,11,8,4,6,4,23,7,9,65,19,42,13,16,8,4,17,5,9,3,59,24,0,6,11,2,8,14,7,24,10,2,12,0,3,9,4,3,4,4,4,5,14
"COG4821",20,4,3,10,5,15,0,14,7,6,2,13,0,9,15,19,15,2,6,6,23,4,15,9,5,2,0,0,25,11,14,8,10,13,0,8,37,3,9,15,6,21,16,15,1,14,7,0,12,19,12,22,5,11,12,0,2,9,15,3,6,12,8,16,5,7,1,1,6,2,4,11,7,1,2,10,1,27,8,6,17,7,19,5,4,13,10,10,1,2,6,28,1,9,6,13,7,8,22,15
"COG4822",235,302,145,113,269,152,150,49,279,72,28,120,75,119,290,276,105,87,135,177,204,118,126,174,39,148,109,80,201,268,121,226,146,117,144,63,188,179,80,161,239,252,160,200,149,171,154,141,222,195,153,101,163,222,191,169,32,126,153,112,131,164,132,140,95,309,113,195,113,90,184,130,190,139,123,217,52,75,153,144,118,176,210,200,251,170,195,134,59,111,180,237,137,149,182,196,254,215,216,292
"COG4823",121,31,262,77,118,95,8,62,135,42,349,96,360,49,99,61,150,250,81,127,38,341,197,71,189,108,344,311,159,151,155,77,66,447,242,255,309,207,366,98,104,75,45,202,204,78,181,86,123,73,128,83,309,180,161,114,20,106,355,116,141,147,103,56,108,39,72,178,61,162,89,192,93,30,90,185,486,226,78,94,182,29,114,113,125,131,237,93,149,100,112,112,230,111,55,183,164,187,113,135
"COG4824",14,29,13,22,33,6,32,9,4,17,4,39,3,41,36,11,23,8,2,18,3,34,23,14,5,18,22,10,17,18,16,10,22,24,8,8,15,5,16,12,17,8,32,18,24,7,16,32,24,13,24,66,27,4,22,11,19,34,15,9,36,9,6,6,7,17,16,7,46,38,7,23,47,4,14,14,15,43,19,22,22,12,20,11,24,29,23,28,13,6,36,34,15,6,6,17,11,4,22,22
"COG4825",0,1,0,1,0,0,0,0,0,0,0,0,0,0,0,0,1,0,0,0,0,0,0,0,0,1,1,0,1,0,0,0,0,1,0,0,0,0,4,0,0,2,0,0,0,0,0,0,0,0,0,0,0,0,0,0,0,0,0,0,0,1,1,0,0,0,3,1,0,0,2,0,0,0,0,0,0,0,0,0,0,0,1,0,0,0,1,1,0,0,0,0,0,0,0,0,0,0,0,1
"COG4826",14,48,86,24,30,27,14,27,6,50,119,51,89,139,9,21,152,42,7,8,14,14,23,14,150,35,77,101,34,28,51,19,45,142,29,52,39,20,98,21,15,22,37,32,40,14,55,32,25,32,50,115,153,25,24,41,39,39,63,63,76,72,35,30,100,38,19,189,26,33,19,26,21,22,37,53,143,172,10,49,101,170,103,5,58,79,52,75,66,35,60,64,23,51,40,43,19,24,58,21
"COG4828",24,10,13,35,21,41,0,12,48,7,0,5,7,6,25,15,7,0,24,27,39,5,15,23,0,19,18,0,6,13,11,12,19,0,107,0,31,54,0,34,63,31,12,22,2,32,32,2,38,9,9,9,10,61,28,12,0,26,16,16,5,8,12,22,11,7,5,18,40,11,37,19,16,37,14,29,3,5,35,3,22,6,15,27,31,21,2,11,20,3,4,16,22,16,17,38,77,21,33,15
"COG4829",0,0,0,0,0,0,0,0,0,0,0,0,1,0,0,0,0,0,6,0,0,0,0,1,3,0,0,0,0,0,0,0,0,1,1,0,1,0,0,0,1,0,0,0,0,0,0,2,0,0,0,0,0,0,0,0,0,0,0,0,0,0,0,2,0,0,1,0,0,0,0,0,0,1,0,0,0,0,0,0,0,0,0,0,1,0,0,0,0,0,0,0,0,0,0,0,0,1,1,0
"COG4832",28,9,13,29,46,4,21,46,12,20,4,71,9,33,6,7,30,21,16,2,6,59,14,25,5,28,10,27,40,50,35,21,17,36,14,17,23,1,58,10,12,21,37,33,77,24,39,48,32,16,22,45,35,3,32,19,35,19,15,20,43,56,27,51,9,29,18,7,19,7,15,25,35,18,52,36,20,49,7,47,40,72,20,24,16,16,66,18,6,36,61,49,56,17,9,27,13,21,19,12
"COG4833",224,91,166,506,202,703,5,81,256,29,18,80,36,80,177,193,90,11,140,252,642,19,104,147,15,198,9,20,146,148,93,300,226,37,509,3,232,387,15,429,339,372,131,189,19,644,358,6,275,237,213,114,32,502,343,92,3,299,173,106,79,179,191,109,257,54,61,47,980,319,280,112,152,302,108,282,25,0,466,199,145,2,195,322,119,225,5,246,345,261,115,280,164,178,167,321,222,174,249,170
"COG4834",1,1,29,9,2,0,4,9,0,0,3,11,16,25,14,0,3,6,0,0,13,0,15,18,6,0,2,0,4,3,17,5,0,9,2,0,1,0,0,15,0,1,1,25,0,0,4,1,1,5,8,7,5,4,4,12,0,0,5,0,4,6,3,4,2,24,7,2,1,31,32,2,5,0,18,1,1,0,0,2,7,0,3,4,3,6,8,3,8,1,15,23,5,2,11,6,0,32,2,1
"COG4835",0,0,3,0,0,0,0,2,0,11,0,0,0,0,0,0,0,0,0,0,0,0,1,1,1,1,0,1,0,2,0,0,0,0,0,1,0,0,1,1,0,0,1,0,19,0,0,38,0,0,0,0,0,0,0,0,0,0,0,0,0,0,1,0,0,0,0,0,0,0,0,0,0,0,0,0,0,1,0,0,0,3,0,0,0,5,1,0,0,0,0,0,0,0,0,0,0,0,0,0
"COG4839",0,0,0,1,0,0,1,2,0,0,0,0,0,0,0,0,0,0,0,0,0,0,0,1,0,1,0,1,0,0,0,0,0,2,0,0,1,0,3,0,0,0,0,1,0,0,1,42,0,0,0,1,1,0,0,0,0,0,0,0,0,0,1,0,0,0,1,0,0,0,0,0,0,0,0,0,1,2,0,1,0,2,0,0,0,8,2,0,0,0,1,0,0,0,0,0,0,0,1,0
"COG4842",1,0,1,3,2,0,1,1,6,1,0,1,0,6,0,2,0,19,0,0,1,10,0,4,0,12,2,3,0,1,5,3,0,1,14,0,2,1,0,4,0,3,4,0,4,1,15,11,1,0,11,3,3,0,7,16,11,3,5,2,2,2,6,6,0,0,3,1,3,6,1,0,3,0,0,18,1,0,1,1,7,0,1,0,2,1,1,0,1,1,6,0,3,1,0,0,1,5,50,0
"COG4843",0,0,0,3,0,0,0,1,0,2,0,0,0,9,0,0,0,0,0,0,0,0,0,0,0,0,0,0,0,0,1,0,0,1,0,0,0,0,0,0,0,0,0,0,0,0,0,0,0,0,0,19,1,0,0,0,0,0,0,0,0,0,0,0,0,0,0,0,0,0,0,0,0,0,0,0,1,0,0,7,0,0,0,0,0,0,0,0,0,0,4,0,0,0,0,0,0,0,0,0
"COG4845",107,46,90,134,106,172,67,88,185,20,82,86,151,98,143,129,67,30,229,119,99,26,186,150,44,77,54,32,93,179,140,165,132,50,109,194,164,97,32,112,103,163,86,169,41,82,66,24,77,125,92,107,69,144,94,125,40,131,145,388,134,74,130,71,119,81,90,73,123,152,91,184,125,167,143,84,98,6,132,107,116,14,130,175,152,158,105,114,167,103,90,170,103,154,116,136,171,212,132,115
"COG4849",0,0,0,0,0,0,0,1,0,0,288,5,0,4,0,0,0,0,0,0,0,0,11,1,193,0,0,0,9,0,3,0,0,124,0,92,8,0,0,0,0,0,2,0,0,0,0,0,4,0,0,1,47,6,0,0,0,0,0,2,0,0,0,0,34,0,5,1,0,1,0,0,6,0,0,0,25,0,0,6,0,0,1,0,7,10,0,0,0,0,0,0,0,1,0,0,0,0,0,0
"COG4850",0,2,1,2,0,0,106,33,0,228,0,0,0,6,0,5,0,2,3,0,0,0,20,2,3,0,0,2,0,0,0,0,0,0,0,17,0,1,0,0,0,0,2,0,20,0,0,13,1,0,0,1,0,0,0,0,0,13,1,0,1,0,9,0,8,2,0,0,1,0,0,0,0,0,0,0,0,16,0,2,0,101,0,0,0,0,2,15,0,0,0,21,0,0,0,0,0,1,0,7
"COG4851",0,1,3,0,0,0,0,1,0,28,3,2,0,1,1,0,2,0,1,0,0,86,1,3,0,2,2,1,3,1,0,0,1,0,0,15,1,0,12,1,2,3,0,2,84,1,5,52,0,2,0,3,0,0,0,1,2,3,7,0,0,0,2,1,2,0,4,1,3,1,3,3,3,2,0,1,2,24,0,4,1,5,0,3,0,6,26,1,0,0,1,0,2,0,0,1,1,0,0,0
"COG4853",0,0,1,0,0,0,0,0,0,30,0,0,0,1,0,0,0,0,0,0,0,88,0,4,0,0,0,0,0,0,0,0,0,0,0,3,0,1,0,0,0,0,0,0,69,0,0,32,0,0,0,0,0,0,0,0,0,0,0,0,0,0,0,0,0,0,0,0,0,0,0,0,0,0,0,0,0,1,0,0,0,11,0,0,0,0,0,0,0,0,0,0,0,0,0,0,0,0,0,0
"COG4856",88,229,76,110,107,23,193,29,40,71,24,144,43,221,57,101,81,84,52,63,60,277,102,146,14,108,76,114,146,188,115,120,108,117,57,61,115,27,91,137,47,77,157,109,218,33,149,202,167,89,118,165,200,44,116,151,32,43,78,66,128,179,103,104,78,132,114,41,45,54,112,205,102,76,101,143,60,121,15,153,113,172,104,89,70,58,209,163,49,167,121,133,94,70,79,110,52,68,105,108
"COG4857",8,11,9,6,3,47,1,6,7,20,0,2,2,7,7,5,1,3,21,3,4,3,7,4,3,1,1,6,16,20,10,5,2,0,13,2,7,0,8,9,18,6,26,17,1,6,5,60,3,16,1,8,3,3,7,5,32,24,3,11,3,5,1,5,3,5,9,11,52,24,2,3,3,13,2,6,4,10,25,4,2,0,7,9,14,9,20,27,3,3,5,4,1,15,6,2,2,7,2,11
"COG4858",0,0,5,0,0,0,3,2,0,36,0,0,0,0,0,0,0,2,0,1,0,46,0,4,1,0,0,0,0,1,0,0,0,0,0,0,0,0,4,3,0,0,0,0,53,0,0,126,0,1,0,0,1,0,0,0,0,3,0,1,0,0,1,0,1,0,0,2,0,0,0,0,1,2,0,0,0,1,0,0,0,14,0,0,0,8,4,0,0,0,0,0,1,0,0,0,0,0,0,0
"COG4859",7,15,2,10,14,5,2,3,0,0,3,6,4,10,1,5,9,9,5,2,8,0,9,2,0,13,3,4,25,19,3,7,9,7,2,4,19,1,7,10,0,10,3,18,17,2,3,0,10,2,7,3,2,9,6,17,1,3,12,2,8,15,13,8,4,15,8,5,2,4,13,49,4,10,16,7,12,9,1,4,4,11,14,2,5,8,4,7,2,8,17,4,6,14,9,10,8,7,2,15
"COG4861",0,0,2,2,0,0,0,2,0,0,336,0,0,4,0,0,0,0,5,0,0,0,24,1,230,0,0,0,8,0,2,10,3,89,0,106,15,0,1,0,1,0,4,5,0,2,0,0,17,0,0,0,40,3,4,3,0,1,1,0,1,0,0,0,38,0,1,1,0,2,0,7,11,0,0,0,24,0,0,0,0,0,4,1,15,6,0,0,0,25,7,0,0,13,0,0,0,0,1,0
"COG4862",5,129,37,19,50,16,20,14,15,45,4,51,10,17,26,21,43,35,23,13,17,189,22,36,18,70,19,41,48,34,19,22,33,45,32,29,40,3,61,45,36,27,27,28,90,25,47,197,65,27,40,69,49,22,12,63,66,70,26,24,34,94,17,37,5,45,40,35,20,18,38,62,26,38,65,64,23,107,20,54,65,56,14,4,38,26,128,29,10,79,65,30,128,28,24,40,28,13,60,49
"COG4864",193,58,121,136,136,124,106,85,177,23,7,82,70,81,199,158,66,35,111,157,177,109,126,130,33,108,88,19,115,99,84,153,132,52,135,24,140,144,7,91,141,176,92,118,60,105,113,11,98,126,118,73,95,158,154,122,0,98,100,112,107,84,124,86,147,122,52,115,111,102,112,100,165,103,75,119,31,15,168,60,78,73,131,170,142,140,27,117,132,77,102,127,56,173,115,120,168,192,129,154
"COG4865",0,4,3,2,0,34,1,0,0,15,1,0,6,18,9,0,1,1,9,3,11,9,4,3,11,0,2,0,3,2,2,2,1,0,0,0,0,3,3,5,13,6,11,12,1,4,0,8,1,44,1,22,1,9,0,1,0,2,0,9,20,1,4,1,4,0,2,5,42,5,0,1,1,0,4,4,2,14,22,2,1,0,0,4,15,4,1,2,5,2,4,2,3,14,2,1,0,1,0,1
"COG4866",247,144,118,190,194,165,155,83,196,66,36,135,79,203,233,223,108,44,169,188,187,62,173,173,42,178,108,59,144,121,114,190,197,127,191,32,163,235,77,186,210,213,200,153,118,154,219,48,212,191,183,147,126,181,184,189,56,184,142,100,174,132,166,118,153,156,89,135,187,220,167,141,188,203,191,180,55,182,203,153,116,129,206,164,179,203,145,185,145,139,153,196,132,221,192,169,226,220,161,134
"COG4868",63,158,143,97,91,55,57,63,31,170,327,188,260,179,77,106,192,339,81,32,62,169,134,113,308,114,157,305,153,167,190,108,90,223,46,163,97,18,292,89,47,92,197,128,197,89,90,211,120,119,126,153,132,41,103,123,74,91,155,192,235,205,68,140,114,95,92,175,70,70,108,83,95,82,150,133,250,119,54,215,196,60,84,46,111,72,265,126,191,139,138,90,129,100,159,110,43,39,53,111
"COG4869",29,26,22,27,9,16,21,11,27,39,12,37,19,86,31,24,29,27,50,10,16,27,29,52,16,34,7,21,29,53,30,31,34,40,16,6,22,4,26,41,31,30,73,44,23,28,55,78,25,47,25,77,33,24,27,47,53,67,20,21,41,26,16,46,36,31,42,37,47,16,15,19,17,24,23,31,29,188,22,61,33,20,25,17,16,23,54,62,8,26,41,33,28,10,45,17,13,27,19,25
"COG4870",18,248,50,88,103,14,84,24,19,25,33,129,31,76,74,45,86,63,36,10,27,166,23,49,12,211,27,45,132,34,91,62,116,179,67,19,47,46,131,176,34,62,64,49,74,26,195,79,152,86,133,133,161,36,27,149,39,112,54,69,66,191,33,61,32,188,119,48,11,25,50,41,146,99,120,120,49,393,17,64,155,158,76,24,70,18,197,164,19,185,99,144,131,37,66,71,46,56,101,121
"COG4871",0,0,0,0,0,0,0,0,0,0,0,0,0,0,0,0,0,0,0,0,0,0,0,0,0,2,2,0,0,0,0,1,0,0,0,0,0,1,1,0,0,0,0,1,0,0,0,0,0,0,0,0,0,0,0,0,0,0,0,0,1,0,0,1,0,0,3,0,0,0,0,0,0,0,0,0,0,0,0,0,0,0,0,0,0,0,0,0,0,0,0,0,0,0,0,1,0,0,0,0
"COG4874",27,16,16,10,19,16,2,1,18,3,0,6,10,3,24,11,8,0,10,27,49,3,7,15,4,14,17,3,9,15,11,17,10,1,26,1,3,26,1,5,37,28,3,8,1,20,33,3,30,29,19,1,10,19,49,10,0,13,6,4,8,8,7,18,4,9,2,17,43,21,70,11,19,13,9,40,0,13,65,2,6,14,15,26,31,14,8,6,11,4,4,25,4,10,13,22,48,12,51,9
"COG4877",16,6,2,7,7,0,8,1,1,4,1,10,2,24,1,8,6,3,7,2,8,24,0,8,0,10,5,9,12,14,6,5,6,2,5,4,4,0,8,11,2,1,0,7,10,0,6,11,6,0,1,9,8,3,12,3,0,0,4,6,11,25,5,8,2,13,5,2,0,2,11,0,12,3,5,11,2,4,0,13,10,0,13,13,0,0,15,4,3,13,21,5,6,8,10,13,1,0,2,4
"COG4878",45,12,8,14,23,5,165,31,1,185,3,25,14,31,30,19,17,24,4,4,5,68,13,3,9,43,28,11,11,198,18,23,14,45,7,15,16,12,20,36,3,2,37,14,18,8,29,95,37,1,11,6,17,2,34,7,0,84,35,17,19,14,52,31,4,23,16,21,43,13,68,23,10,8,20,26,4,285,16,11,15,247,19,5,4,8,111,40,0,29,18,23,15,4,1,22,18,4,19,24
"COG4880",7,135,2,23,55,1,10,18,7,47,10,53,5,76,3,13,31,47,16,1,13,53,32,26,2,56,9,20,40,44,20,38,29,25,5,23,28,6,37,35,19,13,15,26,36,12,83,52,13,20,41,104,38,10,32,23,32,35,15,20,38,39,14,20,21,51,23,24,6,23,16,52,12,33,60,67,28,0,3,62,31,58,25,8,23,21,82,39,5,42,51,33,75,10,89,18,6,8,38,14
"COG4884",3,1,9,1,0,1,1,55,3,0,1,1,0,0,2,1,5,0,5,1,9,0,3,1,0,0,0,0,1,1,0,0,1,0,9,39,1,5,0,5,17,1,0,1,2,7,6,0,1,11,0,0,0,6,2,0,0,6,0,1,2,0,2,13,0,0,25,4,34,0,2,2,1,17,3,0,0,0,20,1,0,0,0,1,1,5,0,2,2,2,3,3,0,4,1,2,2,2,3,6
"COG4886",228,85,229,443,98,207,26,232,209,93,706,242,534,372,328,500,248,348,177,333,121,160,308,158,548,231,54,229,313,171,330,209,323,160,266,318,205,284,347,255,228,278,119,320,230,169,184,124,146,197,357,372,151,532,257,297,196,198,188,448,442,233,256,207,501,314,160,212,340,274,76,204,425,237,277,229,443,252,126,310,287,32,278,262,166,419,164,352,381,264,363,183,137,386,301,223,172,316,139,214
"COG4887",44,33,43,19,22,16,72,5,42,7,7,17,40,11,62,13,37,30,42,61,63,11,41,39,13,76,56,40,24,30,18,39,50,29,32,15,24,66,16,13,52,37,17,19,17,19,36,3,49,43,44,4,39,38,43,47,4,69,28,20,32,16,47,21,14,31,35,39,33,52,46,28,34,56,55,42,5,6,65,31,24,58,27,59,36,18,29,21,56,22,10,24,37,48,57,32,78,62,102,24
"COG4889",30,2,89,23,12,21,19,6,70,4,11,80,40,42,0,22,401,22,62,74,14,4,30,61,2,54,717,3,32,27,210,46,37,47,0,317,52,84,405,118,101,69,9,144,0,21,8,1,4,10,26,13,85,85,147,66,0,7,55,7,24,11,72,1,104,17,51,41,0,58,21,39,167,274,56,160,111,143,49,11,20,0,172,87,68,68,50,12,358,50,13,101,10,60,5,20,27,55,164,6
"COG4890",0,1,0,0,0,3,0,3,2,2,0,0,0,0,0,0,1,0,3,0,0,1,0,1,0,1,0,0,0,0,0,0,0,1,1,4,0,0,0,0,4,0,1,1,0,0,0,0,0,0,0,0,0,0,0,0,10,1,0,0,0,0,0,2,0,0,8,0,1,0,5,0,0,2,0,0,1,0,0,0,0,0,0,2,0,0,0,0,0,3,0,0,0,0,0,0,0,0,0,0
"COG4892",0,1,1,0,0,0,0,0,0,6,0,0,0,0,0,0,2,0,0,0,0,22,1,1,0,0,1,0,0,0,0,0,0,0,0,0,0,0,0,0,0,0,0,0,17,0,0,13,0,0,0,0,0,0,0,0,0,1,0,0,0,0,0,0,0,0,0,0,0,0,0,0,0,0,0,0,0,1,0,0,0,1,0,0,0,0,0,0,0,0,0,0,0,0,4,0,0,0,0,0
"COG4894",18,48,14,27,38,2,24,11,9,12,5,45,7,59,19,33,31,16,14,3,12,21,32,49,2,24,11,15,45,22,23,15,24,40,6,17,25,4,22,27,2,22,23,42,15,27,25,42,39,22,36,29,37,29,25,19,8,25,18,18,51,45,39,35,18,33,37,13,9,4,21,18,28,21,43,40,19,72,4,59,36,31,32,25,11,15,46,34,10,29,48,44,30,9,14,40,7,7,18,15
"COG4895",0,0,0,1,0,0,1,2,3,0,0,0,0,2,0,0,0,0,0,0,0,0,3,0,0,0,0,0,0,0,0,0,0,0,0,0,0,0,0,0,0,0,0,0,0,0,1,5,0,2,0,2,0,0,0,0,0,0,2,0,1,0,0,0,0,0,0,0,0,0,0,0,0,0,0,0,0,0,0,0,0,0,0,0,0,2,0,0,0,0,2,0,0,0,0,0,0,0,0,0
"COG4898",0,0,0,0,7,0,0,8,0,12,1,3,0,3,0,2,1,0,2,0,1,0,0,1,0,7,4,1,10,1,0,0,3,0,1,0,2,0,1,1,0,0,4,9,0,1,0,0,2,1,1,3,2,0,1,0,0,0,1,0,3,4,4,1,1,2,1,1,0,0,1,0,2,4,5,3,0,1,0,0,2,8,0,2,2,5,1,1,1,0,0,1,7,2,0,0,1,2,8,1
"COG4903",0,0,0,3,0,0,0,2,0,0,0,0,0,0,0,0,1,0,0,0,0,0,0,0,0,0,0,0,0,0,0,0,0,9,0,0,0,0,1,0,0,0,0,0,1,0,1,0,0,0,0,6,2,0,0,0,0,0,0,2,0,6,0,1,0,0,0,0,0,0,0,60,0,2,0,0,3,3,0,8,0,0,0,0,0,0,0,0,0,0,0,0,0,1,0,0,0,0,0,0
"COG4905",86,249,71,153,183,26,433,161,52,693,33,224,67,286,101,126,189,126,68,63,65,395,145,121,34,233,55,116,211,293,156,133,167,253,85,161,142,55,233,125,65,147,176,148,281,166,208,171,180,123,172,304,213,53,153,286,136,167,131,120,189,294,194,223,103,166,195,50,74,63,161,383,176,92,272,191,132,149,58,345,221,338,139,101,83,64,345,234,44,282,309,243,230,98,167,184,68,79,123,179
"COG4907",0,0,5,1,4,33,3,42,0,29,0,0,1,13,12,0,0,2,14,0,23,469,4,2,1,0,1,7,2,0,0,6,0,1,2,37,2,1,2,4,6,9,39,0,7,2,1,108,1,45,0,45,3,0,2,3,0,7,2,25,0,0,34,0,4,11,0,23,39,6,0,4,1,0,15,4,2,7,16,27,2,36,0,0,30,1,4,8,0,1,12,0,1,23,0,3,0,0,1,0
"COG4908",0,0,1,0,0,0,0,1,1,0,0,0,0,0,1,0,0,0,0,0,0,0,0,0,0,0,0,0,0,2,0,0,0,0,1,0,0,0,0,1,0,0,0,0,5,0,4,0,0,0,0,9,0,0,0,0,5,0,0,0,0,0,0,0,0,0,0,0,0,0,0,0,0,0,0,1,2,2,1,0,0,10,0,0,0,4,0,0,0,0,0,0,0,0,0,0,1,0,0,0
"COG4909",2,29,21,8,4,6,12,1,32,47,1,1,23,2,10,1,8,6,131,4,9,32,5,4,3,1,0,10,0,21,3,18,2,6,9,4,5,2,13,17,24,11,50,12,2,21,12,48,5,65,6,1,5,0,10,4,34,36,4,1,7,6,3,23,2,9,26,46,51,27,3,6,1,20,0,12,7,19,36,5,0,7,2,5,11,16,10,15,12,7,2,3,8,2,8,1,7,7,4,11
"COG4910",2,3,3,2,1,4,2,0,8,15,0,1,4,0,5,0,2,1,29,3,2,9,3,2,2,3,1,0,1,6,2,3,0,0,4,0,1,0,1,6,8,7,14,3,1,4,0,16,2,11,0,0,1,1,1,3,4,5,0,1,4,0,2,7,0,1,10,8,14,6,1,1,0,4,0,0,2,2,7,1,0,1,3,0,4,0,4,5,3,4,0,1,4,0,3,0,0,3,1,0
"COG4912",129,118,146,136,159,135,30,36,148,63,103,130,171,107,123,91,137,73,80,142,108,76,113,168,111,130,142,111,133,115,159,140,147,204,120,41,130,165,120,110,145,144,163,134,89,73,162,127,145,123,125,127,173,166,129,141,33,133,127,111,94,153,96,110,117,132,87,138,93,102,141,86,149,116,128,144,149,109,140,131,155,100,124,170,137,125,129,123,149,101,132,126,158,142,162,126,197,108,131,123
"COG4913",70,81,287,59,127,0,368,76,2,413,12,63,56,61,9,113,45,32,46,59,25,0,75,43,27,59,109,61,69,387,89,127,46,42,164,104,76,16,54,24,9,12,69,99,163,11,62,54,56,111,66,66,72,8,171,177,32,77,60,28,115,149,74,56,25,140,122,64,59,42,208,77,93,97,91,157,27,31,238,103,62,78,68,118,101,24,110,136,28,111,28,39,60,98,65,71,145,52,61,94
"COG4916",0,0,1,10,0,0,0,1,10,0,4,21,0,0,0,1,0,1,0,1,2,2,11,0,0,0,0,0,0,0,0,0,0,3,1,0,20,0,0,0,45,0,0,0,0,0,32,0,0,0,0,3,1,16,0,0,0,0,0,2,0,0,0,3,1,0,0,0,0,0,1,7,0,0,1,0,0,1,11,0,0,0,0,0,0,0,0,0,0,0,0,0,0,0,17,0,8,0,0,0
"COG4917",6,24,15,4,5,4,6,58,26,36,4,7,16,7,14,3,16,7,34,10,6,11,14,17,2,5,6,6,5,24,4,14,4,3,21,24,13,13,9,31,25,11,18,20,11,12,15,50,9,19,5,19,5,4,5,8,77,39,4,13,7,4,12,32,9,10,64,20,18,17,22,13,2,24,1,6,3,60,12,12,5,13,9,7,14,7,38,17,4,18,6,8,19,3,5,8,6,16,8,22
"COG4922",0,5,1,0,1,1,5,2,1,0,3,6,0,4,0,0,0,0,1,1,0,60,12,6,0,0,0,3,2,4,8,6,5,0,0,3,1,1,3,0,0,0,2,1,12,16,0,18,2,1,4,2,2,0,4,2,0,2,3,0,0,2,7,8,10,2,1,2,1,1,6,0,4,0,1,14,1,0,0,2,5,29,2,2,0,6,4,1,0,2,1,0,1,1,0,1,1,0,1,2
"COG4924",0,1,95,0,16,0,53,36,0,147,0,2,31,4,1,6,1,3,0,2,0,0,6,3,9,4,17,2,6,11,9,20,0,1,36,16,16,0,3,0,3,0,26,7,10,5,0,7,1,28,0,5,4,0,20,9,0,2,10,1,2,36,8,0,9,3,0,14,10,9,22,11,0,30,3,11,82,1,84,18,0,12,2,0,16,1,5,12,4,0,2,6,7,2,0,4,25,6,11,18
"COG4925",5,7,33,36,18,40,23,15,22,0,5,14,11,5,12,15,5,9,42,32,55,10,22,16,9,9,4,7,4,22,15,8,35,4,9,6,39,30,5,35,16,35,20,41,8,22,7,3,23,10,9,12,11,41,21,18,1,21,31,9,19,5,14,17,23,9,20,14,52,8,9,16,6,9,11,19,38,5,14,6,25,0,44,8,21,15,0,13,13,5,23,25,11,25,23,16,21,13,32,13
"COG4926",4,6,22,19,1,25,24,7,11,21,0,10,1,23,6,8,9,18,3,3,16,12,1,5,0,4,1,3,25,24,2,9,27,25,29,2,2,0,17,21,25,3,17,8,58,13,9,38,11,8,59,157,1,3,25,2,42,78,8,2,21,2,13,4,4,4,170,3,14,2,6,5,1,3,2,12,3,31,0,21,1,17,4,0,4,2,8,8,0,10,18,3,5,1,2,9,0,5,4,7
"COG4927",7,1,20,9,17,5,1,9,1,4,2,2,1,2,5,4,16,0,0,1,5,2,1,29,0,4,0,1,4,9,4,6,2,62,8,1,4,5,4,8,3,13,5,13,4,6,11,3,5,5,6,11,51,0,4,3,34,20,5,2,5,3,0,4,6,1,1,1,14,10,4,8,17,12,4,6,3,13,7,8,21,0,10,1,3,19,12,12,4,3,9,4,82,2,3,7,10,2,8,2
"COG4928",8,77,34,28,22,29,18,44,23,25,441,26,413,18,13,27,48,6,33,59,7,14,51,74,5,33,32,6,83,39,6,29,5,597,243,150,29,16,12,11,12,4,52,81,8,17,195,67,35,67,22,109,230,60,4,110,36,31,11,76,94,121,22,20,26,10,77,19,124,29,25,33,23,111,86,9,420,40,21,19,122,119,16,17,102,10,88,92,67,60,98,40,65,10,14,32,35,10,48,23
"COG4929",10,5,6,18,4,39,2,0,11,1,0,1,2,2,6,10,3,0,4,10,19,1,7,2,2,0,0,1,5,1,1,6,4,1,29,0,9,17,2,20,16,14,0,8,1,18,13,0,9,2,8,7,3,14,10,2,0,4,10,15,0,2,6,1,5,0,0,2,51,12,11,2,2,4,2,10,1,0,11,3,5,0,4,2,8,4,0,15,2,2,1,3,4,6,7,8,3,4,6,3
"COG4930",16,23,4,47,48,32,95,7,1,6,45,50,22,72,76,153,130,94,30,44,18,2,45,41,6,103,145,71,36,49,22,17,58,93,85,20,57,28,68,21,8,18,17,143,111,157,163,17,54,52,57,47,104,157,38,56,2,30,51,24,160,39,102,39,92,27,17,310,17,43,42,24,59,60,20,39,53,15,0,37,42,164,81,113,69,7,113,43,19,43,115,181,46,34,142,133,92,55,84,20
"COG4932",78,484,142,288,209,68,774,558,220,881,48,499,54,1006,202,176,307,343,163,111,150,295,311,401,115,309,112,215,270,260,204,316,316,300,132,227,343,99,385,409,115,177,497,285,366,93,714,989,293,333,320,584,297,128,247,515,691,310,136,97,485,514,461,287,264,238,281,231,168,188,265,636,456,263,218,418,111,1588,174,636,402,495,444,77,180,292,611,452,53,330,639,527,676,198,354,219,90,185,275,268
"COG4933",4,1,1,10,8,3,0,9,21,3,44,9,33,12,2,4,3,3,6,6,8,0,25,1,61,4,1,61,1,0,2,0,6,3,21,86,9,6,16,19,0,2,2,15,44,0,11,14,1,6,4,9,3,11,8,3,0,1,1,9,5,42,8,23,20,3,3,100,4,6,13,23,2,3,8,13,91,0,0,4,22,0,6,6,4,15,12,19,16,7,9,13,10,8,7,12,23,0,1,2
"COG4936",13,35,26,15,15,16,0,4,23,24,7,56,19,21,13,16,61,15,34,1,10,30,35,15,10,32,6,15,19,40,19,12,26,54,34,12,14,10,38,39,26,32,14,20,10,60,7,17,40,36,38,32,60,9,7,8,5,10,22,24,71,102,21,47,9,19,67,10,87,16,23,33,55,27,49,14,25,14,19,49,23,0,34,13,28,8,52,17,16,54,71,15,14,15,21,27,10,11,18,29
"COG4937",40,15,25,9,19,8,1,8,18,1,116,21,90,8,24,12,62,93,31,31,12,1,58,30,103,39,90,122,23,13,56,19,20,12,26,71,18,25,65,1,40,9,11,54,52,8,20,0,22,31,46,31,23,41,54,44,1,34,81,116,68,11,65,16,57,11,15,121,22,86,49,22,40,85,37,48,101,5,73,29,49,18,50,67,48,53,44,18,143,43,20,40,49,54,36,39,70,44,43,26
"COG4938",37,87,130,65,149,39,7,10,9,6,266,102,14,1,6,4,15,5,66,126,8,2,101,140,1,50,6,280,32,16,19,86,44,31,155,9,14,23,262,99,5,94,34,28,117,25,19,12,26,24,41,4,23,42,20,6,0,5,12,35,10,28,13,46,47,101,7,28,1,21,17,9,25,0,17,51,4,5,1,0,41,37,4,64,12,23,13,4,207,44,10,7,48,44,4,43,13,38,25,50
"COG4939",0,0,1,1,0,0,0,4,0,7,0,0,0,0,0,1,0,0,0,0,0,0,0,1,0,0,0,0,2,0,1,1,0,0,1,0,1,0,0,0,0,0,9,0,0,0,0,0,0,0,0,6,0,0,0,0,1,0,2,2,2,0,3,0,3,0,0,0,0,0,0,0,0,0,0,1,0,3,0,0,0,0,1,0,0,2,1,0,0,0,0,0,0,0,0,0,0,0,0,2
"COG4940",6,4,2,11,5,0,2,5,7,0,4,13,2,2,12,8,1,5,5,7,9,1,20,32,11,0,3,3,5,17,3,20,11,4,0,3,15,0,10,1,8,5,27,29,3,2,1,38,2,8,0,40,4,7,4,2,0,11,4,9,4,9,0,5,12,2,0,2,19,7,2,0,6,4,6,8,2,2,0,8,12,6,6,10,23,10,1,2,1,3,5,1,4,12,5,3,8,5,9,11
"COG4942",93,18,186,110,71,190,2,81,85,9,6,46,32,30,64,97,19,8,74,135,78,48,52,47,348,33,17,8,61,56,33,57,93,169,95,19,99,97,19,82,101,83,44,62,9,69,47,15,66,78,60,36,83,94,72,57,86,59,62,53,58,59,57,76,105,57,55,32,98,86,60,36,65,58,39,53,36,6,121,35,58,2,71,55,114,125,7,67,34,42,49,51,21,113,43,50,77,55,35,103
"COG4943",4,2,0,0,1,36,1,98,8,15,7,0,10,0,4,3,14,1,66,11,3,2,20,18,9,6,0,0,0,5,1,4,2,1,15,69,2,4,0,8,17,1,17,4,2,6,0,14,0,0,1,23,3,28,4,3,259,32,11,1,6,0,8,51,3,3,173,3,14,36,39,1,3,45,2,6,6,31,21,1,1,0,0,19,13,3,3,6,4,42,0,1,9,2,9,6,3,20,1,17
"COG4946",616,230,403,460,498,663,20,144,567,84,657,379,532,134,592,424,457,397,444,531,459,77,291,255,163,451,633,446,430,275,424,466,553,171,715,285,418,868,364,367,782,504,179,428,238,413,425,8,426,437,582,183,256,466,648,265,14,393,510,431,312,152,495,181,545,403,232,659,485,462,603,254,631,483,305,488,310,61,1098,237,240,91,391,636,670,514,158,300,644,322,187,361,257,609,516,393,851,710,425,478
"COG4947",49,21,15,31,33,1,86,11,0,8,11,54,18,36,3,40,41,36,29,43,29,4,20,13,2,35,91,63,34,139,46,24,14,23,0,37,17,0,40,27,13,5,9,16,34,3,11,53,41,23,41,9,33,5,67,38,0,3,22,21,28,48,36,45,30,65,40,14,20,29,64,15,36,7,36,47,20,13,9,43,45,39,19,63,17,7,64,25,18,66,22,9,26,26,38,49,21,15,25,33
"COG4948",384,151,300,262,252,345,355,399,331,105,219,235,243,154,370,301,311,239,367,341,260,84,229,194,304,250,222,246,180,730,238,267,207,162,315,328,184,230,177,347,267,293,242,286,336,432,164,104,134,258,202,246,206,325,257,225,994,284,270,221,226,140,251,237,201,310,417,279,472,261,331,155,220,226,234,168,180,100,280,163,206,334,193,376,224,183,167,262,224,215,184,253,153,272,228,229,189,287,185,273
"COG4950",2,1,1,0,0,14,0,43,5,5,3,0,6,1,0,0,3,0,34,4,0,2,5,10,6,1,0,0,0,1,0,0,0,0,2,21,0,0,0,4,4,1,13,1,1,1,0,4,0,0,0,6,1,4,0,0,51,4,2,0,0,0,0,19,2,1,25,0,6,9,8,0,0,8,0,0,3,5,6,0,0,0,0,2,1,1,0,1,0,5,0,0,3,1,0,0,1,1,0,4
"COG4951",43,28,95,101,68,192,6,50,25,28,53,24,164,35,60,150,28,35,87,26,22,188,82,121,35,64,64,376,30,51,52,48,61,66,87,93,64,154,156,98,45,59,47,14,87,115,83,75,65,88,181,57,145,126,11,112,29,37,77,23,35,28,176,58,26,257,13,18,1,69,87,24,28,101,127,24,45,25,86,90,55,4,105,179,14,29,54,62,97,6,150,61,125,39,47,72,28,22,57,40
"COG4952",1,3,11,0,7,10,0,1,3,1,0,11,0,7,1,5,18,1,6,28,0,0,12,5,0,8,1,5,0,1,0,9,11,0,10,0,1,1,5,5,1,9,8,3,0,4,12,4,5,4,0,3,1,1,8,4,19,6,1,2,2,2,0,2,2,1,0,1,16,0,0,6,1,1,1,7,0,0,4,9,2,0,3,2,1,8,0,10,1,1,1,0,0,0,0,0,1,3,2,1
"COG4953",38,12,76,79,25,229,3,122,119,23,6,26,55,27,24,67,15,8,86,91,108,6,63,49,18,10,5,7,22,29,25,51,49,9,153,40,111,58,4,166,118,61,51,94,18,91,47,17,66,95,56,71,18,84,79,39,84,51,99,50,46,20,65,62,106,18,81,22,181,69,74,56,19,80,16,54,111,6,188,27,41,0,31,52,118,124,12,93,29,36,31,27,25,83,38,68,39,40,43,101
"COG4955",0,0,0,0,0,0,0,3,0,3,0,0,0,0,0,0,0,0,0,0,0,86,0,2,0,0,0,1,0,0,0,0,0,0,0,3,0,0,0,0,0,0,0,0,19,0,0,37,0,0,0,0,1,0,0,0,1,0,0,0,0,0,0,0,0,0,0,0,0,0,0,0,0,0,0,0,0,2,0,0,0,4,0,0,0,0,0,0,0,0,0,1,0,0,0,0,0,0,0,1
"COG4956",5,22,24,9,8,2,117,7,14,13,6,10,3,30,7,6,10,9,10,29,12,102,34,54,5,6,37,22,8,7,13,10,5,4,10,32,12,2,13,7,6,9,35,31,60,3,0,83,22,12,8,25,6,2,5,22,1,5,8,3,16,6,8,18,20,9,9,10,18,21,1,19,5,1,7,6,13,11,1,9,23,91,4,9,26,8,4,8,14,4,7,14,10,9,5,7,14,19,32,21
"COG4957",1,0,1,1,0,0,0,0,0,0,1,0,0,1,0,2,0,0,0,2,0,0,7,5,0,0,0,0,0,0,0,1,0,0,0,0,0,1,0,4,0,2,0,0,0,1,0,0,0,1,0,0,0,1,2,1,0,0,0,0,0,0,0,0,1,3,0,0,0,0,0,0,0,1,0,2,0,0,2,2,0,0,0,0,2,0,0,0,0,0,0,0,0,2,0,0,0,0,0,0
"COG4959",0,2,8,0,0,0,19,0,0,0,0,0,7,0,0,0,0,2,0,1,0,0,1,0,0,0,22,3,0,1,3,0,0,0,0,5,0,0,0,0,0,3,0,0,0,0,0,0,2,0,1,1,0,0,0,1,0,0,0,0,0,0,0,0,0,0,1,1,0,28,0,1,0,0,0,0,28,0,3,0,5,0,0,0,3,0,0,0,0,0,1,2,0,0,0,0,5,3,0,0
"COG4962",48,394,91,107,158,37,223,124,42,319,30,254,69,177,115,64,248,188,69,30,68,194,115,199,38,274,99,107,224,86,96,150,147,234,103,120,150,69,152,161,48,146,126,117,98,314,164,196,165,113,169,220,312,64,169,221,212,158,122,147,195,364,159,170,82,188,149,98,62,79,82,253,152,122,246,224,120,174,40,287,281,308,152,29,114,78,258,176,35,312,402,106,233,97,160,167,107,62,137,137
"COG4963",2,0,1,3,4,0,0,0,0,0,4,10,0,5,0,0,10,7,0,2,0,0,1,2,0,8,0,4,21,0,2,0,0,14,0,0,9,0,2,2,0,2,0,2,5,0,0,0,3,0,1,3,0,1,12,4,9,1,0,1,14,0,0,2,8,4,1,1,2,2,2,1,0,8,1,12,11,0,0,8,1,5,2,1,0,0,1,0,0,3,0,0,2,0,29,1,1,2,1,0
"COG4964",0,3,0,1,0,0,0,55,0,0,0,0,0,5,0,2,0,15,0,1,0,1,0,0,0,0,0,7,0,0,48,0,0,0,0,0,0,0,1,1,1,0,0,5,6,0,0,0,8,0,6,4,0,0,0,1,0,0,8,18,18,0,0,38,7,0,0,0,0,0,0,1,0,0,2,0,17,0,0,0,1,5,11,1,1,0,15,4,0,1,0,0,0,5,1,0,10,0,0,1
"COG4965",3,94,6,28,45,6,26,7,12,50,11,49,5,48,11,8,32,19,27,9,12,136,14,16,9,68,10,22,101,18,19,27,37,46,27,10,37,24,37,45,21,25,17,16,60,25,43,101,56,13,31,25,62,6,33,25,39,43,27,20,36,96,26,30,12,19,64,24,8,13,15,34,34,39,47,65,31,109,12,25,47,47,15,12,28,17,123,58,17,55,48,17,39,22,62,32,29,16,39,59
"COG4967",0,2,0,0,0,8,0,28,1,3,0,0,6,1,1,0,6,0,5,3,1,0,0,4,4,1,0,0,0,0,0,2,0,0,1,19,0,1,0,3,1,0,3,4,0,3,0,1,2,0,1,3,0,1,3,0,32,4,1,0,0,0,0,5,0,2,19,0,0,0,3,0,0,3,0,0,0,2,1,0,0,0,0,2,1,0,0,1,1,5,0,0,1,0,0,0,0,2,0,3
"COG4969",1,0,1,6,2,3,0,39,5,5,3,3,1,0,1,0,3,0,20,2,0,4,8,6,3,10,0,0,1,4,0,3,6,0,2,24,3,1,4,5,7,3,2,2,0,2,1,10,2,0,0,11,2,1,4,2,63,5,3,0,4,0,3,22,1,0,35,1,2,5,13,0,2,8,1,2,3,3,1,0,0,0,2,7,1,2,3,3,0,8,5,5,0,1,2,2,1,1,1,5
"COG4972",6,37,13,34,15,3,23,81,3,9,3,88,10,77,30,16,51,29,7,6,6,111,31,36,7,34,4,36,60,8,72,22,54,37,22,1,28,9,61,37,11,22,5,20,15,74,41,44,6,14,57,21,61,16,14,22,14,23,13,36,46,101,28,72,20,47,36,3,16,4,6,25,40,10,89,41,30,60,7,97,78,30,43,12,21,9,30,24,11,87,92,32,81,35,10,45,8,17,43,73
"COG4973",84,33,75,136,194,136,4,157,124,27,54,100,140,40,124,148,166,18,251,77,115,31,142,123,195,157,125,126,121,50,175,121,149,93,187,111,143,139,11,268,115,87,140,122,30,177,87,18,108,102,103,42,123,160,109,83,98,79,180,96,107,47,170,135,92,74,98,188,90,259,182,185,161,430,186,107,94,19,100,86,112,37,127,191,106,120,65,49,204,112,51,216,123,184,147,120,175,179,137,214
"COG4974",691,414,824,672,881,631,247,334,750,340,2514,689,868,294,730,710,622,1265,622,769,726,440,855,720,1139,703,799,494,621,537,912,753,687,932,723,1597,928,942,1460,643,826,957,508,712,340,662,508,365,525,880,983,662,1089,1213,844,923,575,971,1240,2353,999,1122,829,739,1464,1010,488,1117,766,1166,727,1065,1405,1144,771,858,1936,843,1143,744,1013,446,798,1254,1181,1459,611,1041,1062,795,1005,995,1634,1229,1041,1148,1149,1560,1277,1155
"COG4975",0,0,3,0,0,0,0,6,0,32,0,0,0,1,0,1,0,0,0,0,0,56,0,3,3,1,0,0,0,0,0,0,0,0,0,1,0,0,0,0,0,0,0,0,71,0,0,37,0,0,0,1,0,0,0,0,2,2,0,0,1,0,1,0,1,0,0,0,3,0,0,0,1,1,0,0,1,4,0,0,0,18,0,0,0,0,0,0,0,0,0,0,1,0,0,0,0,0,0,1
"COG4977",422,73,442,561,253,781,39,123,266,44,280,229,113,133,270,271,82,772,195,323,462,67,261,266,114,207,81,64,360,193,65,289,429,165,438,41,796,570,552,313,691,215,369,273,19,419,228,66,262,169,383,386,214,667,228,205,2,222,288,602,140,311,392,325,339,186,161,184,792,525,247,205,256,142,168,200,54,37,398,131,302,43,320,313,163,420,130,417,301,181,305,222,181,416,322,394,367,417,266,255
"COG4978",48,60,68,48,50,86,115,70,52,68,7,52,17,68,62,35,49,16,47,33,46,80,48,77,11,45,37,33,55,53,36,60,37,38,81,29,49,26,36,58,76,45,57,72,18,47,43,54,35,106,33,115,31,33,34,35,160,79,56,25,47,78,50,36,24,24,38,59,243,67,21,58,47,34,41,52,26,71,56,27,76,45,42,17,51,114,60,50,26,17,56,42,60,35,33,41,45,33,46,53
"COG4981",0,25,0,3,0,0,532,129,0,1045,0,0,0,34,7,5,0,8,8,0,0,0,53,0,7,1,0,8,0,0,2,2,0,1,0,116,0,0,1,15,0,1,14,1,90,0,7,34,1,0,0,0,1,0,0,1,0,57,0,0,5,1,58,1,53,23,0,0,5,0,0,0,0,0,1,0,1,57,0,5,0,569,0,0,1,0,0,65,0,0,0,103,0,0,0,0,0,0,1,17
"COG4982",0,19,1,4,0,0,499,129,0,951,0,0,0,25,2,6,0,8,7,0,0,0,32,0,8,0,0,2,0,0,1,1,0,1,0,87,0,7,1,12,0,1,10,0,99,0,5,35,2,0,0,0,3,1,0,0,0,29,4,0,6,1,65,0,69,19,0,0,3,0,0,0,0,1,1,0,1,60,0,10,0,607,0,0,2,0,2,57,0,1,0,107,0,0,2,0,1,1,0,14
"COG4983",1,7,1,26,46,1,1,4,1,7,11,6,3,9,12,1,8,31,4,1,9,3,1,58,19,28,1,5,4,9,9,13,11,2,14,0,16,23,5,11,0,16,17,5,1,5,13,3,57,2,10,49,9,0,15,26,17,16,0,3,11,16,10,9,34,5,11,4,0,1,10,6,3,14,9,22,1,0,1,15,10,62,10,19,6,3,21,4,1,3,9,9,13,5,0,21,1,1,4,8
"COG4984",15,10,10,57,8,66,0,2,19,0,0,2,6,5,11,13,2,4,14,25,55,6,12,5,1,10,1,0,7,10,2,13,15,8,47,0,18,39,8,36,40,22,12,13,2,46,27,3,14,8,11,8,0,27,13,4,0,18,6,7,1,7,8,2,10,3,5,5,69,12,12,6,5,5,4,21,2,0,30,2,17,0,4,9,10,8,0,22,3,0,1,3,8,5,15,14,13,4,12,6
"COG4985",3,7,3,9,8,8,2,22,1,1,2,36,8,20,2,8,29,17,4,3,5,82,23,16,0,20,5,7,25,5,38,4,20,25,11,14,27,0,14,12,0,24,3,12,4,40,4,25,8,4,10,15,16,5,6,3,0,5,15,6,21,10,9,29,5,6,6,10,0,4,8,8,7,0,22,7,8,1,0,44,25,6,14,1,5,5,19,3,4,27,39,8,14,19,8,17,0,9,9,23
"COG4986",0,0,0,0,0,0,10,0,0,0,0,0,0,1,0,0,0,1,0,0,0,0,0,0,5,0,0,0,0,0,0,0,0,0,0,2,0,0,0,0,0,0,0,0,2,0,1,0,0,0,0,0,0,0,0,0,0,0,0,0,0,0,4,0,0,0,0,0,0,0,0,0,0,0,0,0,0,11,0,0,0,159,0,0,0,0,0,0,0,0,0,6,0,0,0,0,0,0,0,1
"COG4987",0,25,49,1,3,18,184,66,15,60,1,0,16,4,1,1,8,7,23,32,4,214,16,17,12,20,47,26,0,2,14,1,0,3,6,70,2,1,12,7,5,10,34,5,100,2,0,123,31,5,1,13,5,7,3,20,104,18,3,3,2,1,5,33,5,0,48,3,17,70,37,0,2,18,2,1,3,21,9,0,36,8,0,11,12,4,1,3,21,21,0,0,4,0,5,3,41,9,31,9
"COG4988",37,239,45,38,68,17,527,145,33,644,16,69,29,51,51,57,46,63,87,50,16,42,91,62,19,96,89,61,69,168,62,36,49,66,22,155,38,19,91,48,39,48,71,52,201,29,84,252,155,45,66,86,86,16,38,57,152,132,33,12,52,86,56,79,58,47,138,33,33,81,80,43,26,75,80,70,37,184,25,79,70,348,42,44,63,37,159,67,38,103,41,131,39,33,66,66,46,32,71,92
"COG4989",5,18,8,10,20,23,36,48,13,112,5,21,25,28,15,8,9,21,40,14,10,99,19,24,12,16,10,11,12,20,4,11,5,31,12,60,19,7,30,13,12,4,13,22,73,18,29,173,7,12,5,43,3,6,20,12,86,50,15,9,7,4,23,37,13,12,48,6,24,15,21,13,14,27,4,41,55,201,4,16,8,44,8,8,23,30,31,26,4,22,8,17,52,5,10,19,1,9,27,30
"COG4990",11,29,5,9,19,12,19,48,4,53,1,42,13,87,4,18,24,12,8,6,4,278,13,27,2,64,15,15,73,60,18,21,20,86,33,9,31,3,36,47,8,26,19,20,44,12,46,14,39,17,24,30,31,17,18,40,19,16,14,20,31,39,29,15,30,35,41,6,9,7,15,7,18,7,65,46,17,222,4,50,38,18,21,9,8,11,30,23,5,81,59,36,19,21,7,20,9,6,8,84
"COG4992",355,390,238,273,352,190,377,357,332,373,184,331,369,259,341,327,288,290,415,409,346,314,353,378,246,373,283,346,255,440,349,330,331,218,248,342,293,396,249,185,354,322,345,370,361,253,417,225,416,290,412,256,328,291,450,291,359,356,331,263,378,378,299,427,305,380,425,245,211,362,413,223,358,299,395,437,268,374,373,286,329,439,306,383,390,294,431,353,320,377,326,304,333,329,361,326,428,323,401,361
"COG4993",7,4,1,0,0,71,2,139,8,11,10,0,11,3,5,0,13,2,99,13,1,7,11,17,22,1,0,1,0,3,2,2,0,4,11,53,2,3,0,12,9,0,17,8,1,5,0,42,0,1,0,14,1,14,4,3,165,19,4,0,2,0,3,73,2,0,95,4,19,19,39,0,3,25,1,3,8,20,8,0,0,0,0,12,6,0,0,0,0,21,0,0,3,0,6,1,1,14,1,7
"COG4995",247,3,105,41,118,28,0,5,33,5,111,70,7,10,8,10,56,4,11,43,194,0,22,7,2,38,3,87,236,18,3,13,23,492,34,0,16,46,5,0,47,14,11,11,0,59,12,0,47,130,41,7,145,207,146,3,1,27,12,25,11,84,15,3,67,57,5,9,51,56,14,37,13,46,86,111,41,0,50,58,55,0,227,74,96,28,2,51,25,21,5,11,19,46,19,24,22,95,24,4
"COG4997",3,0,0,18,0,0,0,0,0,0,3,2,1,1,1,1,1,1,0,1,0,0,21,14,0,2,0,0,2,2,1,1,5,19,0,0,7,0,0,2,2,0,2,5,0,2,0,0,29,4,1,15,7,4,0,15,0,2,0,0,2,9,0,2,5,4,5,0,0,1,1,0,1,0,14,0,4,74,0,5,3,0,8,1,0,1,1,0,0,1,5,25,4,1,1,6,0,5,0,4
"COG4999",1287,750,1021,1914,885,1520,154,807,1028,256,530,1349,671,990,695,816,829,686,588,1030,1344,391,990,1198,791,773,460,430,1271,949,808,1324,1668,1418,1265,270,2020,1077,1073,1293,1312,1138,848,1435,377,1510,1336,534,1061,1180,1600,1034,1400,1349,1423,748,240,810,1313,2,1062,1673,1162,1033,1069,569,919,593,822,1099,1066,2052,1172,34,1100,1429,720,521,884,1248,1298,333,1508,837,1037,1141,937,1211,576,1061,1537,852,1289,1387,801,1734,1168,1488,1276,810
"COG5000",488,123,329,405,299,502,12,104,426,80,322,257,270,69,395,272,305,131,308,379,388,130,278,242,266,280,386,141,296,193,221,397,315,123,542,187,330,622,194,320,514,369,140,343,168,321,323,14,290,276,336,234,168,462,439,140,20,300,316,404,201,93,355,131,334,233,141,308,427,289,333,208,336,346,250,360,260,32,480,161,220,57,200,427,385,459,95,255,367,197,141,246,186,397,341,388,473,467,308,333
"COG5001",167,1287,327,325,533,251,212,144,150,211,60,695,217,403,275,263,498,315,282,62,163,407,226,397,81,696,138,335,543,522,239,246,484,428,349,218,353,97,638,421,249,394,229,431,289,658,421,536,678,334,473,242,728,181,278,276,494,427,281,278,566,964,216,610,176,421,502,275,941,151,390,326,444,358,801,460,430,1367,316,456,799,287,434,159,414,284,792,299,116,816,836,393,819,303,294,446,239,143,450,478
"COG5002",2368,926,1843,2937,1866,3205,112,501,3064,359,1790,1188,2161,899,2217,2228,1276,1633,1997,2762,4107,423,1438,1712,1038,1422,1747,1238,2704,1134,1528,2203,2600,859,3116,763,2997,2934,1072,1489,3942,2605,1550,1812,647,2343,2242,316,2444,2126,2139,937,1248,3885,2691,1177,75,2673,1968,2681,1041,1394,2075,2014,2198,1630,890,1580,3078,2957,2058,1751,1950,2076,1681,2448,1466,248,3283,981,1334,444,2036,2551,1694,1861,754,1501,1504,1330,1138,1604,1346,2247,2526,3101,3989,1719,3225,1445
"COG5004",0,0,0,0,0,7,0,38,3,0,0,0,0,0,0,0,0,0,9,1,4,0,3,1,1,0,0,0,0,0,0,1,0,0,0,19,0,1,0,0,2,0,0,0,0,0,0,1,0,0,0,5,0,0,1,0,0,0,0,0,0,0,0,4,0,0,1,0,0,1,7,0,0,1,0,0,0,0,3,0,0,0,0,1,0,0,0,1,0,3,0,0,0,0,0,0,0,0,0,2
"COG5005",2,0,0,3,0,0,0,0,0,0,0,0,0,7,0,0,1,0,1,0,0,0,0,7,0,0,0,0,8,0,0,0,0,0,0,0,0,0,2,0,0,0,0,5,0,0,0,0,0,0,6,0,0,0,0,0,1,0,6,2,0,0,0,0,1,0,0,0,19,0,0,0,0,0,0,0,0,0,0,1,0,0,1,2,0,0,1,3,0,0,0,0,0,4,1,1,0,0,0,0
"COG5006",3,0,2,1,0,9,2,50,5,68,0,0,8,8,1,5,1,3,28,6,2,3,8,9,4,0,0,0,0,1,1,2,0,0,1,31,0,2,0,7,5,6,15,2,6,1,1,11,0,1,0,8,1,6,5,6,69,17,3,0,3,0,12,20,10,2,43,2,7,13,23,1,0,9,1,0,0,15,9,0,0,46,0,6,5,2,2,8,0,15,0,9,2,1,3,3,2,2,1,4
"COG5007",2,1,0,0,1,3,0,22,6,7,2,0,1,0,1,0,7,1,11,1,1,2,1,7,2,5,0,0,0,0,0,2,0,0,2,15,0,3,2,1,3,2,0,1,0,2,0,5,0,0,0,2,1,6,0,0,34,3,2,1,0,0,0,7,1,1,25,0,6,2,4,0,0,5,0,0,3,5,1,0,0,0,0,3,3,0,1,0,0,5,0,0,2,0,0,0,0,0,0,5
"COG5009",308,319,536,276,271,224,69,303,302,137,932,339,750,105,295,292,570,618,443,383,285,169,350,241,900,288,521,721,297,198,500,377,310,542,299,566,274,325,509,245,317,318,209,347,321,286,256,198,258,381,322,188,428,256,328,252,367,305,485,498,352,237,404,332,390,251,224,601,212,390,257,248,292,291,441,301,664,132,316,266,277,111,479,336,400,346,359,252,572,258,248,245,304,403,238,268,345,289,291,293
"COG5011",39,111,51,56,62,22,92,28,26,34,13,71,27,100,31,35,49,52,30,48,35,45,39,85,18,69,45,58,52,107,39,50,59,78,17,29,52,21,52,59,32,41,113,52,83,38,60,53,52,60,57,70,65,22,54,72,34,43,32,43,89,98,38,63,47,73,54,32,34,44,51,32,56,39,46,53,52,83,16,84,91,86,39,49,38,21,68,65,23,69,90,52,90,26,56,54,35,36,63,49
"COG5012",77,42,32,103,33,138,17,57,141,39,6,26,45,112,61,71,18,12,39,101,146,11,38,60,7,45,23,22,40,70,25,81,80,34,129,3,54,102,16,143,88,122,50,69,10,105,95,117,84,69,49,109,56,136,85,56,2,128,55,32,60,29,114,59,58,57,43,23,137,36,76,48,34,100,33,66,9,227,108,82,56,25,58,36,85,123,43,75,26,25,48,38,30,49,78,98,109,48,95,46
"COG5013",18,7,45,8,3,65,7,242,34,67,10,2,34,13,20,6,36,7,130,17,24,94,29,47,45,17,0,2,1,29,3,4,0,11,25,141,24,27,8,47,29,26,38,20,12,8,0,99,2,1,9,58,11,19,34,18,332,39,23,3,21,10,16,129,13,34,224,12,37,33,69,11,1,56,31,8,8,45,18,3,2,20,1,21,55,2,5,13,3,67,8,7,10,2,6,18,12,15,5,28
"COG5015",35,154,21,29,24,4,26,32,10,4,12,66,18,50,16,27,27,12,24,10,10,77,25,10,2,57,26,32,47,36,22,32,36,38,11,14,30,11,41,92,17,42,33,26,10,52,56,50,48,29,64,31,43,24,32,28,29,37,20,15,42,64,35,11,29,63,51,9,19,12,45,39,40,33,31,51,19,136,5,57,49,78,34,22,20,38,52,31,20,37,45,22,23,14,17,30,27,17,45,23
"COG5016",552,383,401,438,460,415,317,140,536,120,470,439,394,407,564,541,379,401,326,479,536,163,345,405,431,403,418,351,393,472,440,438,453,361,524,243,414,581,290,390,527,496,471,378,298,509,461,113,470,462,493,315,393,504,586,399,71,472,391,475,378,366,371,366,480,473,193,404,362,372,467,301,492,358,329,512,302,268,605,350,376,237,451,527,510,332,268,405,409,352,405,387,364,461,461,429,641,458,480,445
"COG5017",0,9,8,29,23,8,3,10,11,15,1,12,4,4,12,25,7,9,11,28,54,7,17,30,0,24,4,14,22,14,34,6,6,27,6,3,3,22,16,15,0,2,14,12,7,74,12,37,32,13,14,25,23,2,23,29,1,38,23,12,7,59,10,29,3,10,14,16,15,29,8,171,20,5,23,23,36,14,0,14,40,22,7,2,1,18,19,17,5,9,35,10,19,24,25,35,24,7,26,2
"COG5018",62,68,31,35,61,15,57,12,17,14,8,106,34,36,67,55,79,37,24,28,37,139,63,55,8,76,20,54,72,138,45,48,56,87,50,11,53,11,60,62,24,53,31,51,66,81,87,71,101,40,59,26,68,24,72,77,36,82,33,42,61,117,39,67,25,55,79,17,34,17,63,22,62,28,94,88,31,178,16,61,90,68,44,52,29,22,120,40,21,82,107,32,72,37,49,81,22,35,51,69
"COG5026",19,35,36,49,11,63,226,21,56,9,2,8,4,9,7,24,6,6,8,84,39,3,63,13,1,0,79,41,3,22,23,17,10,5,100,41,14,46,5,88,67,31,14,29,73,49,38,1,72,10,7,31,2,57,18,59,0,22,12,23,6,13,31,5,37,3,5,7,77,62,14,21,11,47,7,16,3,0,32,5,42,114,24,21,58,31,0,18,20,4,8,15,8,11,13,19,70,30,62,28
"COG5029",5,0,3,0,0,0,0,0,22,0,1,0,0,0,0,1,0,0,1,4,7,0,0,0,0,0,0,0,0,0,0,0,2,0,0,4,2,0,0,0,15,5,0,0,4,6,4,0,0,0,0,0,0,0,0,0,0,4,2,0,0,0,1,0,22,0,1,0,0,2,3,1,0,4,0,0,0,0,0,1,1,0,0,5,0,1,0,2,2,0,0,0,4,0,0,0,0,0,1,0
"COG5039",68,2,1,18,9,39,0,1,4,0,48,7,2,2,9,2,14,7,7,5,4,15,23,3,12,6,3,1,8,2,20,6,25,6,112,9,3,16,4,0,17,3,6,7,0,74,5,19,5,17,13,14,3,23,8,0,0,31,89,18,10,2,34,4,12,6,6,4,31,82,58,21,10,5,80,6,3,47,44,7,19,28,4,8,17,21,54,20,53,1,38,35,4,6,1,11,136,10,34,22
"COG5048",1,0,0,0,0,0,0,0,0,0,0,17,0,3,3,6,2,5,0,0,0,0,1,3,0,4,0,5,0,6,1,1,13,0,0,0,1,0,0,0,0,5,1,3,0,6,0,2,0,71,3,1,4,0,1,0,0,0,0,1,3,4,1,11,0,0,1,28,0,0,5,1,3,0,4,1,0,0,0,1,8,0,6,0,0,23,0,0,0,1,4,0,0,0,0,1,2,36,1,31
"COG5108",0,16,4,0,0,0,0,0,12,0,0,3,1,0,0,0,17,0,0,0,0,0,0,4,0,0,0,2,0,0,0,3,0,0,0,37,0,1,0,0,4,0,157,0,0,0,0,0,0,0,1,1,0,0,0,0,0,0,0,2,0,0,0,0,0,0,111,0,0,4,0,2,0,0,0,0,5,19,0,0,18,0,5,13,27,7,67,0,23,0,0,0,0,9,0,1,0,19,2,1
"COG5146",98,22,81,72,89,11,2,23,76,3,129,26,88,10,110,104,79,88,30,55,75,5,29,46,172,48,171,98,73,37,74,93,68,106,19,79,47,74,57,44,42,69,31,34,27,59,31,0,35,71,54,20,61,95,71,23,0,49,84,82,34,68,27,42,64,111,14,126,6,23,25,34,70,17,18,43,103,0,43,10,39,7,79,85,50,59,19,34,92,32,40,81,36,59,90,48,106,118,56,61
"COG5184",9,57,2,67,63,1,1,26,0,0,2,521,0,41,13,29,11,34,2,34,21,8,19,42,1,98,7,59,69,119,69,2,111,177,0,3,72,8,96,19,3,27,24,11,0,7,1,32,0,4,35,111,92,0,6,16,0,418,87,8,61,295,1,83,34,4,28,9,0,13,70,1251,18,16,240,26,26,0,0,200,64,71,67,9,0,4,4,42,0,25,104,40,108,13,10,27,26,17,56,57
"COG5206",8,0,11,1,0,1,0,8,9,1,1,5,34,1,139,375,0,3,62,2,3,0,29,4,0,27,10,0,6,2,21,22,1,0,0,3,94,44,1,0,2,75,12,44,0,88,0,0,0,47,17,2,2,20,5,4,0,1,24,33,4,5,67,9,21,203,0,0,1,10,0,43,111,0,12,4,0,0,0,2,18,0,41,25,5,10,0,1,7,12,9,55,4,70,0,16,10,0,3,11
"COG5263",108,376,211,53,56,173,327,217,144,92,11,98,69,122,402,70,102,101,84,42,98,176,164,112,77,86,23,84,247,123,41,91,106,68,251,44,121,117,334,218,187,124,154,64,176,92,86,1712,76,190,94,52,98,38,60,117,502,307,100,87,63,113,66,70,70,112,151,63,374,80,81,101,140,141,59,81,36,314,276,127,63,426,85,75,159,166,312,73,22,74,112,164,136,50,100,101,52,103,105,108
"COG5265",16,2,1,9,0,0,0,0,1,19,4,2,0,1,0,2,0,0,0,0,0,0,1,0,0,0,0,0,0,2,0,0,0,0,0,0,0,0,1,0,0,0,0,0,0,1,0,1,0,0,0,0,0,15,0,0,0,0,0,0,0,0,2,0,1,0,0,0,0,0,0,0,0,1,2,1,0,0,0,0,0,1,0,1,7,0,1,0,0,1,0,0,0,0,0,0,1,0,0,39
"COG5266",4,0,5,2,0,2,0,86,3,0,1,0,0,5,6,9,6,4,3,5,4,7,1,19,3,26,1,0,0,6,1,5,1,4,4,0,5,11,5,13,1,12,5,6,2,8,0,3,1,6,4,1,6,18,2,10,183,2,8,4,9,1,10,4,3,10,2,4,14,6,0,4,1,5,6,1,0,2,9,2,4,0,1,7,10,8,6,4,0,0,3,3,0,4,7,4,6,3,8,4
"COG5268",0,0,3,0,0,0,13,1,0,0,1,0,8,0,0,0,0,0,1,0,0,0,0,1,0,0,17,0,2,0,0,2,0,0,0,0,0,0,0,3,0,0,4,1,0,0,0,0,0,0,0,0,0,0,0,0,0,0,0,0,0,0,0,0,0,0,1,0,0,13,0,0,0,0,0,0,17,0,0,0,0,0,0,0,0,1,0,0,1,0,0,0,0,0,0,0,0,1,0,0
"COG5271",0,0,0,0,1,1,0,2,0,0,0,0,0,0,0,0,0,0,0,0,0,0,1,1,0,0,0,0,0,1,0,0,0,2,0,0,0,0,0,0,0,1,0,2,0,0,0,0,8,1,3,1,0,2,3,0,0,0,5,1,3,0,3,0,0,0,0,0,0,3,0,1,2,0,0,0,0,0,6,0,0,0,0,1,0,32,1,1,2,0,1,7,1,1,0,0,0,3,0,0
"COG5272",1,0,0,0,0,0,1,0,0,0,0,0,0,1,0,0,1,0,0,0,0,1,0,0,0,0,0,0,0,0,0,0,0,1,1,0,1,0,0,0,0,1,1,0,0,0,0,0,0,0,0,0,0,0,2,0,0,2,0,0,0,1,0,0,0,0,3,0,5,5,1,1,0,0,0,5,0,2,0,0,0,0,0,0,8,0,0,0,0,0,0,1,0,0,0,0,0,0,0,7
"COG5276",0,1,0,5,0,7,0,3,1,8,0,1,1,2,1,2,1,2,28,2,3,0,0,0,0,0,1,2,2,1,0,6,1,0,2,1,5,0,3,4,3,0,3,4,0,2,0,4,1,1,1,5,1,0,4,1,0,19,3,1,0,1,8,14,3,0,8,2,0,3,3,4,1,6,0,25,1,0,0,1,1,1,1,0,1,2,10,6,3,2,0,0,9,1,2,2,1,0,1,1
"COG5279",33,268,70,112,122,47,43,51,34,59,8,277,50,309,54,61,135,74,51,28,48,211,109,103,14,181,24,88,101,97,104,89,121,279,130,32,113,46,172,104,74,94,120,68,80,135,266,117,192,128,216,283,240,61,63,208,43,74,71,95,106,240,67,136,70,110,160,48,23,73,102,239,155,80,255,131,66,543,30,241,283,111,162,32,68,118,306,118,30,295,292,159,510,77,156,126,38,52,176,131
"COG5280",37,77,28,7,19,2,195,456,15,22,9,49,6,26,24,11,30,17,6,4,16,22,37,20,7,18,9,16,39,254,8,19,43,18,6,0,39,2,19,7,17,28,6,13,3,0,1,31,8,27,22,84,23,4,11,8,37,21,62,12,5,11,1,18,4,15,7,14,0,33,67,31,84,4,18,23,3,154,11,33,15,3,12,11,6,21,33,10,15,279,40,48,160,12,5,20,15,12,49,21
"COG5281",13,5,33,22,7,37,10,536,41,44,13,37,33,35,28,4,27,10,2,46,40,21,58,133,35,66,0,5,10,23,27,28,14,16,4,126,29,13,3,49,22,17,21,34,2,12,2,17,2,13,6,208,5,63,14,14,427,5,24,15,6,18,6,80,7,35,102,9,51,112,16,3,32,1,6,10,5,16,19,6,10,2,254,29,38,3,5,13,3,74,16,44,56,5,17,29,2,12,8,240
"COG5282",0,5,0,1,1,0,101,29,0,241,0,0,0,10,2,4,0,2,2,0,0,0,12,0,9,0,0,3,0,0,0,0,0,0,0,54,0,3,1,1,0,0,2,0,16,0,1,10,0,1,0,0,0,0,0,0,0,12,0,0,2,1,29,0,13,7,0,0,1,0,0,0,0,1,0,0,0,7,0,4,0,159,0,0,0,0,0,14,0,0,0,26,1,0,0,0,0,0,0,2
"COG5283",33,61,295,128,59,109,198,478,71,153,29,186,48,139,35,73,52,62,131,59,87,311,132,29,299,42,474,56,109,444,30,251,114,161,100,214,72,143,41,53,113,50,70,41,174,21,192,147,52,54,218,464,183,43,48,74,119,127,115,89,72,130,112,100,132,131,250,87,335,87,554,135,167,51,49,43,365,34,158,208,78,288,56,109,169,74,68,275,20,74,294,32,106,121,30,71,54,95,137,79
"COG5285",0,0,0,0,0,0,0,0,1,0,0,0,2,0,0,0,0,0,0,0,0,0,0,0,2,0,0,0,0,0,0,0,0,0,0,0,0,0,0,0,0,0,6,1,0,0,0,0,0,0,0,0,0,0,0,0,0,0,0,0,0,0,0,13,0,0,0,0,0,0,0,0,0,1,0,0,1,0,0,0,0,0,0,0,0,0,0,0,0,0,0,0,0,0,0,0,0,1,1,0
"COG5293",0,0,4,2,4,0,0,5,14,11,0,7,0,0,1,7,0,0,5,0,0,0,0,11,0,5,1,2,5,0,0,18,1,8,1,0,0,0,4,7,0,40,0,5,0,1,25,49,0,0,3,34,3,68,2,3,2,1,2,1,0,0,1,0,1,1,4,1,1,13,2,0,3,8,2,8,0,0,1,9,29,0,7,1,2,6,2,3,1,0,1,2,13,0,0,1,3,0,0,9
"COG5294",0,0,0,0,0,0,0,3,0,17,0,0,0,0,0,0,0,1,0,0,0,0,0,0,0,0,1,0,0,0,0,0,0,2,0,0,5,0,0,0,0,0,0,0,0,0,0,0,0,0,0,0,0,0,0,0,0,0,0,0,0,0,0,0,0,1,0,0,0,1,0,0,0,0,0,0,0,1,0,0,0,0,0,0,0,0,0,0,0,1,0,0,0,0,0,0,0,0,0,0
"COG5295",14,41,165,19,11,13,66,4,143,110,7,8,50,5,50,19,42,15,34,91,62,343,136,134,60,86,5,15,24,59,33,29,9,12,141,17,19,27,32,64,47,34,122,63,61,50,0,163,131,39,5,87,20,32,27,332,20,47,17,28,10,168,39,1,164,71,139,32,79,26,25,40,16,22,8,35,3,56,38,4,42,497,8,39,58,20,22,18,8,34,12,9,14,22,26,24,22,40,23,47
"COG5298",0,10,0,4,5,0,0,1,0,0,0,1,1,0,1,6,0,1,0,0,0,0,4,29,4,0,0,2,0,3,0,0,0,2,0,0,0,0,1,0,8,5,0,15,2,3,0,36,4,12,0,3,2,0,5,4,0,0,0,1,0,2,0,0,6,0,3,0,20,0,0,2,0,4,0,9,0,0,3,1,0,14,1,7,1,4,0,3,0,0,0,0,0,5,9,0,0,0,2,14
"COG5301",2,0,16,10,3,25,19,267,12,93,3,1,13,3,12,0,12,4,34,14,6,56,49,25,32,0,0,9,0,9,7,3,0,1,3,96,16,19,2,13,38,21,0,7,0,0,0,14,5,10,8,55,0,3,1,5,181,1,4,4,14,0,6,7,6,3,43,0,29,21,26,0,2,10,0,4,0,18,19,1,3,0,2,14,8,1,1,11,3,18,46,1,2,5,0,2,22,4,9,9
"COG5302",0,0,1,0,0,0,1,33,5,12,1,0,1,0,1,1,0,1,6,1,1,2,0,9,1,0,1,0,0,0,0,3,0,0,1,0,0,0,1,0,3,1,0,0,1,1,0,2,0,0,0,10,0,7,0,0,58,1,0,1,0,0,4,0,0,1,3,0,14,1,0,0,0,0,0,0,2,1,0,0,0,0,0,5,0,0,1,0,0,0,0,0,0,0,0,0,1,0,0,0
"COG5305",14,3,0,17,7,0,10,6,0,3,8,62,4,20,4,24,40,8,5,0,0,3,22,11,0,8,8,8,8,0,41,14,35,16,0,0,2,21,11,24,0,16,8,3,10,42,76,0,9,6,9,56,18,7,11,106,0,0,8,28,22,39,21,31,4,9,11,6,0,3,2,86,3,11,65,27,7,42,0,97,11,11,5,41,0,5,10,42,0,32,57,14,5,14,5,29,3,6,6,0
"COG5309",0,0,0,0,6,0,0,0,0,0,0,6,0,4,0,2,10,2,0,0,1,0,2,0,0,3,0,1,0,0,0,8,5,1,0,0,0,0,2,2,0,2,1,1,0,0,12,0,1,2,0,1,0,0,9,3,0,0,0,0,1,1,0,11,1,0,0,0,0,0,2,1,0,1,3,6,1,0,0,3,2,0,1,0,0,0,0,2,0,0,4,2,2,0,2,0,0,0,0,1
"COG5314",0,0,0,0,0,1,0,0,0,0,0,0,0,0,0,0,1,0,0,0,1,0,0,4,0,0,0,0,2,0,0,0,0,0,0,0,0,0,0,1,0,0,12,0,0,0,0,1,0,0,0,13,0,2,0,0,0,0,0,0,0,0,0,0,0,0,4,0,0,0,0,0,0,1,0,0,1,0,0,0,0,0,0,0,0,0,0,0,0,0,0,0,0,0,0,1,0,0,0,3
"COG5319",2,0,1,0,6,0,0,0,2,0,0,0,0,0,0,3,0,0,5,3,1,28,1,4,0,6,1,0,0,2,1,1,0,1,3,0,2,5,0,0,3,0,1,1,0,0,0,0,1,0,1,0,0,0,0,2,0,0,2,0,2,1,2,0,2,3,0,0,1,1,0,0,0,0,1,0,2,0,0,0,0,0,0,1,6,0,1,0,0,1,2,1,0,1,0,4,4,0,6,2
"COG5322",5,1,1,5,2,0,1,4,0,0,5,0,10,0,1,4,4,1,14,2,2,0,4,10,4,0,0,1,10,7,1,5,5,5,0,6,3,0,2,0,1,3,0,9,2,4,0,1,0,9,0,5,3,7,3,3,0,1,1,4,1,8,1,0,6,0,1,7,19,1,0,1,3,2,3,5,0,0,2,2,8,0,5,3,6,11,0,3,1,1,3,0,1,3,1,2,2,2,3,5
"COG5324",0,0,2,3,2,0,0,7,2,90,0,0,1,0,0,0,0,5,6,0,0,10,4,0,4,1,1,1,15,0,0,0,0,9,1,8,1,1,10,6,1,0,0,0,7,0,0,15,0,0,5,0,9,0,0,65,0,0,0,0,0,0,11,3,2,1,0,0,0,1,0,0,0,0,6,0,0,0,0,1,45,0,0,0,0,0,0,1,0,2,0,2,0,0,0,1,0,0,0,1
"COG5337",43,11,8,5,39,3,183,22,2,244,5,37,13,31,13,33,12,16,10,5,5,0,23,4,4,47,30,26,20,225,25,8,14,47,6,62,26,3,34,50,0,2,29,28,27,9,32,61,19,6,27,12,31,2,49,6,0,66,29,9,21,9,43,29,4,29,15,6,0,10,48,10,28,8,39,40,3,231,1,26,18,195,14,3,9,8,104,51,0,40,45,23,16,13,3,36,9,5,12,23
"COG5339",4,2,1,1,0,12,4,153,24,35,14,0,14,3,1,2,20,2,29,7,7,7,28,29,9,10,0,0,1,5,0,5,1,0,7,66,0,11,2,13,23,5,4,16,2,3,0,12,1,2,1,21,3,26,3,1,220,24,7,0,5,2,8,44,5,1,104,4,11,29,40,1,1,33,4,3,0,23,4,0,0,0,0,10,9,2,1,10,1,28,0,0,5,2,4,0,5,5,0,20
"COG5340",0,16,0,6,0,0,0,7,0,0,5,0,0,0,0,0,13,0,0,0,5,0,11,16,0,19,0,1,0,0,3,4,12,0,0,2,3,0,0,4,1,7,1,58,27,1,7,0,1,4,1,1,5,0,0,0,0,1,0,1,0,0,1,1,0,0,4,0,0,0,6,0,25,4,0,0,4,0,0,30,2,0,3,0,1,1,0,0,3,1,37,3,1,4,1,12,9,2,1,2
"COG5341",7,10,4,10,6,10,13,2,12,9,2,16,0,38,24,3,9,7,4,1,10,1,25,35,0,19,3,5,8,12,7,5,8,17,3,2,4,7,12,13,9,4,38,8,21,6,4,2,10,14,25,15,12,3,5,22,0,12,3,9,18,10,7,9,6,6,6,3,12,4,7,5,11,3,16,9,16,4,11,20,16,42,15,2,16,9,9,4,2,12,26,20,2,6,11,13,3,8,8,8
"COG5345",1,0,2,0,1,1,0,0,0,0,0,3,21,1,0,1,0,1,2,2,0,0,1,6,0,1,0,0,0,0,2,1,0,2,0,0,14,0,1,6,0,4,1,3,0,1,0,0,0,0,2,0,0,1,2,2,0,1,0,0,1,2,4,1,1,3,0,0,0,1,0,1,0,2,0,2,51,0,1,1,0,0,2,0,4,1,0,0,0,0,0,0,0,7,0,0,0,0,2,0
"COG5353",0,0,3,0,0,0,1,1,0,2,0,1,0,0,0,0,0,0,0,0,0,41,0,1,1,1,0,0,0,0,0,1,0,0,0,1,2,1,5,0,0,0,0,0,16,0,0,58,0,0,0,0,1,0,0,0,0,2,0,0,0,0,0,0,0,0,0,0,0,0,0,0,0,2,0,0,0,1,0,0,0,10,0,0,0,3,0,0,0,0,0,0,0,0,0,0,0,0,0,1
"COG5360",0,0,0,1,58,9,0,10,1,1,0,5,2,0,1,1,1,6,0,12,2,0,15,9,0,3,0,0,3,0,0,13,3,7,1,0,5,12,0,2,6,0,4,25,0,0,4,0,2,8,3,12,13,8,9,4,0,0,20,3,5,1,9,11,11,43,5,8,2,1,18,4,4,7,2,5,0,0,17,1,1,0,0,1,19,8,8,0,3,0,8,5,23,92,4,4,0,0,0,8
"COG5361",15,0,10,11,29,0,2,0,0,3,6,19,5,18,0,1,8,14,3,2,0,0,11,15,0,2,9,24,6,109,11,2,4,8,0,3,11,1,10,0,0,8,9,25,5,0,0,3,26,3,11,3,9,1,31,3,0,0,7,4,14,4,20,5,4,4,3,6,0,3,22,4,14,4,8,20,5,0,0,15,28,0,16,4,0,3,12,17,1,24,6,14,7,8,5,6,3,11,2,4
"COG5362",915,1,8,1,2,0,2,5,0,0,4,16,8,25,1,2,1,4,5,0,1,4,8,1,1,5,16,2,1,96,2,22,0,5,21,0,2,46,3,1,0,68,0,12,1,0,0,8,0,0,16,46,3,6,2,6,0,0,1,0,1,6,1,0,0,5,1,0,0,8,0,1,0,0,1,0,8,0,17,9,1,0,12,61,3,3,0,13,0,3,14,0,1,3,9,8,0,4,2,3
"COG5368",268,25,79,110,139,180,4,39,216,9,9,34,31,55,129,123,44,9,54,157,270,13,18,93,69,41,33,10,174,70,170,261,169,42,80,4,137,149,41,157,86,191,53,75,32,175,71,2,125,72,126,43,42,319,232,123,1,209,158,103,61,218,71,173,178,211,41,48,91,164,134,195,157,243,71,126,11,1,180,72,83,2,258,202,181,109,5,119,83,80,87,180,47,102,176,164,192,178,273,220
"COG5373",9,3,21,46,8,77,0,6,62,4,1,12,2,2,16,8,4,0,8,35,46,4,3,6,2,5,1,1,9,10,3,10,13,0,32,0,24,75,2,14,40,24,8,13,10,30,19,1,33,19,3,5,1,40,26,8,0,27,5,7,3,3,35,1,35,3,6,11,55,8,12,6,12,12,5,17,1,0,40,2,16,0,14,14,16,28,0,16,5,3,8,2,7,7,13,9,20,6,26,12
"COG5377",27,37,19,26,19,26,36,21,43,1,48,73,79,66,31,22,17,24,16,24,13,5,56,39,153,43,17,17,69,149,99,42,35,58,27,5,35,23,56,40,21,14,33,37,2,85,35,70,39,30,41,80,63,12,36,53,78,32,25,17,79,92,79,28,36,47,62,29,50,22,33,35,31,23,39,37,27,2,23,103,59,34,31,21,31,28,61,63,14,59,51,41,45,47,76,58,3,7,25,44
"COG5383",8,0,0,1,1,14,1,62,13,10,4,1,4,0,1,0,4,0,6,13,0,5,10,10,4,3,0,0,0,2,1,1,0,0,3,30,0,0,0,10,3,2,1,3,1,0,0,8,0,0,0,9,0,8,5,1,75,12,0,1,0,0,1,29,2,0,49,2,3,6,22,0,1,15,0,2,2,5,6,0,0,0,0,6,5,0,2,2,0,18,0,0,0,1,1,1,1,5,0,7
"COG5393",0,0,0,0,1,8,0,13,1,4,1,0,3,2,1,0,0,0,6,2,0,1,3,7,1,1,0,0,0,0,0,0,0,0,1,4,0,1,0,4,0,1,3,0,0,1,0,3,0,0,0,3,0,0,1,0,5,1,0,0,1,0,0,9,0,0,12,0,3,1,2,0,2,0,0,2,1,2,3,0,0,0,0,3,1,1,0,0,0,4,0,0,0,1,0,0,1,1,0,1
"COG5398",0,0,0,0,0,0,0,1,1,1,0,0,0,0,0,0,0,0,0,0,0,0,1,0,0,2,1,0,0,0,0,0,0,0,1,0,0,0,0,0,0,0,0,0,0,0,0,0,0,0,0,0,0,0,0,0,0,2,0,0,0,0,0,0,0,0,2,1,0,0,0,2,0,0,1,0,1,0,0,0,0,0,0,0,0,0,1,0,0,0,0,0,0,0,0,0,0,0,0,4
"COG5401",0,0,0,12,0,0,0,0,0,0,0,9,0,33,0,1,1,0,0,0,1,0,0,0,0,0,0,0,0,0,4,1,0,15,0,0,6,0,5,0,0,0,0,5,2,0,1,0,0,0,1,32,14,0,2,9,0,0,0,5,13,13,0,16,3,0,1,0,0,1,0,54,0,0,5,0,4,0,0,11,0,0,0,0,0,0,0,0,0,0,8,0,0,0,0,0,0,0,0,0
"COG5404",4,0,1,0,1,11,0,33,2,10,2,0,3,1,0,2,4,0,17,6,1,0,5,10,2,1,1,0,0,1,1,0,1,0,6,30,0,3,0,3,4,0,8,3,0,1,0,5,0,0,0,9,0,6,0,0,55,6,1,0,3,0,0,14,0,0,27,1,4,10,6,0,0,13,0,1,1,9,9,0,0,0,0,6,3,0,0,0,0,6,0,0,1,0,2,0,1,0,0,5
"COG5405",1,29,14,3,5,18,187,22,1,21,1,2,22,21,4,1,10,14,39,56,18,71,29,12,6,2,78,25,2,5,17,5,0,5,8,45,7,1,2,4,7,16,18,13,54,2,0,25,39,23,2,14,3,4,2,11,28,4,5,1,15,1,6,10,3,4,20,6,10,30,5,3,0,4,1,2,29,5,9,5,13,23,0,4,26,7,0,0,13,4,3,6,5,5,2,0,16,12,19,4
"COG5410",932,98,37,120,13,76,0,157,1,1,16,77,15,49,25,20,12,9,13,33,41,9,66,214,2,146,33,11,43,104,13,81,18,11,54,15,183,78,9,36,38,128,18,86,0,25,186,26,17,81,144,297,17,97,78,1176,23,46,35,34,64,29,92,11,123,125,91,24,10,70,14,19,82,6,38,43,13,0,87,57,88,45,11,117,18,112,7,70,85,11,94,14,49,21,82,72,61,54,46,154
"COG5412",17,93,22,23,28,5,45,20,23,18,8,85,49,119,39,12,22,62,17,4,16,499,24,69,16,55,2,41,95,41,49,21,42,69,10,61,90,12,55,24,8,20,27,23,15,6,8,24,43,121,79,190,62,7,31,149,0,50,17,25,151,152,34,32,31,22,34,18,11,8,10,46,83,17,93,61,18,255,15,85,42,60,16,4,10,23,35,39,21,28,116,97,181,26,6,47,6,19,32,10
"COG5413",0,0,0,0,0,0,0,0,0,0,0,0,0,0,0,0,1,0,0,0,0,0,0,0,0,2,2,0,1,0,0,0,1,1,0,0,0,0,0,0,0,0,0,0,0,0,0,2,0,0,0,0,2,0,0,0,0,0,0,0,0,0,0,0,0,0,0,0,0,0,0,0,0,1,0,0,0,0,0,0,0,0,0,0,0,0,0,0,0,1,0,0,0,0,0,1,0,0,0,0
"COG5418",0,5,2,0,1,0,0,0,2,4,2,0,0,0,0,0,0,0,0,0,0,13,1,2,0,1,0,1,3,1,0,1,2,1,5,0,0,0,1,1,1,1,2,1,0,2,0,5,0,1,1,4,0,0,4,0,24,5,1,0,0,0,2,0,1,1,2,4,3,1,2,0,1,0,0,6,4,2,5,1,0,2,0,0,5,1,3,1,0,1,1,0,3,0,0,0,1,0,1,0
"COG5421",56,31,359,72,27,4,27,20,32,33,43,3,361,76,153,8,140,58,23,198,23,353,214,8,85,21,4,88,72,128,22,12,11,61,76,46,194,247,36,7,202,20,25,100,104,25,17,46,24,75,100,25,43,45,80,131,10,29,204,61,120,36,132,11,55,221,23,8,14,96,15,199,10,26,189,59,670,299,6,20,121,12,35,35,70,33,344,25,35,120,109,161,27,43,6,146,98,37,13,80
"COG5423",3,5,1,4,11,1,0,3,0,1,0,0,0,5,2,8,2,6,0,1,2,0,7,9,3,0,1,5,0,6,7,6,1,5,5,0,2,1,2,3,6,7,3,32,3,6,1,1,1,2,5,1,2,2,5,6,0,2,0,1,17,4,5,1,13,2,0,0,18,1,1,4,2,3,0,4,5,0,0,3,2,4,1,5,9,2,0,2,3,3,5,2,4,2,4,1,4,4,1,9
"COG5424",0,0,0,0,0,8,0,0,0,0,0,0,0,0,0,1,1,0,11,0,0,0,0,0,1,0,0,0,0,0,0,0,0,0,1,0,0,0,0,0,0,0,3,0,0,0,0,5,0,0,0,0,0,0,0,0,0,0,0,0,0,0,1,5,0,0,1,1,0,1,0,0,0,0,0,0,4,0,0,0,0,0,0,0,0,1,0,0,0,0,0,0,0,0,0,0,0,2,0,0
"COG5426",3,0,5,0,0,11,1,2,3,16,0,0,3,0,3,1,5,1,20,5,3,4,3,18,6,1,1,0,2,3,3,7,1,1,16,0,4,2,3,7,15,2,5,2,1,5,0,5,4,1,2,7,0,9,1,5,95,6,6,0,3,1,1,9,3,8,30,0,13,8,2,3,0,3,2,2,4,1,1,3,1,7,1,9,12,0,5,3,2,1,0,0,0,1,4,1,0,4,1,1
"COG5427",4,46,4,14,16,6,13,5,20,60,1,6,2,4,20,1,2,11,9,8,8,39,16,14,7,6,16,18,25,19,7,9,7,1,17,0,17,2,20,28,8,8,14,10,6,11,70,182,11,9,5,8,8,5,8,15,0,98,15,3,7,7,2,5,3,21,55,8,0,11,11,21,10,26,6,21,2,233,14,5,7,30,6,4,7,8,104,28,4,6,0,9,25,4,15,10,9,3,11,39
"COG5433",178,155,79,247,741,170,24,390,369,64,253,77,166,47,128,103,503,31,104,259,201,38,166,155,41,84,864,123,95,122,26,72,79,380,362,606,196,257,18,181,299,90,423,146,104,198,270,29,126,144,178,39,370,119,149,276,418,182,280,583,68,77,157,123,178,175,307,319,196,105,208,114,177,133,88,211,38,53,309,73,108,12,54,600,105,111,160,134,426,312,144,286,240,113,87,241,261,143,113,64
"COG5434",921,708,798,1080,965,728,187,166,1217,123,1708,858,1320,406,1005,1101,797,1258,874,1359,1597,447,742,552,2027,726,883,1412,928,804,973,830,971,456,1132,415,1104,1376,1335,430,1086,1171,783,833,514,1502,923,120,1121,795,814,213,631,1512,1065,536,108,885,917,1313,616,485,706,871,1007,892,404,1497,1092,981,1072,664,1006,1299,1136,971,494,172,1131,634,771,332,830,1167,965,696,558,645,1258,844,752,799,676,862,1163,1226,1493,721,1458,682
"COG5437",8,7,5,0,2,0,3,0,0,0,2,0,0,1,0,8,0,1,0,0,9,2,4,16,3,2,0,0,2,2,0,8,0,2,5,0,3,0,0,2,2,1,4,1,0,3,0,0,0,4,0,2,1,2,1,3,0,0,1,6,0,3,1,0,8,2,1,1,0,0,0,0,0,2,0,3,2,1,0,0,0,32,0,6,7,3,0,2,3,11,3,0,0,0,0,2,2,0,0,0
"COG5438",26,102,41,30,47,24,166,23,28,98,1,46,12,104,61,31,29,50,46,60,35,321,46,68,28,39,80,40,29,71,31,53,43,46,50,43,53,19,55,40,54,48,43,58,180,31,55,205,71,54,35,37,24,14,32,53,34,122,28,27,50,82,50,23,32,101,63,36,78,55,32,144,42,28,55,54,10,275,45,83,72,73,36,12,43,44,144,73,35,93,55,53,45,36,44,29,48,21,57,78
"COG5441",21,10,22,3,3,41,23,3,8,5,1,3,2,4,28,5,0,0,1,5,3,2,4,8,9,2,0,5,3,8,2,5,3,0,32,1,9,3,2,16,0,5,5,8,1,3,0,1,2,5,2,1,0,1,4,3,69,18,3,3,2,2,2,2,5,0,5,3,42,7,2,8,3,8,4,7,3,6,6,28,2,0,7,8,19,10,10,8,3,2,3,9,1,2,2,1,3,6,3,5
"COG5444",3,5,3,2,22,1,0,0,5,7,6,9,3,27,0,1,5,6,4,5,4,17,1,7,1,8,94,4,6,2,9,5,10,36,0,1,69,0,19,1,1,8,4,0,13,2,15,14,52,1,21,5,16,8,5,77,31,2,2,1,10,13,5,13,4,8,9,10,5,4,2,11,20,3,35,20,18,0,0,20,21,0,7,5,11,0,40,1,2,16,22,9,3,4,1,13,18,6,37,6
"COG5445",4,1,1,1,1,4,1,91,7,18,4,0,2,1,4,2,6,0,0,7,4,2,9,9,8,1,1,0,0,2,1,1,0,1,6,57,0,3,0,8,7,1,0,5,1,5,0,0,0,0,0,13,1,16,5,0,141,12,8,0,2,0,4,32,0,0,74,0,14,7,28,0,0,17,0,1,1,17,4,0,0,0,0,9,6,0,1,3,2,26,0,0,4,0,0,2,3,1,0,12
"COG5449",0,0,5,1,0,0,0,0,1,0,2,0,2,2,0,0,0,0,1,1,2,11,0,3,0,0,1,0,0,0,0,2,0,0,0,0,0,2,0,0,1,2,0,3,0,0,0,0,1,0,1,0,0,0,2,3,0,0,1,1,2,0,4,0,0,4,1,0,0,1,0,0,0,2,0,2,0,0,1,1,0,0,1,0,6,0,0,0,0,0,0,0,0,2,0,2,0,0,1,0
"COG5455",0,0,0,0,1,2,0,14,0,0,0,0,1,1,0,0,2,0,3,1,1,2,2,4,1,0,0,0,0,0,0,0,0,0,0,9,0,1,0,2,1,0,0,0,0,0,0,5,0,0,0,2,0,3,0,1,27,1,1,0,0,0,0,6,1,0,15,1,1,1,4,0,0,6,0,0,0,2,1,0,0,0,0,1,0,0,0,1,1,4,0,0,2,1,0,0,0,0,0,3
"COG5457",0,0,0,0,0,2,0,4,1,1,0,0,1,0,0,0,0,0,5,1,0,0,1,0,0,0,0,0,0,0,0,0,0,0,0,2,2,1,0,1,0,0,1,0,0,0,0,0,0,0,0,0,1,1,0,0,0,0,1,0,0,0,0,0,0,1,3,0,0,0,0,0,0,1,0,0,1,0,0,0,0,0,0,1,0,0,0,0,0,0,0,0,0,0,0,0,0,0,0,0
"COG5459",0,0,0,3,0,0,0,0,0,0,0,1,0,0,0,0,2,0,0,0,0,0,0,0,0,0,0,0,0,0,1,2,5,2,0,0,1,0,4,0,0,0,0,0,0,0,0,0,0,0,1,4,10,0,0,41,0,0,0,0,0,4,0,0,0,0,0,0,0,0,0,80,0,0,0,0,0,0,0,7,0,0,1,0,0,0,0,0,0,0,6,0,0,0,0,0,0,0,0,0
"COG5463",0,0,0,0,1,9,1,28,2,8,3,0,3,0,3,0,5,0,1,1,0,5,5,10,4,2,0,0,0,2,0,0,0,0,4,17,0,2,0,4,5,1,0,4,1,0,0,4,0,0,0,13,0,4,1,1,71,4,1,1,1,1,1,13,5,0,34,0,8,6,9,0,0,12,0,0,0,5,4,0,0,0,0,6,7,0,1,3,0,11,0,0,0,0,0,1,0,1,0,9
"COG5464",8,6,10,2,8,23,1,476,62,40,244,4,215,3,4,11,87,179,134,47,36,16,57,47,133,9,133,246,9,17,126,32,20,54,23,222,12,12,215,18,40,36,36,75,71,16,6,29,11,0,3,137,11,57,10,96,269,63,93,46,59,2,13,142,43,13,157,80,44,53,47,1,7,56,14,9,194,114,28,7,55,0,2,34,47,29,35,10,173,50,7,16,32,9,29,11,14,17,19,28
"COG5471",0,0,3,0,0,0,0,0,1,0,0,1,1,0,0,0,0,1,1,0,1,2,14,5,2,0,0,0,0,1,0,1,0,0,0,0,8,0,0,1,5,1,0,0,0,0,0,1,1,3,1,3,0,1,0,8,0,0,0,0,0,0,0,8,0,0,11,1,0,4,0,7,3,0,0,0,0,0,13,1,0,0,1,4,1,1,0,2,1,8,0,0,2,0,0,0,0,2,1,0
"COG5474",0,0,0,1,0,0,0,13,0,0,0,6,0,0,0,0,0,0,0,0,0,4,3,0,0,0,1,0,1,0,0,0,0,0,0,0,0,0,0,0,2,0,0,3,0,0,0,5,0,1,0,0,1,0,2,0,0,0,0,0,0,0,0,0,0,0,15,0,0,0,12,0,0,0,0,11,0,0,7,0,2,0,1,0,0,0,23,3,0,0,0,0,1,0,0,0,0,0,0,0
"COG5475",1,0,0,0,0,4,0,13,5,0,1,0,0,0,0,0,2,0,0,0,0,0,2,3,1,0,0,0,0,0,1,0,0,0,1,6,0,0,0,1,0,0,0,2,0,0,0,0,0,0,0,3,0,0,0,0,16,1,0,0,2,0,0,1,1,0,6,0,2,1,1,0,0,4,0,0,0,0,0,0,0,0,0,1,2,0,0,1,0,0,0,0,2,0,0,0,0,0,0,0
"COG5476",10,14,6,3,6,24,1,23,35,8,5,10,5,34,5,2,3,14,11,9,4,2,5,15,8,3,1,3,1,15,24,23,18,3,13,21,8,16,56,1,19,7,1,18,16,8,10,25,1,16,6,41,3,15,13,4,5,22,7,5,20,0,4,4,20,7,3,5,2,3,27,6,0,4,1,10,4,16,12,3,1,0,29,4,20,28,22,33,8,3,14,9,13,10,6,4,1,3,6,15
"COG5482",0,7,5,1,1,0,0,1,0,0,0,8,0,0,3,2,2,0,4,0,4,0,0,3,2,2,0,0,1,8,0,0,2,1,0,0,0,0,0,0,0,1,1,1,0,0,0,1,0,1,0,0,1,1,0,0,0,5,0,1,0,1,1,3,1,2,0,0,0,1,1,0,0,0,1,0,1,0,0,1,5,8,7,0,1,0,0,0,0,2,2,2,2,0,2,1,0,1,0,0
"COG5483",0,2,17,2,1,1,0,1,0,0,1,0,0,2,0,0,2,0,0,5,0,21,0,1,0,0,15,0,0,0,2,2,1,0,0,0,0,37,0,0,13,0,17,1,0,0,0,0,26,0,0,0,0,0,28,0,0,0,23,2,0,7,0,0,0,0,0,0,0,3,0,6,1,7,0,58,109,0,0,10,0,3,1,1,0,0,5,7,0,1,0,1,0,5,1,5,0,1,19,5
"COG5484",3,3,41,4,17,22,4,241,7,21,4,11,2,6,11,10,7,3,48,3,1,2,41,16,0,8,0,4,23,1,4,4,2,5,9,91,3,3,2,6,10,5,0,9,5,6,0,10,4,3,4,50,2,1,5,5,3,2,7,3,6,5,4,22,1,8,17,3,11,12,61,1,28,19,2,6,10,17,18,0,16,12,5,13,12,2,1,4,5,11,3,0,14,6,0,3,7,7,11,25
"COG5485",2,3,0,0,1,5,0,8,3,0,0,0,2,2,0,2,3,0,4,0,0,0,0,1,1,1,0,1,0,1,0,0,0,0,2,15,0,1,0,0,0,0,1,2,0,1,0,0,0,8,0,3,0,1,1,0,7,4,0,0,1,0,2,0,0,0,3,0,2,6,15,1,0,4,6,0,1,0,0,2,2,0,5,2,0,4,1,0,0,0,0,1,1,2,1,1,5,1,0,5
"COG5492",114,327,102,252,199,245,51,106,244,68,115,423,103,115,173,241,483,108,188,176,193,299,165,174,46,319,77,129,206,184,88,249,161,187,193,98,237,97,386,140,202,156,98,194,199,173,272,70,299,143,236,396,263,108,146,102,84,139,143,184,536,1241,351,306,224,175,246,80,134,229,123,866,224,279,631,174,300,365,153,269,348,28,133,128,126,196,271,464,72,355,629,187,112,202,495,173,193,65,168,465
"COG5493",0,1,0,0,0,0,0,0,0,2,0,0,0,0,0,0,0,0,1,1,0,0,0,0,0,0,0,1,0,3,0,0,0,1,0,0,0,0,0,0,0,1,0,0,1,1,1,2,1,0,0,2,0,0,0,0,2,0,0,0,0,5,0,0,0,0,0,0,1,0,0,43,0,0,0,1,0,0,0,1,0,0,0,0,3,1,0,0,0,0,0,0,0,0,0,0,0,0,0,0
"COG5495",12,91,23,21,37,1,105,19,13,18,3,43,36,10,17,15,38,29,16,15,15,9,40,30,7,46,48,21,27,46,18,31,43,18,11,43,13,3,36,22,10,14,40,27,36,17,55,27,40,19,38,27,25,14,38,25,21,21,12,16,20,64,10,25,21,28,27,16,19,31,5,16,29,23,24,47,69,3,9,29,45,67,27,10,47,10,22,20,21,51,33,17,62,14,37,15,27,23,50,44
"COG5496",26,62,33,41,40,13,48,13,29,11,9,62,39,80,43,44,33,37,67,60,58,7,46,77,17,74,29,34,40,98,51,47,24,42,31,11,34,49,28,35,30,32,48,60,34,10,43,7,59,61,41,29,28,21,29,26,3,29,30,25,62,32,47,23,28,56,31,36,21,22,28,38,48,34,29,25,22,25,13,34,36,34,34,39,30,25,42,31,44,41,12,24,61,38,42,40,39,40,78,27
"COG5498",103,19,110,153,238,58,5,40,118,10,177,168,262,105,69,103,427,295,204,161,70,4,137,28,46,51,350,232,142,69,173,153,240,46,60,166,128,193,139,72,99,65,71,131,85,113,177,5,123,175,80,69,62,98,312,87,41,86,120,219,83,63,103,52,235,63,15,262,199,116,93,96,152,55,48,252,226,3,132,102,125,1,159,80,79,136,56,156,167,71,99,79,48,173,41,83,101,83,67,133
"COG5499",3,0,0,0,1,15,0,35,3,9,3,0,3,2,0,0,2,0,14,2,1,24,5,13,3,0,0,0,1,1,0,0,0,0,0,22,0,0,0,5,2,4,6,3,1,1,0,1,0,0,0,10,1,5,0,1,70,9,3,0,0,0,3,10,0,1,32,1,10,8,31,0,1,17,0,0,2,9,5,1,0,0,0,8,6,1,1,1,1,17,0,0,6,0,0,2,1,4,0,5
"COG5503",0,0,1,0,0,0,0,1,0,8,0,0,0,0,0,0,0,0,0,0,0,21,0,5,2,0,0,0,0,0,0,0,0,0,0,0,0,0,2,0,0,0,1,0,15,0,0,49,1,0,0,0,0,0,0,0,0,0,0,0,0,0,1,0,1,0,0,0,3,0,0,0,0,4,0,0,0,2,0,0,0,1,0,0,0,1,1,0,0,0,0,0,0,0,0,0,0,0,1,0
"COG5504",0,1,2,2,2,0,1,5,0,1,0,4,0,2,6,7,0,0,2,0,1,9,1,12,0,1,0,1,4,4,1,1,11,0,2,0,0,1,2,0,6,4,1,0,1,1,0,4,1,13,0,3,0,0,3,0,9,10,1,0,0,1,1,0,1,0,1,2,5,4,7,2,3,2,5,6,0,0,3,1,4,1,0,0,2,15,6,0,1,0,15,12,3,1,2,1,3,4,3,6
"COG5505",18,6,24,19,8,21,24,5,36,1,5,28,13,18,19,28,20,20,20,3,4,73,37,20,6,31,4,19,38,28,33,22,20,11,42,5,23,10,9,43,2,12,18,4,10,10,18,12,2,11,20,15,13,5,17,11,67,41,9,12,26,20,20,12,31,37,21,10,33,11,30,20,14,11,27,42,6,8,9,28,41,23,13,12,6,10,41,14,6,67,23,27,16,16,6,15,10,22,17,43
"COG5506",0,0,4,0,0,0,0,2,0,2,0,0,0,0,0,0,0,0,0,0,0,41,0,0,1,0,0,1,0,0,0,0,0,0,1,0,0,0,3,0,0,0,0,0,12,0,1,30,1,0,0,0,0,0,0,0,0,1,0,0,0,0,0,0,0,0,0,0,0,0,0,0,0,1,0,0,0,1,0,0,0,5,0,0,0,6,4,0,0,0,0,0,0,0,0,0,0,1,0,0
"COG5507",0,0,1,0,0,1,0,24,3,3,3,0,1,2,0,1,1,0,0,2,3,0,1,5,0,1,0,0,0,0,1,0,0,0,1,16,0,0,0,3,3,1,0,2,0,1,0,0,0,0,0,2,0,1,0,0,23,3,2,0,1,0,0,2,0,0,28,0,4,3,5,0,0,5,0,0,0,3,0,0,0,0,0,2,1,0,0,0,0,5,0,0,0,0,2,0,1,0,0,6
"COG5510",0,1,0,0,0,2,0,10,0,1,4,0,2,0,0,1,1,0,8,0,0,0,4,2,4,0,0,0,0,0,0,0,0,0,0,6,0,0,1,0,0,0,5,2,0,0,0,2,0,0,0,2,1,3,0,2,16,1,1,0,0,0,1,3,0,0,12,1,3,5,1,0,0,3,0,0,1,3,0,0,0,0,0,3,0,0,0,2,0,2,0,0,1,0,1,0,0,1,0,4
"COG5511",12,1,44,13,44,1,15,267,39,30,14,39,11,307,36,38,21,10,8,30,13,38,117,65,32,7,1,16,32,134,26,9,27,20,6,0,77,2,17,34,41,18,16,12,33,13,4,8,12,15,24,77,44,25,34,28,206,14,26,7,32,40,15,53,29,15,53,7,52,25,59,15,71,6,57,19,27,11,38,25,30,0,35,19,58,4,8,11,15,80,14,1,46,30,22,47,0,34,22,31
"COG5512",3,19,23,3,5,0,132,16,8,139,0,4,6,7,10,9,12,8,5,24,13,23,43,22,4,1,47,13,2,8,6,6,0,5,0,44,5,0,9,7,5,12,5,17,33,4,0,30,25,10,2,5,1,6,4,37,0,8,0,4,17,7,21,0,11,4,2,6,12,53,0,12,4,4,2,5,3,5,1,3,30,115,1,7,15,10,1,11,19,1,3,20,8,2,3,4,33,11,16,14
"COG5514",0,1,8,0,0,0,0,0,0,0,0,0,0,0,0,0,0,1,0,0,0,3,1,0,0,6,1,0,0,0,0,0,0,1,0,0,0,0,3,0,2,0,0,1,0,0,0,0,1,1,0,0,1,0,0,0,0,0,4,1,2,0,2,0,0,0,0,0,0,0,1,0,0,3,0,0,1,0,0,0,1,2,0,1,0,0,1,0,2,0,0,0,0,2,2,0,1,0,0,5
"COG5517",0,1,0,1,0,0,0,27,0,5,1,0,2,0,0,0,2,0,12,1,1,2,2,3,4,1,0,0,0,1,0,0,0,1,0,20,1,2,0,5,3,0,5,0,2,1,0,2,0,0,0,1,0,3,1,0,41,6,0,0,2,0,0,6,0,1,29,0,7,1,13,0,0,8,0,0,2,3,4,0,0,0,0,4,2,0,0,2,0,8,0,0,1,0,1,0,0,0,0,4
"COG5518",6,0,14,1,2,12,0,186,10,5,3,11,0,4,1,0,0,2,35,0,1,1,33,33,1,1,0,4,0,108,2,3,0,2,3,52,3,3,0,7,3,2,1,28,3,13,8,4,0,0,1,34,6,0,6,7,1,2,1,2,5,0,3,17,0,0,17,0,13,7,18,2,0,9,2,1,1,9,7,0,1,0,0,7,4,0,0,3,1,6,15,0,3,4,0,11,2,30,5,10
"COG5519",3,30,18,3,21,2,11,85,0,10,5,16,12,11,496,30,5,6,2,16,1,1,17,15,15,11,0,7,7,155,22,27,29,3,2,1,34,2,4,8,5,9,321,10,1,0,9,7,1,5,54,40,7,19,5,11,15,73,7,5,41,2,10,55,5,21,40,8,42,502,6,5,12,24,26,3,7,2,71,21,13,17,8,7,7,4,8,14,5,15,5,283,1,17,3,25,6,16,34,20
"COG5520",238,116,245,407,221,318,34,50,343,49,496,289,508,109,185,116,71,387,180,197,305,56,209,159,411,161,344,167,187,167,329,242,228,56,318,51,391,504,82,259,382,216,156,290,173,221,314,28,334,240,301,156,78,386,285,113,42,166,323,537,163,137,203,175,230,80,98,74,477,276,462,228,195,339,198,204,73,51,401,189,235,173,534,311,264,212,146,166,302,120,176,113,117,235,218,290,486,337,257,171
"COG5521",0,0,2,0,0,0,0,1,0,1,0,0,0,0,0,0,0,0,0,0,0,85,0,0,0,2,0,0,0,0,0,0,0,0,0,2,0,0,0,0,0,0,1,0,0,0,0,38,1,0,0,0,0,0,0,0,0,0,0,1,0,0,0,0,0,0,0,0,0,0,0,0,0,1,0,0,0,1,0,0,0,0,0,0,0,3,0,0,0,0,0,0,0,0,0,0,0,0,0,0
"COG5522",3,20,6,9,2,13,5,27,0,2,2,5,0,6,3,9,4,7,2,7,1,1,1,6,2,6,3,13,21,66,32,3,19,10,1,2,3,1,8,15,5,5,1,17,12,1,6,5,6,16,14,11,12,2,6,20,0,1,5,8,13,9,7,24,2,17,5,9,11,5,20,2,2,4,20,4,7,0,4,3,6,9,11,9,4,10,13,7,8,9,4,11,2,3,6,20,3,0,15,7
"COG5523",82,106,54,78,107,40,166,28,45,235,15,104,34,93,43,98,63,72,45,54,43,98,62,92,14,75,39,34,75,167,74,60,78,83,54,51,79,62,102,48,60,49,94,92,83,83,85,154,88,51,69,75,85,49,56,214,35,85,69,59,108,84,84,90,75,83,68,44,62,51,82,60,73,98,83,101,41,129,66,122,133,50,82,117,31,57,141,141,78,111,115,88,144,30,69,116,58,41,104,34
"COG5525",31,0,60,9,51,8,16,532,50,74,32,50,31,256,29,45,15,8,14,41,15,45,187,102,63,18,3,4,37,172,23,20,34,26,10,60,112,11,17,45,72,25,14,22,33,21,4,12,21,23,28,131,62,35,31,49,274,38,27,21,42,23,33,78,43,34,116,12,50,33,78,25,117,21,61,25,18,23,52,19,40,0,20,36,63,12,9,16,13,84,25,1,58,26,30,51,2,29,22,41
"COG5527",937,129,11,13,3,4,63,89,14,79,22,14,9,49,7,17,12,115,58,12,7,9,33,33,9,36,5,14,27,57,5,25,19,55,19,7,60,41,21,41,6,68,105,2,63,1,12,97,0,0,13,33,26,3,9,21,206,2,1,7,32,71,77,19,53,20,22,18,39,8,65,29,11,85,103,32,9,15,7,146,58,51,51,29,28,23,25,20,22,70,131,47,20,2,22,73,7,17,46,149
"COG5529",0,0,0,0,0,5,0,67,23,11,12,0,5,1,3,0,5,0,14,4,1,0,12,16,5,3,0,0,1,4,0,1,0,4,1,12,0,0,0,0,3,1,24,14,0,2,0,7,0,0,1,45,2,0,1,0,20,5,2,0,1,0,0,7,4,3,24,1,7,18,4,0,1,6,0,0,1,4,2,0,0,0,0,6,1,0,0,0,2,1,0,0,0,0,1,0,2,9,0,2
"COG5532",2,1,2,0,0,0,0,62,19,4,0,0,2,0,1,0,0,0,2,2,2,32,0,0,4,0,0,0,0,0,0,1,0,1,0,27,0,0,0,3,14,0,2,0,2,0,0,0,0,0,0,39,0,0,0,0,160,10,2,0,4,0,1,0,0,0,37,1,0,3,0,0,0,0,0,0,1,1,1,0,0,0,12,6,0,0,0,2,0,12,0,0,0,0,1,0,0,3,0,1
"COG5542",7,6,5,18,15,1,2,25,1,2,1,57,3,119,6,7,23,20,3,6,8,4,28,15,2,30,7,15,17,42,37,10,66,41,0,0,17,5,27,28,7,35,34,27,2,46,15,3,5,6,37,107,56,7,17,15,0,35,35,46,23,60,33,45,22,16,11,2,2,10,34,29,19,17,40,12,14,2,1,127,41,9,37,4,2,3,16,22,2,23,67,22,2,13,18,26,6,2,32,30
"COG5544",1,1,0,0,0,5,0,26,3,3,2,0,3,0,0,0,0,0,20,1,0,2,1,0,1,1,0,0,0,0,0,3,0,1,1,12,0,0,0,1,3,0,1,2,0,0,0,3,0,0,0,2,1,5,0,0,31,6,0,0,0,0,0,6,0,1,24,1,2,2,3,0,0,3,0,0,1,0,1,0,0,0,0,2,1,1,0,0,0,0,0,0,0,0,0,0,0,1,1,1
"COG5545",794,370,712,892,714,945,195,108,726,213,1150,523,1780,557,632,930,922,1299,563,849,1038,195,609,679,1182,461,1476,1520,681,804,1328,837,642,575,674,733,864,727,1125,857,825,776,457,808,1146,952,767,172,469,1148,634,520,472,867,1070,572,195,584,834,920,804,566,544,467,588,802,477,1044,819,473,839,1329,762,302,419,845,868,530,1096,514,668,324,770,728,518,424,579,634,1078,352,563,523,624,620,653,678,500,596,561,518
"COG5546",0,0,1,2,0,0,0,0,1,0,0,0,0,2,1,0,0,0,8,0,2,0,0,0,0,0,0,0,3,1,0,1,0,0,2,0,1,0,0,0,0,1,0,0,0,1,3,0,0,0,0,0,1,0,0,0,0,0,1,0,0,0,1,0,0,0,0,0,2,1,0,0,0,0,0,0,0,0,0,5,0,0,1,1,0,0,0,0,1,0,1,0,1,0,0,0,1,0,0,2
"COG5549",0,0,2,0,0,0,0,0,0,25,0,0,0,0,0,0,0,0,0,0,0,1,0,1,1,0,0,0,0,0,0,0,0,1,0,0,2,2,3,1,0,0,0,0,56,0,0,82,1,1,0,0,1,0,0,0,0,0,0,0,0,0,1,0,0,0,0,0,1,1,0,0,1,2,0,0,0,0,0,0,0,4,0,0,0,1,1,0,0,0,0,0,0,0,0,0,0,0,0,1
"COG5551",5,45,6,7,13,0,5,5,0,1,2,10,7,7,3,3,4,7,3,4,2,21,14,14,1,2,27,3,1,1,4,1,5,25,0,0,8,3,8,18,3,12,21,12,19,0,1,34,14,1,9,19,14,3,3,7,0,4,2,0,21,20,26,17,1,0,14,13,0,12,6,10,11,22,28,11,3,8,1,13,10,58,10,1,5,5,22,1,9,11,8,8,1,2,5,7,6,1,9,14
"COG5553",0,0,0,0,0,0,0,0,2,0,0,0,5,0,0,0,0,0,7,1,0,0,0,2,0,0,0,0,0,0,0,0,0,0,0,0,0,0,0,0,0,0,2,2,0,0,0,4,0,0,0,0,0,0,0,0,0,0,0,0,0,1,0,5,0,0,0,0,0,0,0,0,0,0,0,0,1,0,0,0,0,0,0,0,0,0,0,0,1,1,0,0,0,0,0,0,0,2,0,0
"COG5557",4,2,9,4,2,7,0,79,7,13,5,0,5,7,9,3,13,4,2,9,8,3,17,28,7,20,1,3,0,3,6,8,1,6,4,40,0,3,11,23,12,7,5,9,2,4,0,7,3,14,4,26,5,9,7,7,110,14,12,2,5,1,7,17,5,7,76,2,13,11,25,2,2,11,2,3,1,9,16,12,1,1,5,14,17,4,3,10,1,12,1,1,3,9,5,3,9,2,5,10
"COG5561",18,5,6,2,17,14,48,6,11,1,2,5,10,0,9,8,17,5,9,6,13,5,22,27,6,24,17,10,4,5,9,10,14,18,10,15,13,19,8,4,73,11,21,40,18,7,7,6,18,18,0,6,11,9,10,9,0,12,5,6,8,16,4,3,18,6,12,15,48,17,2,4,14,4,3,9,0,61,9,7,17,14,8,28,19,18,17,9,5,4,5,2,4,20,8,9,9,9,14,20
"COG5562",0,0,0,0,0,2,0,52,0,1,2,0,2,0,0,0,4,0,13,1,1,7,11,6,4,1,0,0,0,0,0,1,0,0,3,23,0,0,0,3,4,0,3,5,0,1,0,4,0,0,0,1,0,2,2,1,75,3,2,0,3,0,0,6,1,0,41,0,1,8,3,0,0,12,0,1,2,1,2,0,0,0,0,3,5,0,0,0,1,1,0,0,0,0,1,1,1,1,0,5
"COG5564",1,3,1,1,0,7,0,3,2,1,0,2,0,5,2,0,0,0,0,0,1,0,1,0,2,1,0,2,1,8,2,2,0,1,1,0,4,0,0,5,0,3,3,2,0,0,0,0,0,0,2,4,1,2,0,0,7,6,1,0,2,0,1,1,6,0,7,1,2,2,1,5,0,7,1,0,1,0,0,16,2,0,2,0,9,8,2,2,0,2,3,3,0,0,1,0,0,1,0,1
"COG5565",0,0,0,0,0,0,0,0,0,4,0,0,0,1,0,0,2,0,0,0,1,0,0,0,0,0,0,0,0,0,0,0,1,0,0,0,0,0,0,2,0,0,0,0,0,0,0,0,0,0,0,2,2,0,0,0,1,1,0,0,1,0,0,0,0,0,12,0,0,0,0,0,0,0,0,0,1,0,0,0,0,0,0,0,0,0,0,0,0,1,0,0,0,0,0,0,0,1,0,0
"COG5566",1,0,0,0,0,0,0,0,0,1,0,0,0,0,1,0,0,0,0,0,0,3,0,0,1,0,0,0,0,0,0,0,0,1,0,0,0,0,0,0,4,0,0,0,0,0,0,1,0,0,0,9,0,0,0,0,1,0,0,0,0,0,0,0,0,0,2,0,0,0,0,0,0,0,0,0,0,0,0,0,0,0,0,2,0,0,0,0,0,0,0,0,0,0,0,0,0,0,0,0
"COG5567",0,0,0,1,0,9,0,29,5,2,0,0,2,2,1,1,1,0,7,2,0,0,3,1,1,0,0,0,0,0,0,0,0,1,2,18,0,1,0,2,2,1,2,1,0,1,0,0,0,0,0,5,1,3,1,0,32,4,1,0,0,0,4,6,0,0,19,0,1,2,0,0,0,8,0,1,2,2,5,0,0,0,0,2,2,0,0,1,0,5,0,0,1,0,1,0,0,5,0,0
"COG5569",1,1,0,0,1,1,0,21,1,3,0,0,2,1,1,0,5,0,15,3,0,2,5,8,8,2,0,0,1,2,1,0,0,1,2,16,0,4,0,5,0,0,7,6,0,3,0,2,0,0,0,3,1,1,0,0,39,4,1,1,0,0,0,11,0,1,16,1,11,8,5,0,0,4,0,0,4,6,1,0,1,0,0,4,2,0,0,1,0,4,0,0,1,0,0,1,0,4,0,2
"COG5571",2,0,1,0,0,5,0,24,5,4,1,0,2,0,2,1,4,0,21,2,2,1,2,5,3,2,0,0,0,0,0,1,0,0,3,19,1,1,0,3,4,2,2,1,1,2,0,8,0,2,0,8,1,6,2,2,52,9,0,1,0,0,5,10,1,0,17,1,3,3,8,1,0,6,1,0,1,6,1,0,0,0,0,6,3,0,0,0,0,5,0,0,2,0,0,2,0,4,0,3
"COG5577",2,37,8,19,12,6,4,2,2,9,3,36,10,15,8,2,18,24,7,2,3,53,8,18,5,26,9,19,34,11,10,9,13,23,15,1,9,2,37,20,1,14,6,14,16,6,20,35,24,8,30,4,23,4,12,6,0,20,3,14,24,42,9,16,4,22,38,9,0,5,14,16,14,14,28,16,11,62,1,10,45,12,12,1,5,5,51,13,5,45,25,17,71,3,2,17,9,8,19,20
"COG5578",0,0,3,0,0,0,1,3,0,6,0,0,0,0,0,0,0,0,0,0,0,0,0,0,1,1,0,1,0,0,0,0,0,0,0,0,0,0,0,0,0,0,3,0,0,0,0,20,0,0,0,1,0,0,0,0,1,0,1,0,0,0,0,0,0,0,0,0,0,0,1,0,0,0,0,0,0,2,0,0,1,0,0,0,0,0,0,0,0,0,0,0,0,0,0,0,0,0,0,0
"COG5579",7,2,24,4,1,9,8,0,17,0,25,2,27,12,8,6,3,51,13,11,8,8,4,4,33,2,0,3,2,13,8,1,2,35,28,41,8,24,15,4,0,2,5,12,0,5,1,11,7,2,3,7,27,0,3,5,0,13,4,6,21,5,12,2,2,3,2,37,23,17,3,19,5,6,15,3,37,0,10,6,9,5,10,6,4,8,13,4,0,2,1,6,29,0,3,1,1,38,7,1
"COG5581",1,1,1,0,0,7,1,32,6,4,5,0,1,0,2,2,2,1,0,4,2,0,11,9,5,0,0,0,0,3,0,0,0,0,1,28,0,0,0,7,5,5,0,4,1,0,0,0,0,1,1,8,1,5,2,0,63,8,1,0,1,0,0,7,4,0,32,1,4,8,9,0,0,14,1,1,1,8,4,0,0,0,0,5,3,1,0,3,0,12,0,0,2,0,0,1,1,1,0,4
"COG5585",14,12,43,34,6,0,12,14,9,39,8,36,7,21,59,5,16,68,2,30,7,205,18,18,5,45,4,44,31,25,17,20,11,29,2,11,28,4,44,14,1,7,21,5,6,11,57,84,42,40,7,188,31,10,48,21,61,30,8,18,17,7,12,4,16,44,22,12,45,9,23,8,19,18,24,47,18,122,4,20,28,103,140,17,45,11,35,23,7,102,48,16,192,16,136,48,2,13,76,11
"COG5586",0,0,3,1,0,0,0,1,2,0,0,0,0,2,0,0,0,0,0,1,0,0,0,0,0,0,0,0,0,0,0,4,0,0,0,0,0,0,2,0,0,0,0,0,0,1,4,0,1,6,0,9,0,1,0,1,2,2,0,0,3,0,3,0,0,0,0,0,0,0,0,0,0,1,0,1,0,2,0,0,1,0,1,0,0,5,2,1,0,1,0,0,0,0,0,1,0,0,0,0
"COG5587",90,38,61,109,131,99,4,55,114,20,14,90,47,125,121,122,32,8,90,81,72,12,111,135,110,68,43,11,98,72,52,115,110,49,128,4,89,149,17,85,99,104,51,118,28,76,78,0,74,103,77,76,69,135,80,87,1,67,78,37,95,42,113,77,76,84,17,65,63,112,56,100,92,92,83,79,123,12,85,72,76,19,106,138,66,130,21,98,94,63,91,143,50,123,106,110,135,124,89,97
"COG5595",0,0,0,0,0,0,0,0,0,0,0,0,0,0,0,0,0,1,0,0,0,0,0,0,0,3,2,0,0,0,0,0,0,0,0,0,0,0,1,0,0,0,0,0,0,0,0,3,0,0,1,0,0,0,0,0,0,0,0,0,0,0,0,0,0,0,0,0,0,0,0,0,0,1,0,0,0,0,0,0,0,0,1,0,0,1,0,0,0,0,0,0,0,0,0,0,0,0,0,0
"COG5598",0,0,4,0,0,3,0,0,0,0,0,0,5,3,0,7,1,0,2,5,1,1,0,6,0,1,0,0,1,2,0,12,0,0,0,0,0,1,0,14,0,2,1,1,0,3,0,0,1,0,4,16,0,2,4,8,0,1,3,0,5,2,5,4,0,5,1,0,0,2,0,0,0,6,0,3,0,0,13,2,4,0,1,1,13,4,1,0,0,0,2,0,1,1,0,1,4,0,1,2
"COG5606",0,0,0,0,0,0,0,0,0,23,0,0,1,0,1,0,0,0,0,0,1,1,0,0,1,0,0,0,1,6,0,1,0,0,0,0,0,1,0,2,3,1,0,0,0,0,0,8,0,0,0,0,0,0,0,0,6,1,0,0,0,0,0,5,0,0,2,0,0,0,0,0,0,0,0,0,0,0,1,0,0,0,0,4,10,0,0,0,0,0,0,0,0,0,3,0,0,0,0,0
"COG5610",23,128,31,58,104,8,0,14,41,29,10,75,41,49,206,162,29,18,2,43,41,2,19,54,2,89,9,58,71,8,41,33,59,125,45,2,46,34,61,9,34,105,29,46,37,101,14,95,33,65,47,40,35,16,10,52,0,22,10,47,25,24,12,26,28,32,65,27,60,23,38,20,20,44,25,25,34,106,56,25,57,91,34,38,10,10,6,45,5,50,35,23,41,36,17,68,168,26,33,59
"COG5614",1,0,4,1,0,3,0,86,5,5,0,3,0,6,8,5,0,0,1,0,2,1,6,2,0,4,0,7,0,2,0,0,0,5,7,1,4,0,0,0,3,2,3,0,6,0,0,0,0,1,4,8,9,0,0,0,34,2,0,0,6,0,2,0,0,1,1,7,3,9,0,6,0,7,0,2,8,1,0,0,0,0,0,3,0,2,0,0,0,2,3,0,3,1,0,1,0,1,4,3
"COG5617",0,37,25,12,11,0,0,0,0,0,2,35,6,26,0,5,22,3,12,0,2,79,3,2,0,64,7,21,31,0,17,5,22,26,21,2,18,0,38,9,0,16,2,14,35,9,20,9,41,0,35,2,30,0,5,0,0,0,3,18,5,33,11,11,3,19,27,10,0,0,11,36,13,7,45,20,19,3,0,25,53,0,5,0,8,0,36,2,5,78,12,26,9,27,3,19,7,6,5,36
"COG5618",0,18,0,0,0,0,1,1,3,3,0,0,16,1,0,0,1,0,20,0,0,0,0,1,0,0,0,1,1,1,1,1,0,0,0,0,1,0,1,0,0,0,11,0,0,1,0,10,0,1,0,0,0,0,0,0,4,4,0,0,0,0,0,10,0,0,3,1,0,2,1,2,0,1,1,1,31,0,0,4,0,0,1,0,0,0,8,0,1,1,0,2,1,0,2,0,0,0,0,1
"COG5619",0,9,0,3,26,0,67,1,0,1,3,2,0,4,1,4,0,3,1,0,1,0,0,1,2,0,2,1,4,1,0,5,2,1,3,5,2,1,3,0,1,0,0,3,2,3,5,10,3,0,1,1,0,0,1,4,0,11,0,1,12,0,1,0,4,6,3,0,0,36,1,1,0,3,0,3,1,49,0,0,1,4,4,0,0,1,6,1,0,4,0,0,3,0,4,0,0,0,2,1
"COG5620",13,1,2,25,22,22,1,22,11,0,6,14,7,8,49,22,20,4,69,63,1,0,39,6,18,18,15,3,15,43,10,49,4,44,33,0,11,28,4,6,11,36,29,26,8,23,45,3,78,5,6,6,26,0,27,40,6,58,13,25,20,33,60,33,11,59,2,28,34,23,8,16,49,6,73,27,19,34,61,27,6,0,28,22,0,45,7,35,30,51,41,50,27,14,5,13,50,48,5,20
"COG5632",16,76,38,13,46,1,26,82,9,59,12,54,5,69,50,22,41,21,13,11,24,53,108,43,3,50,6,22,40,35,48,39,34,32,7,12,17,15,40,46,24,17,35,33,48,55,65,49,25,28,62,57,81,34,40,44,57,84,46,46,71,54,20,102,35,61,52,32,45,20,23,62,65,44,71,64,20,75,39,69,52,113,78,19,28,26,63,44,9,58,98,271,100,16,25,50,23,40,47,38
"COG5633",1,0,0,0,0,7,0,11,2,1,2,0,1,1,0,1,3,1,7,1,0,1,1,3,1,7,0,0,1,0,0,0,0,2,1,9,0,1,2,3,0,1,3,2,0,0,0,3,0,1,0,2,0,1,0,0,21,4,1,0,2,0,0,8,0,0,15,0,2,1,7,0,0,1,1,0,0,5,0,0,1,0,0,6,2,2,3,0,0,4,0,0,2,0,2,0,3,1,0,1
"COG5635",9,4,0,2,34,21,3,7,3,28,109,42,6,16,61,5,10,0,25,1,2,0,172,10,4,25,29,6,82,7,18,3,18,66,187,0,4,12,124,1,7,17,30,97,0,1,8,4,25,18,19,10,29,101,24,11,5,2,4,20,8,3,0,66,1,3,2,0,54,7,16,23,1,0,33,21,5,177,135,6,14,47,7,1,32,67,118,10,86,45,31,24,22,15,0,10,63,119,84,21
"COG5640",0,0,0,0,0,0,0,2,0,2,0,0,3,1,6,0,0,0,0,0,0,0,0,2,0,2,1,0,0,1,0,12,0,0,0,0,3,0,1,0,0,0,0,20,0,0,0,0,6,0,3,15,0,17,0,3,0,0,0,6,4,0,0,0,0,0,2,0,0,0,0,0,2,0,0,0,0,0,0,0,0,0,1,0,22,0,0,1,0,0,2,3,0,0,0,2,0,0,1,0
"COG5642",0,1,0,0,0,0,0,0,0,0,0,0,0,0,0,0,0,0,17,0,0,0,0,0,0,0,0,0,0,0,0,0,0,1,0,6,1,0,0,0,1,0,3,0,0,0,0,0,0,0,0,0,0,0,0,0,0,0,0,0,0,0,0,0,0,0,1,2,0,1,0,0,0,0,0,0,0,0,0,0,0,0,0,0,0,0,0,0,0,0,0,0,0,0,0,0,0,0,0,0
"COG5645",1,1,1,0,0,10,0,32,1,7,4,0,4,0,0,1,2,0,36,5,0,0,5,6,4,4,0,0,0,1,0,0,0,0,3,24,1,1,1,1,7,0,7,2,2,2,0,5,0,0,0,1,0,1,1,0,42,6,2,0,1,0,2,10,0,1,25,1,3,2,8,0,0,6,0,2,1,3,5,1,1,0,0,2,3,1,0,3,0,5,0,0,0,1,4,0,0,4,0,4
"COG5646",0,0,0,1,0,1,1,4,0,4,0,0,0,0,0,0,0,0,0,0,0,0,0,0,0,0,0,0,1,2,0,0,0,0,1,0,0,0,0,0,0,0,0,0,0,0,0,0,0,0,0,1,0,1,0,0,3,1,0,0,0,0,4,0,0,0,0,0,3,2,0,0,0,0,0,0,0,5,0,0,0,6,0,0,0,6,0,0,0,0,0,1,0,0,0,0,1,0,1,0
"COG5651",0,0,0,11,0,0,13,0,0,0,0,0,0,0,0,0,10,0,0,0,4,0,2,0,0,0,0,0,0,0,8,0,0,0,0,0,0,6,0,0,0,0,0,0,0,0,0,0,1,0,0,0,0,0,0,0,0,0,0,0,0,0,0,0,0,0,0,0,0,0,0,0,0,0,3,0,0,0,0,0,0,20,0,0,2,0,0,0,0,2,0,0,0,0,0,0,0,0,0,1
"COG5652",20,73,14,40,31,9,12,20,7,27,6,66,13,55,26,47,43,29,24,4,10,76,23,29,12,53,16,27,51,41,30,39,32,52,23,17,48,13,64,42,16,27,51,27,25,34,61,31,43,20,38,23,62,17,40,27,32,30,12,22,57,90,29,55,8,42,37,18,9,7,38,94,31,39,72,48,18,54,12,88,64,34,27,21,20,17,86,45,12,64,63,43,42,25,37,49,15,17,37,34
"COG5654",0,1,0,0,0,0,0,0,0,0,0,0,0,0,0,0,0,0,27,0,0,0,0,0,0,0,0,0,0,0,0,1,0,1,0,0,0,0,0,0,0,0,7,1,0,0,0,0,0,0,0,0,0,1,0,0,0,0,0,0,0,0,0,0,0,0,2,1,1,1,0,0,0,0,0,0,1,0,0,0,0,0,0,0,0,0,0,0,2,0,0,0,0,0,0,0,0,0,0,0
"COG5655",23,5,1,62,0,3,3,481,3,38,24,43,5,12,7,8,7,0,6,35,21,0,13,0,1,10,2,44,0,4,2,5,1,2,28,0,2,0,4,4,0,10,26,0,0,22,0,7,13,4,1,127,2,79,38,1,908,5,5,0,2,6,2,0,1,7,161,2,1,116,528,0,0,1,1,17,1,1,0,0,43,81,5,2,52,11,0,0,0,49,0,2,1,0,13,0,13,18,0,21
"COG5658",16,59,26,15,21,5,42,23,5,57,4,18,11,43,1,16,24,9,18,2,2,82,16,17,2,35,4,18,47,13,18,14,15,24,23,26,22,3,30,43,5,14,35,29,25,49,28,46,63,23,30,66,20,9,27,10,30,11,10,14,17,30,30,13,15,40,71,4,20,9,16,20,43,28,22,39,19,99,4,52,26,27,38,4,9,10,58,91,7,26,37,28,24,22,18,16,9,9,10,27
"COG5659",0,1,0,0,0,0,0,0,0,0,0,0,0,0,0,1,0,0,0,0,0,0,1,0,0,0,0,0,0,0,0,0,0,0,1,0,0,0,0,0,0,0,0,0,0,2,0,0,0,0,0,0,0,0,1,0,2,0,0,0,0,0,0,1,2,0,0,0,1,0,0,0,1,0,0,0,0,0,0,0,0,0,0,0,0,22,0,0,0,0,0,0,0,0,0,0,0,0,0,0
"COG5663",30,9,0,30,1,0,0,8,13,5,0,3,2,5,5,13,9,0,5,7,0,1,2,36,1,4,4,1,23,11,29,29,34,32,1,0,22,10,9,28,2,25,8,9,2,23,9,2,11,10,14,44,13,21,12,1,6,6,12,4,15,46,9,8,1,5,2,0,1,7,2,195,15,2,27,9,3,0,17,27,14,0,40,3,4,4,3,7,4,3,43,28,12,2,16,10,12,12,9,20
