"","DLM009","NOF002","NOM028","DLF012","DLF009","DLM002","NOM009","DLM027","NOM026","NLF008","NOM029","DOF014","NOM025","NLM021","DLM005","NLM025","DOM018","NOM005","DOF007","NLM009","NOF013","DOM019","DLM006","DOM003","NOF011","NLF007","NOM012","NLM022","DOF004","DLM018","DOM015","DOM008","DLM028","DLM022","DLM008","NLF015","DLM015","NLF010","DOM001","NOM013","DLM013","DOM023","DOM010","NLM031","DLM011","NOM004","DLM017","NLM008","DLF006","DOM022","NOF014","NLM002","NOF005","NLM023","DOF003","NLF009","DLF001","NOM019","DLM001","NLM027","DLM012","DOM024","NLM010","DLF005","NLM001","NLM006","DLF003","DLM019","DLF014","NOM022","DLM024","DOF011","NOM008","DLF013","NLF001","DLM023","NLM017","DOM013","DLM020","DOF008","NOF006","NOM010","DLF010","NLM028","DOM021","NLF005","NOF009","NOF007","NOM015","NOM014","NLF002","DOM005","NOF012","DOM016","DOM026","NOM027","DLF004","NOM017","DLF008","NOM007"
"COG0001",1518,859,729,1979,961,1115,715,539,1065,752,786,1490,430,1124,903,693,1478,1121,199,361,415,425,470,745,654,729,888,836,1098,729,1511,491,846,1037,1211,541,581,498,751,1000,2446,393,799,1443,261,319,874,331,1198,819,724,302,627,646,456,557,351,1966,875,887,368,554,1035,722,613,685,545,1048,1128,331,818,785,474,1297,694,629,215,1192,349,796,598,712,1289,367,397,477,434,263,539,394,640,943,471,613,1035,1985,411,514,555,675
"COG0002",2586,2001,1892,2367,1570,2049,2259,1893,1924,2384,2123,2287,2040,2170,2003,2188,2615,1843,1792,2500,1893,2294,1905,1911,1946,2555,2145,2349,2384,2543,2273,2206,1888,1438,2306,1978,2138,2156,2042,2138,2304,2415,2083,2153,2386,1804,2652,2183,2026,1812,2040,1208,2087,1911,1871,2062,1649,2383,2152,1564,2313,2167,2142,2130,2214,2238,2225,1750,2685,2155,1250,2410,2270,2186,2110,2393,1936,2224,2037,1848,1810,2147,1918,2320,2445,1972,2050,2393,2228,2362,2412,1445,1476,2142,2062,3116,2012,2324,1455,1575
"COG0003",135,661,369,40,44,275,2,656,35,207,142,638,1528,149,524,52,219,55,319,75,837,806,169,2,571,131,88,220,293,449,185,119,93,340,49,442,84,1315,413,467,268,104,734,136,758,1587,29,48,362,459,163,147,532,354,765,532,879,219,124,32,111,64,568,8,357,218,52,370,695,186,2,431,675,777,98,450,910,436,468,87,731,519,372,151,1130,178,204,566,529,740,217,601,652,751,702,41,104,10,1001,98
"COG0004",3869,2648,2297,3594,1354,3228,3865,3997,2439,2005,2484,2458,2549,2614,2353,3022,3674,2519,1070,4216,2666,2756,2545,3845,2226,3607,3132,2842,2164,3054,2176,1355,2609,1699,2564,2457,2593,1583,2410,2559,1994,3433,2040,2497,2035,1399,3726,2610,1642,1762,2721,2954,2647,1617,1795,1965,1066,2903,2703,2361,2936,3124,3081,3151,3815,1719,3361,2890,3894,3169,1538,4732,2241,2644,2542,3113,2057,1945,1945,2879,2047,2676,2299,2177,1538,2856,1874,2145,2981,2128,3050,1264,1555,1873,3038,3331,3515,5722,1286,2294
"COG0005",523,1254,1144,447,956,1419,1088,1406,798,1340,891,1006,1129,1376,1314,1390,1366,946,1608,1984,1390,1078,1236,1371,1416,1565,1523,1105,1276,1090,1501,1472,1270,1219,1499,1079,1063,832,1449,1374,1571,1685,1063,1310,1394,977,1384,1381,1186,1699,1592,2064,1211,1042,1319,1196,1391,1746,1499,1185,441,1313,1180,1216,1624,1054,1891,952,1141,1587,1227,1720,1415,1321,1054,976,1413,1369,1475,1079,1296,1187,1710,978,1515,1584,1416,1167,1254,1125,1055,1435,903,1159,1116,1031,1602,2071,1326,1595
"COG0006",5681,6055,6225,3686,4022,5294,5765,5497,5224,5985,6597,6058,6841,6378,5900,7646,5528,4935,6100,7008,6000,6224,6423,6301,6361,5802,5257,5447,6425,6231,6144,6783,5366,5108,6192,6542,6466,7416,5886,5351,5373,7118,6835,6446,6712,6782,6402,6182,5659,6597,4773,8353,6612,5998,6114,5890,6344,5892,6758,5402,4472,6501,5484,5827,7144,6500,5836,4683,4799,7638,4612,7397,7025,5643,6071,6016,5283,5860,6042,5128,5985,7245,5294,5978,6452,5513,6763,6128,7047,7020,5741,6188,5439,6826,6379,3491,5702,6392,6018,5905
"COG0007",957,901,999,2313,1124,896,1073,765,1596,654,772,657,417,680,537,472,777,1350,259,426,273,447,396,791,315,551,345,1195,949,910,577,366,810,784,483,493,620,513,644,870,787,440,1081,444,251,595,702,876,626,620,343,308,661,609,461,316,297,831,498,1195,746,569,858,896,418,1040,298,601,1473,493,1337,750,219,698,833,640,311,612,296,693,232,481,539,843,340,684,409,527,284,599,1022,707,411,1051,1109,2498,491,662,754,385
"COG0008",6553,6182,5627,6256,6042,7426,7487,8279,5725,6994,6257,6364,6259,7024,7192,9277,7608,6434,4683,10218,5823,6562,6441,7968,6709,7513,7844,7244,6508,8105,6576,5300,6727,7683,6299,5677,6231,4755,7207,7178,7590,8032,6721,6776,6186,4510,8160,6425,6198,6866,2188,2624,2108,1717,2089,1969,1245,2889,2639,1811,2296,1938,2024,2319,2450,2275,2963,2844,2250,2285,1571,2257,2065,2440,1953,2568,1576,2398,1924,2490,1657,2190,2726,2173,1970,2140,1793,1932,2226,1986,2190,1625,2320,2066,1886,2638,2323,3205,1445,2428
"COG0009",2801,2311,2621,2341,2202,2413,2611,2701,2776,2586,2847,2834,2654,2726,2791,2432,2801,2402,2463,1546,2511,2619,2676,2042,2537,2778,2117,3021,2945,2703,3288,2846,2541,2755,2932,2328,2654,3415,2617,2688,2765,2474,2608,2847,3228,3040,2217,2805,2580,2392,2927,2154,3048,2377,2577,2834,2539,3012,2658,2132,2625,2998,2813,2574,2617,2868,2320,2608,2571,2691,1778,2631,2527,2985,2772,2609,2652,3297,2524,2996,2628,2854,2988,3104,2944,2609,3001,3029,2855,3319,2906,2135,2504,2987,3108,2656,2002,1633,2254,2552
"COG0010",536,695,863,391,918,633,642,689,1223,1300,777,748,839,1003,787,774,896,1003,840,206,760,758,469,548,902,690,650,666,764,502,794,1448,1296,856,601,1257,917,619,1075,693,1261,470,1124,472,582,968,561,355,1096,678,1127,290,595,1630,949,1118,713,963,834,1027,512,1641,1246,698,406,720,455,1793,365,398,1613,441,404,687,1234,1327,407,909,835,946,854,539,1418,836,435,976,1067,456,902,565,732,1224,1728,711,523,1007,614,508,1412,590
"COG0011",3,21,85,38,181,16,27,239,61,1,63,125,14,12,197,49,44,22,30,8,63,17,4,159,33,30,13,25,53,184,240,82,35,39,101,8,12,9,33,39,197,5,29,10,31,48,14,30,40,45,14,22,50,32,25,12,13,26,74,111,1042,18,26,16,21,10,19,62,650,23,142,10,21,127,25,65,20,50,6,321,16,83,28,43,16,20,24,21,11,27,8,42,70,11,20,452,34,37,105,29
"COG0012",2946,2401,2230,2684,2090,2525,2846,3200,2449,2646,2636,2553,2261,2696,2478,2625,2836,2329,1877,2709,2279,2474,3046,2288,2575,2841,2599,2838,2493,3060,2404,2041,2299,3522,2602,2089,2135,1792,2420,2580,2933,2772,2925,2496,2498,1989,3262,2653,2285,3000,2875,3576,2388,2299,2164,2152,1562,3026,2902,3307,2387,2244,2406,2925,2494,2420,3045,3012,2601,2204,1353,2049,2618,2724,2186,2735,2176,3233,2324,2890,1824,2341,3343,2603,2693,3075,2261,2411,2342,2600,2461,2248,3268,2575,2051,2758,2754,2693,1591,3175
"COG0013",5286,5285,4797,4573,4710,5260,4963,6825,3994,6217,4570,5519,5526,6296,5483,5726,6315,4385,4171,5837,4853,6538,5942,5283,5958,6425,5592,5307,5397,6387,5889,4911,5763,6456,5579,6193,5589,4927,5028,5443,6167,5944,6779,5919,5258,4898,6672,4745,4633,6438,5532,7281,5630,4866,5332,4757,3856,6193,6113,5187,6084,5527,5414,5912,6032,5462,6384,6947,5841,4967,2556,5007,6145,5855,5347,6048,4401,6266,5111,5451,4674,6000,6315,4992,5787,6030,5235,4979,6594,5707,5510,4181,9245,5926,5110,6286,5856,5562,3811,5623
"COG0014",2481,2629,2325,2080,1767,2175,2470,2680,2252,2749,2698,2836,2724,2889,2037,2153,3817,1955,1910,1741,2459,3171,2435,2389,2499,2663,1827,2643,2862,2628,3059,2567,2379,1581,2753,2855,2764,2555,2400,2194,3000,3079,3000,2780,2939,2295,3111,2355,2228,2335,2207,2402,2539,2403,2204,2266,1861,2889,3146,2616,2875,2648,2620,2409,2379,2589,2375,2804,2921,2640,1278,3095,2859,2510,2545,2874,2230,2186,2625,2117,2430,2942,2311,2872,3130,2220,2949,2811,3038,3143,2762,1960,1708,3032,2593,3053,2634,2340,1928,1795
"COG0015",3194,2841,2686,2922,2821,3313,3798,4930,2989,3250,3027,3224,2972,3517,3633,3728,3151,2503,2858,4451,2701,3186,3552,3191,3014,3686,3307,3391,2927,3859,3168,2613,2758,2907,3105,2308,2687,2542,3427,3330,3747,3860,3213,3063,3079,2793,3546,3440,3060,3288,3231,4173,3044,2627,2835,2773,2259,3993,3521,3480,3911,2805,3038,3206,3446,3505,3628,3363,3911,3075,1669,3290,2760,3452,3010,3235,2800,3249,2477,3392,2412,3079,3305,3372,3043,3426,2936,3277,2984,3055,3481,2659,2201,3259,2933,3680,3334,4522,2605,3284
"COG0016",2649,2409,2031,2155,1871,2548,2031,2713,2156,2642,2131,2631,2236,2449,2386,2596,2680,1752,1992,1946,1890,2583,2765,2153,2514,2558,2473,2282,2550,2502,2380,2301,2197,3079,2882,2462,2509,2418,2462,2470,2832,2217,2753,2615,2339,2298,2392,2218,2538,2563,944,971,792,784,737,798,640,918,896,705,890,799,784,936,887,751,887,881,794,788,381,946,907,871,820,731,864,1004,734,784,714,859,1024,794,877,1009,897,792,841,876,883,640,1045,868,708,898,751,679,575,1022
"COG0017",2409,3028,3690,3513,2443,2917,4508,3099,2809,2814,3139,2746,3508,3669,2996,3114,3265,3093,2769,3320,3006,3482,3122,2617,3448,3595,2954,3372,2800,2886,2769,2599,3242,3843,3428,3248,2975,2831,3057,3059,2389,3055,3090,3598,3401,2978,3703,4213,2975,2993,3053,3678,3776,3418,3302,3589,2596,3203,3147,3266,1556,3057,2953,3165,3166,2885,2938,3620,1970,3153,2055,2834,3570,3009,3450,4490,3370,3479,3109,3825,2773,2937,3407,3672,2945,3497,3052,3603,3543,3188,2702,2773,3098,3132,3174,1302,3003,3406,2422,3745
"COG0018",1280,1134,1313,1140,1042,1324,1434,1548,1373,1409,1216,1254,1444,1602,1401,1540,1570,1138,1083,1233,1205,1389,1388,1473,1256,1492,1307,1299,1320,1517,1553,1227,1300,1678,1282,1321,1299,1584,1361,1493,1330,1359,1528,1307,1435,1282,1547,1287,1315,1376,4806,4588,4446,3568,3710,3828,3132,4864,4525,4766,4667,4192,3754,4518,4839,3902,4483,4680,4746,4348,2003,4630,4411,4240,4400,4194,3059,5455,3591,4461,3543,4294,4680,4723,4369,4618,4311,4363,4893,4300,4494,2974,5625,4430,3940,4909,4233,4071,2999,4507
"COG0019",4784,4241,4410,6271,3473,5462,5659,5251,4140,5515,4152,4625,4722,4374,4280,6000,5658,4707,3751,5861,4517,5111,5855,4596,3944,4696,4729,4842,5638,5972,3954,4860,4277,3392,4757,3368,5055,5344,4524,4412,4915,4628,4287,4644,4158,4147,4721,5090,3640,4925,4502,6053,4922,4246,3975,4116,3651,4539,4877,4883,4592,5095,4976,4852,5449,5168,4814,4132,5174,5451,2583,6387,3914,4717,5137,5308,3774,4598,4352,4987,4536,4680,3798,5286,4442,5399,4314,4080,4490,4781,5628,3073,3632,5296,4796,6973,4526,7703,3568,5644
"COG0020",2042,1616,1617,1169,1178,2169,1758,2209,2189,1548,1697,1863,1374,1799,1974,2526,1931,1177,1612,2787,1729,1599,1996,2137,1882,1871,2120,1708,1654,1981,1850,1612,1526,2051,1939,1304,1499,1860,1975,2026,2023,2138,1530,1777,1723,1691,1904,2036,1729,1718,1669,2213,1687,1529,1492,1672,1495,2082,1848,2130,2321,1758,1795,2053,2137,1796,2485,1912,2321,2324,719,2490,1553,1717,1647,1657,1302,2349,1612,2055,1493,1802,2368,1667,1609,1774,1713,1754,1552,1789,1728,1612,1961,1800,1686,2037,2097,2564,1486,2067
"COG0021",3111,1734,2006,1130,3367,2634,1881,2926,2121,3689,2846,2086,2441,2401,2884,3318,1927,2820,2643,3729,1885,2278,3124,3837,2139,2333,2239,2759,3271,3435,2273,2467,2499,2124,1519,2313,2361,2714,2992,3215,1670,4032,2333,2090,2575,2609,3220,1575,2177,3569,1521,5180,1928,1850,2430,1849,2140,2793,2939,2807,3152,2081,2651,2252,3326,3478,2417,1504,3524,3057,3190,4529,2198,1590,2235,1577,1608,2133,2430,1352,1983,2614,1722,2200,2923,2445,2418,1503,2244,2800,2981,2008,2824,3262,1673,6241,3122,3412,1849,2702
"COG0022",50,1313,1009,61,636,464,83,342,373,1713,921,210,493,571,543,122,575,373,1025,36,1222,460,571,24,1309,408,313,283,693,175,939,1675,1011,867,1070,1822,1294,847,764,230,765,211,334,683,247,1039,299,151,625,694,376,91,630,1610,1067,1014,1413,365,1303,1268,197,1025,1095,149,107,508,158,701,322,149,208,45,604,838,1309,385,751,209,1944,96,1645,705,713,601,291,332,958,250,831,312,1000,2126,484,958,212,91,381,92,1158,150
"COG0023",113,616,427,62,434,278,98,54,351,504,786,635,465,392,499,78,409,315,640,111,476,433,287,109,615,204,186,376,553,329,452,694,312,217,488,564,601,894,468,402,261,417,525,543,808,698,332,261,558,342,293,170,542,680,526,587,788,254,421,51,101,573,324,347,245,661,109,145,87,312,291,222,652,460,544,279,606,520,600,93,781,542,205,362,683,331,708,725,612,744,477,670,418,468,477,26,285,40,632,285
"COG0024",2803,2984,2602,2677,2209,3257,3362,3123,3569,3167,3342,3597,3213,3392,3083,3815,3504,2650,2849,3241,2976,3271,4238,3055,3220,3285,2837,3375,2956,4159,3050,2703,3063,3523,3500,3170,3178,3424,2947,3466,3249,3451,3399,3041,3611,3400,3219,3769,3202,3398,3242,4721,3696,3434,3206,3186,3072,3154,3228,2432,2415,3265,3220,3487,4387,2872,4416,3080,3163,4150,1630,4281,3435,3586,3406,3018,2675,3561,2929,3017,3042,3452,3491,3440,3174,4020,3605,3576,3529,4279,3798,2991,3746,3543,3448,2797,2675,2747,2318,4316
"COG0025",237,135,255,150,582,168,462,649,614,49,341,341,213,152,193,104,133,443,96,46,52,197,121,519,96,225,173,366,274,353,59,136,273,175,138,88,141,81,141,149,191,194,399,184,170,217,151,158,176,50,647,545,416,390,346,439,227,494,473,2920,4777,374,604,1343,905,973,718,398,2254,272,1857,166,441,536,260,282,441,527,188,2195,206,475,500,764,306,1015,458,172,240,368,639,452,220,703,225,2249,406,302,612,582
"COG0026",1869,75,209,172,1010,90,88,1133,371,215,155,255,267,257,374,70,152,543,93,40,16,113,34,636,146,30,69,196,212,209,43,88,410,180,73,32,48,42,293,165,161,125,234,34,76,96,113,24,324,264,57,179,64,201,171,130,16,284,321,1909,1891,49,114,38,93,121,60,182,1076,38,981,23,39,246,96,92,33,175,54,797,65,113,117,41,128,53,89,71,174,102,58,69,180,86,24,926,40,63,103,48
"COG0027",215,881,1136,266,1064,911,496,842,626,1452,1312,1231,1112,1116,1205,1659,1148,712,1453,1815,872,1233,1349,1669,1162,1055,1155,876,1253,1452,1203,1616,902,294,1091,1240,1258,1492,1820,1006,784,1901,1510,917,1706,1403,1327,678,892,1425,532,3049,832,1024,967,954,1536,931,1792,200,1849,1257,1023,970,1237,1574,1052,373,910,1695,855,1408,1539,1104,883,675,743,1010,1438,656,1412,1047,572,840,1648,1022,1654,1215,1133,1569,910,1037,657,1477,939,919,1370,1683,822,1149
"COG0028",1748,2426,2077,2557,2699,1758,2257,2396,2058,1753,2113,1600,2330,1913,1567,2039,2086,2619,1764,2388,1907,2165,1927,2091,1834,2047,1662,2546,1941,1970,2354,2153,2136,1544,1799,1915,1826,1422,1513,1543,1686,2307,1769,1948,1507,1752,1828,2138,1672,1808,6059,4627,5894,5204,5498,4971,5073,4616,6167,10284,8854,5846,5674,4565,4453,4424,4709,3933,7482,4687,10050,4146,5540,5487,5230,6264,8526,4310,5723,7541,5630,5654,3969,8366,4779,5092,5022,5300,5731,4940,6277,5551,3308,6063,6159,6916,5162,5286,5100,4299
"COG0029",2983,2800,2715,2669,2050,2414,2588,1985,2183,2576,3594,2966,2883,2878,2385,3000,3196,2237,2470,2794,2508,2905,2793,2858,2374,2628,2247,2876,2900,3234,3238,2558,2096,1683,2432,2891,2800,3059,2377,2244,2830,2983,3039,2822,3130,3222,3026,2738,2067,3247,2060,4456,2762,2591,2241,2316,2160,2433,3169,1067,1629,2878,2716,2688,2762,3190,2405,1492,2772,3062,1608,3031,3448,2777,2522,1852,2109,2470,2811,1896,2644,2773,1601,2763,3177,2638,3362,3048,3052,3228,2667,2214,1715,3136,3146,2473,2930,1844,2466,2419
"COG0030",3927,2559,3231,3682,3018,3612,3293,2538,2922,2697,2975,3085,2174,3108,5796,4252,2534,2918,1502,4290,2919,2209,3489,2579,3078,3769,4592,2357,3812,3112,3377,2377,3526,3548,3486,1731,2503,4139,3437,5432,3065,2391,2524,2948,2695,2269,3405,3697,3431,3066,3285,2646,3208,2906,3170,3598,1562,3053,2472,4179,4843,2645,3089,4131,3051,5076,3137,4102,4689,2617,2368,2929,2325,3811,3217,3483,2559,4151,2668,4918,2036,3074,3831,2937,3804,3009,2379,3963,2379,2627,3077,1566,4439,3700,3872,3674,2353,3753,1430,3773
"COG0031",3244,3072,2711,2289,2730,3257,2805,2616,3026,3273,2774,3170,3022,2987,2735,3082,3236,2795,2388,2204,2988,3142,2489,2241,3396,3068,2712,3356,3237,2795,3295,2515,3142,2835,3318,3365,3013,2834,2569,2527,3095,2155,2778,3541,2779,2224,2962,3298,2786,2179,2845,2398,3005,2580,2999,2815,1984,3125,2933,3605,2980,2958,3178,2946,2847,2396,3296,3734,3252,2562,2257,2564,3163,2827,3407,3290,2214,3101,2869,3206,2678,3374,3474,3295,2642,2291,2534,2721,3361,2901,2997,2503,2264,2768,2730,3352,2628,2239,1969,2001
"COG0033",299,133,228,290,1042,4,7,675,92,83,142,292,291,9,431,706,97,577,65,17,7,6,2,719,25,38,53,169,141,330,32,156,217,149,30,42,24,13,63,4,160,9,26,10,97,85,11,25,148,192,1,123,22,84,156,9,32,93,224,370,2462,23,21,13,78,59,6,104,2011,15,1068,4,38,149,15,20,26,128,50,681,70,6,57,39,29,51,39,10,54,42,11,172,26,71,4,1182,5,27,87,19
"COG0034",3458,3463,4950,5956,2965,4611,4812,5261,3368,5803,4221,4440,4212,5459,4866,5874,4994,3291,4019,7133,4166,5211,5797,5654,4405,5561,5446,4630,4568,5697,4945,4393,4393,4153,4938,5273,5058,4595,4832,4705,4836,6928,5575,4717,4843,4508,6125,3769,4116,5164,4842,7423,4578,4268,4090,4249,3785,4879,5968,4626,4303,4958,4837,4548,5025,4710,6017,4364,3993,5531,1833,5250,4676,5700,4271,4408,5253,4422,4757,3820,4039,4898,4097,4296,5034,5229,4814,4007,5260,4999,4166,3364,3143,4628,5280,3521,5907,6547,3518,5563
"COG0035",1775,1892,1681,1787,1318,2180,1983,2389,2050,1843,1810,2029,2061,2087,2073,2315,2086,1822,1416,2743,1652,1794,2165,2213,1878,1964,2046,2004,1860,1880,1937,1762,1575,1851,2280,1903,1788,2323,2235,2136,1818,2039,1940,2031,2157,1793,2362,1835,2158,1844,690,785,732,622,587,715,498,699,673,627,740,742,554,600,698,687,827,766,650,629,339,624,767,613,744,720,677,544,560,675,600,702,700,669,613,772,669,788,755,734,600,427,451,627,601,705,687,914,418,799
"COG0036",2843,1791,1786,2875,2071,2386,2233,1815,2537,1947,1896,2240,1706,1858,1913,2043,1916,2222,1525,2270,1544,1288,1760,2709,1556,2127,2423,2148,1487,2233,1438,1090,1905,2438,1679,1331,1392,1948,1673,2331,2420,2289,1413,1679,1593,1856,2278,1888,2090,1817,2504,2278,1861,1632,1364,1686,1396,2036,1565,2525,2121,1650,1911,2889,2424,2346,2567,2297,3157,1618,2454,3625,1361,1793,2006,1831,2392,2553,1361,2469,1207,1613,2959,1874,1626,2152,1326,1511,1633,1359,2718,1138,2408,1543,2623,3478,1889,2230,1476,1909
"COG0037",5562,4833,4092,5039,3596,5391,6275,5034,5238,3508,4442,5389,4502,5198,4429,4384,5653,4438,3448,5105,4509,4990,4974,3407,4785,5185,5109,5435,5433,5389,5175,4407,4455,5496,5685,4110,5021,4069,5360,4915,5022,4271,4914,6561,4740,3736,4877,5590,4523,4229,5684,3958,5367,4200,4766,4604,3638,5282,4340,5408,4395,5104,5089,5802,4563,3856,5994,6252,4068,5091,3233,3561,4164,5101,4431,5023,3838,6363,3949,5934,4287,5132,6078,5704,5179,5680,4452,5116,4900,4986,5509,3747,5991,4840,4845,4390,4331,4712,3621,6116
"COG0038",3259,4360,4652,2803,4591,3247,3516,5470,4417,4522,4975,4239,4355,4324,3791,3149,4870,3987,4470,3601,4317,4173,3796,4244,4244,3795,2860,4239,4624,4171,5120,4986,3553,2698,4029,4783,4835,4376,3800,3138,3318,4434,4533,3998,4788,4110,3904,3125,3561,4316,2638,5237,3933,3966,4148,3805,4196,3657,5113,5132,7049,4597,4002,3319,3273,3897,3289,2620,6161,4078,2735,3445,3905,4711,3699,4005,3296,3297,4883,4896,4629,3916,2516,4264,4943,3761,4761,4045,4689,4568,3722,4178,2859,4390,4278,3473,3666,3591,3820,3959
"COG0039",3813,3153,3388,3606,3022,3453,2797,4506,2930,4318,2974,3434,3088,3445,3270,3158,3567,2301,2791,3256,2859,3529,3035,3718,3176,3260,2624,2816,3507,2781,3768,3425,2778,2214,3623,3705,3753,4677,2958,3507,2921,3366,3533,3482,3265,3201,3174,3245,3309,3575,3245,2965,3181,3156,3274,3191,3063,3233,3571,3958,5296,3566,2841,2876,3148,3662,2604,2669,4129,3252,2012,4546,3604,3395,4269,3156,3404,2726,3435,3794,3697,3483,2647,3193,4168,2943,3620,3874,3359,4046,4512,2490,3255,3824,3190,7585,3039,3222,2552,3450
"COG0040",1433,1561,1559,1350,1537,1590,1685,1740,1236,1540,1941,2018,1779,1560,1637,2173,1840,1337,1716,2425,1639,1577,1710,2033,1658,1472,1511,1656,1743,1719,1945,1925,1522,1108,1907,1395,1556,2089,1752,1765,1592,2226,1467,1885,1998,1734,1939,1722,1520,1286,1342,1593,1736,1396,1347,1583,1940,1981,1804,935,1911,1863,1727,1388,1321,1810,1841,1086,1867,1640,871,2180,1639,1945,1664,2335,1131,1643,1662,1171,1799,1639,1552,1389,1770,1422,1855,1932,1793,1855,1623,1386,1217,1666,1708,1760,1830,2170,1382,1264
"COG0041",1558,1109,1271,1086,965,1256,1554,1506,1480,1169,1368,1387,1470,1437,1375,1306,1459,1141,914,1580,1004,1233,1492,1322,991,1377,1082,1405,1349,1535,1344,1141,1199,1014,1549,1062,1090,1487,1205,1189,1303,1462,1375,1425,1550,1322,1393,1429,1267,1479,1200,1852,1443,1074,1167,1271,868,1475,1379,1406,1411,1359,1304,1457,1288,1321,1444,1212,1454,1522,748,1369,1390,1339,1286,1232,1079,1270,990,1387,912,1305,1178,1483,1340,1378,1255,1383,1503,1582,1470,627,959,1374,1531,1251,1173,1352,828,1413
"COG0042",4463,3440,4278,3282,4127,3294,4349,3480,4642,3914,4413,3491,4101,4040,3074,3361,4550,4503,3193,3007,3732,3684,3629,3197,3604,4010,3379,4244,4251,4052,4092,4032,4170,3651,4074,3826,4079,3893,3559,3357,3715,2881,3420,3485,4067,3623,4009,3536,3285,3470,3768,4059,3886,3621,3662,3795,3019,3668,3600,4122,3757,4097,4336,3649,3568,3663,3383,3310,3639,3455,3913,3061,3638,3641,3899,4301,3560,4197,3931,4289,3745,3817,3704,4466,3623,3838,4132,4330,4065,3969,4213,3069,4261,4153,4092,3014,2944,2550,3239,3807
"COG0043",459,377,799,199,1089,550,239,403,863,733,394,107,235,277,577,120,324,1028,365,32,215,222,226,710,298,187,406,392,576,124,285,249,708,555,185,409,322,319,1073,736,757,283,643,459,374,333,245,125,875,536,153,429,307,381,424,246,301,334,813,593,444,330,252,348,291,501,105,228,424,201,2447,462,361,473,560,583,228,593,439,768,285,205,507,344,468,165,422,274,299,345,435,660,245,642,118,1793,239,320,1080,184
"COG0044",4416,3206,4014,3930,3335,3539,4113,4850,3196,3570,3208,3457,3218,3302,3247,2921,3892,3586,2418,3317,2701,3362,3725,3453,2849,3348,2930,3465,3619,4066,3450,3394,3121,3112,3632,2959,3548,3055,3253,3600,4585,3335,3536,3660,3137,2966,3608,2974,3418,4024,3095,3816,3279,2767,3069,2934,2337,3905,3627,3802,4085,3300,3591,3112,3017,3066,3272,3954,4424,3020,4125,3437,2857,3534,3014,3449,2716,3082,2725,4005,2527,3240,3265,3602,3160,3152,3438,3073,3167,3548,3892,2808,2963,3585,3351,5618,2907,3983,3496,2990
"COG0045",385,1066,417,179,1246,291,54,265,526,659,677,485,526,255,326,571,268,638,1140,77,449,222,164,888,599,101,217,270,247,458,194,631,488,853,106,547,460,300,249,236,299,172,151,109,215,704,264,129,362,392,110,114,237,619,426,343,853,402,411,152,1866,86,340,113,154,613,154,381,1016,75,943,304,273,344,406,246,554,300,649,508,631,167,239,275,275,130,486,175,283,118,514,1404,266,552,255,1854,224,235,754,65
"COG0046",5436,5030,4981,7266,4614,6541,6694,8427,4920,7052,5618,6304,6048,6002,6297,7549,7407,4766,3550,8577,5744,6003,7349,7124,5584,5964,5873,6379,6323,7396,6388,5424,6657,4579,6046,6069,6450,5572,6273,5806,7421,7729,7151,5516,5471,4128,7824,5308,4898,6591,5807,9783,6127,4589,5319,5477,3993,8026,8237,7029,6747,5917,6010,5659,7861,5805,6584,6035,7443,5723,3216,7440,5619,6917,6054,7035,5200,6397,5776,6649,5080,6687,5772,6862,4803,6846,5811,5906,7067,5655,6172,3980,4160,6340,6133,9138,7461,9206,4027,6914
"COG0047",4110,4594,3874,6987,3654,5698,5782,6677,3859,5577,4751,5641,5068,5040,5692,7065,6019,3932,3271,7389,4953,5266,6678,6496,4921,5909,5261,5713,5606,6916,5461,4063,5486,3983,5502,4153,5018,4665,5189,5069,5977,6647,6597,5374,4969,3381,6918,4694,4172,5875,5239,9577,5229,3684,4704,4530,3520,7157,7667,5406,6190,5078,5130,5193,7354,5253,6134,5641,7329,5465,3226,6336,5190,6214,4929,6307,4833,5597,4431,5483,4221,6120,5229,5830,4211,6399,4952,5265,6069,4796,5013,3816,3521,5626,4956,8878,6991,7583,3113,6485
"COG0048",1415,855,826,1069,993,1165,1293,1187,1325,798,908,893,639,907,1068,1386,863,964,610,1793,567,943,926,1281,728,1140,1368,966,827,1222,728,663,938,1386,1164,564,758,574,998,1284,1081,1136,937,911,623,635,1156,1239,1183,921,1318,1098,793,936,895,729,502,1267,876,1393,1163,815,771,1206,1127,835,1442,1288,1015,1072,814,957,680,1017,724,638,875,1242,627,1266,538,980,1659,798,830,1236,599,806,645,749,986,594,1389,841,932,1384,1034,1161,583,1313
"COG0049",1843,1298,1290,1653,1345,1499,1543,1526,1697,1313,1135,1535,1149,1361,1708,1577,1377,1216,1019,843,1165,1443,1888,1335,1465,1669,1520,1238,1333,1641,1301,1127,1366,1826,1792,1128,1311,1240,1389,1672,1571,797,1391,1547,1127,1129,1179,1289,1911,1326,1746,1651,1596,1463,1389,1344,1144,1426,1257,1743,1686,1393,1344,1700,1759,1510,1825,1567,1648,1361,1062,1471,1153,1558,1466,1251,1426,1670,1132,1586,1153,1546,1924,1297,1086,1730,1132,1373,1301,1296,1492,1085,2037,1327,1368,1884,972,985,1196,1994
"COG0050",3808,2672,2546,2951,3350,3197,3399,3963,4020,2972,2709,2970,3358,3299,3414,4079,3585,3175,2185,4455,2184,3117,3366,3869,2788,3753,3383,2976,2864,3082,2907,2510,3076,3773,3001,3242,2748,2894,3251,3411,3836,3466,4382,2583,2905,3324,3629,2803,3407,3412,3664,3497,3463,3251,2721,2589,2048,3632,3447,3056,3247,2955,2874,2953,4199,2088,4272,4109,3860,3369,3135,3493,3561,2904,3087,2689,3038,3441,2382,3096,2450,3282,3762,3085,3127,4279,3609,3064,3535,3164,3200,2138,4167,3821,2594,2492,3577,3847,2110,3941
"COG0051",1142,951,981,1004,1047,1114,1025,972,1154,981,1056,1126,948,1063,1339,622,884,994,874,903,911,1103,1092,806,1026,1142,1226,928,1050,1264,1114,1017,1135,1307,1231,841,1025,1208,1205,1315,1152,896,957,1077,1117,954,999,984,1528,1035,1368,627,1223,1083,1012,1181,878,1193,780,1166,1129,1147,942,1323,898,1387,1199,1097,1173,708,811,668,1024,1024,1152,1043,1105,1276,781,1166,962,1123,1282,1000,946,1273,913,1115,1058,1058,1236,788,1382,1003,905,1371,745,692,786,1486
"COG0052",1918,1691,1359,1300,1657,1861,1828,2078,1643,1227,1580,1665,1402,1643,1965,2320,1777,1545,1548,2730,1187,1914,2288,2257,1525,1931,2081,1743,1704,2159,1671,1463,1667,2338,1728,1375,1586,1108,1840,1917,1563,2231,1859,1718,1641,1277,2146,1747,1919,1839,2160,2754,1590,1616,1714,1404,1211,2108,1797,1886,1981,1424,1477,2018,2436,2029,2310,1977,1602,2021,1275,2028,1774,1802,1402,1348,1581,2003,1390,1794,1366,1685,2465,1528,1731,1962,1365,1520,1507,1607,1420,1594,2540,1533,1488,1288,1993,2301,1374,2362
"COG0053",2537,2134,2190,2308,2407,2488,2907,2079,2833,1854,2421,2081,2790,2577,2561,2758,2116,2473,2141,2500,2018,2201,2206,2247,2305,2769,2480,2544,2033,3065,2428,1768,2504,2927,2678,1614,1911,2538,2504,2831,2633,2183,2308,2311,2447,2420,2475,2306,2545,2402,2497,2282,2739,2069,2121,2250,2039,2909,2339,2679,2057,2214,2295,2613,2558,2356,2534,3181,2166,2995,2430,1881,2029,2549,2192,2682,1772,2087,1716,2476,1724,2516,2614,2537,2138,2675,2167,2198,2454,2316,2658,1870,2865,2516,2758,2372,2308,2521,2084,2494
"COG0054",804,939,921,482,1020,1278,1050,1346,1115,1010,1000,1235,789,1038,1228,1475,1240,1060,866,1663,776,1079,996,1302,1167,1214,1159,1264,1302,1342,871,1088,946,576,1202,880,914,967,1173,1158,680,1761,1161,1095,1477,709,1420,1323,1197,1001,718,1175,1058,1063,1026,1148,638,1147,952,411,416,1193,1031,1099,1264,1196,1494,465,529,1341,932,1465,1230,1056,1105,941,718,1047,955,766,1056,1060,815,916,1296,1006,996,1121,955,1183,1039,1009,793,1015,671,760,1233,1544,806,952
"COG0055",4654,3211,3351,3718,2627,3727,5583,4501,4033,3291,3075,3315,3653,4010,2747,3784,4337,3874,2186,3311,3026,3575,3854,3909,3095,4839,3492,5066,3573,4401,3599,2305,3988,2598,3715,3183,2965,2128,2906,3298,2619,3360,3665,3808,2923,1997,3699,3849,2636,3545,4059,4097,3518,2641,3317,3254,1580,4056,3707,4072,4267,3204,4356,3550,3801,2379,3939,3751,3619,2915,2512,3491,2435,3403,3381,4762,3315,2750,2687,4265,2127,3674,3015,4947,2905,4647,2184,2951,3364,2962,3748,1952,1943,3698,2522,5056,3487,4169,1765,3559
"COG0056",4279,3562,3611,4169,2670,4352,6450,5273,4539,3840,3491,3711,4659,5023,3281,4299,4733,4164,2361,4070,3396,3972,4522,4574,3502,5555,4162,5531,3995,4938,3997,2697,4340,2739,4183,3894,3858,2831,3423,3957,3053,3959,4120,4008,3541,3009,4471,4662,3098,3835,4483,4554,4242,3232,3741,3926,1968,4348,4074,4782,4647,3872,4891,3981,4853,2744,4526,3850,4440,3426,2650,4508,3580,3521,4401,5900,4387,3133,3422,4897,2534,4219,3350,5487,3023,5371,3275,3404,4362,3595,4658,2442,2288,4429,3223,5720,4389,5251,2096,3776
"COG0057",2945,1997,2049,2108,3419,2544,2468,3227,2539,2411,1984,2457,2373,2519,3072,3258,2491,2799,1694,3208,1955,2675,2608,3737,2214,2772,2731,2285,2086,2730,1979,1925,2813,3868,2719,2200,2022,1754,2770,2919,3435,2712,2731,2171,2381,2012,2911,2334,2995,2284,2791,2434,2431,2276,2368,2157,1670,3093,2759,2576,2938,2230,2027,2752,3090,1927,3615,3367,2902,2418,3056,2864,2546,2979,2272,2226,1592,3071,1750,2611,1898,2115,3802,2103,2361,2928,2141,1947,2389,1965,2203,1874,3596,2228,2042,2543,2676,3207,1694,2754
"COG0058",2727,2040,1924,3266,2198,2730,2988,1859,2405,2134,1967,2212,2154,2306,2124,2175,2516,2498,1723,2236,1826,2191,2837,2212,1884,2902,2462,2644,2555,2503,2222,1521,2657,2526,2214,1389,1931,1773,1970,2357,1777,1724,2358,2377,1906,1625,2157,2723,1712,1917,8377,6766,7166,5259,5662,6656,6593,7611,6296,9196,7854,6013,7179,8897,8237,5547,6986,7838,8006,6341,6360,7281,5669,7899,6479,8031,6418,7491,5583,7899,4581,6818,7717,7718,5537,8280,4768,6887,6448,5823,6415,3651,6353,6299,6754,7815,6303,6745,3519,8587
"COG0059",1708,2391,2158,2244,2133,2066,2207,2643,2248,2506,2263,2547,2328,2097,2471,2380,2946,2161,2248,2438,2295,2419,2604,2580,2155,2445,2205,2226,2211,2712,2325,2308,2006,1545,2377,2388,2320,2020,2012,1917,2529,2319,2287,2252,2434,1974,2547,2162,2104,1710,2265,2347,2362,2201,2057,2226,1900,1983,2445,2434,4536,2401,2309,2203,2288,2230,2215,1692,4247,2113,1785,2201,2385,2559,2188,1997,2378,1952,2349,2620,2150,2219,1668,2589,2514,2111,2165,2256,2513,2546,2447,1872,1378,2229,2160,3741,2169,2459,1677,1679
"COG0060",7057,5763,5203,7017,4840,6556,7635,7325,5298,5547,5276,6104,4776,6864,4786,5970,6877,4703,5284,6332,5115,6562,6710,5401,6211,7661,6480,6200,6484,6907,5523,5141,5838,8730,6515,5155,5625,3652,5704,5620,7100,7225,6866,6826,5163,3982,6525,5460,4851,6344,7509,6686,5656,5079,5256,4918,4254,7245,6844,7463,6474,5771,5477,7441,6387,4834,7976,7697,5815,6221,3287,4826,5524,6675,4550,6038,5563,7460,5204,7018,4800,6040,7941,5197,6164,7316,5473,4950,5463,5677,5230,4995,9848,5675,4733,5821,6153,7068,4591,7536
"COG0061",2156,1843,1776,1732,1799,1989,2078,2391,1974,1941,1981,1974,1585,1970,1802,2402,2399,1784,1531,1843,1789,1856,2135,2245,1866,1824,1837,2009,1931,2213,2052,1771,1926,1755,2216,1763,1876,1463,1699,1707,2348,2143,2070,2105,1822,1471,1944,1688,1974,1945,1758,2834,1826,1692,1511,1756,1381,2071,2194,1973,2289,1926,1883,1906,1900,1850,2180,2151,2142,2317,1416,2072,1831,1997,1633,2050,1659,1817,1755,2028,1732,1678,1843,1758,1910,2106,1736,1729,1679,2096,1930,1884,1327,1859,1683,1803,1612,2061,1425,2280
"COG0062",2343,1935,2002,2221,1891,2520,2860,2777,1649,2144,2336,2188,1735,1848,1967,3009,2613,1993,1712,3444,1882,2107,2815,2964,1632,2555,2233,2727,2468,3019,2015,2041,2068,1410,2221,1263,2157,1692,2046,2033,2865,3228,2013,2268,1991,1525,2954,2429,1533,2614,2315,4096,1932,1308,1596,1613,1511,2624,2621,1354,2301,2047,2062,2355,2762,2325,3043,1799,1927,2463,1653,2676,1760,1942,1504,1473,1817,2433,2175,1752,1838,2217,1884,2013,2115,2506,2061,2268,1776,2348,2086,1649,1229,2366,1979,2815,2660,3938,1519,2917
"COG0063",3032,2203,2176,2220,1990,2556,2912,3374,1724,2446,2550,2497,1939,2225,2058,3101,2791,2215,1810,3544,2077,2314,2935,3355,1918,2656,2417,2823,2471,3361,2370,2249,2248,1577,2418,1858,2411,1789,2189,2154,3044,3215,2023,2328,2079,1637,3179,2480,1747,2783,792,1385,699,501,640,566,512,999,939,817,1033,767,759,838,894,780,1089,832,1014,822,586,884,534,709,599,681,682,806,735,800,716,773,739,783,712,897,752,784,693,843,730,578,456,826,742,977,882,1342,508,996
"COG0064",3264,1329,1082,2177,1256,1609,2060,2557,1265,611,818,1797,671,1367,1140,855,1440,966,286,599,865,997,1477,1226,979,1619,1416,1674,1001,1777,1228,414,1407,2430,1527,670,984,636,857,1674,2299,518,1195,1289,341,341,1205,1484,1121,999,2608,467,1091,677,1036,812,350,1551,880,2528,3554,1358,1655,2373,1297,693,1928,1862,2912,537,397,740,462,1387,1124,847,1122,2391,517,2785,368,1270,2457,1171,500,1903,483,913,802,771,1608,440,4114,988,1626,3514,899,866,682,1730
"COG0065",3457,3164,3598,4978,2154,2855,3930,3304,2693,3170,2862,2623,2323,2819,2090,2495,3365,2683,2811,3089,2813,2799,3199,2310,2609,2906,2782,3493,3073,3061,3143,3111,2746,2044,2795,3461,2811,1627,2805,2693,3690,3060,2933,2831,2398,1800,2950,2674,2520,2435,2368,2982,2606,2913,2901,2653,1810,3214,3253,3207,3322,2853,3475,2618,2366,2189,2747,2184,4499,1804,1777,2058,2627,2845,2920,3017,2458,2219,2777,3057,2229,2565,2072,3270,2739,2307,2229,2095,2652,3351,3165,2216,1872,2698,2548,4598,3133,3558,1923,1774
"COG0066",1409,1214,1410,1357,1376,1221,1229,1169,1609,1332,1211,1632,1173,1436,1386,1163,1404,1280,1193,1140,1151,1348,1631,1274,1175,1270,1247,1413,1613,1306,1277,1422,1245,1083,1520,1202,1199,1531,1359,1302,1450,1448,1260,1294,1614,1350,1392,1190,1420,1117,1282,1531,1425,1119,1316,1409,1150,1346,1441,1261,2062,1521,1501,1265,1186,1541,1214,991,2006,1093,1125,1645,1526,1477,1328,1400,1180,1269,1162,1301,1136,1425,1139,1469,1507,1111,1392,1503,1391,1937,1587,845,1064,1540,1581,2732,1260,1028,943,1025
"COG0067",8497,4088,4590,4671,3265,5313,7006,5194,3239,4945,5247,4345,5454,4670,4221,5905,7204,4439,3173,4824,5637,5239,5852,5196,4484,5564,4752,6535,5206,8082,4756,3667,5466,3466,5018,5676,6366,2931,4495,4071,5054,5453,4774,5012,4490,3329,5835,6105,3343,3554,5028,8976,5573,3536,4577,4587,2507,4852,6654,2825,6572,5070,6976,5621,5505,4487,5787,3702,6384,4238,2731,4518,4726,4593,5393,6021,4878,4327,6272,5380,4546,5973,4078,5318,3693,5306,4635,4325,5675,4502,5437,4040,2713,5341,5041,6285,7625,5539,3254,4000
"COG0068",1312,787,395,139,1721,722,1087,1410,1060,1167,502,372,644,458,826,165,1061,1200,322,149,150,939,115,1528,203,212,372,444,497,571,214,616,837,1054,212,252,321,783,489,830,971,485,455,153,289,306,736,147,510,1020,336,225,479,441,329,199,303,597,657,733,394,571,648,632,367,1134,261,556,1339,153,958,1361,205,990,913,318,111,786,364,936,327,184,499,230,440,207,396,294,481,235,978,362,315,824,356,3791,239,761,144,185
"COG0069",8630,4266,4727,4624,3162,5599,7052,5370,3296,5637,5401,4598,5575,4837,4250,5873,6484,4318,3642,5033,5521,5342,6068,5328,4952,5949,5116,6575,5189,8005,4821,3680,5466,3768,4901,5489,6098,3466,4913,4362,5477,5511,5097,5407,4372,3432,6304,5892,3487,3827,5159,7794,5896,3584,4638,4611,3355,5066,7045,3084,6333,4882,7020,5544,5348,4369,5896,3973,6680,4069,2850,4689,4845,4705,5688,6311,4896,4632,6516,5288,4682,5845,4212,5058,3504,5452,4491,4123,6031,4421,5790,4090,2836,5246,5199,6840,7622,6153,3514,4008
"COG0070",2741,1229,1409,1517,979,1640,2385,1736,1037,1638,1701,1353,1603,1528,1351,1905,2178,1302,1114,1576,1655,1616,1856,1630,1451,1773,1510,2069,1556,2615,1364,1136,1772,965,1480,1639,1983,853,1408,1232,1612,1728,1413,1635,1372,1052,1847,1886,1073,1062,4493,7783,5321,3567,4209,4353,3126,4472,6745,2682,6281,4638,6366,5151,5117,3920,5374,3387,6368,3845,2432,3971,4378,3988,5024,5901,4522,3805,6068,5317,4383,5390,3687,4906,2744,4879,4203,3945,5335,4163,4931,3940,2508,4622,4238,4849,7298,5286,2960,3734
"COG0071",723,503,532,693,546,730,734,682,836,477,735,660,755,568,690,914,532,727,545,792,472,503,667,1102,498,616,787,628,540,802,518,402,636,541,621,340,446,769,533,921,573,604,402,556,761,750,568,1080,693,642,1801,1370,2172,1613,1388,1909,2302,2064,1337,1324,1456,1816,1747,2327,2459,2067,2941,1819,2332,2227,2019,2757,1596,1532,1894,1602,1410,1980,1163,2096,1388,1723,2749,1961,1397,2120,1317,1676,1627,1616,1836,1208,1747,1561,2291,1155,1721,2464,1282,2467
"COG0072",4538,4781,2978,4055,3375,4672,4091,5457,3379,4728,3976,4042,3058,4219,4222,5309,4174,2998,3189,5059,3833,4135,4961,4409,4532,4888,4939,4075,3676,5525,3587,3327,4380,5702,4219,3722,3663,2722,4378,4586,5240,4106,4619,4030,3021,2882,4643,3371,4004,4381,5310,5913,3547,4074,4152,3683,3296,4765,5577,4241,5195,3487,3864,5277,4664,4370,5591,6002,4993,3685,1900,4225,3185,4688,3860,4035,3356,5630,3803,4698,3486,4418,5834,3996,2893,4932,3016,2991,3676,2818,4435,3953,6502,4062,3574,6748,4857,4450,2888,5336
"COG0073",9222,8843,5727,9542,5435,8676,8715,10231,6858,8310,8059,7841,6739,8578,8007,10432,7624,5918,5455,9313,6736,8444,9367,8960,8003,9573,8925,8539,7318,10637,6736,6430,8143,9324,7688,7223,7528,6182,8030,8527,9831,8431,9266,8397,6290,6076,9492,6977,8318,8717,9703,12091,7912,7538,7430,7200,5931,9884,10118,8403,7240,7020,7030,8888,10133,8828,9732,11339,8455,8568,4250,9447,7615,8904,7785,8058,8340,9688,6245,9557,6016,8938,10233,7555,5733,9169,5970,6655,8006,6145,8539,6218,8977,8206,8036,10301,8700,9190,5164,9333
"COG0074",481,904,548,373,1695,381,127,227,394,926,697,361,843,273,553,616,233,2181,829,94,391,247,149,1380,445,152,194,520,358,388,165,873,753,1035,153,596,451,392,368,249,475,256,227,174,375,676,302,196,670,497,190,204,240,489,493,307,789,387,579,342,1552,126,406,148,268,770,228,554,985,112,3138,464,314,450,412,253,588,270,642,431,602,216,299,277,357,116,422,268,315,226,602,1270,338,666,195,2018,243,280,1067,79
"COG0075",641,1537,1228,300,910,1345,1398,1079,1812,1087,2003,1255,1488,1531,1090,1310,1389,767,1708,3219,890,1927,1423,1152,1334,766,1470,1163,1451,1163,1513,1868,906,1004,1008,1209,1803,2602,1234,844,1191,3789,1972,1965,1468,1681,1088,1266,1242,1558,1182,2369,1143,1613,1497,1037,1660,1594,1101,604,633,1942,856,1279,2656,1253,660,552,425,1076,702,2246,1413,1354,1461,860,947,1046,1634,933,1567,1407,788,1659,2543,1269,1918,2442,1160,2307,1667,1724,830,2465,1038,1365,2562,380,1580,836
"COG0076",358,1744,1530,546,2549,621,139,486,652,1688,1304,948,1680,1370,1093,138,1294,1666,2147,101,1468,1624,494,1165,1588,1067,520,773,1295,304,1432,2038,1605,1058,920,2137,1765,1477,1293,858,1199,775,1232,971,1451,1937,986,479,1404,915,246,75,390,621,451,442,654,332,478,211,308,446,422,65,143,312,53,187,50,192,787,190,515,386,477,298,481,279,655,57,635,421,175,379,605,179,694,379,542,554,419,717,333,545,329,29,281,36,419,103
"COG0077",1396,1654,1752,2243,1632,1648,2112,2042,1527,2055,1940,1857,1671,1922,1822,2257,2156,1824,1206,1898,1917,1711,2130,2253,1792,1850,1894,2049,1735,2328,2097,1781,2124,1600,1999,1936,1970,1485,1802,1662,2415,1719,1468,1961,1639,1089,1960,2050,1693,1153,1710,1902,1650,1594,1688,1728,1059,2274,2036,1658,2445,1962,1883,1811,2035,1844,1840,2433,2579,1436,1743,1859,1452,2003,1816,2335,1487,1814,1621,1915,1579,1732,1957,2147,1416,1834,1497,1686,1683,1668,2095,1313,1170,1487,1777,2692,1627,2221,1405,1384
"COG0078",2480,2237,3072,3416,3642,2649,3717,3883,2852,2583,2615,2778,3011,3011,3117,2396,3288,2918,1789,2202,2360,3054,2456,3113,2498,2623,2868,2888,2573,3294,3147,2627,2748,2829,2996,2366,2586,2358,2996,2813,3505,2359,2479,2950,2779,2067,2949,2535,3078,2118,2408,2520,2990,2192,2507,2710,1635,3314,3009,3096,3120,2708,2683,2679,2508,2652,2611,4129,3902,2207,4699,2630,2683,3348,2717,3844,2300,2704,2147,3170,2066,2478,3344,2883,2563,2319,2356,2543,2875,3002,2880,1628,2194,2676,2861,3290,2257,2956,1841,1917
"COG0079",6421,4107,4417,3920,3500,4418,5792,3711,4641,4013,4794,5675,4339,4086,4099,4586,5701,3478,3108,3736,4345,4193,3995,3786,4118,4927,4614,4071,5689,5282,4277,5503,5042,3032,4844,3663,4898,4622,4486,5988,4308,3597,5250,5825,5351,5188,4234,5789,4471,4577,4825,2560,4666,3467,4265,5601,5955,4457,3518,3365,3510,6446,5689,5052,4105,3920,4039,3606,5716,4393,2135,3696,4423,3716,4508,6387,4530,4178,4553,4425,4338,4634,4436,5007,5865,5407,5299,7470,4052,6051,4985,3959,3318,4754,4341,4765,3623,4265,3785,5535
"COG0080",1691,1090,1064,1352,1095,1469,1566,1478,1762,990,1343,1389,1177,1109,1501,1674,1162,1204,812,2225,972,1205,1524,1582,1121,1414,1600,1251,1190,1578,1222,969,1261,1561,1281,842,1106,1546,1370,1659,1423,1452,1112,1124,1282,1298,1352,1460,1571,1199,1512,1347,1409,1193,1095,1287,1035,1476,1028,1423,1515,1321,1195,1582,1444,1349,1775,1503,1285,1365,818,1603,1143,1278,1378,1115,1069,1637,861,1457,955,1169,1740,1273,1000,1540,1113,1259,1203,1217,1419,806,1778,1226,1341,1582,1212,1586,847,1839
"COG0081",2176,1748,1601,2093,1704,2082,2159,2588,2047,1523,1824,1941,1625,1969,2387,1887,1747,1413,1459,2785,1389,1892,1982,1810,1757,2298,2175,1696,1654,2294,1647,1374,1770,2355,1953,1630,1685,1826,1975,2318,2194,2376,2067,1566,1752,1783,2360,2290,2306,1753,2151,2080,2181,1849,1808,1712,1429,2247,1762,1735,2524,1803,1739,2100,1983,1493,2662,2180,2322,1577,986,1552,1700,1913,2041,1495,1882,2197,1385,1984,1482,1934,2353,1852,1618,2325,1788,1826,1936,1630,2004,1553,2618,1915,1796,1978,1949,2318,1440,2286
"COG0082",2553,2179,1957,2015,1737,2024,2070,2005,1904,1978,1909,1952,2046,2149,1764,1939,2231,1734,1789,1780,1867,2112,2460,1753,1870,2262,1895,2179,2180,2496,2319,1679,2156,1821,2090,1847,1991,1618,2084,1931,2383,1907,2094,2325,1911,1728,2160,1913,1973,2068,1947,2987,1999,1781,2028,1974,1372,2673,2568,1963,2615,1894,2224,1970,2055,1926,2247,2561,2356,1929,966,2149,1614,2245,1779,2512,1620,1986,1963,2043,1579,2050,1803,2404,1796,2002,1749,1633,2276,2023,2001,1848,1383,2092,2027,2608,1742,1981,1415,1951
"COG0083",960,292,351,406,916,496,391,1396,674,478,262,506,663,340,633,605,463,718,151,176,357,169,194,955,234,302,323,473,417,524,329,213,376,298,358,278,156,248,484,398,671,202,251,298,382,172,294,165,456,349,392,197,328,298,209,286,136,582,510,1217,2052,354,466,377,243,405,237,1056,1691,96,785,485,216,398,327,885,93,393,200,1211,129,237,430,546,197,305,170,201,393,171,366,148,304,249,139,2037,167,437,422,261
"COG0084",2634,2509,3190,1821,3583,2316,2783,2834,3128,3335,3924,3044,2580,2626,2807,2964,2513,3206,3096,2125,2873,2711,3046,2728,2664,2734,2243,2897,2771,2932,3109,3476,2940,2856,2853,2577,2770,3259,2810,2772,2896,2257,2523,2692,3080,2997,2579,2439,2936,2498,2653,2818,2604,2933,2620,2790,3053,3096,2897,2975,3121,3101,2757,2933,2641,3033,2811,2653,3211,2582,2973,2687,2375,3078,3029,2467,2301,3479,2943,2688,3180,2919,2838,2580,2886,2608,3325,3037,2478,3243,2821,2565,3203,3178,2815,2886,2138,2144,3029,2802
"COG0085",7714,7358,7939,9516,6696,8673,10540,9238,7949,8660,7784,7741,9240,10239,8109,9882,8768,7191,7392,9835,7423,9084,9681,10599,8369,10554,8899,8525,7358,9742,8435,6908,9414,10960,7913,7730,7663,8712,8297,9452,9351,9453,9485,7230,8552,9729,9365,8661,7278,8591,9570,10173,9843,7721,7398,7907,6140,9630,9426,10459,9888,8244,8714,9462,11371,7825,11303,10532,7863,9789,5038,10578,8723,8833,9037,8624,7833,10313,6943,8513,6722,8740,10349,9735,8613,10151,8843,8837,9791,7323,9874,6283,9900,9770,8163,9951,9007,10197,6326,8864
"COG0086",9303,7899,6383,7201,7139,8311,8904,9664,7169,7641,7964,7713,6116,8981,8166,11252,9831,6863,6693,11310,7486,9221,9578,9750,7835,10010,9585,8772,8293,10217,7608,6813,8762,10629,8013,8027,7713,4765,8296,8038,9635,9239,9766,7545,6923,5398,10346,6808,7138,8211,9342,12346,6982,8254,7794,7015,5229,10310,11598,10054,9293,7491,8212,9372,10556,6563,11404,10902,8561,9458,4707,8257,7749,9254,7059,7887,7528,9607,7354,8266,6522,7802,10546,7577,7579,9810,6867,7049,7893,6433,6863,7065,10806,7858,5723,5165,9166,10650,5258,9403
"COG0087",2126,1584,1534,1555,1378,1780,2193,2172,2080,1484,1593,1664,1613,1839,2046,1921,1748,1421,1273,2314,1300,1728,1891,1905,1547,1985,2085,1686,1590,2103,1594,1314,1775,2287,2026,1242,1453,1874,1735,2304,2055,1748,1737,1564,1498,1651,1976,1992,2042,1944,764,644,674,559,530,601,477,727,496,696,832,553,592,739,663,467,743,780,656,466,243,488,432,641,639,553,590,673,377,690,410,587,759,625,457,683,455,532,572,553,654,375,765,577,641,832,593,738,450,773
"COG0088",2282,1538,1707,1416,1638,1796,1955,2138,2018,1655,1781,2085,1577,1656,2103,2107,1770,1475,1297,2367,1278,1930,2243,2201,1544,1955,1901,1651,1720,2333,1697,1572,1731,2294,1866,1373,1743,1808,1835,2080,2203,1904,1675,1770,1776,1711,1944,1507,2182,1888,2166,2075,1795,1500,1641,1662,1243,2099,1659,2136,1987,1714,1660,2156,2248,1919,2320,2204,2083,1978,1253,1898,1636,1907,1715,1510,1742,2135,1260,1998,1537,1690,2367,1529,1692,2363,1564,1866,1631,1779,1889,1163,2267,1887,1919,2177,1644,1947,1191,2514
"COG0089",1259,608,888,559,861,1260,1069,1184,1346,866,960,1001,884,1006,1338,1082,766,898,916,1303,835,885,1132,974,837,1285,1209,1028,786,1242,890,679,1075,1330,1074,663,797,1110,1083,1455,1098,1071,786,869,1094,1033,1023,1485,1448,937,1264,779,1214,898,879,1065,984,1287,730,892,1251,1041,1005,1302,1194,1069,1576,1226,946,1084,624,1029,774,940,1147,985,897,1260,642,1039,706,934,1422,956,832,1430,790,1009,939,809,1140,723,1201,938,922,1344,956,1093,744,1413
"COG0090",2335,1637,1536,1993,1559,2351,2530,2857,2158,1830,1661,1576,1648,2015,2036,2408,1930,1520,1173,2857,1490,1908,2420,2695,1770,2502,2339,1982,1599,2499,1591,1195,2026,2496,2238,1584,1507,1143,1819,2162,2331,2112,2091,1876,1430,1335,2304,1949,2004,2209,2428,2606,1884,1595,1822,1733,1180,2559,2063,2569,2501,1692,1809,2405,2417,1532,2913,2588,2282,1663,1050,2308,1493,2054,1780,1850,1839,2400,1442,2531,1077,1900,2656,1784,1257,2593,1276,1302,1834,1312,2129,1342,2603,1783,1514,2971,2132,2854,1256,2596
"COG0091",1376,1002,1000,1037,1117,1477,1387,1413,1610,984,1071,1203,1110,1246,1598,1450,1086,995,719,1785,966,1269,1693,1381,1042,1300,1495,1089,1066,1471,1076,783,1175,1573,1393,878,986,1392,1272,1466,1355,1333,1106,1005,1142,1111,1388,1641,1569,1237,1514,1404,1321,1085,1193,1144,775,1341,886,1348,1582,1209,1157,1581,1348,1600,1750,1501,1287,1143,821,1147,1091,1319,1411,1173,1032,1455,781,1266,848,1132,1650,1115,975,1574,1051,1244,1167,1077,1426,635,1776,1159,1301,1491,1189,1452,903,1662
"COG0092",2028,1290,1089,1506,1016,1824,1982,2151,2070,1345,1365,1723,1257,1585,1797,1873,1777,1034,958,2267,1164,1724,2150,1855,1418,1964,1909,1598,1531,2208,1337,1187,1409,2138,1825,1041,1286,1275,1507,1759,1956,1704,1595,1511,1385,1249,1987,2044,1498,1745,2008,2297,1537,1130,1241,1305,1016,2149,1724,1990,2465,1417,1543,2154,1875,1534,2546,2271,1608,1400,432,1540,1482,1779,1408,1529,1323,2095,1216,2192,1152,1559,2317,1633,1242,2284,1367,1796,1370,1481,1662,1089,1699,1711,1466,2176,1752,2139,1043,2551
"COG0093",1354,937,849,1002,1070,1192,1222,1293,1319,845,948,1013,789,964,1258,1072,965,934,753,1335,651,1127,1192,1127,891,1234,1197,1030,872,1258,835,683,1052,1512,1188,738,849,694,985,1211,1317,1080,1054,1088,788,875,1308,1002,1298,1043,1467,1419,1050,969,967,838,734,1384,987,1407,1137,908,892,1332,1276,962,1626,1456,1145,757,830,638,888,1153,946,753,920,1265,586,1122,717,1077,1570,835,885,1456,745,858,919,727,1008,754,1501,867,1040,921,974,1338,667,1410
"COG0094",1812,1564,1422,1509,1385,1792,1832,1997,2084,1402,1649,1772,1508,1480,1898,2030,1676,1313,1182,2072,1207,1633,2362,1995,1476,1960,1735,1458,1377,2173,1307,1491,1592,2044,1803,1237,1516,1960,1535,1825,1520,1561,1548,1416,1776,1666,1660,1781,1890,1624,1980,2189,1791,1520,1253,1559,1296,1728,1361,1900,2213,1675,1464,2139,2069,1777,2141,1957,1664,1787,943,1776,1620,1673,1737,1357,1604,1753,1221,1641,1415,1576,2139,1507,1331,2197,1578,1811,1427,1643,1934,1177,2001,1682,1684,2015,1522,1815,993,2204
"COG0095",187,836,891,231,1153,826,107,900,643,1522,727,357,367,412,754,357,392,646,899,532,586,355,610,785,773,611,432,261,421,838,626,928,710,1020,726,963,768,720,660,546,801,312,271,456,271,646,346,158,796,1185,253,654,396,920,605,596,843,589,703,1336,2449,646,709,440,350,951,404,766,821,396,1123,552,451,525,1028,406,547,495,941,759,942,334,984,347,305,564,560,175,479,285,845,1051,313,709,268,2358,197,305,974,770
"COG0096",1612,1045,823,952,1183,1487,1477,1622,1432,928,1145,1127,864,1103,1564,1589,982,959,726,1851,808,996,1501,1485,985,1345,1504,1194,935,1553,900,825,1051,1578,1357,688,792,821,1347,1496,1390,1316,927,947,738,934,1311,1617,1516,1131,1567,1194,1157,923,988,1018,769,1386,1074,1563,1460,960,1005,1614,1358,1119,1859,1545,1474,1150,757,1327,713,1350,1133,778,919,1515,712,1421,660,1079,1849,987,715,1515,688,752,864,842,1271,790,1239,1016,1134,1500,1254,1595,930,1693
"COG0097",2172,1663,1244,1521,1560,1888,1936,2023,1766,1277,1587,1460,1289,1408,1637,2274,1279,1300,1296,3022,1279,1462,2157,2104,1571,1917,2082,1516,1276,1985,1318,909,1407,2017,1630,1135,1130,850,1651,1890,1834,1971,1493,1446,1301,1179,1924,1703,1665,1488,1940,1904,1395,1526,1362,1349,1076,1841,1365,1887,2186,1335,1400,2006,1957,1371,2524,1982,1363,1514,1065,1690,1418,1627,1305,1246,1404,1651,972,1734,1062,1301,2277,1409,1267,1937,915,1262,1254,1048,1731,1548,2027,1291,1100,2259,1782,2311,1038,2056
"COG0098",1498,1431,1227,1269,1218,1563,1808,2067,1904,1387,1624,1493,1485,1496,1646,1862,1760,1301,1113,2133,1289,1468,1566,1970,1443,1667,1772,1573,1364,1850,1553,1169,1412,1869,1738,1217,1248,1551,1451,1904,1761,1864,1542,1393,1747,1535,1818,1487,1782,1397,1774,1837,1585,1501,1339,1464,1069,1812,1517,1677,1727,1612,1485,1909,1995,1326,2134,1839,1633,1714,1020,2159,1419,1567,1569,1661,957,2015,1167,1535,1236,1552,1983,1576,1497,1810,1362,1567,1494,1479,1758,1136,2051,1518,1310,1819,1685,2094,1053,1653
"COG0099",1554,885,984,806,941,1154,1257,1105,1416,908,956,1335,892,1117,1241,1346,945,883,743,1150,833,1103,1111,1462,1180,1166,1231,900,991,1176,943,869,950,1422,1408,980,919,1267,1107,1285,1375,1021,1069,1094,1136,1001,1177,1037,1528,884,1299,785,1197,1121,944,1031,842,1123,938,1202,1314,1213,973,1401,1469,1137,1540,1266,1308,1116,795,1374,1243,1045,1145,868,975,1318,710,1136,888,1159,1680,962,958,1186,1042,1280,965,1029,1142,683,1667,1005,1081,1249,1013,1241,739,1195
"COG0100",1353,861,765,963,1116,1133,1353,1408,1271,812,1041,1178,752,889,1194,1460,1086,845,589,1730,820,890,1267,1517,948,1393,1282,1043,939,1314,857,769,998,1462,1380,636,767,642,1001,1218,1320,1193,936,865,1143,752,1223,958,1159,936,1415,1051,857,952,846,839,468,1282,1049,1302,1430,946,945,1398,1332,770,1730,1441,1302,1243,671,1179,1007,1145,733,938,686,1188,608,1444,744,887,1500,1066,861,1534,838,1051,877,918,922,725,1527,905,843,1146,1041,1414,606,1613
"COG0101",3687,2152,1996,2038,1718,2623,3160,3034,3197,1711,2054,2489,2149,2427,2095,2237,2496,2004,1630,2182,2009,1963,2356,1831,2140,2532,2295,2925,2622,2908,2228,1555,2079,2557,2619,1583,2072,2147,2184,2221,2222,2232,2262,2707,2034,2154,2173,2624,2172,2128,2676,2027,2414,1916,2026,2202,1687,2552,2066,2517,2823,2291,2349,2699,2128,1944,2885,2714,2957,2084,1559,1683,1797,2201,1972,2375,1736,2458,1669,3346,1536,2322,3052,2811,2077,2799,2062,2189,1988,2290,2917,1833,3017,2244,2197,2499,2040,2110,1777,2807
"COG0102",1674,1275,1049,1030,1203,1395,1157,1274,1496,1015,1204,1333,839,1185,1594,1644,1116,1000,1028,1139,817,1051,1455,1310,1191,1386,1489,1242,1230,1481,1229,925,1118,1597,1337,741,984,860,1202,1519,1404,1117,1126,1092,1052,935,1007,1459,1549,1286,1582,1345,1167,1273,1077,1158,771,1518,1245,1509,1531,1099,1175,1485,1660,1105,1809,1401,1630,1674,773,1652,1048,1370,1192,1130,1246,1451,855,1238,858,1246,1721,956,1244,1629,887,1126,937,1152,1174,914,1649,1134,1028,1573,988,967,861,1961
"COG0103",1273,917,1163,1150,1170,1234,1319,1205,1474,921,943,1162,990,1055,1239,1604,1161,962,940,1811,779,980,1217,1371,920,1182,1398,1100,1161,1186,1064,1031,995,1385,1295,934,921,1186,1139,1470,1380,1372,1040,1011,1082,1137,1301,1294,1338,1112,1319,986,1203,1129,1078,1100,839,1373,1012,1435,1421,1114,1120,1280,1495,1051,1869,1296,1355,1403,726,1739,972,1132,1131,953,985,1477,925,1260,1009,992,1525,1101,1133,1357,1072,1200,1062,1286,1183,748,1189,1139,1140,1497,1320,1349,806,1486
"COG0104",3667,2385,2664,2697,2582,3452,4169,4215,3091,2758,2790,3002,2930,3876,3176,3956,3601,3100,2092,3913,2917,3098,3347,3334,2818,4341,3486,4115,2733,4421,3341,2271,3052,2730,3272,2906,2648,2598,3054,3039,3333,4048,2931,3390,3308,2208,3541,4248,2713,2870,3372,3425,3421,2617,2717,2976,2198,4047,3296,3592,3826,3521,4153,3397,3670,2478,4205,3121,3339,3164,1746,3310,2966,3388,3371,4298,2604,3912,2357,3551,2525,3159,3350,3449,3805,3962,2565,3103,3232,2351,3593,2004,1972,2832,2884,3250,2956,3825,1666,3680
"COG0105",366,377,475,156,609,384,168,303,561,663,441,239,532,437,473,237,201,428,845,427,469,327,443,363,378,382,1534,300,371,567,411,453,327,459,130,375,320,643,419,466,396,449,409,190,566,676,294,341,384,869,156,652,394,441,473,367,702,308,331,627,165,295,386,606,320,765,401,169,228,293,457,422,336,316,429,261,433,398,461,114,440,285,275,259,576,601,511,361,466,476,508,629,1478,656,464,703,303,185,615,964
"COG0106",2056,1561,1480,1576,1252,1459,1703,1495,1505,1397,1429,1629,1537,1508,1484,1685,1475,1274,1219,1590,1461,1475,1520,1390,1474,1541,1540,1647,1712,1648,1535,1510,1501,1010,1800,1277,1528,1742,1508,1660,1600,1609,1385,1848,1477,1495,1605,1381,1428,1099,1534,1355,1755,1258,1454,1540,1417,1627,1523,1186,1783,1539,1809,1422,1485,1419,1495,1044,1936,1183,697,1570,1324,1608,1420,1723,1635,1259,1316,1357,1342,1872,1235,1467,1420,1301,1394,1645,1766,1590,1893,990,1281,1494,1695,1660,1344,1721,1098,1114
"COG0107",1937,1917,1421,1205,1239,1722,2187,1904,1311,1302,1612,1729,1644,1504,1334,1899,1954,1462,1083,1848,1665,1589,1466,1910,1474,1692,1632,1919,1418,1736,1418,1218,1736,1230,2205,1222,1318,1108,1385,1617,1802,1656,1527,2105,1142,1044,1716,2377,1404,1223,1731,1591,1851,1311,1333,1444,1092,1812,1732,1375,2217,1395,1514,1378,1788,1462,1755,1224,1991,1375,1208,1210,1291,1640,1703,1823,1221,1448,1499,1504,1255,1636,1492,1604,1163,1589,1052,1706,1737,1301,1633,939,1131,1528,1921,1846,1473,2120,922,1272
"COG0108",1730,2564,1933,997,1531,2349,1973,2513,2033,2442,2877,2247,2353,2438,2453,2625,2280,1779,2151,3336,1902,2531,2377,2527,2298,2337,2072,2520,2652,2699,1881,2336,1795,1242,1913,2644,2172,2732,2606,2536,1506,3899,2820,2843,2817,2731,3053,2152,2543,2461,1368,3083,2644,2579,2381,2727,2146,2442,2673,716,758,2128,2212,2251,2365,2717,2685,979,1464,2485,886,3118,3071,1968,2809,1685,2298,1891,2466,1246,2336,2634,1519,2328,2614,2268,2444,2388,2811,2454,2504,2426,1656,3069,1986,1904,2432,3707,1942,2070
"COG0109",24,48,87,87,514,4,2,9,191,35,139,2,123,2,87,18,9,421,55,0,5,1,1,361,2,0,0,120,75,2,15,85,188,141,9,21,9,4,26,0,59,10,5,5,66,72,4,22,109,7,0,55,11,49,6,4,16,15,22,66,95,1,8,2,55,59,4,7,1,11,775,3,19,14,3,19,21,14,24,75,52,1,80,8,30,7,16,4,17,10,3,176,0,51,0,0,7,0,69,5
"COG0110",4932,8845,6322,7833,5616,8062,4147,5065,5878,7065,9372,7643,8379,6715,7403,5164,5235,5626,11421,8473,8935,7917,5537,3430,9065,7067,6451,5862,7292,5480,7121,11631,6024,5603,8007,8037,9583,13995,7579,9356,4592,5628,8072,8643,6748,10644,6396,7208,10453,6672,6040,3404,7164,10295,9086,8845,11369,5842,6270,4263,5815,8773,6531,6309,5440,8500,5100,4190,4214,4528,3737,7151,8168,7389,9779,5861,10190,6285,7361,4186,9826,7959,4686,6354,9739,6103,8852,8014,6934,9364,9808,12478,7531,7674,8507,7074,6228,2352,9517,5000
"COG0111",4061,4023,3906,4542,4968,4252,3910,4882,3924,5133,4820,4690,3435,4230,4528,4051,4200,3715,3604,2428,3645,4345,3357,4452,4041,4141,3940,4356,3883,5794,4375,3845,4275,3971,4400,3743,3625,3542,4555,4312,7755,4481,4056,4447,4036,3020,3994,3756,4724,4003,3524,2799,3876,3495,3998,3341,3280,5015,5042,3173,6577,3644,3120,4624,3709,5148,3693,5542,8586,3294,5727,3953,3937,4478,4133,4402,3732,4779,3344,4679,3321,3404,5157,3724,4690,3514,3303,3422,3952,3747,4354,3573,3216,3568,3178,11214,2856,3956,3926,3289
"COG0112",1915,2301,1878,2211,1634,3145,2392,2949,2488,3295,2311,2390,2090,2595,2536,3507,2546,1443,1942,3271,2054,2708,2808,2721,2375,3018,2817,2555,2164,3177,2187,2131,2252,2970,2579,2367,2912,2535,2625,2943,2881,3180,2571,2420,2148,2107,3020,2863,2292,2944,2892,3292,2429,2105,2351,2386,2106,3167,3055,1874,2321,2234,2395,3221,2640,2775,3503,2833,1189,2157,943,3367,1986,2708,3121,2558,2091,2809,2200,2708,2031,3050,3011,3330,2364,2893,2455,3083,2442,2448,3372,2192,1754,2833,2196,5189,2830,3510,1933,2962
"COG0113",1264,634,672,1839,806,778,549,412,1330,546,420,585,345,387,503,255,588,1131,211,246,147,259,458,694,290,618,356,666,844,486,296,214,608,674,369,289,440,324,491,715,676,322,610,479,251,352,515,214,515,491,453,278,343,507,331,253,190,563,489,770,393,480,806,546,555,542,234,469,782,350,944,525,251,564,445,428,210,463,331,669,218,608,472,312,287,495,408,250,223,389,404,491,267,467,647,1614,290,436,511,373
"COG0114",329,305,393,162,761,134,336,1421,397,167,360,424,259,235,435,302,226,620,328,127,97,334,120,549,152,239,270,275,288,460,613,583,417,598,259,169,242,54,516,193,557,123,160,280,220,249,94,152,421,223,310,193,193,246,342,127,188,775,441,802,526,152,228,205,186,178,187,1282,1105,91,895,17,252,125,98,288,135,227,274,500,250,112,756,111,151,131,282,106,287,449,76,323,274,433,116,253,145,132,174,132
"COG0115",3021,2876,2811,2402,3031,3364,3343,2776,3037,3095,3294,3334,2704,3146,3536,3248,3903,2790,2995,3605,2654,3165,3313,3247,2841,3316,3339,3140,3230,3470,3735,2757,3076,2209,3641,2764,2834,3128,3136,3235,3875,3520,2870,2833,3600,2490,3434,3361,3384,3603,3406,4330,3115,2960,3103,2966,3011,3541,3285,4153,3249,3040,3190,2975,3762,2614,3171,3056,3735,3130,2333,3991,3211,3382,3117,3176,2757,3468,2688,2762,2705,3083,2965,2728,3942,3442,3103,2899,3014,3604,3015,2533,2082,3051,2708,3667,3300,5065,2498,3579
"COG0116",2140,2248,2022,2151,1669,1963,2754,2230,2222,1565,2469,1666,2112,2153,1538,2860,1831,2418,1709,2464,2132,2030,2326,1598,1479,2663,2286,2891,2008,2673,2152,1249,1949,1953,1988,1191,1716,1094,1735,1651,2183,2104,1895,2124,1801,1558,1761,2544,1567,2454,2164,2642,2098,1504,1659,1890,1052,2299,1920,2984,930,1750,1949,2475,2917,2229,2291,2300,1385,2230,2100,2041,1539,1740,1467,1962,1750,1700,1700,2654,1430,1769,1965,2594,1888,2587,1361,1721,1947,1676,1955,2051,1097,2034,2106,1052,1777,2309,1049,3112
"COG0117",1339,1866,1744,967,1120,2052,1932,2617,1848,2171,2051,1726,1556,1883,1803,2457,2225,1541,1944,2856,1662,1846,1782,2104,1940,1732,1672,2082,2119,2090,1925,1836,1573,785,1736,2158,1845,1824,2047,1932,1332,2763,2305,2164,2095,1517,2587,2029,1684,1953,1295,2101,1614,1981,1987,1758,1308,2061,1962,722,1619,1768,1863,1732,2180,2103,2165,796,1340,2621,708,2608,2160,1767,2005,1455,1305,1737,1767,1416,1792,1769,1215,1639,2211,1543,1794,1967,1901,2253,1958,1762,1250,1989,1161,2715,2201,3314,1703,1361
"COG0118",1737,868,1122,946,1015,1354,1508,1493,1183,1234,1354,1562,1214,1079,1382,1432,1209,1098,1049,1725,1181,1269,1359,1261,1066,1304,1369,1395,1400,1424,1313,1287,1136,898,1483,934,1143,1349,1293,1398,1347,1761,1157,1453,1416,1155,1238,1551,1194,855,1279,1151,1324,1010,959,1168,983,1476,1295,929,1644,1331,1515,1313,1285,1342,1414,823,1590,1226,676,1287,1161,1205,1295,1501,908,1287,1037,1115,1165,1408,1179,1034,1232,1136,1210,1365,1272,1378,1300,675,876,1268,1206,1412,1266,1638,921,980
"COG0119",5748,5870,4229,3925,3880,5911,5521,4967,4790,4593,6413,5743,5921,5792,4616,5038,5776,4845,4722,6186,5863,6336,5916,4657,5410,6618,5738,6630,5989,6166,5043,5370,6060,4590,5863,4798,5934,4930,5116,6311,5828,8362,5554,5582,4927,4140,6545,6485,4623,4468,6028,5760,5673,5181,5193,4856,5549,6132,6071,3255,5415,5877,6235,5770,5625,5233,6178,4886,5577,4011,3763,5652,6735,5579,5637,5520,5783,4389,4646,4248,5612,5830,4606,5919,5446,5915,5819,4647,5083,5460,5874,4398,3621,5528,5118,5642,6305,6658,3667,4257
"COG0120",1394,799,490,186,762,170,211,983,567,337,497,396,371,211,243,359,137,401,724,50,632,204,132,442,452,137,101,165,354,166,190,641,223,737,154,369,358,237,301,135,247,62,322,234,177,610,103,96,278,415,189,141,289,683,471,354,701,127,291,1275,1748,161,346,92,157,185,100,127,761,91,649,32,279,228,240,181,452,588,554,760,605,237,435,292,185,100,360,270,389,202,352,929,810,412,256,762,169,40,678,91
"COG0121",37,46,96,61,383,6,41,16,423,33,100,13,126,8,53,19,9,405,29,23,4,2,8,192,5,1,3,101,65,43,18,46,187,75,5,15,19,18,29,6,70,6,7,2,42,47,6,17,58,7,3,49,12,55,13,9,16,21,9,88,85,6,13,11,33,61,6,4,87,15,559,14,6,22,7,27,8,11,20,73,38,9,65,13,25,21,17,6,13,20,16,126,7,46,1,7,1,6,55,19
"COG0122",524,525,573,1656,624,834,868,609,953,394,582,806,788,579,582,495,599,937,517,338,582,457,785,305,533,623,630,924,681,700,964,239,390,1762,743,402,478,312,883,762,1295,213,452,758,431,530,470,858,1002,351,1129,193,856,411,603,477,188,1016,618,732,300,646,497,1174,515,425,920,1510,706,200,809,201,374,847,469,606,288,1457,283,734,247,530,1484,1207,197,768,250,551,673,498,861,213,966,438,998,527,282,477,598,798
"COG0123",528,103,26,4,18,93,16,16,205,98,72,20,1,78,157,40,119,48,105,9,50,80,86,26,98,29,136,43,168,20,65,61,90,70,34,112,76,56,233,176,223,61,219,28,62,135,39,12,242,314,51,81,53,135,117,64,50,76,178,184,50,83,107,36,78,92,22,42,0,52,0,15,96,39,96,154,55,102,147,37,59,65,74,17,91,58,144,93,78,134,46,15,42,192,0,14,68,11,159,73
"COG0124",3368,2868,2672,2166,2382,3116,2838,3796,2507,3011,2330,3231,2585,3224,3263,3344,3100,2287,2489,3820,2416,3079,3268,2816,3025,2959,3385,2644,2931,3283,3290,2954,2571,4496,2964,2968,3204,3036,3264,3109,3429,3151,3161,2840,2777,2723,3430,2405,2943,2909,3358,3292,3044,2719,2807,2876,2554,3382,3213,3351,3418,3242,2955,3028,3109,2791,3807,3581,3231,3121,1469,2960,3073,3691,2977,2962,2649,3799,2899,2798,2728,2963,3778,3091,3072,3338,3012,2993,3073,3186,3015,2468,4463,3162,3103,3309,3072,3541,2291,3688
"COG0125",307,121,155,223,380,238,149,314,296,167,148,269,135,291,246,304,190,190,43,112,115,186,138,224,222,321,255,163,156,293,245,60,407,472,321,216,134,167,196,285,328,79,207,181,128,73,323,76,293,126,753,167,443,468,424,715,156,1157,738,1103,1691,467,639,1116,548,581,1126,1587,1418,248,545,450,395,904,434,835,603,1200,199,1107,189,636,1455,316,419,651,240,317,445,270,600,273,1063,411,827,1856,429,472,394,741
"COG0126",2901,2093,2102,2269,2374,2699,2775,3243,2357,2474,2292,2485,2147,2572,2509,2822,2953,2224,2117,3094,2130,2488,2831,2379,2533,2998,2723,2608,2395,3255,2557,2092,2487,3545,2689,1971,2161,1781,2605,2824,3036,2778,2750,2515,2335,1684,2770,2385,2445,2555,2597,3137,2123,1981,2158,1971,1710,3270,3005,2881,2787,2264,2473,3000,2487,2598,3243,3337,2552,2151,1741,2343,2070,2544,2075,2761,1610,3461,1982,2861,1908,2537,3369,2466,2539,3017,2137,2266,2071,2271,2127,2145,3452,2360,2109,2572,2797,2878,1739,3282
"COG0127",1941,1222,1692,1453,1354,1761,1914,2156,1942,1447,1599,1579,1412,1600,1629,1903,1549,1532,1195,1912,1379,1417,2109,2065,1268,1999,1915,1774,1650,1761,1678,1333,1733,2044,2094,997,1313,1386,1585,1598,1600,1824,1395,1507,1402,1165,1783,2064,1592,1532,2339,1948,1541,1424,1325,1598,1276,1761,1549,2077,2359,1569,1493,2262,1867,1809,2262,1944,1925,1947,1158,1665,1170,1656,1309,1605,1869,1877,1269,2158,1143,1557,1728,1719,1484,1917,1355,1851,1357,1559,1617,1130,1423,1698,1710,1968,1547,1834,1203,2250
"COG0128",3029,1957,1802,2513,1982,2290,2598,2261,2643,2406,1857,2148,2444,2666,2505,2628,2424,2113,1514,2285,2012,2458,2315,2481,2290,2576,2283,2559,2655,2979,2376,1799,2481,2075,2384,1997,2181,2281,2927,2576,2787,2155,2738,2310,2133,2263,2951,2122,2415,2150,2162,3428,2554,2119,2371,2253,1721,3134,2757,2374,2498,2186,2345,2050,2657,2155,2622,3030,2911,2735,1443,3047,2079,2812,2260,2467,1669,2512,1880,2257,1738,2800,2137,2587,2044,2407,2237,2169,2731,2226,2420,1688,1824,2670,2624,2652,2138,2450,1812,2118
"COG0129",2818,3678,3836,3436,3600,3625,4298,3712,4244,4261,3597,3892,5070,4331,3389,4131,4785,4166,3315,3583,3982,3940,3750,4747,3301,3631,3395,4716,4221,4737,4285,4490,4072,2951,3632,4200,3626,4044,4100,3328,6267,4211,4953,3975,4237,4181,4147,3498,3818,3894,3288,4298,4140,3396,3465,3593,3365,4013,4937,4535,4213,3785,3878,3289,3966,3342,3827,2597,5970,4268,4231,5008,4009,4593,4022,5504,3195,3447,3735,4015,3234,3758,2551,5424,3873,3665,4086,3978,4987,5023,4060,2901,2701,5020,4003,5589,4155,4858,3969,2618
"COG0130",1837,1494,1461,1643,1677,1880,1826,2412,1660,1279,1636,1741,1615,1890,1553,2272,1977,1608,1190,1967,1557,1607,2077,1991,1711,2038,2010,2063,1548,2305,1716,1115,1737,2226,1902,1296,1388,1117,1757,1839,2056,1942,1791,1744,1704,1033,1997,1553,1610,1826,1887,2449,1545,1270,1423,1373,1009,2189,2310,1813,2949,1578,1567,2168,2022,1804,2378,2164,2444,1852,1123,1935,1367,1916,1250,1717,1682,2425,1248,2143,1196,1665,2488,1778,1690,2091,1277,1533,1631,1495,1639,1371,2856,1666,1572,2116,1718,2321,1210,2315
"COG0131",1620,1531,1383,1069,1460,1410,1397,1476,1198,1751,1673,1751,1635,1572,1467,1472,1795,1346,1248,1215,1471,1897,1665,1341,1556,1489,1234,1656,1780,1784,1558,1483,1489,1101,1852,1786,1440,1591,1373,1366,1746,2029,1776,1646,1694,1475,1680,1327,1541,1259,469,752,547,431,438,432,500,540,617,347,523,591,540,507,467,460,497,351,523,463,249,558,666,559,506,513,398,447,549,344,547,646,341,411,611,421,519,532,587,523,479,479,352,486,449,523,502,577,355,326
"COG0132",593,901,1019,952,1193,523,512,629,812,1016,1124,729,686,729,833,520,890,1077,1156,145,616,911,417,726,856,643,343,848,950,612,888,1121,850,477,797,1053,942,1005,733,571,685,830,951,771,1151,975,665,425,872,697,372,290,651,1063,912,696,1057,653,795,516,333,917,690,513,369,955,242,298,539,691,1212,585,962,711,792,583,759,642,992,425,1053,748,472,514,1072,512,1121,820,711,1228,662,984,520,1009,749,708,553,268,942,354
"COG0133",890,585,663,736,550,626,695,795,506,633,631,655,506,610,503,845,764,510,560,743,536,571,559,887,451,542,505,714,598,724,758,651,541,757,630,677,691,613,549,588,484,862,663,614,532,436,796,652,425,588,1662,1966,1670,1333,1457,1337,1178,2090,2344,2084,2622,1760,1963,1783,2332,1955,2218,1619,3122,1085,1663,3337,1631,2032,1962,1289,1354,1486,1723,2035,1414,1531,1358,1610,2007,1723,1893,1578,1711,2076,2205,1445,1117,1943,1914,4116,1993,2809,1338,1349
"COG0134",1981,1264,1487,1774,1321,1510,1397,1619,1511,1269,1325,1652,1149,1253,1257,1868,1361,1128,1111,1471,1002,1350,1481,1954,1179,1085,934,1482,1520,1487,1628,1308,1340,997,1344,1230,1443,1714,1480,1426,1046,1639,1094,1481,1241,1185,1602,1509,1189,1088,1258,1438,1335,1041,1178,1140,1098,1622,1413,1473,2332,1286,1237,1234,1550,1609,1263,1021,2735,817,907,2394,1274,1413,1420,991,1115,1021,1271,1670,1115,1384,968,1463,1276,1197,1330,1273,1296,1697,1727,1011,1029,1395,1820,3124,1145,1576,965,959
"COG0135",1831,694,954,893,861,995,1016,1383,999,677,947,793,669,763,1021,1242,536,910,544,1497,718,676,918,1155,492,658,947,962,739,1267,939,708,823,613,691,636,682,849,802,1017,735,1456,547,702,672,539,1019,993,627,734,807,1040,737,506,660,627,408,1071,677,1171,1749,634,935,994,741,1149,1076,679,1116,681,1012,1285,508,804,898,506,613,640,611,1233,599,731,727,558,772,650,486,578,599,713,1008,542,655,692,1195,2419,985,1546,631,505
"COG0136",2654,2162,1909,2289,2550,2343,2481,3066,2548,2057,2215,2401,1957,2241,2160,3264,2463,2276,1937,3000,1768,2364,2156,2917,2141,2580,2495,2387,2224,2705,2128,1860,2099,2458,2293,1625,1831,1293,2052,2058,2504,2646,1843,2386,2218,1557,2531,1839,2159,2243,2503,2708,1686,1962,2068,1868,1395,2439,2570,2562,3413,2025,1926,2420,2751,2207,2724,2638,2452,2326,2126,2525,2201,2028,1486,2055,1893,2077,1632,2632,1799,2251,2799,2017,2399,2404,1843,2019,1762,1971,2037,1827,2402,2020,1591,3054,2344,2899,1498,2625
"COG0137",3039,2802,2440,2372,2189,2579,3112,2984,2384,3175,2790,2671,2997,3197,2815,3083,3176,2583,2171,3193,2384,2808,2741,2840,2610,2918,2686,3233,2613,3129,3388,2091,2770,2229,2506,2896,2511,2714,2655,2726,2999,3234,2726,2546,3255,2572,3459,2765,2516,2366,2561,2411,2975,2491,2163,2550,1912,3251,3066,2745,2552,2776,3308,2882,2805,2674,2905,2871,3455,2482,1861,3385,3254,2647,2872,3663,2091,2426,2486,2808,2128,2882,2297,3034,2563,2552,2651,2734,3076,2476,3234,1983,1753,2811,3024,3955,3036,3434,2195,1941
"COG0138",3588,3773,3928,2704,2561,3777,3532,4541,3216,4726,4256,3726,3477,3958,3756,4158,3853,2975,4273,5191,3958,3421,4694,4257,3932,3409,3933,3764,3511,3900,4672,3990,3477,2425,3635,4711,4161,4143,3854,3637,3764,5682,3809,3632,3951,3377,4260,3443,3716,4190,2924,5033,3528,4005,3477,3685,3959,3939,4504,3281,3235,4018,3954,2987,3672,4153,3802,2786,3543,3408,1542,3887,3702,3512,4262,3238,3711,3403,4248,3209,3826,3647,3275,3313,4309,3815,3708,3265,3850,3698,4054,3784,2432,3802,3214,4010,4314,5047,3105,3814
"COG0139",1602,1453,1215,922,958,1691,1659,1346,1595,1428,1433,1703,1564,1515,1504,1173,1766,1426,1382,1268,1418,1469,1416,1104,1365,1577,1450,1749,1592,1560,1321,1410,1335,936,1651,1148,1447,1903,1367,1544,1420,1601,1347,1640,1765,1546,1281,1967,1456,1131,1551,1395,1655,1287,1289,1618,1469,1338,1337,810,1316,1651,1599,1495,1552,1363,1554,858,1712,1494,597,1603,1411,1378,1740,1671,1081,1345,1415,1222,1400,1674,1335,1803,1693,1574,1617,1908,1473,1798,1825,1120,1103,1567,1611,1738,1240,1336,1017,1186
"COG0140",998,1311,1061,505,835,1408,1116,1112,985,1480,1268,1424,1494,1349,1409,762,1614,1075,1366,1239,1278,1296,1030,998,1272,1299,1378,1172,1264,1146,1331,1410,1134,910,1392,1076,1336,1821,1156,1342,1166,1489,1272,1356,1766,1573,1115,1255,1382,1104,490,429,453,398,378,511,450,377,404,200,305,508,430,396,479,440,482,247,476,495,161,491,439,448,504,547,290,435,457,288,480,443,391,469,547,486,583,611,427,568,455,372,312,478,467,465,343,427,346,377
"COG0141",2642,2152,1996,1909,1925,2147,2458,2519,1578,2266,2365,2431,2072,2326,2098,2335,2406,1799,1916,2539,2048,2145,2115,2710,2234,2289,2096,2518,2325,2497,2417,2123,2184,1545,2352,1973,2154,2134,2187,2189,2564,2755,2045,2285,2227,1856,2455,2536,1920,1751,2064,1947,2297,1760,2001,2032,1700,2533,2477,1611,2684,2381,2460,2052,2339,2105,2367,1758,2950,2248,1205,2653,2107,2298,2256,2595,1706,2171,2226,1919,2042,2326,1784,1957,2336,1965,1940,2182,2178,2277,2252,1866,1615,2184,2333,2865,2239,2759,1457,1599
"COG0142",2786,3146,3144,1903,3022,3520,2810,4842,2798,3715,4135,3238,2953,3101,3600,5782,2951,2494,3314,5941,3232,3320,4262,4766,3250,3342,3478,2935,2859,3763,3305,3955,2939,2314,3087,3409,3228,3815,3361,3277,2996,5034,3321,2996,3702,3391,4128,3282,2897,3982,2471,4768,3054,3206,2755,3404,3004,3421,3921,2452,3361,3313,2770,3624,4779,4418,4474,2753,3021,5167,1873,5718,3398,2862,3526,2550,2706,2922,3385,2779,3449,3128,2886,2887,3388,3455,3118,3047,3257,3135,3377,3449,2893,3792,2835,3546,4111,5107,2242,4179
"COG0143",4650,3821,3388,5318,3397,4381,4668,4859,4344,4086,4292,4101,4108,4561,4225,5309,3788,3013,2443,4802,3562,4501,5136,4850,3955,4951,4010,4529,4017,5430,3670,3199,4085,5227,4024,3867,3819,3500,4239,4401,5189,4448,4780,4390,3597,3395,5159,3395,3958,4512,4988,6105,4403,3804,3970,3748,2918,4928,5107,4619,5479,3789,3736,4730,5625,4566,4916,5838,4381,4799,2097,5391,4538,4743,3882,4106,4014,5237,3036,5510,2689,4408,5052,4575,2894,5033,3241,3841,4602,3479,4617,2739,4835,4351,4191,5397,4234,5386,2467,4790
"COG0144",5936,3614,3379,4377,2798,3556,4655,3886,3871,2354,3110,3257,3484,3728,2943,4084,3954,3980,2668,2807,2950,3416,2973,3045,3110,3625,3457,4166,3799,3900,3376,2698,3832,3838,3288,2413,3324,3100,3279,3348,3497,2721,3303,4068,3045,3176,3474,3001,2975,3362,3515,2863,3372,2694,3459,3320,2637,3877,3203,5064,2216,3143,3495,3879,3631,3070,3681,4393,3478,2958,3000,2822,2656,3648,2947,3963,2745,3689,2472,4761,2465,4191,3766,4359,3115,3319,2870,3607,3193,3441,3843,2471,3579,3394,4038,2665,2686,3028,2695,4013
"COG0145",918,236,1049,81,176,149,140,65,187,165,110,84,62,202,229,52,102,130,394,125,94,207,201,278,150,174,194,83,237,47,161,240,173,266,175,242,257,72,414,343,276,94,427,179,178,167,126,35,385,506,137,173,237,200,307,151,316,328,230,463,1818,158,197,96,191,165,240,171,49,281,1276,62,291,165,255,326,235,124,139,83,107,87,133,189,214,369,230,314,156,224,157,271,255,467,75,241,203,95,731,145
"COG0146",4,58,8,0,6,41,49,12,47,35,4,12,18,108,40,15,49,41,75,15,19,36,20,15,21,48,33,20,46,9,60,8,37,53,44,8,52,1,54,82,56,23,24,25,52,0,6,4,53,41,68,3,6,11,69,43,12,49,5,1,0,46,41,29,95,56,38,30,0,36,152,11,32,10,45,8,69,5,0,3,17,39,77,46,118,27,20,21,3,4,3,0,101,84,12,63,120,34,33,26
"COG0147",2431,3211,3455,3201,2983,3279,2651,2889,2826,3569,3837,3451,3113,3003,2935,3577,3529,3100,3782,2724,2851,3201,3580,3556,3273,2660,2603,3262,3906,2992,3513,4246,2699,2058,3255,3539,4037,4577,2906,2997,2465,3298,2797,3329,3626,3575,3206,3724,2651,2923,2965,4113,3327,2959,2754,2758,3911,2894,3691,3515,3136,3785,3118,2662,3975,3098,2596,2012,4360,2504,2739,5345,3610,3252,3661,2697,2755,2988,3579,2719,3569,3361,2053,3084,3767,3216,4408,3678,3266,4475,3732,3188,2201,3638,3872,4056,4331,2738,2766,2806
"COG0148",3597,3637,3684,3900,3548,3121,3646,3595,3297,3710,3380,3182,2680,3192,3121,2949,4124,3154,2167,3667,2876,3547,3304,2337,2916,3576,3226,3638,3352,3804,3407,3850,3654,3261,3537,4364,3853,2348,3085,2879,2793,2768,3856,3261,2771,2078,3697,2389,3044,2986,3624,3274,2976,3925,3320,3314,1864,2897,3297,3341,3018,3437,3419,3790,2702,2634,3493,2771,3328,2149,3414,2102,3149,3103,3719,3061,3200,3221,3442,3300,3486,3228,3300,3314,2951,3857,2814,3161,3224,3150,3798,2595,4017,3219,3202,2966,3135,2408,2125,4093
"COG0149",2040,1981,1459,2591,1870,1594,1679,1921,1996,1724,2000,2022,1694,1601,1957,1192,1804,1580,1370,817,1720,1772,1693,1373,1963,2113,1744,2022,1792,2226,1692,1528,1749,2397,2203,1483,1604,1538,1876,2001,2190,1228,1982,1787,1636,1499,1600,1793,1961,1325,2150,478,1767,1675,1755,1737,1268,1966,2011,2189,2337,1635,1645,2151,1627,1489,1797,2506,2157,1207,1684,1234,1886,2053,1647,2034,1867,2018,1693,1904,1672,1835,2365,1936,1692,1644,1545,1886,1745,1688,1973,1620,2377,1639,1595,2816,1296,921,1659,1473
"COG0150",2631,1927,1872,1942,1921,2383,2612,3045,2144,2187,2209,2301,2236,2714,2069,2248,2823,1965,1897,2377,1983,2377,2625,1978,2179,2739,2439,2553,2434,2955,2250,1971,2136,2050,2569,1952,2244,1815,2075,2319,2815,2603,2578,2570,2421,1877,2644,2322,1977,2573,2412,3326,2249,1821,1864,1835,1566,2825,2710,2757,2530,2113,2466,2230,2248,2321,2466,2174,2564,2069,1544,1884,2204,2600,2057,2433,1942,2254,2153,2539,1946,2316,2272,2588,2534,2617,2312,2232,2366,2489,2154,1895,1468,2475,2228,2569,2181,2493,1576,2555
"COG0151",3032,2130,2141,2026,2212,2488,2665,3289,2379,2203,2289,2406,2439,2804,1964,3069,3295,2256,1886,2832,2293,2570,2645,2475,2069,2686,2349,2954,2533,2712,2852,1895,2207,1933,2382,2332,2306,1665,2172,2396,2660,2442,2575,2486,2473,1549,2734,2286,1928,2553,2373,3371,2247,1828,1861,1988,1284,2880,2886,2945,2970,2419,2687,2486,2917,2211,2722,2268,2817,2687,1618,2935,2210,2630,2040,2505,2292,2319,2243,2836,1789,2186,2268,2923,2616,2552,2066,2298,2549,2661,2167,1746,1603,2480,2269,2648,2164,2937,1773,2596
"COG0152",2031,1965,1777,1048,1768,2204,2153,2407,1823,2107,1884,2203,1804,2295,2315,2191,2510,1609,1666,2570,1948,2360,2512,1590,2023,2402,2360,1927,2251,2543,2196,2026,1958,1728,2436,1850,2062,1670,2330,2226,2292,1999,2349,1926,2074,1462,2385,1630,2165,2208,2198,2784,1963,2138,2026,1971,1373,2377,2142,2400,1815,2041,1853,2379,2005,1936,2174,1815,2288,1918,1049,1718,2163,2228,1844,2249,1734,1915,1953,2011,1810,2193,2042,2216,2240,2239,2006,2234,2080,2552,1928,1696,1562,2097,1738,1840,2229,2013,1498,2282
"COG0153",2008,2423,2596,2857,1961,2853,2957,2614,2156,2108,2098,3034,2818,2954,2200,2955,3029,2666,1997,3485,2809,2816,2858,2562,2475,3255,2798,2592,2788,2667,3196,2067,2365,2297,2925,2325,2357,3081,2269,2404,2588,2767,2563,2985,2925,2514,3029,2701,2291,2353,2503,3051,3255,2223,2185,2835,2328,2936,2447,2442,2978,3239,2668,2891,2957,2489,2874,3027,2523,2594,1390,2952,2554,3153,2561,3621,2623,2402,2136,3070,2456,2781,2821,2925,2683,4171,2696,2723,3067,2689,2995,1852,1821,2597,2845,3187,2717,3205,1646,4773
"COG0154",4486,1230,1004,2743,1537,1600,2313,2879,1459,765,864,1737,695,1456,1181,935,1475,1158,293,643,1174,1019,1494,1173,1012,1877,1421,1606,1272,1927,1467,450,1428,2643,1533,727,1011,698,944,1762,2469,492,1306,1386,386,465,1147,1347,1315,1078,2577,449,1250,830,1182,920,346,2179,988,3260,3063,1201,1423,2212,1254,764,2047,1914,4636,689,449,803,479,1382,1199,847,891,2521,487,2829,402,1366,2572,1333,554,2081,589,1237,1056,837,1929,580,3781,1417,1382,3379,950,970,700,1697
"COG0155",413,229,490,254,1323,38,330,462,1070,122,398,87,300,96,407,98,91,933,197,51,96,87,94,575,59,65,61,280,312,491,108,278,647,180,154,179,207,97,175,178,410,52,404,157,167,489,262,110,248,173,48,166,286,261,190,62,226,189,323,774,502,146,64,122,133,316,82,41,1145,229,1448,96,73,198,113,275,187,216,65,571,150,55,208,250,138,53,225,111,142,277,109,426,122,298,90,389,220,81,531,84
"COG0156",839,3184,5017,1112,4155,2565,1524,2030,1991,4464,7127,3665,4071,5503,5955,2880,4788,2676,7597,3147,3241,5398,3781,2633,4421,2875,2536,3093,5348,2802,3680,5249,3143,2749,3392,4895,4707,5835,5721,3538,2804,4587,5577,4148,4952,4963,4025,2159,4371,4822,2298,3896,6233,4278,4047,3745,4989,3344,4426,508,804,4649,4089,2522,2963,4243,2269,2784,812,3811,2002,4406,6604,3352,3876,3562,3386,5211,4806,983,5200,6316,2319,2519,5779,3438,6161,5016,6481,4988,3599,4472,4081,5948,3219,923,3612,2276,4148,3710
"COG0157",2496,1688,1798,2246,1271,1951,1756,1549,1577,1733,1719,2048,1567,1740,1849,1970,1914,1454,1611,1858,1393,1836,2027,1769,1564,1628,1489,1622,1931,1888,1710,1755,1518,1060,1888,1908,1874,1737,1694,1676,1787,2396,2028,1711,1993,1913,1929,1644,1801,1661,1399,2520,1718,1935,1545,1412,1456,1677,1910,989,996,1976,1775,1881,1900,1876,2109,1107,1852,1866,1261,2077,1926,1960,1740,1152,1327,1608,1571,1290,1784,1874,1316,1508,2052,1969,2233,1711,1752,1896,1684,1387,1267,1676,2029,2023,1619,1782,1406,2231
"COG0158",371,91,96,96,574,43,52,53,606,119,156,51,149,105,143,75,132,501,78,41,23,32,32,310,106,37,75,188,146,23,33,99,216,134,30,49,50,42,190,82,85,85,73,7,73,140,35,37,178,180,45,101,43,131,65,69,19,107,66,132,91,68,158,30,89,129,45,48,1,52,741,11,37,44,66,82,26,87,42,74,77,49,168,24,107,53,142,90,94,68,56,123,80,186,1,14,27,13,83,84
"COG0159",1782,1463,1497,1388,1163,1433,1481,1685,1262,1293,1343,1504,1353,1354,1211,2021,1325,1341,1401,1738,1121,1440,1453,1745,1169,1288,1122,1498,1358,1582,1564,1458,1132,1042,1563,1512,1548,1440,1426,1356,1291,1916,1209,1358,1374,1250,1682,1906,1057,1006,1354,1645,1519,1049,1202,1069,1327,1341,1443,1198,1790,1349,1479,1219,1640,1372,1592,1597,1776,830,1213,2030,1241,1559,1549,856,1452,911,1262,1289,1245,1283,1068,1266,1502,1198,1258,1299,1429,1533,1758,1210,955,1362,1863,2364,1603,1581,1003,1005
"COG0160",1621,246,296,813,705,1262,302,868,1172,344,356,310,280,252,484,276,1171,1101,80,205,231,299,660,821,204,494,237,538,629,571,202,159,942,439,671,107,174,291,253,592,405,135,470,565,176,127,295,67,341,241,342,175,162,289,364,131,117,420,404,518,2770,456,591,507,464,551,714,217,2531,131,1001,399,98,377,443,207,35,227,144,1038,205,991,572,210,194,376,101,122,108,69,528,342,190,302,429,2291,229,200,133,884
"COG0161",1000,2072,1375,806,1309,951,696,915,942,2286,1650,1548,1780,1757,1279,923,2225,989,2249,250,1597,2017,754,734,2149,1289,622,1320,2051,849,1520,2464,1268,839,1646,2557,2331,1962,1540,1039,1361,1453,2413,1546,2169,2212,1296,629,1254,1769,860,433,1470,1885,1880,1478,1892,1148,2363,660,404,1902,1344,781,633,1810,375,748,946,1422,1155,1084,2685,1626,1528,1383,1712,1529,2573,620,2258,1795,630,1309,2498,1164,2679,1926,2124,2660,1477,2601,1133,2414,1227,1490,1170,410,1735,794
"COG0162",2426,1919,2923,2238,2145,2675,2903,3427,2615,2938,2561,2286,2360,2957,2598,3456,3005,2306,1965,3335,2527,2431,3175,3330,2544,2949,2781,2715,2328,2828,3054,2408,2719,3485,2704,3045,2637,2137,2629,2764,3176,3102,2853,2338,2641,1728,3204,2521,2482,2688,2788,3477,2487,2523,2337,2465,1436,2872,2960,3395,3392,2790,2566,3196,3275,2620,3780,3148,2603,2745,1586,3374,2657,2759,2595,2614,1959,3457,2459,3002,2208,2450,3633,2416,2770,3225,2293,2467,2459,2582,2443,1673,3381,2548,2265,2929,3144,3364,1906,3203
"COG0163",189,196,317,91,566,297,115,189,407,411,196,64,115,141,414,76,191,466,191,18,92,124,113,402,135,101,196,171,278,70,128,125,390,232,107,201,134,199,595,459,335,180,338,236,160,147,137,56,550,276,139,164,155,234,303,145,153,219,376,256,175,138,127,197,108,257,73,132,216,132,815,252,184,297,378,260,112,380,191,324,142,144,268,176,268,66,187,147,202,170,271,267,160,315,41,903,110,206,524,100
"COG0164",1568,1424,1347,1337,1248,1582,1575,1774,1435,1271,1630,1598,1313,1589,1220,1850,1430,1211,1368,1592,1291,1669,1691,1709,1459,1447,1691,1520,1555,1714,1632,1221,1439,1755,1732,1182,1317,1362,1471,1552,1591,1696,1527,1748,1624,1341,1716,1652,1448,1515,1562,2047,1493,1401,1416,1369,1184,1683,1637,1489,1747,1579,1371,1973,1963,1513,2451,1748,1642,2002,708,2060,1550,1462,1402,1546,1471,1959,1159,1684,1080,1626,2020,1512,1467,1733,1293,1463,1495,1552,1606,1060,1556,1503,1462,1714,1327,1683,1151,1833
"COG0165",4066,2902,2765,2746,1953,3109,3177,3695,2829,3422,3183,2829,2359,2981,2803,3728,3779,2508,2687,4008,2871,2513,3348,3688,2496,2925,3352,3276,2800,3791,3099,2659,2711,2224,2687,2923,2798,2474,2724,2840,3322,4018,2596,2500,2782,2314,3268,2580,2449,2655,2810,3866,2563,2912,2460,2709,1963,3530,3236,2996,3016,2867,3362,2998,3350,3248,3243,3043,3327,2931,2006,3656,2532,2717,2963,3094,2649,2716,2895,2567,2758,2511,2784,2955,2571,2744,2683,2725,2763,2562,3315,2679,1933,3042,2302,4115,3241,4495,2559,1987
"COG0166",3893,2862,3173,3923,2668,3248,3672,3727,3599,3423,2850,3538,3328,3465,3177,3754,3860,2844,2137,2934,2765,3281,3384,3111,3034,3669,3169,3110,3121,3754,2920,2963,3058,3311,3411,3125,3327,3011,3128,3356,3483,3037,3590,3247,3207,2986,3355,2933,3185,3121,3466,3287,3569,3095,3078,3145,2420,3865,3451,4155,3792,3168,3321,3445,3726,3633,2890,4260,3855,3176,2592,3545,2972,3478,3151,3435,2620,3901,2880,3454,2864,3524,3897,3434,3005,3436,3159,3307,3469,3233,3373,2387,3209,3246,3091,4737,2793,3281,2261,3550
"COG0167",2403,3455,3420,2364,3712,2780,2201,2909,2439,3088,4401,4130,3135,3430,3348,2278,3249,2500,4144,1277,2803,3870,2730,2886,3590,3016,2294,3256,3451,4187,3094,3676,3059,2320,3586,3295,3402,3598,3224,2969,3063,3224,3874,3665,3731,3734,2893,2531,3330,2870,2780,2786,3198,3810,3554,3287,3658,3161,4113,3143,6707,3475,3064,3147,2623,3013,2356,2477,4073,2970,2147,2783,3366,3357,3208,2876,3044,3263,3523,3363,3733,3436,2466,2745,3843,2957,4019,3076,3435,3736,3391,3441,3384,3268,3143,4569,2073,1605,2962,2994
"COG0168",7592,6094,6246,7422,4497,6313,7090,6440,5715,6561,7014,6923,6729,6866,6346,4669,7042,6221,6935,4846,6523,6225,5580,4338,6351,7957,6410,7385,7004,6897,6703,6355,6045,5814,6372,5639,6251,7125,6967,6678,6558,5894,6226,6817,7684,6615,7140,6654,6325,5383,2107,1747,2335,1941,2166,2307,2298,2516,2303,2485,1554,2262,2154,2069,1947,1828,2075,2504,1868,1791,1193,1932,2081,2367,2174,2416,1879,2229,2070,2372,1965,2218,1823,2670,2220,2094,2317,2245,2206,2250,2341,1722,1810,2128,2261,2073,1688,2067,2073,1735
"COG0169",2461,1921,2185,1864,2268,2276,3253,2252,3050,1817,2283,2298,1730,2100,2206,2530,2062,2599,1737,2327,1525,1973,2033,2750,1943,2204,2314,2395,2165,2860,2062,2079,2270,1875,2502,1617,1693,1477,2124,2027,3035,2196,2033,2019,1843,1869,2310,2875,2477,2277,1990,2518,2171,1866,2035,1929,1566,2367,2043,3225,2577,2006,1869,2265,2278,2213,2484,2751,2620,2060,2528,2030,1491,2410,2097,2680,1472,2405,1704,2645,1610,1934,2394,2112,2035,2347,1509,2125,1797,1954,2003,1420,1524,2212,2281,2609,1895,2218,1663,2285
"COG0170",0,0,9,0,0,0,53,0,0,0,0,2,0,0,0,2,0,0,0,1,0,1,7,0,0,33,26,2,0,0,0,0,0,76,2,0,0,0,0,1,0,0,0,0,0,0,3,0,3,0,6,0,1,5,11,5,0,23,0,0,0,0,0,9,3,0,2,1,0,0,0,0,0,0,0,0,0,3,0,4,1,0,7,0,0,2,0,0,0,0,0,0,1,0,0,0,0,3,0,0
"COG0171",2563,2156,2855,3181,2536,3622,3426,4216,2228,4328,2202,2877,2945,4160,3819,3259,2981,2590,1950,4731,3348,3507,3344,3051,3242,3811,3871,3181,2946,4040,3523,2389,3745,3163,3567,3320,3254,2721,3784,3674,4104,4030,3854,3661,2526,2133,4331,2713,3849,3582,4017,4509,3100,2630,3552,3183,2084,4171,4066,2728,3371,3391,3134,3289,3930,3564,4441,4479,4320,3491,1204,3932,2499,3790,3049,3643,2918,3631,2717,2945,2786,3522,3527,3188,3287,3898,2179,2735,3624,2577,2776,2230,4004,2877,3173,3728,3795,4481,2296,3844
"COG0172",3195,2317,2856,3514,2518,3333,4077,3654,3182,2980,2867,2854,2623,3164,2958,3214,3037,2575,1783,3094,2584,2625,3516,2849,2719,3765,3520,2920,2834,3813,2923,2191,2987,4155,3147,2467,2511,2574,2687,3379,3599,2930,2471,2686,2612,2223,2872,2520,2604,2881,3466,3255,2925,2431,2500,2827,1832,3652,2978,4103,3584,2881,2986,3889,3013,3324,3907,3887,3612,2419,1541,2532,2651,3227,2930,3495,2033,3529,2365,4281,2156,2814,4251,2962,2220,3797,2324,2512,2627,2489,3090,1618,3812,2645,3424,4246,2363,3430,1922,3889
"COG0173",5206,4295,3287,4428,3182,4328,3896,4083,3335,3407,3324,4045,2940,4424,3479,4478,4375,2943,2964,3466,2973,4039,4896,3380,4161,5080,4465,4306,4016,4763,4517,2742,4266,5957,4390,3363,4102,2897,3330,4684,5829,3583,4468,4082,2820,2860,3870,3546,3739,4225,4951,4247,3858,3218,3411,3105,2923,4747,4462,4652,4170,3549,3859,4877,5062,3293,5541,5185,4906,3614,1735,3600,2941,5064,3454,2896,3267,5304,3063,3694,2761,4809,5717,3494,3727,4704,3222,3050,3476,3536,4309,2808,6735,3409,4533,4973,3557,3562,2354,5462
"COG0174",3414,2998,2358,2063,2759,2067,2636,3254,2571,1886,1924,2635,2140,2457,2305,1793,1877,2655,1681,806,1939,1820,1196,2229,2353,1977,1988,2350,2667,2940,2281,1884,2083,2260,2614,2072,1800,1666,2109,1632,3060,899,1600,2676,1489,1643,1567,2385,2445,1542,1740,617,2395,2020,2167,2009,1464,2456,2016,3540,5294,2102,2030,1855,1498,1418,1891,2373,4680,1301,3104,1102,2018,2369,2137,2405,1749,1736,1995,3996,1698,2159,2389,2404,1552,1581,1342,1847,2205,1572,2413,978,1865,1851,2032,4136,1109,1351,1693,1299
"COG0175",422,639,536,544,747,615,524,381,634,552,839,1193,697,655,691,247,565,714,776,227,494,620,636,199,543,671,449,712,949,674,475,766,834,650,572,462,521,1155,419,634,391,508,685,674,623,719,502,649,635,452,1781,1811,2080,1471,1905,1616,2670,1180,2406,750,723,2033,2019,1492,1364,2063,1132,1936,1431,4648,1876,595,1863,2912,1933,2133,1013,1892,2057,693,1631,1919,1818,3629,2224,1822,2555,2203,1922,2339,2317,1984,1493,2536,2607,565,1261,490,1465,1487
"COG0176",1761,1605,1833,1776,2975,1131,1641,1307,2134,1485,1340,1449,1514,1235,1425,693,1614,2399,1436,297,1161,1054,924,2013,1021,1065,959,1306,1924,985,1346,1599,1622,893,1176,1395,1609,1412,1267,1007,1292,551,1177,1125,1182,1327,891,1464,1674,1007,400,186,467,614,377,444,435,303,258,829,886,414,387,241,291,367,281,398,594,253,1251,231,523,493,588,358,576,335,454,621,516,352,409,402,467,342,513,458,404,621,553,553,392,474,421,930,306,191,421,222
"COG0177",2154,1650,1493,1510,1330,1608,1706,2013,1758,1505,1363,1685,1574,1591,1734,1830,1450,1201,1298,1806,1537,1635,1662,1493,1665,1731,1767,1564,1544,1851,1633,1354,1610,2098,1858,1519,1515,1425,1637,1740,1777,1451,1693,1663,1379,1484,1835,1505,1640,1618,1751,1827,1706,1455,1678,1503,1173,1825,1620,1708,2038,1517,1557,1806,1717,1332,2110,1882,1958,1492,1101,1426,1544,1797,1548,1732,1480,1625,1157,1810,1229,1782,2055,1789,1351,1687,1481,1528,1633,1649,1737,1310,2312,1549,1668,1711,1519,1787,1430,1605
"COG0178",8184,6609,7611,6931,6421,8738,8316,11275,6086,9779,7506,9300,7082,9631,9185,11279,9127,5802,7275,12052,7137,8840,9297,8678,9036,9041,9377,8507,8692,10640,8377,8385,7862,9190,7685,8691,8327,6934,9830,8882,8931,10998,8610,8588,8252,7276,11674,6458,7596,9578,8620,13984,7838,7232,8201,7681,6687,10450,11196,6819,10242,8286,8570,8372,9895,8437,10309,9624,8411,10468,3344,10700,7751,8784,7712,7792,6036,10550,8874,8027,7381,7854,8942,7562,8674,9215,8595,7283,9012,8017,7092,6536,9404,9550,6917,8405,9294,12166,6592,9218
"COG0179",363,1178,879,205,1206,1103,703,1452,1000,1201,1346,1249,896,807,1389,1195,1375,1064,871,1597,1050,1167,1222,1901,1181,861,1051,1021,1090,1330,888,1353,1074,653,983,1127,908,851,1242,930,1092,1693,1110,993,1542,740,1475,710,989,1306,657,1907,896,1126,1060,1074,747,1159,1396,425,1769,1160,893,973,1303,1377,1211,629,1770,1633,938,1703,1176,1073,951,1570,803,1090,1130,1056,1281,930,857,1111,1388,932,1190,1216,1093,1353,834,927,791,1043,480,1788,1527,1921,1176,1163
"COG0180",2962,2038,2305,2323,2189,2814,2942,3163,2904,2497,2608,2747,2563,2535,2802,3015,2762,2244,2101,3225,2257,2350,3037,2547,2572,2655,2724,2729,2563,2981,2431,2256,2547,3484,2593,2117,2482,2694,2743,2907,2514,2808,2512,2459,2690,2586,2882,2376,2498,2530,3102,3240,2681,2293,2472,2526,2136,2995,2759,3203,3533,2527,2410,2980,2720,2776,3285,3055,3229,2666,1235,2531,2376,2933,2427,2799,2230,3340,2207,3444,2238,2530,3433,2743,2183,2882,2653,2768,2481,2676,2594,2181,3571,2580,3211,2830,2530,3137,2003,3065
"COG0181",1172,614,559,1511,782,647,594,430,1376,275,387,455,281,529,316,405,582,967,254,259,230,238,411,401,230,508,319,861,816,358,149,265,650,625,425,335,377,196,385,537,401,250,555,534,189,323,481,989,550,534,445,239,508,441,297,259,153,604,447,776,477,324,855,672,492,539,306,407,855,277,1058,157,215,465,520,456,264,404,238,553,145,712,390,653,265,346,357,322,221,437,230,457,268,509,902,718,344,301,559,254
"COG0182",606,141,216,61,257,439,240,455,256,353,156,298,83,396,613,304,252,151,354,125,187,493,267,128,375,400,629,335,426,334,653,315,496,700,571,187,300,109,726,485,1048,209,464,450,194,332,270,162,859,427,677,155,328,408,471,339,175,838,549,521,217,269,406,170,333,207,308,492,584,213,324,34,314,561,268,385,539,630,371,58,263,160,1088,81,243,498,420,463,345,253,197,309,365,594,101,99,375,143,585,268
"COG0183",91,463,389,187,1066,326,485,781,685,220,379,181,642,407,502,232,393,1130,165,132,289,301,185,822,211,464,307,522,320,255,202,258,857,375,501,276,224,114,321,392,500,97,295,274,334,221,204,392,453,258,1217,477,1303,827,617,831,356,1477,726,1767,958,639,1073,610,1447,648,1440,856,1963,625,4708,838,797,867,741,1513,926,924,709,1949,600,1157,1431,1406,527,995,760,837,1064,593,642,874,642,961,708,677,639,705,1273,660
"COG0184",804,680,833,668,736,972,713,871,910,757,836,965,654,673,1059,1116,731,685,842,1008,669,681,1137,980,830,763,1037,692,832,750,866,894,638,932,979,596,734,1036,907,1006,919,790,649,753,886,826,717,1104,1129,653,916,592,866,853,673,883,868,719,666,1057,1071,897,697,916,998,1078,1108,719,827,993,511,1053,846,800,873,757,742,1112,705,790,870,793,1137,742,821,753,782,1168,695,1010,968,726,1274,718,775,1089,741,835,800,1073
"COG0185",1248,809,672,588,774,986,832,944,1144,857,812,977,790,894,1132,839,991,682,614,846,636,797,1006,924,814,1069,1036,798,886,1029,748,891,898,1115,1096,647,825,1100,972,1132,902,699,878,797,994,877,859,1071,1228,787,1221,535,1109,870,787,911,721,885,725,757,933,998,871,1228,976,947,1205,1074,941,860,545,826,901,998,1061,844,804,1150,680,911,749,933,1091,986,753,1096,844,959,863,883,1097,549,1247,943,891,1158,696,772,690,1101
"COG0186",1095,809,645,678,802,1050,924,1127,987,617,847,724,673,777,1083,1067,773,707,753,1361,589,824,1303,1078,761,1115,1101,757,681,931,634,504,837,1118,928,470,640,534,906,1065,943,994,729,668,736,722,1044,1007,1143,705,1105,809,854,843,657,780,612,995,761,878,1168,680,715,1228,1054,887,1302,1012,890,803,659,921,758,933,798,805,731,938,511,1045,491,805,1286,755,622,1176,485,625,676,512,923,694,1090,691,724,1106,976,1199,618,1222
"COG0187",9465,6987,7865,9190,7599,8325,10410,9500,7836,7873,8702,7964,9082,9395,7240,9468,8310,7866,6362,8213,7428,8897,9469,8889,8324,10716,12022,9497,7705,10409,8289,6205,7804,9524,8392,7272,6861,6617,8102,8123,8699,8109,8602,8412,7825,6817,8909,7618,7342,8910,8383,12434,9045,6943,7773,7516,5079,9383,9382,9648,8841,7744,8579,9258,9018,8107,9941,10872,9179,7615,5791,8903,8101,8607,7611,8980,5526,8955,6847,9846,5674,8168,9202,9513,6677,9730,7113,7717,9489,6740,8412,6331,10326,8731,8435,7808,7239,9262,4983,10026
"COG0188",10406,9197,7925,10012,8654,9911,11704,10469,8554,9512,8942,9509,9535,10642,8723,10944,10128,7879,6970,11382,8964,10759,10072,9602,9769,12684,12935,10384,9118,11555,9166,7118,9301,11682,9933,7870,8315,8190,9358,9801,11013,10386,10023,9896,8880,8595,11241,9110,8652,10942,10852,11687,10166,8409,8549,8503,7371,10904,11214,10697,13407,9524,8966,10649,11134,9407,12703,13076,9601,10325,5520,11114,8985,10982,8829,10457,7370,9841,7451,12443,7006,9683,11584,10407,8431,11306,8250,9030,9974,7934,9035,7768,12160,10009,9234,10906,9903,11550,5563,11518
"COG0189",98,409,537,858,1014,237,141,32,596,206,427,149,478,203,510,291,78,922,493,50,738,327,175,638,541,468,2318,419,252,113,1066,276,826,568,452,474,308,136,254,225,332,59,302,358,254,325,239,132,283,160,394,140,325,310,695,393,313,547,284,240,251,200,358,84,543,238,144,342,147,89,1442,27,148,452,187,220,443,218,468,149,623,270,528,65,338,282,196,266,420,96,172,616,344,143,643,15,186,113,567,338
"COG0190",1611,1898,1936,1373,1727,2155,1881,2463,2210,2089,2088,2207,1977,2205,2003,2474,2382,1765,1508,2447,1726,2369,2304,2094,1884,2262,2012,2111,1932,2249,2315,2025,2068,2341,2387,2528,2245,1904,2169,1901,2654,2307,2338,2063,2255,1722,2526,1912,2239,2536,2264,2731,2057,2045,2054,1928,1241,2309,2239,2102,2562,2213,1900,2408,2416,1910,2734,2587,2306,2325,1365,2380,2291,2193,1970,1902,2015,2637,2036,1953,2078,2085,2447,2096,2195,2256,2145,1880,2277,2460,2168,1447,1847,2226,1916,2644,2156,2546,1532,2166
"COG0191",2570,2506,3710,7433,4087,3356,4175,3192,4296,3996,3385,2709,2674,2149,3072,2852,2842,3636,2303,3726,2509,2604,2412,4901,2489,2809,2880,2848,2330,3479,2812,2725,2850,4028,2852,2213,2643,2718,2774,3076,4298,3388,3036,2593,2659,2844,3034,3292,3474,3871,2834,2442,3086,2294,2392,2386,2400,3241,2705,4614,4331,2626,2495,3876,2972,4069,3198,4271,4585,2535,6127,4822,2605,3373,3128,3595,2032,2944,2122,5144,2296,2284,3912,3233,2564,2700,2770,2710,2624,2296,3904,3120,3460,3106,2704,9431,2768,3898,4444,3047
"COG0192",3620,3205,3152,6087,2322,3114,3763,3556,3206,2894,2916,3042,3719,3862,3237,4301,3583,3391,2349,4509,2390,3527,3412,3753,3341,3564,3416,3134,3322,3300,3083,2593,2974,4785,3238,3117,4157,2821,3338,3531,3579,3646,3733,3005,3055,2944,4057,3616,2946,3567,990,1360,1154,935,1017,952,748,1341,1240,1232,1242,1082,1118,1359,1683,1069,1504,1298,1033,1320,689,1489,1187,1184,941,1113,1115,1343,1041,1238,727,1098,1277,1219,1088,1070,1033,1080,1332,1202,1032,666,878,1051,1215,995,1073,1447,786,1037
"COG0193",1887,1083,1267,1660,1242,1586,1667,1807,1901,1494,1333,1525,1380,1502,1622,1329,1353,1226,972,1415,1279,1409,1500,1193,1487,1502,1400,1495,1362,1830,1540,1101,1418,1767,1903,1071,1304,1404,1459,1580,1510,1553,1469,1421,1526,1254,1460,1362,1561,1472,1555,1760,1371,1165,1332,1418,1028,1618,1256,2153,1678,1488,1370,1764,1128,1404,1761,1740,1530,1038,985,962,1110,1557,1372,1395,1100,2025,1103,1881,1117,1458,1919,1528,1438,1621,1261,1325,1456,1565,1409,1159,2008,1375,1416,2023,1415,1463,1009,1827
"COG0194",3014,2150,1987,2251,1606,2805,2928,2800,2839,1529,2017,2009,1666,2063,1970,2484,2108,1845,1471,2099,1573,1852,3164,1528,2041,2435,2373,2622,2226,2096,1983,1708,2002,2280,2655,1439,1920,1815,2196,2255,1616,1996,1775,1973,1695,1596,2253,3240,2111,1756,2784,2001,2257,1812,1821,2028,1353,1998,1946,2677,2599,2112,1814,2358,1922,1911,2566,2208,2232,1676,1333,1164,1661,2118,1889,1905,2655,2382,1523,2920,1558,1997,2558,2192,1772,2434,1650,2427,1894,2119,2418,1318,2529,2009,2513,1885,1805,2138,1369,2316
"COG0195",2747,2256,2488,2326,2508,2811,2860,3579,2637,2562,2860,2796,2940,3221,3032,4068,2983,2629,2431,4367,2491,2913,3386,4107,2750,3161,3388,2939,2543,3396,2953,2263,2985,3254,2722,2522,2614,2814,2933,3088,3431,3718,2764,2899,2919,2699,3622,2552,2740,2977,3100,3701,2853,2570,2669,2581,2290,3684,2993,2910,2870,2804,2987,3374,3809,3508,3832,3193,2689,3675,2113,3982,2843,2797,2636,2769,2459,3263,2210,2688,2240,2929,3446,2854,2720,3403,2859,2724,2984,2717,2647,2247,3042,2767,2457,2475,3191,4167,1945,3369
"COG0196",2152,1690,1698,1436,1865,2020,2103,2442,1857,1874,2073,1975,1689,1922,1899,2393,1529,2058,1766,2266,1996,1917,2399,2314,1915,2036,1906,2340,1594,2432,1998,1286,1880,1760,2165,1646,1544,1199,1826,1815,2044,2245,1591,1915,1690,1168,1953,2008,1642,1838,1560,3428,1763,1529,1728,1668,1361,2167,2176,1996,2827,1883,1965,2230,2169,2025,2043,2427,2327,2192,1614,2193,1275,1922,1816,1773,1405,1824,1473,2444,1453,1687,2061,1907,1635,2053,1138,1322,1707,1366,1925,1792,1400,1579,1674,2893,1696,2427,1415,2114
"COG0197",1412,1170,1172,1056,1069,1558,1464,1563,1775,1292,1307,1416,1351,1388,1259,1590,1502,1297,883,1949,1111,1284,1584,1813,1227,1525,1519,1342,1277,1274,1311,1267,1274,1643,1474,1073,1328,1655,1428,1553,1314,1519,1108,1288,1543,1435,1529,1642,1522,1459,1636,1422,1492,1261,1064,1395,1008,1546,1129,1329,923,1480,1367,1364,1545,1199,1923,1430,1306,1449,886,1588,1403,1272,1473,1406,1221,1606,1054,1338,1218,1304,1876,1418,1271,1786,1355,1618,1201,1593,1560,709,1882,1437,1421,1607,1468,1952,860,1701
"COG0198",1252,1100,886,901,1006,1294,1269,1199,1334,685,1060,996,713,1007,1073,1311,879,954,883,1687,748,772,1096,1330,926,1215,1216,1049,791,1203,904,660,840,1337,1114,643,753,578,896,1220,1006,1291,734,913,851,656,1125,1418,1166,886,405,349,277,280,239,282,220,396,292,443,424,269,281,374,413,296,504,363,363,346,219,321,244,312,323,239,290,373,198,347,240,277,477,280,303,425,215,369,207,210,339,292,447,300,295,485,365,455,250,441
"COG0199",409,843,414,424,698,672,579,764,617,534,779,762,476,396,877,991,474,429,674,1444,436,645,819,1022,732,477,834,427,507,769,464,694,508,560,624,489,593,537,782,788,406,988,708,596,768,578,886,614,851,618,603,811,529,762,659,611,738,672,605,405,529,637,380,712,809,977,909,577,378,851,571,714,648,573,643,404,645,698,473,486,729,499,758,320,585,638,617,754,541,671,582,868,896,550,508,348,761,1012,600,856
"COG0200",1611,1265,1197,1077,1127,1471,1465,1487,1656,1223,1102,1418,1068,1354,1598,1395,1232,1046,1087,1508,1009,1227,1368,1257,1262,1336,1456,1131,1161,1545,1274,1124,1206,1587,1547,996,1061,1378,1414,1745,1549,1223,1163,1292,1261,1443,1277,1715,1712,1286,1502,1305,1429,1351,1302,1391,1189,1521,1057,1387,1426,1404,1136,1666,1202,1200,1728,1450,1655,1168,716,1111,1208,1359,1631,947,871,1715,770,1242,1000,1415,1670,1198,1259,1550,1191,1292,1194,1288,1394,1027,1951,1236,1345,1452,1075,1506,1028,1635
"COG0201",3813,2746,2762,2961,3224,3669,3949,4040,3434,2523,3268,3259,2806,3257,3914,4314,2806,3106,2575,5156,2768,3217,4088,4249,3072,3841,4058,3265,3028,4175,3086,2317,2814,4153,3405,2300,2318,2761,3584,3783,3591,3893,3127,3183,3187,2746,3732,5137,3645,3304,3807,4109,3460,2936,3088,3198,2462,4153,3314,4700,4287,3160,2927,4186,3796,2985,4927,4045,3387,3699,2511,3524,3080,3268,3205,3394,2376,4016,2052,3844,2245,3198,4607,2928,2960,4194,2472,3104,3235,2544,3263,2097,4698,2980,3226,3286,3323,4345,2319,4413
"COG0202",3007,1979,1909,1925,1905,2911,2761,2591,2620,2076,2134,2696,1831,2524,3035,3710,2652,1922,1553,2536,1764,2432,3412,2661,2226,2909,2894,2331,2170,3144,2323,1754,2170,3076,2753,1751,1948,2396,2270,2897,2920,2288,2440,2224,2435,1882,2493,2703,2730,2439,2940,3010,2519,2061,2142,2336,1468,2743,2297,2840,2831,2432,2392,3107,2967,2705,2988,3166,2923,2880,904,3191,2319,2594,2605,2230,1800,3321,1623,2542,1802,2080,3319,1994,2470,3164,1962,2552,2167,2140,2419,1486,3182,2258,2402,3140,2221,2356,1285,3350
"COG0203",1399,1044,907,897,791,1393,1482,1229,1431,773,1115,1334,759,1168,1205,1289,1333,928,793,1323,789,1171,1466,1181,1057,1476,1413,1246,1183,1374,1130,997,1118,1546,1608,727,1162,932,1207,1503,1283,1149,1206,1241,979,831,1192,1605,1441,1092,1721,1449,1141,992,1124,1090,671,1328,1079,1504,732,1164,1056,1399,1428,1268,1757,1332,1009,1244,668,1017,1122,1141,1171,854,973,1608,705,1068,924,1297,1630,992,1331,1545,991,1323,938,1402,1139,759,1936,1135,1096,1156,1040,1290,555,1793
"COG0204",3705,4309,5344,3705,4255,3660,3418,3003,4787,5440,4152,3638,4590,4385,3512,4071,3783,4626,5398,3921,3909,3270,4303,3927,3769,3182,4152,3689,3441,3097,4787,4473,4444,3296,3420,5236,4419,4852,3766,3363,4989,3714,3845,3150,3678,5001,3623,4499,3909,3914,3173,3644,3972,5015,3771,3988,5990,3672,3417,3784,3854,4255,5463,3384,3658,3590,3936,3167,3634,4011,4099,3649,3434,3367,5046,3721,4861,4285,4312,3808,5382,3914,3962,3547,3385,3759,5004,4316,4162,3519,4437,4154,4231,4218,4386,2981,3759,3308,6665,3592
"COG0205",5854,6663,8247,9858,3630,7632,8909,6211,6916,8868,8154,7999,8970,8562,6508,5804,9252,5616,6943,7205,7085,7776,8167,4887,7150,8487,6677,8112,8580,7560,8038,7538,6818,6226,8339,8147,8074,10108,7156,7040,5703,8149,8365,8265,9426,8509,8133,8005,6439,7218,7364,7117,8762,7142,6958,8083,7421,7393,7698,6000,3057,8455,8465,8215,7431,7255,7099,7074,4626,6930,3409,8465,8806,7360,8582,8802,6928,7369,8150,6351,6874,8286,6204,10082,8409,8720,8486,9153,8940,9226,8848,5301,5651,8789,8038,6424,7481,7599,5642,7573
"COG0206",2887,2362,2291,2719,2349,3031,2925,2882,2823,3099,2734,3004,3228,3290,2539,4005,2967,2363,2272,2927,2384,3008,3671,3712,2626,3149,2429,2822,2706,4255,2851,2295,2579,3393,2413,2661,2522,2941,2425,3128,2518,2701,2914,2735,3074,2728,2833,2566,2370,3302,2663,4601,3027,2952,2297,2600,2090,3230,3548,2836,3286,2645,2826,3289,3838,3186,4256,3172,3171,3382,1652,4326,2857,2890,2859,3023,1787,4154,2525,2657,1879,2823,3652,3428,2938,3575,3012,2758,3223,2829,3546,2343,4179,3430,2615,4118,2570,2719,2143,3663
"COG0207",1555,1506,2256,1400,1779,1363,1324,1267,1342,2435,1757,1817,1623,1685,1638,1355,2069,1710,1582,687,1242,1904,1355,872,1594,2223,1212,1240,1429,2104,2057,1719,1915,1966,1985,2119,3245,2603,1538,2330,1573,1701,1904,1686,1635,2001,1882,1938,2486,1762,1692,1381,1731,1935,1555,2012,1938,1739,1748,1958,2383,1760,1573,1954,1275,1667,1802,1491,2062,1176,1280,611,2430,1523,1702,1075,2228,1846,1833,1308,1716,2494,1739,1319,2807,1553,2508,1849,1722,1859,1526,1541,1523,1657,1459,991,1485,508,1717,1734
"COG0208",1586,815,864,813,1923,478,451,752,1729,765,1191,899,1416,719,882,255,767,1507,735,1443,732,522,549,1081,643,520,489,641,775,535,770,1150,955,762,404,746,797,1638,685,657,651,394,704,522,1293,2010,582,469,1160,864,418,914,1067,1000,757,1189,1477,745,406,1938,2558,943,721,455,548,718,361,331,1634,530,2063,530,1061,766,1067,1231,511,703,603,1757,949,662,687,1333,415,551,1330,895,966,775,1020,1031,665,1246,872,1048,439,354,1414,274
"COG0209",3190,3949,3668,1532,5600,1879,939,3154,3208,6863,4465,3016,3386,3252,3412,1149,3954,3433,4297,4055,3084,3777,2417,1864,3127,3564,1855,2824,3532,3832,3748,5984,3489,3217,2521,4913,4187,3689,2902,2510,3650,2796,4423,2759,4032,4773,2605,1566,3956,5362,1927,4695,2702,4456,3290,3199,4145,3098,4371,3808,5286,3801,3188,2474,1962,3860,2145,1900,3663,2504,3911,1303,4092,3010,3549,2984,2897,3215,4791,2398,4572,3001,1941,3357,4293,3422,4964,3151,3520,3749,3030,4641,2381,4926,2316,1775,1975,822,4770,3891
"COG0210",11647,8241,8640,7599,10978,12812,10193,10154,10545,6396,9061,12499,7670,7171,10241,9282,8092,9056,8448,11265,8409,8535,10379,12129,8211,9576,12391,10076,8783,13622,7910,6442,9172,10810,9196,5015,8003,10847,8988,10394,9655,8022,7318,7246,9040,8743,9183,8516,10284,9730,9400,9586,8253,7771,7359,7749,9308,10188,8734,9289,20501,7621,9612,11317,10977,10008,12884,10943,16779,12943,8247,6349,6929,9767,6967,10575,12713,10774,8578,12780,10089,9128,12335,8408,9685,9408,6649,9781,7374,10784,7537,11815,10214,10302,8271,15578,9920,11521,8481,11289
"COG0211",780,565,562,664,662,728,570,716,734,508,581,576,422,509,859,912,457,507,513,987,378,522,807,926,576,695,834,494,544,631,486,482,535,843,666,398,424,630,600,832,431,765,504,496,483,598,642,685,699,605,755,450,582,559,470,585,541,708,514,873,969,609,508,873,808,618,996,689,772,764,499,810,441,545,564,547,538,812,392,578,444,513,923,406,421,718,449,509,405,538,597,462,1052,546,561,784,646,838,459,940
"COG0212",1514,1184,1281,1027,1271,1443,1206,1707,1538,1367,1427,1519,1309,1336,1462,1550,1293,1059,1028,1984,1035,1350,1231,1690,1136,1295,1533,1260,1345,1469,1416,1214,1337,1083,1431,1160,1326,1550,1394,1423,1577,1783,1372,1456,1522,1319,1549,1495,1349,1280,1373,1275,1297,1064,1214,1311,1069,1536,1281,1658,1844,1446,1338,1329,1318,1314,1712,1468,1789,1506,879,1448,1315,1408,1287,1247,1070,1368,1118,1526,1129,1495,1428,1307,1321,1258,1243,1386,1269,1638,1419,818,1064,1274,1504,2007,1476,1569,1067,1249
"COG0213",915,440,571,587,732,762,867,688,1120,477,496,480,721,780,645,637,553,1122,135,265,715,480,385,710,672,976,908,1162,695,904,1064,252,1092,1716,699,258,406,305,429,803,1657,237,264,858,517,227,701,435,716,585,1379,143,629,414,779,656,182,1330,489,1416,461,523,869,1302,674,602,1025,1540,1171,223,1444,650,453,295,655,1344,380,1614,222,714,232,1191,2131,784,290,1129,153,472,627,132,741,297,2350,484,156,1635,402,591,333,1093
"COG0214",1299,396,438,495,343,1131,1076,1080,671,369,364,601,218,456,511,1122,514,394,144,1557,415,287,1337,1238,251,667,716,705,577,839,328,91,332,278,515,297,374,303,780,890,275,1039,578,342,156,221,1039,827,463,926,685,2102,497,206,407,284,146,819,677,1000,1651,197,752,584,923,423,1388,805,1271,935,183,1313,135,353,664,357,159,373,218,906,125,402,498,636,256,1145,259,353,266,309,922,250,394,918,475,2046,895,1847,379,1592
"COG0215",3687,2971,3218,3072,2651,3374,3739,4055,3796,3391,3379,3321,3176,3703,2946,3348,3979,3166,2887,3274,2904,3220,3977,2722,3197,3645,3702,3786,3243,3748,3197,2413,2748,4055,3322,2812,2835,2720,3119,3419,4028,3911,3558,3737,3379,2997,3358,3082,2922,3292,3767,4173,3103,3456,2781,2840,2319,3930,3965,3535,3846,3018,3402,4043,4609,3026,3964,4137,3437,3242,1538,4543,3206,3489,3091,3549,2342,4209,3367,3833,2574,2893,4261,3611,3547,3596,3272,3180,3363,3095,3310,2859,4471,3635,2952,3894,3663,4224,2177,3594
"COG0216",2353,1825,1958,2276,1988,2474,2410,3116,2218,2273,1999,2225,1909,2296,2234,2374,2528,1842,1596,2792,1861,2339,2456,2398,2193,2476,2426,2324,2109,2778,2202,1712,2435,3163,2561,2246,2165,1487,2370,2323,2431,2428,2675,2609,1833,1488,3040,1595,2024,2491,2576,2941,2003,1925,2218,1923,1626,2845,2607,2399,2834,1909,2170,2753,2263,2298,3072,2949,2918,1843,1374,1877,1863,2645,1862,2290,2004,2886,1871,2532,1547,2300,3027,2125,1890,2668,2027,1888,2254,1953,2102,1542,3113,2065,2098,2918,2366,3088,1535,3176
"COG0217",2042,1718,1655,1321,1955,1875,1439,2041,1646,1652,1624,2039,1702,1923,2057,1675,2014,1720,1508,1805,1543,1938,2037,1425,1852,2267,2033,1797,1801,1885,1754,1650,1995,2166,2298,1687,1754,1488,1776,1872,2007,1753,1985,1872,1923,1689,2081,1794,2139,1792,2175,2106,1788,1781,1663,1885,1424,2209,1874,2083,2027,1823,1803,2036,1816,1607,2483,2258,1928,1613,1423,1195,2028,1895,1655,1937,1832,2173,1692,1709,1650,2012,2503,1742,1915,2217,1786,1701,1833,1929,1524,1512,2650,1647,1552,1390,1853,1812,1293,2036
"COG0218",1563,953,1139,1400,1077,1616,1416,1641,1699,933,1307,1129,1105,1203,1528,1763,962,1326,1174,1526,1044,1106,1454,1465,1091,1472,1685,1385,1088,1511,1174,926,1206,1687,1271,918,852,1036,1578,1730,1556,1403,1151,1248,1199,1011,1296,1311,1674,1173,1529,1498,1187,1198,1238,1277,1024,1550,1186,1807,765,1034,1164,1688,1398,1419,2032,1624,1133,1455,1139,1339,836,1329,1129,1238,1310,1672,1066,1293,949,1036,2069,1286,882,1664,889,1007,1096,821,1161,999,1987,1144,1234,1287,1365,1467,994,1847
"COG0219",1344,593,741,1433,874,953,1199,1110,1538,507,518,811,637,726,816,748,658,832,227,432,568,541,685,722,617,904,935,921,608,956,617,299,854,1118,1006,371,476,387,604,926,998,315,525,745,383,379,659,1170,752,520,1180,181,805,448,628,686,240,954,490,1572,1738,625,771,1321,656,552,1129,1279,1415,343,642,559,381,839,800,942,460,1250,310,1518,261,764,1174,915,360,992,244,695,516,484,982,239,1497,546,807,1824,468,592,385,885
"COG0220",2012,1609,1799,1985,1599,1886,1808,1751,2110,1635,1557,1919,1674,1763,1881,1861,1736,1685,1457,1864,1527,1783,2103,1506,1704,1641,1592,1642,1703,1916,1873,1566,1339,1927,1887,1449,1575,1983,1854,1973,1474,1631,1861,1665,1835,1808,1687,1621,1620,1877,1707,2091,1846,1649,1752,1817,1746,1700,1580,2186,2030,1932,1576,1932,1732,2090,1897,1282,2365,1808,1206,1940,1656,1657,1778,1752,1945,1890,1420,2029,1387,1588,1835,1721,1812,1962,1765,1979,1638,1865,2082,1457,2430,1864,2028,2732,1640,1396,1481,2227
"COG0221",885,356,269,531,729,520,398,310,787,111,359,621,264,456,424,316,330,680,58,215,261,411,774,489,229,680,607,598,410,595,356,115,531,1207,666,109,306,181,419,334,701,128,289,515,140,137,417,300,535,68,900,67,338,231,429,338,81,516,309,160,1168,410,511,716,543,176,446,1101,602,136,713,77,173,604,189,184,525,1128,118,489,180,298,1158,410,178,663,139,225,190,95,558,163,1117,205,566,535,208,142,76,432
"COG0222",1173,930,706,750,977,1079,867,1025,1119,664,677,913,660,823,1170,1212,752,942,592,1073,727,730,958,937,916,1079,1084,792,984,865,698,693,869,1045,1230,619,662,584,983,1009,795,614,680,825,734,654,793,922,1132,712,1170,803,824,793,811,888,583,1008,784,1012,1098,882,764,903,1028,700,1271,1090,1211,812,778,782,804,868,749,761,875,867,628,1219,705,918,1284,801,601,1069,637,889,709,703,744,663,1166,721,929,747,808,815,724,1395
"COG0223",2315,1787,2147,2274,1974,2383,2220,2529,2628,2367,2306,2271,2413,2446,2424,3269,2432,2762,1877,2090,2005,2253,2449,2866,2073,2480,2196,2499,2358,2482,2355,2322,2724,2725,2491,1980,2371,2851,2189,2549,2354,2524,2255,2317,2450,2448,2496,2604,2304,2308,2364,2834,2125,1845,2102,2090,2124,2582,2347,2497,2794,2590,2017,2534,2720,2499,2661,2507,2111,2754,2900,3423,2135,2123,2491,2157,1985,2866,1957,2173,2143,2263,3053,2401,2296,2293,2322,2621,2324,2445,2554,1675,3112,2516,2124,3501,1986,2567,1880,2220
"COG0224",2834,2218,2261,2753,1758,2768,3897,3616,3240,2381,2173,2495,2731,2725,2120,2943,2838,2495,1663,2781,1998,2471,2930,3058,2064,2968,2503,3046,2598,2745,2653,1935,2475,1611,2593,2084,2362,2333,2333,2654,1849,2435,2320,2722,2384,2143,2365,2656,2240,2483,2689,3174,2548,1876,2275,2507,1766,2700,2085,2848,2819,2688,2869,2505,2884,1868,2783,2168,2842,2725,1578,2979,2394,2136,2681,3227,2466,2129,1818,3072,1873,2659,2286,3412,2189,3241,2232,2540,2414,2691,3132,1412,1596,2753,2298,3396,2577,3159,1541,2631
"COG0225",779,888,961,364,1247,526,318,529,1334,889,1183,1072,872,870,705,878,898,819,1385,1469,1110,866,434,1372,837,456,426,586,1018,515,906,1441,909,937,457,987,901,1355,1096,802,590,791,726,540,1381,1429,1506,495,897,865,532,262,780,1098,839,821,1499,1054,756,1141,533,815,776,559,340,1063,325,714,1638,640,1221,448,949,725,788,675,714,715,1221,492,1377,515,575,667,1130,486,1442,1006,710,1110,713,1382,608,1224,831,331,699,1155,1567,425
"COG0226",3683,2480,3109,2466,2545,2590,2757,3211,2307,3173,2373,2076,2831,2762,2449,3049,2900,3245,2578,2858,2839,2996,2931,3508,2450,2506,2277,2536,2811,2652,2834,2646,2636,2307,2485,3334,2571,2937,2631,2713,2427,2425,2588,2354,2406,2703,2558,2250,2159,2963,2124,3379,2447,2728,2396,2430,2400,2696,2629,2203,3500,2881,2893,2733,3101,2880,2456,3063,3185,3297,2304,2319,2152,2352,2749,2967,2204,2064,2699,2907,2400,3044,2234,3291,2322,2633,2589,2592,2810,1879,2589,2243,1707,3143,2823,3245,2528,2898,2622,2502
"COG0227",374,370,323,101,596,490,269,498,552,485,429,622,300,376,685,727,400,379,409,920,354,442,508,687,340,381,585,322,530,498,462,536,412,357,416,348,425,559,630,561,243,716,455,470,662,444,593,346,698,366,408,522,421,446,488,504,389,441,396,364,455,532,244,522,547,630,574,204,223,663,355,554,478,454,408,381,297,629,393,314,513,382,580,352,559,356,578,546,366,628,328,417,403,400,299,453,604,658,344,462
"COG0228",875,654,633,557,790,776,632,883,799,636,483,767,436,677,929,778,859,635,545,892,507,754,699,619,798,775,867,656,741,895,706,717,662,866,979,567,727,458,673,748,686,742,697,810,691,332,674,517,738,707,888,589,572,551,705,646,445,901,887,802,1438,767,653,940,518,718,922,779,680,676,384,503,626,836,550,633,454,820,635,938,623,807,877,658,851,798,629,683,524,767,611,567,1153,581,523,1156,683,784,475,990
"COG0229",236,790,517,174,1068,370,105,467,1007,538,452,576,324,563,395,450,608,422,1214,81,867,609,235,223,645,307,279,203,837,157,484,960,670,876,327,565,538,424,554,242,447,283,486,336,704,700,537,224,531,658,115,22,94,264,219,164,362,162,205,392,152,128,126,32,55,189,61,211,299,132,225,64,158,190,102,131,179,143,272,133,325,101,126,109,293,77,334,190,96,224,129,436,114,297,100,75,191,25,442,75
"COG0230",292,341,256,162,88,227,200,155,297,217,341,435,240,189,305,165,250,152,340,153,244,313,309,31,273,216,258,215,318,274,203,368,159,186,336,268,359,535,296,335,175,173,212,324,390,414,210,343,391,183,317,63,374,327,338,377,391,134,163,193,164,402,216,298,235,346,165,100,181,240,67,118,305,310,335,235,385,227,255,220,434,260,243,234,332,256,377,546,231,369,315,260,298,240,526,87,161,64,306,298
"COG0231",1361,1098,1353,1299,1983,1598,1554,2255,1754,1559,1558,1610,1550,1470,2059,2271,1611,1647,1398,2294,1378,1462,1707,2338,1442,1626,1749,1439,1482,1575,1457,1243,1705,1907,1818,1292,1532,1562,1697,1837,1585,2008,1366,1470,1819,1485,1844,1396,1997,1557,1734,1730,1443,1502,1415,1488,1279,1845,1704,2112,1785,1538,1286,1735,1982,1518,1976,1784,1314,2020,1747,1988,1632,1647,1421,1307,1196,1691,1105,1928,1319,1462,2070,1310,1724,1952,1571,1669,1416,1743,1487,1308,2265,1324,1156,1250,1685,1777,1066,2062
"COG0232",3775,2360,2651,1902,2057,2509,2464,1791,2626,1870,3079,2760,2589,2671,1965,3731,2419,2223,2258,3889,2027,2174,2931,2945,2467,2949,4687,2907,2447,3457,2470,1991,2545,2324,2831,1593,2375,2284,2158,2587,2615,3019,1841,3012,2695,2409,2956,3121,1959,2621,2931,3498,2606,1877,2121,1991,1889,2820,2491,1389,2003,2687,2269,3178,3326,2911,3625,3185,2369,3396,2166,4991,2713,2658,2115,2712,2261,2863,2004,1757,1764,3154,2567,2805,2407,2899,2231,2404,2510,2128,2093,1737,3210,2276,2606,708,3067,3794,1675,3058
"COG0233",1608,1489,1377,1086,1243,1653,1357,1785,1692,1465,1284,1600,1535,1740,1671,1668,1466,1244,1388,2047,1327,1602,1776,1442,1659,1642,1744,1282,1366,1529,1767,1465,1464,1779,1795,1733,1531,1728,1665,1874,1757,1805,1689,1566,1609,1684,1736,1231,2032,1446,1720,1798,1580,1648,1533,1512,1318,1871,1520,1530,1731,1642,1557,1835,1583,1599,1947,1822,1562,1429,972,1626,1745,1470,1684,1435,1546,1912,1416,1365,1372,1740,1950,1425,1631,1852,1619,1564,1691,1775,1683,1319,2204,1599,1539,1424,1670,1828,1220,1961
"COG0234",1129,744,726,810,823,1027,771,851,1060,679,870,1081,478,743,1111,939,826,882,567,948,725,771,915,872,819,842,984,684,821,864,930,775,812,932,1020,612,796,911,969,979,918,841,687,849,915,642,809,820,1188,685,1015,635,851,770,668,895,430,904,631,879,945,1076,730,910,859,751,1088,999,1160,832,706,739,682,875,882,619,474,1111,554,919,787,816,1251,594,926,822,730,852,639,1031,888,451,918,698,682,860,781,791,533,1076
"COG0235",1303,3231,3435,4692,3349,3046,2851,1693,3363,3530,3033,3327,2935,2596,2562,2684,3229,3415,2977,1438,3033,2953,3033,3524,2729,2363,2754,2578,2661,3069,3687,3409,3206,2193,3665,2659,2844,3653,2750,3056,3938,2203,3199,2958,3287,2936,3722,2391,3000,3075,3112,4193,2556,3044,2822,2684,2968,3176,2849,2741,2723,2526,2098,2879,3542,3961,2289,3000,1983,3423,5912,4788,3487,3201,3494,2536,3177,2828,2449,2991,3117,2505,3406,2657,3174,2799,3328,3368,2405,3644,2930,3104,2191,3126,2666,5250,2924,3065,3701,2435
"COG0236",592,375,354,285,201,430,452,423,612,270,409,424,359,357,464,587,415,357,227,517,340,323,533,314,318,436,458,332,364,309,386,272,361,296,428,288,332,517,394,502,308,346,273,436,451,418,381,653,661,316,1347,718,1524,1130,1064,1540,882,1136,777,1786,585,1314,1324,1489,1322,1307,1263,991,797,1376,479,1219,1085,1037,1520,1520,1131,1315,965,1343,953,1043,1418,1444,934,1214,1024,1450,1214,1162,1353,546,1306,1034,1603,623,1091,1125,860,1394
"COG0237",1627,1155,1033,1536,823,1421,1249,1443,1477,1274,1072,1582,1203,1256,1387,1366,1344,938,1268,1050,1050,1255,1619,1162,1340,1352,1268,1325,1258,1584,1039,1169,1135,1362,1622,1073,1287,1179,1357,1245,1582,1098,1439,1216,1241,1183,1292,1390,1847,1371,1309,1647,1246,1325,1282,1207,1268,1245,1355,1541,1950,1302,1200,1391,1359,1282,1499,1526,1720,1349,585,1374,1150,1264,1344,1378,1166,1752,1059,1502,1244,1412,1042,1266,1395,1530,1366,1354,1254,1527,1417,1316,2029,1245,1379,1742,995,1221,896,1674
"COG0238",647,634,449,583,648,833,707,769,751,437,566,498,337,482,756,755,443,435,326,1024,373,525,656,685,507,713,865,508,469,715,386,380,654,805,680,272,426,310,624,953,534,728,482,494,333,406,755,876,798,593,884,585,450,497,492,532,264,627,500,769,946,482,445,850,661,624,919,610,684,501,301,581,270,579,498,496,502,776,324,826,327,540,863,456,390,724,294,506,327,418,543,375,866,559,453,986,624,955,302,992
"COG0239",1797,353,529,498,909,345,216,836,705,595,274,562,495,561,818,381,452,489,660,170,472,586,316,420,552,308,292,302,525,295,569,729,378,219,742,542,586,982,570,459,350,362,445,562,695,742,431,555,783,424,311,112,641,686,678,619,822,273,417,609,1297,683,467,148,227,390,243,286,391,403,1231,414,710,505,851,382,578,396,508,717,644,574,301,415,711,302,767,623,688,841,569,523,450,465,583,945,338,146,556,179
"COG0240",2332,2029,2100,2007,2194,2511,2175,2994,2085,2420,2172,2375,2024,2179,2061,2733,2423,2003,1931,2308,1926,2521,2343,2469,2314,2534,2204,2285,2035,2554,2153,2151,2327,2385,2505,2083,2330,2165,2196,2332,1842,2515,2326,2358,2303,1791,2701,2033,1953,2288,2153,2903,1997,2171,2144,2031,1944,2355,2406,2398,2787,2345,2007,2644,2297,2366,2663,2087,2584,2074,1554,2490,2157,2154,2220,2377,1913,2468,2040,2343,1990,2352,2708,2092,2386,2637,2201,2247,2147,2242,2275,1921,2938,2175,1773,3550,2208,2863,1473,2839
"COG0241",559,1217,1373,261,1750,1112,710,1601,1392,1691,1677,1357,1504,1304,1937,7496,1185,1213,2143,1178,1737,2044,2499,1331,1487,783,1328,1092,1831,1402,1291,2397,1113,1259,1250,2043,1492,1682,1479,1572,1029,2021,1950,1175,2008,2035,1566,1240,1622,1930,1063,2099,1405,1783,1680,1286,2070,1361,2159,275,305,1649,1218,945,1135,1618,1410,513,991,1573,1539,1424,2127,1390,1477,1757,1369,1304,1608,220,1904,1505,815,1259,1893,751,1854,1437,1604,1827,1204,1895,1073,2094,1750,443,4829,2268,1650,674
"COG0242",2286,1696,1526,1960,1746,2158,2408,2630,2435,1392,1640,2247,1527,1815,2014,2357,2086,1546,1161,1850,1416,1744,1899,1824,1621,2102,1812,1874,1718,2103,1752,1438,1917,1980,2256,1378,1644,1652,1790,1869,1994,1782,1602,1654,1848,1414,1814,2549,1818,1546,2305,1289,1792,1675,1911,1732,1334,1953,1731,2779,4148,1943,1695,2336,2023,1308,2750,2368,3193,1692,880,1745,1370,2184,1840,1408,1731,2041,1268,3165,1485,1731,2344,1969,1747,2190,1525,1756,1454,1749,1832,1162,2833,1373,1786,2252,1625,1825,1285,2126
"COG0243",9519,2040,2780,2598,14013,706,941,2339,7005,3504,3355,901,4043,2539,2935,754,2188,11271,1973,608,328,806,523,8090,629,159,1093,3904,2669,688,588,2016,4977,3190,444,1404,1281,1215,1533,1010,2044,1039,1685,323,1703,2999,334,633,2594,3525,764,2245,773,3126,1447,1077,610,1665,1572,2711,2594,1060,2119,571,2166,2140,707,1085,2279,528,18374,366,1431,1017,1058,1397,722,1730,741,1598,1788,645,1760,670,1129,671,2426,1487,1437,1775,842,2775,1472,3452,170,1015,669,432,2579,656
"COG0244",1854,731,1213,1148,1352,1112,1420,1315,1745,1048,1432,1223,897,1292,1557,1048,931,1286,615,429,767,1128,1063,897,823,1292,1022,1431,866,1566,1314,763,1383,1816,1258,837,857,1235,1050,1686,1143,1108,980,1038,1144,1050,936,886,1340,737,1547,340,1058,1092,972,1191,609,1387,864,1625,2097,1146,1246,1675,951,1235,1198,1746,1776,749,1046,844,744,1296,1401,927,527,1443,479,1690,576,1108,1799,1083,1000,1342,768,808,807,889,1407,377,1955,861,993,1955,586,682,573,1178
"COG0245",1518,990,1111,857,1070,1421,1469,1476,1614,1353,948,1630,1392,1578,1506,1855,1417,1082,1263,1735,1317,1517,1621,1532,1403,1523,1424,1372,1415,1375,1384,1219,1325,1329,1722,1153,1208,1463,1667,1462,1508,1519,1470,1638,1649,1432,1754,1343,1659,1331,1268,1741,1494,1503,1342,1332,1233,1705,1477,738,1469,1543,1469,1178,1634,1208,1758,1838,1744,1792,704,1822,1299,1532,1394,1694,1431,1394,986,1297,1037,1517,1333,1391,1547,1469,1421,1619,1632,1474,1528,1070,1152,1287,1460,1463,1483,1512,1154,1480
"COG0246",2802,2527,3594,2888,4781,4359,5528,5198,3690,4383,3270,2770,4772,2204,3687,3081,3069,5244,3057,5270,4015,3131,3165,8158,2785,3482,4548,4487,3000,3779,2945,2722,4049,2105,2922,3351,2838,2077,2710,2917,3302,6541,2916,3028,3269,2618,4591,3556,2855,2560,2359,3135,2989,3172,2489,3120,3266,2976,3131,3406,2371,2240,2915,3101,3859,3429,4065,2038,3402,5022,6124,6678,4587,3019,2800,4630,4702,2518,2915,3740,2831,3321,2872,5213,1856,3198,1968,3223,3104,2408,4327,3208,1732,2869,2310,7608,4436,8680,3579,2087
"COG0247",2559,2248,1888,1964,3557,1500,1411,1799,1901,3848,2108,2622,1484,2370,2721,3052,3062,2613,1988,1917,1408,1841,1545,2729,2857,1275,1364,1506,3045,1636,2009,3039,2195,1807,2746,1727,2235,1816,3079,1494,1687,2216,2946,1968,2194,1600,1663,975,2891,2532,458,865,463,733,1003,790,508,558,902,733,256,839,600,426,446,847,522,730,369,672,911,680,621,558,576,461,451,664,702,141,765,659,599,436,919,499,969,767,746,876,407,928,720,922,331,922,537,564,461,522
"COG0248",4411,1557,1703,1971,2870,1844,1349,3412,2374,1910,2220,1361,1755,1388,2409,1049,1369,2573,1623,1313,1360,1771,1064,2720,1312,1657,1542,1637,1380,2397,952,1676,2319,1188,1089,1581,1575,2319,1648,1979,1982,1770,1920,938,1656,2156,1463,1059,1990,2062,1556,2199,1345,1706,1105,1468,1844,1987,1639,2363,3444,1275,1487,1812,2040,3011,1898,1368,5328,1454,3279,2243,1339,1222,1999,1298,1077,1554,1422,2226,1354,1594,1483,838,1044,1502,1680,1281,1305,1663,1769,1549,1302,2143,1249,4640,1254,1823,1966,1177
"COG0249",6417,5177,6386,5635,4225,6894,5896,6313,5819,5741,6695,6375,6300,8390,6143,7641,6479,5790,7043,5532,6614,7130,8025,4566,6796,7465,6648,8411,6999,8130,8038,5627,6505,7924,5924,6559,6664,6038,6603,7038,6083,7248,7201,6460,7476,6509,6472,6988,5689,7139,7422,9635,6776,6194,6650,6916,5910,7724,7231,5651,2780,7124,8096,8391,7009,7820,7328,7628,4201,7022,2245,6003,6823,6307,6408,6539,7256,7669,6600,4995,5756,8046,8018,7071,7235,7356,7032,6110,7067,6758,6261,6221,9448,6380,7131,3288,5501,5329,5802,7639
"COG0250",2516,1448,1626,1817,2052,1846,2142,2307,2394,1435,1896,2000,1711,1763,2470,2474,1893,1802,1327,2656,1408,1596,2611,2465,1487,1895,2179,1762,1573,2326,1583,1465,1842,2249,1860,1238,1439,1914,1800,2289,2237,2164,1540,1470,1952,1819,2035,2167,2142,1649,2291,1991,1939,1588,1631,1621,1430,2128,1522,2020,2543,1784,2220,2012,2136,1600,2484,2069,2249,2021,1919,2013,1530,1991,1792,1660,1392,2221,1253,2036,1344,1716,2516,1791,1657,2053,1551,1774,1581,1945,1832,1195,2447,1632,1779,2207,1850,2326,1209,2197
"COG0251",2026,2826,1787,929,2270,2247,1899,2282,2730,2133,2035,2857,2034,1732,2798,2117,1869,2170,2282,4351,2060,2614,2176,2913,2708,1989,2521,1941,2279,2001,2058,2437,2523,1885,2719,2860,2476,2126,2489,2130,2266,2059,2821,2615,2294,2071,2983,2054,3205,2090,1763,1675,2233,2813,2430,2161,2274,2484,2182,1241,1308,2109,2065,2169,2582,2033,2024,1525,1603,2330,3027,3116,3075,2005,2069,1952,2389,1559,2000,1410,2229,2349,2160,1819,2189,2082,2222,2429,2838,2074,2046,2460,1713,2166,2028,1311,2420,2413,2346,1860
"COG0252",1215,1265,950,758,875,897,725,951,833,1376,1077,1242,1005,1017,940,677,1362,757,1273,1021,1036,1046,1010,859,1340,826,845,819,1357,888,1082,1428,759,740,1330,1193,1293,1274,1033,814,1228,1119,1230,1070,1377,1237,1058,610,1007,1170,2545,4322,3006,3525,3491,3130,3405,2913,3963,2387,2612,3808,2870,2194,2804,3032,2120,2722,1527,3323,3057,3289,4316,3716,2848,3480,3094,3516,4294,2437,4281,3767,2224,3236,4674,2624,4689,3973,3694,4606,3304,3197,2489,3982,2927,3101,3045,2932,3815,2767
"COG0253",2273,1608,2139,2318,1535,1815,2351,2663,2059,1761,1867,1856,2212,2128,2122,2464,2004,1658,1599,2347,1565,1994,1766,1917,2041,1823,2167,1854,1878,2223,2204,1797,1970,1702,2323,1790,1945,1959,2157,2235,2254,1994,2048,2196,1811,1876,2154,2151,2248,2157,1724,2634,2162,1879,1928,1993,1816,2165,2106,2214,2801,2016,1624,1943,2102,1710,2262,2209,2396,2139,1656,2487,1860,1797,1934,1835,1687,1918,1589,2150,1499,1923,2009,2183,1851,2014,1825,1930,2131,2147,2257,1319,2304,2092,1871,2240,1662,2043,1476,2057
"COG0254",960,520,527,427,1060,590,484,552,778,434,597,601,220,389,802,519,515,584,568,358,376,446,538,345,404,547,570,495,566,599,488,612,516,663,640,366,569,505,531,606,450,420,419,465,504,427,426,530,720,503,655,290,377,579,583,496,441,530,472,581,542,530,496,616,429,564,457,487,596,427,561,244,375,613,494,351,511,693,508,538,566,502,742,297,575,594,412,566,285,649,450,472,985,473,447,416,365,176,448,785
"COG0255",681,331,338,486,462,443,470,463,659,196,291,366,256,348,383,335,376,412,106,185,263,275,337,390,286,485,404,399,301,348,350,107,378,706,567,135,206,139,221,479,486,127,283,294,248,177,319,402,494,183,571,77,370,293,236,310,111,469,223,650,756,327,316,567,358,247,480,611,606,158,410,214,247,449,321,432,172,490,131,663,119,342,781,354,200,483,138,270,237,142,360,141,643,213,378,736,249,278,171,418
"COG0256",1352,935,1014,1132,1071,1279,1419,1449,1390,903,933,1319,1044,1194,1263,1289,1247,974,670,1805,779,1170,1583,1449,901,1239,1315,1106,1199,1349,948,962,1032,1428,1276,885,969,1053,1200,1504,1363,1428,1239,1109,1174,916,1344,1340,1416,1221,1417,1431,1205,1048,966,957,690,1263,1030,1087,1595,1161,1136,1315,1353,1093,1808,1349,1391,1323,811,1288,1063,1106,1038,971,946,1469,749,1252,830,1213,1561,1138,1173,1520,1025,1260,1029,1279,1250,589,1677,1295,1098,1551,1275,1653,657,1713
"COG0257",61,144,51,44,139,122,65,71,200,32,131,101,96,66,75,47,135,114,14,63,60,44,75,118,56,77,84,95,51,81,86,12,101,62,95,37,42,81,41,90,85,25,56,52,35,14,63,344,88,70,61,15,81,60,33,67,18,83,33,75,282,65,56,78,77,50,105,41,159,50,71,77,37,73,109,76,27,72,73,134,65,35,119,130,43,86,25,123,42,36,126,19,32,38,189,189,67,76,21,136
"COG0258",4869,4217,4261,4596,4338,5018,5319,6254,3618,4259,3472,4688,4453,5065,4691,7904,5654,4929,3619,7445,4081,4916,5069,7276,4718,5028,5698,4822,5042,5724,5394,4195,4530,5437,4450,3890,4227,3475,5063,4919,4547,5279,5355,5330,4251,3358,6042,4552,4327,5185,6148,6656,4351,3817,4607,4270,3941,6324,5185,4603,6821,4485,4357,5118,6087,5460,4565,6096,5849,5843,3963,5332,4210,4924,3670,4804,3533,6341,4320,5894,4206,5024,6538,4614,4821,4994,4356,4716,4800,4309,3848,4614,6617,5046,4672,4477,4795,7111,3592,6000
"COG0259",42,748,461,26,580,183,19,32,274,687,485,374,264,301,195,407,366,331,508,21,477,434,248,148,662,141,145,179,430,60,561,735,507,166,555,916,789,489,451,87,284,67,342,565,290,435,359,91,444,216,202,34,333,692,671,563,571,178,417,71,94,583,449,53,143,231,43,158,6,98,315,60,521,371,650,185,594,163,963,47,1076,497,194,257,321,187,474,404,470,596,479,585,289,443,293,21,257,35,543,107
"COG0260",510,190,358,523,1174,186,197,483,1283,291,376,108,445,148,604,848,137,1125,232,62,74,182,140,881,107,127,315,386,419,217,202,252,533,603,210,255,207,139,414,316,510,78,328,80,262,319,117,42,625,317,92,244,198,455,281,93,140,359,405,376,418,151,199,87,208,296,60,671,700,95,1742,105,214,163,112,350,150,275,218,243,242,118,264,164,175,118,348,151,198,185,139,717,157,550,40,132,178,43,705,123
"COG0261",1049,655,759,799,1058,1102,895,1161,1042,747,784,1081,752,902,1403,1123,867,812,675,1274,655,922,1063,1115,798,1140,1310,860,883,1229,929,803,976,1202,1011,675,757,926,1135,1282,1190,1239,854,881,938,850,1074,936,1442,865,1219,973,1002,926,882,928,692,1180,845,743,1273,896,855,1216,1058,874,1405,1219,1133,987,681,992,841,993,873,897,751,1308,588,959,673,831,1470,799,919,1053,816,904,838,930,963,528,1491,829,766,1104,994,1235,605,1104
"COG0262",1867,1604,1973,1252,2043,1806,1639,1586,1570,1657,1316,1618,1105,1212,1461,1440,1550,1690,1175,869,1336,1369,1561,1137,1223,1608,1234,1350,1515,1386,1940,1544,1195,1442,1797,1305,1303,1623,1414,1615,1040,1537,1301,1492,1809,1458,1087,2833,1851,1289,1387,1894,1649,1808,1415,1510,1413,1400,1299,1780,2563,1503,1113,1609,1580,1420,1465,1506,1987,1751,2853,1494,1444,1428,1307,1007,968,1240,1657,1535,1254,1293,1330,1383,1575,1221,1472,1604,1506,1978,1495,1716,1078,1360,1489,1134,930,853,1211,1442
"COG0263",2386,2052,1752,1699,1417,1745,1605,1824,1882,2350,2183,1886,2193,2420,1717,1377,2016,1382,1993,610,2006,2230,1291,865,2092,2469,1475,2257,1804,2387,2080,1485,1666,1424,2197,1856,1894,1843,2164,1810,2214,1609,2259,2027,2062,2284,1604,1918,1780,1787,1800,629,2121,1771,1815,1860,1891,2019,2346,2215,2433,1905,2062,1949,1390,2051,1499,1872,2452,1044,850,1242,1808,2108,2039,1804,1919,1748,2018,1780,1674,2125,1672,2339,1801,1674,1902,1752,2454,2273,2388,1986,1338,2062,2243,2687,1360,884,1896,1182
"COG0264",767,741,632,582,639,769,733,805,756,682,797,825,834,877,903,796,826,653,697,852,655,814,1078,636,827,937,828,878,707,915,787,642,772,941,862,669,656,798,758,920,791,845,820,710,841,861,808,751,828,791,2694,3465,2669,2089,2197,2309,1965,2582,2443,2832,2182,2400,2247,2691,2535,2468,2642,2896,2042,2337,1433,2079,2445,2422,2343,2063,2292,2890,1879,2129,1940,2576,3050,2623,2533,2965,2322,2336,2673,2304,2247,2053,3212,2447,2319,1900,2164,1746,1860,2944
"COG0265",5234,4047,4454,7591,5374,3781,5157,3720,4578,3955,3492,3789,3044,4034,3715,4364,5001,4414,4654,2701,2957,4132,3168,4059,3580,4033,3848,4368,4740,4302,4060,3732,5216,5945,4662,3046,3975,2483,3680,4003,4235,2539,3461,3671,3135,2853,3913,3745,3809,3957,4531,5075,3336,3712,3955,3391,2589,4448,4546,6293,4241,4141,3680,4248,5921,3174,4455,5951,4153,3928,4483,3709,2520,4305,3736,4149,3075,5187,3512,4890,4020,3428,5378,4345,4177,4245,3380,3967,2959,3810,3812,3446,5127,3816,3347,4022,3622,3240,2534,4581
"COG0266",1047,584,369,520,1117,431,210,818,633,509,348,261,483,320,600,633,192,1093,494,70,778,350,268,1025,597,161,289,370,552,223,175,456,641,647,343,548,534,484,634,505,569,192,400,290,365,465,236,123,859,253,308,250,372,921,652,358,466,248,430,1093,621,226,412,270,314,592,311,168,529,135,1531,357,428,299,340,344,480,365,519,435,644,329,460,83,366,254,392,339,429,397,364,1173,1069,540,127,904,310,149,468,210
"COG0267",219,397,239,255,314,372,243,220,296,257,380,402,186,265,490,468,271,236,367,611,209,277,324,363,285,265,420,170,293,303,254,433,184,333,275,265,356,346,356,357,221,414,281,227,360,355,313,313,470,323,326,305,230,409,274,307,435,229,243,325,392,318,237,357,362,289,451,270,212,445,235,345,351,311,296,222,278,350,273,167,393,286,501,169,315,285,400,339,224,419,263,369,355,313,320,187,390,323,379,423
"COG0268",824,237,371,702,444,484,544,458,657,165,242,303,191,234,447,439,284,492,127,160,252,252,340,367,262,401,558,436,360,318,186,162,424,688,552,91,238,208,297,545,578,130,272,384,163,179,232,458,437,199,647,80,319,243,302,294,156,330,208,808,590,239,325,616,297,333,531,623,568,207,461,232,131,252,362,340,301,586,106,611,137,366,707,262,152,400,111,295,186,172,451,177,731,255,301,733,185,226,196,593
"COG0269",29,54,437,195,699,62,38,23,177,52,162,3,101,2,64,43,24,506,72,3,32,41,10,349,15,22,8,146,74,8,24,79,263,296,82,28,29,16,46,9,67,10,14,13,89,77,9,24,111,12,10,106,21,78,19,26,35,38,39,131,127,13,13,76,51,117,26,28,88,11,948,0,43,93,13,50,28,8,31,236,58,4,260,31,39,22,35,5,28,28,22,105,67,91,5,135,12,5,108,28
"COG0270",8462,3943,5026,6950,4676,10425,3666,5654,2784,4806,4371,7214,5958,4010,15317,8329,4623,5083,3053,4063,3737,4701,6227,6077,5248,6369,7721,5586,3402,6026,6546,1065,5567,5141,5157,3879,6485,3365,6757,19853,5587,7606,5424,5887,7382,4822,4563,7457,5613,2597,7428,11421,3934,5345,5108,7075,2070,5206,5137,3517,6005,5351,6092,10038,8345,5020,15480,5539,4716,6021,2335,9688,8775,6146,3906,3363,5188,7843,3586,5012,5284,5721,7576,6304,5181,7480,2279,5056,3018,5917,2847,2411,4850,4848,3369,2522,48700,6776,1903,11242
"COG0271",21,36,52,38,277,1,4,4,176,18,75,0,68,3,57,16,3,277,34,14,5,0,2,189,2,1,0,62,33,0,15,29,87,36,4,10,8,15,19,0,24,7,2,3,37,47,2,14,45,6,0,20,8,28,4,6,7,8,8,38,67,1,4,0,37,45,1,3,0,9,426,2,13,7,1,10,14,6,13,25,57,3,53,3,12,8,19,4,9,5,5,75,1,29,1,2,1,0,41,4
"COG0272",4327,3389,3725,3430,4160,4619,3944,4983,3863,3852,3782,4662,3115,3857,4128,6954,3900,4007,2872,4809,3365,4843,4625,4357,4449,5202,4649,4055,3672,4442,4192,3928,4394,5912,4631,3634,3912,3426,4297,4785,4942,4108,3829,5049,3681,2835,4464,3787,5511,4037,4752,4899,4362,3548,4084,4860,3052,5477,4610,4627,5224,4176,3952,4807,3864,3987,4966,6233,4229,3896,4134,3619,3565,4527,3851,4187,6079,13263,3492,4740,4387,4295,5828,3690,3680,5218,3760,3873,4661,3954,3749,2882,6195,3999,5046,4875,3941,4477,2460,5885
"COG0274",1411,2074,1941,768,1655,2007,1782,2140,1776,1889,2186,1764,1730,1576,1837,1887,1609,1601,2537,3206,1789,1747,2149,2066,2016,1806,2181,1692,1621,1933,2007,1574,1338,1749,1859,1481,1619,1569,1951,1707,1811,2778,1836,1810,2126,1873,2080,1826,1608,2077,1510,2894,1665,1922,1610,1636,1711,1907,2033,1700,958,1630,1435,1778,2235,2971,2176,1805,1242,2408,1561,2644,1936,1652,1727,1928,1859,1897,1765,2021,1867,1689,1749,1670,2315,1634,1721,1781,1850,2112,1643,2256,1384,1732,1563,2752,2243,2509,2419,1902
"COG0275",3046,2606,2692,2750,1814,2769,3191,3159,2456,2112,2622,2522,2675,2805,2429,2853,2863,2293,1959,3156,2379,2339,2780,2608,2404,2664,2553,2930,2371,2822,2585,2075,2357,2656,2860,2332,2531,2447,2453,2739,2625,2584,2342,2722,2293,2375,2917,3070,2277,2468,2837,2729,2927,2163,2291,2560,1757,2716,2459,2922,3144,2525,2501,2849,2788,2507,3302,2601,3318,2814,1523,2693,2173,2528,2480,2465,2883,3088,2168,3310,1861,2353,3115,2971,2250,2938,2236,2789,2790,2564,2705,1743,3406,2654,3051,2703,2496,3041,1866,3121
"COG0276",447,95,63,79,373,26,84,297,292,91,121,42,133,74,73,30,114,360,62,47,6,24,19,294,37,5,48,126,117,15,17,94,180,90,12,63,29,60,56,25,59,34,35,3,67,109,8,14,74,245,51,111,17,88,55,58,10,68,47,604,113,54,56,41,88,67,31,24,114,21,615,9,57,24,28,68,19,45,30,76,69,31,44,19,36,27,90,35,68,66,17,118,38,103,5,17,31,17,97,27
"COG0277",2974,1721,1512,497,4616,976,647,2681,1739,2639,1629,1707,1725,1644,3756,2074,1844,3507,1220,325,988,1415,710,2726,2115,994,1202,1385,2802,1644,1287,3212,2313,1933,2056,1146,1424,1175,2602,1004,4611,653,1889,1747,1424,1356,1057,524,3598,1356,1321,946,1467,1751,2334,1765,1044,1259,2765,1363,1282,1847,1349,830,876,1452,846,2031,5846,858,3951,809,1649,1305,1122,1537,926,2220,1431,1206,1856,1393,1596,935,1669,781,1871,1606,1803,1806,943,2361,1571,2144,404,2481,854,407,1072,881
"COG0278",16,25,24,36,239,0,5,2,224,19,59,0,72,0,33,12,4,189,24,19,2,0,1,144,2,1,0,63,31,1,10,42,75,34,0,5,6,6,14,0,25,3,1,2,29,27,0,6,63,1,0,17,8,15,4,4,11,8,3,44,34,2,4,0,33,43,1,4,0,3,283,5,9,7,3,8,5,1,8,19,27,3,26,6,8,11,5,2,4,6,10,51,1,26,1,1,1,1,33,7
"COG0279",503,415,436,149,1104,321,275,641,1125,299,407,365,487,527,885,2542,150,937,480,157,500,498,506,688,309,185,530,438,522,496,272,701,515,613,235,457,359,317,496,439,566,169,405,125,800,737,404,329,723,1101,376,156,285,499,742,393,1187,689,715,294,176,194,183,247,394,523,439,331,801,249,1641,155,561,376,400,863,1020,392,533,164,345,165,381,349,247,204,384,266,282,408,290,589,278,780,668,304,1913,1018,914,226
"COG0280",653,1805,1855,703,1479,1481,1068,1342,1231,2202,2140,2034,2349,2063,1690,1685,2054,1520,2113,1701,1701,2240,1877,1557,1975,1557,1488,1643,1964,1968,1924,2287,1643,1437,1701,2398,2252,2610,1650,1483,1340,2192,2138,1884,2571,2447,1800,1332,1678,2298,4594,8769,5924,5637,5065,5567,6153,4405,6517,2757,4093,6012,4653,4222,6211,5988,5351,3001,4324,6643,3929,5940,8313,4878,5532,5002,6061,4739,6494,2891,6632,6532,3871,5103,7745,5661,8346,7024,7457,8045,5146,5562,5935,6869,5289,1994,5487,4109,5064,5845
"COG0281",2288,3056,3435,2666,2626,2735,3047,2744,2891,3925,3875,3446,4377,4060,3115,3407,4012,3177,3362,3076,2874,3738,3939,2758,3188,3119,2559,3450,3962,3570,3653,3866,3116,2386,3113,4019,3815,4625,3262,2963,3223,3607,3942,3724,4622,4367,3215,2696,3230,4209,2813,5332,3949,3352,3244,3826,3521,3455,4228,3108,1346,3521,3178,2839,3522,3421,3315,2593,2416,3766,3004,3568,4595,3482,3436,4031,2830,3437,3724,1959,3386,3834,2379,3707,4165,3611,4837,3996,4685,4377,3380,2903,3722,4212,3711,954,2860,2394,3063,3711
"COG0282",3474,2370,2235,2430,2177,2803,2636,4145,2550,1609,2456,2343,2151,2462,2744,3195,2490,2831,2185,3312,2467,2460,3176,2750,2684,3334,3032,2985,2655,2933,2391,1796,2674,4017,3051,2257,2085,1383,2582,2762,3224,3224,2704,2520,2413,1770,3038,2576,2829,2524,3299,2705,2311,2410,2461,2242,1541,2942,2870,3755,3464,2392,2502,3660,3027,2327,3793,3409,2638,2455,1961,1930,2292,2731,1899,2577,2426,3600,2099,4036,1785,2750,3557,2290,2506,3219,1944,2056,2412,2122,1930,2590,4668,2048,1907,1554,3257,3550,1827,3339
"COG0283",1400,1573,1204,1086,1423,1662,1594,2148,1532,1359,1662,1853,1155,1511,1672,2198,1523,1247,1172,2268,1312,1561,1722,1943,1446,1761,1741,1535,1354,1935,1484,1243,1428,2108,1803,1175,1273,997,1530,1428,1456,1821,1537,1707,1296,967,1953,1411,1448,1469,1540,2138,1245,1302,1420,1323,1104,1819,1827,1506,3412,1378,1442,1933,1702,1699,2109,2039,2564,1769,804,1544,1196,1625,1260,1433,1299,2227,1248,2033,1113,1582,2233,1430,1185,1495,1032,1350,1316,1196,1573,1326,2128,1425,1405,2597,1671,1995,1097,1600
"COG0284",1813,1800,1743,1704,1640,2039,2229,2415,1761,2097,2053,2150,2093,2108,2125,1956,2339,1415,1663,2321,1901,1998,2366,2055,1942,2191,1818,2046,1860,2494,1873,1672,1936,1566,2072,1835,1826,2167,1981,2106,1929,1964,1995,2019,2151,2062,2129,2077,1917,2285,1677,2494,2252,1813,1651,1892,1784,2289,2353,1950,3537,1960,2056,2052,1766,2114,2123,1779,2809,1926,820,2036,2018,2371,2033,2275,2001,1845,1776,2452,1663,2114,1911,2373,2022,2414,2089,1976,2132,2096,2305,1453,2104,2247,2281,2708,1736,2037,1444,2335
"COG0285",3622,2215,2995,3973,2259,3315,4110,3772,3061,2486,2821,2805,2950,3165,3125,3272,2831,3005,1706,4264,2341,2821,3329,3002,2311,3438,3691,3342,3225,3359,3053,2141,3266,2712,2934,1943,2465,2559,3040,3557,2867,3206,2730,2981,2946,2178,3120,3051,2888,2978,3638,3182,2949,2110,2499,2879,1809,3411,2773,4823,3187,2890,2934,2972,3197,2839,3708,3014,3412,2884,1827,2552,2108,3380,2497,2979,2969,2821,2119,3838,1954,3155,3536,3646,2589,3326,2312,2780,2825,2788,2833,1492,2094,2722,2865,3275,3060,3471,1831,3579
"COG0286",4955,3113,3755,2004,5171,7515,6606,8070,4792,3786,5717,6051,4644,6184,8257,9816,8664,4296,4159,16011,5113,7377,4803,8754,5889,6626,6375,4875,6556,7879,6401,3697,7518,8290,6475,5121,4376,4108,8327,8268,7738,8673,6859,8450,9671,8151,10782,6651,8828,7454,7277,11143,6109,5565,5650,7136,5437,6615,5583,5795,3747,5605,6313,10401,7983,8538,6957,8089,4360,10611,2326,5145,4467,4946,6135,6618,5129,8787,5246,5669,4340,6975,6902,6704,8080,7119,5106,7241,4940,3866,8081,2624,4248,6565,6672,5891,5065,9847,6163,8215
"COG0287",2162,1432,1215,2033,1223,1519,1813,1199,1365,1108,915,1312,1230,1513,1257,1305,1256,1401,841,628,1260,1342,1035,1039,1597,1552,1411,1573,1303,1320,1323,656,1704,1471,1822,1257,995,803,1210,1407,1788,463,1016,1663,801,790,1358,1576,1407,912,1513,328,1514,1150,1377,1275,857,1839,1322,1816,2251,1307,1667,1472,1085,1126,1304,2235,2310,507,1105,850,957,1749,1347,2031,1336,1311,1147,1751,965,1526,1598,1461,853,1235,691,1248,1381,971,1425,757,990,886,1735,2686,848,978,1263,1216
"COG0288",1214,819,575,354,1045,645,366,955,1140,676,1122,758,656,526,784,663,525,828,779,1078,728,391,350,1079,458,319,645,692,837,987,483,715,465,444,283,671,593,640,709,504,418,1420,606,579,676,575,668,495,592,623,332,269,479,851,593,581,909,454,605,953,1137,417,472,563,335,839,698,236,1255,969,1082,488,711,584,505,345,579,430,760,635,657,442,387,517,662,348,680,518,559,624,609,1148,353,672,346,1083,887,1139,857,277
"COG0289",777,568,723,654,500,663,670,724,684,543,702,776,713,709,657,661,713,550,563,660,589,598,697,570,537,619,569,653,685,708,709,564,606,616,622,682,621,879,601,629,667,787,665,682,851,726,744,650,791,689,1746,2496,2140,1907,1681,2051,1499,2005,1808,1931,2238,2219,2186,1760,2011,1900,2232,1799,2177,2076,890,1963,2334,2068,2223,1969,1781,1880,1865,1874,1825,2047,1894,2075,2201,2341,2097,2362,2198,2652,2332,1098,1486,2099,2276,2016,2099,1978,1591,2253
"COG0290",1694,1211,1164,1082,1262,1676,1626,1693,1489,1080,1383,1794,1096,1373,1762,1759,1416,1147,986,2126,932,1431,1878,1587,1323,1469,1728,1335,1363,1851,1431,1374,1401,1960,1826,962,1472,1281,1697,1886,1720,1776,1346,1608,1229,1067,1812,1623,2106,1471,1692,1763,1491,1222,1467,1447,1141,1804,1261,1444,1340,1588,1327,1930,1604,1580,1980,1617,1295,1467,672,1408,1210,1536,1445,1043,1078,2138,937,1471,1057,1553,2313,1261,1365,1679,1182,1388,1208,1278,1383,1018,2210,1251,1331,1630,1423,1965,848,2070
"COG0291",592,503,428,479,398,582,489,427,590,419,427,551,356,404,720,396,399,370,477,560,356,476,474,333,470,472,555,371,541,426,469,425,467,416,628,405,413,527,580,575,587,335,443,501,439,470,458,548,791,510,630,368,540,551,559,559,569,554,378,481,256,542,442,515,408,488,492,498,370,326,280,365,461,596,487,381,457,565,431,413,509,479,677,486,493,603,476,598,424,463,546,447,438,430,519,398,320,301,502,821
"COG0292",1190,804,666,868,973,1142,1068,1104,1095,706,873,1049,788,817,1264,1283,907,776,477,1314,803,834,960,1058,738,1053,1229,917,861,1156,699,795,941,1175,1137,532,744,804,966,1339,1050,968,851,818,893,838,1019,1187,1197,827,1310,558,868,792,854,918,628,1103,846,978,763,881,848,1285,1046,956,1495,1077,1086,918,619,945,806,926,913,863,678,1322,554,1042,690,828,1569,982,699,1163,744,918,750,811,947,620,1528,802,853,914,908,1061,522,1382
"COG0293",281,46,48,46,251,16,31,34,257,88,79,25,54,59,86,364,79,274,45,30,6,22,23,160,26,26,50,87,93,12,16,64,102,104,17,18,33,36,60,31,50,49,48,3,39,84,17,17,85,133,27,54,20,83,114,45,18,67,41,74,52,46,64,15,50,70,26,45,0,17,418,14,34,12,50,36,22,58,9,77,35,23,79,12,29,47,67,52,42,43,25,117,53,74,0,7,16,15,38,25
"COG0294",235,292,529,392,687,391,357,416,449,567,403,511,390,464,535,703,535,595,588,595,419,443,479,613,464,430,469,359,469,522,646,559,373,379,459,422,488,600,544,547,487,582,525,402,580,483,476,368,547,603,1214,2296,1277,1390,1236,1139,2238,1593,1661,1398,1706,1562,1266,1237,1503,1832,1512,773,1864,1840,1337,1737,1524,1492,1337,985,1131,1567,1573,922,1451,1402,1158,945,1987,1377,1921,1679,1229,1888,1166,1510,989,1827,1196,1486,2033,1527,1391,1694
"COG0295",796,1152,992,1157,1013,1094,1106,997,1279,941,1096,961,908,1019,1171,1144,943,959,768,1176,835,981,1149,1084,1031,1085,1212,1001,1050,1238,987,960,1246,1116,1185,873,910,917,1172,1193,1114,1336,981,1091,1038,907,1122,1030,1156,1092,1143,1521,956,1039,1037,1046,845,1259,1055,1315,454,936,926,1098,1254,1087,1666,1496,899,1184,917,1190,870,826,953,1193,822,1359,963,980,804,1245,1455,893,939,1215,853,832,939,855,913,825,1812,932,960,562,1073,1237,758,1294
"COG0296",6068,5216,4789,7119,3521,6388,7559,5246,5639,4139,6168,5888,5824,6280,5037,3523,4795,4951,3375,5313,5867,4672,5413,2872,4859,7180,5722,6955,5584,7164,5075,4179,5047,3597,5402,4465,4866,5005,4756,4676,5180,6044,5837,6516,5437,5687,4773,5260,4350,5000,6156,4591,6037,4202,5433,5357,4946,5352,4755,5900,5601,4975,5974,6373,4025,4510,6620,5570,5325,3248,3086,3097,5189,5173,4733,5733,4337,4731,4210,6149,3509,5834,4703,6945,4475,6038,4823,4231,5736,4912,6461,4201,3946,4672,6312,7067,4745,6114,3559,5850
"COG0297",2087,2816,2672,3298,1561,3081,3552,2490,3143,2132,2745,3136,2481,3153,2728,3046,3110,2642,1655,2969,2454,2742,2662,2243,2466,3223,3250,3318,2538,2946,2635,2067,2595,2484,3280,2136,2408,2378,2481,2697,3286,2433,2597,3242,2571,2157,2786,3696,2718,2187,3486,2168,3086,2040,2539,2772,2034,3008,2321,3512,1235,3042,2632,3034,2625,2235,2894,3881,2626,2576,1706,2563,2337,3282,3133,2976,2387,2819,2080,2400,2109,2461,2982,3289,2387,3388,2304,3001,2592,2558,3127,1844,1838,2487,3185,2643,2404,2938,1698,3152
"COG0298",44,45,35,19,158,49,41,39,70,85,51,30,46,16,43,10,27,136,35,12,8,29,7,153,14,13,11,36,30,16,14,39,71,50,9,14,17,29,25,42,47,33,16,10,31,32,44,8,39,47,44,80,67,99,56,28,60,77,88,154,132,97,109,82,87,183,62,83,109,30,583,245,66,164,158,45,33,75,77,134,86,32,111,40,70,31,94,58,66,67,154,95,38,169,32,577,43,137,67,37
"COG0299",2372,1623,1506,1223,1049,1189,1430,1264,1661,1441,1726,1462,1617,1561,1475,603,1575,1328,1139,539,1396,1387,1042,698,1324,1543,1317,1524,1619,1348,1660,1365,1386,1148,1734,1219,1703,1908,1474,1623,1688,1057,1356,1818,1698,1568,1082,1317,1775,1097,1555,330,1823,1259,1430,1569,1238,1599,1164,1574,554,1720,1499,1083,1155,1144,1081,1328,1178,1195,896,952,1304,1539,1627,1603,1251,1449,1116,1396,1211,1635,1467,1802,1765,1309,1586,1786,1757,1758,1672,1798,1146,1361,1667,1176,996,729,1075,938
"COG0300",1687,1772,1415,699,1138,1746,1526,2505,1743,1428,1569,1531,1852,1830,1408,1293,1567,1175,1664,1576,1712,1159,1757,1027,1764,1597,1225,2024,1391,1507,1325,1466,1468,1705,1471,1482,1384,1201,1556,1767,1115,1436,1467,1298,1683,1993,1582,1685,1470,1557,1488,1947,1800,1567,1495,1642,1756,1870,1702,1919,1942,1496,1838,1786,1450,1361,1842,1913,1472,1447,675,1021,1575,1553,1404,1650,1451,1706,1495,1643,1192,1758,1716,1791,1019,1937,1703,1321,1952,1450,1597,1992,2566,1623,2112,1214,1648,1240,2017,2455
"COG0301",2194,1063,894,2027,1168,1460,1911,1572,1648,380,888,1103,1380,1347,928,1357,1291,1738,303,550,1145,1065,1157,889,998,1695,1469,1698,1123,1301,1283,366,1482,1904,1624,526,804,440,928,1244,1967,285,785,1380,742,489,875,1521,1193,602,1752,264,1341,538,912,1153,219,1551,740,2301,993,980,1189,1316,1071,556,1635,2332,1192,493,1539,442,609,1465,835,1755,1414,1144,398,2150,437,1048,1908,1798,550,1570,263,1044,1095,667,1377,370,1678,592,1365,781,739,826,395,1427
"COG0302",1807,1153,1179,993,1009,1267,1119,1177,1462,1407,1535,1329,1118,1039,1491,1843,1024,857,937,1934,1032,2638,1908,1460,1153,1217,1369,1130,1333,1368,1169,1177,1045,705,1311,1277,1390,1333,1321,1757,1223,1813,1630,1361,1308,1441,1378,1124,1564,1317,1136,1842,1158,1455,1440,1450,1230,1480,1225,1344,1218,1099,1412,1034,1722,1257,1692,1135,1138,1707,652,1412,1328,1160,1180,682,1200,1107,1164,943,1206,1383,975,1166,1002,1201,1491,1230,1307,1169,1174,1453,953,1446,1121,635,1589,1328,1068,1229
"COG0303",2095,892,1218,2331,811,952,2056,1740,1629,1186,676,445,1053,974,1202,377,1261,1462,437,407,788,534,542,1095,515,921,1197,1169,960,841,644,522,754,1094,965,751,607,687,684,768,846,407,765,633,749,599,628,990,762,1319,927,299,912,814,926,956,339,893,441,1842,846,670,794,750,591,1048,560,806,1891,549,1553,1013,511,741,1152,2062,278,983,406,1828,303,515,573,1851,546,612,594,886,1040,773,1061,586,590,1199,815,2944,502,886,928,621
"COG0304",1887,1443,1648,1309,1416,1287,1085,1536,1370,1816,1187,1342,1689,1609,1158,1803,1469,1158,1450,1728,1347,1199,1879,1289,1162,1479,988,1303,1171,1374,1321,1179,1286,1037,927,1627,1416,1730,1202,1344,1069,1368,1380,973,1307,1916,1483,1059,1031,1590,3118,4382,4574,4171,4144,4093,4638,3667,5394,3599,11343,3678,6082,3075,4319,4265,4073,3721,8940,4351,2358,4592,3683,4600,5099,3738,4320,3921,3922,5232,4398,4439,2373,4194,3779,4279,4671,3908,5169,4160,4411,3063,3802,5079,6393,7910,4394,4362,4612,4082
"COG0305",3678,3361,4056,3234,4573,4567,4377,4102,3602,5287,3579,4407,4022,4461,4006,4358,4622,3280,2705,4631,4187,6273,4671,4488,4726,3849,4061,3994,5238,5374,3996,4302,3302,7778,4000,4869,4339,3641,4077,4306,4953,4200,4656,4354,4027,3658,4356,3306,4706,5042,5742,5079,3977,3809,4271,4063,4142,4260,6961,5614,5200,4284,3884,4701,4224,4573,4426,4996,3871,4226,2228,3753,5177,5637,3663,5098,4343,4705,5299,5422,3983,3850,4211,5228,3802,4093,4576,3947,4772,5245,4048,3707,5747,4646,4062,6232,4102,4488,3947,4501
"COG0306",424,730,912,392,1810,668,171,883,972,1535,664,549,1348,410,1278,173,368,1284,1089,126,577,509,320,1382,620,260,301,445,425,563,570,1248,763,597,206,1181,818,1489,718,931,832,541,699,205,840,1341,458,385,826,758,275,331,857,930,634,814,1088,501,620,476,1180,525,687,812,358,1308,217,393,2282,274,2808,1153,675,765,1190,461,1117,667,953,356,1111,592,483,556,567,345,1076,463,897,663,1093,820,1043,1173,866,2527,438,445,1309,183
"COG0307",959,1140,965,608,908,1158,1020,1356,1251,1418,1245,1091,1147,1321,1336,1221,1057,926,1417,1561,1065,1174,1381,1098,1289,1207,1086,1255,1276,1307,995,1199,896,593,1199,1350,1006,1254,1230,1243,803,1771,1341,1083,1466,1415,1439,1350,1167,1173,580,1570,1286,1249,1099,1067,1154,986,1200,421,425,1132,1043,1076,1105,1186,1495,568,768,1194,701,1251,1384,984,1237,1091,890,905,1142,737,1033,1116,669,1045,1444,1075,1351,1068,1305,1372,1210,1402,767,1452,903,1097,1263,1530,1066,889
"COG0308",2645,747,1255,433,1813,387,333,2268,960,844,1011,815,865,858,717,1253,805,1312,1371,127,999,171,353,1238,288,375,385,815,1055,1016,1263,830,795,944,168,667,623,628,770,395,355,709,234,288,645,799,183,377,672,894,106,139,117,371,137,193,212,251,248,974,1756,134,265,122,107,114,89,168,747,275,512,105,155,161,177,123,87,95,280,987,135,74,146,162,464,96,400,112,190,233,176,410,114,339,74,651,84,50,157,65
"COG0309",1789,726,688,638,828,888,1513,1027,1372,740,597,582,677,801,671,358,851,1208,231,272,658,814,586,865,365,862,656,1156,863,836,449,371,864,878,707,309,590,641,499,864,614,421,591,622,189,412,546,756,533,785,801,219,889,400,612,520,267,492,455,1188,564,791,912,815,716,673,856,605,1247,332,1033,780,201,749,849,543,594,608,420,1523,266,660,654,1078,387,721,335,669,539,405,1217,270,466,822,760,2152,447,670,143,586
"COG0310",1050,211,382,966,431,242,323,249,555,221,153,171,98,104,329,65,213,184,70,55,58,225,134,238,116,479,186,152,196,216,172,85,328,488,239,123,167,275,195,296,296,129,156,156,56,140,263,110,189,180,173,80,173,147,217,105,168,225,157,721,300,205,141,270,180,411,141,211,482,147,149,379,83,261,227,324,85,298,49,318,57,85,227,122,112,186,158,308,118,190,278,49,127,234,359,913,88,259,258,162
"COG0311",1222,324,309,443,272,820,657,580,487,220,200,485,123,256,362,852,356,312,104,1011,280,197,817,1057,160,420,389,417,401,496,210,61,185,174,414,186,246,246,417,672,196,553,287,257,85,141,490,791,273,607,455,1083,320,120,276,244,114,385,400,617,1410,154,485,486,419,406,982,434,1075,767,108,807,59,219,490,207,83,261,113,649,97,354,349,349,201,765,143,233,152,270,603,177,229,595,325,1631,540,887,225,1111
"COG0312",644,1673,715,286,1401,847,492,322,1535,1368,593,1572,1153,1542,982,2056,2166,1106,982,241,1293,1842,588,973,2492,1026,641,873,2146,477,1033,1852,1639,2329,2259,1473,2013,1143,1339,446,1238,337,1900,1779,1423,771,1340,519,1540,1955,1417,271,937,1764,2424,1523,574,936,1803,504,244,1860,818,505,850,841,431,2013,532,916,1512,475,2138,825,914,1086,1109,1042,2112,1091,2202,1851,843,756,2145,1086,1995,2053,1407,1994,801,2078,908,1669,774,14,742,171,341,1210
"COG0313",2743,2320,2594,2236,2067,2441,2637,2780,2530,2842,2699,3006,2216,2584,2622,2650,2541,2185,2345,2459,2396,2576,2543,2113,2630,2581,2452,2810,2976,2801,2716,2876,2087,2278,2810,2272,2722,2957,2811,2849,2386,2611,2538,2782,3097,2588,2537,2135,2716,2570,2621,2374,2748,2451,2629,2483,2456,2756,2718,2570,3101,2942,2649,2967,2569,3067,2554,2384,2607,2669,1458,2598,2583,2827,2449,2590,2255,3317,2398,3104,2647,2793,2832,2595,2711,2463,2794,3030,2597,3092,2474,2194,3016,2922,2844,2884,2363,2429,2121,3159
"COG0314",191,35,47,52,285,9,17,35,166,67,80,22,97,39,49,18,46,268,44,10,3,13,4,171,25,0,25,90,53,8,11,36,124,91,4,26,22,25,37,10,23,36,30,1,45,90,4,9,68,92,19,59,18,83,36,19,11,51,37,52,47,12,38,6,53,51,10,20,1,4,465,6,41,11,33,27,14,23,18,42,52,13,43,9,30,23,33,48,39,30,25,49,28,54,0,4,13,5,53,16
"COG0315",624,359,575,965,449,330,1037,708,832,441,310,196,562,381,420,137,493,728,152,217,237,215,175,579,228,314,359,542,274,379,242,205,353,489,454,242,227,235,194,284,474,190,405,266,332,218,303,703,338,469,252,133,467,288,262,381,138,305,168,724,377,220,309,409,199,405,189,343,744,281,826,430,190,348,475,763,134,368,154,830,151,148,213,572,214,296,201,356,383,303,443,217,204,375,379,1255,186,410,296,182
"COG0316",412,102,150,154,952,29,52,64,928,166,278,58,311,65,169,573,114,930,115,58,16,24,21,651,30,1,43,281,149,22,55,155,398,218,22,61,74,65,80,13,143,67,50,11,157,243,24,44,245,163,23,149,31,198,48,42,41,85,96,223,191,39,80,23,146,213,25,38,4,29,1501,24,55,47,43,45,73,57,57,146,112,20,206,32,80,24,79,82,85,66,43,308,44,116,0,7,28,11,147,37
"COG0317",5753,6157,5821,4794,4771,7105,6150,7945,5461,6989,6829,6566,5909,7431,6381,8499,6599,5019,6428,8434,5963,6667,7791,6696,6956,6963,6995,6636,6262,7575,6810,5863,5450,7662,6275,6809,6521,5621,6774,6747,6625,9089,6632,6990,6502,5751,7291,5854,5694,7475,6116,10706,5947,6225,6392,5809,5543,7394,8159,5850,5992,6481,6186,6933,5976,7283,8959,6873,5662,6641,3944,6904,6952,6325,5854,6083,4907,7739,6190,5679,6214,6256,7906,6189,7222,7282,6389,5587,6685,6829,6245,5687,7371,6556,5529,6056,7052,9306,4791,8151
"COG0318",2580,4703,3879,1740,5793,3753,2677,3102,3773,4691,5179,4295,5855,5424,3964,4170,3972,4969,4897,2673,4596,5137,2924,3726,5365,5090,5082,4797,4717,3761,4696,5403,4893,5869,3514,6209,5331,4836,4090,5580,4461,3761,4380,5434,5141,5615,4947,3928,5461,4006,4045,3478,5440,5265,4605,5096,4549,5626,4478,1907,1517,4794,5741,4108,4505,3986,5492,5135,2037,3870,5993,4008,6211,4203,4214,4478,5450,4456,4495,2452,4800,4727,5947,4422,4316,4191,5431,4569,6736,5294,4160,5509,8397,4554,5110,1361,3767,2881,4424,3831
"COG0319",1643,1192,1154,1205,1003,1622,1323,1646,1461,1265,1391,1348,1189,1298,1404,1525,1565,1256,1075,1824,1159,1143,1809,1231,1267,1582,1540,1480,1236,1465,1374,1132,1281,1555,1648,939,1182,1182,1268,1481,1607,1591,1308,1339,1423,1178,1434,1587,1457,1347,1652,1826,1276,1217,1180,1314,875,1530,1301,1167,1610,1470,1323,1680,1373,1246,1849,1569,1541,1299,792,1304,1305,1420,1377,1269,714,1863,1047,1337,1104,1386,1709,1370,1372,1688,1141,1321,1096,1490,1408,1130,1785,1266,1219,1389,1422,1247,873,1607
"COG0320",606,541,927,184,1108,499,202,230,729,1137,975,1117,1296,975,1100,142,1146,845,1202,128,933,1040,423,385,1134,545,462,829,1084,765,1048,1288,1002,604,744,1218,1132,1854,960,942,620,1072,1142,877,1765,1509,907,564,986,719,651,420,1107,1073,1052,1050,1383,877,980,132,217,1178,858,716,482,1170,290,448,390,827,886,561,1302,1035,986,727,962,1042,1187,141,1307,1097,455,664,1679,694,1694,1407,1356,1638,816,1351,799,1057,973,32,759,106,890,532
"COG0321",384,648,628,133,976,381,120,199,509,803,788,728,654,776,687,135,827,610,1307,79,709,784,236,263,921,397,319,594,807,441,772,1031,678,413,687,953,934,893,772,494,407,763,832,705,1164,927,594,404,739,510,452,282,631,974,858,685,1120,532,770,82,151,810,612,510,335,656,160,240,71,496,616,329,945,706,644,448,739,660,970,112,1010,588,295,468,1333,439,1124,781,888,1032,668,1001,578,805,619,33,488,85,686,323
"COG0322",4043,3378,3661,3360,3329,4120,4647,4748,3534,3953,4056,3863,3248,3776,3829,4887,4380,3395,3191,5148,3612,3826,4557,4871,3965,4164,4381,4359,3864,4834,4066,3428,4002,4620,3866,3713,3762,2868,3873,4280,4304,4459,3866,4021,3376,2780,4017,3694,3404,3701,4380,4986,3557,3746,3863,3308,3097,4754,4236,4216,4960,3855,3827,4490,4565,4305,4571,4668,3194,5036,2292,3916,3517,4057,3490,3677,3172,5009,3570,4257,3415,3958,5006,3600,3623,3980,3319,3910,3539,3185,3576,3554,5408,3582,3269,4133,3581,5303,3046,4563
"COG0323",3961,2872,2962,3175,2564,3349,2917,2895,2885,3370,2658,2899,3412,3513,3293,3273,3252,2931,2942,2944,3010,3123,4042,3395,3113,3331,3547,3208,3601,3024,3558,3349,3248,3975,2991,2641,3366,3642,3674,3601,3367,2922,3284,3220,3324,3402,2861,2539,3227,4110,3909,4796,3223,2897,3457,3481,2795,4010,3627,4049,1590,3279,3196,3754,3655,3407,3831,4098,2215,4340,2088,4624,3153,3458,3168,3236,3028,5413,3204,3227,3086,3313,4027,3587,3403,3911,3473,3728,3387,3606,3072,2606,5538,4083,3090,2131,3367,3213,2886,4908
"COG0324",2407,3345,2888,1734,2167,2795,2330,2827,2193,3115,3253,3768,2603,2874,2750,3703,3230,2016,2966,4089,2451,3345,3470,3220,3588,2880,3205,2832,3398,3440,3360,3585,2390,2842,3381,3102,3303,3232,2911,2844,2573,4072,2899,3347,3622,3035,3763,2981,3055,3335,2885,5088,2961,3082,2965,2888,3545,2858,3134,1931,2475,3422,2693,3228,2708,3279,3604,2737,2432,3204,1508,2675,3770,2773,2940,2684,3278,3274,3180,2118,3593,3470,2977,2293,4065,3243,3512,3431,3126,3732,2681,3122,3766,3290,3119,1994,3009,3157,2492,3873
"COG0325",1403,1561,1403,1257,1644,1724,1621,1525,1811,1548,1643,1878,1560,1696,1930,2486,1601,1410,1279,1826,1346,1734,1837,1747,1638,1764,1891,1622,1540,1872,1779,1311,1692,1523,2028,1298,1596,1752,1739,1745,1853,1520,1506,1821,1670,1545,1771,1887,1966,1702,1634,2012,1725,1556,1444,1644,1400,1963,1660,1584,1909,1710,1659,1640,1994,1721,1973,1925,2135,1843,1116,1781,1454,1829,1705,1823,1545,1661,1221,1601,1462,1754,1828,1731,1473,1834,1419,1657,1625,1565,1787,1110,1319,1470,1844,1984,1372,1677,1182,1862
"COG0326",5916,4892,3986,3487,3285,4536,4265,3612,3158,4281,4497,4461,4640,4624,4856,4844,4429,3939,5286,5432,3734,4223,5380,3873,4713,4570,5426,4265,3767,4581,4366,3994,4054,3698,4474,4381,4813,4523,4305,5813,4466,5122,4286,4729,4256,4581,4287,5908,3955,3940,4320,4805,5129,4231,4046,4477,6053,4347,4476,1989,1510,4680,4850,4432,4343,3986,5043,4362,3324,3837,2626,3702,3830,5224,4664,4295,3979,5417,4349,3250,4235,4414,4438,4383,3719,4841,4078,3658,4172,3571,4671,4586,6499,4060,5054,2627,4813,4541,4139,4628
"COG0327",1352,1508,1300,1331,1144,1311,1153,2015,1388,1602,1299,1778,915,1241,1569,1798,1294,826,1499,1313,1198,1556,1333,1382,1542,1304,1133,1041,1385,1645,1354,1554,1109,1392,1651,1012,1214,1119,1565,1290,1611,1650,1469,1448,1465,1180,1606,825,1362,1702,1263,1609,1094,1368,1459,1160,1344,1663,1834,1705,1974,1434,1202,1273,1388,1498,1348,1852,1907,1594,639,1672,1114,1828,1129,1544,897,1564,1043,1589,1389,1291,1459,1044,1659,1126,1332,1211,1179,1442,1064,1569,1130,1230,1095,2368,1244,1982,1220,1420
"COG0328",1130,243,282,433,881,1102,378,954,423,275,258,587,391,647,867,2958,471,740,143,231,226,518,178,605,391,484,701,539,305,626,419,189,551,1065,648,239,183,113,580,1179,749,347,277,406,354,205,404,669,776,330,942,120,469,359,578,647,86,1243,416,670,1221,658,324,644,343,284,1115,1442,1635,131,1011,80,256,512,257,733,642,3693,170,618,416,396,1182,414,643,509,471,236,613,241,727,102,955,218,749,840,2110,308,178,648
"COG0329",2964,4135,3724,4300,4529,3988,3454,3822,3991,3740,3599,3607,4206,4149,4035,3338,3197,3242,3897,2970,3813,4176,3491,3146,3912,3661,3536,3567,3347,3895,4087,4237,3831,3905,4798,4076,3777,4329,4528,3351,3717,3345,3845,4369,3783,4833,4597,4538,4911,4141,2918,3506,4298,4904,3613,4271,4896,3840,4036,4161,4070,4339,3630,3910,3574,3637,3639,3833,5465,3752,5162,4149,4508,4000,4727,4972,4090,3166,3710,3803,3720,4799,4194,4531,3030,3707,4317,3345,4410,3915,4575,3724,3867,4083,3711,5175,3259,3557,5227,4015
"COG0330",2750,2284,2978,4152,3913,3276,2782,2207,3244,1903,2445,2550,3001,2973,2814,4779,2489,3494,2229,5383,2035,2065,3579,2995,2206,3841,3448,2903,2297,2475,2147,1707,3307,3853,2617,1660,2143,1833,2512,2760,2921,1855,2934,2324,2263,2749,2770,2353,3612,2743,3661,4217,2495,2634,2616,3343,1542,3089,2557,4518,3953,2066,2758,3805,3782,2530,3057,4716,2206,3011,4472,3249,2114,2574,2205,3539,2984,2391,1897,3207,1865,2096,3590,2736,1673,3283,1972,2458,2452,1946,2411,1781,3597,2296,2336,1950,2023,2261,2536,3394
"COG0331",2239,1942,2301,2392,2752,2136,2052,3896,1983,2233,1703,2871,1962,1976,2329,2257,2179,1833,1660,2558,1689,1843,2446,3079,1769,1949,1940,2027,2169,2850,1790,1844,1933,1305,1787,2306,1890,2016,1994,2093,1787,2241,2235,1728,1953,2123,2378,1672,1859,2267,586,827,759,583,653,611,477,712,845,948,3800,628,708,675,720,678,756,550,2508,710,545,769,727,806,656,731,596,798,622,1581,692,675,441,801,620,739,755,726,749,722,684,495,714,778,805,2343,645,867,496,753
"COG0332",3589,3836,2480,508,2031,3361,2181,3361,2639,4314,3685,2538,2634,2928,3626,4793,3708,2084,3977,3526,3231,2907,3337,2664,3697,2884,2953,2238,4417,2479,2780,3549,2222,1803,2509,3846,4994,2719,3434,2827,2864,3917,3658,3769,3408,3301,3476,2795,4825,2963,2782,3231,4876,4397,4261,3900,5183,2717,2795,2964,1183,3627,3619,2632,3093,3335,3030,1616,1562,2923,1618,3369,4367,2267,2938,2276,3929,2560,3631,1840,3821,3093,1736,3167,3530,2578,3496,4659,5027,3007,3388,5587,3756,3621,3350,2080,3378,3143,2787,2463
"COG0333",232,274,225,255,241,380,270,231,443,191,422,424,233,223,397,368,331,248,277,323,241,311,290,267,286,243,338,266,358,310,357,374,205,382,345,206,336,287,311,409,331,423,352,390,380,255,343,283,365,284,368,282,281,320,382,311,288,334,281,426,141,328,255,516,259,350,460,210,121,304,196,241,192,352,253,162,226,438,263,228,315,353,445,205,315,313,301,398,231,404,307,269,612,325,297,71,333,288,337,478
"COG0334",3312,4106,3988,2808,2975,3962,3463,3558,3492,4768,4792,4934,4517,5005,4642,3799,4331,3084,4272,4524,4086,5075,4462,3181,4420,4879,4089,4114,4526,4884,5385,4824,3833,3293,4586,4733,4832,5369,4338,4095,5162,4999,5042,4786,5094,4803,4552,3673,4561,5331,3533,5206,4613,4464,4237,4369,4253,4532,4878,3506,3139,4710,4153,3973,4205,4195,4119,5157,4654,4121,2608,3987,5062,4641,4816,4159,3844,3966,4384,2973,4410,4737,3742,4140,5291,5148,5164,4605,4794,4968,4581,3558,3329,4928,4177,2960,4098,3971,3560,5660
"COG0335",1194,703,677,542,731,1218,1129,880,1008,806,736,1113,785,823,1123,1308,854,575,610,1298,732,1060,1267,882,949,1083,1489,750,876,1187,704,745,904,1092,1160,735,950,1017,1093,1313,1170,1164,1025,958,993,892,1067,1297,1116,916,1292,1037,1009,819,903,1081,685,1064,835,977,1000,889,989,1290,1177,923,1437,1074,913,896,435,854,838,1017,1071,899,732,1103,647,808,761,1046,1550,761,864,1193,944,1050,864,989,973,686,1499,813,805,811,1141,1401,711,1269
"COG0336",2102,1554,1317,1751,1557,1926,1681,2259,2025,1303,1528,1927,1283,1619,1800,2257,1903,1629,1146,2215,1387,1656,1851,1820,1565,1833,1924,1878,1765,2053,1603,1303,1622,1986,1930,1002,1332,1511,1591,1689,1801,1850,1578,1910,1592,1161,1981,1744,1727,1399,1757,1790,1520,1310,1458,1461,1176,2161,1672,1720,2661,1668,1504,1967,1863,1598,2378,1992,2171,2002,1130,2102,1259,1560,1342,1906,1281,2261,1211,1861,1213,1688,2204,1776,1424,1802,1293,1637,1405,1400,1769,1022,2173,1333,1409,2075,1664,2154,983,1872
"COG0337",807,585,554,637,759,758,821,909,752,676,826,721,616,692,786,979,753,675,562,929,659,718,748,841,641,782,794,826,669,951,791,558,781,581,786,485,597,552,743,690,929,891,694,765,664,549,867,717,662,631,2225,2274,2078,1894,1929,1743,1712,2921,2620,1893,3288,1926,1995,2258,2073,2227,2565,2782,3082,1966,1473,2159,2299,2350,1782,2204,2014,2181,1697,2344,1561,2252,2087,2202,1966,2071,1686,2080,1961,1869,2034,1659,1587,1994,1998,2982,2147,2907,1824,1922
"COG0338",887,1378,1087,1767,3441,1428,1690,674,1311,807,1468,2491,938,996,2127,1990,1927,1181,826,752,1306,1537,2128,2099,1027,1369,1379,1423,1265,1324,1446,1253,1686,2324,1111,1425,942,3703,1401,2311,1965,1689,965,709,821,401,1177,442,1866,732,2345,631,1521,941,1163,1721,394,1479,1228,418,347,1173,1544,2413,1087,3231,1199,1558,1271,1246,2151,758,695,2477,1129,2314,1499,2749,780,560,753,533,2947,1062,1186,1028,1077,1540,1355,1817,1597,746,1301,416,1902,1186,1109,761,979,1428
"COG0339",1067,3798,4018,544,3958,3471,2159,3356,1945,6213,4885,4512,3837,4354,4781,6632,4748,2821,5569,7286,4544,4741,4677,5423,5036,3459,3838,3070,4923,3391,4560,6892,3610,2586,3356,5626,5413,5797,5343,3985,2687,7737,5235,4292,5952,5198,6101,2851,3701,4388,2815,8987,3844,4964,4260,4323,5036,4131,6129,378,825,4839,3951,2767,5384,6152,3738,1658,590,6233,2527,6487,5465,4344,4374,2945,4168,3886,6046,547,6189,4711,2223,2740,6609,3288,6509,5274,5080,5939,3156,5156,3415,5783,3516,171,6056,7082,3701,3237
"COG0340",3531,2184,2162,3280,1468,2199,2912,2987,2418,1746,2313,2259,1829,2115,2111,2448,2552,2294,1767,2431,2023,1994,2376,2149,2117,2136,2341,2425,2068,2250,2351,1982,2267,1677,2359,1725,1814,1972,2235,2223,2829,2219,1915,2039,2199,1814,2506,2331,2354,1829,2054,2302,2284,1864,1900,2093,1802,2563,2122,3225,2212,2173,2223,2297,2209,2244,2601,2540,2692,2071,1096,2310,1800,2085,2027,2989,1496,2800,1604,2939,1901,2162,2371,2788,1789,1878,1970,2235,2183,1863,2128,1621,2200,1892,2119,2421,2041,2303,1436,2169
"COG0341",1268,1860,1435,1769,1834,1563,1948,1710,1544,2369,1070,1098,2015,1725,1699,1347,1400,1798,1773,909,2004,1464,1533,1054,1967,1930,1759,1701,965,1134,1258,977,2272,1440,1616,2091,1020,759,1338,1361,1259,579,1402,1278,1505,1076,1595,2284,1267,1199,2308,312,1963,1591,1299,1890,1850,1483,1376,1590,1188,993,1767,1906,1178,1327,1397,1391,1410,738,1677,963,1456,1439,1833,2801,2498,1318,1916,2132,1551,1025,1803,2208,1059,2157,1002,1355,1804,645,1852,1522,2549,1195,2094,2101,1507,1108,1918,1483
"COG0342",3463,3068,3627,1992,2765,4339,4274,4269,2923,5648,3850,2692,4004,4395,3513,6446,4036,3327,3371,6420,4277,4219,6203,5371,4152,5015,4468,3748,3391,4221,3484,3686,4515,2788,3303,4913,3886,2859,3964,3380,2853,5138,4314,4313,3164,3039,4926,3652,3418,4246,3617,7688,3401,4456,3403,4226,3043,3915,4595,2163,1529,3917,4662,3712,6504,3670,5263,2509,2147,5400,2576,5812,4420,2533,4283,3736,3738,2918,4382,2772,3936,3694,3466,4048,3176,5611,3811,3591,3554,2843,4738,3462,4488,3918,3246,2738,5719,6482,2588,5070
"COG0343",2656,2232,2047,1756,2174,2771,2257,2647,2377,2577,2123,2466,2001,2372,2549,2828,2644,1837,1691,2345,2092,2607,2783,2479,2430,2726,2544,2331,2186,2699,2150,1990,2455,3507,2540,2484,2247,1831,2603,2738,2620,2462,2744,2482,2300,1919,2901,2129,2373,2503,2694,3444,2306,2289,2283,2365,1769,2967,2833,2815,3025,2250,2302,3104,2784,2198,3282,3019,3006,2173,1301,2535,2263,2566,2487,2340,2197,2908,2087,2509,1971,2532,3347,2352,2293,2689,2181,1882,2469,1932,2494,1837,3574,2247,1941,3575,2438,2878,1668,2937
"COG0344",1626,845,669,1155,1187,1224,1225,1474,1514,447,734,860,1036,991,980,545,897,1269,249,500,767,959,892,663,814,1289,1152,1314,857,974,841,349,1443,1600,1355,424,632,459,922,1189,1366,369,865,971,503,410,914,1627,1407,526,1762,196,1034,665,809,887,272,1305,699,1669,834,738,924,1564,982,507,1173,2253,1158,459,1135,474,389,981,871,1224,666,1446,450,1746,399,1051,1644,1310,492,1272,311,809,817,530,943,295,1289,676,1013,1159,629,659,509,1141
"COG0345",1979,2163,1774,1880,1718,1824,1895,2183,2096,2041,1920,2080,1990,1971,1985,1391,2214,1692,2319,1690,1867,2124,1957,1792,2014,1698,1623,1678,1999,1821,2031,1949,1940,1376,1808,1961,2103,2362,1872,1797,2190,1938,2028,1776,2018,2466,2028,1692,2060,1620,1782,1557,2030,2145,1832,1930,2377,2038,1906,1995,1949,1817,1792,1606,1821,1557,1875,1985,2104,2123,1694,1992,2006,2015,2021,1975,2465,1817,1834,1767,2011,1846,1942,2033,1972,1629,2280,2084,2033,2244,2149,1960,1486,1895,1986,1627,1732,1967,2049,1427
"COG0346",2571,2843,2487,1634,1979,2381,1518,1734,3022,3047,2889,3218,2411,2289,3026,1247,2226,2000,3397,1327,2476,2269,1815,1603,2603,1816,2038,1571,2737,1884,2146,3440,2093,1907,2605,2622,2629,3754,2578,2739,2263,2008,2340,2342,3327,3636,1828,3395,2917,2136,1778,875,3123,3346,2486,2579,3831,1984,2069,2824,1538,2684,2276,1863,1698,2997,1492,1391,2442,1952,2454,2147,2883,2510,3164,1968,2467,2517,3111,1700,3516,2384,2077,2337,3445,1772,3902,3025,2600,3645,2822,3321,2960,2752,2814,2372,1675,1206,3494,1711
"COG0347",1929,2256,1443,3091,725,2446,3121,2200,2213,666,1619,2261,2078,2310,1637,2605,2708,1897,867,2610,1651,1767,1890,1680,1615,2725,2251,2506,1885,2345,1694,579,1856,1436,2067,1055,1531,1324,1779,2076,1135,1715,1423,2007,1621,1312,2205,1557,1476,1012,2670,1193,2127,997,1562,1505,1006,2190,1371,1510,1466,2502,2385,2578,2195,1212,2423,2498,3307,1385,927,1992,1696,2174,1674,2879,2095,1362,1008,2409,924,2418,1874,1929,1023,2456,1177,1952,2144,1513,2576,787,1264,1304,2771,1832,1887,2700,899,1766
"COG0348",1701,3385,2023,2708,2359,2229,2338,2199,1728,2330,2185,1693,2108,2062,2075,1431,2306,2389,2701,2239,3241,2910,1354,1511,3162,2892,2045,1958,2583,1813,1506,2235,2335,2711,2665,2551,2283,1313,3170,2283,1650,2190,2301,2470,1958,1739,2216,1547,2649,1670,2173,698,2287,2372,3052,2317,2244,2090,2897,1673,811,1944,2204,2149,1326,1972,1706,2043,1840,1446,2292,596,2482,2847,1544,2316,2552,1763,3217,2520,2549,2454,1988,2340,1551,1567,2232,2290,2459,1825,1614,2852,1785,2471,2166,604,1788,2311,2144,1385
"COG0349",36,80,125,181,1092,12,17,119,302,38,131,245,179,13,175,303,64,430,56,32,5,45,5,675,5,41,39,160,94,272,34,67,421,121,6,12,24,25,60,57,369,6,9,8,51,70,144,25,125,17,0,94,20,76,129,11,21,84,186,155,1461,82,16,8,60,87,29,138,1088,13,744,8,13,153,6,21,28,11,33,362,69,11,73,17,30,51,14,10,24,25,9,101,13,48,11,473,46,33,58,21
"COG0350",900,1337,1181,1057,1620,1310,1234,1627,1763,1384,1392,1380,1741,1220,1435,1328,1377,1572,1850,2053,990,1400,1703,1266,1443,1331,1131,1323,1381,1165,1412,1259,1392,1406,1546,1440,1514,1393,1489,1532,1210,1122,1308,1122,1387,1562,1575,1491,1463,1162,1312,1501,1408,1354,1384,1308,1528,1646,1239,1637,1323,1398,1299,1098,1184,1245,1476,1278,1702,923,1466,995,1355,1743,1315,1558,1328,1969,1233,1701,1370,1863,1452,1458,1337,1206,1557,1309,1518,1499,1519,1725,1349,1115,1694,1043,1112,1366,1522,1138
"COG0351",1598,1692,1687,2320,1176,2570,2828,3229,1990,2146,2029,2363,1824,1976,2369,3214,1910,1482,1246,4153,1656,2046,2294,3176,1658,1971,2216,2048,1764,2516,1552,1692,1445,1210,1796,2077,1889,2205,2302,2511,2030,3739,2148,1888,2351,1694,2992,2435,2087,2094,1501,3352,2016,2032,1803,1727,1267,2116,2290,2404,2402,2077,1810,2372,2693,2359,2901,1036,1859,2798,941,3711,1945,1871,2302,1947,1242,2109,1378,2388,1655,2254,1530,2279,2109,1971,2108,1823,2191,2407,2354,1135,1423,2232,1950,3584,2712,4044,1316,1858
"COG0352",1200,1869,1690,2651,1547,1758,2551,2673,1901,1287,1589,1965,1315,1567,2169,1874,1682,1473,1011,2106,1521,1462,1783,1938,1478,1907,1467,1867,1744,2101,1287,1106,1489,1012,1697,1411,1341,1184,1777,1836,1845,1811,1686,1382,1308,1303,1695,2751,1599,1564,1460,2001,1690,1447,1703,1258,936,1729,1619,1751,5201,1645,1496,1702,1563,1362,1830,1022,2503,1531,706,1623,1261,1596,1858,1784,973,1586,1315,2774,1039,1987,1275,2156,1343,1958,1228,1229,1603,1588,2045,1252,1240,1848,1775,4062,1450,2022,1040,1906
"COG0353",1522,1599,1720,1769,1331,1668,1939,2366,1763,1587,1649,1818,1611,1926,1845,1731,1679,1450,1190,2061,1428,1729,1660,1630,1641,1763,1776,1617,1523,1904,1730,1288,1584,1998,2028,1706,1581,1328,1768,1816,1848,2023,1837,1737,1574,1454,1763,1731,1887,1781,1797,2109,1681,1664,1534,1498,1008,2055,1709,1789,2352,1555,1508,1846,1760,1287,2339,2058,2007,1552,1026,1630,1628,1725,1659,1665,1228,1956,1342,2090,1239,1778,2247,1790,1680,1934,1526,1411,1801,1723,1887,1009,2173,1642,1620,2220,1622,1778,1190,1930
"COG0354",271,66,83,60,456,11,29,10,333,100,116,36,106,60,79,21,37,437,56,19,1,21,15,311,2,1,33,126,83,1,18,93,220,112,7,41,46,54,57,10,66,25,19,9,80,110,17,11,130,69,10,35,10,100,33,20,14,53,45,82,98,19,44,14,63,140,13,8,0,17,675,8,60,24,33,38,22,14,25,63,65,4,57,21,40,31,73,41,21,10,31,117,19,73,0,4,12,3,54,20
"COG0355",831,718,649,854,693,779,1060,1135,1232,623,581,730,666,733,704,715,1006,960,486,541,572,631,868,852,629,714,686,964,775,815,658,551,766,508,985,497,664,547,674,684,669,649,728,751,781,422,610,807,745,778,768,756,591,810,751,691,305,706,646,1266,671,819,764,617,532,655,693,806,973,509,612,624,598,536,730,1143,625,655,580,890,542,624,541,924,799,928,512,756,559,785,877,462,482,898,518,1283,808,861,418,800
"COG0356",3475,2343,2083,2270,1783,2661,3363,3022,3225,2475,2397,2340,2634,2534,2140,2919,2608,2502,1682,2460,2283,2353,3186,2899,2315,3062,2517,2902,2443,2962,2110,1786,2429,1705,2577,2025,2032,2513,2230,2485,1893,2436,2047,2534,2667,2471,2569,2536,2152,1960,2547,2640,2662,2107,2174,2521,1946,2392,2109,2713,2984,2729,2881,2650,2887,1942,2534,2269,2375,2614,1540,3054,2281,2029,2501,2871,2317,1863,1941,3017,1768,2585,2037,3213,1913,2916,2254,2417,2330,2023,3052,1680,1466,2317,2290,3229,2508,2970,1670,2092
"COG0357",2533,1552,1598,2201,1747,1879,2231,2151,2160,1356,1540,1978,1231,1588,1804,2227,1503,1789,1432,1964,1431,1497,2158,1925,1613,1704,1956,1775,1556,2168,1667,1315,1476,1907,2090,1075,1423,1179,1562,1769,1946,1500,1378,1741,1414,1148,1487,1938,1745,1614,1723,2331,1676,1385,1564,1462,1200,1795,1561,2581,3105,1700,1482,2302,1978,1719,2064,1888,2311,1804,1343,1714,1287,2008,1190,1906,1339,2332,1162,2740,1185,1549,2391,1610,1571,1772,1156,1637,1320,1527,1489,1261,2194,1264,1763,2420,1368,1708,1168,1997
"COG0358",1642,1281,1730,1863,1285,2354,2083,2160,1691,2069,1169,2143,2042,2222,2276,2654,1991,1793,1486,2415,1837,2487,1903,1680,1850,2649,2850,2288,1781,1690,2093,1572,2231,2990,2104,1779,1398,1748,2576,2882,2213,2272,1961,2105,2235,1251,2249,1915,2189,1779,6999,5542,6466,4508,5921,7581,5232,8109,5310,5197,5291,7127,7348,5922,8323,7927,8448,9450,5412,8579,4312,6773,6379,6192,5720,10924,7566,6713,4695,6306,6560,10498,8671,6389,5729,6815,7540,5719,6888,5830,4704,4097,7929,5185,6380,5995,5876,9004,4291,7041
"COG0359",1620,1035,1208,1336,1191,1491,1472,1632,1788,1246,1342,1201,1159,1332,1596,1361,1084,1213,1211,1268,1150,1136,1414,1249,1147,1434,1416,1329,1101,1589,1184,952,1268,1632,1454,945,964,1415,1467,1673,1374,1502,1055,1241,1310,1409,1301,1348,1595,1160,1362,1106,1360,1244,1154,1286,1109,1540,1199,1967,1570,1229,1304,1789,1421,1691,1766,1690,1686,1146,923,1336,983,1228,1307,1191,961,1708,902,1635,936,1310,1607,1216,1093,1489,1099,1061,1176,1150,1511,956,1559,1191,1410,1886,1145,1360,1033,1602
"COG0360",923,901,895,806,888,1063,1014,1223,1183,711,896,1078,737,923,1275,1258,846,808,497,1358,694,945,923,1256,854,1015,1169,860,797,1097,856,710,961,1128,1156,679,772,1032,989,1239,1067,1003,802,873,919,672,1008,1162,1342,857,1095,548,988,850,879,945,688,1074,709,1068,1332,979,671,1229,1120,1051,1364,1118,1227,1135,773,1244,832,976,992,815,715,1219,491,1132,694,949,1419,858,892,1067,741,1160,777,795,878,486,1426,763,967,1535,870,1355,567,1256
"COG0361",903,595,502,567,639,863,900,1026,919,856,717,944,657,646,934,985,665,587,434,1336,633,641,1083,867,705,824,943,653,642,923,701,502,732,850,885,511,582,939,817,931,780,826,643,683,833,659,886,1049,962,634,1048,762,887,728,581,748,547,844,602,807,931,865,668,992,975,894,1113,807,857,904,385,919,775,795,792,727,653,895,447,987,604,649,1037,706,574,919,624,888,672,661,932,377,953,624,778,711,803,936,460,1106
"COG0362",1234,1117,1053,586,1599,750,116,1686,884,1818,636,1295,1504,1104,1241,90,927,630,1515,110,1115,1265,474,1012,1506,567,364,446,1232,610,983,1447,817,696,918,1498,1446,2039,987,968,811,811,1041,1015,1421,1814,810,412,975,1193,562,235,1235,1089,1305,972,1730,634,1229,1138,3354,1336,1088,360,367,1451,294,522,2287,643,1010,1309,1565,1263,1276,867,1219,893,1527,1546,1435,1289,698,1011,1551,497,2030,1211,1709,1427,1265,1591,841,1553,1303,3112,756,329,1477,353
"COG0363",2735,5055,4061,3821,3813,3929,3127,3583,2584,5572,4888,4905,4124,3995,4118,4894,4890,3140,5673,6204,4511,5020,2729,5323,5089,2941,3690,3289,4458,2824,4080,5166,2868,3088,4853,5427,5221,4432,5214,3349,3250,6166,4615,4779,5080,4722,6395,3569,3607,4716,1010,898,1329,1610,1485,1549,1834,1175,1935,886,1640,1551,1182,983,1768,1439,1266,1180,1322,1701,1015,2062,1953,1498,1387,1199,1542,1105,1853,1046,1906,1455,880,1243,1905,1204,1872,1646,1517,1797,1153,1856,931,1536,1290,959,1557,1973,1442,1312
"COG0364",1211,1573,1473,448,1474,683,167,1317,792,1940,977,1475,1514,1434,993,104,1325,1052,1787,93,1284,1602,512,946,1773,597,406,696,1602,330,1550,1942,1035,678,1164,2026,1903,1991,1084,736,889,805,1310,1385,1490,1637,863,515,1155,1196,706,230,1240,1500,1457,1233,1880,714,1277,1148,2351,1597,1239,294,484,1122,188,450,1537,765,1597,967,1829,1261,1446,929,1454,922,1939,1206,2019,1441,499,974,1987,580,2076,1336,1647,1926,1326,1658,940,1544,1208,1841,766,244,1555,374
"COG0365",752,2112,2026,2744,2401,1805,773,983,1398,3065,2396,2267,2062,2239,1948,2056,2231,2265,2422,2374,1885,2280,2068,2217,2153,1798,1355,1869,2434,1517,2177,3127,1586,1948,1604,2350,2405,2127,2192,1494,1346,2412,2671,1802,2263,1743,2555,894,1913,1810,1390,3390,1426,2664,1790,1518,2370,1916,2628,323,534,2380,1922,1742,1647,2348,2072,2053,294,1840,2649,1746,2554,1904,2119,1357,1922,1344,2683,283,2928,1553,1856,1674,2491,1576,2222,2171,1894,2864,2457,2225,1000,2219,1819,205,2891,1615,1643,1706
"COG0366",17635,13264,12104,25211,14445,16097,18303,17692,10297,11517,10710,11854,9486,11289,11538,17961,15342,12951,7343,16370,10537,10485,18356,26172,11672,17831,17412,14258,10938,15405,11160,9237,13024,11888,13356,9203,11601,8823,10160,10779,11173,13784,9971,12382,9053,6687,20545,18659,8635,11031,15863,22691,12608,9147,9396,11461,6481,11132,13254,18249,31682,11721,10234,11475,13005,11058,15828,14981,21186,15493,13341,12767,9611,15138,13046,11280,10241,10137,9271,26495,10400,9938,12347,12178,9407,15129,8353,12882,9932,9577,13029,9223,7758,12233,16935,24284,18216,18807,6479,16697
"COG0367",4625,3124,3003,5582,1764,2904,3394,3227,2724,2217,2510,3132,3803,2908,2120,3175,3217,2606,2013,2139,2963,3739,3106,2817,2908,3178,3237,4156,3291,3131,3916,2582,2639,4983,3820,2920,2772,1624,2727,3060,3666,2698,5046,3652,2353,2924,3035,2960,2300,2248,4304,3916,3627,3190,2775,2931,1745,3087,3525,3094,2422,2662,3712,3790,3167,2679,3225,3193,2066,2600,2518,2290,2865,3439,2550,3263,2668,2909,2780,3802,2077,3039,3667,4164,1661,2933,2351,2965,3688,2739,3096,1591,6991,2887,4321,1507,2245,2123,1868,3681
"COG0368",558,556,836,816,503,684,1024,835,925,671,578,493,892,629,721,425,728,992,525,308,723,584,506,546,552,853,745,803,1016,893,757,564,1020,839,796,684,611,713,898,820,671,444,768,846,690,652,579,1077,843,652,891,185,771,688,767,786,443,898,556,688,485,613,869,697,539,624,491,1111,929,680,849,622,636,566,802,1108,615,632,570,901,501,691,752,929,698,826,643,594,750,700,962,363,562,834,657,1250,465,485,564,528
"COG0369",31,53,133,99,1109,5,6,10,311,63,132,7,208,17,82,55,20,522,38,4,7,50,1,324,3,1,0,173,92,4,24,56,497,112,6,24,36,40,76,1,123,5,9,6,62,68,195,16,63,7,0,77,8,48,2,5,19,144,59,150,103,2,16,0,59,142,32,42,1,20,657,0,24,21,2,13,14,8,30,86,49,4,113,8,39,12,30,1,31,9,4,138,1,36,0,7,90,2,65,12
"COG0370",7132,5556,5049,9914,5058,7641,8541,5298,5826,5051,5145,6232,5268,7945,6188,7571,7753,6253,4162,5252,5529,6754,7142,5103,5959,8080,7380,6978,6691,7903,6693,4028,7046,7959,7299,3783,5641,3784,6298,6273,10279,5266,6856,7218,5481,6003,6744,6834,6484,6268,7882,7971,6733,5051,5482,5104,4098,8734,7120,5492,2541,6437,6162,7930,6368,4921,7494,11861,5968,4663,5397,5553,5521,7094,5172,8874,6073,6806,4539,5535,4289,6415,9344,6359,5189,7493,4379,5686,5902,5466,6127,4572,5783,5035,5019,6691,6035,5885,4313,8436
"COG0371",536,382,621,428,405,465,840,443,442,344,331,336,282,338,648,219,308,457,185,147,244,254,308,483,334,387,469,389,324,269,401,223,500,418,406,269,335,202,316,550,561,202,334,381,171,270,287,328,397,434,2214,488,1265,756,753,1059,888,1508,1118,2641,740,1409,882,1485,1127,1165,946,1462,2514,506,2373,1202,442,1568,1232,1164,2239,1139,553,2112,442,605,1679,899,638,1229,800,1238,966,1035,1196,600,868,888,1554,4358,770,919,2184,823
"COG0372",4641,3367,3368,3391,2586,3975,5210,3279,3309,2385,3254,3802,3546,3826,2980,3472,3375,3467,2288,3673,2642,3057,3296,3654,3139,3831,3357,4481,3731,4148,3369,2463,3088,2800,3321,2730,3246,3383,2874,3389,4065,3624,2991,3878,3101,2895,3593,3819,2923,2050,3832,2641,3732,2926,2988,3011,2439,3597,3039,2569,3840,3308,4323,3551,3754,2658,4283,3661,3718,2618,2534,3291,3229,3379,3618,3387,3028,3077,2702,3871,2586,3878,2996,3755,2719,3542,2701,3122,3404,2897,4131,2321,2372,2976,3842,4109,3187,3763,2110,2496
"COG0373",1410,720,620,1643,943,706,634,546,1000,691,457,599,303,497,558,320,750,921,208,293,143,279,497,779,307,508,404,683,879,521,342,252,607,605,283,231,459,372,484,808,517,356,642,464,243,401,458,247,576,582,166,104,116,190,116,80,72,205,169,315,130,168,333,203,133,240,83,162,364,122,321,214,72,163,203,155,53,163,100,234,64,175,150,111,98,148,113,122,71,142,168,166,104,153,232,642,111,171,182,173
"COG0374",1124,458,368,266,2001,457,51,239,674,1417,470,140,551,288,426,44,315,1391,380,82,84,614,91,1592,130,111,199,421,430,201,72,587,789,700,99,332,350,599,429,618,381,497,344,42,314,500,581,78,451,897,197,281,185,582,196,159,344,356,522,422,346,249,298,205,315,878,130,178,111,127,2295,1197,248,187,743,254,162,517,326,65,326,165,111,91,361,97,536,233,373,193,836,246,197,1034,30,3435,140,590,248,69
"COG0375",416,193,203,147,822,425,421,291,485,353,306,199,343,355,387,179,204,654,158,102,169,375,116,722,182,206,284,351,257,344,372,200,381,731,339,115,163,247,284,401,676,179,166,308,141,176,301,221,505,270,282,114,197,243,174,190,138,356,265,189,172,267,151,213,241,338,237,672,81,132,831,362,154,401,253,201,65,402,159,271,182,134,410,194,182,224,143,172,163,102,502,155,165,385,97,898,161,187,82,126
"COG0376",18,36,71,73,297,1,0,4,82,36,59,1,100,2,35,12,3,274,32,0,3,0,0,145,1,0,0,78,44,0,12,44,89,43,0,11,15,7,18,0,41,4,2,3,44,69,2,4,39,4,1,158,19,60,7,13,21,21,15,109,193,3,9,1,73,155,1,15,0,13,1434,8,48,44,3,42,38,7,45,96,136,12,99,24,47,10,43,8,32,32,4,192,1,128,0,5,7,1,185,5
"COG0377",38,462,512,66,716,519,320,534,307,812,920,490,421,526,653,917,571,533,711,1288,571,604,804,1180,623,439,703,602,503,951,680,769,598,245,497,632,574,444,645,590,373,1469,609,572,800,474,957,464,388,823,332,1826,327,499,548,456,447,613,1018,54,81,581,464,677,924,913,827,220,34,1106,469,1228,531,566,360,251,431,554,701,92,649,540,318,300,733,467,475,379,420,747,286,711,328,604,322,28,1083,1386,522,649
"COG0378",2139,374,479,970,883,941,1169,679,1935,739,475,606,464,646,602,762,527,839,220,186,300,622,525,774,360,717,556,915,740,900,596,287,606,1009,530,341,464,890,528,1002,1017,433,560,603,153,248,648,474,609,555,592,118,459,473,506,397,352,630,411,845,366,555,576,522,501,732,367,1102,249,300,639,927,226,409,639,351,197,731,344,928,227,298,814,772,402,586,278,476,326,172,1251,453,351,928,383,2102,363,508,80,319
"COG0379",2251,1615,2105,2198,1352,1799,1831,1261,1608,1735,2451,2110,1307,1707,1815,2556,2048,1677,1457,1890,1647,1677,2567,2154,1591,1647,1518,1850,1965,2255,2368,1979,1466,1190,1807,1858,1944,1699,1732,1463,1914,1812,1855,1894,1714,1409,1627,2197,1461,1983,1477,2828,1648,1865,1623,1495,966,1574,1995,1078,1206,2082,1846,1924,2377,2581,1848,1031,2021,3006,1109,3073,1598,1685,1928,1105,1150,1788,1834,1317,1999,1701,1321,1344,2121,1861,1767,2195,1380,2065,1763,1483,1144,1771,1869,1895,1699,1335,1444,2209
"COG0380",346,369,883,227,593,294,109,88,434,964,507,764,810,875,800,92,421,856,1054,70,328,1144,543,324,537,321,343,461,916,88,1146,1052,726,563,335,1585,826,1521,839,497,368,577,827,641,1100,1404,560,578,754,608,434,147,807,1066,608,875,1573,489,581,101,227,919,741,270,313,843,129,124,155,425,836,329,891,981,1016,452,631,308,1201,115,1437,748,362,621,904,411,1164,774,965,1142,782,702,799,975,1122,38,465,63,937,221
"COG0381",2626,7602,2146,559,2909,3153,1386,2207,2486,4075,3196,3202,2965,2500,3556,2619,2896,1675,4180,10348,3457,2860,2604,1758,4446,2294,3239,1707,3280,1525,2889,3905,2728,3420,2848,4615,4255,2938,4306,3114,3434,2559,3157,3310,3289,3921,2909,3034,4474,2699,2088,3118,2726,4227,3117,4102,5043,2383,3264,2500,1258,3608,2143,1088,1841,2069,2393,2964,1673,1939,1999,2370,3445,2935,2929,2402,2419,2879,4425,1544,4474,2397,2904,2523,3466,2262,2849,3424,2744,3497,2656,6425,4179,3820,2683,701,4098,2108,3624,2525
"COG0382",33,60,100,103,606,523,260,437,373,520,177,289,179,154,462,1185,77,576,710,1242,126,80,817,1805,145,351,532,295,190,432,122,86,334,218,124,118,69,217,401,498,125,809,136,83,106,87,637,222,360,715,48,747,27,51,30,62,152,161,174,32,50,38,50,84,318,189,356,98,15,479,311,517,107,50,174,39,8,67,26,27,52,23,273,9,122,193,65,128,33,26,146,85,44,191,54,414,206,447,19,258
"COG0383",1353,5366,2501,2865,4073,2262,791,1059,906,1941,4558,5180,3546,3762,2659,1312,1519,2040,3889,592,3947,4933,1505,1831,6282,2119,4728,3540,2900,3031,4963,2562,4395,5337,3747,4085,4570,1889,2884,1662,8582,2205,4340,5210,2305,2925,2461,1959,4579,1640,4128,439,2539,5095,3731,3639,3680,4003,4530,2326,2802,2425,2691,2670,2583,2237,1786,5552,2938,1339,3148,362,3407,4496,2477,1970,6020,4171,4111,2794,5578,2137,4720,1178,2372,1618,2462,2624,3387,2016,2105,10222,2533,2294,2372,517,1655,751,3306,1163
"COG0384",55,188,140,87,732,80,40,51,126,84,105,81,114,68,334,128,93,219,85,54,29,135,64,185,309,43,89,85,64,115,22,262,482,354,149,54,103,59,217,137,355,70,199,109,59,169,180,82,352,123,55,47,61,171,123,93,87,354,111,466,86,63,29,60,94,76,133,338,202,76,737,4,119,95,24,115,88,160,41,74,69,25,178,22,75,155,272,21,90,103,18,439,179,108,33,53,36,62,629,80
"COG0385",890,1115,1289,1829,1352,1098,2247,2872,935,987,698,968,700,842,1737,4092,1118,1277,235,2211,494,922,788,2267,785,582,940,980,733,1736,627,668,1124,303,769,958,643,675,1073,886,1434,1626,767,904,918,343,1901,1639,1379,858,518,2087,1035,841,1067,803,270,1080,1130,1837,2639,775,913,1038,499,896,1316,650,3065,560,933,1584,1121,971,1086,825,608,1099,433,1917,570,605,590,536,676,671,691,533,1025,640,965,454,790,758,768,2909,1295,2355,541,560
"COG0386",136,431,508,232,283,288,52,275,536,367,597,343,562,326,479,919,220,216,481,250,407,254,958,585,286,120,160,187,310,491,445,718,346,163,153,560,542,1093,305,342,250,206,297,396,549,1054,145,242,539,689,178,1344,591,507,360,590,945,193,397,377,160,443,418,131,814,365,574,131,714,1101,158,1171,410,339,662,224,446,249,653,175,681,301,367,482,234,532,817,415,569,584,577,609,398,663,583,79,250,246,876,656
"COG0387",10,23,34,21,200,1,5,2,123,11,46,6,49,1,34,9,4,173,26,5,1,0,0,94,0,0,0,46,43,1,4,21,62,32,2,3,11,4,17,0,21,3,0,0,25,15,0,7,31,1,2,52,14,57,7,10,29,12,23,72,103,1,11,4,85,86,5,6,3,14,820,17,24,32,2,8,21,6,24,177,66,5,103,20,33,5,29,7,19,6,2,150,2,49,1,7,8,0,87,6
"COG0388",4035,5461,6005,5937,4707,6700,6216,6695,4903,7519,5506,6767,5939,7661,7205,7470,7078,4941,6908,9202,6081,7371,6567,6918,7005,6422,6814,6113,7296,7665,6594,6373,5941,5140,7085,6585,7051,6400,7453,6899,6727,8907,7508,7048,6837,6140,8073,7437,6366,6944,5925,9296,6136,5617,6959,5978,6534,7565,8407,3299,5137,6713,5882,6210,7662,6939,7491,6029,8885,7928,3987,8127,6907,6917,5629,6366,5797,6078,6718,3507,6882,6797,5732,6013,7727,6478,6838,6360,6748,7306,5693,6368,6517,6734,6678,4976,8339,8781,5844,6475
"COG0389",4366,3896,3885,6233,5533,3758,5263,5429,4182,2611,5145,3969,3376,3901,4606,3933,4057,4367,2610,3979,3645,3509,4203,4111,3278,5174,4588,4458,4246,4599,3646,3085,4878,5257,4316,2129,3005,1929,3725,4279,5738,3154,4164,3920,2862,2467,2887,4735,4028,3577,4737,4451,3572,3235,3582,3657,2485,4654,3700,6116,7931,3379,4311,4655,4257,3658,5177,6239,5481,3586,4325,5057,2308,4235,3105,5366,3986,4459,2773,6139,3399,3975,5020,4667,3713,4519,2362,3500,3144,3256,3016,2448,6135,3135,3600,3872,3383,4900,2824,4874
"COG0390",942,838,536,219,899,280,63,509,320,435,510,536,400,479,468,135,448,632,931,208,581,688,322,530,666,297,214,381,604,200,611,785,401,281,689,689,614,470,373,195,397,393,395,676,567,487,305,260,547,971,245,709,405,679,675,408,812,240,550,571,1762,646,414,112,200,440,263,221,497,290,784,152,718,553,372,234,699,249,676,832,724,573,219,276,1007,573,546,383,463,582,374,965,334,546,380,617,302,32,621,842
"COG0391",887,217,224,173,399,438,225,1244,965,396,208,180,156,178,510,214,119,321,206,102,74,242,162,569,309,149,277,140,332,417,199,265,279,1379,283,243,231,219,483,529,645,228,477,144,156,218,228,131,648,345,452,199,141,355,246,88,148,540,295,1374,482,132,125,811,229,414,610,446,849,218,405,428,75,151,244,277,128,1099,182,705,128,299,1692,57,176,305,269,133,136,189,304,336,2238,443,75,1249,252,261,553,582
"COG0392",3202,671,978,2044,1445,799,1296,1665,1198,432,551,1108,698,707,703,347,663,1114,242,484,858,580,585,1350,580,721,590,977,634,914,291,366,891,1194,630,350,434,386,638,835,843,176,423,613,343,310,553,1301,748,648,647,226,606,366,455,516,242,511,625,4325,5111,599,605,1698,569,593,1041,944,2967,484,1150,552,245,1047,720,514,288,1315,439,3001,264,458,636,1233,276,748,350,665,472,374,783,322,674,411,1191,3333,376,662,1036,1088
"COG0393",476,750,932,546,514,447,479,459,515,772,477,739,657,476,707,683,579,380,548,867,471,453,386,597,981,449,555,271,662,284,704,1166,490,427,819,1051,653,933,630,780,552,614,782,659,796,805,753,413,701,552,153,39,290,292,340,234,200,190,201,167,125,337,305,185,251,245,192,42,218,244,97,264,338,272,249,249,284,120,264,188,393,317,139,179,173,176,253,292,313,262,248,282,133,235,277,20,208,267,190,192
"COG0394",1148,2298,2275,1684,1830,1994,2594,2433,1929,1907,2396,2219,2405,2293,2126,1292,2247,1926,2188,2739,1624,1834,1797,1863,1790,2142,1484,2251,1873,2611,1781,2014,1693,1708,2174,1770,1782,3044,2049,2154,1888,2197,2111,1918,2764,2935,2375,2538,2119,2177,1714,1753,2780,2034,1883,2070,2046,2038,1679,2211,5293,1896,1868,2204,2419,2336,2009,1654,2865,2938,1633,2250,2590,2377,2219,2010,1864,2493,1752,3544,1520,2288,1741,2342,2374,1885,2267,2517,2558,2535,2558,1283,2016,2157,2749,3529,1469,2453,2185,1816
"COG0395",9678,10228,9436,29940,9679,10264,13226,6220,9051,2716,7036,9420,8542,6542,7524,3187,10728,9865,3653,4780,6511,7674,6421,5521,6136,14505,15543,9703,6330,6992,6809,3256,13331,13850,12152,3226,6628,3152,4599,7595,4834,1479,6212,8531,4752,3479,6153,15284,6468,5244,6064,529,2883,2001,1813,3541,2200,2358,1682,5301,9038,2096,2529,3417,2757,974,2576,4546,6573,1773,4542,1081,1990,2608,2738,3722,6101,1699,1452,6894,1149,2483,4193,3514,1049,4320,815,3785,1847,2016,2090,1130,2161,1718,3482,4733,1938,1948,2133,3215
"COG0396",561,607,411,145,593,626,435,579,415,581,563,608,357,550,631,483,490,423,541,607,462,659,623,629,616,586,614,580,561,729,528,476,575,630,751,507,529,362,521,625,547,721,523,611,475,320,753,540,588,601,2078,2117,1414,1343,1574,1316,1134,1708,1773,1722,1563,1565,1096,1892,1926,1901,2345,2169,1890,1887,816,1994,1526,1671,1523,1085,1633,2152,1495,958,1458,1578,2501,1320,1961,1841,1225,1473,1302,2083,1490,1478,2488,1644,1453,2573,1809,1792,1060,1928
"COG0397",24,66,117,102,660,1,31,13,451,56,137,7,235,5,106,32,9,510,58,11,5,0,3,347,5,1,0,147,151,2,61,72,276,129,11,20,36,14,42,0,91,7,6,6,64,69,11,15,111,11,2,68,10,38,7,10,29,18,26,75,124,3,6,4,65,108,5,11,1,18,944,27,31,22,2,17,26,6,27,177,63,6,98,16,39,7,20,6,31,26,3,158,4,79,0,4,5,5,79,6
"COG0398",524,490,568,450,1018,405,449,1333,681,284,345,512,397,409,1193,457,410,787,412,129,107,274,195,705,296,336,492,413,298,605,560,485,436,1043,395,157,290,231,567,548,1016,226,181,369,265,183,263,242,754,305,757,210,336,212,258,366,232,557,367,480,458,553,277,605,363,396,387,731,2163,220,1238,304,262,370,284,418,592,948,155,544,201,155,1241,150,211,378,179,220,227,490,312,242,1480,304,198,1329,209,310,813,373
"COG0399",6425,9052,4662,4540,2872,5038,3707,2625,3343,5259,4619,5425,5691,4871,4351,5373,4081,4081,7676,9574,6302,6302,4406,3653,7122,5807,4546,5642,4894,2528,5719,7437,5754,3965,7759,7210,7445,4388,5366,3804,3303,2855,4364,7356,3111,5295,4260,3892,5475,4455,5514,4085,5037,7087,6205,6121,4909,4073,4890,2688,1231,5405,4643,2446,4382,3271,3478,2876,1985,4736,3960,5056,6149,4615,5690,4982,8056,3564,6087,1868,6372,4683,6392,5705,4531,4805,5420,4068,5274,3841,5770,10170,5040,7171,4574,3059,7053,3441,4815,5205
"COG0400",50,33,120,86,622,5,8,113,139,47,107,37,139,10,103,8,106,418,63,22,6,2,20,482,5,54,79,129,63,75,11,57,187,80,5,35,15,30,37,19,70,7,1,2,58,70,6,17,90,9,17,107,11,43,117,41,13,32,17,92,1016,22,10,8,72,59,8,70,1,13,599,1,50,34,3,28,18,35,34,291,56,18,94,28,41,41,75,9,49,38,1,116,33,57,0,824,2,12,88,11
"COG0401",12,10,13,14,91,0,0,2,34,4,30,0,23,1,23,10,1,78,10,1,4,0,0,78,0,0,0,19,7,0,0,14,27,13,0,1,2,6,6,0,9,1,0,0,14,13,0,3,12,0,0,7,0,10,0,4,3,4,5,4,22,1,3,0,6,19,0,2,0,5,161,2,6,1,0,1,4,2,4,18,17,1,13,0,7,0,8,0,0,3,1,25,2,7,0,1,0,0,18,1
"COG0402",2123,1987,2999,2884,5433,2310,2921,3600,3295,1587,2098,2008,1787,1875,3424,1262,1233,3565,1798,505,1010,2034,1636,3105,1589,1786,2038,2049,2084,2627,1834,2215,2835,4666,2434,1339,1858,977,3232,2628,3928,1081,2617,1733,1030,1866,1508,1614,4091,2694,2450,879,1647,2968,2377,1701,1164,3358,2471,3567,5427,1397,1626,1920,1574,1799,1594,5541,5780,1004,8137,906,1377,2710,1699,1982,1494,2484,1133,3375,1023,1070,4841,1487,1477,1667,1765,1817,1513,2661,1853,2104,1814,2833,1120,5075,1213,1081,3605,963
"COG0403",341,1962,2016,354,2944,1601,332,570,901,3917,2547,2068,2404,2802,2260,580,2380,1922,3646,637,1975,1913,1153,1334,2806,1631,1033,2029,2379,1997,2371,3053,2465,1755,2037,2899,3121,2597,2270,1701,1683,2692,2795,2053,2955,2687,1875,1019,1848,3022,1101,1102,1938,2454,2685,2032,3387,1864,3313,93,423,2221,2059,1367,927,2556,777,1151,247,1542,1995,1672,2572,2456,2239,1508,2024,2153,3303,333,2430,2212,1358,1445,3713,1720,3335,1682,2969,3018,2008,2937,1309,2635,1766,2141,1111,562,2724,1749
"COG0404",561,977,1390,285,1461,1121,432,369,778,2228,1483,1507,1344,1385,1710,468,1144,1035,1858,588,1151,1391,756,773,1677,1060,919,1031,1316,1397,1258,1675,1353,1253,1464,1677,1578,2314,1700,1478,1110,1592,1636,1307,1973,1923,1302,703,1810,1589,882,1018,1433,1712,1522,1530,2115,1255,1470,217,273,1493,1121,1176,844,1838,667,905,536,1156,1239,1314,1956,1483,1762,975,1324,1474,1555,247,1755,1477,1184,810,1961,1116,1957,1356,1842,1627,1438,1845,1156,1426,1233,1958,891,454,1741,1267
"COG0405",483,297,135,217,395,110,350,668,351,173,243,141,234,244,523,1009,151,456,93,100,95,198,93,620,102,128,161,236,208,417,64,439,487,358,182,94,311,110,313,148,1101,141,615,208,132,567,113,99,590,425,110,231,173,622,192,133,230,609,249,210,112,82,189,106,242,197,124,352,863,233,1570,50,116,52,145,113,354,239,113,184,135,91,273,61,204,68,756,127,172,335,70,418,259,148,28,86,105,129,1477,60
"COG0406",5807,1813,2417,2840,2355,3113,3632,5999,3154,1378,1975,2812,2988,2601,2708,2151,2486,2818,1335,2609,2288,1569,2352,3158,1764,2594,2404,3527,2190,3389,2360,1190,2438,2760,2434,1444,1579,1641,2635,2634,2897,2053,1772,2338,2493,1457,1998,2898,2489,2298,3005,1907,2796,1494,2275,2189,1465,2805,1776,5760,10103,1931,2498,3254,2226,1807,3038,3832,6288,2249,1764,1990,1658,2435,2016,3463,1946,2744,1320,6701,1158,2073,3296,3119,1626,3071,1309,2345,2428,1821,2806,805,2182,2055,3151,6765,1782,2334,1446,3010
"COG0407",921,1498,558,675,1108,308,323,167,579,614,1095,459,1046,882,500,184,351,882,1136,178,748,410,283,594,910,194,375,399,509,353,383,1192,647,941,706,697,627,1041,508,488,322,266,561,592,683,1081,225,329,546,568,412,210,806,1206,369,602,1372,556,416,911,544,1044,664,327,212,399,260,506,157,423,1201,225,1667,640,595,418,710,597,847,179,727,396,419,559,334,402,944,427,896,438,883,1300,746,974,779,63,248,193,991,277
"COG0408",13,37,37,42,193,0,2,1,141,44,61,0,79,4,28,27,7,219,22,2,2,1,1,144,1,0,0,67,30,0,14,35,114,86,2,13,15,5,22,0,49,4,4,1,33,45,2,4,61,5,0,42,7,19,6,3,5,8,11,51,79,3,5,1,18,67,1,1,0,4,576,0,9,10,1,8,4,2,22,58,38,2,63,4,22,5,9,0,7,11,0,86,0,24,0,0,3,0,49,5
"COG0409",696,399,258,118,846,401,574,738,541,731,290,244,289,275,524,83,459,726,230,80,67,398,62,768,121,116,170,257,306,264,95,354,372,474,107,149,200,381,305,484,475,299,203,79,194,254,326,108,300,583,208,143,217,279,161,136,160,291,327,487,245,302,284,299,228,731,167,254,757,108,944,733,117,503,493,190,69,425,189,599,219,116,259,133,235,116,278,151,222,142,499,244,171,521,191,2030,161,423,114,96
"COG0410",289,314,198,276,238,311,440,258,457,198,195,354,305,294,278,447,356,323,144,157,270,321,238,333,299,274,390,282,200,337,256,156,386,491,399,178,167,209,381,350,652,111,269,269,232,132,406,241,470,278,1140,327,775,510,824,695,431,1103,933,1200,1918,715,1011,1119,630,674,1031,2499,1770,378,1426,549,1131,828,813,1910,677,1185,643,1428,423,585,1835,965,551,914,484,633,904,704,608,783,755,849,260,2129,597,759,1178,629
"COG0411",883,1008,695,638,955,898,1360,804,1015,702,581,1080,1011,969,956,526,1105,1078,530,521,850,983,904,1008,982,862,1132,816,625,1020,723,485,1213,1671,1084,490,591,418,1138,970,1870,309,793,953,760,434,1241,751,1539,862,1220,335,854,563,879,766,380,1207,1003,1336,2041,722,925,1061,637,711,913,2949,1858,391,1767,561,1266,1045,799,2141,807,1107,670,1485,455,727,1723,1066,596,798,524,684,939,803,615,713,870,768,298,2446,552,772,1230,623
"COG0412",52,93,183,195,906,6,9,23,363,106,273,1,349,12,163,39,16,860,139,6,10,1,1,704,6,0,0,236,128,1,31,129,418,197,15,41,47,28,78,0,111,18,9,9,137,176,9,33,200,19,0,124,24,118,11,10,36,35,42,95,211,9,13,1,118,162,3,15,0,28,1461,1,45,36,4,49,51,15,46,46,165,18,138,24,58,13,45,8,44,32,5,187,2,108,0,8,9,2,394,7
"COG0413",450,1202,985,649,986,1252,666,1186,756,1884,1318,1094,980,1225,1127,1567,1359,631,1194,1647,1179,1540,982,1454,1196,1190,1079,1052,1059,1294,1193,1369,1175,811,1280,1792,1528,1152,1090,1133,1058,1845,1417,1031,1264,1048,1507,1188,959,1471,749,1571,1121,1760,985,957,1023,999,1651,285,282,1163,1094,1279,1437,1447,1626,460,655,1687,625,1906,1343,996,1615,898,916,1156,1427,312,1322,1059,785,914,1444,1303,1459,1104,1155,1475,1217,1273,707,1673,813,1322,1340,1836,621,1579
"COG0414",811,1384,1489,1324,1205,1426,1260,1759,1007,1767,1539,1447,1108,1366,1632,2035,1427,1106,1627,2912,1304,1531,1377,1853,1499,1274,1435,1127,1501,1575,1219,1849,1308,868,1360,1508,1486,1434,1514,1630,1088,2197,1354,1485,1606,1259,1863,1667,1410,1641,1076,2098,1415,1507,1314,1207,1476,1575,1569,808,522,1460,1241,1257,1803,1785,1782,634,922,1886,1083,1954,1548,1253,1643,1109,1307,1339,1491,699,1605,1456,1067,935,1769,1323,1696,1725,1449,1608,1266,1544,1007,1669,1371,1425,1777,2368,1180,1701
"COG0415",14,40,53,89,568,2,3,5,180,49,127,0,143,17,91,210,7,486,55,2,1,0,0,286,4,10,0,124,66,0,16,87,151,114,3,27,9,7,47,0,66,3,6,6,59,56,5,14,90,13,6,48,10,47,65,12,18,20,23,88,109,1,46,1,54,83,1,5,0,7,836,1,30,16,1,21,34,5,17,44,68,6,87,11,26,13,52,5,16,13,2,142,3,110,1,4,3,1,83,34
"COG0416",2499,1000,898,1472,1649,1549,1604,1550,1877,770,908,1130,1045,1353,1275,1227,1196,1586,257,606,853,1065,974,952,915,1571,1198,1725,1171,1266,1199,426,1663,2115,1423,655,857,530,1242,1494,1370,504,1192,1274,688,455,1145,1344,1247,806,1598,254,1164,832,1166,1086,329,1878,1101,2673,819,942,1428,1666,1001,807,1250,2769,1648,597,1269,815,460,1447,1147,1664,666,1846,490,1909,332,1465,2076,1485,611,1249,453,868,988,596,1185,505,1677,894,1247,2054,722,946,558,1188
"COG0417",38,95,181,152,1148,3,12,15,344,108,190,1,366,14,120,63,10,1057,74,9,12,4,3,742,6,2,55,243,160,0,42,121,562,388,14,14,26,22,91,4,156,14,3,7,90,118,10,17,101,11,0,83,35,64,12,18,26,36,20,179,142,10,22,2,89,130,7,59,0,24,1937,4,43,30,3,23,22,14,42,159,80,9,207,21,47,10,55,8,49,20,7,245,5,74,0,7,4,4,89,10
"COG0418",21,53,51,79,795,2,5,3,153,41,121,4,197,16,65,32,11,401,36,2,9,65,1,319,2,0,2,112,60,1,16,68,385,133,5,17,18,12,51,0,64,8,4,5,61,72,196,15,108,10,0,51,8,61,6,6,16,57,65,53,76,5,13,2,57,94,20,57,0,10,742,3,24,13,1,20,22,7,21,61,59,1,91,12,23,5,21,4,18,8,0,103,4,42,0,3,33,1,61,4
"COG0419",6377,3171,4158,2513,2849,4628,4118,3835,3354,5221,3798,2649,7598,4282,3572,5158,2854,4622,8299,3490,4281,4370,2755,3776,2398,3222,7548,3990,4110,3056,5372,3939,3963,3637,2077,4581,4127,4376,3999,6800,2028,5093,3829,3387,3798,4590,5933,2835,3434,6076,3491,2730,3364,3297,3526,3724,5523,4619,4862,5744,2498,4160,4316,3845,4913,6838,5783,3279,4051,4194,2153,5818,2680,6115,4828,5216,2165,4150,5225,4160,4156,4513,3754,4805,3314,4454,5104,3718,3644,3551,4825,2134,4553,6774,4450,4310,5078,7515,1972,6554
"COG0420",3847,2476,2982,3775,1492,3208,3284,3271,2859,2184,2092,2008,3035,3077,2392,1603,2112,2589,2222,2566,2035,2487,1528,1706,2252,2438,2549,2854,2294,2367,2594,1792,2388,2295,1814,2352,2033,2473,2312,3392,1461,2444,2502,2703,2155,2777,2728,2545,2412,2499,2388,736,2808,1951,2365,2620,2095,3394,1905,3730,1870,2028,2953,2631,2551,2155,4033,2489,3045,1408,2276,1478,2199,2408,2164,3413,2331,2788,2069,3009,1457,3388,2776,3332,2045,2728,2231,2517,2924,2434,2591,1509,2731,2539,3373,2635,2107,2898,2054,3391
"COG0421",904,743,564,1626,664,755,1333,953,1301,411,655,684,779,732,737,445,953,1184,270,422,546,555,831,645,466,814,917,1202,711,659,738,229,990,294,741,465,457,409,753,748,516,266,540,789,426,373,656,1255,797,406,1328,207,715,590,583,975,169,789,497,930,479,676,820,856,703,372,578,784,1036,457,1026,507,372,377,842,1086,207,685,455,1021,257,422,933,1326,342,1380,293,836,536,448,1041,185,444,801,743,1045,674,683,271,895
"COG0422",2030,2220,2139,2145,2097,2314,2485,3096,1928,3334,1560,2122,3283,2517,2357,2889,2726,2284,2254,3136,2346,2567,2775,3697,2423,2214,2096,2205,2422,2393,1739,1999,2003,1520,2042,2720,2125,2248,2446,2135,2337,2729,2863,2005,2602,2949,3313,3645,1833,3138,1457,4626,3054,2105,2258,1867,2308,2138,3022,1661,4482,2385,2680,1966,2618,2164,2824,1213,2632,2618,2028,3455,2931,2265,2178,3102,1905,1931,2520,2732,2066,2600,1529,3125,1932,2805,2995,2555,3606,2688,2349,2904,1556,3075,2345,3960,2696,3585,2195,2601
"COG0423",1807,2711,2792,2374,1806,3242,3386,2603,1752,2972,2538,2960,3208,3802,2712,3496,3333,1907,2620,3797,2830,3592,4072,2794,3442,3879,3532,3217,2762,3425,3519,2221,3034,4038,3432,3103,3012,2729,2977,3436,3119,3854,3114,3145,3188,2668,3562,3208,2704,2859,1142,1573,1177,813,919,1060,835,1210,1209,376,1142,1071,1065,1241,1236,933,1352,1276,686,1122,246,1092,1268,1113,916,1110,1045,1177,958,875,801,1177,1369,1196,1017,1292,1005,1023,1205,1026,975,696,1376,1004,1050,719,1105,1422,566,1137
"COG0424",1182,1220,1349,1115,1682,1626,1408,1628,1476,1322,1303,1711,1443,1541,1565,1601,1581,1390,1332,2021,1207,1395,1605,1585,1461,1439,1613,1552,1565,1687,1356,1332,1442,1457,1735,1157,1229,1595,1524,1605,1583,1746,1359,1491,1651,1513,1636,1550,1727,1573,1389,1667,1424,1340,1420,1352,1486,1573,1482,904,3009,1456,1335,1417,1481,1536,2056,1675,1974,1600,1407,1450,1383,1539,1311,1570,1131,1500,1086,1781,1293,1440,1661,1449,1496,1460,1652,1588,1348,1615,1456,1328,1531,1452,1397,2269,1605,1553,1250,1461
"COG0425",403,1745,2079,1070,819,1026,616,446,1461,2136,2683,1195,2670,2181,1216,600,1446,1146,2977,710,1954,2129,1256,373,2057,1107,778,1714,1871,2076,2126,2592,1000,947,916,2695,2320,3443,1494,1347,1018,1213,2229,1585,2955,3489,990,1456,1402,3392,890,2151,2076,2073,1703,1956,2650,1068,2023,585,427,2077,1850,1570,1172,2459,552,519,486,1676,655,1129,2959,1554,2106,1312,1696,1563,2719,296,2827,1730,510,2050,2509,2168,3160,1967,2543,2608,1804,2807,1237,2828,2325,129,1343,196,2027,2661
"COG0426",2259,3169,3281,3865,1929,3214,3743,3146,2927,2872,2900,2829,3351,3394,3785,2598,3247,2965,2715,3617,2967,3220,3229,2660,3162,3535,3211,3033,2710,3507,3309,2773,2692,3968,3417,3302,2727,3141,3186,3386,3505,2984,3465,3574,3629,3485,3183,3031,3336,3004,2667,3975,3490,2981,3027,3333,2696,3537,2831,3108,1962,3208,2837,3280,3161,3086,3332,3401,3487,3201,2906,3236,3198,3545,3138,4129,2925,3096,2636,2918,2523,3052,3359,3614,3031,2760,2798,3276,3492,3051,2990,2653,2356,2958,3103,2454,2869,3382,2975,2769
"COG0427",539,1773,1976,257,2080,2625,1846,3607,1525,2933,3385,2242,2861,3403,4191,2264,2400,1811,2324,2799,2479,3204,2457,2582,2733,3028,2431,2843,2388,3573,2500,2185,2203,2241,2606,2759,2013,2489,3352,3307,2500,4389,3196,2910,3513,2912,3427,2443,2922,2519,525,1353,1019,725,877,777,653,1019,1530,132,128,787,715,920,854,1230,929,631,1068,1173,701,1088,929,886,809,978,631,936,819,256,630,798,726,786,1029,650,950,732,1164,847,691,662,734,970,642,920,1067,1249,692,511
"COG0428",1106,864,977,1608,1296,1709,1588,1551,1424,930,653,1043,1043,1320,1355,1654,917,1353,475,1334,689,932,1288,1008,980,1504,1684,1422,1003,1390,718,520,1662,2411,1246,545,771,327,1512,1599,1589,967,1069,1155,630,578,1471,1400,1296,997,1745,2207,1052,938,1219,1182,717,1810,1115,1145,554,893,1196,1771,1372,686,2540,1889,815,1095,1228,817,567,1306,795,1560,556,2335,745,1350,342,1492,2256,1306,551,1804,588,727,1042,620,917,445,1667,761,981,610,1149,1517,776,2219
"COG0429",343,104,90,62,326,29,28,41,406,128,123,54,91,75,71,33,117,379,65,24,7,38,17,217,40,2,37,144,106,23,24,85,164,112,26,123,50,34,98,45,100,71,250,6,77,182,27,18,150,174,34,90,30,167,53,40,30,80,61,109,84,32,97,19,61,173,22,47,1,67,533,9,58,21,55,42,51,47,37,86,76,26,121,26,39,27,143,72,79,80,39,282,59,225,1,14,92,12,259,28
"COG0430",21,35,58,67,301,2,1,5,4,31,62,21,121,6,48,2,6,316,20,5,2,1,14,220,2,0,2,86,56,0,3,38,99,76,4,28,24,6,26,6,0,4,3,1,33,21,2,9,43,7,1,47,5,31,15,8,11,21,22,4,69,2,2,3,62,48,2,4,0,3,559,0,18,12,0,13,23,5,10,5,48,3,5,6,7,2,52,3,13,7,0,9,9,53,1,3,3,2,69,0
"COG0431",88,112,172,192,737,22,91,1180,434,84,221,58,316,7,116,41,17,667,106,10,11,14,25,383,15,11,11,242,96,99,19,153,224,167,44,39,36,18,106,35,311,15,5,12,108,122,635,42,273,130,6,160,16,116,14,14,41,33,57,3326,588,17,34,23,70,154,21,26,481,37,1111,3,38,37,18,44,34,17,44,1072,97,16,173,23,71,23,34,8,35,22,24,165,29,83,18,48,15,21,154,11
"COG0432",85,372,531,231,787,385,273,239,511,913,753,727,589,445,630,419,636,561,577,589,378,633,363,743,446,451,470,395,490,517,546,783,425,411,648,646,547,1083,499,505,465,778,521,448,935,940,636,429,467,530,514,160,516,508,386,506,877,332,642,177,209,744,465,589,618,554,493,386,271,717,971,1022,827,543,633,416,469,492,609,371,671,556,323,447,618,462,920,814,617,1021,701,546,351,652,589,1033,782,633,739,286
"COG0433",506,2274,1019,148,1841,2368,801,1852,2075,1240,2265,1892,584,549,1101,2019,2814,1226,183,346,2093,1024,913,1258,1643,748,3205,1669,1257,1749,4064,193,1128,1550,571,425,635,1733,558,1359,255,327,415,1076,2295,199,866,424,1952,272,1922,471,842,832,1450,2326,1449,2865,523,1566,988,495,1625,811,734,1539,2317,1286,149,1324,1032,642,2440,742,315,198,883,2511,1079,2448,988,1326,1266,1610,1679,1374,2591,1269,784,117,1351,1845,5636,696,1090,144,945,279,636,1326
"COG0434",15,53,126,116,297,263,100,30,361,281,17,179,29,53,83,32,15,93,241,13,22,102,43,2,71,149,41,37,67,59,160,61,75,214,188,34,94,41,202,86,281,26,47,117,64,250,23,38,191,218,126,49,146,51,145,35,188,115,49,8,145,48,30,114,54,142,59,356,31,26,721,23,78,85,254,267,89,33,37,344,14,57,214,51,42,44,84,46,92,43,48,28,76,190,191,76,59,187,437,31
"COG0435",126,49,26,25,148,2,63,39,161,17,74,41,61,18,50,41,38,221,35,24,7,23,16,115,19,37,26,52,27,30,13,73,95,53,12,14,24,9,29,15,58,18,1,41,31,47,2,42,78,27,262,73,86,51,67,70,16,255,43,150,105,48,27,60,69,138,29,169,456,64,897,19,34,100,32,90,34,100,30,437,85,41,174,61,94,88,38,59,70,54,224,136,139,137,86,11,21,119,78,188
"COG0436",10220,10746,11410,6063,8657,11285,10934,12736,8975,11141,10714,13364,11407,12689,11142,10458,13061,8873,11805,13423,10806,12240,11101,11499,12521,11639,11010,11429,12581,13629,12667,11903,10229,8773,12602,12198,12729,12470,11520,11206,12204,13303,10747,11897,12342,11592,12289,10692,10588,11447,9723,12903,12249,10370,11050,11153,11283,11853,12609,11502,18337,13663,12049,11059,11508,11954,11417,9673,16316,12386,4973,12573,12068,11370,11750,10815,10330,11475,12366,10991,11770,12060,9856,11098,13581,12037,13212,11905,13017,13545,11045,9875,9426,12121,11327,16054,11284,13161,9947,13150
"COG0437",1106,195,230,248,1570,91,100,136,516,428,271,121,384,319,240,89,293,1026,166,61,84,149,85,695,82,58,156,386,269,69,86,179,536,297,99,192,129,134,167,140,169,141,154,28,228,286,189,74,295,304,271,507,313,1085,527,400,181,701,631,437,695,423,701,235,676,534,403,341,228,133,4451,146,593,373,399,888,179,505,200,639,470,283,453,497,284,325,873,631,554,414,384,557,485,989,139,273,303,266,429,259
"COG0438",4688,13358,10199,4697,8527,10147,7045,7057,8367,10291,12614,11455,10644,9549,10191,8240,8543,6427,15923,19256,12996,10714,9884,5764,14042,10083,8706,6489,10395,8189,10913,16104,8900,8150,11064,12148,10934,17643,12706,11054,6326,11043,10645,10961,13017,16074,11620,9756,11601,9460,27468,26014,32191,42346,33876,41733,56907,25828,24888,16070,18993,38224,24738,23823,24268,32944,25350,22067,20581,29046,16861,26729,38267,28100,41149,26932,39229,25579,34353,17334,45981,36044,24069,23700,40989,32434,41824,39022,31113,34536,37530,50920,35634,30299,34075,14831,25805,23904,41023,40863
"COG0439",3584,3284,4311,5833,2305,2350,3411,2614,3131,3146,3384,2216,3574,2446,2115,2312,2193,2582,5396,3788,2994,2821,1883,1511,3667,2242,1536,3110,3133,2213,3003,3898,1903,2424,1695,3328,4137,2890,3283,2445,2090,2932,3311,2464,2919,3963,2075,1808,2176,2849,2278,1073,3150,4078,3650,2562,4355,1841,2472,4555,1910,2904,3350,3072,1541,3083,1037,1552,1894,1915,2463,2134,3192,3084,3600,1931,3779,2784,3323,3025,2873,2998,1359,4139,2660,1940,4309,3617,3293,2923,3753,5607,3168,3753,4360,3561,1794,1543,3209,1940
"COG0440",1645,1357,1043,1471,1298,1255,1373,1159,1530,1028,966,1442,957,1320,1279,1043,1598,1392,504,466,879,1329,1093,872,1103,1477,1279,1295,1327,1047,1020,1057,1382,1031,1911,731,1189,851,1004,1013,1438,366,1004,1533,790,542,944,1971,1573,933,600,110,430,332,389,398,203,310,309,565,669,443,355,391,337,252,412,288,579,229,470,192,437,392,393,497,398,375,270,587,349,438,373,370,414,417,315,521,341,451,394,173,272,313,354,552,282,215,165,377
"COG0441",1957,2186,2081,1706,1449,2289,2299,2355,1838,2188,2396,2051,1715,2295,2310,2520,2056,1752,1823,2723,2089,2172,2544,2169,2262,2507,2290,2338,2109,2687,2454,1918,2117,2606,2105,2402,2046,1888,2029,2377,1891,2761,2137,2105,2009,1632,2426,2130,2117,2349,7526,9224,6375,6238,6186,6332,5057,7222,6777,5407,5490,6356,6431,7527,8122,6446,8116,6884,6434,7615,3255,8424,5808,6001,7122,5991,5826,7372,6150,5683,5695,7198,7930,6058,6003,7639,5438,5783,6240,5741,6771,5196,10096,6424,5688,6536,6866,8964,4709,7918
"COG0442",1088,921,866,1147,1067,1095,1161,1314,1097,820,945,1129,940,1116,1013,1207,1106,947,752,906,786,1074,1063,1063,868,1231,1027,1353,1046,1371,996,741,959,1612,1036,693,816,716,979,1174,1204,1182,1158,978,971,739,1007,884,890,1166,3269,4050,2981,2447,2765,2547,2031,3676,3612,4522,4507,2816,2916,4142,3296,2784,3850,4158,4037,2971,2347,2880,2448,3600,2426,3241,2686,3833,2295,3851,2078,2857,4072,3133,3002,3782,2641,2671,2879,2899,2995,2147,4540,3075,2913,4231,2570,3376,2030,3985
"COG0443",5996,8671,3871,4156,6265,5174,6150,6627,4851,4225,5053,4741,5363,5659,4635,4428,5877,6506,5428,3785,4156,5750,7798,5730,4981,6575,10650,6850,5510,7423,4553,3269,6896,6623,5304,4326,4439,3145,4323,4893,6093,3685,5010,5123,4422,3187,5607,5150,5689,4226,2298,1759,1921,1583,1479,1698,1018,1860,1978,2192,1786,1414,1755,2139,1988,1372,2209,2351,1714,1473,1779,1301,1591,1692,1594,2155,1480,1825,1223,1978,1237,2294,2094,1962,1294,2438,1329,1452,1820,1210,1730,1358,2379,1641,1488,1743,1352,1541,776,2917
"COG0444",4872,3015,3689,5417,3997,2485,4521,3093,4602,2024,2026,2106,3064,2232,2250,1018,2461,4216,1364,967,2174,2289,1553,2732,2101,2865,2251,2947,2270,2338,2022,1334,3817,4497,3472,2010,1776,1182,2703,2348,4413,995,2378,2632,2172,1682,2137,2430,3007,2422,2454,1036,2805,2191,2608,2447,1151,2743,1918,6767,3150,2078,1904,2253,1800,1972,1858,5759,4463,1425,5891,1772,2377,2430,2215,3903,1816,2581,1086,4897,924,1784,3981,3238,1454,2417,1422,1906,2345,2195,2187,1768,1954,2340,2291,5979,1488,2339,3601,2067
"COG0445",5795,3907,4595,5111,3292,5124,5763,5036,5347,4780,4882,4408,5557,5189,4398,5538,4967,4313,3177,5503,4028,4117,5146,5257,4254,5138,5092,5017,5060,4798,5149,3901,4551,4962,4121,4058,4129,5166,4717,5499,4385,4864,5449,4229,4704,4497,5283,4132,4045,4916,5472,5694,4824,4068,3749,4457,3652,5467,4736,6082,2225,4549,4815,5220,5567,5176,5712,4896,3686,5316,3103,6048,4541,4293,4884,5103,3769,5769,3841,5246,3445,4602,5651,5533,4319,5032,4768,5101,5619,4516,5040,3643,6447,5623,4790,4760,4740,5831,3858,5292
"COG0446",1492,1431,2650,2785,1795,1465,3045,1494,2396,1337,1628,1589,1772,2393,1615,747,1735,2068,1694,779,1335,1741,1206,1538,1606,1387,1967,1798,1915,1865,2016,1543,1573,2528,1724,1749,1587,1651,1692,1853,2926,817,2457,2191,1579,2026,1298,2069,2204,2057,5020,3488,6944,5758,4700,4673,4388,5094,5103,8663,6927,4687,5135,6080,3638,5436,4031,7509,5677,3857,8425,3012,5149,6311,6337,7937,4041,6339,5106,8146,5202,3412,5477,6583,4783,4863,5407,4780,5842,5236,4174,4934,3715,7734,5316,4943,4319,2664,6591,4815
"COG0447",285,790,892,184,892,593,325,907,494,1367,1121,837,1125,783,709,1016,1069,775,1182,1833,629,866,1036,810,791,658,742,742,882,979,851,1319,622,417,656,1113,1053,971,832,647,558,1568,895,622,1461,1161,1326,634,604,1416,151,686,242,270,121,221,288,226,425,214,65,301,220,259,342,320,363,86,48,475,218,373,434,228,178,223,224,255,436,47,314,243,142,229,421,318,455,239,360,488,189,350,131,396,221,14,466,329,233,409
"COG0448",6027,3564,3619,8032,1927,4052,7895,3972,5202,1665,2625,3035,3454,3627,2933,3308,4344,4307,945,1639,3046,2564,2687,2491,2406,4998,3999,4462,2783,4173,3174,1063,3629,3938,4454,1589,2339,1664,2324,3434,4262,1110,2734,3618,1937,1714,2560,5167,3281,2107,5033,687,4308,1996,2615,3196,1132,3883,2004,7551,4628,2824,3500,4095,3162,1931,3708,5480,5528,1688,3220,2365,1930,4023,3380,4785,2488,3199,1224,6847,1137,2963,3957,4708,1558,3814,1190,2746,2920,2096,4438,1296,2061,2255,4479,6120,2032,2877,1756,3239
"COG0449",4499,3860,3367,3980,3654,4362,5183,4334,4529,2873,3360,4748,4187,4086,4329,4505,4800,4284,2774,6957,3585,4664,5020,4662,4725,4922,5123,4576,4292,5527,3303,2309,4095,4787,4503,3711,3765,3857,5396,4930,5396,3675,4070,4022,4007,3515,4146,3619,4045,3092,5574,3551,4515,3518,4302,4233,3157,4715,4188,4482,5354,4132,4162,5389,4120,3651,4844,5353,4967,4205,3007,4627,3956,4420,3863,4546,4577,5133,2391,5360,3456,4129,5941,4605,3779,4297,4103,4178,4737,3967,4034,2598,6010,4118,5144,4532,3912,4434,3129,4086
"COG0450",589,1195,1170,393,1313,696,305,776,1322,1134,1439,1178,1202,1113,870,208,725,851,1603,151,992,1033,594,683,1220,744,569,717,1017,896,1149,1560,762,971,839,1404,1302,1874,1255,936,713,1085,1090,1001,1491,1970,841,681,1187,909,707,250,1236,1600,1100,1223,1626,676,1075,1041,1310,1158,912,752,479,1146,433,431,1117,634,813,792,1468,786,1443,701,1294,1167,1280,631,1293,1104,944,860,1276,717,1500,1185,1313,1481,1312,1803,1471,1362,1108,1900,632,264,1433,579
"COG0451",8999,19132,9185,8572,9648,10041,8971,7892,9153,12345,11816,12267,13781,11455,11774,11425,9501,8391,15861,10210,13992,11714,10305,9894,13913,9661,12262,9097,11195,9165,12270,15924,10860,9086,14756,15986,12474,18525,14201,11610,10716,14296,11220,12029,14246,14491,12092,9301,12439,13062,10811,9875,11218,13567,13444,13908,18922,9833,11838,5000,4733,12540,12071,7743,10520,9595,12256,8208,10706,12571,6786,9448,15936,10890,14601,10445,14750,9410,14339,4408,16248,13092,8273,8938,13950,10383,14871,13254,12408,12442,14117,18048,11634,12737,16090,5814,12627,12818,15078,9858
"COG0452",2901,2411,2278,2148,1941,2353,2673,2405,2463,2196,2265,2721,2134,2692,2179,2536,2983,2435,1540,1400,2294,2472,2468,2065,2366,2472,2086,2921,2658,2670,2293,2165,2234,2291,2619,2118,2178,1726,2092,2188,2560,1725,2771,2785,2518,1652,2239,2521,2121,2624,2207,2939,2340,1997,2317,2003,1446,2396,2482,2896,3712,2545,2501,2742,2717,2097,2750,2157,2089,2717,1855,2518,2333,2316,2338,3297,1763,2406,1997,2953,2010,2603,2461,2729,2371,2675,2154,2355,2494,2674,2291,1540,2187,2215,2415,3038,1483,1568,1642,2853
"COG0454",11764,7754,7195,6607,8762,6667,6212,5648,9538,6454,7766,7708,6994,6537,6851,5798,5653,8740,7473,3061,6954,6612,5744,5107,6511,6906,6861,6791,5728,6187,6602,7276,7730,7361,7918,6560,7494,7689,7450,8580,7298,4192,6281,6402,7347,8861,5267,9728,8722,5511,7092,3241,7421,7157,6383,7421,8524,6642,5520,9949,8304,6651,6565,6895,5560,7087,5300,7276,6242,5287,9240,4362,6321,6988,8024,6554,7182,6255,7275,7571,6894,7373,7456,6862,7342,7330,7847,7007,6219,6356,7393,7031,7110,5659,9608,6698,5016,3321,9664,8842
"COG0455",754,228,14,25,4,504,404,261,447,2,203,250,250,327,240,661,219,279,5,207,213,194,471,71,193,558,377,972,370,359,192,9,401,109,399,58,284,150,125,475,58,98,171,427,13,37,211,1018,150,163,822,15,332,31,237,345,1,314,31,12,2,211,677,239,337,39,259,66,59,154,1,103,16,33,370,28,422,206,180,139,90,498,205,555,87,671,79,478,111,81,759,72,134,204,296,23,228,139,1,381
"COG0456",1569,1062,1049,1804,1168,991,1263,1183,1700,416,860,783,827,805,1011,817,733,1382,731,412,821,799,818,1030,933,1355,1027,1053,720,871,789,994,1325,1757,1441,650,1114,401,806,1053,820,278,961,885,365,783,489,1386,1202,664,1472,319,1023,832,856,915,611,1074,563,2304,1587,842,708,1254,1009,498,697,1748,1605,520,1806,302,330,941,1022,708,845,1083,569,1480,643,751,1860,939,510,1180,516,760,629,705,1162,859,1216,851,1219,1250,662,491,1668,1146
"COG0457",3892,9675,14044,3488,8941,13384,6251,8874,6215,17426,16569,15644,12557,14206,13803,15577,14489,8232,19116,20039,16330,17284,14320,11990,14448,12571,12207,11985,12875,14502,13883,17482,10933,8586,10672,17465,15402,19507,16577,14266,9224,19561,15943,12810,21128,17904,14018,11664,10458,18406,11860,20178,13561,14542,14327,15372,18885,13189,16211,3742,6677,16569,13904,12163,13360,19221,10206,6320,5776,17028,7382,14727,18940,12508,12287,11482,12550,13400,18897,4361,20560,15314,7514,11123,20309,15817,19790,17816,15124,17977,10678,15468,10021,16498,12780,4432,19023,12716,15361,21850
"COG0458",7281,8587,9176,9576,7189,8989,9393,10774,5822,10313,9363,8061,7840,9770,8317,10141,9683,6194,8956,13886,8791,10881,10669,8523,8183,10142,8665,9150,9064,9419,11039,9389,8956,6966,8891,9610,9664,6490,8618,8107,10581,12528,9816,8800,8006,7590,11526,7710,7257,8862,8587,14428,8595,8581,8066,7744,6099,10595,12204,8260,8626,9231,9464,8868,9916,8864,10080,7871,7661,9645,4736,10082,9123,8976,8963,9001,7219,7612,9236,8147,8080,8662,8008,8743,9345,8409,8653,6849,9685,8442,8110,7564,6004,9306,7127,7894,12402,12788,6409,7535
"COG0459",3698,3507,2625,3418,3410,3462,3944,4005,2664,3521,3201,3445,3167,3527,3092,4144,3776,2715,2189,4349,2886,3627,3570,4435,3321,3949,3365,3278,3308,4119,2857,2580,3249,4412,3770,2744,2995,2032,3401,3672,4217,3698,3473,3348,2810,2345,4156,3047,3256,3365,4115,4577,3462,2963,3240,3049,2306,4403,4238,3703,4104,3033,3047,3836,3766,2694,4212,4592,2787,3057,2553,3139,3506,3485,2572,3586,4839,5132,2924,3921,3235,3478,4250,3328,2896,3729,2991,3038,3812,3024,3343,2682,3893,3118,2590,3433,3470,4469,2263,3543
"COG0460",4566,3215,3556,4107,3131,3645,4735,5033,3438,3757,3514,3867,3549,3933,3983,4215,4490,3283,2928,4613,3291,3798,4519,4268,3075,3940,3757,4282,4300,4833,3865,3787,3582,2909,3725,3374,3519,3689,3432,3387,4137,4935,3566,4067,4017,3060,4134,3702,3027,3978,3739,6009,3603,2529,3379,3323,2610,3758,4509,4042,3826,3994,3806,3762,3465,3709,4145,3224,3599,3469,2554,3159,3675,3986,2906,3571,3677,3610,3460,3962,3236,3485,3074,4248,4295,4308,3743,3961,3736,4066,3971,2512,2312,3854,3884,3485,4411,4939,2395,4602
"COG0461",2402,1282,1438,1665,1437,1709,2016,2400,1856,1452,1807,1571,1423,1875,1754,2239,1543,1530,1228,2408,1316,1516,2103,2037,1314,1884,1802,1725,1550,1968,1526,1280,1458,1170,1678,1134,1313,1608,1733,1778,1606,2136,1529,1360,1638,1492,1927,1884,1616,1689,1586,2424,1753,1362,1343,1483,1044,1878,1697,1589,1598,1574,1674,1754,2083,1862,2140,1372,1805,1824,1238,2140,1535,1432,1652,1476,1647,1437,1120,1754,1097,1630,1726,1765,1348,1822,1376,1711,1545,1450,1846,1050,1505,1626,1469,1849,1766,2424,953,1727
"COG0462",4134,2663,2855,3895,2035,3595,4089,4507,3112,2220,2538,2948,2418,3011,2934,6581,2970,2208,1851,3303,2614,2659,3043,2572,2587,3590,3569,2670,2584,3169,2549,2084,2761,2983,3458,2148,2475,1932,2439,2941,3211,2749,2773,2904,2387,2203,2859,3160,2902,2725,3510,2609,2905,2301,2508,2633,1749,3003,2759,5153,5412,2644,2406,3070,2993,2277,3419,3172,4435,2431,1621,2599,2282,3210,2397,2912,3339,2546,1951,4709,1995,2518,3114,3142,2442,3453,2193,2405,2452,2431,3767,1882,2016,2430,2953,4067,2726,3312,1771,3479
"COG0463",31836,35205,32178,25665,19797,34363,33606,26310,31001,28123,37327,31818,34810,30945,31698,33275,26433,25465,32693,44494,38386,33263,41544,30767,32645,37193,37058,27929,30360,31833,31798,33182,30565,25922,33573,33098,37065,49991,34148,36079,24383,33045,28010,32164,36432,38292,35113,38496,30365,32085,34914,44163,35549,36096,31565,38656,49637,31715,26599,25197,23690,37448,33564,33229,39762,35760,37888,23160,27202,44129,10555,37845,38364,28230,36031,29329,40014,31792,34017,26230,40774,37563,28520,29117,32127,37637,35227,41129,32190,35849,34163,40933,31663,31396,37607,17138,35160,34259,33950,41449
"COG0464",1682,1360,928,356,880,1630,1643,1702,2429,401,1811,2520,1710,1390,2015,3581,1073,1142,1136,6183,2116,1300,1202,1492,1129,2012,3729,2027,1436,3642,767,532,1345,1518,1345,937,535,451,1996,2486,894,1520,581,1859,2422,2013,775,1343,1807,1625,2159,2041,1148,1588,1964,2490,889,2175,1656,2842,3232,1237,2433,3773,2188,1887,3522,1059,2866,686,5,2231,951,1282,1672,1938,511,2085,1109,2298,951,1833,2068,1114,774,1818,1274,1733,1274,1381,968,1845,1308,913,1161,1955,2819,2022,267,1747
"COG0465",7015,5087,5838,7426,4858,6578,9003,7230,5722,4675,6177,5194,6017,6351,5446,5261,6696,5647,2920,4545,5228,6010,5117,5513,4882,7305,6724,7058,6272,7808,5624,4554,6939,8640,6046,4919,5587,3826,5491,6179,6698,4188,5319,6415,3981,3624,5536,5251,5438,4939,7841,4088,5536,4432,5281,5937,2783,6771,5892,8307,6706,4735,5639,8221,6604,4608,7035,9307,7881,4779,4629,3533,4422,5885,5399,7149,3708,7827,4564,8246,3831,5958,7692,7220,3725,6586,3859,5027,4942,5155,5762,3470,8365,5616,4844,6842,4083,6239,3228,6617
"COG0466",5441,4015,3730,5030,2499,5610,6366,5341,4479,3473,4146,4143,3770,4935,4714,7143,4475,4587,3759,5406,4140,4063,5623,4631,4358,5221,5586,5428,4639,5673,4217,2829,3763,4466,4925,2989,3569,2429,4490,4716,4649,4854,4340,4757,3464,2714,4363,5177,4012,4152,4823,5279,4253,3214,4278,3874,3204,5156,4785,3586,1749,3892,4433,5143,5139,3908,5813,5934,3590,5157,2603,4411,2456,4658,3275,4400,3245,4421,3558,5638,2942,3686,4957,5061,3662,5005,3122,3467,3690,3139,4148,3786,4969,3915,4344,3347,4664,5609,2918,5234
"COG0468",2763,2154,1894,1929,2199,2233,2256,2917,2538,3277,2243,2592,2302,2750,2395,2832,2721,1918,29623,2139,2108,4996,2768,2417,3235,2765,2993,2192,2254,2859,2210,1926,2413,3372,2459,2302,2472,2287,4604,5240,4670,2270,2875,2492,2553,2235,2666,2025,2314,2330,5941,2925,2629,2212,2676,2732,6481,3178,2671,2955,3171,2528,3593,2591,3014,2131,3033,3297,2993,2734,1188,2661,2076,2405,2233,2706,3237,9894,2163,2631,3164,2923,3000,2314,2613,2932,3257,2223,2804,2528,2523,2186,3663,2581,3097,2552,2717,2485,1826,2741
"COG0469",2898,3481,3116,3301,2968,3338,3489,3943,3370,3037,3446,3222,3133,3727,3486,3310,3978,3500,3420,2468,3319,3752,3333,3193,3471,3689,3276,3838,3274,4320,3331,2496,3182,3475,3695,2715,2845,1864,2778,2964,4091,3091,3937,3498,3611,2433,3344,3139,2910,3524,3893,3822,3182,2787,3040,2729,2271,3624,3882,3600,2941,3043,3156,4072,3808,3079,3670,3488,4159,3330,2065,3489,3711,3614,2526,4255,2750,4271,3015,3399,2682,3315,3656,3545,4265,4237,2743,3229,3213,3206,2916,3256,5307,3010,3393,2799,2646,2609,2828,4534
"COG0470",1317,305,318,426,1328,273,572,1428,955,365,345,454,538,272,632,903,471,805,320,235,314,253,258,887,209,305,417,457,569,622,285,487,607,1003,203,283,187,102,527,355,683,170,448,196,427,377,413,184,503,376,169,272,294,661,336,380,169,718,586,1596,2622,166,410,341,226,247,548,565,1477,178,748,155,248,596,256,1010,113,785,400,1394,211,264,764,584,133,326,369,404,434,201,207,515,286,488,170,1241,315,169,492,205
"COG0471",4043,6235,4907,3102,6153,6022,4133,5149,4743,5973,5091,5614,4597,5556,4997,5825,6399,5531,6079,5630,6133,6312,6029,5793,5431,4727,6046,4294,6835,4699,6012,6950,5495,3778,4899,6379,6000,4798,8182,5729,4659,5606,5600,5331,6579,6861,5755,4344,7208,7208,4040,8883,4482,5303,6119,5540,5799,6067,7077,3256,4392,6698,5118,3427,6627,4312,5394,4265,4444,6236,6250,6138,6674,4603,4871,10035,5235,4885,7427,3850,6989,5815,3411,6248,6743,5411,6506,6955,5104,7805,4691,6196,3964,7993,3832,4444,5840,6463,6785,6393
"COG0472",3772,4516,3788,2883,4220,4444,3864,5795,3331,4224,4531,3814,4726,4571,4119,4160,3586,3389,5006,4247,4576,3806,3653,4774,4985,4840,3629,3433,4474,3969,3669,3810,3258,5364,3791,4513,3439,3729,4927,4888,3700,4665,4361,3628,4845,3402,5333,2947,3835,3947,4056,4602,3414,4505,4850,4092,6092,4327,4614,4388,5842,3724,3780,4375,5450,3408,5058,4203,4861,4413,2770,3588,4961,3687,3607,4276,4319,4807,4418,4336,3982,3704,4905,3933,5069,3869,3979,3855,3732,3277,4045,7124,7080,3805,2555,5221,4624,5376,3278,4407
"COG0473",2126,2491,2754,2185,2021,2398,2468,2541,2224,3289,2433,2819,2509,2857,2668,2099,2880,2394,2179,2165,2278,2896,2584,2285,2426,2462,2542,2548,2730,3345,3288,2583,2693,1954,2791,2954,2856,2624,2390,2613,4334,2368,2592,2697,2600,2246,2729,2213,2677,2238,2265,2685,2652,2297,2501,2517,1914,2852,2700,1830,2773,2781,2651,2318,2292,2579,2307,2185,3808,1738,1685,2441,2857,2827,2913,2859,2182,2644,2337,2424,2336,2550,2288,2882,2908,2159,2383,2395,2578,3406,2865,1696,1945,2571,2288,5201,2333,2420,1752,1672
"COG0474",7914,7937,9491,11743,7263,8827,8457,11117,7548,7732,8152,7755,6656,7893,6657,7294,7170,5958,7322,6020,9562,8196,8565,9808,7422,7495,7204,7235,7738,9063,7223,7591,7832,12466,8091,8024,7799,7061,7388,7902,10163,6057,8807,7589,5759,7337,7773,5596,7428,7452,9783,9744,7670,7671,6743,6516,7747,6955,8338,14984,16737,8811,7253,13144,8920,7149,9359,9140,10134,11120,7605,5299,6788,7624,7331,6038,8367,13204,6446,13753,6381,7135,12260,6805,9577,12052,7411,7331,7438,8103,7104,7318,15021,8125,8552,7079,9138,5793,7686,12831
"COG0475",3150,7075,6298,1716,4630,4871,2753,5820,3001,9421,6897,6068,7125,5245,5932,4688,5878,3825,11421,7245,5849,7225,6593,6116,6944,4823,5211,3836,7317,4817,6452,8931,4385,4288,4472,8385,7071,7240,7055,4615,3948,7916,6073,4712,8034,8143,7107,3817,5554,7899,4475,10052,5370,7886,5885,6189,11241,5038,7570,2598,2893,6347,5913,4216,6095,6569,5000,2615,1693,6903,2960,7025,8243,6058,5630,4999,7585,5284,10821,3627,9318,5004,3355,4857,7952,4935,9043,7049,6662,7998,5522,9026,4071,8046,6340,1276,6841,7645,8913,5046
"COG0476",912,1232,1759,3746,1338,1213,1412,1722,1235,1513,1264,1530,1604,1260,1117,2459,1679,1877,1184,1217,1193,1265,1271,2344,1198,1248,1163,1392,1490,1427,1497,1444,1586,882,1411,1685,1582,997,1693,1690,1219,1701,1572,1381,1210,908,1277,1223,1472,1143,1063,2201,976,1376,1163,1074,1053,1722,1469,889,2137,2022,1109,1442,3323,1080,1062,614,1775,1368,1397,4219,1423,1357,1344,966,1052,1141,1581,1196,1570,1295,937,939,1554,1670,1226,981,960,1598,1662,1292,1485,1024,1354,1726,3095,1449,861,1411
"COG0477",23688,20836,22569,13633,52416,17663,8793,34559,30519,32816,27432,20086,22994,14695,26333,23308,16134,40033,24010,20277,16263,16700,15092,48284,17149,9826,13896,17835,19669,20741,16714,28963,27754,18379,12714,23899,20946,25310,20187,16853,22413,26490,17314,13156,21287,25894,20126,12687,21066,23385,8912,28176,16082,22352,15350,16427,22525,16338,24430,28107,54998,16989,16658,15138,19636,30333,15059,10708,36930,24212,67415,31521,20441,17412,22139,12225,14772,17178,26057,25968,26519,13746,17680,12570,20972,10740,24694,14640,19471,17369,21686,30215,12132,25491,12996,62726,21178,26091,25491,10875
"COG0479",599,919,1008,318,1450,1057,990,1485,1225,1682,1549,935,1318,1138,1237,2067,767,1151,1197,2392,1241,1338,1623,2617,1062,922,896,933,884,1293,956,1183,1105,777,785,1669,952,1548,1223,1186,582,2432,1255,820,1586,1714,1802,855,1033,1620,437,2919,1036,1433,949,1042,854,1097,1574,450,1852,1064,1118,1002,2115,1517,1495,465,1120,2067,1040,2571,1612,821,1332,691,860,875,1021,958,934,968,694,948,1309,1142,1365,934,1632,952,1170,909,750,1565,842,1524,1817,2490,774,1018
"COG0480",13388,15003,13502,15128,9447,13300,16148,12644,10326,12570,12079,16244,12345,14109,15210,14130,15320,11244,10271,17083,16400,14934,17708,13138,15123,15363,16690,14942,17237,16241,16883,12394,12955,14934,14181,13753,20202,16050,16117,18631,16165,14036,14097,15302,13768,13593,15605,12934,13888,14078,15905,12944,15380,12817,13186,13270,21419,16307,15003,10712,16683,14372,14060,15746,16797,13253,14761,19645,14734,17744,5938,13009,14541,15971,21233,15672,12441,16424,13770,16226,12344,13395,15407,14971,14987,15476,12796,18491,14455,13276,14552,8595,14136,15435,14074,12386,14987,13776,9028,15394
"COG0481",4090,3018,3104,3204,3405,3975,3745,4147,3040,3750,3162,3812,3950,4220,3531,4833,4108,3229,2893,4835,3216,3936,4115,4286,3661,4156,3914,4074,3746,4464,4001,3333,3900,4797,3759,3741,3653,2964,3729,4020,4429,4135,4097,3879,3550,2956,4464,3498,3296,3566,3971,4721,3876,3083,3705,3327,2586,4623,4420,3975,4359,3696,3886,4386,4218,3119,4986,4576,3613,3815,2372,4034,3571,4237,3181,4468,2838,4536,3258,3838,2879,4021,5110,4388,3767,4234,3502,3391,4213,3836,3424,2631,5614,3759,3770,3450,3854,4287,2364,4457
"COG0482",2824,3766,4309,2516,2307,3496,3299,3299,3569,4358,4772,4049,4082,4008,3515,2964,4482,3123,4064,3412,4317,4783,3634,2398,3991,3401,3434,3989,4315,4003,5325,4427,3739,3073,3691,4796,4781,4905,3502,3611,3953,4426,4352,3897,5112,4049,4267,3066,3726,3543,3645,3487,3886,4128,4462,4156,4153,3978,3934,2925,1308,4730,4449,4155,3357,4560,3484,3906,2116,3808,1443,3350,4418,3948,4531,4061,4059,4491,5101,2393,4323,4225,3458,3956,4872,3839,4935,4369,4347,4882,4092,4149,4803,4570,4157,1874,3794,3092,3740,3580
"COG0483",1271,1038,855,329,1370,536,595,760,1032,1146,1445,1139,1043,855,808,592,887,829,1389,305,998,1090,390,720,1096,538,561,825,1046,1136,782,1382,1040,961,941,868,1085,998,851,677,752,792,1042,698,1168,1339,646,727,793,999,823,465,777,1108,1073,866,1299,689,1124,1374,1705,886,819,828,441,1200,393,558,1280,690,1228,248,800,1107,751,757,742,464,1458,870,1293,1034,584,795,868,607,1044,1269,916,1582,826,1538,1119,1223,676,922,622,173,1272,503
"COG0484",2860,2310,2179,2819,2004,2419,3072,2732,2702,1946,2333,2156,2114,2742,1922,2067,2717,2422,1796,2186,1971,2552,2361,2336,1968,2803,4509,2961,2498,2737,2437,2027,2651,3822,2693,1834,2218,1876,2058,2178,2296,2250,2263,2344,1886,1941,2302,2338,2346,2491,2587,2338,2584,1610,2248,2237,1241,2519,2501,3264,3164,2340,2508,2924,2284,2174,3176,2964,3007,2246,1639,2448,1750,2621,1969,2409,1597,2697,1810,3304,1355,2474,3031,2963,2434,3230,1827,2032,2242,2165,2139,1371,3201,2580,2802,2522,1911,2040,1383,3245
"COG0486",4110,3139,2537,2436,2151,3394,3543,3324,3391,2975,3094,3254,2819,3079,3006,3073,3234,2775,2293,2746,2588,3317,3284,2133,3289,3168,3236,3125,3265,3302,2939,2843,2849,3462,3328,2596,3098,2911,3007,3353,3286,2809,3175,3289,2800,2436,3055,3095,2989,2843,3364,3201,3288,2841,3175,2927,2691,3603,2905,3501,1782,3137,2985,3722,2856,3066,3704,3562,2437,2350,2182,2073,2642,3072,3198,3379,2926,4667,2508,3879,2682,3435,3702,3003,2770,3289,2850,3134,2978,3150,3203,2665,4508,3159,3147,3777,2474,2730,2445,3513
"COG0488",6560,5142,5296,4119,3673,5184,5109,5782,4642,5156,5230,5510,4678,5288,4791,5118,5586,4355,5222,5025,4812,5378,5985,4605,5077,5259,4839,4971,6101,5206,5300,5632,4723,4145,5022,5267,5889,5772,5022,5255,4784,5663,5813,5423,5437,5421,5224,5392,4921,5870,15387,20705,15777,14855,14769,14591,15466,14548,16491,18766,16972,15753,15686,14374,17279,16025,14964,11161,15473,17975,9518,15064,15434,15666,15631,13204,14366,13624,17873,16573,16013,16872,13954,16697,16783,16498,18073,16505,15138,18510,15355,14566,19334,18019,15902,12644,15429,16177,14538,16772
"COG0489",1368,2009,2342,1245,2175,2124,1839,2349,1854,3014,2263,1844,2751,2481,2127,2376,2199,2080,3300,2200,3094,2480,2162,2512,2725,2767,1718,1746,1958,2101,2352,3540,1792,2141,1905,2456,2676,2337,2435,1906,2053,2488,3324,2058,2657,2322,2301,1855,1867,2718,5112,7135,6065,8003,6055,7060,9902,6572,8869,3272,6417,6450,6305,5127,8272,7862,7062,6720,5821,8860,5228,10620,9430,7390,7781,4653,7628,6023,7433,5329,7493,7276,5090,5065,11141,6597,6686,4988,6490,7285,6473,9312,7417,6508,7400,5093,7018,8239,7945,7026
"COG0490",21,3,22,94,30,73,5,12,10,33,10,19,0,25,63,17,18,14,53,3,26,55,54,0,59,27,97,16,60,6,43,5,11,67,38,34,56,18,177,110,34,15,57,24,47,82,12,18,175,16,64,55,39,41,73,42,36,30,116,39,31,39,38,24,40,25,30,23,0,1,9,5,47,85,19,94,43,43,81,6,39,38,54,7,39,32,64,23,38,79,19,14,37,104,0,9,46,6,234,30
"COG0491",2456,2591,2601,3412,2981,3014,2548,3155,3357,2173,2901,3335,2425,3028,3045,2497,2264,2668,2391,2317,2193,2716,2095,2332,2983,2888,3231,2358,3057,3375,2392,2713,3317,3685,2871,2449,2850,1691,3100,3046,3518,2369,2357,3924,2682,2396,3069,2607,3825,2504,3354,2243,2963,2764,3284,2898,2335,3612,2631,2656,1003,2689,2392,3267,2630,2667,2996,3618,3001,2167,3980,2183,3606,2424,2160,4057,2066,2768,2122,3077,2243,2568,4385,2649,2305,2470,2290,2297,2779,2643,2350,4014,3511,2379,2661,3720,2252,2280,3177,2636
"COG0492",3661,2192,3388,4112,2558,2529,3803,3960,3279,2219,2488,2599,2248,2616,2370,2445,2597,2561,1835,2719,2438,2437,2356,2514,2347,2584,2650,2526,2642,2991,2846,2164,2098,3443,2527,2247,2407,1909,2868,2500,3676,2242,2844,2605,2155,2335,2811,2681,3031,2368,689,923,884,786,823,764,656,991,821,1692,1992,833,773,809,673,672,1070,1057,1297,704,866,619,696,891,670,1121,685,1019,651,1363,561,767,1087,1012,650,785,825,756,873,869,792,589,950,941,990,1255,774,767,874,802
"COG0493",10402,6275,8618,8489,7581,8567,12217,8944,7047,7913,7683,7508,9101,8835,7726,8204,9534,9718,5393,9272,7116,8154,8959,11069,7054,7933,9360,9925,9092,11187,8964,6041,7419,7585,7438,7258,9070,6120,7941,7898,10220,8925,9004,8962,6754,6220,9332,7243,7177,7293,7990,11959,8029,6284,7102,7169,5207,9215,9099,6456,7600,7834,8327,7514,9983,6466,8674,11347,7688,7982,10812,9823,6790,7969,6630,8675,6269,7857,7098,8343,6027,7290,7795,9337,6404,7998,7148,6567,8280,8249,9389,5227,5930,8200,6856,9378,10265,11061,6210,6914
"COG0494",2937,1678,1549,2700,2353,2022,2136,2048,2815,781,1649,1992,1458,1478,1815,1754,1405,2349,1063,1069,1382,1285,2132,1768,1266,2085,2038,2344,1488,1915,1395,1004,2062,1853,1693,805,1440,1285,1420,1615,1900,755,1075,1557,1060,1340,1460,2690,1741,900,7066,3230,4622,3777,3991,4737,2858,4795,3433,8731,11946,3945,4340,6573,4788,3075,5456,6024,10357,3014,6006,2593,2768,4669,4713,4689,5731,4956,2549,8067,3013,4267,6263,5629,2674,6345,2749,4637,3638,2957,5300,3898,6219,3373,5811,7206,3288,3049,3422,6089
"COG0495",5555,4234,5214,4271,4660,5411,5798,6624,3986,6422,5683,5924,5907,6269,4781,6149,7174,4476,4049,6789,4741,5718,6434,5829,5033,6370,5436,5581,5436,5980,6092,4839,5225,6803,5265,5508,5059,5820,4921,5542,6097,6917,6050,5329,5811,5371,6539,4478,4429,5919,5775,6563,5283,4688,4574,4930,4655,6483,6187,4960,5993,5573,5934,6182,6380,5093,6543,6483,5882,5953,3341,6258,6015,5322,5597,5876,4275,6409,5091,5293,4477,5625,6526,5622,6274,6257,6288,5875,5849,5475,5328,3521,5880,5666,4832,6270,5675,8377,4281,5981
"COG0496",558,1100,814,172,743,1033,592,1240,812,1511,1217,1157,1109,1088,1320,1418,1216,569,1039,2245,972,1273,1287,1573,1312,784,1076,838,1092,1071,1016,1410,855,916,973,1503,1347,1450,1286,1057,797,1881,1420,1039,1399,1328,1695,875,1162,1297,830,2138,926,1232,1177,1183,1152,1118,1429,251,207,1046,867,975,1156,1432,1379,856,561,1559,488,1861,1584,953,1147,652,1149,1059,1453,197,1481,1183,807,825,1245,1104,1486,1376,1403,1662,999,1209,836,1486,927,495,1448,1951,973,1097
"COG0497",3911,3517,2927,2916,2871,3518,3161,4232,2789,3295,2977,3448,2295,3368,3159,3671,3711,2708,1949,4230,2493,3331,3471,3158,3213,3355,3732,3233,3329,3751,2836,3248,2979,3811,3551,3435,3309,2266,3150,2967,3761,3626,3340,3511,2860,2055,3783,3061,3007,3043,3364,2819,2795,3110,3094,3078,2027,3868,3486,3481,3794,3222,3006,3631,3311,2947,3557,4248,3514,2908,1476,2706,3197,3537,2874,3383,2626,4179,3063,3381,3022,3475,4560,3028,2818,3484,2555,2898,2761,2899,2952,2010,3047,3112,3051,2750,3340,3823,2200,3826
"COG0498",4525,2639,2700,2507,2592,3254,3261,3688,2495,3243,2712,3250,2674,3342,3519,2684,3622,2643,1938,2899,2555,2962,2719,2827,2818,3525,3439,3395,3015,3635,3002,2345,2730,3051,3322,2262,2706,2780,3361,3515,3477,3584,2816,2947,3022,2446,3000,3219,3051,2542,3273,2745,3020,2281,2647,2981,1805,3887,3452,3461,3439,3009,3350,3104,3175,3131,3204,4277,3091,2661,2282,3263,2542,3214,2994,3106,1858,3131,2378,2991,2354,2919,3270,3036,2884,2728,2673,2657,3188,2798,3135,1847,2372,2801,2852,4116,2850,3608,1925,2323
"COG0499",1113,1274,677,45,1892,766,118,679,392,1360,832,678,686,971,1322,338,403,269,1514,144,863,780,778,376,1104,414,627,273,737,625,361,914,1084,1612,418,1192,695,581,1329,915,1791,575,910,285,497,1146,844,334,1296,998,867,217,774,1330,1329,791,1328,997,1691,262,1334,461,992,998,282,767,461,1487,639,298,11,571,598,1089,889,611,1240,1130,1580,900,1004,540,850,583,676,461,879,560,1049,420,993,1934,709,1162,482,1589,670,356,1353,232
"COG0500",14622,9487,8132,9621,8983,8114,9627,6084,11059,5520,7965,7356,7427,7801,7395,6099,6813,11382,6183,4839,7605,6739,7826,5890,7340,7775,8053,9328,7543,6431,8362,6651,9341,9977,8856,6992,7553,6296,7521,7388,8105,3609,5946,7497,5197,7324,6005,8079,8854,6323,8883,2672,8051,7882,7385,8032,6436,8355,5861,12585,4829,6684,8297,7523,6026,6567,5962,10586,5460,4925,11321,4717,5112,8131,7914,7795,9916,6432,6954,8685,6972,7178,10792,10374,4765,7580,5394,6052,6898,4376,9584,7939,5790,6566,9019,6460,5278,4242,8876,7201
"COG0501",1861,2099,1643,1700,1874,1337,657,1500,1566,2350,1506,1603,1352,1971,1868,2168,1906,2063,3532,1185,1856,1820,1461,2270,1606,1410,2094,1254,1900,1450,1826,2158,1178,1926,1495,1863,1667,1505,1784,1286,1185,2233,1816,1420,2047,1723,1342,1150,1622,2077,964,1988,1125,2110,1551,1365,2387,1370,2028,1558,2177,2291,1670,1664,1484,1911,1423,1035,1638,1939,1683,1788,1868,1816,1257,2033,1323,1763,2062,1137,1816,1107,1218,1173,2962,1010,2331,1425,1363,2136,1401,2583,1211,1829,797,1845,1715,1704,1929,1002
"COG0502",2579,3585,3203,2494,1431,2378,2882,2188,2570,3760,3428,2977,2514,3469,2373,1547,3971,2285,3506,642,3317,3326,1905,1191,3369,2487,1614,2876,3450,2633,3261,4129,2589,2099,3279,4766,4295,3428,2750,2452,2531,2512,3866,3230,3138,2987,2321,2749,2721,2715,2126,949,2964,3522,4059,2790,2881,2362,3340,1828,1259,3375,2858,2520,1404,3246,1549,1662,2383,2267,1506,2024,3289,3323,3579,2378,2568,2530,3976,1644,3434,3171,1623,2850,3698,2343,3600,2830,3393,3796,3562,3237,2356,3502,2863,2618,2013,1244,2786,1875
"COG0503",3851,2692,2523,2523,1966,2956,3071,3647,3658,2111,3194,2930,2768,2496,2987,3999,2687,2484,2388,4265,2334,2396,2832,3308,2268,2679,3045,2725,2884,3082,2746,2412,2322,2384,2743,2099,2333,3033,2551,2825,2675,3479,2288,2932,3179,3045,2801,3267,3007,3000,2502,2764,2736,2368,2166,2559,2490,3078,2328,4223,3738,2731,2631,2726,3281,2675,3773,2834,3331,3258,2038,2871,2875,2776,2535,2931,2273,2487,2173,3725,2282,2701,2988,2621,2475,2729,2504,2585,2765,3075,2945,2080,1758,2621,2900,2304,2728,3707,2559,3223
"COG0504",3719,2789,2706,3321,3024,3582,3458,4351,3097,3262,3113,3533,3215,3825,3706,3668,3961,2815,2650,3481,2723,3591,3890,3560,3418,3971,3477,3469,3285,4049,3339,2798,3769,4230,3529,2799,3252,3022,3433,3462,4070,3799,3428,3438,3234,2807,3955,2809,3289,3654,3775,4340,3539,2827,3332,3085,2713,4319,3946,4070,3924,3376,3296,3936,3568,2785,3933,4726,4079,3264,2190,3405,3023,3812,3173,3377,2433,4381,2919,3549,2637,3550,4123,3183,3419,4096,3265,2781,3389,3123,3395,2619,4964,3097,2936,4263,3152,3990,2161,3995
"COG0505",2726,2143,1993,2546,1846,2285,2652,2987,1999,2393,1985,2471,2260,2378,2572,2532,2578,2031,1357,2679,1767,2273,2281,2518,1977,2491,2425,2249,2419,2686,2742,1925,2162,1612,2601,1862,2222,2002,2230,2164,3397,2450,2597,2394,2080,2030,2671,2327,2399,2287,2412,2646,2351,1805,1933,1826,1479,2600,2559,3177,3399,2123,1964,2092,2370,1874,2527,2112,2872,2227,1329,2434,2311,2780,2253,2611,1804,2517,1852,3071,1713,2275,2283,2362,2040,2526,2270,2036,2527,2377,2257,1405,1627,2471,2401,3201,2370,2776,1685,2432
"COG0506",270,1071,1089,435,2050,564,143,144,1433,1210,522,788,2450,1162,1280,116,629,965,1044,187,2036,738,697,775,1552,378,228,501,908,60,908,1403,2017,865,241,1620,1370,2766,1067,882,841,641,735,425,1502,2533,623,507,995,605,336,216,1668,1015,1296,1472,2460,540,578,197,295,1048,1472,170,527,868,164,316,495,582,1734,817,1755,1052,1458,647,1165,524,1590,178,1029,1201,439,1345,777,656,2246,1211,1955,1382,1177,2890,797,1680,1533,79,1112,79,991,283
"COG0507",9946,10590,10121,13827,7811,11104,11481,9368,7127,9644,8628,9673,11793,10540,13048,16568,11469,10582,8947,13512,10337,11653,12604,10104,11232,13820,14191,11502,11701,11625,10805,11481,9311,11917,11951,8266,10278,7967,10495,14492,9092,9032,11462,12097,9880,8399,12699,12286,12230,10974,14314,12666,11329,12267,10002,11976,8811,13222,11551,13356,13179,12609,11003,10293,10664,14100,12148,18737,9037,13366,44334,9482,11245,10364,9451,14305,11718,14601,9849,12857,10717,12123,12258,13181,9196,11170,7929,19694,10391,13035,10134,6565,12091,10573,16750,10498,13630,11721,8129,12102
"COG0508",378,1048,983,262,1944,473,113,530,1339,1148,1013,210,712,457,591,178,364,1283,1402,79,687,412,363,742,653,300,219,469,634,131,598,1311,1315,1103,428,1210,816,480,796,244,818,195,307,287,349,881,585,170,705,554,235,226,450,1039,716,590,657,537,878,1854,355,432,861,159,279,648,168,656,339,189,1982,57,511,559,792,376,784,199,1427,249,999,346,800,534,338,234,894,307,613,369,581,1790,359,905,315,64,478,67,960,148
"COG0509",165,791,780,126,837,511,164,326,556,1015,755,681,672,691,837,250,445,542,1071,311,578,600,371,484,717,476,312,395,537,564,786,861,598,574,406,863,791,1156,746,638,396,631,641,472,861,1088,700,364,1057,623,311,263,722,1034,548,739,1037,565,535,80,1201,610,591,539,417,1004,246,353,504,537,610,603,944,691,928,370,746,570,753,354,780,564,470,469,866,487,876,675,766,709,939,903,566,742,613,1112,406,202,979,519
"COG0510",4447,394,420,392,827,695,1072,772,743,947,329,319,353,450,280,275,707,743,290,116,878,229,875,354,132,352,461,1125,543,566,333,196,303,352,715,372,361,229,194,598,256,133,238,230,131,441,343,1644,326,321,370,145,1164,173,498,304,127,259,202,2241,217,414,941,227,2119,355,174,634,1462,378,897,135,314,205,311,378,169,397,654,1428,1029,262,300,517,388,129,107,1125,732,552,234,267,1115,638,737,446,558,207,505,295
"COG0511",1872,1561,2138,1542,788,1445,1534,1931,2236,1862,2352,1719,2669,1883,1598,1490,1267,1350,2334,1646,2206,1567,2414,1258,1874,1676,1391,1962,1657,2348,1955,1847,1601,1325,1249,2359,2180,3395,1802,1864,1501,2629,2223,1420,2724,3546,1729,1582,1620,1538,1053,2407,2517,2153,1426,2063,2454,1226,1589,1348,765,2065,2106,2328,1745,2128,1635,1347,1222,1871,1106,2059,2217,1695,2447,1231,1725,1400,2112,1208,1966,1811,1144,2139,1693,1930,2723,1741,2496,2220,2590,2158,1912,2180,2606,653,2117,1302,2095,1351
"COG0512",808,1206,1450,1024,2014,1432,1251,1301,1508,1090,1305,1428,1017,1053,1330,1793,1223,1524,1095,1460,919,1016,1171,1780,976,973,1029,1238,1368,1180,1329,1248,1537,881,1188,822,1254,1309,1185,1233,937,1437,959,1013,1295,1015,1539,1338,1089,1200,1297,1621,1068,1017,886,908,1048,1360,1169,1337,1933,1358,1184,1279,1478,1180,1497,1115,1833,1008,1706,2002,1047,1415,1016,817,1312,1111,999,1444,1102,948,922,1007,1520,1452,1273,1337,998,1376,1431,1035,779,1265,1368,1869,1234,1372,937,1451
"COG0513",7795,5871,6556,2205,6285,5608,4519,6615,7594,7433,6887,6408,8201,7063,6782,5086,6685,6469,7939,7128,6732,6959,7162,4794,6409,5707,4768,6851,8052,6746,6865,7875,6008,4084,4886,7365,7162,9388,7012,5793,5155,7249,6915,6430,8735,8782,7268,6066,5825,9082,4506,8134,7406,6479,6973,6974,8171,5949,6746,5618,4872,6794,7363,5095,4744,7264,4736,3868,4655,6185,5851,7441,7988,5821,6452,7042,6327,6288,7827,5616,7032,6854,3877,7698,8304,6412,8740,7102,8007,8282,6573,7289,5902,8611,6617,4056,5580,4149,7113,6799
"COG0514",5523,10620,8430,3041,6231,8565,6370,8838,5255,12064,11769,10333,8572,8884,9804,9789,10120,5322,12762,14380,9676,9453,11095,9989,11107,6795,9084,8242,10348,11382,9615,12174,6756,4062,7820,11483,10830,14344,9532,11252,7065,12951,8761,8281,12613,11449,12676,7116,6974,12893,6791,14851,9276,10053,8428,9120,10665,7546,10585,2518,5134,11053,9166,7296,15154,11621,8545,5054,6047,17005,2331,17662,11468,9431,9705,8311,9359,8717,11952,4326,13338,12488,6110,7353,12246,7983,12443,10943,10397,11799,9153,10556,8489,10650,11939,4993,11301,13712,9476,8305
"COG0515",6046,4225,5841,12682,7023,6260,9856,7046,6943,2973,4067,6604,3308,6740,6419,7437,4701,4762,2929,8547,3654,5822,6761,5836,4931,8072,6467,6316,4348,8241,6127,2249,7901,7630,6242,2611,6327,5862,4302,8351,7252,4572,4464,6273,2631,1540,10781,5656,5667,2294,8440,2551,5304,6398,4923,5227,2907,10086,4699,9251,18744,5694,9008,7697,6855,4280,14218,11235,12963,4748,1752,4763,3481,7265,3526,4972,3042,6665,2838,11017,2608,9585,8848,5982,3008,8051,1634,4341,3799,4959,5064,3083,8189,2835,6232,10625,3124,5293,1674,10883
"COG0516",4179,3745,3432,3596,3429,3271,3545,4685,2643,5067,3777,3448,3208,3399,3317,3736,3863,3053,3087,4549,2612,3426,3457,4261,3087,3658,3417,3142,3191,3805,3597,3545,3577,3161,3050,3619,3371,2860,3569,3396,3283,4295,3875,2877,3333,3109,3887,2977,3397,3902,3770,4785,3336,3387,2767,3176,2573,4018,3963,4987,5151,3281,3300,3638,3888,3621,3589,3529,4864,3700,2378,4200,3385,3531,3257,3067,2785,2990,3471,4099,3078,3073,3163,3339,3653,3745,3499,2993,3583,3382,3820,3441,3406,4012,3247,4546,3579,4437,2797,3800
"COG0517",5252,3982,4116,4502,4822,4858,4846,6759,5024,4594,4228,4364,3604,4314,5745,5716,4661,4429,3419,6775,3206,3943,4846,6861,3748,4320,5230,4053,3835,5596,4381,4019,4666,5008,3978,4430,4038,3485,5344,5156,4807,6057,5385,3627,4032,3786,5562,4120,5096,4713,4255,6826,4042,4471,3799,3918,2746,5864,5506,7302,7576,4012,3954,4831,5801,4529,5321,5681,7899,5620,3658,7634,3961,4514,4792,4312,3461,4505,3842,5316,3454,3850,4753,3806,4338,4634,4101,3711,4282,4278,4798,3582,4832,4977,3990,8121,5285,6730,4281,4696
"COG0518",4518,3808,3434,3871,3265,3705,3866,4758,3376,3762,2764,3719,4227,4350,3901,3812,3419,2941,4068,4025,3416,3731,3982,3610,4140,3525,3403,3404,4036,3505,3789,3452,3888,3269,3381,4236,4614,4078,3815,3523,3205,3676,4101,4036,4023,4425,4264,3032,3607,3981,3398,4241,4449,3526,3801,3486,4406,4165,3797,4920,4910,3643,3898,3105,3624,2963,3736,3932,4794,3294,2358,3743,4794,4002,3461,4045,3491,3066,3482,4342,3634,4520,3417,4057,3813,3587,4412,3827,4807,5157,4155,3710,3937,4119,4220,3669,3951,4193,3935,3563
"COG0519",3558,3725,3705,3859,3147,3790,3980,4479,3034,4179,2831,3162,4032,4170,4096,3660,3492,2923,4122,3966,3529,3426,4054,3402,3963,3462,3496,3247,4080,3437,3966,3699,3832,3632,3315,4331,4975,4326,4078,3678,3375,3714,3834,3422,4220,4650,3796,3017,3974,3837,3269,4238,4414,3786,3737,3652,4367,4297,3959,3581,3803,3829,4071,3018,3474,2830,3325,4294,3941,3307,2328,3632,4843,4101,3670,4237,3330,3131,4202,3626,3875,4134,3296,4090,3572,3533,4438,3761,4510,5061,4199,3458,3646,4356,4160,3387,3970,4134,4126,3532
"COG0520",3711,3361,2868,2349,3347,3388,3446,3682,3464,3116,2882,3570,3455,3403,3237,2469,3513,3387,2597,3238,2280,3500,3210,4071,3310,2977,3327,3253,3082,3771,3240,2438,3134,3334,3361,2653,2752,2893,2871,3259,4153,3287,3497,3287,3021,2657,3507,2513,2655,3686,2762,3989,2949,2540,2771,2465,2183,3326,3254,3318,2894,2852,2455,3411,3476,3176,3697,4716,4683,4077,2601,4466,3387,3537,2825,3010,2433,3980,2401,2873,2386,2751,4166,3118,3760,3257,2752,3278,3243,3056,3428,2266,4195,3672,3210,5784,3142,3612,2083,3151
"COG0521",902,470,592,433,880,463,1076,981,1233,449,519,285,706,498,785,196,670,1159,230,267,317,225,184,966,282,337,476,553,440,473,281,370,566,756,406,260,271,315,361,363,504,234,419,381,394,344,295,543,544,649,407,226,504,396,294,559,184,364,292,855,650,292,381,492,327,606,237,303,1216,363,1673,453,193,466,492,1053,159,537,262,945,238,189,428,712,285,331,275,532,432,394,488,347,271,498,319,1311,200,401,421,329
"COG0522",1976,1359,1175,1286,1305,1914,1859,1972,2037,1313,1487,1680,964,1573,1864,2120,1708,1380,1210,2283,1107,1498,2154,2169,1498,2105,2185,1638,1513,2068,1435,1139,1480,2159,1947,966,1316,1013,1546,2005,2003,1920,1511,1479,1535,1049,1853,1767,1812,1457,2233,1878,1406,1283,1341,1323,1021,1957,1557,1836,1703,1556,1528,2197,2241,1783,2348,2077,1388,1685,1001,1984,1379,1616,1291,1769,1604,2149,1038,1802,1165,1516,2484,1196,1560,2014,1198,1692,1116,1360,1551,1070,2279,1397,1346,2089,1652,2214,1189,2117
"COG0523",1387,1297,1855,1941,1492,1253,2404,1165,2733,1415,1318,1514,2192,1998,1177,2075,2052,3530,925,1702,1235,1387,1420,2057,1211,2264,1432,1761,1418,1201,2266,1954,1957,1379,1469,1618,1674,1552,1248,1242,1692,912,1295,1823,1791,1205,1535,1451,1435,1289,1589,1189,1883,1284,1226,1580,874,1760,1358,1822,877,1996,1961,1615,1732,1125,2187,1950,1172,1852,2226,1570,2257,1457,1900,2653,1077,1082,1087,2259,1090,1920,1935,1872,1316,2546,1456,1930,2042,1901,1808,419,2191,1550,1680,783,1511,1703,741,2151
"COG0524",6702,10705,10784,6147,9326,9664,10540,9216,10633,10084,11576,11792,11382,9558,11003,10142,11600,10856,10491,11795,10154,11855,8816,13970,10151,8201,10284,10220,11856,9906,12495,11288,9738,8229,10036,10465,10744,12857,10580,9241,10310,13005,9063,11014,13116,11061,11419,9768,10074,10365,8903,10828,9865,10696,10748,10799,9814,9857,9939,8283,14888,10389,9183,8989,11652,11601,9689,10627,9326,12517,15005,12578,12180,10739,9334,12162,9738,9491,10421,11222,11842,9431,11089,10656,11826,9653,11781,12516,9934,12268,9923,10341,8474,10657,9980,12578,12689,12280,10325,9790
"COG0525",5698,4296,4405,4515,4843,5201,5522,6830,4078,5291,4741,4982,4765,5491,5383,5776,6111,4467,3991,5779,4339,6071,5440,4990,4565,6131,5264,5500,4808,6339,5484,4293,5083,7386,4480,3921,4226,4041,4729,5174,5447,5567,5383,4881,4601,4190,6356,4365,3995,5595,5897,6563,4953,4268,4456,4312,3208,6293,5518,5371,7457,4503,5112,6072,5216,4248,6710,6564,6220,4598,3557,4380,5499,6008,4851,5799,4111,5619,4232,6087,3850,4638,6880,5804,5513,5865,4661,4680,4955,4503,4936,3415,7408,4849,4783,6957,5799,5891,3330,5391
"COG0526",6311,8353,10298,4820,8659,9126,5842,6448,8947,9509,13331,9923,9772,10499,13122,9864,7269,6233,13799,14423,13073,10167,9556,9558,11045,8557,11428,8039,9583,10890,9048,11332,8767,7929,7901,11199,9737,17727,13584,12686,6861,14002,10846,9214,13481,15825,9566,11141,14132,10811,7375,8558,11511,12072,11430,12401,18604,10369,10859,4673,6389,11670,11099,10283,9837,15522,8972,5661,6612,12420,3734,11147,11744,10171,11258,7118,10643,9185,10638,4346,12117,10762,8634,8433,12495,9070,15141,10693,10727,12013,10299,12095,10507,12027,11953,3852,14437,10081,14346,8738
"COG0527",4886,5486,5592,4594,4754,5748,5156,6244,4354,6479,6472,6204,5510,5502,6167,6975,6805,4708,6154,7400,5691,5749,6762,6529,5644,5294,5773,5400,6237,6564,6136,6982,4665,4554,5672,6137,6241,6041,5786,4934,5957,8257,5715,5600,7342,5960,6196,4910,5258,6581,5326,9396,5464,5317,5459,5545,5841,5664,7288,4426,4782,6466,5522,5473,5547,6330,5998,4858,4263,6029,4214,5184,6746,6222,4913,5612,5696,5995,6744,4807,6656,5518,5015,5544,7295,6213,7388,6288,6106,7130,4907,5776,4789,6481,5371,3440,6959,7064,5236,7080
"COG0528",1741,1552,1680,1484,1652,1859,1619,2063,1822,1730,1684,1850,1910,1822,1954,2197,1881,1571,1532,2224,1637,1805,2023,2068,1662,1935,1890,1707,1506,1906,1856,1620,1796,2112,1999,1747,1627,1942,1843,2094,2068,2177,1942,1736,1924,2058,2026,1897,1968,2028,2038,2207,1846,1809,1644,1747,1489,2015,1882,1805,2031,1848,1725,1910,2048,1707,2186,1990,1924,1918,1221,2145,1765,1834,1918,1741,1909,2199,1551,1632,1599,1913,2104,1862,2020,1900,1895,1821,2006,1982,1878,1550,2420,1899,1786,1783,2114,2355,1473,1997
"COG0529",78,973,811,93,439,409,273,152,444,916,1005,873,647,546,378,141,863,593,934,315,812,656,376,266,814,357,278,705,853,460,790,1165,500,278,648,714,939,892,597,312,525,626,541,661,1064,858,359,322,523,577,424,211,512,784,607,623,933,262,621,65,174,804,620,418,389,820,163,161,182,465,560,239,816,503,704,517,591,550,1192,144,1056,868,248,445,925,525,1090,773,602,1110,557,978,569,784,697,34,465,159,672,552
"COG0530",1987,2106,1847,1448,1328,1830,2676,1580,2313,1578,1840,1747,2397,1735,1000,994,2313,2294,1163,611,2463,1792,1792,990,1961,2648,1615,2065,2078,1789,1974,1898,2024,1453,2328,1691,2198,1822,1449,1659,1925,654,1754,2248,1760,1618,1407,2044,1414,1222,2211,456,1950,1325,1658,2089,1313,1713,1465,1012,449,2104,2090,1662,1694,1305,1626,1708,865,1038,1117,822,1979,1414,2047,1698,2045,1520,1864,2482,1886,2409,1397,2696,1539,1920,1716,2355,1860,1586,2536,1673,2603,1784,1707,459,1145,1069,1010,1492
"COG0531",3721,1355,1878,1545,4476,1333,1098,5140,2405,1484,1604,1312,2053,1529,2112,449,1621,3552,1696,295,907,1078,730,2668,1032,1084,890,1741,1686,1146,1180,1559,2041,1470,957,1494,1339,1511,1517,1428,1703,1046,1350,1091,1650,2028,921,1077,1913,1467,2160,2299,4169,4529,3929,3339,3662,3780,4033,11534,14254,3538,4005,2669,2764,4111,1520,4160,12351,2351,14570,4069,3864,4032,4505,3306,3016,3603,4256,12946,3882,3665,2910,3928,4985,2420,5897,3120,4932,4976,3375,4093,2691,5565,3591,10929,2880,2342,5700,1704
"COG0532",3325,2501,3210,4203,2918,3172,3707,4404,3198,3050,2978,3352,3054,3883,2849,3933,3688,3656,3382,4440,3028,4143,3845,4928,3514,4242,4026,4033,3562,4388,4326,2449,3591,5081,3886,3429,3400,1876,3303,3470,4916,4535,4359,4174,3234,2570,4398,2355,2747,4863,1311,2271,1078,980,1056,877,681,1368,1600,1478,1371,1154,1029,1363,2010,1275,1586,1551,1183,1853,905,2131,1277,1191,845,1354,947,1663,906,1312,866,1093,1382,1293,1510,1590,1054,1007,1170,1148,922,1216,1397,1308,1027,1010,1527,1665,785,1857
"COG0533",2613,2016,2027,2906,1846,2467,2587,3069,2584,1923,1937,2578,2083,2646,2464,2723,2808,2033,1759,2455,2002,2416,2402,2166,2374,2685,2498,2450,2396,2939,2772,1922,2514,3154,2765,1751,2129,1871,2562,2734,3298,2432,2599,2793,2390,1815,2637,2132,2629,2208,2742,2618,2413,2030,2300,2226,1850,3338,2711,2856,2510,2527,2568,2715,2591,1870,3003,4130,3026,2221,1314,2402,1937,2533,1965,3174,1801,3306,1893,2690,1910,2740,3496,2468,2091,2879,2160,2068,2414,2254,2244,1511,3318,2343,2481,2427,2140,2609,1713,3226
"COG0534",13918,12214,12502,16288,5798,12568,17037,8579,11775,9807,11832,12081,12360,12629,9441,8221,13508,11707,8541,8054,12483,12196,11401,6950,11312,14359,12266,14583,12653,13124,12213,9743,12535,10263,12774,11606,12979,9928,10422,10848,10480,8922,12714,13559,11431,9254,10497,13896,9977,9790,40801,25817,38955,31103,36785,37583,27047,35485,30377,32771,20035,37826,38384,38165,32769,26734,33142,39716,27395,29760,22131,27334,33458,35198,37831,51032,34598,31701,33030,45621,29346,35636,32176,46562,30345,39780,29893,35934,35884,34582,38956,25812,29717,33065,39026,26476,29184,27864,29812,36284
"COG0535",3138,4178,4387,6278,2658,5695,4593,3010,5220,5280,5469,2854,4313,3486,4555,4003,5775,3767,5169,8437,6173,3480,5497,2798,3792,4509,5252,4999,2857,4136,6897,4449,4672,4539,3995,4819,4111,7096,5206,5191,4146,2626,2516,3624,3048,4331,5463,6880,4067,4125,4750,2417,5510,4643,3937,4440,4082,6024,2803,3291,1243,4637,5039,4654,4082,4662,5860,2948,4959,5843,973,6915,2585,3605,7213,3547,2919,5261,4003,2693,4171,3577,4067,4531,3490,4998,4007,3712,4248,3317,5663,2541,5817,3986,6968,6565,2269,4433,1967,4627
"COG0536",2724,1817,2165,2257,1828,2508,2508,3290,2336,2485,1650,2520,2224,2806,2364,3065,3086,1912,1473,2766,2066,2680,2862,2578,2282,2702,2423,2396,2378,2829,3176,1923,2503,2954,2318,2372,2234,2387,2238,2613,2929,2687,2694,2418,2363,2037,2961,2224,2229,2764,2570,3466,2343,2041,2179,2334,1337,2958,2756,2515,3766,2482,2587,2649,2961,2549,3032,3177,3512,2717,996,2931,2078,2508,2343,2587,1393,3158,2012,2750,1890,2600,3123,2438,2712,2830,2282,2195,2563,2758,2233,1382,4024,2326,2277,3136,2295,2949,1317,2890
"COG0537",2673,1668,1785,1234,1061,1962,1968,1651,2237,1647,2172,2319,1684,1801,2354,1502,1826,1393,1774,1840,1851,1619,2036,1445,2041,1851,2210,1856,1961,2105,1809,1818,1506,1592,2177,1607,1669,2807,1774,2374,1719,2095,1612,1888,2445,2192,1653,1844,2168,1583,2214,1539,1983,2038,1914,2507,2065,1572,1462,1723,1940,2263,1870,2324,1978,1904,2176,1298,2503,2149,951,1662,2065,1853,2128,1447,2061,2195,1606,2034,2052,1825,2096,1751,1860,2277,1968,2515,1715,2381,2025,1441,2253,1664,2020,1510,1623,1484,1635,2191
"COG0538",2037,1868,2227,2072,1611,2180,2469,2142,1713,1797,1941,2515,2116,2144,1641,3337,2503,1814,1655,3502,1757,2444,2676,2401,2067,2208,1922,2196,2178,2288,1943,2203,2271,1877,2178,2234,2434,2318,1982,1919,1379,2753,2110,2362,2408,1970,2886,2317,1756,1860,2269,3229,2104,1779,1811,1981,1585,2100,2233,1679,2512,2301,2282,2180,3147,1791,2774,2232,2073,2661,1353,3009,2441,2007,2180,2680,2329,1562,2218,1737,2051,2515,1832,2196,1991,2493,2437,2341,2210,2391,2303,1511,1437,2111,2448,1263,2424,2866,1539,2282
"COG0539",3560,3646,2791,3501,3677,4410,3908,4069,3117,3415,3550,4138,3958,4500,5158,4485,4595,3164,2692,4653,3080,4711,5026,3753,3987,4460,4722,3463,3568,4259,3928,3180,4087,3920,3508,3606,3663,3564,4390,4767,4046,4344,4532,3817,3492,3182,5052,3888,4783,3992,4257,6162,3953,3521,3934,4061,3103,5535,4868,3825,3498,3602,4043,4133,4741,3537,4125,6001,4225,3851,2542,3590,3527,4591,4051,3633,3146,4714,3254,3547,3238,4275,4460,3825,3725,4310,3567,3812,4206,4407,3297,3225,4252,4085,3427,3462,3780,4538,2568,4444
"COG0540",2903,2342,1757,1771,1842,2631,2553,2791,2157,2035,1642,2262,2063,2415,2390,2922,2389,2166,1432,3233,1821,2495,2933,2571,2213,2579,2766,2455,2269,2542,2110,1759,2158,1977,2757,1944,2209,1801,2437,2239,2399,2204,2373,2698,1940,1718,3059,2514,2567,2171,2429,2602,2287,1871,2229,2246,1432,2825,2475,2236,2523,2117,2576,2226,2586,1817,2685,2266,2156,2189,1365,2579,2297,2275,2265,2935,2023,2147,1854,2235,1714,2273,2235,2223,1878,2299,1577,1996,2300,1800,2471,1394,1569,1949,2100,2696,2382,2981,1360,2274
"COG0541",3084,2580,2671,2370,2540,2896,2885,3433,2629,3261,2659,3056,3232,3234,2971,3278,3412,2396,2290,2608,2623,3241,3229,3035,2972,3151,2916,2898,2944,3261,2926,2870,2745,3876,2806,3250,2898,2644,3044,2939,3258,2932,3367,3009,3057,2951,3234,2382,2791,3319,3080,3446,3048,2823,2818,2777,2049,3572,3415,2840,3799,2875,3215,3549,3451,2844,3426,3564,3362,3260,1830,3472,2740,3098,2821,3330,2280,3667,2975,3051,2555,3244,3721,3388,2602,3389,3132,2791,3332,3053,2926,2319,4390,3224,2423,3208,2836,3382,2050,3420
"COG0542",13774,10817,9914,10674,10250,12514,12071,15547,9006,13151,11193,11849,15202,14039,11753,11286,16117,9939,7248,12500,10500,12160,14321,11826,11597,13149,11957,12379,12490,13530,12524,10020,13065,14378,12089,10767,13690,10862,11554,12144,13339,12050,11324,12780,13605,9529,13718,10831,12819,12989,13032,18309,14784,9404,13138,12638,8768,13299,12518,15682,13802,12047,12882,14200,13461,12346,14642,16030,12530,12065,7380,15471,11575,12995,10770,15741,9143,14253,10451,15278,9528,13559,13957,15157,10540,14319,11197,13658,16659,12827,11013,7598,18511,11516,11744,12639,10546,14002,8824,14459
"COG0543",865,1364,1462,1497,795,1409,1494,1528,1323,1677,1547,1573,1534,1567,1472,1362,1761,1076,1475,2209,1488,1569,1729,1392,1572,1401,1510,1577,1600,1714,1601,1671,1296,1055,1670,1747,1708,1683,1671,1471,1390,2216,1946,1563,1643,1629,1789,1323,1435,1682,4249,6958,4773,4348,4638,4577,4130,4553,5622,2911,2608,5074,4497,4430,5279,3810,5436,4565,3738,5591,1944,5746,4788,4891,4557,4769,4511,4290,4953,3508,4641,4757,3542,5006,4912,5028,5678,4345,5104,5156,4602,4330,4022,5122,4647,3491,5576,6796,4787,4762
"COG0544",6090,3901,3137,3148,2405,4964,6312,5096,4822,3136,3816,4217,4946,4657,3704,4546,4734,4120,3285,4768,4743,3489,5607,3592,3996,5427,5047,5917,4124,5309,4229,2903,4107,4088,4696,3124,3624,4560,3549,4313,3693,3974,3412,4506,4792,3950,4378,5903,3462,3442,4651,3700,5544,3339,3669,4695,3392,4556,3571,4591,3713,4492,4533,5292,4898,4319,5434,4784,3788,4132,1541,4692,3830,3794,4775,6904,3081,4763,3218,5901,3140,4205,5328,6898,3449,5228,3408,4669,4846,3724,5152,3023,5060,3864,4302,4420,4020,5333,2662,5229
"COG0545",1077,2898,2913,633,2629,3297,1775,2690,2492,3658,4026,3847,3030,2772,3233,5061,3371,2238,4048,7107,2932,3985,4888,5006,3123,2440,3012,2440,3693,3938,3202,4420,2065,1441,2670,3623,3588,5110,3488,2521,1950,5887,3027,2942,5367,4483,4645,2631,2815,5432,1755,9498,2941,3711,2601,2947,4168,2316,3584,476,3651,4028,2574,2603,4858,4495,4642,804,2018,6535,1782,5899,5283,3286,3192,2071,2934,2764,4369,1168,4491,2933,1709,2074,5044,4549,4929,4671,3494,7001,3009,3609,1903,4219,2816,1543,4419,5029,2831,7601
"COG0546",4601,4387,3805,3782,3128,4651,4883,5128,3777,3091,4233,3872,3018,3782,4634,4474,4198,3560,3649,5061,3763,3897,4006,3925,3432,3749,3768,4253,3972,4992,4379,3527,3986,3587,3911,2839,3806,3688,4092,4755,4363,4382,3294,3931,3148,3475,4203,5099,4202,3961,3650,4213,3631,3310,3682,3801,2297,5104,3428,4411,3748,3980,3993,4289,3905,4368,4349,4410,5202,4183,2761,4557,3358,3910,4615,3422,3300,4117,2965,3852,3759,3735,3688,4112,4071,4587,2703,4214,2977,3126,4575,2813,2810,4349,4364,5988,3742,4863,2891,5635
"COG0547",2131,1618,2065,2199,1818,1565,1687,2002,1442,1937,1733,1711,1716,1843,1688,1848,1870,1924,1565,911,1366,1866,1831,2036,1602,1573,1121,2090,1757,1837,2203,1906,1819,1302,1814,2086,2120,1667,1339,1432,1467,1611,1603,1762,1789,1265,1577,1905,1358,1364,1713,2130,1693,1333,1369,1393,1176,1589,1831,1750,2281,1744,1670,1506,1884,1721,1402,1347,2842,1033,2051,2268,1715,1806,1918,1259,1772,1417,1674,1733,1528,1683,1172,1535,2011,1508,1578,1511,1734,1816,1851,1409,1158,1673,2311,2936,1364,1428,1251,996
"COG0548",2597,1943,1830,2410,2289,1827,2191,1963,1882,2054,2233,2067,2104,2236,1886,1847,2427,2394,1643,2014,1820,2070,1926,2760,1745,2017,1796,2346,1852,2433,1978,1631,1990,1456,2018,1573,1689,1653,1832,1913,2079,2237,1784,1731,2158,1709,2362,2103,1961,1621,1873,2180,1972,1782,1564,1729,1303,2021,2146,1435,2442,2016,2127,1995,1825,2019,2073,1786,2503,1699,2393,2100,2217,2111,1892,2345,1857,1742,1673,1809,1674,1877,1599,2082,2067,1853,1805,2075,2073,2200,2188,1484,1238,1891,1917,2817,2030,2274,1563,1474
"COG0549",1303,908,1229,1948,2351,802,1630,1715,969,288,775,506,849,760,859,353,783,2032,458,227,637,577,577,888,529,893,641,1217,821,754,458,672,997,1282,885,412,796,336,743,860,1008,279,607,903,317,648,347,1058,1109,692,897,310,908,444,716,674,341,685,528,1790,1213,523,656,520,707,481,661,1015,1399,337,4451,252,299,811,599,646,513,701,377,1646,390,471,1067,1129,513,757,428,603,577,873,973,503,619,701,801,582,573,389,750,591
"COG0550",11101,14425,14375,11859,9466,13264,12150,10969,8814,21294,13409,11465,15005,15295,13284,11496,17245,12009,9550,15382,11362,15787,13158,12187,12981,14366,14951,13552,13941,12771,16820,13237,14260,15610,12359,17698,17334,11521,14010,13525,12389,12337,13690,15311,15026,9934,15910,12715,11555,12674,12663,12997,14469,12019,13303,13587,11890,15126,16719,10631,11602,12915,13628,13665,11746,14155,11270,17197,11389,11795,6792,15012,18685,12587,11565,17999,11040,15475,13332,13199,11331,13604,12154,19383,11453,13253,11101,12071,18115,13626,11064,9131,14278,12644,15277,11920,13206,13915,8365,13611
"COG0551",5215,2185,2762,5462,2255,2277,3801,3163,3692,1494,1689,2025,2248,2081,2168,2819,2244,3696,759,1036,1717,1855,1577,1963,1545,2424,2296,2760,2154,1981,2307,964,2834,3702,1951,1093,1522,960,1712,2305,3032,1077,1985,2667,1225,1206,1710,2329,2018,1363,2714,581,2493,1402,1628,1727,817,3257,1364,4945,2240,1587,2223,2769,1838,1762,2632,4245,3191,1008,4308,1404,1476,2742,1795,2966,1391,2717,731,4418,826,1811,3288,2978,851,2468,753,1527,2086,1320,2072,1193,3240,1585,2468,3673,1282,1760,1767,2359
"COG0552",2282,1757,1616,1584,1926,1818,1760,2027,1859,1645,1763,1982,1576,1956,1747,2565,1800,1455,1733,1340,1542,1605,2175,1760,1869,2083,1838,2000,1760,2190,1876,1464,1848,2547,2106,1441,1571,1311,1683,1863,2498,1392,1508,2013,1620,1336,1663,1672,1775,1881,1979,2511,1733,1382,1649,1685,1559,2260,2293,2291,2970,1676,1910,2493,2187,1727,2300,2162,2729,2076,1325,2047,1244,1960,1497,1910,1401,2430,1635,2513,1468,2075,2700,1744,1567,1997,1467,1389,1616,1456,1599,1594,2909,1464,1721,2450,1397,1236,1303,2258
"COG0553",11515,5411,5722,7145,5761,4251,8283,7382,6566,7821,8074,8603,6047,5965,4799,7441,6494,5354,4618,15636,7082,8210,6705,9876,5766,6396,6153,5166,5746,7429,3304,3197,7194,7453,3594,6933,3512,3248,6791,8806,4902,8932,7367,4734,4373,4445,8891,4663,4976,7522,5195,5328,9428,5147,6315,7696,7536,8092,6091,5536,7676,4247,7166,7955,8848,5727,8506,5173,6990,10696,3194,6350,6110,5867,3709,9181,9095,13997,5122,7143,5864,5294,4559,7615,5532,6518,6644,6363,8913,4075,5209,8932,13376,4441,10204,5325,9967,13133,8790,6231
"COG0554",1813,2055,2092,2004,1761,1724,2661,2552,2902,1500,1829,1432,2061,1990,1549,1795,2367,2594,703,658,1953,1902,1419,1050,1416,1791,1916,2351,1930,2354,2309,1705,2185,2079,1799,2327,2198,1519,1673,1640,3392,606,1294,2755,1212,1582,1370,1863,2565,1521,1925,453,2371,2098,1477,1903,1079,2218,1323,2849,1665,1733,2154,1593,1507,944,1792,3057,2248,1323,2872,736,1906,2266,2465,2586,1487,1953,1546,3463,1611,1811,2333,2851,1109,1880,1519,1921,2164,1637,2254,1333,1225,1933,1982,1322,1106,1074,1317,1476
"COG0555",749,402,375,1215,361,455,811,528,874,115,371,203,196,319,265,213,436,595,73,244,121,151,330,273,164,405,153,625,338,532,226,115,431,217,289,105,260,168,226,276,264,127,243,226,85,188,217,707,227,223,195,89,351,200,227,159,18,330,128,572,179,236,601,385,222,167,164,203,660,153,444,111,97,309,354,171,113,194,88,373,69,418,229,462,110,476,94,240,128,147,619,165,105,230,740,211,128,174,150,335
"COG0556",3427,2987,3073,3205,3250,3974,3582,4564,3556,3249,2874,3217,3446,4199,3666,4114,4090,2597,3197,3779,3350,3575,4063,3600,3901,4260,4012,3735,3771,4420,3550,2572,3925,4815,3847,3012,3230,2759,3631,3866,4415,3522,3820,3652,3105,2972,3683,3063,2874,4082,4211,4598,3559,3049,3466,3163,3037,4691,4258,3929,4811,3173,3530,4105,3949,3479,4806,5017,4224,3844,1474,4037,2781,4110,2971,4179,2991,4697,3170,4372,2613,3645,4743,3335,3358,4080,3309,2924,3566,2853,3241,3248,5420,3315,3365,4705,3453,4385,2360,4304
"COG0557",5051,3631,3742,2768,2920,4207,4547,5279,3693,3806,4072,3081,4100,4224,3733,5860,3686,3671,3451,6089,3718,4010,5108,5251,3914,4365,4215,4532,3552,4102,3466,2773,3743,3828,3311,3726,3581,3734,4125,4935,2886,4796,4243,3976,3815,3873,4754,3579,3232,4571,4192,6157,3983,3674,3544,3806,2395,4415,4582,4183,1745,3518,4254,4753,4403,4853,6141,3290,2796,4290,2504,4892,3925,2795,3445,4227,3134,4889,3592,3329,3012,3921,3976,4560,3714,4557,3420,3501,4471,3869,3468,3085,7521,4088,3085,2983,4898,6472,3227,4332
"COG0558",1930,1476,1206,1914,1846,1545,1545,1661,2086,843,1513,1644,1088,1176,1351,1237,1335,1399,1059,1551,1114,1318,1899,1587,1496,1715,1578,1598,1258,1736,1199,754,1563,2426,1892,1029,1188,661,1208,1316,1840,1236,1162,1547,1141,866,1452,1288,1500,1184,1772,2066,1329,1340,1394,1082,1043,1745,1289,2285,3533,1243,1259,1907,1059,775,2022,2340,2062,577,1541,440,1112,1763,886,1513,1475,2044,1027,2047,1212,1479,2467,1291,1020,1676,874,1169,1136,1047,1634,1155,2514,888,1497,1871,1181,1369,1651,2299
"COG0559",951,1126,866,1117,879,974,1367,867,1569,782,688,1138,1189,1041,985,1906,1113,1149,605,631,926,1160,815,1173,1011,1084,1214,1033,694,1057,850,547,1345,1854,1427,696,618,756,1214,1305,2048,386,1011,935,801,558,1330,818,1584,973,424,117,310,204,289,268,176,407,369,563,684,295,376,429,236,265,375,952,744,136,632,246,431,349,280,746,201,438,224,519,157,267,617,401,247,310,189,232,366,336,242,279,293,357,124,876,268,328,483,237
"COG0560",400,476,485,449,569,439,414,407,616,654,577,759,422,572,584,750,655,519,712,447,454,598,580,473,539,631,563,503,597,584,478,502,651,470,599,537,629,556,531,450,752,517,638,528,720,515,568,453,602,590,1425,1584,1512,2001,1780,1609,1983,1552,1882,1107,2101,1750,1380,1370,1430,1667,2207,1000,2247,1579,1216,1005,1810,2139,1530,1313,1605,1678,1893,1459,1863,1739,1601,1148,2064,1621,2032,1768,1704,1852,1608,1994,1348,1538,1896,875,1450,1224,1089,1518
"COG0561",8953,6796,9326,10344,7261,7296,11621,10968,9775,6317,6775,7313,7258,6307,7097,4941,7069,8741,5474,4947,6730,5607,5983,8872,6154,6580,6327,7034,6723,7309,6261,5685,6031,5692,9089,6228,6534,6718,5557,6211,8753,4993,7020,7902,7082,7208,5852,7856,6656,6009,6829,5543,7771,6249,5636,6515,5644,5731,5492,16276,10871,6795,5950,7954,6230,7068,6241,6609,11378,6132,7791,7695,6317,8580,7086,9346,6517,7209,5939,13705,5854,6103,7390,8126,6117,6375,5973,7430,6750,7382,8149,5616,5017,6099,7382,14978,4989,6242,7592,6740
"COG0562",2922,1814,2473,2708,1185,3428,2516,2494,2260,2058,1633,1848,3212,1802,2291,1403,2529,1806,2349,9089,2612,1322,1733,765,1822,2273,2181,2346,2089,2315,1782,2030,1641,1275,2807,2029,1288,5340,2020,3559,2607,3796,2205,1628,2100,2240,3448,2335,1709,2168,2553,630,2139,1691,1605,2291,1379,2603,1838,2504,2764,2247,2334,3121,1671,2326,3203,996,3606,1555,1015,1283,2954,2385,2447,2012,2822,2469,1667,2385,1457,3005,1178,2366,2187,2289,2658,2819,1979,1995,1903,1246,1588,2063,2171,2570,1596,3746,2356,1751
"COG0563",2300,1533,1563,1461,1650,1968,2064,2333,2266,1627,1685,2075,1801,1949,2020,2027,2058,1552,1550,1910,1560,1742,2289,1745,1682,2207,2061,1987,1866,2021,2036,1570,1789,2653,2173,1365,1590,1733,1892,2137,2243,1946,1859,2044,2123,1847,2035,1627,1997,1683,2323,2162,1994,1667,1553,1773,1514,2248,1832,2749,2322,1964,1856,2227,2156,1666,2745,2311,2134,2002,1166,1759,1844,2001,1697,1966,1695,2577,1425,2102,1444,1930,2563,1952,1848,2357,1769,1983,1873,2161,2018,1306,2815,1918,1770,2116,1794,1937,1325,2156
"COG0564",7058,6791,6696,6754,5112,8066,8126,9177,6857,7114,6588,7001,6900,7644,7038,9069,7418,6483,6237,11332,6453,7214,7321,8030,7587,7565,8148,7328,6993,7935,7728,6249,6239,8021,8145,6471,6675,6272,7228,7071,6473,9377,7621,7890,7369,6368,8905,8247,6597,8330,7028,10291,7076,6791,6739,6849,5978,8620,7706,8073,6787,6482,6346,8152,7578,6894,10403,7689,5888,8011,4501,9013,7172,7018,6529,7493,6569,8897,6295,7155,6097,7399,9270,7431,7193,7614,6675,6724,7505,7100,7164,6602,9436,7114,6890,6847,8153,11371,5321,8506
"COG0565",254,73,106,120,500,20,40,71,285,118,202,47,159,85,123,47,96,619,104,42,16,14,23,427,55,16,72,178,115,33,28,112,320,275,31,29,39,35,72,21,79,35,24,8,100,117,17,27,161,103,7,151,40,132,110,33,36,53,59,124,144,18,65,11,95,133,28,43,1,14,1042,17,44,17,29,27,44,38,40,77,105,30,112,22,57,57,88,47,90,89,21,172,56,129,0,4,17,4,118,27
"COG0566",4774,5138,4899,4723,4570,5166,5237,5535,5031,5032,5611,5704,5284,5866,5382,3774,5633,4668,5050,3973,4878,5222,5020,4204,5512,5729,4595,5313,5504,6027,5493,4792,5268,5212,5911,5310,5153,5323,5206,5240,4894,5249,5303,5202,5904,5500,4651,5195,5406,5156,5218,4514,5259,5311,4974,5147,4519,5488,5725,4821,8137,5345,5166,5860,4844,4620,5432,5737,6561,4382,3250,4284,5206,5684,5309,5529,4820,6143,5044,6406,4812,5867,5543,5639,5118,5725,5030,4917,5831,5852,5288,4506,6244,5124,5441,5841,4202,3856,4391,6084
"COG0567",829,138,217,208,1853,6,48,149,734,282,295,64,409,222,188,59,206,1162,136,84,21,183,41,851,65,4,68,412,167,33,67,453,998,626,12,118,109,98,117,44,115,91,57,16,204,297,414,42,505,53,52,235,50,336,126,96,38,192,310,228,240,50,182,50,214,312,69,166,5,39,2102,28,139,55,92,126,87,72,98,148,166,53,130,51,106,75,194,167,164,126,96,336,95,292,1,10,93,11,197,57
"COG0568",3359,2642,2017,2501,3147,4446,3531,5138,3850,2232,2181,2291,2118,2732,3510,10863,2677,3339,1586,6701,1697,2772,4612,5955,2497,2980,7096,3162,2488,3306,2566,1570,3161,3969,2953,1583,1983,1226,3137,3436,2545,4511,2774,2490,1807,1926,4048,3293,3264,3556,3622,6145,2237,2312,2546,2159,1151,4100,3152,3483,2460,2274,2137,3730,5288,3188,6050,4467,2828,4726,4175,4888,1622,2239,1929,2367,2326,3040,1079,3161,1373,2327,5225,2268,1917,3654,1741,2191,2259,2069,2566,2258,5225,2657,2446,2307,3970,7114,2194,4490
"COG0569",6698,5326,5240,5876,3134,4685,5416,4842,4840,4459,4835,5078,5369,5470,4280,4258,5326,4506,4115,2981,4842,4994,4757,3399,5019,6314,4996,5240,5319,4966,5401,4433,4619,4881,5367,4726,5147,4811,4569,4707,4694,3482,5022,5427,5164,4716,4418,4405,5316,3935,4792,4318,5436,4995,5004,5148,4035,5409,4716,6596,3863,5383,4976,4785,5118,4499,4747,5856,3816,4281,3538,4241,5251,5176,5242,5686,4743,4304,4308,6091,4211,5000,4958,5892,4656,5013,4703,5006,5564,4880,5259,3690,4104,4729,5615,3227,3726,3475,3948,4560
"COG0571",1760,2159,1711,1157,1712,2111,1924,2351,1757,1560,1909,2075,1722,1985,2297,2276,1597,1446,1521,2858,1768,2302,2518,2228,2195,1694,2050,1728,1917,2369,1999,1733,1922,2250,2142,1723,1817,2196,2448,2388,1811,2288,1960,2227,1762,1754,2848,1791,2122,1684,2052,2383,2096,2007,2005,1935,1890,2447,2084,1628,2390,1829,1823,2098,2014,2236,2632,2271,1994,2034,860,1769,1956,1983,1877,1794,1580,2317,1669,1798,1677,2330,2451,1873,2055,1897,1559,2051,2042,1709,2057,1705,2026,1859,1930,2038,2160,3054,1281,1983
"COG0572",2338,3370,3681,1982,1865,3906,3683,3948,2858,4153,4245,3200,2605,3544,3837,4774,3436,2879,3510,6013,3771,3663,4591,4179,3831,3854,4112,3774,3734,3799,4452,4365,3591,3876,3434,4371,3747,3062,3977,3631,3164,5197,3476,3803,3497,2469,4298,3325,3573,4261,4086,6328,3046,3819,3518,3830,2950,4005,4184,2328,1124,3937,3780,3824,4661,3796,5164,3773,2075,4885,1301,5368,3003,3055,4113,3295,2866,3892,3907,2315,3828,4126,4797,3059,3934,4385,2997,3311,3379,2931,3396,3316,4833,3743,2511,2129,4054,5661,2795,4804
"COG0573",3026,1946,1729,1698,1442,1645,2036,2501,1943,1975,1521,1673,1934,1913,1603,1114,1991,1686,1406,546,1716,2212,1309,1270,2009,1867,1268,1992,1894,1816,1818,1448,1579,1870,2065,1850,1782,1445,1708,1457,2025,977,1845,1934,1542,1506,1297,1805,1746,1469,1439,572,1877,1864,1973,1581,1605,1610,1892,1890,2854,1949,1775,1649,1205,1616,1307,2361,2553,1001,1598,1152,1479,1756,1684,2145,1652,1340,1755,2671,1423,1754,1418,2142,1442,1393,1700,1550,1974,1480,1962,1656,1329,1704,1830,2760,1074,1063,1478,1238
"COG0574",4340,6338,6478,4338,4079,7545,6781,6287,3695,7610,6982,6070,6238,8828,7200,8882,7488,4966,7057,9737,7326,8193,9282,6936,7506,9468,8095,7515,6091,9107,8052,6451,6913,8238,7259,8076,7101,4628,7251,7704,7246,9675,7765,7414,7320,4531,8176,6655,6094,8546,6627,12920,7110,6707,7188,6228,5905,9576,10465,2819,1988,7132,7747,7207,9893,6341,10383,8225,3925,8877,2910,9226,6527,7442,5982,6030,6245,7092,7180,3829,6577,8013,8517,6967,7522,9051,6224,5416,7695,6265,6133,6506,8652,6651,6368,1856,8287,9688,5368,9701
"COG0575",2004,1849,1451,1405,1359,2192,1824,2077,1905,1562,1739,2205,1322,1825,1949,2575,1718,1199,1461,2415,1597,1964,2027,1914,1863,2108,2253,1828,1730,1956,1845,1483,1742,1760,2190,1447,1635,1660,1888,2259,2266,2469,1814,2148,1834,1487,2477,2235,2151,2020,2387,2145,1740,1903,1826,1824,1627,2427,2034,2041,2098,2064,1766,2302,1618,1830,2817,1947,2163,1647,347,2367,1874,1853,1746,1280,1808,2462,1444,1782,1662,2058,2364,1663,1907,1856,1496,1832,1653,1923,1823,1476,2812,1734,1537,1920,2199,2169,1419,2066
"COG0576",2017,1118,1306,1271,1397,1565,1555,1697,1498,1286,1300,1489,1165,1345,1726,1933,1164,1100,1205,2285,1154,1410,1869,1713,1197,1498,1724,1263,1511,1570,1514,1351,1402,1582,1562,1210,1456,1680,1617,1760,1547,1803,1422,1471,1339,1535,1594,1458,1643,1501,1636,1780,1499,1339,1435,1374,1365,1637,1394,1316,1120,1381,1485,1692,1406,1536,1777,1266,1517,1331,881,1230,1190,1296,1351,1614,1079,1797,1167,1467,1233,1629,1856,1270,1286,1723,1358,1499,1276,1702,1465,1189,1719,1433,1294,1103,1596,1544,1256,2138
"COG0577",24601,19370,16617,28454,12537,16673,20679,15858,16326,11183,14917,18729,17264,16083,13993,12246,19617,14322,12519,11632,16031,15054,16444,12162,15755,17891,15606,16888,18410,17041,18107,14433,15047,18623,16562,14112,18247,13628,14196,14135,19121,11637,13829,16590,14268,10604,14016,22823,14109,13681,17368,12553,18733,15207,17268,15566,12993,14600,14099,30220,29394,15602,19032,19205,13358,8545,17178,19204,25293,13255,10263,11397,17382,16952,15016,17367,15063,17108,15531,23471,13346,17430,17687,20883,14793,16964,13367,15550,15939,14178,15743,12353,21532,14372,16879,16656,12461,13301,9892,17906
"COG0578",435,174,357,234,1546,246,78,200,960,1147,445,582,432,776,542,256,1051,1218,511,118,164,373,225,881,705,382,291,542,849,244,317,1040,727,510,879,658,542,441,825,428,613,324,667,549,783,559,260,104,659,622,412,248,277,673,200,329,163,466,1157,1090,438,868,481,162,251,730,93,317,2,430,2164,189,767,811,257,638,198,647,655,211,728,618,525,173,1002,284,1061,834,547,959,261,558,412,908,119,29,310,56,779,344
"COG0579",456,880,1113,616,1182,687,1830,962,1839,267,808,726,1302,1050,1214,489,860,1956,408,594,588,961,305,1402,836,744,1598,1193,887,894,650,611,1660,1043,1205,582,693,304,635,627,3169,254,867,1266,441,723,989,1496,1510,565,889,351,948,688,601,720,467,1083,539,923,651,541,865,702,817,692,705,1799,1435,685,2640,209,670,1142,890,1483,739,1539,1099,1463,679,358,1551,1071,625,589,458,576,711,678,355,966,474,1007,424,985,541,499,1014,595
"COG0580",1386,440,625,387,1672,253,448,1441,1543,748,1097,799,570,527,673,238,457,1271,1371,122,786,575,245,1330,846,531,314,757,694,613,953,1277,496,760,806,680,537,290,562,329,725,348,705,712,632,829,281,175,558,520,265,365,479,748,608,285,963,316,736,2534,2809,754,429,589,362,890,182,434,2083,448,1898,114,571,762,355,298,680,448,745,1144,764,849,655,249,944,511,755,543,484,639,467,858,792,581,360,1561,308,171,1070,349
"COG0581",2803,1683,1821,2132,1648,1697,2149,2473,1907,1491,1693,1703,2037,1975,1634,1375,1631,1843,1505,608,1710,2042,1171,1275,1781,1918,1290,2113,1604,2082,1920,1162,1827,1778,1958,1835,1596,1326,1551,1574,1842,1308,1775,1964,1767,1498,1583,1677,1661,1369,1647,605,1835,1630,1513,1555,1389,2006,1755,2039,3388,1854,1886,1847,1291,1450,1417,2416,2655,979,1664,1137,1443,1932,1622,2010,1646,1291,1363,2631,1234,1860,1622,1873,1439,1540,1560,1423,1893,1474,1954,1536,1274,1467,1945,2991,1075,1026,1420,1157
"COG0582",23475,22227,20692,35285,33289,25905,20941,14146,21999,24364,18780,34078,25167,29873,34233,18768,24119,23836,14569,10000,24025,25002,21125,12088,21392,25739,28391,26983,22934,23215,23720,22700,25284,35016,25397,20171,29537,17526,28568,33803,23644,18738,24197,23135,26611,17550,27266,29866,32301,15815,28360,6970,25111,23962,27304,30056,22653,28167,25944,23993,18656,22082,25073,30188,17084,25842,21073,35129,19445,14732,31769,11376,21105,38366,21285,28709,22657,26134,20231,22080,17541,21496,32780,28721,45425,30767,23431,31041,22037,29995,21096,14745,24966,21668,21711,17631,20272,11138,17341,34919
"COG0583",19409,12506,15518,23884,27737,13127,18766,19731,27101,10626,14083,10187,12609,11917,15572,11271,11927,29545,8899,12680,8674,9312,9568,19740,9197,10529,11752,17226,12421,13213,9484,13113,19625,14164,12004,8450,9301,8812,13766,13006,17849,10053,9767,10968,10270,11650,9690,14084,17111,11853,11347,8708,12115,10455,12058,11910,6888,14818,10068,23347,14597,10442,10754,12683,11025,15529,11528,14116,22469,10560,44962,9765,8430,10474,12482,15245,8692,12548,7170,19793,8784,8601,19271,15136,9155,10802,8018,11001,9238,12892,12236,12226,10197,12332,9624,23088,8107,12943,15867,11414
"COG0584",4006,2153,3688,3202,2772,2802,2431,2950,3353,5041,3338,3991,2931,4092,3992,1945,3333,3064,5206,3858,4331,3293,2664,2460,6516,3591,4576,2938,3560,2607,3393,5155,3316,2216,5295,5858,3672,3616,4374,3758,5245,2043,3636,4842,4102,3060,3296,3563,3295,3153,3304,1085,3574,5276,4092,4779,6910,3318,4534,2958,3108,4946,4474,3858,3138,3523,2061,5091,2217,1789,2715,1579,3199,4697,3798,4333,3897,3849,5815,4651,5418,3844,3474,3071,3061,2385,3559,3711,3498,3955,3970,4546,3519,2607,5011,2581,4366,1748,6216,2024
"COG0585",35,71,94,102,628,1,16,15,355,72,149,0,185,3,82,22,9,565,64,21,4,0,6,479,5,2,0,158,65,0,33,82,234,275,2,25,36,28,78,0,40,4,3,5,90,101,12,16,107,6,1,80,21,78,6,12,23,19,25,128,113,3,13,3,82,127,8,26,0,11,947,11,30,31,4,53,17,5,25,56,72,10,85,15,32,23,24,5,29,16,8,122,0,67,0,7,3,1,81,14
"COG0586",1393,1349,1401,660,2214,881,398,1939,1688,1420,1110,1274,1224,796,1485,1468,1109,1832,1774,1636,850,948,1245,2170,1334,647,1001,758,1368,864,1144,1900,1224,760,925,1356,1377,1650,1318,914,1053,1239,770,893,1241,1595,1125,757,1406,1249,652,1831,1057,1393,1066,1169,1591,815,1106,1177,2852,1293,817,772,1130,1553,1044,427,2400,1227,2584,1238,1250,1188,1096,806,1159,838,1561,1579,1867,994,981,623,1414,763,1570,1144,962,1617,901,1717,770,1293,921,1009,1415,1221,1501,922
"COG0587",8472,6857,7457,8125,6869,7152,7915,8017,6420,6438,7074,7486,6245,7901,7152,8339,8016,6418,6125,6878,6217,7862,8022,6643,7697,7690,7913,7592,7619,8966,7744,6397,6652,10464,7215,5898,6851,6843,6645,7137,8259,7412,7239,7800,7621,6353,7518,6712,6366,7527,7647,10098,7546,6550,6329,7871,5536,8110,8461,8047,8316,8244,6456,8797,7984,7158,8955,8595,8309,8483,4792,7820,7683,7718,6433,7163,8795,15302,6152,8425,8412,6773,8254,6909,7940,7486,6885,7004,7945,7060,6881,5679,10432,7540,7089,6912,7183,8176,5024,8289
"COG0588",1452,919,1038,412,1406,477,177,1239,815,1501,900,992,1301,989,1353,260,1003,817,2206,197,841,967,711,557,968,400,392,542,1177,514,1267,1226,1014,578,611,1122,967,1821,1131,990,626,477,762,518,1677,1807,765,630,1385,872,560,240,1123,1332,1127,1273,2395,931,804,1199,1873,1042,866,456,401,877,296,563,1011,532,747,704,1400,919,1095,562,946,925,1725,937,1449,757,434,931,1414,652,1330,1143,1338,1716,1119,1168,1142,1332,1098,517,599,138,1168,417
"COG0589",3268,3898,3262,746,3550,2673,1361,4565,2114,4872,3131,4125,3031,3290,4205,3534,3167,2520,5520,4685,2691,4172,3033,4530,4369,2233,2919,1837,3608,3061,3356,4674,2247,1991,2956,4492,3691,4071,3881,3115,2681,4891,3326,3282,4081,3829,4344,2040,3572,4758,1886,5402,2933,3899,3483,2828,5506,3138,4438,2085,4976,3699,2911,1787,2943,4456,2835,1746,4136,3521,2705,4352,4550,3571,3293,2284,4119,2911,4538,1902,4700,3755,1741,1853,4665,2193,4608,3396,3773,4584,3189,4297,2712,3996,2966,4063,4281,4743,4666,2239
"COG0590",1499,1371,1556,1334,1149,1907,2008,2052,1882,2006,1754,1566,1401,1553,1596,2427,1539,1142,1738,2045,1474,1689,2025,1940,1687,1506,1687,1710,1406,2051,1579,1357,1411,1787,1807,1423,1353,1455,1619,2011,1619,2658,1502,1448,1808,1510,1866,1447,1500,1645,1687,2808,1502,1352,1567,1406,1481,1710,1988,1800,1483,1626,1446,2393,1715,2268,2740,1649,1614,2460,799,2308,1455,1507,1515,1560,1364,2302,1414,1580,1275,1531,2061,1501,1802,1590,1459,1408,1513,1945,1488,1329,2261,1701,1542,2399,1667,2806,1260,1902
"COG0591",4166,6215,5335,2650,3075,5780,3475,4085,4261,6875,3184,4751,3921,5979,5322,3749,5090,3155,7582,2775,5764,5685,5005,3647,6867,4536,4931,3970,5608,4706,5670,5557,3762,4533,5812,6896,6500,4765,5451,5213,6019,4399,4373,5603,3817,3951,4336,3605,5070,5886,4879,4221,4909,5769,4893,4829,6817,5498,5613,2430,4520,5996,5542,3898,4506,4990,4678,4824,4803,4168,3464,5367,5111,5887,6295,5413,6154,5738,6509,3391,6033,5398,6004,3724,6412,3769,5795,4169,5217,5628,5733,6421,3850,5115,4758,11454,4405,3926,7096,3338
"COG0592",4312,3098,2987,2868,2665,4118,3784,3296,3662,2592,2829,3233,2594,2919,3439,3259,2982,2550,2097,3601,2330,2886,4593,2435,3464,3416,3848,2679,2670,3634,2644,2040,2882,3672,3403,2778,2988,2758,3255,3532,3335,3797,3655,3180,2677,2771,3360,3490,3140,2916,3467,3719,3153,2618,2917,3001,2106,4007,3647,4298,4115,2841,2731,3994,2718,3195,3637,3734,4064,2231,2329,2389,2843,3527,2712,3286,3402,3743,2685,4309,2447,3084,4695,2816,2962,3343,2667,3031,2781,2533,3178,2731,3808,2825,3109,3411,2910,3300,2330,3932
"COG0593",917,1941,626,1311,1642,1190,261,212,1169,2027,990,1941,676,1325,1551,954,1144,578,1348,678,1002,1292,1332,782,2032,1226,981,573,1234,908,1234,1439,1175,1450,1535,1466,1461,1274,1247,1163,1779,673,1298,1411,978,1038,1239,303,1242,964,1179,1924,1102,1602,1656,1074,1480,1287,1396,258,1850,1606,981,1609,826,1705,1274,1218,2201,398,453,971,1353,1871,1386,736,1418,1289,1385,561,1609,1433,1374,562,1476,886,1104,1100,1186,1075,1741,1964,989,1094,1493,2224,729,571,1208,923
"COG0594",1372,538,689,1182,637,833,1178,796,1419,378,501,493,487,547,715,701,554,950,230,390,434,438,522,572,459,726,795,817,621,625,387,304,669,1007,899,216,430,414,511,948,481,300,400,605,311,351,466,1160,824,403,870,162,657,409,513,575,211,890,338,1346,528,627,608,898,592,556,801,829,962,341,814,488,187,690,694,843,521,972,234,1351,205,552,1202,633,303,756,217,558,359,419,675,257,965,483,870,1443,374,464,414,844
"COG0595",4079,1723,1794,3130,1342,2358,3421,4926,2725,998,1230,1851,1551,2132,2016,1371,2250,1840,477,3256,1568,1789,1914,1592,1895,2956,3224,2139,1847,2466,2004,682,2079,3994,2651,1162,1294,832,1618,2755,3272,677,1914,2186,955,867,1561,2354,2163,1463,3208,544,2105,1347,1534,1730,602,2754,1551,5691,5519,1638,1896,3391,2059,1017,3671,4220,3935,1120,1028,1246,919,2207,1875,2596,1024,3419,755,5268,653,2053,4424,2477,908,2748,718,1320,1687,1176,2393,614,5254,1418,1749,4809,2358,1710,1131,2802
"COG0596",8483,1400,2691,5129,4515,2915,3701,4888,4313,1409,1915,2582,1798,2307,2994,2774,1938,3881,909,1099,1701,1976,2276,4423,1802,2392,2705,3083,2304,2496,1704,997,3468,2862,2832,1543,1267,1009,2379,2633,2369,781,1622,2629,1238,1483,1337,3878,2628,1774,4598,899,2154,2696,2230,2550,1878,2501,1813,6467,6065,1684,2484,2162,2227,1424,2566,4555,5691,2436,4666,1240,1256,2238,1892,2942,1894,1403,1317,5634,1905,2273,3103,2756,1149,2591,1044,2085,1507,1512,2056,1860,3003,1926,1479,2117,1642,2178,1914,2754
"COG0597",1399,571,719,990,751,941,1099,1130,1602,441,554,746,730,636,821,781,662,1039,271,345,751,698,784,840,678,983,995,862,624,842,735,354,948,1208,1181,428,643,446,681,1024,1081,321,579,958,442,435,485,1772,953,544,1242,236,708,457,671,801,287,994,465,1429,2008,604,553,1004,672,622,1031,1289,1715,379,1185,420,365,919,621,760,941,784,247,1768,271,706,1529,1087,403,894,259,768,585,527,1007,292,995,591,757,1688,498,531,530,1051
"COG0598",2737,3132,2758,2111,3104,2761,2347,2810,2880,2640,4033,3085,3292,2761,3225,2900,2615,2390,3143,2669,2507,2927,3131,3056,2702,2212,2207,2739,3167,2976,3113,3180,2721,2295,2608,3060,3028,3949,3109,3112,1963,3279,3402,2484,3162,3514,2623,2838,3148,3023,2198,3453,2857,3274,2534,2857,3760,2488,3176,3336,2839,3072,2655,3420,2748,3281,2727,1220,3021,2991,2559,2944,3094,2820,3161,2044,2582,2324,3449,3111,3072,3038,2628,2686,3024,3337,3774,3292,2757,3192,3120,3500,2886,3436,2540,2212,2837,2396,3284,3277
"COG0599",1353,1488,1422,2383,1612,987,555,1050,1613,2594,1141,1416,983,1125,1190,1390,1439,1240,1381,1568,1517,2035,1154,758,1507,1446,1385,882,1190,1078,1600,1705,1371,1128,1257,2285,2025,1000,1603,1721,1606,990,1272,1253,1649,1451,1758,893,1585,2269,1437,1230,1010,1872,1733,1382,993,1723,1744,1387,1423,1525,1446,1083,784,1605,1209,969,739,903,154,742,1191,1190,1509,959,1385,1707,2027,841,1569,1867,976,1206,1350,1032,1779,1434,1354,2038,1217,1473,792,1715,907,1915,1238,1200,1042,1406
"COG0600",2455,1561,1721,3078,3520,1626,2033,817,2871,967,1281,1449,1251,1463,1970,849,1187,1850,861,790,1127,1740,1847,853,856,1713,1835,2047,1890,1490,1622,835,2211,2886,1897,987,1183,851,1625,1775,1736,525,1698,1315,779,1414,1415,1242,2041,1282,2484,568,1440,1268,1410,1322,695,1722,1193,2103,2232,1245,1521,1617,1303,900,1935,2130,3110,906,2759,714,796,1335,1075,2193,1763,1592,1229,2080,579,1275,1644,2227,839,1613,861,1672,1203,1672,1616,958,1526,1482,1094,2243,1148,826,1577,1659
"COG0601",5524,3614,4219,6048,5193,2743,4753,3594,5700,2351,2562,3311,3438,2439,2865,1201,2743,5172,1708,1240,2512,2356,1589,3965,2398,3126,2542,2972,2710,2600,1941,1728,4143,5299,3606,2086,1987,1668,2909,2724,4415,1028,3096,2575,2295,2119,1800,3002,3526,3053,3095,1282,2846,2684,2921,2631,1435,2834,2165,7403,9457,2577,1953,2685,2131,1989,1981,6241,8656,1882,7665,1726,2524,2793,2291,4002,1909,2639,1658,7053,1366,2315,4531,3921,1730,2718,1757,2515,2397,2660,2743,2127,2110,2652,2522,8220,1815,2385,4205,2351
"COG0602",3222,2078,2164,1604,2041,2245,2419,2788,2677,2673,2559,2401,1681,2023,2461,3100,2187,2182,1723,1353,2000,3234,2889,2210,2116,2461,4161,2294,2613,2792,2231,1877,2156,1848,2379,1674,2376,2114,2172,3952,2250,2575,2274,2344,2254,1828,2109,2227,2422,1614,2748,2250,2068,2095,2292,2430,1455,2527,2017,2365,2176,2342,2247,2695,2623,2283,2717,2344,2654,2544,1716,2498,2165,1863,2185,1911,1472,6154,1829,2423,1912,2329,2391,2236,2425,2175,2105,2092,1925,2378,2446,1992,2774,2159,2361,2937,1992,1976,1372,1827
"COG0603",1724,798,1148,247,840,1198,1040,1350,1196,1723,1305,1120,902,893,1188,1491,1081,918,1336,1729,905,2671,1667,1235,923,1025,1332,1099,1281,1382,958,1225,695,636,778,1117,1427,1046,1183,2251,799,2189,1282,1050,1280,1088,1154,928,926,1429,263,605,261,332,412,287,380,330,386,216,82,327,413,320,488,400,489,264,241,441,203,451,468,253,313,203,428,270,400,213,364,331,348,325,389,355,497,303,291,435,347,419,243,510,264,233,432,473,287,434
"COG0604",130,217,397,418,1695,11,42,530,1341,120,350,393,314,46,261,138,114,1227,146,12,23,67,14,876,94,68,26,300,214,171,128,239,787,283,45,53,103,142,193,50,611,42,2,24,158,274,181,37,367,151,7,92,16,47,18,8,17,55,44,898,724,4,24,6,38,118,15,65,332,20,574,3,13,53,27,30,61,8,38,289,123,9,206,29,47,16,60,8,24,30,5,190,23,57,2,274,18,13,196,25
"COG0605",520,817,622,652,1144,505,157,163,817,820,988,803,542,738,700,249,614,714,674,248,654,1061,436,360,1029,723,582,716,875,508,771,758,898,513,838,821,890,570,882,812,485,760,868,769,942,630,666,378,749,570,875,248,504,783,885,637,450,726,894,844,238,844,589,565,514,954,343,503,106,405,1005,266,951,676,487,514,1242,613,790,221,911,817,639,334,1051,547,805,674,640,908,541,796,1719,724,424,43,489,142,520,595
"COG0606",2139,2561,3186,3447,2846,3220,3163,2804,2963,2873,3037,3183,3271,3219,2748,2837,3287,2942,2560,3375,2670,2917,3143,3533,2921,3074,2818,3041,3611,3661,3216,2747,3037,3206,2770,2977,2844,3785,3170,2994,3258,2959,3463,3114,3038,3164,3140,2744,2841,3111,2849,4600,3288,2663,2899,3053,2326,3505,3519,2138,3767,3027,2973,3376,3290,3209,3301,3483,4131,3292,2411,3303,3035,2955,3010,3158,2166,3932,2434,2699,2775,3362,3762,3250,2831,2961,3383,3406,3656,3209,3315,2333,3270,3645,3183,3655,2998,3234,2254,3131
"COG0607",2829,2334,4092,3164,3018,2469,2106,1599,3828,3197,3829,2528,4095,3466,2703,2681,2779,3395,4255,2941,3277,3336,2286,2031,3376,2042,2471,3217,3243,3129,3493,3422,2815,2372,1959,3851,3190,4784,3184,3076,2817,2516,3934,2859,4723,4700,2279,3124,3173,5039,1894,3357,3254,3548,3166,3094,3481,2541,2924,2045,1751,3442,2834,2853,2588,4062,2271,1885,1587,3320,3950,2066,4488,2976,3414,2986,2666,2864,3331,1682,4504,2788,2123,3474,3830,3286,4293,3446,3865,4168,3120,3751,2585,4074,3358,1039,2719,1535,3401,4095
"COG0608",4382,3698,3449,3049,2784,3866,3537,3973,3417,3015,3252,3377,2531,4058,3067,4412,4205,2492,2920,4284,2728,3806,3682,3672,3500,3627,3638,3552,3673,3928,3909,3564,3703,4690,3833,3698,3535,2992,3480,3886,4979,3956,4417,3855,3109,2783,4159,3314,3155,4119,3659,4451,3031,3668,3268,3109,2273,4130,4259,3623,1564,3874,3519,4142,4563,3252,3811,4335,2869,4386,2195,3925,3333,3641,3646,2852,2848,4319,3361,2870,3520,3671,4454,3110,3820,3645,3321,3202,3170,3580,3174,2721,3812,3942,3263,2855,3572,4199,3104,4200
"COG0609",3455,3219,3633,4376,4138,3600,3644,3016,5982,4676,3088,2845,3856,3253,3157,2083,3407,4371,2444,2462,3398,3856,2687,2923,3058,2734,3176,3545,4416,3263,3447,3677,3494,3217,3350,4330,4470,3295,3929,3548,4074,2965,4557,3836,3434,2857,3467,3078,4016,4205,3109,3371,3071,3505,3826,3034,2675,3367,3741,4520,1974,3056,3187,2750,3157,3679,2424,4757,1405,3755,3518,4251,3095,3342,3703,3708,3124,3016,4042,3469,3574,3307,3242,4346,3487,3408,3460,3305,3623,3921,4461,3100,2362,4192,3201,6386,3060,3114,4366,3082
"COG0610",4113,2165,3823,2764,7011,6276,6993,8705,3972,5030,3682,5763,2711,4994,8089,9169,8905,4859,3918,5717,5269,8687,4081,4508,4603,6915,7778,4797,6703,9132,8147,3180,7089,6054,6878,4942,4706,2720,6533,7356,8336,8111,6226,8092,9293,4238,6393,5926,9467,7973,6958,7647,5079,4894,5237,7140,4124,7484,5803,5905,2100,5837,5508,7843,8871,7474,6701,9835,5162,8729,1481,2281,6015,6298,6264,6127,5974,7186,5667,5037,6003,8583,6028,7138,10784,9328,6445,7087,4220,3149,8219,1812,4624,6129,4830,3709,5519,9976,4914,11458
"COG0611",589,584,739,195,1450,548,236,581,479,975,876,597,695,937,1548,926,454,868,885,364,971,935,352,433,789,768,540,778,699,654,679,643,941,728,363,712,341,659,1191,892,495,1046,1023,362,934,802,658,551,1001,812,536,178,643,873,1157,824,938,1029,1091,226,226,438,838,625,525,1214,358,521,627,457,871,252,723,873,556,365,805,1089,941,152,755,642,585,367,1005,459,651,489,895,500,350,1192,816,660,473,55,562,168,972,410
"COG0612",3561,7546,8556,3084,8369,7473,3726,4907,3817,10144,9371,8803,7795,10692,9918,9151,8023,5864,14753,14365,8691,11977,11548,7587,11104,8165,7090,7131,9232,8921,11454,9934,8850,9053,8116,11742,9369,8814,10415,7931,7566,12589,10465,9668,11777,9765,10147,5329,8758,13106,7027,25789,7536,11109,11691,9204,8290,9446,12418,4254,1999,9728,9242,8314,6579,9607,8884,7600,1759,9446,3053,7153,10601,10620,8023,7490,8898,9400,10738,2749,11533,9218,8031,6191,14360,9892,11074,8259,10271,10042,7009,11016,11780,10286,7935,976,10593,7099,9112,12449
"COG0613",1550,842,1147,1012,1299,1415,1559,1574,2145,697,886,1218,901,1147,1557,976,1009,1117,670,425,815,827,1025,1189,954,1353,1494,1227,1417,1418,1245,702,1405,2190,1286,683,840,620,1329,1307,2414,461,1285,1063,626,852,977,820,1702,758,1858,342,1090,906,914,1211,534,1443,875,920,2242,1022,1140,2052,1195,726,1614,1579,2125,595,1945,534,759,1437,732,1697,872,1480,687,1657,504,1119,2121,1304,490,1369,848,774,873,872,1305,1026,2956,1274,743,2725,850,502,1691,1029
"COG0614",4691,4443,4092,4615,4474,4101,3872,3384,5646,4621,3898,4093,4214,3720,3764,2522,4252,4143,2814,3142,3977,5049,3647,3419,3759,3302,4153,3604,5072,3560,4116,4721,3449,3589,3604,4499,5430,5006,5497,4948,4515,3304,5122,4571,4650,4401,3761,3223,5773,4212,4047,3046,3988,4178,4424,4252,3665,3520,4760,4772,1902,4054,3940,2986,4085,4191,2860,5550,2093,4872,3194,4434,4051,4054,4514,4882,3794,3699,4675,3377,4342,5008,3604,4714,3848,4045,4981,4663,4037,4464,5588,3384,2958,5262,4124,5500,3311,3312,5823,3697
"COG0615",1482,2140,948,2208,1820,1290,1848,1868,1715,615,765,1165,906,1132,922,2876,830,679,834,4185,1034,1339,2485,2307,1412,1456,1415,462,1499,1005,1746,1857,915,880,1141,646,1172,2136,1039,1158,584,4169,521,2479,537,319,916,759,1109,670,1516,4601,830,845,2388,1511,1964,1871,783,1054,543,2244,1130,1488,3575,870,1046,530,352,741,49,2002,1470,1272,1110,764,787,797,866,1546,1078,1731,993,1297,1164,741,1104,1242,619,541,1299,1547,653,837,843,766,2268,1849,1063,605
"COG0616",1003,2110,1182,512,4381,1714,1026,1291,2017,2584,1938,1881,1875,2460,2400,3735,1593,2436,2434,2863,2044,2246,1984,2180,2409,1625,1732,1539,2183,1718,1578,2525,1389,1406,1744,1712,1727,1701,3166,1798,1744,2477,2549,1726,2341,2163,2198,1741,1863,2750,1384,4428,1494,2201,2114,1769,2988,2125,2756,491,625,2005,1741,1921,2416,2516,2265,1202,182,2802,3551,2906,2500,2173,1366,1267,1646,1650,2519,217,2441,2156,1210,1108,2522,1697,2434,1785,1754,2070,1310,3197,1621,2639,1734,56,2384,2721,2416,2003
"COG0617",3252,2117,2869,2946,3120,2930,3177,3344,3415,2858,2805,2585,2350,3267,2768,3920,3163,3109,2337,2549,2289,2936,3764,3245,2336,3218,2702,3216,2775,3541,2865,2285,2973,3453,2733,2066,2466,1872,2667,2908,3351,2674,2767,2759,2564,2005,2641,2332,3840,3375,2882,4055,2480,2263,2654,2210,1772,3765,3526,3358,4212,2397,2829,2956,3089,3413,3280,3517,3597,2726,3079,2970,1920,3011,2011,2711,2345,2921,2500,3578,2074,2585,3101,2753,2854,3001,2360,2322,2489,2531,2496,2255,3549,2768,2547,3612,2784,2717,2261,3363
"COG0618",2857,2117,1850,1379,1364,3207,3147,2890,2076,1895,2329,2582,2112,2654,2424,2877,2880,1923,1807,3548,2220,2483,3212,2194,2383,3223,3189,3049,2524,2982,2476,1964,2566,2558,3084,1624,2277,2409,2507,3329,2541,2958,2296,2803,2481,1845,2842,3498,2398,2503,3770,2704,2664,1653,2109,2583,1911,2979,2373,2010,1056,2708,2657,3224,3312,2257,3999,3042,1700,3045,505,3011,1991,2079,2427,2410,2828,3241,2029,2033,2123,2680,3175,2899,2382,3478,2220,2814,2300,2457,2687,1891,3119,2234,2643,1533,2857,3256,1645,3240
"COG0619",4807,1924,2380,4649,2336,2908,3378,3448,3176,1291,1454,3037,1630,2113,2623,1554,2214,1934,683,1018,1609,1823,1746,2287,1569,3104,2935,2244,2253,3075,2397,986,2290,3774,3024,918,1425,1330,1943,2784,4703,844,1803,2170,1382,926,1541,2753,3564,1498,3515,626,2217,1575,1567,2007,850,3240,2002,6651,8371,1710,2155,2669,1753,2041,2881,4464,6338,993,1789,1962,1239,3633,2352,3454,1908,2711,1155,4782,882,1840,3998,2624,1007,2093,916,1714,1626,1511,2282,238,1544,1528,2810,7177,1327,1720,1164,2278
"COG0620",5471,2106,1507,2682,2697,2314,2550,2879,3077,661,1551,2269,1079,1483,1001,2707,2013,2268,496,1931,730,1099,2614,4062,1052,1701,2638,2436,2350,2128,1611,1502,1965,1427,1686,592,1685,1156,1455,1226,1553,1278,1188,2020,1330,928,1920,1953,1290,1681,597,813,522,316,409,391,173,534,572,1750,2109,546,620,489,1214,342,473,352,1100,464,793,1462,434,617,389,301,438,251,253,1304,368,683,450,647,407,649,294,628,395,460,818,319,376,480,508,1080,1028,579,227,918
"COG0621",6090,6916,6766,6238,5240,8344,7612,6968,7192,7174,7511,8232,7683,8571,7798,8961,7986,5847,6514,8855,7399,8606,9200,7332,8145,8440,8043,8238,7478,9099,8004,6593,7059,9410,8503,7066,7404,7674,7628,7966,8711,8529,8272,8613,8302,7621,8226,7396,7453,8006,8614,14212,7826,6671,6928,7594,6669,8880,8768,4173,4916,7900,7595,9315,8591,8072,9764,9919,7030,8369,3997,9162,7837,7675,7241,8029,6956,9934,6554,6198,6730,8210,10119,7830,7728,9187,7602,7781,8272,7416,7452,6680,10687,7669,7831,7075,7481,8346,6127,10498
"COG0622",1958,1806,2015,2495,1400,1977,2808,1671,2606,1552,2265,2001,1726,1784,1866,1811,1903,1942,1430,1675,1605,1706,1801,1368,1793,1950,2059,1973,1806,2370,1850,1584,1639,1680,2354,1361,1739,1564,1746,1630,2593,1866,1774,2019,2022,1420,1846,1800,2128,1853,2118,1808,1881,1678,1664,1889,1705,1667,1524,2318,997,1819,1701,2538,1925,1975,2138,2036,1835,1815,1284,1959,1781,1849,1564,2239,1650,2176,1383,2084,1467,1524,2030,2110,1613,2027,1396,1827,1606,2021,1742,1382,1883,1612,1780,2149,1427,1669,1518,2212
"COG0623",870,814,652,103,1224,758,358,1410,503,1110,1306,892,644,935,799,1286,955,680,1553,1467,944,1103,1333,1533,1060,629,799,831,934,1068,757,1123,731,639,858,724,903,696,828,713,600,1723,1075,777,1380,935,1000,660,584,1257,588,2488,568,952,960,659,1000,790,1490,396,391,949,738,1234,1791,1157,1020,309,106,2025,714,1947,1134,741,472,601,759,1170,1087,326,1079,918,494,382,1635,1002,1238,877,740,1125,516,1390,1239,1073,443,21,1250,1212,845,1350
"COG0624",5445,4644,5317,5273,5192,3430,4855,7043,5027,3857,4785,5123,4226,5302,5462,4861,5899,4692,4816,3100,3629,5053,3946,4258,4086,3452,4072,4022,4711,5770,4805,5708,4820,5470,4972,4569,4807,4018,5352,4124,7367,4393,6446,4271,5917,5130,4468,3008,5942,5404,3935,3662,4510,4998,4768,4276,3574,5924,6114,6609,7246,4649,3994,3739,3893,4300,2829,6523,7857,3990,8208,2781,5428,5619,3359,6104,4214,4781,4449,5140,4093,3839,4989,3989,5910,3148,6124,4947,5069,7251,3731,5001,4779,5555,3731,4551,4572,3176,8627,3274
"COG0625",282,270,458,444,2769,25,79,74,1926,284,660,50,903,50,466,189,105,2591,309,61,30,16,26,1767,35,26,57,717,372,20,136,387,1401,557,44,112,124,104,261,20,528,94,50,29,360,426,41,93,590,168,25,377,71,349,140,80,93,143,133,1183,540,44,91,25,320,600,38,74,26,108,4224,24,146,101,44,106,112,44,137,352,372,44,653,53,257,95,149,82,131,108,49,752,41,285,2,30,24,18,401,76
"COG0626",1148,621,684,1311,2432,453,915,1748,2526,320,592,876,805,586,987,878,586,1497,239,426,418,569,292,1457,423,528,555,846,510,863,307,664,1058,841,573,479,749,503,462,346,984,164,693,613,332,609,310,474,694,508,861,384,387,450,369,536,376,637,1050,2406,3348,290,358,501,553,706,762,662,3808,353,2717,154,285,1346,424,294,717,415,292,2275,348,286,1035,448,381,588,707,412,312,396,538,837,427,538,590,1700,697,384,1535,679
"COG0627",2081,1256,1990,1212,1415,1455,1191,829,1831,1992,1656,2312,1756,2000,1236,861,1443,1449,3710,630,1513,1508,1376,758,2092,1218,1224,1474,1953,2023,1255,1771,1277,1237,1473,2152,1915,1839,1407,919,1415,1179,1982,1520,1554,1882,824,2191,1166,1038,1771,421,1330,1548,1959,1523,3880,882,1585,1288,2601,1779,1924,1322,1013,1178,448,1407,1704,1584,1085,732,3111,1487,1495,1179,2457,1149,3121,2003,1903,1151,757,1217,1931,1681,2029,1430,1342,2187,2810,1814,1129,1352,1984,1224,1347,413,2623,1131
"COG0628",5929,4500,5361,5408,5689,5354,5368,5066,6014,3955,4482,5371,4362,4937,5267,4267,4947,5641,4587,4387,4870,4772,4978,4228,4997,5669,5907,4837,5401,4193,4829,5006,6471,5988,5757,4316,5140,4692,5299,5379,5159,4015,4352,5528,4639,4866,4806,5059,5999,4520,6829,4331,5111,5108,5139,5485,4621,5511,4624,6160,4938,5514,5224,5363,5079,3492,5759,6022,4810,4390,5971,3812,4932,4800,5109,5202,4877,5730,4329,5730,5090,5586,6505,4598,5119,5956,4598,5239,4374,5193,4754,4604,5806,4456,4312,2730,4880,4099,4552,6002
"COG0629",2793,2220,2254,1812,4670,2651,2828,2738,2698,1692,1492,4295,1950,2376,2995,2052,2800,2879,1279,1834,1888,2101,1789,2271,2147,2729,2644,2120,2343,2213,1917,1765,2482,4548,3443,1631,1834,1633,1959,3148,2806,1641,1767,2469,1784,1684,2257,3400,2974,2251,3337,1518,2180,1987,2370,2468,1567,2447,1783,3198,3766,2487,2166,5130,1974,1800,3646,4300,5335,1474,2902,1581,1596,2375,2027,2224,2431,2768,1439,3116,1824,2308,3335,2463,1999,2947,1409,2206,1785,4601,2368,980,3099,1857,2357,3534,1782,1948,1847,2807
"COG0630",919,313,8,140,3,252,371,228,370,4,109,170,95,71,69,92,127,752,25,36,85,20,378,9,34,220,230,568,451,366,176,53,32,66,35,24,166,143,110,91,100,117,92,280,33,64,77,145,15,19,208,15,171,70,365,168,11,115,2,97,369,126,603,139,140,37,44,71,0,35,130,65,64,13,84,44,33,91,90,195,0,159,30,418,42,287,24,34,60,63,490,46,101,114,73,0,99,70,0,88
"COG0631",2109,1576,1867,2530,1670,2371,2762,2295,1709,1091,1205,1986,1324,2517,2116,2909,1656,1762,1176,2675,1354,1801,2432,1806,1960,3267,2351,2164,1329,2694,2144,757,1893,2562,2258,942,1532,1340,1344,2449,2641,853,1182,2414,1248,475,2078,2348,2188,1423,3652,1980,1883,1162,1759,1956,692,2536,1399,2696,4154,1409,2847,2264,2137,1340,4341,3172,3135,1618,419,1828,1369,2697,1312,1600,2145,1922,973,3671,893,2230,3395,2611,1716,3427,555,1383,1361,1513,1420,1429,2609,1002,1629,3522,1038,1399,802,3957
"COG0632",1328,1258,1455,1273,1265,1519,1404,1789,1632,1454,1542,1681,1475,1578,1634,1722,1682,1082,1074,2087,1322,1522,1679,1416,1441,1445,1649,1380,1566,1793,1702,1478,1500,1754,1758,1289,1392,1687,1603,1659,1705,1800,1441,1531,1680,1405,2003,1485,1546,1669,1577,2147,1401,1325,1288,1464,996,1734,1455,1667,1883,1646,1401,1734,1340,1499,2066,1712,1711,1542,614,1474,1382,1585,1259,1644,1317,2047,1348,1581,1387,1546,1903,1634,1525,1689,1506,1674,1604,1854,1516,882,2157,1393,1663,1596,1630,1662,1041,1901
"COG0633",244,90,161,159,1012,18,24,39,420,98,223,34,302,40,216,48,51,843,122,22,11,14,15,612,14,2,20,241,132,9,37,138,329,186,12,45,46,50,85,6,94,34,27,9,133,170,17,26,205,69,17,109,26,139,29,31,38,65,53,156,206,32,51,10,110,114,12,24,2,25,1439,9,75,45,29,66,42,29,59,121,131,21,142,27,58,20,68,35,58,45,32,252,23,110,1,15,21,7,123,22
"COG0634",1808,1717,1464,1691,1661,1762,1845,2044,1808,1240,1685,1953,1364,1612,1962,1451,1563,1450,1176,2034,1371,1742,1885,1682,1566,1737,1801,1431,1588,1932,1646,1252,1550,1790,1983,1305,1425,1498,1678,1755,1758,1704,1550,1756,1712,1386,1897,1678,2008,1515,2055,1776,1683,1548,1569,1592,1257,1739,1479,1826,2338,1719,1422,1713,1840,1624,2025,1903,1925,1561,1210,1456,1663,1909,1499,1500,1691,1685,1177,2173,1311,1683,1982,1504,1753,1798,1389,1755,1573,1787,1710,1181,1250,1329,1510,1622,1498,1655,1185,1738
"COG0635",5319,4300,3985,5241,3593,4974,4579,3410,5051,3938,4163,3861,3995,4249,3675,4978,4235,4526,3293,4315,3190,3552,3811,3836,3516,4030,4212,4484,4365,4265,4125,3670,3805,5015,4022,3521,3682,3310,3995,4351,4826,3424,4268,4079,3102,3919,3833,4008,3926,4460,3895,3893,3871,3607,3450,3926,3609,4668,4060,4039,3671,3693,4399,4725,3786,4352,4046,5465,4161,3492,4289,3862,3022,4395,4278,4762,3201,4658,3636,3767,2843,4063,5120,4645,3058,4279,3425,3876,3771,3079,4901,4027,4304,4560,4155,6575,3241,3310,4123,4602
"COG0636",1053,1077,759,878,511,1233,1070,779,1161,902,1162,1346,919,1238,1064,600,1090,768,1170,306,1076,1038,924,501,1240,1247,999,1135,1094,977,950,1046,1014,1115,1324,842,1112,1359,1039,1200,1228,989,1001,1203,1260,1261,766,1125,1488,922,1195,252,1190,923,1014,1119,1187,1033,898,972,450,1318,1036,1278,891,917,1067,1227,692,810,656,652,1100,1218,1047,960,1079,1110,874,772,1011,1161,1052,1064,1321,1179,1243,1164,999,1324,1374,960,817,1083,1310,793,733,499,1039,826
"COG0637",3696,4386,3916,3819,4912,4703,4669,4999,4358,4395,4697,4643,4718,3933,3926,3634,4195,4282,3247,3863,3983,4320,4170,4889,3880,4198,4171,3822,4496,4853,3997,3743,3917,2923,3898,3615,4471,4297,4269,4206,4584,4155,3803,4537,3932,3819,4146,3557,3635,3651,4390,3342,4073,3460,4042,3866,3863,4160,3328,3537,5058,4471,4164,4860,4397,4732,4278,3737,4278,3843,4158,5265,3962,4181,3915,4795,3690,4046,3777,5622,3392,4677,3952,5274,3950,4097,3549,4698,3968,3916,4998,3284,3074,3996,4944,7380,3748,4712,2914,3535
"COG0639",1895,824,909,1663,1933,1898,528,1216,1579,1109,853,1370,1624,1465,913,867,896,1757,1480,396,1124,1140,1287,908,1489,954,546,941,1086,361,1134,1215,1422,1832,828,1259,1361,1563,873,901,569,1019,651,717,944,1739,1041,600,1135,1082,1524,1771,1115,1370,1762,1022,2073,574,596,1321,787,1321,1327,1741,897,567,537,895,754,575,1914,464,1368,809,1390,641,1618,2607,1064,1800,1613,961,746,997,701,1139,1264,1503,1254,1087,1501,718,978,1088,1169,76,608,218,950,770
"COG0640",3229,1138,1097,2794,886,1337,1969,2499,2148,469,1094,1318,1052,1049,1108,1190,1207,1832,491,766,1181,911,1031,991,1062,1284,1391,1326,1041,1269,921,591,1225,1974,1362,421,771,495,1231,1390,1737,454,606,1201,833,673,754,1312,1559,657,1547,393,1298,827,926,1107,571,1490,698,2310,1520,852,1148,2015,995,866,1441,1745,1787,510,1410,666,642,1152,1042,1438,956,1236,461,2278,575,1061,2255,1225,431,1284,375,839,739,565,1505,375,1563,664,1209,1746,739,865,1003,1096
"COG0641",5001,7975,4799,12435,4763,6918,4912,4276,5937,4119,8704,5548,5682,4922,5475,12915,6554,4982,6815,2669,6089,4735,10904,4149,5438,5577,5525,5349,5086,4002,5989,7215,4783,3966,5306,4833,5857,5905,9580,7862,4391,3594,4122,5100,4474,4310,4885,10173,5573,5378,5334,9215,7251,6547,6056,5112,5715,6929,5290,6438,2279,5241,7009,4901,5604,4937,5574,4511,5264,11264,5543,9006,4626,4979,6895,4449,4735,4491,4699,4069,6177,4814,6180,5153,5037,5268,7369,6981,6949,4027,5273,6082,5671,5097,7232,3699,8002,9608,4748,7027
"COG0642",58344,104581,99366,74620,53722,79994,71425,47225,61253,93402,87861,83273,88498,85491,70884,51923,79340,68519,138679,48750,146561,87824,76371,48625,112505,77620,72294,68518,89183,55550,94340,115472,80690,72648,85948,113370,104325,104092,84489,72150,73266,71655,77706,84199,84753,119637,68251,75727,73850,90180,78482,44942,86227,115261,129607,103219,142089,65492,88864,53545,40220,93104,106492,58850,66193,89862,59389,58533,41938,76976,49579,60298,96828,92778,92798,80138,116241,69508,127586,58638,133576,95583,60293,79076,101246,68478,104651,95646,88896,86938,87617,144871,82150,86353,92782,38503,87101,55298,134734,66602
"COG0643",1965,620,440,234,1239,657,822,308,1390,116,590,435,952,945,363,1379,490,1373,241,290,480,495,854,731,338,1077,485,2019,1098,485,636,260,880,464,561,235,600,408,362,666,241,211,647,1015,193,387,336,1329,392,697,1431,175,546,320,483,737,128,583,131,146,205,600,764,545,955,181,386,112,155,411,1902,203,176,175,845,240,1762,240,505,423,353,1059,499,1505,217,1503,248,691,255,349,1003,452,301,580,563,88,449,367,578,961
"COG0644",323,238,389,361,2024,41,41,540,173,200,474,28,637,32,693,158,23,1727,186,17,26,41,25,1342,20,26,10,510,274,124,44,378,576,869,35,92,101,37,144,18,248,18,26,38,271,261,23,58,435,205,9,207,73,177,20,33,120,223,104,283,423,21,20,15,186,283,48,309,616,30,3186,22,90,135,11,90,128,22,92,100,243,24,214,56,46,34,163,24,81,80,16,312,22,201,2,55,39,23,342,18
"COG0645",0,0,0,0,0,0,0,0,0,0,0,0,0,8,14,0,0,0,0,15,0,2,1,0,28,3,23,9,1,7,0,0,15,31,2,0,2,0,30,76,0,0,0,25,1,0,4,0,0,0,89,0,0,0,0,0,0,1,1,55,0,0,0,67,14,0,2,176,0,0,0,0,0,0,0,0,0,0,0,0,0,152,54,0,0,34,0,0,1,0,0,0,3,0,0,0,0,0,0,10
"COG0646",3725,5276,3760,3665,4132,4917,4254,4375,3967,5994,4703,4941,5748,5139,3849,3424,5684,4952,3002,4636,4671,5191,5287,4388,4618,4991,4234,5829,5877,5234,5144,4875,5101,2669,4405,5018,5542,5175,4634,4333,5432,4511,4763,5054,5339,3839,5364,4231,3621,4511,4475,6484,5082,3632,4359,4842,2894,4684,4912,1716,1464,5213,5276,4168,5250,4225,5219,3695,3112,4936,3977,6404,4887,4907,4780,6364,3819,4125,4295,4077,4444,5125,4010,6996,4921,5328,4986,4957,6113,4775,6142,2991,3241,5465,4917,4867,4171,5087,2909,5292
"COG0647",812,229,701,402,1071,545,470,782,472,273,356,684,181,574,1045,236,333,564,281,103,223,550,345,837,638,469,917,279,410,607,280,183,855,949,635,479,292,110,686,536,1190,118,287,711,241,110,396,198,1102,149,689,256,417,341,351,368,192,781,908,1375,1920,551,177,590,415,287,355,1317,1782,215,948,65,241,704,170,546,466,571,191,1264,245,316,1268,219,261,341,212,244,388,309,257,359,395,364,223,1435,326,207,766,242
"COG0648",1719,1689,1588,1145,1201,1497,1564,1116,1460,1393,1229,2008,1617,1573,1376,654,1788,1440,1118,545,1466,1604,1320,773,1827,1853,1293,1709,2018,1199,1779,2018,1669,1588,2223,1607,1884,1858,1556,1668,2076,700,1451,1800,1591,1580,1333,2163,1702,959,1946,313,1905,1617,1557,1733,1681,1670,1408,859,1094,1945,1808,1516,1053,1252,1055,1550,1659,969,1036,931,1542,1918,2036,1748,1737,1699,1675,1559,1879,1927,1819,1864,1464,1531,1743,1825,1752,1848,1681,1403,2391,1653,2131,1216,1170,699,1585,1112
"COG0649",160,1585,1229,200,1614,1126,529,666,602,2040,2050,1586,1677,1780,1423,1330,1401,972,1776,2184,1395,2252,1756,1424,1878,1493,1245,1316,1433,1920,1546,1873,1262,512,1522,2248,1792,1917,1515,1248,975,2482,2265,1770,2200,1771,2098,992,1303,2072,944,3637,1517,1741,1846,1405,1878,1273,2243,134,241,1721,1120,1395,1964,2027,1379,737,224,1878,724,1839,2664,1436,1436,1017,1653,1392,1769,209,1679,1873,742,1156,2355,1514,2069,1425,2098,2110,1349,1600,1170,1769,1460,36,2302,1490,1368,1591
"COG0650",21,53,61,31,425,25,24,4,101,50,82,6,114,49,98,11,44,267,37,14,38,21,26,216,30,4,21,68,87,19,23,19,113,137,22,37,18,22,98,72,237,20,48,12,42,45,20,10,104,35,37,137,97,138,104,50,69,122,175,129,135,29,101,28,145,125,102,317,5,50,1009,16,78,518,74,150,59,110,87,95,136,57,265,40,72,47,132,46,121,77,19,134,95,207,19,59,49,63,204,65
"COG0651",185,436,822,350,2430,798,253,119,1041,615,561,237,924,548,853,101,271,2107,868,107,462,611,572,1491,730,612,940,673,1117,222,541,377,1714,1091,890,733,653,323,2006,1476,799,253,1133,576,740,573,340,168,1966,865,470,827,584,698,1155,269,407,861,1196,201,435,496,675,494,536,378,200,1156,14,405,4025,89,852,657,283,1283,409,650,812,217,647,1221,737,208,616,343,780,271,751,786,163,492,524,1161,23,143,389,92,1863,420
"COG0652",2408,2305,2232,3256,2037,2478,2607,2571,3000,1854,2258,2055,1853,2118,2371,2795,2390,2101,2014,3628,1779,2078,2979,2476,2123,2466,2459,2342,2452,2132,1891,2055,2106,2557,2490,1707,1935,1643,2432,2278,2268,2773,2354,2030,2262,1960,2595,2005,2425,2198,2596,2953,1987,2164,1977,1978,1692,2411,2562,3562,1686,2327,2432,2410,2625,2024,2781,2767,2286,2610,1978,2383,2317,2252,1762,2566,1399,2985,1825,2128,1690,2278,2445,2371,2157,2335,2083,1975,2218,2412,2226,2104,3705,2432,2277,2030,2794,3179,1960,2785
"COG0653",6740,5673,5384,6462,5533,6494,7231,7512,5935,5478,5444,5829,6278,7032,5317,8058,6943,5234,4452,5113,5023,6666,6685,5936,6177,7617,6242,6286,5867,7507,5340,4847,5654,7718,6644,4869,5399,4125,5528,5813,6677,6357,6469,6145,5102,4757,6404,6214,5230,6749,7689,5515,6138,5330,5526,5236,4550,6494,7517,8701,6793,5534,5791,6895,9130,4539,7455,7845,5604,6676,3804,8532,5898,5910,5484,6645,5696,6894,4939,7214,4540,6231,7798,6955,5232,7750,5815,6009,6022,5230,6218,4385,7952,6388,5976,6064,5618,7501,3736,7629
"COG0654",171,220,702,369,2132,244,14,41,791,264,537,72,981,22,753,874,54,2176,234,21,88,224,1043,1440,51,3,286,749,313,3,84,182,1217,429,33,266,106,60,548,283,409,45,28,50,253,302,27,32,185,132,55,760,44,580,29,55,1222,560,192,446,365,26,52,5,315,488,7,361,1,53,3333,7,123,79,870,85,65,39,223,217,635,509,383,62,167,157,102,21,120,68,99,421,5,217,1,11,18,7,343,101
"COG0655",3031,2319,2091,2974,1540,2588,3037,1363,2780,2377,2067,2431,1662,2310,2596,897,2287,2381,2220,922,1933,2126,2050,1719,2110,2853,2580,2753,2234,2595,2128,1826,2363,2857,2547,1951,2173,2299,2357,3287,3884,2230,2579,2936,2014,1964,1889,2410,2886,2295,2899,355,2578,2686,2607,2182,2287,2594,1798,2328,891,2824,2932,2566,1450,2447,1559,3054,2572,1376,1834,1932,1953,2913,2777,2326,2629,2912,1484,2290,1506,2436,2633,2134,2079,2034,1789,1855,2121,1983,2577,2086,2603,2083,2519,4091,1492,1481,2824,2061
"COG0656",3608,1617,2877,2077,2596,1838,2627,6064,2602,3285,1918,1892,1203,1618,2620,2697,1893,3362,2687,801,2986,1581,1643,2175,1886,1729,1942,1415,1635,1442,2566,3781,2822,1478,1701,3841,2772,2958,2029,2059,2344,1782,1420,2968,2040,1700,1867,1885,3379,2431,1498,1444,2756,3658,1873,2956,2944,2413,2645,4457,3914,2363,2526,1514,1205,1683,1654,1488,5687,1967,2977,2247,1275,2420,3186,2010,1412,1908,2437,5075,2446,1598,1652,1420,1855,1383,2355,1962,2612,2833,2869,1886,2347,1533,1887,2085,1671,1709,2818,1011
"COG0657",6423,6383,5083,3749,4822,4676,4934,5844,4109,3817,4104,5188,5469,4948,4163,3315,4993,4423,6499,2993,5929,4490,4909,2916,6025,4144,4843,4709,4495,4041,4047,4371,4702,3724,4672,5554,4119,4282,3877,3495,6488,2939,3510,4812,4480,4572,4517,6436,4611,4250,4610,3639,4473,4746,4365,5761,4624,4935,4637,3148,5542,4148,5823,3792,4262,3599,4179,5416,7530,3080,2537,3607,4891,4551,4831,6663,6320,4102,5410,6420,5787,4664,5077,5245,3066,4093,4117,4039,4740,3847,5146,4819,3914,4224,5740,3940,4712,3766,4959,3612
"COG0658",3879,3344,3016,4844,2392,3044,2907,3414,2710,2641,3201,3280,2272,2874,2319,1726,3212,2788,3157,1621,2695,3017,2180,1709,3244,3024,2080,2942,3495,3354,3132,2845,2978,2860,2866,2404,2660,2317,2537,2496,2083,2482,3023,4122,2740,1855,2669,2985,2272,2818,2589,3149,2648,2608,3094,2264,2604,3346,3296,3821,3438,2994,2502,3335,2454,2931,3084,3477,3485,1906,1737,2488,2695,2913,2600,3010,2130,2871,2645,2958,2774,3535,3370,2641,3382,2842,2561,2963,2605,2600,2948,2830,4378,2417,3109,3997,1623,1537,2275,3190
"COG0659",4024,2608,2763,2269,2032,3519,4596,2927,3956,3171,3304,2588,3595,3312,2803,3665,2413,2699,2749,4078,3397,3306,4043,2929,2866,3601,2856,4353,3231,3402,2936,2524,3295,1617,2825,3192,3133,4376,3131,3510,1836,4089,2862,3492,3030,4106,3640,3567,2340,3798,2995,4028,3582,2808,3279,3206,2725,2801,2580,2189,904,3193,3517,3081,3517,3424,3354,1680,1272,3699,1535,3939,2995,2033,3754,1748,3047,2251,2631,2546,2538,4039,1775,4011,3015,3502,3584,3371,3682,3267,4515,3000,2040,4111,3022,2637,3551,4086,2186,3053
"COG0661",1781,162,796,444,1638,399,1284,1025,1081,535,449,492,386,270,621,128,202,1151,144,120,79,155,222,1532,304,287,217,470,336,739,141,318,629,1099,407,108,205,344,297,521,734,228,263,198,118,188,262,886,400,307,270,227,607,282,172,182,233,252,423,1741,4368,168,166,743,232,826,258,412,1768,252,1528,644,71,766,620,421,142,385,95,1990,121,501,422,426,306,203,162,157,300,72,516,247,2700,377,379,3794,80,405,471,304
"COG0662",2477,887,431,616,924,1843,2116,1401,1831,709,1275,913,1680,890,1276,986,829,1611,702,2203,783,549,1496,1999,816,1512,1533,2924,1602,1378,1176,1271,1133,828,999,354,929,921,1469,1190,738,1671,1296,1208,392,487,1300,1053,1504,743,2047,411,989,665,1040,990,367,871,510,773,408,840,1975,1282,997,670,1183,1096,622,543,1757,1080,528,619,1508,2582,2623,967,556,1344,241,1398,1164,1860,1552,1557,551,855,660,578,2684,704,878,869,774,817,1534,2111,1366,1256
"COG0663",416,969,1167,742,1425,883,1095,846,1498,1357,1416,959,1296,993,1080,766,1441,1808,1093,717,1043,1031,685,1557,1004,1041,898,1190,1026,1104,1127,1199,1511,786,1235,1130,957,1041,1033,951,888,1531,1098,927,1700,949,1160,1172,1131,828,283,288,345,382,247,371,262,345,411,182,126,371,289,321,349,384,324,156,102,267,622,427,346,329,355,477,357,308,330,199,456,260,325,295,510,254,392,405,338,374,318,396,231,333,273,332,333,372,364,222
"COG0664",4326,7940,6484,4294,3849,5381,4270,5852,5217,6769,6762,7170,5193,4744,5920,5016,4477,4216,9537,6644,6065,6108,4862,5478,7507,5768,6036,4630,6437,5697,5684,7550,4054,5229,6449,6501,6175,7063,6818,5125,4881,6824,6649,7137,8448,6134,5464,5791,6286,4836,1398,1490,2024,2581,2083,2282,3414,1420,1762,1679,1099,2120,1978,1895,1607,2543,1534,1529,1199,2128,1291,1988,2646,2200,1957,1840,2507,1677,2530,1641,2700,1759,1740,1667,3332,1428,2304,2139,2057,2061,1807,2907,1817,2068,2227,966,2007,1687,2742,1875
"COG0665",189,787,739,807,3241,432,499,89,2244,377,1766,442,998,1084,605,1444,592,2839,370,233,255,365,550,1664,275,395,591,1219,656,811,280,665,2013,1258,439,375,407,279,690,761,1035,144,685,920,360,399,518,301,610,476,614,299,616,426,744,330,294,569,287,1463,601,276,948,1430,503,896,1004,936,386,350,3796,129,1030,262,520,481,186,780,391,641,497,352,628,444,319,696,482,249,462,144,226,576,529,646,374,114,452,183,598,699
"COG0666",348,330,871,488,3247,1178,549,394,942,1172,555,1767,919,1372,1218,1169,2373,2196,1570,165,486,3497,449,1160,729,526,1315,833,1343,739,516,2501,2045,336,1010,558,2872,1527,792,2370,1506,865,1670,469,1126,872,860,412,1416,820,2227,792,609,1876,2765,954,1604,992,2235,240,631,735,651,1287,1123,1878,636,665,430,332,3506,511,1090,2499,213,1739,444,1385,801,246,1865,2944,834,891,2204,858,1856,2232,659,1373,244,622,1017,596,108,65,946,252,2147,655
"COG0667",2013,2999,5414,6059,5994,3614,3936,3776,4449,5570,4669,4899,3658,3625,3331,2616,4059,5039,4815,1489,4723,4745,3230,4038,3454,4344,4017,4138,3482,4556,4704,4948,5787,3315,4118,7713,4264,4491,3989,3257,3961,4324,3731,3764,4512,4263,4128,3700,3682,3721,3703,2417,3508,5343,3619,4982,3340,4205,4044,3136,8710,4009,4716,3707,3188,5145,3047,3840,4466,3117,5187,2952,4585,3657,5708,4387,4720,2668,6029,4671,4754,3346,3258,4287,3457,3273,4032,3776,3367,3477,4683,3913,3401,4279,4170,5453,3221,3587,5279,2322
"COG0668",2277,5526,5104,2366,5165,4776,3255,4524,4078,5277,6091,5309,4786,4906,6450,3843,5098,3998,6734,6498,6444,5319,4941,4440,6450,3976,4917,3668,6267,3897,5272,6791,5139,4264,4850,6468,5955,6112,5884,4706,4818,7795,5650,5347,6028,5590,6096,4040,5315,5645,4639,7001,4617,5921,6022,5278,6391,4749,5806,3027,3277,5677,4865,4335,4090,5350,5789,3367,3169,5231,3043,3384,6258,5895,4915,4324,5672,5241,6501,2144,7230,5355,4269,3194,7161,5048,6490,5464,5219,6212,4553,8517,5238,5626,4346,2238,6782,6780,6565,5860
"COG0669",1812,1404,1364,992,1254,1480,1433,1444,1548,1373,1565,1628,1331,1433,1627,1696,1543,1364,1070,1693,1196,1487,1530,1275,1320,1310,1392,1440,1318,1591,1625,1309,1387,1374,1845,1401,1477,1519,1466,1467,1489,1598,1517,1556,1485,1296,1699,1583,2016,1328,1550,1461,1474,1596,1370,1454,1155,1661,1485,1340,1460,1547,1335,1287,1506,1612,1667,1631,1407,1529,1072,1297,1635,1492,1737,1509,1250,1578,1294,1308,1330,1642,1508,1475,1478,1664,1351,1502,1451,1718,1501,994,1289,1338,1552,1117,1355,1833,1095,1546
"COG0670",811,449,385,348,1537,596,810,1332,768,415,1023,419,577,249,691,1261,366,1321,279,1988,234,425,936,2029,286,615,789,723,411,1052,195,268,567,481,420,192,152,93,496,526,318,1413,602,360,785,278,903,710,513,896,290,2062,194,431,291,350,185,757,684,1123,898,266,354,1087,1198,819,1536,316,930,894,2078,1061,548,281,243,594,126,319,163,688,201,292,551,362,137,935,175,160,285,215,121,406,1339,529,48,403,759,1573,564,1241
"COG0671",2872,1844,1756,2415,2362,2510,2528,3432,3449,1181,2419,2101,1966,1792,2263,2758,2044,2944,1549,4455,1592,1654,2717,3092,1736,2242,2646,2578,2300,2702,1874,1284,2055,2117,2111,1265,1685,1973,2293,2215,1881,3005,1648,2220,2001,1704,2304,2956,2227,2035,648,1245,657,548,557,583,530,809,577,1008,771,577,514,716,832,459,1145,900,1261,841,896,745,593,799,520,591,585,863,423,1051,476,565,975,706,588,857,517,615,528,614,655,476,705,588,871,223,852,993,738,1127
"COG0672",139,99,150,260,715,13,92,180,524,52,120,316,157,12,133,25,59,428,82,41,5,1,11,582,6,2,1,124,59,145,72,65,176,94,13,15,75,31,31,3,59,3,2,6,89,67,15,19,314,74,3,109,19,67,9,9,22,32,62,1020,1452,7,26,20,76,109,10,73,1707,20,841,15,18,83,10,81,90,5,92,395,158,17,78,52,36,43,26,9,43,55,18,126,10,217,5,897,3,34,311,28
"COG0673",7973,10808,11030,11395,10091,9431,7196,7487,11006,8561,9280,10293,10078,10541,8150,6913,6625,8857,14716,8866,11324,8806,8241,6943,12485,7188,7404,9054,10149,8179,11241,11295,9526,13142,9042,9741,9435,12813,10738,7626,7960,10800,8670,9506,9700,10380,8864,6278,9216,7948,7294,6213,9789,11546,11605,9401,14144,10357,9597,10804,7080,8267,10549,7323,9925,7835,5911,9458,4628,6649,7892,9712,11495,11246,7425,8071,11091,6935,12767,8110,10629,8667,8609,8518,12656,5711,11644,9481,10703,8803,9697,15894,9610,9755,10109,7665,7729,6381,11989,5557
"COG0674",3662,9102,8103,6352,6166,8133,7951,9597,5333,11647,8457,8425,8549,10313,10149,8281,11205,5590,8171,10625,7143,11527,9201,8120,10579,8895,8365,8071,9185,11337,10482,11228,7260,8441,8761,11997,10570,8368,9376,9832,12792,11782,11846,10572,9685,7936,11200,7669,8962,10516,7222,11918,9517,8980,8785,7732,7653,10653,12605,2618,2047,10073,8359,8803,9249,8728,9085,8052,12183,10495,3561,9827,10682,8695,9496,8307,6770,10576,10029,4554,9103,9297,8827,6924,11549,10250,11196,8814,10603,11741,8806,8464,9269,10796,7041,7909,9605,10328,7689,9558
"COG0675",18807,1751,9244,13893,2559,3725,8014,10668,4728,8142,2855,2289,2655,1570,6421,1230,2409,4457,1538,5827,1606,1480,1552,6024,1257,1475,10030,1729,2498,6107,791,830,1864,1281,2068,1360,2429,6346,1353,5642,2106,4674,5512,1804,1098,2712,2572,1743,4171,5762,2267,1380,2187,2083,3473,1997,1597,1334,1160,9704,4224,2307,2408,4582,2554,9287,1396,639,9655,2310,2606,12820,609,3732,6386,2181,1041,15923,588,9140,1918,976,1915,3561,3622,1059,1132,2580,1147,4491,7128,1181,2410,4776,3215,31023,3030,3706,827,1612
"COG0676",14,58,133,148,869,10,11,168,267,27,69,269,137,15,153,29,17,392,35,18,1,56,4,350,7,2,50,118,77,120,32,52,343,114,4,8,22,18,49,1,77,4,1,3,41,34,122,16,92,8,0,75,3,41,2,6,13,93,146,124,1878,0,5,7,51,54,20,90,1443,15,628,5,9,114,6,12,20,5,21,482,56,5,92,24,24,21,16,4,13,9,6,84,3,30,7,734,50,14,58,20
"COG0677",345,2675,791,135,1512,1608,599,1012,1167,2100,1584,1691,2540,676,1415,750,974,997,3698,2255,1854,1654,827,1302,2679,1467,1812,946,2519,487,976,4830,1137,2068,2982,862,1679,1001,3065,1723,1441,1553,3106,2269,1625,1506,2167,945,2994,2079,2043,2412,995,2700,1786,3160,1660,1074,1442,219,409,2132,1182,342,1011,1249,2542,717,182,704,2063,534,2467,1100,2042,1205,3996,1273,2273,216,2008,2237,1674,926,4125,1549,2081,1928,1076,2166,1925,3795,1719,2124,815,67,2179,1850,2822,2268
"COG0678",7,1,0,1,2,0,4,1,44,0,2,0,1,1,0,1,0,0,0,3,0,0,3,0,0,0,0,1,1,1,4,0,0,0,3,0,0,0,0,0,0,0,0,0,0,1,0,0,1,2,3,3,0,1,19,2,0,2,1,280,4,1,2,6,9,1,0,2,18,3,0,6,0,0,1,0,0,0,1,12,2,1,3,0,2,12,1,1,1,0,7,0,0,2,2,8,1,1,0,15
"COG0679",6468,2892,2676,4818,2086,3353,5211,4527,4016,1735,2761,2944,1973,2506,3045,3008,3344,3116,929,2671,1787,1896,2583,3177,1756,2844,2865,3093,2675,4557,1453,1351,1821,2307,2602,1431,1755,1465,2731,2807,3299,2386,2173,2634,1694,1477,2456,2756,2803,2028,2512,1899,2677,1733,2415,2270,669,3166,2255,4682,6330,1976,2446,3202,2151,2292,3018,3733,8344,1222,1806,1848,1579,3113,2337,3810,2168,2957,1185,4895,858,1549,2886,3417,1309,2258,1175,1695,1843,1893,3814,1127,2014,2084,2965,7539,1672,3366,2182,2673
"COG0680",335,145,151,150,814,181,20,83,547,369,215,70,209,82,171,36,91,491,186,40,40,196,13,501,39,50,52,156,189,38,52,261,329,370,50,88,109,218,175,205,209,175,130,20,144,189,248,29,205,279,51,112,65,215,73,57,104,129,151,179,138,96,149,106,109,338,46,126,41,74,1074,393,94,77,216,77,83,144,124,42,144,47,110,21,120,48,184,110,120,90,288,135,56,320,15,870,77,166,102,35
"COG0681",4328,4830,4622,3971,2836,4406,4722,3728,4840,4430,5526,5290,4599,5314,4140,3726,4699,3597,4187,3762,5152,5230,3890,3187,5305,4818,4074,4465,5066,4572,5810,5336,3843,5962,5127,4365,4898,6093,4493,4488,4010,4564,4864,4808,5427,5654,4635,5164,4848,4698,5283,4894,5100,5194,5217,5342,5997,4272,4784,3743,4011,5598,4851,5081,4103,3871,4575,5368,3550,4867,2063,4215,5802,4936,4867,3749,5331,4538,4715,4490,5008,5196,6074,4772,5352,4814,4898,5311,4745,5903,5189,4736,6991,4842,6080,2426,4380,3074,3718,4722
"COG0682",755,646,808,897,593,784,946,954,819,707,742,648,726,827,676,972,765,680,587,889,612,693,780,845,723,741,854,749,781,845,873,613,730,786,737,613,606,849,717,868,863,995,608,694,751,785,927,682,710,705,2190,2241,2203,1783,1904,2321,1618,2667,2165,3019,2658,2254,2313,2385,2563,2239,2844,2801,2588,2615,1233,3164,2337,2161,2371,2267,1620,2305,1630,2459,1763,2233,2753,2440,2392,2133,1934,2128,2227,2228,2528,1690,2801,2315,2391,3199,2440,2939,1610,2054
"COG0683",2091,1139,1081,1265,1861,1307,1678,1208,2228,927,889,1823,1222,1431,1932,2080,3427,1919,816,490,1127,1848,1180,1656,1153,1197,1622,1280,1154,1252,745,958,1884,2309,1458,1054,1510,941,1980,1678,3446,552,1851,1454,1321,749,1592,776,2153,1313,1399,507,1090,923,2028,1031,724,1455,1569,2432,2512,993,1125,1449,930,1274,1449,3628,3864,663,3557,908,1398,1289,1015,2290,1663,1740,833,1825,748,971,3050,2214,850,1133,773,609,1085,2774,676,1085,1466,1708,436,3405,1253,862,1755,838
"COG0684",218,360,436,86,582,259,158,330,513,320,318,194,225,353,399,136,164,645,396,48,142,79,148,338,499,260,679,285,336,159,446,586,683,589,420,180,240,82,445,276,591,184,204,176,376,420,248,137,629,521,687,163,182,815,603,292,288,222,285,212,241,212,431,145,167,193,190,393,256,169,1907,60,496,198,721,1073,295,289,223,107,203,89,771,91,482,327,253,354,181,405,54,506,360,112,105,44,168,77,1079,186
"COG0685",2690,2159,2089,2336,1970,2717,2563,2354,2788,2214,2405,2385,2822,2499,2355,2723,2778,2241,2157,2443,2630,2160,2854,2112,2278,2692,2414,2843,2544,2651,2540,2236,2690,1550,2315,2191,2662,3129,2329,2478,2133,2354,2431,2679,2790,2503,2676,2262,2182,2189,2441,2807,2799,2153,2193,2625,2071,2584,2262,1826,1882,2688,2710,2268,2842,2348,2903,2261,2399,2592,1371,2981,2268,2458,2532,2838,2426,2034,1897,2164,2104,2801,2167,3125,2324,2571,2509,2617,2650,2613,2990,1833,1636,2348,2880,1932,2182,2447,1945,2537
"COG0686",340,1203,1163,370,589,1135,539,965,411,2118,771,948,1092,1213,1234,1105,1112,457,1777,1592,1030,959,428,1595,1271,1086,1293,447,1151,739,1354,1716,699,1001,1319,1722,1619,1622,1590,1363,727,2177,1411,1058,1161,1502,1769,833,1218,1045,675,123,1047,1395,1232,1097,1610,1185,1362,1056,197,1174,1052,411,1253,940,928,424,356,1711,147,2471,1497,1082,1415,715,1193,968,1612,81,1708,1064,869,884,2070,436,1932,1022,1324,1506,1328,1443,939,1518,1080,2105,1777,2366,1327,325
"COG0687",2986,2798,2588,3271,2508,2490,3089,2779,3142,1425,2909,2167,2451,2494,2198,2887,2722,3122,2182,824,2266,2241,1492,2742,2338,2825,2988,3171,2856,2647,2572,2301,2470,2399,2776,2064,2599,1848,2251,2339,2575,2284,2679,2620,2471,2059,2360,2889,2498,1516,2950,986,2617,1980,2095,2209,1917,2399,2359,3119,1539,2293,2256,2378,2830,2042,2691,3163,1937,2222,3208,2205,2665,2658,2037,2978,2623,2244,2192,2737,2057,2520,2552,2807,2530,2093,2240,2414,2460,2751,2212,2104,1499,2116,2794,941,2686,2470,1805,1856
"COG0688",1407,839,1061,755,1314,1360,1131,1287,1680,1664,1261,1696,1250,1256,1709,2025,1236,1323,1255,1977,1217,1291,1730,1747,1207,1184,1193,1086,1265,1276,828,2018,1105,772,1177,1160,1269,2335,1490,1475,1024,1922,1334,991,1711,1768,1586,1507,1439,1600,1069,2497,1390,1856,1266,1341,1478,1178,1415,642,663,1589,1086,1266,1682,1686,1766,776,762,1944,1421,1943,1552,1179,1515,1118,1038,1661,1332,1298,1597,1291,901,1079,1383,1426,2081,1857,1418,1702,1281,1595,1032,1465,1332,844,1602,1811,1426,1531
"COG0689",466,160,213,234,1159,157,76,148,840,323,181,240,206,150,221,84,152,604,85,56,33,155,25,658,144,132,97,217,239,246,96,120,612,308,110,199,148,149,136,193,393,152,277,101,111,211,284,40,200,310,55,190,88,258,221,66,57,279,206,271,1173,54,86,138,145,300,92,437,812,125,964,285,50,257,219,110,83,151,72,547,84,242,235,62,133,108,170,97,124,122,201,310,75,308,17,1079,141,125,267,65
"COG0690",242,23,22,20,61,16,50,34,471,38,49,32,35,46,26,328,35,80,18,28,6,22,9,30,15,11,23,47,31,15,9,16,72,81,14,53,33,21,58,11,55,42,119,2,14,66,7,11,33,91,29,43,14,67,32,17,6,48,35,219,17,25,47,51,25,57,37,109,10,43,81,17,18,7,41,28,18,9,18,53,14,16,74,15,27,32,51,36,25,47,29,70,34,80,9,6,53,16,68,27
"COG0691",1427,986,1053,1046,1009,1234,1114,1329,1496,1038,1050,1512,953,1223,1353,1266,1244,886,879,1294,947,1111,1292,968,1090,1250,1369,1042,1247,1318,1049,1200,1064,1398,1533,757,1033,1249,1098,1411,1329,1115,1123,1140,1279,1132,1100,1265,1313,1214,1457,1223,1186,1033,1002,1054,936,1243,1166,1366,1793,1339,1139,1550,1273,1082,1566,1505,1588,1443,600,1182,1128,1325,1121,1363,952,1521,886,1419,1053,1276,1637,1028,1362,1481,1124,1421,1048,1417,949,837,1683,1097,1149,1171,1056,1009,868,1666
"COG0692",1508,1116,1235,810,1140,1689,1175,1343,1536,1486,2149,1639,751,1103,1008,1570,1567,906,1216,1616,1051,1197,1285,1715,1102,1419,1222,1351,1437,1626,1047,1850,897,960,1405,755,1316,1154,1170,1323,851,1857,1802,1453,1540,1159,1147,1225,833,1684,1589,1881,946,1113,802,947,956,1138,1576,1428,1967,1956,1124,1575,1332,1661,1309,1023,1224,1791,858,1672,1026,1062,1043,848,566,1952,1286,1344,1330,1245,986,1079,2301,1545,1491,1394,922,1902,1231,1282,1261,1715,932,2175,1282,1119,948,1492
"COG0693",1372,2199,1824,2056,1935,1442,1747,1811,1916,1819,1950,2073,1803,1782,1463,2071,1773,2184,2397,1860,2185,2147,1634,1820,1555,2115,1728,1761,2136,1819,1701,2563,1854,1387,2384,1829,2385,2347,1889,1996,1893,1836,1748,1718,1923,2433,1686,2466,1771,1824,1657,1494,2270,2209,1909,1940,2123,1795,1879,1877,1448,1972,1939,1597,1713,1720,1884,1502,1312,2275,1991,1776,1932,1702,2098,1839,1918,1429,2277,1525,2174,2127,1412,2083,1756,1637,2551,2024,2399,2183,1873,2643,1419,2066,1893,523,1984,1812,2431,1439
"COG0694",46,79,82,82,382,10,60,106,337,56,99,10,134,12,229,535,16,326,39,17,23,6,26,264,42,25,61,80,37,37,26,87,149,181,58,36,54,18,64,81,195,21,19,29,63,78,17,22,134,31,31,55,57,86,153,25,18,54,38,87,81,26,28,62,55,109,110,61,39,28,624,7,19,57,10,29,41,39,29,75,48,9,122,25,27,74,58,18,35,31,15,89,296,48,15,28,21,17,83,94
"COG0695",11,12,45,36,148,0,9,62,198,16,34,46,42,3,44,2,11,102,14,12,3,0,0,131,1,1,0,24,19,41,7,22,48,19,5,3,12,10,10,2,48,1,0,2,16,17,4,2,38,7,4,58,7,47,24,10,17,16,74,536,1149,4,12,12,64,104,9,55,605,28,513,18,14,77,6,14,18,5,21,366,67,7,99,21,29,35,17,10,11,6,16,123,2,22,9,539,6,28,81,40
"COG0696",2776,2745,2801,2632,2486,3706,3467,3273,2680,3387,2963,3427,3278,3929,3674,4674,3803,3351,2858,5246,2881,4097,3750,4038,3496,4299,3805,3615,3263,3679,3481,2492,3201,4170,3687,3293,3030,2548,3412,3319,3871,4806,4220,3771,3688,2556,4813,3487,3226,3453,3649,5129,3499,3215,3336,2725,2079,4101,4120,1708,1136,3295,3223,3819,5086,3059,4658,4156,2085,4639,2649,4497,3882,3646,2965,3618,3262,4368,2802,2211,2892,3516,4290,3026,4291,4099,3042,3342,3930,3611,3021,2430,4387,3079,3087,2395,4521,4906,2344,3990
"COG0697",7709,6956,8263,5460,12307,8914,7368,9741,10861,10452,9266,8947,6809,7480,10837,10144,8465,8849,8036,8992,7088,8122,8357,11579,8163,7033,8728,7593,8265,10362,7570,9693,8431,7644,8768,8299,7477,10502,9949,10711,9394,11147,9738,8009,9703,9023,9373,6859,10016,9817,6811,13620,7733,9149,8091,8112,7849,9201,10434,8413,7635,8622,7796,8633,10001,10916,8718,6679,10967,9862,10293,11931,8690,8347,9430,7792,6852,8816,8268,6906,8471,7423,9227,6673,9250,6859,9919,8345,8227,9998,7817,8053,6704,9422,6492,12836,9535,11670,9453,7046
"COG0698",2098,1547,1394,1184,1942,1888,1930,1329,1923,1111,1410,1292,1227,1413,1560,1480,1379,1431,1083,1772,1379,1347,1687,1535,1376,1824,1676,1926,1497,1786,1304,991,1718,1359,2077,895,1208,932,1489,1664,2117,1495,1302,1680,1155,858,1744,1683,1772,1226,1858,1489,1371,1139,1462,1503,758,1780,1401,1432,677,1363,1344,1958,1653,1486,2149,1720,1173,1274,1228,1339,973,1397,1321,1595,1130,1993,948,1203,801,1342,1882,1748,1162,2008,861,1362,1163,1086,1617,1213,1718,1186,1117,1734,1375,1785,1363,2031
"COG0699",1651,980,1009,185,2189,1995,937,25,216,162,912,751,597,444,288,119,279,1345,466,31,436,229,636,770,802,315,680,741,207,755,87,351,605,404,100,222,398,146,222,258,282,2998,182,64,579,424,359,286,290,324,1206,149,220,404,339,297,339,168,766,29,337,714,1691,537,252,419,1125,1883,136,27,1860,65,453,133,157,208,1570,546,482,734,730,82,327,93,308,651,483,78,142,103,125,1057,350,303,72,17,551,32,457,204
"COG0700",615,1509,1784,496,900,1413,1210,1369,1479,1779,1992,1473,1495,1655,1337,2235,1606,1199,1913,3153,1586,1654,1703,2230,1323,1776,1880,1584,1556,1852,1736,1812,1062,1574,1352,1655,1873,1573,1644,1612,1270,2657,1740,1381,1689,1770,2188,1352,1220,2057,1294,2289,1490,1750,1608,1381,1595,1601,1868,630,491,1713,1319,1523,2176,1788,2146,1296,899,2597,1043,2372,1887,1215,1263,1057,1599,1823,1523,630,1713,1404,1531,1292,2093,1912,1865,1669,1716,2230,1817,1572,1092,2017,1530,914,2489,2767,1364,1872
"COG0701",984,1232,1037,509,714,495,470,421,716,1115,1096,507,848,899,470,258,319,1326,554,1279,969,766,460,991,589,1283,492,483,389,1132,608,878,830,475,1244,1206,692,742,423,482,488,686,729,861,603,604,723,248,525,638,197,406,568,1101,314,363,554,451,561,1166,642,703,518,810,1261,1069,883,395,1276,1463,1706,314,586,381,878,410,306,364,651,189,512,399,672,231,348,424,517,90,570,316,534,1524,488,537,207,1174,240,1578,1357,243
"COG0702",294,214,510,1640,1845,61,175,1919,633,163,406,25,626,27,382,70,128,1705,291,49,63,207,119,1133,48,102,89,410,272,18,92,376,776,666,62,141,111,68,205,43,215,43,35,96,255,307,46,225,541,239,55,300,181,291,85,65,67,93,215,1486,1045,102,110,137,184,394,103,79,202,52,2076,36,90,130,32,184,104,54,125,716,305,44,321,134,88,48,152,56,111,85,24,778,106,241,48,39,28,40,400,33
"COG0703",2940,1752,2275,2906,1814,2034,3188,2373,2445,1440,2174,2253,1810,2160,2249,2373,2370,2457,1297,2700,1561,1931,2117,2553,1566,2036,2238,2254,2094,2513,2090,1786,2060,1629,2115,1454,1667,1937,2008,2019,2960,2039,1686,2108,1906,1720,2363,2604,2201,1899,1974,2110,2070,1708,1876,2008,1340,2702,1611,2591,3700,1825,1836,2026,2063,1809,2275,2596,3483,2139,1709,1916,1619,2310,2047,2487,1595,2177,1449,2908,1495,1881,2273,2043,1768,2154,1422,2106,1807,2149,2208,1104,1537,1854,2240,2493,1973,2486,1250,2347
"COG0704",2091,1716,1503,1498,1532,1489,1588,1442,1559,1389,1250,1860,1617,1509,1441,978,1643,1591,1233,534,1522,1815,1297,1059,1676,1589,1299,1357,1770,1189,1269,1612,1635,1772,2131,1706,1861,1752,1399,1410,1452,682,1516,1516,1463,1505,1328,1574,1695,1198,1540,356,1739,1549,1560,1479,1399,1206,1367,1668,2157,1858,1581,1433,1069,1223,1096,1896,2122,910,1348,983,1384,1638,1783,2082,1741,1220,1463,1925,1607,1757,1126,1725,1483,1553,1659,1716,1581,1804,1905,1442,1063,1487,1880,2040,1143,775,1309,1159
"COG0705",1562,2544,2005,895,1788,1963,1321,1299,1434,2344,1764,2003,1841,1466,1749,2458,1833,1365,2439,2211,3013,2386,1802,1847,2500,1902,1867,1141,2231,1703,1543,2433,1823,1205,2208,2126,2393,2234,1715,1820,1273,1525,1744,1910,1986,2529,1713,1755,1432,2215,1870,2120,1880,2122,1886,2063,2514,1376,2046,2133,2649,2141,1852,1844,2516,2577,2246,761,1471,2607,1202,2580,2423,2269,1682,1295,2228,1583,2867,1785,2874,2352,1329,1435,2009,1967,2261,2348,1922,2090,1514,3175,2357,1975,1863,1140,2151,1555,2424,2161
"COG0706",2010,1000,1112,1057,1208,1323,1476,1388,1155,1226,1218,1422,1240,1288,1297,1618,1405,1167,917,1580,1047,1256,1523,1273,1149,1479,1437,1314,1292,1405,1304,1054,1223,1239,1145,1197,1338,1298,1176,1368,1145,1448,1174,1388,1258,1041,1406,1287,1146,1217,4048,4857,3692,3148,3391,3735,3055,4226,3619,5067,4882,3983,3982,3891,4532,3167,4272,3808,3963,3659,2802,4001,3720,3721,3353,3669,4685,4145,3541,4638,3403,3718,4256,3827,3781,4044,3844,4037,3511,3586,3559,2602,3801,3613,3518,3591,4051,4570,2321,4385
"COG0707",3448,2812,3566,3641,2774,4079,4002,4066,4042,3149,3114,3016,3013,3484,3229,4142,3287,2882,2227,3831,2756,3145,3433,3601,3187,3232,3296,3568,3368,3744,3425,2539,3445,4725,3566,2895,2882,3063,3196,3777,3618,3364,3071,3394,2679,2690,4077,3760,3047,3328,3870,3645,3426,2346,2687,3200,1974,4056,3398,3576,3568,2950,2975,4358,3745,3335,4305,4242,4099,3680,1983,4008,2877,3400,3277,3658,2752,5152,2663,4131,2247,3315,4639,3458,2871,3530,2698,3338,3401,3228,3545,1798,5856,3489,3988,4438,3065,4169,2285,4404
"COG0708",1729,1608,1644,1453,1309,1677,1951,1958,1254,1588,1673,1695,1050,1361,1579,1855,1556,1246,968,1900,1310,1322,1904,1722,1355,1271,1910,1452,1370,1837,1446,1579,1383,1859,1800,1530,1336,1179,1494,1388,1927,1836,1300,1538,1396,954,1632,1754,1741,1858,1282,2300,1441,1628,1391,1510,839,1649,1670,1987,2282,1443,1368,1771,1638,1510,1878,1555,1808,1696,947,1757,1382,1525,1834,1764,1118,1849,1482,2140,1483,1145,2000,1334,1378,1387,1152,1324,1375,1308,1368,872,1148,1439,1351,2429,1349,1903,1072,1748
"COG0709",589,693,642,968,496,475,1200,768,1113,399,439,308,559,515,625,210,846,924,184,345,304,332,272,707,426,362,340,707,366,543,376,312,469,570,607,322,338,282,369,413,576,184,538,518,358,354,366,995,583,535,239,152,660,320,399,474,170,553,314,894,503,374,451,518,253,531,258,867,1223,370,893,498,302,548,592,1069,172,594,302,1031,209,229,688,717,266,432,255,450,485,405,559,307,320,604,536,1365,229,475,424,285
"COG0710",1410,447,492,819,494,565,1061,1172,742,182,439,337,661,678,646,320,524,830,176,375,541,331,226,437,293,523,359,570,403,500,280,316,710,316,404,257,209,226,303,491,475,121,341,408,340,214,398,785,446,456,378,162,575,231,354,422,146,756,332,1531,425,354,571,478,429,219,733,409,1621,404,897,208,235,377,415,873,111,355,325,941,224,576,438,781,212,522,176,776,533,387,452,85,363,387,492,550,298,435,274,443
"COG0711",1174,1148,1105,909,924,989,1282,1499,1743,1453,1127,1387,1344,1456,1051,1285,1361,1007,937,929,990,1366,1342,1209,1167,1253,826,1174,1192,1429,1282,1045,1186,754,1360,1259,1245,1210,1025,1088,1092,1247,1261,1291,1609,1118,1201,657,1109,1178,965,1542,1152,1082,943,1144,714,1331,1234,1473,1850,1449,1265,1274,1067,1200,1132,1327,1592,999,915,1244,1306,1164,1245,1628,750,1162,963,1394,988,1376,1030,1482,1516,1375,1270,1252,1247,1728,1191,780,896,1324,939,2150,943,1225,792,1243
"COG0712",1539,1244,864,714,875,923,1234,1380,1550,1196,808,1188,953,879,931,816,1301,1135,861,446,925,983,1020,1015,1059,1254,812,1156,1252,848,588,898,911,591,1312,766,1059,744,724,774,752,486,744,1033,892,731,598,980,670,742,1298,296,922,917,1081,939,780,877,913,1700,2152,1105,1099,804,679,903,566,1112,1710,543,909,734,854,974,917,1412,992,912,1061,1551,959,985,776,1200,890,1085,948,1105,879,943,1185,1226,653,914,585,2443,601,745,676,706
"COG0713",30,522,230,33,350,89,63,64,103,444,224,300,209,154,200,102,391,225,405,107,182,364,180,115,460,286,111,103,320,165,224,494,221,131,421,322,387,271,158,78,206,70,379,304,352,242,252,54,199,213,144,147,207,256,220,208,423,95,298,24,51,401,127,229,241,340,75,108,0,128,285,81,409,271,131,205,357,249,417,27,439,307,84,148,499,151,425,357,231,551,190,507,126,241,175,8,227,17,349,105
"COG0714",1122,2086,1526,2108,1391,1475,1788,1188,1132,1494,1532,1534,1390,1852,1176,1499,1598,1684,1297,1489,1651,1987,1597,1338,1712,1547,1412,1698,1536,1520,1358,1378,1542,1368,1359,1942,1582,1045,1406,1239,1279,1334,1534,1621,1338,1314,1616,1607,1197,1112,4915,3769,4237,4677,5244,4268,3831,4756,4164,4213,5319,4899,5721,5122,4541,4023,5768,4779,3588,3546,4885,3914,3873,4438,3941,5706,4213,3748,4335,4443,4337,4821,4005,4521,3353,4617,3307,3781,4399,3632,4440,5296,4740,3499,4754,3209,3872,5334,3784,3966
"COG0715",2695,2395,2017,3301,3636,2463,2669,2292,3599,1554,1804,1686,1705,1785,2590,2073,1762,2006,1880,2621,2149,1774,2684,2129,1544,2010,2374,2144,2155,2166,1952,1435,2882,3447,1922,1827,1793,1243,2536,2440,2126,1777,1989,1776,1111,1828,2075,1802,1955,2512,2434,2455,1980,1910,2042,1766,1758,2404,1530,2082,3014,1537,1747,1832,2493,1700,2938,2724,4284,2137,2090,2058,1294,2002,1493,2680,2159,2055,2009,2757,1224,1569,2502,2795,1102,2065,1503,1793,1990,2010,2794,1882,2360,2528,1332,3340,2375,2762,2515,2128
"COG0716",3894,3391,3789,6657,3129,3379,3046,3011,3757,4622,3827,4168,2871,2897,3418,2829,3598,4042,3256,2276,3297,3409,3266,2523,3257,4119,3241,2933,3284,2859,3983,5050,4357,3014,3715,5171,4649,3946,2966,3371,3961,2355,2915,2981,2982,3364,2826,3359,4677,3346,3929,2709,3193,5187,3021,3943,2995,4013,3274,3705,1387,4663,4016,3112,2876,4944,3209,3725,3296,2532,2891,2574,2256,3492,4847,3169,3370,3582,4273,2815,4239,3330,3179,2889,2598,2632,3177,3111,3012,3493,4227,3478,2809,3651,3036,3359,2826,2449,2929,2499
"COG0717",29,341,182,147,580,72,77,443,244,46,88,318,222,40,286,826,137,278,251,60,19,11,24,405,65,36,18,102,88,269,37,342,138,261,22,47,115,26,96,52,238,81,25,8,123,37,58,313,111,137,51,118,41,180,77,60,34,188,141,163,2901,41,25,78,179,115,86,140,1278,6,473,9,38,118,28,55,25,208,144,430,53,30,189,34,95,42,58,16,69,60,54,566,112,30,4,2002,9,95,158,131
"COG0718",774,508,532,1101,333,752,911,928,1067,307,425,475,403,585,605,572,571,539,169,318,478,464,472,341,441,749,677,647,508,612,548,204,574,1086,801,287,402,309,521,734,885,202,485,565,331,304,433,518,696,401,978,160,521,351,493,481,186,756,381,1085,455,493,531,869,528,360,936,1132,802,320,416,335,324,460,532,646,469,897,266,980,217,578,1248,715,280,725,238,470,429,427,685,197,964,468,564,937,378,465,287,754
"COG0719",5035,4782,3957,1311,4554,4738,3448,5150,3208,5716,4632,4866,5189,5326,4778,4200,4496,3605,4978,6069,4331,5192,5916,5732,5143,4672,4603,4686,4633,5809,4644,4575,4365,4356,4798,5090,4813,5641,4295,4862,4856,5603,4440,4765,4691,5242,5530,3928,4211,4765,4538,6571,4641,4559,4212,4244,4535,4352,5591,4577,5178,4984,4380,4897,5252,5225,6077,4553,6142,4856,2282,5737,5137,4448,5240,2621,5023,5533,4773,2562,4375,4734,5117,4713,5340,5024,5091,4430,4953,5183,5300,4650,6332,5435,5178,6425,5917,5610,3639,4258
"COG0720",1646,802,774,240,644,860,665,604,1044,983,972,912,578,723,873,1007,653,692,685,156,822,1185,1345,524,830,898,885,861,964,1132,640,766,712,439,1015,695,954,1134,795,1986,552,1074,863,846,809,856,622,607,812,539,660,388,739,761,999,1114,584,752,564,514,231,751,1076,809,1084,780,907,869,395,1120,398,1107,739,520,767,393,511,570,719,500,713,964,538,845,949,670,890,779,697,816,1174,958,775,731,619,378,607,373,575,474
"COG0721",1015,314,321,671,374,503,586,611,464,94,230,508,182,385,410,205,352,231,102,196,277,349,392,292,265,510,459,532,314,506,178,104,316,505,512,170,236,153,205,458,659,129,327,441,108,99,288,913,429,251,679,100,382,181,312,272,103,334,228,802,1147,325,464,502,409,196,604,481,1101,266,106,174,160,412,391,243,477,519,165,825,157,389,599,377,161,523,179,396,185,236,416,165,1006,313,431,734,256,262,190,522
"COG0722",1505,914,1451,2447,3169,876,2031,1424,1861,323,1175,1336,1164,817,1175,1232,1155,2892,398,495,804,788,962,2253,673,1044,793,1733,936,1388,1122,722,1620,1136,1355,448,791,562,671,1033,1120,253,599,1159,425,615,591,1389,1108,496,1488,606,869,690,780,840,205,1185,736,3172,5577,661,1000,976,988,624,971,1317,3783,572,3046,245,881,1138,700,631,809,558,606,2532,562,793,1190,1346,401,1034,374,1143,610,779,1017,995,677,903,858,2579,522,666,563,781
"COG0723",55,73,136,363,165,90,44,13,236,39,77,83,104,95,68,34,34,92,31,122,58,49,30,8,92,32,106,216,108,24,26,27,107,463,79,79,89,67,147,410,204,41,168,97,8,42,71,141,38,98,206,9,119,94,107,51,108,122,57,79,56,61,62,458,132,14,260,639,15,216,155,42,37,70,38,125,19,614,185,52,63,187,44,145,21,98,62,130,53,51,102,7,260,114,76,62,43,57,73,103
"COG0724",170,1095,855,158,573,514,147,105,523,783,866,1053,882,809,799,66,672,434,1495,97,1110,984,469,20,1116,424,375,396,1072,101,1099,1659,598,356,892,1024,1273,2324,1011,745,413,608,650,916,1429,1659,712,549,1138,618,547,81,1170,1372,1045,1160,1887,516,525,13,152,1346,916,169,309,814,151,238,286,745,9,605,1219,681,1306,534,1012,686,932,81,1612,1026,296,750,1428,463,1591,1588,1041,1637,1018,1189,979,947,1323,78,548,60,930,372
"COG0725",971,355,522,827,517,475,1048,846,1346,476,378,308,460,478,586,436,707,874,209,268,250,223,227,714,286,375,384,605,400,550,299,363,449,552,521,287,384,405,407,433,618,278,503,363,457,341,275,621,474,664,411,190,567,380,330,458,232,402,301,1141,524,322,418,414,347,614,266,378,1074,387,1139,666,374,461,630,1084,187,583,264,989,180,204,325,579,281,322,360,471,477,367,569,456,366,454,381,1380,231,514,548,299
"COG0726",3763,5672,5957,6239,5860,5425,5605,3810,6424,5298,4799,5852,5263,5262,4580,3242,5435,5322,4852,3910,5451,6056,4929,3633,5646,5632,5294,5214,5109,4878,6336,4919,6401,5917,6476,5506,5967,6402,5023,5698,7396,3198,4475,5059,4440,6062,4835,5623,6083,4196,6776,3008,5064,6747,5441,6098,4864,5261,3742,5737,2179,5631,5697,6311,4859,4083,5510,6981,5310,4412,5375,4086,4667,5000,5937,4443,5573,7909,4485,4729,6548,6372,8018,4620,4466,6069,5220,5123,4764,6432,6167,5722,11646,5099,5893,4326,4396,3478,5325,5740
"COG0727",570,162,104,751,174,61,159,88,299,131,108,396,231,88,83,70,94,183,32,51,148,134,238,130,63,220,101,195,47,76,168,323,138,384,65,75,24,292,134,91,113,27,50,94,93,78,113,125,82,52,153,41,136,188,104,107,119,143,43,671,55,81,155,150,36,72,123,417,122,68,371,38,68,82,103,681,393,77,68,364,45,122,174,455,34,148,64,151,126,165,109,93,43,38,159,128,39,105,59,158
"COG0728",443,219,566,517,1888,144,156,499,1773,222,256,993,451,279,740,896,375,857,248,145,66,352,164,1083,157,244,186,264,431,575,78,363,721,255,272,197,213,86,255,139,639,124,431,110,221,242,353,123,271,304,275,239,289,327,390,118,79,411,357,360,3955,148,191,203,196,296,186,803,3680,237,1065,182,89,1133,363,180,327,184,504,1701,242,80,259,337,186,164,537,275,326,172,470,410,117,424,45,1721,270,172,505,101
"COG0729",1479,177,148,161,797,41,63,53,1183,413,274,17,269,332,176,424,94,898,131,56,18,118,27,597,32,4,5,251,180,17,45,114,270,169,27,251,109,64,102,3,127,235,855,13,127,468,30,39,190,592,2,142,29,772,8,25,49,93,226,363,161,19,290,61,105,252,57,60,3,431,1373,48,45,42,222,35,75,32,119,105,141,49,103,44,44,50,215,314,77,113,158,939,26,352,5,24,207,7,584,42
"COG0730",2106,554,435,707,452,780,902,1822,1797,1003,365,505,392,544,786,2005,974,864,288,253,383,362,425,880,456,322,870,486,540,638,456,487,446,682,410,473,403,656,702,806,1401,436,797,448,480,654,423,338,1054,860,386,345,498,723,582,495,285,673,454,1201,585,532,482,641,1059,1255,820,740,1385,388,801,1068,438,412,776,1150,262,1169,276,1068,405,426,1138,609,540,307,460,507,491,571,786,336,730,859,323,3047,382,886,1119,348
"COG0731",503,942,1137,87,370,1005,568,814,791,1418,1463,1379,827,990,1113,1237,1113,518,1338,1665,945,936,1000,966,1133,845,938,753,1226,1122,1272,1562,639,507,912,1450,1226,1784,1177,1026,740,1909,1483,1157,1586,1265,1310,761,1186,1348,652,2086,1112,1463,1048,1239,1337,856,1086,153,109,1267,923,848,1104,1386,1089,327,315,1811,4,1396,1638,899,1222,652,1131,1010,1207,161,1489,1019,536,608,1560,900,1631,1631,1264,1545,1002,1345,856,1209,914,68,1341,1345,1115,1036
"COG0732",2655,1879,1884,2303,3992,4188,3490,4598,2631,2214,3778,4034,1931,4279,5691,7886,4285,2658,1600,18277,3965,4319,5585,4671,4207,4061,5495,2879,5203,5840,3377,3025,3683,4074,3572,2420,2837,2727,5746,7890,3653,3661,4776,6067,5536,4272,2934,5434,5382,4465,4982,9472,4219,3571,2509,5063,4460,4360,3131,2994,1622,4588,3595,6896,4995,5700,5118,4423,2268,8347,1748,4575,2574,2669,3890,4244,2236,5792,3518,5080,3985,5355,4569,3134,4524,6235,2970,4482,3202,2691,5121,2490,3115,4207,3520,2295,3619,7775,3394,8141
"COG0733",8362,5920,4952,8701,2517,7252,8917,5302,6070,3246,5288,5360,4520,5862,4399,9228,6120,4581,2702,9253,4421,5313,6176,5609,4324,6572,6849,6176,5326,6119,4519,3416,5141,5876,5934,3500,4985,3831,5053,6366,3574,5872,4446,5767,4048,3709,7067,5685,4708,4773,5940,6760,5506,3818,4426,5292,3283,7515,4484,4884,2494,5049,5970,5408,7533,3904,7343,5162,3709,6123,2985,6560,4691,6705,4593,5172,4233,3793,3244,6405,2787,5679,6398,6595,3300,5426,3410,5348,4605,4275,5447,2558,3871,4478,7313,3737,5710,8520,3025,5641
"COG0735",3095,2472,2482,2049,1488,2642,2681,2411,2528,2374,2389,2415,1940,2215,2648,2980,1996,1966,2476,3425,2274,2584,2866,1953,2366,2492,2584,2190,2410,2592,2503,2124,1966,1948,2859,2042,2375,2779,2332,2644,2159,2692,2075,2375,2634,2820,2359,2328,2849,2341,2244,2770,2428,2429,2386,2531,2161,2294,2055,2626,1510,2787,2132,2174,2951,2447,3277,1773,2434,3080,1298,3158,2567,2192,2268,2236,2510,2355,1823,1923,2271,2162,2308,2021,2389,2885,2360,2653,2114,2464,2544,2445,2852,2234,2180,1561,1851,2447,1997,3089
"COG0736",546,213,239,165,605,265,210,727,546,248,196,374,286,262,308,189,291,349,80,107,301,143,123,441,204,240,316,297,219,414,329,136,338,442,174,155,102,165,193,256,637,122,178,248,285,116,253,157,271,208,266,73,210,229,193,243,87,459,181,750,1039,230,224,459,176,226,297,282,1137,134,434,282,178,309,225,371,75,567,77,778,108,345,505,397,126,284,148,221,228,161,271,202,609,194,112,1016,179,230,231,265
"COG0737",1282,4806,4452,2736,3443,3569,3468,4896,5454,5865,6443,4511,5420,5041,4527,4999,5200,4265,5853,7354,5057,5177,4343,5488,4866,3739,3892,5005,4743,4527,4943,5261,3806,3211,4070,4713,5124,5841,5148,3835,3524,6957,4583,5404,6661,5558,5638,3158,4694,4915,2921,6574,4776,4698,4461,4344,5393,4262,6254,3083,3055,4753,3836,3925,5268,5426,4576,3845,1490,7505,3513,6923,6267,4311,4197,4525,3779,3644,4905,5127,5034,4879,3942,5122,6284,4325,6003,5007,5709,5910,4483,5650,2989,5470,3807,2536,4817,6439,4272,4098
"COG0738",897,6912,6372,990,3465,6686,3492,5485,3133,8602,8966,7184,6695,6607,5895,8432,5745,3458,10826,8810,8430,8455,7244,7615,8407,4814,5994,5093,6065,6861,6924,8991,4091,3353,5943,10185,8287,9275,6411,5055,4238,12121,7468,7301,10075,10142,7674,5597,5344,8960,3770,11440,6667,8565,7775,7185,11159,4629,8481,339,1213,8478,6477,5902,9580,8235,7280,2512,2833,10204,670,12480,11148,5653,7988,5031,10555,6179,9653,1227,10186,7745,3195,4909,8841,6734,9419,7274,8137,7772,6803,10107,5010,7727,7419,4396,8614,10170,9005,7002
"COG0739",5302,8168,8625,4938,5547,9738,7279,4759,6315,11061,12676,10965,9800,10985,10227,11068,9348,5851,9019,4609,10368,10608,9805,7927,11295,9550,8842,9534,10977,9423,14427,10785,8971,11982,9029,11046,10812,10839,10981,11769,9771,9231,12457,10178,10092,8004,9204,6505,10781,10239,12332,11184,10399,9984,12158,11735,11914,10629,11497,2857,3604,11490,10761,13122,8627,9371,9899,10240,4146,10431,3198,10459,11036,11128,10858,11059,9395,14130,11723,4893,10870,13462,12690,9378,13292,12339,10224,9274,12065,12315,10346,8566,16697,10733,8681,4776,6084,4390,8797,13687
"COG0740",2379,1852,2822,3281,2447,3370,2815,3389,2773,3717,2235,3186,4452,3366,3403,4143,3306,2411,1400,2273,3021,3584,3017,2169,2865,3671,3268,2906,2545,3256,2459,1687,2522,3896,3586,2643,3832,2338,2894,3239,2496,2561,2484,3593,2867,2211,3591,3899,3172,2234,3987,3113,2953,2119,3009,3628,1436,4200,3178,2470,3751,3113,3137,4045,2925,2599,4806,5675,2986,3917,1749,2613,2975,3613,2364,3115,2598,3117,2410,2794,1666,4317,3925,2994,1810,4202,1727,3122,2868,2489,3064,1945,4095,2678,2717,3077,2699,2635,1783,3551
"COG0741",4034,3252,3031,6000,5964,3155,2852,2936,2805,3872,4010,2983,3712,3110,3025,4058,3890,4726,3093,2386,3240,3056,3274,3140,2811,2692,2564,3797,3795,3480,2956,3697,3614,3071,2515,3201,3272,2342,2761,2402,3044,3097,3304,2682,3488,2893,2269,4220,2938,3760,2396,4043,2716,3491,3357,2414,2398,2641,3179,3329,1999,2787,3686,2997,2598,4147,2399,1928,2702,2167,7524,2557,2900,3612,2580,2638,2152,3126,3396,5367,3279,2869,2189,2799,3389,3323,3077,3113,2862,2929,2659,3235,3000,3319,3607,1641,2238,2432,2261,3534
"COG0742",1492,961,1174,1197,1009,1609,1427,1896,1764,1340,1270,1602,1506,1524,1465,1774,1523,1105,1232,2042,1414,1475,1497,1495,1563,1399,1569,1342,1528,1826,1500,1149,1199,1384,1615,1104,1426,1745,1507,1596,1368,1771,1435,1624,1853,1516,1709,1449,1487,1437,1615,1886,1354,1277,1259,1486,1244,1638,1335,1391,1747,1628,1301,1831,1484,1617,1616,1670,1720,1626,647,1681,1630,1499,1337,1616,1319,1777,1054,1445,1277,1493,1781,1467,1599,1572,1530,1661,1495,1624,1532,1339,1838,1429,1489,1606,1560,1872,1097,1774
"COG0743",2020,2494,2450,2061,2081,2530,2486,2474,2422,2678,2328,2793,2622,2850,2520,2932,3008,2392,2202,2783,2256,2556,2570,2805,2651,2813,2429,2587,2562,2881,2787,2417,2515,2100,2743,2932,2498,2561,2451,2460,2990,2946,2845,2759,2914,2656,2807,2142,2623,2729,2502,3131,2450,2489,2348,2407,1800,2958,3166,1261,2387,2718,2723,2090,2754,1938,2606,2979,2347,2912,1758,2645,2835,2713,2364,2624,2479,2365,2554,2245,2325,2638,2271,2869,2825,2748,2748,2449,2888,2740,2428,1715,1689,2846,2424,2224,2538,2775,2061,2710
"COG0744",6432,3723,2601,3177,5639,3843,3706,5505,4107,2261,3363,2979,3061,3640,3478,3702,2833,4202,3035,2689,3095,2905,3640,3968,3814,3652,3272,4831,4728,4549,3086,2581,4276,6214,3374,2266,2745,1848,3133,3877,4036,2554,2978,4083,2761,2879,3909,2568,2595,2890,3922,2502,3041,2746,3732,2952,2923,4311,3787,9652,6244,2973,4197,5533,3338,2124,4960,5204,5148,2018,3992,2251,2349,3444,2686,4082,1810,4764,3196,4638,2441,4594,6195,4248,1718,4563,2012,1678,2957,2872,3350,3708,10099,2770,2493,4649,2686,3064,2801,5034
"COG0745",26640,34162,38335,33487,20413,34973,31245,24870,30114,34058,32955,38236,34091,37399,29671,35188,37370,27250,39367,24631,50755,35627,34692,21779,44709,37446,34431,32083,32557,31996,36602,41405,35539,31699,45640,39583,38036,46212,35187,30788,34984,29418,31044,45094,36335,44184,30824,40804,35683,29410,35461,19009,38470,41686,43801,42653,39087,28821,38550,26939,21865,41751,41044,32988,38377,45306,34976,30571,23683,36165,21403,42240,35674,34659,40115,31753,44136,31550,44182,27837,44966,43097,31337,30601,37220,28638,39364,42632,34680,34974,36637,42444,30873,28781,41744,17886,38580,28026,44756,26530
"COG0746",644,176,255,250,414,175,262,477,485,121,225,103,220,145,342,45,144,494,126,180,108,59,83,419,61,187,222,262,175,207,117,174,254,153,254,104,176,136,94,108,229,50,221,51,77,139,56,224,183,271,305,95,148,197,87,231,92,99,116,641,204,96,105,41,164,126,77,92,747,251,823,68,66,73,147,87,56,186,209,116,147,77,76,224,106,166,104,266,94,252,99,142,111,300,74,233,82,75,363,207
"COG0747",7065,4543,5328,8277,7459,3177,6279,4222,9364,2564,3295,4087,3081,3255,3211,1627,2841,6177,2099,1003,2078,3211,1604,6078,2824,3502,2872,3101,3115,3230,2673,2285,5411,7544,4453,3690,3261,1884,3876,3565,6019,1492,6959,3147,1945,4158,1932,2249,4710,3912,3206,1993,2838,4228,3429,2545,1956,4236,3228,8032,14050,3025,2221,3303,2440,3002,2310,7366,11320,2946,10389,1665,2409,4024,2552,3202,2144,4359,1728,9025,1531,2997,7452,3049,2140,2594,3840,2600,2096,4100,2221,4104,2889,5161,2060,11471,3507,2129,10281,2842
"COG0749",4639,4252,4174,6435,4461,5431,5966,7828,3800,7592,3618,4803,4064,5160,4905,20471,6554,4848,29244,7552,4447,8438,5737,7365,5329,6690,6211,4702,4977,5848,4946,3831,4928,6553,4612,3772,4147,2774,7603,8034,7851,5464,6432,5723,4080,3701,6226,4685,4602,5484,12161,6345,4607,3775,4765,4424,9131,6680,5535,4759,6835,5336,6113,6264,6703,6980,6744,7018,6242,6243,3702,5116,4426,5079,4145,4756,3566,10020,4041,7193,4502,5879,6805,4830,4725,5605,5404,5001,4972,4144,4026,4577,12027,5130,4225,4687,5912,7208,4045,6467
"COG0750",3601,2777,2714,4182,2668,3851,3924,3431,3799,2377,2676,3009,3007,3427,3085,4232,3488,3282,1711,3788,3008,3106,3581,3209,3052,4091,3824,3856,3437,3424,3156,2184,3214,4767,3707,1932,2468,2127,3260,3854,4183,2897,3087,3668,2878,2153,3339,3427,3097,2887,4522,4166,3027,2376,3011,2955,1399,4101,3352,3914,1551,3181,3185,4434,4250,2763,4788,4832,2395,3954,2591,3860,2698,3482,2509,3857,2603,4688,2223,3449,2095,3611,5248,3824,2954,4118,2200,3302,3008,2946,3253,1822,5508,2994,2795,2670,3303,3724,1646,4749
"COG0751",2313,291,300,246,1015,461,226,1865,1350,713,409,179,331,267,828,1491,297,906,253,176,113,131,235,949,203,77,297,316,475,511,168,415,356,221,109,439,319,362,626,635,1326,409,841,110,239,365,222,109,800,696,122,384,181,558,328,145,246,607,546,2418,624,155,239,204,246,830,220,440,1440,358,1316,691,261,189,555,280,176,513,306,997,199,152,402,96,267,159,533,208,229,319,431,633,312,785,21,2036,274,384,848,185
"COG0752",1061,180,147,135,552,210,119,985,777,364,229,96,156,73,374,711,177,478,136,112,51,49,101,454,120,26,139,162,208,270,106,205,182,138,50,224,174,179,253,307,642,174,300,40,115,214,113,57,364,393,69,184,91,260,208,79,102,277,263,1094,293,103,119,94,129,363,115,236,687,128,673,356,106,101,259,159,99,232,133,489,97,74,226,55,140,76,228,89,131,173,251,338,152,441,6,993,147,218,394,106
"COG0753",143,1092,285,135,1860,364,120,244,362,788,1377,464,634,343,465,162,129,743,1315,27,490,1164,209,406,1162,870,306,710,474,793,98,1003,1261,783,837,435,517,286,763,435,512,648,802,630,592,866,707,236,537,623,347,435,421,1041,782,517,1140,491,1123,374,288,576,519,762,309,1132,219,387,12,238,1052,40,696,368,415,186,405,575,674,167,726,565,344,359,473,342,706,156,649,168,480,1669,530,711,155,28,318,84,678,245
"COG0754",303,220,363,306,1765,74,103,152,1081,271,1236,259,644,80,394,93,106,1738,241,68,45,19,69,1225,34,61,67,749,273,311,115,351,777,464,33,174,177,258,203,109,725,529,85,170,614,432,102,206,485,227,11,246,91,289,54,105,180,120,269,469,510,70,98,784,235,685,80,30,47,159,2944,58,176,92,115,113,96,209,145,243,309,83,340,87,129,221,186,81,166,135,248,390,29,370,112,23,44,109,300,173
"COG0755",392,2909,2338,83,1836,1948,849,1175,730,3356,3285,1952,1152,2203,1864,2117,2618,1255,4542,2141,3165,2913,2296,1623,2757,1940,1427,1742,1995,2401,2837,2823,2088,1555,1797,3722,2495,2097,2388,1620,1788,3219,3042,2504,2752,2011,2921,1779,1372,2568,1035,3677,1294,3548,2031,2105,2357,1281,2998,130,285,2139,2383,2573,1354,2567,1587,725,57,1642,586,414,2873,2261,2595,1441,2534,703,3626,152,3328,2565,1032,759,3024,1975,2070,3366,2081,1770,1987,3021,1579,2092,1628,93,3065,2053,3342,2088
"COG0756",1461,1371,1335,1320,3118,2131,1536,1456,1402,2009,1310,1631,1312,1270,1483,6126,1609,1214,4194,2776,1313,2106,2164,1606,1414,2181,2199,1271,1304,1631,1134,1107,1141,2020,2684,1341,1359,1147,2339,3587,2052,1269,2401,1394,1191,1074,2989,2336,1931,1543,3052,1636,1554,3109,1650,1278,931,3178,1424,1537,1781,2029,1216,1750,1647,1786,2504,1980,1680,1346,767,1147,1476,1216,1154,1302,2281,2907,1078,1712,2920,1621,1839,1230,1821,1488,1489,6576,1514,4541,1882,1152,2860,1291,3188,1293,1810,1269,1066,1574
"COG0757",146,793,708,405,492,1024,714,836,1051,942,1085,1063,746,890,1109,1714,1003,477,1022,2173,872,1032,909,1450,1115,981,1379,891,961,1078,1044,769,755,721,1121,814,830,924,1152,981,1036,1637,832,1090,1147,885,1360,904,977,900,302,462,290,270,237,321,301,336,365,55,353,376,242,371,498,379,406,381,212,548,9,624,300,325,255,313,349,311,303,209,310,299,367,267,367,368,277,333,277,271,323,332,205,284,207,281,401,557,269,479
"COG0758",2694,2174,2375,1687,1857,2670,2315,2163,2497,2580,2962,2508,2722,2952,2213,2374,2147,2125,2324,3833,2029,2872,2723,2897,2684,2257,1857,2589,2419,2699,3067,1913,2141,2874,2538,2591,2534,2537,2619,2283,2471,2419,2820,2887,2679,2757,3039,3618,2344,2602,1817,2990,2753,2210,2300,2505,2077,3003,2592,2131,2293,2608,3212,2859,2929,2794,3088,2474,2900,2285,1477,2605,2767,2225,2480,2461,1766,2966,2303,1827,2007,2699,3022,2220,1996,3252,2324,2650,3208,2754,2625,2725,3133,3436,2183,2683,1884,2653,1965,4834
"COG0759",832,376,568,547,324,714,686,393,866,611,388,769,610,600,526,761,700,470,307,319,423,576,451,409,538,561,637,539,621,462,790,414,548,665,699,463,597,790,575,717,562,349,572,628,631,450,548,578,636,692,733,318,684,515,546,636,331,586,401,716,661,790,576,645,771,354,614,552,407,771,73,1029,567,701,650,832,372,926,334,817,481,713,741,708,603,835,622,840,646,833,732,186,830,661,685,1075,393,360,271,850
"COG0760",2915,2053,3159,781,3582,2655,1953,3313,4011,5424,3409,3149,2226,3256,3833,6238,3525,3340,3772,5313,2758,4418,3813,4842,3199,3103,4054,2863,4140,3314,3541,4496,3371,3244,3053,3720,3559,3704,3860,3188,3785,4887,3589,3044,3580,3147,3612,2067,3658,3647,2774,4709,2461,3940,3538,3001,2690,3547,4306,2089,1225,4304,2783,3068,4889,4538,3259,3050,618,5316,3151,5853,3411,2738,2995,2097,2348,3169,3593,1545,4105,3076,3520,1977,4582,3416,4077,3446,3159,3642,2668,3387,3247,4051,1505,251,3619,4076,2114,3415
"COG0761",1856,2147,1863,2130,2000,2886,2408,2609,2102,2109,2142,2839,2693,2977,3198,3097,2359,1934,1976,2848,2132,2547,2769,2459,2611,2798,2771,2410,2151,2876,2862,1798,2407,2614,2586,1980,2035,2383,2800,2962,2974,2728,2333,2531,2540,2164,2948,2713,2874,2230,2650,2671,2686,2255,2293,2634,2086,3627,2823,981,2333,2478,2638,2776,2673,2314,3290,4177,3252,2455,1268,2503,2630,2818,2625,2691,1706,2579,1876,2195,1790,3057,2820,2581,1975,2660,1985,2206,2840,2232,2531,1690,2386,2200,2243,2646,2473,3166,2043,2816
"COG0762",544,52,75,126,539,12,41,121,400,85,120,117,130,45,143,458,56,397,75,37,13,16,17,315,27,26,51,130,90,94,19,60,186,79,30,17,19,38,44,30,133,51,84,9,73,108,18,21,101,132,13,111,27,92,85,29,15,72,74,375,417,36,46,18,58,78,20,39,458,49,590,7,32,55,39,30,31,43,12,146,50,18,72,8,43,40,53,50,55,52,40,114,42,59,4,11,16,20,72,39
"COG0763",606,1027,1055,240,1235,1511,756,1716,1010,1842,1481,1442,1064,1220,1833,2571,1196,858,1758,3173,1119,1617,1599,2220,1402,920,1430,1034,1454,1416,1302,1728,988,594,1025,1553,1337,1862,1951,1559,964,3011,1735,1348,1750,1476,2335,1179,1342,1906,769,2871,1185,1500,1605,1244,1872,1567,1870,316,248,1338,955,1272,1379,2416,1511,598,806,1917,647,2729,1750,1111,1339,732,1340,1408,1424,178,1534,1419,920,692,1858,1124,1723,1424,1536,1715,1125,1426,1131,1790,1125,1593,2148,2800,1662,1393
"COG0764",2432,2182,1950,1236,1583,1916,1627,2379,1778,2483,2202,2032,1635,2045,1964,2703,2177,1600,2345,2544,1890,2249,2494,2300,2516,2152,1908,2047,2078,2418,2167,2156,1810,1325,2059,2715,2356,1956,2022,2107,1684,2634,2306,2171,2219,1815,2704,1841,1895,2677,1618,4018,1888,2162,2230,1887,1896,2076,2394,1821,861,2198,2173,2197,2178,2081,1965,1383,1000,2334,1124,1873,2250,1985,2091,1628,1906,2105,2285,1387,2212,2237,1412,1458,2618,2378,2068,1901,2151,2159,1869,2353,1830,2044,2045,1170,2117,2411,1353,2526
"COG0765",9952,3462,3266,6299,5659,4646,6916,9198,7195,1927,2903,4690,3483,4019,4453,5025,4096,4752,1491,3881,3087,3187,3731,5846,2803,4964,4918,5072,3451,5435,3012,1424,5295,4119,5313,1800,2586,1894,3394,4562,5162,3159,2898,3860,2113,2012,4006,5174,4353,3034,5527,1445,3726,2573,2847,3346,929,6169,3111,12666,13149,3214,4505,3936,4918,2104,5059,6500,10502,2722,4913,3569,2062,4168,3366,4509,4251,3768,1761,10272,1521,3520,5949,5138,1723,4708,1441,3150,3081,2942,4799,1437,2912,2876,3046,8531,4046,5621,1958,3941
"COG0766",4923,3320,3113,4787,3043,3872,4595,4364,3908,2966,3415,3585,3334,4107,3150,3996,3920,3515,2247,3718,3097,3788,3306,3691,3511,4258,3858,4328,3745,4089,4025,2556,3695,5166,4296,3173,3287,2436,3383,3646,4295,3550,4004,3696,2964,2482,4198,3266,3169,3555,4355,3285,3232,2997,3293,3133,1761,4358,3949,5659,3941,3397,3436,4709,4037,2988,4618,5133,4032,3390,2514,4172,2926,3952,3317,4546,3218,5167,2738,4437,2381,3757,5430,3470,3143,4098,2720,2974,3493,3164,3687,2284,5693,3403,3259,4900,3437,4399,2009,4642
"COG0767",679,810,973,223,1243,1048,397,932,848,1681,1468,848,1211,1043,1560,2313,846,883,1554,2084,916,1033,1761,1875,1090,1028,1323,928,935,1178,971,1429,959,601,844,1318,1059,1572,1418,1407,822,1905,1135,794,1403,1509,1454,953,1310,1542,627,2416,974,1396,1332,1074,1318,1256,1631,223,271,1169,1055,915,1616,1576,1121,524,569,1797,872,2197,1081,866,1339,645,922,1073,1345,205,1195,942,792,725,1486,1052,1498,981,1264,1148,1179,1240,793,1428,784,1029,1584,1206,1195,1207
"COG0768",12807,10924,10107,12116,7452,12067,13758,12754,12044,10151,9471,10346,10715,13039,9954,12985,13299,10403,7580,15627,10778,10966,11385,12195,11249,12496,11850,12450,11540,13154,12010,8234,10900,14644,11125,8874,9655,9155,10287,12238,13330,9788,10646,12592,10310,9189,12755,12912,9858,11069,14132,12789,11615,8723,9986,10570,7980,14255,10626,12564,10991,11077,10934,14678,11631,9846,14410,14188,12493,9841,6918,10951,10105,12587,10496,13549,9589,15181,9056,15159,8093,12294,15378,13739,10049,13268,10018,12452,11280,10048,10994,8013,16498,10810,11514,12980,10763,13703,7721,14807
"COG0769",4681,3082,3779,5276,3426,4615,4709,5480,3585,3326,3545,4272,3625,4359,3785,4962,4519,3492,2806,4177,3410,4227,4473,4669,4061,4662,4146,4083,4011,5141,4427,2975,4140,7180,4523,3301,3539,3039,3706,4559,4800,4022,4037,4479,3551,2679,4739,3653,3777,3934,4625,5277,3819,3138,3412,3224,2654,5525,4731,6500,6853,3699,4141,5713,4690,3282,5676,5559,5460,4178,2066,4067,3401,4823,3368,3965,3259,5403,3156,5473,2783,4538,6294,3509,3561,4860,3044,3732,3922,3400,3918,2497,5412,3464,3987,4348,3838,4654,2509,5064
"COG0770",3745,4491,4970,3640,3158,5005,4487,6066,3488,5902,5294,6056,4776,5240,4858,6155,6094,3321,4931,7819,4470,6130,5838,5339,5467,5064,5162,4877,5748,5802,5568,5843,4187,4859,5324,5468,5833,5754,5559,5017,4329,7793,5848,5562,6479,4784,7147,4011,4475,5587,4504,8038,5070,5217,5351,4962,4986,5684,6498,3673,4450,6035,4858,5534,6178,5677,6202,3901,3736,6931,1672,6866,5901,5433,4803,4645,4891,5824,5344,3843,5503,5747,4861,4585,6369,5577,6316,6186,5706,6376,4832,4967,6023,5695,4898,3731,6379,7610,3515,6237
"COG0771",3305,2847,2742,3023,2545,3179,3367,3483,2717,2934,2927,3083,2856,3211,2950,3721,3511,2694,2546,3083,2506,2908,3519,3328,2739,3239,2845,3369,3428,3457,3117,2461,2847,3628,2922,2410,2599,2269,2803,2927,3422,3044,2965,2750,3005,2302,2843,3144,2703,3192,3171,4456,2817,2508,2664,2536,2059,3473,3391,3050,3463,2672,2934,3789,3573,3254,3616,3502,3403,3515,2072,3442,2753,3070,2631,3152,1962,3736,2575,3341,2368,2952,3455,3201,3298,3744,2622,3083,2900,3181,2936,2667,4317,3248,2526,3594,2983,3378,2372,3608
"COG0772",6651,6063,5494,8117,4636,7754,8314,7542,5997,5643,5778,6171,5471,6352,6591,8057,6858,6118,4240,8376,5878,6335,6753,7576,6183,7178,8056,6533,5991,8193,6279,4816,6330,8024,6936,5494,5572,4749,6592,8019,7935,6317,6165,6540,5051,4449,7721,6555,6521,6329,7471,8432,6318,5412,6085,5701,4090,8061,6556,7319,5474,5355,6379,8081,7456,6297,9476,8344,8000,6709,3997,7040,5005,7559,5648,7209,5433,8139,4902,7698,4518,6870,8461,6769,4816,7632,4611,5522,6150,4805,6358,4306,8841,5758,7383,6766,6422,8244,3869,8279
"COG0773",3503,2937,3365,3331,3783,3474,4085,4524,3811,3336,3619,2879,3278,3642,3130,5121,3617,3652,2701,4904,2961,3377,3675,4472,2912,3419,3727,3531,3781,3930,3495,3017,3799,4076,2909,3309,3100,2629,3417,3430,3595,4140,3268,3046,3078,2801,4317,3382,2832,3869,3240,4729,3076,2978,2935,2903,2216,4053,3717,3954,3785,3053,3356,3647,3927,3186,4427,3537,3286,3739,2940,3754,3021,3254,3034,3610,2570,3750,3153,3465,2605,3109,4435,3209,3142,3898,2990,2915,3275,2864,3113,2665,3979,3854,2883,3608,3899,4803,2275,4187
"COG0774",631,1470,1409,168,1295,1465,575,1314,1006,2608,1795,1550,1190,1573,1831,2293,1712,1003,2102,2282,1437,1976,1989,2214,1989,1341,1527,1174,1502,1947,1819,2107,1340,823,1383,2546,1944,1875,1727,1537,1231,2696,2074,1531,2059,1580,2335,1017,1546,2431,879,3931,1236,1919,1798,1424,1763,1658,2333,241,249,1788,1363,1404,1572,2058,1567,758,700,2086,773,1867,1912,1333,1800,969,1614,1463,2058,185,2136,1556,939,705,2446,1711,2127,1587,1763,1930,1366,1821,1167,1930,1031,1248,1979,2195,1838,1982
"COG0775",1709,3044,2739,2323,2201,2382,2327,1971,2585,2533,3084,3028,2950,2465,2051,2043,2806,2521,2451,2130,2375,2982,2349,2225,2833,2183,1850,2644,2833,2302,2900,2811,2231,1737,3260,3007,3164,3333,1981,2010,1807,2662,2967,2877,3316,2968,2722,2162,2281,2352,2006,2364,2800,2959,2363,2479,2584,2030,2319,2192,2787,3173,2277,2229,2373,2443,2303,1432,2098,2393,2861,1995,3383,2781,2739,2589,2966,2444,2524,2191,2872,2935,1712,2424,3055,2623,3269,2930,2956,3688,2645,2521,1905,2606,2526,1386,2159,2025,2289,2883
"COG0776",1819,2250,1967,1118,2204,2263,1711,1856,2707,2697,2178,3702,1744,2004,3355,3277,2130,2058,2870,3971,2844,2117,2531,2656,2583,1990,3017,1592,2378,2192,2483,3630,2140,3023,2863,1877,2858,3441,2705,3149,1594,2781,2547,2139,2849,2436,2494,2409,3398,2830,2564,2077,2912,2600,2207,3363,3445,2283,1838,1213,1406,3622,2053,2499,2769,3037,2681,1667,1388,3593,1602,3098,2513,2907,3217,2092,4017,2768,2894,1423,3385,3180,2276,2065,3621,2829,3053,3564,2651,3113,2359,2664,3116,2775,2265,1622,2328,2315,3242,3783
"COG0777",2574,1210,1187,2149,653,1455,2151,1815,1997,354,891,883,994,1105,733,916,1487,1702,474,505,836,689,1113,648,759,1360,1205,1736,1170,1186,740,440,1155,784,1050,550,1009,483,890,1147,1028,348,1136,1281,568,806,644,1640,851,729,1498,394,1247,767,1067,1091,299,778,606,2451,1187,960,1285,1496,956,566,1186,1169,1209,582,1768,340,415,1024,925,1493,927,1287,600,2063,444,857,947,1669,445,1504,529,1032,834,943,1527,564,1386,1075,1487,917,704,659,830,1493
"COG0778",5127,6875,5634,4815,5682,5641,5153,6642,5363,6364,6962,6940,4586,5501,6341,7107,6094,4570,7671,7868,5616,5961,5991,5585,6302,5109,5462,4999,6531,6335,5657,7349,4944,4152,6591,5358,5715,7038,6724,6255,5745,7363,6044,5476,6906,6834,6575,4999,5979,6403,4974,6881,5090,7663,6643,5805,6912,6567,6783,4498,4050,6230,5373,5050,5400,6656,6553,5311,5364,8024,3479,6990,6454,5843,5466,4660,5623,5656,6415,4881,6631,5235,5061,4326,7279,5323,6636,6041,5441,7546,5918,6949,4732,6297,4897,3837,6802,7457,5788,5644
"COG0779",1442,660,581,834,645,888,1036,876,1075,324,501,665,524,669,684,782,673,913,258,421,524,514,632,517,512,888,797,914,661,740,561,285,589,1189,957,317,441,325,610,861,634,232,422,740,350,365,462,956,768,458,1123,163,730,478,526,612,230,912,399,1410,491,539,746,1135,591,433,741,1384,848,331,937,349,269,831,637,882,651,918,290,1084,247,736,1290,789,330,784,278,569,431,409,623,286,877,442,799,812,387,467,454,703
"COG0780",1366,774,953,256,979,1161,742,1101,984,1186,1073,1039,866,818,1212,1532,777,1039,1096,1567,801,880,1193,1174,898,762,844,801,1157,1098,876,1138,788,484,749,892,1046,1522,1042,1319,590,1572,832,888,1272,1163,1143,940,1074,1017,248,456,273,296,275,286,398,269,265,159,82,318,360,310,330,451,370,248,263,447,273,394,337,209,326,204,272,281,269,205,369,325,196,248,411,292,395,308,284,431,390,331,257,338,283,377,374,459,293,330
"COG0781",1049,1386,1236,757,1780,1556,1238,1740,1352,1253,1682,1800,889,1300,1957,1585,1415,1211,1349,1533,1331,1424,1383,1555,1544,1732,1647,1365,1577,1791,1074,1699,1366,1658,1818,863,1233,1073,1795,1593,1499,2021,1240,1596,1678,1044,1480,1666,1674,1415,1702,856,1271,1434,1550,1415,1022,1632,1789,1393,1710,1602,1201,1805,1587,2073,2285,1486,1193,1560,1002,1146,1347,1634,1070,1427,1078,2099,1364,1239,1632,1573,1891,1112,1881,1495,1354,1685,1198,1536,1115,1403,1836,1435,1116,1209,1504,1623,1198,1821
"COG0782",2703,1757,1912,2183,2426,2412,2834,2633,2596,1358,2180,2095,1607,2051,2384,2839,1697,2444,1321,2717,1543,1996,2621,2134,1747,2228,2484,2310,1970,2308,1818,1654,2380,2224,2483,1275,1721,2036,2235,2486,1837,2259,1466,1965,1853,1887,2536,2839,2722,1876,2262,3122,2172,1811,1863,2033,1256,2271,1734,2727,2277,2115,1717,2369,2286,2207,2827,2064,1965,2029,2331,1848,1563,1947,2131,1791,1965,2297,1252,2644,1565,1921,2650,2012,1624,2285,1484,2144,1690,1859,2083,750,2373,1849,2081,1401,2097,2327,1197,2316
"COG0783",911,726,634,282,776,359,43,373,382,899,694,669,386,474,428,322,627,522,883,161,765,598,462,288,650,372,324,229,640,301,668,1179,578,330,631,1107,930,696,738,519,366,291,610,486,482,478,337,292,713,429,333,161,504,1243,658,1240,797,730,668,936,694,807,611,415,185,603,147,421,685,240,641,105,649,523,945,371,1338,326,956,378,1289,609,350,305,601,371,807,658,591,780,633,864,833,618,248,79,279,216,796,296
"COG0784",14475,14882,17436,23907,10269,14175,21536,7107,14324,8341,12283,12273,17678,13569,10474,8076,11663,17530,16054,5154,21797,10409,13305,9597,12805,14295,11961,15226,14513,9075,13161,13098,13020,11942,12491,10442,11913,13772,13708,14814,6876,7065,10023,11998,10364,13498,7569,10720,12161,13904,15709,8949,13525,13615,17501,15620,14425,11874,9975,13886,5995,11913,17681,11311,10431,8877,10814,9344,9643,10035,16662,8250,12355,13591,12797,21010,10181,11747,13302,15508,11927,16468,10376,17682,11543,14815,12594,15626,12603,13347,14829,18027,17668,14409,12820,9257,11094,8058,18259,12219
"COG0785",122,95,147,359,144,80,7,12,351,59,71,46,23,22,69,16,18,32,101,1,17,17,23,9,27,14,18,11,57,10,35,198,54,473,23,59,106,45,191,65,144,39,176,106,43,214,3,52,96,137,33,18,145,145,136,14,210,70,99,596,160,61,35,83,10,103,27,207,40,52,389,5,55,63,20,168,96,16,120,33,33,21,308,64,31,17,193,56,73,149,37,354,124,85,125,51,14,9,613,18
"COG0786",1713,1476,1036,895,1009,1164,930,699,2356,775,928,949,1170,1444,698,613,1406,2232,522,437,1132,805,1334,688,717,1134,770,1666,1586,1068,978,1360,1253,549,882,1280,1242,780,1047,1176,1353,507,1966,782,692,2196,741,1161,1331,1008,1129,518,1240,1597,1158,1165,595,1193,748,549,275,1026,1449,891,1131,627,680,1000,1529,702,3719,340,812,535,1520,1117,875,966,775,708,838,984,936,1333,618,1121,1720,945,1146,1389,949,1269,876,1666,1060,502,889,566,2559,848
"COG0787",3176,3025,3408,2497,3445,4318,3580,4267,3114,3932,3389,4426,3375,4081,3660,5356,4299,3236,3396,5619,2851,4403,3867,4675,3814,4168,4015,4015,4034,4618,4542,3609,3636,4104,4261,3450,3856,3947,4124,4381,3774,5669,3984,4307,4477,3238,5760,3332,3884,4126,3694,6177,3648,3287,3995,3204,3526,5521,4726,2673,3241,4194,3606,4296,5102,3995,5181,4617,3294,5080,2838,5668,3757,4226,3395,3805,2814,3800,3296,3153,3421,4432,4505,3131,4837,4037,4220,3819,4018,4432,3518,3087,3520,3728,3794,3424,4380,5750,3191,4396
"COG0788",53,523,491,82,385,258,34,17,467,694,267,827,450,362,361,562,718,329,857,53,692,762,279,173,963,263,225,196,761,76,461,926,381,275,929,764,814,930,374,180,558,184,489,634,772,610,287,203,434,381,423,88,452,840,691,550,862,192,511,68,102,799,458,89,194,431,74,186,37,361,421,222,773,680,545,534,675,405,984,75,1342,685,254,238,996,320,991,803,547,919,435,899,436,401,497,19,392,36,769,277
"COG0789",6031,2801,4069,6284,4470,3337,4395,2685,5695,1715,2764,3551,2175,2413,3493,2054,2583,3806,2495,2605,2253,2232,3307,2680,2554,2628,3568,2901,3407,2901,2640,2500,2781,3293,3274,1742,2498,2582,3465,4235,3970,1981,3011,3127,2234,3073,2213,4659,4576,2633,3040,2048,3116,3108,2854,2532,2595,2950,2387,7230,6563,2669,2870,3457,2714,2938,2707,2886,6350,2393,5686,2251,2301,2912,2693,2849,2470,2483,2058,5389,1882,2612,4013,3001,2069,2571,2476,2702,2036,2768,2748,2854,2891,3005,2888,4824,2320,2231,5897,2616
"COG0790",891,1921,1562,1906,3935,1576,761,1024,2576,1652,1636,2118,1181,2072,1702,4869,2076,2054,1398,1391,2157,1582,3551,2053,1102,1339,2661,2039,1398,908,1211,1101,2685,2647,1045,1559,1213,1026,2434,3128,1593,2420,1215,1124,1844,1039,1658,1001,1929,929,813,486,579,379,505,470,1028,1293,427,190,141,697,699,880,857,518,849,905,467,289,1083,163,394,758,258,255,425,558,411,405,519,480,992,239,246,711,351,357,634,224,320,638,503,287,414,67,668,417,756,645
"COG0791",1976,1322,1800,1944,1710,1448,1849,1751,1385,1285,1023,1083,1733,1552,1471,771,1690,1832,1132,580,1390,1519,1084,960,1302,2478,1829,1884,1622,1343,1275,1003,1812,1958,1845,899,1106,710,1459,1349,1342,467,1198,1534,1108,1001,872,2047,1709,1059,6396,1491,4751,3115,4416,4209,2393,4015,3485,6918,3802,4059,4379,4491,3766,3279,3407,6681,6751,2065,7389,2307,3803,4721,3604,7783,5338,4496,2575,8323,2250,4579,5716,7019,3150,5027,1923,4248,3741,3859,3634,2149,3328,3094,4249,6993,2722,3686,3571,4321
"COG0792",480,964,963,475,890,1012,802,822,1163,991,1208,1149,1067,1025,1254,968,984,908,949,1197,920,1044,1191,918,1072,1030,1095,1024,980,1193,1141,963,1038,966,1267,1043,990,1468,1160,1014,1157,1121,946,1259,1367,1253,1223,1275,1260,921,950,1343,1201,1038,996,1177,1151,1132,972,481,1173,1153,946,982,979,938,1212,1061,1306,1254,580,1149,1148,1083,1372,780,846,1385,869,857,1035,1090,1229,1091,1174,1235,1070,1120,1065,1155,1218,799,1104,1008,1178,1194,989,810,953,1348
"COG0793",4816,9517,12711,3975,5356,10036,7382,8727,7027,15870,13357,11907,14561,14596,10938,12510,11562,7021,18827,15101,14090,12304,11358,10638,13653,11201,9329,9855,12426,11454,14665,15090,8756,6862,9833,14645,13763,20550,12197,11730,7629,20346,12910,11854,16816,18352,13439,8779,10278,14978,7786,16486,13267,13264,13075,12806,19620,10295,15533,1469,2158,14331,12074,10153,14988,14014,12321,5905,4161,19573,1597,19865,14968,9724,13313,9178,11891,10811,13934,3189,13998,13357,7069,12033,18709,11650,19001,14146,16228,15892,11915,14758,10066,15662,12675,2193,13071,17975,11167,11246
"COG0794",288,326,417,207,641,401,221,440,587,660,458,333,385,359,549,617,387,560,561,667,327,372,379,788,368,271,409,345,427,439,336,469,439,349,423,441,374,624,557,469,349,755,518,302,571,582,595,270,571,455,599,2252,1060,1782,1342,1008,1348,1408,1908,486,486,1152,934,1146,1682,2167,1312,787,1784,1926,2788,3889,1336,1137,1665,935,1030,1176,1199,444,1423,1022,859,712,1881,846,1626,1201,1298,1764,1388,1666,887,1713,1152,1664,1807,1981,1855,582
"COG0795",1513,2952,1703,494,3844,2967,1307,2973,1636,3529,2651,2337,2003,2216,3475,5966,1936,2480,2326,6969,1649,2713,3860,6262,2858,2149,3009,1578,2855,2151,1739,3382,2133,1693,2406,2546,2677,2745,3556,2679,1500,5010,2708,2478,2647,2890,3966,1664,2908,4280,1718,7936,1873,3267,2760,2328,2941,2705,3703,567,721,2908,1914,1111,4040,2929,3764,1019,969,4968,2217,5178,3482,1965,2230,1493,2086,2312,2536,357,3245,2534,1862,1290,3149,2784,3160,2633,2294,2799,2084,3134,1856,3545,1185,1609,3798,6422,2287,4368
"COG0796",2363,1987,1972,1705,1524,2154,2361,2525,2099,2037,2450,2178,2058,2075,2011,2647,2435,2045,1568,3199,1815,1925,2141,2745,1742,1943,2059,2167,2151,2281,2241,1992,1894,1971,2096,1939,2195,2103,2150,2001,1852,2610,2056,2048,2221,2168,2177,2134,1909,2246,1875,2853,1952,2053,1725,1913,1600,2196,2092,2477,2265,2216,1904,2048,2469,1890,2365,1937,2154,2183,1511,2645,1971,2086,2167,2000,1840,2130,1746,2423,1864,2084,2306,2252,2185,2209,2148,2129,1801,2179,2259,1549,2569,2081,2038,2030,2250,2766,1675,2682
"COG0797",459,102,95,91,831,329,317,581,548,193,148,23,156,138,447,472,83,483,109,1968,11,148,786,756,60,67,545,131,194,125,31,90,441,163,32,78,75,40,426,252,173,956,204,19,77,177,901,410,220,166,41,1319,50,264,129,50,58,451,165,89,115,28,115,68,123,222,576,107,2,624,705,90,154,27,81,62,40,54,102,59,94,41,275,31,45,66,149,137,109,77,61,255,60,223,6,10,776,1403,206,47
"COG0798",52,447,349,19,130,107,407,416,33,43,134,222,445,141,424,84,226,75,240,2105,544,294,104,33,317,163,148,59,64,481,235,131,61,250,73,712,101,428,114,146,247,61,278,71,154,390,538,85,142,146,110,59,365,293,271,240,111,301,234,26,492,67,384,56,1103,63,377,221,765,1352,3,68,280,438,90,163,669,194,171,575,528,231,460,121,733,125,199,98,392,109,82,370,250,89,316,28,100,1444,1563,64
"COG0799",1099,1028,866,699,645,1267,1052,1339,1181,865,1213,1322,933,1063,1480,1658,917,746,1054,1808,995,1100,1306,1052,1154,1185,1281,952,902,1186,1123,904,984,936,1383,875,924,1391,1123,1274,838,1372,842,1129,1326,1117,1224,1383,1398,1031,1125,1062,1277,1058,1075,1276,1217,1309,886,954,1242,1329,933,1106,1159,1163,1431,1275,1300,1210,273,1333,1136,1155,1284,958,991,1017,746,1048,1014,1200,1113,910,1109,1147,987,1172,1051,1103,1236,880,920,770,1220,1124,1143,1189,848,1491
"COG0800",285,468,481,224,353,449,716,466,525,520,434,466,651,455,668,366,547,530,382,312,457,656,358,645,460,437,534,533,577,606,653,447,505,413,589,378,518,530,425,381,614,540,537,504,535,457,526,379,574,432,1526,1503,1529,1124,1409,1586,1352,1530,1401,1279,892,1453,1139,1178,1579,1459,1254,1412,1986,1828,1716,2034,1588,1581,1335,1754,1702,1521,1417,1206,1312,1260,2137,1788,1571,1376,1404,1623,1574,1550,1646,1415,1125,1335,1330,3107,1548,1690,1499,1032
"COG0801",560,834,1020,875,1181,974,818,796,1087,971,1155,1209,606,912,1015,1634,881,651,779,1245,718,919,875,1156,733,1004,1122,772,1009,1294,1051,966,944,595,1010,908,942,860,781,1003,1280,1278,1150,866,959,694,1035,799,1015,1110,373,457,213,305,234,266,225,322,358,416,680,282,241,293,440,381,484,167,564,419,181,412,344,332,247,224,389,323,278,260,302,311,300,241,449,282,314,346,274,411,288,263,216,310,221,366,367,375,288,320
"COG0802",1196,832,1069,1590,1188,1459,1284,1590,1650,950,1053,1113,924,1135,1582,1738,831,1153,1088,1592,1002,1124,1157,1566,1174,1295,1362,1333,1014,1570,1103,656,1014,1391,1430,803,864,868,1320,1556,1284,1460,1173,1196,1167,982,1372,1595,1412,987,1347,1485,1288,948,1189,1000,824,1404,1158,1491,1798,1071,1038,1555,1418,1311,1693,1380,1527,1452,1005,1398,889,1314,966,1062,1187,1577,744,1449,706,1101,1724,1183,1087,1328,794,1023,1080,1060,1146,1013,1849,1038,1131,1748,1239,1458,924,1375
"COG0803",2276,1434,1815,904,2417,1714,1335,3107,1986,2051,1899,2014,941,1731,2009,1606,2166,2181,1283,1043,1445,1648,1549,1489,1440,1751,1552,1673,1816,1881,2400,1763,1395,2051,1752,1613,1336,1335,1966,1957,1452,2119,1462,1085,1702,1194,1406,1289,1687,1506,1470,628,1340,1304,1417,1325,730,1811,2016,3666,4504,2010,1721,1829,1156,1994,1645,1284,3746,1207,2909,1013,1449,1981,1608,1254,871,1521,1558,3431,1463,1534,1804,2200,2001,1238,1347,1583,1300,1891,1585,1045,2490,1485,1363,3522,1508,2042,1273,1077
"COG0804",1322,157,349,1737,51,86,473,62,1113,91,163,240,68,281,90,882,284,187,40,26,42,118,84,38,106,625,77,132,191,143,87,53,228,100,117,95,51,365,152,416,165,70,318,140,54,51,216,96,108,82,257,39,88,197,172,66,124,95,110,999,246,356,336,285,166,86,68,508,348,169,11,81,13,143,87,271,43,360,51,452,25,68,265,120,299,272,127,103,66,83,101,172,103,331,219,76,56,109,1,101
"COG0805",650,926,708,207,1442,907,386,492,789,2088,896,1999,970,896,1271,2020,904,981,767,182,1119,972,656,528,1025,1011,760,598,907,1645,833,972,1220,619,948,2211,1137,1697,960,809,788,711,1120,916,1233,1403,1065,557,1091,960,567,901,970,1000,821,1258,1084,673,1339,676,1322,1246,853,1042,517,1676,919,560,821,1455,753,1020,1429,1065,1618,1119,882,1040,1712,616,1267,989,914,1177,954,1351,1416,1054,1059,1063,1281,1077,913,1105,1155,1296,543,1591,1049,1852
"COG0806",1364,814,619,897,817,1343,1321,1698,1404,594,610,798,797,936,1281,1564,727,855,774,1662,691,734,1401,1359,884,1145,1388,1004,798,1189,692,373,959,1371,1106,670,667,450,954,1212,1086,1003,716,767,546,660,1038,1222,1066,1078,1291,1850,878,774,876,870,624,1345,1077,1258,1708,569,777,1241,1293,777,1876,1400,1536,1301,774,1421,600,1197,780,1052,905,1130,606,1347,484,882,1761,781,478,1260,449,684,716,545,1006,793,1507,733,881,1505,1272,1952,877,1436
"COG0807",1556,2220,1713,937,1340,2188,1933,2443,1716,2072,2166,2072,1837,2067,2197,2514,2010,1539,2024,3299,1675,2124,2255,2552,2115,2159,1950,2080,2428,2419,1658,1848,1557,971,1868,1961,1906,2004,2103,2284,1391,3312,2417,2418,2223,1880,2822,1908,2052,2167,1321,2985,2136,2207,2164,2155,1734,2240,2343,663,709,1872,1982,1739,2080,2110,2577,905,1304,2241,843,2283,2509,1783,2090,1532,1875,1746,2089,1203,1861,2158,1352,1831,2266,1946,1884,1795,2113,2183,1981,2273,1407,2406,1525,1888,2315,3725,1700,1937
"COG0809",2243,3131,3257,2289,2098,3608,2851,3195,2835,4549,3900,3739,4083,4221,3836,4703,4059,2317,3748,5602,3297,4296,4425,3584,3742,3961,3620,3363,3545,4473,3984,3657,3144,3343,3582,4621,3840,4630,4073,4219,2871,5861,4358,3668,5061,4325,4756,3311,3451,4636,3463,6489,3921,3755,3664,3710,3534,4050,4604,2030,744,4011,3771,3911,5216,4326,4708,3211,1887,5624,857,5682,5035,3569,3951,2974,3148,4219,3967,1513,3665,4183,3623,3577,5048,4208,4991,4171,4602,4653,3872,3087,4526,4433,3453,1982,4658,5418,2879,4353
"COG0810",485,87,56,47,1008,22,16,7,232,111,73,3,69,78,186,422,23,185,67,22,29,25,57,131,54,14,77,79,78,19,55,163,126,180,16,51,45,47,126,106,146,35,90,33,88,117,16,8,381,131,31,84,40,85,53,23,23,38,111,215,107,15,77,26,50,76,17,19,2,13,299,9,63,23,42,57,46,33,50,22,115,22,46,23,31,16,56,75,41,42,23,32,34,174,0,19,16,7,134,17
"COG0811",1366,2510,2145,337,2237,2072,1007,1659,1982,3558,2461,2612,2989,2690,2677,2924,2887,1363,2917,2962,2089,2676,1977,2866,2665,1338,1873,1436,2674,1804,2460,3754,2268,1270,1789,3255,3501,4384,2851,2640,1802,3852,3216,2096,4121,3179,3175,1379,3006,2759,1609,2780,2427,3288,2239,2541,3083,2118,2556,589,531,2881,2030,1702,2454,2851,1832,1079,851,3744,1042,4010,3812,2208,3189,1825,1954,2307,2962,331,3464,2327,1352,1701,3860,2219,4308,3227,3054,3873,2678,2974,1661,3123,1847,2033,2706,2868,1944,2077
"COG0812",2659,1789,1931,2027,2526,2221,2148,2343,2094,1603,1589,2275,1731,2141,1923,2471,2053,1829,1542,2269,1918,1959,2205,2253,2031,2067,2244,2247,2129,2366,2273,1575,2243,2156,2297,1759,1934,1563,2069,2115,2464,1813,2076,2152,1716,1484,2509,1801,2042,2134,2255,2510,1977,1671,2278,1934,1434,2261,2011,2439,3334,1909,1880,2329,2272,1605,2504,2547,2480,2381,1576,2206,1911,2232,1762,1840,1843,2683,1758,2660,1615,2049,2453,2092,1978,2339,1478,1662,2043,2010,1800,1582,2939,1887,1797,2511,1907,2095,1363,2779
"COG0813",511,514,578,1011,762,742,1031,664,1306,604,481,405,718,640,616,315,521,988,261,212,458,523,612,588,517,631,566,738,608,725,486,267,632,1207,741,318,318,477,561,781,616,213,516,608,498,313,458,1059,484,259,695,175,694,507,515,616,263,752,394,1088,305,445,569,983,427,359,844,1479,817,206,1187,281,475,421,448,881,167,1099,199,554,133,501,1057,889,343,647,238,319,541,503,725,390,1202,499,315,961,351,419,465,686
"COG0814",1458,675,812,901,5310,429,606,1205,3255,533,1583,173,1593,71,2559,289,237,5083,741,244,203,252,595,3595,173,337,378,1666,946,840,300,721,2146,1096,175,253,597,390,761,360,873,215,215,315,837,654,200,400,1530,244,420,619,371,684,435,264,280,374,360,765,943,272,578,182,841,864,89,313,1410,194,7877,143,315,231,139,255,675,491,475,1056,624,256,956,455,463,472,355,152,309,241,655,1049,149,614,70,96,181,149,999,231
"COG0815",502,147,140,175,1480,164,55,87,563,228,207,208,262,462,631,965,201,711,108,59,42,246,64,491,201,121,172,287,282,80,83,120,730,287,116,93,68,66,438,291,168,124,230,41,150,191,381,58,325,190,99,137,92,233,310,190,36,434,381,168,128,195,317,241,162,199,79,327,3,26,1146,24,101,207,110,139,54,266,55,75,103,117,329,38,139,213,138,120,182,90,84,183,301,254,16,10,101,29,102,103
"COG0816",491,463,342,328,363,467,374,533,386,349,414,494,260,317,491,481,412,308,317,549,351,401,444,366,439,398,456,372,460,523,347,386,426,441,541,308,367,360,431,485,433,449,376,427,376,266,434,472,508,309,1478,1275,1101,1273,1231,1174,973,1393,1150,1411,1711,1278,1071,1557,1252,1249,1749,1399,1375,1217,589,1018,961,1279,1003,1157,1100,1356,1002,1370,1152,1212,1685,1158,1002,1397,949,1162,955,1168,1137,1013,1838,1005,1156,1174,1265,1354,759,1692
"COG0817",456,1036,659,443,859,839,375,783,800,1189,958,1270,854,1012,1163,1207,901,523,966,1145,762,1278,1009,1089,1193,919,1024,707,941,1171,1008,1005,908,1121,1184,1001,1006,1178,1095,867,1217,1110,1175,998,1278,1097,1381,613,1299,1087,811,1744,856,1224,1104,913,1113,1047,1279,170,1061,1185,884,882,1041,888,1048,1406,1091,1170,323,1341,1190,1075,936,945,861,1085,917,535,1071,1051,1334,673,1042,830,1089,903,1136,1010,799,997,840,999,970,1132,1026,1036,877,937
"COG0818",694,550,503,157,578,314,409,275,906,607,731,785,616,571,470,366,547,571,342,95,324,558,323,352,558,303,239,534,609,484,548,653,436,807,660,601,639,843,409,451,389,575,663,536,877,737,436,652,668,383,189,83,171,219,145,176,161,135,123,293,62,209,156,240,129,167,168,124,59,109,205,94,285,130,210,144,144,355,126,126,189,198,188,153,244,181,263,235,204,335,154,168,366,187,186,11,97,38,151,157
"COG0819",321,385,275,466,320,192,246,231,606,107,103,402,258,352,463,137,314,353,28,90,58,226,118,362,222,463,204,189,186,228,92,25,330,227,204,52,106,51,271,373,449,117,152,242,151,80,181,668,390,180,446,38,127,262,409,299,11,419,262,215,1796,181,172,213,155,117,112,226,793,113,0,69,80,507,603,210,10,357,75,700,45,534,438,341,187,375,38,95,109,73,84,14,210,71,152,1575,112,142,22,423
"COG0820",2765,2329,2665,3210,2673,3034,2690,2665,2196,1947,2303,2907,1920,2395,2727,3829,2517,2610,1886,4356,2074,2593,4172,2514,2675,3739,4286,2400,2409,3557,2395,2092,2579,3658,2750,2081,2433,1882,2867,5200,3757,2635,2575,2610,2128,2744,2776,4403,2625,2793,3337,3567,2963,2332,2497,2326,2036,2799,2673,2559,2445,2642,2835,3057,2795,2227,3215,4966,2505,2438,2053,2262,2489,2583,1947,2394,2220,2790,2030,2548,2301,2826,3406,2495,2126,3443,2221,2386,2611,2448,3103,2102,4044,2352,3254,1903,2391,3052,1797,4073
"COG0821",1835,3074,3066,1769,2431,2656,2640,2578,2399,3664,3478,3233,3009,3316,2572,2973,4141,2516,2513,2407,3021,3499,3316,2937,2931,2970,2605,3154,3288,3193,4012,3718,3225,2260,2982,4054,3839,3102,2918,2548,3248,3591,3371,3211,3607,2366,3948,2392,2917,3218,2803,5041,2805,3212,2983,2996,1893,3105,3963,1258,2886,3348,3185,2358,3917,2728,2840,2933,2451,3965,1529,4454,3948,2899,3409,2814,2799,2859,3760,2144,3273,3256,2579,2979,4116,2982,3437,3373,3562,3695,3167,2187,2141,3613,2570,2663,3425,3750,1974,3031
"COG0822",2418,2380,1633,2259,1062,2578,2493,2098,2064,1380,1782,2418,1632,2131,1845,2755,2640,1551,1266,2260,1468,2172,2201,1470,2084,2606,2597,2169,2017,2249,2050,1452,1974,2562,2791,1453,1989,1392,1672,2180,3221,1738,2012,2306,1580,1409,2198,2338,2201,1856,994,681,659,574,619,592,392,847,590,602,671,603,649,925,838,470,893,1068,901,618,288,602,608,816,621,666,742,943,517,597,506,807,1133,603,561,960,487,717,496,653,866,465,1150,608,666,810,635,717,337,1008
"COG0823",1030,2248,2746,1621,2353,764,1004,264,1951,2660,2451,811,1309,1650,794,786,1213,1520,2448,326,3559,1881,1641,467,2441,1356,1025,658,779,613,2373,3545,1861,2305,1040,2956,2614,4610,1247,801,1134,515,2039,1163,2079,1755,1008,1971,1565,1033,635,337,2289,2928,1263,2138,1537,905,1122,868,1210,1588,2133,1045,1188,1631,428,519,1548,375,2241,977,2373,916,2770,1597,1656,654,3177,1236,3719,801,840,861,1440,883,3575,1694,2425,771,2038,3774,1769,1013,3358,334,486,413,2824,627
"COG0824",1053,1352,1209,1277,1515,939,549,346,1482,1438,1407,1378,1225,1400,1476,921,1121,1150,1177,584,898,1136,905,612,1012,1006,644,1029,1106,943,1099,1237,1302,845,1205,1361,1247,1741,1167,1320,880,1110,1378,1013,1565,1687,1139,1321,1599,1105,1017,363,1354,1451,1278,1342,1289,969,1176,559,385,1413,1257,1201,744,1631,792,780,834,836,964,789,1233,1274,1635,773,1109,1164,1102,383,1342,1429,816,1050,1571,985,1480,1474,1337,1624,1474,1140,1501,1332,1726,876,854,382,1371,881
"COG0825",2905,1326,1087,2018,651,1624,2218,1717,1953,436,876,928,1135,1131,733,1044,1552,1704,406,534,832,1440,1294,570,760,1523,1240,1886,1343,1236,803,434,1249,793,1149,587,975,494,763,1164,932,359,1000,1388,615,783,843,1682,731,735,1628,277,1395,688,1116,1215,268,964,659,2429,1112,977,1541,1555,1093,599,1287,1243,1132,475,1739,381,416,941,983,1539,1056,998,554,2238,461,1029,900,1897,419,1535,440,1040,994,852,1487,555,1448,1032,1531,915,739,810,727,1490
"COG0826",5447,6383,6047,5395,6208,7223,6850,5320,6186,6747,6738,6125,6412,6863,6003,7021,6405,6429,4933,7964,5492,6885,6906,6972,6192,6615,8711,7129,6853,7531,6746,5348,6801,8183,5743,6604,6293,6390,7247,7379,6086,6977,7172,6481,5922,6069,8030,5907,6023,6813,6541,8601,6670,5873,6368,6014,4954,7833,7442,5311,5561,5918,6777,7639,7340,6754,7680,7827,6461,6854,5135,7447,6549,6635,6378,6874,6048,7903,5944,6351,5053,7282,8591,6736,5872,6960,5817,6468,7298,6332,6823,4449,10180,6652,7577,8050,6219,7236,5066,7663
"COG0827",5408,9135,5993,5131,2373,9797,8105,3798,3280,8768,5781,7603,7380,8355,8131,7185,8078,8128,6937,6772,8844,6319,5866,4082,6032,12861,10102,13561,5901,7519,17438,2194,8956,10977,9503,7996,5389,8120,5869,7229,6411,5656,12215,7292,7096,1746,6898,6237,9181,7862,13419,4145,11856,3968,9255,7848,5907,10478,5500,5905,8344,6760,9400,7511,5033,4761,6964,14756,4014,4692,3599,8879,4530,9479,6346,17027,5763,7418,5592,8420,6655,5277,5823,16097,8033,12099,2924,8804,11136,14638,5588,1403,9533,4957,10720,6526,2897,7627,5023,12183
"COG0828",275,197,170,305,182,291,292,208,462,119,199,245,143,158,302,293,205,293,68,144,159,146,196,183,181,272,383,200,177,200,223,74,256,272,360,69,125,119,253,326,286,65,118,223,202,85,145,234,364,128,403,54,147,145,182,245,62,308,129,305,171,223,208,318,252,167,219,338,226,105,223,132,162,231,168,307,156,237,95,375,111,242,624,155,134,227,75,255,123,107,229,38,277,127,211,275,121,136,103,330
"COG0829",718,102,215,989,11,40,237,19,806,32,74,89,15,116,66,538,107,73,20,12,37,38,38,8,38,308,53,47,78,43,42,33,115,21,50,30,35,252,83,239,58,32,98,95,31,36,87,46,71,35,110,17,49,95,74,49,74,43,53,603,132,172,172,150,57,60,39,230,149,82,3,29,6,65,43,196,30,191,17,156,11,40,160,60,146,96,65,52,36,19,34,66,47,144,115,55,30,35,1,54
"COG0830",747,67,249,822,17,43,218,11,602,41,58,90,24,78,63,440,98,76,24,18,14,36,30,17,39,248,34,47,91,71,34,23,81,44,63,55,25,254,73,246,84,19,82,62,23,23,103,59,58,44,115,23,38,78,71,34,72,45,30,496,77,165,145,122,47,47,19,217,114,73,3,37,10,58,27,120,28,184,23,138,12,17,99,52,120,85,52,73,33,21,34,66,35,156,130,48,30,42,2,66
"COG0831",352,39,111,381,11,12,123,11,399,22,48,50,15,46,22,257,38,28,9,3,6,31,20,11,27,170,17,29,46,33,34,9,42,24,23,13,10,148,51,152,34,23,48,54,9,15,57,24,43,10,123,6,26,72,46,15,44,28,20,237,38,68,84,53,28,32,25,212,81,44,3,18,7,25,26,44,23,101,8,81,5,14,57,26,64,41,42,31,13,23,23,44,26,78,36,21,20,23,1,14
"COG0832",380,52,205,494,14,28,160,20,526,31,65,48,28,43,34,260,58,49,5,3,9,48,23,13,35,233,23,48,53,51,39,21,60,28,49,32,22,138,57,142,53,30,60,68,13,20,53,41,56,15,118,15,36,82,50,24,59,37,21,399,74,83,90,56,36,23,30,227,96,51,1,26,4,50,33,77,20,115,18,125,6,26,68,42,95,56,47,38,19,30,36,52,38,81,68,37,19,26,1,24
"COG0833",1860,152,174,370,931,330,93,833,627,717,371,334,539,102,513,97,110,771,124,18,10,27,18,1807,13,8,4,263,372,407,38,212,435,166,122,145,77,360,139,256,292,237,107,70,132,224,141,25,260,679,6,124,29,262,27,39,120,126,189,2325,1327,17,81,156,172,561,40,48,2881,168,1210,813,48,106,392,27,26,276,55,526,117,19,242,24,229,35,82,65,54,22,446,312,83,270,4,2494,21,320,150,29
"COG0834",12496,5278,5102,8232,8622,5659,9041,12095,11297,3930,4824,6018,5313,5600,6817,7719,5791,7869,3248,4398,4014,4643,4611,8129,4211,6387,5501,6770,5526,6865,4982,3417,6899,5651,6431,3626,4035,3352,4968,5660,7134,4173,4902,4974,4189,4124,4820,6222,6432,4666,5929,2333,5202,4917,4503,4714,2391,7993,4640,16082,12913,4892,6027,4931,5805,4096,5812,7648,12530,3946,9373,4056,3593,5258,4733,5802,4467,4835,3358,11707,3161,5164,7199,6438,3808,5721,3621,4834,4224,5142,6368,3869,4101,5000,3950,9781,4931,6311,5801,4586
"COG0835",2427,721,197,91,391,1059,1144,585,1643,60,664,748,781,875,449,1459,746,928,115,357,751,550,1328,381,463,1461,871,1776,901,870,622,88,1002,313,903,170,691,536,395,1087,196,296,522,856,121,299,378,2022,499,481,1772,98,623,297,614,837,91,650,138,72,55,732,1230,794,1084,138,501,140,216,394,515,286,106,141,904,193,1468,295,540,560,294,1288,664,1298,310,1784,193,781,229,336,1495,263,379,511,624,83,726,284,260,967
"COG0836",2611,2151,1958,399,1836,3425,2921,3346,2493,2575,3431,2366,3451,2583,3023,4150,1815,2342,3718,6839,2927,2181,5006,4852,2468,2849,3489,4208,3014,3545,2798,2915,2094,1351,1973,2068,2927,3457,3373,3041,1223,5838,2826,2969,2828,3163,4307,2788,2593,3177,2930,5271,2634,2287,2366,2617,3339,2789,2557,454,387,2433,3462,2899,4726,3508,4236,1361,416,4234,1218,4063,2422,1725,3072,3274,4176,2102,2782,1205,2398,3067,1758,3390,4130,3966,3164,2665,2508,3030,4180,2710,1660,3315,2603,167,4376,6383,3155,4452
"COG0837",32,79,112,113,561,5,4,12,179,49,148,0,134,2,74,541,19,547,68,7,6,3,5,426,7,2,4,157,86,8,11,69,248,123,13,18,30,26,67,5,61,10,15,9,68,79,7,23,132,24,1,53,17,69,8,13,28,19,21,86,125,8,8,4,50,124,5,23,0,18,657,3,29,16,8,27,36,20,20,49,82,12,86,18,34,12,39,8,30,14,2,111,13,81,0,7,7,3,73,10
"COG0838",92,439,383,83,531,438,220,393,412,606,754,599,524,534,583,481,566,291,424,1004,483,662,617,431,518,460,495,387,544,499,620,686,512,208,521,586,613,949,530,519,292,982,493,607,946,744,791,436,601,709,349,917,565,587,515,599,451,411,536,29,95,744,453,419,583,634,682,205,152,759,195,974,796,435,651,340,387,495,452,110,662,652,321,379,806,458,783,712,603,919,532,365,484,630,489,21,550,602,294,627
"COG0839",137,678,866,151,712,618,341,477,373,1154,952,870,975,952,803,743,984,512,788,1303,672,1020,1002,1009,796,613,714,541,739,788,1008,1069,787,253,833,1177,1118,1568,795,829,486,1559,935,780,1368,1248,1189,564,849,1033,520,1327,962,1052,720,893,970,700,1029,21,143,1052,741,546,1064,944,865,274,189,1057,336,1400,1565,726,1111,635,955,631,851,112,1049,884,364,745,1444,893,1437,984,1125,1458,987,515,579,1019,864,40,1186,741,660,922
"COG0840",20422,9519,1525,1080,3892,10779,13967,7034,14754,753,7818,5924,9801,11016,4018,9976,11111,12092,1119,5084,9970,8441,12949,5359,5224,14782,9567,23864,7915,10849,9337,1448,10936,3392,10108,3046,9214,6122,5115,8880,1908,2921,7049,11551,1149,3379,4490,19269,5194,5938,17552,932,7759,2698,6928,9849,404,5818,1537,444,747,6974,9295,5861,10253,1843,5027,2332,5023,7041,9108,2980,1287,1765,10374,1347,16260,2573,5938,3314,4318,8266,6780,18009,2912,22474,2425,11533,3105,3162,19000,4172,3564,10145,8352,800,6793,5199,3843,12396
"COG0841",5974,30263,28225,4798,23330,17281,8021,12054,13505,40489,25429,24673,29811,32078,22197,10526,28784,19194,40096,10219,32482,30651,18618,17183,32390,20977,17505,19097,36267,20970,31396,41338,26092,19589,19942,43811,40421,34417,27169,20204,20384,28582,39093,24706,33876,32304,22869,15401,24443,36043,15979,19355,24443,35818,31689,26988,31155,21073,37132,3225,6599,27145,27571,16627,22931,26680,10994,11674,11082,27970,15026,28649,41474,26597,29810,24900,27411,21820,44718,4923,37452,23807,13470,21127,43855,22156,39176,24779,35497,34824,23975,42616,19374,38351,21804,11949,23529,10599,29268,20105
"COG0842",6133,7696,6053,3589,5373,4940,3080,5468,4391,8646,7215,6884,7053,6956,5824,6106,5457,5043,9973,6159,6543,8334,6021,5233,8304,5810,4386,4765,6776,4746,6489,10165,5322,5004,5611,9239,8054,8702,7116,6207,5210,10480,7527,6177,7948,8364,7117,4158,6603,7738,4981,6631,6332,8261,7935,6097,9439,6438,7609,5374,1665,6660,7258,4422,7183,6543,6124,3522,4995,6277,5337,8444,9247,5723,6139,4951,7176,4551,9446,1684,9256,8446,3819,4882,9301,5585,9365,6410,8216,7550,6419,9013,6685,7733,5893,1937,6663,5840,6940,6290
"COG0843",19,49,74,105,726,2,2,10,417,69,124,1,178,7,75,42,13,559,62,6,2,0,0,316,8,0,320,234,93,1,36,84,338,111,15,22,25,15,61,2041,149,5,3,7,82,104,29,18,100,13,0,65,11,72,7,8,23,18,14,173,109,59,18,1,57,109,6,16,0,30,1136,1,37,18,3,22,22,7,38,146,54,17,199,29,79,28,31,11,30,17,5,285,3,60,0,3,7,3,78,36
"COG0845",5935,23875,21171,7575,14907,15223,9690,12752,12000,28749,21463,21445,24116,22566,18084,14746,20160,12996,32342,13409,24734,23526,18462,13914,25633,15160,14960,14111,24022,16996,22475,31021,17073,14134,16081,30841,28352,28091,21574,17026,14750,24568,26176,18305,26819,27679,19975,14850,20521,24692,13614,21102,20263,26706,23976,21617,29739,16676,23780,4909,4928,21080,20966,14954,19178,22935,14346,9834,8705,24062,8301,23496,29732,18912,22861,16720,22003,16815,32401,4182,29956,20048,11477,17737,29367,17232,31771,22511,25809,26784,19451,33638,15002,28005,18742,8035,20265,15315,22390,16061
"COG0846",4535,2501,2429,2264,1542,2113,4032,3289,2739,1738,1932,2993,2687,2318,2647,3391,3358,2441,958,3058,2039,2028,2719,2762,2008,2777,3056,3100,2345,3427,2249,1635,2013,1895,3034,1500,1826,1706,2474,2901,2620,2642,2109,2567,2369,3245,3181,2870,2187,1636,2855,5253,2519,1855,2133,2417,1069,2989,2322,3129,3097,2746,1845,2674,2786,1494,2641,2736,3449,2024,1627,2120,2689,2809,2175,5082,1258,2979,1676,4928,1481,2688,2913,3669,1660,2942,1491,2275,2005,1857,2117,1465,1919,1958,2372,2043,3643,2664,1336,2948
"COG0847",3869,1664,1618,690,2098,1994,976,3697,1713,2266,2543,1957,1720,1773,2292,3675,1708,1992,2296,4846,1423,2087,2667,2458,1692,1580,3984,1686,2140,2062,1963,2406,2367,1319,1627,2073,2343,2343,2027,1795,1030,3266,2000,1733,2449,2196,2081,1385,2611,2526,603,1486,542,664,643,647,709,589,697,1070,329,663,534,407,656,841,619,367,397,916,700,690,850,665,595,464,655,547,727,462,788,664,562,487,875,639,841,704,639,862,578,883,485,679,507,306,768,1215,553,648
"COG0848",889,310,109,71,577,314,93,302,850,416,257,84,207,133,310,656,170,470,529,85,72,92,129,638,195,89,183,179,195,183,110,227,253,168,87,275,191,324,258,361,315,255,427,102,185,319,120,74,442,534,93,188,88,452,193,92,154,198,211,446,190,78,128,175,151,528,97,168,268,215,739,478,142,98,386,170,142,248,248,101,160,96,175,43,185,125,394,91,133,213,426,544,128,415,17,1520,183,203,775,104
"COG0849",2575,1737,1200,402,1790,1586,1556,2308,1729,1243,1688,1228,1503,1549,1442,3637,1312,1370,1282,3956,1594,1915,2825,3230,1569,1937,2149,1759,1862,1859,1305,1512,1901,2295,1127,1532,1534,1111,1748,2036,921,2745,2037,1706,1263,1361,2408,1855,986,1723,1871,3567,1047,1387,1526,1331,866,1942,1792,1902,601,1083,1842,2173,3171,2090,2736,874,342,3471,1224,3006,1450,1007,1079,753,1352,2126,1788,921,1480,2141,2123,1444,1506,2045,1579,1355,1255,1464,1117,2153,2988,2077,1061,76,2897,3294,1302,1744
"COG0850",978,349,325,159,488,596,719,379,829,134,367,213,407,410,268,676,329,614,118,127,306,221,393,378,213,496,462,726,461,368,239,119,554,703,527,168,341,200,201,440,136,164,405,482,89,210,226,944,336,256,655,111,482,222,267,392,111,232,62,506,285,245,342,737,512,240,587,92,323,251,795,294,73,165,437,182,295,513,144,560,138,446,835,574,178,584,143,300,210,264,612,318,231,376,354,689,251,281,304,521
"COG0851",195,210,199,281,257,303,290,101,452,110,202,80,131,132,159,272,143,387,69,74,126,70,161,228,100,230,223,295,244,153,82,46,242,351,239,72,176,146,111,214,70,110,131,82,55,135,123,500,183,91,316,51,203,118,150,183,78,80,31,177,89,123,125,378,203,166,203,56,158,137,368,163,39,80,242,119,332,259,39,138,81,114,544,214,104,251,97,168,75,148,348,181,724,141,227,433,134,120,170,310
"COG0852",164,1707,1259,219,1497,1145,529,622,583,2114,2050,1603,1871,1795,1445,1256,1413,993,1844,2039,1389,2258,1771,1413,1936,1460,1206,1370,1433,1967,1533,1897,1199,487,1514,2155,1866,1909,1481,1175,1037,2446,2261,1775,2207,1778,1970,977,1317,2107,956,3546,1522,1795,1768,1425,1850,1262,2240,140,240,1756,1066,1371,1972,2030,1374,653,212,1943,837,1782,2719,1452,1482,1029,1707,1409,1834,220,1749,1827,660,1123,2353,1513,2109,1545,2070,2162,1340,1788,1132,1781,1383,38,2247,1485,1332,1590
"COG0853",471,655,799,921,707,840,706,632,614,763,916,633,643,748,829,716,679,565,672,1143,653,664,686,712,676,711,682,621,675,648,628,757,606,393,780,678,646,861,746,889,514,1251,692,626,837,824,842,975,747,582,540,881,771,823,592,731,753,724,712,422,255,788,663,677,623,663,1082,333,323,722,515,688,712,579,872,410,660,562,644,517,692,646,460,522,846,640,792,805,737,953,839,636,528,769,793,472,803,930,617,710
"COG0854",368,899,746,142,886,408,161,167,506,1132,1156,1112,1203,938,623,619,884,525,931,248,855,1224,504,265,1076,650,392,596,989,815,814,1306,724,428,860,1168,1202,1480,770,546,580,785,1014,849,1405,1420,739,365,758,692,544,235,894,1034,913,898,1052,465,1035,71,195,1026,787,615,573,1080,259,304,183,756,563,453,1608,823,898,704,1049,763,1040,121,1277,1045,309,757,1082,584,1564,1264,1325,1386,884,1010,670,1003,938,33,611,101,908,415
"COG0855",3600,4773,5097,6260,3213,3584,4675,4567,2893,3543,5698,4079,4191,4396,3613,2656,4908,3440,3858,2363,4518,4408,2742,2712,3919,3895,2893,4839,3837,5705,3586,4373,4058,2926,2975,4349,4570,5177,3964,3857,3414,3951,4450,3714,4670,4625,3624,3668,3318,3382,3939,4742,4861,3983,3356,4151,4178,3466,3950,2947,5644,4381,4987,5205,4335,4512,3177,2785,5151,3825,2568,4631,4148,4358,4745,4561,3371,3694,4742,4511,4045,4401,2515,4428,3893,3889,4379,3961,4239,4221,5038,4082,3133,4522,5426,6116,2748,3377,3088,3032
"COG0857",51,130,229,291,1373,10,14,232,166,119,231,317,438,14,295,893,125,1049,104,18,9,13,11,1171,47,1,8,250,190,279,44,163,521,222,22,69,42,40,93,6,138,14,33,10,115,121,16,30,180,44,3,170,21,120,9,23,48,62,162,200,2501,14,16,8,119,140,9,70,1330,38,1523,3,65,163,15,52,36,34,73,753,126,8,93,40,69,15,69,14,53,47,5,220,11,119,3,989,7,37,144,13
"COG0858",876,1041,1060,1150,891,1305,1251,1436,1403,1041,1273,1257,1028,1153,1396,1610,1187,968,937,2042,1078,1055,1464,1293,1130,1265,1456,1148,1003,1392,1218,912,1021,1320,1474,948,984,1121,1229,1377,1229,1442,1049,1178,1383,1012,1274,1461,1377,1097,1230,1385,1119,1196,1067,1088,965,1384,1097,1142,1694,1168,1043,1353,1243,1363,1784,1302,1425,1607,635,1388,1151,1286,1198,1191,1275,1531,812,1312,968,1165,1671,1113,1227,1393,1001,1271,1124,1232,1325,863,1560,991,1112,1261,1158,1397,894,1497
"COG0859",1952,1968,1800,547,3015,1866,1060,1942,3848,2455,1342,876,1576,1342,2420,3851,816,2886,2700,3153,1421,1156,2034,3785,1205,1132,1768,1330,1520,1106,1606,1903,1730,1120,521,2437,1257,2147,2563,2250,1804,2897,2363,713,1775,3374,1895,1198,2351,2731,688,3456,1213,2416,1317,1593,2875,1751,1761,1215,648,1294,1204,1190,2268,2674,1908,856,1445,3418,3392,3370,1395,1137,1675,1021,1872,1372,1938,373,1700,1059,1720,730,1856,1272,2289,1099,1465,1933,1653,2561,1120,2707,1303,2331,2578,2864,4357,1736
"COG0860",5265,3195,4918,5854,3408,4053,5399,2266,5959,3172,3503,2976,2776,3906,4269,3736,3389,4841,2643,2266,3545,3449,4113,3221,2848,4297,4248,5092,4118,3752,3463,2789,3932,4320,4156,2272,3376,3095,3282,4100,3522,2428,2767,3372,2539,2751,2861,4330,3731,3497,5567,3531,3425,2632,3342,3254,2343,3461,2529,5384,2209,3265,3327,4202,3545,3497,3759,5301,4040,3503,4122,2781,2135,4822,3305,3252,4065,3431,2727,5005,2374,3418,4235,3631,2545,4562,2322,3120,2530,2771,3931,2566,2953,3512,3595,3497,3067,2620,1995,4436
"COG0861",1361,343,448,476,2141,795,347,1697,1743,891,564,291,720,106,1153,2741,268,1894,304,1739,32,44,765,3182,74,47,682,562,416,409,101,446,893,504,79,182,186,452,513,578,553,1115,136,54,311,374,797,299,633,1093,19,600,27,87,75,38,59,161,188,384,814,18,28,53,362,366,256,54,551,437,964,636,58,67,179,41,41,142,49,388,75,22,258,23,132,135,81,30,55,40,221,217,20,240,4,1084,344,648,107,217
"COG0863",779,3044,1545,4094,4461,3264,1732,2176,1822,2660,4156,3579,2630,2136,2814,1373,2122,2524,1967,1249,2069,3779,4352,2428,2935,3637,5081,1850,2101,2037,2500,2376,2380,4774,2671,2952,3316,3297,3010,3685,2122,1544,3296,2386,1688,1495,3610,4688,4279,1154,3601,4156,1742,1722,4763,3387,1714,2643,3093,838,984,4285,2235,3750,1295,3135,3176,6279,1300,2146,3821,1502,2113,3868,2813,3051,2735,2448,2653,972,3736,3369,2898,2096,3245,3395,1958,2837,1662,3579,2018,3832,3155,1660,2513,961,3158,1173,4021,5232
"COG0864",59,42,74,39,274,70,30,27,148,76,70,39,113,45,120,24,92,223,58,11,12,129,12,109,40,18,25,61,144,27,14,73,111,214,48,33,31,30,107,25,223,30,43,11,65,55,24,19,198,31,34,43,50,108,67,46,27,66,66,65,55,65,36,14,46,80,24,69,2,23,322,12,39,52,28,51,38,46,66,70,59,22,71,21,28,19,57,44,61,55,17,45,55,103,6,7,24,13,39,18
"COG1001",725,1004,1515,3051,1291,833,1681,1341,1188,1191,726,954,852,1082,1054,523,930,1418,755,521,918,1073,382,682,1083,1012,824,1082,943,936,760,883,1312,1548,1018,803,759,254,1263,827,2103,264,1246,992,702,1130,720,722,1280,881,847,346,1031,899,837,866,518,1207,1149,1834,953,1032,1128,1153,545,625,737,2029,2093,646,2623,298,1032,1518,635,1505,536,1257,430,1644,515,828,1973,1096,521,937,985,1080,858,1180,809,796,849,1631,1205,1175,668,560,1847,743
"COG1002",2907,2440,1402,3818,1629,4734,4698,4922,2072,2266,6800,5865,1341,1665,5469,2129,1868,1905,2866,8472,2683,3293,4130,5870,2075,3679,7219,5778,3562,7205,3528,3234,4523,2482,2693,2456,1148,3106,5638,5109,2992,6627,1596,3645,2958,1035,1350,4173,1270,2072,3673,873,2092,3015,3377,5082,3453,4406,3180,3425,3311,2439,3564,3215,9948,3987,3953,2122,3995,7512,3014,4025,3808,2627,3330,4986,3617,2254,1249,5083,3687,2624,3305,2605,3923,3578,3516,2220,1861,2266,1774,2136,2542,2422,2066,2937,2479,7421,2975,5502
"COG1003",367,2038,2008,345,2999,1662,325,567,811,3682,2389,1893,2314,2813,2219,582,2311,1797,3656,840,2032,1806,1049,1312,2888,1650,1021,1984,2452,1825,2153,2948,2376,1817,2012,2565,2931,2186,2427,1601,1708,2681,2730,2045,2806,2670,1849,977,1839,3104,1160,971,1916,2487,2629,1933,3278,1935,3375,113,490,2090,2065,1236,851,2305,821,1182,171,1450,2350,1553,2814,2483,1999,1410,2078,2189,3267,289,2327,2255,1250,1182,3687,1706,3299,1698,2927,2943,1842,3359,1296,2595,1705,2390,1275,558,2801,1865
"COG1004",2218,4699,2424,936,2883,4417,1458,1904,2361,4537,3604,5497,3566,3260,3706,4958,3231,2145,3746,7412,3905,2968,3776,3450,4753,3284,2584,2397,3397,2531,3213,5914,3128,2911,4014,5358,4485,3281,4129,3339,2482,2461,4258,3489,4072,4387,3699,1854,3691,3352,2983,5080,3570,4403,4691,4083,5728,2565,3597,2396,2482,2883,3506,3261,2943,3100,4049,2082,1722,2758,913,5943,3894,3440,3461,3140,4733,4527,4357,2493,6306,2841,2284,1697,3370,4208,3689,3022,3765,3617,3892,5580,3193,3765,3719,2659,4021,3322,3249,4404
"COG1005",138,1381,865,127,878,830,458,657,570,1308,1387,1040,1134,1337,1093,1207,684,480,1409,2041,1088,1503,1335,1322,1519,1147,1001,916,948,1320,1216,979,917,498,980,1524,1312,1280,1190,986,643,2091,1339,1242,1524,1370,1680,833,797,1504,477,2424,1070,1135,1261,1061,1323,997,1459,76,157,1196,951,986,1472,1379,1262,509,168,1599,177,1600,1749,863,972,568,1414,752,1159,180,1230,1229,555,816,1607,1082,1379,927,1479,1364,815,1408,857,1150,993,28,1734,1429,926,1159
"COG1006",4,17,42,3,19,50,23,10,45,24,6,19,16,22,44,5,14,7,59,2,24,42,43,23,49,79,62,14,60,19,15,18,77,133,110,43,35,20,120,118,53,23,55,59,47,35,25,11,146,59,49,29,44,47,80,16,28,41,72,5,3,42,25,43,50,19,22,84,1,47,108,7,63,43,12,63,34,37,36,19,23,115,40,11,37,16,59,15,42,57,13,42,31,49,1,13,38,9,117,27
"COG1007",202,1058,1380,266,1087,1215,716,942,803,2020,1856,1577,1756,1802,1477,1774,1460,824,2142,2159,1509,1898,1980,1357,1805,1437,1223,1276,1331,1673,1678,1621,1156,637,1252,2046,1819,2578,1554,1506,922,3003,1751,1553,2472,2407,2218,1163,1215,2337,788,3255,1579,1442,1705,1522,2375,1310,2074,95,247,1844,1301,1190,2425,1856,1663,546,290,2720,623,3202,2326,1396,1479,929,1651,1299,1649,226,1820,1659,695,1072,2449,1701,2503,1669,2082,2080,1352,1869,1044,1625,1680,41,2281,2159,1638,1967
"COG1008",142,1424,1513,150,1533,1061,490,883,424,2618,1981,1425,1407,1782,1182,1481,2142,1305,2006,2823,1552,2402,2105,1712,1789,1649,1362,1411,1485,1803,1984,1992,1476,674,1609,3015,2311,1477,1231,991,1107,2809,2267,1737,2166,1175,2255,988,1054,2367,622,3169,1001,1946,1506,1273,1400,1206,2370,35,207,1807,1190,1340,1924,1766,1611,618,94,2091,963,1859,2664,1539,1633,937,1652,1244,2223,178,2136,1498,698,747,3020,1811,2156,1386,1889,2219,1078,1802,904,1564,887,69,2659,1667,1270,1850
"COG1009",233,1383,1485,345,2569,1380,996,1629,934,2611,1612,1471,1906,1920,1734,2379,2503,1782,2043,3816,1587,2028,1844,3098,1636,1922,1634,1495,1666,1783,1790,1702,1612,733,1562,2242,1912,1835,1951,1402,1529,3977,2507,1667,2249,1756,2760,1179,1284,2378,850,4103,1279,1781,1496,1526,1271,1639,2882,208,340,2047,1327,1136,2595,1571,2495,944,197,3617,1880,3158,2523,2227,1463,1130,1365,1604,1969,194,1787,1719,1015,1015,3123,1656,2474,1551,2083,2500,1233,1461,1029,1939,1006,85,3102,3428,1208,1767
"COG1010",360,912,614,376,234,783,881,698,682,619,451,768,936,709,604,301,1288,671,369,293,1014,972,480,313,807,732,689,765,1321,516,786,447,889,781,909,1189,1106,491,886,676,888,308,943,1094,629,550,882,872,1025,626,794,147,831,916,1134,873,554,887,451,580,236,752,906,588,470,501,482,756,734,785,118,466,768,545,907,1073,1051,742,555,766,679,822,799,774,802,708,911,858,956,634,740,723,662,711,778,984,496,461,837,539
"COG1011",1864,4227,4138,3411,3374,4246,4316,4791,3447,3866,4282,4469,3723,3718,4263,4909,4257,3884,4710,5863,3566,4145,3505,5472,4042,3401,4011,3685,4042,3773,4746,4384,2922,3229,4674,3206,3587,4695,4018,3946,3511,5652,3428,4042,4910,4102,4615,5192,4025,3202,3769,3713,4013,4029,3693,4362,4500,3901,4347,3894,4916,4422,3222,3696,4318,4607,4351,3199,4583,6767,2913,5209,3830,4466,3908,3593,3675,3953,3787,4779,4484,3792,3675,3543,5111,3183,4089,5107,3480,4785,3510,3378,2864,4055,5193,2624,4230,5964,3847,3965
"COG1012",10203,3794,6536,8909,8865,2866,5399,5798,8284,3346,4075,3911,6775,3757,5165,1717,3282,9669,3255,1237,3176,3040,3446,6310,3388,2903,3164,4760,4848,2952,4056,4336,7523,6930,2565,3696,3807,5005,4102,3383,6851,1562,4236,2645,3313,5678,2385,2953,4986,3101,3935,1802,4516,4609,4079,3515,4381,3773,2660,10799,9831,3426,5067,2930,3101,3190,2055,4873,8131,2428,14705,1945,3465,5585,3213,3330,4025,4264,3535,7787,3000,3525,5767,4773,2408,3126,4758,3160,4102,4309,3604,5833,6260,4715,4515,3720,2752,1411,4394,2752
"COG1013",2717,7553,7372,6517,5420,7233,7735,9190,4916,9989,7820,7370,7796,9201,9323,7607,10090,5534,7134,9857,6087,9693,8401,7746,9005,8003,7683,7427,7955,9832,9140,9480,6561,7637,7829,10246,8787,7581,7734,8576,11323,10714,10707,9128,8281,7111,9777,6897,7881,8940,6290,10376,7975,8074,6835,6921,6066,9798,11097,2448,1908,8684,6984,8028,8283,7670,8170,7799,11507,8977,3398,9241,8766,7704,8429,7129,5884,9228,8465,4564,7681,7833,8010,6684,9601,9416,9373,7247,8956,9833,8071,7454,7665,9256,6020,7129,8847,9485,6598,8808
"COG1014",4078,9684,8775,6339,6362,8420,8240,9748,6092,11606,9052,9552,9221,10703,10620,8388,11999,5924,8697,9927,7754,12037,9410,7686,11094,10049,9008,8395,9777,12113,10969,12048,8070,8577,9465,12128,11132,9553,9568,9934,13011,11540,12579,10738,11105,8921,11170,7966,9671,10399,2722,3615,3383,3232,2970,2963,2745,3639,4275,800,623,3633,3158,3148,3134,2984,3028,2956,4179,3543,1230,3380,3877,3160,3353,3046,2621,3666,3468,1612,3417,3192,2999,2527,4140,3691,3944,3149,3811,4164,3222,2982,3152,3677,2559,2319,3211,3102,2650,3270
"COG1015",1026,960,1203,2169,1521,846,1942,1361,1378,880,858,517,1406,839,950,523,1031,2235,438,346,836,644,584,1426,837,1219,991,1482,1066,881,1204,584,1394,1364,1010,570,695,565,585,1100,1072,316,960,1278,720,791,727,971,979,754,1336,352,1107,803,850,1100,473,1298,499,2341,834,524,1085,967,1011,862,694,1528,1865,555,2557,757,523,788,1016,1645,633,1240,425,1909,395,1266,1082,1306,528,1198,467,750,890,750,763,579,2105,849,1063,1834,715,839,763,988
"COG1017",305,82,134,131,767,22,81,12,542,123,200,27,188,70,141,44,71,734,76,9,6,29,11,471,10,0,50,203,139,12,22,136,257,142,11,76,53,43,74,21,83,13,82,7,112,131,18,21,143,12,33,59,16,148,52,48,25,104,26,116,136,41,12,21,91,137,16,12,4,29,1088,23,64,35,5,50,23,55,37,158,109,14,116,26,41,36,97,51,32,14,2,99,31,156,1,2,62,3,115,22
"COG1018",565,215,328,315,1747,50,42,34,817,288,472,50,549,151,385,143,145,1797,232,19,20,72,26,1257,23,5,125,567,435,20,70,330,867,483,58,91,98,97,234,80,409,65,102,20,271,380,41,65,396,322,55,220,60,288,82,97,74,205,124,716,384,137,73,34,200,343,57,92,14,61,2971,19,116,80,33,178,68,116,95,183,266,36,365,43,113,54,201,102,116,57,27,432,76,265,1,16,46,23,283,32
"COG1020",2617,3453,4285,10355,1874,2006,3440,1836,1987,1169,2194,1882,1418,2366,1937,1624,1068,4991,1614,844,1361,1966,1013,935,1746,2645,2357,2556,2744,1530,1376,4610,2139,3298,1871,1630,2849,1383,2457,2347,3393,462,1435,2082,1171,1963,2209,3010,5137,1348,1995,1630,1985,3142,2049,2002,2163,1199,1750,11991,4962,1754,2049,1890,1403,2380,1595,1580,1172,544,5448,3346,2081,3719,3835,1749,1588,2849,1369,2828,2159,2511,2687,2678,1039,1488,1752,2793,1529,1699,1600,3889,1393,2039,3893,1294,714,1047,3344,1636
"COG1021",61,91,239,167,804,115,180,17,188,136,155,165,312,13,198,35,52,975,126,9,12,3,13,482,82,62,10,246,175,2,28,185,353,137,12,127,52,24,159,7,192,14,28,29,120,158,12,34,236,21,9,290,56,83,14,26,66,34,53,218,280,87,40,6,70,240,7,37,1,15,1353,300,86,227,103,55,44,143,61,52,168,14,127,60,56,10,42,5,78,29,8,165,16,137,0,7,20,5,115,8
"COG1022",2922,7079,6913,2252,4458,6459,4483,5756,3775,7575,7173,8790,6519,7756,7472,7123,7468,3313,8233,9442,6955,7645,6913,7105,8488,5718,6038,5601,8299,7563,6956,8987,4264,6807,5863,8766,8232,9896,7800,6148,5964,10403,8720,7270,9712,8847,8613,5725,6598,7375,5242,9935,7156,8149,7682,7888,9325,5979,9089,958,10845,8366,7041,7630,8261,8248,6949,4161,7444,9584,448,9783,9558,6637,7112,5971,6545,10355,9152,4950,8857,8186,6757,6403,9526,6160,10294,8164,8768,9009,6644,8590,8266,8468,6563,6054,7554,7962,7090,6984
"COG1023",0,3,12,50,27,0,9,210,0,0,24,9,2,0,5,0,21,14,4,0,0,1,5,210,0,0,4,0,1,46,0,1,2,0,4,0,0,0,0,0,35,0,0,0,0,0,0,14,5,0,0,25,10,4,2,0,3,4,2,168,257,0,0,51,0,0,5,10,0,3,5,0,0,55,1,0,0,5,9,218,0,1,0,27,0,2,2,36,8,21,0,0,27,2,1,190,0,11,1,3
"COG1024",642,1166,1233,805,3471,960,835,1285,1648,978,1391,618,1947,1005,1706,492,833,3830,565,447,942,853,479,2970,657,1023,865,1769,1027,738,486,688,2036,995,1237,688,590,536,1029,1032,1192,416,822,858,980,741,629,1428,1265,774,802,578,976,798,733,747,320,1334,603,1504,734,658,805,845,1094,1106,1038,852,1978,531,6419,635,742,776,1010,1526,817,877,473,831,705,767,1441,1070,612,810,566,800,986,661,731,774,825,1059,530,1889,647,751,1056,644
"COG1025",61,140,204,211,1243,6,9,22,363,144,317,3,365,11,210,70,29,1177,148,9,14,0,2,752,9,0,0,340,178,0,44,227,584,315,19,42,52,27,93,0,187,23,5,13,169,198,5,37,301,19,1,157,21,156,13,18,61,47,59,263,266,8,22,3,143,267,8,15,0,35,1923,3,59,38,3,56,48,27,44,178,168,11,198,25,97,13,67,10,54,32,7,359,3,131,1,5,10,2,203,3
"COG1026",3747,2146,1938,1591,684,2814,3700,2705,2142,1085,1287,1443,2155,2068,1875,994,2392,2306,906,1100,1894,1424,1891,1054,1530,2761,2383,3124,2092,2404,1580,1148,2573,1202,1885,988,1585,1214,1513,2407,2036,779,1548,2211,1242,955,1475,3096,1547,1761,2426,483,2356,720,1704,2236,619,2064,829,2524,980,1680,2205,2422,1844,1313,2281,2947,4114,1163,1864,1469,837,1468,1883,3396,2205,1712,1041,3921,633,2211,1857,3493,1042,2218,624,2041,1857,1908,2462,541,1397,1731,1989,4057,1269,1949,1090,1723
"COG1027",2178,1175,1191,908,937,956,485,1553,1293,1249,1526,1732,919,1141,2200,2240,1865,1010,1955,619,1101,635,1601,2517,1327,640,1596,1035,1275,1856,968,1579,567,676,1056,1322,1463,1091,1020,961,886,1500,1440,944,1799,1216,494,1111,1029,1661,1042,3629,880,1326,928,888,1279,1270,2448,797,1622,1215,866,882,2418,1707,1057,807,3268,2759,3424,3101,1196,1536,741,937,1096,1625,1648,917,1633,922,974,744,2172,1355,2299,1269,1194,1839,1090,2262,1057,1833,865,1451,2460,813,1858,1926
"COG1028",10152,13048,12655,10794,15126,11101,10681,10749,13017,11985,13359,11061,12929,10062,11425,8314,11416,13360,13598,11282,12710,10839,10572,10148,12944,10870,9891,11274,12774,11113,12329,12493,12389,10184,10710,12870,13123,10634,11595,10755,12789,10732,11580,12801,12101,11383,11081,8695,12461,10756,10054,10068,11292,14391,12642,11441,12155,11245,11137,10065,10151,11443,12622,10328,8302,11424,10610,10426,10533,8367,14815,9560,11873,11512,10721,12335,14921,10105,12487,9323,12798,11560,11134,11885,11452,10392,11658,10674,11810,14276,12931,17072,11576,11355,9751,10716,11107,10422,12160,8949
"COG1030",129,54,97,0,511,247,11,476,90,234,64,103,38,129,384,112,54,47,190,49,73,448,80,142,193,209,165,33,212,214,90,340,365,433,140,85,81,174,487,314,203,181,149,42,128,165,336,79,348,187,155,45,113,241,193,121,151,408,369,88,29,246,181,188,81,266,100,326,620,82,1,204,122,144,141,136,58,256,236,17,132,183,161,28,186,62,252,110,115,113,181,139,168,345,24,707,156,100,85,91
"COG1032",5118,6473,6901,7357,3843,6682,6558,6543,6408,6793,6386,6409,5819,6988,7104,4090,7169,6200,5642,3470,7052,7602,6983,3692,6930,7468,6052,7834,6188,7024,7639,7369,7018,6608,7394,6862,6801,8759,6708,6495,8207,4772,7721,7680,6207,6593,4732,6819,6605,6181,8173,7810,6939,6947,6204,6783,5256,6342,7353,6226,3144,7557,7237,7055,5617,6106,5757,8967,7782,6170,5104,4890,4841,6975,7054,8296,5980,7062,7454,6002,6783,6774,6877,7366,5794,7261,5627,5841,6321,6850,6391,4654,6617,6897,7086,7965,5088,4834,7787,7164
"COG1033",2894,2198,1637,2077,998,3456,5817,2774,2844,1500,1591,2240,3279,3285,1748,1370,2756,2553,797,1612,2612,2494,2847,1037,2611,3871,3126,3584,2180,3370,1886,546,2609,3621,2867,1520,2056,1074,2401,1984,2935,822,1472,2348,1503,638,2460,3748,2286,934,3695,210,3356,1203,2218,2742,1896,2850,1447,1728,1130,2678,2973,3451,2183,891,3429,4837,1188,1124,830,1098,1702,2804,2119,4072,3345,3599,1971,3930,928,2071,4532,3976,1374,3858,719,2153,2487,1224,3694,252,2072,1549,2601,1451,1488,1876,393,2476
"COG1034",1594,1185,1902,1428,2212,1112,1904,1143,1619,842,752,1100,1350,1758,1292,584,785,2070,1536,167,1071,1339,1053,1072,1347,1185,1575,1588,1504,1160,1173,1378,1886,2799,1101,1224,1103,549,1592,958,2104,679,1499,1781,683,1108,1009,920,1676,955,1296,415,1376,1684,1539,1159,965,1881,1196,1864,1247,1217,1288,1121,816,769,743,2465,1115,746,2548,349,673,1612,822,1061,1624,1260,1333,1754,926,624,2530,1163,1582,1153,1042,563,1181,1562,1564,1696,919,1267,1291,849,1141,558,1925,534
"COG1035",210,1732,1911,2819,872,3893,1983,1100,1156,1177,1319,2316,2721,2538,1849,2871,1314,569,2899,1289,2306,1498,1211,179,1981,1081,1752,1008,1019,1618,1376,1275,1293,2162,1592,2877,1212,4094,2617,3097,1409,1278,2024,1290,2253,2046,1705,4581,1908,950,2510,1536,2629,2898,1670,2228,2194,1775,1613,398,1655,2447,1071,1612,1311,1446,2618,1506,1231,1369,254,3274,2529,2539,1821,1317,2154,1608,2043,1825,3060,2265,1558,1728,2345,2513,2386,1411,2264,2395,2879,1821,1597,1009,2369,397,1265,1042,3994,3262
"COG1038",2899,1450,1407,585,651,805,885,1590,561,803,1432,1055,1092,1208,1778,410,939,608,1463,265,896,1472,567,353,1153,706,876,700,1207,1077,965,1316,671,1228,1090,1329,1108,767,1674,1268,1741,967,1230,862,1147,1115,710,884,2059,1107,781,488,1266,1422,1293,1007,1273,1452,1434,1984,511,982,846,953,608,930,622,946,2637,607,117,374,1241,1310,966,1276,1315,1228,1192,722,899,717,1084,972,1141,636,1312,857,1381,1159,891,1272,1194,1309,755,568,691,443,1109,487
"COG1039",22,13,126,136,367,69,240,25,101,27,79,8,16,29,97,64,23,73,65,9,47,87,142,138,113,61,145,16,80,51,56,13,270,155,100,39,43,35,217,305,162,15,66,82,46,76,191,31,160,47,107,76,76,30,76,26,28,139,137,907,59,36,42,195,23,26,319,122,32,30,18,20,38,60,35,90,38,134,91,19,26,51,242,44,36,177,54,33,41,65,15,1,797,84,45,27,127,21,160,151
"COG1040",1793,1848,1388,1476,1475,1934,1935,2091,2188,1573,2000,1998,1444,1556,1674,1952,1971,1505,1146,2766,1426,1609,1832,2135,1674,1642,2074,1786,1812,1961,1497,1604,1629,1549,1965,1314,1407,1594,1880,1801,1949,2037,1795,1593,1799,1526,2313,1888,1731,1619,560,671,567,494,566,592,477,602,630,740,769,531,542,706,609,599,807,541,613,561,342,593,538,594,497,559,408,775,535,715,572,609,667,605,547,594,575,726,517,538,591,588,508,613,613,756,700,838,507,748
"COG1041",12,245,54,158,15,259,300,97,169,1,189,115,200,224,35,97,321,290,7,197,124,175,158,112,116,163,74,594,66,87,147,0,134,301,243,74,100,120,170,159,60,44,163,253,3,23,105,1243,141,193,167,11,359,18,112,157,6,105,60,35,15,108,150,250,89,49,121,276,169,241,8,78,5,44,517,78,5,139,190,42,144,68,118,350,115,293,36,414,136,86,181,8,42,245,403,39,138,129,35,122
"COG1042",1260,2309,1039,176,1589,811,399,365,517,2132,1237,1303,1352,1168,968,344,1839,1363,2010,119,1470,1858,545,894,2448,711,685,714,2074,876,974,2442,1178,1219,1566,1998,1815,1212,1464,574,962,475,1386,1526,1362,1535,886,386,1232,1429,968,325,1217,2037,2120,1437,2141,1008,1820,83,336,1541,1386,410,584,983,339,554,7,658,1517,329,1856,1221,1203,1122,1741,948,2336,777,2381,1619,691,780,1732,560,2357,1996,1765,1310,1139,2698,1044,1948,978,72,956,111,1674,581
"COG1043",620,2216,1597,254,1365,1490,557,1074,1163,2722,2038,1645,1913,1907,1920,2063,1657,1124,3030,2382,1727,2156,2350,1751,2202,1739,1462,1165,1813,1979,1930,2478,1193,952,1588,2862,2110,2560,1895,1576,1217,2445,2437,1757,2713,2532,2140,1357,1712,2887,965,4411,1780,2573,1874,1763,2632,1485,2326,254,347,2051,1599,1543,1852,2334,1714,731,799,2629,861,2227,2776,1562,1947,1166,2008,1743,2636,230,2296,1710,934,1226,3269,2194,2757,2010,2306,2581,1894,2857,1200,2553,1478,1442,2310,1270,2003,2506
"COG1044",720,1181,1273,244,1177,1343,667,1478,1206,1999,1543,1410,1380,1403,1793,1918,1500,788,1498,2221,1171,1412,1688,1445,1491,1113,1356,873,1318,1573,1369,1856,1108,707,1175,1831,1891,1991,1634,1484,1167,2710,1811,1358,2138,1911,1842,1092,1424,2169,778,3060,1380,1614,1424,1320,1462,1337,1895,342,254,1651,1205,1307,1609,1768,1521,544,812,1906,778,1991,1943,1186,1376,998,1595,1510,1795,181,1882,1255,876,1042,2223,1507,2332,1651,1735,2069,1261,1686,982,1998,996,1262,1990,1981,1755,1712
"COG1045",1552,2724,2312,2224,2916,2235,1845,1582,2169,2835,2609,2368,2518,2445,2539,2763,2650,1932,2453,2213,2674,2332,3046,1787,2234,2158,2153,2139,2327,2159,2304,2591,1928,2460,2856,2776,2894,2995,2628,2761,2141,2331,2026,2140,3350,2790,2904,3756,3017,2135,2532,2237,2891,2361,2555,2833,2233,2773,2502,1815,904,2372,2057,2278,2039,2549,2716,2334,1648,2374,972,2218,2608,2860,2621,2287,1992,2479,2860,1468,2561,2699,2077,2154,2488,2387,2257,2205,3086,2968,2688,1698,2213,2486,3045,1855,2152,2774,2356,2819
"COG1047",779,774,796,854,616,693,780,520,821,888,851,645,590,783,727,783,882,922,946,734,589,668,955,573,769,779,588,854,697,928,693,618,580,447,779,767,743,686,825,715,658,1095,714,795,637,729,735,631,818,722,157,296,205,307,229,213,288,238,251,181,80,230,253,220,198,205,261,92,161,268,203,167,214,209,223,155,214,176,254,158,230,269,173,240,313,220,243,188,210,271,219,293,178,230,202,52,187,313,201,232
"COG1048",6285,4084,4695,4911,4549,4343,5764,4265,3137,4061,4242,4252,4594,4361,3755,3528,5253,4968,2840,4264,3589,3994,4797,4973,3400,4104,3528,5210,4712,4951,3935,4330,4793,3345,4194,3969,4445,3423,3172,3448,5101,3479,3444,4874,3478,3259,4436,4715,3618,4496,1419,1972,1385,1110,1118,1292,923,1369,1495,1478,1724,1321,1662,1361,1658,1146,1351,1470,1951,1196,1684,1586,1151,1366,1520,1510,1299,1261,1467,1527,1146,1487,1081,1642,1173,1472,1386,1315,1292,1623,1476,954,813,1489,1383,2140,1269,1351,907,1430
"COG1049",41,124,219,223,1143,6,5,30,384,108,256,5,405,6,199,1284,30,1462,121,8,21,2,1,810,7,2,0,300,163,1,35,176,456,253,19,57,55,31,108,0,170,11,11,15,159,150,16,36,205,16,0,118,24,119,14,20,31,41,57,208,199,4,25,2,110,207,3,22,0,30,1942,5,60,58,6,42,36,20,68,88,126,12,194,44,52,13,56,14,64,26,5,338,1,122,0,11,7,1,169,13
"COG1051",1372,1345,1592,452,804,1294,1421,1981,1499,1656,2135,2287,1347,1447,1636,2295,2180,723,2193,1314,2076,1963,1605,1281,1963,1369,3173,1378,2204,3086,1827,2127,1084,1353,2010,1924,1943,2391,1648,2104,1183,2039,1899,2082,2508,2611,1825,1379,1542,1220,1697,2008,1879,1952,1975,1878,2980,1193,1983,2529,2347,2353,1615,2269,1629,2539,1821,1679,1724,2217,416,1497,2239,1775,1772,1005,2262,1336,2049,1867,2401,1894,983,1688,2543,1631,2765,2511,1748,2229,1836,1642,2149,2118,2021,1412,1799,1319,1587,2017
"COG1052",3397,3932,3277,2642,2839,3148,2971,3526,3711,3351,3030,3420,4199,4143,2971,2453,4150,3497,3260,2301,3488,3925,2619,1552,3816,3319,2940,3666,3939,3032,3807,3599,3482,2718,4148,3768,3892,3549,3141,2671,3533,2617,3769,4321,3956,3510,3368,3086,3166,3351,3680,2652,3662,3531,3927,3634,3153,3179,3630,3136,1828,4071,3772,2933,2882,2709,3360,3590,2575,2522,3244,1987,3865,3900,3158,3361,3863,3782,3567,2618,3472,3875,3272,4435,3962,3771,3799,3600,3964,4582,3299,3439,2643,3587,3479,922,2871,2233,3741,3820
"COG1053",12846,5135,3961,4051,7366,5134,7048,9878,6033,6446,5078,5858,6871,7485,4847,5843,10615,5889,3936,7547,4028,5094,5258,5978,5604,4817,6007,6855,6573,5088,3499,5017,6088,3432,3685,7496,5333,5426,5160,4856,4418,7472,7691,5354,6698,6755,7168,3740,4316,10357,4241,7591,5278,7056,6537,7217,3169,7633,6453,5486,6311,6050,6848,4827,7542,4960,4956,5298,4876,6035,2962,6750,8066,4925,6881,8405,3147,6264,4477,6996,3676,5662,2957,6169,4837,4969,9772,6626,7842,6587,5892,4475,5161,9232,4127,5745,6456,7508,5888,4164
"COG1054",200,113,183,123,616,7,98,38,409,54,137,24,165,18,140,29,13,506,74,18,7,8,13,353,9,3,22,143,68,14,31,125,249,152,39,22,27,35,56,15,134,13,18,32,96,77,6,54,180,88,16,59,74,69,18,18,49,17,31,684,186,23,18,24,78,97,22,9,66,37,956,19,48,73,9,24,44,9,25,164,77,13,105,28,61,17,42,5,55,21,20,119,11,56,33,18,8,19,207,26
"COG1055",2685,1015,974,1184,1350,3146,2044,2794,1787,1888,983,985,1207,1662,2211,3319,1451,1736,512,5096,765,1348,3709,3899,872,2343,2658,1965,1722,2453,1130,526,1614,1311,1114,770,964,923,1943,2193,1077,2769,1484,1143,698,811,2797,1895,1512,3024,1746,6412,1303,1243,1814,1508,509,2752,2055,924,414,991,1819,1510,3102,1610,3390,1293,1622,2625,1161,3526,687,1079,1905,904,1502,1713,945,973,650,1281,2149,1551,884,2765,798,954,1255,850,1803,1073,1069,2207,711,4472,3392,4631,725,3318
"COG1056",31,71,87,111,457,397,72,31,517,40,127,8,122,85,75,52,16,418,79,17,6,18,27,365,75,9,21,121,67,13,42,128,204,242,77,20,23,35,44,54,115,11,12,32,90,64,69,97,203,78,152,36,36,46,27,117,27,23,117,884,81,8,108,132,67,179,40,397,31,34,845,33,128,130,15,31,37,19,22,125,73,6,147,14,65,21,40,28,37,21,520,183,491,53,27,17,26,10,182,33
"COG1057",515,364,393,419,386,514,473,565,456,373,466,573,459,478,537,473,485,364,297,483,458,460,491,600,460,578,490,484,451,492,444,427,478,529,551,358,409,521,547,524,588,540,458,533,489,493,498,435,667,483,1736,1978,1454,1053,1406,1473,1129,1667,1568,1319,1892,1831,1328,1582,1688,1353,1884,1883,1411,1859,708,1795,1318,1675,1227,1539,1254,2266,994,1689,1119,1463,1748,1369,1559,1642,1359,1580,1431,1461,1238,912,1386,1313,1723,1501,1388,1655,1145,1627
"COG1058",1172,998,797,309,1394,843,633,1017,620,1198,717,476,883,981,1407,403,544,1085,944,272,848,919,603,692,932,831,939,673,761,617,546,758,1392,905,682,868,743,446,1159,1012,858,407,857,540,773,693,854,498,1125,638,740,260,789,834,882,860,1499,1227,1095,2096,378,548,671,654,496,925,512,1219,1265,321,1060,628,508,1147,612,1705,1093,782,915,620,690,857,754,822,647,470,608,507,972,545,670,1239,721,750,494,1711,671,495,1373,380
"COG1059",11,19,1,0,0,0,0,1,131,1,2,0,0,0,0,0,0,0,0,0,1,0,0,1,1,0,0,0,5,0,0,0,0,0,0,52,18,1,0,0,0,19,133,0,2,39,0,0,0,0,0,4,0,68,0,0,5,0,0,18,0,0,0,0,0,33,0,0,0,76,0,5,0,0,18,0,9,0,6,0,3,0,0,3,0,0,66,0,0,24,1,144,0,61,1,1,44,0,144,0
"COG1060",1889,3530,3879,4841,2068,3443,3308,2245,2529,4530,3635,2855,3374,3901,3619,2060,2661,2329,3602,2098,3075,3530,2499,2775,3474,2774,2269,3262,3246,3025,3326,3265,2723,2337,3032,4454,3659,4702,3823,4087,2274,4666,4736,3299,3876,4403,3627,3494,3585,3422,2449,1104,4161,3646,3554,3216,3902,2567,3648,2160,1335,3033,3075,3057,2400,4294,1748,1766,2425,3378,1403,4060,3864,3670,4712,2673,3155,3129,3645,1480,3284,3519,1564,3302,4340,2661,4145,3110,4394,4219,4707,3246,2528,4447,4238,6331,3040,3124,3647,2014
"COG1061",6068,3829,4121,6134,2253,6268,4799,6652,3514,3869,3661,3983,6966,6027,5028,16609,6320,3827,28841,10538,5197,4044,9134,5884,3941,3774,4915,4190,4234,4572,3624,2412,4615,3571,2905,5358,3734,5964,6130,7875,4982,7873,6383,2791,4721,5701,4119,7142,3908,5522,6838,4956,3599,3945,2750,4322,11341,3797,2306,7479,6672,4994,5198,5036,4765,5188,8508,2750,3846,3519,1927,4740,4529,4018,5762,4744,4531,11020,3319,5001,4970,4223,3508,4790,2427,6260,3733,4072,3509,3572,6451,5164,7808,3756,6592,5157,5752,12449,2381,5700
"COG1062",790,79,135,85,560,3,0,41,299,70,199,4,193,3,83,37,9,529,104,10,12,4,1,414,1,1,4,168,99,1,40,142,230,104,5,28,22,13,63,4,144,7,19,9,108,90,6,29,143,81,1,61,13,61,19,11,29,27,26,127,91,4,27,2,79,137,2,9,90,21,968,4,53,20,9,24,33,5,38,393,65,5,147,15,51,102,54,11,25,21,8,199,6,71,5,12,6,2,227,25
"COG1063",3855,4218,6727,9590,6601,3632,7039,5463,4473,4999,4178,4698,3598,3217,4198,3567,3396,5818,4819,3182,3178,3821,2221,5769,3870,3227,4130,4264,3164,3499,4271,3519,4115,6115,4776,3685,3455,2824,3440,3417,4984,4784,3389,3869,3086,3644,3957,4310,4245,4266,3505,2194,3867,3472,4252,3468,3859,3778,3626,7877,5949,3072,3272,4328,4757,4677,3910,5451,5833,4985,10187,5894,3834,4339,3335,4683,5303,3515,3900,6636,4000,3703,4822,4033,3260,2912,3349,2807,3480,3801,4025,3489,3797,3255,5095,8111,3979,5233,5323,2972
"COG1064",41,161,221,196,1267,12,36,636,617,132,297,59,573,23,118,58,25,1027,358,14,675,53,68,773,47,20,13,321,125,6,35,176,570,281,115,22,218,34,126,15,185,18,32,111,194,130,17,91,327,85,33,120,70,150,28,20,289,51,78,791,283,12,28,16,125,336,17,372,204,19,1983,5,65,41,13,41,59,26,272,153,270,18,228,34,134,44,180,14,103,27,11,709,31,381,16,19,31,5,290,51
"COG1066",2252,2087,2466,2295,1882,2577,2296,3506,2720,2585,2077,2862,2789,3006,2451,2880,3281,2325,1717,2808,2565,2765,2630,2382,2687,2786,2505,2672,2386,2872,2894,2324,2470,3053,2655,2707,2683,2416,2409,2336,2700,2818,3040,2489,2773,2158,2595,2057,2352,3062,2614,3529,2545,2225,2338,2515,1892,2799,2769,3025,3792,2765,2386,2858,2964,2363,3099,2928,3335,3107,1497,2776,2877,2805,2174,2664,2478,3228,2232,3313,2380,3047,3333,2758,2526,3135,2677,2678,2899,2586,2455,2073,3045,2636,2506,2554,2285,3507,1742,3809
"COG1067",160,207,434,174,1164,784,158,840,1874,1040,282,205,498,192,739,994,178,933,151,152,56,109,49,1252,206,228,232,346,495,505,307,235,726,1948,199,229,202,565,169,648,267,350,110,89,163,119,329,133,379,599,626,124,105,264,298,90,176,527,144,196,166,109,53,1071,446,999,583,627,1311,115,1344,1246,76,117,652,212,68,1476,62,914,155,527,1519,102,317,267,111,109,108,101,702,290,1907,413,25,3596,19,692,137,513
"COG1069",69,501,373,1898,1775,307,288,33,410,391,292,646,518,705,377,167,196,1080,133,13,248,999,197,301,771,508,845,358,687,610,544,422,701,419,537,1222,767,270,759,204,479,99,955,851,341,144,804,134,554,334,921,161,462,689,1162,719,184,263,290,258,165,330,323,313,353,292,323,249,39,69,4176,59,1148,454,521,404,1765,123,314,272,454,460,667,185,561,485,211,721,935,539,147,825,650,243,522,80,229,181,183,193
"COG1070",6502,7067,9229,9417,7702,7246,8618,6714,6393,8057,7117,6805,6547,6429,6212,7440,6150,6911,8592,5849,6806,6747,6258,8702,7787,5499,7242,6747,6408,7229,8550,7841,7041,5357,6788,7459,7484,7681,5751,6206,10063,7367,6478,7615,6650,7468,7942,6922,6261,6948,6947,7409,6684,7029,6315,6241,7755,7136,7336,7093,10864,6156,6103,6881,8269,9483,5911,7662,7528,7566,11273,12145,6508,7189,7928,5435,8179,6674,7248,9319,8026,6627,7908,7007,6063,5677,7164,6208,6288,7131,7807,8380,4974,7483,6730,12425,8115,9727,9627,4185
"COG1071",60,1278,927,49,534,457,79,402,427,1711,889,204,510,573,545,140,532,336,1002,43,1127,448,552,17,1271,409,278,299,709,176,874,1545,1024,827,1016,1741,1224,847,677,204,732,186,329,702,216,1046,303,153,602,662,367,95,650,1561,1018,963,1373,340,1237,1392,216,929,1012,147,115,543,136,732,305,136,203,53,431,807,1198,356,742,203,1865,99,1548,647,852,607,289,297,948,245,820,326,977,2141,448,920,209,68,273,92,1153,151
"COG1072",780,66,212,200,482,12,107,584,551,37,163,18,124,7,91,622,24,463,74,23,19,3,15,402,19,6,11,125,78,51,23,85,198,99,32,16,30,28,41,25,97,11,16,22,41,87,4,45,131,46,17,91,44,80,19,15,28,17,37,1359,348,28,24,54,57,139,12,10,280,38,682,7,16,79,28,38,28,11,36,593,74,7,143,55,52,19,16,30,32,17,29,197,82,41,34,93,7,25,89,33
"COG1073",2868,4216,5943,5876,6143,4817,3724,5616,4710,7415,6000,5778,7013,5863,5893,3482,6010,5136,5993,3978,6347,6250,6243,4308,5902,4941,5003,4994,5092,5040,6012,6976,5505,4214,5506,8593,6499,8574,5010,5169,6387,5787,5811,5388,7635,8520,5390,3810,6432,5458,4618,10614,6096,6668,5983,6677,6836,5155,6187,3561,4858,6701,6227,4879,3669,6179,3638,6322,4054,6232,4292,4880,7238,6024,6946,6136,4919,6137,6295,4020,7148,5469,4894,5634,6099,5270,7607,5248,7371,6991,6102,5094,5530,7171,5493,5338,4623,3334,5808,5679
"COG1074",6284,4246,3795,5802,4328,5626,5871,6749,4314,4076,3754,4152,3989,5410,5046,6054,4641,4921,2723,5066,3960,5074,5641,4716,4677,5583,5763,5372,6038,6940,4338,3165,5558,6615,5015,2673,3897,2981,5012,5016,5676,4599,4056,5207,3583,2786,4549,4896,3879,5201,5098,6606,4233,3224,4194,3509,2567,6700,5496,7747,2661,4522,4553,6849,6193,5301,6671,6996,4746,5026,3040,5735,2666,4829,3594,5449,1874,7119,3660,5860,2612,5518,7803,4504,3282,5344,3335,3164,4084,3367,4263,3633,8301,4626,4120,6441,4306,6193,2311,6671
"COG1075",845,233,56,1077,80,613,109,1,57,34,4,621,21,948,404,294,375,127,50,40,22,372,380,2,194,309,479,299,337,251,77,56,170,517,304,39,158,42,160,364,186,51,218,346,72,104,442,66,259,101,357,11,172,115,170,129,51,511,343,11,24,461,668,607,173,47,175,1376,3,2,266,19,129,131,108,602,50,228,82,148,71,421,500,72,132,233,158,85,174,43,323,154,152,38,111,15,302,65,501,394
"COG1076",341,460,640,212,781,486,356,701,781,829,930,1017,881,588,549,918,978,772,283,1057,442,890,917,1112,476,312,583,602,831,892,742,1176,748,337,499,1110,1157,1243,737,485,478,1320,1014,672,1195,882,1148,400,763,1054,388,2070,726,828,637,654,534,463,685,174,240,872,560,612,850,1081,819,163,173,973,1120,997,1524,456,942,632,616,465,724,225,1007,756,402,500,972,901,1364,1108,966,1360,616,491,569,1130,636,38,833,1258,348,971
"COG1077",4213,2972,2694,2039,1830,4048,3969,4527,3678,3275,2913,2940,3523,3641,3219,3588,3606,2787,2112,3905,2961,3372,3883,3139,3178,3998,3834,4128,3451,3761,3763,2495,3415,4423,3883,3427,3293,3150,3216,3805,4200,3554,3481,3573,3132,2756,4117,4353,3635,3128,4021,3363,3684,2830,2929,3142,1969,3939,3130,3129,1738,3023,3345,4029,3750,2833,4484,3848,3213,3167,1480,3961,3308,3449,3671,3720,3581,4657,2664,3712,2414,3820,4452,4056,3186,4122,3021,3241,3707,3361,3811,2272,4640,3723,3820,4049,3528,4214,2167,3761
"COG1078",1272,991,887,369,297,417,364,915,805,928,710,874,986,904,563,96,1243,445,1459,61,1136,728,421,205,1172,488,385,514,898,673,1197,1722,413,558,993,1120,1284,1653,529,653,694,654,625,1217,1399,1450,390,1049,528,794,547,128,914,860,899,871,1686,409,838,922,583,1308,876,835,526,656,372,662,315,802,35,572,1104,882,860,574,909,689,1303,687,1417,1008,975,742,1818,485,1751,1361,1042,1599,865,1484,598,865,930,49,618,78,1383,484
"COG1079",485,304,371,421,300,349,517,272,291,142,198,356,291,397,330,188,280,254,203,114,266,415,256,45,358,453,530,286,298,239,457,188,425,704,575,171,294,107,514,382,634,94,239,424,216,206,262,227,501,300,1574,243,972,704,1219,1143,468,1815,1183,2546,915,1043,802,1237,853,443,1025,3869,1081,352,1758,286,760,1277,678,1973,986,1088,491,1458,420,883,2435,1066,544,1046,445,761,988,1084,600,445,913,732,603,898,669,637,1007,899
"COG1080",6860,2531,2917,4447,4511,2683,5010,4323,3952,1976,2097,2521,3412,2800,2442,2902,2881,5405,790,1296,2298,1738,2674,3578,1569,3476,2625,4835,2796,3289,2710,1318,3840,2215,2574,1486,2069,1169,1744,2063,3220,934,2456,2906,1879,1432,2214,2690,2138,1664,3593,847,2863,1830,1966,2286,648,2715,1654,4804,4671,2078,3203,2709,2473,1914,2314,2717,4487,1288,6099,1922,1177,2640,2480,4397,2279,2354,1291,5603,959,2010,3207,4465,1103,3017,914,2102,2377,1574,3361,1291,1597,2181,2816,5563,1754,2295,1818,2615
"COG1082",1670,2510,3811,3933,3152,2895,3246,1838,4042,3140,2036,2788,2538,2440,2715,1255,1709,3120,4225,743,2312,2545,2345,1825,3179,2938,2761,1930,3086,2698,2959,3947,3176,5388,3549,2503,2409,2069,3668,2377,3071,1130,2905,2822,2203,3015,2465,2042,3643,2887,2899,679,2799,3422,2610,2604,3683,3197,3054,4591,1837,2253,2541,2413,1328,2301,1476,4649,1916,1325,5670,1273,3355,3154,2307,3124,2428,2181,3137,4232,2347,2629,3288,3075,2000,1811,3001,2877,2718,2429,3425,4605,2342,3390,1863,5724,1711,1772,5083,1757
"COG1083",219,862,756,207,456,562,584,209,1335,803,1100,905,1568,521,575,869,651,469,850,3880,678,685,813,81,871,1158,421,597,946,152,863,1321,412,722,843,1101,1318,607,960,1694,891,127,1057,1203,354,1317,783,693,1011,398,897,154,990,2395,771,827,1798,835,639,84,228,1475,1132,326,913,1028,815,486,433,402,273,619,1438,809,1682,1027,930,507,1050,189,1365,1267,858,979,362,1431,1103,781,773,995,805,696,854,1413,1134,239,1159,172,950,957
"COG1085",213,124,255,203,829,179,76,1248,508,201,143,237,220,44,436,603,97,450,59,99,27,60,6,808,24,87,31,149,112,304,60,103,235,96,87,71,62,198,88,166,243,117,29,35,68,49,49,35,157,227,24,65,29,96,32,15,58,151,142,673,2471,46,31,108,79,375,81,159,1454,46,731,357,32,168,177,181,17,193,44,1420,56,26,190,48,96,49,31,47,35,53,185,98,59,110,18,1862,9,204,81,41
"COG1086",4632,9330,3639,4762,2724,3550,2678,2252,3428,4849,5260,4833,4406,4761,3928,3106,3454,2329,6026,8318,5481,4566,3330,1303,7055,4119,3837,3645,4996,2355,4624,6458,3926,4722,5522,7184,7461,5494,5281,3319,4474,1412,5022,4952,3524,5465,3407,3428,5630,3754,4565,1642,5371,6833,5514,5467,7132,3036,4453,2555,1596,4659,4247,3211,4466,3109,2567,4664,1578,6714,2173,4226,6943,4593,5019,4147,6498,3943,5991,2527,6452,4257,3542,4311,3673,3649,5796,4253,5672,3022,4857,9172,5234,5803,4225,1024,4437,5024,5325,3734
"COG1087",3558,2469,2217,3207,2158,2917,3088,2987,2876,2163,2315,2643,1987,2403,2454,2848,2436,2276,1912,3683,2246,2530,3134,2570,2190,2841,3156,2431,2199,3187,2472,1758,2081,3043,2576,1956,2136,1963,2774,2718,2910,2817,2666,2586,2286,1759,2964,2870,2222,2411,2818,2955,2486,2125,2196,2291,1667,3042,2441,3244,3094,2441,2486,3529,2607,2425,3334,3028,2851,2453,2136,2765,2265,2560,2189,2635,1860,3190,1933,3064,1859,2043,3336,2539,2368,2845,2076,2248,2345,2125,2724,1667,2987,2366,2334,3135,2455,2946,1638,3544
"COG1088",3192,4453,2808,1737,2354,2817,2643,3354,2951,3252,3477,2582,2660,3622,2630,2825,2603,2566,3736,2671,3884,2839,3452,3226,3327,2817,3280,2608,3070,3025,3570,3893,2568,1683,2917,3486,3272,4514,3810,3227,2079,3786,3882,2765,3452,4101,3530,2887,2777,4398,2663,3661,3591,3765,3286,2967,4213,2911,2850,2088,2808,2813,3166,3068,2547,2672,3619,2483,3258,4272,1853,2735,4111,3007,2793,2733,3882,2807,3510,2495,4361,3662,2042,3224,2825,3352,3619,3438,3549,3387,3025,2631,3136,3147,2594,2372,3539,3455,3260,2829
"COG1089",169,2122,1185,173,1278,1668,966,1527,762,2603,1667,1653,2513,1619,1641,1714,2198,715,2150,1823,2130,2000,1671,1599,3143,1970,1679,1407,1312,1837,1519,2027,1542,882,2601,2325,2638,1949,2101,1840,1226,1966,2043,3107,2623,2795,2207,1135,1476,1367,1815,2128,1532,2206,2346,2362,1785,1057,2343,40,217,1547,2500,1165,1847,1611,1498,678,195,2109,228,2257,2549,1507,2329,1644,3016,1153,2037,178,2293,2778,926,1548,2465,1666,3100,2551,1969,2579,2175,2276,1097,1817,1226,83,2114,2240,2045,1095
"COG1090",64,593,412,77,804,144,22,128,362,351,350,157,554,146,190,473,74,538,857,42,459,377,123,309,538,153,135,217,326,51,223,576,388,374,99,597,405,186,411,127,179,78,239,91,285,505,192,138,220,187,154,74,247,523,308,255,891,170,457,89,167,136,345,44,106,231,51,106,3,105,632,32,287,408,152,137,519,123,914,58,587,209,144,151,194,77,462,142,397,170,216,1402,145,412,328,13,296,19,773,59
"COG1091",2647,4735,2241,1732,1498,2089,2886,2370,2500,2585,2937,2100,2312,3010,2126,1955,2419,1828,2882,2570,3032,2758,2623,1364,2518,2578,2837,2271,2794,2935,2164,2597,2462,1767,2394,3098,2616,3206,2664,2260,1788,2957,3551,2325,2700,2844,2725,2639,2397,3178,2486,1564,2600,2806,2661,3006,2364,2179,2456,1812,1581,2419,2641,2581,2235,1607,2240,2091,3257,3281,1063,1840,3711,2469,2319,2864,3185,1757,2795,2444,2667,2810,1537,3295,2222,2730,2797,2897,2918,2683,2780,2858,1842,2448,2013,1465,1962,2050,2677,2388
"COG1092",2044,2226,2274,2552,3614,3230,3304,2640,3449,2628,2643,2659,3210,3193,2927,4049,2973,3507,2001,2565,2556,2984,2810,2697,2948,3187,3026,3591,3045,3264,2793,2146,3705,3197,3016,2280,2585,2686,3276,3031,2894,2616,3248,3043,2941,2661,3222,2857,2624,2830,3425,3079,2961,2199,2804,2899,2146,3550,3031,2447,1042,2761,2921,3105,2983,2505,3677,4123,1948,2568,3131,3038,2204,3016,2377,3563,2681,3453,2457,2421,2074,3050,3763,3725,2429,3263,2774,2836,3091,2841,3022,2293,3662,3224,2724,2457,2800,2908,2108,3214
"COG1098",1057,187,96,413,81,230,140,697,201,256,127,334,215,271,404,132,256,198,27,166,124,214,86,160,207,240,284,195,161,275,195,97,162,299,222,124,115,118,288,290,464,95,142,178,165,25,336,82,360,230,259,26,154,181,157,127,73,387,201,905,222,243,319,425,110,282,338,813,518,50,18,240,140,227,243,543,35,390,92,262,69,124,529,292,111,231,31,62,199,66,260,8,496,92,308,769,87,136,48,334
"COG1099",2,1,0,0,267,0,3,0,0,0,0,3,0,15,0,16,0,0,0,0,0,49,2,0,1,0,0,0,2,2,2,0,166,117,0,0,0,0,10,0,0,0,0,0,0,0,153,1,0,1,0,0,3,0,0,0,0,57,11,0,0,0,0,0,0,0,32,41,0,0,0,0,0,0,0,0,0,0,0,0,0,0,12,0,0,0,0,0,1,0,0,0,1,0,0,0,49,0,0,0
"COG1101",1165,1171,1048,2213,364,1165,1784,1527,1505,509,940,899,1395,1409,885,762,1588,1202,359,669,1049,1007,696,411,1064,1660,1644,1598,927,880,1629,268,1506,1051,1984,837,771,416,932,1116,1895,343,1236,1420,871,571,913,2061,1337,828,1920,307,1399,786,880,1358,319,1662,847,2986,806,1014,1151,1156,1049,550,1079,2147,1097,701,548,416,750,1566,1182,2335,1037,1261,611,1825,547,1152,1631,1998,588,1394,493,1249,1130,851,929,460,784,890,1287,1000,872,934,829,1280
"COG1102",11,2,1,0,0,60,12,3,5,1,11,3,5,16,1,278,1,7,0,1,21,19,11,1,1,33,7,24,6,16,0,0,5,130,3,2,13,9,3,2,7,1,1,1,10,0,0,12,2,5,85,0,9,8,23,75,1,8,4,6,7,14,0,42,49,1,109,33,51,1,0,0,7,0,8,27,0,2,0,0,1,5,15,25,7,72,1,6,0,6,11,0,55,0,13,3,0,8,0,143
"COG1104",5080,2688,2259,4388,1728,3526,4783,3847,3827,1071,1973,2877,3386,3538,2191,2654,3533,3205,629,1406,2906,2914,2729,1260,2582,4540,3628,4397,2726,3264,3173,774,3851,4845,4006,1548,2042,1203,2401,3144,4193,836,2665,3343,1778,1172,2252,4100,2708,1899,4462,695,3591,1516,2331,2910,590,3930,2088,4803,2610,2625,3277,3701,2968,1174,3578,5613,4086,1636,1998,1065,1434,3609,2387,4524,1600,3328,1331,5082,1408,3044,4952,4904,1422,4051,949,2971,2883,1699,3901,863,3843,1863,3862,1984,1984,2131,1157,3447
"COG1105",999,332,406,554,567,437,745,527,634,213,332,263,418,341,365,181,386,730,109,181,274,213,330,526,277,412,395,594,444,551,381,184,511,295,381,185,277,189,232,385,675,139,312,446,196,225,249,481,386,244,1573,325,1284,575,772,1076,370,1150,621,3070,1298,795,1360,1598,1074,1326,1077,1269,1960,628,2365,975,536,1454,1340,2137,1046,1179,623,2241,518,1132,1177,1539,612,1073,398,826,836,576,1490,712,616,939,1428,2612,655,971,1101,1051
"COG1106",1250,1817,2671,2603,461,4683,3396,3919,3719,1818,2827,3901,1787,2858,2650,4742,3006,1425,2293,2396,2304,4006,2781,1274,2087,2682,3253,2388,2695,2487,581,2849,1661,1688,2927,954,3723,5691,2676,3216,1910,5364,2713,2675,5003,4574,5341,6689,3069,2202,3256,2571,2936,2720,2820,3112,4042,2826,2219,2330,2257,3925,3475,4218,6616,3309,7042,1184,1648,7222,1142,7099,3305,3381,3703,2694,5004,2727,2214,1250,1930,4129,2291,2899,3166,3411,5237,6505,1765,2345,2506,4404,2791,3077,4163,1325,3005,3793,2181,3895
"COG1108",2433,1547,1541,682,2979,1691,1534,2646,2198,1923,1909,1747,1247,1536,1866,2133,1884,2699,1479,2230,1615,1742,1964,2083,1583,1846,1618,1510,1712,1485,2104,2181,1622,2219,1788,1726,1603,1741,2141,1679,1487,2201,1505,1388,1710,1359,2104,1592,2005,1517,1216,2096,1372,1695,1361,1462,1177,1770,1967,2822,2114,1713,1739,1742,2004,1864,1490,1444,2175,1648,4778,1896,1808,1914,1679,1184,1150,1313,1573,2339,1690,1567,1974,1970,1678,1203,1590,1419,1455,1880,1783,1567,1798,1641,1739,1972,1880,2156,1783,969
"COG1109",7933,7361,6304,7751,5448,9642,9643,8077,7751,6854,7107,7998,6856,8289,7652,8188,9091,6332,5441,8510,7162,8540,7806,7203,7786,9125,8937,7928,7190,8962,7454,5769,7445,9449,8597,6319,7182,6782,7489,8994,11220,7847,8636,7668,7100,6041,8339,7076,8130,7752,8554,8245,8238,6970,7066,7494,5763,9718,7958,8417,4949,7808,7093,8962,7893,7014,9484,10669,7334,6914,4559,8123,7752,9046,7785,9991,6055,10460,5888,8916,6221,7991,9848,7752,6941,8701,6838,7425,7771,7172,8629,5642,9298,7588,8379,9378,7793,9848,5393,9452
"COG1112",3009,8940,6154,4081,5999,6813,5402,5124,2681,7659,9282,8244,7323,8185,9922,6330,6984,3010,10702,6547,8265,6170,12379,5548,10382,4961,5643,7658,8197,9294,7809,8811,4988,3414,6113,7446,8806,10444,6468,6863,5042,7895,5890,6714,10526,11352,7204,7291,5098,7164,4821,15989,6705,7656,6382,7820,13197,7986,10231,784,7915,7826,6039,5993,7196,9233,5564,3064,7102,8747,5472,8250,9880,7059,7646,3073,5896,8612,12108,3647,10045,6236,3712,5464,6703,8096,8236,6924,6917,9348,7506,10144,4705,8162,7270,3352,17230,9519,7630,10691
"COG1113",4409,461,994,1176,4228,543,115,4268,2675,1231,952,730,1083,30,1422,260,264,3743,458,49,52,2,27,3936,66,9,5,953,555,797,168,716,1914,847,71,242,270,621,344,376,961,403,81,32,471,535,225,116,954,661,7,607,96,435,68,64,292,190,431,4131,6653,37,101,393,432,1517,87,208,4393,167,6246,1328,177,381,658,158,173,535,261,4141,538,65,1076,105,545,77,203,39,174,149,729,905,34,674,14,6119,36,534,695,73
"COG1114",1765,527,673,517,1301,910,516,3304,1615,1315,506,586,788,878,1633,454,714,1103,442,255,466,607,298,1387,581,429,829,585,719,889,495,726,757,1035,708,691,589,666,888,877,1290,658,1014,641,508,1018,546,316,1304,1264,379,339,627,802,508,525,493,1186,1106,2431,1639,419,339,696,412,1131,467,1415,3959,435,1868,1439,334,971,1070,1350,373,1138,361,2058,281,427,1240,950,590,304,696,463,677,806,988,924,598,893,257,4312,436,815,1346,267
"COG1115",5449,5313,5388,5361,2552,5076,8445,5785,6457,3586,4475,4285,5021,5572,5566,7397,5222,5533,3083,5195,4144,4444,3864,5433,3493,5070,5828,5713,4541,5690,4669,3951,4251,3927,4807,4477,3931,2957,5449,5347,5783,4532,5565,5072,3675,3865,4990,6216,5303,3809,4790,3590,5230,4285,4761,4738,2557,6480,4195,5488,2032,4070,4853,5476,5828,3917,6506,6064,5926,4811,3718,6176,3371,4828,4798,6182,4208,4189,3305,7119,2569,3652,4826,6508,3460,4191,3622,3720,4896,4725,4807,3389,4068,5034,4586,6361,4859,6395,5540,3583
"COG1116",2013,1328,1601,2622,2683,1231,1797,845,2572,806,1062,1195,889,1195,1538,694,986,1545,712,580,830,1095,1419,656,711,1248,1480,1458,1530,1058,1314,782,1700,2750,1620,853,1016,750,1343,1559,1309,464,1412,1167,677,1162,1022,933,1823,1173,1745,513,1257,1197,1214,1144,714,1317,871,1775,686,1075,1160,1469,1009,862,1133,1862,3199,918,2420,713,681,1115,884,1689,1521,1294,1026,1766,462,907,1640,1577,673,1248,864,1337,916,1313,1621,878,1318,1479,931,1799,936,660,1599,1226
"COG1117",3691,1990,1530,1850,2018,1516,1859,2430,1936,1459,1849,1621,1804,1832,1577,839,1958,1759,1516,589,1425,2044,1084,1281,1776,1759,1347,1817,1885,2023,2045,1251,1920,1743,1991,1727,1429,1583,1533,1471,2179,1188,1808,1829,1706,1622,1522,1635,1841,1511,1586,574,1855,1720,1585,1538,1345,1873,1675,2945,2774,1854,1596,1723,1181,1446,1216,2375,2146,1122,1598,1059,1469,1901,1595,1972,1529,1278,1406,2910,1516,1767,1655,1898,1786,1508,1779,1778,1853,1444,1887,1430,1342,1904,1926,2547,1169,949,1370,1217
"COG1118",708,656,1292,3305,517,1184,2155,1457,1371,683,615,666,905,847,1014,389,1046,1454,220,523,623,462,631,1174,517,1015,579,1804,866,1087,648,373,815,924,746,444,567,581,680,843,842,311,521,744,501,193,645,1815,657,514,789,181,1151,358,659,771,216,751,322,1380,673,802,1049,1135,574,891,498,537,1803,494,1175,760,230,911,1136,1310,251,910,315,1624,286,546,592,1732,394,1058,250,860,699,445,1062,178,390,835,1364,1967,357,697,242,812
"COG1119",235,758,994,191,1194,816,370,1000,785,1395,1412,1183,678,722,912,1945,1331,713,1616,1424,1076,1100,1406,1916,1250,517,663,797,1152,1094,915,1491,841,560,909,1231,1382,828,1093,521,976,1764,1306,1008,1294,778,1309,672,825,1016,682,2672,588,1192,932,807,1286,815,1887,1061,1414,974,818,782,1423,1290,996,349,674,1986,713,1896,1559,1003,643,616,800,934,1711,467,1584,825,603,558,1406,699,1308,922,763,1583,587,1562,465,1057,551,593,1458,1600,990,546
"COG1120",3001,2535,3183,3727,3809,2892,3412,2683,4819,3548,2801,2163,3092,2687,3255,2126,3022,3368,2939,2890,3192,3926,2446,2330,2852,2298,2845,3015,3559,2940,3140,3254,2778,2543,3252,3293,3322,2957,3826,3184,3758,3203,3737,3017,3069,3034,2731,2854,3740,3564,3021,3077,3326,3154,3776,3045,3040,2908,4123,3442,1388,2970,2713,2294,2754,3041,2224,3867,1299,2990,2669,2496,2431,3215,2815,3195,2751,2812,3397,2529,3240,3148,2590,3709,3130,2980,2986,3084,3474,3165,3494,2934,2343,3862,2796,2111,2678,2806,4154,2615
"COG1121",1888,1694,1571,673,2327,1661,1640,2190,2245,1608,1745,1869,1656,1798,1588,1680,1961,2079,1473,1738,1355,1788,1646,1379,1659,1678,1503,1445,1917,1508,1996,1534,1612,1852,1921,1820,1598,1663,1974,1777,1325,2115,1800,1463,1769,1557,1866,1528,1829,1541,1169,1654,1640,1522,1332,1382,1115,1827,1908,2554,2294,1738,1636,1498,1485,1700,1257,1416,2077,1571,3005,1654,2234,1859,1485,1265,1465,1118,1477,2350,1430,1771,1784,1668,2011,1122,1732,1751,1909,2027,1728,1483,1683,1798,1824,2119,1743,1799,1587,1035
"COG1122",9622,4142,4529,8723,3760,4982,6292,7386,5422,2655,3022,5693,3262,3912,4499,3224,4502,3754,1090,1855,2991,3189,3425,3942,3052,5374,5063,4191,4058,5468,5136,1814,3922,7659,4905,1762,2681,2240,3297,4816,8762,1595,3197,4292,2176,1505,2953,4510,6192,3381,6214,1167,4162,2737,3121,3652,1376,6236,3800,14459,13422,3380,3811,5077,3263,3165,5231,8618,11837,1912,3265,3561,1948,6605,4391,6414,2848,5294,1988,9525,1627,3173,7461,4951,1854,3901,1439,3507,3036,2579,4336,533,3868,2940,5566,14254,2217,3557,2183,4356
"COG1123",1024,494,1043,823,2072,438,880,1189,1294,520,676,1464,1099,714,652,185,692,1435,365,217,496,362,327,1943,476,325,395,783,602,823,352,346,719,1449,319,379,313,274,631,431,370,266,496,216,376,489,228,447,622,858,409,469,432,462,424,497,226,638,631,1319,8587,387,368,486,357,444,267,1109,4688,291,1827,277,352,1025,298,457,277,350,470,2990,303,496,614,1221,275,277,389,713,556,438,524,206,293,598,541,4827,299,425,356,311
"COG1124",449,290,275,221,968,82,259,65,801,316,282,75,348,112,162,110,90,852,257,38,149,123,81,505,83,104,70,314,314,40,134,187,517,267,204,200,156,225,186,228,320,63,175,205,130,330,62,160,278,160,87,163,215,207,191,160,172,104,69,476,272,116,81,58,188,235,84,78,228,185,1587,35,223,82,145,229,159,149,98,216,183,67,230,134,236,77,90,55,182,452,72,211,122,332,118,460,139,70,441,86
"COG1125",99,192,296,472,677,385,94,326,358,121,166,100,188,103,267,49,54,591,180,15,290,106,139,350,145,97,186,115,248,83,127,264,336,483,181,221,201,95,478,341,593,203,451,137,122,408,72,146,442,270,134,148,226,361,287,104,165,128,229,2169,469,98,159,161,105,369,78,55,764,131,806,27,142,267,251,274,161,108,256,226,124,96,167,125,208,122,299,69,178,227,137,401,163,351,187,1016,221,167,675,151
"COG1126",6757,2916,3090,4500,4379,3321,5077,6351,5656,1578,2581,3407,3215,3299,3369,3353,3396,4366,1363,2677,2428,2486,2507,3669,2145,3740,3817,3761,2586,3903,3138,1571,4295,3540,4363,1750,2228,1515,2588,3006,4468,1827,2345,2854,1857,1607,2773,4134,3473,2346,4035,1031,2917,2323,2156,2916,783,4413,2487,8636,8005,2599,3135,3120,3061,1846,3671,5310,7526,1940,4345,1793,1557,3372,2598,3710,2628,2955,1619,7102,1402,2413,4865,3855,1764,3094,1204,2440,2453,2318,3147,1162,2187,2118,2595,5395,2517,3213,1768,3021
"COG1127",687,969,1058,214,969,1159,542,1258,866,1939,919,1183,1252,1139,1806,2097,1252,885,1462,2371,999,1287,1798,1698,1307,825,1379,622,1178,950,1074,1782,965,569,1023,1633,1604,2159,1700,1516,959,1956,1531,1105,1610,1761,1721,813,1609,1444,754,2052,1274,1589,1529,1330,1725,1208,1410,266,275,1384,1043,811,1560,1720,1242,525,672,1771,977,2017,1603,1192,1596,936,1163,1291,1586,182,1737,1257,829,687,1497,1205,1998,1597,1582,1748,1239,1468,1109,1641,1089,1198,1550,2081,1286,1201
"COG1129",2418,5447,6958,15715,7886,3239,7601,2447,8020,1705,3620,2711,4057,3125,4273,5264,2853,10369,3103,1369,2589,2948,2468,5053,2183,4771,5661,4161,2849,2596,3267,3526,6210,4918,5058,2468,2881,1487,3431,3969,4805,1015,3648,3432,2656,3490,2013,6036,4911,4049,1629,620,1350,1101,1089,1049,659,1353,779,3162,2443,772,1197,927,1289,1091,1189,2224,1705,798,6774,534,914,1270,803,1709,1506,750,503,2365,729,959,2058,1359,819,1118,1046,1130,957,1095,851,1776,655,1164,1408,1760,811,978,3105,795
"COG1131",7453,4598,3975,9200,4076,5075,5612,3680,5169,2712,4096,4337,3390,4280,3360,2806,3692,4716,2819,2287,3882,3879,4853,2241,3870,4758,3962,4798,4121,3689,3586,3344,4251,5433,4333,2672,3433,3145,3866,5064,3975,2091,3049,4070,2280,2736,3555,7649,4281,2470,15411,5800,13672,10691,12631,12212,9104,12144,8272,23832,10967,11037,14939,15173,11831,8228,13660,13985,12389,9258,12301,6484,8106,12924,12950,10877,10960,10572,9985,16555,9571,14402,16003,14308,8131,12524,7512,10761,8982,6760,11926,7242,13413,9143,18612,8798,8064,9171,7769,12594
"COG1132",47961,24982,24731,45338,18204,27186,38505,33757,31944,15008,22575,27928,27224,28180,18434,16252,26181,29347,11715,19354,26473,22213,30755,19006,23650,34809,25864,37035,26552,28107,27761,14901,32618,36023,30905,18286,23688,16189,22818,26024,31800,11249,22889,27916,15280,14945,22663,33433,26630,17563,37855,12278,28085,19768,23697,28356,14329,30151,18600,49858,39441,23854,29814,35280,23682,13229,27576,51638,29900,16871,21165,14440,15930,28980,25920,35392,21939,23930,19763,46168,14284,25364,33833,40649,13208,35103,13582,26190,21801,14724,29976,13450,35997,19285,30133,31169,19163,21004,17453,30710
"COG1133",30,51,106,89,615,0,7,11,270,68,152,3,219,5,91,31,8,699,62,4,4,0,1,423,5,2,0,150,81,0,20,84,241,118,9,28,31,12,69,0,68,12,7,6,91,81,3,17,113,12,0,73,13,62,10,7,20,18,23,83,136,5,7,2,63,109,1,9,0,21,927,1,28,19,4,21,27,7,32,62,87,5,104,10,45,10,38,10,24,9,4,188,3,73,1,6,1,2,107,0
"COG1134",3009,1529,2090,3179,1308,1729,2731,1001,2089,1225,2669,1963,1943,1682,1802,823,1589,2257,817,838,1618,1040,1443,793,1145,1941,1323,2009,1638,1502,2241,1037,2109,2206,1672,1691,1379,2862,1100,1797,1529,542,1129,1786,1253,1659,919,1676,1600,907,2462,436,1850,1639,1213,1955,954,1815,850,3203,4587,1751,2034,2012,1619,708,1493,1517,2843,1124,1707,939,1059,1468,2568,1651,756,1351,1252,2159,1292,1970,1563,2160,722,2250,1705,1848,1506,1527,2002,213,2402,1597,2091,2572,958,936,1438,1854
"COG1135",3225,731,1003,1533,848,978,1657,2094,1926,791,625,975,991,1216,1268,2788,940,1128,427,412,900,1052,744,1133,883,1143,1355,939,753,1083,723,494,1625,1092,1278,730,525,447,934,1051,2220,444,1064,899,621,750,850,648,1473,954,451,157,305,308,209,327,106,474,281,1203,914,248,282,318,337,286,361,743,983,153,349,250,189,272,276,564,336,347,189,686,155,314,568,420,201,287,168,278,296,229,255,192,239,319,203,1016,248,269,241,351
"COG1136",13198,13542,11020,17664,10640,14136,14113,12900,13052,9618,11353,14427,12287,13579,10812,12128,13170,10677,10207,9867,11642,11651,14147,10869,12335,15067,14327,12515,13139,13100,12285,10521,11954,13602,14317,9995,11801,11157,11539,12729,11795,10029,10095,12290,11764,9912,10740,16237,11147,10001,14945,9697,14113,10612,11483,12528,10148,12889,10752,15303,19314,12910,13761,15247,13242,8688,15939,16321,15285,12088,5566,11973,12134,12553,11110,13280,11320,12525,11042,17323,9971,15547,12952,16126,11448,13749,10737,12292,11868,11694,13570,8728,14010,10706,14386,10512,10722,11188,8052,13119
"COG1137",666,1129,768,209,1237,1044,461,1073,881,1509,1307,1084,1105,899,1701,2249,1015,812,1439,2116,987,943,1347,1589,1147,702,1130,699,1143,1128,768,1668,869,784,858,1057,1257,1746,1453,1158,733,1756,1293,873,1464,1758,1331,838,1192,1531,687,2100,1024,1367,1118,1129,1579,1073,1427,236,299,1122,841,742,1348,1663,1131,469,685,1823,854,1910,1331,1100,1281,716,864,1112,1281,184,1563,1091,726,769,1233,939,1764,1381,1261,1476,984,1266,847,1623,879,635,1493,1525,1232,1006
"COG1138",388,72,98,83,594,22,37,36,333,134,121,33,205,92,108,23,94,508,62,40,15,37,19,376,30,2,53,191,117,13,21,91,202,68,12,53,52,64,70,31,145,48,66,6,69,137,17,12,96,161,93,303,95,370,159,158,68,214,229,373,309,122,280,79,322,211,84,125,76,37,2752,55,239,78,167,178,76,206,125,81,233,73,96,66,100,129,324,256,179,127,171,65,123,362,7,33,64,29,250,98
"COG1139",407,660,1139,256,833,1281,500,1537,771,1221,1409,734,1369,1192,1697,1051,647,825,1917,1625,952,1020,1699,1869,781,483,888,888,871,1510,1201,1287,731,980,339,1592,986,1879,1123,1130,524,2315,1165,607,1636,1899,1078,860,1244,2460,377,4018,1105,1175,709,1124,1589,899,1566,799,310,932,917,1137,827,2318,1161,359,1237,1286,603,2398,1144,949,1720,614,991,741,1534,121,1114,817,385,880,1414,1405,1494,776,1367,1128,982,1223,588,1509,1258,2955,1974,1781,1372,1618
"COG1140",253,200,208,177,1132,11,29,55,369,125,272,55,452,28,200,50,132,1097,118,30,10,4,47,709,43,5,59,349,163,144,42,219,562,220,13,113,87,65,102,42,168,14,11,8,124,119,18,41,221,151,40,150,47,121,97,72,42,70,46,439,235,58,46,13,152,220,19,55,43,50,1609,6,106,53,23,93,60,92,58,149,151,44,190,47,84,50,167,15,121,83,10,322,70,225,3,30,17,6,177,32
"COG1141",7,42,33,30,26,69,39,64,129,50,36,37,59,42,17,31,39,47,2,37,96,58,35,16,57,102,70,46,21,60,57,3,58,19,68,30,9,13,44,39,19,5,10,79,132,3,76,31,42,15,18,0,67,20,29,48,8,69,12,165,17,58,86,98,23,11,69,31,40,20,2,38,59,37,31,290,4,44,28,85,16,31,95,98,14,79,24,76,76,3,46,0,52,6,37,41,13,44,1,62
"COG1142",207,346,728,624,3574,177,132,514,946,429,869,74,1299,144,744,156,79,2954,559,51,124,113,236,2277,147,232,73,806,571,164,344,735,1425,943,112,249,205,122,594,127,306,105,232,158,522,641,101,168,687,201,303,378,198,543,276,131,301,448,347,391,772,132,218,195,446,422,71,557,278,133,5548,41,306,354,84,264,212,139,297,372,494,215,472,151,286,127,399,103,256,172,71,465,126,713,76,108,115,30,672,114
"COG1143",95,824,495,118,1152,380,220,317,488,735,958,510,627,540,667,555,365,953,792,489,625,735,850,930,755,558,466,629,553,760,611,530,587,460,669,649,563,291,568,414,476,841,677,682,691,452,714,357,548,690,253,1200,360,741,726,502,590,456,849,129,185,509,392,657,688,906,617,334,11,685,1121,728,651,705,423,221,783,364,557,139,677,552,415,198,720,446,409,330,550,548,381,1006,402,559,347,30,584,417,615,559
"COG1144",499,70,54,121,46,213,112,60,103,121,35,99,26,301,57,828,124,24,43,86,164,166,60,112,115,142,142,256,121,88,80,42,99,399,111,87,91,33,77,225,74,80,150,121,24,168,79,57,55,198,246,88,116,156,158,102,27,229,127,23,21,98,235,266,191,34,340,160,22,151,10,10,83,60,159,65,48,346,36,61,39,241,361,39,29,228,221,311,152,123,133,75,505,289,102,44,81,79,373,213
"COG1145",3856,5683,5538,7819,3727,5245,6720,5217,6368,4700,5136,4753,4458,5957,5252,3273,4208,4505,7065,1815,6071,5934,4388,2671,5795,5451,5614,5166,5524,5634,7620,5447,4392,9673,5363,5477,5292,4055,5647,4302,9651,3191,6199,6480,3637,5124,3842,4433,6260,4632,5248,1857,5156,5354,6211,4555,5435,5894,5584,4657,2412,5087,4616,4969,4050,4129,3539,10283,3816,4592,4035,3735,4143,6037,4914,4944,4887,5904,6656,5379,4996,4027,7707,6549,5022,4210,5040,4519,4766,4970,5886,6387,3974,6513,4753,4103,4257,2656,7260,3301
"COG1146",530,678,819,742,883,561,584,594,415,499,774,667,569,529,755,578,619,891,594,627,331,651,972,810,463,639,372,771,662,792,492,728,495,910,682,551,589,610,650,594,381,601,536,440,692,656,721,724,700,481,458,676,601,609,761,554,448,566,736,395,877,569,707,657,606,429,492,389,886,693,836,727,595,571,658,406,449,441,596,511,535,519,357,542,572,565,644,524,524,611,674,375,431,658,742,514,476,495,335,684
"COG1148",404,217,260,747,339,336,578,64,402,310,241,269,74,354,449,127,325,308,959,42,287,418,215,65,443,308,251,164,280,253,163,61,320,891,380,334,182,219,666,445,317,172,799,325,95,663,216,195,388,424,526,44,153,300,604,401,66,469,590,766,185,240,247,427,114,124,259,1870,321,251,0,85,123,617,398,288,183,321,262,550,279,175,484,256,226,160,493,163,187,286,349,308,482,529,327,101,300,198,921,128
"COG1149",19,53,0,0,3,0,1,2,269,40,34,0,0,9,92,17,28,4,29,1,8,16,15,0,15,11,4,0,103,7,11,0,16,5,26,126,19,6,61,21,45,35,545,8,86,158,22,4,37,43,17,0,16,16,4,11,33,27,8,29,0,25,13,4,9,71,8,40,6,104,1,11,8,1,51,14,29,32,188,0,9,15,15,23,5,10,18,1,27,41,7,475,27,235,0,5,89,5,0,9
"COG1150",80,35,97,322,178,128,71,17,29,94,45,51,5,155,98,39,62,21,407,7,98,104,82,10,164,93,60,20,50,47,28,20,85,309,100,24,29,69,199,108,59,57,101,94,14,204,65,35,119,133,26,5,13,32,47,42,5,26,70,45,11,21,39,20,3,14,14,56,19,17,0,5,4,72,31,27,14,35,20,27,28,19,22,15,41,16,54,14,25,29,50,32,63,22,31,8,14,5,82,10
"COG1151",3533,2715,3561,4630,1481,2909,3976,2564,3554,2158,3122,2343,3421,2902,2406,2517,2504,3163,2088,2688,2659,3476,2295,3075,2322,3061,2952,3440,2752,2671,2436,2575,2586,2532,2608,3191,2704,2995,2314,2671,2141,2772,3027,3106,2126,3014,1551,3760,2631,2432,2748,905,3564,2823,2739,3004,2715,2492,2479,2902,1634,2608,3187,2945,3149,2538,2460,3169,3051,1613,2256,4628,2530,2638,3592,2855,2379,2046,2715,4703,2119,2626,2849,4053,1596,2584,2963,2398,2925,2336,3367,2635,2030,2997,3599,3149,3153,1462,3196,1853
"COG1152",310,111,459,1578,40,102,648,63,284,69,116,141,93,115,116,75,195,390,23,46,34,126,67,13,116,143,387,39,119,140,212,37,116,362,304,67,152,49,147,89,258,16,70,93,36,48,128,142,206,33,237,57,153,98,257,103,39,357,209,628,205,85,79,119,44,36,128,2037,264,38,0,104,15,210,89,217,58,119,46,676,16,56,809,172,35,70,46,122,92,79,82,20,145,27,214,67,63,155,1,69
"COG1154",5053,5546,4846,4042,3306,5269,4942,4747,3931,5417,5132,5707,4756,5511,4106,6431,5624,3577,3522,6549,4157,5366,6194,4832,5107,5195,5087,4987,5698,5301,5979,5096,4251,4178,5595,5125,5538,4799,4561,4629,4632,8149,5584,5688,4948,4954,6066,3966,4278,6374,5488,8243,5208,4516,4669,4580,4086,4828,5745,3149,4506,5447,4999,5422,6222,3963,6429,5676,3725,5893,2077,6276,5632,5855,4585,4785,4583,4373,5058,4411,4583,6136,4524,5917,4633,5177,5020,4857,5612,5462,5142,3759,4834,5387,4917,4305,5624,6552,3909,5190
"COG1155",1383,2993,3372,4645,1344,1842,2878,1376,1219,2169,2708,2833,2098,3006,2124,652,2590,1490,2790,594,2367,2630,1556,554,2798,2297,1932,1952,2555,2116,2375,3054,1958,3004,2622,2679,3071,2444,2226,2012,4096,2000,3039,2489,2687,2663,2125,1601,2879,2169,2119,712,3092,2488,2413,2108,2751,2174,2498,2790,1606,2844,2181,2689,1515,2229,1882,3316,1456,1648,1672,1040,3265,3438,2142,2372,2032,3122,2298,2622,2556,2662,2151,2215,3361,1784,3154,2696,3039,3089,2281,1963,3327,2356,3325,989,1331,734,2024,1571
"COG1156",1205,2635,2859,3788,1134,1507,2276,1094,1040,1743,1948,2197,1827,2616,1859,504,1739,1245,2139,553,1979,2236,1209,425,2403,1842,1519,1475,1867,1632,1904,2157,1743,2783,2402,2644,2188,1666,2047,1674,3235,1444,2458,2117,1701,2078,1848,1238,2605,1638,1707,464,2510,2095,2347,1801,1912,1945,2138,1972,1356,2083,1950,1836,1287,1407,1551,2832,1194,1063,1413,682,2428,2972,1720,1863,1898,2321,1879,1948,1825,2149,1819,1745,2301,1485,2019,1816,2860,2379,1979,1805,2554,1743,2959,854,1073,651,1816,1324
"COG1157",1835,708,292,202,774,627,760,401,884,118,475,352,802,518,251,981,671,1107,275,169,261,412,883,450,309,836,469,1403,471,576,390,173,729,318,615,174,529,304,323,583,219,194,341,486,210,307,308,1378,335,565,851,191,499,219,695,485,126,417,99,62,253,307,751,371,603,150,341,89,182,139,2645,184,135,117,601,189,891,186,350,454,366,636,306,878,194,1034,218,421,233,180,886,259,229,487,477,82,388,219,607,519
"COG1158",3016,1171,2192,1981,2571,1789,2267,1882,2339,1570,2163,1988,1519,2234,1403,2481,1698,1989,1684,1810,1833,2007,2318,1971,1689,2509,1699,2774,2169,2590,1844,1384,2318,2306,1965,1306,1941,1251,1327,1684,1550,3156,1801,2071,1872,1604,1663,2477,1228,2383,2029,4177,1596,1392,1731,1400,1253,1708,2600,2122,3209,1823,1984,2298,2960,2289,2466,1234,2678,3083,1769,2760,1389,1501,1561,1430,1857,2596,1265,2598,1254,2338,1965,1989,2279,2208,1538,1498,1624,2427,1152,1629,2060,1893,1636,1484,2250,3231,1133,2501
"COG1159",2343,2082,1770,1580,1556,2244,2265,2746,1934,1870,1516,1951,1487,1903,2309,2957,1932,1692,1891,3530,1788,1939,2708,2592,2073,2191,2534,1756,1871,2259,2121,1871,1794,2618,2189,1893,1849,1356,2084,2233,2459,2165,1930,1969,1611,1417,2227,2181,2215,1789,2344,2500,1680,2047,1752,1887,1411,2477,2031,2051,2573,2006,2022,2441,2475,1984,2779,2396,2217,2197,1260,2238,1700,2313,1857,1914,1601,2674,1843,1921,1666,1865,2923,1766,1821,2229,1466,1730,1626,1717,2141,1991,2909,1749,1796,2365,2155,2784,1674,2275
"COG1160",1396,1430,1416,1552,1117,1509,1524,1586,1319,1377,1655,1512,1317,1587,1422,1396,1442,1245,1272,1583,1305,1511,1477,1409,1348,1421,1350,1461,1374,1545,1372,1391,1374,1573,1502,1748,1400,1780,1489,1603,1348,1745,1608,1450,1526,1486,1479,1734,1411,1388,3866,3869,4786,4426,4147,4369,4423,4387,4375,3994,4886,4627,4529,5182,4404,4947,4582,4356,5205,4397,2268,4630,4047,4598,5278,3987,3894,4803,4231,3990,3983,4231,4448,4278,3870,4512,4595,4361,4734,3921,4757,3558,5137,4741,4909,5330,4309,4713,4381,4120
"COG1161",2400,897,708,1178,363,1267,1615,2167,1282,392,643,821,830,923,767,693,987,909,217,490,859,782,836,677,928,1279,1258,1076,833,950,899,341,1095,1938,1249,557,685,457,730,1334,1309,307,1088,965,545,383,784,1334,1020,528,1600,191,1041,700,676,908,228,1345,652,3212,900,696,945,1650,825,583,1536,1854,1338,525,420,533,440,924,849,1256,859,1525,418,1960,380,1018,2083,1201,384,1313,404,753,739,547,849,493,2726,755,1102,896,700,665,787,1293
"COG1162",2285,2675,1987,1661,1951,2325,2247,2334,2070,1846,2211,1986,2297,2159,2080,2093,1662,2114,2440,2810,2205,2172,2297,2076,2648,2162,2350,2194,1811,2241,2070,1787,2257,3009,2208,2223,2003,1848,2498,2308,2374,2359,2083,2147,2101,2502,2260,2470,2189,2226,1960,2513,2281,2403,2312,2186,2886,2489,2285,2236,1146,2130,2389,2475,2470,1989,2848,2562,1568,2133,1695,1965,1763,2057,2169,2107,2036,2403,2385,1740,2060,2306,2968,2050,1799,2237,1894,1844,2337,1803,2114,2198,3314,1962,2224,673,2506,2337,2475,2489
"COG1164",5081,1269,896,1339,819,1826,3006,1772,2520,390,946,1610,1710,1992,1105,875,1598,1575,455,725,1635,1913,1434,1310,1624,2142,1819,2650,1679,1828,1464,344,2038,2811,2368,955,1132,592,1515,2057,1603,343,1390,2120,904,445,1356,1752,1761,806,2819,297,1724,1065,1837,1994,510,2282,1113,4406,1096,1642,1635,2215,1675,556,1737,6899,1963,899,966,666,961,1169,1458,2609,1246,1566,863,3883,478,1794,2524,2548,652,2519,670,1526,1415,808,1255,695,3707,1242,1238,775,1187,1150,1334,2128
"COG1165",459,1212,1444,601,1565,1520,1035,1716,939,2476,2424,2066,1100,896,1438,1773,1099,1416,1647,3823,1863,1518,1703,2510,2181,1042,3568,1074,1456,2960,688,2038,1072,1060,1750,952,1271,3136,2178,2500,1249,3139,1797,1046,1625,3105,2263,1407,1691,2400,791,3957,1316,1882,2012,1493,1536,2105,2103,416,3100,1727,1131,1762,2047,2262,2638,516,2480,2267,1085,3024,1961,1582,451,664,2544,1598,2396,688,2597,1024,1009,897,1280,1758,1617,1402,1359,2203,524,2954,608,1331,1364,2045,3223,3154,2272,2289
"COG1166",174,2089,1987,242,2247,1405,887,1229,659,2799,2614,1612,1727,1724,1954,3017,2131,1815,2595,3556,2059,2360,2779,2517,2220,1604,1731,1653,1557,2077,2419,2540,2073,710,1672,2913,2474,1711,1838,1499,1246,3224,2181,1738,2406,1725,3054,1150,1606,2867,1025,5239,1434,2191,1821,1787,2028,1652,2832,169,321,2154,1414,1477,2307,2904,1822,792,119,2988,1522,2464,2845,1510,2178,942,1766,1587,2557,194,2592,1793,875,1213,2868,1814,1976,1708,1954,2223,1495,2350,1183,2082,1212,76,2344,2863,1607,2396
"COG1167",7187,2984,3423,6136,3469,4058,4704,4095,6370,2275,2306,3790,2939,3493,3584,3056,3497,4086,2446,1639,2636,2699,3000,2477,2842,4369,4315,4803,3463,3847,3588,2454,4151,3759,4082,1650,2783,1649,2925,3557,6806,993,2444,4377,1723,2403,2502,4208,3759,2248,5376,1098,3574,2443,2645,3016,2813,4668,2896,4373,4311,2733,4018,3921,2879,2443,3345,5479,8295,1514,3303,1762,1677,4027,2890,4422,3081,3735,2246,5837,1690,2632,5698,4297,1679,3572,2166,2567,2583,2401,4068,2344,2382,2397,3525,4147,2019,1960,5194,3631
"COG1168",4105,4429,4436,1834,3839,3161,2991,3223,3649,4348,3591,3780,3558,3847,3756,3352,3323,2941,4970,4481,3668,4414,3383,4273,3629,3412,3104,2979,3447,3419,3771,4843,3363,2633,3343,4881,4294,5141,3230,3182,3072,3721,3772,4155,4540,4954,3289,3016,3740,4511,2536,5100,4363,4044,3781,4000,4681,3198,3291,4314,5517,4206,3307,2888,3206,3553,3316,2694,5203,4354,3610,4715,3922,3066,4506,3199,3757,2282,3708,4228,3914,3034,2227,4106,4460,3732,5046,3993,4528,5884,4227,4165,3518,4836,3564,6255,3465,3664,5428,3537
"COG1169",338,679,989,260,1193,695,473,926,765,1396,955,676,1124,761,988,1508,878,1163,1650,1840,815,834,969,1684,936,720,1066,756,924,1004,1225,1599,919,654,723,1421,1021,1151,938,767,653,1897,847,629,1250,1182,1150,669,717,1296,445,1772,687,918,403,726,1070,820,1202,378,286,1178,748,823,1036,1257,1138,239,134,1857,1481,1627,1067,796,802,594,724,806,1285,169,1421,767,509,583,1354,876,1390,703,864,987,612,1308,407,1054,807,50,1451,1667,974,842
"COG1171",527,541,708,1083,928,596,912,887,953,505,526,522,824,673,696,859,640,1023,319,574,534,691,673,1043,403,826,675,748,524,803,510,714,800,615,557,545,633,659,630,750,1022,436,766,551,549,809,718,616,766,585,1827,2927,2186,1744,1457,1656,1240,2120,2004,3164,2949,1748,2097,2172,2430,2262,2372,1635,4126,2533,3879,3030,1626,1902,2225,2508,1635,1812,1225,2517,1186,1772,1704,2492,1174,1638,2011,1632,2020,2004,2117,1213,1121,2567,2261,3713,2174,2207,2684,1404
"COG1172",1398,4415,5430,10768,4171,1662,4809,1301,4985,973,2247,1413,2072,1694,2468,2957,1778,6248,2448,703,1379,1768,1641,2651,1215,2663,3570,1934,1581,1235,1342,2168,3664,3212,3288,1550,1851,997,1878,2041,3166,647,2583,2276,1414,2532,956,3086,3219,2681,2312,1390,2228,2072,2005,1563,1264,2153,1333,6551,4708,1244,2237,1339,2141,1706,2011,4028,4474,1478,12723,783,1431,2251,1253,2311,1821,1335,1133,4176,1620,1161,3915,2329,1493,1792,2058,1790,1409,2589,1567,3737,1151,2434,2691,2688,1714,1548,6202,1153
"COG1173",5459,3220,3965,5761,4623,2772,4662,3674,5360,2400,2518,3164,3726,2507,2755,1111,2896,4669,1544,1276,2411,2623,1641,3529,2304,3251,2723,3196,2726,2955,2091,1517,4161,4968,3630,2180,2064,1640,2783,2945,4602,1146,3034,2691,2379,2033,2286,3359,3379,2936,3015,1221,3064,2640,2977,2724,1292,3190,2198,6694,8036,2564,2210,2831,2112,1986,2113,6531,8268,1717,6460,1845,2629,2951,2634,4305,1783,2760,1463,6772,1144,2402,4132,4206,1707,2942,1682,2596,2769,2608,2695,1991,2168,2728,2478,7957,1838,2359,3612,2382
"COG1174",270,311,328,767,1114,312,69,396,434,222,254,76,446,110,369,76,65,979,255,16,235,187,157,806,114,91,128,234,363,94,153,291,428,626,109,285,240,112,634,443,807,229,499,124,210,571,77,95,497,386,148,224,246,418,339,100,172,167,318,1704,541,112,144,213,177,472,88,55,1430,137,1469,36,194,204,345,356,190,149,281,236,222,110,242,119,273,88,413,89,241,270,168,532,143,474,99,1458,193,225,1133,122
"COG1175",8158,9643,9092,31881,10580,10234,12718,6729,9111,2199,7157,8995,8356,6167,6818,4035,10042,10215,3717,4318,6067,6788,5930,5824,5788,12062,12651,9300,5945,6473,6109,3373,11607,9740,9647,3009,6123,3019,4646,6886,4358,1474,5617,8610,4125,3544,5224,14658,6240,5223,16036,1764,7853,6062,4437,8642,4969,6329,4348,16282,29697,5245,6622,8410,7500,2847,6944,12533,17657,4492,14700,3001,5295,7918,7032,9239,13739,4615,4488,17429,3645,7105,10834,9694,2800,10994,2583,10149,5337,5241,5941,3499,5630,4642,9943,16564,5498,5093,6679,8924
"COG1176",1870,1669,1795,1985,1487,1901,2162,2291,2774,1145,1701,1311,1843,1835,1841,1909,1860,2032,1752,576,1626,1499,1040,1800,1636,2158,2243,2029,1905,1661,1778,1538,2033,1855,2267,1380,1729,1552,1571,1687,1860,2111,1700,1695,1851,1646,1957,1898,1989,1061,2308,658,1789,1457,1473,1715,1510,1917,1828,2310,912,1682,1597,1532,2116,1184,2232,2112,1436,1638,2210,1615,1977,2036,1470,1890,2333,1407,1468,1781,1465,1613,2142,1788,1623,1709,1608,1401,1639,1796,1625,1754,972,1382,1797,749,2123,2045,1527,1228
"COG1177",2768,2078,1808,3243,1873,1817,2614,2467,3077,1243,2109,1699,1899,2094,1783,1856,2018,2792,1716,652,1545,1770,1049,1896,1712,1986,2143,2304,1927,1958,1571,1455,1892,2058,2513,1393,1732,1023,1646,1545,2161,1847,2175,1882,1737,1255,1831,2502,2001,1229,2063,787,2013,1729,1561,1639,1418,1813,2038,2583,1832,1565,1521,1768,2029,1437,2110,2446,2263,1545,2705,1361,1923,2266,1638,2221,1732,1521,1503,2811,1360,1490,1986,2023,2053,1608,1450,1590,1821,1896,1658,1710,1012,1488,1957,852,1671,1768,1429,1405
"COG1178",441,318,383,166,501,361,254,187,883,368,165,180,382,326,507,198,354,331,382,152,293,340,261,266,287,379,609,387,195,233,283,367,508,556,272,377,316,205,442,348,676,158,480,198,331,607,197,135,421,527,1535,498,919,1243,1042,1167,660,1233,1131,724,233,817,786,632,1129,912,1095,2784,1378,540,3827,790,1203,1283,1047,741,1292,798,426,1069,388,739,1974,1321,718,960,1305,825,924,1620,982,1789,641,1361,344,2439,1307,879,4500,872
"COG1179",1284,1216,1457,1443,1160,1678,2157,1668,1841,1520,1467,1414,1684,1853,1605,1869,1313,1505,1118,1750,1490,1589,1621,1462,1622,1805,1619,1888,1581,1743,1801,951,1593,2004,1774,1402,1220,1476,1701,1763,1630,1768,1680,1701,1576,1366,1700,1696,1519,1567,1430,1699,1744,1249,1408,1445,794,1890,1795,1199,532,1662,1634,2060,1662,1558,2162,2005,1444,1633,759,1832,1443,1518,1583,1820,1282,2004,1219,1622,958,1785,2057,1695,1344,1783,1152,1358,1762,1534,1712,983,2736,1559,1921,1505,1561,1673,1126,1733
"COG1180",2988,2752,3359,3799,3504,2945,3628,3451,3580,1842,2910,1945,2320,2058,2986,2872,1880,3158,2595,3836,2239,1942,4145,3453,2128,2082,2173,2205,2484,2918,1985,2654,2360,3560,2646,1944,2142,2160,2395,2252,2499,4705,2046,1836,1873,2867,1746,2308,2415,2696,794,1242,916,923,756,729,660,804,877,1479,1346,692,716,887,825,741,1049,806,1639,615,1536,645,608,848,687,781,667,817,754,993,681,641,977,852,570,834,742,653,700,676,937,1084,870,1019,726,1221,691,922,941,932
"COG1181",3802,2314,2282,3204,3324,2776,2741,3292,3494,2508,2668,2254,2177,2460,2658,3178,2539,2752,1748,3168,2263,2418,2945,3040,2382,2861,2705,2599,2575,3289,2099,1893,2722,3076,2829,2975,2778,2092,2719,2836,3160,2727,2501,2623,2034,1730,2826,2477,2431,2735,2970,3963,2486,2129,2177,2099,3165,3140,2648,4036,3772,2207,2066,3080,2777,2702,3764,2965,3056,2787,2826,2522,1936,2651,2324,2387,2276,2630,2268,3228,2465,2317,3652,2490,1632,3099,1739,2032,2854,2023,2415,2129,3335,2532,2803,3035,2443,3122,2002,3351
"COG1182",209,74,97,39,236,51,32,15,574,71,150,37,69,136,113,93,52,192,33,22,31,90,24,131,88,36,54,77,106,46,62,44,192,144,76,40,61,28,148,61,201,28,39,59,41,71,96,35,138,65,52,39,36,84,62,51,25,149,56,364,191,46,55,44,50,58,55,114,84,22,250,23,26,49,44,65,37,20,57,120,50,20,230,15,67,47,35,49,38,41,20,79,38,35,70,12,17,22,33,63
"COG1183",391,348,412,209,215,433,356,462,368,492,431,523,325,435,400,475,454,201,415,619,408,423,515,411,429,316,348,273,425,417,398,500,284,260,434,373,444,661,401,475,259,701,420,378,589,517,600,361,426,584,911,2371,1278,1264,1137,1286,1538,1192,1236,590,357,1751,1079,1265,1553,1449,1878,831,811,1775,199,1729,1669,1052,1505,943,1171,1244,1081,698,1538,1214,800,1088,1760,1317,1826,1912,1278,1842,1365,1225,1066,1385,1493,1075,1484,1920,1275,1243
"COG1184",3,2,0,37,61,188,18,15,85,165,1,22,0,14,12,22,0,2,11,4,3,26,1,112,11,5,4,4,3,0,2,6,3,31,99,0,1,4,31,8,64,1,0,4,4,0,0,3,7,80,4,0,8,1,3,0,66,0,2,0,4,4,1,19,24,24,9,7,0,3,6,0,2,13,182,29,3,37,3,0,1,3,0,10,0,5,0,0,8,3,1,0,0,45,40,0,4,98,1,1
"COG1185",2198,4408,4214,3850,4020,4586,4567,4210,3883,4989,3779,4388,4619,5215,4300,5063,5409,3852,3823,5241,4136,5112,4707,4694,4493,5295,4599,4087,4041,4946,4896,3899,4890,5827,4008,4208,4323,4070,4521,5088,4594,5299,5307,3853,4520,3973,5575,3313,3969,4846,4978,6872,4244,4090,4195,4231,3467,5351,4654,4504,4331,4236,3726,4918,5285,4548,5747,5802,4964,4542,2737,4887,4720,5035,4346,4775,4343,5714,4040,3729,4005,4590,5554,4740,5182,5240,4292,4829,4852,4468,4876,3749,7008,4536,4256,6218,4735,6148,3428,5069
"COG1186",2784,2412,2798,2561,2527,2731,2885,3022,2498,2606,2858,2708,2727,2810,2671,3221,2841,2395,2538,3026,2403,2770,2992,3069,2452,2819,2809,2733,2579,3134,2933,2362,2594,3246,2469,2339,2494,2445,2607,2781,2994,3098,2707,2408,2716,2597,2840,2442,2511,3008,2806,3545,2617,2473,2515,2374,1963,3052,3012,2580,3078,2316,2415,2964,3004,2451,3249,3146,2905,3341,2028,3089,2745,2752,2485,2689,2174,2813,2333,2761,2295,2492,3183,2679,2781,2955,2738,2565,2666,2730,2784,2268,3074,2901,2358,2800,2892,2708,2248,2935
"COG1187",3991,1784,2084,2772,2876,2343,3029,2886,3658,2076,2454,2350,2171,2440,2393,2796,2286,2885,1431,1664,2088,2719,2464,2373,2145,3046,2574,3204,2574,3251,2285,1500,2952,3249,2898,1721,1811,1169,2221,2205,3107,1765,2405,2685,1861,1352,2432,2362,2509,2524,2985,2798,2222,1895,2208,2035,988,3071,2765,4137,2659,2285,2385,3424,3286,2410,4327,3682,2600,2227,2815,2401,1663,2580,1534,2501,2049,3383,1479,3601,1311,2519,3642,2380,1962,2998,1522,2079,2163,1583,1991,1566,2911,1784,2188,1951,2261,1932,1372,2961
"COG1188",846,508,752,693,618,780,875,867,1191,681,597,713,852,798,751,824,638,803,915,1007,812,802,985,534,572,912,850,743,787,789,802,685,666,738,720,617,745,846,837,920,580,858,773,585,804,952,731,1043,720,717,815,1070,830,783,651,824,882,816,624,1144,393,760,781,939,737,903,959,718,402,641,717,399,707,740,742,649,640,900,628,848,645,746,738,882,766,724,813,724,757,932,736,801,646,848,844,311,875,747,665,775
"COG1189",1729,1017,775,1477,705,1117,1470,1534,1150,390,554,991,675,996,881,607,1114,875,230,544,621,829,871,700,679,1345,1106,1177,924,1184,873,321,1116,1161,1328,468,666,367,704,1098,1287,313,794,963,494,404,849,1352,991,529,1421,219,1002,518,742,881,253,1334,688,1670,1662,724,1007,1114,809,441,1042,1860,1942,447,408,494,552,1063,924,1292,891,798,428,1700,283,854,1290,1171,430,1101,342,663,671,630,1002,325,1221,687,985,1493,654,689,504,728
"COG1190",3638,3477,3470,3115,4447,3802,3702,4227,3414,4426,3476,3736,3883,4272,3983,3967,4405,4103,3334,3900,3313,4086,3642,4617,3641,3936,3313,3657,3784,4263,4243,3642,3640,4127,3678,4083,3748,3570,3918,4007,4542,4070,4203,3711,4226,3758,4122,3541,3794,4082,3865,4495,3727,3699,3716,3561,3019,4411,4359,3897,4020,3728,3253,4068,3705,3748,4098,4608,4202,3605,3988,3752,4088,3987,3745,4030,3372,4733,3624,3525,3585,3837,4647,3591,4207,3943,4099,3684,4225,3752,3977,3047,4884,3927,3710,4037,3471,4117,2806,4132
"COG1191",1409,1123,931,1656,603,1349,1850,1026,1504,348,853,1120,1095,1211,850,891,1191,1367,269,626,1030,1018,1110,366,1051,1608,1353,1966,1147,1234,1100,278,1372,2140,1679,455,768,414,886,1319,1359,265,608,1415,623,455,824,1796,1034,534,5834,535,3506,1684,2728,3191,821,4163,1817,2624,1652,3389,3593,5780,3146,1377,4981,6284,3201,1295,2730,1185,1697,3846,2853,5242,2075,5460,1253,5151,1182,3987,6848,5131,1292,4720,799,2892,2410,1708,3962,717,7252,1743,4361,1982,1980,2169,1265,4898
"COG1192",6105,4712,6259,6213,8075,7050,8825,7997,6051,3839,7383,6301,7985,7040,7572,9902,4687,6613,4930,6511,5657,6271,6918,5491,5175,6820,7867,6610,6839,6577,7028,4612,5977,7237,6623,2979,4096,4278,7614,8617,5620,10352,5739,6542,6057,3775,6992,7342,6701,4852,7503,3799,8604,4965,5686,6933,8673,6819,5531,7902,8663,5707,6747,7814,6022,4653,7533,8780,7255,5280,6324,6120,5834,6520,5408,9477,4418,7000,4078,9059,3278,8764,7533,8726,4351,6756,3269,4820,7073,4809,5876,2816,7343,5198,6819,5396,6094,7211,3687,6119
"COG1193",4417,4170,3973,4391,2013,4352,5453,6376,3379,3567,4379,3687,3407,4658,3961,4615,4165,3236,3243,6111,3918,3868,5297,4094,4048,5060,4595,4695,3484,5404,4226,3224,3604,5840,4591,3786,3566,2037,4348,4037,4030,5311,4195,5685,3447,2514,4327,3952,3361,4165,4076,5595,3794,3394,3713,3612,2597,5171,5189,5232,2341,3963,4486,4845,4997,3712,5374,5845,3207,4685,1835,4030,2974,4360,3201,4711,2889,4909,3880,4649,3137,4465,5363,4418,3749,4228,3087,2901,3512,2854,3588,3171,4435,3858,4076,2208,4309,6021,3350,5028
"COG1194",1265,1418,1752,1247,1600,1254,1913,1649,1367,1236,1803,1618,1575,1734,1947,1079,1480,1413,1270,1679,1397,1608,1393,1490,1722,1287,1670,1689,1664,1591,1618,1679,1710,1288,1699,1296,1249,1471,1941,1604,1388,1983,1651,1785,1618,1538,1779,1213,1585,1277,1443,2082,1603,1436,1816,1923,1121,2005,1937,2374,2451,1527,1449,1458,1838,1760,1270,1382,1941,1862,1364,1981,1286,1969,1233,1871,1462,1512,1479,1776,1414,1683,1504,1487,1392,1273,1471,1627,1583,1580,1186,1194,1464,1594,1382,1261,1403,1818,1041,967
"COG1195",3224,2818,2954,3446,2397,3343,3550,3252,3425,2248,2773,3568,2567,2797,3132,3882,3078,2672,2273,3943,2345,3050,3358,3152,2769,2886,3656,2671,3089,3124,2969,2712,2774,2845,3046,2204,2898,3500,3075,3165,2959,2973,2632,3133,3085,2457,3086,2893,2954,2916,2982,3439,3035,2538,2782,2895,2572,3127,2610,4307,4299,3201,2362,3512,3622,3164,3258,2979,3794,3494,2054,3610,2590,2972,2619,3116,2747,3656,2220,4105,2807,2886,3527,2804,3018,3365,2849,3694,2648,3218,2903,1989,3894,2744,3299,3128,2708,3268,2166,4119
"COG1196",6628,2661,2487,4822,1448,4016,4394,4423,3395,1760,1958,2997,2830,3662,2658,2207,3389,2967,693,1509,2463,2542,2942,1676,2866,3874,3703,4141,2794,3471,3626,1162,3480,5804,3272,1621,2208,1302,2376,4035,5425,933,2893,3855,1385,1367,2358,3551,2980,2190,4757,736,3327,1723,2394,2574,811,4893,2795,6130,4196,2432,3256,4945,2870,2319,4076,6315,6477,1195,1428,1831,1099,3508,2743,5090,1616,5056,1454,5902,1045,3685,6735,4626,1178,3874,1048,2688,2695,1647,3047,767,7095,2112,3515,4548,1712,2359,1816,4219
"COG1197",7617,5355,5555,6174,5206,6324,7819,8044,6105,6268,5385,5791,5176,6901,5559,7851,7237,5384,4262,8073,5442,6599,6597,6687,5900,6710,6729,6887,6273,7902,6571,5275,6471,7640,6204,5781,6078,4297,5944,6013,8049,6806,6385,5880,4582,4265,7701,5919,4984,6040,6122,8034,5817,4960,5680,5395,4095,7465,7254,9741,8509,5553,5885,7230,6990,5824,7438,8313,7504,6470,3608,7134,4140,6599,6005,6987,3454,7903,5783,8320,4738,5944,8226,6563,5106,6126,4765,5149,5579,4734,5980,4319,8561,6129,5851,8819,6449,8449,3580,5894
"COG1198",5116,3770,4212,4967,3782,4681,4892,5262,4230,4507,4507,4316,4610,5067,4152,5730,4747,4070,3775,5343,3986,4881,4783,4907,4547,4644,4446,5173,4453,5227,4622,3389,3993,5305,4157,4015,3828,4013,4940,4716,4910,5673,5129,4590,4114,3968,5158,4013,3736,4352,4180,6164,4548,3815,4341,3870,3380,5519,5515,5280,5475,4211,4831,4916,5178,4669,5549,5516,4873,5426,2727,5675,3896,4629,3848,4235,2958,5719,3931,5014,3259,4663,5873,4853,4158,4439,4117,3870,5085,3823,4399,3158,6260,4631,4439,4622,4463,6169,3369,4507
"COG1199",6060,1331,1824,4370,3432,2137,3394,2957,3721,1115,1656,1804,2675,1859,1679,1839,1767,3629,612,1151,1382,1356,1455,2196,1407,2776,2498,3199,2035,1955,1504,862,2962,2182,1322,967,1274,1088,1023,2031,2152,681,1519,2023,1082,1162,1512,3005,2158,1280,2845,537,1955,1533,1517,1847,758,1610,961,5046,1818,1297,2227,2099,1449,1972,1910,2626,1518,1021,4325,1107,746,1961,1898,2480,812,1226,877,4440,850,1764,1683,3128,869,2342,799,1737,1425,1120,1913,1027,1277,1809,1572,2904,1132,1472,1296,1779
"COG1200",3960,3523,3244,3607,3581,4146,4009,4807,3152,3512,3277,4110,3280,4221,3511,5323,4230,3361,3367,4904,3496,4149,4398,4882,4192,4015,3931,4203,4044,4830,4306,2709,3840,4706,3833,3223,3407,2742,3696,3798,4446,4186,3920,4422,3259,2523,4908,3442,3217,3867,3810,5997,3127,3061,3832,3042,2840,4857,4709,4583,6326,3526,3635,4354,4402,3659,5002,5014,4810,4677,2579,4728,3131,3961,2875,3835,2941,4685,3209,4598,3089,4227,4830,3688,3999,3973,3144,3702,3501,3407,3392,3302,5941,3409,3540,5098,3841,4865,2864,4319
"COG1201",32,211,783,675,1981,75,75,936,17,153,451,1055,281,62,415,996,287,736,169,21,35,194,24,1339,45,98,58,226,321,912,48,326,283,655,29,79,62,44,242,45,1109,13,74,23,164,109,51,45,213,316,339,223,66,116,21,50,98,237,256,245,6562,29,106,182,69,89,64,768,3690,8,3473,6,215,454,30,149,47,69,109,2122,112,32,67,83,35,169,127,42,59,132,11,541,43,125,29,2833,47,111,699,111
"COG1203",3142,3701,2597,4011,1121,2467,2013,4170,1624,1990,3047,3078,667,2363,2533,2057,1750,1824,519,671,1118,1090,4584,2633,1468,2383,2893,2571,1794,1956,1587,1518,1852,2462,1290,1694,1909,1214,998,3141,1807,4230,976,1302,2178,2038,1356,3415,1852,1270,1864,1640,1908,1508,1355,2284,1315,2300,1200,2532,6518,3091,2560,2634,1025,1186,1689,2702,871,973,2768,1520,1469,1145,1508,3071,1823,1771,1414,4301,1711,2363,2397,2629,1578,1257,1887,1960,1498,961,1758,643,3271,1218,1253,4996,2377,2931,1916,1458
"COG1204",4644,702,279,2033,856,1636,570,813,827,889,986,453,1711,1075,1444,328,459,1459,247,352,776,445,1064,1241,389,659,792,446,1481,291,474,833,496,765,950,390,937,730,759,1732,277,667,522,119,128,335,1198,5018,1424,317,372,22,157,323,313,392,1024,217,380,228,97,651,238,493,195,453,190,670,172,445,59,97,133,322,546,181,193,372,422,26,423,239,242,222,684,231,129,207,128,319,344,498,231,397,103,114,201,43,79,564
"COG1205",88,244,61,3483,779,1457,1570,333,193,408,154,631,622,534,843,3597,401,644,59,388,1310,336,151,5025,623,669,4529,1962,859,2585,104,356,1549,1578,654,1788,1234,406,2556,420,509,1939,704,618,242,756,148,6385,2235,446,1169,108,294,1717,1581,819,756,2131,399,119,123,187,98,2454,4650,1680,633,694,68,1916,102,72,1319,1872,337,384,1005,436,1086,2017,1281,1025,466,762,1285,503,264,298,391,267,1057,642,914,380,39,85,746,6395,3672,1151
"COG1206",1007,436,175,630,331,746,562,1181,460,465,256,583,618,676,636,483,650,416,60,349,396,606,349,510,484,626,716,512,338,859,929,180,563,1690,742,378,313,240,677,552,1655,245,693,728,485,132,646,270,840,333,842,59,497,389,562,495,129,1368,710,1393,376,530,498,1130,410,451,668,2219,965,192,22,558,265,902,498,1312,100,1368,170,763,161,589,1952,637,215,544,211,327,571,159,510,220,1118,394,491,1515,285,430,395,921
"COG1207",1915,568,604,871,1241,867,586,2076,1498,876,605,984,719,782,1046,1356,719,1065,233,420,454,551,548,1363,520,792,687,721,721,1062,1113,393,636,1286,741,491,450,441,699,900,2208,437,869,694,490,457,439,290,1126,818,1056,356,511,680,546,374,307,1284,826,1911,2552,653,796,852,630,759,796,1442,2490,464,1215,874,397,949,822,1046,225,1042,360,1862,375,553,1448,448,357,749,464,531,432,416,783,446,441,758,643,2961,321,674,736,561
"COG1208",1787,3152,2185,1089,897,2488,2235,2543,1655,3927,3080,4317,1963,2612,2913,3401,2996,1490,2615,7124,4014,3505,2938,1888,2203,2706,3599,1886,3084,2593,2764,4782,1792,2324,2783,3520,3394,5057,2965,3539,2974,3144,3287,2828,4104,3777,2220,2032,2683,3430,2497,2078,2652,2606,2703,3482,6055,2097,2368,118,296,4422,3399,2626,2450,2745,3662,1831,1806,3601,712,2336,3082,2423,2326,3426,2940,2373,3334,542,3709,2305,2417,3200,3532,2558,3888,4776,2510,3537,3235,2114,1835,3621,3529,1008,4353,4116,2657,3258
"COG1209",2487,2700,2069,1393,2038,2440,2214,1613,2191,2350,2287,2131,2137,2098,2275,1547,2048,1952,3105,2748,2776,2073,2058,1063,2522,2172,1832,1928,2298,2239,1949,3297,2032,1259,1823,2568,2836,2453,2882,2218,1635,3204,2707,1967,2812,2793,2465,1924,2020,3083,1883,1257,2319,2636,2036,2396,3070,2609,1923,2029,1616,2012,2092,2252,1403,1729,2317,2118,2517,2627,1308,1117,2463,2193,1763,2233,2913,1967,2255,1598,2765,2437,1529,2325,2132,2361,2623,2444,2457,2505,2003,4309,1658,2197,1913,1106,3091,2006,2400,2506
"COG1210",1294,669,579,942,1436,825,814,2727,1627,591,684,449,672,476,1205,2054,615,1001,337,2703,284,302,991,1943,345,395,1129,561,595,1203,582,545,592,608,506,393,370,297,886,772,1699,1396,654,516,471,387,1282,738,1038,476,84,543,155,187,104,152,122,454,230,521,267,85,117,187,408,199,352,303,426,428,739,627,201,227,134,290,76,282,94,496,90,72,321,246,91,99,147,150,157,71,194,300,142,176,128,438,424,743,141,153
"COG1211",5353,2494,1973,3174,1902,2553,2710,3621,2935,2212,2771,2815,2273,2416,2437,3075,2306,1782,2011,3979,2927,2587,2910,3148,2254,2779,2904,2870,2630,2610,2819,1785,2224,2309,2407,2348,2126,2197,2490,2782,2182,3435,2073,2172,2413,2415,4266,2429,2613,2364,2349,3862,2700,2513,2395,2163,1774,3365,2588,1832,2583,2305,2424,2685,3554,2091,3447,2223,2519,4607,1032,3427,2352,2342,2445,1951,2052,2047,1981,2524,2173,3335,2276,2486,1641,3032,2384,2803,2648,1983,2269,2212,1929,2919,3004,2470,2730,3770,2037,2858
"COG1212",1275,1422,802,142,1060,1128,374,1103,760,1612,1266,1219,847,1060,1314,1567,1196,877,1534,1871,913,1190,1089,1354,1220,906,1270,797,1142,1077,1038,1712,874,691,1165,1465,1514,1359,1426,1191,939,1887,1415,890,1417,1440,1487,854,1367,1066,774,1324,823,1675,1241,999,1446,1133,1374,252,363,1331,937,852,1088,1659,1039,807,718,1424,649,1446,1571,1054,1280,749,1105,1176,1416,224,1788,1025,739,572,1728,660,1584,929,1050,1513,1112,1478,895,1763,851,1304,1336,1388,1180,473
"COG1213",21,108,196,10,187,57,5,9,69,68,32,42,65,77,80,23,62,21,213,19,140,146,221,0,127,132,79,23,90,106,49,88,155,98,88,117,56,39,107,34,27,25,82,52,176,490,106,45,164,64,330,9,254,544,195,700,399,148,270,140,21,616,214,231,233,112,182,102,2,204,99,30,117,352,333,485,405,133,612,47,330,428,175,109,143,270,371,276,215,794,171,809,181,188,224,42,362,29,1244,449
"COG1214",1761,1736,1670,1402,1287,1934,2011,2114,2095,1723,1586,1711,1885,1978,1803,2008,1741,1409,1387,2364,1580,1791,1945,1933,1750,1853,1801,1745,1584,1944,1650,1555,1651,1758,2052,1769,1677,1866,1663,1935,2081,1964,1742,1806,1727,1744,2076,2003,1707,1822,1637,2136,1797,1525,1723,1751,1402,1909,1805,2288,1551,1776,1762,2126,1933,1846,2190,1957,1599,1959,844,2207,1573,1754,1919,1822,1708,1978,1483,2002,1386,1677,2268,2183,1709,1893,1619,1762,1891,1829,1842,1342,2450,1862,1943,2240,1849,1984,1330,2255
"COG1215",1833,3813,3452,873,5807,2850,1310,3616,3000,3780,2483,4007,2900,2984,2435,3180,2685,3885,4860,1944,3260,3173,1844,2888,4180,1908,2246,2457,3924,2428,3210,4556,3076,3257,3598,4267,3933,3362,3416,2688,2898,2863,2982,3288,3204,3203,2912,1681,3099,3569,2291,1547,2764,3780,3841,2711,4139,2319,3699,3113,6910,3549,2924,2151,1775,2357,3057,2512,2759,2259,4169,1520,3894,3222,2351,2245,3591,3268,4546,2895,4515,3392,3608,2668,3391,1834,3862,2562,3308,4238,3004,3636,3742,3171,2689,4830,3128,2638,3367,1970
"COG1216",3297,3880,5151,2094,3130,6090,3920,3200,3749,5407,5081,6029,6059,4300,5150,5339,6178,3611,5891,10339,7215,4396,5516,3621,5345,4899,5135,4319,5753,4436,4817,7798,4099,2759,6394,4790,5859,6906,5547,6529,3781,4956,4509,4982,6046,6514,4041,5739,3676,6633,5855,5514,5247,5256,4901,6177,6396,4167,4934,2332,6823,5631,5890,4205,4749,4061,4941,3040,5373,7261,3409,4704,6231,5531,6545,6078,6962,5261,5069,3019,6875,6782,3165,5617,6089,5695,7012,8015,4953,6278,4598,5652,3589,5444,4215,6052,7126,5003,3875,6393
"COG1217",4551,3647,3903,3975,3897,3934,4397,5154,3939,4055,4207,4273,4539,4948,4217,4926,4685,3861,3157,4473,3575,4388,4597,4476,4189,4899,4053,4451,3761,4952,4423,3496,4332,5176,4054,4117,3989,4290,3893,4237,4709,4759,4659,3933,4426,4018,5127,3681,3960,4265,4520,5427,4418,4135,3925,3907,3306,4970,4772,4216,4587,4250,4255,4505,4584,3847,4675,5134,4720,4312,2796,5053,5042,4377,4401,4268,3882,5044,3574,4068,3547,4492,5217,4379,4505,4819,4194,4218,4715,4152,4412,3231,5998,4426,4246,4029,4494,4857,2763,4226
"COG1218",138,810,784,179,698,466,160,201,682,898,1155,1189,941,884,697,155,779,671,1160,214,731,1131,449,278,1055,473,286,739,922,622,868,1276,605,377,870,970,1037,1318,920,504,504,965,983,999,1402,1311,764,462,948,698,622,229,836,1005,993,888,1223,490,866,116,195,1175,769,665,502,898,196,320,173,602,748,454,1401,829,840,642,890,1028,1052,155,1238,1068,393,686,1385,506,1374,1244,1095,1346,741,909,854,1332,925,38,494,67,719,503
"COG1219",4848,3480,3622,4426,2690,4260,4752,3960,3863,2846,3298,3710,3397,3862,3480,3950,3856,3219,2862,4444,3240,2998,3802,3358,3395,4407,4246,4043,3473,3745,3229,2820,3506,3895,3671,2477,3363,2889,3197,4119,3453,3684,3274,3884,2965,2940,3571,4024,3676,3471,4494,3905,3709,3083,3147,3392,2433,3898,3111,4428,4424,3344,3689,3873,4077,3344,4635,3794,4269,3544,2419,3702,2970,3192,3174,3440,3305,3901,2905,4269,2896,3980,4469,4273,3130,4344,3013,3785,3135,3435,3888,2651,4068,3647,3325,4102,3594,4275,2384,4083
"COG1220",1381,185,193,208,885,237,53,967,795,683,301,85,284,197,548,1018,108,950,126,77,20,53,27,1027,60,75,72,257,152,221,36,176,484,669,76,199,160,267,241,269,228,285,420,19,163,263,169,84,306,287,51,123,50,365,160,37,150,331,195,687,455,26,111,269,121,639,157,566,837,149,1600,615,78,50,410,66,91,324,73,499,132,235,254,48,165,90,173,138,86,61,410,469,155,442,3,1938,78,328,425,67
"COG1221",2639,445,1989,2156,1878,1918,2378,256,1674,2262,535,349,870,140,1329,254,533,1743,724,140,394,384,630,3449,179,164,322,619,254,848,622,408,619,492,471,215,695,1449,644,1460,1020,1104,364,716,259,432,547,368,474,977,788,359,645,227,367,276,694,264,297,1275,867,306,87,1912,531,2709,144,339,1232,251,1851,3053,187,695,1418,496,1809,1066,240,1480,183,261,747,443,882,188,237,499,262,660,1793,251,476,967,712,10444,138,1039,876,236
"COG1225",1480,832,1100,1148,809,943,1061,924,1188,890,1194,1257,714,792,1007,674,813,876,1038,1479,742,833,1297,815,964,766,1080,959,1184,1010,982,1268,635,486,1039,893,1085,1326,987,849,633,1287,949,1025,1260,1031,895,1680,1054,1055,818,1100,875,1071,910,999,1335,709,660,731,1461,1103,789,854,854,1151,785,573,640,1160,878,737,1097,732,977,684,1231,755,983,854,1258,827,671,899,1238,897,1234,1112,760,1393,893,975,741,969,1046,397,915,880,873,1076
"COG1226",2704,1379,1536,656,4643,1141,562,940,2054,1240,2134,1084,2568,1037,1143,342,1251,3148,1697,229,1046,1599,663,2499,813,682,815,1821,1248,984,1381,1586,3294,1241,781,1438,1251,2057,791,916,1339,1158,1073,1001,2141,2126,1382,779,1738,1077,1154,739,1132,1335,942,1369,1560,975,950,1294,1470,1108,921,1090,1059,1642,622,817,453,1129,4651,668,1516,885,1281,838,1746,985,1413,1385,1604,912,794,1172,1431,808,1898,1354,1233,1351,1085,2005,719,1684,1158,944,1037,228,1495,462
"COG1227",2874,1285,1522,2494,1266,2003,3522,1958,2179,1012,1066,1073,1635,1602,1057,1374,1656,1962,456,635,1487,1082,1241,788,1418,1763,1758,2252,1667,1720,1250,493,1617,1528,1589,834,994,855,1254,2222,1180,647,1185,1321,1068,742,1358,2096,1244,1088,1715,458,1816,940,1428,1425,429,1889,880,3446,982,1199,1739,2055,1110,921,2377,1817,1414,664,857,1290,737,1359,1516,2565,490,1870,665,3022,349,1929,1616,2770,738,1612,572,1158,1393,1017,2004,483,3909,1168,1294,2657,987,1515,921,1715
"COG1228",789,2413,2102,1343,1510,1523,2029,1181,1443,1785,1413,2035,1722,2400,1524,859,2370,1207,1903,577,1809,2461,1617,853,2210,2141,1517,1641,2194,1483,2839,2475,1782,1794,2951,2375,2497,1789,1826,1417,2930,878,1959,2246,1671,2000,1608,780,2472,1984,2346,843,1796,2302,2195,2152,1636,2195,2172,1090,1253,2304,2437,1236,1256,792,1209,3340,1727,1298,1067,731,2291,2202,1753,1917,2174,2011,2337,1466,1876,1946,2221,1634,2369,1901,2526,2124,1990,2516,1543,2557,1494,2307,1626,438,1328,572,2549,1848
"COG1230",433,1287,294,169,928,231,177,937,397,304,1087,551,439,254,368,90,149,471,766,48,432,646,131,544,551,178,236,483,244,720,100,398,284,411,386,341,331,181,361,297,231,580,412,154,508,498,238,273,180,336,141,353,145,554,382,363,631,207,587,740,1916,204,349,688,244,483,134,167,693,45,723,23,145,365,208,155,488,291,561,886,445,161,241,196,336,252,439,141,231,157,432,1164,273,361,169,532,282,77,463,204
"COG1232",373,1170,1090,1026,1213,318,475,404,371,1322,685,1354,110,751,712,144,871,216,1707,152,1591,758,909,1012,507,1132,706,200,483,391,316,1667,646,483,334,320,837,787,689,199,1298,127,346,568,743,2260,379,624,679,302,232,43,117,388,167,212,469,123,215,89,1095,325,199,316,81,135,586,264,596,74,53,162,235,273,241,79,204,397,437,343,450,127,393,124,74,240,279,124,145,120,512,122,1074,105,156,531,83,71,169,244
"COG1233",86,499,416,119,342,341,64,18,494,672,166,333,976,842,266,85,148,134,1085,358,510,534,352,15,438,333,168,128,235,38,333,326,199,565,167,438,322,1004,474,478,250,235,487,171,560,1445,232,247,320,615,235,40,704,567,655,579,1376,206,741,15,60,328,688,109,127,226,141,272,156,301,5,359,587,410,571,509,795,450,306,196,573,380,175,691,304,206,971,528,1019,548,600,263,470,975,786,28,402,120,1005,77
"COG1234",2210,2051,2470,2457,1429,2301,2836,2289,2161,1809,2349,1522,1941,2023,1907,2081,1976,2059,1682,2972,1842,1783,2169,1899,1670,2220,2173,2409,2153,2569,1619,1753,1958,1330,1907,1632,1750,1674,1910,2257,1085,2253,1863,1875,1962,2218,1871,2358,1530,2614,2050,2931,2072,1600,1828,1995,1577,1578,1819,2663,1057,1726,1914,2383,2070,2008,2711,932,1846,2406,1738,1963,1631,1677,1859,2002,1497,1760,1687,2642,1701,2111,1333,2619,2028,2320,1855,1866,1783,2191,2024,1487,1880,2265,1927,2225,2257,2451,1744,2617
"COG1235",2111,2700,2657,1635,2362,3260,2455,3066,2400,2821,2613,3538,2282,2859,4619,3067,2756,2103,2770,4094,2289,3090,3616,2976,3238,3621,3396,2563,2845,3422,2854,3690,2817,3402,3641,2756,3240,3157,2797,3044,2822,4080,2537,2991,3500,2846,3812,2824,3109,3437,3726,3987,2595,2549,2844,2960,2802,3047,3058,2028,1086,3384,2611,4676,3349,2553,3799,2131,2060,4026,1494,3696,3201,2838,2894,2503,3070,3155,2657,1912,3257,2963,2832,2442,3492,3926,3011,4420,2766,3240,2974,2179,3097,2942,2579,1568,3457,3710,2210,4314
"COG1236",952,1097,873,457,1321,1714,2144,1085,1077,735,862,933,1358,1339,957,729,1458,1502,371,540,1102,1116,900,664,1077,1694,1632,2000,1055,1456,1750,439,1625,2705,1974,723,885,672,1165,1392,2076,465,824,1405,777,474,1491,1931,1572,877,2324,252,1414,691,1082,1223,406,1604,844,1345,612,1204,1248,2619,1122,654,1331,1741,960,642,864,894,840,995,1294,2049,1311,2664,664,1742,673,1133,3856,2022,577,1577,382,1200,1242,798,1692,170,2151,984,922,2211,847,1004,473,1353
"COG1237",438,732,289,18,200,739,389,742,356,420,430,199,196,332,361,100,266,155,506,1729,425,284,258,849,679,241,288,169,420,126,208,509,132,411,550,380,423,385,453,450,145,1421,365,358,335,713,135,127,421,558,380,80,391,994,447,360,532,206,623,172,141,368,281,224,176,560,570,288,136,230,572,291,349,361,334,385,403,337,581,94,509,437,203,277,307,211,531,308,346,390,415,1277,223,715,232,489,306,1353,1276,191
"COG1238",198,617,708,74,429,608,343,540,767,830,875,735,637,778,556,1381,607,438,985,1221,686,867,788,794,925,429,517,590,667,682,807,871,525,264,756,984,833,752,841,599,399,1203,836,735,905,758,950,457,650,981,344,1525,532,948,898,679,812,618,850,93,70,750,636,585,873,903,837,270,73,989,192,1036,1061,490,741,340,853,512,782,99,891,739,520,283,980,761,850,721,884,841,607,965,469,629,489,24,760,843,493,1016
"COG1239",309,237,135,9,24,96,53,173,24,48,64,211,44,106,56,319,96,82,65,156,23,42,30,48,72,79,29,27,52,110,49,53,127,244,35,55,98,25,156,357,421,165,421,62,11,163,12,154,233,74,397,53,33,109,65,60,60,631,55,136,49,103,144,60,248,40,178,1167,135,116,7,10,43,94,33,124,63,115,67,50,42,14,216,45,32,33,211,56,49,57,20,27,291,65,35,45,46,143,701,52
"COG1240",253,111,48,6,17,53,50,102,5,43,53,112,24,54,16,223,72,22,27,90,12,20,38,39,64,86,29,17,41,67,45,25,95,163,16,29,55,18,84,236,261,80,294,33,13,150,9,86,184,28,330,50,33,45,12,42,23,460,43,87,51,57,172,46,175,21,95,710,98,64,4,5,33,23,18,44,42,86,23,17,26,25,143,18,27,26,38,36,30,25,9,27,159,62,2,26,28,82,466,35
"COG1242",1574,1538,1672,1698,903,1726,1894,1474,1698,1196,1681,1760,1056,1530,1450,1601,1814,1525,1603,1702,1320,1548,1889,1650,1347,1551,1629,1682,1770,1785,1592,1526,1183,1185,1611,1050,1479,1256,1267,1670,1712,1804,1345,1574,1425,1133,1268,1898,1135,1522,1622,2124,1292,1114,1219,1167,1410,1628,1386,1894,714,1481,1459,2357,1867,1696,2165,943,1379,2000,1252,1988,1270,1763,1222,1015,1697,2107,1424,1291,1417,1276,1769,1455,1914,1836,1298,1662,987,1701,1610,1649,2502,1431,1464,1403,1470,1553,1426,2092
"COG1243",206,184,121,311,168,282,55,237,349,47,137,272,34,225,317,175,175,60,44,140,61,185,223,38,198,221,259,126,158,302,472,124,95,1133,351,158,163,46,227,189,1470,57,397,225,75,87,197,99,440,114,512,65,145,289,84,56,55,392,285,191,47,189,167,589,181,87,267,879,537,174,1,32,162,429,118,149,74,1263,78,199,127,192,1052,52,63,266,153,96,103,118,167,237,922,167,210,96,102,55,305,488
"COG1246",542,133,133,127,1128,115,27,25,281,283,218,19,254,117,234,318,101,740,135,16,41,75,98,639,63,25,142,213,172,37,59,142,428,201,50,104,98,138,205,191,168,103,112,29,172,185,171,34,323,105,56,131,50,220,109,81,92,133,183,128,157,72,136,86,141,303,32,43,17,58,1280,171,120,43,154,179,66,145,124,80,153,46,134,38,105,48,179,112,62,68,151,143,58,269,1,405,83,58,221,43
"COG1247",1488,917,811,1219,818,997,1305,1290,1276,533,1190,1166,1155,1186,942,797,1398,1081,727,445,882,819,773,565,843,1230,1184,1168,1127,1430,1009,593,1241,851,1104,531,693,1018,864,1008,1053,725,812,887,1787,845,855,890,1132,817,953,353,1059,775,792,1118,597,1132,837,1645,1664,1276,1010,1221,799,926,803,1300,1383,1005,483,918,856,792,907,1570,953,899,675,1477,823,1015,1032,1349,900,1160,689,1443,998,1334,1360,690,752,961,955,1465,743,619,583,1026
"COG1249",1670,5513,4507,1310,4786,2366,828,2949,3248,5372,4724,3284,3348,3034,3168,1554,4125,4224,5124,963,3882,3388,1994,2446,4483,2131,1495,2140,4088,2430,3688,6355,3513,3380,2997,6155,4933,4204,3769,2278,3492,2229,3753,3293,4493,4791,2527,1442,3981,4354,2083,1853,3118,5023,4482,3637,4722,2267,4302,8650,3871,3360,3631,1759,1734,4289,1133,1884,2525,2203,5448,1835,4767,3643,4117,2560,4449,2888,6054,1864,5380,3417,2263,2474,4385,2453,5513,3597,4135,4416,3366,6421,2537,4692,2820,3293,2014,678,4709,2444
"COG1250",335,1249,1152,513,2381,815,1028,1175,1563,520,1133,449,1519,1146,1406,507,905,2594,361,355,662,662,419,1913,703,1003,747,1499,997,891,626,513,1857,1238,1054,520,558,291,1115,876,1499,316,640,985,753,576,534,1097,1244,454,976,376,1019,735,659,802,275,843,620,1244,2409,602,713,613,953,609,1116,882,1831,455,4312,224,1190,982,676,1248,694,800,549,1414,702,866,1338,1141,489,790,722,737,800,343,441,777,674,726,652,1086,440,583,848,698
"COG1251",593,233,544,454,1405,23,94,34,1140,184,420,49,553,71,221,98,88,1522,274,38,64,30,30,902,50,84,64,415,302,22,95,422,885,611,94,136,168,79,185,156,458,39,59,111,228,357,48,112,447,537,57,267,207,247,85,82,187,74,62,880,888,63,59,131,199,449,18,46,70,81,3064,84,184,185,33,156,153,54,88,497,212,164,339,141,165,40,162,80,150,127,62,455,26,215,97,89,43,25,613,50
"COG1252",98,1019,732,218,821,635,224,1222,532,1370,719,307,723,365,741,845,296,614,1101,1612,1141,615,608,1036,971,727,603,275,593,347,550,1172,666,530,847,1206,971,677,833,528,476,818,350,619,302,826,1030,259,529,748,207,600,465,1052,647,712,672,532,875,710,607,826,689,153,749,849,636,216,212,538,823,761,408,586,951,215,687,276,1214,516,1284,652,592,362,342,541,857,258,631,370,678,1871,340,963,271,619,768,1172,839,749
"COG1253",6468,5123,4989,4108,5978,6298,5263,6875,5194,6889,5289,6281,4786,5870,6660,6442,5629,5097,6523,8163,4975,6032,7228,6287,5913,6005,6106,5436,6751,5846,5355,6000,5509,6735,6548,4769,5491,5524,6477,6596,5847,7126,6055,6086,5785,5539,6564,5954,5781,6307,6113,8564,5359,5669,5700,5108,5254,6486,7098,5236,7783,6519,5539,5987,5633,6623,6316,6500,6215,6595,4095,5928,5625,6047,5319,5386,5127,5458,5725,5796,5503,5862,6133,5009,7187,6026,6254,6161,5116,6270,5426,6325,5019,6250,4439,6804,6351,7025,5252,6603
"COG1254",798,148,319,804,162,181,594,406,423,125,159,183,226,160,119,96,262,385,57,72,219,94,200,218,157,214,116,306,194,183,173,58,236,142,316,86,76,88,161,201,129,77,73,237,153,79,90,592,161,139,222,67,238,124,190,240,63,120,100,904,576,133,171,299,118,147,304,162,691,89,230,133,73,187,302,204,44,166,46,745,79,179,142,441,93,227,69,206,160,65,254,66,105,143,222,261,87,178,91,205
"COG1256",3981,1384,352,196,763,1583,2152,976,1886,79,1043,945,1468,1267,469,2001,1398,1960,222,587,1272,980,2080,705,777,2307,1232,3263,1659,1634,878,204,1450,491,1379,301,1127,791,709,1415,327,438,709,1296,163,373,675,3048,751,876,2319,144,1462,345,1185,1194,79,1066,136,142,158,730,2084,953,1567,191,747,219,498,635,1345,424,200,196,1478,203,1441,355,794,756,459,1958,832,2388,421,2406,328,1056,513,387,2394,537,508,1099,1040,77,1028,683,522,1202
"COG1257",877,68,92,27,14,9,40,810,78,2,41,7,2,21,17,4,3,1,5,1,8,0,16,13,3,6,6,2,27,28,3,59,13,169,24,9,1,6,5,4,177,8,12,4,4,4,0,3,74,77,14,21,24,17,14,17,0,25,68,1403,286,10,34,9,0,3,10,22,355,9,0,0,1,14,9,21,5,6,19,485,3,2,43,12,1,2,17,12,32,1,12,1,3,9,5,27,15,10,39,1
"COG1259",54,740,447,10,396,259,42,72,127,608,687,448,361,413,288,37,324,172,915,24,608,536,909,20,749,582,210,330,500,245,547,702,376,241,597,798,674,447,359,256,387,556,493,655,598,545,464,320,419,423,225,1169,410,705,671,464,697,312,588,15,75,578,496,234,150,528,109,206,116,341,5,125,724,456,380,244,621,229,682,34,662,514,175,225,802,288,602,398,532,450,434,891,313,395,326,14,319,63,530,206
"COG1260",108,656,1196,115,296,1172,723,1183,278,1773,668,1241,983,1203,1321,1590,1038,395,1408,3671,1125,1621,1796,2084,1379,900,1425,530,1010,948,1393,1227,649,612,1026,1968,1403,1780,1212,1052,721,2583,1278,1174,1453,1327,1925,1003,998,1551,592,3408,1178,1185,1172,1098,1403,1000,1303,87,1542,1491,963,813,1630,1116,1315,373,179,1954,2,2005,1618,1023,1269,711,1302,672,1383,412,1517,1330,534,675,1660,1372,1496,1126,1399,1589,942,769,809,1119,1174,1117,2291,2846,978,1691
"COG1261",8,31,49,42,220,1,1,10,3,21,53,2,147,2,42,391,2,228,44,1,7,0,1,175,7,0,43,80,34,1,7,39,84,53,15,9,8,3,13,1,0,1,3,2,24,40,3,7,55,7,0,29,5,36,76,3,8,7,8,31,80,0,2,0,25,32,1,4,0,2,366,2,15,9,0,23,8,1,6,24,30,2,9,7,8,21,14,2,11,13,3,71,1,58,0,2,1,0,44,3
"COG1262",194,452,2521,155,2648,1701,605,1510,1240,3026,1758,1256,1737,1890,1871,5494,1706,504,2897,3214,3567,1963,3346,1843,1296,1687,2157,704,2146,936,1870,1667,3913,3472,740,4904,1947,3047,2718,1089,1151,2544,1645,658,1068,4332,3930,1155,2686,3027,1058,5201,2010,2980,3140,3069,3235,2233,2285,52,195,1583,4130,587,2423,1784,2410,640,363,3080,11,3161,1936,1408,1671,1259,1336,1309,4745,164,2102,1012,2277,1048,983,1077,3851,1512,2718,2063,2488,2620,1543,2393,1460,49,2581,2540,1610,1085
"COG1263",9334,4480,7811,10070,8550,2792,10804,9926,10549,3794,3506,2751,4855,3033,4541,1439,4106,9626,2219,1721,2074,1566,1488,7956,2646,3678,2923,4367,4518,3326,1846,2918,4659,3099,2766,2424,2086,2601,2014,3328,4902,2044,5079,3986,3826,3377,3384,4167,3131,2528,3034,2064,4767,4753,1874,3811,2212,2664,1701,16441,9169,2454,3990,4551,2746,4229,1835,2473,9588,2564,16705,4509,4033,4579,5083,9785,2041,4296,1803,13903,1350,1989,2885,5706,1824,2597,2454,2775,3651,3006,3515,4128,1935,4280,4174,12221,1769,2986,5771,2340
"COG1264",9388,3871,7421,10066,8025,2695,10728,9404,9600,2756,3201,2601,4610,2762,4079,1385,3651,8947,2054,1679,1949,1426,1486,7367,2631,3392,2832,4131,4310,3034,1620,2726,4579,3038,2419,2146,1815,2069,1964,2798,4860,1734,4375,3906,3688,3033,2908,3644,2939,2061,2883,1900,4266,3813,1784,3572,1958,2457,1618,15066,8950,2169,3616,4132,2623,3796,1771,2373,9216,2276,16141,3607,3727,4119,4293,8243,1937,3872,1731,13629,1320,1849,2738,5522,1604,2389,2038,2620,3201,2346,2832,3651,1863,3805,3996,9930,1633,2683,5343,2104
"COG1266",1209,2806,1446,2944,2125,2482,2883,1971,2638,1304,2243,2034,2579,2592,1877,2347,2351,1926,1637,2844,2245,2088,5123,1969,2158,2132,1963,2755,2091,2435,2239,1687,1737,1564,2250,1493,1820,2458,2018,2019,1278,2082,1517,2301,2266,2100,2659,3398,1894,2122,2413,4805,2724,1766,2043,2433,2040,2138,1923,3611,1024,2381,2806,2390,2669,1414,2730,2332,1406,3235,1451,3176,2146,1780,2615,1804,1702,1815,1712,2283,1852,2226,1805,2919,1847,3001,1890,2704,2507,2102,2909,1792,1503,2281,2839,591,2064,2718,1624,3101
"COG1267",133,141,90,24,132,174,54,161,163,154,160,211,76,87,121,194,161,114,101,361,69,162,144,290,166,120,126,102,209,73,110,170,78,85,205,192,172,122,135,65,89,224,159,194,186,83,237,116,148,165,227,1027,260,528,546,311,338,476,385,192,122,479,269,184,149,299,450,160,52,340,462,97,698,408,284,282,514,354,495,49,602,444,246,70,495,289,531,551,360,709,229,257,325,301,254,13,1275,573,485,377
"COG1268",1813,851,863,1551,386,1092,1420,1037,952,428,616,969,688,920,834,596,1080,846,332,519,619,606,781,624,540,994,773,1095,808,1049,942,374,758,914,1118,411,553,451,665,1049,1133,314,527,883,412,398,542,1063,917,526,996,210,883,471,774,791,282,1235,537,1762,1513,696,835,1057,687,504,943,1495,1893,392,671,874,364,976,736,1183,520,928,323,1340,261,823,1065,1055,455,1011,223,804,557,755,1021,187,673,656,1047,2039,451,707,431,826
"COG1269",1679,2983,3019,4764,1424,1963,2805,1311,1242,2062,2822,3239,2122,2869,2447,630,2655,1373,2726,915,2402,2569,1187,532,2834,2028,2355,1853,2757,2420,1992,2937,2122,3211,2590,2374,2721,2487,2517,2359,4786,1891,3032,2410,2682,2679,2077,1614,3280,2142,2337,712,3063,2549,2782,2290,2973,2174,2715,2977,1669,2782,2203,2679,1623,2377,2061,3332,1714,1751,1859,1024,3223,3843,2175,2540,2201,3487,2383,3089,2774,2782,2459,2079,3028,1770,3146,2865,3047,3142,2515,2335,2952,2440,4343,1249,1340,844,2477,1824
"COG1270",584,954,1369,892,629,1015,1187,1006,993,1252,860,1069,975,909,760,1047,1703,1016,657,303,1148,1004,692,571,887,1096,841,937,1525,1164,1548,1312,1383,702,1438,1474,1420,918,960,944,1137,650,1248,1393,1008,759,1010,1044,970,1177,1152,275,974,1087,1197,1149,434,1159,853,860,496,1566,1441,1122,594,1115,564,1062,993,818,361,893,830,700,1327,1451,1163,980,1195,993,1428,993,997,1143,1426,1010,1112,1030,1002,1404,1243,736,695,1204,805,1942,567,626,1133,745
"COG1271",809,1457,1256,227,1785,1316,587,1798,1308,2864,1751,1403,1060,1496,1493,1394,1939,1199,1807,1906,1352,1906,1044,1856,1603,1164,1224,1159,1490,1561,1710,2251,1706,847,1415,2269,2178,1487,1652,1167,1427,2350,2039,1460,1694,1246,1910,744,1312,2278,815,1176,917,1799,1688,1360,1447,1272,2152,1173,643,1639,1387,1171,1431,2001,1378,594,236,1787,1113,1720,1930,1428,1620,914,1155,1421,2100,787,2083,1462,928,792,2247,1437,1884,1221,1520,1883,1115,1990,992,1712,695,1354,1937,2031,998,1599
"COG1272",1916,1369,1510,2028,1061,1403,1481,1115,1583,1028,920,1326,961,1268,1392,722,1068,1101,1259,1276,1091,658,1227,1203,985,880,1207,1102,1279,1036,1153,1156,932,1313,942,1055,1204,1420,1252,1308,1341,1082,1095,866,929,1484,1027,1037,1433,1386,1366,1431,1187,1334,1362,1258,1155,895,1045,1706,3041,1021,1196,1076,1010,842,1199,832,1821,1195,733,1484,1072,1365,1243,858,1326,1387,1100,1585,959,1071,1317,1085,1308,1460,1085,1054,1150,1150,1601,1184,1806,1460,1624,2106,930,946,1325,1612
"COG1273",16,46,3,45,72,0,0,1,1,2,26,3,9,7,6,64,0,1,14,0,1,8,11,27,2,44,1,1,5,0,2,2,0,46,72,0,3,2,14,0,6,0,4,2,4,9,8,3,4,21,18,87,5,5,0,1,4,3,6,2,17,2,1,226,0,1,23,13,1,35,305,0,6,2,0,3,2,4,7,0,3,2,16,7,2,3,6,1,4,0,3,1,18,1,127,3,2,1,62,1
"COG1274",18,121,168,8,551,224,25,9,13,37,121,371,80,456,272,290,151,38,8,55,62,727,509,1,258,446,420,90,108,196,674,23,616,603,522,60,72,28,279,217,1280,42,171,342,32,16,456,111,525,30,814,1,126,58,79,126,109,728,307,30,12,150,115,335,147,50,284,1493,23,11,4,8,193,575,98,306,14,537,61,3,108,84,776,48,104,277,33,24,125,15,2,6,222,29,40,40,148,35,5,99
"COG1275",223,108,381,172,625,180,101,22,752,330,175,10,182,77,195,29,36,432,117,30,37,38,56,416,68,34,109,118,243,110,55,65,174,141,41,233,121,169,205,235,102,162,416,18,103,194,76,48,276,240,61,81,126,324,73,44,100,69,127,397,159,64,94,67,122,358,32,15,176,108,601,290,75,100,196,133,80,188,134,91,93,57,112,37,100,33,120,82,106,85,229,170,49,364,5,824,202,145,584,46
"COG1276",16,74,53,54,386,0,0,5,571,36,98,0,136,1,63,14,7,348,45,1,2,1,0,200,4,0,0,78,41,0,31,31,143,67,15,14,14,9,48,0,154,12,2,4,38,44,2,9,58,7,0,32,11,52,16,12,7,7,12,51,56,3,8,0,35,83,0,5,0,14,492,0,15,31,2,4,11,7,20,115,40,6,159,11,47,7,11,2,10,8,1,99,2,27,0,0,4,1,39,11
"COG1277",981,1025,1240,2402,565,735,1203,809,839,719,563,1094,705,921,723,228,654,569,942,212,1218,1041,696,188,1245,950,590,425,946,542,634,727,888,1485,895,1162,786,531,953,600,761,324,886,923,661,550,921,536,907,510,935,133,952,1656,1360,941,1317,705,657,1641,871,918,819,1333,506,562,602,957,586,316,1064,249,968,1284,749,1347,968,1058,787,1479,743,1177,823,777,554,766,732,868,884,665,845,804,1512,334,996,353,466,343,1056,890
"COG1278",909,337,443,559,1093,410,433,501,1118,169,452,306,306,272,598,162,214,1061,283,124,190,146,238,1020,227,279,429,531,323,358,168,311,493,361,309,165,203,247,363,510,278,173,376,291,202,329,133,487,641,184,376,162,256,293,314,289,192,262,203,711,1237,217,212,317,326,304,483,162,829,295,1658,237,111,246,280,179,264,268,173,661,231,164,444,408,197,400,200,317,134,258,367,439,446,423,223,856,252,232,677,336
"COG1279",889,121,75,126,398,233,12,256,291,212,140,189,109,106,319,416,60,384,100,5,28,75,42,478,82,42,62,87,114,164,49,98,197,284,89,82,59,188,144,200,130,73,191,73,98,151,90,15,281,205,30,88,69,211,50,41,72,145,161,184,90,70,88,170,81,349,42,130,1166,121,536,313,53,64,180,98,54,181,96,45,96,40,240,22,108,23,63,56,60,77,226,260,55,159,16,567,30,82,298,24
"COG1280",808,840,464,1004,1485,345,144,179,1424,728,581,741,482,518,2077,262,900,1152,353,110,366,850,180,842,639,242,239,512,942,270,412,955,882,454,837,585,833,552,676,315,802,307,726,612,651,458,440,160,819,558,413,349,466,789,719,503,356,355,587,716,258,760,500,157,304,545,175,298,120,319,1809,265,814,428,450,451,480,455,474,320,845,610,605,284,958,285,923,960,589,1080,412,1136,527,782,209,381,355,115,560,281
"COG1281",2176,1051,889,2009,964,1280,1752,1617,1667,570,874,951,1227,1171,974,1119,1237,1507,351,535,812,838,905,937,837,1427,1376,1513,972,1234,1095,462,1327,1388,1430,601,815,618,969,1282,1491,369,918,986,553,631,784,1288,1247,685,1668,325,1101,759,891,1005,326,1390,701,2125,871,834,1091,1536,1118,708,1324,2025,1328,511,1510,655,471,1095,996,1287,867,1326,430,1740,401,1169,1416,1408,485,1355,444,795,876,627,1196,455,1540,814,1118,1451,674,816,673,1165
"COG1282",36,65,162,184,742,3,21,192,373,51,123,231,198,7,183,743,35,454,41,32,7,1,4,542,5,54,53,133,105,149,42,57,238,108,8,18,18,34,44,0,78,2,4,5,41,54,12,15,81,8,0,23,5,15,36,1,4,18,37,51,735,0,3,0,27,14,1,30,299,12,275,3,7,32,0,3,4,1,16,201,24,2,16,9,12,33,7,2,8,8,3,70,1,19,1,283,2,5,21,10
"COG1283",4402,4467,5304,6039,2385,6006,7376,4998,5070,4612,5474,5010,5667,5511,4626,6562,5804,5072,4013,7782,5582,4627,5985,6948,4605,6441,6636,6112,5369,5299,5908,4383,4909,5217,5252,4676,5090,5718,5435,5399,4168,6603,4545,5881,5359,5170,6498,5056,4559,4447,5421,5719,5881,4377,4421,5735,4035,5725,4898,4567,2099,6010,5734,5043,7448,4370,7137,5954,2876,6536,3137,7566,5142,5032,5587,6661,5129,4032,4417,5030,4245,5210,5763,6750,4562,6329,4671,5849,5648,4729,6023,3198,3262,5208,5516,3214,6687,8506,3895,5155
"COG1284",6928,4448,4845,4688,2424,5713,6860,5501,4965,4779,5148,5074,4642,5289,5181,5293,5199,3678,4346,6659,4345,4646,4848,6309,4929,5037,6078,4738,4731,6013,5104,4328,4385,5084,5898,4337,4451,5250,5208,5954,5276,6189,5154,5412,5523,4488,5474,5845,5357,5037,5307,5371,5284,4920,4212,5244,4268,5749,4910,5917,2838,4895,4846,6073,6806,5095,7154,5026,3956,6961,3213,8194,5603,4781,5303,6383,4593,5921,4078,6006,3864,5374,5565,5224,5494,5491,4688,5695,4851,5500,5215,3401,6340,5060,4768,5849,5199,6426,4400,5766
"COG1285",261,1088,700,385,883,1075,577,1168,1147,734,1071,784,912,758,1275,891,376,954,737,1040,837,812,770,821,637,922,1013,812,763,986,839,946,889,945,749,456,663,830,997,1180,900,970,929,551,648,869,704,644,1199,801,830,1010,600,682,697,760,762,1536,1108,124,584,810,598,942,865,885,1139,1405,1448,863,2075,896,629,752,740,460,796,1003,601,1083,718,461,1433,847,651,749,707,412,638,627,692,1377,522,1086,369,504,1095,966,1052,984
"COG1286",188,52,58,116,470,82,41,8,374,88,152,1,139,109,126,319,23,349,45,15,34,204,24,279,90,39,45,121,76,16,32,63,192,134,75,27,32,34,156,94,69,56,67,16,80,118,25,36,156,121,29,56,30,134,139,81,14,74,128,673,102,90,105,65,61,79,33,44,31,27,567,16,28,74,37,46,34,63,19,63,51,28,160,15,101,86,69,63,30,11,42,132,71,85,1,21,26,19,70,37
"COG1287",0,35,2,0,1,3,1,0,0,20,21,0,0,7,9,3,28,0,3,0,8,11,8,0,13,5,4,2,6,7,0,0,20,374,18,14,18,2,20,13,10,7,19,1,3,2,1,10,30,30,7,0,17,11,0,11,14,15,4,2,0,6,9,2,3,13,19,50,0,5,0,0,4,3,12,11,4,16,0,0,1,6,42,0,1,6,10,4,16,10,1,14,8,38,0,2,3,3,0,4
"COG1288",1022,1633,1764,767,2760,709,1067,1891,2942,701,1100,584,1021,597,834,349,686,1655,1312,255,1038,581,744,844,509,813,952,924,1261,588,639,1858,780,1585,677,1072,1067,427,1082,1272,2071,298,1670,702,827,1779,452,593,1536,1119,745,677,925,1726,1134,886,1124,857,592,1411,630,791,739,601,622,952,1068,903,1777,716,6594,367,669,1014,620,599,745,816,627,1626,651,406,1120,1873,791,503,1419,708,684,2666,602,2360,734,1702,614,1527,1032,409,2464,542
"COG1289",269,438,873,788,4398,24,95,109,3065,501,1044,34,1426,37,696,191,103,4130,476,85,41,5,10,2793,78,5,10,1155,573,4,184,721,1858,1162,65,256,223,133,352,72,643,60,98,41,542,678,57,193,902,106,45,539,115,592,84,79,183,159,204,748,889,29,98,215,485,806,37,74,9,133,6966,103,236,197,32,191,224,56,257,799,543,185,730,163,291,126,239,60,196,116,58,1219,717,495,6,77,85,27,1059,263
"COG1290",2,55,0,0,0,1,0,1,0,13,24,1,0,6,0,0,0,0,0,0,3,2,1,0,7,3,0,0,2,8,2,0,16,1,1,10,12,6,23,0,1,5,0,1,2,3,5,1,1,14,10,0,0,16,2,0,11,0,1,0,0,3,2,0,2,1,3,0,1,1,32,0,6,1,15,14,2,16,0,0,0,0,0,0,7,0,21,0,1,0,1,11,17,1,1,0,4,0,0,0
"COG1291",394,112,70,51,161,114,117,56,172,22,106,90,146,92,75,203,90,247,36,31,52,80,183,145,65,171,107,239,135,79,60,31,158,79,122,26,94,50,70,112,34,20,53,124,33,52,63,132,96,63,634,86,198,142,426,347,72,251,63,76,97,216,463,265,432,120,193,49,66,125,1100,89,115,68,269,124,542,70,129,332,179,466,241,383,131,658,116,215,93,74,400,208,149,239,216,42,248,123,292,329
"COG1292",2336,981,833,802,2198,586,717,1455,2092,613,1086,355,1094,558,1083,448,723,2663,629,288,765,192,560,1319,223,392,446,1504,645,787,508,1004,853,302,662,375,543,367,534,708,1135,367,254,411,518,877,357,1581,986,884,285,411,728,866,600,278,355,879,415,3083,528,425,709,194,2035,424,329,644,2272,393,4804,213,485,296,211,425,256,558,598,1482,1323,281,508,524,491,338,459,657,428,805,320,968,830,719,648,525,545,315,1748,432
"COG1293",3402,1509,1187,2447,554,2287,2421,2149,1955,804,929,1614,1300,1756,1306,1073,1846,1517,408,863,1406,1301,1716,810,1323,2133,2107,2368,1587,1767,1699,467,1629,2439,1887,733,1151,742,1535,1889,2209,479,1338,1935,851,571,1329,2216,1697,875,2366,277,1705,922,1337,1515,478,2318,1163,3085,1081,1232,1977,2432,1422,1020,1926,3158,2073,663,720,910,700,1682,1367,2647,1295,2550,723,2440,521,1689,2715,2232,704,1855,582,1360,1309,730,1718,438,2374,1001,1867,2109,1001,1208,1003,2036
"COG1294",733,1189,1266,359,1892,1291,521,1427,1230,2362,1637,1492,1578,1495,1791,1141,1514,1375,1679,1789,1176,1580,836,1733,1522,1003,1032,1107,1667,1333,1399,2070,1484,877,1224,1862,1754,2061,1672,1473,1206,2423,1695,1329,2103,1860,1897,899,1512,1885,868,1276,1355,1630,1469,1333,1783,1233,1737,838,676,1544,1248,1072,1261,1757,1135,541,315,1827,1556,2062,1933,1392,1518,1003,1317,1597,1713,671,1893,1419,813,821,2343,1269,2224,1474,1772,2106,1349,1844,1179,1717,1253,1753,1867,1589,1278,1446
"COG1295",2013,2413,1904,1272,1887,2251,1584,2298,2228,2245,2691,1844,1485,1854,1973,2826,1977,1979,2322,3042,2082,1940,1326,2515,2029,1892,2125,2052,2165,2204,1784,2320,1950,1842,1994,2084,2355,1756,2050,2032,1336,3116,2068,2003,1772,1747,1963,1860,1713,2424,1647,1432,1518,2126,2101,1933,1929,2119,2446,1966,1008,1988,1931,1947,2480,1888,2483,1496,1068,2471,2083,2081,1593,2041,1802,1236,1551,1619,2020,1470,2040,2045,2143,1491,2312,2062,2021,1690,1454,1888,2035,2364,2247,2035,1619,409,2393,2648,1742,2775
"COG1296",3213,966,873,1063,1154,1265,1716,1369,1696,696,628,909,1006,1179,1126,725,1122,1386,314,600,1004,872,806,1146,845,1503,1264,1314,884,1142,908,407,1465,914,1317,568,748,546,808,1131,1248,495,844,1074,646,632,796,1116,1034,827,1555,350,1133,557,992,1016,327,1235,729,2758,2090,802,1185,1245,991,914,1044,1773,1427,579,1224,1087,565,1112,1036,1256,770,948,466,2018,424,1032,1584,1670,570,1214,448,853,1077,924,1208,413,789,784,1003,2973,623,1032,760,976
"COG1297",2630,1933,1729,1790,1205,1820,2232,3012,1978,2631,1394,1939,1377,2185,2311,2081,2116,1189,1648,3064,1896,2299,2339,1974,1915,2102,1776,1819,2370,2500,1609,2253,1645,1004,1493,2424,2165,1415,1793,1993,2163,2766,2456,2118,1815,1425,2870,1222,1412,3018,1331,4367,1457,1794,1927,1431,1428,2394,2607,1572,738,1739,2395,1953,2600,1755,2044,1144,2446,2198,399,2425,2228,1984,1509,1558,1562,1991,2346,1311,1783,2302,1147,1750,2371,2016,2209,1479,1920,2144,1455,1631,1418,1860,1457,1562,2695,3246,1358,2262
"COG1298",2777,717,404,197,817,859,1005,491,1101,129,582,554,961,739,452,1499,668,1384,206,367,541,620,1567,590,417,1446,897,1790,854,701,443,219,1147,506,908,266,757,424,444,737,262,224,459,1080,156,228,385,1918,517,637,1574,156,708,231,968,775,100,562,158,137,126,491,1119,668,1041,228,423,137,268,353,1779,261,207,145,879,218,998,248,518,630,353,1014,617,1273,292,1736,253,612,301,228,1231,429,377,607,583,119,678,321,683,798
"COG1299",3558,2162,2034,3838,3851,2441,2782,2974,3144,2677,1580,1422,2386,1303,1489,1649,1839,4053,684,789,1531,982,1392,3178,1002,2011,1578,2826,1797,1833,1880,1083,2295,1355,1383,1322,1378,1082,977,1479,3316,636,2160,1636,1041,1336,1209,1802,1539,1630,1764,698,1751,2058,941,1356,528,1552,928,3535,2083,1086,1803,2141,1907,1583,1845,802,3402,943,6034,3190,917,2152,2261,2133,1495,1879,872,4242,796,1312,1505,2784,698,1639,924,1393,1414,1104,2531,1305,1116,2366,1967,6515,1065,2151,2207,1805
"COG1300",33,681,195,0,224,269,6,12,68,316,334,160,292,173,230,57,54,51,717,18,429,222,181,3,568,94,165,63,346,38,181,444,223,565,176,528,483,254,294,226,195,60,228,232,170,394,176,124,253,223,212,13,268,500,527,334,628,161,372,5,39,124,319,397,110,250,688,97,4,287,5,33,229,396,227,186,609,590,578,30,432,276,597,250,259,120,363,199,296,193,254,883,786,369,282,8,280,19,638,265
"COG1301",3461,2657,4272,4304,2925,3697,4547,4414,4762,4758,2154,1586,2635,2525,4505,3054,2648,4267,2721,4524,2592,2083,2209,4695,2015,2327,3328,2559,3046,2992,2711,3579,2800,3124,1981,4188,3134,2708,3975,3590,3266,4159,4242,2171,2446,2320,3585,2107,4024,3505,2018,2229,2670,3897,3180,2771,2194,3310,2939,3537,1681,2095,2530,2783,2360,3755,3229,1823,4097,3243,5611,4506,2374,2997,3669,3452,2953,3019,2709,4432,2135,1648,3339,3581,2751,2351,2864,2710,2939,2814,4466,3740,3174,3874,2542,9931,3418,6749,4610,2441
"COG1302",2044,861,655,765,485,1255,1474,1412,1464,264,637,849,640,972,914,636,980,885,225,396,776,740,836,356,825,1570,1293,1232,925,937,883,261,1065,1530,1602,345,604,327,750,1226,1548,348,611,1142,531,405,698,1353,1350,482,1443,145,967,531,777,1060,271,1225,552,2269,769,771,943,1369,1073,430,1486,1507,1082,441,500,432,502,948,874,1359,792,1197,351,1647,329,1164,1849,1113,440,1214,252,726,675,497,885,287,920,483,787,863,587,660,439,1036
"COG1304",772,393,341,190,759,449,633,1949,1059,241,461,216,543,432,664,223,656,917,319,165,252,354,299,566,439,394,592,560,538,586,314,477,563,734,491,335,269,176,643,598,870,164,591,396,500,438,362,461,1169,255,275,316,554,431,362,386,175,541,539,1367,1093,389,453,272,314,558,338,520,1051,210,1208,148,355,426,378,1195,222,477,326,1562,254,324,650,466,304,245,325,227,532,308,198,346,299,558,282,234,300,229,733,299
"COG1305",664,689,500,821,529,855,876,431,396,694,374,1215,416,822,701,556,904,439,376,276,784,674,754,754,876,977,837,799,966,807,476,565,556,810,1204,554,708,429,504,499,804,167,623,752,444,385,534,959,444,388,3306,2807,2821,1706,2745,1885,1383,2423,2064,1418,5665,3198,2851,2121,1313,842,1818,4405,4167,834,905,662,2089,2389,2085,2255,2259,1871,1592,2626,1745,2927,2917,1742,1695,2540,1588,2190,2554,2438,2193,1539,1619,1829,1914,2856,2987,811,889,1799
"COG1306",44,101,36,0,166,135,251,5,291,17,43,44,68,61,58,80,35,38,28,11,86,73,57,229,123,281,267,86,61,84,77,45,299,246,290,180,178,22,95,315,56,37,437,166,20,207,70,23,123,91,340,27,54,192,56,195,51,290,93,26,1,26,20,61,127,72,305,135,0,80,266,24,47,64,103,126,199,205,10,4,29,40,627,64,33,230,152,45,46,81,28,348,43,216,2,28,275,29,491,211
"COG1307",7520,3169,2674,4374,1895,4671,6498,4582,5771,1089,2405,3304,3755,3839,2834,2193,3839,3913,612,2007,3483,3323,3818,1352,3147,5623,4532,5521,3901,3590,3441,757,4788,4567,5616,1675,2751,1444,3031,3941,4002,912,2826,4920,2296,1308,2898,5698,3553,1857,5884,560,4109,1859,3064,4024,972,4494,2206,7171,2514,3259,4322,4771,3894,1393,3566,6398,2429,1857,1893,1555,1783,3994,3056,5792,3945,2853,1669,7414,1202,4459,5214,6098,1358,4241,1033,3667,3183,1522,3960,972,2487,2101,4157,1860,2399,2788,1545,3559
"COG1309",6614,4258,4871,8504,8201,4879,5111,3987,7711,2933,4208,5454,3977,3781,4900,3510,3537,8172,2980,1520,3279,3752,3594,4339,3502,5263,5901,4490,3747,3377,3978,3045,5878,8329,5432,2362,3590,3153,4176,5196,7064,1652,2676,3865,2730,2947,3057,4368,6959,3150,6770,1280,3700,3694,3283,4091,3659,5213,2916,11081,7163,3618,3610,5123,3641,3706,5036,7237,5967,1821,10883,1925,2981,5642,3923,4144,4696,4630,3188,5976,3440,3714,9710,3522,3013,4139,2918,3414,2313,1895,4471,3735,5423,2702,5358,6022,2385,1962,5238,4598
"COG1310",275,259,22,293,201,272,240,84,272,39,122,173,45,186,47,126,236,331,19,118,61,64,103,210,88,193,65,319,818,276,106,85,170,244,78,61,124,63,62,186,122,44,89,127,52,73,104,68,481,54,201,34,130,87,114,86,16,139,103,225,131,197,220,213,170,199,97,143,199,97,238,27,41,226,101,45,65,57,63,170,75,232,162,179,42,279,21,141,29,144,282,21,52,143,285,78,66,48,49,174
"COG1312",1515,2153,2032,497,1205,1929,2009,1937,1892,2698,1980,1831,2328,2050,1692,1224,2843,1876,2844,1756,3138,2361,2086,1846,2514,2196,2102,1948,2500,2122,3088,2426,2043,1094,2618,2074,2683,1864,1834,1627,2602,1948,2572,2898,2392,2234,2008,1568,1472,2079,1410,3149,1921,1859,2107,1599,2311,1823,2431,618,772,2373,2246,1849,2655,2578,1555,1438,1434,2994,2103,2339,2657,1977,1400,3115,2230,2175,2981,911,2797,2572,1508,2956,2717,1612,2521,2755,2407,3469,2029,3288,1195,2320,1454,2328,3006,2790,2279,1092
"COG1313",789,636,378,1063,292,1265,1031,871,736,384,518,694,670,821,663,576,775,738,161,495,621,650,711,283,737,1053,1096,1163,646,1072,915,206,920,1461,1027,345,547,373,689,1035,1370,246,395,889,439,245,721,1174,835,309,1312,165,798,318,595,726,197,1424,564,494,165,654,785,1148,658,378,1233,1743,986,289,240,441,374,968,684,1011,670,1155,318,672,263,829,1995,1112,336,976,182,595,625,474,943,73,1933,480,930,1039,435,605,231,1093
"COG1314",276,36,79,86,379,27,77,75,418,33,158,22,69,33,104,304,39,334,46,39,22,11,16,253,32,42,60,113,96,46,104,57,105,154,57,42,33,37,45,56,40,34,76,60,42,86,35,26,106,77,33,55,25,60,44,36,28,147,53,445,82,17,62,46,71,66,28,82,32,33,529,13,22,107,43,20,24,19,20,63,45,57,133,15,34,40,55,44,42,43,28,137,40,105,5,16,31,12,114,62
"COG1315",1851,571,198,79,31,890,1188,643,1123,30,432,590,556,766,243,514,538,705,80,267,805,473,1418,139,403,1208,606,1834,1040,1072,511,121,719,223,745,202,717,456,466,652,191,271,379,1023,45,284,397,1468,222,484,1683,35,753,146,681,675,57,494,76,34,15,520,1178,617,835,70,450,125,97,350,614,232,110,181,780,110,918,170,408,358,156,1031,511,1438,147,1608,197,518,307,254,1599,248,437,602,544,32,539,319,269,913
"COG1316",6222,2714,2500,3568,1697,3858,4249,3571,3519,1223,2036,2863,1933,2660,2080,1628,2559,2229,955,1252,2101,2012,2052,2653,2008,3218,2866,3231,2858,3114,3535,1100,2183,4319,3515,919,1692,1301,1756,3544,3842,793,2241,2667,586,1491,2017,3919,2657,2095,3219,624,2628,1298,1949,2018,1066,3317,1605,7478,5654,2093,2230,4060,2615,1456,3495,4610,6239,1138,3383,1730,963,2708,2510,1765,2041,3860,990,5396,941,2615,4537,3510,1215,2617,768,2235,1549,1864,2773,613,5281,1775,3466,7354,1563,2026,1695,3192
"COG1317",15,125,135,68,358,29,44,15,200,49,120,31,272,99,54,22,42,328,52,36,91,79,283,177,47,162,26,134,123,13,28,52,159,84,159,45,71,16,84,52,44,25,46,57,63,72,21,52,60,92,82,56,27,86,111,49,22,26,22,19,60,32,59,75,71,47,55,24,3,19,489,25,14,31,69,62,32,23,35,115,54,111,24,33,47,113,33,28,52,30,27,62,73,82,15,38,89,8,59,88
"COG1319",1387,974,1171,1215,926,884,1732,1449,978,424,730,445,964,625,845,351,929,1446,560,323,498,455,556,886,476,615,516,1018,695,875,486,702,754,885,744,513,579,371,889,635,793,204,814,810,547,706,442,954,727,932,564,219,871,487,635,629,411,824,470,1025,809,463,847,601,482,461,459,942,1753,417,3441,361,590,646,592,977,363,692,293,1498,297,629,844,1249,374,478,537,501,526,766,778,888,500,603,706,1019,411,533,1502,367
"COG1320",4,3,17,3,8,23,26,4,41,10,4,2,0,4,11,2,4,6,51,0,10,13,16,14,14,6,23,3,51,10,35,0,1,103,28,20,16,6,60,38,17,4,33,36,16,17,4,2,59,5,15,31,10,29,22,12,6,5,36,4,2,25,17,6,33,7,10,47,1,46,3,5,14,11,8,29,23,14,37,14,10,14,6,6,25,6,10,9,8,25,5,1,2,45,0,7,18,1,25,12
"COG1321",1527,647,916,2234,1099,937,1421,537,919,253,607,940,534,817,636,962,716,1156,264,446,538,694,686,527,541,979,865,903,743,716,937,356,1096,1273,1431,254,466,254,560,848,1217,188,539,884,504,317,746,1130,1122,363,1411,178,792,561,609,685,393,1374,521,1830,538,894,796,1341,678,410,1046,1745,847,354,1156,279,394,1063,851,1036,758,776,282,835,299,638,1293,786,302,987,224,800,473,412,505,242,1166,372,985,801,494,384,438,883
"COG1322",563,1439,1342,1299,2276,1455,1068,1871,1451,2004,1798,1582,1818,1575,1969,1722,1686,1611,1848,2808,1572,1634,2487,1837,2021,1704,1456,1583,1662,2103,2076,1738,1639,1624,1657,1779,1544,1418,2209,1618,1518,2437,1699,1782,2114,1557,2518,1078,1564,1716,371,1075,501,528,587,529,533,691,906,577,698,532,492,503,482,649,671,475,615,622,490,420,590,649,446,689,373,507,576,439,601,551,461,486,639,554,620,411,607,563,440,591,635,575,440,329,555,862,395,742
"COG1323",2190,998,860,2022,300,1461,1563,1677,1541,455,691,976,846,1045,796,722,1196,1114,257,496,761,815,1099,510,780,1348,1385,1378,1047,1042,1169,386,1214,2187,1188,582,736,436,977,1365,1250,318,928,1105,485,361,819,1035,1052,604,1802,230,988,613,814,963,293,1330,726,2255,903,931,1156,1783,912,615,1442,2001,1640,454,510,585,310,1100,874,1851,1184,1952,472,2061,347,1021,2346,1508,423,1305,323,915,790,551,1076,346,2057,769,1194,1378,692,572,639,1471
"COG1324",18,53,61,54,307,5,4,3,140,45,93,1,73,7,52,15,18,310,47,2,9,9,7,204,8,3,7,94,45,15,10,46,129,114,24,12,21,15,43,15,34,10,9,2,46,41,10,14,75,27,33,29,12,36,29,6,17,20,4,46,52,7,8,10,32,68,20,20,0,13,475,2,24,18,17,22,21,22,14,35,44,9,49,3,28,8,28,2,15,14,12,65,137,64,0,3,7,1,50,83
"COG1327",495,199,175,247,306,312,263,331,462,126,159,277,229,205,249,164,223,270,73,119,187,215,233,261,159,287,299,269,220,249,200,99,253,294,302,106,144,115,211,276,328,81,165,247,172,94,178,164,267,155,1072,211,612,474,458,608,172,965,530,1515,1735,567,642,841,622,507,749,1203,1460,311,813,410,439,828,526,596,391,644,261,1474,277,679,948,836,341,734,228,566,475,368,702,295,443,521,728,1500,439,520,411,658
"COG1328",6496,4326,7062,8757,5212,8032,7895,6267,5770,6149,4331,5385,5882,6958,5982,23023,5976,5661,5262,5250,5612,7223,6779,5577,6543,7893,9839,5631,5817,6022,6294,4981,6600,8170,6584,6189,5882,4759,5389,7732,7225,4858,6968,5794,5303,5814,6264,5300,6163,5982,8230,6326,6073,5617,5680,6132,5133,7099,6025,8183,6946,7026,5762,7116,7629,5017,7792,7455,7175,5560,5064,6229,5877,6572,5700,6225,7436,8037,5510,6859,4983,5922,8143,6048,6108,7110,5563,5348,6317,5947,7621,3634,8196,5756,5834,6934,5817,6547,5053,6980
"COG1329",5,39,116,54,186,207,4,94,27,21,24,225,14,69,179,54,53,15,29,11,17,131,33,221,99,85,118,43,90,252,42,60,92,618,145,27,30,18,156,156,218,23,45,143,27,16,75,41,257,29,233,27,39,69,158,84,15,161,157,39,1167,75,26,284,99,19,157,209,642,74,0,8,37,110,42,92,34,545,46,261,29,119,610,15,32,84,29,46,42,65,10,2,611,27,21,486,28,40,55,139
"COG1330",96,130,202,199,1351,6,45,35,759,145,284,4,478,12,209,1243,17,1170,103,77,7,6,8,809,7,4,4,342,275,14,54,152,580,210,15,62,55,72,144,2,158,25,6,12,95,144,42,38,149,26,0,113,35,92,14,27,39,50,38,345,185,10,30,4,149,217,5,28,3,32,1608,31,56,39,11,37,36,16,60,174,115,36,181,37,95,55,54,10,68,27,30,401,3,114,0,12,15,9,124,68
"COG1331",11,57,69,0,112,4,1,0,2,40,1,35,4,15,31,2,3,6,54,0,10,17,25,0,18,17,6,1,4,3,13,111,13,146,122,21,39,25,130,40,153,25,59,27,33,18,10,3,24,141,29,2,22,27,42,10,46,42,24,1,2,10,50,6,4,19,11,104,0,6,492,0,95,21,19,46,24,15,0,0,9,8,25,10,9,2,103,3,23,17,5,126,38,70,2,7,13,8,295,7
"COG1332",274,171,1,63,27,61,309,344,239,26,279,102,55,189,148,55,8,122,2,87,7,50,119,7,105,138,83,215,79,325,16,1,204,281,156,78,113,8,88,258,337,171,47,14,75,86,45,29,117,41,50,25,63,6,60,50,48,188,25,314,15,115,66,206,45,215,35,93,741,140,0,422,11,23,92,30,399,158,37,13,14,153,71,33,26,148,2,149,12,54,252,155,82,76,54,136,19,50,6,145
"COG1333",25,129,319,0,114,353,19,166,50,502,143,94,215,156,454,48,106,66,1277,41,962,105,236,20,334,224,190,119,536,50,197,549,204,609,106,315,129,350,572,119,180,120,256,113,219,794,138,159,292,360,215,30,231,882,513,309,208,193,600,5,48,73,703,91,72,183,39,61,4,164,1,34,264,682,235,191,259,133,945,15,650,149,192,98,190,94,591,310,336,215,380,748,232,445,380,10,195,40,1492,54
"COG1335",2469,991,1049,1863,1983,1223,1035,1356,1935,1509,790,801,786,1106,1146,650,747,2450,527,1961,717,623,708,1218,574,1108,1002,975,998,832,561,630,1324,1180,1248,560,573,486,1142,1277,1178,510,1023,899,578,779,592,1532,1851,760,1595,472,1268,877,983,750,386,867,614,2543,2153,1143,806,924,668,1328,1077,1799,1794,587,2813,587,608,672,1124,1047,603,989,660,1241,493,561,1353,934,980,963,550,705,865,1275,904,1031,1090,903,974,2665,679,596,1332,1059
"COG1336",12,0,0,0,1,5,0,86,0,5,0,0,2,1,1,1,0,0,0,0,45,16,3,0,0,4,7,1,2,1,0,0,4,39,8,0,0,5,25,3,4,1,0,2,2,0,1,9,17,27,22,0,4,88,43,83,0,2,13,20,0,8,0,31,3,7,13,18,0,0,0,0,36,0,3,1,57,6,0,0,53,1,17,2,1,13,4,0,5,1,0,145,18,130,19,4,0,0,56,9
"COG1337",169,85,45,31,25,34,225,198,279,9,168,68,55,86,111,56,9,73,3,85,6,28,72,2,79,72,52,127,46,207,8,46,118,190,134,42,102,13,63,123,224,124,295,18,25,91,27,26,85,136,45,15,67,53,37,40,17,153,39,183,5,113,63,153,44,108,42,76,499,261,85,207,8,29,86,19,344,92,20,20,10,128,57,67,20,93,64,136,15,44,155,249,47,137,49,97,17,53,35,100
"COG1338",1375,353,171,77,425,386,487,236,531,56,265,257,536,345,126,657,274,566,117,168,228,236,564,279,196,537,244,790,310,347,141,91,437,189,506,113,261,170,173,391,117,97,183,409,68,95,173,1266,231,266,546,53,380,119,380,278,65,207,54,76,77,210,507,281,350,100,206,50,66,199,845,113,79,68,449,87,285,124,223,242,157,433,211,529,156,653,117,256,132,96,503,226,167,269,297,42,261,128,340,334
"COG1342",183,866,427,1399,184,506,625,521,647,337,425,220,215,771,403,236,455,416,552,116,584,850,175,242,396,429,464,472,388,244,678,80,415,361,375,191,172,266,365,465,304,439,539,572,341,139,456,638,496,523,108,28,126,119,151,107,81,180,157,98,65,209,124,109,163,164,109,227,225,181,11,184,206,131,242,107,46,146,99,93,180,53,114,207,254,45,89,115,94,165,160,83,75,136,105,342,159,115,167,43
"COG1343",189,252,170,122,35,133,114,199,144,139,237,184,51,180,209,134,82,78,19,26,76,64,355,147,111,146,192,148,75,124,114,114,107,95,126,107,113,92,83,195,103,244,57,69,112,228,39,237,150,96,441,352,368,357,282,502,389,222,118,204,128,737,373,485,169,112,439,433,544,316,260,243,371,231,352,599,789,211,237,739,372,479,440,531,347,488,481,505,276,321,380,212,480,174,406,131,431,333,394,410
"COG1344",5831,1810,498,244,432,2511,3631,1749,3752,85,1877,1096,2403,2241,1030,3963,1569,2546,236,1048,2157,1488,3136,1070,914,4031,1925,5632,2317,2471,1543,221,2724,604,2279,559,1996,1202,858,1818,422,701,1476,2460,199,626,1027,5156,975,1098,3426,167,2720,409,2607,1915,118,1375,207,181,163,1201,2581,1341,2525,262,1246,318,730,1323,2187,622,225,239,2278,239,2640,901,1460,1097,781,2557,1472,4467,734,4387,455,1961,933,706,4337,1208,692,1885,1902,137,1756,1101,730,2297
"COG1345",2834,583,258,129,996,614,746,417,882,99,539,359,930,603,225,1179,455,1177,199,313,676,545,757,431,373,988,546,1505,591,441,491,127,754,363,716,136,516,339,291,634,130,248,505,755,135,75,305,1227,372,460,1192,62,613,120,694,567,64,560,117,89,84,363,1262,314,982,129,355,107,150,460,1020,179,105,109,546,153,1167,141,414,459,201,1036,441,1070,238,1506,133,777,240,129,974,333,294,470,328,122,560,179,313,673
"COG1346",1417,1442,1289,993,834,1459,1553,1408,1674,1385,1471,1061,1379,1439,1166,1490,1319,1254,1347,1591,1425,1365,1535,1363,1411,1566,1474,1537,1671,1306,1471,1206,1164,874,1452,1199,1203,1064,1437,1377,919,1691,1333,1644,1266,1161,1517,1644,1175,1461,1194,1660,1500,1145,1337,1308,1083,1365,1320,1671,517,1232,1478,1345,1739,1280,1719,626,614,1796,668,1979,1220,1157,1354,1634,1231,1016,1329,1238,1090,1378,1121,1631,1358,1364,1133,1314,1421,1366,1345,1404,849,1421,1298,1109,1559,1801,1008,1372
"COG1347",88,565,628,61,327,627,190,297,710,992,764,898,650,763,886,850,779,201,1094,873,752,927,948,361,927,701,544,494,758,818,810,1004,562,365,767,980,881,1161,834,781,493,1274,964,642,1264,1005,710,518,851,1012,547,1724,708,905,851,799,963,567,1041,87,109,943,673,687,704,784,661,273,134,893,3,755,1147,805,790,507,798,715,909,123,1021,873,384,467,1352,924,1248,740,930,1274,716,919,586,826,680,28,758,427,632,963
"COG1348",256,577,263,5,94,209,858,909,184,102,240,301,157,241,610,73,634,484,186,60,218,133,238,157,255,174,420,151,271,267,258,172,191,245,123,137,201,154,484,470,465,63,291,202,208,241,98,200,699,269,334,145,296,170,203,118,285,164,358,317,123,404,371,296,175,133,139,347,1047,105,351,74,218,389,107,446,170,352,257,702,136,170,288,213,158,272,246,154,149,153,115,108,211,267,311,87,166,175,571,243
"COG1349",4245,2253,3937,5232,6381,2954,3733,2385,5112,3194,3569,2163,3009,1787,3409,1016,2357,6446,1871,964,1913,1723,1566,5860,1422,1824,1755,3037,2444,2841,1774,2577,3730,2802,2495,1935,2365,3476,2080,2682,3815,1540,1977,2402,2893,2944,1810,2996,3450,2122,2148,1138,2908,2037,1293,1940,2012,1730,1787,6198,4702,2279,2152,2702,2074,4288,1397,2237,4766,1381,9774,3797,2142,3202,3903,2249,2047,2566,1461,4065,2310,1768,2783,2452,2472,1871,2550,2925,2204,2962,4224,1935,1526,2446,2898,9132,1223,1806,4082,1741
"COG1350",128,1159,1342,626,671,1254,751,1113,716,1844,1672,1573,1432,1935,1403,1888,1296,612,2017,2789,1214,1708,1429,1555,1582,1417,1447,1568,1742,1332,1657,1873,775,1441,1248,1801,1643,1605,1738,1473,900,3080,1806,1412,1874,1822,2083,1164,1181,1244,898,2196,1357,1458,1291,1290,1828,1286,2121,91,292,1670,1337,1268,1937,1670,1565,811,326,2537,142,2139,1757,1573,1340,1111,1235,1163,1773,206,1541,1488,1214,1389,1951,1052,2010,1394,1646,2174,1242,1350,1214,1790,1780,193,1908,2631,1480,1038
"COG1351",181,490,217,640,183,543,684,406,559,946,278,1909,807,1213,400,899,448,720,56,953,253,357,1170,978,401,975,3055,577,306,608,337,105,336,896,363,230,235,209,522,616,1654,516,285,385,461,70,744,1421,785,219,1560,1692,584,380,682,550,152,892,700,208,214,1031,491,693,1032,1004,1504,1065,539,957,1,1415,411,426,557,943,784,1229,113,949,182,667,1035,714,216,802,218,373,532,177,436,17,402,361,595,753,1587,1072,66,682
"COG1352",1171,457,285,92,476,396,395,178,635,184,375,314,408,375,238,406,345,657,72,119,274,256,567,300,184,618,458,836,382,242,341,234,513,248,458,78,327,255,221,382,115,64,184,411,132,195,176,991,288,374,1018,65,235,159,383,374,67,244,68,86,84,370,477,457,454,121,240,390,143,184,788,115,141,89,445,131,530,185,198,235,183,429,385,444,144,816,189,333,113,160,423,347,179,243,339,71,300,146,675,427
"COG1353",543,319,115,131,95,183,678,692,730,41,355,229,170,314,299,99,38,181,11,132,109,238,274,26,192,270,154,403,143,422,13,4,257,651,257,130,206,25,203,503,560,182,366,48,117,172,98,76,224,385,182,52,143,276,224,322,54,512,149,672,39,312,145,509,112,274,101,221,1371,364,0,571,112,67,250,37,912,251,24,63,152,269,137,132,52,277,113,442,53,126,260,534,219,535,182,226,71,114,166,304
"COG1354",2068,672,613,1675,470,1162,1358,1454,1040,429,556,900,617,919,855,585,796,691,219,417,642,757,894,431,707,1152,1089,1009,755,1107,782,297,896,1651,1254,459,596,334,712,1129,1364,283,721,969,395,366,707,1364,977,523,1470,230,898,562,577,740,258,1291,668,1637,1207,621,890,1404,801,487,1267,1778,1858,269,468,472,334,981,715,898,669,1517,326,1458,275,916,1818,1132,407,997,285,681,657,500,977,220,1651,466,999,1074,569,560,441,1118
"COG1355",1,25,7,19,121,689,551,1394,1,0,1,40,1,0,43,5,12,3,3,3213,1,9,11,829,10,1,152,1,20,601,7,0,0,97,12,3,1,0,0,6,12,2276,14,3,1,0,0,5,3,10,0,22,4,5,195,8,0,43,277,2,913,7,5,1,4,74,890,23,1214,0,0,25,1,57,3,0,0,0,0,275,0,0,11,3,0,52,0,0,0,6,1,2,3,181,0,4,0,1104,0,30
"COG1357",393,1024,703,857,3969,826,371,458,504,803,902,1136,874,696,1419,205,1132,2170,1329,324,711,942,900,1226,1076,665,884,761,1145,437,639,988,950,808,761,818,955,594,1242,587,715,280,775,699,1669,593,633,359,1071,559,1310,296,632,1139,925,820,1000,487,666,286,839,1035,713,884,870,499,426,768,110,468,3305,301,1142,888,561,1145,1352,1201,1027,181,2052,748,720,382,1038,1002,1056,1412,745,1177,575,771,1625,789,703,466,481,274,1859,762
"COG1358",719,411,340,572,193,630,606,574,699,212,315,380,229,320,377,281,328,340,114,222,289,290,264,315,289,534,562,464,371,441,423,141,372,675,647,151,352,264,304,480,618,168,487,331,108,186,310,663,522,288,557,75,378,251,318,344,143,396,192,935,266,251,291,477,340,378,461,759,575,217,236,429,117,444,517,236,331,458,168,556,159,371,946,405,229,384,121,323,192,318,629,203,249,354,646,1085,264,300,278,492
"COG1359",164,420,392,751,944,171,78,424,298,205,583,403,216,240,234,80,308,515,324,23,238,291,116,348,283,249,306,276,405,75,188,621,441,442,298,317,388,281,508,240,308,238,210,250,327,329,313,136,426,371,302,102,203,439,448,258,191,296,252,213,390,283,281,202,158,252,293,243,45,537,775,78,439,289,197,276,417,251,498,454,582,199,287,132,418,221,525,427,235,474,177,488,331,494,223,24,206,98,432,224
"COG1360",1307,745,564,119,815,1143,862,1246,316,666,624,362,760,371,761,1750,390,1006,1515,2647,597,604,2120,1996,715,1181,1249,841,626,1060,403,397,754,526,607,715,543,433,963,791,412,1288,580,649,361,995,1082,1410,559,1199,846,2564,648,881,1030,657,1511,685,801,120,184,311,842,777,2020,845,1417,115,566,1474,1279,1951,534,492,699,280,806,355,1199,348,836,439,670,317,353,1203,620,320,493,308,807,1223,374,825,638,71,1573,1956,1508,1313
"COG1361",56,30,42,1,16,37,26,20,12,3,66,25,71,21,10,40,29,24,11,2,1,17,1,4,30,37,33,24,32,35,261,6,64,25,37,12,16,4,15,10,39,8,20,102,7,13,7,5,14,26,44,22,125,178,84,66,86,518,174,142,434,22,15,42,39,23,125,44,38,21,173,21,24,67,75,45,49,34,8,89,10,182,210,49,40,25,16,11,90,23,28,9,66,35,31,210,32,25,34,132
"COG1362",2536,2621,2508,3998,961,3999,5253,3530,3627,1791,1783,2167,2577,3215,2642,2683,3054,2822,1078,4021,2242,2248,3130,2693,1914,3833,3080,3819,2343,3019,2905,1096,2447,3372,3137,1346,1746,1522,2406,3211,3350,2415,2056,2808,1517,1154,2814,4148,2218,2235,3380,3319,2910,1535,1955,2230,681,4152,1901,3127,1625,2089,2766,3474,2970,1987,4311,5380,3698,2887,1632,3698,1035,2539,2557,3765,2274,3318,1277,3727,631,2401,4149,4079,1786,3270,791,2143,2307,1697,3703,902,3071,2263,2787,5006,2605,4403,1057,3368
"COG1363",505,1036,1242,1804,1729,698,1526,660,958,1165,935,996,1073,874,898,518,1023,1507,628,520,712,1033,1060,1493,637,1413,1078,971,821,857,1254,432,1835,1826,1752,664,980,394,1064,662,3253,270,1588,1010,428,978,989,1092,1343,707,2116,1771,1114,581,817,623,415,1314,1025,1847,806,700,672,1131,702,840,1462,3779,954,614,2384,195,661,1326,707,937,1034,1307,663,1098,636,857,1403,728,515,1104,535,746,664,1178,590,745,597,828,1120,631,844,366,1514,1052
"COG1364",2562,1298,817,2319,942,1662,2190,1005,1413,839,788,1255,1143,1561,867,638,1653,1200,270,659,1095,1205,1223,967,934,1863,1389,1723,1175,1649,1237,263,1657,1129,1405,564,947,632,771,1267,1689,464,833,1330,599,426,1530,1549,1004,827,1788,283,1457,576,946,1183,250,1688,881,1728,1484,1090,1462,1410,1270,821,1927,2114,2057,474,532,988,569,1570,1367,1930,1221,1216,381,1722,405,1237,1519,1528,517,1615,334,966,1222,754,1785,198,780,938,1673,3000,710,1090,307,1236
"COG1366",673,590,724,1759,251,591,934,314,1056,193,487,495,342,614,449,326,565,540,155,362,474,491,415,140,449,760,691,579,566,597,457,167,601,1131,816,267,411,286,482,506,739,187,458,639,265,276,431,828,551,384,813,84,561,375,556,513,152,606,344,879,486,515,588,919,451,451,689,981,502,312,349,247,233,790,504,776,319,688,361,762,239,582,1012,671,247,619,184,450,374,360,640,244,475,339,943,494,328,318,340,596
"COG1368",8084,4851,5243,4086,4938,6975,7188,10030,4587,5418,5864,6471,4246,5646,6569,7490,4603,5133,4332,8782,6610,5828,5068,6715,5320,5842,5949,6363,4648,6904,4080,3440,5652,5298,4358,4300,3841,3478,5916,7397,6906,8024,5699,5990,4578,6834,5725,7581,6438,4437,5301,9138,5600,4090,5842,5400,5707,5713,6507,7504,9346,5442,5399,6943,6960,6987,9854,5743,10671,6618,3232,3961,3394,5675,5297,4178,3783,5848,4256,9933,4343,5045,6460,4470,4278,4924,3118,4508,4895,4411,4498,4228,6930,3993,6085,6645,6684,7444,3517,4075
"COG1372",0,4,5,18,0,1,2,0,4,5,7,6,4,35,0,35,21,27,4787,0,8,1228,73,1,296,34,0,4,0,1,0,0,3,21,113,0,0,3,149,147,954,12,0,1,8,1,13,3,105,3,1533,19,268,0,117,932,20,247,0,10,0,936,93,418,8,267,20,6,0,0,0,4,66,29,0,0,2447,16,0,14,676,13,14,1,91,29,1,0,597,2,1,1,0,10,51,4,21,0,0,15
"COG1373",10277,10843,8964,9710,6724,23342,19549,26883,6303,10592,12663,12800,10681,9879,19852,37200,8242,6761,11278,60046,15900,10510,30770,38554,11312,12691,34642,7309,8216,11689,8140,10034,9790,14485,13358,10359,8457,8417,13040,18722,9097,38810,11356,10880,8636,11746,15709,20272,14007,17231,16176,36285,14765,10726,11268,15909,12111,15684,12720,4539,14787,11001,11013,10887,33291,15509,40844,11142,19450,54508,879,36426,9711,11602,11926,9104,18748,10565,13187,7289,14312,13014,20209,7890,13983,15356,7319,13662,12481,7635,9135,10022,12591,11036,15100,5763,38677,63722,9810,25157
"COG1376",3605,1910,2725,8378,3750,2010,4376,3406,2852,619,1753,1573,1617,1861,1728,1167,2231,3685,653,616,1559,1300,983,1799,1042,2224,2068,2224,2075,1775,1049,660,2716,1559,2160,605,1251,767,945,1782,2728,356,1120,1574,614,1019,1591,3056,1466,1004,2286,685,2025,1323,1113,1298,561,1214,965,5064,4463,1412,1632,1981,1551,945,2014,1979,3855,649,3336,1049,460,1975,1414,1527,2569,2686,632,5089,715,1449,1971,1942,872,1776,563,1410,1291,1093,1483,691,1638,996,2597,2314,1180,1339,771,2001
"COG1377",1685,453,338,210,1141,567,617,293,787,82,388,268,575,378,377,933,370,1081,224,211,234,355,762,371,220,797,516,1100,580,393,291,165,708,297,516,129,455,212,249,528,125,107,274,614,135,238,215,1348,274,332,957,143,425,184,540,453,103,374,66,103,246,248,622,385,647,111,257,79,133,290,2026,148,114,87,515,139,687,203,319,394,389,615,385,690,190,945,154,338,161,167,681,272,212,388,407,97,390,175,500,545
"COG1378",156,204,232,17,51,245,322,221,140,21,191,73,63,123,183,37,237,179,86,23,71,117,160,71,89,270,555,285,110,72,74,12,286,188,305,75,151,70,226,217,130,39,85,52,64,75,96,220,308,85,398,86,404,86,162,239,78,59,105,517,173,141,103,208,185,93,79,52,231,80,111,40,67,130,231,205,401,68,96,291,90,50,142,173,87,164,92,107,164,80,117,4,61,170,280,113,119,93,167,250
"COG1379",131,270,670,1158,237,153,292,45,188,130,182,64,45,74,138,29,117,202,163,12,57,86,78,5,127,32,85,44,155,61,73,186,82,1297,109,130,142,69,262,228,222,60,280,154,48,347,86,222,156,290,105,64,171,186,242,90,287,103,85,838,447,78,99,443,93,128,165,91,198,44,744,44,119,239,97,267,146,734,55,132,46,205,716,203,49,112,176,173,144,293,101,148,1122,209,261,242,42,98,285,328
"COG1380",1017,937,792,579,774,922,1005,920,1199,836,1126,717,654,794,1025,907,632,929,787,1270,823,676,872,930,918,950,1032,982,1007,945,954,796,904,525,1037,784,737,804,881,881,520,1088,719,998,831,794,852,1326,998,861,754,670,887,950,803,912,663,811,695,838,397,798,897,806,1090,1007,1156,359,424,1223,741,1032,815,644,857,783,1096,529,791,769,756,737,821,929,803,908,587,763,766,614,884,878,568,785,821,318,905,1093,736,1104
"COG1381",1321,776,762,1119,792,1066,1254,1120,1513,374,662,1001,668,939,681,946,996,1006,230,354,638,618,628,796,714,1028,1028,958,690,993,787,329,796,1429,1126,321,538,364,803,969,1415,338,603,848,503,456,658,1045,940,532,1315,232,868,576,752,809,239,1074,593,2162,1973,810,757,1313,712,507,1257,1475,1388,382,748,448,466,912,762,1235,688,1493,304,1530,310,754,1706,899,419,1042,309,766,628,513,930,309,1674,554,836,1688,468,509,505,1163
"COG1384",0,0,43,0,4,9,60,4,42,1,48,35,5,9,4,15,15,57,0,7,5,29,4,13,7,2,18,6,24,6,2,12,7,278,6,3,11,0,57,14,48,12,4,2,8,0,10,7,10,2,5,2,25,20,9,7,3,26,7,1,0,20,25,25,1,18,18,22,0,3,0,10,4,47,2,137,2,12,0,55,9,3,32,20,5,3,0,6,8,9,3,1,29,16,0,0,5,52,0,3
"COG1385",1551,1293,1350,1711,1192,1601,1749,1890,1739,1238,1323,1017,1316,1316,1377,1705,1135,1240,1506,2041,1277,1167,1723,1569,1115,1432,1543,1562,1179,1491,1447,1099,1315,1715,1281,1189,1012,1069,1449,1543,880,1537,1231,1071,1066,1380,1651,1498,1106,1529,1480,2014,1285,1266,1102,1283,1075,1540,1303,2066,2006,1097,1304,1564,1332,1223,1841,1483,1552,733,800,1225,806,1250,1238,1635,1139,1569,1242,1776,952,1102,1788,1639,1117,1763,927,1076,1209,1012,1600,1031,1395,1320,1467,1820,1662,1680,1343,2019
"COG1386",1511,598,483,1020,305,952,1044,1145,939,343,521,717,525,771,573,466,706,567,165,399,542,595,694,367,635,847,905,862,633,891,684,202,729,1545,956,320,545,325,584,977,1078,242,538,792,337,322,579,651,851,438,411,55,209,155,166,182,88,305,182,470,272,170,234,362,223,134,383,450,517,79,83,168,61,236,172,244,180,367,98,390,78,285,438,324,88,273,58,192,187,155,257,53,362,137,255,358,156,153,97,261
"COG1387",2746,2944,2863,3180,1900,3311,3255,1847,3412,3561,2724,2749,2370,2408,2530,2384,2935,2415,2611,1953,2678,2724,1900,2645,2533,2494,2373,2986,2893,2232,2712,2539,2193,2836,3476,2425,3066,3483,2480,2826,3023,2700,3073,2994,2614,2303,2787,3360,2437,2215,2866,600,2638,2783,2550,2913,3050,2622,2187,2626,1410,2859,2348,4346,2371,3041,1971,2957,2307,2308,1771,4256,2805,3075,3407,2753,2774,2801,2480,2588,2506,2402,2200,3000,3135,2386,2682,2886,2507,3669,3692,2370,1962,2745,2998,6215,2473,2800,2455,2358
"COG1388",5347,1754,2271,3509,849,2298,3227,2080,2413,963,1948,2080,2135,2460,1275,919,2193,1932,758,1045,1842,2124,1927,581,1540,3151,2204,2831,1606,2327,1767,1099,2558,3260,1991,1447,1921,1749,1634,2427,2611,1109,1708,1911,1302,1335,1546,2885,1838,1433,3112,559,2346,1231,1539,2109,815,2174,1150,2748,947,2095,2379,3529,2013,1849,2103,2869,1928,1094,877,813,1047,2098,2307,2614,1846,3211,1110,2489,1202,2082,3660,2992,1339,2821,1105,1772,1747,1632,2603,233,3062,1740,3120,1003,1221,1017,606,2523
"COG1390",24,66,89,50,7,203,181,177,60,19,12,66,38,29,41,31,42,64,29,3,9,85,14,39,51,40,148,29,18,63,40,119,86,132,43,44,30,16,62,91,628,27,38,34,16,16,23,49,259,132,94,12,76,35,25,25,36,118,15,80,16,28,10,53,29,36,89,119,19,28,137,14,65,99,21,65,18,201,36,318,54,10,237,52,49,15,41,36,31,40,10,52,13,14,20,6,17,7,101,31
"COG1391",860,166,364,377,1906,62,124,429,786,316,358,416,572,214,378,1359,319,1486,144,107,23,56,53,1536,79,1,107,478,401,324,60,195,631,273,15,116,85,93,188,46,250,129,109,11,180,348,45,47,185,380,75,329,68,278,110,128,43,181,308,353,3737,102,225,60,219,281,59,194,1482,39,2460,37,125,247,103,144,62,71,132,1122,144,64,218,75,98,98,203,195,177,135,118,314,117,236,7,1566,50,42,189,68
"COG1392",342,372,503,147,281,483,132,701,381,747,343,499,523,285,1032,175,285,142,1051,87,277,465,303,222,428,183,279,98,247,479,348,793,231,270,189,752,550,992,566,619,543,343,562,236,478,837,307,304,549,554,207,219,583,654,562,501,1281,348,414,284,718,344,480,762,231,1149,243,280,1573,222,434,618,497,546,748,351,760,431,580,209,643,338,319,282,325,241,846,369,527,484,654,665,503,623,585,939,274,188,981,118
"COG1393",1431,962,980,1415,1434,720,1150,990,1394,402,863,451,834,478,969,597,554,1330,732,319,552,509,511,944,575,692,830,638,641,566,490,462,988,768,836,378,448,378,705,734,792,222,565,699,527,738,492,455,1014,536,836,218,587,881,646,821,698,941,500,2593,770,469,615,657,619,607,592,802,972,415,1686,183,388,675,429,852,943,595,532,1350,581,724,1091,748,387,622,376,879,455,457,622,873,644,523,531,357,520,361,1007,436
"COG1394",622,1061,1038,1848,592,825,1149,551,467,602,1022,1100,494,870,822,294,723,503,866,372,683,870,580,187,1018,862,824,663,884,980,592,839,679,1514,1203,721,795,398,794,762,1884,594,852,885,670,658,747,616,1258,714,826,248,955,857,880,657,810,901,796,1093,743,903,687,1116,524,834,801,1353,525,528,803,205,847,1359,510,775,727,1098,688,1004,749,759,1123,579,899,535,732,824,851,891,660,830,1126,683,1403,409,433,313,782,615
"COG1396",5756,4253,4531,8564,5306,5145,5615,3360,7715,2971,4466,4457,4081,4858,5142,3486,3967,5387,2567,4060,4078,3971,4649,3674,4512,5665,6389,4560,4110,3936,5355,2837,5408,7793,7022,3052,3763,2795,4598,5786,5717,3380,4100,5474,4043,2959,3694,7271,6665,2580,2173,862,1473,1471,1523,1735,1086,2037,1337,2677,1635,1433,1526,2048,1598,1280,1606,2532,1755,1348,2143,951,930,1791,1325,1606,1373,2046,939,2397,946,1533,2751,1529,1129,1753,979,1492,1152,1172,1247,1125,2036,1101,2261,1122,1268,1256,1180,2020
"COG1397",759,312,811,1086,1490,1030,898,1488,728,1350,1336,1104,603,924,1736,1455,848,789,515,3443,840,862,912,1522,1010,1135,1562,828,1000,3127,320,1115,897,1235,583,938,400,1674,1284,1963,872,1871,397,740,1308,1150,1327,718,1188,1346,999,3456,1543,886,490,1335,1632,2123,1594,1149,1151,1094,956,1658,1207,1051,1886,1642,1250,2261,1084,2093,1062,347,942,558,402,642,744,892,283,1680,1013,735,1368,942,825,1335,1291,696,1280,1378,1460,558,283,3329,1741,1888,845,827
"COG1399",1589,697,613,1340,928,886,974,1101,1071,384,599,869,526,630,916,727,717,866,241,381,373,528,477,777,439,762,984,753,610,901,532,271,678,938,1022,226,508,308,533,715,1145,209,415,792,328,309,484,882,1009,499,980,198,634,470,534,608,194,756,552,1580,1959,581,570,904,566,518,650,1242,1702,228,868,424,285,846,626,913,646,734,255,1400,275,357,1089,594,349,656,199,466,419,400,719,348,410,362,764,1622,377,455,239,747
"COG1401",2993,757,1166,418,1439,2092,2294,3359,1727,1673,1052,2783,585,980,3415,9498,1778,1780,1016,3581,1630,806,2503,4576,966,1716,1904,1936,1415,1221,702,1749,1470,1600,1302,257,997,1135,1694,1297,1529,4043,524,1761,1866,944,2319,2723,675,1858,1718,79,919,1472,1081,705,1741,2065,1991,1761,831,1010,1145,1858,1899,2228,2663,1957,2166,2817,269,3372,1943,2266,1958,944,777,1428,1476,979,1154,483,2849,951,1764,2816,1256,3540,415,1285,735,72,819,1417,1377,1831,1873,3609,567,3721
"COG1402",177,672,715,694,484,412,296,199,526,693,387,655,709,551,602,82,229,334,471,49,463,747,270,308,655,324,174,170,608,283,457,743,412,495,789,855,609,948,921,543,418,317,807,707,488,559,1051,223,579,617,248,169,736,760,845,578,1172,235,649,411,1841,579,565,345,1208,639,427,878,995,1476,658,1850,820,622,761,476,624,228,603,516,544,719,207,578,434,191,630,602,888,506,631,600,511,1005,629,2040,476,472,672,136
"COG1403",443,80,356,261,606,733,631,1142,257,654,309,244,69,418,528,259,412,351,282,2325,222,108,164,163,90,364,224,377,440,134,34,110,428,248,509,129,145,79,190,980,419,1410,363,276,195,445,288,360,437,949,453,50,120,308,574,411,112,175,205,832,322,280,364,456,262,295,889,478,30,131,413,240,290,444,99,229,44,1063,139,252,675,254,130,186,131,418,231,205,97,443,273,15,379,252,151,191,61,1732,108,320
"COG1404",8944,6055,6037,4556,3240,5367,6650,6725,6165,4907,4293,5734,4712,6742,4990,6778,7560,4587,5193,8190,6996,6030,9812,4119,6814,7405,5549,6036,7200,5091,6091,5767,3893,5842,6401,4482,7453,5815,6349,6345,6902,4064,5971,5824,4667,5579,5242,5781,4902,6668,5993,26604,6301,3918,4904,5394,5702,6062,7164,7168,3759,5901,5921,5410,7763,5561,6001,9443,5899,5694,3083,4312,5286,6248,5542,4868,5274,7020,6579,7589,6646,6323,5899,6150,6724,6661,6333,7999,5638,7630,6132,4518,4330,7783,7852,2637,6272,3964,4792,6592
"COG1406",582,78,6,9,0,137,222,135,299,2,68,108,97,126,24,92,78,146,4,20,82,19,244,0,48,166,57,309,359,202,93,6,19,8,29,13,110,74,69,73,12,70,45,216,0,54,53,98,6,34,92,17,84,38,127,118,1,50,2,3,0,99,205,98,121,3,53,35,0,33,0,44,0,8,89,0,41,8,47,98,0,143,32,176,13,243,19,14,39,38,324,73,49,75,42,1,79,37,0,113
"COG1408",1664,3296,3221,3920,2324,3333,3372,3255,2349,3701,3853,3163,2836,3156,2940,4129,3508,2037,3009,6978,3363,3199,2772,3348,3413,2882,3031,2541,3024,3166,3438,4077,3582,2130,3507,3888,3944,4175,3561,3332,2460,4863,2843,2838,3614,3647,5153,2421,2878,2979,2770,2941,2510,3608,3355,3398,3095,3545,3448,2109,1009,4202,2816,3369,4626,2979,4862,2841,1948,4720,1404,5490,3267,2845,3569,2951,3451,2874,3639,2381,4118,3104,2862,2452,3491,3340,3845,3385,2900,3628,3121,3488,3012,3242,2377,2696,4044,5748,2842,2917
"COG1409",2250,5552,3884,1818,2838,4884,2313,3267,3016,6186,5430,6377,4375,5190,5670,3536,6083,2546,3812,4315,3678,6822,4227,2489,6081,3148,4201,3611,7938,5071,6779,6447,2697,5048,4462,5883,5975,7643,4464,4622,10961,4062,5713,6095,4823,5426,6464,2529,7157,5141,4057,4312,4994,5151,5687,5078,4481,6732,4271,2195,3944,7328,3406,4997,4395,5841,3887,5706,5433,4043,2500,4150,7274,6540,6122,4838,5763,7055,5238,1984,6099,5783,5854,3738,9031,4039,6682,6084,5639,7241,6565,5199,3786,5625,3603,7838,3667,3231,3771,4762
"COG1410",2999,5400,4801,4321,4129,4911,4640,4322,4483,6481,5614,5437,5807,5549,4329,4050,6019,4832,4256,6204,4534,5762,5408,5066,5058,4795,4290,5486,6132,5129,5565,5821,5169,2785,4697,5993,6020,6105,4817,4663,5763,6174,5350,5390,6102,4749,6086,4540,3964,5616,1460,2840,1768,1409,1605,1572,1318,1589,1905,804,623,1993,1807,1463,2059,1799,1759,1165,977,2092,1330,2590,1866,1816,1738,1865,1439,1451,1730,1232,1756,1911,1222,2165,2073,1754,2086,1785,2193,1999,1948,1236,1121,2148,1768,1632,1634,2030,1308,1754
"COG1413",46,62,94,158,922,11,1,2,116,32,287,17,180,11,149,8,0,767,62,8,137,0,1,484,2,38,1,138,133,0,14,5,169,203,36,8,13,17,41,6,5,8,2,10,85,92,1,25,2,14,12,54,86,93,0,14,43,33,4,0,118,15,13,39,69,0,14,57,0,20,1479,2,43,40,1,1,24,16,36,7,116,18,43,14,18,1,32,38,125,2,5,13,1,17,0,7,1,6,147,4
"COG1414",785,946,1183,791,2902,620,556,989,1598,717,1015,765,1491,636,1646,786,593,2615,787,234,490,611,423,1698,527,406,861,1054,961,1028,528,1090,1791,1456,898,629,800,453,1011,691,1770,325,934,797,903,1048,401,570,1941,822,517,587,584,805,901,769,437,886,1064,744,4333,496,555,374,816,872,568,940,2387,540,5492,286,623,1285,521,557,666,753,516,1772,641,393,1717,921,691,665,870,817,533,818,362,1280,859,901,190,1242,669,342,1953,582
"COG1415",0,0,3,0,5,0,0,0,0,0,2,18,0,1,0,3,0,1,0,0,2,29,1,0,74,0,1,0,0,1,1,0,2,238,0,5,5,2,0,1,2,0,0,0,0,0,0,0,0,0,1,1,2,7,0,0,0,1,3,0,0,1,0,8,1,5,7,14,0,0,0,0,0,8,3,4,0,0,0,0,9,2,10,0,2,3,1,1,2,1,1,8,4,1,0,0,0,0,5,0
"COG1416",4,17,5,99,28,3,0,1,0,6,8,2,3,6,19,0,15,4,10,0,2,2,9,0,7,1,4,2,12,1,0,5,6,7,8,2,6,6,13,8,6,1,5,1,1,5,2,1,19,9,3,4,6,12,0,0,17,6,1,2,34,7,6,0,3,7,2,12,1,2,13,1,11,0,14,3,5,7,4,0,6,2,1,1,5,1,12,2,11,1,2,9,7,20,6,9,3,1,19,2
"COG1418",4833,3524,3514,3033,2343,5166,4962,5695,3406,4408,3238,4567,3794,4397,4640,4487,4521,3057,3435,5582,3691,4481,5536,4432,4171,5190,5265,4238,4174,5063,4254,3633,4009,5383,4975,3762,4178,3848,4097,5192,4168,5158,4163,4802,4224,3492,5066,3790,3879,4496,5847,5721,4469,3544,3520,3972,3406,5429,4740,5226,4574,4216,4532,5511,5461,4843,6182,5076,4591,4753,1513,5121,3852,4655,4051,4952,5079,5393,3427,4993,3309,4958,5634,4193,4230,5655,4042,4018,4373,3976,4271,3158,6379,3983,4716,5052,4495,5805,3131,5917
"COG1419",932,324,13,26,10,580,538,318,603,1,241,303,297,338,191,1065,382,356,6,174,278,244,620,33,271,734,534,985,521,468,298,22,483,91,357,56,404,291,181,492,50,127,210,541,18,76,209,853,171,179,971,20,348,79,433,426,0,385,25,21,1,251,685,285,578,48,254,72,145,181,0,118,11,43,425,33,839,116,223,201,134,719,368,753,87,759,57,349,106,114,765,76,187,285,297,10,329,181,0,425
"COG1420",2434,1048,899,1609,567,1575,1947,2012,1506,631,751,1271,1122,1358,1085,852,1360,1129,293,554,1058,1047,1140,944,1067,1816,1543,1601,1101,1596,1309,418,1320,2397,1759,684,913,572,1081,1584,1749,409,1094,1317,674,510,989,1486,1152,726,2071,257,1428,756,946,1133,337,1754,1012,2399,2338,1023,1343,1900,1192,774,1894,2634,1818,455,481,837,434,1400,979,1940,1061,2118,486,2573,359,1394,2484,1755,510,1696,403,930,1088,660,1415,377,2497,816,1425,2422,794,910,665,1526
"COG1424",161,30,10,0,8,130,259,317,42,102,14,35,27,43,81,39,51,8,27,40,14,17,25,186,43,17,45,22,33,91,43,16,0,25,26,58,49,117,125,142,63,88,49,1,20,23,45,21,95,106,4,13,8,12,12,5,17,56,14,34,10,7,4,19,10,49,10,39,14,30,0,81,7,4,44,11,12,27,13,185,5,6,14,36,19,7,16,6,2,10,52,0,15,27,5,203,10,24,25,5
"COG1426",885,111,96,266,346,79,42,791,366,168,161,15,113,17,211,939,46,317,87,38,37,21,95,340,31,28,111,90,112,71,23,89,207,117,37,70,65,105,90,240,153,38,32,19,78,71,44,14,182,206,69,104,30,76,167,38,48,118,64,1269,404,48,43,152,62,168,87,39,472,33,478,174,63,23,88,32,37,169,32,492,58,19,176,28,93,93,92,10,50,58,99,115,33,156,12,368,44,79,161,41
"COG1427",0,0,7,0,235,264,3,0,40,324,4,53,0,77,443,19,52,36,0,2,13,53,3,220,65,26,94,73,51,72,13,11,171,41,79,28,25,214,304,415,44,216,213,29,18,0,137,2,281,136,187,1,58,127,221,176,51,181,180,0,0,10,52,156,28,328,49,64,29,57,0,428,4,195,256,23,0,268,0,4,1,108,59,2,156,50,3,15,110,5,241,2,140,102,0,1117,32,165,0,45
"COG1428",1492,2,46,61,280,746,426,1891,290,63,35,51,9,138,706,2033,19,52,2,3251,5,52,1121,1775,92,30,952,36,97,214,68,11,123,58,89,18,8,9,688,601,59,1666,137,59,14,3,1097,580,325,522,102,2252,49,113,136,122,4,638,520,773,471,17,59,21,1283,248,1684,138,128,1582,17,1995,15,184,64,21,6,131,2,990,6,76,481,19,96,460,16,10,93,0,14,9,146,207,1,2,1398,2353,19,960
"COG1429",1163,3016,1580,316,1262,1409,844,1327,450,2067,1916,1895,4503,2688,2533,2941,2859,481,1819,3216,2345,1873,1831,2925,2484,836,2569,406,2981,341,1868,3020,1457,1665,871,2340,3379,3417,4181,3203,1257,2092,2749,1070,3797,3166,2520,1108,3995,1899,2256,850,3220,2153,2073,2041,2349,2823,2894,467,353,2034,1848,603,5302,1058,1204,1551,484,3739,27,3431,4014,1642,1936,1756,1877,2144,3514,268,3015,2183,1466,2273,2544,1696,4957,2872,4200,2427,2045,1878,1205,3388,1223,209,3400,3470,4037,1575
"COG1430",208,8,10,0,1,13,19,46,27,70,28,64,2,66,22,77,48,25,16,48,308,116,31,0,16,328,77,39,3,21,141,16,27,113,30,67,22,17,61,124,6,114,15,99,7,27,4,9,18,10,289,25,46,70,148,25,2,179,51,1,0,289,46,53,70,15,164,155,19,2,112,0,27,0,19,26,3,358,6,5,11,13,76,5,459,44,29,55,80,34,45,0,73,44,0,0,42,22,20,48
"COG1431",518,2,83,0,17,0,0,2,22,1,0,13,6,2,40,0,56,33,0,17,0,3,0,11,5,14,0,14,0,38,6,0,29,4,41,1,0,25,3,13,11,2,0,10,2,0,0,6,2,1,2,0,0,2,1,9,0,0,0,132,29,3,0,47,9,1,13,2,0,25,0,0,0,17,7,0,0,13,0,0,0,9,0,0,7,7,10,67,0,0,1,0,0,5,114,0,2,0,0,7
"COG1432",400,368,387,33,444,701,1131,1027,805,1019,326,349,429,532,673,349,1267,602,389,163,362,479,581,101,485,431,444,815,690,682,815,180,866,684,856,118,1160,253,486,795,675,294,214,445,660,157,306,1218,882,321,1024,113,1038,493,1046,580,543,646,340,308,433,1186,708,612,408,563,920,758,958,212,432,356,425,362,370,337,503,274,326,1003,473,664,229,928,193,494,250,592,1006,387,728,137,592,580,842,319,961,298,311,392
"COG1433",513,764,370,690,77,263,637,317,723,77,208,128,98,486,227,139,292,441,481,55,454,761,142,41,296,346,213,369,410,284,409,38,201,101,200,137,143,75,243,188,107,381,738,287,340,266,366,247,268,265,193,158,199,269,435,149,149,305,321,384,154,579,334,243,310,294,123,142,157,658,59,167,558,175,255,137,90,230,412,500,453,138,71,478,520,144,182,244,152,351,233,165,156,372,200,47,410,145,501,75
"COG1434",776,823,835,1769,1316,1141,1113,1327,1984,696,995,669,621,637,652,424,745,1348,281,356,515,739,711,1267,425,882,829,925,766,909,1149,510,1097,1011,1166,406,732,687,719,940,539,436,773,879,273,750,590,634,769,583,1017,232,596,546,674,533,503,983,602,1141,1680,667,529,1246,590,1125,412,1651,998,439,1586,889,218,733,848,495,586,583,358,1635,373,525,1065,749,435,725,448,470,380,622,1260,560,499,707,878,3121,435,652,926,773
"COG1435",289,337,258,100,306,180,156,217,298,394,210,323,327,322,254,263,402,299,424,130,335,313,327,298,412,305,215,215,349,210,391,343,253,386,402,346,341,293,294,207,208,186,239,388,450,259,258,149,448,221,772,1222,805,1078,946,1036,1136,914,1119,1048,489,1093,776,630,1037,567,734,1173,255,1467,806,1201,1228,921,743,1167,847,1464,940,918,1208,975,1089,864,1498,848,1088,1127,953,1285,663,1178,1178,788,659,180,632,384,828,766
"COG1436",100,99,86,254,99,163,155,113,100,47,64,134,40,152,145,51,58,82,26,82,69,103,35,19,111,100,181,54,94,144,73,96,120,406,143,45,96,15,107,140,380,30,62,103,41,51,132,46,290,120,116,12,135,34,70,66,40,138,74,181,139,78,31,145,121,81,238,317,78,36,181,26,89,285,36,133,43,184,8,198,43,101,283,63,70,55,27,59,101,65,111,49,74,52,255,66,44,48,91,55
"COG1437",80,11,32,0,7,6,82,8,105,1,29,26,10,7,17,11,22,25,0,7,4,12,11,15,11,4,27,21,39,20,21,1,6,55,28,8,5,2,9,21,12,4,7,26,5,0,3,11,24,1,9,1,23,69,24,18,9,18,2,24,34,6,6,30,18,18,20,5,19,13,0,9,1,34,6,9,10,13,1,40,9,47,43,19,25,10,1,20,14,6,8,3,16,7,12,3,2,19,1,25
"COG1438",1797,1486,1021,922,1263,1341,1349,1583,1336,1155,1382,1530,1357,1239,1444,1737,1286,967,949,2550,1272,1373,1665,1599,1302,1136,1579,1195,1173,1562,1081,1172,1080,1008,1506,1275,1237,1625,1095,1378,1321,1585,1151,1326,1580,1337,1466,1380,1670,1359,1041,1672,1434,1317,1123,1390,820,1251,1125,2168,1437,1393,1049,1354,1857,1534,1754,1369,1619,1771,1897,1804,1649,1205,1423,1259,1188,1135,1007,1059,1148,1294,1483,1285,1071,1572,1197,1502,1369,1369,1464,1211,918,1162,1285,1111,1510,1926,767,1735
"COG1440",906,294,328,1851,560,146,464,318,1249,99,156,87,167,118,194,153,184,485,264,66,186,129,81,399,116,214,118,170,164,239,116,145,291,96,323,135,121,94,166,158,299,93,300,445,243,222,130,162,239,134,265,120,252,275,96,265,140,120,76,584,525,108,71,191,215,300,106,38,326,187,455,141,272,191,257,526,471,253,97,530,136,139,429,212,124,134,121,117,188,195,129,379,83,165,422,395,105,131,728,77
"COG1441",22,42,56,49,437,1,12,7,399,46,57,2,205,4,48,14,5,382,36,18,3,0,4,154,5,0,2,87,56,2,21,62,151,98,3,19,27,20,24,0,55,4,5,4,37,46,8,3,61,5,0,41,7,28,8,4,5,13,22,96,38,0,8,2,35,56,1,11,0,7,516,12,21,8,3,14,10,5,15,42,24,5,60,8,22,20,17,1,30,12,17,94,0,30,0,4,6,6,34,12
"COG1442",3272,3574,1426,1585,4139,2438,2002,3614,2592,1144,2148,1908,1234,1313,3196,2535,3252,3258,4011,3527,2617,1708,2367,4562,1909,2060,1901,2329,1977,2552,2124,1755,1977,1446,2621,1092,1524,1614,2756,3394,2003,3314,1876,2605,2017,1166,2408,4778,2134,2429,2583,907,1879,1459,1671,1797,1802,1794,1982,6895,5833,2048,1786,4371,1326,3449,952,2019,2432,2360,3645,2212,1179,1082,1101,857,1411,2161,2028,4362,1492,1655,1636,1404,3405,2407,2235,3065,1336,2426,2742,3523,1124,1644,1913,777,2551,4074,1769,2759
"COG1443",23,544,286,15,450,398,175,385,261,434,429,417,318,276,605,550,245,257,701,1060,358,330,288,585,629,316,397,239,379,175,270,429,299,171,482,496,533,299,470,258,343,700,385,426,421,350,533,305,335,220,161,37,261,462,546,353,737,348,544,64,123,367,248,153,458,389,473,238,5,519,303,488,474,379,279,222,597,229,512,71,623,448,255,128,423,121,450,423,408,467,297,830,270,243,406,11,604,850,670,98
"COG1444",45,85,164,139,1044,2,11,15,372,80,159,1,292,1,125,19,12,889,74,33,9,0,2,631,3,1,3,197,112,1,31,138,392,150,6,35,28,24,61,0,91,9,6,5,99,115,17,31,134,12,2,77,16,99,8,12,22,23,24,92,144,5,16,0,97,134,3,11,3,13,1183,8,58,25,4,23,32,6,49,63,83,12,72,27,46,16,27,6,44,18,9,173,5,83,0,14,7,4,115,27
"COG1445",3714,1872,1671,3206,3432,2328,2309,2776,2683,2057,1524,1282,2232,1180,1406,1643,1838,3897,535,727,1348,888,1387,2757,988,1997,1528,2830,1717,2005,1834,917,2061,1174,1358,1103,1282,1086,959,1452,2994,581,1686,1663,953,906,1215,1687,1463,1301,1791,460,1495,1640,886,1367,373,1648,869,3281,1701,914,1859,2047,1773,1418,1820,810,3159,713,4749,2438,884,1856,1916,2004,1349,1745,793,3511,675,1409,1420,2550,660,1732,591,1221,1266,989,2360,992,1047,1873,1713,6113,956,1958,1385,1770
"COG1446",189,130,512,431,602,96,320,213,525,344,337,255,693,305,337,49,200,489,354,60,375,196,183,578,174,137,105,162,354,210,273,562,319,238,159,503,420,872,440,294,122,231,589,125,529,1093,183,171,336,378,168,192,432,472,257,381,542,164,226,157,1505,373,389,52,152,222,51,70,170,319,1789,322,546,238,470,252,302,209,413,523,458,341,118,454,221,198,904,398,561,533,377,583,240,641,561,552,283,66,824,80
"COG1447",1227,307,317,804,670,216,441,280,1249,201,185,91,247,139,230,142,176,487,249,80,200,120,64,486,176,202,101,186,229,256,108,146,343,139,313,177,122,156,189,267,394,160,319,461,278,195,126,143,284,172,130,121,237,385,86,319,150,117,84,609,421,95,80,285,197,411,150,66,370,180,1072,251,296,191,356,601,182,237,102,466,147,209,398,156,152,145,133,101,172,216,209,333,96,199,328,857,104,217,518,85
"COG1448",672,184,256,271,1284,270,379,855,1185,463,315,197,347,275,929,850,220,1289,236,193,89,91,114,1006,108,50,205,371,332,463,130,453,505,412,104,245,198,252,443,425,830,255,271,91,257,316,117,133,625,364,107,260,167,420,154,108,149,654,364,462,252,104,172,156,219,612,160,422,1177,133,1818,354,165,115,327,191,133,441,199,337,234,82,401,74,253,98,317,155,196,213,256,435,342,527,43,990,137,308,625,142
"COG1449",123,1558,922,11,927,889,201,617,238,1327,1503,1298,537,1054,1134,1445,1113,368,1982,2052,1174,1585,1568,1397,1606,1839,1237,819,1134,1489,1168,1536,934,655,1128,1380,1289,934,1421,951,694,1545,1249,1411,1553,875,1946,835,1130,1756,721,2667,857,1445,1519,1012,1485,1000,1793,13,128,1334,955,1140,764,1536,1356,505,33,1203,5,607,1601,1033,922,621,1243,992,1392,77,1519,1327,668,462,2130,1250,1442,1381,1020,1205,776,1729,861,1195,625,18,926,604,875,1985
"COG1450",135,255,165,252,1004,15,16,14,563,183,383,7,547,49,117,37,68,1033,276,4,20,74,29,470,26,18,12,263,258,23,37,231,779,436,47,167,142,41,199,47,141,85,344,23,241,451,204,32,310,233,9,189,58,266,17,34,84,117,133,73,298,18,50,8,113,355,41,91,2,225,2829,30,62,52,52,62,121,64,92,92,274,31,113,49,77,27,285,26,92,81,24,573,36,302,4,21,108,5,697,9
"COG1451",1402,1297,1276,1506,1156,1240,1610,1025,1356,1143,1525,1762,1250,1581,1519,1710,1379,1441,1462,506,1254,1342,1022,1223,1578,1416,1131,1551,1296,1497,1374,939,1172,1395,1616,1154,1073,1025,1344,1632,1444,1390,1255,2011,1389,1182,1154,1333,1269,935,1405,595,1382,1205,1315,1346,1308,1365,1527,955,2551,1355,1262,1820,804,1466,1155,1869,1452,892,900,500,1092,1359,1127,1590,1204,1523,1146,1787,876,1181,1954,1543,1429,1154,1200,1133,1400,1021,1200,1396,1695,1546,1224,1372,795,472,1217,1111
"COG1452",284,46,62,67,351,27,31,36,380,85,131,30,132,59,74,470,62,370,82,29,4,17,17,276,20,20,52,129,87,13,18,68,161,111,9,36,27,32,61,18,75,26,53,4,59,101,14,16,93,139,74,238,55,305,298,93,45,240,162,290,212,50,155,48,173,281,51,82,3,79,1810,25,165,73,106,99,88,80,70,169,177,53,240,51,99,166,210,117,184,117,93,343,115,257,1,19,52,32,194,82
"COG1453",516,2150,2078,747,1105,1562,1799,1419,1419,2739,2038,1919,1666,1846,1565,686,1489,1325,1591,533,2620,3027,1456,538,2349,2089,1953,1640,1783,2210,2297,2205,2208,2775,1968,3186,2697,1621,2585,1546,3678,1110,2382,2317,1353,1053,1891,1398,2259,1244,609,154,640,897,942,772,601,569,711,337,215,616,630,586,356,531,350,1069,489,271,258,255,661,669,785,756,559,555,868,530,840,546,692,745,483,668,567,645,681,605,864,574,603,751,443,588,384,295,517,453
"COG1454",9267,6547,8402,10559,6667,6781,10140,8704,8836,4840,7055,7249,6694,7187,6702,4139,7070,8823,3977,2538,5240,5918,5695,5611,4979,7114,6295,8398,6571,8398,8612,4201,6737,7976,6741,5329,5452,5937,5033,6761,10651,4809,7224,7363,5579,5560,5342,8889,6580,5689,6866,3027,7173,5663,6468,5541,4487,7521,5332,10092,12440,6443,6923,8687,5601,5308,5021,7297,12558,4705,7554,5219,5804,8570,7366,7212,4068,8452,3615,11287,4220,6825,7321,8315,4967,7028,4948,5143,5889,6205,7475,2963,7955,6273,7835,12548,3999,4055,5289,6464
"COG1455",3990,1439,2097,7704,2331,550,2026,4367,2857,327,967,343,815,415,623,655,1186,1965,915,305,974,383,343,1338,527,1061,511,721,822,733,411,505,1266,496,1070,706,584,339,962,1015,1507,388,1234,1262,711,951,415,627,823,637,1121,563,1100,1356,527,804,625,841,306,3903,2739,380,649,1170,991,805,599,487,1465,591,3224,508,928,1153,800,1918,1090,659,456,3463,418,1446,1190,1004,388,413,554,363,665,684,465,1468,673,596,1921,1505,523,543,2656,309
"COG1456",259,95,340,1011,41,67,471,39,240,37,90,93,63,87,78,47,145,290,13,48,53,81,51,9,94,130,180,53,132,83,91,30,72,260,208,30,104,27,86,115,142,9,41,59,52,27,74,149,115,23,128,26,86,69,160,77,43,158,97,529,165,77,75,106,34,31,90,887,246,37,0,78,23,174,61,162,36,68,36,576,23,40,347,150,38,39,34,92,43,60,63,14,99,22,212,46,49,110,3,57
"COG1457",1222,962,625,221,1020,623,1486,1687,1409,658,608,569,610,552,958,427,763,1524,134,427,338,652,221,1239,445,314,414,617,360,849,511,487,818,1001,617,316,586,623,445,988,927,376,322,961,481,312,550,620,879,606,454,313,593,605,374,355,345,881,372,1803,5123,394,284,400,499,544,371,716,1528,419,1437,1107,164,832,483,424,202,526,298,1885,271,294,957,543,548,320,256,470,272,650,865,240,493,603,1007,4234,280,472,629,445
"COG1459",2154,940,824,2127,5167,1529,1022,1231,2040,464,917,647,1081,969,1274,733,793,2244,486,298,555,832,1455,1552,806,1433,1528,1411,1036,705,376,630,1973,2086,1192,482,723,630,735,1491,696,391,964,864,428,568,914,1864,1547,750,2563,453,947,834,827,935,460,1150,682,2168,726,527,1102,1738,1155,1235,2007,1282,1209,402,2899,651,299,621,1160,453,1566,1856,453,1232,397,990,1820,1062,698,1356,421,476,590,870,854,693,1859,799,674,2076,837,638,1009,1380
"COG1461",2516,1471,1255,2521,705,2043,2676,2224,2122,890,1098,1407,1640,1773,1047,1092,1772,1473,395,816,1382,1399,1306,953,1204,2199,1771,1976,1403,1705,1810,367,1477,1943,2086,1013,1182,829,1237,1853,1925,636,1806,1655,754,826,1289,1784,1425,1011,2187,350,1645,1049,1272,1334,444,2518,1262,3582,1292,1272,1794,1820,1406,1046,1764,3473,1505,628,743,1157,737,1830,1507,2389,911,1461,769,2443,524,1584,2107,2377,723,1877,564,1225,1370,894,2313,622,1174,1243,1698,2578,1023,1404,1009,1692
"COG1462",10,18,39,27,134,0,62,3,123,15,39,2,35,2,39,216,1,137,19,1,2,102,243,98,55,0,0,61,18,514,0,22,36,41,1,72,5,1,14,64,18,3,78,1,29,27,3,7,69,0,1,159,0,88,0,2,4,6,12,4,39,1,0,212,89,132,1,2,0,32,174,3,7,8,0,4,4,1,14,19,35,1,3,11,5,3,13,2,6,3,1,244,7,133,1,0,62,0,215,2
"COG1463",650,168,92,98,874,249,55,371,427,463,176,98,367,122,469,568,154,464,182,100,52,170,108,532,111,112,207,176,207,233,130,248,392,187,31,121,110,204,324,352,425,189,153,36,144,172,381,81,442,338,47,142,98,249,244,76,126,428,233,308,128,91,104,116,175,400,163,219,733,70,724,336,104,59,287,150,67,281,153,80,112,57,224,34,167,88,136,91,100,157,273,108,172,314,0,1406,129,283,282,96
"COG1464",2890,896,927,1169,1318,952,1432,2511,2566,653,648,997,721,1006,1579,3550,1254,1302,407,582,714,833,623,1601,795,867,1168,796,741,1347,489,991,1460,947,1102,644,417,415,763,987,2551,602,960,809,597,656,726,594,1681,1004,1027,604,806,1171,613,857,329,1485,776,3515,3520,650,862,842,941,1190,1213,2049,3904,642,1574,1071,614,716,854,845,765,991,430,2193,427,749,1827,722,625,734,589,629,873,838,637,641,842,974,508,3562,599,958,911,879
"COG1465",0,39,6,0,1,1,2,0,72,33,11,0,0,13,10,0,28,2,22,0,7,12,5,2,11,4,4,4,8,5,0,0,14,127,15,14,13,3,80,13,14,4,24,4,0,2,6,4,24,22,1,0,32,6,0,5,7,12,4,1,0,5,9,3,1,7,8,31,0,0,0,1,4,0,11,8,8,19,0,22,6,9,23,1,6,25,18,4,32,10,1,8,13,41,0,6,2,2,0,40
"COG1466",2812,2172,1687,2187,1567,2404,1922,1826,2127,1758,2095,2426,1705,2261,1987,2003,1778,1758,2039,2037,1894,2192,2632,1914,2325,2333,2140,2083,2008,2210,2000,1960,1808,2330,2553,1592,1857,2564,2026,2327,1923,2111,1828,2491,2270,2036,1913,2200,2191,2049,2118,2412,2215,1936,2366,2168,2500,2295,2128,2696,2493,2247,1965,2621,2372,2251,2464,2727,1998,2397,1254,2535,1995,2104,2191,2148,1650,2722,1554,2207,1891,2470,2487,2166,2064,2334,1836,2033,2056,1832,2476,1622,3097,1873,2305,2426,1446,1850,1279,3198
"COG1468",820,1143,672,586,199,601,552,648,594,615,780,646,174,594,743,401,306,283,94,61,426,341,1469,348,353,617,526,621,392,444,241,311,431,478,505,333,361,272,227,527,449,600,254,384,299,350,300,664,380,409,556,176,335,348,303,430,247,318,202,367,204,703,540,359,312,143,590,829,230,261,482,393,290,222,329,658,626,199,218,1278,243,551,556,781,684,394,311,322,260,199,406,219,645,126,322,122,359,301,430,467
"COG1469",355,24,21,9,256,159,47,59,466,243,28,55,0,105,154,34,115,214,91,35,38,115,80,149,95,27,141,46,137,91,39,85,168,202,33,77,89,183,223,226,289,130,126,37,58,123,241,11,248,229,34,29,19,44,43,27,29,43,59,33,0,32,29,37,22,74,16,36,17,23,0,103,31,11,63,35,17,78,38,6,16,21,47,2,30,19,54,43,29,48,65,4,15,70,0,232,32,32,57,34
"COG1470",19,478,251,0,112,238,5,19,24,363,90,226,168,157,273,25,59,41,605,22,500,193,115,2,527,94,126,51,311,55,210,296,155,281,146,586,248,187,355,92,167,79,169,215,238,289,110,120,322,251,63,5,100,167,239,113,196,60,87,4,4,37,93,22,30,69,17,15,1,29,92,10,123,135,65,59,151,48,226,7,195,70,46,24,66,22,75,47,110,71,57,263,84,38,97,5,71,6,228,19
"COG1472",10844,31261,26758,19569,10750,21655,21968,21256,11257,26769,35751,26134,25165,27299,18234,18021,21401,16038,35758,25189,33638,36448,19885,22403,31952,27576,26161,24538,20528,24602,26963,22542,29074,15288,27705,37655,26401,21764,24284,18177,20617,34415,29460,33300,25890,28159,30409,21407,19047,23294,22675,19053,21474,30955,35672,27504,32002,19202,32689,13171,22493,26590,25866,26984,25484,30192,20004,20822,16934,23395,7449,26388,32443,25520,24127,20752,33433,18904,34661,24006,33550,35980,18605,20639,25743,18124,24675,25029,27273,23857,22078,36047,20214,20747,26865,12959,28331,32273,30788,13303
"COG1473",5930,3094,3956,3501,2740,2431,4086,5115,6873,1802,2089,2290,2120,2699,4306,2090,2798,3291,1913,1022,2330,2321,1817,2275,1645,1986,2976,3232,2954,2886,1649,3300,2475,2637,2394,3202,2305,1329,3229,2712,5938,1282,4943,2560,1652,4020,1512,1596,3440,4579,1972,1823,2837,3120,3065,2351,1712,3680,2989,5933,4037,2174,2428,1678,2048,2138,1780,3969,8329,1652,7102,1212,1900,2471,2007,3210,2828,2671,1128,4406,991,1553,2409,3581,2053,1476,4376,1905,2536,4891,1449,4236,2598,3796,1228,5115,2598,1820,8697,1476
"COG1475",6315,5725,6589,9253,7851,7072,7832,6770,6980,5178,5041,7718,7247,8045,7599,6087,7353,8249,4090,4412,6670,8004,6711,4181,7408,8375,8081,7502,7167,7165,8222,5520,9048,10968,7687,6171,6472,5335,7825,8658,7558,4988,6777,7590,6903,4758,7772,7995,9583,5263,9221,3307,7070,6391,7713,7364,5622,9446,6427,6070,6923,7920,7286,9193,6062,6563,7337,12983,6030,4321,5000,5225,5507,9377,5571,12171,5884,7675,6042,10584,5347,6801,9681,9093,7074,7379,4685,8669,6627,6000,6483,4943,6937,5822,8026,6995,7197,5809,4899,7480
"COG1476",590,624,343,2156,351,645,840,516,744,136,536,597,400,621,458,319,361,553,199,258,356,452,563,93,550,814,553,574,469,590,390,248,550,669,1108,168,276,354,655,751,594,108,383,641,225,247,282,2634,883,329,630,100,554,542,575,801,235,590,260,1385,642,463,445,784,443,372,422,957,394,283,318,256,173,556,408,393,451,412,255,999,282,269,812,553,285,595,197,517,231,227,434,239,390,224,875,227,200,284,192,663
"COG1477",2877,2341,2739,2122,1226,2717,2867,3229,2838,2271,2118,2309,2272,2351,2877,2865,2141,1910,3295,3532,2420,2180,2847,2194,3001,2310,2619,2750,2550,2129,2692,2054,2128,1841,2671,2621,2004,1962,2877,2594,2691,2615,2203,2389,2278,2736,2571,2889,2444,2429,1984,3156,2521,2568,2575,2120,3319,2658,2300,2483,1127,2296,2841,2579,2428,2207,2896,2231,1756,2942,1007,2616,2289,2174,2537,2468,3449,2026,2853,2417,2708,2168,2266,2697,2278,2608,2491,2554,2462,2524,2426,2885,1855,2332,2629,1747,2696,3122,3145,2310
"COG1479",1083,3463,2279,1330,3378,3965,5310,7573,3711,3521,6194,4050,3926,3671,5510,6208,4238,3328,1995,3462,1705,1941,6850,7934,1860,4295,6244,3593,4497,6452,1953,3682,2277,3099,5659,1648,3531,3912,3794,5384,3021,9152,2610,2406,8492,5742,4067,5711,5674,2347,4043,4510,2554,2849,3396,3714,4448,4302,3699,2516,8042,7823,2825,5698,5616,5095,6864,3405,2575,6126,660,4102,3651,5340,3773,2078,3403,4659,3318,4328,4813,4168,4620,2569,2195,6531,2252,5485,1776,5471,3907,2388,4111,4648,6325,6758,5877,8026,1524,11934
"COG1480",315,1657,2250,357,643,2217,1682,1992,1533,3439,2880,2181,2990,2272,2258,2613,2014,1126,3531,5946,2443,2431,2803,2417,2544,2127,2330,2083,1916,2515,2524,2551,1460,1098,1791,3074,2843,4161,2390,2345,1058,5154,2519,2142,3462,3541,3330,3165,1787,3482,1182,4737,2899,2403,1933,2512,3476,2082,2577,64,347,2730,2184,2051,2134,3259,3028,986,755,3059,47,2581,3026,1739,3052,1400,2350,2106,2879,287,2914,2528,1103,2109,3051,2674,3713,2745,3032,2995,2355,3311,1339,3181,2902,157,4142,4418,2836,2736
"COG1481",2167,779,1022,2072,626,1278,1842,1733,1463,457,639,1183,753,914,1051,602,876,1056,244,466,937,807,1047,768,856,1480,1434,1339,991,1264,912,412,1141,1925,1574,499,792,421,982,1349,1714,259,731,1237,341,436,729,1416,1219,560,1628,211,1103,502,813,797,305,1411,744,2100,2139,810,1023,1524,1029,625,1408,2094,2200,511,468,550,318,1257,887,1322,619,1092,359,2341,345,1107,2084,1425,488,1288,348,846,758,599,993,322,2031,612,1371,1949,706,767,550,1313
"COG1482",3869,2794,2260,1247,2171,3059,3046,2395,2759,2642,3150,3386,1714,2671,2358,3033,1908,2001,3329,2379,2319,3404,2968,2517,3362,2815,2664,3836,3174,3447,3004,2673,2107,1589,3672,2804,3224,2150,3509,2167,2322,3406,2866,3527,2968,2178,3122,2097,2393,2456,2720,2648,2680,3251,3169,2885,2677,2238,3240,2821,940,2962,2947,3091,2616,2968,2091,2058,991,2286,1719,2197,2170,2850,2293,3524,3216,2890,3140,1969,3019,3462,1944,2352,3182,2934,2594,2406,2496,2640,3059,3483,2335,2227,2440,2072,2511,2842,2622,2499
"COG1483",16,1374,0,0,7,7,1852,4,261,474,63,947,158,62,97,266,28,17,697,2,107,1360,173,52,379,195,9,39,421,476,1,0,462,9,20,140,322,73,174,342,2,2,811,53,109,402,219,0,266,28,175,852,1,269,199,60,2212,103,51,0,0,6,3,779,532,77,182,189,0,14,0,20,5,72,155,635,1128,7,322,2,1,32,44,19,29,1,376,24,0,2,164,395,665,30,816,0,6,4,0,0
"COG1484",4605,3781,4217,5572,5947,5876,8803,6483,5211,2943,2671,5218,5017,4836,7998,2702,4880,4119,2019,1443,4251,5352,3148,2512,3235,6088,3941,4358,7315,4305,6665,5438,4289,6007,4153,4581,2520,9048,4454,3610,8155,11090,4520,8066,4084,1841,4431,3942,4341,3880,5979,1170,5664,3606,3779,5097,3886,5321,4458,4833,4729,4175,5169,4973,4744,3502,5987,7584,12512,8800,6412,4976,5868,5535,4904,5536,3874,5357,2796,5635,3672,7529,5907,4963,12052,6046,9810,7929,5929,2634,3961,2140,5716,6271,6279,1502,4777,11976,3491,5858
"COG1485",34,63,123,107,606,3,2,8,274,68,171,3,146,3,108,41,14,588,62,5,8,0,0,415,3,2,0,174,74,0,23,96,283,110,12,19,20,16,47,0,120,5,2,10,87,105,8,18,136,12,0,72,11,58,7,10,21,15,17,123,106,4,16,2,68,158,1,8,0,14,884,2,27,18,2,25,27,10,24,72,87,9,129,14,35,15,25,5,32,12,5,111,2,65,0,5,6,2,91,6
"COG1486",386,1107,1738,2245,2838,581,1784,1037,3767,624,1167,524,1126,600,1103,526,907,3056,857,284,480,600,312,1963,505,576,704,1105,1059,456,481,740,1794,1534,810,813,773,357,707,641,2756,451,1846,607,626,786,881,616,1140,564,866,702,614,1053,517,780,803,713,477,2492,1486,551,230,1289,660,1198,481,1523,1509,605,3898,688,627,1169,711,1173,1431,937,548,1794,575,667,1264,734,604,391,510,528,446,1221,571,823,638,975,722,2364,210,611,1798,335
"COG1487",78,276,334,83,516,165,68,189,146,122,27,500,116,197,253,28,189,264,190,1502,185,288,253,126,334,81,490,90,27,136,379,502,269,263,235,503,221,200,285,56,109,26,223,383,199,64,235,470,452,145,85,46,253,340,392,428,61,96,279,42,586,301,112,137,394,244,108,114,623,57,811,620,282,100,861,21,426,22,401,211,235,321,520,84,264,95,166,213,258,306,319,187,277,182,117,113,62,711,39,68
"COG1488",3667,2909,2246,3827,1793,2780,3056,4059,2173,2309,2682,2454,2219,2465,2034,9354,1969,2377,1490,827,2034,2210,1664,1585,2272,3057,2260,2479,1988,3067,1472,1414,1951,2741,2066,2303,2120,1173,1873,2053,2922,1578,2337,2406,1567,1469,1791,1894,3120,1702,3239,749,2120,2154,2293,1899,1473,2164,1738,5964,3973,2276,2076,2975,1606,2891,2320,3487,3580,1049,1824,980,1958,2327,1683,2534,1963,2246,1593,3767,1524,2084,2848,2610,1824,2189,1177,1586,1996,1346,3692,2055,2707,1662,2299,3418,1155,1316,1776,1890
"COG1489",300,259,394,657,711,359,322,465,726,179,236,210,340,202,568,134,292,846,187,118,255,239,201,424,180,405,590,432,366,335,186,313,574,470,365,227,282,90,284,316,437,84,341,325,387,249,140,470,462,268,686,122,311,246,313,323,151,265,287,300,191,218,337,311,437,241,355,512,705,115,1162,97,235,407,320,625,350,334,100,366,168,146,535,320,165,375,186,285,226,293,165,305,271,326,288,303,216,165,406,292
"COG1490",1262,1258,1271,1273,1356,1263,1254,1552,1632,1152,1512,1440,1411,1353,1386,1466,1270,1235,1105,2202,1103,1262,1389,1180,1233,1313,1413,1319,1256,1373,1265,1099,1117,1458,1500,1225,1050,1498,1356,1387,1240,1576,1118,1359,1609,1523,1556,1370,1298,1305,1240,1371,1408,1222,1169,1258,1106,1478,1273,1243,1817,1360,1190,1395,1348,1296,1799,1387,1540,1152,947,1154,1448,1339,1142,1239,1212,1330,1109,1335,1068,1362,1632,1429,1315,1352,1283,1528,1471,1549,1354,989,1796,1261,1478,1161,1463,1436,1080,1336
"COG1492",1032,1712,2148,1449,1043,1520,1833,1485,1693,2327,1151,1887,1956,1742,1342,725,3021,1577,1144,471,1856,2368,886,706,1941,1792,1378,1433,2608,1758,2316,2237,2140,1598,2598,2308,2454,2237,1658,1776,1977,1124,2904,2535,2287,1879,1923,1905,1644,1995,1937,609,1989,1686,1685,1794,1233,1969,1778,1283,702,2402,1975,1668,1140,1613,1038,1764,1767,1726,483,1725,2282,1445,2183,2585,1612,1846,2082,1586,2196,2472,1441,2171,2624,1495,2692,2223,2357,3019,2079,1244,1325,2547,1791,3053,1329,1067,1927,1206
"COG1493",1675,915,855,2472,464,1170,1940,1364,1442,282,687,1000,1002,1175,533,624,1031,1100,170,492,971,924,1012,444,799,1491,1258,1400,951,1073,1032,230,1168,1196,1512,598,790,404,745,1014,1180,258,1068,1219,569,390,782,1289,951,462,1506,175,1214,579,991,1008,274,1310,618,1801,594,976,965,1327,921,429,1242,1982,877,567,427,375,530,1203,824,1430,675,933,364,1739,325,1116,1359,1559,376,1303,429,942,867,598,1241,446,684,852,1194,667,694,708,664,1072
"COG1494",235,222,214,178,1053,70,70,411,796,168,272,73,401,55,403,660,93,1022,151,88,47,48,76,717,84,33,90,313,230,136,125,244,350,198,40,247,142,67,281,147,341,86,404,29,192,230,59,98,374,160,25,258,78,248,62,43,79,251,226,281,197,55,67,19,157,210,92,170,471,153,1682,58,126,89,29,189,114,150,150,279,159,55,150,61,89,66,226,34,153,197,30,491,111,351,0,52,150,63,486,74
"COG1495",1064,36,62,79,336,41,60,71,369,144,145,13,99,121,120,308,180,302,134,31,3,74,29,175,16,1,106,154,96,23,22,116,150,166,3,32,29,58,66,37,54,152,117,8,113,321,19,14,213,334,21,33,5,51,27,35,5,29,63,22,48,17,54,6,27,40,21,6,0,3,175,10,20,6,41,20,13,35,21,19,35,8,23,0,12,11,10,57,19,28,36,22,22,20,1,2,14,5,50,10
"COG1496",1345,873,1507,1570,981,1617,1716,1767,1792,1443,1340,1486,1118,1338,1409,2202,1535,1277,1522,2212,1146,1255,1676,2091,1161,1363,1648,1457,1336,1714,1154,1334,1072,1671,1478,920,1268,1378,1379,1574,1216,2227,1377,1335,1443,1487,1536,1569,1172,1706,499,821,392,323,336,348,369,503,596,331,734,438,408,496,684,415,671,459,749,772,259,727,415,489,358,331,428,545,431,468,382,470,582,397,496,563,502,498,423,580,502,335,533,529,470,706,632,744,383,567
"COG1501",4272,15333,10657,13625,7440,9728,8585,10833,6035,10899,9439,10381,12125,8992,8011,8205,10003,8446,16272,14917,11759,13121,9143,7921,13368,11115,9770,9645,9673,9058,12971,12040,10717,8014,8484,16626,13664,11210,8939,7678,9859,12837,10874,12400,10023,11547,11853,8263,8734,11000,10139,11509,10549,13966,14701,11047,17162,8314,10918,6693,12814,9197,10988,9873,9792,9681,9786,10801,4374,8089,6519,11402,14057,11949,12214,8259,13296,7338,14179,11067,15107,10253,9324,7764,9579,8469,10256,9097,11894,10059,11284,13801,9719,8604,13118,8284,11528,9698,12505,7003
"COG1502",8515,5566,6808,6264,4306,5910,9071,6188,6758,4519,6217,5035,6954,6512,5766,6831,5620,7165,4894,6188,6229,5974,5783,5378,6055,6831,7622,7430,6267,6713,5805,4542,7393,4620,6003,4885,5267,5792,6062,7281,3132,5076,5128,6384,6986,5752,5553,7962,5560,5682,7435,6449,6302,4789,5574,6992,4869,7085,5091,6696,3463,6822,7543,6198,7389,4987,6763,4396,3442,6228,5537,7690,5472,4956,5803,6346,6848,5278,5103,7310,5220,6995,5525,8181,5628,6771,5131,6836,6359,5192,6262,5615,6080,5770,6001,2281,5044,6174,4417,6401
"COG1505",8,39,436,0,334,519,17,17,14,1274,184,262,273,423,618,280,85,128,1117,392,634,207,458,2,656,764,220,151,116,108,261,317,297,117,262,703,463,215,515,362,220,202,386,174,239,574,168,118,364,1482,278,668,375,498,677,407,1644,369,677,9,6,121,437,80,100,519,236,331,4,246,2,29,138,603,324,244,624,449,613,22,570,369,300,79,480,674,348,65,464,150,338,1295,467,315,513,1,366,57,1261,1116
"COG1506",1269,5927,11810,1551,3719,8421,5516,8805,3949,14223,10536,9285,10726,11965,10906,12269,9625,4594,14470,16841,13346,11314,10584,11341,10768,7684,8764,7374,11081,10782,12803,14196,6534,6575,6891,16385,12254,16226,12436,9884,6010,18669,12716,8873,14886,13911,13104,7649,8694,10915,5067,16212,10893,11985,9225,10511,15198,9348,14439,365,5488,12115,11365,8839,13418,15084,9652,3819,4498,15702,110,16963,13883,9781,11877,6734,9778,8389,16019,1913,13304,10716,4908,7715,14739,7935,16349,10723,13662,13278,8943,11524,7113,12920,11712,2763,16141,16071,10786,7823
"COG1507",0,17,38,45,146,4,3,93,0,1,4,151,1,0,62,2,29,0,0,2,1,0,1,165,2,0,0,2,13,121,1,0,0,1,0,0,1,1,0,0,8,2,0,0,0,0,4,1,2,1,0,9,0,3,0,0,0,4,59,30,1247,0,0,3,0,0,5,24,490,0,0,0,0,67,1,0,0,0,8,278,3,0,0,7,2,0,0,1,0,19,2,0,0,1,2,466,0,8,4,0
"COG1508",1930,1385,2733,569,1672,1846,1662,2225,1737,3161,2548,2123,2150,2180,3059,4036,2119,1918,2815,3439,1819,2386,2841,3961,2334,1607,2040,1619,2158,2143,2367,3024,1726,1407,1914,2889,2714,3138,2530,2306,1724,4071,2716,1958,2850,2832,2968,1493,2210,2436,1290,4704,2028,2623,2439,2122,2502,1991,2725,581,532,2402,1844,1709,3228,3950,2183,1007,1481,4028,1856,4690,2740,1837,2842,1557,2007,2218,2486,634,2743,2029,1389,1415,3270,1562,3112,2481,2537,3039,2180,2375,1673,2881,1861,3133,2878,3996,2263,1585
"COG1509",173,1770,1364,179,1498,745,171,177,524,1703,1158,752,1135,1203,1220,158,1101,1100,2844,73,1493,1503,628,400,1424,807,674,757,1430,223,1677,2013,1248,1315,665,2198,1759,1348,1506,861,825,960,1320,800,1324,1560,630,570,1252,1272,780,174,964,1924,1660,1337,2081,1057,1370,179,327,1154,1435,286,366,972,353,725,113,824,1252,492,1175,1546,1172,859,1427,988,2216,141,2588,1135,779,828,2044,467,2014,942,1401,1623,1030,3234,1010,1438,1042,49,737,145,2106,348
"COG1511",7012,3043,2692,6881,3763,4194,7544,4890,4437,306,2152,4530,2370,2898,2141,1677,3928,3428,413,1421,2121,2335,4075,2808,2094,4281,2542,5510,3423,4988,2952,898,2784,4344,3073,856,2043,1177,1572,2843,2567,827,1994,4085,990,1002,2190,6096,1616,1304,4694,716,4035,1097,2131,2873,689,2786,2184,7834,18124,2305,3578,4689,3281,1023,2926,3696,11932,1331,1437,1151,800,4040,2947,3481,4584,2854,1461,9663,779,2670,2660,5111,775,4050,702,2774,2306,1103,3868,349,3324,1851,4315,7734,1553,1935,457,3358
"COG1512",841,820,1231,1252,679,1164,1513,969,1349,1327,1432,1486,1494,1259,1236,1148,1484,1312,883,763,1150,1760,1499,784,1169,1531,1108,1526,1418,1682,998,1429,1224,1363,1490,1205,1422,1907,1412,1026,1611,1125,1563,1196,1790,1519,1317,968,1458,1239,1300,1790,1486,983,1453,1141,1440,1171,1611,458,349,1443,1311,1132,1238,1299,1255,1343,605,966,521,1070,1379,1464,1139,2053,1088,1638,1396,1169,1224,1363,1120,1941,1111,1440,1408,1589,1553,1980,1584,944,1288,1561,1324,487,938,1121,1018,1429
"COG1513",1,8,12,15,86,0,1,0,1,11,20,0,29,0,15,1,0,75,3,1,0,3,0,46,2,1,9,18,7,0,1,0,31,2,0,0,1,0,6,0,0,0,1,0,9,4,0,0,0,2,2,14,3,31,0,6,9,7,0,38,30,1,1,0,29,3,4,4,62,2,385,0,2,6,1,10,9,4,2,3,30,4,32,1,10,5,6,3,9,7,1,10,0,32,0,5,0,1,31,4
"COG1514",28,34,69,55,319,4,6,8,231,43,73,21,127,16,86,19,36,289,42,6,8,7,12,223,7,11,67,92,119,170,12,60,166,234,25,18,18,18,97,22,125,4,8,26,48,47,9,13,100,32,26,37,23,52,33,16,10,37,28,26,73,25,7,82,35,54,178,152,0,149,498,7,29,15,6,47,12,11,13,57,46,6,60,11,29,16,31,6,18,17,1,73,33,50,4,6,3,12,52,21
"COG1515",7,13,40,38,212,1,1,3,151,204,44,0,67,1,13,18,3,234,9,1,5,0,0,143,1,0,0,61,31,0,7,27,127,50,3,6,8,4,21,0,66,10,23,3,22,42,3,2,43,3,147,24,5,14,3,3,6,4,9,61,41,3,2,0,14,190,0,204,0,10,357,0,7,5,0,3,9,4,20,48,12,2,53,8,23,5,11,2,12,9,1,118,0,25,1,8,3,0,183,7
"COG1516",694,195,103,43,352,269,330,163,495,42,238,159,339,209,156,775,126,440,91,138,203,139,398,202,137,415,232,510,238,185,108,82,370,153,385,59,191,143,144,247,68,81,133,255,65,110,95,780,186,178,521,54,194,110,173,248,42,178,38,43,40,156,295,210,367,66,171,36,27,125,692,80,67,46,238,67,329,67,119,149,109,364,210,266,99,455,101,189,74,88,352,180,108,175,173,45,183,68,235,244
"COG1518",2925,3502,1773,1776,1422,2061,1779,2458,2045,1950,2337,2122,938,2352,2140,3246,1064,1631,1592,3750,1314,1398,3104,2001,1993,1804,2041,1876,1557,2115,1867,1448,1336,1383,2312,1363,1419,936,891,2120,1500,2700,1021,1878,2457,2098,1403,2677,1778,1366,1368,1696,1858,1916,1332,1637,995,1682,1189,2107,1803,2857,1488,2024,2461,1106,2627,1919,1627,2620,1361,2259,1605,956,1408,2026,2189,1170,1036,2434,1102,1895,2569,1973,1872,2213,1566,1858,1459,1056,1285,1298,2295,877,2071,1962,1610,2283,1772,1608
"COG1519",985,1796,1478,321,1749,1612,762,1323,1494,2962,2241,1989,1750,1790,2068,2089,1608,1303,1997,1797,1447,1847,1320,2008,1976,1146,1243,1351,1980,1549,1871,2352,1293,918,1232,2106,1977,2895,2069,1836,1300,2989,2112,1780,2803,2378,2217,1178,1940,1908,960,2143,1636,1992,1834,1763,2222,1603,2023,427,391,1982,1427,1245,1570,2999,1234,743,1083,2038,1241,2432,2553,1388,2052,1191,1777,1811,1925,253,2078,1763,843,1148,2549,1022,2628,2373,2048,2442,1933,1810,1355,2498,1549,3188,1760,2122,2015,835
"COG1520",579,2954,2725,300,1785,1582,1026,407,947,4525,2118,1713,3737,2849,1712,1401,1995,1647,6679,307,2855,2243,1543,306,5126,1825,1175,1438,2237,609,4327,3352,1730,3244,2881,4662,3234,3199,1923,1460,1831,1365,1879,2566,2168,3807,2637,1107,1952,2453,1435,278,2723,3805,3308,2662,5904,2750,3327,397,366,3274,2752,996,773,1893,663,2937,791,1454,515,944,3517,2410,3191,1837,3299,1921,4128,278,4168,2925,1214,2066,2861,1204,3712,2232,3498,2976,2947,3926,1708,2375,2324,99,1783,305,4085,800
"COG1521",1759,1354,1400,1670,1164,1696,2031,1342,1671,1523,1281,1765,1370,1777,1626,835,2106,1412,1084,876,1471,1576,1321,702,1355,2003,1822,1766,1811,1950,1822,1273,1669,1537,2147,1062,1401,1096,1551,1620,2261,993,1531,1816,1525,824,1299,1898,1636,1142,1910,396,1646,1333,1465,1675,941,1865,1607,1009,2146,1719,1727,1854,1255,1362,1480,1963,2108,1174,548,913,954,1945,1655,2455,1484,1916,1263,2043,1204,1509,1625,1840,1610,1805,1157,1786,1449,1518,1676,811,1207,1288,1586,2278,1019,1006,956,1552
"COG1522",2560,2471,2603,1251,2279,3183,2465,2394,3659,2780,2536,2192,2286,2302,2870,3948,2318,2938,3243,3886,2569,2257,3577,4052,2071,2582,2708,2332,2595,2568,2540,2594,2249,1703,2436,2154,2137,2899,2810,3129,1651,3276,2195,2255,2783,2545,2771,3038,2406,3003,2305,3474,2394,2619,2102,2466,2702,2447,2375,988,1977,2715,2662,2571,3447,3452,3422,1427,1999,4086,2600,4219,2422,2315,2705,1961,2585,2249,2447,1712,2466,2707,2361,2106,2833,3091,2261,2563,2259,2715,2901,2780,1742,2536,2475,3260,2592,3719,2417,3733
"COG1523",1952,5382,3797,2229,3483,3425,4998,4657,4240,3841,3834,4446,3948,3346,3001,4629,5045,3967,3240,4519,4236,3321,2967,6224,3364,3602,2653,4391,3504,4095,3302,3714,2986,1965,3420,3331,3596,4255,2663,3000,2187,3577,3635,3600,3499,4256,3757,4908,2288,3802,1203,1343,1433,1186,1030,1162,1127,729,1074,2116,4576,1108,1042,897,1327,1086,1045,723,3317,1651,1222,2031,1084,1242,1485,1197,1175,766,1298,2809,1143,1039,662,1542,1240,1315,1303,1338,1306,1192,1554,1133,652,1429,1687,3687,1220,1648,1160,1271
"COG1524",407,4225,2303,288,2049,2169,1426,3048,847,3448,3002,3508,2914,2182,2633,2670,2745,744,3071,4860,2899,3243,3312,2049,2946,1680,2231,935,3654,3169,2295,4923,1879,2348,2219,3519,4085,4454,3574,2748,1714,4541,3429,2318,3140,4107,4913,1392,2657,4114,1886,7499,2520,3849,3016,2773,4303,2629,3356,215,2157,3190,2319,2160,2635,2913,3411,931,1532,4703,515,2748,4706,2729,2956,1893,2611,3154,4106,843,4201,2897,1745,2465,3387,3333,4612,3688,3391,3855,2617,4396,2632,4261,2127,939,2889,6226,2421,3983
"COG1525",50,63,15,43,1603,3,15,46,705,26,28,92,1,39,240,47,97,91,23,39,7,37,21,0,167,134,242,61,116,32,20,18,350,418,46,58,37,48,64,163,106,30,127,35,49,92,138,40,169,26,132,113,43,113,165,54,27,147,52,45,243,62,43,116,45,53,107,246,3,129,57,14,52,24,21,57,64,154,6,55,205,183,132,31,14,77,107,8,86,114,16,136,78,131,1,17,71,4,144,41
"COG1526",223,124,276,470,501,110,343,455,504,208,205,43,279,132,326,77,149,646,111,41,160,74,95,341,66,217,225,240,230,170,152,163,289,304,164,105,135,69,181,87,82,19,63,81,227,135,98,57,195,180,248,100,204,110,102,175,78,153,111,470,253,85,105,62,169,168,91,80,396,62,988,93,104,108,75,470,57,101,44,271,83,77,156,255,58,96,135,152,216,75,112,159,79,119,123,159,65,169,224,187
"COG1527",939,502,1348,2267,345,530,1465,630,544,167,424,424,332,609,465,217,337,556,281,264,518,465,485,307,406,570,568,337,452,448,346,463,590,1173,770,280,382,192,464,483,976,106,317,514,150,389,368,470,826,401,618,160,726,305,492,380,249,452,233,1753,802,466,276,717,337,372,674,1249,752,364,1113,178,248,827,308,635,303,548,119,1691,176,335,890,585,304,352,250,586,548,591,537,202,994,417,953,668,193,337,524,293
"COG1528",295,714,1131,431,1432,854,499,646,1360,1952,1347,1476,1632,1152,2595,544,1683,939,2517,670,882,1419,1443,549,1145,1067,783,889,1848,1168,1530,1412,922,922,1355,915,950,2458,1749,1580,1230,1821,1176,861,3233,2562,1158,1097,2202,1452,295,454,540,450,385,455,1382,418,361,72,113,628,328,413,290,520,259,197,209,307,345,426,706,331,368,362,384,575,657,107,629,287,294,498,1012,549,675,770,516,974,422,252,394,596,419,75,335,56,432,516
"COG1529",3003,3058,5162,7962,3124,2482,6578,4381,3200,1895,2252,1222,2779,2143,2640,1028,2986,5357,1872,738,1355,1626,1405,3343,1629,1955,1618,2878,2289,2475,1524,2370,2366,3335,2267,2122,2154,1286,2872,2082,2755,916,2883,2743,1560,2275,1427,2719,2281,3476,1744,942,2713,1919,2175,1887,1238,2543,1559,5428,2988,1591,2246,1948,1475,1614,1520,3568,4763,1169,11140,1576,1899,2472,1904,3681,1307,2180,1106,4691,903,1538,2743,3697,1313,1519,1848,1524,1972,2635,2813,2653,1707,2961,2100,4766,1365,1891,4879,1060
"COG1530",2154,2031,2097,1454,3102,2273,1907,2680,2867,2330,2168,2043,1620,2367,2454,3218,2244,2599,2194,3596,1588,2317,2839,2959,2051,2047,2384,2291,2628,2416,2059,2343,2584,2447,1877,2415,1992,1971,2529,2245,1772,3024,2509,2169,2092,1965,2568,2415,2053,2872,1927,3797,1727,2186,2120,1911,1555,2281,2610,1540,3101,1975,2054,2308,2755,2587,2498,1456,2051,3113,2867,2354,2085,1814,1675,1413,1733,2630,2242,1917,1994,2391,2519,1639,2589,2378,2484,2330,1877,2299,1796,2304,2227,2502,1516,2030,2670,3302,1765,3067
"COG1533",1947,1870,2080,2752,1027,2424,2355,1061,2051,2874,1435,2082,1965,2811,2494,2627,2385,2100,1757,1374,2930,2245,3321,1785,2559,3166,3173,2424,2574,1851,2228,3588,2198,2519,2904,1864,2589,3305,2462,3065,1170,1353,2668,2952,2760,3999,2569,2442,3061,2580,3089,3588,4098,2780,1892,3566,3129,2118,1780,1451,865,4086,2616,3584,1813,1120,1998,2027,1111,2573,974,1197,2121,2662,4067,2252,3331,3225,2743,1767,1406,3939,2406,2935,4577,3440,2728,2915,3794,2631,2608,810,2805,1965,3163,857,2447,758,2270,3505
"COG1534",1006,440,332,771,506,554,643,521,805,207,348,512,360,375,394,474,426,656,152,282,363,318,406,444,296,488,493,597,456,504,523,112,512,546,617,169,319,231,318,456,728,167,374,460,219,248,343,675,467,307,540,79,403,290,286,380,101,636,261,896,327,301,480,509,357,293,496,863,848,203,673,243,252,553,428,532,415,642,167,588,183,411,718,503,189,447,123,328,276,215,500,231,451,241,470,504,259,271,275,444
"COG1535",16,47,71,70,413,2,3,7,87,47,78,2,158,2,49,15,7,383,40,2,2,0,0,275,3,1,0,96,44,0,4,64,208,91,1,10,16,10,38,1,63,4,1,7,72,56,6,15,86,10,0,53,7,26,5,9,9,10,14,45,81,4,10,1,45,65,0,5,0,6,643,1,20,13,1,17,17,4,12,41,42,1,45,14,19,9,26,3,13,9,2,95,0,40,0,3,3,0,72,2
"COG1536",1346,453,231,103,588,446,507,295,606,83,345,243,708,378,202,790,396,819,148,163,220,279,644,372,184,669,416,908,496,432,207,138,657,258,511,109,419,226,219,424,150,116,257,545,84,128,194,1081,296,370,730,96,382,188,444,354,81,337,83,78,106,205,575,317,522,142,258,87,115,147,1125,132,150,70,431,119,258,153,290,331,225,612,322,732,156,777,126,299,160,144,555,197,148,341,318,70,304,180,376,387
"COG1538",3439,15043,16618,1697,8280,11508,4884,8564,6386,24181,17048,16329,15044,16018,13867,10542,17399,9046,24365,13018,17950,18018,14669,9973,18776,10534,11689,11374,17958,14879,18028,24560,11471,8532,12417,24372,22271,22430,16701,12941,10330,23243,20114,14533,22469,20015,15893,9282,14041,19061,8530,20692,14116,20087,16824,15383,17954,12403,18947,1328,2979,17928,15122,11536,11975,19929,11069,5151,3624,16250,4003,16550,21801,13671,18410,11411,14656,12685,24452,1746,24471,14702,7023,10072,23765,13411,25448,17294,19128,19783,13929,19701,11401,20203,13496,4073,15905,13643,16037,13756
"COG1539",558,803,1022,1029,1057,1135,837,1026,1410,931,941,1230,823,853,1243,1471,669,893,812,1645,820,907,761,1643,982,1008,1136,690,958,1039,963,931,924,706,1085,860,1019,1357,965,1111,899,1426,1064,891,1146,1078,1143,965,1225,1170,1085,1257,864,975,840,936,1034,1046,911,1210,2046,940,765,932,1141,1211,1410,527,1542,1216,940,1125,1159,1000,841,671,1351,845,803,827,1125,1119,1061,742,1039,990,1025,1220,889,1127,863,1055,756,899,937,993,1288,1331,1057,1211
"COG1540",274,178,354,809,448,129,224,84,502,90,271,196,300,162,154,130,193,426,90,45,97,112,59,259,149,106,155,176,176,210,473,143,245,115,390,76,76,41,146,128,815,40,85,98,89,152,117,102,411,132,90,88,144,116,146,85,39,181,72,498,667,117,129,112,139,139,196,575,172,57,524,33,109,365,125,115,77,316,40,150,136,126,283,131,129,57,60,80,94,98,81,95,130,95,89,166,71,76,115,103
"COG1541",705,3674,4234,2041,1346,2003,1768,435,1300,5381,2078,2920,3068,3385,2305,2632,3358,1729,4360,537,3883,3690,2843,783,3607,2297,1941,1566,3338,1280,3745,4795,2426,2470,3330,5334,4199,4043,3380,1972,3703,1896,3485,2826,2949,3020,2369,1591,3677,3279,3194,739,3140,4866,3064,3335,3735,1972,2851,1476,869,3982,3465,2469,1392,2777,2114,3101,627,1893,2075,1902,4727,2741,3614,2261,3381,2655,4361,445,4485,3181,2221,2240,4066,2269,3846,2698,3978,4291,3281,4093,2397,3316,2585,1746,1869,858,4100,1493
"COG1543",0,0,0,0,74,181,1,0,5,0,0,0,0,25,18,28,0,3,0,0,1,4,0,1,68,0,36,43,0,16,3,0,14,868,0,1,0,0,0,79,6,6,1,2,0,0,54,63,2,0,132,0,0,70,94,23,0,2,2,0,1,4,0,528,107,0,214,5,0,0,0,0,0,0,6,0,2,826,0,1,1,152,889,0,0,95,0,34,0,0,34,0,966,0,0,0,0,19,0,328
"COG1544",527,148,331,459,424,348,413,334,560,157,306,307,220,266,384,275,226,428,149,194,194,226,312,336,189,350,371,373,252,343,291,194,370,538,345,140,225,263,264,395,425,185,223,303,169,193,218,468,408,305,1238,496,816,571,620,730,410,1125,564,1794,1557,689,752,1326,854,920,1272,1170,1657,572,1265,493,374,791,849,659,620,1250,382,1446,519,937,1663,731,710,1292,409,770,460,648,1055,358,1407,673,764,1197,560,470,586,1622
"COG1545",0,1,0,0,0,1,2,0,13,0,0,0,0,1,8,1,0,1,0,0,0,3,1,0,0,0,1,0,0,0,0,0,5,48,11,0,0,0,0,0,0,14,0,1,2,0,3,0,0,0,4,0,15,0,12,0,4,0,0,187,0,0,0,0,2,0,6,9,0,4,0,0,0,0,0,0,0,0,0,0,0,0,5,3,0,1,0,0,8,0,0,0,0,0,0,0,0,1,0,1
"COG1546",1681,1381,1130,910,1445,1272,1193,1582,1297,1472,1279,1432,1074,1440,1725,1654,1212,1141,994,1064,1263,1503,1241,1309,1516,1374,1490,1187,1317,1608,1240,1113,1683,1372,1528,1174,1281,923,1557,1419,1578,1093,1449,1318,1209,819,1503,883,1594,1400,1203,1581,1233,1219,1405,1283,1684,1779,1739,1985,1204,1297,1216,1460,1342,1408,1398,1683,2141,1172,1068,1256,990,1694,957,1990,1367,1286,1199,1416,1171,1526,1587,1262,1119,1408,1023,1194,1367,1190,1188,1352,1466,1180,1190,1869,1091,1055,1409,1610
"COG1550",3,9,31,2,8,2,2,2,93,0,0,3,6,0,5,8,7,10,20,7,10,9,3,0,4,8,4,3,25,2,7,16,5,1,20,1,4,5,5,10,3,1,5,2,11,4,1,2,26,19,12,1,9,14,5,9,6,5,1,1,3,10,3,0,3,0,2,0,27,10,74,9,7,10,1,24,8,2,0,48,2,2,3,2,7,0,9,9,4,10,1,32,0,6,1,2,6,1,56,5
"COG1551",198,141,55,18,148,117,120,99,360,19,116,77,81,100,72,91,89,200,42,74,92,94,258,99,69,199,97,243,119,96,80,44,155,62,175,24,96,74,64,126,51,32,40,123,32,32,77,266,102,80,271,11,103,40,101,88,24,91,12,19,25,79,193,131,175,53,101,19,40,44,300,52,23,22,100,27,274,37,67,91,43,164,115,156,48,200,51,106,33,28,148,69,48,63,112,7,98,35,113,111
"COG1553",43,49,79,68,366,0,15,21,438,38,111,0,117,5,71,26,8,375,53,23,6,0,5,239,4,3,0,126,40,0,34,77,153,102,8,19,32,31,31,0,64,7,2,1,74,64,8,18,119,8,0,90,7,68,6,10,13,13,12,120,122,5,17,3,60,71,3,10,4,19,562,14,16,23,0,19,27,6,25,28,68,9,83,9,34,23,26,5,16,15,16,106,1,46,0,7,8,3,88,32
"COG1554",2062,2247,760,285,1696,925,286,1681,610,1825,2369,1614,1212,1309,1237,223,918,756,1196,323,1679,1560,346,471,2519,1549,509,1209,1181,720,855,1626,2538,984,1714,1454,1917,1240,1025,732,595,850,1440,2524,1309,1011,1159,1110,1383,1561,785,136,1327,1264,2030,1349,2014,588,1997,1033,1166,1681,941,943,1605,1367,498,2457,233,970,1672,233,1617,878,1769,576,1955,921,1838,963,1863,2482,720,1256,1484,618,1257,2287,1995,1411,1198,1330,998,1052,948,39,1140,350,1008,420
"COG1555",1534,963,1084,842,815,1437,1335,1587,1427,921,1549,1380,795,1170,1179,1897,1046,804,1381,1802,1125,765,1654,1866,1303,870,1244,1349,1180,1594,1153,1177,715,1004,1113,796,970,940,1140,1349,799,2081,996,1207,1497,1071,1069,1672,837,1579,1000,2567,1069,1002,989,1060,1291,1069,1501,1347,1796,1057,1109,1512,1985,1500,1978,582,1209,2786,437,2463,1064,1196,1072,662,875,1371,1177,1459,1206,1424,1375,1014,1560,1451,1213,1270,1047,1335,947,1376,1933,1268,1118,1096,1405,1950,1412,2083
"COG1556",235,59,434,144,423,99,133,332,487,260,554,291,445,319,483,57,199,524,410,56,249,324,255,309,128,188,91,402,175,434,469,371,281,224,111,343,295,786,181,335,153,548,319,150,708,658,219,289,401,372,17,58,90,73,28,92,143,46,61,150,37,135,117,152,63,142,25,20,139,73,207,78,128,55,165,41,57,85,62,23,95,62,19,81,166,100,151,93,116,160,126,38,48,91,111,18,62,8,87,56
"COG1558",634,204,102,55,272,213,266,128,381,28,208,130,403,213,138,471,175,445,84,96,149,150,340,214,138,437,244,519,230,218,155,72,352,145,260,79,219,120,124,264,50,59,159,298,62,72,116,350,186,215,448,56,161,96,273,227,32,171,38,32,50,133,238,159,403,43,152,33,52,145,553,58,75,58,188,69,465,42,143,165,101,362,187,384,83,542,69,200,51,77,427,135,85,171,133,46,213,92,220,257
"COG1559",1853,1226,1258,1238,1680,1996,953,1959,1435,1991,1916,1865,1026,1542,2262,2925,2019,1103,1199,2425,1413,1714,1986,2195,1533,1631,1936,1320,1810,2172,2094,1974,1526,1918,1902,1234,1431,1391,2116,1742,2624,2205,1638,1663,1810,992,1776,951,1934,1936,1646,2624,1022,1753,1529,1389,1108,2512,2367,2485,2427,1674,1434,1960,1535,1765,2814,2786,2008,1867,660,1740,1513,2221,1282,1731,792,1972,1581,1109,1641,1501,2631,1170,1750,1904,1659,1460,1169,1529,1229,1392,1958,1624,704,1719,1796,2299,1136,2743
"COG1560",947,1151,1212,318,2266,1304,538,1497,1432,1812,1324,833,1020,1010,2293,1880,710,2000,1565,2012,970,1178,1663,2327,1152,869,1006,995,1255,1469,1139,1496,1553,868,916,1288,950,1300,1550,1330,1103,1664,1311,1042,1289,2321,1679,761,1808,1784,857,2186,859,1406,1160,1361,1252,1329,1550,624,383,1259,977,1033,1456,2047,1156,589,1368,1863,1952,2131,1597,901,1158,601,1039,1206,1319,250,1093,1118,941,551,1428,1003,1127,761,1154,1485,1047,1513,943,1520,806,1726,1202,2041,1469,1631
"COG1561",1267,1954,1614,1426,1316,2114,1917,1740,2149,1891,1610,1956,1734,2150,2214,2894,1921,1603,2001,3067,1798,1947,2627,1940,2082,2194,2233,1850,1813,2061,2014,1797,1909,2320,2164,1754,1857,1885,2248,2196,1937,2182,1902,2077,1804,1737,2448,2155,2180,2170,2046,2699,1989,1931,1902,1911,1673,2299,1930,960,634,2027,1855,2189,2112,2359,2251,2228,1259,2294,921,1978,1760,2134,2063,1981,1625,2339,1786,1236,1761,2194,2635,1969,1926,2228,1815,1786,1929,2008,2080,1879,2233,1968,1899,1407,2150,2200,1421,2449
"COG1562",5,0,5,8,545,1,1,0,0,1,0,5,0,29,1,731,0,1,0,0,0,118,0,0,2,23,63,0,1,13,5,1,358,37,14,1,2,0,15,1,0,0,1,4,0,3,269,5,0,2,0,0,2,4,176,0,0,116,58,3,2,0,0,0,0,0,37,97,1,0,1,0,0,2,1,1,0,1,0,1,0,0,10,0,0,44,1,0,0,1,1,0,0,0,1,1,116,0,1,2
"COG1564",1413,716,1084,1136,448,1044,1204,1048,1126,881,868,1285,1159,1224,778,543,1227,893,1003,496,1142,1169,1571,431,1020,1093,755,1055,1362,1144,1314,1272,841,1103,1538,1034,1187,1300,956,953,1344,599,1145,1330,1292,1172,600,1373,1064,1193,1061,1846,1296,1035,930,1133,1027,996,944,1499,607,1494,1254,1109,652,682,1064,1023,1364,935,255,570,1065,1243,1129,835,749,1072,1013,1458,1027,1227,1214,1507,1286,1264,1303,1405,1112,1524,1278,792,722,1098,1432,531,814,338,886,1486
"COG1565",3,0,0,0,210,0,0,0,0,0,0,2,0,12,0,12,0,0,0,0,0,53,0,0,0,0,0,0,1,7,6,0,126,12,3,0,0,0,13,0,0,0,0,1,0,0,129,1,0,0,0,0,0,0,0,0,0,11,15,0,0,0,0,0,0,0,4,13,0,0,0,0,0,0,0,0,0,0,0,0,0,0,0,0,0,0,0,0,0,0,0,0,0,0,0,0,17,0,0,0
"COG1566",289,2248,1500,571,3729,1331,569,1335,2481,2461,3428,1650,1961,845,1586,1712,1293,3030,2752,826,1627,1420,812,3310,2242,665,1576,2124,1588,3555,958,2441,2293,1366,1784,2095,2198,1151,1467,889,1449,2938,2277,1876,2497,1977,1890,978,1202,2093,671,1833,1003,2031,1891,1029,2167,842,2769,722,705,1331,1035,2338,2170,2910,1710,546,8,2368,5520,2545,2821,1747,878,825,2185,1213,2322,441,2599,1472,1271,722,1727,1349,2109,1389,1390,2552,1082,3210,715,1591,853,89,2016,1868,3211,1761
"COG1567",222,146,5,54,32,49,281,318,219,25,227,98,55,151,157,58,15,110,1,101,10,31,92,1,106,76,85,78,47,302,15,0,139,215,126,44,122,9,94,181,243,125,25,21,61,48,49,17,113,28,62,14,39,11,56,37,25,169,20,284,0,145,41,220,61,120,34,116,591,95,0,303,4,27,46,27,391,154,19,25,8,129,66,54,26,93,2,69,8,55,191,142,69,48,49,78,13,50,8,118
"COG1568",1,15,0,0,192,6,50,0,1,1086,0,1474,1,0,0,0,9,2,0,4,572,3,1,1,245,172,187,61,0,1,451,1,429,112,0,1836,523,324,6,73,38,213,565,2,18,67,178,35,194,0,243,0,0,1,41,278,1,14,0,0,79,422,63,65,0,70,11,3,1,572,0,600,773,634,1336,1,467,7,1492,0,690,0,19,754,321,200,155,1,2,0,235,84,325,133,867,0,2,14,909,169
"COG1569",227,226,17,0,11,34,0,2,3,21,33,2,4,91,39,2,5,14,20,3,44,22,74,0,9,21,5,1,33,3,42,12,48,20,18,61,18,1,20,12,48,21,4,10,15,166,4,16,113,51,11,0,2,62,161,76,11,13,2,1,0,5,58,0,0,13,12,32,0,9,0,4,16,27,20,18,149,16,14,7,90,3,11,2,0,5,5,27,3,3,6,33,0,5,63,0,1,2,116,6
"COG1570",2682,1476,2490,2410,2258,2414,2469,2744,2398,2765,2375,2751,2558,2870,2581,2880,3048,2244,1959,2028,2068,2538,2640,2276,2258,2532,2319,2863,2691,2812,2856,2524,2757,2896,2704,2385,2568,2916,2495,2829,2719,2407,2962,2651,2896,2409,2544,2325,2414,2756,2840,3599,2511,2237,2382,2545,2067,2927,2938,2676,3115,2749,2576,2784,2950,2758,2977,2918,2990,2805,1472,3163,2441,2864,2531,2877,1940,3281,2366,2421,2252,2947,2926,2845,2742,2813,2916,2845,2819,2873,2549,1399,3852,2845,2729,2490,2487,2278,1989,3036
"COG1573",760,929,637,558,973,674,370,1292,632,796,980,1117,815,1072,1180,468,967,372,1250,309,913,1215,394,83,1381,1128,733,821,1054,1040,1263,946,971,1294,1115,1053,942,752,865,713,1433,1036,1024,1155,1436,715,1030,555,1200,718,646,251,840,1109,1385,787,1026,1342,1049,885,1002,1002,859,1139,491,965,634,1460,1295,581,111,312,1073,1256,665,1166,823,1659,1083,691,972,1218,1239,665,1244,662,1081,912,1126,1093,694,1243,1326,777,854,696,762,335,926,944
"COG1574",2045,1368,868,810,985,715,906,787,1614,684,474,873,193,676,673,286,819,579,1222,120,217,616,886,628,728,448,1017,585,1137,754,477,281,684,1372,482,420,911,417,892,1139,2736,552,775,897,190,1110,313,314,1264,1193,678,363,625,784,819,498,628,664,796,686,3247,480,810,558,442,696,432,1978,2044,549,1275,314,392,911,520,1198,516,1109,513,2651,546,321,1275,433,507,301,1313,509,686,1087,444,795,647,973,440,2650,475,463,2449,408
"COG1575",731,987,1160,214,1092,731,382,1590,813,1684,1096,1243,619,1014,1061,2066,1470,883,1300,1295,1261,1449,970,1530,1262,803,835,811,1305,1168,1342,1713,1178,515,1093,2021,1632,860,1074,631,1025,1378,1506,1201,1226,678,1520,522,1079,1519,585,1684,600,1612,1293,1024,980,875,1465,727,2535,1310,1089,758,1116,1076,1161,473,1351,1347,877,1059,1546,1020,1145,732,1088,938,1499,1016,1684,984,655,383,1691,1201,1417,961,1090,1528,822,1762,715,1052,528,1071,1111,1101,892,1607
"COG1576",1507,1174,1088,1016,981,1439,1152,1299,1452,1232,1052,1455,1017,1272,1458,1466,1222,1146,1209,1544,966,1121,1617,1288,1299,1351,1468,1296,1240,1177,1316,1173,1297,1234,1403,968,1123,1271,1195,1601,1395,1438,1139,1265,1463,1132,1489,1462,1486,1205,1370,1535,1097,1124,1172,1272,1098,1526,1115,1630,1910,1309,1299,1588,1291,1387,1558,1473,1549,1300,693,1320,1147,1270,1227,1281,1023,1803,1068,1608,1147,1411,1519,1300,1312,1373,1157,1265,1029,1381,1100,1178,1440,1203,1338,1792,1140,1181,965,1692
"COG1577",1132,17,41,92,66,5,36,952,94,0,59,0,1,1,0,0,0,4,6,0,9,1,12,20,7,0,2,0,3,6,0,7,0,111,17,0,1,4,0,3,25,1,0,0,0,6,1,0,69,108,2,46,1,24,8,1,2,1,6,2115,444,5,12,11,3,4,10,10,179,5,14,0,0,6,3,2,2,1,14,591,0,2,45,10,0,7,3,0,1,0,5,0,1,1,4,28,6,10,25,0
"COG1578",8,20,151,118,20,29,278,238,90,0,100,37,25,20,46,30,11,89,15,15,26,27,12,60,10,48,153,21,45,27,17,7,17,233,72,16,17,20,22,37,66,22,35,10,12,98,7,46,28,1,67,19,32,21,32,24,47,32,12,134,31,16,26,66,17,32,24,65,107,24,5,12,5,48,9,58,5,18,4,382,8,14,57,72,16,18,24,62,10,21,56,0,44,6,49,7,11,23,15,33
"COG1579",90,1004,479,64,499,701,342,649,143,889,668,1160,477,679,1030,1090,699,110,602,2192,638,997,1146,1104,1020,313,910,261,806,820,541,1148,583,295,856,757,945,1134,930,793,533,1354,924,904,1033,749,1478,582,741,983,457,1905,705,741,763,713,874,718,926,10,95,952,428,628,1047,1189,1023,353,92,1397,6,1282,936,791,664,588,763,796,854,45,1199,967,516,391,1079,809,960,943,768,1117,545,723,731,782,765,16,1301,1688,653,1103
"COG1580",419,24,31,38,256,1,0,7,3,18,58,1,92,0,53,595,0,199,33,1,3,0,0,174,1,1,0,64,31,0,0,31,69,54,0,14,9,2,13,1,1,3,0,4,26,30,1,9,67,7,0,27,4,25,36,3,8,9,7,35,46,0,1,0,25,17,1,3,0,1,320,0,7,10,0,7,12,4,9,10,37,1,4,6,8,12,15,1,10,9,1,42,0,16,1,0,1,0,35,17
"COG1582",149,27,11,0,17,73,47,0,100,1,17,43,35,26,48,24,19,37,10,45,48,27,60,17,20,121,96,81,101,15,49,14,57,28,37,8,31,33,7,77,5,7,63,72,13,22,22,66,26,28,60,1,10,9,13,19,5,11,2,1,0,13,23,16,28,2,16,2,0,9,28,5,2,2,11,4,33,1,21,7,8,24,21,26,5,46,4,28,0,10,23,13,10,11,5,1,13,1,14,63
"COG1583",770,103,33,52,26,41,169,428,247,4,622,106,4,119,82,24,44,118,2,9,13,220,269,714,26,174,246,370,226,274,52,36,23,79,40,14,73,9,144,310,29,591,81,13,29,8,62,274,23,10,221,850,247,33,58,27,0,57,54,23,1,176,290,166,66,104,112,50,141,53,0,14,9,55,49,2,1,103,19,21,1,137,74,62,70,110,34,22,69,0,49,14,65,81,97,0,12,443,0,78
"COG1584",101,46,88,75,442,48,8,14,286,69,115,8,128,6,158,17,9,419,93,6,25,11,53,273,40,15,75,116,140,2,55,52,164,95,3,106,38,27,143,77,92,20,134,3,91,84,25,20,222,23,28,74,35,138,41,12,40,22,79,104,101,19,32,7,72,95,2,15,7,17,642,17,62,48,18,68,39,24,74,66,78,30,53,22,47,27,62,23,35,65,17,93,5,168,1,6,99,2,163,21
"COG1585",348,432,612,1442,360,521,887,266,728,135,346,398,480,529,309,345,525,622,114,375,317,385,228,269,414,674,645,544,341,414,505,135,622,754,766,199,393,128,326,462,731,110,388,489,250,179,355,636,522,193,750,86,591,338,346,467,128,660,365,740,306,413,399,716,528,145,844,1020,421,337,576,144,200,777,317,548,148,788,175,670,235,509,1151,530,208,583,197,368,396,198,371,143,1145,297,812,289,293,289,221,581
"COG1586",251,117,182,363,496,151,60,287,444,250,156,271,151,154,307,134,102,504,181,74,80,145,271,481,89,191,120,165,182,134,103,135,266,180,118,152,115,124,339,243,199,106,125,52,186,217,79,85,335,213,429,409,93,152,171,109,112,217,124,317,173,210,171,363,108,252,137,421,348,36,931,208,105,90,166,188,84,241,108,159,134,55,310,45,105,238,116,46,64,105,114,176,193,190,30,654,127,134,490,231
"COG1587",438,807,999,2290,1201,779,887,538,1270,690,631,472,379,527,559,348,750,1195,260,358,155,429,197,833,253,450,331,755,698,528,447,346,779,714,481,417,509,481,521,864,606,355,970,254,275,677,614,777,637,683,255,327,494,563,384,242,310,776,531,1194,684,539,617,852,381,994,285,509,1494,403,1463,703,243,691,761,655,277,630,229,719,229,405,417,516,353,383,444,296,258,602,618,534,360,817,1089,2539,449,603,794,377
"COG1589",946,244,332,968,859,274,324,540,582,175,315,138,257,307,303,679,269,595,88,98,84,213,110,533,309,219,350,272,245,314,371,113,481,1593,451,109,159,88,311,325,1036,84,283,173,148,163,230,90,407,272,388,133,218,326,305,149,60,387,352,1274,349,154,157,482,243,159,501,1366,421,53,838,34,166,611,134,332,71,1223,75,507,148,335,1144,121,106,252,130,143,160,116,254,165,1080,167,127,79,97,79,136,629
"COG1592",2422,2423,2660,3684,1877,3270,3469,2736,3429,2770,2715,2840,2575,2986,3453,3520,2719,1750,2178,3170,2638,2934,3406,2129,2856,3682,3088,2494,2644,2509,2347,2415,2507,3448,3418,2530,2619,3412,3173,3380,3173,3393,2982,3298,3212,3043,2860,2395,3214,2990,3799,2970,3033,2947,2662,2803,2643,3150,2770,1791,1070,3308,2819,3334,3145,3412,3932,3763,2673,3142,1704,3327,2714,2931,2740,3434,2897,3588,2262,2650,2382,3015,3529,2965,2822,2983,3057,3370,2846,3183,3216,2242,3255,2842,2934,2849,2533,3448,3025,3631
"COG1593",3023,4063,3792,4002,2976,2192,4905,2538,2663,2388,2359,1721,3352,2619,2175,963,3123,3593,2567,1693,2411,2325,2130,2243,1862,2159,1925,2947,2580,2207,1695,2893,2075,1849,2419,2272,2303,1374,2401,2295,3207,1067,3795,2668,2874,3302,1762,3340,2918,4087,1659,1175,2389,2146,3053,2477,1570,2747,1506,1774,1158,2040,2066,1889,1522,1607,1512,2096,3072,1728,11501,1529,3771,2894,2948,4678,1616,1913,1516,2844,1186,1308,2306,5452,1986,1950,2706,2345,2290,4432,2490,4239,2068,3651,1533,5469,1685,2188,7232,1301
"COG1595",6096,22926,18977,12017,8983,16530,9500,10141,12421,17986,21219,19397,17754,18069,18695,12171,14299,9736,33594,15073,20811,17133,20020,11726,24292,14869,16559,11681,17923,11631,19472,23818,12721,18009,16601,21089,20285,27664,20507,16732,11383,19111,16261,16893,21652,25631,17499,16726,20184,16885,15719,14433,18890,25184,19231,22501,34276,15828,15302,4875,5648,21990,18853,15556,13507,21217,14797,12400,6357,17819,3310,13367,18578,17616,19733,13597,25118,15290,24847,8732,26539,18482,16181,13569,22053,14215,23852,20318,17701,21151,19866,29530,16986,16450,20873,4535,19101,12216,26094,15158
"COG1596",483,3860,2976,451,2074,3052,1112,2035,1527,5202,2852,3229,4325,2749,3263,4552,3372,2281,5252,6055,4353,3442,4347,4401,5246,2819,3166,1744,3817,3559,3021,5180,2304,2834,3052,4596,5372,5568,3899,2940,2093,4572,4761,3317,4791,3813,4258,2510,2928,4362,2116,5627,2654,5200,3116,3668,4820,2530,4408,263,685,3955,2949,2461,5326,3861,3430,1218,455,5938,1976,6496,6034,3295,3705,2300,5168,2513,5348,348,6578,3482,1799,1697,5155,3605,5004,4004,3450,4401,2864,8033,2251,4003,2187,673,4245,4496,4006,4025
"COG1597",3485,3283,3095,2186,2927,3381,3155,3899,2212,2649,3145,4329,2521,3345,3392,3364,3204,2354,3043,3639,2649,3622,3640,3712,3618,3017,3728,2999,3547,3631,3448,3345,2718,3394,3996,2878,3151,2772,3226,3446,4078,3918,3283,3833,3361,2528,3440,3307,3597,3757,3959,5432,2971,2673,2941,2924,2710,3749,3806,4233,6267,3415,2701,3271,3662,2910,4062,4486,4495,3878,1786,3471,3332,3624,2597,2833,3398,3794,3168,4279,3328,3466,3679,2836,4136,3604,2962,3632,3060,3693,2775,2297,3177,3040,2939,4019,3254,3537,2718,4089
"COG1598",267,103,85,61,290,270,397,312,676,196,188,148,104,100,263,139,140,345,117,114,69,118,146,316,187,444,699,278,135,352,294,63,296,354,558,54,177,107,193,490,103,93,202,143,272,193,244,528,157,218,340,147,132,85,141,341,100,230,70,328,390,198,42,396,339,196,222,299,234,211,536,70,211,105,161,646,1099,664,30,302,151,312,265,280,77,410,189,236,153,194,300,39,161,200,157,112,195,136,150,321
"COG1600",528,1066,295,200,1316,386,134,108,525,610,509,322,587,252,951,304,143,753,783,471,625,525,392,487,693,361,302,270,452,590,124,624,697,894,318,279,414,157,703,319,427,192,400,179,275,465,337,229,503,1068,227,636,267,699,382,469,578,578,691,979,347,161,248,185,324,464,339,458,399,108,1101,53,476,501,200,191,403,472,814,280,610,274,480,250,331,454,410,186,403,114,189,1572,405,575,122,42,296,114,646,798
"COG1604",0,0,0,0,0,11,0,95,0,3,2,0,2,0,1,1,0,0,0,0,36,3,0,0,1,4,7,1,0,3,0,0,0,0,8,0,0,5,13,2,2,0,0,2,4,0,0,15,0,1,24,0,1,0,21,18,0,0,3,0,0,0,0,0,2,2,2,1,0,0,0,0,0,0,0,0,0,1,0,0,0,0,1,0,0,5,8,0,4,0,0,44,17,0,21,0,0,0,0,7
"COG1605",493,511,359,1069,1754,526,587,528,965,587,560,742,920,764,1107,1575,738,1429,339,403,591,609,501,1061,628,649,778,913,810,749,957,420,1183,1230,632,408,357,208,997,570,1575,237,568,664,736,363,847,243,1224,367,732,281,662,617,662,644,239,1323,830,615,1039,681,699,611,438,525,817,1936,925,257,1785,227,474,1282,376,1456,193,958,450,896,423,553,1245,777,339,659,502,445,874,314,494,440,526,512,742,526,410,349,570,576
"COG1606",105,81,160,232,156,150,242,176,234,128,78,73,49,104,156,53,107,124,86,56,66,113,80,126,71,91,131,134,102,146,71,74,118,157,150,85,108,103,151,155,200,76,65,80,49,78,113,69,165,126,360,188,286,196,390,210,189,524,322,426,121,368,203,295,247,537,201,700,808,211,263,466,114,259,442,383,134,420,129,619,110,116,250,532,268,266,211,367,173,453,416,106,302,479,251,1617,179,419,475,283
"COG1607",664,112,315,436,459,149,411,143,371,75,136,87,127,159,219,452,115,403,115,31,117,145,98,162,110,319,250,211,206,116,133,232,375,204,283,97,116,85,213,303,259,31,117,125,105,132,147,171,441,69,327,102,146,163,160,151,77,204,144,608,194,193,175,186,213,96,378,92,326,68,426,62,88,155,124,198,208,144,98,239,84,191,189,146,99,183,101,132,145,244,114,49,124,202,127,124,125,115,155,173
"COG1609",16472,15798,15691,23237,19806,14206,17824,16320,18696,9173,10533,17078,11465,10956,12774,9706,14104,18962,12073,8676,10186,11022,9475,19573,11940,13787,15689,13317,10825,11055,9820,9266,14999,10236,14853,9781,10920,8731,8983,10628,11568,8166,9209,12495,8471,9969,9384,17209,10904,9708,20080,9916,11898,11084,10142,12696,12095,9084,9877,23127,57903,11664,10786,11173,11999,10823,11913,16288,34317,12643,30683,9977,9265,13973,12690,11260,17806,9402,12436,31566,11766,10362,14605,12051,9157,13671,8923,13797,9370,9645,10288,12891,8541,10091,14794,35802,10437,13776,15910,10731
"COG1610",1427,1102,1189,1116,620,1344,945,765,1034,1005,1011,911,972,1100,1079,401,906,732,1048,270,1087,1171,877,297,1161,1116,818,825,919,1045,1089,1096,1048,939,1203,1123,1012,1323,939,1309,792,676,977,1063,1159,1443,838,1156,1561,813,1077,306,1235,1196,1062,1057,1104,854,790,790,414,1423,926,1157,791,1318,998,692,1098,786,319,501,1218,783,1279,825,1210,1263,883,821,1014,1340,1071,1040,1363,969,1192,1190,1177,1302,1539,947,1498,1073,1269,433,625,369,887,792
"COG1611",1330,1715,1724,1191,1541,1214,1159,1127,1846,2128,2123,1633,2251,1758,1547,1672,1437,1568,2336,1186,1657,1850,1538,1224,1497,1468,1164,1483,1392,1680,1879,1726,1601,1099,1439,1772,1592,2510,1263,1524,1572,1729,1600,1493,2274,2519,1800,1125,1497,1729,1067,1990,1830,2031,1429,1737,1976,1481,1599,1448,1828,1678,1736,1626,1762,2156,1413,1089,1653,1457,850,1634,2447,1511,1678,1403,2009,1557,1853,907,1635,1736,1157,1671,1834,1465,2154,1734,2154,2032,1889,1728,1500,1970,1890,729,1369,1007,1666,1528
"COG1613",853,463,603,1923,689,475,859,479,944,148,447,265,287,354,368,264,456,1227,114,247,159,232,258,499,194,487,213,974,396,537,221,158,458,339,332,160,251,194,257,327,226,94,216,567,173,146,246,676,291,74,220,131,378,191,260,168,39,259,110,807,312,307,532,388,363,251,191,197,726,195,1096,105,94,420,429,221,193,294,155,437,136,524,273,646,102,377,96,260,196,186,673,159,116,299,711,282,182,198,106,331
"COG1614",304,97,437,1632,38,95,562,61,290,42,98,98,77,112,93,77,169,277,24,35,45,134,69,15,95,224,482,62,111,128,181,37,108,347,326,73,122,47,116,110,260,14,61,91,30,40,131,120,163,11,240,48,128,117,237,113,37,329,223,559,178,75,77,116,42,38,168,2009,267,39,1,91,29,149,84,207,46,104,40,613,14,51,804,139,39,75,45,75,86,72,73,18,129,20,211,48,76,133,0,72
"COG1615",0,33,177,209,785,236,9,506,98,1,10,428,0,53,238,65,55,26,17,10,2,11,6,448,162,10,69,35,86,400,11,3,30,1470,29,6,13,1,4,178,171,9,6,4,0,0,149,133,31,14,174,82,0,58,38,34,0,36,282,197,5102,4,7,864,134,6,338,174,1722,0,0,3,1,233,14,3,0,949,41,1264,7,326,1400,26,12,108,0,94,0,16,32,2,2134,8,11,2312,14,72,25,483
"COG1618",12,22,180,696,41,44,204,1,37,2,30,20,10,43,35,23,22,82,24,5,3,58,17,3,43,25,39,25,61,28,71,16,37,141,61,10,11,3,36,56,7,6,46,75,17,12,39,25,68,20,31,13,15,24,9,48,15,128,38,261,55,38,26,30,22,28,34,163,5,8,4,11,5,67,9,78,6,26,17,56,4,14,200,57,7,21,2,32,16,47,12,0,41,18,63,28,19,20,1,19
"COG1619",1754,1554,692,308,797,1421,788,942,1607,1438,930,1163,902,1254,1123,495,1399,1331,1188,443,1293,1072,741,747,1233,1350,1011,1455,1183,832,893,959,1111,985,1065,1258,1500,965,853,1041,782,481,1338,1522,636,948,868,779,780,1065,1257,180,1052,1258,1526,1073,1350,914,964,1212,249,849,1197,1134,1144,1004,1219,975,1594,573,942,922,1046,880,1273,611,1826,1323,1310,1098,1277,1403,1691,1098,1009,1248,1113,1513,1048,1026,1539,1586,2131,1062,1839,1942,874,691,2014,1126
"COG1620",256,1096,1245,291,1979,593,812,2041,1103,833,1026,220,995,674,1441,1056,504,1739,1761,1252,688,310,1123,2134,762,272,728,639,859,447,981,987,795,819,404,1026,732,641,979,495,1023,1206,467,458,788,887,854,509,855,761,201,2595,461,852,321,562,1504,679,1156,811,1121,582,578,325,880,766,638,454,1508,1047,1575,1112,375,866,686,480,584,636,1190,1099,884,321,751,553,925,268,889,371,529,626,558,1651,333,804,368,366,1440,1489,1544,215
"COG1621",4255,4362,5796,10068,1346,4663,5943,5982,3834,3853,5258,4523,3537,3335,3062,3984,3402,3525,5582,5118,3602,3259,6789,4180,3825,3595,6143,3224,4022,4507,3919,4651,2852,1809,2916,4658,3849,4608,3232,3686,2302,9954,3389,3019,3021,3498,4579,6671,2353,3749,3720,4638,3886,3669,3393,3956,4987,2598,3164,9514,5792,3508,3684,4962,4166,3556,3608,1381,7094,4558,5722,6959,4202,4110,4252,3164,5187,3446,4525,7339,5739,3116,2606,3865,3520,3455,3375,3294,3820,3698,3865,4603,2917,3951,4794,4861,6133,8760,4512,3561
"COG1622",33,67,99,110,674,5,6,12,233,65,187,2,195,1,117,41,8,653,73,3,4,0,0,413,3,0,0,174,72,1,24,93,253,132,8,35,23,22,54,0,72,9,9,6,89,111,3,21,135,13,0,74,15,92,8,12,25,20,25,70,163,3,12,2,81,85,3,7,0,24,951,0,34,17,2,24,29,6,38,64,66,3,97,13,41,17,34,3,24,12,3,190,2,72,0,7,2,1,98,5
"COG1623",16,28,48,9,206,133,32,10,556,2,6,5,13,38,49,23,13,38,0,15,0,1,2,8,87,1,30,38,125,146,37,4,16,578,15,115,39,0,9,95,237,40,252,4,1,73,62,45,23,11,336,18,25,210,0,16,21,10,24,39,57,6,11,384,128,61,207,45,142,124,0,46,0,74,37,0,21,797,7,286,7,149,631,34,1,95,112,43,9,31,18,206,841,125,6,14,85,28,271,259
"COG1624",1960,1449,1434,1874,885,2134,2373,2318,1399,1422,1675,1922,1255,1712,1907,1955,1997,1270,1351,2930,1620,1827,2167,1677,1716,2161,2159,1870,1842,2158,1715,1335,1597,2232,2255,1111,1486,1236,1754,2162,1932,2429,1627,1999,1735,844,2311,2002,1645,1798,2266,2461,1585,1298,1432,1490,1076,2300,1963,1895,728,1776,1732,2475,2282,1726,2739,2282,1383,1947,477,2086,1335,1910,1380,1906,1745,2227,1467,1748,1370,1887,2373,1589,1880,2225,1253,1933,1443,1605,1654,1230,2150,1495,1565,1558,1905,2372,950,2490
"COG1625",451,660,795,1961,413,1105,1210,619,833,616,387,545,826,687,709,399,906,787,328,445,646,628,577,462,692,1222,1317,724,636,757,394,319,880,1340,915,354,547,388,627,1031,1590,244,589,705,630,378,694,548,761,429,1596,161,938,468,602,899,421,957,686,872,579,540,663,905,674,700,1038,1506,883,294,683,711,516,974,691,1699,908,1027,261,1306,311,788,1135,1081,431,661,219,467,748,500,916,80,511,429,827,2124,414,782,394,1015
"COG1626",288,1806,1548,275,2099,632,109,447,560,1806,2428,1734,1405,1847,1016,268,1456,1626,656,373,1375,2100,1013,848,2313,633,300,1157,1127,1113,2141,2382,1893,665,1389,2748,1978,1312,1151,857,844,825,1876,2180,2104,955,1291,593,1158,1258,708,1000,922,1955,1439,1356,1709,532,1440,353,397,1657,1431,541,467,1129,597,457,137,749,2271,474,3191,737,1589,434,1542,852,1691,355,2695,1954,881,1488,1345,1231,2605,2244,1452,1115,1271,522,1216,1269,1176,93,488,100,909,1468
"COG1629",3613,9744,8813,1525,11149,6550,4372,5814,7555,12376,11457,6058,9344,9408,9122,9063,8164,6545,15106,15325,13205,8893,10679,9542,10639,6819,7751,6097,10517,7375,10087,13761,6663,5272,6676,12656,11465,13100,11211,7879,5875,12387,10171,7583,11509,15207,9941,5285,10853,10933,4747,20204,8481,10977,8727,8583,13022,8269,13819,2058,2890,9751,9234,5539,10482,11862,6750,3275,1750,11389,13993,11818,14904,6232,9134,5839,8596,7127,14225,1411,14147,10080,4436,6655,11004,7244,16825,9481,10658,11090,7939,17833,5413,13595,6579,592,16183,12127,15503,7653
"COG1633",66,34,126,118,371,34,3,7,88,58,19,19,2,17,258,28,18,35,75,2,24,59,40,0,87,17,71,25,49,59,5,113,208,148,54,11,40,35,135,138,34,67,85,15,16,64,187,10,223,111,318,7,74,120,137,70,69,145,80,128,123,11,12,70,17,38,141,337,69,58,493,12,57,126,50,53,54,110,5,31,10,73,37,39,65,48,64,17,73,15,26,117,901,26,23,37,51,15,279,75
"COG1635",10,0,63,0,62,207,0,99,20,90,17,31,8,34,82,130,29,13,104,164,154,68,760,16,141,76,72,14,150,222,10,191,104,151,28,90,45,21,151,24,53,43,71,58,44,101,22,20,130,754,90,2055,54,181,266,122,55,62,123,1,12,19,155,71,17,71,202,23,0,29,1,4,246,24,32,41,78,52,122,4,109,12,110,12,34,404,153,64,75,52,33,136,48,260,19,3,37,24,8,689
"COG1636",1706,785,962,1178,969,1147,1213,1131,1168,870,952,1248,748,1150,1042,1163,1396,955,500,1097,991,1134,1198,571,1033,1068,1301,1357,1045,1156,1499,839,1021,1282,1361,1085,1069,907,873,1111,1475,1317,1111,1462,1216,559,1177,1000,1118,789,1321,1215,1070,774,1071,930,406,1248,835,1077,327,1235,1062,1589,864,1123,1484,1205,929,872,294,838,940,928,937,1302,763,1411,748,962,830,1140,1458,1141,1199,1188,749,1223,1070,1309,1034,356,1772,873,1146,1245,1069,1112,554,1248
"COG1637",0,8,71,85,217,4,2,135,1,0,1,189,0,0,95,2,40,0,1,3,1,0,1,229,2,0,0,1,14,130,1,0,0,81,0,0,0,0,0,0,13,1,0,0,0,0,7,3,1,1,0,12,0,0,0,0,0,6,19,32,567,0,4,0,0,1,0,18,162,0,0,0,0,41,1,0,0,1,2,132,1,0,7,2,2,0,0,1,0,3,1,0,1,0,0,229,0,6,4,0
"COG1638",2124,3542,2429,450,2301,1977,3238,2552,2739,2012,1814,1325,2543,2227,1802,901,2436,2648,2252,1559,2141,1704,1798,1689,1544,1675,1381,2725,2262,2255,1707,2468,1529,1759,1935,1964,1907,1302,2363,1900,2457,892,3183,2234,2405,2629,1263,2435,2482,3611,1334,726,1875,1571,2135,1978,1314,2356,1177,1074,809,1598,1901,1338,1092,1612,1056,1792,2300,1454,10042,1175,2926,2032,2342,4006,1341,1487,1215,2551,880,1041,1741,4873,1527,1662,2385,1867,1866,3023,2315,3876,1621,3256,1071,4138,1267,1919,6929,1121
"COG1640",2251,4399,4589,4830,4621,5602,5591,5070,4144,5369,4311,4691,5001,5152,4281,5575,5960,4818,2542,3939,4110,4585,4844,5726,3986,5794,4417,5172,4777,6064,5512,3849,4770,3418,4399,4184,4570,4800,3583,4488,4293,4429,4741,4710,4657,3473,4651,4419,3273,4233,4530,7132,4488,3690,3621,4428,3169,4857,5316,4132,8944,4458,4698,4545,6051,4628,5151,4246,7397,5796,3279,7517,4233,5082,4516,5635,3910,5009,4116,5151,3380,5089,4812,4807,4700,5110,3733,5071,5047,4510,5421,2926,2617,5077,4856,8885,4388,5542,2340,5384
"COG1641",305,281,473,1072,555,490,905,1034,755,343,320,273,485,410,587,192,451,401,173,265,249,480,370,349,324,438,473,499,351,689,259,244,441,536,408,313,491,470,593,582,927,255,508,372,153,311,395,601,597,381,439,229,430,210,458,303,190,577,442,784,118,416,202,279,318,407,286,956,1122,231,212,475,205,358,369,444,170,514,465,662,191,200,390,874,325,414,274,538,286,471,918,76,298,470,377,1170,397,391,432,309
"COG1643",772,335,691,666,4781,448,436,1469,1357,1083,521,809,798,312,1056,3273,415,2118,226,2705,31,387,1825,4059,98,91,731,754,623,804,94,310,2301,710,49,151,174,177,818,364,281,1278,160,85,248,488,2060,325,406,911,96,4497,84,291,173,176,85,969,1132,644,6567,115,214,65,789,579,1454,507,2754,1039,3903,1703,203,412,130,192,91,223,157,1796,260,79,517,115,165,440,328,210,250,146,131,548,162,714,14,2800,1365,1861,263,648
"COG1647",2,18,50,38,37,141,94,171,159,116,15,13,7,38,128,40,12,19,40,1,148,50,47,158,72,121,127,8,44,46,28,63,223,188,89,44,66,104,173,298,182,62,71,62,42,36,84,14,205,93,149,24,39,56,164,105,45,92,95,1,10,32,25,225,75,139,159,50,45,26,4,230,30,20,120,85,51,184,54,56,82,190,106,20,73,44,46,31,36,61,103,63,56,119,18,479,70,47,79,47
"COG1648",916,448,523,1136,625,680,687,547,1316,271,467,378,331,405,326,295,333,943,211,273,215,148,339,570,196,359,241,910,614,644,344,223,421,469,286,247,345,300,346,427,438,255,345,253,172,263,221,494,351,310,314,176,412,283,309,227,175,276,244,674,385,328,452,387,258,683,373,459,653,282,1101,391,153,360,471,320,206,291,164,461,137,214,479,582,265,516,193,420,169,335,823,477,215,593,555,1313,198,375,457,397
"COG1649",510,4986,4425,1021,1819,3831,2038,3271,2074,7427,5150,5283,4972,3917,3737,4176,5562,2407,7947,8059,5408,6300,5062,3245,5854,3499,3956,3140,5040,4357,4835,7067,3113,2269,4049,7049,5822,6170,4163,3613,3908,6556,5389,5851,6665,6521,5864,3607,3364,6807,3404,8103,4442,5346,4381,4114,8522,3894,5633,208,661,5541,4653,4693,4096,6081,4286,3113,1166,6092,784,4621,6983,6135,4024,4088,5294,4583,6693,1219,7152,5323,2437,4148,7103,4776,7847,6237,6054,7406,4214,5930,4292,5368,5135,551,5391,5340,5683,5948
"COG1651",302,561,508,264,1207,147,48,252,894,190,453,481,1089,120,282,444,264,998,1049,68,317,111,149,940,541,130,186,280,586,178,84,478,563,319,86,180,220,478,230,59,558,100,100,65,275,381,40,123,336,200,93,222,150,209,464,249,1639,259,149,466,2863,110,237,79,204,371,60,163,888,70,1280,36,85,304,218,239,278,134,260,935,494,78,389,112,251,150,393,68,168,166,234,1140,131,255,188,1746,164,66,615,90
"COG1652",45,215,236,52,197,175,49,80,467,91,182,48,361,229,153,122,236,203,88,1108,369,176,266,221,112,411,102,98,86,248,413,208,146,863,239,141,118,27,87,244,161,58,61,431,150,186,77,276,218,365,267,81,158,124,327,225,105,116,152,149,216,207,72,111,91,124,83,211,529,131,200,19,221,221,263,643,95,192,76,35,243,56,177,105,266,307,158,149,172,207,159,536,127,260,92,83,95,312,392,170
"COG1653",5325,4386,4839,15178,4239,4037,6146,3817,4209,1136,2937,4385,3184,3220,3210,1495,5027,4642,1548,1756,2835,3298,3176,2882,2676,6652,5947,4756,2840,3196,3254,1556,6262,6385,4879,1590,3200,1452,1899,3195,2109,793,2959,3639,1804,1740,2720,5352,2770,2532,23238,2239,11853,7675,7306,13160,7970,9021,6263,25834,40504,7935,10094,13778,11788,4207,7756,21394,31847,6424,19928,4437,6637,10669,9878,14891,23305,7381,5223,30404,4797,10258,16648,14416,3789,18192,3704,13375,7358,8380,8589,4667,8449,7548,14392,27422,7349,8070,9133,12293
"COG1654",1177,888,944,2101,572,1042,1649,1168,1531,513,729,823,828,990,763,1185,1148,1335,348,473,838,628,777,787,667,1105,946,1379,768,910,1120,501,1176,803,1171,411,521,459,615,981,1389,264,711,958,544,413,674,1358,987,609,1308,230,1079,417,635,773,245,1209,585,2036,711,874,991,1056,846,649,1040,1399,1699,451,1071,621,342,840,797,1534,587,985,320,1816,463,860,1248,1640,427,954,239,836,773,522,1064,303,638,644,1072,1577,464,666,447,1096
"COG1655",472,308,11,18,6,432,457,253,526,0,246,219,272,270,85,253,347,285,6,170,234,208,353,68,178,445,235,707,340,314,249,11,301,67,370,68,282,198,143,392,49,99,176,372,11,80,177,735,152,180,634,16,266,69,206,311,0,217,32,11,1,243,424,203,320,33,245,46,159,218,0,115,4,43,322,36,819,114,175,119,137,483,178,518,71,552,35,315,93,101,655,36,82,250,284,12,171,131,1,335
"COG1657",0,1,29,0,0,13,0,88,0,46,30,0,9,0,10,1104,0,0,134,0,5,0,10,9,12,0,1,0,0,5,0,212,0,4,0,17,33,15,2,542,1,12,0,0,45,97,0,10,1,25,0,0,0,10,17,0,61,726,65,0,0,19,0,0,0,9,0,30,0,0,1,0,54,10,16,0,44,0,0,0,0,0,12,8,0,0,0,2,0,0,1,0,3,0,21,0,0,0,0,0
"COG1658",656,174,159,538,121,384,283,740,482,296,207,372,274,307,284,224,334,189,64,143,237,220,165,235,287,297,398,252,269,260,448,104,177,356,403,189,145,114,355,250,844,101,328,395,308,70,199,164,542,211,310,56,251,194,280,264,96,576,367,1096,232,286,296,352,148,260,323,875,486,110,12,269,294,259,200,702,63,547,136,666,142,167,783,381,141,268,158,199,292,107,326,91,290,218,102,735,156,270,256,397
"COG1659",6,24,22,16,27,50,0,41,16,28,122,19,1,10,50,1,32,18,73,9,32,34,67,0,54,22,96,50,144,14,46,1,1,32,0,36,62,34,177,130,10,8,62,4,51,71,1,8,155,14,33,87,58,64,46,26,67,7,83,2,4,55,45,10,70,16,8,19,2,1,0,9,53,21,26,80,62,40,96,0,36,59,8,12,30,13,127,54,65,84,14,17,30,93,2,10,54,5,315,27
"COG1660",2290,1758,2270,1789,1340,2082,2336,2572,2148,2298,1919,2386,2010,2094,2097,3127,2303,1956,1535,2179,1805,1853,2976,2832,1881,2289,2077,2278,2461,2618,2231,2231,1927,1731,2320,2412,2298,2228,1851,1963,2445,1906,2033,2410,2113,1986,2027,2012,2267,2406,2208,3779,2330,1759,1855,2026,1587,2106,2276,2151,2511,2346,2258,2242,3176,2285,2229,1873,2539,3144,1521,3039,2197,2006,2138,2357,1673,2247,2111,2405,2279,2202,1995,2034,1918,2378,2180,2071,2216,2340,2107,1229,1443,2255,2289,2020,1896,2379,1991,2382
"COG1661",189,71,252,61,115,192,235,365,367,145,100,106,399,197,497,115,148,333,158,79,291,99,43,180,103,84,358,109,193,187,28,81,160,235,243,47,77,88,249,163,453,61,118,159,260,734,103,729,510,297,131,43,542,296,305,335,75,286,121,184,28,285,55,397,83,302,388,515,484,54,207,245,136,231,182,569,85,564,52,345,72,112,334,161,102,116,47,197,412,566,275,49,151,48,168,246,173,79,126,73
"COG1662",365,1202,276,1229,12827,15,23,205,186,708,2205,29,2970,35,526,137,96,9114,117,56,86,23,7,726,45,5,8,1404,1524,5,67,289,6278,2503,75,194,242,214,537,1,130,36,27,74,585,1072,80,150,1072,115,2,431,243,615,30,158,98,321,24,64,1410,56,84,17,1083,229,41,14,0,121,11049,14,226,125,17,148,300,138,246,194,557,70,246,138,223,46,437,72,544,287,76,160,21,420,13,50,63,16,963,23
"COG1663",646,773,1332,213,1304,1303,720,1546,903,1841,1023,1077,1405,1354,1978,2496,1369,981,2057,3254,1234,1101,1614,2025,1268,956,1552,748,1272,1256,1424,1619,1138,691,1004,1603,1252,2356,1934,1790,1000,2670,1370,927,1862,2275,1764,1132,1548,1690,892,3046,1272,1603,1338,1518,2019,1566,1798,267,307,1541,1340,683,1864,1337,1624,558,834,2822,738,2426,1669,1331,1409,1067,1213,1438,1688,156,1684,1296,872,1005,1993,1283,2282,1583,1516,1801,1183,1593,916,1850,1352,106,2350,2527,1748,1403
"COG1664",38,225,62,84,575,205,14,45,194,58,147,42,44,64,177,56,50,48,171,11,152,333,136,3,117,207,257,64,170,48,98,203,491,197,121,67,177,62,219,216,126,45,72,27,79,179,302,40,293,55,364,58,57,233,279,204,167,263,178,65,20,122,209,37,128,56,90,374,0,41,7,33,59,80,57,126,579,69,180,101,250,56,174,116,64,140,267,133,75,99,114,279,66,253,16,14,171,24,327,61
"COG1666",141,58,51,55,356,161,28,34,411,179,87,53,75,20,154,402,18,217,60,58,28,19,33,253,27,18,60,73,88,130,48,102,114,68,19,50,58,147,115,167,339,117,47,24,45,82,69,35,220,190,24,55,40,71,55,19,41,121,84,169,61,24,24,64,51,295,50,98,98,36,347,204,37,53,135,55,35,90,69,32,42,26,143,9,99,41,45,28,39,50,155,85,51,106,7,679,30,143,98,55
"COG1668",2014,169,443,402,526,818,541,721,792,619,214,603,111,1082,767,737,376,445,611,343,669,712,1172,98,466,1617,880,1086,863,1050,772,266,851,1257,591,114,395,207,677,1357,381,647,706,529,402,240,576,385,611,232,1728,196,363,528,524,612,134,1217,502,1058,565,740,1422,1741,1235,676,1795,1171,16,426,246,206,159,448,343,322,278,1635,205,272,102,1093,1412,515,981,1421,235,403,361,293,419,144,580,413,235,63,437,240,83,730
"COG1669",121,578,675,158,146,641,273,935,147,388,412,368,745,391,768,1897,176,194,1098,1022,588,620,1539,1023,606,462,469,162,378,246,367,937,359,379,207,639,496,1319,834,607,265,648,413,333,584,1906,494,362,797,530,512,1541,703,805,491,1053,1604,548,624,16,138,657,710,164,662,667,713,218,203,1152,8,465,713,283,713,423,991,258,569,52,842,599,733,472,787,782,1525,555,638,927,596,922,382,898,536,20,372,1169,801,812
"COG1670",2074,4816,3923,2657,4760,4632,2237,2977,5299,6277,4692,5202,4671,4260,4277,2238,4202,3952,5034,3290,5113,4371,4230,2362,4536,4477,4527,4265,4073,3561,4863,5300,4428,4272,4573,4590,4399,5972,4696,4544,3466,3172,3075,4076,5528,5388,3991,6605,4203,3926,4738,2399,4516,5869,4724,5250,6754,3696,3378,3761,6763,4926,4910,3734,3411,3839,3208,3436,3543,3806,6060,3459,4586,4536,6309,3597,5579,3097,4909,3709,6526,4522,4296,4638,4796,5449,5316,4475,4335,5288,5161,5159,4021,4605,5116,4253,3691,2672,5050,6096
"COG1671",539,576,291,779,523,497,683,404,766,136,449,457,477,457,289,383,583,796,108,285,350,186,340,391,283,519,703,602,324,647,400,132,497,303,636,103,257,187,301,515,630,161,258,377,317,127,365,705,427,148,545,84,471,297,314,374,83,674,188,331,240,376,635,378,391,231,725,601,441,225,686,152,227,546,291,631,441,368,228,487,259,322,694,636,147,602,68,303,243,161,506,99,364,374,621,295,187,363,204,407
"COG1672",1772,1010,1863,772,687,3007,3396,4989,634,996,863,2094,518,1500,2784,6074,1024,846,999,6166,1658,1071,2091,4512,1210,1116,4062,643,1058,1027,1889,1728,730,979,995,1339,1096,1174,2229,1893,813,6855,940,1354,1512,1497,3783,3376,1702,889,3043,7064,4079,3928,4647,6178,2884,6299,5199,886,1036,3547,4094,1701,20559,7363,18244,1458,3383,23764,275,31370,5150,3297,5063,2305,6970,2459,3860,1827,7514,3906,6792,2412,4341,2360,3804,5287,3479,4115,2886,4694,3981,4716,4008,1048,20496,33906,6933,2616
"COG1674",9056,4532,4932,12738,4198,5358,6032,6573,3032,4059,3404,3874,2951,5076,4781,5256,3553,3061,2783,6869,3900,4518,6917,4758,5108,4885,5055,4445,3971,5577,4496,3444,5306,8295,5239,3632,3943,2798,5381,6331,4708,4151,4121,4808,2344,2787,5265,5557,4441,4383,7482,5944,4842,4107,4366,3700,2955,6935,5126,9900,9243,4175,5277,6332,4636,3290,7421,8196,7556,3617,3722,2753,3386,5118,4121,5261,2931,9649,3446,7582,2746,6171,7234,4269,2720,5916,2558,3883,4006,2723,3671,3181,9843,3747,5730,7042,4368,6110,2674,7735
"COG1677",408,215,65,55,185,257,238,156,376,27,156,138,251,157,107,401,174,337,60,79,116,109,279,140,106,319,207,392,171,186,121,39,287,101,238,55,143,109,71,209,39,57,81,196,41,86,110,540,169,139,419,24,176,70,195,194,38,148,21,38,39,96,293,142,273,37,123,22,66,96,389,67,31,29,218,36,238,67,106,140,68,259,124,256,66,365,53,162,59,79,309,87,61,124,155,22,166,67,175,207
"COG1678",97,762,550,124,855,294,60,95,448,640,916,849,537,495,455,81,453,679,1126,53,552,627,218,340,707,487,237,470,740,235,697,993,532,364,783,730,750,755,524,270,316,665,483,681,913,675,492,346,628,388,356,132,491,826,761,584,963,330,536,89,142,820,499,254,223,544,139,191,64,398,792,249,775,535,471,312,697,358,833,90,932,618,243,361,994,372,847,686,621,904,483,832,461,586,503,29,377,37,615,274
"COG1679",729,8,5,10,187,181,23,0,96,6,1,136,9,230,193,105,110,11,45,7,21,171,38,1,292,113,435,73,10,176,87,1,169,631,129,9,72,12,202,67,924,104,63,147,8,2,161,48,475,108,633,1,47,13,12,158,20,287,146,1,0,112,96,99,109,27,275,1204,126,4,416,12,99,55,109,116,514,421,27,0,114,12,543,15,92,171,12,196,58,34,112,9,131,17,9,0,143,23,38,42
"COG1680",3464,5130,4478,4858,3841,3198,3083,5427,2605,5007,5580,4795,4957,4166,3448,2603,4855,3765,4743,2391,5061,5815,3453,2905,4909,4151,2845,4126,5942,3540,5288,6382,4751,3695,4228,5290,6399,4042,4043,2787,5046,3846,5338,5235,4852,4581,4792,3658,3515,3661,4402,4208,4333,4890,7259,4617,5667,3267,4385,2513,3971,5203,5107,4034,3923,4266,2507,4253,2261,4304,3492,3741,5106,3987,5003,2903,5282,3803,5389,6294,5191,5948,2996,3635,5660,4594,5738,4863,4981,5468,5043,7625,3335,5574,4415,2655,3473,2371,3199,3671
"COG1682",1450,1434,1544,3004,1215,1535,2522,863,1840,879,2032,1526,1290,1456,1551,849,1315,2067,726,951,1509,982,1504,816,923,1833,1125,1678,1340,1491,1940,757,1440,2342,1654,1049,1250,1493,870,1514,1342,449,795,1668,906,644,923,1318,1173,615,2031,312,1176,1304,983,1524,383,1607,733,2200,3034,1426,1596,2168,1202,516,1610,1680,2340,1018,1435,610,772,1600,1988,1445,559,1384,724,1808,870,1626,1220,1658,766,1982,759,1450,975,1007,1505,259,1840,1046,1841,2021,767,898,809,1856
"COG1683",190,174,212,169,230,233,313,326,904,150,354,234,472,237,465,358,250,503,242,260,271,234,342,822,251,349,355,314,299,274,385,130,454,344,530,153,177,93,418,330,517,90,274,255,297,245,235,165,415,228,356,167,246,290,256,352,103,502,219,393,92,217,243,362,241,206,414,425,867,155,156,132,203,366,173,594,324,304,92,481,208,236,494,240,136,260,206,298,248,275,130,326,701,284,100,220,190,211,396,408
"COG1684",1296,395,233,102,524,388,375,186,718,46,352,268,519,287,183,639,321,694,126,170,200,224,515,325,172,507,334,692,381,231,181,128,482,181,350,90,310,192,194,347,138,98,207,427,98,130,117,729,239,263,177,20,76,37,132,82,25,69,23,17,29,79,127,57,130,39,56,17,38,54,317,53,34,23,103,35,120,31,74,120,56,112,90,154,41,219,30,91,41,35,179,99,65,82,83,26,84,42,80,107
"COG1686",6187,4046,5090,9919,3575,5189,9408,5383,6944,2148,3430,3733,4560,5170,3405,3572,5143,6577,1384,2231,4018,3836,3794,2708,3405,5764,4968,6721,4449,4782,4368,1508,5761,7082,6171,2075,3239,1941,3436,4509,4861,1487,2924,5211,2659,2503,3717,7646,3892,3121,6794,1064,4837,2370,3914,4478,1131,5796,2472,11265,3601,3912,4308,6852,4113,2446,5716,7805,5587,1922,5820,2513,2108,4797,4470,7010,3545,5943,1719,7753,1462,4351,8070,7229,1866,5790,1271,4421,3505,3225,5800,1321,8908,3189,5427,6232,2427,3624,1497,5515
"COG1687",523,142,205,95,202,260,351,254,250,51,170,261,186,242,335,215,214,145,65,146,196,266,369,514,217,327,338,286,215,251,304,118,218,191,349,101,203,73,180,269,189,69,246,280,114,179,113,144,218,169,397,83,182,86,322,169,61,381,188,262,972,172,349,205,181,81,231,341,350,141,167,66,83,333,164,151,336,126,92,464,110,111,418,329,105,222,128,207,188,356,124,141,206,148,126,556,184,176,262,163
"COG1688",0,5,12,1,1,1,1,0,44,0,0,0,0,0,124,0,0,8,0,1,0,0,1,327,0,0,0,2,3,175,0,2,0,0,0,12,45,0,0,147,7,24,0,0,0,0,0,0,0,0,11,366,0,1,0,0,2,0,0,0,0,0,0,25,13,34,0,8,2,2,0,4,0,1,0,0,0,0,0,59,0,1,3,0,2,0,4,23,0,0,19,0,0,0,1,0,0,145,0,4
"COG1690",254,410,254,242,555,188,94,41,70,289,449,344,233,224,280,76,192,297,934,1532,216,296,583,483,259,301,1077,218,166,458,152,311,262,404,194,382,238,126,135,167,146,208,140,80,100,392,154,214,264,307,1752,177,461,892,971,797,1786,170,904,266,298,776,835,1248,555,739,925,814,1248,558,2145,154,657,912,463,758,2140,376,1155,594,1253,914,621,896,262,770,772,1709,463,450,882,1201,457,771,861,130,2290,1410,2000,313
"COG1691",474,268,490,780,325,371,745,734,553,490,226,177,242,316,434,132,274,349,131,125,181,335,191,350,173,263,270,344,267,483,166,190,263,394,353,209,300,323,281,483,656,249,217,245,95,219,214,251,332,389,282,144,289,140,380,218,140,446,283,489,116,314,180,287,303,405,254,613,873,163,253,540,86,273,445,375,80,382,98,672,66,101,255,424,224,289,201,304,165,355,681,122,263,396,348,1612,167,479,337,215
"COG1692",663,191,177,653,305,443,102,5,268,255,139,387,50,297,253,222,238,71,20,144,71,334,208,178,257,271,435,158,102,252,486,9,248,979,413,167,213,208,319,311,789,135,381,307,44,104,379,119,408,129,577,5,176,191,295,119,79,599,297,67,120,307,154,694,189,380,294,1280,78,96,24,324,72,456,250,213,66,1145,43,26,102,186,1212,64,137,291,96,82,107,86,426,142,917,216,400,1201,209,175,226,589
"COG1694",821,1177,1376,445,1422,987,566,647,1296,1417,1632,1767,1460,1705,1360,867,989,826,1593,1042,987,1504,1899,785,1412,1253,866,914,1252,1535,1429,1451,1151,1275,1143,1382,1354,1938,1447,1640,726,1521,1453,1145,1804,2055,1118,1002,1253,1491,956,1808,1428,1649,922,1292,1366,938,1208,721,1823,1624,1288,1916,1052,1360,966,827,1240,1629,600,1016,1785,1249,1441,852,1328,1018,1291,529,1534,1408,1055,1263,1880,1450,2028,1478,1504,1755,1145,1497,1581,1677,1653,608,954,652,1048,1478
"COG1695",858,632,506,1108,491,605,691,262,654,223,523,580,442,524,487,275,694,663,387,252,404,392,527,170,473,713,820,574,463,467,451,335,561,603,636,276,368,403,406,711,486,288,309,492,582,425,352,1097,619,321,2390,399,1827,1246,1275,1942,1343,1762,931,2101,951,1808,1640,2332,1246,1155,1127,1996,1893,993,1946,630,1255,1921,1386,2091,1362,1530,1160,2291,1222,1838,2108,1501,1140,1710,1055,2222,1228,1355,1308,869,1716,965,1974,1083,847,685,1199,1618
"COG1696",4800,4921,3282,4319,1608,5722,5656,3787,3823,2965,3766,5191,3739,5486,4107,4721,3834,3298,2795,3639,4868,5518,3848,1154,4523,6186,6269,5518,5351,4288,4312,3422,4404,5276,6053,3493,4338,2924,5054,4705,3942,2764,4402,6007,3434,3059,4203,5468,4354,3720,7213,1678,4445,4200,5138,5672,3003,4983,3854,4284,1930,5028,5560,5055,3933,3134,5936,6466,1251,2581,2078,1430,4717,4347,4208,4341,3828,4489,3369,5155,3988,6161,6568,4820,3321,6577,2648,4482,4335,3085,4101,3093,3701,3518,4900,1022,3428,3580,2810,6481
"COG1699",221,219,77,6,54,259,327,180,415,13,200,152,167,198,58,109,187,156,48,133,134,184,355,53,108,353,171,434,167,228,154,40,217,81,329,48,177,136,128,276,67,86,146,259,24,52,108,626,147,176,429,9,237,64,178,204,32,155,29,9,5,179,245,169,245,29,156,41,89,152,185,103,49,48,253,52,527,65,144,122,78,337,176,308,67,496,50,269,77,81,447,80,72,213,188,37,165,104,173,257
"COG1700",66,43,308,166,24,122,92,1130,34,739,704,475,29,119,523,116,182,98,425,562,247,52,279,61,9,294,104,203,88,1046,639,473,71,163,278,706,16,388,690,1375,20,93,537,423,15,389,629,558,113,206,364,3919,11,423,30,87,3,565,128,12,38,132,6,298,71,249,1195,235,313,408,0,3081,1193,40,195,2,187,68,487,24,245,28,374,3,26,237,55,65,3,48,21,22,737,566,53,17,406,1785,244,107
"COG1702",2149,2083,1614,1937,2127,2200,2148,2575,1854,2245,2171,2312,1770,2019,1897,2482,2058,2007,1432,2856,1663,2194,2493,2499,2052,2295,2258,2241,2170,2602,1709,1939,2032,1849,2287,1512,2051,1570,2199,1948,2565,2127,1943,2165,1654,1508,2209,2168,2083,2200,2402,2811,1920,1775,1762,1935,1492,2421,2187,2228,2885,1834,2030,2305,2270,2094,2308,2729,2288,1763,1830,1824,1904,1971,1836,2314,1638,1922,1755,2073,1678,1997,2198,1924,1639,2245,1729,1956,1824,1718,1964,1807,1360,1867,1788,2196,1899,2405,1100,2348
"COG1703",481,1462,1028,167,1301,1017,318,316,468,2180,1519,1450,912,1253,1361,349,1359,859,1531,179,1171,1557,541,945,1402,964,772,1031,1513,1209,1469,1480,891,589,1128,1523,1521,1653,1425,1121,816,1659,1609,1273,1851,1265,1170,685,1384,1375,813,493,1067,1515,1441,1120,1407,1128,1682,319,258,1408,890,1049,683,1697,495,792,151,1206,759,1301,1622,1260,1346,960,1294,1210,1666,99,1571,1382,566,721,2335,803,1655,1437,1370,1871,1329,1302,942,1495,755,2554,829,507,1300,643
"COG1704",988,1084,1117,354,953,1084,642,1093,1085,1292,815,1193,1109,1353,1432,1490,1483,441,1822,1422,1441,1361,1523,849,1481,996,1415,675,1143,1164,1034,1194,841,1643,1197,1274,1648,1471,1111,1394,1641,1372,1321,833,1144,1320,1038,905,1125,1049,1424,1321,919,1390,1699,1269,1481,1116,1569,1217,1791,1059,1061,1467,1669,1419,1568,554,1063,1769,249,1410,1188,1876,1134,962,1317,2390,1620,991,1559,1756,1954,761,1727,1590,1767,1445,1056,1333,848,2356,874,1165,827,926,1338,966,1548,1772
"COG1705",2570,553,1648,493,1453,1600,1409,2979,1002,2793,1685,2079,997,2128,2474,4575,1056,969,1545,2862,1441,1446,2784,4720,1263,1636,2112,967,1542,985,1788,2331,1436,776,959,3175,2378,2286,1589,2270,936,2484,2217,1231,1640,1339,2001,1173,1988,3037,1379,4724,1126,1380,3365,1593,1483,1650,2647,2167,1268,2959,1850,1282,3007,1502,2434,806,721,3621,1112,4074,2263,2302,2247,790,1227,1161,3316,1511,3232,1857,809,1726,4982,2569,1974,1214,1216,4763,1151,1234,1266,2579,2076,150,3015,1897,2614,3691
"COG1706",6,17,31,24,168,1,0,3,0,15,36,0,142,0,20,215,1,132,17,2,1,1,0,90,2,0,12,37,16,0,4,17,38,27,4,11,6,2,10,0,0,0,1,1,16,13,1,9,24,3,2,37,14,60,136,10,11,10,23,28,81,0,3,1,59,37,3,16,0,5,738,0,24,14,0,20,13,8,24,26,48,5,4,11,17,45,19,7,37,14,4,136,2,74,0,3,0,0,53,19
"COG1708",117,679,463,559,1147,357,203,80,159,619,261,617,161,148,872,60,74,498,1204,33,511,201,194,42,615,338,524,174,183,305,276,364,233,750,199,349,485,297,705,700,416,186,298,251,258,503,132,218,538,215,589,109,262,815,404,495,1567,325,448,256,382,180,373,255,92,447,167,105,190,154,162,56,172,463,374,273,709,253,1110,80,681,305,556,129,369,298,429,312,265,261,379,1057,482,329,367,67,391,50,1072,289
"COG1712",111,140,598,103,67,255,112,165,234,701,315,293,705,413,315,49,505,225,679,164,487,364,402,23,392,173,227,266,275,75,471,573,423,173,246,924,526,1041,376,387,364,191,333,363,595,1049,237,278,448,340,232,81,562,612,572,733,824,302,244,41,49,584,703,108,202,246,137,171,312,187,285,267,556,241,748,453,525,295,575,181,595,382,183,779,269,285,852,434,708,616,629,262,396,543,672,137,241,156,707,165
"COG1713",1476,743,513,1054,310,1012,1246,889,1011,287,511,819,550,752,676,533,791,703,170,398,677,640,610,438,577,916,848,875,666,854,690,238,674,1197,1045,339,473,280,698,794,1305,178,558,819,338,286,529,870,855,310,926,127,840,460,651,649,160,1117,570,1260,507,599,801,975,701,361,951,1757,937,351,315,338,302,925,645,833,371,1336,276,1153,251,710,1604,943,321,842,221,543,629,343,842,244,593,409,908,807,409,523,400,877
"COG1714",139,501,258,44,79,163,41,21,146,254,145,289,229,373,246,45,106,74,507,20,422,416,125,15,534,126,124,72,221,56,219,287,217,171,210,670,457,242,332,110,161,66,248,401,254,255,300,106,353,183,131,17,296,545,544,384,569,83,246,104,94,290,238,72,120,242,198,105,23,252,7,38,446,324,376,165,665,100,532,74,595,437,154,67,341,131,244,282,349,308,278,526,429,201,396,3,230,17,438,109
"COG1715",301,122,57,42,419,161,91,633,32,104,185,272,396,222,420,1162,238,113,48,112,72,324,348,278,113,276,424,59,102,399,60,277,429,322,198,38,109,93,91,288,165,303,280,244,447,26,361,103,524,78,156,18,306,361,358,146,194,393,188,287,76,231,293,496,195,1050,153,186,190,93,321,17,74,155,284,369,119,408,21,71,60,198,113,180,120,661,742,25,410,49,31,121,1049,180,117,5,361,265,315,1514
"COG1716",5,253,183,287,748,997,896,336,574,269,123,439,40,695,867,127,145,236,42,238,95,130,673,698,608,749,672,467,164,991,185,53,240,525,260,65,197,228,50,662,847,135,146,588,136,4,666,315,394,239,794,115,165,118,200,184,99,627,220,356,2888,106,889,540,149,311,1525,864,1526,108,293,426,85,391,341,110,14,341,142,834,84,1127,1182,319,190,427,25,179,79,88,808,35,3373,119,234,1968,145,409,122,734
"COG1719",1,15,21,0,0,1,0,1,0,3,1,1,1,1,2,1,0,1,21,0,0,0,1,0,0,0,0,0,1,0,0,35,1,96,0,7,3,5,3,0,3,2,7,0,14,5,0,0,1,45,0,0,3,0,0,0,8,1,1,0,0,0,6,0,0,1,1,9,0,1,125,0,22,2,0,3,12,2,0,0,0,0,14,0,3,0,18,0,1,4,4,59,0,4,0,1,4,0,112,0
"COG1720",580,498,258,244,700,872,801,796,587,168,367,437,525,493,604,1777,628,858,75,2103,294,421,774,1329,438,537,1041,638,445,428,626,188,799,511,658,180,178,108,661,559,1181,903,196,596,344,130,1086,1103,660,415,412,1472,518,277,322,428,74,1056,408,391,168,287,548,480,883,316,1493,1138,234,1114,675,1201,221,431,404,863,68,570,263,561,202,467,1077,625,228,605,134,264,456,130,237,188,313,313,361,163,1008,1569,158,887
"COG1721",1219,3043,1182,215,1144,1937,760,1152,754,1770,1678,1931,1469,1743,1450,1344,1552,627,2472,1932,1894,2401,2377,1179,2366,1416,1418,1312,1757,1665,1426,2210,1340,885,1569,2718,2457,1792,1962,1288,906,2166,2169,2006,1662,1896,2252,938,1466,1499,1243,1989,1604,2465,2589,1890,2644,1293,2010,135,180,1581,1878,1273,1655,1560,2355,851,417,2102,13,1598,2235,1769,1549,903,3109,1042,2466,494,2351,2071,906,1466,2020,1445,2259,1459,1900,1822,1875,2862,1616,1990,1687,61,2093,1653,2212,1547
"COG1722",261,48,73,72,205,94,64,207,202,36,60,76,62,55,109,53,33,168,47,30,28,99,51,130,123,112,139,69,71,35,39,23,127,300,116,70,74,19,151,170,81,19,100,78,51,68,57,37,182,31,110,60,63,104,151,36,25,145,153,375,114,43,40,205,77,60,188,220,50,45,251,11,38,57,23,129,23,280,59,143,51,97,292,22,45,74,50,34,50,71,24,100,399,88,9,6,73,13,126,149
"COG1724",29,2,4,9,5,17,16,4,13,35,1,0,5,36,5,11,62,0,19,1,9,43,7,6,4,22,102,15,7,69,45,0,32,5,48,7,21,15,46,41,41,11,33,36,18,24,13,8,7,41,35,7,5,3,24,14,15,8,8,23,25,512,1,100,24,33,61,18,14,57,4,3,29,5,25,6,63,49,3,7,33,8,88,5,2,30,38,18,3,14,34,11,6,53,9,1,28,7,29,13
"COG1725",3609,2064,1944,3213,1051,2256,3280,1800,2934,603,1263,2192,1401,1897,1603,1581,1584,1654,913,1413,1680,1706,2416,1263,1419,2063,1954,2433,2033,2115,1651,906,1499,2031,2755,1007,1472,1219,1875,2583,1559,1128,1547,2192,999,1279,1680,3399,1809,946,2531,1343,2456,1400,1964,1672,1302,1726,905,2697,2377,1587,1967,2394,1981,1283,1983,2163,2753,1568,1829,1654,1058,1866,1793,1505,2049,1354,1069,2980,1020,1522,2237,2369,1202,2166,878,1866,1497,1281,2037,1055,1890,1214,2667,1662,1567,1759,953,1763
"COG1726",37,306,321,26,184,316,160,351,257,552,423,367,322,398,445,661,305,113,568,760,327,437,514,459,427,335,341,246,337,433,378,505,276,234,324,494,414,379,434,316,299,825,430,416,459,484,485,253,351,470,643,2588,896,1121,1067,875,1341,985,1835,155,131,1119,1094,979,1580,1437,1319,423,135,1906,8,1902,1396,1146,798,645,996,950,1727,128,1341,1144,618,750,1599,964,1738,851,1324,1402,767,1490,742,1316,818,37,1553,1795,881,1050
"COG1728",80,106,16,12,11,235,302,129,432,0,121,89,192,239,71,182,151,176,3,111,209,133,199,41,120,353,226,521,134,153,203,7,307,40,282,40,153,113,92,269,23,61,122,171,11,36,100,515,100,93,436,10,168,43,115,217,1,135,14,3,1,143,232,152,283,25,177,38,55,185,0,75,8,23,242,17,492,53,105,79,73,279,164,350,57,420,22,278,59,65,363,13,64,202,183,14,154,119,0,282
"COG1729",247,44,74,55,426,25,23,42,157,74,113,33,92,51,133,419,87,374,64,26,9,16,7,315,28,28,84,130,128,17,15,54,198,86,14,30,31,24,74,24,59,46,48,4,61,110,16,22,119,132,33,73,24,96,82,49,26,70,46,56,75,36,85,17,56,62,36,25,0,30,612,9,48,21,44,36,22,47,34,57,75,22,94,15,33,56,66,77,56,51,33,94,47,84,0,6,22,15,70,21
"COG1732",213,237,205,719,670,310,64,294,377,164,183,72,110,100,310,61,64,526,189,12,311,154,136,440,157,96,131,116,302,87,130,218,257,632,141,266,215,96,578,484,776,261,503,123,153,445,125,109,457,353,128,159,265,402,344,85,166,154,304,1707,519,121,233,225,145,510,91,51,1312,150,755,36,176,186,328,342,174,233,236,193,150,132,171,106,257,109,390,104,204,232,287,510,155,480,132,1440,195,219,1068,180
"COG1733",2596,1274,1849,2770,1176,1572,1776,1527,2792,1346,1872,2079,1182,1376,1589,1126,1222,1494,1351,1395,1332,1361,1743,1073,1492,1844,1483,1495,1312,1805,1249,1894,1273,1297,1889,1411,1422,1851,1348,1639,1416,1635,1506,1658,1569,1600,1015,1865,1898,1527,1487,1418,1869,2411,1651,1628,1776,1088,1095,2167,824,2089,1455,1672,998,1460,1408,1283,1304,1503,1293,1358,1654,1602,1813,1867,1319,1521,1217,2076,1489,1576,1695,1520,1561,1698,1152,1499,1441,1497,1740,1115,1311,1395,1324,2051,1051,1017,1559,1811
"COG1734",148,77,90,67,829,121,36,94,681,310,97,106,118,127,492,721,108,399,159,85,31,217,61,582,157,231,201,142,187,61,37,260,323,262,101,58,71,68,423,262,154,155,149,30,136,185,176,69,437,122,179,82,87,258,309,166,78,257,342,138,110,97,153,52,445,253,219,111,3,483,886,623,98,201,108,79,79,212,142,135,180,98,314,23,161,83,205,109,148,80,45,260,200,288,14,13,111,147,136,96
"COG1735",42,169,450,142,582,97,117,47,217,82,190,57,258,86,96,44,108,613,113,26,45,83,6,504,33,76,127,204,160,108,159,122,252,309,24,71,66,46,125,65,100,85,46,81,148,163,33,37,253,110,46,97,83,78,56,211,44,198,51,134,252,45,48,137,95,246,43,53,122,24,1783,12,99,159,151,118,65,119,90,46,134,14,416,46,50,90,61,61,74,48,43,19,43,108,195,161,120,30,86,41
"COG1737",3360,2657,4089,9651,3861,2092,3963,3897,5085,1751,1976,1659,2685,1684,2301,1863,2701,4364,1341,1278,1368,1183,1455,2941,1593,1923,2622,2046,1909,1662,999,1334,2566,2995,2028,1125,1706,1643,1878,2183,3419,1010,2704,1766,1561,2059,1272,2583,2613,1992,2256,905,2406,1881,1399,2141,1380,1713,1314,4670,3902,1400,1203,2617,1448,2653,1206,3266,4327,1684,6820,2308,1424,2483,2516,3679,1295,2745,1378,5290,982,1082,2432,2707,1161,1284,1320,1929,1547,1816,2094,1939,1520,1543,2719,6024,995,1558,4630,1402
"COG1738",76,737,596,286,480,637,447,638,751,607,951,706,600,573,592,1463,767,512,1120,1479,1117,717,905,994,655,718,686,648,760,924,725,923,363,790,732,625,762,638,697,727,501,1613,868,590,1259,771,882,650,437,825,129,408,189,269,231,175,288,176,358,54,61,208,200,216,329,362,347,146,48,416,98,383,312,253,145,262,211,250,341,61,295,218,173,180,372,206,351,247,233,307,166,399,112,307,322,30,355,440,312,343
"COG1739",1637,1145,1317,1305,1177,1638,1463,2032,1772,1475,1319,1579,1213,1326,1539,1450,1570,1302,1118,1920,1232,1481,1686,1509,1431,1481,1540,1341,1552,1831,1418,1278,1236,1407,1634,1309,1411,1437,1506,1678,1627,1889,1495,1499,1488,1181,1475,1317,1573,1474,1518,1636,1342,1265,1273,1299,1076,1738,1467,1813,2099,1482,1283,1866,1562,1508,1911,1672,1793,1619,1129,1705,1371,1551,1202,1426,1242,1913,1259,1628,1233,1617,1696,1465,1574,1594,1489,1414,1402,1696,1559,1056,1889,1414,1416,2068,1481,1639,1079,1834
"COG1740",382,185,201,165,1057,261,61,148,448,798,247,92,271,146,245,31,171,726,220,53,44,486,55,861,96,52,96,225,269,137,41,276,485,417,90,170,193,377,231,344,280,265,184,26,176,231,342,46,322,577,79,151,93,212,91,83,150,201,270,153,154,146,176,142,142,509,57,144,34,68,1124,745,133,119,424,125,107,241,160,28,214,98,61,32,192,66,233,77,214,119,479,143,118,570,12,2041,86,330,121,48
"COG1741",285,1566,1033,316,1749,553,115,210,869,1367,1148,789,1138,816,976,125,796,1251,2193,65,835,866,464,552,1345,462,438,592,1052,156,1003,1627,963,773,784,1261,1330,1705,1265,1136,726,675,775,686,1231,1952,512,494,1133,798,593,189,1034,1537,991,1179,2330,591,1042,300,346,1073,892,145,400,747,138,331,285,585,1253,453,1434,982,1131,651,1080,748,1659,211,1595,990,500,884,1369,477,1825,986,1229,1737,1108,2319,739,1247,827,61,681,84,1745,320
"COG1742",93,29,30,10,170,1,0,4,64,14,58,5,90,1,42,5,2,151,77,3,20,10,20,132,0,5,18,41,12,0,4,36,69,39,0,14,24,9,14,27,14,1,3,1,41,32,2,3,52,35,9,25,12,12,4,3,30,4,22,58,49,0,3,5,18,35,0,4,0,4,252,2,20,8,2,4,17,3,12,24,19,5,19,10,17,6,74,18,10,2,2,87,0,27,0,4,2,1,34,11
"COG1743",15,1239,0,0,7,5,896,4,227,264,43,900,114,51,65,167,19,15,450,3,73,996,176,39,280,126,7,21,554,306,0,0,290,6,97,105,401,57,158,165,0,1,443,137,81,278,124,2,251,29,117,363,0,189,225,40,1412,80,48,1,0,4,0,535,218,38,118,10,0,17,0,17,8,55,106,320,1016,9,311,4,4,53,23,56,21,2,315,31,0,0,109,270,914,27,1079,2,8,31,0,5
"COG1744",2684,2397,1660,1065,1245,2468,3732,2010,3286,757,1495,1760,1918,2982,1562,1283,2782,2383,915,803,2123,1998,1707,464,1820,2984,2660,3030,2231,2185,2482,765,2147,2993,2872,960,1912,661,1920,1885,2917,571,1413,2486,1413,1126,1737,2056,2157,1513,2465,397,2018,1371,2066,2206,780,3450,1626,2951,1497,2241,2264,2264,1731,699,2685,5555,2470,923,2489,752,1305,1618,1792,3744,2166,1679,885,3542,647,2755,3533,3329,842,2781,734,1536,1751,2625,2062,760,1761,1625,1640,1673,1139,1572,1386,2182
"COG1747",7,0,0,0,408,1,0,0,0,0,0,6,0,28,0,28,0,0,0,0,0,103,0,0,1,1,0,0,5,7,9,2,316,46,0,0,0,0,20,1,1,0,0,3,0,0,317,2,0,0,0,0,0,0,0,0,0,104,0,0,1,0,0,0,0,0,40,65,0,0,0,0,0,0,1,0,0,0,0,0,1,0,10,0,0,0,1,0,0,0,0,0,1,0,0,0,112,0,0,0
"COG1748",1656,2432,1962,2142,1051,2059,2423,1908,1417,2228,2130,2016,2284,2460,1778,1491,2149,1582,2112,2528,1965,2057,2566,1459,2127,2096,1739,2403,2141,2267,1983,1923,1750,870,1931,2194,2106,2469,2161,2223,1227,2650,1937,2339,2187,2366,2667,2491,1664,1880,573,967,809,725,742,857,703,575,657,386,218,772,802,674,632,650,625,490,439,668,214,974,709,497,863,673,580,570,687,536,618,675,329,942,649,682,697,653,837,701,864,594,518,690,677,581,847,913,478,646
"COG1749",1133,497,62,72,513,560,643,326,632,38,282,258,638,415,212,641,504,707,66,115,174,294,1026,257,196,904,419,1083,593,544,271,38,597,245,395,83,362,225,214,388,94,134,233,368,51,131,240,1235,214,69,256,9,134,39,151,159,9,104,11,19,13,98,238,140,179,23,104,10,34,61,203,30,7,18,173,13,312,48,100,95,35,227,92,250,39,298,27,95,44,53,269,54,72,104,96,3,107,50,16,151
"COG1751",0,6,55,0,1,3,31,0,5,0,6,5,0,4,19,0,0,0,0,0,8,6,3,0,3,2,5,2,2,0,7,0,0,49,7,2,1,0,1,4,29,0,10,8,0,0,1,0,7,2,5,0,7,3,5,2,0,9,8,40,0,2,4,2,7,0,14,11,0,8,0,3,0,0,10,21,4,4,0,0,1,2,9,0,1,1,7,0,11,0,1,0,6,0,0,58,0,0,0,1
"COG1752",1367,6975,3610,1415,2914,3214,1200,1736,2080,4542,4488,4021,4133,4489,4270,1322,2604,2231,7228,2764,4115,4062,2028,919,5806,3264,2588,2623,4419,2785,4290,5038,2608,3296,3202,5358,4774,5095,4710,3463,2699,4349,5234,3978,4900,6122,4070,2354,4125,3696,3104,701,4449,5555,5007,4618,7993,3318,4191,398,890,4318,4170,2954,2076,4092,2923,1883,963,2771,1180,1760,4650,4328,4060,3384,4640,3697,5624,920,5771,4834,2842,3045,5170,2203,6171,4371,5212,4377,3630,7954,4882,4366,4382,572,3613,2632,6009,2273
"COG1754",263,2120,2037,446,1785,1926,1591,2699,832,2688,2907,2442,2440,2586,2746,3666,1814,936,2841,5177,2285,2937,2965,4264,2718,2053,2585,1895,2175,3162,2218,2536,1298,1101,1649,2932,2326,2752,2902,2301,1106,5202,2479,2360,3135,2784,3748,1769,1543,2854,394,2108,754,725,932,699,940,762,1354,67,1474,768,657,664,1336,1238,866,295,843,1457,3,1499,859,723,548,433,610,598,954,411,785,913,425,506,1082,638,941,724,1035,869,578,885,491,1022,706,678,1180,1895,608,659
"COG1755",7,314,8,0,91,9,0,6,0,0,224,8,32,0,0,0,1,0,52,0,9,7,3,0,6,0,0,5,68,0,0,121,0,0,0,0,52,30,6,1,0,0,0,0,0,74,0,1,7,30,19,0,12,67,8,50,95,0,34,51,15,3,15,0,2,6,0,0,0,0,0,0,226,6,18,5,57,4,184,1,35,13,6,104,0,0,41,33,7,3,89,126,3,93,3,5,2,0,46,0
"COG1757",4579,5564,4956,3660,2745,6495,6847,6275,6124,4831,4545,4875,5226,6102,4937,7153,5808,3600,4469,8137,4277,5345,5437,6914,5523,5260,5926,5260,5759,4809,4618,5056,4314,5452,5774,6003,6006,4826,6058,5696,4843,8277,7293,5386,5071,6754,5487,5455,5949,6519,3874,4668,5734,6119,5643,4824,4588,6674,5910,3800,3685,5283,4545,4502,6130,4090,6722,4356,4075,6267,2936,6758,5733,5421,5274,5858,4759,4773,4967,6709,4533,4594,6481,5648,5203,5405,7973,4831,6015,6563,5113,5881,4433,6894,4845,4837,8143,9386,8745,4893
"COG1758",292,47,93,82,343,27,18,262,238,44,83,89,60,24,178,231,67,287,35,13,12,11,31,301,33,50,38,84,85,134,23,52,123,229,31,14,23,24,39,25,91,22,13,5,39,56,14,25,115,51,62,57,20,63,75,30,13,54,70,422,852,20,31,78,40,54,61,102,473,22,331,5,15,49,32,21,15,170,33,344,37,52,201,11,33,73,26,42,25,44,23,48,19,43,2,385,13,16,58,75
"COG1760",3674,2235,2862,2290,2937,2373,3582,3824,3567,2679,2532,2522,2767,2726,2751,2045,2556,3259,2029,2408,2276,2163,2597,3284,2323,2350,2740,2989,3010,3017,2069,2181,2554,2422,3064,2366,2253,1914,2713,2323,3049,2625,3150,2641,2289,2134,2582,1960,2676,2815,2130,3276,2195,2405,2577,2277,1624,3109,2996,4336,3933,2208,2738,2158,2286,2284,2819,2758,3640,2801,3023,2595,1874,2746,1906,3312,2242,2788,2475,4072,2007,2549,2719,2807,2366,2389,2377,2265,2347,2515,2293,2761,1789,3205,1917,4055,2538,2857,2670,2412
"COG1762",5815,3602,5914,8891,6423,4158,5148,4245,5986,3415,2906,2066,3234,1582,2668,2501,2406,6181,2183,1030,2890,1292,1645,6334,1549,2964,2162,3820,2873,2968,2106,2126,3498,2454,2760,1994,2154,2854,1573,2649,4252,1322,3319,3205,1813,2164,1822,2848,2577,2476,2359,1332,3433,3405,1350,1950,1785,2275,1377,7731,3081,1482,2105,4893,3281,4172,2371,1932,6480,1413,12199,5727,1950,3160,3961,4139,2102,2779,1431,7243,1322,2225,2265,3980,1428,2108,1998,2733,2498,1832,3846,2696,1611,3238,4134,13643,1538,2888,6991,2414
"COG1763",378,214,368,780,506,246,376,211,510,231,291,129,426,200,196,77,308,723,144,219,348,134,108,482,186,262,258,357,258,73,136,102,322,279,228,198,175,142,171,94,217,42,281,159,234,242,140,278,164,194,328,85,182,211,143,319,96,174,113,491,173,109,221,140,189,178,118,122,145,180,908,145,127,153,95,301,78,108,272,343,175,130,127,628,105,136,77,240,275,279,191,91,108,262,161,296,155,239,292,240
"COG1764",10,31,36,74,275,0,3,6,198,21,60,0,87,3,45,21,0,202,30,3,3,0,0,139,22,1,0,68,26,0,7,30,166,39,2,10,10,9,21,0,48,4,2,1,33,44,2,8,32,2,0,28,2,19,3,3,15,15,9,35,105,2,5,5,28,22,2,8,0,4,354,7,14,21,1,3,10,2,12,49,30,4,56,5,48,5,13,5,14,7,1,106,3,19,0,1,3,2,31,2
"COG1765",36,54,137,129,535,43,5,138,166,79,114,159,104,52,145,34,25,323,140,8,23,20,15,347,57,38,26,105,106,105,21,172,160,224,34,28,35,18,148,58,71,26,69,22,95,140,31,31,118,29,29,77,22,139,23,56,56,64,131,62,873,17,77,10,57,89,8,71,696,41,554,4,84,109,27,41,34,38,107,224,92,15,89,14,75,16,92,51,42,48,32,136,54,130,14,356,32,11,61,12
"COG1766",1260,514,286,90,666,323,230,51,369,100,323,221,781,231,228,1123,448,770,128,227,185,381,654,395,211,655,594,637,136,75,186,177,792,321,478,159,434,184,183,545,151,57,329,260,107,88,177,673,304,446,1155,85,164,134,533,405,65,439,79,97,99,132,429,291,632,127,218,72,216,273,1201,117,137,110,272,203,892,64,295,306,232,543,430,280,154,637,125,405,119,125,321,295,93,297,263,102,314,140,483,455
"COG1767",352,201,197,252,483,167,86,273,451,233,159,90,288,62,165,71,103,611,179,29,359,163,166,292,129,124,212,210,250,88,248,221,259,315,106,282,204,113,479,173,353,54,446,103,259,323,28,86,386,133,75,175,185,219,287,158,89,202,201,195,352,139,72,70,84,241,74,234,453,133,749,97,165,148,94,251,130,102,112,991,132,100,239,643,128,117,300,212,285,395,157,447,75,322,162,486,216,155,628,120
"COG1768",187,391,290,1252,187,488,404,395,377,148,253,606,321,470,524,361,465,261,120,337,226,358,365,48,498,525,593,357,337,523,534,186,397,1242,651,178,218,99,511,370,959,115,262,402,399,60,405,224,725,200,670,88,297,330,299,385,145,725,445,428,144,377,406,827,270,164,510,1443,593,140,75,124,394,657,215,870,106,1138,172,368,149,416,1477,333,143,423,123,218,358,213,234,40,919,140,479,251,154,297,139,551
"COG1770",34,93,245,341,1204,5,5,293,283,58,175,410,192,5,239,33,79,633,71,14,7,1,1,818,9,0,0,169,145,325,40,73,351,105,7,22,29,22,70,0,150,14,4,12,87,72,15,15,101,17,1,127,9,66,11,11,21,32,204,213,3118,5,18,4,66,79,6,95,2168,20,1193,4,33,218,6,13,20,9,45,830,87,1,127,40,50,17,22,13,27,14,2,191,4,73,6,1133,8,17,127,6
"COG1773",420,454,457,662,864,624,573,532,936,409,521,441,639,497,620,333,490,1068,475,395,530,435,504,602,555,593,591,678,486,434,437,463,597,710,643,513,365,304,640,498,850,463,1028,684,704,521,412,512,670,353,425,487,409,536,486,564,321,517,460,356,253,494,376,552,471,652,496,582,547,536,1356,276,327,549,351,844,366,711,304,514,480,314,832,600,540,415,463,455,466,418,350,690,443,671,473,425,469,446,760,609
"COG1774",1326,1541,2256,2505,887,1765,2621,1385,2175,1701,2172,1771,2185,2649,1582,1415,1765,1614,1544,2007,2070,2043,2400,1275,1877,2268,1994,2519,1863,2696,2654,1387,1671,2645,2010,1549,1859,1976,1919,2192,2297,2032,1974,2241,1956,1835,1756,1936,1591,2276,1998,2974,2406,1476,1547,1930,1679,2167,2159,1873,863,1937,1967,2499,1805,2417,2572,2432,1715,1738,695,1605,1884,1737,2068,2023,1741,2674,1347,1969,1124,2117,2519,2413,1924,2113,1750,1743,2225,1920,2087,1575,2920,2195,2252,2272,1671,1332,1250,2599
"COG1775",1832,754,1373,1042,698,904,1887,1523,1578,255,859,981,858,1143,1859,411,1075,1646,315,286,569,807,772,701,599,650,1590,1068,991,1279,498,500,634,2218,1100,517,722,367,952,1388,1720,277,554,1493,349,990,339,1314,1455,599,816,362,1571,669,895,550,498,1087,1123,2030,944,732,721,1041,618,551,637,1904,2058,290,1915,290,323,1045,964,1240,424,1128,296,1102,356,419,1285,889,665,476,594,320,949,763,1186,173,700,928,697,669,669,572,664,430
"COG1776",1805,648,212,27,130,652,713,322,634,50,308,268,317,491,180,372,593,502,133,162,418,465,943,94,274,1013,493,1192,699,501,356,157,613,219,803,109,504,232,281,600,238,171,277,732,61,169,301,2168,369,459,1167,67,590,198,355,542,114,395,78,16,15,345,686,507,651,110,423,78,239,198,621,141,133,87,920,143,926,260,193,196,168,887,467,646,168,1130,244,349,218,134,711,253,254,393,700,72,446,210,499,751
"COG1778",411,529,900,124,944,901,506,772,833,1179,588,634,500,688,1061,1440,1125,716,986,1505,819,713,1306,1017,1156,1001,2504,585,897,726,813,1016,635,529,1279,932,711,781,1250,853,676,1184,940,694,1059,790,975,832,1058,1314,702,1554,809,1291,1073,732,1355,736,1229,194,204,1144,725,619,832,1024,1020,436,331,1191,754,1191,1655,683,725,606,1094,959,1337,120,1629,704,630,495,1504,1379,1293,908,842,1274,636,965,878,1256,688,880,1193,1055,810,1180
"COG1780",370,35,94,184,287,34,112,391,152,27,118,105,94,4,63,34,40,217,53,8,56,2,10,258,7,1,7,29,43,71,12,48,85,58,34,11,22,9,32,8,57,9,39,13,36,92,20,12,72,31,7,53,16,25,6,24,20,9,29,708,865,5,7,15,20,49,14,35,641,8,238,5,13,51,8,16,33,7,27,491,29,10,43,26,23,9,15,4,14,30,7,55,10,39,6,350,3,13,60,3
"COG1781",293,548,924,636,707,1080,1000,998,988,972,1071,969,946,994,1105,1440,1142,975,960,1736,868,895,1206,1100,895,1072,1229,989,931,1229,1002,963,1013,864,1429,809,1033,974,1099,1131,622,1217,804,1005,1426,1007,1026,1378,1022,1008,1237,1461,1002,901,749,1058,801,1117,914,517,1331,1033,959,1029,1181,868,1326,523,805,1075,776,813,1006,1136,805,1062,1593,822,965,858,1069,1151,1064,972,1213,1222,1001,1324,845,1207,1067,700,670,935,868,676,1219,1086,747,1403
"COG1782",22,29,1,0,0,10,2,57,0,4,9,76,19,49,83,75,90,4,3,46,1,3,4,0,1,2,1,29,1,39,29,0,0,230,9,0,0,0,22,46,0,41,0,5,2,0,10,45,0,1,209,0,5,0,7,3,0,248,1,0,0,5,182,6,0,2,55,502,66,0,0,0,1,5,2,0,1,21,0,0,1,0,71,0,2,31,1,0,1,0,0,10,85,2,1,22,1,61,0,37
"COG1783",1535,785,494,161,2510,774,137,341,1019,809,246,3196,2265,1060,5190,451,556,301,571,169,1017,2535,637,348,782,618,652,651,395,809,325,478,394,1098,726,586,1252,386,736,978,5112,246,776,356,569,1553,1299,956,2376,1351,334,79,151,256,379,255,637,425,134,111,73,879,255,683,255,853,319,304,246,53,24,9,160,2303,263,210,98,581,229,82,209,187,162,317,147,160,276,564,177,2385,168,277,171,322,196,290,733,145,969,182
"COG1785",305,2874,2100,317,1938,1374,627,1608,1150,2721,2274,1922,1937,2096,2125,1240,2050,1573,2578,880,1749,2435,1153,622,2340,1595,991,1442,2776,1464,2377,3224,1602,1207,1582,2965,2237,2439,2113,1239,1605,1658,2768,2469,3189,2674,1827,1032,2104,2244,415,391,702,842,701,821,887,574,669,82,135,882,700,536,364,824,240,308,289,483,410,308,1238,728,637,768,768,745,1108,161,997,757,359,645,917,624,994,873,813,827,545,753,553,840,675,124,470,213,700,685
"COG1786",1,12,2,3,62,7,0,0,1,6,0,3,0,9,2,12,25,0,18,0,11,3,4,0,91,2,31,0,2,28,1,0,8,71,22,2,6,1,55,6,122,21,16,4,6,0,20,1,60,31,27,0,3,5,6,31,9,9,6,0,0,49,3,2,3,2,19,6,0,1,173,0,16,8,7,6,6,49,0,0,7,3,17,1,15,4,2,55,3,6,2,1,55,5,1,0,15,0,22,8
"COG1787",6,48,34,672,20,39,203,4,52,8,14,60,20,82,30,17,16,208,3,5,94,44,149,1,58,202,56,138,75,133,23,3,151,75,155,40,16,21,26,132,62,23,9,23,6,5,24,409,24,109,100,3,25,8,181,54,6,35,10,128,10,280,41,82,45,29,53,20,285,14,6,12,2,33,15,26,3,496,159,56,14,266,61,30,7,89,0,145,13,21,17,0,103,40,54,3,50,35,215,196
"COG1788",58,214,208,51,636,192,93,283,450,136,193,115,178,140,535,88,86,361,133,17,103,156,90,314,173,140,208,175,232,178,102,164,413,397,302,212,180,64,433,316,353,116,505,136,117,300,126,46,693,117,179,163,210,304,419,186,130,346,274,256,121,161,102,124,176,169,125,330,566,155,708,22,79,315,153,216,160,228,139,105,151,109,347,82,216,91,319,80,186,207,57,194,160,310,33,134,165,42,352,94
"COG1791",0,0,0,1,0,0,0,0,85,0,2,0,0,0,0,7,2,7,0,0,0,0,0,0,0,0,0,5,0,0,4,3,31,0,0,0,0,1,2,0,35,0,0,0,0,4,1,0,1,0,0,4,0,0,2,0,0,1,0,33,1,0,2,0,1,20,0,0,0,3,0,0,0,0,1,0,0,0,1,34,0,0,39,0,8,1,1,0,0,0,0,67,0,1,0,0,1,0,1,4
"COG1792",2036,1765,1642,1044,1027,2174,2163,2638,2079,1780,1986,2045,1740,2067,2079,2815,2091,1605,1659,2972,1679,1983,2291,2374,2018,2370,2502,2124,2034,2291,2168,1900,1833,2105,2412,1780,1857,1921,2104,2192,2257,2826,1917,2111,2172,1697,2657,2511,2232,1866,2161,2675,2035,1690,1890,1926,1572,2562,2044,2504,963,1908,1824,2410,2388,1941,2880,2130,1693,2392,953,2248,1944,2201,1734,2029,1857,2639,1691,1710,1706,2106,2482,2035,2186,2280,1959,2128,1917,2189,1793,1770,2658,1920,2053,1175,2568,2837,1374,2040
"COG1793",20,74,151,155,66,31,8,3,130,199,80,45,74,62,42,13,9,22,239,21,368,156,70,0,75,601,498,24,15,164,99,129,25,354,135,375,67,12,112,1133,37,276,19,22,111,17,24,52,121,33,140,122,85,85,191,50,565,7,41,47,38,50,71,307,36,36,131,200,6,22,415,11,46,91,36,49,258,584,291,10,135,30,53,35,780,50,62,13,72,37,68,0,16,184,161,9,90,13,320,26
"COG1794",418,225,450,101,458,165,159,621,302,223,229,185,188,234,352,131,484,405,149,64,303,201,457,446,234,90,291,411,379,285,233,136,267,257,170,128,213,105,335,272,779,101,253,180,144,323,122,713,540,447,267,174,215,709,307,221,126,328,299,563,467,208,446,95,192,193,225,427,103,73,1501,56,165,227,567,171,182,376,402,519,198,220,759,78,166,133,328,106,199,312,342,211,304,237,160,69,210,96,561,158
"COG1797",690,1604,1282,1289,506,1298,1816,1280,1489,1177,2286,1577,1226,1035,1092,706,1945,1351,781,432,1401,1195,647,685,886,1290,952,1773,2370,1993,1556,1236,1245,1157,1255,1117,1493,1319,1357,1333,1354,1662,1644,1826,1759,1186,1139,2012,1186,1470,1465,379,1145,1268,1428,1415,851,1498,1066,1141,621,1291,1621,1785,974,1573,740,1363,1412,1220,356,1275,1200,973,1533,2070,1198,1399,1217,1533,1219,1435,1094,1438,1440,1306,1358,1468,1215,1553,1696,962,1084,1710,1358,2590,745,855,957,987
"COG1799",893,563,467,1006,370,900,884,1146,844,418,478,702,510,592,743,456,616,493,201,409,589,531,498,566,559,877,863,697,634,774,737,256,597,1186,899,331,450,386,691,908,835,271,639,747,408,283,507,695,882,420,1067,173,671,473,496,619,212,882,595,1081,1174,580,672,916,678,479,947,1062,1352,372,210,477,444,766,631,946,550,1109,318,1169,275,696,1397,775,347,799,252,547,532,387,847,159,763,467,625,1561,434,529,488,804
"COG1801",316,38,53,91,381,32,34,238,139,93,89,19,116,69,94,18,32,318,70,12,4,32,1,222,22,0,1,98,96,27,13,50,155,83,4,7,12,9,47,0,68,42,40,2,44,114,7,21,99,135,0,71,24,101,4,11,17,56,36,408,134,8,68,23,37,54,9,30,87,14,533,1,17,13,36,11,11,7,19,18,52,14,69,10,22,5,16,50,43,45,19,102,31,26,0,3,19,2,82,5
"COG1802",4375,2877,2437,2015,2317,3056,4123,2433,4703,1470,1851,1605,2336,2007,2415,1504,2549,3955,1510,1407,2094,1501,2010,2420,1583,2339,2056,3480,2427,2127,1231,1652,2663,2062,2466,1225,1815,1603,2073,2574,2284,1039,2029,2706,1877,1556,1505,3312,2776,2242,2293,670,2374,1229,1831,2470,1251,1678,1239,2117,1341,1598,2387,2248,1822,2095,1511,1814,3032,1493,6327,2025,1763,1701,2239,3339,1901,1971,1403,3752,1087,1417,2035,4202,1429,2399,1193,1943,1740,2215,2903,1971,1476,2183,1497,4841,1402,1979,4050,1691
"COG1803",749,1157,1155,1013,767,1219,932,549,1453,1158,825,1396,1250,1417,1432,511,1337,1071,1454,430,1123,1392,879,446,1208,1341,1156,1222,1610,699,1565,1145,968,1047,1774,952,1023,1503,1332,1403,1223,632,1165,1494,1830,1470,975,1307,1544,868,539,75,478,393,376,479,609,451,359,203,194,548,388,418,261,301,409,461,292,366,320,313,553,396,308,532,422,536,426,343,448,378,376,518,506,445,459,679,448,846,446,301,340,450,518,402,296,195,318,400
"COG1804",201,659,1235,481,2920,344,409,1703,626,260,695,392,620,664,1870,167,347,2015,687,116,401,788,370,1205,677,867,1011,604,697,418,329,831,698,1390,730,506,481,180,843,656,1809,154,659,827,729,522,254,326,1350,410,609,639,556,458,554,481,365,396,967,382,2144,805,309,592,671,615,301,976,1745,303,3828,80,310,571,430,1085,1248,617,402,1347,500,274,740,354,593,425,477,253,518,850,291,330,501,791,73,2907,752,264,1425,284
"COG1805",107,440,797,120,305,755,321,607,714,1461,484,863,1253,1218,1128,1627,876,301,1351,1655,892,1202,1530,819,1018,856,845,515,815,968,900,930,658,532,471,1564,1073,1211,1099,921,585,1717,1319,632,1228,1457,1360,617,932,1318,535,2015,1029,989,1067,855,1316,923,1171,136,113,912,926,646,1202,942,1048,319,187,1362,3,1318,1325,1105,898,598,944,889,1193,117,1007,1019,527,680,1445,993,1702,763,1455,1225,836,1302,799,1120,999,18,1411,1185,852,1034
"COG1806",1096,93,84,90,449,55,74,668,436,132,90,119,124,116,397,123,134,293,102,69,17,33,66,267,45,19,87,121,171,232,81,217,123,84,28,56,37,45,159,121,567,92,90,32,82,123,36,54,312,205,63,96,64,138,56,52,68,256,176,613,125,60,73,42,122,93,97,200,567,57,479,33,60,69,47,70,35,142,62,482,66,31,174,22,69,49,101,101,82,84,48,136,138,120,4,50,41,73,114,48
"COG1807",1459,2873,1672,289,1700,1486,698,2877,1278,2805,1519,1899,1350,1975,2673,1994,2072,1386,2459,1678,1516,1868,876,2768,1679,1389,1418,962,2367,1624,1987,2961,970,924,1655,2118,2251,2216,2275,1843,1641,2150,1970,1699,2018,3644,2564,1006,2582,2189,1057,435,1408,1920,1914,1978,2452,2335,2803,582,366,2447,1473,977,2240,1941,1628,1186,2854,2832,1018,4640,2512,1490,1689,1351,1801,2457,2170,117,2002,1803,1023,1093,2895,1071,2673,2352,1865,3256,1965,2537,1483,2673,1081,3399,2083,2518,2130,1013
"COG1808",316,1182,1045,106,726,878,356,562,804,1602,1434,1414,907,1410,1593,350,1616,568,2037,148,1251,1407,476,232,1492,1215,789,1044,1840,1369,1288,1564,748,763,1137,1353,1133,2020,1306,1228,982,1486,1458,1317,1811,1522,975,793,1074,1328,906,278,1188,1334,1405,1184,1552,1201,1613,701,521,1614,1264,1451,526,1983,403,602,930,1003,10,1042,1728,1549,1103,987,1143,1322,1623,753,1377,1325,473,826,2180,939,1892,1719,1385,1718,1218,1621,1046,1381,950,1114,975,305,1525,700
"COG1811",977,396,492,690,579,484,535,921,1068,295,364,192,480,247,690,216,322,665,375,340,339,322,480,431,387,413,668,287,386,385,270,352,367,538,404,283,247,359,822,569,1168,178,417,254,397,388,168,223,1022,1018,413,777,382,307,350,283,248,404,437,1558,436,392,255,234,368,578,405,553,1063,196,1252,504,414,333,216,1413,210,766,230,791,240,269,791,193,372,613,347,387,306,554,210,297,270,554,311,968,230,265,1026,881
"COG1814",55,689,127,23,377,142,9,432,49,93,449,53,141,75,65,16,25,27,390,8,451,109,64,10,232,140,50,17,239,24,44,533,138,121,60,125,280,109,362,122,46,47,140,49,104,410,32,30,246,164,125,52,124,395,372,251,359,64,243,1228,89,77,254,8,71,82,31,30,164,34,3,11,229,81,122,77,249,103,448,29,338,85,89,233,169,35,420,178,152,137,186,853,77,499,54,19,64,17,341,34
"COG1815",459,185,108,60,342,203,145,53,354,32,166,110,293,145,130,430,149,408,86,97,153,170,339,193,112,365,209,413,215,52,138,72,320,143,327,37,138,91,92,241,68,29,118,253,66,76,106,629,176,158,408,53,128,90,129,201,33,156,33,40,69,108,174,142,319,83,149,40,62,113,569,67,38,47,225,52,365,77,118,81,113,259,162,267,73,367,61,195,59,97,170,124,65,157,164,35,192,83,176,193
"COG1816",925,767,396,276,531,381,1085,830,889,109,761,331,543,337,269,165,486,912,180,134,228,137,413,332,278,355,290,719,394,439,235,208,386,372,363,139,376,274,405,375,263,542,298,382,100,275,132,842,328,359,389,157,554,272,406,289,153,373,92,1117,520,352,351,346,352,130,200,178,614,298,932,126,121,267,327,265,159,174,127,1148,162,411,588,831,185,380,223,233,316,315,591,231,1031,347,651,274,240,232,193,306
"COG1817",1,0,67,0,15,0,8,0,37,153,1,555,0,21,41,14,574,1,0,9,42,153,29,1,51,4,45,2,436,11,144,536,3,124,200,0,353,338,40,8,230,68,0,114,530,0,40,30,21,0,189,20,0,17,0,60,1,29,50,0,0,346,59,18,35,48,16,20,0,355,0,154,353,305,0,219,0,331,154,0,573,72,44,60,689,204,0,621,0,623,0,0,49,202,0,1,118,0,0,218
"COG1819",106,1051,588,125,282,459,268,238,673,825,1553,716,986,695,592,438,384,763,1877,1327,774,1044,856,31,1049,582,719,703,839,879,578,1108,746,738,283,1037,962,1430,734,527,566,942,980,606,1396,1710,629,468,756,756,466,1869,872,1034,894,780,1856,390,835,1122,244,530,703,951,388,1285,288,268,221,506,141,319,1292,812,1003,889,814,482,1393,130,871,788,442,777,582,532,1460,785,923,843,925,1666,464,1073,1059,87,341,586,1227,372
"COG1820",2693,3106,3536,4072,2767,2333,2550,2560,2638,2914,3330,3038,3943,2388,2254,2147,3875,2781,4126,1471,3128,2370,1989,1523,3087,2371,2136,2700,3175,2519,3163,3706,2273,2165,2675,3029,3059,3090,1942,2019,3170,2202,3284,2665,3671,3701,1908,2670,2278,3757,2346,2551,3052,2978,2091,2675,4004,2199,2910,2850,2746,2535,2592,2621,2195,2897,1559,2445,3848,2050,2972,1845,4228,2986,2666,3925,3469,3022,4146,3017,3471,2312,2079,3554,3598,3312,4104,3389,3316,3998,2442,4305,1501,3574,3405,2753,2254,1308,3355,3825
"COG1823",535,155,232,262,849,131,176,583,884,257,183,49,282,37,546,41,45,629,88,50,20,21,24,582,24,41,24,177,213,136,55,220,259,137,29,204,63,166,69,152,260,100,201,27,110,78,94,39,241,239,8,70,49,370,30,18,75,54,35,377,253,23,27,61,122,268,24,24,508,52,957,377,39,82,211,42,68,72,37,424,87,25,124,66,135,41,41,11,42,36,174,337,19,376,8,801,135,129,123,31
"COG1825",412,1075,1028,872,677,778,1190,845,961,1149,1163,1287,891,985,1174,1167,1066,599,1005,1403,961,1218,1268,924,1053,963,1027,788,1117,1167,963,1170,907,492,1198,1115,1362,1429,1060,985,579,1573,1023,954,1399,1115,1409,909,1125,952,780,1456,1144,1148,1104,1123,1001,852,1063,646,1253,1236,790,791,1143,1044,1028,337,945,1264,221,1066,1355,1062,1149,782,1491,812,980,813,1287,1046,652,902,1556,1083,1403,1219,1171,1489,1237,1024,918,1122,854,627,1244,1170,575,798
"COG1826",412,85,148,153,935,132,71,84,573,254,235,38,268,112,222,77,70,1001,141,46,8,31,27,727,53,77,113,250,162,69,39,155,402,195,33,54,61,125,114,75,105,102,48,20,164,224,84,45,215,217,43,157,41,218,52,55,70,116,103,168,490,42,94,92,142,291,38,54,53,38,1449,201,81,86,134,582,53,100,57,231,142,147,173,34,86,52,88,149,73,67,156,176,65,181,5,425,39,80,145,54
"COG1827",1270,498,517,797,191,702,1120,699,991,273,461,392,586,501,502,263,688,662,149,256,414,322,393,356,342,577,452,685,531,653,331,252,354,449,735,209,374,273,426,624,564,214,447,530,219,270,267,842,529,373,397,89,621,335,430,530,146,552,256,820,381,428,533,512,383,404,649,329,823,318,353,503,176,568,564,711,162,440,311,956,154,461,491,803,265,432,181,493,421,394,810,117,350,388,585,1086,302,507,278,420
"COG1830",189,784,1438,348,1315,744,250,274,1014,1958,1022,840,2028,1244,1325,179,1162,1327,2928,150,1462,772,775,532,1172,620,476,705,1540,222,1706,1430,1052,1022,556,1410,1220,2301,1551,1094,970,854,950,527,1953,2536,554,767,1491,1186,551,293,1476,1654,1566,1426,3084,832,1066,142,323,1270,1474,366,577,734,224,385,507,836,1302,982,1576,916,1274,858,1271,834,2381,182,1680,726,582,1571,1869,722,1881,1611,1805,2284,1442,1777,884,1818,1310,88,827,140,1812,423
"COG1832",103,51,59,98,203,7,25,4,238,33,82,0,61,11,27,10,6,178,28,7,11,3,16,101,9,5,7,61,30,8,11,39,94,19,30,14,12,8,20,7,23,6,10,7,22,41,6,8,75,69,9,48,12,32,9,9,17,15,8,621,91,7,19,13,13,42,10,18,30,8,308,6,22,10,18,16,10,10,21,57,27,3,32,15,14,9,24,4,16,9,4,94,10,28,5,21,9,2,65,9
"COG1834",659,13,169,86,293,87,36,36,182,131,90,86,100,178,194,35,74,40,34,11,329,61,91,20,93,56,40,38,103,34,100,139,55,301,142,242,104,269,209,82,161,51,178,49,89,227,33,48,121,50,77,7,110,730,79,164,164,101,52,27,45,163,144,83,115,63,55,349,94,40,3,67,87,42,202,52,57,47,89,8,142,127,102,86,114,62,151,99,110,185,119,1,84,72,121,11,108,32,62,25
"COG1835",1501,3172,1481,421,3946,1371,802,1557,671,2242,2574,3802,1352,1617,1707,1747,1943,1183,1750,337,2557,2462,571,1054,2061,2096,1263,1582,2267,1940,1746,2937,2662,1137,2220,2628,2498,1698,1589,1174,2031,1960,2611,2761,2416,2279,2562,1064,1454,1837,1832,1191,1583,2270,2047,1804,1370,1337,2273,3023,4860,2654,1333,1841,1304,1633,1132,1135,2390,2029,750,1875,3936,2062,2166,1303,2584,1525,3179,2000,3404,2097,965,1501,2926,1590,2354,2462,1606,2219,1210,2668,1572,1876,1962,1287,1279,487,1964,1550
"COG1837",604,316,253,486,215,580,474,427,470,171,218,384,314,365,387,200,380,316,76,200,278,276,380,213,335,528,446,403,286,404,321,113,356,673,543,150,232,139,288,448,467,119,297,383,233,150,288,484,472,171,639,64,349,207,215,329,99,501,306,634,641,289,348,638,331,154,541,672,636,136,135,235,234,412,329,459,282,613,135,503,123,365,652,508,145,463,116,291,259,194,397,102,719,234,343,654,221,295,200,442
"COG1838",2151,1834,2016,1597,2043,2352,2550,2181,2164,2268,2886,1792,2523,2554,2202,2639,2055,2454,2110,3753,1999,2231,2032,2492,1585,2289,2259,2450,2283,2626,1803,1983,1967,1740,1671,1589,1907,2765,2437,2283,1540,3797,2200,1778,2848,3019,2930,2413,1895,2761,1751,4584,2383,1734,1883,2025,2008,2102,2430,1165,1180,2052,2095,2228,2661,2471,2553,957,1173,2738,2522,2744,2142,1856,2085,1879,1853,1800,2025,1818,1879,1982,1482,2830,2170,2442,2606,2377,2487,2126,2170,1822,1395,3115,2260,1097,3156,3457,1735,2153
"COG1840",1886,797,877,356,1045,1081,641,1089,2665,1163,335,684,657,905,1471,573,699,757,829,406,796,908,675,618,787,760,1327,733,483,814,697,826,933,922,647,922,802,698,1352,1088,1360,604,1348,722,788,1064,558,434,1189,1460,1352,434,817,1091,808,1041,514,1026,887,827,798,695,712,641,788,1088,899,1745,2269,522,2204,996,832,1091,1085,618,865,917,374,1422,273,566,1685,1017,723,743,1031,829,789,1533,1098,1398,666,1399,244,3459,1069,870,2872,773
"COG1841",495,148,225,255,217,242,263,262,509,129,179,204,99,203,295,248,128,265,102,76,104,185,217,174,170,295,366,207,214,216,186,105,267,342,314,101,176,106,210,350,431,123,206,147,75,154,123,153,373,148,324,91,196,139,200,184,116,256,210,483,370,171,176,264,220,163,271,284,507,129,311,140,100,239,154,209,270,253,84,400,75,172,331,156,149,188,141,143,119,172,229,137,137,237,195,383,149,125,183,158
"COG1842",628,177,230,111,314,438,352,218,623,76,158,229,337,154,192,174,162,845,97,44,123,69,303,558,104,388,199,559,443,326,176,122,439,239,83,73,184,114,183,295,78,76,90,158,142,244,125,166,203,15,260,90,125,142,189,147,53,245,52,87,186,125,425,349,355,151,492,120,4,23,1257,92,86,63,94,56,93,48,115,239,119,313,234,419,67,278,65,47,91,167,428,155,64,173,111,7,126,116,153,175
"COG1843",1008,365,118,74,398,348,286,167,376,33,241,222,337,292,159,654,378,537,66,78,199,240,522,279,193,512,284,608,209,189,144,61,432,209,299,49,223,111,138,342,72,68,87,401,67,99,144,724,228,141,534,76,218,96,204,229,35,216,62,49,89,173,405,248,422,77,179,39,126,35,601,71,33,49,340,76,572,68,117,178,114,472,247,386,100,499,89,135,88,99,386,122,123,163,243,24,196,106,48,285
"COG1845",17,47,85,73,389,0,3,4,170,41,89,0,142,3,64,21,10,393,38,1,4,0,0,299,3,1,0,137,61,0,14,71,183,101,7,17,20,6,36,0,64,7,5,5,46,55,3,11,92,4,0,52,13,47,6,8,13,17,18,59,76,5,12,0,40,62,0,13,0,19,645,0,15,22,3,10,14,7,12,62,47,8,71,8,40,7,15,3,16,7,1,90,1,43,0,5,6,1,45,7
"COG1846",4857,3110,4081,4572,2541,2739,4608,3669,6765,2237,3466,3210,2862,2609,3891,2007,3077,4382,2519,1635,3072,2856,2726,2181,2417,3050,2728,3960,3094,3121,3373,3026,3113,2984,3784,2146,2984,3390,2924,3467,3249,1676,3008,3616,3591,2878,2179,4930,4433,2494,3717,1540,3704,3046,3020,3344,2598,2454,1802,6788,2849,3767,2833,3526,2026,3586,2140,2443,4336,2533,4243,2229,2524,3166,4255,3615,2928,3523,2419,5075,2816,2613,3050,3926,2871,3363,2831,4302,2548,3674,4808,2358,2458,3162,3821,4238,1905,1669,3696,3352
"COG1847",1437,822,1001,1627,911,1210,1939,1537,1813,571,862,986,780,921,1138,784,969,1051,271,512,808,741,679,817,678,1210,1201,1151,921,1400,1175,386,927,1516,1183,459,669,522,788,1332,1561,423,853,1148,470,533,856,1112,1049,695,1637,246,1046,695,729,789,373,1425,672,2772,2263,776,828,1452,970,650,1173,1665,2271,547,562,751,352,1178,968,1300,922,1593,290,1994,319,995,1870,1122,440,1089,329,760,765,572,1398,408,1454,837,1168,2644,585,769,588,1194
"COG1850",211,95,58,14,29,22,64,76,11,21,19,65,27,49,1,98,66,44,20,75,9,31,3,9,18,37,24,20,10,51,32,71,2,18,37,20,24,9,34,72,22,47,29,12,15,27,1,33,11,152,10,3,2,16,8,11,36,251,33,117,50,1,10,14,7,15,53,166,51,13,248,12,54,66,3,7,10,27,0,31,0,6,28,1,20,14,46,43,1,7,6,95,94,7,3,7,17,57,230,15
"COG1852",161,46,74,8,9,83,10,175,244,242,78,4,17,15,97,2,22,21,343,5,34,28,53,146,56,27,43,14,71,77,20,527,13,88,26,114,132,100,88,115,234,91,161,30,120,262,43,22,163,161,15,37,40,117,59,11,156,26,232,105,28,51,32,60,6,124,8,29,116,112,1,201,176,35,123,66,126,74,67,61,33,24,35,31,48,19,79,18,41,79,103,99,32,145,34,406,73,49,189,13
"COG1853",1788,1801,2323,2006,1362,2543,3113,2560,2845,1938,3319,2229,3001,2603,3315,2717,1840,2390,1876,2285,2482,2589,2299,2015,2158,2821,2966,2703,2034,2865,2168,2226,2547,2385,2320,1967,2236,2831,2832,3412,2303,3231,2458,2085,3109,3227,3491,2660,3130,1920,3255,1729,2930,2355,2679,2692,2598,2837,2154,2100,1088,2358,2631,3731,2377,2658,3441,3052,2284,2447,1616,2334,2438,2600,2625,2214,2362,2461,1787,2192,2038,2267,2690,2446,1892,2523,2381,2196,2668,2447,2524,1927,2775,2441,3180,1286,2600,3065,1966,2107
"COG1854",1198,606,807,1250,751,968,1347,1206,1337,669,1018,973,756,759,792,1247,975,1013,357,1237,776,941,743,1176,652,1031,1019,1088,927,1253,1028,669,858,598,1275,601,849,794,691,841,700,1057,755,1108,1046,503,1089,1229,799,771,1019,910,836,553,644,748,351,958,690,1341,1284,985,621,1090,1210,835,1215,638,1031,1209,901,1059,1071,859,833,855,685,688,405,1227,638,1141,769,981,904,1042,649,1096,806,996,966,195,470,702,949,784,923,1307,344,1256
"COG1857",746,109,50,1928,22,42,211,1,353,24,729,140,17,100,25,81,102,112,0,19,21,24,300,613,50,193,206,402,330,345,27,11,21,62,25,14,73,3,10,101,23,35,187,21,12,1,39,421,22,0,125,1,68,40,41,26,14,15,51,137,24,166,423,129,154,41,44,18,26,78,0,23,5,35,34,57,4,8,8,132,17,24,14,95,9,43,32,72,16,10,255,7,54,85,32,13,8,358,0,187
"COG1858",394,1029,402,175,1473,249,162,157,544,399,1693,406,648,427,520,147,193,888,1015,76,985,523,138,500,487,289,275,743,678,832,247,683,674,625,132,366,560,243,636,266,323,855,689,263,746,573,474,298,487,517,203,386,305,680,439,309,692,371,761,84,250,162,575,750,380,1058,195,174,2,208,1402,99,629,426,217,186,434,251,818,64,580,258,149,379,456,359,776,319,383,282,293,1431,275,895,59,18,409,54,424,273
"COG1859",320,143,71,159,466,45,83,14,41,442,139,239,145,33,96,49,27,416,62,16,18,60,249,249,21,127,75,101,101,146,22,86,228,149,182,35,123,36,89,132,79,20,99,216,57,133,22,65,366,67,670,42,28,92,38,44,26,47,16,32,102,28,178,141,75,211,43,35,110,90,756,15,40,43,220,33,30,89,31,12,90,59,19,49,42,31,40,25,21,122,55,65,32,68,101,64,85,35,152,20
"COG1861",3,338,49,0,371,58,9,2,35,373,15,161,3,459,124,9,443,31,286,9,390,374,86,4,875,181,28,210,91,59,269,352,164,123,1167,406,182,290,263,57,221,38,163,324,296,147,48,73,214,160,133,15,322,338,463,493,397,57,362,17,98,372,282,28,103,128,50,80,0,148,5,42,126,87,157,264,244,127,105,2,578,249,209,25,424,161,393,761,424,137,129,425,363,164,43,4,121,23,51,156
"COG1862",564,794,485,549,640,847,540,924,854,609,997,1118,610,663,1086,875,835,629,652,1093,574,851,806,647,719,566,854,663,792,802,788,849,572,522,1102,546,697,1238,940,937,759,1156,680,901,1320,748,1011,1118,1152,692,788,790,826,788,706,857,854,924,618,819,187,1028,580,826,463,1093,913,745,590,784,417,642,1093,699,879,797,495,1012,615,291,926,804,786,605,1092,627,963,1223,793,1006,811,562,693,737,726,601,918,897,510,646
"COG1863",3,19,45,2,39,62,35,5,48,34,6,24,11,28,47,11,11,17,55,2,43,41,61,10,47,69,62,13,36,17,37,24,56,95,142,39,54,19,159,137,59,19,80,48,47,21,12,6,186,70,51,46,49,65,94,25,21,87,89,8,2,45,34,28,54,7,34,78,0,33,113,5,67,47,28,88,36,54,61,24,27,41,104,14,51,26,54,25,45,70,13,30,38,69,2,9,44,5,129,23
"COG1864",123,1411,990,47,875,1385,457,841,260,1818,1468,1313,826,1363,1862,1760,1503,338,1981,2524,1362,1269,1677,1738,1465,918,1496,850,1303,1803,1268,1851,1035,553,1522,1470,1298,1357,2079,1925,759,2504,1466,1793,1573,1185,1491,1577,1526,2084,1175,2571,915,1563,1549,1596,1834,1291,2186,55,114,1907,963,1282,2100,1888,1851,690,175,3111,2,2782,2137,1722,975,762,1697,2143,1929,94,1802,1760,805,533,1958,1246,1599,1707,1268,1595,861,2084,1428,1358,1150,29,1838,1749,1371,1745
"COG1865",222,111,40,14,30,124,217,62,58,42,59,60,42,32,123,86,38,72,109,51,67,52,132,14,112,41,140,38,146,43,113,30,6,138,25,86,100,63,302,249,21,55,109,30,68,121,31,62,305,72,49,105,75,130,110,30,99,150,109,408,20,91,63,47,67,40,36,85,47,16,1,18,77,54,47,146,71,79,122,56,77,47,58,24,81,39,180,64,56,119,32,11,94,112,89,45,83,86,450,71
"COG1866",2954,2740,2676,3022,1928,3536,4000,3933,3250,3157,2982,3126,3704,3553,3276,4445,3595,3059,2662,5879,2922,3459,3663,3591,2967,3947,3564,3740,2878,3572,2671,2881,2849,2653,2558,2646,3141,3828,3242,3747,2605,4656,3089,2741,4011,3469,3935,3515,2552,3324,3104,4340,3728,2552,3109,3396,2346,3368,3407,2248,1507,3259,3568,3100,4846,3323,4177,2963,2258,4128,1890,4724,3778,3214,3299,3108,2769,2786,2780,3195,2728,3493,2658,4029,3594,3948,3389,3721,3513,3214,3894,2390,2240,3433,3143,2432,4020,5254,1899,3781
"COG1868",1863,379,204,93,516,471,516,276,636,64,373,300,444,324,247,740,365,713,118,196,188,321,913,408,227,799,498,914,327,422,234,134,644,289,552,100,453,265,244,516,132,137,278,610,85,155,213,1138,305,316,901,81,338,132,489,480,55,346,59,79,84,269,621,344,606,150,265,73,94,202,1023,124,123,90,484,97,389,128,275,323,205,557,312,619,152,900,150,298,158,145,577,264,179,313,309,65,389,174,389,463
"COG1869",179,124,240,233,455,76,142,84,510,97,189,73,108,70,148,376,61,473,178,61,47,39,59,345,49,64,96,116,153,43,79,165,150,113,75,148,82,61,167,167,162,69,188,21,138,201,36,69,285,184,55,94,78,158,100,44,93,134,68,303,308,69,45,35,90,162,61,121,130,71,1027,33,111,70,53,137,113,83,85,179,98,37,153,107,87,50,158,38,75,191,94,363,77,296,71,61,147,64,565,46
"COG1871",705,154,68,7,27,248,218,123,419,21,129,125,147,200,76,151,134,155,39,117,217,162,433,45,125,370,189,423,210,236,123,54,280,110,234,46,205,133,102,261,55,86,85,306,24,38,105,321,102,152,557,18,118,59,146,225,30,158,25,7,4,133,254,143,299,45,143,203,36,121,126,64,46,30,138,66,564,41,115,126,91,344,165,299,62,383,47,188,44,78,365,76,93,107,148,42,165,73,154,249
"COG1872",203,28,46,45,351,2,6,6,234,65,64,2,66,55,43,26,3,215,31,9,3,28,4,185,3,10,13,53,56,5,14,38,160,95,6,5,10,10,32,2,41,30,22,6,35,82,67,10,44,76,1,29,1,60,49,5,7,42,33,37,38,1,38,7,21,45,14,17,0,6,396,7,12,8,25,5,11,7,16,21,35,7,42,2,12,15,6,43,14,5,36,42,0,24,0,2,33,12,33,19
"COG1873",375,310,167,332,100,317,383,198,399,72,202,379,283,331,164,212,366,297,34,224,227,208,200,79,329,369,461,389,246,314,177,56,299,665,400,68,159,108,193,324,371,60,145,357,196,68,270,570,350,109,621,24,317,117,198,268,66,279,128,218,147,335,378,583,313,108,477,639,178,143,157,101,190,288,211,464,218,389,129,411,154,353,733,412,117,448,43,280,239,78,339,44,512,121,386,153,151,126,69,460
"COG1874",4248,8076,6639,7895,4160,4700,5298,3502,4025,7529,4713,4129,6206,4850,3844,3067,4335,3751,11268,4446,6448,6450,3827,2737,6405,4651,3689,4013,5132,4251,4294,6202,4892,4426,5794,6845,5001,7144,4112,4239,5384,5072,6358,6203,4631,12731,5062,5196,3726,5840,3870,2379,6452,6034,8078,7267,9768,3519,5436,4988,10193,4268,6001,5896,3680,5856,3594,3022,5648,4338,959,4099,5857,5203,6423,3609,7733,3227,7814,7491,6779,5041,2461,5482,5005,4560,7069,6217,6625,6147,5426,8476,4519,5874,7055,6837,7987,3450,6958,3664
"COG1875",648,1370,608,56,397,559,200,224,392,946,514,828,451,806,596,169,952,126,1197,169,769,1203,327,5,1450,471,419,258,1100,347,568,999,412,489,1098,1233,1184,700,797,278,660,285,1225,1108,762,905,636,279,808,749,664,165,866,1592,1230,815,1377,508,1002,240,353,1105,901,285,383,644,274,357,621,396,315,170,1215,837,752,507,1250,1150,1128,72,1367,997,328,397,1048,335,1316,1038,1146,892,739,1662,1855,1038,780,71,629,143,1163,339
"COG1876",667,617,554,1535,438,859,1627,724,1106,405,464,1472,710,1328,537,986,813,836,107,392,990,929,1058,291,915,1539,1115,1143,991,911,714,211,1379,1360,1179,333,455,280,1125,1154,1160,168,385,1011,708,272,814,1223,707,365,2063,85,884,316,693,911,267,1253,520,2647,545,1409,1461,2792,858,246,1446,2163,229,213,634,384,505,718,447,1557,642,1043,242,1291,143,1495,1615,1487,176,1548,255,565,859,186,677,109,1832,317,805,536,593,584,323,1095
"COG1877",356,325,1191,239,491,300,91,101,355,1170,414,774,808,1002,778,80,617,755,832,75,480,1157,662,289,503,338,387,486,929,96,1648,1412,917,490,390,2164,1156,1862,892,523,447,609,872,658,1275,1518,628,626,822,692,151,40,294,444,215,414,537,180,185,16,68,354,335,83,99,238,50,45,64,153,245,136,322,361,485,168,219,101,496,44,634,267,125,262,314,156,427,309,343,435,347,225,257,360,442,16,159,29,279,83
"COG1878",937,484,376,374,180,341,590,539,479,237,228,371,179,373,540,235,410,380,166,237,159,275,372,102,251,238,381,354,468,566,175,321,170,903,429,198,337,134,468,403,1045,228,332,455,307,355,299,351,521,430,290,76,485,348,334,383,144,542,396,525,192,540,489,251,295,195,231,549,693,147,457,109,198,363,212,288,252,666,164,457,135,124,576,647,182,201,306,190,228,367,583,183,241,245,497,455,127,255,415,272
"COG1879",5790,8740,10732,17628,5930,7137,10556,4266,8638,4618,8291,5292,6800,6206,6414,8828,5802,10238,6737,8234,6263,5972,6226,8750,4092,7408,7095,7308,5756,6471,6802,7735,7250,6384,6731,5459,6431,5458,5679,6382,5816,6454,5203,5728,6310,6632,5899,11284,6351,8355,6079,9952,6634,6577,5785,6473,5710,5710,5061,11150,5851,4804,5717,6280,9947,6066,8128,5543,5635,10981,15481,8814,6019,6062,6095,7979,7355,5278,5562,6573,5813,4294,7537,8079,5625,7405,6687,6985,5631,6303,5874,7885,3570,7854,7654,5955,6190,8878,8615,7538
"COG1881",410,69,204,186,892,36,46,257,485,111,216,208,167,69,225,50,103,451,89,18,18,24,17,479,13,16,119,162,132,204,28,110,207,152,20,83,45,54,111,48,114,84,116,10,60,145,20,23,161,120,30,77,17,253,135,81,34,76,106,118,1483,57,80,35,71,117,36,45,465,17,564,18,50,123,52,51,41,63,56,552,55,14,118,35,72,62,104,83,30,27,38,62,36,204,12,649,96,17,289,37
"COG1882",6506,6725,8086,8204,8198,5743,7953,5424,6608,5903,6912,5308,8425,6207,6185,4477,6885,8767,5800,4451,5594,5827,5865,7138,6042,5991,4789,6054,6768,5484,5675,7174,6976,8035,6290,6234,6586,7018,6062,5550,7390,6744,7430,5266,6428,7450,5180,5319,5466,6609,5754,7176,7778,6993,4752,5801,5592,5427,6541,9056,7025,5566,5818,6436,6734,5536,5187,4854,7868,5421,9555,6514,7219,6769,5980,7131,5607,6225,5944,6469,5068,6039,6377,8156,5699,6536,7690,6274,7876,6593,7654,7879,7619,8227,6515,10707,5225,6537,5733,6788
"COG1883",1618,4607,3277,1697,1498,3760,2923,2385,2403,4160,3904,4572,3854,4277,2768,2524,4467,2168,4724,2359,4128,4541,2967,1557,4958,4030,3669,3509,4084,3711,4899,3816,3369,3165,4327,4634,4582,3374,3696,3407,3946,3801,4396,4751,4792,3334,3990,3195,3657,3023,3751,2781,3718,4062,4136,3814,4077,5007,4465,960,613,4192,4120,3521,2769,3199,3392,5241,1156,3048,918,2462,5426,4425,3577,4488,4085,3327,4672,1861,4384,3881,3910,3177,4871,3205,4303,3737,4219,4663,3469,4274,3253,3351,2982,1777,3486,3051,3881,2534
"COG1884",1173,3218,3163,310,3134,2778,687,1092,1174,7204,4354,3995,3136,3542,3636,990,4058,1583,4150,495,3881,4541,1903,1924,4288,3054,2244,2681,4226,4078,3488,5336,2967,1890,2929,5386,5297,4893,4428,3047,2650,4010,5168,3560,4896,4010,3608,1807,3758,3860,2294,1513,3378,4275,4085,3453,4019,3526,5482,677,585,4096,3401,3217,1814,5969,1472,2622,467,3056,1041,3298,4518,3757,4214,3183,3871,3549,5969,333,5105,4167,1648,2164,5343,2466,5924,4028,4657,4878,3613,4252,2674,5236,2747,6366,2522,1391,3607,1908
"COG1886",1168,384,324,160,402,266,232,50,244,100,161,126,371,229,278,375,265,764,219,66,205,234,424,204,134,412,242,657,461,185,140,125,345,195,322,62,154,79,122,229,109,59,106,394,138,170,135,941,166,341,340,101,230,137,263,176,105,194,52,44,187,141,356,229,259,71,188,55,90,82,2059,69,150,88,360,103,278,118,110,203,217,423,160,225,96,431,134,161,116,48,157,285,137,217,299,27,177,79,559,213
"COG1887",313,2251,2784,4182,2008,1898,3863,1193,1901,275,1472,1940,724,3297,2083,2903,1726,1657,875,901,2805,1838,4208,1590,1689,2808,2716,1748,2057,1598,4393,1391,1520,3692,3001,1198,1528,431,1399,1852,1073,2902,1685,2830,1115,344,2773,1117,1575,721,1809,2550,2170,1923,2511,1547,1357,4142,1346,2507,883,2465,2510,2687,3543,873,1288,2066,1599,767,298,2324,1365,4672,1627,2365,1232,1237,926,3370,1394,3993,3629,1147,942,2457,777,3487,1782,841,1581,801,2048,867,2991,1731,1785,1062,1134,2847
"COG1892",0,0,20,3,1,0,7,0,209,0,1,18,0,1,0,1,0,0,0,0,0,0,1,0,2,0,1,11,132,6,76,0,0,0,0,0,1,0,5,0,0,0,2,0,0,0,0,0,0,0,0,0,0,0,0,0,4,2,0,0,3,0,0,6,37,0,0,0,5,14,0,24,0,8,0,0,0,0,5,81,0,0,1,1,1,1,0,0,0,0,0,0,0,0,0,0,0,0,0,1
"COG1893",2285,2074,1953,807,1258,1557,2239,2327,2325,1976,2377,2234,2619,2217,1597,722,2304,1872,1706,498,2435,1916,1497,937,2131,1712,1307,2596,2425,1958,2099,2195,1636,1305,1797,1824,2179,2239,1780,1661,2494,1636,1641,2173,2697,2083,1735,1270,1692,1446,1861,616,2135,1773,2081,2212,1594,1846,1645,1644,1619,2260,2028,1586,1232,1758,1527,1705,1680,1107,1006,1322,2216,1877,2157,2330,1372,1834,1682,2149,1646,2093,1330,3210,2554,1791,2087,2143,2450,2527,2495,1756,1963,1977,1567,2673,1112,1301,1976,1299
"COG1894",2343,1217,2731,3858,1562,1777,2608,1450,2500,1794,1063,1244,1195,2244,1766,786,1252,1926,2761,232,1421,1429,1338,992,1608,1634,2365,1743,1849,1463,2572,2086,1737,3563,1351,1810,1718,1078,1854,1551,3400,1171,2177,2203,1005,1888,1366,1300,2259,1705,753,150,575,756,688,571,711,830,572,952,452,501,579,477,377,420,312,1000,372,391,821,390,379,622,495,551,843,659,594,685,386,257,1137,457,732,413,435,291,433,616,749,646,368,629,549,1017,528,313,1070,280
"COG1895",66,273,623,586,121,279,395,120,222,672,531,649,343,434,998,903,214,253,658,806,535,290,862,972,435,396,508,284,207,55,519,931,328,450,590,1041,483,449,528,799,252,193,326,616,522,708,715,484,492,287,377,883,662,998,430,685,1344,350,235,181,150,607,690,157,321,339,281,150,236,1440,73,566,670,417,754,392,1090,509,631,133,1163,246,811,513,465,712,663,602,660,739,477,347,239,664,820,89,979,269,373,1115
"COG1896",1348,1328,737,1803,1749,1186,1465,943,1476,355,857,880,824,1114,846,800,1177,1626,592,563,786,802,847,859,993,1285,1151,1445,981,1063,999,547,1035,1917,1226,420,579,418,1050,1107,1265,304,908,1335,480,603,746,1169,1360,430,1123,263,1140,630,928,760,296,1485,844,1727,662,1074,1207,1238,893,564,1515,2046,987,413,2266,195,386,1151,934,1220,339,921,371,1893,432,1159,1675,1260,519,1093,384,840,835,599,1078,317,1461,740,1337,497,529,729,628,1287
"COG1897",3149,1888,1523,1914,1342,2080,2021,2333,1498,1874,1728,1964,1593,1677,1823,2479,1784,1739,1481,3024,1762,1791,1902,2569,1797,1710,2104,1945,1665,2579,1768,1381,1541,1352,1959,1614,1598,1423,1671,1808,2212,2125,1633,2188,1697,1298,1965,2053,1591,1938,1797,2260,1770,1551,1668,1465,1485,1912,1707,2521,2358,1743,1655,2068,2158,2200,2195,1433,2472,2053,1318,2313,1747,1864,1670,1613,1955,1663,1438,2078,1431,1873,1927,1759,1514,1917,1172,1605,1785,1403,2005,1445,1224,1436,2049,2657,1786,2507,1218,2138
"COG1898",2079,4811,1684,1598,2357,2848,1815,2222,2027,2661,2486,3136,1941,2470,2497,1863,1908,1162,2945,2908,2466,2800,2321,1215,3292,2054,3650,1521,2596,2345,2043,3517,2437,1741,2408,2929,3427,3291,3784,2874,2366,2870,2854,2044,2890,3503,3116,2325,3088,2756,2306,3830,2454,3410,3405,3112,4697,2440,2633,1626,1721,2386,1967,2078,2181,1637,2473,2619,3212,3305,716,1909,3359,2391,2709,2643,2916,2355,2643,1152,3462,2619,1548,2151,2518,2374,2640,3138,2658,2850,2536,3982,3397,2396,2376,1076,2628,2396,2507,2845
"COG1899",0,0,1,0,26,19,0,0,0,2,3,0,0,19,35,58,3,1,0,0,2,13,26,0,20,14,18,0,0,5,0,0,0,101,10,13,10,5,31,32,13,19,8,7,5,0,13,2,42,5,15,1,0,10,0,5,0,30,40,0,0,23,53,3,2,12,9,16,0,4,0,0,1,20,1,8,15,16,0,0,9,7,106,1,0,9,54,2,1,2,2,5,33,53,0,0,7,0,0,10
"COG1900",0,34,1,0,15,18,0,1,0,14,20,42,0,34,40,2,16,2,9,0,18,16,14,1,92,40,32,3,13,8,6,5,21,162,19,2,14,16,66,39,32,20,8,9,6,4,20,14,60,35,27,1,20,46,24,33,6,43,15,1,0,36,38,11,9,23,25,25,0,7,0,3,8,26,18,21,7,33,0,0,10,19,54,1,49,6,59,6,40,1,3,7,36,78,3,11,10,6,0,13
"COG1902",3276,2163,4552,4399,4647,2053,5708,3948,3523,2466,2764,2935,2917,4712,3517,1369,2922,3847,2258,903,2130,2947,1300,3575,2500,2193,3068,3083,3288,3415,4003,2698,2982,5407,3259,2922,2871,2011,2547,2741,5482,1784,3805,4253,2954,2713,2149,3183,3727,2179,2887,1223,3741,2867,2737,2581,2018,3069,3265,5031,5068,3186,2196,3010,1650,2471,1743,4738,5201,1875,4821,1240,2291,3532,2937,5079,2384,3613,2554,4974,2359,2320,3296,3815,2917,2113,2446,3242,3366,2872,2471,2439,2380,3056,2945,2553,1915,1562,2806,1756
"COG1903",702,1676,1821,1251,448,1287,1443,1189,1172,2118,1282,1830,1902,1182,873,489,2482,1202,633,466,1647,1687,911,586,1164,997,982,1183,2279,854,2094,2133,1777,1028,1510,2723,2406,1945,1432,1116,1491,662,1690,1824,1596,1475,1374,1391,1447,1332,1331,251,1566,1605,1543,1823,1030,1394,921,992,613,1913,1889,874,783,1014,632,1096,1251,1182,307,1136,1728,1230,2243,2429,1966,1431,1940,1479,2307,1556,1052,1982,1699,1320,2028,1845,1850,2185,1753,1037,1235,1812,1727,2389,873,766,1768,898
"COG1904",1387,2017,1899,375,946,1885,2223,1805,1770,2034,2061,2298,2250,1861,2453,1799,2751,1650,2352,2389,2263,2317,2533,2335,2315,2010,2444,2106,2190,2177,3007,2425,2017,1388,2276,2577,2549,2277,1879,1530,2636,2974,2134,2625,2735,2364,2559,1538,1954,1621,1840,2937,2101,1950,2168,2372,2583,2240,2359,649,657,2328,2096,1584,1993,1985,1898,1668,2477,2425,1374,2132,2500,2137,2102,4403,2056,1771,2512,1829,2574,2282,1871,2223,2418,1777,2479,2334,2231,2619,2135,2415,1494,2188,1751,736,2811,3004,1863,1247
"COG1905",307,540,957,893,706,482,564,181,852,443,326,554,506,827,770,253,291,558,1083,62,440,557,362,290,646,459,787,366,489,283,565,489,427,1317,516,556,361,613,732,525,1488,438,652,665,589,886,523,544,1108,550,599,100,576,874,607,468,935,866,438,766,626,553,438,518,277,481,416,1116,359,438,1339,324,588,673,481,635,678,791,550,515,520,303,1170,441,890,278,654,401,511,758,491,1072,434,585,684,492,484,185,1394,222
"COG1906",107,59,62,0,1,37,37,14,11,26,20,18,4,35,49,8,31,23,76,8,16,35,36,9,22,16,54,15,60,17,24,43,23,26,24,30,43,24,110,69,37,22,71,37,105,68,18,20,83,93,88,147,103,142,172,106,89,139,186,4,5,146,101,39,66,79,23,31,141,28,416,57,192,82,101,210,114,147,109,20,56,41,17,66,100,51,321,124,78,421,55,126,102,270,10,336,145,44,747,58
"COG1908",105,126,95,283,33,67,190,24,221,104,88,59,6,49,77,22,130,86,341,13,76,87,57,20,116,64,69,29,49,62,47,4,60,192,111,107,42,77,120,79,61,34,206,96,26,215,43,45,73,185,132,10,38,74,153,91,18,72,113,162,50,55,62,122,30,53,47,445,90,78,0,23,27,135,113,80,57,81,73,154,108,40,119,82,27,38,175,40,40,117,115,95,123,184,72,20,93,64,254,20
"COG1910",0,111,263,800,15,52,448,23,165,89,117,59,22,97,62,69,141,181,70,22,28,69,59,17,43,50,552,57,132,51,60,51,87,255,207,87,75,62,78,108,65,46,55,58,29,33,50,90,108,77,69,22,94,97,120,135,42,82,17,551,151,96,115,83,67,67,65,182,57,32,0,51,41,149,120,229,43,130,30,146,33,40,55,86,60,42,112,68,59,42,100,32,56,143,157,79,35,54,12,60
"COG1912",28,15,124,27,48,5,17,1,138,15,18,16,1,8,20,3,5,99,57,0,2,3,9,1,8,9,3,3,40,0,11,112,3,154,6,14,21,2,48,1,11,4,4,2,61,62,4,1,149,24,11,78,37,10,3,1,34,7,26,221,179,2,6,20,22,72,35,349,35,7,111,25,9,14,3,25,30,0,28,57,57,2,11,8,4,7,15,2,22,8,2,5,3,29,1,16,7,3,115,2
"COG1913",0,0,41,0,0,0,1,186,3,0,30,1,0,0,25,13,0,2,0,1547,138,2,58,485,0,15,11,0,0,133,104,0,2,0,1,1,0,2,118,222,0,22,0,0,0,0,403,16,19,72,0,221,0,0,26,19,0,185,53,0,0,30,5,0,632,51,1,0,0,505,1,774,144,20,0,6,0,15,0,1,161,0,129,1,1,11,6,0,0,8,0,0,14,12,0,0,0,265,0,3
"COG1914",1906,1582,1653,1073,1886,1023,726,1572,1429,1717,1959,1450,1289,1321,1105,261,1448,1146,1954,205,1283,1565,662,1098,1777,891,771,1126,1489,1478,1230,1683,873,713,1634,1449,1310,1717,1375,1220,1387,1367,1330,1516,1575,1565,702,702,1501,1476,628,705,1486,1352,1408,1070,1832,802,1845,2737,2985,1632,1081,1188,661,1594,324,706,2537,803,1609,1105,1410,1356,1181,908,1214,1103,1624,1774,1490,1439,957,948,2049,700,1797,1226,1469,1532,1212,1524,837,1560,1305,2974,788,456,1499,586
"COG1915",8,86,102,0,89,92,40,5,120,54,47,70,50,35,112,24,32,34,58,11,50,111,27,5,33,51,40,40,52,144,23,83,36,380,53,27,82,23,139,124,258,25,115,86,50,249,90,47,61,130,30,23,116,77,142,29,70,227,127,4,4,39,33,44,46,31,51,496,228,22,339,19,90,51,38,123,51,40,20,78,24,52,128,30,77,12,49,12,90,93,21,98,73,19,20,57,38,20,209,24
"COG1917",1957,2085,1864,2126,1749,1859,1229,1984,1485,2505,2287,2798,1531,1990,2202,1273,2669,1392,2057,2039,2409,2246,1613,939,2578,2080,1753,2041,2401,2277,2550,2731,1954,1326,2968,2627,2671,2013,2221,2317,2028,1543,1959,2461,3071,2042,2176,2245,2345,1987,868,453,641,910,751,712,662,808,799,368,124,924,695,556,384,757,555,671,742,445,92,387,843,731,748,597,739,910,860,389,802,949,496,832,759,707,1062,903,638,1060,758,848,527,715,678,415,670,493,640,823
"COG1918",2745,2422,2178,3447,1527,3419,4754,2958,2329,2679,2872,3252,2007,3222,2838,4363,4380,2660,1418,3560,2502,3279,3680,2898,2607,3801,3489,3240,3759,4498,3310,2269,2800,2492,3808,1517,2894,2130,3006,2814,3159,4048,3863,3391,3433,3721,3737,3597,2632,2149,3274,5361,2966,2331,2920,2514,1236,3510,3509,2243,1027,3659,2579,3551,3483,2310,3862,2369,2183,3682,956,2919,3406,3092,2365,3055,2550,3092,1708,2742,1876,2913,3159,2491,3299,3177,2492,3184,2803,3485,2672,1817,2058,2356,2037,1589,3696,3220,522,3114
"COG1921",296,224,478,253,796,83,352,667,976,157,256,114,411,145,561,104,127,957,158,75,51,190,45,548,149,64,86,274,191,211,142,257,489,565,219,182,247,88,235,221,379,50,431,143,156,424,89,146,387,215,107,153,217,319,109,107,108,189,139,641,393,128,101,88,157,269,75,487,548,196,1776,84,115,429,64,147,145,347,80,710,144,62,426,181,146,89,287,50,190,166,76,557,177,337,111,94,287,83,952,102
"COG1922",1050,801,993,389,779,1292,391,2290,668,1648,1396,754,1105,1289,965,1306,891,958,1348,427,1812,894,986,1626,997,1090,900,631,713,848,858,1859,1119,868,961,1820,1391,1946,1683,1912,1072,890,655,942,1915,2554,1979,1071,1213,1384,794,1558,1092,1129,755,1814,2057,1041,1089,953,473,1336,897,1366,1447,991,1405,779,873,597,987,1528,955,976,1609,739,942,1254,925,906,1277,1265,1201,818,1315,1072,1304,1352,982,1684,1093,851,1497,1509,1447,1107,738,613,1445,1197
"COG1923",128,70,80,70,314,127,24,36,367,114,118,169,82,138,193,604,83,292,80,52,32,106,90,270,89,68,223,108,108,58,81,89,156,260,136,42,65,93,193,181,173,85,42,110,78,111,65,58,327,100,214,58,58,127,124,75,43,228,112,65,57,152,99,192,112,132,70,527,48,70,482,136,67,87,81,105,40,165,45,74,64,40,351,13,88,112,65,53,55,54,85,69,120,86,18,178,57,60,113,82
"COG1924",8507,4164,3903,5457,2138,5571,7443,5389,4968,2860,2608,3251,3843,3964,3435,3366,3995,4501,1265,4429,4033,4205,4522,5180,3304,4436,4380,6175,3646,5846,2914,1535,4061,5517,3242,2348,2789,2106,4215,4723,4327,2689,3838,4048,2219,1791,5269,5089,3731,2808,4734,1186,4422,2351,3993,3501,1082,4846,2721,4058,4780,3035,4233,5569,3396,2414,4803,4279,8461,1610,2502,2548,1403,3510,3880,4386,2530,4886,1865,5726,1403,3894,6032,8305,1618,4324,1466,3285,3190,2449,5700,2483,5651,3621,4608,8130,3717,5391,2406,3693
"COG1925",1892,1227,1527,2096,3344,1282,1762,1072,2232,775,1389,967,1791,934,1223,763,1133,3742,627,580,951,800,983,2471,818,1332,1138,1966,1120,893,786,986,2164,1456,1445,558,786,637,809,1161,1181,393,803,1216,852,829,747,1808,1620,714,1705,488,1219,796,874,1185,405,1115,602,1755,1255,990,1112,1354,1301,1106,1077,955,1086,676,5916,681,754,1141,1124,2117,1487,928,551,1960,763,869,1674,1414,626,1303,428,1262,763,641,1373,593,597,992,1145,1577,658,804,969,1161
"COG1928",12,170,240,2,15,443,130,15,123,52,157,213,336,545,191,154,157,122,37,34,379,396,111,11,334,694,658,260,238,165,257,4,732,873,591,107,264,55,279,281,293,31,58,316,78,12,310,43,142,30,610,3,66,186,179,237,5,337,188,26,3,176,287,349,377,76,408,836,46,37,0,41,61,88,300,322,619,162,32,7,63,761,493,99,101,645,16,112,55,27,80,5,317,68,25,34,308,119,6,406
"COG1929",1409,1386,1636,2434,1564,1427,1704,1822,1490,1767,1497,1216,1229,1250,1303,1135,1454,1900,1303,1776,1301,1399,1180,1892,1578,1333,1196,1248,1412,1282,1636,1533,1412,908,1638,1438,1818,1068,1331,1022,2074,1078,1468,1811,891,1050,1305,1589,1338,1506,394,815,506,459,514,310,422,423,419,848,879,483,393,402,585,404,356,453,634,505,758,522,483,489,613,322,690,420,516,621,587,440,475,348,422,311,496,439,392,696,331,476,284,492,545,782,493,647,452,406
"COG1930",1,15,63,6,0,11,0,2,30,5,5,3,5,8,1,4,3,2,1,0,6,13,3,0,2,28,11,4,10,8,4,3,12,43,25,8,7,2,20,3,14,9,8,15,5,8,0,7,13,11,5,2,5,9,7,1,1,3,2,30,10,11,9,0,0,7,1,7,31,1,0,3,4,5,10,31,6,4,10,1,4,3,9,9,0,4,9,9,6,12,1,1,6,4,16,3,0,4,0,1
"COG1932",2411,1694,1893,1978,1744,2580,2165,1905,1717,2383,1723,2554,1867,2371,2353,1920,2377,1765,1827,2548,1933,2387,2623,1899,2176,2542,2524,2056,2211,2674,2215,1903,2077,2149,2394,1849,1959,2178,2279,2390,2723,2181,2002,2182,2453,1863,2222,1629,2396,2090,860,921,704,632,648,761,616,917,745,628,958,813,695,787,648,616,836,1034,756,556,464,589,772,930,660,859,482,760,595,672,616,722,736,689,798,821,698,648,693,791,764,527,547,670,715,1177,706,801,367,854
"COG1934",309,36,80,80,385,22,25,63,332,106,90,27,110,74,79,409,73,399,63,30,4,20,24,268,19,1,24,132,89,12,15,51,158,80,7,19,36,22,67,11,61,47,42,2,42,127,16,14,105,133,18,75,26,82,39,32,11,61,61,66,75,28,62,10,63,69,16,22,2,26,595,9,39,19,31,41,22,28,31,71,54,18,93,13,36,21,42,64,64,60,29,87,35,70,1,3,21,10,66,19
"COG1937",559,555,564,1399,814,674,1092,544,1167,348,505,696,551,553,528,404,601,1030,183,355,539,475,366,748,472,586,653,780,483,665,591,222,723,777,807,234,410,395,499,762,903,199,468,667,275,289,440,870,759,322,851,206,583,396,410,557,187,875,426,735,1277,597,454,774,548,408,706,1079,1223,423,986,515,198,703,534,568,268,828,297,1154,259,492,1223,843,317,635,243,458,403,453,830,282,642,486,601,1386,387,463,409,640
"COG1939",1407,619,482,722,209,723,896,1001,1070,301,398,582,502,726,532,393,696,586,173,282,526,512,682,331,516,828,699,765,581,739,644,192,627,938,864,303,526,317,557,812,761,252,540,777,310,234,460,631,732,399,1050,117,578,357,463,581,156,850,401,1102,432,544,624,863,547,316,888,1107,830,352,312,355,265,535,467,690,598,934,224,1059,218,646,1314,856,276,817,214,495,428,431,716,261,1156,489,608,864,488,477,394,786
"COG1940",7125,7245,7572,11024,10863,5685,6167,7323,8327,5772,7694,8721,5949,6035,6630,6864,8076,7668,6535,3353,6058,6617,4480,9058,6988,6598,6207,6507,7632,7633,5867,6920,7190,5946,7561,6061,6896,5297,6821,5083,7265,5627,7217,7623,7279,5722,7950,7685,6289,5234,6186,4366,5832,7615,6517,6518,7451,5741,7617,10325,20190,6781,6287,7082,8078,6869,6320,6705,13579,9281,8681,7883,6253,7569,5138,7471,7758,7123,7285,11415,7413,6679,6501,5837,7579,5512,6897,7361,5786,6784,5603,8868,6711,6092,6594,11628,5927,4450,8173,5351
"COG1941",0,0,0,0,1,2,0,0,0,0,0,0,0,2,0,3,0,0,0,0,0,2,2,0,0,1,1,0,1,0,0,0,1,235,0,1,1,0,0,1,0,0,1,0,0,0,0,0,2,0,2,0,5,0,2,0,0,2,1,0,0,0,2,0,0,0,13,20,0,0,0,0,0,7,0,0,0,0,0,0,0,2,30,0,0,0,0,0,1,0,0,0,3,0,0,0,1,3,0,0
"COG1942",160,52,33,21,10,11,9,153,124,29,66,1,41,14,57,6,32,128,37,5,3,9,24,115,7,5,27,38,26,13,19,13,60,7,17,15,11,25,43,24,38,14,12,27,23,46,15,6,43,31,17,15,9,38,18,27,14,10,21,201,72,20,10,7,35,11,22,10,11,31,252,11,31,15,18,18,7,22,23,68,21,7,46,6,19,15,39,15,18,5,20,56,16,40,1,5,3,1,46,6
"COG1943",6378,1536,2269,3601,3088,2190,3217,2002,2693,1886,1432,1538,1121,956,2867,823,1085,1905,968,500,1371,1680,1610,2392,1637,1484,2100,1700,1251,1928,1682,561,1387,2566,1796,916,1182,2382,1136,2428,5262,1450,2571,1791,970,1208,1722,1399,3047,1910,1792,427,1018,1639,1563,1388,1065,1259,731,4858,1948,1242,1203,3665,1588,3085,1313,1915,3630,691,2513,5240,566,1807,2433,1577,943,2371,467,2314,940,865,1519,940,1512,1112,616,1586,525,1390,3363,897,2687,2314,1537,12909,1087,1001,1307,1341
"COG1944",81,77,94,75,480,10,28,12,642,222,154,1,137,11,100,377,25,598,62,52,3,11,10,306,21,17,2,156,375,1,39,98,250,315,11,17,45,234,43,1,87,18,26,6,92,76,10,21,156,90,16,156,28,61,7,9,18,13,38,186,117,17,259,32,180,98,12,43,1,23,775,51,26,18,15,17,43,4,530,70,84,25,107,7,51,39,64,6,35,17,21,241,1299,300,1,3,12,0,96,39
"COG1945",0,43,1,0,5,7,1,0,1,3,10,0,0,15,1,0,8,1,35,0,5,0,3,1,7,25,34,0,3,1,1,2,8,72,11,5,12,2,14,12,3,1,0,5,2,3,1,4,29,8,6,0,8,20,48,8,9,31,0,0,0,4,9,2,2,6,10,15,0,4,0,0,5,2,3,7,14,14,2,0,17,3,6,1,24,20,9,0,9,0,5,9,14,23,0,1,1,1,0,1
"COG1946",23,34,129,129,452,4,6,73,326,38,88,114,100,3,91,20,58,360,31,14,1,0,4,553,2,0,0,100,61,157,24,62,135,78,5,13,20,26,32,0,63,7,2,4,37,50,3,9,78,11,0,82,5,27,0,5,13,23,48,122,870,1,12,5,37,103,2,25,389,12,459,9,16,49,3,9,12,3,29,250,46,8,61,11,24,14,18,8,10,24,9,95,1,37,1,296,5,9,50,16
"COG1947",2251,1494,1715,1870,1572,2315,2302,2134,1951,1576,1529,1726,1352,1867,1895,2316,1649,1712,1049,2407,1620,1692,1937,2110,1547,1898,2168,1881,1782,2305,1659,1145,1801,1465,2186,1264,1565,1410,1884,2028,1905,2224,1593,1953,1458,1116,1890,1971,1959,1756,1925,2085,1787,1350,1615,1679,1105,2197,1751,1805,2383,1515,1639,1707,2000,1898,2174,2202,2458,1775,1090,2086,1147,1902,1710,1853,1387,1732,1128,1861,1302,1674,2013,1718,1487,1834,1144,1382,1620,1452,1914,1347,1384,1587,1599,3134,1652,2353,939,2138
"COG1949",279,45,140,117,615,26,32,129,364,88,109,66,126,58,116,36,72,482,79,21,3,11,16,676,18,2,11,127,119,242,25,64,162,97,8,25,30,19,52,11,76,30,31,6,64,114,11,23,99,104,6,115,15,110,37,14,22,58,59,108,746,8,42,27,66,94,20,35,492,23,762,7,35,83,24,26,16,11,36,465,88,17,93,17,33,25,59,50,44,57,27,84,29,53,3,521,20,22,84,21
"COG1950",349,1,11,15,96,1,13,112,67,0,0,0,2,0,32,4,8,10,1,7,0,3,22,19,25,4,3,1,3,6,1,2,1,28,7,2,4,0,1,17,129,0,0,0,1,0,8,6,23,18,9,6,17,15,18,4,1,10,10,173,25,2,3,40,2,1,82,44,59,0,4,6,0,47,3,1,0,14,0,53,2,8,3,0,0,41,1,2,3,0,0,0,400,1,4,2,1,11,2,56
"COG1951",2794,2535,2787,2609,2736,2857,3345,2435,2412,2763,3325,2243,3163,2990,2460,2732,2647,3271,2381,4003,2502,2576,2464,2940,2050,2865,2687,3179,2685,2977,2297,2494,2607,2028,1978,2340,2389,3076,2783,2725,2227,3886,2744,2105,2998,3417,3304,2931,2419,3186,2294,4582,2817,2311,2254,2507,2214,2367,2713,1513,1482,2385,2716,2522,3044,2688,2831,1310,1525,2946,3506,2965,2302,2248,2757,2562,2436,2323,2546,2144,2530,2300,1821,3189,2527,2966,2992,2920,2949,2385,2762,2192,1704,3764,2872,1777,3421,4002,2094,2602
"COG1952",237,62,160,64,509,19,24,44,461,108,143,52,162,61,86,887,73,434,83,28,25,18,44,296,29,31,121,269,106,19,82,72,168,101,20,38,38,50,61,27,50,27,22,4,98,136,9,45,111,92,29,93,24,125,130,87,20,62,30,80,89,27,95,80,119,105,85,20,3,30,779,7,57,26,22,48,33,369,28,64,185,14,95,15,50,97,63,28,60,51,35,73,32,66,54,2,13,12,91,144
"COG1953",54,238,217,151,577,59,207,266,181,67,167,33,142,13,121,25,35,501,135,10,28,41,10,334,13,6,17,99,67,34,33,213,339,173,27,87,93,38,114,26,228,70,111,26,105,160,19,37,149,393,107,54,59,111,56,24,65,115,91,61,97,20,30,6,43,90,18,22,262,39,1374,17,124,75,15,91,71,21,75,12,60,20,133,79,50,29,261,44,55,101,31,218,48,67,76,11,48,13,389,35
"COG1954",182,166,181,136,457,217,422,182,442,56,248,136,389,192,218,123,246,613,119,176,217,205,60,328,127,137,184,334,208,89,119,118,375,220,274,133,106,91,94,198,146,83,279,368,128,218,183,177,252,167,192,66,159,209,101,303,93,319,135,221,259,141,124,129,170,129,98,112,46,220,833,85,118,330,204,227,81,194,151,486,141,113,239,252,125,208,85,227,90,118,109,182,125,266,74,211,150,108,325,211
"COG1956",487,535,480,165,507,251,170,465,347,393,673,457,401,374,474,382,474,477,548,704,451,347,240,447,554,294,293,468,508,470,461,630,482,301,611,550,532,420,464,278,376,677,527,586,717,446,635,297,571,466,330,357,370,572,526,452,330,274,624,744,278,542,340,359,544,462,196,145,304,662,524,590,645,394,329,230,487,343,444,314,529,542,217,232,837,363,567,533,477,616,259,652,271,522,265,23,271,158,539,473
"COG1957",2652,528,1308,1400,2246,247,678,1561,768,253,577,814,524,263,743,209,438,1743,565,108,135,235,337,1361,431,641,215,506,474,752,274,734,1087,893,601,240,371,148,351,282,924,84,332,361,581,783,257,823,651,678,1288,313,627,514,434,309,369,450,481,2537,6327,278,298,733,347,346,426,1882,2485,244,4649,180,486,840,398,402,273,260,184,3111,326,306,1249,603,220,321,319,217,429,718,203,721,1177,503,715,3089,173,244,1245,464
"COG1959",3243,1875,1715,3250,1692,1916,3075,1953,2993,891,1399,1766,1503,1551,1658,1244,1954,2630,533,1111,1312,1205,1332,1344,1281,1772,1838,1990,1579,1882,1735,905,1632,1947,2121,760,1026,839,1476,1785,2195,627,1232,1847,1070,968,1401,2149,1793,1028,2105,462,1927,1152,1121,1371,698,1868,918,3032,1281,1546,1410,2146,1188,1288,1970,2554,2567,852,2392,1190,789,2020,1388,2461,1559,2164,678,3126,519,1130,2280,2301,740,1760,624,1492,1249,926,1912,665,1277,1081,2520,2452,913,1160,1165,1502
"COG1960",513,3075,2935,898,4790,2648,2279,3537,2757,3282,3277,2710,4368,3681,4568,2277,3134,4242,2915,3055,3060,3840,2736,3451,3372,3105,2963,3458,2801,3283,2565,3611,3644,3069,3199,3956,3109,2617,3532,2967,3492,3669,4282,3686,3785,3452,3194,2523,3760,2968,2388,4404,3359,3217,3176,3124,2512,3242,3984,1831,955,3019,2390,2208,3618,3504,3084,2194,5009,3172,5039,3294,3590,3144,3146,3858,2816,3434,3123,1827,2853,2806,3243,3503,3755,2960,3793,2871,4114,3631,2284,3438,2566,3936,2271,2244,3201,3235,2712,2761
"COG1961",10392,18567,16166,32454,11910,24640,23826,12999,17742,12489,13350,22874,19914,20027,21333,14465,24538,22693,7957,9561,20233,22698,16303,6546,20292,29943,29612,22512,17229,14829,25181,8226,20867,39128,22636,10753,10086,9658,25670,28378,18909,8814,16552,26024,14885,7177,17878,30427,27510,11123,34368,4858,24123,16092,20585,27153,14887,27605,15295,14650,8227,22623,24262,32619,14406,13873,18712,52658,12933,11219,11753,8732,18264,28049,18741,35034,14295,24788,12005,24553,10216,18791,38131,30681,13847,25917,7754,21192,17524,9541,13959,8707,36546,11165,18555,13135,11185,13369,8773,26792
"COG1963",156,207,123,14,71,307,209,53,316,77,107,103,251,185,188,97,161,198,61,65,170,240,271,109,187,364,385,210,131,158,144,63,427,453,405,156,157,55,154,250,121,67,264,206,221,174,244,107,130,140,533,33,125,222,156,345,81,220,109,108,23,125,128,410,289,115,344,395,108,104,151,102,185,159,173,501,499,564,49,152,64,283,606,181,104,310,77,164,161,176,136,182,502,165,39,183,206,166,236,371
"COG1964",0,92,372,1488,6,50,514,30,86,58,72,15,11,49,43,19,110,226,49,13,15,41,24,9,39,12,43,19,87,40,54,21,40,388,93,50,39,26,75,50,51,13,52,52,50,33,23,29,76,91,43,31,53,70,76,45,18,56,22,551,122,37,61,46,45,40,60,89,7,24,0,36,15,125,63,161,8,44,32,113,21,40,58,108,27,15,17,91,23,39,58,14,42,89,107,79,35,77,0,23
"COG1965",207,19,28,30,215,15,23,18,255,68,63,9,61,26,30,25,43,227,31,16,3,7,13,140,17,0,11,69,44,7,15,42,93,53,8,20,13,17,31,16,37,29,22,2,45,71,7,6,75,53,18,36,14,66,18,14,8,26,36,65,43,8,41,10,29,52,10,8,0,10,371,8,26,9,34,28,14,14,20,28,38,7,48,6,14,20,22,42,23,24,27,68,19,34,0,7,12,2,37,11
"COG1966",3818,3417,2509,835,4038,4298,4731,5529,4153,3617,3189,3001,3815,3862,4231,4742,4307,4343,2486,3951,3621,3426,3260,4197,3020,4525,4079,4396,4016,4847,3154,2426,3874,2814,3320,2708,3105,3059,3426,3804,3809,3951,3120,3493,4303,2281,4192,3825,2977,3894,3610,4009,3658,2575,3033,3534,2069,4777,3381,1355,4640,3057,3720,3350,3931,3407,4540,2802,4208,3290,3801,4708,3880,3547,3536,6428,2608,3552,2774,4352,2419,2925,3573,4549,3363,4325,2934,3371,3814,2688,4414,2676,2402,4050,2380,7279,3408,4972,2359,3885
"COG1968",2215,2028,1879,2602,1740,2651,2820,2307,2009,1852,1988,2309,1775,2203,2242,2751,2199,2097,1612,2608,2140,2253,2318,2399,2070,2394,2492,2419,2030,2564,2234,1489,1804,2487,2862,1741,1859,1494,2176,2390,2439,2381,2175,2352,1989,1365,2517,2225,2242,2082,764,818,698,595,740,640,440,716,736,811,746,734,549,937,923,728,1070,891,919,839,392,874,666,843,701,638,650,805,502,859,546,709,923,688,746,845,582,738,696,676,698,493,908,634,764,894,773,906,460,963
"COG1969",390,107,85,89,734,228,21,70,104,471,111,52,181,100,155,21,73,357,88,20,20,281,16,565,48,40,76,128,110,81,16,128,368,263,39,80,74,249,114,286,178,193,88,9,104,134,317,27,116,353,75,81,64,162,65,43,110,152,173,133,105,106,122,101,104,285,51,70,55,52,626,489,72,80,286,69,50,141,92,19,103,70,38,19,146,16,148,71,114,71,363,79,78,310,4,1443,81,249,78,14
"COG1970",712,967,716,411,848,1008,482,853,908,838,502,1168,590,748,1004,1117,783,477,862,952,796,763,1115,558,910,856,929,567,968,517,833,905,740,1154,977,602,813,822,928,797,988,610,556,821,808,637,795,509,1012,762,1001,1075,662,724,791,914,803,962,763,764,1655,1018,729,879,884,730,1277,1313,1442,938,290,1012,614,816,565,595,666,1087,679,1025,911,722,1358,742,902,974,853,923,637,910,780,978,1280,730,657,1367,717,795,611,1387
"COG1971",925,1226,1157,1190,1068,1277,1608,1003,2001,712,1466,1309,1390,1254,1171,583,1304,1079,1143,610,1406,1509,1009,674,1274,1544,1470,1646,1110,1441,1129,1107,1319,1395,1883,877,1184,1380,1241,1251,1412,934,1119,1379,1483,1229,1025,1718,1338,922,1915,305,1531,1081,1074,1377,1317,1203,1180,816,1177,1365,1094,1968,1065,1126,1309,1835,1736,919,766,614,1220,1301,1133,1820,1522,1554,1046,1470,1108,1115,1612,1589,1153,1555,1190,1617,1311,1268,1490,1098,1922,1280,1736,715,921,662,1119,1249
"COG1972",1095,174,380,334,1844,287,57,163,1527,536,309,89,465,76,489,100,72,1314,322,50,98,330,32,1256,63,111,71,348,443,75,87,445,653,465,95,221,150,242,471,242,353,223,501,31,320,404,108,110,550,330,94,241,136,572,240,150,180,213,235,1270,546,133,188,94,222,711,34,46,182,245,2165,438,151,113,208,146,102,193,279,236,462,64,433,109,292,88,354,163,185,101,264,714,69,716,33,1434,207,208,542,89
"COG1974",2911,1560,1157,1631,3521,1886,1455,2119,2333,730,1533,1424,1442,1188,1801,1849,1260,2538,490,1034,1233,1234,1020,2022,1110,1616,1669,2029,1567,2097,1533,752,1776,2194,1481,601,782,561,1179,1620,1653,696,1306,1219,1242,593,1091,1577,2101,797,1826,776,1481,1072,1035,1251,581,1755,1032,1286,2991,1139,1435,2180,1934,1428,2100,2710,2268,1076,3703,2110,1324,1559,1058,1883,1103,3038,508,2240,1000,1756,2543,1761,936,1526,350,1460,1433,635,1451,470,1881,787,1595,2220,842,1276,397,1634
"COG1975",1189,1086,1388,1917,1544,1082,2330,1733,1396,1072,882,548,1227,868,1128,380,1395,2079,411,481,658,659,482,1980,751,635,632,1509,831,997,676,591,807,1145,1056,686,587,599,715,924,942,429,825,982,879,763,798,1634,893,1024,411,285,1232,636,748,872,427,1035,559,1977,1193,676,759,1007,468,1338,579,1386,2287,625,2953,1043,480,1077,1201,2001,323,1038,361,2038,402,451,990,1762,539,604,432,894,990,793,1191,414,610,1199,1009,3918,409,1206,836,542
"COG1977",108,12,21,33,118,3,14,34,87,37,29,7,40,25,23,8,40,109,17,4,3,6,8,62,5,1,14,45,30,10,2,26,51,33,1,8,11,13,25,9,15,25,15,0,16,39,1,2,31,55,9,22,12,25,18,18,7,18,20,27,25,14,19,8,26,23,8,6,0,4,190,6,19,7,22,14,1,18,13,18,19,4,11,4,14,7,30,26,27,19,9,30,11,27,1,2,4,3,32,4
"COG1979",1823,1886,2988,3478,2134,1655,2166,1716,2566,2720,1872,2181,2650,2499,2088,1981,2454,1924,3040,600,2251,2411,1462,1268,2326,1868,1369,2138,2465,1801,2447,3415,2024,1662,2405,3679,2629,3505,2419,1873,2641,1626,3404,1924,2825,3439,1590,1984,2743,2590,1905,1186,2839,2947,2587,2381,3527,1456,2160,1721,2780,2366,2346,1676,1441,2486,1447,2618,2512,2207,2389,1589,2862,2501,3003,2431,2365,2590,2952,2418,2870,1926,1000,2856,2692,1565,3891,2734,3261,3834,2421,2628,2251,3533,2709,2348,1948,1089,3753,1032
"COG1982",4611,2524,2943,6131,4917,2385,4696,3925,4407,1961,2519,2170,3318,2393,2553,1737,2807,6844,1139,1541,1767,1618,2076,4316,1503,2749,2283,3983,2623,2596,2262,1608,3830,2789,2282,1421,1778,1361,2285,2412,2658,990,2186,2170,1873,2010,1511,3272,2562,1721,2662,1353,2466,1998,2058,2073,821,3994,1549,4934,3091,1965,2503,2630,2431,2283,1955,3321,3694,1383,8720,1926,1009,2036,2580,3614,1425,2547,1355,4686,1413,2028,2750,3330,1203,2893,1366,1924,1988,1822,2884,1398,2088,2609,2356,4895,1362,2243,2685,2561
"COG1983",99,167,517,38,240,231,111,113,373,411,400,498,208,358,305,121,341,214,609,35,226,316,186,101,455,265,258,258,482,266,484,612,249,371,441,398,388,527,397,291,324,397,380,380,689,496,276,226,581,283,274,123,439,483,274,356,554,355,400,456,221,523,336,341,210,474,140,138,118,296,227,156,671,368,340,296,391,323,559,251,589,336,339,189,666,231,566,609,496,569,295,377,270,452,329,57,263,62,304,190
"COG1984",285,180,473,886,591,135,303,115,643,110,314,221,289,257,201,141,253,577,91,147,128,166,66,340,160,293,305,454,236,245,723,212,414,212,475,137,68,59,151,147,891,41,80,119,82,212,136,113,471,151,135,133,241,122,173,83,77,260,101,637,1057,165,141,148,148,137,202,633,238,254,765,53,146,411,205,107,92,332,69,218,144,153,280,220,174,109,67,581,127,135,112,108,133,174,114,232,78,183,122,110
"COG1985",1690,2120,2048,1014,1234,2116,2002,2749,1915,2481,2350,1906,1527,1944,1898,2847,2421,1680,1764,2923,1807,1857,1920,2019,2108,1819,1864,2129,2276,2184,2110,2163,1771,1030,1954,2466,2100,1912,2114,2071,1542,2840,2333,2159,2207,1587,2592,2060,1912,2128,1374,2210,1516,2193,2097,2001,1363,2267,2101,824,689,1916,2035,1755,2176,2176,2240,947,1354,2605,1050,2590,2348,1780,2238,1654,1288,1927,2070,1157,1986,1765,1367,1813,2288,1565,1837,2040,1797,2265,2184,1871,1464,1992,1075,2242,2333,3296,1811,1442
"COG1986",6,38,61,66,274,130,2,6,142,37,85,1,146,4,57,30,7,306,38,0,3,1,0,298,8,5,65,112,44,8,13,46,184,253,6,9,6,6,24,113,38,5,5,4,48,44,6,17,77,2,62,36,10,32,22,18,9,49,21,43,66,2,5,96,107,92,131,8,0,17,564,2,21,11,1,14,14,175,12,43,39,2,324,4,24,44,15,7,18,4,16,66,107,38,0,2,40,5,41,143
"COG1987",544,188,89,37,209,199,190,68,314,24,136,111,203,131,96,233,170,295,59,71,91,113,293,122,83,348,182,341,183,86,116,52,193,89,260,34,131,72,70,178,67,36,54,174,34,77,89,545,157,116,330,45,146,70,138,150,29,82,20,33,33,109,208,132,208,60,121,26,69,53,349,35,25,47,225,38,379,72,66,122,74,166,132,171,60,288,74,106,44,45,161,112,97,98,147,28,118,48,145,153
"COG1988",687,203,167,73,779,25,89,43,292,71,131,64,228,56,132,40,82,636,108,8,66,105,91,326,48,55,43,152,118,28,44,139,261,241,71,51,72,48,144,94,104,21,30,56,95,85,77,79,227,58,135,81,58,71,86,48,38,68,49,323,119,45,114,248,232,83,43,36,292,44,976,39,39,84,59,67,41,79,27,381,140,113,189,58,67,38,66,67,52,198,16,244,55,149,66,154,99,25,219,28
"COG1989",1291,539,408,706,1615,602,412,452,1067,209,366,373,359,460,400,362,427,1159,236,117,251,392,603,713,330,631,539,784,552,264,129,234,937,735,582,140,265,220,308,567,256,112,96,389,204,201,528,1346,530,193,963,209,399,235,282,363,144,514,170,742,400,257,752,1159,537,411,1001,520,418,210,1207,320,140,259,613,163,366,292,154,972,146,791,857,459,235,571,108,167,185,284,225,276,1051,275,423,819,329,282,337,517
"COG1990",0,35,0,0,28,44,58,68,77,39,17,33,85,59,43,24,89,64,0,58,100,36,43,22,61,74,78,67,54,73,67,0,52,142,73,24,1,14,43,14,89,19,15,85,114,1,57,43,248,8,29,0,98,33,22,89,0,82,6,3,0,83,49,68,31,43,61,33,68,22,0,37,112,45,44,186,0,53,23,146,24,53,43,122,13,52,12,89,113,0,56,0,34,7,85,62,21,71,0,49
"COG1992",2,1,3,2,4,29,23,1,9,4,0,4,9,27,18,14,7,9,0,69,40,26,14,15,18,39,37,4,9,19,5,12,30,16,38,2,5,2,87,32,15,26,53,14,4,2,16,18,28,34,11,0,47,42,58,27,0,32,27,142,11,40,4,19,4,9,0,24,1,9,1,3,2,45,26,14,2,32,0,11,7,17,32,10,89,12,24,2,26,17,1,0,18,0,7,0,0,38,0,14
"COG1993",0,1,13,1,11,37,0,2,4,17,7,1,0,2,58,2,6,17,32,2,18,18,43,1,29,9,55,7,52,37,22,33,0,24,8,22,16,18,103,69,88,7,35,4,31,29,19,4,115,5,11,30,25,20,35,12,35,11,38,1,0,32,19,7,22,14,0,3,13,7,1,3,23,12,14,36,24,26,36,0,27,23,2,6,25,16,23,21,16,54,9,0,5,40,0,2,50,3,67,21
"COG1994",512,410,192,633,406,448,357,371,433,276,246,520,260,488,531,347,481,265,54,432,194,454,328,248,480,528,528,324,380,514,401,132,552,1764,700,168,217,145,439,527,1102,145,288,509,293,132,586,201,532,266,653,55,360,343,289,401,112,841,423,188,85,456,329,1028,297,266,706,1392,639,167,7,266,228,710,297,781,100,1259,117,391,155,489,1525,313,164,515,197,281,309,181,287,176,1258,157,686,572,193,287,215,704
"COG1995",730,913,879,170,1449,1370,913,1438,987,1811,1297,1281,1472,1249,1249,1757,1607,1187,1213,1738,1406,1501,1775,1603,1269,1307,1152,1221,1315,1856,1081,1700,1061,647,1298,994,1275,1691,1443,1270,1014,2160,1404,1152,2011,1854,1622,1873,1173,2032,831,3423,1352,1181,1288,1213,1116,1257,1868,242,293,1394,1085,1420,1318,1645,1440,595,1076,1711,1291,1186,1670,1335,1359,1092,666,1447,1218,630,1427,1172,752,1409,2210,1637,2114,1699,1570,2003,1190,1904,862,1719,842,1850,1605,2114,1416,1863
"COG2000",38,89,371,1379,143,158,393,17,102,70,123,174,36,265,239,107,143,119,136,16,131,320,363,6,288,203,469,71,149,99,85,212,117,894,284,70,101,73,325,157,1135,64,206,180,27,224,238,139,490,204,383,25,213,223,168,125,188,363,159,843,297,218,121,347,84,160,273,1014,162,84,639,34,153,193,111,474,88,515,44,115,137,66,487,156,219,41,122,99,149,157,86,53,102,193,192,118,120,107,137,60
"COG2001",1175,1222,1054,1234,1142,841,986,793,1177,761,925,1045,998,1176,954,862,1098,1097,1199,308,924,974,807,576,1133,938,977,990,1047,899,1250,979,1037,1358,1445,869,981,1080,777,1055,1316,497,797,1245,858,1074,673,1023,1261,797,1221,224,1028,1192,936,971,975,1074,989,856,1510,1111,914,1047,854,540,1156,1304,1528,711,970,367,787,1131,1138,759,862,1150,927,1162,904,1162,1410,1013,1139,932,825,952,848,1236,1068,997,1677,1003,1041,637,686,351,721,875
"COG2002",622,768,863,1472,614,955,1166,439,1256,196,616,814,789,911,598,583,981,1030,220,440,617,707,776,188,823,1143,1476,1235,839,567,805,197,931,1700,1268,290,498,248,682,1127,1512,166,474,946,438,279,658,1216,1029,408,1376,118,876,430,674,740,257,1054,489,863,369,834,1027,1431,784,361,1300,1512,672,321,658,272,394,768,538,1590,486,1868,400,1181,365,987,2003,1150,340,936,192,702,602,465,673,148,1439,394,958,558,463,494,295,1219
"COG2003",1917,2087,2028,1522,2236,2184,1897,2575,2315,1651,2569,1605,1926,1998,2535,3079,1916,2429,1962,4096,1995,1835,2109,3114,1964,2220,2365,2579,2491,1893,2000,1551,2083,2370,1843,1608,2479,1845,2379,2584,1614,2469,1689,1824,2731,1868,2461,2656,2825,1603,2168,1744,2135,2336,1493,1761,2065,2816,2185,1750,963,2092,1772,2418,2271,2360,3002,2231,1925,4150,3045,2140,1357,1836,2420,1645,1720,2553,1762,1850,1582,1930,2776,1847,2287,1992,1974,1590,1625,2236,2118,2196,2548,2382,2391,2210,2919,2608,2019,1821
"COG2005",345,98,127,109,497,79,208,220,482,111,136,55,123,155,334,89,153,389,136,52,27,109,52,385,95,40,140,157,172,121,68,173,209,246,107,82,103,77,154,111,194,97,129,112,127,170,40,50,264,149,106,119,70,126,124,138,36,192,144,141,148,101,168,70,109,145,63,256,385,66,1224,29,82,71,146,139,45,203,49,105,129,50,228,34,42,138,162,140,64,218,103,124,103,205,17,103,42,30,132,95
"COG2006",485,941,858,1758,422,764,652,192,374,963,294,208,252,232,509,93,277,391,993,70,690,676,246,403,657,476,370,174,551,214,263,560,747,640,437,592,529,665,588,526,424,339,372,276,236,509,476,291,413,642,376,50,350,566,765,417,908,334,592,700,281,265,440,540,200,755,154,752,375,133,212,1033,291,598,650,489,830,499,727,843,552,418,644,262,419,178,468,321,346,257,749,921,375,483,556,2461,342,471,688,122
"COG2008",785,1630,1999,1767,1398,1726,2028,2167,1297,2079,1461,1899,2113,1786,2062,1044,2245,1608,1823,2191,1812,1806,1002,1122,1760,1363,1846,1665,1786,1522,1755,2005,1763,1318,1546,2188,1904,2296,2167,1666,1748,2683,2115,1647,2241,2107,1502,2133,1851,1589,1452,654,1916,1879,1882,2022,1611,1833,1578,1302,2365,1647,1802,1436,1068,1724,1496,1237,2556,1176,1366,1237,2188,1773,1974,2374,1614,1662,1925,1788,1977,1556,1829,1974,2002,1227,2420,2367,2095,2246,1675,1850,1356,2068,1800,2427,2448,2848,2185,1035
"COG2009",156,83,63,45,372,134,34,27,228,259,137,50,93,52,123,46,76,300,69,16,12,18,32,362,26,2,30,106,84,53,7,62,124,87,21,59,58,140,56,140,41,121,69,7,71,135,60,28,130,238,25,66,17,111,55,20,56,70,57,47,75,26,78,45,83,211,35,23,43,67,474,264,51,20,174,59,40,80,19,36,50,16,69,14,91,29,84,77,72,43,171,137,54,152,0,802,27,116,96,23
"COG2010",2,1,0,1,436,4,4,0,134,4,5,2,3,31,0,34,25,26,9,0,0,107,3,0,2,0,0,5,1,15,23,8,443,36,6,9,7,7,26,0,74,6,0,5,5,8,297,7,20,4,4,6,0,4,7,1,5,94,31,65,4,2,5,1,1,28,26,56,0,6,0,0,5,0,9,15,2,0,2,16,7,5,71,0,12,2,11,5,1,0,0,6,11,20,0,2,37,1,2,9
"COG2011",2025,573,711,1123,967,584,1073,1514,1571,492,478,643,668,794,796,1967,663,876,287,265,580,713,462,887,560,859,942,695,490,689,435,337,1130,690,938,477,371,305,570,680,1452,352,682,623,470,591,598,455,1038,710,975,322,587,647,413,636,226,940,604,2236,2692,399,559,590,673,436,1016,1522,1921,302,1123,512,447,666,595,1014,904,653,330,1534,276,534,1244,665,407,757,320,544,532,465,538,399,477,630,366,2349,459,587,537,588
"COG2013",209,182,318,514,75,148,383,112,269,47,131,100,121,115,108,122,117,134,58,170,119,92,149,239,89,188,105,203,158,79,193,52,184,175,218,87,75,62,146,213,131,43,139,242,59,106,53,167,169,75,760,76,418,345,413,189,240,1080,357,1961,1431,564,627,692,677,196,1038,490,553,617,314,222,118,653,373,321,116,240,158,976,112,1071,352,510,113,917,129,527,327,250,453,95,352,367,505,860,595,262,271,1189
"COG2014",0,2,4,0,0,9,0,0,0,1,0,3,0,5,0,2,1,0,2,0,1,16,3,0,1,1,0,0,1,4,0,3,8,119,11,1,1,0,1,2,3,1,0,3,0,0,3,1,1,0,4,0,0,3,1,3,8,2,1,0,0,1,0,1,0,0,16,52,0,0,20,0,1,4,0,1,0,1,0,0,1,0,8,0,1,6,0,0,0,0,0,0,1,0,0,1,1,0,4,2
"COG2015",89,291,362,1459,1276,442,1203,436,106,409,476,379,658,333,351,135,124,1118,374,187,467,413,308,407,313,667,399,557,335,285,370,585,798,789,207,328,538,66,497,273,323,144,183,196,374,278,625,199,572,254,327,233,367,251,200,326,127,559,244,774,553,219,160,485,227,334,210,424,136,100,1237,19,438,670,261,1620,187,173,179,586,378,722,481,953,254,321,348,435,420,194,465,689,267,283,638,122,337,515,775,333
"COG2017",5112,6762,5530,4187,4258,6211,5425,5781,4610,6315,5979,7146,6192,5715,4918,5681,6121,4718,6896,7601,7762,6951,5537,6287,7203,5437,5848,5581,5735,6135,6455,6527,5264,4393,6034,7303,7730,7022,5750,5096,5488,7619,5374,6925,7495,5808,7555,6100,5121,5549,5633,5219,6154,7598,6445,6560,7283,5535,5676,4734,4327,6756,6590,5557,6627,5455,5805,4582,4216,6319,3303,7698,7574,5388,7237,6029,7112,5268,6715,5416,7703,6833,5047,5993,6598,5596,7070,7078,6558,5974,6719,7265,5736,5407,6503,6060,6322,7396,6927,5365
"COG2020",13,9,0,0,195,16,37,216,103,3,27,9,20,20,44,15,9,108,7,13,57,69,10,19,11,9,18,4,8,65,9,33,132,16,13,2,9,29,168,22,60,13,3,117,13,21,84,39,11,70,11,1,35,2,8,23,0,67,65,54,3,10,155,77,12,20,31,44,360,11,0,24,5,40,5,44,2,17,0,123,2,5,245,6,2,15,1,3,14,4,31,5,70,6,9,21,92,18,0,11
"COG2021",9,6,5,0,507,72,29,2,197,43,10,2,7,160,129,94,22,11,0,26,5,73,28,0,38,342,41,38,29,32,21,5,308,392,42,10,4,16,194,120,18,55,156,27,8,1,268,7,96,8,31,1,47,50,147,79,0,225,205,49,2,7,69,25,22,18,53,123,3,14,3,15,6,126,55,41,4,128,0,1,3,68,115,1,77,43,6,4,68,1,16,3,97,23,0,0,82,19,0,53
"COG2022",742,1028,1130,1502,1098,934,1243,1300,859,1278,1269,1144,1029,1042,1159,1077,977,1011,886,641,886,1012,810,1234,1009,951,709,1238,1215,1186,924,1195,948,407,1164,1351,1270,1228,991,977,704,1192,1344,1066,1142,1110,1055,1170,959,677,827,406,1127,1042,980,828,956,802,1328,789,2111,1018,992,882,956,1116,763,509,1509,1142,686,1111,1041,1016,1118,868,816,976,1168,1075,1011,1310,458,1196,1020,867,1269,935,1382,1403,1272,920,651,1390,990,1842,1067,825,956,652
"COG2025",664,2017,1765,412,2079,2330,2032,1819,1731,2028,2917,1568,2465,2610,2835,1856,2223,2018,1823,2383,2143,2855,2015,2344,2311,2534,2582,2074,2040,2394,1649,1925,2298,2314,2766,2295,1863,1357,2817,2489,2338,2643,3122,2924,2178,2101,2625,2084,2749,2244,2012,2816,2437,2297,2484,2327,1569,2712,2933,831,506,2047,1811,2438,2213,2627,2666,2298,2310,2133,2607,2127,2100,2397,2316,3193,2062,2372,1857,1234,1532,2187,2103,2226,2240,2204,2112,1927,2732,2144,1589,2143,1886,2422,1512,2606,2377,2453,1848,2036
"COG2026",140,79,106,169,1142,22,71,6,155,43,114,36,11,58,800,40,92,362,109,4,6,58,189,276,41,107,179,71,41,135,67,91,88,472,99,78,105,97,46,47,73,12,26,23,107,110,53,119,238,61,85,103,25,49,9,54,22,45,43,95,292,25,65,138,88,148,53,52,151,43,149,12,51,132,50,456,46,93,40,187,155,89,267,40,80,100,61,102,26,15,81,189,27,45,267,125,42,49,254,40
"COG2027",605,1467,1660,418,1609,498,428,587,932,2002,1830,908,1240,1132,1016,1115,1056,1480,1847,501,1324,1028,1203,1018,944,905,544,1026,1005,1178,1530,1856,962,694,314,1653,1118,1836,913,780,592,1116,1364,511,1663,2042,609,666,924,1011,414,2694,1094,1818,843,1247,1369,679,1112,345,2930,1084,1145,875,555,1639,201,278,1361,776,1293,505,1026,931,1523,632,1126,590,1884,872,1591,824,410,1126,1349,666,1770,1098,1360,1187,1344,1515,653,1555,1255,1303,697,307,1726,423
"COG2030",544,865,1211,746,1724,587,341,1611,603,727,920,2113,773,563,1375,1039,1016,348,981,1196,772,846,1123,2046,808,340,547,482,985,1533,751,1161,485,251,864,973,1005,1370,698,828,898,1158,980,752,1220,1116,1036,552,871,942,505,1475,875,915,695,830,1141,586,1379,646,10499,1098,698,678,925,859,871,469,6568,1259,399,1099,1117,1353,959,620,873,803,911,3172,1219,717,450,605,1255,826,1488,1198,850,1404,681,796,640,851,726,5172,954,1001,1220,901
"COG2031",120,338,186,49,613,133,83,19,391,73,198,53,191,44,94,34,52,403,125,9,88,131,81,309,150,61,133,153,175,159,72,104,155,392,119,174,281,54,278,299,72,78,355,55,115,370,25,102,453,67,64,153,170,511,127,109,143,513,135,67,138,116,77,56,122,117,27,97,989,159,799,27,102,122,66,278,229,86,157,46,124,55,45,69,75,34,638,105,102,267,58,336,67,279,37,57,151,23,444,39
"COG2032",119,58,171,134,346,52,26,10,245,49,97,33,118,51,102,19,6,400,82,16,14,82,22,200,16,57,19,95,49,38,24,128,132,98,24,32,47,26,61,53,51,23,42,13,52,166,63,46,121,68,87,37,47,79,30,17,79,82,27,188,230,32,9,31,39,43,42,279,59,23,1534,27,53,55,4,92,67,15,21,91,51,31,42,41,55,32,47,12,52,65,27,93,21,54,32,32,12,12,216,22
"COG2033",178,270,189,181,164,546,488,688,343,311,156,189,181,165,613,902,166,233,81,723,160,153,297,795,170,219,493,241,237,519,149,140,214,432,226,164,161,243,367,430,271,358,307,228,213,175,376,619,344,375,171,455,202,258,185,211,169,432,270,340,86,181,197,367,327,334,700,189,718,516,223,826,170,219,335,508,107,669,152,224,126,137,521,330,150,194,187,160,155,180,326,112,265,295,123,955,554,861,294,388
"COG2035",853,170,564,185,503,566,277,157,814,268,813,654,269,597,680,320,224,202,284,223,769,913,316,209,559,793,540,665,433,605,272,444,912,1438,528,234,278,204,719,980,548,668,877,621,373,216,485,612,692,387,1353,236,413,521,580,640,239,667,607,422,511,534,632,1529,547,843,808,839,368,466,569,232,290,693,448,354,460,1132,257,312,258,845,1138,382,315,932,298,559,282,376,381,379,2184,465,155,873,347,199,500,764
"COG2038",1217,1619,1511,1096,1218,1448,1684,1529,1466,2301,1210,1431,1962,1664,1493,639,1871,1821,1464,463,1420,1713,929,1387,1506,1349,1045,1278,2424,1528,1831,1626,1612,1302,1729,1925,1749,2341,1523,1514,1382,1215,2008,1932,1662,1983,1520,1446,1562,2042,1270,518,1850,1573,1590,1531,1964,1686,1358,1165,745,1694,1488,1280,932,1677,820,1973,1821,1335,1241,1944,1803,1298,2136,1958,1473,1538,1202,1321,1500,1651,1117,1904,1902,1324,2004,1523,1858,2076,2451,817,1259,2238,1666,3794,936,1141,1692,920
"COG2039",749,137,187,142,286,91,313,440,500,349,193,292,136,122,159,57,154,172,83,78,45,100,48,457,116,116,91,177,145,268,121,106,235,164,182,129,101,18,132,113,356,65,208,176,110,75,90,76,149,56,64,93,103,295,117,229,74,245,145,232,1886,77,145,169,109,76,85,493,920,197,30,37,38,205,173,88,39,140,24,1023,36,190,249,49,74,200,67,138,64,258,61,87,111,193,73,802,76,96,174,112
"COG2040",388,891,127,37,166,78,76,482,211,81,348,93,326,141,101,91,95,89,174,73,198,110,56,380,373,56,54,70,178,131,29,314,99,83,89,81,130,77,108,73,170,82,137,26,47,196,16,68,143,340,84,87,126,239,256,272,112,273,115,1096,212,48,104,42,62,93,80,151,479,27,68,15,62,45,125,85,205,69,210,88,142,95,147,226,160,41,138,143,154,218,137,907,204,275,73,186,61,65,59,32
"COG2041",22,62,112,113,701,6,4,6,132,34,92,11,124,3,71,22,7,406,48,4,5,1,2,224,5,4,1,109,48,0,24,65,197,96,8,22,30,15,32,19,70,9,5,4,55,65,2,15,101,9,4,49,14,47,11,13,23,21,22,161,102,2,15,3,42,127,14,6,2,15,587,2,27,28,1,12,24,15,27,51,44,14,76,8,30,8,22,4,16,12,3,148,32,32,7,8,3,18,61,5
"COG2043",439,36,2,0,13,24,13,0,47,73,18,7,30,65,25,7,16,3,5,0,3,20,9,4,35,16,21,5,18,5,25,11,18,80,51,15,12,4,18,25,71,28,22,41,2,186,17,9,81,24,8,1,24,22,38,13,14,14,39,28,0,50,69,54,3,9,25,67,0,16,0,2,10,26,55,17,5,31,13,26,3,9,73,4,27,2,25,7,17,81,45,14,24,42,14,20,34,4,20,6
"COG2045",9,29,37,0,12,42,5,6,101,64,1,21,1,21,40,6,12,8,26,7,5,3,10,0,13,7,13,9,55,10,0,36,13,276,7,45,33,21,113,14,23,29,120,2,14,51,17,12,78,43,30,10,11,119,36,31,24,68,26,14,0,18,7,30,12,40,24,180,0,47,154,7,28,11,4,33,29,16,36,2,8,4,48,14,22,8,86,29,25,30,11,174,19,60,0,6,56,10,277,10
"COG2046",0,0,0,0,0,0,0,0,0,0,0,0,0,0,57,0,31,0,0,0,0,12,0,0,28,0,0,1,2,0,0,0,0,14,4,0,1,0,0,0,11,12,24,0,0,0,0,0,14,27,2,0,0,0,0,0,0,0,4,0,0,10,3,7,0,0,1,14,0,3,0,0,3,0,12,6,1,0,0,0,0,0,11,0,0,4,0,0,0,17,0,3,0,0,0,0,0,0,0,7
"COG2048",304,151,159,471,228,161,272,35,283,63,106,160,21,218,194,101,121,117,52,24,131,141,109,31,190,155,145,76,148,101,84,35,123,410,194,132,83,42,433,270,153,102,308,121,52,107,139,91,183,197,237,28,74,125,217,216,30,267,269,454,82,148,172,215,55,126,118,858,195,130,1,32,60,260,113,135,62,156,42,243,104,110,351,116,113,91,140,77,69,57,78,54,277,250,131,37,135,83,172,90
"COG2049",273,142,415,786,585,114,239,105,540,79,261,218,231,255,142,144,196,521,89,174,115,149,55,280,172,295,274,539,185,258,741,160,354,225,452,169,56,43,160,121,762,34,75,105,86,130,94,101,420,140,136,92,236,103,173,93,56,242,64,520,956,137,178,110,123,104,168,530,174,294,680,36,133,380,224,93,67,315,35,197,123,144,239,206,138,92,45,583,107,115,136,92,104,200,87,222,71,165,97,103
"COG2050",441,1689,1328,294,1285,1236,566,1064,977,1693,1515,1429,1352,1341,1509,862,1597,1464,2403,1317,1566,1531,1029,1685,1964,902,1211,1000,1737,1626,1368,2239,1241,1264,1879,1613,1898,1639,1597,1127,1260,1689,1495,1895,1900,1658,1223,892,1605,1752,1031,1498,1001,1836,1375,1424,1730,1083,1769,935,443,1806,1051,1358,1063,1700,1469,778,953,1542,2013,1564,2187,1289,1256,1089,1246,1336,1922,191,2215,1252,1177,716,2289,1093,2139,1436,1336,2008,1221,2781,810,1657,662,1441,1370,1226,1570,1087
"COG2052",57,67,46,175,31,93,102,50,100,54,38,84,80,69,66,55,76,65,13,68,65,90,52,53,81,84,121,79,62,74,83,16,67,194,132,56,55,23,81,99,167,39,61,95,46,12,68,49,90,43,450,20,188,154,156,223,37,336,173,211,67,165,143,283,150,139,301,591,307,144,2,194,138,374,204,326,349,294,97,253,92,197,669,272,95,245,73,208,146,89,226,92,516,175,224,406,144,188,115,266
"COG2055",484,491,791,1420,854,404,751,211,383,560,562,171,408,139,354,226,255,1518,513,117,119,292,196,790,274,218,155,394,429,166,737,641,656,919,510,316,295,113,440,161,531,89,409,413,401,620,255,197,744,562,197,310,293,321,411,273,287,732,369,1331,567,218,146,258,183,603,252,944,396,210,2916,93,295,819,165,422,273,366,209,731,160,106,484,787,242,123,261,169,278,605,421,291,360,359,195,1449,152,325,701,154
"COG2056",430,56,55,163,15,52,69,8,346,56,16,21,61,143,34,17,9,35,0,28,42,37,9,8,16,12,52,31,88,95,69,108,14,42,59,33,74,22,169,29,191,36,37,10,10,169,32,34,110,66,19,14,48,241,83,16,132,19,77,103,13,47,98,21,21,15,33,192,27,13,351,12,27,40,111,45,68,18,19,12,19,11,17,28,16,55,165,107,27,76,72,273,28,27,20,7,26,37,310,88
"COG2057",38,186,199,53,505,124,89,215,522,137,145,73,154,99,469,90,87,342,71,17,89,141,59,283,109,131,175,166,182,147,62,167,362,378,234,184,130,49,417,299,353,130,479,117,87,254,123,44,582,93,167,90,160,315,330,156,92,272,289,195,110,120,85,116,154,116,109,241,506,156,594,28,63,299,133,156,157,222,115,88,118,104,308,60,195,94,278,64,162,148,42,178,177,257,32,110,136,57,283,73
"COG2059",2092,1969,2341,4204,1333,3601,2830,3491,2843,3383,2179,2991,2895,2662,3023,3271,2685,1860,3072,4586,3084,2752,4685,2886,3364,3156,3657,2773,3137,2650,2776,2744,1713,2090,3896,3003,2816,3127,3540,3001,2088,3850,2489,2940,3474,2896,3383,2903,2917,2714,2905,4950,3330,3511,3465,3019,3407,3156,3119,840,713,3385,3038,2369,3489,2565,4216,2677,1648,4459,1314,4949,3554,2668,2758,4038,2577,2771,2759,2503,2666,2952,2361,3415,3140,2670,3273,3126,3467,3660,3131,2538,1957,2703,3119,2765,4026,5188,3911,2765
"COG2060",709,1970,1985,1400,2724,1062,263,319,1258,2737,2359,2050,1910,1675,1578,395,2029,1267,2959,187,1831,2145,1172,957,2261,1157,937,1253,2130,1268,1931,2801,1857,1551,1354,2558,2293,2947,2699,2256,1591,1390,2603,1537,2904,3106,3097,1099,1931,1999,1245,771,1986,2171,1866,1931,2634,2247,2228,547,781,2252,2071,1422,851,2223,541,902,350,1233,1889,2080,2328,1760,1707,1408,2124,1512,2532,277,2687,1794,734,1584,2811,1239,3465,2679,2372,2768,2115,2708,1459,2536,1825,2591,1290,974,2602,770
"COG2062",35,35,75,64,327,5,24,375,228,15,47,172,62,23,225,321,61,157,25,44,0,0,2,228,8,1,1,74,40,266,21,46,77,35,3,9,6,2,41,17,155,28,3,2,36,30,9,13,86,7,0,51,11,14,3,2,4,120,82,99,1140,3,8,4,11,59,37,98,984,5,270,2,4,59,4,6,6,52,19,280,28,2,106,11,26,17,10,6,17,15,4,104,51,21,5,434,0,50,29,19
"COG2063",15,27,43,36,304,0,1,8,1,34,47,0,279,1,36,386,2,290,32,1,3,1,0,173,5,0,36,67,36,0,4,27,95,55,8,11,9,2,14,0,3,0,3,5,35,25,3,17,42,5,0,32,13,30,78,7,10,13,14,48,61,2,5,1,28,41,2,17,0,2,447,0,15,10,1,16,8,4,13,26,28,1,7,5,12,32,9,6,17,10,1,102,0,45,0,0,1,3,33,7
"COG2064",0,2,13,11,48,32,60,20,7,8,57,60,11,16,38,162,7,7,0,67,128,40,25,2,30,82,30,211,26,84,421,2,57,282,47,0,25,152,40,162,86,4,1,60,7,0,6,2,52,0,30,0,103,2,20,14,1,328,44,6,6,30,7,22,264,15,103,126,38,12,0,2,11,2,8,1,40,105,5,0,67,6,225,5,12,26,0,31,131,2,12,0,76,8,3,2,131,49,0,67
"COG2065",174,12,35,14,85,71,20,294,104,67,29,43,18,42,112,17,29,19,24,15,16,55,30,62,48,41,105,13,36,81,23,25,76,105,46,34,32,42,80,82,296,35,35,35,26,17,99,21,177,63,188,71,104,79,106,32,67,179,194,737,266,88,70,222,98,219,158,758,558,59,5,257,116,83,198,146,52,343,78,418,95,151,227,30,141,96,77,34,81,82,171,6,49,147,33,767,87,133,123,64
"COG2066",331,1581,1573,295,1675,911,274,312,1107,1739,1060,928,1841,1751,1262,266,1161,1417,1653,393,1536,1416,766,663,1406,1331,485,778,1514,260,1540,1898,1621,822,1145,2240,1714,2304,1335,1045,945,878,1653,1524,1628,1885,922,520,1424,1652,671,868,1480,1845,1610,1412,1595,1093,1269,118,431,1963,1379,227,508,957,389,476,350,764,1614,627,1959,1167,1544,1011,1565,904,1693,229,1767,1375,513,1199,1792,1125,2053,1207,1878,2115,1254,1643,997,1745,1277,98,878,180,1285,1281
"COG2067",184,175,88,22,303,232,72,122,207,138,234,194,91,179,238,140,77,206,82,787,43,219,94,261,185,179,203,155,169,202,70,174,192,152,110,265,144,127,414,202,161,406,439,166,198,166,444,76,283,503,307,1098,348,857,774,526,512,500,822,229,103,348,260,722,394,753,644,269,2,247,654,462,633,626,423,246,451,358,474,158,498,435,490,79,606,442,434,372,502,381,209,724,638,776,353,26,257,1163,1177,363
"COG2068",362,344,763,1339,461,297,1030,459,610,315,335,174,267,240,380,105,271,573,306,121,110,226,128,392,172,147,261,223,252,253,181,326,186,531,339,319,260,277,267,371,323,146,547,227,142,428,147,517,326,524,187,106,251,296,491,212,241,348,168,1058,234,202,172,287,142,311,144,404,921,289,904,447,146,333,426,393,120,344,147,809,129,113,333,404,243,104,180,273,137,549,446,424,259,412,318,1112,208,266,638,109
"COG2069",240,61,242,613,31,49,347,17,169,24,57,76,41,73,47,26,96,195,12,30,31,49,38,6,46,69,159,42,84,75,102,30,69,145,185,34,81,25,68,68,160,11,24,61,31,28,60,63,109,21,91,27,64,40,148,47,25,113,110,348,112,59,39,76,33,23,69,622,156,38,0,55,19,126,48,121,10,51,20,363,18,46,253,113,35,27,21,73,38,41,29,14,83,14,127,34,32,75,2,34
"COG2070",4113,3052,2284,2331,1167,2674,3253,2483,2874,2800,2255,2508,2944,2935,2679,1010,3149,2226,2759,971,2525,2628,2332,1107,2582,2610,2040,3150,3215,2826,2221,2303,2267,1621,2667,2845,2716,2889,2861,2990,2225,2030,3273,2718,2712,3097,2139,2522,2626,2626,2717,803,3443,2801,3206,2830,2545,2612,2611,3061,1309,2674,3300,2311,1881,2439,1417,2169,2352,1721,1324,2254,2217,2645,3119,3815,2424,2507,2477,2593,1918,2746,1497,3709,2599,2305,2783,2760,3497,2829,3664,2252,2297,3298,3511,4864,1888,1696,2619,1790
"COG2071",1521,593,2035,875,1037,1451,1452,2180,1044,2011,2283,1290,1735,1858,1622,2815,1165,1402,1683,3639,1751,1545,2525,2987,977,1302,1734,1587,1156,2306,2302,2444,1463,1055,734,2314,1689,1729,1734,1583,1332,3470,1997,1088,2203,2624,2543,1422,1713,2440,1003,5492,1722,2013,1584,1738,2246,1722,1960,1456,1256,1484,1507,1794,2566,1876,2971,1024,1530,3013,1238,3220,1906,677,1834,965,1115,1135,1616,1261,1561,1105,1415,1223,1866,1721,2155,1107,2091,2084,1325,1136,1623,2010,1604,516,2521,3730,1541,2251
"COG2072",0,2,0,5,0,2,1,1,375,0,2,0,2,0,10,28,3,96,2,0,0,0,0,0,0,0,0,3,0,0,11,81,61,0,1,4,0,0,63,0,98,7,0,1,15,3,0,0,0,1,0,10,2,1,5,0,0,1,0,101,0,0,1,0,3,44,0,0,0,0,0,0,0,0,0,1,0,0,1,8,0,0,130,0,6,3,0,0,0,0,0,0,0,5,0,0,0,0,2,7
"COG2073",621,725,1394,1044,262,1113,1281,1135,1015,1525,763,1149,1682,1107,944,381,1706,948,520,417,1065,953,794,496,725,976,811,936,1734,727,1461,1449,1015,907,894,1586,1494,1817,1327,1161,1047,768,1227,1281,1254,1769,896,969,1336,1120,1081,228,1435,1111,835,1359,887,1177,677,874,552,1203,1479,780,607,1095,520,1002,1238,1135,348,1287,1516,965,1612,1936,1415,1171,1324,1100,1371,1115,914,1626,1055,993,1813,1426,1687,1573,1657,448,878,1701,1601,1839,736,649,1259,613
"COG2076",194,325,480,259,1333,482,108,443,500,665,313,444,463,231,625,319,115,1185,823,229,259,495,731,1188,560,237,456,387,347,158,119,264,502,414,145,265,321,601,532,502,431,658,506,90,433,545,376,337,528,687,124,996,228,388,406,184,652,266,371,215,378,355,216,332,218,685,312,196,224,505,1917,664,315,228,400,326,552,367,504,129,517,121,621,382,1122,516,689,216,225,163,435,704,238,424,240,1514,531,668,464,725
"COG2077",221,718,687,206,684,359,180,285,646,676,870,735,647,588,772,136,469,512,1015,72,606,770,380,248,760,550,399,474,759,414,782,976,641,458,624,867,733,1309,874,673,490,666,838,617,974,1074,625,382,1035,563,435,285,720,964,687,819,1135,515,588,830,303,809,653,646,360,974,202,228,262,491,474,317,889,580,780,440,673,540,795,182,1062,687,335,478,1058,513,981,817,720,988,609,929,653,667,779,52,393,89,747,366
"COG2078",36,62,64,65,166,704,597,1847,173,20,12,206,12,58,93,93,15,28,56,3263,3,12,26,845,14,2,164,10,76,750,11,199,1,128,24,35,19,10,52,87,273,2290,50,7,33,14,3,42,120,140,0,17,25,19,282,17,21,284,294,6,888,13,20,13,37,88,966,223,1663,13,306,44,72,75,8,11,15,143,3,397,4,2,106,10,10,69,110,5,10,35,3,75,123,221,31,20,5,1139,198,53
"COG2079",62,232,457,120,571,220,173,161,40,131,177,122,254,98,368,117,175,621,180,86,125,157,168,287,142,87,212,237,306,89,90,187,177,475,93,110,107,123,409,254,240,107,190,103,167,196,38,77,486,340,127,239,227,161,294,145,228,445,181,81,182,167,115,45,227,94,120,266,358,114,1198,63,238,141,89,251,128,229,165,13,206,143,99,84,131,63,162,93,304,464,50,61,327,365,41,214,163,87,300,74
"COG2080",1039,1238,2815,2909,1935,912,3430,2254,1644,809,912,550,984,749,1426,405,969,2595,910,306,470,715,527,1627,671,688,709,1109,972,1082,703,1095,1044,1573,985,1016,918,424,1195,881,1222,349,1188,976,772,992,519,1272,1207,1353,725,435,1072,973,925,689,580,1100,718,3053,1478,631,928,695,601,769,606,1668,2477,488,5355,553,737,986,752,1341,521,914,331,2099,425,557,1311,1516,603,510,916,556,710,1265,963,1437,680,1484,1020,1834,676,803,2352,422
"COG2081",1963,1785,1855,3221,1639,2808,3644,2468,2807,1037,1609,1852,2162,2155,2038,2044,2239,2729,496,2390,1955,1851,1999,1623,1769,2686,2807,3012,2035,2888,2421,734,2610,3211,2575,960,1497,931,2289,2470,3089,1107,1628,2654,1197,710,1927,2203,2156,2025,3002,1002,2011,1013,1815,2005,521,3268,1775,2731,1075,1600,1976,2824,2721,1254,3009,3659,2397,1410,2052,2017,999,2478,1568,2935,1194,3237,758,3156,803,2168,3717,3266,940,2640,482,1766,1771,1090,2591,340,2519,1551,2352,2499,1900,2159,638,3052
"COG2082",482,1123,706,660,408,831,787,725,714,776,737,668,841,522,566,312,1074,677,360,225,898,651,429,301,533,647,559,549,1152,453,646,811,766,700,829,925,875,629,787,627,910,368,767,819,605,644,583,995,780,770,814,108,752,840,1030,887,514,761,553,595,414,503,808,495,417,547,366,671,666,740,263,688,836,590,791,976,1238,740,786,786,824,714,629,1040,762,528,815,782,785,644,891,889,525,854,730,1346,456,504,879,502
"COG2084",999,626,820,569,2561,607,1077,560,1133,585,535,270,620,406,973,201,361,2144,532,76,477,247,269,1891,246,419,552,843,757,579,350,956,1088,1102,452,397,410,598,584,498,1029,454,617,449,395,730,431,1280,934,803,610,373,730,489,388,360,411,499,465,771,694,350,325,416,397,1251,277,598,1533,234,4110,1026,459,469,664,1267,235,675,174,774,386,447,518,358,461,234,335,304,603,689,1116,505,320,774,391,3775,402,531,894,241
"COG2085",1,3,0,22,0,15,0,145,0,10,23,150,1,82,5,197,30,115,27,112,21,12,43,0,3,1,0,13,16,57,2,3,1,91,2,3,7,3,53,88,0,58,4,2,14,1,1,127,0,1,1,4,2,279,1,10,3,409,4,2,13,0,12,9,0,27,50,247,154,2,0,1,22,0,2,16,22,35,33,11,4,2,72,9,6,22,28,0,2,79,0,155,163,35,0,4,1,117,143,51
"COG2086",596,1566,1813,288,1554,1859,1668,1858,1318,1892,2416,1439,2351,2260,2155,1420,2062,1743,1263,1957,1817,2296,1726,2018,1681,1985,1821,1852,1693,1879,1646,1713,1783,1586,2271,2272,1785,1462,1996,1854,1660,2014,2009,2115,1929,1765,1897,1954,1863,1969,1588,2505,2065,1603,1639,1780,1032,1949,1960,682,343,1806,1620,1859,1855,1980,2094,1688,2081,1764,1950,1670,2156,1740,2054,2150,1842,1576,1673,1030,1513,1781,1472,2074,1929,1696,1966,1632,2253,2254,1475,1419,1486,1959,1459,2204,2070,2291,1370,1466
"COG2087",395,726,846,609,463,661,902,700,943,758,705,667,1085,815,701,348,790,926,790,259,730,870,533,444,599,738,627,659,1015,824,1023,821,1022,637,836,908,938,1051,894,766,707,560,881,966,934,1023,715,916,928,713,883,263,912,955,794,906,791,877,616,549,377,840,814,770,515,790,521,1252,768,765,691,635,912,581,1075,957,685,583,675,668,821,845,729,1001,894,705,1004,811,940,1042,1154,512,674,1071,830,734,519,440,712,476
"COG2088",572,1025,412,365,247,694,831,368,873,136,398,642,562,831,462,414,808,646,165,376,515,631,563,233,664,925,649,1840,569,625,453,145,708,1010,887,328,479,335,546,776,574,120,661,496,149,183,497,1457,1035,345,1788,193,939,550,854,696,132,544,280,591,291,574,978,958,786,289,825,742,880,424,578,158,454,647,691,681,589,848,230,792,290,852,1289,1356,239,1576,221,652,668,329,563,186,787,458,1167,579,462,529,514,1043
"COG2089",227,1171,545,202,689,703,269,176,503,1587,496,1145,1157,1158,687,910,1256,413,1041,6088,1255,1437,725,112,1913,1489,556,827,734,216,759,1683,622,618,1813,1408,1669,783,1007,812,911,152,1357,1773,646,1326,647,583,1188,597,1315,185,1238,2044,1229,1255,1374,588,831,110,364,1639,916,378,888,726,988,345,343,420,9,452,1569,795,1192,774,2280,530,1066,142,1713,1367,779,560,1044,1158,1017,1470,1318,890,996,1199,1264,1269,730,67,820,133,720,925
"COG2091",735,522,442,1269,1034,583,891,363,953,193,555,307,582,340,345,274,427,1387,159,223,281,341,460,706,243,497,415,746,510,365,211,182,687,533,487,175,301,213,375,567,315,107,326,383,203,283,167,770,651,218,696,232,354,255,271,359,129,429,151,709,330,350,566,352,536,310,243,772,324,223,1766,235,114,399,265,245,169,285,235,729,304,452,429,543,204,328,133,447,236,174,523,218,239,285,784,108,199,255,350,500
"COG2094",28,48,14,20,21,26,13,728,241,4,11,81,13,66,267,76,55,17,6,58,6,57,7,1,29,25,115,12,47,126,19,33,16,98,39,54,31,3,39,47,123,28,130,31,27,42,17,42,54,5,111,3,33,77,22,22,10,168,78,72,209,24,27,71,16,29,58,344,470,56,2,10,8,79,38,34,22,112,7,371,4,17,127,8,18,22,54,5,27,19,9,18,99,58,0,33,66,50,96,24
"COG2095",911,1146,1855,346,1706,769,416,375,1160,2134,2518,1892,1562,1214,1621,307,1798,1467,2759,368,1216,1348,1140,798,1591,881,669,1345,1855,1074,1928,2313,1303,728,1479,1743,1533,3020,1310,1059,1012,1655,1397,1298,3084,2534,956,1141,1618,1386,792,577,1671,1850,1306,1726,3308,908,1230,1101,424,2114,1340,1370,721,1928,415,403,375,1222,1717,1012,1951,1174,1402,1017,1629,1468,2415,293,2313,1169,568,1160,2587,1091,2819,2436,1645,2916,1571,2268,1161,1825,1549,102,965,163,1986,875
"COG2096",379,1307,1174,1076,651,824,540,547,849,1349,1438,1184,1087,846,1077,311,889,362,1163,534,1084,1186,747,170,1153,673,550,526,1051,827,724,1561,845,489,893,1344,1309,1536,1189,843,812,958,1496,1020,1389,1742,866,564,1170,1338,655,683,1319,1498,1282,1213,1468,705,900,766,630,1039,1003,842,468,1463,529,383,301,955,131,732,1476,973,1163,884,1268,939,1275,287,1536,1046,581,982,1227,949,1747,1346,1451,1522,1138,1370,1060,1341,1234,731,533,341,1535,1299
"COG2099",657,1518,1871,1768,454,1147,1454,1045,1016,1731,1308,1757,1627,1308,931,441,2247,1131,723,476,1415,1638,916,497,1128,1077,804,1096,2118,842,1900,2046,1663,957,1306,2433,2437,2182,1351,1185,1441,634,1645,1516,1554,1865,1266,1773,1366,1299,1402,259,1759,1599,1511,1723,1220,1231,798,1238,593,1701,1710,789,765,827,530,1150,1484,1319,346,1056,1729,1176,2224,2038,1857,1477,1853,1239,2130,1523,1129,2038,1751,1414,2293,2091,1961,2210,1984,911,1235,1922,2042,1567,873,611,1776,793
"COG2102",0,0,27,11,194,105,16,92,158,124,1,81,6,114,635,14,25,39,59,9,73,103,7,0,95,65,182,67,85,72,28,5,159,98,125,3,9,45,215,421,100,128,263,23,40,0,180,8,245,50,340,0,45,137,166,129,8,372,183,1,1,20,7,39,29,99,31,86,1,59,0,25,37,224,81,16,52,251,38,82,4,109,124,4,109,70,1,22,95,0,7,4,151,14,0,1,41,50,1,67
"COG2103",84,607,724,231,864,568,191,1019,687,1421,370,775,741,746,750,452,1090,661,892,665,879,951,398,1038,998,487,745,513,752,241,762,1174,629,476,1020,1154,1246,874,756,511,1053,735,751,826,706,489,1000,269,665,811,451,267,619,907,868,744,897,557,1038,231,386,985,571,233,701,707,508,856,580,608,628,817,1132,708,952,576,833,678,990,170,1109,822,388,271,1092,555,1078,733,835,1016,675,1348,456,790,515,1041,956,716,858,539
"COG2104",55,23,56,39,229,4,24,133,47,24,48,9,68,5,122,8,20,188,22,3,2,11,1,222,4,3,14,42,52,52,6,22,82,31,8,13,10,5,14,14,30,5,12,7,18,31,1,11,59,5,22,22,16,21,2,9,11,18,6,33,279,8,9,11,23,33,4,27,109,23,317,2,7,29,1,13,9,19,11,73,22,17,20,8,14,7,10,3,10,12,7,38,11,21,4,111,6,6,26,6
"COG2105",24,29,79,95,388,1,7,11,279,33,92,3,103,1,78,33,4,332,45,7,5,0,1,283,14,0,1,82,43,0,21,54,130,64,3,16,9,15,40,45,58,10,2,6,56,53,8,18,68,6,0,40,5,28,6,11,17,7,5,78,62,37,4,5,41,89,4,19,0,19,558,4,18,15,0,18,21,4,17,81,43,3,83,7,30,5,24,6,11,14,2,102,0,40,6,2,4,0,63,11
"COG2107",0,0,8,0,179,57,4,0,3,42,0,30,0,62,160,0,25,13,0,2,7,34,1,0,54,17,35,29,34,20,15,7,86,24,40,1,3,12,205,141,44,38,130,23,7,0,45,4,73,24,30,0,22,53,82,60,0,108,163,0,0,10,44,10,8,34,11,43,0,17,0,2,3,84,40,28,0,60,0,0,2,55,83,5,24,25,6,4,82,6,6,4,68,24,0,0,8,23,0,17
"COG2108",0,0,15,0,13,92,2,4,9,15,16,2,5,21,43,10,16,13,60,5,33,47,62,0,98,103,122,13,79,8,42,0,223,109,46,50,45,28,194,143,0,21,48,20,73,28,24,13,223,54,86,54,51,57,50,40,46,15,64,1,0,51,38,127,69,14,6,33,0,9,1,6,64,34,29,63,43,48,87,0,61,261,18,10,45,24,62,48,41,28,10,0,6,67,0,7,46,7,180,61
"COG2109",736,648,626,1474,562,784,871,539,688,874,484,441,513,403,956,420,646,817,334,401,432,417,382,660,411,623,782,530,511,554,461,254,703,439,821,343,440,546,703,1163,956,397,515,439,436,360,497,698,912,623,298,84,212,165,210,169,87,286,154,269,156,186,165,182,159,244,253,252,370,79,271,269,121,284,267,284,172,288,99,305,91,195,267,207,168,135,77,143,192,167,279,103,167,151,243,883,114,255,229,243
"COG2110",1735,1162,845,657,625,1566,1483,1652,985,606,569,899,877,1098,1241,4127,1097,1272,893,427,1059,893,1375,728,676,1252,2024,1378,776,1448,731,655,983,1305,1627,644,878,1415,1141,982,1209,1610,906,1071,902,1114,1056,2715,1581,1268,1259,133,1390,1090,1028,1049,467,1725,1209,2011,1010,1128,1538,1454,1558,648,1138,2260,1922,533,777,2008,905,1528,1106,1687,726,1078,726,1754,633,1038,1612,1083,787,1460,670,925,1229,624,1200,971,774,967,1524,1119,573,1035,821,956
"COG2111",10,22,69,7,83,86,27,15,55,68,7,35,23,37,76,13,21,24,76,2,48,104,69,27,112,119,110,30,106,35,52,59,204,304,214,81,71,26,229,189,106,42,130,90,79,31,55,14,308,134,97,79,95,78,170,48,58,112,154,16,3,56,38,124,74,31,39,154,5,67,250,6,104,93,31,132,54,96,69,18,67,258,84,21,56,32,93,32,75,113,21,63,74,96,6,19,59,12,215,42
"COG2113",134,1340,709,129,641,297,51,223,368,577,436,580,533,413,294,71,292,609,950,41,443,300,263,303,434,273,246,267,1046,79,777,1255,548,366,246,555,728,712,608,373,540,430,429,226,1005,865,164,237,615,395,227,173,365,712,278,525,490,314,299,83,204,941,530,38,207,251,46,45,75,675,696,335,439,396,550,394,377,525,1152,73,1274,291,176,382,1244,186,847,850,408,1015,397,1412,259,775,379,33,444,40,585,89
"COG2114",3,25,33,1,3,55,3,0,12,16,0,31,17,400,4,29,1,5,28,10,165,7,258,0,42,34,9,20,43,34,17,47,144,10,162,11,10,6,33,20,23,7,19,0,12,6,33,52,0,59,396,9,2,5,28,21,3,20,2,20,0,43,55,24,22,26,132,580,0,1,168,4,17,2,19,13,10,125,140,3,4,650,18,13,48,125,21,74,4,2,11,67,95,15,3,1,80,8,143,114
"COG2115",127,779,940,182,1033,534,207,439,839,1237,1223,1600,1187,1044,899,211,1333,815,886,74,812,1191,500,716,812,408,689,751,1108,1558,842,1489,818,642,694,1827,1445,1431,862,542,1741,971,1229,1186,1675,1302,871,506,1133,623,1013,506,798,1052,786,837,1109,904,1051,210,1892,1125,770,1245,531,1494,471,1146,442,515,1233,474,1886,1215,931,847,940,1095,1549,758,1382,885,1000,700,1322,603,1749,1165,1255,1668,680,874,610,1065,754,795,863,136,834,372
"COG2116",1302,629,855,1618,2196,697,1004,938,1796,421,729,525,781,520,1161,948,438,2287,311,260,385,601,525,1348,324,919,938,1130,903,761,637,471,1485,752,788,191,513,292,543,681,704,189,412,488,357,474,335,500,802,268,1238,300,542,484,477,579,147,727,494,1270,704,444,596,629,852,452,726,851,993,278,2950,242,218,592,254,372,1072,483,181,1326,387,529,1116,595,261,745,219,408,430,451,675,411,443,449,555,271,363,308,432,865
"COG2119",305,70,5,20,35,201,123,44,94,191,22,99,14,120,126,96,132,123,25,17,64,70,94,172,46,171,189,153,122,97,119,10,163,142,80,49,126,185,31,306,56,82,88,94,22,24,142,17,56,177,264,50,22,18,94,116,35,148,27,39,5,71,117,302,189,252,62,61,152,27,1,294,17,54,222,80,229,131,14,297,30,162,208,66,94,90,60,81,46,88,233,9,87,126,68,840,79,168,7,59
"COG2120",63,404,304,67,518,275,21,149,283,301,85,319,246,167,314,215,37,433,880,20,293,445,169,243,532,250,607,300,385,124,151,515,326,421,891,233,501,197,481,209,164,88,284,235,194,302,479,332,747,203,347,93,330,629,168,346,294,235,170,15,134,235,160,282,144,318,246,587,0,142,590,37,389,162,98,232,376,92,492,33,512,49,470,153,100,215,494,688,358,124,79,771,250,194,99,41,157,22,289,195
"COG2121",73,14,69,23,234,1,2,4,222,10,29,12,4,21,6,11,1,9,26,0,0,47,3,0,9,22,41,1,14,8,6,54,138,109,4,54,34,14,24,17,7,22,138,27,5,75,153,27,36,58,4,10,41,89,106,5,32,59,0,84,214,2,4,42,1,46,26,25,24,51,233,11,33,37,0,32,45,9,5,29,10,4,6,45,0,33,61,25,30,34,19,148,2,96,47,28,100,0,227,10
"COG2122",0,23,4,0,8,19,1,0,0,23,18,32,0,24,9,9,8,5,3,0,18,25,11,3,67,28,19,7,6,10,4,6,24,80,25,11,12,15,51,21,19,22,5,7,4,3,22,8,50,20,10,2,20,24,23,19,5,29,22,0,0,23,31,14,8,8,17,27,0,5,0,0,1,23,17,8,6,31,0,1,3,19,58,0,43,10,46,1,30,0,4,5,48,58,1,3,7,1,0,6
"COG2127",14,126,73,31,273,189,209,280,111,69,98,89,91,60,213,582,69,203,34,670,210,189,396,629,112,35,256,77,114,170,77,90,198,67,67,123,108,91,216,127,107,343,160,132,99,92,460,121,177,303,54,997,97,161,241,92,63,154,147,26,44,66,88,123,604,194,405,42,11,409,386,544,165,45,75,45,143,34,38,37,119,83,160,36,75,183,80,60,123,143,58,190,129,186,53,10,349,789,58,370
"COG2128",55,59,84,114,422,16,33,13,809,69,117,19,144,11,93,77,22,491,114,20,27,6,14,228,11,23,20,119,53,7,51,92,336,202,50,37,43,24,171,53,222,34,14,19,91,115,15,33,234,38,32,129,26,82,60,22,15,30,62,631,206,18,21,19,53,213,20,12,13,20,594,18,28,36,13,39,28,27,41,119,114,18,266,15,113,41,44,3,24,13,13,247,24,89,2,20,8,6,135,33
"COG2129",230,290,92,39,267,1076,578,310,352,171,346,191,361,503,160,216,273,342,61,161,542,162,423,75,290,500,664,411,504,404,218,51,230,444,274,454,117,122,365,736,475,605,119,304,234,115,227,243,135,76,174,34,101,54,137,105,17,173,37,90,13,198,180,196,111,142,233,89,139,60,31,51,81,72,76,188,44,143,34,142,18,339,66,228,21,99,24,83,82,78,155,7,101,59,37,117,303,106,5,107
"COG2130",20,45,41,49,333,7,2,0,146,36,98,0,108,1,59,18,1,352,43,6,38,0,0,200,31,4,0,88,31,1,14,8,112,1,21,16,11,14,34,0,46,5,3,2,43,43,3,10,7,8,0,56,8,43,3,10,17,9,0,70,90,2,5,0,39,17,1,3,0,2,558,1,22,12,4,5,5,4,26,28,52,13,64,5,35,6,17,2,16,14,4,75,0,35,1,3,1,0,72,7
"COG2131",1190,1243,1053,1105,919,2044,1588,1411,1366,1230,1286,1482,1150,1516,1280,1691,1381,778,1161,1891,1214,1319,1495,1778,1523,1749,4665,1220,1201,1422,1309,1261,1133,1463,1893,1091,1306,1373,1261,1569,1583,1773,1343,1326,1486,1439,1604,1524,1282,1460,1683,1936,1386,1369,1198,1233,992,1321,1289,1377,637,1418,1093,2012,1495,1173,1940,1647,718,1424,396,1556,1477,1354,1436,1596,1217,1712,1007,1312,1185,1420,1629,1399,1438,1804,1459,1338,1308,1629,1628,1111,1943,1415,1383,1142,1739,1855,864,1700
"COG2132",63,194,183,176,1735,5,20,824,1415,162,304,9,362,35,135,83,26,1135,88,30,10,104,3,610,3,1,2,276,148,10,93,150,902,265,20,39,58,51,121,0,357,26,11,15,134,163,397,39,160,16,1,104,27,255,30,9,40,202,48,258,384,8,48,6,141,218,46,85,153,52,1753,9,50,71,14,39,48,27,52,782,132,21,397,26,113,43,50,15,66,22,16,287,3,109,1,11,65,8,130,37
"COG2133",40,113,70,65,442,10,4,3,156,50,111,1,141,9,57,24,18,400,52,4,10,3,11,248,11,4,9,107,58,7,8,45,177,82,11,24,59,16,54,16,72,7,3,4,46,121,4,26,105,10,1,58,12,57,4,17,33,39,18,129,81,7,19,1,37,79,7,12,0,19,655,0,22,21,8,21,58,159,35,36,65,16,89,12,31,6,165,16,35,64,9,154,10,84,0,7,9,1,339,2
"COG2134",29,48,61,101,531,2,6,6,208,46,154,1,132,3,102,24,3,527,58,4,5,0,0,337,5,0,0,127,53,0,18,74,150,93,7,16,16,10,42,0,70,4,6,3,58,72,2,13,96,3,0,45,10,45,2,7,19,15,16,80,88,4,10,1,43,88,3,13,0,16,843,0,13,24,2,17,31,4,21,44,59,3,75,12,31,13,22,6,9,11,1,89,2,43,0,5,1,2,75,1
"COG2135",28,348,280,707,479,240,137,369,176,107,144,188,264,144,148,40,61,186,290,16,230,83,147,128,322,100,427,122,104,79,66,184,246,240,246,84,221,27,209,175,189,29,171,68,106,141,89,118,69,106,124,66,73,310,130,245,284,86,137,363,260,52,140,81,97,152,194,54,729,63,539,37,113,154,196,162,151,85,156,371,220,167,173,91,133,44,142,138,75,235,78,774,126,76,158,192,37,70,211,78
"COG2137",979,215,237,593,486,455,177,532,775,102,264,282,206,349,333,577,235,354,186,136,109,320,206,248,351,419,589,249,237,289,417,83,390,712,438,153,175,76,313,490,1034,82,404,282,149,212,220,68,572,189,527,129,220,336,253,176,96,656,331,1059,271,317,361,424,301,252,706,1082,462,126,494,39,165,476,161,312,108,449,83,488,161,425,838,71,157,277,137,127,139,303,228,209,800,230,295,166,226,87,329,579
"COG2140",34,755,354,117,115,71,134,138,85,224,155,770,106,306,161,33,192,48,251,13,232,899,50,118,568,170,126,61,127,61,375,588,345,160,494,635,589,47,517,146,196,101,549,703,83,146,665,84,142,190,237,27,380,795,630,528,320,85,210,53,42,503,138,185,290,168,64,52,81,129,13,43,101,683,536,49,638,46,361,68,587,728,229,47,470,172,364,714,503,474,343,185,534,299,348,87,65,26,10,164
"COG2141",71,135,269,242,1431,6,40,36,1531,161,302,4,474,33,214,142,55,1332,145,29,16,3,13,857,13,9,1,419,174,2,92,224,1105,452,33,48,69,67,179,2,587,37,9,12,170,198,14,30,318,53,2,224,30,135,34,23,41,43,80,1630,519,8,49,8,152,416,25,54,48,54,2157,16,56,49,14,65,67,15,83,317,162,10,599,29,210,52,69,18,80,26,17,603,7,132,2,23,16,4,189,45
"COG2142",13,26,46,44,311,1,1,7,117,17,61,2,102,0,58,20,5,264,41,3,2,0,1,174,0,0,0,70,43,0,6,35,120,49,9,12,7,7,29,0,33,4,1,3,41,44,1,11,67,3,0,7,1,13,0,1,3,0,5,18,20,0,2,0,10,8,2,3,0,2,147,0,9,4,0,1,9,0,4,7,10,1,19,1,12,3,5,0,5,2,0,33,0,12,0,0,1,1,14,1
"COG2143",0,0,0,0,9,3,0,0,0,0,0,0,0,29,12,0,0,1,0,0,3,0,0,0,0,0,4,0,0,1,0,1,1,6,0,0,1,0,0,7,3,14,0,0,3,0,1,0,45,0,3,0,0,0,3,0,0,0,3,0,0,2,0,9,0,0,4,11,0,107,0,1,0,1,0,1,0,0,0,0,0,0,0,0,0,0,4,0,0,0,0,0,0,0,0,0,0,0,0,4
"COG2145",851,808,803,1018,664,916,1525,1690,1375,670,547,803,816,827,1144,1149,838,1027,282,2217,771,529,566,1888,560,654,1030,1044,623,1057,491,303,594,645,649,526,444,494,761,844,1276,355,588,504,491,364,912,894,780,662,465,269,792,528,520,545,195,943,594,977,1879,760,633,776,1272,755,914,636,2017,289,853,1887,269,809,762,1360,247,958,322,1757,217,426,925,1415,432,779,265,600,733,566,1057,299,576,722,827,2884,1195,1673,309,480
"COG2146",26,59,99,82,498,2,3,7,24,48,105,3,202,1,69,19,6,479,75,1,5,1,1,350,4,1,0,117,66,0,3,51,215,55,16,20,13,14,41,0,36,6,5,4,70,86,7,14,69,15,0,65,10,63,1,3,16,13,9,83,101,4,10,0,65,56,3,6,0,17,794,0,27,20,0,30,22,4,18,75,63,4,22,16,48,10,23,4,26,15,3,268,1,62,0,6,4,2,82,0
"COG2148",5714,7852,6272,5227,4346,6988,6356,4612,6576,5968,5856,6256,5899,5550,6269,5772,6905,4973,9242,9206,6733,5633,5904,4146,7994,6915,7013,5323,6540,5384,6696,8142,5547,4515,8970,6008,7586,6966,6141,5504,5460,4373,5911,8231,5927,8253,5285,7315,6978,6654,7307,4535,6462,7030,5508,6912,8522,4801,5865,5161,3414,7201,6151,5500,4510,5265,6218,4536,5105,6474,3672,6647,6208,6413,6335,6406,9076,6186,7176,4922,8036,7924,5062,5687,6173,7228,6959,8111,5536,7563,6146,7920,5725,6988,7563,5126,6679,5442,8821,7940
"COG2149",16,38,49,54,321,2,1,5,178,39,89,2,94,3,40,16,5,341,25,2,2,0,0,216,2,0,0,79,43,0,12,32,97,0,2,10,17,10,28,0,44,4,1,4,49,43,6,11,74,3,0,46,4,24,2,8,10,12,6,46,63,3,4,0,34,76,2,5,0,8,554,0,21,16,0,7,21,5,19,43,55,4,43,6,12,6,16,3,8,10,1,64,2,36,1,1,2,0,43,7
"COG2151",330,438,422,138,490,435,296,1060,242,558,607,651,409,369,676,765,470,233,571,1258,398,528,573,1052,491,423,625,324,487,654,398,634,386,259,460,462,493,484,625,483,298,914,549,464,613,478,859,415,442,461,252,1064,397,510,447,411,581,454,630,775,1569,515,319,495,783,718,689,209,640,1048,402,627,692,479,337,266,426,408,541,862,587,475,320,220,534,396,636,491,467,748,308,670,328,500,344,543,690,952,440,433
"COG2152",1072,5138,3435,309,931,3709,1403,1134,1406,3178,3623,3263,3906,3814,1771,1333,2873,1363,7218,2222,3744,3905,3830,1042,4425,2743,2296,2573,2586,1742,3694,3533,2865,1668,2147,6685,3824,3810,2703,2052,1451,3826,3215,2675,3671,6078,3336,1546,2185,3968,3504,2515,2908,4456,3243,4112,5827,2004,2995,526,420,2957,3165,2363,2674,2458,2022,2155,1180,2071,414,2481,3761,2460,3142,2025,5862,1876,5887,1304,5240,3184,1317,2336,3862,2930,4104,2562,4150,3876,3323,4859,2120,3395,4769,220,3444,2106,6192,1996
"COG2153",68,40,87,359,469,86,11,276,474,84,99,73,87,98,253,80,90,298,49,111,5,57,5,181,45,16,65,131,119,43,37,73,230,156,69,48,23,25,231,198,72,110,207,56,54,142,60,47,312,77,131,58,94,179,105,126,49,225,125,156,388,21,69,54,61,139,50,125,83,78,491,28,23,108,49,48,44,132,16,325,57,61,161,24,89,104,71,37,88,49,148,93,113,82,29,17,65,45,158,170
"COG2155",23,44,68,121,25,52,68,17,56,13,26,63,38,56,50,45,86,46,13,22,59,45,14,15,67,89,114,66,41,27,63,7,78,103,103,14,28,25,49,79,81,16,35,68,55,11,50,72,77,21,320,12,162,57,152,190,40,259,79,165,92,170,128,336,125,67,242,342,119,110,111,49,67,214,105,337,64,291,93,139,89,211,502,163,52,211,30,196,82,87,132,30,444,61,103,102,94,88,54,357
"COG2156",49,210,155,194,324,102,30,49,123,266,188,249,133,103,175,52,213,147,276,13,165,238,103,147,246,94,90,171,275,187,145,332,182,163,157,158,226,248,300,225,180,100,251,143,346,237,379,87,243,261,405,267,443,682,570,433,962,694,762,155,208,572,532,455,265,895,225,320,45,419,775,686,719,582,382,528,416,573,761,100,829,455,228,388,777,425,1042,915,584,968,629,908,427,757,441,1100,364,368,877,315
"COG2158",7,171,95,242,70,112,177,9,185,11,110,60,83,202,60,55,144,149,3,47,20,86,40,17,89,174,230,111,93,75,76,34,108,385,86,32,52,50,119,122,95,14,92,56,22,78,38,203,129,78,66,16,75,63,58,77,18,95,45,232,102,66,40,142,98,37,71,236,95,72,0,25,18,119,104,62,18,48,47,107,32,107,266,76,32,127,26,169,33,44,92,44,68,80,242,29,76,83,32,112
"COG2159",432,662,837,1181,524,1056,707,789,1158,776,466,535,245,805,934,363,379,397,434,132,624,496,735,221,466,1126,688,383,676,771,677,280,354,757,771,327,445,347,857,735,1071,266,399,586,509,298,1131,385,1017,730,811,152,700,759,598,398,467,976,459,321,436,669,455,662,434,561,701,1686,982,337,967,371,450,546,708,610,374,837,308,613,282,438,1205,717,395,541,496,491,494,655,694,414,544,955,454,990,317,571,552,427
"COG2160",597,1769,2369,3477,1385,1949,2355,2108,921,2623,1200,1831,2295,1907,2026,2274,2487,1593,2075,2088,2521,2309,1132,2693,2507,1944,2225,1409,1858,1938,2111,2580,1742,1115,2080,3177,2568,2479,1926,1746,1500,2432,2287,1937,2018,2122,2758,1464,1693,1823,2450,677,2334,2191,2504,1909,2232,1825,2488,1650,3315,1554,1366,1440,1986,2497,1483,1549,1231,2323,1345,2374,2624,1807,2438,1735,3752,1358,1944,2324,2084,2031,1370,1837,2420,1751,2769,2376,2641,2350,2000,3018,1424,2208,1861,4326,2511,3045,1682,1087
"COG2161",12,215,49,265,1497,92,69,69,177,23,183,114,64,44,274,34,27,493,196,27,86,77,111,373,168,31,182,92,81,113,83,162,182,323,60,22,31,99,115,14,107,45,61,172,67,91,168,36,74,72,49,28,46,75,22,55,21,87,66,254,1008,14,18,87,88,125,39,48,35,54,764,24,80,114,55,62,30,20,136,17,301,46,119,22,60,53,24,29,24,100,186,20,38,60,68,257,184,83,68,32
"COG2162",23,57,81,48,23,41,35,78,115,51,96,25,134,12,124,15,14,390,71,3,32,23,40,237,45,22,66,112,119,65,43,41,178,113,31,42,36,16,150,68,164,7,77,62,86,79,28,19,188,30,67,88,38,60,36,29,73,39,83,64,77,42,32,43,85,51,5,103,160,19,577,19,50,114,22,92,39,42,55,69,87,25,59,36,53,25,50,45,45,45,5,86,15,89,2,32,27,7,119,25
"COG2163",2,0,20,0,25,41,0,0,3,1,3,19,13,35,14,26,6,6,0,3,7,59,7,0,21,39,25,5,4,12,22,0,41,123,55,5,4,2,58,27,27,0,5,27,3,0,22,2,38,8,34,0,9,2,3,21,0,81,42,2,0,25,5,28,11,3,33,96,5,0,0,1,4,3,6,9,0,22,0,1,0,5,144,9,11,26,0,2,6,4,0,0,7,5,0,0,8,6,0,10
"COG2165",81,152,155,190,1123,47,51,19,647,123,341,9,421,15,250,33,30,1030,217,21,67,43,101,675,63,20,176,226,214,5,59,191,460,292,44,127,89,87,219,240,99,39,203,50,184,237,14,24,524,61,59,174,44,266,37,33,73,48,181,804,106,65,66,27,158,240,13,22,56,90,1587,10,150,50,38,83,99,111,69,80,89,40,130,67,107,48,141,34,64,81,22,331,11,228,10,46,81,21,356,71
"COG2166",154,790,754,137,1003,610,407,482,658,965,694,784,843,696,891,796,636,737,1214,1182,674,828,932,922,819,579,705,459,843,591,757,1059,672,399,642,848,824,1289,947,691,473,1248,791,701,1175,1235,980,577,950,776,553,1509,804,1097,771,777,1072,636,797,95,213,1012,609,539,899,1022,774,212,145,1076,815,1010,1330,663,793,507,933,641,852,136,1027,827,423,607,1244,714,1263,1071,927,1172,751,966,594,985,768,37,1070,1053,977,731
"COG2168",31,19,40,36,276,0,8,4,180,22,67,1,77,4,40,9,5,248,33,9,4,0,2,181,2,1,0,60,39,0,15,35,99,50,8,11,19,15,26,0,24,2,2,1,60,50,2,10,62,6,0,41,3,44,2,3,12,11,8,44,56,1,4,1,27,40,0,8,0,11,483,4,11,16,2,8,16,4,12,34,29,7,35,8,19,11,10,4,14,12,5,56,0,27,0,2,2,1,38,10
"COG2169",58,49,266,82,605,424,10,261,390,537,234,202,347,281,396,67,96,427,830,51,453,107,175,203,303,196,256,183,696,71,223,848,196,667,107,219,331,199,664,271,504,134,322,97,285,572,108,195,701,169,366,122,303,739,399,454,661,189,518,73,159,103,324,45,123,405,47,152,90,111,579,26,283,235,102,213,300,434,578,76,295,159,324,149,187,161,486,386,346,131,266,1195,245,379,374,12,223,65,749,108
"COG2170",6,12,13,30,151,0,1,2,65,16,47,0,35,1,13,8,3,147,5,1,2,0,0,91,1,0,0,35,19,0,4,11,65,18,2,3,4,2,12,0,24,1,1,0,11,18,0,2,18,3,1,52,14,38,5,3,19,10,6,64,54,0,10,0,59,53,1,5,0,13,641,0,16,15,4,8,12,6,13,54,32,3,78,8,23,7,23,4,9,9,1,95,4,18,1,1,3,2,41,3
"COG2171",560,85,224,319,868,97,110,651,463,137,138,323,122,227,387,599,115,382,59,61,52,105,59,384,129,65,186,139,178,242,70,125,273,242,133,105,97,57,354,233,299,130,222,56,78,164,128,67,316,74,32,38,31,93,81,41,16,139,119,385,640,17,44,29,29,64,35,167,357,17,210,7,21,88,26,50,16,62,19,267,25,34,54,15,44,27,60,19,27,17,11,40,88,69,3,295,35,38,100,19
"COG2172",585,996,717,1415,472,909,993,417,990,353,751,642,575,760,563,428,678,628,823,314,838,665,547,165,607,1013,946,812,755,734,656,488,722,1507,978,386,641,388,754,718,1197,256,588,786,411,620,606,732,967,597,1325,119,703,661,736,682,400,834,507,707,436,620,782,996,674,400,872,1284,458,351,593,222,432,933,563,889,726,1102,652,917,471,920,1333,1032,319,800,417,628,546,564,928,503,968,628,837,411,445,348,716,715
"COG2173",1002,1039,583,149,678,566,169,58,372,992,684,671,1236,776,640,102,292,409,1067,99,840,823,509,304,1026,492,563,359,648,107,629,825,712,495,672,1236,990,1388,894,685,465,265,807,802,915,1380,786,314,885,697,626,155,1125,988,1079,877,1346,409,639,332,191,737,882,170,436,462,252,663,197,279,331,378,1396,685,946,564,1487,310,876,128,915,1060,362,836,588,461,1138,851,1341,952,964,1093,678,919,1019,28,569,63,1011,194
"COG2175",7,14,23,27,107,0,0,3,58,11,28,0,32,0,7,6,2,110,12,1,2,1,0,62,1,0,0,35,29,0,4,30,42,31,3,1,4,3,5,0,6,0,0,3,16,11,3,3,21,3,1,36,8,32,8,4,13,14,13,78,109,2,5,3,34,81,1,8,0,10,538,0,12,19,2,13,10,4,19,30,41,7,81,3,23,7,11,3,19,11,3,86,0,26,0,0,1,2,62,5
"COG2176",6259,3483,3477,4436,1996,4847,6636,7469,5084,2036,2829,4085,3349,4202,3417,2824,4030,3594,770,2200,3083,3107,4511,2631,3478,5672,4696,4974,3532,5478,3990,1148,4255,7698,4392,1863,2814,1850,3400,5192,6838,1437,3123,4774,2140,1364,3336,4181,3596,3466,6772,1796,3946,2228,2901,3454,3373,5697,2695,8619,4874,3260,4294,6523,4087,2607,6372,10784,6475,1709,1628,2939,1966,4541,3431,5667,3620,6364,1809,8186,1200,4456,8871,5300,2752,5553,1160,3225,3192,2081,4315,1257,10457,2963,3802,8644,2343,6100,1929,4849
"COG2177",2435,1820,1735,2159,1727,2535,2515,1901,2325,1775,1868,2081,1642,2412,2323,2239,1929,1764,1733,2290,1857,2136,2162,2427,2120,2382,2385,2310,2097,2665,2136,1562,1769,2682,2582,1669,1661,1279,2239,2492,2381,2308,2201,2404,1828,1641,2411,2140,2434,2270,2402,2406,2084,2027,2291,1950,1548,2574,2339,1678,1842,1987,1889,2573,2724,2127,3024,2287,2033,2251,1745,2248,2147,2334,1932,2065,1973,2690,1543,1864,1584,2225,3020,1566,2017,2289,1566,1954,2027,1804,2097,1613,3022,1862,1701,1783,1991,2376,1670,2785
"COG2179",1103,423,440,637,302,705,943,690,577,175,355,486,516,490,361,337,580,500,193,210,518,506,570,174,523,708,863,656,522,601,357,149,594,709,739,244,291,202,500,754,799,128,281,679,305,226,314,783,751,266,1036,99,578,456,399,584,167,606,354,1176,507,497,537,1000,524,212,886,758,512,220,364,168,238,415,395,733,487,1374,251,996,180,661,1082,826,198,704,136,530,388,263,563,74,1249,289,509,326,340,379,273,728
"COG2180",179,93,85,73,412,7,11,27,235,61,109,24,188,22,69,28,74,409,63,13,11,0,17,290,14,5,71,143,58,65,18,129,262,134,15,54,37,59,47,34,84,7,3,2,72,55,10,20,123,75,39,79,23,69,60,84,22,30,26,171,121,52,20,7,79,139,9,23,32,24,649,2,52,21,9,68,23,95,36,100,70,15,114,18,48,29,108,2,49,38,10,166,46,148,0,10,11,3,91,25
"COG2181",168,156,83,84,379,5,11,27,244,64,128,37,143,39,135,18,128,334,84,8,15,20,36,229,49,14,39,128,67,52,24,109,216,151,35,87,54,39,62,41,116,32,43,7,60,71,9,24,162,118,38,92,30,72,28,48,22,48,36,168,103,47,34,16,80,84,18,64,33,32,566,4,37,18,46,59,35,70,29,68,89,33,104,12,44,28,82,10,81,55,11,190,35,138,0,17,17,6,116,36
"COG2182",3869,1928,987,2231,1227,2112,2635,2124,2137,90,1178,1513,1408,1334,941,4845,2754,2118,217,612,967,1127,2110,805,739,2582,2353,3031,1404,1745,1120,214,2078,1048,1580,279,1737,689,660,1074,592,504,875,1522,219,418,1074,3495,883,401,3602,274,1344,611,858,1830,270,688,490,2436,3259,966,1459,1311,1737,414,751,1036,2321,596,1273,514,215,824,1096,478,2782,624,721,3159,641,1067,1266,1469,370,2505,221,901,637,422,2259,373,453,984,1604,764,1259,610,172,1597
"COG2183",4895,3069,3902,4580,3087,4379,4603,3561,3859,4531,3383,3343,2891,3879,3297,3422,3858,3460,2579,5218,2930,3752,3486,4257,3310,4079,3789,4080,4252,4193,3796,3566,3403,4665,3738,3791,3990,3317,3749,3916,3373,4608,4687,3831,2731,2995,4381,3316,3201,4221,4241,2357,3436,3364,3452,3036,2311,3825,3818,4456,1467,3480,3822,4627,4292,3742,4876,4095,2594,4449,2728,4638,3236,3378,3548,3080,3056,4243,3863,2789,3082,3868,4615,3870,3299,4126,3342,3534,3400,3991,4032,2116,5950,4222,3511,4653,4229,5785,2754,4606
"COG2184",470,1296,246,1475,615,892,1125,1331,834,461,655,1031,798,528,1209,2163,642,685,509,1195,1256,701,1358,2263,403,1829,1601,740,515,718,449,484,931,1393,1101,699,593,236,745,916,489,1167,827,581,615,443,622,1647,478,949,1150,2655,607,724,612,607,756,785,736,583,1788,786,508,921,1472,1422,1082,2083,1032,2245,543,3398,602,1330,623,1043,967,1171,964,1527,582,1223,2249,955,478,1350,339,879,545,350,807,833,924,668,1084,238,1616,1877,466,2086
"COG2185",959,3083,2347,334,2893,2172,700,716,1100,5184,3953,3726,2745,3096,2905,962,3175,1237,3424,399,3338,3663,1252,1504,3405,2526,1810,2488,3535,3767,2659,3850,2355,1382,2210,3949,4203,4053,3392,2274,1938,3724,4421,2928,4393,3534,3145,1729,2614,3473,1988,1180,2861,3190,3514,2733,3698,2984,4053,538,490,2868,2586,2949,1538,5434,1366,2270,363,2773,993,2711,3807,3258,2902,2584,3524,3024,4552,289,4208,3551,1358,1935,4908,1968,5099,3413,4004,4269,2904,3914,2209,3969,2531,5128,2325,942,3264,1597
"COG2186",1625,1832,2070,1893,5091,1501,1814,747,3377,1531,2099,1554,2269,1391,1963,725,1279,4190,2684,1002,933,1393,905,3667,1361,1118,1542,2423,1659,944,1235,1542,2421,1914,1610,1015,1036,1062,1510,2170,2026,1070,934,1704,1388,1886,1050,1717,2009,1554,1185,878,1373,1456,1214,1344,772,1931,1081,2081,2274,1008,1797,1484,1142,2629,1147,1526,2370,915,9045,1332,1417,1846,1506,2160,1125,1527,929,1778,1365,1178,2305,1762,1567,997,1168,1221,1346,1290,1190,2229,1142,1483,858,3955,1625,1173,3477,842
"COG2188",5836,2147,2549,1879,5178,1990,2299,3200,4613,2426,2266,1309,1898,1306,2264,649,1396,3881,1972,487,1082,1350,835,2738,1602,1600,2088,1983,1727,1798,1331,1149,2618,1461,1977,1355,1259,1659,1566,2159,3270,1250,1606,1579,1793,1934,944,1133,1978,1953,2032,850,1591,2058,1244,1658,2398,1401,1304,4134,3890,1348,1166,2054,1294,3052,961,2545,3461,817,6878,2698,1367,1919,1776,2260,2658,1739,913,5051,1218,1155,2410,2092,1294,1046,1700,1414,1340,1814,1786,2717,1306,1843,1767,6325,1096,1234,5010,989
"COG2189",6828,2385,368,1859,620,1902,2538,3093,1301,849,571,2073,1812,1665,893,5804,1699,532,256,3439,1741,1826,2206,2342,1769,1895,2029,1309,1121,3267,1140,1985,1577,1624,693,1645,2072,1149,2120,1345,758,2192,446,745,1723,1274,3841,980,2314,1174,1431,2810,2655,1200,1031,1144,1113,2480,1459,354,491,1963,1455,1493,2427,1839,2628,1657,1727,1698,6,6360,1424,1465,1195,860,670,1097,1530,797,1207,1014,2622,514,999,1184,1180,1508,2030,635,2508,1659,1936,1370,2080,1489,6768,4724,335,837
"COG2190",9942,1857,5590,7965,3170,1403,5736,6886,3345,1126,1747,1721,1506,1214,1604,1028,1356,3450,1068,611,1137,760,908,3734,974,1596,1346,1809,1880,1619,843,1362,1842,1412,1699,662,902,893,877,1419,1547,369,1096,1615,1015,1435,938,2349,1469,941,1878,995,2336,1660,1070,1320,1043,844,739,13233,7179,1259,1784,2323,1293,1164,857,867,6438,874,6609,1349,1296,1961,1378,3022,1750,1420,805,7927,428,890,1140,2645,565,1301,740,1500,1408,1198,1563,863,1059,1187,2701,3686,662,1127,2292,1117
"COG2191",18,88,44,56,39,23,7,3,13,63,61,39,6,68,70,9,51,14,19,3,27,42,23,3,26,27,207,19,31,26,6,16,34,207,130,33,43,15,88,39,208,17,23,24,12,14,17,12,114,45,27,0,39,30,58,45,45,47,30,52,3,41,25,41,19,24,44,305,0,15,20,4,26,21,39,71,24,73,7,0,15,33,70,16,30,17,33,11,63,13,5,28,59,85,18,24,36,15,7,17
"COG2192",0,331,15,0,127,143,13,8,38,100,0,0,0,31,140,13,882,14,9,28,248,16,94,0,5,131,32,29,455,12,1,0,17,226,36,1,15,0,242,3,123,49,19,12,3,2,43,36,237,219,769,59,7,333,63,106,48,67,65,0,0,42,21,35,180,75,44,496,357,15,6,12,46,0,85,321,34,160,62,3,10,13,130,11,5,289,67,233,16,32,37,1,255,3,289,3,38,5,1,312
"COG2193",81,114,444,156,733,173,42,14,362,380,340,233,451,342,642,54,230,614,375,33,322,434,236,318,243,185,224,273,216,45,474,405,481,179,194,396,339,772,429,542,153,429,245,127,526,686,183,215,726,208,263,56,419,488,304,492,403,366,250,76,127,463,347,42,139,352,85,104,126,267,742,278,378,279,558,221,185,302,257,77,366,346,208,287,543,227,578,257,481,480,329,155,331,378,357,28,186,43,298,93
"COG2194",1532,2442,2103,904,7516,2977,1505,1878,1932,3102,3554,2426,2364,1992,5299,4955,1927,4414,3534,2877,1444,1834,2541,6405,2497,1836,1860,1618,2722,1706,1455,3519,2459,2014,1548,1775,1945,3555,2861,2670,2125,2945,1594,1518,2860,3047,2126,1165,2784,3059,1357,7036,1837,2697,1870,1735,2876,3933,3032,1201,1193,2188,1599,989,4072,3266,2730,1580,2147,6571,7359,5260,2086,2214,1777,1453,1811,2487,2505,419,2975,2016,1862,1274,3468,1303,3066,2272,2071,2543,1844,2775,2351,3166,1462,2415,2903,3207,2377,1497
"COG2195",8436,6734,5901,2947,4142,6755,6064,7739,6389,6349,6713,6204,5205,6414,7486,8533,6165,4683,6244,8906,5911,6947,8679,6900,6987,6198,7403,6520,7227,7652,5841,7383,5458,4751,6214,7214,7180,6576,7507,6613,7500,9234,8093,7620,6662,6015,7749,5464,7638,7508,5503,11093,6225,6622,7306,6392,5739,6475,8088,4619,2466,6507,6348,5808,7394,6626,6796,5312,5449,7699,4707,7307,6998,6020,6044,5165,5886,6267,6997,5376,6914,6350,5675,6332,7226,5893,7364,6053,6458,6842,5899,7105,5086,7659,5128,3505,7772,9074,6323,6005
"COG2197",3763,10168,10862,2996,9020,7797,2867,4286,5188,10777,12703,8160,8710,7819,7249,4076,6142,6931,18099,3749,16077,10092,8284,7742,13430,5383,6271,6147,7133,7552,8447,13066,7730,5335,8139,15476,12061,12564,7963,4891,6556,8883,8592,8604,10317,15184,5732,6719,6858,10862,6506,6323,8166,16245,14432,12520,26203,4071,9536,3115,11881,8920,9913,6588,6799,13061,4132,4117,6327,6349,6775,7114,11406,9287,10939,5487,14561,6077,15846,4772,19920,8602,5006,5522,8992,4952,13053,7319,9174,8158,10819,21075,7743,6582,8815,8897,8374,4192,15724,3306
"COG2198",287,519,747,794,4636,22,89,81,2298,470,1092,37,1415,219,782,172,93,4241,518,90,77,53,41,3116,114,107,18,1290,702,8,229,871,1856,1232,66,220,196,116,402,29,504,50,246,133,577,716,61,140,1126,95,34,549,139,486,53,102,138,184,246,583,945,44,148,61,493,1045,30,87,0,235,7226,29,203,195,214,173,234,91,275,296,631,63,587,134,244,237,250,44,231,176,105,859,77,642,9,44,64,32,700,74
"COG2199",9417,8483,7473,10821,18343,10344,10835,5796,11506,2408,8481,5561,8497,6989,6080,7545,7375,19419,3814,3348,6241,5205,9721,11210,4112,10762,7814,15568,9181,5828,4198,3665,14000,6696,7952,2484,5226,3534,5800,7764,3696,1775,4182,8484,3756,4544,3528,18937,7851,4779,15981,2555,7470,3760,4847,6928,2562,6538,2844,8195,8144,5833,8827,8841,8511,3872,9109,8513,5988,4147,25858,1912,2916,3243,7229,5023,9037,5333,4891,8152,4393,9030,8389,10270,2962,11182,3164,7474,3803,3169,6967,6343,3742,6424,7556,5293,4625,3902,11216,8637
"COG2200",4908,4865,4378,4992,12982,4066,4314,3272,6325,1447,4215,3039,4691,3109,3097,3798,3890,12615,2280,1299,2844,1892,3794,7101,2079,4768,2714,6867,4032,3044,1565,2519,7139,3554,3002,1064,2278,1925,2679,3951,2355,936,1644,3312,2210,2677,1393,8309,4224,2657,7186,1445,3216,1765,1944,2800,1295,4179,1160,2882,6324,2152,5554,3802,4447,2565,3041,4503,2939,1514,20831,775,1589,1258,2989,1678,2470,1927,2193,4670,2401,5777,3948,3647,1448,4130,1494,1840,1804,1444,3661,4937,1742,2884,3811,3642,1762,1619,7535,3649
"COG2201",1185,391,246,103,495,477,558,233,442,204,323,378,506,506,224,818,347,709,66,175,285,357,638,286,221,751,322,964,585,393,388,182,622,198,520,119,375,268,235,538,143,111,357,578,121,180,249,930,236,374,988,79,334,147,303,460,63,346,83,87,75,327,634,482,568,114,217,93,88,236,673,156,122,81,504,156,930,211,289,203,186,639,349,407,144,947,176,363,143,190,637,319,191,339,306,69,347,138,578,574
"COG2202",1999,2813,1688,2478,6155,561,307,282,1120,1493,2361,461,2524,1151,1348,1028,571,4999,2724,133,3125,720,471,3209,1855,693,644,1828,1407,136,961,2119,2343,2290,749,1352,1375,1326,1107,476,744,566,607,546,1325,2266,200,661,1394,1099,575,662,1012,2475,2134,1404,2474,740,988,343,1427,767,1413,263,1054,1021,1040,513,308,674,10430,266,969,908,1157,737,1422,591,1572,485,2393,756,535,997,1103,587,1454,974,1262,948,1169,3899,863,1881,939,343,686,119,2741,303
"COG2203",52,104,76,110,532,134,46,18,719,50,157,28,214,67,116,122,86,679,90,13,263,52,4,369,103,150,10,263,147,30,55,86,387,183,69,26,23,28,91,123,417,32,78,22,109,84,75,81,192,89,337,64,39,76,113,250,20,26,25,219,141,31,91,402,191,137,26,80,0,44,800,3,27,34,85,71,64,30,29,233,99,263,385,52,109,281,32,36,27,68,8,551,1077,58,18,7,6,55,628,586
"COG2204",2841,10771,10187,1265,6578,8857,3023,4940,5120,22888,11178,9472,12104,11011,11585,10338,9502,7629,15364,8689,10457,11295,12787,6886,12129,6338,7700,7421,12867,7824,12578,14297,9460,7555,10273,16705,17611,13767,11692,8717,7511,14595,14126,10250,14769,15302,16223,6551,10310,11237,5748,13456,10086,15413,14082,11847,16412,9705,14111,562,1831,10010,10907,5582,9017,12876,6325,3094,1722,10764,4763,12165,20315,8931,10085,7461,11905,9258,16966,938,17487,10188,5498,9208,15483,7162,15766,10881,13890,14521,9181,13691,10233,13736,11990,742,13497,8802,13071,7146
"COG2205",3123,3619,3122,3308,3424,2962,3038,1851,3429,2705,2680,2809,2534,3124,2370,5760,2925,3098,2947,4761,3380,3836,2440,2186,2950,2955,2972,3736,3565,3106,3652,2678,3807,3418,3490,3205,3260,2804,5427,4304,2853,1985,3032,3671,3348,2672,3834,2164,3034,2560,2621,994,3321,2597,3463,3698,2502,3388,3080,1954,1426,3356,3040,2816,3662,2750,2770,3834,1892,7231,3978,6763,3376,3182,2738,4273,2531,2375,2120,3550,2220,2952,3178,3946,3618,2614,2594,3515,3104,3187,4008,2831,2851,3499,2940,4569,1871,3593,2257,1900
"COG2206",4009,2168,845,2196,349,4157,5429,2356,5098,137,2211,1980,3076,3451,1523,1916,2854,3426,359,1623,4162,2576,3241,1475,1758,4572,3311,7262,2485,2818,2287,501,3260,1612,3711,869,2553,1668,1595,2606,1086,694,1883,4578,334,763,1504,7791,1870,1938,4821,303,3030,862,2432,3013,387,1358,773,1422,571,2436,2235,2770,3099,663,1983,602,1726,2420,1204,1291,552,1273,3565,1579,3458,1668,1755,2749,1225,2722,3565,5374,1017,6708,614,4038,1427,1060,4782,595,1487,2679,2923,863,2195,1959,1315,4461
"COG2207",24453,44163,52724,28820,27158,39362,31189,25123,34278,57574,50297,50340,46559,40616,39018,25734,37325,38988,67442,25555,71197,49344,42734,23812,59328,37957,38297,35800,41010,36593,47443,67941,43159,33474,44925,63630,55406,75910,41044,38032,36337,42425,44203,49604,54959,74462,37063,42736,40936,47518,38347,35586,50323,62601,54396,59873,80449,28724,43955,26537,19455,55716,50546,42784,31018,60382,27073,25215,19377,39134,29425,33216,50055,44398,67425,40470,58499,30456,72511,31181,74411,48597,28168,38486,47617,34694,56234,48179,50732,46842,51055,66726,36907,39292,56102,19583,53497,29015,71578,30817
"COG2208",901,2195,2073,5387,1406,1444,2321,832,2216,441,1544,1063,911,1830,877,1736,1547,1428,596,894,1423,1526,1038,401,1080,1774,1475,1816,1410,1487,1675,944,1601,3396,1970,753,1320,803,1111,1455,2488,356,1546,1437,363,1162,1409,1947,1220,1289,2224,242,1683,1353,1345,1207,659,1779,1019,2095,934,1009,1144,1992,975,954,1201,3524,1742,852,975,382,438,2211,1323,1085,1035,2979,1118,2503,728,1434,2832,1966,758,1209,877,1148,948,1088,1644,1031,2807,1477,2987,1437,844,871,1655,1930
"COG2209",18,396,214,10,244,614,354,703,469,820,689,588,737,512,633,1167,796,239,608,1352,636,617,768,806,659,658,649,547,574,792,389,554,406,200,564,520,465,350,647,489,403,1347,452,510,877,326,858,459,402,792,365,1215,437,483,612,498,536,648,1094,95,29,527,514,511,793,623,986,274,28,939,2,1031,653,593,294,920,429,660,675,390,515,557,393,573,753,845,752,504,657,568,275,717,324,553,286,165,945,1067,304,1004
"COG2210",264,1677,1703,541,426,983,444,356,791,1924,2523,1197,2505,2116,1066,409,1245,726,2830,639,1950,2023,1190,55,1947,1027,739,1537,1832,2105,2011,2611,789,789,771,2557,2265,3411,1429,1272,855,1138,2099,1604,2766,3392,923,1050,1250,3413,832,1997,1871,1817,1619,1871,2656,989,2014,27,266,1997,1617,1453,1102,2425,503,447,476,1503,81,1125,2892,1436,1914,1303,1650,1534,2618,195,2764,1741,439,1852,2460,2049,3139,1741,2474,2536,1708,2691,1101,2586,2232,100,1240,160,1945,2530
"COG2211",3340,1678,2605,2300,2236,2552,3514,2751,2855,1611,2868,2496,2321,2269,2236,3006,2217,3196,1463,1260,1610,1667,1480,3185,1794,2380,3198,2650,1923,3066,4259,1337,2577,1484,2992,1842,1487,1742,1426,1915,6891,1650,1995,2733,2032,1212,2339,3569,3133,1568,7161,3354,7659,5481,4090,5160,3869,10126,5249,12147,14731,5659,5817,5930,8285,5449,7704,8318,9202,7088,9846,11150,5692,10548,7634,11483,4822,9373,4374,10380,4711,5114,11289,6588,5006,6476,3904,6238,5559,3511,8016,4850,3662,6372,6700,14706,5124,7244,4220,5238
"COG2212",0,5,5,0,1,1,8,0,33,12,2,5,1,2,5,0,0,1,2,0,1,2,3,0,16,26,2,1,11,2,2,5,58,38,0,3,8,3,26,7,16,8,1,16,9,0,14,3,5,3,19,0,2,3,8,2,1,5,3,12,0,1,6,30,7,5,4,30,0,2,30,1,7,9,2,2,5,3,0,12,1,73,3,0,2,5,5,0,1,1,1,11,6,0,2,0,2,3,17,6
"COG2213",86,183,494,509,1811,479,866,947,615,1218,515,165,690,198,475,109,401,1693,243,62,124,74,136,1700,46,67,148,585,380,269,68,306,640,447,184,175,185,452,286,436,279,363,108,325,287,279,323,88,416,435,33,254,208,471,187,66,282,312,348,1267,1089,76,96,440,334,966,122,119,884,86,2709,1694,73,342,501,254,100,397,116,522,292,121,219,107,408,129,118,98,124,63,1027,423,127,476,67,3429,28,571,275,82
"COG2214",761,1364,1176,1083,1131,1159,1441,995,1305,1059,1758,1468,1438,1148,892,648,1405,1130,1206,840,1250,1167,1457,1021,1093,1241,1140,1408,1387,1665,1115,1330,982,1631,952,1234,1529,1429,1107,873,1539,1132,1283,1272,1293,1439,1028,1225,1205,1205,1420,1576,1393,1280,1365,1204,1209,912,1158,823,904,1121,1242,1589,1131,1108,1507,1249,1392,1029,964,768,1174,1426,1050,1188,1374,1604,1584,1405,1383,1139,1822,1533,1041,1383,1453,1297,1361,1339,1585,1211,1415,1494,1464,486,755,759,906,1370
"COG2215",22,30,52,44,249,2,8,11,634,24,94,0,82,1,36,27,14,257,25,12,6,0,6,122,5,0,2,65,24,0,25,25,192,25,0,24,9,10,30,0,123,9,21,2,33,29,5,5,40,4,0,23,3,46,6,0,10,10,5,182,51,3,8,0,21,99,3,3,4,9,300,15,11,5,7,8,2,5,15,94,21,4,63,3,45,18,12,1,8,3,5,323,0,32,0,1,29,1,14,21
"COG2216",594,2016,1815,1539,2292,1070,302,426,1148,2998,1442,1896,1841,1670,1273,377,1642,1134,2882,129,1820,2660,1168,1173,2512,1114,874,1333,2148,1597,1619,2458,1610,1350,1622,2530,2578,2378,2665,1971,1714,1196,3257,2003,2543,2794,3563,889,1964,2196,963,946,1789,2657,2160,1669,3033,1858,2579,659,868,1971,1698,1508,985,2904,514,1025,240,851,2032,1725,2088,1758,1653,1472,2180,1341,2589,281,2422,1868,718,1196,2043,1169,2817,2053,2286,2488,2385,2814,1627,2456,1602,3888,1221,1068,2847,769
"COG2217",16068,10972,9255,13510,8054,9938,12746,13607,9230,8746,7527,9914,10526,11192,8852,7711,12711,9100,6832,5805,9404,10424,9668,7153,8796,10086,8303,11106,10165,10033,10662,8331,10829,11942,9520,8478,9303,7672,8734,8838,12231,7386,10000,9739,8500,8130,9658,9445,8476,10293,10484,7454,10569,9008,9002,8881,6588,11750,9764,14115,11482,9734,10118,9974,8943,6822,8939,13891,13134,5838,6967,8077,7412,10928,9157,12390,7349,12067,8917,13841,7692,8877,10998,12158,8911,10259,8221,9907,10148,10764,11439,6768,11004,9285,10941,14738,8359,7932,6673,9742
"COG2220",1803,3667,2777,516,1939,2500,1466,1770,2761,4572,3238,3579,2667,2723,4048,2799,2990,2145,4786,2676,3318,3673,2660,3461,4033,2335,2621,2325,2594,3242,2918,5471,2456,2475,3368,3567,3687,3257,4264,3495,2983,3315,4483,3529,3644,2827,4145,3069,3782,4187,2739,6122,3815,4062,3764,3578,4948,2916,4133,1253,775,4337,2131,4008,2219,3500,2012,2097,2073,3498,824,2793,3527,3564,3979,2496,3978,3334,5004,1247,3064,4161,2425,2340,6078,3050,4570,3281,4540,4195,3221,3776,4055,2517,2651,2837,3541,2652,3208,3270
"COG2221",490,771,643,3178,216,670,1187,575,956,335,422,377,227,472,427,230,724,696,140,230,206,244,415,195,331,539,345,653,623,748,329,248,316,360,579,306,395,324,465,540,507,226,580,369,123,258,279,845,522,478,487,131,599,343,434,235,195,371,249,1278,377,527,743,616,372,382,280,428,1062,280,414,377,168,634,587,415,218,471,208,526,131,442,251,636,199,511,350,372,242,265,617,666,261,559,948,810,260,368,653,317
"COG2222",543,867,786,1695,2119,531,1554,414,1989,425,578,266,1450,588,733,385,650,1890,539,200,910,370,366,1351,667,769,692,934,520,490,636,407,908,987,635,727,370,288,609,701,1988,249,875,594,491,806,289,459,636,766,516,367,818,634,399,856,330,700,485,1343,766,439,567,521,515,826,510,759,563,455,3229,453,890,1049,390,1832,354,346,218,1698,291,317,933,1735,347,374,499,980,785,608,472,721,384,701,935,748,489,545,1361,483
"COG2223",372,142,161,178,881,2,19,28,340,74,248,33,287,24,141,42,99,792,113,13,6,1,12,458,9,6,51,275,108,126,37,167,366,177,13,74,44,54,53,16,141,9,5,7,104,92,6,27,136,124,36,107,24,111,54,50,30,56,40,386,230,47,20,3,136,134,8,15,63,46,1266,7,77,32,5,79,32,45,44,131,107,10,148,34,60,32,126,10,43,29,7,288,29,128,4,16,7,4,156,15
"COG2224",39,62,126,115,642,2,4,16,192,61,153,1,195,2,97,37,12,625,63,3,8,1,2,378,1,1,0,178,68,0,17,87,235,113,6,43,23,11,57,0,100,8,3,5,81,93,8,15,81,16,0,75,15,50,10,6,12,33,21,98,126,4,4,0,57,114,1,7,0,20,1098,2,20,37,4,23,18,10,34,73,70,10,97,20,41,7,24,4,28,11,3,121,4,53,1,5,3,2,103,7
"COG2225",89,155,311,308,1889,8,15,21,199,181,365,4,604,12,244,42,22,1512,215,7,13,3,5,1311,12,1,1,394,219,1,33,251,688,374,20,86,81,43,128,0,67,18,9,8,228,209,17,70,325,26,2,237,31,158,8,18,60,43,73,166,300,20,19,3,185,269,3,32,0,35,1350,4,82,86,3,52,66,17,82,115,237,18,116,42,65,19,81,6,68,22,12,202,2,174,1,18,7,4,324,3
"COG2226",727,909,1233,780,1024,738,505,1364,644,1245,1180,931,1182,1077,1333,954,1245,885,1374,1208,821,1207,1417,976,999,860,816,735,1139,1156,1087,1228,1236,941,961,1387,1111,1743,1248,979,973,1726,1043,825,1439,1382,1033,782,1138,1264,681,1874,958,988,633,1297,1398,1335,1643,533,448,1024,861,939,1034,1311,943,801,1253,1230,837,1157,1115,860,1086,718,617,1167,1439,472,958,1011,798,613,1186,985,1598,836,1181,1243,1151,2225,704,1123,827,141,1196,1173,1157,1044
"COG2227",43,510,151,22,350,216,5,9,176,212,106,308,166,221,129,111,75,153,265,13,445,368,127,693,436,65,702,80,413,215,246,198,223,255,208,291,358,308,345,93,129,56,514,289,218,152,231,98,391,111,138,31,163,408,662,357,212,123,224,62,65,212,69,113,145,169,335,83,1,120,123,14,613,191,247,144,729,57,404,52,555,265,290,19,273,73,163,252,201,357,268,673,305,257,154,3,196,15,69,79
"COG2230",304,321,665,1601,1101,505,584,1161,2024,498,407,705,368,494,542,293,376,994,258,168,355,266,115,743,228,203,281,662,570,713,163,222,399,330,545,229,368,374,322,783,358,232,154,575,198,314,168,248,504,494,272,183,292,245,384,168,225,444,282,1232,1740,490,319,618,452,620,306,258,2221,144,1371,546,179,376,432,225,232,359,150,925,189,734,514,972,260,176,226,270,134,129,534,415,325,399,316,1498,151,494,1122,260
"COG2231",2,6,11,56,4,0,17,294,34,0,6,124,0,1,1,1,0,0,4,1,0,0,0,28,3,0,0,0,6,72,0,0,0,82,62,1,1,2,0,2,0,0,0,0,0,1,1,1,2,6,1,31,0,303,1,1,0,5,48,224,14,0,3,7,1,0,4,13,611,2,0,0,0,1,1,1,1,0,0,212,0,2,6,5,3,3,1,0,0,50,4,0,0,1,4,13,0,5,10,1
"COG2233",4148,4609,4307,4840,6030,4723,6159,7217,5121,3803,4769,3244,4858,3526,4670,4839,4027,6367,4071,4206,2911,2459,3446,6763,3080,3781,3828,5197,3965,4859,3648,3357,4220,3793,2997,3411,3425,3203,3575,3944,4748,4053,3725,3357,3550,3819,3695,5225,3847,4592,937,1343,1361,1175,869,1017,1307,1533,1236,2062,2909,1031,1200,1321,1455,1347,1809,1234,1911,1242,2771,1667,942,1491,1250,1527,1007,1107,1182,2326,972,979,1353,1850,1001,1400,1120,1099,1136,1163,1517,1492,730,1488,1309,2681,1324,2177,1718,1291
"COG2234",966,1890,3795,3767,1283,1401,2450,1206,2939,2233,3386,2613,3883,3158,2173,1023,2172,2201,3778,671,2527,2339,1484,898,2563,1832,1653,2169,2765,1278,4594,3241,2475,2304,1626,3103,2801,4848,2657,2067,3793,2124,2559,2425,3889,5294,1967,1975,3211,2308,2411,1077,3354,2578,2083,2901,4008,2508,1828,1560,933,2804,2577,1682,2391,2185,1240,1926,1465,2719,1547,2992,3775,3070,3101,1976,3476,2592,3176,2623,3124,2634,2876,2916,3193,2221,4338,3350,3984,3888,2706,2289,1991,3857,3827,680,1818,729,3067,1685
"COG2235",3,13,95,111,1564,191,177,780,39,75,37,97,22,149,322,122,115,99,66,31,34,233,38,47,200,128,275,50,71,220,53,142,285,826,163,23,71,38,446,804,1075,127,177,114,57,159,153,45,535,70,400,27,227,134,349,260,34,593,410,274,390,101,91,123,68,209,444,1018,240,69,2456,30,61,673,133,94,66,635,7,608,36,179,699,11,192,95,114,16,172,221,20,156,248,84,13,31,139,80,180,104
"COG2236",196,0,0,0,0,10,9,13,18,34,13,13,0,33,17,19,11,3,8,3,0,19,4,0,7,1,0,5,29,5,0,5,1,9,2,0,12,2,16,7,3,29,21,0,6,53,1,3,11,89,2,2,2,14,7,0,0,5,9,0,0,3,9,6,2,2,2,4,0,0,0,1,4,1,12,4,2,2,0,0,2,5,1,1,2,0,7,27,5,3,7,0,3,2,0,0,2,2,1,0
"COG2239",3602,3076,2244,2827,1276,2601,3494,1768,3003,2591,2813,2847,2807,3333,2015,1384,4120,2149,1913,1296,2939,3281,1599,661,2955,3941,2918,3362,2810,2804,3408,2616,2274,2907,3669,2551,2728,1679,2236,2112,3797,1622,3224,3313,3023,2002,2427,2621,2794,1880,3361,798,3203,2787,2845,2941,1859,2993,3041,1991,1234,3305,2966,3218,2287,2193,2040,4153,1339,1405,1126,1137,3352,3153,2481,4822,2639,2625,2554,2824,2352,2788,2897,3469,2523,2873,2431,3186,3409,2654,3117,2551,1988,2405,3557,1179,1724,1575,1787,2837
"COG2240",2452,1717,1967,1698,1674,1764,1685,2128,2089,1664,1552,1482,2013,1821,1756,1356,1627,2059,1554,1621,1451,1231,1557,1993,1148,1423,1684,1566,1548,1812,1859,1602,1791,1576,1353,1736,1637,1935,1457,1720,1912,1598,1470,1254,1571,2079,1716,1700,1827,1449,1486,1741,1907,1684,1221,1654,1631,1972,1242,1974,2427,1499,1817,1502,1493,1293,2077,1952,2742,1224,1981,2007,1483,1649,2023,1707,1360,1598,1291,1947,1243,1750,1860,2140,1363,1424,1536,1297,1929,1456,2151,1435,1153,1710,2081,2689,1492,1704,1597,1034
"COG2241",676,794,1590,1862,366,1139,1571,1171,922,1272,884,1229,1558,1052,1023,481,1887,1175,633,488,1283,1311,936,520,986,1080,868,1156,1842,927,1428,1540,1510,851,1161,1780,1742,1626,1385,1221,1211,565,1352,1635,1283,1492,1033,1880,1346,1217,1360,253,1683,1065,1403,1432,858,1279,701,1229,670,1423,1579,817,693,852,561,1217,1617,1205,472,991,1359,1025,1631,2199,1328,1231,1446,1417,1623,1271,1066,1865,1194,1192,1777,1685,1724,1919,1688,655,1059,1675,1628,1432,729,574,1511,719
"COG2242",622,757,1382,1882,342,1122,1533,1122,929,1043,729,1206,1563,1020,1007,492,1694,1098,659,486,1146,1205,755,543,995,1004,817,1120,1786,918,1239,1235,1240,859,1124,1482,1409,1467,1369,1155,1179,560,1345,1573,1250,1432,1028,1517,1283,1157,1335,261,1629,924,1343,1310,882,1230,706,1250,713,1269,1426,784,655,900,586,1235,1556,1181,352,1017,1307,985,1285,2157,1319,1200,1252,1417,1404,1258,1016,1825,1220,1195,1719,1664,1668,1852,1621,647,1036,1559,1555,1657,706,562,1467,734
"COG2243",582,1077,1131,920,302,783,1038,911,728,1036,773,832,754,540,609,292,1222,566,433,274,835,837,587,415,617,584,602,507,1428,642,1048,1125,718,666,767,1228,1200,1060,835,780,939,475,807,1123,685,861,532,982,911,714,666,192,909,937,939,885,991,773,452,706,402,794,924,480,437,711,376,367,952,455,342,731,839,646,1195,862,756,753,998,908,1144,764,706,919,778,629,1027,856,810,1100,1354,784,681,1045,892,1534,462,451,995,417
"COG2244",10017,11256,8641,8913,8194,9693,9850,8853,9372,8848,12571,10915,9415,9529,10600,8366,9392,7787,12327,16897,10376,8441,10165,6089,11082,9873,10720,9034,10978,9442,9158,13043,7419,8953,10809,8144,11236,11598,11214,12713,8967,9305,9886,11356,13432,11293,10154,8751,9485,9048,10687,8679,9319,12474,10075,10406,15895,8958,8664,10849,5888,11606,9513,10938,7943,8184,9291,9375,8454,10550,5674,8949,12973,9258,10965,8479,12151,10812,10154,10266,13118,11421,9875,9852,10852,8933,10316,14466,8639,10338,11440,14961,13818,9966,10971,6766,8505,8921,10226,8853
"COG2246",726,359,291,249,570,772,529,333,435,105,242,646,298,485,401,200,290,390,94,233,522,424,435,169,302,550,981,476,277,380,355,58,490,480,562,124,286,145,228,332,566,57,179,418,231,104,430,878,368,169,693,83,401,196,240,323,63,463,230,887,901,342,383,874,452,107,439,760,960,196,156,133,238,449,540,614,512,877,203,789,169,426,824,543,206,596,70,452,350,170,233,76,517,146,408,341,304,363,135,517
"COG2247",2,0,23,1,1,3,1,225,1,0,1,0,0,0,0,0,0,0,0,11,0,0,0,931,0,0,0,1,35,0,0,0,0,16,0,3,11,0,0,0,0,0,1,0,0,0,1,0,1,0,0,0,0,18,0,0,0,1,0,0,1,0,0,1,0,0,0,0,0,0,0,0,0,312,0,0,0,1,0,480,0,0,0,2,0,0,1,0,0,1,16,0,2,0,0,4,0,49,0,0
"COG2249",633,591,573,504,1501,174,127,217,1243,752,559,775,486,410,439,548,774,1369,519,141,454,846,271,1011,684,155,186,464,657,220,439,811,847,434,697,727,749,538,416,149,564,193,371,479,638,488,308,225,545,401,308,289,291,987,675,479,440,305,490,1519,810,776,446,127,270,463,185,298,608,280,2132,141,602,464,529,355,478,431,781,363,1055,437,585,153,768,327,667,695,409,838,308,777,568,429,205,65,306,86,652,240
"COG2250",0,0,0,0,2,1,0,0,0,0,1,0,3,5,4,3,2,3,0,1,6,38,1,0,11,7,20,0,0,1,5,0,1,3,14,4,0,2,1,0,2,0,3,1,0,0,2,0,1,0,14,0,2,4,2,6,0,19,8,0,0,2,3,4,7,3,3,9,0,0,0,0,3,0,5,2,0,4,0,0,1,3,27,1,7,6,0,0,2,0,3,0,0,0,0,0,9,1,0,3
"COG2252",3785,1951,2122,3448,4020,2396,3151,3874,3912,1306,2564,1916,2064,2012,2308,2756,2199,4363,932,2937,1270,1915,2381,4188,1223,2366,2491,2747,2013,3047,1075,1337,2647,2343,1941,1199,1348,1037,2041,2484,1936,1308,2518,1895,1870,1585,1928,3035,2452,2601,2109,4150,1923,1400,1209,1742,922,2040,2292,4641,4988,1636,1725,2865,3053,2221,2738,3491,4094,1303,6549,2320,1446,1772,1591,2611,1275,2116,983,5086,922,1726,2396,1918,1049,2472,1260,1093,1407,1248,2062,1376,1505,2098,1347,3822,2465,1373,2874,2501
"COG2253",22,0,0,0,16,150,8,16,55,261,1,1,0,3,304,1385,0,1,38,705,0,0,619,232,0,1,65,13,20,6,0,0,0,0,0,0,66,0,127,17,3,244,4,13,2,61,223,105,25,1,0,1537,3,20,15,16,12,8,0,1,6,5,0,0,0,525,2,0,0,163,0,16,0,1,1,0,61,9,4,0,0,0,63,1,7,2,0,37,5,0,5,0,96,7,0,0,11,176,0,5
"COG2255",2281,2328,2026,1642,1904,2093,2254,2547,2049,2345,2198,2107,2082,2359,2160,2186,2423,1782,1850,2108,2057,2303,2292,1876,2401,2296,2382,2362,2042,2755,2275,1750,2160,2626,2186,2150,1973,1517,2253,2223,2450,2544,2537,2490,2114,1619,2682,2045,2187,2150,2533,2624,2148,2088,2282,1959,1362,2912,2596,2046,2768,1973,2163,2641,2205,2268,2754,2692,2450,2251,1191,1967,2067,2388,1891,2232,2064,2853,1829,2466,1709,2397,2578,2231,2072,2056,1762,1880,2463,1993,2193,1949,3348,2033,2051,2582,2298,2512,1548,2191
"COG2256",3115,2604,2353,2827,2805,2742,2899,4560,2243,2574,2439,2603,2243,2750,2682,3216,2854,2257,1840,3166,2110,2786,2669,2890,2677,2855,2973,2780,2782,3162,2615,2329,3025,3330,2682,2869,2721,1655,2851,2774,3350,2892,3062,2777,1968,1791,3311,2424,2414,2625,2921,2692,2468,2232,2573,2327,1631,3338,3200,3369,3609,2145,2601,3403,2712,2261,3649,3425,3262,2429,2057,2443,2254,2992,2107,2697,1924,3107,2510,3397,1777,2748,3850,2520,2066,2710,2091,1858,2667,2375,2337,2088,3722,2428,2320,2973,2527,3217,1792,2878
"COG2257",311,121,55,8,34,179,201,95,149,7,108,118,115,135,53,381,87,119,26,68,132,116,240,36,94,210,111,306,117,152,94,40,136,48,211,47,119,100,85,182,45,48,104,186,16,38,84,478,73,120,276,11,104,35,113,130,21,102,22,2,4,74,198,104,140,31,112,21,28,79,180,58,28,18,173,29,325,35,109,48,36,203,83,183,46,271,50,135,31,71,275,49,74,112,83,29,128,35,149,140
"COG2258",358,480,600,877,502,504,1084,637,1054,461,476,239,681,417,514,162,766,913,172,290,392,233,185,699,282,403,324,798,338,424,306,258,455,510,424,289,266,286,263,348,319,149,338,338,390,209,309,778,400,426,366,137,537,221,322,503,111,333,210,763,427,292,370,347,273,474,259,215,985,296,994,453,181,370,518,1007,103,472,253,920,231,204,286,870,248,311,159,381,409,305,510,239,211,381,434,1287,201,521,331,330
"COG2259",143,257,585,180,841,248,85,45,970,489,382,411,526,432,635,61,309,781,780,76,439,310,286,462,561,239,224,363,406,49,579,591,629,297,438,621,511,1138,510,449,234,408,348,354,811,907,279,374,723,326,88,15,223,198,81,181,301,98,111,36,47,239,121,26,80,218,46,39,59,133,242,121,167,162,198,98,178,98,149,43,256,166,72,117,201,91,252,202,212,232,179,188,117,134,201,5,137,12,193,52
"COG2261",282,56,35,56,246,5,22,264,145,19,92,3,49,1,47,13,1,184,31,1,3,0,7,122,2,2,1,43,17,0,14,45,54,46,22,12,15,8,24,2,22,2,2,0,30,30,1,8,54,44,2,23,7,23,5,6,9,8,12,434,244,6,7,7,31,42,0,5,38,12,319,1,9,1,4,7,7,2,11,132,16,5,42,5,9,7,9,2,3,3,7,41,1,14,5,11,5,4,58,6
"COG2262",2689,2410,2673,2918,2499,2558,2813,2922,2873,1996,2548,2764,2610,3172,2380,3237,2627,2396,1990,2877,2216,2828,2947,2799,2468,3065,2733,2733,2699,2965,2965,2145,2678,2388,2713,2007,2389,2699,2782,2718,3036,2930,2832,2691,2766,2793,3104,2522,2729,2735,2697,3702,2989,2330,2521,2424,1931,2891,2816,3010,3560,2703,2535,2381,2953,2722,2898,3268,2914,3324,2054,3086,2542,2770,2384,2894,2429,2361,2173,3040,2160,2693,2317,2833,2725,2847,2594,2676,2679,2544,2374,1945,1955,2817,2743,1835,2823,2999,2187,2728
"COG2264",2024,2136,1572,1548,1438,2020,1691,1958,2029,1831,1834,2102,1931,2331,1659,2052,2356,1998,1608,1357,1784,2192,2161,1456,2034,2311,2116,2326,2114,1984,2087,1851,2078,1710,2339,1818,2046,1687,1891,1850,2207,1693,2403,2051,1970,1736,1803,1855,2146,2003,2088,2445,2118,1902,2109,1870,1640,1963,2091,2234,947,2089,2113,2017,2279,1891,1992,2290,1420,1934,1435,2075,1898,1896,1859,2376,2233,2078,1749,1787,1800,2101,2054,2210,2028,2281,1864,2035,2172,2087,2090,1741,1430,1941,2057,1590,1518,1406,1518,2300
"COG2265",5504,3445,3908,4288,4103,4205,5393,5291,4956,3333,3672,3532,3796,4162,3525,4785,4166,4998,2703,3628,3684,3769,4789,4184,3589,5113,4510,4854,3802,4434,3147,3005,5003,4196,4377,3272,3780,2620,3320,4001,4869,3192,3419,4204,3157,3137,3798,4225,3686,3364,4569,4395,3978,3455,3467,3672,2526,4342,3563,7096,4441,3523,4007,4421,4208,3457,4990,5034,3940,3247,4617,3150,2648,3950,3484,4029,3127,4627,3216,6085,2900,3794,4970,5011,2975,4271,2731,3116,3499,3203,4079,2835,4255,3107,3944,3742,3274,4203,2574,4145
"COG2267",832,342,432,1123,630,497,838,399,682,237,402,432,411,397,391,445,433,776,145,223,306,412,458,500,294,562,486,586,460,514,390,182,547,602,462,153,276,174,436,410,716,125,273,479,175,264,273,494,470,231,1720,355,1322,1004,1246,1095,450,1625,927,1868,2539,993,1147,1372,1049,618,1334,2167,1898,760,2727,453,575,1457,760,1788,1178,1226,719,2315,630,917,2157,1689,438,1382,535,1225,947,469,1489,683,812,944,1008,1305,629,838,1020,1293
"COG2268",2345,1762,795,429,4211,1599,682,423,665,695,1048,755,1175,1033,753,6098,997,1538,1770,403,1861,970,1645,640,1002,1018,594,1224,1117,765,597,625,1595,1929,609,825,1018,513,601,749,568,613,439,943,606,900,667,1167,442,1368,1423,883,801,849,980,792,1461,917,755,501,581,542,1825,682,679,900,667,541,531,303,1889,252,432,704,760,389,1464,923,1186,535,896,1200,460,1262,850,1212,736,398,717,702,1929,1777,626,902,807,242,810,261,1379,1173
"COG2269",72,72,137,135,744,2,14,15,418,76,190,3,197,3,115,39,20,697,79,14,10,3,4,538,3,3,3,176,85,0,30,88,281,146,21,25,29,26,49,2,72,8,6,6,104,117,5,33,132,8,0,79,14,85,8,14,32,27,22,143,140,3,13,3,86,154,4,14,3,18,1245,11,35,28,4,35,34,7,36,62,101,8,91,13,33,24,38,5,25,20,14,156,1,79,0,8,2,2,122,23
"COG2270",1610,406,354,499,657,414,958,1110,697,254,356,501,811,553,380,250,715,624,84,325,557,368,363,499,350,584,491,976,553,847,497,162,454,551,635,236,234,229,357,467,680,186,459,647,526,196,449,892,285,336,253,68,765,406,253,627,180,521,413,486,2767,288,557,443,310,260,367,615,1356,323,419,297,421,497,564,1218,122,441,346,1162,160,467,173,1430,161,445,145,595,622,136,564,21,312,359,519,1221,201,552,161,399
"COG2271",317,609,853,406,2859,843,139,1263,2085,2413,671,1323,937,1619,1793,929,1950,2465,1269,193,1207,956,474,2385,3227,694,1510,964,1425,627,779,1531,1366,1029,2281,1337,1450,810,1878,1477,2054,571,1697,2063,1758,872,2439,998,1321,950,599,573,791,1299,821,862,2649,1603,2571,1577,560,2239,942,849,539,1248,224,878,436,803,3452,376,817,1497,497,1091,771,1372,1861,374,2219,1137,1288,366,2281,689,1999,1528,1105,1887,650,1783,914,941,503,73,2251,117,2447,669
"COG2272",1545,1423,614,136,478,1089,1260,2330,706,380,2098,1578,829,526,1038,3376,701,654,271,4639,555,1621,989,3272,866,1161,2487,1381,1045,2333,1257,776,885,505,1244,1449,735,534,1369,876,1657,4089,837,1444,1385,267,2796,1755,1084,713,1411,2869,981,774,884,981,388,1915,1646,1145,1857,921,1126,1088,2865,1255,2369,1257,2231,1959,90,3362,1184,938,1173,453,2115,667,688,2665,908,1269,1587,634,717,754,591,1240,1389,687,557,525,1313,742,1545,1572,2038,4529,403,975
"COG2273",253,3818,1100,584,1547,2502,586,758,634,2250,2396,1471,2045,1950,2176,1288,1088,872,3171,939,3837,1846,3845,1573,2042,1926,1102,2575,1620,1594,1708,1935,1468,1407,1267,2969,1919,2122,1885,2066,864,2197,1355,1271,1749,3482,1784,2024,1560,2650,1423,8236,2459,2270,1512,2075,4271,1184,1799,141,367,1501,1622,2137,1164,1837,2921,1858,704,2597,29,2713,2803,2319,2278,929,2768,1685,3389,158,2873,1547,1305,1824,2398,2483,1879,2670,3221,1450,1918,4293,1579,2542,2263,1322,2178,2587,3469,2177
"COG2274",642,3945,6727,4121,3301,4472,3727,3589,3126,5070,3361,2120,5609,3649,1696,13151,6110,3411,3150,9313,4866,2395,9240,6939,3403,3712,3177,2492,2568,1683,6376,4707,3940,3020,2285,7882,3911,4576,8177,6143,2665,2010,2172,1925,2871,3045,3617,6018,3220,5522,1676,6154,4049,4975,3838,4648,2466,5575,2817,2986,2184,2555,3955,2486,7862,2726,4080,1499,1177,9288,889,9372,4010,2670,5569,3191,2826,4047,7474,1619,5663,3354,3565,4186,3774,2084,4716,3708,4851,2227,4080,7279,5042,4037,4638,718,2381,8024,1363,2027
"COG2301",463,323,593,1643,382,374,424,239,1245,295,213,132,393,151,336,243,260,518,149,290,653,244,386,289,180,222,238,422,366,150,287,206,346,441,246,593,210,122,452,641,493,83,961,240,204,390,73,159,415,730,156,772,354,293,418,326,275,320,180,777,452,256,227,191,256,280,332,312,503,263,933,162,375,231,206,315,291,266,122,824,149,126,460,566,147,654,307,299,367,504,470,579,218,485,362,462,338,311,619,871
"COG2302",1555,638,607,1239,259,1173,1249,1365,943,478,545,761,675,742,664,549,824,566,127,460,631,608,578,437,647,979,964,830,755,1007,904,247,761,990,988,337,566,414,730,944,1065,289,622,931,429,263,649,569,794,420,1148,118,710,434,643,751,178,1109,658,1722,549,610,816,1180,695,505,912,1492,1004,395,223,540,332,786,609,1120,518,1419,344,1390,248,863,1401,1022,302,927,215,647,557,273,1075,181,975,475,769,1442,369,599,373,1024
"COG2303",9,42,44,38,297,1,0,1,132,33,73,1,114,6,45,14,10,282,27,0,4,7,2,160,6,0,3,59,39,2,13,32,141,60,6,12,12,6,18,11,60,3,2,4,26,32,4,9,43,6,7,63,26,89,16,22,42,49,19,181,110,6,34,2,60,121,19,44,0,32,1388,5,44,42,22,42,27,35,42,64,75,38,251,22,86,16,50,14,64,23,4,141,71,125,1,17,15,3,67,12
"COG2304",270,4454,1739,148,2163,2976,1451,1589,1107,2892,3034,4308,2363,3590,2623,3253,3117,1086,4242,3771,3083,3454,2805,2036,3812,2852,3361,1983,3049,2995,2332,3308,2107,1867,2377,2591,2956,3258,2908,2454,1618,3968,3017,2811,3542,3240,3275,1607,2539,3664,2962,4802,2126,3404,3024,2738,5076,2430,3845,581,2222,3360,3679,3142,3618,3215,3736,2546,740,3830,747,4468,3262,2800,2051,1673,2777,4122,3436,768,3649,4127,2335,1517,3824,3420,3951,2478,2716,3075,2075,4874,2235,2995,2489,785,3618,3094,3340,4621
"COG2306",0,5,1,0,9,1,2,2,19,1,0,8,2,16,0,0,0,1,0,0,31,8,1,0,12,9,4,24,21,35,7,0,12,68,24,0,0,1,0,1,1,0,0,2,3,0,25,43,1,0,153,0,0,0,5,37,0,3,0,0,0,0,8,257,16,0,16,10,0,3,0,2,1,4,2,6,0,3,0,0,0,17,13,13,0,39,3,24,0,0,0,0,19,0,0,0,5,0,0,56
"COG2307",1,29,13,198,188,2,2,121,121,1,10,441,0,0,102,7,39,20,2,2,1,0,0,218,8,0,0,7,40,296,20,5,45,0,1,0,6,3,7,1,44,2,3,0,0,8,0,0,8,0,0,36,0,6,5,0,0,10,185,22,1646,0,4,0,0,16,0,13,2118,6,0,0,0,140,0,0,0,0,2,378,0,0,67,1,13,13,1,0,0,14,2,0,0,8,7,5,0,12,1,2
"COG2308",433,28,13,217,187,5,6,128,223,60,14,545,1,65,185,17,79,33,6,16,0,17,8,156,88,0,214,10,43,321,17,45,93,2,4,29,22,2,15,31,877,36,24,0,9,57,22,47,230,16,63,67,18,61,59,2,0,41,216,21,1758,25,75,23,52,70,115,52,2192,10,1,2,74,134,43,10,0,346,15,503,84,1,301,11,65,23,74,83,19,10,42,1,25,60,7,10,0,15,11,22
"COG2309",4040,1125,1018,2110,864,1617,3018,1593,2006,696,873,790,1266,1140,1078,777,1462,1713,340,633,1063,1266,1427,933,928,1615,1008,1679,1250,1609,803,432,1373,1980,1767,650,930,845,1032,1641,1411,592,1158,1758,639,630,1014,2239,1147,1074,1472,179,1641,740,1480,1275,487,1634,810,3269,852,1004,1242,1806,1271,963,1892,1662,1818,736,1375,1036,462,1355,1505,2009,386,1215,582,2943,392,1394,1560,2138,587,1125,562,1238,1105,689,1810,378,1831,1160,1487,2338,682,1090,1335,972
"COG2310",28,94,868,3223,33,226,1027,75,2243,1924,229,90,69,279,92,72,203,648,49,1265,140,66,690,1650,237,255,86,396,280,71,207,222,470,125,202,484,119,102,393,292,557,78,221,301,123,99,125,112,138,44,1418,65,161,484,334,146,35,692,48,1288,441,1395,176,298,153,1063,90,71,98,2526,1,114,46,142,202,228,84,102,76,354,30,489,492,216,981,2570,144,280,86,223,157,50,134,461,540,184,1895,225,4,3001
"COG2311",257,3035,2336,211,2401,1363,789,1025,678,2153,2136,836,1937,1498,1635,1487,989,1305,4713,1880,1995,1772,987,1507,2506,935,756,923,1516,894,2284,3249,1767,1070,1030,2958,2459,2948,2015,1470,1043,2269,1489,961,1905,3034,1753,1174,1305,1354,696,554,1461,2513,1624,1981,4671,1286,2027,107,441,1545,1877,1144,1514,1745,1106,421,348,1734,731,1589,1441,1438,1752,902,2059,890,3386,167,2561,1450,835,1570,2095,957,2947,1600,1654,1437,1973,3825,1167,2253,1928,96,1294,2108,3056,1182
"COG2312",108,269,47,6,110,30,164,10,29,1,219,22,0,219,480,45,16,40,42,30,15,28,21,72,114,36,51,162,142,35,171,1516,25,25,28,43,81,59,115,50,0,13,12,19,18,152,4,57,210,167,46,227,18,66,42,93,0,48,27,2,29,890,37,37,24,325,5,140,0,55,2,24,43,9,131,180,37,36,86,69,34,19,43,149,28,179,15,197,9,70,141,2,10,385,15,19,37,18,33,34
"COG2313",63,69,78,169,457,111,28,32,30,62,56,105,106,180,133,86,59,270,60,6,12,196,23,297,101,90,190,101,61,48,71,87,176,626,248,42,75,10,290,100,187,17,56,165,115,104,62,27,299,50,23,88,83,30,99,90,71,247,194,7,176,95,44,94,86,77,110,747,0,7,349,4,40,144,31,164,24,118,50,13,164,55,382,32,43,37,60,11,87,20,13,22,101,72,19,2,56,22,216,29
"COG2314",1,14,48,17,116,23,11,407,55,4,4,152,2,47,271,295,36,36,7,15,3,17,61,95,26,70,80,37,3,116,30,15,58,24,45,1,32,2,27,15,13,0,2,11,84,12,33,10,69,12,93,23,37,6,4,32,11,14,6,73,808,47,43,99,74,224,62,47,508,23,57,29,28,23,4,48,100,9,11,231,16,15,36,28,7,63,16,42,52,24,6,2,38,12,8,640,35,15,19,31
"COG2315",850,1621,1471,1433,1189,1141,1323,866,1573,1270,1427,1359,1265,1360,1635,738,1179,1570,1977,724,1265,1111,1292,1213,1478,1089,1090,1158,1353,794,1365,1510,1257,1041,1559,1653,1478,1453,1364,1342,1200,894,1054,1354,1224,1861,1969,1252,1621,1207,416,331,532,631,556,472,598,379,314,599,184,401,519,434,378,317,350,233,209,413,245,304,502,457,546,297,609,338,489,361,615,450,438,400,530,353,430,443,413,608,462,427,561,351,618,98,343,264,679,408
"COG2316",697,234,272,452,276,543,371,329,486,274,227,285,128,331,526,223,256,413,153,101,138,243,233,217,291,260,450,450,320,425,263,187,313,648,463,152,222,274,335,647,970,166,313,272,124,198,255,198,644,323,269,120,281,184,291,225,130,452,303,342,150,262,202,374,321,248,562,858,985,142,236,151,160,326,347,280,134,548,205,282,144,417,866,531,249,163,133,158,198,291,366,93,288,317,288,961,195,304,262,250
"COG2317",54,306,143,146,428,385,635,205,927,163,245,280,498,345,257,184,230,308,110,184,412,421,215,357,347,413,395,378,316,426,501,111,528,851,492,371,196,163,331,333,868,97,750,537,370,290,247,266,384,284,397,34,369,377,198,409,115,585,195,163,133,287,311,131,218,203,381,1045,154,516,520,155,271,331,263,1076,82,185,224,427,156,300,605,718,172,328,255,534,366,183,309,572,237,352,174,225,286,239,465,463
"COG2318",0,2,0,5,0,0,0,0,391,1,5,0,1,0,0,7,1,8,1,0,0,0,0,0,1,0,0,4,0,0,7,1,30,0,2,0,0,0,2,0,34,2,0,0,0,1,0,0,4,2,0,3,0,0,1,0,0,0,0,0,2,0,2,0,0,1,0,0,0,4,0,0,0,0,0,0,0,0,0,1,0,0,11,0,3,1,0,0,0,0,0,0,0,0,0,0,0,0,0,1
"COG2319",26,326,25,0,104,59,7,10,5,13,241,16,63,14,16,806,4,13,119,2,221,75,55,671,43,32,84,2,107,9,19,183,3,74,19,17,106,56,77,62,80,11,50,13,21,124,1,25,108,86,267,60,165,362,919,383,334,19,682,4,67,138,108,255,2950,67,754,46,0,2408,1,3924,190,59,151,85,419,133,358,6,511,111,306,446,97,1112,247,182,165,93,329,1015,100,575,68,13,74,513,294,2151
"COG2320",341,136,118,142,112,87,94,5,241,12,83,83,51,107,169,58,24,175,68,26,366,54,182,16,184,86,89,38,110,111,226,86,146,344,208,362,89,55,72,151,228,67,246,98,92,60,33,210,116,105,150,38,96,56,313,137,145,151,93,119,71,72,114,64,66,80,192,116,65,454,168,122,214,263,44,347,263,57,42,181,169,98,100,49,37,54,70,70,72,46,172,127,132,49,199,36,163,22,349,71
"COG2321",63,61,77,77,429,1,18,36,365,50,128,34,197,9,91,23,85,467,48,32,13,1,13,274,15,187,41,115,66,15,36,82,208,104,12,18,48,37,55,16,60,7,3,6,74,79,8,28,106,18,15,78,12,84,37,28,19,27,28,208,98,28,19,10,58,94,8,20,1,12,739,9,58,12,5,35,21,43,18,64,75,21,67,20,30,32,57,5,44,31,14,110,27,90,0,3,7,7,71,30
"COG2323",238,528,343,1251,765,587,335,548,908,277,484,780,511,639,455,463,564,763,76,365,363,529,503,340,680,657,643,531,417,487,747,114,662,1709,872,204,260,126,685,763,793,106,360,644,497,134,503,215,669,171,874,78,436,446,334,470,332,1083,674,1010,383,576,588,1173,352,334,888,1784,175,125,532,133,345,967,294,890,110,1331,137,568,196,565,2012,575,169,784,117,320,423,93,433,578,2166,134,691,297,276,332,284,1043
"COG2326",622,812,728,1549,1256,993,1448,1607,828,450,648,819,583,949,929,542,781,730,998,364,631,621,544,487,703,751,688,1149,562,1200,479,623,1145,677,571,514,774,535,653,701,839,283,562,599,253,689,800,1430,738,602,1033,238,862,685,631,745,1031,1036,621,838,2670,568,703,859,504,366,1095,1031,1973,343,640,232,358,777,803,674,998,504,670,862,454,546,777,1203,326,991,624,787,492,427,1152,1129,623,820,638,1062,674,527,794,662
"COG2327",667,304,1229,794,723,772,210,1128,577,504,759,887,957,561,804,836,532,433,606,182,1222,493,482,580,255,458,676,281,565,785,705,526,1051,791,608,1410,303,982,1021,892,1021,226,340,292,212,2053,612,557,1424,881,363,145,1653,297,1031,1358,290,762,606,531,1729,633,389,213,247,599,755,1203,1024,191,44,686,191,454,327,519,531,473,1064,431,546,641,1004,367,268,374,1367,702,1316,1130,1165,207,1910,580,752,2312,280,374,383,655
"COG2329",3,1,3,5,10,10,4,24,98,1,6,37,75,10,10,15,18,58,0,20,0,15,42,0,22,3,3,15,6,21,4,2,21,3,57,12,12,1,42,12,41,3,0,4,10,24,0,16,5,2,12,16,11,1,3,4,0,5,21,18,0,1,5,1,3,12,3,10,0,1,0,0,4,28,0,9,12,69,0,2,4,7,11,14,7,34,2,2,18,11,16,18,8,1,0,0,1,1,24,16
"COG2331",22,3,14,27,62,4,17,57,2,0,7,76,2,4,53,9,51,1,7,16,0,0,9,45,17,0,19,18,32,68,2,8,0,2,1,4,12,14,20,7,9,4,9,1,7,12,4,3,1,46,19,19,8,4,22,20,0,17,18,12,445,21,3,4,15,6,6,15,212,3,0,0,15,33,1,12,0,21,2,126,4,11,5,5,3,3,31,2,20,24,0,0,21,21,1,181,1,9,8,3
"COG2332",56,5,14,12,102,4,11,8,121,25,21,6,35,16,15,2,12,77,16,11,1,4,3,54,7,1,2,26,17,4,4,18,26,18,2,7,7,10,14,2,10,10,7,1,17,22,4,1,23,9,11,59,11,91,30,21,7,34,25,57,55,18,38,5,50,31,16,12,1,6,381,8,31,9,22,27,11,18,22,19,42,12,42,8,20,25,49,41,35,28,23,3,27,59,0,3,7,4,48,15
"COG2333",3514,1856,2352,4113,1579,2817,3167,2857,2649,1185,1499,1373,1404,1938,2304,1239,1781,2479,736,835,1563,1720,1247,1583,1665,2544,2577,2136,2286,2162,1573,836,2928,3884,2732,860,1311,1192,2203,3093,2498,948,1413,2583,975,975,1391,2651,2334,1332,2990,643,1978,1076,1576,1606,677,2412,1375,4123,1752,1576,1366,3438,2043,1451,2546,3848,4272,749,2399,1625,761,2837,1898,2685,1323,2907,901,3457,921,2704,3761,2214,1009,2266,697,1824,1400,1412,2082,568,4724,1725,2741,4405,1000,2309,1248,2095
"COG2334",372,159,173,130,856,73,43,142,549,112,191,178,153,88,148,86,99,808,84,23,94,67,15,497,40,64,56,257,216,74,62,142,393,318,30,40,84,48,67,42,129,51,103,160,117,166,34,20,189,27,35,111,83,234,110,62,46,57,80,157,1104,72,69,31,117,193,92,131,172,69,1246,21,56,70,55,108,64,51,89,449,129,106,133,35,77,46,144,165,152,83,41,317,30,136,97,699,61,21,315,181
"COG2335",0,0,0,0,0,0,4,0,0,0,0,0,0,0,0,5,0,0,0,0,0,45,98,0,0,44,31,1,0,20,0,0,39,0,3,0,0,0,0,10,0,29,0,0,0,0,22,84,0,0,32,0,1,0,0,0,0,22,236,0,0,0,3,55,0,149,40,0,0,0,0,0,0,14,0,0,0,0,0,0,0,0,0,0,0,25,1,0,0,0,0,0,0,0,0,0,36,0,0,33
"COG2336",46,37,66,55,237,0,6,5,0,30,62,2,73,3,84,1,8,339,20,1,7,1,2,145,4,5,19,69,34,0,6,16,54,29,5,15,17,14,32,4,1,0,0,2,59,32,3,16,48,13,10,25,9,26,2,21,13,7,3,2,144,13,2,3,38,0,0,6,0,4,920,1,28,13,0,15,21,31,18,5,72,2,11,12,4,4,11,4,21,11,0,11,4,43,0,6,2,3,124,3
"COG2337",1331,971,858,1221,692,1962,1665,1067,1273,978,776,1561,1645,1536,1593,1016,1747,2154,3334,694,1841,1239,1063,825,1161,2501,2498,1718,2572,1082,6202,3927,2071,2421,2951,628,643,972,1238,1452,1145,464,1505,1852,1542,1162,1039,2504,2478,1016,2423,257,2264,583,1368,1902,9475,1805,781,811,607,4823,2279,2447,1255,951,1441,2882,436,578,2951,1103,3427,1777,1460,5001,1763,2109,1604,1891,729,1890,1816,2923,1367,1549,397,2137,1787,758,1292,299,1617,621,2605,2056,703,1029,870,1290
"COG2339",585,24,34,98,73,200,137,2,353,10,10,88,17,292,177,103,112,109,8,15,270,229,162,7,218,208,283,167,34,293,113,9,155,298,200,37,64,21,78,112,25,21,39,287,24,2,402,88,217,44,324,8,82,20,43,179,6,254,189,342,1,82,47,350,140,19,317,344,106,15,0,25,39,37,26,107,266,49,4,226,24,119,466,194,33,145,2,44,44,19,31,24,626,108,73,4,71,81,0,155
"COG2340",1429,405,167,18,69,773,297,7,507,30,196,534,278,434,219,262,542,233,13,107,123,307,453,72,224,609,453,360,568,267,589,28,351,485,416,139,171,178,247,640,168,31,162,648,70,62,263,66,318,189,562,27,134,306,187,245,53,375,237,130,18,147,347,395,230,79,268,876,341,114,235,71,111,78,102,64,255,467,37,234,98,401,785,190,101,421,71,206,84,85,98,178,195,137,175,9,243,163,224,406
"COG2342",0,0,0,0,0,0,1,1,1,0,0,0,0,0,1,0,1,0,7,0,1,0,0,0,1,0,46,0,0,101,0,0,0,0,1,0,0,2,4,0,71,0,0,0,0,15,1,0,0,0,0,0,0,73,65,0,0,11,0,0,0,4,0,0,0,1,1,4,0,76,0,0,0,0,0,0,1,0,0,0,0,0,0,0,0,12,18,0,0,0,0,21,12,0,0,0,1,0,216,0
"COG2344",1234,1513,1346,1040,636,1419,1373,985,1369,1320,1766,1755,1567,1741,1650,565,1684,1099,1434,475,1485,1708,1342,392,1523,1609,1395,1477,1532,1388,1665,1408,1191,1361,1854,1226,1491,2207,1437,1542,1810,1327,1375,1763,1894,1649,1196,1626,1864,1070,1571,348,1723,1442,1319,1718,1561,1455,1373,1238,586,1809,1379,1670,929,1633,791,1979,1186,963,361,1065,1567,1602,1756,1623,1446,1748,1341,1466,1459,1482,1534,1821,1795,1389,1576,1884,1569,1584,1753,1137,1117,1317,1784,1156,920,654,982,1162
"COG2346",188,0,0,0,0,15,9,0,13,21,3,0,0,51,14,10,0,4,9,1,0,11,0,0,0,0,0,0,45,2,0,0,0,0,0,0,0,0,19,0,2,17,26,0,3,35,6,0,16,80,0,0,0,30,0,0,0,28,23,0,0,0,28,6,0,4,11,0,0,0,0,1,0,2,22,0,0,0,1,0,0,0,4,0,0,0,0,39,0,0,15,0,0,0,0,1,11,5,0,0
"COG2348",63,816,452,164,1076,205,521,551,631,129,226,697,9,193,577,300,99,40,34,206,49,122,208,455,478,162,204,147,609,999,879,32,242,1546,757,33,185,26,169,433,621,100,48,301,122,16,257,44,204,112,879,190,142,77,157,150,21,583,485,2750,4392,910,191,1178,215,69,860,1444,208,26,17,134,311,917,80,193,45,389,57,1525,20,74,1309,107,29,705,30,718,50,709,52,1,4080,174,670,2464,106,74,112,1168
"COG2350",26,159,86,33,179,10,7,3,262,13,186,1,31,9,20,16,4,94,44,7,23,6,5,66,7,76,5,28,52,1,23,124,103,18,3,7,16,21,25,5,49,7,2,4,43,70,7,20,40,30,12,20,4,59,13,45,15,6,55,36,33,3,64,2,26,43,2,3,4,15,209,3,19,11,25,16,37,4,60,29,28,7,81,69,15,8,30,19,3,4,46,52,0,72,7,3,2,1,37,10
"COG2351",10,38,41,38,341,10,33,5,282,28,370,79,181,45,95,48,8,273,78,3,36,50,1,161,17,32,74,164,31,306,14,42,128,49,6,6,53,9,36,29,80,153,127,39,141,41,63,37,71,46,0,39,9,12,0,4,51,10,15,15,19,2,2,96,37,123,18,5,0,15,150,0,35,3,2,3,4,0,8,15,17,0,38,1,19,90,23,0,7,1,2,96,0,2,0,2,0,6,21,68
"COG2352",64,132,427,423,1771,14,145,1259,1069,91,279,504,266,10,359,72,183,815,87,65,17,7,44,1345,25,10,9,258,188,636,67,124,318,143,41,36,47,38,93,37,913,17,10,11,100,120,27,27,213,133,8,275,58,102,25,10,18,76,353,2665,5646,22,46,37,86,225,37,263,2491,56,1331,11,36,314,19,29,42,50,88,2180,100,16,270,76,91,52,40,33,56,69,53,282,13,83,43,2500,12,76,149,56
"COG2353",22,28,65,60,490,3,3,8,249,114,82,0,71,2,83,19,5,342,34,2,3,0,0,251,5,0,0,91,33,4,14,47,159,67,13,12,10,7,95,238,49,6,0,3,37,42,1,13,79,66,0,33,59,40,3,62,12,17,14,4,69,3,4,1,34,45,11,6,0,11,476,1,218,14,6,6,12,23,55,29,56,3,96,12,25,8,23,3,81,477,23,243,0,33,0,1,24,1,67,4
"COG2354",14,28,48,43,247,1,3,8,248,26,66,1,99,1,42,12,10,280,26,11,6,0,3,204,3,0,1,61,30,0,16,26,182,80,4,11,13,14,22,0,46,3,2,4,36,30,4,12,45,7,0,35,6,24,5,4,13,10,7,66,52,2,8,0,28,59,3,1,3,4,385,9,13,15,0,9,8,5,15,45,55,1,65,7,26,14,13,0,9,8,5,102,0,31,1,1,3,1,42,11
"COG2355",773,777,2504,1015,645,1560,2023,2105,1313,1865,2129,1354,1762,2057,1633,2501,1466,1417,1745,3840,1824,1750,2576,3009,1205,1602,2379,1943,1366,2422,2299,2251,1661,1718,1536,2332,1776,1640,1999,1729,1698,3462,2020,1557,2550,2557,2681,1471,2063,2516,1451,5597,1951,1901,1104,1905,1906,2031,2333,704,1098,1653,1621,2032,2645,1770,2641,1806,701,3000,1055,3294,2338,995,2043,1891,1274,1628,1812,1127,1535,1349,1984,1535,1814,1960,2325,1381,2270,2040,1451,1329,1753,2076,1695,480,2634,3831,1462,2388
"COG2356",127,31,23,19,109,95,7,16,66,356,48,8,49,38,421,248,30,133,8,216,59,808,281,360,29,559,128,32,31,265,6,36,60,54,97,8,7,35,36,104,29,58,78,46,39,81,52,40,42,579,116,3085,23,131,84,71,11,233,675,70,87,649,166,351,318,677,636,181,0,414,544,12,493,190,54,39,21,222,50,56,51,154,404,13,31,696,55,43,45,48,57,113,43,455,0,13,64,20,51,1224
"COG2357",2950,1463,2245,2960,882,2205,3383,2189,2301,495,1389,1438,959,1649,1636,926,1498,1873,613,685,1476,1090,1332,1021,1344,1914,1599,2095,1417,1335,1243,703,1528,1408,2057,624,1097,928,1321,1951,1055,427,954,1621,688,867,839,2463,1380,1000,2696,376,1795,719,1302,1602,514,1260,673,4154,3197,1156,1341,2052,1260,902,1855,1582,2578,1120,1718,883,557,1233,1497,1522,1389,1453,499,3678,488,1432,2042,2198,742,1817,485,1684,1016,1289,1790,644,2269,1143,1717,2859,918,1124,1041,1653
"COG2358",840,1097,622,1276,160,955,847,520,914,338,566,789,738,1035,395,594,981,829,192,526,1034,652,1063,238,743,968,666,1426,781,606,562,312,689,686,753,523,484,303,862,840,806,258,507,847,497,344,605,844,1004,442,868,181,872,519,724,811,224,1128,508,409,155,769,1036,846,711,390,1146,1305,682,314,630,258,561,879,806,729,356,782,383,824,224,772,1364,1655,346,870,583,686,884,380,621,180,727,822,1072,534,609,783,680,560
"COG2359",5,15,27,38,110,105,32,1,36,77,7,87,3,48,45,42,39,14,6,5,8,189,101,56,41,51,233,37,26,93,10,23,30,230,48,9,16,48,37,750,163,26,16,21,20,6,54,30,60,37,179,8,14,13,39,15,16,44,30,23,4,114,59,290,38,58,152,184,73,7,3,112,15,41,55,15,2,284,0,8,2,32,323,9,18,100,2,26,5,12,58,1,487,26,10,294,38,52,3,130
"COG2360",51,136,419,48,418,364,338,556,193,527,277,225,214,180,315,762,294,347,55,1497,419,446,873,1056,244,69,420,121,146,211,478,468,577,99,236,869,579,355,479,299,255,773,407,289,167,138,1092,199,412,554,23,656,79,170,157,117,48,119,96,22,18,127,104,63,188,105,217,36,12,235,173,203,162,27,221,34,111,23,112,10,174,81,91,34,59,126,91,52,96,117,115,72,73,92,52,8,227,423,21,157
"COG2361",29,261,470,15,173,478,181,213,168,211,221,220,134,337,309,656,146,182,893,293,455,307,1003,1028,209,503,1122,299,428,255,356,550,220,389,269,424,124,122,408,374,168,1444,296,154,333,335,559,414,482,162,596,546,255,438,470,408,375,311,391,68,90,286,350,375,811,689,155,191,55,921,3,570,317,211,294,206,521,296,275,84,397,248,662,82,591,613,238,263,207,198,129,542,172,311,254,49,1169,266,548,842
"COG2362",150,153,139,48,146,63,259,42,139,46,50,39,47,40,84,47,58,69,52,17,22,56,36,139,59,51,46,19,58,113,26,115,46,409,169,58,55,34,82,115,127,12,101,109,57,132,22,39,122,173,53,7,88,58,96,49,109,132,98,48,11,52,29,60,59,30,38,392,128,28,556,22,98,131,38,113,39,65,31,244,23,35,35,40,28,21,80,41,73,72,19,199,124,59,58,28,19,29,246,25
"COG2363",30,20,43,48,350,1,8,5,246,26,74,11,109,4,43,21,27,344,25,10,3,0,12,244,1,1,23,87,47,0,13,57,148,57,2,15,21,22,26,15,32,7,1,3,42,62,2,11,52,5,13,23,10,24,29,17,12,13,5,56,51,15,6,1,48,80,1,6,2,11,493,0,29,8,3,22,5,25,19,52,39,7,65,9,26,14,41,2,4,8,6,65,6,47,0,7,7,1,49,13
"COG2364",2045,1517,1569,1799,811,1272,2016,770,1905,1165,2258,936,509,1036,1162,999,1283,901,1155,1367,1214,1240,1010,850,902,1254,1234,1040,1358,1331,1098,554,840,1008,1162,644,650,802,958,1569,1684,1007,1424,925,606,689,883,1756,1081,1150,940,630,861,1124,1091,913,1036,1046,725,939,210,745,976,2255,872,1488,1284,1020,1896,627,621,1213,969,722,1073,1034,712,1167,713,1664,790,675,1169,916,699,1075,606,980,557,1221,1378,1064,875,1140,1224,1515,712,665,1452,1525
"COG2365",1364,2321,1302,1146,658,674,880,1706,684,1076,1199,1120,1248,851,724,219,1492,570,1856,446,1510,1344,578,183,1847,778,682,598,1441,484,949,1526,720,703,1122,1422,1365,1084,795,369,982,287,849,1277,1384,1259,921,443,695,822,749,118,1135,1560,1349,1176,1997,757,1032,1469,1013,1206,1098,455,443,750,626,781,347,577,128,432,1339,1251,910,2266,2150,847,1996,2229,1871,1203,547,1348,1305,589,1393,1559,1369,1259,1145,2489,729,975,1061,406,783,338,1781,722
"COG2366",0,12,144,27,0,0,3,56,0,15,181,0,3,26,316,0,0,165,0,7,0,0,0,0,0,0,0,103,78,18,1,0,0,0,0,0,0,3,0,0,66,0,2,3,26,0,5,20,0,0,0,0,0,951,0,8,1,108,1,1,2,19,0,48,20,0,0,0,0,0,0,0,1,23,0,0,3,3,2,2,11,1,5,4,51,0,3,1,0,163,1,7,0,3,0,0,1,5,0,1
"COG2367",935,1352,1622,3815,731,1230,2380,1151,1236,1286,1627,1480,1002,1113,1644,243,1315,1488,1119,3256,1741,1232,1820,2182,1576,1227,1771,946,1799,1275,1345,1487,1184,569,1582,1456,1483,1926,1492,1846,1616,2374,1348,1463,2702,1282,2592,1500,1347,1523,2445,452,1196,1623,1499,2729,1384,1501,894,3859,757,1192,1225,1366,1802,2398,1813,767,530,4812,2255,2652,2408,1556,1565,1609,1076,1493,2140,983,6140,1072,1164,1322,1558,1157,1833,1636,1304,2876,1497,954,1220,1161,1348,1288,1864,2719,1168,947
"COG2368",28,284,296,61,162,92,51,534,326,186,280,65,435,118,791,106,92,455,45,11,90,121,88,592,232,124,203,250,150,189,55,421,126,441,121,122,183,43,344,344,890,85,95,78,95,228,88,80,318,128,104,21,281,242,173,106,84,301,396,109,158,118,118,53,129,113,123,130,605,69,105,6,76,376,84,144,101,130,103,139,194,77,616,70,179,66,372,34,214,136,25,245,210,227,79,81,72,43,280,76
"COG2369",4,35,6,1,1495,269,19,258,1186,223,19,28,143,198,338,71,35,189,103,76,8,121,536,0,54,394,326,179,5,18,541,0,80,121,30,88,239,124,358,124,15,42,85,214,550,26,100,7,90,541,132,83,73,47,9,45,74,34,303,88,45,553,421,95,10,168,108,239,1,97,41,5,18,353,10,8,14,212,678,20,1477,42,217,179,372,58,244,563,122,1689,6,87,356,204,2,24,367,24,1323,68
"COG2371",550,56,186,675,13,38,165,38,523,23,44,107,25,109,37,359,101,47,21,8,23,41,27,12,68,279,27,39,84,59,33,16,67,25,46,20,19,45,66,76,68,22,82,36,16,15,52,58,51,14,104,48,30,68,47,27,20,39,36,311,57,149,129,110,45,28,32,202,103,57,0,22,9,42,34,71,32,91,9,154,16,38,111,29,96,92,52,53,54,54,31,69,33,63,64,22,15,21,1,41
"COG2372",15,36,36,46,269,1,2,1,348,33,82,2,69,1,48,21,4,266,32,1,0,1,0,167,0,0,0,63,27,0,12,23,113,53,9,7,6,7,28,0,66,5,0,5,36,52,4,12,58,6,0,27,3,35,7,6,15,5,9,26,63,0,5,1,31,40,1,2,0,13,398,1,15,22,4,7,9,3,7,43,36,3,88,10,25,5,15,2,10,4,3,65,0,27,0,2,1,0,41,3
"COG2373",547,5869,4883,530,5800,4432,1584,3846,1623,7422,6980,3999,4370,4345,4084,4912,4452,3508,6628,8270,8002,5659,5953,4016,6448,4443,3023,3823,5596,4792,4386,7982,4591,3748,3842,7696,6565,5545,6048,2656,3858,6212,5865,4182,5891,6074,5974,2644,2926,8183,3096,12934,3967,6457,8181,5405,8338,3004,8491,459,950,4750,5842,3250,6437,6984,3486,1757,676,8423,3319,7907,4810,4869,4354,3461,5877,3995,9841,519,8082,4954,2052,3597,5156,4677,7432,4550,5546,4541,3865,10510,3056,7540,3216,247,6263,5740,6394,5342
"COG2374",3,14,223,0,8,20,84,35,366,2,15,0,797,279,149,23,98,235,826,85,28,991,133,15,12,248,140,215,139,22,450,3,133,65,96,67,6,1510,40,302,122,645,51,296,259,1327,73,182,402,176,157,66,1,21,402,420,3,387,179,374,105,708,452,82,44,100,24,86,281,476,1,117,215,251,226,228,26,290,0,2,28,55,60,2,782,167,6,5,5,759,11,37,21,548,361,4,84,17,0,68
"COG2375",23,48,78,60,390,0,1,12,129,36,103,1,133,1,58,17,4,376,40,3,5,0,0,232,2,1,0,79,53,0,17,77,176,69,1,9,22,11,35,0,44,6,4,2,45,53,3,9,90,4,0,48,10,26,4,8,16,14,14,69,61,3,9,0,39,116,3,9,0,8,537,2,21,11,3,15,22,4,15,49,57,5,62,7,26,3,20,5,25,7,3,79,0,44,0,1,1,2,54,5
"COG2376",2035,459,1321,2022,1380,1007,508,1530,823,1652,555,290,369,203,1035,149,199,1014,915,55,710,372,389,1649,305,407,417,399,605,406,286,1014,909,1133,253,329,584,719,1037,1079,970,650,841,300,438,1089,380,208,973,1201,591,481,435,1347,1079,363,520,377,598,3048,913,398,609,711,347,1451,235,299,1276,357,3268,1698,563,553,1121,648,555,565,556,780,552,211,1178,390,752,206,981,379,427,563,942,835,790,1040,250,5998,510,917,1848,224
"COG2377",383,318,188,52,428,69,29,56,645,490,154,324,316,278,192,617,214,368,56,95,87,495,54,256,279,163,409,310,349,55,288,246,295,382,208,495,466,160,268,76,267,56,401,419,163,214,349,37,318,231,133,121,202,372,641,346,128,232,85,202,132,207,166,51,274,113,74,454,109,32,558,26,468,157,219,172,248,83,118,59,226,297,144,51,195,180,201,223,411,303,188,203,275,161,152,15,63,40,133,133
"COG2378",1309,371,1409,497,830,752,483,461,534,479,1301,394,505,1031,1106,774,982,1072,1742,258,915,1582,993,568,753,877,883,799,1886,1090,1740,248,1232,1674,1186,220,1288,825,839,1055,1576,747,466,785,1104,882,776,1026,1670,597,1392,769,472,984,1298,766,1023,1031,873,633,584,669,753,588,554,1030,524,1181,195,937,3471,471,250,1273,1129,469,788,1202,901,425,618,875,1039,906,1371,765,1275,1728,423,1265,640,986,639,465,653,250,484,205,2209,996
"COG2379",535,286,65,51,172,365,258,469,535,261,77,344,556,592,172,216,566,690,54,135,725,382,333,55,350,446,505,783,351,412,399,182,601,487,437,374,174,135,468,188,412,64,159,335,397,8,535,95,427,269,181,27,438,129,368,595,16,659,311,32,2,368,491,280,230,179,332,533,21,33,248,180,293,385,223,1240,115,376,133,517,72,356,469,1057,149,276,217,235,718,72,427,118,371,137,285,519,220,277,155,290
"COG2382",819,1673,1602,1005,1316,1420,1763,2275,1178,1438,2393,2715,1639,1840,1257,2199,2369,1823,1313,2006,1765,2152,1887,3350,1806,1593,2181,2021,2213,1720,1668,2361,2271,810,1866,3067,2130,2048,2963,965,1576,3195,2627,2733,2558,4826,2829,2108,2689,1751,1784,1520,2157,1744,2277,3381,1285,1166,1776,392,358,1944,1899,1504,4387,2181,2478,733,46,3508,1751,5302,2692,773,1692,1192,2703,1302,1637,572,1750,2054,1583,1159,2484,2298,2504,3261,3034,3990,1693,1511,1523,1669,1875,123,1675,3896,1467,1726
"COG2384",1398,610,684,1351,235,797,1061,994,929,293,363,523,296,673,613,385,504,532,208,251,398,494,501,465,460,829,886,861,494,550,325,306,590,831,915,221,479,364,372,973,920,245,357,662,142,270,323,938,748,483,1077,144,642,347,430,455,216,552,309,1561,569,423,577,743,623,437,988,1186,1064,260,358,546,176,703,796,479,434,747,240,963,231,594,936,714,357,793,176,517,343,424,697,119,731,466,890,1479,418,479,305,655
"COG2385",2382,2573,2117,1825,691,2840,3024,1952,2832,2033,2424,2575,3197,3513,1983,1464,2358,2039,2186,879,2644,3014,1881,753,2879,3043,2351,3512,2820,2769,2240,1600,2294,2661,2547,2180,2274,2455,2298,2591,2731,1822,2803,3106,2523,2559,2070,2430,2349,2061,3007,710,3053,2025,2425,2648,1912,2608,1824,1983,810,2647,2588,3299,2190,1994,2911,3687,2047,1547,1174,1694,2548,1880,2201,3167,2062,3074,1745,2250,1803,3210,3077,4209,2172,2820,2139,2852,3183,2765,3358,2333,3568,2586,2778,2620,1684,1626,1761,2125
"COG2386",187,30,33,32,176,5,21,22,280,57,27,23,97,34,39,18,67,157,37,20,5,11,8,106,9,0,41,72,52,11,12,32,84,33,8,20,28,24,43,13,229,31,27,4,29,55,9,11,42,120,28,43,16,61,35,42,3,29,51,80,37,26,47,12,42,43,20,12,4,3,197,12,31,15,32,31,11,35,17,26,29,12,47,10,19,19,57,51,27,15,42,2,24,58,3,3,13,7,33,26
"COG2388",408,383,395,94,592,319,84,318,354,308,418,207,406,306,538,234,172,407,877,45,451,445,228,197,388,201,217,185,309,234,348,680,303,232,167,336,365,680,597,487,185,315,337,147,588,817,199,256,587,285,257,146,465,633,428,441,769,283,344,179,152,421,404,178,202,312,132,100,325,271,465,189,426,289,429,190,391,555,513,51,542,266,236,365,493,232,627,346,380,470,458,595,346,523,319,28,213,47,602,165
"COG2390",1019,241,463,328,1360,573,298,1493,1517,864,506,323,187,144,925,229,163,707,550,97,232,188,172,1058,222,189,292,342,389,459,210,453,611,298,205,307,345,670,494,887,819,292,315,180,393,302,276,143,797,463,152,371,238,339,282,138,352,298,465,1471,779,220,141,441,351,930,155,226,1841,227,1008,1169,228,563,649,429,205,477,432,1124,293,229,700,332,322,122,348,350,150,346,823,216,270,679,133,3698,142,409,981,197
"COG2391",36,50,50,51,370,15,24,11,186,29,95,12,119,9,61,6,1,347,41,11,3,1,2,237,0,1,1,74,63,0,17,24,121,85,3,5,27,23,32,18,14,11,2,2,34,38,6,31,20,27,17,103,10,108,13,26,55,35,52,1095,195,18,17,6,105,53,12,47,40,28,1549,17,53,61,10,46,31,25,118,79,139,10,62,22,37,36,65,15,25,20,30,239,53,234,3,12,13,11,265,46
"COG2404",238,0,0,0,0,1,0,92,5,59,1,0,2,0,0,4,2,50,3,0,0,5,38,2,8,19,22,0,3,0,0,1,32,27,2,0,0,0,1,35,11,6,25,11,4,0,21,11,10,6,124,5,3,14,276,16,0,20,1,532,9,23,12,7,3,1,29,12,106,109,11,1,193,4,1,16,0,283,1,17,1,3,1,6,7,98,0,0,7,15,11,1,3,5,97,0,8,15,0,30
"COG2405",0,17,4,1,9,47,79,25,55,2,1,7,0,58,8,6,0,64,15,14,0,6,32,9,1,32,7,132,38,24,9,9,19,2,68,0,4,0,8,1,9,5,46,1,1,7,14,461,47,5,4,0,129,1,21,10,18,7,0,0,0,4,87,56,19,24,21,7,0,5,118,14,7,6,142,51,9,54,0,9,2,7,5,30,27,26,28,7,32,101,11,1,6,31,71,1,7,20,7,5
"COG2406",19,464,183,0,95,93,9,45,16,178,296,80,200,97,142,15,33,41,546,13,218,68,102,2,261,70,64,34,146,30,86,345,20,203,43,288,204,136,176,62,53,48,114,66,156,317,40,87,86,107,100,9,164,318,163,185,588,41,229,3,36,59,173,49,26,252,16,46,2,64,3,12,163,245,109,88,440,60,496,8,296,119,48,176,136,46,249,125,151,90,222,659,68,265,199,9,123,10,478,21
"COG2407",2475,4813,5776,6065,2601,3646,4579,2690,3287,4459,3836,3936,4911,5437,3033,4635,3922,3766,4136,2833,4491,5139,4197,4208,4618,3485,3919,3849,3975,3758,5791,3794,4045,2753,4193,6583,5926,5073,3692,3286,4311,4539,5009,4730,4012,4167,4300,5755,3987,4390,3469,4672,4774,5121,3911,4751,4575,3306,3390,2930,1707,4483,4117,3896,5043,3992,3087,4672,2045,3871,4572,6577,5848,3985,6409,3003,6861,3049,4288,2966,4969,4966,3339,4187,5074,4542,4654,4017,5124,5363,4769,4523,3185,4511,4756,5570,4069,4700,3641,3922
"COG2409",0,0,1,3,0,0,0,1621,45,0,2,2,1,0,0,4,0,4,0,0,0,0,0,3,0,0,0,0,2,0,0,5,0,13,1,2,0,0,0,0,0,0,0,0,0,0,0,8,13,8,0,0,0,0,1,1,0,0,0,20,827,1,1,0,0,0,0,10,235,0,0,0,0,0,0,1,0,0,0,1438,0,0,2,0,0,0,0,0,0,0,0,0,0,0,0,0,0,2,0,0
"COG2414",828,198,198,308,1434,319,321,435,257,679,285,198,909,469,369,186,449,1314,178,101,563,270,325,705,157,404,473,638,333,265,335,164,551,536,362,396,133,107,469,123,579,80,219,166,697,215,242,77,357,264,98,86,438,283,340,299,78,419,371,90,204,338,323,169,329,234,318,556,17,99,1518,270,533,190,150,1265,48,118,67,614,161,275,207,1067,147,244,317,487,730,60,386,47,163,344,166,489,192,462,179,148
"COG2421",17,171,148,20,165,62,3,16,210,108,63,31,10,32,40,15,45,30,94,11,63,57,63,429,79,70,117,21,98,50,68,113,95,120,90,166,135,418,168,145,52,78,344,52,67,161,150,18,256,189,46,48,64,132,115,41,69,77,166,119,90,45,76,32,18,124,32,177,178,71,727,15,149,40,50,129,84,84,86,19,53,72,30,40,45,17,172,31,96,77,404,97,52,289,5,71,127,28,519,16
"COG2423",1020,240,101,53,110,583,426,107,213,102,156,408,147,526,337,196,410,230,66,41,264,356,363,202,459,731,459,457,407,187,196,65,307,576,786,69,189,233,591,400,192,77,181,611,75,24,494,165,413,217,405,16,464,348,394,462,223,408,254,607,64,135,596,543,178,153,1128,476,191,86,493,48,106,276,513,240,78,466,348,239,141,89,485,282,191,397,296,407,216,75,98,221,253,344,462,38,341,117,72,180
"COG2425",108,1116,1163,212,963,641,539,1052,529,1096,1663,673,908,663,874,1156,468,1223,1883,1674,1208,979,1741,1637,1008,461,1068,975,476,760,1264,1282,1040,344,342,1671,1218,1125,885,620,673,2396,960,682,1211,1301,1163,829,695,601,315,2704,695,1255,1032,994,1560,638,1046,141,300,1021,918,785,1386,1405,1149,295,114,1060,1415,1647,757,505,1093,452,1125,408,1399,171,1554,622,1470,567,1070,500,1065,444,811,936,798,1836,516,860,900,51,1736,2665,1381,278
"COG2426",10,24,83,15,58,109,48,5,119,16,39,137,25,168,152,112,58,26,3,18,21,149,101,4,148,107,201,39,27,69,178,2,87,299,268,30,34,9,144,161,497,42,35,149,23,12,77,55,263,48,180,21,86,29,147,77,17,373,109,531,25,67,28,252,25,42,214,428,57,15,0,12,51,168,25,80,15,305,13,66,47,43,456,20,46,76,19,38,59,20,18,1,113,19,16,21,56,19,14,81
"COG2431",282,1554,1576,226,965,1007,548,792,1253,1863,1731,1227,1436,1268,1249,982,1249,963,2358,974,1387,1380,1229,1214,1451,728,1054,903,1401,986,1631,2142,1194,764,1000,2255,1673,2344,1534,1259,1061,1760,1932,1038,2133,2368,1495,858,1453,1385,679,1434,1324,1988,1460,1553,2203,930,1503,286,427,1599,1352,1441,1417,1829,1007,373,296,1569,1007,1968,2066,1248,1763,914,1692,1223,2119,154,2119,1237,679,1141,1957,1380,2208,1542,1608,2143,1539,2043,967,1837,1374,455,1390,1401,2140,1215
"COG2440",65,55,87,61,507,7,7,186,11,40,114,1,139,3,200,3,2,450,50,4,6,2,2,236,3,2,2,112,48,41,8,106,132,100,1,22,10,6,32,1,10,3,2,2,79,61,1,12,107,41,1,49,7,56,1,4,17,26,19,56,101,2,7,2,53,47,1,6,184,3,615,1,25,23,0,18,31,3,17,7,57,8,8,8,14,2,19,4,21,13,3,75,4,33,1,18,10,5,80,1
"COG2452",1282,188,1562,3946,91,239,874,737,449,927,397,238,99,247,321,87,463,309,282,1831,199,90,183,203,164,201,262,134,266,403,110,89,107,83,397,67,113,258,88,461,395,310,266,327,79,171,67,178,327,208,608,180,206,303,322,411,40,124,150,1226,261,387,372,348,146,333,171,90,970,246,0,280,63,411,288,309,173,482,68,1622,55,180,137,417,219,149,138,545,86,881,176,39,203,138,271,770,145,274,6,138
"COG2453",24,53,87,56,608,1,2,7,1,54,116,1,165,4,85,2,3,446,15,1,5,0,0,292,7,0,0,120,57,0,4,4,155,2,1,11,22,13,26,0,3,1,3,5,23,73,9,15,72,0,0,18,11,42,0,8,29,15,25,10,36,1,2,1,48,31,4,10,0,6,755,3,32,15,0,14,22,5,28,2,8,8,6,12,8,1,22,3,24,12,2,41,1,32,1,4,1,2,285,0
"COG2454",0,3,27,3,5,0,9,0,174,1,0,3,4,0,2,0,1,11,4,2,1,0,1,0,1,0,0,6,24,0,0,0,1,0,2,0,2,4,3,0,11,1,1,2,0,1,0,1,0,2,0,0,0,1,0,0,5,1,0,0,0,0,0,0,1,1,0,0,1,2,0,2,0,0,0,0,3,0,0,14,0,1,0,1,0,0,0,1,0,0,0,0,1,1,0,1,0,0,2,0
"COG2461",1046,282,163,1127,60,569,874,2072,288,31,348,216,362,131,102,289,324,302,184,1024,311,107,683,116,182,453,311,460,262,740,132,240,443,130,154,118,195,344,212,263,116,42,138,124,19,430,86,329,210,1455,670,932,654,184,204,243,73,297,132,2935,805,94,502,274,259,63,283,135,655,150,325,137,32,115,98,134,446,24,300,1971,236,389,459,420,93,1017,127,246,371,105,677,26,203,403,610,396,241,64,527,2125
"COG2501",240,99,123,174,89,156,193,140,241,33,95,128,126,129,130,96,111,167,42,45,83,89,147,72,83,160,162,150,91,87,107,32,132,122,186,54,52,55,119,154,139,28,95,132,88,51,72,198,146,74,597,77,409,231,300,360,115,489,224,1172,345,368,349,492,347,215,375,531,477,224,428,150,168,299,278,533,545,430,132,690,146,328,564,487,183,323,130,374,285,219,313,100,236,271,338,276,209,267,233,420
"COG2502",525,1128,1635,1334,1056,1447,1987,2302,1616,1684,1654,1403,1761,1594,1680,2309,1695,1531,1480,2719,1534,1576,1564,2023,1632,1864,1821,1736,1559,1447,1597,1659,1478,1741,2025,1499,1489,1243,1508,1289,986,2324,1596,1670,1921,1290,1981,2341,1301,1202,1478,1840,1508,1306,1301,1571,1138,1539,1716,2319,931,1547,1260,1435,1671,1524,1595,1754,638,2102,1352,2023,1501,1566,1276,1942,1221,1355,1624,1947,1548,1401,1442,1657,1869,1309,1588,1682,1629,1813,1004,1636,1022,1544,1348,577,2077,2393,1195,1055
"COG2503",96,33,2,2,0,3,16,9,399,2,30,0,1,2,2,3,4,3,0,22,3,1,4,13,5,4,3,5,1,16,8,38,0,2,4,71,28,22,0,0,0,3,65,0,0,36,2,1,5,101,0,2,1,32,0,0,4,0,14,157,10,0,1,2,8,12,18,0,37,2,0,4,1,0,0,0,4,0,2,6,2,2,35,2,1,10,24,1,0,5,7,6,0,23,0,4,17,0,76,8
"COG2508",5015,2031,3843,6762,1287,3076,5601,3551,3159,635,2093,2438,1912,2474,2197,1522,2829,3131,1014,1342,2020,2030,2517,1221,1991,3058,3835,2785,2000,2965,2250,1179,2352,2916,3852,802,1779,1246,2285,3053,2719,798,1472,2866,1025,1081,1532,4713,2808,1470,3759,605,3339,1336,2134,2367,1033,2788,1416,5131,3365,2861,2002,3015,2132,1304,2114,3508,6655,1272,2843,900,1224,2999,2399,3173,2167,2124,913,6144,870,1946,3313,3246,1206,2837,834,2556,1652,1464,3287,821,2005,1573,3797,3135,1416,1760,2094,3177
"COG2509",2756,3584,3113,4495,1864,4148,4766,3616,3124,3395,2682,3616,3684,4592,3712,3315,4877,3280,2211,3012,3710,4065,3980,2736,3859,4676,4508,4662,4095,4471,4989,3103,4150,4242,4432,3266,3749,2421,3463,3999,5078,2763,4002,4296,3349,2236,4216,3661,3397,3312,4456,3784,4019,3140,3785,3820,2060,5229,4180,2089,1501,3779,4397,4518,4486,2816,4488,5676,3826,3680,1238,3838,3295,4530,3850,4949,2585,4969,3146,3781,2855,4396,4510,5066,3506,4269,2930,3719,4161,3747,3843,2238,5852,3533,4259,3854,3291,4013,2332,4537
"COG2510",67,346,361,849,165,766,1034,283,544,152,263,290,212,424,293,441,493,465,80,122,246,334,457,129,346,491,585,426,287,532,382,186,282,458,748,103,316,89,564,466,927,85,231,497,171,161,251,1534,564,188,610,66,468,245,308,285,103,639,259,307,68,337,500,703,293,132,1078,931,330,116,257,97,197,415,651,806,64,569,137,557,132,493,676,290,143,353,192,225,246,124,148,90,922,199,451,51,199,304,378,350
"COG2513",8,1279,143,81,549,232,152,76,847,66,592,260,581,532,177,178,491,373,380,3730,271,803,193,130,787,333,169,1215,369,85,1157,978,443,465,373,496,771,220,284,279,255,353,482,712,112,197,350,375,471,541,914,130,417,141,1442,267,1101,379,545,18,123,1237,197,147,437,278,149,440,48,637,912,110,527,794,226,163,1073,661,626,17,1084,1364,269,1266,211,572,271,1103,350,242,514,861,223,660,213,95,480,203,738,312
"COG2514",3,4,2,42,28,4,18,0,39,0,10,0,1,1,1,0,0,1,1,0,1,0,2,0,1,1,0,0,1,1,0,0,0,0,9,0,1,0,0,2,14,0,0,0,0,3,0,0,2,22,0,0,0,1,2,1,1,0,3,523,53,2,1,2,1,0,1,0,29,0,7,0,0,0,1,0,1,0,5,5,0,0,2,0,1,2,0,0,0,0,1,0,0,0,2,5,0,0,1,1
"COG2515",86,180,183,188,568,206,316,431,97,96,80,78,132,112,401,110,169,286,232,107,165,196,96,206,175,119,191,156,122,133,64,302,329,418,222,87,245,36,361,164,224,31,324,133,145,427,145,94,304,144,123,114,91,64,163,181,216,191,233,281,128,92,73,57,91,136,139,534,516,39,820,17,140,329,135,154,96,221,291,159,225,92,274,84,165,57,299,126,156,279,41,148,181,258,54,186,185,42,719,84
"COG2516",0,0,0,3,3,0,0,0,206,0,0,0,0,0,10,15,5,41,0,0,0,0,0,0,4,0,0,7,0,0,0,0,0,161,0,1,0,0,11,0,75,4,0,0,0,0,15,0,1,0,23,0,0,0,0,10,0,0,0,0,0,8,0,8,1,4,1,0,0,0,0,0,0,0,0,0,0,0,0,1,0,0,73,0,0,6,0,0,0,0,0,0,909,0,0,5,0,2,1,5
"COG2518",10,44,22,33,190,2,1,4,49,33,58,1,43,4,28,12,8,168,26,0,7,2,3,111,5,1,1,43,20,5,3,20,81,35,10,19,18,7,27,11,23,6,5,4,23,23,2,5,54,15,3,18,12,20,3,5,9,12,7,45,37,4,5,1,21,36,3,16,0,6,276,2,11,14,6,10,11,9,3,30,22,11,28,3,21,3,17,1,18,4,0,81,10,50,0,9,2,1,25,1
"COG2519",1,23,53,66,181,2,1,167,2,11,14,169,0,3,112,0,74,2,9,2,3,6,12,300,24,2,1,3,31,173,2,0,10,105,13,5,9,2,15,4,33,1,18,5,1,2,2,4,25,22,0,24,10,20,0,2,4,16,90,53,1602,7,6,6,0,8,11,66,745,2,0,1,6,100,3,9,8,12,14,435,6,3,18,22,4,1,11,6,8,22,0,12,14,36,1,729,2,18,5,4
"COG2602",1298,242,497,1011,113,725,766,221,324,318,312,248,140,240,592,159,150,744,175,219,281,311,1086,302,174,482,464,412,204,222,299,360,491,428,304,239,182,715,158,478,209,145,107,296,172,301,282,3237,449,198,645,730,291,390,298,324,288,282,36,651,537,285,234,487,277,789,187,193,253,211,827,109,89,357,287,362,112,252,78,971,37,514,168,251,344,163,258,657,116,665,290,189,462,481,315,587,89,230,175,402
"COG2603",26,74,101,61,424,1,15,12,416,32,106,2,128,1,72,21,11,426,36,8,7,0,3,276,6,0,0,113,61,0,13,56,175,106,7,52,42,6,40,0,51,20,170,6,55,96,4,9,82,5,2,47,10,136,5,9,28,19,19,101,49,2,6,2,39,92,6,7,0,73,765,22,12,27,27,16,33,7,22,144,53,2,75,29,33,4,71,6,20,34,8,289,3,116,1,3,71,1,262,6
"COG2604",1,387,1,2,9,203,163,2,235,0,304,141,210,327,62,2123,415,285,3,295,249,199,40,90,188,86,143,509,35,35,368,0,125,7,141,30,99,410,81,286,55,28,177,257,0,177,64,308,228,333,126,22,22,79,163,115,2,442,28,16,7,82,700,122,374,15,123,18,386,459,0,79,10,54,308,1,1,15,201,0,189,800,94,399,71,661,134,1075,4,6,261,21,92,162,236,4,96,86,0,350
"COG2605",254,527,1782,329,450,1365,1639,1539,1191,1288,2140,1434,2579,2538,1292,1011,735,1066,3739,811,2512,1616,1346,301,1589,1313,1282,1845,1652,2315,1991,1856,1390,1641,575,1358,1357,2810,1742,1462,787,2430,2400,1848,3457,3786,941,1515,1118,2268,1710,1253,1945,1376,2502,1967,4225,1393,1692,367,265,1281,1696,1536,1316,2274,1077,402,1122,2019,953,1249,2060,1435,1571,1702,1204,1469,2008,1095,1492,1884,570,1833,2405,1526,2611,1578,2339,2214,1583,2044,1429,2402,2991,501,2443,1613,2716,1624
"COG2606",2824,1492,1102,1255,1872,1424,1257,1070,1977,1242,1453,1762,1041,1465,1653,1055,1044,1572,1145,476,1037,1368,968,1128,1367,1551,1457,1401,1354,1402,1208,878,1678,1552,1789,1077,1182,1057,1483,1734,1758,982,1314,1582,1337,1172,1217,1341,2001,1151,498,127,451,434,454,398,334,520,454,474,467,444,446,511,396,503,327,563,743,218,475,286,350,412,397,432,405,412,302,354,330,421,575,371,380,442,344,326,359,372,430,399,654,372,438,586,306,200,430,380
"COG2607",1344,1141,1035,2100,236,1769,1799,1303,1191,761,841,853,1010,1138,926,626,1328,1186,392,688,1105,874,1020,577,884,1702,1445,1770,1070,1268,1312,471,1225,877,1383,690,910,727,930,1356,1242,389,863,1281,678,492,897,1663,1061,800,1827,268,1535,615,936,1134,436,1259,788,988,603,913,1357,1463,1131,1110,1289,1146,1746,548,640,1057,503,1424,1457,1932,1334,1261,502,1432,465,1401,1134,1628,593,1470,383,1271,1090,837,1549,145,804,794,1678,2732,636,1068,467,1477
"COG2608",2369,700,1025,2204,132,963,2723,1508,811,165,677,646,749,594,387,1032,894,1229,193,533,583,506,611,467,650,712,903,530,838,1176,750,350,675,837,1063,242,563,328,478,553,2238,309,338,1048,165,232,564,728,702,150,1126,240,811,334,679,703,171,660,279,1367,631,524,1003,797,429,236,541,1851,761,240,414,302,298,1286,512,894,286,946,413,1749,257,666,691,705,263,860,165,407,557,629,1242,193,633,488,590,820,322,317,199,504
"COG2609",67,72,163,151,748,2,48,14,671,85,189,1,303,7,100,64,10,841,87,55,13,1,10,523,8,2,5,241,113,0,75,66,517,108,20,46,42,47,77,0,115,12,6,7,88,117,21,22,96,18,0,119,19,109,12,22,18,39,15,283,152,12,24,9,112,146,8,16,8,47,1241,26,43,35,10,35,28,10,35,147,120,21,172,19,91,42,34,6,42,15,38,441,1,83,1,10,5,4,127,59
"COG2610",1843,1811,3081,3474,4583,1344,1581,1611,4150,1856,1326,1059,1998,1371,1838,577,1159,4112,2427,483,1232,902,941,3201,992,747,912,2612,1798,1061,947,2546,1609,1247,1477,1569,1393,1218,1539,1241,2105,835,1587,1456,1101,1873,783,2455,2099,1393,1193,799,1493,1233,1307,1124,1662,965,1372,1500,2912,1480,1415,1150,952,1873,638,1030,3962,985,7296,1710,1343,1640,1225,2509,1800,1611,1837,2182,1533,922,996,3396,1085,812,1372,1275,1331,2280,2150,2200,914,2047,1438,4793,1306,1248,4470,611
"COG2703",804,274,46,5,14,447,553,382,640,10,357,268,289,307,127,215,188,294,13,256,296,252,489,58,201,515,322,734,406,373,221,13,336,87,506,76,331,292,179,393,118,139,221,501,22,82,129,974,189,211,572,35,408,67,390,381,5,205,38,13,7,328,393,295,386,77,251,58,71,262,8,136,16,46,496,63,389,146,222,159,154,362,257,673,170,594,62,368,121,114,750,53,135,236,244,32,298,150,8,454
"COG2704",1878,1262,1568,451,2028,1093,376,591,1315,2471,1873,1760,1539,1459,1203,1153,2240,2317,1906,284,1045,1346,1284,1498,1452,812,858,1472,2125,903,2025,2359,1413,1128,1214,2688,2348,1953,1366,1299,907,1393,1905,1384,2173,1806,1110,648,1467,2087,793,2492,1242,1934,1213,1212,1400,1395,1703,636,1044,1800,1215,939,1073,1755,294,599,436,924,5836,1318,2282,1229,1672,1249,1236,1413,2068,333,2407,1485,645,757,2480,956,2569,1676,1861,2404,1721,1338,1047,2015,1005,1756,946,461,2335,769
"COG2706",1988,1416,1503,1316,1118,1135,1236,1306,1638,1061,1596,1217,1817,1150,1234,1191,739,1470,1797,327,1401,1193,1052,1237,985,1061,941,1604,1382,1109,1401,1345,1383,561,1208,1274,1356,1937,1123,1200,915,1082,1207,1329,1288,1946,852,1077,1110,1260,1027,519,1431,1034,1408,1359,2210,685,868,1394,674,1061,1178,1050,1524,1383,994,843,1920,1666,1785,2224,1230,958,1282,892,2771,964,1245,1238,1094,855,786,1538,1338,1319,1219,1553,1191,1687,1769,1680,932,1440,1567,1350,843,587,2080,838
"COG2707",385,28,46,40,251,101,3,184,241,125,57,6,91,1,77,8,5,272,25,11,3,0,2,261,2,0,0,65,28,44,7,84,111,42,6,14,17,106,30,66,149,39,6,3,34,27,26,11,156,71,0,25,8,28,1,8,55,9,13,201,143,1,7,42,46,98,2,5,1,3,352,227,12,8,105,8,12,40,9,180,30,5,57,7,52,11,9,1,7,17,126,52,0,70,0,390,3,72,40,11
"COG2710",464,1087,600,11,144,476,1451,1918,323,195,479,637,345,476,1231,113,1168,1002,374,128,561,334,691,399,554,334,1091,287,599,572,515,361,592,496,315,255,499,405,1070,1286,884,108,492,574,427,429,172,291,1504,590,713,263,626,307,470,257,614,303,784,667,243,767,858,605,430,217,192,531,2204,593,712,131,490,776,259,1128,406,695,543,1458,334,437,519,432,362,480,481,323,320,363,256,242,457,737,583,231,364,298,1395,481
"COG2715",389,1441,1643,734,532,1320,1165,1250,1246,1665,1924,1503,1349,1528,1093,2200,1756,871,1799,3239,1577,1800,1761,1911,1326,1684,1768,1385,1548,1809,1773,1815,1007,1516,1526,1765,1947,1566,1368,1356,1252,2555,1831,1499,1696,1609,2202,1382,1035,2045,1400,2224,1372,1722,1535,1377,1558,1425,1776,599,361,1742,1186,1623,2142,1722,2196,1430,759,2758,444,2276,1870,1233,1207,1090,1788,1793,1607,764,1684,1380,1655,1339,2171,1914,1929,1797,1591,2447,1734,1468,1259,1877,1565,438,2450,2595,1219,1952
"COG2716",16,34,42,51,351,3,2,4,172,34,72,0,102,5,52,21,8,282,34,5,0,0,0,196,0,0,1,79,41,0,8,41,125,57,4,10,16,10,19,0,58,12,2,2,28,43,2,12,68,5,1,46,5,37,7,5,5,15,8,56,77,6,4,0,32,59,1,8,0,11,522,1,14,13,1,13,10,4,16,31,42,2,70,5,28,10,10,5,16,5,1,107,3,23,0,1,2,1,56,6
"COG2717",1047,134,227,263,493,108,100,13,325,35,104,123,1054,485,388,46,111,414,46,16,80,41,280,276,241,80,77,473,460,40,131,66,188,72,16,23,74,33,92,76,63,13,93,19,866,95,31,260,112,351,86,61,923,63,74,63,21,50,23,107,78,14,254,94,91,68,17,85,5,35,483,30,475,30,57,70,30,66,63,239,38,10,103,227,51,76,955,14,895,67,218,124,86,73,94,5,87,61,449,29
"COG2718",31,62,88,74,507,1,4,8,255,42,149,11,144,4,71,23,10,509,67,3,4,0,1,328,9,0,0,113,113,7,56,94,223,118,3,23,18,12,62,1,61,6,8,1,72,70,6,20,118,6,2,48,11,44,11,10,22,21,34,59,112,1,7,12,89,83,2,10,6,25,786,12,37,24,4,17,21,4,36,68,102,5,85,11,32,11,28,4,16,9,7,163,0,50,1,6,0,1,85,5
"COG2719",26,33,92,59,399,3,10,12,466,48,106,20,90,6,83,48,15,434,48,4,5,0,0,260,3,0,0,123,138,5,56,54,168,72,8,17,26,13,38,0,115,15,0,7,64,72,3,14,87,7,3,53,4,40,17,6,13,10,12,85,138,3,12,8,72,83,0,7,4,23,598,16,18,24,2,16,16,4,27,108,60,5,183,14,40,13,25,2,11,10,1,178,1,40,1,3,8,2,78,10
"COG2720",756,685,621,1451,374,1054,789,699,1227,152,475,757,714,1131,777,405,664,667,279,512,816,913,476,293,810,1203,988,838,539,781,496,333,1366,2944,1188,373,695,246,727,887,646,179,855,685,218,479,705,1075,713,657,1617,176,748,499,892,775,264,959,659,587,175,586,564,2192,1161,235,1602,2618,1705,529,951,224,389,796,587,706,1048,2652,270,1229,299,1197,1866,763,397,1199,205,997,539,828,839,176,3592,505,947,627,560,558,470,1831
"COG2721",1566,2201,2177,432,2019,2133,2848,2414,2424,2651,2207,2078,2583,1933,2284,999,2738,2803,1457,2121,2003,2733,2293,2232,2166,2177,2645,2662,2510,2539,1958,2641,2210,1619,2155,3164,2851,1943,2043,1787,3526,2952,3007,2494,2758,2675,2447,1599,1814,2264,2216,3274,2045,1793,2196,2433,1177,2289,1994,1678,1063,2171,2136,1629,1425,2506,1645,1379,2042,2901,5466,1664,3093,2400,1966,6848,2298,1762,2275,1922,2223,2702,2317,2456,1715,1802,2589,2116,2515,3278,2235,1965,1798,2329,1724,3319,2703,2988,3250,1317
"COG2723",8888,3075,5059,12193,5229,2883,6054,4780,5624,936,2466,1804,3504,1990,2197,1645,2792,5987,1621,1366,1940,1465,1241,3167,2395,3495,2581,2949,2597,2360,1609,1322,3583,2181,2865,905,1267,1191,2004,2924,3970,977,1821,4293,3153,2240,2532,2297,2284,1439,3567,1080,3909,3074,1674,3163,1188,2712,1204,6790,5227,1522,3263,3498,2426,1990,2871,2485,6092,1747,8481,1876,3674,3588,3087,6037,2674,1781,1390,7715,1059,2616,3487,3621,897,2667,839,2142,2653,1194,1219,1361,1815,1640,3487,3670,948,1647,4654,1849
"COG2730",1355,2252,1745,656,992,4921,3494,4022,1047,1309,3034,4766,963,4412,2312,3245,1479,766,2278,9368,3526,3941,3715,3688,2668,4548,4192,2889,2809,2758,1695,1144,3232,1452,3129,2766,1770,1368,3928,3670,2381,6156,3107,3740,2239,2611,4654,2603,2886,1868,5824,707,2080,2412,2828,3137,1524,3596,1591,1259,4336,3365,3758,5284,2734,2039,6504,5287,1329,979,505,2596,4106,1686,2476,1521,3388,1718,1382,1917,2192,5590,2803,729,1397,3843,1360,2305,2723,1752,1567,1852,3700,779,2185,2707,5628,8295,2307,2449
"COG2731",1263,1316,1397,222,1998,1320,927,876,1767,1292,1404,1080,1055,1025,1661,1073,956,1788,1423,728,1265,1103,1675,1796,1540,886,1013,1350,1412,1365,1279,1420,1274,698,1773,912,1167,1290,1223,1084,881,1264,1176,1810,1634,1019,1123,1184,1340,1301,691,2205,993,1476,1148,1235,1617,920,1149,994,640,1635,1164,1300,949,1898,1180,618,579,1481,2572,1380,1328,973,1216,1217,1167,1173,1173,647,1529,1262,784,1191,1814,747,1045,1047,984,1523,1433,1292,890,1076,814,2172,1110,786,1687,666
"COG2732",21,30,47,43,250,3,0,4,100,20,58,1,79,5,40,54,8,200,31,0,1,19,0,148,7,13,2,51,23,0,27,32,80,80,72,5,3,7,18,0,26,0,1,3,43,55,5,13,63,4,7,22,4,17,0,7,13,26,7,40,55,0,5,0,36,39,7,43,0,11,397,1,9,4,0,4,14,2,11,31,28,2,92,6,12,5,10,1,7,3,2,49,1,15,0,2,9,0,41,3
"COG2733",631,202,114,184,687,362,68,1089,366,619,167,132,331,98,801,203,79,493,106,100,7,0,7,883,16,7,3,175,77,473,57,278,302,141,33,96,88,475,159,418,257,331,36,80,137,88,124,69,269,470,1,82,47,94,12,19,156,488,160,471,208,12,17,283,91,897,100,285,1563,149,1067,876,29,29,458,28,29,451,23,95,104,21,201,3,207,44,52,11,49,10,491,170,242,246,2,2668,23,460,165,42
"COG2738",727,1054,1268,1426,607,921,1165,482,1190,1026,1417,1202,1062,1354,984,456,1337,871,1072,484,1165,1389,909,148,1110,1242,1092,1404,1263,999,1330,1268,1158,1142,1643,1130,1265,1426,999,1221,1367,1102,1145,1237,1472,1326,956,1475,1171,882,1440,305,1319,1080,1049,1160,986,1184,1187,678,460,1367,992,1081,822,1118,1120,1757,698,890,333,625,1335,1509,1130,862,1261,1652,1142,978,1148,1222,1039,1381,1610,1284,1498,1400,1253,1653,1238,871,828,1247,1575,359,961,444,815,1059
"COG2739",972,584,351,416,177,652,740,728,741,131,349,548,408,519,560,348,555,549,139,372,419,428,677,179,463,807,667,714,450,588,350,181,550,774,702,233,334,198,524,689,392,145,392,632,375,185,420,844,550,248,870,92,539,314,396,552,159,613,295,820,295,516,604,941,508,263,712,945,659,267,239,176,305,488,441,1000,383,793,218,808,162,585,846,722,250,675,153,474,382,293,512,161,1060,328,685,394,356,356,274,652
"COG2740",652,374,332,667,131,502,578,547,623,191,296,380,313,421,343,275,386,384,81,201,282,302,361,172,334,493,454,508,331,442,424,110,387,751,585,214,272,202,332,494,586,116,429,395,175,179,317,474,443,237,569,53,394,278,353,325,99,533,252,924,231,378,336,657,340,233,642,803,491,187,152,243,113,462,379,432,408,558,74,646,113,405,911,525,161,508,127,321,257,253,477,182,813,283,533,585,245,259,208,563
"COG2746",559,106,9,48,851,254,270,488,366,337,75,239,72,135,203,600,219,527,158,32,118,96,324,3,65,149,119,450,297,269,144,21,48,63,131,26,161,173,154,90,103,52,163,247,70,125,132,117,176,38,414,35,150,207,128,122,57,141,79,32,324,132,220,151,148,44,67,109,0,106,1845,69,1,62,48,53,523,42,149,172,8,163,56,472,28,320,26,179,49,105,560,68,109,102,118,9,152,86,1,270
"COG2747",0,0,2,0,3,0,0,0,0,0,1,0,2,0,0,0,0,2,0,0,0,0,0,3,0,0,0,1,0,0,0,4,4,1,0,1,0,0,0,0,0,0,0,0,1,3,0,1,3,0,0,2,1,5,0,0,1,0,0,21,7,0,0,0,2,9,0,0,0,0,21,0,2,3,0,1,2,0,1,13,0,1,4,0,5,1,0,0,3,0,0,69,0,2,0,0,0,0,5,0
"COG2755",4950,6695,7488,2408,2872,7670,5678,5660,5323,8468,8306,8481,7482,7158,6221,5803,8483,4300,7364,6850,8437,8744,6805,4821,7916,6710,6725,7376,8644,7935,8342,9534,6134,3752,7334,7918,9552,10528,6490,7012,5904,8607,7296,7679,9745,8836,7588,5757,5318,6648,6994,4628,6285,7047,7810,8059,7975,6972,8006,4199,1997,9733,8176,7391,7085,8234,8408,5297,3259,10906,1536,9384,7845,6065,8053,7644,6305,6867,9533,3393,9679,7753,5108,9657,8019,6972,9546,8915,6776,9323,8364,6829,5737,8190,7100,5156,10115,10118,6591,5602
"COG2759",3537,3004,2952,3690,2090,3530,3772,4300,2324,3386,2917,3061,2665,3342,3151,3209,3589,2347,2588,3713,2626,2909,3617,3248,3182,3224,3438,3255,3407,3469,3159,2708,2908,3562,3449,2873,2929,2390,2994,3297,3858,3530,3233,3429,2954,2341,3465,2749,2917,3435,3225,3891,3049,2566,3059,2640,2565,3792,3558,3920,4190,2801,2999,3367,3583,2546,3759,4332,3800,2927,607,3563,2680,3525,2812,3275,2208,4305,2945,3997,2428,2928,4056,3816,2753,3633,2905,2448,3416,2516,3225,2429,4061,3128,3250,4410,3211,4138,2148,3817
"COG2761",1,0,2,27,611,1,4,157,3,11,3,15,2,12,44,19,32,6,7,9,0,1,1,168,41,28,1,31,4,10,2,6,75,19,11,1,0,7,38,6,103,2,1,18,10,13,7,5,21,13,17,29,5,27,4,2,1,8,0,254,61,4,14,44,11,1,5,11,71,7,4,0,6,2,1,6,33,60,2,353,6,73,35,1,28,6,17,0,26,34,0,146,19,5,0,0,0,3,93,8
"COG2764",10,25,50,49,277,22,37,126,117,28,85,6,63,2,40,19,4,280,34,2,60,17,0,137,3,14,3,79,42,3,16,52,93,75,14,11,12,8,38,1,34,4,5,5,46,57,3,8,53,23,25,42,18,42,81,51,17,9,6,50,86,181,6,0,72,50,3,10,48,10,384,0,18,12,13,20,35,9,19,33,100,4,42,3,23,10,8,3,19,9,0,105,22,27,0,2,5,1,58,3
"COG2766",43,80,134,132,630,2,11,9,503,45,182,13,186,5,117,46,15,636,80,3,3,0,1,440,6,0,0,161,174,5,99,118,250,152,10,24,34,26,58,1,122,5,10,9,63,95,6,36,144,14,0,18,4,19,1,8,11,7,20,34,54,3,6,3,49,40,0,2,1,11,351,4,10,10,2,4,12,2,13,63,29,1,67,9,19,3,10,2,5,1,0,72,1,38,0,1,3,0,34,4
"COG2768",1215,686,1206,1892,911,1226,1470,1122,869,1977,665,1247,823,1250,1523,460,1930,904,541,395,910,1825,839,1807,1200,1552,1385,721,1297,1247,1137,1468,1593,1492,1382,1811,1533,1136,1466,1540,2193,734,1386,1238,1154,609,1208,614,1574,1659,374,113,267,452,477,453,155,498,502,343,413,504,438,316,242,365,308,378,433,185,160,387,430,445,523,784,162,531,485,475,401,331,414,469,479,400,538,533,359,549,421,211,371,471,160,1010,279,317,246,275
"COG2770",0,0,2,9,0,0,53,0,197,4,7,1,1,2,0,48,6,30,0,2,1,1,0,0,0,1,4,66,49,0,143,7,120,0,5,0,0,3,10,1,89,4,3,0,1,87,4,0,8,0,4,15,0,9,8,0,0,5,1,393,7,0,4,1,24,42,0,7,0,8,1,0,0,0,8,0,0,8,7,74,0,1,91,0,31,40,9,0,2,0,33,122,0,3,0,0,5,0,1,20
"COG2771",269,495,687,802,4098,31,123,39,1421,293,872,31,707,60,848,166,77,3345,505,92,48,13,43,1888,44,73,52,759,454,48,194,594,959,626,134,132,134,98,335,171,432,68,121,72,592,630,43,172,957,135,40,369,140,373,62,88,209,93,189,342,894,56,97,59,334,639,106,258,110,273,5182,16,131,354,74,190,189,127,220,180,685,53,707,95,190,107,208,192,129,90,46,428,215,463,34,213,49,49,853,70
"COG2801",2540,3079,2518,4203,12657,3306,2244,4198,5999,2447,2391,4327,3738,1665,5902,4143,2520,3760,2107,3825,2622,4018,4017,5502,2495,2542,2403,2967,1839,2585,1280,2845,1584,4803,3420,1940,1893,2060,2450,3504,3628,4305,3851,2027,2832,1567,1809,3952,3252,3514,6807,2750,6668,7414,6540,7139,8974,10690,8720,9213,13789,7043,11442,12406,20724,12921,18668,12733,23558,6212,22150,10723,7625,6119,7914,6361,4884,8227,5511,10736,4996,4674,7685,4957,12143,7522,5358,6850,6557,4106,7687,3120,12459,10079,4356,11174,16442,8276,4161,8041
"COG2804",2589,1161,975,2315,5596,1660,934,1182,2159,529,882,792,1131,1108,1085,859,983,2449,389,179,644,829,1234,1595,705,1599,1291,1672,1316,767,335,498,3978,2360,1018,531,718,568,819,1421,609,381,718,1190,461,481,1320,1245,1291,850,2267,405,889,843,998,853,327,1495,758,2324,847,494,1760,1902,1364,1106,2638,1307,990,362,2898,634,393,583,880,431,958,1447,398,1492,383,1659,2055,1129,717,1210,516,324,578,456,773,788,662,768,646,2023,960,815,1140,1283
"COG2805",2125,896,829,1362,3510,1593,1323,958,1151,353,570,889,677,950,757,554,857,1781,311,246,565,731,1498,904,627,1507,1045,1487,1147,958,394,249,2704,1376,1049,435,779,587,672,1182,465,353,793,975,292,541,1006,1982,689,671,2287,214,864,526,902,809,336,1093,494,1006,433,555,1440,1644,966,744,1748,1668,776,282,979,694,280,498,1122,446,988,1373,579,1346,276,1426,1005,1251,456,1314,395,450,437,681,1101,381,608,676,691,1820,778,675,700,1106
"COG2807",29,120,223,170,1255,32,52,79,419,95,238,5,353,18,254,88,55,938,227,9,10,57,8,844,69,17,5,243,186,80,47,80,585,141,36,22,46,31,310,3,128,53,125,9,147,184,138,20,320,258,3,186,17,94,13,19,91,117,137,1574,187,7,57,19,102,111,26,56,239,27,1432,14,42,35,6,30,65,24,118,76,118,17,204,38,59,29,39,69,29,52,22,113,14,109,3,14,75,8,336,8
"COG2812",5409,4655,5658,5777,3696,5384,6189,5311,5325,5409,4751,5878,5240,5715,4534,4814,4974,4047,4491,5652,4679,6915,5296,5811,4828,4924,5005,5364,4915,5865,4854,4648,4746,5125,4917,5716,5519,5776,5001,5818,4312,5926,6041,5218,4870,5105,6338,4870,4565,5547,5537,6332,5521,4541,5090,5148,4076,5007,4929,4949,4979,5152,5136,5773,5392,5763,6143,5264,6171,5510,2850,5514,5073,4839,5614,3915,4830,5942,4647,5796,4845,5162,5328,5409,5320,5417,5336,5495,5460,6071,5782,3481,6990,6037,5719,7443,4892,6514,3937,6345
"COG2813",517,145,256,371,1288,9,160,351,609,131,285,142,420,31,220,640,65,1167,137,26,25,4,45,1102,83,72,36,293,167,155,53,139,596,293,122,43,45,28,118,69,171,17,18,24,147,168,31,41,190,48,55,160,40,111,36,30,41,82,96,976,1066,14,28,170,176,190,176,96,631,28,1425,19,49,105,10,70,51,77,66,545,149,128,307,52,72,87,60,11,59,38,23,277,530,117,26,199,41,22,191,123
"COG2814",618,862,1151,780,3341,1791,495,1411,1858,2351,1434,1456,1492,881,1574,2041,1188,2534,1997,1936,1234,1204,708,3735,1615,929,1190,1268,1473,1656,820,1401,2101,1017,1082,1822,1360,1561,1798,1547,1810,1729,1379,1046,1372,1202,1451,636,1475,1883,944,1445,1144,1361,1645,1165,1791,1251,1932,1518,3105,956,1274,1117,780,2422,1408,660,3208,1534,3784,2973,1251,1780,1422,997,799,1364,1612,1172,1614,1342,1333,392,1598,964,1607,1155,1442,1245,1367,1347,925,1782,1020,4682,1416,1928,2184,1422
"COG2815",1287,675,1531,3577,1152,1334,1571,1802,1261,170,507,943,552,878,714,458,991,916,271,182,937,812,683,592,796,1166,1002,1124,1191,1114,550,339,1264,1719,1121,406,601,218,460,923,1193,132,1161,1149,163,513,573,586,662,460,1274,317,909,779,745,682,258,765,828,2898,4078,521,965,1355,873,251,1518,1100,3210,336,775,224,192,1116,657,900,1325,1482,281,2709,303,1286,1709,1468,301,855,297,660,573,613,922,368,1938,518,915,1567,491,672,567,1519
"COG2816",1260,1390,1374,952,1145,1381,1588,1542,1479,921,1549,1287,1235,1113,1283,1363,1295,1500,1243,1770,1298,1071,1570,1637,1205,1220,1236,1778,1469,1797,1176,1399,931,693,1286,1024,1170,1173,1128,914,888,1484,942,1257,1276,1205,1149,1546,938,1132,819,1620,1303,907,1163,1284,1121,950,1195,849,2573,1216,1166,1239,1243,1197,1528,769,1877,1530,1380,1267,829,1005,1075,1261,1180,1025,1287,1588,1210,960,1389,1535,1062,1364,1099,1177,1193,1047,1390,1237,669,1369,1167,1279,1336,1435,1070,1261
"COG2818",943,1320,806,262,1233,561,429,834,825,654,799,1079,999,780,913,199,702,898,868,116,684,1144,338,495,885,460,521,493,975,333,938,1137,858,900,787,946,1047,1183,968,799,606,551,735,655,1157,1131,859,335,1177,627,710,210,850,1039,1139,1004,890,645,574,1086,464,1139,721,668,503,526,511,336,722,504,916,386,1387,807,1034,479,664,1092,844,549,1068,744,722,599,1261,679,1071,1086,979,1109,710,1046,1733,808,827,124,571,129,984,705
"COG2819",87,186,258,433,88,391,404,284,489,229,171,316,352,267,298,138,285,423,105,195,383,218,194,130,231,464,400,377,394,330,214,205,359,145,236,250,186,419,290,227,174,109,200,297,333,244,238,211,179,215,791,301,927,643,836,1158,437,1005,413,1562,214,859,1122,1445,484,696,1160,880,827,409,10,882,1469,634,954,2296,722,699,389,1045,592,1094,693,1618,413,894,620,908,910,572,1050,449,1476,698,963,1494,411,1015,315,983
"COG2820",453,1583,1360,960,1280,1394,1411,937,1324,1421,1490,1448,1465,1585,1349,1058,1491,1286,1697,1380,1242,1597,1639,1127,1476,1479,1255,1164,1458,1178,1184,1681,1171,1392,1648,1387,1433,1313,1635,1381,1177,1696,1865,1390,1655,1486,1266,1650,1648,1652,1221,2116,1465,1473,1638,1591,1548,1376,1600,1268,676,1578,1051,1289,1357,1256,1620,1132,783,1624,1384,1331,1538,1360,1246,1621,1239,1601,1567,676,1473,1138,1188,1278,1807,1311,1654,1592,1450,2256,1029,1442,1023,1669,1302,720,1275,1543,1457,1729
"COG2821",363,146,112,97,745,51,43,70,497,182,201,50,193,94,161,62,138,658,100,48,17,38,43,451,34,42,97,187,160,36,35,86,279,134,37,60,73,58,141,53,82,60,57,19,91,169,15,27,195,185,36,117,52,150,171,63,40,134,71,124,119,44,118,26,122,163,53,74,0,42,910,11,54,25,78,58,48,95,30,96,99,43,109,21,53,66,127,103,101,70,63,138,86,159,0,15,39,9,111,26
"COG2822",27,72,74,71,515,1,19,12,210,44,130,1,171,2,96,26,13,437,56,2,5,0,5,276,4,4,0,117,62,1,19,70,169,83,11,24,24,11,44,0,78,6,3,1,55,69,6,7,100,32,1,54,7,38,10,11,19,13,27,591,104,2,10,4,56,92,5,12,29,17,663,0,16,18,3,21,12,4,23,84,66,9,89,17,31,13,30,3,13,7,1,108,2,39,3,11,2,5,98,3
"COG2823",136,37,48,51,279,7,20,13,199,54,65,14,109,25,56,149,19,261,35,12,3,4,1,200,7,1,16,85,51,2,8,47,120,61,3,14,15,14,31,5,38,14,10,2,49,62,5,14,88,41,25,126,36,169,53,71,27,56,66,171,160,51,68,20,126,171,24,25,1,31,1249,9,67,34,43,59,45,47,50,93,108,21,165,24,69,39,95,72,75,60,54,237,30,118,0,10,18,15,125,27
"COG2824",118,65,99,101,443,2,22,13,433,40,167,8,130,2,94,26,9,422,57,21,5,1,5,307,7,1,2,121,110,10,14,73,174,102,14,35,32,30,49,0,20,8,37,1,83,85,11,27,104,56,0,59,9,101,9,8,34,15,11,310,135,5,13,10,74,116,10,6,17,13,731,26,19,25,6,19,24,6,23,147,93,16,53,20,26,18,19,5,15,17,19,77,1,66,0,14,32,7,119,16
"COG2825",251,140,238,69,428,68,36,21,422,192,165,63,172,117,211,325,56,415,392,30,142,21,86,297,181,25,54,142,143,19,114,162,201,154,45,280,111,126,113,33,96,68,93,46,184,281,37,87,125,143,49,63,138,194,128,85,349,55,204,119,101,47,176,44,62,335,21,42,4,41,630,19,84,242,103,95,333,62,360,78,227,99,92,44,94,37,124,119,155,82,134,330,54,121,188,10,112,18,530,47
"COG2826",335,1333,2898,16626,2015,4997,4313,6103,3505,2747,1821,3405,1044,1720,4669,3353,4497,3340,1200,32817,1352,1801,5631,3130,1583,3340,3949,4072,2305,3664,778,1028,3547,1832,3491,864,2721,2732,4102,4825,1913,2274,776,3020,1504,535,3144,17270,2256,2126,3903,1391,4588,3284,2943,1706,1262,3770,2028,7228,5276,2231,1982,2630,2951,35973,1951,9044,4706,2519,1874,4686,1005,2146,5263,10256,10909,3643,2293,9560,1701,9218,2923,2336,1315,2100,1192,2238,2709,6794,3672,1248,2873,2244,2818,2316,2230,2322,836,3041
"COG2827",572,155,335,587,289,266,518,623,535,168,145,130,170,175,288,119,210,403,128,82,117,175,116,265,251,142,359,249,215,232,129,166,227,227,298,102,115,105,206,211,209,87,161,219,142,215,148,560,405,176,156,89,339,174,197,173,95,268,179,911,316,165,169,284,117,209,234,263,419,84,333,169,78,214,255,272,73,273,99,765,75,131,522,213,140,110,83,118,175,186,159,219,292,172,210,462,123,202,265,280
"COG2828",49,236,292,106,522,61,109,272,284,68,134,31,52,122,180,49,53,625,227,29,70,118,36,331,31,34,152,149,145,55,64,349,233,157,124,225,57,15,92,52,383,28,125,46,118,125,9,100,319,56,26,160,59,148,81,179,47,58,82,105,131,123,38,17,127,151,55,49,493,65,810,13,93,39,69,91,102,169,16,311,95,29,106,497,125,43,41,43,57,629,37,27,115,174,25,438,111,36,116,37
"COG2829",31,28,123,68,410,76,8,70,240,386,116,41,82,29,247,90,31,384,142,75,37,43,48,205,56,461,91,102,160,43,27,249,178,266,32,21,42,36,269,144,96,82,67,20,129,211,58,45,292,33,64,64,67,196,95,73,99,140,123,89,72,51,97,29,53,314,31,17,0,49,533,10,75,85,22,53,66,75,156,78,139,52,254,21,100,23,159,99,70,39,32,226,75,216,21,1,41,11,62,37
"COG2830",83,646,678,79,129,340,127,129,414,748,814,637,834,656,530,836,672,221,1136,56,583,855,341,14,785,846,291,550,764,459,944,916,361,291,821,893,1079,1115,488,511,448,779,677,761,1047,1093,535,370,496,566,306,192,700,870,726,684,1141,376,798,19,101,914,589,387,267,824,112,188,139,534,6,341,749,614,635,491,688,485,1043,65,1007,660,201,527,1069,496,1282,703,806,1179,612,1215,510,803,739,19,477,59,896,290
"COG2831",479,168,72,20,33,221,58,16,581,47,76,1,25,83,337,749,27,108,334,15,80,44,83,147,115,37,125,62,149,33,219,101,130,323,8,320,276,65,363,160,240,55,328,173,152,256,57,30,583,137,49,179,142,383,299,149,103,78,339,573,9,224,98,28,549,275,4,13,336,117,3,45,70,131,82,392,225,239,345,45,208,58,158,29,239,77,623,71,133,545,39,75,34,215,2,42,240,11,912,77
"COG2832",536,134,304,443,388,210,335,221,914,104,228,118,217,116,144,80,76,533,71,123,94,123,86,342,114,113,190,267,232,415,97,127,262,173,212,59,123,178,182,152,92,145,159,179,93,178,92,106,218,153,38,31,54,84,42,55,47,38,20,328,92,68,31,89,61,68,34,11,27,30,220,79,22,43,61,33,34,52,7,101,42,11,74,81,49,43,33,25,22,26,164,75,32,51,126,216,34,44,64,44
"COG2834",276,71,126,254,415,20,61,42,403,93,124,24,132,64,84,420,68,372,78,31,22,46,71,271,117,69,110,114,149,23,22,77,210,266,52,28,34,49,92,130,64,51,62,16,62,126,22,28,116,124,84,65,54,112,132,54,23,121,55,84,80,43,60,191,80,80,299,68,6,19,566,30,30,40,41,40,40,106,31,72,62,35,259,38,40,181,83,61,67,42,33,119,939,86,39,13,68,12,96,164
"COG2835",21,13,15,17,109,2,6,4,98,9,27,17,29,1,18,10,12,63,18,5,1,0,3,64,5,0,9,27,37,8,4,12,36,27,1,7,10,10,12,6,15,9,6,0,10,25,1,9,20,30,5,23,4,6,13,13,5,7,2,27,29,9,7,1,21,16,0,6,0,8,164,5,13,3,0,10,10,13,5,14,17,6,21,6,10,4,30,0,22,17,3,23,9,18,0,3,0,1,35,8
"COG2836",1,65,121,3,9,22,194,8,147,1,4,22,19,89,70,23,21,74,69,21,1,108,24,0,14,87,70,70,130,44,170,32,8,56,49,21,18,19,13,97,14,13,1,1,25,66,20,19,48,0,176,42,50,20,85,42,5,257,28,180,1,81,225,39,32,43,111,76,369,39,0,24,1,22,86,56,4,66,9,97,3,19,19,46,29,144,15,41,28,278,62,0,59,94,6,190,42,43,0,124
"COG2837",193,796,370,173,945,151,37,304,353,314,764,92,495,65,190,64,34,784,1000,12,317,154,150,458,399,67,62,248,328,21,149,610,460,174,77,537,350,177,229,28,297,52,99,62,180,533,31,52,226,358,107,77,174,527,503,278,995,66,253,1511,185,66,356,22,181,234,27,56,34,68,1112,10,179,228,185,140,565,93,717,121,602,107,202,229,212,44,410,113,226,136,295,1210,134,319,305,33,157,10,771,25
"COG2839",210,256,115,0,3,74,11,67,67,260,59,210,82,153,120,42,304,27,309,21,168,177,41,2,382,74,74,72,266,39,156,227,30,56,332,201,265,163,105,37,125,70,179,259,242,269,100,62,74,217,124,35,137,238,130,121,239,80,275,2,14,261,140,46,50,111,23,80,0,128,4,63,282,243,116,149,216,220,308,18,391,260,40,57,313,62,314,276,196,402,104,521,116,141,97,5,181,11,249,77
"COG2840",222,79,107,94,647,15,33,38,338,93,170,39,156,64,114,347,52,542,94,18,7,17,12,379,19,33,35,161,110,14,18,80,223,132,16,31,54,39,71,14,86,43,44,9,81,107,20,29,148,141,23,120,22,105,29,34,40,47,63,98,134,29,64,12,72,136,17,45,1,24,864,15,42,14,40,35,43,44,30,50,89,19,114,18,48,21,62,51,64,58,25,151,36,112,0,6,15,9,108,18
"COG2841",12,16,23,21,179,0,5,3,54,11,47,0,35,0,36,2,1,118,29,3,0,0,1,109,2,1,0,23,23,1,3,24,39,31,1,2,7,9,7,0,0,0,0,1,15,24,2,3,27,1,0,12,5,15,0,6,10,1,1,12,39,0,1,3,16,11,0,1,0,4,190,2,7,6,0,2,5,0,4,1,32,1,4,3,3,6,6,3,4,2,0,9,0,6,0,1,1,1,26,3
"COG2842",19,67,45,0,17,212,93,1,35,429,268,64,19,355,33,32,30,37,128,85,82,247,187,0,49,268,77,252,96,75,48,143,4,383,213,144,44,22,185,232,64,78,477,217,59,186,1062,17,131,84,97,669,44,25,67,47,8,27,134,16,11,104,37,93,16,11,18,40,37,56,17,0,21,49,0,35,183,49,49,0,40,36,81,62,12,26,10,45,62,87,24,0,174,64,85,28,64,17,45,28
"COG2843",2473,2695,1984,2278,1533,1898,2432,1378,2007,2028,1576,2653,2410,2349,1769,950,2641,1716,2012,785,2801,2755,5096,910,2726,3560,2466,2217,2521,2117,2386,2057,2877,2302,2953,1950,2168,4086,2030,2423,2153,1172,1613,2798,2253,2120,1687,2682,2204,1654,4628,296,2350,2304,2708,2726,2100,2484,1887,2646,3213,2863,2259,2811,1822,1269,1830,3394,1387,1483,316,1480,2319,2040,2128,1726,3001,3221,2641,2611,2734,3259,2429,2847,2190,2194,2440,2398,2133,2944,2521,1637,3674,2397,2574,1781,1699,827,1791,1926
"COG2844",779,133,332,346,1814,48,92,342,759,246,253,486,369,162,345,1105,285,1120,83,106,17,46,58,1133,40,6,95,388,313,363,59,183,500,199,8,79,101,129,159,40,184,76,91,12,140,277,42,41,178,251,77,251,39,232,101,102,32,172,278,410,3291,89,172,49,177,222,41,145,1537,33,1999,30,113,227,99,114,39,111,97,1040,120,60,178,49,78,91,178,147,128,110,111,294,93,193,6,1742,50,57,134,92
"COG2845",0,40,1,0,2,2,1,0,0,22,16,0,0,11,0,1,24,4,12,0,4,0,10,1,2,3,5,0,6,5,0,0,11,5,5,5,8,2,12,6,3,4,0,9,0,4,4,4,12,9,2,0,12,6,0,5,8,13,1,0,0,3,6,0,0,9,8,7,0,1,0,1,0,1,7,13,10,13,0,0,7,7,3,2,3,0,6,2,10,0,0,10,4,40,0,2,5,0,0,1
"COG2846",198,462,400,108,296,200,87,307,491,370,775,706,516,197,465,81,251,330,162,53,211,614,204,604,385,159,468,375,144,634,468,573,354,149,308,732,601,698,400,277,208,450,529,554,716,593,557,226,697,209,102,230,566,603,410,500,461,97,308,157,115,508,306,546,909,561,98,108,603,221,454,1800,903,179,685,141,539,224,235,104,583,520,344,228,400,329,624,562,653,638,477,104,406,379,503,44,107,26,205,209
"COG2848",2901,1259,1163,2167,687,2035,2538,2555,1712,798,1774,1648,998,1555,1468,1760,1720,1116,311,1808,990,1296,1945,2407,974,1937,2060,2115,1270,2466,1433,457,1435,1187,1721,798,896,531,1183,1587,2221,2394,1648,1546,1012,527,1763,1823,1398,1079,1755,2640,1301,798,1025,1121,330,1928,1658,3236,2337,1065,1703,2063,2260,1544,2469,2072,2643,1563,527,2287,546,1408,1252,1998,811,1597,580,2032,431,1317,1925,1706,623,1516,517,952,1161,826,1231,409,874,1135,1455,2720,1703,3170,747,1249
"COG2849",140,501,203,3,150,359,130,56,1003,327,53,835,66,466,282,118,2351,21,301,28,835,1205,126,12,391,267,486,480,720,387,210,721,184,165,273,528,1173,540,389,221,506,374,1495,105,799,1257,298,94,219,476,692,332,293,799,1055,311,538,135,786,114,15,401,164,432,389,1238,48,33,11,638,0,194,535,1109,154,607,851,613,1062,17,1065,1138,295,160,2101,385,1594,1250,436,335,64,2062,245,747,728,28,601,14,3011,283
"COG2850",11,22,27,35,174,1,9,6,225,25,43,2,58,0,24,13,5,150,22,8,3,1,1,116,11,0,1,40,100,0,10,21,73,21,0,9,13,7,14,0,40,3,0,1,23,27,3,3,25,2,0,71,11,39,14,10,17,14,19,190,103,7,13,2,66,122,3,5,1,18,731,11,224,15,4,20,25,5,25,93,164,8,184,7,46,26,16,4,24,11,22,189,1,65,1,2,7,3,95,32
"COG2851",68,322,266,73,32,153,263,608,195,187,142,122,376,191,833,54,207,320,113,85,358,211,407,162,187,296,261,321,248,345,229,309,165,51,200,242,192,78,161,144,562,72,350,149,363,400,76,156,289,192,86,151,342,314,223,238,58,132,197,22,9,298,202,140,134,97,120,52,739,276,339,84,150,351,170,139,206,97,50,746,53,164,102,1793,231,162,346,146,380,778,216,47,151,162,148,614,180,246,385,195
"COG2852",15,151,70,38,161,212,203,280,237,147,134,204,219,180,344,222,196,188,11,96,96,198,340,111,126,172,570,136,240,247,128,130,147,314,233,99,12,51,148,237,172,76,44,167,402,14,235,106,285,109,111,61,102,179,184,181,4,510,134,16,16,209,196,356,46,138,508,424,440,65,162,66,204,300,107,748,37,127,101,219,44,220,495,96,69,179,72,290,93,28,18,91,195,46,28,50,162,110,58,225
"COG2853",385,83,89,54,417,14,38,65,522,104,142,26,136,89,117,428,85,412,51,45,12,29,20,268,24,38,84,147,116,15,24,85,197,118,14,115,55,66,90,35,80,55,213,6,76,171,11,21,154,130,42,95,21,213,113,57,36,87,57,96,74,31,84,27,85,75,26,43,1,54,771,27,50,15,43,51,46,59,31,51,76,20,84,20,40,75,138,62,68,67,35,277,45,169,1,13,81,9,193,39
"COG2854",359,58,43,57,290,24,41,54,375,84,92,27,93,58,90,459,104,269,49,34,6,38,25,206,25,27,99,104,87,18,19,52,129,58,34,31,33,39,56,16,72,40,52,5,51,113,20,11,104,129,16,75,23,143,156,39,20,99,60,102,52,34,42,9,55,85,28,42,1,25,465,12,48,14,42,59,19,37,28,55,51,12,66,12,27,80,81,44,46,45,40,119,35,93,0,7,22,14,45,27
"COG2855",1114,2120,1556,1246,2112,1759,1091,2671,1395,2377,1976,1694,1179,1724,2153,1715,1816,1310,2114,4259,1907,1809,1514,1375,1861,1491,1258,1062,1712,1502,1864,2872,1868,1170,1784,1922,2348,2085,2595,2048,1626,2712,2063,1360,1900,1521,2299,858,2154,1800,431,316,450,826,595,641,529,598,725,860,846,744,500,412,536,588,600,362,438,1116,412,583,589,679,664,386,381,555,807,502,860,486,451,396,790,476,757,606,524,678,726,787,451,617,397,600,748,912,469,573
"COG2856",1370,476,951,205,512,1280,811,696,741,526,1834,866,496,820,1679,2000,798,734,1003,2835,1641,1087,2887,975,501,1139,2385,1142,910,904,315,304,850,1419,1705,302,455,683,1559,1315,880,3012,2053,887,900,624,769,1151,1586,1540,1649,1390,626,424,618,704,2130,697,1027,1382,906,1022,833,1610,565,2081,1937,1852,529,1238,1627,747,598,1223,774,1134,918,1265,590,1493,1385,681,656,995,620,1470,577,1353,325,430,857,117,451,540,752,768,811,2427,637,2788
"COG2859",302,295,402,57,77,519,353,665,235,790,729,798,442,625,751,1104,558,120,272,2079,342,900,1138,789,630,562,737,452,517,903,556,593,371,115,690,650,578,836,746,675,273,1430,751,703,964,554,1181,566,646,944,379,1792,506,542,529,478,476,477,761,12,39,814,337,644,1132,793,1025,164,116,1401,160,1445,1078,409,616,325,392,572,288,60,565,696,371,301,769,859,705,764,687,810,446,79,476,537,492,18,826,1310,265,1133
"COG2860",593,491,1015,1038,1420,531,606,622,892,1014,750,1032,729,1003,884,252,1038,1163,976,250,620,1020,472,1009,813,831,596,718,883,762,857,1187,988,769,942,966,959,1056,775,750,915,757,918,824,1120,949,760,518,1021,743,666,390,814,818,825,786,703,832,930,859,1402,955,655,814,557,940,366,852,1377,646,1425,636,1035,969,816,610,850,855,833,787,1051,754,660,442,1341,551,1128,822,898,1121,755,801,722,788,788,1416,548,295,698,424
"COG2861",43,123,129,89,616,60,21,95,197,133,223,71,194,65,151,115,121,572,171,68,50,62,75,381,46,29,183,177,133,93,65,204,253,160,68,87,84,48,237,184,308,63,80,55,151,100,27,67,416,95,27,136,85,113,292,56,65,262,133,127,117,83,55,23,133,124,31,171,280,66,959,25,92,44,37,178,88,95,85,63,142,37,92,18,78,135,104,42,113,99,22,174,135,192,12,17,45,67,195,74
"COG2862",305,41,85,78,437,6,19,7,441,96,151,3,111,50,98,32,8,385,79,18,5,9,3,329,9,1,4,110,85,1,18,61,169,72,3,12,18,28,42,1,42,36,24,5,62,133,10,17,101,75,1,55,11,85,6,10,22,16,33,84,80,4,36,14,55,89,18,13,0,18,696,5,22,12,28,21,11,3,29,36,73,10,83,10,44,14,23,73,19,7,33,102,3,51,0,7,5,7,77,12
"COG2863",110,0,0,0,0,0,3,1,57,39,2,1,0,42,7,4,1,3,0,4,0,2,2,0,0,0,1,0,34,3,1,0,0,0,0,0,0,0,13,0,5,8,14,0,5,20,4,0,1,6,0,0,0,24,0,0,0,0,17,14,0,0,28,6,4,2,5,0,0,0,0,2,1,0,6,0,0,0,6,2,0,0,6,0,0,3,0,20,0,0,12,0,0,0,0,0,0,0,0,4
"COG2864",665,102,104,103,668,4,23,21,439,250,181,2,213,157,106,35,66,605,76,30,10,31,22,399,9,6,46,205,98,6,31,96,250,159,22,57,53,46,91,36,86,21,24,17,85,193,20,19,159,27,24,116,23,239,24,69,36,67,52,89,132,37,43,32,78,130,19,18,46,39,1042,16,64,29,33,70,46,65,27,75,78,29,133,18,78,38,94,30,40,21,27,211,26,222,0,17,12,9,113,33
"COG2865",6077,4365,4085,6985,3972,8289,7301,7512,4470,7550,4705,6089,3281,3938,9057,10385,4651,3753,2779,6648,4904,5160,9166,11734,4437,4962,8572,4477,4091,5009,6535,4861,4823,5094,4844,6654,5311,5031,6447,7456,4849,3596,5093,6434,3959,6163,4312,6046,6373,5399,6416,5936,5205,6004,6638,6256,4365,5104,5083,3452,6001,3878,5993,4765,11089,6328,8007,4486,6449,11071,393,10854,4493,5703,6068,3893,4820,5353,5228,6553,4073,5852,5824,5028,4633,8302,3743,6120,4177,5380,5001,3187,4333,5286,5703,3436,9711,12722,3772,11554
"COG2866",95,543,471,2504,573,566,322,191,370,150,379,472,226,565,771,219,700,617,156,154,518,1354,1695,301,468,461,871,546,736,299,447,145,1027,1128,572,1026,220,463,796,651,2328,198,1023,438,341,684,620,280,1445,535,702,90,651,737,980,705,62,808,654,754,223,658,577,472,622,253,580,1241,363,227,624,54,1202,797,861,392,722,1868,606,166,1037,1136,1390,252,696,506,382,829,845,534,668,289,1284,265,1017,149,152,223,526,739
"COG2867",11,24,42,48,297,1,2,3,155,24,64,0,75,0,51,22,5,234,26,3,5,0,0,175,2,0,0,69,39,0,10,30,114,38,8,12,13,9,26,0,37,3,0,4,36,39,3,10,63,6,0,23,3,40,4,6,13,15,9,53,60,1,3,0,31,47,3,4,0,16,417,3,11,7,2,5,9,3,18,30,37,6,60,7,11,2,14,2,6,5,2,84,1,20,0,1,0,0,62,5
"COG2868",920,391,266,649,85,537,598,446,526,164,295,348,177,290,363,239,321,320,148,213,297,254,324,248,291,510,577,446,331,430,369,134,389,527,687,220,322,229,318,634,592,179,455,407,112,224,187,562,611,271,525,105,381,231,281,347,128,377,246,599,252,256,299,403,413,220,512,635,586,242,171,286,124,441,379,217,167,410,187,473,174,362,579,379,209,468,131,273,206,287,600,159,611,363,478,697,276,271,280,369
"COG2869",70,609,471,30,322,460,222,532,454,975,941,604,269,439,674,1083,817,171,770,1050,745,592,793,517,718,565,626,381,549,758,544,1056,525,346,589,834,845,666,617,525,490,1153,686,444,827,563,693,423,552,798,362,989,520,725,540,593,451,481,1004,107,47,766,517,487,632,690,777,206,47,830,61,778,698,751,665,398,385,638,980,119,1018,567,313,376,829,723,851,557,606,763,472,1033,427,783,224,29,856,914,574,813
"COG2870",1044,857,219,160,1208,455,165,611,1018,766,312,380,407,397,931,2738,306,664,198,139,129,529,160,914,384,137,204,325,446,350,320,494,681,295,203,735,515,437,519,508,639,455,900,350,273,359,762,122,758,649,171,265,289,705,566,311,242,577,560,463,237,277,205,257,583,757,343,463,897,298,1074,641,493,160,677,536,357,487,192,129,336,377,456,110,427,136,514,507,464,436,597,809,448,843,114,1727,360,308,616,197
"COG2871",222,1041,791,79,537,908,378,839,534,1580,1332,1006,882,993,1212,1726,1022,219,1401,1903,1027,1265,1491,832,1246,1010,950,706,845,1355,818,1397,761,576,943,1288,1117,1073,1242,1008,707,2071,1341,919,1231,1276,1183,683,815,1503,627,2184,894,1191,1205,999,1319,931,1682,162,219,1058,948,1173,1210,1241,1116,399,117,1573,12,1320,1286,1027,865,676,978,991,1460,161,1229,1064,683,789,1430,1452,1515,794,1168,1199,783,1539,791,1234,790,33,1572,1374,840,1785
"COG2872",186,135,179,422,85,153,487,207,276,86,108,175,236,217,162,106,201,253,74,107,120,159,143,141,157,179,226,307,175,171,178,111,232,302,214,123,130,73,237,184,226,49,183,173,142,88,174,365,219,109,728,221,783,392,623,566,248,860,417,1058,477,447,575,506,447,328,456,1172,596,410,581,239,238,746,491,1466,764,567,228,1467,170,303,803,873,244,606,319,544,752,479,353,250,573,614,474,481,313,401,552,322
"COG2873",4827,4597,4688,5727,2575,5148,6606,4986,4038,4433,4040,4481,4981,5469,3845,6650,5224,3795,4395,6962,4398,4413,5641,5690,4245,5315,4890,5827,5304,5859,5495,4046,3977,3558,4323,4574,4597,4522,4168,4562,4939,5046,4576,4314,4242,4293,5178,6124,3499,4873,4204,5936,5496,3845,4017,4156,4126,5513,4882,4251,4475,4672,5409,5240,5629,4052,5776,4118,4384,5431,1220,6351,4583,5006,5078,5342,3413,4311,4489,4463,3485,4877,3710,6083,4292,5673,4223,4295,5179,4476,5461,3224,2883,5014,5943,6019,5927,6330,3037,5440
"COG2875",557,1236,1418,1007,453,1078,925,829,987,1674,993,1131,1941,1205,951,339,1589,853,643,346,1315,1344,693,439,857,938,705,783,1746,576,1389,1670,1183,807,1053,2045,1927,1781,1221,1061,1050,659,1430,1195,1364,1762,975,908,1300,1290,1240,226,1498,1353,1314,1437,1150,1108,722,663,520,1445,1308,702,694,863,509,923,1103,1132,223,1205,1747,998,1755,1745,1593,1156,1462,884,1607,1316,852,1881,1257,1031,1850,1439,1932,1686,1556,1050,944,1856,1613,1893,756,695,1185,641
"COG2876",420,648,668,389,307,656,579,670,523,1066,619,692,839,709,750,524,804,369,568,829,669,696,728,695,708,659,685,509,720,763,635,764,535,540,644,894,665,767,778,694,896,832,847,682,915,620,927,379,744,765,1277,2900,2196,2084,2098,1910,1812,2301,2461,745,659,2115,2137,1980,1787,2694,1979,2024,1537,2130,480,3185,2459,2191,2129,3558,1635,2482,2259,1496,2090,2004,1545,2386,2394,1983,2606,2089,2666,2330,2211,1625,1670,2403,1910,3944,2037,2921,1985,2372
"COG2877",575,1054,778,179,1101,945,349,921,1130,1718,1143,1167,1011,1004,1284,1507,1138,729,1491,1861,850,1220,732,1610,1050,798,1071,781,1199,1164,992,1367,833,593,939,1418,1326,1698,1290,1268,834,1691,1482,923,1607,1506,1573,779,1155,1139,578,866,936,1661,1185,944,1461,1093,1451,253,223,1212,892,832,1131,1411,976,490,686,1646,649,2884,1432,925,1484,751,956,1168,1167,166,1341,1031,643,757,1640,750,1869,1321,1178,1781,1092,1415,793,1473,1063,1311,1559,1127,1316,495
"COG2878",1200,1507,1226,1201,665,1354,1604,1511,1462,1226,1479,1346,1498,1635,1295,1285,1429,1155,966,1319,1260,1717,1227,1123,1488,1556,1654,1590,1540,1620,1308,1240,1332,1043,1736,1800,1380,1075,1389,1176,1941,1575,1971,1734,1202,1196,1712,1336,1419,920,1195,939,1604,1238,1497,1313,1008,1571,1600,797,466,1406,1621,1321,1298,1137,1659,1779,1115,1069,965,914,1355,1056,1165,2040,1327,1260,1376,995,1183,1622,1463,1506,981,1345,1364,1097,1650,1282,1320,1196,1059,1531,1174,402,1686,1681,1062,876
"COG2879",14,60,51,53,279,1,2,5,155,29,79,0,106,3,41,20,4,300,51,3,4,0,0,252,2,0,0,92,32,0,17,33,148,70,2,9,13,9,28,0,28,3,3,1,40,44,9,6,91,2,0,39,7,25,2,6,20,7,10,71,44,3,7,0,22,77,1,2,0,12,437,1,18,11,1,8,14,4,8,26,45,1,63,3,30,3,12,1,11,8,4,67,0,30,0,4,1,0,60,5
"COG2882",9,22,64,44,298,0,5,7,125,29,60,1,96,2,65,282,4,235,30,8,1,1,0,183,1,0,1,69,47,0,4,31,80,57,5,19,14,8,11,1,3,2,1,2,28,22,3,14,69,5,4,20,3,15,0,2,7,3,8,26,54,2,7,3,32,32,1,4,1,3,390,10,9,14,0,7,17,1,9,61,32,2,3,11,10,3,21,0,12,5,2,74,1,22,1,4,0,1,44,1
"COG2884",2275,1667,1524,1626,1339,2056,1886,1735,1660,1622,1375,2029,1580,1892,1984,1645,1868,1178,1374,2297,1455,1790,2243,1729,1744,1705,1915,1722,1721,2000,2051,1586,1610,1940,2132,1621,1716,1487,1877,2029,2409,2071,1713,1892,1643,1351,2032,1894,2127,1801,2244,2024,1832,1560,1867,1763,1229,2179,1770,1345,2406,1774,1626,1955,1740,1574,2342,1950,2127,1612,1010,1511,1813,1958,1783,1866,1819,2217,1606,1560,1530,1824,2577,1734,1890,2172,1519,1655,1760,1866,1709,1088,2726,1574,1642,2188,1803,2025,1132,2357
"COG2885",660,3355,3174,1294,3179,2781,2140,2593,2863,4139,6768,1759,1477,2461,3634,7483,2788,2747,6370,8828,2468,3515,4687,6957,1739,3362,4119,1669,3294,2477,3434,4463,2376,2408,1112,2807,2773,2665,3601,3098,1995,5764,3061,1467,3249,2463,4014,2521,2727,4560,1424,10059,2072,3631,2225,2244,4339,3095,3457,747,646,2280,2935,2119,4127,3837,4848,895,611,5594,3467,6710,3403,2549,1951,1723,1997,3417,4155,587,3837,2012,2179,1317,3696,2366,3557,2333,2072,3100,1949,4559,2090,4255,1564,196,5439,7509,3545,2911
"COG2887",0,41,305,330,863,5,6,661,93,0,23,808,1,13,336,12,198,122,4,17,1,0,3,890,9,93,145,6,88,813,19,0,4,236,29,2,6,68,15,0,75,1,4,31,1,0,11,4,8,8,31,85,0,16,292,35,0,111,338,269,6955,0,9,19,1,9,10,182,3029,0,0,0,0,412,5,0,0,3,58,1686,207,8,1,55,20,110,0,13,0,41,3,0,35,7,12,3065,11,93,26,50
"COG2890",2540,1887,2192,2291,2088,2111,2318,2776,2508,2005,2245,2096,2223,1909,2093,3117,2128,2239,1545,2782,1818,2124,2110,2398,2003,1919,1866,2368,2156,2422,2264,1859,2165,2195,2134,1724,2036,2090,2226,2202,2381,2175,2119,2089,2014,2041,2498,2107,2056,1921,2007,1955,2043,1993,1935,1933,1530,2403,2064,2183,2843,2075,2081,2278,1865,2082,2293,2244,2245,2326,1957,2315,1644,2035,2128,1914,1690,2296,1662,2316,1686,2188,2651,2236,1649,2064,1825,2088,1975,2034,2234,1635,2746,2196,2111,1959,2053,2563,1599,2273
"COG2891",536,49,91,110,404,23,71,48,363,51,109,10,138,18,74,401,69,400,92,29,4,4,19,256,22,2,32,155,101,14,14,65,144,77,29,37,30,34,55,0,51,18,16,2,78,79,14,17,141,125,21,98,19,62,37,55,16,48,20,952,141,28,14,18,69,84,11,26,49,31,680,15,46,22,8,41,24,42,30,84,59,16,85,13,38,31,66,2,47,47,12,86,15,66,4,32,28,12,85,29
"COG2893",3081,503,1411,1142,2216,571,1238,1403,1711,667,690,293,852,272,773,178,225,1501,545,127,544,166,243,1809,304,282,395,660,446,599,266,396,711,597,751,357,376,393,323,501,1446,365,469,335,324,496,244,395,749,697,236,362,684,495,337,554,370,313,339,3995,1361,409,424,753,396,831,315,489,1378,270,2384,843,548,773,562,2021,235,362,426,1296,230,177,490,891,439,227,249,412,374,454,860,389,277,464,582,3297,239,433,747,329
"COG2894",1672,1056,775,1304,829,1194,1231,833,1245,345,749,744,744,902,677,835,838,1204,227,429,492,566,726,720,536,1074,811,1313,702,792,534,319,1025,1435,980,387,692,445,495,937,1019,289,844,780,204,415,669,1974,808,575,1363,169,998,496,609,661,241,909,392,1143,552,647,810,1246,834,532,1162,1389,1265,582,1091,523,197,613,1060,566,788,1314,344,917,371,902,1770,1057,407,1197,300,836,474,661,1172,385,1284,740,1086,1641,525,572,402,967
"COG2895",836,2090,1208,1676,1392,1317,1638,1102,934,1505,2275,1772,884,1118,988,567,1930,1251,1219,672,1543,1933,1204,509,1226,1340,631,1945,1875,2044,967,1547,1453,935,1180,1444,1874,1016,1122,678,1048,1141,1774,1374,1509,1031,1151,1579,897,933,960,533,1239,1410,1688,1020,1206,892,1333,987,479,1397,1489,1566,914,1280,577,701,1205,688,791,391,1687,1640,1383,1001,1077,1145,1529,650,1475,1527,547,1202,1489,1478,1521,1531,995,1438,1763,1839,1093,1392,1565,411,850,472,804,1139
"COG2896",862,547,682,972,731,708,1347,922,1436,724,445,311,881,591,662,327,799,1273,216,546,376,426,306,961,338,565,681,890,723,565,423,334,656,1007,524,402,415,750,519,506,632,343,601,490,463,310,433,679,573,634,185,51,228,172,176,188,86,177,98,369,204,95,242,199,190,241,285,154,425,160,420,209,84,217,222,396,59,186,115,458,61,74,217,317,141,138,120,185,180,170,205,125,119,224,153,555,107,178,317,111
"COG2897",471,160,254,196,950,11,81,81,558,136,213,36,328,73,189,45,98,911,82,35,13,23,22,641,32,22,64,211,154,29,47,149,416,206,33,47,72,64,94,20,118,35,42,78,92,171,15,60,145,160,66,107,89,188,66,68,75,52,58,302,165,51,68,34,127,140,38,58,9,32,1374,48,82,114,46,63,34,56,48,334,87,21,152,35,84,20,121,76,107,45,38,195,56,110,41,21,17,33,166,28
"COG2898",2001,149,267,277,502,68,176,635,178,28,81,446,57,78,215,27,161,85,100,30,52,79,88,580,40,58,36,52,164,307,48,34,24,4,83,81,87,16,43,60,46,18,27,44,38,65,32,56,120,178,45,122,70,70,132,48,30,90,170,3059,3183,92,50,38,65,51,37,134,2599,46,181,11,16,147,143,110,64,41,50,907,44,33,65,100,121,38,96,56,44,289,54,59,49,101,35,1738,46,91,514,24
"COG2900",26,16,37,32,157,1,4,4,192,15,43,2,46,1,25,13,3,165,14,7,3,0,1,127,1,0,2,41,15,0,14,30,70,35,5,5,6,11,13,0,18,1,0,1,30,35,0,5,40,2,1,21,3,21,1,5,8,15,5,37,42,1,5,1,13,48,2,2,1,6,316,2,11,10,2,7,6,1,5,19,20,0,36,3,11,3,7,0,6,3,7,27,0,19,0,3,2,1,27,6
"COG2901",151,41,61,57,349,9,15,30,273,80,124,7,78,38,80,27,26,305,59,20,6,12,2,317,12,1,1,93,81,15,16,47,120,55,14,15,15,15,44,0,40,14,18,3,73,97,9,12,79,70,1,52,7,86,8,5,12,28,23,63,70,9,31,4,55,41,11,21,0,17,565,10,8,15,17,13,20,6,16,33,56,12,62,6,25,9,14,28,28,38,13,59,15,32,0,0,8,4,81,15
"COG2904",344,73,121,90,673,25,20,9,309,94,159,2,181,87,146,491,14,569,93,18,8,29,6,461,21,28,20,144,75,3,19,86,251,144,14,32,32,28,84,238,68,55,27,7,80,126,17,26,192,108,18,68,15,125,30,25,31,57,78,93,128,26,107,25,73,98,25,15,2,19,893,11,26,59,38,34,30,26,24,61,92,11,112,16,80,30,62,79,28,21,34,106,76,97,1,8,21,6,80,17
"COG2906",17,23,27,26,173,0,1,5,61,10,31,0,30,0,27,4,1,150,23,0,1,0,0,111,0,0,0,33,28,0,5,28,28,0,2,2,0,7,13,0,15,8,0,1,25,27,2,10,27,1,0,12,4,22,1,0,6,2,0,22,36,4,2,0,13,54,0,2,0,5,251,0,8,3,1,1,10,0,2,25,19,2,36,6,6,2,11,1,2,2,1,40,0,16,0,2,4,1,26,2
"COG2907",1,0,0,7,1,0,1,1,152,2,2,0,1,0,0,9,7,21,0,0,0,0,0,0,0,0,41,5,2,0,8,6,76,1,10,0,0,3,13,0,79,3,0,0,0,5,0,0,8,1,0,9,0,2,84,0,0,4,0,1,6,0,3,0,5,21,7,1,0,0,0,0,1,0,1,0,0,0,6,24,1,0,69,0,11,46,0,0,0,0,0,105,0,4,0,0,0,0,1,5
"COG2908",454,1299,1200,214,1522,921,562,747,800,1725,1922,1319,1412,1343,1213,1723,1185,824,1928,1770,1401,1773,1254,1226,1267,963,1004,1031,1251,1608,1377,1847,1267,642,1007,1744,1617,1941,1409,1111,706,1955,1556,1183,1849,1883,1835,924,1192,1485,833,2055,1161,1653,1310,1359,1925,1086,1556,92,271,1487,1151,1083,1457,1790,1266,421,178,2095,750,2048,1931,1042,1428,762,1347,1012,1543,135,1726,1298,555,938,1755,965,1927,1430,1528,1815,1235,1690,964,1581,1169,53,1514,1470,1461,988
"COG2909",1169,339,778,1817,1048,1088,535,61,1406,205,245,284,434,809,454,443,450,1359,257,155,439,452,525,476,465,569,894,1028,1119,639,362,235,740,1067,357,219,268,99,457,603,486,102,182,810,271,186,406,210,538,155,459,348,347,208,381,598,75,623,315,525,324,296,654,466,428,541,282,727,532,194,1246,87,126,431,270,427,558,292,254,434,226,403,1108,921,317,472,156,179,269,450,101,395,286,366,315,341,273,536,341,758
"COG2910",59,273,280,54,142,97,32,71,19,122,192,196,134,174,88,398,106,45,389,165,248,224,112,21,240,374,435,78,80,151,93,226,55,161,232,137,182,98,178,95,273,74,94,45,47,212,112,142,98,98,99,44,98,226,217,147,506,280,243,73,75,142,152,39,30,103,199,248,353,106,18,9,219,167,88,109,388,145,250,289,308,72,102,105,107,49,227,46,109,89,128,614,203,124,477,798,160,38,534,50
"COG2911",3193,391,281,288,1143,941,91,1161,1687,1706,460,273,540,679,1298,2317,147,1373,394,253,83,157,184,1745,186,69,193,397,494,631,270,764,498,469,77,308,335,894,812,941,1335,701,484,55,357,618,373,232,1069,1137,73,379,194,666,164,126,369,769,657,932,453,184,362,636,432,1514,238,475,1930,251,2166,1781,153,137,1113,346,163,946,420,212,307,122,527,60,572,175,233,370,202,242,1133,457,381,711,1,4842,118,800,550,224
"COG2912",34,51,75,68,387,3,9,11,267,30,116,2,123,5,87,21,11,358,35,24,1,1,2,278,2,3,0,102,62,0,22,69,127,102,4,8,16,26,44,0,38,3,4,4,67,72,7,21,98,12,0,8,4,29,2,0,1,1,2,29,34,2,1,1,17,29,1,5,0,5,202,0,5,7,1,2,5,1,7,5,22,0,22,4,12,3,4,3,8,1,5,46,0,7,1,1,2,0,15,7
"COG2913",228,43,56,56,283,15,40,16,333,53,77,2,92,21,59,287,21,273,53,27,7,10,4,201,3,21,36,76,60,4,20,42,99,65,9,12,19,29,31,20,29,17,10,1,71,66,9,11,78,17,0,47,14,79,89,4,15,47,31,82,56,5,29,6,47,58,8,9,4,11,441,7,44,11,17,9,9,2,15,49,51,9,29,11,21,45,53,17,20,10,21,66,19,66,1,2,11,10,68,20
"COG2914",12,21,31,45,250,1,3,3,192,24,75,0,52,1,49,15,8,218,27,12,6,0,3,159,2,0,0,52,26,0,13,40,81,29,3,15,16,14,20,0,14,1,0,3,27,31,1,10,42,0,0,33,4,41,3,3,10,7,4,31,39,1,3,1,22,41,1,3,2,6,321,0,14,7,2,8,8,2,10,15,34,4,43,4,11,5,4,0,8,4,6,40,2,20,0,3,4,1,53,8
"COG2915",21,33,48,32,285,1,6,6,229,30,60,0,89,2,27,354,3,270,29,15,3,0,2,202,2,1,1,82,44,0,23,40,123,60,1,15,24,12,29,0,40,4,1,2,34,36,3,6,56,6,0,29,6,37,1,3,4,14,18,54,51,3,3,4,39,47,0,5,2,6,462,7,11,15,1,10,10,6,10,21,36,3,48,9,18,8,17,0,10,12,10,74,0,32,2,1,2,2,35,13
"COG2916",47,45,134,123,456,12,14,22,806,29,112,11,89,3,76,260,30,437,57,19,4,7,5,263,11,1,11,130,62,10,15,90,141,96,6,19,25,25,47,10,85,14,11,3,80,85,6,23,193,45,10,62,20,55,23,18,17,38,27,97,237,14,13,8,73,242,4,16,1,27,1413,5,41,26,2,34,18,22,17,67,71,15,165,12,41,17,49,5,33,35,3,142,27,42,1,2,22,4,82,26
"COG2917",276,23,44,50,309,12,17,31,211,52,95,24,78,40,84,302,61,281,42,25,5,8,11,173,14,0,26,77,57,17,9,60,90,58,4,18,20,34,40,12,21,25,27,2,45,74,7,11,94,81,22,46,16,75,40,25,7,29,36,55,59,23,61,15,64,47,15,17,0,23,423,7,30,12,33,23,19,40,21,28,68,14,64,4,31,14,63,42,39,33,40,87,40,61,1,4,13,7,66,19
"COG2918",64,85,170,178,678,6,62,672,979,1071,225,10,202,194,336,40,20,1175,127,65,126,5,10,412,77,48,5,253,202,48,62,82,257,141,212,1042,2578,578,53,230,152,308,6,19,107,80,92,346,193,548,12,715,404,115,68,364,1587,249,75,1967,271,11,39,27,285,706,76,22,441,50,862,26,450,22,1170,39,118,17,473,190,90,33,185,21,72,302,27,4,661,167,31,234,31,974,7,249,15,10,159,153
"COG2919",184,21,80,112,321,20,45,114,356,46,72,157,60,36,80,268,57,147,24,18,7,9,24,269,18,18,28,48,42,97,19,26,124,38,27,11,17,16,24,51,56,13,14,0,37,51,14,5,56,40,18,57,17,62,68,9,10,52,43,759,1078,11,56,21,47,36,45,50,647,14,239,2,17,36,34,14,11,30,25,298,29,16,58,18,24,38,30,60,29,40,42,64,26,36,5,560,6,15,46,12
"COG2920",9,37,35,53,267,9,0,4,122,24,80,0,53,10,82,250,19,245,25,7,10,5,6,206,14,3,12,71,38,8,5,18,115,49,12,13,13,24,39,14,37,15,8,6,41,28,8,10,87,13,8,18,6,29,0,6,22,22,9,34,51,25,11,7,40,46,6,12,0,18,421,4,17,11,22,20,24,19,9,18,48,8,49,7,15,9,24,5,18,10,5,44,15,44,0,7,5,4,62,29
"COG2921",183,30,22,33,170,14,31,24,164,48,36,10,44,34,52,20,19,171,31,23,6,16,2,118,11,1,19,50,48,9,3,37,71,43,3,5,5,15,28,6,20,24,22,2,40,61,5,15,48,60,14,38,13,52,12,27,7,27,25,31,36,20,39,9,29,34,16,16,2,16,267,1,16,5,27,21,16,20,10,26,29,9,43,3,16,12,21,32,25,26,33,74,20,28,0,3,10,12,23,11
"COG2922",34,31,66,73,262,0,2,4,183,39,71,4,60,3,65,34,3,289,55,4,2,0,0,196,5,0,1,95,37,0,6,62,138,92,5,6,18,9,24,0,57,8,6,5,55,58,5,19,94,7,1,45,7,64,4,4,23,7,12,35,90,3,5,1,26,61,2,3,0,20,402,2,14,17,1,16,23,2,14,49,49,2,81,3,40,10,11,2,18,8,4,125,0,34,0,1,0,1,77,5
"COG2923",30,33,37,35,261,1,10,9,181,17,57,0,80,1,46,13,5,251,22,11,3,0,0,167,5,0,0,69,38,0,15,33,120,34,1,11,9,17,22,0,26,4,2,2,47,51,6,4,78,7,0,42,6,45,3,3,9,10,8,50,43,0,8,0,33,65,3,7,0,11,493,5,11,8,4,8,17,2,13,40,33,3,34,3,19,11,17,5,10,12,9,78,1,35,0,2,1,0,51,9
"COG2924",197,40,51,36,240,7,16,17,193,46,102,6,74,24,58,14,36,248,35,22,1,14,7,168,3,1,10,65,36,4,12,26,65,44,2,11,23,14,32,5,19,8,14,4,32,67,8,7,58,54,5,52,8,61,18,20,15,23,14,19,45,11,23,21,39,50,11,6,0,7,322,6,12,11,15,13,8,21,15,27,38,5,30,6,18,14,29,27,19,26,14,47,24,28,0,2,5,2,32,11
"COG2925",534,41,58,70,401,33,46,66,418,123,153,68,116,101,78,61,128,308,53,51,9,27,34,221,48,0,67,162,133,20,19,70,154,80,5,45,58,55,74,27,93,63,76,5,62,192,23,18,91,224,16,40,13,48,23,18,3,25,27,41,37,17,34,13,26,26,13,11,2,5,166,8,12,4,23,21,11,22,16,28,38,9,24,6,15,19,37,51,26,24,18,60,20,36,0,2,10,4,15,20
"COG2926",24,38,45,37,245,0,7,4,237,33,69,0,59,3,68,14,6,226,39,14,3,0,3,154,0,0,0,49,27,0,11,36,85,51,5,46,21,22,27,1,27,13,80,4,35,64,1,8,65,0,0,28,3,69,3,5,16,7,8,53,51,2,3,1,39,73,0,3,0,27,370,4,18,8,2,8,16,0,11,24,35,4,34,11,11,5,44,4,10,14,5,103,2,75,3,3,41,0,120,7
"COG2927",60,40,56,55,368,12,16,12,337,39,118,1,128,11,56,33,31,358,33,15,3,4,14,247,4,28,48,102,83,2,15,67,135,82,13,25,16,24,38,14,40,28,25,6,54,80,9,11,91,85,6,10,5,17,36,4,4,16,12,21,21,8,10,1,21,15,3,0,1,1,185,4,8,3,7,7,6,5,12,19,17,1,20,1,8,17,7,10,3,4,4,25,6,19,1,0,6,3,21,8
"COG2928",10,11,1,0,2,107,15,33,203,162,1,18,1,13,45,0,28,0,0,10,1,8,0,110,23,31,37,5,1,24,0,0,0,0,7,76,40,108,1,76,0,74,137,0,0,47,47,4,0,57,1,34,12,77,68,1,31,42,1,19,0,5,5,61,14,150,4,17,36,74,0,233,0,3,106,0,22,56,1,0,19,12,2,11,52,25,48,1,24,43,141,124,24,118,0,733,68,84,141,3
"COG2929",24,62,6,21,110,101,112,42,106,61,128,23,4,45,57,79,80,276,8,51,12,27,18,48,17,93,212,93,72,68,77,4,79,49,98,11,41,46,201,33,2,2,0,47,209,31,53,68,99,2,111,20,89,14,79,61,1,45,42,52,26,73,42,57,87,21,84,87,1,32,511,31,254,27,40,19,16,38,0,251,25,14,486,15,35,69,3,159,64,14,48,22,37,32,98,22,75,29,0,91
"COG2931",939,1446,576,0,34,527,83,10,160,343,168,358,393,262,214,141,109,114,1298,26,756,248,526,8,1363,817,495,494,305,131,85,412,296,112,426,838,474,247,133,198,201,116,190,1096,132,1175,122,154,133,756,436,4,301,619,1418,422,1802,163,92,13,47,121,638,748,244,334,167,538,6,63,1,56,265,367,230,270,1360,257,1179,181,917,231,193,122,408,383,506,70,237,86,325,1953,629,131,732,6,316,27,1678,387
"COG2932",926,502,500,703,747,497,776,397,1044,525,363,358,580,595,617,352,330,1007,244,353,312,415,382,500,410,768,644,794,499,317,319,315,801,963,590,223,270,229,580,604,181,151,484,318,559,431,317,1592,522,289,618,162,308,432,606,655,160,759,313,1849,410,699,689,768,445,362,406,699,95,321,309,298,323,449,669,597,673,644,302,838,318,403,725,977,283,592,320,591,264,261,463,753,388,530,531,324,361,345,404,439
"COG2933",31,50,82,67,393,4,12,11,408,54,136,4,164,1,74,36,17,408,36,24,10,8,9,266,11,2,0,128,67,3,22,60,169,86,12,27,29,29,35,5,84,13,14,5,40,46,5,14,86,26,1,53,11,66,7,5,18,27,24,91,93,11,13,5,55,100,1,21,2,19,674,6,24,17,12,14,18,10,29,50,59,5,98,12,40,20,21,9,23,13,16,142,10,50,0,5,5,1,59,19
"COG2935",0,0,2,0,0,0,0,37,0,0,0,34,0,3,47,45,35,3,0,13,0,0,0,0,26,0,0,4,93,11,0,0,1,1,0,0,3,0,50,0,3,0,0,0,18,0,10,2,0,0,2,40,16,0,0,0,0,0,1,0,0,7,8,3,5,0,12,16,0,1,0,0,1,0,4,0,4,2,0,0,15,10,4,0,0,0,4,0,41,30,0,0,28,1,0,0,0,17,0,0
"COG2936",342,142,1029,203,239,478,443,156,801,862,1313,1151,1429,1261,770,157,607,594,1017,132,705,451,419,78,1013,638,597,1077,587,1291,1538,644,635,470,297,810,622,2041,612,863,274,1477,587,1127,1756,1453,441,728,588,592,270,72,1165,550,286,886,1205,839,992,18,195,1540,1138,395,293,770,297,382,1887,679,192,833,929,398,1239,495,451,471,492,380,576,801,453,885,1487,441,1196,840,1278,1068,1076,43,741,920,1369,47,427,105,483,300
"COG2937",108,132,221,240,1464,1,34,48,1015,158,316,1,511,15,170,1458,30,1324,135,61,17,2,11,907,13,1,4,353,167,2,74,214,610,263,13,50,82,83,100,2,173,18,5,7,174,191,23,38,175,19,1,214,37,136,12,24,50,47,50,315,284,8,34,8,158,320,7,37,3,48,2303,22,68,60,4,51,52,17,64,151,195,22,188,33,117,42,58,8,68,40,34,216,1,136,2,17,14,9,212,58
"COG2938",19,32,45,32,247,2,6,5,242,18,71,2,78,0,39,15,7,254,53,16,3,0,3,164,1,0,0,58,30,0,7,29,117,40,5,8,13,13,23,0,19,3,1,1,39,46,2,12,47,7,0,32,3,48,3,5,11,9,10,56,43,3,6,4,42,36,2,2,0,18,332,5,15,9,2,10,11,3,13,26,47,3,56,4,20,14,8,2,9,8,4,73,0,25,1,5,0,0,37,14
"COG2939",0,0,0,0,85,14,348,38,0,572,3,7,0,1,32,29,0,0,2,0,0,6,0,309,2,9,0,0,10,197,0,0,2,58,194,1,1,0,0,2,0,2,10,124,10,0,0,0,0,0,2,23,3,1,5,2,0,8,66,1,0,0,8,16,26,1,20,15,129,0,0,0,0,11,1,0,0,0,0,0,0,4,45,0,3,0,0,0,4,0,0,0,14,0,0,0,1,20,0,0
"COG2942",597,3499,2373,2055,2140,2091,1137,1388,822,2289,2149,3326,1680,2503,1588,2027,2480,1449,4237,2614,2063,2313,1564,2527,2982,1758,1856,1646,2475,1710,2703,2745,2327,1312,2194,4114,2980,2459,2448,1235,1177,3278,2116,3063,2672,1986,3304,1343,1805,1466,1903,633,1864,3265,2652,2787,4213,1510,2119,870,2432,2152,1699,1925,3029,1858,1874,1120,1487,2604,1552,3080,2903,1934,2108,1575,4004,1673,3559,1021,3556,2190,1201,1138,2193,1541,2862,2446,2291,2839,2001,3985,2080,1858,2334,1364,1959,2399,1928,971
"COG2943",47,109,183,174,1210,0,8,13,335,134,235,0,456,7,181,55,22,1126,121,5,11,3,7,739,4,37,90,280,138,1,30,164,498,251,12,57,49,20,93,11,169,8,1,5,113,133,12,37,188,25,4,124,31,110,187,12,42,94,60,142,232,9,20,4,103,137,4,23,0,29,1830,1,43,46,3,39,47,16,64,86,144,7,177,37,59,62,56,11,60,36,5,323,2,107,1,5,5,5,167,9
"COG2944",95,157,156,126,312,34,23,11,323,69,125,66,161,50,577,42,112,436,151,9,4,32,103,260,28,95,150,135,36,51,47,130,145,125,48,42,104,82,78,37,79,18,10,19,192,188,26,95,239,38,67,160,23,80,18,91,27,47,38,36,258,18,44,98,73,154,39,43,56,37,608,1,10,70,32,390,26,42,68,55,260,42,135,17,54,106,50,83,26,22,15,110,70,83,68,4,24,31,254,47
"COG2945",247,0,0,0,0,0,0,0,44,34,0,22,0,61,0,0,0,4,0,0,0,12,0,0,0,14,35,0,0,0,0,0,0,1,10,1,10,0,0,0,6,29,22,2,0,42,2,0,17,10,0,0,0,51,77,0,0,20,36,0,0,0,63,11,0,0,15,5,0,0,0,0,0,0,34,0,0,0,14,0,0,0,2,0,0,16,0,72,0,0,34,0,0,0,0,2,0,1,0,2
"COG2946",3360,640,1886,3820,731,772,1818,1784,1067,748,857,485,729,552,488,411,605,624,626,469,1011,327,819,794,288,650,558,716,784,484,1447,853,679,675,814,366,835,460,644,877,1030,172,677,871,125,863,376,4355,559,414,488,464,1765,872,536,482,1148,457,528,4096,1176,581,373,845,473,625,342,289,1211,403,3384,246,201,1347,673,1625,855,428,429,2491,175,439,361,1972,386,719,320,1241,949,391,1382,275,796,736,1374,1516,244,660,878,1595
"COG2947",9,7,1,0,1,2,3,0,0,2,10,2,0,5,7,5,10,0,7,1,0,2,9,0,1,1,12,9,11,2,0,3,2,3,2,10,3,6,12,11,4,12,6,0,3,11,3,1,7,36,24,0,3,9,35,32,4,32,1,0,0,31,7,12,11,17,4,11,0,4,0,5,17,3,8,21,9,23,0,5,2,6,9,3,7,16,49,2,11,5,0,2,18,52,0,1,20,3,2,13
"COG2948",53,57,346,106,20,13,11,1,50,3,16,16,3,5,14,1,5,425,19,6,3,9,1,0,56,145,254,112,16,6,15,7,3,35,33,2,65,131,9,240,112,29,65,9,35,39,1,1,205,22,49,34,1,76,625,53,4,156,44,57,389,15,55,6,6,327,4,0,404,68,0,543,49,3,13,66,0,94,1,14,6,5,6,30,4,176,33,2,0,3,14,5,31,1,0,0,11,6,0,53
"COG2949",36,420,142,66,740,181,32,76,449,196,230,131,241,175,335,793,56,397,876,33,388,156,242,325,487,244,271,176,266,200,67,234,462,569,172,176,257,164,195,344,739,46,69,98,219,324,178,104,447,174,404,58,201,372,141,193,816,308,206,97,121,84,308,313,281,194,370,296,1,68,786,19,162,369,99,148,178,796,251,83,334,464,325,103,175,165,311,120,200,100,217,541,1131,145,129,12,176,22,543,263
"COG2951",63,101,118,116,612,21,40,52,369,92,204,40,198,25,131,545,96,610,96,35,15,18,34,384,38,44,98,206,110,26,23,92,245,104,23,62,62,43,91,43,69,31,50,10,87,110,15,25,125,169,21,81,36,77,185,55,38,83,29,140,130,46,22,6,110,104,13,54,2,16,900,18,63,28,19,73,36,88,26,75,113,30,72,21,46,72,100,13,76,68,14,176,50,156,0,10,27,7,138,36
"COG2954",1017,1046,931,1271,405,1405,1338,1328,828,881,1215,1265,795,914,982,2015,1337,738,1038,2689,1182,994,1068,1696,1008,1199,1208,1222,1084,1344,993,813,655,708,1411,857,836,966,1020,1123,578,1902,902,1127,1190,812,1449,1430,731,1002,1024,1065,861,937,887,1003,963,1105,1217,622,1806,1219,990,1024,2027,1037,1605,1137,1204,2393,278,2206,1007,934,784,899,1153,1067,942,1193,983,916,967,1054,1645,959,979,1194,927,1130,1144,835,1368,901,1141,993,1463,2366,870,1251
"COG2956",111,15,28,25,118,13,24,14,188,20,35,12,47,25,40,195,35,137,16,21,5,8,7,90,6,1,18,50,47,7,12,27,80,14,1,14,8,21,15,7,36,19,14,3,23,32,3,9,25,64,39,90,22,85,54,75,14,57,61,121,74,47,57,13,81,86,19,31,2,26,612,13,56,18,40,53,13,78,32,56,47,25,93,16,47,43,86,81,52,47,55,131,47,113,1,3,33,5,82,59
"COG2957",760,1584,1533,1938,802,1386,1351,838,754,1514,2720,1432,927,1567,908,1289,1869,879,1293,885,1545,1459,2773,886,1627,1402,1078,1610,1400,1869,1628,1819,968,556,1450,1899,1648,3245,1369,1386,881,2561,1266,1610,1676,1644,1168,1954,1156,2008,874,4293,1402,1754,953,1178,2251,916,2043,172,160,1759,1231,1692,2324,1708,1275,754,644,2261,5,3383,1322,1241,1414,920,1596,1584,2025,517,1785,1142,840,1355,1945,2137,1816,1405,1347,1647,1683,1361,809,1755,1712,208,1225,1282,1203,3163
"COG2958",0,3,5,0,0,5,0,4,0,4,2,0,1,0,0,1,2,0,1,0,0,20,129,0,0,0,23,1,0,0,0,0,56,22,19,1,4,31,5,2,0,2,0,0,1,0,0,85,2,4,2,0,8,4,0,3,10,17,0,1,0,3,6,107,2,45,163,144,0,5,92,0,3,0,11,381,10,7,0,7,1,1048,1,1,20,0,18,2,9,0,176,10,4,23,0,5,6,2,0,0
"COG2959",29,12,5,37,132,0,15,2,468,8,36,0,33,2,10,697,9,128,36,22,2,0,6,30,3,2,1,46,15,1,42,27,111,30,8,6,14,11,27,0,97,6,0,2,29,24,2,2,36,10,0,39,6,9,8,5,1,5,5,152,61,1,6,1,29,121,4,5,1,17,233,11,9,3,3,8,12,0,2,107,44,4,105,4,43,26,4,0,3,1,15,143,1,34,0,1,4,1,62,34
"COG2960",13,16,32,40,209,0,2,4,82,17,60,2,51,0,51,18,4,206,24,1,2,0,1,110,1,0,1,45,25,0,5,33,89,42,3,11,5,2,14,1,17,3,1,0,33,33,0,5,36,6,0,8,2,9,0,3,5,4,0,13,20,3,1,1,9,13,0,4,0,3,109,0,2,5,0,0,1,0,4,4,8,0,13,1,5,2,3,1,2,0,0,17,0,8,0,0,2,1,5,0
"COG2961",50,382,447,86,403,134,19,13,470,296,293,107,396,85,131,463,179,495,955,32,409,145,278,274,398,120,76,140,69,10,297,505,367,125,104,561,247,363,111,41,155,40,48,75,162,470,19,77,196,138,64,69,145,381,391,410,952,36,82,117,114,48,304,22,76,330,20,35,5,46,625,23,99,234,192,122,516,55,543,61,474,95,148,39,170,149,300,39,159,248,375,766,119,91,200,8,224,24,695,68
"COG2962",111,66,51,34,129,42,33,115,169,45,62,20,33,17,163,18,63,148,67,15,17,19,49,84,26,15,71,52,102,52,31,51,72,125,16,42,36,45,108,71,108,24,46,44,45,43,18,17,128,90,142,190,126,134,204,128,70,276,209,658,132,143,120,41,138,167,126,83,680,99,576,26,132,52,104,199,70,240,94,100,115,72,295,32,123,75,208,104,132,250,46,74,128,289,10,173,81,19,278,97
"COG2963",3375,1305,1597,2949,18490,1696,492,651,4439,2417,2186,1186,2440,456,4320,545,718,4785,823,490,536,1076,862,3360,897,1141,617,1609,1262,1101,517,2194,1452,1690,1327,477,851,1355,1021,1718,1572,1193,1175,718,2741,1031,716,920,2449,898,219,247,415,372,164,409,569,411,292,596,1466,256,451,383,801,1828,305,275,750,251,4062,432,245,341,443,299,200,509,351,554,304,150,269,330,203,314,346,218,309,139,668,105,211,511,174,1853,149,390,469,648
"COG2964",516,426,778,909,1065,492,877,912,987,287,408,292,414,331,1080,244,350,937,313,148,252,471,174,567,536,292,643,440,359,360,383,420,518,855,582,291,309,131,695,642,764,133,331,402,465,392,294,342,1186,422,304,193,527,509,386,359,253,860,366,842,526,486,235,389,240,368,341,875,1222,139,1688,131,322,532,315,340,220,377,125,882,171,318,1011,506,255,217,291,205,458,292,253,312,291,242,232,530,199,245,410,185
"COG2965",206,27,47,53,260,6,15,31,311,63,82,20,67,40,57,33,49,212,45,22,2,7,6,178,8,1,19,80,67,11,16,34,107,61,6,20,21,33,40,5,23,23,20,3,45,86,6,7,80,68,11,68,13,61,16,31,12,33,21,54,57,19,33,9,58,38,12,19,0,12,375,10,20,8,26,26,15,23,15,38,39,12,57,9,31,24,39,33,31,26,29,81,20,36,0,2,5,9,39,23
"COG2966",1970,2173,2589,1897,1610,2751,3281,3126,2603,2617,2644,2009,2208,2452,2432,2418,2950,2510,2242,3375,1953,2159,2365,2684,1989,2073,2382,2828,2286,2451,2748,2317,2047,1283,2539,2048,2111,2252,2534,2363,1841,3132,2367,2020,2998,1937,2665,2515,2172,3081,1720,3931,2025,2292,1939,2268,1929,2679,2512,2746,908,2402,2320,2407,2390,2784,2970,1929,1556,2969,1661,3379,2510,2476,2454,2396,1166,2326,2187,2893,1978,2010,1620,2355,2782,2618,2507,2668,2076,2583,2672,1938,1665,2753,1898,2448,2314,3676,1829,2637
"COG2967",25,34,62,57,315,0,1,7,95,42,86,0,98,1,47,14,5,326,38,0,5,1,0,207,1,24,22,99,34,0,5,38,134,62,9,14,10,7,28,1,35,9,1,4,47,36,2,11,55,9,1,49,12,52,52,0,13,22,10,34,76,2,6,0,33,49,5,7,0,9,516,1,13,12,0,12,23,6,21,46,34,0,47,6,26,23,4,4,11,11,5,76,0,38,0,3,2,1,54,1
"COG2968",220,176,268,100,575,255,137,328,436,304,195,203,230,156,453,528,126,559,176,84,97,166,131,549,81,176,171,178,185,236,120,220,384,648,260,176,116,197,288,325,475,147,306,101,178,237,129,78,500,323,283,187,127,165,184,228,121,283,215,205,152,120,68,249,171,330,131,847,519,81,1062,389,138,134,228,140,95,203,93,169,151,101,361,105,233,200,81,58,153,290,221,175,177,185,38,950,86,183,278,220
"COG2969",206,49,76,67,353,19,25,24,253,62,89,31,165,54,59,440,50,380,68,25,5,11,9,263,22,0,22,115,89,6,16,65,154,80,2,31,22,22,51,12,60,32,31,1,69,116,18,22,91,93,12,85,19,87,45,34,19,40,29,72,72,28,43,11,58,59,18,24,1,14,641,17,20,19,26,29,20,30,27,48,55,5,64,12,28,17,57,39,43,40,30,71,38,57,0,5,20,5,66,16
"COG2971",22,94,137,154,221,99,55,384,181,32,67,178,110,140,149,51,74,119,30,47,66,63,39,82,83,161,390,253,110,127,143,118,48,769,57,50,134,21,185,108,299,39,107,210,32,206,146,106,252,115,273,6,147,79,116,166,161,158,70,70,429,36,88,209,89,173,111,646,114,90,126,17,68,152,161,189,53,47,36,354,32,36,122,79,15,211,147,269,82,63,54,38,54,170,132,46,20,47,324,215
"COG2972",15997,14833,14104,44206,7164,15830,20586,10316,16109,5080,11718,11342,12565,12033,10327,7254,13702,15404,7199,7965,12459,9948,12213,4614,10150,19727,18561,17812,11288,11153,9966,6584,15694,13376,13929,5656,9168,6765,8848,13025,5791,2872,9125,11989,6240,6712,8609,27825,9671,9973,22137,4338,13065,8440,9874,13746,8199,11529,5433,27915,13701,8378,13778,15763,12124,5851,10342,10024,14695,7460,16669,5009,7622,10745,13224,13186,17214,9255,8060,22042,6540,15264,15963,20042,4673,17890,4799,15402,8005,9586,14204,6377,10593,9072,19514,12106,8845,9294,10863,16267
"COG2973",10,7,5,4,58,0,7,2,154,7,8,0,13,1,8,14,2,41,3,11,1,1,0,22,1,1,2,18,4,2,8,9,45,16,7,1,5,7,7,0,19,1,1,1,1,10,0,0,12,0,0,10,0,14,3,1,1,7,3,36,10,1,4,1,9,34,0,2,0,4,59,3,4,4,1,6,2,1,4,26,4,3,28,1,9,9,3,3,1,0,7,46,0,4,0,0,2,0,4,8
"COG2974",105,64,86,76,2101,3,16,11,353,101,161,3,189,4,226,468,22,546,73,21,7,0,4,404,3,2,1,162,87,1,24,71,222,152,2,29,49,23,71,0,90,5,4,4,109,144,9,19,130,9,0,107,15,86,9,12,28,36,28,83,276,10,17,2,73,196,6,4,0,24,918,8,33,25,3,30,30,12,50,87,96,11,85,18,64,17,32,1,26,29,11,141,3,78,0,4,5,5,109,26
"COG2975",102,22,20,20,131,4,11,11,118,17,27,15,21,14,45,14,17,92,14,11,3,5,6,64,4,0,9,45,26,5,8,26,29,26,6,8,5,16,17,3,25,10,2,2,22,32,1,5,43,5,8,22,10,38,12,22,8,17,16,33,15,5,10,7,13,28,6,7,0,4,211,0,12,12,9,18,7,12,7,16,17,6,28,5,12,12,15,12,9,9,8,30,14,15,0,2,7,1,24,12
"COG2976",227,57,88,56,443,8,23,28,359,92,107,26,111,54,80,467,52,379,47,31,3,11,9,275,13,2,26,130,77,11,26,73,159,106,5,22,29,36,58,11,61,29,28,7,58,99,4,21,117,92,22,83,17,85,29,33,10,35,32,77,70,26,57,14,65,99,9,22,1,7,622,13,42,11,20,34,17,27,17,53,64,13,105,14,39,29,73,34,52,57,23,106,28,64,2,5,8,5,67,31
"COG2977",27,25,37,50,287,1,3,7,36,25,55,1,71,183,47,9,3,237,51,1,2,6,2,196,3,8,0,95,86,0,11,46,154,64,6,5,8,51,59,249,26,5,6,2,53,42,121,11,78,2,0,49,11,13,2,179,8,11,10,51,362,1,7,0,23,52,1,6,0,5,397,367,15,4,0,50,12,1,15,27,66,1,42,2,9,6,10,28,14,5,1,94,0,21,0,1,4,1,66,0
"COG2978",270,1125,1295,344,950,568,399,73,1754,1046,1015,773,1051,661,1021,1118,668,1106,1703,133,786,677,684,427,1341,665,681,713,1039,1022,883,2013,714,463,1194,1414,1325,1310,818,969,1986,880,1681,1023,1318,1655,450,592,1519,839,552,451,999,1450,668,837,1794,488,1003,281,225,1167,596,785,477,915,812,293,1144,1191,2192,498,1006,859,968,745,1228,704,1262,705,1194,1019,762,646,1344,670,2090,801,968,2449,709,1984,1722,1074,736,847,948,148,3662,588
"COG2979",28,35,53,54,377,3,13,7,269,31,95,1,119,0,60,20,5,309,41,13,2,0,5,247,3,1,2,103,44,0,23,62,158,59,5,17,22,8,30,0,44,4,0,5,51,50,3,16,74,7,0,44,13,33,4,3,11,12,18,67,72,2,8,0,45,64,1,4,2,8,473,2,19,18,1,13,19,6,18,28,46,5,41,11,27,13,18,3,17,5,8,96,0,34,0,6,4,2,67,15
"COG2980",178,19,27,44,168,10,22,25,318,70,70,20,97,46,45,551,23,140,25,22,2,10,3,86,7,0,17,76,77,8,20,31,103,44,6,20,16,19,32,8,48,35,27,1,14,58,12,13,32,75,15,38,8,54,33,22,11,36,32,77,36,16,36,8,30,33,14,8,1,26,272,10,23,11,21,14,11,15,18,40,22,9,65,6,29,24,27,30,17,19,28,89,11,36,0,3,15,7,15,16
"COG2981",35,40,19,21,112,15,10,2,448,19,56,1,66,26,40,520,5,138,18,18,18,6,7,42,18,26,27,50,28,4,29,59,114,56,13,64,35,29,68,25,39,40,152,4,24,74,18,7,102,15,11,38,17,129,32,24,12,17,22,117,42,20,37,10,34,88,8,7,2,85,332,15,6,34,11,9,39,16,15,38,21,19,102,15,66,12,133,11,11,31,12,225,14,111,6,7,65,1,212,27
"COG2982",105,204,341,375,2061,6,11,37,558,216,422,3,657,11,312,55,32,1848,225,13,27,1,2,1243,13,99,256,524,236,0,66,256,804,395,62,86,79,37,164,0,219,35,22,19,237,278,24,50,334,42,2,228,29,196,639,27,75,230,66,289,399,12,39,4,187,296,14,23,0,33,2984,12,110,86,7,54,69,23,81,146,275,20,261,45,101,196,85,19,76,45,16,466,5,183,2,9,14,4,354,35
"COG2983",31,57,47,46,389,1,3,3,170,28,113,3,83,1,80,11,0,298,44,8,5,0,1,177,2,24,49,78,43,0,14,41,149,64,9,5,18,14,28,0,44,6,1,4,36,45,1,14,87,8,0,27,5,42,116,6,15,24,15,35,74,2,6,2,39,40,0,1,1,8,553,1,14,13,0,13,13,4,10,23,70,0,46,9,13,50,13,3,15,6,3,67,2,26,0,4,4,2,59,10
"COG2984",1694,1642,1094,1873,510,1469,2348,1856,1540,638,1087,1375,1602,1799,1165,1088,2137,1388,490,953,1356,1411,1039,514,1357,2278,2088,1902,1102,1232,1958,381,1772,1399,2235,1122,1005,384,1200,1562,2768,562,1635,1701,1176,849,1215,2175,2145,1381,2373,474,1852,1166,1162,1593,417,2386,1196,3555,1053,1418,1530,1453,1358,639,1452,2993,1524,893,711,503,1105,2016,1409,2816,1850,1756,678,2399,626,1289,2297,1908,784,1835,693,1370,1624,1204,1170,596,988,1160,1539,1149,999,1100,1359,1521
"COG2985",538,1929,2265,377,1306,1801,919,1708,940,2960,2273,2383,2542,2434,2069,2394,2694,1186,3039,3203,2199,2644,2402,2055,2557,1638,1648,1499,2549,1455,2742,3425,1645,1169,1885,3577,3033,3412,2493,1787,1558,3847,2593,2144,3499,3464,2652,1545,2034,3121,4165,13160,7037,7693,6957,7016,9994,5550,8622,403,1014,8614,6605,3917,6005,6830,5751,2611,1494,8415,2011,8283,10879,6328,7257,4882,7148,5553,9572,773,10005,7024,2965,5354,10947,6772,12373,7872,9683,10533,6092,7495,4987,9299,6950,441,8371,8551,6897,6994
"COG2986",1068,1898,2311,474,854,1288,249,305,855,2794,1229,1685,2071,2369,1222,629,2156,864,2924,374,2043,1699,1519,94,2175,1268,973,943,1418,864,2798,3233,1484,927,1570,3538,2836,2760,2158,1261,1604,1217,1842,1563,1882,2976,1052,580,1971,2260,1207,682,1811,3150,1988,2457,2942,1293,1926,551,1211,2401,2594,392,978,1395,607,1087,438,1498,654,816,2900,1480,2589,1330,2400,1732,2681,510,3073,1727,1363,1475,2788,1226,3397,2224,2593,2760,2120,2345,1705,2224,2128,129,1326,168,2845,1221
"COG2987",334,1853,1455,372,662,868,216,275,598,1960,1034,1467,2194,2166,853,494,2109,585,2122,270,1791,1898,863,43,2024,1312,639,721,2126,638,1804,2730,1126,850,1406,2881,2666,2146,1649,918,1346,904,2071,1718,1948,2549,1219,625,1615,1880,961,846,1713,2270,1694,1617,2085,1219,1607,583,270,2006,1594,333,874,759,570,1042,312,1488,547,833,2930,1260,1514,1446,1660,1376,2487,202,2297,1971,872,1565,2770,1036,3202,2035,2836,2910,1472,2548,1168,2421,1702,66,1141,104,1586,1067
"COG2988",13,36,47,45,327,0,1,7,201,34,61,3,108,1,42,23,4,315,24,4,4,0,0,162,0,0,0,78,40,0,11,41,157,50,8,11,13,7,19,0,92,7,2,3,27,41,6,10,62,4,0,33,2,17,5,7,11,4,14,115,53,0,7,0,30,76,1,4,0,6,447,0,11,11,3,12,12,2,20,31,32,1,102,4,31,2,10,3,10,5,1,85,1,31,0,3,1,1,39,6
"COG2989",28,44,366,72,386,605,392,893,622,436,182,79,264,158,679,1216,55,460,629,2219,317,59,889,1622,174,86,1146,170,200,746,229,276,301,238,96,557,118,216,595,474,176,1481,230,97,201,218,944,725,239,148,126,2326,238,191,241,167,625,474,654,167,86,54,218,317,819,685,1565,78,3,966,619,1138,252,542,114,115,540,105,546,82,346,206,411,83,151,109,186,103,272,129,160,377,109,266,370,14,1715,2164,748,133
"COG2990",326,145,135,139,737,67,25,329,851,81,187,2,167,14,610,34,28,851,172,40,30,11,73,447,37,14,65,191,161,109,74,250,316,168,30,110,89,71,210,102,362,22,102,38,160,176,45,41,400,111,18,118,78,135,61,35,61,40,101,430,203,27,44,17,115,181,2,17,660,100,971,38,83,61,16,107,70,124,82,125,134,50,171,31,115,54,173,34,65,87,38,445,22,189,1,56,110,9,466,71
"COG2991",2,0,0,1,0,0,1,1,60,1,2,0,0,0,0,1,0,1,0,3,0,0,1,0,0,0,0,0,0,0,4,0,10,0,1,0,1,5,0,0,5,0,0,0,0,1,0,0,2,0,0,4,0,0,0,1,0,0,0,36,3,0,1,0,3,19,0,1,0,5,0,3,0,0,0,0,0,0,0,11,0,0,23,0,6,4,1,0,0,0,2,32,0,1,0,1,0,1,2,7
"COG2992",65,102,118,128,695,1,5,10,241,68,196,2,221,6,105,31,8,605,87,3,10,0,0,404,4,32,46,143,96,0,11,96,188,127,9,45,68,20,46,1,45,39,191,6,105,176,6,31,137,11,0,81,16,141,107,13,59,51,23,93,120,5,10,1,97,120,6,10,0,116,1096,10,29,24,18,30,58,13,25,58,101,5,75,22,43,43,128,11,28,55,5,186,1,129,3,3,30,2,409,5
"COG2994",0,0,9,0,4,16,0,6,4,7,4,0,0,1,10,0,2,5,19,0,8,12,20,0,15,7,38,4,30,1,15,0,0,12,0,13,17,10,67,46,0,3,21,0,13,9,2,1,75,4,5,5,3,4,3,4,3,1,6,0,0,12,1,0,12,21,0,2,0,0,0,0,7,10,2,8,5,7,8,0,2,1,0,1,6,1,4,5,4,4,2,0,1,10,0,0,9,1,14,7
"COG2995",75,134,187,200,1228,3,22,26,633,108,280,3,386,9,202,691,18,1073,128,39,19,2,3,766,11,4,1,331,126,0,54,138,492,213,13,39,46,41,110,0,129,15,6,14,137,137,13,34,204,27,0,120,20,124,9,15,42,30,47,217,216,4,18,3,121,194,6,13,1,35,1893,21,56,46,7,33,55,8,60,88,144,14,155,35,90,42,44,8,40,18,19,338,3,125,0,13,10,6,160,39
"COG2996",2272,1448,1677,1554,616,1755,1963,2064,1809,1554,1873,1609,1294,1672,1766,1755,1621,1135,1658,1832,1507,1339,1621,1212,1440,1413,1487,1694,1613,1708,1562,1714,1075,805,1529,1229,1539,2463,1480,1923,1079,2243,1513,1538,1962,2138,1338,2269,1549,2034,1528,1903,1867,1490,1330,1614,1826,1276,1377,2532,849,1947,1553,1446,1570,1509,1672,596,1464,2183,485,1889,1473,1432,1867,997,1605,1444,1661,1653,1759,1684,944,1842,2198,1858,2004,2357,1467,2149,1865,1467,1140,1988,1730,1282,1849,1581,1561,1855
"COG2998",0,44,4,30,19,16,18,0,15,28,22,7,8,26,7,15,20,31,29,4,10,34,18,2,1,11,6,2,39,6,16,1,27,24,63,41,19,8,33,42,28,20,30,17,18,4,19,4,53,52,18,0,6,9,40,32,7,21,11,0,0,31,18,20,24,18,10,42,0,16,0,4,15,1,38,46,10,30,0,3,21,13,23,17,16,15,20,12,9,24,31,7,24,64,6,15,15,12,0,9
"COG2999",14,40,66,57,413,0,14,16,109,29,91,0,100,1,69,0,2,348,40,9,2,0,4,210,3,3,3,89,44,0,12,40,85,62,3,11,16,12,22,0,0,3,1,0,43,37,9,11,62,5,0,39,4,43,1,6,12,10,13,26,77,4,2,1,35,38,0,6,0,6,490,7,22,7,1,7,15,6,10,4,51,4,4,7,10,8,14,5,13,10,6,9,1,32,0,2,2,0,42,7
"COG3001",26,31,58,95,411,3,8,275,335,13,50,203,28,10,76,18,43,162,20,26,4,5,10,327,16,4,3,30,43,154,24,44,93,49,9,16,28,14,21,3,65,5,0,5,18,34,5,3,72,7,0,28,3,39,11,5,5,11,74,121,1365,3,16,3,29,59,5,40,960,20,316,8,8,71,2,11,8,4,33,819,21,6,75,16,18,23,14,5,7,17,8,105,15,25,1,575,2,18,21,15
"COG3004",592,1106,1285,362,1268,686,168,722,1164,1934,855,946,1626,1148,1129,267,907,923,1023,242,1355,1113,568,1005,1239,967,441,546,1247,1067,1227,1662,775,600,956,1248,1299,1541,1178,838,1084,740,964,859,1118,1404,642,524,939,1180,487,236,1104,1153,1039,1161,1122,940,1063,583,1695,1337,1245,382,386,1030,344,522,1814,551,862,1080,1426,827,1137,661,1096,712,1464,813,1488,1140,626,907,1481,493,1516,911,1485,1144,1178,1318,950,1513,1208,2695,622,408,1068,313
"COG3005",361,557,324,123,948,186,87,140,428,401,504,217,550,276,322,76,162,699,801,58,437,338,98,451,348,121,117,248,355,313,142,397,316,351,216,420,306,208,381,90,141,71,497,292,186,495,120,92,284,318,144,264,240,681,328,280,760,86,291,173,177,63,350,281,231,293,60,84,14,93,1010,47,500,336,320,93,630,77,635,16,552,341,104,249,202,56,502,347,370,370,394,819,170,442,232,21,155,18,596,35
"COG3006",33,62,102,86,593,0,25,17,408,69,121,2,205,4,97,17,9,521,59,26,6,0,7,367,3,2,2,155,64,1,34,89,238,130,6,27,45,33,44,0,63,4,1,2,65,71,8,22,150,16,0,63,17,46,5,11,9,24,26,127,102,3,10,4,71,125,1,10,2,16,870,13,39,13,6,28,28,7,32,76,75,8,88,18,52,24,28,4,24,11,11,174,3,57,0,2,3,0,78,17
"COG3007",11,33,282,824,11,403,182,16,231,184,73,50,8,297,59,636,43,54,15,10,187,41,36,145,110,215,191,78,103,152,38,20,113,36,75,35,51,149,18,211,12,93,36,52,9,29,107,40,13,53,24,8,9,16,12,25,16,8,5,131,38,27,28,75,23,49,220,4,36,13,0,89,3,18,76,19,6,18,5,21,1,48,50,34,20,92,7,21,8,13,71,4,62,34,35,272,22,67,0,72
"COG3008",145,195,230,243,1462,7,38,40,1072,157,338,5,509,25,247,1057,100,1240,188,71,20,9,35,941,21,40,152,441,193,6,85,216,777,276,25,94,89,136,136,69,223,21,23,20,191,173,27,53,245,54,84,162,39,168,202,121,61,101,57,354,250,82,47,21,196,266,8,64,6,54,2023,22,127,50,21,131,62,122,50,193,203,31,251,42,129,123,222,14,62,43,24,500,74,236,2,16,18,7,235,112
"COG3009",24,41,61,63,372,0,0,5,118,25,88,2,134,2,49,385,7,335,42,3,2,1,1,263,3,0,0,88,50,0,10,46,132,74,4,7,14,16,34,0,42,3,4,2,42,47,0,14,73,6,0,27,5,36,6,10,17,8,15,51,65,1,6,0,30,36,4,6,0,11,573,3,21,13,2,2,10,11,26,25,41,3,44,3,20,2,19,3,17,9,1,92,2,30,2,2,6,1,54,1
"COG3010",265,493,651,1584,518,422,607,168,837,368,526,315,921,300,339,163,556,737,229,274,366,335,132,511,227,258,348,373,365,349,567,363,481,287,392,319,201,308,283,241,865,213,713,298,285,367,305,424,505,516,204,132,324,429,265,299,306,467,265,1295,509,222,288,252,205,420,258,231,856,377,962,551,308,328,571,619,182,528,299,393,260,244,391,749,264,297,334,491,358,348,444,514,196,523,456,1184,288,412,652,328
"COG3012",28,81,67,56,384,18,22,25,356,52,105,10,102,6,115,29,41,291,53,23,11,20,13,277,22,4,12,90,68,11,13,37,102,72,15,34,30,20,51,10,39,23,96,6,55,63,12,14,95,63,4,48,24,78,2,19,26,34,11,84,69,13,9,7,55,57,10,52,0,55,472,9,15,14,15,19,31,15,11,29,46,14,47,12,14,19,69,5,42,49,10,87,21,87,0,3,38,6,159,19
"COG3013",10,16,18,17,125,0,2,0,36,18,32,0,44,0,17,4,16,136,18,1,1,1,1,94,0,0,0,46,12,0,5,15,60,28,3,4,3,4,5,0,10,1,0,0,18,20,0,2,30,3,0,55,4,61,1,4,9,9,13,61,72,220,4,0,32,46,1,9,0,17,558,0,23,12,2,13,20,30,14,80,54,4,49,3,29,67,11,4,12,13,0,94,4,46,0,3,3,2,69,20
"COG3014",0,0,0,0,9,24,0,0,0,7,3,0,0,27,35,9,1,2,0,0,22,19,4,0,14,42,27,8,1,6,7,14,23,17,7,2,2,7,62,31,1,29,9,1,6,1,8,17,57,5,16,0,24,41,19,32,0,34,12,0,0,35,29,8,11,14,10,15,0,4,0,4,0,27,10,10,1,24,0,0,4,14,22,0,81,9,53,4,19,2,0,0,17,39,3,0,4,2,0,19
"COG3015",79,236,443,122,604,432,199,481,428,531,310,264,571,457,688,810,197,430,1139,1384,198,255,1195,1114,351,147,506,232,329,114,435,511,429,200,118,399,419,956,577,721,134,858,226,190,727,915,632,436,448,598,149,1465,478,505,284,550,1591,412,386,70,120,366,325,82,681,476,634,101,173,1173,401,965,620,251,526,238,257,266,608,102,536,286,286,289,603,372,640,464,460,921,439,680,295,621,477,24,755,1025,434,449
"COG3016",69,2,136,95,1112,274,10,10,80,218,29,33,626,350,701,901,54,42,432,509,47,95,404,564,366,86,221,47,252,59,61,211,153,155,63,119,230,257,415,392,87,175,180,150,630,203,158,219,504,980,216,753,567,299,249,220,220,215,481,53,22,77,108,179,88,469,52,106,0,73,67,308,446,395,284,171,143,332,391,49,293,249,171,220,242,70,692,87,673,88,370,573,157,528,19,485,1043,77,475,88
"COG3017",183,25,31,45,260,0,1,30,222,53,65,19,79,36,53,424,28,232,35,20,4,6,0,155,19,1,0,80,56,10,10,41,106,61,4,8,27,10,39,0,39,15,9,2,46,52,7,25,83,9,3,67,8,76,4,2,8,7,40,54,51,3,35,10,39,34,23,15,0,9,357,10,16,12,23,7,24,4,17,24,45,18,52,6,22,10,18,56,52,38,23,94,18,19,0,2,4,4,43,15
"COG3019",0,22,0,3,1,0,0,0,91,2,6,0,2,0,1,0,2,18,0,0,0,0,0,0,0,0,0,2,0,0,2,0,0,0,2,0,0,0,6,0,17,2,0,0,0,2,0,1,1,0,0,0,0,12,3,1,2,0,0,1,0,0,2,0,1,6,0,0,0,6,0,0,0,2,2,0,3,2,2,23,0,0,29,0,9,5,0,0,0,0,0,0,0,2,0,0,0,0,0,4
"COG3021",110,672,1424,215,1073,959,563,708,611,1691,2440,1152,784,1097,1350,1944,1439,1043,1385,2539,1617,882,1332,1715,1074,547,1217,1065,1211,1192,1550,1831,1094,506,977,1858,1702,2217,1388,1229,859,2225,1225,961,1663,885,1210,1212,956,1270,234,578,328,446,293,374,451,385,596,24,49,465,306,335,500,507,515,109,59,680,214,693,464,392,484,257,267,383,580,56,584,320,243,206,630,335,635,363,444,527,285,393,297,416,233,29,563,546,420,444
"COG3022",1157,1192,1628,2069,1120,1362,1558,2136,1590,1020,1706,1191,806,856,1461,1351,891,1401,1452,2196,1051,1100,1042,2312,1137,712,1463,1161,1487,1243,1166,1526,918,682,1136,1119,1390,1277,1166,1037,966,1771,1111,1355,1332,1150,1197,1473,1218,1506,908,1097,954,1268,1152,1138,1389,748,1096,2252,921,1327,1139,929,1418,1541,1251,361,566,1956,1416,1589,1083,1025,1037,755,1089,923,1261,1364,1487,1024,679,1073,1445,1332,1280,1357,882,1518,1025,1264,733,1195,938,383,1473,2156,1225,1672
"COG3023",139,595,854,290,372,580,346,729,359,1184,459,494,616,557,537,1060,394,553,1579,648,1102,572,601,1001,935,431,624,383,544,368,784,958,446,820,551,1459,1131,648,793,427,527,1181,700,639,675,959,1404,627,559,626,1149,2944,1586,3190,2670,2308,3811,1497,2814,179,425,2210,2158,977,3201,1718,2713,1996,255,2415,724,5514,2351,2278,2043,1760,3718,1147,3634,558,3595,2172,1110,863,2426,952,2810,1416,2579,2727,1836,4013,1516,1697,2410,107,3593,3705,3883,687
"COG3024",108,1,0,1,0,3,6,12,145,11,17,9,0,21,11,245,27,13,5,10,0,6,9,0,7,20,18,22,23,1,3,2,18,2,1,8,4,10,13,5,18,12,12,0,7,29,5,1,7,25,8,14,0,19,14,12,0,11,14,28,2,13,21,10,14,20,8,3,1,14,0,7,10,2,18,8,1,18,1,15,1,5,17,2,8,8,26,34,9,8,8,11,10,18,0,4,3,3,0,3
"COG3025",36,52,131,115,620,279,35,21,423,280,168,9,237,30,230,30,42,594,202,34,79,78,120,543,130,56,280,194,260,79,178,99,262,316,40,151,167,218,500,352,189,141,204,27,186,193,77,21,509,144,113,215,125,141,159,74,129,93,259,152,106,138,98,99,186,458,14,272,27,28,930,308,157,83,221,289,100,176,268,92,191,90,186,50,181,72,147,95,134,187,170,147,27,326,9,878,113,136,393,100
"COG3026",38,44,88,70,491,2,29,14,398,56,118,0,170,4,80,22,10,441,46,36,10,1,9,382,4,1,0,134,54,0,28,75,213,103,6,22,19,31,47,1,76,5,1,7,77,77,7,17,112,4,0,59,6,55,8,10,18,22,27,110,80,3,13,0,65,120,4,10,3,18,784,11,23,11,4,22,20,5,36,56,70,3,95,14,45,28,18,6,30,9,13,128,1,42,0,5,6,7,81,27
"COG3027",33,72,107,67,394,61,21,15,266,61,99,51,119,64,138,33,37,339,66,17,32,70,29,297,82,44,63,113,91,14,54,52,204,201,111,30,69,34,139,91,99,19,42,48,90,82,41,22,260,47,53,80,46,77,65,65,45,92,69,50,69,49,33,58,107,57,24,106,1,19,564,21,39,85,29,91,33,78,50,128,70,74,175,17,55,25,51,28,51,46,19,85,39,87,14,10,33,5,132,38
"COG3028",256,55,63,50,301,11,16,52,385,90,105,35,94,61,70,471,90,303,65,26,10,14,32,208,18,5,46,140,83,16,17,59,147,84,19,23,35,33,62,20,53,45,42,9,63,89,11,16,105,110,16,73,15,99,40,24,16,27,44,87,73,37,68,9,55,126,25,32,1,42,437,15,43,11,51,39,23,62,17,57,52,26,67,13,43,23,68,83,58,59,36,104,31,85,0,8,9,4,42,22
"COG3029",31,26,55,47,287,2,9,9,282,20,83,1,61,5,40,310,7,265,21,20,5,0,3,212,3,0,2,58,32,1,15,38,112,62,8,8,19,14,17,0,36,2,2,3,39,44,7,16,64,1,0,41,4,33,5,5,10,6,5,62,59,2,4,2,40,28,1,2,2,9,449,5,17,12,2,5,10,2,17,38,32,6,52,8,29,13,8,4,10,3,6,62,0,27,0,4,4,2,30,10
"COG3030",23,21,66,50,307,3,1,8,39,24,62,0,73,1,49,203,2,287,40,3,1,0,1,165,1,1,1,64,38,0,1,40,85,25,5,5,9,3,29,0,10,1,2,3,33,50,4,12,31,9,0,25,8,18,2,3,11,4,7,55,52,3,3,0,25,30,1,4,0,4,452,1,8,9,0,14,9,5,16,36,42,4,23,3,11,0,8,2,9,6,2,66,1,16,0,5,1,0,32,1
"COG3031",19,45,49,81,649,1,3,4,145,39,102,1,177,3,35,20,8,440,39,3,6,0,0,243,2,1,2,97,63,0,7,144,217,128,2,13,14,8,52,0,40,6,1,4,61,63,4,12,191,3,0,41,9,59,7,10,19,12,30,6,26,6,5,2,47,135,0,1,0,15,767,3,32,10,1,0,40,5,17,8,12,2,57,13,20,3,28,6,21,5,1,14,0,11,0,0,1,1,62,1
"COG3033",128,572,530,160,1731,414,94,35,436,575,294,459,470,641,978,200,553,1026,463,49,598,763,209,577,935,627,461,423,629,523,491,597,1090,610,735,809,744,353,933,534,736,318,737,721,523,451,694,234,1011,204,204,69,158,347,357,202,78,211,263,27,74,214,173,103,93,157,95,182,51,192,540,44,240,284,150,138,233,224,228,14,288,205,186,50,340,81,230,187,294,290,78,162,215,131,99,71,169,30,289,106
"COG3034",19,98,106,44,495,10,23,5,115,46,68,12,66,21,63,461,19,275,98,6,13,63,14,165,14,11,10,71,46,7,38,73,250,76,34,35,29,19,53,29,55,16,7,23,35,47,141,41,112,55,13,43,22,67,19,33,10,111,10,70,58,25,36,1,19,64,30,60,96,16,482,2,37,18,17,58,32,43,11,40,26,12,59,19,48,10,63,21,29,172,6,210,25,146,9,146,61,5,128,9
"COG3036",19,19,20,26,88,1,5,4,244,14,34,0,34,2,31,15,2,116,17,10,0,0,2,76,0,0,1,30,17,0,13,15,52,29,3,3,6,18,9,0,23,5,0,2,22,18,0,5,32,1,0,19,4,15,1,3,2,2,2,56,34,1,1,2,22,37,1,4,2,6,194,4,5,8,3,5,6,1,4,23,13,1,40,2,14,10,8,1,7,1,5,39,0,14,0,3,0,1,19,20
"COG3037",477,283,706,823,1437,514,225,141,1534,410,396,416,234,47,561,100,121,1002,315,27,232,103,28,1012,63,99,85,264,313,501,93,204,560,296,317,209,173,352,189,173,514,262,297,153,173,341,129,101,359,159,48,333,262,323,62,39,297,91,145,1176,441,97,80,343,347,730,144,120,2886,141,739,765,59,302,415,269,222,198,100,383,119,34,748,257,310,85,233,159,145,218,469,373,86,430,547,3179,123,247,576,124
"COG3038",30,106,149,130,1169,3,2,15,81,81,270,5,271,2,207,17,12,889,87,4,8,0,1,630,8,2,0,220,114,0,13,79,292,161,6,25,29,22,50,0,20,10,3,5,94,92,5,32,150,14,0,63,15,106,0,12,55,32,20,45,109,3,13,2,83,58,7,8,0,16,1500,1,26,35,0,18,35,14,27,44,96,12,53,12,33,2,38,13,24,16,7,191,0,60,0,5,5,3,185,1
"COG3039",347,2050,364,177,6750,300,379,270,198,658,564,1024,1913,515,19424,2432,2115,924,893,1101,3317,535,892,200,784,821,1857,1277,1131,2670,183,9289,4280,1761,401,1668,251,8392,13710,504,2606,246,234,1907,327,556,283,836,7229,66288,2967,171,14801,2312,1138,3636,708,763,1303,687,847,12508,315,1565,2493,678,902,3080,185,2417,2530,53,10342,899,984,1147,592,2496,4696,666,146,1869,869,510,1007,2245,10053,754,16369,502,191,272,10996,601,1072,139,276,421,947,1016
"COG3040",84,510,424,81,687,170,54,196,353,345,779,229,530,139,270,104,69,594,867,28,475,187,110,758,526,187,167,343,390,430,229,597,492,226,85,561,381,205,477,177,191,304,256,123,427,551,210,178,243,190,173,176,249,713,346,286,920,164,574,108,181,95,327,301,189,521,119,101,3,142,650,29,328,431,166,128,554,260,999,111,651,243,208,226,279,58,498,208,395,202,234,1139,202,526,365,9,311,27,781,59
"COG3041",80,293,341,737,395,467,291,220,192,193,372,410,193,406,596,592,164,456,193,1311,1521,377,1654,977,454,832,651,246,412,311,370,248,673,415,644,284,211,107,471,920,414,655,331,282,266,216,643,384,838,157,362,1172,378,533,411,643,142,693,492,365,66,427,244,402,481,617,595,608,539,1197,478,1333,321,496,1649,176,352,449,146,394,207,193,1255,650,171,441,174,448,175,380,246,134,375,338,470,280,298,624,108,484
"COG3042",16,31,42,35,265,1,0,7,84,17,55,1,80,1,42,8,3,202,26,0,1,0,0,193,4,0,0,66,33,0,8,31,101,38,6,9,8,9,17,0,37,3,3,2,29,41,6,9,46,3,1,26,6,29,3,9,14,8,9,44,70,2,2,0,32,36,1,3,0,3,417,0,11,12,0,7,9,1,8,46,49,5,44,4,16,5,9,2,13,3,1,128,1,31,0,0,2,1,42,3
"COG3043",171,28,50,35,293,0,10,7,133,54,67,0,106,32,61,8,30,246,38,10,3,7,8,186,4,1,22,68,56,2,6,41,78,55,2,19,17,25,34,5,3,18,25,1,43,66,3,8,59,48,9,39,12,59,17,22,11,12,25,23,53,14,44,8,43,19,17,7,1,9,441,7,21,5,14,18,6,14,19,6,35,5,4,3,10,13,32,32,17,11,22,3,3,36,0,5,1,3,34,12
"COG3044",464,354,1147,2296,170,254,1592,496,810,133,441,348,462,480,284,118,481,675,171,228,519,292,170,335,294,304,197,608,616,236,479,300,336,414,442,184,362,270,197,404,475,74,580,615,125,510,142,631,308,430,423,117,437,307,410,409,184,220,111,1524,586,365,294,464,297,199,168,97,757,408,794,207,134,615,427,416,195,226,310,1532,196,332,197,792,190,468,193,559,214,458,488,132,442,423,631,402,275,378,287,607
"COG3045",219,56,57,59,410,12,15,9,101,74,120,7,97,46,76,20,37,320,64,10,7,13,6,317,5,2,39,98,76,11,4,71,166,86,14,18,32,26,56,21,23,47,31,7,61,91,13,12,94,62,20,34,10,79,24,24,27,26,37,53,79,23,58,14,35,72,23,7,0,16,651,7,29,23,34,30,15,50,30,46,54,10,39,7,31,12,56,75,27,12,33,86,42,83,0,6,13,1,69,8
"COG3047",10,22,30,25,229,1,1,1,104,13,37,0,47,1,51,16,5,161,17,0,3,0,0,84,0,0,0,34,11,0,2,30,90,42,4,5,8,2,29,0,36,3,1,1,21,15,3,12,34,2,0,19,4,10,2,3,8,3,9,51,34,1,2,0,17,20,2,2,0,9,248,1,8,4,0,3,3,3,8,23,37,1,35,6,11,1,10,1,6,6,1,104,0,10,0,3,1,0,22,2
"COG3048",55,108,152,167,718,61,95,367,775,73,156,54,248,118,600,75,173,866,86,31,45,66,163,479,119,89,85,402,242,128,52,142,398,393,177,195,59,92,310,55,186,28,180,196,126,215,52,69,267,146,63,82,73,112,129,101,66,249,185,132,131,101,42,111,163,305,141,366,2,41,1333,118,106,89,61,75,59,51,30,548,194,82,290,762,111,50,138,10,75,91,87,209,40,221,121,50,159,101,472,71
"COG3049",2806,2492,2466,1644,1221,1952,1762,2189,1585,1829,2383,2160,1966,2358,1778,754,1979,1433,3274,484,1898,2570,1533,591,2989,2134,1989,2163,2581,2257,2628,2704,1671,2139,2847,2404,2056,2470,2095,2290,2065,1728,2485,2446,2280,3027,1569,2216,2098,1731,2533,560,2368,2484,2293,2287,3305,1890,2283,1742,1899,2770,2548,2375,1516,1891,1517,1930,1765,1423,700,859,2354,2122,1988,1511,2886,2544,2644,1377,2798,2598,1584,1967,2682,1887,2777,2442,2317,2317,2725,2140,3330,2547,2699,1026,1657,657,2841,2119
"COG3050",19,17,28,27,129,0,9,4,228,12,28,0,69,2,24,12,2,133,17,8,4,0,2,75,0,2,0,33,19,0,16,24,92,43,5,5,11,5,9,0,32,2,0,0,30,20,4,5,37,2,0,16,3,17,6,3,2,6,11,66,27,0,4,2,19,32,2,3,2,8,188,7,8,5,1,15,3,3,9,36,10,1,48,4,15,14,10,0,7,3,4,61,0,23,0,1,1,0,22,10
"COG3051",665,472,340,280,827,383,252,391,800,412,265,135,850,194,491,274,272,1082,320,279,611,333,557,502,211,258,290,477,441,201,430,408,439,626,269,835,323,120,687,187,600,110,838,272,383,557,89,161,767,1095,151,1102,399,379,510,380,194,502,323,415,485,330,128,185,412,318,385,515,684,234,1439,140,385,267,184,434,258,306,271,1120,219,123,432,879,336,633,417,330,595,659,556,766,163,609,347,663,578,300,1134,878
"COG3052",144,123,93,93,259,106,60,57,310,64,73,35,186,48,102,119,64,321,98,129,93,73,123,169,46,52,124,150,102,72,77,85,121,214,71,182,87,29,236,50,107,37,153,86,103,147,33,83,205,308,60,298,113,92,142,125,63,137,77,97,154,64,25,57,112,94,158,121,193,51,450,28,110,81,41,101,39,84,51,267,75,38,116,168,53,214,103,102,109,226,169,186,34,150,93,175,140,50,297,405
"COG3053",295,240,174,244,717,397,635,634,464,188,237,170,522,167,195,382,137,884,94,475,204,119,333,511,67,187,172,301,223,557,148,222,289,329,124,199,252,184,314,148,284,172,333,152,173,293,60,155,288,75,981,1149,170,473,249,127,64,414,93,147,359,105,40,83,369,241,333,379,375,158,1116,66,121,137,68,149,87,288,45,1121,145,70,304,392,135,1019,220,120,230,183,68,333,180,451,101,220,159,191,444,1234
"COG3054",40,32,83,97,428,0,11,7,320,40,109,2,108,2,61,12,11,484,59,6,7,1,1,309,8,1,0,155,66,0,26,95,178,140,5,29,24,14,47,1,53,6,4,1,71,77,4,13,119,6,0,50,14,50,4,12,21,12,24,89,122,3,8,0,44,165,3,5,1,20,663,9,17,20,2,27,30,14,25,60,74,4,68,9,32,11,31,3,16,11,5,97,1,52,0,3,3,0,94,9
"COG3055",195,1256,978,204,2267,749,279,147,409,974,1009,309,645,618,815,231,482,924,1419,514,735,1721,719,1332,304,308,184,473,932,276,984,1286,987,657,193,1293,1272,1224,1074,555,242,989,718,737,774,1486,1816,388,827,990,215,960,537,1656,324,824,1225,411,764,54,216,859,873,515,826,723,224,202,230,1148,1576,843,1307,485,1260,379,872,522,1028,44,1038,793,341,782,914,722,1230,546,603,936,1082,690,830,1149,729,1519,533,278,1132,961
"COG3056",43,48,89,97,488,3,7,10,380,42,118,3,145,3,70,22,13,428,49,15,6,1,7,309,3,1,0,118,63,1,32,66,166,92,3,20,23,16,25,0,43,8,2,8,60,63,4,17,108,9,0,55,11,37,5,10,20,11,13,72,80,2,8,0,53,94,3,6,3,8,736,8,20,19,3,19,11,6,18,47,66,6,70,8,24,18,22,7,16,14,10,106,0,42,0,2,3,0,92,18
"COG3057",14,8,35,15,114,2,9,5,339,16,42,0,47,1,24,13,4,114,19,14,5,0,2,100,2,1,0,57,31,0,17,15,114,25,3,8,11,13,14,0,55,5,1,2,17,19,3,2,37,2,0,18,2,16,9,4,7,12,7,54,25,1,10,1,26,66,0,2,0,10,186,7,11,5,1,7,5,2,15,57,23,1,87,3,33,15,8,1,9,4,5,88,1,15,0,1,0,0,20,4
"COG3058",268,102,107,81,526,3,24,50,418,138,156,18,157,80,79,24,100,591,86,34,13,22,23,357,25,3,49,164,86,9,33,89,208,133,20,50,56,57,68,35,88,38,44,4,85,148,18,20,174,143,31,123,32,115,63,50,26,56,56,144,113,38,68,16,87,168,24,39,49,50,965,16,44,33,31,55,42,77,32,51,94,35,109,9,45,40,90,45,64,47,27,103,46,151,0,12,13,4,102,26
"COG3059",121,639,652,151,799,266,63,78,728,649,358,653,650,527,479,36,633,538,832,79,698,588,280,285,768,240,183,244,749,66,560,959,325,370,628,750,786,1181,659,394,371,290,598,529,900,1054,349,288,659,449,372,100,668,727,610,610,1009,258,525,37,226,637,551,96,230,489,84,109,174,359,723,302,952,528,697,432,679,409,827,49,1041,719,184,505,725,323,1079,785,784,1068,534,750,451,776,758,22,410,31,781,192
"COG3060",29,33,41,56,286,1,3,6,271,12,67,2,74,3,43,13,3,260,35,7,3,0,3,224,0,1,1,71,32,0,14,44,131,27,5,12,9,15,33,0,42,1,2,1,36,43,3,10,39,5,0,9,2,8,4,5,6,6,2,9,21,3,2,1,9,21,0,1,0,3,155,0,2,4,0,2,7,1,3,12,22,1,20,1,11,4,4,0,3,3,1,24,1,4,0,0,0,0,11,7
"COG3061",27,17,27,24,100,0,17,3,412,14,34,0,49,3,7,22,2,147,8,18,1,0,4,89,1,1,0,56,8,0,20,9,102,15,9,5,15,22,11,0,39,2,1,1,13,19,3,2,12,2,1,34,2,31,4,1,1,7,3,121,21,1,9,2,14,41,2,1,3,7,183,10,2,5,4,2,3,1,4,41,21,2,49,5,16,21,3,2,4,5,9,111,0,17,0,2,3,2,7,18
"COG3062",9,13,33,23,187,0,3,5,66,17,41,1,85,3,34,3,2,172,13,3,2,0,1,140,2,3,0,44,25,1,5,33,53,31,0,9,9,10,8,0,0,1,1,3,27,30,1,5,27,5,0,14,3,12,1,6,4,4,7,23,45,1,2,3,18,16,1,6,0,4,254,1,7,9,0,5,8,1,5,3,19,1,2,5,6,2,8,0,13,2,4,4,0,21,1,4,4,0,21,5
"COG3063",5,0,0,1,0,0,2,1,92,0,2,0,2,0,0,0,1,0,0,8,0,0,2,0,0,1,0,3,0,0,3,0,0,0,0,0,1,5,0,0,0,0,0,0,0,0,3,0,0,0,0,0,1,2,1,1,0,0,0,19,1,0,0,0,2,8,1,0,0,3,0,1,1,0,2,0,0,0,0,2,0,1,0,0,2,9,0,0,0,0,4,0,0,0,0,1,1,0,0,13
"COG3064",42,44,62,52,674,1,19,13,222,48,77,2,108,1,159,335,8,392,45,18,4,0,2,271,3,2,6,128,66,0,33,46,179,117,6,14,24,21,41,0,15,8,2,5,47,52,8,3,43,4,0,51,13,24,2,15,28,14,14,171,49,4,8,3,52,95,1,11,1,13,509,7,9,34,2,10,8,2,21,73,28,5,44,17,31,14,23,6,22,9,6,137,2,25,0,4,3,1,38,18
"COG3065",29,38,61,84,423,2,8,5,298,31,95,1,112,2,80,20,6,410,51,18,3,0,1,286,1,1,0,110,43,0,22,37,145,51,3,16,16,13,30,0,31,8,3,5,62,44,3,18,48,4,0,46,12,56,3,4,11,14,7,65,88,3,6,0,49,32,2,8,0,8,629,7,18,28,1,10,11,6,22,36,85,4,52,7,17,16,17,4,11,8,7,78,1,42,0,7,5,1,76,12
"COG3066",27,39,39,50,377,0,8,7,199,19,86,1,103,3,53,429,5,355,30,13,4,0,1,278,2,296,0,82,57,0,15,45,153,51,3,9,14,6,24,0,49,3,3,3,48,39,19,11,65,5,0,23,11,39,3,4,10,16,16,76,64,3,12,2,44,101,1,4,3,15,575,1,14,12,2,10,10,1,19,41,35,3,64,8,19,30,23,8,11,2,3,70,2,34,0,4,3,2,66,40
"COG3067",51,53,110,102,658,1,16,15,652,66,166,1,227,2,98,756,5,574,48,38,3,0,5,391,2,1,3,175,84,0,48,67,322,117,5,11,20,38,54,0,104,10,3,5,59,53,10,15,124,11,0,54,23,59,16,7,20,19,26,137,121,5,18,4,84,142,3,11,3,26,969,11,27,16,6,19,32,6,17,47,62,5,108,16,47,32,23,4,23,22,21,177,2,72,0,5,4,3,75,34
"COG3068",39,45,68,65,432,1,12,13,375,39,125,3,117,4,83,389,9,389,50,16,7,1,4,313,7,0,1,99,58,0,32,70,164,109,5,13,20,26,27,0,54,3,1,5,85,87,8,18,121,6,0,42,15,62,6,4,18,9,15,89,88,3,9,2,44,97,5,6,1,8,683,7,19,12,3,22,22,8,16,56,49,4,99,14,29,17,28,4,26,12,7,163,2,44,0,5,7,3,83,16
"COG3069",2659,196,346,370,1390,472,530,738,943,493,410,531,416,694,687,216,962,1395,532,473,161,343,1524,925,352,327,611,718,789,286,341,465,686,484,221,782,507,396,716,600,407,377,790,123,507,1247,267,1046,592,1441,318,850,592,906,1386,548,155,738,713,367,413,502,1069,432,855,315,246,254,129,341,3582,124,849,306,645,722,324,732,726,312,857,274,176,352,392,342,1482,532,749,681,284,445,767,1340,329,44,418,98,1473,255
"COG3070",129,282,440,387,688,282,452,140,741,73,294,242,212,174,214,152,193,513,141,199,310,229,176,413,224,384,312,341,169,175,131,137,607,342,360,89,189,120,195,153,369,89,87,175,104,150,175,851,362,65,268,84,200,299,293,256,108,196,144,666,294,197,157,282,230,165,187,345,256,114,922,54,126,268,117,224,379,165,61,569,139,172,423,195,117,270,89,200,167,79,215,171,190,125,244,107,148,100,194,415
"COG3071",61,73,73,110,451,4,23,12,458,47,139,2,143,4,67,35,9,569,70,25,3,0,8,280,6,2,1,156,49,0,42,61,207,102,7,29,36,27,53,0,81,6,5,3,76,73,10,18,116,11,0,104,7,62,11,16,18,21,19,166,126,3,23,6,69,117,6,17,3,10,796,12,23,27,11,28,41,2,28,77,112,6,103,17,49,27,18,5,22,19,12,144,0,61,0,2,2,1,95,23
"COG3072",80,115,244,208,1166,2,52,27,1106,139,302,2,387,11,164,1455,26,1178,98,60,10,2,16,869,7,2,5,342,141,2,77,128,444,205,14,34,63,86,75,0,206,17,13,14,127,145,20,25,194,24,1,145,31,169,19,31,32,37,67,300,166,6,32,7,140,306,7,24,5,54,2064,23,70,52,8,29,52,14,58,148,122,13,253,26,105,68,43,10,62,18,22,332,4,101,0,10,11,3,137,59
"COG3073",25,30,54,57,372,3,6,12,301,25,95,2,89,3,62,19,5,320,44,13,9,0,3,199,3,1,0,100,46,0,23,57,113,56,5,5,15,26,32,0,70,10,1,4,40,52,4,15,66,6,0,34,11,22,3,4,13,11,17,72,55,3,7,3,38,64,0,3,0,15,542,10,18,9,3,17,12,5,16,50,70,5,74,11,32,19,19,0,14,12,10,108,2,34,0,6,2,0,66,13
"COG3074",24,29,37,31,239,2,4,2,214,19,76,1,55,1,47,9,2,243,29,7,4,0,0,156,0,0,0,55,28,0,19,26,72,31,2,11,8,6,16,0,22,2,1,5,34,33,1,11,57,2,0,24,3,16,0,3,8,6,12,35,50,2,2,1,33,59,2,4,0,7,364,1,6,5,1,5,15,3,12,22,44,5,32,3,18,7,7,6,3,3,5,31,2,19,0,3,2,2,46,17
"COG3075",19,21,40,18,228,25,11,2,161,274,31,168,59,121,81,61,370,161,16,29,21,66,38,128,141,69,37,60,215,59,92,202,130,25,230,26,157,137,62,16,119,54,104,143,172,39,38,15,44,94,306,71,160,138,45,96,26,76,482,116,64,691,98,62,119,242,26,191,2,345,573,176,487,353,80,340,29,419,336,50,572,436,202,134,834,231,720,739,228,1003,64,107,127,410,4,13,215,11,61,247
"COG3076",39,59,54,69,349,1,12,8,380,36,108,2,104,4,76,19,7,324,59,14,3,1,6,257,5,3,1,86,46,0,15,56,117,62,5,19,19,21,25,0,41,4,1,3,62,61,7,14,97,7,0,39,6,57,8,7,16,5,6,75,85,5,9,2,47,75,3,4,2,23,594,6,18,16,2,11,32,4,24,51,60,4,60,5,31,13,24,3,14,7,6,96,1,35,0,5,3,0,64,10
"COG3077",662,555,263,460,445,801,634,171,720,181,506,393,466,656,750,699,513,971,196,410,577,628,407,700,529,1177,1080,616,394,492,595,152,930,789,655,266,294,192,309,1321,437,153,340,661,659,211,414,1344,665,231,569,111,618,499,369,731,91,766,321,442,395,672,511,487,445,357,842,1097,924,227,552,180,426,535,460,723,407,510,139,752,273,455,1382,1009,325,524,169,708,359,586,644,111,508,283,715,552,323,448,154,842
"COG3078",23,18,41,36,253,0,7,3,144,24,52,0,52,0,37,4,3,190,20,14,4,0,2,152,1,1,1,46,24,0,18,30,62,38,2,5,13,15,8,0,4,0,1,7,27,19,4,12,36,6,0,19,4,14,0,3,8,6,8,60,37,0,2,1,27,35,2,0,2,8,332,5,7,4,1,7,11,4,12,41,33,8,8,9,14,15,8,1,7,3,7,103,0,25,1,3,1,0,45,6
"COG3079",8,18,33,26,141,0,5,3,89,21,36,0,37,3,18,5,1,122,20,5,0,0,0,92,2,0,0,31,11,0,7,17,65,24,2,10,8,5,17,0,22,1,1,2,13,22,2,4,25,4,1,51,4,51,4,8,16,16,16,78,100,3,6,5,57,65,1,6,1,17,708,6,16,17,3,16,14,6,26,50,61,5,64,10,39,17,22,6,10,13,8,110,2,32,0,3,7,3,68,13
"COG3080",21,27,34,46,256,2,4,4,283,23,91,0,48,2,54,260,9,248,28,22,5,0,4,129,4,0,2,70,20,0,13,40,76,53,5,5,14,11,22,0,37,6,2,2,41,40,4,9,66,4,0,34,4,28,5,5,10,9,7,61,59,3,7,1,26,30,0,4,1,9,434,9,13,10,1,5,16,3,19,39,35,5,51,3,26,16,11,0,17,9,1,78,0,34,0,0,0,1,42,5
"COG3081",36,31,144,79,458,0,15,13,407,44,106,111,125,1,71,29,14,404,53,21,4,0,6,259,4,0,2,138,57,0,27,140,140,92,9,13,23,30,41,16,55,4,3,4,56,74,6,16,89,4,1,51,6,42,4,12,15,18,22,109,84,1,11,1,65,121,4,11,2,20,673,9,25,17,10,14,17,12,25,48,71,4,266,10,31,22,21,7,20,14,13,171,0,48,0,1,2,3,72,15
"COG3082",4,12,3,10,58,0,0,1,54,4,12,0,15,0,8,5,1,40,4,1,0,0,3,37,1,0,0,13,3,0,1,6,27,11,0,2,2,2,2,0,19,0,0,0,12,11,0,2,14,0,0,16,1,32,6,4,6,6,4,40,26,1,5,2,12,33,2,1,0,6,253,5,8,5,0,7,4,1,8,14,19,4,63,4,20,5,8,0,9,6,3,59,2,15,0,0,0,0,18,4
"COG3083",970,362,222,138,868,213,59,67,701,269,250,342,357,308,238,700,181,765,106,54,82,321,1227,654,237,57,310,303,346,26,231,284,441,211,144,384,286,334,140,152,188,222,325,310,224,183,287,74,448,117,179,3448,182,459,497,197,105,165,145,176,181,293,199,71,260,263,873,67,2,66,1255,40,604,139,305,231,277,181,129,119,313,305,201,36,313,141,390,372,300,235,181,309,264,324,135,14,148,77,131,134
"COG3084",29,45,96,90,427,2,10,4,231,41,117,4,96,3,93,21,6,405,59,15,3,0,3,273,3,0,2,99,54,0,14,48,131,85,5,11,19,14,27,0,30,2,3,1,58,82,3,20,98,4,0,40,8,51,4,10,27,10,5,71,79,6,0,1,47,109,2,6,0,13,703,3,24,14,1,21,24,3,20,38,56,1,57,10,24,10,18,6,11,7,7,90,1,40,0,6,3,4,74,14
"COG3085",33,54,59,60,373,0,16,10,295,46,148,0,102,3,87,265,1,370,44,21,3,0,2,307,2,1,2,107,47,0,14,45,116,56,1,18,12,27,26,0,32,8,3,3,81,61,6,13,101,6,2,43,10,71,1,4,12,16,14,61,54,3,11,1,46,94,4,4,1,11,668,5,14,19,4,12,31,6,14,56,63,4,58,6,34,12,17,3,20,15,13,77,0,42,2,3,2,3,78,22
"COG3086",31,35,59,53,243,1,9,7,292,29,63,3,70,0,33,8,4,243,34,5,5,0,5,168,2,1,1,67,18,0,16,36,111,86,4,69,24,12,20,2,32,17,109,4,38,51,8,10,30,3,2,36,9,78,12,4,16,5,14,60,63,4,4,0,18,69,15,112,0,51,502,11,12,8,1,12,13,3,18,24,53,4,44,18,16,7,46,3,12,23,7,144,0,108,1,5,46,0,171,12
"COG3087",224,41,123,114,659,15,24,40,245,112,124,19,184,39,91,26,34,657,48,27,2,17,2,438,12,0,5,150,112,12,23,84,229,123,6,35,39,23,64,7,46,33,36,13,78,116,15,13,99,103,1,88,24,93,19,10,24,43,37,72,102,11,53,13,66,119,30,20,2,26,1012,8,23,34,32,21,33,16,42,78,90,15,72,15,40,12,45,55,58,55,30,112,23,86,0,8,12,11,76,11
"COG3088",466,87,141,122,843,13,29,48,319,166,235,31,271,83,133,25,69,749,104,35,11,29,34,586,17,4,47,236,132,11,23,94,243,155,2,49,52,68,65,15,28,49,56,9,121,201,15,32,140,164,33,100,18,185,43,44,31,59,55,85,122,49,42,27,118,75,10,21,2,13,1354,17,91,25,29,70,38,54,51,31,110,25,43,22,43,38,95,65,54,39,28,25,22,115,1,8,17,3,123,34
"COG3089",14,9,35,32,174,1,8,7,119,17,48,2,43,1,33,11,3,168,22,10,4,0,1,123,1,0,1,42,28,0,12,21,78,35,2,11,10,13,15,0,18,3,1,0,26,32,8,8,51,4,0,21,4,15,2,0,10,5,8,26,37,1,1,1,20,35,0,3,0,7,280,0,1,8,2,8,8,3,7,21,29,3,31,4,21,3,9,1,8,5,3,64,0,24,0,0,1,1,22,4
"COG3090",1811,1533,1321,929,1427,1109,1933,1005,1512,748,1033,807,1392,933,969,420,1091,1290,1070,741,1005,814,991,742,683,827,855,1262,1117,928,562,1051,664,517,1103,743,850,523,967,844,1019,559,1552,1111,1069,1417,588,1756,1163,1489,802,368,873,944,1080,1062,532,901,460,733,429,832,651,806,570,668,581,649,980,901,4216,599,1577,938,1021,1884,699,650,511,1284,501,464,644,2237,767,805,986,1120,647,1741,1260,2103,714,1350,550,2043,644,796,3348,565
"COG3091",504,32,48,49,235,6,36,169,299,33,68,0,87,6,39,8,6,235,18,16,3,0,3,213,3,1,1,59,36,0,12,36,126,44,8,12,10,21,26,0,43,2,1,0,28,35,1,6,62,21,1,47,5,31,10,4,12,15,8,656,189,2,10,1,27,43,3,4,63,10,407,8,10,11,3,10,5,3,21,245,30,2,73,5,25,21,14,0,14,5,8,35,0,28,1,9,2,7,46,15
"COG3092",18,30,59,54,309,0,9,4,238,25,81,3,96,0,47,299,3,292,42,24,4,0,5,243,0,1,1,78,34,0,17,47,116,53,5,16,14,15,30,0,36,4,2,0,38,42,1,13,76,4,0,35,11,30,3,1,11,7,11,65,56,0,4,2,43,46,3,6,2,8,482,8,15,10,1,10,12,5,6,30,43,4,54,3,19,18,12,3,13,5,7,64,2,27,0,0,5,4,64,18
"COG3093",1422,589,645,1062,688,1046,424,60,166,255,1041,100,323,365,294,766,303,961,328,553,388,108,1019,451,250,293,485,242,334,237,373,738,502,544,297,555,777,498,476,341,311,111,47,157,396,2446,54,269,692,899,416,982,776,718,403,816,659,195,339,249,446,889,989,195,291,563,446,189,254,289,783,172,150,246,702,199,229,1782,932,222,697,162,451,287,129,516,381,134,509,1394,326,369,314,228,91,68,109,310,83,937
"COG3094",9,26,43,40,225,0,5,6,193,21,66,0,107,5,44,12,4,242,25,16,8,0,4,162,2,0,0,72,31,0,11,31,114,46,4,7,16,9,31,0,38,2,1,2,50,42,5,13,71,6,0,38,5,36,3,3,3,8,13,48,54,0,4,1,35,29,0,7,2,8,428,6,20,15,1,5,13,1,14,24,37,0,47,7,30,6,13,6,14,5,4,83,1,17,0,2,2,1,49,11
"COG3095",10,10,16,8,124,1,2,7,82,12,33,0,31,0,19,4,1,88,18,6,0,0,0,73,0,1,0,28,10,0,7,13,48,21,2,3,7,5,7,0,8,4,0,0,20,25,0,6,33,5,0,44,6,43,5,3,9,8,13,65,67,2,7,2,47,80,3,7,0,11,536,9,24,14,2,10,14,5,20,54,55,5,73,10,23,15,16,2,14,8,9,110,1,17,1,4,4,1,54,15
"COG3096",85,155,210,220,1547,2,51,32,1020,148,274,6,519,18,187,74,32,1258,118,61,15,2,16,895,12,4,6,334,181,0,61,175,725,260,15,39,77,65,126,0,251,18,9,19,141,151,16,32,220,23,0,143,27,144,14,19,38,48,59,404,208,8,35,8,161,297,4,21,3,37,2286,32,89,41,7,31,47,16,62,166,133,17,271,29,112,70,49,13,72,33,26,484,4,135,3,14,12,5,156,73
"COG3097",16,22,52,42,271,1,4,3,193,25,69,0,68,3,33,16,4,259,27,9,2,0,1,214,0,0,0,48,32,0,14,42,92,54,9,1,2,18,18,0,34,7,0,0,30,36,3,6,76,6,1,20,5,48,4,5,15,8,3,43,53,1,10,0,30,39,3,2,0,10,404,3,12,11,2,7,11,3,13,10,34,2,48,2,9,12,6,3,10,7,3,15,2,33,0,4,1,1,48,10
"COG3098",12,25,43,40,239,1,2,4,115,26,65,2,65,3,41,222,1,226,19,6,5,0,1,169,2,2,0,60,28,0,9,37,74,48,4,5,10,12,20,0,11,3,2,3,40,31,2,8,49,5,0,28,2,47,2,5,13,8,13,34,53,1,1,2,24,44,0,1,1,10,340,3,10,8,0,4,7,2,6,22,32,2,23,4,12,4,4,2,7,5,3,40,1,14,0,2,0,1,34,6
"COG3099",20,23,37,35,225,0,1,2,199,25,51,1,53,1,41,9,11,211,30,9,5,0,2,153,1,1,0,58,30,0,10,29,91,48,1,5,10,12,27,0,24,4,0,2,26,30,1,7,46,3,1,24,2,22,3,6,7,5,8,35,51,3,6,2,17,49,1,2,2,13,364,3,14,10,1,9,14,2,12,25,28,4,37,3,11,11,5,1,7,3,6,55,0,24,0,2,7,0,45,8
"COG3100",14,38,41,47,284,3,3,2,152,19,84,1,82,1,52,173,1,210,39,7,2,0,4,152,3,1,0,62,28,0,17,36,88,59,0,9,9,11,26,0,30,2,1,2,25,32,5,13,66,3,0,24,3,25,3,3,10,6,8,35,42,2,8,3,40,26,2,1,1,6,399,4,13,15,1,7,16,2,17,23,43,3,48,4,15,6,10,2,6,4,4,57,0,18,0,5,2,0,39,4
"COG3101",13,32,45,30,212,0,10,4,233,22,65,0,80,3,42,17,7,261,28,16,4,0,0,165,1,0,0,84,31,0,10,28,140,33,0,10,4,15,13,0,36,4,2,2,27,27,6,4,31,4,0,25,3,19,4,3,3,6,4,60,53,1,4,0,33,54,1,4,3,13,421,4,14,7,4,9,4,5,10,33,30,3,68,7,32,12,11,3,8,7,10,55,1,27,0,2,3,0,34,13
"COG3102",17,26,38,36,251,0,7,10,266,26,61,0,76,2,36,12,2,208,18,17,2,0,7,154,0,0,0,76,27,0,14,33,116,66,3,6,13,17,15,0,31,4,3,2,18,32,0,7,45,4,1,27,7,36,5,3,13,11,10,70,41,3,4,0,29,40,2,2,1,4,362,7,15,13,1,11,7,2,6,37,27,3,38,7,22,11,8,3,13,3,6,81,1,28,0,1,3,2,34,15
"COG3103",697,830,719,314,663,658,659,154,1122,132,586,442,769,723,623,375,1103,1149,615,314,463,604,401,598,380,1422,1526,936,574,393,406,258,1469,1715,981,371,884,247,303,788,367,102,400,511,240,360,508,543,644,513,1690,253,398,247,506,653,211,496,251,637,268,493,401,944,1149,311,502,1116,1144,392,1498,182,258,677,450,547,1397,950,208,1259,331,989,1057,608,426,1125,156,650,230,923,378,323,902,534,1050,742,633,444,498,812
"COG3104",1845,2724,1936,543,3950,1787,703,2323,1874,3073,3324,4004,2016,1770,2804,1664,2107,2954,3453,2256,1936,3001,1916,3101,3103,1617,1678,2103,2267,2538,1631,3470,2266,1515,2409,2339,2561,1928,2380,1603,1659,3511,2574,2589,3308,2501,2224,1332,2315,2643,1524,3781,1875,2881,2462,1951,3644,1399,3437,1138,1313,2527,1491,1774,2193,3028,2000,858,303,2343,4565,1961,3219,2136,1437,1391,2199,2208,2752,1223,3389,2358,1564,996,3388,2089,3203,2128,2560,2585,1327,3531,1815,2325,1489,61,2433,2049,2866,2755
"COG3105",19,43,71,75,452,2,7,9,245,37,117,1,108,2,63,18,7,463,45,8,11,1,1,289,6,1,0,108,46,0,15,72,137,71,9,11,17,17,27,0,52,6,2,2,61,81,4,17,106,2,0,51,5,55,3,4,10,11,15,58,79,6,12,2,51,89,1,6,1,11,688,0,28,24,3,20,26,6,24,42,63,3,85,11,30,8,18,4,18,9,8,76,0,49,0,2,4,1,70,10
"COG3106",36,61,82,103,649,2,19,5,312,53,137,0,200,1,45,18,8,560,49,38,5,2,5,343,5,0,2,158,76,0,25,55,285,72,5,11,32,27,46,0,65,11,2,7,56,74,6,9,83,12,0,50,7,65,6,6,21,14,24,103,102,2,9,1,77,79,4,9,3,14,939,7,38,15,4,5,21,3,23,34,90,11,90,11,36,16,27,3,33,9,9,158,1,44,1,5,1,1,88,18
"COG3107",58,85,167,159,962,4,19,17,649,93,195,2,298,8,149,1040,21,887,74,43,12,0,5,615,4,1,0,240,208,4,46,118,387,130,15,36,38,37,124,0,147,10,4,7,108,108,16,16,113,14,1,110,17,87,6,15,26,22,23,107,127,5,26,5,90,187,6,15,6,25,1218,9,35,35,4,29,29,10,38,92,88,15,151,15,61,45,21,5,38,13,21,209,2,97,1,9,2,8,96,51
"COG3108",23,38,50,56,329,1,5,7,336,24,82,0,88,2,46,16,2,318,45,18,2,0,4,238,1,1,2,102,41,0,23,31,143,57,3,9,16,14,31,0,57,4,1,3,46,50,5,8,64,4,1,33,2,33,8,7,18,11,11,65,72,3,5,2,35,64,3,5,1,17,506,5,19,13,4,9,8,9,22,44,44,5,84,8,40,17,10,2,16,7,7,102,0,34,1,3,1,2,53,16
"COG3109",19,32,58,57,325,1,13,12,319,28,92,5,115,5,47,362,9,327,37,14,3,1,1,231,2,1,0,94,40,0,13,48,163,146,5,23,25,21,22,0,39,9,1,4,43,36,7,8,72,10,0,55,9,33,3,10,8,7,18,67,75,4,7,0,54,59,0,6,0,12,501,11,23,10,1,11,10,9,17,39,40,4,62,9,30,10,13,3,18,9,6,99,2,34,0,5,1,1,57,17
"COG3110",32,58,58,39,371,0,3,6,63,36,88,2,129,1,61,3,5,275,57,10,4,0,2,273,5,1,1,88,41,1,9,64,99,84,4,14,15,14,21,0,1,5,1,1,58,63,6,17,96,7,1,28,8,53,1,13,17,7,14,17,76,1,1,1,49,57,0,4,0,3,587,2,16,13,0,12,18,4,21,28,65,6,11,8,20,4,13,1,9,7,6,43,2,40,0,4,3,0,57,5
"COG3111",395,71,89,89,661,104,27,12,432,219,166,14,188,85,131,23,35,539,85,19,10,18,14,420,4,25,80,149,76,30,25,76,251,67,33,31,72,153,43,80,75,101,54,8,71,154,45,37,105,127,10,65,17,151,194,35,52,65,40,90,108,23,65,87,75,199,30,22,1,25,877,288,42,17,136,25,25,79,33,55,82,16,68,17,82,83,46,88,30,21,168,119,18,120,0,439,9,71,96,42
"COG3112",21,20,42,42,287,3,6,3,221,28,56,2,63,1,37,12,4,243,29,10,1,0,5,157,3,1,1,63,25,0,13,19,73,36,4,8,11,9,22,0,40,4,0,5,29,30,4,9,34,6,0,31,8,25,1,3,4,7,5,59,36,0,7,1,36,64,3,1,0,7,423,3,6,12,2,9,5,4,11,31,34,4,43,5,13,8,10,4,14,8,0,120,0,26,0,4,1,1,54,9
"COG3113",18,22,43,48,293,2,11,6,185,26,69,0,66,3,39,12,5,280,32,8,1,0,2,175,2,2,0,80,38,1,9,36,104,51,6,8,18,12,29,0,25,0,0,1,39,53,4,10,54,8,1,39,11,52,1,2,9,7,10,52,47,0,7,0,23,54,2,2,0,12,415,5,11,12,2,6,17,1,16,21,35,1,33,8,14,10,10,2,10,9,7,64,1,36,0,2,1,1,56,11
"COG3114",8,7,7,9,59,0,3,1,92,4,10,0,22,1,13,3,2,54,7,5,0,0,1,31,1,0,0,12,5,0,3,8,13,11,0,4,2,2,4,0,4,0,0,0,9,4,1,1,8,1,0,14,1,5,1,0,4,3,0,13,16,1,1,0,9,8,0,2,0,1,88,1,0,1,0,5,1,1,1,5,10,1,4,1,4,2,0,1,3,2,2,2,0,0,0,0,0,0,2,2
"COG3115",25,8,14,20,39,0,15,4,315,11,31,0,23,2,10,513,8,70,20,18,0,0,4,41,1,4,0,32,10,0,21,27,68,28,5,16,23,15,14,0,39,2,0,2,12,22,3,3,29,6,0,31,1,5,0,1,1,1,3,82,35,1,3,2,10,33,3,2,1,7,224,10,0,3,2,4,9,0,9,44,30,3,27,0,18,14,5,0,5,2,4,140,0,8,0,0,2,3,29,25
"COG3116",30,27,57,46,295,1,6,7,194,36,80,0,119,3,59,14,2,319,38,6,0,0,1,241,4,1,0,96,47,1,9,36,125,54,3,13,13,12,23,0,46,3,3,2,41,32,6,9,68,4,0,38,11,34,3,3,8,10,8,71,60,1,3,3,39,76,1,5,0,7,473,6,9,14,0,10,8,3,11,31,39,3,55,4,25,9,14,2,16,8,4,70,0,20,0,1,2,1,66,5
"COG3117",261,58,84,96,494,23,28,44,378,86,133,23,129,58,104,439,52,483,77,31,6,27,16,353,24,0,28,144,102,16,21,85,179,111,14,27,36,33,71,13,68,35,43,7,67,135,12,30,106,121,18,87,23,83,27,35,21,61,49,75,100,27,60,19,87,107,13,25,1,26,901,6,28,30,27,26,23,22,34,66,79,13,82,12,43,31,58,50,50,46,25,118,24,83,0,4,21,8,84,38
"COG3118",18,33,24,131,255,2,12,42,359,17,45,128,53,0,62,520,14,136,28,16,3,1,5,123,5,1,3,45,40,102,22,33,85,51,2,9,16,14,18,0,80,10,3,0,27,27,4,4,39,9,0,46,4,8,4,3,6,6,74,87,736,0,9,3,22,57,1,8,684,6,216,7,5,69,3,5,7,3,13,254,34,4,91,5,22,16,11,1,4,5,8,78,1,30,2,5,1,1,53,27
"COG3119",2623,20176,20149,4459,14004,10811,3721,5161,8549,22560,27232,20941,21991,16388,12093,5526,15751,9289,41108,3333,29709,19350,11502,6355,27991,10788,10917,10916,20215,9315,27278,28188,14014,12848,20049,29571,21750,23608,14351,9939,12083,15967,18138,15623,22334,31395,16598,9487,12165,18619,11787,5625,18998,24182,26828,19250,35243,9149,18026,1837,2938,23668,24291,8576,11296,20669,7230,7980,4253,18159,6400,13313,27088,19500,18508,11166,50934,14846,28548,2038,32237,17566,6156,15400,27034,10253,26306,20342,22133,20501,16883,37902,11736,20635,24311,1348,15795,3223,39957,8397
"COG3120",31,41,59,58,356,2,15,12,323,26,123,1,76,1,80,15,4,338,52,17,8,0,5,276,2,0,1,87,49,0,9,55,135,73,5,9,13,17,34,0,43,5,0,4,47,60,4,13,71,7,0,25,9,53,4,6,16,11,5,90,77,1,6,2,53,62,1,9,1,13,530,2,21,14,2,10,20,3,19,28,46,3,64,6,28,14,15,3,14,13,8,75,2,33,0,2,4,3,65,19
"COG3121",252,398,862,853,5530,22,37,51,2647,435,995,18,847,15,1073,206,65,3715,655,39,34,4,5,2267,33,1,5,852,456,5,164,497,1604,743,31,107,153,106,281,2,401,65,15,42,542,549,42,239,908,62,0,424,77,390,37,61,200,114,140,697,819,34,77,10,432,840,18,61,0,150,6363,18,172,207,13,141,154,51,173,365,722,33,505,81,263,64,150,41,135,139,23,1451,14,428,4,37,42,9,748,48
"COG3122",14,50,64,57,371,0,2,5,157,32,94,0,138,4,66,18,4,374,35,2,1,0,0,231,2,0,0,79,43,0,13,32,117,29,2,15,14,6,22,0,46,3,0,5,38,51,6,2,46,4,0,7,1,13,0,3,3,6,2,15,14,2,4,0,21,19,0,3,0,3,211,0,5,4,0,2,2,0,3,2,21,2,31,5,11,2,5,0,7,3,2,38,0,8,0,1,2,0,23,2
"COG3123",16,30,53,41,232,2,2,3,109,26,60,1,54,0,38,14,6,197,36,5,2,0,1,150,1,3,4,60,32,1,10,50,102,59,17,15,9,10,25,0,29,5,3,1,38,45,1,12,75,8,1,27,11,76,6,7,13,5,23,28,44,1,2,0,35,36,4,7,0,11,325,0,12,7,0,3,11,4,10,13,42,1,93,7,16,0,16,1,7,4,2,46,1,14,0,3,5,0,49,5
"COG3124",23,153,82,36,223,57,0,3,137,88,76,167,112,108,90,17,66,193,22,1,21,305,18,170,159,23,37,71,144,16,128,127,176,60,130,216,161,124,136,39,80,32,203,222,90,29,158,13,263,52,49,50,65,163,150,82,64,76,63,58,69,172,47,14,66,127,26,43,0,30,364,8,206,58,94,51,203,16,45,41,134,213,115,19,125,27,134,90,118,175,68,74,153,72,61,4,27,4,52,42
"COG3125",11,20,18,30,123,0,1,1,162,15,41,0,42,0,22,10,6,118,16,0,1,0,0,95,1,1,0,53,23,0,2,18,97,22,5,5,5,1,10,0,41,6,1,2,9,35,0,8,37,3,0,16,5,26,2,3,5,5,4,32,20,2,5,0,18,23,1,5,0,10,168,1,9,8,2,4,4,1,8,30,14,3,56,3,38,4,8,0,5,3,0,102,0,13,0,0,2,0,18,2
"COG3126",1,6,5,10,61,0,0,1,49,7,13,0,24,1,5,5,2,64,5,1,0,0,0,42,1,0,0,13,9,1,3,5,24,17,0,2,3,1,8,0,16,0,1,3,8,9,0,0,8,2,0,24,4,12,1,2,4,5,6,40,36,2,2,0,14,38,1,11,0,6,260,0,5,2,2,4,6,1,6,37,25,1,67,5,22,7,10,0,12,2,0,99,1,28,0,0,4,0,28,7
"COG3127",30,77,145,110,856,4,1,15,263,92,175,4,299,4,92,37,10,855,75,3,8,0,0,550,5,0,0,202,137,2,30,74,373,94,4,40,27,11,71,1,132,6,6,7,88,98,6,23,77,20,0,90,15,65,8,9,16,24,17,142,133,6,12,0,68,117,2,11,0,13,1386,4,39,27,5,25,22,8,39,93,81,14,132,22,53,8,40,1,35,17,9,136,1,64,1,6,7,1,90,9
"COG3128",18,34,62,67,417,0,2,8,123,38,102,2,111,1,62,15,5,323,51,0,5,1,0,267,3,0,0,91,54,1,9,50,163,48,4,13,12,12,28,1,30,6,2,3,40,40,1,15,57,9,0,54,8,33,2,3,11,10,13,5,81,1,10,2,35,36,0,4,0,7,604,0,15,14,3,13,21,8,15,11,68,2,59,11,19,4,20,4,13,8,3,12,1,38,0,4,8,1,47,1
"COG3129",22,592,200,59,454,98,5,14,79,238,310,83,351,40,235,13,29,345,741,16,196,57,80,216,320,14,68,105,220,6,108,406,166,183,39,221,250,186,134,28,77,35,81,46,113,364,21,91,92,129,67,41,168,299,167,193,779,23,188,64,95,24,141,32,50,142,20,26,1,56,559,23,84,319,134,100,312,46,532,36,347,95,74,224,77,29,259,88,161,93,252,814,66,285,222,12,78,3,692,16
"COG3130",5,9,16,18,110,0,2,0,3,12,22,0,21,0,21,1,0,94,9,2,1,0,0,52,0,0,0,26,20,0,0,14,17,12,1,5,4,3,4,0,0,0,1,1,9,13,2,5,18,4,0,11,1,14,0,2,3,3,2,0,20,1,0,1,11,9,0,2,0,1,164,0,2,2,0,5,5,2,3,6,14,3,3,1,2,0,1,0,5,3,1,6,1,11,0,1,0,0,15,0
"COG3131",65,126,223,214,1374,4,4,22,386,122,350,3,408,7,224,50,23,1227,139,5,13,0,2,771,7,42,58,332,175,0,43,201,516,284,30,46,63,30,118,2,169,15,9,15,141,167,4,51,235,21,1,162,30,130,320,13,41,57,62,202,260,6,14,4,147,146,6,23,0,28,1976,2,62,49,2,48,56,19,77,122,191,12,207,38,78,99,71,12,50,36,9,380,1,131,1,9,8,5,209,22
"COG3132",18,26,60,50,442,2,1,7,112,31,83,1,81,3,59,10,6,327,50,2,7,0,0,265,5,0,0,96,42,1,16,31,181,54,7,11,16,12,22,0,46,6,1,3,44,53,6,19,51,4,0,44,9,36,0,4,16,8,8,53,84,5,6,1,35,54,1,5,0,6,588,1,9,9,1,20,6,2,16,27,52,3,50,8,23,5,18,7,17,9,2,49,1,37,0,3,3,1,38,3
"COG3133",17,24,33,29,352,0,11,5,172,15,56,1,71,11,36,13,5,185,34,12,1,30,1,154,0,13,2,58,23,3,15,29,195,59,2,7,10,14,21,0,19,5,2,2,39,41,115,6,72,4,0,21,9,33,1,5,14,42,30,43,43,2,7,3,28,19,13,25,3,10,308,6,12,5,1,4,9,4,10,22,26,4,39,4,14,14,8,3,9,5,3,54,3,19,0,1,40,2,41,11
"COG3134",28,35,49,53,383,2,1,6,107,34,85,1,92,1,50,8,3,319,40,3,3,0,1,225,1,0,0,78,42,0,11,40,127,62,2,11,6,6,26,0,42,1,3,2,45,47,6,8,67,5,0,32,7,28,4,3,10,9,8,41,70,2,8,1,53,32,0,3,0,8,485,3,14,16,1,12,18,3,21,28,37,1,49,4,22,8,15,6,11,3,0,92,0,30,0,2,2,1,48,5
"COG3135",1,2,18,17,81,1,1,0,115,7,23,0,24,2,20,14,3,93,4,0,1,0,0,101,1,0,0,28,16,1,4,16,103,10,2,2,0,4,11,0,54,2,4,4,2,17,1,3,8,0,0,6,3,4,5,0,0,2,1,42,6,0,1,0,5,19,2,3,0,0,127,0,6,2,0,5,5,1,5,22,3,1,61,3,15,3,4,11,7,3,1,42,1,11,2,0,0,1,21,3
"COG3136",16,19,37,23,170,0,0,2,40,10,43,1,33,2,40,5,0,148,25,0,3,0,1,121,1,0,0,37,22,0,4,24,88,38,2,7,5,5,14,0,10,2,1,0,20,31,2,7,44,3,0,19,4,13,2,3,11,5,9,29,41,3,1,1,15,22,0,2,0,7,280,0,7,10,1,2,8,3,8,8,15,0,15,2,8,1,7,0,9,8,1,58,0,10,1,0,1,0,32,0
"COG3137",11,11,27,37,245,0,2,4,112,18,56,0,51,1,43,15,4,207,28,3,1,0,0,125,1,1,1,50,36,0,7,52,110,37,3,12,6,7,26,0,44,5,2,0,32,26,0,7,41,5,0,21,1,20,3,5,14,5,6,49,56,2,5,0,24,25,0,2,0,12,339,0,9,13,2,10,9,1,11,38,24,5,49,9,19,2,5,5,7,5,1,82,2,21,0,3,1,1,35,1
"COG3138",13,37,47,64,391,0,2,8,220,37,72,2,134,2,52,23,4,319,26,3,5,0,0,218,2,0,1,106,34,0,15,65,179,70,6,12,10,14,44,0,94,6,1,2,48,45,3,10,65,6,0,51,10,27,5,1,10,10,19,123,60,1,17,1,34,67,2,6,0,8,511,1,16,16,1,7,7,2,18,47,46,3,89,14,17,3,11,3,20,10,2,93,3,33,0,3,4,0,43,7
"COG3139",11,18,32,17,192,0,0,3,77,17,58,0,51,0,27,10,6,179,22,1,0,0,0,122,0,0,0,47,14,0,2,31,78,41,1,6,8,8,19,0,24,3,0,0,33,28,1,5,51,3,0,14,4,14,1,3,10,10,5,21,38,0,6,1,29,22,0,3,0,9,279,2,9,5,0,5,12,2,10,19,18,5,36,6,14,1,15,2,6,5,1,35,0,26,0,2,2,0,29,0
"COG3140",10,11,16,8,95,1,4,3,112,6,34,0,22,1,23,4,3,76,11,8,1,0,1,45,0,1,0,26,14,0,7,10,33,16,0,6,4,6,5,0,14,2,0,0,13,14,0,5,14,2,0,10,2,9,2,2,3,3,4,20,17,0,1,1,15,13,0,2,2,5,141,2,3,4,0,5,4,1,4,10,13,1,7,2,5,8,2,1,2,1,0,19,0,12,1,1,0,0,22,4
"COG3141",4,4,18,14,81,0,0,0,19,6,19,0,20,0,20,1,0,71,11,0,0,0,0,57,0,0,0,15,7,0,3,14,33,15,0,2,4,0,4,0,8,2,0,1,7,9,0,2,18,2,0,13,4,29,0,8,10,4,6,30,62,0,2,0,21,31,0,2,0,5,277,0,12,11,2,6,6,1,12,8,30,2,20,2,9,2,10,5,13,6,1,51,0,14,0,2,0,1,43,0
"COG3142",768,890,1158,1038,658,761,1126,483,834,802,1169,1069,961,924,706,697,908,788,1052,453,830,699,452,922,908,792,592,794,1149,592,850,1105,595,602,1031,733,1096,1007,803,670,768,943,1107,1052,1176,1207,657,1174,740,969,823,589,1037,896,825,849,993,542,1124,1413,556,990,756,959,1231,1123,868,729,442,1306,581,1429,1133,966,704,1281,1579,970,1099,1149,1055,857,589,949,1212,850,1198,1315,1001,1401,794,1172,601,1144,963,917,677,392,1038,901
"COG3143",18,36,61,64,444,1,2,7,5,41,104,1,138,3,65,411,5,381,42,2,4,1,0,235,2,1,1,93,46,1,4,49,132,65,1,14,17,7,23,0,0,4,1,2,45,56,6,8,73,7,0,34,11,47,1,4,15,6,15,41,63,1,4,2,52,29,1,8,0,4,640,0,23,11,0,13,18,2,14,18,48,3,13,13,15,2,16,2,20,19,1,102,0,40,0,3,3,0,51,0
"COG3144",165,64,104,91,495,193,390,260,570,44,204,67,443,127,233,240,42,616,84,47,46,117,272,260,81,468,361,520,487,377,213,67,587,147,159,69,337,121,159,281,25,91,94,367,63,116,144,182,206,6,699,55,137,88,126,242,29,377,32,24,89,148,249,141,597,46,158,59,0,26,627,79,32,49,71,86,1108,21,42,230,125,627,241,468,35,450,47,164,64,61,605,168,38,231,66,6,138,78,63,272
"COG3145",14,23,55,53,397,4,0,10,223,19,81,0,102,2,50,13,4,306,26,2,3,1,0,248,0,0,0,74,63,0,8,40,137,50,0,3,7,8,20,0,37,8,2,5,25,29,1,11,45,1,0,32,6,26,11,4,15,11,7,26,62,1,3,0,29,51,1,3,0,6,496,0,5,10,3,11,11,5,16,22,46,4,47,4,21,6,15,3,14,8,2,72,2,33,0,1,3,0,54,1
"COG3147",8,12,15,21,157,0,1,1,101,13,21,0,40,2,31,10,4,155,13,0,0,0,0,118,0,0,0,35,18,0,4,23,97,24,3,4,8,2,11,0,32,2,2,0,11,24,1,6,27,5,0,17,3,12,5,3,4,8,7,36,21,3,3,1,18,34,0,4,0,3,241,0,7,4,0,8,5,3,7,30,11,1,53,4,6,2,3,0,10,5,1,53,0,21,0,2,1,0,12,2
"COG3148",8,16,28,44,166,2,2,2,84,15,31,1,43,1,23,6,2,186,33,0,1,0,0,133,2,0,0,59,71,0,33,46,103,65,4,15,8,3,17,0,27,3,2,3,27,27,4,6,64,5,0,29,3,14,4,0,5,6,17,45,54,2,4,0,15,45,0,1,2,16,424,4,12,15,0,9,13,0,18,36,21,1,37,6,14,4,11,1,7,4,1,95,1,28,0,2,2,0,40,1
"COG3149",10,6,21,29,169,1,0,1,75,16,33,0,60,0,30,7,2,146,25,0,1,0,1,116,2,0,0,38,17,0,8,31,79,38,1,3,6,6,13,0,33,2,1,2,37,22,0,4,52,8,0,33,3,8,1,4,9,6,12,4,37,1,1,1,19,49,2,2,0,1,18,0,11,6,0,6,4,3,13,47,20,1,24,3,15,1,8,1,2,2,0,69,0,8,0,1,1,0,37,2
"COG3150",306,75,193,124,860,23,20,45,327,125,205,24,247,144,146,402,62,757,90,99,57,24,187,550,23,25,178,228,120,630,22,105,294,137,338,37,44,61,236,16,290,46,142,36,220,868,224,37,181,94,36,126,16,140,63,54,25,79,42,92,182,148,52,120,209,124,125,27,1,65,1275,7,266,28,27,66,36,46,74,89,115,68,148,52,587,146,72,430,52,64,179,214,39,112,8,6,22,17,129,146
"COG3151",21,30,70,53,338,4,3,5,135,48,102,3,108,2,56,11,4,313,43,2,6,1,0,231,1,0,0,77,43,0,16,50,145,68,2,17,11,5,29,0,41,3,3,2,59,62,1,11,83,9,0,53,8,43,2,4,13,5,8,42,75,6,4,0,45,60,2,6,0,20,564,1,26,17,0,16,18,5,19,53,58,4,62,8,30,3,18,2,13,8,1,108,0,37,1,2,4,0,71,10
"COG3152",615,509,426,303,1015,165,67,844,651,739,832,449,265,195,416,653,228,870,346,106,221,93,311,1723,314,490,331,304,282,614,275,496,264,273,122,276,255,427,277,335,827,157,109,65,252,393,150,202,536,292,134,654,168,282,209,271,577,83,261,1551,1101,128,263,217,760,425,739,126,1226,312,1389,174,204,288,204,165,537,474,720,327,560,148,353,130,290,94,279,138,191,210,493,680,177,359,362,849,189,89,494,82
"COG3153",249,539,459,249,604,543,263,167,904,703,373,263,464,464,351,512,539,634,906,69,494,577,348,279,973,459,440,434,626,169,330,938,394,720,822,575,610,281,645,318,772,267,538,859,715,1128,268,485,378,401,738,309,658,664,396,426,786,258,524,378,266,705,282,226,604,639,209,336,155,717,963,432,505,416,283,429,1171,418,564,221,742,778,423,314,409,314,572,401,735,346,359,1022,328,586,496,179,344,109,998,235
"COG3154",17,37,59,56,348,0,5,4,189,41,87,4,106,0,54,23,7,361,49,2,4,0,0,254,2,1,0,80,42,1,7,61,135,69,8,19,13,3,35,0,36,6,0,2,43,56,4,11,70,10,0,52,7,72,4,4,11,8,14,63,58,2,4,1,39,89,4,11,0,18,519,0,11,12,0,12,17,1,15,46,47,10,71,9,36,4,13,5,24,7,1,88,1,39,0,1,5,2,51,7
"COG3155",5,20,33,28,134,8,2,3,135,18,27,34,54,2,19,23,9,184,21,2,4,3,1,84,14,27,27,54,19,7,12,31,93,40,10,7,31,3,59,2,95,5,0,1,18,20,2,6,84,9,8,27,5,22,112,3,2,21,15,61,38,2,6,12,15,79,0,39,0,5,230,0,8,22,3,30,10,0,6,57,26,4,68,5,9,22,8,1,9,3,0,91,8,24,0,2,3,1,31,2
"COG3156",15,56,46,112,1097,1,1,3,135,65,243,0,334,6,40,11,11,734,29,4,6,0,1,678,3,0,0,106,94,0,16,124,336,71,2,19,16,23,66,0,59,7,2,2,68,62,8,10,128,9,0,48,16,49,5,8,35,26,26,3,40,11,4,1,75,113,2,12,0,6,1281,1,32,9,0,3,43,4,17,24,11,4,55,16,37,8,24,8,37,8,7,95,1,21,0,8,3,1,46,4
"COG3157",59,94,153,259,1393,7,5,9,343,50,200,4,70,6,311,57,26,904,262,8,10,3,9,682,13,3,5,160,142,4,27,507,322,446,14,40,37,51,96,4,70,20,6,11,305,186,15,55,683,23,3,135,22,103,27,24,72,21,67,118,340,7,18,7,106,557,9,15,1,50,1958,10,62,30,10,38,99,25,44,113,419,13,330,26,77,18,40,11,28,23,15,702,12,135,0,8,10,5,441,13
"COG3158",85,150,460,497,2285,440,322,2078,473,721,291,690,283,13,820,1549,183,1153,149,1692,72,81,1426,2685,76,650,519,334,287,1593,86,193,596,262,78,40,57,41,365,354,841,883,69,106,191,192,875,244,465,1297,12,3501,82,165,17,105,47,425,1015,1137,7559,56,39,625,1420,296,1139,446,2499,1758,2254,1697,73,1115,54,40,62,54,97,3220,174,47,581,80,99,762,40,47,57,73,12,275,57,502,79,2339,980,1653,214,1422
"COG3159",41,35,43,46,240,1,6,11,165,29,43,27,87,7,29,13,41,229,21,9,2,0,5,128,2,1,42,99,28,0,4,63,144,49,3,22,21,42,25,18,23,1,2,2,45,37,4,4,31,6,21,36,4,31,30,33,7,13,12,86,44,24,10,1,23,64,6,6,0,4,380,5,35,9,2,38,17,37,11,61,26,7,24,5,28,19,68,1,13,11,3,85,18,57,0,0,4,1,56,23
"COG3160",28,47,60,88,391,2,6,6,234,42,88,0,95,1,60,362,4,399,56,2,3,0,0,282,2,0,1,105,53,2,13,55,148,67,9,12,13,7,23,0,52,12,2,4,80,82,2,16,83,7,0,46,6,62,2,4,11,14,11,55,67,4,6,0,45,99,2,9,0,16,683,1,19,15,2,7,22,10,30,64,46,2,104,4,29,6,26,4,9,7,2,122,0,39,1,4,3,3,70,8
"COG3161",24,41,80,63,467,0,2,10,132,48,96,1,138,7,56,11,8,405,65,1,4,1,2,286,4,0,0,131,46,0,9,58,180,163,5,9,16,8,31,0,44,3,5,1,67,74,2,12,85,6,0,47,15,47,2,7,15,17,11,45,71,2,4,1,47,89,2,14,0,10,725,1,13,20,1,19,19,2,13,23,67,9,59,6,25,9,15,8,19,11,2,76,1,39,0,1,7,0,47,2
"COG3162",11,30,53,53,224,1,3,3,107,20,80,1,90,0,41,18,6,274,43,3,2,0,0,188,2,0,0,75,36,0,8,33,96,50,4,6,10,5,16,0,33,3,1,1,41,34,2,13,55,6,0,30,3,30,5,5,9,3,8,30,53,5,8,0,20,43,2,5,0,12,373,1,23,12,1,16,16,5,8,26,47,5,38,2,15,4,14,1,14,10,4,53,1,29,1,2,4,2,53,0
"COG3164",1143,154,305,329,1596,79,120,179,647,344,418,119,491,225,365,163,350,1716,200,75,25,92,58,1137,85,1,146,595,447,61,63,345,871,468,17,145,135,114,239,69,291,136,168,20,257,457,39,64,376,551,122,388,79,297,167,188,49,266,209,273,339,133,265,49,241,413,59,123,0,51,2907,16,138,101,149,176,102,190,130,248,230,75,350,67,148,86,288,248,252,185,124,445,148,324,1,26,88,24,285,69
"COG3165",27,50,94,87,434,1,4,9,155,55,110,2,151,5,58,21,8,428,48,2,3,1,1,273,3,2,0,138,46,0,17,58,176,84,11,25,13,8,29,0,53,5,4,4,80,76,6,14,105,8,0,81,7,57,4,5,10,10,21,57,84,1,15,4,49,87,1,9,0,9,810,0,26,16,0,21,25,2,21,57,51,9,71,11,37,8,19,5,18,20,3,90,3,45,0,1,4,6,75,4
"COG3166",23,31,49,49,289,32,0,6,9,60,69,1,103,2,57,4,4,275,83,5,13,12,35,203,31,9,53,89,71,0,22,42,103,61,1,28,41,23,107,65,3,4,45,2,95,73,5,13,152,13,20,64,29,47,19,8,25,5,55,8,58,14,20,6,37,39,1,5,0,6,533,4,54,23,13,60,31,14,50,23,69,14,2,21,21,17,45,14,30,35,6,68,4,65,1,8,24,1,111,17
"COG3169",130,439,466,48,306,413,110,221,247,562,526,655,325,440,565,230,549,157,727,528,399,546,605,49,590,426,399,321,556,390,549,736,396,231,638,492,615,848,525,461,263,822,532,524,809,634,525,308,670,782,328,777,599,640,629,530,827,361,459,15,67,753,375,411,277,642,442,167,106,555,5,236,724,490,631,339,503,562,538,60,827,523,278,297,894,563,814,719,593,858,426,515,654,547,463,22,564,331,591,778
"COG3171",24,51,52,51,353,3,12,5,267,44,89,1,108,2,58,15,8,304,40,13,11,1,1,230,5,1,0,89,36,0,13,43,119,66,5,13,14,19,29,12,42,7,2,0,61,64,7,11,85,12,0,29,12,47,2,8,11,10,22,77,50,4,12,2,41,55,3,7,0,15,525,3,22,18,1,7,17,3,20,32,47,2,46,8,20,13,14,3,12,9,4,78,0,47,0,2,3,4,53,15
"COG3172",20,62,107,76,480,196,33,7,404,44,115,19,104,4,71,45,14,396,78,15,6,0,8,343,21,2,4,111,55,7,28,184,197,157,26,22,16,22,43,36,85,11,10,6,99,75,8,16,250,79,139,31,13,47,17,15,26,17,45,856,401,4,19,47,67,205,10,376,31,22,848,6,54,34,13,16,29,9,25,177,54,8,137,14,53,14,36,4,28,19,10,192,9,49,4,223,2,4,177,22
"COG3173",18,18,9,228,732,110,19,4,54,12,15,116,6,27,47,323,11,33,43,1,49,41,13,0,58,55,139,34,38,12,11,13,23,219,68,62,167,9,81,39,99,1,41,21,65,151,18,8,53,18,79,54,14,94,4,102,64,33,57,381,168,50,6,22,60,105,38,288,21,6,1487,8,18,102,16,32,21,38,127,4,16,7,180,26,4,48,7,19,10,69,5,5,60,28,84,16,11,18,121,82
"COG3174",107,1136,995,47,150,435,43,48,238,1424,588,1063,991,798,472,40,1431,245,1356,59,1264,912,464,13,1538,390,308,236,758,107,988,1651,541,259,1090,1888,1780,1597,524,369,606,317,902,955,1342,1282,509,319,616,657,604,91,892,1309,958,1100,2134,220,889,9,87,1346,916,126,317,592,98,283,105,559,4,400,1625,977,1284,700,1428,567,1800,62,1918,1147,216,617,1457,566,1870,1445,1251,1529,999,1819,724,906,914,46,652,90,1319,347
"COG3176",321,2292,2151,213,1441,2114,1281,1855,1641,3107,2846,2645,1807,2049,2685,3592,2368,933,2860,5464,2175,2536,3122,3150,2445,2058,2231,1398,2738,2108,2480,3474,1410,1137,1973,2268,2514,3921,2951,2333,1481,4093,2380,2247,3608,3067,3449,2063,2258,2847,1483,5043,2148,2598,2310,2525,2960,2122,2799,154,323,2990,2008,1666,3368,3711,2687,665,412,5011,23,4372,3416,1932,2333,1534,2305,2149,2845,309,3144,2323,1706,1572,3694,2124,3495,3844,2363,3456,1864,2558,1730,3146,2184,76,3376,4032,2013,2520
"COG3177",2482,4068,4473,2426,2726,4626,4055,4517,2096,3070,2730,5153,3770,3607,5731,9145,2658,2205,3002,3608,3387,3275,6464,4249,5085,4271,4658,3588,3143,4530,4567,2726,3152,4482,5196,2598,2410,4935,4621,6118,2378,5422,4404,4030,3995,5831,3517,4165,3468,2613,5426,3789,5935,3660,3578,6102,6202,3405,2893,2344,6668,4366,3204,4825,4609,5934,5002,3116,4603,9650,596,5004,5156,3417,4024,3705,4558,5379,2599,3369,3297,3767,5014,2714,3832,3834,2386,5184,5054,5757,3956,1538,8680,2484,4545,3656,3222,6879,4326,3923
"COG3178",487,718,1194,110,290,918,540,1025,309,1963,1051,1314,1009,1150,1025,2648,1377,387,1196,2294,1029,1245,1986,1750,1339,853,1070,690,1375,1217,1489,1895,843,490,1041,1987,1650,1727,1196,867,816,1939,1593,1323,1524,1464,1672,711,962,1836,560,3517,1191,1369,1219,1113,1212,889,1484,13,144,1453,1182,943,2162,1600,1304,364,199,2521,2,2484,1701,884,1245,923,1129,1154,1780,79,1836,1308,535,734,1519,1197,1868,1281,1525,1832,859,811,879,1519,1175,50,1571,1977,1285,1300
"COG3179",8,3,48,1,319,90,0,3,233,4,1,1,2,4,439,1,3,11,5,1,34,1,0,0,20,58,1,18,1,0,9,2,34,0,12,9,14,18,3,537,0,0,0,0,186,3,258,0,1,3,1,680,0,2,0,6,0,69,0,6,13,1,1,2,14,5,367,2,0,0,20,0,0,0,3,16,0,0,13,1,0,8,3,2,116,6,12,2,5,1,15,85,0,35,0,2,1536,0,0,2
"COG3180",26,66,58,60,263,98,0,10,73,61,89,6,57,27,146,24,24,243,153,14,48,40,91,173,69,45,117,90,125,56,71,88,145,123,21,93,74,53,252,149,209,42,122,49,116,125,44,23,364,25,50,106,89,105,106,23,94,38,174,56,62,53,61,18,74,78,7,12,0,43,436,14,101,38,29,202,80,58,141,10,113,53,46,18,87,35,184,56,75,159,27,40,23,135,2,7,64,7,435,45
"COG3181",142,241,143,11,29,198,124,184,180,141,154,92,289,243,96,51,197,198,60,122,207,128,146,124,131,202,178,208,190,121,93,264,122,130,155,218,159,152,285,184,172,85,186,148,183,267,97,144,243,292,341,257,609,440,742,621,229,590,307,112,54,350,631,391,400,488,517,454,178,260,1113,362,611,963,604,1097,397,498,230,496,228,383,711,1255,401,258,794,417,691,554,674,559,489,854,361,842,357,350,794,209
"COG3182",265,630,804,20,193,359,239,174,529,811,1457,908,484,544,304,106,912,423,1429,27,667,794,288,41,642,515,309,843,1086,916,1241,1248,435,303,674,1151,1136,1033,483,271,520,1032,819,670,1044,787,400,451,526,925,382,194,682,627,742,533,757,416,1042,318,168,753,579,701,334,985,182,140,161,797,1,263,847,481,631,412,731,393,1089,136,1101,515,228,617,1331,497,569,755,854,969,442,988,468,975,545,37,401,70,744,316
"COG3183",60,26,4,14,1340,51,245,1,13,190,23,30,10,37,51,99,5,360,241,86,9,29,36,448,52,308,160,241,70,11,18,62,214,3,6,20,27,2,39,558,148,10,132,4,121,15,13,192,105,9,76,32,316,213,40,61,174,167,205,68,167,18,18,72,69,51,55,11,0,11,2502,1116,15,0,48,37,26,22,61,64,119,109,15,14,531,87,91,597,265,143,47,13,18,29,3,48,80,9,8,344
"COG3185",0,0,0,8,0,0,1,0,159,5,5,0,1,0,0,25,3,22,1,0,0,0,0,0,0,0,0,7,1,0,8,6,92,0,2,0,0,3,11,0,88,0,0,0,1,9,0,1,3,1,0,16,0,1,7,0,0,0,0,44,3,1,3,0,0,32,1,2,0,6,0,0,0,0,1,1,0,0,1,16,0,0,75,0,13,3,1,0,0,0,0,0,0,2,0,0,0,0,0,2
"COG3187",285,360,793,147,337,324,173,121,560,743,908,957,647,709,548,141,745,505,935,185,672,793,429,190,708,770,320,640,686,696,851,903,457,230,667,856,744,1332,430,527,445,957,793,708,1444,1018,362,524,442,860,364,411,675,656,613,591,1178,297,562,43,106,1011,639,753,400,907,215,166,155,812,404,430,972,558,695,399,690,642,859,117,1067,690,181,413,1267,669,1137,844,732,1221,563,670,403,726,785,26,517,49,995,623
"COG3188",496,946,2681,2033,12762,36,87,161,3754,1149,2012,28,2026,50,2564,404,155,9086,1580,78,87,3,23,5799,81,6,8,2438,1161,7,298,1188,4609,1500,76,296,329,232,734,6,1011,131,65,72,1446,1141,98,486,1669,167,5,1135,204,808,84,128,464,278,333,1708,2037,65,145,16,1007,1704,21,159,1,305,15712,35,414,472,36,377,386,116,451,1084,1772,115,1025,226,608,156,374,85,342,338,41,3846,23,1112,9,67,82,20,1687,93
"COG3189",84,416,434,105,568,207,65,393,293,331,278,373,483,360,542,101,240,415,778,64,416,265,179,307,445,314,196,229,259,200,460,494,398,209,197,455,386,514,511,442,194,371,311,247,476,679,351,270,473,230,253,74,522,559,548,495,756,359,267,48,252,388,391,60,151,331,129,175,250,231,325,188,442,426,473,161,517,288,471,343,484,343,177,279,652,190,504,393,458,438,327,775,447,345,442,15,265,42,501,106
"COG3190",8,13,35,16,194,0,1,0,1,17,27,0,77,2,21,1,0,108,14,0,3,0,0,97,0,0,0,45,19,0,2,21,56,33,0,9,6,1,14,0,1,0,0,1,13,13,1,2,23,4,0,5,3,11,1,2,10,7,5,31,29,1,1,0,10,15,0,4,0,1,232,1,7,3,0,6,3,0,6,11,17,2,1,5,7,0,12,0,12,2,0,37,0,13,0,2,0,0,25,1
"COG3191",490,365,408,1142,234,357,937,773,552,196,246,292,433,332,353,215,474,624,159,152,261,169,393,316,207,519,238,581,484,539,197,132,384,595,756,295,249,104,243,307,528,130,424,373,353,270,233,771,284,212,74,18,171,98,140,105,52,179,61,78,220,128,115,145,65,72,107,240,311,67,79,68,57,113,125,322,37,119,24,258,14,87,91,183,68,91,67,73,152,111,42,49,128,83,107,129,93,113,144,58
"COG3192",203,347,302,254,371,60,150,109,335,88,102,79,219,68,159,46,133,376,90,64,161,71,35,340,62,43,97,121,167,127,102,82,161,206,283,190,162,37,195,94,242,50,185,101,70,366,35,23,133,101,60,154,82,295,166,47,152,96,108,23,152,69,122,69,75,172,97,557,178,83,717,28,59,95,75,207,116,79,150,257,144,64,131,73,85,43,234,82,122,269,42,39,89,165,124,42,86,53,341,26
"COG3193",126,156,432,1016,328,59,514,181,358,95,167,51,178,44,71,29,110,604,91,40,25,52,101,278,52,43,63,100,113,55,80,146,214,179,112,95,120,38,89,66,156,54,259,70,90,179,37,177,147,102,90,127,122,264,66,51,82,67,29,690,363,45,107,60,56,124,36,27,71,182,506,55,48,141,53,161,100,58,101,305,66,46,111,178,68,38,163,74,69,104,65,156,73,135,174,64,39,103,385,57
"COG3194",5,16,26,26,147,0,0,7,2,26,30,1,54,0,31,3,3,165,16,0,1,0,2,87,1,0,0,37,15,0,4,15,99,33,0,5,4,3,17,0,46,2,0,0,27,26,0,2,39,3,0,10,3,9,0,3,4,4,5,3,27,1,0,0,23,16,0,4,0,2,252,0,7,5,0,8,4,0,6,1,25,5,3,3,3,4,11,1,10,3,0,6,1,19,0,0,1,0,20,3
"COG3195",0,0,0,1,0,0,1,0,91,1,2,0,1,0,0,6,1,8,0,0,0,0,0,0,1,0,0,4,0,0,3,0,42,1,1,0,0,2,3,0,30,1,0,0,0,3,0,0,3,0,0,4,0,1,0,1,0,1,0,29,1,0,1,0,0,5,0,1,0,1,0,0,0,0,1,0,0,1,0,3,0,0,31,0,4,0,0,0,0,0,0,0,0,0,0,0,0,0,1,0
"COG3196",2,43,59,18,210,46,16,43,18,45,72,13,68,52,52,9,60,195,17,7,97,44,14,2,19,25,33,49,27,55,50,17,61,22,12,20,19,22,55,33,18,13,39,34,22,48,18,38,50,32,52,11,348,94,230,135,43,295,51,124,11,99,270,270,104,59,34,55,2,102,826,33,130,137,57,422,43,121,86,202,21,72,106,97,70,73,53,58,278,98,78,66,82,233,1,159,41,22,105,59
"COG3199",3,24,23,0,12,67,5,0,5,25,7,9,15,68,7,5,0,4,26,0,14,14,3,2,17,10,10,9,6,22,16,44,12,71,69,26,14,4,5,8,37,0,8,26,10,86,2,0,19,60,10,2,8,8,10,11,18,4,8,2,1,11,6,26,20,15,14,23,0,6,227,0,48,9,5,7,16,14,0,0,1,12,8,2,1,4,22,2,8,35,0,53,2,14,1,13,5,0,132,6
"COG3201",971,438,751,218,821,934,370,1057,775,993,420,995,763,890,1008,607,638,571,1308,1576,586,981,792,772,787,709,806,447,987,479,719,1134,735,529,1518,727,848,1397,1308,3575,1463,1325,990,770,1079,1046,1097,1951,1040,920,831,1111,854,981,1181,707,1257,891,781,349,1103,859,582,450,337,548,1152,594,378,721,796,449,1208,1012,903,494,763,648,760,576,1084,840,434,526,1113,746,1182,891,1057,1082,649,1899,648,1299,727,210,1341,1112,1036,925
"COG3203",6016,273,360,458,3884,317,369,486,1913,891,807,417,660,991,907,1936,816,2545,534,298,35,194,239,1536,204,5,590,894,699,147,106,710,1262,765,36,484,362,376,444,447,426,448,420,28,536,943,75,144,951,1336,285,757,157,1161,887,384,90,597,745,596,598,438,885,221,767,717,228,260,6,114,4522,71,704,128,491,392,165,414,270,598,522,154,596,148,358,259,1391,972,445,522,471,887,646,1072,1,37,210,66,643,206
"COG3204",20,33,107,47,340,0,3,7,8,36,71,1,104,2,66,2,4,279,32,1,3,0,0,192,1,1,0,76,34,0,4,43,142,48,3,7,14,6,11,0,2,2,1,3,57,38,1,7,54,10,0,13,1,14,0,3,4,2,2,1,36,1,0,1,11,12,0,2,0,2,108,0,7,2,0,4,4,2,11,1,30,2,0,1,1,1,1,0,1,2,1,0,1,9,0,2,1,0,8,0
"COG3206",485,1154,2092,468,2543,1520,1134,2635,1235,3387,1328,1528,2247,1916,1831,2100,2950,2400,1431,2382,2287,2671,2385,3868,1515,1654,1557,1122,2177,1296,2220,3125,1794,760,1201,2502,2885,2488,1639,1642,1140,3203,3041,1327,2419,1740,1452,995,1375,3528,844,4857,1508,1776,1466,1521,1873,1244,3124,546,386,1755,1860,890,3402,3098,1805,601,918,4086,3235,4402,3936,1319,1831,878,1133,2026,2279,223,2097,1784,1118,1360,3611,2568,1953,1685,2203,3217,1234,2319,1471,2896,1326,1229,2211,4122,786,3005
"COG3208",20,39,136,12,44,8,101,18,26,30,14,112,14,12,80,11,50,199,80,3,45,34,98,0,22,80,49,54,46,49,15,106,41,22,58,25,23,62,67,21,111,16,22,27,54,63,3,7,193,53,7,101,25,156,23,14,61,6,95,217,81,76,7,33,18,94,22,99,2,12,262,118,44,81,116,82,493,115,20,0,53,11,15,16,18,48,32,215,46,23,0,12,20,66,0,96,33,9,203,30
"COG3209",1636,5670,4908,1613,14964,6803,3332,2303,1088,7946,2790,2242,14110,4125,5146,2755,8249,8330,2843,12018,7101,9602,3765,17060,4986,4202,8635,5878,6246,1381,3905,4088,9578,2995,4493,7491,9596,2896,9738,1568,5430,4653,3858,3305,6235,2186,4979,16048,5111,8120,4909,12317,7426,5168,7581,6678,4690,2903,6499,2083,2378,3037,2435,3274,3434,4244,2940,5102,2005,1288,14475,5638,4476,4739,3408,1928,9725,3142,4682,2664,7185,5827,3234,4101,6348,3496,2498,12814,9626,9866,3095,6349,6797,3184,5299,914,26122,2903,3825,2635
"COG3210",706,403,262,17,332,318,221,610,556,283,184,425,349,109,221,1086,116,211,921,46,637,117,125,482,254,211,571,102,518,124,399,576,258,983,286,716,444,66,808,107,150,776,427,276,309,1193,139,298,953,764,146,1540,124,436,467,369,392,110,579,734,289,289,154,248,509,584,1172,713,389,200,913,211,219,313,140,264,607,191,289,41,224,133,782,240,467,326,1164,299,106,853,282,258,179,602,61,53,206,24,2821,249
"COG3211",0,0,1,2,0,0,0,1,0,8,0,0,0,0,0,0,0,439,0,0,0,0,0,0,0,0,0,8,0,0,0,0,0,0,1,0,0,0,17,0,117,2,0,0,4,0,0,0,1,2,0,1,1,1,0,1,0,0,0,126,0,0,0,0,1,9,1,0,0,0,0,0,0,0,0,0,0,0,0,52,0,0,0,0,8,10,0,0,1,0,0,194,0,1,0,0,2,0,0,16
"COG3212",124,18,85,273,88,234,27,570,319,205,95,46,94,44,179,54,36,22,37,24,32,152,61,167,59,130,131,90,67,83,30,33,140,288,78,41,136,158,37,187,45,121,236,37,11,62,169,64,50,221,148,24,91,57,43,108,104,211,23,113,536,24,8,120,138,275,45,135,25,57,138,333,43,41,155,85,366,93,156,369,50,11,159,212,68,82,35,45,51,13,237,250,69,86,26,800,120,119,76,34
"COG3213",22,0,1,0,0,0,17,7,256,0,3,0,4,1,0,1,1,0,0,26,0,0,5,0,2,1,5,4,0,0,15,0,0,0,0,2,11,19,0,0,0,0,1,0,0,0,7,1,0,0,0,1,0,2,0,2,0,0,0,41,1,0,5,0,16,4,1,1,5,7,0,13,2,1,3,0,1,0,0,5,1,1,0,1,4,14,0,0,1,0,10,0,0,1,0,0,1,1,0,20
"COG3214",28,78,121,104,714,3,4,5,118,62,141,5,201,0,104,15,5,634,68,3,6,0,10,394,4,0,3,166,80,0,23,93,272,214,9,22,25,17,54,0,52,7,6,3,75,84,9,22,97,6,0,58,21,55,7,6,43,19,19,93,119,2,1,0,50,57,3,36,0,16,1021,2,34,18,0,34,23,7,27,22,99,7,54,24,30,9,28,4,20,17,4,139,1,69,2,8,4,1,105,4
"COG3216",4,0,0,0,141,0,3,0,0,0,0,0,0,6,0,7,0,0,0,0,0,35,0,0,1,33,24,0,2,2,2,0,84,8,6,0,0,0,9,1,0,0,0,0,0,1,71,0,0,0,0,0,0,1,43,0,0,44,19,0,0,0,0,0,0,0,15,20,0,0,0,0,0,0,0,0,0,0,0,0,0,0,4,0,0,11,0,0,0,0,0,0,0,0,0,0,18,0,0,1
"COG3217",32,48,108,82,624,1,3,8,105,45,142,3,192,4,121,14,9,519,75,1,10,0,0,394,3,0,0,152,59,0,11,79,238,108,7,20,31,17,42,0,56,8,2,6,71,89,10,14,121,13,0,73,11,64,5,7,21,23,16,86,125,6,14,0,68,81,0,6,0,11,887,2,31,19,1,25,28,9,31,56,63,8,66,17,29,2,30,6,20,9,4,134,0,50,0,5,5,1,77,6
"COG3218",0,0,0,7,0,0,0,0,0,9,8,0,165,0,0,0,0,0,0,1,1,0,0,0,0,0,0,30,0,0,0,0,0,0,0,0,0,5,0,0,0,0,0,0,0,0,0,0,0,0,0,1,6,46,0,2,1,2,0,0,0,0,1,0,28,0,0,0,0,0,0,0,0,0,0,0,0,0,0,0,0,2,3,0,1,0,0,0,6,0,0,0,0,0,0,0,0,0,0,0
"COG3219",15,0,0,0,0,0,11,8,206,0,12,0,3,0,0,0,0,0,0,26,1,0,1,0,0,0,1,5,0,0,3,0,0,0,0,0,10,13,0,0,0,0,0,0,0,1,1,0,0,0,0,1,0,2,0,3,0,0,0,18,0,0,1,4,9,0,0,0,0,8,0,8,1,3,2,0,0,0,0,10,0,0,2,0,1,10,0,1,1,0,0,0,0,0,0,0,1,1,0,10
"COG3220",17,1,0,0,0,0,11,5,269,0,18,0,3,2,0,1,0,0,0,23,6,0,5,0,0,1,1,9,0,0,6,0,0,0,0,0,8,11,0,0,0,1,0,1,0,0,1,0,0,0,67,2,1,2,1,2,0,0,0,26,1,0,1,4,8,0,1,1,2,6,0,12,1,0,1,0,0,0,0,8,0,1,0,0,0,16,1,2,1,0,0,0,0,1,0,0,0,0,0,17
"COG3221",905,235,173,152,474,302,160,1213,570,137,199,278,234,163,569,105,216,617,157,26,157,310,420,278,168,260,314,413,492,236,179,140,260,411,246,96,170,74,380,284,633,72,188,587,151,114,165,124,456,76,265,124,204,208,293,171,147,171,405,195,639,123,429,167,229,208,134,430,584,100,780,62,133,188,129,214,74,212,167,1032,120,254,544,162,160,222,145,155,213,131,53,201,139,262,53,76,189,61,190,115
"COG3222",206,45,93,38,11,7,46,26,86,7,19,21,22,18,73,5,6,46,90,20,1,16,4,29,9,10,37,5,18,16,28,43,8,66,22,23,18,16,11,38,11,7,25,45,24,17,2,36,22,60,16,10,69,6,19,34,33,7,4,50,52,16,11,17,11,30,11,27,210,34,175,4,40,51,23,11,21,31,0,24,3,1,11,16,17,3,18,6,29,166,10,65,28,49,35,178,8,16,135,22
"COG3223",100,48,83,69,419,2,6,8,180,36,106,0,140,10,86,19,2,339,59,19,2,0,5,309,4,3,1,94,72,1,13,56,170,76,5,21,26,25,45,0,10,1,1,2,64,86,6,19,102,35,0,63,10,38,7,10,17,13,23,125,87,4,6,1,32,72,3,7,1,12,678,4,17,18,1,8,22,7,14,56,64,8,38,4,28,10,26,3,29,7,16,81,0,47,1,6,4,1,98,16
"COG3224",0,1,0,3,1,0,1,0,109,4,1,0,0,0,0,12,2,20,0,0,0,0,0,0,0,0,0,3,0,0,5,8,64,1,1,0,0,1,10,0,43,2,0,0,1,3,0,1,5,1,0,17,0,0,5,0,0,1,0,47,0,0,3,0,1,13,0,1,0,5,1,0,0,0,2,0,0,0,1,2,1,1,40,0,8,4,2,0,0,0,0,1,0,3,0,0,18,0,2,4
"COG3225",969,1077,1814,3619,1147,1511,1881,602,779,1164,835,1234,1161,1330,1167,525,1299,1175,2279,612,1835,1471,1266,324,1815,2019,1720,1292,764,1039,1081,1139,1959,1693,1627,1760,1089,826,1278,1274,817,518,1005,1388,965,1584,1358,1983,1376,1337,2142,108,1755,1092,1787,1958,2752,1186,1053,1561,939,1280,1760,1959,1208,806,1045,1811,1038,528,778,404,721,1574,1567,2096,2415,2226,2020,1704,1873,1329,1118,1388,929,1999,1214,1483,1448,624,1108,162,2185,672,2633,417,868,781,2404,1721
"COG3226",18,47,59,48,383,5,1,12,141,34,85,1,98,1,57,10,8,275,38,2,5,0,1,246,1,1,0,74,38,1,7,43,131,54,2,9,12,9,25,0,64,7,0,3,50,44,2,11,80,4,0,50,8,27,4,11,13,10,11,46,76,2,5,2,37,36,6,7,0,9,513,1,13,17,1,13,14,1,13,28,57,2,50,8,16,5,12,0,8,8,1,104,1,36,1,0,3,1,64,2
"COG3227",0,0,0,10,0,6,18,0,0,0,0,0,2,0,12,5,122,41,0,3,0,1,26,0,6,347,0,22,1,33,13,0,0,94,5,3,0,0,0,5,19,0,1,0,0,0,0,0,0,2,0,0,0,0,16,13,1,11,0,137,2,0,0,1,5,2,2,647,0,19,0,0,2,0,0,43,0,28,0,24,0,11,4,27,10,1,1,122,0,49,1,84,0,2,216,0,0,9,0,3
"COG3228",13,42,45,59,349,0,3,3,161,22,85,3,103,2,56,17,8,285,26,3,3,0,0,184,4,0,0,67,26,0,12,48,121,49,5,14,15,4,22,0,52,5,2,0,28,53,2,14,73,3,0,38,11,25,1,2,11,15,8,56,53,2,5,0,42,55,1,7,0,11,480,0,19,15,0,13,19,3,16,29,45,4,68,4,19,4,17,1,10,7,1,96,1,40,0,2,3,0,59,6
"COG3231",32,51,54,160,23,27,4,41,2,43,3,4,1,26,6,32,49,419,33,0,165,10,1,23,21,27,29,96,22,8,4,90,39,199,13,43,141,22,83,55,47,37,105,46,90,68,47,4,50,170,65,44,7,80,20,22,15,23,3,16,171,3,43,62,30,32,10,183,13,1,51,0,61,20,6,68,0,10,8,16,6,113,88,19,30,65,22,19,3,55,15,2,5,33,32,9,15,17,19,121
"COG3232",0,31,44,26,2,0,1,6,112,19,81,1,116,0,34,15,2,137,7,1,1,0,0,237,2,0,0,89,26,0,2,1,24,1,2,2,4,4,2,0,35,3,3,0,9,3,1,1,8,2,0,4,3,29,3,5,6,7,0,35,48,0,6,0,21,25,0,1,0,7,0,0,3,8,0,8,0,2,18,29,38,5,40,0,12,4,7,1,5,9,1,42,1,32,0,0,3,1,0,0
"COG3234",17,25,68,44,394,1,2,9,1,31,82,3,130,2,62,0,6,378,33,3,4,1,0,255,0,0,0,87,52,0,5,66,124,77,0,9,18,10,32,0,0,0,3,1,48,56,8,16,62,5,0,26,10,37,0,4,11,22,16,3,56,1,0,0,52,47,4,4,0,7,623,1,21,12,0,9,12,5,14,2,40,5,2,9,13,0,13,4,20,8,1,12,6,33,0,5,3,0,42,0
"COG3236",23,179,202,418,443,183,205,132,144,558,167,151,201,130,247,264,50,517,35,179,53,144,219,236,154,246,313,365,177,494,110,141,222,398,586,38,112,96,291,275,201,81,222,205,177,131,113,474,740,134,645,26,275,174,107,189,112,674,142,523,136,117,536,246,141,339,159,388,106,182,656,39,80,84,488,75,54,113,103,114,50,227,160,88,74,279,81,234,261,100,47,51,254,143,295,30,90,292,87,288
"COG3237",60,32,28,26,119,3,10,3,156,10,47,0,38,1,25,16,6,138,13,4,0,0,2,86,2,1,0,31,18,2,13,31,64,24,3,4,2,6,13,1,22,5,1,1,19,25,2,3,32,29,1,25,6,29,7,2,8,4,3,204,35,2,4,4,13,28,0,3,21,12,187,1,2,1,2,7,8,3,12,29,17,2,39,2,17,4,4,4,5,6,5,38,1,17,1,5,2,0,39,3
"COG3238",753,242,408,866,285,231,617,262,577,85,234,200,211,187,196,116,199,1154,171,65,227,125,272,240,99,323,205,381,403,281,196,156,374,379,410,98,198,145,175,204,92,82,120,321,97,225,126,270,282,120,365,116,301,133,252,196,100,190,94,1061,837,197,287,310,234,113,163,217,296,108,1572,91,72,175,140,202,182,132,110,820,144,341,292,442,121,251,90,185,167,263,385,166,178,221,271,554,164,146,120,164
"COG3239",0,0,0,4,1,0,0,0,169,1,7,0,2,0,0,14,5,21,1,0,0,0,0,0,0,0,0,1,0,0,4,73,50,0,1,0,0,1,5,0,48,1,0,0,18,12,0,0,80,0,0,5,2,1,3,2,1,0,11,4,4,0,0,0,5,45,0,1,0,1,35,0,0,0,0,0,0,0,1,7,0,0,63,0,8,6,0,1,3,1,0,6,1,3,0,0,0,0,0,5
"COG3242",7,7,9,9,69,0,1,0,29,8,9,0,12,0,19,3,0,49,14,1,0,0,0,50,0,0,0,9,5,0,1,5,24,11,1,1,5,1,8,0,2,0,0,0,8,10,2,4,10,1,0,12,4,17,0,4,7,6,7,23,46,0,1,0,22,32,0,1,0,9,278,0,6,5,1,5,7,1,4,31,31,2,37,2,12,1,14,3,6,3,0,33,1,18,0,2,3,0,28,3
"COG3246",110,704,463,0,183,113,133,47,58,317,120,83,145,85,345,45,193,61,82,123,86,178,45,66,174,132,212,111,170,131,55,215,339,487,267,155,285,83,583,296,345,212,351,177,74,329,289,162,464,289,254,47,230,406,403,167,110,420,234,142,49,80,324,249,59,189,144,343,27,159,323,382,256,431,372,559,283,330,319,94,111,148,218,154,253,87,770,93,252,290,60,402,279,225,152,935,53,235,1094,69
"COG3247",50,57,85,185,752,26,5,55,522,29,193,204,162,26,166,52,47,479,40,13,10,67,19,349,31,12,56,153,88,117,14,78,324,123,16,26,34,35,98,20,109,6,3,14,77,95,105,18,127,22,46,58,5,49,42,44,35,127,168,18,813,50,19,32,77,111,71,123,906,30,831,0,43,102,11,30,49,57,20,229,66,23,148,14,56,28,62,6,22,8,8,39,19,76,1,4,36,8,72,35
"COG3248",22,38,73,69,436,0,2,9,129,34,112,3,114,2,89,22,17,392,49,2,3,0,1,297,1,0,0,122,54,0,9,88,166,197,4,15,18,11,32,1,32,9,2,4,67,74,1,30,259,12,0,56,13,72,2,8,18,10,38,83,88,2,6,6,40,124,0,5,0,13,644,1,17,16,1,11,42,1,17,57,54,4,60,17,37,6,18,5,18,7,3,92,3,47,0,4,6,1,43,4
"COG3250",16125,50372,53881,13512,21906,35261,24334,21831,22171,61291,50921,40438,55352,48134,32497,34554,40786,26791,74007,25531,68553,60591,41083,23974,61151,37061,32321,35361,38519,31118,62378,60296,47841,29276,42341,81634,56907,64588,41555,31812,39681,42497,50371,46763,50844,67453,49136,31055,35344,45254,31727,34430,47718,64702,61615,58363,69315,36489,53620,12606,18959,52706,58454,36128,43270,49222,30219,27470,19124,55278,12030,51642,64109,48200,62474,42302,69902,31108,75296,17339,74449,53658,24233,37347,49329,38604,60114,39872,57843,45693,48469,75761,34147,45565,49215,16479,53078,39132,61491,28906
"COG3251",5,12,25,12,112,0,1,2,63,18,25,0,49,0,26,6,2,121,16,0,0,0,0,77,0,0,0,40,8,1,4,17,59,27,0,8,7,4,7,0,21,1,1,1,17,9,0,5,24,2,0,11,4,15,0,1,3,3,7,17,24,0,2,1,12,15,0,2,0,3,204,1,8,4,1,2,7,1,5,10,10,2,20,1,12,0,7,2,3,3,1,30,1,16,0,0,0,2,20,0
"COG3252",3,28,32,0,0,1,0,0,0,8,0,1,1,1,1,4,3,0,37,0,2,4,11,0,3,5,5,0,2,2,2,41,1,97,3,13,7,5,6,2,8,2,27,2,5,18,0,1,11,85,2,1,2,7,1,0,12,1,0,0,0,0,2,0,0,4,2,8,0,0,217,0,35,1,0,5,9,2,0,0,1,0,12,0,13,5,29,0,2,3,3,80,1,9,2,3,2,1,177,0
"COG3253",158,12,1,14,0,0,0,0,8,3,6,0,1,0,0,0,1,1,0,1,1,0,1,6,2,1,0,0,4,0,1,10,0,0,0,2,0,1,1,0,0,0,0,2,0,0,0,0,0,64,0,3,1,7,1,0,0,0,0,105,19,0,2,1,1,2,0,0,0,0,0,0,0,1,0,0,0,0,0,4,0,0,0,0,4,4,0,0,0,0,2,0,0,0,0,6,3,0,12,5
"COG3254",589,266,359,128,317,312,161,27,463,321,374,305,502,242,363,71,212,351,547,47,454,242,371,237,395,180,222,313,274,260,386,566,381,168,123,443,352,762,278,387,257,127,244,266,463,982,197,316,419,362,252,159,376,537,272,431,821,302,258,227,226,399,363,343,551,690,202,224,144,469,541,620,353,220,515,240,741,198,403,135,532,290,543,418,224,237,481,328,332,336,563,568,299,332,436,40,586,131,782,163
"COG3256",172,87,5,1,0,1,26,7,462,5,41,17,7,5,2,0,3,1,0,46,10,1,61,18,5,10,3,20,3,2,20,48,0,0,1,33,65,22,0,0,0,1,0,1,0,11,8,0,0,150,0,15,3,36,4,2,0,1,0,340,74,0,6,5,15,12,4,2,4,20,0,24,5,3,6,0,2,101,0,29,2,6,4,0,14,46,0,0,0,0,25,0,0,1,0,7,7,2,27,44
"COG3257",23,79,66,45,56,30,48,6,6,35,130,6,101,8,70,11,19,322,93,1,6,9,10,185,11,5,13,69,50,10,13,94,129,79,45,20,14,10,32,15,90,30,36,13,63,76,35,22,80,190,7,31,32,34,21,21,34,52,19,6,59,6,10,13,35,70,16,14,50,15,576,10,42,38,9,19,16,25,7,1,66,9,13,7,22,9,49,4,21,13,172,77,18,45,4,9,30,6,147,13
"COG3259",0,2,6,20,51,0,0,0,0,1,0,2,0,1,0,5,0,0,0,0,0,1,2,0,1,1,0,0,1,1,0,1,2,354,0,2,1,0,0,2,1,2,1,1,0,1,0,0,1,2,0,0,10,2,2,1,0,1,0,2,7,0,0,0,1,1,15,45,3,0,0,0,1,5,0,1,0,2,0,0,0,1,56,1,0,0,3,1,1,1,0,0,5,0,3,1,1,1,0,0
"COG3260",47,101,138,88,796,85,29,19,296,105,157,34,278,98,174,23,98,559,124,26,71,54,71,332,115,29,116,209,158,23,72,44,265,240,45,128,85,61,261,178,260,45,137,41,111,110,50,30,294,74,41,127,66,114,102,41,66,106,179,93,129,38,97,17,114,126,77,201,4,43,929,13,99,211,60,175,56,89,135,62,123,66,238,24,101,50,123,43,104,95,24,110,99,206,9,23,63,17,206,68
"COG3261",51,216,222,140,1250,119,89,25,533,195,259,63,543,132,306,36,176,1049,177,31,100,98,100,844,195,48,136,282,355,53,143,90,526,561,86,174,130,71,374,262,430,65,233,92,161,164,94,46,382,132,54,178,112,182,164,67,87,191,259,163,152,78,155,40,149,162,96,416,10,70,1133,30,141,416,83,199,96,182,151,87,175,112,339,52,164,91,163,51,180,120,38,177,171,294,23,50,88,30,249,104
"COG3262",39,150,201,175,1202,21,13,20,446,129,239,2,536,107,175,32,15,1133,95,22,20,18,6,891,4,2,8,278,198,19,40,121,472,150,29,73,51,31,83,3,127,25,57,74,114,135,24,34,133,48,7,139,28,103,14,8,33,36,33,165,190,25,65,17,103,130,4,214,1,65,1523,10,61,58,14,78,23,16,59,33,123,10,124,38,59,25,52,11,79,49,31,85,0,94,0,13,8,1,133,19
"COG3263",280,1645,1597,441,1274,1287,753,764,1610,2172,2231,1717,1753,1924,1321,1507,1453,1372,2348,382,1810,1746,1223,787,1722,1449,797,1690,1845,1504,1549,2164,1215,1031,1827,1940,1830,2112,1681,1655,1318,1883,2277,1368,2057,2020,1027,2031,1243,1405,1068,503,1407,1782,1691,1645,2078,1325,1714,259,486,1898,1599,1704,754,2208,498,859,650,1103,1346,1386,1578,1794,1920,1219,1307,1493,2403,368,1873,1526,807,2017,2624,1344,2389,1655,1512,2102,2094,1974,1243,2176,1448,2305,1085,622,1534,836
"COG3264",706,376,415,434,2868,45,90,110,1219,461,645,60,963,251,428,1909,296,2631,298,113,34,71,85,1844,91,85,277,782,365,41,94,302,1314,375,84,194,175,181,248,103,352,90,109,32,321,407,54,75,370,158,82,406,104,442,586,177,114,305,136,565,470,115,180,41,363,527,50,149,3,112,4357,27,233,91,111,204,134,186,140,372,326,92,406,73,216,252,338,146,263,130,101,929,108,487,1,38,61,18,387,115
"COG3265",6,13,25,23,284,1,1,13,46,10,52,8,29,2,38,8,20,104,31,1,0,0,0,145,1,0,0,35,20,49,5,32,26,45,1,4,3,9,17,0,15,3,0,0,27,17,1,4,73,7,0,70,9,39,3,9,17,11,75,84,752,2,11,5,31,129,1,18,0,10,1262,2,16,85,7,21,34,7,16,214,116,5,78,18,27,7,11,4,11,37,10,96,0,68,2,182,2,13,149,2
"COG3266",19,30,74,81,460,2,4,12,252,51,88,2,127,4,59,32,16,385,35,3,3,0,0,201,6,1,0,121,47,0,21,56,197,77,10,21,14,9,34,0,104,12,5,3,68,63,4,9,71,11,0,53,12,39,3,9,9,17,21,92,91,2,11,1,36,125,0,9,0,10,818,0,20,10,4,15,15,8,27,74,52,6,113,10,34,11,14,1,19,16,3,165,0,38,0,6,5,2,85,4
"COG3267",217,72,272,1142,5,37,135,13,159,47,104,19,16,79,169,793,17,52,116,92,109,17,62,33,59,8,59,259,68,6,118,72,27,9,789,40,57,50,80,85,34,28,162,135,36,194,21,54,63,10,15,46,137,96,45,51,127,40,147,133,658,74,118,41,38,39,17,17,314,121,365,44,42,107,126,87,121,34,15,83,9,90,20,156,32,28,43,33,72,98,52,42,39,158,85,194,14,149,62,77
"COG3268",0,0,2,0,109,49,1,0,1,11,0,0,0,60,1,0,0,2,0,0,66,0,0,0,0,0,2,7,9,3,7,2,0,21,16,0,0,0,111,56,0,0,23,3,5,0,0,6,0,1,6,0,0,0,0,15,0,0,15,0,0,0,0,2,2,2,0,1,0,0,1,0,5,6,0,0,0,0,0,0,0,6,0,0,3,0,0,5,2,0,0,0,0,0,0,0,23,0,0,0
"COG3270",932,424,463,993,554,450,624,591,522,292,408,342,682,438,214,228,604,860,181,407,594,436,224,515,290,647,390,1049,376,426,523,108,809,656,586,238,373,133,336,247,336,70,293,531,409,121,417,798,318,284,518,137,485,157,324,474,77,451,291,1056,379,328,374,312,302,286,335,987,611,214,871,161,136,484,420,1156,469,346,198,949,173,614,688,748,201,577,102,566,445,375,472,172,343,347,848,508,225,286,247,679
"COG3271",0,0,0,0,0,1,0,0,0,0,0,0,0,1,0,1,5,10,0,0,0,1,1,0,8,3,5,0,0,0,0,0,2,8,3,0,0,0,6,6,21,0,0,0,1,0,3,0,0,0,3,0,9,0,8,5,0,9,21,0,0,0,1,9,4,0,8,23,0,0,0,0,15,15,0,0,0,22,0,0,1,1,24,0,1,7,2,0,3,0,0,0,9,0,0,0,0,15,0,8
"COG3272",48,41,47,74,266,0,5,4,407,53,215,2,253,5,31,35,7,445,70,4,3,1,1,881,8,0,1,124,91,1,18,21,240,43,12,28,29,19,22,0,62,5,1,3,64,84,5,5,42,8,0,24,4,15,2,0,12,1,3,18,17,0,2,1,21,11,2,0,0,6,140,6,5,4,0,9,5,1,18,35,35,3,21,3,3,3,15,2,6,2,1,44,2,19,0,0,0,0,34,1
"COG3274",338,2961,2113,1010,1868,1831,1631,774,1497,1842,2986,1751,2637,2896,1269,756,1228,1813,3368,916,2100,2250,802,739,2573,1523,1214,1592,1952,879,3190,2845,1825,1705,1910,2567,2586,3728,2847,2013,1479,1810,2126,1987,2137,4427,1433,1437,2076,1602,1355,342,2138,3168,1849,2675,3038,2214,1808,327,622,2722,2145,1679,2500,1428,1596,1473,633,3463,1753,3037,2736,1850,3201,1062,2408,1691,2704,1250,3099,1446,2548,1683,3204,2225,2403,1510,2388,2418,1992,3960,1401,2116,2457,320,1211,364,2511,1983
"COG3275",582,5768,3717,601,4254,2707,1161,2211,2179,4293,6282,4914,4455,3974,4067,3974,3789,2702,7611,2278,5717,4082,4283,4804,5385,2997,2658,2932,4549,5436,4595,6918,2677,3597,2889,4685,5102,4728,3872,2871,3375,5390,4594,3541,5926,6255,2589,2436,3086,5616,2756,6213,3627,5705,5138,4401,6831,3485,4465,501,1026,4257,3639,3915,2121,4796,3204,1306,705,3810,2713,4466,5256,4270,4012,2635,5148,3243,6771,679,7276,3474,1876,2805,7085,2841,6844,4747,4272,4935,3403,11427,3004,5705,3279,237,6747,1884,5654,2941
"COG3276",135,71,120,57,267,28,171,259,437,37,75,39,89,51,181,28,44,171,80,29,18,58,26,150,52,22,40,66,48,60,46,100,111,162,63,61,66,42,77,30,110,26,163,58,37,114,17,29,141,92,217,86,242,408,111,124,132,246,176,569,241,123,110,88,159,312,79,586,701,230,2001,97,150,404,89,174,141,527,66,763,112,69,390,208,115,83,314,54,174,150,83,677,174,372,84,109,187,81,861,117
"COG3279",8560,10897,7844,13294,4889,10818,9647,7238,10898,6026,9969,10721,8890,9352,7262,6866,8046,8033,7770,6602,10000,7525,10635,4632,10132,13226,10769,10908,9064,9896,7712,7597,9613,7371,10018,6760,8297,8130,8262,8884,6767,6029,7284,9129,7672,7693,7028,18122,8121,6708,13465,6516,8969,9012,9024,10301,8648,9473,5414,11498,5531,8154,11594,12458,7995,6638,9403,7194,5215,5977,4328,4397,8096,8070,10519,7912,9958,7847,9084,8303,9111,10970,9908,11513,7544,11128,6968,10175,6816,6818,10685,10660,7352,7294,13474,4045,8145,5876,7220,11674
"COG3283",30,72,81,89,603,270,12,9,436,601,144,7,230,11,208,23,10,588,53,22,5,0,7,669,5,2,1,177,76,37,35,77,302,130,7,54,103,406,45,295,75,152,40,4,59,72,150,14,112,183,1,83,9,51,10,10,100,14,29,102,110,6,14,120,97,523,3,7,1,12,943,793,38,28,292,23,34,239,22,55,58,21,102,13,143,21,27,6,27,10,465,182,2,217,2,1446,7,214,70,19
"COG3284",5,194,143,66,184,397,76,18,503,757,163,43,55,117,219,72,185,223,149,24,70,57,148,478,134,61,120,93,146,210,71,360,335,447,151,181,245,359,320,486,792,235,184,94,72,113,184,84,519,299,48,144,229,151,142,112,235,107,154,291,125,86,156,261,161,686,55,123,62,162,149,834,99,92,447,223,91,600,101,61,84,103,217,86,243,56,239,46,175,135,507,72,212,510,27,1982,70,327,314,75
"COG3287",875,505,1,1,24,140,396,240,421,0,289,117,157,264,62,121,516,202,6,125,85,169,125,65,262,139,60,381,146,448,224,11,160,75,83,72,139,173,213,302,161,102,101,178,19,74,32,192,139,127,130,18,148,105,97,69,0,382,23,0,2,101,235,103,169,9,114,91,424,161,0,51,37,31,134,3,0,747,45,0,81,206,127,285,42,404,40,166,55,53,570,4,1214,226,382,19,46,172,237,234
"COG3288",58,79,175,215,827,8,24,210,453,40,136,264,203,4,174,753,66,557,77,42,11,2,4,695,10,57,45,180,97,231,37,107,280,162,10,32,50,36,78,0,143,10,7,8,68,75,16,27,136,18,0,108,14,69,141,11,25,83,140,220,2219,2,13,8,71,92,13,76,1093,24,926,8,21,132,6,108,26,12,66,624,75,6,105,39,48,88,27,2,30,47,23,208,2,51,4,856,1,30,100,27
"COG3290",102,285,493,316,1957,1095,245,49,1768,273,547,68,640,272,527,289,88,1822,345,68,311,247,179,1294,271,323,449,678,698,114,386,296,1079,648,396,555,226,197,604,706,225,91,376,238,333,559,213,152,862,177,1315,317,260,378,341,441,177,421,333,366,428,278,328,452,445,506,1160,707,101,194,3040,95,419,281,262,314,215,216,298,307,402,431,477,167,260,476,249,155,281,256,452,626,117,542,493,70,247,70,558,344
"COG3291",109,294,349,537,91,807,217,11,248,707,233,557,598,527,396,231,265,137,298,2188,1150,2551,2017,273,330,368,377,558,430,228,671,592,232,1409,405,593,371,755,482,772,615,267,709,196,485,500,487,424,263,1544,594,9319,557,838,552,889,325,583,950,104,30,977,637,136,170,1150,1255,277,124,194,2,194,335,797,735,182,246,121,417,96,359,751,583,405,368,2294,774,783,529,352,426,673,485,1525,707,82,557,147,341,3422
"COG3292",4290,40408,50618,3412,11453,34822,17863,17890,11972,58927,47312,39940,40962,41662,29552,39440,32278,17395,81141,36584,82466,46785,39150,23197,69187,27840,30758,23951,31650,30306,48679,66723,35747,21255,42420,80186,53522,72118,40077,27349,34576,48248,40586,48678,48064,82480,43086,27283,28349,46335,25811,21184,42864,65732,73272,60272,90842,22737,52955,745,5042,54090,53718,25298,37158,65770,32884,16658,6616,43100,199,42003,51395,43389,57824,26014,65362,25894,83031,5057,86735,51350,18255,26411,48358,19873,58920,40490,48581,45752,47167,85016,36495,34302,48242,2173,62399,47294,88667,12580
"COG3293",27,393,192,120,192,259,398,263,111,87,2778,546,117,241,194,315,175,186,184,1046,300,1848,472,20,215,601,592,1893,202,958,88,699,513,1234,395,41,115,424,287,1098,1441,452,2424,1543,328,22,296,1007,534,1114,376,496,38,85,366,294,234,70,169,118,186,319,96,925,245,1293,164,684,68,460,1,50,178,104,101,306,252,214,101,122,15,98,97,63,605,202,94,20,36,204,12,204,56,200,593,24,45,84,75,195
"COG3294",63,30,212,18,13,108,183,36,215,18,69,40,44,119,125,71,158,115,26,69,24,60,68,4,94,156,128,345,67,45,16,31,93,41,53,27,37,47,171,176,83,16,34,30,21,114,35,297,37,10,174,42,191,41,95,94,43,149,8,199,195,124,396,212,120,44,127,71,60,21,126,33,6,92,264,108,339,201,10,76,15,197,79,292,48,96,20,51,64,75,67,16,58,136,192,127,43,71,19,89
"COG3296",1,0,14,1,156,9,3,0,62,1,0,9,1,21,8,10,1,1,1,1,24,32,0,0,15,16,11,3,5,7,0,6,77,18,5,0,56,2,34,14,2,5,7,2,0,0,75,12,14,6,5,0,15,21,18,8,36,36,7,0,1,9,17,6,6,10,17,14,0,2,1,4,0,12,12,4,1,4,0,19,0,8,17,4,43,3,17,0,15,0,2,145,8,18,0,0,27,2,0,4
"COG3297",20,19,30,46,415,0,1,2,149,37,94,1,89,4,19,14,5,289,24,2,3,0,0,298,3,0,0,59,44,0,14,140,194,52,2,20,12,7,27,0,74,4,8,3,52,63,3,4,207,5,0,55,8,17,4,2,10,14,32,5,69,1,9,3,42,182,2,4,0,2,490,3,18,5,0,14,26,3,21,42,47,5,79,8,31,4,16,2,10,4,3,116,0,43,2,3,2,0,40,5
"COG3299",695,754,338,118,95,443,198,138,1623,502,215,424,587,776,479,260,821,647,73,187,373,1946,358,260,421,1221,454,303,133,571,580,252,321,1509,403,498,331,73,362,339,584,249,464,677,459,146,488,451,650,955,364,227,420,345,415,420,225,367,522,250,322,541,402,488,267,275,184,871,964,272,185,33,403,766,529,1189,162,455,303,355,223,169,486,511,623,576,187,166,402,286,276,123,341,677,512,1041,123,527,822,631
"COG3301",1009,66,98,111,662,39,56,48,272,270,117,117,242,236,136,44,104,546,75,52,10,65,64,384,15,6,94,210,171,21,23,140,184,122,4,110,91,74,63,119,21,119,91,5,107,230,29,20,138,196,34,136,22,285,236,73,17,119,143,54,132,72,251,61,173,81,66,18,9,11,944,12,162,36,115,129,35,104,60,45,68,32,25,32,53,60,291,197,78,49,110,26,127,257,4,14,30,32,130,48
"COG3302",50,123,156,145,848,5,6,15,194,67,192,0,291,11,149,12,27,827,104,7,12,2,6,750,14,2,4,232,96,6,16,50,369,160,17,43,24,17,54,17,39,6,5,9,85,90,12,25,162,19,4,79,17,86,4,18,34,32,31,103,173,9,13,3,67,59,15,15,3,18,1124,1,52,33,5,32,30,13,37,94,120,11,47,16,29,12,38,4,38,22,10,357,27,103,4,6,9,5,134,6
"COG3303",513,945,885,188,1378,471,154,262,284,910,729,643,996,563,522,140,319,1094,1971,69,1506,1002,355,700,922,336,372,419,598,514,618,1054,580,849,438,1581,807,380,847,258,476,170,1198,592,405,1470,255,241,622,909,395,453,641,1423,1094,742,1612,304,567,111,316,182,832,608,512,737,120,170,73,227,1568,96,1101,765,710,301,1175,351,1622,91,1486,714,230,271,613,207,1221,543,916,580,587,2155,593,983,813,34,422,39,1856,133
"COG3304",190,228,185,156,166,116,152,123,141,177,120,188,151,125,147,56,209,131,222,24,144,112,197,78,186,99,109,91,203,63,215,228,112,100,205,148,188,234,158,136,126,287,135,158,215,211,112,157,194,137,272,404,536,580,442,505,742,358,392,295,1005,568,538,242,214,267,408,354,179,578,428,445,389,449,511,349,472,388,616,378,707,572,184,371,779,294,720,543,500,702,532,758,387,566,515,565,668,441,682,260
"COG3306",626,25,40,83,6,1,19,199,468,36,100,36,320,2,46,11,41,105,129,23,137,3,55,0,12,25,10,34,10,37,42,42,0,292,27,47,36,37,65,16,120,15,70,40,108,270,81,16,11,216,46,35,78,266,1,12,1,18,6,118,99,255,20,7,19,28,5,15,3,12,9,32,455,18,283,47,213,10,19,9,233,23,14,5,274,24,42,7,65,15,193,7,3,61,121,3,95,3,253,27
"COG3307",392,227,481,506,1673,341,307,529,1530,436,572,168,294,130,1208,255,148,1047,237,113,101,238,103,1033,182,235,329,276,308,350,575,345,571,470,239,445,190,324,507,435,453,221,573,164,323,237,409,148,689,348,85,180,168,211,235,98,246,450,222,520,276,125,103,168,207,530,324,541,1009,113,1645,526,112,196,326,288,106,363,190,90,319,93,209,89,302,155,130,102,117,396,352,292,229,685,60,1670,344,323,974,183
"COG3309",2,4,9,0,8,366,210,286,2,94,1340,5,31,23,78,2,2,5,1158,2,1,322,48,1,72,6,37,6,0,0,2,24,2,7,13,17,82,42,7,0,3,906,2,13,7,0,0,1,22,3,1,0,26,34,10,1,100,37,25,0,0,0,3,0,0,19,126,3,0,190,0,4,0,10,7,3,4,177,11,0,2,8,15,3,2,1,13,4,18,7,24,33,0,22,3,0,27,432,53,0
"COG3311",12,21,111,92,35,2,7,2,190,32,64,2,72,5,81,6,1,218,110,7,4,0,1,199,1,0,5,76,59,0,12,51,186,52,4,16,22,4,16,3,9,5,2,4,72,51,7,10,190,12,6,58,8,36,10,9,12,13,33,12,92,1,4,0,17,139,2,6,0,8,715,2,28,30,1,21,19,10,20,2,111,3,14,10,12,6,22,5,10,14,2,136,3,47,0,6,3,1,79,5
"COG3312",42,38,64,80,381,3,9,6,390,41,96,2,92,1,48,22,3,404,33,17,5,0,2,240,3,0,4,97,47,0,29,54,115,66,7,12,12,23,27,0,39,5,2,2,57,72,5,18,74,6,0,57,9,41,5,12,12,6,10,97,67,2,8,1,35,48,3,5,1,15,614,5,11,15,2,7,22,9,13,58,46,8,77,9,25,9,13,4,13,9,13,111,3,34,0,6,4,3,64,12
"COG3313",12,24,35,30,213,1,1,2,63,11,44,1,52,1,38,8,5,174,26,1,1,0,0,122,0,0,0,39,18,0,4,15,57,26,2,6,2,8,18,0,16,0,1,1,22,17,3,6,28,0,0,18,1,11,4,1,5,6,3,22,31,1,4,1,32,19,1,1,0,6,271,0,6,10,0,5,11,4,7,13,29,1,27,1,6,1,9,0,3,7,1,41,0,21,0,2,1,0,39,1
"COG3314",334,240,315,517,249,380,427,189,525,151,193,309,258,357,219,251,270,399,104,145,195,274,148,162,305,304,338,351,362,258,361,204,329,567,363,130,181,137,295,379,527,94,220,310,107,152,204,540,420,297,1361,209,758,408,804,925,330,1358,616,733,503,950,969,1672,824,507,1123,1635,968,345,2603,476,396,812,846,1315,583,1430,386,1467,374,941,1922,956,332,1021,430,830,637,548,1099,380,2099,588,1100,1069,487,480,801,1302
"COG3315",851,638,420,761,326,1232,671,377,452,362,422,786,564,593,497,812,547,691,234,234,895,602,560,221,525,1073,706,853,485,616,379,595,964,386,1188,425,599,337,555,612,999,220,421,567,340,231,577,452,535,368,1086,35,571,451,693,587,232,870,382,473,163,650,888,835,504,325,1529,1140,362,405,133,299,379,641,710,776,618,458,604,576,350,956,980,1224,498,667,280,516,445,109,750,425,441,335,618,152,346,262,206,616
"COG3316",114,343,219,379,5967,134,8,52,561,158,182,53,1043,16,355,76,28,1867,245,18,20,24,8,98,14,20,1,247,1213,57,241,296,172,504,136,118,138,45,117,16,63,21,57,57,434,16,32,80,264,181,9,181,61,223,23,30,46,73,103,279,906,22,32,31,356,5,16,701,28,99,10239,62,163,57,240,92,117,145,431,105,99,24,65,44,30,12,47,14,84,49,8,88,9,369,11,24,5,213,334,14
"COG3317",374,57,77,76,451,33,44,59,384,109,108,44,179,89,116,638,114,433,56,26,4,24,29,305,18,1,35,166,128,22,28,64,188,89,4,34,35,60,67,11,78,46,67,5,62,138,13,12,98,155,28,100,27,117,27,50,16,69,74,84,78,46,73,20,89,94,26,32,1,6,692,13,35,20,36,46,16,53,34,71,48,28,90,14,39,22,63,60,60,44,42,141,47,70,0,7,25,11,64,24
"COG3318",275,31,52,29,183,33,63,3,210,91,56,6,60,62,50,16,3,279,29,14,5,16,2,107,7,0,1,51,31,2,5,28,66,48,13,10,25,6,16,0,23,40,28,1,31,100,13,6,43,93,0,35,5,66,3,7,13,47,38,45,109,0,54,9,43,33,10,8,3,12,230,21,1,23,26,7,10,1,32,167,25,4,38,8,20,4,31,48,11,5,25,94,2,21,0,5,14,0,29,5
"COG3319",132,108,658,281,828,10,16,21,211,126,204,9,366,23,501,33,39,1991,376,4,13,0,3,466,24,5,1,506,81,0,57,559,408,405,4,208,177,23,295,0,583,29,9,11,274,411,6,33,629,56,0,463,83,84,8,14,27,38,198,467,892,8,24,6,100,491,3,16,0,13,2346,10,112,72,6,162,131,8,210,56,450,10,123,94,36,52,109,8,167,100,15,161,0,371,1,23,24,4,106,35
"COG3320",8,534,1344,6448,31,163,972,114,409,225,538,98,34,75,46,61,310,311,143,242,43,245,139,15,320,247,206,150,404,472,159,285,309,642,346,188,289,147,135,223,138,18,74,215,58,239,252,392,185,12,466,119,384,368,131,104,112,122,28,3497,1162,166,224,454,84,114,94,313,438,142,1,137,30,1641,223,332,206,1009,184,345,23,55,359,401,59,157,123,311,125,330,225,72,147,138,1316,498,83,250,1,119
"COG3321",100,26,508,552,0,7,10,9,92,22,12,67,24,21,422,6,63,1779,265,1,3,49,2,0,27,28,5,331,41,31,36,359,40,44,32,168,134,8,669,9,1871,185,250,7,180,409,1,8,1794,263,0,361,67,19,4,5,10,14,814,1730,643,83,197,122,14,1050,48,216,0,8,1053,8,86,34,218,301,73,456,188,3,341,10,9,85,3,157,60,853,134,163,125,20,0,316,1501,51,36,8,296,137
"COG3323",994,1071,660,65,331,569,300,666,386,1351,891,1018,395,475,743,140,834,223,1253,91,751,1011,267,349,1000,431,309,498,917,678,803,1405,333,368,799,754,1050,989,586,508,602,919,769,812,993,825,497,349,461,793,477,190,533,798,883,616,1214,318,740,123,164,949,611,621,286,928,404,194,583,522,76,693,860,694,780,456,704,840,1019,409,1264,705,356,402,1382,401,1119,840,596,1162,699,1108,894,799,554,1484,404,257,652,401
"COG3324",13,245,174,3,74,141,3,32,120,494,132,82,159,121,63,20,13,93,657,17,365,108,112,11,285,197,79,34,60,30,51,281,71,126,53,240,183,80,171,64,117,137,290,65,141,347,17,138,116,156,89,5,162,345,266,187,590,119,145,23,31,59,194,11,34,162,21,54,0,48,2,27,107,95,133,98,364,100,426,28,399,47,142,67,110,40,225,74,157,228,180,585,113,151,186,3,171,9,456,21
"COG3325",217,1078,1008,123,243,370,192,42,606,812,405,1288,901,1477,498,137,772,528,599,82,1005,1660,407,14,1053,639,342,518,890,122,1906,935,1027,436,755,2216,1477,1499,1084,631,921,585,1247,1598,970,743,1193,412,1195,711,566,104,1150,1290,1747,1191,622,1100,341,429,113,1172,860,268,779,285,250,1065,343,464,195,486,1955,540,1281,607,1372,502,595,535,1211,1412,699,535,1478,600,972,1106,1820,1306,953,426,928,680,1002,38,453,89,377,458
"COG3326",293,123,256,602,88,424,372,216,574,28,182,291,389,389,237,245,159,196,81,258,143,221,450,581,242,390,322,270,166,178,134,117,310,492,332,56,218,71,201,301,250,108,127,322,247,90,261,481,270,225,466,782,326,98,167,192,342,357,146,372,147,142,268,424,419,140,469,567,231,331,60,420,235,322,143,143,198,333,116,300,98,322,598,264,74,641,62,242,249,97,264,200,254,302,409,102,142,278,35,1153
"COG3327",0,34,67,59,4,0,3,6,114,21,101,1,145,2,64,16,4,211,37,3,3,1,0,277,0,0,0,115,65,0,4,7,86,0,4,0,1,12,12,0,45,2,1,2,26,19,3,15,7,8,0,27,4,35,1,4,13,12,0,60,70,2,7,0,35,17,0,10,0,9,578,0,16,10,1,2,3,3,6,18,62,5,68,8,15,2,8,5,9,0,2,94,2,16,2,0,2,1,70,3
"COG3328",9248,7673,4109,5054,10901,10040,7055,14359,3830,1706,3984,4388,3522,4615,2973,10955,4223,2527,2610,4918,2733,3051,3834,8556,4779,3873,2925,6174,2720,8807,3320,2770,2337,3739,7744,2165,3662,1926,6422,4913,2328,23705,3438,6513,3194,2600,9010,6209,3399,2468,4779,962,4058,4930,3798,4171,2752,7077,2567,4258,8114,3815,3552,4591,2785,4494,5589,4284,7202,2277,1631,3992,4060,3689,4148,3188,2914,3373,3587,3758,2385,3013,3222,3035,2778,3386,10111,3575,2911,4708,2773,1382,4390,3043,2562,3509,6256,1314,5264,2145
"COG3330",0,0,0,0,13,23,1,0,2,0,0,1,0,12,15,15,0,1,0,0,0,0,0,2,23,0,0,9,0,5,0,0,2,304,0,2,0,0,0,50,4,1,0,0,0,0,22,0,0,0,37,0,0,25,0,7,0,0,5,0,0,0,0,216,21,0,30,0,0,0,0,0,0,0,0,0,0,263,0,0,0,98,410,0,0,28,0,0,0,0,18,0,488,0,0,0,1,9,0,58
"COG3331",1116,304,403,538,116,467,746,673,517,176,369,307,240,352,249,242,310,381,88,146,340,931,434,195,210,519,443,561,394,341,194,133,404,465,530,89,250,176,186,503,222,89,208,430,54,186,149,987,280,245,578,75,375,135,329,489,80,309,384,1309,438,371,307,535,476,152,692,1308,418,174,273,113,135,216,369,384,246,468,152,643,287,243,625,1269,151,684,84,353,214,337,429,94,305,247,433,243,234,181,168,471
"COG3333",753,1299,707,36,188,805,779,1045,810,918,779,492,1818,1064,515,301,1079,913,291,705,967,717,658,663,676,882,789,973,835,617,644,848,599,527,696,996,733,638,1562,767,885,338,824,614,902,1282,411,489,874,1257,558,387,868,751,1222,1099,321,841,430,174,99,550,1088,619,547,617,842,754,223,447,1613,558,1170,1410,1116,2017,502,763,617,904,452,607,959,2152,521,485,1061,882,1236,920,1133,857,824,1008,573,1177,554,840,1193,385
"COG3335",1991,143,1284,1370,273,291,1422,43,2729,187,649,891,402,387,212,323,595,1006,648,183,135,270,659,114,389,739,1484,1103,284,272,763,734,1452,899,367,180,382,492,781,371,302,152,366,219,162,670,299,1577,1014,506,896,38,267,248,165,423,234,178,74,574,738,138,161,394,169,216,124,273,167,218,623,87,74,130,217,336,231,84,32,663,157,294,476,682,74,532,181,403,118,69,219,76,188,184,138,203,30,108,249,203
"COG3338",18,6,4,21,17,1,39,2,245,1,4,0,1,1,1,0,0,2,1,20,0,0,9,1,1,2,2,8,2,0,12,0,0,0,17,0,8,12,0,2,17,0,0,0,1,1,4,0,3,20,3,4,0,33,5,2,0,0,2,553,28,4,0,6,8,3,5,0,36,5,6,6,0,0,3,1,0,1,2,54,1,1,0,1,10,13,0,1,0,0,21,75,3,0,1,17,1,2,0,14
"COG3339",95,32,61,14,29,140,22,127,226,133,24,36,10,53,178,10,22,9,72,24,42,32,127,62,22,31,53,12,82,86,14,108,21,135,39,24,43,149,94,105,63,68,42,34,40,37,56,20,135,102,131,5,21,103,33,42,76,54,72,78,19,35,34,56,14,147,23,342,297,22,1,226,34,20,89,139,20,120,51,9,26,43,51,12,53,9,62,78,21,30,116,49,23,100,30,434,38,54,15,19
"COG3340",1322,625,1532,567,1121,1387,1516,560,966,419,595,1112,702,1039,1214,1698,1053,1649,984,949,870,1205,1921,1403,1191,1020,1528,1387,1924,1293,999,255,1076,1064,1466,350,1064,832,1223,1534,1371,332,722,1192,1222,613,765,2580,1557,954,1608,1882,891,621,1012,1453,1116,1545,935,810,1793,802,1023,1604,774,802,705,1415,844,414,1073,833,363,1434,1218,883,868,1399,763,2363,493,1045,2265,1231,946,1610,684,2404,557,888,1044,655,2576,613,1204,1017,1138,468,980,2567
"COG3341",1493,912,1132,852,234,931,808,974,1093,1183,1320,1114,1187,960,678,1040,1324,649,1241,696,1115,1405,1228,722,1079,1572,818,1164,1192,1116,1018,1019,585,382,975,868,1423,1400,715,914,512,986,1042,1109,1439,1112,839,1313,629,1177,1049,1642,931,878,1036,1090,1013,634,1173,879,581,1044,983,1004,1100,1411,746,268,559,1234,99,1019,1024,982,948,780,1311,885,1206,959,1019,1301,465,1075,1369,1282,1028,1953,979,1130,1176,1037,944,1074,1164,662,989,433,853,1161
"COG3343",652,14,20,21,24,5,35,243,85,1,45,0,2,2,1,0,0,3,2,4,9,0,6,10,1,3,0,1,4,3,0,1,0,35,10,1,0,5,1,1,1,1,0,0,3,5,1,0,33,35,5,18,0,3,4,1,0,2,2,953,226,8,7,6,2,5,8,1,99,4,4,0,0,1,6,1,1,0,8,338,0,0,15,1,1,5,2,0,0,0,5,0,4,0,5,20,1,6,9,2
"COG3344",7269,5833,20348,11478,9471,11107,11909,7640,5540,15748,7453,18695,11315,12393,13748,10865,8671,5643,6365,18971,11517,11120,13434,12101,13126,12718,7293,13617,10581,17876,8815,18186,9158,12088,10442,7161,18624,14574,16069,18393,10282,17451,18568,9379,19535,6322,24250,19627,16588,27225,11303,10404,9481,13802,18466,12871,19222,11891,13617,7489,3921,8593,9922,19394,11166,19661,9879,10475,6706,16358,11754,14687,16280,9679,10121,21670,12034,12831,15353,8081,9765,10873,9108,12016,22805,16762,11312,23951,6681,14613,12141,9574,17322,5791,12642,4596,35444,13412,14748,18067
"COG3345",4474,7170,7267,5367,3191,7232,6210,6358,4004,4892,5621,5020,3883,5438,3648,5097,4304,5092,5220,5350,4510,5260,5538,4524,4720,5719,4704,5286,5368,5276,6095,4371,3864,4128,3399,6744,4908,5067,4763,4711,3537,5557,5556,5311,3994,4978,4961,8141,3501,4991,4587,1123,5061,6700,5928,4376,7145,4484,4928,6995,14261,3557,4881,5552,4967,6631,4757,4827,7345,5076,4094,7263,4665,5862,6640,4259,7672,3225,6885,10069,5738,3254,4577,3939,3889,4208,3674,3508,4449,2950,6055,4630,3185,5113,7259,14405,5254,6157,5034,3042
"COG3347",0,33,243,1081,42,70,248,14,51,15,36,27,12,79,130,21,55,148,20,10,9,61,42,1,43,16,57,27,40,43,123,12,57,69,58,26,12,15,124,72,59,12,36,49,13,16,114,89,138,35,24,25,54,36,40,36,8,288,40,310,78,25,46,39,15,26,31,336,12,19,0,15,19,116,25,89,35,40,16,114,7,19,246,95,8,16,13,40,33,11,39,19,54,27,81,27,29,56,1,31
"COG3350",41,7,0,4,0,5,15,3,221,2,6,1,3,11,5,1,1,2,22,8,2,1,6,0,0,3,0,1,0,0,18,0,0,5,0,0,44,16,0,0,0,0,2,1,31,2,0,4,168,11,1,6,3,2,3,0,1,0,1,22,1,1,4,2,7,5,0,1,4,0,90,8,1,0,2,38,43,1,40,5,72,3,0,18,1,10,0,3,16,20,14,7,2,114,0,1,0,2,166,13
"COG3359",451,322,404,788,60,747,818,200,654,58,312,252,240,407,277,279,350,526,137,196,492,294,501,117,282,775,667,780,436,377,296,124,744,323,436,116,389,258,193,561,181,97,225,488,85,143,231,1058,224,246,819,76,522,103,341,521,97,244,56,554,127,294,446,473,559,117,607,169,461,278,336,144,71,203,383,212,810,219,162,380,167,612,449,675,147,690,95,570,225,344,631,112,241,311,528,375,314,235,197,493
"COG3366",0,90,8,0,3,6,1,0,2,46,42,2,0,24,1,4,35,4,26,0,11,11,11,4,14,5,11,4,8,14,0,0,32,10,27,26,37,8,49,26,20,10,26,7,0,7,4,10,57,34,2,0,24,29,0,26,17,27,45,0,0,9,22,6,6,31,10,45,0,5,0,1,10,2,30,20,12,38,0,0,15,19,6,1,7,4,27,3,40,9,0,20,28,97,0,12,42,1,0,10
"COG3369",6,11,8,5,210,84,2,1,2,48,4,64,96,105,132,13,12,6,88,1,285,233,11,0,254,82,80,37,17,21,17,10,68,147,222,11,143,23,181,162,35,85,92,99,23,39,94,16,80,13,55,4,52,50,149,79,128,120,208,4,4,116,72,30,17,68,19,47,0,14,3,1,2,132,62,58,75,89,3,7,19,119,66,9,103,50,149,20,66,23,67,289,117,33,9,5,20,12,186,28
"COG3376",0,0,0,1,1,0,0,0,59,1,2,0,0,0,0,6,1,9,0,0,0,0,0,0,0,0,0,2,0,0,2,2,27,0,2,0,0,0,3,0,23,0,0,0,0,3,0,0,3,0,0,8,0,1,8,0,0,1,0,57,3,0,3,0,2,32,1,0,0,0,0,0,0,0,2,0,0,1,5,55,0,0,61,0,18,3,3,0,0,0,0,84,0,1,0,0,1,0,1,3
"COG3378",385,837,1275,2623,1525,1711,2083,1673,1700,1242,956,9663,3696,1686,1462,992,1877,2113,1285,3966,2227,1724,1596,1074,2388,2935,2408,2770,1322,1400,1240,1003,2554,3256,1541,803,1060,993,1755,1360,1990,912,617,2063,2158,411,2119,1372,1773,986,3178,353,2057,750,2189,2541,1042,2760,1380,1014,430,2320,1487,3051,993,934,2803,4003,899,1118,484,1413,2185,1539,1396,5994,461,1848,1188,2960,919,2171,3195,3481,2286,2362,2237,2382,2158,1449,2047,924,1327,1029,916,1425,1326,1361,922,1924
"COG3379",0,50,0,0,3,31,0,0,0,24,14,0,0,108,58,9,43,2,9,0,227,9,5,1,24,17,6,7,8,14,0,0,20,10,32,2,18,0,0,25,7,1,3,4,5,2,0,1,35,6,62,0,0,20,46,52,15,30,18,0,2,14,0,1,139,10,69,10,0,5,106,1,6,34,10,0,21,32,0,0,8,9,43,0,0,23,19,3,3,0,3,10,178,25,23,7,10,3,15,45
"COG3381",470,91,115,159,906,22,41,13,500,162,165,27,256,101,137,39,9,756,92,33,6,35,6,705,7,1,4,190,113,7,29,114,269,179,9,48,57,27,74,20,73,29,50,7,120,143,22,24,197,100,5,145,23,178,45,14,23,82,61,111,179,11,57,33,80,141,21,18,13,20,1008,12,46,51,53,29,37,12,38,51,111,15,100,16,52,23,81,6,39,27,16,186,25,89,13,8,26,10,120,23
"COG3382",200,503,566,45,325,438,484,1033,496,822,498,514,396,522,526,1036,645,279,909,1598,589,682,936,984,657,351,617,389,591,579,689,719,309,407,581,678,687,569,578,459,724,1230,661,592,766,627,756,591,501,441,145,443,159,191,194,162,257,234,264,123,47,235,179,157,122,264,309,170,191,120,5,416,271,167,121,128,189,206,190,37,212,188,159,122,334,105,272,204,193,285,128,264,134,183,148,12,311,421,172,112
"COG3383",448,240,959,3305,146,494,817,206,478,860,222,103,124,202,469,78,325,252,494,55,154,151,241,478,217,571,775,111,396,190,140,496,106,630,455,303,510,445,457,676,415,315,389,186,203,419,253,158,485,559,871,204,364,457,383,437,317,189,376,1113,496,219,295,256,346,559,150,301,119,128,553,764,352,267,615,589,274,342,254,432,92,127,612,293,265,174,293,248,206,260,573,216,148,563,313,1989,162,444,599,363
"COG3384",72,110,153,106,422,6,11,352,477,74,236,11,313,14,321,45,60,560,81,20,13,1,7,660,6,2,2,234,87,237,26,186,233,104,8,26,30,25,52,5,249,23,5,3,107,104,8,14,215,46,0,70,33,97,10,11,36,86,80,182,184,5,14,2,85,108,28,20,644,39,581,6,19,42,6,18,27,81,57,120,126,10,201,15,60,19,58,3,40,39,6,188,31,87,0,44,13,39,240,16
"COG3385",843,7845,3364,17691,5608,2875,3627,14603,1643,5335,4001,6068,1421,1691,11539,21275,1661,4939,1238,16738,7763,2916,9395,11662,3977,8821,8495,8276,2772,11158,1912,11597,2202,6971,2805,1942,2911,1952,16800,9302,1282,16627,6107,7279,10340,1560,22216,18635,4962,2739,3445,12513,2283,2906,1811,4853,1158,5792,12439,1367,1469,5241,1202,7299,19433,10134,12066,1944,469,25833,5567,18155,2347,10829,3375,3721,5700,3890,1177,1910,4326,9912,5970,3686,3618,18058,1277,1621,2215,667,2665,2204,2210,5254,2475,603,38797,8061,1433,39842
"COG3386",16,142,201,4,82,112,80,126,390,158,68,70,215,139,87,46,125,177,472,34,234,81,99,23,295,168,100,147,142,52,253,182,182,200,91,106,53,60,221,76,84,143,75,111,221,239,100,91,97,171,220,37,382,737,513,650,331,435,444,79,87,387,935,136,145,250,157,333,4,343,174,256,469,299,360,424,1014,275,748,488,869,142,377,519,701,191,520,480,642,305,388,1321,353,396,463,219,332,135,822,133
"COG3387",196,12,616,44,139,337,63,121,102,851,428,853,557,578,293,80,326,209,677,35,339,650,537,20,275,257,322,259,604,126,1330,1326,598,1264,450,1212,614,1093,544,352,340,289,808,801,659,629,376,342,410,262,512,48,354,1247,770,815,861,580,364,5,89,648,611,724,241,412,310,238,118,236,5,221,978,474,1187,397,187,1179,1057,45,1158,437,1860,296,371,393,651,276,344,747,700,464,2172,445,775,38,250,48,358,550
"COG3391",139,1131,869,116,2703,1141,638,399,662,1724,1781,701,1232,641,1851,575,238,1180,2664,600,2083,1386,1266,1189,1327,777,546,966,1447,1090,1249,1801,940,1654,525,827,593,641,1663,360,799,2878,853,433,1266,1267,631,760,839,1454,576,1941,922,1940,1663,947,3528,611,1963,256,235,552,984,683,328,1227,527,356,9,753,870,109,1598,2358,566,409,1323,687,2673,263,2723,888,490,452,746,817,1242,628,1206,433,743,3503,793,1294,1386,38,1659,56,3123,944
"COG3392",601,143,22,509,944,256,468,600,221,125,419,351,18,170,985,436,277,110,50,47,19,189,172,16,277,217,424,91,171,752,467,133,511,301,130,766,433,1467,1175,838,295,397,287,90,134,16,596,283,799,216,575,51,513,280,630,428,84,410,220,120,48,293,36,230,166,903,362,189,330,141,52,94,29,589,265,118,227,1530,112,50,192,316,591,225,245,275,88,262,306,135,1086,4,175,321,546,4,353,99,465,94
"COG3393",3,86,65,592,86,60,33,2,115,11,97,41,9,42,14,71,23,30,2,185,5,31,4,0,305,47,113,56,33,93,274,10,17,143,39,12,68,23,17,45,29,2,69,284,22,2,141,18,3,12,27,1,162,5,24,33,55,172,41,2,88,39,19,16,27,51,17,81,95,22,92,26,20,175,24,47,28,31,0,111,3,96,89,29,11,36,7,11,78,34,171,2,3,10,237,56,49,7,9,39
"COG3394",68,62,74,162,258,124,111,235,99,71,55,61,55,143,223,67,66,145,82,34,89,105,55,131,72,149,133,55,164,133,75,156,148,104,59,95,75,39,210,72,204,30,118,108,116,103,111,52,207,92,244,127,458,459,785,458,145,505,284,342,190,251,492,140,220,142,182,550,731,159,472,107,355,249,257,2666,269,181,338,540,322,328,423,138,199,185,277,300,476,277,117,392,371,392,167,116,114,309,264,137
"COG3395",627,822,501,269,1225,638,680,722,861,1025,402,237,1120,173,256,752,438,1325,418,267,797,245,180,1197,367,242,458,632,342,649,259,608,698,529,266,232,327,678,310,390,545,335,199,409,422,562,536,1235,529,973,126,95,595,302,432,271,445,379,413,394,287,165,585,754,238,1318,290,298,1109,160,3063,729,578,494,928,812,316,570,207,423,217,155,492,787,474,268,562,391,652,402,526,637,248,475,264,3535,268,758,1878,207
"COG3396",1,57,120,107,2,1,3,11,293,33,149,0,213,4,109,32,4,316,47,3,4,0,0,396,0,0,1,160,85,0,18,11,144,0,3,0,2,15,31,0,85,10,3,6,47,29,6,24,22,11,0,38,3,58,7,6,22,19,0,63,97,5,9,1,81,39,1,11,0,13,906,2,29,21,1,1,8,7,8,64,89,9,124,10,32,7,18,3,8,0,1,179,1,20,0,5,2,1,91,7
"COG3397",0,4,176,20,17,7,19,1,7,29,0,34,4,9,12,8,4,11,0,2,132,22,1,0,2,160,50,13,15,6,12,0,32,0,50,31,33,14,7,13,28,1,0,48,1,0,1,19,14,1,33,0,9,1,7,1,2,22,5,5,29,1,12,15,6,17,18,43,46,2,4,3,8,1,29,68,3,5,8,67,0,20,38,17,17,26,0,0,4,4,1,217,8,1,0,1,2,31,0,2
"COG3401",10,26,908,0,107,2126,57,0,45,99,172,112,182,94,33,135,28,52,0,121,148,1432,5775,0,235,1345,172,255,83,264,764,0,510,547,851,157,226,72,313,386,68,9,33,167,25,0,36,72,83,20,115,2,30,17,34,21,1,31,15,15,7,30,61,542,14,18,479,90,41,56,0,2,11,48,70,111,10,4,6,4,1,25,40,45,22,48,7,33,10,19,12,12,10,13,7,13,88,62,0,13
"COG3402",2,39,81,30,25,89,1,0,98,75,573,478,1,14,70,6,339,5,5,5,78,82,21,0,15,26,22,240,271,266,66,352,20,8,3,10,22,237,5,43,133,446,109,111,512,23,33,124,14,81,172,9,19,15,7,51,31,13,179,55,61,3,24,158,79,211,27,9,23,188,92,11,170,171,7,147,13,32,117,36,348,100,6,58,385,120,305,431,8,480,16,7,83,117,126,23,84,17,24,158
"COG3404",1153,1040,1057,675,610,873,686,583,765,1247,629,1043,1180,1325,1027,561,1270,812,1213,436,1071,1029,1088,150,1335,1080,899,1043,1319,983,1389,1452,822,506,1089,1413,1337,1155,1364,980,805,685,1228,1160,1253,1223,879,489,1422,1546,751,789,1199,1341,1526,1225,1081,1083,1076,544,205,1168,1145,446,741,596,673,1128,739,1088,335,500,1491,1046,1077,1187,993,1178,1259,660,1156,1184,780,1324,1617,1047,1452,1201,1647,1758,921,1057,1123,1299,1022,319,629,314,1031,1265
"COG3405",530,585,524,94,1006,732,725,766,505,223,215,660,207,421,590,3113,1174,731,65,3385,413,738,263,1632,887,823,1119,702,573,460,186,661,843,244,722,294,555,376,455,918,901,165,629,942,622,190,1404,956,264,405,683,135,341,282,912,538,22,877,754,230,2162,664,681,788,1165,882,802,385,221,1524,920,1750,497,147,548,411,1057,629,111,1370,287,381,493,237,1050,897,805,1186,250,746,154,208,271,537,248,1111,1361,796,121,620
"COG3407",597,10,20,33,28,3,19,463,43,0,7,2,0,4,1,1,0,3,4,0,1,1,2,6,1,1,2,0,8,2,0,2,0,0,9,0,0,1,0,0,12,0,0,2,0,3,0,1,29,68,0,17,1,11,6,3,0,0,7,1076,241,1,9,5,0,3,12,1,79,3,10,0,2,2,2,1,0,0,6,304,1,1,26,5,0,5,1,0,0,0,6,0,0,1,3,20,2,10,11,0
"COG3408",1031,2343,2682,327,851,3155,2403,3785,1069,4211,4026,3058,2693,2892,2918,3686,3253,1198,3434,4670,3611,3327,3175,2652,3365,2560,2887,2757,2733,3057,3210,4685,2084,2269,2431,3976,3662,3299,3056,2357,1807,6740,3230,2770,3815,3082,3528,3529,2125,3163,2402,4358,2782,3633,3255,2939,2996,1787,2922,381,472,3387,2619,3138,3141,3022,3676,786,2773,4370,461,3717,3548,2004,3596,1570,2492,3396,3158,1719,3909,3077,2492,2117,3972,3020,4052,3404,3255,3422,2350,3399,3837,3529,2654,179,5052,6168,1484,3728
"COG3409",716,941,609,21,513,644,741,452,439,465,686,830,1127,934,508,620,1333,1056,222,391,1072,619,724,784,1226,1648,1186,1045,610,1123,968,381,1554,2963,691,439,252,144,702,860,2373,153,646,1334,669,225,928,2087,847,514,825,104,798,318,458,846,397,1179,908,588,217,548,809,1540,544,382,1389,2623,877,585,413,241,628,791,542,2423,88,2737,324,952,297,2124,2218,1302,266,899,209,487,885,568,448,496,1132,388,476,781,1348,587,258,954
"COG3410",1028,373,150,275,368,288,256,771,93,135,1018,72,545,755,181,80,41,152,755,21,157,146,704,36,780,123,316,489,87,636,286,41,278,324,266,138,467,296,187,763,370,61,84,469,170,401,112,645,250,87,663,83,95,747,59,393,37,140,73,461,440,210,256,441,2423,138,134,80,381,272,146,46,27,228,157,197,496,134,532,62,574,312,126,899,29,88,274,431,62,52,219,1420,1599,170,73,39,120,53,125,180
"COG3411",17,44,81,50,183,126,12,49,25,120,38,86,17,73,325,55,37,34,158,17,53,89,206,16,122,110,185,38,155,68,38,143,114,205,113,47,55,70,339,219,519,87,190,70,83,142,128,50,483,82,125,45,117,194,215,121,123,231,184,7,25,69,87,81,66,68,84,272,3,66,157,15,152,131,75,118,90,289,169,8,98,94,167,30,123,43,207,86,128,110,36,109,120,186,26,16,81,15,174,53
"COG3412",122,38,42,34,214,24,11,104,92,43,56,5,63,2,78,75,10,186,36,0,0,5,0,144,4,2,2,67,27,16,18,97,72,50,6,10,20,17,23,18,38,14,52,2,32,90,10,12,71,41,4,63,29,144,15,9,75,72,48,567,238,18,22,46,72,191,9,33,199,103,1055,121,54,34,64,40,69,71,40,28,96,10,158,38,57,15,108,12,32,77,208,141,13,94,5,402,12,48,374,11
"COG3414",543,151,394,287,441,266,80,38,736,243,216,150,127,7,196,52,31,461,160,12,108,10,9,590,28,43,23,127,104,214,44,187,254,99,46,54,100,273,53,150,295,156,89,54,120,125,31,46,252,193,32,123,121,149,21,19,114,39,53,733,210,48,28,312,175,622,26,204,947,53,878,523,49,92,285,84,80,190,47,96,85,22,244,69,180,36,89,122,91,66,229,231,21,173,108,1508,95,127,466,58
"COG3415",48,0,42,3,0,1,2,2,1,0,2,0,3,0,0,5,0,0,4,1,0,8,0,0,1,2,0,0,0,1,1,11,0,0,2,1,6,1,1,1,0,2,2,0,0,24,1,10,0,0,0,0,0,14,0,1,0,3,0,5,53,0,1,0,1,2,2,1,4,2,1,17,2,8,0,7,1,0,4,0,6,0,259,3,0,3,0,0,0,0,14,0,0,12,12,0,2,0,24,0
"COG3416",0,0,0,3,0,0,0,0,64,2,1,0,0,0,0,11,4,16,0,0,0,0,0,0,0,0,0,3,0,0,2,0,9,0,1,0,0,1,0,0,33,1,0,0,0,0,0,0,1,0,0,0,0,1,6,0,0,0,0,33,0,0,1,0,1,12,0,0,0,1,1,0,0,0,0,0,0,0,1,1,0,0,26,0,2,1,0,0,0,0,0,0,0,1,0,0,0,0,0,1
"COG3417",5,7,14,15,113,4,2,2,33,13,26,0,32,5,22,2,3,99,11,0,11,5,2,62,5,14,8,24,8,0,6,15,45,23,2,6,4,4,21,5,14,7,1,3,10,18,2,8,35,3,6,38,16,59,26,23,15,16,27,35,58,21,30,5,45,58,12,14,0,12,469,1,16,32,8,24,17,19,12,26,38,20,59,9,51,7,61,13,24,6,2,75,17,43,3,3,15,2,50,9
"COG3418",7,8,20,17,124,0,1,1,1,15,23,0,33,0,18,3,3,95,12,0,1,0,0,107,0,0,0,31,16,0,3,8,38,21,0,7,1,1,15,0,0,1,0,0,14,22,1,6,28,1,0,17,6,11,0,4,4,5,4,28,24,1,0,0,11,25,0,2,0,3,211,0,7,2,1,3,5,1,7,20,16,2,4,1,6,0,7,0,7,4,1,71,0,8,0,1,1,2,15,0
"COG3420",403,0,0,0,0,2,10,4,17,93,0,33,0,83,24,23,45,6,3,7,0,18,27,0,0,0,49,24,51,12,0,36,0,0,2,49,18,19,26,54,13,24,31,0,16,46,2,0,17,10,18,0,0,78,120,45,0,31,47,0,0,38,63,25,50,14,13,0,0,0,0,0,79,0,29,24,0,30,9,16,0,2,4,2,16,16,179,57,0,0,22,0,50,90,0,0,2,9,21,11
"COG3421",2834,161,77,8,3,95,5,0,1515,0,157,3,0,51,3,72,1,37,0,1,0,10,8,55,19,154,125,61,12,12,0,0,84,252,18,3,19,10,206,290,0,1,37,38,21,0,128,22,317,1,44,4,36,81,100,72,8,284,63,0,0,46,170,108,39,185,134,174,0,4,0,0,14,223,6,70,30,157,0,1,6,82,17,4,22,22,366,1,8,0,892,161,1,4,1,0,4,28,0,66
"COG3422",27,31,64,41,308,8,8,8,300,21,70,2,64,3,49,8,2,227,34,11,2,9,3,214,5,3,5,54,34,13,10,41,80,102,15,8,5,15,16,0,0,1,1,21,29,52,2,8,39,7,7,21,3,31,17,8,17,5,10,22,52,2,4,6,26,26,6,94,1,46,415,6,20,7,0,6,6,3,15,2,38,2,74,8,11,10,17,5,7,0,6,35,2,20,0,3,3,0,41,5
"COG3423",9,21,65,54,215,1,1,4,84,17,101,3,35,3,36,11,6,218,21,3,1,3,1,133,1,1,0,52,23,0,7,46,83,53,6,5,4,9,18,1,28,4,3,3,49,36,5,5,59,3,0,9,0,14,0,2,3,0,3,9,9,1,0,0,4,20,0,1,0,3,156,0,8,4,1,1,3,1,0,13,13,0,24,1,5,2,0,1,5,1,0,25,1,8,0,0,1,2,13,2
"COG3425",874,12,18,22,27,6,30,729,75,2,37,0,0,1,2,1,0,0,8,0,2,0,11,13,2,0,0,1,5,6,0,4,0,156,13,0,2,1,0,2,2,13,0,1,1,3,0,2,47,51,3,4,2,3,6,0,0,0,2,507,92,2,4,1,0,1,2,3,44,1,6,0,0,0,0,0,1,0,5,139,0,1,11,1,2,3,1,0,1,0,0,0,0,0,1,15,2,2,11,0
"COG3426",116,1246,1429,142,749,1059,455,215,914,1407,1572,1105,1553,1601,931,579,1311,628,1501,448,1271,1379,908,46,1424,1609,1184,1037,1439,1364,1611,1642,1174,1613,1467,1899,1428,1527,1137,1292,970,1224,1476,1317,1665,1497,733,664,1136,1691,1126,961,1349,1178,1256,1249,1144,1499,1589,444,234,1236,1493,1092,1127,1146,1218,1249,721,1192,248,651,1503,1142,1177,1126,1570,1350,1482,323,1271,1728,1453,1185,1822,1340,1735,1226,1924,2047,1096,1138,903,1579,1218,300,797,265,1303,1606
"COG3428",0,70,36,0,15,56,6,0,14,74,2,546,4,148,44,39,335,2,2,7,54,131,11,0,33,79,37,81,244,15,128,367,54,8,1,9,1,183,29,37,184,45,124,122,256,0,83,14,17,49,529,2,3,2,16,60,0,39,49,1,1,288,224,314,54,102,43,637,2,123,0,2,141,146,22,178,0,91,142,4,299,49,103,36,306,542,276,402,3,294,2,1,114,92,31,0,126,17,0,419
"COG3429",0,18,57,79,173,3,2,139,1,0,4,222,0,0,64,1,33,0,1,2,1,0,0,207,5,0,0,0,24,163,7,0,0,1,0,1,1,3,0,0,15,0,0,0,0,0,2,2,4,3,0,30,0,3,0,0,0,10,68,38,1471,0,3,2,0,1,2,44,896,0,0,0,0,92,2,0,0,0,3,381,2,0,1,9,1,1,0,0,0,11,4,0,0,1,2,452,0,11,8,1
"COG3433",104,66,399,194,377,6,10,4,86,67,51,4,188,14,331,13,27,1338,242,1,6,1,1,474,13,5,0,305,50,0,26,352,342,157,2,108,125,21,227,2,292,17,2,13,240,273,3,23,344,43,0,271,42,37,4,6,17,17,115,273,563,5,16,7,72,257,2,7,0,8,833,7,68,30,1,121,54,4,140,52,274,9,46,75,23,29,65,7,90,60,5,116,1,256,0,17,8,1,128,13
"COG3434",7,329,93,1,22,127,71,0,43,17,121,88,45,108,108,30,247,81,8,72,4,147,258,100,39,195,338,236,19,14,159,22,248,147,134,56,123,36,115,103,126,32,31,59,33,26,58,25,117,111,659,4,80,51,83,127,12,48,16,0,9,54,60,59,172,32,87,392,162,126,24,14,31,39,108,93,471,24,62,0,79,17,167,15,5,420,47,284,30,21,83,10,66,135,151,14,106,76,32,72
"COG3436",4235,8762,6347,11807,8764,12556,8314,14902,4308,7977,11257,3907,18627,9405,9471,17967,11511,4892,11514,49553,6145,6520,11836,9564,7750,5460,6446,4493,7502,3773,4466,6544,6508,5662,4384,6745,6093,19614,10777,6648,4000,15618,14564,7215,12739,19334,18636,8199,10552,29732,5128,70683,12055,6237,5579,10166,21030,8275,4527,3568,3386,8475,10097,7450,5473,5976,8590,3286,8609,15583,12175,4974,10840,4027,7462,7285,9437,5533,7640,9174,5272,8317,7975,8792,7944,13744,13159,14225,13735,7908,8574,17902,15196,7067,15235,2848,14095,16778,6177,14618
"COG3437",457,3890,4001,823,1202,3309,4770,1571,2128,2477,3272,2622,4161,4749,2751,4435,4459,3825,7579,1749,8467,4138,2607,2962,3316,4069,3321,4098,3438,2601,6028,2053,3219,3125,2450,3828,2223,3945,2911,3323,2055,4320,2560,3067,4354,3515,1933,3122,2115,3904,3823,1177,2985,4437,5948,5098,3218,3125,3853,997,387,3295,4358,3155,4496,4706,4262,2086,830,6368,732,4598,3230,5263,3103,5074,3982,2329,4376,3422,5248,3499,1952,4313,6471,3214,2309,3073,3244,3767,2276,3904,2900,2757,3399,1254,3629,2956,5009,2530
"COG3439",29,553,361,5,228,65,0,176,52,103,373,93,309,29,14,14,22,34,380,9,477,28,23,7,117,128,24,29,302,23,30,654,24,156,31,418,373,95,254,65,92,37,135,32,87,399,35,21,141,200,112,28,174,317,144,151,330,45,274,134,57,24,220,3,17,47,19,11,0,69,315,14,280,93,97,75,180,92,485,5,222,78,46,352,79,21,457,155,207,130,181,797,24,651,56,21,104,3,528,18
"COG3440",401,376,169,222,334,40,143,177,217,132,369,522,171,17,173,878,137,293,6,457,75,54,35,110,291,42,526,158,61,68,595,78,181,54,94,11,30,42,76,12,18,32,4,167,41,93,49,105,93,18,505,1453,60,89,319,44,27,32,70,294,1828,92,134,287,45,324,377,373,0,254,210,13,50,123,17,33,10,130,7,308,209,40,406,8,41,149,17,15,40,41,85,298,52,110,6,490,7,274,9,117
"COG3442",768,197,424,1311,499,322,530,614,222,69,212,429,84,243,258,267,224,195,53,167,76,192,246,394,253,331,259,142,155,494,438,62,241,998,477,55,150,48,121,423,548,26,124,286,66,48,199,149,208,93,298,83,257,125,188,142,62,510,299,1385,2087,231,321,701,284,113,527,460,987,60,120,58,48,689,98,213,74,476,40,914,46,307,829,143,52,252,39,130,131,97,255,13,164,47,547,770,78,169,47,548
"COG3443",33,98,102,100,504,41,106,268,124,260,243,15,117,27,128,43,116,558,59,48,68,68,329,286,40,139,58,131,160,123,262,51,134,129,176,7,54,21,221,13,40,7,26,54,78,65,15,85,128,82,143,59,32,83,110,69,38,24,48,1623,125,488,25,192,68,77,21,15,61,54,634,48,136,53,14,74,34,29,17,480,98,18,70,731,26,80,25,308,35,9,264,99,80,63,135,312,17,18,104,46
"COG3444",3271,512,1593,1412,2547,725,2153,1471,1863,935,948,321,822,227,1007,232,239,1744,731,147,612,215,280,2472,328,294,409,701,443,791,315,585,730,703,908,407,368,406,362,603,1886,345,519,347,424,658,206,419,963,783,232,467,767,555,355,552,465,328,419,4233,1604,425,351,806,462,910,308,650,1636,347,2980,868,468,1079,798,1810,365,361,437,1412,345,230,501,924,454,236,328,469,419,571,926,422,303,615,644,3486,263,664,1019,309
"COG3445",26,39,63,50,341,2,14,8,275,35,74,0,81,3,62,17,5,294,44,20,3,0,1,256,2,0,0,98,35,0,14,32,117,66,4,10,12,23,34,0,34,4,0,0,50,53,7,10,73,10,0,27,8,32,6,6,8,16,8,48,65,2,9,0,31,39,1,3,2,14,396,6,13,12,7,15,12,6,13,43,53,8,52,10,24,11,17,8,11,6,10,56,2,32,0,1,2,0,50,12
"COG3447",38,91,147,132,1478,2,3,15,7,104,245,5,263,8,151,1,13,708,83,2,8,1,1,351,4,1,0,210,137,0,11,87,415,256,5,16,25,13,42,0,0,3,6,10,75,74,12,22,98,16,0,64,13,79,0,11,29,31,29,13,107,5,8,2,114,56,3,18,0,16,778,5,40,28,0,25,31,8,27,80,75,12,14,9,27,2,34,7,42,13,3,377,4,62,0,4,6,0,115,1
"COG3448",0,9,1,1,2,60,2,0,168,137,8,4,0,2,16,18,11,17,3,1,3,0,1,138,4,1,1,1,2,24,6,3,29,1,6,16,28,128,15,83,37,69,14,4,0,4,31,0,10,98,0,1,3,5,2,7,37,6,1,52,7,1,6,81,17,193,2,5,0,2,0,270,2,0,146,1,1,63,2,8,3,7,47,1,66,4,5,2,8,0,164,1,6,53,0,754,4,105,0,3
"COG3449",124,3724,906,105,1018,685,32,212,702,1023,1627,1909,906,491,453,79,453,721,2083,68,1765,1589,406,408,2077,290,375,333,804,230,820,1898,670,776,647,1580,1881,1095,780,195,749,636,780,1077,707,1526,671,426,707,710,617,154,794,1632,1694,1053,2642,214,581,70,353,802,761,129,532,1099,155,263,18,312,1071,176,1966,818,958,729,2350,485,2171,98,2200,1269,488,641,1327,272,1256,1118,937,965,1036,3361,758,986,892,62,604,44,2040,237
"COG3450",1,11,0,17,5,0,0,0,63,4,9,0,0,1,0,4,8,12,9,0,1,0,4,0,1,1,2,2,3,0,1,3,35,1,3,1,2,1,8,7,27,4,3,3,0,1,2,4,10,6,1,3,2,6,3,2,8,7,0,4,0,2,5,0,2,21,10,2,0,2,4,0,2,0,3,3,6,9,3,5,4,4,31,1,3,0,2,43,6,0,0,7,5,16,1,3,0,0,0,1
"COG3451",5316,13066,9255,11049,7942,12533,7333,5582,5158,18008,7378,13062,12231,15273,12721,10933,18242,9327,5774,6849,12369,15522,12168,9764,12640,15668,16020,14574,11481,10959,14540,13209,13276,20959,15088,15284,16180,7241,13220,16686,11159,7588,18525,11690,13085,6235,13871,13699,16231,11909,16211,8022,16057,11137,15598,14295,10686,15558,15646,6922,4136,17987,15958,14659,9587,10559,8302,25908,6186,7309,9788,9575,17192,17139,14376,17598,11653,13087,14523,8005,10812,13744,16807,16711,17648,15181,7317,9516,20519,14166,9542,6575,17696,8527,16556,6428,8926,6375,9191,17658
"COG3452",1534,283,97,1343,49,762,1273,598,704,65,233,479,252,641,209,501,328,839,178,209,490,220,501,249,243,968,1075,1003,652,472,240,30,663,256,906,156,370,95,274,932,152,153,98,1064,91,70,278,978,371,137,1048,87,587,128,505,467,50,797,117,759,188,682,946,664,611,223,925,394,472,146,6,130,59,412,544,302,653,341,124,1398,141,953,757,931,201,547,118,280,180,82,240,94,547,241,629,58,396,388,44,435
"COG3454",4,23,11,42,188,9,2,10,42,36,37,0,59,6,21,4,12,135,23,1,5,15,16,75,17,14,14,33,35,5,13,17,90,47,25,24,12,10,49,25,106,6,27,4,20,39,1,4,70,26,24,99,52,189,52,35,17,22,96,111,96,74,63,8,101,99,14,39,3,7,702,4,75,31,39,128,54,46,101,52,76,39,44,22,68,22,74,29,75,77,19,116,18,147,7,10,40,8,141,16
"COG3455",24,29,65,64,361,0,3,3,235,14,13,0,5,3,78,16,5,170,42,4,0,0,1,0,2,0,1,19,38,0,16,103,128,72,4,11,25,25,18,0,89,6,1,3,45,51,1,11,52,4,0,35,8,12,11,2,1,3,15,76,96,0,4,1,9,66,1,2,4,2,585,3,18,14,2,22,7,4,16,49,63,2,91,5,11,11,16,1,7,7,9,178,0,49,0,5,4,0,56,18
"COG3456",15,14,3,58,595,0,1,1,157,8,7,0,1,6,62,6,6,139,65,0,2,0,1,0,3,0,0,15,0,0,8,64,176,129,1,18,24,23,8,1,0,1,0,3,64,57,1,14,0,12,0,60,0,14,0,1,0,1,0,64,87,1,0,0,7,0,1,1,0,2,840,6,31,20,0,18,22,2,27,31,48,3,2,6,9,5,11,0,1,6,11,80,0,55,0,1,4,0,83,5
"COG3457",48,206,175,72,657,137,137,38,37,45,136,109,253,113,144,86,119,424,58,31,34,150,22,321,144,59,113,147,186,49,41,103,257,490,136,38,62,36,271,105,173,77,64,166,89,139,71,26,320,104,52,39,78,80,103,277,28,325,171,6,194,94,51,117,125,144,67,392,219,25,873,22,53,165,132,118,81,251,93,29,103,34,355,25,46,74,63,17,80,43,21,16,97,88,195,4,140,17,95,36
"COG3458",203,775,1532,236,195,1091,918,1144,596,1798,1686,1905,1812,1161,898,1451,1315,448,2570,1168,1849,1087,1999,934,1812,768,920,704,858,1311,1861,1790,1098,494,763,2629,1521,3369,1805,1526,1194,2647,1763,817,2055,2730,2034,894,1664,1118,855,2520,1559,1602,1775,1878,2598,1410,1089,227,352,1507,1377,747,1172,1615,1904,468,394,961,7,1872,2117,1143,1800,1094,1844,1039,2624,182,2588,1104,535,1118,1246,869,2574,1699,1616,1762,1578,1636,1006,1221,2198,81,1524,2537,2554,508
"COG3459",1657,2787,1209,1858,647,4338,3848,1926,1872,546,1346,2417,2233,3907,1740,3654,3891,2289,268,4746,3219,2983,3546,2995,2328,5693,4476,3714,1922,1766,2185,278,4285,6315,2738,1253,1644,1013,2161,4025,1047,2294,1373,3934,1093,604,3793,7478,1645,1275,7893,4060,2183,1192,1579,2400,474,3804,1545,2526,772,2477,4123,5399,5122,709,7376,5364,3626,2565,196,2693,1388,1010,2373,2980,2493,4510,1867,2719,1000,5120,5013,2949,798,4962,579,3835,2386,1108,1815,152,6516,1647,2539,519,3698,5421,28,3211
"COG3460",0,13,36,25,1,0,0,2,89,12,51,0,82,2,40,9,2,105,16,1,1,0,1,102,0,0,0,49,19,0,0,4,26,0,1,0,0,5,5,0,28,2,2,2,18,10,5,7,6,6,0,6,1,15,1,1,13,3,0,23,27,3,5,0,19,7,0,3,0,4,252,2,6,5,1,0,4,2,3,13,31,3,30,1,7,1,6,0,4,0,0,42,0,5,0,1,0,0,28,0
"COG3463",6,153,63,19,11,174,474,337,480,9,203,160,171,155,71,167,60,178,30,73,299,310,593,7,42,327,271,392,226,561,167,79,105,52,213,78,228,213,393,117,227,104,181,25,64,81,57,261,53,120,92,29,145,64,239,75,7,146,48,489,6,317,240,386,336,13,111,91,484,19,176,77,45,68,83,128,36,88,23,54,37,22,98,577,24,300,60,243,52,96,824,64,67,166,400,3,38,166,183,158
"COG3464",3358,2826,7491,4270,2703,3373,2135,4970,4258,4245,2437,9225,6232,7039,5948,6997,7334,4035,9938,23593,2812,4526,4317,3069,3946,6988,2971,8259,2093,6946,1562,7357,1068,2806,2954,6024,4240,5674,2550,9464,6984,10129,4336,5328,22459,13295,4688,11340,5830,9012,4159,659,11043,1621,3873,5089,7244,6271,4425,3225,2854,3056,3944,3748,3571,2767,9410,3812,7618,9497,4697,6542,8974,2959,1486,3634,5644,10590,6017,2410,2912,5952,2068,5571,18251,3079,16263,4673,11616,18338,7606,5039,8501,1835,10959,706,5151,2074,9529,5980
"COG3467",744,1682,1116,1013,696,1155,843,791,693,1263,1306,1564,1106,1184,1099,872,1395,567,1033,1162,842,1214,1196,526,1335,941,904,870,1113,1378,880,1554,1102,902,2042,1211,1333,1310,1152,3576,1689,1313,1386,1038,1173,817,1320,2427,1134,911,929,1101,1228,1516,1373,1028,1061,1341,1128,409,1514,1257,888,1211,895,989,1343,1523,1137,858,335,752,1397,1375,1572,815,1409,979,1234,511,1864,899,1074,957,1028,1039,1003,1200,1347,1445,1329,1893,1022,1379,1313,1263,844,1269,1242,1162
"COG3468",3938,973,2230,1485,8929,2304,177,626,469,1576,1388,255,7606,1377,4394,210,1021,6636,4001,228,1147,959,1640,3068,1701,768,2330,1716,2731,129,1410,2082,1634,4117,92,2195,1676,911,5364,2998,520,591,3063,662,2890,2686,284,636,7820,2170,1051,3169,1478,2351,2429,1077,1153,893,3782,685,1807,1397,1363,301,2165,1893,100,296,455,98,13237,288,2031,1002,760,3637,1802,1695,3290,279,3030,1162,173,723,2169,794,3277,993,1591,2996,438,1027,628,4106,12,218,2304,134,7323,608
"COG3469",0,20,0,16,7,33,3,0,0,0,0,0,3,5,53,3,0,2,0,1,383,1,0,0,5,108,4,11,9,3,16,0,5,9,68,1,5,0,0,20,29,5,18,12,0,0,1,0,1,10,3,0,187,0,0,5,0,0,32,0,1,25,0,25,15,0,27,112,0,0,0,0,31,18,8,0,0,35,23,0,39,28,9,0,2,2,2,74,375,0,0,0,2,2,3,0,4,19,1,13
"COG3470",46,33,9,67,164,6,30,101,93,2,2,152,14,4,56,0,22,1,20,13,0,0,3,155,5,2,0,4,16,134,30,0,0,8,0,2,26,10,0,1,2,1,0,0,13,0,2,0,80,7,0,34,2,3,2,1,3,10,44,39,1069,0,3,3,2,3,3,21,615,3,56,8,1,45,1,18,35,1,28,249,40,0,2,14,2,7,0,1,7,21,10,10,2,57,4,369,0,14,102,7
"COG3471",21,2,0,0,0,12,34,5,128,0,23,0,1,0,19,5,0,0,8,24,3,7,3,0,1,1,0,22,5,0,8,0,0,0,0,0,7,17,3,0,1,13,31,2,3,15,4,1,0,44,0,1,1,0,1,2,0,40,0,26,0,19,0,4,3,12,6,0,2,3,0,10,0,6,24,22,0,32,3,3,1,3,2,0,2,12,0,0,0,0,3,0,0,0,0,2,19,0,0,15
"COG3472",11,138,137,49,144,160,1139,593,298,22,1646,356,21,481,400,108,167,241,186,132,162,375,100,18,131,324,328,220,236,224,371,55,377,415,737,194,46,23,269,414,459,37,54,120,386,2,75,1010,504,65,493,4,169,73,1090,798,33,1204,197,11,143,1221,268,365,216,336,427,1289,404,91,1,1068,133,599,254,148,42,859,0,113,257,976,331,39,96,252,99,193,88,5,258,367,271,50,121,222,182,215,0,185
"COG3473",10,0,0,0,2,2,0,0,2,0,7,1,2,0,0,5,0,0,25,0,4,7,1,0,0,1,1,3,4,6,35,0,3,41,5,7,11,0,2,8,52,0,47,170,3,0,7,0,0,7,1,0,8,0,1,5,20,7,3,0,0,0,1,0,2,4,75,4,2,9,50,0,7,1,5,2,16,0,0,0,1,0,11,2,16,4,2,0,16,51,9,0,53,18,0,4,0,1,6,0
"COG3475",10275,1764,2209,6345,2119,2783,3335,3646,3018,1813,2425,2625,1573,1407,1653,2177,2415,2115,1363,3176,3214,2048,2956,2447,1765,2586,2020,2700,3422,3343,1677,2110,2255,1807,1676,1837,2338,2573,2378,2858,1191,1827,1228,3846,1559,2980,3068,2734,2770,1948,2471,2747,2516,1884,3058,2897,2719,1962,1193,2891,695,2969,2488,2327,2528,1287,1954,1558,1553,4698,471,2601,1451,2294,2237,1581,1784,955,2294,2795,1500,3728,1947,3002,1262,3234,2196,3923,1573,2881,3594,2485,2016,2614,3701,1601,1972,2576,2269,2068
"COG3476",62,23,325,534,173,237,413,177,701,246,300,206,356,440,260,116,208,294,338,71,327,203,412,20,192,275,270,318,213,217,366,327,367,340,277,282,327,813,357,467,133,307,194,175,451,533,222,411,299,267,312,34,354,201,246,462,414,270,135,177,141,456,272,299,171,194,213,171,183,275,75,258,221,233,469,205,295,308,190,108,304,252,373,471,388,462,410,438,289,443,725,80,656,327,442,41,190,89,199,303
"COG3477",21,21,109,59,210,0,2,110,22,3,11,0,1,0,94,5,1,195,28,4,0,0,0,158,4,0,1,41,5,0,1,46,1,3,4,4,18,6,18,0,0,4,3,1,42,56,1,13,89,12,0,15,3,15,0,0,7,2,10,335,62,2,1,2,7,65,0,4,1,5,965,1,29,15,0,0,11,0,10,52,34,1,0,4,9,3,5,1,2,3,1,4,0,6,0,1,3,3,27,4
"COG3478",4,6,2,12,24,4,0,5,57,0,0,3,0,4,3,0,6,10,5,0,0,1,0,2,15,1,2,5,6,1,5,1,3,6,9,24,6,0,14,19,35,9,65,3,5,7,0,4,11,1,4,5,6,31,8,3,25,4,7,11,1,0,1,12,2,13,3,7,0,27,0,5,0,7,6,27,3,11,2,0,3,3,6,3,2,1,20,5,4,11,7,47,8,36,11,0,13,2,51,26
"COG3479",0,0,17,6,1,0,1,12,267,6,13,0,1,0,0,21,3,35,1,0,0,0,0,2,0,0,0,11,4,16,11,22,34,0,8,0,0,6,12,0,50,4,0,0,1,9,0,2,15,3,0,26,3,2,2,2,0,1,26,76,5,0,5,0,2,64,0,1,133,4,0,0,0,0,1,1,0,60,5,346,0,0,76,1,22,2,0,0,7,0,1,61,0,1,0,0,2,2,14,11
"COG3480",295,1,29,26,71,3,12,246,18,0,18,66,1,3,26,6,21,2,5,0,3,3,7,110,9,8,11,0,13,65,0,1,11,40,6,1,1,1,1,52,8,2,0,0,0,1,5,0,8,17,94,48,0,21,9,11,0,82,111,1323,1648,5,13,90,7,1,303,75,907,6,7,1,1,82,6,3,1,74,19,708,0,4,212,15,2,100,4,4,0,19,6,0,366,3,7,485,34,29,36,99
"COG3481",1743,1068,1047,2053,624,1545,2169,1417,1617,705,906,1035,938,1267,1061,1444,1221,1149,449,601,904,912,1131,752,856,2253,1502,1362,953,1302,1025,472,1498,1621,1534,542,738,548,891,1367,1385,423,894,1317,496,548,1025,1333,1373,839,1796,314,1105,755,892,985,359,1529,739,2674,791,930,1546,1949,1396,690,1543,2025,995,751,859,849,650,870,1077,1702,911,1678,373,1712,450,1258,2206,1262,629,1415,357,1323,748,814,1668,388,1270,912,1171,2181,754,987,740,1257
"COG3484",0,0,0,4,0,1,0,0,139,2,6,0,1,0,0,18,3,14,0,0,0,0,0,0,0,0,0,3,0,0,3,4,49,0,1,0,0,1,1,0,36,4,0,0,1,3,0,0,13,0,0,24,0,0,3,1,0,3,0,1,4,0,0,0,0,12,0,0,0,8,0,0,0,0,1,1,0,0,2,9,1,0,64,0,15,3,0,0,0,0,0,1,0,0,0,0,0,0,2,5
"COG3485",0,0,0,9,2,1,2,0,351,6,13,0,2,0,0,28,3,47,0,0,0,0,0,0,0,0,0,9,1,0,20,13,144,0,7,0,0,5,21,0,102,3,0,1,0,15,0,0,21,1,0,17,0,2,6,2,0,2,0,91,4,0,7,0,4,50,0,2,0,14,0,1,0,0,2,1,0,0,10,17,0,0,147,0,21,10,2,0,1,0,0,0,0,1,0,0,0,0,4,9
"COG3486",61,6,0,21,1011,0,2,2,322,3,0,1,4,1,420,1,6,463,44,0,0,0,1,0,9,0,0,67,7,0,0,101,2,182,5,60,1,2,93,0,100,9,74,2,49,24,6,2,17,12,0,8,10,2,9,0,5,3,23,0,111,1,2,0,6,82,0,10,0,9,2482,0,0,1,1,1,51,4,38,30,132,3,86,22,8,5,4,1,9,23,0,129,0,12,0,7,57,0,212,12
"COG3487",53,820,415,0,87,386,71,82,47,755,175,1084,318,276,464,103,819,89,1293,218,634,936,588,3,1407,505,261,129,455,259,324,604,251,364,941,775,583,871,399,176,515,229,712,827,795,606,468,163,489,355,133,128,186,321,260,164,389,62,261,0,14,232,169,122,97,185,38,59,1,156,1,28,328,172,161,174,346,30,256,8,240,207,60,36,170,165,186,366,219,138,177,335,131,72,140,3,79,17,274,158
"COG3488",15,219,301,0,197,259,68,59,45,512,293,338,126,332,337,533,448,137,483,947,227,409,731,559,379,349,248,267,229,365,422,355,192,158,271,478,265,221,389,249,227,921,398,386,416,217,526,228,199,526,502,5726,649,1043,939,771,808,782,1708,8,61,948,852,732,1763,878,853,299,7,926,6,3462,1075,663,745,650,1072,212,1224,43,998,938,431,131,1515,954,686,1290,877,597,459,879,589,848,626,35,1775,624,807,1209
"COG3491",0,0,0,10,2,3,0,0,367,7,16,0,3,0,0,31,8,54,3,1,0,0,0,0,1,0,1,13,0,0,32,14,106,0,7,0,0,3,26,0,140,8,0,3,0,7,0,0,20,1,1,14,0,0,19,1,0,5,0,42,14,1,8,1,0,57,0,1,0,16,2,1,0,0,3,1,0,0,7,21,3,0,146,0,22,11,2,0,1,0,0,1,0,0,0,0,1,0,3,5
"COG3493",32,281,291,43,32,135,218,617,595,44,138,40,82,100,119,85,82,295,235,24,84,279,66,80,65,206,63,114,141,103,110,418,378,55,165,796,92,35,71,103,612,43,355,36,78,465,31,171,292,50,50,251,305,83,180,509,83,117,83,189,63,160,52,118,83,237,53,18,655,141,153,35,333,38,125,100,59,65,15,834,25,41,161,1777,196,46,227,88,409,742,271,570,127,273,195,1072,161,359,514,36
"COG3494",201,107,17,23,282,221,21,311,204,350,28,42,14,65,344,55,63,21,101,34,40,97,77,243,66,49,153,16,67,204,57,109,161,56,26,176,108,163,248,318,263,145,304,32,78,86,264,32,316,234,27,70,59,151,165,48,112,159,183,127,20,68,46,77,65,305,82,118,537,107,0,399,66,23,203,109,70,232,85,10,51,46,110,17,131,57,173,51,79,120,226,133,94,340,1,1256,165,203,309,62
"COG3496",0,0,1,4,1,0,0,0,130,1,1,0,0,0,0,20,3,22,1,0,0,0,0,0,0,0,0,2,2,0,10,4,75,0,4,0,0,1,6,0,42,1,0,0,0,2,0,0,7,1,0,7,0,0,2,1,0,0,0,1,3,1,4,0,3,24,0,1,0,1,0,0,0,0,2,1,0,0,3,24,0,0,42,0,13,2,0,0,0,0,0,57,0,1,0,0,0,0,2,1
"COG3497",131,331,233,85,1970,316,62,529,200,247,187,66,1209,233,1206,189,169,367,533,1970,1432,1033,329,579,168,469,119,407,549,68,126,529,249,1119,248,322,221,46,443,255,242,72,294,1283,517,656,296,414,714,531,351,222,264,420,980,574,243,209,411,143,224,310,645,285,109,243,288,1535,4,173,399,22,380,157,194,1545,283,226,294,22,370,127,474,91,487,495,358,694,322,277,199,1183,283,421,103,45,223,119,691,221
"COG3498",47,101,11,65,1140,72,49,182,59,60,69,10,377,49,710,105,42,227,37,6,69,58,165,419,37,107,69,132,132,50,41,107,238,363,89,35,40,7,47,53,87,61,70,125,136,121,112,5,322,160,88,92,22,110,331,134,40,83,49,78,132,128,373,54,73,91,104,28,1,36,18,3,81,57,46,550,19,159,102,6,47,49,172,30,137,201,80,234,36,49,83,104,102,132,35,20,91,24,38,125
"COG3499",14,25,3,53,1014,1,1,2,7,11,45,0,140,0,134,2,4,87,42,5,1,1,0,343,0,0,0,44,63,0,0,74,72,126,2,8,16,6,2,0,1,1,1,0,53,35,1,7,0,1,0,22,5,23,0,4,3,6,0,38,56,0,8,0,30,21,0,2,0,8,10,0,3,36,1,0,16,3,29,3,0,3,2,14,6,2,18,1,15,9,1,82,1,15,1,4,0,2,40,0
"COG3500",93,301,174,98,2286,229,47,370,109,222,192,50,1096,144,1212,181,140,311,464,715,735,966,309,442,151,406,72,293,415,51,95,481,225,618,136,244,147,42,388,157,130,85,185,602,381,676,224,327,677,414,289,187,166,364,899,577,226,212,263,65,238,223,740,204,108,230,205,1214,2,150,259,25,288,113,191,1159,212,300,367,24,509,91,336,53,368,243,509,574,266,241,253,1442,209,493,97,39,201,93,202,194
"COG3501",124,689,444,415,1992,384,34,257,1071,2684,943,116,5052,1223,841,107,3258,1374,577,1118,604,323,396,709,438,220,427,702,1791,321,1220,1033,1386,800,1424,285,3846,283,429,102,1288,905,119,1026,1907,699,181,245,2024,241,678,285,2292,531,2584,1452,584,247,387,400,453,700,717,425,449,1276,92,40,5,98,2707,747,2012,763,178,109,826,748,1259,236,676,581,454,1645,1205,622,971,3684,3639,1606,377,1568,3148,1179,1520,90,177,119,994,530
"COG3503",9,81,18,598,140,205,158,35,102,71,223,121,278,228,198,181,283,210,21,86,120,189,307,22,204,247,240,285,160,239,470,33,124,162,299,81,69,107,273,217,365,36,190,265,238,13,227,219,294,24,147,28,164,144,120,254,66,446,211,17,10,138,145,161,177,70,92,471,142,20,2,58,115,451,129,545,20,171,86,241,49,159,453,349,43,364,50,122,177,61,317,0,126,68,175,95,96,57,72,520
"COG3504",52,66,1,120,10,32,2,2,37,2,16,8,1,4,281,510,6,419,27,2,0,10,4,18,57,0,117,101,13,11,36,21,1,5,9,11,14,117,18,271,245,14,62,113,30,43,69,5,206,55,80,32,0,62,106,69,32,27,33,53,322,29,45,3,1,285,0,2,346,48,129,409,68,0,7,30,1,98,0,31,6,2,6,14,15,33,21,1,0,1,46,22,56,0,1,202,8,17,0,28
"COG3505",3883,10712,9835,12966,6414,9632,6135,5207,4046,16106,9469,9844,8087,14792,13080,9860,13279,7247,6467,6178,9528,11083,9816,7448,11481,10707,13020,11529,9741,7330,17716,11561,10514,16582,11223,12348,13939,6763,12892,16110,9775,6090,13733,9858,13210,3916,9374,11778,12041,7483,12389,8173,13398,8769,11162,12102,18155,13389,12559,5463,3792,11975,12570,10460,6860,8891,7107,19135,4458,7219,7162,9982,13429,13554,10222,15826,9077,10300,9390,6605,10295,9883,13363,14043,10975,12709,6052,8310,12663,9384,7795,4147,14396,9068,14551,4648,8692,4647,7143,16038
"COG3506",30,632,380,606,158,360,479,285,339,274,1091,315,352,272,196,107,199,243,804,1511,402,305,191,108,433,291,211,555,152,997,156,469,221,167,322,221,363,315,250,612,254,627,245,169,383,502,157,261,153,460,168,148,306,516,553,251,827,505,381,120,62,142,343,716,167,768,120,92,16,269,27,273,722,189,297,173,561,306,568,129,477,198,259,192,245,360,348,276,247,107,658,977,218,390,403,687,203,1235,686,180
"COG3507",4284,11743,15320,3421,4738,9677,8149,9223,4813,16302,11891,13276,12062,10487,7166,7246,16628,6041,14078,12466,18169,11403,12531,9356,14414,8165,9134,10852,9886,11143,14143,20753,11523,3186,11664,23516,18570,17928,9735,6785,10463,17378,12592,10058,13648,16039,10530,9044,5961,11090,10581,9281,10960,17063,15836,15889,15661,5848,12232,3651,19853,13684,15300,9860,11436,12106,10114,5285,3759,17610,1063,12087,13435,8694,18439,8338,16308,10225,18714,7014,20993,9241,5094,11816,12678,10449,18957,14665,12982,15552,13679,15261,8644,11766,12873,9186,12154,14365,17349,6481
"COG3509",7,1,35,0,181,248,270,622,161,7,11,145,6,276,72,281,211,280,0,2239,30,81,57,701,52,77,88,22,64,35,28,3,90,31,39,45,95,4,230,233,28,1604,456,59,38,0,1321,453,68,511,174,0,45,7,65,113,0,653,372,0,15,99,59,95,83,113,930,131,0,239,1,141,4,93,21,54,3,37,349,247,8,136,49,26,27,31,25,7,18,114,187,0,90,68,0,1,774,405,0,137
"COG3512",506,557,72,330,51,237,303,132,408,284,259,341,133,382,216,734,119,215,589,892,323,283,122,47,542,253,263,247,173,351,364,348,143,190,488,129,112,164,173,284,171,422,154,303,647,219,146,644,396,170,116,92,332,352,192,150,86,205,216,323,95,368,82,424,217,397,535,193,175,325,1,37,241,228,129,149,177,192,167,184,144,326,361,194,420,304,151,313,291,131,153,146,376,133,352,239,118,72,394,259
"COG3513",4754,4252,527,2878,987,1449,2702,604,1941,1942,1074,2642,1209,2298,1356,5003,930,1398,3081,7653,2254,3340,834,361,3558,1385,1807,1861,587,2314,1557,2266,1172,1310,3044,1635,586,886,1466,1642,1464,1360,1028,2191,2971,1844,4002,3069,2704,1086,477,866,3455,1858,1600,966,326,1660,1415,2829,876,2938,1733,2997,1804,2678,3314,1319,1266,2244,7,263,1322,1647,742,1170,2243,1378,1201,1643,1196,3473,2830,1282,1360,3071,1826,2420,2955,935,1278,620,1834,1433,2907,472,703,353,3014,1799
"COG3514",10,7,1,29,200,0,0,0,4,8,5,0,0,0,6,2,0,114,35,0,0,0,1,68,0,1,0,9,9,0,0,3,0,1,0,6,3,3,11,0,0,2,1,2,19,20,0,10,0,0,0,16,4,4,0,0,0,2,0,0,12,0,1,0,11,0,0,1,0,2,320,0,8,1,0,0,13,0,1,1,0,0,2,2,7,2,4,0,2,1,1,4,0,3,0,0,1,0,48,0
"COG3515",35,96,393,231,1537,6,13,26,371,49,59,3,6,22,392,43,29,821,131,3,10,2,9,163,16,5,10,143,172,6,40,355,414,312,12,39,36,42,127,10,174,22,8,6,184,118,14,82,226,35,1,128,30,80,21,16,35,27,61,116,285,9,27,6,53,234,8,36,0,17,2285,10,60,46,8,46,71,19,45,147,170,21,126,34,18,20,27,2,51,25,24,253,17,166,0,18,10,2,356,25
"COG3516",18,65,104,53,305,6,0,1,66,25,31,0,1,10,121,14,22,156,44,4,7,6,11,172,12,5,7,21,53,4,8,93,88,62,10,28,33,28,35,9,68,11,1,10,55,59,8,18,126,13,4,23,17,31,4,12,13,16,11,86,55,9,6,4,11,146,6,18,0,18,399,2,14,12,9,22,28,29,11,56,82,13,73,3,15,6,31,4,29,5,8,122,9,101,0,8,7,0,57,12
"COG3517",50,96,274,158,956,8,5,3,197,42,51,0,7,18,251,28,39,406,106,6,11,5,12,259,15,5,5,49,148,1,30,183,301,166,9,48,54,36,45,10,75,14,1,14,132,128,8,53,193,24,9,108,33,41,13,17,14,19,25,150,193,12,18,5,14,157,6,18,3,18,1453,10,60,45,10,37,46,33,45,88,170,12,104,15,37,18,42,5,50,11,13,197,11,128,0,20,6,1,160,15
"COG3518",5,2,0,20,56,1,0,1,158,2,4,0,2,1,51,9,6,51,15,2,0,0,0,31,2,0,1,5,0,0,16,87,9,59,4,6,11,6,6,0,14,2,0,1,14,16,0,1,65,3,0,17,2,5,6,0,0,0,12,40,25,1,1,0,3,54,0,0,0,6,122,3,3,7,0,11,29,2,7,32,16,1,21,4,12,7,3,0,2,1,1,138,0,23,0,1,1,0,11,3
"COG3519",48,92,148,180,934,3,8,5,364,42,51,2,9,19,255,34,52,371,187,7,7,3,18,291,20,3,17,47,92,10,32,202,289,185,21,45,76,52,49,14,110,8,4,8,125,120,16,40,101,25,2,108,33,30,25,12,18,24,26,190,159,5,20,5,24,142,8,9,0,12,2983,11,42,37,8,46,43,38,58,110,157,20,144,20,30,24,42,5,47,9,15,153,12,122,0,12,13,0,154,24
"COG3520",10,40,103,73,503,3,5,3,331,32,36,2,5,2,129,26,21,193,84,6,2,2,6,0,3,2,2,22,35,3,21,165,153,110,9,15,20,29,33,1,96,8,1,4,67,46,15,15,97,6,0,49,13,16,21,10,4,16,20,115,88,6,7,1,10,106,4,3,1,12,1615,4,16,23,5,33,34,9,16,76,85,2,124,12,17,9,11,3,28,8,9,101,2,74,0,7,3,1,71,19
"COG3521",24,10,1,64,454,1,4,4,238,5,11,1,1,2,108,14,7,156,32,3,1,1,0,0,5,1,2,26,0,0,19,104,102,63,0,11,22,13,21,0,50,6,0,2,74,63,4,18,76,9,1,35,1,13,8,3,0,3,12,81,73,1,8,1,11,82,1,1,0,13,632,5,28,11,0,8,23,3,20,54,48,1,75,7,17,9,9,0,1,3,12,73,0,35,0,4,1,0,54,14
"COG3522",33,73,144,114,752,2,3,5,401,32,56,3,6,11,173,45,32,291,72,8,5,1,1,0,6,3,5,35,69,2,29,176,227,146,9,29,48,29,40,7,151,16,3,0,100,88,7,22,129,24,1,83,31,21,30,6,10,10,44,152,155,1,22,6,14,175,6,4,2,15,1082,8,41,21,7,41,30,23,33,81,125,13,189,12,42,21,27,8,23,9,16,215,9,105,0,11,5,0,93,24
"COG3523",42,49,6,140,1179,8,10,22,789,31,65,5,5,3,251,89,30,594,88,14,5,0,0,225,6,4,7,87,0,1,84,405,323,353,6,46,71,77,44,2,237,12,4,9,103,111,16,20,176,7,0,78,9,42,45,7,3,11,44,303,151,3,21,5,36,250,3,20,2,27,1855,16,44,61,7,66,47,7,53,184,94,9,300,12,47,31,16,3,23,26,31,280,0,144,0,8,6,3,88,41
"COG3524",49,38,3,51,2,5,2,2,31,26,23,3,1,10,8,5,16,293,91,2,4,3,6,2,7,2,4,1,4,2,9,102,9,144,10,44,38,1,94,12,2,34,9,3,65,96,3,5,47,45,10,82,6,15,1,3,12,15,76,1,149,8,71,0,5,105,9,22,0,7,75,3,12,8,38,52,34,26,34,1,144,9,3,12,10,4,34,39,19,21,27,17,3,87,0,11,9,2,119,0
"COG3525",2035,18609,17256,3263,10217,8101,3874,3343,5799,15892,23595,13901,16798,15149,10074,9948,13457,7398,26832,4671,18493,12506,8890,6725,16161,7560,8156,10373,16818,8185,19876,21634,10570,10653,8101,21819,16476,21967,13236,10179,12944,16947,13487,14001,20219,22092,13758,9703,10801,15114,6871,5001,14296,20594,12772,15527,24429,9485,16755,1848,4112,15751,13810,10475,15557,15284,8195,5033,4907,20873,1721,21345,19422,14264,15200,9319,16914,13929,23034,3140,24711,11578,5879,13002,24039,12456,22140,16978,16274,16702,13613,26347,9992,15710,15602,1670,11490,3827,22168,10493
"COG3526",0,0,0,0,0,0,0,0,46,0,1,0,0,0,0,1,0,5,0,0,0,0,0,0,0,0,0,2,0,0,1,1,30,1,0,0,0,0,1,0,12,0,0,0,0,4,0,0,3,0,0,6,0,0,2,0,0,1,0,33,1,0,0,0,3,3,0,1,0,2,0,0,0,0,1,0,0,0,1,4,0,0,21,0,5,0,0,0,0,0,0,2,0,0,0,0,0,0,0,0
"COG3527",3,6,13,122,9,21,41,370,140,2,11,147,0,1,217,25,30,28,19,1,0,11,4,11,19,3,16,6,13,62,11,9,50,18,10,0,0,4,10,1,48,3,12,18,14,4,0,3,59,39,11,33,0,15,3,0,0,101,2,888,1,62,8,1,7,42,70,97,1241,8,0,1,1,4,3,0,1,2,4,55,1,4,203,1,9,6,11,0,1,0,4,88,9,3,3,51,13,4,20,13
"COG3528",3,1,0,0,353,0,3,0,0,0,0,1,0,19,0,12,0,0,0,0,0,71,0,0,0,0,0,0,1,8,7,0,204,33,0,0,0,0,10,0,0,0,0,3,0,0,194,0,0,1,0,0,0,0,0,0,0,78,0,0,0,0,0,0,0,0,25,60,0,0,0,0,0,0,1,0,0,0,0,0,2,0,7,0,0,0,0,0,0,0,0,0,2,0,0,0,31,0,0,0
"COG3529",3,14,25,20,87,1,1,1,50,8,37,1,22,0,20,12,2,111,13,0,2,0,0,96,0,0,0,18,14,1,3,14,37,23,3,4,6,0,7,0,18,4,0,0,24,17,4,3,37,3,0,8,3,21,0,4,5,1,5,24,25,1,2,0,14,39,0,1,0,5,214,0,7,5,3,4,5,2,2,14,24,2,25,2,7,1,8,1,3,2,2,36,3,10,0,1,1,0,12,1
"COG3530",11,19,23,15,172,0,1,3,72,14,42,1,50,0,21,9,3,145,11,0,2,2,0,97,2,0,0,32,15,0,5,23,61,35,0,7,8,1,13,0,25,2,1,1,17,20,7,10,40,3,0,20,1,17,2,5,9,5,4,20,24,2,0,1,19,25,0,7,0,8,263,0,6,7,1,7,9,4,13,13,16,2,22,6,9,1,9,2,8,4,2,27,0,13,1,1,33,0,30,0
"COG3533",1851,7520,12414,6480,3895,6131,4450,5873,2840,11602,8995,6519,10464,8782,5871,7170,8634,3776,9433,9092,15074,7775,7940,7253,10262,5924,5178,5384,6764,6528,10081,14039,8613,4064,8287,15837,12221,16547,9369,6613,7852,10764,8002,7092,10669,17274,9366,5148,6051,8223,5785,2709,10316,12845,12028,12438,13451,6692,9563,1978,9793,10185,9831,6463,5317,8273,5872,4282,3623,7716,933,8265,11198,6355,17492,5952,10567,4725,15316,4394,13264,7427,4488,8206,6140,5895,13723,8112,12855,10368,10492,13218,6592,9658,11001,6242,6034,10680,8054,2670
"COG3534",1260,6090,7114,5762,2433,4720,4010,5232,1827,6919,4973,4593,5997,4850,3958,6930,4349,2112,5788,10867,7560,5164,4139,9293,6202,3948,5840,3227,3944,4392,5771,6152,4943,2875,5265,8947,5919,5587,5300,3748,4426,7739,5067,4768,4369,5729,7278,4338,3387,5970,4187,1215,4895,6759,6830,6112,6338,4201,7717,2548,8775,4857,5924,4107,7860,5527,5646,2803,2196,8635,833,11391,4575,4331,7074,3510,6640,2774,6995,4180,7251,4331,3226,4522,3806,3429,6560,4085,5228,4649,4553,7285,3895,4667,5549,3793,8789,10982,4982,2226
"COG3535",397,20,33,48,92,108,141,291,0,36,4,31,6,46,111,71,39,50,1,11,4,166,25,51,126,20,49,34,6,60,135,13,147,498,99,11,59,20,127,50,137,12,25,184,11,1,47,28,173,30,142,61,26,56,40,38,26,160,55,15,2053,45,19,40,47,29,73,225,4,10,133,4,20,13,24,54,6,25,1,550,11,33,306,69,58,34,23,3,21,41,2,1,19,35,32,25,35,11,22,34
"COG3536",278,0,0,0,0,14,18,2,42,53,9,8,0,39,27,15,13,3,7,3,0,18,0,0,0,0,30,23,31,6,0,7,0,3,1,8,8,26,22,16,3,25,23,0,9,56,5,0,8,76,17,0,0,43,18,25,0,26,20,0,0,13,50,13,2,5,20,0,0,0,0,0,11,2,35,20,0,12,8,5,0,1,3,1,3,5,27,54,0,0,23,0,17,14,0,2,8,7,2,10
"COG3537",2256,23220,16915,1964,8818,12212,3133,5603,8221,21746,28709,17215,19360,19871,10251,10177,13086,5512,35395,3914,25341,23680,12444,6563,27272,9711,7985,12692,17485,13210,19399,26615,11976,10354,9858,31717,23353,33102,16804,10104,8552,22317,21459,15673,24850,35344,14356,9641,11886,21311,9130,16403,15218,29147,21564,22539,33168,8020,24906,661,3122,18409,18029,13518,13963,21803,7658,5458,3672,15511,134,17468,20976,17140,19881,13363,27807,13103,34165,2399,31318,15715,5825,12148,20274,12395,31178,15605,19249,16064,20511,40726,13297,19372,18505,690,10684,3687,34494,12304
"COG3538",525,2502,1720,418,988,1033,189,629,320,2222,3034,3534,1915,1741,1011,1429,1616,467,3309,381,2374,2713,1536,1191,3889,631,1242,1000,2518,873,2455,2670,1361,778,2449,4129,3377,1420,2569,585,1075,1752,3227,1387,2007,1925,3418,930,2106,1921,1738,2627,1747,3670,3689,2579,4070,739,2316,460,2571,2076,973,879,2408,2050,946,752,999,2952,146,2869,2776,2094,2324,1242,3574,1226,3160,843,3614,1605,1192,811,2573,1589,2744,2788,2514,1713,1757,2975,1381,1708,1784,1175,1793,566,3182,1393
"COG3539",375,601,1435,1132,6142,33,60,66,1664,624,1264,18,1372,33,1503,252,82,5362,863,58,51,4,5,2734,55,6,3,1470,620,4,172,501,1939,968,47,160,175,147,434,4,510,95,36,37,876,820,55,278,1518,97,0,546,111,503,41,79,248,166,208,972,1236,42,77,23,570,1168,20,61,0,162,8284,24,190,304,22,237,302,70,270,493,1111,55,701,133,364,87,237,56,186,157,45,1734,13,638,1,36,45,12,1163,44
"COG3541",155,158,205,13,98,165,64,686,97,739,45,79,34,123,178,154,77,243,60,694,118,53,261,508,167,149,287,84,63,86,14,95,191,511,91,55,101,58,102,66,214,36,144,149,114,630,48,96,708,460,118,11,6,38,33,19,47,29,27,35,7,7,14,90,16,151,244,47,26,36,177,9,22,23,29,26,19,36,11,121,54,49,27,34,16,20,61,14,9,40,3,35,21,26,55,10,17,373,139,22
"COG3542",0,50,6,7,239,56,6,39,23,12,14,45,2,51,92,2,13,9,21,4,120,49,60,17,61,112,145,9,12,68,10,8,172,106,81,34,79,9,29,22,67,8,27,33,14,17,11,9,58,42,240,12,18,47,173,86,7,20,45,11,455,13,11,10,85,105,22,24,95,7,22,2,15,35,28,21,83,27,1,276,92,11,77,6,29,99,23,18,31,7,12,55,39,25,4,8,60,15,8,29
"COG3543",11,166,200,910,18,140,224,186,104,129,92,247,115,147,36,96,146,191,21,153,226,182,124,63,142,195,176,226,105,166,326,43,155,256,275,132,90,39,132,87,385,11,109,200,245,19,149,115,181,51,46,6,75,26,26,38,10,72,49,64,16,85,52,66,52,23,65,54,16,45,14,27,70,87,23,17,29,82,0,115,22,11,101,108,18,93,18,75,72,20,109,4,15,12,157,54,24,70,7,94
"COG3544",13,103,50,89,95,81,13,2,433,142,24,14,3,21,49,3,5,34,46,8,12,64,230,133,12,51,9,9,7,22,28,39,33,23,101,20,41,138,42,111,92,76,23,5,14,37,41,3,16,94,43,6,9,29,11,11,87,9,8,28,8,3,16,114,20,223,3,5,5,10,288,255,47,10,114,16,14,69,5,34,8,7,78,12,62,58,36,9,14,6,153,75,12,79,4,741,11,69,173,20
"COG3545",0,0,0,0,0,3,0,12,1,0,0,1,0,0,0,1,0,4,0,0,0,1,0,0,48,25,3,6,0,36,0,0,0,60,8,0,0,0,0,0,0,0,0,0,24,0,0,1,1,2,17,0,0,17,7,0,0,58,0,4,1,5,0,1,30,0,84,30,59,0,0,0,0,0,0,0,0,4,0,3,0,1,0,0,0,12,0,0,0,0,20,0,350,2,0,0,0,2,0,136
"COG3546",413,864,645,921,425,610,675,298,1068,122,398,504,337,1167,539,304,424,465,417,187,755,579,518,127,794,632,730,488,515,387,651,278,539,1264,790,299,458,139,594,640,990,118,729,816,169,381,269,339,547,241,941,78,477,403,561,454,298,522,362,443,357,486,685,847,469,253,898,1063,372,189,555,175,827,619,254,475,710,845,222,846,376,370,1246,510,194,673,208,371,359,388,668,769,1363,238,766,288,400,268,507,561
"COG3547",4694,6372,9686,16164,6485,5859,11728,4006,5877,5607,3269,7375,8667,5150,9090,8541,11148,4228,4627,10490,4296,4300,11395,6967,5325,5907,9109,7603,9196,7188,6746,4096,5162,8064,7865,4932,4117,2501,6416,9207,6587,9162,5551,7973,5989,2441,3466,8486,6132,5235,9562,14568,5074,5437,4783,6105,5097,9862,7417,7454,4778,7368,6899,5361,20564,6736,6197,7523,2720,30488,8823,16322,6801,6229,5926,7335,12721,6373,6120,10164,13250,4575,8075,7222,10155,7795,7488,14787,3540,2356,4687,2611,6620,6137,5562,3710,18823,12061,6340,8264
"COG3548",0,2,5,46,63,29,5,690,17,2,24,0,3,6,2,1,18,2,5,1,5,1,2,7,0,2,6,2,3,77,1,58,0,199,5,4,10,3,53,22,50,1,1,17,1,61,2,9,82,25,5,0,9,9,5,4,1,18,0,730,215,0,8,33,3,21,11,13,82,2,16,0,4,5,8,7,12,2,92,335,80,0,20,1,1,1,115,11,0,12,2,16,4,3,15,7,4,1,176,1
"COG3549",89,38,3,1,0,10,26,2,30,3,26,5,69,39,34,44,12,15,22,5,7,14,14,5,6,4,35,12,13,4,2,37,6,95,7,8,40,11,1,21,30,1,6,8,19,75,7,6,78,47,21,25,15,41,24,5,0,11,49,56,44,3,1,6,9,41,53,22,1,4,26,3,5,34,12,18,11,4,7,19,7,4,67,9,11,17,3,12,3,5,0,2,6,86,6,16,22,6,2,11
"COG3550",1483,807,865,1077,742,1283,756,882,536,1653,794,794,986,918,1429,1448,849,821,1270,2330,1469,636,801,2119,1000,1650,1311,979,1087,476,839,2166,937,738,1252,1315,906,794,1131,1421,467,1484,1689,1084,1326,880,738,1589,1487,1374,3507,4050,6201,2834,2898,5345,8131,2506,3135,948,691,6319,4966,3238,4075,2996,5136,1871,599,6462,738,7811,3035,3046,7485,1272,5608,1272,8213,1381,2369,5472,2101,1998,7159,3360,2875,3938,6820,3101,3724,2912,2631,2995,3551,437,6122,6493,3367,4551
"COG3552",0,0,0,0,10,3,0,0,0,0,0,0,4,5,0,7,18,18,0,0,1,1,2,0,5,1,72,0,0,16,0,0,0,243,24,0,0,0,0,0,0,0,0,1,2,0,2,1,0,0,48,0,2,91,4,9,0,23,0,0,0,0,4,0,0,0,9,130,0,0,0,0,0,10,0,25,0,0,0,4,0,0,22,1,5,0,0,0,0,7,0,2,0,0,0,10,3,10,0,2
"COG3555",0,0,0,8,0,0,0,0,187,1,9,0,1,0,0,20,3,30,0,0,0,0,0,0,0,0,0,17,0,0,14,2,49,0,2,0,0,0,10,0,46,1,0,0,0,5,1,0,15,1,0,5,0,0,6,1,0,1,0,80,4,0,5,0,0,81,0,2,0,8,0,0,0,0,1,0,0,0,9,17,1,0,86,0,16,4,0,0,0,0,1,0,0,2,0,0,1,1,1,4
"COG3557",480,12,54,133,29,7,43,9,75,2,64,1,9,1,10,20,4,14,15,2,12,3,57,4,53,14,20,3,8,7,7,8,34,97,27,1,6,4,12,39,19,1,10,12,0,29,12,6,36,41,30,8,16,14,16,9,5,16,5,1005,50,8,10,115,4,6,167,34,38,8,11,3,0,23,1,9,7,18,11,14,1,10,152,20,3,77,7,3,6,7,7,0,547,5,37,18,27,6,28,81
"COG3558",0,0,0,3,0,0,1,0,187,0,2,0,0,0,0,17,9,13,3,0,0,0,0,0,0,0,0,5,0,0,9,5,66,1,4,0,0,0,6,0,48,6,0,0,1,6,0,0,10,0,0,13,0,0,3,0,0,0,0,52,1,0,2,0,1,20,0,0,0,7,2,2,0,0,2,2,0,1,3,7,0,0,57,0,11,1,0,0,0,0,0,0,0,1,0,0,0,0,0,4
"COG3560",538,828,752,72,362,508,98,520,332,893,565,680,553,646,689,41,756,337,1119,52,828,508,395,132,865,385,360,311,874,186,912,1085,331,475,656,927,945,1155,749,586,398,511,619,679,972,791,372,376,770,583,441,103,711,817,684,833,973,379,694,549,234,992,695,261,226,765,109,223,718,456,6,491,874,648,804,643,883,588,1228,69,1146,703,177,462,1243,344,1143,946,724,1152,696,952,502,780,683,685,444,128,1004,269
"COG3561",170,143,295,72,1091,184,21,168,205,186,87,484,218,298,402,1323,46,630,207,17,88,51,7,101,63,170,233,17,145,194,314,38,84,423,81,20,60,110,42,50,104,133,81,232,208,96,125,305,1195,281,90,8,115,82,567,272,13,107,153,974,192,296,202,1230,68,29,428,371,0,173,85,52,272,162,16,43,27,1228,99,15,146,66,79,1109,110,165,10,31,78,23,181,67,147,15,43,125,1178,121,128,223
"COG3562",25,39,4,23,3,4,0,4,43,46,24,2,0,20,6,1,28,185,69,1,14,0,10,2,8,3,0,3,2,2,7,58,23,160,12,27,31,4,76,18,5,37,18,2,57,52,4,7,96,46,23,54,12,19,1,11,9,17,77,3,117,6,88,1,7,62,14,8,0,4,59,2,14,4,56,23,41,31,27,0,78,18,4,4,15,5,33,110,14,10,41,12,18,80,0,12,10,0,85,0
"COG3563",55,41,2,25,3,8,1,5,125,41,16,2,1,10,6,4,21,233,75,1,2,3,7,2,11,5,0,1,2,4,6,124,10,138,11,49,54,6,112,20,2,31,28,4,64,100,6,3,89,195,3,103,5,4,1,1,10,14,108,2,127,6,92,2,4,74,20,6,0,3,168,1,8,16,39,28,24,32,58,1,72,7,3,22,13,2,37,80,13,10,43,9,10,61,0,17,9,2,86,1
"COG3566",3,63,1,1,2550,391,73,4,1695,0,2,8,343,38,86,20,143,45,15,11,3,29,129,3,95,258,286,24,8,64,85,2,65,50,15,145,420,12,195,8,4,80,32,54,69,15,123,15,148,1048,141,74,12,23,76,13,55,17,11,151,1,76,124,26,17,406,24,239,5,5,3,3,11,63,5,55,11,124,0,9,94,22,46,32,162,61,99,1201,22,2622,11,4,16,24,7,43,93,8,3,83
"COG3567",0,77,1,0,2471,287,162,0,1252,1,12,320,578,44,89,10,453,74,7,7,2,48,88,1,96,168,418,23,0,28,84,2,129,53,22,110,220,5,234,5,3,101,17,16,61,0,177,12,243,783,166,53,8,37,100,13,55,33,6,184,3,49,96,43,34,290,46,531,6,4,3,4,14,10,1,41,22,164,0,17,100,16,116,22,389,104,114,673,16,2243,0,2,39,32,8,31,74,8,4,165
"COG3568",1990,3029,3790,272,1804,2027,715,1356,1745,3875,2865,3628,3029,3169,2470,947,1989,1733,7396,943,3305,4292,1722,267,3552,1541,2165,1647,3569,1237,3414,4473,2036,1954,1823,5057,4225,3995,3494,3066,3343,3105,3308,2800,3611,4731,3538,1639,3275,3478,2047,2147,2801,4597,3082,3235,5747,2390,2963,917,485,3646,3155,1635,1408,3420,1019,1859,539,1936,507,1411,4184,4548,3040,2820,4949,2914,4443,945,5263,3032,2013,2545,5051,2153,4547,3414,3491,4558,2973,5542,2908,3303,4092,261,2659,366,7283,2212
"COG3570",21,19,73,35,2,20,3,33,1,33,3,0,1,2,5,22,40,357,21,0,130,2,1,10,5,1,28,71,13,1,0,78,0,0,2,44,81,21,29,0,24,29,10,7,69,41,7,0,34,119,21,37,1,82,0,28,0,5,0,0,57,2,2,40,1,21,2,1,0,3,52,0,75,13,1,0,0,3,9,14,1,25,21,0,31,12,6,1,0,66,0,1,528,18,1,0,13,7,0,8
"COG3572",94,123,239,177,319,82,123,227,139,8,111,360,116,32,149,31,92,75,9,10,29,44,26,304,63,88,73,38,102,272,270,8,32,27,99,31,32,11,35,58,169,11,145,42,27,6,124,16,27,66,23,53,19,136,105,25,5,120,131,1460,2256,22,100,46,22,46,88,104,1249,13,2,11,8,138,68,73,3,49,25,635,13,94,42,57,118,46,6,20,9,27,8,0,71,8,23,1069,9,92,11,75
"COG3575",497,3,19,2,0,2,1,1,3,0,4,0,0,0,0,0,0,0,1,0,1,0,0,18,1,0,0,0,1,0,0,2,0,0,6,0,1,0,0,0,1,1,1,0,0,0,1,0,1,25,0,13,1,0,1,0,1,1,0,543,0,1,1,0,1,0,0,0,0,1,0,1,1,3,1,1,0,0,0,1,0,0,2,2,0,1,0,0,1,0,3,0,0,0,1,1,0,0,15,0
"COG3576",0,26,63,40,97,5,32,551,154,2,21,99,0,3,49,18,54,38,26,2,10,22,4,186,11,4,3,8,24,98,14,8,59,0,17,12,2,5,12,6,100,5,3,5,11,4,2,2,9,6,5,42,8,2,17,16,0,14,24,132,735,27,10,29,4,32,36,25,421,12,0,3,1,58,13,17,0,9,11,377,3,0,102,25,14,5,1,19,14,91,2,0,10,23,9,412,5,15,5,11
"COG3579",2451,2289,2345,582,1080,1688,915,4544,901,2645,2999,3521,1978,2032,2379,1965,3073,675,2385,2025,1942,2620,2549,2326,2872,1194,1410,1456,2569,2701,2516,3797,1417,949,2026,3637,3179,3704,1973,1555,1468,3696,2632,2175,3477,2813,2545,1507,1980,2717,1224,3916,2260,2731,1975,2354,2665,1390,2710,2090,6300,2944,1735,1661,2220,2355,2093,853,3962,3212,21,2748,3834,2348,2511,2218,2496,1991,3435,3748,3443,2647,1068,1656,3326,2349,3808,2922,2763,3365,1892,2132,4998,2855,2323,2285,2516,2415,2065,2615
"COG3580",7966,3582,2987,4111,1659,5011,6137,5340,3899,2578,2014,2795,3237,3495,2812,3164,3356,3274,1153,4187,3756,3866,3807,4605,2817,4028,3640,5096,2843,5205,2441,1327,3606,4327,2587,1989,2463,1837,3759,4005,3242,2510,3449,3303,1885,1665,4953,4282,2861,2570,4429,905,3618,2055,3562,3113,913,3906,2212,3191,5413,2670,3584,5104,2952,2079,4218,4001,7589,1421,1575,2295,1110,2955,3350,3868,2337,3819,1745,5872,1203,3541,5161,7649,1271,3909,1282,3039,2750,2081,5094,2283,5121,3074,3565,8406,3361,4914,2202,3278
"COG3581",7134,3542,2776,3111,1473,4845,5353,4489,3661,1698,1934,2710,2118,3128,2834,3060,3002,2675,940,3899,2815,3344,3535,4291,2575,3601,3653,4713,2722,4505,1871,1312,3197,4217,2462,1719,2432,1690,3521,4013,2459,2494,3061,2748,1134,1279,4704,4148,2750,2442,3846,865,3141,1726,3124,2589,855,3644,2012,2975,5363,2424,3284,4970,2839,1976,4007,3294,7326,1284,1475,2004,1013,2629,3047,2713,2652,3901,1583,4398,1083,3164,5071,4902,1132,3471,1178,2530,2311,2039,4483,2289,4916,2972,3316,7721,3184,4418,2054,2725
"COG3583",250,445,152,1042,188,657,442,677,534,587,319,627,737,494,526,396,497,452,33,459,427,294,211,363,482,468,547,525,397,793,798,147,232,1043,534,297,293,280,407,515,1652,252,389,564,455,24,671,259,674,340,340,61,493,385,281,434,134,1121,547,190,267,247,368,730,329,363,700,1485,1551,161,4,663,476,998,547,1173,118,1705,182,669,174,499,1048,676,247,480,100,324,588,149,719,10,951,184,721,1716,157,627,101,761
"COG3584",1185,597,500,1171,282,750,722,877,1068,645,353,617,890,685,745,365,653,813,141,505,538,540,563,364,588,842,927,597,548,783,389,394,470,1297,762,342,420,318,576,1472,1890,270,512,672,679,114,832,321,962,614,455,94,637,391,381,634,996,1338,594,846,321,563,579,771,742,582,686,1763,1236,187,472,757,630,1343,638,1289,164,1060,257,883,215,462,1443,969,524,489,209,456,678,352,827,202,1026,300,950,1900,215,833,512,822
"COG3585",156,14,61,311,3,16,132,5,131,32,31,11,3,21,11,6,25,53,10,8,3,12,16,3,11,10,18,4,25,8,12,9,7,4,24,2,11,10,17,10,13,12,11,22,10,37,12,18,16,55,4,7,17,56,13,9,6,12,11,207,29,8,26,23,5,7,16,1,11,5,0,17,5,54,26,31,13,6,10,48,2,7,12,30,7,11,9,43,8,10,27,5,9,10,34,19,8,18,2,15
"COG3586",175,908,120,751,1381,409,147,11,97,249,570,128,557,78,260,53,42,66,493,33,114,80,40,794,153,26,56,78,271,59,38,399,68,590,103,38,171,181,227,268,158,112,110,13,51,340,62,13,505,221,70,29,208,280,78,294,819,316,233,16,194,28,195,214,291,791,32,121,573,168,2,433,106,848,217,33,363,670,341,117,356,966,294,332,157,124,219,174,138,49,364,783,30,336,293,697,179,19,139,199
"COG3587",4424,1712,372,414,443,2374,1144,3093,1482,1016,682,2143,4037,3328,546,1852,1996,874,321,4510,1621,1944,3205,2074,1673,1901,1366,483,1246,1988,560,1588,1146,1117,427,1609,1659,731,1110,677,887,3757,908,825,3368,3705,2127,1212,1952,1207,1289,4232,4685,1390,255,1253,1501,857,1402,137,431,1693,686,1274,971,1529,3582,1117,1294,1227,8,7234,2800,1494,1023,642,1259,1156,636,1070,1205,1077,1100,538,1660,1064,2993,1521,5114,1564,2390,1670,1887,936,3919,2371,2609,5181,956,567
"COG3588",10,26,31,180,35,77,0,7,11,9,4,6,3,21,20,3,0,1,49,7,2,3,2,0,9,5,0,8,11,6,10,51,3,295,6,6,7,16,3,3,13,3,14,6,12,17,2,39,10,54,59,5,8,46,14,0,22,2,11,1,22,5,6,159,83,10,96,2,1,4,129,1,27,5,3,17,6,565,7,3,2,1,17,4,7,35,33,44,7,8,7,61,90,5,31,15,3,9,157,49
"COG3589",18,68,104,306,308,171,289,1553,256,266,53,17,224,84,290,56,231,239,66,62,30,27,13,333,17,41,104,85,78,199,41,190,33,56,212,30,57,203,256,195,568,224,86,70,90,48,107,22,154,154,26,16,71,182,45,285,87,143,167,26,777,76,8,157,66,287,34,138,653,50,202,414,74,143,240,38,23,448,14,656,5,38,84,27,81,64,53,7,34,35,203,73,39,131,184,1026,49,133,279,19
"COG3590",1693,1928,2277,391,1237,2041,1381,5859,716,2908,2452,2473,1304,2046,3393,3792,2216,732,2420,5492,2223,2591,3386,6467,2468,2012,3426,1509,2237,3064,2362,3014,1338,1059,1893,2818,2508,2463,2654,2059,1486,5646,2777,2113,2921,2221,3797,2165,1658,3013,1290,7608,1614,2381,1838,2032,1730,2282,3667,3782,4603,2543,1869,1780,3967,2859,3328,859,3602,4633,478,5008,3268,1852,1968,1375,1939,1985,2821,3472,2973,2008,1504,1251,3309,2001,2773,2313,2314,2801,1424,2326,1441,2320,1505,1712,5686,5868,2175,2576
"COG3591",23,145,43,55,392,140,104,84,309,109,101,49,234,94,285,47,169,393,46,412,211,109,121,328,236,236,121,260,141,47,85,46,216,292,124,48,21,68,276,25,71,4,13,188,274,51,121,405,97,29,41,40,12,59,58,170,19,176,42,39,92,114,125,232,85,124,128,132,0,9,567,64,214,102,36,279,50,126,37,568,121,137,110,206,22,132,41,293,8,6,123,133,46,47,44,120,3,179,69,110
"COG3592",11,26,30,41,199,15,1,2,90,20,40,1,25,1,21,6,5,181,46,1,4,5,8,123,6,1,16,32,28,0,6,34,65,31,4,4,13,10,49,20,21,2,10,1,47,29,1,5,86,12,3,21,10,30,8,7,18,6,12,30,50,19,8,0,40,37,1,5,0,1,310,0,13,10,0,7,13,10,14,24,38,7,27,4,20,2,15,13,11,12,3,45,2,29,0,1,6,0,78,4
"COG3593",742,990,817,1248,3633,1563,1680,1232,1298,376,2204,758,935,379,1375,1597,281,1706,478,4869,609,305,917,656,548,878,478,703,588,1049,208,952,836,879,1149,274,497,281,922,1077,880,327,883,198,371,431,602,980,1711,201,797,2888,598,477,470,1193,845,1271,284,1935,558,830,480,1131,1784,955,2876,990,1791,829,4977,90,372,853,464,507,2622,560,1399,944,387,1025,1404,605,433,872,643,516,378,2966,398,4037,1155,723,911,258,1261,165,970,1272
"COG3594",173,2590,1270,2563,790,2262,844,597,1707,1312,1628,1769,1476,1400,1669,1291,1473,1191,3573,2043,2686,1246,1667,1086,2437,1642,1202,1312,1053,534,2455,2788,692,906,2030,1349,950,912,2343,2317,1285,2316,2365,2072,1569,1350,1629,1030,1062,1857,2047,2443,1280,2581,1461,1634,2664,1599,1138,1857,397,1734,1981,2120,1423,2312,1011,1018,512,2819,184,1483,1488,2343,2936,1006,3069,1701,2138,1653,3068,2410,1019,1149,2027,1705,1080,1933,980,590,1933,2655,858,1202,1904,441,1086,1106,2992,1768
"COG3595",0,7,4,756,47,77,25,0,13,1,4,22,6,59,25,37,103,28,0,2,5,25,6,0,15,65,11,80,64,4,95,20,17,178,21,8,14,11,1,60,3,1,239,18,4,44,11,4,7,2,52,11,4,75,26,56,38,5,82,3,72,6,0,18,112,6,21,26,1,14,14,4,0,29,73,17,1,15,11,0,34,193,284,63,5,180,15,2,8,33,251,0,15,41,5,1,9,6,0,96
"COG3596",55,122,286,175,12,54,39,14,470,43,132,5,85,247,169,84,70,326,175,5,20,63,502,539,154,231,56,343,268,36,280,4,232,115,226,83,54,48,51,50,225,8,2,51,190,72,26,28,321,169,84,155,7,71,25,35,6,579,63,73,240,76,392,111,181,298,506,31,31,186,2305,19,384,49,29,36,36,180,42,10,156,27,204,274,30,153,50,41,30,33,3,76,25,104,57,4,62,23,255,122
"COG3597",0,36,0,3,9,3,49,1,179,0,10,10,6,89,5,15,37,13,1,40,12,14,511,63,88,91,28,141,13,2,29,0,41,12,116,8,1,0,14,45,204,1,1,48,13,1,26,0,0,84,87,0,24,5,14,16,0,8,11,1,0,8,132,65,37,26,38,6,19,6,0,1,117,0,33,0,0,76,0,11,4,8,110,20,10,104,0,12,8,12,17,3,0,36,16,15,43,8,0,36
"COG3598",1677,174,101,175,185,44,139,230,33,14,79,137,159,302,201,113,79,324,44,13,123,151,17,16,115,135,67,158,234,62,168,5,180,134,97,43,42,6,156,21,275,111,111,162,146,211,404,95,20,64,144,0,69,21,194,132,148,63,41,309,854,465,297,107,20,47,30,106,255,5,227,19,77,245,16,539,17,237,222,272,10,86,175,88,98,314,11,165,53,140,319,9,243,100,67,1107,168,98,6,94
"COG3599",1008,244,250,239,216,433,320,1147,328,189,199,391,274,450,330,287,335,174,26,262,304,254,169,137,403,384,484,280,287,447,233,50,315,1089,624,102,143,79,345,415,561,115,92,344,227,38,277,145,371,170,634,58,235,118,238,389,66,644,210,1754,330,340,296,699,267,104,823,952,801,104,20,91,154,365,151,651,82,971,83,823,73,429,1231,330,94,491,69,193,248,94,93,11,1226,41,348,251,176,201,54,610
"COG3600",43,501,484,13,150,437,268,151,229,16,145,118,212,218,183,133,76,127,160,206,73,160,767,357,290,244,158,159,49,364,266,5,258,105,393,361,136,548,827,354,198,674,616,147,56,891,926,703,228,29,359,118,338,308,142,183,30,243,189,41,45,166,113,510,620,228,612,83,397,270,0,883,1753,49,484,121,134,219,66,379,542,154,141,475,471,374,94,18,170,133,228,43,130,164,415,17,733,134,424,362
"COG3601",1251,866,763,1483,496,827,1472,1048,1124,310,533,758,763,684,554,433,889,782,224,391,645,668,583,675,494,911,832,900,620,891,891,266,741,860,1134,273,514,342,536,662,808,187,488,868,435,287,627,940,777,448,1096,151,807,368,628,785,205,857,533,1694,1686,686,615,962,565,335,453,1363,1357,271,514,503,470,984,646,1060,905,643,295,1711,243,701,1087,1053,304,851,188,712,567,469,902,139,504,359,825,1426,443,568,345,796
"COG3602",1,5,107,0,19,37,1,6,0,9,1,16,46,6,10,1,0,13,41,6,147,49,15,0,9,16,3,4,1,2,13,32,1,33,10,133,19,45,63,8,15,9,21,2,27,102,0,16,18,74,34,1,39,53,109,13,89,6,19,0,0,20,69,1,9,15,2,4,0,3,0,5,52,95,10,24,255,18,233,4,152,20,3,4,19,16,10,7,28,10,2,27,49,10,7,0,5,4,5,7
"COG3603",36,46,88,62,62,114,27,23,39,13,13,12,30,38,33,28,41,47,44,23,25,33,25,4,39,60,76,20,29,154,20,61,30,75,122,37,35,63,80,87,76,20,59,16,29,62,9,28,64,47,36,32,39,23,66,54,51,20,23,16,4,63,26,31,33,39,13,23,71,15,106,30,45,19,19,66,37,41,25,150,20,31,66,19,31,20,80,37,34,156,9,47,40,66,6,58,30,17,159,20
"COG3604",152,1583,1922,418,3044,1069,108,171,467,3300,1100,457,3662,1054,822,761,1980,2534,1102,541,353,1098,1183,1704,1010,1030,744,1233,1838,834,1157,1041,2279,1104,787,2198,1219,1435,1563,890,652,660,1557,1387,858,1626,1216,761,1429,2262,517,676,1364,1897,786,1115,491,1081,1138,258,477,1144,1046,420,610,2020,325,584,195,536,3348,270,1412,773,1012,1323,471,579,1096,198,1525,644,617,1906,1747,1402,1238,1126,2419,2094,1071,824,701,1617,552,116,722,156,809,1105
"COG3605",35,51,113,107,597,6,1,9,331,70,140,0,222,6,84,1220,15,622,89,4,3,2,0,396,5,90,66,172,84,0,24,114,316,164,20,28,35,18,58,6,153,9,4,7,72,86,5,15,110,26,3,96,19,83,198,8,21,91,44,164,141,5,19,1,69,203,4,10,0,26,1035,2,21,16,1,28,18,11,38,146,84,9,150,16,66,80,32,6,34,15,5,193,2,71,0,3,9,6,87,21
"COG3608",1844,385,972,2476,105,917,1420,274,991,189,316,496,250,624,428,633,354,882,285,112,389,498,927,62,408,904,938,833,624,481,452,159,692,512,746,273,563,157,456,865,317,181,624,475,147,342,389,469,699,211,1060,249,423,470,709,634,175,532,239,1268,206,589,830,655,732,190,1075,280,511,326,256,250,301,568,370,530,1502,296,272,777,136,598,931,821,252,770,391,570,261,777,592,124,320,466,545,940,490,435,593,531
"COG3609",8,11,51,5,17,7,2,3,1,27,1,0,126,0,88,7,6,125,21,3,0,7,0,0,0,3,10,38,12,7,2,0,17,9,12,7,3,11,25,27,6,16,42,11,16,20,5,15,77,1,0,9,8,34,48,20,1,68,3,3,54,0,3,4,26,14,7,22,0,8,363,4,0,42,0,2,0,53,7,0,1,26,18,2,34,7,4,0,21,0,7,0,31,10,1,0,8,6,0,3
"COG3610",790,1118,811,815,995,634,923,788,1324,575,851,357,783,501,804,547,454,958,860,355,701,461,440,474,677,743,567,707,674,532,567,562,891,522,716,564,520,378,789,596,829,292,726,548,484,761,542,885,802,445,610,166,653,869,820,707,836,556,594,1099,443,361,540,567,337,542,452,625,495,495,1228,304,420,1032,551,957,569,668,753,1296,650,549,567,1017,473,463,576,575,574,518,770,1235,443,701,558,487,440,342,1094,490
"COG3611",961,24,85,226,53,7,326,854,76,3,61,1,13,18,38,57,3,34,17,3,18,15,87,185,96,44,108,6,13,56,19,12,50,237,138,3,16,12,18,209,14,10,20,41,7,28,21,13,46,57,113,27,36,21,19,20,39,73,32,1835,473,13,15,177,41,16,369,87,160,7,20,18,6,23,12,19,17,146,16,509,3,13,280,25,2,154,7,8,7,14,15,1,807,4,63,40,62,23,77,148
"COG3613",929,25,22,248,101,50,5,617,11,4,8,36,0,2,65,5,46,20,44,5,0,3,12,30,48,16,35,8,15,83,3,5,18,130,18,7,5,5,1,110,2,3,42,19,10,0,4,4,42,10,28,13,7,32,14,24,12,28,68,292,820,7,2,15,2,6,221,0,74,4,29,12,90,46,14,15,8,96,18,906,18,14,137,12,10,19,14,21,7,121,87,6,9,47,123,111,3,8,7,116
"COG3615",21,37,50,45,227,4,33,3,370,25,76,1,71,1,45,22,1,256,28,14,2,0,7,160,3,0,0,73,34,2,15,39,119,50,12,8,6,14,34,1,42,11,2,4,35,34,3,8,64,26,0,19,4,32,8,5,9,6,12,555,52,5,13,6,28,43,8,3,30,19,368,6,19,7,4,9,10,6,21,58,24,3,83,2,21,16,18,0,10,6,11,105,3,14,1,18,2,2,41,22
"COG3616",357,80,145,7,99,75,107,113,484,100,47,52,116,149,59,61,158,92,164,33,54,84,59,24,69,113,113,76,186,75,96,339,138,144,93,57,126,49,212,93,153,125,293,75,114,208,85,23,161,400,73,72,70,446,167,240,123,184,177,50,34,91,164,57,81,168,74,76,0,115,388,50,186,129,210,63,98,172,217,45,125,54,248,24,141,82,308,117,119,174,77,440,86,228,31,45,80,26,372,53
"COG3617",955,631,1292,584,956,1412,883,897,811,467,1401,1197,403,1197,1303,2147,307,362,943,2299,1163,919,1627,2193,625,1361,1950,737,1592,869,513,1360,437,2284,1158,290,517,247,1195,1840,929,2002,2022,808,1014,496,2583,620,1101,1460,1311,1017,545,604,828,506,650,973,2154,429,262,1403,1323,1861,1855,788,3069,1823,410,1773,404,2531,1152,260,261,1223,549,1174,1182,731,836,214,607,692,557,1655,655,1685,371,3485,406,765,466,1179,529,666,1327,2055,1138,1841
"COG3618",66,49,5,120,0,1,0,4,11,13,42,187,3,13,2,6,24,184,9,1,5,2,12,1,5,2,3,4,7,25,4,119,104,2,7,27,11,16,15,13,97,6,3,2,23,85,4,52,25,62,2,58,34,13,15,4,14,15,51,211,0,6,6,81,2,21,4,53,1003,5,12,1,22,56,13,36,21,10,1,85,8,9,10,4,6,0,30,5,34,7,5,68,46,30,0,8,8,3,109,1
"COG3619",966,759,725,1234,516,1346,1581,966,1301,258,643,765,698,838,687,513,896,951,196,493,816,639,841,370,730,1191,876,1196,763,1031,862,370,778,903,1127,419,547,344,539,898,1233,174,667,1187,504,315,615,1300,921,499,1016,142,1013,460,625,832,250,1025,576,2139,1732,922,862,1153,699,445,914,794,871,522,606,294,472,1179,828,1174,492,811,263,1706,305,847,1189,1139,316,1028,248,867,636,432,1023,229,585,546,995,628,484,531,698,1033
"COG3621",0,0,13,2,4,548,10,0,81,0,0,3,4,5,1,0,8,31,0,28,0,11,0,0,2,0,0,5,10,1,4,1,1,0,1,0,0,0,4,356,17,0,0,1,3,0,2,1,0,1,0,0,47,0,0,0,0,1,0,0,0,3,0,84,2,0,1,8,1,0,0,31,0,5,0,0,2,0,2,24,0,0,0,0,0,0,11,0,21,0,1,0,0,1,132,0,0,5,0,0
"COG3622",23,77,296,146,861,91,70,111,177,210,248,84,259,89,217,42,36,868,216,16,131,104,22,480,73,96,35,208,329,36,27,395,354,279,54,54,111,46,346,89,223,66,76,54,182,195,48,79,308,92,78,67,114,242,214,88,107,130,138,58,144,43,91,26,114,149,26,60,7,94,1164,9,149,120,50,97,88,63,162,16,212,41,123,34,94,52,157,137,160,54,93,164,93,216,32,6,66,39,124,42
"COG3623",113,124,275,227,798,38,94,37,294,85,233,151,220,16,134,47,23,615,217,11,44,99,16,503,12,33,148,179,128,7,93,143,355,187,127,57,65,29,83,46,98,32,124,48,152,182,16,40,244,47,6,190,68,95,38,32,87,77,60,340,322,35,63,86,77,171,29,162,238,22,1355,18,59,102,10,98,93,63,44,238,235,15,195,93,68,23,78,41,59,152,58,137,55,136,250,46,17,25,345,42
"COG3624",7,28,31,39,1090,4,1,2,125,28,39,3,95,4,21,2,8,211,20,0,1,8,5,120,8,0,3,65,26,2,14,31,109,145,7,7,15,9,35,5,38,3,13,3,20,34,4,6,51,17,0,35,9,24,4,5,6,17,12,50,45,7,12,2,23,76,1,21,0,3,369,4,3,8,7,15,40,8,11,33,65,11,37,9,17,8,18,3,24,24,0,44,6,86,0,10,0,1,19,2
"COG3625",13,38,39,54,882,31,3,11,56,47,55,2,68,14,46,12,32,167,73,11,22,50,53,160,35,15,58,51,72,1,54,45,123,239,37,72,57,22,121,69,41,14,55,31,65,61,15,3,143,29,13,78,33,119,44,16,30,21,94,54,58,34,48,5,45,66,4,23,0,3,280,6,60,28,17,104,67,43,64,33,106,32,32,19,49,19,63,24,40,90,16,53,15,170,1,10,33,3,120,9
"COG3626",12,69,48,79,1865,56,3,12,155,74,112,5,113,22,73,10,50,351,103,3,31,71,89,173,78,32,83,83,131,9,75,80,149,414,54,84,52,21,184,104,287,13,110,9,95,84,16,9,213,57,38,110,59,155,65,28,46,31,120,103,44,58,85,7,78,104,12,55,0,4,565,11,92,29,31,113,122,74,109,38,151,54,64,39,52,24,92,35,88,104,14,121,20,257,2,25,49,12,126,33
"COG3627",14,52,85,78,1838,51,5,21,210,90,118,4,157,23,127,26,55,440,132,4,43,63,78,201,54,21,78,118,132,7,67,61,161,375,50,80,57,38,172,99,225,21,116,6,92,98,15,18,258,40,37,114,67,185,56,20,34,24,129,95,78,60,64,9,90,124,21,53,0,13,747,8,101,35,34,126,111,46,108,50,146,50,73,35,73,32,100,46,73,103,13,147,13,244,3,17,41,11,124,35
"COG3628",30,31,33,33,837,27,3,14,32,23,42,6,215,16,261,5,6,72,102,3,172,33,9,201,14,42,45,52,34,8,4,124,161,159,50,43,41,5,122,16,1,27,18,162,67,139,7,5,296,42,50,44,29,135,202,74,21,8,8,31,55,12,33,12,39,13,3,9,0,13,9,6,19,35,28,5,68,97,62,4,87,28,54,11,46,32,110,11,37,15,20,360,74,68,3,3,7,8,59,12
"COG3629",35,14,8,90,18,26,27,0,1,19,8,19,14,18,113,25,23,8,0,3,30,74,5,3,6,9,21,25,22,35,12,137,8,6,39,12,28,8,52,16,149,5,11,13,11,29,40,20,102,62,80,3,90,25,174,77,130,406,48,215,0,69,36,24,190,10,40,49,1,22,1067,5,47,113,23,33,39,112,0,1,38,39,499,26,40,28,79,8,69,92,21,14,121,14,1,17,32,2,181,68
"COG3630",3,0,0,0,0,0,0,0,115,0,4,0,1,0,0,7,0,6,1,4,0,0,2,0,0,0,0,2,1,0,11,1,43,0,0,0,1,0,1,0,11,0,0,0,0,2,1,0,3,2,0,9,1,0,1,0,0,0,0,15,0,0,1,0,5,1,0,0,2,0,0,0,0,0,1,0,0,0,1,7,0,1,4,0,5,9,0,0,0,0,2,0,0,1,0,0,0,0,0,10
"COG3633",1738,558,724,1810,789,1114,1419,1217,1548,1005,451,551,1050,746,864,1635,1150,1372,215,451,600,454,665,1176,517,581,625,870,850,833,474,341,608,412,449,585,297,463,559,701,549,503,553,603,809,296,623,408,573,900,404,290,552,581,514,659,124,1183,404,2113,1605,516,860,693,553,731,724,814,1117,385,877,1036,570,621,831,1865,792,756,277,1257,166,497,817,1246,441,495,227,642,750,447,872,231,555,658,395,3640,465,1040,177,429
"COG3634",208,1173,1297,306,1200,680,310,377,802,1566,1448,1456,2298,1521,875,224,1345,1265,1776,140,1341,1275,498,497,1572,1012,500,1149,1619,963,1504,1779,1052,748,1076,2019,1950,2053,1268,690,861,1123,1546,1302,1882,1307,1028,680,1001,1163,729,305,1532,1559,1594,1285,1855,812,1292,1487,306,1500,1263,644,535,1076,292,484,503,890,1116,670,2408,1054,1310,939,1761,947,1772,204,1670,1555,476,996,1768,930,1722,1611,2144,1789,1146,1878,984,1476,1325,102,836,148,1150,634
"COG3635",197,1285,1529,972,485,933,556,860,495,1850,1475,1422,976,1245,1190,1143,1499,535,1343,1452,1397,1924,1191,1050,1547,924,1466,985,1447,1509,2198,1898,766,1664,1670,1947,1697,1294,1181,965,1936,1911,1577,1882,1597,1348,1784,739,1214,1075,1228,2315,1150,1316,1228,984,1150,1411,2050,330,422,1636,978,1055,1366,1180,1215,1616,497,2030,573,1766,1764,1671,1043,1008,1279,1315,1849,263,1741,1201,956,872,1850,876,1530,1433,1407,1766,1070,1211,847,1401,1361,330,1532,1674,1532,862
"COG3636",30,1,0,1,55,1,2,0,1,0,1,79,0,9,14,4,49,1,3,3,0,0,10,180,6,0,53,13,13,37,0,18,1,8,1,3,16,9,5,17,0,0,0,0,15,0,1,0,2,1,9,4,0,1,74,30,0,9,0,8,125,9,7,7,11,22,1,0,57,3,0,0,35,41,0,14,3,62,0,117,0,2,8,5,9,22,36,1,0,0,0,0,24,36,0,0,0,3,4,35
"COG3637",105,137,229,157,3417,8,15,16,342,67,167,1,499,10,308,55,23,817,163,23,11,7,3,371,3,29,65,261,95,5,29,148,259,239,46,48,51,43,50,0,51,20,16,7,180,154,12,39,185,52,1,112,22,73,148,24,31,46,24,86,350,9,23,9,128,164,7,28,5,28,3376,6,39,59,10,39,28,5,52,57,226,11,125,37,60,76,49,10,29,29,12,139,4,58,2,9,14,5,177,24
"COG3638",689,161,97,157,336,248,121,501,203,73,105,232,119,141,213,71,128,324,129,60,120,236,319,270,111,187,216,372,383,102,177,97,192,374,224,119,153,70,307,236,351,46,122,435,138,87,113,80,382,58,192,134,174,185,246,168,152,96,321,145,299,109,343,95,169,143,110,285,84,137,467,35,99,136,131,240,108,95,148,419,89,145,365,97,119,223,98,195,142,93,43,132,101,235,72,42,123,47,163,107
"COG3639",1049,212,136,143,396,357,212,912,323,102,195,342,184,231,301,118,218,461,99,43,194,426,483,230,187,268,293,562,524,154,293,103,268,639,321,149,160,80,432,354,752,58,199,829,140,98,158,107,326,86,302,141,282,245,381,248,195,167,432,242,556,162,575,126,268,116,192,661,172,204,575,59,153,230,200,311,98,127,171,923,120,290,763,181,185,439,124,360,222,112,93,158,160,382,124,62,217,82,177,189
"COG3640",1212,250,712,2217,55,371,1158,267,716,67,274,365,170,243,192,216,370,711,64,127,242,266,443,25,217,371,840,449,434,486,181,123,170,578,526,101,354,149,312,417,753,105,87,596,72,145,219,383,535,93,481,90,403,214,623,194,106,583,321,1164,441,191,391,283,160,72,264,1160,399,80,179,192,87,420,189,380,125,402,142,1316,108,201,682,646,125,288,96,253,202,97,496,91,236,165,454,170,180,268,44,184
"COG3641",1808,501,630,1091,165,747,1286,1284,998,263,319,449,730,580,327,297,624,812,166,221,560,421,459,228,421,610,424,922,703,520,394,245,520,748,639,438,342,181,493,420,460,183,566,708,476,286,415,474,425,324,398,106,734,398,564,652,151,607,262,1350,195,478,681,691,277,246,457,1175,457,254,340,313,193,582,315,1209,182,374,200,1650,85,540,544,1340,173,551,252,418,636,372,560,175,440,450,392,557,389,332,372,414
"COG3643",100,623,666,121,89,422,85,62,172,952,289,706,552,818,316,61,1020,230,1083,47,759,845,314,16,996,315,306,341,699,173,1072,1114,501,398,838,1297,1030,762,625,326,688,333,758,866,799,841,578,233,718,631,456,70,705,1083,903,726,1036,544,573,235,75,921,699,118,255,353,154,476,104,414,258,264,1280,606,746,509,898,475,996,32,1134,825,445,312,1221,330,1174,847,1017,1341,643,740,484,666,654,41,444,45,829,237
"COG3645",709,810,1360,550,812,1726,745,1015,846,466,522,1180,533,1607,2024,1715,250,860,868,4391,981,759,1408,1424,401,1559,1812,760,746,724,747,1317,429,1361,1037,320,568,265,1060,1316,715,2049,1979,759,1506,479,2423,825,2288,1443,1083,1987,429,543,913,591,632,1065,1607,123,637,870,1000,1039,1236,597,3152,2005,299,1900,410,1714,2925,452,217,656,504,2056,1034,447,1180,539,608,445,1111,1576,1070,1303,311,349,421,267,453,770,406,682,4112,2021,1062,2017
"COG3646",112,44,230,457,1947,331,119,45,278,303,122,230,104,422,511,97,81,317,54,2258,275,59,660,228,54,537,106,160,689,66,115,710,114,250,134,290,99,38,125,82,63,184,62,59,1429,287,687,133,420,338,271,1012,84,162,306,57,54,287,119,208,88,416,388,415,57,391,590,76,664,9,131,383,4312,87,91,561,109,525,79,214,169,460,221,52,713,137,1142,593,37,106,68,264,40,498,109,508,1756,87,69,58
"COG3647",5,5,16,13,74,0,0,34,0,8,17,7,54,5,9,0,21,63,10,6,2,0,0,72,19,0,1,21,6,7,2,13,39,46,2,4,7,1,11,0,2,0,0,1,9,11,0,7,3,2,3,38,11,5,0,1,3,4,37,3,28,4,5,0,10,14,4,17,0,2,100,0,1,1,0,6,6,2,9,39,14,15,0,1,5,0,8,0,36,39,2,104,14,10,0,0,36,1,12,0
"COG3649",314,706,960,86,219,909,331,555,328,784,326,654,320,633,1029,337,402,307,66,54,490,448,1585,704,369,498,440,382,178,304,537,614,481,608,518,644,496,307,314,865,628,430,194,483,301,269,382,519,523,502,599,424,428,401,373,540,180,465,267,360,207,786,447,425,250,246,639,1074,191,243,634,126,457,328,272,1248,713,346,411,1455,465,724,793,647,653,471,346,527,296,223,393,167,321,158,315,289,263,240,675,319
"COG3650",0,1,0,0,1,13,53,0,2,0,15,37,0,23,0,4,33,2,0,42,40,37,25,70,19,17,1,131,2,4,73,0,25,3,42,24,1,0,18,29,2,9,6,135,0,0,22,10,4,0,7,5,27,0,20,15,0,1,9,0,0,23,34,0,7,0,9,4,0,97,0,0,5,0,64,0,0,0,0,0,7,6,24,4,11,108,0,157,8,0,18,5,8,107,0,19,4,26,0,5
"COG3653",15,95,56,6,77,60,207,119,294,48,15,72,58,174,109,51,92,91,47,16,64,114,117,19,112,56,82,145,94,63,70,120,112,336,202,122,109,41,172,84,166,45,227,140,36,159,103,49,153,64,180,84,195,584,476,524,240,643,484,296,34,207,98,187,141,277,333,1464,500,176,540,159,194,259,233,298,168,623,109,541,137,103,611,1089,165,136,343,79,214,376,153,534,264,665,62,171,340,56,1706,71
"COG3654",384,60,448,1029,1049,432,556,148,588,193,214,180,176,340,686,207,325,482,258,251,226,358,237,81,171,566,332,188,221,531,571,132,192,439,352,95,173,70,302,317,289,485,273,705,315,421,134,414,161,1160,224,733,195,346,302,213,355,401,300,291,350,91,327,701,513,519,366,282,10,382,210,172,40,300,412,129,60,538,147,274,325,224,435,93,250,233,171,168,147,337,97,386,231,335,96,39,116,209,245,379
"COG3655",320,659,529,1098,653,778,772,544,545,266,624,951,381,596,737,343,642,688,381,140,334,553,617,253,601,670,1109,568,466,715,419,560,587,886,996,258,468,775,577,894,905,430,435,654,688,577,395,1101,846,399,989,150,653,580,562,742,582,708,408,462,613,574,503,913,646,572,547,955,576,421,161,278,486,559,824,597,722,1053,296,776,484,792,999,596,640,617,601,911,470,663,401,300,524,497,573,248,354,262,288,640
"COG3657",16,0,0,0,0,11,9,0,0,1,0,72,0,3,14,0,15,4,1,4,0,0,0,2,3,0,0,1,2,36,0,12,1,4,1,1,8,0,0,4,0,0,0,0,13,0,3,0,1,1,2,5,0,1,41,1,0,6,0,0,51,3,4,6,0,12,1,0,0,2,0,0,29,22,0,2,5,22,0,41,0,6,4,1,0,3,20,4,0,0,0,0,0,9,0,0,0,1,0,24
"COG3659",0,0,0,3,1,0,0,0,194,0,6,0,1,0,0,29,5,32,2,0,2,0,0,0,0,0,0,5,3,0,10,7,95,0,1,0,1,1,11,0,66,2,0,0,0,5,0,0,7,1,0,11,0,0,4,0,0,1,0,1,3,0,9,0,2,26,0,13,0,6,0,0,0,0,3,1,0,1,4,12,0,0,98,0,20,7,1,0,0,0,0,0,0,1,0,0,2,1,2,2
"COG3660",1,1,0,0,226,0,2,0,0,0,0,10,0,5,0,14,0,0,0,0,0,27,0,0,0,39,34,0,1,2,0,0,146,23,3,0,1,0,18,0,0,0,0,0,0,0,118,0,0,0,0,1,0,1,82,0,0,56,26,0,1,0,0,0,0,0,13,21,0,0,0,0,0,0,0,0,0,0,0,0,0,0,7,0,0,21,0,0,0,0,0,0,0,0,0,0,49,0,0,3
"COG3661",32,855,1344,55,145,942,718,1045,75,1624,1818,995,715,760,510,1863,1481,283,1192,2217,1683,822,555,1648,1556,878,1346,441,810,892,903,1906,651,204,1820,1866,1416,1414,873,608,917,1628,909,1309,1113,485,1445,753,245,814,1088,263,1056,1084,763,824,2931,729,1706,22,46,1607,1236,528,1352,1235,1482,1171,64,1665,68,2310,1117,1069,768,901,1811,888,972,48,1183,1555,549,563,1283,534,1511,1393,1339,1350,708,568,453,696,1778,15,1615,3059,2502,424
"COG3662",0,0,0,3,1,0,0,0,113,0,1,0,2,0,0,5,5,17,1,0,0,0,0,0,0,0,0,6,0,0,4,4,62,0,3,0,0,0,8,0,47,2,0,0,0,5,0,0,5,1,0,10,0,0,5,0,0,2,0,49,4,0,3,0,1,17,0,1,0,3,0,1,0,0,0,0,0,0,4,4,0,0,54,0,9,3,0,0,0,0,0,0,0,0,0,0,0,0,0,5
"COG3663",688,912,832,505,1009,1235,950,837,945,908,976,935,1030,1476,1009,1238,863,969,1049,1126,960,932,1241,1127,1005,1218,863,1006,1111,1374,1173,937,976,732,1378,704,875,1074,1012,1103,860,1139,772,1037,1111,958,1153,804,1003,1209,877,1420,926,768,876,1012,1026,1218,1073,465,301,1311,899,833,1308,1020,1347,851,987,1377,777,1335,822,621,836,897,882,863,977,651,927,1182,905,1145,1091,1112,857,948,1020,892,964,843,667,1018,889,487,1051,1141,930,1269
"COG3664",689,790,606,2518,40,297,356,153,634,625,1125,326,618,453,430,161,479,942,93,344,585,500,347,24,452,467,631,332,347,123,273,70,846,725,339,364,132,205,872,485,757,232,128,348,124,1169,325,1208,438,878,569,23,366,741,1445,1197,184,425,388,3947,519,444,1104,300,118,277,183,596,549,369,144,44,53,612,355,409,227,238,131,484,582,271,1018,103,158,429,328,288,264,88,448,329,359,306,1052,97,216,397,43,358
"COG3665",6,10,1,0,2,5,1,0,1,3,25,29,35,40,0,14,1,0,31,38,17,11,4,0,22,143,37,132,4,1,73,7,85,121,73,28,9,3,50,15,12,7,17,1,4,37,14,4,10,140,24,9,57,8,34,11,11,15,4,0,1,12,35,0,3,8,7,61,0,134,64,0,11,11,107,7,20,12,4,10,3,4,7,19,11,26,7,107,26,3,42,7,3,73,0,28,11,49,109,13
"COG3666",1571,2444,4210,6844,3477,16240,15994,29010,6376,6796,9019,7212,6848,5591,6237,20142,8425,2434,5290,20873,2577,18432,13775,4820,4433,5810,7712,2576,9440,13119,8046,4749,4858,7516,5214,4728,7818,12884,5024,8235,7818,28747,5897,5415,10039,3978,7696,3733,4688,12356,6819,7328,4765,1802,11022,4779,15277,7585,7659,6231,2353,5409,10181,11209,14916,9469,14994,8931,11124,23534,3056,14103,9394,4802,3204,4441,7671,16224,8262,4155,7698,3889,7261,8442,8320,4741,9151,8975,5084,8849,5979,3778,5061,7320,4962,1564,11077,41894,2998,3744
"COG3667",0,20,0,6,1,0,0,0,344,3,23,1,4,0,0,3,0,62,0,1,1,0,1,0,0,0,0,8,0,0,18,0,1,0,9,0,0,4,11,0,72,6,1,0,8,10,1,2,0,2,0,0,1,23,9,3,0,3,0,8,0,0,3,0,12,15,0,0,0,17,0,0,0,20,4,1,1,3,3,47,0,0,94,0,18,7,0,2,1,1,1,1,0,2,0,0,1,2,0,6
"COG3668",1,14,3,6,370,47,44,23,71,15,0,26,74,53,110,23,107,328,55,11,3,43,6,1,78,47,35,42,23,5,6,4,236,140,27,0,3,1,78,12,7,7,34,43,33,19,10,74,129,25,37,21,18,26,33,51,0,38,20,2,72,9,43,42,14,56,12,44,0,30,512,3,11,86,34,361,2,80,76,2,89,60,18,5,14,23,10,39,16,1,29,2,30,32,3,81,22,9,30,1
"COG3669",2132,9078,10147,4619,4889,4413,4366,1948,5027,8118,12086,7550,11382,9876,6503,5752,9073,6011,19172,2955,12056,9430,5523,3962,8692,5769,5009,6219,9084,5162,14525,10407,6654,8089,5988,12005,8797,12810,6271,6538,6972,10462,7729,7480,13357,12279,6826,6135,6075,11621,4085,4852,9094,9190,8450,8899,12202,6743,8965,3304,2938,8898,10460,8914,7394,11772,4274,3234,3898,10736,1077,10918,11996,9534,9575,5303,9955,6835,11628,4089,10207,8608,3889,8895,13551,9228,12810,9778,10636,9447,7967,11531,4856,12271,10725,933,8789,1951,9712,8868
"COG3671",205,0,1,0,0,8,20,3,12,14,5,15,0,34,15,10,6,1,16,2,0,10,10,0,0,0,10,4,37,3,0,7,0,9,3,19,7,5,19,7,6,26,15,0,11,34,4,0,12,87,3,0,0,21,27,5,0,19,24,0,0,2,28,11,20,8,8,0,0,0,0,5,10,4,21,10,0,4,3,3,0,1,4,4,1,1,27,22,0,0,22,0,8,18,0,4,16,3,2,3
"COG3672",0,24,0,0,0,3,0,1,0,6,8,0,0,4,1,0,12,2,6,0,2,7,6,0,1,1,5,2,9,4,1,0,6,5,8,6,6,3,11,12,6,4,13,1,1,1,1,3,19,15,2,0,3,6,0,3,4,2,1,0,0,17,11,6,0,4,1,21,0,2,0,0,5,0,16,8,6,10,0,0,7,4,3,1,1,4,9,1,9,5,2,11,8,22,0,1,1,1,0,2
"COG3675",0,0,0,10,3,247,0,0,91,410,0,7,0,0,83,0,1,0,2,0,0,0,0,287,5,0,0,0,0,78,0,125,0,3,0,33,61,337,1,251,257,157,37,0,0,2,81,0,91,153,0,0,0,0,0,0,99,0,8,0,0,0,0,143,29,449,0,6,0,0,1,635,0,0,287,0,0,155,0,1,1,3,1,0,122,0,1,0,0,23,365,0,6,123,0,1525,1,181,0,0
"COG3676",81,19,685,0,611,169,45,70,49,1164,336,361,776,612,184,36,84,279,897,2,416,364,397,2,677,515,214,84,186,53,573,808,156,233,466,552,421,218,171,104,357,486,104,647,1232,428,412,393,481,757,208,234,602,739,293,515,258,205,495,1,110,928,462,119,182,351,272,26,22,360,4,684,560,333,1495,1180,488,1046,791,8,1109,97,112,526,224,178,628,166,452,212,586,1546,71,594,523,15,432,20,1036,96
"COG3677",229,1104,259,356,3360,155,387,136,980,849,695,100,831,100,549,214,63,2670,167,269,944,678,79,489,90,188,221,434,888,514,1023,1918,1863,2002,156,262,337,170,345,343,458,319,498,210,213,355,545,280,613,1572,194,1024,284,638,1036,340,13689,145,83,45,399,1261,107,49,487,426,163,302,12,172,3282,191,128,139,881,140,517,168,341,628,326,234,301,114,981,645,359,101,368,266,304,162,187,826,24,246,48,284,283,672
"COG3678",33,56,124,110,590,6,7,8,679,61,138,2,166,4,84,81,17,629,78,3,7,0,0,410,6,3,0,167,67,0,32,85,462,111,22,20,22,21,57,0,155,18,4,9,82,115,5,21,145,13,2,92,18,103,12,8,18,22,24,239,123,4,13,0,47,175,2,12,0,49,961,2,28,24,6,17,20,9,33,110,86,10,274,12,87,16,32,3,32,12,3,225,2,55,1,5,8,3,85,25
"COG3679",124,5,7,5,10,0,7,83,22,0,13,1,0,0,1,0,0,2,2,1,2,0,3,2,0,0,0,0,1,3,2,1,1,33,4,0,0,0,0,0,0,0,0,0,0,2,0,0,4,15,5,14,0,2,11,1,1,1,2,744,175,3,11,8,1,0,5,2,69,4,3,0,1,2,3,3,0,0,4,194,1,1,112,4,6,3,2,0,0,0,5,0,0,0,3,15,2,4,22,1
"COG3680",0,26,0,4,4,7,53,3,137,128,14,126,8,66,53,28,3,246,3,259,3,117,1,0,9,39,14,62,14,384,0,0,1,4,2,0,13,0,24,101,27,10,116,1,86,0,4,17,48,0,55,49,0,6,0,2,0,2,0,0,0,34,25,116,53,31,2,18,35,612,524,0,0,1,2,9,0,1,1,3,0,1,20,0,104,18,12,3,1,1,3,4,2,1,1,0,5,1,0,6
"COG3681",1522,1878,2207,2630,1655,1957,2507,2220,2604,2172,2091,2081,2500,2349,2660,1977,2258,2056,2654,2542,1957,1890,2215,2509,2291,1699,2084,1849,2352,2293,2332,2620,1911,1884,2274,2038,2192,3024,2463,2089,2059,2882,2774,2186,3453,2715,2266,1683,2431,2829,1334,3679,2330,2425,2055,2297,2624,2106,2515,1764,966,2340,1862,1777,2230,2618,2002,1638,2891,3184,2198,3035,2771,2050,2239,2827,1534,2116,1982,2939,2083,1833,1440,2724,2955,2019,3094,2292,2510,3131,2013,2321,1563,2681,2318,2137,2625,2776,2408,2541
"COG3682",850,1524,929,2442,548,947,1137,562,753,242,889,603,536,961,915,480,757,869,820,377,792,687,527,142,665,962,1029,938,681,612,1092,295,877,1011,1178,249,524,380,814,1132,432,574,438,885,536,330,537,1659,927,623,394,49,184,281,354,306,186,421,172,690,208,197,274,347,220,138,214,522,143,235,247,84,78,280,138,326,656,191,200,450,131,242,594,247,307,253,113,266,109,189,204,228,212,101,241,119,137,138,137,315
"COG3683",14,15,0,2,1,0,4,2,388,2,14,0,3,0,0,13,5,16,1,11,1,0,3,0,0,0,1,11,1,0,11,6,60,0,0,23,14,11,7,0,45,5,22,0,1,6,3,0,7,3,0,14,1,37,4,0,13,1,0,98,6,0,4,0,6,59,0,2,1,2,0,5,1,1,2,0,2,0,3,43,0,1,59,3,20,13,36,2,0,8,8,159,0,9,0,3,14,0,1,9
"COG3684",866,40,94,119,393,1,4,7,7,68,32,3,4,4,28,1,6,403,65,5,8,1,21,407,7,1,4,98,41,6,8,91,123,119,3,31,14,11,33,11,30,10,3,8,79,85,2,17,42,24,4,126,9,36,1,6,19,6,15,301,178,2,2,4,38,39,4,12,0,2,755,1,19,42,1,23,28,3,28,41,69,4,35,27,16,5,23,2,20,11,7,115,1,65,0,3,4,2,143,1
"COG3685",50,69,94,89,722,8,3,12,478,52,221,1,171,2,165,38,11,597,88,3,7,0,1,325,6,2,8,141,63,0,21,11,281,91,6,21,14,17,49,5,104,21,10,6,52,86,12,28,153,6,1,61,4,62,13,13,33,20,18,65,123,11,31,3,65,103,2,8,0,30,857,3,37,40,4,41,26,8,31,85,137,5,184,14,43,12,29,11,15,7,7,161,2,49,0,4,3,2,111,2
"COG3688",2545,1286,1629,2635,309,1962,3238,1688,1675,658,974,1306,1740,1908,750,757,2140,1920,273,931,1495,1151,1194,910,1104,2227,1533,2473,1370,1818,1320,442,1446,1790,1315,651,1058,638,1218,1378,995,399,1016,1830,909,368,1228,1533,761,691,2222,258,1833,660,1184,1395,254,1628,840,1872,725,1321,2165,1940,1241,681,1922,3299,1326,618,1004,729,659,1476,1105,2818,1040,1003,710,3059,360,1421,1649,3161,418,2007,374,1429,1600,655,1953,253,898,874,2031,1453,756,1312,537,1586
"COG3689",588,275,477,311,163,263,701,319,376,66,264,255,253,254,235,191,135,363,166,70,257,225,187,107,136,516,461,179,270,141,170,188,442,345,521,167,304,79,180,465,198,73,154,264,101,164,142,266,351,283,729,125,285,121,325,310,145,426,51,1101,389,186,309,317,417,120,185,250,999,85,736,73,136,357,169,295,482,178,42,647,89,470,351,259,149,416,81,210,160,345,169,125,255,150,196,350,231,141,406,283
"COG3691",35,31,74,75,325,2,9,12,406,32,114,1,92,3,74,19,10,358,41,26,6,0,13,233,1,0,1,88,47,1,17,57,147,58,3,9,19,28,20,0,49,5,4,3,47,41,5,13,79,4,0,36,5,37,2,6,21,11,6,90,69,6,10,2,43,70,2,6,1,16,587,3,18,8,5,5,15,2,11,25,65,6,60,5,31,20,19,9,10,5,13,43,1,28,0,4,4,1,75,21
"COG3692",0,5,25,14,61,0,1,1,0,14,17,0,16,0,19,0,0,90,9,1,1,0,0,65,0,0,0,21,27,0,1,1,10,0,0,0,0,4,3,0,0,1,1,0,5,2,1,4,0,1,0,11,6,24,0,0,12,6,0,0,50,3,0,0,24,0,0,1,0,3,366,0,7,8,0,0,5,7,0,5,32,5,6,2,6,3,4,6,2,1,0,12,0,11,0,0,4,2,50,1
"COG3693",26,190,342,202,37,204,323,269,37,437,501,324,100,456,135,447,633,114,282,529,325,325,225,467,376,515,366,354,215,367,360,404,425,148,863,438,437,259,308,166,282,423,240,372,301,143,384,501,106,201,1090,293,535,709,979,697,885,625,1241,123,48,2010,1252,1742,1059,1557,1175,1444,35,1633,195,1429,719,815,1260,461,1007,609,892,462,977,1381,437,394,1148,1693,1128,1630,485,948,562,379,446,981,1137,155,1454,1599,1169,554
"COG3694",11,32,13,5,8,17,20,0,28,9,34,31,4,4,15,23,19,24,8,1,10,18,6,37,11,15,28,4,13,55,11,8,48,220,29,3,9,4,22,36,4,2,37,12,3,25,2,2,14,14,71,11,5,10,20,25,43,24,91,580,127,27,22,149,16,31,214,93,17,26,91,12,36,70,9,110,54,119,11,50,5,131,330,40,6,57,23,8,5,34,8,17,14,17,730,76,12,39,176,165
"COG3695",88,476,613,190,585,291,183,193,344,437,332,628,532,540,515,126,546,411,748,83,472,645,275,177,565,279,331,287,557,214,565,794,442,346,547,697,648,870,594,496,682,378,518,579,823,882,350,290,781,429,422,143,593,615,575,506,701,400,452,133,576,720,481,152,230,363,167,569,312,427,426,318,779,447,559,487,517,501,625,217,695,553,399,421,846,333,884,695,611,943,493,513,458,727,578,411,310,84,648,194
"COG3696",485,10187,4763,301,3831,2830,1192,3178,1714,8749,6962,4599,5381,4252,2807,2034,5455,2167,11291,1169,9001,5123,4183,2641,5435,3578,2927,3184,5565,3902,6065,10616,3152,3429,3000,7701,7772,5307,4381,2139,3682,6199,5293,3213,5340,7637,3995,2075,2780,5146,2801,7554,3792,6370,4754,4188,8422,2272,6793,300,822,5036,5578,2757,4052,4818,2901,1211,406,5165,817,4664,5742,4000,4558,3507,5997,3515,11558,538,8734,3940,2553,4360,8800,4096,10374,5394,5233,4699,4533,10264,2218,8298,3956,221,5610,4180,7281,3729
"COG3697",356,185,157,178,227,179,159,379,335,209,101,108,274,83,90,151,108,429,84,137,299,137,212,207,89,92,110,193,173,100,175,228,183,168,99,243,137,85,290,76,312,29,359,107,162,174,24,122,162,379,68,347,243,145,272,156,49,154,98,159,119,107,46,60,162,159,132,198,423,153,485,94,89,115,77,142,78,144,25,918,50,83,158,591,112,287,195,165,269,330,142,143,90,230,165,488,174,135,406,404
"COG3698",39,61,78,64,441,2,19,13,147,41,105,4,127,3,61,10,2,443,54,10,5,0,4,350,7,1,2,119,50,1,13,3,145,78,0,12,15,18,22,0,14,3,2,6,72,66,2,21,92,3,0,35,11,31,0,5,16,6,13,90,82,2,5,1,70,50,2,7,2,9,931,4,28,22,4,14,25,8,16,11,74,6,17,8,16,17,21,6,14,13,2,14,3,47,1,3,4,0,79,9
"COG3700",30,54,118,107,640,0,13,16,403,42,179,1,121,4,101,21,8,610,64,22,5,0,2,357,5,2,4,130,68,0,37,59,162,85,4,18,28,27,47,0,38,8,1,8,91,71,2,25,76,4,0,45,8,139,6,6,30,22,10,190,93,6,9,5,79,115,4,11,1,19,968,10,8,32,3,19,19,6,12,69,84,9,70,9,31,22,26,6,10,8,8,92,1,42,1,4,5,2,93,22
"COG3701",1,79,0,0,6,72,0,0,18,0,16,1,0,12,122,357,0,34,10,0,0,0,7,112,58,1,11,1,6,13,0,0,0,6,4,2,22,73,5,172,134,17,66,18,18,45,36,4,219,121,4,34,1,45,57,7,15,10,29,1,0,19,32,0,0,197,4,0,323,4,0,119,0,2,12,0,0,38,0,1,10,2,10,17,41,6,0,4,1,0,42,13,2,0,0,498,2,66,0,3
"COG3703",10,30,48,51,305,0,2,4,54,38,67,0,103,3,48,7,6,284,34,4,4,1,0,161,2,1,0,109,60,0,4,48,115,77,1,7,11,9,21,0,25,1,0,6,42,33,1,10,61,8,0,15,2,3,0,1,7,3,7,12,15,0,1,0,10,7,0,2,0,1,166,0,6,4,0,0,5,0,5,8,23,2,11,1,6,2,4,1,7,0,1,19,0,18,0,1,1,0,11,0
"COG3704",41,1,0,14,0,4,10,0,0,1,2,0,0,1,1,0,0,28,25,1,0,7,0,0,0,0,34,44,3,0,28,39,0,1,1,0,9,0,0,22,0,0,0,0,9,0,3,0,0,4,51,0,0,5,15,25,0,11,1,0,0,11,5,3,1,6,0,0,0,3,130,0,33,0,1,22,0,37,0,23,0,3,0,5,2,27,0,0,0,0,0,0,21,0,0,0,0,0,0,12
"COG3705",2238,745,809,1438,284,1076,1447,800,905,402,616,904,522,837,613,594,929,761,285,508,672,644,980,569,577,1167,1033,1249,741,1043,1004,409,796,760,1161,345,744,435,636,1163,1606,282,526,984,229,386,422,987,884,658,1565,243,832,407,669,691,235,1141,611,1291,495,814,944,1151,821,548,863,966,1683,353,436,452,318,1140,773,749,873,979,368,1110,345,835,1037,945,366,1092,287,856,511,578,947,125,584,630,1239,1404,454,620,431,1063
"COG3706",2936,15484,16408,1415,4574,11223,8676,6769,6433,21357,16173,11842,12281,13772,11671,12251,10272,8495,21727,17216,31360,15668,15613,10612,21049,11682,11464,9237,12688,8474,19117,24644,13922,6505,16154,28153,20663,24348,14350,11792,11897,12255,14818,13360,14154,24972,15758,11767,10106,16449,8326,6340,14974,21733,25367,19999,27538,9147,15409,1284,1592,20150,18497,10099,8082,19365,8822,6755,2419,17247,1222,5398,17634,14595,24285,8632,19532,9496,28676,2205,28776,17350,7082,11658,15662,10053,17387,12482,17374,14477,18066,24020,11872,13719,14437,1206,23658,16247,30062,6697
"COG3707",246,405,200,613,269,381,279,483,202,298,190,552,308,280,437,189,406,205,148,259,231,264,184,519,263,300,369,301,282,503,279,122,187,568,276,195,190,165,368,329,284,148,245,302,306,180,270,172,334,252,211,75,281,204,215,271,186,435,397,187,1128,292,313,452,169,369,288,597,1174,86,128,307,253,485,247,683,137,383,203,536,114,267,438,394,159,280,176,216,266,286,391,216,223,184,432,1154,140,326,256,343
"COG3708",834,215,195,934,205,444,367,36,413,44,246,174,48,176,209,289,200,227,93,80,118,206,571,25,123,373,376,200,171,113,35,74,174,745,179,57,217,91,256,553,450,147,129,274,42,117,45,801,574,117,477,20,250,396,358,440,258,459,235,206,125,157,368,249,281,94,146,586,77,67,436,50,122,396,75,324,144,289,125,531,56,77,355,261,33,179,128,61,156,71,358,81,188,37,751,34,70,111,522,313
"COG3709",17,31,46,49,274,1,1,1,144,25,61,1,105,4,21,13,14,252,26,0,3,2,1,124,6,1,3,62,39,0,10,35,145,54,12,13,12,5,26,7,48,10,2,7,36,34,3,3,46,10,0,13,6,8,1,0,1,4,2,21,16,0,2,0,4,17,1,2,0,0,132,1,0,3,1,3,2,5,3,5,17,2,20,1,6,0,6,1,4,6,1,26,0,14,0,2,2,0,17,0
"COG3710",266,188,294,464,2381,18,14,8,1102,155,222,8,103,5,352,81,24,1371,502,17,21,1,1,1091,25,1,1,345,117,2,53,147,625,186,19,55,102,39,114,1,81,23,4,25,416,458,12,93,214,35,1,325,23,157,17,20,97,31,26,293,684,15,18,4,150,179,4,23,1,30,3455,4,77,99,7,93,59,25,136,146,644,17,182,32,79,28,88,24,43,49,4,161,11,234,1,8,18,1,814,11
"COG3711",2036,2556,6357,9263,4122,2520,5865,3409,4920,2382,2209,1865,1491,1115,1919,857,1597,3853,2018,899,2202,839,780,4451,1209,1622,1599,1923,2178,1755,757,2104,1971,1926,2275,1088,1423,2614,1001,1904,2028,1123,1567,3164,1815,2207,1347,2946,1878,2006,1360,1333,3167,2827,1180,1560,2136,1348,1014,10628,4661,1286,1040,4791,2194,4212,992,1505,5543,1180,8777,5389,1716,2654,3840,4087,1174,2500,1278,7134,947,1306,1275,2581,1273,1115,1748,2357,1803,1238,2743,1549,1235,1778,3986,11352,681,1972,6575,1441
"COG3712",2299,18757,15500,1582,6722,12014,2926,4264,5772,18991,18460,13561,17475,14358,14644,4731,7546,5641,39983,4610,20176,11757,12245,3675,22780,7181,10037,7287,14196,6467,14726,25234,7352,15141,8315,20887,19798,25795,19128,12845,7197,14573,13284,10612,17541,30138,11427,10141,15476,12322,8059,6383,16630,25110,17539,18142,40850,9265,13840,267,2411,16507,15743,9090,7100,20519,4445,4572,3169,11133,112,10226,15874,17039,19069,9621,21108,10195,26115,1503,26699,13752,6738,11298,18795,6391,27539,16844,17116,16777,17532,32244,13347,15922,19528,656,15325,6705,30745,4657
"COG3713",255,111,145,104,908,1,7,9,353,118,211,0,133,48,155,30,15,564,57,2,5,15,1,475,4,0,0,205,127,1,12,60,331,89,13,77,87,13,80,0,51,20,176,5,67,135,16,26,102,10,0,63,9,219,6,12,35,30,15,50,88,5,14,9,84,74,2,5,0,35,1364,10,37,32,9,11,52,8,21,66,66,12,102,27,56,8,108,13,29,59,6,329,2,163,3,5,75,4,214,2
"COG3714",27,35,68,81,446,0,2,6,184,43,93,1,143,5,74,35,7,421,43,8,3,3,1,282,49,2,0,115,54,0,10,51,183,79,5,28,22,4,43,0,46,5,1,4,69,84,3,14,100,7,0,57,7,47,9,5,13,21,17,53,78,3,14,6,45,60,2,74,0,10,657,2,24,16,4,52,24,7,35,51,66,7,79,14,41,2,20,8,22,16,3,93,6,38,0,4,8,0,63,9
"COG3715",3077,749,1964,1786,2686,1006,2787,1468,2047,1468,939,365,1262,466,1071,284,396,1891,746,175,896,237,272,2833,365,422,588,844,554,1141,388,712,871,843,1302,758,624,479,463,709,2661,394,800,475,551,780,392,440,990,1165,263,588,1076,714,486,628,498,429,638,4288,1750,460,453,1004,596,1025,450,828,2045,448,3313,1183,695,1371,990,2346,390,437,605,2047,307,278,593,1610,531,355,381,643,847,658,1291,560,356,823,864,4925,328,1031,1372,373
"COG3716",3406,697,2150,1857,3090,1046,2939,1807,2066,1430,1009,383,1164,406,1216,282,391,2147,770,191,843,286,355,2869,451,418,561,965,558,1278,556,741,903,876,1321,686,567,452,487,764,2848,488,873,496,527,861,362,476,982,1228,281,547,1150,653,453,638,558,443,554,4209,2162,552,523,1065,483,1080,409,812,2033,535,3703,1149,723,1373,963,2419,347,467,566,1857,364,344,600,1402,547,310,470,611,755,588,1361,589,367,827,839,4912,311,923,1540,405
"COG3717",788,1504,2262,240,735,1313,1092,1058,1212,2196,1880,1372,1808,1629,1184,989,1896,1788,2175,1760,2359,1325,2242,1126,2025,1403,1416,1902,1755,1278,2655,2065,1364,695,1792,3096,2166,1753,1233,999,956,2253,1896,1928,2396,1483,1537,1198,1024,1095,1044,2743,1370,1957,1221,1885,1642,1252,1820,272,384,2170,1738,959,1093,1503,1284,609,390,2600,1114,1391,1720,1329,2214,1636,1822,876,2383,732,2357,1669,722,1765,2415,1491,1776,1715,1725,2054,1794,2140,840,1677,1235,486,2319,2067,1696,955
"COG3718",563,166,116,41,29,361,203,4,536,731,138,260,50,65,212,172,128,114,43,34,80,134,178,546,113,91,224,181,227,155,413,51,100,252,49,47,194,772,192,466,812,188,126,330,44,33,239,71,208,265,239,55,120,29,184,100,196,284,110,153,14,59,191,357,246,220,116,214,218,53,154,562,131,356,556,99,32,512,60,180,78,127,374,77,273,69,79,40,86,127,613,85,133,259,35,1883,100,257,122,111
"COG3719",11,12,31,25,143,0,2,5,100,13,39,0,47,2,26,4,6,172,18,3,2,0,0,122,1,0,0,32,18,0,6,22,65,38,0,8,5,7,12,0,17,0,2,1,29,28,2,4,46,4,1,47,20,37,4,8,20,16,25,89,128,1,9,4,74,87,1,5,0,10,802,4,22,20,1,19,25,10,25,63,86,3,77,15,28,18,22,2,15,15,10,70,0,61,0,6,1,2,90,12
"COG3720",41,4,2,20,1,0,1,0,144,3,4,0,0,2,5,11,7,41,63,0,0,0,0,0,4,2,1,11,1,0,23,99,79,112,7,21,16,4,13,0,64,6,2,0,71,86,0,2,134,12,0,81,0,1,9,0,0,1,26,68,90,2,3,0,1,116,0,2,0,9,63,0,2,6,1,22,18,0,26,30,83,0,65,0,25,8,8,0,1,6,1,112,0,37,0,1,3,1,101,3
"COG3721",285,43,3,11,3,6,10,23,120,54,18,20,0,48,6,139,68,6,70,3,1,14,12,1,14,3,21,24,3,13,8,51,9,80,5,52,57,19,15,9,8,34,51,4,33,128,3,6,97,91,14,69,10,98,19,15,12,32,45,0,56,12,52,9,5,67,13,15,0,1,29,2,13,9,33,35,23,42,33,3,53,11,8,10,6,6,94,51,27,37,32,27,30,87,1,6,33,1,212,6
"COG3722",40,90,126,177,855,4,8,13,227,75,199,0,256,5,116,31,10,792,112,7,3,2,1,554,9,0,0,196,87,0,15,107,279,136,10,23,30,15,61,0,71,10,5,9,140,168,6,39,154,11,0,104,15,61,10,9,26,24,25,81,151,6,11,3,93,108,2,8,0,19,1417,1,33,29,2,21,27,8,41,96,115,9,111,18,48,10,29,10,30,17,10,195,2,90,0,11,5,1,135,4
"COG3723",85,38,399,11,59,438,200,225,255,30,115,357,301,162,212,143,235,273,997,20,176,63,10,9,185,808,283,235,60,375,436,903,129,242,186,178,521,15,335,350,144,177,216,305,238,110,277,51,145,377,718,43,77,53,220,661,56,269,172,115,81,306,43,2191,103,160,197,219,151,325,741,98,1156,541,101,404,22,254,369,114,178,756,379,765,616,214,635,1085,140,97,40,215,78,357,47,216,293,41,337,230
"COG3724",12,30,58,74,423,1,1,6,284,40,78,2,135,2,47,28,13,439,28,4,5,0,0,229,3,0,0,103,58,0,27,53,198,98,7,7,9,11,44,0,94,6,1,5,38,41,5,12,65,4,0,36,13,19,10,4,10,15,8,82,67,2,12,0,45,72,3,8,0,7,650,3,16,12,2,15,15,2,24,63,42,0,115,6,34,5,25,4,24,10,0,118,0,38,1,3,2,0,48,9
"COG3725",7,22,63,48,373,0,4,5,160,40,74,1,100,4,42,15,10,353,23,2,1,0,0,219,2,1,0,87,38,0,6,53,172,57,3,21,15,6,29,0,57,6,1,1,42,45,4,9,52,7,0,49,9,33,3,4,10,6,12,72,67,3,11,1,34,49,1,2,0,21,530,2,21,14,1,11,19,6,12,53,39,2,67,14,30,9,10,1,18,6,1,88,1,34,0,2,6,1,35,4
"COG3726",16,24,31,54,230,2,12,1,290,20,60,1,99,0,29,16,7,263,27,6,3,0,2,132,3,0,1,66,29,0,17,31,109,25,1,4,11,12,22,0,59,2,1,3,25,31,2,3,46,3,0,29,3,16,6,1,6,9,5,78,42,1,9,0,24,60,0,1,3,12,349,2,11,9,5,10,6,3,19,29,16,3,58,6,32,13,5,2,20,5,3,102,1,28,0,1,3,0,38,11
"COG3727",731,473,1020,493,704,897,471,815,317,1096,917,1085,1069,412,807,814,608,627,172,607,399,319,867,709,769,546,807,631,438,679,802,111,813,378,555,971,318,534,716,1093,700,897,495,606,1469,941,855,594,911,336,1218,646,386,387,916,1065,450,609,565,197,1022,397,537,900,520,772,710,866,1101,846,506,705,996,518,801,291,630,921,670,717,282,179,818,849,287,882,361,551,343,1454,728,222,595,783,318,654,599,1137,667,1216
"COG3728",773,170,213,804,1366,257,78,12,126,105,124,68,323,147,308,68,204,258,33,20,44,135,64,107,132,191,371,211,50,461,217,42,230,460,175,145,131,64,212,203,221,43,111,216,76,87,177,311,93,200,185,57,74,50,46,143,58,85,23,123,169,256,127,360,64,267,91,136,755,73,235,300,116,178,138,311,78,565,40,98,121,86,123,68,290,118,64,285,75,113,201,4,114,185,222,139,50,232,82,143
"COG3729",15,21,28,34,201,1,0,0,129,8,43,2,43,0,47,9,1,156,26,0,2,0,0,66,1,0,0,37,15,0,2,10,59,14,2,6,4,10,14,0,33,0,0,1,22,24,1,11,22,0,0,17,3,20,0,4,10,8,6,11,45,2,1,0,17,24,1,3,0,7,250,0,14,6,2,8,8,0,7,8,19,1,58,4,8,1,11,3,2,3,1,22,0,10,0,1,1,1,34,4
"COG3730",19,40,122,110,367,69,55,11,279,465,114,23,96,9,122,22,16,314,55,11,27,9,3,594,9,7,5,85,51,101,25,72,235,69,9,35,72,285,34,279,166,70,16,5,41,32,101,21,79,92,10,56,32,57,15,4,112,17,43,449,75,23,14,82,46,237,12,10,296,20,361,767,18,43,351,44,25,53,29,70,33,11,79,38,60,15,23,20,13,26,429,44,22,181,4,2063,4,89,39,18
"COG3731",331,32,164,123,273,76,51,13,340,252,84,24,71,6,87,20,19,210,28,8,41,5,3,377,13,10,9,69,50,62,14,70,229,43,14,27,55,251,33,163,179,99,14,8,28,18,60,23,59,82,6,60,22,34,29,6,83,9,45,533,96,31,11,134,42,289,14,13,353,27,327,428,9,60,193,48,21,83,17,122,30,9,87,51,54,10,20,35,26,28,259,36,39,111,2,1115,4,63,45,19
"COG3732",11,62,202,218,375,112,70,18,487,655,156,43,105,9,111,41,28,367,61,13,19,7,11,682,20,7,9,111,80,157,33,129,421,84,18,46,87,291,61,323,355,91,29,12,39,42,150,25,117,143,7,66,52,66,28,13,96,17,77,737,106,37,30,127,63,311,11,13,483,28,458,766,17,77,414,61,26,70,41,110,51,13,173,74,105,26,31,37,35,22,492,63,34,286,9,2347,6,173,50,28
"COG3733",0,24,43,42,4,3,1,3,76,11,80,1,72,1,43,7,3,108,23,1,5,0,0,189,0,0,0,86,30,0,6,7,67,0,1,2,1,9,27,0,30,2,0,3,21,12,2,10,3,3,0,46,4,79,7,16,23,19,0,81,118,3,11,0,80,35,1,18,0,23,1316,1,32,16,0,1,10,8,1,62,118,9,91,12,52,5,21,7,7,3,2,221,4,12,0,7,2,1,114,6
"COG3734",257,151,240,107,544,24,92,38,452,70,202,17,289,12,249,48,34,895,104,24,26,46,31,466,10,57,389,158,148,25,54,250,422,244,67,102,110,57,131,21,203,15,34,67,138,251,19,30,265,127,390,179,133,68,40,35,72,19,130,118,297,19,18,14,78,223,49,37,165,36,2098,6,79,69,19,42,103,50,91,67,145,17,178,47,97,19,184,20,90,62,13,284,136,99,92,22,27,12,186,23
"COG3735",68,601,385,153,486,445,42,21,186,610,224,496,331,248,386,154,168,504,569,60,423,484,904,329,563,115,213,162,294,690,396,391,336,237,198,888,510,301,340,52,279,54,474,310,232,337,300,144,391,194,428,1484,397,566,638,414,524,103,262,95,159,288,406,320,318,241,218,106,4,97,699,37,461,459,338,206,903,225,593,49,1390,366,216,102,365,197,320,271,525,335,228,848,299,290,406,20,245,40,1048,87
"COG3736",44,15,0,92,6,8,1,0,0,17,5,0,1,2,4,0,5,308,24,5,2,6,0,0,4,0,146,92,2,0,26,16,0,1,0,3,17,1,7,7,1,18,0,0,31,0,0,0,2,15,74,0,0,8,58,53,1,6,1,41,290,29,6,1,1,14,1,0,0,3,86,0,51,0,2,26,0,45,2,35,0,2,1,4,3,28,1,0,0,4,0,0,28,0,0,0,0,1,0,15
"COG3738",178,50,140,74,554,156,183,200,170,169,134,124,225,93,126,94,92,595,51,33,218,123,110,206,94,198,173,270,119,100,149,58,373,175,137,27,25,46,65,287,136,17,49,95,116,86,211,351,161,13,148,71,230,76,62,163,34,232,69,58,109,183,82,341,112,113,316,116,454,56,567,41,120,99,222,126,28,204,59,328,75,115,224,97,28,176,78,27,146,27,52,10,394,90,38,40,142,173,59,126
"COG3740",433,397,156,15,564,66,124,788,180,250,111,243,716,432,333,164,235,239,427,27,133,233,120,111,248,352,144,151,172,195,58,249,48,516,89,125,365,102,107,215,142,60,62,221,743,296,238,62,448,499,175,39,57,230,131,269,538,51,207,46,67,144,315,249,186,188,126,900,473,178,332,1160,3963,210,232,602,157,134,170,312,468,62,43,672,87,88,155,160,58,277,42,704,213,161,22,1527,179,219,170,156
"COG3741",18,4,21,90,5,2,0,3,3,1,1,0,1,0,0,123,0,1,4,0,3,0,32,0,5,32,34,0,7,61,0,1,2,29,7,0,2,2,1,3,3,1,1,0,0,4,0,2,2,0,0,2,0,10,95,0,6,37,2,0,15,0,2,0,8,2,0,1,6,0,6,0,2,2,0,3,0,0,6,1,2,0,1,8,0,39,2,1,0,3,3,1,2,5,5,12,0,1,30,4
"COG3744",63,3,13,0,0,3,2,10,5,2,6,0,0,0,18,4,0,1,24,0,45,24,49,1,38,18,17,0,11,16,0,34,17,4,8,8,8,2,0,11,0,28,48,12,58,6,10,41,23,7,20,1,1,16,9,9,27,6,54,7,3,17,0,10,3,13,6,0,0,16,2,1,37,8,2,0,6,11,0,0,0,37,6,3,30,10,1,6,10,0,1,28,31,0,18,0,87,1,0,10
"COG3745",0,2,0,0,0,48,59,38,6,3,44,0,1,11,37,63,10,1,17,3,130,12,0,0,19,56,0,21,17,17,283,0,28,22,33,0,28,0,9,38,1,3,1,93,7,0,1,1,8,12,7,0,81,3,28,4,2,255,63,0,0,13,0,12,92,7,12,31,5,7,81,0,19,4,4,0,4,29,2,0,13,8,78,0,6,6,0,18,109,0,15,0,0,2,0,0,36,54,25,46
"COG3746",89,950,816,109,354,335,121,127,443,1746,2553,709,858,546,578,299,836,411,787,238,555,600,674,15,882,917,385,339,744,448,645,1541,407,241,763,925,1013,1702,527,534,321,848,739,843,1226,1863,254,487,454,861,520,46,853,969,443,901,2095,345,957,10,94,1195,808,736,233,934,438,197,158,650,2,552,835,948,1005,446,452,736,1283,100,1346,906,157,892,795,578,1495,1310,869,1120,1116,896,474,1022,830,26,492,38,893,466
"COG3747",32,70,208,10,200,36,60,118,166,23,85,106,62,74,106,26,72,96,10,8,32,24,25,35,24,230,84,136,28,41,23,61,36,66,212,69,121,32,102,199,88,15,49,202,21,72,11,381,181,53,78,37,48,253,449,56,8,77,29,92,169,52,101,302,43,51,29,53,85,58,78,18,52,84,28,96,67,86,70,22,30,50,63,164,82,95,96,43,24,62,6,4,141,63,36,27,34,51,140,52
"COG3753",14,24,61,52,309,2,0,8,2,29,67,6,59,3,48,3,1,295,28,6,3,0,0,220,0,1,0,69,48,0,5,34,72,39,2,11,10,9,18,0,0,2,4,1,37,33,3,14,46,3,0,21,7,21,0,6,11,10,8,46,39,0,7,1,22,22,1,2,0,1,493,1,11,13,0,8,16,3,14,2,38,2,4,5,11,3,13,5,10,5,5,8,1,25,0,4,0,0,45,0
"COG3754",122,717,1107,455,807,1025,1219,374,1310,1922,2383,1398,1003,1698,1143,2968,398,897,1476,764,2851,1394,800,736,2052,855,1321,420,1009,914,1431,2083,572,537,596,959,1366,2000,2051,773,536,1839,906,1156,1425,3095,790,1095,791,1496,1206,281,1787,1963,1470,1336,1099,1149,1231,1564,235,1547,1635,602,926,701,1487,1665,2784,1833,35,1301,1178,1084,1612,426,760,597,989,483,2706,1804,207,816,1411,530,1976,1449,1708,1386,600,2602,698,764,1658,154,687,1001,2379,513
"COG3755",0,31,48,45,410,0,1,1,82,28,114,0,64,1,72,16,5,330,1,5,3,1,0,204,0,0,0,84,47,1,9,6,122,0,4,0,0,10,32,0,32,2,0,2,17,15,8,22,9,2,0,3,9,31,3,2,24,11,0,42,3,0,6,0,41,9,2,1,0,6,507,0,20,8,1,0,8,18,4,23,0,2,45,4,20,3,13,7,13,2,2,79,1,3,0,2,0,2,1,2
"COG3756",0,4,0,5,411,0,0,0,0,2,0,0,0,0,0,0,0,19,0,0,0,0,0,0,0,0,0,17,0,0,0,0,0,0,1,0,0,0,40,1,0,2,0,0,19,27,0,0,1,8,0,26,2,9,0,3,0,5,0,3,0,0,1,0,0,0,0,0,0,1,0,0,0,0,0,1,1,0,0,0,75,0,1,1,0,0,0,0,6,0,0,3,0,0,0,0,2,0,77,0
"COG3757",3563,3020,1625,2833,989,4480,3769,4817,2864,788,2265,6139,2180,2875,2510,3248,3068,2508,1205,5743,2001,1523,4403,3356,1975,4102,5166,3740,3028,3905,3223,832,2402,3244,3041,1027,1893,891,2492,3043,6326,3846,1254,2857,1494,772,3395,5548,2119,1701,5147,3454,2608,1085,2078,2587,1053,3772,1981,3256,1744,2845,3244,6405,3072,3378,5422,3859,2528,2512,1663,2850,996,2089,1386,2207,2949,2841,1099,3763,1732,2470,4453,4452,1007,3448,630,1519,1932,868,2692,1060,4186,997,2448,1812,3657,5244,1525,4023
"COG3758",59,50,51,90,299,13,11,1,115,25,78,20,74,38,61,25,16,252,38,4,9,18,6,184,63,11,7,87,43,37,19,103,159,192,27,44,44,9,75,19,243,8,13,15,36,123,9,24,165,32,11,53,13,103,36,21,62,46,38,217,98,20,16,24,39,51,26,132,0,8,502,1,9,29,2,11,42,15,31,28,46,9,104,11,22,8,100,15,16,36,5,209,15,33,1,4,8,2,182,12
"COG3759",8,5,17,17,23,4,22,108,93,0,22,0,0,0,2,1,2,6,1,1,2,0,5,3,3,1,0,3,5,82,1,2,28,1,7,0,1,5,4,1,19,1,0,0,1,6,0,1,20,33,3,21,1,2,8,1,1,1,0,764,22,4,7,8,0,7,4,0,120,5,1,0,0,0,2,2,0,1,5,148,1,1,23,3,3,1,3,0,0,0,2,0,0,1,3,14,1,3,16,0
"COG3760",1122,605,444,948,326,906,890,567,556,475,719,580,265,518,613,709,528,488,477,517,351,423,578,208,408,867,706,570,381,546,411,220,806,718,879,437,370,469,666,797,581,283,325,647,170,364,502,717,678,772,943,453,745,653,646,722,156,848,412,800,339,351,792,838,402,434,822,926,702,382,297,357,220,725,822,523,443,621,195,948,550,581,828,536,339,797,316,235,457,430,729,218,603,399,853,835,259,578,699,1274
"COG3762",14,2,1,1,12,5,12,5,206,0,9,11,1,8,10,1,27,1,1,30,2,2,18,0,10,12,38,24,0,0,7,6,6,8,5,5,16,23,21,13,0,9,2,3,10,0,6,4,17,6,31,1,5,14,24,36,0,12,3,36,0,30,27,7,20,18,4,6,3,1,0,6,10,12,7,17,8,30,0,18,4,5,8,3,25,23,60,0,5,2,9,0,26,42,0,1,2,1,0,23
"COG3763",201,2,20,40,7,1,49,135,28,0,11,0,3,1,6,15,0,5,4,0,3,3,14,49,18,4,13,0,4,12,3,1,9,27,17,1,1,2,5,33,2,0,2,4,2,3,2,5,9,14,17,6,6,6,1,4,3,15,2,360,14,6,2,43,5,2,56,11,34,2,2,4,0,7,2,1,0,24,4,76,1,4,47,4,1,27,2,0,2,2,3,1,148,1,14,9,10,4,17,35
"COG3764",1790,1459,829,1546,1795,810,1840,1773,834,70,501,2015,802,814,752,545,974,1121,179,528,310,542,299,1913,769,1429,1116,912,1060,2238,240,341,968,3862,1202,227,457,228,498,862,1266,146,335,873,398,282,817,1567,1103,285,1519,296,1325,1008,473,576,471,1009,880,2470,8609,1007,1074,2091,729,537,1052,2898,4067,335,318,205,366,1736,728,905,374,2403,311,3392,240,796,2736,718,285,1053,130,557,642,348,692,25,1318,371,1296,3994,236,408,394,1452
"COG3765",70,166,206,251,1726,5,15,21,455,110,288,1,420,2,207,33,19,1295,173,19,39,2,0,726,10,0,2,313,109,1,39,186,376,396,16,36,48,55,118,0,92,11,9,12,187,204,6,34,342,19,0,163,24,224,7,13,52,42,47,132,282,10,16,3,188,257,1,15,0,37,1711,3,44,52,3,48,55,22,69,171,223,38,168,22,79,26,52,18,49,30,20,653,3,156,0,8,14,1,291,13
"COG3766",30,25,55,38,0,0,1,6,1,27,10,1,36,3,28,0,2,227,21,2,8,0,0,159,4,0,0,56,29,0,5,47,56,67,1,9,12,7,16,0,2,1,2,3,45,41,1,14,46,5,0,19,2,17,0,4,14,5,8,4,57,3,1,0,23,19,0,2,0,3,267,1,9,5,0,10,10,1,14,3,55,3,4,3,0,1,5,1,5,6,1,9,0,16,0,4,1,1,61,1
"COG3767",6,0,0,0,0,0,3,2,128,0,10,0,1,0,0,0,0,1,0,5,0,0,1,0,0,0,0,1,0,0,1,0,0,0,0,0,0,2,0,0,0,0,0,0,0,1,2,0,0,0,0,3,0,2,1,3,0,0,0,3,0,0,1,2,5,0,0,0,2,2,0,2,0,0,2,0,1,0,0,2,0,2,0,0,0,6,0,0,0,0,0,0,0,0,0,0,0,0,0,4
"COG3768",9,19,28,24,147,2,2,1,101,15,28,1,62,0,15,4,3,118,13,6,1,0,0,92,3,0,0,37,17,0,5,18,51,17,1,3,10,8,7,0,17,1,0,2,11,13,4,7,13,2,1,30,6,28,2,7,22,16,11,53,68,0,3,1,42,46,3,7,1,5,594,6,10,10,1,21,13,7,21,29,34,5,62,11,14,15,8,3,18,8,7,113,1,44,0,4,0,1,49,16
"COG3769",11,13,32,29,103,0,2,1,3,20,31,0,106,1,30,0,2,161,15,0,2,0,0,112,1,0,0,59,22,0,0,8,44,53,0,3,6,5,14,0,1,0,1,1,16,19,1,1,38,4,0,16,6,11,0,0,11,8,11,1,35,1,2,0,14,13,1,5,0,2,266,0,5,6,0,6,7,2,5,32,18,1,7,4,6,1,6,2,10,7,1,114,1,15,0,2,0,1,18,0
"COG3770",23,34,80,60,363,5,4,14,260,43,79,1,113,5,46,305,5,339,34,13,8,0,3,261,0,3,0,99,55,0,12,62,142,81,3,20,16,20,23,0,34,7,1,4,48,48,5,8,79,6,0,38,11,30,6,11,14,13,17,70,71,1,6,0,50,71,0,8,1,11,504,4,16,21,0,15,11,5,22,42,51,8,48,8,18,14,15,4,12,5,11,82,1,25,2,5,4,1,42,10
"COG3771",19,18,19,34,198,1,7,3,168,16,41,0,43,1,25,17,0,146,17,7,3,0,2,120,2,2,0,48,21,1,15,34,80,37,0,6,12,4,24,0,17,3,2,4,24,21,2,11,49,2,0,21,3,21,1,6,5,6,5,46,44,2,3,0,22,19,2,6,0,9,257,2,6,4,2,5,8,0,11,18,25,0,34,5,11,8,7,3,2,3,3,57,0,20,1,2,0,3,38,10
"COG3772",273,83,194,54,3221,92,192,20,783,179,103,62,162,113,453,26,271,639,108,5,62,144,61,451,170,191,155,162,853,17,42,267,157,554,264,48,123,40,84,156,84,101,75,247,95,156,37,64,454,271,61,116,36,129,111,188,74,204,71,124,190,55,121,100,77,202,789,880,246,70,748,2,96,134,61,128,61,92,28,77,244,27,230,51,43,180,148,139,70,320,15,386,169,154,82,99,100,13,410,68
"COG3773",1617,758,835,1157,303,1327,1562,436,1442,116,650,650,793,1196,585,696,854,923,215,427,977,929,991,347,703,1566,1407,1703,861,1063,1136,332,1467,2131,1520,331,910,383,595,1244,864,220,742,1408,122,350,658,1142,662,540,2553,117,947,376,929,1133,182,956,361,780,499,830,1116,2422,1239,332,1195,1077,581,497,698,317,233,714,747,804,2091,1390,525,1029,464,1288,1778,1536,492,1875,222,1286,506,584,1282,206,1600,755,951,379,697,632,327,1617
"COG3774",1193,1425,1351,505,647,1104,740,1581,1344,1683,3349,1214,1785,1548,1124,1570,1726,1166,2866,604,1617,815,1140,755,1532,1153,1063,1015,1262,1256,1818,2170,892,887,1560,1443,1479,1739,1211,1193,965,1151,1039,1764,2391,1963,1044,1860,1437,820,1475,312,1274,2647,785,1511,3120,1475,1457,558,560,1435,1583,1987,1017,2735,2316,577,710,3215,147,1767,1491,374,1635,1179,908,1516,1350,1407,2006,1324,1263,799,1992,1225,2044,2063,1008,1697,1233,2262,950,964,1251,92,678,1204,1481,1525
"COG3775",1425,1282,1845,717,315,1288,982,1121,534,1893,2422,2001,1089,854,1164,665,1430,845,1633,2297,1296,1317,966,1594,1234,466,1058,899,1380,1246,1175,2045,767,338,813,1466,1633,2005,1180,1238,1222,2702,1570,1384,2031,1335,2004,1006,1136,1492,625,2263,1141,1235,886,826,1648,769,1062,1946,562,1234,570,1653,760,2802,1256,769,945,2529,1666,1864,1828,1100,2039,937,1375,1006,1469,381,1842,1046,629,747,2179,761,1820,1893,1378,1942,1262,1584,814,1407,1189,4271,2123,2717,2266,755
"COG3776",10,10,25,17,109,0,2,0,119,8,25,2,40,0,18,9,0,120,14,3,1,0,0,69,1,0,0,29,16,0,5,14,56,22,4,2,5,1,16,0,24,1,0,2,14,29,1,4,25,0,0,14,1,4,1,2,2,5,3,26,29,0,3,0,4,31,0,4,0,4,213,0,3,12,0,3,0,1,13,21,9,1,37,4,17,1,5,0,3,4,0,48,1,10,0,3,1,0,15,2
"COG3778",470,15,11,5,3,18,25,29,1,75,0,14,2,33,3,2,48,132,0,3,1,6,0,0,9,1,2,3,4,3,0,47,1,2,9,0,7,1,2,9,13,1,14,0,24,45,3,7,13,11,12,41,8,12,0,1,0,3,2,6,0,11,63,6,11,1,2,13,3,2,7,0,1,2,19,0,0,7,9,3,5,14,15,0,3,5,8,0,16,40,0,1,23,3,0,1,0,2,0,2
"COG3779",0,14,2,21,0,0,0,0,5,8,95,0,59,1,1,1,1,69,7,1,2,0,0,144,1,0,0,24,44,0,1,0,63,51,0,0,0,5,0,0,0,0,0,0,8,8,2,1,47,3,0,0,0,14,0,0,11,7,0,0,6,4,1,0,24,0,0,0,0,3,443,0,0,0,0,7,1,4,0,0,1,3,2,0,1,0,5,2,2,4,1,1,0,14,0,0,0,0,0,1
"COG3781",14,29,48,52,361,0,5,6,153,27,64,0,67,1,43,17,6,256,32,2,1,0,0,232,3,3,0,67,28,0,8,45,186,87,4,4,11,12,20,0,56,5,1,3,44,42,3,8,96,9,0,36,8,39,6,7,20,6,27,46,66,1,7,0,36,56,1,5,0,9,499,1,13,9,1,1,19,4,16,46,49,2,69,6,26,6,15,5,11,10,1,118,2,21,1,1,5,0,47,2
"COG3783",12,24,27,36,201,2,1,8,172,18,64,0,46,3,32,19,4,216,31,3,1,0,1,115,4,1,0,62,33,0,8,71,90,48,4,6,5,6,17,0,30,7,2,2,36,51,3,11,72,5,0,33,6,26,3,4,7,9,13,38,47,3,7,2,15,67,1,6,1,6,316,0,3,10,3,5,16,3,12,22,29,3,53,7,20,6,9,0,8,5,3,52,1,18,0,0,4,0,42,7
"COG3784",10,17,46,32,260,2,0,2,105,12,76,1,72,1,53,4,1,207,36,1,2,1,2,169,0,0,0,68,32,0,8,26,84,24,1,8,10,9,14,0,35,3,0,1,25,33,3,9,46,1,1,26,7,25,1,5,12,10,5,27,54,0,0,0,30,34,0,5,0,2,382,3,8,7,3,5,5,2,9,13,53,2,28,4,13,4,11,1,8,3,4,52,0,13,0,0,0,0,70,0
"COG3785",11,25,45,48,257,3,1,3,94,17,65,1,77,2,40,13,4,209,33,4,2,0,0,165,2,0,0,46,35,0,6,36,90,52,2,12,7,5,19,0,26,2,3,1,42,33,4,4,60,3,0,36,2,26,4,1,5,6,9,22,38,2,3,0,30,27,1,2,0,8,402,0,16,9,2,4,11,1,10,20,32,2,27,3,17,2,10,4,9,4,4,72,1,20,0,1,4,0,48,2
"COG3786",307,101,72,1,308,82,74,6,552,8,23,96,19,130,59,95,44,101,64,13,16,106,125,3,64,94,42,335,58,30,32,43,248,90,34,23,84,10,39,190,88,12,38,21,19,61,163,41,103,38,167,21,66,15,95,54,31,190,38,10,8,55,325,150,150,26,74,71,117,16,164,20,23,42,39,31,23,21,25,158,4,178,151,429,31,39,19,78,31,138,25,32,91,59,92,96,97,95,159,124
"COG3787",18,24,40,67,336,35,2,1,135,51,76,21,74,43,127,18,20,289,26,0,5,11,2,190,38,6,18,75,50,12,16,36,175,67,24,7,10,15,134,80,68,35,54,10,44,27,24,8,118,11,44,33,23,54,42,37,8,70,92,50,72,3,22,3,33,66,7,14,1,13,449,3,20,49,18,14,20,42,8,31,48,26,94,7,50,14,16,8,40,9,2,88,27,41,0,2,10,17,52,13
"COG3788",21,38,66,50,335,1,1,5,130,30,84,1,90,2,54,11,3,276,47,2,1,0,1,227,3,0,1,85,35,0,7,43,137,68,3,18,13,11,23,0,40,5,4,2,51,50,3,14,78,7,0,32,7,25,6,7,12,9,5,33,63,2,4,1,40,37,1,4,0,11,453,2,21,12,0,8,5,2,13,28,46,2,50,6,27,7,21,4,16,14,3,92,1,24,0,4,2,1,63,5
"COG3789",32,41,58,44,1,1,2,4,8,29,114,1,58,1,71,4,7,338,48,1,3,0,1,206,0,1,1,70,43,0,3,59,95,43,0,10,7,8,22,0,0,6,2,4,73,58,3,19,66,4,0,41,6,32,0,6,26,10,8,3,71,2,6,2,28,38,0,3,0,3,451,1,7,10,0,9,19,3,8,2,60,4,5,3,3,3,13,6,7,6,2,7,0,14,0,4,0,0,76,1
"COG3790",22,16,27,35,203,0,3,2,137,18,63,0,21,1,42,10,1,195,25,11,4,0,2,109,2,1,0,43,31,0,7,34,52,37,4,8,12,7,21,0,23,3,1,1,26,31,3,8,50,1,0,7,1,7,1,0,3,2,0,11,13,0,0,0,9,17,1,0,0,3,95,3,1,2,0,5,1,3,4,7,9,2,14,1,5,4,4,1,2,1,3,12,0,4,0,1,0,1,13,6
"COG3791",0,1,0,10,0,2,3,0,308,0,10,0,0,0,0,25,6,18,0,0,0,0,0,0,1,0,0,2,1,0,26,7,29,2,2,1,1,4,0,1,28,1,0,3,0,3,0,0,3,2,1,4,0,2,12,0,0,1,2,19,4,0,3,0,7,39,2,1,1,6,0,0,0,0,1,1,10,0,3,23,0,0,37,1,17,2,3,0,0,0,0,47,0,0,0,2,1,0,1,2
"COG3793",0,1,0,4,186,0,0,0,291,5,2,0,0,0,23,1,0,61,1,1,0,0,0,0,0,0,0,1,0,0,0,0,0,23,0,0,0,0,34,0,55,5,0,0,0,7,0,0,0,2,0,0,0,5,5,0,0,0,0,0,0,0,0,0,8,25,0,0,0,6,0,0,0,1,0,1,0,0,0,0,0,0,71,0,4,5,1,0,0,0,0,98,0,0,0,1,0,0,0,7
"COG3794",6,5,0,1,0,0,6,3,151,0,5,0,2,0,0,0,0,0,0,17,3,0,4,0,0,0,2,7,0,0,5,0,0,0,0,1,9,8,0,0,0,0,0,0,1,0,1,0,1,0,0,0,1,0,0,0,0,0,0,21,1,0,0,1,8,3,0,0,0,4,0,7,1,0,2,0,2,0,0,1,0,3,0,0,2,12,0,1,0,0,4,0,0,0,0,0,1,0,0,9
"COG3797",56,8,85,29,70,5,32,3,125,9,55,5,2,5,8,3,6,4,19,2,2,9,19,1,2,6,1,1,2,8,0,8,1,169,19,2,6,9,6,7,12,4,8,3,4,34,2,9,7,11,17,25,21,33,22,9,64,2,26,453,86,5,5,32,9,4,16,4,54,11,155,9,10,22,4,10,30,3,6,23,6,4,16,22,5,6,13,8,11,7,38,7,14,15,17,17,3,11,46,2
"COG3799",57,28,11,105,8,14,14,1,214,30,0,8,8,17,61,12,4,19,59,1,2,6,0,3,10,6,10,2,17,17,58,7,13,184,10,166,47,0,124,7,74,30,314,5,48,85,28,15,17,9,36,72,4,127,1,10,22,98,35,51,106,16,0,42,22,45,26,80,17,76,15,13,5,16,0,25,21,14,37,3,76,2,166,26,4,20,73,0,5,28,8,232,21,235,1,1,108,0,271,10
"COG3804",103,131,293,133,222,141,219,59,133,26,97,95,29,233,119,36,14,99,108,17,39,77,130,42,115,84,58,160,181,223,196,86,43,1080,161,31,47,31,177,108,116,27,178,49,22,272,89,160,104,86,367,65,97,139,82,83,74,76,161,156,1028,36,29,605,144,25,389,547,157,46,349,36,65,109,124,111,94,662,30,224,14,171,659,94,60,176,65,74,42,291,150,79,1119,152,50,183,27,52,208,271
"COG3808",2470,2437,2867,132,1626,1692,1289,926,926,3034,2489,2186,1851,2373,1456,1620,3171,1396,2955,983,2913,3144,3027,1178,2722,1874,1647,2058,3278,2161,2795,3216,1908,2624,2451,4292,3312,2063,2123,1466,1723,2108,3245,2865,2892,2241,1646,1274,1730,3606,1529,5528,2262,2442,2606,2060,2245,1444,3660,421,623,3012,2817,1854,3354,2173,1274,1647,423,3715,1066,3390,2755,2823,2267,2081,1965,1816,3784,1123,3150,2363,1678,1656,3709,2488,3371,2707,3167,3677,1775,2670,1652,2658,1814,458,1633,786,2683,2760
"COG3811",1,17,0,12,1,1,1,0,88,4,10,1,0,3,1,8,6,28,35,0,0,1,1,0,4,0,3,8,7,0,0,4,19,6,4,0,2,4,14,4,23,1,0,0,9,12,1,2,9,5,2,10,2,5,3,2,4,4,0,23,5,2,4,2,1,9,1,0,0,4,12,0,3,0,4,7,4,12,8,4,2,2,28,4,3,0,8,0,5,3,1,11,4,24,0,2,0,0,38,0
"COG3815",50,39,12,15,17,1,0,0,29,9,13,34,1,31,88,3,0,1,19,0,6,2,3,0,22,13,2,12,7,4,2,3,1,65,1,10,19,6,27,40,34,4,31,6,6,2,10,3,1,2,11,9,23,28,19,13,24,11,11,40,21,77,59,72,16,1,14,12,63,4,4,9,17,16,4,35,38,40,9,11,6,46,23,8,2,23,56,13,18,34,20,5,306,23,15,21,3,0,27,5
"COG3817",125,34,48,29,19,9,103,18,200,2,8,9,47,25,13,12,42,51,26,8,2,12,9,62,29,13,14,30,48,30,24,21,10,7,67,39,26,7,5,18,40,33,83,54,41,16,8,16,9,28,38,42,87,135,51,170,60,38,32,192,153,84,17,47,82,67,34,11,144,130,58,50,34,123,125,14,47,101,33,336,17,16,131,56,48,48,80,14,57,249,22,208,57,179,32,163,85,36,199,27
"COG3819",330,78,116,58,28,21,217,35,417,1,28,24,90,49,70,38,65,104,59,18,16,32,15,77,49,20,41,63,70,42,39,31,15,18,111,54,64,9,32,27,74,55,235,149,78,40,18,52,31,55,31,27,69,110,37,117,44,20,20,118,98,45,18,35,47,76,23,9,101,93,33,33,22,69,86,21,29,65,12,203,25,10,81,74,42,46,66,17,19,195,31,155,57,141,13,135,49,23,143,17
"COG3822",54,218,72,45,79,158,178,66,97,353,102,61,85,107,331,69,88,144,161,26,274,282,109,6,66,115,218,61,224,77,44,203,172,597,119,290,255,99,274,70,112,82,137,227,123,137,271,122,346,173,246,81,187,479,402,189,225,186,196,138,133,132,267,61,104,167,95,800,30,55,149,403,363,289,167,83,284,213,234,52,196,187,353,78,125,44,195,124,180,137,368,151,258,224,118,18,153,133,193,28
"COG3823",0,0,3,0,211,73,4,1,0,79,3,39,1,129,219,26,34,16,0,1,14,37,21,0,90,31,74,33,50,25,15,13,155,72,73,17,2,17,288,184,39,81,152,25,17,0,95,11,204,15,83,1,56,87,158,112,0,216,249,0,1,22,75,16,21,45,38,68,0,21,0,6,8,173,60,16,7,144,0,1,8,89,115,2,114,32,55,14,111,1,9,4,143,77,1,0,36,31,0,39
"COG3824",0,4,0,0,43,4,0,31,0,0,2,19,0,0,22,0,3,0,1,1,0,0,0,19,2,1,0,0,7,35,1,0,0,0,0,1,4,0,0,0,0,2,0,0,1,0,1,0,0,0,0,21,0,1,0,0,0,8,35,2,249,0,0,0,0,0,3,4,0,1,0,0,0,24,2,0,0,1,0,85,0,0,0,0,0,4,0,0,0,0,0,0,0,0,0,1,0,7,0,0
"COG3825",4,71,19,4,7,74,26,0,10,28,2,48,38,75,137,49,29,20,18,12,159,113,50,2,55,86,64,12,37,29,39,91,64,74,147,46,75,2,95,114,236,13,53,81,20,1,31,26,172,96,73,9,134,39,131,72,48,74,53,0,2,65,31,26,148,19,49,132,19,20,158,0,48,114,35,36,13,61,7,1,49,57,183,31,50,33,23,87,176,40,58,1,66,31,126,13,28,35,22,52
"COG3828",10,6,3,0,13,1,0,0,1,0,39,3,1,0,15,6,1,0,4,0,7,14,3,0,3,15,4,0,1,3,0,0,10,65,3,1,7,1,7,6,2,0,1,6,2,0,4,1,20,1,5,0,0,6,0,11,6,16,8,1,0,3,0,9,3,3,3,64,0,0,34,0,4,8,2,14,1,5,0,0,0,2,12,1,0,2,8,0,0,1,0,2,11,2,2,1,1,1,6,6
"COG3829",1107,3225,2717,470,1053,1330,1298,2320,2758,2089,1430,962,1172,1094,2296,376,1169,1887,1175,220,1501,779,816,1506,1001,740,814,1088,1296,1131,658,2194,1196,2065,1299,1786,1838,976,2573,1712,3311,1041,2236,1233,828,3068,570,1994,1794,2706,727,445,1876,1917,1672,1018,1263,1161,1237,764,542,954,1070,1508,558,2167,707,1248,4781,963,7490,1603,1311,1871,1585,3385,1239,1699,578,1633,703,969,1568,1295,877,656,3061,884,1799,2131,1252,2668,1286,2466,1003,5735,1219,932,7719,440
"COG3830",774,1278,1267,719,585,1171,899,962,873,1867,1721,1923,1199,1574,1620,1077,1543,682,1782,834,1265,1936,1528,737,1648,1632,1106,1227,1441,1522,1698,1617,1050,985,1746,1758,1761,1803,1479,1354,1271,1820,1874,1723,2051,1583,1394,1472,1675,1103,1195,1063,1469,1657,1587,1563,1786,1286,1734,764,892,1863,1218,1533,1349,1730,1519,1059,911,1631,184,1462,1754,1749,1515,1255,1472,1429,1735,729,1783,1743,1062,1109,2122,1237,1913,1639,1641,1922,1471,1311,1267,1308,1491,846,1150,836,1215,984
"COG3831",54,571,406,258,1591,99,12,21,26,281,725,91,416,95,298,32,37,815,867,16,183,48,108,884,157,26,75,240,346,26,186,566,348,332,52,469,183,216,205,45,73,66,173,63,352,602,24,136,277,285,85,167,200,422,173,187,824,51,295,27,558,81,224,55,132,348,25,81,0,103,1047,13,155,344,166,135,565,77,662,21,816,171,39,243,93,31,194,134,187,138,275,358,79,458,314,17,252,6,1691,10
"COG3832",0,0,0,2,0,1,1,0,117,2,5,0,2,0,0,9,3,13,0,0,0,0,0,0,0,0,0,4,0,0,5,6,42,0,2,0,0,1,4,0,47,2,0,0,0,3,0,0,9,0,0,4,0,2,3,1,0,0,0,40,4,0,4,0,1,12,0,1,0,2,0,0,0,0,3,0,0,0,1,4,0,0,45,0,5,4,0,0,0,0,0,84,0,0,0,0,0,0,1,3
"COG3833",2027,1074,740,1880,746,1322,1188,874,1499,90,810,727,856,715,494,464,1644,1313,124,424,421,479,893,629,460,1303,1149,1702,608,732,611,186,1253,696,694,179,786,376,310,664,440,238,553,893,160,273,614,2373,643,338,1993,141,772,469,378,979,140,379,202,1707,2109,399,611,581,761,258,493,843,1774,569,1063,322,235,557,742,281,1382,416,574,1836,492,651,808,855,240,1221,155,689,345,219,993,208,258,539,1107,1180,722,418,156,1035
"COG3835",1392,387,446,1657,725,251,424,598,1049,107,186,295,286,166,493,153,187,888,278,41,224,75,371,444,91,185,333,591,485,254,93,375,311,382,203,82,220,137,211,156,319,81,264,429,131,277,128,120,294,309,326,92,209,259,273,215,201,134,66,302,304,207,375,291,214,254,90,512,1532,105,1909,83,232,285,78,216,216,130,141,812,89,187,190,622,172,99,267,127,145,183,78,518,190,173,241,175,320,103,1081,109
"COG3836",52,224,221,152,586,118,194,178,658,130,322,78,292,171,263,183,248,560,125,37,77,126,31,495,138,122,162,267,182,168,412,227,454,235,141,146,132,68,380,521,513,68,348,181,129,213,57,41,205,170,62,98,135,125,204,191,165,470,280,109,121,106,181,62,123,235,128,300,219,94,1073,20,120,200,137,147,126,275,45,534,117,63,619,32,107,81,278,39,115,130,24,334,235,160,61,19,186,69,732,67
"COG3837",0,2,3,8,16,9,0,1,49,67,2,0,1,2,30,15,3,6,4,15,19,12,10,0,12,5,11,0,1,0,2,1,49,11,3,8,4,0,3,2,23,5,0,5,2,23,30,0,6,14,20,7,5,34,145,45,21,29,0,47,6,5,66,0,3,20,15,19,0,12,66,0,5,2,13,2,35,8,4,33,42,2,61,1,21,5,8,0,18,0,3,98,13,10,3,0,4,2,25,5
"COG3839",3807,1943,2379,2952,2774,2594,3034,2368,4724,978,1760,1853,2239,2165,2198,1882,2475,3247,1186,1017,1537,2085,1960,1671,1561,3395,3107,2669,1716,2255,2161,1118,3398,3198,2744,1465,1854,809,2058,1998,2380,634,2358,2373,1519,1615,1456,2603,2208,1485,3703,863,2144,1382,1641,2126,1131,2488,1621,3168,4279,1600,1744,2258,2406,1391,2260,5090,3244,1137,4918,860,1487,2725,1476,2301,3478,1301,973,5640,807,1961,3261,2982,1080,2903,1135,1634,1612,1771,2025,1773,1271,1939,2006,2166,1666,1341,2285,2237
"COG3840",20,26,53,70,322,1,5,9,246,27,76,0,100,3,35,17,3,276,24,11,3,0,5,155,2,0,1,60,31,1,14,38,112,77,3,9,14,18,30,0,46,2,1,4,35,35,9,9,48,8,0,11,1,11,2,0,3,2,5,21,14,0,1,1,13,19,0,1,0,1,197,3,8,5,0,2,5,0,7,12,11,2,21,1,7,3,1,2,4,2,2,31,0,6,0,1,0,0,12,0
"COG3842",3943,3088,3175,2418,3038,3099,3550,3405,4716,2730,3013,2834,3281,3126,2937,3574,2912,3153,3441,927,2859,2735,1963,3368,3021,3289,3340,3547,3215,2593,3099,2756,2984,3089,3356,3095,2963,2708,2794,2729,3492,3592,3218,2934,3227,3555,2967,2669,2836,2677,3133,1053,3147,2937,2801,2709,2790,2818,3393,3489,2356,3130,2958,2390,3494,2618,3066,3767,3668,3089,4332,3336,3199,3378,2887,2993,2814,2532,3017,3738,2534,3298,3158,3562,3134,2692,3087,2712,3252,3668,3171,3411,1585,2831,2656,2556,3184,3323,4449,2233
"COG3843",2266,4376,2759,10400,1397,5009,4095,3149,1737,1408,1724,3644,3643,3885,3245,1694,3182,3858,952,1806,2516,3716,2703,1633,3394,5658,5145,7186,2726,3334,4607,1287,4670,6944,4451,1470,2207,1516,3748,6487,5182,660,3270,4086,2706,650,2890,6244,3894,1628,5722,1006,5121,3458,4227,3733,1094,5442,2270,3123,2339,4685,4560,3872,3002,2642,2664,10565,4085,1958,1208,1697,2120,6086,3794,6458,3213,4030,976,4781,1281,3767,6198,7267,1974,4129,1032,3159,2716,2404,3157,1079,4229,4113,7368,3595,1456,2812,1638,4929
"COG3845",2261,1389,1969,1965,1380,1690,2428,774,1241,759,995,1761,1244,1964,1586,896,1478,1171,956,514,1246,2117,1438,283,1732,2445,2692,1359,1376,1263,2049,842,1773,3898,2478,896,1524,437,2220,1789,3288,370,1275,2073,1059,983,1509,1120,2387,1395,2685,341,1580,1134,1907,1867,727,2804,1830,3607,1441,1610,1365,1997,1451,722,1561,6161,1615,618,2619,495,1437,1996,1088,3182,2709,1677,737,2416,676,1347,3929,1790,932,1721,722,1233,1571,1579,976,792,1496,1046,921,1264,1020,1044,1515,1289
"COG3846",2,70,0,2,6,87,0,52,21,1,65,10,0,4,163,306,1,52,20,0,2,9,14,83,67,2,2,8,2,28,0,0,0,170,1,3,1,1,0,216,221,5,60,61,22,47,46,5,213,114,5,59,0,10,53,2,27,15,42,4,1,4,48,1,4,365,2,0,482,5,0,431,0,1,7,0,0,54,0,2,13,2,80,2,46,0,4,0,1,2,41,15,9,1,1,646,34,30,2,1
"COG3848",1360,323,113,36,159,868,543,1496,517,331,287,315,916,756,593,140,613,505,125,433,647,639,665,271,519,819,679,647,370,650,511,224,727,311,438,439,215,176,587,600,623,122,490,665,721,63,592,403,615,438,350,95,610,375,310,498,183,655,531,683,476,441,542,565,249,143,993,366,834,404,15,290,543,333,431,1909,50,457,607,1010,231,669,369,1375,212,684,198,749,840,216,393,21,321,351,107,336,299,572,202,497
"COG3850",717,162,261,221,1550,80,126,111,626,236,340,53,510,127,335,104,167,1343,183,76,14,56,51,931,36,1,128,462,356,35,50,235,577,354,13,111,84,117,184,47,85,80,72,10,200,300,43,48,314,243,75,210,48,288,95,116,40,198,132,170,310,67,114,45,226,238,34,50,2,29,2319,21,126,73,61,142,101,100,88,165,203,51,132,52,93,71,213,140,117,103,64,353,77,220,0,13,79,23,225,59
"COG3851",32,65,90,1029,558,21,45,17,301,79,215,86,377,67,105,48,59,640,56,9,80,10,37,314,29,7,12,143,95,22,64,124,346,365,9,68,129,155,60,76,114,16,10,14,79,87,44,400,196,132,227,130,22,108,19,60,28,148,66,110,104,62,20,8,247,182,6,26,2,166,1025,63,31,73,5,102,693,18,204,75,173,37,260,283,94,98,35,216,35,105,7,132,51,94,6,4,94,29,74,41
"COG3852",513,855,113,107,765,50,23,55,222,144,556,89,322,90,111,666,60,548,280,22,54,68,33,534,78,0,16,151,319,22,27,398,137,100,22,40,255,85,91,26,87,40,66,5,103,372,11,32,128,270,40,130,76,315,164,155,271,61,182,101,165,33,120,36,88,162,21,65,2,19,827,20,172,43,108,47,161,36,236,98,185,88,91,370,33,20,264,145,109,96,176,672,51,465,12,14,36,8,232,31
"COG3853",360,397,879,2042,390,732,1547,1087,711,574,409,428,699,548,809,238,766,727,142,207,457,497,473,422,485,895,861,709,797,767,551,255,946,1246,752,344,437,314,655,635,359,230,283,734,540,166,520,443,524,299,1227,128,664,563,646,767,269,752,504,1620,1616,436,524,842,533,587,548,1158,892,245,422,665,414,702,579,1486,779,687,250,1971,145,726,788,1011,184,783,223,754,523,291,635,76,665,411,542,1415,275,701,130,522
"COG3854",1083,629,616,1297,249,1044,1235,684,935,286,552,758,790,945,457,543,828,753,128,461,733,753,783,219,672,1233,933,1093,778,853,802,201,1012,1271,1161,347,536,295,674,705,1101,196,611,1043,516,319,628,764,702,384,1338,125,805,370,724,801,171,1201,488,743,407,724,965,1183,819,301,1190,1512,581,329,461,262,399,915,556,1211,615,1274,293,1248,298,1029,1702,1256,297,1158,162,752,622,494,1051,99,1152,407,884,518,431,534,195,1180
"COG3855",1843,3194,2838,3188,1004,3320,3007,3184,1836,3402,2725,3129,2757,2916,3347,3626,3944,2222,3330,4618,2874,3244,3398,3055,2885,3256,3051,3239,3278,3315,2493,2873,2407,2547,3210,2907,3119,3030,2729,2993,2502,4112,3705,3470,3633,3069,3372,3425,2337,4039,2696,4149,3277,2731,3065,2859,3142,2531,3230,2430,827,3126,2898,2789,2960,3432,3103,2129,2779,3574,1002,4290,3788,3159,3077,3406,3216,3158,3092,2590,2928,3031,2159,3138,3909,3503,3560,3256,3781,3533,2827,2978,1856,2963,3325,3811,3032,3994,2561,4050
"COG3856",92,39,83,48,123,119,6,70,116,76,14,131,7,21,125,13,21,22,20,7,5,7,7,209,36,5,19,15,47,126,23,37,9,304,12,28,19,87,51,101,71,45,20,27,3,15,50,17,49,88,90,28,9,57,10,18,21,11,54,97,724,18,13,231,53,110,99,15,420,23,0,186,10,57,56,29,9,428,28,212,7,57,246,13,41,24,10,16,13,27,111,2,400,30,13,591,6,44,27,115
"COG3857",7883,2175,2185,4150,1068,4010,4496,4733,3310,1558,1770,2551,2168,3246,2870,1983,2754,2927,657,1369,1902,2421,3000,1556,2181,3880,3273,3801,2688,3238,2877,1080,3212,5202,3256,1172,2193,1374,2598,3231,3887,1054,1756,2910,1078,1021,2150,3391,2818,1998,4617,531,2937,1204,2248,2318,705,3979,1769,6407,2156,2413,3239,4652,2622,2567,3204,5567,4343,976,1203,1953,811,3028,2535,3983,1849,4767,1140,5083,812,3000,5783,4058,1183,3172,642,1759,2219,1567,3552,158,4200,1794,2917,6796,1393,2044,687,3697
"COG3858",2453,1152,1392,2383,431,1250,2572,948,1385,305,901,814,837,1158,786,590,1081,1262,471,352,1300,833,1031,459,723,1437,1058,1698,1133,1580,873,816,1100,1754,1216,427,1004,633,940,1310,825,439,892,1704,164,741,584,2798,1071,908,2086,177,1613,605,1074,1099,417,769,415,1946,1313,637,900,1532,1187,559,897,789,1097,459,1815,538,299,749,1130,918,2036,1622,513,1576,469,1010,1584,1794,482,1819,372,1225,893,697,1809,367,2048,934,1559,1029,755,767,724,1370
"COG3859",781,470,428,1403,158,521,674,393,714,176,326,568,532,429,305,272,496,405,63,332,410,482,418,103,424,636,661,496,568,547,400,203,548,791,655,183,315,211,410,352,779,125,326,809,392,207,552,399,568,268,744,50,460,286,405,499,135,718,392,1356,413,380,455,608,450,173,423,1399,270,190,240,219,368,703,317,686,176,522,249,857,179,337,931,689,160,730,126,582,403,171,678,59,306,207,743,326,256,327,90,524
"COG3860",4,46,17,46,24,1,0,1,5,1,28,1,3,5,3,0,4,0,9,1,0,3,2,0,9,0,0,0,55,3,1,13,4,56,1,11,10,4,20,3,12,0,7,9,1,10,1,5,4,10,0,0,8,6,5,3,8,2,5,0,32,0,5,1,0,2,1,8,0,11,8,4,3,7,3,9,11,1,20,11,3,2,3,3,0,0,13,5,8,3,5,2,4,4,13,0,2,1,6,1
"COG3862",145,259,277,170,223,307,539,338,514,50,266,259,326,318,425,178,288,300,172,227,242,326,175,160,315,336,569,301,267,264,202,134,289,323,544,202,218,118,273,365,1215,105,321,367,158,258,322,508,702,227,434,115,360,260,210,312,135,360,205,216,145,205,327,258,273,149,286,567,463,264,327,100,303,409,346,469,427,517,346,427,199,142,453,341,237,289,150,234,216,324,181,181,166,351,174,256,243,195,369,255
"COG3863",0,0,2,0,8,7,37,0,87,0,6,2,1,1,0,3,7,3,0,1,0,0,3,16,2,0,8,1,15,2,0,2,1,0,7,0,2,4,2,6,1,0,0,0,0,0,3,3,0,0,9,0,0,2,3,0,1,0,2,98,0,20,2,4,2,0,1,0,112,15,0,9,0,3,0,21,0,0,0,85,0,3,0,0,0,8,0,42,0,1,1,0,20,0,0,0,0,2,0,10
"COG3864",562,127,54,9,24,5,72,772,363,128,15,20,22,94,309,31,55,79,12,14,16,178,20,31,168,26,330,19,112,192,104,114,13,209,52,15,12,15,48,43,188,37,57,30,34,51,17,51,352,194,25,4,28,72,74,23,15,156,168,264,88,49,51,47,39,5,995,113,1016,39,0,33,7,77,79,9,6,598,23,254,126,12,246,15,57,305,28,88,16,43,60,1,830,87,116,74,38,1844,16,36
"COG3866",1255,460,61,27,46,737,504,643,155,70,58,662,86,250,420,930,328,282,414,11,919,988,2087,1773,421,578,1641,594,1111,3731,367,86,91,57,457,197,275,178,829,401,176,1896,421,1618,201,158,198,712,54,144,334,6364,213,399,402,405,84,448,405,28,13,549,508,1510,263,101,2470,411,1195,1654,2,80,207,27,501,655,181,203,357,247,228,896,279,347,172,392,110,135,129,174,197,708,262,417,330,2,2226,1515,614,173
"COG3867",356,2763,1444,284,111,2279,1888,461,982,1550,611,1646,1018,1010,897,1060,1940,780,1567,2246,979,1615,1100,1680,1564,2981,1785,1850,696,1273,1198,1037,1359,482,1369,981,1754,1197,1046,1539,1005,1167,1556,2015,805,540,1573,6234,785,1265,2335,2719,861,1435,1473,1325,1720,625,760,475,201,767,702,880,2055,933,1495,472,3533,1463,13,2190,862,1226,1895,793,1862,960,1452,463,1547,844,1439,895,1152,2383,1323,2195,529,1129,1359,1158,651,1368,1258,3012,1396,2363,1215,1972
"COG3868",0,129,1,0,2,91,11,0,38,0,77,40,44,73,62,30,169,55,0,58,46,32,73,0,39,137,297,142,8,12,30,0,163,26,93,19,84,27,36,135,34,3,4,26,6,0,67,22,88,34,358,2,38,10,27,73,0,26,2,0,0,25,49,22,69,6,41,18,123,84,0,14,10,12,65,20,616,22,9,0,82,35,98,21,15,250,5,57,14,5,56,4,27,36,80,10,103,48,0,118
"COG3869",1116,375,242,623,440,463,230,472,270,296,185,458,166,320,456,318,260,220,82,235,122,263,311,197,228,392,304,438,464,423,602,139,382,745,398,139,323,263,125,467,874,162,380,393,98,194,582,176,348,280,467,52,266,160,291,200,92,611,224,167,83,257,324,618,240,393,323,615,821,94,222,385,144,534,389,102,114,1076,81,199,99,478,1105,233,209,305,72,68,139,364,554,112,1126,261,433,1447,223,281,165,555
"COG3870",446,146,148,139,94,105,159,284,118,22,128,184,101,164,157,116,82,104,102,28,52,118,179,105,78,126,118,75,105,107,236,41,120,215,272,63,77,30,105,110,515,27,117,139,46,93,87,94,245,87,199,45,128,106,161,66,62,240,81,62,139,131,98,194,84,69,140,495,231,30,117,8,106,188,91,137,36,223,18,324,41,133,233,38,76,113,26,38,97,189,30,33,106,71,68,150,51,38,87,81
"COG3871",117,740,705,207,217,346,118,86,392,540,381,528,651,513,569,49,144,281,1534,57,854,405,335,18,724,290,248,300,636,65,458,848,284,388,168,733,687,1530,591,571,244,548,510,471,597,1126,205,464,536,486,276,53,861,863,711,771,1617,284,410,16,121,552,644,92,207,385,154,129,242,510,168,461,1352,469,933,450,1004,285,780,44,991,642,148,654,383,218,1475,627,977,537,625,1460,481,596,913,35,680,40,1293,101
"COG3872",1379,1077,904,1772,289,1277,1619,677,1400,518,660,1041,795,1145,956,731,1358,1096,244,548,880,838,848,407,807,1372,1279,1336,1092,1098,1007,377,1131,1426,1396,486,781,502,813,1196,1771,341,965,1413,556,462,954,1072,1179,737,1860,179,1145,584,796,1021,282,1374,680,1087,522,1067,1164,1435,1101,576,1079,2034,1118,506,546,692,592,1270,983,1559,836,1198,442,1519,381,1128,1476,1378,478,1121,325,754,796,670,1071,352,701,656,1342,1630,564,753,489,1097
"COG3874",134,212,91,291,121,224,122,309,212,87,101,226,182,269,231,203,249,78,3,155,128,219,84,20,248,282,262,198,149,283,278,39,222,727,302,88,93,35,210,170,210,52,65,253,154,12,278,96,194,65,347,0,166,133,139,158,26,471,211,75,42,147,212,465,141,52,302,1058,391,30,4,48,126,341,119,528,35,558,64,199,41,315,739,196,62,229,32,118,164,42,120,4,343,32,270,103,57,139,13,300
"COG3875",899,393,582,2198,335,809,567,1421,341,656,330,541,408,597,1303,438,650,341,704,372,344,497,461,424,486,277,708,286,603,679,417,656,249,1044,496,497,501,423,1223,1265,1424,396,1000,274,636,726,309,608,1178,998,441,483,595,561,579,365,393,1075,1006,219,152,551,383,409,372,474,456,1669,2125,486,1318,809,607,578,250,960,419,957,679,195,453,383,826,409,464,227,640,543,513,942,370,412,697,775,185,2063,413,596,1436,307
"COG3876",118,1810,957,52,645,761,155,215,336,2194,1775,1791,1082,1210,985,337,2083,437,1975,175,1441,1808,483,37,1928,1251,870,962,1987,668,1338,2256,772,734,1916,1468,1996,1607,1102,764,1188,1210,1571,1924,2000,1319,955,544,926,1139,1285,222,1066,1523,1635,1256,1867,747,1662,22,128,2065,1130,797,596,1150,443,912,75,1188,7,555,2033,1368,962,1041,1295,1281,1831,86,2126,1568,438,911,2681,908,2396,2246,1459,2153,998,2400,1002,1402,805,29,810,175,1156,805
"COG3877",3,174,129,41,77,68,23,1,63,99,39,25,327,140,64,34,82,96,287,8,234,55,74,0,138,53,79,53,64,7,299,107,68,121,48,138,115,61,111,112,32,130,50,55,102,59,61,114,230,56,48,5,38,156,43,186,3,112,35,1,8,81,96,43,11,72,10,26,1,49,0,109,54,55,134,46,74,24,139,2,213,23,202,18,221,42,317,22,30,108,66,287,66,38,22,6,41,7,69,17
"COG3878",11,39,5,148,15,199,8,24,289,101,13,214,13,104,61,24,60,9,10,1,48,130,22,3,114,147,146,152,115,34,42,9,178,76,166,123,28,3,67,247,35,49,398,70,39,162,62,38,102,3,354,34,31,187,77,23,8,130,25,43,23,131,91,239,75,77,135,591,6,137,4,21,25,64,35,39,18,64,3,8,13,30,110,247,6,68,21,12,13,41,2,3,761,60,120,11,45,59,33,32
"COG3879",158,115,227,288,607,363,16,368,246,152,34,672,13,44,357,39,154,41,82,20,29,31,63,961,174,20,101,58,193,534,81,81,27,1139,36,71,63,140,177,367,162,103,69,42,38,60,116,69,236,150,99,37,13,65,18,19,16,14,83,57,1167,13,16,242,75,79,126,52,851,29,2,100,18,80,46,42,11,384,40,347,21,87,351,13,30,43,16,49,12,31,66,1,589,38,6,732,7,46,38,139
"COG3880",655,275,143,346,301,314,113,197,161,167,120,314,54,197,242,181,214,141,61,152,85,138,187,104,145,176,211,215,218,298,297,89,211,652,294,85,169,147,113,260,584,93,147,316,58,94,356,104,220,170,214,17,184,92,172,113,49,424,151,144,64,134,231,309,145,257,186,318,478,57,194,189,97,388,189,92,52,631,55,146,82,180,711,119,149,165,41,51,89,176,289,85,430,116,330,826,113,124,128,299
"COG3881",0,0,4,0,1,80,3,0,44,0,0,2,0,1,3,0,0,0,0,0,0,0,1,52,0,0,0,0,22,13,2,0,0,0,0,0,0,0,0,0,0,22,0,0,0,0,0,1,0,113,0,0,0,0,0,0,0,0,1,0,0,0,0,4,10,106,0,4,1,3,0,3,0,1,0,0,0,0,1,14,0,0,0,0,41,0,0,0,0,0,0,0,0,0,0,476,0,59,0,0
"COG3882",22,1343,176,0,105,284,65,35,195,267,967,1217,365,737,292,911,282,153,2,27,691,844,698,14,146,711,527,491,137,160,178,7,301,256,854,1279,434,270,909,231,250,63,202,1967,228,88,237,148,262,309,1098,1086,407,2038,260,1200,195,254,169,35,45,434,617,847,223,145,295,331,23,28,152,40,810,217,588,236,1023,264,681,15,556,183,533,303,426,665,206,553,517,795,546,993,395,258,378,14,292,144,70,367
"COG3883",837,52,162,530,363,344,214,156,222,5,154,86,62,225,328,267,89,60,39,70,94,278,180,153,287,179,178,196,276,303,800,17,216,1435,633,37,79,27,158,480,660,21,144,286,50,37,241,43,261,121,232,30,46,39,45,37,43,256,46,308,59,33,20,296,72,11,234,169,90,10,9,13,27,229,40,58,99,297,22,122,8,76,520,30,11,169,13,74,35,14,11,3,466,48,64,20,53,28,32,163
"COG3884",1882,1497,1452,1454,775,1609,1831,1620,1399,1267,1520,1211,1356,1684,1296,1856,1230,1133,1385,1381,1503,1690,1959,1065,1448,1447,1512,1559,1517,1461,1199,1166,1379,1328,1745,1218,1289,1506,1509,1593,945,1408,1434,1673,1672,2238,1508,1969,1385,1669,1392,1623,1761,1386,1531,1528,1401,1314,1353,1788,708,1711,1405,1830,1937,1386,1832,1126,820,1698,397,1980,1381,1370,1395,1506,2020,1523,1177,1820,1093,1769,1501,1760,1332,1750,1346,1502,1615,1289,1607,1132,1769,1382,1613,498,1372,1558,989,1767
"COG3885",39,40,75,74,42,10,24,474,191,25,9,62,10,60,70,76,24,25,51,64,6,2,20,0,12,1,20,15,48,89,5,210,7,31,10,37,16,11,44,80,253,37,39,9,30,15,5,40,109,112,0,1,7,8,21,4,3,86,16,0,1,1,7,4,10,6,21,58,156,3,96,9,23,6,0,6,9,53,1,47,1,1,32,2,2,5,39,2,5,7,0,22,43,16,7,4,2,29,67,6
"COG3886",906,952,1292,2108,641,1438,2208,3224,1280,710,454,1495,477,721,2375,3133,740,539,481,4243,1008,312,3915,2125,965,606,1396,1778,1361,2385,568,567,418,883,879,756,611,758,1234,1482,1116,1795,1709,1224,266,843,366,1969,811,1038,530,818,1023,875,385,1020,328,1473,471,2513,5120,837,624,1022,729,1308,1723,897,2419,1598,735,1826,332,761,1086,387,268,657,580,2959,88,972,1071,849,328,817,591,824,503,282,1994,1414,411,1357,2295,3685,631,2116,1126,670
"COG3887",3990,1695,2155,3717,801,2902,4333,3604,2630,1525,1417,1780,2026,2498,1855,1189,2160,2097,466,1040,1815,1857,2001,1634,1674,2886,2430,2755,2062,2566,1564,824,2102,3684,2441,992,1590,1163,1693,2462,3087,878,1492,2360,989,841,1762,2957,2129,1580,3389,466,2590,1013,1567,1959,641,2492,1264,5779,1823,1721,2003,3168,2111,1543,2863,4022,2849,875,1281,1861,813,1892,2079,2950,1577,3439,914,4361,713,1867,3576,3394,977,2420,558,1571,1848,1275,2865,303,3652,1499,2318,5015,1098,2017,624,2474
"COG3892",28,19,1,8,1,3,14,6,542,23,50,0,5,7,1,38,26,56,9,18,3,0,11,2,6,4,4,18,9,4,40,8,141,186,8,6,11,38,33,14,129,6,0,5,0,9,5,3,28,7,1,23,9,13,6,4,2,13,0,110,10,2,14,3,17,69,9,6,1,12,0,10,1,1,8,13,7,22,6,22,4,9,123,1,36,24,7,0,17,0,1,7,3,36,0,3,1,0,2,37
"COG3893",16,0,112,1,213,128,2,111,11,885,48,118,13,316,584,251,53,56,205,223,78,765,113,15,86,1114,315,55,233,90,27,353,185,483,110,49,64,74,562,319,73,174,303,27,91,289,162,63,310,67,215,24,174,402,601,155,103,416,425,1,31,267,235,58,32,395,45,107,0,87,0,16,119,346,112,69,64,210,317,2,158,193,233,17,237,127,307,104,239,63,39,214,196,409,41,3,80,43,18,61
"COG3894",611,623,1243,3947,249,680,1956,666,769,156,448,335,298,651,558,271,903,848,133,162,307,433,334,197,512,667,1040,667,487,526,477,520,839,848,953,155,391,609,368,636,599,66,287,601,111,107,346,739,571,190,738,102,578,259,539,434,204,673,462,2147,686,310,555,616,432,187,834,1768,1492,188,25,202,85,603,403,699,629,502,224,1117,203,730,1088,577,163,890,160,616,305,199,333,333,537,396,756,221,307,426,38,642
"COG3895",4,18,26,19,148,1,0,5,95,16,49,0,38,1,28,10,2,136,22,0,0,0,0,93,1,0,0,47,23,0,10,20,68,35,1,4,13,6,12,0,30,2,0,0,13,16,1,5,37,1,0,14,2,8,0,1,6,4,5,16,41,1,0,1,19,21,0,0,0,7,226,1,6,7,0,8,6,1,9,11,28,1,53,0,16,2,6,1,1,6,1,56,1,20,0,3,1,0,29,4
"COG3896",1,1,0,0,168,0,2,0,0,0,0,11,0,4,15,24,0,0,0,0,8,59,0,0,1,0,0,0,0,6,1,0,116,10,0,0,7,0,18,0,0,0,0,1,0,0,109,1,1,0,3,0,0,0,0,0,0,44,0,0,0,0,0,0,8,0,14,33,0,0,0,0,1,0,1,0,0,2,0,0,0,7,4,0,0,0,0,0,0,0,0,0,0,0,0,0,13,17,0,0
"COG3899",107,31,18,267,61,80,57,2,7,31,17,35,26,36,166,48,47,23,1,6,52,112,13,10,17,28,34,73,77,165,11,331,11,10,76,34,68,16,207,33,378,4,48,20,16,13,52,66,279,177,50,1,51,16,165,57,287,207,29,478,3,50,31,13,98,49,37,31,46,15,937,5,48,47,11,42,36,126,0,6,41,36,264,21,22,13,23,4,51,67,11,15,118,36,5,3,25,9,680,31
"COG3901",48,8,4,0,0,48,30,6,2,0,2,26,3,5,5,11,23,10,0,0,1,11,3,2,30,65,76,13,5,6,2,0,5,104,31,2,6,0,0,8,177,5,14,5,3,0,3,13,81,2,58,0,25,0,57,18,0,41,30,9,0,42,18,36,17,35,88,319,122,6,0,5,43,30,10,5,0,379,5,153,86,9,389,10,41,11,0,15,12,5,15,0,23,20,30,0,8,39,0,17
"COG3903",0,0,0,15,2,0,0,0,656,0,0,0,0,0,0,2,16,0,0,0,0,0,0,0,0,0,0,0,0,0,0,12,0,0,1,0,0,0,0,1,2,0,0,0,0,0,0,0,0,0,1,0,0,0,11,1,0,0,0,0,0,0,0,0,0,3,0,1,0,0,0,2,0,0,0,0,0,0,0,12,0,0,0,0,1,0,0,0,0,0,0,0,0,1,0,0,0,0,0,0
"COG3906",267,13,39,88,28,10,90,217,117,0,24,1,12,5,16,7,4,24,6,7,7,15,16,52,6,10,3,5,11,31,3,4,1,13,37,1,7,6,10,11,18,2,6,12,2,3,1,8,20,27,8,7,15,6,12,5,5,1,11,735,143,8,6,31,12,2,14,79,70,10,10,6,0,16,7,9,7,1,8,208,0,4,16,11,3,10,2,3,8,4,6,1,13,2,18,21,6,4,16,6
"COG3907",0,0,1,0,0,0,1,76,4,2,0,33,0,11,0,1,36,1,0,12,1,0,0,0,17,0,0,12,0,15,0,0,2,0,10,0,15,0,2,0,1,0,0,0,0,1,0,5,1,0,3,25,15,1,98,0,0,1,7,0,0,3,8,3,2,7,14,19,1,1,0,0,0,0,3,0,4,4,0,30,8,18,1,0,5,29,4,0,39,33,4,87,22,0,0,0,0,0,0,2
"COG3910",119,314,161,706,215,663,513,573,336,186,424,334,377,311,392,138,699,516,184,747,348,393,595,190,363,591,697,544,418,365,452,244,214,908,396,117,244,190,485,535,426,74,319,439,465,248,205,2008,337,894,672,537,433,274,271,607,184,365,363,223,278,431,365,619,241,289,409,738,423,254,122,217,364,415,246,884,666,288,317,1052,356,323,429,789,108,964,149,667,257,116,310,162,721,478,794,242,136,291,73,1926
"COG3911",0,0,3,0,8,9,0,0,0,2,1,13,0,12,19,0,0,3,0,0,0,108,1,0,16,16,1,0,0,6,1,0,3,73,23,4,1,4,5,12,1,3,8,3,0,0,7,5,11,3,13,0,0,5,8,1,0,16,42,1,0,49,27,5,0,8,2,5,0,1,0,0,0,34,3,2,7,7,0,0,5,8,2,0,5,2,21,4,2,3,4,5,22,30,0,0,7,0,3,3
"COG3915",0,0,0,2,1,0,0,0,207,2,6,0,0,0,0,18,2,16,0,0,0,0,0,0,0,0,0,10,0,0,9,4,47,0,5,0,0,3,8,0,45,4,0,0,0,8,0,0,10,0,0,9,0,12,4,1,0,0,1,45,4,1,2,0,2,30,0,2,0,5,0,1,0,0,0,0,0,0,2,32,0,0,79,0,20,4,0,0,0,0,0,117,0,1,0,0,3,0,1,5
"COG3919",30,1259,121,32,237,481,153,1641,125,354,115,744,394,240,523,731,275,110,212,54,700,1143,57,308,1431,205,520,344,631,365,92,961,190,491,1188,212,219,483,548,563,1403,292,123,995,484,502,716,129,919,450,96,18,186,192,336,128,100,339,168,205,166,55,117,49,423,121,313,158,100,72,3,11,72,179,69,124,155,351,51,364,109,311,166,8,178,47,178,11,149,27,40,557,209,83,76,3,88,31,87,91
"COG3920",377,330,377,215,285,242,55,787,204,302,53,455,35,90,533,139,200,33,83,83,63,66,35,702,45,28,48,41,151,476,99,179,35,103,30,179,138,234,193,290,238,219,192,61,75,169,113,68,174,309,20,122,76,144,65,79,130,306,249,317,2707,76,59,173,111,417,144,252,1957,152,101,413,54,178,278,124,143,266,130,662,49,31,191,52,122,27,266,51,54,285,285,288,200,231,48,2428,77,241,503,53
"COG3921",0,0,0,3,1,0,0,0,37,0,1,0,1,0,0,1,2,8,0,0,0,0,0,0,0,0,0,4,0,0,2,2,22,0,4,0,0,1,4,0,15,2,0,0,0,2,0,0,5,0,0,8,0,0,5,0,0,2,0,1,4,0,4,0,0,47,0,1,0,2,0,0,0,0,1,0,0,0,2,26,0,0,60,0,10,2,2,0,0,0,0,76,0,2,0,0,1,0,1,3
"COG3923",22,30,51,40,257,0,6,4,215,31,49,0,90,4,37,9,2,213,21,17,2,0,2,159,1,0,0,73,36,1,13,17,127,47,1,7,11,12,13,0,20,3,1,4,33,40,7,8,47,2,0,43,4,27,1,5,7,6,8,70,45,2,3,0,27,44,0,2,1,7,395,4,9,10,0,6,8,2,16,19,26,2,16,7,17,9,17,0,11,6,5,56,1,20,0,2,3,1,24,7
"COG3924",16,16,32,31,158,1,5,6,154,11,57,1,34,3,24,7,4,179,13,4,2,1,1,101,1,0,0,49,25,0,9,13,66,31,1,8,13,11,15,0,19,0,0,1,22,29,8,7,33,2,0,20,3,27,3,3,2,5,5,32,36,3,6,0,15,24,1,3,1,9,235,1,15,6,2,4,5,1,9,18,25,3,23,5,11,5,5,0,7,4,5,52,0,14,0,1,1,0,40,9
"COG3925",19,42,79,79,637,0,13,10,123,49,92,1,199,4,57,8,7,464,43,8,10,0,3,247,1,0,1,133,48,0,12,78,156,132,3,22,29,18,34,0,28,9,3,7,52,47,7,13,74,15,0,57,7,33,1,6,13,14,39,40,86,1,3,1,34,76,2,18,1,7,705,6,31,17,0,14,16,7,22,42,57,5,32,15,30,8,27,2,18,12,4,162,1,47,1,3,6,1,65,6
"COG3926",17,303,146,19,29,110,31,3,73,274,103,480,405,39,80,81,145,27,6,13,175,510,470,3,523,120,169,29,273,42,211,199,94,136,422,180,332,108,75,419,47,71,141,190,138,59,892,247,466,250,340,55,122,1672,325,105,94,101,444,111,48,512,92,25,96,181,987,109,0,240,8,32,71,105,166,132,538,771,138,8,885,366,65,72,200,175,450,5354,136,2358,192,407,196,358,2307,32,1000,10,44,107
"COG3933",2655,327,1661,2045,851,1782,2291,227,1371,2226,303,294,571,104,1162,191,499,856,648,122,225,191,596,2744,131,134,278,345,159,839,580,341,371,222,382,205,649,1397,509,1377,850,1094,360,299,161,428,482,318,330,952,816,301,526,147,336,256,664,224,214,1032,618,244,75,1708,380,2542,124,308,1100,213,566,3062,152,527,1410,382,1387,1071,225,1427,53,256,604,386,828,150,219,385,203,649,1734,143,384,887,715,10437,140,1010,674,205
"COG3934",1,87,6,97,14,27,6,56,1,0,4,406,8,158,25,38,112,2,5,0,15,342,823,13,28,216,33,81,77,88,25,0,70,59,108,18,0,2,121,13,122,2,1,4,99,1,24,18,0,9,59,4,0,0,360,20,0,19,130,14,236,396,448,698,68,0,34,44,1218,4,0,1,125,67,26,57,11,155,0,1,40,37,134,1,2,196,2,22,0,0,0,79,21,0,22,0,45,10,0,34
"COG3935",1667,665,1315,2368,317,1093,1982,1034,1552,113,645,746,699,871,570,548,837,899,221,409,796,587,895,482,685,1265,1047,1292,1127,890,972,266,1025,1523,1230,357,1004,357,737,1289,1075,198,579,1109,220,362,542,1025,1110,483,1437,257,860,378,927,820,252,1180,434,2153,782,577,972,2065,954,333,1332,1094,1460,397,696,295,262,1032,819,1346,1060,1634,483,1933,289,992,1700,1357,346,1102,332,925,505,560,1040,438,1474,595,1142,564,545,512,188,1215
"COG3936",21,2,87,2,100,763,177,104,156,74,98,29,484,33,201,89,50,120,233,11,252,61,101,111,76,102,24,35,138,228,19,285,114,370,258,21,47,24,291,5,14,31,23,474,98,125,143,103,180,35,260,32,11,142,8,217,116,121,105,36,0,278,15,127,117,17,221,29,5,71,0,25,86,351,33,45,59,164,31,113,2,21,649,42,45,233,3,101,7,19,75,206,489,295,278,5,42,14,1,350
"COG3937",48,19,118,36,61,13,170,47,135,3,50,91,23,33,65,10,11,85,21,11,18,13,19,29,29,36,34,27,36,60,19,47,52,131,48,13,16,22,32,51,20,11,17,44,10,35,16,137,56,31,29,18,129,56,42,28,55,19,41,372,401,22,30,130,20,36,20,30,310,29,105,12,15,115,32,76,22,32,3,219,7,84,10,73,9,17,17,48,46,19,43,9,59,20,67,60,14,23,50,22
"COG3938",107,75,93,93,57,37,80,467,79,48,58,25,23,114,86,35,62,51,163,11,39,28,32,41,33,79,36,6,62,98,7,79,102,214,101,20,66,13,125,52,239,51,13,66,25,54,16,42,217,46,41,1,122,98,48,46,57,82,12,213,48,98,37,45,18,56,49,69,479,53,157,7,13,131,23,83,49,237,10,27,25,52,58,46,36,5,62,96,79,10,15,47,85,134,19,94,31,35,37,15
"COG3940",665,3967,1410,1236,1666,1050,491,731,707,1171,2012,1087,1911,1208,1134,203,800,494,2580,197,2500,1445,734,909,2702,770,760,1018,1820,1197,1475,1895,758,766,892,1812,1630,1512,1180,534,787,840,1451,1553,1317,2542,644,700,1055,977,748,160,1600,2560,1696,1582,3652,778,1442,1065,4334,642,1134,990,553,1890,366,695,679,354,114,177,2156,1476,1434,662,1742,664,2843,1358,2535,841,699,1225,1219,688,1531,1634,1530,809,1470,5738,1141,1345,1904,2977,749,493,1744,530
"COG3941",27,38,25,7,0,42,146,323,0,95,1,1,17,1,38,34,163,228,123,7,37,80,42,0,4,41,18,677,0,20,1,1,34,30,46,55,0,42,80,112,9,2,136,53,206,3,3,39,21,245,10,4967,31,63,243,23,1,102,38,6,0,9,1,8,87,10,15,88,0,51,0,0,202,17,100,10,6,39,0,4,154,36,176,29,1,34,118,34,23,0,3,11,5,86,3,1,19,0,0,29
"COG3942",28,87,229,384,531,32,173,372,353,1,91,362,4,4,239,18,94,17,20,11,12,9,31,600,34,22,5,10,75,601,191,2,10,14,211,1,16,3,2,7,116,7,1,95,12,14,7,5,34,273,16,122,25,28,41,6,0,219,239,6469,3873,20,36,54,8,5,93,73,1573,21,0,0,2,286,17,22,8,3,46,1206,9,2,116,33,13,32,7,10,14,30,28,0,8,10,34,1256,13,44,40,54
"COG3943",2114,2483,2608,1724,1732,3401,2546,3397,1665,3090,2504,2504,2130,2946,4344,3814,2496,2007,2559,7047,5270,2830,5585,4095,2122,3785,2909,3255,2301,3013,4001,5328,3181,3079,2801,2633,2129,2906,4029,4720,1446,5252,2889,3693,4296,2553,4793,2675,4772,4622,3146,5732,3995,3115,3161,4193,3702,3355,3396,701,807,3915,3579,3540,4233,3207,4216,2525,693,5370,420,4932,3481,3717,4630,2897,5060,3445,5343,1930,2555,5047,2597,2345,4932,3750,2669,2890,3986,2172,2584,1892,3389,3248,3611,525,6034,3228,2461,4549
"COG3944",2314,1268,823,1876,893,1293,1951,1358,1540,100,880,1347,728,1051,996,685,1386,1186,266,651,874,786,703,643,808,1192,1125,1418,774,1509,1039,238,739,1413,1294,266,608,356,699,1074,1946,242,622,780,273,294,926,1905,1177,393,1329,140,1326,575,880,833,286,1179,668,2036,3425,872,794,1568,772,327,1235,2537,2694,245,969,308,362,1509,936,1417,670,1536,151,3048,260,890,1793,1210,349,929,228,788,710,570,1130,324,2695,485,2299,2361,541,1060,531,1247
"COG3945",8,1,7,134,18,89,0,204,121,97,0,8,0,0,202,0,0,0,19,0,1,0,0,69,0,0,0,10,42,92,20,35,0,2,2,15,36,110,5,72,37,44,11,0,27,8,29,1,26,30,0,0,13,6,0,0,30,6,42,1,13,7,0,52,23,164,0,4,338,5,8,176,0,3,85,1,2,113,53,29,1,5,3,2,32,0,18,0,5,0,122,2,8,35,5,500,3,44,114,0
"COG3947",27,144,49,3,169,172,125,33,153,19,33,89,98,129,257,87,202,223,44,102,232,145,22,33,136,152,129,130,84,69,15,17,187,235,107,17,73,33,87,183,755,75,160,194,127,86,170,71,107,89,128,10,78,204,238,280,52,226,185,128,62,102,227,191,107,82,86,125,1,88,223,27,115,116,116,216,59,145,79,109,135,173,100,57,54,131,97,56,70,49,22,43,198,32,17,7,79,79,59,103
"COG3948",71,236,10,100,1513,293,70,318,110,100,100,32,625,133,990,132,142,206,55,13,137,105,234,423,59,243,47,261,243,110,71,125,353,586,131,91,78,14,64,68,152,62,103,236,185,210,182,516,401,347,153,160,50,93,517,264,63,204,93,64,169,212,577,165,93,150,191,31,2,38,273,14,133,84,126,902,34,205,198,9,81,46,247,33,224,299,144,556,65,211,141,106,139,282,73,38,139,82,80,181
"COG3949",201,906,369,10,239,223,241,38,570,57,248,131,197,250,135,146,612,224,124,75,104,778,116,55,305,199,260,125,589,168,116,376,129,796,464,130,157,90,152,316,306,49,158,251,235,264,90,89,327,456,169,89,202,205,234,173,66,197,398,565,12,223,80,520,265,104,504,429,1119,140,587,67,130,214,117,345,60,835,61,1004,74,137,888,151,250,195,113,149,167,191,107,205,664,184,336,377,97,154,473,415
"COG3950",1444,2265,1645,2403,370,2013,1617,1814,1565,1503,2697,1470,2335,1574,2292,387,3347,919,1304,3622,2034,1182,4167,207,1501,977,952,1633,1851,1520,1471,1457,811,474,1029,1614,1818,4858,1711,2403,932,2492,1378,1352,2296,2578,2102,1386,1463,1569,1200,417,2231,1609,1165,1875,1525,1483,1172,516,497,1781,1415,1302,3006,2445,1911,379,940,4176,36,2323,2095,1512,2522,2657,2627,1259,2809,2304,2166,2166,840,3381,1693,1166,2278,3040,1945,1896,1478,1300,1349,2542,2826,683,1016,3428,1540,757
"COG3951",29,60,85,76,507,49,8,10,16,76,102,36,216,161,214,611,21,435,56,2,40,32,20,279,88,36,151,149,128,8,5,51,132,188,24,63,39,46,108,63,21,43,50,45,136,58,63,49,90,26,64,49,41,109,33,30,14,125,111,84,117,30,88,67,369,136,3,33,2,28,702,16,27,193,17,41,52,46,124,35,80,52,40,32,40,22,44,25,63,38,25,117,44,117,14,9,5,95,128,12
"COG3952",12,632,171,0,92,35,45,4,155,3,256,17,64,197,43,64,62,178,377,1,53,26,15,4,33,104,48,152,136,3,287,174,8,20,26,22,113,47,46,53,7,203,68,83,175,130,10,83,29,119,23,2,29,106,35,86,189,102,75,7,30,85,84,17,24,34,15,5,0,142,1,73,161,26,37,4,81,49,95,2,55,42,17,151,521,11,125,42,22,170,106,323,21,176,17,6,59,9,108,18
"COG3953",0,0,0,3,0,0,18,668,1,2,8,0,0,2,29,0,83,4,0,0,0,3,0,386,4,11,0,6,6,2,0,1,0,0,2,2,0,0,0,0,1,0,0,0,0,0,1,4,85,1,0,0,0,0,0,18,0,0,0,2364,0,0,1,10,0,0,6,5,863,0,0,0,0,47,1,0,0,0,0,2,0,0,3,0,3,0,0,0,0,0,1,0,1,0,0,0,1,1,0,0
"COG3954",50,55,128,106,678,0,6,18,189,68,141,0,163,4,101,28,10,660,51,2,5,0,0,414,3,0,0,174,71,0,25,88,250,125,7,30,19,16,62,0,66,9,1,4,97,90,3,21,109,13,1,73,14,55,5,7,20,18,18,67,105,4,8,1,46,102,0,13,0,15,1126,0,34,29,2,40,33,8,29,33,84,7,92,12,35,14,26,3,29,19,5,58,1,53,0,10,5,2,98,8
"COG3955",41,133,37,58,34,88,157,29,219,20,198,32,5,168,167,56,11,40,59,78,19,26,15,3,229,159,160,90,43,95,253,77,53,116,475,40,325,31,203,72,31,33,124,223,286,0,56,11,64,96,79,491,181,412,23,36,131,57,171,137,42,275,78,77,42,65,698,73,95,37,0,14,98,60,105,25,0,58,6,48,109,231,68,7,22,166,33,2,97,87,55,148,11,68,119,44,60,24,2,193
"COG3956",190,697,412,494,289,874,582,991,641,932,882,963,626,565,1026,898,947,348,606,1053,721,799,1112,972,1159,635,916,640,922,1196,984,662,617,532,1005,764,762,605,921,760,1677,1065,821,974,1095,355,1103,565,979,616,796,1605,664,591,774,644,755,1140,1268,224,93,805,559,1064,1236,1417,838,1388,754,973,141,1461,840,969,584,1150,509,1181,730,593,858,875,978,625,763,421,745,728,848,771,735,999,722,618,320,1675,845,1723,626,614
"COG3957",1828,921,530,292,785,603,1051,2078,878,135,652,930,420,1220,513,376,1246,707,45,274,574,485,412,622,797,985,555,1227,591,1324,618,176,476,755,711,324,491,274,714,1073,829,201,327,368,116,228,343,398,578,366,753,92,670,284,602,536,66,908,525,3151,4185,862,573,973,401,93,1046,1033,3074,409,21,131,84,857,567,389,219,719,205,1655,131,487,1051,927,164,1321,123,187,354,339,1328,16,2619,477,599,1769,407,531,13,914
"COG3958",909,1771,1794,3794,1014,1433,2592,2166,1652,1359,1438,1164,1419,2017,1561,1333,1878,1465,741,615,1628,1904,1390,914,1672,2064,1834,1715,944,2114,2471,1178,2019,2570,2597,1836,1909,930,1311,1536,2600,367,1985,1919,1453,506,1341,2136,2040,953,2063,233,1920,2003,998,1714,556,2356,1193,2133,1069,1226,1671,1814,1602,863,1922,2782,2305,939,1992,1073,1543,2464,2097,2073,3444,2406,741,2424,1169,1849,2943,1692,859,1714,1093,1710,1789,1032,1429,1364,2124,1236,2655,913,892,1677,1265,1623
"COG3959",1022,1483,1719,3548,896,1443,2320,1720,1828,882,1274,1243,1529,2235,1786,1319,1487,1251,862,612,1282,1701,1133,795,1758,1900,1877,1551,916,1892,2104,999,1599,2190,2341,1275,1603,1595,1360,1843,2778,504,1785,1831,1778,1189,1303,1969,2284,1027,2028,214,2145,1768,910,1822,1003,2038,1054,2037,1017,1264,1481,1734,1436,820,1800,2736,2366,1009,2057,1189,2012,2107,1965,2054,3471,2467,594,2285,1047,1986,2960,1486,1001,1548,1534,1910,1795,1240,1347,1311,2062,1235,2837,731,829,1422,1439,1397
"COG3960",28,47,116,96,417,1,3,13,8,46,117,2,144,1,68,6,4,411,57,1,11,1,3,225,5,0,1,122,64,0,8,196,243,235,2,27,21,10,56,4,85,11,5,6,72,62,4,13,103,14,0,67,11,33,0,8,14,9,24,5,144,4,5,2,57,62,0,9,0,5,625,0,11,15,1,25,21,4,29,4,101,2,11,8,12,9,22,2,17,6,3,17,0,55,1,0,6,4,101,12
"COG3961",0,0,0,5,1,2,0,0,139,18,5,0,1,0,0,19,7,27,1,2,0,0,0,0,0,0,0,7,2,0,17,6,107,0,2,0,0,15,9,0,62,0,0,4,0,9,0,0,10,1,0,9,0,1,38,3,0,1,0,44,3,0,0,0,0,5,0,1,0,2,0,0,0,0,1,0,0,0,0,7,0,0,19,0,10,8,0,0,0,0,0,38,0,2,0,0,1,0,1,14
"COG3962",30,9,61,90,34,319,342,8,588,536,181,131,138,102,163,220,128,195,3,47,139,101,54,385,151,119,228,92,132,184,848,12,196,323,84,45,93,339,124,295,1329,207,102,193,39,30,141,75,263,252,45,32,46,3,30,12,36,142,43,104,7,33,20,90,31,89,56,19,93,18,0,250,34,226,121,70,9,196,6,75,23,31,176,16,78,21,6,28,33,4,155,0,37,66,27,670,17,115,2,48
"COG3963",0,17,1,1,5,2,1,0,0,7,9,0,0,1,3,0,5,1,3,0,1,2,4,2,8,2,4,0,0,5,0,0,5,4,8,6,6,4,18,10,41,0,0,0,2,1,3,1,12,2,0,0,6,11,0,2,4,7,0,0,0,0,1,0,0,8,3,15,0,4,0,0,3,0,6,2,4,8,0,0,2,3,3,2,2,0,13,1,7,0,1,3,9,9,0,5,2,0,0,1
"COG3964",75,51,122,20,149,349,64,640,334,366,99,70,55,142,253,51,227,134,183,60,141,250,1010,13,149,97,259,100,227,260,209,262,417,55,74,299,108,425,283,234,546,213,241,67,100,531,60,54,349,457,74,162,272,192,564,246,262,48,200,115,16,253,229,250,117,335,47,137,202,26,511,21,277,215,175,140,224,302,354,86,527,218,160,101,257,55,320,163,249,324,149,397,237,208,70,1362,175,234,901,65
"COG3965",406,98,108,231,60,234,268,21,173,13,53,65,41,116,85,87,14,63,10,18,112,30,31,171,58,156,117,28,93,104,16,94,113,210,208,27,47,11,43,184,51,17,44,119,18,109,25,92,97,117,119,2,223,38,63,45,55,102,35,354,255,68,89,151,193,78,431,35,24,33,6,18,25,164,26,64,16,66,17,88,47,205,126,38,28,17,20,138,139,34,55,3,42,15,203,10,26,82,18,61
"COG3966",339,31,13,24,17,12,13,289,13,0,28,20,2,5,19,12,4,4,0,1,7,4,0,3,19,5,9,3,22,6,0,2,8,5,3,2,20,3,22,41,123,0,9,0,1,3,0,3,89,26,42,32,27,25,38,4,7,14,34,1515,456,25,9,9,171,11,14,49,172,7,10,0,0,132,7,3,2,43,6,667,28,30,261,5,3,10,10,97,6,8,8,0,12,2,251,17,6,46,30,36
"COG3967",11,0,0,0,0,0,5,0,0,0,0,25,0,1,1,2,30,0,4,1,0,0,13,0,0,0,27,19,0,0,0,16,1,1,1,18,2,15,0,11,0,0,0,0,5,0,0,0,2,0,17,0,0,1,32,20,0,9,0,0,0,18,3,2,11,8,3,0,0,0,0,0,15,0,0,20,0,31,0,11,0,2,0,5,10,5,33,0,0,0,0,0,18,37,0,0,1,0,3,10
"COG3968",3515,4730,5708,4853,3393,5764,5914,4022,3403,6316,5267,5464,5717,6419,5323,6117,7397,3791,5693,7755,5727,6896,7359,5417,5980,6323,6658,5550,6416,5255,5783,5943,6233,5683,6073,7278,7935,5573,5983,5860,5223,7170,6859,6567,6205,5679,7185,5469,4702,5847,6182,10384,6213,5955,5843,5872,5396,6088,7225,2938,1930,6574,6560,5411,6951,5457,6081,5979,2282,7716,1504,6424,6160,6051,5852,5453,6182,5080,7126,3490,6615,6471,4664,6043,6975,6195,7445,6252,6776,7354,5231,5524,4181,6357,5589,1668,7477,7280,4132,6086
"COG3969",316,2004,1607,618,2728,817,233,229,1832,1940,1605,2328,1932,1510,1395,206,1624,1146,2475,156,1981,2551,891,422,1886,807,818,918,1876,656,2593,2691,1478,2483,1551,2368,2284,3565,1709,1439,1238,1380,1942,1620,2845,2701,2484,794,1819,1250,1110,409,1807,2231,1977,1931,3243,1105,1484,120,542,2895,1649,928,921,1320,343,457,443,1182,1617,1196,2867,1547,2046,1436,1848,1317,2075,185,2891,2814,851,1251,2452,1205,3778,2818,2094,2484,1804,1774,1316,1892,1724,111,1054,147,2406,772
"COG3971",22,126,168,98,528,18,24,216,293,96,307,9,597,15,128,18,11,650,56,7,11,8,1,914,5,0,1,231,146,4,27,14,240,84,6,21,29,23,41,9,123,14,16,8,76,54,15,17,32,19,4,65,93,111,23,18,21,44,9,84,124,7,28,2,119,61,7,16,71,22,794,2,36,41,10,50,15,13,44,70,75,14,114,13,40,8,41,11,49,20,9,96,10,96,0,6,12,10,48,5
"COG3972",28,43,768,1509,41,80,238,306,279,83,133,29,17,97,86,183,142,593,82,22,15,1067,510,129,50,38,112,153,72,129,76,10,36,60,89,118,32,24,118,56,1237,5,296,70,45,104,84,551,85,242,8,26,62,101,1909,191,1886,317,122,130,74,137,405,570,98,916,1267,476,43,329,0,25,6,40,366,77,60,95,14,75,5,100,152,215,21,86,39,1491,20,132,66,7,61,24,89,3036,38,298,1,35
"COG3973",4979,1590,1432,2076,1135,1635,1619,2713,1256,852,824,1959,1122,1215,938,189,2544,1186,1314,248,850,1500,861,1141,1246,1098,2129,862,1606,851,1134,1608,1421,1866,845,1336,1159,1899,839,1334,1283,268,1019,1484,1147,1822,786,1349,1461,1383,1484,243,1426,1283,1634,1417,1800,584,647,3623,5176,1229,1050,1173,926,1109,1782,478,3162,1270,1288,518,1312,1660,1220,1436,1398,716,1182,3884,1590,1168,1449,1002,1376,1213,1909,2970,1165,985,1231,1020,4983,1121,3103,1746,826,543,1146,1706
"COG3975",620,0,0,0,1,42,26,75,69,122,3,25,2,130,49,45,68,10,0,27,0,33,6,0,41,0,0,7,133,37,0,0,1,14,3,0,11,0,51,2,17,56,39,0,15,89,22,5,23,27,21,74,26,126,1,0,0,67,70,1,0,16,120,29,10,3,35,36,1,15,0,1,1,6,88,0,8,5,23,0,9,25,21,6,0,6,4,149,66,92,68,0,44,2,6,5,20,22,0,0
"COG3976",582,70,60,7,6,86,234,91,103,14,35,99,39,113,83,29,166,118,23,42,30,38,39,33,99,123,110,56,56,82,27,31,272,79,50,78,70,53,29,104,49,54,107,87,45,94,39,21,48,228,277,130,226,427,429,172,86,451,364,251,107,228,270,521,207,127,137,263,417,198,5,78,227,229,284,509,76,341,79,817,64,602,61,214,88,448,651,414,188,262,259,178,308,511,205,34,138,148,842,171
"COG3977",54,75,179,151,1219,8,13,21,239,85,216,6,295,26,142,61,6,889,126,8,7,86,1,711,5,1,0,206,115,7,33,98,542,195,15,36,22,19,87,0,81,14,7,12,125,116,213,34,165,12,0,115,20,102,5,18,26,99,21,135,185,2,19,2,105,144,30,55,0,21,1542,2,50,38,4,47,45,11,35,75,131,16,130,20,43,14,37,12,28,23,5,206,5,107,0,7,64,2,168,9
"COG3978",14,10,30,25,141,1,3,1,95,15,35,0,36,2,26,10,2,139,21,1,2,1,0,78,2,0,0,37,17,1,1,22,78,45,2,3,3,5,13,0,26,3,2,2,20,17,1,3,28,2,0,16,2,15,5,3,6,1,5,30,29,0,5,0,17,35,1,3,0,8,236,0,11,9,1,4,12,0,6,27,13,1,40,1,14,0,4,1,7,2,0,41,0,27,0,2,0,0,39,1
"COG3979",3,2,16,70,2,21,119,28,64,9,16,65,58,38,34,116,86,140,11,7,3,130,0,2,14,46,5,103,212,121,307,16,11,2,21,11,4,29,22,80,28,2,326,6,20,139,25,7,11,148,332,13,4,39,15,13,0,8,3,170,0,31,4,12,14,0,12,386,113,6,0,2,4,15,21,30,27,15,6,52,0,1,30,9,11,24,12,19,3,33,10,164,22,22,6,0,27,18,0,11
"COG3980",17,194,63,8,99,47,28,49,79,81,48,150,76,108,97,238,30,11,149,1,88,271,48,26,125,143,127,156,110,22,45,162,170,131,277,196,213,172,179,187,90,22,247,151,57,105,97,35,203,112,588,69,317,864,299,548,834,449,179,14,82,591,451,169,503,146,147,166,0,195,6,61,506,153,433,157,1190,113,159,35,383,748,460,81,331,485,380,816,369,191,248,410,533,143,388,15,204,30,445,709
"COG3981",145,103,119,174,92,176,227,222,332,324,129,174,316,219,202,130,107,187,92,100,354,99,291,332,134,265,141,170,138,203,190,47,286,890,334,147,122,93,197,191,31,11,141,85,354,113,100,292,191,132,332,42,241,67,163,212,67,295,74,678,172,171,89,337,122,45,285,526,282,134,257,118,259,136,83,607,21,427,144,484,127,310,708,590,63,129,63,395,256,135,440,87,1006,67,178,504,76,228,271,177
"COG4001",2615,2648,2770,5123,2307,4845,2874,2327,3097,4409,0,1843,2515,2300,3863,1342,3214,2297,2770,7046,2552,2459,4588,1393,2485,2693,3895,2307,1438,3374,3396,3349,3554,2895,3376,3982,3340,5235,2676,3549,3116,1911,1808,2212,1962,2518,4801,4381,3107,2203,2723,545,4260,2718,2756,2953,0,4403,2206,1085,1038,3604,3201,3609,1618,2765,5,2652,4649,2519,288,3419,1764,2882,5542,2081,2041,2774,3150,1410,3017,2023,3253,2839,2927,3077,2646,2368,3256,2250,4772,871,2361,2674,3635,5478,0,2395,1329,2921
"COG4012",0,20,0,0,2,2,2,0,0,13,17,0,0,11,16,2,22,2,4,0,2,6,7,2,13,2,4,2,9,3,1,0,8,139,14,14,13,4,11,8,13,4,13,3,1,2,6,2,18,19,1,1,5,4,0,4,6,7,2,0,0,4,6,4,0,12,11,25,0,1,0,0,0,0,20,10,4,17,0,0,2,3,23,0,2,1,8,1,11,5,0,9,14,24,0,1,1,1,0,3
"COG4021",1,7,69,0,1,596,138,0,9,15,5,8,38,59,24,136,4,155,43,3,0,10,10,92,4,78,30,4,5,24,2,2,11,362,211,19,17,2,14,116,84,6,3,100,21,74,42,4,524,19,34,0,2,3,34,55,1,10,19,106,0,9,19,4,11,100,36,45,115,46,0,8,6,21,13,23,13,28,0,9,6,4,15,19,13,17,6,2,1,47,804,4,42,28,29,136,12,23,3,10
"COG4032",26,500,224,9,176,68,407,19,105,27,192,49,144,117,44,21,63,69,148,62,164,529,71,8,362,45,106,63,121,13,492,313,51,174,115,73,204,125,25,51,51,114,130,254,42,103,29,154,136,363,331,4,167,90,215,195,205,22,118,573,72,405,42,45,145,22,47,70,0,362,242,11,534,45,120,137,93,477,304,96,780,89,59,396,92,83,28,149,151,39,200,364,162,402,15,33,210,92,85,135
"COG4034",0,0,0,0,0,1,1,0,0,3,0,81,0,0,0,7,26,0,0,0,0,0,0,0,41,0,189,0,0,5,0,0,0,0,0,0,3,0,0,0,756,14,0,0,0,0,0,34,204,1,55,0,27,0,0,0,0,37,0,0,0,12,0,0,10,13,83,0,0,0,1,0,56,0,0,0,0,288,0,0,71,0,136,0,20,0,0,0,12,0,0,0,0,2,0,0,0,0,1,1
"COG4043",80,11,0,275,4,71,21,0,67,0,0,13,0,60,9,6,42,1,0,0,0,29,81,3,72,73,54,14,2,31,9,1,20,420,21,1,3,0,8,78,0,1,17,2,1,0,6,19,99,0,44,0,8,13,10,15,0,74,36,0,0,101,48,138,59,0,140,22,0,0,0,0,2,0,23,0,0,143,0,29,3,26,309,34,6,76,0,9,5,7,94,0,772,0,7,0,30,8,0,142
"COG4085",0,1,0,0,0,2,3,2,0,0,65,24,0,0,0,6,0,0,461,156,0,8,20,0,7,0,6,0,3,0,0,0,12,46,1,4,15,5,0,0,34,3,56,0,109,255,8,39,0,306,4,0,34,1,1,6,0,0,45,0,0,3,0,2,39,9,0,1,1,3,0,2,0,0,17,23,50,23,141,2,28,0,6,1,0,7,17,2,32,5,27,1,1,27,0,0,1,1,1,10
"COG4086",156,317,530,1616,53,195,836,706,627,36,353,175,164,297,139,122,415,348,34,143,294,211,137,213,210,208,173,329,276,162,113,65,226,454,500,84,152,120,188,281,126,46,200,316,51,39,115,467,194,96,222,92,333,150,139,108,53,145,106,1382,540,196,217,279,95,122,202,345,404,203,1,110,16,272,389,238,66,156,222,1109,106,187,200,399,138,281,65,246,145,106,317,26,184,194,405,260,140,278,25,197
"COG4087",107,23,50,5,1,0,62,22,41,11,1,9,22,12,23,5,9,27,19,12,1,3,8,35,7,8,22,3,6,14,4,18,8,157,29,7,9,6,12,24,23,2,10,37,11,9,2,25,15,45,10,1,24,7,12,5,12,12,4,48,34,22,2,15,4,3,16,104,16,11,108,2,22,44,7,22,7,12,0,11,3,3,20,4,9,2,10,3,16,3,10,36,10,9,14,1,2,8,69,4
"COG4091",8,90,55,43,45,7,6,4,90,419,41,29,11,12,77,7,19,19,67,6,26,16,16,328,13,22,21,13,7,9,10,53,18,13,19,45,84,263,25,201,35,27,18,13,29,23,119,73,47,97,9,7,14,18,62,14,120,35,13,83,4,24,19,4,36,77,9,30,0,6,273,641,38,166,291,33,23,49,6,3,11,12,17,28,16,11,61,18,30,12,360,116,20,182,6,1690,10,16,254,8
"COG4095",0,2,4,0,3,1,1,1,18,0,4,39,0,2,1,1,5,0,0,0,1,9,0,0,10,74,0,2,1,2,0,0,0,2,6,4,0,0,5,0,11,1,1,0,0,0,4,0,1,7,0,6,0,14,60,1,0,13,5,14,0,4,1,2,3,1,4,3,0,0,0,0,0,1,0,0,0,0,0,8,0,0,16,2,0,19,0,3,0,0,1,0,15,0,1,1,1,0,7,5
"COG4096",997,926,1626,411,904,2527,1333,1952,1506,1882,2408,1823,3536,3539,2860,3594,4722,2220,356,2666,2767,1512,3387,4738,2369,2237,1342,1551,2509,4057,1662,2187,3537,2389,1803,2388,2208,4324,1936,5375,1565,1331,3488,1816,3845,3427,2337,3601,2844,4845,2340,3217,3315,1982,1515,4133,5825,2732,2436,617,1619,3004,2263,3725,3005,3970,2313,1977,179,2086,61,4137,2570,1153,2817,4569,483,4318,2389,7402,1575,3226,2155,3442,2379,4403,3115,1832,3136,2468,2635,2399,2443,3356,1954,5082,1480,1841,3574,5544
"COG4097",602,54,7,1,0,3,1,3,59,61,267,32,2,90,4,3,1,6,22,0,0,13,6,20,8,1,1,5,84,0,5,47,0,2,2,18,19,0,3,0,15,28,20,0,7,111,4,3,16,275,0,22,1,113,0,2,0,1,51,201,58,0,83,25,11,9,18,0,4,1,5,1,1,6,53,0,2,1,18,21,12,0,7,0,7,16,12,82,1,0,42,0,0,1,0,17,2,4,19,7
"COG4098",1014,26,81,222,70,14,199,570,110,3,83,2,25,4,23,7,8,54,28,10,21,5,32,81,9,12,8,6,15,37,11,9,1,27,85,8,13,14,23,14,8,6,17,41,7,33,3,25,48,60,19,28,35,18,19,12,12,10,20,1644,311,12,14,38,25,11,23,6,210,11,10,18,0,29,15,14,4,4,16,486,2,11,28,23,5,13,6,5,10,8,10,1,26,4,55,45,5,17,63,8
"COG4099",393,573,706,653,189,595,472,974,715,266,995,547,420,423,653,467,271,314,604,1881,533,503,704,279,608,228,654,496,471,687,393,568,259,281,357,792,694,551,598,477,505,1398,510,703,409,345,862,696,603,703,186,1567,402,780,571,477,869,659,646,419,131,710,628,504,227,649,692,420,865,498,39,303,598,277,480,337,860,295,627,485,1128,408,427,181,363,533,577,449,561,485,327,1045,411,399,493,124,996,1043,414,1182
"COG4100",1997,967,804,1644,320,1445,1643,2008,1044,608,735,1039,1002,1256,1007,773,1221,1029,276,648,979,939,1082,676,1097,1537,1505,1521,997,1284,1266,403,1163,2335,1408,485,765,564,998,1616,1664,367,860,1316,617,404,903,1344,1268,735,2036,201,1090,552,882,1043,318,1557,722,1468,1005,861,1184,2035,1072,721,1823,2250,1529,443,525,827,448,1297,992,1501,694,2179,495,2173,407,1391,2476,1659,453,1458,303,941,878,642,1243,130,2596,678,1101,1858,656,946,412,1395
"COG4104",8,363,66,1,117,42,2,28,138,11,232,83,75,14,4,8,10,18,74,234,123,20,7,1,16,37,6,6,156,3,40,66,4,37,13,7,135,47,87,12,20,19,17,97,48,73,12,7,258,29,40,5,27,50,109,38,713,10,32,30,5,12,40,0,23,63,0,7,1,25,3,2,54,7,53,57,110,25,72,4,76,27,41,6,59,9,106,38,29,16,19,226,11,209,5,0,25,0,64,7
"COG4105",284,86,94,97,588,26,30,49,414,106,161,37,134,159,102,506,67,497,92,42,15,22,21,361,28,48,52,146,113,14,24,95,195,144,37,33,35,32,79,28,65,60,62,8,82,124,14,22,158,140,6,90,34,179,148,23,39,93,64,107,88,24,74,35,90,122,30,65,3,32,796,17,64,28,42,39,33,34,32,64,83,22,89,13,35,49,77,69,65,51,39,153,55,110,0,3,23,14,90,31
"COG4106",6,63,33,29,271,8,1,29,157,47,62,15,68,14,39,33,30,215,24,3,4,4,8,160,23,6,3,43,33,75,15,14,129,46,11,9,23,12,64,15,45,7,17,41,21,24,5,15,55,15,23,33,20,26,10,6,52,38,53,42,358,26,15,0,26,38,14,46,690,10,298,2,22,47,9,62,17,30,10,101,26,7,69,3,16,15,26,11,31,39,6,90,14,44,426,4,9,4,24,43
"COG4107",4,13,18,19,493,11,0,3,53,18,23,1,37,3,22,6,6,99,21,5,6,8,17,49,11,2,12,33,42,0,12,21,37,124,16,11,12,7,33,28,70,5,20,3,20,21,6,4,50,6,18,67,42,168,36,16,27,19,90,75,40,43,43,1,66,73,19,19,2,4,462,6,56,28,12,80,74,30,71,31,104,19,59,19,37,22,58,30,37,56,7,71,9,184,5,12,24,6,84,12
"COG4108",4041,2538,2553,2963,1674,3002,3358,3761,2694,3092,2864,2477,2433,3216,2820,3677,3049,2998,2242,3623,2702,2771,3066,2873,2394,3386,3288,3476,2607,3319,2705,2418,2875,2110,2329,2842,2548,1906,2676,2702,2346,3346,2638,2418,2747,1797,3192,2941,2353,2977,905,1355,924,824,871,906,594,1098,956,1149,447,900,1029,942,1240,981,1045,855,772,1038,685,1219,813,966,980,1072,647,781,808,1121,804,792,804,1022,870,947,650,697,931,724,974,603,628,826,791,961,932,1408,602,871
"COG4109",12,9,27,42,38,3,45,4,79,0,44,1,0,92,3,11,0,3,1,1,3,30,7,0,0,6,0,6,4,4,6,2,2,12,11,0,1,1,0,2,25,0,0,0,0,4,0,1,7,36,4,17,0,6,2,0,0,1,10,937,50,56,3,10,2,3,13,9,56,3,5,0,0,19,9,2,1,36,7,13,1,2,46,5,26,6,1,0,1,0,12,0,6,3,6,17,37,10,21,2
"COG4110",0,1,0,2,1,0,0,1,161,5,1,4,0,0,3,3,0,18,0,0,1,0,64,201,0,0,2,0,0,1,2,8,0,3,0,1,1,0,36,14,39,3,3,8,0,0,0,0,2,3,4,0,8,0,37,1,0,251,10,0,0,3,13,0,12,46,2,1,1,986,0,1,4,1,1,8,0,3,0,0,3,1,121,1,3,511,27,0,11,2,2,0,14,66,0,0,898,2,0,962
"COG4112",1,0,0,1,154,3,1,0,0,0,0,0,0,7,0,11,0,0,21,0,0,39,0,0,1,0,0,0,0,1,7,0,72,53,1,0,19,0,4,1,0,0,0,3,0,1,93,2,0,0,1,0,0,0,0,0,0,35,17,0,0,0,0,2,0,55,15,58,0,0,0,0,0,0,0,0,0,0,0,0,0,0,5,0,0,0,0,0,0,0,14,0,0,0,0,0,30,0,0,0
"COG4114",23,36,66,56,339,1,3,8,175,40,88,3,136,2,53,16,9,369,40,5,5,0,0,239,4,0,0,111,50,1,13,61,161,92,7,10,17,9,44,0,50,1,5,4,73,62,1,13,104,6,0,70,9,58,4,5,12,9,15,77,71,3,8,1,34,97,2,4,0,11,715,2,20,15,0,11,15,4,9,40,45,5,67,6,25,6,14,2,9,11,4,141,1,35,2,3,1,1,56,7
"COG4115",23,282,289,381,337,308,537,292,222,1168,1738,513,110,405,642,138,135,462,2046,303,634,2665,333,202,402,607,628,222,431,515,954,1529,395,656,668,322,798,601,576,1361,584,431,994,785,529,271,407,1211,3070,633,527,308,1106,713,629,506,1819,246,206,393,935,4527,131,1556,200,389,284,335,698,178,289,383,2168,402,207,542,531,1324,486,237,1188,1096,397,173,216,421,59,510,1109,289,960,118,717,551,378,366,843,190,88,443
"COG4116",12,14,115,137,36,29,134,274,52,10,30,58,15,9,17,17,4,40,14,3,15,20,12,84,2,56,31,5,11,102,1,2,6,40,100,9,17,16,13,8,11,0,5,42,2,27,2,9,19,35,4,5,9,1,2,2,3,1,5,150,56,1,11,5,11,16,10,17,9,2,4,3,1,7,7,17,10,1,6,95,0,2,10,4,1,9,3,5,0,1,2,2,4,1,124,19,1,7,14,1
"COG4117",20,41,62,69,429,1,3,8,2,39,91,3,121,0,83,1,4,304,59,1,1,0,1,276,3,0,0,88,52,1,7,48,107,80,2,18,12,8,27,0,2,0,1,2,47,66,5,17,93,10,0,41,8,47,0,5,13,8,15,37,71,4,2,0,32,66,2,4,0,6,603,0,23,10,0,10,21,7,10,0,61,6,6,10,11,2,20,5,18,7,0,19,1,41,0,1,4,1,65,1
"COG4120",1330,1274,1164,1984,449,1330,2051,1870,1637,660,1081,1213,1638,1703,932,855,1768,1359,368,775,1375,1327,865,496,1271,2043,1820,1712,1034,1093,1853,342,1648,1420,2388,981,862,432,1103,1328,2319,398,1363,1290,1026,642,1144,2324,1821,958,1887,423,1723,916,1087,1534,387,1857,1003,3573,1056,1341,1314,1405,1142,527,1287,2652,1262,782,623,511,874,1822,1403,2844,1183,1580,719,2071,583,1276,2023,2299,741,1638,639,1387,1510,911,1055,469,843,1037,1573,1254,984,1051,965,1374
"COG4121",104,760,781,187,1193,315,155,237,526,1004,1317,694,660,566,550,113,906,1216,885,98,590,710,205,632,499,290,276,836,923,512,828,1069,575,598,657,653,758,699,564,322,440,850,583,645,1172,615,347,367,600,517,417,198,392,807,573,502,478,351,806,137,215,806,477,522,289,838,111,150,46,600,1056,280,973,581,512,388,376,559,1027,176,897,526,353,509,1332,453,949,786,534,1040,485,579,336,956,316,34,411,63,558,325
"COG4122",755,1335,1493,874,713,1232,1224,920,1432,1411,1580,1404,1171,1316,1248,1198,1498,897,1339,802,1376,1358,1558,1267,1415,1280,973,1364,1303,1317,1330,1510,1069,1223,1557,1412,1372,1517,1034,1386,826,1306,1499,1240,1568,1497,892,1485,1191,1533,1483,2403,1361,1411,1291,1287,1157,1012,1334,1397,1781,1449,1331,1508,1733,1472,1534,577,1468,1949,380,1982,1572,1206,1475,838,1792,1562,1376,1138,1464,1443,1244,1407,1780,1539,1586,1682,1478,1813,1363,1423,1744,1616,1413,1290,1061,809,1148,1704
"COG4123",1979,1242,1472,1967,972,1749,1913,1714,2111,1210,1153,1499,1311,1564,1420,1437,1616,1493,1254,1374,1262,1303,1771,1316,1355,1680,1594,1784,1797,1660,1566,1412,1326,1617,1945,1118,1483,1486,1471,1734,1760,1306,1700,1645,1467,1301,1324,1526,1604,1623,1726,1720,1566,1299,1449,1329,1394,1715,1479,2164,830,1545,1430,1702,1501,1421,1909,1645,1198,1936,1264,1710,1183,1480,1335,1590,1040,2070,1203,1762,1244,1608,2080,1634,1491,1858,1452,1580,1344,1765,1734,1145,1990,1656,1543,1856,1370,1361,1361,2096
"COG4124",76,1363,1160,13,234,1888,786,2338,332,911,2096,2042,690,1353,1031,1315,1402,184,1394,3656,778,878,1868,1776,1224,2689,1606,1026,672,1223,606,550,1416,384,1183,1882,563,1034,1308,956,483,2639,303,660,784,988,1095,823,556,987,1615,56,480,1100,677,1010,1374,1053,1240,331,41,1532,1347,2587,1009,1201,2481,1214,462,313,500,926,375,488,604,535,2407,815,1639,246,581,1013,1046,292,543,1387,704,331,533,118,755,1883,522,433,2106,108,2266,3237,1105,827
"COG4125",82,28,2,0,0,1,6,1,127,0,8,0,0,1,0,8,1,3,0,9,1,0,1,6,0,1,2,7,0,0,8,18,42,0,4,7,1,6,1,0,7,3,0,1,0,7,0,1,2,38,0,17,0,17,1,1,0,1,0,139,19,1,3,2,3,30,3,0,1,3,0,2,1,1,0,0,0,1,0,37,1,0,18,0,18,11,1,0,0,0,4,71,0,1,0,3,2,1,8,6
"COG4126",2,19,6,10,47,78,54,0,139,28,11,50,7,58,182,64,19,61,9,6,22,83,40,19,32,30,43,24,21,27,169,10,136,171,67,26,61,7,142,75,286,42,37,59,15,40,79,19,231,33,34,2,23,32,136,52,7,86,91,43,29,42,21,39,78,31,61,28,1,20,84,7,35,16,18,39,10,16,3,45,29,59,243,18,40,22,19,9,17,31,14,0,33,43,3,10,43,23,12,14
"COG4127",311,6,0,0,41,9,5,12,4,4,1,17,2,20,38,5,47,3,0,7,6,12,2,1,33,6,36,18,11,29,2,2,16,17,19,6,0,1,18,14,13,2,4,26,2,0,3,48,4,3,71,0,5,28,18,27,0,85,6,21,12,3,5,92,45,9,41,169,663,2,0,3,6,56,133,17,37,123,152,3,7,11,40,10,15,127,1,12,9,38,0,2,43,6,35,34,10,1,52,52
"COG4128",6,0,0,0,0,0,2,0,124,0,0,0,7,9,0,0,0,0,0,1,0,0,2,0,0,0,0,5,63,0,0,0,0,0,0,0,0,0,0,0,0,0,0,2,2,0,0,0,0,0,0,1,1,2,0,0,3,0,0,10,0,0,2,0,0,0,1,0,1,6,0,1,0,0,0,0,1,0,0,1,20,0,0,7,0,0,0,0,0,0,0,0,0,9,0,6,0,0,0,0
"COG4129",42,85,160,74,100,127,415,203,731,18,71,91,58,135,138,53,62,43,60,26,43,96,86,216,74,278,552,405,136,130,75,95,306,89,170,94,251,134,249,52,65,9,120,151,41,135,96,68,152,102,678,27,81,177,101,188,73,65,39,1137,119,56,35,217,274,49,108,617,42,104,367,115,54,68,54,72,733,38,17,472,90,184,147,367,29,254,126,180,40,60,117,214,93,147,122,49,152,91,361,187
"COG4130",0,1,0,4,1,0,0,0,163,0,5,0,0,0,0,20,4,26,1,0,0,0,0,0,0,0,0,4,0,0,6,5,84,0,1,0,0,0,10,0,58,2,0,0,1,2,0,0,6,2,0,11,0,1,4,0,0,3,0,71,3,0,6,0,1,28,0,0,0,2,1,2,0,0,0,1,0,0,5,13,0,0,59,0,9,5,0,0,1,0,0,0,0,0,0,0,0,0,1,5
"COG4132",286,41,11,110,295,5,9,194,160,59,6,193,0,80,103,4,24,104,0,6,25,20,6,56,12,13,7,3,25,129,4,0,8,2,13,62,19,1,0,5,6,55,187,13,9,49,11,4,32,26,5,24,3,147,22,2,14,9,121,100,888,0,65,31,9,23,23,64,752,53,80,3,7,122,53,1,19,2,31,595,8,7,12,26,5,6,74,76,0,41,36,148,18,88,3,12,53,10,14,19
"COG4133",269,39,37,52,316,12,17,30,247,60,100,20,91,48,50,14,43,253,53,23,3,20,4,201,9,2,17,87,52,15,8,51,140,60,4,27,23,28,49,13,33,29,28,2,51,92,13,14,54,115,21,60,18,86,29,19,12,39,56,60,66,20,48,9,62,36,17,23,0,13,467,5,41,15,27,26,13,25,32,21,45,8,41,11,24,15,43,47,34,32,32,5,24,56,1,1,13,3,51,24
"COG4134",40,64,109,126,465,16,44,21,985,62,118,21,182,16,125,48,28,674,73,55,11,19,14,270,28,17,26,130,87,18,40,67,320,176,32,30,55,31,47,10,159,8,71,64,43,49,15,27,93,31,13,59,48,65,36,39,43,38,53,100,75,29,31,6,61,113,15,36,7,20,1745,22,44,94,17,40,32,24,27,193,40,16,148,26,48,30,31,8,54,11,32,122,19,63,3,17,11,12,74,34
"COG4135",21,72,71,75,669,2,2,8,102,60,113,3,242,1,97,10,7,541,56,1,4,0,1,326,4,1,0,143,75,0,12,52,222,98,3,18,27,15,46,0,77,5,2,6,57,60,2,8,77,4,0,49,16,34,5,9,23,26,20,32,94,0,16,2,56,55,2,11,0,7,948,0,32,14,0,20,18,7,24,37,53,7,42,19,18,5,23,4,27,16,4,93,2,50,0,7,5,1,67,3
"COG4136",10,24,31,35,267,1,2,3,67,19,46,1,103,0,38,7,2,202,19,1,1,1,1,155,2,0,0,46,29,1,4,41,123,63,1,6,9,4,24,0,42,4,0,2,30,18,2,5,55,1,0,29,6,15,2,4,10,9,11,43,53,1,5,0,18,42,1,3,0,2,370,0,11,9,0,9,8,2,11,19,25,2,36,6,9,0,10,1,18,3,1,71,0,19,0,0,3,1,37,2
"COG4137",408,69,96,82,536,19,49,18,420,123,133,22,188,66,111,53,48,493,76,14,9,20,22,357,4,0,41,163,126,2,26,85,256,101,11,24,52,34,62,20,82,60,60,3,81,174,16,16,154,175,21,64,8,121,39,42,15,55,56,85,128,10,73,19,103,88,18,8,1,17,897,14,55,28,50,53,35,56,45,80,61,10,108,15,44,25,69,69,33,13,42,165,11,92,1,9,16,8,96,24
"COG4138",13,35,68,62,373,0,0,6,82,36,73,1,145,0,71,8,10,331,42,2,1,0,2,248,1,2,1,86,40,0,9,46,144,62,1,14,19,11,17,0,33,6,2,3,45,51,4,8,70,8,0,43,10,40,1,11,17,14,15,42,69,3,5,2,43,38,0,9,0,9,553,1,20,4,1,16,14,2,15,22,67,1,51,4,17,4,16,1,15,6,2,84,0,42,0,4,6,0,45,2
"COG4139",3,9,11,9,94,0,1,1,32,6,14,0,49,2,11,2,1,95,4,1,0,0,0,65,1,0,0,20,16,0,2,22,54,31,0,10,4,1,12,0,15,3,1,0,10,13,0,1,18,2,0,40,9,23,5,4,10,9,17,47,53,3,7,0,24,46,1,7,0,3,483,1,14,14,0,13,9,7,20,34,35,2,60,6,12,4,11,0,14,7,4,90,0,28,1,3,3,1,35,1
"COG4143",32,63,68,86,412,1,10,9,511,38,130,0,146,6,59,30,8,411,51,20,5,0,2,180,3,0,0,120,54,0,27,71,151,103,2,25,41,24,37,0,78,13,115,4,50,115,9,6,96,4,0,55,8,88,6,9,33,26,13,137,73,5,8,1,40,99,1,7,3,60,679,5,12,16,7,14,29,6,19,55,56,4,102,7,24,22,89,9,24,31,14,254,0,62,0,7,22,0,244,24
"COG4145",80,215,483,983,639,653,364,92,839,475,273,171,211,277,375,116,166,663,205,61,207,272,139,634,189,262,375,201,290,216,146,82,564,283,471,309,244,243,390,518,372,240,558,438,221,266,216,102,431,461,110,227,601,346,171,158,128,176,268,340,186,280,378,363,373,477,154,205,166,310,982,574,152,232,324,356,151,273,128,234,214,174,607,167,242,103,242,159,571,238,341,434,196,586,288,1434,249,352,489,165
"COG4146",334,1760,2118,406,1360,1502,1182,1100,1352,2766,1175,1269,2743,2192,1745,3025,1394,1552,2842,2170,2790,1331,1072,1962,3234,1229,1680,1002,1189,1613,2211,2564,2038,741,1422,3285,2273,4427,2060,1697,887,2601,2573,1809,2607,4350,2339,3332,1662,1783,1079,522,2601,2333,1796,2566,3175,1454,1704,246,451,2259,2185,1124,1983,1564,1407,541,610,2625,1406,2491,2205,1326,3248,1280,2223,1162,2885,237,2815,1835,825,1624,2499,1227,3413,1851,2762,2394,2163,2433,1693,2297,2915,103,2934,2326,3697,683
"COG4147",9,23,37,44,229,0,2,2,95,18,58,1,59,0,31,13,2,211,30,2,1,0,0,142,0,0,0,73,29,0,7,45,99,72,2,10,14,10,14,0,36,4,1,3,35,39,2,8,44,2,1,121,14,55,4,12,23,27,42,130,150,5,15,2,84,176,1,15,0,22,1141,6,38,34,1,22,33,15,45,79,96,10,121,20,71,8,29,7,29,24,7,146,2,76,0,6,6,2,99,8
"COG4148",571,88,89,88,622,27,52,101,386,149,135,72,214,125,121,49,116,591,109,45,5,49,35,404,35,5,49,221,163,27,19,89,254,80,10,60,92,78,101,56,79,65,80,9,104,210,26,21,111,218,46,129,42,181,85,82,31,106,79,107,108,51,106,37,109,86,38,46,1,6,859,11,89,22,51,100,31,71,42,64,83,33,94,17,48,41,124,77,90,76,53,153,88,107,0,8,30,8,101,38
"COG4149",618,489,465,737,539,379,998,621,881,423,349,244,635,408,446,145,701,862,176,253,319,238,244,656,258,393,359,601,352,410,296,263,414,472,429,322,255,205,315,352,476,188,364,335,385,289,288,483,400,598,346,156,505,339,353,423,115,392,268,772,338,311,433,365,255,423,278,319,751,353,897,387,294,415,510,891,105,386,240,887,176,186,259,711,209,347,252,555,509,320,431,271,274,415,418,1130,221,440,333,256
"COG4150",16,33,52,70,349,23,21,4,185,25,74,1,107,2,50,19,7,312,41,3,2,12,1,210,4,0,1,91,46,0,10,70,203,96,3,8,12,7,40,0,65,5,1,4,51,56,3,13,109,4,0,41,6,34,9,11,11,47,29,82,55,1,12,0,36,113,0,3,0,14,367,0,18,13,2,9,11,4,12,42,40,5,89,10,36,3,14,5,19,8,0,94,1,41,0,2,25,2,51,10
"COG4152",1281,74,280,163,534,575,372,712,490,608,119,274,116,739,758,500,255,389,563,166,356,586,757,21,310,1046,510,521,529,1142,442,246,499,1048,313,72,205,134,785,801,201,576,575,426,325,185,408,309,603,236,638,187,242,450,572,443,102,716,534,640,281,421,626,1149,558,510,846,498,3,265,19,150,177,491,205,190,117,1213,194,185,115,623,601,380,856,582,240,183,341,264,352,179,465,307,160,4,229,173,10,461
"COG4154",55,102,248,421,275,176,341,179,426,147,147,219,125,107,146,118,116,252,85,59,58,183,126,178,121,170,164,115,103,107,409,112,316,301,236,77,114,144,104,191,407,82,176,160,76,89,210,228,242,117,150,44,119,165,69,63,113,357,141,306,234,72,103,191,82,175,181,393,270,110,511,227,139,234,172,104,78,195,20,369,52,204,386,97,109,64,112,74,66,116,162,154,108,134,135,472,109,117,197,139
"COG4158",9,353,428,1184,39,194,665,43,286,67,114,155,56,282,174,500,97,281,107,54,244,323,118,138,151,494,373,446,148,65,192,166,378,102,327,136,265,81,156,261,135,37,56,380,49,88,143,167,153,107,414,84,196,86,183,278,40,77,105,656,183,190,173,100,366,79,166,143,372,201,389,42,82,131,215,214,591,82,34,203,65,220,427,173,105,564,90,240,114,254,453,152,146,211,243,370,262,188,177,175
"COG4160",54,78,107,115,756,5,8,7,448,68,170,4,229,7,112,46,9,650,90,17,7,2,6,455,11,0,0,161,71,1,32,94,370,131,13,25,31,24,46,0,76,19,5,5,105,114,9,23,155,17,0,91,12,99,4,10,34,35,29,158,144,7,15,0,71,161,7,10,0,24,1077,7,35,20,4,22,35,16,33,91,107,12,126,14,69,20,45,7,30,13,9,223,4,88,0,8,6,3,122,18
"COG4161",32,38,78,74,439,0,8,10,281,47,103,0,143,3,66,18,2,377,69,13,5,0,8,264,4,0,0,118,47,0,28,56,151,95,3,16,24,23,23,1,34,6,2,2,54,62,4,13,92,6,0,52,9,36,4,9,15,9,16,76,105,5,7,3,50,54,2,8,1,6,694,7,23,14,7,17,22,6,18,31,65,6,60,13,31,10,12,3,17,9,10,81,2,33,0,2,2,0,65,13
"COG4166",10651,2217,2186,1702,6664,2164,2556,6113,4019,2229,2049,2315,4101,2233,2705,1112,2789,5298,729,1051,3050,1927,1883,3927,2088,3034,2500,3630,2517,2622,2710,903,4313,2971,2305,1485,892,777,2005,1061,4716,516,1078,2124,3335,1154,2668,1984,2690,1583,2054,541,2873,1768,1666,2433,754,3248,1681,10808,11832,1991,1994,2133,1696,1371,2012,5083,5426,914,6480,1647,3166,2639,1603,6704,1113,2468,938,8335,897,1700,2906,4789,958,2424,776,1896,3424,511,1962,1276,1415,1022,1521,8018,1119,2356,2001,2117
"COG4167",29,52,68,74,495,3,16,10,369,57,121,1,169,1,83,15,9,398,54,12,8,2,6,337,7,3,1,119,51,0,10,64,210,99,3,22,18,26,34,0,38,5,1,2,60,77,6,8,92,7,0,51,7,48,4,12,19,14,18,80,90,4,9,2,65,57,3,12,1,12,633,11,24,15,7,17,18,5,21,43,45,8,62,17,26,15,18,1,20,13,13,101,1,40,1,5,3,2,56,22
"COG4168",32,47,64,80,466,2,16,12,259,33,99,1,163,2,83,12,6,379,56,30,4,1,6,275,4,2,1,108,51,0,16,61,167,96,4,18,21,19,37,0,30,7,2,3,62,68,3,12,110,7,2,44,4,39,0,8,15,7,20,95,85,5,4,5,55,39,4,4,1,12,601,5,12,13,2,16,12,3,27,30,80,11,36,9,26,18,24,5,16,11,11,138,1,48,0,0,3,2,70,18
"COG4170",32,41,63,59,404,2,19,7,313,37,92,2,143,5,59,18,10,388,42,24,5,0,4,238,6,1,1,96,56,1,23,54,223,74,1,7,22,17,30,0,59,7,0,2,49,55,5,7,75,3,0,52,9,39,8,10,15,10,14,83,69,5,11,3,56,58,3,5,1,16,628,11,26,21,3,19,17,7,28,36,49,7,62,7,25,13,26,3,20,10,6,101,0,34,1,2,5,0,58,24
"COG4171",19,32,48,48,294,2,12,8,307,23,77,0,98,2,36,20,5,276,27,12,4,1,4,173,2,0,3,73,31,1,12,54,133,65,5,20,21,16,29,0,55,4,0,2,38,51,3,8,40,7,0,42,2,24,6,9,9,4,4,59,76,0,6,2,35,36,1,7,2,13,401,11,9,22,0,11,11,4,19,19,41,6,61,8,27,16,16,3,10,8,8,110,2,25,0,0,4,0,57,18
"COG4172",286,177,203,258,830,143,131,134,343,85,221,343,407,141,241,61,119,689,92,91,87,175,45,459,91,143,154,268,219,159,82,63,515,217,212,135,153,99,105,104,115,54,284,74,109,168,45,167,164,197,77,37,19,58,85,64,10,86,54,69,429,18,10,18,51,60,38,39,508,75,334,18,52,67,27,44,16,25,58,261,45,22,108,63,39,52,43,63,27,38,47,92,20,75,55,122,46,30,86,72
"COG4174",29,43,52,76,773,4,4,4,150,44,107,0,154,21,61,34,7,363,45,2,4,96,0,282,5,46,46,125,48,6,22,70,438,132,10,17,17,9,54,6,60,3,3,8,52,61,222,19,90,5,0,39,13,44,103,7,22,119,57,74,85,6,11,0,55,78,29,64,0,9,605,2,21,10,1,11,19,3,18,45,55,6,106,12,28,48,28,4,17,8,1,118,4,44,0,2,51,3,66,14
"COG4175",175,1729,1210,234,705,549,113,281,423,1053,565,916,1068,770,853,73,412,741,1678,84,711,498,550,310,821,398,437,441,1680,146,1173,1581,748,610,343,1249,1163,1860,1170,831,714,769,769,490,1680,1780,380,544,1018,720,343,204,1030,1134,643,1134,1789,551,593,108,281,1465,939,143,333,712,108,160,256,891,358,592,882,892,1099,834,1098,838,1860,168,1838,752,198,690,1844,339,1647,1382,1037,1742,901,1763,537,1260,1177,44,870,40,1663,187
"COG4176",122,1214,901,153,451,369,81,209,374,822,502,627,763,611,454,51,361,427,1368,49,599,396,406,133,581,318,288,291,1174,113,888,1347,528,422,266,980,960,1236,759,522,570,572,526,313,1253,1371,234,327,812,555,307,165,743,828,438,747,1294,353,506,62,231,1022,771,89,220,400,83,124,163,663,441,381,727,632,810,589,811,615,1558,94,1234,522,138,625,1261,285,1344,894,772,1279,728,1240,352,996,782,48,580,46,1184,108
"COG4177",962,1066,767,943,1399,990,1489,786,1394,701,689,1252,938,1148,1109,1948,1135,1158,640,497,746,1293,1014,1296,957,1078,1150,906,723,1096,816,549,1482,2016,1317,628,640,788,1266,1239,2067,371,960,1082,755,499,1357,689,1588,999,1346,375,899,619,902,762,544,1395,1179,2005,2506,955,1182,1380,634,767,1162,3260,2331,435,2682,532,1266,1067,835,2265,736,1269,655,1587,396,657,2055,858,697,875,606,758,1052,1011,507,954,925,1113,311,2673,660,806,1459,679
"COG4178",143,103,106,81,772,372,155,47,763,577,220,14,178,21,437,743,83,482,215,68,70,78,142,662,89,35,154,182,403,122,126,65,173,68,29,137,154,441,325,488,160,186,152,44,144,145,183,43,408,248,75,141,96,116,187,47,194,129,205,123,106,78,172,143,191,486,140,13,115,137,889,645,162,74,508,173,106,272,150,28,173,62,166,24,202,88,105,224,82,152,577,21,49,453,0,1532,108,227,305,95
"COG4181",17,46,150,120,546,11,9,92,71,51,86,49,177,32,116,16,64,384,37,7,7,10,9,475,4,4,4,105,69,148,8,53,154,100,13,22,30,16,31,9,135,3,6,10,57,45,26,13,82,18,13,52,15,46,3,16,16,32,16,52,1075,7,13,13,44,87,12,71,0,8,673,2,22,43,6,48,16,9,20,264,54,9,59,27,25,54,26,12,29,28,5,79,8,72,1,722,3,21,63,21
"COG4185",220,111,543,761,254,790,506,987,456,406,111,929,544,579,712,147,262,226,742,2592,455,712,521,475,441,600,407,275,403,242,563,330,153,326,543,207,256,792,1139,616,168,1572,428,738,591,706,1093,1418,684,820,453,42,545,560,340,650,602,842,289,785,76,615,324,234,981,669,1061,541,233,783,32,1160,964,317,582,283,747,296,354,58,233,694,430,334,721,662,648,797,510,709,417,223,762,655,870,30,313,1437,519,1110
"COG4186",638,91,212,619,426,850,218,209,112,1332,410,327,361,877,708,458,523,180,58,74,447,265,266,62,284,420,372,161,119,282,118,146,227,518,509,134,133,126,292,402,584,203,341,173,791,380,252,238,990,231,1212,55,416,496,441,305,693,437,299,460,1193,700,254,146,224,1191,169,489,692,261,62,328,666,408,126,109,130,476,280,370,223,133,250,148,1144,312,869,155,319,403,721,125,493,371,713,458,370,92,208,296
"COG4187",1277,86,133,3,126,31,45,604,66,17,63,25,34,77,389,836,128,32,107,20,22,49,23,10,120,85,100,49,45,185,16,196,17,41,400,53,91,60,297,109,371,21,26,97,92,24,28,58,216,118,101,55,70,43,173,146,10,56,136,299,0,97,53,27,192,56,58,290,1082,23,269,1,82,106,23,91,17,298,0,24,30,118,89,43,61,32,133,26,48,216,19,101,121,143,13,255,47,19,204,33
"COG4188",0,41,8,0,9,3,0,1,1,18,14,3,0,12,16,2,24,5,9,0,5,4,12,0,13,14,20,1,9,6,5,0,21,36,11,13,14,11,26,13,18,6,21,4,3,3,15,5,32,26,4,0,6,10,0,8,13,21,7,0,0,13,9,3,3,16,21,30,0,5,0,1,5,1,19,14,14,20,0,0,8,10,17,1,6,8,23,4,13,9,3,14,20,52,0,6,6,0,0,3
"COG4189",27,375,724,2479,70,171,490,109,253,71,237,64,88,147,45,32,438,321,79,95,83,131,159,131,95,181,99,364,203,126,118,156,212,157,380,60,70,375,78,149,77,44,69,244,36,75,159,648,137,111,156,19,252,165,160,232,80,57,33,1123,116,81,139,466,79,229,123,40,290,142,437,49,50,104,601,125,83,124,59,254,80,54,63,261,155,318,89,204,80,65,137,130,49,275,572,1455,69,341,200,242
"COG4191",21,249,101,6,35,72,5,1,32,475,401,440,186,132,103,11,1066,156,145,12,222,338,124,55,240,144,70,26,369,31,232,491,538,373,257,331,763,201,148,105,244,74,358,214,234,54,222,158,667,237,373,20,500,240,1139,116,240,409,129,243,10,297,164,385,99,216,39,103,1,162,81,69,407,270,319,362,252,512,491,10,546,247,88,50,550,161,642,642,547,664,148,428,321,177,89,1,141,39,0,144
"COG4192",0,2,0,24,0,1,1,0,176,8,5,0,2,0,0,17,4,24,2,1,1,0,0,0,0,0,0,2,0,0,12,6,0,0,0,2,0,1,12,0,90,0,0,0,2,0,0,0,9,0,0,3,0,1,1,0,0,2,37,0,2,0,2,2,3,28,0,3,0,4,0,1,0,0,0,0,0,0,3,6,0,0,77,0,9,7,0,0,0,0,0,1,0,1,0,0,0,0,0,5
"COG4193",26,490,412,543,263,955,601,80,773,14,266,302,435,623,154,333,459,423,53,191,588,441,175,275,571,691,1194,434,218,335,172,48,1076,1706,715,76,467,199,120,1148,184,59,379,573,29,41,414,980,208,211,740,29,304,29,131,306,35,519,139,231,38,213,476,1286,1048,72,1799,162,451,185,28,196,36,641,359,209,919,771,309,539,175,1139,1790,551,139,732,63,495,130,151,321,8,3396,131,894,110,572,374,11,738
"COG4194",0,5,24,19,113,0,16,2,139,2,0,4,4,2,5,1,2,15,0,5,0,0,1,17,3,1,2,7,16,70,9,3,1,0,5,1,5,0,4,1,19,0,1,0,0,1,1,1,5,0,1,0,1,3,2,0,1,4,2,4,30,0,3,3,0,0,4,0,121,4,0,16,0,13,0,1,5,3,0,84,2,2,2,3,1,1,4,0,0,1,0,0,7,4,2,0,0,1,1,0
"COG4197",0,0,0,1,1,0,0,0,0,0,0,0,0,0,0,0,0,3,0,0,0,0,0,0,0,1,15,9,0,0,0,3,0,0,0,0,0,0,6,3,0,0,0,0,9,0,0,0,0,0,10,8,3,7,0,9,0,2,0,0,0,5,2,0,0,1,0,0,0,1,0,0,13,0,0,1,1,3,0,1,30,0,0,1,1,7,0,0,5,0,0,0,21,0,0,0,0,0,36,6
"COG4198",769,1338,1520,1523,1082,1873,1237,1151,1140,1822,1398,1676,1121,1676,1889,1731,1956,936,2008,2367,1653,2095,2218,1297,1852,2143,1996,1572,1855,2087,2063,1972,1634,1406,1860,1630,2044,1783,1894,2021,2235,2336,2028,1946,1715,1591,1988,1132,2071,1994,1993,2596,1601,1603,1807,1682,1911,1972,2065,434,352,1919,1764,1433,2098,1561,2364,1068,884,2275,341,1914,1515,2083,1465,1267,1733,1896,1905,420,1939,2121,1599,1283,2227,2046,2014,1551,1574,2346,1615,1472,1336,1967,1675,418,2033,2202,1306,2367
"COG4199",1472,24,51,21,10,3,59,445,52,223,34,49,271,1,114,38,3,6,275,49,72,2,21,38,40,2,2,0,5,3,1,5,0,8,4,1,275,4,0,8,12,1,3,2,0,27,0,2,36,48,2,29,50,22,108,7,345,5,4,1498,23,6,7,10,12,2,8,2,211,7,5,0,1,3,2,4,11,4,7,27,1,0,17,7,1,16,224,2,56,1,6,690,7,0,9,13,3,21,46,36
"COG4200",0,118,55,1062,8,139,311,14,89,7,152,97,234,106,56,37,135,109,34,100,76,59,82,8,79,76,106,109,128,74,103,31,190,56,98,36,76,92,36,79,83,36,120,71,99,20,80,256,88,88,192,10,46,136,65,282,18,154,63,276,89,60,77,54,55,27,105,143,32,93,0,26,43,80,96,515,32,98,134,106,54,127,106,146,45,89,17,232,31,42,30,4,71,49,169,97,59,53,2,195
"COG4206",1579,6706,7915,1206,4975,8364,3522,5441,2788,14110,8076,8722,8178,8734,9571,7332,8375,3458,14043,11584,9616,10547,8767,8799,11061,4697,7243,5020,10091,10352,8836,13492,5852,4551,6234,14610,11148,10384,11483,8355,5783,14235,9885,7481,11400,9741,10563,5612,8936,10581,5941,13868,9003,11321,11669,9541,13107,6459,12305,512,1028,9589,7849,7608,8830,10410,7126,3171,1589,12146,1632,11632,12359,10913,9657,6122,10684,8464,14208,880,14129,8244,4383,3941,11136,6303,13535,8651,10996,9653,7828,9886,6661,9050,6916,5223,11703,11173,11931,5822
"COG4208",393,474,499,1577,429,541,687,403,610,69,308,280,228,288,251,259,433,700,34,240,123,145,264,258,200,433,141,659,449,425,198,87,374,309,258,86,234,145,158,348,178,67,157,297,96,106,197,474,206,62,218,95,279,145,228,138,16,333,87,516,194,257,524,351,275,139,188,220,591,140,290,70,67,426,245,171,138,160,100,367,55,352,175,518,86,332,71,221,113,129,424,139,99,186,715,229,140,177,32,176
"COG4209",4656,1927,1887,3120,1190,3043,2984,1371,2493,666,1610,2125,2567,1730,1914,887,2619,2359,288,1379,1811,1861,1841,880,1547,4905,5686,2976,1759,1949,2314,311,3866,5570,3531,617,1886,1047,694,2013,940,391,1626,1918,1485,594,1917,3565,1298,722,5304,214,1898,1234,1851,3247,2280,1572,932,2670,735,1519,1996,2889,2066,617,1779,2619,4274,1543,1394,980,1217,1124,2167,2503,5399,1110,873,6931,920,2404,3378,2971,566,4418,369,3094,1215,1201,2043,460,1592,1246,2275,972,1531,1617,291,3654
"COG4211",824,773,700,1632,637,1078,1379,432,1094,266,675,488,927,805,510,572,805,1095,257,311,688,565,409,607,611,1265,917,947,450,668,983,383,1080,859,1199,362,428,234,347,1033,436,180,773,686,482,344,562,1746,721,402,1030,138,914,705,510,911,270,941,377,542,239,376,688,873,924,368,1384,1655,741,343,1190,270,541,674,721,1274,441,573,276,1081,287,967,880,1209,367,782,266,769,840,369,524,567,367,460,790,346,505,680,625,895
"COG4213",48,296,445,2749,818,193,1042,233,614,198,363,176,216,99,503,1932,197,1158,287,50,109,123,235,482,176,483,530,329,335,228,202,303,550,234,502,148,293,98,451,314,351,47,183,128,232,202,141,286,550,324,608,215,194,374,252,229,119,188,224,1524,1562,101,257,129,429,267,226,107,130,137,1462,391,250,486,137,460,727,171,164,918,211,92,368,348,155,316,266,254,150,162,179,463,170,235,344,946,232,271,708,122
"COG4214",63,207,263,1461,979,157,424,203,564,143,284,136,300,31,298,668,89,998,175,26,44,60,96,611,65,174,139,295,206,183,95,258,418,228,386,97,161,43,198,76,297,26,69,62,177,193,88,164,258,146,403,154,75,195,88,65,76,97,177,850,1375,37,99,62,222,175,111,93,104,65,1576,365,137,319,48,205,593,66,74,699,118,35,234,157,85,152,131,115,91,94,72,272,50,117,121,793,82,92,375,100
"COG4215",52,76,132,125,686,2,11,10,447,71,181,4,234,3,112,39,10,625,90,15,10,0,0,412,11,1,2,166,83,0,30,95,307,143,10,27,28,12,51,0,102,11,8,7,115,93,7,24,164,8,0,28,3,32,1,3,10,5,11,45,47,3,4,1,34,52,1,9,0,4,339,3,14,6,2,6,7,1,6,25,33,5,47,7,14,11,8,0,11,5,2,67,0,23,0,2,1,0,45,5
"COG4219",2483,2883,1522,4596,1136,2214,2827,261,1426,193,1711,1406,1071,1976,1504,948,2471,1816,317,715,999,1804,1711,546,1311,2073,3144,2383,1097,964,2360,389,2813,2495,2549,542,1214,774,1245,2113,743,267,754,2061,400,320,1058,4450,1885,925,3809,375,1135,677,1494,2042,634,2253,886,2754,1010,1041,1609,1984,2336,863,1357,4804,2042,1035,1365,448,346,1699,868,1311,6099,1241,930,2704,699,1566,3672,1411,698,2074,396,2223,538,939,991,336,1307,628,2292,1121,1339,914,597,1936
"COG4220",14,24,46,37,1508,13,2,11,7,26,46,0,1,10,143,1,38,255,16,0,3,15,0,234,18,0,0,88,46,0,6,195,111,120,1,10,16,3,28,0,1,5,1,2,65,51,19,21,206,16,0,27,15,18,1,6,3,24,15,3,85,2,4,2,17,94,6,9,0,3,812,0,1,5,0,14,19,1,11,2,102,3,0,21,7,3,8,29,10,12,0,4,2,78,1,3,6,27,59,0
"COG4221",294,1102,821,196,1117,601,243,497,1158,1182,1124,870,928,1034,1076,1483,867,645,1132,1105,740,714,989,1075,1053,377,716,627,854,816,914,1100,775,447,791,1187,1026,1455,950,920,525,1257,1052,845,1135,1306,865,614,986,1300,448,1849,859,1075,689,911,1331,823,1097,911,724,1056,675,537,1120,855,867,602,238,1351,675,1737,1309,791,1008,516,899,696,937,251,1111,956,621,673,1316,906,1331,828,1210,1144,871,1397,767,1104,907,425,868,950,1099,1017
"COG4222",1,17,2,64,13,221,183,702,97,422,0,15,3,2,149,377,12,149,4,1102,5,17,664,951,79,25,561,82,45,590,12,19,67,8,14,8,8,8,179,451,4,895,344,13,36,35,495,126,28,277,27,1713,23,36,1,2,77,202,48,4,12,3,4,290,362,118,475,19,86,562,55,937,52,13,378,61,3,144,49,56,12,23,62,19,11,20,19,13,27,40,3,146,17,225,0,0,685,1173,0,18
"COG4224",608,200,190,243,83,338,385,357,400,63,196,185,240,202,142,199,266,298,59,101,343,163,300,99,217,392,308,397,267,241,319,60,285,186,343,87,169,117,215,229,100,65,116,273,204,107,151,485,231,135,371,37,322,106,218,348,48,236,101,485,217,191,247,264,237,107,303,193,228,118,133,141,147,211,234,359,286,184,88,521,77,231,300,458,103,301,65,308,234,142,323,73,164,128,255,195,182,206,140,265
"COG4225",2592,5013,5770,722,1822,4989,2011,711,3484,7240,6562,6737,8402,5378,4210,1798,5548,2419,13599,1214,10307,6819,6359,351,7537,4534,3332,4799,4625,4511,6265,7208,5559,2909,4613,10192,7681,11558,4794,3745,4948,4270,6133,5515,8996,11311,4506,3648,4085,5901,4527,13087,6536,8566,9148,8093,9762,3298,5177,477,1287,6836,7530,4625,2995,7464,2295,2509,1871,5535,1009,3184,9480,6354,7488,4978,10082,3796,9731,1164,10926,7191,1868,5987,6707,4226,9110,7466,7690,9547,7407,7564,4412,6255,6915,789,6010,2363,9284,2636
"COG4226",69,280,109,59,142,255,169,405,317,38,39,45,44,109,205,63,95,154,190,623,331,177,60,27,186,154,394,76,48,56,55,95,128,123,112,66,73,19,166,111,61,357,46,57,334,118,243,50,254,85,214,36,55,284,162,153,85,110,64,33,196,57,172,169,74,62,230,61,0,36,3,46,145,133,74,363,393,49,51,141,193,67,371,46,54,116,52,217,66,27,27,293,103,34,32,64,311,138,78,81
"COG4227",125,240,1119,284,990,3367,225,358,559,947,2560,1525,519,1065,2707,10132,110,439,1738,27,1182,1276,259,15079,551,984,1019,1247,1509,574,2692,883,393,814,925,275,169,438,2417,2445,697,3709,1656,607,1363,103,1079,687,1142,1051,724,371,2172,628,315,1623,4895,406,2545,524,74,1911,1450,858,438,2973,266,1462,642,9104,68,1041,1222,958,1024,1970,1528,1437,1385,188,1634,2724,574,696,1793,809,751,684,2437,739,1034,541,2107,1040,939,613,1637,654,799,687
"COG4228",673,12,15,3,1,11,15,62,1,82,12,15,4,60,2,2,25,208,1,5,1,1,1,0,21,1,2,7,4,17,0,45,4,1,2,0,6,3,0,3,22,1,2,0,10,54,2,11,4,2,30,52,12,12,0,0,0,2,56,17,0,12,104,5,5,1,1,27,0,4,7,0,0,3,7,0,0,5,28,3,6,16,6,1,3,4,20,0,41,80,2,2,36,6,0,1,0,1,0,6
"COG4229",0,0,0,0,0,0,1,0,164,4,4,0,2,0,0,12,0,13,0,0,0,0,0,0,0,0,0,10,0,0,8,2,64,0,1,0,0,1,5,0,30,5,0,1,0,8,1,0,10,0,0,11,0,3,4,0,0,0,0,69,5,2,4,0,2,14,0,2,0,6,0,0,0,0,0,0,0,1,2,46,0,0,50,0,15,2,0,0,0,0,0,81,0,2,0,0,0,0,0,0
"COG4230",91,68,167,140,1183,3,36,26,1005,62,103,1,162,10,113,44,22,723,62,83,12,0,8,701,2,0,6,169,68,0,85,108,528,126,4,39,34,24,48,0,184,5,4,6,80,76,13,33,97,9,0,87,21,48,18,10,12,13,37,184,117,4,11,3,90,134,2,17,1,11,1756,29,44,19,12,27,20,6,40,92,76,12,231,32,51,71,25,3,34,12,17,241,5,84,0,6,3,3,77,85
"COG4231",1717,1904,1656,268,950,1984,1263,1238,1083,2173,1164,2057,2182,2556,1954,1429,1705,946,2219,205,2252,2804,2069,115,2171,2644,1783,1371,2119,2159,1814,2335,1942,2210,1598,2737,2439,2131,2218,1863,2514,1007,2309,1915,1651,2269,1732,1076,2262,1610,2406,461,2520,2029,2236,1864,2301,2393,2052,256,386,1873,2837,2166,1488,1407,2623,3005,2027,1127,750,828,2481,1974,1792,1443,1682,2038,2304,617,2044,3081,1856,2052,2047,1661,2633,1666,3168,2164,2131,1836,1779,2116,1758,176,1213,609,1861,1039
"COG4232",730,1764,1214,205,2417,1268,579,1113,1081,1656,1752,1253,1035,1883,1470,2637,1164,1284,2723,2227,1644,2126,2189,1795,2200,1643,1465,1244,1554,1727,1551,1928,1599,1091,1487,1644,1038,1388,1600,1165,1105,2819,1467,1501,1796,1719,1535,971,1272,2855,786,4888,1167,1688,2381,1246,2207,1584,2486,213,341,1827,1618,1241,2089,1986,1959,635,77,2794,1335,2519,1746,1314,814,1029,1327,1442,1852,208,1823,1241,971,814,2390,2069,1848,1121,1526,1365,867,1752,1104,2152,1033,29,2201,2087,1755,2567
"COG4233",546,0,0,7,1,27,44,36,246,116,13,17,1,115,37,56,123,51,31,10,4,38,30,0,20,30,76,77,108,16,14,37,109,1,21,28,0,66,72,28,94,57,77,0,14,120,22,5,23,280,12,25,1,34,174,29,0,39,29,37,2,14,34,11,16,20,8,13,0,0,0,0,20,3,26,19,1,39,12,20,1,2,31,2,10,37,30,34,6,12,15,0,14,35,0,0,4,1,5,8
"COG4235",1088,96,169,138,865,32,58,91,481,294,317,98,306,211,202,43,167,907,171,46,10,65,56,686,27,4,103,335,178,22,26,139,303,194,2,87,75,107,100,37,59,115,145,7,144,349,26,33,241,446,82,146,36,298,76,116,34,128,137,136,185,83,192,53,146,124,54,24,4,21,1432,39,105,47,113,123,52,122,79,53,126,28,80,25,48,67,162,248,84,63,112,34,70,200,1,18,37,15,167,58
"COG4237",17,23,43,25,271,61,12,12,143,38,81,22,68,102,103,2,8,195,80,13,39,47,76,148,72,28,96,64,90,11,59,3,91,42,33,71,43,25,158,122,21,38,108,42,68,54,46,19,177,31,37,66,28,52,44,22,31,68,129,40,47,37,80,21,29,29,5,127,2,35,262,10,62,78,43,93,30,55,76,6,63,55,69,23,71,38,58,23,46,56,28,8,75,99,0,9,43,12,107,56
"COG4238",13,23,52,33,223,1,1,3,22,21,50,1,61,1,43,2,2,245,25,2,1,0,0,202,3,1,0,50,25,0,5,27,57,37,1,9,7,4,14,0,7,1,1,0,28,29,2,11,39,2,0,19,5,18,1,3,10,5,7,3,33,1,1,2,23,35,1,4,0,2,405,0,13,10,1,6,7,6,7,3,43,1,22,4,5,4,13,1,7,5,1,16,0,14,0,2,2,0,38,1
"COG4239",20,42,65,61,843,0,7,5,130,38,80,0,142,15,71,40,9,378,18,0,4,53,0,284,1,39,45,99,45,8,21,45,468,82,9,16,13,12,42,0,55,5,1,4,32,35,209,9,48,5,0,51,11,48,105,7,11,132,39,71,58,2,6,0,47,51,25,52,0,13,636,1,16,9,4,12,11,5,27,53,35,7,79,8,26,39,19,2,20,9,2,121,0,30,1,2,22,2,39,14
"COG4241",11,11,17,3,21,144,21,434,76,150,20,53,12,55,373,105,58,27,94,57,40,31,80,103,52,31,78,23,63,177,81,80,2,53,8,53,59,117,194,283,273,91,94,34,75,49,38,40,304,52,50,76,58,51,58,25,70,234,111,3,0,48,38,52,48,128,94,129,514,39,1,211,72,25,79,97,43,174,112,2,44,36,108,13,68,39,78,41,38,108,103,5,93,154,0,369,56,87,126,59
"COG4242",0,0,11,3,0,0,2,7,114,0,0,15,0,3,1,11,0,2,0,0,0,2,7,0,0,0,0,3,44,6,24,0,2,48,0,0,9,4,2,1,0,0,5,0,0,1,0,1,0,4,8,0,0,0,0,0,1,0,1,0,1,0,4,4,17,1,4,106,0,5,0,13,0,6,0,0,0,0,3,31,0,0,2,2,1,0,1,0,0,0,0,0,0,0,1,0,0,0,1,0
"COG4243",0,10,48,56,153,0,2,95,0,0,0,158,0,0,51,0,42,0,0,2,0,1,1,252,4,0,0,0,12,130,1,0,1,0,0,0,0,1,0,0,8,0,0,0,1,0,1,0,1,0,0,14,0,3,0,0,0,7,56,43,1319,0,2,2,0,0,6,27,634,0,0,0,0,80,1,0,0,0,9,343,0,0,0,12,0,0,0,3,0,13,0,0,0,2,2,569,0,16,3,0
"COG4245",13,23,37,50,562,35,58,5,1157,27,73,91,66,76,32,60,150,349,23,702,82,8,566,2209,39,91,39,61,89,11,7,74,232,95,94,581,5,5,194,52,271,24,2,3,47,592,7,53,54,270,206,23,17,108,121,36,18,1127,47,4,67,968,89,36,57,90,170,18,94,3208,318,18,8,20,22,5,18,23,6,18,200,60,361,33,15,1282,17,11,27,100,2,72,34,261,0,0,2657,5,53,1738
"COG4248",27,74,143,116,1183,42,42,13,21,75,174,25,263,149,122,64,9,814,71,4,67,5,9,444,41,118,66,163,85,16,7,82,509,307,194,34,26,23,65,24,2,6,4,9,95,478,11,62,155,213,43,66,51,59,160,35,37,228,117,10,129,81,13,76,81,82,556,41,247,10,1064,28,30,20,12,20,49,11,28,6,195,75,33,72,19,223,26,4,34,22,2,82,27,60,0,2,93,2,77,68
"COG4249",3,69,274,2,52,211,272,6,105,118,884,598,4,109,226,1421,101,19,15,477,1677,182,706,81,595,226,124,49,423,412,60,196,372,128,460,34,321,279,96,710,66,216,37,190,84,16,767,77,157,1709,459,640,82,752,605,100,143,180,451,2,23,83,100,380,798,126,1471,500,52,722,0,75,139,654,30,89,1319,98,348,138,224,465,247,105,72,1201,131,1022,81,347,67,379,87,382,2,1,82,151,1,2243
"COG4251",0,71,0,0,1,0,5,1,0,0,55,0,0,7,0,40,0,0,0,0,0,6,0,0,0,20,0,27,0,1,0,34,2,0,0,0,0,0,0,91,0,0,0,0,2,17,1,0,4,0,2,0,0,0,2,14,0,5,12,0,4,4,105,0,0,1,21,0,0,0,0,0,14,0,8,1,1,0,2,0,0,94,18,0,0,2,0,0,0,3,0,0,1,0,0,3,2,0,0,1
"COG4252",6,22,34,0,0,0,25,1,2,2,3,1,7,0,0,81,0,11,26,1,8,4,46,1,0,3,1,20,6,9,3,38,1,3,1,11,12,38,1,4,6,1,10,3,23,6,0,1,0,67,354,1,1,2,140,12,2,2,4,1,0,6,4,4,1,6,123,575,1,1,163,0,18,3,1,1,6,2,177,0,1,509,1,28,5,40,18,6,1,11,19,68,2,6,1,5,5,2,160,88
"COG4253",0,1,4,32,1,1,3,1,178,9,18,0,1,2,79,58,14,101,1,4,0,0,2,0,0,0,2,11,2,3,29,147,2,23,3,1,3,25,21,1,188,10,1,4,31,14,3,0,161,5,0,3,1,10,27,4,2,1,37,256,11,3,21,2,6,234,0,4,0,14,91,2,0,0,5,4,0,0,15,33,0,0,182,1,20,12,0,1,6,1,3,6,0,13,0,0,1,3,6,20
"COG4256",7,8,12,8,95,0,1,1,63,7,18,0,29,0,16,10,2,54,15,1,0,0,1,54,0,1,0,12,7,0,1,9,27,28,0,0,3,6,6,0,17,3,0,0,14,7,1,2,27,2,0,6,0,13,0,4,3,1,3,14,23,1,1,0,16,18,0,0,0,2,99,1,3,1,1,2,7,3,3,15,10,1,27,4,8,2,6,1,3,2,0,19,0,3,0,0,0,0,7,4
"COG4258",764,4,5,3,0,19,24,74,412,176,27,27,0,354,116,1069,70,20,34,27,3,47,1,0,39,79,2,30,91,31,17,0,3,61,3,7,1,1,35,0,15,76,72,2,12,133,15,2,50,177,2,21,10,44,59,2,0,24,144,54,0,1,42,24,5,25,10,19,1,0,0,9,0,3,18,13,1,0,6,33,4,11,3,1,9,7,3,40,22,29,21,60,10,94,0,1,8,24,4,14
"COG4260",1553,799,776,1227,661,1250,1939,1380,772,254,663,727,895,1188,1151,1736,999,900,120,326,682,971,1544,1221,846,1621,1290,1240,819,1602,1153,132,1136,1878,1450,360,660,338,800,906,1301,222,335,1198,935,59,668,975,843,217,1822,176,1054,405,858,828,182,1023,899,927,1240,929,962,1320,753,350,1343,2935,2080,277,179,584,191,717,938,1349,916,1469,300,1622,356,995,1845,1165,311,1497,150,578,819,812,1556,597,2389,565,740,589,544,713,387,1096
"COG4261",487,369,516,129,132,183,72,42,528,654,210,305,799,620,387,485,172,151,499,166,341,302,297,11,289,151,70,114,233,30,434,414,235,114,89,469,398,1220,341,355,166,202,295,150,501,1135,182,178,401,430,143,66,594,418,510,569,875,190,392,129,62,419,657,72,156,604,48,84,229,281,3,343,487,276,660,385,412,347,313,74,517,388,134,613,241,204,760,653,734,570,600,217,345,717,896,32,285,45,656,83
"COG4262",9,24,48,99,1,0,0,0,0,15,2,0,2,0,2,0,0,0,46,0,2,2,0,0,3,0,3,3,3,0,9,85,2,0,1,11,10,11,8,0,11,2,15,0,19,29,0,0,11,97,43,1,1,6,4,1,11,4,0,1,0,1,3,0,0,7,19,0,0,2,296,0,52,4,0,6,16,0,0,0,0,0,1,3,2,0,43,0,1,7,5,88,1,6,1,5,3,0,214,0
"COG4263",0,0,0,0,0,1,0,0,0,0,0,50,0,14,0,0,0,0,6,0,0,0,28,0,0,0,22,0,0,13,0,40,0,0,0,45,0,0,1,53,0,0,0,0,0,1,0,0,0,0,0,0,0,0,114,10,0,32,4,0,0,0,6,12,55,19,1,0,0,0,0,0,81,0,0,0,0,0,0,12,0,0,0,0,12,0,160,0,0,0,0,0,48,115,0,0,0,3,22,0
"COG4264",113,21,2,49,2596,1,4,2,920,2,2,0,11,3,679,2,8,1159,51,0,2,0,0,0,1,1,0,233,12,0,5,298,6,352,3,3,3,4,187,0,273,10,0,3,98,68,0,5,45,34,0,16,13,2,25,0,6,4,66,3,204,0,9,0,11,180,0,28,0,22,6485,2,1,1,0,1,19,5,117,56,233,5,276,46,22,19,7,0,30,14,3,325,2,19,0,17,1,1,475,26
"COG4267",469,268,598,1522,169,174,1106,201,283,36,154,196,219,176,147,31,290,333,56,112,307,186,152,499,89,261,188,449,336,302,245,40,136,52,250,69,37,91,154,181,275,22,109,388,60,87,108,156,104,48,312,101,215,320,324,323,15,197,47,501,1153,287,120,357,119,61,234,217,1726,362,0,116,100,423,249,1279,50,87,126,1107,53,138,114,220,46,486,55,391,208,269,231,65,244,208,372,1387,122,187,539,429
"COG4268",64,204,399,127,743,624,730,1383,865,165,138,763,152,214,1526,4411,155,738,527,551,774,237,300,1189,283,744,1137,873,161,273,741,250,531,279,530,62,149,297,289,481,210,1654,248,250,510,179,618,2917,326,266,696,12,320,157,498,197,218,449,723,773,447,381,908,824,165,515,433,930,68,122,150,1412,304,736,337,235,533,585,262,567,734,283,600,472,189,1237,100,782,144,129,407,8,217,139,400,1141,387,709,88,1672
"COG4269",73,85,122,134,963,2,7,13,9,57,239,4,187,2,208,3,4,774,121,7,6,1,0,438,8,1,1,157,91,0,14,94,198,166,2,28,31,26,61,0,3,11,4,5,123,94,5,30,131,8,0,56,19,87,0,13,44,19,14,3,175,5,10,1,77,64,2,10,0,9,1329,0,11,34,2,21,37,14,26,3,145,9,16,15,20,9,40,10,26,14,9,31,1,51,0,7,6,1,160,0
"COG4271",1,246,19,481,42,88,94,137,508,1,7,13,133,37,37,212,140,77,30,1830,8,48,124,7,210,253,84,106,51,64,9,29,72,365,35,4,10,46,188,230,91,76,42,89,30,32,30,137,119,856,292,13,23,3,13,442,10,975,156,9,46,490,258,230,82,261,27,110,0,56,201,2,28,385,86,37,532,67,0,435,5,17,558,20,96,80,106,89,12,1,116,652,80,24,65,0,29,37,0,57
"COG4277",1912,2110,1037,216,633,1653,1703,1325,1199,1297,1696,2069,1658,1824,1136,616,2060,1151,1650,465,1758,2160,1141,301,2136,1815,1278,2377,2298,1948,1596,1618,1428,1206,1963,1477,2101,1493,1227,1222,962,1141,1518,2496,1891,1216,1515,1972,1296,1125,1807,421,1867,1357,1774,1651,1508,1531,1559,471,541,1719,1876,1574,1254,1479,992,1162,1314,951,578,731,1630,1449,1420,2329,1477,1498,1566,1519,1651,1885,1251,2130,1770,1615,1785,1992,1978,1904,1738,1631,1445,1405,1608,579,1069,667,1154,1155
"COG4279",1130,2,1,24,251,1,185,28,90,251,65,31,0,259,69,134,270,55,26,14,0,110,12,41,24,3,17,4,172,52,11,5,195,57,43,0,0,0,60,21,31,81,78,3,23,168,198,6,90,311,20,28,14,233,1,16,6,53,133,1,2,13,160,43,31,5,485,46,136,1167,3,0,14,4,103,5,3,5,35,0,35,8,50,0,5,2,1,195,26,32,107,0,23,6,99,8,47,21,0,1
"COG4282",0,0,0,0,0,1,0,0,17,0,0,2,35,4,8,0,4,0,0,2,4,6,2,0,1,2,0,0,0,2,0,0,0,6,0,0,17,0,345,0,1,0,1,29,7,0,3,0,2,12,21,0,1,0,0,15,10,0,3,0,0,6,2,2,2,2,3,12,1,4,51,0,26,20,0,1,0,4,0,0,0,0,9,1,3,0,0,4,0,295,0,0,6,0,1,0,0,5,0,0
"COG4283",1485,210,435,540,555,475,744,176,188,20,174,353,169,154,295,178,142,398,19,323,171,76,95,65,137,354,307,360,307,442,110,71,96,582,318,96,189,92,201,288,755,90,155,305,75,52,145,717,927,140,245,17,425,93,314,297,115,197,89,427,72,147,422,425,199,238,275,232,10,114,69,65,58,251,142,481,51,219,95,644,170,135,465,254,116,631,90,257,160,59,167,89,220,113,350,86,172,246,26,498
"COG4284",975,543,110,127,856,1075,483,479,501,2,292,758,367,492,344,360,587,378,20,240,454,394,596,485,387,814,593,1061,318,793,200,0,841,1762,457,116,390,210,307,682,135,124,222,666,34,2,561,1346,254,211,1080,59,532,141,318,511,10,706,232,161,2354,194,769,1578,993,50,1186,351,1488,197,0,125,81,205,455,65,665,2160,357,721,188,805,2265,768,123,1025,42,605,283,90,800,27,1955,297,584,1028,348,311,11,1280
"COG4286",185,348,49,1,28,439,775,264,400,154,187,194,584,395,150,576,591,612,3,295,375,213,303,182,286,333,223,630,230,225,296,6,273,97,253,145,99,141,163,220,157,74,191,377,271,0,244,1172,157,180,233,4,457,154,231,352,50,287,147,108,4,276,352,403,215,131,469,124,290,240,0,211,144,320,429,793,7,581,275,793,132,381,201,682,106,540,60,524,372,167,162,7,1375,218,357,197,139,386,0,453
"COG4288",115,24,48,0,1,6,1,0,42,5,22,0,10,0,1,8,1,4,13,0,1,34,1,0,5,0,3,1,3,6,22,14,13,22,2,8,11,5,29,1,5,6,5,7,3,3,33,5,14,9,1,5,42,4,8,8,5,41,4,6,54,1,2,5,0,2,2,44,17,17,8,4,14,14,2,21,3,4,13,17,2,2,12,15,1,2,10,4,20,10,7,1,0,1,13,11,2,0,27,3
"COG4289",158,1475,2214,191,302,1402,727,123,817,2470,2362,2737,2901,2089,1724,1054,1529,1322,3069,234,3065,1826,1369,108,2108,2287,1648,1407,1240,966,3179,2878,2211,1853,3109,4537,2300,4330,1245,990,1523,1423,2025,1222,2100,3096,2215,935,1103,1306,1674,796,2200,2406,2398,2721,2513,1345,1324,176,242,3439,3791,1086,1035,3159,944,1070,466,1421,320,742,3606,2188,3128,2591,2550,824,3211,297,4965,3761,818,1751,2672,1280,3025,1316,2529,2212,2252,3141,1713,1545,1758,424,2474,582,4237,845
"COG4290",0,0,1,0,0,0,0,28,2,0,0,10,0,2,0,0,11,2,0,5,0,0,0,0,18,0,0,3,0,6,0,0,1,1,0,0,0,0,2,0,1,0,0,0,0,0,0,3,0,0,1,18,5,0,0,0,0,0,0,0,0,5,3,2,4,0,7,8,0,2,0,0,0,0,0,0,0,0,0,0,3,5,0,0,0,0,0,1,28,24,0,0,22,0,0,0,0,0,0,0
"COG4292",4,13,34,3,22,133,11,347,47,269,188,94,107,33,11,6,12,25,768,17,6,24,74,0,188,3,26,67,12,11,30,238,12,46,60,95,83,123,45,5,61,4,14,44,9,4,2,53,5,80,36,14,17,226,125,65,944,4,108,631,91,8,31,23,20,26,6,27,110,39,0,9,1,114,108,103,4,34,363,20,2,5,37,36,33,6,193,64,21,93,225,110,17,12,343,28,62,8,53,0
"COG4294",4,8,35,40,24,0,25,3,207,1,2,17,3,5,2,29,1,18,6,6,0,4,59,0,70,17,37,1,60,8,19,8,16,31,15,1,7,4,4,109,7,3,0,3,0,3,12,2,4,0,42,0,3,3,3,2,19,30,1,0,11,6,6,131,32,6,180,5,2,21,9,19,0,4,0,8,5,49,4,149,1,8,138,7,2,130,3,1,3,1,2,0,627,1,26,1,58,0,6,138
"COG4295",1288,54,112,0,111,515,397,688,63,389,141,127,38,112,112,335,67,175,25,331,106,273,573,104,166,270,342,233,245,343,32,36,299,61,158,58,159,420,241,279,432,574,169,61,26,12,510,734,231,132,480,22,59,21,241,156,47,236,20,534,23,139,147,300,190,333,918,54,272,1025,160,47,39,342,208,69,361,152,0,857,83,59,58,289,98,313,33,313,29,222,70,164,80,62,285,75,533,1234,92,153
"COG4296",109,129,83,25,70,309,15,220,82,141,78,80,304,229,121,39,510,89,17,107,142,228,98,51,104,253,124,52,121,31,180,36,246,128,59,196,143,59,439,157,234,105,161,98,28,152,59,140,224,183,253,2,148,159,346,235,30,220,74,49,28,78,346,187,345,52,82,94,109,97,473,135,355,433,154,1068,74,161,115,169,64,340,106,290,71,91,85,617,95,66,40,9,598,49,68,99,52,35,44,68
"COG4299",191,2889,2226,133,1138,1387,343,381,797,2491,1285,2044,1617,2021,1357,1323,2334,879,3500,181,3151,1832,888,679,2251,1027,795,1029,2242,891,2139,3013,1461,1110,1671,2903,3506,4497,1653,1398,1444,1971,1762,2052,2724,1983,1792,841,1180,1560,1269,375,1831,2925,2464,1856,3722,1072,1839,28,204,2229,2190,943,1821,1228,510,571,221,2229,10,2304,3165,1910,1935,1302,1987,1860,2847,104,3452,2006,507,1287,4145,1589,3406,2702,2439,3151,1861,4671,1841,2326,1998,60,1510,347,2440,1308
"COG4300",17,21,19,16,29,0,21,383,246,2,45,4,4,3,0,1,1,3,12,18,8,0,2,1,1,0,4,13,3,10,10,32,0,3,12,6,4,7,4,0,9,2,6,4,5,6,2,4,5,50,3,17,2,7,3,6,6,2,1,659,8,4,9,24,9,10,0,2,76,2,107,2,8,5,3,2,5,0,8,157,0,1,8,2,9,8,11,0,2,2,9,52,2,0,2,18,4,3,107,22
"COG4302",39,203,195,105,302,34,11,6,282,79,108,94,164,33,70,37,75,355,41,15,48,130,15,245,65,26,126,91,110,41,34,72,184,206,167,82,112,25,202,57,689,40,53,42,46,139,25,42,248,83,49,65,57,84,65,24,44,84,39,7,97,31,52,19,61,93,98,395,0,32,573,16,83,220,52,129,112,220,86,31,133,33,223,33,75,12,177,37,100,89,18,28,45,102,37,12,15,41,79,16
"COG4303",45,315,263,145,640,57,24,23,389,127,179,178,228,66,137,74,136,570,79,24,77,211,28,384,113,49,373,165,152,60,35,93,302,355,353,93,187,40,224,109,1308,55,76,43,64,185,40,90,439,123,144,70,81,143,102,62,73,131,59,29,109,86,80,44,107,167,177,648,20,40,926,23,128,317,84,165,153,397,123,42,209,52,400,72,137,37,278,43,122,124,25,36,78,156,38,36,24,56,105,31
"COG4310",0,2,0,0,0,0,0,0,0,1,1,0,0,16,0,0,0,1,116,0,0,0,0,0,416,9,0,11,0,0,254,2,2,37,300,22,0,0,9,0,21,0,234,1,205,46,12,1,200,0,0,39,0,0,437,1,0,7,4,0,112,13,34,0,38,5,0,0,0,0,0,0,0,2,7,0,0,18,2,0,0,23,2,8,248,163,23,190,0,0,4,1,0,0,0,0,6,1,0,354
"COG4314",347,0,0,0,0,1,1,3,38,57,0,21,0,65,22,24,23,6,3,0,0,16,15,0,0,0,17,17,43,5,0,6,0,0,0,6,14,15,14,16,9,21,15,0,9,48,13,0,14,14,6,0,0,32,13,7,0,4,11,0,0,6,15,5,4,1,2,0,0,0,0,0,9,0,14,7,0,4,3,2,0,1,2,0,2,6,14,22,0,0,11,0,7,6,0,2,0,3,4,1
"COG4316",10,1,0,2,0,0,9,6,322,0,1,0,2,2,0,0,0,8,0,16,0,0,2,0,2,0,1,2,0,0,7,0,0,0,0,0,4,6,2,0,21,2,0,1,0,11,0,0,2,1,0,0,1,1,0,1,0,1,0,60,1,0,1,2,9,4,0,1,1,1,0,2,1,2,1,0,1,0,1,9,0,0,2,0,10,9,0,0,2,0,7,0,0,0,0,0,0,1,1,8
"COG4319",0,0,0,5,0,0,1,0,90,2,4,0,1,0,0,13,2,15,0,0,0,0,0,0,1,0,0,6,2,0,1,2,49,0,1,0,0,0,5,0,27,2,0,0,2,5,0,0,4,0,0,0,0,9,1,0,0,0,0,0,0,0,0,0,0,1,0,0,0,0,0,0,0,0,0,2,0,0,1,1,0,0,9,0,1,1,0,0,0,0,0,0,0,0,0,0,0,0,0,1
"COG4320",1,3,4,112,102,3,3,763,2,0,2,237,0,0,57,0,3,0,4,1,0,0,0,65,9,1,0,1,43,132,2,0,3,1,0,2,3,0,0,2,4,0,3,0,1,0,1,0,0,10,0,51,0,2,0,2,0,20,93,13,933,0,3,1,0,3,5,20,1224,1,0,0,0,97,1,0,0,0,0,533,1,0,7,0,7,6,0,0,0,0,2,0,3,4,9,5,0,6,0,0
"COG4325",0,11,0,38,3,0,1,7,0,27,33,5,1,1,6,4,0,368,6,6,5,0,0,1,2,0,0,83,63,0,20,1,1,1,5,19,4,16,19,6,9,0,3,3,34,67,7,36,0,0,0,36,16,35,0,15,30,11,0,73,1,1,6,0,58,3,3,1,0,4,0,1,28,10,0,7,10,3,11,37,28,4,8,0,19,3,29,6,15,0,1,2,0,21,0,1,89,3,0,0
"COG4330",317,2,0,39,13,1,0,134,2,0,0,1,0,0,1,0,0,0,13,0,0,1,0,7,0,0,1,0,4,0,1,4,1,1,2,0,1,2,0,1,10,1,1,1,0,1,0,1,22,12,0,0,3,1,2,0,11,0,1,323,5,0,1,0,0,5,0,3,53,2,4,0,0,1,0,7,0,0,4,10,0,0,6,1,0,0,1,0,0,0,0,0,0,1,33,0,0,0,0,0
"COG4332",11,91,138,9,26,106,1,5,39,174,81,59,88,21,124,6,7,56,549,8,363,51,115,1,184,33,58,28,9,4,107,154,64,62,42,235,70,104,47,22,122,27,37,48,75,283,10,73,66,168,76,4,89,215,283,146,557,6,39,1,6,17,174,18,13,24,16,18,0,34,194,8,72,83,89,63,362,50,265,12,262,49,41,13,78,16,169,21,93,54,128,399,80,12,201,4,95,4,700,26
"COG4333",5,26,4,249,12,152,211,97,94,69,11,375,148,187,83,67,178,130,0,74,142,225,101,19,138,116,221,161,140,121,106,236,195,178,196,69,27,151,143,101,85,26,107,164,203,1,131,96,91,30,242,7,160,45,180,210,198,165,115,133,16,300,70,152,150,42,89,203,9,26,0,127,94,332,148,626,245,169,103,187,49,82,186,374,28,122,66,217,178,9,104,54,101,34,39,99,60,98,312,129
"COG4335",8,25,285,12,50,82,4,10,10,184,96,87,83,101,44,4,12,52,573,10,70,33,107,0,142,21,46,37,20,11,178,276,21,49,28,343,91,101,44,27,61,25,32,53,147,216,4,54,55,154,38,2,108,175,90,94,676,11,145,3,4,42,154,25,12,42,10,20,2,25,250,7,56,156,87,84,310,85,341,8,272,68,19,22,80,9,183,17,107,81,111,198,36,39,382,4,34,6,843,10
"COG4336",1,26,30,882,99,105,78,46,27,31,76,105,53,135,108,70,84,49,41,18,63,116,51,30,76,58,136,53,94,241,261,80,94,63,331,37,35,16,96,104,620,25,46,51,31,27,120,44,285,22,78,23,70,64,117,73,4,196,34,14,626,58,40,60,76,47,195,258,57,20,82,21,56,255,86,62,38,251,10,25,60,157,151,74,69,22,18,24,41,34,33,6,86,36,45,37,39,47,13,71
"COG4354",101,2387,913,0,206,506,291,45,273,908,321,2127,706,1503,1228,137,875,443,722,63,830,2488,407,6,2447,804,1196,767,1623,132,1527,934,808,747,1344,1562,3150,237,1593,370,453,684,2511,3043,1050,447,2136,614,1080,568,1421,59,899,1820,2132,1819,1378,651,290,115,295,1287,524,417,1475,424,282,234,5,582,83,371,2681,1134,1258,868,5050,309,899,50,1957,2039,1010,136,2566,1296,888,2274,1158,1158,888,2180,2377,460,1098,17,533,74,235,885
"COG4357",0,2,27,151,0,0,20,7,12,3,3,1,0,1,1,0,10,6,3,0,0,0,3,0,2,0,1,3,1,3,1,2,2,1,3,0,2,6,0,4,1,0,2,7,0,0,2,3,2,0,3,2,12,23,6,2,0,2,1,160,5,10,22,5,2,6,3,2,32,1,0,10,1,12,5,30,9,7,11,23,0,2,4,24,0,1,2,11,8,15,15,3,6,1,31,1,5,14,0,4
"COG4359",0,8,2,0,0,2,0,0,0,13,7,0,0,2,0,0,9,1,2,0,0,0,2,0,5,7,43,3,0,1,0,0,3,2,5,2,9,3,7,7,0,0,0,1,2,2,2,1,9,4,0,0,8,3,62,5,4,24,0,0,0,0,5,1,0,5,5,2,0,0,0,0,0,0,2,6,4,11,0,0,3,1,1,1,2,19,7,2,9,0,2,3,9,4,0,2,3,0,0,0
"COG4372",217,69,7,44,11,275,33,443,77,371,19,96,15,46,361,128,52,16,27,72,20,12,29,333,21,11,14,10,30,292,28,181,1,29,12,76,69,253,124,287,315,194,61,52,36,17,104,45,173,247,9,20,36,46,23,20,67,275,104,169,47,37,17,130,91,413,67,191,637,56,0,536,20,5,297,29,20,290,37,17,16,23,146,7,119,29,38,11,20,51,309,3,124,187,0,1761,24,315,52,24
"COG4373",0,0,0,0,0,0,0,1,35,0,0,0,0,32,0,0,0,1,118,0,5,82,0,0,6,2,5,1,0,0,0,0,2,3,10,0,0,0,32,7,0,0,18,1,14,4,0,2,6,7,0,0,3,7,0,3,1,0,0,6,0,1,0,0,1,7,9,29,0,1,0,0,0,0,1,9,1,0,0,0,6,7,0,0,0,7,0,0,14,18,0,7,0,189,0,2,1,4,0,4
"COG4377",869,120,109,572,16,384,435,248,540,24,178,296,318,260,134,116,163,323,27,56,330,333,453,40,136,439,412,515,449,330,238,27,332,137,182,67,234,171,291,205,116,69,187,219,31,163,113,386,92,77,393,18,238,74,269,233,56,289,63,546,123,201,310,197,298,42,150,195,49,76,81,125,99,190,109,95,1016,49,128,258,33,196,194,499,36,529,44,171,183,77,527,66,126,158,148,61,248,168,29,244
"COG4379",570,28,10,7,3,45,31,40,2,111,16,17,4,49,6,0,88,297,0,1,7,17,1,0,16,1,6,14,13,10,6,58,3,101,4,0,6,7,1,13,23,9,29,7,39,93,0,11,6,26,23,96,21,13,0,2,0,5,34,8,0,20,90,6,13,2,8,35,1,7,16,0,4,4,52,0,4,8,25,15,17,24,11,0,3,19,19,1,33,81,0,17,25,9,0,2,0,1,0,13
"COG4380",0,0,0,0,0,0,59,0,0,0,0,0,0,0,0,123,0,0,0,0,0,93,287,0,44,0,0,0,2,352,0,0,0,0,0,0,0,0,0,69,18,0,0,0,0,0,0,1,17,0,0,131,0,0,0,0,0,0,3,0,0,1,0,281,52,40,0,0,0,39,0,0,0,1,0,0,0,0,0,0,0,0,0,0,0,1,0,0,0,0,1,0,10,0,4,0,0,0,0,1
"COG4381",119,6,0,3,0,15,16,1,0,53,0,1,3,24,1,1,0,117,0,0,1,11,1,0,0,0,0,7,3,0,2,35,0,0,0,0,2,1,0,0,8,4,22,1,16,65,1,0,0,10,16,27,0,3,0,0,0,2,43,0,1,3,1,1,3,0,0,0,0,1,14,0,1,1,19,0,0,1,10,0,3,2,4,0,3,5,10,0,1,5,1,0,0,2,0,0,0,1,0,1
"COG4382",0,0,0,0,0,0,0,0,15,0,7,0,0,14,0,0,0,0,0,1,1,2,3,1,1,0,3,0,0,9,0,0,0,2,6,5,0,1,15,12,10,0,0,0,18,4,6,0,1,10,0,0,0,1,0,0,0,0,1,10,0,2,0,0,0,16,5,3,0,0,0,1,2,0,9,0,0,14,0,0,4,1,1,1,0,0,0,0,2,8,0,3,8,54,0,3,3,0,0,2
"COG4383",8,43,53,0,39,126,55,2,77,1402,143,187,1535,179,26,47,75,228,91,95,204,553,108,5,116,294,127,34,138,151,495,186,125,173,185,664,1097,196,301,386,160,251,120,435,535,453,2197,790,133,122,260,587,189,185,8,189,90,86,913,28,2,39,301,392,42,70,64,173,0,290,72,1964,425,311,50,11,1082,118,1280,4,924,663,246,204,85,68,149,668,344,39,186,100,1627,618,73,14,423,47,117,53
"COG4384",300,11,4,6,4,12,8,30,2,55,0,10,3,43,3,0,41,155,0,1,4,10,1,0,10,0,2,8,5,8,1,46,3,1,6,0,3,0,3,8,19,5,19,2,12,54,5,8,15,10,2,51,9,3,0,0,0,3,8,0,0,13,49,1,8,0,2,18,1,1,14,0,0,4,41,0,0,4,17,2,12,14,2,1,2,9,15,0,23,53,2,4,32,1,0,0,0,3,0,1
"COG4385",40,145,51,66,1359,191,46,3,53,75,89,49,356,82,471,66,24,101,37,4,65,34,177,243,19,100,14,166,141,31,71,85,121,278,32,28,63,10,38,23,18,26,92,216,116,143,55,17,261,148,83,94,89,36,250,197,54,103,150,51,152,116,370,126,39,45,123,1757,1,11,231,3,83,59,55,867,29,77,141,8,5,16,231,14,98,104,101,229,126,100,92,104,46,99,2,24,43,8,48,53
"COG4386",881,53,39,12,5,33,38,4,1,207,12,26,8,165,16,15,87,98,0,8,10,34,4,2,30,4,12,14,10,17,7,64,11,7,24,15,9,9,27,18,11,5,14,8,24,126,10,22,24,44,60,63,26,23,8,7,0,16,68,21,4,27,119,10,19,7,4,40,2,9,27,0,2,80,19,15,9,21,43,9,18,35,18,6,14,20,35,4,69,112,8,8,36,17,10,7,3,4,7,19
"COG4387",2,17,1,0,2,3,0,0,0,12,11,0,0,15,0,0,13,9,32,0,7,1,4,0,5,73,4,1,1,5,0,0,5,4,7,5,7,5,6,11,2,2,0,1,7,1,2,3,9,6,0,0,1,1,0,2,0,0,0,0,0,2,0,0,0,3,1,4,0,0,1,0,3,0,1,2,2,8,38,0,2,6,1,1,0,0,5,1,5,0,0,2,1,29,0,4,3,0,12,0
"COG4388",0,35,4,0,5,2,3,1,7,4,12,14,10,146,7,5,12,15,5,61,8,12,12,0,23,102,19,207,6,4,11,1,3,23,38,4,14,6,104,150,20,11,79,176,2,2,5,4,140,96,48,0,8,30,16,44,15,10,12,1,66,155,53,53,5,6,8,103,0,7,47,0,4,111,4,16,9,12,189,0,9,18,168,62,2,18,18,3,11,0,1,19,12,140,1,25,10,14,5,50
"COG4389",35,5,0,1,1,0,19,9,370,0,18,0,9,2,0,1,2,1,0,31,6,0,6,0,1,3,2,9,1,0,14,0,0,0,0,0,10,24,0,0,0,0,0,0,0,2,6,1,0,0,0,3,1,2,0,3,0,0,0,72,1,0,4,3,17,11,1,1,1,3,0,15,2,1,0,0,0,0,0,8,0,4,1,0,5,17,0,0,2,0,17,0,0,0,0,2,2,1,0,39
"COG4390",5,0,0,0,0,0,9,0,177,2,1,0,0,2,0,0,0,0,0,8,1,0,1,0,0,1,0,3,0,0,4,0,0,0,0,0,3,5,0,0,0,1,0,0,0,0,1,0,0,0,0,0,0,1,1,0,0,0,0,12,2,0,0,0,6,0,0,0,2,2,0,2,0,0,0,0,0,0,0,1,1,0,0,0,1,2,0,0,0,0,3,0,0,0,0,0,0,0,0,11
"COG4392",442,3,17,18,13,4,19,2,25,0,8,0,1,28,2,1,5,20,2,5,1,1,6,3,16,15,2,10,7,1,5,3,0,2,51,0,5,1,13,17,37,0,7,3,5,2,5,1,13,34,3,8,4,9,3,6,3,4,3,526,15,3,1,9,4,2,12,10,12,2,39,0,3,13,13,1,1,12,3,7,1,4,9,1,2,18,1,0,3,0,3,0,9,1,0,10,3,16,13,8
"COG4393",102,85,69,111,372,9,55,222,222,2,16,251,19,9,111,2,59,3,23,22,6,1,8,327,13,1,1,8,41,250,52,0,2,11,0,1,46,11,0,0,17,0,0,1,32,1,5,7,169,16,1,47,4,7,2,0,1,16,113,127,2266,1,6,13,8,5,11,52,1076,3,87,6,1,143,6,34,43,3,47,624,80,3,1,36,3,17,0,5,17,41,18,12,4,109,2,1058,1,17,201,16
"COG4394",331,26,0,0,0,22,24,52,198,56,2,43,0,65,24,705,88,8,11,19,4,23,12,0,22,0,45,23,33,14,0,10,0,6,1,65,35,35,20,23,10,48,201,0,6,115,12,5,13,130,34,38,6,147,34,41,16,33,40,18,0,25,69,16,17,55,22,22,0,66,0,3,19,3,54,21,28,46,24,18,11,17,4,9,8,13,114,83,53,84,39,165,37,110,1,3,74,1,244,17
"COG4395",423,15,1,0,0,36,32,47,45,108,20,31,0,76,27,7,93,8,12,14,3,33,5,1,37,37,131,29,29,18,2,18,25,17,17,28,21,34,22,197,13,46,63,5,7,85,11,4,40,163,90,41,16,75,120,57,7,136,55,0,0,44,99,75,6,15,70,32,0,4,0,6,21,9,63,33,8,66,16,25,9,18,4,9,8,34,67,88,36,45,47,6,46,80,0,8,33,1,7,23
"COG4396",0,44,0,0,0,36,0,0,15,4,1,5,0,51,16,7,0,0,0,0,9,17,10,0,29,11,15,0,1,5,15,1,0,30,10,17,8,0,75,122,2,6,27,124,7,2,12,1,127,1,21,0,13,2,25,31,3,12,21,12,0,2,1,4,10,4,13,95,0,0,43,0,11,93,2,12,0,34,0,0,1,0,164,6,1,7,0,0,3,1,0,0,1,68,0,0,0,5,1,16
"COG4397",2,49,5,0,3,4,1,0,11,27,16,16,2,92,10,4,27,19,65,53,14,10,17,3,29,167,16,164,3,7,18,5,22,14,44,6,36,11,55,73,13,10,171,106,22,5,12,4,64,101,37,0,15,55,8,28,27,13,8,0,52,123,36,48,1,16,15,51,0,3,67,2,17,47,7,34,21,33,103,0,8,26,59,48,7,21,65,2,25,0,1,11,20,202,22,23,13,13,107,32
"COG4399",35,22,25,56,4,4,22,1,312,0,12,9,10,16,6,27,7,27,0,6,9,41,17,3,8,2,9,23,15,1,7,9,7,23,3,51,45,4,1,6,20,24,153,2,1,58,4,9,5,1,4,0,3,23,0,2,11,1,35,10,0,4,2,4,2,15,2,1,0,27,0,6,55,4,7,8,4,2,3,17,2,0,0,16,0,5,29,2,0,7,1,43,2,22,0,2,14,6,40,5
"COG4401",1,0,42,0,5,119,7,3,122,169,2,7,7,7,32,5,3,9,0,2,11,8,0,112,1,17,3,1,6,33,1,4,5,11,35,18,18,106,1,55,7,39,10,9,5,0,26,4,2,53,4,1,1,3,27,3,23,5,1,1,2,12,3,48,9,156,1,7,59,1,0,252,0,4,129,23,0,40,0,48,0,3,6,11,39,18,3,9,0,2,89,0,1,44,5,669,3,94,0,11
"COG4403",1,357,753,2064,29,32,520,126,726,517,192,113,50,43,30,71,755,323,118,116,96,119,991,1656,116,291,145,37,156,98,79,109,62,150,56,51,61,143,486,194,154,19,32,68,223,166,32,2037,150,161,14,55,155,303,406,94,46,33,21,930,347,33,101,356,44,152,34,81,103,82,685,84,1,741,618,354,306,1158,44,255,21,182,237,683,380,23,196,150,54,174,69,24,302,45,2193,450,21,213,312,40
"COG4405",4,51,98,66,97,36,35,224,176,20,30,30,25,14,157,46,44,100,176,9,101,18,25,24,78,48,15,137,25,71,14,4,84,213,27,21,48,11,27,18,23,12,10,16,60,95,10,8,37,37,26,50,3,169,26,22,7,24,53,597,623,11,59,16,18,22,43,58,16,8,13,14,45,54,45,20,39,50,4,268,167,11,105,45,21,45,27,2,4,8,34,90,55,30,27,3,15,10,92,54
"COG4408",13,24,3,0,0,0,0,3,42,0,1,0,0,0,0,0,0,0,0,0,1,0,0,0,0,0,0,0,0,0,0,0,0,0,0,47,23,0,0,0,0,4,53,0,0,40,3,5,0,0,0,6,0,11,0,0,17,0,0,0,0,0,0,0,0,39,0,0,0,0,0,0,0,0,1,0,19,1,2,0,3,0,0,1,0,0,70,4,2,21,7,0,0,0,2,3,65,0,0,0
"COG4409",688,2411,2099,112,1375,1941,711,813,1751,1313,2151,1555,1585,1963,1454,1811,772,780,4540,2457,2155,2649,2018,686,1020,861,804,1169,1746,793,2749,2827,1292,1893,1050,3068,1756,1788,1955,1712,695,1972,1645,1570,1831,2518,2658,1305,1410,2776,808,1839,1474,2541,1293,1813,2146,1051,1786,483,769,1531,1921,1492,3070,1733,1426,527,2229,2267,452,2169,3579,2299,1547,1204,3197,1139,2795,293,2100,1582,739,1540,2486,2227,2182,1240,1439,1404,1791,2401,1497,1991,1818,171,2037,467,3341,2625
"COG4412",19,53,147,38,224,923,721,463,102,925,42,149,342,213,478,1823,27,63,70,2996,725,279,5061,1158,394,1540,2377,230,58,3158,110,10,398,300,244,187,34,47,309,369,230,1071,391,379,45,107,1073,378,194,4111,338,10916,179,148,809,467,21,323,562,88,66,46,115,922,1897,1536,4778,298,131,5021,49,1880,592,934,147,73,97,820,5,26,175,125,879,50,91,2483,81,53,259,207,86,207,224,974,161,52,4581,1775,11,3993
"COG4413",52,752,591,6,132,218,12,33,352,791,674,545,58,313,139,23,602,181,339,16,472,687,365,1,291,538,174,113,269,72,797,1154,454,43,385,1049,930,601,348,156,280,307,451,453,503,312,342,150,626,300,290,35,270,912,528,739,875,123,311,3,33,792,463,58,101,257,79,99,13,343,2,101,565,346,1029,224,575,306,873,9,1132,574,209,240,489,264,521,459,379,754,714,34,568,854,331,56,194,37,573,159
"COG4420",1,5,32,25,13,30,31,10,38,0,12,65,44,32,24,47,39,9,0,8,11,91,12,2,107,47,161,10,29,26,54,0,46,214,56,1,19,4,149,35,321,5,10,27,3,2,28,25,144,15,187,16,19,2,18,40,0,143,28,455,12,71,16,94,42,19,125,617,22,4,0,5,30,54,15,18,11,167,0,15,46,11,297,6,35,25,1,0,13,1,3,0,348,11,13,43,11,7,18,41
"COG4421",0,9,5,0,4,2,0,0,0,34,382,3,76,26,0,0,7,1,1,0,39,0,6,0,24,0,6,6,4,40,0,13,2,37,0,17,28,84,8,0,2,3,0,0,0,0,0,0,17,3,0,0,21,141,43,16,781,16,4,1,1,1,0,0,1,245,22,224,0,0,188,0,0,0,0,26,11,19,160,3,0,0,4,189,30,2,7,289,8,0,5,0,0,0,15,125,0,4,0,2
"COG4422",682,1419,1612,1038,592,1616,1154,859,1166,2815,1016,2355,2114,2127,1785,956,2645,1271,1740,608,2464,2420,2580,1107,2006,2627,1928,1472,1756,1096,2225,3339,1813,1487,2536,2591,2657,3156,1779,2212,1128,1460,2313,3017,2830,2084,1769,1266,2537,1756,2582,519,3185,2173,2410,3364,3518,1505,1422,740,556,3453,2030,2251,1145,1562,1236,1698,718,2225,723,1445,2880,2450,3599,1986,2693,2294,2900,1193,1958,3964,1313,2196,3578,1839,3029,3178,4037,3101,2131,995,2629,1647,2785,1044,1733,854,2043,1558
"COG4430",272,464,232,35,405,242,88,68,64,333,327,302,126,185,336,93,79,30,480,3,492,466,262,27,574,49,159,118,198,300,391,348,411,135,225,461,335,177,202,348,256,114,446,344,417,164,479,103,326,226,113,160,276,423,430,330,819,332,118,2,26,287,237,288,234,704,146,144,1,50,153,268,669,167,321,87,459,93,370,31,560,277,169,50,236,139,357,17,312,231,261,557,395,82,436,146,195,43,578,123
"COG4443",928,224,164,339,71,199,330,275,238,40,148,181,191,212,204,135,321,213,63,119,64,97,211,65,141,266,242,160,166,259,166,123,201,156,294,54,129,50,116,265,201,56,94,301,178,80,93,292,163,151,160,29,191,90,112,145,59,285,128,436,133,180,326,211,206,137,218,189,303,134,182,49,104,234,114,216,33,113,115,219,79,213,221,179,65,322,58,174,112,84,181,114,383,104,243,81,122,135,234,264
"COG4445",0,0,0,3,0,0,0,0,185,4,5,0,0,0,0,26,7,30,0,0,0,0,0,0,0,0,0,8,0,0,8,9,55,0,3,0,0,2,13,0,66,3,0,0,0,6,0,0,4,0,0,5,0,0,11,1,0,0,0,68,6,1,2,0,2,55,0,0,0,8,0,0,0,0,2,2,0,0,3,50,0,0,73,0,21,2,0,0,0,0,0,103,0,6,0,0,0,0,0,4
"COG4448",0,28,39,0,47,593,14,0,71,443,0,18,4,144,81,8,4,2,1,1,6,54,7,307,66,79,151,12,25,130,2,2,38,112,55,38,60,239,29,329,4,173,33,22,3,0,104,6,84,190,5,0,32,13,61,46,81,89,22,0,4,12,4,184,45,454,584,159,0,3,0,552,8,32,288,8,3,170,0,0,14,23,83,3,99,37,7,1,26,11,347,0,24,117,0,1553,7,256,0,75
"COG4452",53,638,348,122,888,258,4,15,431,399,310,138,410,188,358,67,94,844,1033,20,576,456,168,556,585,123,169,243,162,47,160,345,492,532,117,676,314,245,311,111,222,125,380,122,289,567,66,167,259,192,184,79,230,703,506,383,826,94,290,126,169,189,327,76,156,441,45,106,3,146,1237,33,195,492,237,171,737,157,813,35,749,193,207,101,288,92,483,69,262,167,197,961,198,344,337,20,314,15,1318,67
"COG4453",6,8,0,25,492,1,1,0,606,16,17,0,0,0,154,17,10,91,20,1,1,0,0,0,1,0,0,27,2,0,13,46,0,1,7,2,7,5,28,0,80,6,1,4,32,23,2,0,26,3,0,13,0,5,7,1,8,5,0,14,40,0,5,0,17,21,0,3,0,18,24,0,0,3,7,2,1,1,11,37,25,2,142,0,23,10,9,1,0,3,0,29,0,14,0,1,1,0,46,7
"COG4456",0,22,33,14,1,38,17,20,5,7,4,40,0,21,35,13,2,97,0,7,29,23,20,2,7,20,12,19,6,13,1,32,30,89,54,1,2,9,20,7,12,1,0,12,9,2,16,40,18,0,10,0,70,0,28,27,0,3,8,1,0,5,7,46,15,30,35,13,59,11,0,11,0,6,89,3,4,2,0,14,6,4,543,29,16,26,2,8,26,56,12,1,23,20,2,55,16,10,0,26
"COG4457",85,85,136,1,40,13,61,10,239,55,55,3,8,21,168,2226,79,14,18,66,14,30,173,7,55,16,25,11,19,16,408,0,40,62,44,34,50,30,60,60,53,78,65,7,15,6,27,47,168,64,8,9,32,36,10,110,21,72,6,26,5,109,48,350,40,77,21,72,1,16,3,8,74,7,57,35,34,71,1,44,606,23,52,4,363,63,104,11,60,46,7,227,54,121,0,13,2581,3845,1,33
"COG4458",91,80,13,0,23,3,29,7,200,47,39,0,12,24,51,903,59,17,22,55,17,21,35,7,52,6,16,12,19,13,18,0,33,40,44,31,48,10,60,49,22,18,40,10,9,9,14,8,102,62,7,5,20,34,3,19,21,35,9,40,3,13,33,8,27,47,14,65,3,10,0,13,14,6,36,31,31,63,0,49,26,32,45,3,18,23,74,9,49,23,4,196,40,105,0,20,19,1,0,28
"COG4460",0,0,0,2,0,0,0,0,125,2,4,0,0,0,0,14,2,18,0,0,0,0,0,0,0,0,0,1,0,0,6,3,27,0,4,0,0,1,9,0,40,3,0,0,0,4,0,0,4,0,0,6,0,0,3,0,0,0,0,45,1,1,1,0,3,14,0,1,0,4,0,0,0,0,1,0,0,0,3,29,0,0,47,0,4,1,0,0,0,0,0,42,0,0,0,0,1,0,3,2
"COG4463",735,124,122,180,147,248,86,279,321,136,121,164,48,139,296,181,112,62,70,111,74,153,65,82,181,163,208,74,125,212,257,111,122,484,265,88,98,127,196,307,519,94,146,125,67,49,177,90,430,150,198,45,124,135,104,52,63,329,191,929,88,76,62,243,98,200,205,270,515,53,13,233,87,415,148,116,48,701,66,144,96,204,585,52,111,105,63,51,64,100,177,2,623,120,193,572,54,129,104,350
"COG4464",2184,1184,1382,1448,928,1655,1577,1480,1557,1063,1454,1109,1088,1159,1134,1019,2085,1116,1298,1472,1363,981,792,708,847,1516,1010,1180,1350,837,1188,1682,1051,1311,1222,878,1072,1403,1619,2084,1211,615,926,997,1548,614,1350,1432,1111,812,1312,238,1099,1100,922,1484,541,1333,950,1972,708,1297,999,1682,1192,909,1641,1741,1334,1108,920,1080,1176,1170,1295,1504,1003,1234,819,1615,1117,1234,1264,996,1334,1209,1534,1446,896,1128,1450,732,2545,1047,1185,686,767,723,842,1228
"COG4465",1206,345,586,948,158,797,1095,406,1017,285,403,362,345,478,404,178,362,519,196,200,307,319,583,335,271,699,612,731,575,513,313,253,437,276,603,199,448,358,295,570,342,205,326,592,113,305,255,953,486,342,854,144,551,222,379,526,191,185,133,1494,456,338,426,480,510,379,551,114,441,337,412,451,115,322,580,310,511,269,267,1031,172,229,387,803,296,625,153,472,200,364,842,175,269,435,456,1105,345,429,253,470
"COG4466",255,5,31,38,109,61,41,163,167,0,27,3,3,11,24,30,9,11,1,8,2,4,7,11,18,3,8,12,14,52,3,6,5,168,17,0,1,1,2,30,120,0,1,1,1,4,13,22,35,45,91,9,8,29,9,5,3,6,20,736,109,5,4,190,37,6,103,32,116,17,3,15,0,27,8,2,2,293,1,203,0,38,228,5,0,40,2,9,3,0,8,0,235,0,6,30,2,20,11,71
"COG4467",305,3,14,24,11,2,28,265,33,0,13,1,0,0,0,0,1,2,3,0,1,0,3,14,2,2,0,0,1,0,0,1,0,0,6,0,0,1,0,1,11,0,0,0,0,3,0,0,27,23,0,10,0,3,5,1,0,1,2,532,128,3,3,3,0,0,4,0,67,1,1,1,0,1,2,0,0,1,0,203,0,3,5,3,1,1,0,0,0,0,3,0,1,2,3,13,1,2,9,0
"COG4468",3015,1440,1236,3076,559,1743,2403,1875,1470,964,947,1623,1328,1273,916,803,1731,1312,318,800,1351,1076,1397,1012,927,2121,1868,1590,923,1869,1552,365,1383,1213,1662,750,986,794,624,1397,2033,459,1300,1238,730,500,1135,1802,1080,791,2284,314,1547,787,828,1303,413,1600,921,3116,2029,1062,1745,2005,1193,1057,1586,2270,2924,727,760,1265,773,1992,1484,1879,1332,1518,474,3000,506,1080,1739,1788,580,1801,402,1263,1177,949,1842,530,747,996,1883,3595,849,1306,753,1530
"COG4469",823,6,22,32,31,6,20,502,42,3,8,0,0,0,0,0,0,0,2,2,2,0,1,8,0,0,1,0,6,1,2,2,0,40,11,0,1,3,0,0,9,0,1,0,0,1,0,1,32,45,0,20,1,7,3,1,0,0,6,1025,243,5,4,4,1,0,4,1,136,2,12,0,1,1,1,2,2,0,6,332,0,0,6,6,3,3,0,0,1,1,3,0,1,0,3,19,2,6,21,0
"COG4470",544,4,17,13,21,5,18,460,25,0,42,0,1,4,0,9,0,2,2,2,5,2,21,6,32,2,16,0,3,9,1,2,11,63,14,2,0,2,0,70,0,0,0,0,0,1,8,1,31,37,28,15,0,5,3,6,0,18,2,728,167,1,7,58,3,1,102,8,87,2,6,0,1,1,0,1,0,35,3,271,1,0,38,2,2,44,2,0,0,0,4,0,310,0,1,6,22,1,24,49
"COG4471",366,4,12,14,11,0,14,72,38,0,8,0,0,0,1,0,1,0,2,1,1,0,8,3,0,1,0,0,1,3,0,0,0,0,8,0,0,0,1,0,1,0,0,0,0,3,0,1,6,30,1,7,0,5,1,1,0,0,2,502,12,4,1,4,2,1,1,0,58,2,1,0,0,2,2,4,0,0,3,7,0,0,5,0,1,4,2,0,0,0,1,0,3,0,1,11,4,3,13,1
"COG4472",248,137,98,277,50,200,221,169,155,70,90,126,92,124,163,91,120,154,40,96,134,104,127,66,142,221,199,156,128,155,101,34,141,221,234,35,94,82,112,191,168,49,93,148,112,54,121,271,186,74,753,85,501,214,299,398,121,520,255,739,240,396,398,813,375,204,657,677,555,156,161,321,268,481,399,589,196,698,186,612,154,454,980,475,181,547,106,349,264,240,596,62,802,237,411,544,234,293,192,606
"COG4473",313,13,30,47,38,5,25,786,44,0,68,2,2,3,1,0,1,1,5,0,5,0,8,6,1,1,0,0,3,8,1,3,0,1,11,0,0,4,0,2,14,0,0,1,0,0,2,4,37,71,3,32,0,15,3,1,1,0,2,1222,342,1,7,6,0,6,5,1,128,3,4,0,0,0,0,3,1,0,6,477,1,0,14,2,2,4,1,0,0,0,5,0,1,0,7,20,3,5,36,1
"COG4474",474,17,727,32,94,346,100,362,514,204,201,507,616,719,315,162,569,59,205,32,223,902,511,48,169,436,349,332,602,268,741,352,562,666,459,646,251,402,560,483,321,140,231,314,394,140,347,169,1046,191,600,45,349,557,383,365,2089,522,417,696,157,391,284,567,182,270,199,1078,159,106,10,70,427,157,102,383,418,167,332,168,450,595,474,166,673,538,224,330,360,275,391,352,263,255,191,40,129,170,36,446
"COG4475",663,341,97,351,92,461,334,255,230,160,172,278,342,343,223,163,386,255,138,239,404,315,232,92,309,454,354,366,208,246,253,121,460,499,457,194,232,73,352,314,346,60,215,293,362,115,298,133,418,234,374,98,349,178,240,410,78,463,352,746,90,228,217,316,249,130,592,766,353,60,200,135,189,424,163,766,148,299,125,473,116,317,434,514,184,348,74,275,433,290,274,41,217,154,476,349,194,259,181,437
"COG4476",96,0,4,15,5,1,9,18,10,0,6,0,3,1,1,0,0,4,5,0,1,0,1,4,0,2,2,0,5,2,1,3,0,1,0,0,2,0,1,1,0,0,0,0,0,1,0,4,0,3,7,8,9,6,6,4,5,2,0,330,16,0,1,17,0,1,4,0,41,4,1,5,0,6,3,0,2,1,2,11,0,2,4,4,2,3,1,0,2,2,2,0,7,0,6,3,3,2,12,1
"COG4477",1374,40,120,283,71,14,339,864,65,0,72,5,11,12,33,79,4,69,31,8,27,10,98,238,133,52,113,7,25,59,15,19,52,321,140,3,28,3,25,240,35,4,18,22,5,36,26,26,61,55,143,34,33,24,21,23,15,110,36,2226,414,20,22,278,41,10,432,29,173,17,27,16,2,45,8,21,11,128,14,656,7,27,368,34,7,219,6,8,13,13,14,3,1195,7,71,32,91,32,81,243
"COG4478",547,45,144,102,47,28,90,356,303,5,75,34,22,15,29,12,27,55,10,16,36,26,16,18,16,16,25,8,52,16,9,10,15,111,61,5,50,21,65,51,53,10,11,28,6,18,9,18,73,24,26,10,45,24,74,18,14,36,15,765,182,32,8,85,16,13,20,31,124,8,10,26,2,73,21,53,20,38,24,454,12,23,38,44,4,5,17,32,32,30,25,3,63,14,24,109,4,8,43,12
"COG4479",183,4,3,5,2,3,17,109,20,0,12,1,1,0,1,0,0,0,5,0,1,0,4,2,1,1,0,0,1,0,0,4,0,0,3,1,0,0,0,0,0,0,0,0,0,2,0,1,11,15,0,4,0,4,1,2,0,0,1,316,36,0,2,1,1,0,1,0,27,1,0,0,0,1,1,1,1,0,2,80,0,0,3,0,1,0,0,0,0,0,4,0,0,0,2,9,0,1,5,0
"COG4481",564,196,171,464,73,288,319,343,374,100,159,191,117,155,184,109,205,179,88,97,169,146,270,144,131,223,270,228,194,188,128,87,221,282,279,59,137,139,136,350,268,72,172,233,47,80,105,263,279,133,351,44,171,104,190,171,99,230,134,652,178,166,151,415,206,127,295,432,470,109,89,193,54,227,176,144,234,248,72,404,104,201,318,208,126,215,49,201,96,176,267,24,489,181,346,546,112,143,78,329
"COG4483",200,3,15,10,6,2,2,129,20,0,6,1,0,1,0,0,1,2,0,0,1,0,4,1,0,3,0,0,3,0,0,2,0,0,2,0,0,3,0,0,2,0,0,1,0,1,0,0,10,9,1,8,0,4,1,0,0,0,2,278,68,1,1,3,0,1,0,0,41,3,3,0,1,0,1,2,1,0,3,111,0,0,3,1,0,2,0,0,0,0,2,0,0,0,2,6,1,0,8,0
"COG4485",13060,2063,1948,4688,620,4778,4675,2948,3055,193,2668,3203,1514,2756,1530,2126,2592,2856,351,1401,2503,2192,4146,832,1643,4336,3702,4312,3582,3369,4401,551,2483,2074,3112,719,2161,996,1743,2368,3592,728,1547,3841,599,934,1397,2781,1445,934,4218,397,2535,707,1648,2341,506,2071,810,6708,1428,2928,3088,4475,3020,522,4001,4214,2583,921,1115,590,740,3919,1778,1383,1365,3223,784,3562,736,1897,3418,3588,636,4280,328,2051,1417,935,3941,622,2876,1597,3271,1367,1467,1675,505,2944
"COG4487",12,35,31,20,178,22,527,13,3,19,75,102,104,91,498,76,87,81,1,9,84,206,252,1232,13,188,111,85,29,601,13,0,92,59,180,14,21,0,113,29,565,89,9,21,20,0,53,12,33,29,234,37,32,30,38,68,0,99,71,323,40,157,121,272,44,133,147,114,171,4,1,5,2,52,23,10,23,61,0,9,69,7,395,41,54,117,1,28,10,13,251,1,34,16,19,12,23,411,15,113
"COG4492",800,559,318,437,124,621,937,571,1053,226,392,523,423,472,562,347,541,487,157,286,368,343,451,303,392,675,677,667,564,633,539,233,431,394,923,271,374,292,426,533,384,243,469,575,320,283,326,990,584,365,675,120,586,373,492,494,180,596,314,581,145,525,549,568,443,350,429,810,794,364,250,378,241,474,623,799,304,459,211,548,165,289,647,648,266,589,220,442,318,357,663,323,359,412,383,937,428,374,471,444
"COG4495",245,23,20,11,23,171,55,22,3,1,26,14,9,63,46,56,16,73,5,23,0,24,82,5,117,113,13,131,27,51,29,55,25,169,51,2,3,17,11,52,8,5,1,50,3,19,50,822,121,19,56,0,97,8,52,21,12,47,10,131,24,9,99,174,23,47,91,29,0,17,205,1,0,17,130,27,17,402,1,2,0,15,152,60,2,40,5,31,32,8,6,1,370,11,183,5,13,16,57,127
"COG4496",462,466,235,408,182,646,685,539,617,224,320,476,413,450,515,322,514,540,142,286,430,394,476,204,356,660,687,584,508,542,533,150,458,546,704,196,320,287,520,572,639,181,304,510,401,174,322,636,626,263,768,71,484,278,366,673,163,632,291,418,191,471,446,627,457,348,495,862,641,209,198,270,292,667,423,749,348,456,227,683,166,410,720,706,218,564,133,491,331,268,707,69,352,335,586,741,227,412,221,576
"COG4499",135,2,26,2,1,8,57,222,63,34,30,3,1,10,3,51,0,2,15,1,0,42,0,34,51,8,52,5,3,30,7,16,40,1,23,10,10,17,82,43,1,0,3,8,0,80,11,7,23,17,78,0,31,81,1,8,3,10,0,312,0,2,11,11,7,13,2,13,5,4,121,1,1,6,0,37,26,0,0,15,6,0,21,89,9,7,4,4,10,2,1,1,32,33,14,31,5,2,40,25
"COG4502",0,0,2,0,23,74,0,0,0,0,1,0,0,57,1,11,1,203,18,1,67,28,1,0,2,17,65,1,0,80,0,0,0,186,13,20,1,7,42,0,0,0,3,30,10,135,6,0,194,32,42,1,5,15,123,89,0,61,19,1,0,173,4,0,4,10,19,31,0,1,0,0,1,20,38,1,21,16,34,1,71,8,16,0,21,27,0,1,6,6,0,0,102,4,0,0,12,17,135,19
"COG4506",732,581,577,1442,160,935,1140,713,975,231,466,604,482,675,689,380,717,653,194,387,407,468,567,298,467,769,872,864,500,691,713,236,555,552,760,234,422,342,540,650,875,211,461,659,371,289,500,1016,734,292,836,102,693,592,435,555,188,803,371,853,352,540,594,740,536,415,751,1060,798,298,303,438,244,686,603,860,706,619,225,906,217,477,775,820,345,737,163,519,422,453,803,124,393,395,741,919,370,515,220,680
"COG4508",1,0,3,69,0,0,0,3,109,1,0,1,0,3,2,3,0,8,4,0,0,0,1,1,0,5,0,12,41,0,0,0,0,36,3,0,2,0,0,0,0,0,1,0,0,4,0,7,0,3,0,3,17,1,0,0,3,0,0,3,11,0,4,18,8,1,3,0,4,1,3,9,1,10,0,0,0,0,6,21,2,0,1,2,0,2,4,0,1,5,1,0,19,2,2,0,0,0,11,2
"COG4509",2593,1560,1601,5377,1246,2602,2874,1716,1894,411,1312,1659,1281,1457,1350,1094,1531,1299,457,690,1439,2037,2083,708,1242,2471,2862,1755,1281,2125,2003,751,1718,4195,2814,475,1425,544,1177,2609,3958,275,1451,2054,458,727,988,1991,2032,788,3688,299,2156,1208,1102,1384,619,2262,1209,3612,1028,1330,1421,2267,1765,684,2276,5195,1623,672,2034,477,523,2448,1132,1199,1971,2092,476,3109,643,1354,3003,2053,707,1874,459,1420,1357,927,1898,449,2628,572,3515,1221,886,980,874,3089
"COG4512",1,0,1,18,17,68,53,60,22,0,32,0,7,3,3,33,3,1,1,0,1,8,40,0,32,23,31,7,55,79,0,0,11,114,13,3,5,35,37,33,12,7,3,6,1,0,12,21,7,2,86,0,10,24,27,12,7,50,2,6,76,17,90,312,54,0,255,23,44,7,141,34,1,8,6,29,21,255,4,0,0,71,475,5,7,131,3,20,4,6,92,45,627,33,6,0,16,38,0,233
"COG4521",20,60,211,107,564,19,80,7,245,62,139,121,170,106,130,67,15,530,51,12,53,22,13,301,12,25,181,222,271,8,247,93,181,179,62,39,27,42,43,27,93,14,157,13,75,289,18,46,113,27,171,92,69,112,71,67,45,60,32,285,129,43,22,91,97,100,52,25,20,121,807,11,38,53,86,51,14,38,59,47,77,40,101,110,63,53,53,191,41,137,168,82,57,175,26,5,31,35,78,36
"COG4525",20,32,36,55,280,6,5,6,361,24,57,0,97,1,38,21,10,219,30,22,2,11,2,123,3,1,2,72,63,2,24,38,129,53,2,9,11,4,16,1,39,4,1,4,38,30,9,6,52,8,0,8,2,13,4,1,2,4,4,26,20,1,4,0,14,26,45,5,1,2,126,3,3,3,2,1,1,0,6,17,11,3,13,1,7,6,3,1,5,0,1,14,0,14,0,0,2,1,14,5
"COG4529",46,70,123,117,869,0,1,14,289,73,186,1,215,2,155,26,10,669,110,4,11,0,2,495,3,1,0,177,100,0,37,97,337,151,3,28,28,19,78,0,117,7,3,7,90,111,3,28,171,10,0,74,17,62,9,13,33,18,31,78,168,5,9,1,77,130,1,10,0,18,1126,0,30,23,5,25,23,7,35,54,124,12,152,12,58,9,30,4,29,12,4,194,1,67,0,0,7,1,117,4
"COG4531",29,57,86,69,509,1,10,4,294,54,111,1,143,4,63,24,8,419,62,19,8,0,0,263,4,1,0,127,51,0,12,48,163,83,3,11,22,15,35,0,69,9,7,2,50,58,5,17,102,13,0,55,10,35,10,3,15,6,21,84,105,4,9,2,45,110,6,5,3,15,696,3,14,13,2,6,12,8,21,55,57,8,80,11,29,11,22,2,15,11,11,92,1,42,0,2,5,3,70,16
"COG4533",68,91,192,209,1602,3,11,18,520,163,272,4,388,9,167,64,22,1202,158,11,13,2,2,806,10,0,0,351,150,3,59,153,749,233,14,52,50,23,88,0,202,13,5,8,139,172,10,37,193,20,0,150,26,100,15,9,30,37,29,236,260,7,23,5,123,186,1,16,0,36,2410,3,64,38,10,82,42,14,57,150,128,12,228,23,107,28,56,10,74,39,8,397,3,198,1,16,10,3,182,14
"COG4535",465,96,92,90,593,16,44,51,391,145,190,27,225,88,144,525,121,518,104,31,11,28,42,394,46,7,50,162,122,25,26,91,259,116,19,57,42,66,106,30,101,54,55,8,69,162,23,20,174,167,37,91,29,165,48,81,34,78,42,86,122,50,70,30,92,99,29,49,0,33,905,12,64,29,44,61,51,72,37,77,86,28,136,17,46,45,80,43,92,71,34,190,69,130,0,11,34,14,99,37
"COG4536",130,57,466,256,578,858,557,949,778,322,1213,598,892,404,800,1848,179,644,427,2340,458,445,642,1659,282,280,902,622,292,824,427,404,483,186,94,309,346,1655,636,997,222,2146,500,380,1111,1295,860,786,695,1370,204,1027,888,330,238,560,932,524,520,147,186,522,379,765,1656,1329,1340,93,316,1771,862,2415,591,218,682,300,298,638,206,166,506,465,444,499,460,962,855,657,692,624,565,198,438,743,825,34,1024,1957,517,1529
"COG4537",4,13,19,60,4,4,107,8,44,0,27,5,4,1,5,13,1,15,9,4,12,4,4,53,3,3,1,1,3,23,1,2,5,10,51,1,9,4,8,5,4,1,6,13,3,8,0,5,3,21,8,13,9,2,3,4,5,1,5,430,10,3,3,11,12,2,37,0,21,3,3,7,0,14,2,2,4,3,5,12,2,7,4,9,3,5,3,1,1,1,3,0,3,2,8,15,1,6,20,3
"COG4540",52,41,5,48,1125,100,7,193,10,41,40,6,120,22,347,25,16,74,33,2,22,29,10,234,14,27,0,45,105,9,27,102,69,136,24,35,52,7,18,16,5,14,8,10,125,143,62,7,80,52,17,110,13,14,59,42,20,61,7,30,125,6,170,7,18,38,61,15,2,14,17,1,14,57,24,32,25,49,113,4,1,13,6,11,23,10,52,256,17,13,8,73,12,116,1,7,39,39,26,15
"COG4541",143,1,0,0,0,7,6,1,47,23,0,0,1,20,3,0,0,4,0,0,0,7,0,0,2,0,0,0,0,0,0,0,0,0,0,0,0,0,0,0,3,10,3,0,0,29,3,0,12,7,0,0,0,28,0,0,0,8,12,3,0,0,20,5,1,1,9,0,0,0,0,0,0,3,14,0,0,0,6,0,0,0,1,0,0,0,0,36,0,0,20,0,0,0,0,0,3,0,0,3
"COG4542",234,47,29,29,18,109,26,220,263,201,22,83,18,24,157,95,42,50,3,66,2,0,4,188,12,3,3,18,10,116,34,62,69,1,10,30,49,140,21,163,98,102,13,2,3,13,47,51,28,143,1,16,14,26,8,5,50,142,46,140,41,1,3,74,19,340,27,85,394,16,0,347,0,16,150,1,1,148,6,148,3,3,107,4,69,13,7,0,3,0,189,5,84,82,0,1019,2,158,16,19
"COG4545",4,0,0,0,1,4,4,2,131,1,5,0,1,2,0,1,3,0,0,4,1,0,4,0,4,1,1,17,0,0,2,0,0,2,5,37,3,4,11,0,0,12,76,0,1,1,5,0,4,0,2,0,0,0,0,1,0,6,0,19,0,1,1,2,2,13,0,2,0,2,0,6,0,1,0,5,0,0,3,2,1,0,4,9,0,9,0,0,0,0,4,6,0,49,0,0,25,0,49,0
"COG4547",0,2,0,1,0,4,5,0,0,42,0,0,0,2,3,0,0,123,0,0,0,2,18,0,1,0,0,1,0,0,0,0,237,0,2,0,0,0,66,0,0,0,1,0,2,0,2,0,0,0,1,0,3,16,92,1,0,9,0,1,0,1,0,0,62,0,0,0,0,0,0,0,0,1,0,1,0,0,0,0,0,2,2,0,2,0,106,0,0,0,2,6,0,1,0,0,4,0,0,0
"COG4548",676,406,762,1878,240,308,972,79,243,182,252,163,215,255,507,195,470,597,115,53,104,430,337,45,308,616,938,246,262,217,302,347,342,991,541,83,129,104,263,278,312,22,126,351,84,208,217,338,415,177,340,71,245,249,294,329,343,432,327,1931,432,230,212,332,226,70,175,1262,496,131,1199,143,67,368,189,324,126,481,99,791,140,146,283,403,153,239,115,288,162,209,527,53,256,129,636,193,99,255,133,223
"COG4550",4,3,15,11,20,2,28,0,32,0,16,0,1,2,1,0,0,0,0,1,1,0,7,0,2,2,1,0,0,2,0,2,0,0,10,0,0,1,0,0,0,0,0,0,0,1,0,0,4,8,0,5,0,1,2,0,0,0,3,70,14,2,0,0,0,1,0,0,14,0,0,0,0,0,0,0,0,0,2,2,0,0,0,0,1,1,1,0,0,0,0,0,0,0,0,9,0,1,9,1
"COG4552",1814,1844,1013,167,456,909,1066,1352,1096,747,824,846,764,844,992,362,1062,795,1281,216,1145,850,733,150,1433,1119,837,1145,1327,747,591,1160,681,1055,1494,889,978,584,917,877,836,427,843,1151,867,1062,600,1140,999,789,1167,158,1215,1243,1255,1114,1137,833,1084,640,715,1223,1273,801,591,724,550,1329,1436,490,500,261,865,879,998,1532,1089,902,1257,1383,1078,1119,625,1025,764,686,1027,1004,1078,913,752,1848,806,1119,1195,455,703,386,1486,743
"COG4555",54,7,99,180,26,1,3,1,181,10,21,2,10,20,2,93,0,14,46,0,1,13,3,0,21,99,46,13,9,2,4,65,111,123,105,3,21,22,5,248,25,0,19,5,8,48,28,4,25,4,148,8,52,75,1,39,38,190,6,433,178,13,159,103,97,7,134,13,60,22,192,7,13,21,2,18,41,88,16,459,2,261,59,53,2,32,24,17,24,5,24,6,2,29,28,42,5,1,58,41
"COG4558",21,2,4,50,0,3,1,0,153,7,3,3,1,0,3,15,4,18,64,2,0,0,0,0,3,0,0,7,0,0,15,60,45,84,2,22,18,0,24,0,65,4,1,1,49,49,0,1,89,11,0,71,1,2,9,1,0,0,12,60,112,0,4,0,2,77,0,0,0,2,35,1,0,5,2,22,13,1,26,31,116,2,42,0,14,5,11,0,3,9,0,66,0,50,0,0,3,0,105,5
"COG4559",38,5,3,30,0,0,0,0,121,4,2,0,0,0,4,3,6,26,94,0,1,0,0,0,5,0,0,3,0,0,10,98,13,119,3,25,14,2,23,1,51,6,1,1,73,72,0,0,118,15,0,82,0,4,4,0,0,3,11,49,133,1,3,1,1,68,1,6,1,2,63,0,4,8,0,21,22,1,30,21,82,1,42,1,7,2,10,0,3,11,1,78,0,53,0,1,5,0,99,1
"COG4564",0,3,6,0,220,168,168,0,74,334,1220,392,2,203,533,155,38,52,0,4,155,406,4,0,566,298,216,576,46,846,15,15,169,39,801,0,1,41,847,366,195,793,725,717,365,28,222,273,349,12,185,363,235,203,256,781,0,184,872,0,1,516,124,874,289,1397,123,167,0,64,1,10,0,157,107,4,0,161,0,54,2,544,294,4,333,104,39,5,326,1,51,42,312,28,35,0,34,27,0,82
"COG4565",28,57,75,63,319,16,14,17,290,39,96,10,103,18,63,17,7,319,44,1,12,17,8,225,4,15,17,88,65,13,23,46,169,91,34,67,19,14,43,16,38,11,35,25,53,73,8,13,99,21,98,176,54,147,104,137,47,64,58,171,291,55,33,33,154,219,34,294,1,117,2336,23,150,85,48,103,138,37,66,101,252,41,159,56,117,29,104,17,73,90,146,329,43,222,108,27,116,10,370,27
"COG4566",2547,0,54,0,48,304,259,361,244,389,114,413,9,581,294,162,443,65,222,170,17,197,214,7,150,32,291,217,474,130,15,340,34,174,12,241,169,203,317,242,79,327,312,6,128,523,71,41,279,847,266,283,117,775,530,218,59,625,322,3,26,257,537,173,276,226,175,136,2,35,0,50,356,60,339,186,75,173,246,189,143,109,91,87,145,121,888,646,356,418,397,290,433,668,18,19,281,67,126,109
"COG4568",8,22,34,28,182,0,1,1,96,25,59,2,65,2,32,10,6,204,18,5,4,0,0,148,1,0,1,36,20,0,6,18,74,39,2,6,6,2,11,0,23,4,0,3,34,24,2,8,32,4,0,29,4,16,4,3,6,4,14,23,38,1,3,0,13,46,1,4,0,6,340,0,8,5,1,3,7,3,9,18,21,3,33,4,16,2,8,1,11,5,4,58,0,13,0,1,1,2,33,6
"COG4569",20,98,142,90,605,1,3,14,97,82,213,1,415,4,72,17,9,515,48,2,7,0,2,730,3,3,0,158,135,2,13,8,254,133,4,24,16,22,41,0,58,7,18,11,57,56,4,7,9,11,0,19,7,24,1,1,5,12,1,1,23,2,3,0,23,5,1,3,0,1,308,0,4,10,4,13,13,2,10,6,20,2,16,7,6,0,18,4,15,3,6,4,0,17,0,2,1,2,22,1
"COG4570",40,123,115,60,1661,142,89,42,83,24,86,31,145,133,267,112,45,363,53,22,119,96,29,132,72,159,82,138,98,17,221,113,84,344,87,21,115,6,87,89,145,60,46,150,92,133,117,60,345,161,116,74,88,48,114,80,75,62,34,145,88,227,96,247,46,57,77,184,146,73,430,7,38,173,16,220,33,588,67,10,44,191,129,50,134,94,17,378,122,671,149,7,522,54,110,174,57,55,70,135
"COG4571",39,43,5,25,342,1,1,0,13,24,1,1,2,0,5,1,2,522,30,0,0,0,0,0,0,2,1,121,0,0,8,281,0,111,2,14,40,3,43,1,3,5,0,2,55,103,1,1,256,6,0,36,3,10,4,1,20,1,24,0,30,0,2,5,2,48,2,0,0,1,47,0,1,26,0,19,20,1,26,3,11,0,1,3,9,0,68,4,7,20,5,19,1,46,1,0,2,1,189,0
"COG4572",6,15,27,29,185,2,2,3,100,10,60,1,40,1,34,10,3,133,25,2,3,0,1,107,2,1,0,35,14,0,4,21,59,32,2,5,4,3,11,0,20,3,0,5,23,20,3,9,40,4,1,11,2,17,0,1,6,6,7,35,39,1,4,1,18,31,1,1,0,4,217,1,4,10,0,6,4,2,5,10,34,4,29,1,14,3,11,3,2,5,0,31,2,12,0,1,4,0,26,3
"COG4573",45,135,243,200,713,94,229,221,156,347,285,97,752,84,171,52,74,1037,117,15,318,124,135,750,200,90,123,419,207,108,197,182,434,609,119,229,38,64,257,98,181,126,79,106,291,123,78,92,243,129,98,89,189,95,83,340,44,336,169,137,251,155,170,148,132,448,113,59,0,51,1656,88,379,243,105,937,58,25,96,311,151,81,71,664,69,129,120,170,309,54,195,234,50,152,155,243,76,220,177,138
"COG4574",13,36,41,40,242,3,3,6,116,27,74,0,78,4,67,14,5,244,38,4,1,0,1,160,1,0,0,63,27,0,13,29,103,58,1,7,8,7,22,1,24,7,2,3,42,45,2,8,83,4,0,29,7,37,6,6,20,7,11,46,55,3,7,1,27,67,0,3,0,14,375,1,13,15,1,7,12,3,11,15,42,3,54,7,17,6,15,2,12,3,1,101,2,31,1,0,3,1,50,4
"COG4575",45,61,99,110,683,2,7,10,255,52,154,15,205,7,83,28,18,675,93,7,7,0,6,477,7,1,16,184,89,2,18,97,279,131,6,28,29,26,65,7,46,7,3,2,104,79,3,21,142,11,14,77,19,73,18,31,17,26,28,64,141,17,11,2,92,130,2,14,0,22,1099,1,53,29,3,33,30,18,39,77,124,8,118,22,53,9,56,6,39,11,3,140,8,83,0,4,7,0,121,10
"COG4576",81,149,223,390,140,76,205,118,151,49,75,42,83,38,85,13,78,248,47,83,34,83,13,116,57,62,79,72,65,36,35,92,106,172,104,65,102,21,88,71,133,30,153,42,53,109,73,123,99,76,61,59,99,190,75,33,57,117,37,180,183,36,91,47,57,60,38,147,63,123,349,28,87,78,31,176,94,43,89,180,44,26,85,124,61,27,95,34,75,68,29,67,48,82,57,32,38,59,213,40
"COG4577",295,518,824,1101,420,208,825,459,919,189,342,152,333,130,371,85,238,838,199,212,87,203,101,295,171,248,203,285,252,101,137,458,513,448,281,209,303,87,295,188,497,113,689,164,195,439,165,539,296,221,211,159,301,716,255,109,237,227,174,1082,733,139,322,170,153,235,116,288,306,483,1075,127,196,325,157,612,360,143,268,729,278,95,330,413,208,116,406,146,244,406,166,194,162,296,270,143,155,198,697,167
"COG4578",12,27,43,49,287,73,0,2,160,316,62,7,71,1,108,12,9,258,28,4,2,0,0,346,5,1,0,70,42,10,6,39,114,54,2,18,37,189,14,129,67,47,11,3,39,34,78,5,63,56,0,31,6,29,3,6,70,11,12,43,63,2,6,29,53,223,1,10,9,10,338,419,20,7,205,3,8,48,18,22,34,7,38,2,67,3,12,1,4,8,267,42,5,117,0,1190,3,68,37,1
"COG4579",33,68,136,149,959,4,4,17,307,70,186,2,198,6,121,50,17,857,56,6,7,0,1,644,4,0,0,257,117,0,32,79,407,100,3,26,33,20,63,0,113,11,4,11,88,87,3,27,81,12,0,88,13,52,10,15,24,28,21,159,149,5,15,1,71,169,3,17,0,24,1737,4,41,35,4,26,20,9,34,107,110,9,159,14,52,9,30,7,35,17,7,78,1,84,0,6,4,1,125,13
"COG4580",54,191,379,380,1739,7,27,47,1879,154,481,4,463,12,406,2939,53,1995,226,18,18,0,0,1117,13,4,3,546,178,1,120,447,1016,352,36,46,32,66,208,1,667,56,14,23,313,257,27,88,608,36,1,369,32,185,45,43,68,64,77,398,379,23,55,12,265,468,8,36,0,129,4261,8,97,80,19,43,140,27,85,192,262,21,794,47,223,43,99,15,61,43,12,548,7,114,1,12,18,11,315,53
"COG4581",1,51,285,414,1206,5,46,593,3,1,13,950,0,1,355,3,154,2,7,28,1,8,11,710,15,1,4,4,112,761,8,2,2,5,5,5,9,0,8,47,631,4,3,6,2,1,19,3,42,25,0,125,22,17,90,11,0,67,372,262,7307,0,16,29,4,6,19,379,4159,0,0,3,0,512,10,4,2,30,55,1739,10,0,14,46,4,32,2,18,2,32,5,0,8,9,19,2810,1,82,30,48
"COG4582",33,46,81,79,571,28,20,16,190,51,126,29,123,5,114,480,53,530,74,7,2,11,4,364,2,1,42,164,121,2,18,75,212,93,7,38,28,42,76,6,55,19,25,6,99,92,15,20,82,96,22,72,5,41,49,42,15,69,21,62,93,25,12,6,75,106,2,12,0,23,854,6,27,28,1,49,19,52,30,46,72,7,87,16,33,20,65,7,19,7,1,134,7,91,4,6,11,14,103,11
"COG4584",1689,3082,4603,1584,6765,5330,7950,7359,2921,3045,3097,5427,5334,3847,6667,774,3856,2575,2037,331,2585,8019,1486,2669,1983,3208,1958,2527,9872,3507,11140,9610,3094,3106,3021,9692,1178,11610,3630,2007,8180,18648,5319,7906,4720,1221,6402,2113,2575,4221,3716,1137,6722,2584,4131,4569,4534,3277,4665,1379,5478,3718,4908,2766,5270,3011,5393,2758,14487,11083,8136,7665,6856,2305,4411,2336,2549,3439,3203,2513,4407,7503,2487,2993,16907,5532,14609,7499,9042,2029,3443,1946,7507,7634,5909,734,5891,18468,2552,5199
"COG4585",2141,1864,1030,994,1653,1287,1811,2249,1140,952,2568,2093,470,1016,996,1976,1665,784,447,207,1256,1580,1266,2639,922,1945,1275,1407,1402,3420,796,1274,877,369,1480,479,1211,956,667,1259,1203,1124,1267,1552,1467,636,613,1308,717,1143,1445,1002,776,773,1497,1240,651,610,1543,3642,7063,1013,1214,2321,2104,2400,1939,497,5358,762,634,1814,985,1283,1051,650,1041,1772,913,2428,1285,1013,1042,2085,1180,1131,1250,1415,361,1061,1781,1780,842,1611,668,5120,578,910,732,835
"COG4586",21,68,25,16,54,23,17,2,30,6,74,29,3,5,16,16,67,10,10,4,5,26,23,31,5,14,40,0,33,66,1,8,43,259,50,3,13,5,17,52,3,4,24,11,5,28,0,1,9,13,68,8,17,23,14,33,52,45,72,836,211,37,37,157,13,45,254,99,15,37,152,14,34,75,11,124,86,104,23,44,7,25,345,46,5,47,35,8,14,17,13,34,20,18,890,104,21,41,240,183
"COG4587",14,210,62,37,72,60,38,5,46,27,94,87,10,8,48,31,84,37,34,5,18,30,71,90,26,45,85,7,61,123,16,24,203,656,95,9,30,7,57,49,11,9,174,24,16,66,18,15,27,25,60,9,6,12,20,25,50,20,90,410,125,40,28,142,16,45,204,98,12,27,72,14,27,30,12,101,68,59,23,23,3,116,325,30,4,32,20,2,6,40,9,17,12,29,717,75,11,39,217,143
"COG4589",349,371,291,55,488,72,55,73,203,315,418,87,112,166,154,26,105,196,634,69,271,103,136,173,153,44,94,154,190,41,162,128,108,7,33,389,102,150,106,68,26,69,122,42,132,115,25,76,170,140,103,67,162,390,178,143,646,76,256,40,53,75,249,34,99,217,32,78,2,40,548,20,212,170,167,104,475,115,415,33,260,119,20,220,154,51,204,128,205,111,285,184,83,249,90,9,165,13,846,22
"COG4590",1,1,0,0,459,0,3,0,0,0,0,2,0,15,0,8,1,0,0,0,0,77,0,0,1,0,0,0,0,3,1,0,286,15,0,0,0,0,22,1,0,0,0,6,0,0,97,5,0,0,0,0,0,0,0,0,0,103,0,0,0,0,0,0,0,0,13,50,0,0,0,0,0,0,0,1,0,0,0,0,1,0,4,0,0,0,0,0,0,0,0,0,0,0,0,0,71,0,0,0
"COG4591",910,1903,1974,351,2290,2029,1094,924,1786,3093,2992,2154,2034,2414,2175,4395,2988,1886,3500,2712,2251,2537,3437,2834,2576,2342,2019,1827,2509,2649,2310,2947,1671,1331,2676,1844,2185,2982,2210,1830,1469,3001,2758,2230,3676,3618,1674,1528,1715,3928,1721,6815,1901,2488,2008,2141,3028,1895,3481,1236,589,2676,2041,2139,3822,3091,2613,1001,546,5124,1439,5039,2776,2125,1787,1703,1529,2510,2539,806,2866,2285,1224,1553,3514,2688,3561,2484,2464,3299,1745,3178,1565,3417,1952,79,2011,1768,2357,3428
"COG4592",20,41,68,68,386,1,3,5,112,48,94,1,123,2,58,17,4,336,39,2,7,0,2,251,1,0,0,109,53,0,12,53,196,67,2,21,11,7,35,0,43,1,3,5,37,48,7,7,65,10,0,52,12,26,5,7,16,14,13,63,73,4,12,2,30,94,2,4,0,3,615,0,11,13,3,9,11,5,24,39,58,4,49,9,11,5,14,4,26,15,3,77,0,45,0,3,0,0,43,3
"COG4594",10,3,30,27,5,2,14,3,189,3,8,8,5,4,80,1,3,211,3,23,3,0,4,0,3,1,0,6,25,2,14,5,1,2,0,8,15,8,2,1,4,0,0,4,8,3,6,1,0,1,5,9,5,0,3,1,4,12,1,16,6,1,7,6,23,67,1,9,4,2,0,26,16,8,1,23,15,0,28,82,5,1,0,20,3,16,6,0,9,12,6,0,0,40,0,3,6,1,0,9
"COG4597",478,45,84,102,580,32,59,45,48,148,129,42,120,91,116,41,63,423,70,24,3,26,0,337,22,0,39,171,174,22,5,75,137,123,6,43,44,23,90,31,14,72,58,5,78,146,15,15,137,163,21,102,22,130,71,48,7,62,78,5,126,36,106,28,71,133,28,19,0,42,910,5,49,27,55,59,25,43,42,30,118,31,29,8,19,15,91,94,40,68,42,10,50,102,0,7,30,22,102,20
"COG4598",20,49,61,70,375,2,3,4,335,38,133,0,111,9,52,50,13,342,33,2,3,19,0,247,2,0,2,81,48,0,18,67,272,88,6,14,14,7,42,0,120,10,2,4,47,70,3,15,84,7,2,69,8,37,10,9,15,10,18,55,81,5,12,1,58,126,1,3,0,28,589,3,10,11,2,19,13,6,20,69,58,5,168,4,48,13,13,4,9,5,0,109,4,34,0,2,6,6,61,12
"COG4603",1770,970,1290,894,797,1215,1730,756,940,422,670,1185,837,1364,1040,638,1058,911,649,453,946,1496,819,198,1119,1562,1757,953,1068,929,1454,578,1317,2598,1927,573,1007,302,1548,1285,1808,285,962,1341,784,706,1010,765,1563,972,1659,273,1111,731,1426,1296,480,1995,1298,2522,1025,1242,944,1304,978,453,1227,4353,1319,465,1939,405,974,1406,844,2178,1416,1090,567,1714,455,1055,2400,1117,704,1273,397,923,1045,1278,689,488,1028,823,591,951,779,632,1005,1033
"COG4604",689,47,189,59,326,72,250,29,518,16,109,113,22,16,24,29,42,37,57,42,3,49,232,1,28,7,65,98,77,239,49,80,182,59,9,112,140,119,146,12,119,25,145,138,17,81,139,143,48,103,64,23,147,122,61,29,91,84,19,248,157,10,153,43,37,36,47,59,45,48,253,77,11,43,19,37,66,3,27,221,12,131,43,204,8,133,35,16,62,46,50,5,50,175,38,44,117,6,63,24
"COG4605",927,68,214,61,365,83,200,36,630,30,132,165,30,22,37,29,80,34,70,52,1,65,287,2,38,6,117,170,74,154,49,64,202,63,13,92,125,62,92,19,129,34,120,267,15,79,238,113,70,109,90,15,142,147,106,50,106,140,20,251,186,10,296,63,47,31,43,54,45,52,225,96,26,42,19,53,76,4,38,273,18,142,47,264,12,88,60,22,89,69,55,9,80,118,45,43,110,2,59,26
"COG4606",552,74,176,73,286,139,277,34,622,21,120,83,35,25,26,46,37,42,44,71,5,50,284,4,37,4,80,95,79,228,46,82,194,43,7,112,142,112,142,12,128,36,145,155,35,74,210,151,42,75,65,9,167,155,54,30,75,146,27,184,193,12,144,46,33,45,34,62,31,40,250,59,12,64,20,51,159,9,50,179,16,111,32,231,4,141,46,46,66,40,46,11,42,194,37,35,116,4,44,21
"COG4607",507,54,200,75,346,97,253,78,526,26,152,105,32,18,32,41,39,21,57,53,7,83,222,4,28,7,87,92,95,197,48,70,212,63,15,129,120,55,138,19,116,36,158,123,23,50,125,114,49,91,56,7,122,124,60,29,71,169,21,610,106,13,136,51,50,42,33,50,21,42,191,55,17,39,17,49,55,9,42,207,7,143,31,249,7,103,38,18,67,49,54,2,47,169,33,42,124,4,36,17
"COG4608",3803,2414,2926,4012,2937,2056,3365,2477,4067,1507,1658,1656,2181,1865,1870,887,2130,3028,997,968,1819,1781,1263,1953,1889,2565,1836,2054,1826,1808,1573,1138,3422,3885,2570,1582,1416,1106,2087,2042,3387,799,2111,2088,1999,1354,1791,1919,2255,1936,2100,671,2137,1790,2147,1848,1009,2299,1453,5562,2708,1929,1759,2203,1421,1619,1524,5556,3206,1255,4566,1538,1749,1842,1892,3246,1226,2090,979,4731,731,2079,3255,2499,1094,2038,1225,1798,1728,1602,1822,1644,1702,1843,1529,4470,1302,1734,3237,1868
"COG4615",31,61,134,113,691,2,3,9,214,74,150,1,232,5,109,36,13,699,77,8,6,0,0,424,3,0,0,192,74,0,33,107,310,112,7,29,26,17,62,0,102,7,0,6,98,81,4,15,119,10,1,79,17,65,11,6,18,25,18,103,124,7,8,1,66,146,3,11,0,15,999,0,28,26,1,24,23,9,26,66,105,8,117,22,36,8,39,2,28,22,3,195,1,63,1,4,5,1,104,9
"COG4618",0,0,0,0,0,0,0,1,0,6,0,0,0,2,0,5,0,0,0,0,0,3,0,0,0,1,83,0,0,0,1,0,0,5,20,0,8,0,0,4,0,0,0,0,3,0,0,0,4,0,10,0,0,0,0,20,0,0,2,1,0,11,0,2,1,30,6,0,0,0,0,0,0,0,0,6,0,0,0,0,0,0,0,0,0,9,21,0,0,12,0,0,0,0,0,0,0,0,0,2
"COG4619",726,79,119,143,609,4,1,334,179,47,150,98,125,4,111,17,21,417,57,8,5,1,2,455,6,2,0,128,58,21,15,71,182,90,12,21,18,18,42,5,49,7,5,3,61,74,2,20,134,42,0,46,4,62,10,9,25,16,14,541,1278,8,11,5,51,134,8,32,511,21,731,1,22,68,4,15,25,6,39,719,74,10,81,16,23,14,26,11,11,20,4,91,9,45,0,655,4,11,95,10
"COG4623",161,907,1310,158,954,662,141,225,1055,2084,1556,1542,1017,990,939,206,1560,1114,1799,134,1412,1412,566,461,1578,1057,495,1041,1495,778,1594,2251,1059,635,1111,1941,1910,1690,977,521,932,1199,1100,1110,1736,1308,726,562,920,809,789,280,1029,1417,1113,1220,1732,527,1393,329,203,1738,1028,765,453,1450,231,323,153,833,859,538,1326,1242,1296,838,1239,1058,1957,200,2308,1294,609,683,1979,814,1913,1512,1218,1868,910,1794,745,1130,979,58,699,120,1178,638
"COG4624",4601,4849,4812,5488,1891,4427,5442,3986,4391,3198,3225,4020,4333,5791,5250,1789,4194,3382,4464,1158,3819,5192,3818,1395,4565,4595,4894,5101,4984,4372,3478,3825,3626,6803,4037,4670,4047,3762,5575,4597,7538,3145,5867,5135,3607,4779,3788,5795,6312,4266,5645,1313,5535,5314,5283,4251,4004,5117,4114,3463,2336,4286,4797,4464,3146,3461,3360,7671,5464,2881,3576,2232,4079,4857,4719,5412,4865,5112,4165,4125,3105,3941,5763,4740,4609,4067,4454,3416,5027,4619,4664,3975,4081,5112,5009,3772,3495,2032,5557,2868
"COG4625",249,194,454,147,1308,92,34,108,633,85,129,39,203,119,453,85,158,753,90,80,31,175,21,0,37,272,234,190,254,74,49,40,608,68,25,268,147,61,98,70,305,40,162,13,122,297,479,34,5,43,16,165,39,200,407,30,70,507,128,54,91,83,163,23,75,192,91,255,2,11,885,16,112,114,67,80,105,96,11,82,151,51,42,43,49,183,527,106,106,177,30,612,72,378,1,22,333,29,466,39
"COG4626",2054,1085,1401,1572,3677,317,570,2790,486,690,717,6098,2048,941,1555,552,1070,732,1054,147,752,520,798,464,792,1484,894,1598,814,1193,206,760,542,3217,992,640,1304,361,890,1228,1210,360,431,1436,534,1478,696,1370,1767,2117,1459,318,616,1368,931,1041,1830,1090,1068,431,908,2019,925,2103,907,874,1322,3076,1961,734,1596,576,629,983,629,706,784,1534,712,229,1261,1096,677,1236,509,1131,808,779,419,943,486,1654,904,831,183,1453,898,505,655,1273
"COG4627",0,0,5,0,11,5,1,0,0,0,0,3,0,8,0,0,0,0,28,0,2,0,1,0,0,1,1,2,21,0,1,2,5,21,0,0,0,1,1,0,1,1,1,0,0,0,0,0,8,0,109,1,1,2,0,4,0,0,0,0,0,2,2,0,5,2,0,173,1,8,0,3,513,1,0,0,5,1,1,15,1,0,0,0,18,1,2,0,2,1,3,10,1,3,0,0,2,0,0,0
"COG4628",0,3,3,8,23,0,0,0,50,0,0,0,0,0,0,5,2,4,0,0,0,0,0,0,0,0,0,2,0,0,1,1,19,1,1,0,1,0,4,1,15,0,0,0,0,0,0,0,1,1,0,3,1,1,1,0,0,0,0,19,4,2,1,0,0,8,0,1,2,2,0,0,0,1,0,2,0,1,2,17,0,0,18,0,5,3,0,0,0,0,0,35,1,0,1,0,1,1,0,1
"COG4631",0,2,13,0,0,1,16,1,4,0,3,1,6,9,1,1,0,15,0,0,3,7,4,0,0,0,9,0,2,1,4,0,2,0,7,7,2,1,2,4,1,0,0,1,1,3,1,6,2,0,2,0,9,0,4,2,0,4,0,6,5,5,4,0,0,0,1,2,1,1,0,0,0,3,3,13,0,1,0,7,0,2,0,7,1,1,0,0,13,0,2,0,1,4,8,1,0,5,0,2
"COG4632",1338,2489,998,1017,208,1728,724,601,664,2048,763,1222,2248,1486,1447,608,523,522,3744,364,1425,1646,1184,368,2746,1102,1416,838,793,1098,839,1112,1138,1731,772,2163,1277,1959,1032,2097,1083,796,1100,925,1533,1479,1041,787,983,925,1342,115,1945,1394,1467,1171,3235,1672,968,1342,393,1080,1832,1487,864,1554,1287,4055,889,380,76,1158,1822,1330,1339,1471,1789,1247,1883,523,1868,1778,1317,756,1420,933,1271,482,2309,638,1869,2601,4020,1207,2325,1811,1081,538,2762,693
"COG4633",3,92,174,250,351,18,170,457,29,1,51,346,13,4,146,13,41,42,72,19,7,90,21,370,9,61,26,5,47,207,32,26,12,10,23,23,15,2,14,40,15,8,0,8,27,2,11,21,67,52,167,97,35,19,87,43,2,246,83,1136,1203,70,237,22,4,38,115,50,2521,25,2,10,3,112,40,33,0,33,7,1002,6,5,13,44,21,121,13,45,13,261,25,0,37,62,16,383,18,38,2,99
"COG4635",251,48,60,49,318,74,39,37,313,98,126,34,81,85,92,35,76,335,54,40,143,52,42,185,53,8,66,130,58,18,19,85,128,53,39,31,26,49,73,25,56,46,51,14,63,135,14,34,84,99,27,85,23,106,41,51,155,63,50,71,63,32,43,28,70,141,14,33,1,12,548,20,24,32,38,72,89,33,24,68,130,39,88,8,27,24,54,31,66,52,87,69,42,68,8,2,29,17,367,25
"COG4636",1050,167,509,1878,154,318,977,430,679,148,412,268,209,266,109,145,255,401,115,173,162,68,380,114,162,276,171,638,458,382,235,114,201,126,140,160,218,207,202,378,166,146,249,363,38,126,75,628,221,213,299,65,282,236,299,276,297,268,36,726,535,147,421,249,265,80,141,63,259,325,334,189,53,232,267,182,141,105,293,641,172,344,149,841,167,301,119,442,98,190,566,101,105,272,514,447,195,270,194,274
"COG4637",14,28,561,146,26,479,430,894,533,282,184,518,428,963,645,350,99,285,517,266,1217,835,248,64,93,193,412,284,748,337,255,62,222,283,179,844,178,1425,802,290,1246,218,935,777,439,1289,1290,895,576,185,411,160,991,414,581,1643,4,267,247,219,39,378,53,719,661,751,760,158,0,341,5,1809,1203,377,835,212,484,309,40,341,681,61,1031,327,131,620,95,712,1029,631,364,318,1030,605,754,43,601,106,5,395
"COG4638",27,64,109,118,755,1,5,9,528,66,156,4,249,3,99,56,19,659,56,2,5,0,0,448,4,0,0,188,70,1,40,18,484,3,7,20,23,24,62,0,209,10,3,6,63,82,7,22,41,14,0,115,10,57,11,7,17,24,0,284,141,6,24,0,60,104,1,17,0,31,961,1,26,24,2,30,8,10,31,79,74,11,249,13,81,13,25,7,25,11,3,103,1,76,2,6,5,1,90,16
"COG4639",30,50,80,0,1,476,9,445,68,630,3,0,1,53,52,136,25,222,7,44,41,4,4,38,63,16,185,50,1,133,3,123,53,392,203,12,3,11,27,111,83,6,70,144,90,8,9,31,598,70,476,1,86,29,74,67,6,54,46,107,276,3,5,74,11,422,7,60,0,3,317,12,7,14,17,1,17,1087,7,436,78,14,23,6,25,154,17,24,98,34,2,56,80,1,157,1,29,48,6,160
"COG4640",7,17,53,20,19,3,55,476,165,0,37,2,1,1,1,5,1,5,3,1,8,0,3,2,2,1,2,2,45,8,1,2,0,0,13,0,1,3,0,0,0,1,1,0,0,5,1,1,39,43,7,49,2,2,11,0,2,3,3,898,325,3,3,9,9,2,11,0,84,8,0,6,0,1,3,7,3,0,13,626,0,4,2,11,4,2,1,0,0,0,6,0,4,0,9,29,2,7,36,2
"COG4641",5537,1197,321,59,18,1272,2054,1074,2687,1,1374,601,796,788,324,768,807,1006,497,619,949,566,1758,306,756,934,439,2558,1471,1801,580,35,462,88,633,242,928,2135,855,1673,186,426,224,2191,27,332,427,1165,131,263,1027,14,766,116,949,405,35,786,145,23,1,840,1762,382,865,382,320,119,0,1073,0,439,40,85,589,33,225,270,737,634,93,1251,463,2149,226,1767,120,1146,285,159,2679,238,337,1068,386,88,532,419,309,632
"COG4642",79,1053,734,77,193,937,495,763,493,809,1111,890,744,899,746,1548,740,284,1393,2433,1410,972,1068,1535,1087,600,1047,664,933,1205,956,980,395,212,940,926,1024,975,755,679,482,2170,939,1010,1325,865,1155,856,450,1631,452,2008,734,794,808,720,1287,601,980,635,104,1021,674,914,548,766,1376,328,157,1502,7,425,1008,771,656,433,847,697,1132,206,1274,882,443,591,1516,1367,1226,781,907,1052,543,1394,551,1061,702,49,1718,1512,839,1804
"COG4643",676,91,5,84,881,46,78,9,56,247,45,26,218,168,87,21,69,904,68,21,2,24,89,721,7,8,79,140,249,20,6,54,3641,326,35,31,11,26,220,92,66,49,50,11,149,130,38,7,197,141,49,8,17,133,196,86,7,124,61,3,48,33,86,25,88,287,32,127,0,14,0,13,139,44,37,109,11,34,15,63,20,24,25,51,11,25,236,72,31,3,43,366,19,82,0,29,34,12,6,30
"COG4644",76,342,127,274,42,12,23,90,1181,244,95,17,533,15,1232,119,25,1492,27,13,11,17,0,715,23,5,4,4480,162,4,94,223,1,1427,78,14,134,162,130,35,432,7411,9636,29,143,44,26,10,34,128,0,4,9,40,12,11,9,17,192,122,90,4,17,6,55,659,120,5,32,23,66,3,6,8,11,13,76,10,59,145,11,12,149,4,42,13,28,7,16,70,0,17,6,30,5,7,10,3,219,9
"COG4646",2198,8956,6396,9554,3146,10239,8057,5336,2941,17036,5624,7972,7495,11719,7987,4484,7740,6917,5554,12155,9880,9938,6909,5766,7315,13372,12081,14895,7092,7702,20823,7109,8799,13827,11129,9261,8108,4501,8423,6886,7238,7432,17042,9739,7551,2712,9855,9821,12259,6015,14588,3241,12495,6379,9908,8946,6887,14564,9850,4837,7740,7708,10992,9920,5482,7087,5077,16545,3327,4752,2821,5423,7684,12774,8541,20515,6199,9091,7888,8727,6405,6116,8061,18334,10777,11120,4374,6613,13850,17340,4591,1065,9991,7065,12320,5634,5747,5823,5917,9008
"COG4648",70,4,2,2,0,2,2,21,122,23,6,13,0,18,52,246,8,2,18,7,0,4,1,0,15,1,3,2,17,9,10,0,0,4,1,2,1,0,14,0,2,12,17,0,3,18,4,2,36,61,0,19,10,27,59,2,0,9,21,63,0,6,18,6,1,14,7,7,1,2,0,2,0,1,12,18,8,5,5,30,3,8,3,2,13,2,3,8,14,36,10,70,14,38,0,1,3,0,7,11
"COG4650",60,112,123,111,676,10,5,64,11,88,148,36,209,21,75,12,59,661,72,17,7,4,27,359,28,7,19,177,95,21,7,39,166,175,14,76,69,21,80,39,2,10,3,9,72,74,9,12,117,25,10,137,35,74,51,31,31,48,33,138,164,13,31,7,73,176,15,38,2,15,1163,3,55,32,11,52,36,32,33,35,94,23,13,25,35,10,121,13,77,70,4,25,65,167,1,5,7,1,106,6
"COG4651",540,125,123,117,1339,47,99,36,180,203,221,26,312,152,152,62,242,764,111,20,15,151,83,519,12,9,146,285,182,26,25,139,726,214,18,109,77,111,150,96,344,98,111,15,115,240,345,30,159,429,71,89,33,206,170,130,57,327,93,139,131,115,133,35,138,135,74,142,3,30,1247,18,143,42,101,128,37,143,54,55,110,29,98,31,54,56,213,148,66,29,80,140,76,277,7,17,168,19,157,51
"COG4652",0,3,7,22,16,29,50,1,50,2,48,121,0,0,6,21,22,0,0,1,2,1,1,2,3,8,10,2,6,5,27,0,1,125,43,0,2,1,0,0,13,4,3,1,1,4,1,3,68,0,18,1,416,4,3,6,29,2,45,746,437,4,10,5,1,24,46,209,0,9,5,4,0,8,0,68,1,4,2,17,0,0,16,14,4,0,2,0,104,2,4,0,1,5,3,4,7,8,0,2
"COG4653",17,56,89,436,250,64,64,122,48,34,86,117,15,153,90,58,69,94,64,31,29,37,118,31,58,108,85,69,85,95,15,110,61,219,75,108,61,31,178,210,50,19,154,193,88,321,42,49,378,74,562,234,251,240,359,335,813,426,538,286,236,501,271,567,110,167,511,897,641,369,1160,25,312,171,191,260,217,829,344,110,273,284,227,509,56,298,221,400,169,472,276,81,222,379,116,83,396,54,99,345
"COG4656",1553,2194,3363,4844,1899,2545,4060,2776,2806,1943,2344,2415,2616,3081,2421,2494,3024,2975,1795,1596,2190,2810,2309,1999,2562,2881,3018,2814,2750,2921,2558,2317,2684,2703,3301,2495,2548,1850,2776,2878,3546,2555,3235,2766,2551,2088,2320,2713,2789,1733,2811,2917,2812,2257,2617,2104,1624,2987,3150,3156,1585,2528,2673,2599,2581,1954,2913,3142,2388,2643,2370,1946,2422,2737,2077,3566,2255,2737,2159,2647,2014,2552,2776,2907,2896,2344,2686,2167,2949,2826,2006,2116,1889,2484,2378,966,2950,2287,1657,1790
"COG4657",777,1316,960,721,894,1349,1446,1284,1266,913,1290,1402,1235,1485,1485,1363,1413,1129,1224,1028,1373,1473,1595,1034,1390,1456,1733,1405,1444,1354,1203,1130,1260,1274,1828,1037,1227,1022,1498,1420,2138,1531,1445,1489,1690,1076,1416,1517,1955,839,1703,1214,1379,1363,1431,1268,962,1489,1393,557,448,1487,1353,1709,1288,1140,1584,1744,802,1504,703,1299,1487,1248,1061,1790,1253,1532,1037,1067,1149,1473,1506,1503,1516,1422,1280,1349,1411,1393,1172,1161,1009,1190,997,495,1409,1544,939,936
"COG4658",897,1824,1662,1173,1225,1946,2339,2122,1930,1842,1976,2024,2546,2604,2010,1913,2653,1927,1364,1307,2121,2387,2066,1151,2255,2410,2440,2341,2093,2389,2286,2016,2311,1813,2517,2229,2114,1840,2134,2162,3469,1987,2604,2156,2685,1832,2133,2142,2451,1467,764,665,769,607,671,707,435,840,828,284,203,737,791,810,658,456,910,990,422,680,419,494,781,642,610,1150,520,794,704,526,686,732,691,975,755,747,693,646,872,755,673,552,463,740,569,252,645,655,411,475
"COG4659",903,1308,1212,762,825,1346,1383,1388,1415,1224,1423,1460,1468,1603,1439,1264,1755,1255,1362,1371,1409,1493,1250,885,1477,1454,1480,1553,1464,1320,1577,1454,1355,1067,1690,1559,1588,1480,1473,1395,1416,1792,1573,1478,1691,1503,1383,1473,1525,1012,1326,1423,1449,1418,1260,1402,1280,1405,1518,552,474,1642,1337,1277,1164,930,1271,1373,951,1360,756,1383,1566,1259,1442,1867,895,1238,1477,985,1397,1445,1162,1656,1723,1621,1786,1466,1460,1751,1501,1380,963,1559,1188,363,1727,1677,1054,982
"COG4660",1029,1692,1170,668,749,1671,1820,1624,1558,1339,1480,1780,1879,2026,1666,1703,2033,1331,1193,1627,1757,1861,1956,1089,1889,1950,2110,1829,1675,1767,1730,1377,1687,1380,2124,1708,1680,1487,1558,1521,2647,1800,1686,1853,2165,1462,1834,2064,2054,1057,1869,1301,1881,1795,1583,1810,1185,1952,1610,653,523,1910,1945,1841,1646,1167,2076,2119,980,1711,810,1455,2028,1533,1670,2790,1648,1800,1559,1379,1601,1769,1702,2224,1754,1790,1610,1609,2158,1737,1609,1381,1113,1377,1327,621,1729,1717,994,1151
"COG4662",0,27,0,14,21,16,43,0,11,19,10,7,0,34,7,20,19,19,23,2,14,30,7,1,6,19,177,9,27,9,13,0,23,100,80,29,24,3,23,27,12,18,23,6,8,3,13,1,33,29,19,1,8,8,18,33,7,26,13,1,0,9,20,13,12,19,8,70,3,7,0,3,5,4,21,26,5,12,0,0,9,7,24,6,21,9,24,2,10,10,19,11,15,50,5,19,9,4,0,11
"COG4663",3,2,17,0,36,63,25,0,8,45,6,35,9,135,128,19,33,36,0,0,13,90,11,3,43,15,46,18,17,18,27,3,10,40,33,30,42,3,113,62,67,29,37,39,14,9,18,11,14,11,61,0,27,5,43,25,0,32,16,13,14,73,27,27,10,15,24,93,0,4,0,1,29,66,17,35,4,45,0,5,22,7,72,14,45,13,35,7,30,6,18,12,45,17,13,3,48,27,0,13
"COG4664",4,1,23,0,28,63,36,2,9,36,7,35,13,121,112,27,21,23,0,0,17,83,10,2,41,24,51,17,13,8,29,1,20,58,52,31,46,3,110,53,82,38,42,31,28,8,16,12,21,9,58,1,50,20,62,21,0,47,21,12,20,65,28,27,10,8,26,99,3,5,0,1,32,38,38,54,6,64,0,7,14,9,64,15,54,16,31,7,26,5,14,20,44,20,21,0,42,23,0,20
"COG4665",1,2,15,0,13,33,21,3,2,27,2,26,6,47,64,12,7,13,0,1,7,33,4,3,27,9,25,8,6,8,13,1,7,22,30,22,26,2,82,45,56,23,19,23,16,4,10,6,7,6,36,0,18,18,23,22,0,32,15,7,14,35,19,20,10,2,20,51,0,4,0,0,28,14,15,29,3,22,0,6,13,11,25,8,24,10,13,2,12,2,6,2,25,15,10,0,19,16,0,11
"COG4666",133,677,556,1454,298,747,559,732,496,727,434,596,797,885,463,592,728,364,222,266,1043,798,727,166,752,508,820,541,459,439,731,412,389,810,562,889,445,313,1065,786,1064,241,574,1045,411,317,337,315,1151,556,482,186,709,631,731,686,250,1377,777,463,118,632,364,384,440,337,1586,1284,504,220,1087,266,732,675,377,724,391,724,266,603,206,335,1725,1376,429,340,772,492,962,332,463,199,791,1005,209,632,653,750,1163,323
"COG4667",2402,2111,1585,1556,1281,1896,2404,2179,1711,1099,2006,2174,1582,1697,1562,1975,2178,1684,1660,2737,1679,1529,1862,2253,1948,1644,1978,2210,2132,2397,1890,1344,1330,1035,1957,1349,1669,1939,1627,1727,2223,2069,1734,2227,1616,1069,1958,2297,1447,1728,1868,1643,1819,1463,1623,1456,1377,2020,1487,1738,2458,1852,2091,1971,2286,1581,2404,1434,2076,2644,1102,2352,1624,1850,1572,1593,1860,1450,1659,2230,1648,1866,1535,1753,1919,2218,1880,2246,1469,1678,1491,1622,1311,1831,1927,1395,1949,2281,1459,2556
"COG4668",142,301,526,864,1679,447,723,328,1473,913,653,152,662,179,560,181,406,1796,256,80,173,70,98,1680,61,81,183,581,432,262,108,266,995,391,190,189,223,451,236,503,586,292,153,323,288,309,233,120,339,396,43,364,208,369,142,66,206,279,379,934,599,133,109,535,499,1074,104,161,497,99,2574,1092,75,425,516,190,124,399,93,972,248,104,479,175,426,118,118,203,118,90,761,430,173,475,369,3449,29,607,354,149
"COG4669",43,61,75,74,516,1,5,1,10,46,10,4,7,12,108,7,11,172,102,5,5,12,10,256,13,2,5,75,28,4,6,0,5,9,18,17,34,17,20,11,7,11,14,3,66,94,5,20,23,120,2,39,10,39,0,10,48,8,3,2,130,2,12,9,33,8,6,25,0,12,864,1,28,16,19,34,16,21,23,3,130,8,9,4,3,6,30,6,10,13,0,19,12,69,0,4,8,0,144,1
"COG4670",301,549,638,265,1421,383,1172,2179,391,169,496,168,540,308,1207,111,160,1182,269,36,181,205,95,1046,151,110,152,372,309,489,100,543,538,621,266,334,257,72,409,219,541,87,412,181,273,545,182,281,899,339,428,133,224,222,247,191,174,301,280,379,226,128,178,479,193,387,132,491,3453,142,1804,65,171,522,186,390,243,640,148,1057,185,94,218,286,135,95,600,97,216,238,147,478,324,383,186,559,234,104,789,111
"COG4672",34,24,32,34,1074,1,1,5,12,46,5,2,3,4,93,5,14,194,35,3,1,0,14,100,33,0,92,139,811,1,69,105,147,113,2,35,19,2,34,148,80,2,1,0,45,59,10,16,440,55,0,83,33,40,6,17,2,9,17,19,111,4,10,2,23,237,3,94,292,4,888,3,26,16,0,30,20,14,22,49,98,2,61,27,10,11,28,3,30,89,2,12,1,45,0,53,13,0,213,6
"COG4674",0,29,1,6,4,1,0,2,271,1,10,1,1,28,0,942,2,16,1,2,6,15,0,0,8,37,2,58,0,13,21,3,30,29,1,36,17,226,15,170,57,1,0,0,20,0,75,0,9,5,0,2,0,1,2,0,16,0,2,1,0,6,30,44,0,11,1,2,38,7,0,0,1,0,3,11,1,55,1,8,0,1,11,1,9,2,0,1,0,2,0,22,0,39,4,0,0,1,1,11
"COG4675",0,0,2,0,69,29,0,0,0,568,113,1,1,1,149,22,0,0,0,0,40,26,0,0,1,13,27,26,26,19,0,0,145,200,2,0,0,2,12,49,0,0,2,8,3,0,66,0,0,0,41,0,3,53,1,0,23,31,2,2,0,156,19,3,6,1,15,11,0,22,0,0,0,76,4,3,0,1351,0,0,0,0,1,1,0,22,2,91,9,0,19,0,119,0,0,0,459,8,0,18
"COG4676",17,46,60,52,432,1,10,7,4,29,98,15,126,1,45,2,3,352,28,1,2,0,0,298,3,0,0,80,59,0,5,24,133,64,1,14,10,4,67,2,0,2,3,6,24,40,3,15,49,3,0,34,4,31,0,4,13,9,9,3,50,2,2,1,37,28,1,4,0,9,609,1,13,18,0,12,16,1,13,4,39,2,6,10,9,5,16,2,16,7,4,14,0,31,0,5,215,0,35,1
"COG4677",2570,1069,2635,743,940,2902,2361,1815,2403,3818,2860,3374,3301,2338,2378,1774,3839,2648,4386,6760,4387,4665,4500,1986,3009,1975,3380,3881,4420,5018,3886,4278,2480,769,2635,4119,4327,5686,3037,2222,1879,4802,2211,5268,4156,4447,4682,2855,1668,2972,2851,7702,3053,2953,3048,3683,4672,2008,3426,182,348,5240,3822,2352,1815,2696,3237,1246,1901,5304,1147,3363,3093,2895,4157,3184,2272,2396,4511,1191,5234,4023,1168,3957,4357,2708,6027,4125,3137,4937,3592,2694,2405,3643,3325,358,4691,4890,5196,1717
"COG4678",16,19,0,34,2,1,0,0,6,29,4,0,139,1,33,0,0,144,25,1,0,1,0,164,1,0,0,38,1,0,2,77,2,3,2,17,7,3,2,0,0,1,2,0,42,55,1,7,1,0,0,21,1,9,0,0,212,3,0,56,81,0,0,0,15,0,0,0,0,1,3,0,0,10,0,0,5,1,30,1,0,3,0,11,3,2,13,2,5,9,1,3,0,5,0,2,1,3,47,0
"COG4679",19,87,2,16,275,49,32,142,106,10,64,86,18,37,103,33,111,177,11,35,53,47,16,1,29,204,281,56,6,125,69,0,98,183,25,20,74,24,27,52,84,5,13,80,74,11,100,127,38,57,326,14,127,16,39,113,19,52,12,231,343,151,84,50,50,17,79,121,332,51,135,47,28,135,36,94,3,156,19,9,29,20,104,39,64,106,23,122,94,57,26,1,57,213,37,16,70,32,2,107
"COG4680",245,288,51,24,245,320,55,285,117,63,197,254,129,36,126,331,12,165,271,108,173,173,166,106,189,63,98,63,132,82,154,499,103,83,216,47,183,253,215,71,128,635,122,60,81,624,453,405,99,183,47,133,85,500,193,186,332,19,52,7,62,24,85,158,158,385,514,34,0,35,370,10,255,181,85,139,269,146,162,4,482,97,184,79,41,144,119,384,61,404,226,386,117,208,98,8,119,156,478,471
"COG4681",81,37,63,54,357,26,16,26,178,56,92,10,112,29,69,35,32,348,50,9,1,14,0,259,14,0,0,111,104,10,15,42,141,85,9,8,15,9,55,0,47,29,33,8,41,100,10,10,89,108,1,63,13,66,5,4,14,40,31,59,68,11,36,5,38,69,7,19,0,13,575,5,10,25,22,9,13,11,26,48,48,10,86,10,18,6,13,30,30,24,22,96,15,24,0,3,14,12,45,5
"COG4682",42,54,89,77,588,2,4,5,377,50,167,4,126,5,86,29,9,594,84,6,8,0,1,320,4,0,0,121,65,1,21,69,162,51,4,25,14,17,41,0,91,8,3,5,107,90,4,25,91,3,1,43,6,52,13,8,31,22,5,37,94,7,10,3,52,65,1,9,0,15,899,3,23,24,2,17,23,8,18,17,88,7,141,7,33,17,25,3,18,7,5,14,0,37,0,3,4,3,114,10
"COG4683",0,6,124,14,26,0,0,0,200,0,7,18,1,23,4,13,1,2,16,0,0,0,1,0,0,2,0,3,5,50,8,9,0,3,0,5,1,3,3,0,2,0,1,0,9,23,0,0,0,2,0,33,0,1,4,0,1,1,0,1,21,0,3,2,4,19,0,1,0,8,1,1,4,7,2,23,0,0,11,12,2,1,73,1,9,1,7,0,0,5,0,1,1,20,1,2,1,1,2,0
"COG4684",829,384,299,243,154,126,520,497,331,24,234,118,114,155,248,128,292,265,117,87,75,61,103,135,135,188,87,233,145,186,141,194,151,351,229,62,113,82,177,177,125,59,258,126,46,125,57,885,252,267,179,40,377,169,151,81,154,176,100,1280,250,76,87,264,79,112,172,319,639,179,395,94,54,158,263,245,85,174,62,405,106,171,141,336,84,103,117,60,144,171,118,91,153,144,395,98,73,118,229,116
"COG4685",33,63,115,108,703,0,6,13,4,69,155,1,218,1,111,2,8,644,70,7,9,0,2,394,11,0,0,175,79,1,3,98,226,158,2,19,33,12,49,0,4,5,3,7,72,70,7,19,128,8,0,55,18,63,1,8,27,29,37,9,115,3,6,2,69,99,2,10,0,10,963,1,31,20,1,22,30,8,20,3,87,9,14,21,15,3,24,12,28,15,3,18,3,65,0,5,3,1,101,0
"COG4687",459,12,91,102,110,12,173,238,136,0,50,8,7,4,54,13,16,37,4,11,17,8,17,92,10,10,13,12,30,66,1,8,4,13,63,2,7,8,21,33,182,5,15,23,4,23,3,10,51,46,14,30,42,13,12,14,6,5,18,1240,119,22,14,44,16,8,14,35,174,18,7,13,1,66,14,12,5,11,11,172,3,9,21,32,2,9,6,18,11,8,12,1,16,1,15,72,4,17,26,4
"COG4688",0,4,0,16,0,0,2,1,1310,5,1,0,3,0,0,9,0,107,0,1,0,0,0,0,0,0,0,12,46,0,0,170,135,0,3,0,1,3,27,0,0,0,4,12,73,289,0,0,0,2,0,211,1,5,0,2,2,2,30,0,0,0,1,0,10,0,0,0,0,2,0,0,0,29,0,0,0,1,0,0,1,0,273,0,0,0,2,0,0,0,0,3,0,16,0,0,0,3,2,0
"COG4690",3386,1943,1653,358,1702,2338,1571,7213,850,2331,2327,2384,1862,2291,2248,2221,2369,1149,2114,3875,2278,2704,2115,2572,2401,2377,2639,2088,2419,2954,1678,2476,1918,1273,2000,1875,1819,1630,2772,1996,2197,3416,2754,2363,2585,1532,2891,1671,2122,2345,1677,3803,1824,2306,2099,2364,1471,2318,3503,3646,7218,2020,1743,2051,2307,2374,2451,1454,3117,2737,395,2004,2337,2185,1455,1855,1876,1803,2447,5222,2124,2102,1568,1815,2506,2017,2143,1947,2351,2245,1289,2216,1620,2553,1452,3085,2508,3297,1367,2297
"COG4692",156,306,1411,276,244,1474,235,1300,846,2432,3520,1501,2060,1749,1184,835,787,510,2033,132,2081,1040,887,64,2090,1067,1134,1802,452,2560,1295,1571,976,297,1883,2439,1403,2532,1311,1317,493,2052,856,2004,2336,3112,2160,966,1044,1355,648,107,1925,1301,1887,1981,3504,1588,2354,129,195,1873,1394,1054,455,1778,436,1085,461,1284,102,697,1339,927,1899,972,1734,696,2177,413,2073,2231,398,1580,666,847,2107,1023,2453,1347,1441,951,990,1421,2119,102,4769,2312,2120,253
"COG4693",27,21,107,34,1,14,141,1,9,30,1,17,25,13,65,8,6,235,54,2,12,155,31,0,26,51,118,46,37,7,13,60,105,18,126,30,32,29,54,8,97,5,52,57,50,55,5,22,113,83,19,131,31,41,10,13,29,14,39,158,124,64,11,21,8,90,0,85,0,15,48,320,35,115,73,35,24,99,24,17,53,4,160,25,21,22,22,1,28,42,3,3,54,65,16,7,9,16,187,17
"COG4694",35,1020,102,241,61,213,230,405,69,1148,211,684,174,47,369,1123,25,271,96,18,212,322,169,1,7,510,503,126,284,778,22,1408,91,126,79,559,867,3924,708,228,63,92,1,52,62,178,33,243,86,165,892,7,185,354,112,197,1,198,59,229,1,829,107,209,42,23,552,21,1,1,0,656,79,211,446,74,884,61,399,0,29,483,147,51,278,112,56,574,108,4,2,598,19,265,214,66,111,18,899,353
"COG4695",455,267,596,1291,2546,203,270,954,289,310,282,884,70,520,530,250,284,427,212,131,120,232,451,234,390,624,388,316,607,286,157,353,164,1242,512,234,282,183,584,576,570,59,266,1126,283,1513,449,820,873,450,484,127,215,839,275,500,1589,606,417,283,441,628,427,1085,163,270,494,538,529,466,1155,409,263,265,219,385,585,1065,349,214,831,400,343,1129,175,669,373,628,183,774,289,296,437,432,118,1035,431,169,442,621
"COG4696",2,6,29,13,88,19,14,2,32,31,14,32,0,2,162,10,14,19,0,2,1,21,3,0,6,13,47,22,23,26,1,3,93,14,43,0,0,10,113,114,18,45,60,4,5,3,38,0,187,27,107,27,36,73,128,64,5,81,62,580,31,6,6,3,8,27,15,16,19,19,9,5,3,66,46,2,0,103,1,4,0,55,25,9,50,35,1,0,50,0,6,0,78,0,0,8,17,21,28,22
"COG4698",551,10,18,3,5,1,31,100,41,0,4,0,0,4,1,0,0,0,5,0,3,0,8,11,0,1,0,0,2,0,0,4,0,0,10,0,0,0,0,3,1,1,0,0,0,0,1,2,19,21,0,11,0,6,1,1,0,0,3,706,7,6,0,8,1,0,6,1,69,4,0,0,0,0,1,3,0,0,5,13,0,0,2,2,1,0,0,1,0,0,4,0,1,0,3,4,2,1,17,2
"COG4699",4,5,23,13,20,2,14,0,63,0,12,0,0,0,1,0,0,0,0,0,0,0,10,1,1,1,0,0,1,0,1,4,0,0,11,0,0,2,0,1,1,0,0,0,0,1,1,0,5,18,0,14,0,3,0,0,0,0,1,572,18,3,4,14,0,0,7,0,25,5,1,0,1,0,1,4,0,0,4,11,0,2,7,1,1,0,0,0,0,0,4,0,2,0,5,22,1,5,18,1
"COG4700",1,4,3,28,0,0,0,1,0,17,0,0,0,0,0,3,0,10,45,0,0,0,1,0,0,0,1,0,0,0,0,0,1,0,0,0,0,1,15,0,0,0,0,0,20,0,0,0,0,10,0,14,0,0,0,0,0,0,0,3,70,0,0,0,0,0,0,0,0,0,0,0,0,0,0,0,0,1,0,0,70,0,0,0,0,0,0,0,0,0,0,6,0,2,0,0,0,0,95,0
"COG4702",174,52,90,171,7,69,256,155,41,10,104,41,82,23,44,43,55,120,59,36,63,23,58,11,32,60,21,21,41,203,22,12,33,25,83,35,94,59,87,59,17,58,11,39,21,13,23,130,34,8,25,24,99,5,129,42,10,59,20,37,22,46,7,43,27,25,22,35,176,23,5,24,6,34,38,36,22,48,5,170,20,13,59,54,46,85,3,40,41,114,298,1,71,85,46,113,27,46,25,12
"COG4703",222,2,7,10,9,1,12,44,46,0,12,0,0,1,1,0,0,3,4,2,0,0,1,5,1,0,0,0,2,2,0,4,0,0,8,0,0,2,0,0,9,0,0,0,0,2,1,1,10,16,1,3,0,1,4,0,0,2,1,467,13,2,2,6,0,0,4,0,26,4,1,0,0,0,3,0,2,0,6,8,0,0,3,0,0,3,4,0,1,0,2,0,1,0,1,17,2,2,4,0
"COG4704",0,0,1,0,12,13,0,0,4,61,0,18,55,35,4,0,1,0,81,1,56,12,8,0,139,64,1,34,0,11,0,0,56,6,242,9,64,103,12,1,35,0,0,111,4,9,0,0,3,14,16,0,55,22,66,27,116,30,103,0,0,134,19,16,3,18,1,41,0,2,1,1,4,2,7,61,15,1,0,0,21,117,5,1,23,4,63,0,58,0,3,246,17,3,1,0,29,0,0,2
"COG4706",180,1,0,1,0,10,8,21,109,57,15,8,1,38,45,242,29,4,11,6,0,18,0,0,19,0,0,12,20,8,7,0,0,7,4,1,1,0,8,0,4,16,10,0,1,36,3,2,17,63,2,19,10,53,37,3,0,11,48,47,0,5,54,11,6,34,14,1,0,1,0,8,0,0,24,13,3,4,6,25,1,6,1,1,11,6,3,38,15,23,20,51,17,12,0,1,15,6,4,17
"COG4708",1135,426,412,687,200,504,869,444,629,194,289,447,505,498,345,245,660,488,141,186,406,408,639,99,382,752,554,693,437,360,343,202,482,527,846,282,279,174,347,345,785,105,260,638,359,154,353,699,583,305,746,93,548,256,436,601,125,652,264,1161,434,501,474,570,336,163,495,857,237,244,325,209,265,481,430,601,329,508,186,743,135,340,683,842,233,605,113,360,434,313,441,86,252,216,380,324,292,319,210,448
"COG4709",176,98,444,794,46,47,650,300,292,28,170,89,55,79,109,34,108,217,67,51,34,108,80,111,59,104,110,155,158,160,138,99,70,47,350,52,58,52,90,106,110,21,94,72,53,141,60,77,111,60,78,68,134,123,143,32,52,72,54,1447,365,85,106,128,49,46,56,171,581,103,170,41,41,187,111,250,275,76,60,368,22,37,62,219,23,67,55,126,50,99,119,21,88,92,215,196,38,122,56,59
"COG4710",13,0,0,0,2,0,1,0,0,0,0,0,0,0,0,0,13,0,3,0,0,0,8,0,0,1,14,0,0,0,0,0,0,1,0,3,0,4,0,9,2,0,0,0,0,0,0,0,0,0,1,0,0,0,24,0,0,2,1,0,0,7,0,0,9,0,0,0,0,0,0,0,0,0,0,0,0,7,0,1,0,2,135,0,0,5,0,0,1,0,0,0,5,1,0,0,0,0,4,2
"COG4712",41,61,121,14,1148,211,36,1,144,40,63,36,517,27,134,72,26,117,235,2,110,120,56,3,98,126,109,17,44,55,9,2,67,74,78,289,347,22,170,23,95,12,59,86,21,420,66,32,34,341,98,1,108,230,100,65,7,131,95,8,56,206,142,159,12,47,32,92,14,33,4,13,31,2051,102,41,44,31,46,2,21,197,432,39,9,34,70,540,74,1119,51,487,38,44,169,15,231,103,542,23
"COG4713",1740,242,360,578,515,551,538,30,408,25,280,561,305,250,289,239,213,516,132,184,518,119,655,141,237,352,134,462,577,327,127,92,300,897,420,134,210,178,149,574,266,73,366,116,65,165,259,503,282,364,695,81,400,112,402,259,116,455,156,1317,35,231,1030,684,413,89,263,280,517,63,389,80,103,460,527,101,46,147,331,268,170,733,229,391,176,197,77,406,442,343,53,60,237,170,87,341,186,107,152,363
"COG4715",0,0,2,0,0,7,2,0,0,0,45,1,2,0,1,1,0,1,1,1,3,0,0,13,38,2,0,6,0,11,0,4,2,47,2,23,0,19,0,0,0,0,94,0,0,171,2,1,2,206,0,0,2,16,1,0,169,0,0,0,0,1,0,0,5,0,4,0,0,0,5,0,111,13,18,0,70,25,0,1,0,1,1,0,38,0,0,118,0,4,0,0,22,1,2,1,0,1,2,3
"COG4716",2901,1181,992,1248,1105,1798,2711,2813,1357,371,916,1426,1299,1545,923,758,1668,1434,351,685,848,1181,1348,1184,1401,2085,2203,1869,1160,1746,1071,232,1813,1016,1625,516,1041,476,923,1223,2346,354,775,1627,1066,318,1060,1091,1411,589,764,81,383,216,332,490,101,513,273,939,1409,369,450,606,408,116,702,931,853,206,283,179,286,313,295,967,371,628,170,1260,169,528,681,643,160,618,81,408,273,238,517,75,732,316,273,627,282,329,131,563
"COG4717",322,229,232,62,93,210,319,632,121,31,231,152,156,246,132,245,267,245,90,110,254,151,128,46,169,182,109,142,91,284,77,87,177,298,194,75,138,104,186,312,69,98,94,250,46,100,92,606,200,198,459,148,948,224,426,485,194,1320,404,701,1059,355,542,1007,566,247,1011,874,1250,186,903,183,166,510,766,517,198,2196,246,1298,193,921,1625,501,259,500,117,355,562,524,1178,132,1977,439,416,698,240,382,375,713
"COG4718",33,20,5,29,1269,2,1,3,7,17,1,1,1,1,138,3,11,207,48,0,3,0,0,191,3,1,1,128,636,1,8,98,119,128,1,21,23,3,13,0,16,4,0,2,55,78,3,11,405,18,0,15,3,10,1,2,1,0,7,1,41,1,1,0,9,33,2,2,0,4,295,1,10,5,0,9,2,0,5,9,29,2,18,4,0,3,16,1,5,4,1,3,0,20,0,1,1,0,34,1
"COG4720",2065,571,636,971,282,501,1212,1078,930,50,436,626,392,528,533,382,523,438,99,217,382,491,399,448,378,606,446,694,494,559,824,204,591,639,762,152,281,135,330,537,916,108,279,748,149,117,394,767,713,343,604,128,497,290,400,340,111,920,309,2324,1036,509,540,656,382,146,474,840,945,244,277,142,126,807,321,671,107,592,155,1719,137,506,912,434,234,503,102,401,303,296,377,107,396,197,602,791,276,275,162,548
"COG4721",201,63,135,117,374,6,8,431,103,3,14,269,6,8,135,4,71,2,1,8,4,2,1,439,7,4,5,0,88,257,5,5,7,7,8,55,29,2,18,3,36,18,154,5,3,54,10,6,15,9,0,32,4,82,4,9,8,16,128,149,2396,2,8,8,3,29,7,85,775,98,0,4,0,132,4,15,22,3,40,748,7,1,8,34,2,22,61,12,4,45,8,17,31,73,17,1014,29,39,141,31
"COG4722",2526,111,138,110,42,3,22,237,49,0,22,133,35,126,19,30,7,457,3,6,24,38,18,34,9,34,87,12,66,168,17,23,14,206,162,20,11,7,103,45,112,10,26,69,2,29,2,39,71,60,63,8,122,31,13,43,1,70,26,34,251,75,17,44,42,27,70,245,82,16,91,3,13,231,6,30,48,14,1,3,6,7,31,92,16,11,6,14,44,51,69,0,46,16,19,52,30,7,86,13
"COG4723",28,23,3,57,2055,2,2,3,5,28,1,0,4,2,171,5,8,293,33,1,1,2,1,181,7,0,1,148,601,1,5,126,122,265,0,27,32,4,47,0,35,6,0,0,49,78,4,13,478,29,0,58,7,27,2,6,2,18,20,6,112,1,4,3,25,187,0,69,0,4,913,0,23,22,1,23,10,1,28,43,88,4,69,20,9,8,24,2,22,82,0,7,2,64,0,9,4,1,88,0
"COG4724",163,341,76,739,108,2183,176,141,123,182,72,477,216,292,95,1171,54,63,327,2913,1019,4222,2981,325,90,301,308,493,130,486,363,48,63,351,449,38,73,168,391,198,546,102,533,407,163,13,173,391,65,8597,580,14353,232,747,524,532,78,340,1061,320,2106,834,229,35,101,637,1532,186,8,493,4,24,70,244,311,4,48,75,44,8,164,344,408,75,236,5705,169,468,153,21,95,1003,487,1755,521,64,153,74,62,9720
"COG4725",59,261,324,271,538,341,295,115,435,112,239,277,292,289,410,317,304,226,141,72,549,601,376,132,248,594,550,250,379,608,160,75,471,980,771,144,200,82,413,872,651,39,307,405,279,146,225,802,832,172,872,107,454,153,764,518,174,400,409,184,209,460,401,628,297,115,232,2451,199,113,418,168,247,706,449,522,348,830,127,166,137,753,1103,738,208,450,86,198,297,88,431,93,270,258,555,443,200,223,92,654
"COG4728",90,100,64,94,43,210,154,237,163,104,191,59,269,153,255,93,128,92,30,173,68,82,112,94,112,157,149,151,119,126,80,79,122,110,135,52,101,62,87,247,57,131,57,117,112,67,206,255,106,93,621,273,1060,223,299,415,336,357,243,243,91,251,274,546,483,112,861,359,579,473,110,987,230,120,271,375,517,299,119,211,132,219,597,382,213,529,70,226,837,221,659,228,793,278,793,493,1216,898,70,443
"COG4729",0,11,22,4,3,18,5,1,5,0,13,4,15,11,7,3,10,5,1,5,16,5,9,4,3,21,11,4,23,47,0,59,5,0,1,3,14,6,4,8,78,4,20,7,5,1,6,6,83,12,3,17,30,20,38,18,2,3,2,0,0,5,7,3,15,9,8,1,0,9,52,2,1,2,10,5,27,9,0,1,15,13,6,5,20,4,2,3,18,25,0,0,14,3,2,9,11,3,8,7
"COG4731",0,0,0,0,3,6,0,0,1,0,0,0,0,1,0,44,0,0,0,1,2,0,18,0,34,0,0,0,3,0,0,0,0,0,0,0,0,0,0,3,0,6,0,0,0,0,0,1,0,0,0,0,0,51,0,0,0,0,0,1,0,0,27,2,1,0,2,5,0,0,0,0,2,0,2,0,0,0,0,0,0,1,0,5,0,1,7,0,0,0,0,234,2,34,0,0,0,0,0,2
"COG4732",157,414,285,226,67,305,859,488,535,88,225,299,352,395,329,257,490,474,165,177,284,262,296,216,266,395,370,608,308,368,250,200,266,231,515,172,173,119,306,360,691,130,304,284,269,212,259,809,526,309,313,134,418,148,309,325,77,404,205,489,128,450,352,345,258,124,270,211,694,236,326,125,210,214,387,847,105,474,182,540,155,154,347,621,216,420,134,307,325,420,279,72,232,295,376,269,181,265,209,309
"COG4733",173,142,248,240,9883,11,23,23,245,216,25,8,16,28,1015,25,98,1470,263,12,5,3,32,851,103,4,429,606,2745,3,247,522,646,1305,7,135,153,20,388,587,621,39,7,5,275,354,49,92,2852,283,4,508,119,155,88,70,12,77,149,107,656,12,45,9,154,620,21,254,1241,24,4413,17,89,94,1,149,151,21,143,156,448,18,408,201,110,79,124,7,161,258,4,43,22,338,2,169,48,4,1118,55
"COG4734",357,254,969,697,510,344,130,143,126,889,290,565,637,491,274,162,469,414,154,349,248,432,599,47,484,189,406,281,381,132,632,794,1487,337,409,1295,643,762,663,529,340,222,251,337,609,563,497,909,429,198,309,158,520,592,515,1037,354,470,345,282,111,476,146,522,147,391,116,189,217,251,241,196,1014,415,285,521,393,200,871,208,307,256,172,344,167,449,258,703,510,790,684,964,288,179,360,325,271,152,411,396
"COG4735",22,337,60,68,525,88,6,25,71,96,260,5,85,2,581,489,26,385,59,8,7,29,2,265,180,22,134,126,246,39,28,194,288,108,64,17,10,46,188,254,42,150,75,25,112,54,57,36,399,12,240,38,17,158,235,206,19,153,69,3,64,178,14,0,85,141,48,19,0,128,589,8,22,167,97,17,113,345,36,18,95,142,52,13,179,31,41,39,32,10,11,132,142,44,3,1,354,28,50,51
"COG4737",33,5,5,37,2,15,7,0,120,29,5,4,78,0,9,6,3,43,73,1,0,4,5,1,2,1,0,11,2,1,16,27,18,4,0,12,19,1,23,0,15,2,0,2,45,40,0,2,3,8,0,82,7,7,0,6,1,9,0,4,119,5,4,0,8,9,0,2,0,6,26,0,3,5,2,10,1,1,24,7,95,1,31,1,12,5,21,1,15,6,2,13,0,37,0,0,10,0,115,1
"COG4739",66,804,407,43,139,297,69,38,192,921,763,792,584,458,415,61,677,87,626,80,494,868,310,10,753,406,181,261,640,332,550,943,332,265,676,1022,830,891,464,291,504,472,748,649,808,836,500,228,590,441,330,166,573,788,594,593,672,257,561,5,89,704,465,460,253,498,115,166,181,338,1,249,1024,563,708,480,746,399,938,47,1003,726,247,440,753,378,1037,678,801,999,562,490,490,654,580,23,369,44,520,238
"COG4744",123,775,224,48,197,248,93,340,80,321,396,300,548,345,544,305,238,55,330,545,295,302,234,524,483,73,292,50,284,38,272,503,240,137,234,456,479,477,426,260,118,394,310,261,595,332,398,267,523,212,247,27,545,566,420,396,325,261,257,3,42,315,168,71,419,173,262,92,29,465,2,538,584,334,425,178,343,201,366,41,508,345,153,250,373,203,631,337,637,270,442,518,273,309,165,10,350,493,303,142
"COG4747",276,768,914,779,471,466,554,257,494,753,435,1076,734,775,677,238,822,467,757,134,894,1234,631,56,751,634,526,356,745,553,839,1315,683,642,1038,795,1009,1364,710,671,837,492,922,718,1104,1005,882,598,1185,643,934,351,854,1011,727,838,905,669,589,370,249,1343,677,929,578,918,445,808,728,548,219,425,1410,615,931,650,994,709,777,308,1101,813,713,723,1113,817,1259,1136,892,1281,817,682,712,823,1056,118,533,204,550,540
"COG4748",145,134,36,0,31,164,45,4,180,24,77,28,4,51,160,78,737,58,13,6,207,50,47,21,492,207,235,42,351,167,5,10,75,119,175,33,485,11,349,114,71,38,47,562,511,89,322,67,177,268,41,1573,543,21,239,44,22,132,135,142,45,630,23,83,99,766,34,69,984,12,10,110,169,256,272,204,467,700,57,12,40,582,72,80,10,74,277,6,440,18,0,15,25,465,43,10,1089,56,791,103
"COG4750",6235,1551,610,527,1034,1234,1517,1120,1489,737,1086,765,893,854,597,433,1008,825,595,2424,1554,643,1556,284,327,1194,1537,1890,1279,914,357,521,840,476,995,289,1140,653,353,1052,219,204,576,1235,910,1019,794,2514,583,559,1137,158,1753,360,737,902,724,584,423,1457,307,916,1613,434,1700,545,382,1028,1823,614,655,345,622,272,743,1555,898,552,904,2493,808,698,701,1767,549,746,441,2217,1089,1026,611,896,1002,1481,1468,2889,837,419,677,780
"COG4752",101,81,16,20,18,42,20,224,107,22,20,44,5,28,206,66,38,14,45,24,22,18,43,18,32,15,52,17,59,103,36,42,4,29,31,95,46,22,118,119,47,42,210,27,40,53,14,20,143,55,20,49,36,121,41,10,24,152,95,95,24,33,27,10,26,32,60,86,370,67,0,6,34,13,51,66,40,116,53,7,17,22,92,17,27,36,79,19,40,54,5,110,83,156,0,21,68,40,175,25
"COG4753",8896,19162,23038,31699,8122,13188,15510,5275,11454,14509,16250,18616,14952,15592,12766,6558,18789,12116,24290,5142,22564,16432,12612,5624,20379,16663,16826,13617,15899,10487,16348,22105,12365,13619,19778,17736,17124,17409,10136,12160,11550,8879,12712,19063,16494,22317,7318,16830,10980,16089,20132,8711,17349,16832,18755,17858,30837,8450,16024,16994,9792,18470,16665,10270,10689,12351,8229,11228,11211,15036,12779,7765,19812,18099,15754,15907,30084,13460,24430,16220,25508,17786,12404,16825,17370,15526,19781,24562,15245,17549,15107,23058,13118,16335,23003,7778,13855,6840,28261,12328
"COG4757",0,0,0,4,0,0,0,0,131,1,0,0,0,0,1,8,3,14,0,0,0,0,0,0,0,0,0,4,0,0,2,0,0,0,2,0,0,0,10,1,28,2,0,1,0,0,1,0,3,2,0,0,0,0,1,0,0,0,0,0,2,0,0,0,0,13,0,2,0,1,0,0,0,0,0,0,0,0,2,2,0,0,48,0,1,1,0,0,0,0,0,133,0,0,0,0,0,0,0,2
"COG4758",1,3,27,21,13,5,23,2,40,0,57,0,1,2,0,1,1,2,0,0,5,1,3,0,2,1,0,0,1,4,0,1,0,2,7,0,0,2,0,1,19,0,1,1,0,1,0,0,9,32,4,21,1,7,4,0,0,3,4,658,28,3,2,5,0,1,7,0,26,3,6,0,0,2,3,0,1,0,7,9,3,0,9,3,2,1,1,0,0,0,6,0,1,0,0,11,1,2,16,2
"COG4760",1,1,0,457,1,159,0,0,33,170,0,3,6,0,27,469,30,2,0,0,0,1,2,133,2,1,0,2,0,17,0,0,0,11,0,20,21,89,0,97,0,70,85,3,0,0,34,0,0,85,5,0,0,21,46,3,30,0,29,0,0,0,0,62,6,122,4,33,0,0,0,343,0,0,131,0,0,45,0,0,23,25,1,13,62,24,1,16,0,0,396,0,0,26,0,694,1,102,1,167
"COG4763",13,40,45,44,387,68,13,4,4,227,56,1,69,54,160,37,3,223,82,51,3,35,22,146,3,29,95,60,47,8,20,62,76,140,21,10,1,11,153,218,1,47,63,21,65,80,111,19,245,5,70,25,6,46,0,215,6,66,100,49,51,21,1,75,97,302,25,11,1,5,369,3,10,118,0,9,21,8,11,32,30,38,54,9,14,35,8,19,12,239,2,150,0,32,0,2,5,5,61,18
"COG4766",13,33,41,21,114,5,0,1,45,18,30,3,42,6,16,5,6,90,20,4,6,2,2,60,2,3,1,23,19,3,4,31,25,57,7,10,12,9,22,5,22,5,17,4,18,29,2,6,47,9,15,33,26,113,16,10,49,24,55,4,77,12,25,10,38,94,6,111,80,64,486,5,19,22,11,40,45,20,33,7,81,6,83,13,24,21,77,13,33,71,9,16,20,73,13,10,8,9,67,7
"COG4767",1949,955,713,2220,387,1250,1347,959,1688,50,740,1119,938,600,437,603,606,976,215,362,579,528,1065,437,605,976,921,1265,841,842,501,224,565,1228,574,229,521,497,584,865,739,208,522,756,151,314,457,1835,1137,418,1430,152,925,390,966,545,251,719,274,1585,1218,779,783,1591,574,333,1043,734,2944,396,758,308,170,416,821,450,832,676,439,2007,183,1090,1484,1344,344,1024,184,708,410,441,1157,230,2840,379,1485,448,748,542,347,1439
"COG4768",122,0,3,2,2,0,1,98,8,0,7,0,0,0,0,0,0,0,1,0,0,0,0,3,0,0,0,0,2,0,0,1,0,0,1,0,0,0,0,0,0,1,0,0,0,0,0,0,9,9,1,2,0,5,2,1,0,0,0,487,135,1,1,0,2,2,0,0,48,0,1,0,0,2,1,2,0,0,3,193,0,0,3,0,1,1,1,0,0,0,3,0,0,0,2,4,1,4,4,0
"COG4769",639,480,344,416,147,781,882,674,842,226,381,539,411,642,515,342,588,551,148,222,437,486,531,319,452,741,667,751,530,571,573,194,595,603,829,257,329,324,474,799,939,211,508,664,379,213,397,965,732,330,760,123,596,309,438,537,171,699,354,362,255,514,540,764,509,352,628,927,677,240,291,441,336,435,610,678,271,672,278,793,228,607,787,719,266,693,204,504,432,358,582,223,327,426,534,815,443,349,367,541
"COG4770",3,22,183,158,528,3,4,393,7,0,34,363,51,53,122,25,154,4,6,96,33,27,1,540,14,213,64,254,78,403,301,2,2,57,110,77,3,0,3,10,45,13,11,1,3,0,22,1,3,4,32,71,59,4,48,11,0,51,138,161,4115,15,71,12,7,10,4,165,1399,180,0,2,22,235,97,1,14,12,28,872,2,3,5,93,14,53,4,477,18,48,45,3,1,105,6,1688,7,120,21,10
"COG4771",2245,8393,6105,742,7207,4720,1227,2135,3937,10708,7281,7629,7251,5373,5894,2911,7707,3135,9850,4195,9034,7707,6868,3554,7171,3489,3425,2751,7632,3617,6776,13234,5016,3962,3350,11105,11944,10421,6801,4494,5619,5991,7015,6283,8751,9831,4818,2563,6267,8951,4317,9699,5738,8798,8551,7218,12549,3637,6667,1286,1709,7223,6868,2917,4179,6312,3984,1676,1160,7795,1244,7686,12366,7301,9361,4812,8306,5871,13578,819,12347,5704,3077,6678,10137,5597,12220,7772,7722,8737,7580,11437,5182,10014,6911,4868,5987,3451,8252,6278
"COG4772",20,626,54,74,166,11,1,8,545,3,375,67,171,20,140,1,10,509,215,0,59,30,4,0,55,0,1,31,217,4,20,271,0,9,13,8,244,77,42,25,178,15,1,7,27,191,25,18,46,56,34,23,53,118,41,108,380,17,96,2,54,2,38,0,28,169,2,29,0,124,1,4,97,18,63,75,108,7,221,3,78,70,222,265,98,17,184,73,48,36,165,634,0,351,8,14,9,0,72,22
"COG4773",26,85,118,124,728,22,32,11,2,69,196,5,241,4,153,3,8,754,73,9,10,5,0,577,5,1,0,190,98,0,14,116,268,201,3,44,34,13,58,0,0,4,2,5,101,107,8,36,146,12,0,78,17,59,0,5,23,24,38,4,144,5,9,2,96,56,1,8,0,11,1229,1,34,24,2,20,30,3,49,44,87,11,9,23,32,6,32,10,31,16,7,289,0,70,0,7,29,1,75,1
"COG4774",34,102,201,176,1084,4,5,17,312,109,239,1,377,4,192,34,18,1020,108,6,12,2,0,676,6,0,0,261,122,2,26,110,464,163,5,35,45,24,72,0,133,17,4,10,131,129,13,24,132,13,1,116,19,87,9,15,37,42,26,7,226,2,9,2,98,88,5,16,0,26,1598,2,45,37,3,40,34,14,41,16,132,8,156,29,44,11,36,14,32,31,5,24,6,93,1,8,4,0,150,5
"COG4775",1044,2364,2481,454,3035,2480,1671,2368,2222,4138,4219,2735,2370,2455,3095,5447,2984,2485,3267,6265,2787,2908,3646,5193,2894,2322,2927,2378,2463,3303,2828,3954,2655,1450,2082,4089,3301,3509,3168,2597,2471,5807,3263,2423,3863,2846,3964,2007,2483,3659,1467,7257,2232,3257,2769,2582,3149,2455,4236,554,601,3250,2382,2248,4167,4129,3584,1108,1037,5024,2358,5657,3496,2464,3248,1537,2516,2522,3695,431,3655,2508,1833,1574,3709,2504,3849,2773,2768,3276,2481,3707,1660,3455,1737,1819,4380,5224,3040,2863
"COG4776",33,19,19,29,101,1,18,7,488,15,39,1,44,3,12,1240,10,122,13,33,3,0,8,74,2,1,1,56,18,0,38,24,156,44,9,6,15,31,21,0,102,7,1,3,11,24,4,1,37,4,1,33,6,43,11,8,0,4,12,177,28,1,7,1,25,60,1,1,3,10,175,12,4,6,7,7,7,1,12,63,20,4,91,2,40,37,10,3,3,3,14,169,0,14,0,0,4,4,20,25
"COG4778",12,35,45,95,356,46,0,14,180,66,110,6,143,14,87,14,33,318,115,4,29,51,64,197,41,21,87,118,135,7,61,41,170,114,35,66,46,33,192,94,245,22,74,1,112,95,9,9,214,31,25,99,47,222,68,20,30,19,105,78,70,67,52,3,54,92,8,33,1,2,509,4,87,30,25,132,42,53,92,45,74,34,63,26,61,39,71,48,60,78,14,81,15,149,8,11,46,12,139,30
"COG4779",17,46,80,75,482,1,2,4,117,37,97,0,178,3,38,8,11,407,31,1,3,0,0,268,1,0,0,93,59,2,11,63,214,88,4,24,14,7,30,0,56,4,1,0,47,46,5,8,47,6,1,57,11,32,4,7,11,13,28,55,79,2,6,0,37,94,0,13,0,3,656,4,17,13,1,19,15,9,16,45,35,2,44,10,19,5,24,2,25,6,4,90,0,43,1,3,1,0,45,1
"COG4781",0,1,28,5,2,2,1,966,1,0,39,0,0,0,0,0,1,0,2,0,4,0,0,0,0,0,0,0,3,4,0,7,1,0,6,2,0,2,0,0,0,0,0,7,0,0,0,2,22,36,0,43,0,4,1,0,0,0,1,1016,414,0,3,0,0,0,0,2,116,0,1,0,0,2,0,2,0,117,0,892,0,0,11,8,72,0,1,0,0,0,8,0,6,0,0,1,1,3,44,0
"COG4783",732,189,158,171,912,345,92,456,378,618,260,118,277,162,491,977,271,780,218,94,45,81,124,785,110,61,218,286,287,308,104,340,334,217,32,179,155,357,354,424,323,257,181,11,172,227,113,78,536,516,85,265,138,244,303,113,149,350,310,302,182,129,185,171,206,510,129,208,828,19,1224,651,157,67,409,220,94,423,172,104,182,100,223,42,219,113,229,170,188,189,406,207,185,433,2,1630,91,276,274,73
"COG4784",51,1223,263,0,248,162,51,11,138,400,1790,616,194,298,337,64,128,201,528,105,717,216,95,4,142,202,273,772,268,644,318,365,224,57,82,243,249,108,142,85,180,1027,147,440,685,311,412,364,88,274,173,10,122,303,543,292,180,121,413,1,38,122,267,328,41,516,55,54,0,205,0,107,267,60,157,51,281,73,229,80,234,171,50,347,618,40,163,110,202,242,249,686,165,400,107,10,83,4,104,27
"COG4785",13,17,13,27,110,1,15,14,456,16,47,0,43,0,12,584,9,146,14,31,4,0,4,93,1,1,2,50,15,0,29,36,111,31,13,2,13,20,24,0,79,8,1,3,15,25,7,3,33,4,0,35,4,28,10,7,3,7,6,88,26,5,9,3,23,86,2,2,1,18,218,10,4,8,4,5,7,3,8,66,12,3,132,1,39,22,8,1,4,3,12,169,2,13,0,2,1,4,14,32
"COG4786",2736,827,407,122,539,857,972,429,1518,96,621,475,1074,831,357,907,811,1125,192,422,725,619,1100,362,431,1380,806,1742,800,589,586,188,1005,442,1064,240,715,421,474,882,303,234,562,913,119,320,387,1472,524,723,1425,118,600,316,895,713,95,648,134,95,91,559,847,627,1107,145,553,138,284,492,1121,281,173,192,947,235,1497,242,499,668,341,1180,548,1324,285,1691,259,770,293,313,1098,367,332,642,668,174,661,391,586,920
"COG4787",6,34,40,40,392,0,2,5,4,39,51,0,191,2,42,399,3,320,34,3,2,0,0,232,4,0,0,59,42,0,5,26,114,40,3,10,14,14,28,0,0,2,4,3,40,37,11,16,45,4,0,29,8,37,0,3,7,8,9,23,47,2,5,0,32,11,1,6,0,3,542,0,21,6,0,28,8,1,7,21,39,3,3,7,13,0,27,1,13,17,3,90,1,54,0,1,2,0,26,0
"COG4789",97,78,11,67,1,5,1,2,28,66,26,5,1,17,2,9,31,26,210,2,13,19,8,5,22,6,15,38,14,5,10,0,39,15,35,51,56,7,63,25,26,46,73,11,133,186,7,8,54,247,7,88,10,33,1,16,45,28,7,4,285,11,15,6,11,31,12,52,0,4,2043,22,8,20,25,66,22,45,38,5,272,11,12,5,8,16,59,4,33,50,3,29,23,148,0,6,21,3,260,4
"COG4790",28,57,67,76,7,0,2,4,15,36,12,2,4,4,74,4,12,199,80,4,10,1,7,0,9,6,11,66,23,5,5,0,7,10,20,27,36,16,26,18,6,17,28,1,46,106,4,29,36,97,4,12,2,13,0,8,13,8,1,1,37,1,1,3,2,3,2,5,0,2,260,3,8,9,5,5,4,12,3,1,34,3,3,2,2,4,9,1,9,5,0,5,2,26,0,1,7,0,34,0
"COG4791",31,38,43,62,331,5,2,1,9,35,15,2,2,6,71,5,11,209,85,1,9,9,2,0,9,2,3,98,32,2,4,0,8,3,8,14,34,9,13,8,7,21,34,4,48,96,9,29,17,89,9,41,5,40,1,8,46,12,3,5,98,11,6,3,29,5,9,17,1,11,774,2,17,14,17,16,10,15,13,1,102,4,13,5,5,4,23,6,6,17,0,14,7,49,0,4,8,1,125,1
"COG4792",0,40,3,0,0,5,2,0,0,23,19,0,0,11,1,2,30,3,14,0,8,13,13,2,13,1,5,2,6,5,0,0,13,8,21,8,16,10,22,16,14,19,44,2,1,38,6,4,33,127,12,0,7,13,0,8,14,15,9,0,0,16,1,4,1,13,7,33,0,8,0,5,8,0,21,11,10,33,0,0,6,17,5,1,3,7,21,4,21,14,2,11,8,43,0,8,8,1,0,3
"COG4794",16,21,18,27,23,1,0,2,4,23,3,1,1,4,20,1,3,81,41,1,3,3,0,0,2,1,0,36,6,1,2,0,3,2,3,3,8,5,8,7,4,9,17,3,20,37,4,6,4,42,2,12,0,15,0,4,16,12,3,0,33,6,5,1,8,2,3,8,0,3,320,2,8,8,5,3,5,6,5,3,36,0,4,2,2,4,12,1,2,3,0,5,3,30,0,0,2,3,45,1
"COG4795",49,75,105,137,882,2,7,10,266,65,244,2,299,7,100,15,11,809,53,18,4,0,3,612,2,0,4,172,118,0,27,138,345,192,7,27,32,29,58,0,66,10,8,7,93,82,7,17,151,5,0,70,12,58,6,11,25,26,31,58,87,5,12,2,101,123,5,13,1,18,1146,12,49,26,1,6,40,7,32,73,51,16,73,26,30,13,23,6,31,13,10,146,1,57,0,7,8,2,85,18
"COG4796",324,215,169,176,979,251,49,503,544,351,232,90,268,115,712,160,128,828,159,98,41,40,104,782,166,86,109,256,223,161,112,253,324,187,30,113,115,186,343,258,288,205,208,87,158,207,139,96,653,287,56,229,123,260,226,73,124,369,276,367,192,71,185,124,140,625,78,236,648,34,1394,277,101,89,213,158,96,323,128,96,151,71,253,35,258,84,192,47,199,77,217,163,155,323,1,995,63,284,268,101
"COG4797",326,34,1,0,0,0,0,2,9,0,2,0,2,0,0,0,0,0,0,0,0,1,2,13,2,1,1,3,2,0,0,16,0,0,0,11,1,1,0,0,1,0,0,2,0,1,0,1,0,75,0,5,0,11,0,2,0,0,0,191,31,0,4,1,0,2,0,0,0,1,0,1,0,1,0,0,0,0,0,7,1,0,1,0,5,4,0,0,0,0,2,0,0,0,0,7,0,0,18,6
"COG4799",1847,4587,4404,2311,1906,3971,2793,3403,2035,4945,4635,4407,5591,4936,3837,2183,3842,2153,5016,3453,4499,5687,4024,2234,4804,3842,3125,3855,4787,4410,4552,5249,3586,2974,2960,6798,5157,4920,5286,3831,2916,4720,5916,4018,5300,6219,4942,3868,4587,4451,3173,3867,5046,5229,4628,4729,4851,3976,5130,1181,2366,4237,4627,3845,3655,4107,3471,2872,3264,3092,1151,3547,5722,4572,5273,4176,5076,3342,5851,2259,4904,4291,2720,5021,4587,4176,6197,4242,6389,5305,4901,4370,3420,5790,5056,3263,4187,3208,4307,3374
"COG4803",0,27,1,4,39,2,0,1,0,12,8,0,1,6,0,2,9,0,6,0,7,0,6,0,5,3,3,1,6,2,0,1,9,10,11,15,13,3,12,21,4,1,0,6,1,2,1,3,20,9,3,1,6,7,3,7,10,9,0,2,8,3,7,2,4,10,8,4,3,3,0,4,3,5,5,7,7,17,0,0,7,3,4,2,3,0,16,2,18,0,0,6,5,25,2,3,1,5,0,2
"COG4804",1752,2633,3113,2750,1951,4599,1958,4070,2301,4377,3599,5292,4537,4009,5678,7682,5115,1886,4246,8756,3596,3274,4230,9051,4077,3905,4815,2313,4318,2667,4383,7037,3269,2747,2466,4057,4813,5113,4738,5559,2943,4087,4456,3124,6381,4556,4860,7189,3986,3517,4485,9179,4216,4068,2804,3812,4917,3256,3596,927,829,3391,3288,4487,11783,4873,6176,2071,925,12514,1704,18076,4700,2818,4996,3531,3960,3606,5113,1476,5811,3287,3905,4842,4700,5927,6562,5566,3938,3707,3191,2092,3569,4620,4534,706,7216,9107,4690,8734
"COG4805",2238,1262,1334,2377,264,1354,2816,958,1558,164,956,705,650,839,491,493,954,1312,410,568,1037,714,1036,485,509,1093,1053,1487,988,1214,647,345,1022,973,996,339,954,560,680,986,428,255,635,1089,154,487,557,1100,501,548,1516,231,1102,297,859,888,282,677,177,1839,669,767,1081,951,983,345,1076,651,1308,550,1068,324,179,973,505,599,2254,399,385,2296,333,708,663,1612,347,1036,209,1046,536,856,1480,235,657,721,1483,918,592,653,474,757
"COG4806",1264,1346,1230,275,952,1349,714,487,1185,1701,1732,2183,1638,1451,987,600,1928,918,1636,303,1569,1312,1615,825,1304,865,816,1427,1482,1669,1420,2071,1196,761,1082,1730,1414,2101,1426,1113,1110,1155,1504,1854,2159,1976,1663,830,1101,1145,1262,2377,1296,1705,1325,1524,1688,1212,1552,252,479,1431,1213,1274,1188,2277,859,971,378,2019,1273,1389,1922,1150,1674,1367,1244,996,1935,868,2360,1261,1257,1290,1512,992,2228,1991,1444,2090,1666,1648,1047,1678,1547,103,1746,1221,1494,768
"COG4807",13,20,20,23,106,1,1,2,323,6,20,0,37,0,17,12,2,114,16,0,2,0,0,69,0,0,0,41,13,0,7,15,54,10,2,37,15,3,17,0,21,15,61,0,12,44,1,4,21,4,0,13,2,55,6,1,15,5,2,67,45,1,1,0,9,49,0,3,0,49,229,5,2,3,0,5,12,4,6,23,25,0,49,9,8,0,53,7,1,18,2,149,1,47,0,1,41,0,153,4
"COG4808",25,31,44,63,373,5,2,5,8,22,105,0,89,2,69,7,1,323,46,5,4,0,1,201,1,0,0,61,42,1,6,49,88,59,0,14,12,12,19,0,2,0,0,4,46,48,2,16,66,19,0,34,7,32,1,5,12,5,10,284,66,3,4,0,38,26,6,2,2,5,471,0,8,9,0,5,13,4,11,1,48,5,20,8,8,1,12,0,10,3,3,8,0,23,1,7,2,2,62,0
"COG4809",0,0,2,42,12,3,7,0,0,0,0,0,0,1,0,0,4,2,0,2,5,1,3,2,0,51,65,3,0,1,1,2,0,1,8,2,0,0,0,11,3,0,5,1,1,0,0,1,2,0,11,0,6,9,150,4,0,34,0,0,0,6,1,3,1,2,1,1,0,2,0,2,0,1,5,3,0,2,0,0,1,0,0,7,9,45,1,1,1,3,1,0,4,0,0,0,0,10,0,8
"COG4810",125,237,524,1023,177,80,477,180,426,86,199,41,111,57,108,36,109,359,83,47,67,73,85,188,56,71,100,116,159,54,51,204,172,129,143,90,92,75,192,109,151,51,204,93,63,159,39,220,166,103,137,78,124,233,103,73,102,69,54,669,384,68,103,71,65,137,69,32,125,167,367,77,57,222,73,209,136,61,95,459,83,44,146,214,112,57,131,108,75,144,104,102,95,106,179,87,64,107,142,81
"COG4811",14,32,46,36,297,0,1,5,121,15,114,2,55,1,60,12,4,246,34,1,2,1,1,161,1,1,0,71,27,0,10,31,102,56,5,2,7,11,30,0,23,2,2,4,54,45,5,9,82,3,0,28,3,25,1,7,14,6,10,36,49,2,2,2,26,65,3,8,0,9,406,1,15,7,1,12,9,1,15,35,50,3,48,2,13,4,19,4,7,4,3,65,1,27,0,3,2,1,65,5
"COG4812",15,123,69,30,168,24,6,5,38,50,56,19,61,37,28,14,42,154,24,7,26,25,23,104,15,32,83,64,55,21,13,28,66,88,38,36,82,12,83,35,84,16,9,16,13,66,15,10,83,40,35,30,28,47,27,20,34,30,20,13,27,16,25,14,28,70,30,250,1,14,278,11,18,21,16,53,60,40,30,18,33,18,38,20,40,9,121,12,40,34,7,25,34,80,21,16,15,13,27,10
"COG4813",184,45,0,35,6,6,31,11,41,0,13,47,17,62,65,42,55,49,0,5,13,104,11,2,20,37,24,20,30,44,15,0,77,162,97,0,16,6,20,18,4,2,13,27,4,0,51,5,46,2,172,0,5,3,38,35,9,64,16,304,0,10,2,84,11,4,52,351,112,5,0,8,12,20,13,16,0,28,0,177,4,1,109,10,4,54,0,22,9,17,9,0,26,7,57,0,11,23,0,19
"COG4814",1433,8,4,30,25,2,26,2060,38,1,38,1,2,2,0,0,0,1,4,0,1,2,5,28,1,0,0,1,12,6,2,8,0,1,14,2,0,1,0,0,1,0,0,0,0,1,4,4,67,89,1,5,1,30,3,0,0,0,0,1743,614,1,10,12,4,2,3,6,357,2,9,0,0,0,2,4,0,0,0,1455,1,0,4,2,2,8,0,0,0,0,4,0,1,0,6,10,4,3,2,0
"COG4816",189,218,456,920,92,63,453,204,397,95,218,90,164,63,269,44,124,532,74,20,59,97,68,153,51,113,105,138,133,69,74,243,241,312,125,154,206,50,147,100,293,67,276,79,112,246,42,87,159,209,95,136,127,298,120,67,101,84,36,551,330,78,105,71,72,172,47,338,50,141,558,49,54,243,58,223,160,76,109,435,67,54,139,214,106,43,267,104,84,140,88,140,109,130,122,86,68,126,422,44
"COG4819",33,225,243,130,529,46,22,13,112,81,100,137,218,34,76,39,86,441,56,18,70,167,23,323,87,21,277,136,135,49,25,87,188,312,211,76,130,20,177,60,937,37,32,37,65,154,25,69,319,56,99,77,71,82,62,29,50,84,45,28,118,57,58,26,88,133,133,437,0,31,977,19,82,242,33,121,108,380,110,65,175,26,282,64,93,21,198,37,105,91,17,22,67,135,53,27,17,44,92,18
"COG4820",84,215,185,631,481,39,250,22,208,106,161,35,174,35,248,18,64,662,81,13,21,30,44,269,39,27,51,127,130,25,43,159,175,206,44,90,108,41,127,51,133,56,218,47,82,181,30,82,102,151,20,98,88,273,65,42,68,59,66,367,223,38,62,55,63,102,32,20,115,172,570,17,47,129,38,136,94,55,91,100,77,27,93,102,49,25,157,69,81,124,25,112,49,137,82,55,42,55,449,32
"COG4821",32,120,65,302,136,128,121,21,6,54,15,280,50,97,103,28,95,14,41,1,175,211,31,107,146,85,26,18,134,221,103,75,132,244,172,233,173,64,117,24,152,21,196,231,62,61,150,2,107,58,59,18,93,210,417,137,127,52,60,7,116,89,145,40,93,20,40,112,113,14,24,6,188,101,225,104,172,22,40,7,144,126,53,19,83,38,68,86,158,151,115,154,158,38,73,28,24,7,50,66
"COG4822",1235,1554,1523,828,432,1256,1927,1607,1337,1777,1265,2086,2028,1407,1351,514,3085,1116,993,597,1517,1954,1057,563,1238,1445,1382,1097,2506,1041,1784,2689,1538,992,1812,2114,2498,2343,1774,1641,1811,834,2016,2020,2302,2167,1330,1480,1733,1468,673,131,675,538,585,639,519,438,337,469,248,661,545,249,319,278,213,417,578,661,111,429,795,496,668,869,568,599,660,561,811,537,405,639,714,557,999,868,688,938,786,508,444,772,547,476,367,323,391,379
"COG4823",3415,821,1097,2233,473,1697,2282,1940,1181,1300,370,1090,654,1239,1847,4847,404,675,368,5855,827,1256,3295,2515,746,1009,1511,1006,1281,1428,612,1231,587,932,2562,283,579,1732,2075,2454,404,1303,694,1508,1081,925,1475,2302,794,2656,1214,2103,1691,561,2898,1772,981,1592,1165,904,561,870,1016,1726,1353,1518,1882,490,324,1732,217,3552,1183,798,1141,1594,784,1031,645,1781,1872,1154,1393,979,1985,3110,1759,1144,1558,913,1116,900,1734,1238,1924,57,1254,3124,729,4920
"COG4824",106,38,157,210,14,70,73,99,73,55,29,107,30,93,75,43,64,66,21,19,22,45,91,33,68,121,70,34,66,63,17,29,38,255,91,21,33,35,58,92,82,41,20,88,21,51,53,52,79,42,365,58,153,166,154,142,117,325,88,295,141,351,214,858,200,378,274,394,123,67,130,165,148,225,189,161,35,171,20,149,28,138,502,162,64,232,139,352,175,284,244,66,232,243,140,366,93,125,569,199
"COG4825",0,0,29,3,14,0,13,0,156,0,0,3,13,2,5,0,3,24,1,6,1,0,2,0,2,0,1,1,10,0,3,1,1,0,3,0,13,0,3,0,7,0,0,0,0,0,3,1,1,0,0,0,1,1,0,2,6,2,0,0,0,0,2,0,5,0,0,0,1,5,0,13,0,16,0,0,5,0,0,172,0,1,1,7,0,2,3,0,1,0,0,0,2,1,0,0,1,4,0,1
"COG4826",81,106,155,600,139,335,156,173,126,42,82,205,45,168,175,454,135,61,22,445,207,295,467,305,163,156,214,104,59,177,159,29,159,391,166,90,98,59,172,162,215,253,134,232,20,84,285,74,127,385,549,2460,550,471,684,340,53,607,951,443,693,253,283,603,2004,379,1474,1765,1588,1732,375,1155,176,615,632,251,231,379,219,533,188,256,935,279,190,1495,67,392,288,161,424,400,236,469,763,175,591,1383,291,2179
"COG4828",36,343,267,42,97,162,20,23,90,238,304,183,282,136,137,11,87,65,694,15,283,148,204,1,338,66,63,47,114,16,186,429,170,108,60,399,271,677,198,189,88,96,117,59,312,697,74,121,228,175,101,14,331,385,301,396,842,61,95,4,63,228,298,20,60,116,32,37,82,104,1,125,244,156,378,132,310,125,318,24,517,165,61,269,179,126,452,238,249,297,377,473,198,295,376,14,165,17,477,35
"COG4829",0,0,0,0,0,0,0,0,52,1,3,0,0,0,0,10,1,7,0,0,1,0,0,0,0,0,0,2,1,0,1,2,28,0,1,0,0,0,5,0,16,0,0,0,0,4,0,0,3,0,0,4,0,0,2,0,0,0,0,22,0,0,0,0,0,4,0,0,0,4,0,0,0,0,1,0,0,0,0,4,0,0,26,0,7,0,0,0,0,0,0,0,0,2,0,0,0,0,0,3
"COG4832",693,181,166,642,479,443,657,694,228,52,240,525,227,234,142,163,313,279,79,152,280,196,84,198,272,655,494,298,128,514,101,143,537,472,403,62,178,140,337,305,460,79,165,358,204,100,319,510,283,137,581,37,322,94,241,265,54,411,162,493,247,178,449,451,270,94,346,263,732,100,337,85,250,255,291,568,284,189,118,850,86,505,401,241,137,372,46,341,307,56,314,57,271,108,407,245,185,211,160,335
"COG4833",154,4031,2909,11,827,1631,63,176,449,2374,3122,2840,2767,2054,982,226,544,694,7703,208,3732,2263,1504,24,5251,826,1118,2497,1905,2504,1684,2566,1005,961,1005,6422,3465,2077,1945,949,1127,3612,2461,1622,2992,3483,1037,1858,1493,1783,1112,131,2883,4904,2343,2969,7112,725,2503,48,281,1268,2062,2168,875,3117,1204,671,16,459,22,170,2211,2380,2565,1580,6860,839,4697,466,5307,1819,810,794,1987,443,3068,1950,3546,1675,2837,6792,1126,1047,3601,41,1113,211,9720,359
"COG4834",0,110,1,2,60,64,68,2,57,4,0,204,295,48,89,21,223,55,9,17,6,60,34,2,96,146,93,28,23,19,75,1,75,54,32,152,12,7,183,12,5,84,42,67,49,2,152,63,143,233,102,75,17,26,15,28,37,33,10,61,0,10,179,30,21,255,29,269,4,12,7,6,11,18,12,6,8,113,0,2,81,19,63,15,350,60,22,57,24,98,16,14,40,29,43,40,6,4,4,84
"COG4835",1,2,7,12,15,1,9,172,24,1,10,0,0,0,1,0,0,1,2,1,0,0,2,1,1,0,0,1,1,2,0,0,0,0,10,0,0,1,0,1,4,0,0,0,1,0,0,0,5,16,0,6,1,2,4,1,0,0,0,370,108,3,6,3,0,1,2,0,18,2,1,1,0,3,1,4,1,0,3,190,0,0,4,1,0,0,2,0,0,0,2,0,1,0,2,6,0,5,10,0
"COG4839",3,11,17,5,5,2,21,0,30,0,6,0,0,0,0,5,0,3,1,0,0,0,2,1,1,0,0,0,0,1,0,1,0,6,13,1,0,1,2,0,0,0,0,0,0,0,1,0,6,14,12,8,0,3,2,1,0,3,1,374,3,3,4,6,0,1,28,0,19,0,0,0,0,1,6,2,1,0,5,9,0,0,11,2,1,17,1,0,0,0,2,0,1,0,2,8,0,2,9,21
"COG4842",115,39,14,5,7,109,19,35,5,0,2,1,4,66,6,23,0,94,1,0,1,12,177,0,17,35,3,3,6,63,0,27,28,61,216,8,41,5,3,21,14,12,4,6,0,6,41,13,22,17,61,2,238,2,31,1,1,4,0,124,13,2,162,267,0,38,177,73,3,5,86,24,2,2,425,12,9,195,0,1,1,6,10,38,54,50,25,9,65,2,2,0,2,38,182,3,45,21,20,11
"COG4843",0,0,0,2,6,0,0,0,0,0,0,0,0,1,0,6,0,0,0,0,0,0,17,0,13,7,0,0,0,1,0,0,3,174,28,0,1,0,0,0,0,0,0,0,0,0,7,0,0,0,13,0,0,0,0,0,0,1,0,0,16,0,0,155,1,0,51,119,0,0,3,0,0,0,0,0,0,0,0,0,0,0,29,0,0,45,0,0,0,0,0,0,0,0,0,0,1,0,0,12
"COG4845",297,1243,1271,74,865,984,1013,480,588,1098,1628,1629,729,898,1823,965,936,936,1364,227,1284,1313,508,1651,1228,775,1703,855,1183,971,1203,1619,814,1192,1095,941,1812,1655,1686,1227,870,1464,1397,1135,1589,1058,1391,1079,1537,939,926,498,897,1356,1682,1518,2662,1229,1189,146,188,1908,777,1140,646,1463,636,1009,138,666,391,531,1133,1079,1356,1664,914,1138,1457,489,1351,926,1138,608,1932,782,1400,1082,952,1433,729,1465,1696,1335,661,695,4037,325,1248,524
"COG4849",0,0,0,0,6,0,0,0,0,1,0,0,0,1,157,225,2,34,0,412,235,17,275,831,2,45,1,0,0,7,0,0,0,0,4,2,0,0,4,0,15,0,1,85,0,1,43,0,6,8,13,1874,1,6,48,3,1,6,255,0,0,0,0,0,0,8,0,46,0,1,0,0,0,1,3,0,13,2,0,1,21,0,0,0,2,468,0,1,3,0,62,0,2,110,0,0,22,4,3,1246
"COG4850",0,14,118,108,323,3,5,218,0,0,3,259,0,0,94,2,27,0,3,3,0,0,0,137,5,0,0,0,49,168,1,0,2,2,0,1,0,0,1,0,23,2,1,0,0,0,1,1,3,2,0,36,0,2,1,0,0,21,91,105,2307,0,3,8,0,1,5,80,1022,0,0,0,0,129,1,0,0,0,19,596,2,0,1,14,3,2,0,7,0,5,2,0,0,6,4,1125,0,24,13,1
"COG4851",848,13,48,174,23,8,232,719,22,0,11,1,21,3,25,12,5,48,17,7,11,0,7,159,4,13,5,8,9,38,5,5,2,29,60,2,18,7,14,17,7,1,13,21,8,18,0,11,50,28,7,7,34,16,14,8,11,0,10,495,307,2,1,22,23,5,9,11,99,7,10,4,0,30,10,9,8,6,5,518,1,6,6,16,1,5,6,4,6,11,6,2,17,4,37,9,1,7,30,3
"COG4853",734,0,0,3,0,0,0,620,0,0,0,0,0,0,0,0,0,0,3,0,0,0,0,11,0,0,0,0,1,0,0,2,0,0,1,0,0,0,0,0,0,1,0,0,0,0,0,0,31,14,0,0,0,11,0,2,0,0,0,416,250,0,0,0,0,0,0,3,78,0,0,0,0,0,0,1,0,0,0,18,0,0,0,0,0,1,0,0,0,0,0,0,0,0,0,0,0,1,0,0
"COG4856",2641,1328,518,1218,356,1233,1844,1975,1323,688,773,1304,1242,1214,1104,617,1453,1161,247,695,1011,1011,1213,573,1096,1428,1367,1650,1258,1444,917,323,1103,1728,1273,607,720,553,1147,1443,1710,437,833,1221,853,508,1068,1047,1521,738,1276,183,1468,631,1022,1058,340,1405,758,2112,713,955,1279,1638,896,684,1799,2098,1513,434,327,791,956,1416,1156,1745,276,1589,524,2118,402,937,1852,1908,588,1578,306,1023,1203,540,1701,160,1992,774,1438,1874,678,1023,432,1288
"COG4857",27,123,198,101,40,39,141,10,186,56,94,56,20,43,52,23,35,125,124,9,28,69,46,26,98,23,333,28,58,31,35,90,66,50,85,57,51,35,121,66,202,32,140,78,58,156,85,18,60,111,39,31,48,40,69,43,66,66,36,462,194,45,80,61,13,267,33,73,7,85,299,19,75,246,42,180,69,63,86,110,61,18,59,70,38,16,83,33,43,86,45,447,59,108,70,39,107,51,516,20
"COG4858",515,11,19,24,29,6,45,660,77,1,17,1,0,0,1,0,2,0,2,1,0,0,15,11,0,2,0,0,7,3,0,2,0,0,10,2,0,0,0,2,2,0,0,0,0,2,0,4,36,53,2,17,0,8,2,2,1,0,2,1202,250,3,6,7,0,1,12,2,115,6,4,0,0,2,4,4,2,1,6,431,1,2,14,8,0,6,1,0,0,1,2,0,0,0,5,24,0,5,21,4
"COG4859",5,103,9,112,36,40,67,197,66,16,73,74,92,82,84,148,152,70,34,55,141,102,80,28,103,51,88,44,170,71,87,5,52,26,65,66,63,59,182,195,51,50,54,274,24,19,53,63,22,28,165,7,89,84,123,124,15,130,39,9,5,67,114,155,60,14,24,111,94,49,7,21,48,61,31,206,16,162,62,54,162,100,83,138,67,45,17,98,68,11,77,29,466,42,16,58,34,35,4,134
"COG4861",0,0,5,0,20,0,0,0,1,0,0,0,0,0,191,223,0,7,2,364,349,55,320,1007,5,31,1,282,1,9,0,0,0,2,12,4,2,0,56,0,27,0,23,67,8,2,46,0,13,36,58,2193,30,20,197,5,175,7,334,0,0,0,54,0,0,11,1,54,0,2,0,1,0,14,23,0,44,14,47,1,69,0,1,9,14,468,0,11,35,0,59,0,112,134,0,3,19,0,1,981
"COG4862",1661,390,652,1003,140,743,1347,957,781,63,457,287,357,417,171,274,363,476,147,249,265,242,442,169,236,619,426,814,488,521,232,166,399,619,504,161,341,270,286,669,199,146,237,595,51,328,183,1333,348,385,599,115,653,243,383,394,93,348,64,1936,411,305,509,713,429,165,669,160,495,334,481,154,67,308,486,374,289,676,202,1387,155,564,786,887,170,525,122,464,198,213,718,128,586,364,564,245,244,344,210,440
"COG4864",1181,1002,922,124,674,849,245,609,469,1489,1052,1404,1039,1164,1226,238,1333,463,1415,268,930,1282,966,215,1363,836,588,897,1651,749,1268,1690,898,813,1166,1666,1550,1705,1261,1098,921,1294,1451,1268,1704,1477,1058,595,1243,1264,928,265,1203,1298,1243,1110,1398,1032,1491,163,171,1523,1251,763,716,1036,347,785,704,1143,5,885,1691,1150,1248,970,906,1248,1639,261,1580,1417,494,881,2002,813,1985,1329,1444,1979,1145,1355,1010,1343,991,1061,934,286,1067,533
"COG4865",99,44,6,118,13,12,29,4,212,31,2,11,6,24,53,16,7,10,71,5,2,11,1,1,13,7,19,5,15,39,57,7,14,192,30,141,85,0,117,8,85,36,431,10,50,117,35,29,25,10,64,84,13,170,0,9,31,136,43,100,119,18,2,48,12,47,37,125,1,108,9,10,7,20,1,30,28,27,41,0,104,6,184,34,4,17,155,4,10,68,14,308,13,256,0,7,135,1,403,10
"COG4866",644,1675,1879,1857,824,1211,1214,1083,1685,1787,2000,2077,1804,1940,1705,638,1616,878,1896,657,1870,1916,1310,295,1890,1232,1238,1388,1666,2049,1957,2091,1149,1573,1768,2006,1954,2383,1709,1679,2031,1508,1900,1727,2048,2087,1190,1343,1831,1370,1625,435,1817,1780,1744,1761,1902,1636,1590,521,592,2235,1644,1795,1227,2226,1174,2127,1433,1276,719,1055,2236,2051,1735,1340,1532,2000,1907,854,2009,1637,1623,1798,2099,1344,2206,2062,1816,2305,2217,1715,1337,1890,2005,1488,1047,565,1744,1338
"COG4868",1538,901,913,1105,684,1866,2651,2119,1610,318,772,904,1060,1250,1185,2161,1086,1049,268,3262,1043,932,2322,1877,985,2055,2407,1389,1091,1322,1479,291,1289,1572,1455,650,812,373,1212,1723,2117,1791,1088,1418,621,485,1973,1350,1280,1336,1523,3062,1324,712,959,1118,305,2415,1156,2212,1526,698,1257,883,1860,708,2915,1922,428,1780,754,1534,665,1373,587,1643,858,1237,466,1737,347,1111,2158,1762,401,1516,384,822,1079,672,1262,448,794,1002,889,606,2120,3256,639,1936
"COG4869",191,421,628,1690,195,289,586,233,486,120,253,362,161,234,341,199,298,429,163,296,155,292,259,55,318,346,361,197,260,256,435,229,475,759,489,210,309,98,386,410,805,80,520,313,176,301,370,414,476,237,504,166,301,432,237,136,198,487,309,732,443,300,382,535,195,158,379,958,245,324,515,109,260,624,163,565,276,437,238,521,210,241,660,292,199,365,255,163,235,269,207,165,215,155,522,169,203,166,552,354
"COG4870",1818,1744,985,4020,205,1499,1728,794,725,98,986,1602,554,1443,258,588,1844,1105,266,1602,522,649,946,189,713,1424,1947,1796,1223,971,579,129,634,1189,926,293,655,389,445,1257,482,168,1046,1273,298,354,785,1240,475,575,1133,169,1201,373,615,690,90,723,443,721,285,1724,2211,2370,971,253,624,810,1714,423,448,314,208,1477,991,421,233,1495,503,1003,375,1370,949,1032,446,1757,221,1081,309,781,1581,208,410,688,1748,737,606,457,208,1608
"COG4871",0,0,5,0,0,0,2,0,48,0,0,1,0,0,0,2,1,1,1,1,0,0,1,0,0,0,0,0,1,0,0,0,1,0,0,0,0,0,0,0,3,0,0,0,0,0,0,0,0,0,0,0,0,1,0,1,2,3,0,0,0,1,0,0,4,0,0,0,1,4,0,12,0,6,0,0,1,0,1,49,0,1,1,1,0,0,3,0,0,0,0,0,0,0,0,0,0,2,0,1
"COG4874",58,22,207,70,1,44,35,11,95,274,102,127,497,217,97,1,124,56,90,12,261,133,118,5,90,67,22,49,86,1,234,216,165,27,32,485,292,536,93,199,51,113,251,44,256,439,116,59,130,110,50,39,329,156,94,190,249,74,41,10,26,164,215,9,69,117,15,17,94,156,2,169,261,69,391,176,170,70,159,23,198,196,17,356,95,116,519,208,433,294,272,150,117,328,306,20,80,13,346,21
"COG4877",226,67,5,13,17,100,136,123,69,55,24,57,100,59,41,45,111,104,0,49,120,56,101,38,75,110,75,98,84,63,66,11,90,76,153,49,18,14,57,64,10,22,19,101,145,10,97,76,67,26,173,0,99,18,57,125,10,86,23,100,50,50,136,96,52,42,64,266,6,23,0,34,134,46,32,212,15,55,38,199,17,107,73,185,18,80,23,72,134,12,79,13,44,15,59,72,51,79,0,43
"COG4878",667,421,788,2677,292,155,1017,186,314,70,102,205,532,148,144,34,313,217,85,36,536,122,138,219,111,203,168,316,186,306,56,23,236,45,146,61,28,140,194,138,311,25,46,164,64,25,199,155,66,124,237,104,279,266,210,238,17,190,46,917,2051,103,104,351,74,93,211,314,2594,187,0,248,446,459,125,1914,89,96,325,632,29,132,85,218,41,250,60,279,356,254,250,79,229,51,313,1510,104,138,425,436
"COG4880",462,307,296,56,190,310,961,349,249,11,328,264,124,408,309,263,332,323,47,117,356,224,133,244,222,428,301,514,177,294,919,74,199,948,328,95,123,60,202,249,186,54,116,377,66,108,206,816,210,98,491,22,663,40,267,203,102,383,195,480,506,360,207,660,329,215,321,902,516,191,308,62,59,328,428,536,81,299,31,612,86,335,701,226,110,323,81,451,453,63,148,16,378,297,756,98,213,232,77,311
"COG4884",0,33,79,9,567,2,0,0,13,8,134,26,6,6,21,1,3,321,54,1,41,1,0,443,2,5,0,31,55,2,1,46,119,1,10,118,2,8,25,11,16,15,111,9,28,226,2,12,7,119,26,1,17,120,6,37,41,7,0,7,0,19,30,1,46,6,3,3,0,31,0,5,32,4,23,9,89,4,104,7,59,16,15,17,21,2,7,14,37,7,1,3,15,20,76,2,28,0,425,1
"COG4886",1601,2385,2028,2468,2190,2755,1702,1996,2247,3422,2616,2043,818,3520,3453,4237,3218,1475,3902,969,3234,2937,4057,3497,4125,2562,3490,2627,2222,2834,2890,2160,1822,3929,4067,1411,2747,1702,3220,3261,1326,4073,2014,3471,2439,2258,3283,1434,1602,2175,3794,5189,2407,1791,1959,2074,2827,4155,5044,1243,950,2278,2513,4555,2388,2623,3389,3865,316,2220,2020,587,2234,3417,1421,1491,1753,2842,4143,1764,5337,3278,2541,2698,2947,1686,1182,1217,2718,3615,1412,1835,2210,1788,1877,326,4592,2362,3299,1667
"COG4887",47,30,160,18,12,90,89,56,100,177,183,97,151,125,101,13,104,97,128,41,67,82,51,46,57,73,95,120,63,176,187,108,82,35,57,175,155,252,81,159,83,210,118,90,202,187,62,117,122,135,102,194,503,349,220,367,314,226,183,58,50,484,357,554,357,584,139,105,460,463,83,623,420,147,943,250,161,555,297,88,397,223,72,475,600,404,502,260,402,763,523,133,195,477,333,892,200,348,334,230
"COG4889",21,1284,23,1557,83,303,445,3,106,819,2927,959,176,193,259,972,152,551,1856,21,103,1674,45,3236,222,859,382,432,54,42,48,713,4,212,505,109,560,357,1533,502,103,3699,157,335,874,867,1972,140,516,838,69,1,1470,420,540,162,438,327,1107,18,28,298,1921,708,4441,536,148,385,2,341,2,6683,353,106,1428,219,194,543,1862,140,903,162,115,232,476,858,406,131,1593,4,69,210,371,711,103,161,66,65,0,625
"COG4890",3,3,11,9,46,0,0,2,13,6,15,0,20,0,14,2,1,65,11,0,1,0,0,31,0,0,0,16,8,0,1,9,18,9,3,1,1,3,3,0,3,0,0,0,12,13,0,1,8,2,0,6,0,7,1,0,1,1,0,1,9,1,4,0,9,7,0,1,0,2,87,0,1,3,1,1,2,2,3,1,8,1,8,1,10,1,5,2,3,0,1,11,0,6,0,0,1,0,16,3
"COG4892",190,0,8,5,2,0,1,212,124,0,0,7,0,0,1,0,0,0,1,0,0,0,0,2,0,0,1,2,2,0,39,0,0,0,0,0,1,0,0,0,0,0,0,0,0,0,0,1,7,3,2,0,0,2,0,0,1,0,1,121,55,0,0,1,14,0,0,1,40,1,0,4,0,1,0,0,1,0,2,114,0,0,0,0,0,0,0,0,0,0,0,0,0,0,0,0,0,1,0,0
"COG4894",141,332,203,654,98,365,461,135,351,25,234,398,187,338,251,199,379,314,63,162,352,382,240,104,243,420,559,345,132,255,261,61,360,349,545,92,219,98,292,314,202,71,190,449,310,30,208,255,422,160,549,50,298,222,252,441,74,473,182,438,84,353,322,386,348,82,485,502,336,175,69,119,154,329,180,237,288,201,115,232,172,294,596,139,127,337,24,389,261,166,379,14,214,134,259,189,218,213,59,413
"COG4895",0,2,0,0,1,0,0,0,0,1,1,1,0,3,28,2,0,0,0,0,0,0,0,0,2,3,0,0,1,0,0,20,0,20,1,0,3,0,4,0,1,0,2,6,0,0,0,1,1,1,14,0,1,7,1,0,12,1,3,49,0,0,0,0,2,2,1,15,0,0,0,0,1,4,0,9,0,4,1,0,0,0,0,0,0,0,0,1,2,0,0,0,3,0,0,9,0,0,0,0
"COG4898",0,5,5,6,27,11,21,0,5,10,26,8,30,5,11,5,15,4,3,14,24,2,0,2,2,9,4,2,10,149,0,5,10,24,15,19,0,29,61,2,15,7,9,96,16,8,2,86,7,9,11,0,7,6,17,13,38,42,8,0,134,7,2,8,14,2,9,14,73,7,2,33,1,31,46,25,17,1,0,34,6,9,15,71,18,9,8,59,17,0,36,3,9,41,2,4,1,6,10,13
"COG4903",3,0,0,17,6,0,0,1,0,1,19,0,1,0,0,7,0,0,2,0,0,0,53,0,48,5,0,0,0,1,0,0,0,58,11,2,0,0,0,1,0,1,0,0,0,5,4,1,1,0,14,1,0,0,0,0,3,7,0,1,0,1,2,85,5,0,113,6,0,0,0,0,0,1,0,1,0,0,3,0,0,4,146,0,0,43,2,0,0,0,1,0,491,0,3,0,19,0,1,61
"COG4905",3611,1413,1441,1793,1703,2463,3334,2735,2368,508,1088,2257,1681,1760,1448,1133,1756,1883,340,949,1846,1384,1714,1528,1371,2291,2310,2834,1979,2422,1409,434,2037,3356,1960,631,1394,699,1394,2242,1869,389,1135,2199,1066,813,1492,2109,1274,706,3424,360,1844,681,1444,1923,489,1793,1041,1679,6947,1601,1943,3378,1801,600,2885,2852,3213,609,1252,666,738,2118,1124,2944,1806,2903,834,5402,467,1890,3335,3266,657,2244,499,1804,1472,977,1789,242,3819,834,2148,4110,1135,1172,811,2354
"COG4907",4512,68,52,49,368,25,34,48,277,5,6,6,7,1,38,13,94,4,3,2,2,6,5,501,10,3,33,17,11,258,0,7,2,442,7,168,50,1,7,39,455,34,470,7,3,25,8,6,64,52,59,36,53,225,4,16,43,31,24,988,320,1,17,273,3,73,90,136,338,205,3,10,0,117,33,12,21,23,13,577,6,8,60,26,5,36,171,19,21,93,12,313,24,255,14,29,140,53,442,15
"COG4908",0,9,9,23,11,2,0,25,1,0,0,1,0,0,2,9,0,0,12,0,1,0,1,1,1,1,0,0,0,0,0,6,0,97,0,1,0,3,1,0,4,0,0,2,0,1,0,0,1,3,0,0,6,0,0,0,31,2,1,1,3,1,0,1,0,1,1,21,84,1,50,0,2,0,0,9,4,0,5,8,2,0,1,1,0,0,0,1,5,4,0,0,0,0,26,0,0,0,1,0
"COG4909",108,46,91,60,4,7,51,7,309,19,54,14,9,8,20,32,22,80,37,3,6,16,8,9,20,5,15,37,26,8,28,121,83,7,10,34,49,8,43,12,153,43,165,7,14,96,4,9,31,70,22,70,144,533,69,25,182,55,24,536,463,24,68,26,59,201,22,16,65,328,348,30,35,176,29,140,166,47,109,139,29,9,365,141,64,36,231,41,89,108,109,69,68,92,78,69,34,62,598,41
"COG4910",86,55,60,39,1,5,36,7,281,17,44,9,9,2,21,21,10,96,19,2,4,10,8,4,13,11,6,31,12,4,16,68,63,10,11,20,39,8,31,13,122,29,141,15,5,90,8,22,15,59,2,25,33,148,15,7,40,16,1,127,144,5,26,6,17,50,7,3,16,89,77,8,6,46,13,39,39,18,29,38,11,6,73,42,18,7,61,13,9,33,30,29,19,21,10,25,11,9,155,15
"COG4912",747,1095,1221,1137,417,1393,1177,1041,1041,1293,1104,1234,1390,1316,1255,1395,1486,716,1609,1385,1214,1184,1545,342,1402,1401,1428,1049,1196,1116,1482,1432,1109,1185,1480,1078,1176,1745,1385,1527,1560,1362,1225,1351,1670,1560,1709,1538,1563,1384,1181,1074,1441,1281,1286,1345,1895,1071,1201,1096,540,1507,1292,1008,1367,1191,1647,1074,770,1495,344,1327,1290,1195,1418,1167,880,1442,1398,931,1665,1270,1051,1058,1034,1769,1747,1686,1335,1240,1572,1397,829,1464,1635,406,1180,1112,1136,2205
"COG4913",1,261,704,212,812,477,1132,1671,629,590,945,449,1928,629,653,292,1331,1166,459,406,1181,591,672,1037,511,755,406,899,1111,1103,658,38,562,596,470,379,110,1400,1019,294,636,254,1050,671,1183,85,879,566,465,2691,87,77,555,302,280,291,24,339,130,204,1453,676,946,372,109,135,175,197,301,207,105,425,291,395,193,1314,33,551,116,1120,29,402,117,681,164,225,782,455,640,39,158,3,287,349,231,1224,96,232,180,182
"COG4916",8,0,0,11,23,5,0,0,0,40,1,0,6,1,116,0,1,0,0,2,0,0,0,0,81,207,0,0,0,27,98,80,13,59,79,9,0,51,27,27,0,4,0,2,7,396,12,0,2,9,0,0,0,0,163,12,0,0,11,0,1,0,4,136,0,4,0,0,4,3,0,8,0,0,0,1,0,0,0,1,125,0,63,0,0,15,0,0,0,0,0,0,51,0,302,0,12,5,0,18
"COG4917",84,266,421,678,572,93,359,126,416,112,251,70,200,65,140,33,117,604,103,61,72,74,64,311,56,78,81,188,174,42,68,196,280,205,123,93,112,67,203,106,176,55,207,72,73,175,47,213,197,117,98,99,122,202,81,60,88,85,55,412,264,89,111,61,105,135,48,43,89,187,754,45,70,204,53,199,124,74,101,300,122,37,144,162,82,48,159,80,85,173,52,82,94,141,127,58,74,118,182,70
"COG4922",632,5,27,0,5,37,14,180,52,5,3,11,61,25,160,18,12,17,7,1,1,21,6,14,4,59,35,12,27,186,1,13,48,31,55,3,7,6,8,11,2,0,9,8,8,0,65,21,64,13,9,2,198,19,4,22,47,13,86,202,5,11,8,68,3,2,18,69,297,12,17,17,6,2,8,27,217,20,0,14,0,106,57,23,10,13,3,12,59,6,6,7,8,6,0,25,4,12,14,4
"COG4924",0,21,36,57,278,13,57,123,0,8,280,79,221,1,152,828,18,8,111,7,50,15,86,154,12,36,7,0,163,157,5,3,4,47,21,3,2,361,118,2,195,39,227,53,15,21,111,80,41,884,27,50,157,205,148,8,1,72,88,43,1737,142,521,86,17,123,16,56,99,175,0,165,2,199,86,91,39,77,43,391,1,171,5,11,84,38,665,184,197,4,27,0,149,215,4,609,18,22,141,29
"COG4925",182,350,223,54,140,188,23,62,567,206,65,217,92,134,172,340,147,202,172,20,250,479,171,50,403,97,177,56,194,40,238,270,167,134,163,528,347,136,272,212,203,116,158,59,81,257,176,111,190,257,184,64,138,447,447,203,133,133,284,8,16,318,318,70,64,137,49,56,14,81,29,22,77,122,331,181,265,204,532,22,409,188,197,45,196,78,260,173,212,113,228,332,138,248,115,269,104,83,400,60
"COG4926",138,143,761,298,98,10,74,588,30,17,27,28,48,478,12,52,22,1505,35,28,8,46,54,49,219,59,331,82,52,56,31,210,41,1340,474,197,20,9,67,85,150,20,86,269,3,279,15,74,36,200,188,16,101,204,30,90,10,213,44,383,125,57,36,854,71,14,195,163,197,30,488,18,32,92,28,204,138,19,0,17,33,26,61,161,75,29,22,9,257,45,92,239,70,44,65,244,36,25,179,156
"COG4927",13,100,218,168,77,163,108,29,21,17,88,65,77,76,29,61,29,39,33,108,22,62,23,4,51,30,392,31,44,7,43,52,48,94,42,39,99,75,124,266,51,28,30,45,16,16,27,832,292,127,71,5,64,540,40,59,88,23,41,46,52,97,19,108,158,68,31,6,6,9,351,0,45,104,63,94,61,19,8,413,15,27,14,93,17,515,37,168,42,28,17,59,106,32,79,15,25,10,214,635
"COG4928",194,71,324,326,368,1239,958,90,1063,752,1166,482,207,203,611,4066,81,884,628,1070,1004,145,1382,1539,331,400,901,599,230,277,166,289,198,1114,228,106,57,388,687,678,434,752,680,803,157,139,81,720,667,252,918,15,114,212,330,316,259,930,300,702,171,177,105,667,468,343,868,160,1438,186,418,349,107,977,532,302,105,1100,352,376,678,1193,1066,67,117,2446,1091,216,25,132,268,280,275,886,2014,128,631,46,1252,5991
"COG4929",14,214,72,0,3,60,5,5,16,101,39,31,85,56,88,9,22,15,336,8,134,35,40,0,203,16,44,15,48,4,57,100,14,46,23,164,102,67,66,24,22,20,45,28,48,207,11,48,16,63,25,10,80,140,94,76,303,9,62,1,11,15,65,24,15,67,9,25,0,28,1,5,61,157,67,44,195,17,265,7,209,56,14,19,47,22,116,36,78,47,69,361,31,31,111,9,117,1,484,24
"COG4930",19,215,244,233,67,493,1002,1002,648,483,638,1855,411,460,377,616,321,220,92,873,90,789,1202,136,409,614,1653,437,214,616,1369,24,458,520,485,167,228,990,1464,1608,175,202,567,330,988,33,263,472,473,43,992,72,472,339,618,1229,905,1545,891,189,53,374,212,420,1506,513,488,704,1520,3144,31,1590,132,459,844,572,1443,510,218,584,1417,378,1137,164,542,1083,261,488,366,802,570,441,337,666,1548,996,240,618,185,1027
"COG4932",3181,4225,3087,15360,5231,4042,6027,3905,1401,912,2547,5540,2770,3223,3332,1243,2488,2938,1829,566,2102,4484,3285,2327,3052,5095,6012,3267,2703,4129,3586,2397,2976,6000,4304,1577,1757,920,2648,5076,5032,493,3224,2844,768,1339,2135,6877,4093,1680,6342,1113,4080,2026,3883,2152,1970,5144,2576,10278,8561,2883,6372,7203,3043,1857,2719,9563,5114,2412,6955,1208,940,4685,2659,2637,1145,5042,742,5372,1377,6208,3492,3727,1751,3179,944,2162,2399,1828,2770,630,6361,1724,6899,7481,872,2274,1746,2944
"COG4933",1,235,16,0,108,293,117,409,20,22,28,193,115,74,214,878,29,27,94,76,339,30,26,918,65,107,110,60,14,119,59,179,294,89,95,114,24,276,155,108,21,173,32,21,67,11,44,87,5,17,117,636,78,67,46,169,47,45,182,97,30,39,110,69,31,53,120,132,0,1133,17,3,14,285,13,10,0,24,70,6,121,158,14,17,3,32,21,49,48,7,8,27,155,89,144,1,68,623,43,45
"COG4936",250,257,143,128,45,297,507,148,810,25,285,222,195,341,412,343,234,568,54,62,262,343,510,141,192,548,369,478,301,352,245,235,483,422,386,88,276,127,209,423,177,112,309,171,163,250,146,139,178,214,740,134,118,304,172,294,90,608,60,163,186,238,468,341,534,121,248,201,0,133,50,67,92,189,207,422,654,94,190,253,69,775,394,421,85,618,155,125,59,103,408,247,257,201,93,24,171,136,798,457
"COG4937",47,2,318,57,113,460,387,814,198,431,779,385,419,410,703,1029,141,140,379,1466,272,432,851,1154,129,277,657,441,323,743,336,313,192,355,87,172,211,701,649,620,123,1642,477,238,699,656,885,516,485,342,218,1482,405,339,318,417,424,622,579,1,40,281,299,515,1088,757,863,76,133,1352,1,1410,525,213,375,173,157,506,210,44,236,296,240,292,434,330,534,310,536,392,313,106,242,546,377,16,902,1671,158,176
"COG4938",19,1095,57,51,95,526,239,1169,1003,1037,14,127,296,642,923,66,1665,117,36,5606,388,42,474,87,519,1150,481,621,657,225,67,150,638,39,1279,68,818,159,229,772,325,3157,286,334,1128,42,183,624,1499,1187,146,33,661,459,163,606,56,205,657,75,43,375,336,514,184,454,61,6,490,307,1,58,373,36,525,104,244,112,212,28,665,165,389,348,552,280,57,1308,217,48,318,428,164,168,170,87,448,2787,99,335
"COG4939",0,3,0,30,35,2,22,0,1,1,3,12,0,3,10,0,0,3,1,0,0,1,1,0,6,1,0,1,10,1,0,1,4,36,6,0,4,1,6,10,59,0,18,24,3,1,2,1,3,5,4,0,9,3,8,3,51,6,14,0,65,4,3,12,5,2,9,2,1,0,12,0,0,8,1,6,1,11,1,1,2,2,2,1,0,3,5,0,12,0,0,0,2,1,0,0,8,0,0,0
"COG4940",8,5,132,10,48,131,29,12,61,50,39,18,23,9,156,12,23,32,106,11,76,55,137,26,91,97,154,23,133,69,67,85,16,281,99,90,64,63,231,184,249,24,110,76,80,66,38,24,351,28,71,106,75,72,110,27,73,25,163,503,3,74,58,32,47,47,20,14,49,28,0,9,75,33,63,173,55,54,146,8,61,66,339,39,65,59,99,56,69,105,22,2,14,155,2,19,71,33,220,57
"COG4942",545,805,580,62,827,599,77,154,790,1218,592,454,686,596,493,351,635,608,1097,725,751,787,1319,306,1209,419,450,367,1079,635,388,938,630,466,702,805,831,703,702,389,535,329,875,611,541,980,280,247,380,1579,420,3648,522,1020,868,588,1207,454,1063,172,97,690,816,248,228,1010,464,321,9,460,780,134,996,720,394,521,829,465,1142,147,1065,692,451,407,709,802,1069,711,737,594,540,1738,424,1095,502,20,601,87,1148,1401
"COG4943",83,159,279,292,1636,12,16,23,712,163,461,4,395,11,259,91,36,1487,209,11,9,2,7,1025,14,3,1,404,186,0,65,155,569,238,15,45,39,39,146,1,209,23,9,14,203,216,18,64,334,22,2,147,34,156,18,25,60,54,36,270,328,19,23,2,191,334,6,23,0,51,2595,4,58,59,5,57,50,24,85,298,252,17,351,34,153,18,76,18,45,48,10,608,6,142,0,12,15,3,300,22
"COG4946",727,3925,4273,636,1395,2399,1710,2339,2022,5313,4840,3578,6068,5461,2694,3120,3693,2123,8120,3079,5143,4059,1560,3153,4686,3903,2013,3391,4705,2650,5284,5675,1825,1888,3046,4246,5002,8351,3951,3249,1891,6228,4301,4374,6092,8224,4434,2530,2809,4231,1737,1845,5126,4551,4152,4145,7948,3006,5470,38,727,5040,4091,2468,4150,4424,2423,1133,1190,6760,84,6739,5766,2966,4232,2615,3881,2852,5034,441,4561,5252,1425,4331,7051,2621,8094,5081,6675,5918,4372,6539,2714,6523,4677,137,4005,4406,4414,1626
"COG4947",24,259,33,137,77,409,617,430,563,477,89,151,634,326,182,155,552,476,15,271,571,216,200,265,376,488,415,521,289,479,311,12,369,161,322,331,66,165,229,202,74,151,278,349,728,150,472,159,111,186,175,13,455,271,185,543,78,352,220,688,71,315,449,438,353,234,315,295,342,91,8,882,413,268,353,1331,23,299,176,738,53,393,169,931,125,331,126,316,623,43,444,18,142,220,151,969,212,504,189,243
"COG4948",806,3196,3253,889,4180,1842,1756,3108,1754,3155,2199,2460,3716,2150,2277,1939,2997,3960,3097,1634,2075,2119,1836,3231,2565,2294,2121,2276,2820,1927,2221,3300,2281,2312,1783,2671,2772,1755,2872,1635,2451,2040,2624,1993,3943,2518,2312,1460,2195,2938,1734,3058,1820,2315,2105,2336,2257,2244,1992,1212,1127,2272,1844,1246,2867,2608,1854,1526,3142,2873,9748,2165,3873,2508,1692,7303,4178,2388,2794,816,3297,2066,2001,1848,3179,2049,2802,2661,2647,3698,1489,3742,1750,2285,1964,3816,2202,2573,4959,1608
"COG4950",6,33,51,42,374,4,5,4,195,30,78,0,73,1,46,30,7,271,35,1,7,0,2,222,1,0,0,63,60,0,17,57,223,76,2,5,6,5,32,0,117,6,0,1,33,28,2,15,77,5,0,34,10,20,7,0,7,11,22,62,45,2,3,0,20,60,0,4,0,7,534,1,8,8,2,8,17,4,9,52,43,3,91,10,24,5,17,1,10,6,0,122,0,17,0,5,2,0,52,7
"COG4951",1753,1046,343,232,441,400,642,855,305,246,998,723,915,1718,749,491,2677,149,111,1972,553,975,1295,1020,1044,199,461,100,498,1120,462,208,663,638,368,188,574,337,107,392,418,1016,997,321,1926,353,429,1118,1171,846,1507,334,217,239,752,618,928,249,325,745,351,1005,44,918,277,729,1298,375,28,280,235,776,379,460,618,410,1080,1068,372,847,1206,282,227,612,345,1463,175,670,120,728,572,1904,319,111,676,59,252,3921,19,696
"COG4952",3,82,86,1,29,23,2,0,9,246,5,13,12,7,69,8,5,2,34,15,91,36,31,0,16,74,22,7,18,5,14,45,22,11,27,18,57,4,49,59,52,2,75,7,20,18,14,11,35,60,9,1,104,5,21,2,10,25,46,45,12,16,9,13,183,5,16,58,0,5,197,3,25,64,10,13,19,65,10,1,23,32,20,19,6,9,41,92,116,18,47,88,47,8,175,5,10,26,167,24
"COG4953",79,1560,582,111,1386,460,53,177,484,788,856,203,753,667,710,1090,221,858,1149,21,751,277,216,496,787,276,316,329,1034,125,291,1171,522,796,199,1130,680,327,977,315,394,275,908,202,457,1182,209,227,523,780,343,104,456,1173,1025,676,1009,417,1041,152,208,179,763,143,176,700,83,223,4,231,697,63,503,951,350,374,928,375,1607,109,917,514,303,611,387,146,933,351,704,281,524,2290,426,1294,431,42,675,54,1688,100
"COG4955",795,0,0,8,17,0,0,194,1,0,0,1,1,0,0,0,0,0,0,0,0,1,0,13,0,0,0,0,2,0,0,3,0,0,4,0,0,0,0,0,1,0,0,0,0,0,0,2,14,4,0,0,0,1,0,0,0,0,0,383,44,0,1,0,0,0,0,2,75,0,2,0,0,0,0,0,0,0,0,18,0,0,0,0,0,2,0,0,0,0,0,0,0,0,0,0,0,1,0,0
"COG4956",1195,84,78,122,64,200,66,627,386,306,38,106,51,65,412,110,86,75,128,84,63,44,105,250,108,78,126,39,219,252,79,186,167,329,102,98,97,153,321,369,422,138,112,64,83,50,124,87,415,223,91,76,74,85,86,61,109,235,201,560,119,69,53,210,105,254,96,398,857,102,8,353,81,54,221,104,59,254,119,307,61,232,179,23,154,62,96,36,81,90,205,9,122,164,0,1171,69,204,190,86
"COG4957",0,26,3,0,1,2,1,0,0,8,13,0,0,3,35,0,22,1,6,0,0,4,7,0,15,4,2,1,3,3,0,0,3,13,12,4,12,4,7,11,10,4,7,1,2,2,2,3,30,13,8,0,3,11,0,3,6,3,1,0,0,5,4,4,1,6,3,12,0,6,0,0,6,2,8,8,5,13,0,0,3,4,6,0,0,4,14,3,12,9,1,9,8,17,0,3,1,1,0,3
"COG4959",0,1,0,0,4,63,0,0,40,12,1,8,0,3,5,215,0,13,0,0,0,0,0,53,5,3,4,1,2,12,0,0,0,6,0,0,28,80,5,147,0,10,0,0,0,0,27,0,5,54,5,0,0,5,0,0,10,4,0,0,0,3,0,0,0,219,0,0,0,26,0,264,2,0,0,4,0,15,0,1,2,0,2,1,29,0,3,3,0,0,17,2,1,20,0,237,1,45,0,0
"COG4962",1998,1755,1571,1632,1113,2603,2560,1140,1764,242,1070,1149,843,1753,1224,1328,1984,1372,951,678,1557,1569,1576,1139,1059,2462,2083,2968,1343,1798,1599,422,1638,2031,2092,635,1412,869,992,2979,1317,349,1258,2279,328,612,1050,2249,1943,820,3748,419,2240,861,1357,1610,387,1949,758,1705,3239,1013,1290,1738,2209,813,2217,2055,3182,1080,2047,1053,440,1618,1407,743,3075,2009,567,2359,701,1350,2385,1798,533,3238,360,1747,1668,1197,1617,353,2478,1046,1533,2164,1337,1271,708,2425
"COG4963",0,14,8,0,2,19,32,72,6,13,88,0,16,48,24,270,15,7,34,123,115,21,23,0,42,78,0,58,13,29,525,1,29,19,41,0,37,2,59,158,1,3,0,168,12,0,8,4,12,12,17,0,134,4,100,12,4,242,121,0,0,25,0,21,152,9,20,22,100,6,137,0,16,0,7,0,5,80,9,0,20,5,168,5,10,25,0,27,136,0,35,0,7,2,0,0,19,46,33,102
"COG4964",3,3,0,0,576,36,69,103,0,5,0,4,0,70,11,101,0,10,0,36,0,96,0,0,4,0,0,4,3,12,9,0,351,41,2,0,1,133,50,160,0,0,1,5,0,4,418,1,0,1,0,1,0,0,0,1,42,156,32,0,0,0,0,2,0,9,29,70,70,1,0,0,0,11,0,0,0,18,0,0,2,0,14,0,0,0,0,0,0,0,46,0,1,2,0,0,142,79,0,0
"COG4965",1259,520,521,1230,51,518,1255,537,672,49,378,226,207,305,211,329,258,529,81,196,397,155,419,173,238,506,260,570,576,524,645,120,318,307,477,101,285,208,244,533,164,124,149,1034,121,223,153,390,211,79,144,33,209,70,110,114,26,127,43,323,175,89,163,119,107,45,125,184,138,94,130,48,19,209,92,81,49,118,39,368,12,150,181,186,52,208,27,130,103,31,184,23,95,86,140,80,84,69,36,146
"COG4967",19,26,47,53,277,1,1,6,68,31,64,1,89,2,32,11,4,275,37,2,4,0,1,171,1,0,1,51,31,0,11,38,103,47,1,14,9,3,23,0,24,9,1,1,34,38,1,9,45,4,0,24,2,35,2,3,5,8,13,33,41,2,4,1,25,41,1,8,0,5,466,2,10,8,1,6,13,3,13,20,23,0,30,7,18,2,14,1,17,6,4,72,2,15,0,4,1,1,34,3
"COG4969",35,60,56,59,370,2,38,9,280,26,78,56,137,1,104,21,9,357,42,22,5,3,6,231,43,27,5,79,54,2,21,43,167,84,9,9,21,13,24,4,43,1,3,1,56,49,9,14,85,12,13,23,4,15,0,7,4,4,6,26,31,40,24,1,20,19,2,4,1,2,202,3,4,15,4,7,2,13,3,12,14,4,63,7,15,3,5,4,4,3,0,23,1,13,5,0,1,2,23,4
"COG4972",1056,389,249,583,836,828,272,180,614,31,108,285,46,534,284,393,438,385,152,32,339,529,964,7,391,868,793,846,694,297,116,49,781,254,613,84,303,107,309,697,79,51,114,568,82,75,615,700,478,101,1084,93,314,98,285,450,57,403,185,428,84,129,755,505,497,85,965,748,261,40,183,73,84,240,440,141,633,239,203,448,140,752,502,715,162,621,124,141,166,236,81,74,235,219,480,128,466,250,171,290
"COG4973",279,2580,823,239,1443,995,551,369,923,742,4372,1933,2016,872,1210,915,774,952,1754,1157,1278,1293,779,1091,1335,1049,1004,1183,2045,1307,1382,1300,1304,579,1160,1194,902,1605,1328,1112,1324,1902,1056,1151,1952,1146,1766,1114,1211,822,590,1797,1100,1621,1400,1085,1359,1053,1048,132,320,2424,1611,1925,1697,2513,1040,339,369,1989,939,1249,949,624,1424,512,1855,895,1325,231,1559,1110,460,1004,1910,1273,1554,1945,1090,1137,983,1468,1706,950,952,68,945,1234,863,889
"COG4974",6638,10182,9779,9006,5207,10134,6295,5233,4945,11660,10596,10038,7231,10010,12924,18707,9800,4921,9496,14376,9519,8470,19036,22841,10361,10212,10905,7684,11372,8978,10716,11141,7387,6814,11926,11047,14251,11885,11188,11736,7440,10566,14065,9538,12878,11505,14035,15794,10747,12679,9824,16164,8819,11112,13563,12243,11186,10270,14696,5228,4992,10181,10331,8627,9306,11504,10798,4906,4232,11430,5599,12069,10621,10307,12580,7933,10156,8852,12581,5237,12349,10428,9376,9563,15630,10752,11950,13559,8338,11558,8252,9414,10995,12395,8601,3358,23689,7264,7786,14412
"COG4975",678,0,19,30,51,1,0,810,4,0,8,0,1,0,1,0,0,0,7,0,0,0,0,25,0,0,0,0,8,56,0,1,1,6,6,0,0,0,0,0,0,0,0,0,0,0,0,1,31,28,0,55,0,3,2,0,0,3,4,480,276,1,5,0,0,0,0,8,188,0,20,0,0,0,0,0,0,0,0,632,0,0,1,4,1,1,1,0,0,0,7,0,0,0,0,0,0,2,34,0
"COG4977",541,2929,2187,333,1183,2984,1400,256,1257,3313,1542,2306,2463,3853,2437,604,1884,1545,8339,303,8774,3227,2575,419,5717,2081,1891,1865,2668,2030,3101,2598,3237,3847,2905,4669,2227,3814,2815,1653,3509,3119,1943,3764,3042,6907,737,1816,2741,4398,2854,1010,2030,5616,8151,3655,4979,1521,3847,685,324,2875,4900,1397,822,5430,1909,1496,467,1779,14,782,4118,4582,2563,1905,4190,1998,5164,760,6750,2707,1342,783,4098,2286,3417,2295,2255,2751,2596,7685,2350,1538,2576,401,5881,501,7956,1886
"COG4978",624,542,780,701,576,630,578,135,994,354,307,443,275,437,503,266,210,357,399,171,400,411,361,221,541,413,524,178,498,277,392,628,373,1126,430,434,489,517,666,971,601,233,1021,608,215,741,368,547,839,678,590,168,555,621,561,467,696,511,350,754,755,620,529,596,498,609,257,660,438,501,1687,399,550,479,490,465,455,366,475,473,334,435,725,405,260,307,624,545,388,604,365,908,559,539,399,1038,345,275,2265,300
"COG4981",3,65,463,551,1307,6,18,926,10,0,16,997,4,0,384,3,245,0,0,23,1,1,6,1157,24,0,0,3,163,909,21,0,12,1,0,2,12,2,3,1,92,3,1,0,2,0,12,2,1,6,0,120,0,9,0,0,1,58,614,333,10215,1,24,20,0,2,13,229,5965,0,0,1,0,548,16,0,0,3,76,2935,8,0,2,69,6,11,0,16,0,52,6,0,2,7,25,4852,0,43,38,8
"COG4982",0,68,268,505,1180,2,20,862,8,0,17,996,5,0,370,3,190,1,4,22,0,0,6,861,27,0,0,5,164,838,20,0,7,2,0,3,12,1,3,1,74,5,3,0,3,0,11,2,1,7,0,132,0,3,0,0,1,57,626,257,9589,1,23,12,0,1,10,195,5909,1,0,1,0,525,15,0,0,5,59,2693,7,0,2,69,5,12,0,14,0,43,7,0,0,9,28,4858,0,48,26,7
"COG4983",21,132,131,0,56,154,161,18,116,5,151,60,145,71,4,19,43,110,60,70,52,111,42,1,297,75,49,28,73,92,6,14,109,568,107,116,255,12,84,60,160,17,3,32,137,13,53,134,533,36,106,170,172,7,186,117,71,41,296,42,39,32,191,512,63,14,285,100,648,15,205,17,13,52,23,58,21,307,372,191,3,218,75,45,26,94,29,493,137,101,494,6,84,47,129,20,48,29,0,39
"COG4984",44,391,191,0,15,126,11,11,294,259,82,87,191,115,175,9,54,65,917,32,264,55,111,0,513,33,121,60,98,23,142,169,26,115,58,543,251,142,122,51,65,50,109,92,144,371,33,98,34,86,55,11,196,422,155,195,644,25,135,54,18,46,134,53,37,153,21,38,2,62,1,21,128,375,166,95,498,57,538,11,450,93,34,68,118,34,359,70,222,150,236,701,63,80,269,4,193,11,1042,33
"COG4985",747,104,90,4,270,328,211,25,110,43,0,168,211,191,147,135,133,93,44,60,127,216,319,76,188,351,307,404,265,117,117,13,389,181,233,60,192,28,128,347,36,57,51,294,36,6,384,109,93,52,636,13,109,62,224,299,0,245,98,221,8,90,456,108,273,70,33,254,55,116,0,54,16,100,152,67,431,62,63,100,53,263,243,106,120,364,23,58,97,16,71,90,143,89,96,33,69,56,3,245
"COG4986",1,0,0,147,0,1,0,14,0,0,0,89,0,0,0,0,0,0,4,0,0,0,0,8,2,0,0,0,9,6,0,0,0,0,0,0,0,0,0,0,0,0,0,0,0,0,1,0,0,0,0,17,0,0,0,0,0,16,0,0,0,0,0,0,0,0,0,5,2236,3,0,0,0,0,0,0,0,0,0,104,1,0,2,1,0,0,0,0,0,0,0,0,1,1,4,69,0,0,0,0
"COG4987",1996,135,151,195,688,308,27,999,527,341,156,10,280,15,190,20,12,637,76,38,13,0,17,720,11,7,6,192,93,59,41,140,286,148,8,68,83,324,50,220,353,198,34,5,70,89,105,19,189,484,2,106,19,92,14,11,111,27,34,1082,559,4,25,260,91,679,10,47,146,20,1032,669,25,30,319,30,36,186,39,654,85,13,81,20,156,37,36,13,35,9,362,166,6,161,1,1901,10,228,134,32
"COG4988",507,475,1395,1889,1568,751,1602,2136,2211,459,672,1132,823,646,850,349,496,1446,260,457,440,398,301,1493,392,643,392,940,742,933,639,342,855,783,815,175,524,522,433,608,649,429,393,848,461,377,488,523,583,425,433,260,759,544,466,680,342,566,600,2165,6906,601,414,730,453,803,435,680,3470,286,1441,919,328,769,850,1752,284,623,227,3550,275,205,997,1079,331,872,159,621,502,523,1597,225,465,668,892,5325,173,617,316,716
"COG4989",765,168,464,2049,516,86,445,656,486,66,295,126,200,84,195,543,112,533,120,30,157,42,120,569,64,178,105,267,269,270,57,146,382,441,161,85,87,66,140,94,141,43,123,177,82,135,50,542,252,143,70,106,366,242,119,150,77,40,109,1628,1183,83,90,266,84,176,98,395,397,59,717,63,71,247,290,273,100,145,60,1028,66,62,111,200,69,100,107,160,189,97,102,230,135,169,334,223,120,96,242,257
"COG4990",2557,455,169,2197,458,464,436,455,765,69,100,388,150,266,145,188,357,448,37,84,253,146,633,53,133,386,355,741,619,452,95,45,173,295,75,77,238,85,163,466,244,77,183,780,139,80,187,190,244,58,197,6,142,67,90,75,39,79,105,59,149,32,196,105,70,34,90,339,70,31,76,51,28,74,27,206,35,122,38,348,60,129,85,366,23,116,15,67,71,12,162,32,53,27,166,52,70,71,15,280
"COG4992",3279,2010,3669,3727,3497,3314,3982,3538,3483,4034,3087,3174,4122,4063,3567,2512,3920,4323,2524,2110,2898,3254,3193,3340,2791,3367,2536,3658,3400,3958,3436,3192,3790,2593,3175,3380,3454,4412,3729,3519,3496,3234,3047,2603,3588,3279,3511,3301,3680,2355,3057,2293,4057,2956,2907,3323,2285,3753,3147,2452,3450,3546,3699,3211,2803,3413,2531,2880,4308,2536,3647,2905,3237,3774,3808,4106,2539,2997,2947,2858,2918,3351,3070,3863,3320,3107,3811,3420,4164,3767,4537,1968,2347,3828,4039,3938,2923,3337,2151,2056
"COG4993",61,92,181,205,1143,4,5,20,529,94,213,1,329,7,139,75,27,944,95,7,15,1,3,553,8,0,0,265,135,0,54,120,603,137,18,28,37,20,88,0,225,14,7,6,119,144,9,26,129,19,0,54,8,23,8,4,11,11,7,115,48,4,7,0,31,44,1,9,0,7,598,0,15,12,1,12,7,3,19,69,43,2,75,3,49,3,12,2,9,6,1,207,2,24,0,4,4,1,41,4
"COG4995",3,19,336,0,44,536,12,3,98,410,338,95,124,511,189,417,554,56,1199,1932,620,2220,1418,3,398,516,631,191,34,2308,254,272,17,114,123,1836,91,255,150,105,122,176,1341,2277,676,553,51,168,79,949,44,18,1223,357,160,264,892,103,634,17,32,1248,323,901,572,500,861,149,5,69,2,26,2292,424,241,193,558,39,195,18,1866,2386,123,63,992,1635,1027,1033,1261,114,426,298,432,990,134,0,253,835,558,5000
"COG4997",0,26,25,791,4,28,6,0,25,2,1,267,5,11,205,49,48,19,0,0,0,48,34,0,208,10,195,10,79,6,4,0,15,99,101,0,6,2,38,253,17,5,44,9,11,10,15,43,100,4,97,1,6,21,94,40,0,35,30,0,4,18,55,97,18,26,171,4,3,2,0,2,12,3,23,15,15,167,1,34,37,11,186,10,28,86,8,0,1,8,283,1,5,1,1,0,3,3,2,174
"COG4999",3767,12552,8426,5244,8328,12437,9654,4100,6568,10442,286,8948,10462,15288,9460,7324,5999,8943,14109,7447,15906,15193,10337,3072,18828,13417,12619,10700,8553,6779,7969,9949,11032,9919,14468,13127,11331,11034,14490,13704,8547,5623,12294,12521,8113,13649,7925,12922,11500,9589,15041,8018,13867,15230,20063,17996,34,10788,10476,4864,2669,11252,15411,8268,8346,11273,5,9863,3363,6184,2420,4788,12883,12012,12762,9043,15023,7455,9634,4360,13853,15698,10285,10549,14801,13230,12654,9133,13913,7072,10571,14816,20118,10667,13542,1700,8,4179,8159,14519
"COG5000",1311,3273,3223,339,1039,2065,928,1619,1241,3894,3199,2401,3256,3382,2551,2591,2252,1283,6577,1729,3362,2215,2285,2144,3856,2308,1984,1996,3181,1921,3470,4349,1345,2396,2124,3960,3465,4916,3235,2321,1325,3557,2640,2953,4286,5654,2411,2122,2315,3430,1490,2606,3534,4211,3118,3606,5988,2054,3409,171,710,3386,3182,1972,2885,2891,1411,679,687,3036,176,4087,4643,2571,3153,1859,3220,1647,5052,363,4610,2754,1268,2333,4759,1819,5394,2905,4309,4152,3013,5136,2098,4127,3523,144,3802,1340,4193,1387
"COG5001",4074,4031,4262,13917,1553,7985,8408,2841,6707,743,3575,3627,3794,4906,2283,4397,4422,5283,2059,2504,4605,3826,6417,2018,3265,7006,5258,8121,4865,4500,3187,1583,5953,2501,5119,1676,3965,2600,4075,6021,2284,1326,3488,5602,1908,2501,2620,8274,4157,3112,2910,299,1501,721,1120,1465,695,1766,589,1773,637,1500,1887,1920,1716,512,1735,1382,901,913,1686,497,613,890,1469,1666,2246,928,989,1067,583,2085,1562,2456,540,2421,830,1874,941,966,2269,823,995,1419,1385,763,938,1018,2983,1464
"COG5002",4287,14789,26270,2454,5397,13397,7124,6667,8593,27676,20843,16621,20398,21035,14781,15020,15916,8860,25836,13125,35664,20404,23940,8063,28784,12199,12550,13328,14760,16164,24994,30371,20486,9330,20538,40964,26090,39751,17766,12481,15448,14996,21642,26486,25828,38928,15623,13460,17233,18822,11241,10579,24754,30992,29772,31066,36665,10321,21549,3343,3630,26444,23505,16207,13182,29266,11430,8774,4506,16023,672,18056,23290,14755,33609,11515,22890,12270,36290,4216,38501,22546,10136,14263,16942,12496,26984,18249,26777,22539,24444,31436,17702,16436,22890,1330,26843,12725,31195,8339
"COG5004",3,8,0,24,343,0,1,0,2,6,33,1,68,1,40,0,4,43,9,2,1,1,0,89,0,0,1,39,15,0,0,20,42,42,0,9,5,1,0,0,0,0,0,0,16,10,0,2,2,1,0,7,0,12,1,0,0,1,1,15,13,0,0,0,11,7,0,0,0,3,5,0,1,13,0,0,7,0,7,1,0,1,2,4,0,1,10,0,5,5,1,35,0,3,0,0,1,0,7,0
"COG5005",2,2,1,0,0,0,3,2,36,0,0,0,0,42,0,2,0,2,22,0,5,3,7,0,14,5,6,1,0,1,2,0,0,6,4,0,0,3,66,76,4,3,0,58,15,4,0,1,77,11,8,0,0,16,4,16,5,4,2,0,0,0,0,7,3,1,0,46,0,0,13,0,13,55,1,1,3,0,0,0,0,1,86,5,1,5,17,0,2,4,0,0,0,0,0,6,20,4,202,12
"COG5006",23,113,88,164,588,3,2,55,177,57,123,150,152,10,111,15,24,459,52,4,5,7,13,336,16,0,4,105,77,116,15,64,204,78,24,29,41,15,45,13,76,10,21,9,51,51,8,21,119,36,3,46,23,50,0,12,18,31,95,85,786,11,25,5,37,92,5,34,420,19,743,2,12,68,23,23,24,32,18,211,62,13,89,9,21,6,21,5,47,11,9,112,21,75,3,15,7,6,60,4
"COG5007",11,17,38,37,216,0,6,5,140,18,55,0,45,1,41,12,7,243,20,15,2,1,2,156,3,0,1,48,23,0,11,29,74,49,7,8,14,5,18,0,17,3,0,0,25,35,3,8,51,3,0,26,6,34,2,4,6,4,6,41,52,1,5,1,27,38,1,3,0,9,368,2,8,6,1,14,13,4,10,37,36,3,49,4,13,7,9,2,6,3,5,72,0,29,0,1,5,2,50,6
"COG5009",1538,2458,2671,1274,2951,3079,3209,3285,2223,3820,3032,2400,2805,3069,3544,6774,2455,2522,2572,7326,2403,4566,4007,5962,2744,3164,3891,2638,2732,4343,2463,3111,3211,2081,2770,3014,2955,3339,3580,3407,1834,5860,3827,3071,3121,3410,4877,2995,2712,5565,2654,9247,3059,2653,3153,2984,2713,3251,3984,2012,1435,2873,2295,3445,5325,3809,4777,1115,1314,5782,3416,5364,3259,2532,2870,1802,2830,2464,2797,1475,2697,2759,1935,2099,3109,4227,3252,2734,3140,2917,2330,2376,2279,3973,2567,775,4908,6977,2087,5156
"COG5011",479,643,424,1042,232,771,772,675,710,414,415,573,510,595,496,421,696,508,204,302,530,492,517,258,492,810,799,623,439,567,608,238,631,769,889,330,409,359,558,809,1231,220,523,702,392,241,394,979,876,438,867,121,616,352,497,560,201,947,431,624,345,457,502,665,512,558,815,1029,950,321,321,420,386,674,563,952,293,780,288,751,255,692,985,741,294,656,242,582,500,408,603,201,394,443,707,989,391,492,423,709
"COG5012",119,1358,1382,2458,528,495,482,83,289,1159,1010,413,704,514,493,106,515,420,1432,60,1100,501,444,32,1080,297,588,209,412,170,721,1429,610,1131,549,1349,1041,1025,746,533,601,274,686,383,456,884,275,287,737,301,547,90,795,1534,586,939,1410,497,626,917,411,931,859,341,188,309,255,1149,155,258,14,202,835,822,1091,722,1034,612,1445,197,1277,525,523,568,500,497,996,377,973,564,957,1229,644,756,1001,163,308,217,1532,333
"COG5013",809,447,417,441,2412,24,28,150,633,266,541,103,802,89,354,108,311,2140,240,65,25,6,76,1395,106,21,114,726,290,303,65,457,1240,551,51,231,197,102,225,73,350,33,12,32,262,284,31,79,434,426,110,448,83,257,193,148,84,168,121,966,641,138,113,21,329,369,38,112,156,103,3405,9,211,99,42,194,110,158,115,249,306,90,388,89,162,124,394,26,296,179,21,653,151,504,3,50,49,26,415,88
"COG5015",706,735,364,1313,289,451,474,147,605,87,210,236,416,493,254,169,683,566,106,52,169,332,284,156,238,593,465,407,245,542,215,115,150,363,379,107,266,246,234,392,347,156,268,372,146,199,251,318,221,305,465,39,457,341,316,358,447,350,299,485,67,284,242,620,316,184,528,526,780,93,273,318,353,379,329,415,554,364,44,658,265,643,474,362,156,440,158,296,299,138,525,52,298,195,500,338,181,287,288,393
"COG5016",1785,3764,4299,2721,1475,3676,2845,2916,2667,4906,3644,4009,4760,4924,3368,3006,4663,1965,4662,4012,3814,4062,4167,2379,4749,4206,3544,3415,4507,3487,4496,5250,3838,2894,3980,5270,4800,6542,3924,3761,4366,4407,4631,4197,5404,5572,4288,3716,3883,4256,3807,4486,4968,4374,3973,4527,5340,3766,4652,1173,1190,4854,4348,3016,3906,3580,3357,3957,2469,4057,814,4477,5720,4103,4833,4499,4987,3825,5047,1836,4925,4676,2909,4461,4935,4388,6254,4577,5494,5668,4664,4129,3026,5012,4724,2929,4620,3622,3677,3708
"COG5017",57,118,355,102,94,406,186,166,143,276,47,104,42,142,145,325,96,154,334,56,29,135,287,23,315,140,82,155,19,78,220,116,207,224,153,513,45,256,134,118,136,56,90,219,26,8,377,187,290,106,363,28,221,30,36,418,3,79,80,360,125,66,98,429,77,276,348,59,229,68,2,50,7,142,222,186,799,351,231,92,11,235,359,37,89,181,82,211,157,143,361,70,1540,18,148,35,100,151,200,395
"COG5018",1114,527,596,1895,93,883,1222,755,699,256,268,341,580,484,624,315,607,779,259,220,701,414,890,103,408,1007,892,954,799,595,482,141,623,296,703,416,513,214,547,749,351,152,384,642,445,291,418,784,576,266,1006,156,695,245,612,789,141,543,289,827,153,507,844,811,723,200,811,486,711,160,354,237,633,446,505,1328,850,639,282,921,232,689,573,1093,291,730,201,577,695,503,966,170,306,381,778,588,388,584,359,891
"COG5026",26,847,283,1,201,405,3,773,100,849,513,123,182,102,620,27,52,75,891,24,354,131,135,382,411,84,122,56,281,276,125,702,41,346,58,371,263,553,219,379,149,254,141,64,135,608,169,77,181,407,121,11,158,490,195,183,1054,102,378,9,68,83,226,163,78,683,22,126,1101,96,1,634,209,240,601,224,462,478,710,14,570,157,67,237,245,35,355,128,186,110,703,720,169,523,266,2254,208,314,727,29
"COG5029",0,0,39,0,0,20,0,111,0,46,38,0,16,0,6,0,0,1,171,0,7,0,13,13,13,0,0,0,0,2,0,230,0,2,0,26,40,16,0,3,0,21,0,0,50,124,0,14,0,35,0,0,0,14,18,1,99,5,90,2,0,16,0,2,0,8,0,0,1,0,1,0,76,12,16,0,58,0,0,3,0,0,11,4,0,0,0,2,0,0,2,0,2,0,35,0,0,0,0,0
"COG5039",44,4,95,171,10,94,179,6,133,12,31,115,219,42,67,9,14,22,103,5,33,20,90,39,74,39,70,9,89,233,6,11,12,55,12,19,19,449,18,79,28,160,51,60,18,54,63,14,8,4,438,174,101,145,15,117,527,140,90,224,1,239,172,682,184,949,177,24,230,38,1,51,688,255,322,19,760,11,206,45,220,73,154,51,125,53,83,91,68,78,46,293,195,234,33,0,146,18,370,68
"COG5048",0,1,0,0,0,70,0,1,17,0,2,0,79,8,7,7,7,18,0,2,35,51,5,3,15,217,57,20,339,11,1,0,54,9,176,1,49,17,26,4,27,0,466,0,3,0,10,5,37,0,50,0,20,16,3,4,0,30,0,27,1,22,32,1,7,12,0,82,0,305,0,6,9,3,33,72,47,7,7,0,0,33,61,64,345,39,5,0,9,19,0,3,13,0,1,4,9,42,0,5
"COG5108",1,0,0,139,8,197,753,0,16,5,4,0,0,8,0,60,0,1107,20,15,0,47,0,373,0,5,355,0,10,25,4,135,0,3,27,2,0,0,1,9,1501,231,0,0,110,14,0,0,15,19,0,0,1,4,0,4,1,0,2,0,0,94,1,2,168,38,0,0,0,1,1,0,0,0,15,0,0,0,317,1820,0,17,76,0,168,3,39,0,0,0,0,1,39,370,0,0,4,16,0,0
"COG5146",56,432,503,18,213,424,181,353,160,637,186,785,280,553,318,994,951,170,394,846,502,672,800,807,693,283,390,265,730,228,877,794,279,209,800,806,827,874,459,315,299,924,557,842,881,334,837,291,560,1007,353,1841,446,616,554,545,368,460,616,4,34,1005,326,63,925,267,702,139,43,1321,0,1565,974,356,631,408,471,379,510,23,917,717,287,206,1354,753,925,931,619,1134,421,137,426,531,336,19,755,889,102,1081
"COG5184",106,292,3823,0,405,664,42,1,181,681,142,351,637,278,258,221,67,303,1,172,589,754,1148,21,1092,7800,2454,241,519,751,157,1,740,1235,2584,466,510,284,129,2502,370,8,122,1006,54,46,933,1144,676,15,979,7,239,224,1227,330,0,494,354,569,7,349,631,4953,207,239,531,668,743,85,0,79,131,331,475,1402,94,83,112,17,1,4926,1769,897,235,900,74,1013,87,265,7,35,12772,5,18,42,99,777,3,2834
"COG5206",1,0,22,0,36,229,6,0,94,30,0,521,0,117,270,9,2054,6,22,0,247,445,307,32,11,60,66,132,172,12,7,84,103,32,171,26,760,91,398,18,105,95,401,114,240,37,139,52,33,134,82,2,39,50,826,204,0,35,214,0,24,12,3,90,9,125,106,11,0,1,0,146,87,45,54,24,710,46,0,2,174,195,144,1172,4,18,2,5,57,1451,2,1,490,86,2,0,390,2,10,25
"COG5263",1727,2088,2923,3202,2314,596,3208,1986,2005,375,1288,1558,809,1041,1534,401,1034,1563,2046,366,1341,941,799,430,521,1014,657,885,1050,866,975,1501,693,505,1873,1014,1346,475,766,1487,1633,259,1799,2268,721,1947,378,1383,1058,2331,1082,780,991,705,1317,914,1606,665,538,16631,924,1460,758,1164,930,618,921,1221,3789,634,4840,258,1082,907,1042,1171,832,1194,256,3848,321,471,944,1335,1184,801,861,689,612,3895,780,1576,1037,1388,1057,3526,771,770,3773,715
"COG5265",0,2,0,0,2,3,3,3,5,7,11,2,0,6,20,0,0,1,12,1,5,15,1,0,69,5,0,10,332,0,8,4,0,0,3,4,5,4,0,0,0,1,0,0,1,32,3,0,2,5,1,0,3,1,1,0,22,0,10,2,179,9,1,1,3,0,0,7,2,4,0,4,212,1,0,26,0,3,0,3,239,0,2,13,2,0,6,0,7,0,10,1,1,78,1,3,3,0,0,1
"COG5266",57,126,28,5,751,39,58,46,349,25,55,36,10,19,27,3,97,20,37,55,9,37,34,3,44,5,53,46,26,13,44,20,28,16,32,28,53,45,32,41,39,4,48,5,34,11,7,5,164,68,37,32,22,35,39,48,26,81,27,72,4,51,29,17,41,72,18,86,4,15,1783,16,44,39,42,54,60,76,0,13,81,31,19,13,18,50,80,6,63,73,15,25,67,183,0,26,27,2,143,43
"COG5268",0,16,0,1,2,1,0,0,21,0,0,1,0,4,0,185,0,7,0,0,0,0,0,0,1,1,0,0,0,4,0,0,0,0,0,4,0,0,8,60,57,5,0,21,0,0,0,0,6,16,0,0,0,2,0,0,0,0,0,0,0,0,0,0,0,119,0,0,0,0,0,147,0,2,0,0,0,0,0,0,2,0,2,0,11,0,1,2,0,0,0,1,0,0,0,188,0,17,0,0
"COG5271",0,0,0,0,4,5,0,0,0,1,0,10,0,8,6,0,1,0,0,1,0,2,0,0,2,6,834,4,2,0,0,0,2,2,0,3,2,0,10,3,0,3,2,4,0,0,0,4,6,5,10,1,9,9,7,42,0,21,7,0,0,11,25,4,3,39,5,3,0,7,0,1,0,15,6,5,5,7,0,1,27,5,5,26,54,5,34,38,30,0,45,0,17,27,0,0,9,0,0,7
"COG5272",6,4,19,6,4,3,3,3,0,0,3,48,2,0,0,2,0,23,0,0,1,3,4,0,0,18,1,1,53,1,12,0,16,2,3,0,4,0,7,1,3,0,1,0,1,0,0,3,1,0,18,0,23,2,3,2,2,0,3,1,7,0,5,0,2,45,8,18,1,3,2,0,21,23,0,3,0,1,44,0,3,1,9,2,0,2,1,2,27,0,3,0,2,64,2,12,1,1,43,1
"COG5276",1,69,150,4,18,6,96,10,191,17,43,4,24,11,13,18,18,120,3,9,18,16,22,7,69,15,3,16,18,53,17,12,93,39,6,30,24,14,80,52,80,15,14,41,1,46,5,71,19,10,28,8,243,8,35,14,82,13,12,42,77,18,31,38,8,25,20,10,9,13,0,16,2,40,10,22,21,18,26,49,0,14,73,44,16,9,18,15,35,26,7,92,57,3,14,3,1,13,6,11
"COG5279",1894,858,863,5022,469,2910,3010,816,2000,308,832,1613,1079,2251,899,722,1169,1484,226,1030,1402,1593,1796,418,1039,2586,1956,3061,1120,1333,1662,380,1478,2766,2266,414,938,419,715,1715,1155,231,1391,1072,268,612,1017,4824,1163,658,3070,136,1300,692,1088,1292,188,1087,707,1144,561,1720,1637,2670,1321,671,2436,3052,991,555,517,328,348,1268,1653,993,1356,1966,445,2109,547,1610,2090,1865,529,2418,422,1253,650,801,1986,442,2450,804,2200,463,973,944,290,2700
"COG5280",168,82,243,1471,4263,128,310,14,163,26,32,469,594,297,345,60,129,138,59,10,284,120,72,7,89,565,274,2754,198,298,42,125,135,918,343,152,241,161,137,596,44,126,192,436,89,177,85,1634,168,291,378,90,175,65,416,207,25,70,80,281,139,1214,137,1540,342,480,950,256,40,82,488,56,308,104,412,2477,15,83,8,38,29,199,191,575,108,196,24,145,144,194,48,37,320,32,57,2043,186,167,5,139
"COG5281",208,438,64,163,5060,96,71,14,841,483,12,487,243,87,549,48,328,945,255,23,164,2467,238,1224,259,302,55,668,2124,75,121,444,1006,1921,102,400,180,27,303,41,184,61,188,102,329,267,224,483,1447,588,147,352,94,154,317,275,47,99,98,111,469,8,375,247,232,1057,84,361,14,69,4397,14,120,108,53,198,56,189,135,83,592,152,124,111,129,96,146,88,130,254,43,410,30,458,35,77,134,57,573,107
"COG5282",2,16,83,166,282,6,2,208,5,0,5,297,1,0,107,1,66,1,5,8,1,0,4,408,5,0,0,1,37,249,4,0,2,1,0,2,1,1,0,0,19,2,1,0,1,0,7,2,2,3,0,54,0,2,0,2,0,18,110,90,2183,0,3,8,0,0,4,64,1332,0,0,1,0,141,1,0,0,0,9,586,2,0,3,14,2,0,0,5,0,31,1,0,1,3,3,941,0,28,15,3
"COG5283",3091,556,1182,346,4997,731,750,1924,420,538,536,311,5912,2242,1304,3958,1250,2518,1041,88,1716,623,1201,2179,1063,2029,693,694,893,1066,261,650,1137,4513,1064,877,576,581,443,956,712,241,534,997,1140,1088,396,1014,250,2951,3025,2769,409,952,737,714,1297,767,1263,1249,1653,5312,1463,2184,578,888,1453,1370,3330,788,1187,5001,302,2543,1281,4647,183,721,532,1253,398,1480,919,638,915,1784,200,626,469,273,480,1070,1189,1616,1687,2023,895,565,3200,1820
"COG5285",0,0,0,3,0,0,0,0,113,2,6,0,0,0,1,11,5,13,0,0,0,0,0,0,0,0,0,1,1,0,7,1,107,0,4,0,0,0,10,0,43,2,0,0,0,3,0,0,8,0,0,7,0,2,3,0,0,3,0,1,0,0,2,0,1,5,0,2,0,6,0,0,0,0,1,0,0,0,1,12,0,1,42,0,16,4,0,0,0,0,0,1,0,1,0,0,0,0,0,1
"COG5293",1,36,16,2,52,255,2,4,27,0,76,17,12,12,11,6,22,46,24,16,1,57,4,2,11,94,29,4,54,7,1,109,3,235,9,0,365,21,60,232,2,23,1,61,20,0,3,123,114,47,15,0,113,35,2,17,1387,2,8,596,106,44,146,75,1,138,4,0,5,5,7,20,4,42,4,0,1,42,8,57,622,9,23,48,4,53,8,72,53,5,1,1,11,11,249,1,18,10,4,126
"COG5294",0,0,2,6,14,2,5,0,38,0,0,0,0,0,0,0,12,0,0,1,0,0,0,0,6,10,0,1,1,0,0,0,0,0,0,0,0,0,0,0,2,0,0,0,0,1,2,0,0,1,1,0,1,1,51,1,0,0,0,0,131,7,0,0,1,1,1,0,0,1,4,9,0,0,3,1,0,0,0,0,0,25,0,0,3,5,0,0,2,0,0,0,0,0,0,0,1,1,0,29
"COG5295",3389,841,468,608,63,399,177,640,881,848,276,122,288,55,1239,67,692,1443,428,184,104,102,233,224,213,100,186,369,387,433,318,1513,11,901,12,481,361,158,696,388,1162,71,334,273,385,471,344,100,1326,1586,141,595,279,455,234,300,148,88,1515,1746,1147,549,156,41,435,243,958,58,5169,347,173,65,210,240,224,527,357,3063,449,165,369,128,637,51,328,167,347,96,310,648,1369,90,315,571,1,816,328,94,767,196
"COG5298",0,0,1,16,39,9,0,24,1,2,26,0,0,6,93,5,1,34,2,0,0,25,0,0,80,30,0,0,135,20,68,4,0,12,0,2,41,6,288,0,27,1,124,0,79,82,0,1,347,22,1,88,85,15,9,1,68,13,79,498,1,30,59,2,1,4,7,0,119,0,0,13,3,23,33,44,47,72,161,0,0,43,7,5,2,26,4,72,57,43,25,0,15,16,14,1,17,3,245,40
"COG5301",151,25,2,70,869,12,6,0,7,61,59,2,103,21,168,1,15,161,56,1,27,9,11,343,27,2,9,55,21,6,4,35,20,227,1,21,47,68,17,48,1,13,34,5,48,152,31,10,77,31,541,314,28,60,110,16,29,102,98,119,912,12,57,1,59,205,54,21,0,15,1592,2,5,110,82,88,24,70,164,1,31,5,9,15,24,10,105,47,23,134,69,246,4,40,2,186,73,76,229,9
"COG5302",23,8,27,21,355,0,3,1,5,7,3,0,1,0,2,7,7,25,37,0,0,0,1,0,0,1,0,1,3,0,11,40,2,81,1,13,15,2,6,0,0,0,0,2,41,22,0,0,97,9,0,15,9,2,0,0,1,0,9,34,80,0,0,0,3,16,0,0,0,2,531,0,9,1,0,1,9,1,15,1,78,0,0,6,0,0,6,1,3,1,1,3,0,7,0,1,4,1,79,0
"COG5305",11,237,0,402,50,169,102,100,115,16,107,152,10,112,200,57,102,136,0,287,4,77,86,1,156,627,280,326,2,245,54,0,397,496,285,30,216,36,24,212,66,0,62,74,404,0,332,89,103,0,573,0,206,69,5,275,0,265,54,2,44,155,53,151,586,75,123,200,159,79,0,71,121,430,26,21,329,1138,0,62,96,556,183,8,56,286,4,91,109,73,116,0,904,8,702,107,267,50,1,249
"COG5309",0,30,8,0,1,18,4,0,1,0,2,9,9,0,21,3,0,2,0,18,92,18,7,0,1,66,10,4,15,3,5,0,71,23,14,9,11,0,7,27,3,0,31,2,7,0,6,13,3,3,83,0,38,2,1,5,0,5,20,0,0,10,48,38,123,0,25,24,0,0,0,0,5,25,1,0,0,25,3,2,6,11,14,6,4,3,8,51,87,2,19,0,9,2,90,0,0,16,0,17
"COG5314",0,12,0,0,0,0,0,0,1,0,15,0,0,5,0,0,1,25,3,0,1,0,1,0,4,1,6,3,39,2,0,0,0,122,2,1,0,1,0,7,123,0,1,2,0,4,2,3,31,1,0,0,1,2,0,1,0,0,0,0,0,0,1,0,2,0,0,0,0,1,0,1,0,1,0,0,0,4,0,1,4,1,0,0,0,1,2,0,1,0,0,3,0,0,0,0,0,0,0,0
"COG5319",179,0,0,0,0,13,9,2,17,32,0,9,0,34,12,9,27,4,1,4,0,9,4,0,0,0,31,19,15,0,0,11,1,2,0,8,4,24,13,11,6,14,6,0,6,27,4,0,20,12,18,0,0,35,25,23,0,23,17,0,0,22,27,6,14,8,15,0,0,0,1,1,19,0,27,17,0,21,8,7,0,1,7,1,4,8,20,51,0,0,25,0,16,22,0,2,5,4,7,8
"COG5322",1,0,15,0,15,45,0,9,5,22,13,0,0,5,40,2,6,14,66,1,25,36,45,28,37,15,71,8,65,18,46,0,1,33,21,43,36,21,134,77,0,9,79,72,34,24,7,6,143,14,27,45,30,35,45,22,24,7,87,0,0,62,30,5,33,21,0,0,0,52,0,6,51,24,13,78,40,24,69,0,34,30,1,13,30,16,45,21,44,56,9,0,7,68,0,4,44,4,104,21
"COG5324",51,42,4,1,100,460,15,56,8,5,3,64,0,55,67,4,24,5,0,44,1,1,1,95,33,0,2,42,21,275,11,29,39,6,1,9,0,0,0,107,3,1,0,153,0,2,0,27,0,24,15,25,1,12,4,5,0,11,78,111,896,0,4,82,4,8,1,2,0,2,0,10,0,2,4,0,0,1028,1,6,2,7,3,11,2,80,0,16,0,0,5,0,0,3,3,3,3,6,4,121
"COG5337",0,128,271,779,101,63,293,90,114,18,39,77,160,75,73,13,83,59,28,12,186,53,20,189,37,100,61,132,63,84,25,2,73,36,55,21,8,41,94,36,78,8,13,51,21,0,82,66,27,34,478,60,431,125,230,276,24,202,68,616,2315,93,108,517,126,98,285,343,2152,74,0,245,395,506,84,2021,69,79,303,782,22,570,151,167,56,308,45,334,460,131,202,29,152,46,353,1855,160,173,15,414
"COG5339",86,148,212,224,1473,9,20,14,527,117,405,3,327,4,227,27,15,1097,146,22,18,0,5,671,5,2,2,281,158,1,36,185,348,295,11,36,48,54,129,0,90,14,7,10,159,193,18,53,300,23,0,119,31,132,12,26,64,38,46,117,254,9,15,6,148,222,2,27,1,24,2348,1,34,54,2,41,60,14,48,84,256,10,131,34,49,13,42,17,56,20,13,171,7,114,0,10,7,1,218,27
"COG5340",0,34,7,0,79,32,3,242,6,0,48,18,113,35,89,61,5,48,0,0,3,32,63,11,45,6,262,5,13,150,1,0,14,8,64,32,75,92,582,49,28,13,18,3,3,1,23,22,179,2,315,0,5,0,53,118,0,11,11,8,8,23,14,8,168,0,15,15,0,1,0,0,5,0,3,1,23,2,119,1,4,6,9,91,12,56,1,24,1,1,4,5,1,15,69,0,13,16,3,11
"COG5341",16,89,119,24,35,160,88,212,342,6,34,147,61,200,204,95,79,113,38,14,96,128,100,29,103,157,268,197,98,132,94,96,146,163,206,66,59,22,80,124,530,35,139,83,40,120,66,51,295,39,191,48,83,96,86,138,24,178,67,88,46,207,54,222,91,40,135,327,420,69,36,18,49,44,91,102,56,274,18,154,40,29,350,202,65,125,72,48,42,175,52,95,83,116,53,156,105,70,118,146
"COG5345",0,25,3,0,1,2,1,0,0,21,14,0,0,12,3,472,20,1,7,1,5,10,7,0,5,48,42,0,7,1,0,0,5,12,25,7,10,1,12,21,14,4,15,5,2,6,5,5,30,31,2,0,4,15,91,6,7,31,12,1,0,9,8,5,2,4,2,25,0,5,0,0,5,0,16,4,5,18,0,0,5,10,4,0,3,36,13,2,11,7,1,12,11,23,0,6,4,1,0,14
"COG5353",390,4,12,20,13,2,16,125,37,0,5,0,0,1,0,0,1,0,2,0,2,0,5,7,1,1,1,0,4,1,0,2,0,0,8,1,0,0,0,2,1,0,1,0,0,0,0,2,17,24,1,9,0,6,5,0,0,0,1,612,20,2,1,4,1,4,8,1,66,1,8,0,0,0,1,0,0,0,1,11,0,2,0,2,0,3,2,0,0,0,2,0,0,0,1,12,2,3,5,1
"COG5360",0,4,1,0,111,10,77,0,676,141,54,68,181,13,112,0,368,26,1,12,115,8,21,1,20,63,57,10,80,8,21,5,109,153,19,11,0,7,246,79,52,15,37,32,6,90,0,266,82,9,30,0,19,15,22,13,0,20,38,0,9,1,36,1,2,2,0,1,0,33,0,3,0,6,1,6,0,20,59,0,26,6,2,1,5,34,54,177,26,21,9,12,5,55,16,0,23,1,4,18
"COG5361",0,0,8,0,12,288,181,71,79,13,77,203,244,169,137,102,115,37,49,11,585,187,47,19,128,229,170,358,101,49,153,4,50,91,99,15,38,33,299,83,90,8,52,72,86,0,116,116,134,78,98,33,298,152,124,91,1,227,69,14,35,54,58,308,101,51,138,211,1,48,0,59,120,186,85,950,0,25,1,32,1,435,306,91,111,95,2,405,538,1,151,6,54,7,3,14,121,173,0,92
"COG5362",32,11,3,0,45,30,2,0,1,3,3,0,0,143,89,70,82,28,7,1,107,90,6,5,24,177,2,21,12,10,78,0,2,454,30,10,680,3,194,3,5,1,10,7,800,3,72,12,23,98,124,14,2,27,26,31,6,6,4,82,0,5,6,170,21,33,13,228,0,1,0,248,8805,142,15,950,0,77,0,8,135,27,61,15,41,17,83,5,15,8,0,4,11,21,0,35,6,6,0,34
"COG5368",52,755,624,0,239,287,26,106,96,759,779,642,418,393,125,35,649,122,627,23,777,885,484,15,605,179,157,300,861,208,594,984,499,155,349,1332,995,627,332,283,338,304,364,885,609,452,815,155,461,424,914,1074,1318,3029,2343,1558,1440,650,1646,12,169,2259,1632,571,682,1530,234,669,20,487,8,431,3697,1404,2563,984,2330,1144,3733,92,3319,2278,406,1081,1732,552,2217,2067,2133,2240,2173,2509,1966,1758,995,67,1165,155,843,448
"COG5373",38,91,223,0,51,170,3,143,12,409,201,66,177,49,26,9,18,70,788,13,264,123,148,21,382,122,46,53,190,24,194,583,26,65,35,379,218,192,201,37,75,40,168,60,150,422,32,63,52,242,55,18,148,561,272,93,1802,41,266,5,36,50,162,11,23,115,13,27,4,122,0,14,101,215,196,114,295,60,578,41,370,28,44,70,84,20,247,97,181,168,317,699,60,169,237,2,80,8,698,9
"COG5377",44,392,427,4,235,665,590,48,799,228,212,386,349,331,489,291,456,541,80,209,558,299,357,75,344,669,1295,530,353,263,734,320,308,668,446,124,134,78,381,545,358,146,306,641,220,197,1098,377,447,181,627,1324,450,154,350,569,152,1019,359,697,33,499,211,414,260,161,341,696,310,288,694,187,284,594,280,1485,758,557,109,857,128,269,653,833,145,608,155,257,327,340,360,262,312,358,390,387,234,209,425,707
"COG5383",23,70,69,74,618,4,3,13,29,59,118,1,194,1,112,16,4,464,47,0,2,0,3,343,2,1,0,133,55,0,8,74,252,127,1,21,17,12,24,1,13,3,4,4,69,81,5,16,102,6,2,52,12,58,1,8,19,28,23,56,80,2,4,3,64,56,3,10,0,13,876,1,31,17,2,21,20,4,24,37,66,4,25,12,25,1,27,1,21,10,3,122,0,45,0,4,8,0,77,0
"COG5393",8,12,20,24,114,0,0,2,86,14,29,0,42,3,12,6,4,124,18,2,0,1,0,77,1,0,0,33,9,0,4,21,78,17,4,9,3,5,17,0,30,1,0,3,23,23,1,1,29,5,0,26,4,27,4,1,6,7,3,29,26,0,2,1,10,33,1,8,0,6,179,1,4,5,1,3,4,0,6,39,14,1,29,2,17,4,9,3,7,6,0,92,1,12,0,2,1,0,22,3
"COG5398",0,0,12,1,4,0,7,0,173,0,0,0,2,1,2,1,2,7,0,7,0,0,2,0,2,0,0,2,45,0,0,1,1,0,2,0,2,0,1,0,1,0,1,0,0,0,3,1,0,0,0,0,1,1,0,2,0,0,0,0,1,0,1,0,1,0,0,0,3,5,0,13,0,8,0,0,1,0,0,56,0,0,0,1,0,0,3,0,0,0,0,0,2,0,0,1,1,0,0,0
"COG5401",2,0,0,0,0,0,1,1,2,0,0,0,0,20,0,28,0,0,2,0,0,2,19,1,103,62,78,0,0,2,5,4,208,326,40,2,2,1,74,157,0,1,0,4,8,1,42,1,3,0,96,0,5,0,73,11,0,89,31,1,0,1,0,198,8,6,271,265,0,1,0,0,3,4,2,5,0,96,1,4,0,123,171,0,3,142,0,0,2,2,0,0,647,4,19,0,44,1,1,153
"COG5404",26,45,50,66,368,2,3,7,147,29,100,1,96,3,62,15,3,331,54,2,3,0,0,274,1,1,1,104,42,0,9,45,120,65,6,13,12,3,25,0,43,5,0,3,48,55,6,13,87,5,0,36,13,44,4,5,22,14,9,45,75,8,2,0,45,65,0,8,0,16,578,4,13,8,2,11,14,0,21,40,56,7,58,7,19,2,16,0,14,9,2,105,1,38,0,3,3,1,61,2
"COG5405",595,55,59,78,289,207,33,434,500,541,89,62,87,76,274,460,36,271,28,43,7,14,10,547,47,31,43,85,48,120,29,48,225,245,50,123,88,255,93,240,136,221,196,10,51,111,124,38,103,217,23,47,19,133,57,15,81,170,82,258,175,14,54,181,60,469,82,251,328,59,415,592,18,18,373,19,36,240,27,210,45,115,140,11,120,44,88,48,31,39,367,185,71,264,1,1848,60,275,170,26
"COG5410",106,379,420,0,1411,879,69,3,42,317,58,133,177,1342,613,160,1194,920,82,14,418,120,74,113,1094,768,229,122,1453,138,836,13,169,2978,232,358,1279,606,774,815,134,1072,878,372,1137,455,167,458,2183,457,1053,43,459,391,1764,761,70,736,1362,223,28,434,427,2837,77,693,795,497,405,193,301,419,9275,775,466,1095,237,11740,105,13,813,142,191,1255,449,161,217,156,784,334,234,787,154,216,2086,3,241,68,109,177
"COG5412",5114,199,522,2431,235,494,406,176,227,22,162,916,89,783,208,216,259,286,106,149,139,208,924,602,200,929,401,236,168,201,67,220,215,2029,680,162,171,76,225,351,239,238,1388,835,60,43,419,1788,628,226,1119,180,511,71,629,400,4,1404,266,305,153,496,159,873,168,127,263,1037,588,237,0,26,188,465,368,385,97,1635,348,1812,55,674,801,262,148,591,118,259,263,550,428,37,434,67,93,459,238,372,94,666
"COG5413",12,2,0,1,0,0,16,2,172,0,10,0,1,1,0,0,0,0,0,13,0,0,3,0,1,0,0,3,0,0,7,0,0,0,0,0,4,8,0,0,0,0,0,2,0,0,0,1,0,0,0,0,0,0,0,2,0,0,0,28,2,0,1,2,10,4,0,0,1,1,0,12,0,0,1,0,0,0,0,1,1,0,0,0,2,8,0,0,0,0,4,0,0,0,0,1,0,1,0,13
"COG5418",68,13,61,30,6,4,23,6,10,3,12,13,13,4,17,10,3,11,30,4,6,1,4,4,7,2,10,3,5,2,1,53,3,48,14,6,6,14,13,12,14,2,11,17,1,24,0,13,10,8,6,4,27,78,6,4,32,3,7,136,29,3,4,4,1,2,5,4,9,23,168,4,6,27,8,10,13,0,0,0,6,0,35,17,2,2,10,7,16,8,8,4,5,67,13,8,0,7,47,5
"COG5421",1200,24,88,978,55,369,1140,364,50,657,71,511,30,330,743,1974,845,84,235,412,26,146,468,146,247,32,544,428,277,424,17,152,43,101,308,70,60,351,350,415,77,158,198,229,103,670,53,110,41,1083,1280,1011,649,787,1819,1590,93,1147,567,340,387,1376,439,782,1239,911,462,852,158,78,185,92,575,264,105,1260,253,1445,58,878,290,465,279,221,406,488,662,277,953,1350,209,46,1958,846,189,213,670,840,140,604
"COG5423",0,16,42,0,37,44,1,44,8,15,28,47,1,32,86,67,31,9,46,34,29,23,34,1,60,13,68,13,92,15,35,6,5,31,1,25,36,25,219,95,63,40,38,6,68,44,25,21,98,19,9,11,22,10,12,6,22,52,19,1,1,8,6,3,7,8,0,22,11,2,0,6,3,2,4,20,21,15,33,0,5,3,1,3,9,11,8,24,11,18,7,0,23,24,3,4,10,14,67,16
"COG5424",0,1,0,0,0,0,0,0,94,0,4,0,0,0,0,5,1,8,1,0,0,0,0,0,0,0,0,4,0,0,4,1,62,0,3,0,0,0,6,0,28,1,0,0,0,8,0,0,2,0,0,5,0,2,3,0,0,1,0,35,2,0,3,0,3,10,0,0,0,5,0,0,0,0,3,1,0,0,1,21,1,1,33,0,19,2,1,0,0,0,0,60,0,1,0,0,0,0,0,1
"COG5426",41,90,62,36,12,13,37,2,163,39,20,8,16,18,39,21,30,312,117,6,11,17,10,3,3,6,7,16,49,1,36,45,68,99,29,47,37,12,55,17,54,14,10,23,55,121,33,5,167,71,14,28,20,9,36,15,14,20,38,44,143,17,25,6,27,64,7,8,46,12,1122,4,48,36,11,67,26,15,31,13,91,14,53,24,28,1,38,17,13,36,22,74,21,70,11,14,7,13,162,11
"COG5427",339,228,941,2373,26,83,1054,83,242,95,219,82,68,45,141,15,199,617,85,33,68,47,105,23,132,73,102,64,296,92,96,115,118,63,175,74,92,77,79,143,120,22,69,175,52,90,46,240,105,29,39,101,173,238,217,108,38,76,36,1695,521,91,178,141,41,71,57,30,375,69,0,94,27,240,147,267,80,125,74,732,46,43,40,269,33,32,56,157,75,175,135,54,208,56,566,175,48,193,0,30
"COG5433",484,1757,1785,590,3711,1143,1708,877,397,2746,1393,2789,1933,1750,1718,476,1632,2896,4953,3219,1082,541,1156,5612,2473,751,7559,2790,780,3363,756,3573,1190,451,652,2198,831,2716,1470,1681,4338,4046,1205,925,5768,3055,253,2224,1413,839,1277,540,2029,1319,1812,2387,8477,595,1467,328,604,1016,645,597,5383,910,1772,404,122,3016,4311,8436,1654,1256,1195,1253,1957,2603,3248,485,1217,1046,2197,1896,1464,3502,2288,7221,1751,1225,1273,1982,1146,959,2809,271,5839,1346,1807,3903
"COG5434",4461,4124,8886,1750,1523,7805,5628,5041,4328,13551,12671,8056,10714,7856,6951,4621,9222,4109,10242,7304,16323,8368,13720,4378,10366,8123,8831,8902,6330,10120,11592,12320,8341,2257,8355,15604,11406,15347,8122,6789,7827,12607,7924,8729,11792,11374,9809,6665,5382,7207,7337,20078,9466,12138,11031,11887,12675,6636,10041,1273,1513,11633,11882,7358,8002,9955,9005,3835,3261,15098,1227,9352,8834,6632,14467,7590,14220,5568,12881,2951,14836,9876,4688,10084,7009,6970,13508,9644,10717,9802,11239,7637,6616,9554,9578,1835,13892,14082,9603,4549
"COG5437",35,18,13,17,0,5,0,0,1,5,9,0,0,0,35,42,23,5,59,2,22,0,0,0,3,0,0,143,0,0,0,3,1,27,0,48,5,26,14,73,76,8,85,9,33,24,4,1,219,42,29,52,26,25,37,14,0,4,66,0,0,12,22,0,0,0,40,3,316,28,5,5,67,13,0,14,26,38,110,0,23,21,1,0,1,19,50,28,26,0,2,0,3,75,0,26,42,0,1,31
"COG5438",2880,414,1167,2806,222,667,1523,1853,1163,487,301,522,310,393,419,104,741,704,289,115,538,305,769,397,316,441,484,800,883,370,483,282,232,516,446,359,458,472,530,810,501,273,737,370,130,475,305,507,732,311,220,73,212,191,158,110,97,165,77,659,313,153,171,236,115,169,82,322,189,119,132,204,67,211,201,238,119,162,150,897,48,75,134,334,77,92,152,174,133,157,180,73,459,181,201,631,102,166,263,145
"COG5441",8,148,194,31,74,24,71,8,29,25,64,82,27,28,52,8,12,82,138,25,21,74,23,19,36,38,42,23,51,19,45,103,31,32,101,40,79,22,120,88,54,21,41,35,65,36,6,14,73,233,26,36,58,25,88,33,40,47,44,5,59,59,37,37,19,52,23,36,0,33,635,2,99,65,51,87,28,40,0,52,14,15,81,40,53,4,71,26,48,264,20,309,99,151,5,168,35,43,395,6
"COG5444",201,13,23,0,11,272,249,142,130,89,12,87,13,162,24,163,123,117,43,25,118,97,54,41,40,78,70,193,50,35,25,61,106,63,147,46,71,134,11,67,25,17,26,87,28,8,93,35,57,14,221,1,199,45,690,124,35,92,32,124,95,70,178,555,78,93,207,257,0,85,233,932,33,15,409,18,13,713,160,433,90,47,77,364,87,165,43,187,97,0,471,6,100,94,151,6,23,41,95,359
"COG5445",32,65,141,123,925,2,5,11,4,72,165,3,293,7,119,5,3,706,88,3,13,0,0,516,5,0,0,212,95,2,11,70,269,105,2,28,24,15,42,0,1,5,5,8,74,83,9,17,85,10,0,70,12,70,1,15,23,21,22,7,140,2,4,0,74,38,0,15,0,10,1215,1,50,32,3,33,25,11,23,3,87,12,12,29,13,5,27,4,35,21,3,27,1,87,0,8,4,0,113,1
"COG5449",66,16,2,16,1,1,0,0,0,13,17,0,0,6,1,1,19,5,5,0,4,2,6,2,7,4,2,1,1,6,0,7,8,3,12,7,16,5,12,5,2,1,1,4,0,5,4,1,20,72,0,1,5,5,0,6,4,17,0,3,4,2,9,75,3,9,3,5,0,1,0,1,2,2,1,6,6,20,0,0,4,63,2,1,2,1,11,3,15,0,3,3,7,33,0,2,7,0,0,0
"COG5455",7,15,18,21,160,0,2,0,38,12,31,0,28,0,25,5,1,119,19,1,2,0,0,86,0,0,0,42,12,0,3,14,59,19,0,3,6,2,10,0,3,3,0,0,16,6,1,5,27,0,1,14,2,8,2,1,5,2,3,32,27,0,2,0,11,32,0,1,0,10,221,1,4,6,0,6,4,1,5,26,13,0,15,2,9,0,6,1,3,2,1,57,0,16,0,1,0,0,17,0
"COG5457",0,3,8,3,43,0,0,1,61,3,14,1,5,0,11,3,3,14,6,0,1,0,0,30,1,0,0,10,5,0,6,3,17,0,0,0,0,0,1,0,4,0,0,1,2,3,0,0,2,1,0,1,0,2,5,2,1,0,0,2,9,0,1,0,4,9,1,0,0,1,0,0,0,1,0,0,2,0,2,6,16,0,21,0,6,3,1,0,0,0,1,13,0,0,0,0,2,0,6,0
"COG5459",0,0,0,0,2,0,0,0,0,0,0,0,0,26,7,6,0,2,0,0,0,4,2,1,33,3,0,2,0,3,0,0,2,17,9,1,0,0,2,45,0,0,0,1,0,0,22,0,1,0,45,0,1,19,13,9,0,1,2,0,0,0,0,26,18,0,21,9,0,0,0,0,0,1,0,0,0,366,0,1,0,84,28,0,0,66,0,0,1,0,0,0,616,0,0,0,1,5,0,28
"COG5463",14,28,68,64,284,0,2,6,16,24,113,0,95,2,52,7,5,399,49,2,7,0,0,201,2,0,1,109,69,1,6,74,84,113,1,12,17,6,30,0,10,3,2,3,46,46,3,11,83,2,0,48,4,11,0,4,13,10,12,51,87,0,7,0,30,77,0,4,0,5,732,0,10,17,0,15,11,7,29,31,62,4,10,8,8,3,22,2,23,12,1,82,0,48,0,1,4,1,69,0
"COG5464",172,179,536,1234,4453,497,395,720,778,365,613,124,409,37,651,1938,139,1591,445,390,83,29,487,2058,49,25,377,427,332,43,239,510,1606,1362,68,279,308,164,676,317,349,1649,30,53,333,400,1208,245,383,81,56,1435,83,517,95,162,113,663,372,173,403,138,206,74,820,383,697,81,14,732,2529,1258,126,123,228,132,150,861,396,55,589,70,438,170,143,111,209,69,116,85,99,268,8,433,63,38,406,2460,479,536
"COG5471",4,2,1,0,1,3,1,0,1,1,1,2,0,1,21,2,0,30,2,0,2,3,0,0,1,1,7,13,0,0,0,2,31,5,0,4,5,0,0,0,0,2,9,1,4,17,0,1,26,4,0,9,1,24,42,1,0,12,4,1,10,8,0,0,5,23,1,6,0,1,4,0,12,12,8,3,2,87,9,2,3,2,3,3,3,1,9,1,2,20,3,0,33,17,0,3,1,4,0,0
"COG5474",12,0,1,0,144,4,222,0,1,0,0,0,79,0,10,3,0,98,1,0,22,2,91,0,8,85,0,0,1,6,0,0,0,11,155,0,0,0,10,8,0,0,3,18,0,11,2,12,0,0,9,0,112,0,1,23,0,0,0,35,0,0,0,8,0,0,2,0,0,1,0,3,0,23,4,0,0,9,0,0,1,1,26,0,0,2,0,0,25,0,0,0,0,0,6,0,0,2,0,0
"COG5475",6,12,17,21,107,1,0,1,1,6,31,0,26,1,26,1,0,98,12,0,1,0,0,75,0,0,0,28,14,0,1,17,33,23,1,4,2,4,10,0,1,0,0,1,13,11,1,5,18,0,0,9,1,19,0,0,6,3,2,15,20,0,0,0,10,6,0,0,0,2,162,1,4,4,0,1,3,0,2,4,15,1,2,4,8,0,3,0,1,0,1,35,0,11,0,3,1,0,18,0
"COG5476",21,8,185,189,163,28,334,150,13,102,37,90,151,66,72,64,97,39,242,29,85,266,17,232,163,88,49,19,161,78,27,342,32,373,133,60,79,23,230,31,37,37,169,54,71,213,164,142,109,50,90,55,195,248,116,55,139,158,296,216,72,474,1173,104,42,40,77,333,0,72,71,6,136,426,29,97,75,62,251,154,193,47,84,20,48,43,196,96,209,62,30,215,41,238,91,10,56,31,17,18
"COG5482",0,0,24,0,1,6,2,1,0,4,1,3,10,2,2,1,4,0,0,1,5,11,2,0,2,23,9,2,4,3,2,0,11,3,20,8,4,1,2,8,2,0,1,8,0,0,0,2,17,15,16,16,16,14,18,14,0,13,4,5,0,22,8,4,7,2,5,6,67,4,0,2,8,1,6,83,1,2,3,0,3,6,27,12,15,12,2,19,10,17,0,0,1,1,4,0,6,16,0,8
"COG5483",217,0,5,0,27,0,42,0,187,30,34,5,1,15,0,956,0,0,0,147,50,0,0,0,6,0,0,14,74,3,13,0,0,0,2,0,5,0,4,3,144,4,0,2,22,115,14,1,25,236,4,1,479,21,0,56,1,2,2,0,0,695,0,6,33,33,34,40,21,11,0,141,0,127,190,4,3,1,40,95,0,2,19,1,12,3,62,10,316,0,363,0,54,7,0,0,14,3,1,0
"COG5484",21,78,29,192,2505,130,17,20,121,42,186,5,583,39,327,80,84,204,71,12,51,67,4,855,22,125,12,177,158,17,3,101,170,493,11,32,50,61,133,56,11,81,15,211,103,79,45,77,172,268,32,59,20,37,51,86,34,115,2,129,177,16,220,73,68,108,71,50,117,15,44,1,20,79,89,12,61,38,61,9,2,35,20,37,68,42,71,237,38,101,67,211,32,105,0,35,16,58,146,59
"COG5485",0,8,23,6,62,29,1,0,7,6,95,3,136,0,9,6,1,67,6,3,10,28,1,190,3,2,7,24,29,12,4,13,2,37,83,11,3,22,28,10,16,1,44,2,8,9,4,4,2,20,0,17,0,15,3,6,14,7,2,1,1,17,3,29,40,30,4,4,2,8,68,0,8,2,1,7,10,23,1,0,2,1,1,0,6,0,13,10,3,1,0,61,4,3,2,0,0,4,10,0
"COG5492",2791,1578,1364,3894,1102,3439,2739,2111,2294,1603,2884,1885,1325,2275,1396,2908,1748,2444,4482,709,2806,1331,2643,877,2497,4441,1614,3878,4653,2100,4470,2511,3278,3722,1012,1916,1378,1811,2088,4586,1028,738,1387,2214,1416,1968,1042,1126,1721,1074,5994,522,1804,1039,2331,1654,1400,5556,2162,734,579,1585,6427,4060,4796,2758,2717,1221,270,805,867,700,1023,4625,1658,1906,1773,1072,2703,1817,1127,7237,2739,4241,651,2655,1407,2164,1581,1587,2949,2232,8456,1365,2629,558,1832,1204,1530,1845
"COG5493",2,0,7,0,3,4,1,1,8,6,4,0,1,1,4,0,1,3,1,0,0,6,3,0,2,0,1,5,4,0,3,1,0,22,0,0,4,1,2,2,13,1,2,1,1,6,1,0,0,0,1,1,6,4,1,0,5,0,0,25,20,0,2,37,0,0,1,0,5,0,32,1,1,4,0,4,17,0,0,4,1,0,2,6,0,0,1,0,4,0,17,0,318,9,12,4,0,2,4,12
"COG5495",106,287,310,35,168,571,280,390,425,233,181,151,98,310,432,614,262,249,115,99,364,244,221,303,222,397,340,451,364,219,360,114,259,364,350,179,152,274,261,603,300,160,265,270,98,152,169,664,379,248,197,123,518,146,159,193,144,241,192,245,141,234,316,348,358,367,446,92,638,222,240,407,103,222,564,421,120,341,148,203,132,372,242,261,227,338,174,405,284,215,352,10,163,506,527,1037,152,306,201,221
"COG5496",141,389,410,385,181,592,416,338,478,483,396,440,490,664,561,347,647,451,659,301,463,433,456,174,404,538,525,658,450,765,782,307,451,435,629,508,351,571,649,611,446,611,507,485,644,223,489,743,733,368,269,146,553,530,417,574,506,906,470,145,46,534,520,565,302,439,362,705,585,502,51,316,282,539,815,974,96,492,380,251,343,363,546,515,671,396,338,469,474,441,568,192,422,452,391,422,313,286,226,395
"COG5498",48,1061,905,25,394,1150,673,766,189,1712,670,626,968,687,1314,2238,647,129,1355,2931,3166,1693,1602,1794,1717,1736,1143,595,1337,658,411,1265,606,623,2492,625,612,1015,1260,1353,749,1561,1713,1431,722,952,1918,694,300,1080,963,510,2211,1063,1141,927,971,817,2172,44,79,1566,456,1485,4409,1144,1641,1213,5,2722,492,3245,1058,1419,591,623,1055,815,890,138,1059,1945,633,742,885,737,1133,2303,3132,694,1298,551,865,787,1596,49,2237,2330,2008,598
"COG5499",263,34,107,72,362,1,1,14,106,23,102,2,221,4,104,12,8,381,48,6,7,0,0,228,7,0,1,107,55,0,5,78,82,132,3,20,28,7,32,0,53,14,1,3,77,95,7,31,159,11,1,45,7,106,0,11,20,14,9,7,82,2,6,1,53,90,2,4,0,23,564,0,20,29,1,8,15,5,21,5,45,4,13,6,23,9,13,5,12,12,1,137,0,38,0,2,3,0,51,2
"COG5503",210,4,8,12,11,1,7,171,17,0,23,1,2,1,1,0,0,0,1,0,1,0,2,1,1,1,0,0,1,1,0,0,0,0,6,0,0,0,0,0,2,0,0,1,0,1,0,0,13,14,3,7,0,0,3,0,1,0,1,382,65,0,2,4,0,0,5,0,22,0,4,0,0,1,3,0,0,0,1,91,0,1,0,0,1,0,0,0,0,0,3,0,1,0,0,6,0,0,8,0
"COG5504",70,6,76,0,50,23,87,0,18,2,24,124,73,0,9,4,3,9,48,1,7,2,79,2,12,48,32,7,61,0,11,14,10,83,22,16,39,22,1,5,10,4,88,41,4,28,4,15,149,18,107,1,55,27,6,9,15,11,16,86,16,23,12,66,1,32,38,7,14,7,80,3,8,9,63,28,20,6,0,1,3,5,88,15,29,1,8,20,29,19,8,0,22,35,0,8,0,10,18,1
"COG5505",731,434,287,68,63,321,328,59,485,24,177,319,302,253,286,83,334,170,119,190,162,154,395,71,238,248,211,533,473,271,50,278,126,197,240,64,151,58,44,144,267,43,97,510,133,39,235,151,164,289,227,69,317,147,221,189,56,293,201,95,36,122,570,245,203,139,199,256,234,81,566,79,236,114,201,296,121,148,185,269,76,277,137,524,230,184,81,75,204,232,27,224,205,67,147,169,162,173,408,149
"COG5506",457,2,11,11,20,5,11,125,23,0,8,1,0,0,0,1,0,0,1,1,1,0,5,10,1,1,0,0,3,0,0,1,0,0,6,1,0,4,0,0,0,0,0,0,0,1,0,1,0,8,0,15,0,2,2,1,0,0,2,369,24,2,0,6,0,3,2,1,67,1,4,0,0,0,0,0,0,1,3,8,0,0,4,6,2,2,1,0,0,1,6,0,1,0,3,4,0,3,12,0
"COG5507",11,30,40,34,259,0,1,1,1,26,57,1,63,1,28,4,1,223,26,1,3,0,1,189,1,0,1,60,33,0,3,27,49,25,4,1,7,7,20,0,0,1,1,2,28,29,5,7,37,6,0,18,4,37,0,5,11,6,9,37,30,1,3,1,28,21,0,6,0,5,347,1,12,4,0,8,9,0,11,2,30,4,7,9,4,2,12,1,6,8,2,5,0,17,0,2,4,2,39,0
"COG5510",5,20,6,14,85,0,1,1,129,4,30,1,24,1,16,12,2,103,7,2,0,0,0,67,0,1,0,29,12,0,3,14,57,8,3,1,3,2,14,0,34,1,0,0,16,18,0,6,18,1,0,13,3,10,4,1,6,7,2,7,21,0,3,0,13,27,1,2,0,12,143,0,0,4,0,1,4,6,4,19,18,1,35,2,7,2,2,0,4,3,0,29,0,9,0,1,1,0,17,4
"COG5511",420,299,187,86,2740,314,77,364,55,307,40,19,502,240,1307,198,204,563,119,11,172,243,320,9,131,346,322,609,237,138,230,322,535,798,151,107,157,11,137,357,193,100,159,405,229,364,273,547,742,496,132,307,196,218,793,443,61,363,327,65,335,243,817,254,128,310,214,3093,1,67,1959,19,196,107,207,1341,77,281,223,17,218,103,485,85,233,427,141,546,271,331,93,17,207,568,61,108,164,117,429,221
"COG5512",182,31,84,57,206,270,8,469,189,259,38,220,0,32,373,82,61,29,93,62,35,32,85,386,51,19,113,15,93,295,37,69,2,40,12,90,79,349,201,343,67,177,98,46,88,41,82,31,221,214,31,78,47,56,51,29,114,178,120,208,1332,57,35,201,106,485,9,137,1216,48,1,519,39,102,193,82,34,321,79,378,57,30,4,21,136,41,71,53,30,71,303,0,91,204,3,1540,55,190,155,54
"COG5514",14,2,0,0,0,15,18,1,155,0,29,0,3,0,18,13,0,0,11,7,1,4,1,0,1,0,1,3,25,3,8,0,0,0,0,0,6,9,16,0,0,4,16,0,4,31,3,0,0,71,0,3,0,2,0,0,0,26,0,22,2,0,0,2,3,7,1,1,1,0,0,17,1,2,1,0,1,0,0,5,0,0,3,0,2,11,0,1,1,0,5,0,0,0,0,1,13,1,0,7
"COG5517",14,44,56,53,308,1,1,11,64,20,45,2,94,1,33,4,2,279,28,1,1,0,0,191,3,1,0,67,39,1,3,4,97,3,1,15,8,6,17,0,24,3,0,2,38,37,1,10,10,4,0,10,4,10,1,0,1,4,0,13,28,0,1,0,12,1,0,0,0,0,140,0,7,3,1,2,1,1,5,1,13,0,11,2,6,1,4,1,4,4,1,2,1,7,0,0,0,2,17,1
"COG5518",10,53,33,84,1853,54,2,16,58,14,108,3,233,7,240,9,7,202,49,6,70,18,18,607,42,143,0,91,95,186,6,81,174,281,9,19,14,12,345,25,14,4,6,7,46,28,23,43,348,181,119,19,7,29,35,67,0,20,5,73,63,122,53,4,20,82,3,22,0,4,10,2,112,52,32,1129,159,51,36,2,1,55,191,10,283,57,33,12,24,16,1,146,18,76,103,1,5,19,78,23
"COG5519",16,68,578,26,921,133,82,6,173,108,254,2932,63,520,208,64,154,394,339,25,20,99,27,43,32,125,119,238,210,104,24,12,437,496,69,25,115,49,115,88,3015,47,59,124,74,35,282,30,188,144,61,97,36,29,334,241,25,433,62,34,102,63,665,323,51,5275,33,101,175,51,159,11,33,113,380,1606,19,77,7,80,178,397,158,516,185,103,19,248,35,5093,35,10,65,95,68,118,54,53,399,68
"COG5520",579,2454,1694,389,576,2428,1306,1875,955,1876,3586,1194,4532,3032,1834,819,610,894,3622,494,4332,5077,3146,651,3921,2806,1741,1317,1663,1376,2159,3576,1896,1503,1136,3202,2231,4748,2937,2634,1614,2964,2311,1812,2976,3787,3342,1320,1577,2510,1564,4128,2217,3070,3660,2907,5573,1682,2615,271,555,2745,3002,1511,831,2632,1342,1088,1560,658,519,3438,2551,1637,2585,1506,2324,1175,3812,1004,3506,2928,839,1229,3201,852,3111,2406,2682,1923,3066,3194,2424,2470,3161,259,5893,1767,5065,666
"COG5521",876,2,1,10,16,2,4,1,5,0,20,0,0,0,0,1,0,1,0,1,0,0,0,12,1,0,1,1,2,0,0,0,0,0,2,0,0,0,1,0,3,0,0,2,1,0,0,0,3,13,0,0,0,10,0,4,0,0,1,355,25,0,1,2,1,3,3,0,1,1,4,0,3,3,2,0,0,0,0,1,0,0,7,0,0,2,0,0,0,0,1,0,0,0,0,1,1,1,0,0
"COG5522",14,117,6,0,320,74,114,61,148,63,37,81,130,172,10,56,160,64,0,22,134,195,55,11,88,79,190,86,115,76,66,0,250,77,56,72,25,34,131,71,6,64,110,175,80,55,246,42,49,43,35,7,83,55,33,219,29,140,26,33,16,51,1,97,49,31,103,92,86,54,0,38,47,81,119,652,14,125,9,114,21,64,152,203,14,96,108,43,71,19,54,141,32,25,92,85,109,123,135,69
"COG5523",1057,568,901,1252,430,1284,1394,757,731,509,1075,984,819,777,673,391,1005,744,537,446,835,748,548,605,808,1033,1030,1073,445,904,693,410,791,817,1066,511,443,560,816,1042,1060,656,481,731,1036,618,673,1348,997,553,1273,128,866,518,751,1117,534,982,572,1288,2332,1007,1088,1028,492,532,1493,937,590,494,343,404,876,1343,950,1676,872,2025,670,1666,499,615,1454,1278,437,838,448,1054,718,457,836,347,597,414,938,1740,478,353,773,858
"COG5525",523,458,314,150,5141,325,77,357,97,324,239,29,790,257,1824,212,293,1252,158,18,223,225,332,578,150,376,425,874,391,99,344,491,625,1093,154,167,270,42,179,428,171,139,201,493,370,750,217,657,1000,627,208,523,235,314,1094,491,80,325,392,98,756,318,719,330,168,422,274,2442,0,122,2906,37,255,146,201,1907,169,482,342,15,320,91,661,99,321,571,187,513,346,397,192,129,261,705,78,131,200,69,502,284
"COG5527",68,510,45,135,1096,563,209,686,170,142,827,395,583,124,269,103,176,303,72,108,157,450,195,91,117,133,1142,653,1415,672,270,147,183,332,180,93,676,51,24,524,1151,251,8,295,271,83,38,236,329,134,1398,92,310,306,663,823,94,416,559,914,764,278,352,961,131,123,976,423,482,187,1973,75,9436,289,427,675,7,271,67,864,35,662,142,1598,183,228,85,53,103,55,33,58,387,214,98,578,30,160,361,565
"COG5529",37,31,36,41,662,1,3,0,650,25,70,0,70,2,106,32,25,409,62,3,0,5,0,84,5,0,0,52,17,0,44,204,55,492,2,17,19,7,86,0,258,27,2,4,85,56,0,9,193,12,0,45,16,34,25,1,5,9,38,44,89,1,11,3,45,229,2,5,0,12,295,5,7,7,0,26,20,3,37,82,23,4,205,28,91,28,19,3,15,13,2,63,0,75,0,9,4,2,122,32
"COG5532",340,40,93,2,636,1,3,5,0,50,1,2,0,0,3,3,0,309,5,4,2,123,0,333,0,0,0,111,2,1,7,202,0,398,1,10,20,3,0,0,4,1,1,0,59,130,3,0,8,20,0,29,8,10,0,2,4,60,0,1,36,0,66,1,13,32,16,0,0,1,1590,0,30,5,3,1,12,5,28,1,4,6,4,0,14,12,23,3,10,2,3,8,1,5,0,2,1,0,1,5
"COG5542",17,260,328,21,266,443,115,11,112,39,165,230,380,311,263,163,145,130,2,121,450,347,105,11,223,689,754,251,259,179,267,17,476,929,666,98,315,52,239,315,326,23,54,308,47,32,304,46,128,27,647,33,198,301,200,277,0,275,237,30,22,178,335,146,298,98,395,992,85,31,1,32,82,232,219,339,556,193,68,19,56,589,817,68,47,551,27,181,199,59,47,5,347,21,229,33,505,139,5,363
"COG5544",9,13,42,23,189,0,1,5,111,10,32,0,28,0,18,14,5,210,23,1,1,0,0,106,1,0,0,43,26,0,4,25,63,19,2,5,5,6,14,0,37,2,0,2,23,24,1,6,22,1,0,8,2,11,0,5,4,2,0,40,29,2,6,1,13,23,1,6,0,6,240,1,5,7,1,4,2,1,3,24,22,1,47,2,18,2,4,0,3,1,1,62,0,14,0,2,1,4,22,3
"COG5545",2136,8447,6141,5049,1212,6425,5668,11531,2654,8370,3066,5439,8351,6241,5864,8479,8306,4995,9625,13358,8501,7045,7015,7394,8580,5364,6749,3554,5256,4239,6557,7001,4612,4976,4708,10271,7866,5036,8218,7188,4493,10829,11103,6572,6629,8410,13618,6243,6650,6655,5410,11855,8328,6299,8608,7096,9828,7883,5864,1898,2006,5359,7169,3159,9034,4869,8720,5507,3210,10322,1955,14632,8129,6399,5787,8237,9743,6116,8528,4638,9270,6580,5159,8106,6148,4660,7315,7187,10826,6264,4410,9498,13126,5027,7628,2184,9884,15570,8186,5174
"COG5546",0,10,19,0,0,3,0,0,12,3,7,1,1,0,0,0,5,1,23,0,1,4,1,0,16,9,0,0,9,6,3,6,2,10,3,3,2,1,0,9,2,5,2,13,4,0,0,1,4,3,12,0,1,9,6,1,1,0,5,0,0,1,0,0,1,0,26,21,3,1,0,1,6,0,0,14,4,0,12,102,1,0,0,0,0,2,5,1,0,2,5,0,0,0,20,0,0,0,10,4
"COG5549",1,7,11,8,4,2,15,531,24,0,32,0,1,1,1,0,0,1,4,1,2,0,6,0,3,1,1,1,4,9,1,3,0,0,1,0,0,1,0,2,0,0,1,0,0,2,0,1,27,40,3,11,0,5,40,4,0,1,3,764,215,4,4,6,0,2,1,2,91,2,0,0,0,0,1,0,0,0,1,336,0,0,12,5,1,13,1,0,0,0,3,0,0,0,0,11,0,5,23,19
"COG5551",208,148,21,53,27,92,235,280,224,25,191,100,59,141,146,63,6,122,3,133,4,79,81,4,130,105,58,140,111,241,91,2,142,196,153,60,98,21,98,235,207,106,46,26,29,50,32,18,120,74,78,13,75,5,60,60,25,208,24,267,10,156,73,186,43,158,39,71,477,142,1,276,20,24,111,23,12,75,24,22,18,110,86,53,24,211,0,153,24,38,138,7,67,58,33,87,19,55,6,169
"COG5553",0,0,0,2,0,0,1,0,98,2,3,0,0,0,0,8,4,13,3,0,0,0,0,0,0,0,0,5,0,0,3,4,45,0,2,0,0,1,6,0,32,2,0,0,0,5,1,0,10,1,0,7,0,0,1,1,0,1,0,38,4,0,1,0,1,8,0,0,0,1,0,0,0,0,0,0,0,0,2,8,0,0,47,0,3,1,0,0,0,0,0,0,0,1,0,0,0,0,0,1
"COG5557",55,192,131,125,726,12,29,10,305,99,160,12,234,31,139,8,94,628,121,44,18,44,42,483,56,12,22,146,88,11,31,89,189,225,47,55,78,48,69,54,63,17,71,7,114,104,35,28,232,93,14,75,46,103,10,38,45,62,40,71,154,25,33,28,107,90,38,76,4,27,997,18,59,49,45,53,56,65,22,23,88,25,24,21,22,45,64,10,61,62,24,36,51,146,5,12,20,16,101,30
"COG5561",39,58,132,624,54,114,150,184,79,70,31,34,16,30,297,15,66,112,128,50,58,54,116,126,92,48,135,32,184,68,82,131,16,54,73,72,90,145,299,266,152,78,200,69,248,803,85,62,338,104,60,85,107,152,119,64,195,51,199,70,12,169,86,143,110,138,11,11,188,97,4,164,121,65,135,115,96,145,185,49,91,58,33,82,75,115,192,114,80,120,143,102,53,239,48,367,74,69,390,150
"COG5562",23,24,24,35,534,0,0,2,121,7,90,3,25,0,105,13,1,321,43,2,5,0,0,196,6,0,0,33,42,0,10,14,52,13,3,3,13,10,23,0,24,5,0,1,30,43,5,7,37,1,0,18,9,16,0,2,8,4,5,23,59,6,3,2,35,47,0,8,0,9,698,0,4,11,0,15,16,6,16,8,19,1,46,6,15,1,15,2,11,10,0,9,2,46,0,0,4,0,28,3
"COG5564",0,40,40,0,82,22,33,2,41,2,58,35,6,16,16,10,2,63,12,1,5,30,4,17,20,28,19,9,2,11,9,12,10,24,22,1,31,1,27,15,37,11,12,9,20,0,7,1,17,11,30,5,15,6,14,1,44,21,43,2,16,18,14,7,6,23,17,28,0,4,81,0,35,19,2,46,5,2,0,31,14,5,19,5,3,9,4,5,8,9,2,193,49,71,0,0,0,31,15,8
"COG5565",0,9,6,12,0,0,0,1,0,14,0,1,0,5,0,9,0,157,0,0,2,2,0,0,2,0,4,8,0,0,0,0,0,33,0,22,0,1,1,0,0,0,0,0,2,0,2,1,0,0,0,0,1,6,2,0,0,5,0,0,39,0,0,0,14,0,0,2,0,0,6,0,0,8,0,0,0,0,3,0,0,0,7,3,0,0,2,0,2,3,0,0,0,4,0,1,0,0,0,1
"COG5566",23,0,3,0,0,0,0,1,41,0,0,0,0,0,0,0,0,7,0,0,0,0,0,0,0,0,0,0,0,0,0,0,0,84,0,14,6,0,3,0,0,0,0,0,11,32,0,0,0,0,0,5,0,1,0,0,0,0,0,2,8,0,0,0,0,0,0,0,0,0,2,0,2,1,0,0,0,0,4,0,0,0,0,0,0,0,0,0,0,1,0,0,0,0,0,0,0,0,0,0
"COG5567",12,25,38,42,211,0,2,3,75,29,47,0,46,1,36,9,3,203,27,0,5,0,1,118,2,1,0,47,25,0,6,34,64,39,3,8,3,7,16,0,16,4,0,1,28,37,1,10,41,4,0,21,6,20,1,1,11,4,6,21,45,0,4,0,21,51,1,7,0,8,322,0,6,14,2,5,12,2,14,35,25,4,28,0,14,5,7,1,11,6,2,70,0,25,0,1,1,0,31,2
"COG5569",13,53,46,40,244,8,9,1,270,15,65,1,64,0,43,9,3,229,33,4,3,3,2,151,1,0,1,42,31,0,8,41,92,38,5,1,6,4,24,0,57,1,0,5,30,22,2,12,53,1,0,27,3,20,6,5,18,19,8,20,62,1,3,0,28,66,1,4,0,13,359,0,12,8,0,6,14,2,8,28,31,3,112,3,16,3,14,4,5,5,1,7,0,20,0,1,7,2,46,4
"COG5571",12,24,52,48,249,1,2,4,177,22,80,0,72,3,34,21,5,235,26,2,0,0,0,179,0,0,0,69,45,0,6,58,131,59,3,12,16,6,15,0,46,3,4,2,51,47,4,5,62,4,0,31,3,54,3,5,13,8,10,91,48,2,7,0,28,64,0,7,0,10,527,0,11,15,3,5,10,8,12,39,45,5,65,12,25,4,11,0,13,4,0,60,1,20,0,2,2,1,38,6
"COG5577",670,241,190,546,26,432,479,147,482,19,157,208,159,267,106,141,217,298,23,87,218,123,319,7,160,348,208,458,231,269,42,14,166,84,245,33,155,126,103,313,80,66,63,277,23,14,121,690,185,75,307,26,174,56,184,215,42,259,31,318,62,92,383,226,193,74,360,147,146,65,0,89,23,119,182,114,49,111,124,299,53,405,148,389,91,228,21,115,89,56,279,43,122,74,252,69,150,128,0,212
"COG5578",0,0,11,21,31,2,2,1,44,0,6,0,1,0,0,0,1,0,0,0,1,0,0,1,0,1,0,0,1,0,0,0,0,0,0,0,1,0,1,0,6,0,0,0,0,0,0,0,2,11,0,10,0,4,2,0,0,1,0,179,68,0,3,0,0,3,1,0,0,0,20,0,0,0,1,0,0,0,0,1,0,0,1,2,0,0,0,0,0,0,3,0,0,0,0,1,0,2,14,0
"COG5579",87,24,181,0,6,99,135,9,20,73,51,74,43,61,51,529,18,39,306,203,126,93,602,413,76,39,181,11,26,224,32,146,61,60,49,37,35,44,158,267,49,14,25,45,26,0,44,235,34,257,10,391,30,104,76,38,408,182,84,117,24,63,7,220,43,149,219,126,102,386,1,14,66,59,67,101,75,46,201,21,0,53,142,28,396,248,60,17,35,118,69,41,185,74,46,115,93,42,179,528
"COG5581",25,50,62,57,401,1,3,3,4,29,111,2,111,2,56,4,4,385,40,3,2,0,0,257,2,1,0,110,61,0,4,66,132,94,9,17,22,10,32,1,2,1,0,3,52,52,1,13,85,8,0,41,12,57,0,6,18,9,23,3,62,2,3,1,41,60,1,5,0,6,656,0,15,17,0,6,26,8,34,39,43,7,10,8,13,2,26,1,19,14,2,64,0,34,0,4,1,0,41,0
"COG5585",2239,110,295,1113,121,302,358,147,243,306,168,112,231,138,165,189,347,203,53,93,322,1523,466,134,310,365,324,915,125,209,1265,117,78,1847,431,100,122,54,50,262,265,74,368,360,244,63,251,1973,210,368,405,58,536,28,227,448,230,187,116,848,350,88,91,674,148,157,200,231,899,84,549,32,259,275,640,228,67,207,58,13,82,58,206,177,91,287,55,91,405,528,368,9,66,401,605,175,179,436,422,257
"COG5586",0,3,5,17,28,8,16,3,1,2,3,0,1,4,3,8,0,2,2,0,7,6,1,1,4,1,4,0,2,2,20,4,4,72,7,0,1,0,0,1,1,0,35,0,0,0,4,0,4,19,2,1,9,2,1,8,6,34,5,0,1,6,0,2,0,1,16,26,0,2,22,0,1,3,2,2,3,6,0,2,1,1,109,0,0,2,2,0,2,2,1,0,0,0,16,0,9,1,1,1
"COG5587",102,773,690,93,512,644,141,186,283,822,891,1384,530,830,995,914,785,229,1124,103,761,1028,907,39,1093,837,581,529,986,879,1115,1235,628,766,1194,692,956,1391,1137,760,564,932,921,1074,1312,984,731,492,1308,589,866,980,750,1052,1005,1057,1359,850,797,14,109,1324,697,942,396,1046,382,1191,171,609,30,373,1029,1053,842,725,704,938,918,58,1397,960,837,417,1385,575,1241,1228,793,1282,647,907,917,660,817,27,503,97,643,468
"COG5595",13,2,0,1,2,0,6,1,139,0,6,0,4,3,2,0,1,0,0,13,1,4,0,0,0,2,1,1,0,1,1,0,0,0,0,0,1,7,0,0,1,1,0,1,0,0,0,0,0,0,0,2,0,1,1,1,0,0,0,15,1,0,1,1,1,0,1,0,0,3,0,7,1,1,1,0,1,0,0,0,0,1,0,0,0,6,0,0,0,0,1,0,0,0,0,0,2,0,0,13
"COG5598",0,126,10,0,5,13,2,0,1,47,50,0,0,34,4,2,63,9,39,0,21,15,31,4,12,12,19,5,11,14,1,0,49,139,50,28,49,4,39,46,14,2,0,20,5,2,13,13,71,16,18,0,22,22,1,18,14,55,0,0,1,12,15,2,12,18,25,35,0,17,0,2,39,4,23,28,28,61,0,1,22,26,24,0,3,5,27,5,47,0,5,34,16,121,1,9,7,0,0,6
"COG5606",15,10,2,0,0,0,0,0,0,1,0,1,0,0,2,5,0,35,0,0,0,0,0,0,0,0,0,1,0,0,27,0,48,1,4,7,8,0,0,0,0,0,0,5,39,36,1,0,0,2,0,13,0,0,0,0,0,0,0,46,219,0,0,0,0,0,0,0,0,0,63,0,0,2,0,38,0,0,12,6,0,2,6,0,16,0,7,0,0,2,0,0,0,157,0,0,1,0,0,0
"COG5610",21,133,336,1326,203,773,72,325,1178,291,443,368,644,900,280,579,550,965,282,287,743,411,904,22,471,720,1329,692,969,540,393,337,695,748,400,349,1079,2501,488,480,255,110,670,875,629,304,391,683,658,284,229,6,114,89,145,314,30,135,99,323,78,163,249,124,102,180,190,196,447,184,0,25,85,242,139,23,296,222,154,6,99,391,198,234,138,141,44,328,35,661,119,21,80,58,49,6,223,181,301,447
"COG5614",17,12,11,13,736,1,1,94,1,2,87,0,1,52,94,90,8,10,17,24,0,0,2,6,11,47,20,27,13,97,1,33,6,86,6,22,26,4,1,56,35,0,2,0,13,34,0,26,50,28,50,3,12,1,19,9,0,89,1,9,46,20,6,65,4,46,4,45,19,68,289,0,13,2,46,19,4,2,12,1,20,7,4,73,13,66,10,0,7,49,2,28,69,0,0,2,2,29,23,36
"COG5617",900,177,11,39,5,422,417,262,800,0,103,283,148,470,42,201,186,310,11,31,550,64,411,9,134,411,321,872,480,450,29,0,119,29,250,27,198,106,142,243,24,85,0,343,12,1,155,93,16,241,150,4,181,0,305,232,0,80,16,53,0,107,472,115,208,9,896,151,0,106,0,53,5,23,57,0,131,14,62,173,1,506,215,969,48,257,27,99,52,0,498,1,174,62,152,1,205,294,1,210
"COG5618",0,1,31,5,2,5,94,0,191,3,30,14,5,2,2,317,7,29,1,1,1,4,12,4,3,10,14,6,19,1,9,8,63,2,5,0,0,1,13,2,90,7,3,2,10,6,5,10,11,0,0,2,12,25,10,7,12,1,0,97,13,12,9,5,4,17,7,1,8,10,37,1,0,0,7,18,0,12,2,50,7,4,73,15,6,6,1,0,0,0,0,0,13,4,0,28,0,11,0,2
"COG5619",0,1,117,438,6,14,85,10,7,11,37,4,6,5,1,10,52,15,16,1,0,27,189,41,17,13,4,28,10,37,12,0,2,4,3,9,1,7,37,17,3,0,6,22,4,15,2,43,2,0,0,13,25,34,22,17,6,122,47,50,10,9,4,224,4,336,3,36,15,1,0,11,0,7,12,17,9,41,4,15,2,2,11,3,0,15,8,346,4,9,31,2,13,3,27,734,3,12,0,14
"COG5620",2,58,495,380,176,75,65,69,6,680,123,510,133,36,371,147,555,28,158,215,112,372,235,4,287,133,230,545,203,193,31,96,310,73,958,41,380,516,314,364,369,335,57,157,356,77,109,214,76,10,230,234,247,429,133,150,197,206,124,29,3,866,176,584,202,151,146,63,2,211,68,175,119,271,79,430,190,216,119,4,10,78,266,271,548,281,469,136,174,448,647,236,161,18,389,14,264,35,298,436
"COG5632",735,627,874,741,1128,520,737,809,566,192,397,2882,361,688,1599,223,596,555,192,198,468,781,259,155,298,646,629,614,453,655,277,161,1107,568,902,277,351,226,516,722,523,92,450,735,144,412,810,1100,614,467,899,134,649,286,379,470,198,590,384,791,860,546,403,915,657,198,547,887,1112,273,581,144,293,342,518,608,632,457,374,1394,405,255,715,543,447,641,162,581,470,779,374,59,537,294,871,348,495,332,372,461
"COG5633",15,23,23,27,191,1,6,1,183,16,33,1,58,0,35,5,6,163,14,19,1,0,0,83,3,1,0,32,21,1,9,23,50,33,2,7,12,12,8,0,35,0,1,1,20,24,2,5,30,1,1,8,0,15,2,1,1,7,6,59,36,3,3,2,14,17,2,3,0,4,291,4,6,5,3,3,5,0,4,32,16,1,26,6,14,9,7,1,3,5,2,76,0,21,0,1,1,0,17,10
"COG5635",15,14,34,1512,75,130,1038,1,28,21,1,294,117,271,1626,69,14,26,239,155,1041,58,190,0,5,345,2175,447,191,38,1,19,707,96,180,15,128,573,860,245,224,917,164,747,28,60,172,195,95,1,270,30,231,182,62,78,177,105,11,21,267,564,147,33,106,60,32,220,480,8,26,323,104,142,845,105,12,157,703,8,932,473,1584,8,1164,217,566,344,214,615,265,210,261,326,70,27,183,58,601,648
"COG5640",0,0,0,0,41,0,0,0,15,3,0,24,0,4,0,0,11,14,0,8,0,3,1,0,1,0,22,10,0,0,9,0,0,182,0,0,0,0,172,5,0,0,0,0,0,0,0,1,62,1,20,0,0,12,37,21,0,30,1,0,22,0,84,0,0,2,2,3,0,0,0,7,0,2,13,7,0,20,166,0,108,14,0,0,0,5,158,0,0,57,32,0,0,230,0,0,34,5,0,7
"COG5642",0,0,0,4,1,0,0,0,218,0,3,0,0,0,0,2,3,12,0,1,0,0,0,77,0,0,0,1,0,0,0,0,0,1,0,0,0,2,7,0,40,3,0,0,0,4,0,0,0,0,0,0,0,1,9,0,0,0,0,0,12,0,1,0,0,10,0,0,0,7,0,0,0,0,0,0,0,0,0,0,0,0,80,0,4,8,0,0,0,0,1,1,0,0,0,0,0,0,1,4
"COG5645",23,45,62,55,330,2,7,7,334,37,77,0,97,1,44,20,6,330,35,7,4,0,3,260,3,2,0,91,45,1,17,27,147,35,3,18,19,14,36,0,57,4,0,3,35,55,5,13,41,6,1,52,11,38,7,4,12,8,7,71,77,3,4,3,45,40,3,7,0,19,529,3,19,15,1,13,11,3,16,35,40,3,92,6,45,14,16,2,13,3,6,90,1,27,1,3,3,0,60,11
"COG5646",3,2,6,65,23,0,0,1,2,5,0,1,0,0,5,0,0,0,3,0,0,0,0,0,20,2,0,0,2,0,1,1,0,29,2,2,0,6,9,0,11,0,1,1,0,1,0,4,3,1,0,1,2,2,2,0,9,2,1,2,17,0,0,0,1,1,0,2,66,0,19,0,4,1,1,25,3,5,4,0,3,2,0,1,0,0,2,0,1,0,1,0,0,0,4,2,0,0,15,2
"COG5651",0,0,0,0,1,2,0,0,4,0,3,1,0,1,27,4,0,1,40,1,0,7,0,0,104,2,0,18,7,151,0,0,0,0,0,51,0,0,0,8,0,1,0,3,8,0,56,1,0,0,0,0,0,0,1,13,0,0,0,0,0,177,0,0,84,0,35,1,122,13,0,0,0,0,0,0,0,7,0,0,0,7,1,0,3,0,0,0,0,0,1,0,0,36,6,113,11,1,0,0
"COG5652",846,472,313,423,191,567,771,257,821,47,361,432,330,398,244,248,436,445,77,225,352,249,397,180,367,572,582,605,432,485,448,99,589,205,633,120,285,134,229,563,406,77,253,515,260,187,366,522,289,135,723,69,493,235,341,414,100,481,172,507,270,449,633,827,562,104,606,537,386,187,337,168,191,423,350,395,375,275,192,676,126,789,439,481,137,614,83,423,351,211,401,76,833,204,518,207,254,301,118,632
"COG5654",0,0,0,3,0,0,0,0,270,0,1,0,0,0,0,3,2,18,0,1,0,0,0,0,0,0,0,0,0,0,0,0,0,1,0,0,0,0,8,0,57,2,0,0,0,10,0,0,0,0,0,0,0,1,11,0,0,0,0,2,7,0,0,0,1,16,0,0,0,11,0,1,0,0,0,0,0,0,0,0,1,0,66,0,6,5,0,0,1,0,0,0,0,0,0,0,0,0,2,3
"COG5655",0,24,34,49,4917,432,0,8,100,342,17,11,5191,5,149,10,17,1751,28,4,4,32,247,0,539,459,1,457,270,16,114,16,3,1278,5,192,41,82,2,3,277,10,29,3,31,0,26,33,1,9,0,15,109,490,6,0,94,35,2,107,490,12,4,648,78,1222,0,83,721,15,9025,32,241,1,1,22,228,6,13,473,741,2,22,52,130,7,2,3,250,56,113,33,21,585,0,31,3,465,20,2
"COG5658",777,415,203,912,180,330,425,233,361,28,316,278,127,277,148,166,456,733,44,93,248,317,279,222,140,198,313,289,359,263,178,102,83,698,260,47,150,129,246,284,404,99,196,407,56,60,199,261,201,245,286,39,407,215,248,198,114,203,114,402,727,180,248,699,131,142,547,341,264,44,235,56,134,808,112,148,335,115,65,659,100,158,357,336,57,168,49,146,237,57,556,56,192,103,271,450,106,133,168,283
"COG5659",6,0,2,0,0,0,0,0,0,2,0,0,0,1,2,0,0,0,17,0,5,1,0,0,1,0,1,0,0,0,2,2,3,0,0,4,7,7,2,2,1,0,3,3,19,1,0,0,3,1,0,0,4,5,4,0,3,0,28,0,0,0,7,1,0,1,0,0,0,0,9,0,6,3,0,0,6,2,0,0,0,0,0,0,2,0,0,0,4,0,1,4,3,1,0,0,3,1,7,0
"COG5663",22,383,62,0,52,128,16,5,133,74,29,244,20,133,27,13,109,18,21,11,74,432,32,1,315,28,2,33,196,70,161,149,131,360,180,2,281,107,118,83,54,14,102,210,43,16,252,78,294,4,452,20,107,163,240,132,36,111,9,27,23,45,89,790,115,74,198,77,0,15,81,33,263,95,81,92,365,19,36,58,165,477,265,38,186,135,130,10,169,47,186,3,1786,23,92,3,44,7,19,352
