"","NLM016","NOF005","DLM017","NLF005","NOF006","DLM010","DOF011","NOM007","DLM015","DOM013","NLM032","DLM021","DOM001","NOM019","NOM002","NOM004","DLF005","DLF010","DLM019","NOF007","DOM019","DLM006","NLM027","DLM024","DOF008","NLM017","DOM010","NLM029","NOM009","NLF012","NOM013","DOF007","NLF007","NLM002","NLF001","NLM006","NLM007","NLM021","DOM023","DOM005","NOM012","DLM027","DLM028","NLM008","DOM018","DLF001","NOF013","DLM008","DLF007","NOM015","NOM014","NLF010","DOM024","DLM022","DLM004","NOF009","NOF011","NLM028","DLM012","DLM001"
"COG0001",7,13,17,16,9,16,16,19,15,23,27,6,13,41,31,7,14,29,20,7,10,4,22,11,16,5,17,17,16,19,15,4,18,4,10,20,8,28,5,15,13,6,16,5,25,11,7,20,16,12,9,7,18,14,6,10,15,7,12,28
"COG0002",37,55,50,40,27,32,53,36,25,48,54,49,44,42,39,27,47,34,33,58,40,42,31,19,40,40,47,43,31,38,40,41,54,28,55,44,37,37,42,36,39,41,34,40,45,35,43,52,38,47,48,30,35,29,41,47,34,63,41,39
"COG0003",1,11,0,1,16,1,12,1,1,10,1,4,11,7,11,31,1,9,7,6,23,5,1,0,1,15,10,0,0,9,7,9,1,3,0,10,9,1,2,11,2,10,2,0,4,22,18,2,13,5,13,23,1,6,7,3,11,3,2,3
"COG0004",76,50,78,56,40,36,84,42,55,32,66,54,57,57,66,35,68,49,50,35,53,56,52,38,49,31,41,53,78,65,39,29,89,67,42,36,23,55,68,18,54,74,55,51,63,27,54,48,26,56,51,44,50,32,24,41,45,42,61,48
"COG0005",34,23,22,29,18,17,36,25,23,12,20,39,24,34,24,22,26,30,26,28,21,27,28,19,13,29,25,37,16,32,33,29,28,32,25,10,15,25,28,36,30,25,30,29,25,33,29,37,15,25,22,21,29,24,26,28,29,27,5,26
"COG0006",148,144,126,100,126,126,165,111,125,107,116,125,127,126,102,103,129,119,96,120,124,132,104,71,88,98,135,114,114,100,103,126,100,184,103,119,131,140,153,114,96,113,123,112,122,141,141,126,115,130,139,148,134,113,123,130,131,115,89,113
"COG0007",0,17,11,11,4,27,12,5,12,11,17,3,18,14,48,12,16,8,8,11,8,6,18,25,14,9,19,17,15,12,10,6,11,7,17,20,14,11,8,18,7,6,24,20,13,8,4,10,8,5,14,10,10,18,11,12,6,11,18,5
"COG0008",182,140,188,125,101,122,154,162,139,136,137,138,138,161,140,86,154,162,163,125,112,136,127,90,146,103,149,130,159,128,149,78,159,135,102,121,129,138,149,98,158,157,129,147,149,61,135,142,89,149,98,89,98,160,83,117,126,133,154,163
"COG0009",41,57,44,46,61,51,46,40,56,65,69,50,54,65,46,73,55,66,56,61,57,59,33,38,53,53,54,44,57,54,66,44,52,44,59,62,64,60,37,57,46,53,44,64,58,49,52,57,62,59,61,56,75,63,75,65,52,68,51,53
"COG0010",32,9,12,23,13,21,12,9,15,13,10,19,16,19,19,18,13,29,39,4,15,9,11,33,18,11,23,13,11,17,12,15,12,7,26,14,20,16,7,24,9,24,26,9,15,14,20,9,18,17,15,8,27,22,7,23,14,18,10,17
"COG0011",0,1,0,0,0,0,1,1,1,1,1,0,2,0,1,0,0,2,2,0,0,1,5,4,9,0,2,1,0,0,0,0,0,0,0,0,1,0,0,0,0,0,0,0,0,0,1,0,0,0,0,0,0,0,0,0,1,1,12,0
"COG0012",38,42,60,54,36,53,48,61,44,76,73,60,55,57,39,30,63,79,65,40,43,63,62,33,49,46,52,53,49,56,53,33,56,94,52,51,50,53,58,39,46,56,45,60,51,29,51,46,38,35,51,33,42,69,41,37,46,60,61,63
"COG0013",127,111,159,136,90,95,112,103,110,114,96,128,92,119,91,99,107,131,154,99,131,110,115,58,99,86,119,139,87,128,110,108,135,153,112,106,129,143,112,79,92,138,119,96,122,72,94,127,82,144,116,89,121,128,84,81,122,95,119,138
"COG0014",47,53,67,30,50,45,74,38,58,51,57,59,47,63,59,44,50,51,65,55,62,44,51,25,39,52,47,50,38,81,41,27,55,36,48,50,65,54,60,39,39,63,59,44,75,33,52,54,43,50,61,47,32,50,44,51,56,50,54,52
"COG0015",67,68,70,68,49,65,59,60,65,65,70,61,69,71,57,59,44,64,63,64,65,90,71,41,70,63,59,78,62,56,68,50,55,83,59,66,70,57,103,51,60,100,55,66,63,45,37,68,56,69,53,67,66,66,56,51,75,69,66,78
"COG0016",60,46,45,50,37,31,44,43,45,57,42,56,54,51,41,57,71,45,69,47,38,63,49,21,36,60,52,59,36,42,51,41,49,45,46,41,66,51,43,34,35,50,51,45,63,44,39,56,37,54,69,50,33,52,66,68,57,38,47,60
"COG0017",55,88,91,82,48,58,46,72,54,58,92,71,56,52,59,58,69,65,70,67,88,54,60,46,68,65,74,45,70,54,23,21,12,25,17,20,22,23,15,17,22,21,20,18,25,12,20,25,23,30,27,13,8,18,17,9,23,27,8,20
"COG0018",81,87,106,85,72,84,89,87,70,102,93,88,99,101,89,75,91,88,97,96,85,69,76,39,83,72,85,87,76,97,84,60,82,79,85,67,113,108,86,64,66,98,91,74,98,60,75,84,52,95,73,91,87,95,79,86,65,103,87,82
"COG0019",103,100,102,138,92,82,139,122,94,109,104,90,89,97,102,72,76,70,86,60,106,129,92,52,88,76,80,84,112,100,33,25,32,41,34,33,38,28,27,21,28,43,38,23,43,17,38,36,20,23,21,32,27,19,17,29,30,36,31,31
"COG0020",53,33,48,33,29,30,50,32,29,37,47,29,36,34,33,31,39,47,39,42,35,29,43,13,37,35,37,30,36,35,41,26,34,36,34,27,32,33,55,25,34,41,31,40,36,27,27,31,35,30,37,33,34,41,26,38,37,34,48,42
"COG0021",57,49,57,56,35,45,101,46,45,38,24,35,74,62,56,54,33,26,25,20,50,66,50,64,31,31,39,41,43,50,63,53,42,110,46,69,45,41,70,43,37,56,54,25,44,40,43,25,37,36,55,54,29,44,39,50,45,45,69,72
"COG0022",1,11,4,5,22,3,0,2,27,4,4,18,14,7,4,20,6,14,13,8,11,7,27,4,2,16,11,6,5,16,3,17,9,1,20,14,9,8,5,36,5,6,19,4,18,33,26,21,22,15,8,15,14,15,15,22,24,15,7,23
"COG0023",2,10,11,7,12,13,3,3,12,14,1,21,8,5,4,13,4,1,3,13,8,5,0,5,0,8,12,7,2,11,8,16,6,1,8,8,7,10,9,10,4,1,13,4,9,20,16,13,14,14,14,18,7,7,18,11,13,4,3,5
"COG0024",74,76,60,75,69,67,81,99,65,85,72,57,64,62,80,71,64,61,47,90,61,82,60,38,66,47,60,87,80,74,53,63,70,99,73,66,70,74,75,55,56,60,62,54,69,72,63,76,71,71,91,66,55,56,59,66,74,78,45,65
"COG0025",1,13,10,14,5,30,4,14,12,17,5,7,11,7,20,13,25,16,6,5,9,8,56,41,41,11,16,26,25,5,7,7,12,9,9,27,13,6,5,8,10,47,17,10,10,5,1,10,6,4,5,4,11,21,3,13,9,18,106,14
"COG0026",0,1,2,0,1,8,0,2,2,1,3,5,4,4,5,1,0,2,4,0,1,1,30,15,19,0,3,0,4,6,4,3,2,4,2,0,3,5,2,1,2,24,5,1,3,1,0,3,0,3,5,1,0,2,2,2,3,0,41,7
"COG0027",31,18,31,16,44,19,31,35,28,14,8,25,31,22,12,30,18,12,6,26,24,26,1,21,9,19,32,10,8,31,22,29,27,51,19,31,28,20,37,24,24,14,23,14,22,31,18,25,25,21,42,36,18,6,31,33,19,18,35,48
"COG0028",93,123,96,97,108,123,79,102,106,82,129,113,78,95,142,111,95,90,80,101,142,104,211,192,162,177,112,112,145,112,97,104,112,110,115,71,134,121,145,105,108,131,114,132,132,96,116,114,91,120,106,97,124,95,95,96,103,160,187,123
"COG0029",70,50,66,59,56,49,61,44,48,48,42,50,44,59,60,56,46,24,36,61,55,56,22,33,36,45,68,63,66,52,15,19,16,30,14,23,24,17,25,14,20,10,15,27,29,8,15,16,22,16,19,15,29,9,17,24,21,23,8,15
"COG0030",44,71,62,63,35,47,62,79,56,75,91,56,61,80,57,40,81,81,89,83,40,87,111,39,99,44,59,81,69,62,141,29,82,55,72,80,50,64,56,27,98,51,66,72,59,36,49,62,91,42,55,97,58,67,72,47,72,69,94,54
"COG0031",39,59,54,34,60,76,63,26,60,62,74,70,72,75,45,52,55,84,91,66,73,48,70,67,45,29,50,50,58,54,37,35,53,50,61,51,70,65,44,57,56,71,71,63,68,32,55,72,42,60,46,41,51,53,61,55,73,64,65,70
"COG0033",0,0,1,0,0,2,0,0,0,4,3,0,0,5,0,1,0,1,4,0,1,0,9,23,10,0,1,0,0,0,0,1,0,1,0,1,0,0,0,4,0,14,4,1,3,0,0,1,1,0,0,1,1,3,1,0,1,0,46,6
"COG0034",145,107,123,98,84,88,110,119,101,96,93,102,95,105,67,98,88,90,79,68,85,133,87,44,77,117,118,72,107,109,108,85,105,145,84,91,106,115,110,72,105,90,93,79,90,87,88,105,60,97,103,100,94,86,102,90,74,82,88,117
"COG0035",48,38,46,38,41,40,52,47,38,30,51,36,42,40,30,31,31,43,49,40,38,47,36,21,39,50,38,34,31,48,56,26,48,49,33,43,37,39,41,31,34,49,27,36,41,34,37,48,40,46,45,45,45,44,37,40,46,39,30,45
"COG0036",60,39,52,43,38,42,66,42,21,44,44,25,40,40,67,35,58,55,34,21,27,37,43,49,60,52,31,42,32,29,53,30,48,46,36,39,27,36,46,26,39,40,34,32,36,30,26,32,43,34,27,35,38,53,37,30,31,41,49,25
"COG0037",72,121,89,136,67,69,81,137,109,130,120,94,99,105,115,66,116,126,112,118,105,90,117,74,131,81,94,118,118,87,90,60,108,100,93,83,109,94,103,74,120,94,98,115,126,65,79,113,72,104,93,85,96,99,78,93,103,131,80,88
"COG0038",74,71,66,81,83,92,80,72,94,60,82,89,76,70,80,91,73,46,40,74,91,75,103,68,80,70,80,63,71,96,79,93,78,84,73,84,100,105,86,86,53,121,68,73,130,88,91,81,77,101,92,87,90,56,99,105,87,88,134,97
"COG0039",59,47,47,57,60,46,89,64,71,56,52,80,65,73,66,46,46,52,51,75,68,71,87,36,78,64,76,54,56,71,63,50,64,61,79,74,77,59,66,49,50,83,49,70,78,77,64,79,75,73,85,93,79,43,65,95,62,64,114,70
"COG0040",42,27,36,27,42,35,41,20,24,32,46,37,36,36,20,40,31,28,26,44,38,39,20,16,29,23,37,26,29,31,11,13,12,5,9,9,11,6,21,7,7,12,12,20,12,13,7,11,17,14,19,16,18,9,16,10,10,7,17,12
"COG0041",18,29,28,28,17,26,29,35,23,27,34,27,27,29,23,30,23,16,23,27,27,34,26,9,23,21,27,34,36,35,22,19,26,46,28,23,35,26,40,13,20,32,21,25,28,20,16,41,37,28,26,33,24,18,28,18,15,33,27,28
"COG0042",34,83,73,84,62,82,54,69,100,77,102,72,91,84,59,70,58,66,59,94,82,73,73,79,84,61,80,75,88,81,69,68,76,89,73,54,80,83,63,57,81,74,81,66,93,78,85,87,58,70,75,77,99,70,81,94,70,83,79,64
"COG0043",0,10,5,2,1,20,8,11,9,12,7,9,35,6,10,4,10,15,0,4,4,5,8,53,13,4,13,11,4,10,9,10,3,7,9,14,5,10,2,19,6,5,22,1,7,7,3,6,9,6,10,4,7,10,3,12,5,11,5,17
"COG0044",44,79,76,59,58,61,86,63,67,70,80,60,64,80,93,64,62,64,82,74,75,77,83,72,83,56,63,76,78,59,73,37,66,75,62,50,74,65,77,66,60,104,67,54,78,43,52,86,73,65,79,61,66,55,49,65,63,91,90,71
"COG0045",1,4,3,0,11,6,10,5,15,4,3,6,6,9,3,16,4,3,8,4,3,2,2,18,11,7,7,3,1,1,5,24,2,1,5,10,5,6,3,37,7,4,10,5,6,12,15,7,17,10,4,4,1,22,14,10,9,6,35,9
"COG0046",186,116,162,141,81,96,146,134,110,129,121,168,114,132,126,82,117,110,135,129,109,151,133,77,115,90,148,150,121,132,124,87,126,195,136,126,132,127,161,80,92,177,136,98,136,87,129,130,74,131,125,123,139,83,106,106,97,147,138,179
"COG0047",196,99,140,129,89,91,114,118,128,135,116,145,89,154,99,59,113,118,117,95,97,108,129,56,92,109,141,123,113,116,119,67,104,210,93,115,102,117,128,78,102,143,128,91,112,77,105,120,48,119,96,94,110,87,82,110,92,133,122,181
"COG0048",28,20,24,11,9,18,15,22,14,14,33,14,14,22,21,19,29,28,27,11,26,17,35,17,24,16,20,23,20,22,29,10,21,14,13,25,6,18,21,9,30,30,22,27,17,8,12,31,10,18,14,11,22,35,14,7,13,15,18,15
"COG0049",23,34,23,26,30,28,30,51,24,31,26,22,28,32,41,25,46,35,38,36,26,40,27,15,33,30,29,48,25,28,31,22,29,36,20,34,26,32,19,27,29,22,35,26,28,24,21,34,28,28,24,19,20,35,30,21,35,28,32,21
"COG0050",56,65,82,97,47,67,52,65,60,82,61,58,59,69,55,64,56,85,82,52,75,74,42,65,69,61,107,77,77,61,84,40,78,84,56,50,102,58,68,43,65,79,62,60,69,39,48,45,57,70,62,58,53,94,53,77,45,60,56,64
"COG0051",11,19,23,22,17,16,11,29,21,23,22,18,24,25,14,17,15,31,25,23,18,20,15,18,9,25,20,26,22,21,25,15,21,17,36,28,15,18,23,20,19,22,34,32,15,16,19,25,24,36,15,27,30,22,14,15,21,18,31,12
"COG0052",63,43,39,40,32,35,46,46,18,35,40,28,38,37,34,32,28,54,46,31,34,37,41,18,41,34,37,41,40,35,15,10,9,11,5,9,15,17,18,10,7,13,6,8,9,11,12,7,7,4,15,4,9,14,6,6,10,13,17,11
"COG0053",50,56,55,45,34,49,31,55,29,35,51,36,56,70,51,55,40,60,67,47,40,38,44,52,52,34,53,46,45,35,66,36,60,50,55,47,61,49,54,52,60,44,56,40,45,46,37,53,47,55,40,47,34,58,51,39,41,56,38,43
"COG0054",32,29,28,24,24,16,30,18,25,23,20,22,28,28,9,18,14,16,9,21,24,32,7,19,15,16,23,18,20,24,23,13,33,15,18,35,24,21,30,14,20,27,17,22,23,10,24,19,20,18,16,11,21,11,17,15,21,16,7,22
"COG0055",69,70,62,74,51,66,82,63,70,48,68,64,66,76,118,48,79,69,64,60,92,68,79,47,84,80,62,96,134,91,62,36,111,79,70,43,96,83,59,36,69,74,87,88,79,38,55,74,41,61,56,40,55,55,51,49,55,95,99,80
"COG0056",75,88,81,126,61,41,88,83,81,63,74,83,65,98,124,55,87,53,72,93,72,89,109,58,103,100,91,117,119,83,77,56,126,100,80,52,102,107,80,50,84,106,99,102,108,34,73,79,43,91,62,49,79,61,40,53,69,109,88,74
"COG0057",61,40,63,41,37,47,58,58,46,63,44,42,44,69,62,40,71,83,78,40,39,48,50,55,66,34,52,53,55,42,66,31,66,54,52,39,50,55,44,47,49,69,54,42,42,40,40,59,26,36,37,29,45,79,28,43,47,44,50,59
"COG0058",47,41,43,40,33,39,47,49,50,50,64,43,53,46,48,25,62,46,48,32,39,51,54,32,63,40,39,45,66,50,163,94,147,126,128,118,106,147,92,80,162,118,179,165,134,126,109,148,102,126,142,91,108,167,69,89,120,165,159,126
"COG0059",42,55,51,30,33,51,41,25,49,39,55,56,49,35,55,40,36,32,48,50,47,52,60,40,50,40,39,41,47,45,39,36,59,49,44,53,43,44,34,33,38,53,40,35,50,37,52,51,37,37,36,47,51,39,37,45,34,52,90,44
"COG0060",130,113,140,149,91,93,98,167,101,155,121,130,102,146,141,95,142,191,160,106,129,113,154,70,126,112,132,137,168,133,115,97,167,127,88,94,124,143,135,96,143,144,128,121,121,77,98,139,71,119,100,66,114,172,89,109,143,132,143,162
"COG0061",48,28,40,41,43,31,51,46,37,37,53,48,32,45,42,24,29,30,36,30,34,42,32,29,38,41,41,47,36,37,37,23,28,40,27,42,39,45,38,46,31,45,32,27,46,25,39,52,31,25,36,27,34,34,28,27,40,35,55,41
"COG0062",64,38,63,50,29,39,60,51,39,50,51,37,34,60,48,31,38,40,36,40,35,54,25,30,29,35,38,51,57,37,34,33,42,75,25,43,41,44,65,33,41,58,37,43,53,25,33,43,33,33,46,27,43,34,36,48,40,46,48,54
"COG0063",60,48,57,55,49,43,57,55,52,42,41,47,42,61,43,27,34,47,57,45,51,57,39,20,44,48,45,55,63,45,37,39,38,95,38,44,48,43,55,33,45,68,44,43,55,25,32,47,27,35,50,30,53,32,24,37,37,38,66,71
"COG0064",6,37,20,33,5,10,17,38,19,61,43,11,17,29,29,5,41,50,39,15,31,26,53,9,46,25,27,32,44,28,36,10,29,7,24,10,15,24,17,13,29,49,27,32,31,1,15,31,9,14,7,11,33,54,8,9,19,21,75,15
"COG0065",54,53,50,46,50,54,42,26,57,49,62,56,61,51,70,40,66,38,49,36,52,46,56,27,50,49,51,57,84,62,68,70,61,63,52,49,62,54,65,39,52,67,48,60,61,31,59,51,41,55,64,40,42,45,39,35,55,75,67,54
"COG0066",25,33,27,25,17,25,35,27,22,20,19,31,23,22,18,24,31,21,15,30,27,25,35,14,35,23,27,30,22,21,27,21,27,29,38,32,26,28,35,19,29,21,27,27,32,18,17,27,32,20,36,35,42,27,39,29,27,29,41,28
"COG0067",165,111,123,109,94,90,101,84,104,104,96,128,86,92,146,72,114,80,73,95,94,100,55,47,108,98,93,118,146,104,83,76,109,179,111,100,52,109,116,68,107,95,126,114,145,51,109,83,46,104,113,57,95,66,54,97,98,105,151,140
"COG0068",0,8,12,7,9,17,26,3,7,12,14,6,19,5,27,4,11,9,17,7,18,4,23,21,14,0,6,4,15,3,12,5,3,4,15,26,11,15,7,7,11,24,13,3,22,6,1,4,2,7,6,14,13,15,9,6,2,2,9,14
"COG0069",146,99,121,119,74,102,90,93,146,88,105,108,93,110,138,73,94,70,85,67,112,95,65,59,112,132,79,106,142,114,84,63,104,151,126,84,53,115,106,82,102,110,100,115,126,72,90,92,56,131,93,66,92,89,64,82,89,101,137,127
"COG0070",156,105,110,92,89,73,89,75,101,88,110,109,84,78,150,60,102,93,63,80,96,112,52,38,108,96,80,126,129,129,58,84,115,145,112,55,62,92,94,85,81,99,96,123,125,65,93,86,60,125,78,47,88,60,50,81,75,92,126,149
"COG0071",70,48,45,49,30,45,65,66,32,43,45,27,23,45,47,41,55,50,41,33,29,44,31,36,42,25,25,41,53,38,49,36,36,21,45,39,31,35,30,25,52,43,43,64,34,43,49,36,74,36,24,41,30,34,48,30,35,38,34,20
"COG0072",95,64,87,115,67,61,80,93,71,125,96,90,75,102,93,61,94,95,145,49,78,93,87,37,91,74,94,110,81,81,107,75,95,114,86,97,63,95,83,84,99,94,100,63,91,62,84,77,55,78,50,42,72,129,54,66,89,79,101,115
"COG0073",218,167,209,187,116,115,201,183,140,187,161,153,158,204,176,113,182,202,234,125,190,175,189,87,179,167,192,203,179,130,173,106,189,246,157,190,128,165,164,126,172,225,158,151,145,114,130,162,89,156,95,110,143,191,108,112,161,153,161,204
"COG0074",2,7,8,2,11,11,11,2,10,5,1,7,10,9,4,8,1,4,9,6,7,7,5,76,3,9,5,1,5,0,6,18,4,4,8,10,5,7,7,30,4,2,12,3,7,22,4,3,12,5,3,9,0,11,12,7,11,6,41,5
"COG0075",20,20,24,17,30,26,44,21,27,24,23,39,22,38,32,35,23,14,7,62,36,37,17,18,17,10,32,19,37,42,4,18,10,10,11,11,9,10,20,12,13,10,6,9,10,13,2,4,6,8,12,17,11,5,14,11,13,16,4,8
"COG0076",4,22,16,10,30,12,11,5,30,14,8,35,31,15,8,42,6,10,14,24,26,15,12,38,3,34,25,7,2,28,21,43,27,8,22,29,34,35,11,57,10,11,34,4,32,48,25,17,31,25,36,28,30,24,28,38,36,26,18,27
"COG0077",41,45,39,32,36,26,41,34,30,34,28,38,33,42,55,23,37,41,52,24,34,43,30,29,51,24,33,36,35,37,39,23,32,41,27,35,52,35,39,26,46,30,39,35,45,20,49,36,25,33,47,22,43,34,16,30,45,39,44,34
"COG0078",45,65,59,47,39,56,59,35,39,56,53,55,69,61,69,38,65,51,85,47,69,52,64,82,69,38,49,37,77,59,59,34,54,54,55,47,75,75,65,32,62,73,54,56,70,38,42,56,26,50,64,35,54,69,55,41,48,56,49,70
"COG0079",25,33,24,40,39,41,22,34,48,27,33,39,31,27,33,34,40,22,29,41,38,29,19,19,24,29,41,28,43,33,115,65,88,45,94,79,88,69,66,77,93,74,96,116,109,133,89,95,97,75,130,83,124,54,94,132,68,106,52,59
"COG0080",24,21,25,22,17,14,30,53,27,30,32,17,23,20,31,27,32,40,32,29,20,33,37,19,27,23,16,30,30,17,44,20,33,25,28,28,23,19,34,14,36,33,20,25,21,24,22,23,25,26,22,38,24,33,18,28,27,18,35,25
"COG0081",42,30,62,47,29,39,40,62,35,39,58,26,40,44,38,35,48,47,39,33,37,37,33,25,44,44,27,37,51,39,51,32,38,34,40,16,26,44,46,34,39,54,30,39,33,25,36,35,41,39,41,47,31,42,29,29,37,32,48,48
"COG0082",19,49,47,50,17,37,33,41,49,34,40,43,44,26,37,33,50,38,49,37,55,51,26,14,51,29,41,43,36,46,14,15,16,22,11,17,8,13,16,14,9,17,6,14,21,15,9,12,10,20,10,10,17,16,10,15,10,11,17,17
"COG0083",0,7,4,5,3,13,9,4,4,7,12,12,8,10,7,2,14,6,20,6,5,3,22,16,22,4,5,4,9,9,7,4,10,3,4,6,13,10,2,1,8,30,5,5,11,8,8,7,4,8,4,4,7,5,2,2,3,11,40,12
"COG0084",44,50,46,61,70,57,62,58,67,69,44,53,52,71,57,59,61,52,52,54,42,57,74,56,62,52,44,45,51,58,41,58,43,47,51,47,71,53,34,53,50,57,60,49,49,56,62,57,91,45,58,53,64,52,84,72,47,66,76,52
"COG0085",243,188,175,204,137,175,227,176,149,216,183,178,160,209,183,190,194,200,180,180,186,208,209,99,192,162,203,179,225,178,182,139,215,188,196,128,188,214,228,121,159,200,183,158,170,105,156,157,173,185,173,168,155,199,179,186,163,185,187,189
"COG0086",296,121,186,192,116,161,172,185,127,190,161,204,172,214,146,112,202,210,225,127,193,171,195,82,175,159,191,195,189,207,141,156,193,256,163,103,150,183,188,155,185,191,175,131,199,116,147,172,99,157,141,97,144,234,108,147,185,171,184,222
"COG0087",45,42,45,44,24,30,40,57,29,46,35,25,37,37,36,35,40,48,46,23,32,34,38,17,45,34,41,41,40,25,54,30,36,29,35,29,44,35,39,29,33,48,35,42,41,28,22,37,28,34,28,36,37,53,33,20,26,35,52,29
"COG0088",32,41,46,56,33,37,36,54,39,41,50,31,39,38,38,30,31,48,44,41,31,48,37,22,33,34,32,34,34,38,43,27,39,38,36,27,38,44,37,19,40,42,25,23,31,27,22,28,36,36,43,35,34,50,23,27,30,32,38,35
"COG0089",19,26,27,22,12,18,15,28,9,26,25,12,23,26,13,20,25,31,27,25,18,16,18,15,23,15,10,19,25,17,36,36,24,14,22,23,17,17,20,17,26,28,20,31,13,21,17,23,20,22,15,24,20,19,14,12,16,20,27,14
"COG0090",62,47,48,65,23,33,46,53,27,48,38,26,39,65,46,32,45,57,56,22,45,60,53,25,65,32,54,68,46,21,31,26,53,60,43,41,43,49,44,24,41,58,41,32,45,23,36,48,30,39,19,26,29,58,21,22,43,34,43,51
"COG0091",22,30,35,29,15,18,19,35,26,23,32,20,25,28,28,22,24,35,37,27,25,29,24,21,21,34,15,31,29,23,29,19,21,19,24,26,32,31,29,13,29,28,21,34,25,17,22,24,27,28,22,33,22,27,27,26,24,20,31,20
"COG0092",44,28,40,40,26,28,24,46,29,47,35,25,15,40,31,20,40,49,53,36,36,42,47,7,35,27,24,35,36,21,41,16,36,40,30,36,32,24,33,22,42,37,19,47,34,17,16,36,24,25,24,32,25,44,25,35,27,38,50,32
"COG0093",15,24,19,30,12,13,11,30,17,13,20,17,23,33,11,24,30,32,29,17,15,26,29,15,29,17,15,25,24,14,24,15,23,34,14,20,13,15,19,16,20,17,12,19,19,17,12,27,13,16,10,11,22,27,14,19,19,11,16,21
"COG0094",34,35,29,43,27,27,30,43,31,41,36,28,25,36,23,35,40,36,39,38,22,54,53,19,42,31,28,58,31,35,38,18,43,33,29,42,41,21,31,24,31,47,37,32,45,22,25,27,32,27,35,31,28,38,31,31,24,33,49,31
"COG0095",4,13,5,13,21,11,15,13,13,7,6,15,12,16,6,9,11,18,15,2,5,9,25,22,18,17,10,6,5,6,12,21,16,13,17,24,1,11,9,9,8,18,11,1,9,13,14,12,29,8,7,19,11,20,9,5,14,5,46,15
"COG0096",34,21,14,31,17,26,23,32,15,34,23,16,25,31,22,22,29,35,32,15,23,19,28,19,21,15,26,29,31,19,36,16,34,32,30,18,16,23,27,16,28,37,26,27,24,20,21,27,17,13,16,12,17,32,12,11,17,18,35,19
"COG0097",44,21,38,40,16,30,30,40,30,27,33,14,28,37,40,23,39,48,36,20,28,47,43,22,29,28,28,43,48,25,40,19,39,42,26,21,24,30,42,29,45,35,24,38,29,26,20,40,26,24,19,16,17,38,28,15,30,37,47,22
"COG0098",41,24,28,38,24,30,46,34,25,35,38,41,37,33,42,24,31,48,37,34,26,31,52,18,33,22,32,34,35,25,35,24,26,47,26,16,35,34,42,23,40,44,30,35,40,16,30,47,41,31,25,35,36,41,27,22,29,30,35,31
"COG0099",20,22,25,23,17,15,26,26,24,32,26,11,25,15,26,20,27,34,33,23,22,25,25,24,22,22,18,29,19,20,25,17,25,16,21,23,26,29,14,9,21,13,17,22,14,20,21,18,12,24,24,27,26,32,17,21,25,24,27,25
"COG0100",34,23,31,29,11,15,21,26,11,29,22,15,14,37,20,18,22,24,23,27,17,29,27,11,25,13,11,20,29,18,26,10,27,28,20,17,25,13,24,14,25,26,14,16,21,14,16,25,8,22,21,13,29,17,17,21,20,24,29,14
"COG0101",25,47,45,51,30,43,19,67,44,52,54,52,51,53,56,46,53,56,62,43,40,48,48,41,69,30,39,77,58,51,44,30,45,37,39,42,40,50,52,39,49,60,48,52,46,29,40,58,42,41,53,43,46,52,32,46,39,55,47,46
"COG0102",24,21,16,28,20,22,29,29,27,30,22,23,19,28,28,15,24,34,29,16,18,28,32,23,24,28,22,23,33,25,33,25,31,31,30,24,23,23,23,16,29,29,20,25,24,14,16,28,12,18,26,21,14,35,27,18,23,21,36,21
"COG0103",38,23,28,32,20,20,27,26,18,28,23,25,23,22,23,26,32,32,17,24,25,25,31,19,31,21,22,23,24,26,30,12,20,13,20,24,29,32,35,14,25,15,18,27,24,22,13,30,18,19,28,20,27,23,31,18,17,24,29,20
"COG0104",62,61,68,58,47,44,64,69,56,86,51,76,59,75,69,41,98,69,53,65,63,87,59,54,82,46,69,84,80,69,57,40,90,61,64,51,81,87,90,32,75,70,72,77,87,44,67,64,34,66,49,59,78,54,42,35,55,61,84,60
"COG0105",3,9,10,13,6,19,7,18,7,5,2,8,11,7,4,15,7,5,3,6,8,8,9,7,5,12,3,8,4,5,8,18,10,15,2,15,7,6,7,10,25,9,6,11,4,13,16,5,15,8,5,16,4,3,10,7,6,5,4,5
"COG0106",30,41,34,25,38,27,27,27,34,22,36,35,16,21,48,26,30,22,22,33,21,28,26,13,22,31,31,30,33,47,34,27,39,21,28,31,22,18,31,23,27,30,35,33,24,27,23,32,30,29,33,30,39,20,35,29,22,39,31,33
"COG0107",34,40,28,34,35,21,21,24,39,33,38,26,39,38,41,26,34,27,28,32,42,28,29,21,33,20,28,40,42,26,7,4,16,12,10,10,6,13,5,7,17,8,7,18,19,11,14,10,7,15,10,10,6,9,8,7,7,14,15,5
"COG0108",72,54,62,51,49,41,59,52,54,31,35,57,70,40,54,64,46,39,24,41,44,48,11,18,20,38,60,44,39,55,55,40,46,53,52,45,42,47,93,44,35,70,38,54,53,45,34,40,49,63,51,54,48,24,32,39,43,41,10,54
"COG0109",1,0,0,0,1,4,1,0,0,0,0,0,1,0,0,3,0,1,1,0,0,0,1,15,3,0,0,0,0,0,0,2,0,1,0,2,0,0,1,1,0,0,2,0,0,1,1,0,2,1,0,0,0,3,0,0,0,0,2,0
"COG0110",90,148,124,127,177,141,138,102,185,132,149,116,159,116,110,204,140,96,69,165,148,110,81,66,70,193,161,112,81,152,182,232,143,65,187,171,145,144,126,261,145,109,120,152,95,261,197,166,231,132,176,300,170,102,243,180,152,120,111,126
"COG0111",40,83,84,73,71,77,65,70,86,99,83,84,100,94,102,72,86,88,102,76,100,60,69,111,86,69,87,65,69,75,100,71,74,70,84,122,79,89,93,80,93,88,78,90,89,57,62,80,58,88,69,68,84,61,55,66,79,76,125,101
"COG0112",63,40,72,62,28,32,65,58,49,64,39,45,48,71,68,40,65,53,56,65,53,55,48,21,60,48,48,54,42,52,69,46,60,74,67,52,40,53,63,48,73,64,42,48,56,40,39,61,46,47,47,51,35,54,46,34,47,65,51,53
"COG0113",2,4,10,11,6,22,13,8,13,6,17,3,8,15,15,5,11,13,10,5,3,12,15,17,9,9,12,10,6,9,13,8,3,7,5,16,15,5,3,11,14,7,6,2,12,4,3,9,5,6,6,10,5,18,2,4,9,3,5,7
"COG0114",2,3,0,2,4,3,0,0,1,1,1,2,6,2,1,3,2,3,12,2,2,0,4,4,1,1,0,0,2,2,2,12,5,3,4,3,6,6,5,7,4,29,15,2,6,4,1,7,7,4,9,0,0,7,5,4,3,2,15,6
"COG0115",62,72,72,63,63,53,86,52,52,86,54,64,68,67,67,45,66,35,63,64,66,64,90,60,44,56,65,57,67,52,71,68,63,96,64,61,66,72,76,56,63,50,66,69,87,59,49,72,53,59,62,65,62,42,74,58,59,45,63,74
"COG0116",36,36,31,50,21,22,42,72,41,30,50,23,31,42,52,41,37,39,39,37,38,42,45,33,56,31,40,51,52,42,29,39,65,54,34,44,46,49,38,48,42,38,42,47,40,17,41,44,25,32,25,25,27,33,29,30,28,71,21,54
"COG0117",34,22,58,35,35,51,44,32,36,39,22,44,41,41,39,27,33,27,16,31,39,32,15,17,26,25,53,43,34,30,10,12,8,14,12,15,6,12,14,12,9,9,13,19,17,3,15,7,8,12,20,10,13,2,11,13,6,11,10,12
"COG0118",29,26,30,23,23,15,23,26,22,27,21,26,27,22,17,20,31,28,16,29,33,30,22,17,26,22,15,27,34,17,28,16,23,25,19,17,19,18,25,14,20,26,21,28,18,25,29,35,28,24,34,22,25,14,17,26,18,23,35,31
"COG0119",126,92,117,121,130,108,121,91,124,89,93,110,101,109,122,83,103,81,97,97,123,114,60,78,92,134,109,182,102,117,104,88,141,111,100,109,89,128,169,89,127,99,134,127,109,124,126,136,73,119,109,113,109,98,85,125,127,122,105,107
"COG0120",0,11,4,3,11,7,1,4,5,9,3,4,2,2,1,14,4,11,2,7,2,3,20,13,20,10,7,2,9,3,5,13,2,2,6,4,6,3,0,17,1,20,6,0,4,14,16,2,17,7,4,3,6,15,9,12,11,6,29,2
"COG0121",0,0,0,0,1,7,0,0,0,0,2,0,0,0,0,0,0,2,0,1,0,0,2,10,1,0,0,0,1,0,0,0,0,0,0,0,0,1,0,2,0,0,1,1,0,0,0,0,0,0,1,0,0,2,0,0,0,0,4,0
"COG0122",5,18,14,16,3,13,1,19,11,20,17,9,16,11,13,9,19,29,32,11,14,15,17,14,26,2,12,9,17,9,19,14,21,2,12,11,25,6,3,5,8,13,14,14,13,9,17,14,8,11,9,7,12,36,5,6,18,29,4,10
"COG0123",0,0,0,0,1,6,0,2,2,7,2,5,8,3,1,4,0,3,1,1,2,1,2,0,2,2,2,1,0,0,4,2,2,2,3,6,2,0,1,0,2,1,1,2,1,0,0,2,1,2,2,0,1,2,0,5,2,0,1,3
"COG0124",61,57,72,64,54,36,65,63,63,80,67,84,67,59,38,43,57,75,62,62,46,63,66,25,56,49,59,68,58,48,62,46,54,63,69,43,79,62,60,44,76,68,49,53,71,63,66,51,60,68,67,62,65,95,46,71,65,54,73,53
"COG0125",8,8,20,11,6,15,8,18,7,24,14,11,12,25,9,5,23,31,27,13,11,10,22,10,28,8,18,19,9,10,23,1,26,5,10,15,7,16,6,9,12,15,18,3,11,3,10,17,1,6,6,15,7,30,2,2,13,7,37,16
"COG0126",63,32,61,53,40,39,53,66,38,67,47,50,54,73,42,42,56,67,49,54,55,49,60,40,51,39,65,61,53,56,56,47,63,66,56,43,48,51,64,49,52,81,58,42,63,33,44,48,33,37,43,33,52,67,30,46,51,61,51,68
"COG0127",42,31,40,36,21,26,27,34,19,45,33,26,24,31,18,27,43,40,46,36,22,40,37,16,30,34,27,27,29,27,34,27,40,39,19,39,35,36,38,26,53,47,34,36,28,27,22,40,25,22,37,34,29,44,27,31,26,38,49,26
"COG0128",61,42,63,49,22,46,62,34,50,39,54,41,54,55,61,46,37,45,70,40,41,42,43,29,42,44,59,55,50,62,52,40,44,58,45,46,60,65,42,31,46,43,47,36,53,28,30,41,32,46,41,58,43,54,59,43,41,42,54,56
"COG0129",84,80,89,61,53,73,101,55,66,67,69,77,85,79,122,75,68,54,61,77,80,63,91,91,65,66,94,51,74,98,72,68,75,96,70,60,100,110,91,50,70,95,95,69,91,68,66,49,62,107,104,86,64,57,77,91,63,136,69,99
"COG0130",39,30,39,46,20,35,34,43,28,45,47,31,38,54,40,36,44,51,37,30,38,37,37,18,49,33,32,33,48,31,45,28,38,42,24,57,37,26,39,26,33,51,32,27,42,25,40,42,18,32,36,20,29,56,27,28,50,33,58,50
"COG0131",42,33,30,19,34,35,45,21,22,20,33,38,32,41,31,25,26,19,25,25,31,37,16,24,25,22,47,31,31,39,22,20,37,54,29,32,27,27,50,36,24,35,41,24,39,25,35,42,26,31,30,35,33,26,31,22,29,24,27,43
"COG0132",0,4,4,4,6,5,6,0,8,3,3,7,8,4,9,8,5,3,2,5,10,3,5,5,9,6,4,2,2,2,17,26,6,7,7,11,16,8,16,18,6,17,12,11,19,21,10,18,15,11,18,17,21,7,30,17,18,13,14,11
"COG0133",60,34,50,35,30,32,66,27,52,20,41,35,35,41,54,21,37,26,20,34,29,36,41,26,40,34,31,31,49,39,28,38,29,43,46,38,32,28,49,29,28,48,31,43,43,30,32,39,23,41,47,45,35,49,23,41,26,25,62,51
"COG0134",30,26,32,20,18,21,41,22,27,27,37,26,36,29,34,22,18,20,18,18,32,24,35,14,31,28,19,30,25,21,29,23,22,25,23,29,23,22,32,22,12,41,39,31,30,18,17,20,19,37,32,27,24,14,24,26,24,30,50,37
"COG0135",16,13,17,11,14,13,21,9,13,13,20,10,25,27,10,6,25,14,12,5,21,19,15,22,30,7,19,7,22,13,25,12,9,13,24,32,14,21,30,11,21,23,13,16,15,7,16,9,18,9,11,14,17,16,11,7,10,8,50,19
"COG0136",61,29,47,49,41,44,47,43,39,43,46,45,50,58,39,34,51,67,52,38,46,42,51,37,47,33,51,51,48,52,42,42,42,56,25,53,46,38,53,39,51,58,48,35,45,23,34,45,29,51,44,21,39,45,39,38,48,44,68,47
"COG0137",68,63,77,42,39,43,70,32,60,52,57,65,52,74,53,49,52,44,59,55,60,68,55,32,54,53,61,54,57,59,44,45,73,46,48,43,70,54,66,47,59,63,60,41,74,39,41,62,35,62,56,65,54,49,55,45,60,65,44,54
"COG0138",105,71,90,76,76,44,68,80,88,63,65,68,73,78,62,72,44,55,59,53,63,82,70,29,63,68,75,57,83,85,65,103,71,101,88,70,61,90,121,71,78,100,76,65,75,83,69,69,65,79,64,80,80,50,80,78,75,64,58,88
"COG0139",26,35,23,28,25,35,35,35,30,26,31,30,30,30,36,23,32,21,11,42,27,32,17,16,18,20,31,37,37,34,29,36,29,28,43,26,29,39,32,24,38,35,17,36,28,31,24,33,27,21,36,34,42,15,43,29,31,37,27,27
"COG0140",16,20,17,27,21,23,24,27,27,28,25,34,19,24,27,37,13,37,7,35,27,22,12,13,14,20,27,22,22,26,27,26,20,27,25,25,39,22,35,34,36,22,25,30,45,24,21,31,27,29,42,35,33,13,36,36,25,25,17,26
"COG0141",61,44,59,45,44,41,55,37,48,53,52,49,56,49,51,43,40,35,34,39,37,51,33,24,34,44,31,37,51,54,46,37,47,31,53,39,39,44,64,31,43,58,46,55,54,42,41,45,35,46,40,38,45,31,60,42,44,33,58,54
"COG0142",96,44,75,61,73,70,108,86,66,56,48,64,70,72,48,76,58,61,58,67,67,105,52,33,60,42,67,32,49,51,54,81,55,97,57,80,78,56,102,60,48,108,54,68,55,63,50,38,65,69,64,83,77,35,59,62,50,59,75,90
"COG0143",104,90,98,107,44,72,105,100,81,105,94,70,84,88,80,71,81,104,114,86,97,107,106,37,122,79,85,107,83,94,87,54,110,135,86,104,78,78,95,50,82,106,74,66,80,67,83,86,46,107,49,67,77,109,55,77,79,81,108,118
"COG0144",49,79,52,65,49,64,65,70,55,78,118,58,66,69,98,66,75,86,87,77,55,58,97,52,102,53,69,94,102,71,62,48,81,64,46,55,75,80,45,51,68,80,74,64,70,60,62,74,61,62,57,49,66,84,67,47,62,96,45,69
"COG0145",0,2,3,8,3,2,2,2,7,8,8,7,11,5,27,4,1,3,3,7,5,6,7,28,1,5,8,6,5,1,5,11,4,2,3,1,3,3,4,7,4,2,3,0,1,6,1,5,10,5,3,0,4,8,2,2,4,2,38,6
"COG0146",1,1,0,2,1,1,1,0,1,0,2,2,2,1,3,0,0,1,1,0,1,1,0,3,1,0,0,1,2,0,1,3,1,0,0,1,2,2,0,0,1,0,1,1,1,0,0,0,0,0,0,0,0,1,0,0,0,0,0,0
"COG0147",74,68,56,62,65,68,124,54,78,64,60,94,58,51,54,65,41,45,36,81,62,63,77,57,57,53,54,57,58,81,61,65,66,92,80,65,72,65,68,59,61,58,57,77,68,104,58,68,74,66,94,86,74,38,93,82,64,52,77,73
"COG0148",50,66,81,63,72,57,45,78,79,57,83,83,53,64,62,46,73,57,57,62,75,66,67,58,57,55,78,74,74,60,59,49,74,47,59,54,60,81,58,57,76,79,76,54,84,39,57,55,42,69,58,56,65,67,46,56,47,72,63,73
"COG0149",11,37,22,40,28,28,19,26,33,30,29,44,34,38,26,28,43,50,59,34,36,39,46,30,49,33,35,42,39,40,37,29,48,14,36,24,21,31,27,31,34,48,37,34,41,25,49,42,29,28,31,25,38,48,28,31,27,43,52,38
"COG0150",11,20,22,22,13,20,7,29,15,16,16,22,17,16,20,21,10,14,14,13,13,15,21,7,16,12,16,10,11,17,45,36,54,72,43,49,57,40,55,21,50,64,47,46,55,38,36,57,32,50,52,39,43,41,35,56,40,55,40,51
"COG0151",56,44,57,51,45,53,63,47,50,46,58,59,49,56,38,27,52,44,40,50,49,65,69,34,52,45,53,48,57,55,66,26,46,63,44,52,45,50,48,39,31,61,41,47,68,27,51,60,20,60,53,37,36,36,33,38,47,57,46,57
"COG0152",43,40,54,43,29,31,33,45,39,31,49,43,36,45,39,28,45,39,46,32,50,48,49,17,37,34,52,32,39,37,34,38,51,43,37,47,55,34,31,36,49,43,44,28,42,26,37,45,29,41,48,53,40,37,27,45,36,48,36,52
"COG0153",56,71,69,81,51,53,65,124,48,39,60,50,55,48,56,54,59,58,61,49,53,65,44,29,63,47,58,58,62,67,48,41,59,62,52,61,67,56,62,35,54,47,54,49,59,44,44,63,48,55,54,51,64,41,54,43,38,51,54,42
"COG0154",8,26,21,35,4,17,9,37,28,41,41,10,19,50,54,8,32,47,29,26,16,26,62,12,59,17,21,48,37,23,38,4,39,8,30,24,14,22,14,11,29,67,29,23,24,6,30,28,15,14,15,14,29,53,11,14,22,26,59,10
"COG0155",0,7,7,0,0,12,0,0,6,5,7,0,1,2,13,12,0,2,1,1,1,2,16,32,13,3,11,3,6,1,1,5,2,3,2,1,5,2,0,9,0,5,20,3,1,4,2,9,1,2,7,2,5,2,4,6,1,7,8,5
"COG0156",58,136,95,55,104,105,91,84,97,101,37,126,123,68,34,96,46,38,58,97,115,72,13,40,20,69,137,41,40,97,65,151,59,63,77,76,127,109,91,87,50,49,68,53,96,107,62,61,273,122,116,126,93,53,262,129,84,49,16,81
"COG0157",50,26,39,46,32,24,44,56,42,37,33,29,25,27,39,37,49,21,16,28,37,52,19,22,27,21,32,31,30,37,32,23,38,64,40,39,33,27,42,23,29,38,35,35,29,32,27,35,28,44,39,24,32,21,35,40,34,25,16,41
"COG0158",1,1,0,1,1,8,0,1,0,2,3,1,3,1,1,3,0,2,0,2,0,1,6,22,1,0,1,1,0,0,1,3,1,1,1,3,3,2,1,2,1,0,6,1,2,0,1,2,0,2,1,1,1,3,3,2,1,0,2,1
"COG0159",47,26,32,18,26,30,56,21,38,22,25,24,27,24,33,31,22,28,25,21,24,24,33,28,18,22,23,23,29,24,26,28,34,31,40,28,17,30,33,23,20,39,22,43,28,30,14,33,23,20,31,29,11,26,21,19,13,30,32,39
"COG0160",1,5,6,7,2,30,6,23,2,2,12,8,4,11,8,5,6,11,8,3,2,10,12,19,18,0,9,16,5,11,11,1,11,1,8,9,4,6,2,4,3,18,16,1,22,3,2,13,5,2,1,5,9,7,4,2,3,6,46,5
"COG0161",1,31,21,26,43,45,16,21,53,34,16,60,28,28,23,48,10,8,13,46,53,9,12,26,10,42,54,11,11,37,18,45,18,10,27,33,42,46,28,45,13,16,26,14,41,45,23,32,35,51,63,31,24,13,37,51,47,20,6,41
"COG0162",82,46,59,62,47,56,78,55,53,83,67,70,57,64,64,35,66,61,66,49,40,68,70,38,67,42,54,72,56,45,51,31,65,72,49,55,55,62,70,34,58,53,67,50,68,31,54,38,30,61,50,48,62,48,38,60,66,53,79,53
"COG0163",1,0,6,3,5,5,9,3,4,9,6,3,10,8,5,4,3,3,4,3,2,1,1,17,12,3,8,7,4,5,14,3,0,4,3,3,2,2,2,5,8,2,8,0,4,3,1,4,1,4,3,1,6,6,1,4,6,8,5,7
"COG0164",43,19,29,31,21,31,38,34,23,33,31,23,29,33,24,27,36,38,29,29,41,43,38,12,27,28,28,38,21,26,35,26,34,56,28,30,30,26,35,24,39,24,29,31,34,22,27,30,28,36,40,32,43,38,30,28,26,26,34,33
"COG0165",85,60,61,55,57,61,74,26,47,54,63,50,47,82,75,59,46,51,58,48,55,74,63,38,49,53,53,47,75,55,19,15,25,29,17,17,24,26,29,21,29,26,16,21,24,14,11,19,21,26,18,13,15,15,19,19,28,14,23,24
"COG0166",92,59,68,62,59,55,82,70,71,69,57,76,82,80,67,50,74,73,84,75,72,72,88,67,73,46,65,68,76,56,70,41,63,63,70,78,81,61,61,59,75,80,60,52,55,53,50,59,41,70,64,68,55,54,56,61,59,75,79,63
"COG0167",35,69,60,60,78,57,61,64,73,82,65,66,66,62,60,75,58,61,46,53,85,46,71,40,62,60,51,58,50,78,52,83,67,49,54,61,59,71,82,71,42,64,59,57,75,69,55,73,71,63,78,83,70,46,78,84,76,66,128,94
"COG0168",71,121,149,126,107,108,106,104,126,137,180,140,133,172,147,136,121,105,156,145,114,113,146,65,137,114,132,122,131,150,124,159,148,102,124,120,152,152,127,102,126,132,119,133,133,143,117,123,139,127,150,143,136,115,129,133,114,166,110,162
"COG0169",47,42,46,41,30,65,50,58,36,50,55,50,47,65,67,30,38,41,67,36,41,39,67,58,56,28,39,48,53,39,40,31,42,49,49,45,41,48,37,20,42,47,28,65,56,44,34,42,42,32,24,28,31,41,37,37,38,54,52,58
"COG0170",0,0,0,0,1,0,0,0,0,0,0,0,0,1,0,0,1,0,0,0,0,0,0,0,0,0,0,3,0,0,0,0,0,0,0,0,0,0,0,0,0,0,0,0,0,0,0,0,0,0,0,0,0,1,0,0,0,0,0,0
"COG0171",16,23,38,24,27,19,21,24,18,21,22,18,23,27,25,16,28,27,32,18,26,20,28,11,14,22,19,26,27,16,76,33,52,102,53,58,60,100,82,50,71,99,90,60,54,53,65,76,37,65,51,60,78,61,40,47,65,52,72,88
"COG0172",54,58,51,76,36,54,51,66,46,73,59,50,71,56,58,48,67,83,80,39,53,60,71,28,88,42,55,60,79,47,50,31,76,57,53,77,59,57,69,40,80,77,47,37,59,37,50,51,44,64,46,65,57,86,45,47,63,62,67,55
"COG0173",69,76,80,94,63,60,62,102,74,100,79,69,70,95,90,66,97,99,114,79,85,97,103,34,69,59,100,119,78,75,95,58,115,93,68,56,52,104,57,53,87,72,79,73,74,65,61,89,52,79,80,48,67,122,62,55,77,70,84,85
"COG0174",3,51,32,26,26,49,21,23,30,34,57,36,43,34,50,34,36,38,40,43,42,27,61,69,80,33,39,33,53,29,25,38,35,12,38,32,46,56,15,24,35,63,32,62,41,24,46,55,49,38,27,33,45,29,26,24,52,44,98,33
"COG0175",5,41,39,43,42,48,15,38,24,30,27,39,19,18,41,53,31,36,33,41,40,40,13,39,12,14,43,36,34,29,40,50,40,38,32,31,37,43,26,41,39,22,58,44,30,41,30,36,45,32,65,83,35,41,55,59,18,64,19,33
"COG0176",3,20,13,21,31,30,9,11,23,21,27,33,24,11,27,28,15,30,25,31,15,20,52,83,38,39,29,26,31,26,23,32,20,7,49,24,39,29,7,34,18,30,35,40,29,24,21,29,25,27,46,24,27,22,27,35,15,30,51,9
"COG0177",35,35,32,26,22,30,28,24,27,21,35,26,31,33,34,36,38,41,36,29,31,36,30,22,38,36,40,30,27,29,39,26,40,39,32,32,45,42,41,27,49,46,36,25,27,25,31,34,31,29,38,27,24,48,26,22,25,36,26,30
"COG0178",227,167,241,185,139,148,208,179,157,215,166,190,204,213,151,159,189,169,188,144,176,199,143,66,150,130,172,159,170,163,191,144,202,286,161,165,168,178,194,104,190,216,161,133,171,144,153,154,148,172,151,139,183,187,161,168,191,150,204,219
"COG0179",29,20,29,18,30,26,28,27,19,30,16,26,18,21,11,12,21,16,10,33,21,22,14,17,18,18,19,14,11,20,23,10,21,38,21,23,28,19,37,18,32,14,26,10,19,17,18,22,29,17,31,17,22,10,26,17,17,24,31,23
"COG0180",53,60,60,50,55,42,52,59,55,62,54,45,60,53,46,45,64,69,58,55,36,63,57,26,65,34,47,54,56,47,56,30,53,73,54,66,53,53,47,59,48,67,54,52,51,37,42,54,34,59,53,52,48,71,57,47,55,49,76,48
"COG0181",1,12,10,10,0,17,3,2,12,3,27,6,4,16,9,5,18,5,10,6,9,13,15,21,7,5,10,13,10,4,12,5,10,4,9,12,13,13,7,8,9,8,16,27,6,2,7,7,10,5,13,5,8,14,7,6,9,8,10,9
"COG0182",6,5,5,17,4,10,2,7,5,14,3,5,17,25,8,10,4,26,9,11,10,9,11,10,2,6,6,6,1,7,10,11,12,5,4,4,4,7,2,2,6,12,18,7,5,4,6,13,5,3,3,6,11,15,0,6,7,0,5,12
"COG0183",3,24,15,18,13,42,19,18,9,18,23,18,17,20,18,12,18,30,13,17,19,14,31,77,55,15,21,38,24,15,25,12,31,7,19,27,21,26,2,23,19,40,46,13,20,6,18,34,13,30,9,11,8,17,4,16,12,24,14,17
"COG0184",21,19,17,17,13,10,20,26,19,7,19,17,14,13,17,10,15,25,11,24,13,15,20,8,12,16,14,14,21,15,22,20,16,12,14,23,28,18,17,19,29,22,12,25,15,17,14,17,23,14,21,24,23,14,19,17,19,12,20,16
"COG0185",10,22,22,18,11,11,13,27,24,22,18,13,23,24,21,17,18,19,21,15,24,21,22,14,26,16,13,22,19,10,19,14,17,8,23,23,13,22,13,3,18,14,14,19,19,13,7,12,21,18,17,24,25,24,15,18,15,25,29,19
"COG0186",28,16,18,16,11,9,20,19,15,28,23,15,21,21,15,18,21,30,28,11,17,29,25,10,21,9,19,21,24,19,19,15,26,19,14,20,8,17,17,11,23,23,27,18,15,14,10,13,20,10,11,11,21,30,12,13,19,14,24,15
"COG0187",67,65,45,70,34,46,51,72,43,60,65,49,52,55,72,54,52,59,63,58,56,50,70,43,63,45,57,51,61,46,163,124,217,251,148,169,163,190,171,122,224,177,148,155,151,116,146,164,108,183,150,119,155,217,137,126,175,176,156,221
"COG0188",239,202,236,231,144,164,214,209,195,217,212,184,184,200,191,181,208,258,248,166,219,213,227,92,240,153,200,220,230,172,215,117,260,248,163,165,202,237,202,127,256,228,180,155,184,133,171,206,141,198,153,155,167,260,167,166,186,204,267,231
"COG0189",5,7,3,5,16,4,2,7,4,4,8,4,5,8,1,13,3,7,5,5,7,0,8,25,3,3,8,7,3,1,1,2,5,2,1,1,1,2,0,5,12,2,10,1,2,2,4,3,1,4,0,2,2,3,1,2,3,0,0,3
"COG0190",58,48,42,40,53,40,64,37,50,48,54,48,43,46,39,27,41,51,56,37,59,44,53,29,39,35,44,42,33,51,44,29,57,49,38,40,54,53,45,20,37,46,40,26,52,29,42,50,31,51,48,54,33,47,20,44,32,47,52,34
"COG0191",72,66,50,49,53,53,92,68,44,57,57,39,46,82,63,54,77,73,77,55,58,57,83,126,109,33,60,65,80,56,45,39,60,69,49,89,67,45,66,68,48,69,58,71,65,53,35,62,62,47,41,67,57,73,47,48,41,59,86,51
"COG0192",94,51,78,76,27,79,108,64,87,74,63,85,51,68,66,59,80,58,76,69,77,89,54,35,55,63,83,79,84,83,75,35,77,89,69,72,73,73,65,43,68,70,60,82,70,49,68,79,66,59,73,69,76,96,47,55,65,59,60,79
"COG0193",21,26,33,32,20,28,21,42,20,47,33,29,32,32,24,27,34,41,37,21,30,21,38,28,35,20,27,32,31,21,37,25,28,42,31,23,35,28,40,20,25,40,27,32,24,16,24,44,22,34,32,29,29,34,21,18,35,36,27,24
"COG0194",31,50,44,55,35,35,27,45,27,44,53,39,49,32,52,16,45,49,31,29,38,57,68,24,61,56,38,40,65,40,36,33,43,41,42,33,32,41,47,21,39,70,44,69,50,21,33,63,39,40,35,46,45,43,39,34,34,39,57,39
"COG0195",71,56,69,86,42,41,82,69,62,66,65,39,54,92,48,71,59,72,78,66,47,73,56,43,66,60,45,59,50,56,68,64,68,78,65,63,61,62,74,36,67,73,65,41,60,52,46,52,51,45,63,51,63,61,71,62,51,56,59,54
"COG0196",61,49,34,47,33,38,39,45,36,38,36,36,33,40,24,22,57,51,62,23,34,50,48,29,52,20,29,42,44,31,37,38,50,69,27,38,32,39,46,44,40,49,44,44,33,19,36,43,22,34,28,19,42,45,21,25,29,44,45,39
"COG0197",37,36,28,37,18,16,21,43,29,47,40,26,34,27,26,33,26,44,28,30,17,27,23,21,31,19,21,33,34,28,32,13,32,33,28,25,25,24,35,15,26,23,30,30,25,24,28,32,27,28,35,31,30,32,25,30,23,38,22,26
"COG0198",22,12,19,23,16,15,20,27,13,13,22,12,13,32,24,10,30,27,21,16,15,24,19,16,26,13,15,21,33,11,28,19,20,20,19,11,10,13,25,15,24,27,14,23,17,15,18,26,18,9,13,9,18,22,9,14,23,17,20,8
"COG0199",24,9,12,6,15,14,13,17,10,12,10,15,16,14,4,14,15,17,8,9,16,15,4,11,8,15,17,16,12,11,21,15,8,19,12,20,6,6,7,20,22,16,8,13,4,13,8,12,19,7,6,12,8,8,13,8,13,12,9,18
"COG0200",24,31,21,30,22,19,19,37,10,31,27,16,23,34,28,34,32,32,24,22,38,24,20,14,29,16,25,31,19,37,32,17,29,23,38,24,18,31,25,23,26,28,21,38,27,31,23,36,20,17,29,33,29,37,29,19,28,23,33,22
"COG0201",66,54,72,85,36,59,61,87,50,77,90,56,64,92,58,62,67,93,80,51,57,75,101,60,67,55,83,81,92,62,57,55,68,65,53,57,61,56,75,42,76,71,65,104,53,61,65,58,56,66,52,47,58,94,63,35,62,67,79,68
"COG0202",52,56,45,63,46,30,60,58,36,59,63,43,42,57,66,33,56,66,70,44,55,70,53,21,44,55,53,41,51,35,58,29,51,51,46,48,53,39,43,32,54,39,47,57,61,35,47,53,33,51,33,56,54,61,37,31,43,50,52,39
"COG0203",27,27,23,28,17,10,20,44,25,30,26,21,19,23,15,15,28,31,24,35,22,33,27,9,31,18,21,28,24,18,29,11,32,31,29,27,26,29,20,15,25,20,29,33,25,6,19,39,14,17,24,23,17,29,15,27,20,23,19,11
"COG0204",71,74,64,87,94,85,65,64,76,91,83,74,77,71,74,111,64,81,70,80,58,91,69,76,82,94,80,73,69,83,73,108,59,76,108,77,69,100,80,79,81,70,94,88,63,117,88,58,86,93,74,94,104,70,118,105,81,76,75,71
"COG0205",129,170,180,161,143,146,158,153,177,137,175,171,156,160,137,163,161,106,145,177,161,151,120,75,134,133,173,145,184,206,118,131,161,121,169,142,216,175,188,104,138,136,144,159,171,146,152,164,143,185,181,198,146,113,183,157,158,206,67,169
"COG0206",32,15,14,29,10,21,24,31,28,35,26,16,14,19,17,19,19,23,26,23,20,31,22,13,15,6,16,22,32,20,80,37,55,92,60,66,69,63,72,52,48,69,46,54,55,54,35,43,45,69,34,51,54,61,50,68,50,83,68,67
"COG0207",9,30,26,39,39,29,8,33,50,34,23,55,40,28,20,37,44,33,28,43,28,31,39,30,22,44,41,22,23,27,39,27,50,29,37,27,25,27,29,36,26,26,46,42,41,52,17,46,37,35,41,50,45,36,39,43,25,25,49,40
"COG0208",4,15,13,13,20,25,11,7,13,16,29,14,17,22,12,34,14,16,3,18,7,15,35,38,32,10,19,18,12,7,21,16,6,27,22,15,22,14,12,15,11,17,28,9,14,23,6,11,26,20,18,27,9,14,26,24,11,26,54,7
"COG0209",18,57,54,75,92,83,27,83,85,56,39,114,59,51,36,104,44,36,37,56,72,40,85,96,60,52,90,56,18,62,47,82,80,90,69,71,70,59,64,80,39,55,62,40,74,89,57,53,67,84,72,92,72,54,88,114,57,72,121,70
"COG0210",147,162,187,206,202,194,129,209,155,228,229,152,163,221,182,168,254,241,206,182,156,204,184,173,264,251,151,191,217,192,186,157,182,188,139,199,177,157,148,256,251,178,196,185,159,166,160,177,221,141,228,217,143,211,122,129,161,193,384,163
"COG0211",18,11,11,15,9,12,14,25,8,16,14,3,17,10,16,16,15,16,12,13,11,14,11,8,18,8,12,17,13,12,16,12,13,3,15,10,7,16,12,8,17,17,8,18,11,10,10,15,17,9,5,16,15,18,12,9,13,12,26,12
"COG0212",31,29,33,25,21,20,24,22,23,23,28,32,34,42,21,33,18,28,35,25,26,20,32,15,35,22,30,20,28,21,33,22,28,33,26,22,20,26,24,17,29,29,13,35,25,27,19,18,22,30,35,26,32,17,28,20,23,35,55,38
"COG0213",3,9,11,21,5,11,16,33,6,22,22,14,13,32,24,6,28,46,44,7,9,12,35,36,16,4,6,25,15,11,16,0,19,2,7,16,8,13,8,7,19,19,24,12,12,2,12,14,3,14,1,3,12,39,6,2,5,18,9,10
"COG0214",41,13,20,22,2,8,38,33,12,10,11,3,11,13,32,5,11,6,20,5,3,26,24,5,15,1,8,18,27,12,12,5,12,40,17,5,10,9,22,4,14,15,6,20,14,6,14,10,6,9,5,8,3,5,1,2,7,3,39,10
"COG0215",54,69,54,51,39,72,101,57,42,88,63,73,66,76,60,65,70,95,95,56,57,81,69,27,73,54,70,74,64,67,58,52,69,88,64,53,78,71,79,68,76,60,46,57,65,43,65,66,47,76,61,46,64,89,57,76,65,81,100,100
"COG0216",45,43,61,61,24,36,37,77,43,61,47,43,44,54,50,25,64,56,53,41,48,56,45,36,50,44,58,54,50,40,44,30,43,59,36,48,59,53,36,36,38,79,39,39,56,27,34,55,27,49,46,33,47,55,27,38,44,46,55,42
"COG0217",53,34,52,52,30,23,35,48,33,47,38,46,37,41,15,32,51,41,44,32,40,48,33,26,30,29,40,38,26,49,37,17,37,39,33,30,31,45,40,31,38,36,44,38,41,28,42,39,27,36,36,32,31,40,31,40,28,27,47,35
"COG0218",40,27,32,25,19,21,22,38,26,19,24,13,38,37,31,16,31,32,36,22,25,33,34,27,17,27,24,31,27,18,32,28,24,23,24,31,24,20,27,19,28,37,24,26,18,20,19,26,16,15,16,18,17,30,30,25,19,23,16,16
"COG0219",3,19,14,23,4,8,10,25,7,22,18,9,12,11,19,6,33,28,26,18,8,10,39,21,31,5,12,27,32,17,8,1,17,3,18,10,13,14,7,3,18,21,13,20,6,4,9,19,8,6,7,9,7,14,6,6,17,21,24,6
"COG0220",18,36,27,45,27,31,41,43,34,34,42,34,42,33,39,25,38,36,26,35,38,40,34,21,48,33,45,39,42,44,32,20,34,33,32,29,41,26,34,34,35,29,30,35,42,31,35,39,32,29,35,41,33,35,25,28,38,35,51,29
"COG0221",4,7,7,17,5,8,3,8,6,28,12,5,8,10,10,4,17,18,19,4,6,18,3,9,17,10,6,5,11,8,1,0,2,1,2,3,2,8,0,0,3,1,3,2,3,3,2,6,2,0,0,3,3,7,0,1,2,5,8,1
"COG0222",14,14,16,29,15,20,12,24,9,17,17,10,14,20,17,10,14,20,30,16,16,19,21,17,20,13,13,37,22,19,13,11,22,18,12,15,14,14,11,13,19,22,23,21,17,14,16,29,13,7,14,13,15,24,17,10,20,12,20,18
"COG0223",36,42,54,50,38,53,64,40,61,57,52,36,44,52,54,56,48,55,47,59,33,47,57,63,50,47,41,47,40,53,12,8,13,23,18,17,16,19,15,10,13,20,16,30,9,14,14,11,14,10,16,18,15,31,13,15,13,15,13,10
"COG0224",59,55,43,66,34,35,46,58,49,48,47,49,52,55,85,36,58,33,36,45,45,65,62,32,71,51,43,60,72,75,51,31,68,58,51,39,56,67,54,25,59,76,57,64,61,41,49,48,44,40,52,45,52,33,43,60,42,75,52,50
"COG0225",9,11,39,12,28,22,19,8,15,13,10,18,24,27,6,23,15,9,20,21,15,12,17,22,8,19,8,2,11,10,15,21,12,9,15,18,16,19,18,20,6,8,22,8,11,30,21,8,42,12,30,28,19,18,37,25,15,18,12,14
"COG0226",54,56,52,61,50,57,47,44,53,45,66,45,42,44,52,67,51,40,57,57,65,57,39,46,67,42,39,45,49,53,53,55,53,66,59,50,56,44,50,47,57,60,61,40,52,43,53,51,57,48,40,61,60,52,57,48,43,63,68,68
"COG0227",12,11,15,6,6,12,12,8,7,16,7,12,14,4,4,7,11,11,6,7,15,8,5,8,8,5,5,5,5,14,7,5,7,12,7,16,6,8,16,11,17,9,8,10,7,7,9,7,11,4,7,6,13,6,10,10,7,12,10,5
"COG0228",10,7,12,20,14,7,9,25,13,16,15,13,10,14,9,9,17,19,10,11,16,14,18,12,25,6,12,22,8,21,10,11,16,10,12,9,11,15,21,11,13,18,15,12,16,5,10,13,13,11,12,8,12,23,8,12,13,13,37,17
"COG0229",2,4,12,8,12,6,5,6,13,11,8,12,12,12,1,16,3,8,20,7,10,6,20,10,5,7,7,0,3,8,2,32,0,0,8,5,10,7,7,23,6,10,8,7,10,21,9,7,25,3,16,9,8,12,28,23,14,7,5,8
"COG0230",0,6,3,5,6,1,3,10,1,2,4,8,6,6,6,7,7,8,4,12,9,9,5,3,8,10,6,7,1,8,10,7,4,0,3,13,4,4,5,3,4,5,5,8,3,9,6,6,8,2,6,5,12,5,12,6,5,2,4,5
"COG0231",31,30,34,30,35,32,29,49,36,35,40,39,41,39,24,33,36,48,40,30,20,35,33,27,39,23,23,43,28,22,35,32,34,39,28,23,33,22,52,18,34,39,41,32,28,27,38,24,19,27,36,38,29,27,32,32,37,28,38,33
"COG0232",66,42,65,63,29,68,89,57,46,58,57,67,33,50,44,44,65,49,72,47,54,55,27,57,32,33,30,74,51,53,63,33,47,74,33,53,62,57,68,38,117,44,49,69,59,43,44,61,39,43,53,52,53,58,56,49,50,49,33,41
"COG0233",26,32,30,39,15,25,34,41,25,27,25,20,33,35,34,44,39,40,38,52,39,37,32,13,27,33,39,33,21,43,36,24,25,36,27,32,33,37,40,21,40,29,24,29,24,35,30,37,32,36,41,38,36,45,28,37,27,34,28,38
"COG0234",10,20,16,13,19,15,14,18,18,19,19,20,17,12,20,8,16,22,19,14,15,14,20,15,24,11,19,24,23,17,21,8,12,15,22,9,13,11,24,9,16,17,13,15,16,9,14,26,24,12,19,12,31,20,15,16,19,12,20,12
"COG0235",67,57,69,59,53,99,91,42,62,51,47,80,44,53,65,53,54,63,54,63,53,61,57,115,62,62,62,38,65,66,57,61,58,86,79,68,64,36,47,74,66,34,52,40,64,68,70,76,73,50,74,69,43,46,58,77,50,41,37,59
"COG0236",20,36,21,24,20,19,29,28,19,20,33,21,20,27,30,23,31,33,13,36,18,27,23,14,25,23,13,33,27,24,39,13,36,12,30,26,30,32,20,11,27,19,24,35,18,20,18,25,31,26,25,30,25,22,30,14,16,29,7,12
"COG0237",23,19,33,26,27,22,35,36,19,29,27,30,24,29,23,16,34,15,33,26,22,29,24,11,28,25,31,32,24,22,14,18,31,30,24,28,27,16,21,34,29,18,17,31,32,15,26,39,25,24,34,28,20,31,21,19,26,22,41,30
"COG0238",11,12,17,15,11,7,14,21,9,14,12,9,8,15,10,10,19,18,8,12,14,11,11,9,18,11,7,12,14,3,10,11,10,9,14,15,15,13,21,10,12,16,9,21,10,7,6,12,8,6,4,6,6,20,4,5,10,9,15,14
"COG0239",3,17,11,5,14,12,5,4,14,4,9,16,13,8,5,14,7,2,8,13,7,3,17,18,19,11,7,8,1,14,5,8,9,2,13,6,9,14,5,12,2,26,12,10,6,22,12,19,17,13,17,19,14,4,7,15,11,8,33,10
"COG0240",43,41,48,56,34,45,50,55,29,52,50,48,61,48,43,42,59,57,54,38,59,50,45,36,38,28,50,60,49,46,37,41,48,68,36,50,39,40,50,40,50,47,42,44,37,44,40,54,30,43,47,37,45,38,43,58,48,52,58,47
"COG0241",50,34,28,17,38,26,31,14,37,27,27,21,38,39,30,39,24,15,5,33,33,57,7,37,4,19,40,22,13,24,34,39,18,40,31,23,28,28,38,37,31,26,15,24,33,42,40,28,40,42,40,40,32,25,54,41,30,28,1,42
"COG0242",39,37,34,31,28,32,36,39,29,49,51,37,44,49,50,27,45,49,58,40,25,32,57,17,78,36,45,46,49,51,34,27,51,25,43,24,36,32,35,21,31,45,33,41,36,28,32,35,25,26,29,37,33,34,29,30,41,46,93,25
"COG0243",14,22,6,17,47,148,6,16,22,39,12,35,31,40,19,45,8,46,24,30,15,11,57,392,38,15,39,8,14,4,20,38,4,38,21,42,43,52,22,57,26,43,91,12,40,17,9,8,39,26,30,27,25,61,55,38,11,16,54,24
"COG0244",2,32,19,21,8,22,15,27,22,25,21,10,16,27,19,29,27,40,31,15,27,27,32,25,50,10,23,26,38,28,28,16,22,5,30,32,20,25,27,9,16,31,30,15,15,13,13,27,15,12,16,23,27,29,14,17,17,17,35,15
"COG0245",45,23,35,37,25,21,39,37,17,29,31,26,43,24,21,26,29,24,27,34,27,39,16,13,23,27,29,25,24,37,30,30,32,32,31,22,35,28,29,16,31,26,37,28,29,26,20,39,23,41,18,39,25,21,46,32,39,40,27,26
"COG0246",157,62,105,67,71,92,159,49,61,52,85,62,52,57,75,53,60,62,41,69,60,63,69,121,68,87,51,40,114,77,62,68,68,64,65,58,72,41,131,64,108,103,79,84,54,75,86,54,54,72,47,40,49,30,47,47,50,104,46,72
"COG0247",37,29,40,27,51,52,40,21,48,29,26,65,62,29,21,25,33,32,37,46,45,37,41,66,3,23,60,39,30,68,27,39,22,55,31,39,42,40,46,54,26,44,46,18,61,26,29,59,40,64,45,36,55,36,48,57,51,25,19,53
"COG0248",15,28,38,23,22,41,42,21,27,24,29,19,34,39,53,51,34,21,20,18,35,18,34,63,48,17,33,37,28,22,27,28,32,43,48,49,32,32,43,22,36,75,44,23,18,39,29,17,32,19,33,37,21,20,36,30,22,18,60,33
"COG0249",137,125,146,134,127,143,134,127,119,159,147,140,123,167,124,107,161,146,163,133,161,152,103,45,90,123,140,179,113,141,131,145,127,201,132,141,120,173,141,110,134,129,138,131,126,120,135,130,93,145,138,122,149,152,129,133,122,140,60,168
"COG0250",53,36,43,48,30,32,43,48,24,44,36,21,37,35,38,40,40,42,43,35,36,65,38,39,49,29,29,46,29,30,48,26,36,37,34,26,40,35,50,18,34,41,37,41,32,24,22,38,39,30,58,36,34,41,43,31,36,35,43,32
"COG0251",75,47,60,43,46,62,72,32,48,31,33,33,40,45,21,51,56,48,25,44,54,41,15,63,22,49,54,52,36,41,39,39,49,33,40,34,31,23,37,44,50,45,49,32,35,34,36,64,46,56,45,55,39,45,53,49,56,30,19,46
"COG0252",47,59,57,66,67,65,79,53,71,66,43,83,57,67,33,67,41,47,60,83,66,66,46,67,61,71,69,45,36,75,48,79,46,96,48,43,83,69,62,61,65,50,54,36,78,69,68,63,82,80,95,62,92,45,107,90,96,63,43,81
"COG0253",31,50,38,42,36,42,44,34,36,34,46,32,51,40,51,32,50,33,40,38,43,40,35,40,58,34,44,42,40,41,55,21,43,44,33,36,52,42,42,36,35,60,48,45,45,40,29,46,32,38,43,28,45,33,34,45,39,32,57,40
"COG0254",8,7,5,14,9,7,7,12,8,10,8,13,6,11,4,6,14,15,6,12,8,10,9,18,14,8,6,12,8,15,10,12,16,6,7,12,8,7,7,13,13,8,12,10,7,9,3,15,8,4,15,9,7,18,8,5,6,9,10,5
"COG0255",3,8,8,13,5,5,6,5,3,7,10,6,3,9,10,3,10,18,8,4,5,6,12,11,21,5,6,7,8,9,14,0,11,2,9,7,9,6,7,4,10,11,5,5,11,3,2,13,3,6,5,2,13,10,4,3,5,10,17,3
"COG0256",29,25,22,32,14,29,22,34,19,47,22,19,28,14,25,19,37,33,33,31,22,45,22,13,24,22,30,22,37,16,31,12,20,33,13,29,27,26,31,12,31,36,33,28,27,15,15,28,11,21,19,23,13,26,12,18,19,27,43,18
"COG0257",2,3,1,2,1,2,2,2,3,0,8,2,1,0,5,0,1,2,0,1,0,1,3,2,6,0,0,0,2,2,2,1,4,0,2,1,3,3,0,0,0,5,4,8,1,0,2,2,0,0,2,1,1,2,1,0,0,4,7,0
"COG0258",140,93,115,99,78,109,87,120,102,121,112,102,100,118,75,70,101,145,125,94,99,108,102,69,112,63,100,118,99,89,109,86,99,136,73,123,101,97,100,84,134,123,95,110,110,95,83,80,67,106,72,66,84,111,70,85,102,96,148,99
"COG0259",0,4,7,4,26,3,1,4,19,2,3,16,10,2,1,11,1,4,1,11,10,9,0,9,3,10,11,4,0,6,1,9,3,0,10,6,6,2,1,11,3,1,9,1,7,7,12,7,6,7,16,9,10,3,11,9,10,5,2,4
"COG0260",2,9,2,5,6,14,2,1,5,8,2,3,10,7,4,5,2,6,11,4,3,3,6,29,7,4,10,4,4,0,2,2,1,3,0,0,3,0,0,3,2,2,3,0,3,2,1,1,2,3,3,2,1,6,0,3,0,0,2,4
"COG0261",18,19,32,22,9,15,23,19,23,26,12,12,18,17,17,12,26,23,24,10,12,18,9,18,15,19,9,22,15,17,24,11,18,22,16,20,20,19,28,18,24,25,14,14,13,8,14,20,19,22,16,13,25,22,17,14,16,15,31,17
"COG0262",29,42,24,26,26,40,36,27,31,20,35,31,28,25,20,32,38,32,20,37,27,37,30,42,24,24,19,20,30,33,28,24,25,39,32,18,21,24,37,35,24,33,24,52,28,43,28,34,35,39,44,28,34,29,45,24,19,24,63,20
"COG0263",2,34,26,31,36,33,13,25,30,30,39,36,40,37,37,54,44,31,40,37,42,25,45,12,24,38,45,34,32,59,36,50,55,9,42,39,50,54,33,38,40,33,35,33,35,27,43,32,31,36,49,34,38,23,44,31,40,47,42,38
"COG0264",43,54,53,65,38,46,53,58,38,39,53,45,58,45,41,46,62,56,55,39,52,57,44,27,39,48,52,69,35,53,63,49,73,63,38,40,56,55,50,45,58,39,35,33,54,37,52,56,40,48,48,42,43,49,53,53,40,43,35,60
"COG0265",55,63,67,88,85,67,66,92,70,101,103,77,51,72,96,45,85,92,138,82,76,67,129,86,98,57,49,74,98,70,97,85,87,95,73,65,62,68,46,89,71,74,99,86,90,38,77,89,53,65,83,62,91,125,62,69,55,102,78,107
"COG0266",0,6,9,5,14,13,4,3,13,10,2,5,13,2,2,6,7,10,4,3,5,4,21,29,9,11,7,13,7,4,12,7,3,6,8,12,4,9,2,23,5,18,14,3,3,9,7,5,3,5,4,5,3,12,3,4,11,1,13,9
"COG0267",11,4,8,9,9,6,4,12,3,6,4,9,3,4,5,9,8,8,10,10,5,8,6,6,0,5,10,5,3,2,10,5,6,6,5,9,9,6,8,5,5,5,7,10,7,10,5,5,8,9,11,10,4,5,11,6,9,6,6,4
"COG0268",2,5,2,1,3,4,4,12,3,17,9,5,5,4,9,1,10,16,16,7,2,9,16,8,11,5,6,16,11,3,8,1,5,2,5,5,3,7,3,2,12,7,9,9,4,2,6,17,5,5,2,5,3,11,2,1,4,2,17,3
"COG0269",0,1,0,0,0,2,0,0,0,0,0,0,0,1,0,0,0,0,0,0,0,0,0,5,1,0,1,0,0,0,0,0,1,2,0,6,1,0,0,2,0,2,9,1,0,0,1,2,0,1,0,0,2,12,1,0,1,2,4,2
"COG0270",123,85,99,152,82,76,206,218,133,159,124,125,121,90,126,94,202,162,124,116,99,148,76,45,83,109,114,78,81,111,356,60,133,224,84,112,60,76,154,43,150,134,115,162,83,44,70,108,44,62,120,73,116,98,94,40,107,136,119,114
"COG0271",0,0,0,0,1,2,0,0,0,0,0,0,1,0,0,1,0,0,0,0,0,0,1,6,1,0,0,0,0,0,0,0,0,1,0,1,1,0,0,2,0,0,3,1,0,0,0,0,0,0,0,0,0,0,0,0,0,0,1,0
"COG0272",86,87,87,113,86,67,79,126,71,261,81,77,91,97,74,53,103,136,115,61,89,99,108,85,76,110,63,104,77,78,93,57,98,101,85,78,61,79,85,74,86,111,96,80,79,54,69,95,62,84,84,70,81,99,74,89,109,63,103,97
"COG0274",63,38,57,35,36,50,53,46,33,43,27,35,34,36,19,41,38,29,37,34,29,41,44,33,49,37,27,30,33,27,37,48,48,61,37,68,47,36,56,50,29,45,39,35,28,32,36,28,44,39,42,21,31,38,31,33,44,36,14,36
"COG0275",49,45,49,59,45,53,53,68,49,51,74,42,58,54,72,58,54,57,67,63,59,54,60,31,65,60,57,60,63,49,44,42,48,47,53,50,54,51,53,39,48,65,48,50,75,33,55,59,50,62,46,51,40,62,40,40,50,59,59,48
"COG0276",1,1,0,0,1,0,0,3,0,0,6,0,0,1,1,1,0,1,0,1,0,0,16,13,2,0,2,0,2,0,0,3,1,3,0,2,1,2,0,5,2,4,3,0,1,0,0,0,2,1,2,2,2,0,3,1,0,1,4,2
"COG0277",2,6,5,3,13,14,6,6,10,12,10,12,17,9,5,8,7,12,15,8,18,2,10,21,8,8,15,8,5,14,16,24,16,28,25,37,35,28,16,39,25,62,44,13,28,31,17,43,20,35,36,25,30,27,22,35,52,18,21,43
"COG0278",0,0,0,0,1,1,0,1,0,0,0,0,0,0,0,1,0,1,0,1,0,0,1,3,0,0,0,0,0,0,0,0,0,0,0,0,0,0,0,1,0,0,1,0,0,0,0,0,1,0,0,1,0,2,0,0,0,0,0,0
"COG0279",4,2,8,3,9,9,6,7,3,6,8,7,13,12,13,19,3,7,7,4,13,4,9,27,1,31,10,8,11,3,8,6,4,0,2,11,6,7,2,13,11,18,8,5,3,19,11,2,12,5,3,4,5,10,30,6,5,9,2,15
"COG0280",110,122,96,127,139,132,117,120,136,95,69,120,102,88,74,131,94,84,55,148,127,110,56,87,53,130,138,111,67,129,35,49,38,56,40,35,51,34,41,28,29,29,21,28,39,43,31,28,32,44,41,55,37,39,44,57,43,27,33,43
"COG0281",88,80,67,78,67,77,79,71,92,58,50,80,67,76,47,77,42,49,56,83,85,59,65,59,42,50,73,61,74,65,61,66,49,91,62,78,79,81,70,51,42,50,57,43,79,81,52,59,57,86,93,86,68,66,99,87,72,65,25,91
"COG0282",62,52,64,65,51,52,36,66,37,86,53,36,47,66,49,43,58,75,72,41,48,69,89,40,83,50,56,73,55,41,57,55,84,48,31,44,41,42,52,50,64,88,56,52,60,36,62,47,30,36,48,37,41,77,32,48,44,40,75,60
"COG0283",56,22,34,32,36,27,23,41,26,36,30,31,25,38,31,24,33,48,37,38,28,26,35,19,54,29,36,40,27,33,36,30,38,52,31,19,28,19,46,30,42,35,32,31,24,14,22,35,32,30,17,20,38,39,15,17,21,27,64,48
"COG0284",30,41,45,44,28,26,41,51,29,34,39,44,36,41,42,50,33,28,43,47,28,51,33,26,57,42,50,49,36,48,38,39,44,61,41,38,49,45,40,28,30,47,38,39,42,46,33,41,38,39,33,46,46,33,34,47,42,49,75,51
"COG0285",59,70,53,70,37,49,49,70,48,45,90,51,57,69,57,41,65,71,60,58,60,57,93,39,75,48,58,77,81,73,74,31,58,59,41,64,73,43,61,26,76,74,69,54,55,31,47,49,53,59,51,40,53,57,62,45,45,74,63,56
"COG0286",193,136,196,143,101,162,99,160,82,184,125,94,180,126,74,164,220,140,171,141,161,104,99,53,106,92,113,173,115,149,170,80,134,228,133,172,118,132,183,49,139,169,155,137,164,98,78,140,126,101,72,87,118,178,132,90,122,126,77,123
"COG0287",5,33,32,30,13,25,13,27,22,26,42,31,27,37,30,17,28,32,38,27,28,14,38,18,39,20,31,28,30,30,34,13,31,5,28,27,20,34,6,11,30,25,32,31,28,19,24,33,14,27,19,9,26,19,14,8,33,29,40,17
"COG0288",9,3,3,5,3,6,3,1,2,3,3,1,3,7,4,3,3,3,0,2,3,1,11,8,4,4,4,2,4,5,11,11,9,5,10,18,15,5,22,18,9,17,7,8,9,15,16,5,12,15,9,15,10,8,12,14,13,13,18,8
"COG0289",39,43,52,41,30,43,31,49,29,42,49,33,39,35,56,42,35,32,28,48,39,42,46,22,39,38,48,40,44,36,40,29,64,40,46,42,44,43,34,23,37,40,36,39,48,28,32,36,26,45,54,58,42,35,46,43,34,43,46,41
"COG0290",34,33,31,35,23,28,30,34,24,46,34,23,30,36,23,27,34,38,35,30,30,39,21,15,29,22,30,40,33,20,47,18,28,34,22,44,16,28,35,16,27,31,37,22,22,20,20,44,30,23,24,19,31,38,18,24,28,29,29,25
"COG0291",7,15,12,12,5,7,11,15,10,7,9,13,10,11,11,5,6,16,11,9,11,8,9,4,7,13,17,12,12,7,19,7,14,8,8,5,5,7,9,11,10,15,11,18,8,17,7,7,9,6,6,11,5,5,5,13,6,12,6,4
"COG0292",18,13,14,20,9,13,18,37,21,27,29,12,22,25,24,14,25,33,22,15,11,12,18,16,18,18,14,31,22,15,30,10,14,18,12,23,22,16,20,8,20,18,17,31,18,17,19,24,21,18,13,24,20,20,8,14,12,16,7,18
"COG0293",0,0,0,0,1,3,0,0,1,2,0,0,2,0,1,0,0,1,1,0,1,0,0,6,1,0,1,0,0,0,0,0,0,0,0,1,0,2,1,2,1,1,1,0,1,0,0,0,1,3,0,0,1,7,1,0,0,0,0,3
"COG0294",49,19,20,25,37,35,33,34,30,28,24,27,30,28,12,31,22,26,22,40,22,21,28,30,16,20,19,16,28,21,36,32,29,44,27,35,28,30,39,28,24,23,20,17,28,45,31,32,28,17,33,32,33,25,38,44,18,23,32,34
"COG0295",12,12,5,13,10,4,7,6,8,7,3,7,8,4,10,4,4,4,11,4,8,7,5,5,8,4,7,12,7,7,21,20,17,36,23,22,16,16,24,13,22,19,23,25,19,13,19,22,16,19,13,20,21,20,21,22,22,14,11,26
"COG0296",75,100,104,131,64,65,47,98,120,89,108,91,107,123,125,106,123,86,135,85,101,125,127,64,106,84,102,119,141,120,88,58,140,104,98,92,136,151,129,81,100,96,122,98,94,83,110,98,109,116,100,99,100,74,59,90,85,147,105,84
"COG0297",43,58,62,47,45,44,54,75,52,45,70,51,53,67,75,57,71,64,57,66,48,47,59,43,50,50,47,62,79,62,55,32,81,35,53,51,43,56,62,39,71,45,49,72,67,51,61,58,45,43,51,41,64,51,50,47,53,61,24,53
"COG0298",0,1,3,0,0,1,7,0,0,1,2,0,0,1,2,4,2,1,0,0,3,0,4,15,3,1,0,0,4,1,5,2,1,2,6,7,2,0,0,1,0,5,5,0,3,3,0,1,2,1,1,3,0,3,6,2,0,0,1,4
"COG0299",7,28,20,29,24,25,16,19,44,13,37,29,30,31,26,30,25,27,21,32,30,17,26,14,30,15,24,29,27,34,38,19,31,8,26,16,47,35,22,42,25,28,31,22,34,28,32,28,35,38,30,43,42,17,42,38,26,35,12,17
"COG0300",16,39,28,35,24,28,18,57,29,35,32,21,38,31,41,40,45,30,41,24,23,38,38,14,29,31,33,48,24,29,33,29,31,31,21,23,36,36,20,39,25,47,29,28,33,36,34,33,39,37,29,16,24,38,32,37,34,33,33,36
"COG0301",4,35,17,26,12,24,11,26,14,24,45,8,33,32,32,12,38,34,45,13,27,22,39,28,44,31,10,40,63,19,29,7,30,4,17,15,28,24,6,6,28,29,36,29,18,6,19,22,11,30,14,9,19,36,6,6,12,45,23,14
"COG0302",40,24,20,26,20,24,25,21,25,28,17,21,29,26,15,32,17,23,25,25,47,30,31,15,18,22,42,26,15,30,31,20,29,39,20,28,25,23,33,34,29,27,22,22,22,24,17,32,37,25,29,26,39,17,22,29,32,21,36,19
"COG0303",2,20,4,14,3,18,15,14,13,22,30,13,17,16,38,16,9,15,15,20,9,12,36,38,33,8,13,15,36,17,23,12,25,5,29,26,32,16,7,12,28,36,16,29,26,9,13,22,11,20,15,14,12,16,11,7,4,52,17,13
"COG0304",135,96,99,104,113,71,92,78,81,88,106,70,74,78,78,126,55,61,75,70,67,100,71,53,97,93,94,92,61,76,90,89,91,89,114,99,111,91,93,59,57,102,79,65,82,84,76,55,79,112,93,107,78,66,99,76,72,80,242,128
"COG0305",58,74,99,98,76,81,78,88,85,97,92,93,95,105,83,55,98,77,105,74,137,100,128,35,121,90,108,82,90,75,98,53,66,99,83,103,116,100,88,76,74,87,74,63,88,74,81,78,56,95,111,75,93,155,81,91,97,110,99,146
"COG0306",0,17,14,6,30,19,22,3,10,17,2,14,10,11,21,28,14,3,7,8,4,6,8,61,12,23,17,3,1,5,22,23,2,9,27,26,17,8,5,15,7,21,15,7,12,23,13,4,11,15,15,26,13,16,20,18,13,11,31,9
"COG0307",24,20,21,23,25,31,30,17,20,17,25,20,20,22,17,39,20,15,12,21,25,31,5,9,9,15,28,30,20,18,20,23,20,28,27,26,16,22,29,32,28,23,18,37,25,16,28,23,29,19,31,29,29,8,29,26,19,19,6,21
"COG0308",0,8,3,4,7,13,4,2,14,11,11,18,21,12,4,23,2,7,8,6,4,3,57,27,52,11,5,2,6,6,9,39,8,7,13,5,15,14,12,33,9,42,20,7,10,14,19,5,19,9,11,14,9,13,25,24,9,14,95,13
"COG0309",1,13,8,13,5,15,12,18,14,11,17,7,11,12,26,4,13,11,11,15,19,13,20,18,19,11,16,23,29,18,12,10,24,1,17,12,16,16,8,6,8,27,17,19,17,0,12,17,6,4,9,17,17,18,8,10,9,22,6,8
"COG0310",0,6,4,4,1,6,9,2,3,10,9,3,4,6,11,4,2,5,2,9,4,4,14,2,5,0,3,3,8,4,7,0,10,2,3,10,0,3,5,0,2,7,6,2,5,3,0,6,1,2,3,2,9,10,2,4,4,3,6,2
"COG0311",21,7,11,13,3,4,19,13,3,9,11,1,6,6,17,5,6,6,14,5,3,13,16,5,17,3,1,14,11,9,11,0,17,26,5,5,5,7,11,5,10,15,1,18,4,4,2,6,4,3,9,5,2,5,1,2,5,6,24,5
"COG0312",20,19,33,22,48,29,10,31,32,18,27,48,28,22,17,16,9,17,33,33,36,13,9,35,22,21,48,20,10,37,5,21,17,7,17,14,36,32,4,54,16,7,31,10,41,7,25,40,12,47,38,16,32,44,16,48,46,7,3,41
"COG0313",50,51,45,41,58,63,54,67,47,52,46,47,51,50,47,52,68,48,41,50,46,58,39,31,62,39,50,67,44,58,51,35,45,55,55,56,50,41,51,42,55,54,39,50,44,36,45,56,58,52,61,50,60,47,52,51,52,50,58,56
"COG0314",0,1,0,0,0,1,0,0,0,0,0,3,2,2,0,2,0,1,0,0,0,0,2,9,0,0,2,0,0,0,0,0,0,1,0,0,1,1,1,0,0,1,4,1,1,0,0,0,0,1,0,0,0,3,0,1,0,0,3,1
"COG0315",2,6,8,5,5,10,11,5,2,8,13,3,5,6,25,4,14,2,3,12,3,5,22,18,20,2,6,6,13,6,6,2,6,4,5,6,9,10,5,6,7,11,6,13,6,2,4,10,0,7,4,4,4,12,3,1,4,12,13,5
"COG0316",3,0,1,0,1,10,1,1,1,2,2,1,1,2,0,3,0,3,1,1,0,0,4,31,3,3,1,0,2,0,0,1,0,4,1,3,3,2,1,7,0,1,8,2,0,2,1,0,5,3,4,1,0,7,2,3,1,2,6,0
"COG0317",184,118,151,144,128,116,128,168,115,171,123,124,127,160,119,116,122,177,145,122,125,161,111,87,115,98,124,110,107,128,134,122,137,223,132,135,147,154,173,104,162,167,110,111,134,82,101,103,111,110,133,111,110,142,124,132,136,140,116,165
"COG0318",67,94,108,84,95,118,74,74,120,80,83,114,107,98,67,140,75,137,98,86,103,59,33,130,39,112,74,109,51,88,101,91,107,83,89,87,106,100,84,108,83,61,90,71,69,107,88,73,121,137,126,99,84,114,82,99,111,99,33,99
"COG0319",27,29,28,38,21,18,22,38,22,41,32,26,27,25,20,26,31,25,24,29,23,29,28,20,36,23,23,26,23,29,27,21,29,27,18,18,31,30,42,17,36,27,27,26,31,11,21,44,29,20,37,19,32,22,17,14,20,26,26,32
"COG0320",1,24,21,19,22,21,16,14,19,22,10,28,21,23,8,26,15,4,6,32,30,10,0,11,5,16,19,4,3,32,16,23,11,10,19,36,20,17,23,35,9,4,23,10,31,31,17,12,24,29,32,30,27,10,40,30,20,12,3,22
"COG0321",0,9,15,9,20,23,8,8,19,6,8,19,11,11,3,14,10,2,3,18,20,7,1,9,5,9,11,8,1,14,13,29,7,5,11,19,15,14,17,16,6,3,14,9,19,18,9,14,14,18,22,17,11,5,22,19,17,11,3,26
"COG0322",86,76,74,79,69,67,97,88,77,106,77,80,76,82,70,64,86,110,83,73,88,89,76,46,77,56,72,100,107,67,81,56,67,95,92,85,74,63,80,69,87,81,72,72,88,67,87,78,43,72,71,44,74,102,65,64,78,96,81,79
"COG0323",99,64,64,88,57,51,94,105,68,110,76,83,78,85,65,66,64,95,55,62,73,71,68,45,54,63,69,76,63,70,82,54,56,99,66,74,81,58,46,58,59,61,68,44,67,62,57,57,84,62,77,70,70,75,58,72,52,77,30,68
"COG0324",18,15,28,26,25,19,19,30,19,21,13,34,14,20,20,23,19,17,17,22,16,15,8,14,11,19,17,17,19,16,62,59,60,108,48,63,60,42,80,46,66,63,42,67,71,67,61,83,62,64,81,60,77,50,57,72,73,39,48,71
"COG0325",14,12,11,16,12,11,13,14,13,10,7,7,19,13,13,11,13,13,19,12,9,13,7,6,10,14,14,13,20,7,35,36,29,48,30,29,29,32,37,12,31,23,27,29,26,28,35,46,30,45,27,38,36,34,29,27,32,34,34,25
"COG0326",97,94,74,115,76,76,86,88,89,118,94,72,76,71,122,99,102,107,80,70,89,101,52,60,64,93,81,93,83,85,120,101,100,84,99,67,79,100,86,95,114,75,75,120,84,120,92,101,113,86,75,106,95,73,99,87,87,94,47,94
"COG0327",22,27,26,23,32,20,22,24,17,36,28,31,30,23,14,22,27,18,41,18,27,25,25,17,25,19,34,17,22,34,29,37,28,35,35,31,26,21,42,38,22,43,23,19,30,31,21,42,25,33,42,15,35,22,27,33,26,19,33,42
"COG0328",5,6,14,11,10,8,2,12,6,77,12,8,10,23,0,4,19,23,31,6,12,1,14,27,9,15,5,13,5,10,22,1,6,3,8,9,7,12,10,2,14,27,16,20,13,1,7,19,5,13,6,6,14,14,5,7,5,11,22,8
"COG0329",61,77,89,80,68,82,72,67,76,56,79,60,93,75,62,79,79,82,82,68,83,78,90,106,80,92,76,67,77,92,92,86,65,79,110,78,97,84,85,79,67,92,63,74,56,83,84,95,98,88,87,101,77,88,73,85,75,104,82,93
"COG0330",55,44,54,61,33,32,51,74,37,57,57,36,40,69,49,45,76,71,83,48,41,77,89,96,66,55,56,122,53,53,57,40,77,103,40,51,45,56,42,41,68,62,58,49,50,30,45,48,35,39,37,38,43,71,35,46,38,44,65,47
"COG0331",45,46,45,40,26,39,45,40,35,36,47,43,40,38,49,41,37,24,35,37,37,50,63,30,111,35,45,48,36,47,39,37,48,56,38,50,51,50,46,36,36,85,36,36,48,19,35,30,34,49,49,40,40,20,33,43,37,33,223,53
"COG0332",56,89,83,51,90,61,74,49,103,57,57,71,66,56,72,59,53,40,28,95,44,67,77,26,42,99,68,79,35,58,53,89,58,61,57,53,72,57,92,102,62,60,49,58,94,131,61,60,87,104,42,60,83,29,61,55,86,60,26,69
"COG0333",4,5,5,6,5,9,4,8,5,7,7,4,10,5,4,7,8,4,7,8,2,9,13,5,7,5,4,11,6,7,8,3,6,6,5,10,12,1,10,7,2,4,6,0,7,6,8,7,12,5,7,8,7,10,8,8,5,2,1,3
"COG0334",77,92,96,92,109,81,88,128,109,83,79,96,65,96,77,91,80,83,98,78,78,91,76,48,63,71,109,71,86,115,83,100,95,99,86,83,94,90,110,69,80,72,84,74,93,75,71,79,101,115,94,96,85,54,102,91,95,110,67,108
"COG0335",27,22,20,18,20,15,20,24,26,25,17,20,21,18,13,15,31,32,28,30,19,36,15,10,14,12,17,20,20,15,29,10,24,26,25,27,19,18,25,19,29,24,14,26,16,11,14,24,17,15,10,23,16,24,20,13,25,15,24,14
"COG0336",31,44,36,33,26,21,47,24,29,42,34,32,37,46,31,15,29,36,36,33,61,40,33,19,36,20,23,40,42,33,38,23,37,43,16,32,35,38,36,20,42,43,23,38,42,23,28,54,32,21,24,36,51,38,31,18,39,33,53,29
"COG0337",52,33,49,47,33,43,47,35,40,37,46,43,27,58,47,48,57,38,61,52,48,45,41,25,36,44,42,42,46,50,44,35,53,41,22,36,48,36,68,39,48,50,47,42,45,26,44,47,35,42,35,43,43,35,37,39,37,48,69,53
"COG0338",77,21,22,21,13,49,16,29,16,49,31,20,26,34,16,6,46,66,30,32,36,34,13,47,13,32,24,28,49,26,51,18,28,15,27,65,28,24,27,14,23,20,38,8,37,11,20,25,43,29,35,89,15,60,23,21,26,20,4,30
"COG0339",201,72,132,57,123,116,110,75,104,76,34,115,105,99,18,94,49,44,36,108,100,82,9,49,9,93,111,50,38,103,84,116,78,166,65,137,100,84,155,117,69,59,76,65,103,123,117,59,89,105,125,115,105,52,134,149,120,49,23,133
"COG0340",15,9,14,13,10,8,13,13,11,11,18,16,10,24,13,20,16,15,24,19,15,17,13,6,12,10,15,19,21,20,39,40,49,40,39,46,54,36,43,31,49,57,60,34,54,38,26,51,31,37,48,38,47,22,29,51,32,59,59,40
"COG0341",8,37,36,50,38,20,14,29,19,27,37,35,30,29,49,30,34,42,31,21,33,15,22,27,48,46,24,38,37,38,27,35,34,7,40,24,52,37,12,28,43,37,53,43,31,39,42,32,24,32,13,11,15,32,27,20,44,38,24,19
"COG0342",142,70,88,127,93,70,133,103,81,63,79,89,73,86,91,55,86,64,57,67,101,120,43,53,58,105,72,102,93,75,85,67,98,167,89,77,104,80,104,62,80,100,86,67,76,56,76,79,40,72,63,60,92,65,50,77,84,74,32,96
"COG0343",57,44,64,55,36,38,50,58,59,70,47,43,58,57,38,38,73,67,77,34,62,47,41,20,42,43,42,62,37,57,53,34,51,80,50,38,38,37,41,35,58,45,61,48,56,36,40,56,35,50,51,40,54,69,38,49,47,45,64,53
"COG0344",3,19,15,21,8,15,13,12,16,31,53,13,24,18,26,7,33,24,35,19,19,19,33,23,36,10,19,25,27,14,24,7,22,7,20,8,17,13,9,3,27,31,34,34,21,7,18,26,7,11,8,15,12,30,5,1,18,23,18,14
"COG0345",39,34,38,39,33,36,56,27,41,31,43,42,28,39,33,56,32,41,41,31,33,31,34,41,41,39,44,28,42,39,41,47,31,22,37,32,35,43,42,45,40,47,34,34,52,47,35,27,49,44,57,48,30,31,47,54,46,33,43,31
"COG0346",24,42,42,40,69,72,34,31,55,46,44,47,49,47,23,66,47,42,26,57,40,29,53,46,41,52,45,30,23,40,61,75,37,24,63,54,41,47,41,58,45,36,37,61,44,74,54,53,65,68,68,69,51,31,79,77,66,40,27,37
"COG0347",39,51,52,49,18,24,40,27,28,30,57,37,30,48,60,32,68,38,49,34,43,30,22,23,44,37,22,47,70,48,52,24,69,20,30,23,28,41,43,16,34,41,35,19,58,24,30,40,27,45,34,24,50,31,22,21,27,45,34,23
"COG0348",7,39,47,32,50,26,9,33,55,33,43,44,46,42,39,27,30,47,41,49,63,26,35,44,37,48,42,53,49,45,15,18,19,3,12,11,7,14,13,20,8,12,15,11,16,9,25,17,11,16,14,10,10,16,14,19,24,26,8,20
"COG0349",0,0,0,2,0,7,0,0,2,1,0,1,1,2,0,1,0,3,1,0,0,0,3,14,8,0,0,0,0,0,1,1,1,2,0,1,2,0,0,3,0,1,9,2,2,0,0,0,1,0,0,0,2,3,1,1,0,0,43,2
"COG0350",21,23,37,16,26,26,31,26,33,38,22,22,35,36,28,20,21,32,32,14,28,23,29,31,28,30,26,23,30,25,31,42,28,34,27,26,18,32,18,31,26,36,28,28,29,38,21,34,34,27,25,39,35,35,26,40,33,21,20,15
"COG0351",46,39,66,36,31,46,77,30,39,50,37,41,37,49,42,37,44,36,19,32,35,46,42,17,53,16,51,38,62,35,50,26,42,60,47,47,51,34,75,20,45,64,30,52,43,29,32,35,21,43,47,46,45,24,39,37,24,49,48,42
"COG0352",24,30,38,36,17,30,35,33,26,27,37,37,48,32,46,23,35,32,18,23,26,34,34,10,75,23,34,37,46,37,25,16,32,50,36,26,21,39,21,31,28,43,26,53,37,25,26,31,21,30,37,14,38,21,17,17,29,52,110,28
"COG0353",28,38,39,39,18,35,32,36,27,38,34,28,31,34,38,28,37,45,39,33,17,34,31,23,45,19,39,49,38,33,37,30,33,54,33,26,24,40,40,23,43,40,32,34,52,19,22,35,20,45,27,30,35,36,28,22,31,41,45,32
"COG0354",0,0,1,0,2,5,0,0,0,1,1,0,1,1,0,3,0,1,1,1,0,1,1,17,0,0,1,0,0,0,0,1,0,1,0,4,2,0,0,1,0,0,5,0,1,0,0,0,1,0,0,2,0,0,2,0,0,0,3,0
"COG0355",2,17,12,15,10,14,19,21,14,10,16,11,17,13,18,6,14,16,12,9,12,17,38,12,18,9,15,16,27,16,17,11,12,18,20,14,16,14,19,6,15,26,22,8,23,6,13,20,6,13,18,7,18,14,8,12,15,15,20,11
"COG0356",59,53,51,57,41,40,62,34,51,43,55,46,49,48,74,50,49,42,48,46,57,62,39,21,60,42,53,56,62,69,57,34,69,53,63,39,67,57,31,44,49,77,52,53,51,34,48,48,49,42,37,55,64,30,44,44,46,68,68,34
"COG0357",22,39,31,34,20,23,36,58,23,46,53,38,28,35,36,26,42,54,32,41,24,44,42,29,60,34,37,30,37,33,30,29,36,44,30,36,40,37,34,34,35,46,29,31,31,24,24,49,28,32,37,15,36,31,21,21,30,30,47,28
"COG0358",249,135,135,137,121,96,144,138,79,134,132,96,156,144,122,79,111,176,203,125,169,117,91,93,115,138,117,146,124,105,151,105,157,116,102,148,176,124,142,74,183,148,119,123,116,106,96,116,68,150,110,99,121,158,137,148,97,128,104,89
"COG0359",26,30,26,34,23,17,33,29,20,44,30,17,25,36,26,21,36,43,41,21,22,25,44,21,26,10,24,21,23,30,33,28,23,23,28,28,41,28,36,15,21,40,21,29,21,20,36,28,27,28,25,27,32,36,26,19,18,28,30,22
"COG0360",27,13,24,18,16,24,23,38,18,28,17,17,10,25,20,22,28,30,17,20,22,13,24,20,24,16,16,17,25,9,30,8,27,15,22,22,21,19,26,15,24,20,20,22,20,11,17,26,20,19,14,33,23,24,16,24,17,16,18,7
"COG0361",22,16,19,25,13,10,21,20,8,15,15,11,22,13,11,14,21,27,18,8,15,22,24,8,16,14,13,15,16,10,18,8,9,17,12,19,9,16,17,9,24,17,18,20,17,9,19,18,16,15,17,18,25,14,20,13,21,17,24,10
"COG0362",4,30,13,14,24,18,24,8,33,15,16,24,22,13,14,40,6,10,15,22,31,9,18,19,31,28,14,7,2,26,14,29,11,2,23,23,20,29,14,28,7,41,10,6,15,30,18,23,39,39,29,38,29,15,29,38,39,19,70,13
"COG0363",124,71,113,73,100,76,127,83,115,62,51,108,96,68,58,97,65,51,63,99,98,59,54,55,58,105,101,53,63,92,69,106,54,55,88,82,90,85,123,129,90,78,42,84,72,105,89,104,105,75,111,78,95,60,95,114,88,56,82,97
"COG0364",3,18,17,10,37,18,13,6,35,18,13,35,22,15,12,27,6,11,10,26,39,13,24,34,24,32,30,14,5,30,18,35,12,3,27,21,24,25,18,32,8,25,15,12,20,33,28,21,29,36,40,43,31,13,28,39,34,18,40,24
"COG0365",68,33,34,29,49,47,38,31,49,25,20,52,43,37,5,37,41,34,46,46,47,24,8,52,12,43,43,24,13,42,32,49,53,66,44,61,39,50,49,40,38,15,38,12,52,40,32,25,32,43,56,42,51,39,46,38,56,41,7,50
"COG0366",408,199,438,313,197,190,243,344,237,206,356,187,203,235,342,158,235,269,294,294,220,399,370,245,482,222,192,235,388,255,231,155,382,484,291,206,184,196,291,172,324,372,266,376,274,133,201,263,138,199,196,192,223,207,173,184,252,261,652,260
"COG0367",58,64,64,52,47,46,52,84,56,65,80,58,33,61,84,72,83,69,70,53,68,59,53,57,73,58,114,74,65,56,65,33,70,72,46,57,46,59,58,28,64,73,51,47,64,27,62,68,40,85,59,34,56,105,34,42,62,76,52,84
"COG0368",2,11,10,13,8,15,12,15,22,27,16,14,15,20,31,13,19,19,11,13,8,10,15,23,17,8,14,12,19,14,15,14,18,9,17,12,24,15,11,11,15,12,18,20,15,11,14,23,10,27,17,11,6,16,5,13,14,19,8,8
"COG0369",0,0,3,0,0,10,0,1,0,0,0,1,2,2,0,2,1,4,0,0,2,0,5,16,0,0,0,0,0,1,0,0,0,0,0,0,1,0,0,4,0,0,9,0,1,1,0,1,1,0,1,1,1,7,0,0,0,0,5,1
"COG0370",101,143,145,143,90,115,119,186,120,129,144,122,125,170,166,114,156,190,206,126,123,124,121,94,106,116,135,174,187,181,131,57,152,128,104,95,99,144,93,97,156,87,128,132,135,78,104,127,59,106,127,70,146,159,83,95,115,138,47,121
"COG0371",9,32,21,31,9,30,11,11,25,23,35,14,16,29,58,19,23,37,29,27,14,16,47,51,36,52,15,18,49,33,32,5,22,12,29,22,18,11,13,12,27,32,31,19,25,16,17,26,32,15,19,16,36,24,15,20,15,14,21,24
"COG0372",17,19,18,22,12,28,20,15,21,28,25,20,21,16,46,18,23,22,25,24,25,31,17,17,28,18,23,33,50,28,76,54,76,56,69,45,64,71,82,47,64,67,55,77,67,47,51,49,57,60,69,61,68,46,42,55,66,87,76,72
"COG0373",2,8,8,15,3,11,12,10,8,8,18,5,6,12,16,6,11,13,8,10,1,8,16,16,17,2,15,16,10,8,18,4,5,9,7,12,13,14,4,11,9,11,18,3,15,7,2,10,8,9,6,12,9,19,3,10,5,1,4,7
"COG0374",2,8,14,2,13,1,22,1,9,7,5,7,15,12,18,3,4,3,4,8,13,3,2,49,1,10,9,3,1,2,11,5,1,8,15,28,5,4,11,7,7,4,21,1,5,9,2,1,4,11,5,14,7,18,14,7,0,0,11,15
"COG0375",1,4,8,4,5,6,2,1,1,7,5,4,7,8,4,5,5,9,11,2,9,1,1,19,5,2,3,3,8,2,10,4,4,0,1,5,3,4,7,2,3,4,6,3,2,2,3,4,1,2,2,7,7,12,4,5,4,4,3,6
"COG0376",0,0,0,0,2,6,2,0,0,0,0,0,1,0,0,3,0,2,1,0,0,0,2,35,2,1,0,0,0,0,0,4,0,4,0,3,0,0,0,1,0,0,4,0,0,0,0,0,3,2,0,1,0,2,2,0,1,0,3,0
"COG0377",34,6,16,7,12,20,27,8,3,12,8,11,16,11,0,9,8,3,3,7,12,16,0,8,2,12,12,8,6,9,11,17,10,38,8,19,2,12,33,18,13,14,10,3,18,11,14,11,15,9,23,2,13,6,12,7,14,6,3,21
"COG0378",1,13,12,16,4,13,16,6,13,10,11,11,11,15,35,2,10,16,21,11,12,5,17,16,22,6,8,14,19,8,25,5,19,3,15,9,11,17,11,7,9,16,7,13,17,7,4,8,12,7,6,19,11,15,1,7,6,15,4,10
"COG0379",58,28,39,40,43,33,62,38,31,29,33,49,28,32,19,32,33,22,19,46,35,53,20,25,30,21,30,23,35,42,38,37,30,53,37,56,30,27,52,31,29,19,27,44,43,24,28,41,34,28,48,35,43,18,26,41,23,32,23,44
"COG0380",0,23,11,11,29,29,8,5,15,10,5,16,18,8,6,24,12,10,4,9,32,16,1,18,3,10,14,8,3,13,15,20,3,2,23,20,10,22,6,13,6,3,12,12,7,26,6,5,19,21,15,36,15,10,32,24,9,15,4,15
"COG0381",76,52,64,35,76,33,55,58,71,52,43,86,99,47,32,88,19,47,73,64,53,43,57,40,28,50,63,57,37,90,66,68,46,66,57,35,49,68,41,121,61,49,54,59,66,94,70,54,69,51,67,70,75,64,90,42,93,59,24,65
"COG0382",53,2,15,7,6,7,30,12,2,3,4,4,9,10,19,2,10,8,4,6,2,14,3,14,3,1,3,4,7,3,11,11,5,30,10,11,2,3,13,7,6,6,4,2,0,7,2,1,2,1,1,4,2,4,1,3,4,2,2,11
"COG0383",21,41,44,41,101,18,3,17,93,76,45,36,53,73,63,52,51,112,125,66,116,37,54,63,55,114,90,70,15,52,38,54,48,10,50,33,23,86,42,211,82,16,92,43,30,73,65,77,89,63,46,33,46,98,52,44,119,27,53,88
"COG0384",1,1,8,3,1,13,0,1,0,4,0,2,5,13,1,8,1,4,10,0,1,0,11,18,0,1,2,0,0,3,4,5,0,1,0,0,2,1,0,7,1,2,8,2,4,0,0,1,1,0,0,0,2,8,2,7,6,0,5,0
"COG0385",61,18,42,11,12,11,41,15,16,32,31,21,23,27,24,11,23,4,8,9,18,17,42,16,37,16,10,18,43,18,14,6,8,40,27,16,22,15,33,18,21,63,25,30,13,10,11,20,9,34,14,7,17,5,9,11,14,9,61,19
"COG0386",18,13,3,10,17,8,14,13,7,7,6,9,10,7,7,21,2,6,3,7,10,20,13,8,2,9,9,5,3,10,9,11,1,21,11,6,4,4,5,11,2,7,10,2,1,13,7,7,26,7,11,19,11,0,10,14,3,9,3,7
"COG0387",1,0,0,0,0,5,0,0,1,0,0,1,0,0,0,1,0,0,1,1,0,0,5,18,1,1,0,0,0,0,0,4,0,0,0,3,1,0,0,5,0,0,5,0,0,0,0,1,0,0,0,0,0,1,0,1,0,0,0,1
"COG0388",143,112,160,128,141,122,145,115,144,122,131,120,144,138,114,134,125,99,134,135,145,135,65,75,71,109,154,140,121,129,132,136,118,175,129,120,116,123,186,141,149,134,101,157,147,121,120,156,118,124,136,127,130,108,135,144,138,113,104,167
"COG0389",95,70,57,101,57,69,93,98,61,102,102,71,78,107,83,36,95,101,123,72,63,89,116,104,127,80,98,90,98,95,76,50,111,88,71,86,65,71,72,43,96,109,81,92,82,58,83,82,44,67,73,33,68,105,40,53,75,81,141,73
"COG0390",1,8,5,9,15,12,3,20,12,7,3,9,3,4,2,10,1,0,7,8,9,7,13,12,15,9,6,8,1,17,7,16,8,19,6,8,6,11,18,18,4,15,8,0,5,13,14,11,14,9,4,10,11,5,20,14,11,2,36,11
"COG0391",1,1,9,10,5,10,4,15,6,31,14,3,18,7,4,2,17,37,9,4,5,3,24,10,14,3,10,12,6,2,20,4,2,5,3,6,6,3,3,6,6,29,5,2,1,4,1,6,2,4,1,4,2,28,0,4,10,1,8,7
"COG0392",16,13,10,13,4,10,9,26,9,18,24,7,13,4,21,7,28,13,23,8,11,10,74,19,65,6,8,13,26,12,17,4,9,4,20,11,9,9,5,6,11,42,13,23,10,5,12,14,5,4,10,4,13,34,8,5,15,29,115,17
"COG0393",9,17,13,13,24,10,19,13,17,5,8,19,12,18,7,17,15,6,4,17,7,13,11,7,19,14,12,18,11,7,24,14,6,1,16,11,16,16,14,17,17,14,7,11,7,13,13,13,22,24,12,20,26,10,14,17,16,10,10,17
"COG0394",40,56,61,35,30,35,41,40,42,54,41,31,47,57,55,79,30,31,39,47,45,34,37,34,60,31,48,39,51,53,46,48,45,27,43,41,51,50,51,29,39,43,24,63,47,38,23,51,38,48,52,52,45,33,48,52,45,36,109,28
"COG0395",20,39,40,96,29,30,12,51,55,46,98,40,16,41,102,23,70,102,73,75,50,43,101,87,132,129,40,65,97,46,150,74,281,33,146,59,136,125,22,66,285,121,266,308,208,131,121,228,108,106,146,48,108,283,48,56,124,206,538,97
"COG0396",14,8,17,17,10,8,10,8,14,17,5,9,10,11,10,7,16,14,13,8,11,13,8,8,8,10,12,10,9,18,31,28,34,39,35,42,22,43,29,20,31,30,43,27,29,24,33,42,20,28,29,19,26,38,30,26,34,23,29,45
"COG0397",0,0,0,0,0,10,1,1,0,0,0,0,1,2,0,0,0,2,0,0,0,0,3,16,6,0,0,0,1,0,0,1,0,0,0,2,0,0,0,2,0,1,6,0,0,1,0,1,0,0,1,0,1,4,1,0,0,0,1,0
"COG0398",3,4,7,7,5,4,5,5,7,23,6,2,10,7,12,1,13,26,16,4,4,14,11,27,7,9,7,15,12,7,6,9,9,6,8,8,4,10,4,5,12,25,13,3,8,5,1,7,18,5,7,2,10,16,5,3,5,6,12,16
"COG0399",92,92,90,90,148,72,90,92,150,67,76,96,110,89,106,109,40,123,50,94,144,93,60,83,27,194,96,109,75,112,75,157,115,89,120,67,72,90,53,192,94,54,97,87,81,101,137,160,120,111,72,78,106,77,114,131,130,115,20,113
"COG0400",0,0,0,0,2,4,0,0,0,0,1,1,0,1,1,1,0,2,1,0,0,0,0,17,4,0,0,0,0,0,3,2,3,3,0,1,0,0,1,6,2,0,5,1,1,0,0,0,0,2,1,1,1,2,0,0,0,1,24,0
"COG0401",0,0,0,0,0,1,0,0,0,0,0,0,0,0,1,1,0,0,0,0,0,0,0,2,0,0,0,0,0,0,0,0,0,0,0,0,0,0,0,0,0,0,1,0,0,0,0,0,0,0,0,0,0,0,1,1,0,0,1,2
"COG0402",8,35,33,36,21,45,14,17,38,60,33,43,56,89,64,34,39,99,105,29,51,34,76,151,57,25,49,38,52,36,54,24,26,16,31,39,44,33,20,48,36,88,63,31,22,18,22,52,40,25,54,18,29,85,34,44,31,34,115,44
"COG0403",6,27,43,27,44,42,26,25,63,45,19,73,44,29,17,59,21,21,23,24,45,21,2,39,7,45,48,28,6,55,33,82,29,24,42,58,44,51,66,61,29,12,59,20,53,57,39,45,63,61,59,60,41,28,60,70,62,25,2,74
"COG0404",1,34,30,19,40,37,20,29,31,31,20,17,36,19,21,34,36,25,19,28,34,19,2,23,7,23,25,24,11,22,17,43,19,24,25,36,22,31,35,24,18,6,29,13,23,41,18,20,35,39,25,42,42,32,42,34,32,19,8,29
"COG0405",3,3,1,0,5,8,1,3,5,3,3,6,4,11,1,12,1,3,10,1,5,0,5,32,2,10,13,4,5,4,2,1,2,4,2,5,2,3,6,3,2,11,9,0,1,4,0,6,6,6,3,1,1,8,4,17,3,0,1,3
"COG0406",34,51,45,75,16,44,36,63,38,57,74,40,64,60,76,28,57,72,67,50,33,51,124,36,141,33,30,75,67,43,38,30,56,39,40,26,48,59,46,17,54,119,49,61,54,31,38,48,32,66,27,33,38,40,36,27,35,60,202,40
"COG0407",1,16,8,6,17,11,3,7,13,11,8,5,8,9,4,19,6,10,7,12,10,3,17,21,3,13,6,4,10,12,14,10,9,5,9,7,12,20,6,26,6,4,17,5,8,30,15,12,30,13,12,12,24,17,18,13,16,7,18,9
"COG0408",0,0,0,0,0,6,0,1,0,0,0,0,0,0,0,0,0,1,0,0,0,0,1,14,1,0,0,0,0,0,0,0,0,1,0,1,1,1,0,3,0,0,2,0,0,0,0,0,0,0,0,0,0,0,0,1,0,0,1,0
"COG0409",0,4,10,2,6,6,12,3,5,13,16,1,7,7,19,6,4,4,4,3,7,4,12,16,11,2,5,2,15,6,3,2,0,2,3,8,2,2,4,1,0,3,4,0,2,0,0,1,2,0,1,1,2,2,1,1,3,0,3,2
"COG0410",3,18,26,24,12,26,7,11,11,23,22,25,26,17,22,11,28,25,57,4,16,15,23,31,28,19,14,13,19,13,20,14,19,5,11,19,22,20,12,13,26,8,19,18,24,14,19,20,5,19,10,5,14,17,4,11,30,18,44,17
"COG0411",7,20,30,21,6,16,19,15,11,27,14,22,18,22,22,10,17,28,59,11,20,14,26,48,28,15,8,21,22,4,15,12,15,9,17,15,15,22,4,15,19,20,25,26,22,11,20,20,12,13,12,8,15,23,6,9,27,18,43,26
"COG0412",2,1,0,0,2,10,0,0,1,0,0,0,2,0,0,4,0,3,0,0,0,0,2,23,2,2,0,0,0,1,0,3,0,2,0,2,2,0,1,7,0,1,6,0,0,1,0,1,0,0,1,1,0,2,4,0,0,1,1,1
"COG0413",35,20,27,28,27,17,35,27,26,20,4,28,26,16,21,24,23,7,9,21,29,16,11,10,2,25,34,21,15,23,26,17,28,37,37,31,18,22,36,30,29,27,25,21,30,20,18,23,26,19,21,22,14,16,20,23,25,11,4,37
"COG0414",54,32,43,33,25,37,38,44,25,29,25,27,37,28,43,17,32,17,11,34,38,31,12,21,19,28,35,28,21,36,28,38,22,41,27,44,29,28,44,25,28,29,27,26,22,27,20,29,20,34,34,28,28,16,45,33,24,17,8,27
"COG0415",0,0,0,0,1,5,0,0,0,0,0,1,1,1,0,0,0,2,0,1,0,0,2,23,1,2,1,0,0,0,0,1,0,1,0,1,0,0,1,2,0,0,5,1,0,0,0,0,0,0,0,0,0,4,0,2,0,0,2,1
"COG0416",4,25,20,16,7,20,22,22,13,43,55,20,22,34,43,5,36,40,55,21,21,18,52,33,53,16,21,35,39,23,34,4,38,7,15,13,28,18,13,12,15,33,30,30,30,8,19,22,13,23,17,10,14,37,11,7,17,27,12,25
"COG0417",1,1,0,0,1,12,0,1,1,1,0,0,0,1,1,6,0,2,0,0,0,0,1,32,4,0,0,0,0,0,0,5,0,0,0,3,2,0,1,8,1,0,9,0,0,0,0,0,0,1,1,0,0,5,0,0,0,1,1,1
"COG0418",0,0,6,0,1,3,0,0,0,0,0,0,1,1,0,2,0,3,1,0,3,0,0,12,4,0,1,1,0,1,0,1,0,0,0,0,0,1,0,3,0,1,10,0,0,0,0,0,2,1,0,0,0,5,0,1,0,1,2,1
"COG0419",86,69,112,74,101,49,130,132,81,74,93,70,72,89,56,94,81,68,62,86,81,53,110,39,85,35,69,80,73,59,125,147,69,70,101,162,107,83,98,42,151,72,81,51,66,109,88,42,46,75,74,92,82,61,84,106,50,101,49,107
"COG0420",23,47,59,48,28,46,30,76,42,59,60,32,43,76,80,58,65,44,46,50,49,30,85,51,43,49,60,79,73,35,71,45,54,12,54,35,52,62,35,23,59,71,41,52,32,41,44,43,44,56,57,49,37,68,44,43,52,69,48,35
"COG0421",2,17,11,17,6,14,13,21,10,13,21,8,14,21,40,7,21,22,23,11,14,20,19,33,18,4,12,13,30,20,15,3,17,6,12,3,16,19,3,5,14,16,19,28,15,2,9,14,10,11,7,7,12,9,3,4,13,30,9,8
"COG0422",20,18,20,17,11,20,21,24,16,10,16,18,13,12,19,17,19,12,7,31,18,22,12,10,14,19,27,19,20,15,57,43,60,94,42,30,53,47,52,58,41,70,40,51,55,42,43,44,40,78,53,40,42,34,51,67,65,73,84,60
"COG0423",88,74,80,83,46,42,56,78,59,64,79,67,58,69,65,41,77,91,80,64,77,75,26,14,50,59,72,74,65,76,66,51,60,93,73,42,65,77,73,39,78,51,62,63,64,46,52,63,51,73,52,73,77,84,66,64,72,63,68,72
"COG0424",37,24,36,26,28,36,25,30,20,37,30,28,43,29,24,31,38,43,39,26,28,30,17,28,43,19,16,33,30,30,36,31,17,46,26,31,28,24,38,37,26,30,37,27,36,33,23,41,21,26,21,35,25,27,34,34,28,25,54,21
"COG0425",1,39,31,47,62,48,26,49,53,37,22,39,28,24,24,72,38,5,15,33,41,26,10,15,7,30,49,22,19,29,23,47,27,37,44,63,38,34,25,42,14,6,23,30,27,53,42,26,63,54,53,66,36,26,69,66,30,29,7,40
"COG0426",80,69,61,45,52,52,60,58,47,60,64,81,67,60,84,81,61,67,68,72,59,79,53,54,56,61,80,64,78,66,67,52,68,83,70,51,65,65,55,57,63,65,51,59,76,46,58,74,56,72,64,74,62,81,50,51,60,80,36,55
"COG0427",80,58,63,33,39,54,46,33,42,54,38,54,58,63,48,60,64,50,37,50,74,63,4,38,17,35,72,29,37,59,72,40,60,93,44,70,67,65,88,26,35,60,48,52,49,47,41,53,42,80,50,54,47,53,52,61,52,42,6,110
"COG0428",24,11,29,28,9,20,15,54,20,45,31,16,29,47,25,9,43,39,38,8,25,25,27,27,28,9,27,36,24,24,30,14,27,43,22,14,22,25,16,13,34,40,29,19,24,14,16,27,10,16,11,5,17,43,7,10,24,29,9,28
"COG0429",0,0,0,1,4,5,0,1,2,1,0,0,1,1,1,3,1,1,4,1,1,0,0,10,0,0,4,1,1,0,0,0,0,1,0,6,0,3,3,3,1,1,2,1,5,1,2,2,2,2,1,2,1,2,1,3,0,0,1,1
"COG0430",0,0,0,0,1,1,0,0,0,0,0,0,2,0,0,1,0,0,0,0,0,0,0,4,0,2,0,0,0,0,0,0,0,0,0,0,0,1,0,0,0,0,2,0,1,0,0,0,1,0,0,0,1,2,2,0,0,0,1,0
"COG0431",3,0,11,1,3,7,0,0,1,0,3,1,1,0,0,4,1,3,0,1,0,1,69,13,16,2,0,0,1,0,3,5,1,1,0,2,0,0,0,2,0,23,3,0,1,2,0,0,2,0,0,0,0,3,0,0,0,1,10,2
"COG0432",16,14,8,11,14,11,21,6,16,11,7,13,8,5,6,19,13,4,7,12,12,7,4,19,11,9,4,5,4,10,11,13,5,4,12,10,32,9,16,6,9,6,13,7,10,12,6,11,13,18,22,23,13,9,14,15,9,13,7,12
"COG0433",27,18,20,28,14,18,17,25,10,58,51,18,9,73,16,7,16,23,32,17,24,25,31,22,44,18,6,28,15,13,28,7,13,7,4,30,43,11,8,35,59,40,14,9,62,30,51,10,5,13,1,24,3,31,21,50,23,22,18,8
"COG0434",0,1,0,2,2,7,0,0,3,3,3,1,5,3,2,5,2,6,4,0,1,1,0,18,7,1,2,0,1,0,2,3,1,1,3,2,10,1,0,0,1,1,1,0,0,6,0,4,2,3,1,1,2,3,1,1,1,0,1,1
"COG0435",2,2,0,0,4,12,0,2,1,2,7,0,1,6,0,3,3,4,2,1,3,2,1,24,13,1,0,0,7,2,1,2,1,1,0,3,3,2,2,1,3,5,5,2,2,1,2,0,4,1,0,0,4,3,0,0,1,1,3,1
"COG0436",242,232,249,241,243,265,226,288,245,229,210,292,237,224,190,250,215,190,201,238,232,203,232,78,224,211,240,219,203,228,258,206,204,238,237,229,234,257,272,187,205,247,209,215,239,247,182,251,230,245,279,276,264,161,259,248,244,214,399,242
"COG0437",4,5,8,12,11,25,1,7,8,15,14,13,8,13,2,17,8,13,4,8,8,3,9,116,11,8,11,4,6,9,7,10,5,11,7,11,26,16,4,18,10,5,31,6,13,4,5,4,12,12,9,6,7,14,13,19,8,14,14,16
"COG0438",637,673,756,650,904,547,542,781,637,529,548,674,732,496,438,961,469,433,436,755,620,644,315,318,323,811,641,537,401,592,212,316,203,168,259,252,152,199,218,335,151,133,144,183,184,386,250,217,394,197,245,368,277,172,335,280,262,150,117,181
"COG0439",15,62,37,35,67,49,43,37,82,53,66,46,70,34,63,71,60,20,33,70,45,36,94,48,55,79,56,56,62,53,37,106,53,24,80,55,71,45,54,122,29,50,40,33,43,89,61,37,83,63,62,57,71,51,97,97,85,69,38,42
"COG0440",2,14,4,5,8,9,4,5,7,9,20,3,3,11,11,3,3,10,8,5,5,10,10,15,8,10,7,5,3,18,23,10,21,9,20,22,26,33,10,16,33,28,30,50,32,8,21,33,13,24,27,14,36,25,12,17,22,28,42,23
"COG0441",139,116,146,148,124,100,174,159,124,146,134,123,127,140,124,96,161,165,128,118,110,173,110,62,104,130,124,175,135,119,147,100,141,212,151,125,111,124,160,94,116,135,118,141,122,100,126,102,121,134,111,114,104,163,110,101,130,123,97,146
"COG0442",75,57,54,89,47,40,52,90,45,78,62,70,60,91,67,52,84,66,74,52,66,85,89,48,81,51,73,72,71,56,61,52,60,72,46,47,52,71,43,45,74,68,48,62,77,56,59,53,38,71,60,50,44,100,51,54,47,67,89,68
"COG0443",73,118,93,135,68,91,92,183,89,97,114,117,77,119,98,58,138,114,141,88,141,182,131,106,117,72,101,139,122,96,95,123,147,108,90,59,110,97,80,73,227,134,131,98,131,69,99,93,69,112,77,58,75,158,65,59,98,127,102,139
"COG0444",11,59,46,48,21,61,33,37,35,54,79,58,61,55,100,38,37,97,107,40,48,37,126,124,97,28,39,58,88,48,56,30,43,19,52,33,62,41,18,22,42,57,69,45,63,24,36,70,40,51,35,28,39,103,19,35,36,68,73,38
"COG0445",97,84,93,92,56,82,111,106,81,113,89,88,97,115,103,77,114,117,99,103,95,105,133,48,104,69,91,121,106,91,124,60,102,113,98,92,141,99,93,75,113,112,93,98,109,78,85,92,77,105,104,112,78,94,91,104,102,112,35,117
"COG0446",26,175,80,98,100,158,60,97,97,144,139,114,91,115,115,107,103,117,144,94,99,74,187,180,166,80,132,91,193,118,98,89,85,60,122,118,114,140,38,99,110,92,95,106,122,97,76,123,70,107,109,110,89,166,97,107,98,115,145,92
"COG0447",28,20,35,19,17,23,18,26,25,13,4,25,15,10,4,19,21,13,5,11,13,16,10,12,3,8,15,3,8,28,7,26,17,53,9,17,17,16,40,32,13,18,18,13,23,18,17,11,26,20,28,17,20,10,33,26,18,8,3,22
"COG0448",12,65,50,82,22,43,41,68,48,80,107,52,48,77,136,35,79,80,129,55,56,57,140,63,152,41,61,90,150,55,74,9,104,10,67,40,45,70,29,23,72,82,72,105,84,23,51,86,38,53,36,29,61,76,15,19,45,92,102,39
"COG0449",71,81,65,101,72,110,94,75,74,112,95,88,95,90,88,88,114,120,116,87,101,87,87,59,113,111,63,87,109,77,86,55,110,65,70,81,88,85,79,48,109,85,82,73,109,78,75,103,61,87,76,67,87,88,59,79,83,100,98,69
"COG0450",1,26,20,15,30,22,24,6,25,31,7,12,26,20,12,30,20,20,12,28,17,17,22,9,15,33,30,7,5,16,22,37,13,4,29,25,25,30,14,37,8,16,22,13,15,28,19,14,22,28,23,43,26,20,32,27,25,15,29,26
"COG0451",289,206,248,212,330,262,223,194,262,195,193,241,307,209,198,300,163,168,172,281,234,186,103,128,84,279,203,178,174,214,215,317,180,175,296,190,204,245,274,345,258,172,213,176,183,365,287,305,315,249,263,358,238,162,310,288,272,177,92,225
"COG0452",44,38,46,64,34,34,57,59,47,58,51,45,45,31,54,34,54,46,45,44,59,39,62,25,54,36,66,65,61,61,49,26,51,55,46,42,66,52,38,30,45,52,52,54,64,22,62,64,35,55,66,31,41,51,36,45,41,37,83,47
"COG0454",45,146,100,151,121,205,89,180,176,122,196,125,141,133,177,175,131,143,141,154,116,112,192,181,139,153,129,135,124,118,177,131,135,65,167,132,126,139,84,129,133,118,169,210,107,168,123,156,174,136,152,128,134,152,134,152,133,139,156,124
"COG0455",0,4,6,10,1,2,5,7,11,6,5,1,1,8,18,0,4,2,2,10,4,10,0,0,1,10,2,21,9,3,13,0,11,0,7,0,5,6,3,0,4,7,5,22,5,0,5,9,8,2,2,2,3,1,1,1,2,14,0,1
"COG0456",2,19,10,23,17,10,8,22,21,32,19,8,15,28,33,13,28,33,30,12,8,14,49,44,29,14,23,29,19,10,22,18,20,6,17,10,11,13,12,14,29,22,33,25,14,15,16,37,9,13,12,9,19,43,13,6,13,19,31,13
"COG0457",306,249,306,304,427,334,278,404,277,273,137,337,323,225,113,370,222,150,121,337,345,306,70,141,80,271,312,242,116,246,280,389,218,409,260,383,316,271,416,293,262,172,238,215,296,402,318,220,354,316,356,372,329,183,459,430,271,226,141,324
"COG0458",299,159,236,162,145,163,181,154,178,167,128,198,191,207,172,153,166,173,150,150,207,229,159,90,169,155,180,178,177,178,154,179,214,281,185,203,154,218,222,147,177,227,181,140,184,131,186,181,115,205,149,136,196,169,144,171,163,175,164,227
"COG0459",37,31,28,22,18,17,24,27,30,31,23,25,17,22,21,14,31,37,25,17,26,31,25,19,26,31,24,21,29,27,68,42,92,87,65,65,65,76,77,56,79,72,62,73,82,43,60,90,69,94,53,42,64,96,53,58,71,85,93,91
"COG0460",102,67,93,89,70,84,62,90,68,73,73,80,64,72,90,67,72,62,57,102,66,89,82,55,78,65,65,81,116,76,64,69,68,134,62,89,82,87,104,45,75,111,90,79,90,43,67,66,55,56,75,71,88,69,61,65,62,80,75,89
"COG0461",46,23,37,44,21,31,55,35,30,31,39,30,27,39,33,32,43,24,31,36,27,42,34,33,35,31,24,44,41,22,32,34,44,40,33,40,29,34,39,15,34,40,26,48,32,26,25,30,23,34,30,40,36,22,37,31,28,37,34,35
"COG0462",14,14,15,21,15,12,17,23,16,20,19,13,16,22,42,15,13,17,18,21,15,20,36,11,35,29,12,20,23,16,63,37,80,44,45,55,64,51,70,36,79,80,70,54,70,35,55,73,42,41,44,32,54,63,40,35,59,62,111,65
"COG0463",779,708,704,708,766,504,724,861,720,622,739,598,654,608,530,759,661,595,452,823,636,809,546,197,543,754,558,695,652,674,748,668,722,957,687,727,595,632,707,789,725,500,612,736,546,1007,727,634,890,691,688,1019,722,515,758,684,653,559,518,572
"COG0464",75,30,13,44,20,18,44,36,14,39,26,25,38,33,13,53,68,41,17,34,30,18,61,0,40,6,16,46,41,23,47,12,41,40,41,38,21,29,25,40,54,32,29,27,11,16,35,23,23,23,23,14,26,22,30,20,22,21,61,26
"COG0465",23,38,39,46,30,27,24,44,46,58,59,37,36,35,46,24,59,50,57,38,30,43,58,25,51,19,27,49,62,44,126,67,128,80,113,85,106,137,83,78,139,138,142,107,129,63,99,108,77,102,106,75,99,172,64,75,108,134,119,106
"COG0466",119,108,89,98,71,89,99,101,69,97,109,63,83,107,92,55,104,104,118,71,93,98,75,61,79,62,100,88,111,91,100,62,101,114,68,74,85,106,83,72,99,113,84,116,86,52,90,100,68,70,58,50,79,89,65,65,85,89,26,88
"COG0468",50,63,71,72,55,58,46,54,54,205,42,52,97,63,46,47,45,76,71,59,93,50,55,22,49,75,60,57,42,49,103,626,69,56,53,55,39,50,58,49,60,59,36,44,47,114,34,41,45,53,62,44,38,86,43,59,59,48,58,56
"COG0469",55,59,79,79,48,64,68,95,63,90,77,83,58,71,56,49,79,70,72,63,78,77,68,51,74,56,81,91,74,82,62,56,70,92,64,70,64,86,68,76,60,87,57,72,61,58,70,67,28,58,59,32,49,59,58,59,60,60,55,73
"COG0470",3,5,5,7,1,10,3,5,1,14,14,5,15,20,6,11,4,20,15,10,6,10,31,16,21,2,7,6,13,9,8,11,3,4,5,3,15,5,1,8,7,32,17,2,7,3,4,3,4,8,5,2,2,28,6,10,6,18,39,11
"COG0471",91,80,102,99,133,81,125,127,123,103,105,141,165,131,65,149,61,61,95,137,141,137,64,134,75,84,124,91,94,108,115,131,88,191,90,84,124,107,105,128,122,104,102,91,146,94,110,95,126,83,153,108,132,78,121,144,123,126,87,141
"COG0472",111,71,103,75,83,105,50,84,83,101,67,88,90,82,74,71,79,83,92,77,77,67,77,61,85,97,69,68,83,103,79,111,100,77,62,68,88,94,93,129,55,118,58,51,70,132,81,68,88,82,58,73,86,102,81,78,100,76,104,90
"COG0473",40,49,48,33,45,53,54,39,40,47,57,56,53,53,71,41,49,41,57,44,65,42,28,37,59,41,62,38,35,65,56,47,51,51,53,54,58,67,41,43,46,45,61,46,45,29,39,46,37,40,73,48,50,36,45,46,50,56,53,50
"COG0474",193,165,155,258,111,180,100,249,153,260,191,123,144,144,211,161,286,229,206,143,172,193,295,188,270,189,182,171,176,163,164,138,138,193,147,135,153,149,115,143,133,227,139,122,137,165,177,183,155,135,164,161,184,258,119,144,153,125,309,171
"COG0475",163,109,144,99,180,120,160,99,154,95,59,138,131,108,40,154,91,70,46,161,138,142,51,53,75,123,120,69,49,112,112,197,103,199,96,130,124,106,140,178,86,96,81,84,119,199,108,75,186,149,166,159,127,92,175,189,157,103,62,147
"COG0476",16,23,18,45,25,57,89,32,30,22,24,33,35,36,33,18,17,16,8,27,21,19,15,21,17,24,41,23,31,29,31,22,21,47,28,19,20,23,26,23,30,36,20,24,42,27,25,33,19,20,35,16,33,12,22,26,17,20,53,33
"COG0477",539,318,414,226,528,870,589,225,377,360,238,383,364,363,310,513,306,359,197,286,334,264,507,1343,500,275,355,168,160,277,350,483,211,563,437,619,311,271,486,644,259,662,544,228,361,441,323,274,501,379,334,501,360,365,420,478,327,251,1114,472
"COG0479",65,24,28,15,17,22,50,18,21,20,22,19,22,24,15,41,31,16,17,21,26,36,9,22,28,14,32,16,19,16,25,28,22,57,35,31,21,24,47,22,11,25,22,12,15,19,20,16,18,32,13,38,19,14,34,30,26,20,31,29
"COG0480",421,292,332,316,257,302,258,321,392,337,293,388,339,328,256,276,315,296,350,372,316,375,225,118,340,265,281,323,317,300,380,221,274,268,394,264,328,283,258,159,344,244,241,290,300,435,332,332,626,277,266,303,308,297,268,235,306,276,332,301
"COG0481",79,76,88,86,66,53,83,83,90,88,80,84,95,95,67,71,73,109,86,66,72,81,72,34,90,58,73,80,83,82,98,55,89,100,70,61,80,91,78,39,71,86,82,86,82,56,57,65,25,69,84,59,68,96,58,72,74,87,91,85
"COG0482",53,78,72,63,98,86,59,85,97,93,85,100,83,87,53,89,99,73,62,82,95,69,70,22,49,82,99,81,64,89,64,73,58,58,90,107,119,84,82,87,55,82,90,57,103,92,82,80,83,78,105,101,84,52,100,96,79,87,39,89
"COG0483",1,23,15,12,28,23,7,11,24,9,11,29,21,17,10,23,6,9,13,26,20,12,30,22,16,13,19,13,14,15,2,11,1,3,6,9,8,6,2,6,2,3,12,6,6,12,9,7,7,6,11,6,10,5,8,11,10,3,13,7
"COG0484",39,50,48,61,39,36,37,64,51,31,56,48,53,51,67,50,59,62,54,35,61,48,57,37,59,23,56,46,53,42,44,43,56,59,44,48,61,62,48,30,91,64,61,44,51,22,33,55,75,46,48,35,46,77,38,41,43,56,70,48
"COG0486",40,52,76,62,56,52,36,86,55,89,62,83,51,73,61,56,70,77,79,78,72,76,67,51,76,50,53,70,76,71,62,48,65,79,66,64,46,58,63,63,71,71,68,71,48,42,48,58,59,55,64,60,64,67,60,57,72,60,26,63
"COG0488",336,288,304,335,333,319,277,327,354,278,302,336,332,298,299,349,286,287,217,353,338,351,411,199,348,279,328,357,347,321,313,344,313,401,317,325,304,297,329,318,283,316,284,320,325,300,284,278,312,287,345,383,316,240,309,423,303,331,346,323
"COG0489",213,125,159,128,158,159,207,136,160,138,110,122,161,127,102,145,89,102,118,99,147,138,63,90,102,180,207,76,109,120,108,193,149,150,160,141,102,157,139,199,83,136,100,107,151,191,196,123,140,140,121,127,109,128,162,133,157,95,128,181
"COG0490",1,1,0,1,0,0,0,1,0,1,0,2,3,2,1,1,1,0,0,1,1,1,0,0,0,1,1,3,0,0,3,0,1,0,0,0,1,0,1,0,1,0,0,1,1,1,0,0,0,0,1,0,3,1,0,2,1,0,1,1
"COG0491",36,70,72,37,48,58,54,55,62,54,79,52,56,70,53,48,79,84,83,48,61,36,48,78,51,39,45,85,64,55,55,61,50,40,38,51,60,48,55,84,62,57,67,59,58,42,43,47,58,56,53,30,50,67,43,40,65,36,25,50
"COG0492",35,50,58,50,28,47,37,57,42,55,61,46,55,59,54,57,54,75,69,48,45,49,110,53,84,41,46,50,75,48,47,37,57,69,42,44,61,50,59,44,51,88,50,47,51,42,50,49,36,66,54,23,52,65,50,45,45,49,124,51
"COG0493",182,161,211,157,101,154,196,135,185,171,161,172,194,164,243,136,144,145,244,167,183,158,120,210,157,103,165,166,243,162,157,111,141,226,149,141,135,188,177,109,172,183,147,155,229,104,139,145,117,169,160,133,153,170,123,151,148,182,130,171
"COG0494",45,94,88,138,49,89,45,130,97,89,162,65,78,104,116,76,144,131,119,86,86,126,197,123,169,111,59,108,132,74,107,49,125,62,110,54,81,84,42,80,133,129,122,167,68,57,74,100,70,62,63,71,98,88,61,49,65,110,239,65
"COG0495",151,106,127,124,90,99,125,144,108,125,110,115,111,112,125,104,130,139,116,116,109,117,122,67,86,80,110,112,101,143,103,86,120,137,102,108,138,117,118,76,111,133,110,85,131,80,89,112,86,130,89,133,124,143,102,128,114,103,116,125
"COG0496",31,12,27,21,28,28,39,19,18,23,14,29,18,27,19,24,27,24,18,37,24,22,5,9,5,28,24,14,10,19,23,24,13,36,14,23,29,17,45,28,24,31,25,11,22,16,14,21,25,25,43,40,16,17,34,32,37,12,5,18
"COG0497",73,48,82,82,57,48,59,82,62,73,75,79,61,77,61,41,66,89,85,56,56,76,66,27,47,48,70,61,74,77,57,41,59,59,50,50,55,78,72,36,78,76,56,60,77,38,49,75,35,58,55,53,61,72,50,50,57,63,79,77
"COG0498",60,52,60,45,50,53,57,53,55,63,61,62,83,89,71,47,57,64,96,56,62,55,68,49,37,43,57,69,73,71,58,43,65,50,55,70,73,64,81,33,66,76,63,55,75,35,55,58,35,60,43,63,63,69,56,53,47,68,63,54
"COG0499",0,20,21,9,12,14,13,4,19,32,8,15,25,18,7,26,14,18,31,11,11,15,8,0,17,20,22,5,2,12,24,38,6,3,20,12,11,22,13,35,13,13,19,3,7,26,26,7,23,23,11,14,14,34,20,12,23,19,19,31
"COG0500",58,167,110,166,140,151,100,141,161,139,208,116,150,189,164,146,161,219,232,105,141,162,235,232,189,207,125,185,184,127,157,110,136,57,131,119,115,165,92,171,149,141,172,169,177,148,136,183,169,158,86,118,149,193,109,76,140,212,111,122
"COG0501",15,9,4,3,13,12,10,5,12,10,4,9,12,7,6,15,8,4,10,9,8,11,8,14,11,8,5,3,3,12,34,60,26,36,32,47,26,34,42,59,33,29,18,20,39,49,38,29,47,25,59,31,52,29,49,44,26,20,51,43
"COG0502",10,56,51,54,72,63,50,41,81,54,39,81,49,42,62,56,54,33,23,58,68,42,38,29,35,57,73,51,58,67,53,69,46,22,77,82,44,72,51,78,23,42,56,51,96,53,64,55,63,68,64,68,72,37,76,55,68,59,20,59
"COG0503",73,55,63,59,52,55,45,69,49,48,68,58,42,58,43,77,46,46,62,38,53,62,82,38,80,49,43,63,68,46,56,54,47,64,52,59,75,49,74,50,55,60,41,66,58,46,47,29,36,58,55,51,48,49,45,61,53,55,67,56
"COG0504",86,66,87,85,53,56,89,72,61,89,90,84,75,82,61,58,93,87,102,65,76,71,82,45,72,43,66,87,65,69,70,54,87,89,59,42,76,92,82,62,68,99,73,52,77,65,61,62,58,63,69,65,71,93,67,80,67,46,85,80
"COG0505",54,50,60,46,24,43,51,48,42,43,48,52,41,41,40,38,40,52,29,47,49,49,70,26,63,37,54,33,52,46,50,29,46,54,37,37,56,49,54,28,54,73,42,52,62,30,38,54,20,55,46,38,54,39,32,46,38,52,64,47
"COG0506",0,32,11,12,14,35,15,6,26,16,5,15,18,10,11,67,2,12,7,31,19,18,3,45,0,20,9,7,4,20,12,12,7,6,28,17,28,29,10,63,6,5,49,3,19,36,40,7,40,37,29,60,24,13,37,51,20,29,5,17
"COG0507",326,251,284,236,223,215,212,234,192,287,278,269,238,245,265,161,219,248,377,387,246,279,279,897,253,222,233,316,234,271,275,157,313,235,201,258,300,209,208,108,301,183,167,252,222,182,227,254,181,221,289,154,230,227,221,168,224,240,237,250
"COG0508",0,9,12,3,25,19,1,3,17,9,5,12,14,15,3,13,4,18,9,5,7,9,31,35,5,27,11,8,1,4,2,26,8,3,17,21,6,10,6,33,5,17,28,4,6,9,13,4,16,9,9,12,10,16,14,13,13,10,9,20
"COG0509",2,15,13,9,14,13,15,8,13,14,8,16,14,15,6,20,10,12,5,18,14,11,0,10,6,13,18,8,5,12,9,22,9,6,19,21,6,13,12,18,7,2,11,8,7,27,13,9,23,19,9,27,11,15,24,20,12,10,30,10
"COG0510",15,22,4,4,19,5,5,8,5,6,30,7,3,2,21,16,2,7,14,22,4,19,45,15,21,3,6,4,16,23,1,5,4,2,1,0,2,2,1,1,2,6,3,13,3,1,6,4,3,5,6,1,3,1,1,0,0,0,0,0
"COG0511",26,55,31,35,39,45,33,26,50,26,30,22,47,33,35,60,36,26,32,32,32,39,16,26,17,37,40,31,27,38,44,68,34,56,40,26,53,42,49,34,22,31,27,34,26,53,48,23,47,44,35,60,36,33,64,48,36,36,20,37
"COG0512",49,19,31,22,17,37,34,30,31,20,23,23,17,34,21,21,27,17,16,28,26,16,35,33,30,21,17,14,20,25,22,24,22,39,17,21,23,29,27,24,24,21,26,29,20,18,20,23,29,17,22,31,21,18,31,23,18,15,37,22
"COG0513",79,142,152,127,160,152,158,144,138,132,100,164,147,111,91,163,98,79,70,127,160,133,101,133,110,125,125,110,98,139,112,181,113,157,137,125,164,154,149,147,87,135,122,103,142,142,139,93,180,152,183,176,127,69,194,186,151,151,97,138
"COG0514",256,192,274,119,264,191,359,164,233,171,89,197,199,139,90,230,120,130,112,214,163,221,57,51,88,187,180,139,115,188,231,275,146,282,167,237,228,168,301,206,168,152,160,130,203,200,182,148,247,226,239,277,223,81,252,252,218,150,104,235
"COG0515",103,108,220,161,55,67,74,224,113,142,186,49,93,218,138,22,161,159,214,79,106,121,205,35,193,62,75,309,213,88,44,20,57,13,27,30,24,41,26,14,36,53,51,37,32,20,21,35,20,36,37,39,46,53,20,13,45,36,118,40
"COG0516",69,72,67,72,60,60,86,85,76,56,63,66,66,88,72,59,69,51,80,57,62,83,104,51,79,66,73,66,76,65,63,68,63,91,62,68,66,73,90,82,78,97,53,65,85,52,54,47,54,81,78,47,62,60,56,64,76,86,95,71
"COG0517",141,92,126,89,64,82,149,99,84,94,89,87,107,115,87,84,95,91,104,76,77,93,131,67,104,63,94,85,97,90,96,83,88,152,94,86,88,87,106,75,88,141,101,77,72,59,76,66,66,94,85,73,86,115,75,87,69,77,145,101
"COG0518",75,94,86,68,89,57,71,62,86,47,71,106,84,78,66,94,61,65,56,60,81,96,115,47,98,78,84,79,72,90,77,80,72,90,57,65,82,93,67,65,58,99,90,54,61,75,72,74,76,96,107,77,67,62,85,99,83,105,79,51
"COG0519",67,84,79,86,60,54,73,61,109,63,76,106,84,101,70,82,66,64,85,74,65,98,84,35,58,54,90,76,72,77,91,72,82,92,80,54,82,81,71,67,66,81,86,61,76,108,61,79,79,93,92,97,75,87,76,83,89,80,71,70
"COG0520",69,49,64,77,50,52,69,63,56,83,56,67,54,77,86,60,77,75,84,72,58,56,81,62,59,56,59,63,83,72,67,66,57,75,61,50,59,75,60,55,71,71,73,50,66,42,49,64,47,69,69,47,52,67,51,49,57,67,58,64
"COG0521",5,13,8,6,4,16,10,4,6,16,13,9,9,8,24,6,10,12,8,14,6,3,22,33,22,5,12,2,22,6,12,4,10,2,10,15,12,12,7,8,4,17,10,11,8,3,6,7,6,10,5,7,6,14,5,5,4,14,19,6
"COG0522",37,34,39,32,30,21,31,40,36,37,31,30,40,37,31,30,46,49,31,45,33,53,44,14,41,36,29,45,45,26,15,4,18,7,13,18,1,7,13,8,9,6,8,14,12,9,5,10,8,5,11,11,12,16,7,6,9,10,12,6
"COG0523",37,32,38,48,23,43,29,49,34,25,40,47,25,33,44,28,29,32,42,45,22,28,29,35,47,23,21,42,43,24,20,21,56,24,38,19,46,35,13,7,23,27,35,32,34,24,28,23,28,35,39,29,32,31,13,24,27,42,12,21
"COG0524",230,198,222,187,247,215,254,198,216,187,179,264,186,184,178,231,198,216,216,250,238,175,157,292,221,196,194,161,211,219,171,174,161,208,209,253,243,193,252,199,198,190,220,166,288,208,205,199,216,204,249,242,221,184,251,241,214,192,281,215
"COG0525",110,90,136,109,65,94,88,119,100,127,99,100,109,114,100,86,128,142,129,111,134,119,92,64,107,88,126,124,123,101,108,94,132,150,78,89,106,113,109,60,77,152,99,80,134,53,88,94,60,117,85,97,103,169,81,84,107,114,151,114
"COG0526",351,244,178,188,232,254,215,188,192,156,150,163,255,234,135,308,196,143,106,214,219,193,82,71,92,225,200,135,122,153,82,73,59,54,93,89,62,76,99,80,92,44,49,86,55,121,70,66,119,68,93,107,77,52,101,112,61,60,42,91
"COG0527",174,114,104,110,139,118,104,147,130,120,84,143,143,121,88,115,111,110,77,140,103,134,105,86,89,142,120,82,98,114,104,114,102,181,95,128,143,113,197,98,105,134,107,103,155,124,119,115,119,120,160,107,121,102,132,162,118,99,85,132
"COG0528",44,36,37,50,33,31,41,46,40,59,45,44,37,39,34,46,38,46,47,35,33,37,41,16,37,31,45,31,43,37,40,25,46,42,38,24,44,30,39,32,24,44,41,37,39,36,36,35,38,32,42,38,34,40,46,37,32,39,45,45
"COG0529",1,7,8,12,21,14,3,13,21,5,6,19,19,8,12,15,5,3,6,16,10,6,2,18,6,7,16,12,7,18,8,20,6,4,17,20,13,6,10,19,2,3,5,7,22,23,15,10,18,16,20,18,10,8,21,24,17,6,1,11
"COG0530",6,43,26,35,44,32,19,42,52,29,58,40,30,35,49,36,34,29,30,49,34,29,20,25,44,47,33,54,62,41,39,13,50,8,39,19,41,33,18,34,24,36,33,47,57,27,52,39,25,30,32,44,47,30,27,34,31,42,8,30
"COG0531",22,85,57,47,73,110,75,34,77,84,62,61,80,88,71,117,50,67,97,71,62,46,253,291,300,61,72,47,75,100,78,113,74,51,84,86,100,98,67,82,67,282,104,65,115,87,49,62,78,100,110,88,60,90,101,121,72,73,278,86
"COG0532",97,68,72,98,57,70,126,113,59,111,80,79,71,74,71,53,102,91,83,62,87,67,83,58,72,60,98,66,78,93,84,69,89,134,44,65,67,71,109,71,108,93,77,37,72,33,71,63,17,80,66,26,86,90,62,79,74,76,93,87
"COG0533",58,45,49,74,45,34,55,56,48,93,55,43,38,69,44,46,44,63,81,36,46,45,54,27,57,35,54,61,53,50,47,40,60,55,32,39,66,49,52,48,57,65,43,50,75,44,32,66,21,49,52,39,57,59,40,56,45,51,44,56
"COG0534",412,797,646,822,586,570,540,745,791,637,982,776,644,692,938,539,822,648,796,683,706,704,634,367,890,740,831,803,1019,801,599,481,859,568,800,576,776,740,529,514,738,496,792,829,791,536,771,753,607,707,686,585,724,621,496,589,674,909,396,588
"COG0535",85,116,123,100,79,42,149,97,97,121,120,57,125,117,128,95,86,72,59,78,71,121,65,10,53,63,69,105,91,138,106,102,85,49,156,87,69,73,56,50,118,54,72,142,130,87,124,81,126,88,76,141,98,89,120,78,91,108,29,53
"COG0536",60,44,58,59,37,49,60,65,51,60,61,57,43,55,36,39,47,56,62,42,56,79,42,22,47,28,54,62,50,63,62,39,61,71,43,46,47,57,55,30,43,65,50,48,73,27,48,49,31,52,52,44,55,58,45,49,47,45,72,55
"COG0537",23,38,37,51,37,33,25,40,34,38,36,41,38,28,31,41,38,47,18,49,32,37,31,20,46,40,32,37,42,44,44,40,40,25,38,40,37,52,30,20,46,31,30,31,38,29,21,37,44,30,52,65,49,35,57,60,49,46,36,31
"COG0538",66,61,60,60,34,42,48,44,37,34,39,52,43,46,47,41,48,44,55,51,44,63,40,23,33,41,41,46,52,42,31,35,49,55,53,32,45,51,35,25,25,46,45,53,49,39,20,41,44,46,48,35,43,43,50,50,31,42,40,43
"COG0539",101,78,83,92,65,57,69,83,74,80,65,78,91,112,80,58,82,80,112,82,92,96,74,49,58,74,96,96,65,55,96,59,76,119,75,62,81,98,83,65,101,65,90,65,100,49,59,75,54,81,97,81,65,69,68,79,73,77,73,84
"COG0540",63,44,67,48,42,37,43,41,38,37,66,57,43,59,43,30,39,40,42,32,47,67,41,28,53,51,54,53,47,37,42,37,53,41,49,43,59,39,40,24,59,59,41,45,65,18,34,58,37,59,31,38,30,35,31,28,41,43,56,59
"COG0541",59,66,65,58,40,56,78,79,59,80,53,76,42,64,50,77,78,66,69,62,55,69,65,37,77,46,80,73,54,61,61,45,52,76,60,56,70,76,51,46,62,53,54,45,65,39,54,41,48,60,61,58,55,92,50,67,55,70,72,68
"COG0542",257,313,283,250,198,215,280,291,281,290,261,306,234,281,247,193,296,297,321,274,218,288,303,181,319,201,209,286,244,235,240,132,248,381,222,267,290,273,233,156,237,328,266,222,327,183,208,242,282,378,295,211,248,294,203,180,214,249,265,237
"COG0543",36,28,44,27,26,43,48,28,29,26,23,33,21,32,41,40,19,30,27,27,32,22,18,6,27,35,39,40,23,32,92,79,83,123,99,58,107,102,132,86,84,89,85,86,115,103,77,99,86,95,104,107,99,63,90,106,85,85,61,104
"COG0544",55,111,93,111,69,71,101,112,74,73,127,82,61,89,87,73,96,110,108,117,70,115,90,33,122,62,64,103,129,93,84,53,108,67,96,80,101,88,72,68,104,88,80,121,89,66,102,95,78,109,73,106,99,66,51,70,77,118,64,71
"COG0545",153,50,91,98,95,93,103,148,86,52,26,81,72,56,14,73,39,48,17,85,64,86,8,25,24,56,57,40,36,101,39,78,50,188,79,86,66,81,117,75,60,50,44,45,58,87,59,49,77,63,132,101,74,32,96,86,65,39,68,67
"COG0546",70,82,99,81,76,65,96,115,64,91,106,55,69,119,82,62,75,71,85,82,67,71,97,65,96,60,60,79,104,67,89,78,70,84,107,95,45,72,82,65,79,97,68,93,78,45,84,91,61,65,70,78,86,72,66,67,77,73,76,65
"COG0547",37,26,38,30,27,39,47,19,31,29,27,42,28,31,41,23,35,22,29,29,39,47,29,38,33,30,31,30,39,21,12,10,12,13,20,6,9,13,15,5,5,15,18,9,11,9,14,12,12,14,16,12,4,12,9,13,11,5,10,13
"COG0548",37,29,46,38,38,42,33,20,40,40,43,31,40,34,45,31,48,20,28,33,45,41,24,51,34,37,40,38,48,44,37,33,34,34,32,31,36,42,44,29,33,37,42,49,45,27,37,33,44,45,44,24,44,36,44,37,45,41,56,52
"COG0549",3,22,10,15,14,9,5,12,19,11,20,3,12,12,29,13,10,19,20,12,14,8,42,85,30,12,4,16,33,8,18,4,20,12,14,8,10,14,10,8,7,39,19,24,13,5,13,16,11,10,14,8,9,23,7,5,8,22,21,10
"COG0550",292,311,336,266,233,267,289,277,384,302,287,333,269,311,280,186,318,229,349,260,304,282,198,115,263,228,257,297,250,429,296,185,292,259,229,279,356,330,219,181,290,218,285,240,340,248,196,263,216,353,246,256,280,312,267,204,269,394,228,374
"COG0551",10,61,41,54,19,42,24,52,28,38,85,27,47,68,92,21,54,67,97,34,34,27,97,96,75,26,39,51,73,40,43,21,48,12,37,39,45,35,20,28,46,61,55,45,34,19,47,45,18,44,29,20,26,73,12,14,30,56,53,27
"COG0552",24,32,24,30,24,28,48,54,37,44,51,31,37,50,50,35,50,60,34,22,41,42,52,21,48,34,31,46,38,36,12,7,11,18,5,10,8,15,11,12,6,19,14,17,8,6,9,12,14,7,7,12,9,14,7,9,13,18,17,10
"COG0553",254,210,152,128,111,170,124,122,53,267,171,112,128,157,92,75,142,81,104,122,206,123,114,59,136,170,131,161,157,90,161,91,148,129,76,113,163,124,166,168,128,143,153,98,114,144,132,64,164,191,85,54,76,150,153,123,128,137,164,126
"COG0554",11,48,31,41,32,45,11,31,34,52,33,46,29,41,63,34,28,54,69,45,45,22,52,60,76,31,25,52,53,29,23,16,35,6,35,19,44,49,14,32,31,55,43,40,51,12,43,33,25,44,31,43,36,44,21,32,31,48,29,32
"COG0555",0,13,2,11,0,13,2,4,2,11,11,1,5,6,25,4,7,9,3,3,4,13,6,8,3,1,9,16,19,11,6,2,19,1,8,5,6,7,5,3,1,9,18,7,8,1,7,8,3,4,0,3,6,5,3,1,2,7,6,1
"COG0556",61,73,68,80,48,56,72,90,64,81,84,65,72,85,60,66,67,101,96,59,83,77,82,26,94,69,75,64,63,72,84,78,92,93,58,81,82,91,83,51,80,85,77,55,74,42,68,64,57,68,64,54,63,103,66,68,96,59,105,96
"COG0557",100,81,59,86,48,82,81,92,74,96,89,70,95,89,70,77,109,76,68,77,73,106,78,59,79,64,104,101,72,81,105,63,83,136,67,101,93,73,93,65,69,113,54,70,70,48,87,64,67,79,81,70,69,75,63,59,82,105,35,97
"COG0558",18,28,40,37,26,30,10,53,22,42,38,26,21,35,25,15,38,53,48,20,21,43,42,27,31,29,13,34,31,33,19,21,25,55,13,13,23,22,18,17,34,33,28,24,26,20,20,38,32,17,25,10,20,57,19,14,31,23,86,30
"COG0559",2,12,6,6,1,13,3,6,5,12,6,7,7,11,10,3,7,17,18,3,7,6,8,9,7,2,3,10,9,3,26,26,20,10,27,11,23,23,10,25,21,19,32,20,21,13,19,34,17,15,16,18,18,36,2,10,14,18,50,16
"COG0560",38,40,34,40,37,41,18,25,33,33,30,46,38,24,23,33,30,28,22,34,35,33,26,18,38,39,39,28,23,30,30,43,35,30,29,36,19,33,30,41,26,18,46,29,40,35,30,31,24,38,41,31,31,28,31,44,27,27,48,44
"COG0561",95,141,119,113,105,130,156,133,120,161,201,153,105,128,171,144,146,142,144,147,119,109,310,152,263,131,144,114,238,144,149,113,129,109,176,154,121,130,98,117,135,210,125,159,147,129,135,161,91,149,159,133,144,115,128,132,130,164,190,110
"COG0562",60,31,70,42,31,60,19,30,36,56,59,22,26,39,50,45,55,27,16,45,25,33,46,23,46,66,49,48,55,65,63,39,44,16,57,49,53,50,75,17,40,42,29,45,49,24,52,50,39,35,49,100,55,30,44,56,31,42,66,52
"COG0563",25,31,29,43,26,24,29,51,30,58,52,38,45,40,36,38,47,65,34,37,31,50,65,19,46,39,38,44,31,36,46,33,38,36,39,27,36,28,36,30,46,35,41,32,45,19,28,33,35,36,53,30,41,60,31,31,45,44,61,33
"COG0564",190,152,195,144,112,114,183,180,113,164,165,148,142,171,127,121,185,179,143,108,127,128,167,83,130,133,175,130,176,163,123,117,154,198,117,130,180,154,181,119,139,204,130,157,155,115,147,175,118,136,160,123,145,153,133,148,147,130,137,145
"COG0565",0,0,0,3,1,4,0,0,2,2,1,0,0,2,1,2,0,6,0,1,0,0,3,16,1,3,0,2,1,0,0,5,0,2,0,2,2,2,1,3,6,2,7,1,3,0,0,1,1,2,1,1,0,4,3,4,1,1,2,1
"COG0566",60,98,88,115,95,98,82,135,99,104,114,105,98,107,93,99,104,122,142,95,113,86,111,72,106,96,106,113,109,104,105,82,117,84,120,89,118,108,122,78,85,99,108,98,122,89,79,129,95,137,102,96,89,108,123,101,126,135,174,97
"COG0567",0,0,13,1,4,6,0,2,1,2,2,2,2,1,0,5,3,3,2,4,8,2,5,43,6,2,0,1,2,1,1,2,0,8,2,3,1,4,2,5,1,5,23,1,6,1,0,0,2,0,2,0,2,4,3,1,2,0,3,8
"COG0568",156,50,84,89,28,51,96,104,50,59,66,29,66,90,41,51,65,86,92,50,64,78,71,77,70,50,53,69,65,46,63,20,59,121,54,59,60,63,95,50,152,107,64,49,49,21,43,64,29,47,35,25,36,69,22,37,43,42,44,68
"COG0569",82,103,102,111,88,79,73,101,95,93,123,125,84,109,104,85,87,110,116,96,110,88,142,61,113,84,84,119,109,108,84,73,152,95,118,86,120,117,66,74,105,95,100,76,110,80,75,107,84,134,100,104,96,101,96,90,107,106,81,87
"COG0571",52,37,67,34,32,26,37,40,40,47,37,35,44,51,35,40,38,39,51,47,42,45,37,16,38,33,38,47,40,33,57,23,27,35,36,44,42,43,48,33,46,53,35,28,39,32,33,51,31,40,40,52,44,47,30,36,50,35,45,43
"COG0572",108,63,86,79,84,57,92,113,49,67,50,74,77,85,70,36,80,93,84,65,81,80,41,25,46,41,64,86,57,75,83,74,76,130,93,68,70,75,109,75,76,101,99,69,67,59,72,79,61,61,53,63,83,84,62,60,82,64,23,89
"COG0573",7,25,28,20,21,36,25,32,31,30,41,30,39,26,33,33,34,39,53,36,52,24,29,41,68,36,34,22,44,38,33,19,29,10,44,42,40,35,16,32,25,55,33,37,37,42,26,46,27,45,27,34,31,33,26,35,36,46,62,36
"COG0574",249,127,184,161,132,122,189,207,151,145,126,153,144,175,112,87,143,169,162,104,158,179,52,72,76,134,147,190,129,148,149,122,203,247,126,121,138,200,180,121,138,100,147,123,144,111,155,142,91,163,133,83,142,188,120,125,156,158,44,200
"COG0575",56,47,40,36,38,38,40,30,37,60,38,39,42,51,26,40,37,54,43,41,34,40,37,6,45,38,35,45,33,37,37,27,35,40,39,39,32,27,47,25,40,43,20,57,31,25,30,45,41,37,36,31,31,29,42,25,43,25,41,36
"COG0576",36,25,34,41,22,18,20,45,24,29,25,29,32,28,26,26,32,29,29,23,31,30,31,23,31,19,21,32,38,25,33,23,21,35,30,34,18,24,26,23,36,29,29,22,27,27,24,27,44,20,35,46,35,31,37,26,31,23,26,31
"COG0577",178,384,310,335,286,231,246,379,355,324,476,399,289,273,391,194,387,364,392,338,275,300,572,209,511,318,293,396,428,361,310,236,325,268,293,175,321,347,215,244,324,291,325,463,391,256,316,352,247,332,290,243,308,371,273,258,308,410,599,258
"COG0578",3,8,5,7,19,20,2,5,7,20,10,15,9,6,3,16,2,17,10,19,9,4,29,45,3,1,15,0,2,15,7,9,5,2,6,8,12,12,6,11,5,2,13,3,28,6,5,20,6,12,17,8,21,11,18,24,14,7,6,27
"COG0579",3,6,6,4,4,15,0,3,5,12,4,4,4,11,4,6,2,15,7,3,5,5,6,11,13,9,6,10,15,4,17,13,13,7,22,19,7,19,7,28,38,15,37,27,17,14,9,21,6,15,19,5,17,27,6,2,22,25,18,14
"COG0580",1,11,1,11,18,23,2,8,8,11,13,13,8,11,16,17,12,13,17,12,20,4,50,42,23,13,17,5,9,15,7,33,13,5,6,16,4,8,7,23,6,24,7,3,7,16,11,19,12,10,10,4,21,17,11,25,20,4,56,20
"COG0581",4,29,30,33,15,32,26,34,23,29,32,23,44,37,39,38,43,33,51,27,29,29,51,37,60,29,42,37,26,32,31,33,44,11,27,23,34,41,19,28,26,52,41,46,35,33,40,33,23,35,39,32,34,37,22,32,28,45,61,22
"COG0582",423,496,545,648,367,410,226,721,642,526,607,477,561,600,505,326,571,635,707,634,519,422,501,647,451,469,480,499,451,660,630,321,518,128,429,507,517,614,373,288,567,275,493,604,477,451,519,522,543,422,585,340,468,710,343,481,428,567,338,505
"COG0583",124,254,213,229,177,617,219,228,175,254,330,170,268,294,353,216,257,383,246,210,173,181,438,880,409,177,190,256,355,175,287,198,212,180,247,291,291,224,197,250,228,366,367,305,233,148,199,238,196,195,254,189,196,292,210,141,172,280,260,205
"COG0584",72,71,69,47,88,72,23,40,71,80,57,92,70,63,66,57,86,73,117,82,56,62,61,59,100,82,64,59,64,86,79,88,68,26,68,69,73,72,38,80,97,63,65,71,66,137,101,108,91,68,95,81,97,40,80,71,122,63,52,88
"COG0585",1,0,0,0,3,4,0,1,1,0,1,0,1,3,0,4,0,1,1,1,0,0,0,18,1,0,0,0,1,0,0,3,0,1,0,0,0,0,0,2,0,0,1,0,0,2,0,0,0,0,0,0,0,5,0,0,0,0,3,0
"COG0586",28,16,15,16,36,38,24,14,22,16,9,24,30,8,11,32,10,18,14,21,16,13,26,55,27,22,17,11,4,17,15,38,11,50,28,32,26,18,23,35,27,28,24,23,21,31,12,10,28,21,33,38,21,16,25,33,22,13,53,31
"COG0587",144,153,156,167,168,140,155,165,123,285,163,131,126,164,127,105,201,171,164,143,173,183,171,93,157,180,149,178,152,159,141,141,169,217,123,144,165,161,175,104,128,125,140,149,157,117,96,147,111,153,152,122,144,196,132,134,146,152,162,192
"COG0588",0,32,22,19,32,14,13,13,19,17,7,22,18,31,5,42,11,4,16,24,22,10,26,14,17,12,15,9,2,25,19,57,6,4,29,19,18,22,6,18,9,25,15,15,18,42,10,5,37,18,33,38,24,16,32,31,16,19,35,14
"COG0589",82,73,87,40,89,50,83,47,71,63,24,90,76,62,25,72,36,41,40,71,79,65,49,58,38,73,58,51,25,59,67,114,44,102,58,82,53,83,106,92,62,89,39,34,53,111,45,53,78,82,82,86,87,40,97,87,83,30,95,97
"COG0590",42,35,33,26,27,32,53,31,28,39,42,27,29,31,30,25,45,46,43,28,35,58,33,13,28,27,28,29,42,35,42,38,25,49,34,35,30,28,49,30,35,42,42,25,33,28,25,31,36,29,40,37,36,31,33,29,45,31,33,45
"COG0591",50,87,95,68,137,69,93,69,128,126,98,107,116,112,123,76,73,129,101,88,130,81,63,60,88,130,88,112,65,106,98,141,96,76,124,117,97,118,76,130,100,79,80,72,79,133,122,118,107,101,99,90,123,95,137,111,126,77,94,99
"COG0592",60,64,67,69,66,57,40,81,83,91,71,56,80,74,69,70,84,110,63,82,67,96,84,41,92,61,78,71,87,52,59,35,76,67,53,69,48,58,64,54,83,71,57,74,85,41,47,88,40,63,50,50,67,73,77,47,90,62,87,73
"COG0593",14,14,19,20,38,29,21,23,32,27,24,37,18,20,25,20,33,30,24,37,27,27,5,10,13,30,27,20,3,27,23,25,19,44,30,35,16,28,13,39,25,2,30,8,30,24,16,36,30,21,20,31,30,34,17,21,36,11,28,20
"COG0594",5,14,8,21,9,13,10,16,12,24,23,3,13,23,25,10,19,22,18,11,5,7,24,20,28,14,11,21,26,10,20,5,17,2,16,7,9,10,8,7,15,17,12,25,17,4,8,14,12,5,6,12,12,14,2,6,10,15,10,6
"COG0595",4,13,11,18,5,14,8,16,9,25,28,7,11,15,22,3,16,31,37,11,8,17,35,7,42,10,11,26,29,16,56,10,64,21,36,19,47,50,15,14,61,110,38,40,50,10,43,46,6,40,15,17,33,75,12,18,51,44,102,28
"COG0596",32,42,27,57,35,78,26,42,36,24,63,26,56,58,71,36,50,61,98,49,28,40,134,97,123,40,37,69,72,49,44,21,54,20,44,39,29,41,13,47,57,91,71,88,47,38,33,61,30,27,34,22,34,62,64,21,39,57,129,36
"COG0597",6,12,6,20,1,13,4,18,14,18,25,6,7,19,24,12,22,38,25,12,18,20,24,21,26,24,9,23,24,16,21,8,20,3,12,18,11,10,7,5,20,18,10,26,13,9,16,24,9,13,12,7,12,34,4,4,15,29,39,6
"COG0598",62,55,49,67,62,63,57,77,55,55,40,60,72,45,59,86,65,45,28,61,68,71,65,45,66,44,82,63,30,62,62,59,36,70,60,71,60,60,61,55,46,56,60,63,49,75,54,53,80,63,67,65,65,38,79,84,52,56,54,61
"COG0599",10,19,26,18,30,44,17,24,46,41,21,30,33,41,12,37,26,17,24,32,30,15,21,5,16,22,26,27,9,22,24,25,26,26,21,31,13,21,22,35,24,20,22,15,24,14,26,36,23,24,44,25,27,23,22,43,40,26,29,34
"COG0600",1,10,6,8,4,10,5,11,3,13,14,8,5,12,15,5,4,13,19,8,14,11,10,14,9,11,11,15,9,11,34,13,43,12,19,19,30,24,12,24,41,20,28,29,23,14,15,27,18,25,29,18,32,51,11,25,24,37,49,28
"COG0601",26,72,38,59,44,72,34,48,50,65,97,53,63,72,96,33,63,92,134,59,55,30,146,152,134,41,47,47,79,56,47,32,56,20,45,41,69,50,24,36,42,59,88,68,63,34,48,79,38,43,52,37,52,95,34,35,53,72,171,51
"COG0602",38,45,44,37,38,42,56,39,48,142,36,51,56,59,40,39,64,33,52,44,57,62,39,27,47,30,47,54,50,46,77,42,45,45,33,44,50,48,57,44,73,44,54,36,30,22,39,41,46,36,45,56,52,35,40,30,39,49,59,44
"COG0603",40,16,27,20,22,22,28,29,29,13,12,23,19,13,13,24,22,18,16,29,53,44,13,7,15,30,18,16,20,24,41,21,21,44,21,25,16,21,42,24,26,27,12,16,32,18,19,12,15,17,31,23,25,13,30,27,21,18,4,30
"COG0604",1,0,3,0,6,48,0,0,4,0,0,1,3,4,1,2,0,15,2,0,0,1,60,39,26,4,0,1,0,1,0,2,0,6,2,2,1,1,1,16,0,12,13,1,3,0,0,0,0,1,1,2,0,10,6,6,3,0,43,3
"COG0605",3,6,3,5,5,6,1,7,1,5,1,3,8,5,1,4,6,6,2,5,6,3,8,7,1,9,4,2,2,5,17,15,15,7,4,19,10,18,13,12,12,3,24,10,14,8,12,20,14,19,15,12,19,21,15,13,21,7,5,13
"COG0606",52,63,49,68,67,70,65,61,51,97,66,65,76,57,62,60,66,63,71,72,63,51,49,46,59,38,67,66,49,56,47,59,50,89,60,64,74,55,65,41,56,55,53,53,65,46,50,63,54,58,63,91,43,68,66,58,49,59,58,73
"COG0607",12,62,40,55,76,107,48,103,62,62,50,69,68,47,26,90,51,38,33,77,62,56,43,72,37,31,88,50,44,51,65,81,33,75,73,84,80,74,57,91,55,34,64,48,67,58,61,38,70,72,57,101,72,46,90,79,57,73,47,52
"COG0608",33,18,21,33,28,11,29,28,15,29,31,31,22,28,22,19,22,34,33,18,28,33,30,9,21,21,31,26,28,17,91,43,87,87,53,56,71,92,75,78,77,72,83,74,90,38,58,82,33,62,63,57,83,96,68,58,75,54,29,75
"COG0609",36,65,64,57,74,78,84,60,81,64,55,94,74,58,95,58,55,69,78,60,83,65,96,59,78,73,99,76,68,64,67,53,52,65,67,74,82,59,77,61,52,76,47,76,85,46,56,64,66,66,65,79,64,74,50,65,67,90,33,67
"COG0610",163,91,120,178,126,143,60,230,79,154,120,53,126,147,123,90,136,114,185,144,168,75,116,34,98,110,134,151,136,114,143,69,134,136,131,146,154,91,165,33,158,166,138,133,169,80,98,148,163,110,58,53,108,110,144,131,99,156,30,128
"COG0611",3,15,11,13,11,27,5,9,7,24,8,10,28,21,3,19,11,14,7,11,20,2,2,18,1,12,21,5,6,11,16,17,17,1,17,25,19,20,24,21,13,8,14,4,9,16,19,10,18,17,11,13,10,10,24,12,17,6,6,21
"COG0612",266,140,208,197,223,153,133,230,173,182,122,216,211,183,56,212,197,146,145,155,248,215,100,62,53,164,231,154,77,207,156,295,172,533,147,203,145,212,238,221,138,106,181,113,174,155,164,158,157,177,194,178,209,177,234,214,236,115,38,248
"COG0613",8,28,21,26,15,16,11,18,21,31,26,25,20,23,26,25,44,41,37,16,11,23,25,41,45,24,28,46,33,26,32,10,32,6,6,19,36,16,9,22,35,23,24,18,28,9,15,34,17,20,16,15,24,51,4,23,22,37,59,23
"COG0614",39,79,68,88,59,106,79,65,97,75,74,92,121,74,125,89,61,69,124,103,91,75,89,60,68,85,100,88,76,68,85,57,60,59,89,82,114,77,75,53,92,54,69,60,77,71,74,73,78,76,80,101,66,62,73,90,83,88,36,99
"COG0615",16,15,21,22,23,9,46,10,21,18,42,14,23,40,17,6,28,22,12,21,25,41,23,2,28,16,13,19,31,22,21,21,22,100,26,22,11,27,74,38,31,42,20,21,16,45,26,24,40,18,10,39,49,18,3,22,26,21,14,14
"COG0616",78,32,30,32,47,57,65,41,34,23,26,44,68,53,17,36,37,23,23,39,52,46,8,56,4,40,42,16,16,45,30,54,31,86,25,61,30,46,39,69,40,26,21,25,24,67,48,32,50,39,45,37,57,28,70,58,46,16,8,58
"COG0617",47,54,53,74,39,41,78,75,47,60,59,57,39,70,64,47,73,51,79,50,69,83,72,73,87,44,58,71,68,47,45,55,75,74,39,85,60,63,46,38,45,50,53,47,74,28,54,54,30,60,45,31,48,76,65,46,47,56,95,75
"COG0618",59,58,73,78,37,34,75,69,44,51,63,60,56,48,60,41,70,59,60,53,58,76,36,15,43,65,35,75,69,62,67,28,61,55,48,31,46,60,56,29,52,57,49,70,53,48,34,66,53,53,56,43,53,49,30,41,42,55,11,43
"COG0619",14,43,26,39,12,22,35,49,26,61,68,29,39,83,77,26,54,80,79,35,39,39,126,38,106,31,30,58,71,43,62,12,74,11,32,48,43,47,14,5,55,67,45,53,42,19,29,78,21,32,31,31,33,88,8,12,31,40,175,48
"COG0620",66,37,47,36,11,40,83,54,35,18,43,39,34,44,48,21,36,31,13,41,16,47,126,51,83,23,18,32,60,39,26,13,49,46,27,21,48,32,18,24,47,64,40,37,40,11,18,37,27,20,40,20,24,23,20,22,21,30,138,37
"COG0621",161,141,147,169,150,119,183,231,168,176,180,144,146,175,149,166,182,196,192,167,157,179,101,93,110,160,155,176,149,134,151,131,161,261,132,160,163,163,193,137,167,143,151,168,165,122,132,177,114,148,136,151,169,197,133,170,162,154,97,180
"COG0622",22,42,35,37,24,43,43,35,36,41,59,31,33,26,40,21,52,42,37,40,43,46,39,31,34,37,24,36,54,25,41,28,41,41,20,27,43,31,43,26,44,32,35,31,39,34,35,55,28,34,46,33,27,35,33,24,31,37,20,32
"COG0623",41,10,28,17,26,14,29,24,18,20,12,14,16,14,4,19,25,9,7,18,15,27,4,16,9,17,23,11,10,25,12,34,10,49,15,26,23,13,33,30,15,31,12,16,16,21,32,19,24,15,19,11,19,14,19,33,26,6,8,39
"COG0624",61,98,87,54,67,117,57,59,100,87,96,113,111,116,76,89,63,90,133,106,109,78,137,178,122,77,116,68,90,108,86,93,67,62,58,73,111,117,108,122,74,133,96,59,113,76,76,99,83,96,148,67,100,124,105,129,78,72,147,115
"COG0625",5,0,2,3,13,36,0,2,1,1,2,0,3,2,1,3,0,12,2,3,0,0,26,75,11,3,1,0,0,1,0,10,0,8,0,9,0,0,1,17,2,1,29,3,2,1,2,0,5,6,5,3,2,9,4,4,2,1,15,1
"COG0626",6,9,7,17,4,30,3,12,20,7,15,7,7,14,13,12,7,38,26,8,14,7,36,43,55,10,11,9,23,6,4,8,13,5,10,15,11,7,1,11,10,33,26,10,12,10,4,10,7,6,6,11,8,13,4,13,10,10,67,18
"COG0627",4,36,11,24,46,26,23,26,53,18,27,37,43,20,23,43,20,17,28,30,29,34,20,20,45,54,44,26,23,37,22,69,31,8,33,21,34,37,14,31,22,19,23,42,24,49,35,31,38,26,57,39,40,22,62,39,38,23,51,30
"COG0628",70,106,83,122,122,102,80,125,95,106,108,110,101,86,88,97,100,141,108,109,97,83,112,116,133,109,92,122,92,110,110,76,107,75,121,54,90,107,65,84,125,108,111,91,98,100,88,114,86,84,102,112,114,114,84,79,105,89,91,111
"COG0629",19,32,50,59,44,36,34,44,42,60,49,39,38,49,55,38,106,67,76,34,48,31,64,40,68,47,36,66,41,49,59,26,48,33,37,33,35,52,33,24,47,42,58,77,47,29,49,62,29,24,90,37,45,94,30,35,41,36,86,30
"COG0630",3,0,2,7,0,2,2,3,4,2,3,3,1,1,8,2,1,0,0,1,0,7,1,1,3,2,0,6,5,4,2,1,8,0,2,2,3,1,1,1,4,6,0,2,1,0,1,0,3,0,2,7,1,0,0,0,0,7,8,0
"COG0631",68,47,34,68,21,10,28,82,24,42,60,26,30,46,41,8,43,56,57,32,25,50,55,10,70,39,27,106,57,47,70,25,68,46,33,24,30,48,17,31,51,43,33,44,33,15,24,57,12,23,28,29,23,66,20,5,47,62,79,19
"COG0632",28,26,37,38,28,27,23,35,21,35,36,41,28,34,24,30,27,33,42,31,26,38,37,19,31,23,26,30,29,37,39,19,38,38,25,21,38,29,39,10,37,37,32,22,27,27,25,37,22,33,43,38,31,29,41,24,28,29,49,29
"COG0633",0,0,0,0,7,5,0,2,1,0,1,1,1,1,0,6,1,2,1,1,0,0,2,20,0,0,1,0,0,1,0,3,0,2,1,2,2,0,0,2,1,2,3,0,0,1,0,0,2,1,0,0,1,4,1,1,0,0,0,3
"COG0634",31,32,51,38,32,22,25,45,34,43,37,33,45,34,42,30,32,43,36,35,23,42,35,24,53,36,35,37,37,36,37,26,28,33,31,27,26,35,36,28,33,48,36,29,44,24,20,45,21,28,29,34,37,40,34,20,28,34,33,30
"COG0635",64,69,87,99,60,84,66,99,86,97,89,64,86,91,105,76,98,99,98,69,67,86,77,82,92,65,82,100,95,77,93,59,82,77,93,83,64,84,77,80,91,72,62,86,71,65,84,70,62,68,67,71,68,110,59,65,73,89,66,69
"COG0636",4,27,14,31,22,25,16,15,20,24,19,25,21,19,30,33,27,27,17,23,18,10,16,10,11,23,18,22,20,15,28,32,18,13,23,21,25,32,19,20,25,11,22,21,25,19,27,35,26,17,21,31,30,28,24,37,29,30,9,29
"COG0637",66,76,67,92,61,79,121,65,82,70,78,95,85,88,98,85,78,79,68,101,82,86,74,100,127,74,75,74,96,77,87,65,72,55,79,89,92,91,93,71,84,85,95,65,95,62,62,86,88,89,70,84,89,60,83,62,84,107,106,55
"COG0639",1,21,19,24,43,22,12,14,29,49,32,20,13,8,14,31,44,19,19,34,13,33,27,30,37,36,11,22,8,25,20,22,17,29,28,9,28,34,21,15,14,23,27,18,15,47,15,25,27,15,17,29,30,44,19,29,29,28,17,13
"COG0640",7,30,17,41,10,21,9,24,11,26,35,13,24,28,33,12,43,48,24,10,15,27,44,24,48,22,11,27,48,29,27,6,28,7,22,17,23,16,14,11,31,50,27,21,30,12,24,31,26,13,10,12,20,39,6,9,20,33,26,14
"COG0641",252,163,83,94,116,74,198,131,115,82,148,88,191,146,143,85,79,129,89,130,108,213,126,101,102,90,75,102,109,106,174,138,109,197,140,103,101,91,68,125,109,77,91,207,112,104,124,99,166,141,74,125,111,77,161,142,102,104,55,101
"COG0642",424,575,457,450,849,476,396,437,655,464,459,616,546,459,497,767,396,439,399,626,578,505,368,347,401,803,542,580,425,605,1480,2773,1550,896,1820,1819,1701,1744,1460,2954,1498,948,1585,1574,1627,2840,2969,1729,2356,1839,1722,2154,1823,1434,2546,2072,2219,1605,789,1788
"COG0643",2,16,6,31,12,3,3,19,18,5,15,8,5,7,37,7,9,9,2,12,7,26,2,34,3,37,15,30,15,5,8,4,17,3,19,4,14,18,3,10,8,6,20,17,6,1,9,13,7,12,2,9,10,12,2,5,7,29,3,1
"COG0644",2,0,0,1,4,1,0,1,1,0,2,1,2,3,1,9,0,7,8,0,0,0,6,62,4,1,0,0,1,1,0,1,0,5,0,7,2,0,0,5,0,15,7,2,1,3,0,0,4,1,0,0,0,19,3,2,0,0,6,3
"COG0645",0,0,0,1,0,0,0,0,0,0,0,0,0,0,0,0,1,4,5,0,0,0,0,0,0,0,0,1,0,0,2,0,1,0,0,0,0,0,0,0,0,0,0,0,0,0,0,0,0,0,0,0,0,0,0,0,0,0,0,0
"COG0646",104,97,100,112,82,112,132,91,103,73,102,126,92,100,91,71,70,76,65,89,103,110,26,95,82,79,95,96,87,90,98,49,88,132,81,87,101,101,106,62,78,89,91,73,102,56,89,89,70,112,98,109,123,59,90,98,88,123,22,102
"COG0647",3,8,10,9,2,8,1,6,6,8,14,6,24,16,12,1,13,27,27,8,13,8,34,19,32,9,4,7,8,10,12,5,6,5,4,10,4,14,2,5,16,20,17,2,6,7,3,10,4,9,5,2,15,19,1,2,10,6,43,21
"COG0648",4,50,32,25,29,30,14,20,38,36,34,45,40,48,30,37,27,34,29,44,35,29,16,17,23,29,24,40,38,39,36,21,44,5,39,28,39,26,16,32,24,30,39,47,41,38,24,44,27,42,36,48,33,31,35,39,51,25,21,27
"COG0649",54,24,36,21,32,51,32,31,41,29,12,50,30,30,10,30,25,16,18,35,45,36,5,17,5,38,45,24,7,46,28,36,41,76,18,37,35,52,37,41,18,16,27,18,26,48,18,22,28,43,49,26,34,14,43,43,35,29,2,54
"COG0650",1,1,0,0,3,5,0,1,1,3,1,5,4,3,2,4,0,3,6,1,0,2,3,15,2,1,2,0,0,2,2,2,0,1,2,0,2,0,1,5,0,1,4,0,1,5,2,0,0,0,1,1,1,8,1,2,0,1,2,2
"COG0651",5,9,5,2,18,22,1,5,16,12,7,21,35,11,4,13,12,7,21,2,10,13,5,86,3,11,20,16,7,11,28,20,12,17,10,4,7,10,9,8,17,5,31,2,4,10,11,20,10,15,9,7,7,28,4,19,13,4,7,16
"COG0652",51,30,45,38,39,31,37,51,45,55,67,40,44,55,45,43,49,51,44,43,43,56,60,35,47,34,44,52,47,40,44,42,44,77,34,37,44,39,61,35,46,41,49,40,56,35,44,56,41,48,37,34,58,52,43,40,64,49,23,45
"COG0653",137,116,128,142,104,98,157,144,111,145,127,125,102,122,148,101,125,160,195,114,114,120,168,87,145,100,119,153,137,112,102,105,148,95,106,85,125,141,117,85,146,155,117,123,129,86,103,126,88,128,109,88,96,152,74,103,115,154,133,138
"COG0654",3,0,1,4,17,29,0,1,1,1,2,1,7,17,2,5,0,6,6,0,4,24,11,67,5,1,0,1,0,2,6,2,0,13,16,7,2,2,0,10,3,0,20,2,1,17,1,0,4,1,1,2,2,1,9,2,0,4,6,4
"COG0655",10,54,32,28,35,24,39,37,44,54,67,36,48,54,73,24,48,51,65,35,39,36,55,33,42,48,48,59,57,42,70,42,61,4,56,39,37,49,38,36,48,33,42,43,38,43,34,47,43,45,37,44,60,59,35,34,51,49,17,32
"COG0656",19,58,40,19,55,72,39,21,43,37,55,34,36,45,32,25,27,31,31,31,35,35,82,57,96,36,28,25,51,34,38,50,24,42,76,29,35,33,29,30,32,132,58,36,44,57,69,35,56,56,68,49,53,32,52,57,35,24,74,45
"COG0657",95,90,78,88,92,44,69,79,72,82,93,93,73,112,84,78,69,108,115,92,97,85,63,44,114,115,87,101,95,67,62,120,71,81,103,66,86,89,63,106,103,108,103,131,93,111,107,89,115,84,68,85,90,85,109,85,143,113,113,86
"COG0658",25,45,52,52,64,54,55,59,56,55,90,54,46,77,66,37,63,63,62,57,52,51,83,29,61,35,59,67,48,74,55,54,67,63,42,57,43,51,47,69,49,75,58,65,78,39,50,61,47,57,56,48,50,60,55,46,76,54,73,57
"COG0659",63,65,64,72,52,77,70,65,61,42,50,59,63,59,67,92,78,28,30,74,71,100,41,34,49,62,46,62,98,60,70,68,72,91,58,68,51,59,90,42,73,55,77,70,61,60,49,50,66,87,59,82,59,30,77,76,51,69,15,61
"COG0661",5,14,5,1,4,23,8,5,9,7,13,2,9,9,13,4,14,14,10,3,4,2,33,25,46,1,5,13,27,3,14,1,6,0,18,16,7,1,7,5,11,20,18,19,5,4,3,11,3,3,0,6,2,19,3,2,4,6,89,9
"COG0662",26,18,22,34,3,47,25,32,23,20,22,10,27,17,50,8,25,11,19,25,9,23,22,34,27,56,34,30,42,17,25,9,31,8,27,14,15,15,37,14,35,32,22,25,15,7,17,23,22,19,10,16,17,26,6,5,16,35,5,10
"COG0663",19,12,28,12,24,41,21,18,15,15,12,30,22,17,12,25,27,21,15,17,10,10,15,27,13,20,19,16,23,19,14,23,13,15,30,18,21,22,28,21,18,24,31,19,28,17,18,33,22,21,22,18,20,12,23,15,15,11,6,32
"COG0664",40,31,34,26,72,42,34,44,45,31,27,42,36,31,18,46,40,39,27,44,40,28,26,27,28,59,46,29,23,40,103,160,118,92,100,173,105,83,146,211,117,122,78,113,78,203,124,131,179,98,138,141,131,121,164,136,133,98,60,97
"COG0665",5,7,13,12,7,34,0,19,7,26,17,8,15,19,6,10,29,10,23,8,11,8,24,86,13,4,15,13,5,11,15,9,4,6,10,16,11,22,3,8,9,1,24,10,10,7,6,9,12,10,2,9,4,21,9,7,6,11,10,1
"COG0666",10,13,20,24,44,40,13,11,53,20,13,79,21,21,5,13,29,24,11,39,85,5,7,67,7,8,37,20,15,53,47,34,7,11,7,43,39,26,19,19,40,2,43,5,45,47,8,22,11,14,22,30,21,3,24,32,17,13,14,45
"COG0667",65,64,78,66,109,120,70,28,87,47,67,61,79,97,75,80,68,49,78,94,104,75,51,103,90,86,78,78,63,64,66,98,90,44,123,98,65,56,72,70,84,86,132,77,87,76,83,88,80,74,80,92,66,66,74,75,55,80,157,84
"COG0668",126,104,127,87,152,101,66,108,112,92,54,132,119,97,52,118,90,86,62,97,121,108,58,66,42,117,108,103,55,65,106,149,82,138,89,104,76,103,147,157,97,89,98,72,112,127,130,94,131,100,115,111,124,78,135,138,144,59,63,111
"COG0669",20,29,33,24,44,22,26,23,25,34,24,29,34,26,28,17,13,27,30,33,30,39,33,25,26,25,24,22,37,31,42,23,40,31,37,36,29,25,35,17,31,34,34,31,33,26,16,48,20,34,37,28,20,22,29,25,27,28,23,25
"COG0670",40,1,20,25,1,27,26,21,5,4,8,10,4,11,2,6,20,9,10,5,6,20,21,40,12,1,14,16,19,4,9,4,14,31,7,13,9,6,33,8,20,34,17,19,6,3,5,8,3,2,4,0,4,8,3,4,5,4,20,11
"COG0671",60,40,43,68,26,51,37,61,38,44,49,45,48,42,39,26,49,60,51,29,29,55,70,65,57,36,33,50,49,42,41,31,51,77,40,34,25,42,62,37,49,84,44,62,41,30,27,41,37,28,39,35,33,50,29,28,36,42,56,34
"COG0672",0,0,0,4,3,6,2,0,0,0,1,0,0,1,2,1,0,1,0,0,0,0,25,24,3,1,0,0,3,0,0,2,0,6,0,1,0,1,0,7,0,6,6,0,3,0,0,0,0,2,0,0,0,1,0,0,0,3,44,2
"COG0673",104,194,177,142,213,207,201,114,175,144,177,176,200,195,177,181,140,173,192,183,174,146,212,159,170,228,174,161,148,161,151,314,156,125,165,150,253,211,221,310,152,157,198,112,123,286,225,178,239,220,179,249,155,261,202,252,259,185,152,190
"COG0674",215,166,214,212,196,169,186,172,199,195,130,218,203,203,171,157,151,190,154,187,236,194,54,65,107,149,227,184,156,211,202,183,184,231,185,173,171,211,218,168,191,211,148,145,199,176,139,174,138,210,227,161,182,190,161,226,194,157,42,250
"COG0675",22,48,48,23,44,40,262,33,57,327,94,25,40,32,130,61,102,30,16,61,31,34,185,49,183,14,137,47,154,40,123,44,20,37,110,192,48,16,93,19,201,240,32,40,65,32,36,41,23,28,80,131,52,34,46,17,17,73,86,22
"COG0676",0,0,2,0,1,6,0,0,0,0,0,0,1,2,1,1,1,1,4,0,1,0,5,15,10,0,0,0,0,0,0,0,0,3,1,0,0,0,0,1,0,0,3,0,0,0,0,0,0,0,0,0,0,0,1,0,0,1,10,1
"COG0677",47,20,55,35,46,29,10,42,34,20,10,50,61,25,5,35,7,28,20,33,20,13,5,52,5,80,62,13,5,31,37,85,21,51,42,29,17,21,24,66,42,23,33,27,17,35,30,67,25,18,40,15,45,36,21,38,47,18,9,34
"COG0678",0,0,0,0,0,0,0,0,0,0,0,0,0,0,0,0,0,0,0,0,0,2,3,0,1,0,0,0,2,0,0,0,0,0,0,0,0,0,0,0,0,1,0,0,0,0,0,0,0,0,0,0,0,0,0,0,0,0,0,0
"COG0679",42,60,46,41,16,47,33,71,43,62,83,34,56,63,98,21,66,58,69,31,39,49,112,41,82,42,44,51,101,36,59,24,53,43,46,38,46,60,57,23,66,88,43,49,60,12,43,48,23,41,46,34,35,34,25,30,33,60,133,50
"COG0680",1,1,6,1,2,5,14,0,1,2,0,0,4,1,4,5,0,1,2,1,4,0,3,9,2,3,0,2,0,0,3,6,2,2,8,5,1,2,2,6,3,2,5,0,3,2,0,1,3,2,0,4,3,6,2,3,0,0,3,2
"COG0681",58,111,95,87,93,91,100,100,108,78,96,115,84,107,86,121,106,98,94,106,96,85,85,35,88,89,92,81,98,98,91,78,91,82,86,83,109,103,83,103,68,71,82,87,104,116,109,94,109,79,119,127,112,128,143,87,101,101,65,94
"COG0682",56,59,55,38,34,47,62,42,46,38,52,40,44,58,45,50,44,68,64,33,46,40,57,26,50,32,33,55,59,56,57,30,49,38,50,29,54,59,54,31,41,64,47,38,43,41,38,52,36,31,41,46,56,59,48,34,40,45,46,44
"COG0683",7,26,42,22,19,52,13,12,31,36,16,97,36,38,33,19,23,55,72,11,37,17,45,74,35,31,35,35,30,43,37,19,19,8,20,29,32,29,17,19,31,29,37,18,66,12,14,38,16,18,54,17,23,49,26,14,17,30,41,30
"COG0684",4,4,8,2,5,9,1,3,3,8,3,7,11,2,4,8,6,18,6,9,0,5,6,42,0,8,7,5,3,3,7,10,6,6,14,3,2,9,3,13,11,6,12,3,1,5,2,6,11,6,9,2,7,15,3,3,9,1,7,5
"COG0685",55,52,58,51,39,56,67,49,58,32,62,45,48,62,59,48,49,51,50,36,42,47,35,25,47,51,46,55,52,49,60,51,47,53,47,44,47,37,48,33,47,51,51,36,64,47,52,50,43,52,58,61,54,29,57,45,35,56,43,46
"COG0686",18,8,9,4,10,0,18,2,12,10,6,6,12,6,3,11,6,5,3,8,9,3,13,1,0,10,8,3,2,9,35,50,33,2,29,14,22,24,51,18,26,17,12,16,30,30,13,24,21,29,29,36,35,16,44,29,26,23,6,25
"COG0687",43,47,47,38,50,60,45,38,60,38,60,46,52,35,62,47,33,59,44,48,50,28,75,69,68,59,56,67,78,63,43,45,49,19,37,47,65,52,45,41,57,66,60,57,57,37,38,54,38,41,53,49,43,51,38,50,48,67,40,44
"COG0688",39,32,25,29,28,33,49,25,28,30,22,31,36,23,14,37,32,21,9,44,38,33,12,21,27,34,22,13,34,20,44,20,20,51,36,26,39,27,40,28,18,22,21,24,37,42,20,29,36,35,36,49,41,16,35,49,23,22,9,29
"COG0689",3,0,4,1,1,2,1,0,1,5,3,6,2,3,2,4,2,7,12,1,3,0,8,26,14,0,4,0,3,0,1,4,3,0,3,5,2,4,2,5,2,4,13,0,2,0,0,0,2,5,3,3,1,8,6,2,6,1,19,2
"COG0690",0,1,0,2,0,7,1,0,1,0,1,1,0,0,0,1,1,3,4,1,1,0,3,2,1,0,3,1,0,0,0,1,0,0,1,0,1,1,1,3,0,0,3,0,0,0,0,0,0,1,0,0,2,2,2,0,0,0,1,1
"COG0691",22,20,25,26,26,22,27,33,19,36,35,20,26,23,24,22,34,29,27,26,27,33,23,11,30,19,19,29,16,19,27,18,31,22,21,22,24,16,35,17,25,31,20,26,28,19,18,31,28,22,23,20,37,24,19,22,18,24,45,28
"COG0692",25,18,23,27,27,25,38,32,25,40,20,23,31,22,17,28,28,12,20,27,27,25,26,12,34,13,43,52,23,29,21,23,20,31,22,31,23,24,42,19,29,32,18,24,29,22,27,30,23,14,44,28,42,22,28,24,35,20,43,39
"COG0693",33,44,46,26,43,34,43,20,48,28,31,50,40,30,23,46,43,30,31,37,32,43,49,38,43,36,36,26,40,27,37,50,41,25,41,51,41,35,30,54,28,38,39,52,31,46,43,49,51,42,56,50,37,29,41,56,26,49,24,37
"COG0694",1,1,0,2,1,3,1,3,0,2,0,0,1,0,0,2,2,0,4,0,0,1,0,10,2,1,0,0,0,0,3,0,0,1,0,4,0,2,1,2,2,5,4,0,1,1,0,1,1,1,0,2,0,2,0,2,2,0,1,1
"COG0695",0,1,0,0,1,1,0,0,2,1,0,1,0,0,0,0,2,1,2,0,0,0,6,11,5,0,0,0,0,0,0,0,0,2,0,3,0,0,0,6,0,5,2,0,2,0,1,0,0,0,0,0,0,1,0,0,0,1,27,0
"COG0696",111,53,79,92,59,56,90,85,65,77,72,76,78,75,48,49,88,72,88,65,83,75,31,58,44,73,88,91,79,76,59,66,83,96,76,64,77,89,83,42,72,50,71,63,78,37,50,69,36,80,79,44,45,93,50,63,78,47,26,97
"COG0697",210,167,199,145,173,292,249,140,147,176,135,180,218,167,148,195,202,180,123,164,170,156,172,177,143,127,192,142,171,133,216,163,151,303,206,216,203,151,216,156,160,191,168,168,161,176,162,193,157,176,217,201,180,168,192,205,163,119,138,215
"COG0698",29,30,40,35,15,27,34,41,25,44,28,25,23,29,47,24,30,32,40,26,34,32,17,27,21,22,22,39,44,41,27,24,43,38,27,32,33,33,24,34,37,27,30,31,25,18,32,47,28,14,19,19,19,27,19,16,23,31,9,25
"COG0699",47,4,6,4,11,3,2,5,7,9,0,4,6,3,3,9,6,5,36,2,4,16,0,42,20,23,3,3,25,9,4,9,8,1,0,7,0,4,52,28,12,1,12,4,3,8,8,5,19,3,0,2,11,4,6,4,10,1,8,19
"COG0700",51,27,49,31,27,30,34,53,31,43,20,26,40,25,21,43,20,27,42,30,34,40,10,23,12,25,30,28,22,28,30,44,28,42,28,37,42,29,51,22,39,34,22,19,25,45,40,29,23,31,50,33,28,27,29,41,26,41,8,39
"COG0701",2,9,19,4,10,19,4,7,15,5,13,11,11,5,3,10,19,12,9,2,19,17,17,37,6,7,11,3,9,9,13,10,25,8,20,15,4,14,15,35,12,12,20,10,11,14,31,31,18,14,9,17,14,11,3,12,9,4,16,10
"COG0702",2,6,0,0,5,15,1,1,3,1,11,3,4,4,3,1,5,4,5,1,7,3,26,32,12,0,2,0,5,0,2,9,2,8,0,9,4,0,0,17,1,44,11,9,3,0,1,2,6,4,2,1,0,12,1,3,1,2,29,3
"COG0703",55,36,46,34,33,43,35,42,35,41,49,34,46,55,54,36,47,42,52,54,38,48,40,30,60,22,37,40,76,39,38,22,40,42,50,30,29,45,43,25,51,50,37,65,42,21,17,46,41,30,31,42,48,38,29,34,44,37,64,33
"COG0704",6,32,32,26,31,19,17,28,33,28,26,29,29,26,30,34,24,28,41,40,31,29,38,30,30,33,27,28,37,38,30,27,36,11,43,23,29,32,18,24,24,29,28,49,36,33,31,51,26,26,43,33,38,37,29,32,33,23,33,22
"COG0705",42,44,33,34,63,60,45,42,47,29,27,32,42,32,30,53,43,32,14,45,45,28,40,16,39,53,25,36,30,33,34,60,36,39,39,43,35,30,24,55,32,22,38,32,40,40,69,34,37,39,38,43,40,23,53,42,50,28,41,47
"COG0706",102,74,90,69,58,66,73,79,88,92,75,96,51,87,68,57,76,91,61,85,67,87,102,61,77,80,76,66,89,67,90,56,92,94,71,66,59,69,91,56,113,110,61,79,76,46,72,75,67,61,64,67,96,70,67,83,59,69,95,66
"COG0707",71,69,81,73,32,48,80,85,70,109,88,65,67,82,71,53,79,92,82,63,61,74,81,41,86,68,58,101,100,58,85,44,61,79,66,69,82,63,68,36,70,80,87,73,69,35,48,66,50,75,61,60,54,95,63,57,62,60,74,55
"COG0708",34,37,28,22,31,23,37,37,23,34,50,38,33,33,28,19,38,33,31,23,28,27,37,20,46,15,32,28,41,18,30,22,30,57,36,24,35,19,38,8,33,40,25,37,37,24,30,31,39,36,20,24,30,33,23,26,31,40,61,40
"COG0709",3,15,6,8,6,15,12,7,7,13,21,11,11,12,17,8,9,14,13,6,5,4,20,12,13,2,17,12,30,9,9,2,9,4,14,10,14,8,1,9,6,15,9,19,16,5,6,9,3,19,8,4,5,6,9,7,6,19,11,4
"COG0710",2,15,7,11,2,20,3,6,2,9,30,9,6,12,22,1,15,8,5,14,8,6,24,20,19,3,4,10,22,13,12,2,4,1,5,2,9,10,3,3,8,23,14,24,12,5,13,10,5,9,7,2,5,13,2,2,4,15,8,6
"COG0711",16,29,22,35,16,23,31,26,27,20,26,44,16,31,30,25,27,16,35,24,30,24,33,19,35,16,19,26,26,23,21,18,22,29,24,20,38,28,21,19,18,34,25,11,21,14,27,30,16,20,31,27,33,19,23,24,23,36,45,36
"COG0712",7,22,10,27,12,15,18,11,19,15,22,25,18,14,32,14,11,15,28,23,16,27,26,21,34,17,12,15,31,19,15,15,19,3,14,21,19,14,4,33,16,26,17,13,25,15,19,23,20,12,20,15,27,21,23,17,22,27,52,26
"COG0713",4,5,3,3,5,11,1,4,7,3,0,11,2,2,0,3,8,0,1,8,6,1,1,6,2,9,7,6,0,6,1,12,7,2,3,3,2,1,5,14,3,1,7,0,15,14,2,4,7,1,9,14,3,1,12,12,7,2,2,6
"COG0714",105,99,122,78,94,87,74,72,92,69,90,90,86,114,84,80,118,78,106,90,106,96,92,113,93,73,86,87,109,83,97,69,99,63,88,71,76,105,74,117,79,82,87,112,89,81,77,63,83,99,72,66,105,79,66,70,113,101,95,74
"COG0715",55,40,34,38,21,52,53,51,32,44,47,29,74,39,68,36,43,53,57,42,45,52,40,36,54,42,38,42,49,46,52,25,41,41,42,38,46,38,39,42,42,43,46,35,29,31,47,37,40,34,46,24,28,67,42,31,25,53,54,26
"COG0716",37,55,48,55,86,102,51,67,95,58,64,61,62,77,47,65,62,57,88,57,66,59,77,73,49,69,35,63,54,54,68,46,85,53,113,99,64,55,38,77,58,49,87,67,63,49,56,79,58,59,72,71,95,73,60,64,67,49,29,55
"COG0717",3,3,1,0,0,2,0,1,0,4,7,1,3,4,2,0,0,2,2,0,0,1,2,11,8,0,3,1,1,0,0,7,1,0,1,1,2,1,1,14,0,10,1,6,1,1,0,0,5,1,2,0,1,6,1,2,1,1,57,2
"COG0718",0,11,7,20,2,8,3,10,12,18,20,9,15,11,16,3,19,29,17,12,7,13,20,16,21,10,11,27,19,14,14,8,11,3,10,8,9,11,1,5,17,21,9,12,12,2,12,20,3,13,9,5,8,25,4,5,10,11,14,6
"COG0719",111,83,89,92,87,89,140,82,100,124,92,75,82,81,96,79,103,112,99,96,110,128,88,47,56,100,89,93,56,111,106,106,101,121,102,92,115,124,119,77,78,94,93,85,99,66,91,102,86,101,83,111,105,87,110,96,104,90,93,101
"COG0720",11,17,4,10,12,20,27,9,20,10,13,12,19,13,15,10,22,10,18,20,23,23,6,8,13,7,10,10,14,15,54,13,16,8,13,29,10,13,14,16,17,14,14,6,16,16,17,19,21,10,15,18,18,7,22,19,17,13,3,14
"COG0721",0,11,5,15,3,8,1,12,3,9,16,6,3,7,8,2,10,13,9,7,5,7,17,4,14,6,5,8,18,8,9,2,12,1,3,7,5,12,3,4,8,17,9,24,6,1,3,10,1,6,4,4,3,14,1,6,5,9,33,5
"COG0722",7,21,12,20,11,19,5,10,16,7,27,17,10,36,39,9,23,19,33,23,13,15,71,79,55,14,9,20,41,20,21,7,18,19,13,13,11,16,3,19,10,26,25,32,22,2,10,22,14,12,10,13,11,13,9,10,17,26,103,13
"COG0723",0,0,1,1,0,1,2,1,3,2,4,1,3,1,0,0,5,0,2,0,0,0,3,2,0,0,1,0,1,1,10,2,0,0,2,0,0,3,1,0,2,0,3,4,1,1,3,2,0,1,0,3,2,7,0,0,1,2,0,0
"COG0724",0,27,15,6,42,13,16,4,33,9,6,17,20,9,9,36,5,7,7,37,17,8,0,0,1,14,14,11,2,15,17,30,8,2,21,12,17,12,14,12,7,0,15,22,15,36,25,15,35,20,38,50,30,16,45,30,19,10,4,11
"COG0725",3,14,6,7,1,20,10,4,5,19,10,4,8,6,24,5,8,8,7,13,5,4,21,16,21,0,10,7,21,9,11,4,10,9,11,15,14,9,4,6,6,13,9,8,10,2,5,13,5,9,6,7,3,7,8,6,9,12,13,9
"COG0726",38,98,105,119,138,112,74,100,115,153,134,83,99,114,112,109,128,136,165,101,115,112,108,106,90,108,84,147,126,102,119,100,115,58,107,89,110,121,71,101,94,74,136,114,105,113,102,135,82,106,117,137,103,131,93,86,116,95,36,84
"COG0727",0,2,4,6,0,6,1,4,0,1,2,1,2,0,6,2,7,1,5,0,1,2,17,6,8,8,1,2,3,1,0,0,5,0,1,0,8,2,1,2,1,0,3,1,1,2,3,2,1,2,2,10,1,13,0,1,0,12,3,1
"COG0728",0,5,8,6,9,10,2,4,3,5,2,7,10,8,3,6,6,6,17,7,9,2,6,11,34,6,11,10,4,1,2,0,7,2,10,6,4,4,6,9,3,16,14,1,10,5,1,3,6,8,8,1,2,6,4,19,2,8,82,2
"COG0729",1,2,2,0,2,10,0,2,0,0,3,5,2,1,1,3,2,3,3,10,4,0,9,31,3,4,11,1,3,0,0,3,0,4,1,4,1,12,6,30,1,3,3,0,3,1,0,0,3,2,1,1,1,4,3,4,0,0,7,3
"COG0730",2,12,6,3,5,22,25,8,9,33,11,16,8,8,19,15,5,23,20,7,5,7,25,18,18,5,16,7,19,6,23,6,2,9,19,24,21,11,4,10,17,35,10,5,27,8,2,6,9,15,13,9,11,8,7,11,8,14,11,10
"COG0731",28,19,35,21,26,21,26,20,21,14,12,25,23,19,12,23,11,16,4,31,13,32,2,0,3,22,22,24,14,20,26,25,13,41,16,30,26,12,37,29,24,20,9,24,25,17,19,15,12,28,24,36,30,10,50,47,21,16,0,17
"COG0732",141,76,66,119,84,90,91,174,65,111,97,49,117,85,81,82,133,86,84,95,83,104,70,40,106,52,99,101,86,116,159,27,100,156,67,128,79,82,79,45,112,114,83,117,83,101,87,67,93,57,58,57,85,95,108,51,104,52,39,62
"COG0733",154,96,150,99,55,71,118,108,114,78,148,109,76,141,126,74,105,126,117,116,116,128,98,62,120,83,86,137,187,100,141,54,138,144,101,81,100,122,107,53,123,103,93,118,117,66,81,130,80,109,93,88,116,142,70,73,74,129,54,115
"COG0735",58,38,40,62,50,52,72,51,44,51,41,42,52,46,44,59,31,52,28,41,48,59,40,31,37,54,41,46,55,27,67,53,46,46,57,43,35,38,51,50,45,44,48,42,35,54,42,52,65,42,52,64,60,38,52,56,54,31,24,48
"COG0736",0,6,7,6,4,4,10,4,4,12,11,3,5,7,5,1,6,11,5,3,2,3,14,9,19,0,5,5,5,4,8,3,4,0,4,3,12,4,2,7,9,8,5,4,5,3,5,1,2,5,0,4,5,7,0,3,5,6,25,1
"COG0737",154,92,111,81,105,116,140,99,109,86,67,99,102,94,50,120,65,81,80,100,104,82,67,73,99,88,83,59,79,124,81,115,74,131,82,87,131,91,135,96,91,101,73,62,105,125,108,88,96,118,96,111,94,68,140,125,93,101,67,127
"COG0738",234,118,162,135,185,157,251,152,164,125,58,143,139,94,55,198,120,66,67,150,169,144,9,15,26,224,160,87,73,134,97,247,93,214,189,150,151,145,233,203,124,113,84,103,122,235,134,134,205,148,169,188,187,65,231,211,153,83,14,164
"COG0739",192,208,190,231,196,255,232,297,221,281,182,266,214,222,132,150,273,234,209,162,222,193,58,52,112,180,242,244,138,221,239,193,187,207,199,199,270,195,155,167,189,84,168,128,190,222,210,185,311,244,213,228,222,235,273,218,240,209,77,254
"COG0740",100,46,74,105,52,34,58,79,77,68,70,78,67,85,59,37,81,68,105,52,72,69,46,40,65,47,60,67,54,80,52,27,64,63,52,80,55,70,45,39,72,62,43,74,55,25,60,65,34,54,54,36,51,73,43,44,54,60,74,50
"COG0741",59,54,45,63,57,71,57,65,66,71,47,69,61,46,85,62,62,45,37,62,60,72,81,127,111,47,71,63,50,46,35,66,60,83,54,110,74,57,54,65,55,66,78,87,75,44,73,45,51,58,72,54,54,64,61,57,51,62,42,56
"COG0742",35,25,40,22,26,27,39,31,23,41,26,31,34,47,22,33,38,45,32,22,28,30,27,14,27,25,29,29,26,24,28,12,27,40,21,40,34,28,40,25,26,32,19,27,33,27,26,37,28,22,39,42,35,26,36,27,34,23,37,24
"COG0743",22,20,20,17,9,10,15,19,14,14,21,19,20,21,15,21,9,11,25,25,19,17,6,17,13,20,13,19,14,23,54,39,68,75,42,35,55,61,53,33,42,51,45,42,65,41,39,50,32,40,44,57,52,53,39,64,58,66,56,61
"COG0744",53,58,76,87,65,47,57,97,51,94,111,66,61,85,73,50,108,112,95,46,59,83,203,95,82,34,50,105,75,50,74,59,65,64,52,48,56,68,63,85,72,99,83,41,49,47,60,47,64,41,57,37,43,127,40,47,73,98,127,70
"COG0745",894,785,624,590,905,619,857,538,831,600,722,755,699,604,662,886,713,626,603,853,673,712,568,437,563,894,620,612,597,742,590,836,745,407,804,944,733,728,600,859,706,517,761,812,751,844,1035,891,821,676,693,920,825,595,938,813,834,615,429,803
"COG0746",5,0,1,1,4,8,1,6,7,4,10,4,3,4,7,1,1,1,0,5,3,0,15,8,5,0,4,1,6,1,4,1,5,2,4,3,6,5,2,3,6,8,1,0,1,1,1,5,2,3,2,2,3,7,3,1,2,3,6,0
"COG0747",20,54,39,54,35,147,33,49,76,97,102,43,66,96,123,75,72,159,152,51,64,31,174,206,178,46,145,51,119,32,62,35,56,36,36,55,61,67,21,96,53,93,119,46,53,46,50,80,53,37,94,38,76,147,19,82,52,69,276,58
"COG0749",157,105,113,132,99,85,102,140,96,239,118,118,157,129,81,72,136,156,132,115,173,120,94,71,141,71,122,217,89,96,149,579,135,122,75,155,103,111,107,109,123,167,115,93,150,186,80,91,71,94,93,59,128,121,76,112,129,102,125,112
"COG0750",83,58,78,97,32,57,80,97,53,87,82,61,63,86,70,34,99,101,94,45,66,76,80,48,67,52,47,87,76,60,74,37,77,71,53,56,75,76,71,37,83,59,60,70,64,21,56,78,45,59,68,47,69,96,48,45,67,67,27,72
"COG0751",1,3,5,5,3,20,8,3,5,12,12,3,18,9,10,5,4,9,8,7,1,7,48,23,20,2,17,2,3,6,10,3,2,9,9,23,12,10,10,13,6,37,5,2,8,5,2,2,5,5,5,11,6,5,5,12,3,4,20,21
"COG0752",0,1,1,1,4,9,7,1,6,5,2,4,8,6,2,6,2,3,2,1,1,1,18,14,9,2,6,0,2,1,8,6,0,3,5,8,3,1,3,4,6,19,5,0,2,4,1,0,2,2,0,4,3,4,2,4,1,0,5,7
"COG0753",4,11,16,10,13,28,1,2,11,16,7,16,8,4,1,16,9,11,8,6,20,3,8,22,4,6,14,3,2,8,6,29,12,10,15,22,4,6,12,38,7,4,27,3,4,19,14,19,24,16,4,4,9,11,9,18,24,8,9,16
"COG0754",5,2,3,7,7,16,1,3,0,4,2,1,6,2,3,13,25,8,1,1,0,1,7,55,5,0,3,1,3,1,1,1,5,8,0,14,5,1,9,4,3,2,11,3,2,6,1,0,4,2,1,6,3,11,5,2,0,2,10,4
"COG0755",59,25,57,40,68,80,5,40,45,12,6,29,48,28,11,46,42,23,18,62,58,50,2,14,3,43,55,29,16,54,10,31,6,23,21,15,6,14,18,18,8,11,14,8,18,19,28,9,15,5,12,10,23,17,18,9,18,4,1,23
"COG0756",24,35,69,23,63,23,27,45,20,57,47,23,44,51,29,29,31,38,38,119,34,51,28,14,38,37,48,56,42,15,77,75,43,36,22,36,23,29,29,15,50,35,29,48,37,8,17,59,24,30,81,27,36,45,28,28,29,26,39,27
"COG0757",37,27,24,20,20,14,39,21,21,23,15,22,16,20,7,17,20,22,28,16,21,17,5,1,7,15,16,10,23,19,11,23,14,40,22,30,15,13,38,11,28,22,13,13,15,14,23,33,15,16,23,11,25,17,22,20,21,18,25,16
"COG0758",32,70,66,62,41,41,45,89,62,64,60,78,49,55,39,61,66,70,54,49,49,52,46,30,45,39,60,42,43,51,17,21,16,22,16,25,11,18,17,18,16,13,10,21,16,16,20,18,15,23,11,17,12,16,18,18,24,19,13,14
"COG0759",9,23,11,18,10,9,22,15,10,21,19,14,6,12,8,7,10,16,14,16,17,12,12,1,10,5,10,17,12,23,16,8,8,8,14,4,23,11,5,4,16,2,13,13,11,7,14,17,3,14,10,19,16,16,14,11,13,18,15,5
"COG0760",130,39,90,71,89,80,112,61,79,72,32,78,92,82,28,52,59,66,56,63,91,86,47,55,25,55,76,57,46,57,69,89,69,88,53,99,60,55,93,82,93,73,66,40,68,50,72,56,43,65,73,71,61,62,84,85,74,46,25,86
"COG0761",54,65,50,54,34,48,58,59,45,43,55,48,55,81,45,33,51,49,95,51,56,47,18,16,42,36,45,68,64,51,58,48,53,59,41,51,51,62,45,16,70,43,45,42,41,34,47,52,36,56,43,38,57,51,39,50,55,42,49,66
"COG0762",0,0,0,1,0,4,0,0,0,0,2,1,3,1,0,2,0,1,1,0,0,0,5,18,5,1,3,0,0,1,0,3,1,3,1,3,1,1,1,1,3,3,4,0,0,0,0,1,0,1,2,0,0,1,1,1,0,1,14,1
"COG0763",53,23,47,23,27,29,59,25,23,29,14,32,47,29,15,26,26,22,16,29,29,24,5,11,6,26,25,18,11,23,28,27,19,47,23,48,25,22,51,33,33,25,19,21,23,36,14,23,26,36,42,30,34,6,44,31,20,14,5,34
"COG0764",83,31,50,35,43,42,33,46,52,41,47,44,32,50,34,38,41,21,24,45,47,42,39,20,21,32,49,54,38,39,44,49,33,74,37,47,25,44,58,53,46,47,34,30,40,42,42,46,31,33,41,33,56,19,42,38,50,28,10,44
"COG0765",67,71,76,89,38,100,68,67,47,70,115,59,62,123,93,40,75,112,129,70,70,65,234,110,210,93,50,113,164,52,73,39,101,40,66,40,61,86,63,23,91,162,87,117,75,22,55,106,50,58,64,36,58,85,32,30,51,101,294,60
"COG0766",72,58,92,93,56,48,79,95,64,107,104,84,72,79,62,57,96,112,98,55,78,65,96,58,95,67,79,76,91,94,30,14,28,24,27,18,30,26,22,23,22,27,15,20,19,12,20,23,12,18,24,16,27,41,18,14,19,24,27,31
"COG0767",11,5,8,6,9,4,21,3,10,5,1,7,11,8,2,12,8,9,5,6,5,12,2,5,0,4,9,3,5,4,36,35,16,35,29,29,25,15,37,27,21,24,19,18,14,25,9,17,21,24,16,32,28,15,34,34,21,9,5,46
"COG0768",260,235,244,245,159,193,245,331,206,308,290,187,220,306,269,172,253,299,306,251,213,241,267,151,301,153,199,310,284,249,242,161,232,266,207,205,270,272,194,153,227,243,213,244,260,148,247,233,159,227,195,188,246,301,195,189,213,274,186,199
"COG0769",96,80,94,81,56,70,60,108,71,110,117,72,74,96,84,53,120,128,105,83,95,76,138,49,109,68,82,117,94,82,24,23,38,27,22,25,18,33,26,22,22,36,30,15,35,15,22,25,14,16,20,23,26,39,17,21,25,29,50,39
"COG0770",168,110,151,110,108,105,155,126,119,101,102,128,113,91,98,79,108,99,96,119,135,121,76,33,60,100,113,93,93,106,101,100,103,163,75,131,120,122,177,106,113,123,83,85,112,104,82,99,106,124,123,117,109,119,130,121,119,85,88,128
"COG0771",64,58,61,76,39,52,65,75,40,73,73,60,60,68,86,40,82,68,68,56,73,70,63,44,84,51,66,69,61,73,69,49,69,93,41,80,67,82,65,42,53,64,53,66,64,32,53,56,61,58,68,42,48,73,51,60,62,69,69,74
"COG0772",150,117,153,158,105,119,137,164,124,176,181,118,126,153,162,91,154,176,178,97,137,132,151,70,148,103,128,172,172,108,57,24,65,51,45,38,37,36,54,31,63,48,35,48,41,24,42,38,24,31,41,38,44,47,24,39,45,57,44,40
"COG0773",87,63,97,78,40,71,83,85,49,78,70,66,73,78,69,62,72,83,69,64,78,64,91,61,63,54,56,80,88,55,72,57,72,93,68,62,76,66,92,56,67,100,98,67,74,41,61,51,36,58,48,56,54,71,51,76,56,58,65,69
"COG0774",58,23,45,33,46,36,38,32,40,29,12,37,29,36,10,34,31,18,11,25,38,37,3,19,6,21,49,24,6,29,35,35,18,64,41,41,34,32,47,36,27,23,25,26,37,39,28,29,25,35,42,36,41,14,39,33,30,16,4,45
"COG0775",14,18,14,15,15,15,14,18,20,16,13,20,10,14,10,22,10,14,11,20,20,23,16,19,16,20,20,16,17,12,38,42,39,55,58,42,60,55,63,55,38,48,43,42,52,56,48,52,64,60,80,71,58,43,53,66,61,46,69,45
"COG0776",65,68,53,51,71,53,63,69,53,49,37,58,51,53,20,40,51,43,24,81,42,53,26,47,28,77,48,43,39,62,63,55,47,45,66,55,62,41,63,57,66,38,55,40,44,58,57,66,54,45,63,75,73,60,54,47,54,54,32,43
"COG0777",3,18,10,27,13,13,8,35,14,24,39,19,29,16,60,22,25,27,34,21,15,36,45,31,48,19,25,18,43,24,27,11,28,11,13,8,21,18,8,14,21,44,11,28,32,7,19,27,15,19,16,11,22,20,8,12,18,31,23,11
"COG0778",135,108,141,99,126,107,138,99,114,123,103,123,142,147,95,133,104,97,97,106,135,117,99,85,92,106,116,76,102,131,139,155,119,166,110,135,143,118,139,148,99,128,101,101,129,151,121,146,147,110,178,143,121,85,137,127,126,92,88,148
"COG0779",3,13,9,18,6,15,9,8,14,21,23,11,22,19,18,5,18,24,27,13,11,7,24,22,21,9,5,29,18,9,17,7,19,3,13,12,8,7,10,8,11,23,18,19,15,0,6,18,7,4,8,6,14,24,6,2,13,15,6,6
"COG0780",28,19,17,18,23,17,29,27,16,13,14,13,22,13,13,16,20,18,13,18,11,19,6,15,7,16,12,14,14,14,24,22,12,26,18,32,18,14,34,14,17,24,16,17,15,21,16,15,15,20,25,25,13,4,21,28,14,14,5,22
"COG0781",33,28,37,32,40,27,18,40,23,37,19,35,32,30,23,12,46,37,28,34,29,44,25,21,28,27,22,33,25,24,32,28,33,15,22,40,23,29,30,31,28,42,25,29,28,22,27,44,38,23,22,20,36,34,27,30,28,25,44,33
"COG0782",44,43,53,32,28,33,35,39,45,46,47,25,54,51,50,27,48,43,46,38,53,44,51,48,48,35,32,44,54,32,54,28,54,59,40,39,31,36,39,11,50,59,55,46,40,29,27,41,38,42,32,28,39,47,32,23,41,51,48,38
"COG0783",0,14,5,13,21,7,1,7,24,6,9,19,22,11,0,14,11,5,10,9,10,8,25,8,4,28,18,5,1,6,9,14,6,3,18,14,9,9,3,27,5,10,11,6,16,16,16,14,19,14,13,9,16,7,17,18,10,9,11,15
"COG0784",73,249,174,291,210,208,176,240,229,238,332,178,290,238,428,265,209,197,180,331,206,265,282,334,320,181,199,360,433,294,316,340,270,190,268,190,291,275,146,358,226,137,258,212,237,299,426,258,363,266,285,276,230,253,315,253,242,350,105,193
"COG0785",0,2,0,1,0,5,0,0,1,1,0,2,5,0,3,3,2,4,2,2,0,0,20,7,0,3,4,0,0,0,2,2,0,1,0,0,0,0,1,7,0,0,2,0,0,2,0,0,5,3,4,1,0,7,1,3,0,1,3,4
"COG0786",4,20,25,19,12,20,7,17,17,22,27,15,22,27,28,54,30,17,19,12,18,23,9,75,18,15,39,33,24,21,29,12,27,14,31,15,21,26,6,22,20,11,22,32,29,13,26,15,18,22,33,15,19,13,11,33,12,29,6,18
"COG0787",134,65,118,94,79,83,110,78,89,77,75,82,90,120,69,58,78,88,81,76,105,79,60,56,62,55,89,94,73,91,87,67,103,131,70,76,77,94,120,51,92,84,93,55,81,69,47,73,44,86,82,86,99,74,106,95,79,48,69,89
"COG0788",2,8,9,9,31,14,3,3,11,8,2,24,7,4,2,11,3,6,3,16,20,5,1,12,0,10,14,9,0,10,6,21,4,1,8,5,19,7,7,16,3,0,10,4,7,18,14,22,12,14,13,16,16,12,18,25,24,5,1,12
"COG0789",27,66,49,57,35,64,44,54,39,55,83,44,68,53,83,71,72,83,54,54,43,62,158,117,99,44,55,75,95,47,79,57,40,40,48,46,56,38,33,53,56,55,57,91,55,53,64,60,65,43,44,55,56,77,41,38,39,53,131,48
"COG0790",18,40,30,44,40,36,13,48,25,31,21,30,60,94,30,12,50,59,69,24,32,64,15,58,28,21,28,35,12,26,64,25,29,29,15,21,30,47,50,41,43,22,56,24,38,57,43,16,30,42,13,22,34,47,29,24,26,7,6,18
"COG0791",15,99,51,118,33,65,51,100,60,102,143,64,89,93,168,63,82,122,94,87,98,54,113,155,166,82,75,110,106,104,86,55,150,33,77,79,96,114,33,47,126,109,118,129,98,45,97,107,62,76,71,38,91,107,58,36,88,119,80,78
"COG0792",12,25,30,31,18,15,21,26,26,23,16,16,21,21,22,28,29,27,24,20,17,24,7,7,20,11,23,15,23,22,23,19,31,33,15,21,22,25,28,17,28,15,27,27,24,19,25,12,19,21,14,37,31,20,32,27,17,17,19,18
"COG0793",362,280,277,233,249,262,402,214,301,247,151,277,230,222,143,365,160,128,116,298,224,215,35,45,54,229,280,148,152,305,239,371,220,323,276,291,307,275,398,294,199,184,170,170,214,397,277,207,309,322,283,416,286,147,407,379,291,245,59,284
"COG0794",47,39,35,22,28,61,71,12,24,35,17,30,34,24,11,37,21,16,15,24,21,25,6,65,11,20,23,6,16,25,32,41,15,32,29,55,18,24,38,32,19,23,21,21,16,19,20,27,18,27,37,28,25,27,31,27,16,12,11,40
"COG0795",126,43,73,41,69,36,92,86,50,52,25,53,68,47,17,59,28,35,28,44,52,77,7,39,6,51,52,31,26,52,56,36,51,169,46,62,49,47,99,74,67,51,39,36,35,57,41,30,54,45,62,58,46,24,56,70,66,25,16,69
"COG0796",48,41,35,41,39,37,62,50,45,48,48,48,41,46,37,45,47,51,45,42,38,45,55,35,45,34,47,46,45,39,45,32,44,57,40,40,41,53,54,28,42,41,36,36,61,34,30,44,28,31,45,46,48,47,22,42,32,36,46,46
"COG0797",12,1,17,1,3,7,3,1,0,0,1,3,7,6,2,6,2,14,1,4,0,15,0,10,3,2,3,1,5,0,3,3,1,18,3,3,4,3,27,4,12,13,8,9,3,1,0,0,3,2,2,2,1,1,0,0,1,0,3,5
"COG0798",1,3,16,0,14,2,0,3,4,2,0,1,3,6,3,9,2,9,1,0,8,1,1,0,15,15,5,1,6,1,2,4,4,0,0,3,4,2,2,8,7,10,0,1,6,3,16,1,9,10,1,9,2,4,1,6,6,1,6,3
"COG0799",28,34,18,24,14,17,16,39,29,19,30,24,29,26,19,20,21,22,20,20,20,26,22,10,24,14,20,18,23,17,26,23,22,21,28,25,22,17,26,18,34,26,18,23,18,22,14,28,22,20,19,30,20,18,23,16,31,17,25,22
"COG0800",24,43,34,21,36,42,48,22,30,20,26,37,32,23,38,28,22,35,32,36,49,24,27,28,27,35,40,25,42,40,23,17,13,32,25,18,37,24,39,23,24,34,22,13,33,17,20,41,36,17,28,41,26,25,27,33,23,37,18,24
"COG0801",16,8,22,23,22,18,23,21,21,22,17,22,16,22,9,10,18,9,10,26,19,15,39,14,20,15,24,20,18,11,17,20,23,18,18,25,13,23,17,15,27,15,16,10,13,17,13,17,9,18,23,23,21,15,24,11,13,22,42,18
"COG0802",39,30,16,28,11,31,27,34,17,24,26,15,30,21,19,23,32,41,17,24,29,15,29,25,24,28,17,22,25,14,36,19,24,27,19,23,15,15,24,26,24,33,21,34,15,20,14,34,15,17,18,10,24,29,27,15,22,27,36,12
"COG0803",22,33,29,36,34,51,19,13,30,32,38,44,31,46,30,23,36,26,25,35,37,25,86,68,70,20,20,19,27,29,30,12,39,18,30,44,50,28,49,16,23,55,24,17,44,15,25,37,21,29,39,22,41,39,26,23,30,51,89,40
"COG0804",0,2,7,0,1,6,2,4,2,3,5,3,3,4,5,2,2,7,11,2,1,2,20,0,16,2,5,3,9,11,6,0,9,0,2,2,0,10,2,1,0,0,4,1,7,1,3,5,2,0,2,4,1,1,2,5,1,1,10,3
"COG0805",12,15,29,29,27,31,25,33,21,14,12,20,23,12,16,29,20,22,12,20,17,13,11,15,14,13,18,15,10,16,22,10,16,22,38,33,18,22,19,15,20,11,20,14,21,19,28,16,29,14,21,35,29,9,30,21,24,25,29,19
"COG0806",32,18,28,30,4,18,36,34,17,24,23,12,26,25,18,12,19,30,32,14,7,20,27,15,26,20,10,15,23,12,18,17,21,36,10,28,9,19,15,16,36,29,22,39,12,12,17,25,14,12,7,9,13,31,12,10,16,13,35,19
"COG0807",62,41,66,39,28,46,44,30,48,34,37,59,38,38,46,39,43,29,23,32,51,43,8,23,18,33,43,55,31,46,51,28,39,46,43,41,30,31,70,40,44,55,21,42,43,39,34,33,32,28,47,42,39,18,36,35,38,26,12,38
"COG0809",115,74,96,90,84,76,97,96,81,82,68,84,75,82,45,93,73,67,54,72,85,69,37,23,32,72,84,88,59,82,75,80,76,132,73,92,81,73,125,58,56,59,72,70,78,71,68,82,72,78,70,73,77,64,92,102,79,72,4,89
"COG0810",0,1,2,0,3,5,0,0,1,0,5,0,3,1,1,2,1,2,0,1,1,0,3,4,0,1,2,0,0,0,5,2,0,0,2,0,1,4,1,0,0,0,2,0,0,0,0,0,0,2,1,0,1,1,1,0,0,0,1,2
"COG0811",56,46,55,44,65,63,74,43,64,47,31,77,71,48,32,55,35,24,16,68,36,40,8,25,6,38,59,36,15,53,55,61,28,47,57,49,60,57,82,64,49,44,50,25,62,59,48,39,41,64,71,77,57,16,91,95,66,35,11,54
"COG0812",58,40,47,44,31,32,42,54,42,61,42,32,34,41,52,30,54,49,54,31,37,38,54,31,67,32,49,52,48,42,28,41,37,52,44,32,34,48,40,39,52,57,43,42,35,36,43,44,23,26,44,35,38,42,29,31,30,42,74,35
"COG0813",1,17,17,15,2,7,6,12,8,17,23,13,9,11,15,10,12,13,31,8,14,8,18,26,14,5,12,15,24,14,12,4,8,5,9,10,9,10,4,9,15,17,15,20,10,7,7,13,2,15,14,15,9,20,4,2,10,24,9,4
"COG0814",9,6,3,11,9,68,3,3,10,12,10,5,16,8,14,17,2,21,6,3,4,12,16,153,16,17,2,3,18,4,8,12,7,10,3,12,9,1,3,17,10,22,40,10,9,6,2,3,13,8,1,10,5,32,5,9,2,14,17,14
"COG0815",0,1,5,3,2,8,1,1,2,7,1,2,7,7,0,3,4,8,6,1,4,2,1,28,1,1,4,1,2,2,6,6,2,3,3,4,3,14,1,2,5,0,12,0,3,1,2,0,0,0,1,3,4,4,2,6,2,2,1,6
"COG0816",33,17,31,28,25,22,32,33,18,14,34,26,27,23,15,23,42,35,25,26,25,28,31,15,23,19,26,32,21,26,28,21,24,32,17,28,20,21,21,19,31,29,24,29,20,15,20,29,8,18,21,16,22,24,13,22,24,26,35,30
"COG0817",29,16,24,21,30,20,26,20,18,19,18,24,16,17,4,20,22,29,21,24,17,21,3,10,13,29,24,16,3,28,17,20,19,29,20,16,9,20,19,20,18,11,15,15,21,20,8,24,15,21,21,31,25,23,25,23,24,13,17,25
"COG0818",1,10,11,10,10,14,4,10,12,23,4,17,8,2,3,19,11,11,6,15,15,4,17,17,6,5,14,7,8,14,12,6,4,6,17,19,5,12,9,9,5,2,6,13,12,6,7,15,10,11,15,18,12,19,14,13,13,13,2,6
"COG0819",1,4,4,8,1,13,1,4,0,4,8,5,2,7,1,1,4,9,6,4,6,2,3,0,14,1,4,4,7,3,8,2,5,1,12,1,0,2,1,0,8,5,4,18,8,1,1,2,1,0,0,5,4,6,0,0,5,4,38,3
"COG0820",57,63,57,71,33,31,52,85,61,55,49,53,60,57,47,45,70,80,92,47,41,87,52,47,53,34,51,58,43,74,91,36,95,70,43,47,40,58,62,40,74,62,46,80,54,45,40,47,42,61,48,44,49,65,27,55,47,59,50,58
"COG0821",87,57,82,67,59,50,116,49,99,50,55,90,44,58,40,42,58,48,69,61,77,71,20,31,48,60,59,74,55,76,45,46,59,113,71,49,83,68,79,52,53,43,68,43,68,41,60,62,51,69,79,52,70,45,62,73,52,52,59,65
"COG0822",42,44,50,57,38,37,29,58,45,64,59,35,32,56,71,32,51,69,64,36,44,46,36,12,29,40,36,69,47,41,43,22,47,44,39,19,38,44,35,25,63,40,40,49,60,30,31,46,23,22,22,29,39,57,36,25,46,40,37,33
"COG0823",3,46,23,14,75,46,22,8,41,9,40,25,24,16,39,46,21,14,9,35,39,41,13,46,34,46,36,15,25,8,13,63,37,3,63,27,9,31,9,81,22,3,40,40,35,38,63,20,62,45,16,102,27,39,19,88,49,18,25,27
"COG0824",8,29,21,19,23,31,17,15,20,31,21,17,27,18,20,32,25,15,7,28,26,21,19,22,7,30,26,18,14,29,21,26,22,9,26,26,21,33,21,23,18,12,26,27,18,24,22,20,25,38,37,41,36,19,37,29,25,21,5,24
"COG0825",1,13,6,11,7,7,3,9,4,7,16,11,3,6,18,3,4,1,10,3,7,6,19,10,17,12,5,8,12,8,26,4,20,4,16,15,27,23,9,14,29,30,33,25,39,2,13,20,12,20,16,11,15,13,7,5,18,34,17,10
"COG0826",146,123,147,159,100,103,151,164,114,171,128,131,129,156,148,117,173,158,170,112,129,136,105,111,127,133,148,155,148,134,153,80,137,176,135,150,139,151,133,99,184,106,126,120,129,90,104,105,96,130,135,105,113,177,115,153,149,141,124,162
"COG0827",58,236,131,229,146,153,188,246,126,158,179,160,115,201,186,31,137,120,284,172,133,115,127,61,157,132,251,210,186,191,167,135,287,100,120,77,224,175,111,17,215,82,186,132,152,119,171,204,77,234,315,149,135,214,138,57,114,307,157,100
"COG0828",4,4,3,4,0,8,5,7,2,3,10,5,5,5,5,2,11,11,4,5,2,5,4,7,6,5,3,5,5,2,8,0,5,4,4,4,3,5,1,0,16,3,10,4,6,1,2,11,3,1,1,2,4,12,2,2,5,1,3,2
"COG0829",0,1,1,1,0,4,2,1,2,4,3,0,1,1,5,1,4,2,8,1,2,0,21,0,2,0,4,4,5,0,6,0,3,1,1,0,2,2,1,2,0,0,1,1,1,5,0,0,1,0,1,1,4,0,0,1,0,2,2,0
"COG0830",0,3,2,3,2,6,0,2,0,5,1,2,2,1,4,1,4,0,2,0,0,1,9,0,4,0,1,0,8,1,4,0,10,0,0,1,6,0,0,0,0,2,1,1,2,2,0,3,0,2,0,8,3,1,0,1,0,1,1,2
"COG0831",0,1,0,0,0,2,1,0,0,1,2,1,0,1,0,0,1,0,6,1,0,1,1,0,2,0,2,1,3,0,2,0,4,0,0,1,2,1,0,2,0,0,0,0,1,0,0,1,0,0,0,2,2,0,0,0,0,0,3,0
"COG0832",0,1,3,0,0,0,0,1,1,4,3,1,0,0,0,0,1,3,1,1,2,0,5,0,2,1,1,4,4,2,0,0,6,0,1,0,0,0,0,1,0,1,1,0,0,0,0,2,0,0,1,3,0,0,1,0,0,1,1,0
"COG0833",2,0,3,2,1,22,14,0,1,5,4,1,3,1,7,7,4,3,2,0,0,0,55,29,15,0,2,0,2,0,5,5,0,1,4,15,3,3,5,9,0,14,17,0,1,3,0,2,0,1,0,7,0,6,0,2,0,1,31,1
"COG0834",83,109,85,122,76,149,87,78,70,107,134,91,89,161,162,79,113,147,149,115,87,96,311,173,222,85,99,138,173,100,122,51,118,53,110,100,135,105,88,78,117,236,133,124,108,46,95,146,96,70,113,54,101,108,45,70,82,140,243,100
"COG0835",3,10,12,30,7,7,4,19,13,6,16,1,7,13,43,1,17,18,4,13,11,38,1,10,13,27,11,39,24,19,18,1,39,3,20,4,8,17,10,7,20,16,23,45,14,2,9,20,15,5,5,14,10,5,3,1,11,25,0,1
"COG0836",172,69,82,95,38,65,83,95,66,34,33,57,65,60,67,60,58,37,26,64,49,100,9,20,24,69,66,54,64,57,68,84,56,97,61,62,53,49,120,51,76,65,45,50,29,58,57,40,84,55,56,82,46,22,70,65,62,61,10,64
"COG0837",1,1,0,0,4,2,0,0,0,1,0,0,0,0,0,1,0,4,0,1,0,0,3,17,0,0,1,0,0,0,0,1,0,2,0,2,0,0,0,2,0,0,5,4,0,0,1,0,2,1,0,1,1,1,3,0,0,0,3,1
"COG0838",16,13,19,10,13,13,24,11,11,11,5,15,12,7,6,9,11,6,5,9,14,13,0,5,0,8,13,11,4,6,11,10,8,23,10,11,14,10,19,9,15,5,12,14,12,8,9,15,8,9,16,12,10,6,21,18,13,5,1,10
"COG0839",37,22,30,13,25,17,35,28,26,12,3,25,13,16,7,32,17,5,6,13,24,20,0,6,3,22,21,12,10,24,20,13,10,30,20,22,22,17,38,12,21,10,14,5,20,14,9,12,18,17,35,40,24,4,35,40,15,13,9,20
"COG0840",30,140,96,437,73,83,56,242,180,51,205,52,103,98,727,56,94,127,48,250,157,261,9,203,65,318,139,340,261,173,171,12,299,14,185,39,127,199,64,89,185,141,208,369,207,7,198,169,120,47,61,122,146,57,41,41,108,384,9,34
"COG0841",354,438,477,459,757,675,546,410,808,422,237,884,548,408,257,641,331,283,254,445,641,412,58,305,89,548,788,373,166,712,428,800,423,371,597,519,687,631,564,915,370,253,525,338,571,611,615,399,580,686,728,717,572,394,732,737,683,394,119,769
"COG0842",124,128,119,109,198,161,179,126,162,86,91,143,156,146,79,164,81,76,64,131,182,124,104,95,27,146,143,155,87,153,113,195,119,145,122,141,133,125,213,185,111,117,94,87,100,167,121,115,200,166,164,155,123,87,191,204,149,108,25,150
"COG0843",3,0,1,0,1,16,0,2,1,0,0,0,0,0,0,1,0,3,0,0,0,0,2,20,3,1,0,0,0,0,42,1,0,2,0,2,0,0,0,3,9,0,4,2,1,1,0,0,0,0,0,0,0,1,0,0,0,0,0,0
"COG0845",340,433,374,352,608,476,488,313,570,335,212,565,449,333,231,531,299,217,167,445,449,345,103,176,103,428,520,281,183,439,328,657,302,432,459,439,528,468,497,704,305,269,322,312,444,607,475,324,581,534,572,554,454,261,613,617,518,347,95,493
"COG0846",65,43,63,54,28,34,47,57,33,57,63,55,55,49,56,56,45,68,52,55,41,54,59,34,91,24,41,46,98,54,58,22,65,104,30,33,67,43,44,31,52,59,34,56,66,17,28,56,57,37,43,33,45,45,31,25,49,67,62,48
"COG0847",99,29,34,36,60,38,61,46,42,30,22,42,43,39,16,49,22,38,29,49,45,62,64,40,26,36,41,29,22,33,14,22,13,29,7,14,15,9,24,9,28,28,18,14,13,11,13,9,11,8,19,17,14,4,16,21,9,11,9,5
"COG0848",1,2,4,8,4,10,13,6,2,5,5,4,9,3,4,5,6,2,5,1,1,2,8,20,1,2,9,0,0,0,3,17,1,5,10,14,3,3,6,9,4,9,5,0,5,3,0,4,2,5,4,7,1,1,8,6,3,1,3,2
"COG0849",76,17,46,38,37,49,64,31,27,31,28,34,29,29,24,35,44,22,23,28,45,56,32,26,23,17,29,37,40,29,43,30,37,76,23,46,24,28,47,50,38,40,46,44,26,9,31,21,32,28,38,20,19,43,34,35,32,25,15,28
"COG0850",3,5,6,15,0,3,6,9,9,6,9,1,2,8,13,5,13,20,0,10,4,9,11,16,14,9,14,19,14,3,3,4,14,1,9,3,5,11,4,10,4,6,8,19,11,2,7,16,7,2,7,5,3,13,3,0,4,8,12,1
"COG0851",0,5,3,1,1,2,3,7,5,4,10,1,2,4,10,2,7,11,0,4,0,3,4,7,3,5,4,13,6,3,5,2,2,0,2,3,1,5,3,2,5,0,3,8,1,2,4,9,3,0,1,2,1,7,0,2,3,5,1,1
"COG0852",60,35,36,26,34,46,37,33,41,28,12,37,27,17,15,33,29,12,15,36,54,38,3,23,5,27,42,24,12,44,17,39,24,74,25,38,37,38,49,37,21,12,28,15,25,35,28,26,47,49,33,38,32,14,46,48,43,18,5,46
"COG0853",26,19,22,12,16,19,16,12,19,10,7,18,18,15,13,22,17,10,8,13,21,12,5,11,11,9,13,16,18,23,17,14,10,21,18,19,17,6,32,18,10,10,13,12,8,18,13,11,19,18,17,25,19,8,25,18,18,11,7,10
"COG0854",4,18,12,13,32,22,4,6,23,10,8,31,12,14,7,30,11,10,2,29,19,8,2,7,1,16,23,7,7,16,6,13,12,3,22,23,28,15,6,15,7,2,16,8,23,18,24,13,35,22,33,28,22,10,38,31,25,13,5,18
"COG0855",15,89,61,78,89,93,98,71,97,75,97,78,83,66,92,103,108,45,61,79,79,66,61,43,93,74,73,105,97,71,80,78,90,107,92,94,81,99,77,83,71,75,68,73,79,90,83,62,95,86,87,83,81,58,101,79,80,95,105,78
"COG0857",0,0,1,0,7,13,0,0,1,0,2,1,3,1,2,3,0,2,0,0,0,0,5,20,12,2,0,0,0,0,1,3,0,6,0,1,0,0,0,5,0,5,11,0,1,1,0,1,3,1,0,2,1,8,1,0,3,0,59,5
"COG0858",24,20,25,23,22,15,28,31,15,34,21,16,17,30,24,20,25,33,29,29,21,26,32,13,17,18,22,28,22,25,24,10,24,23,32,28,29,31,23,24,33,28,23,25,24,13,22,36,13,24,29,21,23,34,32,22,24,26,38,23
"COG0859",64,22,33,35,36,74,70,38,32,34,29,16,41,39,10,63,20,25,16,26,18,28,31,62,5,33,46,17,18,26,45,49,17,67,31,61,33,33,59,46,37,38,37,28,15,62,18,6,36,27,42,42,23,27,39,56,28,13,10,27
"COG0860",20,21,19,30,15,22,13,41,13,31,26,20,18,22,29,14,34,19,28,26,18,27,29,29,35,26,17,36,35,19,79,58,84,62,61,88,78,60,46,45,81,37,63,93,69,40,78,76,44,41,46,57,67,92,50,60,54,72,37,47
"COG0861",39,1,20,9,5,37,30,16,3,12,6,0,14,16,13,11,1,20,6,2,0,19,17,63,30,3,2,5,11,0,13,6,2,42,9,23,2,2,35,6,16,32,26,5,10,2,0,0,8,3,3,13,3,13,6,8,2,2,58,11
"COG0863",66,34,62,60,81,68,25,97,62,47,54,77,63,58,29,34,61,78,137,63,76,92,14,62,15,55,67,72,35,71,74,39,84,81,51,62,38,44,31,91,96,49,45,98,35,33,56,46,72,36,72,62,84,85,40,39,66,43,16,59
"COG0864",0,1,1,2,3,0,0,0,0,0,0,2,2,5,0,0,1,0,1,1,4,0,1,5,0,0,3,0,0,0,1,1,0,1,0,2,2,0,0,0,2,1,1,2,1,2,1,1,2,2,0,0,0,2,4,1,1,0,0,2
"COG1001",7,18,18,18,11,23,8,14,15,26,25,12,24,29,30,18,26,45,54,20,19,6,40,44,32,11,29,20,28,17,18,17,21,6,11,18,28,25,4,17,22,36,22,15,17,7,15,23,25,20,21,6,18,45,19,20,13,19,16,19
"COG1002",212,36,20,69,83,77,74,121,22,42,46,89,115,86,23,19,65,58,45,34,74,73,59,62,100,78,25,42,106,44,111,61,52,18,69,86,68,45,150,39,153,97,88,83,45,76,46,46,155,32,49,62,43,39,41,68,34,48,77,70
"COG1003",7,45,36,43,41,40,32,31,56,53,17,86,57,39,23,60,20,21,17,40,24,19,3,47,2,42,57,25,9,62,38,85,40,24,42,47,59,48,49,63,14,16,59,19,37,61,40,46,60,70,55,42,43,42,49,74,49,24,9,57
"COG1004",92,75,62,89,120,81,120,83,79,111,58,104,82,35,26,83,64,42,48,68,66,81,50,24,36,95,86,55,30,88,65,68,71,99,76,64,58,64,52,123,44,38,63,34,64,104,74,72,74,69,89,64,69,62,107,84,111,39,63,68
"COG1005",40,18,42,20,26,26,39,21,24,23,9,26,32,23,6,35,23,9,10,20,26,25,3,3,1,32,28,16,11,20,19,28,14,45,17,32,23,24,41,23,21,12,19,21,10,30,28,25,22,26,27,26,21,7,27,30,33,23,2,27
"COG1006",1,0,0,0,0,1,0,0,3,0,0,0,4,1,1,1,0,0,2,1,1,1,0,3,0,0,1,2,0,1,3,1,2,1,0,1,1,1,0,0,0,0,2,0,0,1,0,2,1,0,2,0,1,1,0,5,0,0,0,1
"COG1007",74,34,53,36,38,44,68,32,45,15,13,43,39,25,11,67,23,17,8,34,35,34,1,11,7,32,33,24,13,41,31,46,37,59,31,34,35,42,62,44,37,24,18,27,31,46,19,19,41,43,35,50,28,14,51,50,36,27,4,42
"COG1008",65,15,36,31,40,39,40,35,55,31,11,45,26,31,8,28,33,13,17,24,46,34,0,15,2,37,43,32,7,40,7,17,11,21,16,4,10,12,14,9,8,6,11,11,11,19,10,10,9,13,5,6,12,3,10,12,11,2,0,13
"COG1009",87,32,55,38,29,37,73,47,37,31,14,58,33,35,15,30,30,32,12,27,49,37,2,43,3,19,50,19,23,49,25,36,38,72,28,31,45,43,87,23,35,37,32,22,42,22,49,24,19,38,54,39,43,14,32,53,18,21,6,59
"COG1010",6,15,22,11,12,10,16,5,19,17,17,27,16,12,34,11,11,24,17,19,17,12,10,3,15,17,17,26,15,18,15,7,15,4,17,8,20,12,11,21,15,15,17,15,21,5,17,19,10,19,15,8,18,19,2,17,14,16,6,6
"COG1011",107,86,92,62,79,91,76,85,92,95,93,84,105,95,62,84,61,62,76,97,81,74,89,50,96,61,58,64,89,84,69,100,57,71,70,97,74,57,109,63,82,106,47,89,77,93,64,84,104,64,97,88,88,78,115,82,79,79,88,91
"COG1012",19,83,46,68,69,205,33,53,76,91,98,47,89,74,91,123,50,115,92,73,52,77,244,274,147,85,95,69,106,69,78,77,62,33,72,68,111,72,35,117,49,117,174,61,58,78,63,47,113,81,96,92,69,146,82,95,56,96,193,54
"COG1013",201,134,179,180,147,148,182,181,181,168,113,194,170,192,190,124,170,140,154,131,230,185,61,67,94,118,208,163,159,177,197,166,165,230,175,146,173,171,203,155,139,182,131,135,247,129,117,146,97,191,183,157,148,151,140,157,185,136,29,245
"COG1014",200,210,248,207,197,176,179,180,213,217,130,279,175,217,182,180,166,166,165,198,225,199,39,94,99,141,260,193,163,260,183,174,194,229,220,193,234,223,205,191,198,188,129,164,237,157,155,175,152,213,270,200,205,148,201,226,202,131,42,263
"COG1015",6,22,8,24,13,16,8,34,16,27,42,15,17,26,36,24,23,19,32,18,15,15,53,61,38,15,23,36,31,20,16,8,29,7,28,15,18,19,4,14,21,32,35,25,20,9,16,20,6,10,18,15,15,32,7,6,18,28,12,9
"COG1017",1,0,0,1,2,8,1,1,0,0,0,0,4,0,1,5,0,1,0,2,0,0,3,16,1,0,3,0,2,0,0,0,0,2,1,0,1,0,0,0,0,0,1,0,1,1,0,0,0,0,2,0,1,0,0,2,0,1,1,0
"COG1018",5,1,1,0,8,21,1,0,4,2,3,3,7,2,0,5,1,7,0,2,1,0,16,57,3,1,2,1,1,0,2,4,2,4,1,14,3,1,1,13,3,0,28,2,5,2,0,0,5,3,4,3,3,9,3,5,0,2,6,2
"COG1020",15,35,48,28,45,88,55,35,46,58,85,27,36,25,72,47,33,73,25,59,41,16,257,95,54,33,28,42,67,68,48,27,45,46,78,39,39,46,9,80,44,30,38,61,22,33,27,27,61,31,30,17,24,64,30,39,37,72,87,38
"COG1021",0,0,0,0,0,3,0,0,1,0,0,0,0,0,0,1,0,1,1,0,0,0,3,7,0,2,0,0,0,3,0,3,0,6,1,2,0,0,0,6,0,0,8,0,1,1,3,0,0,1,1,1,0,2,1,1,2,1,11,0
"COG1022",240,142,177,123,178,119,199,129,173,196,86,208,137,106,79,184,172,140,67,152,148,143,21,8,98,142,171,108,88,162,131,173,101,205,148,183,169,152,218,157,128,92,81,106,133,178,136,112,170,158,187,171,160,116,215,213,158,145,216,162
"COG1023",0,0,0,0,0,0,0,0,0,0,0,0,0,0,0,0,0,0,0,1,0,0,0,0,7,0,0,0,0,0,0,0,0,0,0,0,0,0,0,0,0,5,0,0,1,0,0,0,0,2,0,0,0,0,0,0,0,1,2,0
"COG1024",2,20,15,24,9,31,15,11,7,11,17,10,26,24,22,15,17,31,19,14,19,4,26,132,20,7,12,23,16,18,20,7,16,17,17,20,17,16,11,8,16,22,49,30,13,4,21,25,10,17,14,14,16,22,9,14,22,18,14,13
"COG1025",3,0,0,0,7,19,0,0,1,0,1,1,1,1,1,2,0,3,0,0,0,0,4,33,4,1,2,0,0,0,0,2,0,3,0,4,0,0,0,12,0,1,17,0,1,3,0,0,2,1,1,0,0,6,1,2,0,0,4,0
"COG1026",6,40,26,53,10,23,41,37,34,34,68,38,29,45,98,15,68,23,53,31,36,32,55,39,80,36,32,65,76,44,51,20,51,12,29,29,58,51,12,20,35,50,41,55,44,11,45,27,30,35,35,30,36,21,19,10,35,80,20,17
"COG1027",23,11,4,8,15,4,23,3,8,7,5,14,5,5,10,6,3,8,5,12,8,8,8,20,4,5,11,0,5,6,16,51,11,71,13,34,33,28,25,64,31,21,4,16,36,32,20,17,32,28,40,19,24,15,59,54,25,12,27,53
"COG1028",196,232,235,216,245,346,189,176,269,203,237,267,221,239,186,234,228,226,207,211,206,224,232,338,189,277,228,258,218,211,213,280,235,218,230,247,254,198,202,355,195,212,230,188,232,237,250,224,267,243,290,218,246,200,217,238,271,239,211,210
"COG1030",0,0,2,0,1,0,1,1,0,5,2,0,1,4,0,2,0,1,3,0,7,0,1,1,0,0,2,0,0,1,8,1,3,1,1,3,5,6,4,4,6,6,7,3,2,1,2,0,4,3,3,1,7,11,4,5,7,0,0,6
"COG1032",71,142,99,153,127,115,103,119,137,123,147,136,123,134,187,125,126,118,184,126,174,134,113,100,115,110,152,171,140,154,108,100,143,141,142,114,141,137,100,88,128,135,128,133,136,109,133,142,82,112,127,144,171,164,159,98,153,140,68,156
"COG1033",9,67,42,91,12,18,30,43,34,82,89,47,58,50,82,8,65,67,97,41,52,51,37,21,89,61,26,66,94,52,30,11,69,6,35,19,68,66,17,7,76,62,42,80,59,24,47,57,28,52,18,26,51,75,26,18,56,83,23,29
"COG1034",8,33,18,22,14,26,9,8,20,29,14,18,36,28,54,18,27,50,35,17,19,19,38,51,42,33,37,14,40,19,25,33,20,8,24,22,22,49,11,40,28,30,31,16,20,18,23,25,23,31,32,16,25,66,26,16,28,17,23,26
"COG1035",81,48,28,47,62,14,60,61,15,31,56,15,50,39,21,33,48,29,35,21,28,26,7,6,35,41,42,34,47,14,56,38,19,38,30,25,19,47,21,34,47,30,26,100,26,49,49,25,85,45,49,74,40,60,22,42,55,43,32,19
"COG1038",0,25,12,19,16,27,7,12,26,26,15,20,32,35,13,19,19,18,13,16,31,7,41,4,8,32,23,13,14,17,20,30,12,10,15,16,25,31,10,19,19,26,10,10,24,27,20,18,29,33,26,17,19,15,21,35,22,23,8,21
"COG1039",1,0,6,1,1,3,0,2,1,1,2,2,6,3,0,1,2,5,2,0,4,0,23,0,0,1,1,6,7,0,5,1,4,3,0,1,0,0,0,0,3,0,6,0,1,0,0,0,0,0,0,0,0,6,0,1,1,2,1,3
"COG1040",66,22,40,35,46,26,37,42,25,58,41,34,25,42,38,33,30,40,45,29,22,36,65,20,47,26,39,35,36,33,37,22,29,30,26,37,37,32,51,35,36,38,39,42,41,47,32,30,31,30,33,29,21,37,24,39,30,27,47,35
"COG1041",1,10,1,3,3,1,2,1,2,2,7,2,6,2,10,0,6,0,3,8,4,10,2,1,1,0,2,2,8,2,2,1,5,0,15,1,0,6,0,0,0,1,3,28,13,0,0,6,0,3,1,4,1,13,0,0,4,13,0,2
"COG1042",3,29,15,9,48,20,4,18,40,23,14,49,21,22,14,35,4,11,17,41,40,9,1,37,10,33,38,17,8,23,1,13,7,5,9,8,14,5,4,15,6,2,6,2,11,12,17,6,9,15,5,7,11,7,10,23,16,3,4,9
"COG1043",61,43,36,52,57,43,39,50,47,38,13,51,43,29,6,67,32,8,15,35,39,37,4,13,5,28,42,35,11,40,32,61,35,80,42,45,37,42,36,50,39,21,16,27,28,54,40,33,65,31,70,62,45,14,57,65,58,31,7,41
"COG1044",42,29,31,27,40,30,37,40,39,24,9,37,31,27,8,37,28,17,16,36,42,37,3,17,7,33,37,14,15,25,30,25,18,66,26,50,33,20,53,36,33,32,21,27,38,34,28,38,31,37,40,31,34,14,36,52,33,21,6,41
"COG1045",73,64,60,43,55,52,43,46,45,46,45,62,46,59,30,56,42,43,37,42,50,54,33,24,28,40,44,49,36,51,21,22,10,13,25,15,17,19,22,12,12,8,15,27,14,19,22,17,10,20,24,17,23,20,20,15,15,14,7,13
"COG1047",8,9,24,18,16,11,15,13,14,12,15,5,17,18,19,12,17,13,5,10,19,24,13,19,17,14,9,18,16,13,18,24,21,12,15,10,13,17,20,18,9,13,13,19,13,18,11,10,6,8,17,20,9,11,13,12,9,10,5,23
"COG1048",91,79,82,87,76,63,93,84,93,70,82,84,59,66,102,64,70,58,97,60,79,86,96,107,96,61,73,80,116,93,25,24,23,32,41,24,20,27,19,18,20,26,24,42,38,15,43,29,15,25,27,20,29,24,21,21,19,33,33,30
"COG1049",1,0,0,0,1,15,0,0,0,0,1,0,0,1,1,3,0,6,1,0,0,0,4,34,0,1,0,0,0,0,0,3,0,1,0,5,1,0,0,5,0,0,9,1,0,0,0,1,4,2,0,1,0,8,0,2,0,1,6,0
"COG1051",47,50,51,34,46,55,28,32,31,33,20,45,35,26,10,56,47,27,29,42,44,26,48,16,51,52,40,19,22,24,46,46,19,34,29,56,25,29,40,22,61,46,19,37,41,53,46,48,49,36,35,47,46,25,59,54,46,41,44,41
"COG1052",30,66,72,73,66,64,33,84,80,71,78,80,57,70,78,70,49,64,79,69,98,56,66,56,48,64,88,70,69,82,39,58,62,47,78,59,68,90,48,65,64,64,58,64,74,69,75,80,72,79,88,75,80,60,77,72,62,101,35,66
"COG1053",164,103,145,109,66,123,130,92,102,123,98,162,107,174,111,137,92,76,98,117,111,113,109,65,156,65,141,106,141,95,78,89,84,120,143,81,185,142,147,83,124,197,128,93,211,56,65,60,88,149,132,119,136,67,195,186,126,124,118,118
"COG1054",1,6,1,1,0,9,0,1,0,0,2,0,0,1,2,1,0,2,0,0,0,0,15,16,4,0,0,0,4,0,0,1,1,0,0,2,0,0,0,1,0,1,8,2,1,0,0,0,2,2,1,2,0,1,1,1,0,1,2,0
"COG1055",95,28,58,45,11,16,54,57,19,39,33,20,46,50,43,20,32,49,24,22,31,68,16,23,21,25,23,39,48,13,40,11,39,121,42,34,26,29,55,18,59,64,26,30,31,6,14,20,20,28,22,15,21,23,12,20,23,40,20,40
"COG1056",0,0,2,0,2,13,1,1,1,0,0,0,2,0,0,1,3,4,5,0,2,0,23,13,3,0,0,0,1,0,2,2,0,1,0,4,1,3,0,5,0,0,0,1,0,0,1,2,1,1,1,0,0,5,0,0,0,1,2,3
"COG1057",13,9,8,14,8,8,11,7,7,13,10,9,10,11,12,8,18,12,11,14,7,12,12,3,9,9,8,13,9,6,22,18,38,35,25,29,41,25,34,23,24,40,33,21,30,26,30,21,20,28,33,30,43,39,34,25,25,25,40,30
"COG1058",1,17,17,12,12,19,16,9,13,9,21,10,22,18,10,7,17,16,26,8,17,14,37,14,9,22,18,10,9,21,25,28,23,11,15,12,19,24,4,21,21,22,42,14,12,34,16,15,17,13,7,5,6,15,8,16,23,19,17,14
"COG1059",0,0,0,0,0,1,0,0,0,0,0,0,0,0,0,0,0,0,0,0,0,0,0,0,0,0,3,0,0,0,0,0,0,0,1,1,0,0,1,3,0,0,0,0,0,1,0,0,0,0,0,0,0,0,0,1,0,0,0,0
"COG1060",40,83,79,53,89,84,68,35,64,48,47,68,78,45,88,87,57,26,27,66,56,44,41,27,32,49,80,51,84,70,96,82,62,18,110,76,48,75,87,56,47,38,53,64,60,74,65,72,67,93,89,87,52,40,70,87,71,59,29,73
"COG1061",127,73,92,108,102,54,101,106,79,209,139,83,117,72,98,92,103,61,64,83,84,184,166,28,98,95,136,179,101,65,163,565,71,99,100,124,90,131,165,100,87,128,104,141,128,228,109,58,64,77,66,120,91,63,62,65,80,104,143,44
"COG1062",0,1,0,1,2,9,0,1,0,0,0,0,1,3,0,1,0,2,0,0,0,0,1,22,9,2,0,0,0,0,0,2,0,2,0,2,0,0,0,4,0,0,2,0,0,0,0,1,3,2,0,1,0,2,1,3,0,1,1,0
"COG1063",165,88,80,54,75,81,117,47,78,73,96,60,80,80,74,60,74,91,132,56,69,44,165,191,130,114,84,69,144,67,26,37,14,19,21,36,17,24,25,31,25,35,29,41,27,27,26,34,15,24,33,15,19,42,23,26,24,15,46,26
"COG1064",3,1,0,1,5,20,0,2,7,0,1,0,4,1,3,3,1,6,3,1,0,0,14,44,1,0,0,0,0,1,0,5,2,4,0,11,0,0,2,13,1,17,11,3,2,6,10,4,1,1,0,1,0,3,9,5,2,0,3,2
"COG1066",40,52,44,70,44,60,53,68,54,80,58,57,39,56,48,41,55,64,62,52,54,63,71,38,73,46,55,73,47,54,51,33,54,57,47,42,58,48,58,45,57,75,46,32,63,33,53,75,32,65,45,55,57,51,41,40,48,58,67,57
"COG1067",2,0,5,10,3,10,28,11,6,42,9,2,1,14,13,1,26,28,11,2,2,2,2,25,19,4,2,7,4,0,5,1,3,3,2,8,2,1,1,3,1,3,0,1,2,4,1,1,1,0,1,3,0,13,3,0,0,2,0,2
"COG1069",2,12,14,5,9,15,2,3,19,3,8,18,13,7,4,1,7,16,6,18,22,3,3,87,8,38,15,8,9,14,8,1,9,5,15,5,1,13,2,17,21,1,20,2,5,2,5,13,3,22,9,6,8,11,7,7,14,2,4,2
"COG1070",223,128,145,131,165,173,247,76,168,128,97,142,125,154,194,136,152,176,162,124,118,106,125,233,153,160,132,83,162,102,114,196,120,134,173,177,168,131,159,157,141,138,144,121,110,132,152,127,144,130,150,169,131,108,162,158,165,148,209,164
"COG1071",2,17,12,3,22,2,1,3,23,8,10,21,13,7,6,15,3,15,13,6,5,16,23,4,0,17,6,5,0,19,6,26,7,2,23,17,7,9,2,56,5,9,18,2,5,33,15,21,26,16,8,10,20,9,18,26,25,14,4,31
"COG1072",0,3,0,0,1,7,0,1,1,0,4,0,2,1,0,0,0,3,0,2,0,0,28,9,6,1,1,1,1,3,0,0,0,2,0,3,0,2,0,5,0,12,5,0,1,1,1,2,0,0,1,0,0,2,0,0,0,2,8,2
"COG1073",87,110,94,97,127,130,86,96,127,112,90,151,88,107,78,171,94,95,115,101,109,143,61,87,76,103,123,92,72,101,96,115,120,214,140,114,144,118,114,116,95,124,101,78,137,133,112,109,127,144,129,166,144,86,146,144,127,119,94,131
"COG1074",99,80,80,109,55,68,120,129,78,142,113,82,100,124,113,49,151,160,135,66,107,114,174,50,117,40,93,128,106,101,93,54,105,142,71,111,106,102,90,61,133,137,92,85,92,53,81,88,68,81,71,56,99,134,52,60,103,110,49,117
"COG1075",1,9,8,4,0,0,1,9,4,4,3,1,3,7,0,2,10,12,29,0,6,11,0,3,3,1,8,17,2,6,6,1,9,1,3,1,0,21,1,2,7,0,3,0,9,1,0,6,9,5,0,1,5,5,0,5,5,2,0,11
"COG1076",21,14,25,16,17,27,19,18,23,10,15,19,18,5,2,19,10,11,1,15,19,26,2,21,5,9,22,14,6,12,9,4,6,46,13,19,25,9,30,8,15,15,11,7,18,8,9,6,15,16,25,35,11,5,24,34,11,8,2,15
"COG1077",72,72,71,94,46,53,60,71,82,87,91,60,58,82,82,46,87,106,83,56,56,73,65,38,71,61,66,98,63,70,78,49,94,79,60,52,73,67,61,34,78,91,69,75,81,39,44,76,41,74,60,59,59,95,58,76,64,80,40,71
"COG1078",2,18,8,9,34,28,14,9,27,19,6,16,9,7,3,37,13,23,14,24,14,3,25,1,20,26,8,3,4,20,14,23,11,0,17,14,26,7,17,36,9,19,7,24,20,30,18,17,19,15,31,27,22,20,32,34,26,12,11,16
"COG1079",5,13,14,19,12,6,8,25,14,21,23,27,52,32,32,12,37,48,80,18,25,10,52,29,37,21,26,13,29,21,6,1,8,0,3,3,5,4,1,3,13,5,10,8,5,5,7,5,3,2,9,2,5,6,3,3,8,14,4,7
"COG1080",12,53,44,46,18,39,33,46,36,55,97,29,39,78,82,31,57,80,53,39,28,51,106,126,101,43,40,60,89,46,41,15,74,15,56,37,78,58,17,26,46,85,63,46,82,7,37,51,29,36,38,18,36,36,23,23,42,102,99,38
"COG1082",13,50,44,35,48,78,25,32,53,36,61,34,79,59,91,62,37,57,89,52,47,46,96,117,89,49,57,45,75,43,57,78,51,14,59,44,104,47,27,86,58,33,58,31,30,80,41,77,85,48,52,37,43,125,50,66,69,57,37,56
"COG1083",15,15,12,29,31,11,15,13,19,17,7,12,16,13,17,21,7,12,11,24,13,24,5,7,7,18,21,31,8,10,40,20,23,2,22,14,19,6,1,20,6,2,6,15,9,42,17,18,10,8,14,19,27,15,18,21,16,31,8,12
"COG1085",0,0,1,0,2,4,6,0,2,4,2,0,1,3,8,0,2,1,1,2,0,0,13,19,26,0,1,1,5,1,2,2,2,1,3,5,3,1,1,0,1,25,2,0,2,1,1,1,1,0,1,6,0,1,1,0,0,0,52,3
"COG1086",53,116,58,83,137,53,98,69,181,86,66,72,99,50,89,129,53,70,97,80,90,53,58,29,55,134,94,85,50,121,51,130,89,29,116,71,84,83,25,176,76,52,80,74,60,150,93,123,130,108,55,115,104,96,126,109,136,97,33,83
"COG1087",70,48,63,53,33,42,60,56,51,80,53,47,51,68,57,40,81,65,54,34,52,65,69,56,65,42,43,73,63,54,57,41,56,58,37,47,34,48,72,29,53,50,37,50,44,27,39,45,36,38,45,38,55,59,43,27,47,50,58,47
"COG1088",109,70,66,67,94,72,53,52,83,60,45,75,83,40,54,82,67,50,51,69,68,69,53,35,56,78,70,57,58,66,73,71,59,76,63,65,71,65,74,40,60,75,50,51,51,91,74,67,101,76,67,72,68,40,70,67,72,55,62,47
"COG1089",50,47,58,34,56,55,46,21,52,20,11,57,40,23,27,70,25,15,12,55,42,31,0,4,1,65,39,17,21,49,40,36,48,46,48,39,31,28,28,61,36,36,36,24,47,45,44,55,40,44,52,42,35,17,57,59,79,30,5,45
"COG1090",1,2,2,2,7,4,0,0,7,3,0,5,3,4,3,13,1,1,2,6,13,0,1,8,1,12,4,0,1,2,3,19,1,0,2,9,5,1,0,34,0,2,10,0,0,19,10,2,18,6,3,5,4,10,13,10,11,2,4,9
"COG1091",49,77,68,63,48,48,48,50,49,38,52,53,60,52,55,51,58,25,53,64,56,52,35,32,44,58,78,60,57,72,58,76,55,27,45,39,41,60,61,67,59,48,61,59,53,48,60,41,77,51,44,53,48,41,46,59,54,66,25,53
"COG1092",49,62,56,55,54,57,58,53,51,62,76,57,63,65,56,41,59,68,74,62,65,45,69,69,56,57,65,81,70,58,80,53,62,64,42,39,66,75,64,41,52,44,72,64,65,48,56,59,47,76,58,51,52,69,46,53,66,79,20,57
"COG1098",0,8,9,6,1,2,7,7,3,6,7,2,4,12,3,1,4,6,18,2,8,2,13,2,4,0,2,2,3,3,2,0,4,0,4,4,5,5,3,0,5,16,3,3,2,0,3,6,4,7,1,1,7,1,2,0,5,3,6,6
"COG1099",0,0,4,0,0,0,0,0,0,0,0,0,1,1,0,0,0,0,1,0,2,0,0,0,0,0,0,0,0,0,0,0,0,0,0,0,0,0,0,0,0,0,3,0,0,0,0,0,0,0,0,0,0,2,0,0,0,0,0,0
"COG1101",8,23,19,27,7,21,7,23,7,25,38,23,19,33,42,10,26,47,43,16,25,11,66,14,37,23,29,29,34,24,24,9,48,5,24,14,27,27,8,8,29,26,38,53,30,4,19,44,13,21,21,10,18,17,8,14,28,40,11,11
"COG1102",0,1,0,0,0,0,0,4,0,0,1,0,0,0,3,0,1,1,0,0,0,0,0,0,0,0,0,1,0,0,0,0,1,0,0,0,1,0,0,0,1,0,0,0,0,0,0,0,0,0,0,0,0,4,0,0,0,0,0,1
"COG1104",18,74,44,89,25,31,26,68,42,71,112,39,39,78,98,19,63,102,115,50,62,57,86,38,106,28,49,116,91,69,59,12,74,17,58,30,73,67,17,12,70,80,77,69,82,15,55,78,32,48,31,31,44,85,19,25,58,98,63,38
"COG1105",3,27,24,22,13,23,25,21,17,18,51,9,15,18,30,10,32,24,25,15,10,27,65,47,48,24,16,41,52,21,22,3,26,5,29,21,13,15,10,13,21,30,28,39,23,3,19,22,11,14,9,13,13,18,6,7,24,31,16,7
"COG1106",52,61,105,72,28,55,157,93,86,50,62,47,52,55,64,94,101,46,17,115,80,56,45,20,16,107,63,54,85,50,59,40,50,65,63,60,99,49,111,80,72,87,41,134,57,85,62,53,99,39,57,95,92,46,89,107,44,55,50,48
"COG1108",56,25,45,24,38,46,39,22,23,21,39,32,44,41,20,35,27,29,27,17,30,41,55,86,54,20,32,42,41,29,26,27,40,50,34,42,39,27,51,28,34,50,37,31,32,27,27,24,26,20,37,27,50,58,31,31,35,39,49,36
"COG1109",170,167,153,171,126,171,182,178,140,225,186,133,156,195,176,122,187,222,238,162,182,167,179,92,175,144,167,180,189,192,170,137,189,198,146,163,118,163,155,129,189,185,151,144,163,113,164,140,125,159,153,149,139,194,128,134,170,148,99,188
"COG1112",100,51,40,63,64,30,52,73,67,55,26,55,34,60,40,77,49,24,16,44,42,84,2,30,34,41,33,19,36,41,147,237,90,319,149,181,115,156,146,222,99,94,90,153,117,269,167,126,158,120,197,185,156,69,157,174,200,102,137,212
"COG1113",4,0,2,1,13,75,22,1,6,8,10,5,7,4,8,9,12,20,8,0,0,0,101,134,97,5,1,0,3,1,5,7,0,9,11,27,4,1,9,13,0,97,37,2,6,2,0,2,12,2,3,11,0,11,8,7,1,3,127,7
"COG1114",1,9,10,4,5,17,30,5,9,26,12,9,18,29,21,18,14,18,35,11,12,5,54,41,41,10,24,12,9,11,21,7,9,5,18,30,35,19,14,23,23,69,20,5,12,7,8,12,10,13,15,11,9,25,0,17,14,16,33,19
"COG1115",147,123,110,80,58,97,109,70,77,89,111,66,98,129,136,75,108,110,113,69,83,75,102,65,148,101,111,107,182,88,100,66,109,64,87,77,117,89,104,65,113,111,70,133,98,48,84,97,84,88,89,57,99,75,65,68,54,143,42,87
"COG1116",2,24,14,23,7,33,17,30,20,33,48,15,22,20,52,22,23,29,42,25,24,29,30,48,40,37,40,32,37,16,24,14,24,2,19,21,21,24,4,15,24,19,27,24,20,15,20,28,21,26,17,15,23,51,16,11,11,27,17,15
"COG1117",3,41,20,43,30,32,13,23,31,22,39,24,23,36,26,25,32,38,45,32,50,15,54,26,54,34,32,33,47,35,25,38,39,14,23,34,23,47,17,31,30,39,38,21,38,30,27,32,31,36,27,25,32,37,35,32,42,35,53,31
"COG1118",3,25,11,16,6,19,14,15,11,16,29,6,15,14,32,6,20,13,11,19,6,7,31,18,30,3,13,23,35,19,18,8,23,0,27,13,19,19,8,4,10,26,16,32,15,3,14,17,6,14,15,5,16,17,8,4,5,35,18,7
"COG1119",50,14,31,13,42,29,33,9,24,22,10,32,17,23,9,12,20,15,10,16,23,28,24,11,13,19,24,13,9,15,7,35,10,56,16,21,13,10,39,28,8,11,15,11,40,27,24,16,18,9,26,20,23,8,35,32,32,11,26,39
"COG1120",42,68,55,61,56,87,47,56,69,54,47,56,69,63,67,58,36,52,85,47,71,54,79,64,57,48,71,71,63,63,70,58,50,61,50,67,75,55,74,55,41,56,62,49,56,61,68,72,74,65,60,63,68,47,63,50,48,78,32,77
"COG1121",44,30,39,25,20,37,43,22,24,24,27,28,41,33,32,28,29,32,32,37,38,30,43,67,49,38,25,31,28,37,27,25,21,34,25,28,54,50,41,32,31,45,25,34,34,25,39,42,26,36,36,32,39,38,41,32,33,27,39,49
"COG1122",25,87,46,90,36,43,74,96,49,103,129,56,52,122,154,28,101,146,159,76,66,72,282,61,175,59,74,99,114,66,100,20,95,26,85,64,83,79,24,12,94,135,74,103,80,28,50,102,47,65,49,47,62,142,24,30,60,94,281,77
"COG1123",1,11,4,7,6,18,5,5,7,4,16,12,10,12,21,8,8,10,18,10,7,4,20,38,55,4,12,5,18,7,7,5,3,8,6,10,24,18,5,5,5,23,19,7,15,4,16,8,3,12,6,6,9,28,7,10,14,33,199,10
"COG1124",2,8,0,0,3,15,0,3,0,0,5,0,1,0,5,4,2,4,6,2,3,5,10,20,2,3,2,1,6,3,7,4,1,6,5,5,8,2,1,3,1,1,16,3,3,1,4,6,4,3,10,1,4,7,5,1,2,2,7,1
"COG1125",1,6,0,4,5,5,0,0,4,1,3,2,15,4,1,8,3,4,0,1,2,0,44,13,5,4,6,2,1,4,2,6,0,2,9,7,1,1,2,12,3,6,12,4,2,6,2,1,3,5,4,2,1,12,0,7,2,3,7,5
"COG1126",35,58,53,60,29,62,26,54,54,66,86,39,48,80,83,33,65,90,121,38,52,53,135,91,140,54,46,73,95,61,65,30,85,8,45,34,44,66,39,25,75,120,94,86,76,14,40,92,41,54,52,32,48,82,20,22,43,71,148,57
"COG1127",45,29,32,22,27,26,39,24,25,32,11,36,41,27,10,28,20,17,12,29,14,42,3,29,0,25,29,22,9,25,13,5,5,14,14,12,10,5,10,8,9,7,5,9,6,11,10,7,5,4,15,10,5,6,19,16,9,4,3,7
"COG1129",9,27,14,24,16,51,7,24,16,10,33,20,15,31,51,20,13,48,45,21,21,22,76,138,52,25,26,28,45,15,75,60,95,47,51,71,96,81,18,117,116,68,116,116,52,37,44,118,102,53,70,27,42,85,28,68,38,82,161,40
"COG1131",105,305,203,240,179,168,135,262,179,220,363,160,232,280,310,166,318,354,279,194,259,300,481,272,327,231,191,312,321,293,287,162,251,133,269,156,164,260,135,141,261,236,250,475,212,181,246,283,207,189,155,166,228,339,133,188,178,326,230,159
"COG1132",250,579,461,676,296,342,271,599,458,474,930,413,462,612,911,309,715,698,1014,538,441,601,962,417,937,442,420,729,760,555,175,76,265,89,149,93,154,189,61,79,177,231,216,243,179,93,169,187,126,151,84,108,150,273,57,103,161,272,245,124
"COG1133",3,0,0,0,2,6,0,0,1,1,1,1,1,0,0,2,0,1,0,1,0,0,3,27,1,1,0,0,0,0,0,1,0,4,0,0,1,0,0,5,0,0,6,0,1,0,0,0,1,1,1,1,0,3,0,1,0,0,1,0
"COG1134",9,30,20,40,28,10,12,30,27,25,49,19,25,35,71,30,48,31,31,38,12,27,65,32,40,12,19,54,30,36,30,19,35,10,53,15,44,32,8,3,30,21,39,26,28,21,23,27,34,35,31,57,35,39,21,34,23,40,72,20
"COG1135",4,18,25,15,7,39,16,14,14,22,29,11,27,29,31,18,16,28,56,16,29,14,65,21,40,25,23,22,32,15,16,11,24,5,12,20,18,21,8,10,30,38,40,10,17,6,19,26,7,14,7,8,20,18,2,15,16,28,59,11
"COG1136",225,276,235,291,195,159,236,278,269,272,359,240,228,251,236,229,307,254,331,273,213,252,304,110,357,238,203,331,287,279,253,181,294,191,194,188,283,287,211,169,315,259,229,313,250,218,242,276,206,243,227,189,267,276,215,209,259,297,353,199
"COG1137",30,19,32,21,33,28,31,28,33,19,13,24,24,24,9,32,19,15,10,22,23,27,6,16,2,12,27,11,8,12,19,24,12,40,34,25,21,16,39,28,26,20,19,26,19,33,27,11,37,28,30,39,17,10,27,35,21,22,3,25
"COG1138",2,0,1,4,5,7,1,1,2,6,1,5,3,5,2,9,0,3,1,1,1,2,8,53,1,2,6,2,0,0,2,2,0,11,4,5,7,4,2,0,4,4,13,2,8,0,0,0,4,5,1,4,2,5,6,7,3,0,4,7
"COG1139",35,18,19,34,17,30,51,31,18,11,14,21,29,21,5,39,26,6,4,17,28,35,21,10,2,21,22,13,8,19,25,38,10,66,30,49,22,23,42,27,20,48,10,9,12,36,16,5,26,26,28,40,16,19,33,24,28,18,10,30
"COG1140",1,1,0,1,2,13,0,1,3,0,2,0,4,0,0,2,0,7,0,0,0,1,10,33,3,0,0,1,0,0,0,5,1,7,0,4,1,0,0,8,0,0,6,1,3,2,0,0,2,2,3,3,0,5,4,3,0,0,4,0
"COG1141",1,3,0,0,0,0,0,1,0,2,1,1,0,0,0,0,2,1,0,1,1,0,5,0,0,0,0,0,4,0,2,0,0,0,1,0,4,1,0,0,0,0,1,1,0,2,1,1,0,1,0,0,3,0,0,1,1,1,1,0
"COG1142",5,6,0,0,12,22,1,3,8,1,5,4,13,6,4,14,7,10,8,0,2,4,9,133,3,2,7,0,3,2,1,15,6,7,1,5,9,1,4,7,2,13,34,6,2,9,6,0,3,8,3,0,4,22,8,8,0,6,8,10
"COG1143",17,8,13,12,14,15,17,19,18,7,4,5,15,11,1,9,17,8,5,8,20,12,4,20,1,14,14,14,4,9,9,14,9,21,8,17,2,6,14,20,9,6,8,15,8,16,16,11,13,11,5,6,12,13,14,8,14,7,4,24
"COG1144",0,0,2,2,0,1,0,3,1,9,2,0,0,4,7,3,2,6,1,5,3,1,1,0,3,0,2,7,3,1,2,2,2,0,1,1,0,6,5,2,3,2,1,0,1,0,1,2,1,1,4,0,3,12,3,6,5,0,1,1
"COG1145",52,97,71,99,80,99,77,68,95,104,79,109,126,121,148,100,102,154,197,63,104,104,111,77,107,113,128,83,129,79,86,144,111,40,79,86,88,115,54,131,116,91,97,93,76,117,137,107,106,92,104,90,95,181,74,98,115,109,47,114
"COG1146",15,11,11,12,15,9,11,17,9,6,12,14,8,11,19,16,12,11,6,3,15,23,7,18,9,7,7,9,13,18,13,13,7,11,16,10,8,11,13,8,7,13,7,19,13,10,3,7,8,10,22,13,13,24,7,18,12,10,22,13
"COG1148",2,5,3,2,7,8,1,7,4,12,6,4,16,10,9,15,8,6,34,5,7,5,15,0,13,5,15,10,13,5,9,26,8,3,5,5,3,4,4,4,2,2,8,7,6,2,6,9,2,6,2,4,4,18,2,11,16,3,4,13
"COG1149",0,0,1,0,1,1,0,0,0,3,0,2,3,1,2,6,0,0,0,0,0,1,0,0,0,0,18,0,0,0,0,1,1,0,1,2,1,0,0,13,0,0,0,0,0,0,0,0,3,1,2,0,0,0,0,2,0,1,0,0
"COG1150",0,0,1,0,1,0,2,0,0,2,4,2,8,2,0,6,0,1,5,0,3,2,3,0,2,1,0,2,3,2,5,3,3,0,4,1,0,7,0,2,2,1,4,0,2,1,3,1,0,4,2,1,3,4,0,3,4,4,1,5
"COG1151",82,88,46,47,35,39,88,40,66,41,79,43,56,57,82,54,72,61,55,46,74,32,53,37,82,42,68,53,84,44,62,37,82,19,76,50,63,56,54,52,81,52,49,78,64,49,36,65,62,61,45,41,43,54,45,59,46,78,33,47
"COG1152",0,3,4,0,0,3,1,1,5,1,9,1,0,5,7,1,6,14,51,3,3,1,12,0,10,1,2,2,20,3,2,0,2,0,2,0,2,0,0,0,5,1,0,2,3,1,0,5,4,3,0,3,1,4,1,1,2,6,4,3
"COG1154",119,103,120,101,83,72,124,94,117,111,110,131,85,106,86,113,99,77,96,100,110,128,54,42,79,90,126,118,115,112,111,78,93,165,84,84,110,110,181,74,122,86,96,73,97,106,86,112,91,131,117,85,118,88,84,94,97,117,90,110
"COG1155",2,69,41,36,54,58,17,26,78,69,50,56,52,31,41,54,54,36,66,63,46,31,48,45,54,36,55,31,52,43,39,54,48,11,41,36,30,63,35,46,40,30,33,34,51,62,56,50,55,56,65,49,46,67,56,50,53,49,33,42
"COG1156",2,50,40,28,29,28,17,33,54,44,40,37,34,37,33,34,38,36,70,31,58,28,48,17,43,31,56,33,48,45,41,34,33,4,41,28,24,55,19,39,32,14,36,26,41,47,37,55,36,60,51,36,35,64,38,42,53,33,29,55
"COG1157",2,13,9,24,13,2,0,5,9,2,8,2,7,10,21,9,9,11,1,12,10,23,4,52,13,23,6,21,12,11,8,7,21,3,15,4,7,11,4,2,6,8,15,30,17,4,4,18,12,3,4,6,7,9,1,11,6,19,8,3
"COG1158",65,26,40,52,22,37,49,50,44,61,39,46,30,37,52,29,35,46,17,31,39,55,32,43,59,37,39,32,41,35,35,45,50,105,27,45,33,51,57,26,31,33,48,57,36,33,25,46,24,28,49,20,26,60,16,37,26,39,40,51
"COG1159",49,38,51,48,35,43,49,41,42,55,47,38,31,59,38,31,49,61,41,34,38,47,46,28,33,36,37,50,38,41,50,39,50,43,34,35,26,35,38,49,40,53,36,33,52,25,37,47,38,20,38,19,44,55,32,36,46,36,45,47
"COG1160",83,76,104,82,82,92,102,93,86,78,94,79,99,79,96,83,107,92,96,87,86,92,83,45,95,72,98,73,105,88,97,68,78,73,112,96,91,101,111,66,84,88,90,115,82,90,84,74,92,90,80,97,93,87,93,95,99,113,93,86
"COG1161",6,19,18,22,7,5,10,30,9,32,40,11,13,26,33,5,27,42,39,12,18,22,53,13,41,17,21,35,39,10,32,6,23,3,17,9,24,16,6,8,31,44,27,25,18,9,20,26,5,14,17,12,12,29,2,3,12,26,14,12
"COG1162",51,42,50,43,41,44,48,52,32,53,53,39,61,52,46,55,50,54,52,52,35,54,33,48,31,44,42,52,39,34,46,49,46,52,48,44,47,46,55,47,61,39,41,49,36,67,33,47,44,42,33,30,37,71,36,40,63,38,25,38
"COG1164",7,31,30,69,13,13,23,32,30,29,72,31,31,48,40,7,49,55,134,30,37,20,84,20,77,26,31,46,58,23,44,8,40,8,32,15,36,39,8,11,29,40,42,35,33,9,44,58,22,28,12,11,44,62,4,14,28,57,25,20
"COG1165",40,10,26,6,14,10,18,16,7,9,12,14,14,7,10,22,11,3,2,5,11,9,6,9,3,15,19,15,3,14,41,42,16,80,13,47,18,18,57,66,70,32,20,28,24,38,38,34,65,36,41,67,27,27,44,33,49,16,55,45
"COG1166",91,36,64,36,58,51,53,53,45,23,14,57,34,43,8,30,34,14,20,34,55,57,5,37,1,30,43,27,20,43,27,59,35,100,43,58,40,39,68,43,32,28,25,23,38,40,47,32,52,39,47,27,46,8,50,46,54,25,10,61
"COG1167",20,74,49,63,34,112,33,71,66,88,84,38,58,83,91,47,73,107,106,46,47,54,101,72,133,78,36,94,102,64,69,51,100,23,52,56,58,66,15,40,77,85,70,82,71,54,73,82,51,54,57,32,52,80,44,36,62,84,101,67
"COG1168",79,69,72,91,82,92,91,69,79,63,68,59,66,88,79,108,49,45,59,84,80,63,103,88,83,68,88,66,55,60,70,109,74,110,105,78,80,72,77,71,63,49,80,65,68,81,77,69,97,104,104,98,87,59,91,114,78,84,130,82
"COG1169",58,11,18,23,33,24,25,18,17,18,9,19,24,17,7,22,11,12,5,17,9,16,4,30,1,9,16,6,15,17,22,37,12,40,21,22,21,18,37,22,27,14,24,18,19,20,19,17,19,25,21,19,26,15,32,26,19,13,5,22
"COG1171",44,50,47,29,29,50,64,29,38,27,58,31,35,38,53,36,34,40,28,28,50,40,73,83,44,34,38,48,67,44,51,21,53,71,46,46,50,32,29,22,38,59,58,42,40,25,31,31,32,43,41,32,35,31,22,42,30,51,77,41
"COG1172",12,37,14,41,21,80,16,19,37,25,59,22,33,53,113,43,19,81,83,44,34,26,125,253,74,36,54,52,113,37,35,42,48,30,27,32,46,32,17,72,85,22,77,47,25,14,21,76,71,24,54,18,32,68,19,40,20,48,87,33
"COG1173",12,58,35,66,25,80,30,34,50,53,92,52,42,66,94,42,69,85,145,38,63,21,139,109,164,36,53,42,100,29,70,38,64,28,58,39,53,51,21,34,46,88,83,70,64,31,61,67,43,54,49,41,60,103,24,34,47,65,159,40
"COG1174",0,1,1,3,5,15,1,3,7,2,3,8,17,6,2,7,10,4,3,1,3,6,32,21,4,6,17,3,2,3,8,7,2,3,2,10,1,2,2,8,1,10,13,0,3,2,2,2,9,7,5,2,4,13,0,5,3,2,6,6
"COG1175",44,160,108,211,74,92,46,179,118,98,236,105,76,136,293,87,171,220,243,189,158,112,325,289,342,289,114,164,241,153,147,77,242,36,143,49,124,140,25,74,271,121,235,290,189,94,121,193,112,86,91,69,87,214,52,38,106,182,558,103
"COG1176",38,34,36,37,41,48,38,33,25,34,37,42,23,38,41,31,39,34,41,33,23,21,54,53,27,56,37,28,46,29,32,28,45,6,28,29,24,41,29,37,42,44,39,36,32,30,41,38,38,27,33,33,28,47,32,23,31,34,15,42
"COG1177",37,38,37,33,24,53,34,31,44,26,36,37,39,38,37,35,33,40,34,44,41,30,57,57,49,24,54,28,48,33,35,36,35,10,31,29,42,39,41,32,43,42,36,46,33,38,37,48,23,32,33,16,37,40,26,30,27,37,43,32
"COG1178",7,23,15,18,9,36,15,15,18,15,10,17,32,25,12,39,12,39,51,11,23,15,12,74,29,35,33,15,18,8,28,18,14,11,26,14,44,22,14,26,43,12,25,11,29,15,10,15,28,18,39,8,16,28,10,19,14,25,7,29
"COG1179",43,31,37,36,20,27,32,34,28,36,24,14,37,36,44,36,44,48,47,18,31,23,30,12,39,25,46,50,50,38,43,29,40,37,35,34,24,42,36,15,34,29,34,35,30,19,35,43,16,26,33,38,30,48,28,24,42,34,10,40
"COG1180",105,54,30,61,39,40,53,66,35,59,44,39,42,42,61,63,63,51,57,43,25,71,80,79,62,42,27,54,71,40,35,50,39,79,34,56,38,41,86,59,29,64,55,54,38,38,49,49,74,42,47,49,44,81,39,45,43,53,77,53
"COG1181",61,48,56,70,60,44,56,72,60,57,55,47,50,53,51,44,65,80,63,40,33,52,73,45,66,53,55,51,68,46,43,36,52,84,38,50,38,50,60,53,52,69,49,53,51,58,44,57,34,48,36,36,39,60,30,29,40,50,69,65
"COG1182",0,0,3,0,0,6,0,1,3,0,3,1,2,2,2,1,3,3,3,2,2,0,5,3,4,0,1,0,1,0,1,1,1,1,0,0,2,2,1,2,1,0,8,1,0,0,1,1,2,0,1,0,1,1,0,0,3,0,2,0
"COG1183",36,27,33,30,20,26,48,26,18,23,21,24,29,26,10,35,28,17,14,41,31,33,20,2,18,32,17,20,18,15,29,17,18,50,33,28,33,23,48,31,24,27,11,25,19,26,21,26,38,29,27,32,42,15,41,39,19,21,9,19
"COG1184",0,0,0,0,0,0,0,0,0,0,0,0,0,0,0,0,0,0,0,0,0,0,0,0,0,0,0,0,1,1,0,1,1,0,5,1,0,0,0,0,0,0,0,0,0,1,0,2,0,0,0,0,0,1,0,0,0,0,0,0
"COG1185",91,76,121,104,80,73,86,107,89,136,106,102,88,108,95,82,114,109,114,116,94,91,95,47,68,81,116,87,95,93,91,91,102,119,94,87,109,105,124,69,89,82,108,64,132,62,86,73,71,95,99,86,80,124,76,85,106,108,75,95
"COG1186",77,63,58,51,48,36,68,50,57,55,50,58,46,64,49,71,50,68,52,58,60,46,60,41,55,48,44,55,55,27,48,49,47,63,39,58,50,60,63,45,67,64,59,56,61,44,60,49,43,42,60,47,50,75,55,58,50,43,68,71
"COG1187",36,66,61,58,26,53,59,64,31,51,42,38,46,62,50,34,65,85,65,39,55,56,101,51,57,44,50,51,50,53,50,30,52,60,29,53,40,38,33,30,50,54,60,39,50,16,46,56,29,35,36,22,41,84,20,31,50,44,48,62
"COG1188",12,14,21,20,13,25,4,16,14,22,19,12,13,16,12,21,14,10,11,19,17,21,21,11,18,12,15,17,9,14,26,15,15,25,15,20,11,19,21,7,18,21,20,16,21,9,17,14,16,9,27,13,16,15,26,23,15,13,9,8
"COG1189",3,23,13,18,8,9,11,10,18,17,34,17,13,32,27,10,25,33,42,9,13,12,33,8,35,12,14,23,31,21,25,7,24,2,25,3,17,22,3,2,27,33,22,21,19,1,16,38,7,14,7,14,13,27,4,10,19,28,30,13
"COG1190",86,78,94,85,70,71,73,84,64,102,75,77,81,91,59,71,80,73,75,76,75,82,72,90,70,78,86,81,76,70,86,65,80,87,70,75,102,89,88,62,63,84,76,68,80,86,60,75,71,82,69,78,83,65,65,95,62,73,88,85
"COG1191",12,66,54,97,18,33,22,100,33,109,132,43,58,75,111,23,117,141,132,64,55,80,62,54,102,31,43,128,120,71,74,26,100,17,58,31,56,81,14,14,81,84,83,115,70,12,55,101,28,47,41,25,79,129,23,17,80,121,33,43
"COG1192",224,179,118,152,76,113,131,124,83,134,131,112,159,130,172,70,159,154,155,83,138,131,149,153,161,83,114,114,178,127,164,80,122,72,113,104,148,124,207,70,143,162,121,140,94,189,103,156,213,134,88,88,101,151,111,72,100,163,190,114
"COG1193",120,76,88,89,66,48,80,115,69,90,105,60,93,97,96,53,101,94,113,58,99,131,101,32,91,63,84,88,106,91,90,72,103,109,52,64,54,99,123,55,80,141,75,77,90,46,60,94,62,84,67,36,80,107,60,66,88,97,49,115
"COG1194",34,32,26,29,19,35,41,18,28,28,37,36,32,43,41,25,39,30,33,29,38,25,42,26,35,27,39,29,43,19,40,19,31,45,24,28,49,32,36,31,36,35,41,21,30,16,33,28,30,30,33,37,29,28,38,28,39,29,44,42
"COG1195",62,66,60,77,61,56,61,69,61,70,80,52,73,64,85,37,65,75,54,83,60,75,83,45,68,60,39,64,61,56,69,60,62,69,64,53,48,69,53,52,71,56,60,51,45,56,44,65,46,51,87,79,68,55,67,59,48,60,82,65
"COG1196",14,69,47,85,24,27,50,101,47,91,134,34,36,92,102,27,87,142,125,39,42,57,133,28,122,40,56,114,91,62,20,7,26,5,17,18,21,22,6,5,21,28,16,25,22,4,18,19,6,23,3,10,17,47,2,8,30,32,21,16
"COG1197",130,107,161,106,85,87,148,115,121,146,181,97,110,137,157,80,155,164,171,126,120,124,198,61,157,59,100,140,164,122,132,77,113,165,130,107,101,139,148,81,128,162,119,125,135,74,123,115,63,115,93,76,104,149,89,100,115,127,172,160
"COG1198",116,102,122,84,59,79,108,92,79,107,130,88,103,116,84,78,91,114,115,77,114,85,102,61,111,67,116,111,76,113,114,57,89,132,68,74,102,120,119,63,77,102,70,86,76,74,101,62,49,86,87,81,107,103,90,81,104,92,113,113
"COG1199",3,36,31,34,18,31,21,26,25,24,63,20,22,32,90,29,40,38,59,48,26,27,109,81,90,13,36,58,70,46,44,10,58,14,52,40,32,40,15,21,58,57,67,55,39,17,26,39,15,32,18,24,16,37,9,11,36,65,41,19
"COG1200",104,50,95,86,62,65,99,75,59,81,98,90,61,116,80,51,103,101,109,73,94,80,101,39,77,53,79,90,73,83,81,80,86,127,81,60,49,92,91,72,62,92,78,60,82,59,85,80,44,63,89,55,67,107,74,57,84,85,137,82
"COG1201",0,0,0,0,0,0,0,1,0,1,0,0,1,3,1,1,0,1,12,0,0,0,1,10,14,1,1,0,1,0,1,2,0,5,1,2,0,1,0,14,2,22,6,1,4,2,0,1,7,1,4,0,0,12,2,2,0,0,135,4
"COG1203",16,31,28,34,28,10,27,36,27,49,55,24,15,63,41,41,53,42,49,42,25,96,55,57,94,29,19,31,36,38,77,17,51,28,32,19,23,56,76,10,53,83,41,64,37,28,21,28,23,30,26,29,61,39,8,44,20,58,145,21
"COG1204",32,8,21,8,22,19,7,39,15,24,20,11,14,15,11,4,33,19,45,9,11,14,8,12,2,14,13,8,6,12,39,5,12,1,48,23,31,13,15,28,13,14,15,120,8,55,14,19,38,8,17,19,32,25,20,10,7,10,6,15
"COG1205",86,5,4,8,18,11,3,12,34,8,14,15,57,33,3,11,62,10,17,7,8,3,1,0,23,27,10,0,34,11,10,1,13,2,11,38,4,9,35,8,80,6,38,140,2,14,31,9,41,9,5,8,2,41,9,5,11,15,2,10
"COG1206",5,9,12,14,5,5,8,10,6,31,28,8,14,26,8,0,28,37,57,3,9,6,16,0,18,2,13,18,11,12,11,1,9,0,10,8,11,5,10,3,15,32,17,5,10,3,13,22,2,11,2,4,12,33,1,8,4,12,7,10
"COG1207",2,10,11,15,16,20,24,12,12,28,20,6,15,29,27,10,19,34,22,9,9,16,35,22,40,7,19,15,11,11,19,4,15,9,18,12,11,13,11,12,15,40,6,12,13,4,9,20,2,6,9,5,13,22,5,3,13,7,58,16
"COG1208",54,65,54,64,65,70,48,77,57,52,52,61,62,53,46,70,45,50,29,95,51,69,2,13,9,54,55,31,37,57,75,61,60,44,58,45,56,54,61,39,76,42,34,40,74,118,89,38,72,45,78,106,81,51,107,81,44,58,7,54
"COG1209",82,40,39,51,63,64,30,57,52,37,40,49,60,55,41,51,38,26,52,53,37,46,29,20,26,61,46,47,50,42,50,78,45,27,23,29,37,41,54,86,28,28,44,32,43,75,71,40,113,41,41,45,44,28,50,46,54,34,26,40
"COG1210",42,10,27,4,5,13,40,6,8,15,14,9,16,25,8,10,4,15,18,12,9,20,39,37,28,5,11,9,22,9,17,4,7,28,3,14,13,7,18,15,32,47,15,18,12,10,8,10,21,12,5,4,5,13,1,8,9,14,13,18
"COG1211",100,69,76,67,36,34,69,71,42,34,49,45,64,62,42,32,66,42,42,64,48,57,40,18,52,36,36,72,48,58,65,46,62,87,46,28,49,51,77,49,58,73,42,41,35,32,56,38,45,46,41,45,48,41,47,54,49,55,55,49
"COG1212",36,13,29,12,48,27,29,15,40,23,12,28,23,21,4,33,18,14,17,17,32,26,7,14,1,19,26,12,9,17,35,38,22,29,19,31,19,17,42,28,33,20,20,13,33,33,14,26,29,33,39,38,25,10,30,43,21,14,9,30
"COG1213",0,7,7,5,4,2,1,5,2,5,2,6,4,0,2,31,3,5,1,2,13,14,3,2,1,9,4,2,0,2,1,13,9,0,6,1,1,6,2,16,6,1,13,3,3,6,14,6,4,4,15,2,10,6,6,8,7,0,0,5
"COG1214",52,52,57,34,21,36,43,42,30,44,63,30,26,46,32,38,46,46,40,37,32,34,35,14,37,27,39,44,39,50,30,29,38,38,44,35,36,37,41,26,34,35,22,38,26,21,42,50,29,27,32,37,38,36,45,20,36,48,30,52
"COG1215",13,18,28,17,31,28,12,10,27,24,12,21,20,21,18,28,13,22,9,7,28,8,17,18,21,19,17,19,11,22,53,83,35,29,47,54,51,58,68,96,48,60,58,38,63,97,62,81,61,68,93,63,56,66,77,74,68,58,138,68
"COG1216",116,123,85,96,138,84,98,125,127,100,88,127,110,92,96,137,76,53,62,160,83,109,43,64,67,133,92,111,87,100,41,29,32,36,48,23,51,36,45,43,27,21,30,35,51,37,42,38,89,26,36,52,35,22,40,43,26,28,62,33
"COG1217",96,80,96,97,71,84,91,89,68,113,79,86,77,104,73,80,83,134,97,76,101,91,85,52,74,85,91,103,78,88,85,53,101,115,88,65,104,98,97,66,77,122,82,66,90,87,79,82,72,89,88,98,72,95,97,91,87,73,104,92
"COG1218",1,18,13,12,25,23,12,12,22,24,16,25,15,6,9,24,17,5,2,24,23,14,4,22,6,22,26,7,0,21,3,20,8,4,15,21,29,24,21,22,6,2,10,2,15,20,10,18,22,21,29,33,19,7,36,29,15,16,3,19
"COG1219",59,64,67,96,59,56,55,87,61,85,87,47,83,64,104,61,76,78,74,79,61,72,92,45,71,82,68,99,98,66,78,62,75,80,73,62,77,64,69,60,96,66,66,93,88,31,55,69,64,60,71,55,69,74,58,64,56,80,93,62
"COG1220",2,3,2,4,2,8,13,1,6,8,2,1,4,7,6,4,3,6,15,4,0,0,12,27,12,2,7,0,1,0,7,2,2,1,13,5,4,5,8,12,2,22,8,1,3,0,0,3,3,2,0,2,0,13,1,7,1,0,12,6
"COG1221",2,12,4,6,0,41,73,4,10,28,18,11,22,1,51,8,46,17,4,12,6,10,24,31,33,25,4,2,50,4,26,17,3,5,31,49,9,2,20,5,9,7,13,5,14,14,8,9,5,2,10,30,5,11,12,3,2,5,12,6
"COG1225",8,17,14,24,19,11,16,18,24,18,18,21,27,13,13,41,19,14,8,20,18,21,11,22,13,17,25,16,21,14,15,19,11,20,14,18,17,21,17,19,24,24,19,26,21,25,19,24,33,15,24,29,26,16,31,28,22,14,25,16
"COG1226",7,26,30,23,32,41,10,12,19,22,20,23,18,18,13,35,18,11,18,28,27,17,22,114,19,34,25,6,9,16,25,38,16,16,22,28,31,20,27,42,22,14,77,10,29,27,24,12,32,28,18,47,22,26,42,41,14,24,32,15
"COG1227",1,39,33,30,6,18,27,32,25,36,44,35,25,46,63,19,37,28,36,22,18,26,67,16,65,16,24,50,72,23,51,11,36,10,28,17,37,32,14,7,41,36,36,46,31,11,27,29,19,28,14,17,21,25,8,11,25,57,22,14
"COG1228",4,43,36,23,34,22,14,31,47,42,30,56,48,46,35,29,29,44,57,41,54,36,20,22,25,54,44,41,40,65,32,32,46,12,38,10,39,53,17,49,32,29,43,16,49,26,43,69,33,34,52,37,39,38,28,54,40,32,27,45
"COG1230",2,2,1,4,8,19,1,2,9,8,2,4,8,2,2,7,19,3,4,4,18,3,16,15,13,11,7,4,4,1,4,12,3,5,4,10,1,5,15,18,5,18,5,5,3,17,5,4,12,2,0,4,3,7,5,13,10,4,24,9
"COG1232",3,8,8,15,37,7,7,13,23,26,16,8,7,7,8,49,22,24,13,7,24,16,5,2,16,8,8,19,10,9,7,47,23,5,16,16,1,21,3,7,16,3,10,11,17,28,26,9,61,8,8,28,16,9,14,20,13,2,70,12
"COG1233",31,15,7,2,6,12,5,1,10,5,5,6,6,4,7,24,0,1,7,12,7,12,0,0,4,16,15,6,1,12,8,17,6,0,15,2,18,19,8,6,1,1,1,4,4,36,13,1,7,17,11,20,4,12,24,16,9,10,2,12
"COG1234",27,22,4,19,12,12,8,21,16,9,16,12,17,13,14,8,14,7,5,13,15,17,26,17,24,9,7,13,22,11,34,35,36,61,39,41,42,40,42,27,51,46,40,57,39,25,35,36,35,37,46,36,34,34,27,30,30,54,23,34
"COG1235",59,46,73,80,62,61,70,85,75,69,65,53,56,59,46,54,92,58,46,102,52,70,37,34,35,42,50,67,58,57,64,58,72,70,53,48,59,63,79,38,78,60,59,54,54,64,44,75,67,64,73,64,75,70,84,52,66,46,15,49
"COG1236",8,21,20,44,17,19,21,30,22,65,52,19,21,33,48,3,59,51,30,16,18,17,29,16,34,28,19,31,35,24,22,6,27,2,33,15,32,20,11,3,35,29,45,39,27,7,21,29,7,23,17,9,27,49,8,3,23,51,14,15
"COG1237",23,4,4,7,7,4,4,3,8,9,0,9,9,3,3,15,5,4,5,6,7,3,4,8,0,9,3,3,8,5,9,12,3,2,8,13,5,10,25,32,3,19,7,2,2,8,4,9,21,11,6,4,8,7,8,13,11,7,2,7
"COG1238",18,10,18,16,10,17,17,18,13,9,5,10,17,15,4,11,11,14,3,15,14,21,1,7,2,13,18,9,5,15,11,24,10,36,14,21,14,15,24,18,11,7,8,7,14,15,21,8,11,14,14,17,23,4,27,22,18,8,0,19
"COG1239",0,0,0,1,0,1,0,0,2,2,2,0,6,16,0,3,1,6,21,2,0,1,3,0,0,1,4,14,2,1,7,1,2,0,2,1,6,3,3,0,0,3,3,2,2,2,1,0,2,2,0,0,2,4,1,6,0,0,0,2
"COG1240",0,0,0,1,2,3,0,2,0,2,3,1,3,6,1,4,1,3,20,0,0,0,0,0,0,1,3,8,1,0,4,2,1,0,1,0,3,1,1,1,0,3,2,3,3,0,1,1,1,0,1,0,3,3,0,2,1,0,0,1
"COG1242",44,28,27,40,26,37,29,52,34,58,32,22,26,35,34,19,52,30,16,39,34,47,47,26,30,37,28,34,48,25,32,35,25,42,27,40,27,26,43,30,30,24,18,37,44,32,20,33,35,19,31,30,23,34,29,25,20,27,10,30
"COG1243",0,4,1,9,3,2,0,8,3,27,13,2,6,8,1,4,16,25,22,0,4,6,5,0,3,0,11,10,2,7,3,0,6,2,4,2,0,2,1,6,10,7,2,0,6,0,1,8,0,1,2,2,1,19,2,3,6,0,1,6
"COG1246",2,1,3,1,5,10,4,0,0,2,2,4,3,1,0,5,4,4,2,5,0,4,3,24,0,4,3,0,1,1,4,1,1,3,0,5,1,4,0,3,1,0,8,0,0,2,1,0,0,1,2,3,0,1,3,2,2,0,4,2
"COG1247",5,24,25,21,10,28,15,16,14,16,23,11,16,19,23,19,29,15,31,40,25,15,38,12,44,24,9,24,27,16,21,14,31,6,19,18,30,24,16,11,21,16,17,23,26,15,17,22,16,11,13,16,22,14,18,15,10,24,29,19
"COG1249",10,72,50,49,103,100,40,65,84,54,36,118,69,53,42,81,32,51,35,63,87,43,169,94,41,91,74,51,15,61,43,88,49,33,73,83,67,59,42,146,26,62,65,24,84,84,81,56,105,76,82,95,62,71,93,113,92,46,60,61
"COG1250",4,28,10,22,16,26,3,11,13,15,21,10,23,15,15,17,10,23,33,17,16,7,16,87,37,13,7,21,17,13,25,9,22,6,19,15,17,16,3,15,17,28,33,24,23,6,10,26,8,17,7,7,9,27,4,18,10,20,39,12
"COG1251",1,2,2,1,5,26,2,2,6,1,3,1,4,1,3,7,1,9,0,3,0,1,19,74,5,4,3,1,3,0,2,6,2,4,0,6,1,2,1,12,2,1,19,0,1,2,1,2,8,2,2,2,3,10,1,3,1,1,14,3
"COG1252",39,14,26,5,27,14,19,21,9,10,3,11,25,11,3,19,2,14,2,8,8,21,12,21,4,16,5,13,6,10,12,25,14,9,17,18,2,5,19,39,9,28,8,8,7,17,16,22,19,12,3,8,16,9,7,14,18,6,12,26
"COG1253",149,110,126,104,99,120,124,147,121,96,91,123,125,123,122,118,108,123,112,111,111,126,105,70,119,113,114,107,116,114,151,148,125,184,111,135,93,113,147,116,122,116,81,126,105,120,81,128,107,95,141,119,123,114,106,111,134,103,166,141
"COG1254",0,6,0,5,2,1,3,1,3,4,10,0,7,7,11,1,9,4,5,4,1,3,22,4,17,0,2,5,10,6,3,0,4,2,7,4,7,10,1,4,1,14,3,17,8,0,3,9,1,1,2,0,2,4,2,4,6,13,10,3
"COG1256",6,25,15,40,9,8,8,33,22,7,30,15,9,17,80,8,18,20,4,21,24,36,1,28,15,17,12,74,49,18,8,2,15,2,7,0,7,5,1,5,8,8,10,32,2,2,11,16,5,6,1,3,7,1,1,1,5,13,1,1
"COG1257",0,0,0,0,0,0,0,0,0,0,2,0,0,0,0,0,0,0,1,0,0,0,28,0,5,0,0,0,0,0,0,0,0,1,0,0,1,0,0,0,0,19,1,1,0,0,0,0,0,0,0,0,0,1,0,0,0,0,6,2
"COG1259",0,4,6,6,12,6,4,3,10,6,4,11,7,7,0,15,3,3,1,3,17,24,1,0,0,13,9,3,1,10,0,7,5,4,2,5,0,1,5,6,0,1,2,3,1,3,3,9,5,3,3,2,2,3,3,8,12,3,2,4
"COG1260",58,24,41,31,35,26,35,25,29,12,8,19,32,19,7,26,15,1,4,31,36,34,0,0,7,26,28,19,14,25,14,31,27,67,25,26,16,21,43,15,26,22,15,31,20,35,19,19,27,28,29,42,31,10,35,27,35,10,38,30
"COG1261",0,0,0,0,1,0,0,0,1,0,0,0,0,0,0,1,0,0,0,0,0,0,0,4,0,0,0,0,0,0,0,0,0,1,0,0,0,0,0,0,1,1,0,0,0,0,0,0,0,0,0,0,0,2,0,0,0,0,3,0
"COG1262",117,40,78,19,41,21,67,12,44,20,16,26,49,53,18,104,12,41,11,41,37,73,2,0,3,29,34,22,13,17,22,49,31,101,45,38,58,32,47,63,44,24,79,21,26,58,66,14,27,53,37,62,39,73,55,87,18,22,5,46
"COG1263",22,102,79,47,32,154,96,51,47,88,121,79,44,46,167,72,97,60,46,59,36,36,311,348,302,36,103,62,208,67,85,52,80,45,119,84,95,60,29,88,61,220,85,69,85,41,35,64,41,67,56,52,53,58,30,46,55,104,214,38
"COG1264",15,90,65,50,23,135,73,44,34,73,97,74,34,55,121,68,86,62,54,46,29,27,335,326,259,38,92,73,200,59,60,42,61,47,92,65,81,53,36,75,61,180,84,61,80,33,35,39,37,59,54,35,56,68,33,32,41,97,170,35
"COG1266",45,62,47,64,41,24,70,76,37,34,54,46,30,43,64,43,62,43,54,46,40,108,68,29,51,36,33,35,46,64,42,40,38,101,62,22,37,58,44,38,38,32,26,67,55,29,45,54,55,48,41,46,50,35,35,47,50,59,15,47
"COG1267",14,1,16,1,11,6,2,11,19,8,5,8,6,5,0,2,4,3,1,11,6,11,2,16,2,10,9,10,1,10,3,5,2,19,5,7,7,1,22,4,9,7,5,4,9,9,3,10,5,8,11,4,11,5,6,13,16,1,3,8
"COG1268",4,14,8,17,6,7,16,19,9,18,20,10,10,23,45,3,16,19,25,15,11,25,31,13,17,8,13,21,26,17,18,5,35,6,14,9,16,15,5,4,10,27,7,27,17,3,14,31,8,10,14,7,11,15,2,0,13,26,29,8
"COG1269",2,62,39,32,50,52,21,42,53,62,43,69,57,47,49,55,48,48,87,59,57,30,56,40,68,35,67,31,66,62,49,65,34,9,29,47,42,58,41,50,45,25,46,26,55,54,56,53,44,62,63,37,64,52,50,58,52,52,36,49
"COG1270",1,18,16,24,29,17,22,16,31,18,22,40,20,19,39,16,27,18,24,16,23,12,12,4,25,26,26,34,15,27,24,9,27,5,17,18,16,18,9,21,17,14,33,18,41,6,17,30,18,17,29,26,41,9,10,23,16,24,9,25
"COG1271",14,5,12,7,12,15,6,10,15,8,2,11,8,6,4,8,4,7,3,5,15,9,4,5,5,5,14,9,7,18,23,26,28,22,31,30,19,19,54,48,25,38,29,10,38,22,35,37,26,27,40,20,31,16,38,46,24,14,14,47
"COG1272",21,14,18,41,21,19,18,26,24,32,25,18,28,13,15,32,27,20,25,23,0,29,37,14,33,25,14,19,21,18,11,9,5,9,3,7,4,4,4,10,5,8,3,6,7,6,7,4,9,6,4,5,14,10,10,5,7,10,19,5
"COG1273",0,0,0,0,0,0,0,0,0,0,0,0,0,0,0,0,4,0,0,0,0,0,0,8,0,0,0,0,0,0,0,0,3,1,0,0,0,0,0,0,0,0,0,0,0,0,0,0,0,0,0,0,0,2,0,0,0,0,0,1
"COG1274",4,1,10,7,2,0,0,2,3,18,2,7,7,14,2,1,8,16,32,1,21,6,2,0,0,4,4,11,0,10,3,0,8,0,3,0,0,12,1,0,9,0,10,3,4,1,2,10,0,2,0,1,6,11,0,0,7,1,0,5
"COG1275",0,1,2,1,0,8,10,1,6,5,1,1,2,1,3,6,1,1,0,1,0,0,13,18,5,0,7,5,4,1,6,1,2,1,3,9,1,1,5,4,0,0,4,3,2,3,1,3,0,2,2,3,1,3,1,0,1,0,2,3
"COG1276",0,2,0,0,1,4,0,1,0,1,0,0,1,1,0,1,0,2,0,0,0,0,1,13,3,0,0,0,0,0,0,0,0,0,0,0,0,0,0,0,0,0,3,0,0,0,0,0,0,0,0,0,0,1,0,0,0,0,4,1
"COG1277",0,19,19,17,12,11,2,24,16,29,16,16,19,14,22,7,33,13,28,15,25,12,33,19,22,19,14,21,18,25,9,18,20,2,17,11,13,14,5,18,11,17,23,14,14,30,36,19,20,18,10,20,13,25,20,16,22,14,21,16
"COG1278",1,4,1,8,4,9,6,5,7,4,8,0,9,4,17,3,3,7,2,5,1,3,9,30,16,3,6,9,9,2,11,7,6,0,3,6,9,4,5,19,5,8,8,10,2,4,3,6,7,1,5,3,9,7,4,3,4,6,23,4
"COG1279",1,1,2,0,1,5,9,0,1,3,4,1,2,1,1,2,5,4,1,1,2,0,4,13,2,0,4,2,0,0,6,1,1,2,1,4,0,0,0,6,2,10,2,0,1,1,1,0,1,2,2,7,3,9,1,1,1,3,1,1
"COG1280",1,4,2,0,2,11,3,4,5,5,4,6,6,2,2,3,1,7,1,13,2,2,5,9,2,3,1,3,0,2,7,5,5,6,12,10,11,12,6,18,3,5,17,1,16,7,7,18,5,7,17,9,13,12,15,16,8,7,10,15
"COG1281",0,22,20,22,6,18,13,24,22,24,38,12,12,26,26,15,29,27,33,20,9,18,40,34,34,20,17,30,36,16,26,7,24,9,24,16,21,16,1,8,23,35,23,27,19,11,18,30,10,22,6,16,13,23,7,6,14,31,15,16
"COG1282",1,0,0,1,1,3,0,0,0,0,1,0,0,2,0,2,0,0,1,0,0,0,3,17,12,0,0,0,1,1,0,1,0,1,0,1,0,0,0,1,2,7,4,1,0,0,0,0,1,0,0,1,0,1,0,0,1,1,39,1
"COG1283",163,119,126,145,87,77,158,105,98,68,131,102,108,104,139,113,112,119,123,126,99,130,99,60,111,107,105,120,140,119,109,68,119,119,113,93,130,123,133,67,141,89,95,93,94,74,117,101,104,110,101,123,117,108,103,88,91,132,31,106
"COG1284",140,108,108,112,70,90,172,93,80,85,139,97,111,121,126,91,106,112,102,129,104,116,120,56,137,100,121,121,145,86,112,65,108,114,94,116,111,103,97,53,125,111,84,103,103,81,87,141,78,97,90,106,100,86,91,77,85,99,41,92
"COG1285",36,8,15,9,13,28,22,12,17,17,17,15,21,35,15,21,20,29,24,8,10,13,0,41,21,22,9,10,8,11,26,15,29,17,10,17,24,15,17,27,19,16,20,14,12,16,12,20,21,10,13,13,9,32,13,16,14,20,12,23
"COG1286",0,1,1,1,0,6,0,0,0,2,1,3,4,0,0,2,1,1,1,1,3,0,19,14,2,1,1,0,1,3,3,0,2,1,1,0,1,1,0,2,0,0,4,0,0,0,0,1,2,0,0,0,2,1,0,3,4,0,2,2
"COG1287",0,0,0,0,0,0,0,0,0,0,0,0,0,0,0,0,0,0,1,0,0,1,0,0,0,0,0,0,0,0,1,0,0,0,0,1,0,1,0,0,0,0,0,0,0,0,0,1,0,0,0,0,0,8,0,1,1,0,0,0
"COG1288",1,3,0,6,5,5,2,4,10,5,8,1,1,7,14,6,3,12,2,5,4,4,13,42,7,7,10,5,10,6,25,30,14,13,12,21,35,12,3,54,17,37,17,12,12,24,25,11,27,10,51,6,16,21,17,27,11,28,11,18
"COG1289",7,2,1,3,11,43,0,7,6,0,8,2,3,2,5,14,6,14,0,3,0,1,22,128,19,2,6,1,2,0,2,11,0,11,0,22,5,2,2,37,1,0,43,1,1,1,1,0,6,4,3,4,0,17,2,4,2,6,20,1
"COG1290",0,0,0,0,0,0,0,0,0,1,0,0,0,0,0,0,0,0,0,0,0,0,0,0,0,0,0,0,0,0,0,0,0,0,0,0,0,2,0,1,0,0,0,0,0,0,1,0,0,0,0,0,1,0,0,0,0,0,0,0
"COG1291",3,7,4,7,2,2,3,5,4,4,6,1,5,4,20,3,6,6,0,9,7,20,2,17,5,13,1,14,11,6,7,2,16,1,8,3,2,2,0,4,8,2,7,13,5,1,8,6,6,4,0,1,1,6,3,1,5,8,2,1
"COG1292",2,13,4,7,40,28,4,15,10,16,23,9,14,20,9,18,5,6,15,13,8,14,74,94,20,3,7,12,18,18,13,15,12,8,4,9,8,9,5,18,12,35,15,35,18,9,8,15,14,11,10,7,10,5,5,6,9,9,11,9
"COG1293",10,44,22,40,7,11,15,46,12,63,68,20,40,58,43,16,46,60,59,27,29,35,57,12,52,23,35,52,42,26,41,9,55,1,18,20,30,42,7,5,40,52,31,52,29,15,31,41,13,21,16,14,25,45,5,10,24,65,24,29
"COG1294",37,27,44,19,36,39,41,38,35,29,24,41,26,29,17,35,27,17,17,24,43,16,20,22,13,28,38,20,14,36,21,28,16,19,20,28,38,26,59,38,16,32,29,19,29,30,18,19,37,34,43,33,22,18,45,51,35,17,15,40
"COG1295",49,28,41,34,51,41,45,70,59,26,28,50,34,53,35,38,49,42,27,34,37,16,47,47,28,26,37,49,39,38,39,43,42,33,36,38,34,45,65,32,38,39,48,47,48,45,38,37,43,25,37,34,40,26,36,40,39,29,23,41
"COG1296",4,26,15,23,10,14,18,16,11,19,30,14,15,20,24,8,24,35,23,23,26,15,62,21,51,12,20,28,40,15,27,3,34,6,25,21,13,29,7,7,22,33,32,18,25,8,23,27,12,31,14,14,16,23,6,7,15,30,42,11
"COG1297",64,29,56,38,40,33,47,43,35,38,29,50,32,44,36,26,36,25,24,33,46,47,25,6,22,32,36,51,44,40,36,33,40,87,24,40,35,40,52,33,24,59,27,20,37,26,35,34,22,43,45,34,29,20,25,51,44,44,15,62
"COG1298",1,14,6,34,3,1,7,7,23,6,14,3,6,10,43,7,19,12,3,11,17,31,1,33,13,23,8,21,18,8,12,10,26,6,15,5,2,19,1,5,19,10,25,37,18,3,8,18,11,6,3,13,10,7,7,6,4,22,4,4
"COG1299",6,37,23,41,12,30,63,42,28,33,74,32,28,27,62,31,33,29,16,23,25,22,73,158,98,34,45,58,58,23,38,12,47,8,46,26,31,17,14,27,32,62,43,33,35,14,29,28,12,29,17,26,18,30,13,20,9,61,49,23
"COG1300",9,6,2,2,6,5,0,4,13,11,2,8,10,5,0,7,11,6,2,4,6,1,1,0,1,11,1,6,0,4,4,13,1,1,5,7,0,1,3,11,2,1,2,2,3,10,11,3,10,6,7,4,5,15,10,5,9,5,0,5
"COG1301",64,55,85,43,35,73,113,46,83,62,59,45,75,67,85,40,65,83,36,46,43,44,64,111,72,64,86,46,102,56,56,58,42,51,82,76,63,45,76,76,65,86,70,48,67,51,57,42,46,56,58,51,39,58,44,62,49,73,27,36
"COG1302",5,28,17,25,9,10,16,26,12,29,26,18,11,28,24,3,40,35,27,16,21,19,39,12,37,8,10,29,27,20,22,9,39,4,17,8,16,16,9,1,27,24,15,27,27,6,12,35,10,9,7,3,13,36,5,6,13,23,18,15
"COG1304",0,9,6,8,4,15,1,7,4,13,12,6,14,7,6,7,4,7,8,3,7,6,31,22,22,4,9,9,18,13,14,2,10,5,6,12,7,8,2,9,12,26,7,7,9,4,2,10,2,15,10,2,10,14,2,8,3,9,28,5
"COG1305",31,46,38,46,37,25,22,42,47,38,32,50,29,44,23,31,40,52,76,52,44,53,28,28,52,35,45,58,47,69,22,32,66,51,33,19,45,43,13,28,49,30,34,62,70,21,45,76,35,57,52,31,60,55,24,32,59,27,109,43
"COG1306",0,0,1,6,0,0,0,3,2,6,1,0,1,7,0,4,2,12,1,1,3,0,0,8,0,4,8,2,8,0,10,0,5,0,5,3,4,1,1,3,2,0,9,0,1,2,2,5,4,0,1,1,0,2,0,2,3,1,0,1
"COG1307",12,85,57,111,23,34,24,66,60,68,130,62,69,84,95,20,98,99,112,70,61,78,164,32,148,83,54,115,122,68,74,14,107,8,69,29,78,81,13,20,86,83,95,121,76,23,78,111,31,73,27,25,46,81,12,27,67,119,54,43
"COG1309",32,64,57,94,63,131,40,100,68,104,122,70,90,83,94,59,86,207,133,74,79,52,208,214,129,87,59,121,104,54,84,58,106,30,72,76,48,77,25,68,110,84,117,86,72,77,79,103,94,50,31,63,60,171,47,70,69,76,142,66
"COG1310",1,4,4,3,2,3,0,0,1,2,8,1,1,2,17,0,4,3,2,3,3,1,2,3,2,0,0,11,3,2,4,1,2,2,2,3,1,5,0,0,2,0,4,2,4,0,4,0,2,2,1,2,4,2,1,0,2,4,5,4
"COG1312",38,36,49,30,53,70,54,17,53,54,27,85,34,32,38,52,28,24,22,57,62,48,8,56,19,40,51,25,43,66,35,70,42,71,29,52,53,26,41,55,36,46,54,35,51,46,68,46,40,52,62,30,53,17,38,44,50,52,21,48
"COG1313",3,16,9,17,2,7,9,26,8,24,25,10,12,30,19,7,22,53,26,11,10,11,10,2,14,18,7,25,16,16,22,5,27,1,11,7,18,7,5,1,30,14,26,25,25,4,14,21,5,16,4,1,14,30,4,7,15,17,2,11
"COG1314",4,0,0,1,1,5,0,2,0,2,1,0,1,2,0,1,2,7,3,0,1,0,6,12,0,0,1,3,2,1,1,3,2,0,2,1,0,0,1,4,0,2,4,0,0,2,0,1,1,1,1,1,0,5,1,1,0,1,3,2
"COG1315",0,14,5,29,4,5,4,22,11,5,10,4,11,11,36,10,12,6,3,9,12,32,1,13,14,25,6,40,15,18,12,3,31,2,18,2,10,22,4,4,10,9,18,26,9,3,21,12,20,4,3,8,10,9,2,4,7,28,0,0
"COG1316",20,56,40,63,15,22,32,69,31,89,116,27,31,62,86,33,89,82,108,46,35,34,164,79,99,32,43,92,64,35,82,15,59,16,45,36,29,44,16,12,52,83,43,70,57,28,44,55,34,20,40,18,39,86,22,20,43,65,109,35
"COG1317",0,1,1,2,2,0,0,2,0,2,1,0,1,1,1,1,1,0,0,1,3,7,0,4,1,1,0,2,1,0,1,1,3,1,2,1,1,4,0,1,0,1,3,2,1,0,0,3,0,0,1,0,1,3,1,0,3,0,3,0
"COG1319",2,12,13,11,5,10,9,9,13,7,18,21,14,18,32,15,10,22,22,17,9,8,21,56,27,9,15,24,19,12,13,13,12,6,15,7,11,16,9,24,14,24,13,21,14,8,5,23,18,10,21,6,10,22,2,12,12,28,21,8
"COG1320",2,0,0,0,0,0,0,0,2,0,0,0,2,0,0,0,0,0,2,0,0,0,0,0,0,1,0,0,0,0,0,2,0,0,0,0,1,0,0,0,0,0,0,0,0,0,1,0,0,1,0,0,0,4,0,0,0,1,0,2
"COG1321",5,16,12,19,5,9,3,19,6,16,20,6,17,24,29,4,30,24,26,17,13,12,36,31,21,8,15,21,27,17,12,4,22,3,19,12,9,16,2,8,22,9,18,21,13,9,13,26,7,9,15,6,17,26,4,3,7,14,12,7
"COG1322",65,26,41,34,39,37,24,51,32,27,19,52,45,37,15,27,36,28,30,19,28,46,32,25,25,19,28,34,24,41,27,32,35,69,31,54,33,26,55,34,19,38,40,23,27,24,33,36,24,45,31,28,22,35,31,40,35,39,39,50
"COG1323",4,25,12,22,4,9,12,27,11,43,36,15,20,20,29,7,34,53,33,14,9,22,37,9,51,20,12,35,26,23,29,6,19,3,17,15,24,18,4,7,18,33,29,28,26,11,16,27,11,13,7,12,13,26,5,5,9,32,17,19
"COG1324",1,0,1,0,0,5,0,1,2,0,0,0,2,0,0,2,0,0,0,0,1,0,3,10,1,0,0,0,0,0,1,1,0,1,0,1,0,0,0,2,0,0,4,0,0,0,0,0,0,0,0,0,0,2,1,1,0,0,0,0
"COG1327",0,2,5,2,0,4,1,6,2,3,8,1,4,9,4,2,5,12,9,5,4,2,4,5,9,2,3,8,5,6,16,1,21,2,7,7,9,6,9,7,17,22,14,10,15,1,10,10,7,9,9,4,16,15,2,6,6,20,34,3
"COG1328",110,119,145,141,104,103,138,153,124,153,128,104,120,150,135,123,155,161,151,108,135,153,160,90,140,131,136,272,150,135,163,103,153,120,112,118,142,120,110,67,202,127,134,130,130,108,113,123,85,126,102,109,137,166,101,98,129,121,170,108
"COG1329",0,2,4,0,0,1,0,2,0,5,1,0,3,0,0,1,4,20,5,1,4,0,0,0,9,0,2,5,0,0,1,1,1,0,1,0,0,2,0,0,2,4,2,0,0,0,0,1,0,0,0,0,2,7,0,0,1,2,16,3
"COG1330",2,1,0,2,3,13,1,1,2,0,0,1,4,3,0,9,0,2,0,0,0,0,6,31,5,1,0,0,1,1,0,2,0,1,0,3,1,2,0,7,0,0,5,0,0,0,2,1,2,0,0,2,0,2,0,1,0,0,2,0
"COG1331",0,0,0,0,1,0,0,1,0,0,0,1,2,0,0,1,0,0,0,0,0,1,0,13,0,1,1,0,0,0,0,0,0,0,2,0,0,0,0,3,0,0,0,0,0,0,0,3,2,0,0,0,1,6,0,3,0,0,0,2
"COG1332",0,0,1,5,0,1,8,3,6,7,6,1,2,3,10,0,3,3,1,2,0,2,8,0,1,9,1,3,7,3,6,0,5,0,1,5,0,3,5,2,2,7,3,1,0,1,0,5,0,0,2,0,1,7,0,0,2,0,1,0
"COG1333",2,5,0,1,17,5,1,1,4,2,0,8,14,3,3,15,4,3,0,4,1,5,0,0,0,2,6,2,0,2,3,22,7,0,6,6,7,3,1,23,5,2,6,2,2,4,21,5,4,5,3,3,3,12,8,14,4,1,1,12
"COG1335",5,27,15,12,10,33,20,18,7,19,22,12,28,19,30,17,22,34,29,17,12,16,45,50,25,10,18,11,20,19,25,9,18,14,24,26,15,21,10,12,19,29,19,25,13,11,12,28,20,12,27,8,25,29,15,8,13,18,31,11
"COG1336",0,0,0,0,0,1,0,0,0,0,0,0,1,0,0,0,1,0,0,0,0,0,1,0,0,0,0,0,0,0,0,0,0,0,0,0,1,0,0,3,0,3,0,0,0,0,2,0,7,0,0,0,1,0,0,0,0,0,0,0
"COG1337",0,1,1,4,0,0,3,1,2,2,1,4,2,5,6,1,4,1,2,1,0,0,5,5,0,11,7,4,6,2,8,0,0,0,0,5,0,1,2,1,1,5,2,0,0,1,0,7,0,0,1,0,2,4,0,2,2,1,0,2
"COG1338",1,9,2,11,1,1,3,6,4,0,4,1,5,6,9,2,5,3,2,8,2,7,1,13,5,7,5,10,8,3,4,0,16,0,5,2,1,6,2,2,3,7,13,23,5,2,4,9,6,6,0,1,2,2,1,0,8,8,1,0
"COG1342",1,9,8,2,20,6,10,5,7,6,18,6,7,8,7,2,5,6,15,3,27,1,5,2,4,5,14,4,17,7,9,11,13,1,15,9,3,11,9,3,14,10,9,10,5,5,11,4,3,5,7,6,15,12,4,5,4,7,5,12
"COG1343",7,6,4,9,11,0,7,5,6,2,10,4,3,2,16,11,13,6,10,9,1,23,4,3,14,12,3,6,7,8,10,0,6,12,5,3,5,7,12,3,4,12,5,16,4,5,8,9,2,3,7,7,12,9,2,9,9,10,4,2
"COG1344",5,53,14,67,10,9,11,39,36,18,40,19,19,31,111,12,26,37,6,55,26,62,5,44,21,46,25,90,85,25,30,2,80,2,43,4,16,42,11,25,35,41,50,93,39,1,45,53,26,15,15,20,17,17,4,12,23,93,3,2
"COG1345",3,14,5,36,1,1,2,20,13,0,8,6,4,16,30,2,9,9,2,15,7,13,2,17,11,27,6,18,17,4,4,5,15,1,6,2,4,10,4,9,6,13,14,27,12,1,9,16,7,5,3,12,6,11,1,2,8,27,1,3
"COG1346",7,6,12,15,5,8,16,8,15,5,6,8,10,17,15,8,7,9,8,10,11,6,13,7,5,7,7,9,10,13,26,29,34,33,34,33,32,30,34,29,22,18,28,43,16,22,24,27,16,36,27,15,19,15,32,24,25,28,7,20
"COG1347",13,11,16,16,16,21,14,20,15,17,7,28,25,9,2,24,25,11,8,13,21,14,2,0,0,16,19,10,9,17,19,19,15,31,19,20,16,13,21,25,13,7,12,10,13,21,23,21,18,15,22,19,24,3,31,19,16,10,2,19
"COG1348",3,7,4,3,2,5,1,3,4,3,11,2,17,3,8,7,5,5,10,3,2,4,5,9,10,4,4,9,18,6,4,2,1,1,0,1,0,1,0,2,4,9,1,1,5,0,0,1,0,3,5,2,2,1,0,1,1,0,1,2
"COG1349",22,58,30,35,47,99,72,22,53,50,75,44,50,47,90,61,44,53,49,70,48,35,114,181,99,47,37,50,59,29,59,35,42,27,68,94,52,33,30,38,42,51,64,60,43,43,34,72,51,43,53,69,48,63,44,40,32,52,109,48
"COG1350",39,28,32,20,31,32,44,20,33,17,16,48,46,33,7,42,24,23,20,26,37,25,3,3,5,26,36,14,11,34,40,37,25,42,25,26,40,34,57,20,26,24,22,22,27,33,28,24,35,23,47,36,29,30,36,39,27,24,5,45
"COG1351",33,14,15,12,5,4,23,10,6,32,24,9,12,22,9,1,11,25,25,6,5,22,4,0,15,18,6,74,12,3,15,2,21,34,12,24,19,23,13,1,62,13,6,19,13,3,6,9,0,11,5,2,27,11,3,6,3,13,6,15
"COG1352",0,8,4,14,2,2,3,9,2,3,5,1,5,6,14,2,9,5,5,7,4,17,1,15,3,11,3,14,8,10,5,1,8,2,10,1,3,6,0,6,11,6,12,23,5,0,14,7,8,1,0,4,4,2,0,2,3,11,0,1
"COG1353",0,4,1,5,5,2,14,6,2,5,10,6,3,11,29,5,9,5,3,12,2,6,15,0,1,11,2,7,14,7,7,1,3,1,7,12,0,6,2,9,3,11,4,0,2,1,1,7,22,0,1,0,8,14,0,3,3,1,0,4
"COG1354",2,17,14,28,8,8,11,16,8,26,31,11,10,22,22,6,25,42,34,16,19,20,29,19,27,7,10,38,28,15,18,4,28,7,12,14,24,18,6,6,20,32,20,31,15,4,12,20,10,16,7,5,14,43,6,11,13,14,18,19
"COG1355",35,0,0,1,0,0,0,0,0,0,1,0,0,1,0,0,0,0,0,0,0,0,0,0,7,0,0,0,9,0,0,0,0,0,0,3,0,0,42,0,1,27,0,0,0,0,0,0,0,0,0,0,0,1,0,0,0,0,13,5
"COG1357",8,17,7,13,43,5,8,12,22,21,13,24,35,12,17,7,24,13,17,18,20,14,2,54,1,32,12,21,3,17,13,25,16,6,14,6,13,18,4,16,19,11,20,8,25,27,17,20,17,14,30,14,17,12,35,27,26,10,21,9
"COG1358",2,6,9,12,5,7,10,11,5,11,19,4,7,9,15,4,6,22,18,2,0,2,18,4,10,8,8,7,14,3,2,0,5,0,6,2,0,1,1,1,5,6,3,5,6,0,2,5,2,2,2,3,3,4,1,2,1,4,3,1
"COG1359",2,9,6,2,15,6,2,1,12,8,2,10,11,6,1,6,3,12,9,6,8,1,6,23,14,14,4,4,1,5,0,4,3,3,6,6,10,3,4,6,5,8,7,4,7,4,6,5,6,2,15,5,2,6,10,12,3,6,10,4
"COG1360",46,11,22,27,13,16,44,28,12,8,4,5,11,17,23,18,12,11,2,5,1,50,3,25,6,11,10,20,13,11,22,21,27,50,9,12,7,6,36,20,18,18,16,26,6,30,19,11,25,12,7,1,12,6,15,14,20,5,5,20
"COG1361",1,5,1,0,0,4,1,3,0,2,2,0,1,14,1,1,2,1,1,2,0,0,1,2,1,3,1,1,1,0,0,1,1,1,1,0,0,0,1,0,0,0,1,0,0,0,0,0,0,1,0,0,0,0,0,0,1,0,7,0
"COG1362",48,56,51,74,14,28,79,75,35,62,94,40,44,80,97,24,75,73,122,45,39,54,52,42,71,50,36,79,115,54,67,26,80,73,60,33,73,56,41,26,71,66,46,92,63,11,51,72,20,52,32,38,37,69,21,20,47,89,27,42
"COG1363",9,16,17,24,12,11,5,28,17,42,27,16,18,28,25,21,19,31,75,18,25,20,45,54,32,27,24,10,28,13,8,7,22,35,18,23,9,14,8,9,18,13,40,20,23,7,14,40,13,10,21,6,12,29,4,10,16,14,9,20
"COG1364",7,31,33,30,11,6,24,18,14,28,49,19,15,42,57,4,21,34,44,24,19,27,26,11,31,30,12,35,58,35,19,4,43,9,29,14,17,36,10,4,27,15,37,19,27,5,23,30,9,20,17,16,13,23,16,7,23,17,30,11
"COG1366",2,12,15,17,6,5,4,15,8,14,17,7,14,15,13,4,16,11,18,7,6,11,20,3,15,5,11,20,10,11,3,0,4,1,3,2,3,7,1,1,5,1,1,8,3,4,2,5,5,2,3,1,2,5,1,3,4,7,5,3
"COG1368",176,131,130,107,109,107,83,78,65,91,144,80,105,112,128,139,138,129,128,96,112,100,174,49,223,81,119,104,160,90,168,100,124,181,124,142,65,118,161,89,110,194,129,154,90,120,139,79,73,93,101,72,115,89,69,82,95,106,207,128
"COG1372",0,9,0,0,10,0,0,0,0,0,0,0,4,4,0,0,13,0,0,0,23,2,0,0,1,52,0,0,0,0,2,98,1,0,0,8,0,1,0,0,0,0,0,0,1,0,0,5,0,16,0,0,25,1,2,0,4,0,0,0
"COG1373",1169,278,357,264,291,195,721,491,166,205,264,166,268,298,163,240,226,417,230,251,220,595,82,19,147,376,249,271,378,187,370,214,261,717,247,330,115,197,763,184,734,548,189,400,176,250,329,244,206,248,163,169,215,281,251,146,234,172,316,252
"COG1376",4,43,26,33,10,34,18,36,34,53,63,12,17,21,96,19,40,39,39,23,31,13,98,67,108,52,24,31,85,30,33,16,48,20,28,21,30,32,12,7,37,64,61,65,47,12,30,52,10,28,32,12,24,29,9,16,27,45,88,18
"COG1377",3,8,6,19,7,1,5,14,6,4,7,3,2,12,25,5,10,3,3,3,4,8,2,53,9,14,11,18,8,6,12,7,17,3,9,1,6,4,2,7,10,4,14,21,11,3,2,8,9,2,3,2,5,9,4,6,6,6,5,0
"COG1378",1,11,2,1,1,3,0,11,6,1,4,2,3,0,6,1,3,4,2,1,1,7,14,5,5,9,1,2,6,4,2,3,2,0,6,2,2,2,0,0,13,7,5,3,2,1,0,7,0,3,1,1,5,2,0,1,4,2,4,1
"COG1379",2,5,1,1,0,1,0,3,2,11,10,5,3,2,7,8,8,19,1,2,1,4,11,7,4,1,7,3,6,1,1,0,0,0,1,2,1,1,0,2,1,0,0,3,1,2,0,1,0,1,3,0,1,10,2,2,3,1,5,1
"COG1380",26,18,16,14,10,20,17,21,12,11,11,18,13,14,18,17,15,16,13,15,11,22,22,22,21,21,5,23,16,6,10,16,27,8,13,18,12,14,20,17,17,12,21,26,16,17,20,15,18,11,7,20,16,11,15,9,27,31,11,17
"COG1381",1,18,15,26,6,17,6,28,10,22,30,13,10,30,18,9,32,31,31,11,15,17,35,16,24,14,14,35,16,15,18,2,15,6,12,15,17,19,7,6,21,19,16,24,16,2,9,25,3,13,14,9,15,37,4,9,17,14,31,11
"COG1384",0,0,0,0,0,0,0,0,0,0,1,0,1,0,3,0,0,1,0,0,2,0,0,0,0,0,0,0,0,0,0,0,0,0,0,0,0,1,1,0,0,0,0,0,0,0,0,0,0,0,0,0,0,6,0,0,0,0,0,0
"COG1385",15,20,24,37,18,22,20,43,18,30,29,29,32,30,28,25,31,37,25,24,19,29,42,25,34,23,34,17,26,21,26,28,26,51,24,23,30,27,27,22,31,30,28,34,23,21,24,23,25,14,23,33,17,47,27,22,23,29,52,31
"COG1386",2,10,13,21,1,8,6,19,10,33,27,3,12,17,26,5,30,24,28,11,9,12,24,4,30,7,13,29,19,14,22,2,20,2,13,8,9,11,4,5,16,19,18,6,17,3,10,24,6,10,7,11,11,27,6,6,14,15,16,10
"COG1387",23,43,52,56,45,44,102,46,61,57,59,58,49,56,84,40,90,43,53,61,52,29,56,31,47,45,58,43,52,54,62,59,52,12,75,67,50,36,54,52,54,35,39,73,54,53,62,73,40,52,75,63,49,61,48,43,45,65,29,44
"COG1388",5,45,31,57,22,23,13,69,35,72,69,21,34,32,72,27,62,73,50,40,48,43,52,12,46,33,29,53,68,36,55,13,74,9,57,31,33,51,29,8,50,35,54,64,47,15,42,50,22,37,38,37,43,65,25,25,31,61,14,15
"COG1390",2,1,1,0,1,2,0,0,0,9,1,1,2,3,0,0,1,6,1,0,1,0,0,2,3,1,0,1,3,0,4,3,1,0,0,0,0,0,0,3,4,4,2,0,0,0,1,0,0,1,0,0,1,4,0,3,0,0,0,0
"COG1391",0,2,1,4,1,12,1,3,2,1,4,5,2,3,1,10,1,2,1,3,1,1,7,51,25,0,4,1,2,0,1,5,0,6,4,12,4,5,6,4,3,6,13,1,7,1,0,0,7,2,1,0,3,2,7,8,1,2,84,8
"COG1392",1,13,4,4,7,11,13,2,10,9,1,11,10,6,10,19,11,8,1,13,9,3,6,6,3,17,9,1,2,3,13,19,4,5,12,23,11,4,6,21,7,14,0,4,4,27,5,4,20,13,10,17,7,3,12,18,5,6,14,6
"COG1393",7,14,6,16,6,15,3,7,6,16,24,12,23,23,25,14,16,25,21,22,6,12,50,29,30,24,11,22,22,11,12,10,12,4,8,15,18,9,3,18,20,23,22,12,7,10,9,16,17,10,7,15,7,15,8,5,12,15,15,3
"COG1394",1,18,10,11,15,14,3,14,18,20,32,21,22,15,16,14,27,35,37,19,14,9,16,21,25,14,22,6,25,13,18,20,20,4,5,12,10,16,14,18,14,10,10,15,9,16,12,30,10,19,20,8,20,40,23,14,19,13,13,21
"COG1396",73,89,70,91,75,93,61,112,74,100,139,66,97,140,97,56,123,147,136,85,79,92,172,107,145,74,71,114,118,80,114,46,116,42,67,81,85,113,59,66,135,61,111,154,98,64,78,110,76,72,77,68,96,160,56,55,99,92,102,78
"COG1397",73,27,16,22,9,17,40,16,6,9,6,11,26,26,8,24,37,20,41,32,22,15,25,18,11,6,9,21,24,16,11,4,8,23,5,4,6,4,14,13,12,13,5,5,9,11,6,4,11,7,8,8,7,11,3,10,11,6,10,12
"COG1399",2,14,13,7,7,10,9,12,9,13,21,6,11,14,15,2,13,26,22,11,10,7,27,15,27,23,13,10,16,11,16,3,16,6,14,4,12,16,3,9,13,34,7,25,18,5,8,18,9,9,6,6,13,19,7,2,13,16,41,5
"COG1401",45,17,38,58,26,30,69,82,26,25,28,35,36,31,24,27,38,54,41,68,14,52,31,2,24,14,10,8,49,16,23,18,27,0,30,40,20,18,76,2,31,71,30,57,32,41,42,29,11,10,19,26,21,27,18,18,20,21,20,47
"COG1402",2,12,24,1,14,11,35,4,13,2,6,16,17,6,13,17,5,3,18,9,16,6,9,9,9,16,19,11,4,11,16,9,5,4,19,10,18,16,4,10,6,5,6,5,4,29,9,16,17,20,9,26,15,13,12,14,15,9,42,10
"COG1403",2,2,7,11,11,2,3,5,7,18,8,2,4,7,25,12,5,3,12,2,0,3,18,10,7,2,8,9,20,6,13,3,6,2,2,6,1,5,31,0,4,25,3,8,12,2,2,9,7,2,7,1,2,6,13,3,2,3,7,7
"COG1404",199,128,107,148,142,104,81,120,148,145,129,156,139,115,148,109,110,119,235,174,125,202,146,50,147,108,134,85,124,127,111,101,164,547,107,105,115,124,78,75,107,130,67,126,163,94,145,136,80,124,137,116,98,116,152,132,130,118,88,156
"COG1406",0,2,3,10,0,3,0,4,3,0,1,1,1,0,5,1,2,1,1,0,1,6,0,0,0,1,0,5,4,3,2,0,2,0,0,0,0,5,1,1,0,2,1,3,3,0,2,0,10,1,0,3,0,0,0,0,1,4,0,0
"COG1408",103,46,110,67,85,43,109,53,64,57,47,79,79,54,45,59,82,52,55,58,61,46,41,34,42,70,50,60,57,58,56,53,64,60,85,59,58,64,101,66,50,71,77,43,65,60,58,74,64,56,76,85,72,44,66,71,77,45,20,73
"COG1409",27,29,33,35,43,27,25,26,44,56,16,40,23,51,23,29,32,37,42,42,59,41,10,21,11,45,35,25,11,36,78,93,65,96,112,119,81,114,68,92,97,72,43,59,125,93,92,83,85,87,138,139,144,118,120,135,122,78,79,92
"COG1410",111,90,122,99,94,102,148,99,115,90,96,130,88,101,93,116,81,59,73,140,124,117,41,74,59,78,117,107,78,121,88,72,82,159,97,126,130,117,124,74,88,85,106,89,108,84,82,93,82,139,146,96,137,49,102,107,103,118,36,106
"COG1413",1,2,0,0,4,0,0,0,0,2,0,0,3,0,0,4,2,0,1,1,0,0,0,37,0,0,0,0,0,0,0,0,0,2,0,0,0,0,0,0,0,0,2,0,0,0,7,2,2,2,0,0,0,0,1,2,0,0,4,0
"COG1414",5,7,8,11,12,51,2,9,16,13,12,13,23,18,16,25,9,27,18,16,11,9,14,113,28,15,15,18,8,12,15,17,7,6,12,19,21,12,4,22,16,21,34,15,18,8,9,21,30,9,15,6,9,30,15,12,8,12,77,25
"COG1415",0,0,0,0,1,0,0,1,0,0,0,0,0,0,0,0,0,0,0,0,0,0,0,0,0,0,0,0,0,0,0,0,0,0,1,0,0,0,0,0,0,0,0,0,0,0,0,0,0,0,0,0,0,4,0,0,2,0,0,0
"COG1416",0,0,0,0,0,0,0,0,0,1,0,1,0,0,0,0,0,0,0,0,0,0,0,1,0,0,1,0,0,0,0,0,0,0,1,0,0,0,0,0,0,0,0,0,0,0,0,0,0,0,0,1,0,0,0,0,0,0,2,0
"COG1418",96,78,102,108,77,75,115,122,87,106,99,96,68,109,70,77,110,117,104,71,84,104,99,25,125,90,92,112,114,74,120,66,103,120,75,103,90,84,103,59,114,93,81,83,86,65,70,83,60,102,72,77,80,121,68,91,86,79,87,101
"COG1419",3,8,4,8,0,1,1,11,8,3,7,1,2,10,15,2,8,8,3,10,8,5,0,0,3,15,4,27,5,8,11,0,16,0,6,2,3,5,2,0,11,4,4,15,3,0,3,9,3,1,0,12,6,0,0,1,6,13,0,1
"COG1420",5,23,24,41,14,13,11,33,21,41,50,18,23,24,35,11,26,54,51,14,23,22,36,8,41,19,11,44,40,20,5,1,10,2,11,6,8,4,3,1,11,11,10,7,7,3,2,6,5,6,4,5,5,14,2,4,4,18,20,4
"COG1424",0,0,1,0,2,1,5,1,1,1,0,1,2,4,2,0,1,3,2,0,0,0,2,0,10,1,0,2,2,1,1,0,0,0,0,0,2,0,0,0,0,1,0,0,0,0,0,1,0,0,0,1,0,0,0,0,0,0,0,0
"COG1426",0,0,1,4,2,4,8,2,1,7,3,0,0,4,2,3,4,6,0,1,0,1,9,7,11,1,0,4,1,0,3,0,0,1,4,5,1,0,1,3,1,8,5,0,1,2,0,1,1,0,2,1,1,1,0,1,0,2,9,2
"COG1427",0,1,3,2,0,0,6,0,0,3,4,2,7,3,6,0,2,0,1,0,0,0,0,0,0,0,9,1,0,1,8,0,0,0,4,6,0,0,9,0,4,0,6,0,0,1,0,2,0,0,0,3,0,1,1,0,2,0,0,3
"COG1428",69,0,33,15,0,2,39,17,0,2,5,1,20,8,0,1,0,9,4,0,3,21,14,0,21,0,2,10,5,3,10,0,0,60,1,6,0,1,46,2,20,30,1,13,0,0,0,1,2,1,0,0,0,0,1,1,2,0,10,11
"COG1429",72,68,49,30,61,22,80,19,52,50,25,54,91,54,28,58,9,30,30,53,38,26,8,2,4,31,57,47,19,46,50,43,14,18,44,30,37,48,44,39,56,26,25,22,46,49,40,22,47,93,55,69,37,30,45,97,40,57,6,60
"COG1430",1,0,0,1,0,0,0,2,0,15,1,0,0,3,0,1,0,1,5,0,2,2,0,0,0,0,0,0,0,0,0,1,1,0,0,0,0,2,5,0,2,1,0,0,2,0,7,0,1,1,2,0,4,2,1,0,0,0,0,0
"COG1431",0,0,0,0,0,0,0,0,0,1,0,1,0,0,0,0,1,0,0,5,0,0,4,0,0,0,0,0,0,0,0,0,0,0,0,0,0,0,0,0,0,1,0,0,1,0,0,0,0,0,0,0,0,0,0,0,0,0,0,0
"COG1432",0,27,4,10,6,8,5,8,19,11,18,3,10,11,29,4,23,7,20,12,14,9,1,5,21,17,3,14,24,6,14,15,11,1,6,15,3,11,10,6,9,23,14,33,31,9,4,21,9,14,5,5,29,11,8,2,8,23,8,6
"COG1433",1,3,4,2,12,6,9,2,3,6,18,4,4,5,10,3,3,2,6,2,10,1,8,2,9,0,20,4,11,4,7,5,5,4,1,4,2,9,8,1,5,8,6,10,9,4,11,3,1,4,4,0,10,1,9,4,9,16,5,7
"COG1434",9,11,6,10,8,11,18,15,25,9,26,8,16,27,33,19,18,21,30,9,21,12,31,28,31,15,13,10,21,8,13,2,7,3,8,7,4,2,1,5,4,7,5,2,11,3,3,4,2,2,9,6,7,10,0,3,2,2,16,4
"COG1435",20,14,8,11,18,10,22,13,20,32,13,36,16,9,2,15,13,20,15,26,24,21,22,15,21,22,6,19,11,26,14,27,26,18,15,7,19,17,17,27,13,6,12,11,21,14,23,29,17,19,19,4,24,30,22,21,25,21,6,26
"COG1436",0,1,2,0,1,1,0,1,2,1,3,1,4,0,1,1,0,6,8,1,1,1,6,1,4,0,2,2,3,2,2,1,3,0,1,2,0,4,2,1,1,6,0,0,2,0,1,4,0,3,0,0,4,9,0,2,1,0,4,0
"COG1437",0,1,0,0,0,1,0,0,0,1,0,0,1,0,1,0,2,0,0,0,0,1,0,0,1,1,0,0,0,0,0,0,0,0,0,1,0,0,0,0,0,0,0,1,0,0,0,2,0,0,0,0,0,1,0,0,1,1,1,0
"COG1438",37,28,26,30,28,26,42,34,20,24,20,22,29,31,26,27,31,24,35,25,22,29,36,41,21,24,28,27,26,21,30,22,25,38,32,26,30,28,32,27,25,21,23,25,21,13,19,31,32,30,26,29,25,17,22,22,34,26,29,17
"COG1440",2,3,2,5,2,22,2,2,3,4,9,2,1,3,7,7,5,12,0,1,2,3,11,10,10,10,9,4,11,4,2,5,4,4,9,1,0,1,3,11,1,7,2,7,5,3,9,1,1,1,6,1,4,2,1,1,3,6,10,3
"COG1441",0,0,0,1,1,1,0,0,0,0,0,0,0,0,0,1,0,0,0,0,0,0,1,12,1,0,0,0,0,0,0,0,0,0,0,1,0,0,0,2,0,1,6,0,1,0,0,1,1,0,0,0,0,5,0,0,0,0,0,0
"COG1442",81,32,50,40,29,82,45,41,32,46,40,17,64,32,27,22,73,32,32,50,25,57,134,69,76,37,33,53,39,48,58,87,41,20,17,70,24,13,57,61,41,76,45,86,68,45,52,57,60,33,43,41,51,26,61,54,42,22,103,45
"COG1443",16,10,7,5,10,9,12,1,8,7,2,15,10,7,4,6,1,6,2,4,8,7,0,6,2,8,6,6,4,10,6,14,4,1,6,6,2,9,10,15,10,8,2,9,5,8,11,9,7,8,9,8,8,6,9,8,10,2,2,11
"COG1444",0,0,0,1,4,12,0,0,2,0,0,0,0,0,0,4,1,0,0,0,0,0,1,18,1,1,0,0,0,0,0,0,0,0,0,3,0,0,1,3,0,0,8,0,0,0,1,1,2,2,0,0,1,2,0,1,0,2,2,1
"COG1445",6,25,19,33,5,39,50,34,26,21,50,22,20,35,60,19,32,28,17,24,17,24,66,92,72,38,31,41,56,32,28,11,45,10,33,24,27,30,19,29,29,71,39,33,31,6,26,26,16,23,17,33,14,19,14,10,34,47,38,17
"COG1446",1,9,5,3,13,10,5,0,9,4,4,2,11,4,10,19,2,4,3,8,3,5,2,36,8,7,10,2,1,5,5,12,4,3,9,0,15,8,7,12,4,4,5,1,4,10,15,3,11,11,11,18,11,3,15,20,5,4,32,8
"COG1447",0,5,3,3,3,21,6,3,2,2,4,1,5,3,8,7,7,5,1,1,0,1,14,24,7,2,3,3,9,2,4,9,5,2,10,9,2,2,5,6,2,4,7,3,3,3,4,5,5,10,6,2,2,5,1,2,5,1,6,1
"COG1448",1,5,3,1,4,20,8,1,3,11,5,8,8,16,7,7,2,7,10,5,1,1,16,31,8,1,3,3,8,2,7,3,1,2,11,16,9,7,8,11,2,14,15,4,4,4,1,1,5,8,5,7,3,10,2,7,0,3,3,5
"COG1449",41,14,41,15,27,5,10,48,31,13,11,29,27,16,1,13,19,10,8,27,32,36,0,0,0,33,21,20,5,25,19,46,33,60,18,28,18,28,26,36,33,13,22,16,19,28,23,23,26,23,28,25,24,11,26,25,26,8,1,34
"COG1450",4,1,1,0,6,8,2,0,0,1,0,1,3,1,0,10,1,4,0,0,3,0,2,47,2,3,6,0,0,0,1,8,3,6,1,9,2,4,1,11,1,0,17,1,0,1,0,1,5,3,2,1,0,10,1,6,1,0,7,2
"COG1451",6,29,21,23,20,26,6,17,26,35,25,26,26,37,28,29,43,50,47,23,25,19,21,13,23,28,16,17,26,28,37,38,28,12,25,27,24,33,30,23,20,21,17,22,25,29,22,18,30,24,16,27,33,26,22,24,27,30,60,33
"COG1452",4,1,0,4,1,19,0,1,2,0,2,1,1,4,1,4,2,6,2,4,2,2,11,38,4,3,2,0,1,2,1,3,0,2,2,3,0,1,3,6,1,4,5,2,4,0,1,0,2,2,1,0,2,6,0,3,2,2,3,2
"COG1453",9,39,38,29,44,31,13,21,44,32,32,51,51,31,54,34,31,42,69,42,57,33,18,15,33,39,47,49,40,32,33,38,49,11,56,31,32,37,18,33,51,19,49,30,29,45,41,40,16,29,41,25,34,61,42,30,36,47,14,42
"COG1454",48,144,90,155,92,170,83,130,107,166,192,85,111,137,166,101,152,155,153,85,121,131,207,146,223,105,137,139,212,158,132,80,165,55,172,99,144,151,102,46,139,175,114,173,135,74,93,149,102,134,133,114,145,166,118,92,111,178,253,112
"COG1455",6,20,5,7,6,60,17,7,7,13,51,10,16,20,36,20,20,20,8,11,6,5,76,74,63,20,24,31,45,22,23,17,17,10,11,15,10,9,5,36,11,91,19,9,27,11,16,15,18,16,12,8,6,12,10,13,7,20,46,2
"COG1456",0,1,2,0,1,3,3,0,3,1,9,0,2,4,2,0,2,5,18,2,4,0,15,0,7,1,0,1,11,0,1,0,3,0,0,0,2,2,0,0,3,4,2,2,0,1,2,3,1,0,1,0,1,8,2,0,4,2,3,2
"COG1457",1,8,10,8,1,19,12,9,9,23,37,8,4,20,22,6,8,12,21,11,12,5,36,28,37,2,9,13,31,14,23,3,5,3,9,9,14,12,7,9,5,36,11,8,13,10,12,17,1,5,13,13,9,9,5,7,9,3,113,10
"COG1459",1,24,22,36,8,21,12,31,11,36,24,2,15,18,17,10,31,36,23,10,19,43,39,49,23,32,24,38,15,22,26,10,29,14,22,22,14,15,10,12,22,33,33,29,20,6,14,16,6,13,10,8,10,39,11,11,10,17,16,11
"COG1461",10,34,20,37,16,12,24,38,19,27,48,28,17,49,61,20,51,34,75,36,26,31,70,20,47,23,30,52,48,22,41,10,40,4,34,20,28,33,14,11,33,36,36,35,44,6,19,46,16,38,24,20,26,32,8,12,33,40,25,22
"COG1462",0,0,0,0,0,3,0,0,0,0,0,0,0,0,0,0,1,0,0,0,1,4,0,2,0,0,1,0,0,0,0,0,0,0,0,3,1,0,0,4,0,0,0,0,0,0,0,0,0,0,0,0,0,0,0,0,0,0,0,0
"COG1463",0,1,11,0,4,10,10,2,1,6,3,4,4,8,8,4,2,7,4,3,3,2,7,9,2,1,4,5,1,0,4,3,0,3,10,8,3,4,1,1,2,7,5,1,1,0,0,0,6,1,4,1,2,3,0,2,0,3,5,3
"COG1464",6,19,14,21,8,43,31,14,9,12,13,10,10,36,18,18,18,42,32,10,20,10,70,31,56,16,23,24,31,14,22,8,17,12,22,31,21,19,11,12,19,40,32,11,33,3,19,29,17,17,21,9,17,23,10,11,22,14,67,13
"COG1465",0,0,0,0,0,1,0,1,0,0,0,0,1,0,0,0,0,2,1,1,0,1,0,0,0,0,1,0,1,0,0,0,0,0,0,0,0,1,0,1,0,0,0,0,0,0,0,0,0,1,0,0,0,1,0,0,1,0,0,0
"COG1466",35,45,47,63,36,30,52,68,33,49,40,36,43,44,33,44,48,51,58,39,41,60,51,31,48,42,37,55,36,46,47,42,46,38,54,44,33,40,35,35,48,37,26,39,32,41,39,53,53,31,41,56,40,44,52,26,41,34,44,53
"COG1468",1,5,6,7,9,1,11,12,9,5,6,8,5,7,17,11,11,13,19,4,5,25,6,9,35,5,8,7,10,9,14,2,9,0,6,0,9,14,17,5,12,13,10,12,10,6,9,11,4,5,1,5,20,9,1,14,6,18,6,3
"COG1469",1,0,4,0,1,10,10,1,3,4,1,1,5,6,5,1,1,4,1,4,2,0,1,0,0,1,0,2,0,0,3,4,0,1,2,2,0,1,2,0,1,0,6,1,1,3,0,0,1,3,0,4,1,5,1,3,3,0,0,1
"COG1470",1,7,3,1,20,1,0,4,7,2,0,3,4,6,1,6,3,1,1,1,5,0,1,6,0,12,3,4,0,1,2,7,3,1,5,4,0,4,5,12,2,0,6,5,1,7,5,1,10,8,10,2,2,7,5,4,8,1,0,6
"COG1472",492,425,605,362,705,333,533,256,523,362,476,511,489,403,414,583,546,390,412,525,751,402,273,155,468,680,587,453,401,590,351,702,593,368,519,593,384,525,675,684,509,451,575,418,401,631,619,553,529,557,458,427,551,300,627,498,651,416,451,666
"COG1473",13,55,20,25,20,89,26,29,38,54,46,36,67,65,65,68,32,51,71,34,48,38,125,158,78,49,118,43,78,38,51,36,35,28,43,45,87,55,30,82,50,95,50,28,58,31,49,42,54,57,86,23,51,58,47,87,28,79,102,55
"COG1475",110,127,161,148,82,154,93,150,113,153,155,128,141,212,147,95,194,181,259,163,147,140,120,88,205,117,138,146,162,149,152,96,180,60,100,146,146,185,105,118,167,138,174,187,152,129,110,165,92,129,132,97,165,211,134,91,161,169,144,119
"COG1476",4,6,8,10,6,1,7,12,4,5,19,10,11,12,12,2,23,17,19,6,6,13,26,9,26,10,6,13,12,7,17,4,18,1,5,11,4,18,0,3,13,5,8,47,9,5,6,28,5,7,2,5,13,13,3,6,9,11,11,5
"COG1477",52,46,59,46,47,50,48,43,46,40,48,37,60,40,46,44,52,55,46,48,43,55,67,16,42,60,47,53,58,56,49,75,46,70,57,52,42,42,52,56,56,60,45,55,39,68,49,59,55,40,49,32,63,35,62,55,45,43,27,44
"COG1479",109,59,73,133,95,69,77,271,60,100,72,87,75,83,50,108,103,101,70,85,40,122,48,14,81,61,50,103,116,73,112,42,87,95,83,94,67,66,178,43,143,147,44,102,89,90,27,124,88,34,118,88,151,59,116,40,50,45,134,74
"COG1480",116,53,79,54,51,56,51,51,67,47,32,55,47,42,43,81,47,23,32,67,60,47,3,1,8,41,56,31,32,61,38,80,41,89,73,64,55,41,101,62,61,26,26,73,48,78,45,29,52,59,61,84,52,31,104,84,50,47,5,55
"COG1481",2,27,10,19,7,11,12,18,7,27,43,11,14,45,42,9,30,48,30,13,13,22,44,10,43,8,17,33,44,28,32,6,29,5,23,20,14,22,8,4,25,27,37,39,15,8,15,28,11,18,13,10,20,33,6,6,14,34,46,16
"COG1482",57,54,64,63,62,44,56,45,64,53,45,51,71,36,59,45,58,36,36,54,73,50,64,31,44,69,82,54,55,58,52,77,56,56,46,56,31,50,66,75,49,53,42,57,40,52,41,68,49,45,61,43,56,27,64,56,65,44,18,69
"COG1483",0,0,7,1,0,54,0,0,6,0,11,0,1,6,0,8,25,0,5,1,35,1,0,0,0,15,14,0,38,3,8,13,5,14,2,0,0,1,0,5,0,0,12,0,0,48,1,0,0,0,0,1,0,0,0,9,6,0,0,2
"COG1484",21,119,82,130,62,67,105,114,51,109,108,56,105,98,100,41,99,123,135,179,121,61,94,126,107,73,83,124,171,121,80,35,116,19,98,60,179,100,211,42,86,124,72,81,113,77,81,85,79,129,46,191,67,128,132,184,67,98,86,82
"COG1485",2,0,1,0,2,12,0,1,0,0,3,0,1,0,0,1,0,3,0,0,0,0,3,14,3,0,0,0,0,0,0,4,0,3,0,1,1,0,0,4,0,0,4,0,0,1,0,0,0,3,0,0,1,5,1,0,0,0,0,0
"COG1486",5,16,16,9,14,65,9,2,19,30,10,9,16,23,37,14,33,34,31,9,17,6,42,70,25,28,37,15,29,16,21,15,8,14,9,31,13,14,13,13,13,29,42,11,20,15,5,23,14,5,28,3,6,23,13,10,8,14,26,9
"COG1487",6,0,3,1,2,1,2,0,3,0,0,5,2,1,0,0,1,5,0,1,2,1,0,7,0,8,3,1,1,0,2,2,4,0,16,2,0,3,1,7,10,5,4,19,3,1,2,5,3,5,4,3,6,6,3,3,5,1,11,5
"COG1488",8,35,41,40,36,48,17,31,44,45,63,32,43,47,45,37,42,53,65,17,46,43,114,35,65,40,55,65,65,36,50,32,67,22,42,67,46,56,25,47,32,86,42,29,56,34,48,52,26,42,20,27,53,54,21,31,49,65,61,34
"COG1489",2,10,4,7,6,7,1,7,6,8,10,3,3,5,4,5,6,9,12,5,6,3,2,24,12,8,7,1,7,6,6,4,12,2,10,3,4,3,1,5,19,6,14,6,8,6,7,10,1,8,4,1,3,9,1,1,2,4,2,5
"COG1490",6,7,4,8,15,10,6,12,9,4,13,4,15,5,9,6,8,13,8,7,15,8,7,9,5,4,8,8,8,10,28,23,12,28,18,24,38,25,35,12,30,37,19,35,29,23,25,35,27,38,33,26,28,35,23,26,25,23,31,27
"COG1492",1,33,31,30,45,47,34,27,46,42,47,62,32,42,49,40,37,30,39,42,45,18,26,9,30,28,64,39,42,45,33,22,44,16,37,31,44,30,25,34,29,41,51,46,47,20,31,55,18,44,58,45,48,29,31,54,47,30,16,40
"COG1493",8,24,13,30,4,14,10,27,7,16,30,17,16,36,30,11,22,31,27,15,22,22,29,10,34,18,17,28,29,14,14,2,23,2,19,6,21,21,4,16,33,38,25,31,20,4,23,38,5,15,12,9,23,21,6,6,15,25,10,9
"COG1494",1,1,2,2,3,13,2,1,1,2,4,5,8,3,1,3,1,4,5,0,1,2,6,37,6,0,4,2,1,2,5,2,0,5,2,2,4,1,0,8,0,7,10,1,1,1,0,1,3,1,3,3,1,3,0,6,2,1,3,4
"COG1495",1,0,0,0,2,6,1,2,0,4,1,2,0,1,0,8,0,2,0,2,3,2,3,6,0,2,0,2,4,0,1,1,0,1,3,6,3,3,3,1,1,3,3,0,4,0,0,0,4,0,0,3,1,1,6,0,1,0,2,4
"COG1496",47,18,32,20,22,29,36,41,24,36,34,20,30,23,34,27,33,31,24,31,21,37,20,23,24,26,25,16,31,18,34,30,29,57,26,24,31,26,37,14,42,46,20,27,32,18,24,25,24,24,42,16,29,47,33,25,27,29,35,49
"COG1501",233,220,257,186,296,221,232,141,241,148,185,269,178,202,229,217,186,193,239,195,253,192,136,109,211,244,228,235,180,198,176,312,206,207,275,168,174,189,283,253,196,214,227,142,204,344,221,198,191,226,189,214,183,158,295,213,267,159,239,203
"COG1502",124,112,101,144,129,104,156,107,114,90,138,125,109,152,164,111,134,104,82,111,111,110,173,115,140,134,99,146,199,94,132,100,123,112,107,90,108,141,107,99,151,88,137,159,112,111,111,118,143,130,102,101,149,95,131,102,110,167,70,112
"COG1505",1,6,3,12,14,5,0,21,6,9,5,7,9,8,1,10,5,10,6,2,7,6,0,0,2,13,4,12,1,6,10,27,10,16,8,6,1,10,1,19,10,1,3,4,2,29,15,7,13,8,4,5,5,1,17,7,13,1,1,14
"COG1506",373,219,249,167,274,248,363,155,211,188,80,261,261,185,102,307,155,96,77,214,231,220,6,2,37,211,239,94,86,179,206,294,154,347,234,295,261,230,420,205,171,159,118,160,188,318,258,147,247,243,279,327,246,131,342,349,220,135,118,281
"COG1507",0,0,1,0,0,0,0,0,0,0,0,0,0,0,0,0,0,0,0,0,0,0,0,0,7,0,0,0,0,0,0,0,0,0,0,0,0,0,0,0,0,3,0,0,1,0,0,0,0,0,0,0,0,0,0,0,0,0,30,0
"COG1508",99,61,48,30,55,55,107,31,47,58,28,43,45,47,28,62,21,39,21,51,41,69,13,31,15,43,62,21,29,53,41,50,31,96,59,64,53,31,79,54,40,34,38,36,43,51,48,34,31,46,63,73,47,30,74,81,46,27,13,52
"COG1509",5,14,10,13,51,10,13,5,41,19,7,38,28,19,10,42,9,14,14,24,25,13,6,23,1,31,28,13,2,25,14,59,14,4,26,14,14,17,17,65,10,4,30,11,24,46,28,12,42,29,30,16,19,22,41,47,24,20,6,24
"COG1511",6,66,53,91,15,23,17,65,48,58,114,46,33,49,134,17,85,51,93,58,45,82,160,31,207,78,30,99,170,71,50,8,86,15,52,21,45,52,14,6,67,94,51,130,79,19,31,61,20,50,17,24,38,107,16,18,36,96,349,33
"COG1512",24,21,17,36,23,34,20,33,31,41,43,35,37,27,20,38,23,20,24,35,40,32,7,7,19,19,32,19,32,40,19,16,23,40,14,25,50,21,34,21,24,12,28,15,28,28,21,30,18,39,45,41,27,20,30,33,22,44,8,37
"COG1513",0,0,0,0,0,0,0,1,0,0,0,0,1,0,0,0,0,1,0,0,0,0,1,7,0,0,0,0,1,0,0,1,0,0,0,0,0,0,0,0,0,0,2,0,0,0,0,0,0,0,0,0,0,0,0,0,0,0,0,0
"COG1514",1,0,0,0,1,5,0,1,0,1,0,0,3,2,1,1,0,1,1,0,0,0,3,13,1,0,0,0,0,0,0,0,1,0,0,0,0,0,0,1,3,0,3,0,0,0,1,1,0,0,2,0,2,7,0,0,0,1,0,1
"COG1515",0,0,0,0,0,5,0,0,0,0,0,0,0,0,0,0,0,0,5,0,0,0,1,3,1,0,0,0,0,0,0,0,0,0,0,1,0,0,0,2,0,0,3,0,0,0,0,0,0,0,1,0,0,1,1,0,0,0,0,0
"COG1516",1,7,2,10,3,0,3,4,2,1,4,1,4,4,8,2,5,2,0,4,6,11,1,21,2,10,2,13,12,3,6,2,9,1,8,1,2,3,1,2,3,2,8,20,4,0,5,12,6,1,1,4,3,2,1,4,4,7,0,0
"COG1518",40,43,32,44,19,20,47,35,26,20,53,6,22,31,53,38,30,55,42,40,27,67,48,30,48,48,17,31,35,57,39,41,38,22,27,19,18,56,43,31,32,41,26,51,21,13,28,52,17,31,26,17,70,29,12,23,40,31,35,20
"COG1519",49,29,42,25,44,49,31,15,29,29,20,43,50,33,14,40,25,16,10,46,42,34,10,23,8,34,42,32,23,20,37,28,23,36,32,58,40,40,58,40,30,26,18,18,31,41,44,14,39,49,36,43,36,13,58,43,49,21,8,41
"COG1520",32,56,48,23,64,38,15,16,67,35,33,53,46,45,21,81,25,34,49,48,52,29,13,12,3,66,44,42,17,70,27,129,29,3,70,33,63,46,30,64,23,7,36,30,42,123,56,65,55,69,59,53,73,61,81,75,108,49,6,79
"COG1521",4,31,24,28,23,23,29,31,25,49,51,33,32,38,40,22,36,27,44,33,31,26,23,13,43,21,33,44,41,49,40,23,43,16,39,33,32,38,22,17,44,26,35,33,36,20,35,38,15,24,32,28,35,30,29,28,24,31,44,30
"COG1522",91,42,39,63,53,78,97,56,37,50,42,40,44,50,54,48,49,37,28,48,50,65,22,45,39,59,43,58,41,44,58,83,56,56,60,60,57,56,63,58,56,37,44,58,56,53,52,43,55,50,54,76,69,26,54,48,55,41,41,49
"COG1523",86,81,55,81,82,72,108,64,78,51,101,64,60,43,122,101,61,25,33,91,63,68,127,83,165,84,63,47,112,82,49,66,76,74,67,62,69,52,62,74,77,88,62,112,113,58,88,75,75,69,59,90,68,37,77,65,68,98,289,65
"COG1524",93,52,101,72,82,46,53,80,91,63,25,94,84,52,21,74,45,40,19,79,53,77,3,9,22,47,66,32,27,46,63,72,32,142,67,57,49,39,104,72,51,64,29,29,59,89,64,50,84,52,65,75,64,39,104,105,49,48,44,76
"COG1525",0,0,1,0,3,5,0,1,0,2,0,0,1,0,0,0,1,1,2,0,0,0,0,0,0,1,1,0,0,0,3,1,1,2,1,1,1,0,0,3,4,1,8,0,2,1,0,2,1,1,3,2,3,6,2,2,7,0,1,0
"COG1526",1,5,3,3,1,9,2,3,3,1,4,3,6,4,3,2,1,6,2,2,1,2,13,22,7,2,3,3,6,5,0,2,5,2,0,2,8,0,0,0,4,6,9,1,3,1,5,1,3,7,2,1,1,5,4,3,1,2,6,3
"COG1527",1,14,7,5,3,15,3,9,11,6,17,4,16,8,21,8,22,19,21,10,8,10,32,24,31,11,5,9,30,7,6,8,11,3,5,4,5,8,2,2,14,19,14,6,6,8,11,12,8,16,11,4,15,22,6,6,5,19,15,4
"COG1528",15,30,22,39,50,27,25,37,16,44,20,31,30,29,9,44,19,21,6,54,32,29,2,15,6,21,21,10,11,19,22,41,18,18,18,25,42,25,25,17,16,12,28,24,49,95,22,30,45,37,58,38,49,11,69,33,21,23,5,25
"COG1529",12,58,33,26,24,23,31,17,51,40,66,35,59,50,112,42,39,50,62,32,38,25,95,209,98,24,66,50,139,36,45,40,43,12,43,35,49,39,14,54,30,97,47,54,57,23,28,44,61,39,63,30,26,53,17,43,22,82,66,33
"COG1530",68,35,59,40,43,50,58,69,39,41,31,32,41,48,41,45,38,58,26,48,45,59,23,60,33,34,52,33,39,41,43,50,35,75,42,37,43,50,48,50,59,63,43,47,44,32,23,42,36,42,62,39,43,48,40,43,31,34,80,59
"COG1533",53,82,56,77,34,26,25,63,36,65,55,30,46,54,81,72,70,53,33,65,31,68,29,16,41,69,56,70,51,48,75,40,53,67,81,22,63,46,21,13,70,22,49,42,61,60,67,67,46,75,41,65,92,56,97,57,65,66,14,37
"COG1534",2,7,7,15,8,7,8,7,5,10,12,5,2,17,9,4,4,15,20,3,1,13,15,20,9,7,5,10,12,4,5,1,6,1,9,4,4,7,2,7,5,8,9,9,7,1,8,15,12,1,5,4,6,17,2,1,4,5,10,3
"COG1535",0,1,1,0,2,2,0,0,1,0,0,0,0,1,0,0,0,0,0,0,0,0,0,14,1,0,0,0,0,0,0,0,0,0,0,3,0,0,0,3,0,0,6,0,0,1,0,0,2,0,0,0,0,0,0,0,1,1,1,1
"COG1536",0,9,4,16,2,1,6,7,7,3,9,2,9,11,21,2,5,6,4,6,4,11,1,13,2,2,2,17,7,11,8,4,13,4,11,2,4,7,4,5,10,9,12,26,3,0,3,7,6,2,2,3,1,9,3,2,0,12,2,0
"COG1538",279,261,296,264,530,367,323,277,489,274,151,435,340,246,112,422,251,165,107,347,371,287,26,74,36,272,393,178,88,350,295,476,234,397,372,407,364,334,442,376,223,161,206,168,324,377,362,236,369,392,429,468,338,176,471,475,362,188,60,363
"COG1539",27,13,12,28,22,12,29,21,20,35,12,9,23,18,16,23,19,29,11,24,19,11,26,27,20,20,25,19,17,16,23,17,23,27,25,34,14,15,22,14,22,22,22,15,12,24,20,29,25,17,26,26,15,14,20,20,21,14,43,15
"COG1540",1,2,7,3,1,5,0,3,1,4,5,3,2,4,4,6,2,7,11,2,1,1,10,11,3,2,4,2,2,3,6,2,4,2,1,3,3,0,2,1,4,1,7,3,7,0,2,4,1,2,3,0,2,2,2,1,3,5,10,0
"COG1541",17,74,49,50,76,55,37,31,76,57,30,84,61,32,24,58,41,45,59,57,75,51,45,40,6,67,74,34,27,68,13,30,13,6,24,21,16,19,13,27,15,2,18,14,20,31,21,24,21,30,35,27,24,15,30,21,16,14,8,14
"COG1543",2,0,3,1,0,0,0,9,0,15,5,0,0,0,0,0,15,17,0,0,0,0,0,0,0,1,0,4,0,0,0,0,0,0,0,0,0,0,0,0,1,0,0,4,0,0,0,0,0,0,0,0,0,17,0,0,0,0,0,0
"COG1544",5,12,12,27,13,15,11,32,16,22,20,7,25,19,23,12,31,26,24,12,14,19,33,27,31,19,15,29,29,11,22,12,23,12,14,24,10,15,8,12,30,22,22,34,14,12,14,19,12,6,12,8,18,30,10,5,12,11,29,13
"COG1545",0,0,0,0,0,0,0,0,0,0,0,0,0,0,0,0,0,0,1,0,0,0,6,0,0,0,0,0,0,0,0,0,0,0,0,0,0,0,0,0,0,0,0,0,0,0,0,0,0,0,0,0,0,1,0,0,0,0,0,0
"COG1546",24,27,35,26,36,27,26,41,23,25,16,31,25,39,26,22,24,33,45,31,25,36,50,24,33,20,39,31,19,28,41,31,33,29,14,28,31,31,15,18,29,38,30,26,30,29,27,18,20,32,22,21,32,22,19,21,37,19,27,44
"COG1550",0,0,0,0,0,0,0,0,0,0,0,1,1,0,1,0,0,0,0,0,0,0,0,1,2,0,0,0,0,0,0,0,1,0,0,0,0,0,0,0,0,0,0,0,0,1,0,0,1,0,0,0,0,0,0,0,0,0,0,0
"COG1551",0,1,1,5,3,3,1,0,0,0,5,3,1,2,5,1,2,1,1,2,1,2,1,5,3,8,0,4,1,4,5,0,3,1,0,1,1,3,0,0,7,3,2,10,2,0,3,2,4,1,1,1,2,0,0,1,3,2,0,0
"COG1553",0,0,0,1,1,7,0,1,1,0,0,1,1,0,0,1,0,1,0,0,0,0,2,15,2,0,0,0,1,0,0,2,0,2,0,3,0,0,0,2,0,0,5,0,0,0,1,0,0,0,0,1,0,0,1,0,0,0,3,0
"COG1554",5,21,24,20,36,12,3,10,47,16,24,33,22,6,20,30,17,14,47,51,33,6,14,42,18,33,29,23,9,30,13,31,33,3,36,31,11,20,19,28,14,38,47,19,16,37,30,31,17,44,19,36,29,18,15,27,60,26,22,41
"COG1555",33,26,22,37,20,35,60,48,21,34,26,27,20,16,21,21,18,28,12,32,19,30,27,11,37,13,16,28,30,27,29,26,16,39,22,35,30,28,32,27,32,25,15,34,16,26,28,20,34,24,24,11,24,17,24,22,23,18,39,20
"COG1556",2,5,1,6,9,12,8,0,3,4,5,3,5,3,5,13,8,1,3,8,2,3,10,12,3,5,6,2,1,5,5,6,7,3,11,10,6,8,5,4,1,9,3,2,4,10,6,1,13,6,1,25,5,4,7,6,2,4,3,0
"COG1558",0,5,5,10,7,2,1,11,5,2,4,2,2,5,16,0,3,6,1,5,4,5,0,8,0,7,3,8,7,4,8,2,5,0,4,2,5,7,1,2,5,2,5,7,2,0,3,4,3,2,0,4,2,4,1,1,2,14,0,2
"COG1559",43,19,32,29,31,31,40,60,34,43,23,26,37,62,13,23,39,50,60,31,42,55,61,12,22,16,29,21,19,30,36,24,31,62,27,42,29,31,39,22,32,52,25,11,32,16,15,43,22,28,36,27,32,40,28,26,32,28,46,42
"COG1560",39,26,29,30,21,49,43,31,21,24,13,27,29,33,10,36,13,18,19,18,25,20,14,55,5,30,32,15,10,15,34,36,11,33,28,39,18,24,35,34,17,28,34,15,11,23,18,18,21,31,35,27,23,18,27,25,25,12,4,24
"COG1561",46,44,57,46,31,42,34,41,38,46,47,33,33,46,40,28,40,62,43,30,27,43,18,16,26,38,43,54,40,43,50,36,49,62,47,47,38,58,34,42,50,35,38,35,32,37,42,39,30,39,51,28,42,40,39,36,49,31,11,35
"COG1562",0,0,6,0,0,0,0,0,0,0,0,0,0,4,0,0,0,0,2,0,2,0,0,0,0,0,0,0,0,0,0,0,0,0,0,0,0,0,0,0,2,0,9,0,0,0,0,1,0,0,0,0,0,0,0,0,0,0,0,0
"COG1564",2,32,15,35,20,16,14,29,25,24,24,28,12,13,19,22,23,25,23,27,21,37,20,3,29,15,26,25,25,22,11,20,23,41,26,12,27,23,16,21,13,32,11,33,31,12,34,21,31,17,27,35,34,21,31,21,17,31,6,21
"COG1565",0,0,0,0,0,0,0,0,0,0,0,0,1,0,0,0,0,0,1,0,0,0,0,0,0,0,0,0,0,0,0,0,0,0,0,0,0,2,0,0,0,0,1,0,0,0,0,0,0,0,0,0,0,0,0,0,0,0,0,0
"COG1566",57,16,29,26,59,108,63,36,50,27,12,48,27,15,4,48,53,22,6,26,21,22,14,128,7,44,48,21,10,35,9,44,8,29,15,64,23,26,61,80,25,32,41,25,22,41,32,27,34,26,48,27,27,25,68,42,31,17,12,58
"COG1567",0,0,0,2,1,0,13,4,5,7,3,4,4,5,4,1,1,2,0,0,0,3,8,0,0,7,0,4,5,4,6,0,0,0,1,0,0,1,1,2,0,7,0,0,0,2,0,5,0,0,1,1,4,0,0,0,6,0,0,1
"COG1568",0,0,4,3,15,2,17,3,7,0,0,1,0,0,1,1,1,0,0,0,0,0,0,0,0,12,9,11,1,0,1,0,2,0,24,1,0,0,6,1,0,0,13,1,1,0,12,0,0,0,0,7,14,2,7,0,8,13,3,0
"COG1569",0,0,0,0,3,0,0,0,0,2,0,0,0,0,0,2,0,0,1,2,0,2,0,0,0,1,0,1,0,0,0,2,1,0,0,0,1,3,0,1,0,0,2,0,0,0,0,1,0,0,0,0,0,0,0,0,0,0,0,0
"COG1570",34,46,50,47,31,65,69,73,46,69,70,66,49,78,68,52,53,65,50,41,58,48,49,41,46,45,63,51,49,63,72,42,51,75,44,47,62,64,43,39,55,63,67,40,52,47,37,56,39,43,65,60,62,65,62,72,35,52,53,56
"COG1573",2,14,28,10,12,18,7,17,15,25,25,15,16,23,8,16,11,22,38,16,23,12,11,3,21,17,17,11,5,20,8,19,35,5,15,26,23,19,31,22,14,22,20,17,21,21,26,19,10,26,21,14,23,22,19,12,24,18,15,27
"COG1574",1,13,6,9,12,22,10,8,12,17,14,12,17,17,7,24,13,29,38,7,10,10,13,26,44,11,12,14,16,14,8,13,4,0,4,8,1,3,3,5,7,5,4,2,7,4,2,1,6,5,9,1,3,9,1,9,3,2,27,2
"COG1575",9,3,10,7,16,13,7,8,12,11,3,14,7,4,1,4,7,3,2,5,12,7,3,11,9,6,7,3,2,7,10,22,14,26,21,28,15,19,43,33,15,31,22,4,28,17,28,18,21,22,36,20,24,20,26,32,35,14,40,24
"COG1576",28,27,41,23,27,16,42,32,28,44,28,17,30,34,16,25,35,19,30,18,14,43,49,10,37,22,22,30,32,21,40,25,31,32,22,35,34,22,52,26,23,34,29,23,25,19,25,26,12,14,26,26,21,19,31,23,26,26,47,28
"COG1577",0,0,0,0,0,0,0,0,0,0,1,0,0,0,0,0,0,0,0,0,0,0,35,1,13,0,0,0,0,1,0,0,0,1,0,0,0,0,0,0,0,26,0,0,0,0,1,0,0,0,0,0,0,0,0,0,0,0,3,0
"COG1578",1,2,0,0,0,1,0,1,1,0,2,0,0,2,1,2,0,1,3,0,1,0,2,0,7,0,1,1,6,1,0,0,1,0,0,1,0,0,1,0,4,6,1,1,1,1,0,2,1,0,1,1,1,1,0,0,1,0,0,0
"COG1579",39,12,30,20,19,8,19,24,19,19,4,25,21,12,3,15,11,6,6,27,17,23,0,0,1,15,18,11,5,12,19,5,11,50,16,35,19,13,31,10,16,22,17,9,21,13,15,21,32,19,27,19,20,6,14,22,16,10,0,23
"COG1580",0,0,0,0,1,0,0,0,0,0,0,1,0,0,0,0,0,0,0,0,0,0,3,3,0,0,0,0,0,0,0,0,0,1,0,0,0,0,0,0,0,0,1,0,0,0,0,0,0,1,0,1,0,0,0,0,0,0,1,0
"COG1582",1,0,0,5,0,0,0,2,0,0,3,1,0,0,1,0,0,1,0,1,1,0,1,1,0,1,1,2,0,1,1,0,4,0,0,0,0,1,1,1,3,0,0,1,0,1,1,0,4,0,1,1,0,0,0,0,1,3,0,0
"COG1583",0,3,1,0,0,0,0,1,2,5,3,1,2,2,1,1,0,1,2,0,7,10,0,0,2,0,1,0,1,0,8,0,5,18,4,2,0,5,14,0,3,7,1,7,1,0,0,0,0,2,0,1,2,1,0,1,0,2,0,1
"COG1584",0,1,0,0,0,5,0,1,1,0,0,0,2,0,3,4,1,4,1,0,0,1,3,13,1,0,3,1,0,0,2,1,0,2,0,0,1,0,0,3,1,0,3,0,0,0,0,0,1,0,1,0,0,4,0,0,2,0,0,2
"COG1585",6,8,8,12,5,4,3,10,7,17,23,9,10,14,24,3,20,31,26,8,7,3,18,6,15,1,13,22,25,9,12,2,10,3,6,3,9,10,1,0,14,3,14,11,13,5,13,16,4,6,8,4,8,15,3,8,3,8,6,13
"COG1586",0,2,1,9,2,8,5,5,1,4,1,1,10,6,5,4,9,4,5,3,2,1,4,20,1,1,2,2,0,2,3,1,5,6,4,5,3,4,1,2,5,6,5,3,1,3,2,3,5,1,2,4,6,2,0,1,1,3,1,3
"COG1587",1,12,10,7,3,6,9,8,7,12,20,6,12,17,35,14,13,7,9,6,11,7,25,33,15,7,17,11,17,12,16,6,9,7,18,20,17,6,10,10,5,11,10,13,13,9,3,8,8,3,11,5,7,19,7,6,7,14,10,13
"COG1589",1,3,4,3,2,9,2,12,4,21,8,3,8,7,2,3,14,25,35,9,6,3,29,16,4,1,10,3,12,0,5,0,2,2,1,4,2,6,2,3,6,8,9,1,6,2,2,7,1,6,4,1,4,31,0,3,8,0,5,6
"COG1592",25,20,23,20,14,22,16,17,20,28,19,23,15,22,18,17,26,26,24,28,24,20,17,14,15,21,27,19,23,14,60,35,87,66,49,68,50,64,70,44,64,60,52,56,50,58,44,59,61,58,78,72,63,69,51,67,52,67,20,47
"COG1593",9,53,32,38,25,35,36,23,51,30,49,40,51,64,99,79,38,57,42,55,48,37,30,229,72,31,79,52,93,42,40,59,47,25,68,31,134,67,25,75,48,60,52,59,64,33,55,56,68,63,99,21,44,33,35,43,37,118,18,27
"COG1595",380,354,365,277,576,264,287,306,404,326,277,356,379,341,221,526,334,335,235,406,340,426,90,59,163,446,356,270,209,346,298,668,334,294,410,421,302,366,349,574,292,229,243,344,313,640,392,349,576,363,414,587,448,361,554,510,491,269,117,310
"COG1596",146,53,78,71,103,77,130,78,95,42,18,102,86,51,31,78,49,29,22,73,77,82,5,34,13,110,102,44,22,65,63,108,57,115,72,86,62,46,95,169,62,41,46,48,68,104,95,56,89,68,100,107,74,47,81,88,91,29,8,86
"COG1597",83,67,76,86,65,45,63,79,60,72,65,79,61,79,62,49,56,68,89,67,74,88,80,39,100,72,74,66,73,60,66,67,57,115,36,53,54,70,88,46,71,82,54,67,69,51,57,78,60,46,73,51,63,70,69,64,62,47,129,80
"COG1598",7,3,6,4,4,4,5,5,7,9,9,0,4,1,8,2,4,5,4,7,3,3,6,9,3,19,7,2,2,1,8,2,11,1,5,7,11,1,2,1,21,8,5,18,2,0,4,11,0,2,7,4,6,9,3,3,5,4,11,3
"COG1600",4,5,11,7,16,8,0,11,9,7,5,13,12,15,3,13,2,7,4,3,7,6,23,22,6,8,10,6,3,4,10,13,7,11,4,11,5,9,5,28,7,3,12,2,5,9,13,6,14,6,2,2,6,17,4,8,14,3,1,13
"COG1604",0,0,0,0,0,0,0,0,0,0,0,0,0,0,0,0,0,0,0,0,0,0,0,0,0,0,0,0,0,0,0,0,0,0,0,1,0,0,0,0,0,2,0,2,0,0,1,0,0,0,0,0,0,0,0,0,0,0,0,0
"COG1605",9,13,17,8,8,25,6,10,12,19,15,12,13,38,3,7,13,36,48,9,13,9,12,30,15,5,13,15,16,15,9,8,13,6,11,6,24,20,7,11,18,5,26,3,16,9,11,17,6,14,8,3,7,25,5,8,13,20,19,19
"COG1606",1,5,9,7,3,3,11,3,7,5,9,4,12,6,13,3,8,1,23,9,10,4,8,7,16,3,4,6,8,3,11,5,3,4,7,9,5,8,4,3,9,11,6,3,8,2,6,3,4,4,6,7,5,10,2,6,4,8,2,3
"COG1607",0,4,2,6,0,4,1,1,2,4,7,4,5,3,7,2,3,3,1,1,2,1,16,7,4,0,3,5,7,3,4,1,9,2,2,3,5,4,1,1,7,2,3,2,5,1,3,4,2,4,6,2,8,6,2,3,1,4,3,3
"COG1609",219,247,184,274,209,270,236,192,210,187,341,180,179,185,445,176,220,286,357,296,238,182,467,635,655,376,179,231,329,250,223,225,258,191,255,215,165,200,169,255,282,330,291,366,296,234,210,275,228,193,174,175,235,219,221,188,218,218,1178,199
"COG1610",7,35,16,21,21,21,10,15,26,23,20,19,21,33,24,31,27,23,5,24,21,21,12,5,23,24,14,24,19,27,23,26,22,3,19,26,16,20,15,24,19,14,7,17,25,17,28,27,28,24,28,26,22,16,29,29,25,21,7,18
"COG1611",20,23,38,26,28,36,32,30,31,32,24,25,20,25,21,42,22,17,17,37,49,33,33,14,13,47,31,29,24,34,23,45,28,40,49,49,39,36,36,36,13,27,32,22,29,33,37,21,42,39,27,48,21,17,61,48,29,35,42,40
"COG1613",1,13,2,4,2,20,0,6,4,5,20,2,8,5,23,3,8,5,5,4,3,6,13,23,8,2,3,10,18,7,3,1,10,5,9,5,6,5,4,4,6,8,9,13,6,1,9,6,7,2,1,0,8,12,2,2,3,19,3,1
"COG1614",0,3,3,1,0,0,1,0,0,0,3,2,1,5,3,0,0,3,11,0,2,0,4,0,4,0,1,2,7,1,1,0,1,2,2,0,3,2,0,0,10,3,1,0,1,0,2,3,1,2,1,0,2,11,0,3,0,1,6,5
"COG1615",1,0,6,2,0,2,0,7,0,16,12,2,0,0,4,0,10,32,3,1,2,0,2,0,27,0,1,7,0,0,5,0,0,3,0,0,0,1,0,0,4,9,1,2,0,0,0,0,0,0,0,0,0,33,0,0,2,0,108,6
"COG1618",0,0,2,1,0,1,0,0,0,0,1,0,1,2,0,0,1,6,3,0,2,0,3,0,0,0,0,1,3,0,2,0,0,0,0,2,1,0,0,0,1,0,1,0,0,0,0,3,0,2,0,0,0,3,0,0,3,3,0,0
"COG1619",3,22,22,33,28,23,13,26,33,24,27,19,17,13,35,15,18,28,15,25,19,15,18,24,23,42,17,37,21,18,27,31,20,3,25,18,15,33,7,46,22,21,28,19,31,23,24,24,21,28,22,23,13,17,15,24,19,15,11,13
"COG1620",36,6,16,5,14,16,23,3,14,11,9,11,16,14,5,16,6,12,7,6,4,29,15,40,21,13,10,6,17,10,2,9,3,18,6,6,0,4,4,11,2,14,6,5,2,6,5,6,8,2,7,6,1,2,9,8,8,0,7,10
"COG1621",144,91,86,53,119,94,134,81,83,70,87,59,61,51,76,77,85,53,23,62,71,127,187,140,152,125,56,58,120,66,76,136,57,114,65,91,68,70,190,109,111,130,60,135,59,98,85,57,80,62,96,106,67,35,94,63,74,80,108,45
"COG1622",0,0,0,0,0,6,0,0,1,0,0,0,3,1,0,4,0,2,1,0,0,0,0,17,3,3,0,0,0,0,0,0,0,4,0,1,0,0,0,4,0,0,4,1,0,0,0,1,1,0,0,0,0,2,1,0,0,1,2,0
"COG1623",0,0,1,4,0,2,1,4,1,28,5,0,1,0,0,0,8,18,0,3,0,0,2,0,9,0,4,4,0,0,2,1,0,0,0,0,0,1,0,4,1,0,1,2,0,0,0,0,0,0,0,0,0,16,0,4,1,0,2,0
"COG1624",49,31,44,36,16,22,51,49,28,47,44,36,36,39,38,20,46,46,37,36,33,49,52,8,22,38,24,37,52,50,50,26,37,49,26,24,34,51,44,26,36,41,27,50,37,17,36,43,16,29,35,25,37,38,22,33,41,33,16,38
"COG1625",1,14,15,14,7,5,16,23,14,21,31,15,16,15,18,5,17,19,36,10,15,9,13,11,32,15,13,25,33,18,24,4,16,3,7,17,20,14,8,2,29,15,18,14,28,8,8,20,13,7,11,11,10,25,4,2,11,27,11,18
"COG1626",7,20,26,24,67,20,8,41,43,13,12,27,25,8,22,16,11,15,9,47,40,14,5,52,12,41,38,21,4,41,15,15,10,22,22,22,16,28,18,7,10,9,32,13,28,38,21,27,13,32,25,28,32,9,28,66,49,32,9,18
"COG1629",292,160,215,151,282,257,217,149,205,141,76,216,227,161,50,313,113,94,76,188,180,248,40,260,26,161,230,117,89,189,157,287,141,398,184,237,221,200,247,369,162,116,140,115,161,285,274,122,267,205,222,264,212,99,228,316,230,154,61,286
"COG1633",0,3,4,2,0,1,1,3,0,1,1,4,0,1,1,0,0,1,4,0,4,0,0,12,0,1,2,3,0,1,4,0,0,0,3,2,2,2,0,1,1,0,5,0,0,1,0,0,2,0,0,1,0,3,0,1,4,0,3,0
"COG1635",0,1,0,5,5,0,0,12,0,0,0,2,2,2,1,2,3,3,0,6,2,16,0,0,0,2,0,6,0,0,1,2,2,32,1,3,2,0,0,3,1,2,3,0,0,0,1,0,2,0,2,1,0,4,2,6,6,0,0,3
"COG1636",13,27,23,27,18,26,15,12,31,26,28,31,20,26,30,13,23,30,19,23,26,22,19,7,24,14,21,32,22,20,5,4,11,14,5,8,9,6,7,0,7,4,10,8,13,3,5,11,3,6,8,7,4,11,6,4,4,10,3,5
"COG1637",0,0,0,0,0,2,0,0,0,0,1,0,0,0,1,0,0,0,2,0,0,0,0,0,8,0,0,0,0,0,0,0,0,0,0,0,0,0,0,0,0,1,0,0,1,0,0,0,0,0,0,0,0,1,0,0,0,0,25,1
"COG1638",10,34,24,24,16,35,21,22,29,34,55,49,44,44,85,58,26,39,30,45,36,31,23,228,52,22,66,37,78,46,43,53,34,10,38,33,109,42,15,77,25,54,27,45,44,23,51,37,86,38,68,27,26,43,25,59,22,95,12,20
"COG1640",119,94,84,106,61,94,151,91,91,118,114,92,63,95,123,86,91,106,90,115,100,89,84,70,99,80,91,97,107,95,98,49,123,134,96,96,103,101,94,59,94,102,77,93,90,60,91,84,64,113,89,92,104,73,88,77,84,103,163,103
"COG1641",0,11,7,6,3,8,8,7,10,11,17,7,16,12,30,2,3,12,22,9,10,11,17,8,14,1,8,8,17,6,13,3,6,2,8,5,11,4,8,0,12,20,11,15,11,6,5,13,4,3,7,7,10,10,2,7,9,30,5,8
"COG1643",66,2,38,9,3,22,42,14,4,3,1,3,15,19,1,8,2,10,8,4,14,35,7,65,45,1,3,2,9,3,9,4,0,77,1,11,8,8,22,14,18,34,46,12,11,1,0,2,8,3,2,4,0,13,10,4,3,3,141,17
"COG1647",0,1,0,1,1,0,5,0,1,0,1,1,6,2,1,1,5,2,1,0,1,1,0,0,1,2,2,3,1,0,7,1,2,0,1,2,0,1,1,2,0,3,6,1,0,2,2,2,0,0,1,3,1,6,0,1,2,0,1,1
"COG1648",0,10,6,5,0,29,12,5,3,3,7,1,7,5,35,8,7,9,4,14,3,5,9,16,10,4,12,6,9,5,6,5,8,3,6,7,7,8,5,10,4,12,10,10,7,7,3,4,6,2,8,7,10,4,6,5,2,9,4,4
"COG1649",115,90,116,114,135,111,101,101,125,88,57,124,77,83,41,131,107,47,55,131,127,98,2,13,29,94,97,85,38,116,54,171,80,154,63,123,116,74,123,135,89,47,57,73,109,175,100,75,86,116,133,138,115,42,133,146,107,86,13,98
"COG1651",1,1,0,0,2,12,0,2,1,0,1,1,4,2,1,0,1,4,0,0,0,0,3,10,8,2,0,6,1,2,1,22,3,7,3,11,1,4,2,24,2,4,11,2,7,30,8,2,26,3,3,14,0,9,6,5,12,1,59,1
"COG1652",1,6,1,6,5,3,0,4,0,3,4,2,1,3,3,2,6,3,4,1,5,6,2,5,1,4,5,2,1,4,3,0,10,1,6,2,8,4,3,11,4,0,1,5,3,1,7,1,2,1,1,0,3,16,3,6,3,2,3,2
"COG1653",31,233,151,362,85,133,104,227,188,137,380,167,117,180,511,108,269,336,437,299,197,193,488,378,627,459,170,254,368,209,187,103,394,50,200,93,175,193,49,101,375,249,380,343,290,167,202,309,141,141,153,96,173,408,77,73,165,309,807,145
"COG1654",5,14,18,28,11,15,11,23,11,23,25,13,21,32,32,11,25,31,25,17,13,17,36,18,45,14,8,27,33,21,18,10,24,6,12,13,20,17,7,3,15,23,24,27,31,3,17,24,4,12,5,11,16,19,6,5,14,33,20,10
"COG1655",0,7,2,10,5,0,3,7,8,3,5,4,4,2,18,1,4,5,1,13,2,8,0,0,0,14,8,16,7,3,8,0,14,1,5,0,1,7,4,1,8,10,6,17,3,0,3,7,7,1,2,5,1,0,1,2,4,11,0,1
"COG1657",0,0,0,0,0,0,0,0,0,0,1,0,0,4,0,1,0,0,0,0,0,0,0,0,0,1,0,0,0,0,7,3,0,0,0,0,0,0,0,0,0,2,0,0,0,2,0,0,0,0,0,0,0,0,0,0,0,0,0,2
"COG1658",1,3,5,5,2,4,9,9,5,15,14,4,4,11,3,1,6,15,17,5,6,0,21,0,9,0,6,4,9,5,1,0,7,4,8,6,9,5,1,2,12,11,0,4,5,2,8,5,0,5,0,1,6,5,0,1,5,5,6,8
"COG1659",0,0,0,0,0,0,0,1,2,1,0,0,2,0,0,0,0,0,0,1,2,1,0,0,0,1,1,0,0,1,2,0,1,3,1,0,0,0,0,1,0,0,0,0,0,0,0,0,0,2,1,1,0,0,0,1,2,1,0,3
"COG1660",69,47,40,42,49,44,47,54,44,40,48,57,42,48,42,47,43,47,41,41,30,57,31,34,48,28,34,54,40,41,40,31,43,79,35,38,48,52,50,24,37,46,45,47,55,26,39,53,40,52,39,45,54,38,48,37,44,41,46,41
"COG1661",0,7,5,6,1,1,4,1,0,15,6,5,1,4,1,16,9,7,11,1,1,2,1,1,6,1,2,3,7,8,2,3,2,0,4,6,3,2,0,1,12,6,3,13,1,0,10,5,2,5,14,4,5,6,0,0,2,3,0,1
"COG1662",3,1,4,1,13,5,0,1,1,4,3,2,9,6,2,20,0,6,0,2,1,0,0,225,2,4,0,0,0,0,0,1,0,5,1,6,3,1,1,2,0,2,135,0,0,2,2,0,7,13,3,5,0,46,1,7,2,2,19,0
"COG1663",74,21,37,33,45,28,50,23,22,21,7,44,41,35,9,54,12,18,12,30,27,31,4,9,5,25,34,20,14,29,43,42,23,75,24,35,40,26,48,24,36,33,20,17,27,39,25,30,26,35,35,49,25,12,44,50,23,18,3,33
"COG1664",0,1,8,4,6,1,0,1,5,2,1,2,4,3,0,4,1,5,7,0,4,2,3,0,4,5,0,2,0,3,8,5,1,1,1,0,7,1,1,5,5,1,11,0,1,4,2,1,6,5,2,2,3,3,0,3,1,4,0,1
"COG1666",2,0,4,0,1,8,2,1,0,0,1,1,2,1,2,1,1,3,1,0,0,1,3,9,1,0,1,0,0,0,3,1,1,2,4,5,0,0,3,1,2,0,1,0,0,0,1,1,2,1,4,2,0,1,0,0,0,0,1,0
"COG1668",3,4,11,28,5,9,2,11,8,42,5,3,15,31,19,6,37,31,19,11,13,16,22,10,4,3,10,34,6,18,17,7,27,1,10,14,4,13,15,3,20,15,18,13,5,4,14,12,6,6,6,5,8,16,8,4,11,7,12,7
"COG1669",24,17,7,15,17,11,11,12,9,4,3,8,21,11,4,30,4,17,0,9,13,24,0,0,3,25,12,7,8,6,11,23,9,25,15,15,8,12,12,15,8,22,6,10,5,31,14,5,29,22,17,31,12,8,33,24,8,8,5,11
"COG1670",44,63,82,112,142,85,67,112,81,56,81,91,99,89,98,106,75,88,76,90,96,68,67,124,65,121,67,97,32,81,88,108,104,43,120,71,84,63,59,97,73,69,93,125,92,135,102,94,140,92,109,111,115,73,92,119,85,88,136,60
"COG1671",4,10,11,16,4,7,2,6,4,9,16,6,9,16,23,3,8,17,23,6,7,5,5,22,8,8,3,16,18,12,11,2,6,1,7,3,10,11,4,3,13,9,2,17,9,0,4,10,5,4,4,5,5,7,8,1,8,14,4,4
"COG1672",821,92,207,57,153,73,588,42,52,54,65,64,121,131,33,80,28,134,30,111,65,138,25,9,35,139,64,46,212,76,104,58,75,150,114,126,64,92,408,94,245,318,48,207,70,69,116,68,108,66,79,77,75,56,97,80,81,42,19,97
"COG1674",110,91,117,108,61,51,49,175,81,204,191,75,112,126,113,47,134,133,164,72,92,147,189,64,139,55,80,136,104,97,120,56,80,140,91,75,94,97,90,68,95,117,106,98,96,52,84,99,70,76,56,60,64,167,37,52,115,89,178,119
"COG1677",1,5,2,6,0,1,1,5,6,2,3,1,2,2,5,1,2,3,0,2,2,5,0,4,1,6,4,11,2,4,4,0,5,0,3,1,0,3,2,2,4,3,5,9,5,0,4,4,2,4,1,4,0,3,1,2,4,5,0,0
"COG1678",2,7,8,8,15,11,5,1,21,8,1,13,12,6,5,13,5,1,3,10,10,4,1,19,2,11,9,8,2,17,4,25,9,4,3,9,6,14,14,23,3,1,7,6,8,22,5,16,16,7,18,10,10,10,27,22,9,3,3,8
"COG1679",0,2,1,4,5,0,0,0,1,6,1,3,5,4,0,0,3,12,33,5,0,2,0,16,0,9,1,1,0,1,1,0,3,0,3,2,1,2,0,0,10,0,4,0,3,0,2,3,0,0,1,0,1,14,0,1,5,1,0,5
"COG1680",54,77,98,105,105,101,84,79,138,73,62,103,85,67,78,89,103,50,80,91,106,60,46,73,110,111,96,103,64,106,61,87,99,88,113,90,71,99,80,148,59,94,86,77,89,131,103,82,85,100,104,84,98,70,112,114,106,65,70,86
"COG1682",12,24,21,42,23,12,12,45,23,38,53,29,14,28,58,21,36,31,42,26,23,28,39,27,35,12,15,42,51,30,35,12,39,4,47,17,31,23,8,6,31,25,32,36,24,5,44,29,24,17,25,31,24,55,14,10,20,28,47,15
"COG1683",2,6,3,6,3,9,4,7,3,4,9,6,5,6,3,8,9,8,8,7,3,9,6,2,6,3,7,8,5,4,3,5,7,4,4,6,9,5,0,4,15,4,7,6,0,1,4,12,2,4,2,1,5,8,0,2,3,2,1,5
"COG1684",3,3,4,16,3,3,5,8,8,2,8,4,5,3,16,3,5,4,3,4,1,8,2,19,6,7,4,11,7,12,11,1,9,2,5,2,3,1,5,5,5,3,14,18,3,2,8,6,4,1,1,1,5,4,1,2,5,9,0,1
"COG1686",20,93,72,94,22,61,52,116,56,131,153,57,72,108,200,42,134,185,149,89,74,67,244,120,170,75,66,128,180,87,90,26,100,20,82,51,109,88,29,27,89,97,109,153,93,25,79,140,47,62,79,41,86,137,16,29,52,137,82,58
"COG1687",5,4,4,3,1,3,1,3,3,1,2,1,6,9,6,3,2,10,8,3,6,2,6,3,10,6,3,2,6,6,4,0,8,1,3,1,7,1,2,3,7,3,7,3,3,1,8,5,3,7,5,2,5,2,2,4,5,9,27,7
"COG1688",0,0,0,0,0,0,0,0,1,0,0,0,0,0,0,0,0,0,1,0,0,0,0,0,0,0,0,0,0,0,3,0,0,9,0,1,0,0,3,0,0,0,0,0,0,0,0,0,0,0,0,0,0,0,0,0,0,0,0,0
"COG1690",23,10,15,17,33,8,0,10,15,11,8,16,5,3,10,14,25,8,14,49,21,20,2,37,16,42,7,8,8,5,12,69,18,2,10,10,5,6,12,27,61,1,14,8,13,27,16,11,20,10,11,10,21,21,16,10,22,22,13,17
"COG1691",0,11,5,6,1,6,15,6,6,7,12,6,8,7,20,4,5,6,11,4,6,2,7,7,12,2,6,5,23,2,15,1,1,2,8,8,8,2,6,1,6,12,4,8,7,3,1,6,3,4,10,5,5,8,0,2,1,10,3,2
"COG1692",2,4,11,12,3,1,3,15,6,23,9,1,2,7,5,6,15,28,24,1,6,4,0,1,0,0,10,5,3,3,3,0,1,0,1,2,0,3,1,1,3,0,1,0,4,0,1,4,0,1,2,1,0,9,0,1,2,0,2,2
"COG1694",19,29,18,26,30,32,13,22,28,19,22,24,38,21,15,36,28,13,14,21,26,44,14,11,14,28,24,17,16,29,34,35,23,36,34,26,20,36,34,35,14,8,31,24,13,31,27,19,38,36,35,40,28,27,37,35,21,19,42,16
"COG1695",7,36,19,39,23,20,9,35,32,32,48,32,26,33,29,15,45,26,41,52,20,29,49,40,41,36,20,49,57,24,32,23,40,12,27,28,24,35,16,17,50,10,35,80,45,28,26,35,24,21,28,30,31,36,28,23,30,28,17,14
"COG1696",60,91,96,160,84,53,30,121,62,82,97,78,102,103,75,71,95,133,100,100,117,70,96,34,94,80,92,105,118,128,90,50,110,34,82,86,82,122,56,68,130,67,85,112,83,63,104,123,89,53,60,65,102,97,53,61,82,100,44,76
"COG1699",0,5,2,13,2,3,0,8,4,1,8,4,3,3,7,1,2,1,0,6,7,3,0,2,2,10,5,9,4,4,8,0,4,0,5,0,1,1,0,1,6,3,3,11,6,0,0,6,2,1,1,1,7,0,1,0,2,4,0,1
"COG1700",29,0,18,5,2,1,59,2,1,0,0,1,21,12,0,8,9,8,4,3,1,4,0,0,0,6,14,16,3,0,21,6,4,82,3,6,1,3,1,0,5,25,3,6,5,0,4,5,2,1,2,9,2,3,5,0,0,0,3,1
"COG1702",42,37,44,41,30,43,39,48,33,29,42,44,38,46,35,33,48,47,53,30,56,55,47,37,38,46,39,40,52,50,54,36,43,64,41,41,35,42,36,43,47,51,28,38,56,28,38,61,36,42,35,34,39,27,22,23,42,35,63,39
"COG1703",3,10,21,17,28,21,25,8,29,18,13,28,35,18,12,36,24,18,22,23,27,7,4,16,2,19,34,16,4,22,23,25,20,12,33,42,26,30,30,23,14,2,14,12,28,26,21,19,21,25,47,29,30,15,31,28,29,15,7,38
"COG1704",24,22,25,27,45,27,27,38,38,34,23,40,17,24,17,27,30,46,16,44,14,32,25,3,20,28,33,38,8,29,26,41,21,20,28,25,23,30,22,55,32,19,17,12,32,27,32,24,29,19,32,23,16,31,37,42,28,17,39,37
"COG1705",159,21,46,59,61,49,67,61,52,27,11,52,36,38,3,24,30,18,10,26,37,64,35,17,30,33,44,49,29,54,39,33,46,101,50,32,40,42,42,23,39,49,24,18,27,35,19,10,71,28,87,48,53,17,43,41,33,31,30,39
"COG1706",0,0,0,0,0,0,0,0,1,1,0,0,2,1,0,0,0,0,0,0,1,0,1,15,0,0,0,0,0,0,0,1,0,0,0,1,0,0,0,2,0,0,1,1,0,0,1,0,1,0,0,1,0,1,0,1,0,1,1,0
"COG1708",1,4,1,1,7,0,0,0,1,0,0,3,4,2,0,2,3,7,1,2,1,1,3,0,0,1,3,1,1,1,14,31,5,1,10,8,0,3,1,22,10,2,3,6,1,27,10,6,13,4,3,5,2,18,24,4,13,0,10,14
"COG1712",1,10,3,4,12,11,5,3,10,6,5,17,8,4,8,25,2,2,3,7,9,11,0,13,2,10,4,7,3,11,10,14,3,4,18,8,12,5,5,4,4,2,11,5,11,21,12,5,15,17,13,27,15,3,18,14,9,17,0,1
"COG1713",3,15,15,14,6,13,4,21,9,31,23,11,27,18,16,6,22,36,28,8,14,17,23,3,20,7,5,27,14,18,11,1,14,5,12,5,9,15,6,2,21,22,19,21,22,4,13,18,1,11,6,3,14,18,5,6,20,20,12,11
"COG1714",6,8,4,0,16,2,0,1,9,1,2,5,9,1,1,7,1,3,3,6,6,1,3,0,2,10,10,4,2,5,3,7,1,0,7,3,1,2,1,11,2,0,6,0,2,6,4,3,10,4,4,3,8,5,10,6,9,1,0,3
"COG1715",7,10,7,8,1,10,0,25,2,9,1,1,2,5,1,3,9,2,3,0,7,2,5,10,3,0,7,0,1,8,8,0,9,1,5,21,0,3,13,1,5,15,8,3,5,4,1,1,1,8,1,1,3,8,4,9,0,4,2,1
"COG1716",0,4,12,2,1,2,11,8,9,5,17,1,0,4,4,0,11,22,19,0,3,15,6,6,16,0,3,33,21,4,19,0,13,3,4,10,0,11,5,1,11,2,6,8,1,0,0,3,10,0,2,7,3,13,1,0,20,6,66,8
"COG1719",0,0,0,0,0,0,0,0,1,0,0,0,0,0,0,0,0,2,0,0,0,0,0,2,0,0,0,0,0,0,0,1,0,0,0,0,0,0,0,0,0,0,0,0,0,0,0,0,1,0,0,0,0,4,0,0,0,0,0,1
"COG1720",32,9,9,9,5,9,28,21,2,13,8,6,10,23,5,1,11,18,17,4,11,11,12,20,12,0,3,11,17,7,12,2,9,31,4,2,4,13,21,1,16,9,11,17,16,0,4,16,8,6,1,2,4,8,2,0,8,8,4,10
"COG1721",56,33,50,26,40,32,27,31,52,28,17,41,28,32,12,38,32,19,13,24,41,41,1,0,12,64,34,43,18,34,24,52,29,36,30,25,19,33,47,56,28,22,26,30,41,58,35,32,45,38,31,45,33,15,52,55,43,31,4,30
"COG1722",1,1,1,0,1,0,0,6,2,8,1,0,4,3,1,0,4,2,5,2,3,4,11,2,4,0,3,0,0,2,1,1,3,1,0,2,2,1,2,2,2,4,1,0,0,0,1,1,1,4,1,0,0,5,0,0,5,0,3,4
"COG1724",0,0,0,0,0,0,0,2,0,1,0,0,2,0,0,0,1,0,1,0,1,0,0,0,0,2,1,0,0,1,2,1,0,0,0,1,0,0,0,0,1,0,1,0,1,0,0,0,1,0,0,1,14,0,0,0,0,0,1,1
"COG1725",22,43,40,50,25,30,43,37,24,32,52,25,38,31,54,28,36,58,39,23,27,49,49,37,65,33,44,55,49,37,57,30,51,30,39,17,34,43,26,22,52,28,32,62,21,23,41,51,24,26,15,29,31,36,22,17,39,51,47,16
"COG1726",35,21,12,20,26,23,44,24,22,13,11,30,20,21,8,34,23,12,6,23,26,34,4,0,3,24,20,9,9,24,19,37,23,48,18,26,20,28,48,24,18,22,15,16,20,41,16,18,27,22,37,16,23,10,34,34,21,17,1,44
"COG1728",0,3,1,8,1,1,0,6,4,2,3,0,2,2,9,0,3,1,1,4,3,3,0,0,3,16,1,14,6,1,5,0,7,0,5,0,3,5,2,0,3,3,5,11,1,0,3,6,1,1,1,2,6,1,0,1,1,6,0,0
"COG1729",0,1,0,1,2,3,0,1,0,2,0,1,0,1,0,3,0,2,0,4,0,0,0,14,1,0,0,0,2,0,0,0,1,0,1,0,2,1,0,1,1,0,3,0,1,1,0,0,3,2,1,3,0,4,0,1,0,0,2,0
"COG1732",0,11,3,3,2,6,0,4,3,5,1,8,12,6,3,5,4,4,1,0,7,3,40,16,2,5,5,3,0,2,9,2,2,6,6,6,4,0,4,13,1,5,2,2,0,3,4,3,1,3,4,3,3,13,2,11,4,2,12,8
"COG1733",18,50,14,27,33,41,25,40,34,29,52,33,29,23,48,26,32,37,15,24,34,30,33,21,44,15,36,28,37,34,11,8,15,6,4,11,13,11,8,10,10,10,14,12,8,16,5,16,10,6,6,11,18,11,6,6,6,8,7,6
"COG1734",7,1,2,1,4,3,4,1,0,2,0,2,5,1,1,0,0,2,1,1,0,0,0,9,0,2,0,0,0,0,3,6,8,1,3,7,2,4,4,5,4,0,5,0,0,3,0,4,3,0,1,2,4,6,3,4,1,0,4,10
"COG1735",1,5,0,2,4,5,0,0,2,2,1,1,1,3,0,2,4,5,1,0,1,2,3,39,0,2,3,0,2,1,0,3,0,3,4,7,0,2,1,0,2,1,2,0,4,2,3,0,3,0,0,1,0,9,2,3,0,1,4,0
"COG1737",14,41,19,27,16,65,35,39,34,62,93,34,34,29,79,44,56,49,65,56,20,30,92,135,125,24,62,22,75,42,40,30,31,14,46,55,43,27,13,38,61,73,46,46,65,28,28,54,31,40,40,31,27,61,13,27,26,57,92,21
"COG1738",30,14,19,8,13,20,19,22,17,13,11,16,18,11,3,15,16,9,14,12,19,16,1,3,4,18,28,5,9,15,18,19,16,24,13,23,17,10,31,25,14,3,6,13,9,16,21,14,17,12,18,14,11,13,29,29,16,11,2,22
"COG1739",29,24,30,30,21,38,28,51,32,31,23,32,31,31,44,22,28,34,33,25,36,38,28,15,37,28,32,28,34,25,32,15,32,30,28,29,24,28,48,18,37,45,16,26,26,20,28,34,24,20,32,33,24,33,32,19,30,33,40,28
"COG1740",0,1,8,1,4,3,16,1,3,2,4,2,4,3,5,5,1,1,1,5,15,2,6,23,1,0,4,0,1,0,15,5,0,4,4,12,7,3,7,2,3,4,13,1,1,1,0,1,2,6,3,8,2,6,4,8,1,0,3,9
"COG1741",3,28,9,11,30,25,8,5,31,23,13,21,27,4,11,45,2,5,4,24,14,9,6,17,4,19,23,6,2,20,23,45,16,2,20,16,14,14,11,41,6,4,16,8,10,59,13,15,42,22,31,32,23,16,26,31,35,19,6,18
"COG1742",1,0,1,0,0,2,0,1,0,2,0,1,0,0,0,0,0,0,0,0,0,0,1,3,0,0,0,0,0,1,0,1,0,1,0,0,0,0,0,2,0,0,0,0,0,0,1,0,0,2,0,0,0,1,0,2,0,1,2,0
"COG1743",0,0,4,0,0,26,2,0,5,0,13,0,1,1,0,9,8,0,0,0,22,6,0,0,0,13,12,0,14,0,5,4,2,9,5,1,1,0,0,6,0,0,6,0,0,27,1,5,0,0,0,0,0,0,0,8,4,0,0,2
"COG1744",5,45,37,42,22,11,16,37,40,35,56,39,47,55,76,17,54,50,105,26,36,31,58,52,70,41,34,68,79,48,29,18,65,12,36,17,45,54,12,16,48,38,41,36,67,19,44,52,27,35,56,11,46,48,10,10,41,58,27,35
"COG1747",0,0,9,0,0,0,0,0,0,0,0,1,0,1,0,0,0,0,0,0,3,0,0,0,0,0,0,0,0,0,0,0,0,0,0,0,0,0,0,0,0,0,9,0,0,0,0,0,0,0,0,0,0,3,0,0,0,0,0,0
"COG1748",51,55,63,39,44,31,59,43,39,40,46,40,35,36,40,55,45,21,43,53,37,49,24,12,40,29,41,35,53,51,57,42,37,59,48,43,45,42,42,48,50,39,48,52,41,52,38,37,41,51,47,54,55,18,49,32,39,56,17,47
"COG1749",1,8,1,15,0,3,3,13,7,5,8,1,2,7,22,2,13,6,1,5,4,14,0,12,5,15,2,18,9,11,9,3,17,3,10,2,5,8,2,5,3,6,21,34,16,1,1,13,5,9,3,7,3,5,0,0,4,9,3,1
"COG1751",0,0,0,0,0,1,0,0,0,0,0,0,0,0,0,0,0,0,0,0,0,0,1,0,0,0,0,0,2,0,0,0,0,0,1,0,0,0,0,0,0,0,0,0,0,0,0,0,0,1,0,0,0,0,0,0,0,0,0,0
"COG1752",36,85,78,50,129,74,45,49,89,66,58,73,103,54,31,134,63,48,33,80,74,49,11,20,16,112,95,59,23,86,74,135,68,16,80,68,86,86,82,152,42,35,51,40,47,152,80,50,144,110,97,119,85,67,134,112,122,54,15,74
"COG1754",127,42,71,34,46,55,100,39,44,38,22,58,50,38,17,61,44,16,20,48,64,54,1,0,28,34,56,22,40,57,58,50,39,119,32,70,55,50,99,49,63,52,28,30,40,68,45,46,59,63,66,62,51,23,62,56,46,35,105,66
"COG1755",0,0,0,0,0,0,0,0,0,0,0,2,0,0,0,4,0,0,0,1,0,0,1,0,0,2,0,0,0,0,0,0,0,0,1,1,0,0,0,3,0,0,0,0,0,2,0,0,8,1,0,1,0,0,0,2,0,2,1,0
"COG1757",227,123,116,101,88,80,134,106,132,80,95,119,124,149,103,145,99,132,89,70,97,97,69,66,130,102,146,79,124,120,107,86,87,82,112,82,110,123,150,119,120,126,90,117,93,103,83,117,102,123,139,89,115,99,104,164,117,133,55,118
"COG1758",1,2,1,0,1,1,0,2,0,5,0,1,0,3,1,1,1,5,5,4,1,0,10,7,7,0,0,1,0,0,0,1,2,2,1,0,2,0,0,0,1,6,4,3,1,0,0,0,0,2,2,0,0,4,0,4,0,0,16,1
"COG1760",64,37,42,63,36,35,55,51,45,38,71,50,53,58,53,44,36,47,57,44,35,51,87,66,72,43,80,53,62,49,41,41,40,70,37,43,58,48,67,56,47,78,54,34,51,35,40,52,44,46,51,39,47,61,49,38,48,46,78,48
"COG1762",12,56,47,38,29,84,113,44,45,57,114,39,36,47,130,43,82,48,35,49,22,28,153,239,141,56,58,59,108,58,58,36,60,29,88,78,46,34,21,55,48,83,74,48,54,35,52,53,43,55,33,63,26,36,27,47,29,80,65,22
"COG1763",0,5,4,7,8,5,4,7,3,4,8,7,2,4,5,6,3,3,2,1,2,2,12,21,5,3,5,4,7,7,1,3,1,1,3,1,10,4,0,3,3,6,8,6,2,4,6,1,3,8,8,2,4,2,1,2,2,19,2,2
"COG1764",0,0,0,0,1,4,0,0,0,0,1,0,0,0,0,2,0,1,0,0,0,0,1,2,0,0,0,0,0,0,0,2,0,1,0,0,1,0,0,3,0,0,2,0,0,1,0,0,0,0,0,0,0,0,1,0,0,0,1,0
"COG1765",0,2,0,0,1,4,0,0,0,0,1,0,4,1,0,3,0,2,0,1,0,0,4,13,3,1,0,0,0,1,0,4,0,0,1,1,1,1,0,1,1,5,2,1,0,1,0,3,0,2,0,0,0,3,1,2,2,1,15,6
"COG1766",1,5,2,12,9,1,4,8,4,1,6,2,2,12,14,3,4,11,2,9,8,13,5,16,4,19,9,19,2,4,11,0,13,1,5,2,4,4,1,4,17,0,7,16,8,1,4,12,4,1,1,1,1,8,0,3,2,6,3,0
"COG1767",2,3,3,1,1,8,3,1,2,3,7,2,5,3,3,4,3,6,4,6,4,6,10,19,22,1,8,4,0,7,3,2,3,6,3,4,12,0,0,9,6,5,2,1,0,1,4,2,3,6,6,5,2,9,0,7,3,7,7,2
"COG1768",3,4,11,5,7,1,4,9,4,15,19,6,8,15,9,0,11,26,33,3,7,4,10,2,4,3,8,9,11,11,0,0,3,0,1,0,2,4,0,0,6,4,2,5,5,0,0,4,2,1,0,0,0,4,0,1,3,3,1,3
"COG1770",2,0,1,1,1,6,0,0,1,1,1,0,0,1,1,2,0,2,2,1,0,0,2,26,22,0,0,0,0,1,0,0,0,3,0,2,2,0,0,1,0,4,7,0,1,0,0,2,0,1,0,1,0,0,0,0,0,0,50,4
"COG1773",3,1,4,3,1,10,2,3,0,9,3,7,4,4,4,4,1,5,4,5,3,2,1,8,4,1,6,3,3,3,9,7,8,12,12,9,10,9,8,14,8,11,11,3,8,5,13,11,5,14,14,6,14,17,7,11,6,11,6,5
"COG1774",34,50,36,53,20,36,30,45,41,42,49,35,23,46,46,35,58,52,44,30,45,51,35,21,38,32,40,46,56,38,49,31,42,54,39,51,58,60,41,17,35,27,34,43,39,30,45,37,34,41,34,43,23,37,45,39,34,38,16,44
"COG1775",3,35,6,13,10,21,9,11,11,24,17,18,21,28,27,17,23,25,41,5,16,16,37,35,24,7,12,20,39,19,36,3,10,4,25,10,18,23,5,3,33,29,18,30,24,5,12,18,13,20,17,4,15,44,6,12,11,9,18,24
"COG1776",2,12,5,20,3,4,4,14,13,6,10,4,5,7,34,3,12,9,2,10,11,16,0,14,9,23,7,20,15,15,10,1,20,2,21,3,5,9,5,5,12,10,16,27,12,2,7,31,10,4,2,8,6,4,4,4,5,15,0,1
"COG1778",33,15,21,22,31,25,25,28,16,17,6,21,21,12,2,16,10,15,13,22,12,20,9,14,4,17,20,28,4,10,10,16,25,39,20,26,15,14,32,15,55,14,14,10,22,22,15,23,9,16,26,20,26,13,32,29,25,10,5,27
"COG1780",1,1,0,0,1,1,0,0,0,0,0,1,1,0,0,4,0,1,2,0,0,0,25,5,9,0,1,0,2,0,0,2,0,1,0,0,0,1,0,1,0,10,1,0,0,0,1,0,1,0,1,0,0,2,0,0,0,0,15,1
"COG1781",21,25,25,22,20,17,18,41,23,17,25,28,18,25,25,11,19,20,16,18,17,15,8,16,18,31,18,13,16,21,24,15,17,23,18,12,26,17,16,14,24,18,19,33,20,18,22,22,12,18,22,19,22,17,15,22,25,24,28,28
"COG1782",0,1,0,0,0,0,0,1,0,2,0,0,0,8,0,0,0,2,12,0,0,0,0,0,0,0,0,0,0,0,1,0,0,0,0,0,1,2,3,0,0,1,0,2,2,0,0,0,1,0,0,0,1,3,0,0,0,0,0,0
"COG1783",12,10,30,12,13,25,0,8,25,33,21,23,16,24,20,35,51,12,16,36,50,12,8,0,6,7,15,28,3,7,19,6,6,8,9,47,3,25,7,21,14,12,8,17,12,27,19,14,20,14,156,5,45,24,9,13,15,16,6,10
"COG1785",3,44,36,31,50,61,16,34,53,43,31,61,43,35,21,48,34,25,22,55,47,23,4,23,5,51,55,32,15,48,28,45,28,28,38,54,43,41,26,39,28,28,30,14,39,54,40,27,59,52,52,46,58,27,60,65,35,53,7,32
"COG1786",0,0,1,0,0,0,0,1,0,1,1,0,1,0,0,0,0,0,0,0,0,0,0,2,0,0,0,0,0,0,0,0,0,0,0,0,0,0,0,0,0,0,0,0,0,0,0,0,0,0,0,0,2,3,0,0,4,0,0,0
"COG1787",0,0,1,4,0,0,0,8,0,11,1,1,0,1,0,1,2,0,1,4,3,1,2,0,0,0,0,0,2,2,4,0,3,0,0,0,0,2,0,0,2,0,1,9,0,0,1,3,2,0,1,0,9,2,0,0,1,0,0,0
"COG1788",1,5,4,1,3,8,0,1,3,4,2,4,4,5,2,11,1,8,5,2,3,2,7,17,1,2,10,2,2,2,10,1,7,2,1,1,4,3,5,2,4,7,9,0,2,4,2,5,1,2,7,1,2,10,2,6,2,1,0,7
"COG1791",0,0,0,0,0,3,0,0,0,0,0,0,0,0,0,0,0,0,0,0,0,0,1,0,0,0,0,0,0,0,0,0,0,0,0,0,0,0,0,2,0,0,0,0,0,0,0,0,0,0,0,0,0,0,0,0,0,0,0,0
"COG1792",66,56,47,52,40,39,41,34,39,51,47,39,37,45,46,29,55,58,40,40,39,50,45,17,36,34,36,54,42,39,40,26,43,43,37,46,51,41,62,39,41,43,38,49,36,37,34,58,33,39,39,37,39,48,47,26,28,41,14,36
"COG1793",0,4,0,0,5,2,0,0,2,14,0,1,2,0,1,1,3,0,10,0,1,3,1,7,0,7,0,1,1,2,22,1,13,1,0,0,2,3,5,0,9,0,0,0,1,14,12,3,1,2,0,0,0,6,0,1,0,0,1,0
"COG1794",0,4,1,3,7,16,0,1,7,4,5,4,7,14,0,3,2,17,12,2,6,12,17,27,10,4,7,9,1,3,7,4,2,3,14,3,3,4,0,8,10,11,3,13,9,2,6,1,3,4,4,2,6,10,5,9,3,3,15,7
"COG1797",4,18,19,26,26,24,34,19,26,22,20,45,23,33,50,21,34,24,29,30,30,12,25,9,31,36,26,42,38,21,21,17,27,4,29,32,33,24,28,26,21,23,25,40,37,19,28,23,20,28,31,24,31,24,19,30,15,32,18,17
"COG1799",4,13,12,19,6,7,5,16,8,26,19,10,16,14,20,4,16,21,25,5,9,7,21,4,24,12,16,31,18,18,16,4,14,2,15,9,13,9,3,4,14,28,13,9,8,10,3,18,6,5,7,6,11,17,6,7,10,13,24,13
"COG1801",0,1,1,0,2,3,0,0,0,0,1,1,0,3,0,2,0,1,1,0,0,0,13,7,1,0,0,0,2,0,0,4,0,0,0,0,0,0,2,2,0,5,4,0,1,0,0,0,2,1,0,1,0,2,0,0,0,0,1,2
"COG1802",5,42,31,50,19,36,48,40,25,46,60,25,40,29,82,26,52,39,35,39,26,41,40,132,73,44,45,35,77,42,43,29,44,12,67,42,59,43,13,39,44,44,56,72,45,31,52,35,41,33,40,33,27,33,15,18,41,103,29,29
"COG1803",6,23,21,28,22,16,17,16,26,36,31,31,30,26,30,34,24,19,17,46,32,25,9,19,19,22,25,25,21,30,20,29,26,3,18,15,37,31,20,16,21,11,24,21,28,42,17,41,19,21,39,35,33,23,43,25,16,24,15,15
"COG1804",5,17,6,5,4,7,1,4,9,13,6,16,13,13,17,8,12,11,13,7,22,10,16,75,36,30,16,21,8,5,13,5,19,19,11,11,7,15,5,9,19,36,9,11,11,10,8,18,15,11,15,2,15,19,8,13,18,5,39,25
"COG1805",30,16,24,22,16,17,23,14,12,15,9,20,17,19,6,28,14,10,6,17,22,30,2,0,3,14,17,15,3,21,18,25,13,34,17,19,26,23,24,21,8,13,14,9,14,21,24,10,16,26,29,21,13,3,44,38,24,11,1,31
"COG1806",1,0,0,0,1,7,0,2,3,2,2,2,4,3,0,4,1,4,1,0,0,1,15,7,5,1,3,1,3,0,1,0,0,3,2,1,5,6,1,3,1,11,2,0,2,2,0,0,1,2,1,1,0,0,1,0,2,0,5,1
"COG1807",68,29,35,14,36,28,101,24,45,46,22,54,48,42,23,74,16,25,18,41,36,12,8,21,4,35,42,28,15,34,32,47,29,11,41,43,42,36,36,61,28,44,20,27,40,55,29,35,49,42,70,54,51,10,44,50,30,18,9,59
"COG1808",2,28,25,20,34,23,21,15,26,27,12,34,28,22,12,30,26,9,15,26,24,14,17,0,15,30,34,8,6,34,30,38,27,5,21,42,32,28,26,21,17,8,12,16,23,41,26,23,35,24,21,33,23,11,52,41,29,17,7,28
"COG1811",8,11,6,11,7,17,11,22,9,11,13,7,12,3,6,4,4,18,12,8,13,4,26,17,18,3,9,8,11,9,7,7,10,12,4,11,2,1,2,5,13,24,9,3,3,5,6,7,5,6,9,9,6,9,2,9,7,5,6,9
"COG1814",0,0,0,1,2,2,0,1,7,0,0,4,11,1,1,8,1,1,1,4,3,1,24,0,1,7,2,2,1,1,2,10,4,2,2,1,6,1,1,12,1,6,4,0,0,3,12,0,14,2,2,1,2,3,4,5,6,6,5,2
"COG1815",1,2,1,11,4,1,3,4,2,1,4,2,0,2,11,0,4,2,0,1,1,9,1,10,3,5,2,7,6,5,6,1,7,0,9,1,1,3,0,2,5,1,7,12,3,0,1,8,4,0,1,0,3,3,0,3,2,4,2,0
"COG1816",0,14,3,0,3,5,3,3,12,6,17,3,12,6,35,4,8,14,2,4,2,5,24,19,23,5,6,17,23,8,10,2,4,5,3,1,5,4,18,4,2,15,6,25,9,3,4,6,3,5,8,2,7,4,3,4,4,20,15,0
"COG1817",0,0,1,5,16,1,1,2,2,10,4,15,0,0,0,0,0,0,1,8,2,1,0,0,0,0,0,0,0,7,0,0,0,0,0,1,5,0,1,0,2,0,0,0,20,0,3,3,0,0,11,5,6,2,3,0,2,3,0,0
"COG1819",17,14,11,7,21,31,7,11,8,5,12,15,12,11,13,36,17,6,5,19,14,18,23,5,4,15,26,8,9,14,5,31,10,45,8,22,20,8,23,25,12,7,17,5,7,37,15,6,33,18,12,25,5,17,34,20,18,13,2,20
"COG1820",7,75,41,67,86,83,34,76,86,69,45,72,45,43,60,77,53,36,42,56,56,47,45,65,63,92,57,43,50,55,41,70,40,39,57,51,81,41,52,91,58,50,42,56,82,90,66,68,76,85,102,50,55,45,65,97,58,87,50,74
"COG1823",1,1,3,2,3,6,6,0,4,0,6,1,1,1,2,1,1,1,0,0,0,0,9,24,5,3,0,1,2,0,3,3,0,3,4,7,1,1,3,8,0,12,2,0,1,1,0,0,0,0,0,3,0,5,2,2,0,2,4,1
"COG1825",25,25,37,21,27,18,23,15,33,20,10,27,20,18,20,22,14,16,6,27,29,23,12,3,11,26,20,15,22,23,21,16,19,23,25,28,15,28,29,22,12,14,14,17,18,20,15,23,34,37,31,31,29,7,23,41,19,12,30,19
"COG1826",3,0,0,1,3,9,3,0,2,3,4,1,3,2,1,1,3,5,2,3,1,0,1,25,4,2,3,0,2,0,1,5,2,0,4,6,0,2,5,7,6,2,6,1,0,2,0,2,2,0,0,5,0,0,2,3,4,0,10,2
"COG1827",0,8,4,6,2,7,8,13,8,8,16,9,9,13,19,6,11,8,4,11,6,9,20,7,17,3,10,21,23,9,8,4,12,2,12,6,8,12,3,1,6,14,8,16,9,0,7,21,3,7,8,3,3,17,1,2,6,27,9,8
"COG1830",5,27,6,14,33,30,23,11,30,14,12,20,31,10,8,49,4,17,10,34,11,14,4,28,6,29,24,8,5,24,13,64,12,5,25,16,24,25,7,32,8,3,14,19,28,53,29,11,35,40,51,46,25,20,60,36,29,27,7,26
"COG1832",0,0,0,0,0,5,1,0,2,0,2,0,0,0,0,0,0,0,0,0,0,1,14,2,2,0,0,0,0,0,0,2,0,1,0,1,0,0,0,2,0,0,1,0,0,0,0,0,0,0,0,0,0,0,0,0,0,1,1,0
"COG1834",0,1,1,1,1,0,2,1,0,0,0,0,1,1,0,3,0,0,1,0,1,0,0,0,0,1,0,0,1,2,1,0,1,0,4,2,2,2,1,0,2,2,0,1,2,5,10,3,2,3,4,5,3,8,5,3,4,5,0,2
"COG1835",35,34,56,27,73,40,34,28,48,39,19,52,23,27,6,41,31,18,28,42,42,17,59,19,43,49,52,29,15,35,28,31,35,29,31,33,29,45,46,58,20,29,51,22,47,25,55,46,40,35,39,33,43,32,54,48,38,22,117,58
"COG1837",3,7,9,9,2,2,4,14,1,8,11,7,2,14,7,3,9,14,13,8,3,12,9,1,4,4,6,9,13,6,2,0,6,0,3,3,10,12,4,2,11,6,7,5,7,2,2,8,4,5,3,2,7,14,1,3,9,10,15,8
"COG1838",64,46,59,49,35,64,34,44,35,32,46,44,45,48,38,72,43,23,19,38,38,49,22,60,38,32,55,26,40,52,49,38,45,90,37,48,36,48,47,43,54,48,39,57,33,32,40,31,48,44,42,59,39,38,53,34,35,63,28,50
"COG1840",6,17,7,11,3,40,25,13,13,21,16,19,27,20,24,23,8,34,35,20,23,15,14,52,23,21,34,16,8,10,23,15,17,9,22,25,31,12,11,29,23,31,17,12,15,21,15,16,16,12,37,17,4,15,20,30,13,21,19,21
"COG1841",3,5,2,2,0,5,4,6,3,4,8,3,2,7,3,4,10,7,4,0,2,5,14,6,4,5,3,5,5,4,8,3,11,0,3,2,3,3,0,3,11,8,8,6,4,2,2,7,4,2,7,4,3,8,1,4,4,5,11,2
"COG1842",1,4,4,3,3,7,3,7,2,0,3,2,4,4,5,4,4,6,1,1,1,6,4,29,4,0,3,22,6,5,8,2,9,0,1,3,0,3,4,3,7,6,8,3,3,0,2,2,2,0,5,2,1,6,1,1,2,12,4,0
"COG1843",3,3,6,6,3,2,1,4,3,2,6,2,4,7,14,0,3,7,0,2,2,5,2,9,4,12,4,12,2,5,8,2,11,0,4,3,1,2,0,1,3,1,6,16,8,0,6,6,4,2,5,0,4,0,0,4,5,10,3,2
"COG1845",0,0,0,0,0,4,0,0,1,1,0,0,0,1,0,2,0,0,0,0,0,0,0,17,2,0,0,0,0,0,0,0,0,0,0,0,0,0,0,1,0,1,6,0,0,0,0,0,1,0,0,0,0,3,0,1,0,0,1,0
"COG1846",11,87,34,61,57,77,52,71,52,52,101,58,54,46,84,57,78,55,45,90,49,57,128,96,99,63,71,65,90,64,67,45,43,39,92,69,60,45,35,36,50,84,71,99,66,44,55,77,57,60,76,69,77,67,49,58,54,74,57,31
"COG1847",2,30,18,24,4,20,21,24,13,38,44,19,14,25,43,6,37,40,26,15,17,10,43,10,43,15,21,22,40,15,26,3,23,4,12,15,20,19,10,5,26,32,22,31,25,3,21,28,18,17,7,11,17,27,7,8,14,23,46,12
"COG1850",0,0,0,1,0,0,0,1,0,0,1,1,0,2,0,0,0,0,3,0,2,0,2,6,0,1,1,0,2,0,4,0,0,0,0,0,6,1,0,3,0,2,0,1,2,0,1,1,4,0,0,0,0,0,0,0,0,0,1,2
"COG1852",1,2,1,1,0,1,3,0,2,3,4,3,2,0,0,1,1,0,3,0,0,2,1,0,0,4,4,1,0,0,6,6,1,1,3,3,2,1,1,0,0,7,0,0,0,1,1,0,0,1,1,4,1,1,0,1,2,0,0,6
"COG1853",58,79,60,60,35,66,36,32,41,50,55,38,57,43,54,57,69,62,62,43,51,38,47,26,47,45,40,47,74,53,59,30,45,27,43,64,53,62,67,43,51,44,43,58,50,50,52,55,47,40,45,59,48,32,45,50,44,52,20,38
"COG1854",26,16,20,17,15,18,22,29,15,11,24,18,17,15,23,6,29,21,10,29,18,19,18,19,17,5,12,17,26,12,19,9,14,22,18,16,24,16,19,3,24,22,13,18,19,9,25,21,14,20,23,22,23,11,15,14,19,22,24,13
"COG1857",0,1,3,0,2,0,0,2,2,0,6,0,0,2,7,0,1,0,0,0,1,8,0,0,3,0,6,2,5,2,3,0,5,0,1,1,6,2,0,0,10,0,0,6,1,1,1,0,0,1,0,0,1,0,0,2,1,2,0,1
"COG1858",0,7,10,10,10,20,4,4,13,3,7,9,12,6,2,9,18,4,1,9,11,1,0,34,1,8,13,3,4,6,9,23,5,10,6,15,12,11,21,31,0,2,13,2,3,18,25,3,16,6,6,5,5,13,11,25,10,13,10,15
"COG1859",1,0,0,1,1,1,0,0,0,3,3,1,1,1,0,5,2,0,1,0,1,4,2,15,0,0,3,2,2,1,2,1,2,0,4,1,2,2,0,0,2,1,9,1,1,0,0,2,4,1,2,0,1,1,0,1,1,1,1,1
"COG1861",0,5,1,2,7,5,2,5,3,3,0,3,5,3,4,3,0,1,2,16,7,4,0,0,1,6,2,0,0,5,1,7,2,0,4,2,7,8,1,8,0,0,3,0,7,6,6,18,11,5,5,4,8,0,3,5,20,0,2,7
"COG1862",2,6,8,5,8,8,5,4,6,3,4,7,7,4,3,7,6,6,2,7,7,6,7,2,3,6,11,2,2,5,15,8,13,15,19,25,11,11,19,13,18,9,15,25,11,13,15,23,21,14,19,23,15,14,17,28,17,8,2,10
"COG1863",0,0,0,3,0,1,0,1,0,1,2,1,3,1,1,0,0,3,0,1,0,2,0,1,0,0,1,0,0,1,4,1,0,0,0,0,1,1,0,0,1,0,1,0,0,0,1,5,1,1,0,0,0,4,0,0,0,0,0,0
"COG1864",40,22,26,32,36,23,41,24,25,39,16,46,41,29,4,21,25,17,14,38,22,38,0,0,2,34,26,30,15,45,32,41,19,49,25,40,24,24,57,43,34,9,30,26,18,26,33,43,32,20,31,27,41,6,36,32,28,13,0,40
"COG1865",0,1,1,1,1,1,2,2,4,2,2,0,6,0,1,2,1,2,3,1,0,1,14,0,0,1,3,2,2,0,6,4,0,3,2,0,4,1,2,1,4,3,0,3,0,3,1,0,0,1,3,0,1,1,1,6,0,0,0,1
"COG1866",107,78,80,81,49,55,87,66,83,58,74,64,66,76,64,68,49,55,62,79,74,60,33,44,56,57,51,59,97,68,84,51,81,105,57,58,88,79,104,47,74,69,64,75,75,37,64,46,65,68,74,79,68,69,83,62,60,81,30,64
"COG1868",0,7,3,13,2,3,1,6,11,1,10,2,6,7,13,6,7,9,3,9,9,15,1,25,5,10,4,16,10,11,17,1,17,4,13,1,3,8,0,8,9,6,13,23,6,0,6,9,8,2,4,8,5,3,0,0,4,14,0,1
"COG1869",2,0,0,2,4,6,0,1,0,2,4,0,6,4,1,4,1,3,1,2,1,1,6,20,2,2,2,2,2,1,2,7,1,2,2,2,2,4,0,10,1,0,3,2,1,1,1,0,6,2,7,1,2,3,2,1,1,1,7,4
"COG1871",0,4,0,12,1,1,1,5,1,1,1,3,3,4,10,2,9,3,2,5,2,9,0,2,4,10,3,8,4,7,3,2,4,1,5,0,1,1,0,2,2,2,3,7,0,1,6,1,1,1,0,3,3,2,0,0,5,7,0,1
"COG1872",0,0,1,0,0,5,0,0,0,0,1,0,0,1,0,2,0,0,0,1,1,0,2,10,0,0,0,0,0,0,0,0,0,1,0,2,0,1,0,1,0,0,3,0,0,0,0,1,2,0,0,0,0,1,0,0,0,0,1,0
"COG1873",2,2,8,9,4,1,2,7,1,4,11,7,4,11,12,2,17,17,20,10,4,3,4,4,10,5,2,18,6,3,5,1,3,3,1,1,4,8,2,0,8,3,5,11,13,2,4,9,1,4,0,7,6,13,0,0,10,12,5,2
"COG1874",79,126,106,90,149,171,83,74,95,53,108,114,77,69,133,261,124,48,53,138,124,72,96,12,168,153,120,90,111,107,84,218,87,49,135,111,81,98,92,156,72,78,109,112,72,184,139,109,145,119,135,147,81,79,151,123,141,110,190,124
"COG1875",0,16,11,7,35,15,3,5,29,17,11,19,16,8,3,19,7,8,8,21,26,8,4,5,1,22,21,24,6,14,3,25,5,5,15,9,4,15,10,26,9,5,8,6,18,40,16,23,22,24,19,13,23,8,24,29,29,3,6,16
"COG1876",3,30,21,31,4,6,8,29,10,28,26,13,22,18,15,7,47,35,38,11,20,22,51,18,34,11,8,31,36,29,10,1,11,0,6,0,4,7,1,3,3,4,5,12,6,2,8,8,3,11,0,0,8,10,0,3,4,9,4,3
"COG1877",0,18,10,6,35,14,6,5,26,3,7,21,15,6,5,34,1,5,2,19,30,15,1,14,3,8,19,17,2,17,13,17,7,1,33,10,7,23,15,13,9,3,17,14,21,27,12,6,17,20,20,35,18,14,30,23,10,18,4,7
"COG1878",2,16,8,4,7,6,2,11,3,14,12,2,6,8,16,9,5,16,14,6,4,8,11,16,9,7,7,4,12,3,11,1,4,1,8,5,9,5,3,5,8,7,3,7,9,6,6,6,7,4,4,3,6,20,4,6,3,11,6,8
"COG1879",107,131,140,163,115,164,166,138,124,95,135,93,102,131,204,149,121,156,111,136,114,135,220,308,120,157,97,129,222,97,128,141,160,174,130,105,141,121,142,172,138,116,133,247,124,114,123,100,175,109,122,101,99,117,105,116,69,153,97,96
"COG1881",0,2,0,2,2,17,0,0,2,0,0,1,2,3,3,4,1,1,0,0,1,1,3,10,8,0,3,0,2,0,0,2,0,1,0,2,2,2,0,0,2,3,2,1,3,4,1,0,2,0,1,1,1,2,0,1,0,0,22,2
"COG1882",31,64,30,37,23,61,38,45,37,48,50,43,36,37,36,44,43,49,33,41,46,43,66,62,46,45,42,46,45,38,105,121,136,135,135,115,174,132,143,175,90,118,136,118,123,103,98,149,159,169,121,130,107,160,123,155,122,167,133,127
"COG1883",76,80,89,75,87,75,41,48,88,67,66,101,71,93,61,76,54,76,102,69,85,72,12,19,36,90,87,95,45,113,63,94,81,72,69,67,64,80,84,97,74,40,62,62,90,77,86,81,68,88,95,73,84,64,82,80,115,57,5,91
"COG1884",7,68,69,49,83,81,62,35,102,77,45,119,87,59,31,92,64,39,51,81,93,32,14,30,5,78,95,42,17,86,65,88,49,37,83,116,79,70,83,86,58,22,61,47,68,85,100,59,87,100,92,106,70,44,75,133,81,44,13,101
"COG1886",1,3,2,11,5,1,0,6,3,3,6,0,1,1,8,4,4,3,3,2,7,6,1,51,2,5,3,9,7,2,5,6,8,0,5,3,1,4,1,6,3,3,11,23,6,2,2,8,8,6,2,0,1,7,0,4,1,4,4,1
"COG1887",23,34,55,54,20,20,42,63,27,28,51,31,31,85,45,7,61,76,31,58,39,89,51,8,70,30,40,88,77,39,33,19,52,73,40,16,12,70,61,16,61,28,35,19,36,31,61,61,47,41,25,13,42,73,27,15,22,15,22,25
"COG1892",0,0,0,0,0,0,0,0,0,0,0,0,0,0,0,0,0,0,0,0,0,0,0,0,2,0,0,2,0,0,0,0,0,0,0,0,0,0,0,0,0,0,0,0,0,0,0,0,0,0,0,0,0,0,0,0,0,0,0,0
"COG1893",1,45,31,41,26,39,26,26,37,37,41,42,35,23,46,36,28,33,36,54,43,29,34,36,38,30,44,48,44,47,46,41,34,8,41,32,79,49,31,39,29,61,38,20,44,35,55,43,33,39,46,35,46,37,29,56,43,70,31,25
"COG1894",10,37,17,24,18,28,30,13,30,48,18,29,34,40,55,32,33,66,60,8,29,20,57,41,42,54,39,32,41,33,33,62,36,11,27,32,30,41,29,33,49,33,41,27,24,44,32,27,36,24,46,26,31,79,20,22,31,20,32,20
"COG1895",32,18,18,14,28,2,12,23,8,6,7,8,11,6,14,21,7,11,5,16,8,18,5,2,0,29,7,7,8,10,11,20,9,15,16,5,8,4,3,1,15,5,7,11,11,22,21,4,12,15,24,6,10,8,15,11,6,12,1,6
"COG1896",7,18,11,28,8,12,4,21,14,20,32,15,18,28,25,11,29,47,31,11,10,17,40,36,44,5,12,39,24,22,11,4,8,1,6,3,10,5,4,3,9,2,7,11,4,3,5,15,2,6,6,2,5,10,7,3,4,7,4,5
"COG1897",49,28,38,34,28,31,46,41,32,16,34,22,36,46,41,23,55,26,30,40,29,43,51,14,40,30,29,31,47,32,29,30,32,51,41,47,25,33,45,37,52,55,32,43,37,23,37,35,21,36,32,32,27,20,29,32,41,29,55,27
"COG1898",86,58,72,44,61,46,36,51,59,36,46,37,67,37,38,66,36,32,50,65,49,42,40,11,23,62,61,53,38,35,68,55,36,72,50,35,37,51,57,69,78,42,58,47,41,90,59,42,71,59,52,52,51,36,46,50,81,32,32,54
"COG1899",0,0,0,0,0,0,0,0,1,0,0,0,0,0,0,0,0,0,0,0,0,0,0,0,0,0,0,0,0,0,1,0,0,0,0,0,0,0,0,0,2,0,0,0,0,0,0,0,0,0,1,0,0,1,0,3,0,0,0,1
"COG1900",0,1,0,0,0,1,0,0,0,1,0,1,1,0,0,0,0,1,0,0,0,1,0,0,0,1,0,0,0,0,1,1,0,0,0,3,0,1,0,0,2,0,0,0,3,0,0,0,0,0,0,0,0,1,0,0,1,0,0,0
"COG1902",8,82,42,48,50,112,20,39,61,85,93,82,58,67,73,47,54,64,97,62,71,24,99,96,88,44,71,47,112,55,54,48,40,34,78,49,94,92,29,42,61,91,59,61,74,40,42,84,44,68,51,24,61,113,47,64,45,73,100,67
"COG1903",3,29,27,27,54,24,27,17,36,26,25,48,32,33,38,23,24,12,21,34,29,19,20,6,38,38,36,39,33,31,10,5,9,1,15,2,10,4,3,8,5,12,11,4,15,12,11,9,10,9,18,16,10,7,4,16,6,18,11,2
"COG1904",63,49,46,41,62,37,44,19,48,35,28,54,29,38,32,54,22,28,39,44,52,44,20,36,38,36,42,35,47,38,31,45,36,53,49,37,42,40,72,49,49,41,53,30,57,60,35,53,47,46,55,47,43,22,41,47,46,39,9,46
"COG1905",2,12,8,7,8,10,7,8,7,13,9,6,10,21,12,7,8,19,22,6,8,4,15,27,10,13,10,5,10,6,6,24,7,2,10,11,12,16,7,26,20,5,11,10,3,23,6,12,9,15,11,16,8,19,17,12,12,8,4,8
"COG1906",0,3,2,1,1,4,1,3,2,2,0,4,11,2,8,7,0,0,2,4,3,2,1,6,0,0,5,2,1,0,5,6,0,2,1,1,2,2,0,3,4,1,0,1,2,3,2,1,1,0,6,3,2,2,5,6,2,1,0,3
"COG1908",1,1,1,0,2,2,1,0,1,1,6,2,2,3,1,5,3,1,12,1,1,3,3,0,3,1,1,3,2,0,0,12,1,0,1,1,1,3,1,0,2,1,4,0,2,0,3,4,1,0,2,3,1,1,0,4,2,5,1,1
"COG1910",1,1,0,1,0,3,2,2,2,2,5,0,3,1,4,1,2,2,4,3,4,0,7,0,5,0,0,2,15,1,3,0,0,0,6,0,6,1,1,0,9,2,1,1,1,1,0,4,0,4,1,4,1,6,1,2,0,2,2,1
"COG1912",0,0,0,0,1,0,1,0,1,0,1,0,0,0,1,1,0,1,8,0,0,0,3,3,1,1,0,0,0,0,0,0,0,1,0,3,0,0,0,0,0,0,0,0,0,1,0,1,1,1,0,0,0,1,0,0,0,1,2,1
"COG1913",0,0,4,0,6,0,18,0,0,0,1,0,2,7,0,0,0,2,0,0,0,1,0,0,0,0,0,1,0,1,3,0,0,2,0,2,0,0,1,0,0,7,0,1,0,0,3,0,0,0,0,0,1,0,0,0,0,0,0,3
"COG1914",3,28,10,20,29,27,24,11,18,25,23,28,25,23,27,30,30,15,14,22,32,7,56,19,38,25,37,15,22,36,5,14,8,3,5,12,10,6,6,13,8,8,4,4,8,12,7,14,10,15,12,18,11,2,13,15,17,8,26,9
"COG1915",1,2,2,1,1,0,1,0,1,1,0,2,4,4,0,3,1,3,12,0,2,2,0,5,3,1,5,0,0,0,2,1,0,0,0,0,1,0,0,4,0,0,1,0,0,0,2,1,4,1,4,1,0,8,0,0,1,1,0,4
"COG1917",13,37,45,39,37,39,22,40,60,74,40,69,40,55,45,36,28,37,31,75,55,39,17,7,28,50,34,37,33,37,52,38,42,27,43,48,52,47,31,43,32,33,40,44,42,35,49,61,53,47,40,41,49,27,76,67,49,49,5,42
"COG1918",86,57,65,50,20,47,60,61,49,49,64,77,54,85,69,67,81,74,48,54,59,75,39,18,40,65,75,62,83,79,62,30,75,98,42,46,66,62,84,40,81,60,56,79,99,24,53,86,18,58,62,34,73,48,50,48,46,52,26,79
"COG1921",2,1,1,1,3,21,2,0,6,11,3,2,3,4,1,7,1,5,10,0,7,0,14,29,19,2,5,5,6,5,4,2,2,3,1,8,4,3,0,8,1,7,11,5,4,2,3,4,6,3,2,1,5,19,3,9,3,2,1,5
"COG1922",28,21,40,19,18,28,28,27,28,25,19,23,34,12,32,63,24,24,9,29,18,28,22,13,22,23,13,14,6,27,34,18,15,29,30,21,30,32,24,13,13,48,28,12,18,44,39,15,49,18,26,39,27,10,61,29,26,12,8,14
"COG1923",0,3,2,2,1,8,3,3,1,2,1,1,6,2,1,1,3,5,10,1,2,3,0,6,2,1,0,2,0,0,6,0,1,3,3,1,2,2,1,3,5,2,3,3,1,0,1,3,2,0,0,2,7,4,1,1,2,1,1,4
"COG1924",28,95,85,77,27,34,61,70,60,84,136,46,97,89,162,35,110,108,82,69,81,89,76,53,95,54,68,134,145,76,85,26,100,20,68,51,107,78,53,51,93,90,86,102,80,11,98,69,44,60,50,35,72,109,24,24,72,156,105,54
"COG1925",10,28,13,29,15,40,11,25,13,18,44,18,13,23,53,15,33,37,22,23,17,23,40,121,40,31,21,25,31,24,27,16,25,9,15,20,18,21,10,12,29,21,44,39,15,7,23,22,13,10,13,12,25,20,7,8,9,34,35,16
"COG1928",2,2,10,14,1,1,0,4,6,5,5,1,2,10,5,2,5,12,19,4,10,2,1,0,0,16,1,14,0,5,6,1,9,1,6,3,2,12,0,0,6,1,12,1,3,1,9,13,0,1,0,2,1,13,0,0,8,3,1,5
"COG1929",39,23,36,21,35,25,34,29,30,25,22,37,26,28,26,15,21,35,31,21,28,23,62,49,35,35,34,41,37,38,22,30,29,38,35,27,27,26,19,35,20,48,18,36,44,24,20,46,21,27,37,27,28,19,30,20,31,17,49,24
"COG1930",0,0,0,0,0,0,0,0,0,0,0,0,0,0,0,0,0,0,0,1,0,0,0,0,0,0,0,0,0,0,0,0,0,0,0,0,0,0,0,0,2,1,0,0,0,0,0,0,0,0,1,0,0,1,0,1,0,0,0,0
"COG1932",45,46,31,44,30,37,46,59,40,41,39,32,41,65,43,40,35,38,73,37,57,42,45,29,43,29,33,36,50,55,46,40,58,57,39,40,44,41,46,24,45,35,28,37,54,46,31,48,28,43,41,51,54,40,44,33,54,40,44,43
"COG1934",2,0,1,0,0,1,0,1,0,1,0,2,0,3,0,1,0,1,1,2,0,1,2,10,0,1,2,0,1,0,0,0,0,1,0,1,3,2,0,1,2,3,2,0,0,0,0,0,3,1,1,0,0,2,1,1,0,0,0,1
"COG1937",1,2,1,5,2,5,3,5,1,10,5,5,1,10,7,1,8,4,5,2,3,2,4,11,7,1,2,4,7,5,20,3,13,3,12,6,11,10,4,2,10,10,17,12,5,1,7,16,5,14,8,6,15,14,3,4,14,12,25,9
"COG1939",4,16,12,18,6,5,6,16,4,21,28,13,18,16,19,3,23,25,17,9,11,11,15,7,20,12,10,24,17,13,23,0,13,4,11,5,6,19,6,5,13,18,16,7,13,1,11,18,5,13,11,5,14,24,3,4,10,19,4,6
"COG1940",137,122,169,124,152,154,146,93,149,151,146,139,134,106,142,118,169,100,138,153,122,73,213,158,230,148,143,113,147,124,101,123,141,74,110,126,115,114,115,168,116,143,140,163,145,158,123,145,130,107,124,100,161,106,146,125,133,114,397,142
"COG1941",0,0,0,0,0,0,0,0,0,0,0,0,0,0,0,0,0,0,0,0,0,0,0,0,0,0,0,0,0,0,0,0,0,0,0,0,0,0,0,0,0,0,0,0,0,0,0,0,0,0,0,0,0,4,0,0,0,0,0,0
"COG1942",0,1,0,0,1,3,0,0,0,0,0,2,3,0,0,0,0,2,0,0,0,1,0,6,3,0,0,0,1,0,0,0,0,0,0,0,0,1,0,3,0,2,2,0,0,0,0,0,1,1,0,1,0,0,0,1,0,0,0,0
"COG1943",7,15,23,23,18,22,113,25,27,50,61,21,24,26,65,15,69,27,35,43,48,20,126,49,53,23,43,24,58,29,57,21,29,11,52,75,17,16,24,18,45,44,28,30,19,27,22,38,15,5,27,33,22,47,16,9,33,11,47,17
"COG1944",1,1,0,0,0,4,0,1,0,0,3,0,1,1,0,3,0,4,2,0,1,0,3,12,2,0,1,5,1,1,0,0,0,3,0,2,2,0,0,7,0,0,6,2,0,0,0,0,0,0,0,4,0,4,43,1,2,0,4,0
"COG1945",0,0,0,0,0,0,0,0,0,0,0,0,0,0,0,0,0,0,0,0,0,0,0,0,0,1,0,0,0,0,0,1,1,0,0,0,0,0,0,0,0,0,1,0,0,1,0,0,0,0,0,0,0,1,1,0,0,0,0,0
"COG1946",0,0,0,0,0,2,0,0,0,0,0,0,0,0,0,0,0,0,0,0,0,0,1,4,0,0,0,0,0,0,0,0,0,3,0,0,0,0,0,1,0,2,5,0,1,0,0,0,1,0,1,0,0,2,0,0,0,0,15,2
"COG1947",45,41,48,37,24,26,44,46,26,39,29,29,32,49,46,18,37,45,43,25,34,58,32,24,30,35,29,43,42,35,52,15,50,48,31,39,28,35,34,19,38,42,48,61,46,17,32,42,17,30,24,32,33,27,21,13,28,34,52,43
"COG1949",1,0,1,0,3,2,0,0,2,0,0,3,0,4,1,5,2,2,1,3,0,0,4,18,9,1,1,0,0,0,0,3,0,6,0,2,0,1,2,2,0,2,5,0,2,0,0,0,1,2,0,0,0,1,0,1,1,0,22,1
"COG1950",0,0,0,0,0,0,0,2,0,1,0,0,1,0,0,0,1,0,2,0,0,0,1,0,0,0,0,2,0,0,0,0,0,1,0,0,0,0,0,0,0,3,0,0,0,0,0,0,0,0,0,0,0,1,0,0,0,0,2,0
"COG1951",21,13,16,23,21,12,26,13,16,20,17,18,23,16,17,26,15,12,5,15,22,13,9,24,11,21,19,21,21,19,56,47,60,108,52,58,74,56,85,53,55,53,54,63,54,46,56,44,67,58,51,62,57,35,36,66,46,63,36,53
"COG1952",0,0,0,0,2,1,0,5,0,3,1,0,1,1,0,2,0,0,0,0,0,0,0,4,0,0,0,0,0,2,0,3,1,0,1,2,3,3,1,0,1,1,1,0,0,1,0,0,3,0,3,0,1,4,1,5,1,0,1,0
"COG1953",0,1,0,1,0,7,0,1,1,0,1,0,3,5,1,5,1,4,1,1,0,0,1,28,0,0,3,1,5,0,1,3,0,0,1,2,0,1,1,2,0,6,8,0,0,0,2,1,7,0,2,1,0,0,2,2,0,1,4,2
"COG1954",4,2,2,5,3,3,0,3,1,6,3,7,0,6,9,6,5,4,5,6,2,0,4,16,12,0,5,3,9,2,2,2,3,2,4,5,1,4,1,2,2,7,7,5,3,3,3,3,2,4,1,2,1,6,0,0,0,7,7,4
"COG1956",9,5,14,7,6,8,10,6,10,10,4,14,6,5,7,7,7,5,5,15,5,8,17,14,3,8,11,6,1,3,7,13,8,8,8,15,6,6,14,13,6,9,9,8,12,8,8,14,4,15,13,8,11,6,13,11,15,3,11,15
"COG1957",6,12,3,5,4,11,4,10,7,1,20,12,9,16,18,16,12,33,37,4,5,2,52,104,60,5,9,12,8,4,4,8,10,9,5,7,10,4,1,12,4,28,20,11,7,14,0,20,20,6,14,1,13,15,6,7,8,13,106,7
"COG1959",6,45,21,37,12,29,27,28,21,40,82,18,27,44,70,17,32,51,54,34,32,28,56,47,52,44,24,36,64,28,42,9,35,8,35,29,45,31,8,17,38,33,40,47,48,9,31,47,12,27,26,22,34,47,8,11,21,36,26,22
"COG1960",57,65,49,67,49,78,67,45,69,76,51,88,69,71,46,64,37,77,41,72,72,41,33,95,43,44,106,57,54,72,57,62,57,81,68,74,73,64,86,67,64,61,71,48,69,46,55,65,62,83,64,60,62,58,61,84,67,80,25,98
"COG1961",207,473,340,547,191,275,181,545,193,488,580,331,544,560,382,145,667,774,1087,455,434,320,281,237,485,274,355,509,495,549,553,166,616,93,362,293,578,374,199,174,587,252,408,623,471,306,410,496,337,351,184,179,454,771,182,161,395,617,152,280
"COG1963",0,2,5,5,1,2,2,6,6,16,8,2,0,5,6,3,5,15,8,2,0,5,0,2,3,10,7,7,5,1,6,0,5,0,3,1,1,4,0,5,7,1,7,1,4,1,2,5,1,4,5,0,1,6,1,1,7,3,1,4
"COG1964",0,2,0,0,0,2,0,0,0,0,8,2,2,1,6,0,1,0,1,3,3,2,14,0,2,1,1,0,7,1,1,1,0,1,2,3,0,0,0,0,2,1,2,1,1,0,0,3,0,0,1,0,1,9,1,0,1,2,5,0
"COG1965",0,0,0,0,1,1,0,0,0,0,0,1,0,0,0,0,0,2,0,0,0,0,3,5,0,1,1,0,1,0,0,0,0,0,0,1,0,1,0,2,0,1,1,0,0,0,0,0,0,0,0,0,0,1,0,0,1,0,1,1
"COG1966",59,74,79,80,59,83,84,74,67,76,75,90,61,100,120,50,59,82,42,68,57,56,15,87,82,40,70,70,94,62,68,45,89,86,77,69,86,82,70,54,89,111,68,76,87,44,62,58,47,79,56,42,59,70,61,50,55,87,110,63
"COG1968",44,49,37,58,32,30,51,59,29,63,58,33,47,49,46,18,42,44,51,46,43,40,32,26,50,39,42,41,56,42,15,13,10,16,14,17,17,11,16,4,17,16,12,17,16,5,13,19,8,11,14,8,8,17,10,13,13,21,14,17
"COG1969",0,1,4,0,2,1,7,0,2,3,2,1,6,3,5,1,0,0,1,1,11,1,4,10,0,1,3,0,0,0,5,1,3,1,7,5,1,0,9,0,2,1,9,0,0,4,0,2,4,1,2,2,1,4,4,3,1,0,1,2
"COG1970",18,22,11,22,9,12,12,38,22,22,10,12,15,10,7,9,15,24,26,23,22,23,12,3,11,11,13,16,7,15,20,13,14,22,8,8,11,12,15,15,12,13,16,9,15,10,13,25,18,15,25,14,20,27,17,18,14,9,32,23
"COG1971",9,33,23,28,31,26,8,29,19,29,32,23,19,35,40,26,30,31,41,33,33,20,13,10,20,28,21,25,43,19,32,19,23,7,11,24,24,26,23,18,35,25,21,34,30,22,25,44,29,38,24,29,28,31,32,28,31,31,23,20
"COG1972",2,3,4,2,12,36,10,0,2,4,7,2,6,2,3,10,0,8,0,8,4,1,40,43,3,2,9,0,1,1,10,5,2,7,4,12,6,2,5,21,2,2,12,2,0,5,3,1,7,8,3,5,5,5,1,6,0,3,10,5
"COG1974",26,21,21,23,12,23,44,33,13,54,44,21,24,27,42,8,47,49,65,32,23,27,30,66,44,34,24,45,34,25,28,9,39,12,27,32,28,24,12,7,22,36,36,33,28,11,22,32,20,23,15,14,18,49,4,11,20,43,70,19
"COG1975",3,22,21,11,14,14,21,11,9,21,28,19,15,11,50,12,17,27,29,8,8,10,37,62,36,6,19,20,34,16,24,6,15,2,21,26,27,20,7,10,9,27,11,30,27,16,13,27,5,15,14,10,16,31,9,10,16,32,24,17
"COG1977",1,2,0,0,0,0,0,1,0,0,0,0,1,0,0,2,0,0,0,1,1,0,0,3,1,0,0,0,0,0,0,0,0,0,0,0,0,1,2,0,0,0,2,0,2,1,0,0,0,0,0,0,0,0,0,0,0,0,2,2
"COG1979",3,53,31,32,55,65,29,19,45,58,48,72,55,44,36,73,27,17,50,69,46,29,43,48,52,49,71,35,48,35,26,59,35,23,71,45,73,46,33,47,30,31,35,41,55,69,39,50,66,70,86,75,43,51,64,70,40,68,45,32
"COG1982",16,52,27,46,25,55,36,54,35,48,66,40,49,83,87,47,51,59,61,44,27,38,91,157,87,28,41,57,98,45,38,19,49,20,56,40,61,53,19,27,51,67,76,63,59,18,33,52,28,37,38,27,51,49,16,26,26,71,68,25
"COG1983",0,10,11,3,16,12,4,6,10,12,4,3,11,5,0,4,4,3,4,16,9,3,8,2,6,9,6,1,0,10,7,13,4,2,4,6,12,6,7,10,4,4,4,2,5,13,3,12,11,12,13,6,6,9,15,4,14,1,2,12
"COG1984",0,6,2,5,5,6,4,4,0,10,5,4,2,1,0,4,3,7,15,17,1,1,10,3,2,3,1,3,8,5,1,1,2,3,3,4,6,4,0,1,5,2,7,0,2,1,3,11,0,4,2,3,1,4,1,2,5,5,20,1
"COG1985",48,38,64,21,39,43,54,26,42,35,32,40,37,52,43,28,44,26,23,46,48,35,11,23,21,24,48,51,43,40,42,36,37,43,37,47,36,40,50,46,42,55,39,38,50,30,34,35,32,41,43,30,30,26,33,42,52,37,17,37
"COG1986",1,0,0,0,1,3,0,1,0,5,4,0,0,0,1,2,1,8,0,0,0,0,0,12,0,0,0,0,0,0,3,0,0,0,0,0,0,0,0,1,0,1,6,0,0,0,0,0,0,0,0,0,0,3,1,0,0,0,0,0
"COG1987",1,2,2,6,1,0,1,8,1,2,3,0,2,1,4,3,1,3,1,3,3,4,1,6,4,6,2,7,1,4,2,1,7,1,6,3,0,0,1,2,1,1,1,9,4,1,4,5,3,0,2,2,0,2,0,2,0,2,0,0
"COG1988",0,1,1,1,4,4,1,1,1,0,4,0,4,0,2,3,4,4,1,0,2,1,5,13,10,1,0,2,1,0,3,1,1,1,2,5,3,0,0,7,2,1,5,2,2,0,1,3,2,0,2,0,0,6,1,1,1,2,5,2
"COG1989",3,4,16,6,3,4,7,13,3,5,12,5,7,8,10,5,28,19,15,3,11,12,16,21,16,8,4,21,7,14,3,3,4,1,6,6,0,4,1,2,8,2,4,14,3,0,2,8,0,1,2,1,3,5,0,1,2,3,2,3
"COG1990",0,3,2,1,2,1,0,2,0,1,4,1,1,1,0,0,2,1,0,0,0,1,0,0,3,0,0,2,2,3,0,0,0,0,0,0,5,2,1,0,2,0,0,2,1,0,3,2,0,1,0,0,3,1,0,0,0,2,0,1
"COG1992",0,1,0,0,1,0,0,0,0,0,1,0,2,2,0,0,2,1,1,0,0,0,2,0,0,0,2,0,0,0,0,0,3,0,0,0,0,0,0,0,0,0,0,0,0,0,3,1,0,1,1,0,0,0,0,2,0,1,0,0
"COG1993",0,0,0,0,0,0,0,1,0,0,0,1,2,0,0,0,1,0,0,1,1,0,1,0,0,0,1,1,0,0,1,1,0,1,1,0,0,0,0,0,1,0,0,1,0,1,1,0,0,0,1,0,0,1,0,0,0,0,0,5
"COG1994",3,9,10,7,5,7,3,15,2,29,23,7,11,17,7,6,23,36,26,2,7,5,5,0,6,2,11,7,10,10,9,0,8,1,4,5,10,11,2,2,16,6,8,4,12,2,4,16,2,4,2,2,10,35,5,10,10,2,2,6
"COG1995",31,32,36,34,19,40,22,43,23,29,16,35,34,27,12,29,35,16,13,33,20,33,8,25,9,20,30,14,14,34,18,17,22,56,27,25,43,19,51,36,24,28,23,44,30,28,35,27,17,30,26,20,21,14,27,44,25,28,6,37
"COG2000",0,3,5,1,3,0,1,3,4,13,2,1,4,7,8,0,3,13,19,0,3,9,16,8,5,2,3,4,5,7,6,1,2,0,3,4,4,5,0,0,7,1,2,4,1,7,3,4,4,3,3,0,4,15,2,4,3,5,4,3
"COG2001",13,18,12,13,19,15,12,19,15,22,25,27,14,24,17,19,16,26,27,24,17,13,23,24,27,28,11,23,14,16,33,19,19,2,21,11,14,22,4,16,27,16,23,13,18,20,24,39,20,16,25,32,20,23,22,12,21,28,19,24
"COG2002",4,12,19,16,7,5,4,20,15,40,37,9,15,26,23,5,22,40,23,10,13,15,20,10,23,6,10,28,26,15,25,3,21,3,7,9,9,15,2,1,24,9,19,15,28,5,12,18,9,7,16,3,18,40,4,3,19,27,7,6
"COG2003",98,24,42,40,35,24,40,40,51,60,50,47,44,63,55,34,41,64,49,30,35,41,25,58,29,25,33,65,40,40,59,32,50,43,52,41,44,36,58,40,57,64,30,49,40,29,33,38,53,41,48,35,49,49,32,41,45,39,11,48
"COG2005",2,4,0,5,2,6,0,2,2,2,2,2,1,3,6,1,0,5,6,2,2,1,3,22,4,1,5,0,4,0,2,0,0,0,1,2,3,1,0,0,1,3,1,0,2,0,1,0,0,0,3,1,0,0,1,1,1,0,3,1
"COG2006",0,2,2,0,2,0,10,1,4,2,1,1,3,1,2,4,6,3,10,3,7,5,6,1,4,2,4,1,3,0,7,19,7,3,15,9,9,1,10,20,13,4,22,9,7,17,17,9,7,5,9,9,6,15,14,7,17,8,3,15
"COG2008",35,30,31,28,42,41,30,21,33,36,20,41,49,33,40,39,22,25,27,48,48,13,21,31,34,27,39,26,41,20,39,43,25,17,44,27,54,34,68,44,32,43,44,41,38,34,27,29,29,34,39,50,36,27,44,43,28,53,49,39
"COG2009",1,1,0,0,0,0,4,0,2,0,0,0,0,0,0,2,0,0,0,2,0,1,1,4,0,0,1,0,0,0,4,3,0,2,6,5,1,2,3,2,0,1,2,0,0,0,1,0,0,1,0,1,0,0,0,4,1,0,1,1
"COG2010",0,0,4,0,0,6,0,0,0,0,0,2,1,1,0,0,0,0,3,0,2,0,4,0,0,0,0,0,1,0,0,0,0,0,1,1,0,3,0,0,0,0,10,0,0,0,0,0,0,0,0,0,0,1,0,0,0,0,0,0
"COG2011",4,7,11,9,7,28,10,14,10,11,15,15,19,12,19,7,8,18,39,14,17,9,56,19,27,20,20,20,14,7,7,3,18,8,11,4,22,20,8,6,11,33,25,11,11,6,14,24,8,6,8,7,9,17,3,8,15,10,44,16
"COG2013",5,3,4,22,1,6,5,30,6,8,10,1,7,16,16,7,17,7,7,6,11,11,38,6,13,0,6,25,21,8,6,2,14,1,6,2,3,13,1,1,8,10,18,8,6,3,2,20,2,8,3,0,19,19,3,0,5,8,37,5
"COG2014",0,0,0,0,0,0,0,0,0,0,0,0,0,0,0,0,0,0,3,0,0,0,0,1,0,0,0,0,0,0,0,0,0,0,0,0,0,0,0,0,0,0,0,0,0,0,0,1,0,0,0,0,0,3,0,0,1,0,0,0
"COG2015",5,7,8,4,7,3,0,8,10,4,14,11,8,10,1,1,13,7,12,11,10,4,12,31,13,4,8,6,31,7,7,9,11,6,5,8,12,7,3,12,10,4,19,7,4,5,6,3,4,6,6,3,3,12,2,12,5,12,6,4
"COG2017",134,101,138,127,146,88,142,84,131,111,112,128,129,123,115,125,113,101,85,157,118,121,87,51,109,144,112,119,102,122,89,112,114,105,153,107,125,122,134,142,106,128,114,149,129,136,164,120,123,128,116,151,132,81,152,122,141,104,98,111
"COG2020",0,0,0,0,0,0,2,0,0,0,4,0,5,2,1,0,0,2,0,0,2,1,0,0,3,0,0,0,2,1,0,0,0,0,0,1,0,0,0,0,0,3,3,0,0,0,1,0,0,0,0,1,0,0,0,0,0,0,0,1
"COG2021",0,2,2,1,0,0,0,0,0,0,1,2,6,2,0,0,1,0,3,0,0,1,0,0,0,0,3,1,0,0,2,0,9,0,0,0,0,1,0,0,0,0,4,0,2,0,1,1,0,2,0,0,0,6,1,0,0,0,0,2
"COG2022",10,23,22,15,29,24,23,13,32,21,5,16,16,14,33,17,13,4,12,21,22,24,15,13,23,17,31,20,26,26,12,19,20,4,30,21,22,21,17,18,12,25,21,20,23,16,17,27,16,27,30,19,21,6,20,23,18,28,29,25
"COG2025",48,38,56,33,22,41,44,44,32,48,38,67,56,48,28,49,54,36,38,44,59,40,13,59,27,44,56,38,27,56,46,33,49,75,32,51,62,57,67,42,47,25,58,39,35,41,28,53,26,43,42,27,40,47,31,47,44,38,15,59
"COG2026",1,0,4,2,3,9,1,1,1,1,3,0,1,3,2,2,3,3,1,3,1,2,0,3,4,1,1,2,2,1,0,5,1,2,0,2,0,1,0,6,0,0,0,2,2,0,0,3,1,0,0,1,0,6,2,3,1,1,4,1
"COG2027",6,18,7,14,23,47,5,7,18,8,9,17,21,13,15,44,22,7,6,25,21,15,6,26,13,24,24,4,6,14,8,37,18,40,33,29,23,19,25,26,10,19,20,14,14,20,24,8,34,19,32,48,17,15,34,27,17,18,59,27
"COG2030",30,14,18,22,25,20,14,21,20,17,5,25,16,16,5,27,18,14,8,14,19,18,15,13,66,17,21,7,10,24,22,21,9,31,11,14,16,6,22,17,15,39,12,11,24,17,10,18,28,22,30,23,21,6,40,25,23,12,197,35
"COG2031",0,2,1,0,2,2,0,1,8,2,2,0,4,9,4,11,0,1,2,0,2,2,0,14,0,7,7,5,4,1,2,2,1,4,3,0,0,0,1,5,1,0,3,3,2,2,4,5,2,3,4,4,3,8,4,10,2,2,2,4
"COG2032",0,1,0,1,2,2,1,1,0,1,1,1,0,0,1,4,0,1,6,0,1,0,6,25,1,2,0,0,1,1,3,2,1,1,0,0,2,2,1,1,0,0,3,0,0,0,0,2,2,1,0,0,1,1,1,1,0,1,4,1
"COG2033",16,3,7,6,2,3,8,9,1,11,9,8,13,7,9,2,3,11,5,2,4,6,4,4,5,4,4,9,16,2,11,0,5,10,3,5,7,0,13,3,15,13,2,14,3,1,5,4,1,0,6,7,3,5,0,4,6,8,1,6
"COG2035",3,8,9,21,6,19,2,16,5,27,8,9,13,12,19,4,24,16,17,13,16,11,2,10,9,9,24,20,8,12,15,8,12,7,7,17,4,8,6,3,13,7,21,13,2,3,18,14,6,7,6,2,10,26,7,4,10,15,10,16
"COG2038",2,41,24,20,34,30,36,14,27,27,26,45,29,27,47,30,21,28,41,36,30,15,27,23,33,29,33,18,32,36,33,43,24,10,45,28,56,29,29,18,30,25,35,27,43,40,35,27,31,50,43,40,39,31,33,37,23,45,24,22
"COG2039",2,0,1,1,0,10,0,3,2,4,4,2,1,6,13,0,4,5,10,4,3,0,1,0,20,0,4,2,3,3,2,0,2,2,2,1,1,3,1,4,3,5,5,3,3,4,0,4,0,2,6,0,4,5,0,0,3,2,46,0
"COG2040",0,2,0,1,2,5,0,2,3,0,1,6,4,11,4,4,2,5,3,3,3,3,26,4,2,4,0,3,0,1,0,2,0,0,2,2,0,0,2,10,0,4,0,0,1,1,2,0,0,2,1,0,0,0,2,0,4,1,1,1
"COG2041",0,0,0,0,2,5,0,0,0,1,0,0,1,0,0,0,0,2,0,0,0,1,1,10,1,0,1,0,0,1,0,3,0,1,0,0,1,0,0,2,0,0,6,0,0,0,0,0,1,0,0,2,0,1,0,0,1,1,4,0
"COG2043",0,0,0,0,0,0,0,0,0,2,0,0,0,1,2,0,1,1,1,0,2,1,0,0,1,0,0,1,1,0,0,0,1,0,0,1,0,2,0,0,0,0,1,0,1,0,0,0,0,0,1,0,0,2,0,2,0,0,0,1
"COG2045",0,1,2,0,0,2,0,0,0,1,0,1,5,2,1,1,2,1,2,0,0,0,0,5,0,0,4,0,1,0,1,1,0,0,0,2,1,0,1,7,0,0,0,0,0,0,0,0,1,0,1,0,0,5,0,3,0,0,0,0
"COG2046",1,0,0,0,0,0,0,0,0,0,0,0,0,0,0,0,2,0,0,0,0,0,0,0,0,0,2,0,0,0,0,0,0,0,1,0,0,0,0,0,0,0,0,0,1,0,0,0,0,0,0,0,0,0,0,0,0,0,0,0
"COG2048",3,2,3,2,5,4,2,3,0,1,9,3,5,6,3,4,5,5,16,1,0,3,11,0,6,2,3,4,2,5,3,1,3,0,1,3,2,7,1,0,3,1,1,3,3,0,4,5,2,1,0,1,2,15,4,4,7,3,0,4
"COG2049",0,3,0,0,0,0,0,1,0,3,4,2,1,2,0,0,2,1,5,5,0,1,7,3,2,0,0,2,2,4,5,1,3,1,3,3,3,9,0,1,2,3,7,1,3,4,1,16,1,1,3,1,3,6,2,0,5,5,15,1
"COG2050",24,18,25,18,38,37,36,28,45,21,13,31,33,26,9,33,38,25,11,24,34,22,21,42,2,23,32,12,13,26,10,54,26,23,26,34,22,19,31,50,27,24,28,16,18,40,29,39,21,24,36,43,41,16,52,39,47,16,8,38
"COG2052",2,2,6,4,1,1,3,4,5,6,11,4,4,4,5,1,5,16,11,3,5,2,3,0,5,5,2,5,10,8,5,0,6,0,4,3,5,8,0,2,5,2,3,5,3,1,3,6,4,3,0,3,0,7,1,3,3,6,2,6
"COG2055",5,6,5,1,4,23,3,5,8,3,12,4,8,8,8,16,5,12,22,4,7,3,25,57,10,5,8,5,14,4,3,7,7,4,1,17,21,2,1,8,2,3,17,3,3,5,1,10,5,8,19,3,5,21,5,9,8,11,9,4
"COG2056",0,0,0,3,1,0,0,1,3,0,0,1,0,0,0,5,0,1,2,2,0,0,0,8,0,1,0,1,0,0,1,0,0,0,1,0,1,2,0,3,1,1,0,1,0,2,1,1,0,0,0,1,0,3,0,2,0,0,0,0
"COG2057",0,4,1,2,4,11,0,4,1,10,0,4,6,6,4,10,3,5,6,1,1,0,6,16,2,1,8,5,3,4,8,2,5,1,2,1,0,1,0,4,2,7,5,1,1,2,2,7,2,1,3,1,1,8,2,7,2,0,2,3
"COG2059",87,59,57,47,55,41,117,49,57,52,39,57,79,68,41,44,39,43,49,65,54,116,11,22,50,50,40,54,67,65,59,65,52,111,55,60,94,66,87,57,74,64,38,59,43,57,67,69,67,64,59,63,58,45,57,61,67,73,14,60
"COG2060",3,35,52,19,52,39,54,16,48,22,20,53,51,38,28,55,20,22,18,60,40,36,9,40,4,45,56,19,6,50,41,52,21,5,34,54,32,34,38,54,7,7,31,29,36,58,45,32,51,59,60,59,52,30,60,75,49,25,18,45
"COG2062",0,0,0,2,0,4,0,0,0,0,0,0,0,3,0,0,0,0,1,0,0,0,0,6,8,0,0,0,1,0,2,0,0,0,1,2,0,1,1,1,0,6,1,0,0,0,0,0,3,0,0,0,0,2,0,0,0,0,29,0
"COG2063",0,0,0,0,1,0,0,0,0,0,1,0,0,1,0,1,0,0,1,0,1,0,0,7,1,1,0,0,0,0,0,0,0,1,0,1,0,0,0,1,0,0,2,0,0,0,1,0,1,0,0,0,0,1,1,0,0,0,1,0
"COG2064",1,3,0,1,0,0,0,0,2,2,0,0,0,8,0,0,0,5,5,1,1,0,0,0,0,0,0,9,3,1,3,0,3,0,2,0,1,0,0,0,2,0,3,0,1,0,3,1,0,2,0,2,0,4,0,0,0,0,0,1
"COG2065",1,2,6,3,0,3,8,1,0,10,1,1,4,2,2,3,6,4,7,2,1,3,12,0,8,1,1,6,1,1,1,1,0,1,3,6,4,4,1,0,7,13,8,0,1,1,1,5,1,5,3,4,1,3,1,2,3,1,4,4
"COG2066",1,35,15,26,32,19,12,25,41,19,7,27,22,12,10,51,5,15,18,21,31,14,2,30,5,27,33,21,3,32,22,33,32,12,25,10,34,42,22,32,11,2,30,9,20,26,32,20,26,37,44,49,27,14,32,47,26,23,6,30
"COG2067",18,5,26,11,9,36,14,9,10,7,4,17,29,11,1,10,14,10,4,9,15,7,4,10,4,12,20,16,0,8,13,3,11,24,7,18,0,8,35,13,7,4,14,6,5,13,4,6,2,11,8,7,8,10,12,11,13,2,4,11
"COG2068",2,4,5,3,2,4,4,4,4,9,10,3,8,10,19,3,1,7,11,7,3,3,20,20,13,3,8,2,33,3,10,7,1,5,8,6,8,5,3,13,6,13,4,20,8,3,4,5,6,1,5,8,4,13,2,3,2,6,2,6
"COG2069",1,0,0,1,0,1,2,1,0,2,2,0,2,1,0,1,2,8,11,2,0,0,8,0,5,0,1,3,3,1,0,0,2,0,0,0,1,1,0,0,0,2,3,1,6,0,0,3,1,0,0,0,0,5,0,1,0,5,3,4
"COG2070",9,79,38,51,44,42,40,34,57,54,69,49,68,35,103,73,54,37,37,53,54,34,68,28,66,65,68,56,60,68,56,52,48,21,63,46,75,59,37,45,33,52,57,44,61,53,50,55,58,69,55,53,40,36,48,52,42,69,22,56
"COG2071",89,41,60,49,30,51,67,47,37,14,33,28,23,27,17,64,37,35,20,25,33,48,32,21,22,15,37,13,28,29,32,29,26,116,37,36,46,49,65,23,34,38,23,24,27,36,39,7,31,34,41,30,34,26,34,36,13,29,22,47
"COG2072",0,0,0,0,0,0,0,0,0,0,0,0,1,0,0,0,0,5,0,0,0,0,2,0,0,0,0,0,0,0,0,0,0,0,0,2,0,0,1,0,0,0,0,0,0,0,0,0,0,0,0,0,0,0,0,0,0,0,0,0
"COG2073",3,22,14,17,30,25,29,13,25,22,27,26,34,9,40,33,21,18,33,23,17,13,20,11,18,24,21,25,22,29,13,16,20,3,38,28,40,18,8,7,19,23,23,14,41,17,17,12,21,38,41,36,28,15,23,27,18,31,15,15
"COG2076",3,6,5,11,8,14,10,13,4,6,2,5,14,4,9,9,10,11,4,2,10,17,4,37,3,6,9,6,3,6,9,19,5,15,5,13,3,4,15,13,15,11,7,10,4,11,6,3,15,2,1,16,8,4,15,14,9,12,4,8
"COG2077",1,4,6,3,4,7,3,7,1,2,2,2,7,4,2,6,9,1,0,4,6,4,2,3,1,7,7,3,2,4,12,17,11,7,15,15,18,4,17,28,12,4,11,10,7,27,13,14,25,13,25,37,11,5,18,14,18,9,9,8
"COG2078",33,2,0,2,0,0,1,0,0,2,1,2,1,8,1,0,0,2,5,0,0,1,0,7,6,0,1,0,11,0,4,0,0,1,0,2,3,1,42,2,4,23,0,1,0,1,0,0,0,0,0,0,0,4,1,3,0,0,18,2
"COG2079",0,7,0,0,3,2,1,1,1,4,0,1,20,7,3,7,2,2,5,1,3,1,1,18,0,0,4,1,4,0,3,1,2,5,1,3,5,2,0,0,2,3,5,2,4,7,3,3,2,4,12,3,5,8,1,4,3,1,4,5
"COG2080",5,17,9,9,12,21,14,10,16,19,34,14,24,27,47,18,14,26,35,8,19,10,55,114,42,8,31,19,69,9,17,17,16,10,13,13,17,14,9,19,11,47,23,21,20,12,11,26,28,14,27,6,16,22,8,12,10,33,25,15
"COG2081",42,39,40,52,14,33,36,56,25,65,88,32,53,59,69,21,46,66,75,44,33,38,46,43,52,16,31,52,64,34,58,8,53,15,35,21,52,37,30,2,61,56,55,49,53,3,53,57,13,43,25,22,35,74,9,9,30,63,21,36
"COG2082",2,16,15,11,13,9,15,5,15,13,17,12,14,9,12,14,8,11,11,17,22,10,9,3,11,18,13,23,15,17,13,11,9,2,18,12,13,12,10,11,15,21,18,18,22,16,22,15,21,18,15,9,10,12,5,19,9,17,4,11
"COG2084",4,19,11,5,8,14,22,6,13,20,10,8,12,13,12,16,14,6,7,6,8,3,14,84,7,6,20,4,27,8,8,10,8,7,10,23,9,8,5,15,11,8,23,26,7,10,6,15,5,10,12,9,11,18,9,7,5,10,16,12
"COG2085",0,0,0,0,0,0,0,0,0,0,0,0,1,9,0,0,1,0,1,0,0,0,0,0,1,0,1,0,0,0,4,0,0,0,0,0,4,2,1,3,0,3,0,5,1,0,0,0,0,0,1,0,0,2,0,1,0,0,0,0
"COG2086",35,42,42,31,26,26,33,30,36,27,24,42,29,36,38,40,51,26,39,36,50,39,7,31,19,33,34,45,34,29,33,23,50,42,41,41,49,55,43,29,29,31,39,43,46,15,38,48,32,45,48,32,27,31,37,36,34,41,9,38
"COG2087",4,17,16,11,17,21,19,11,22,9,24,16,20,19,28,24,21,17,31,14,22,16,6,18,7,14,21,25,16,17,15,14,21,4,17,20,26,12,12,8,8,19,23,14,16,15,15,13,26,25,17,24,16,14,14,23,10,18,6,9
"COG2088",3,21,15,25,5,4,2,18,9,10,24,11,13,10,39,3,18,27,17,18,11,16,13,19,20,11,15,21,27,17,21,5,25,1,18,6,16,21,0,2,12,10,18,37,16,2,11,22,6,10,11,6,15,17,1,4,12,20,7,7
"COG2089",13,22,8,22,43,30,6,20,29,15,20,28,13,16,23,21,12,13,4,31,34,16,2,1,2,46,29,27,9,28,14,26,30,3,27,9,24,14,4,16,6,6,13,8,19,25,28,27,15,25,18,20,26,7,18,19,36,10,9,11
"COG2091",2,9,4,11,6,8,4,10,5,9,14,6,6,7,23,6,9,9,20,11,11,4,18,33,18,2,9,18,21,9,8,2,17,3,3,6,1,7,1,7,8,7,11,18,13,3,6,12,8,7,3,7,9,9,3,2,5,11,14,0
"COG2094",0,2,0,0,0,2,1,0,0,5,0,1,1,5,2,0,0,0,5,0,2,0,2,0,9,0,4,0,1,1,2,0,1,0,0,1,1,1,0,0,3,14,0,0,1,0,0,0,1,0,0,1,1,5,0,1,1,0,5,1
"COG2095",4,37,14,22,51,47,12,25,30,34,19,52,21,16,7,58,31,11,4,49,43,20,24,29,4,36,28,13,6,29,22,50,23,18,25,36,29,25,35,47,17,6,31,20,42,72,30,33,51,44,53,49,38,14,53,54,34,20,10,30
"COG2096",3,34,15,20,20,36,15,26,18,24,12,29,26,8,16,46,17,9,13,32,18,17,12,7,6,33,25,17,12,13,17,18,16,19,21,29,27,11,18,22,9,13,21,10,21,32,18,21,32,26,23,29,22,6,34,37,14,21,6,18
"COG2099",1,32,31,25,41,17,14,12,56,19,40,41,27,26,38,31,14,25,23,50,29,23,24,3,29,34,36,30,36,33,24,15,15,2,44,18,39,19,10,20,16,19,48,34,42,31,25,29,30,42,53,35,30,20,25,47,18,35,8,11
"COG2102",0,1,4,2,0,2,2,2,0,5,1,10,1,3,0,0,0,3,2,2,0,0,0,0,1,0,6,0,0,4,8,1,3,0,1,3,0,1,0,0,7,3,0,0,0,0,0,2,0,2,0,1,1,3,1,0,2,0,0,3
"COG2103",4,4,12,1,4,4,1,1,9,3,4,12,6,3,2,2,2,1,2,4,9,0,1,6,2,12,8,6,1,10,10,16,6,6,20,9,13,16,10,30,12,15,14,3,21,16,14,17,7,14,22,14,14,8,13,22,17,9,14,19
"COG2104",0,1,0,0,2,1,0,0,0,1,0,0,0,0,0,1,0,0,1,0,0,0,1,3,1,0,0,0,1,0,0,0,0,1,0,1,0,0,0,0,0,2,2,1,0,0,1,0,1,0,0,0,0,3,0,0,0,1,3,1
"COG2105",1,0,0,0,2,9,0,0,0,1,0,0,1,0,0,0,0,1,1,0,0,1,1,15,3,0,0,0,0,0,0,1,0,1,0,0,0,0,0,2,0,0,0,0,0,0,0,0,1,0,0,0,0,0,0,0,0,0,1,0
"COG2107",0,0,1,1,0,0,0,0,0,2,0,1,4,2,0,0,0,3,2,0,0,0,0,0,0,0,5,1,0,2,5,0,0,0,1,1,0,0,1,0,0,0,4,1,1,0,0,2,0,1,0,0,0,0,1,0,0,0,0,2
"COG2108",0,1,2,1,4,0,0,3,1,2,0,1,3,0,0,1,2,0,3,0,0,1,0,0,0,1,0,1,0,1,4,0,4,0,1,0,1,0,0,0,0,0,8,0,0,1,0,1,0,1,1,0,1,2,0,1,3,0,0,2
"COG2109",3,13,6,9,12,5,17,16,4,24,18,8,11,22,17,11,12,19,14,10,5,7,14,19,10,6,12,27,16,9,17,8,9,5,15,13,12,8,6,4,20,13,14,15,15,4,11,14,3,9,13,13,8,10,2,5,5,12,7,7
"COG2110",27,37,26,32,24,14,33,25,20,17,27,18,16,32,32,15,28,31,44,10,12,28,38,17,39,16,14,44,37,18,27,12,22,6,20,14,15,29,30,11,37,23,27,43,24,3,22,29,15,23,11,23,24,19,20,8,24,18,19,18
"COG2111",0,2,1,1,0,0,0,0,1,1,1,3,4,5,2,0,2,3,4,0,0,2,0,7,2,1,4,0,3,1,3,1,5,2,2,0,0,1,0,1,0,1,6,1,0,1,2,6,0,1,1,0,1,8,0,3,0,0,0,4
"COG2113",1,7,3,9,24,17,2,2,15,14,2,20,10,6,1,23,0,3,0,13,6,5,1,8,1,12,9,5,0,12,6,16,3,1,17,4,14,4,13,25,13,2,8,2,7,9,10,4,25,6,17,23,23,6,17,19,2,4,5,3
"COG2114",0,0,0,5,0,0,0,1,0,6,0,0,0,1,2,0,0,1,17,0,0,4,1,5,0,0,0,2,0,0,0,1,0,0,2,1,0,4,0,1,0,0,4,1,0,0,5,1,1,0,0,0,0,1,0,1,2,1,0,0
"COG2115",2,23,23,18,32,35,5,2,29,23,13,20,21,11,6,26,23,27,31,25,23,10,6,24,12,19,18,13,8,13,6,22,5,14,22,28,35,13,24,12,12,5,18,11,18,21,18,13,22,31,32,38,21,9,29,40,20,16,31,24
"COG2116",5,9,4,15,11,23,3,19,11,8,16,3,13,16,11,7,12,29,10,11,9,12,28,72,28,21,13,15,19,7,11,3,21,4,8,8,12,8,7,7,19,23,24,8,1,0,12,20,11,8,7,7,14,16,7,4,4,14,16,17
"COG2119",0,1,4,3,1,0,7,0,2,1,6,1,0,1,2,0,7,3,1,1,0,2,0,0,7,2,3,7,3,2,6,0,2,0,5,5,2,5,0,0,3,1,3,1,0,0,3,2,2,1,0,2,1,3,2,0,1,0,0,0
"COG2120",3,13,11,2,10,7,0,7,19,0,7,4,8,8,3,3,10,12,13,11,7,3,0,11,2,8,6,7,0,14,3,18,3,1,2,4,6,2,2,17,10,1,6,8,2,14,6,20,16,13,3,2,5,10,11,11,13,3,2,2
"COG2121",0,2,2,0,0,0,0,0,0,0,0,1,1,1,1,3,1,1,1,0,1,0,2,4,0,1,4,1,0,0,0,0,0,1,0,0,1,0,3,7,0,0,2,0,0,1,0,0,0,1,1,2,0,0,0,0,0,2,4,0
"COG2122",0,0,0,1,0,0,0,0,2,1,1,0,1,0,0,0,0,1,0,0,0,0,0,0,0,0,1,1,0,0,1,0,0,0,0,1,0,0,0,0,1,0,1,1,0,0,0,0,0,0,0,0,1,1,0,2,0,0,0,0
"COG2127",25,2,6,2,3,10,10,9,3,1,1,2,9,2,0,3,4,3,0,1,4,8,1,4,1,1,4,2,6,4,4,0,0,21,5,4,0,0,2,5,3,4,3,3,0,1,3,0,0,4,4,2,2,2,2,2,1,0,1,8
"COG2128",1,0,0,0,0,14,0,0,1,0,0,1,2,1,1,5,0,6,0,0,0,0,19,14,1,1,0,1,0,0,0,4,1,3,0,2,1,1,0,2,0,0,7,2,0,1,0,0,0,0,1,2,0,2,0,1,0,0,5,2
"COG2129",0,5,1,7,0,2,3,9,3,8,7,4,5,11,8,3,10,9,8,3,1,6,9,1,9,4,2,13,13,5,19,0,9,2,2,9,4,12,13,0,17,3,6,2,5,1,11,7,2,8,5,1,8,14,1,0,4,11,1,3
"COG2130",1,0,0,0,2,1,0,0,0,0,0,0,0,0,0,0,0,1,0,0,1,0,1,12,1,0,0,0,0,1,0,2,0,3,0,1,0,0,0,2,0,0,1,0,0,0,0,1,0,0,0,0,0,0,0,1,1,0,2,0
"COG2131",31,29,25,36,23,21,37,28,33,25,23,37,24,23,28,29,41,27,38,29,26,30,33,6,32,25,30,20,26,34,35,33,35,43,29,25,28,45,40,23,94,24,19,25,21,25,28,37,16,26,33,30,46,35,18,33,34,26,13,31
"COG2132",1,0,12,1,4,12,0,0,1,0,1,3,3,4,1,1,0,8,3,0,2,0,8,39,15,3,0,0,0,3,0,4,0,0,1,2,1,0,1,5,0,15,20,0,0,1,0,0,4,2,0,1,1,4,0,0,0,0,8,0
"COG2133",0,0,0,0,3,5,0,0,1,7,0,0,1,1,1,1,0,1,0,0,0,0,1,17,1,2,0,0,0,0,0,3,1,1,0,0,0,0,0,5,0,0,4,0,2,2,2,0,0,0,1,0,0,0,0,3,0,0,1,1
"COG2134",0,0,0,0,2,6,0,0,0,0,0,0,0,1,0,2,0,3,0,1,0,0,1,22,1,0,0,0,0,0,0,0,0,1,0,1,0,0,0,1,0,0,2,0,0,0,0,0,0,2,0,0,0,3,0,1,0,1,1,0
"COG2135",0,4,4,1,3,3,1,2,5,0,1,2,5,0,2,5,1,5,1,3,1,4,4,12,13,4,4,2,2,5,3,7,1,0,4,2,2,2,0,18,12,8,6,0,5,1,3,4,7,1,5,1,0,5,1,2,6,5,3,3
"COG2137",2,6,1,5,6,2,2,13,8,11,5,6,13,13,1,4,8,18,35,2,9,1,15,9,16,1,12,12,2,4,7,2,10,4,5,5,1,6,0,2,7,18,7,2,6,3,2,15,2,4,2,3,5,19,2,1,8,2,8,6
"COG2140",1,9,16,3,10,2,1,6,13,2,0,6,16,0,2,2,2,1,0,18,16,0,1,0,1,17,6,0,2,4,2,8,4,1,8,5,1,2,1,2,0,5,10,1,4,8,0,11,3,9,8,2,6,2,9,7,10,0,0,3
"COG2141",2,0,0,0,2,37,0,1,1,0,1,1,2,1,1,5,0,11,1,0,0,1,28,60,5,0,0,0,2,1,0,0,0,4,0,9,3,0,0,14,0,1,19,0,0,1,0,0,2,3,1,4,0,11,1,0,1,0,9,1
"COG2142",0,0,0,0,0,0,0,0,0,0,0,0,0,0,0,1,0,1,0,1,0,0,0,11,0,0,0,0,0,0,0,0,0,0,0,0,0,0,0,3,0,0,2,0,0,0,0,0,1,0,0,0,0,0,0,0,0,1,2,0
"COG2143",0,0,0,0,0,0,0,0,0,0,0,0,0,0,0,0,0,0,0,0,0,0,0,0,0,0,0,0,0,0,0,0,0,0,0,0,0,0,0,0,0,0,0,0,0,0,0,0,0,0,0,0,0,0,0,0,0,0,0,0
"COG2145",29,17,18,18,6,10,47,8,4,23,17,8,20,26,33,11,13,14,15,18,10,11,24,20,42,5,11,11,39,15,18,9,13,3,13,12,17,12,1,5,29,32,11,18,18,5,21,14,6,18,15,11,10,15,8,3,16,36,34,10
"COG2146",0,0,0,0,2,6,0,0,0,0,1,0,1,2,0,1,0,3,0,0,0,0,0,15,1,0,0,0,0,0,0,2,0,0,0,1,0,0,0,6,0,0,3,0,0,0,0,0,0,0,0,0,0,2,0,1,0,0,1,0
"COG2148",105,135,106,119,171,77,145,161,175,136,128,129,119,77,129,154,109,92,93,153,114,129,97,72,106,207,129,141,124,118,118,174,114,83,115,105,129,106,75,171,139,101,132,149,141,188,163,217,172,118,154,156,159,95,151,146,170,109,68,129
"COG2149",0,0,0,0,0,4,0,0,0,0,0,0,0,0,1,2,0,2,0,0,0,0,0,11,1,1,0,0,0,0,0,0,0,0,0,0,0,0,0,2,0,0,0,0,1,0,0,0,0,0,0,0,0,0,1,1,0,0,0,0
"COG2151",28,14,16,8,12,19,11,9,9,9,4,12,13,13,3,14,5,6,9,8,9,9,19,7,19,7,11,7,4,12,7,11,4,21,3,13,5,5,16,14,8,27,8,6,5,13,5,8,8,13,14,10,9,3,10,13,9,8,26,7
"COG2152",38,40,63,56,97,52,47,40,73,35,57,58,63,29,70,119,33,21,46,54,59,69,10,17,25,106,59,46,28,78,41,140,50,46,61,42,58,88,74,99,47,19,63,29,58,121,77,38,112,77,79,92,47,27,129,86,79,42,12,50
"COG2153",2,2,1,0,0,2,0,4,0,3,0,3,5,4,2,6,2,4,4,0,2,0,6,13,9,0,5,3,0,1,4,1,1,2,1,4,2,1,3,2,1,3,4,0,1,0,0,1,1,3,1,0,2,3,2,2,1,2,8,1
"COG2155",0,1,4,7,2,2,1,9,1,6,2,4,4,4,3,0,4,9,4,3,3,3,7,2,3,0,5,6,5,4,3,0,3,0,2,0,3,1,0,1,2,0,0,6,1,0,6,5,0,2,2,2,5,11,1,0,1,7,2,3
"COG2156",0,13,26,10,18,13,23,4,22,14,9,14,21,12,17,15,13,2,10,17,13,10,5,9,1,9,27,3,2,14,11,24,6,5,10,15,14,6,5,16,7,2,7,10,7,19,8,10,16,12,20,11,11,11,17,20,15,5,4,9
"COG2158",0,1,1,5,0,0,2,1,1,1,5,1,1,0,3,1,2,5,6,3,2,0,4,0,2,1,1,1,1,0,5,0,2,0,1,0,1,6,0,0,6,0,0,3,1,0,1,5,1,0,0,2,2,10,1,0,2,1,5,0
"COG2159",5,15,24,11,6,18,2,10,9,16,11,11,16,14,13,8,7,25,35,11,12,19,8,22,9,7,14,6,17,11,10,10,16,3,23,12,18,20,9,6,10,18,9,6,8,7,11,18,8,10,20,8,14,7,6,11,11,15,6,12
"COG2160",51,36,56,33,38,37,50,21,55,27,31,47,42,44,47,43,23,23,45,50,49,24,40,25,35,75,39,21,45,45,40,47,36,12,50,47,41,28,52,55,48,52,31,28,55,52,39,55,22,56,53,43,34,28,53,59,51,24,70,47
"COG2161",1,1,1,2,7,7,0,0,0,0,1,1,2,0,4,5,2,3,0,2,2,2,8,17,0,1,2,2,1,1,1,3,1,0,0,1,0,1,3,0,4,0,4,1,1,0,3,2,0,1,4,0,0,5,1,1,5,0,23,3
"COG2162",2,0,0,0,2,4,0,2,1,1,1,3,6,0,0,2,1,0,1,0,1,0,0,15,1,2,3,3,0,1,1,0,1,2,0,0,0,0,0,1,6,2,5,0,1,1,0,1,0,2,1,0,0,3,1,0,1,3,2,3
"COG2163",0,0,0,1,0,0,0,0,0,0,0,1,2,2,0,0,1,3,0,0,0,0,1,0,0,0,0,1,0,0,2,0,1,0,1,0,0,1,0,0,1,0,2,0,0,0,1,1,0,0,0,0,0,3,0,0,0,1,0,0
"COG2165",2,0,0,4,3,9,0,1,4,4,2,2,6,0,1,6,0,2,1,0,1,1,23,32,0,2,12,1,0,0,4,4,0,5,2,3,2,0,0,8,3,0,9,0,0,3,0,1,2,0,2,2,1,4,0,3,1,4,2,2
"COG2166",7,6,5,6,4,11,7,1,6,2,2,9,7,4,1,12,2,4,0,6,7,2,1,4,0,10,3,3,0,6,14,20,11,27,13,20,18,15,27,18,8,8,11,10,10,25,10,16,27,23,19,24,22,13,24,18,24,9,6,15
"COG2168",0,0,0,0,0,2,0,1,1,0,0,0,0,0,1,0,0,0,0,0,0,0,1,13,1,0,0,0,1,0,0,0,0,2,0,0,0,0,0,3,0,0,2,0,0,0,0,0,0,1,0,3,0,3,0,0,0,0,3,0
"COG2169",1,7,1,7,10,13,0,4,7,6,1,10,13,7,5,16,0,8,4,8,0,0,2,12,2,3,6,1,0,4,6,25,4,2,0,8,12,4,2,22,6,3,4,0,4,10,13,0,7,5,2,8,2,8,10,10,5,2,0,10
"COG2170",0,1,0,1,0,7,0,0,0,0,0,1,1,0,0,0,0,4,0,1,0,0,0,6,1,0,0,0,0,0,0,0,0,0,0,4,0,0,0,2,0,0,2,0,0,1,0,0,0,0,0,0,0,0,0,1,0,2,1,1
"COG2171",0,0,1,3,4,3,0,3,4,2,4,2,4,6,0,9,1,5,10,2,1,2,25,19,17,1,4,0,2,3,4,0,1,1,1,1,2,6,2,3,3,12,7,3,3,0,1,2,0,4,1,2,0,5,4,8,1,0,32,5
"COG2172",2,13,16,16,6,6,3,15,8,16,28,17,20,17,18,9,15,29,27,13,9,6,16,3,22,23,8,9,22,7,12,13,23,5,12,6,13,16,3,12,27,11,15,10,9,13,14,20,6,12,11,7,10,33,12,8,7,15,10,14
"COG2173",2,27,16,5,23,12,5,5,18,8,7,13,25,5,8,26,3,14,13,18,22,17,5,4,3,21,17,13,1,20,9,21,13,4,18,12,22,12,4,19,9,1,12,2,3,27,18,9,44,26,16,26,19,8,19,24,25,10,4,14
"COG2175",1,0,1,0,0,6,0,0,1,0,1,0,0,0,0,1,0,2,0,0,0,0,2,10,0,1,0,0,0,1,0,0,0,1,0,4,0,0,1,0,0,0,1,0,1,1,0,0,0,0,1,0,0,2,1,0,0,0,2,0
"COG2176",16,83,66,114,23,46,58,89,58,138,148,61,63,112,137,23,128,178,210,55,72,79,187,31,138,80,57,153,134,108,97,17,115,42,67,60,67,85,18,36,98,140,100,99,82,77,46,98,43,67,43,40,84,140,16,18,78,105,107,51
"COG2177",45,44,45,49,40,36,48,37,25,49,49,45,50,49,30,27,40,43,42,33,44,34,35,38,35,49,44,57,50,35,48,27,45,48,44,43,17,61,48,18,46,33,37,48,39,37,36,48,27,49,37,30,31,51,30,35,46,42,41,48
"COG2179",1,10,6,13,2,4,1,12,10,17,19,3,6,16,12,4,24,4,11,7,15,18,23,7,18,12,3,20,18,11,13,7,12,1,7,2,17,8,1,1,23,18,11,14,12,3,10,18,5,5,9,3,6,14,3,6,13,17,15,7
"COG2180",0,0,0,0,2,5,0,2,2,3,1,1,0,1,1,0,0,5,1,0,0,0,0,15,2,1,0,0,0,0,1,1,0,1,1,3,2,0,0,1,3,0,3,1,2,0,1,1,1,4,1,3,0,2,0,2,0,1,1,0
"COG2181",0,2,0,1,0,5,0,3,0,1,3,3,1,0,0,0,0,2,3,0,1,2,1,17,2,0,0,0,0,0,2,3,0,3,0,1,1,1,1,3,2,1,2,0,1,0,0,4,0,0,0,1,3,5,2,3,2,0,1,1
"COG2182",6,28,18,53,12,16,10,28,42,12,34,18,20,12,81,9,27,15,23,21,24,45,42,20,70,61,24,35,63,33,25,1,51,2,22,7,6,20,22,6,50,31,37,55,59,3,16,20,10,11,13,10,20,16,7,3,11,30,70,10
"COG2183",83,88,93,96,64,73,105,88,74,104,77,67,76,61,90,62,97,87,74,73,66,76,77,65,49,54,97,74,97,69,67,49,78,54,80,84,69,84,87,58,77,66,78,45,82,39,70,65,59,49,70,80,74,93,66,66,63,66,30,95
"COG2184",43,9,12,27,7,18,76,41,11,25,23,15,18,27,16,10,17,33,49,15,13,20,12,14,30,25,21,22,14,11,17,9,41,51,14,19,22,6,25,16,26,20,31,30,21,14,30,22,23,13,4,7,13,20,14,10,5,23,31,13
"COG2185",12,64,70,40,72,64,55,23,88,43,29,88,80,59,16,61,66,38,43,67,79,27,13,22,6,78,88,35,20,84,45,55,54,32,39,120,78,59,72,76,41,19,50,41,66,64,80,57,67,82,75,103,71,38,69,91,67,31,9,76
"COG2186",10,24,26,22,33,56,27,17,19,33,29,21,26,40,22,41,27,39,28,34,29,19,38,175,35,23,27,29,26,30,48,49,17,21,40,51,33,31,16,38,37,13,47,42,26,18,12,37,45,28,26,27,29,41,27,25,36,39,36,18
"COG2188",6,24,21,16,19,59,57,19,14,38,58,24,27,30,41,47,27,49,43,25,27,14,72,120,98,69,24,21,47,24,39,40,20,17,38,68,62,20,29,50,33,64,51,15,25,52,27,45,45,22,34,42,15,26,32,44,23,35,83,19
"COG2189",75,43,90,16,25,24,125,22,40,25,25,25,42,43,25,24,28,56,27,34,38,43,6,0,18,14,5,65,53,11,28,4,44,59,25,35,35,41,36,47,34,65,33,18,33,18,34,21,41,38,16,22,40,33,35,23,34,9,8,31
"COG2190",7,57,21,27,14,35,21,22,25,25,70,22,18,14,72,24,59,18,13,28,11,9,261,132,168,38,21,24,128,31,40,19,32,20,30,27,41,30,6,17,27,122,44,57,33,19,21,35,25,30,19,19,32,36,19,9,15,39,144,9
"COG2191",0,1,0,0,0,0,0,0,2,1,0,4,5,2,2,1,2,2,10,0,0,0,0,1,0,0,2,1,0,1,1,0,0,0,0,0,0,3,0,2,3,0,0,0,1,1,1,7,0,0,0,0,1,3,1,0,0,0,0,0
"COG2192",3,0,1,12,1,0,0,10,1,4,4,0,6,1,0,0,2,3,7,4,0,3,0,1,0,1,1,6,0,0,0,0,2,0,2,1,2,0,0,0,2,0,0,2,20,0,1,1,0,0,0,0,1,4,0,3,0,0,0,0
"COG2193",2,6,3,2,8,6,2,0,12,8,3,4,4,2,4,15,0,2,2,6,9,10,2,19,2,7,6,3,1,9,13,6,4,0,12,6,8,4,5,3,3,1,7,7,1,5,0,5,7,10,5,19,8,4,9,15,4,8,4,2
"COG2194",103,26,49,32,73,47,124,21,38,50,17,55,55,67,16,67,20,40,27,51,40,56,15,161,7,41,31,29,30,39,45,69,33,131,41,59,54,38,69,61,46,44,43,26,27,56,21,21,74,39,68,85,52,33,68,70,53,23,22,62
"COG2195",196,135,168,126,135,115,136,119,125,134,105,145,156,114,130,123,103,133,110,116,125,168,88,103,111,117,166,121,108,119,130,123,99,235,128,118,133,147,169,130,154,146,115,102,133,114,115,115,148,140,114,121,142,82,150,150,125,152,43,156
"COG2197",117,146,95,92,391,164,128,65,244,131,104,167,171,90,110,285,143,111,77,151,178,148,76,122,107,319,155,106,57,209,105,369,124,111,214,264,121,162,179,395,144,82,172,145,108,518,303,178,390,188,155,268,188,93,275,268,259,114,245,199
"COG2198",8,1,3,3,10,43,1,3,6,1,2,0,9,3,0,12,1,13,2,1,1,0,14,144,6,3,3,2,1,5,0,13,1,12,6,23,8,4,0,14,1,2,36,3,1,2,0,1,12,2,4,0,1,30,2,7,4,2,18,6
"COG2199",36,132,64,201,80,165,31,181,93,100,205,74,105,124,322,107,186,149,174,132,122,221,147,486,182,198,97,242,233,161,139,71,250,36,140,73,54,143,31,119,179,126,278,410,145,46,106,158,117,75,74,75,121,129,38,69,76,199,160,54
"COG2200",23,59,20,71,46,110,16,71,35,39,63,31,37,98,128,52,80,78,80,29,47,64,64,388,87,56,36,148,84,70,79,39,97,35,67,51,30,67,15,95,62,64,134,146,66,19,62,60,65,36,29,47,42,62,16,33,36,77,127,17
"COG2201",1,7,8,18,4,2,2,12,8,1,2,4,6,3,16,2,13,11,1,5,8,7,1,16,6,20,6,25,7,6,6,1,14,3,10,2,2,14,3,6,5,6,9,15,4,1,8,13,5,2,2,4,9,4,0,3,4,10,0,1
"COG2202",7,27,2,16,46,47,3,6,34,12,12,28,22,18,15,47,7,14,7,22,18,4,12,219,10,35,15,9,8,11,0,18,5,1,10,4,5,7,2,24,5,0,12,3,4,9,35,3,18,6,6,9,9,18,12,9,13,10,10,11
"COG2203",3,0,3,9,2,10,1,8,0,0,1,0,2,0,3,1,8,11,1,0,1,0,4,18,1,1,1,10,3,0,7,4,5,0,1,2,0,2,0,4,0,0,2,3,3,0,5,1,2,1,0,1,0,7,1,2,2,2,0,2
"COG2204",250,212,311,145,355,218,244,149,369,167,110,291,202,160,96,315,100,93,56,203,226,231,16,101,15,216,294,132,64,238,187,342,124,277,194,238,248,232,295,265,139,102,197,130,196,325,219,212,286,271,317,286,206,129,393,339,261,181,41,262
"COG2205",53,61,66,42,45,63,126,49,68,46,69,63,109,71,79,40,70,60,83,80,60,42,47,76,65,46,53,52,60,64,82,49,60,21,50,54,74,54,52,55,64,39,71,32,55,39,72,64,58,62,60,59,62,55,41,43,56,74,21,59
"COG2206",18,58,27,141,31,40,15,83,40,32,89,18,25,34,190,16,48,76,9,80,58,70,33,28,49,60,37,83,110,35,57,5,85,6,74,15,21,69,12,12,67,45,45,147,55,6,73,71,48,31,20,32,55,30,7,11,35,113,16,12
"COG2207",602,1011,670,690,1503,1118,701,625,1121,557,783,977,862,583,725,1492,857,570,521,946,977,880,488,579,641,1167,850,697,603,828,761,1376,806,725,1296,1193,883,810,888,1368,816,495,823,861,707,1606,1366,885,1403,1032,910,1443,1189,661,1386,1091,1154,774,402,843
"COG2208",1,34,32,23,22,13,10,35,20,60,73,15,31,36,63,31,47,73,63,27,21,13,33,19,53,21,25,26,56,18,29,6,30,6,26,22,24,38,6,22,28,13,27,36,25,10,26,35,26,19,20,24,27,59,26,14,18,41,21,28
"COG2209",30,3,16,14,8,14,19,16,12,12,7,28,14,17,0,8,11,9,5,8,12,13,1,0,7,6,8,7,10,9,9,12,13,17,5,17,15,8,45,13,13,14,9,6,17,7,11,10,6,17,11,9,6,4,13,22,17,12,0,19
"COG2210",3,42,23,36,56,37,31,53,46,19,17,33,27,25,16,62,35,10,10,27,24,38,1,1,5,25,50,20,10,39,28,62,21,33,32,60,55,41,25,42,9,7,23,17,28,60,34,18,56,43,54,64,38,15,71,60,30,48,8,46
"COG2211",153,151,135,119,105,164,197,100,90,171,163,89,94,212,232,80,137,256,160,116,95,95,276,198,177,86,108,146,215,124,36,23,52,16,44,23,49,54,30,32,66,57,58,80,44,28,36,64,24,40,34,41,32,31,20,29,39,41,90,31
"COG2212",0,0,0,0,0,0,0,0,0,0,0,0,0,0,0,0,0,0,0,0,0,0,0,0,0,0,0,0,0,0,0,0,1,0,0,0,0,0,0,0,0,0,2,0,0,0,0,0,0,0,0,0,0,1,0,0,0,0,0,0
"COG2213",6,5,3,2,7,14,39,1,2,11,6,0,5,8,15,3,7,4,1,3,2,3,21,56,12,1,7,1,19,3,6,5,3,5,10,20,1,4,7,9,1,19,6,2,9,4,2,3,3,2,1,8,4,6,5,2,1,1,18,4
"COG2214",6,27,28,28,36,33,14,34,34,44,22,26,27,22,27,19,38,40,29,21,28,34,15,17,27,25,36,27,37,23,21,35,28,36,30,25,18,21,15,27,18,19,22,13,25,21,26,19,37,32,21,36,20,35,33,37,19,28,20,26
"COG2215",0,1,0,0,2,9,0,0,0,0,0,0,2,1,0,0,0,1,0,0,0,0,4,2,0,0,1,0,0,0,0,1,0,0,0,3,1,0,0,7,0,0,11,0,0,0,1,0,0,0,0,0,0,0,0,0,0,0,0,0
"COG2216",4,33,74,19,43,47,36,22,63,23,19,48,44,39,27,52,42,17,11,46,40,16,5,40,7,43,69,22,8,41,40,58,27,13,21,61,36,21,24,58,13,9,33,16,37,60,34,36,41,39,47,54,32,30,59,48,47,21,17,48
"COG2217",91,231,185,189,162,141,150,208,195,237,291,234,204,235,293,157,186,206,267,194,202,197,284,145,290,148,212,232,277,259,170,147,209,143,188,144,224,229,133,141,155,262,225,188,254,130,221,186,130,228,198,167,189,228,139,150,178,236,236,200
"COG2220",57,78,74,57,57,79,71,75,81,64,37,62,96,52,40,51,78,62,36,60,88,36,28,29,28,80,75,38,32,54,73,92,35,125,88,57,54,52,73,78,48,44,49,70,74,95,68,66,64,92,97,62,91,51,79,96,90,46,17,91
"COG2221",1,11,5,8,3,3,5,6,9,9,22,3,10,5,27,5,11,6,7,8,2,9,21,13,8,7,14,19,26,9,8,3,5,3,8,8,5,7,3,10,9,11,7,18,11,2,3,8,7,3,5,2,14,13,1,8,7,10,9,1
"COG2222",1,10,4,2,5,30,12,10,2,5,24,11,13,17,22,15,9,18,14,12,4,7,31,62,37,5,23,11,32,14,13,7,16,5,7,12,46,12,9,18,11,8,23,12,23,6,19,13,10,19,14,5,12,21,6,10,13,29,16,9
"COG2223",0,0,2,0,3,15,0,1,0,0,4,0,1,0,0,0,0,2,0,0,0,0,6,35,3,2,0,0,1,0,0,4,0,2,0,2,0,1,0,5,1,1,6,1,0,2,0,0,1,1,0,1,0,2,1,4,1,1,4,1
"COG2224",0,0,0,0,1,7,0,0,0,0,0,0,1,1,0,1,0,1,0,0,0,0,1,21,2,0,0,0,0,0,0,1,0,2,1,3,0,0,0,3,0,0,3,1,1,0,0,0,1,2,1,0,0,4,0,0,0,0,0,1
"COG2225",1,2,1,0,4,8,1,0,1,0,2,0,1,2,0,6,0,3,0,0,0,0,2,19,4,0,0,0,0,0,0,5,0,5,0,7,1,0,1,5,0,1,6,1,0,2,1,1,0,1,0,1,1,6,1,5,0,0,5,1
"COG2226",31,20,16,20,17,24,33,20,21,15,5,20,25,30,8,29,24,19,13,23,22,33,17,15,6,10,25,12,17,15,29,30,12,32,22,33,19,18,34,48,14,29,23,16,16,28,20,22,37,28,27,41,25,19,20,35,17,11,6,33
"COG2227",20,2,7,2,14,7,0,0,8,3,2,2,8,4,0,3,2,5,2,3,11,2,2,3,0,11,12,4,1,3,1,1,0,1,8,5,4,4,1,15,20,0,7,2,1,4,9,1,4,0,8,10,3,8,6,3,7,1,1,7
"COG2230",0,11,4,5,2,22,13,8,6,4,6,2,9,13,14,5,10,7,6,3,7,0,27,27,21,3,3,5,6,1,13,4,4,6,10,4,7,5,1,15,5,30,6,2,3,4,9,12,9,5,1,5,11,8,0,5,4,23,29,3
"COG2231",0,0,0,0,0,0,0,0,0,0,0,0,0,0,0,0,0,0,0,0,0,0,3,0,2,0,0,0,0,0,0,0,0,1,0,0,0,0,0,0,0,5,0,0,0,0,0,3,0,0,1,0,0,1,0,0,0,0,0,2
"COG2233",122,97,64,76,52,97,109,84,50,68,100,76,77,89,107,69,69,74,78,53,59,82,120,174,154,57,79,86,120,54,70,98,77,89,66,71,87,84,85,87,76,130,77,113,76,83,58,60,81,82,72,56,65,72,72,73,67,116,172,75
"COG2234",10,74,45,37,79,43,52,25,59,55,58,48,48,54,50,105,23,70,44,68,52,24,27,38,46,73,49,32,44,46,44,80,34,19,64,54,64,51,54,44,40,33,46,42,49,94,54,35,85,80,62,89,56,38,83,85,62,70,26,32
"COG2235",0,3,0,3,1,4,0,1,4,14,4,3,8,4,0,4,3,11,12,1,5,1,6,53,9,3,4,2,2,4,17,0,7,1,0,3,3,3,3,1,3,19,3,0,0,0,0,2,0,3,4,0,2,12,4,2,3,0,10,12
"COG2236",0,0,0,1,0,0,0,0,0,0,1,0,1,0,0,1,0,0,0,0,0,0,0,0,0,0,0,0,0,0,0,0,0,0,1,1,0,0,1,0,0,0,0,1,0,0,0,0,0,0,0,0,0,1,0,2,0,0,0,1
"COG2239",12,65,38,57,49,56,20,54,57,52,69,72,51,64,53,31,56,64,85,69,51,29,30,23,52,46,66,54,56,59,44,44,70,9,49,45,74,79,36,48,51,43,39,56,78,35,66,72,39,58,60,24,56,58,41,45,75,59,39,67
"COG2240",24,45,30,28,27,34,31,18,29,34,39,27,31,44,21,43,36,40,39,18,22,30,41,30,39,24,33,35,43,24,31,23,22,36,43,29,43,46,33,29,42,40,40,34,35,37,33,25,38,39,23,42,30,30,36,37,24,46,57,26
"COG2241",1,37,22,15,31,21,24,15,39,20,27,36,29,21,47,28,20,20,26,35,27,20,22,9,32,28,26,38,22,24,25,12,33,4,30,17,29,21,11,17,12,15,21,29,44,25,24,28,20,34,27,45,27,16,23,39,14,33,15,13
"COG2242",0,7,9,11,5,9,3,4,5,5,10,16,10,6,18,7,5,8,11,15,13,4,7,2,14,6,11,7,9,5,28,16,18,7,18,13,40,26,12,14,13,18,21,31,35,18,28,23,26,32,42,25,24,17,22,31,11,44,15,14
"COG2243",2,14,10,20,23,17,11,6,25,16,12,27,15,11,35,15,10,14,5,16,16,12,19,9,13,20,19,24,22,20,12,8,8,1,21,19,25,3,9,18,15,9,14,21,21,17,18,11,15,17,19,20,24,11,5,19,10,23,10,9
"COG2244",215,176,208,157,254,158,158,187,227,208,186,222,221,161,209,226,226,216,174,300,158,211,202,114,199,262,226,186,224,232,253,242,190,152,226,170,182,218,190,315,214,179,132,164,202,330,214,214,353,182,206,215,250,153,200,173,233,198,122,188
"COG2246",1,7,8,10,2,1,2,14,3,16,16,7,5,8,7,5,22,23,13,11,7,9,17,1,16,15,5,8,15,11,9,2,10,2,14,4,6,15,1,3,21,6,6,19,9,2,11,18,3,7,6,6,4,11,2,2,8,10,18,4
"COG2247",0,0,0,0,0,1,0,0,0,0,0,0,0,0,0,0,0,0,0,0,0,0,0,0,4,0,1,0,0,0,0,0,0,0,0,0,0,0,0,0,0,1,0,0,0,0,0,0,0,0,0,0,0,0,0,0,0,0,0,0
"COG2249",0,4,4,8,22,33,3,7,8,11,3,17,5,8,5,8,1,11,3,16,17,9,39,45,5,12,8,5,4,10,6,17,2,2,12,14,4,5,2,15,5,5,21,3,7,9,10,12,7,6,8,16,24,6,10,17,19,3,19,12
"COG2250",0,0,0,0,0,0,0,0,0,0,0,0,0,0,0,0,1,1,0,0,1,0,0,0,0,0,0,0,0,0,0,0,0,0,0,0,0,0,0,0,0,0,0,0,0,0,0,0,0,0,0,0,0,1,0,0,0,0,0,0
"COG2252",67,38,43,58,11,45,42,55,25,51,35,23,32,42,47,28,49,36,60,27,44,47,85,158,93,20,40,59,64,22,54,21,39,84,34,36,34,37,27,24,38,82,43,73,42,22,31,44,31,37,31,20,29,34,20,28,23,46,100,32
"COG2253",96,0,3,0,0,0,0,0,1,0,0,0,3,1,0,3,0,2,0,1,0,12,0,0,0,4,0,3,0,0,0,1,0,25,0,9,0,0,0,0,0,0,0,0,0,0,0,0,1,0,0,0,0,0,0,0,0,0,0,0
"COG2255",40,48,57,46,28,33,35,44,37,73,46,60,53,53,33,29,46,43,54,36,47,38,49,18,54,31,61,62,42,42,49,28,47,59,41,43,44,54,58,33,59,49,45,38,52,26,45,39,25,54,50,31,38,50,37,42,45,50,54,74
"COG2256",18,13,20,17,17,11,17,10,15,15,24,20,21,24,13,14,23,28,21,15,15,20,22,12,21,17,26,21,20,14,63,34,55,62,43,49,42,50,59,38,61,98,78,40,56,30,42,46,40,45,52,38,42,69,38,34,60,41,85,58
"COG2257",0,4,4,2,1,0,3,4,0,0,4,4,2,0,8,1,3,0,1,4,1,3,0,3,0,5,3,9,4,4,5,0,4,0,3,2,1,3,2,1,4,2,3,8,1,0,2,3,3,0,3,3,3,1,3,0,2,2,0,0
"COG2258",1,10,6,6,4,5,13,4,5,9,16,10,4,8,17,1,11,4,4,8,4,4,16,10,21,2,8,9,23,5,4,0,12,1,10,12,17,4,1,2,8,11,9,21,17,2,5,11,3,8,5,4,8,9,3,6,7,25,3,6
"COG2259",2,12,2,7,17,14,8,6,7,6,2,7,7,7,3,34,3,7,3,5,7,3,4,14,3,11,6,0,1,6,6,17,6,1,10,17,11,7,5,8,3,0,15,4,7,20,3,11,21,17,13,30,14,7,30,17,10,3,10,2
"COG2261",0,0,0,0,0,0,0,1,0,0,1,0,0,0,0,0,0,1,0,0,0,0,0,0,0,1,0,0,0,0,0,0,0,0,0,0,1,0,0,2,0,1,0,0,0,0,0,1,1,0,1,1,0,1,0,0,0,0,1,1
"COG2262",51,52,64,58,43,55,67,59,53,36,55,53,56,52,48,54,53,45,58,53,61,54,62,44,54,45,64,65,55,54,45,38,64,80,49,50,43,46,57,43,49,55,48,56,52,40,41,53,49,53,49,53,55,43,39,40,44,57,65,67
"COG2264",32,47,37,49,40,29,46,39,47,38,42,39,34,33,39,40,34,36,30,44,47,39,47,34,34,39,48,48,23,43,33,32,39,53,45,28,46,39,31,37,40,38,52,35,55,31,40,49,36,38,39,33,43,29,40,37,48,38,17,37
"COG2265",76,101,81,75,49,77,52,76,103,107,104,79,68,88,100,73,89,105,110,63,68,102,135,95,112,66,75,100,84,63,86,53,100,84,74,73,64,75,67,54,90,96,85,72,96,47,79,94,47,73,61,43,83,78,51,54,72,112,98,80
"COG2267",7,23,23,28,12,23,7,29,18,25,43,19,22,36,37,15,36,33,32,26,20,25,45,56,39,24,17,30,50,18,8,2,13,2,5,2,7,9,5,3,10,6,11,10,10,6,2,17,3,8,1,4,10,11,3,4,4,17,22,8
"COG2268",5,10,15,23,17,3,3,18,21,20,21,13,10,32,13,19,9,12,11,10,20,36,17,40,6,24,10,32,12,23,14,35,13,18,12,27,4,16,12,47,10,8,42,14,24,33,31,13,17,12,13,11,13,28,18,12,19,28,17,14
"COG2269",3,0,0,0,1,3,0,0,0,0,2,0,1,0,0,2,0,2,0,0,0,0,1,21,2,2,0,0,0,1,0,2,0,1,0,3,0,0,1,5,0,1,8,0,1,0,1,0,2,0,0,2,0,3,3,2,0,0,3,0
"COG2270",1,15,13,14,3,7,5,5,3,9,13,17,8,10,15,1,9,2,11,3,10,9,13,6,26,6,11,21,26,11,8,2,10,3,12,7,22,10,6,0,9,25,7,17,20,4,14,15,2,23,2,3,2,5,0,4,4,17,54,11
"COG2271",49,22,58,16,46,41,13,8,33,23,14,47,30,29,7,18,18,31,20,43,18,7,28,71,6,26,33,8,3,54,21,25,9,8,8,20,10,26,6,32,28,27,25,25,37,66,25,50,19,23,32,15,23,19,44,40,61,5,13,50
"COG2272",80,25,50,11,21,16,49,24,16,13,35,17,30,34,15,12,20,32,32,26,36,18,22,1,44,48,19,22,19,8,18,4,23,51,14,27,12,7,86,11,41,54,24,39,10,7,13,15,3,38,17,8,15,8,10,13,22,12,32,32
"COG2273",62,51,42,47,60,51,72,35,34,27,31,27,34,20,53,64,31,31,50,49,37,73,4,1,3,45,20,31,12,28,42,84,22,181,47,50,34,42,45,89,31,20,26,30,32,84,75,22,63,58,25,38,38,18,62,37,39,45,6,40
"COG2274",390,84,68,58,123,48,183,47,79,88,76,58,161,101,49,59,55,69,32,64,33,185,55,23,29,53,46,64,74,63,131,58,70,129,127,52,63,76,34,141,90,71,64,127,122,43,97,35,47,97,48,81,54,62,108,86,78,103,43,58
"COG2301",1,6,2,11,5,16,5,20,4,5,11,3,12,9,9,7,1,4,5,12,2,14,11,21,17,4,21,9,8,15,12,4,5,17,3,8,16,3,1,12,6,5,2,3,6,6,11,8,6,4,12,5,9,6,4,12,5,10,5,2
"COG2302",8,21,15,23,2,5,16,24,9,33,33,13,15,26,28,2,29,25,28,13,15,15,32,4,38,12,10,27,20,13,10,3,23,2,11,4,11,18,12,3,16,23,16,9,16,5,13,16,8,11,9,13,12,23,3,3,21,14,10,9
"COG2303",0,0,0,1,1,12,0,1,2,0,1,2,2,1,1,3,0,4,0,2,2,0,6,33,1,1,0,0,0,0,1,4,0,1,0,5,0,0,0,4,0,0,13,1,1,0,1,0,1,0,0,0,0,1,1,0,1,1,4,0
"COG2304",99,45,62,71,71,43,101,92,62,75,40,60,52,44,35,63,60,48,64,57,61,54,13,18,18,50,75,54,32,67,58,80,52,90,39,73,41,66,69,85,68,27,42,35,64,86,72,49,69,62,55,69,66,35,88,70,58,35,44,72
"COG2306",0,0,2,2,0,0,0,0,0,0,0,0,0,0,0,0,8,1,0,0,0,0,0,0,0,0,0,2,0,0,0,0,1,0,1,0,0,1,0,0,0,0,0,1,0,0,0,0,0,0,0,0,0,1,0,0,0,0,0,0
"COG2307",0,0,0,0,0,3,0,0,0,0,0,1,0,0,0,0,0,0,0,0,0,0,0,0,10,0,0,0,0,0,0,0,0,0,0,0,0,0,0,0,0,1,1,0,1,0,0,0,0,0,0,0,0,0,0,0,1,0,37,3
"COG2308",2,0,0,0,0,4,1,0,1,8,0,1,2,0,0,0,1,3,2,1,0,0,0,0,6,0,0,1,0,0,0,0,0,1,1,0,0,1,1,0,2,4,1,1,3,0,0,0,1,0,0,0,0,0,3,0,1,0,34,0
"COG2309",4,30,25,20,8,14,20,15,20,23,66,12,22,33,52,13,40,38,25,16,23,29,64,37,43,7,22,49,50,23,25,2,33,2,33,12,29,31,12,5,19,39,31,62,37,12,12,47,10,26,16,17,24,20,7,21,18,33,28,15
"COG2310",33,1,0,67,0,32,4,52,2,3,5,3,10,16,20,4,10,8,1,5,0,16,22,0,11,0,4,3,16,5,5,0,3,0,5,22,11,7,1,1,0,5,10,2,5,0,2,4,4,1,3,4,23,1,1,1,4,7,11,1
"COG2311",33,31,29,21,59,52,26,21,51,20,16,39,46,27,12,56,30,12,12,32,38,16,1,9,3,31,25,16,25,29,33,82,17,11,32,32,26,36,44,73,14,15,22,31,15,79,45,23,82,29,31,51,25,24,74,76,53,36,8,43
"COG2312",0,0,1,3,0,1,1,2,2,0,0,1,5,3,9,3,1,2,2,3,0,0,0,0,1,1,0,4,4,0,0,1,2,6,1,6,3,2,0,0,3,0,0,0,0,0,0,0,14,0,0,1,19,0,1,0,1,2,1,1
"COG2313",0,0,0,2,1,0,0,0,0,0,0,1,1,2,0,0,1,4,6,1,3,0,0,7,0,0,0,0,0,0,1,1,1,0,0,0,2,2,0,0,8,0,1,1,1,2,0,6,3,1,0,0,0,16,0,1,2,1,5,3
"COG2314",0,0,0,0,0,0,0,0,0,0,0,0,0,0,0,0,1,0,0,0,1,0,0,0,2,2,0,0,0,0,0,0,0,3,0,2,0,2,0,1,1,6,0,0,2,0,0,0,0,0,1,0,1,0,0,2,1,0,22,0
"COG2315",14,22,33,22,30,25,18,18,32,30,26,32,24,27,24,27,24,22,15,38,26,18,32,18,18,37,16,26,38,32,22,42,21,15,26,18,24,31,13,15,23,17,27,25,28,29,27,27,39,29,32,30,28,23,36,21,22,18,13,21
"COG2316",2,5,4,4,2,2,2,2,5,11,18,3,7,8,13,5,11,22,19,3,2,6,8,3,7,5,9,7,4,5,4,3,1,2,0,2,2,0,2,0,5,3,2,4,1,0,0,5,0,1,3,1,1,5,0,0,2,4,0,0
"COG2317",2,9,5,6,4,8,4,14,4,2,16,14,5,10,10,6,4,16,19,12,9,8,4,5,8,0,16,6,15,2,7,3,6,0,8,7,5,8,4,12,14,4,16,6,4,4,5,8,2,11,6,1,4,23,0,6,3,19,4,2
"COG2318",0,0,0,0,0,7,0,0,0,0,0,0,1,0,0,0,0,1,0,0,0,0,0,0,0,0,0,0,0,0,0,0,0,0,0,1,0,0,0,0,0,0,1,0,0,0,0,1,0,0,0,0,0,0,0,0,0,0,0,0
"COG2319",49,3,0,14,7,2,63,53,2,2,0,4,2,0,0,6,6,5,1,4,2,3,0,0,0,7,3,7,0,0,6,8,1,0,3,0,2,1,0,14,9,0,0,2,0,3,20,1,18,4,0,3,2,2,1,4,2,11,0,14
"COG2320",1,0,0,2,2,9,4,0,6,2,4,1,0,4,0,1,0,3,5,2,0,7,5,6,1,5,6,6,1,1,2,3,0,0,0,2,0,3,0,1,3,0,3,2,0,2,4,5,3,0,0,0,2,3,0,2,4,0,1,1
"COG2321",3,0,0,0,2,3,0,1,2,0,1,0,2,0,0,0,0,0,0,0,0,0,5,14,1,0,0,0,0,0,2,4,5,2,0,3,3,0,1,4,1,0,2,1,0,0,0,0,1,0,0,2,0,2,2,3,0,1,1,0
"COG2323",7,8,9,14,4,9,3,16,3,15,25,7,8,19,4,4,18,23,37,6,10,8,19,12,16,6,9,15,4,14,21,3,14,0,6,8,5,11,2,10,14,15,16,5,17,8,5,13,3,8,0,1,10,31,5,4,3,6,7,14
"COG2326",1,16,14,13,4,8,6,14,18,14,10,10,16,27,33,13,17,13,18,14,11,19,15,14,18,23,14,16,24,4,3,7,5,2,4,2,7,6,2,3,6,10,7,12,6,11,3,3,6,2,3,4,5,3,1,1,7,9,14,5
"COG2327",10,45,7,7,9,8,15,11,6,10,8,1,21,16,10,32,4,23,25,7,7,13,11,2,5,15,8,4,8,15,16,8,8,3,6,7,13,13,4,5,20,30,18,11,8,6,25,8,16,29,15,16,9,19,14,27,4,6,41,8
"COG2329",0,0,0,0,0,0,0,0,0,4,0,2,3,0,0,0,0,0,0,0,0,2,1,0,0,1,0,0,0,0,0,0,0,2,0,1,2,0,0,0,0,0,0,1,1,0,0,5,1,1,3,0,0,0,0,0,3,0,0,1
"COG2331",0,1,0,0,0,0,0,0,0,0,0,0,1,0,0,0,0,0,1,0,0,0,0,0,3,0,0,0,0,0,0,0,0,1,0,0,0,0,0,0,0,1,0,0,0,0,0,0,0,0,0,0,0,0,0,0,1,0,8,0
"COG2332",0,0,0,1,3,6,0,0,0,0,0,0,2,2,0,4,0,1,0,0,0,1,1,7,1,1,0,0,1,0,0,0,0,1,0,1,1,0,1,0,1,1,0,1,0,0,0,1,0,1,0,0,0,1,0,1,0,0,2,1
"COG2333",5,45,33,37,23,22,31,33,20,56,62,22,58,51,88,16,87,81,99,44,33,28,84,45,55,23,39,59,59,39,62,9,44,15,52,28,35,52,21,18,62,66,43,39,37,9,23,48,9,48,32,26,37,94,17,10,25,35,37,30
"COG2334",1,3,0,1,0,5,1,5,0,2,9,0,2,1,1,6,0,6,5,1,2,0,3,25,7,2,3,1,0,1,0,1,3,3,1,2,1,0,1,4,2,0,12,0,2,1,2,0,0,4,1,0,1,3,0,2,1,0,16,1
"COG2335",18,0,0,0,0,0,0,1,0,0,0,0,0,1,0,0,1,0,0,0,2,4,0,0,0,0,0,0,0,0,0,0,0,0,0,2,0,0,0,0,0,0,0,2,0,0,0,0,0,0,0,0,0,0,0,0,0,0,0,6
"COG2336",1,1,0,1,2,0,0,1,2,2,0,0,0,0,0,0,0,0,0,0,0,0,0,19,0,2,0,0,0,0,0,0,0,0,0,0,1,0,0,0,0,0,1,0,0,1,0,1,0,1,0,0,0,0,0,2,0,0,2,0
"COG2337",8,31,20,32,13,29,24,30,11,38,43,19,35,35,36,25,45,41,60,42,29,21,18,55,53,40,24,44,33,39,25,77,53,5,28,16,98,25,8,5,59,22,48,53,34,173,41,67,15,27,13,23,78,44,5,4,22,51,13,17
"COG2339",1,2,7,2,1,1,0,2,1,1,1,0,0,7,0,0,7,12,7,2,4,1,5,0,6,5,0,3,3,3,1,0,1,0,0,1,1,6,1,1,7,0,6,3,2,0,4,2,0,0,0,0,2,3,0,0,7,6,0,2
"COG2340",3,3,4,14,2,3,0,10,4,14,19,5,2,6,15,2,12,19,19,8,6,8,1,7,3,3,5,25,3,6,14,0,14,1,0,3,1,11,1,6,7,0,6,0,9,2,2,7,3,0,2,2,3,9,1,1,5,3,0,6
"COG2342",0,0,0,1,0,0,0,0,0,0,0,0,0,0,0,0,0,0,0,0,0,0,0,0,0,0,0,0,0,0,0,0,0,0,0,0,0,0,0,0,0,0,0,0,0,0,0,0,0,0,0,0,0,0,0,0,0,0,0,0
"COG2344",2,39,18,18,29,29,15,22,27,36,32,24,36,33,30,28,24,38,31,40,43,30,26,7,30,22,16,23,29,31,33,24,34,11,35,31,36,33,26,18,26,22,17,28,34,28,27,27,33,28,34,50,36,34,28,29,32,34,7,25
"COG2346",0,0,2,0,0,0,0,0,0,0,0,0,0,0,0,2,0,0,0,0,0,0,0,0,0,0,1,0,0,0,0,0,0,0,0,0,0,2,1,0,0,0,0,0,0,0,0,0,0,0,0,0,0,0,0,0,0,0,0,0
"COG2348",4,3,2,13,0,2,1,25,3,6,17,4,5,10,3,0,38,32,31,21,3,4,76,0,24,1,0,17,6,6,5,2,1,6,0,0,0,4,0,0,3,10,11,0,0,2,2,12,0,4,15,0,13,34,1,0,6,0,81,11
"COG2350",0,0,0,0,0,5,0,1,0,0,2,0,0,0,0,1,0,1,0,3,0,0,0,7,0,0,0,0,1,0,0,0,4,0,0,0,1,0,1,2,0,0,1,0,0,0,1,0,2,0,0,1,0,0,0,0,0,1,1,2
"COG2351",0,0,0,4,0,14,0,7,2,0,1,0,0,0,0,2,6,1,0,0,3,0,1,9,1,1,2,0,1,0,0,1,0,1,0,12,0,1,2,9,0,1,2,1,0,1,2,0,1,0,0,0,1,1,1,1,1,1,0,1
"COG2352",0,1,0,0,2,19,0,1,0,1,8,0,2,2,5,1,1,5,8,0,0,1,53,37,35,2,0,0,1,1,1,2,0,8,0,4,0,0,0,7,1,22,7,0,4,0,0,2,4,0,1,1,2,2,2,1,1,2,132,7
"COG2353",0,1,0,0,1,5,0,0,0,0,0,0,0,2,0,1,0,1,0,0,0,0,0,9,1,0,0,0,0,3,6,0,0,0,0,0,0,0,0,4,0,1,1,1,0,1,0,0,1,0,11,0,0,0,0,0,0,0,1,0
"COG2354",0,0,0,0,3,7,0,2,0,0,0,0,1,0,0,0,0,2,0,0,0,0,3,10,1,0,0,0,0,0,0,0,0,1,0,3,0,0,0,1,0,0,9,0,0,1,0,0,0,0,0,1,0,1,0,0,0,0,0,0
"COG2355",103,28,54,35,34,32,57,50,40,22,39,27,45,34,34,44,43,52,40,27,31,63,10,20,15,29,39,29,35,27,44,41,33,109,61,41,41,36,71,33,55,39,22,35,33,53,38,34,43,65,42,33,26,29,19,40,25,32,16,54
"COG2356",14,0,1,11,1,3,0,25,0,3,0,1,2,7,0,9,8,7,1,0,46,13,1,12,2,0,5,9,0,1,3,2,35,60,0,20,1,4,7,2,4,0,3,2,3,3,5,2,1,1,2,3,14,1,2,2,0,0,1,8
"COG2357",2,7,5,9,2,3,4,7,6,6,17,3,8,10,32,5,18,16,7,11,15,6,31,6,24,8,3,12,26,8,40,4,26,6,27,24,36,44,15,13,25,54,36,43,34,15,28,43,22,18,28,12,21,24,12,11,36,41,57,7
"COG2358",0,25,7,22,3,14,8,12,15,15,19,16,9,29,25,5,21,22,15,14,13,24,8,10,19,12,7,26,9,8,20,3,26,2,16,13,33,22,6,0,13,15,16,20,18,4,28,13,7,14,9,4,18,15,9,9,16,35,0,11
"COG2359",0,0,1,0,0,0,2,4,0,4,1,1,1,1,2,0,6,9,0,1,6,0,0,0,0,0,0,1,1,0,13,0,1,0,1,0,0,0,3,0,2,0,2,1,0,1,0,1,0,0,0,0,1,7,0,0,0,0,0,1
"COG2360",32,4,26,10,8,6,14,9,13,3,4,12,4,6,1,2,0,5,2,2,6,16,1,10,0,6,4,11,7,6,4,1,1,32,10,13,0,5,14,2,7,11,4,2,7,2,10,10,1,8,5,8,5,3,3,3,9,2,2,8
"COG2361",9,8,8,10,11,6,4,13,3,6,2,0,10,4,3,8,11,12,3,6,6,21,1,0,0,7,5,10,2,6,5,14,8,15,6,9,9,7,21,12,30,2,9,11,5,4,9,4,15,5,2,2,6,16,11,2,8,2,3,5
"COG2362",0,0,0,0,0,1,0,0,2,0,7,3,4,1,1,2,2,1,8,1,3,1,3,10,4,0,1,2,4,0,1,3,0,0,0,1,2,1,1,6,0,1,0,2,2,2,0,6,1,2,1,2,1,8,0,0,1,1,0,3
"COG2363",0,0,0,1,0,5,0,1,1,0,0,0,0,0,1,1,0,2,0,1,0,1,1,8,1,0,0,0,0,0,1,0,0,1,0,2,0,0,0,1,2,0,3,1,1,0,0,0,0,1,0,1,2,0,0,0,0,0,3,1
"COG2364",6,21,9,20,17,28,36,28,12,22,39,14,11,18,30,12,44,24,16,18,22,19,25,13,39,13,23,12,45,31,23,28,25,13,22,33,27,19,24,19,27,19,18,38,34,18,36,11,15,9,22,15,4,18,17,14,19,20,6,14
"COG2365",1,15,23,13,33,14,9,15,25,13,21,42,16,15,9,26,12,11,13,31,31,15,26,1,43,34,15,13,18,21,9,45,16,2,20,12,34,25,2,43,19,38,17,8,31,41,31,22,41,27,25,14,23,10,28,27,23,33,17,18
"COG2366",0,0,0,0,0,0,0,0,0,0,0,0,0,3,0,0,0,0,0,0,0,0,0,0,0,0,0,0,0,0,0,0,0,0,0,0,4,1,0,0,0,1,0,2,0,0,0,0,0,0,9,0,0,0,0,0,0,1,0,0
"COG2367",68,29,50,29,124,22,62,20,33,30,32,33,33,30,28,17,29,26,12,37,24,39,87,44,18,17,34,17,43,35,38,21,17,11,38,43,43,27,54,22,42,24,33,26,22,27,37,32,36,17,51,37,27,13,28,30,31,21,15,18
"COG2368",0,9,0,1,6,5,0,0,1,3,0,3,6,4,0,2,1,11,0,2,6,1,2,4,5,1,3,1,0,0,7,0,2,2,0,1,6,4,0,3,7,9,4,3,3,4,2,1,1,3,3,4,2,10,0,8,3,1,5,7
"COG2369",1,1,1,3,34,2,0,2,3,8,3,1,7,3,0,0,2,5,3,8,2,9,0,0,2,0,2,5,0,0,0,0,1,1,0,0,1,0,1,1,0,3,1,0,0,0,0,0,0,0,12,0,2,3,2,1,0,2,1,1
"COG2371",0,0,1,3,0,6,1,0,0,2,2,2,0,1,1,0,2,7,4,1,0,1,5,0,4,0,0,0,5,2,1,1,6,0,1,2,1,2,0,2,0,2,1,1,4,0,0,0,1,0,1,2,3,0,0,1,1,1,2,0
"COG2372",0,0,0,0,0,4,0,0,0,0,0,0,2,0,0,2,0,1,0,0,0,0,0,10,1,1,0,0,0,0,0,2,0,0,0,2,0,0,0,1,0,0,2,1,0,0,0,0,0,0,0,1,0,2,0,1,0,0,0,1
"COG2373",122,82,116,83,149,111,185,108,147,81,35,147,126,76,18,128,65,56,40,64,107,126,8,67,14,131,124,55,34,83,41,149,79,257,98,162,99,91,120,205,56,78,102,52,105,145,160,77,134,96,86,117,103,78,155,164,135,71,16,165
"COG2374",0,0,2,3,0,0,2,1,0,3,0,1,1,11,0,33,0,0,3,0,20,0,6,0,0,0,3,2,1,5,7,12,4,1,4,0,15,6,10,0,4,0,3,4,2,0,0,2,0,2,16,31,6,2,34,0,0,0,1,2
"COG2375",0,0,0,0,0,0,0,0,0,0,1,0,0,0,0,2,0,0,0,0,0,0,2,8,0,2,0,0,0,0,0,0,0,0,0,1,0,0,0,5,0,0,3,0,0,0,0,0,0,0,0,0,0,1,0,0,0,0,0,0
"COG2376",2,11,8,4,14,22,37,4,16,11,10,8,28,9,29,29,9,22,6,6,14,6,71,78,12,12,13,9,7,17,20,13,6,10,15,26,14,5,12,12,10,25,28,3,2,9,17,3,17,11,14,12,16,30,4,24,4,8,18,17
"COG2377",0,5,4,8,6,12,0,4,9,1,3,7,6,2,0,4,2,4,4,7,9,3,2,8,0,2,10,9,1,5,1,0,6,4,3,1,3,7,2,12,11,1,9,3,4,3,1,5,0,9,11,4,2,4,5,1,4,1,2,3
"COG2378",3,11,21,18,12,16,10,18,24,27,22,36,22,21,8,18,19,19,25,35,26,12,15,76,9,14,11,15,9,15,20,28,9,10,35,20,16,29,14,29,14,12,24,24,22,26,24,27,11,4,25,23,16,27,15,28,20,22,17,17
"COG2379",1,9,13,6,2,9,3,5,4,5,13,11,7,10,1,0,9,6,16,3,6,7,1,3,14,3,2,17,5,7,0,3,16,1,3,3,11,17,1,5,7,8,10,2,13,1,9,8,5,14,0,2,12,14,1,3,8,21,0,8
"COG2382",88,48,59,50,44,63,118,41,38,28,25,38,82,23,42,84,30,31,13,65,41,36,8,45,10,54,54,37,39,31,23,21,30,29,44,40,39,40,63,36,44,50,49,47,39,26,33,45,19,52,74,51,42,17,38,57,28,26,5,38
"COG2384",0,14,7,10,3,2,8,13,6,18,23,7,8,8,40,7,18,20,20,7,7,8,24,5,21,10,4,18,15,8,27,4,28,4,13,9,5,14,5,1,17,21,9,17,6,5,4,17,8,5,9,5,7,13,5,1,9,26,9,5
"COG2385",9,73,45,55,43,44,31,41,40,65,59,25,34,59,82,55,56,50,76,77,59,51,42,20,49,56,66,76,66,50,55,46,53,19,46,45,59,69,32,53,31,32,44,35,42,32,51,59,47,64,51,60,54,50,37,40,71,89,17,33
"COG2386",0,1,0,1,1,2,0,1,2,1,0,0,1,0,0,0,1,1,1,1,0,0,1,8,2,0,0,0,1,0,0,0,0,0,0,0,2,0,0,0,0,0,1,0,0,1,0,0,0,2,0,1,0,0,3,2,0,0,1,0
"COG2388",2,10,4,3,8,8,3,0,4,9,8,7,13,8,4,15,5,5,1,7,6,7,4,8,3,7,7,2,1,3,7,18,6,1,10,3,6,9,12,13,3,5,7,8,4,16,11,4,22,8,16,18,8,2,17,12,5,6,3,7
"COG2390",2,6,3,1,6,42,25,6,7,6,14,7,12,4,9,10,10,5,5,4,6,3,27,16,24,7,7,2,2,5,19,14,4,10,17,19,6,4,6,4,5,39,9,4,3,5,3,2,5,1,6,15,5,8,4,5,3,9,17,13
"COG2391",3,0,0,0,0,1,1,1,1,1,4,1,2,0,0,0,0,1,1,1,0,0,18,30,1,4,0,0,1,0,1,0,0,1,0,2,3,0,0,1,0,2,10,3,0,0,1,0,1,1,1,3,0,5,1,4,0,0,5,0
"COG2404",0,0,3,5,0,0,0,2,0,6,0,1,0,0,0,0,0,0,0,0,0,2,9,0,0,0,5,0,0,0,2,0,0,0,0,0,0,0,1,0,2,7,2,0,0,0,0,0,0,0,0,0,2,1,0,0,0,0,0,0
"COG2405",0,1,0,1,0,0,0,0,0,1,1,0,1,0,0,0,0,0,0,0,0,2,0,6,0,0,2,0,4,1,0,0,1,0,3,0,0,3,0,0,1,0,0,5,0,0,0,1,0,0,5,0,0,0,0,1,0,1,0,0
"COG2406",0,1,0,1,10,2,0,1,5,0,0,3,6,1,0,13,2,0,0,3,0,2,0,0,1,9,1,0,0,0,2,13,0,0,2,4,0,1,0,14,2,0,0,0,2,11,2,0,3,3,1,4,1,1,5,6,5,4,1,6
"COG2407",121,111,92,92,105,91,115,67,125,64,62,92,67,59,82,85,71,59,84,68,103,112,62,80,60,148,120,68,95,99,52,84,78,95,126,66,85,112,76,86,83,61,86,91,85,86,84,76,87,111,108,99,102,45,78,104,88,85,38,69
"COG2409",0,0,0,0,0,1,0,0,0,0,0,0,0,0,0,0,0,0,0,0,0,0,1,0,26,0,0,0,0,0,0,0,0,0,0,0,0,0,0,0,0,35,0,0,0,0,0,0,0,0,0,0,0,0,0,0,0,0,18,0
"COG2414",3,12,6,3,6,7,6,3,2,0,10,5,3,9,1,4,3,2,9,8,3,7,2,35,11,2,2,6,10,18,1,3,14,3,7,3,25,9,0,2,6,13,5,3,9,1,17,7,0,11,1,1,4,18,4,6,3,20,1,10
"COG2421",0,1,6,0,0,2,0,1,5,0,3,0,4,1,1,5,1,1,2,0,3,2,4,17,0,2,4,1,0,0,4,2,1,0,0,0,0,0,1,1,4,1,1,1,2,3,1,1,4,0,1,12,3,1,1,1,2,1,2,3
"COG2423",0,5,10,4,4,3,0,4,3,7,7,3,12,13,7,1,12,10,6,14,6,6,8,8,4,1,3,5,10,7,7,1,16,0,8,2,1,13,2,3,8,2,8,4,10,3,2,14,14,6,3,0,4,15,1,4,12,4,3,3
"COG2425",64,13,24,10,37,24,34,5,20,12,6,12,15,7,5,22,17,27,6,9,20,37,3,30,0,19,23,11,12,9,12,51,4,59,21,27,9,10,57,42,20,23,28,15,10,34,24,8,27,18,21,20,20,13,35,18,20,13,6,17
"COG2426",1,2,0,3,0,0,1,0,1,10,1,1,3,5,0,2,6,7,8,0,1,0,17,0,2,0,2,2,0,2,1,0,1,0,1,0,0,3,0,0,6,0,7,1,1,1,0,3,0,0,0,0,1,7,1,0,3,0,0,1
"COG2431",25,22,31,22,49,53,32,26,42,26,19,26,34,23,12,39,24,12,5,26,27,30,4,19,5,34,21,13,7,33,21,44,17,21,33,37,37,26,32,45,18,24,28,14,23,39,34,21,34,30,40,51,33,16,53,60,35,17,5,28
"COG2440",0,0,0,0,1,0,0,0,0,0,2,0,1,0,0,0,0,0,0,0,0,0,0,2,0,0,0,0,0,0,0,0,0,2,0,1,0,0,0,0,1,3,4,0,0,0,0,0,5,0,1,0,0,3,0,0,0,0,2,0
"COG2452",1,8,0,4,1,4,4,1,1,12,16,3,1,2,2,3,5,1,0,7,3,4,22,0,31,4,4,3,19,9,8,7,7,5,6,6,8,3,7,3,6,16,5,3,12,2,0,4,1,3,19,6,5,4,10,2,2,9,7,1
"COG2453",0,0,0,0,0,0,0,0,1,0,0,0,1,1,0,1,0,0,0,0,0,0,0,14,0,0,0,0,0,0,0,0,0,1,0,0,0,0,0,0,0,0,0,1,0,0,0,0,0,0,0,0,0,0,0,0,1,0,0,0
"COG2454",0,0,0,0,0,0,0,0,0,0,0,0,0,0,0,0,0,0,0,0,0,0,0,0,0,0,0,0,0,0,0,0,0,0,0,0,0,0,0,0,0,0,0,0,0,1,0,0,0,0,0,0,0,0,0,0,0,1,0,0
"COG2461",0,9,3,19,9,2,1,32,5,1,14,2,4,8,7,6,4,16,3,2,1,12,58,11,46,17,2,24,23,11,3,4,7,19,1,2,5,2,2,0,4,45,7,5,1,3,9,7,2,14,3,3,1,4,0,2,2,5,10,2
"COG2501",1,5,3,5,2,3,3,8,4,7,19,6,7,7,6,4,10,19,11,5,7,6,25,12,9,11,7,9,11,7,11,5,14,4,6,4,7,10,2,5,12,10,7,12,2,3,4,10,5,7,4,1,9,5,3,0,8,7,5,6
"COG2502",62,40,39,26,35,35,31,23,28,25,31,38,28,32,26,26,23,31,36,36,22,33,51,35,47,14,43,22,33,26,25,34,34,40,16,32,40,33,29,41,30,59,13,43,29,26,27,48,18,30,41,27,28,30,29,29,24,37,14,33
"COG2503",0,0,0,0,0,0,0,0,0,0,1,0,0,0,0,0,0,2,0,0,0,0,9,0,0,0,1,0,0,0,0,0,0,1,0,0,2,0,0,0,0,0,0,0,0,0,0,0,0,0,0,0,0,0,0,2,0,0,2,1
"COG2508",8,71,38,49,13,30,17,49,31,53,86,27,56,51,122,22,64,80,69,62,34,41,118,52,127,43,36,67,107,59,64,22,51,17,54,37,30,48,19,17,71,72,43,106,42,21,50,95,31,28,25,19,47,54,29,14,45,56,67,30
"COG2509",56,73,90,78,57,70,72,90,72,87,101,87,65,93,91,46,87,114,130,87,74,88,53,32,69,44,88,119,103,73,73,36,106,73,70,53,104,92,49,38,89,56,84,67,100,38,86,98,32,87,67,53,73,96,58,56,68,101,27,83
"COG2510",1,12,1,3,3,3,1,7,4,11,16,2,9,11,10,3,17,13,24,3,7,6,3,4,12,1,5,14,25,8,7,4,12,5,11,4,1,13,1,1,14,5,4,30,6,2,5,12,6,5,4,0,5,10,0,7,4,8,1,3
"COG2513",1,9,8,10,22,6,0,7,12,13,5,13,3,5,18,2,1,8,11,27,15,2,0,25,0,20,4,4,6,4,4,4,3,3,7,3,2,13,9,11,3,0,6,6,10,24,9,9,18,8,2,4,31,12,2,8,18,22,7,14
"COG2514",0,0,0,0,0,0,0,0,0,0,0,0,0,0,0,0,0,0,0,0,0,0,8,0,0,0,0,0,1,0,0,0,0,0,0,0,0,0,0,0,0,0,0,0,0,0,0,0,0,0,0,0,0,0,0,0,0,0,2,0
"COG2515",12,2,2,2,3,7,0,4,4,6,0,2,8,1,1,7,0,6,5,4,5,3,8,20,9,2,6,3,8,5,3,3,2,0,2,4,1,1,2,6,5,5,3,3,4,0,1,1,2,2,6,0,0,6,1,9,8,2,3,10
"COG2516",0,0,0,0,0,0,0,0,0,0,0,0,0,0,0,0,0,1,0,0,0,0,0,0,0,0,0,3,0,0,0,0,0,0,0,0,0,0,0,0,0,0,0,0,0,0,0,0,0,0,0,0,0,3,0,0,0,0,0,0
"COG2518",0,0,0,0,0,2,0,0,0,1,0,0,0,0,0,0,0,0,0,0,1,0,0,8,0,0,0,0,0,0,0,1,0,0,0,0,0,0,0,1,0,0,2,0,0,0,0,0,0,0,0,0,0,0,1,2,0,1,2,0
"COG2519",0,0,0,0,0,0,0,0,0,0,0,0,0,0,2,0,0,0,3,0,1,0,2,0,9,0,0,0,0,0,0,0,0,1,0,0,0,0,0,0,0,3,0,0,1,0,0,0,0,0,0,0,0,1,1,0,0,0,21,0
"COG2602",4,2,7,1,0,0,3,9,3,2,10,3,2,4,26,7,5,2,5,6,4,22,14,13,16,1,2,8,12,5,12,3,14,23,5,13,8,4,4,5,12,4,10,61,2,8,6,5,3,2,10,7,7,4,2,3,3,8,5,0
"COG2603",0,0,0,0,0,4,2,0,2,0,0,0,0,0,0,1,0,1,0,0,0,0,2,20,2,1,1,0,1,0,0,0,0,0,0,1,0,0,0,3,0,0,2,0,0,0,0,0,0,0,1,0,0,2,3,3,0,2,2,0
"COG2604",1,0,1,13,6,0,1,7,2,0,20,4,2,15,47,3,2,0,1,26,2,1,0,0,0,0,2,4,5,2,7,0,1,2,2,0,7,5,1,0,4,0,2,5,9,0,5,3,1,1,0,4,2,0,0,3,4,6,0,0
"COG2605",7,47,27,39,31,39,26,30,27,28,35,12,18,33,33,70,40,7,6,22,40,32,8,22,23,24,50,18,40,28,29,70,24,26,32,47,50,53,53,35,26,26,29,34,18,68,39,13,66,47,44,60,17,28,109,59,41,41,2,33
"COG2606",4,29,21,19,13,29,19,20,30,27,39,11,33,30,25,24,40,26,36,17,25,12,25,30,30,26,29,35,21,17,43,27,26,3,25,33,23,32,23,21,27,27,37,30,27,10,16,34,25,14,24,22,33,37,16,17,28,25,27,22
"COG2607",5,26,14,18,7,8,14,23,10,22,48,16,26,30,63,8,25,28,32,23,15,23,24,23,24,32,21,44,29,20,24,11,30,3,24,23,26,26,11,4,25,21,25,45,23,11,32,34,9,30,18,11,24,11,6,11,21,27,9,16
"COG2608",4,19,10,19,5,9,6,13,11,20,23,13,7,6,36,3,15,17,30,8,14,16,24,10,41,3,4,14,48,10,14,4,15,1,7,1,15,10,5,4,12,32,11,11,12,2,10,24,7,12,4,6,7,14,5,3,15,23,13,7
"COG2609",2,2,1,1,3,10,1,2,0,0,0,0,0,0,0,1,1,2,1,0,1,0,5,30,5,0,0,0,2,0,0,1,0,4,0,1,4,0,0,8,0,0,12,2,1,1,0,2,2,2,0,3,0,3,0,1,0,1,3,0
"COG2610",7,32,20,16,41,48,36,9,28,29,12,35,22,19,47,32,25,15,24,29,13,8,26,152,35,34,36,15,36,28,27,42,15,15,22,44,19,33,14,42,18,29,31,46,29,45,29,26,39,23,38,20,31,31,24,25,15,69,51,27
"COG2703",0,11,1,11,6,6,3,6,10,2,11,4,3,2,15,1,8,6,1,5,5,7,0,0,5,5,4,11,10,4,7,0,12,2,10,4,0,9,4,1,11,6,9,24,2,0,6,10,2,1,1,7,8,1,1,0,5,9,0,0
"COG2704",4,27,29,18,40,40,31,15,52,31,26,49,25,32,34,35,20,13,16,45,20,18,12,106,12,27,39,20,10,28,28,50,18,50,40,26,45,31,39,30,21,13,27,22,45,28,19,27,28,44,46,34,32,20,53,43,22,15,20,49
"COG2706",13,23,15,18,23,26,46,17,20,22,25,18,23,12,44,47,25,8,10,31,29,17,28,42,21,50,27,18,16,14,26,36,24,9,21,31,27,30,24,32,22,23,29,23,15,34,36,22,43,25,25,42,21,12,46,25,18,38,12,19
"COG2707",0,0,1,2,2,5,5,0,0,0,1,0,0,0,0,0,2,0,0,0,0,0,7,6,3,0,0,0,0,0,0,0,0,0,3,0,1,0,1,3,0,6,1,0,0,1,0,0,0,0,0,3,0,1,0,1,0,0,4,0
"COG2710",6,12,6,11,4,24,2,11,9,9,15,2,18,3,19,7,11,4,11,9,5,14,13,11,28,7,13,19,30,13,28,5,3,8,3,1,3,12,3,8,21,39,13,2,26,16,16,12,1,13,11,10,15,12,2,10,13,12,3,14
"COG2715",81,25,49,39,32,32,37,34,53,32,17,42,25,23,32,38,34,30,29,38,37,32,14,9,14,36,46,24,28,40,21,28,32,51,25,27,25,27,47,23,28,26,22,27,42,27,22,34,28,32,49,26,33,36,30,35,27,23,7,28
"COG2716",1,0,0,1,1,5,0,0,0,0,0,0,1,0,1,0,0,2,0,0,0,0,2,7,0,0,0,0,0,0,0,0,0,1,0,1,0,1,1,3,0,0,3,1,0,0,0,0,0,1,0,0,0,2,0,1,0,0,1,0
"COG2717",0,26,0,0,2,4,0,0,1,1,1,3,1,2,5,1,1,3,2,0,2,3,2,12,11,1,2,3,4,17,1,1,3,2,1,3,1,17,0,1,2,1,0,6,1,1,0,0,25,21,3,3,3,3,0,23,7,6,2,0
"COG2718",0,2,0,1,3,2,0,0,1,0,0,0,1,0,2,1,0,3,0,0,0,0,2,20,1,2,0,2,0,0,0,2,0,2,0,3,0,0,0,7,0,0,0,0,0,0,0,0,0,1,0,0,0,4,0,0,0,0,4,1
"COG2719",2,0,0,0,4,12,0,0,1,1,0,0,0,0,1,0,0,6,1,0,0,0,5,6,2,0,0,0,0,1,0,1,0,1,0,0,0,0,0,5,0,0,5,0,0,0,0,0,0,0,0,1,0,5,1,1,0,1,6,0
"COG2720",4,10,20,26,0,3,2,38,9,45,33,16,16,18,28,8,43,45,41,14,16,9,7,24,24,15,17,29,9,5,20,6,28,3,12,8,13,19,2,6,14,14,28,23,14,4,14,30,3,16,22,6,13,68,3,3,15,20,3,17
"COG2721",43,34,51,30,50,54,39,33,53,39,35,65,52,39,42,48,35,43,30,46,54,48,30,120,38,54,67,29,55,49,42,26,44,59,37,62,43,32,59,36,48,48,46,28,44,20,46,51,41,57,63,43,54,31,35,39,46,49,24,40
"COG2723",18,91,60,54,21,105,35,37,25,40,132,43,47,43,88,41,72,63,43,45,25,23,125,180,141,41,38,82,125,61,67,35,75,15,61,45,32,30,22,28,44,84,75,44,65,23,46,55,22,56,31,29,29,44,11,10,59,89,106,22
"COG2730",102,54,80,75,47,19,73,41,35,40,51,41,87,73,30,54,95,57,108,39,101,71,16,10,42,67,56,122,72,88,81,39,94,11,51,51,12,85,118,28,83,97,61,55,26,25,71,53,51,64,38,36,81,28,27,40,49,11,87,36
"COG2731",35,17,21,10,26,26,29,19,26,23,11,23,26,18,30,21,28,13,12,25,17,35,17,42,10,30,15,23,24,32,18,28,18,50,18,39,15,13,27,29,17,14,27,13,16,28,23,33,19,24,28,30,29,15,28,21,37,27,10,19
"COG2732",0,1,0,0,0,1,0,0,1,0,1,0,2,0,0,0,0,2,1,0,0,0,0,7,0,0,0,0,0,0,0,0,1,0,0,0,0,0,0,1,0,0,0,0,0,0,0,1,0,0,0,0,0,0,0,0,0,0,0,0
"COG2733",2,3,5,1,1,10,18,2,3,11,9,0,7,13,11,2,5,6,6,1,0,0,9,23,2,0,1,0,0,0,10,6,0,1,8,17,5,0,6,4,0,19,5,0,2,5,0,1,2,0,1,14,0,0,0,3,0,0,9,3
"COG2738",6,18,20,17,18,21,13,17,32,31,20,25,21,22,26,26,12,21,33,23,31,17,14,9,22,31,16,15,16,25,10,6,5,1,4,13,11,16,9,2,5,2,11,10,10,2,6,7,9,10,16,9,6,7,11,13,2,6,2,9
"COG2739",3,16,7,12,4,5,4,10,8,16,21,9,11,13,16,0,17,13,16,7,7,13,14,8,17,5,6,16,8,8,12,2,15,1,9,6,7,9,3,3,18,14,13,25,14,5,5,11,7,7,8,4,16,14,0,2,9,17,6,11
"COG2740",1,10,5,8,1,5,7,7,7,12,18,4,7,9,10,0,13,24,23,7,9,9,14,2,15,6,10,17,11,10,13,0,8,2,8,8,9,8,2,6,9,18,8,13,5,3,8,12,3,5,5,2,7,20,4,3,7,11,4,4
"COG2746",0,1,2,1,0,0,1,4,5,0,5,2,6,3,9,3,2,0,3,5,1,5,1,33,2,15,6,7,5,3,1,4,2,2,4,1,0,1,0,1,3,14,4,3,1,1,1,1,2,5,2,2,1,1,0,1,1,8,5,4
"COG2755",195,127,183,137,178,139,202,133,214,136,97,209,110,156,144,162,146,103,108,185,174,134,75,30,69,111,141,94,110,144,139,154,135,96,152,189,211,145,146,144,122,124,128,109,153,141,160,159,165,123,168,214,212,93,185,190,155,196,39,151
"COG2759",62,75,65,73,60,36,69,81,53,77,77,58,63,77,81,55,62,81,86,43,72,60,67,15,70,33,63,77,68,63,73,64,69,90,60,73,62,71,64,53,62,64,60,52,64,61,56,76,42,67,50,42,51,65,51,65,66,83,92,75
"COG2761",0,0,0,0,0,7,0,2,0,0,0,0,0,2,0,0,0,0,0,0,0,0,2,0,12,1,0,0,0,0,0,0,0,0,0,0,0,0,0,2,0,0,0,0,1,0,0,0,0,0,1,0,0,0,0,0,0,0,0,0
"COG2764",0,0,0,1,2,7,0,0,0,0,0,0,0,0,0,1,0,0,0,0,0,0,1,12,1,1,0,0,2,0,0,4,0,1,0,1,0,0,0,1,0,2,1,0,0,0,2,0,1,0,1,0,5,3,1,0,0,1,1,0
"COG2766",0,0,0,0,2,8,0,2,0,0,1,0,0,0,0,1,0,6,0,0,0,0,2,17,1,1,0,0,1,0,0,2,0,2,0,4,0,0,0,3,0,0,8,0,0,0,0,0,0,0,0,0,0,5,0,0,0,0,5,0
"COG2768",1,16,19,21,26,12,22,21,25,37,31,59,33,26,37,13,19,25,22,35,38,16,25,8,36,7,38,35,24,22,34,10,35,2,26,26,38,32,18,9,21,23,40,18,38,10,24,29,10,21,27,18,25,22,15,22,25,23,28,30
"COG2770",0,0,0,0,0,10,0,0,0,0,0,0,0,0,0,1,0,3,0,0,0,0,11,0,1,0,0,0,0,1,0,0,0,0,1,1,0,0,0,0,0,0,2,0,0,0,0,0,0,0,0,0,0,0,0,0,0,0,0,0
"COG2771",4,2,0,1,8,24,1,0,0,2,3,2,9,1,0,16,3,12,7,5,0,0,7,105,2,2,2,2,1,3,1,12,0,7,4,15,1,2,0,7,0,1,16,2,0,4,1,1,4,4,0,3,2,9,1,4,0,2,20,1
"COG2801",547,138,110,132,108,136,206,177,118,161,145,162,139,213,156,87,260,193,265,137,226,256,193,434,213,87,215,170,134,109,212,126,157,58,146,229,156,101,260,57,159,262,108,205,146,176,163,208,154,127,92,129,136,287,93,98,182,93,256,182
"COG2804",1,6,10,9,5,9,9,8,6,10,10,6,4,14,11,2,13,16,15,1,7,11,13,23,7,6,3,20,8,3,29,8,35,11,15,20,7,24,4,22,29,24,88,33,24,6,18,28,15,7,8,16,14,47,7,12,16,24,13,15
"COG2805",7,19,26,19,5,6,19,26,13,38,29,9,17,19,23,16,27,22,46,12,11,30,22,26,27,17,21,33,20,24,25,6,27,5,27,18,15,19,8,10,25,16,47,40,21,11,10,24,16,13,14,12,13,29,7,4,8,24,3,7
"COG2807",0,0,1,0,4,11,0,0,3,0,2,1,2,4,2,8,0,9,2,3,2,0,31,33,3,1,2,0,1,0,0,5,0,4,0,3,1,0,3,3,0,1,7,0,2,1,0,0,1,1,0,1,0,3,0,1,1,1,6,6
"COG2812",108,110,111,100,92,102,99,108,114,117,110,101,94,98,118,108,121,97,91,112,133,108,107,62,113,118,109,124,107,88,43,34,31,38,44,37,31,38,42,18,37,33,34,37,31,31,20,25,39,38,42,33,33,31,27,38,26,32,30,45
"COG2813",0,1,2,5,9,10,1,5,0,2,4,2,4,4,0,4,7,6,3,0,1,2,21,28,11,0,0,3,3,1,0,3,2,2,0,5,1,2,0,9,1,9,11,1,2,0,1,2,2,1,1,1,1,4,0,1,1,1,19,3
"COG2814",37,24,32,19,43,76,52,20,31,34,7,41,31,31,11,22,15,42,12,35,14,9,31,68,21,18,17,33,10,30,31,36,28,27,28,52,31,12,50,39,24,42,47,8,21,34,29,23,16,33,23,34,16,19,27,34,33,8,62,35
"COG2815",4,11,9,12,5,5,6,28,13,29,23,5,17,15,23,15,28,39,25,19,21,9,55,11,50,25,18,34,32,17,21,6,20,6,10,6,7,16,4,6,24,41,23,8,11,9,22,18,12,13,13,6,14,31,4,6,14,29,95,20
"COG2816",39,26,28,33,21,27,25,31,16,14,18,16,31,17,44,26,26,42,18,26,17,36,15,22,21,22,20,22,32,14,14,20,37,26,15,26,20,33,31,22,22,30,20,28,16,25,21,23,32,27,11,28,26,17,24,19,29,35,50,16
"COG2818",4,12,22,9,25,23,12,17,26,22,12,27,13,17,11,25,14,22,7,18,19,10,22,17,9,9,18,13,11,19,19,22,10,6,21,10,14,17,15,18,19,29,23,6,15,12,22,12,16,12,29,23,31,26,22,20,20,14,8,7
"COG2819",4,27,21,15,14,19,19,18,11,18,31,18,18,22,16,15,28,9,20,16,13,7,26,0,26,20,12,17,25,18,12,9,29,9,21,12,25,20,5,5,20,11,28,12,19,8,27,20,7,16,13,25,12,14,17,9,14,28,8,4
"COG2820",20,12,22,25,25,28,29,32,35,32,25,21,28,27,18,40,25,15,22,37,29,35,31,25,14,22,31,20,21,30,20,30,21,44,24,29,26,27,42,34,27,25,23,29,28,36,25,31,30,36,47,20,33,29,31,27,28,31,12,28
"COG2821",0,1,0,1,2,2,0,1,2,2,0,1,3,4,0,3,0,0,0,2,4,2,2,18,1,0,1,0,0,0,2,1,1,1,2,3,0,3,4,4,1,1,7,2,1,1,0,4,2,1,2,1,1,1,2,1,1,0,2,0
"COG2822",1,0,0,1,0,8,0,0,1,0,2,0,0,1,0,1,0,6,1,0,0,1,5,12,1,0,0,0,0,0,0,1,0,0,0,0,0,0,0,0,0,0,4,1,0,0,1,0,1,0,0,0,0,2,1,2,0,1,2,0
"COG2823",3,1,0,1,2,7,0,1,0,0,1,3,3,0,0,4,0,1,0,0,0,0,7,27,3,1,1,1,2,1,1,0,0,1,2,4,0,1,1,3,1,1,10,0,2,0,0,0,2,2,2,3,0,2,0,0,0,1,2,1
"COG2824",1,0,0,0,2,0,0,2,0,0,1,0,1,0,0,2,0,0,0,0,0,0,7,15,0,0,0,0,0,0,0,2,1,0,0,1,0,0,0,1,0,0,3,0,0,0,0,0,0,0,1,0,0,3,0,0,0,0,2,0
"COG2825",0,3,0,2,3,6,0,1,3,1,0,2,1,2,0,6,1,0,1,2,0,3,5,12,1,3,2,1,1,1,1,9,0,0,5,6,0,4,1,5,1,0,3,0,1,12,1,1,7,3,1,1,1,4,2,0,5,0,1,2
"COG2826",98,105,37,43,26,14,112,54,68,78,100,22,84,80,137,6,59,56,183,26,42,127,158,33,187,231,15,63,76,47,97,27,73,22,97,728,32,29,46,20,68,122,74,336,91,36,32,73,300,61,121,45,45,30,10,29,22,47,111,43
"COG2827",1,4,2,2,2,8,1,4,2,3,10,2,4,4,8,2,3,10,6,2,5,3,15,7,21,1,4,6,13,3,3,2,3,1,5,1,1,2,2,5,8,15,5,14,8,1,1,5,3,1,4,0,3,2,2,3,9,3,6,6
"COG2828",0,2,0,4,0,7,0,3,2,2,2,2,3,0,4,3,0,2,2,0,5,0,5,23,5,2,2,2,3,1,2,8,1,2,1,3,5,1,0,0,6,2,8,2,1,1,2,2,0,1,11,0,2,3,3,3,1,8,1,2
"COG2829",2,1,0,0,3,8,0,0,0,3,0,1,5,2,2,6,0,7,1,4,1,1,1,13,0,1,0,0,0,2,2,5,12,1,0,4,4,0,1,3,1,0,1,1,0,4,0,2,6,1,1,0,1,3,3,3,1,0,1,2
"COG2830",1,14,10,11,12,12,9,9,24,9,3,27,8,6,4,22,8,2,6,17,12,5,1,0,1,11,16,6,3,14,9,24,22,2,11,18,9,14,14,22,5,3,4,7,10,25,11,17,20,19,24,23,13,3,16,31,14,8,1,17
"COG2831",4,2,0,1,5,16,0,1,12,3,6,1,5,1,0,4,1,5,0,2,0,0,14,0,0,7,7,22,1,0,2,7,2,2,4,10,6,0,1,1,3,0,4,0,0,2,0,0,0,3,13,1,8,5,0,9,2,1,0,5
"COG2832",1,4,2,4,1,4,5,0,4,3,4,1,3,2,6,9,2,4,0,1,1,2,15,5,2,2,1,5,2,0,3,1,2,0,2,6,4,1,5,2,4,4,7,2,3,3,1,7,2,0,1,4,4,4,0,4,2,6,10,2
"COG2834",1,1,0,3,1,1,1,2,0,1,2,0,4,2,0,0,4,9,0,2,2,3,1,10,2,1,0,3,0,0,3,1,1,2,1,1,0,1,3,2,3,0,1,0,0,0,1,3,2,0,1,1,1,5,2,2,3,1,0,0
"COG2835",0,0,1,0,0,1,0,0,1,0,0,1,0,0,0,0,0,0,0,0,0,0,1,6,0,0,0,0,0,0,0,1,0,1,0,0,0,0,0,1,0,0,0,0,0,0,0,0,0,0,0,0,0,1,2,1,0,0,2,0
"COG2836",0,2,1,2,1,2,1,4,0,1,2,1,0,7,1,3,0,1,2,1,2,1,2,0,3,0,0,0,2,0,4,0,1,1,0,0,4,1,0,0,2,0,0,1,0,0,0,0,0,0,4,1,3,0,1,0,0,0,0,2
"COG2837",1,4,1,0,12,12,0,1,3,3,3,1,1,3,1,15,0,4,0,3,2,2,35,24,2,7,2,4,0,2,1,17,0,3,4,5,4,1,0,22,0,2,10,1,2,17,8,2,15,6,4,1,1,0,10,11,5,4,2,6
"COG2839",0,0,1,1,12,2,2,2,7,3,3,7,4,2,0,6,0,2,4,7,2,0,0,0,0,2,3,2,0,5,0,4,2,1,2,2,4,1,0,6,1,0,0,1,9,4,1,1,7,4,10,4,4,1,4,5,3,1,0,11
"COG2840",2,0,0,2,2,4,0,0,1,1,1,0,0,1,0,1,0,2,1,1,0,1,2,14,2,0,2,1,1,0,1,2,0,1,1,0,3,0,1,2,0,0,6,0,0,2,0,0,1,0,0,2,2,3,0,1,0,1,2,5
"COG2841",0,0,1,0,1,0,0,0,1,0,0,0,0,0,0,0,1,0,0,0,0,0,0,0,0,0,0,0,0,0,0,0,0,0,0,0,0,0,0,0,0,1,2,0,0,0,0,0,1,0,0,1,0,0,0,0,1,0,0,1
"COG2842",2,2,20,0,0,0,0,1,0,4,3,5,3,0,0,6,4,8,5,1,5,5,1,1,0,8,10,6,1,3,8,4,5,45,0,0,2,5,4,0,1,0,0,0,1,0,0,5,0,4,7,0,10,9,3,0,0,7,0,10
"COG2843",4,46,27,31,58,32,38,26,48,59,59,44,48,55,44,41,60,50,64,30,53,111,52,6,55,55,22,55,46,61,41,43,83,3,51,32,52,69,17,32,58,30,64,48,60,56,55,49,50,44,65,63,68,40,62,56,58,73,66,34
"COG2844",2,1,1,2,3,10,1,3,2,2,2,2,3,4,0,6,1,4,0,6,1,0,7,34,25,1,2,1,3,0,0,4,0,7,2,5,6,3,2,3,0,5,12,0,9,0,2,1,3,3,3,0,2,5,2,2,0,0,54,3
"COG2845",0,0,0,0,0,0,0,0,0,0,0,1,1,1,0,0,0,0,0,0,0,0,0,0,0,0,0,0,0,0,0,0,0,0,0,0,0,1,0,0,1,0,1,0,1,0,0,0,0,0,0,0,0,0,0,0,0,0,0,0
"COG2846",6,3,11,4,11,13,35,1,16,4,11,6,11,2,5,8,6,5,2,9,12,4,3,8,4,20,8,8,0,4,5,2,5,5,18,12,7,3,6,5,9,5,6,3,3,8,2,6,9,8,11,14,9,2,18,16,2,4,0,5
"COG2848",58,31,27,31,8,27,48,28,24,25,38,22,20,29,43,9,26,35,46,15,29,38,58,12,36,14,28,25,42,30,31,4,44,51,26,29,32,31,51,10,41,49,26,32,24,9,24,40,13,19,15,14,23,20,8,9,24,37,43,35
"COG2849",1,5,7,11,13,19,5,5,22,10,6,19,8,1,1,28,5,5,0,24,19,5,0,0,1,15,30,5,2,15,5,6,4,8,3,25,35,7,9,36,6,1,4,3,45,13,12,8,11,5,5,11,8,7,12,27,9,3,2,12
"COG2850",0,0,0,0,3,16,0,0,0,0,1,0,0,0,0,1,0,1,0,0,0,0,1,11,1,0,0,0,0,0,0,2,0,3,0,0,1,0,0,2,0,0,5,0,0,2,0,0,3,0,2,0,0,1,0,1,1,0,0,0
"COG2851",4,4,1,2,0,3,3,7,5,1,9,0,5,2,8,8,1,2,2,7,4,4,0,8,14,6,10,5,2,1,2,3,2,3,13,1,9,3,2,0,6,12,5,2,4,1,3,4,2,9,20,4,6,0,7,6,4,35,0,6
"COG2852",0,2,6,4,1,5,1,3,1,1,3,4,2,6,0,0,7,14,6,6,7,4,0,5,3,0,0,6,6,3,5,0,1,3,6,6,3,5,2,1,9,7,2,2,4,0,2,3,2,1,0,1,7,6,0,1,3,1,0,1
"COG2853",0,0,0,0,1,1,0,1,1,0,0,0,2,1,0,0,0,1,0,0,0,0,1,6,0,0,2,1,0,0,0,0,1,1,1,4,3,1,2,4,1,0,3,0,2,3,0,1,0,2,2,1,2,6,3,4,0,1,1,1
"COG2854",0,0,0,1,0,7,0,0,0,2,0,1,2,2,1,2,0,2,2,2,2,0,3,8,0,0,0,0,0,0,0,1,0,3,2,3,1,3,1,2,3,0,2,0,1,0,0,0,0,1,1,3,2,1,1,2,0,0,1,3
"COG2855",19,24,32,30,52,33,39,44,54,33,35,52,53,26,16,29,25,28,20,32,32,36,49,20,30,25,50,36,26,39,40,42,36,27,40,38,25,48,54,54,21,57,34,15,30,31,38,28,55,40,37,47,46,27,40,53,36,14,55,49
"COG2856",19,14,19,29,24,14,15,50,13,24,23,18,29,14,9,14,40,10,48,20,17,64,35,34,45,27,53,17,17,20,25,23,17,25,19,40,10,12,51,2,54,14,21,21,27,50,32,39,32,6,4,14,20,36,5,13,14,25,22,13
"COG2859",27,4,26,25,6,18,33,27,12,12,7,15,13,9,1,9,19,7,3,16,14,20,1,3,0,6,13,17,9,9,15,5,12,37,10,17,19,16,36,1,14,17,7,13,15,13,8,9,15,10,19,16,19,2,13,19,13,10,2,16
"COG2860",13,14,15,10,22,16,15,10,16,20,6,28,9,21,7,14,17,10,25,21,18,3,21,27,17,21,19,10,9,19,4,13,7,5,6,6,8,5,5,3,1,8,9,3,5,4,4,5,6,12,10,6,2,7,6,7,2,5,9,7
"COG2861",1,0,1,1,3,7,0,2,1,1,1,2,7,11,5,1,0,1,4,0,1,0,6,21,3,2,0,2,0,1,0,2,1,0,0,0,2,0,0,1,0,0,2,0,0,0,0,0,0,0,1,1,1,1,0,2,0,0,0,0
"COG2862",0,0,1,0,2,6,0,4,0,0,0,0,1,0,0,4,1,3,0,1,0,0,0,11,1,0,1,0,0,0,0,1,1,0,0,1,2,2,0,3,0,0,2,2,0,0,0,0,0,0,0,1,0,0,0,0,0,0,2,3
"COG2863",0,0,0,0,0,0,0,0,0,0,0,2,0,0,0,1,0,0,0,1,0,0,0,0,0,0,0,0,0,0,0,0,0,0,0,0,0,1,1,0,0,0,0,0,0,0,0,0,0,0,0,0,0,0,0,0,0,0,0,1
"COG2864",1,0,1,2,1,2,0,1,2,1,1,0,5,1,1,4,2,3,0,0,0,2,0,25,1,0,3,0,0,0,2,1,0,5,0,3,2,3,0,4,0,1,6,1,1,0,0,2,1,0,0,2,0,0,5,1,0,0,1,2
"COG2865",309,102,75,155,85,110,257,243,97,92,131,124,133,102,114,122,98,130,98,136,110,181,73,5,117,104,91,93,143,77,150,68,97,121,120,108,87,88,68,48,161,173,99,127,90,92,108,96,118,78,109,106,77,104,98,77,94,99,113,113
"COG2866",2,18,8,13,30,4,1,14,5,36,21,8,15,18,28,15,8,27,28,12,20,30,19,13,5,12,18,27,4,11,5,1,3,1,5,4,1,4,1,2,7,2,4,3,2,0,4,3,0,7,2,5,7,4,1,1,5,1,3,4
"COG2867",1,0,0,0,0,3,0,0,0,0,0,0,1,0,0,0,0,0,0,1,0,0,0,5,1,1,0,0,0,0,0,0,0,0,0,2,0,0,0,1,0,0,1,0,0,1,0,1,0,0,0,0,0,0,0,0,0,0,1,0
"COG2868",1,2,2,7,5,9,3,10,2,13,14,7,4,7,10,4,16,9,16,7,2,7,9,3,7,3,14,9,10,8,11,5,12,3,9,6,3,12,7,6,10,11,10,12,8,4,4,11,4,2,7,3,7,4,4,4,4,10,4,4
"COG2869",19,7,11,9,14,18,21,18,13,11,2,17,13,12,3,7,13,7,2,8,12,17,3,1,1,7,18,6,2,13,9,16,11,26,13,17,13,3,30,19,13,9,11,12,13,7,10,10,10,10,17,14,15,8,10,22,25,8,1,22
"COG2870",3,10,9,4,3,14,8,2,10,6,5,7,15,13,8,7,3,11,6,4,9,4,3,16,6,12,15,12,5,7,7,9,2,8,12,23,7,4,8,18,3,11,7,0,8,7,2,2,6,10,7,6,3,5,5,12,9,3,2,9
"COG2871",24,18,16,29,20,29,25,44,21,25,8,28,33,12,5,16,27,18,10,24,20,30,0,0,0,18,29,11,5,20,19,35,25,47,14,31,14,21,46,44,13,13,11,10,22,35,19,18,25,19,20,23,17,15,24,32,22,15,3,27
"COG2872",1,18,12,10,4,8,2,9,11,10,13,8,13,8,18,6,11,16,23,13,5,9,21,7,27,10,9,11,32,5,12,2,9,3,8,7,12,10,1,2,17,14,16,25,24,6,10,16,3,13,10,1,7,17,5,5,14,13,11,6
"COG2873",122,123,86,130,65,64,142,107,84,84,100,88,74,121,132,80,105,85,77,86,66,97,77,26,75,50,83,112,124,117,88,80,107,111,92,76,123,103,102,63,97,102,74,127,94,88,82,87,87,102,94,95,99,68,81,105,80,126,101,87
"COG2875",0,22,19,17,32,24,29,12,32,18,14,33,31,25,31,39,8,16,12,21,25,14,13,6,19,43,30,22,16,25,31,9,25,4,23,23,47,24,15,19,19,17,13,14,38,15,25,22,35,41,40,28,22,21,23,43,14,47,10,15
"COG2876",41,39,50,37,35,27,78,45,48,55,38,50,48,40,43,51,33,32,46,37,42,43,9,9,42,33,37,44,40,50,43,48,52,65,39,46,52,44,38,31,37,31,37,22,56,48,47,38,18,48,35,47,43,28,31,39,35,63,19,68
"COG2877",29,21,35,19,29,23,67,11,29,27,14,36,25,22,7,37,16,10,10,29,24,17,9,18,4,20,29,10,11,23,22,28,19,12,29,35,20,13,30,29,18,18,13,25,8,29,15,20,26,25,41,34,21,10,26,38,22,21,6,36
"COG2878",37,32,32,31,26,40,11,14,32,23,27,32,26,23,29,21,29,31,36,24,38,28,13,21,24,28,33,39,29,36,22,19,31,27,24,22,27,30,35,26,47,34,35,22,25,19,21,31,25,28,22,29,21,19,16,20,30,38,11,36
"COG2879",0,0,1,0,1,2,0,0,0,0,0,0,0,0,0,0,0,1,0,1,0,0,1,7,0,0,0,0,0,0,0,2,0,2,0,3,1,0,0,1,0,0,6,0,0,1,0,0,0,0,0,1,0,2,0,0,0,0,2,0
"COG2882",2,0,0,0,1,0,0,0,0,0,0,0,0,0,0,1,0,0,0,0,0,0,0,11,1,0,0,0,0,0,0,1,0,0,0,1,0,0,0,3,0,0,1,1,0,1,0,0,0,0,0,0,0,1,0,0,0,0,3,1
"COG2884",17,11,21,13,11,7,14,9,13,17,6,9,16,13,17,10,16,12,12,10,10,17,6,7,8,11,14,11,8,11,35,26,25,38,39,28,35,33,46,33,38,43,35,34,33,22,27,43,34,47,39,24,40,57,41,30,38,31,42,39
"COG2885",246,53,67,43,72,67,118,67,67,47,18,76,71,60,7,40,35,27,19,39,74,100,12,62,13,46,55,26,36,50,69,118,66,210,37,84,78,48,123,88,70,54,56,54,64,101,50,21,157,40,42,46,55,46,108,66,36,32,9,72
"COG2887",0,0,0,5,8,1,0,4,0,0,3,1,0,3,2,0,1,0,3,1,0,0,10,0,43,0,0,2,1,2,0,0,3,0,0,1,0,0,0,0,1,21,0,0,5,0,0,1,0,0,1,1,0,3,0,0,0,0,131,2
"COG2890",38,46,50,38,34,44,59,48,53,55,50,32,45,53,45,45,35,53,47,42,51,38,38,45,53,42,40,43,53,41,49,21,37,34,48,33,37,42,28,35,37,56,44,41,50,35,32,41,31,38,46,43,42,57,33,44,34,46,47,44
"COG2891",0,1,0,1,2,1,0,0,1,0,0,0,0,1,0,1,0,1,1,0,1,0,15,9,3,0,1,1,2,1,0,3,0,1,0,3,0,0,1,2,0,3,2,0,1,0,0,2,1,2,0,0,0,0,3,0,0,1,4,1
"COG2893",4,19,6,6,7,29,16,8,4,9,20,2,8,8,28,6,15,7,14,4,2,5,83,43,25,4,10,7,23,3,6,9,5,9,14,14,11,5,5,11,8,31,15,7,3,5,15,22,11,12,8,6,5,8,5,9,5,27,27,6
"COG2894",4,24,11,16,5,13,19,25,22,28,23,7,12,17,24,7,30,24,34,16,9,19,24,16,24,19,12,26,29,17,23,4,25,1,18,11,11,22,7,7,13,18,25,40,16,5,7,35,9,9,20,10,9,30,4,7,8,20,14,11
"COG2895",6,20,29,29,26,25,11,24,35,30,27,40,17,16,33,19,37,12,15,31,37,33,21,15,13,21,38,43,29,30,10,15,28,11,29,30,20,19,23,39,13,18,23,30,36,21,36,22,20,20,35,21,29,16,16,32,20,27,15,30
"COG2896",7,12,12,13,7,19,10,5,8,9,25,8,7,14,31,7,11,15,10,13,5,3,22,25,21,7,12,11,23,20,14,7,7,3,8,9,15,12,11,8,14,17,15,15,25,5,9,7,3,9,6,19,6,23,5,7,3,22,8,6
"COG2897",5,0,1,0,3,7,0,0,1,2,1,0,2,1,4,4,1,3,2,1,0,1,5,25,6,0,1,1,5,0,0,2,0,3,2,2,2,2,2,2,2,0,9,0,3,2,0,0,1,3,0,2,0,1,5,4,0,1,3,1
"COG2898",0,1,0,1,0,2,0,0,5,0,6,0,1,4,4,2,1,0,5,0,0,3,72,5,15,0,0,1,3,0,1,3,0,0,1,0,5,1,0,2,0,13,0,0,5,0,1,2,1,0,7,0,0,0,3,6,1,2,62,3
"COG2900",1,0,0,0,0,0,0,0,0,0,0,0,0,0,0,1,0,1,0,0,0,0,0,3,0,0,0,0,0,0,0,0,0,1,0,1,0,0,0,0,0,0,2,0,0,0,0,0,0,1,0,0,0,0,0,0,0,0,0,0
"COG2901",1,0,0,1,1,2,0,0,1,0,0,1,1,0,0,4,0,2,0,1,0,0,1,14,0,0,1,0,0,0,0,2,0,0,0,1,1,3,0,2,0,2,4,0,0,0,0,0,0,2,2,0,0,1,0,0,0,0,2,2
"COG2904",1,1,0,1,2,6,0,0,0,0,2,1,1,1,0,2,0,2,0,4,0,0,2,19,4,3,1,0,0,0,3,3,0,1,0,5,1,0,1,1,0,0,2,0,2,0,0,0,0,0,0,0,2,2,0,1,1,1,4,2
"COG2906",1,0,0,0,0,1,0,0,1,0,0,0,0,0,0,0,0,0,1,0,0,0,1,5,1,0,0,0,0,0,0,0,0,0,0,4,0,0,1,2,0,0,0,0,0,0,0,0,0,0,0,0,0,0,0,0,0,0,0,0
"COG2907",0,0,0,2,0,5,0,1,0,0,0,0,1,0,0,0,0,0,0,0,0,0,0,0,0,0,0,0,0,0,0,0,0,0,0,0,0,0,0,1,0,0,1,0,0,0,0,0,0,0,0,0,0,0,0,0,0,0,1,0
"COG2908",18,8,7,5,15,14,17,4,12,13,4,3,11,9,2,13,16,6,5,12,11,10,2,8,0,10,15,4,5,4,20,38,18,47,36,30,45,16,37,27,16,14,32,21,25,41,33,23,32,17,33,49,39,10,29,46,22,13,3,28
"COG2909",2,9,9,13,1,18,3,10,5,9,11,9,2,11,5,0,10,25,16,4,7,10,12,25,10,17,0,8,15,1,11,4,12,4,4,9,4,8,2,14,12,1,17,3,4,1,7,7,15,3,4,1,7,27,2,3,14,21,9,2
"COG2910",0,0,1,0,0,2,0,2,1,0,2,0,1,2,1,1,0,2,2,1,2,0,0,0,4,3,2,0,0,0,0,7,10,0,2,0,0,7,2,8,5,3,2,4,3,7,2,5,7,2,0,2,4,3,1,6,5,5,0,4
"COG2911",4,2,10,8,5,22,47,8,4,27,5,7,23,15,22,10,12,11,14,10,2,5,19,39,7,2,5,6,1,1,10,8,1,4,29,22,15,15,11,4,1,24,11,4,2,10,3,0,15,2,4,22,2,8,3,4,3,3,8,11
"COG2912",1,0,0,0,0,5,0,0,0,0,0,0,1,1,0,3,0,0,0,0,0,0,0,14,0,0,0,0,0,0,0,2,0,1,0,1,0,0,0,3,0,0,4,0,0,1,0,0,0,1,0,0,0,1,0,0,0,1,4,0
"COG2913",2,0,0,0,3,2,0,0,0,0,0,0,1,2,0,0,0,0,0,0,0,0,1,4,2,0,0,0,1,0,0,2,0,1,0,0,1,0,0,2,0,1,5,0,0,0,0,1,1,0,0,0,0,3,1,0,0,0,1,1
"COG2914",0,0,0,0,1,1,0,0,1,0,0,0,0,0,1,1,0,1,0,0,0,0,1,4,0,0,0,0,0,0,0,2,0,2,1,1,0,0,0,1,0,0,0,0,0,1,0,0,0,1,1,1,0,0,0,0,0,1,3,0
"COG2915",0,0,0,0,0,1,0,0,0,0,0,0,0,0,0,1,0,0,0,0,0,0,0,2,0,0,0,0,0,0,0,0,0,1,0,1,0,0,0,1,0,0,3,0,0,0,0,0,0,0,1,0,0,3,0,0,0,0,3,1
"COG2916",0,1,1,0,2,8,0,0,0,0,0,0,0,0,0,2,0,7,1,1,0,0,1,25,4,1,0,0,1,0,0,2,0,1,0,4,0,0,2,3,0,0,1,1,1,0,0,0,1,2,0,1,0,4,0,0,0,0,5,1
"COG2917",1,1,0,0,0,5,0,0,0,1,1,0,0,0,0,2,0,2,0,2,1,0,0,8,0,0,0,0,0,0,0,1,0,1,1,1,0,0,0,0,0,0,1,0,1,0,0,0,2,0,1,1,0,1,3,1,0,1,2,1
"COG2918",0,7,2,7,1,12,0,0,65,0,5,0,1,8,0,2,0,5,0,0,0,0,38,20,6,4,0,2,2,1,4,3,3,14,18,14,0,3,8,7,0,16,4,6,0,25,4,4,1,8,3,13,0,0,2,1,0,1,3,2
"COG2919",1,1,0,1,0,1,0,0,0,0,1,2,2,1,3,1,0,0,0,1,0,0,16,5,0,0,0,1,1,0,0,0,0,2,0,0,0,0,0,0,0,1,4,0,1,0,0,0,0,1,1,0,1,0,1,0,0,1,24,3
"COG2920",0,0,0,0,0,1,0,0,0,0,0,0,1,0,0,0,0,2,0,0,1,0,1,8,0,0,0,0,0,0,0,1,0,1,0,2,1,0,1,2,0,0,1,0,0,1,0,0,0,2,0,0,0,1,0,1,0,1,0,0
"COG2921",0,1,0,0,1,3,0,0,0,0,0,0,1,0,0,0,0,2,0,0,1,0,0,5,0,0,0,0,0,0,0,0,0,0,0,1,0,0,0,1,0,0,0,0,0,0,0,0,0,0,0,1,0,0,0,1,0,0,0,0
"COG2922",1,0,0,0,1,5,0,0,1,0,0,0,1,0,0,2,0,5,0,0,0,0,1,9,0,0,0,0,0,0,0,2,0,0,0,0,0,0,0,3,0,1,4,0,0,1,0,0,0,2,0,1,0,3,0,1,0,0,3,0
"COG2923",1,0,0,1,0,2,0,0,0,0,0,0,0,0,0,1,0,1,0,0,0,0,1,6,2,2,0,0,1,0,0,1,0,0,0,2,1,0,0,1,0,0,2,0,0,1,0,0,0,1,0,0,0,0,1,0,0,0,3,0
"COG2924",1,0,0,0,1,1,0,0,1,0,0,1,1,1,0,1,0,0,0,0,0,0,0,8,0,0,0,0,2,0,0,1,0,0,0,1,0,1,0,1,0,0,0,0,0,0,0,0,0,0,0,0,1,0,2,1,0,0,1,0
"COG2925",1,1,0,1,2,4,0,1,1,3,1,1,2,0,0,3,1,2,0,3,1,0,1,10,1,0,4,0,0,0,0,2,0,2,4,1,2,3,0,2,2,2,3,0,2,0,0,0,2,3,2,0,2,1,3,0,0,1,3,1
"COG2926",2,0,0,0,0,1,0,0,2,0,0,1,0,0,0,0,0,2,0,0,0,0,1,11,3,1,1,0,1,0,0,1,0,0,0,2,1,0,0,2,0,0,1,0,0,2,0,0,1,0,0,0,0,1,0,1,0,1,1,0
"COG2927",0,0,0,1,1,6,0,0,0,0,0,1,2,0,0,1,0,1,0,0,0,0,4,12,0,0,0,0,1,0,0,2,0,0,0,1,0,0,0,0,3,0,1,0,0,0,0,0,2,0,0,1,1,1,0,0,0,0,0,0
"COG2928",0,0,1,0,1,1,5,0,1,1,0,0,0,1,4,0,2,0,0,0,0,0,0,0,0,0,3,0,1,0,1,0,0,0,1,4,1,0,5,1,2,0,0,0,0,0,0,0,1,1,0,1,0,0,0,0,1,0,0,0
"COG2929",1,2,1,2,0,1,2,4,0,1,2,1,3,1,0,0,0,5,1,3,2,1,1,12,9,0,0,1,3,1,1,0,2,1,1,0,1,0,0,0,4,2,1,1,1,0,0,2,1,1,0,0,4,0,1,0,0,0,1,1
"COG2931",0,3,2,7,16,0,0,8,16,4,6,3,0,4,4,31,16,2,8,1,3,8,0,0,3,28,0,5,2,13,2,31,16,0,6,4,1,10,1,33,9,0,8,0,3,39,16,0,13,1,6,6,2,1,5,2,28,3,0,1
"COG2932",3,10,7,17,7,12,6,16,3,15,18,10,15,11,30,5,15,11,13,9,6,6,34,8,22,12,10,18,15,14,16,8,11,3,10,6,10,9,2,8,13,5,18,33,3,3,4,17,4,3,5,3,12,15,3,12,8,14,16,4
"COG2933",1,0,0,1,2,7,1,0,0,0,2,0,0,0,0,0,0,2,0,0,0,0,3,17,1,0,0,0,0,0,0,1,0,2,1,2,2,0,0,4,0,0,2,0,1,1,1,0,1,0,1,1,0,1,0,1,0,0,0,0
"COG2935",0,1,0,0,0,0,0,0,0,0,0,0,1,0,0,0,0,0,0,0,0,0,0,0,0,0,0,0,0,0,0,0,0,0,0,0,0,0,0,0,0,0,0,0,1,0,0,0,0,0,0,0,0,0,0,0,1,0,0,0
"COG2936",1,22,16,11,14,11,21,8,13,11,12,14,10,19,8,31,5,7,11,19,10,7,0,6,8,15,13,6,7,18,21,32,11,2,32,23,26,20,39,1,14,4,15,16,15,19,20,3,20,19,24,36,34,12,29,27,17,14,5,19
"COG2937",0,0,0,0,3,8,1,3,1,1,2,0,3,0,0,5,0,2,1,0,0,0,9,41,4,3,0,0,2,0,0,4,0,5,0,8,5,1,0,7,0,2,9,0,2,0,0,1,2,1,0,1,0,8,1,1,2,1,6,1
"COG2938",0,0,0,0,1,1,0,0,0,0,0,0,0,0,0,1,0,0,0,0,0,0,0,8,0,0,0,0,1,0,0,2,0,1,0,1,0,0,0,0,0,0,2,0,0,0,0,0,0,0,0,0,0,0,0,0,0,0,0,0
"COG2939",0,0,0,0,0,0,0,0,0,0,0,0,0,1,0,0,0,0,0,0,0,0,0,0,0,0,0,1,5,0,0,0,0,1,0,0,0,0,0,0,0,2,0,0,0,0,0,4,0,0,0,0,0,1,0,0,0,0,0,0
"COG2942",61,34,67,26,73,41,48,22,56,38,25,53,53,42,30,46,39,18,15,60,46,23,15,43,15,73,49,37,23,39,21,102,28,17,34,41,26,59,55,87,48,26,46,31,55,89,45,47,33,49,44,48,49,33,39,53,46,24,57,27
"COG2943",1,0,1,1,7,16,0,1,1,2,2,0,2,1,0,2,0,4,0,1,0,0,2,38,1,2,0,1,0,1,1,1,1,1,0,3,1,0,0,8,3,0,13,0,0,1,0,0,3,2,0,0,0,3,0,1,0,0,7,4
"COG2944",2,2,0,2,4,4,0,1,3,1,0,0,1,0,1,3,4,3,1,3,1,3,0,11,1,0,0,0,0,0,1,2,2,7,0,2,2,0,0,3,1,0,4,1,2,0,0,0,0,0,0,0,2,1,4,1,0,1,5,0
"COG2945",0,0,0,0,0,0,0,0,0,0,0,1,0,0,0,0,0,0,0,2,0,0,0,0,0,0,0,0,0,0,0,0,1,0,1,0,0,2,1,0,1,0,0,0,0,0,0,0,0,0,0,0,0,0,0,0,0,0,0,1
"COG2946",0,43,7,6,6,7,1,27,20,10,33,10,9,7,38,26,13,8,8,24,10,12,67,61,45,17,13,15,30,18,16,14,11,11,12,12,25,15,4,3,9,33,13,85,12,27,16,15,5,23,10,10,15,11,4,6,3,28,24,15
"COG2947",0,0,0,0,0,2,0,0,0,0,0,0,0,0,0,1,1,1,0,0,0,0,0,0,0,0,1,0,1,0,0,0,0,0,0,0,0,0,2,0,0,0,0,0,0,0,0,0,0,0,0,0,1,1,0,4,0,0,0,0
"COG2948",0,0,0,3,0,7,7,0,0,0,0,0,1,4,0,0,1,0,0,0,0,1,3,0,0,0,1,0,0,0,6,0,4,2,0,5,2,0,0,0,3,0,0,0,0,0,0,0,0,0,0,2,0,0,0,1,2,1,7,1
"COG2949",4,3,4,4,9,10,0,6,3,17,4,2,5,1,1,4,8,8,4,2,0,5,3,7,1,5,1,9,1,3,7,16,4,1,4,3,1,4,0,4,10,1,4,2,2,16,5,2,15,4,1,2,2,12,15,7,10,4,3,4
"COG2951",0,1,0,0,2,1,1,0,0,0,0,1,0,1,0,0,0,0,1,0,0,0,0,4,0,0,0,0,0,0,1,0,0,1,0,1,0,1,0,5,1,1,4,0,2,0,1,0,0,0,0,2,0,5,2,3,1,0,3,0
"COG2954",73,17,26,16,17,18,47,19,29,23,26,17,21,21,18,14,15,20,24,28,25,18,21,5,33,23,15,24,31,25,21,23,21,22,10,28,22,18,40,18,29,34,12,38,25,19,30,23,22,27,14,19,14,9,26,20,21,14,35,29
"COG2956",0,0,1,0,0,7,1,1,0,1,1,1,1,2,0,3,0,0,1,2,0,2,3,10,2,1,3,1,1,1,0,1,0,3,0,2,0,5,1,5,2,0,5,0,3,0,0,0,2,4,1,1,2,0,0,0,0,0,1,0
"COG2957",22,28,16,55,29,29,61,60,36,32,24,30,25,17,29,33,39,15,13,25,35,52,3,0,7,35,22,23,24,32,26,23,34,76,30,34,17,37,48,27,21,13,21,37,39,35,25,26,39,29,35,68,27,11,47,38,28,24,3,34
"COG2958",0,1,0,0,0,0,0,0,0,0,0,2,0,0,5,0,3,0,4,0,2,1,0,1,0,1,0,1,0,0,0,0,0,0,0,1,0,1,0,0,3,0,1,9,0,0,0,2,0,0,0,1,0,2,0,0,1,0,0,0
"COG2959",1,0,0,0,0,7,0,0,0,0,0,0,0,0,0,0,0,2,0,0,0,0,0,3,2,0,0,0,0,0,0,0,0,0,0,3,0,0,0,2,0,0,1,0,1,0,0,1,0,0,0,1,0,1,0,1,0,0,1,0
"COG2960",1,0,0,0,0,2,0,0,0,0,0,0,0,0,0,0,0,0,0,0,0,0,0,7,0,1,0,0,0,0,0,1,0,0,0,3,1,0,0,0,0,0,3,0,0,1,0,0,1,0,0,0,0,0,0,0,0,0,0,0
"COG2961",0,3,0,2,10,7,1,2,5,0,0,1,3,0,1,12,0,2,0,2,3,2,4,16,1,9,1,2,1,5,2,20,1,2,6,10,2,0,0,15,1,0,8,1,5,18,6,0,12,4,8,4,3,5,8,5,5,1,3,3
"COG2962",2,4,1,2,1,10,1,6,3,2,2,4,3,4,3,2,0,6,1,1,1,1,19,11,1,1,2,3,2,2,6,4,0,7,4,6,5,0,5,2,4,7,6,2,3,1,1,1,2,4,3,5,4,5,3,4,3,1,2,3
"COG2963",29,25,20,20,20,26,25,50,14,29,35,35,16,20,21,19,34,17,16,11,22,11,35,223,32,10,22,24,18,11,21,7,8,8,6,29,16,3,11,3,2,4,8,4,7,17,5,8,9,4,6,7,4,11,3,4,8,6,33,7
"COG2964",2,2,1,1,1,5,1,4,4,1,5,1,5,7,3,1,3,10,4,1,3,3,5,18,5,0,3,1,3,1,6,4,6,3,6,3,16,3,4,11,13,18,7,6,3,6,1,11,11,16,7,2,8,15,0,9,12,7,5,7
"COG2965",0,0,0,0,3,3,1,0,0,0,0,1,2,2,2,3,0,2,1,0,0,0,2,5,2,0,0,1,2,0,0,0,0,3,1,1,0,0,0,0,0,0,2,0,2,0,0,0,0,1,1,0,0,2,0,0,0,0,1,1
"COG2966",40,43,54,52,46,33,77,60,46,39,50,64,49,56,53,42,55,33,40,69,48,49,60,40,63,30,44,37,54,50,48,47,36,88,47,49,72,36,75,54,39,61,31,51,67,35,36,55,35,40,53,36,47,25,52,45,36,52,26,52
"COG2967",0,0,0,1,3,2,0,0,0,0,0,0,0,0,0,2,0,0,0,1,0,0,2,6,0,0,0,0,0,0,0,1,0,0,0,3,0,0,0,3,0,0,1,0,0,1,0,1,0,0,0,0,0,0,0,0,0,0,2,0
"COG2968",2,0,3,3,2,2,11,5,3,4,6,0,7,2,8,7,10,6,16,1,5,6,4,20,2,1,7,5,3,1,2,1,3,7,6,4,5,3,2,0,4,7,8,3,3,1,0,7,5,3,8,6,6,9,5,2,0,5,5,7
"COG2969",0,0,0,1,1,2,0,0,1,0,0,1,2,0,0,4,0,0,0,1,0,0,0,12,3,0,0,1,2,0,0,3,0,1,0,1,0,1,0,2,0,1,3,1,0,0,0,0,0,1,0,0,0,3,3,1,1,0,1,1
"COG2971",0,2,5,5,1,1,1,2,1,0,1,3,5,0,10,7,3,2,21,8,0,0,0,1,7,1,0,2,1,1,1,1,7,1,2,2,0,0,0,3,9,5,1,1,1,3,1,2,2,1,1,0,0,22,0,6,1,0,11,1
"COG2972",108,276,175,333,125,109,129,314,171,198,447,165,189,256,520,133,307,312,216,308,195,212,556,337,463,356,198,342,384,265,238,141,387,107,268,117,200,252,50,137,394,181,334,536,256,153,237,283,256,174,200,131,181,275,101,99,212,383,282,125
"COG2973",0,0,0,0,0,0,0,0,1,0,0,0,1,0,0,0,0,0,0,0,0,0,0,1,0,0,0,0,0,0,0,0,0,2,0,0,0,0,0,1,0,0,1,0,0,0,0,0,0,0,0,0,0,0,0,0,0,0,0,0
"COG2974",1,0,0,0,5,2,0,0,1,0,0,0,2,1,0,2,0,0,0,0,0,0,2,13,2,2,0,0,0,0,0,3,0,3,0,3,1,0,0,3,0,0,5,0,0,0,0,0,2,0,0,0,0,4,0,1,0,0,6,0
"COG2975",0,0,0,0,0,2,0,0,0,0,1,0,0,1,0,1,0,0,0,0,0,0,0,5,1,0,0,0,0,0,0,2,0,1,0,0,0,1,0,0,0,1,0,0,0,0,0,0,0,1,0,0,1,0,0,0,0,0,0,0
"COG2976",0,0,0,1,0,0,0,1,0,0,0,0,0,0,1,0,0,0,0,0,0,0,0,4,0,0,0,0,1,0,1,0,0,1,0,1,4,0,1,6,1,0,4,1,3,0,0,0,1,4,0,1,1,1,1,2,0,0,2,3
"COG2977",2,0,1,0,3,4,10,0,0,0,0,0,1,0,0,1,0,0,1,0,0,0,2,10,1,2,0,0,0,1,4,1,0,0,0,2,0,5,0,3,0,0,2,0,0,0,0,0,0,1,0,0,0,2,1,0,1,0,1,0
"COG2978",6,15,8,12,14,31,12,16,30,11,8,17,16,14,19,36,16,14,6,11,14,14,6,39,18,29,20,8,8,22,16,39,15,13,15,26,15,8,13,44,11,4,12,11,16,38,8,24,22,21,39,32,22,8,35,50,27,16,6,20
"COG2979",1,0,0,1,1,4,0,0,0,0,1,0,1,0,0,1,0,1,0,0,0,0,2,11,2,0,0,0,0,0,0,0,0,0,0,3,1,0,0,1,0,0,3,0,0,0,0,1,0,0,0,0,0,1,0,0,0,0,1,0
"COG2980",1,0,0,0,0,1,1,0,0,0,0,1,0,3,1,2,0,0,0,2,0,0,0,7,0,0,1,0,2,0,0,0,0,0,0,0,1,1,0,1,1,0,2,0,0,0,0,0,1,0,1,0,1,0,0,0,0,0,0,1
"COG2981",1,0,1,0,1,8,1,0,0,0,1,0,5,0,0,2,0,0,0,0,0,0,2,8,3,0,2,0,0,0,2,0,1,1,0,3,1,2,1,5,1,0,1,0,0,0,0,0,0,0,1,0,0,4,0,0,0,0,1,0
"COG2982",4,1,3,9,6,21,1,1,4,0,0,2,5,5,2,6,0,3,1,1,0,0,5,66,2,1,1,1,0,2,0,4,2,6,0,4,1,0,0,9,6,1,20,2,1,0,0,2,2,2,1,1,0,9,1,2,1,2,5,0
"COG2983",1,0,0,0,4,2,0,0,0,0,0,0,1,1,0,0,0,0,1,0,0,0,3,17,0,1,0,0,0,0,0,3,0,0,0,3,0,0,0,1,1,0,4,0,0,0,0,0,1,0,0,0,0,0,0,2,0,0,1,0
"COG2984",11,35,23,40,17,19,11,40,15,36,44,25,18,49,45,10,35,43,70,32,29,24,68,13,46,34,37,50,44,27,10,0,14,2,7,2,14,12,2,0,11,14,11,9,18,2,6,15,4,14,8,2,9,12,1,3,11,11,11,13
"COG2985",176,135,151,146,205,148,169,141,166,116,50,184,145,113,55,196,60,53,48,152,139,138,9,43,14,151,169,85,52,165,32,77,40,94,56,42,61,41,73,60,23,41,23,25,58,61,35,50,59,60,56,82,54,26,65,82,47,36,15,50
"COG2986",2,25,27,27,62,33,15,25,61,44,21,41,51,19,18,55,9,21,17,43,44,40,12,17,12,50,42,23,4,51,19,61,23,13,52,17,53,58,16,55,20,5,39,14,43,58,42,35,49,66,48,56,64,12,71,83,45,29,28,31
"COG2987",0,40,22,23,47,31,24,16,51,31,15,45,32,16,11,49,7,13,28,44,49,17,12,10,5,28,37,18,4,50,18,50,34,15,28,19,58,45,18,49,7,6,17,11,36,60,30,27,35,69,65,44,41,22,41,64,31,40,3,47
"COG2988",0,0,0,0,1,10,0,0,0,0,0,1,0,0,0,1,0,1,1,0,0,0,3,7,0,0,0,0,0,0,0,0,0,0,0,1,0,0,0,1,0,0,3,0,0,0,1,0,0,1,0,0,0,2,0,0,0,0,3,0
"COG2989",43,2,20,3,3,14,13,1,3,1,2,4,12,7,1,4,3,8,2,2,0,18,4,17,1,18,4,0,8,1,7,13,1,46,3,19,0,3,18,4,28,20,5,13,0,8,6,2,6,3,3,3,0,6,9,3,5,5,0,10
"COG2990",2,2,2,0,0,17,0,2,0,0,6,0,3,1,1,0,1,1,1,1,0,1,4,13,2,2,3,2,1,0,2,2,1,3,0,5,1,0,1,11,3,11,4,2,1,2,0,1,2,3,2,1,2,2,0,3,1,0,5,5
"COG2991",0,0,0,0,0,0,0,0,0,0,0,0,0,0,0,0,0,0,0,0,0,0,1,0,0,0,0,0,0,0,0,0,0,0,0,0,0,0,0,1,0,0,1,0,0,0,0,0,0,0,0,0,0,0,0,0,0,0,0,0
"COG2992",4,0,0,0,3,9,1,0,2,0,0,0,0,0,0,3,0,4,0,0,0,0,2,19,0,0,3,0,0,0,0,2,1,2,0,6,0,0,2,3,0,0,3,2,0,1,0,1,0,0,0,0,0,1,1,3,0,1,3,0
"COG2994",0,1,0,0,0,0,0,0,0,0,0,0,2,0,0,0,0,0,0,0,0,0,0,0,0,0,1,0,0,0,3,1,0,1,0,2,0,0,0,0,0,0,0,0,0,0,0,0,0,0,0,1,0,1,0,0,0,0,0,1
"COG2995",5,1,0,2,3,11,0,1,1,0,0,0,1,0,0,3,1,2,0,0,0,0,4,38,0,0,1,0,1,0,0,5,0,3,0,2,3,1,1,7,0,0,13,0,0,2,0,0,1,0,0,1,0,6,1,0,1,1,5,0
"COG2996",39,40,24,35,36,31,37,32,38,38,28,32,28,17,42,32,18,23,14,46,41,44,61,7,46,32,23,38,28,28,38,34,27,30,32,29,28,23,51,31,34,44,22,57,27,36,32,33,38,34,44,38,34,22,46,35,31,35,19,29
"COG2998",0,0,0,1,0,0,0,0,0,0,0,0,0,0,0,0,0,0,1,0,0,1,0,0,0,0,1,0,0,0,0,2,1,0,0,1,0,3,0,0,0,0,1,0,0,0,0,2,0,0,0,0,0,0,0,1,0,0,0,0
"COG2999",1,0,0,1,3,0,0,0,0,0,0,0,1,1,0,1,0,0,0,0,0,0,0,7,0,0,0,0,0,0,0,0,0,1,1,0,0,0,0,0,0,0,4,1,0,0,0,0,1,0,0,1,0,1,1,0,0,0,1,0
"COG3001",1,0,0,3,0,4,0,0,1,0,1,0,1,0,1,1,0,1,2,0,0,0,2,7,18,0,0,0,0,0,0,0,0,2,1,0,1,0,0,1,0,5,1,0,0,0,0,0,1,0,0,1,0,0,0,0,1,1,33,2
"COG3004",1,27,15,15,31,20,24,4,26,17,16,18,27,15,17,34,11,12,9,19,29,5,19,17,20,18,25,6,1,15,4,5,6,1,4,11,12,3,5,5,2,10,8,2,6,6,7,1,12,7,12,9,16,7,11,2,9,10,9,7
"COG3005",0,2,3,0,10,12,0,1,7,1,3,5,5,0,2,12,6,1,2,11,6,0,2,18,0,8,12,0,0,1,3,19,3,6,2,6,5,1,0,18,5,5,11,2,3,11,10,2,14,4,4,3,2,8,8,18,6,3,3,8
"COG3006",1,0,0,0,4,3,0,0,1,0,1,0,0,0,0,1,0,2,0,0,0,0,4,20,1,0,1,0,1,0,0,0,0,0,1,0,0,1,1,3,0,0,6,0,1,0,0,0,0,0,0,0,0,3,0,0,0,0,0,2
"COG3007",0,0,2,10,0,1,5,1,3,2,5,0,0,0,3,0,4,2,0,0,0,1,6,0,5,0,1,5,2,1,6,2,4,0,7,1,2,3,2,0,3,0,1,0,1,1,4,2,0,0,0,4,1,1,1,0,1,2,6,0
"COG3008",0,2,0,1,4,14,0,0,3,0,1,0,5,2,1,4,1,3,0,0,0,0,10,45,4,1,0,1,2,0,1,3,1,5,0,1,4,0,0,15,4,0,17,1,2,1,0,0,2,1,0,4,3,9,4,0,1,1,6,1
"COG3009",1,0,0,0,3,3,0,0,0,0,1,0,0,0,0,0,0,2,0,0,0,0,1,13,0,0,0,0,0,0,0,0,0,1,0,0,0,0,0,0,0,0,0,1,0,1,0,0,2,0,0,0,0,3,0,0,0,0,0,0
"COG3010",2,10,7,7,10,5,9,5,9,13,20,6,3,5,16,5,2,7,4,13,11,2,19,22,11,2,10,5,13,7,4,1,6,2,8,8,9,3,3,10,11,3,12,8,12,10,8,11,3,6,9,6,6,8,2,7,5,18,17,2
"COG3012",0,0,0,1,0,1,0,1,2,1,0,0,0,0,0,3,0,0,0,1,0,0,1,12,0,0,2,1,0,1,1,0,0,0,0,2,1,0,1,2,1,0,8,0,1,0,0,0,0,0,1,0,2,1,0,0,0,0,1,1
"COG3013",0,0,0,4,2,2,0,1,1,1,2,0,0,0,0,2,0,1,1,0,0,0,0,11,4,0,0,0,0,2,0,2,0,1,0,0,0,0,0,0,0,0,3,1,0,1,0,0,0,0,0,0,6,0,1,1,0,0,0,0
"COG3014",0,1,0,0,1,0,0,0,0,0,0,0,1,1,0,0,0,0,1,0,0,0,0,0,0,1,1,0,0,0,1,0,0,0,0,1,0,2,1,0,3,0,0,0,0,0,0,0,0,1,0,0,3,0,0,1,0,0,0,0
"COG3015",30,7,16,5,10,10,15,10,10,4,7,0,14,7,0,22,0,5,3,8,6,21,1,5,1,6,3,3,6,3,16,13,2,31,10,12,9,11,20,9,5,13,7,13,5,35,6,3,16,4,24,17,5,6,20,13,9,1,3,6
"COG3016",1,11,2,0,6,3,8,3,3,10,0,10,6,3,7,6,3,3,1,2,1,4,0,3,0,3,1,10,0,7,4,10,3,20,10,11,0,5,4,9,4,0,2,4,1,3,3,1,16,16,2,7,0,2,1,10,4,4,0,17
"COG3017",0,0,0,0,1,2,0,1,0,0,0,0,5,0,0,1,0,2,0,0,1,0,0,5,0,0,0,0,0,0,0,2,0,3,0,0,0,0,0,0,0,1,3,2,2,0,2,0,0,0,0,0,0,0,1,0,1,0,2,0
"COG3019",0,0,0,0,0,0,0,0,0,0,1,0,0,0,0,1,0,2,0,0,0,0,0,0,0,0,0,0,0,0,0,0,0,0,0,0,0,0,0,0,0,0,0,0,0,0,0,0,0,0,0,0,0,0,0,0,0,0,0,0
"COG3021",54,19,14,33,34,27,38,16,29,20,16,33,30,17,5,12,19,18,6,18,19,32,3,12,6,18,24,13,7,29,26,25,13,30,25,26,18,13,38,14,15,11,28,25,35,19,36,23,27,23,38,45,29,11,32,45,21,14,2,30
"COG3022",27,19,27,32,38,21,35,26,25,14,23,21,25,9,20,30,15,13,9,31,24,21,51,33,29,23,27,19,29,25,15,27,16,24,15,31,22,15,30,18,30,49,19,27,25,27,13,26,24,13,29,16,21,13,30,22,24,31,19,19
"COG3023",90,23,85,12,72,30,112,12,74,17,8,64,42,33,20,57,20,25,37,20,35,38,4,8,10,69,34,33,28,37,28,86,27,54,32,30,32,44,70,86,36,52,23,33,16,70,68,32,50,61,47,45,52,54,62,59,60,20,8,63
"COG3024",0,0,0,0,0,0,0,0,0,0,0,0,0,0,0,0,1,0,1,0,0,0,0,0,0,0,0,1,0,0,0,0,0,0,0,0,0,0,0,0,0,0,1,0,1,0,0,0,0,0,0,1,2,0,0,0,0,0,0,0
"COG3025",2,1,1,2,5,4,5,4,7,4,0,0,10,5,2,2,0,2,7,3,0,3,1,14,0,2,4,7,1,2,6,4,4,3,4,12,2,1,5,4,9,0,6,0,1,3,1,0,0,4,9,4,2,10,0,2,2,0,3,9
"COG3026",0,0,0,0,3,3,0,0,0,0,0,0,1,1,0,0,0,0,1,0,0,0,4,13,1,1,0,0,0,0,0,1,0,2,0,5,0,0,0,3,0,0,6,0,0,0,0,0,0,0,0,0,0,0,0,0,0,1,1,0
"COG3027",1,0,0,1,2,1,0,3,2,3,2,1,0,1,1,3,1,1,2,1,2,0,3,11,2,0,0,4,0,2,0,0,2,0,0,0,0,1,0,0,3,0,3,0,0,1,1,0,0,2,1,0,1,7,0,2,3,0,3,2
"COG3028",0,1,0,1,1,5,0,0,2,1,0,1,4,0,0,0,1,0,1,1,0,0,0,5,0,0,1,0,2,0,0,4,0,0,2,3,0,2,1,2,0,1,4,0,3,1,0,1,2,0,0,0,0,3,0,1,0,0,2,0
"COG3029",0,0,0,1,0,0,0,0,0,0,2,0,0,0,0,0,0,0,0,0,0,0,0,4,0,0,0,0,0,0,0,1,0,1,0,1,0,0,0,0,0,0,3,0,0,0,1,0,0,0,0,0,0,1,0,0,0,0,3,0
"COG3030",0,0,0,0,3,0,0,0,0,0,0,0,1,0,0,1,0,0,0,1,0,0,0,5,1,0,0,0,0,0,0,3,0,4,0,2,0,0,0,1,0,1,2,0,0,0,0,0,1,1,1,0,0,1,0,1,0,0,1,0
"COG3031",0,0,0,0,0,4,0,0,0,0,0,0,2,0,0,0,0,0,0,1,0,0,0,12,1,3,0,0,0,1,0,0,0,0,0,5,0,1,2,0,0,0,3,0,0,1,1,0,0,1,0,0,1,2,1,0,0,0,0,1
"COG3033",1,8,12,6,25,8,1,8,13,18,4,13,19,12,2,11,10,8,10,9,20,6,2,39,0,13,16,12,2,15,13,7,14,4,6,4,7,13,4,12,9,0,23,5,4,8,15,23,1,15,16,11,11,16,5,14,22,1,6,12
"COG3034",2,0,5,0,0,6,0,0,1,0,0,0,2,3,1,0,0,2,1,2,2,0,0,16,1,0,0,1,0,0,1,1,0,1,0,2,2,1,0,2,1,0,5,1,0,0,0,0,1,0,3,0,0,1,4,1,0,0,1,0
"COG3036",0,0,0,0,0,1,0,1,1,0,0,1,0,0,0,1,0,1,0,0,0,0,1,2,0,0,0,0,0,1,0,0,0,2,0,0,0,0,0,0,0,0,0,0,0,0,0,0,0,1,0,0,0,1,1,1,0,0,0,0
"COG3037",0,5,3,1,4,25,11,1,4,2,3,1,6,1,12,5,6,18,1,7,1,0,18,8,5,5,3,1,7,2,3,9,0,7,9,14,4,0,6,4,1,3,13,4,3,6,9,2,3,2,7,10,4,1,4,2,0,6,11,4
"COG3038",1,0,0,0,2,2,0,0,1,0,1,0,1,1,0,1,0,1,1,0,0,0,0,31,2,0,0,0,0,0,0,2,0,0,0,2,0,1,0,4,0,1,8,2,0,0,0,0,2,0,0,0,0,4,1,1,0,0,3,0
"COG3039",4,320,5,45,2,4,2,17,6,39,43,122,256,13,16,8,39,19,60,13,6,16,16,57,10,12,2,13,5,8,4,16,16,8,17,17,38,10,2,2,39,5,91,18,36,12,84,7,44,327,8,158,251,33,14,195,24,14,10,31
"COG3040",1,5,3,2,19,17,0,1,10,7,0,6,11,3,2,9,7,1,1,6,6,2,1,13,1,17,4,1,1,1,4,21,3,2,3,8,6,1,7,27,4,2,12,2,2,18,10,1,22,8,6,6,2,2,9,11,13,6,4,13
"COG3041",12,8,11,11,8,4,29,10,3,9,11,3,8,15,6,2,12,34,10,15,9,37,6,20,9,8,6,8,7,10,20,3,18,23,43,11,6,10,17,3,19,12,11,6,2,1,26,11,108,4,8,2,9,5,5,1,12,15,2,6
"COG3042",0,0,1,0,2,1,0,1,0,0,0,0,0,0,0,1,0,1,0,0,0,0,1,10,1,0,0,0,0,0,0,0,0,0,0,0,0,0,0,4,0,0,1,0,0,1,0,0,0,1,0,0,0,1,0,0,0,0,2,0
"COG3043",0,0,0,1,1,0,1,0,0,1,0,0,0,0,1,0,0,0,0,1,0,1,1,5,1,0,1,0,1,0,0,2,0,1,0,0,2,1,0,0,0,1,2,0,0,0,0,0,0,0,0,1,0,0,0,2,0,0,3,0
"COG3044",3,8,5,7,4,2,2,17,6,3,26,5,3,3,25,10,11,2,2,7,6,5,32,11,30,3,15,7,30,6,9,3,11,1,7,3,9,14,1,3,4,13,8,21,13,5,14,10,6,6,17,3,7,12,1,3,8,12,13,2
"COG3045",1,0,0,0,1,0,0,0,0,0,0,1,0,1,0,0,0,0,0,1,0,0,0,1,1,0,0,0,0,0,0,0,0,0,1,4,0,3,0,2,2,0,5,1,0,0,1,0,0,0,0,1,0,4,1,0,0,0,1,0
"COG3047",2,0,0,0,0,1,0,0,0,1,0,0,1,0,0,1,0,1,0,0,0,0,0,8,0,0,0,0,0,0,0,0,0,2,0,0,0,0,0,0,0,0,1,0,0,0,0,0,0,0,0,0,0,0,0,0,0,0,0,1
"COG3048",0,1,2,2,5,16,1,0,0,0,3,0,7,3,1,5,2,4,9,0,0,6,2,27,12,0,1,2,0,9,0,0,1,1,0,4,3,1,0,5,0,7,10,2,1,1,1,4,5,0,3,1,0,10,0,6,4,25,3,7
"COG3049",2,52,39,34,54,45,15,40,44,59,57,46,45,36,53,63,43,43,40,54,55,35,32,14,18,57,47,44,28,44,51,62,48,13,38,42,42,39,30,45,48,41,34,38,34,75,39,50,49,43,63,53,49,47,77,49,67,40,38,53
"COG3050",0,0,0,0,1,0,0,0,0,0,0,0,0,1,0,1,0,0,0,0,0,0,1,3,1,0,0,0,0,0,0,0,0,1,0,0,1,0,0,2,0,0,2,0,1,0,0,0,0,0,1,0,0,1,0,0,0,0,0,1
"COG3051",0,5,3,14,5,9,2,10,6,9,15,3,13,8,5,15,3,9,10,7,8,15,8,27,21,5,12,8,6,4,3,7,7,23,6,12,29,1,3,14,5,14,7,1,7,5,16,5,1,14,13,5,4,12,2,10,5,17,9,7
"COG3052",0,3,2,2,2,2,0,7,3,2,0,1,4,4,2,2,3,1,1,3,0,2,3,2,8,1,8,4,0,1,0,0,0,3,0,0,2,0,0,3,2,1,0,0,0,1,0,0,0,0,2,0,2,0,0,1,0,1,2,2
"COG3053",4,2,0,22,3,7,3,22,2,5,5,2,7,12,0,6,1,4,8,2,2,10,5,22,18,2,3,6,16,0,3,2,2,26,1,5,11,5,3,4,4,12,7,8,3,0,2,5,1,3,4,2,4,9,1,9,2,9,6,0
"COG3054",0,0,0,0,0,2,0,0,2,0,1,0,1,1,1,1,0,2,0,0,0,0,0,12,0,1,0,0,1,0,0,1,0,1,0,5,1,0,0,2,0,0,5,1,0,5,0,0,0,0,0,0,0,3,0,1,1,2,3,0
"COG3055",2,12,23,9,22,23,16,20,23,14,18,20,18,9,10,28,13,9,5,8,33,11,1,40,2,15,17,11,4,12,7,25,1,19,26,15,15,7,17,18,7,2,15,9,14,20,16,4,18,19,17,27,17,11,27,25,6,15,6,8
"COG3056",1,0,0,0,0,6,1,0,0,0,1,0,0,0,0,0,0,2,0,0,0,0,1,12,1,0,0,0,0,0,0,0,0,1,0,3,2,0,0,1,0,0,5,0,1,0,0,0,0,0,0,0,0,2,1,0,0,1,0,0
"COG3057",0,0,0,0,0,4,0,0,0,0,2,0,0,0,0,1,0,2,0,0,0,0,0,5,1,1,0,0,0,0,0,1,0,0,0,0,0,0,0,3,0,0,2,0,0,0,0,0,0,0,0,1,0,2,0,0,0,0,0,0
"COG3058",2,0,1,0,2,7,1,0,1,2,1,1,1,0,0,5,0,1,1,0,0,0,2,17,0,1,1,1,0,0,0,3,0,1,2,4,1,7,0,1,0,0,4,1,2,0,0,0,0,3,1,0,1,3,1,0,1,0,2,1
"COG3059",0,11,8,6,23,10,9,5,18,14,8,9,17,3,4,25,1,4,4,21,14,6,0,20,0,14,11,9,2,7,4,8,1,0,4,3,8,3,2,7,1,2,1,0,3,6,3,3,8,7,3,9,4,1,9,3,6,6,4,4
"COG3060",0,0,0,0,0,6,0,0,0,0,0,0,1,0,0,0,0,2,0,0,0,0,1,9,2,0,0,0,0,0,0,0,0,0,0,0,1,0,0,1,0,0,0,1,0,0,1,0,0,0,0,0,0,3,0,0,0,2,2,0
"COG3061",0,0,0,1,0,6,0,0,0,0,0,0,0,0,0,2,0,2,0,0,0,0,0,3,0,1,0,0,1,0,0,0,0,1,0,0,1,0,0,3,0,0,2,0,0,0,0,0,0,0,0,0,0,0,0,0,0,0,0,0
"COG3062",0,1,0,0,0,0,0,0,1,0,0,0,0,0,0,0,0,0,0,0,0,0,0,3,0,0,0,0,0,0,0,1,0,0,0,2,1,0,0,0,0,0,0,1,0,0,0,0,0,0,0,0,0,0,0,2,0,0,1,0
"COG3063",0,0,0,0,0,0,1,0,0,0,0,0,0,0,0,0,0,0,0,0,0,0,0,0,0,0,0,0,0,0,0,0,0,0,0,0,0,0,0,0,0,0,0,0,0,0,0,0,0,0,0,0,0,0,0,0,0,0,0,0
"COG3064",0,0,1,0,0,3,0,0,0,0,1,0,1,0,0,2,0,0,0,0,0,0,2,11,2,0,0,0,0,0,0,0,0,1,0,2,0,0,0,6,0,0,5,0,0,1,0,0,0,1,1,0,0,4,0,0,0,0,0,0
"COG3065",1,0,0,0,0,3,0,0,0,0,0,0,0,0,0,0,0,1,2,0,0,0,0,7,1,0,0,0,0,0,0,0,0,1,0,0,0,0,0,2,0,2,4,0,0,1,0,0,1,0,0,0,0,1,1,0,0,0,3,0
"COG3066",0,0,0,0,1,1,0,3,0,0,0,0,1,0,0,0,0,2,0,0,0,0,0,14,2,1,0,0,0,0,0,0,8,0,0,1,2,1,0,2,0,0,2,0,0,1,1,0,0,0,0,0,0,1,0,0,0,1,0,0
"COG3067",0,0,0,0,2,9,0,0,0,0,1,1,4,0,0,0,0,2,0,0,0,0,5,12,1,0,0,0,0,0,0,1,0,1,0,2,2,0,0,6,0,2,11,0,0,0,0,1,0,1,0,1,0,1,0,0,0,1,3,0
"COG3068",2,0,0,0,1,5,0,0,0,0,0,1,0,0,1,2,0,3,0,0,0,0,3,10,1,0,0,0,0,0,0,1,0,4,0,2,0,0,0,2,0,0,4,0,1,0,0,0,0,0,0,0,0,2,1,1,0,0,2,0
"COG3069",4,16,2,9,18,18,3,5,10,14,8,4,16,20,4,21,9,7,4,13,10,25,3,66,7,4,17,15,12,1,13,11,8,12,22,6,17,15,11,7,13,14,15,26,24,3,3,4,6,22,15,10,14,6,21,16,14,9,9,17
"COG3070",0,5,7,2,6,6,1,11,2,4,7,2,6,2,5,3,5,9,8,5,5,4,10,21,15,11,0,7,9,0,3,3,6,0,0,6,2,5,2,3,7,2,21,23,3,0,8,6,2,2,2,1,4,4,5,2,6,4,10,3
"COG3071",0,1,0,1,2,10,0,1,0,1,0,0,3,0,0,1,0,2,0,0,0,0,2,13,3,0,0,0,0,0,0,1,0,2,2,2,2,0,0,4,0,1,4,0,0,0,0,0,1,1,2,0,0,0,2,0,0,0,3,0
"COG3072",4,0,0,0,4,22,0,0,1,0,0,1,3,2,0,3,0,6,1,1,0,1,4,45,4,0,0,0,1,1,0,0,0,3,0,4,4,0,1,9,0,0,11,0,1,1,1,1,3,2,0,2,0,2,0,0,0,0,3,0
"COG3073",0,0,0,0,3,1,0,1,0,0,0,0,0,0,0,1,0,0,0,0,0,0,0,6,0,1,0,0,0,0,0,0,0,1,1,1,0,0,0,3,0,0,3,0,1,0,0,0,1,1,0,0,0,0,0,0,0,0,0,0
"COG3074",1,0,0,1,1,3,0,0,0,1,0,0,1,0,0,1,0,2,0,0,0,0,0,10,0,0,0,0,0,0,0,0,0,0,0,0,0,0,0,0,0,0,2,0,0,0,0,0,1,0,0,0,0,0,0,0,0,0,0,0
"COG3075",2,5,1,4,12,7,8,12,9,10,0,12,1,1,0,2,1,1,4,13,4,2,1,14,0,0,4,0,1,7,2,1,7,0,0,6,9,7,3,3,2,0,2,0,25,1,1,14,0,6,21,7,14,2,6,9,6,2,0,8
"COG3076",0,0,0,0,1,1,0,0,1,0,0,0,0,1,0,2,0,0,0,0,0,0,2,19,0,0,0,0,0,0,0,1,1,2,0,3,0,0,1,2,0,0,5,0,0,1,0,0,0,0,0,0,0,2,0,0,0,0,2,0
"COG3077",4,10,10,3,9,9,5,24,7,9,28,13,4,14,11,6,11,30,23,15,13,8,5,10,16,12,8,18,17,21,25,2,27,2,11,7,16,14,3,1,21,3,25,26,6,2,8,12,5,12,10,2,14,16,7,3,6,20,6,12
"COG3078",0,0,0,0,1,0,0,0,0,0,1,1,1,0,0,0,0,0,0,0,0,0,1,10,0,0,0,0,0,0,0,0,0,1,0,0,0,0,0,0,0,0,0,0,0,0,0,0,0,0,0,0,0,0,0,0,0,0,2,0
"COG3079",3,0,1,0,1,7,1,0,1,0,1,0,0,1,0,0,0,1,0,0,0,0,3,13,1,0,0,0,2,0,0,0,0,1,0,2,1,0,0,4,0,0,2,0,0,0,0,0,0,0,0,0,0,0,0,0,0,0,0,1
"COG3080",0,0,0,0,1,3,2,0,0,0,0,0,1,1,0,0,0,2,0,0,0,0,1,14,0,1,0,0,0,0,0,3,0,1,1,2,0,1,0,4,0,0,1,0,0,0,0,0,1,0,0,0,0,1,1,0,0,0,1,1
"COG3081",0,0,0,0,1,7,0,2,0,0,1,0,0,0,1,4,0,8,1,0,0,1,1,9,0,0,0,0,0,0,1,0,0,1,0,3,2,0,0,3,1,0,3,0,0,0,0,0,0,2,0,0,0,0,1,0,0,0,2,0
"COG3082",0,0,0,0,0,7,0,0,0,0,0,0,0,0,0,1,0,0,0,0,0,0,0,6,1,0,0,0,0,0,0,1,0,0,0,1,0,0,0,0,0,0,3,0,0,0,0,1,0,2,0,0,0,0,0,0,0,0,0,0
"COG3083",8,0,5,2,6,9,0,4,9,1,6,2,4,2,0,3,2,3,1,6,7,28,3,32,2,6,7,4,1,3,3,4,2,72,7,6,4,0,8,4,6,1,6,1,1,1,2,5,5,4,6,8,7,4,6,6,3,1,1,2
"COG3084",3,0,0,1,2,6,0,0,1,0,1,0,0,0,0,3,0,0,0,0,0,0,2,16,2,1,0,0,0,0,0,0,0,2,0,2,0,0,0,3,0,0,0,0,0,0,0,1,1,0,0,1,0,1,0,0,0,0,2,0
"COG3085",0,1,1,1,1,2,0,0,1,0,1,0,0,1,0,2,0,1,0,0,0,0,1,19,0,4,0,0,1,0,0,0,0,1,0,1,1,0,0,3,0,0,4,0,0,1,0,0,0,0,1,1,0,0,0,0,0,0,0,0
"COG3086",0,0,0,1,0,4,1,0,0,0,0,0,1,0,0,1,0,0,2,1,0,0,4,7,0,0,3,0,0,0,0,0,0,1,0,1,1,0,1,4,0,0,4,0,0,0,0,0,1,0,1,0,0,3,0,0,0,0,1,0
"COG3087",0,0,0,0,0,1,0,0,0,0,0,0,0,0,0,0,1,0,1,0,1,0,0,10,1,0,0,0,1,0,0,1,0,1,2,3,1,1,0,3,0,1,5,0,3,0,0,0,2,1,1,1,0,3,1,0,0,2,4,0
"COG3088",2,0,0,1,2,2,1,0,2,2,2,1,0,0,0,5,0,0,0,0,0,2,1,25,0,1,3,0,1,0,1,0,0,1,0,1,0,0,0,0,0,0,0,0,2,1,1,0,1,1,0,1,0,1,1,1,0,0,1,0
"COG3089",0,0,0,0,2,0,0,0,0,1,0,0,0,0,1,0,0,1,0,0,0,0,0,6,0,1,0,0,0,0,0,2,0,0,0,0,1,0,0,1,0,0,1,1,0,0,0,0,0,0,1,1,0,0,0,1,0,0,0,0
"COG3090",8,18,12,16,8,10,6,14,14,18,27,13,27,14,32,28,14,15,13,22,11,18,10,83,26,16,32,16,39,22,13,19,11,9,23,17,37,24,4,47,12,31,9,36,21,8,19,22,30,9,25,10,11,9,16,19,10,45,9,5
"COG3091",0,0,0,0,1,3,0,0,0,0,1,1,0,0,0,0,0,2,1,0,0,0,20,10,3,0,0,0,1,1,0,0,0,1,0,2,2,0,0,0,0,8,3,0,0,0,0,0,0,0,0,0,0,4,0,0,0,0,3,0
"COG3092",0,0,1,1,0,3,0,0,1,0,0,0,0,1,0,2,0,2,0,0,0,0,1,11,0,0,0,0,0,0,0,3,0,0,0,1,0,0,0,1,0,0,2,0,0,0,0,0,1,2,0,2,0,3,1,0,0,0,2,0
"COG3093",8,12,0,10,17,0,3,16,13,37,12,29,7,5,1,53,2,16,8,7,1,24,2,10,8,3,3,12,12,2,9,7,5,23,21,12,1,7,0,14,8,1,9,4,6,16,8,3,2,9,34,13,20,9,7,8,4,7,10,7
"COG3094",0,1,0,0,2,4,0,1,0,0,0,0,0,1,0,0,0,0,0,0,0,0,1,6,1,0,0,0,0,0,0,0,0,0,0,1,0,0,0,1,0,0,1,0,1,0,0,0,1,1,0,0,0,0,1,0,0,0,1,0
"COG3095",0,0,0,0,1,5,0,0,2,0,0,0,1,0,0,1,0,2,0,0,0,0,1,15,1,0,0,0,0,0,0,0,0,0,0,3,0,0,0,2,0,0,3,1,0,0,0,0,0,1,0,0,0,0,0,0,0,0,1,0
"COG3096",2,1,0,2,3,16,0,1,3,0,3,1,2,1,1,4,0,6,3,0,0,0,10,53,5,0,0,0,2,1,0,2,0,5,0,3,6,1,1,9,0,2,19,1,0,0,0,0,1,1,0,1,0,1,4,1,0,1,5,2
"COG3097",0,0,0,0,0,0,0,1,0,0,0,0,0,0,0,0,0,1,0,0,0,1,0,1,0,0,0,0,0,0,0,0,0,1,0,2,0,0,0,1,0,0,1,0,0,0,0,0,0,1,0,0,0,1,0,1,0,0,0,0
"COG3098",0,1,0,0,0,1,0,0,0,0,1,0,0,0,0,0,0,2,0,0,0,0,0,6,0,0,0,0,0,0,0,1,0,0,0,0,0,0,0,0,0,0,3,1,0,0,0,1,0,0,0,0,0,2,0,0,1,1,0,2
"COG3099",0,1,0,1,2,1,0,0,1,0,2,0,0,0,0,0,0,0,0,0,0,0,0,5,0,0,0,1,0,0,0,0,0,1,0,1,0,0,0,3,0,0,4,0,0,0,0,0,3,0,0,0,0,0,0,0,0,0,0,0
"COG3100",0,0,0,0,1,2,0,0,1,0,0,1,0,0,0,0,0,1,0,0,0,0,0,8,0,0,0,0,0,0,0,3,0,0,0,1,1,0,0,0,0,0,1,1,0,1,0,0,0,0,0,0,0,1,0,0,0,1,1,0
"COG3101",0,0,0,0,1,1,0,0,0,0,0,0,0,0,0,0,0,0,0,0,0,0,1,12,0,0,0,0,0,0,0,0,0,0,0,2,0,0,0,2,0,0,3,0,0,0,1,0,0,0,1,0,0,2,1,0,0,0,2,0
"COG3102",0,0,0,1,0,2,0,0,0,0,0,0,0,0,0,0,0,0,0,1,0,0,3,10,1,0,0,0,1,0,0,1,0,0,0,0,0,0,0,1,0,0,1,0,0,0,0,0,1,0,0,0,0,1,0,0,0,0,0,0
"COG3103",5,6,7,16,11,9,1,16,23,28,29,8,7,9,32,8,12,18,17,14,10,8,11,18,24,30,12,20,11,6,21,8,25,5,7,6,8,16,0,7,30,5,26,8,19,3,12,27,6,0,14,6,7,34,8,1,12,13,8,6
"COG3104",47,35,51,50,61,75,26,61,57,32,17,62,53,27,12,45,37,33,19,46,60,46,16,120,24,43,54,26,9,52,34,66,30,90,16,57,31,35,68,68,44,34,44,25,40,73,38,54,46,49,63,40,42,31,53,57,67,19,19,66
"COG3105",0,0,0,0,3,2,0,0,1,0,0,0,0,0,0,3,0,1,0,0,0,0,1,8,1,0,0,0,0,0,0,1,0,1,0,2,0,0,0,2,0,0,2,0,0,0,0,0,0,1,0,0,0,2,0,2,0,0,0,0
"COG3106",0,0,0,1,4,5,0,0,1,0,1,0,0,0,0,0,0,1,0,0,0,0,3,17,0,0,0,0,0,0,0,1,0,1,0,2,0,0,0,2,0,1,8,0,0,1,0,0,0,0,0,0,0,1,0,0,0,0,3,0
"COG3107",0,0,0,1,4,10,1,1,2,0,1,0,3,0,0,1,1,3,0,1,0,0,1,28,1,0,0,0,0,0,0,1,0,2,0,5,1,1,0,4,0,1,6,0,0,0,1,0,1,4,0,1,0,4,0,0,2,0,4,1
"COG3108",1,0,0,0,0,1,0,1,0,0,0,0,0,0,1,1,0,5,0,0,0,0,3,16,4,0,0,0,0,1,0,0,0,2,0,1,0,0,0,2,0,0,2,0,0,0,1,1,0,0,0,0,0,2,0,1,0,0,1,0
"COG3109",1,0,0,0,0,2,0,0,0,1,1,0,0,0,1,0,0,1,0,0,0,0,0,9,2,0,0,0,0,0,0,0,0,1,0,2,0,1,0,1,0,0,4,1,0,0,0,0,2,0,0,1,0,3,0,0,0,0,4,0
"COG3110",0,0,0,2,0,0,0,0,0,0,0,0,1,0,0,1,0,1,0,0,0,0,0,2,0,0,0,0,0,0,0,0,0,0,0,2,0,0,0,1,0,0,1,2,0,0,0,0,0,0,0,0,0,2,0,0,0,1,1,0
"COG3111",0,0,0,3,1,6,5,1,1,1,2,0,2,0,1,5,1,1,1,0,0,0,1,15,1,0,0,0,0,0,2,1,1,3,1,6,1,2,2,2,0,0,3,0,0,2,0,0,0,1,1,3,0,2,2,1,0,0,4,0
"COG3112",0,2,0,0,0,3,0,1,1,0,0,0,1,0,0,1,0,1,0,0,0,0,1,7,1,0,0,0,0,0,0,1,0,0,0,1,2,0,0,2,0,0,3,0,0,0,0,0,0,1,0,0,0,0,1,0,0,0,0,1
"COG3113",2,0,0,0,0,2,0,0,0,0,0,1,0,1,1,1,0,0,0,0,0,0,1,10,0,0,0,0,0,0,0,2,0,0,0,1,1,0,0,0,0,0,1,0,0,0,0,0,0,0,0,0,0,2,0,0,0,0,0,0
"COG3114",0,0,0,0,0,1,0,0,0,0,0,0,0,1,0,0,0,0,0,0,0,0,0,4,0,0,0,0,0,0,0,0,0,1,0,0,0,0,0,0,0,0,1,0,0,0,0,0,0,0,0,0,0,0,0,0,0,0,0,0
"COG3115",0,0,0,0,0,0,0,0,0,0,0,0,0,0,2,0,0,0,0,0,0,0,0,3,2,0,0,0,0,0,0,2,0,0,0,1,0,0,0,0,0,0,0,0,0,0,0,0,0,0,0,0,0,0,0,0,0,0,0,0
"COG3116",1,0,0,2,0,2,0,0,0,0,1,0,1,1,0,2,0,2,0,0,0,0,1,13,0,0,0,0,0,0,0,0,0,0,0,2,1,0,0,4,0,0,2,1,0,0,0,0,0,1,0,0,0,1,0,0,0,1,2,1
"COG3117",0,1,0,0,4,8,0,1,2,1,0,2,0,1,0,3,0,2,0,0,0,1,1,17,2,0,2,0,0,0,0,2,0,3,0,3,2,2,0,4,1,1,1,0,0,0,0,0,3,0,0,0,0,3,1,2,1,0,1,1
"COG3118",1,0,0,0,0,5,0,0,0,0,2,0,0,0,0,0,0,0,0,0,0,0,1,4,5,1,0,0,0,0,0,0,0,0,0,1,0,0,0,1,0,2,2,0,0,0,0,0,0,0,0,1,0,2,0,0,0,0,13,2
"COG3119",125,382,325,214,690,356,254,177,451,271,156,433,283,173,119,644,166,126,183,426,382,236,36,144,50,1032,375,242,70,383,213,813,221,118,358,381,329,333,302,777,221,121,286,184,297,737,559,388,629,494,417,439,470,281,694,521,527,296,60,352
"COG3120",0,0,0,0,2,5,0,0,0,0,1,1,0,0,0,0,0,0,0,0,0,0,0,12,0,0,0,0,1,0,0,1,0,2,0,0,1,0,0,1,0,0,1,0,1,0,0,0,0,0,1,1,0,0,0,0,0,0,0,0
"COG3121",10,0,1,1,17,50,0,0,3,3,2,2,2,3,2,18,0,9,1,1,0,0,14,142,7,3,0,0,1,1,0,13,0,12,1,26,3,3,1,23,1,0,36,5,0,5,1,1,5,1,2,2,1,9,5,6,0,2,15,1
"COG3122",2,0,0,0,0,5,0,0,0,0,0,0,1,1,0,1,0,0,0,0,0,0,0,9,1,0,0,0,0,0,0,1,0,0,0,0,0,0,0,4,0,0,3,0,0,0,0,0,0,0,0,0,0,1,1,0,0,1,3,0
"COG3123",1,0,0,0,1,2,0,0,0,0,0,0,2,0,0,0,0,0,0,0,0,0,1,8,2,0,0,0,0,0,0,1,0,1,0,0,1,0,0,2,0,0,1,0,0,0,0,0,1,0,0,0,0,4,1,1,0,0,2,0
"COG3124",0,3,0,1,1,10,0,0,2,1,1,7,3,2,0,0,0,3,0,2,2,0,1,8,0,3,6,3,0,0,2,0,0,1,2,2,0,1,0,0,1,0,0,0,2,0,0,3,1,1,4,0,3,2,1,2,5,0,1,0
"COG3125",0,0,0,0,0,0,0,0,0,0,0,0,0,0,0,0,0,1,1,0,0,0,0,0,1,0,0,0,0,0,0,0,0,0,0,0,0,0,0,1,0,0,1,1,1,0,0,0,0,0,0,0,0,1,0,0,0,0,0,0
"COG3126",1,0,0,0,1,3,0,0,0,0,0,0,2,0,0,0,0,0,0,0,0,0,1,3,0,0,0,0,0,0,0,1,0,0,0,0,0,0,0,0,0,0,1,0,0,0,0,0,0,0,0,0,1,0,0,0,0,0,0,0
"COG3127",0,2,0,0,0,6,0,0,0,0,0,0,1,2,0,0,0,3,0,0,0,0,6,24,4,0,0,0,0,0,0,1,0,0,0,3,1,0,0,3,0,0,6,1,0,0,0,0,2,1,0,1,0,1,0,1,0,0,2,0
"COG3128",0,0,0,0,1,4,0,0,0,0,0,0,0,1,0,0,0,0,0,0,0,0,0,8,0,0,0,0,0,0,0,0,0,1,0,2,0,0,0,0,0,2,3,1,0,0,0,0,0,0,0,0,0,1,0,1,0,0,1,1
"COG3129",1,3,0,0,7,4,1,1,8,2,0,4,3,0,1,8,1,0,1,2,1,1,2,13,1,5,0,1,0,4,0,17,0,1,3,5,0,3,3,10,4,0,3,1,0,14,8,1,12,3,1,2,1,6,8,6,3,3,4,5
"COG3130",0,0,0,0,0,0,0,0,0,0,0,0,0,0,0,0,0,0,0,0,0,0,0,6,0,0,0,0,0,0,0,0,0,0,0,0,0,0,0,0,0,0,1,0,0,0,0,0,0,1,0,0,0,0,0,0,0,0,0,0
"COG3131",4,1,1,3,3,16,0,0,2,0,0,0,2,0,0,2,0,7,1,0,0,0,4,52,1,2,0,0,0,0,0,1,0,5,0,6,0,0,0,6,4,0,11,2,0,0,2,1,4,0,1,1,0,5,1,1,0,0,5,2
"COG3132",0,0,0,0,0,4,0,0,1,0,0,0,0,0,0,0,0,0,0,0,0,0,4,8,1,0,0,0,0,0,0,1,0,1,0,0,1,0,0,0,0,0,4,0,0,0,0,1,2,0,0,2,0,2,0,0,0,0,0,0
"COG3133",0,1,2,0,1,4,0,1,0,0,0,0,1,0,0,2,0,1,0,1,0,0,0,2,0,0,0,0,0,0,0,0,0,0,1,1,0,0,0,1,0,0,4,0,0,0,0,1,0,0,0,0,0,2,0,0,0,0,1,3
"COG3134",0,0,0,0,2,6,0,0,0,0,0,0,1,0,0,1,0,1,0,0,0,0,1,8,0,2,0,0,0,1,0,0,0,0,0,0,0,0,0,1,0,0,5,0,0,0,0,0,1,0,0,2,0,1,0,0,0,0,0,1
"COG3135",0,0,0,0,0,4,0,0,0,0,0,0,0,0,0,0,0,3,0,0,0,0,0,3,0,0,0,0,0,0,0,0,0,0,0,0,0,0,0,3,0,0,0,0,0,0,0,0,0,0,0,0,0,0,0,0,0,0,0,0
"COG3136",0,0,0,0,0,0,0,0,0,0,0,0,0,0,0,0,1,0,0,0,0,0,0,2,0,0,0,0,0,0,0,2,0,0,0,1,0,0,0,2,0,0,2,0,0,0,0,0,0,0,0,0,0,0,1,0,0,0,1,0
"COG3137",0,0,0,0,1,4,0,0,0,0,0,0,0,0,0,0,0,1,0,0,0,0,1,3,0,0,0,0,0,0,0,1,0,0,0,0,0,0,0,1,0,0,1,0,0,1,0,0,1,0,0,1,0,0,0,0,0,0,3,0
"COG3138",1,0,0,0,2,9,0,0,0,0,0,1,0,1,0,0,0,3,0,0,0,0,4,14,1,1,0,0,0,0,0,4,0,1,0,2,0,0,0,2,0,0,0,0,0,0,0,0,0,0,2,0,0,2,0,0,0,0,1,0
"COG3139",0,0,0,0,0,1,0,0,0,0,0,0,0,0,0,0,0,1,0,0,0,0,0,3,0,0,0,0,0,0,0,2,0,1,0,0,0,0,0,1,0,0,0,0,0,0,0,0,0,0,0,0,0,0,0,0,0,0,1,0
"COG3140",0,0,0,0,0,1,0,0,0,0,0,1,0,0,0,0,0,0,0,0,0,0,0,2,0,0,0,0,0,0,0,0,0,0,0,0,0,0,0,0,0,0,1,0,0,0,0,0,0,0,0,0,0,0,0,0,0,0,0,0
"COG3141",0,0,0,0,0,2,0,0,0,0,0,0,0,0,0,1,0,0,0,0,0,0,1,7,0,0,0,0,0,0,0,0,0,0,0,1,0,0,0,3,0,0,6,0,0,0,0,0,0,2,0,0,0,0,1,0,0,0,1,0
"COG3142",20,23,14,21,12,17,25,19,22,23,10,32,28,14,10,27,17,10,14,32,7,13,26,13,29,25,16,13,25,22,3,3,7,1,3,6,7,3,3,5,7,5,3,8,4,9,2,10,8,7,11,8,11,5,8,11,1,8,4,5
"COG3143",0,0,0,0,0,0,0,0,0,0,0,0,1,0,1,0,0,0,0,0,0,0,0,12,0,0,0,0,0,0,0,2,0,0,0,0,0,0,0,1,0,1,2,0,0,1,0,0,0,0,0,0,0,1,0,0,0,1,0,1
"COG3144",0,1,4,8,2,2,1,6,4,0,2,1,3,10,8,3,2,4,2,0,1,4,0,12,2,21,0,25,8,3,6,0,6,3,2,1,4,3,0,3,6,2,12,4,1,1,0,2,2,2,2,1,2,1,1,1,4,14,1,0
"COG3145",0,0,0,0,1,4,0,0,0,0,0,0,0,1,0,0,0,2,0,0,0,0,1,10,0,1,0,0,0,0,0,1,0,1,0,2,0,0,1,1,0,0,3,0,0,0,0,0,1,2,0,0,0,0,0,0,0,1,2,0
"COG3147",0,0,0,0,0,3,0,0,0,0,0,0,0,0,0,0,0,1,0,0,0,0,0,5,2,0,0,0,0,0,0,1,0,0,0,0,0,0,0,0,0,0,3,0,1,0,0,0,0,0,0,1,0,0,0,0,0,0,2,1
"COG3148",1,0,0,0,0,2,0,0,0,0,0,0,1,0,0,2,0,2,0,0,0,0,2,8,1,0,0,0,0,0,0,1,0,1,0,0,0,0,0,3,0,0,0,0,0,0,0,0,0,0,0,0,0,3,0,0,0,1,0,0
"COG3149",0,0,0,0,1,2,0,0,0,0,0,0,1,1,0,0,0,1,0,0,0,0,0,0,0,1,0,0,0,0,0,1,0,0,0,1,0,0,0,1,0,0,1,0,1,0,0,0,1,0,0,0,0,2,0,0,0,1,0,0
"COG3150",4,0,7,1,5,4,0,3,0,0,1,1,6,1,1,15,3,3,0,13,1,6,1,30,2,0,2,0,0,1,2,0,0,3,0,2,0,2,0,5,4,1,4,0,1,0,2,4,4,0,1,0,3,1,5,2,0,0,6,4
"COG3151",0,0,0,0,2,1,0,0,0,0,0,0,1,0,0,2,0,0,0,0,0,0,2,10,0,0,0,0,0,0,0,0,0,2,0,0,0,1,0,2,0,0,3,0,0,0,0,0,0,0,0,0,0,0,0,0,0,0,3,0
"COG3152",4,1,5,2,8,10,3,0,5,11,11,8,5,1,4,6,6,11,2,3,1,10,32,23,3,7,1,3,1,3,5,9,11,15,5,5,4,3,2,16,7,12,4,3,5,11,1,4,11,5,6,5,3,4,5,9,14,0,20,4
"COG3153",2,11,7,6,13,19,6,4,17,8,4,7,13,8,1,17,6,6,8,9,13,6,7,12,2,15,9,4,3,6,6,19,9,6,5,8,7,6,5,23,10,2,6,7,11,18,18,25,10,22,12,6,20,10,16,8,25,9,5,7
"COG3154",0,0,0,0,0,4,0,2,1,0,0,0,1,0,0,3,0,2,2,0,0,0,1,15,6,0,0,0,0,0,0,1,0,2,0,0,0,1,0,2,0,0,0,1,0,0,0,0,2,2,1,0,0,0,0,0,1,1,1,0
"COG3155",0,0,0,1,0,5,0,0,0,0,0,1,0,0,0,0,0,3,2,0,2,0,1,2,0,0,0,0,0,0,0,0,0,2,0,1,0,0,0,2,0,0,2,1,1,0,0,1,0,0,0,0,0,0,0,0,0,0,1,0
"COG3156",0,1,0,0,0,5,0,0,1,0,0,0,2,2,0,1,0,1,0,0,0,0,0,15,1,0,0,0,0,0,0,0,0,0,0,0,1,0,0,2,0,0,5,0,0,2,1,0,1,1,0,0,0,1,0,0,0,0,0,0
"COG3157",2,0,0,0,6,11,1,0,1,0,0,1,2,2,0,4,0,4,0,0,0,1,2,36,1,2,0,1,0,1,0,4,0,1,0,13,0,0,0,3,1,0,4,2,0,4,0,2,3,0,1,1,0,14,5,0,0,1,7,1
"COG3158",68,2,20,14,1,22,30,32,0,2,1,5,11,8,3,5,16,7,11,0,3,34,30,56,59,0,2,10,6,1,17,3,5,66,1,6,0,2,20,2,12,36,13,5,3,1,1,0,1,4,2,1,1,1,1,0,1,1,149,21
"COG3159",0,0,0,0,0,1,0,1,0,2,1,0,0,0,0,2,0,0,0,0,0,0,2,4,0,0,0,0,0,0,1,2,0,2,0,0,0,0,0,1,2,0,1,0,1,0,0,0,0,0,0,1,0,2,0,1,0,0,0,0
"COG3160",0,0,0,0,3,4,0,0,1,0,0,0,0,1,0,1,0,3,0,0,0,0,1,16,3,1,0,0,0,0,0,1,0,1,0,6,0,0,0,4,0,0,3,0,0,0,0,0,1,1,0,0,0,1,0,0,0,0,0,0
"COG3161",1,0,0,0,2,1,0,1,0,0,0,0,0,0,0,0,0,1,1,1,0,0,1,15,0,0,0,0,0,0,0,0,0,0,0,4,0,0,0,0,0,0,1,0,0,3,0,0,0,1,0,0,0,2,1,0,0,1,1,0
"COG3162",1,0,0,0,0,5,0,0,0,0,0,0,1,0,0,1,0,0,0,0,0,0,0,8,0,0,0,0,0,0,0,1,0,0,0,0,0,0,0,2,0,0,2,0,0,0,0,0,0,1,0,0,0,1,0,0,0,0,0,1
"COG3164",4,1,1,0,4,29,1,1,2,3,4,1,9,9,1,4,0,9,1,5,0,1,13,56,8,4,3,0,4,1,1,3,0,4,3,5,4,5,2,9,5,3,13,3,6,0,2,0,4,5,4,3,1,7,5,6,1,1,5,1
"COG3165",0,0,0,0,0,2,0,0,0,0,0,0,0,1,0,0,0,0,0,2,1,0,3,20,1,0,0,0,0,0,0,0,0,6,0,1,0,0,0,1,0,0,1,0,0,0,0,0,2,0,0,0,0,2,0,0,0,1,2,1
"COG3166",1,0,0,1,0,0,0,0,1,0,0,0,3,0,1,0,0,0,0,0,1,2,1,11,0,0,1,0,0,0,0,2,0,1,0,1,0,0,1,1,1,1,2,1,0,0,0,0,0,1,0,1,0,1,0,1,0,1,2,0
"COG3169",3,16,6,8,18,8,3,20,8,14,5,12,8,5,0,14,9,5,1,10,18,13,0,0,0,10,9,7,4,14,9,16,9,15,11,10,9,11,5,11,8,4,9,8,12,15,8,13,10,10,18,20,11,6,13,17,16,4,0,11
"COG3171",1,0,0,0,0,0,0,0,0,0,0,0,0,1,0,0,0,0,0,0,0,0,0,2,0,0,0,0,0,0,1,0,0,0,0,4,0,0,0,0,0,0,2,1,0,1,0,0,0,0,1,0,0,1,1,1,0,0,1,0
"COG3172",0,0,0,1,2,8,0,0,0,0,1,1,1,0,0,2,1,3,5,0,0,1,18,17,6,1,0,1,0,0,0,0,0,0,0,2,0,0,0,6,0,1,3,1,0,0,0,0,2,1,0,0,0,1,0,1,0,0,8,2
"COG3173",0,2,2,0,0,0,0,1,3,2,0,0,2,2,0,1,0,2,4,1,1,1,8,29,0,0,1,2,0,0,0,0,0,1,1,3,1,0,0,1,5,0,1,0,0,1,2,3,1,0,1,0,1,2,0,0,0,0,3,0
"COG3174",3,20,12,6,42,6,5,9,32,11,4,36,13,6,2,21,0,4,9,31,18,11,1,0,1,25,17,9,2,21,4,26,7,0,23,9,19,13,4,36,5,1,12,7,27,39,26,20,29,26,27,34,31,3,33,34,29,15,0,17
"COG3176",110,43,77,48,78,56,69,38,58,42,26,58,58,52,9,73,38,33,14,76,55,67,0,0,8,56,39,25,22,46,48,67,46,100,50,76,44,61,67,51,35,50,29,46,44,59,46,33,71,40,73,79,59,20,76,73,58,36,7,52
"COG3177",179,122,78,77,65,84,90,89,49,108,56,75,78,68,64,110,89,111,52,98,60,153,46,17,65,80,92,70,75,94,122,63,89,79,67,114,58,54,102,25,89,76,79,72,53,114,74,94,89,99,131,100,93,88,103,47,86,38,136,53
"COG3178",70,26,37,19,58,35,59,30,36,22,10,38,17,25,9,19,22,12,11,33,29,37,0,0,0,22,50,23,11,26,21,27,16,70,25,30,35,14,30,12,12,11,19,13,38,19,21,15,20,29,40,37,19,8,26,27,28,14,1,24
"COG3179",3,0,4,0,0,0,0,0,0,0,0,14,0,0,0,0,0,0,0,0,0,0,0,0,0,0,0,0,0,0,16,0,1,13,0,0,0,1,0,1,0,0,1,0,0,0,0,0,0,0,0,0,0,0,0,0,0,0,1,0
"COG3180",0,1,0,1,0,1,0,1,1,3,3,0,6,1,0,1,0,2,0,0,0,2,0,5,1,0,2,0,0,2,6,4,1,5,0,1,1,0,0,1,2,0,3,0,2,1,1,0,0,2,3,1,2,2,2,3,0,1,1,7
"COG3181",3,10,6,6,3,9,11,7,4,15,6,6,22,12,5,21,8,17,5,10,13,10,2,22,6,13,16,14,6,11,11,7,15,9,12,9,21,10,4,6,13,12,3,8,12,2,9,10,5,20,14,11,5,7,13,9,6,36,0,10
"COG3182",10,14,8,10,17,32,4,2,16,8,6,28,9,13,4,20,7,6,1,11,15,4,10,0,2,11,14,8,10,15,7,24,10,4,9,14,31,9,21,20,6,4,7,4,14,10,10,12,11,22,16,29,14,8,28,12,19,17,3,21
"COG3183",1,8,0,2,2,5,19,6,0,0,0,2,0,0,0,0,2,0,0,11,2,1,0,49,2,0,3,1,2,4,13,1,7,0,1,0,0,1,0,0,3,0,4,8,0,4,0,0,1,5,1,0,3,0,0,1,2,0,2,2
"COG3185",0,0,0,0,0,9,0,0,0,0,0,0,0,0,0,0,0,2,0,0,0,0,1,0,0,0,0,0,0,0,0,0,0,0,0,0,0,0,0,0,0,0,1,0,0,0,0,0,0,0,0,0,0,0,0,0,0,0,0,0
"COG3187",2,15,7,23,25,28,14,14,19,8,7,24,8,3,1,25,19,3,5,13,14,8,0,7,2,15,19,5,2,8,3,6,2,2,9,8,6,2,7,4,6,0,0,3,4,6,5,3,8,4,5,7,12,4,10,10,0,3,0,0
"COG3188",22,5,2,2,40,114,2,2,6,3,3,2,12,5,4,26,0,30,3,0,0,1,30,311,24,7,2,1,1,1,0,31,1,18,1,32,5,0,1,73,0,2,81,10,0,6,0,1,24,8,10,5,1,31,6,11,3,3,45,8
"COG3189",1,11,3,4,12,2,6,6,7,7,1,8,5,4,3,18,4,5,0,3,5,4,0,6,8,13,1,3,3,7,10,18,13,1,10,11,9,6,7,15,3,5,8,6,4,15,8,2,18,6,11,13,10,5,18,10,3,2,1,3
"COG3190",0,0,0,0,0,0,0,0,0,0,0,0,1,0,0,1,0,0,0,0,0,0,2,3,0,0,0,0,0,0,0,0,0,0,0,0,0,0,0,0,0,0,0,0,0,0,0,0,0,0,0,0,0,0,0,0,0,0,1,0
"COG3191",0,9,4,5,0,8,2,5,2,5,12,9,8,11,1,3,7,8,10,11,1,14,7,3,22,1,7,8,19,7,7,3,11,1,8,6,11,6,3,1,4,13,10,15,11,4,6,12,5,13,5,2,5,16,1,7,3,8,13,6
"COG3192",1,2,1,1,0,11,0,1,5,2,0,0,3,2,0,7,2,6,14,3,2,1,1,13,6,3,2,5,2,1,5,2,2,2,0,5,5,0,0,1,3,3,1,1,3,4,2,6,1,1,5,1,3,2,0,2,2,0,2,3
"COG3193",0,4,2,1,2,8,2,0,4,2,2,1,1,0,5,7,2,3,1,0,1,3,13,6,5,4,6,0,5,0,2,2,1,3,2,4,1,0,0,1,1,8,4,3,4,1,0,0,2,0,0,1,1,4,0,6,2,6,8,0
"COG3194",0,1,0,0,0,0,0,0,2,0,0,0,0,0,0,1,0,1,0,0,0,0,0,6,0,0,0,0,0,0,0,0,0,0,0,2,1,0,0,0,0,0,2,0,0,0,0,0,0,0,0,0,0,1,0,0,0,0,0,0
"COG3195",0,0,0,0,0,3,0,0,0,0,0,0,0,0,0,0,0,2,0,0,0,0,0,0,0,0,0,0,0,0,0,0,0,0,0,0,0,0,0,0,0,0,0,0,0,0,0,0,0,0,0,0,0,0,0,0,0,0,0,0
"COG3196",0,5,3,2,0,3,2,0,2,2,9,2,3,6,2,0,1,2,1,3,2,3,2,15,8,0,4,1,1,2,0,0,0,0,1,0,2,0,0,0,0,1,1,1,0,0,2,0,1,1,2,0,0,0,1,1,0,0,0,0
"COG3199",0,0,0,0,0,1,0,0,0,1,2,0,0,0,0,0,2,0,0,0,0,0,0,6,0,0,2,0,1,0,0,0,1,0,1,0,2,1,0,2,0,0,0,0,0,1,1,2,0,0,0,0,0,0,0,1,0,0,0,0
"COG3201",5,10,9,0,10,1,7,6,3,7,6,8,5,6,5,6,1,2,5,9,9,3,1,7,3,5,10,3,3,9,84,25,18,29,11,15,9,9,23,42,17,22,13,35,20,18,7,36,17,16,18,25,23,10,38,20,21,9,24,16
"COG3203",3,4,0,3,9,41,1,2,6,8,8,12,8,7,0,22,8,12,3,15,3,4,17,71,11,7,7,5,9,0,12,12,1,20,8,13,19,18,9,24,9,3,24,2,15,1,1,1,9,5,15,6,5,12,37,31,6,3,15,10
"COG3204",1,0,0,0,3,0,0,0,0,1,0,0,1,0,0,0,0,0,0,0,0,0,0,1,0,0,0,0,0,0,0,1,0,1,0,3,0,0,0,0,0,0,1,0,0,1,0,0,0,0,2,0,0,0,0,0,0,1,2,0
"COG3206",82,28,33,43,38,52,71,57,73,48,18,49,20,29,11,21,19,28,11,32,64,54,11,72,4,22,70,25,22,50,37,33,36,99,39,68,38,43,48,39,38,57,31,14,42,46,45,22,33,43,69,52,32,13,35,43,30,19,8,51
"COG3208",0,0,0,0,1,5,4,1,1,7,0,1,0,1,4,0,1,0,4,12,0,3,4,1,0,13,2,0,0,3,0,0,1,1,0,2,0,0,0,0,1,1,0,0,1,0,0,3,0,0,0,1,3,1,2,1,1,1,4,2
"COG3209",433,142,103,56,133,89,122,68,171,74,91,92,215,59,82,48,82,62,98,250,189,65,43,269,39,187,74,91,62,181,36,61,98,235,79,99,86,78,103,120,173,37,186,319,167,89,150,82,87,214,182,54,65,76,245,41,110,79,47,121
"COG3210",36,3,5,4,6,17,1,4,10,2,3,4,26,3,2,26,3,13,13,3,0,4,11,19,1,20,8,24,9,23,2,18,2,37,2,8,2,4,10,3,10,12,5,6,0,5,13,4,10,4,15,1,6,16,4,20,4,4,5,21
"COG3211",0,0,0,0,0,0,0,0,0,0,0,0,1,0,0,0,0,0,0,0,0,0,2,0,1,0,0,0,0,0,0,0,0,0,0,0,0,0,0,2,0,0,0,0,0,0,0,0,0,0,0,0,0,0,0,0,0,0,0,0
"COG3212",0,2,2,2,1,0,11,0,1,2,1,0,1,3,4,2,0,4,2,1,4,4,1,4,10,8,7,0,0,0,2,0,3,0,5,6,0,0,2,3,4,15,3,2,0,4,0,2,0,2,0,4,0,3,0,0,0,0,7,0
"COG3213",0,0,0,0,0,0,1,1,0,0,0,0,0,0,0,0,0,0,0,0,0,0,2,0,0,0,0,0,0,0,0,0,0,0,0,0,0,0,0,0,0,0,0,0,0,0,0,0,0,0,0,0,0,0,0,0,0,0,0,0
"COG3214",0,0,0,1,0,7,0,1,0,1,1,0,2,0,0,1,0,1,0,1,0,0,0,24,1,2,0,0,0,0,0,1,0,1,0,4,1,0,0,3,0,0,4,1,0,1,0,0,1,0,1,0,0,4,0,0,0,1,2,0
"COG3216",0,0,1,1,0,0,0,0,0,0,0,0,0,0,0,0,0,0,0,0,0,0,0,0,0,0,0,0,0,0,0,0,0,0,0,0,0,0,0,0,0,0,0,0,0,0,0,1,0,0,0,0,0,0,0,0,0,0,0,0
"COG3217",0,0,0,0,2,2,0,0,2,0,1,0,0,0,0,1,0,0,0,0,0,0,1,22,3,0,0,0,0,0,0,1,0,2,0,7,0,0,0,8,0,1,5,0,0,0,0,1,1,0,0,1,0,1,1,0,0,0,1,0
"COG3219",0,0,0,0,0,0,1,0,1,0,0,0,0,0,0,0,0,0,0,0,0,0,0,0,1,0,0,0,1,0,0,0,0,0,0,0,0,0,0,0,0,0,0,0,0,0,0,0,0,0,0,0,0,0,0,0,0,0,0,0
"COG3220",0,0,0,0,0,0,0,0,0,0,1,0,0,0,0,0,0,0,0,0,0,0,0,0,0,0,0,0,0,0,0,0,0,0,0,0,1,0,1,0,1,0,0,0,0,0,0,0,0,0,0,1,0,0,0,0,0,0,0,0
"COG3221",2,4,2,7,1,9,3,4,5,1,1,4,9,2,12,1,5,13,5,1,4,5,2,20,21,2,4,4,5,2,3,5,6,4,2,2,1,8,2,3,6,26,5,1,4,2,2,2,9,3,1,1,7,2,1,3,3,6,9,7
"COG3222",0,2,0,0,0,1,0,1,0,0,1,0,0,0,0,0,1,1,1,0,1,0,0,2,0,1,1,1,0,0,0,2,0,0,0,0,0,0,0,1,2,3,0,0,0,1,0,0,1,0,3,1,0,4,3,1,0,0,1,0
"COG3223",1,1,1,0,0,1,0,0,1,0,1,0,2,2,0,4,0,1,0,0,0,1,2,11,1,2,0,0,0,0,0,0,0,1,0,1,0,0,0,2,0,1,3,0,0,1,1,0,0,0,0,0,0,3,0,1,0,0,3,1
"COG3224",0,0,0,0,0,3,0,0,0,0,0,0,1,0,0,0,0,1,0,0,0,0,1,0,0,0,0,0,0,0,0,0,0,0,0,0,0,0,0,0,0,0,4,0,0,0,0,0,0,0,0,0,0,0,0,0,0,0,0,0
"COG3225",7,39,27,37,43,11,7,30,12,43,48,24,36,27,53,27,32,14,31,37,24,24,34,17,24,55,28,27,36,30,8,25,17,2,11,2,7,8,1,2,17,2,13,16,14,18,9,9,9,11,3,5,15,12,10,7,9,12,5,9
"COG3226",0,0,0,0,3,4,0,0,0,0,0,0,2,0,0,3,0,2,0,0,0,0,1,14,0,1,0,0,0,0,0,1,0,2,0,1,0,0,0,2,0,0,4,0,0,0,0,0,1,0,0,0,0,1,1,0,0,0,0,1
"COG3227",0,0,0,0,0,0,0,0,0,1,0,0,0,0,0,0,0,0,12,2,0,0,1,0,0,0,0,0,0,0,0,0,9,0,0,0,0,0,0,1,0,0,0,0,1,0,0,0,2,0,0,0,0,1,0,0,0,0,0,0
"COG3228",0,1,1,0,1,7,0,0,0,0,0,0,1,0,0,1,0,2,0,0,0,0,2,10,1,1,0,0,0,0,0,1,0,1,0,0,1,0,0,0,0,0,1,0,0,0,0,0,0,0,0,0,0,0,2,0,0,0,0,0
"COG3231",0,0,0,0,0,0,0,1,4,0,0,0,0,0,0,1,3,1,5,0,0,0,0,1,0,0,4,0,0,0,1,0,0,1,0,0,4,0,1,0,3,1,0,0,0,0,6,0,0,0,0,0,0,5,4,2,0,0,2,0
"COG3232",0,0,0,0,0,3,0,0,0,0,0,0,0,0,0,0,0,1,0,0,0,0,1,0,0,0,0,0,0,0,0,0,0,0,0,1,1,0,0,2,0,0,0,0,0,0,0,0,0,0,0,0,0,0,0,0,0,0,1,0
"COG3234",0,0,0,0,1,0,0,0,1,0,0,0,1,0,0,1,0,0,0,0,0,0,0,8,0,0,0,0,0,0,0,0,0,0,0,0,0,0,0,0,0,0,5,1,0,0,0,0,1,0,0,0,0,1,0,0,0,0,2,2
"COG3236",3,0,1,10,0,12,4,4,1,0,7,6,4,17,7,2,9,4,6,6,3,8,9,10,7,1,5,3,5,4,5,0,5,0,7,5,2,1,1,2,8,6,1,10,0,3,0,10,2,5,0,3,2,12,1,0,4,3,4,3
"COG3237",0,0,0,0,0,3,0,0,0,0,0,0,0,0,0,0,0,0,0,0,0,0,5,4,1,0,0,0,0,0,0,0,0,0,0,0,0,0,0,2,0,1,1,0,0,0,0,0,1,0,0,0,0,0,0,0,0,0,2,0
"COG3238",0,5,3,2,2,1,2,3,5,1,6,1,3,1,6,5,6,6,4,3,4,3,20,27,14,0,2,3,13,1,3,5,7,4,3,1,3,4,1,5,3,4,10,2,1,0,3,6,6,2,0,0,4,4,3,2,0,10,19,2
"COG3239",0,0,0,0,0,7,0,0,0,0,0,0,0,0,0,2,0,2,0,0,0,0,0,2,0,0,0,0,0,0,0,0,0,0,0,1,0,0,0,0,0,0,1,0,0,0,0,0,0,0,0,0,0,0,0,0,0,0,0,0
"COG3242",0,0,1,0,1,1,0,0,0,0,0,0,0,0,0,1,0,3,0,0,0,0,2,6,0,0,0,0,0,0,0,0,0,0,0,0,0,0,0,1,0,0,1,0,0,0,0,0,0,0,0,0,0,1,0,0,0,0,3,0
"COG3246",1,5,7,1,3,1,8,1,5,6,1,5,11,6,2,9,5,5,8,5,2,0,4,6,1,8,12,4,4,2,5,3,1,2,9,5,1,1,3,12,3,1,5,4,3,0,2,6,3,6,1,1,1,10,0,6,5,4,0,5
"COG3247",0,1,0,0,1,4,0,0,0,0,1,0,6,1,1,3,1,4,1,0,3,0,1,11,7,1,0,0,0,0,0,0,0,2,0,1,2,1,0,2,1,2,7,2,1,0,0,0,0,0,0,1,0,4,3,1,0,0,17,3
"COG3248",2,0,0,0,3,5,0,0,0,0,0,0,0,0,0,0,0,1,0,0,0,0,2,8,2,3,0,0,0,0,0,1,0,0,0,4,0,0,0,4,0,1,2,0,0,1,0,0,0,1,0,0,0,5,0,0,0,1,3,0
"COG3250",1192,931,981,838,1459,929,1084,603,1128,644,565,965,854,727,570,1357,789,481,562,825,1225,848,236,241,338,1387,995,764,490,1011,640,1504,776,670,1186,1019,832,943,860,1561,689,419,987,608,812,1382,1349,822,1126,1162,965,1261,1073,615,1474,1247,1194,779,386,1058
"COG3251",0,0,0,0,0,0,0,0,0,0,0,0,0,0,0,0,0,0,0,0,0,0,1,4,0,0,0,0,0,0,0,0,0,0,0,1,0,0,0,0,0,0,1,0,0,0,0,0,0,0,0,0,0,2,0,0,0,0,1,0
"COG3252",0,0,0,0,1,0,0,0,0,0,0,1,0,0,0,0,0,0,0,0,1,0,0,4,0,0,1,0,0,0,0,2,0,0,0,0,0,0,0,3,1,0,0,0,0,0,0,0,4,0,0,0,0,2,1,0,0,0,0,0
"COG3253",0,0,0,0,0,0,0,0,0,0,1,0,0,0,0,0,0,0,0,0,0,0,2,0,0,0,0,0,0,0,0,0,0,0,0,0,0,0,0,0,0,0,0,0,0,0,0,0,1,0,0,0,0,0,0,0,0,0,0,0
"COG3254",16,10,1,3,13,9,10,0,13,4,4,4,5,5,2,16,3,14,3,6,1,14,5,17,9,17,4,4,2,9,8,4,4,3,6,9,9,10,2,14,3,2,11,8,5,25,7,3,18,3,6,18,13,3,18,13,10,8,6,3
"COG3256",0,0,0,3,0,0,0,2,0,2,1,0,0,0,0,0,0,0,1,0,0,0,6,0,0,0,0,0,0,0,0,0,0,0,0,0,2,0,0,0,0,0,0,0,0,0,0,0,0,0,0,1,0,0,0,0,0,0,3,0
"COG3257",1,0,0,1,3,1,0,0,0,0,0,2,2,1,2,2,0,0,1,0,0,0,0,16,0,0,1,0,0,0,0,1,0,0,0,1,0,0,0,3,1,0,3,0,0,1,0,1,1,0,0,0,1,2,1,0,0,0,0,0
"COG3259",0,0,0,0,0,0,0,0,0,0,0,0,0,0,0,0,0,0,0,0,0,0,0,0,0,0,0,0,0,0,0,0,0,0,0,0,0,0,0,0,0,0,0,0,0,0,0,0,0,0,0,0,0,2,0,0,0,0,0,0
"COG3260",0,2,2,0,2,4,0,0,0,2,0,3,7,1,1,3,1,3,4,1,4,4,1,19,2,0,2,1,0,4,2,1,1,4,0,2,2,3,2,5,3,0,5,0,0,1,0,1,3,4,0,0,1,3,1,4,0,0,3,4
"COG3261",0,5,1,0,4,4,2,0,1,6,0,3,10,2,2,2,2,4,6,1,0,3,5,27,2,4,3,3,1,1,6,3,1,4,2,3,1,6,0,3,4,0,9,1,2,3,3,3,3,6,2,2,2,11,2,7,3,0,2,7
"COG3262",2,0,0,0,3,7,1,0,1,0,2,2,3,0,1,5,0,5,7,0,0,0,2,34,0,1,0,0,0,1,0,1,0,2,0,4,1,0,0,3,0,0,13,0,0,0,1,0,2,0,1,2,0,2,1,2,0,2,4,3
"COG3263",5,32,21,20,38,29,22,18,44,19,15,42,36,24,37,35,42,21,18,24,31,20,5,29,5,18,37,12,9,32,8,10,5,2,15,12,16,18,11,11,3,5,13,18,9,8,7,14,16,10,14,6,10,8,7,14,10,8,6,6
"COG3264",3,3,3,6,2,24,1,3,5,4,0,5,6,10,1,7,1,11,7,2,2,0,18,85,8,3,4,2,2,1,3,7,1,6,5,11,4,5,2,20,3,6,20,1,5,5,0,1,5,2,1,3,4,8,9,6,0,2,13,6
"COG3265",1,0,1,0,4,6,0,0,1,0,0,1,0,1,0,2,0,1,0,0,0,0,2,33,5,1,0,0,0,0,0,7,0,2,0,0,0,0,1,3,0,1,1,0,0,0,0,0,0,0,1,0,0,5,1,1,0,0,16,7
"COG3266",0,0,0,0,0,2,0,0,1,0,0,0,0,0,0,0,0,1,0,0,0,0,0,10,1,0,0,0,0,0,0,0,0,0,0,0,0,0,0,7,0,0,4,0,0,1,0,0,0,0,1,0,0,4,0,0,0,0,0,0
"COG3267",1,1,0,1,0,4,1,1,4,1,0,0,2,1,11,6,1,0,0,2,0,2,3,7,1,3,3,3,3,2,1,4,0,0,2,0,4,2,2,2,3,0,0,1,1,1,2,14,1,1,3,0,5,0,2,1,1,2,16,4
"COG3268",0,0,0,0,0,0,0,0,0,0,1,0,2,0,0,0,0,0,0,0,0,0,0,0,0,0,0,0,0,0,0,0,0,0,0,0,0,1,0,0,0,0,0,0,0,0,0,0,0,0,0,0,0,0,0,0,0,0,0,0
"COG3270",1,11,5,16,4,12,3,13,11,9,21,8,7,13,14,2,5,13,27,14,6,3,21,16,25,8,6,12,14,2,6,5,6,3,9,6,10,7,2,5,12,8,17,17,14,3,13,8,1,7,5,4,9,22,2,2,8,16,10,7
"COG3271",0,0,0,0,0,0,0,0,0,0,0,0,1,0,0,0,0,1,2,0,0,0,0,0,0,0,0,1,0,0,0,0,0,0,0,0,0,0,0,0,0,0,0,0,0,0,0,0,0,0,0,0,0,1,0,0,0,0,0,1
"COG3272",1,2,1,0,1,3,0,1,0,0,1,0,2,0,0,2,0,1,0,0,0,0,1,11,1,1,0,0,0,0,0,1,0,1,0,3,0,0,0,2,0,0,7,0,0,0,0,0,1,1,0,0,0,0,0,0,0,0,1,0
"COG3274",5,43,22,45,52,46,81,34,55,42,26,35,53,53,31,85,37,50,32,31,60,22,7,34,25,42,55,24,37,36,39,75,38,8,60,25,34,44,32,73,20,15,39,31,21,70,38,39,56,51,45,76,48,22,57,43,46,37,11,29
"COG3275",132,79,44,48,168,104,93,61,111,76,26,66,78,52,30,121,72,37,24,95,84,92,8,47,18,105,95,48,23,68,48,128,63,119,94,82,82,69,131,229,60,39,54,61,89,125,110,56,137,109,113,95,76,68,119,135,102,67,23,67
"COG3276",0,5,3,2,2,15,1,4,2,9,9,5,3,4,4,5,0,6,13,1,5,1,10,34,18,2,6,2,12,1,2,4,0,1,1,11,1,1,2,11,5,19,6,1,2,3,1,3,4,6,5,1,3,8,1,3,3,3,5,0
"COG3279",137,212,148,242,193,114,88,238,175,166,230,127,166,190,199,157,268,204,145,188,163,205,232,82,155,205,147,268,195,201,163,154,280,133,205,143,158,205,119,197,191,139,192,347,152,156,211,188,233,116,136,179,169,135,153,139,228,214,108,112
"COG3283",2,0,0,0,1,1,5,0,0,5,0,0,1,0,3,2,1,1,0,0,0,0,1,6,0,0,0,0,0,0,9,1,0,0,8,12,0,0,4,1,0,1,5,0,0,1,1,0,3,0,0,9,0,1,1,0,0,1,2,1
"COG3284",0,11,5,1,3,20,23,2,3,13,2,4,8,2,4,1,7,4,2,0,0,4,6,4,1,2,1,2,0,2,14,1,3,0,7,16,0,3,2,0,1,1,6,2,1,3,2,3,0,2,1,15,1,7,2,8,3,1,3,1
"COG3287",0,3,2,7,2,0,0,6,1,11,8,0,4,6,28,4,3,0,1,5,4,3,0,0,0,0,0,19,6,6,1,0,3,0,2,0,5,2,0,1,0,1,3,6,6,0,1,0,1,2,2,4,3,0,1,1,4,8,0,1
"COG3288",0,1,1,0,0,10,0,0,2,0,1,1,2,2,0,1,1,1,2,0,0,0,3,21,16,0,0,0,1,0,0,0,1,2,0,1,4,0,0,4,0,3,8,1,0,1,0,1,0,2,1,0,0,4,0,1,0,1,47,1
"COG3290",4,6,3,11,9,21,2,5,10,1,3,4,8,13,4,9,8,9,20,1,6,5,6,77,7,2,5,16,8,8,18,3,10,12,5,5,11,7,1,7,10,0,31,3,2,5,4,13,7,4,5,4,3,13,2,4,5,3,7,3
"COG3291",49,10,13,49,4,5,4,78,9,2,2,5,8,20,43,12,4,11,6,20,62,44,2,0,4,5,20,8,1,7,13,3,9,201,19,19,7,6,11,14,7,0,4,12,5,6,25,9,3,9,5,14,26,26,10,15,6,6,1,12
"COG3292",1212,841,911,392,1728,920,826,280,1026,520,309,1010,820,460,296,1615,483,344,343,760,926,767,14,8,97,1237,801,562,356,877,531,1651,549,414,1116,1351,745,791,913,1717,627,431,720,511,622,1803,1650,896,1331,964,898,1445,1087,426,1530,1154,1372,516,99,1113
"COG3293",3,2,9,19,0,41,3,8,2,12,3,4,3,3,1,1,52,4,44,2,38,6,6,0,11,8,55,5,12,8,23,1,7,30,4,60,15,4,8,13,15,3,12,16,3,20,5,6,4,2,11,9,19,25,87,4,1,3,7,11
"COG3294",1,3,1,5,1,0,0,2,0,3,10,2,3,5,1,3,3,2,1,1,0,0,3,3,1,11,0,8,3,0,3,1,4,1,3,1,2,1,1,1,2,0,2,2,4,0,0,2,1,0,2,2,2,2,0,0,0,1,4,0
"COG3296",0,1,2,0,0,0,0,0,0,0,0,1,1,1,0,0,2,2,0,0,1,0,0,0,1,0,0,0,0,0,0,0,0,0,0,0,0,0,0,6,0,0,4,0,0,0,0,0,0,0,0,0,0,0,0,0,0,0,0,0
"COG3297",0,0,0,0,0,2,0,0,0,0,0,0,0,1,0,1,0,1,0,0,0,0,0,6,2,1,0,0,0,1,0,1,0,3,0,2,1,0,0,3,0,1,7,1,0,1,0,0,1,0,0,0,0,1,0,1,0,1,0,1
"COG3299",3,9,5,9,5,3,1,21,4,4,6,6,11,9,8,5,11,13,16,4,47,5,9,1,8,3,10,2,3,8,9,1,28,2,10,5,14,10,5,5,6,1,5,13,18,4,10,8,2,9,4,4,9,26,1,2,6,8,4,10
"COG3301",0,2,0,1,1,1,0,0,0,0,0,0,0,1,0,2,0,0,0,3,0,0,0,4,0,0,0,0,2,0,5,1,0,4,4,1,1,4,2,1,5,3,3,1,4,0,0,0,3,2,1,2,0,1,10,2,0,1,1,3
"COG3302",0,0,1,1,3,1,0,1,3,0,0,1,5,0,0,0,0,2,1,0,0,0,1,26,4,0,0,0,0,0,0,2,0,1,0,0,0,1,0,9,0,0,8,0,0,1,0,0,1,0,0,0,0,2,0,1,0,1,4,0
"COG3303",1,12,11,2,24,24,1,3,23,8,5,16,17,10,2,31,18,7,8,10,26,5,1,25,0,26,22,3,2,13,4,43,8,8,14,16,6,11,5,46,10,7,11,5,5,40,31,7,36,20,12,10,5,17,25,29,24,5,8,13
"COG3304",1,3,2,4,9,4,1,2,3,1,1,3,3,3,2,5,4,1,2,2,1,5,3,4,6,1,4,2,5,5,8,13,4,5,11,4,13,6,13,14,8,4,10,5,10,15,5,14,22,10,14,18,14,8,8,12,6,10,17,12
"COG3306",0,1,1,0,4,2,1,1,3,0,1,0,2,0,2,6,0,0,0,0,0,0,1,0,0,3,2,0,0,0,1,3,2,0,3,1,1,0,1,0,0,6,0,1,1,0,2,0,13,2,0,2,4,2,2,0,0,0,1,0
"COG3307",1,5,6,2,10,4,14,7,6,6,6,1,10,7,3,3,5,8,12,0,3,3,14,37,1,2,10,2,8,1,8,3,6,4,7,13,8,2,3,5,6,14,12,3,4,5,2,9,5,2,7,11,1,7,2,2,4,2,4,6
"COG3309",17,3,0,0,0,2,1,0,1,7,0,0,0,1,0,0,0,1,0,0,9,0,0,0,0,0,0,0,2,2,0,14,0,0,1,1,0,0,13,1,1,7,0,0,0,5,0,0,2,3,0,1,0,1,1,2,3,0,0,0
"COG3311",2,2,0,0,2,0,0,0,1,0,0,0,0,1,0,0,0,0,0,0,0,0,0,14,0,0,0,0,0,0,0,0,0,1,0,3,1,0,0,2,0,0,3,0,0,0,0,0,0,0,0,1,0,0,1,0,0,1,3,0
"COG3312",0,1,0,0,1,6,0,0,0,1,0,0,0,1,0,1,1,0,0,0,0,0,3,9,0,0,0,0,0,1,0,2,0,0,0,1,0,0,0,6,0,0,0,0,1,0,0,0,0,1,0,0,0,2,0,0,0,0,2,0
"COG3313",2,0,0,0,1,1,0,0,0,1,0,0,1,0,0,0,0,1,0,0,0,0,0,5,0,0,0,0,0,0,0,0,0,2,0,0,0,0,0,1,0,0,0,0,0,0,0,0,0,0,0,0,0,0,0,0,0,0,0,0
"COG3314",3,14,13,19,8,4,1,24,16,29,41,15,14,28,21,14,32,36,38,16,19,5,10,56,22,10,8,35,23,15,18,7,10,1,19,11,25,16,9,8,25,11,22,27,10,9,10,25,13,14,8,9,14,41,5,8,20,22,12,12
"COG3315",3,13,9,13,6,3,4,14,7,6,9,6,6,13,13,8,15,26,18,10,16,12,5,0,10,14,8,29,9,6,7,10,22,2,14,8,8,6,2,11,13,9,14,9,12,4,21,30,10,9,3,7,11,9,3,7,7,32,2,4
"COG3316",3,2,0,0,0,1,1,0,3,2,0,0,3,0,0,0,0,1,14,0,1,1,5,226,1,4,0,0,1,1,1,0,0,4,3,0,4,1,0,1,0,2,1,2,0,0,1,1,1,1,0,0,1,16,0,1,0,0,17,2
"COG3317",0,3,0,0,2,5,0,0,1,0,0,2,0,0,0,5,0,2,0,2,1,0,1,13,2,0,0,1,1,0,2,0,0,2,0,1,2,1,0,0,1,1,3,0,2,0,1,0,0,1,0,0,1,2,3,0,0,0,3,1
"COG3318",0,0,0,0,1,1,0,0,0,0,0,2,0,1,0,2,0,1,0,1,1,0,1,2,2,0,0,0,1,1,0,1,0,1,0,0,0,1,1,0,0,0,2,1,0,1,0,0,0,0,1,0,0,0,0,0,0,0,1,3
"COG3319",4,4,0,1,9,44,3,1,2,0,2,0,4,2,0,5,0,2,0,2,0,0,7,62,0,3,1,0,0,1,0,12,0,12,0,11,0,1,1,2,0,1,11,1,2,0,0,0,4,1,3,1,0,11,1,1,0,2,15,6
"COG3320",2,13,5,5,1,2,3,3,4,22,17,3,3,3,24,4,10,5,3,5,5,2,62,0,3,3,1,2,12,6,8,0,6,3,6,3,17,2,0,0,4,0,2,9,3,2,1,7,2,2,9,5,5,12,4,2,2,5,23,0
"COG3321",0,2,0,2,10,25,0,4,0,12,1,8,10,0,0,6,4,0,4,24,0,0,43,20,0,1,3,3,0,0,0,2,1,3,6,14,1,0,1,0,0,0,1,0,0,0,0,1,6,2,4,0,3,0,1,0,0,3,13,16
"COG3323",0,9,6,8,23,12,8,4,22,19,6,26,16,5,5,15,13,8,5,11,16,6,3,4,10,9,12,8,3,15,11,34,10,3,21,30,11,9,27,24,6,11,4,12,18,27,11,13,23,9,24,24,21,12,16,21,30,8,3,15
"COG3324",3,4,1,0,3,4,0,1,4,1,2,6,4,0,0,10,0,1,2,2,4,1,0,0,1,5,4,1,1,1,2,13,7,1,0,2,0,6,1,6,5,0,2,2,1,15,7,0,13,3,4,4,2,3,9,7,3,0,0,2
"COG3325",1,9,2,5,4,5,3,1,6,1,4,13,7,6,2,3,3,4,7,2,13,0,3,2,3,8,10,11,1,7,7,8,14,1,21,5,20,32,16,11,7,3,31,10,13,9,16,11,12,28,23,34,26,6,38,22,20,6,0,9
"COG3326",4,9,4,15,3,9,11,25,5,4,12,1,2,2,6,1,12,7,10,1,6,5,5,2,4,4,1,4,8,9,9,2,4,15,1,1,1,7,1,6,5,9,7,9,5,6,3,4,5,5,2,3,2,15,2,2,5,3,3,0
"COG3327",2,0,0,0,1,2,0,0,0,0,1,0,0,0,1,0,0,1,0,0,0,0,0,10,0,0,0,0,0,0,0,0,0,0,0,0,0,0,0,2,0,0,1,0,0,1,0,0,0,0,0,0,0,0,0,0,0,0,1,0
"COG3328",13,84,176,80,43,32,76,51,84,79,99,38,148,153,89,60,110,71,81,70,64,86,95,24,92,57,59,39,155,82,88,43,67,20,93,79,101,105,464,18,55,289,48,129,72,42,46,155,111,58,117,38,71,83,30,223,98,73,176,44
"COG3330",0,0,0,2,0,0,0,0,0,6,1,0,0,0,0,0,5,8,0,0,0,0,0,0,0,0,0,7,0,0,0,0,0,0,0,0,0,0,0,0,0,0,0,0,0,0,0,0,0,0,0,0,0,7,0,0,1,0,0,0
"COG3331",1,8,3,14,5,4,3,15,8,6,9,2,5,5,21,5,7,11,21,7,19,3,24,6,16,5,3,12,13,5,10,2,11,1,6,2,4,4,1,2,11,13,8,11,5,0,11,12,8,13,9,4,12,10,1,5,6,28,9,10
"COG3333",4,14,5,9,8,13,16,11,17,11,15,22,32,15,17,35,8,18,15,24,19,8,4,37,16,8,12,23,18,19,10,3,25,9,20,15,31,24,10,15,13,18,8,14,18,6,35,14,10,32,22,11,13,12,7,21,16,44,2,4
"COG3335",5,16,9,32,8,17,3,14,6,6,15,3,10,7,65,13,21,27,15,24,3,9,41,28,27,12,3,6,43,4,7,14,17,2,15,18,27,3,3,1,31,2,23,29,10,16,8,10,15,7,5,9,6,16,7,10,9,43,61,4
"COG3338",0,0,0,0,0,0,0,1,1,0,1,0,0,0,0,0,0,0,0,0,0,0,13,0,1,0,0,0,3,0,0,0,0,0,0,0,0,0,0,0,0,1,0,0,0,0,0,1,1,0,0,0,0,0,0,0,0,0,0,0
"COG3339",0,1,1,0,1,0,5,1,0,2,2,0,2,0,2,1,1,1,6,1,2,1,1,0,0,0,1,0,0,0,2,1,2,0,2,0,3,1,1,0,1,2,0,1,1,1,3,0,2,1,0,10,2,1,0,1,0,0,1,1
"COG3340",34,19,20,32,13,16,21,36,16,25,37,21,24,34,13,14,27,49,39,51,30,48,14,21,52,17,8,28,21,13,13,10,6,14,7,4,4,3,2,6,9,2,3,13,6,3,10,12,6,6,4,3,6,6,5,5,6,15,15,7
"COG3341",10,26,23,23,19,21,27,20,19,13,18,15,23,11,27,23,29,14,9,39,24,28,12,0,28,27,15,20,17,21,10,17,35,35,20,28,28,19,13,19,17,22,10,22,21,22,19,15,19,20,17,32,34,10,25,27,22,19,8,21
"COG3343",0,0,0,0,0,0,0,0,0,0,1,0,0,0,0,0,0,0,0,0,0,0,9,0,6,0,0,0,0,0,0,0,0,0,0,0,0,0,0,0,0,5,0,0,0,0,0,0,0,0,0,0,0,2,0,0,0,0,3,0
"COG3344",267,195,504,318,183,313,261,346,363,261,255,548,307,232,169,133,433,192,221,477,245,250,153,223,177,222,400,187,235,549,322,128,258,218,213,429,172,244,382,171,140,165,172,401,175,405,228,196,271,124,252,291,165,220,205,207,278,257,80,295
"COG3345",111,90,98,92,145,79,170,60,104,56,96,116,96,98,179,88,111,85,101,86,107,113,134,88,196,148,126,97,112,88,105,97,93,23,150,116,50,98,129,82,104,133,95,165,92,147,95,88,64,95,65,114,77,86,141,64,87,68,319,91
"COG3347",0,2,6,1,1,1,0,0,0,0,3,0,3,7,0,1,1,8,6,1,2,1,7,0,1,0,2,0,4,0,0,0,0,1,2,1,0,4,0,2,0,1,2,3,3,1,1,3,0,1,0,0,1,3,1,1,2,1,1,1
"COG3350",0,0,0,0,2,0,0,0,0,0,0,0,0,0,0,0,0,0,0,0,0,1,0,2,0,1,0,0,0,0,0,0,0,1,0,0,0,0,0,0,0,0,0,0,0,0,0,0,0,0,0,0,0,0,1,0,0,1,0,0
"COG3359",0,8,1,10,5,4,5,8,5,4,7,4,3,5,14,2,9,8,3,9,5,7,8,7,8,15,6,10,10,9,9,1,12,0,7,0,4,9,2,2,13,5,19,16,4,1,7,7,3,5,7,8,4,8,6,0,6,9,1,2
"COG3366",0,0,0,0,1,1,0,0,1,1,0,2,0,1,0,1,0,0,1,0,0,0,0,0,0,0,1,0,0,0,0,2,0,0,0,1,0,1,0,0,0,0,0,0,1,2,0,1,0,3,0,0,0,1,0,2,1,0,0,1
"COG3369",0,2,1,1,0,0,0,0,3,1,0,1,7,2,0,0,1,1,1,0,3,0,0,0,0,1,3,3,0,1,2,3,2,0,0,0,0,3,3,4,1,0,0,0,0,3,6,4,0,1,0,1,2,3,2,2,6,0,0,3
"COG3376",0,0,0,0,0,4,0,0,0,0,0,0,0,0,0,0,0,0,0,0,0,0,0,0,1,0,0,0,0,0,0,0,0,0,0,1,0,0,0,3,0,0,0,0,0,0,0,0,0,0,0,0,0,0,0,0,0,0,0,0
"COG3378",19,39,47,51,20,27,33,45,25,37,45,32,32,52,38,13,60,52,79,42,34,28,16,11,61,8,13,46,40,33,26,33,60,7,35,18,110,40,17,17,48,34,37,34,35,15,44,23,38,46,32,14,40,72,13,44,43,73,10,34
"COG3379",1,0,0,0,0,1,0,1,1,1,0,0,0,1,0,0,0,0,1,0,0,0,0,3,0,0,0,0,0,0,0,0,1,0,0,1,1,2,0,0,0,0,0,0,0,1,5,1,0,0,0,0,0,1,1,0,1,0,0,0
"COG3381",0,0,0,0,0,5,0,0,0,0,0,0,0,0,1,1,0,1,0,0,2,0,0,6,1,0,2,0,0,0,0,2,0,1,0,1,1,0,0,6,0,0,9,0,1,1,0,1,2,1,1,0,0,1,1,2,0,1,2,2
"COG3382",14,12,17,4,12,26,18,5,18,10,6,16,6,12,3,15,18,5,16,13,13,27,6,1,1,13,12,6,6,18,8,17,5,25,12,16,13,10,23,16,13,19,5,17,16,11,11,8,7,12,22,11,15,9,14,18,13,11,1,16
"COG3383",1,5,6,4,2,5,17,12,14,3,4,2,11,4,25,9,7,12,9,3,3,6,33,14,10,5,10,2,19,1,10,7,21,5,18,10,9,0,5,4,16,4,1,3,9,5,4,7,5,5,9,4,4,14,3,7,7,4,9,4
"COG3384",0,0,0,2,2,7,0,0,1,0,0,0,1,1,0,1,0,5,1,0,0,0,1,17,0,0,1,0,1,1,0,2,0,1,0,3,0,0,0,6,0,6,5,0,1,0,0,2,5,2,0,0,0,2,0,1,0,1,6,2
"COG3385",522,48,424,367,93,103,355,778,58,70,40,153,353,111,11,30,161,119,31,34,62,189,31,113,42,100,118,80,69,78,173,28,174,244,70,211,17,32,344,37,182,296,42,351,35,29,170,49,151,48,17,42,112,132,54,23,81,81,30,276
"COG3386",0,13,6,5,17,28,5,0,3,6,5,11,5,9,4,19,4,5,10,11,11,8,1,4,10,27,0,4,9,5,4,25,4,2,3,4,8,7,6,30,4,15,8,5,8,8,9,7,5,10,5,4,6,12,26,14,21,15,0,10
"COG3387",3,4,11,6,21,10,4,10,8,33,16,11,10,13,4,17,18,40,1,3,11,10,0,0,2,3,19,10,3,8,7,6,6,1,18,7,9,13,8,8,5,2,15,11,7,15,6,10,8,8,15,27,15,28,8,15,1,5,2,3
"COG3391",45,20,12,17,57,18,2,19,9,20,4,17,28,10,10,32,16,8,6,13,18,22,4,22,5,21,24,12,18,6,14,49,7,39,15,20,9,10,51,59,10,12,18,21,5,90,48,10,35,27,8,12,7,37,29,28,24,10,5,43
"COG3392",2,6,14,9,3,7,2,0,5,31,5,2,25,8,5,0,4,16,2,4,10,6,1,1,0,3,6,5,10,9,21,1,6,0,3,14,12,2,7,0,9,13,17,7,6,4,1,4,20,5,6,25,5,9,7,1,6,4,1,6
"COG3393",3,5,5,0,0,0,0,0,0,0,10,0,1,2,1,0,0,0,0,0,1,0,0,1,3,0,2,1,0,8,0,0,0,0,3,2,0,2,0,0,2,1,1,0,0,1,0,0,0,3,0,0,0,0,2,0,6,0,4,2
"COG3394",5,14,9,5,9,9,1,1,7,3,13,8,15,7,3,3,3,4,13,2,6,2,5,9,10,7,9,8,8,2,4,2,13,2,4,1,7,6,2,13,7,14,4,2,4,3,5,2,3,7,10,4,6,6,2,6,3,0,2,6
"COG3395",3,13,16,5,3,27,18,4,6,14,8,9,6,7,10,13,13,9,9,3,8,3,10,73,7,7,2,5,16,4,10,10,8,1,19,32,17,1,3,14,9,13,14,25,11,9,13,5,11,11,4,15,3,6,2,12,10,15,7,6
"COG3396",3,0,0,0,0,8,0,0,0,1,0,0,1,0,0,1,0,1,0,0,0,0,3,17,0,0,0,0,0,0,0,0,0,2,0,1,0,1,0,3,0,1,1,1,0,1,0,0,1,0,0,0,0,0,0,1,0,0,6,0
"COG3397",0,0,0,0,0,1,0,0,4,1,0,0,0,1,0,0,1,2,1,0,0,0,0,0,3,0,0,0,0,1,0,0,2,0,0,0,0,0,0,3,0,0,0,0,0,0,4,2,0,0,0,0,0,0,0,0,0,1,2,0
"COG3401",0,1,0,8,0,0,0,1,9,1,1,5,3,3,5,0,42,4,10,2,41,96,1,0,2,1,1,6,0,16,1,0,9,0,2,0,0,0,0,0,1,0,4,0,0,0,1,4,0,1,0,0,1,3,0,0,2,0,0,1
"COG3402",0,0,0,1,4,2,0,3,0,0,1,1,0,2,0,1,5,0,0,5,0,2,0,1,0,1,1,0,0,0,0,0,0,0,0,1,2,0,2,0,0,0,0,1,2,0,1,0,0,0,3,1,0,0,1,1,0,0,2,2
"COG3404",1,24,25,19,22,7,8,21,22,23,12,29,22,20,21,26,8,15,16,24,22,30,12,7,16,17,26,28,19,30,21,25,24,8,24,15,35,23,11,21,16,12,15,11,25,21,14,24,24,42,24,22,32,12,22,29,24,33,5,28
"COG3405",0,5,28,17,7,17,35,8,15,9,13,24,8,17,10,3,16,14,6,23,16,5,7,20,28,16,7,9,9,15,20,3,21,4,6,16,13,5,3,3,21,24,19,27,25,1,1,18,0,3,20,7,18,5,1,13,13,7,44,17
"COG3407",0,0,0,0,0,0,0,0,0,0,1,0,0,0,0,0,0,1,0,0,0,0,31,0,6,0,0,0,0,0,0,0,0,2,0,0,1,0,0,0,0,8,0,0,0,0,0,1,0,0,0,0,0,0,0,0,0,1,5,0
"COG3408",91,55,67,61,84,41,76,76,65,76,51,67,59,41,50,62,73,51,19,65,75,54,6,5,40,50,66,53,52,53,40,76,50,93,73,52,45,53,157,79,60,65,35,62,64,49,66,47,41,53,73,71,59,47,80,99,84,49,11,61
"COG3409",19,13,16,20,11,5,3,24,4,55,35,13,15,23,22,4,21,44,48,11,16,13,11,10,13,2,18,33,18,23,13,2,42,2,23,7,19,16,3,11,25,9,32,40,18,8,25,11,4,11,10,7,9,58,5,2,26,25,6,16
"COG3410",37,1,1,2,10,8,1,5,13,3,14,1,4,2,2,8,9,3,1,8,3,9,13,1,1,12,1,4,6,0,15,10,4,2,4,0,0,23,0,30,6,17,2,14,1,0,3,4,2,0,1,2,4,6,3,8,14,15,8,4
"COG3411",0,3,1,1,5,1,0,0,2,6,2,10,7,3,0,3,3,3,6,0,2,5,0,1,0,0,2,0,0,2,5,2,5,0,0,2,2,3,1,2,5,0,5,1,1,1,2,0,3,0,3,3,1,5,1,5,2,2,0,1
"COG3412",2,1,0,0,1,6,6,0,2,1,2,0,1,0,6,4,1,2,0,0,0,2,20,21,1,2,5,0,1,0,1,0,0,0,3,1,1,0,2,5,1,6,5,0,2,1,0,0,0,0,0,1,0,5,0,2,1,1,3,2
"COG3414",2,3,1,1,2,11,10,2,4,3,2,1,1,1,2,2,8,5,5,3,0,0,17,17,3,3,0,1,3,0,1,2,4,1,7,12,1,1,5,3,0,0,6,1,1,1,1,3,1,1,1,6,3,0,1,2,1,2,6,1
"COG3415",0,0,0,0,0,0,0,0,0,0,0,0,0,0,0,1,0,7,0,0,1,0,0,0,0,0,0,0,0,0,0,0,0,0,0,0,0,0,0,0,0,0,0,0,0,0,0,0,0,0,0,0,0,0,0,0,0,0,1,0
"COG3416",0,0,0,0,0,1,0,0,0,0,0,0,0,0,0,0,0,0,0,0,0,0,0,0,0,0,0,0,0,0,0,0,0,0,0,1,0,0,0,0,0,0,0,0,0,0,0,0,0,0,0,0,0,0,0,0,0,0,0,0
"COG3417",0,0,0,0,2,4,0,0,1,0,0,1,2,0,0,2,0,0,0,0,0,0,2,9,2,0,0,0,0,0,0,0,0,1,1,0,1,0,0,1,0,0,4,1,0,1,0,0,0,1,0,1,0,2,1,0,0,0,2,0
"COG3418",0,0,0,0,0,0,0,0,0,0,0,0,0,0,0,0,0,0,0,0,0,0,0,5,0,2,0,0,0,0,0,0,0,0,0,0,0,0,0,1,0,0,0,0,0,0,0,0,0,0,0,0,0,0,1,0,0,0,1,0
"COG3420",0,0,0,0,0,1,0,0,1,1,0,1,0,0,0,1,2,0,0,1,0,1,0,0,0,0,0,0,0,0,0,0,0,0,1,1,0,1,0,0,1,0,0,0,1,0,0,0,0,0,0,1,1,0,2,1,0,0,0,2
"COG3421",8,1,2,1,1,0,0,3,0,7,0,0,2,7,1,0,1,0,4,0,0,0,0,0,0,0,0,7,0,0,6,0,2,0,0,5,0,2,0,2,2,0,4,1,0,0,0,0,0,0,0,1,1,6,0,6,0,1,0,0
"COG3422",2,0,0,0,1,1,0,0,0,0,0,0,0,0,0,1,0,0,1,0,0,0,0,7,0,0,0,0,0,0,0,1,0,0,0,0,1,1,0,1,0,0,2,0,0,0,0,0,2,0,0,2,0,2,0,0,0,1,1,0
"COG3423",1,0,0,0,0,1,0,0,0,0,0,0,1,0,0,1,0,5,1,0,0,0,0,11,1,1,0,0,0,0,0,0,0,0,0,2,1,0,0,0,0,0,1,0,0,0,0,0,0,0,0,0,0,1,0,0,0,0,0,1
"COG3425",0,0,0,0,0,0,0,0,0,0,2,0,0,0,0,0,0,0,0,0,0,1,29,0,13,0,0,0,0,0,1,0,0,0,0,0,0,0,0,0,0,14,0,0,0,0,0,0,0,0,0,0,0,1,0,0,0,0,7,0
"COG3426",2,28,19,36,25,23,19,35,27,24,5,23,24,25,13,39,24,31,20,32,14,14,8,6,9,27,28,36,16,46,26,33,27,20,21,20,33,27,21,31,19,4,26,10,29,33,26,32,29,48,36,25,26,32,43,37,24,18,1,27
"COG3428",0,0,2,10,10,0,0,6,0,2,1,0,0,2,0,0,4,2,15,7,4,1,0,0,0,0,3,0,0,8,1,0,1,0,0,3,2,5,1,0,0,0,1,1,10,0,0,1,0,0,6,3,4,0,6,10,1,0,0,2
"COG3429",0,0,0,0,0,0,0,0,0,0,0,0,0,0,1,0,1,0,0,0,0,0,1,0,6,0,0,0,0,0,0,0,0,0,0,0,0,0,0,0,0,0,0,0,0,0,0,0,0,0,0,0,0,0,1,0,0,0,11,0
"COG3433",1,1,0,0,0,31,0,0,6,0,0,2,4,1,0,12,0,0,0,0,0,0,4,18,0,1,0,0,0,2,0,5,0,7,0,3,0,1,0,2,0,0,9,0,0,0,1,0,4,1,0,0,0,4,2,3,0,2,6,2
"COG3434",0,1,0,9,3,1,0,2,3,1,4,0,1,3,11,1,0,3,11,10,5,6,0,0,0,10,0,2,1,4,1,0,4,0,3,0,0,2,1,1,6,0,6,0,5,1,0,5,0,0,0,2,1,4,0,2,1,0,0,0
"COG3435",0,0,0,0,0,0,0,0,0,0,0,0,0,0,0,0,0,0,0,0,0,0,3,0,0,0,0,0,0,0,0,0,0,0,0,0,0,0,0,0,0,0,0,0,0,0,0,0,0,0,0,0,0,0,0,0,0,0,0,0
"COG3436",96,234,368,272,122,178,90,293,131,126,179,211,179,167,231,413,159,156,64,286,123,228,74,235,175,195,289,58,161,371,125,243,117,1402,143,129,610,201,321,337,114,315,140,178,238,418,133,88,378,285,148,423,166,124,208,259,159,183,66,77
"COG3437",55,69,52,70,102,29,81,47,38,40,53,80,67,65,58,73,59,44,63,54,82,63,24,17,66,79,57,79,76,81,51,145,66,25,68,99,57,110,84,85,70,37,74,67,95,60,138,39,89,54,58,82,76,60,93,48,58,87,3,73
"COG3439",0,1,0,0,2,2,0,0,10,1,0,2,6,0,0,9,0,1,2,0,0,0,3,8,0,3,0,0,0,1,0,4,1,0,0,0,4,0,1,7,0,1,0,0,0,6,3,0,5,2,0,1,0,0,1,4,0,5,0,2
"COG3440",14,0,2,3,4,6,0,1,5,3,1,1,1,0,1,0,7,12,9,0,2,0,11,2,11,1,0,4,6,0,1,0,0,39,0,8,3,0,1,5,10,6,2,0,2,0,3,3,0,1,2,1,1,2,0,0,7,1,38,3
"COG3442",0,4,0,4,1,0,0,13,1,6,18,1,2,6,5,2,11,17,5,2,5,4,25,1,21,0,2,15,11,10,11,0,4,2,3,3,1,1,0,1,2,13,4,3,4,2,0,11,2,3,2,0,4,22,1,1,7,5,40,5
"COG3443",1,1,0,0,4,2,0,1,3,1,6,0,8,0,1,1,3,1,0,3,2,6,25,12,7,3,1,1,1,1,0,1,2,0,0,0,21,0,1,1,1,6,3,3,0,1,1,3,1,0,1,1,11,2,1,1,0,13,2,1
"COG3444",12,13,6,5,6,29,16,14,8,9,22,5,8,7,24,16,19,9,13,8,5,5,87,48,26,5,8,7,41,8,18,8,5,10,14,18,15,2,4,6,7,33,11,7,4,5,15,15,11,7,13,11,6,15,9,7,4,19,27,5
"COG3445",0,0,0,0,0,7,0,1,0,0,0,0,0,0,0,1,0,0,0,0,0,0,0,8,0,0,0,0,0,0,0,1,0,0,0,0,1,0,0,1,0,1,3,0,1,0,0,0,0,0,0,0,0,2,0,0,0,0,1,0
"COG3447",0,0,0,0,1,0,0,0,0,0,0,0,2,0,0,1,0,0,0,0,0,0,0,22,0,3,0,0,0,0,0,4,0,1,0,1,0,1,0,9,0,0,4,2,0,0,1,0,1,1,0,1,0,6,0,0,0,0,4,1
"COG3448",0,0,0,0,0,1,3,0,1,2,0,0,0,2,3,0,2,1,0,0,0,0,1,0,0,0,1,0,0,0,0,0,1,0,5,1,0,0,1,0,0,0,0,0,0,1,1,0,0,0,0,1,0,0,0,0,0,0,1,0
"COG3449",1,20,9,4,55,27,3,7,35,8,8,27,20,6,8,31,5,5,2,26,32,8,0,16,0,52,19,24,0,7,4,58,9,3,26,25,10,3,11,54,3,7,18,10,10,48,43,20,51,25,35,28,20,18,24,24,37,10,5,9
"COG3450",0,0,0,0,0,3,0,0,0,0,0,2,0,0,0,0,0,1,1,0,0,0,0,0,0,0,0,0,0,0,0,0,0,0,0,0,0,0,0,0,0,0,4,0,0,1,0,0,0,0,0,0,0,0,0,0,0,0,0,0
"COG3451",66,106,121,101,81,79,45,114,95,86,82,119,89,104,94,35,101,136,183,49,108,68,61,71,60,86,132,107,42,158,309,129,309,148,285,194,341,293,163,145,330,129,264,264,347,202,254,277,156,414,324,135,368,411,193,163,249,329,72,303
"COG3452",1,15,6,9,2,7,5,14,6,6,9,3,6,14,10,2,15,17,9,3,7,9,11,0,33,15,2,12,30,13,19,7,17,2,12,2,4,20,0,1,21,14,9,17,4,2,8,16,10,10,1,2,10,7,1,2,8,23,4,5
"COG3454",0,3,0,0,1,4,0,0,1,0,0,1,3,2,0,2,0,0,1,1,2,0,1,17,1,0,2,0,0,1,0,2,0,1,1,1,0,0,0,1,1,0,4,0,1,1,0,2,0,1,0,0,1,3,0,1,1,1,1,1
"COG3455",0,0,0,0,0,7,0,1,0,0,0,0,0,0,0,2,0,2,0,0,0,0,2,10,1,0,0,0,0,0,0,2,0,1,0,1,0,0,0,7,0,0,1,0,0,0,0,0,1,0,0,1,0,3,1,0,0,0,2,0
"COG3456",0,0,0,0,0,0,0,0,0,0,0,0,0,0,0,3,0,0,0,0,0,0,0,20,0,0,0,0,0,1,0,1,0,1,0,0,1,0,0,1,0,0,4,0,0,0,0,0,0,0,0,2,0,0,0,0,0,0,2,0
"COG3457",1,0,3,1,1,3,0,0,0,6,1,0,4,6,3,1,4,8,8,0,6,1,0,16,0,0,2,2,0,1,3,2,0,1,5,1,0,1,4,0,1,0,5,1,5,0,1,3,0,4,1,1,0,3,2,1,2,1,4,3
"COG3458",40,32,44,10,49,16,51,11,36,11,21,30,30,27,11,51,16,8,11,46,20,45,5,0,4,41,38,22,20,33,26,51,17,49,35,26,41,20,55,23,18,15,17,20,24,48,38,14,42,27,37,59,25,16,57,58,23,22,8,14
"COG3459",72,36,75,102,28,11,61,62,38,73,116,37,42,69,128,7,122,122,129,76,56,66,47,4,49,48,25,145,88,69,74,5,116,91,50,17,42,80,43,4,89,39,97,150,95,6,64,51,20,47,13,23,47,124,6,13,40,54,13,33
"COG3460",0,0,0,0,2,2,0,0,0,0,0,0,0,0,0,0,0,0,0,0,0,0,0,9,0,0,0,0,0,0,0,0,0,0,0,0,0,0,0,0,0,0,0,0,0,0,0,0,0,0,0,0,0,0,0,0,0,0,1,0
"COG3463",1,2,1,9,0,3,3,0,6,2,2,3,9,4,21,2,11,1,0,4,10,12,10,4,1,4,2,7,2,0,0,1,6,1,1,0,7,1,3,1,5,3,4,7,0,0,4,3,4,3,0,2,3,1,1,1,1,8,0,4
"COG3464",34,234,97,62,51,56,130,119,92,210,104,187,46,122,110,292,86,44,79,82,82,89,68,119,54,125,88,23,41,230,59,68,46,7,3,19,30,41,69,35,8,31,3,59,49,50,29,15,121,81,115,29,23,13,94,112,25,29,29,33
"COG3467",19,27,24,22,29,13,14,26,30,16,31,27,23,34,13,12,22,17,27,28,34,25,3,7,12,28,26,19,23,18,66,25,21,19,32,21,21,25,26,40,22,19,23,43,26,30,14,40,19,20,31,31,22,22,21,24,26,16,32,20
"COG3468",16,31,10,17,70,11,4,5,44,32,11,34,111,18,20,44,10,1,6,20,27,39,19,288,4,35,66,92,3,28,51,70,16,58,18,38,24,32,15,21,39,9,34,9,27,18,25,2,16,25,67,17,25,87,34,66,32,6,28,70
"COG3469",0,3,0,0,1,0,0,0,0,2,1,1,0,0,0,0,0,0,1,0,0,0,0,0,0,0,0,0,0,0,0,0,1,0,0,0,0,0,2,0,0,0,0,0,0,0,7,2,0,6,0,0,1,0,0,0,0,0,0,1
"COG3470",1,0,0,0,1,0,0,0,1,1,0,2,0,0,0,0,0,0,0,1,0,1,1,1,3,0,0,0,0,0,0,0,0,0,0,0,1,0,0,1,0,1,0,0,1,0,0,0,0,0,1,1,0,0,0,0,0,0,20,1
"COG3471",0,0,0,0,0,0,0,1,0,2,1,3,0,0,0,1,0,0,0,0,0,0,2,0,0,0,2,0,2,0,0,0,0,0,0,1,0,0,0,0,0,0,0,0,0,0,0,0,0,0,0,0,0,0,0,0,0,0,0,0
"COG3472",9,1,0,8,3,2,22,2,2,23,19,13,9,29,3,0,5,7,20,6,11,2,0,0,0,0,0,28,19,6,5,7,10,0,3,3,1,15,1,5,5,10,2,14,2,0,2,11,11,2,0,0,21,8,14,3,4,1,2,7
"COG3473",0,0,0,0,0,0,0,0,0,0,0,0,0,0,0,0,0,0,0,0,0,0,0,1,0,1,1,1,0,0,0,1,0,0,1,0,0,0,0,0,0,0,0,0,0,0,0,0,0,0,1,0,0,1,0,0,0,0,0,0
"COG3475",65,55,55,72,27,31,53,32,36,22,55,37,40,45,48,57,49,44,31,69,46,68,64,11,32,48,23,93,67,30,46,20,49,65,46,32,35,31,40,45,42,75,38,59,52,56,68,38,74,31,44,55,49,39,50,49,35,67,12,17
"COG3476",0,4,4,13,2,10,5,11,7,7,6,4,10,2,7,12,3,5,2,5,3,16,2,2,3,4,3,7,6,7,10,7,4,0,10,6,5,8,6,2,5,2,8,9,3,6,5,9,10,6,5,15,8,9,14,9,6,7,2,6
"COG3477",0,0,0,0,0,0,0,0,0,0,0,0,1,0,0,0,0,0,0,0,0,0,5,23,0,0,0,0,0,0,0,1,0,2,0,1,0,0,0,0,0,3,0,0,0,0,0,0,0,0,0,0,0,0,0,0,0,0,1,0
"COG3478",0,1,0,0,0,1,0,0,0,0,0,0,0,0,0,0,1,0,0,0,0,0,0,0,0,0,2,1,0,0,0,0,0,0,0,0,1,0,0,0,0,0,0,0,0,0,0,0,1,0,0,0,0,0,0,1,0,0,0,0
"COG3479",0,0,0,0,0,4,0,0,0,1,0,0,1,0,0,0,0,1,0,0,0,0,0,0,8,0,0,0,0,0,0,1,0,1,0,0,0,0,0,0,0,0,1,0,0,0,0,0,0,0,0,0,0,0,0,0,0,0,0,0
"COG3480",0,0,0,0,0,0,0,0,0,1,1,1,0,1,0,0,1,0,0,0,0,0,9,0,7,0,0,0,0,0,5,0,2,0,0,0,0,0,0,0,0,14,1,0,2,0,0,0,0,0,1,0,0,3,0,0,0,0,30,4
"COG3481",5,18,18,27,10,12,18,21,11,29,38,20,20,21,35,13,45,51,40,24,28,24,35,15,30,25,20,44,51,25,28,6,38,9,20,14,12,31,13,3,33,32,37,24,26,2,13,31,8,12,14,19,18,36,9,8,16,23,16,12
"COG3484",0,0,0,0,0,1,0,0,0,0,0,0,0,0,0,0,0,0,0,0,0,0,0,0,1,0,0,0,0,0,0,0,0,0,0,0,0,0,0,0,0,0,1,0,0,0,0,0,0,0,0,0,0,0,0,0,0,0,0,0
"COG3485",0,0,0,0,0,14,0,1,0,0,0,0,0,0,0,0,0,7,0,0,0,0,3,0,1,0,0,0,0,0,0,0,0,1,0,0,0,0,0,0,0,0,4,0,0,0,0,0,0,0,0,0,0,0,0,0,0,0,0,0
"COG3486",0,0,0,0,5,3,0,0,0,0,0,0,3,0,0,1,0,4,0,0,0,0,0,53,1,1,1,0,0,0,0,1,0,0,0,3,1,0,0,3,0,0,0,0,0,1,0,1,0,0,0,0,0,3,0,0,0,0,3,0
"COG3487",3,12,10,12,12,19,1,7,10,5,1,14,5,4,3,8,4,2,6,24,22,10,0,0,0,24,12,3,4,12,2,11,9,1,0,5,2,0,4,4,1,0,1,3,6,8,2,6,3,4,3,13,5,1,3,5,11,1,0,2
"COG3488",76,13,39,16,15,32,70,28,10,4,5,17,25,21,4,12,19,8,5,23,34,52,0,1,0,26,19,10,5,24,21,38,22,114,15,20,8,25,58,22,17,1,7,12,20,16,16,24,6,19,10,11,19,6,18,13,20,2,3,46
"COG3491",0,0,0,0,0,14,0,0,0,0,0,0,0,0,0,1,0,3,0,0,0,0,2,0,0,0,0,0,0,0,0,0,0,0,0,2,0,0,0,0,0,0,2,0,0,0,0,0,1,0,0,1,0,0,0,0,0,0,0,0
"COG3493",3,7,1,3,0,16,0,0,2,1,2,1,1,2,8,7,1,3,0,2,3,1,1,0,10,1,7,6,6,4,2,3,4,3,6,5,13,2,3,9,2,10,13,1,1,2,2,1,1,9,14,0,2,0,4,9,1,32,0,0
"COG3494",1,1,9,1,2,3,8,2,1,4,2,1,7,1,1,0,2,3,0,0,1,1,3,0,0,2,5,2,0,1,6,1,1,3,5,7,1,1,3,3,1,2,5,2,4,1,2,0,1,3,3,3,2,3,0,2,2,1,1,2
"COG3496",0,0,0,0,0,2,0,0,0,0,0,0,0,0,0,0,0,0,0,0,0,0,0,0,0,0,0,0,0,0,0,0,0,1,0,1,0,0,0,3,0,0,2,0,0,0,0,0,0,0,0,0,0,0,0,0,0,0,0,0
"COG3497",3,6,3,6,5,6,3,3,7,2,6,4,10,2,0,11,4,17,34,14,20,11,3,11,0,8,9,7,1,10,5,7,8,3,3,6,3,5,0,21,3,12,6,15,3,2,33,5,3,4,5,1,5,23,5,6,4,0,7,9
"COG3498",0,0,2,6,0,6,0,3,0,1,2,2,1,1,0,1,0,1,0,4,4,0,1,1,0,0,2,3,0,10,0,0,1,0,0,0,0,0,2,2,2,2,5,1,1,1,1,1,0,0,1,1,5,5,1,1,1,2,3,0
"COG3499",0,0,0,0,0,4,0,0,0,0,0,0,0,1,0,2,0,0,0,0,0,0,1,0,0,2,0,0,0,0,0,1,0,0,0,0,1,0,0,0,0,0,2,0,0,0,0,0,0,0,0,0,0,1,0,2,0,0,3,0
"COG3500",2,3,4,6,14,11,1,4,1,5,1,4,11,3,1,11,6,6,30,10,26,5,2,4,1,7,4,5,0,12,4,5,6,6,8,6,8,3,1,35,2,8,2,8,2,2,17,1,6,3,7,0,3,15,8,13,1,2,7,6
"COG3501",4,30,3,10,13,39,19,4,90,16,1,35,9,4,30,17,7,6,1,65,6,3,7,56,6,18,2,26,0,28,4,9,4,4,6,32,31,21,19,23,8,7,32,7,61,14,9,32,34,69,26,7,16,17,37,17,12,29,7,7
"COG3503",1,0,1,1,0,0,0,5,0,2,2,2,1,4,0,1,1,3,2,0,0,4,0,0,2,1,3,1,0,1,3,0,3,0,3,2,7,5,1,0,2,0,1,4,8,2,0,3,0,3,0,4,4,4,0,0,3,9,1,1
"COG3504",3,0,1,1,1,5,9,0,0,3,1,1,1,0,0,1,0,0,0,0,0,0,1,7,1,0,0,2,0,0,5,2,0,0,0,4,2,0,0,0,2,0,0,0,0,1,0,0,0,0,0,4,0,0,0,0,2,0,8,2
"COG3505",290,256,187,249,197,283,195,316,290,198,191,283,235,279,191,66,195,261,394,161,228,190,110,139,144,168,286,237,125,357,333,132,203,192,210,183,255,280,134,74,272,92,225,254,288,373,195,234,317,249,187,144,234,309,264,115,218,286,78,283
"COG3506",0,0,1,1,4,1,0,0,3,2,3,0,1,2,1,4,3,0,1,0,0,0,3,1,1,4,2,2,5,3,20,13,3,3,3,10,0,8,15,9,3,10,6,4,6,20,12,6,15,5,2,7,1,4,9,15,7,9,0,7
"COG3507",334,217,223,205,412,303,248,125,373,211,132,347,193,117,241,324,194,112,101,328,254,267,58,27,139,337,252,142,186,196,154,300,167,186,377,239,248,241,351,302,170,174,206,192,316,341,363,229,284,280,318,360,277,57,320,379,282,237,434,241
"COG3509",13,0,31,1,0,2,6,2,1,3,0,3,7,11,0,0,3,1,2,0,2,2,0,0,5,0,10,0,6,9,2,0,0,0,1,1,0,1,11,0,1,5,0,3,1,0,0,0,0,0,1,0,2,0,0,0,0,0,0,1
"COG3512",8,5,4,8,2,7,2,3,0,2,6,0,4,8,4,3,4,13,3,6,5,4,8,0,2,4,0,4,6,6,2,11,5,1,2,9,2,9,12,2,4,2,4,12,1,3,5,14,2,10,4,2,6,2,5,2,13,4,2,1
"COG3513",65,56,64,62,22,48,9,29,14,26,79,6,27,30,26,30,58,62,21,49,62,19,62,0,30,61,22,64,62,55,34,65,36,25,19,53,16,48,26,7,37,10,22,55,21,8,41,64,24,59,17,22,55,25,13,32,85,30,16,23
"COG3514",0,0,0,0,0,0,0,0,0,0,0,0,0,0,0,0,0,0,0,0,0,0,0,7,0,0,0,0,0,0,0,1,0,1,0,0,0,0,0,0,0,0,0,0,0,0,0,0,0,0,0,0,0,0,0,0,0,0,0,0
"COG3515",1,1,0,1,3,8,0,0,0,0,0,0,0,0,0,2,0,3,0,0,0,0,1,61,4,1,0,0,0,1,0,1,0,2,0,1,0,0,0,2,0,1,1,0,0,0,0,0,2,0,0,0,0,2,2,0,0,0,2,0
"COG3516",5,1,0,1,1,3,0,0,1,1,0,0,1,0,0,1,0,0,0,0,0,0,1,5,1,1,0,0,0,0,0,1,0,0,0,1,0,0,0,4,0,0,0,1,1,0,0,0,3,0,0,0,0,4,0,1,0,0,3,0
"COG3517",1,1,0,0,1,7,0,0,0,0,1,3,0,0,0,5,0,3,1,1,0,0,1,33,1,0,0,0,0,0,0,1,2,2,0,3,0,2,0,4,1,0,5,0,1,0,1,0,2,1,0,2,0,4,1,0,0,1,1,2
"COG3518",0,0,0,1,1,0,0,0,0,0,0,0,0,0,0,1,0,0,0,0,0,0,0,1,0,0,0,0,0,0,0,0,0,0,0,1,0,0,0,2,0,0,0,0,0,0,0,0,0,0,0,0,0,1,0,0,1,0,0,0
"COG3519",2,0,1,0,3,9,0,0,0,1,0,0,0,1,1,2,0,5,0,0,0,0,4,65,3,0,0,1,0,0,0,2,0,3,0,3,1,0,1,3,0,0,1,1,0,1,0,0,4,2,0,2,0,4,2,0,0,0,4,1
"COG3520",0,0,1,1,4,9,0,1,0,0,1,0,0,0,0,1,0,1,0,0,0,0,1,36,1,0,0,0,1,1,0,3,0,1,0,1,1,0,0,3,0,0,1,0,1,0,0,0,1,0,0,0,0,2,0,0,0,1,3,0
"COG3521",0,0,0,0,1,6,0,0,1,0,0,0,0,0,0,3,0,2,0,0,0,0,1,14,1,0,0,0,0,0,0,1,0,0,0,4,1,0,0,4,0,0,3,0,0,0,0,0,1,0,0,0,0,0,0,0,0,1,1,0
"COG3522",0,0,0,0,2,11,0,0,0,1,1,0,1,0,0,3,0,6,0,0,0,0,2,19,0,0,0,0,0,0,0,2,0,1,0,4,1,0,0,5,0,0,5,0,2,1,1,0,6,0,0,0,0,0,0,0,0,0,7,0
"COG3523",0,0,0,0,4,19,1,1,1,1,0,0,0,0,0,5,0,6,0,0,0,0,9,39,0,1,0,0,0,0,0,2,0,1,0,6,1,0,0,2,0,0,8,0,0,0,0,0,0,3,2,1,0,7,0,0,0,0,1,0
"COG3524",2,0,0,0,6,1,0,0,1,0,0,0,1,1,0,6,0,0,0,1,0,1,0,0,0,0,0,0,0,0,0,2,0,1,0,1,0,2,1,0,0,0,0,0,1,0,0,0,0,0,0,0,0,2,0,0,0,0,1,3
"COG3525",252,291,272,249,529,224,406,226,334,283,169,284,266,206,101,395,197,123,97,353,239,176,35,29,71,318,251,113,76,272,199,480,154,83,297,258,284,304,317,547,177,59,212,203,273,451,358,160,474,342,335,450,332,220,554,440,307,232,97,344
"COG3526",0,0,0,0,0,0,0,0,0,0,0,0,0,0,0,0,0,0,0,0,0,0,1,0,0,0,0,0,0,0,0,0,0,0,0,0,0,0,0,0,0,0,0,0,0,0,0,0,0,0,0,0,0,0,0,0,0,0,0,0
"COG3527",0,0,0,0,0,4,0,0,0,0,1,0,1,2,0,1,0,5,6,0,0,0,20,0,3,0,1,0,0,0,0,1,0,0,0,0,0,0,0,1,1,11,0,0,2,0,0,0,0,0,0,0,1,0,0,0,0,0,0,0
"COG3528",0,0,4,0,0,0,0,0,0,0,0,2,0,1,0,0,0,0,0,0,1,0,0,0,0,0,0,0,0,0,0,0,0,0,0,0,0,0,0,0,0,0,6,0,0,0,0,0,0,0,0,0,0,1,0,0,0,0,0,0
"COG3529",1,0,0,0,1,2,0,0,0,0,0,0,0,0,0,0,0,1,0,0,0,0,0,4,0,1,0,0,0,0,0,0,0,0,0,0,0,0,1,1,0,0,0,0,0,0,0,0,0,0,0,0,0,0,0,0,0,0,0,0
"COG3530",1,0,0,0,0,0,0,0,0,0,0,0,2,0,0,0,0,1,2,0,0,0,0,3,1,0,0,0,0,0,0,1,0,1,0,1,1,0,0,1,0,0,4,0,0,0,0,0,0,0,1,0,0,1,0,0,0,1,0,0
"COG3533",176,185,196,132,284,219,161,50,235,101,93,252,204,143,143,351,117,75,79,160,150,142,47,26,98,198,150,92,75,181,139,199,115,55,342,155,182,167,217,292,104,113,172,94,145,298,314,148,225,238,212,325,214,78,181,324,207,138,209,197
"COG3534",295,109,150,73,154,86,214,40,123,48,47,122,110,81,103,123,94,68,56,90,104,79,46,18,85,134,97,63,79,82,70,104,90,25,133,96,97,88,163,152,116,120,94,75,84,115,149,114,113,103,88,135,107,64,101,133,133,89,180,154
"COG3535",2,0,0,1,0,1,0,0,3,1,0,0,3,1,0,0,1,7,6,0,3,1,2,3,10,0,0,0,2,1,1,0,0,1,0,0,1,2,1,0,1,7,1,0,0,0,0,3,1,1,0,0,0,9,0,0,3,2,35,1
"COG3536",0,0,0,0,0,0,0,0,0,0,0,0,0,0,0,0,0,0,0,3,0,0,0,0,0,0,0,0,0,0,0,0,0,0,0,0,1,0,0,0,0,0,0,0,0,0,0,1,0,0,0,1,0,0,0,0,0,0,0,2
"COG3537",376,297,284,235,617,420,349,247,455,254,165,393,351,156,142,732,273,116,106,298,440,233,12,2,52,518,447,215,68,327,190,722,205,309,417,469,401,404,408,820,168,117,254,204,235,676,488,204,694,389,328,689,345,224,614,629,543,226,78,469
"COG3538",71,38,63,33,77,14,52,20,57,20,27,39,51,5,33,35,18,27,8,53,48,18,10,6,10,55,61,42,1,37,16,75,15,47,45,41,25,27,38,69,26,17,21,19,33,87,35,55,37,49,51,25,50,16,47,57,75,18,55,48
"COG3539",7,3,0,1,24,48,1,4,1,0,3,4,9,5,1,14,1,11,1,2,1,0,17,144,11,2,0,0,0,1,0,12,0,8,0,27,2,1,4,37,0,3,36,1,2,3,0,1,10,5,4,2,1,19,15,7,1,3,19,4
"COG3541",3,0,0,0,4,0,0,0,0,1,5,0,1,0,0,3,5,0,1,0,0,2,1,3,2,0,1,0,0,0,1,3,3,0,0,6,0,6,0,3,6,13,5,1,1,5,1,5,4,0,2,2,0,9,0,5,3,3,1,2
"COG3542",0,0,0,2,0,1,0,0,5,1,0,0,1,0,1,0,0,0,2,0,0,4,0,0,4,1,1,0,2,0,0,0,1,0,0,0,0,0,0,0,1,0,0,0,0,0,2,1,0,0,0,0,0,0,0,1,1,0,4,0
"COG3543",0,2,0,2,0,0,2,1,1,3,3,0,0,2,1,0,0,3,2,4,5,1,2,0,1,0,0,1,1,0,2,1,5,0,5,3,7,3,0,0,4,3,3,2,3,0,5,5,1,4,3,1,4,8,1,3,3,6,0,1
"COG3544",0,0,1,1,0,0,6,0,0,1,1,1,0,0,3,0,4,0,0,0,2,4,0,8,1,1,1,0,0,1,3,0,2,0,2,10,0,1,0,2,0,0,1,0,0,1,0,3,0,1,0,5,0,0,0,0,1,0,1,0
"COG3545",0,0,0,1,0,0,0,2,0,0,3,0,0,2,0,0,0,0,0,0,0,0,0,0,0,0,0,2,0,0,0,0,1,0,0,0,0,0,0,0,0,0,0,0,0,0,0,0,0,0,0,0,0,3,0,0,4,0,0,0
"COG3546",0,7,7,16,14,5,7,20,8,11,13,2,16,12,21,7,20,27,20,7,18,12,6,13,20,12,17,19,8,14,17,8,15,3,4,9,5,21,4,12,17,5,12,5,10,6,8,15,8,4,7,7,6,22,3,1,12,14,7,6
"COG3547",631,100,65,173,274,114,346,163,90,134,133,72,133,194,96,51,91,171,156,282,78,253,160,191,203,286,113,82,247,135,66,23,45,104,38,36,25,29,56,20,67,23,42,68,71,36,21,53,81,24,11,21,54,54,22,54,36,46,29,57
"COG3548",0,0,0,0,2,0,0,0,0,0,0,0,0,0,0,0,4,1,2,0,0,0,15,0,13,0,1,0,0,0,0,0,0,0,0,1,0,0,0,0,0,22,0,0,0,0,0,0,0,0,0,0,0,2,0,3,0,0,1,0
"COG3549",0,2,0,1,1,0,0,0,0,1,0,1,0,0,0,3,0,2,0,0,0,0,0,1,0,0,0,0,0,0,0,0,0,1,0,1,0,0,0,0,0,0,0,0,1,0,0,1,0,0,0,1,0,2,2,0,0,0,1,1
"COG3550",144,132,46,63,39,60,165,103,52,29,45,39,61,41,32,68,65,45,30,75,46,46,21,21,36,116,110,75,43,81,88,71,99,91,142,74,53,60,82,58,72,48,61,99,39,161,88,65,80,119,53,43,127,50,41,65,68,41,17,61
"COG3552",0,0,0,0,0,0,0,0,0,0,0,0,0,1,0,0,0,0,3,0,0,0,0,0,0,0,0,0,0,0,0,0,0,0,0,0,0,0,0,0,0,0,0,0,1,0,0,0,0,0,0,0,0,4,0,0,0,0,0,0
"COG3555",0,0,0,0,0,4,0,0,0,0,0,0,0,0,0,2,0,0,0,0,0,0,1,0,0,0,0,0,0,0,0,0,0,0,0,1,0,0,0,0,0,0,2,0,0,0,0,0,0,0,0,0,0,0,0,1,0,0,0,0
"COG3557",0,0,1,1,0,0,0,1,0,0,3,0,0,2,0,2,3,3,0,1,0,0,23,1,2,0,0,4,0,0,1,0,0,0,0,0,1,0,0,0,0,0,0,1,0,0,0,4,1,0,0,0,0,2,0,1,0,0,0,0
"COG3558",0,0,0,0,0,1,0,0,0,0,0,0,0,0,0,0,0,2,0,0,0,0,0,0,0,0,0,0,0,0,0,0,0,0,0,0,0,0,0,0,0,0,1,0,0,0,0,0,0,0,0,0,0,0,0,0,0,0,0,0
"COG3560",0,16,7,5,18,6,10,3,15,10,10,29,13,8,7,19,5,0,5,17,12,9,12,1,2,13,6,8,2,12,7,27,10,1,8,18,11,10,12,19,7,6,5,6,8,21,12,14,21,15,23,26,24,7,25,19,19,5,1,8
"COG3561",2,2,3,3,0,5,2,3,1,22,5,0,0,4,0,1,23,2,14,0,1,0,11,0,1,1,5,5,0,5,1,11,6,0,1,0,0,5,2,1,5,2,2,7,1,0,1,1,3,1,0,2,6,16,0,0,0,19,0,3
"COG3562",0,2,0,0,0,1,0,0,0,1,0,0,1,1,0,2,0,0,0,1,0,1,0,1,0,0,0,0,1,0,0,1,0,0,1,3,0,0,0,0,0,1,0,0,1,0,0,0,1,1,0,0,0,3,0,2,0,0,4,1
"COG3563",0,1,0,0,1,0,0,0,3,0,0,2,3,1,0,3,0,0,0,2,0,0,1,6,0,0,1,0,0,0,1,2,0,3,0,1,0,0,0,0,0,0,1,0,1,0,0,0,2,0,0,0,0,3,1,0,1,0,1,3
"COG3566",0,0,3,1,3,0,0,3,5,5,2,1,1,0,0,1,1,2,8,37,0,3,0,0,0,0,0,0,5,0,0,0,7,1,0,8,0,1,1,0,6,0,3,0,0,2,0,2,0,1,57,0,1,0,3,2,0,0,0,1
"COG3567",2,0,6,2,4,0,0,2,2,5,2,0,5,1,0,0,1,3,13,16,0,3,2,0,0,0,0,1,3,1,0,1,3,0,0,6,1,0,1,0,10,0,1,0,6,1,0,2,0,0,42,0,1,0,0,0,4,1,0,0
"COG3568",2,43,72,41,98,70,26,44,88,61,41,77,74,34,20,100,31,57,47,71,80,38,29,10,21,106,66,45,19,74,67,147,27,48,67,47,71,62,69,102,41,20,40,33,57,109,75,35,117,68,87,73,66,32,99,90,78,50,10,66
"COG3570",0,0,0,0,0,5,0,1,3,0,0,0,0,0,0,0,1,1,0,0,0,0,0,0,0,0,0,0,0,0,0,0,0,1,0,0,2,0,0,0,3,0,0,0,1,0,2,0,0,0,2,1,0,0,2,0,0,0,0,0
"COG3572",0,1,3,1,0,0,0,0,0,2,6,0,1,2,2,0,0,0,3,0,0,0,29,0,12,0,5,0,3,1,0,1,1,0,0,0,0,0,0,0,0,2,0,0,1,0,0,2,0,0,0,0,1,0,0,0,0,0,12,0
"COG3575",0,0,0,0,0,0,0,0,0,0,0,0,0,0,0,0,0,1,0,0,0,0,11,0,0,0,0,0,0,0,0,0,0,0,0,0,0,0,0,0,0,0,0,0,0,0,0,1,0,0,0,0,0,0,0,0,0,0,0,0
"COG3576",0,0,0,0,0,1,0,0,0,0,1,1,2,0,2,0,0,3,1,2,0,1,3,0,14,0,0,0,1,1,0,0,0,0,0,1,1,0,0,0,0,10,1,0,0,0,2,0,2,0,1,0,0,0,0,0,0,0,10,0
"COG3579",80,38,55,42,82,51,52,63,60,32,35,73,37,32,28,64,29,19,13,54,46,47,56,0,69,56,60,39,20,41,31,44,23,74,51,49,48,36,63,44,28,93,29,34,70,55,36,45,60,54,65,77,55,17,59,82,56,20,142,54
"COG3580",34,83,103,72,29,47,49,64,53,86,113,45,79,82,179,43,94,89,78,70,67,83,54,21,110,50,67,127,116,62,74,15,89,24,55,42,97,74,55,45,87,107,85,81,64,11,80,67,30,51,43,46,41,89,12,35,50,148,105,49
"COG3581",37,57,113,70,17,27,49,47,52,82,97,36,71,72,113,24,106,102,53,51,55,73,57,40,85,51,56,111,118,52,81,21,68,23,58,39,45,56,29,45,80,75,65,76,59,23,60,46,32,45,37,30,51,105,21,34,52,88,102,41
"COG3583",10,12,12,12,5,3,10,12,4,32,21,13,7,22,17,0,14,19,24,10,4,4,2,0,15,1,6,19,14,7,13,0,8,2,7,11,11,14,3,0,8,19,5,7,10,1,8,17,4,9,3,3,7,28,6,3,10,8,5,14
"COG3584",5,12,12,11,5,2,16,13,10,26,20,12,7,20,18,4,11,31,34,5,9,14,18,4,19,3,7,15,9,17,29,3,21,2,9,13,23,11,4,4,19,15,9,10,15,21,16,12,11,14,3,9,13,29,5,2,13,20,5,15
"COG3585",0,0,1,2,0,0,0,0,0,0,2,1,0,0,1,1,0,0,0,1,1,2,3,0,2,0,0,0,2,1,1,0,0,0,0,0,1,0,0,0,2,0,0,3,0,0,0,0,0,0,0,0,0,1,0,0,1,0,0,0
"COG3586",0,1,1,1,8,9,9,4,1,14,4,2,3,7,0,8,3,5,0,5,3,1,0,0,0,8,5,0,2,3,4,9,0,1,2,18,9,7,5,12,1,0,1,1,4,21,3,3,13,3,0,2,1,14,2,3,2,8,7,7
"COG3587",64,94,43,29,35,29,139,4,33,19,32,40,27,18,61,90,43,23,21,30,35,61,2,0,15,28,16,77,18,12,15,6,37,100,15,24,87,66,74,25,28,82,25,16,36,38,49,3,77,115,28,14,27,23,70,80,28,8,11,36
"COG3588",0,0,0,0,0,0,0,1,0,15,0,0,0,0,1,0,4,0,1,0,0,0,0,2,0,0,0,0,0,0,0,1,0,0,0,1,0,0,0,1,0,1,0,0,0,1,0,0,2,0,0,0,0,9,0,1,0,1,0,1
"COG3589",1,2,2,2,0,4,4,1,0,9,5,0,4,3,4,2,1,2,2,0,0,0,0,5,16,0,0,4,10,2,1,2,0,0,5,9,2,6,6,1,0,31,0,1,4,2,1,1,2,1,1,5,3,2,0,0,1,1,18,2
"COG3590",58,12,19,11,19,14,38,17,14,14,8,23,26,13,7,15,12,18,4,16,17,24,25,4,30,12,26,10,8,16,34,45,41,163,40,63,34,41,132,55,82,107,32,46,47,38,44,30,42,51,54,43,50,19,59,55,51,25,103,71
"COG3591",2,0,5,4,3,3,0,2,0,3,7,0,6,4,3,0,6,3,3,5,4,3,0,8,13,0,1,3,1,3,0,0,3,0,0,0,4,5,0,3,4,1,10,5,3,2,5,3,0,0,0,0,5,8,0,1,2,7,0,2
"COG3592",0,0,0,0,2,1,0,0,0,0,0,0,1,0,0,1,0,0,0,0,0,0,0,8,0,1,0,1,0,1,0,2,0,1,0,2,0,0,0,1,0,0,2,0,1,1,0,0,0,0,0,0,1,0,0,0,1,0,2,0
"COG3593",3,10,10,22,5,13,6,24,10,13,24,14,24,22,20,6,21,29,19,14,7,11,37,95,14,49,15,8,31,15,18,5,13,67,6,19,30,7,2,85,11,27,18,23,3,20,13,28,14,5,62,4,18,17,4,13,10,13,13,11
"COG3594",54,27,33,33,68,48,29,30,12,42,29,28,42,27,47,37,45,14,22,32,13,39,33,8,34,51,50,19,15,32,41,70,18,52,66,44,17,35,38,53,25,15,23,15,34,42,58,50,45,13,11,20,42,11,24,24,53,20,5,22
"COG3595",0,0,0,2,5,0,0,2,0,0,0,0,0,0,0,1,0,6,0,0,3,0,0,1,0,0,5,11,0,0,3,0,0,1,2,0,1,1,0,0,0,0,0,0,0,0,1,0,0,0,1,0,0,3,0,0,0,4,1,5
"COG3596",29,0,0,7,2,0,1,5,2,4,1,0,1,13,16,1,1,2,1,1,1,17,0,38,0,0,0,0,0,4,0,4,9,1,0,12,0,7,1,5,0,1,9,0,2,0,3,3,0,1,1,0,1,2,3,1,2,4,7,1
"COG3597",2,1,0,0,0,0,0,3,0,3,0,0,0,1,2,0,0,2,0,0,0,15,0,0,0,0,0,0,2,0,2,0,1,0,2,0,0,1,0,0,4,0,0,0,0,0,1,1,0,0,1,0,0,0,0,0,1,0,0,0
"COG3598",2,3,8,4,0,0,1,2,0,7,21,0,1,1,3,1,3,3,1,5,5,0,9,8,4,1,1,4,4,7,0,0,2,0,0,1,1,5,1,0,1,1,4,2,1,3,3,3,0,2,1,0,5,2,4,0,6,1,10,1
"COG3599",2,1,4,4,0,4,2,13,1,26,15,12,10,8,3,1,13,28,26,5,8,3,33,0,21,3,1,14,2,7,7,2,7,0,4,6,8,10,2,0,14,18,8,6,4,2,8,4,1,5,1,3,4,18,2,0,10,11,5,1
"COG3600",0,7,13,10,14,1,28,9,0,4,8,4,14,5,8,14,6,7,2,0,5,18,0,0,4,4,14,2,2,7,7,5,1,4,14,5,3,5,11,1,2,3,3,12,3,1,0,7,16,6,3,9,3,2,0,2,6,6,0,8
"COG3601",2,4,2,3,1,0,5,7,3,4,10,5,1,7,9,2,6,10,7,5,2,2,10,3,15,10,4,4,7,6,13,3,18,2,6,8,12,13,7,2,11,21,9,15,22,4,9,27,8,12,8,8,15,13,8,5,15,22,41,16
"COG3602",0,1,0,0,2,2,0,0,0,1,0,0,2,0,1,2,0,0,0,1,0,1,0,0,0,3,0,0,0,0,0,0,0,0,0,0,0,0,0,1,0,0,0,0,0,0,3,0,3,2,0,1,0,0,4,0,1,0,0,0
"COG3603",0,0,0,0,1,0,0,1,1,2,0,1,2,0,1,2,1,0,1,2,0,0,1,1,2,1,3,2,0,1,0,1,2,0,0,1,3,0,0,0,2,0,1,1,1,0,0,2,0,0,4,1,2,0,3,0,1,0,0,1
"COG3604",11,32,26,19,29,31,7,29,20,12,7,30,27,19,10,38,5,13,13,19,17,12,2,87,7,12,27,12,2,26,18,14,22,12,19,35,15,24,13,14,12,2,36,13,35,9,9,18,18,36,39,36,17,22,29,23,18,27,11,25
"COG3605",0,1,0,1,2,14,0,0,2,0,1,0,1,2,1,1,0,5,0,1,0,0,4,14,2,1,1,0,0,0,0,1,0,0,0,2,1,0,1,2,1,0,3,0,1,0,0,0,3,2,0,0,0,2,0,1,1,0,0,2
"COG3608",1,3,9,15,4,5,9,12,9,6,12,9,7,12,20,9,15,19,5,11,11,18,25,3,11,27,12,27,24,13,16,4,17,5,5,4,18,11,4,3,15,2,10,14,7,7,7,14,12,6,22,3,9,8,10,10,8,16,1,3
"COG3609",0,0,0,0,0,0,0,0,0,0,1,0,0,0,0,0,1,0,0,0,0,0,0,9,0,0,2,0,0,0,2,1,0,0,0,0,0,0,0,0,0,0,0,1,0,0,0,0,0,0,0,0,0,0,0,0,0,0,0,0
"COG3610",1,17,10,12,11,15,4,5,7,13,20,19,13,11,23,12,9,14,11,13,10,8,16,20,27,11,19,14,18,8,10,17,17,5,15,11,11,14,9,27,12,11,16,20,11,21,14,14,13,13,11,5,8,14,7,14,15,25,7,12
"COG3611",1,1,1,3,0,1,0,4,0,1,5,0,0,0,0,1,2,6,5,0,0,1,35,0,5,0,0,5,6,0,5,1,1,0,1,0,0,0,1,0,1,20,0,0,0,2,0,3,0,0,0,0,1,3,0,1,3,1,9,1
"COG3613",0,0,0,0,1,1,0,6,0,2,0,0,0,0,0,0,0,6,0,0,0,0,3,0,20,0,0,0,0,0,3,1,0,0,1,0,0,0,0,0,0,8,0,0,3,0,0,1,0,0,3,0,0,1,1,1,1,0,14,2
"COG3615",0,0,1,1,1,4,0,1,0,0,0,0,1,1,0,0,0,1,0,0,0,0,16,6,1,0,0,0,0,0,0,3,0,0,0,1,1,0,0,2,0,0,0,0,0,0,0,0,0,1,1,1,0,0,0,0,0,0,0,0
"COG3616",0,2,5,3,4,9,1,0,1,5,2,2,3,9,4,5,2,2,1,3,2,2,0,2,0,3,7,3,2,1,1,3,4,2,1,7,3,4,3,10,3,2,4,1,3,2,3,0,6,2,4,2,1,5,3,7,2,0,2,5
"COG3617",41,13,63,30,15,4,42,34,15,25,19,10,25,20,7,7,38,14,35,26,19,33,7,6,7,11,34,24,17,25,42,15,30,21,3,17,3,22,44,22,46,10,15,19,5,9,26,25,18,2,60,4,28,45,21,16,8,12,2,43
"COG3618",0,0,0,0,0,0,0,0,1,0,0,0,1,1,0,0,1,0,1,0,0,0,5,0,2,0,0,0,0,0,1,0,0,1,0,1,0,0,0,2,0,0,1,0,0,0,0,0,2,1,1,1,0,0,0,1,0,0,0,2
"COG3619",3,16,14,10,6,12,4,24,10,14,30,15,9,19,37,5,16,24,13,18,8,11,36,11,46,6,7,18,37,17,24,1,24,2,18,12,9,12,5,3,15,18,18,17,18,7,16,21,10,13,7,6,12,13,8,3,25,27,38,13
"COG3621",0,4,0,0,0,12,2,0,0,0,0,0,0,0,0,0,0,0,0,0,1,0,0,0,5,0,0,0,0,1,5,0,0,0,0,0,0,0,0,0,0,0,0,0,0,0,0,0,0,2,0,0,0,0,0,4,0,0,0,0
"COG3622",0,5,1,0,6,5,1,1,2,0,2,0,6,5,0,2,0,1,0,6,2,0,0,23,1,3,0,1,0,0,0,2,2,1,1,5,6,5,2,4,1,2,3,2,0,3,2,2,1,2,1,2,2,4,0,1,4,0,5,4
"COG3623",0,1,0,1,3,9,1,0,1,3,2,0,0,3,0,5,1,4,4,1,0,0,6,25,4,2,4,0,3,1,0,3,1,4,0,7,1,0,0,3,2,1,11,0,0,1,0,0,2,1,1,0,1,1,3,1,0,3,8,1
"COG3624",0,0,0,0,1,5,0,1,0,0,0,0,0,0,0,1,0,0,2,0,0,0,5,4,0,0,1,0,0,0,0,1,0,0,2,2,0,0,0,3,0,0,1,0,0,1,0,0,2,0,1,0,0,3,1,0,0,0,1,0
"COG3625",0,1,0,0,1,1,0,0,2,1,0,1,3,0,1,1,0,1,0,0,0,1,2,3,1,0,0,2,0,2,0,0,0,1,0,0,1,0,0,1,0,0,1,0,0,1,0,1,0,0,1,0,1,0,1,0,0,0,0,0
"COG3626",0,1,0,0,2,3,0,0,0,0,0,4,6,0,0,1,1,1,1,0,0,0,4,14,0,3,1,2,0,3,0,2,0,1,0,2,2,0,0,3,6,0,5,0,0,0,3,1,1,2,2,1,1,5,0,2,2,2,0,3
"COG3627",0,2,1,0,2,7,1,0,1,1,0,2,3,2,1,0,1,1,1,1,0,3,3,11,0,4,2,1,0,1,1,5,1,3,0,1,0,0,0,0,2,0,3,1,0,0,0,2,0,1,2,0,3,7,0,2,1,1,2,2
"COG3628",1,1,0,1,3,3,0,0,2,2,0,0,1,0,0,5,0,0,0,0,0,0,0,0,0,2,0,0,0,1,0,3,0,1,1,1,0,0,1,2,2,0,5,0,0,0,2,0,0,0,0,0,0,5,0,3,1,0,2,1
"COG3629",0,1,2,0,0,0,0,1,3,2,0,0,0,6,1,2,1,9,1,0,5,0,13,24,0,1,1,1,2,0,1,0,1,0,1,0,0,0,1,0,2,0,0,4,1,6,1,1,1,2,2,0,2,0,0,1,0,0,0,0
"COG3630",0,0,0,0,0,1,0,0,0,0,1,0,0,0,0,0,0,0,0,0,0,0,1,0,0,0,0,0,0,0,0,0,0,0,0,0,0,0,0,0,0,0,1,0,0,0,0,0,0,0,0,0,0,0,0,0,0,0,0,0
"COG3633",2,4,14,5,2,22,18,6,3,11,11,14,9,22,11,5,12,27,13,16,12,16,48,21,23,18,11,29,34,12,2,2,2,0,10,6,4,6,3,3,9,6,3,2,10,0,2,2,4,8,4,3,6,7,3,0,7,9,7,1
"COG3634",1,30,22,25,35,21,15,10,35,16,16,34,25,12,14,28,15,6,8,36,20,10,22,20,3,34,22,13,7,23,8,29,26,5,22,22,38,32,23,38,13,4,23,6,26,41,19,24,22,37,30,44,26,17,33,29,25,21,7,33
"COG3635",41,22,37,26,28,22,42,19,20,24,16,36,17,26,15,25,18,14,38,37,35,26,7,15,5,24,31,26,16,30,18,31,20,46,15,21,30,27,44,18,37,17,14,15,29,21,27,32,14,37,30,22,38,35,31,38,25,17,3,27
"COG3636",0,0,0,1,0,0,0,2,0,0,0,0,0,0,0,0,0,0,0,0,0,0,0,0,2,0,0,0,0,0,0,0,0,0,0,0,0,1,0,0,3,0,0,0,1,0,0,0,0,0,0,0,0,0,0,1,0,0,2,0
"COG3637",4,1,0,0,3,14,0,2,1,0,1,1,1,1,0,2,0,3,0,0,0,0,4,60,1,2,0,0,0,0,0,0,0,0,0,3,2,0,0,5,2,0,4,0,0,0,0,2,2,1,0,0,0,3,0,0,0,1,7,1
"COG3638",0,5,0,4,3,6,0,2,3,2,7,2,4,1,4,3,1,9,14,2,3,5,4,9,10,1,2,3,4,4,6,4,1,2,2,4,1,3,1,0,4,10,6,1,1,5,3,5,4,4,4,1,3,12,0,3,1,2,4,7
"COG3639",0,4,5,8,0,11,0,3,0,1,1,6,7,8,11,4,2,20,9,6,7,7,2,4,12,1,3,5,5,9,4,3,7,2,2,3,1,2,0,3,9,21,5,2,5,6,1,8,3,7,3,2,3,7,0,5,8,5,19,5
"COG3640",1,11,0,9,1,4,3,2,9,5,16,3,7,12,16,3,7,17,25,5,8,8,15,5,20,2,0,7,20,4,4,1,3,0,2,1,3,2,0,2,13,1,0,2,2,4,0,3,2,0,0,0,1,2,0,2,1,6,6,1
"COG3641",0,19,5,10,2,11,6,9,5,5,23,15,9,15,17,4,16,10,27,7,9,10,29,6,38,4,12,17,29,14,3,4,4,1,5,4,11,5,2,3,11,17,13,5,15,4,12,13,9,15,11,6,13,20,5,9,7,24,4,1
"COG3643",1,19,11,6,25,5,4,4,18,8,7,15,10,11,5,20,4,4,10,19,14,8,3,5,0,14,16,8,2,17,8,26,5,1,16,9,24,18,9,15,11,3,7,4,25,10,13,18,10,27,17,11,25,8,14,34,20,6,1,10
"COG3645",37,8,53,40,24,2,36,36,10,43,10,10,23,13,4,14,22,6,48,26,16,32,2,9,9,8,32,22,14,21,25,21,34,37,1,12,3,18,42,4,40,25,5,14,2,10,19,21,25,9,7,9,10,15,11,24,7,10,13,39
"COG3646",2,1,13,3,4,3,8,0,0,8,6,6,5,3,4,11,11,6,2,8,3,9,5,1,4,3,1,2,2,1,3,0,9,23,1,7,0,10,5,5,2,2,1,1,4,1,5,1,1,1,1,1,7,5,2,19,0,1,2,4
"COG3647",0,0,0,0,0,0,0,0,0,0,0,0,0,0,0,1,0,0,0,0,0,0,0,1,1,0,0,0,0,0,0,0,0,1,0,1,0,1,0,2,0,0,0,0,1,0,0,0,0,0,1,0,0,1,0,0,2,0,0,1
"COG3649",2,7,9,14,10,2,6,6,11,5,22,4,5,8,9,6,9,16,15,11,8,36,3,13,24,16,4,10,4,8,27,1,14,9,6,6,11,14,4,2,9,11,8,7,8,10,13,9,13,10,4,7,11,13,0,5,8,14,1,5
"COG3650",0,0,0,2,0,0,0,0,0,0,0,0,0,0,7,0,0,0,0,2,0,0,0,0,0,0,0,0,0,0,1,0,0,0,0,0,0,1,0,0,0,0,0,1,2,0,1,2,0,0,0,0,0,0,0,0,1,0,0,0
"COG3653",2,6,9,1,2,14,1,2,5,8,1,7,11,18,4,8,0,13,29,0,13,7,4,10,17,1,10,2,17,2,5,1,2,0,3,1,2,1,1,5,2,2,1,0,3,1,0,4,1,1,2,0,2,9,1,5,4,9,1,3
"COG3654",1,6,4,9,8,15,4,11,7,9,4,3,6,11,4,6,10,6,6,6,5,5,8,1,10,0,8,2,7,6,9,5,13,17,10,13,4,7,8,5,7,3,2,13,9,6,5,4,3,3,10,1,2,9,8,4,1,2,9,5
"COG3655",1,18,10,13,14,9,1,13,12,27,20,10,12,18,8,13,24,17,13,17,11,9,7,4,19,14,6,10,11,10,5,3,5,0,3,7,4,5,1,4,11,2,2,6,5,5,6,4,4,2,5,3,4,4,7,6,8,4,3,3
"COG3657",0,0,0,0,0,0,0,0,1,0,0,0,0,1,0,0,0,0,0,1,0,0,0,0,0,0,0,0,0,0,0,0,0,0,0,2,0,0,0,0,0,0,0,0,0,0,0,0,0,0,0,0,0,0,0,1,0,0,1,0
"COG3659",0,0,0,0,0,0,0,0,0,0,0,0,1,1,0,0,0,5,1,0,0,0,0,0,1,0,0,0,0,0,0,0,0,1,0,0,0,0,0,0,0,0,3,0,0,0,0,0,0,0,0,0,0,0,0,0,0,0,0,0
"COG3660",0,0,0,0,0,0,0,0,0,0,0,0,0,0,0,0,0,1,1,0,2,0,0,0,0,0,0,0,0,0,0,0,1,0,0,0,0,0,0,0,1,0,0,0,0,0,0,0,0,0,0,0,0,0,0,0,0,0,0,1
"COG3661",60,11,29,6,32,23,54,11,34,15,6,34,18,16,3,10,9,14,21,35,28,15,0,2,2,39,17,9,16,29,9,25,17,11,9,23,41,10,35,15,25,15,14,15,27,52,34,32,21,22,19,33,29,2,27,39,27,11,4,41
"COG3662",0,0,0,0,0,3,0,1,0,0,0,0,0,0,0,0,0,0,0,0,0,0,2,0,0,0,0,0,0,0,0,0,0,0,0,0,0,0,0,0,0,0,0,0,0,0,0,0,0,0,0,0,0,0,0,0,0,0,0,0
"COG3663",29,17,28,23,18,18,30,32,12,19,18,19,20,28,20,23,18,22,23,19,15,29,11,12,4,16,15,24,18,23,23,16,21,25,16,17,20,27,17,24,16,16,20,12,26,20,18,21,24,15,18,24,25,12,14,20,17,25,5,21
"COG3664",0,3,7,5,10,8,1,12,4,2,22,6,30,3,55,15,5,19,9,4,10,3,80,6,17,4,1,6,3,3,10,3,14,2,10,3,5,13,5,7,15,2,17,22,12,1,9,5,4,7,2,6,8,14,15,4,12,4,10,7
"COG3665",0,1,0,0,0,0,0,0,0,0,0,0,1,1,0,1,0,0,1,3,0,0,0,1,0,0,0,1,0,0,1,0,2,0,0,0,0,2,0,0,0,0,1,0,0,0,0,1,0,0,0,0,0,3,0,1,0,2,0,0
"COG3666",515,101,148,86,152,195,273,68,152,332,69,398,102,134,79,83,247,148,170,201,357,296,103,61,104,145,137,108,320,82,170,101,118,144,54,168,144,101,587,93,147,594,119,69,177,310,61,112,74,114,164,210,115,139,207,195,90,176,57,144
"COG3667",0,0,0,0,0,0,0,0,0,0,0,0,0,0,0,0,0,4,0,0,0,0,0,0,2,0,0,0,0,0,0,0,0,0,0,0,0,0,1,0,0,0,0,0,0,0,0,0,0,0,0,0,0,0,0,0,0,0,0,0
"COG3668",0,0,0,0,1,0,0,0,0,1,1,0,1,0,1,0,0,0,0,1,2,0,0,7,0,0,2,0,1,5,0,0,1,0,1,1,1,3,0,0,0,0,4,0,3,0,0,0,1,0,0,0,0,4,0,0,1,0,0,0
"COG3669",169,183,170,199,191,207,232,187,171,133,94,157,120,139,104,225,172,86,78,210,210,115,64,24,72,214,174,95,78,218,123,357,136,89,163,258,172,187,206,220,116,34,143,109,178,207,223,120,243,209,172,259,179,165,268,235,170,157,80,187
"COG3671",0,0,0,0,0,0,0,0,0,0,0,2,0,0,0,2,0,0,0,0,0,0,0,0,0,0,1,0,0,0,0,0,0,0,0,0,0,0,1,0,0,0,0,0,1,0,0,0,0,0,0,0,0,0,0,1,0,0,0,0
"COG3672",0,0,0,0,0,0,0,0,0,0,0,0,0,0,0,0,0,0,0,0,1,0,0,0,0,0,0,0,0,0,0,0,0,0,1,0,0,0,0,0,1,0,0,0,0,0,0,0,0,0,1,0,1,0,0,0,0,0,0,0
"COG3675",0,0,2,0,0,0,12,0,1,3,1,0,0,0,4,0,4,0,0,0,0,0,0,0,0,0,4,1,0,0,4,0,0,0,12,6,0,0,4,0,0,0,0,0,0,0,0,0,0,0,0,9,0,0,0,0,0,0,0,0
"COG3676",2,12,10,1,24,3,12,4,7,21,2,14,6,5,0,10,1,3,1,5,4,7,0,0,0,6,4,8,0,10,1,19,9,0,37,3,9,15,11,22,5,0,1,14,2,5,10,7,0,5,4,5,24,2,36,9,13,8,2,11
"COG3677",4,6,13,12,7,2,6,15,5,2,2,9,9,2,6,3,0,5,9,1,15,0,4,59,13,10,11,34,12,3,6,3,9,20,23,7,3,3,10,4,5,2,38,6,0,271,11,2,1,3,6,4,26,45,5,15,0,3,9,2
"COG3678",1,0,0,0,1,11,0,0,0,1,0,0,2,0,0,1,0,1,0,1,0,0,3,18,3,0,0,0,0,0,0,0,0,0,0,1,0,1,0,1,0,0,2,0,0,0,0,0,2,0,0,1,0,0,0,0,0,0,0,0
"COG3679",0,0,0,0,0,0,0,0,0,0,1,0,0,0,0,0,0,1,0,0,0,1,17,0,6,0,0,0,0,0,0,0,0,0,0,0,0,0,0,0,0,7,0,0,0,0,0,0,0,0,0,0,0,1,0,0,0,0,4,0
"COG3680",0,0,0,0,0,12,0,1,0,1,1,2,0,0,0,0,9,1,1,0,3,0,0,33,0,0,2,0,0,0,1,0,0,5,0,2,0,0,1,1,1,0,0,0,0,0,0,0,0,0,0,0,4,0,0,0,1,0,0,0
"COG3681",69,49,46,43,32,50,49,43,33,43,36,46,51,31,27,58,30,28,33,44,40,35,34,43,70,25,37,24,46,48,36,46,36,92,34,49,58,48,61,39,45,57,31,37,38,44,40,52,41,43,66,67,50,36,59,58,39,55,22,39
"COG3682",5,10,6,13,4,4,10,12,4,8,31,8,20,25,18,5,19,35,40,13,17,13,48,10,24,35,10,21,20,14,33,12,15,1,7,5,15,18,11,12,16,9,21,40,9,12,12,25,15,10,18,8,12,13,16,8,9,15,9,9
"COG3683",0,0,0,0,0,6,0,0,0,0,0,0,0,0,0,0,0,2,0,0,0,0,0,0,0,0,1,0,0,0,0,0,0,0,0,1,2,0,0,1,0,0,2,0,0,0,0,0,0,0,0,0,0,0,0,1,0,0,0,0
"COG3684",1,0,0,1,1,0,0,0,0,0,0,0,0,1,0,0,0,0,0,0,0,0,5,14,2,0,0,0,0,0,0,3,0,2,0,0,0,0,1,2,0,0,2,0,1,0,0,0,2,0,0,0,0,3,1,1,0,0,6,1
"COG3685",3,0,0,0,4,4,0,0,1,0,0,0,0,1,0,0,0,2,0,1,0,0,2,15,1,2,0,0,0,1,0,0,0,0,0,0,0,0,0,1,0,0,3,0,0,0,0,0,1,0,0,0,0,0,0,0,0,0,2,0
"COG3688",6,27,16,40,8,15,17,31,18,15,64,29,22,25,63,5,37,28,54,31,27,21,42,17,55,23,19,36,58,36,26,11,40,4,24,7,40,34,9,4,37,28,34,33,45,4,26,36,15,39,9,13,25,42,5,5,19,68,18,14
"COG3689",1,6,4,13,4,1,0,5,6,2,12,3,3,9,10,2,4,7,2,5,6,3,19,21,8,10,2,18,17,4,6,7,16,4,2,2,5,7,2,6,6,7,12,3,2,4,4,9,3,4,11,4,2,6,2,4,2,9,9,2
"COG3691",0,0,0,0,2,6,0,0,1,0,0,0,0,0,0,1,0,1,0,0,0,0,3,8,1,0,0,0,0,0,0,0,0,1,0,1,0,0,1,1,0,1,3,0,0,0,0,0,0,1,0,0,0,2,0,0,0,0,2,0
"COG3692",0,0,0,0,1,0,0,0,0,1,0,0,0,0,0,0,0,0,0,0,0,0,0,4,0,1,0,0,0,0,0,0,0,0,0,0,0,0,0,0,0,0,1,0,0,0,0,0,1,0,0,0,0,0,0,0,0,0,0,0
"COG3693",17,10,21,34,16,20,28,13,26,10,13,37,23,10,55,14,35,6,30,34,23,16,2,2,10,15,14,15,18,19,7,16,30,5,26,33,15,28,32,14,16,14,27,34,39,16,23,62,10,10,20,15,27,10,14,29,25,10,0,20
"COG3694",1,0,0,3,0,2,0,2,1,5,1,1,0,0,0,1,3,11,2,0,1,0,7,1,1,1,4,4,6,1,0,0,0,0,0,0,0,1,0,0,1,0,8,1,1,0,0,2,1,1,1,0,1,12,0,1,1,0,3,2
"COG3695",1,16,4,5,12,18,3,6,15,8,1,15,14,3,13,16,6,8,15,13,16,2,4,5,4,11,9,5,3,14,12,26,7,1,19,10,6,10,9,11,6,5,8,4,15,27,13,16,15,6,23,15,18,5,12,14,13,9,14,7
"COG3696",88,78,71,88,174,136,114,82,159,70,22,121,84,46,25,162,42,45,21,115,105,93,5,24,10,125,107,46,21,77,43,223,57,145,93,98,118,81,126,205,61,72,52,45,89,152,169,63,153,98,98,111,122,78,158,188,127,85,5,132
"COG3697",0,4,0,2,1,5,1,13,0,3,8,0,4,1,2,4,1,3,3,3,6,7,4,7,25,3,7,3,3,1,4,1,8,5,2,0,15,3,1,1,3,8,4,4,6,2,7,2,1,1,7,1,3,5,0,5,2,6,3,2
"COG3698",1,0,0,0,1,1,0,0,0,0,0,0,2,0,0,2,0,0,0,1,0,1,1,18,0,0,0,0,0,0,0,2,0,0,0,0,0,0,0,1,0,0,3,0,0,1,0,0,0,1,0,0,0,1,1,0,0,0,2,0
"COG3700",2,0,0,0,1,1,0,2,1,0,0,0,0,0,0,1,0,1,0,0,0,1,1,16,1,0,0,0,0,0,0,3,0,4,0,1,0,0,0,1,0,0,7,1,1,1,0,0,0,1,0,0,0,2,0,0,0,0,1,0
"COG3701",1,0,0,0,0,0,2,0,0,0,0,0,0,0,2,2,0,0,0,0,0,0,0,0,0,0,1,0,0,0,4,0,0,0,0,3,1,0,0,0,0,0,0,0,0,0,0,0,0,0,0,3,1,0,0,0,0,0,0,0
"COG3703",0,0,0,0,0,2,0,0,1,0,0,0,0,0,0,1,0,1,0,0,0,0,1,12,0,1,0,0,0,0,0,0,0,2,0,0,0,0,0,2,0,0,4,0,0,2,1,0,2,1,0,0,0,1,0,0,0,0,1,0
"COG3704",0,0,0,0,0,0,0,0,1,2,0,0,0,0,0,0,0,0,0,0,0,0,0,1,0,0,0,0,1,0,1,0,0,0,0,0,2,0,0,0,0,0,0,0,0,0,0,0,0,0,0,0,0,0,0,0,0,0,0,0
"COG3705",7,19,11,23,7,10,7,18,13,12,23,11,12,18,37,14,26,34,23,16,8,19,32,7,16,20,10,29,47,17,25,5,26,3,15,19,14,18,2,4,20,13,16,24,30,7,18,24,8,10,12,9,22,18,6,9,18,15,15,18
"COG3706",340,297,307,189,586,375,119,122,376,197,139,387,268,177,169,525,196,142,137,249,306,320,31,28,40,377,316,247,202,263,210,435,266,127,502,398,213,270,224,468,221,139,266,227,187,555,591,335,405,358,307,509,421,137,470,350,449,234,31,318
"COG3707",2,10,5,5,2,1,5,8,5,4,13,10,6,9,9,8,7,7,8,5,9,6,3,0,13,3,4,5,3,5,11,2,4,4,4,4,9,7,6,4,10,6,4,4,12,6,3,4,5,2,8,2,3,7,3,2,4,11,20,3
"COG3708",8,1,1,2,2,4,1,4,1,4,5,5,3,11,7,3,11,7,13,1,3,18,4,5,9,1,2,6,9,4,5,0,3,0,0,0,0,2,1,0,2,0,1,5,0,2,1,2,0,2,0,1,0,4,0,2,0,0,3,3
"COG3709",0,0,0,0,1,2,0,0,0,1,1,0,0,0,0,0,0,0,0,0,0,0,2,7,2,0,0,0,0,0,0,0,0,1,0,2,1,0,0,1,0,0,3,0,0,0,0,0,0,0,1,0,1,0,0,0,0,0,1,1
"COG3710",2,1,0,0,14,12,0,0,2,0,1,1,2,0,1,2,0,3,0,1,0,0,3,62,2,2,0,0,0,0,1,15,0,8,0,4,2,0,0,5,0,0,11,0,2,2,0,0,2,2,1,0,0,3,4,1,0,1,13,1
"COG3711",12,62,27,19,14,53,104,45,27,51,81,30,26,26,85,30,102,21,30,45,14,12,217,167,137,33,44,35,103,48,36,44,39,23,72,69,22,15,25,33,29,79,37,65,36,53,47,41,47,38,25,42,24,31,26,35,24,55,91,14
"COG3712",160,332,206,134,530,267,209,91,439,204,106,286,389,171,138,578,170,141,92,314,222,228,3,5,24,405,258,129,58,244,267,784,151,124,394,417,309,281,305,659,192,86,144,237,142,803,400,166,668,332,366,530,329,292,708,533,429,204,60,291
"COG3713",3,0,0,0,1,13,0,0,0,0,0,1,1,1,0,1,0,1,0,1,0,0,1,26,1,0,3,0,0,1,0,3,0,1,0,1,1,0,0,3,0,0,4,1,0,1,0,0,1,1,0,1,0,2,1,3,1,2,5,1
"COG3714",0,0,0,0,1,1,0,1,0,0,0,0,0,0,0,1,0,3,1,1,0,0,0,18,1,0,1,0,0,0,0,0,0,0,0,2,1,0,0,2,0,1,2,0,0,1,0,0,1,1,0,0,0,0,1,0,2,2,2,1
"COG3715",4,27,7,5,6,32,27,14,13,5,23,5,12,9,21,8,19,9,21,17,2,9,72,78,35,9,10,8,45,13,8,17,10,14,14,21,23,10,10,10,12,29,26,15,15,6,20,28,14,18,13,9,14,16,15,11,10,40,34,14
"COG3716",6,26,14,8,8,33,13,7,14,9,19,6,8,11,26,15,32,12,25,12,4,6,99,69,34,9,13,15,47,10,14,21,8,7,22,19,19,8,10,10,12,44,15,8,7,9,22,24,11,19,15,10,11,25,3,6,4,20,33,7
"COG3717",58,31,35,38,44,23,26,27,48,18,17,37,32,32,24,27,12,13,13,32,28,37,3,28,12,38,38,16,29,45,12,47,31,52,50,33,56,38,59,48,32,23,25,31,39,43,40,28,35,39,36,33,47,15,31,32,42,30,5,47
"COG3718",0,1,2,2,2,6,17,1,3,11,6,4,1,3,16,1,9,5,2,0,7,1,2,1,4,0,1,1,1,1,14,0,0,1,20,4,3,1,7,3,2,0,3,1,0,4,1,1,4,1,3,14,2,5,5,0,1,2,1,0
"COG3719",1,0,0,0,3,6,0,0,1,0,2,0,2,0,0,1,0,1,0,0,0,0,2,16,2,0,0,0,0,0,0,2,0,0,0,0,0,0,0,1,0,0,7,1,0,2,0,0,1,0,1,0,1,3,1,0,0,0,2,0
"COG3720",0,0,0,0,2,3,0,0,0,0,0,0,0,0,0,1,0,2,0,0,0,0,1,2,0,0,0,0,0,0,0,1,0,1,0,2,0,0,0,4,0,0,0,0,0,0,0,0,0,1,0,0,0,1,0,0,0,0,4,0
"COG3721",0,0,0,0,0,0,0,1,1,2,0,1,0,1,1,5,0,0,0,1,0,0,0,2,0,0,1,1,0,0,1,0,1,2,1,2,1,1,1,1,1,1,0,0,1,0,0,0,2,0,2,0,0,1,0,2,0,0,1,0
"COG3722",1,0,0,0,0,6,0,0,0,1,1,0,2,0,1,4,0,2,0,0,0,0,0,31,2,1,0,0,0,0,0,2,0,3,0,5,0,0,0,1,0,2,3,0,0,1,0,0,0,0,0,1,0,4,1,0,0,1,6,1
"COG3723",2,4,8,2,0,1,1,1,9,2,4,3,9,3,7,1,43,7,3,16,1,1,4,17,8,0,4,9,5,6,7,21,23,0,0,4,1,1,4,3,10,7,3,0,1,4,1,4,6,3,3,0,6,5,4,13,3,15,6,2
"COG3724",0,0,0,0,0,7,0,0,0,0,0,0,0,0,0,0,0,2,0,0,0,0,1,16,1,0,0,0,0,0,0,0,0,1,0,3,0,0,0,3,0,0,1,0,0,0,0,0,0,1,0,0,0,1,0,0,0,1,0,0
"COG3725",2,1,0,0,0,4,0,0,1,0,0,0,0,0,0,1,0,0,0,0,0,0,2,7,1,2,0,0,0,0,0,0,0,2,0,1,0,0,0,0,0,0,7,0,0,0,0,0,0,0,0,0,0,2,0,0,0,0,3,0
"COG3726",0,0,0,0,0,6,0,0,1,0,1,0,0,0,1,2,0,4,0,0,0,0,0,5,2,1,0,0,0,0,0,0,0,1,0,0,0,0,0,1,0,0,0,1,0,0,0,0,0,1,0,0,0,1,0,1,0,0,1,0
"COG3727",18,1,13,24,4,14,5,20,3,18,21,20,15,15,5,21,18,17,11,8,4,18,3,12,16,10,8,3,10,12,26,5,9,13,20,15,15,6,19,4,18,16,20,13,15,11,7,9,13,8,29,7,8,11,23,8,20,18,19,9
"COG3728",1,2,3,4,1,0,6,0,6,11,7,1,5,0,5,2,3,3,4,9,3,1,1,3,2,0,3,8,0,1,2,0,1,0,5,3,4,3,1,0,7,0,3,3,2,0,0,4,4,2,3,0,8,10,3,2,2,1,5,1
"COG3729",0,1,0,0,1,3,0,0,0,0,0,0,0,0,0,1,0,0,0,0,0,0,1,2,1,0,0,0,0,0,0,1,0,0,0,1,0,0,0,0,0,0,0,0,0,0,0,0,0,0,0,0,0,2,0,0,0,0,1,0
"COG3730",0,1,1,0,1,1,12,0,0,0,1,0,0,0,8,0,4,3,0,0,0,0,11,6,1,1,2,0,2,0,9,1,0,1,8,4,0,1,2,1,0,1,6,0,0,2,1,1,0,0,1,6,1,2,2,0,1,0,3,1
"COG3731",0,0,5,0,2,10,8,0,1,0,4,0,1,0,0,0,6,2,0,0,0,0,18,4,4,1,1,1,1,0,6,1,0,1,3,10,1,0,1,1,0,1,9,0,1,1,2,0,0,0,0,5,0,0,0,0,0,2,2,0
"COG3732",0,1,1,1,1,11,12,1,4,1,6,1,3,0,15,1,5,5,0,0,1,0,16,9,3,0,2,0,0,0,5,1,0,1,9,8,0,1,0,2,0,0,8,1,1,4,1,1,1,0,1,9,0,1,0,0,1,0,2,2
"COG3733",2,0,0,0,1,11,0,1,0,1,1,1,0,0,1,0,0,0,0,0,0,0,3,17,1,0,1,0,0,0,0,2,0,2,0,0,0,0,1,6,0,1,2,1,0,0,0,0,1,0,0,0,0,0,1,0,0,1,3,0
"COG3734",0,3,0,1,3,12,0,1,1,0,3,0,3,1,1,10,0,3,0,1,1,2,0,29,2,2,1,0,4,1,0,2,0,0,0,2,0,0,0,3,2,0,2,0,0,1,0,0,1,2,0,0,0,3,0,1,0,0,2,0
"COG3735",8,9,6,7,14,11,1,2,7,6,3,10,7,3,0,9,4,3,2,3,10,23,3,8,1,21,11,12,0,2,2,11,2,31,4,6,1,5,0,20,3,2,7,1,4,13,7,0,12,9,7,3,8,4,9,5,5,2,2,6
"COG3736",0,0,0,0,0,6,0,0,0,1,1,0,0,0,0,0,0,0,0,0,0,0,0,3,1,0,0,0,0,0,0,0,0,0,0,0,1,0,0,0,1,0,0,0,0,0,0,0,0,0,0,0,0,0,0,0,1,0,6,0
"COG3738",2,5,4,4,1,0,2,2,0,6,6,3,0,3,2,5,7,2,0,0,6,0,3,8,4,1,0,3,5,2,5,2,5,0,3,2,8,3,0,0,1,5,7,13,0,0,7,3,3,3,0,0,4,3,1,2,4,3,3,2
"COG3740",0,1,6,1,4,2,10,1,1,2,0,2,2,1,0,0,4,0,6,0,3,3,1,5,3,1,0,0,1,3,2,3,8,1,3,2,2,8,1,12,3,17,0,1,6,14,0,3,7,1,7,4,6,8,1,2,6,11,5,4
"COG3741",0,0,0,1,0,0,0,0,0,0,0,0,0,0,0,0,0,0,0,0,0,0,0,0,0,0,1,0,0,0,0,0,0,0,0,0,0,0,1,0,0,0,0,0,0,0,0,0,0,0,0,1,0,0,0,0,0,0,0,0
"COG3744",0,0,0,1,0,0,0,0,0,0,0,0,0,1,0,0,0,0,0,0,0,0,1,0,0,1,1,0,0,0,0,0,0,0,0,1,0,0,1,0,0,0,0,1,0,0,4,0,0,1,0,0,0,0,0,0,1,0,0,2
"COG3745",1,1,0,0,0,0,0,2,1,0,0,0,1,4,0,0,0,1,1,1,0,0,0,3,0,0,0,0,1,0,1,0,0,0,0,0,0,0,0,0,0,1,1,0,0,0,6,0,0,1,0,0,2,0,0,0,0,0,0,3
"COG3746",6,14,8,10,29,6,12,7,21,16,7,16,8,7,6,29,12,3,4,19,14,18,0,0,4,6,10,4,3,21,8,10,18,1,20,14,22,12,27,17,6,2,10,11,22,52,9,14,42,14,30,38,13,4,45,24,16,30,1,19
"COG3747",0,0,0,2,1,1,0,2,2,3,3,0,2,0,6,2,4,1,0,0,0,0,1,0,1,0,0,0,1,5,3,0,6,2,0,1,3,1,0,0,3,1,0,9,0,0,0,4,0,0,1,0,2,1,0,0,0,5,6,1
"COG3753",0,0,0,0,2,0,0,0,1,0,1,0,0,1,0,1,0,0,0,0,0,0,2,2,0,0,0,0,0,0,0,0,0,0,0,0,0,0,1,0,0,0,2,0,0,0,0,0,0,2,0,0,0,0,0,0,0,0,0,0
"COG3754",54,35,19,14,53,8,19,14,25,10,26,23,47,23,10,73,8,3,32,22,24,17,29,0,9,14,13,15,23,29,15,37,22,8,36,10,13,26,45,41,16,9,9,16,7,22,52,12,31,32,33,36,35,8,49,39,29,12,5,19
"COG3755",0,0,0,0,0,3,0,0,0,0,0,0,1,0,0,0,0,0,0,0,0,0,1,12,0,0,0,0,0,0,0,0,0,0,0,0,0,0,0,1,0,0,2,1,0,0,0,0,0,1,0,0,0,0,0,0,0,0,0,0
"COG3756",0,0,0,0,3,0,0,0,0,0,0,0,0,0,0,0,0,0,0,0,0,0,0,0,0,0,0,0,0,0,0,0,0,0,0,0,1,0,0,0,0,0,0,0,0,0,0,0,0,1,0,0,0,0,0,0,0,0,0,0
"COG3757",75,42,66,68,28,36,52,79,44,71,63,25,45,89,66,19,123,86,66,37,34,99,58,21,75,59,23,78,68,47,54,20,82,80,27,61,22,50,81,31,125,107,53,122,80,11,57,54,31,38,18,17,57,61,18,8,44,93,42,43
"COG3758",0,1,1,0,1,5,0,0,0,0,0,0,2,2,1,2,0,1,5,0,1,1,8,15,0,2,0,0,0,0,0,0,1,0,0,0,0,0,0,1,0,0,1,0,1,0,0,0,0,0,0,0,0,2,0,1,1,0,0,0
"COG3759",0,0,0,0,0,1,0,0,0,0,2,0,1,0,0,1,2,0,0,0,0,0,9,0,3,0,0,0,1,0,0,0,0,0,0,0,0,0,0,0,0,2,1,0,0,0,0,1,0,0,0,0,0,0,0,0,0,1,0,0
"COG3760",2,15,10,12,12,4,4,20,9,6,21,11,14,19,14,6,22,13,17,4,10,2,14,5,18,10,6,18,15,11,14,10,17,5,16,4,2,12,11,3,13,19,13,13,15,3,10,24,13,7,10,15,5,12,10,3,7,11,1,5
"COG3762",0,0,0,0,0,0,0,0,0,0,0,0,0,0,0,0,0,0,0,0,0,0,1,0,0,0,0,0,0,0,0,0,0,0,0,0,0,0,0,0,1,0,0,0,3,0,0,0,0,0,0,0,0,0,0,1,0,0,0,0
"COG3763",0,1,0,1,0,0,0,1,0,0,1,0,0,0,0,0,0,1,1,0,0,0,2,1,1,0,0,1,1,0,0,0,0,0,0,0,0,0,0,0,0,4,0,0,0,0,0,0,0,0,0,0,0,0,0,0,0,0,0,0
"COG3764",3,28,18,17,4,11,2,34,3,59,37,13,14,21,17,4,28,54,57,15,9,5,51,12,67,3,5,16,43,21,13,4,25,5,15,15,10,19,2,0,18,33,26,23,29,8,4,23,4,14,6,5,20,70,7,3,15,15,158,21
"COG3765",3,0,0,0,2,13,0,2,1,0,0,2,2,3,0,2,0,4,0,1,0,0,3,29,7,3,0,0,0,0,0,4,0,0,0,6,0,0,0,18,0,2,7,0,1,2,0,0,1,0,1,1,0,5,0,1,0,1,6,2
"COG3766",0,0,0,0,2,0,0,0,0,0,0,0,0,0,0,1,0,0,0,0,0,0,0,5,0,0,0,0,0,0,0,1,0,1,0,0,0,0,0,0,0,0,3,0,0,0,0,0,1,0,0,0,0,1,2,0,0,0,1,0
"COG3768",0,0,0,1,1,8,1,0,0,0,0,0,3,0,0,0,0,0,0,0,0,0,2,12,0,1,0,0,0,0,0,0,0,0,0,0,0,0,0,2,0,0,3,0,0,0,0,0,0,1,0,1,0,2,0,0,0,0,1,0
"COG3769",0,0,0,0,0,0,0,0,0,0,0,0,1,0,0,0,0,0,0,0,0,0,0,4,0,0,0,0,0,0,0,0,0,0,0,0,0,0,0,0,0,0,0,0,0,0,0,0,0,0,0,0,0,0,0,0,0,0,0,0
"COG3770",0,0,0,0,2,7,0,0,0,0,0,1,3,0,0,0,0,0,0,1,0,0,2,10,1,1,0,0,0,0,0,1,0,0,0,3,1,0,0,2,0,0,1,1,0,0,0,0,0,0,0,0,0,3,0,0,0,0,0,0
"COG3771",0,0,0,2,0,2,0,2,0,0,0,0,1,0,0,0,0,2,0,0,0,0,1,6,0,0,0,0,0,0,0,0,0,0,0,0,1,0,0,1,0,0,4,0,0,0,0,0,0,0,0,0,0,0,0,0,0,0,0,0
"COG3772",4,0,3,4,5,1,0,3,1,2,0,1,0,5,6,8,1,6,13,1,2,1,2,12,1,1,2,2,3,1,6,4,3,3,0,6,0,3,2,10,1,2,2,2,2,0,1,3,5,1,6,2,1,8,4,5,3,2,4,4
"COG3773",4,15,12,38,10,3,8,28,13,26,40,4,13,16,44,4,46,38,26,25,12,15,15,9,22,49,18,44,28,20,25,2,35,1,15,3,13,24,5,8,32,10,32,20,14,1,14,31,13,12,10,6,17,40,4,3,13,28,12,5
"COG3774",42,29,23,20,48,21,32,35,27,25,33,23,19,38,11,40,42,17,11,34,16,19,12,6,26,20,12,9,10,41,20,56,26,7,32,69,11,28,22,38,34,25,18,37,36,65,37,36,87,19,29,44,25,18,57,33,39,17,5,25
"COG3775",75,22,32,12,35,53,39,14,25,17,14,43,20,10,22,32,37,11,13,44,35,23,48,31,4,23,17,18,14,29,16,37,12,50,52,50,25,13,53,25,20,28,21,22,25,43,21,16,19,35,39,44,25,4,34,46,18,20,7,15
"COG3776",0,1,0,0,0,1,0,0,0,0,0,0,0,0,0,2,0,1,0,0,0,0,0,6,0,0,0,0,0,0,0,0,0,0,0,1,0,0,0,1,0,0,1,0,0,0,0,0,0,0,0,0,0,0,0,0,0,0,0,0
"COG3778",0,0,0,0,0,0,0,0,0,0,0,1,0,0,0,0,0,1,0,0,0,0,0,0,0,0,0,0,0,0,0,0,0,0,0,0,0,0,0,0,0,1,0,0,2,0,0,1,0,0,0,0,0,0,0,0,0,0,0,0
"COG3779",0,0,0,0,0,0,0,0,0,0,1,0,0,0,0,0,0,0,0,0,0,0,0,11,0,0,0,0,0,0,0,0,0,0,0,0,0,0,0,0,0,0,0,0,0,0,0,0,1,0,0,0,0,1,0,1,0,0,0,0
"COG3781",0,0,0,0,3,2,0,0,0,0,0,0,0,0,0,0,0,0,0,0,0,0,2,12,2,0,0,0,0,0,0,3,0,3,1,3,0,0,0,2,0,0,4,0,0,0,0,0,0,0,0,0,0,3,0,0,0,0,3,1
"COG3783",0,0,0,0,0,2,0,0,0,0,0,0,0,0,0,0,0,1,0,0,0,0,1,4,0,1,0,0,0,0,0,1,0,1,0,3,0,0,0,1,0,1,7,0,0,0,0,0,0,0,0,0,0,1,0,0,0,0,1,0
"COG3784",0,0,0,0,1,4,0,0,0,0,0,0,0,0,0,2,0,0,0,0,0,0,1,9,0,0,0,0,0,0,0,1,0,0,0,0,0,0,0,0,0,0,1,0,0,0,1,0,0,0,0,0,0,3,0,0,0,0,2,0
"COG3785",0,1,0,1,0,3,0,0,0,0,0,0,0,0,0,0,0,0,0,0,0,0,0,7,0,1,0,0,0,0,0,1,0,3,0,1,0,0,1,0,0,0,1,1,0,0,0,0,0,0,0,0,0,0,1,0,0,0,0,0
"COG3786",0,5,6,1,0,0,0,1,4,1,1,0,0,2,1,3,1,0,2,1,1,2,0,3,3,1,0,8,2,0,5,1,3,2,0,0,2,0,0,0,0,0,8,0,0,2,1,1,0,0,2,0,1,1,2,0,0,12,0,0
"COG3787",0,0,0,0,0,1,0,0,0,1,1,2,5,0,0,0,0,3,0,0,1,0,0,6,0,0,0,0,0,1,1,0,0,2,0,0,0,0,0,1,0,0,2,0,1,0,0,0,0,2,0,0,0,4,0,0,1,0,4,2
"COG3788",0,2,0,0,1,2,0,0,0,0,0,0,0,0,0,1,0,1,0,0,0,0,1,14,1,0,0,0,0,0,0,0,0,0,0,1,0,0,0,0,0,0,3,0,0,0,1,0,2,0,2,0,0,0,0,0,0,0,1,0
"COG3789",1,0,0,0,2,0,0,0,0,1,0,0,0,0,0,1,0,0,0,0,0,0,0,10,0,0,0,0,0,0,0,2,0,1,0,0,0,0,0,0,0,0,2,1,0,1,0,0,1,0,2,0,0,0,1,1,0,0,4,0
"COG3790",0,0,0,0,1,3,0,0,1,0,0,0,2,0,0,0,0,0,0,0,0,0,1,4,0,0,0,0,0,0,0,0,0,0,0,2,2,0,1,2,0,0,0,0,0,0,0,0,1,0,0,0,0,0,0,1,0,0,0,0
"COG3791",0,0,0,1,0,2,0,0,0,0,0,0,0,0,0,1,0,3,0,0,0,0,1,0,2,0,0,0,0,0,0,0,0,0,0,1,0,0,0,0,0,0,1,0,0,0,0,0,0,0,0,0,0,0,0,0,0,0,1,0
"COG3793",0,0,0,0,0,4,0,0,0,0,0,0,2,0,1,0,0,2,0,0,0,0,0,0,0,0,0,0,0,0,0,0,0,0,0,0,0,0,0,3,0,0,0,0,0,0,0,0,0,0,0,0,0,0,0,0,0,0,0,0
"COG3794",0,0,0,0,0,0,1,0,0,0,0,0,0,0,0,0,0,0,0,0,0,0,0,0,0,0,0,0,0,0,0,0,0,0,0,0,0,1,0,0,0,0,0,0,0,0,0,0,0,0,0,0,0,0,0,0,0,0,0,0
"COG3797",0,0,0,0,0,0,0,0,0,0,1,0,2,0,0,0,0,0,0,0,0,0,12,3,1,0,1,0,0,0,0,1,0,0,0,0,0,0,0,0,0,0,0,0,0,2,0,0,0,0,0,0,0,4,1,0,0,0,1,1
"COG3799",1,1,1,0,3,1,0,0,1,0,0,0,0,1,1,1,0,3,1,0,0,0,2,0,0,0,6,0,1,0,0,0,0,1,0,0,1,0,0,3,0,0,0,2,0,0,0,0,0,0,1,0,0,3,0,0,0,2,4,1
"COG3804",1,0,1,3,0,2,0,5,2,16,14,1,3,1,4,4,11,14,13,2,1,2,3,7,4,3,4,6,2,3,2,0,2,1,5,0,3,4,0,0,2,1,0,4,0,1,0,4,1,2,7,0,0,26,0,0,1,2,17,1
"COG3808",9,44,39,45,75,39,90,54,76,34,34,88,46,30,21,44,38,42,34,51,59,55,9,17,25,33,63,31,23,65,22,54,45,98,37,42,48,48,48,41,38,18,20,30,75,46,50,56,44,66,84,43,55,55,45,57,56,32,17,74
"COG3811",0,0,0,0,0,1,0,0,0,0,0,1,0,0,0,0,0,2,0,0,0,0,1,0,0,0,0,0,0,0,0,0,0,0,0,2,0,0,0,0,0,0,0,0,0,0,0,0,0,0,0,0,0,0,0,0,0,0,0,0
"COG3815",0,0,0,1,1,0,0,0,0,0,0,1,0,0,0,0,0,1,0,0,0,0,1,0,0,0,1,0,0,0,0,0,1,0,0,0,1,1,0,0,0,0,0,0,0,1,0,0,0,0,1,0,1,2,0,3,2,0,1,0
"COG3817",1,1,0,0,0,5,0,0,0,1,0,0,0,0,2,0,0,0,0,0,1,0,0,1,1,0,0,0,0,0,0,3,2,0,4,3,3,1,1,6,0,2,1,1,2,1,0,2,0,3,6,0,2,1,2,2,0,1,2,0
"COG3819",3,2,0,1,2,4,0,1,1,1,3,0,0,2,3,1,0,2,0,0,2,0,2,0,3,0,3,1,3,0,0,0,0,0,1,1,0,1,0,2,3,0,0,3,3,0,0,3,1,0,5,0,1,0,3,1,1,5,2,2
"COG3822",2,3,6,1,3,4,8,1,4,4,3,2,10,6,2,2,1,3,10,1,8,1,0,4,0,3,1,4,7,6,1,2,0,0,4,1,4,1,1,4,4,0,2,1,2,6,3,1,2,5,2,0,5,10,5,5,0,2,1,3
"COG3823",0,0,1,0,1,0,0,1,0,5,1,4,8,6,0,0,1,0,2,0,0,1,0,0,0,0,2,0,0,3,4,0,3,0,1,0,0,2,2,0,5,0,2,0,0,0,0,1,0,2,0,0,0,1,0,0,1,0,0,3
"COG3824",0,0,0,0,0,1,0,0,0,0,0,0,0,0,0,0,0,0,0,0,0,0,0,0,3,0,0,0,0,0,0,0,0,1,0,0,0,0,0,0,0,2,0,0,0,0,0,0,0,0,0,0,0,0,0,0,0,0,5,0
"COG3825",0,2,0,0,0,2,0,1,0,0,2,1,1,1,1,0,0,2,3,0,1,2,0,4,0,0,2,0,0,1,3,0,1,0,0,0,0,4,0,0,0,0,2,0,0,1,3,6,0,1,2,0,2,0,0,1,3,0,0,1
"COG3828",0,0,0,1,0,0,0,0,1,0,0,0,0,1,0,0,0,0,1,0,1,0,0,0,0,0,0,0,0,0,0,0,0,0,0,0,0,0,0,0,0,0,0,0,0,0,0,0,0,0,0,0,0,2,0,1,0,0,0,0
"COG3829",2,47,12,10,11,19,33,8,40,39,28,24,57,31,28,39,32,32,24,21,15,19,23,142,28,26,45,24,19,21,42,28,12,10,35,42,31,15,23,60,13,60,23,42,19,23,30,25,37,32,39,19,18,40,12,75,16,18,8,29
"COG3830",25,26,29,14,41,26,23,18,42,34,25,39,30,28,18,34,41,16,15,35,39,34,21,4,17,29,39,26,17,34,29,35,36,18,31,35,30,22,28,25,25,16,16,29,24,29,23,32,28,37,35,55,31,16,37,29,33,28,20,38
"COG3831",3,2,0,2,24,4,0,0,1,3,1,6,4,1,0,8,2,1,1,4,0,3,0,22,0,18,3,1,0,2,2,12,0,2,1,8,1,2,2,4,1,1,8,6,3,17,1,1,16,3,3,8,1,9,15,6,4,1,7,10
"COG3832",0,0,0,0,0,3,0,0,0,0,0,0,0,0,0,0,0,0,0,0,0,0,2,0,1,0,0,0,0,0,0,0,0,0,0,0,0,0,0,1,0,0,0,0,1,0,0,0,0,0,0,0,0,0,0,0,0,0,0,0
"COG3833",4,10,11,36,12,19,6,16,15,5,25,9,10,11,47,6,18,23,20,16,14,12,37,18,35,30,6,18,31,14,18,3,26,5,14,6,8,13,7,5,22,19,27,51,31,2,9,12,7,6,8,6,7,20,4,6,10,25,35,5
"COG3835",0,4,5,1,1,11,1,1,4,1,8,2,7,2,1,9,6,5,9,1,1,10,8,36,20,8,3,1,8,4,1,3,3,4,2,5,0,3,2,11,7,10,3,3,0,4,4,6,15,2,4,3,6,7,1,6,2,12,4,0
"COG3836",3,1,0,2,2,17,1,2,0,6,5,0,5,10,2,6,1,13,5,2,1,0,3,14,8,5,7,2,2,3,8,5,0,1,7,7,0,4,1,8,2,4,10,1,6,2,2,3,4,1,2,0,0,3,1,6,2,1,0,8
"COG3837",0,0,0,0,3,2,0,0,0,0,0,0,2,0,0,1,0,4,0,0,1,1,0,2,0,0,0,0,0,0,0,0,1,0,0,0,0,0,0,0,1,0,4,0,0,0,1,0,0,0,0,0,0,0,0,0,0,0,0,0
"COG3839",10,33,28,59,9,67,16,60,41,29,56,28,47,51,53,24,50,66,113,24,39,49,79,78,126,71,47,38,63,37,35,30,62,14,27,21,61,38,12,29,66,56,66,51,53,21,34,56,27,29,35,18,28,86,17,17,41,63,91,26
"COG3840",0,0,0,0,0,1,0,0,1,0,0,1,0,0,1,3,0,0,0,1,0,1,2,12,0,0,0,0,0,0,0,0,0,0,0,2,2,1,0,0,0,0,3,0,0,0,0,0,0,0,0,0,0,2,1,0,0,0,1,1
"COG3842",56,73,60,58,42,75,71,48,71,48,62,66,45,64,50,59,42,66,84,58,53,32,68,77,71,59,65,48,81,48,59,70,82,21,55,58,75,56,84,64,79,69,61,45,59,72,49,55,70,57,79,41,49,72,61,70,70,81,48,70
"COG3843",22,92,58,66,31,32,32,119,46,78,117,48,74,102,137,16,71,122,225,63,79,53,61,18,93,63,72,97,84,94,130,21,87,22,78,49,107,72,8,22,125,52,91,138,65,22,56,99,28,43,43,32,99,132,31,23,68,144,34,48
"COG3845",6,37,35,38,17,17,11,26,39,35,41,29,50,61,34,22,50,82,131,22,44,32,70,57,52,57,29,37,53,27,34,26,47,7,19,14,35,46,7,17,45,18,39,19,27,14,24,50,31,36,37,6,31,87,7,16,31,26,24,36
"COG3846",0,0,1,0,0,0,7,0,0,4,0,0,0,0,0,0,0,2,0,0,0,0,0,0,0,0,2,0,0,0,3,0,0,2,0,3,0,0,0,0,0,2,0,0,0,0,0,0,0,1,0,1,0,2,0,0,1,0,1,1
"COG3848",2,9,9,14,6,3,4,12,3,12,19,21,11,12,25,0,6,10,5,22,11,12,13,0,16,0,17,16,9,14,10,1,18,0,13,2,15,11,2,1,12,27,18,11,11,5,10,5,2,14,7,1,12,6,0,4,14,26,15,12
"COG3850",2,1,1,2,2,7,3,1,1,1,2,1,8,9,0,4,0,2,2,0,1,3,5,50,4,2,1,1,2,1,0,5,0,5,1,3,3,1,1,8,3,0,13,2,4,0,2,0,7,1,1,1,5,3,3,4,0,3,5,4
"COG3851",0,0,0,2,2,5,0,0,3,1,4,4,2,3,0,0,1,4,0,2,1,0,5,23,1,11,0,1,0,1,4,0,0,2,0,11,0,2,0,1,0,0,4,9,2,0,1,0,0,0,3,3,1,7,0,0,1,4,1,0
"COG3852",2,3,0,0,3,6,0,0,8,1,3,4,2,2,0,8,1,4,2,5,1,1,2,21,5,3,3,1,0,1,1,3,0,1,1,3,2,3,0,11,0,3,2,0,3,4,1,0,17,2,1,3,0,2,0,4,1,10,2,3
"COG3853",1,7,10,15,5,13,13,13,5,11,27,8,11,13,25,3,12,22,23,15,4,4,41,8,26,19,5,8,35,14,11,3,15,4,16,13,21,12,2,1,22,21,14,11,8,3,7,16,3,8,3,5,6,29,7,1,12,14,40,10
"COG3854",0,3,4,5,4,2,4,7,8,12,5,4,7,6,9,1,2,10,13,5,8,4,9,1,8,6,6,10,5,3,15,4,29,1,14,5,9,22,3,1,17,7,9,16,19,0,10,26,8,12,13,6,29,20,5,2,17,27,10,14
"COG3855",81,54,58,68,70,57,77,95,50,63,52,89,44,54,65,57,55,43,51,66,65,70,46,12,58,66,73,46,54,74,78,74,68,70,56,65,90,54,94,59,59,73,41,59,92,46,58,60,52,85,87,60,59,50,64,73,54,68,15,45
"COG3856",0,0,1,1,0,1,4,3,0,11,5,0,0,1,2,0,6,7,0,2,1,0,0,0,4,0,0,1,0,0,1,2,0,0,1,3,0,1,2,0,1,2,0,0,2,0,0,0,2,0,0,4,0,7,0,0,0,1,20,1
"COG3857",12,56,38,48,18,31,31,64,52,92,86,36,50,87,94,20,105,133,112,34,47,51,124,29,105,43,35,108,79,55,56,18,92,15,60,39,60,64,20,2,64,90,67,75,71,10,36,72,15,60,39,31,49,87,16,13,51,82,43,41
"COG3858",2,32,4,53,11,6,11,27,27,42,57,14,19,21,81,16,28,32,11,28,18,22,29,48,47,35,24,36,53,11,32,10,25,3,30,8,17,24,9,13,22,18,26,59,29,11,21,31,26,19,18,14,12,40,1,4,12,38,19,7
"COG3859",2,7,10,17,3,5,4,5,8,10,21,9,5,17,9,7,19,15,32,12,14,6,27,4,18,6,2,8,13,7,7,1,9,2,1,5,20,7,3,1,7,10,14,11,14,1,11,12,4,6,1,7,10,13,2,5,11,23,11,9
"COG3860",0,1,0,0,0,0,0,0,0,0,0,0,0,0,0,0,0,0,1,0,0,0,0,0,1,0,0,0,0,0,0,0,0,0,0,0,0,0,0,0,0,0,0,0,0,0,0,0,0,0,0,1,0,1,0,0,1,0,1,0
"COG3862",0,6,5,10,5,4,1,6,5,10,11,4,5,6,18,3,4,13,9,8,7,4,5,8,10,8,8,6,7,4,3,4,3,0,7,3,1,4,1,5,15,9,7,9,6,5,6,9,1,2,8,3,2,6,3,0,9,11,4,6
"COG3863",0,0,0,0,0,0,1,0,0,0,0,1,0,0,1,0,0,0,0,1,0,0,4,0,2,0,0,0,1,0,0,0,0,0,0,0,0,0,1,0,0,0,0,0,0,0,0,0,0,0,0,0,1,0,0,0,0,0,0,1
"COG3864",0,2,0,2,2,5,0,1,0,15,0,0,2,5,0,0,0,1,2,0,3,0,7,0,3,0,3,5,2,0,2,0,2,0,1,0,0,2,1,0,3,18,0,1,2,1,0,0,0,2,0,0,1,2,0,1,1,1,1,4
"COG3866",53,3,5,9,6,1,0,3,2,5,10,5,19,8,34,4,29,5,10,4,21,48,0,1,11,6,9,7,12,14,4,10,13,120,12,4,3,3,40,11,33,17,1,14,9,0,25,10,8,2,5,2,16,0,0,2,5,3,0,5
"COG3867",41,17,29,49,33,12,45,43,24,14,52,16,16,11,74,9,13,36,13,44,38,16,8,0,16,24,26,29,34,22,32,29,59,42,47,13,8,26,19,27,36,9,21,140,43,23,23,21,6,12,35,23,22,12,32,27,22,11,1,12
"COG3868",0,1,3,1,0,0,0,0,3,1,2,1,0,0,0,0,0,1,0,2,1,3,0,0,0,13,3,2,0,3,4,0,3,0,1,0,0,4,0,1,11,0,3,0,6,0,1,1,0,1,0,1,0,0,0,0,0,0,0,0
"COG3869",1,2,10,6,1,3,10,11,12,29,15,9,6,16,9,6,9,22,10,0,6,9,6,4,2,4,8,6,5,5,12,2,6,2,6,6,8,10,3,5,6,11,11,4,3,2,1,12,5,3,4,8,6,8,1,1,3,3,1,6
"COG3870",1,0,1,2,1,1,0,3,1,3,1,1,2,3,7,3,3,5,6,1,2,6,1,2,7,1,2,0,6,6,0,4,3,2,2,1,4,3,2,0,2,6,6,1,3,1,1,7,2,0,2,0,3,7,1,2,0,0,1,1
"COG3871",2,22,6,3,23,7,5,2,10,4,11,8,15,6,8,26,1,1,2,15,11,10,0,0,0,23,13,2,1,4,6,23,6,2,24,5,20,12,17,29,7,2,4,9,4,35,17,4,48,25,16,40,12,10,27,13,13,13,2,7
"COG3872",3,30,20,15,11,11,5,25,14,25,31,24,21,29,40,7,34,31,40,19,21,15,27,9,31,15,25,32,21,16,19,4,33,2,22,12,19,23,12,8,34,14,29,18,26,5,26,30,14,12,14,8,31,27,9,6,12,15,11,9
"COG3874",1,4,5,6,0,0,0,3,1,8,10,5,5,13,1,1,9,12,14,1,5,1,1,0,3,0,2,3,2,8,4,0,1,0,2,1,5,7,0,0,6,8,1,3,2,0,2,10,1,5,0,0,0,11,0,1,3,7,0,2
"COG3875",1,4,4,4,11,6,15,9,8,15,6,13,25,17,17,22,6,16,21,9,7,9,2,25,6,7,21,19,13,11,27,15,6,9,6,5,16,7,15,7,15,22,9,14,13,9,8,10,20,9,17,3,11,20,5,17,14,8,4,10
"COG3876",0,23,22,18,44,17,17,18,47,23,9,53,21,18,7,33,14,9,21,41,40,10,0,0,0,28,25,22,1,33,19,48,24,5,26,21,33,29,18,45,19,8,14,10,53,44,33,38,36,36,41,36,31,15,43,48,52,17,1,30
"COG3877",1,0,0,1,3,0,4,0,3,0,0,1,4,2,0,3,1,0,0,0,1,4,0,0,0,3,1,2,1,3,2,3,0,0,3,1,6,3,5,5,1,0,0,1,2,0,7,2,2,2,1,5,0,2,4,4,3,1,0,1
"COG3878",0,1,1,2,0,0,0,0,0,1,0,0,1,2,2,2,2,2,18,0,2,0,0,0,1,0,9,0,0,0,5,1,4,2,1,2,1,2,0,0,2,0,3,1,0,0,1,1,0,0,0,1,1,2,0,0,2,4,0,0
"COG3879",1,1,2,3,0,3,6,8,1,21,11,1,3,1,5,2,17,16,0,2,1,1,1,0,21,1,1,10,1,0,1,1,0,1,0,3,0,0,1,0,0,2,0,0,0,0,2,0,0,1,0,3,0,4,0,0,3,0,29,3
"COG3880",2,3,7,5,1,1,5,11,2,7,5,0,2,9,2,6,4,17,3,0,5,2,1,1,1,3,2,3,1,1,5,1,2,1,4,5,3,3,1,1,4,2,4,2,2,1,3,9,6,1,5,3,1,10,3,0,4,3,3,1
"COG3881",0,0,0,0,0,0,0,0,0,0,0,0,0,0,0,0,0,0,0,0,0,0,0,0,0,0,0,0,0,0,0,0,0,0,0,1,0,0,0,0,0,0,0,0,0,0,0,0,0,0,0,0,0,0,0,0,0,0,0,0
"COG3882",1,13,6,11,10,2,0,4,4,9,3,3,25,5,4,1,21,10,6,5,20,9,0,2,1,18,3,4,3,17,6,0,16,28,10,3,3,8,0,18,12,0,9,2,1,4,9,20,22,4,17,6,5,5,0,3,3,7,1,3
"COG3883",4,6,3,8,0,3,0,8,3,13,7,1,2,11,19,0,25,20,11,3,3,3,23,0,8,2,2,6,2,4,8,0,6,1,2,0,0,4,0,0,3,4,3,0,4,2,3,13,1,3,0,1,4,31,1,1,6,3,5,4
"COG3884",20,33,21,31,21,28,45,41,25,22,25,19,31,24,19,48,40,27,19,28,27,42,51,10,39,47,32,49,38,39,7,12,3,10,11,8,9,11,10,8,11,15,11,18,9,10,9,11,19,17,9,9,15,10,8,7,11,10,5,9
"COG3885",1,0,0,0,0,1,0,0,0,1,0,1,2,9,0,0,0,0,1,0,0,1,0,8,2,0,1,0,0,0,1,1,0,0,0,0,0,0,0,3,0,11,0,1,1,1,0,1,4,0,0,0,0,0,1,2,0,1,0,1
"COG3886",21,21,7,15,5,12,19,10,11,8,35,10,25,25,28,19,17,19,14,16,11,79,51,21,53,8,31,49,47,8,11,3,7,4,3,13,14,2,11,7,7,17,2,10,2,4,6,9,3,3,4,7,4,11,4,3,3,9,42,5
"COG3887",3,18,10,17,2,9,14,19,10,23,24,6,7,27,27,6,25,27,21,10,12,17,35,5,34,6,11,26,32,11,54,15,56,12,49,28,52,43,21,14,35,85,48,48,48,21,31,61,17,31,28,18,35,73,13,14,38,67,38,26
"COG3892",0,0,0,0,0,4,0,1,0,0,0,0,0,0,0,0,0,0,0,0,0,0,2,0,1,0,0,0,0,0,0,0,0,0,0,1,1,0,0,0,0,0,5,0,0,0,0,1,0,1,0,0,0,6,0,0,1,0,0,0
"COG3893",5,6,6,1,2,1,1,1,0,2,2,3,11,10,0,5,0,7,1,2,15,1,0,0,0,1,6,1,0,5,8,8,17,0,5,13,3,5,5,2,7,2,2,3,0,2,2,4,3,2,2,3,5,7,5,1,2,1,1,12
"COG3894",4,14,7,18,2,4,4,14,6,16,10,5,4,9,29,3,8,25,39,15,5,9,41,1,22,14,7,19,41,8,21,1,18,2,7,3,5,12,2,10,22,17,11,13,16,4,5,14,4,9,3,9,4,10,0,4,13,21,12,9
"COG3895",0,0,0,0,0,0,0,0,0,0,0,0,0,1,0,0,0,0,0,0,0,0,0,1,0,1,0,0,0,0,0,1,0,0,0,0,0,0,0,3,0,0,2,0,0,0,0,0,0,0,0,0,0,2,0,0,0,0,0,1
"COG3896",0,0,2,0,0,0,0,0,0,0,0,0,0,0,0,0,0,0,0,0,2,0,0,0,0,0,0,0,0,0,0,0,0,0,0,0,0,0,0,0,0,0,1,0,0,0,0,0,0,0,0,0,0,0,0,0,0,0,0,0
"COG3899",0,2,1,0,2,0,0,0,1,5,1,3,3,7,1,0,0,8,2,0,1,0,11,17,0,0,5,3,1,0,1,1,4,0,0,0,0,0,0,0,0,0,0,1,0,4,0,0,0,0,1,1,0,0,0,0,0,0,0,0
"COG3901",0,0,1,0,4,0,0,1,0,7,5,0,0,2,0,0,1,6,7,0,1,0,0,0,2,0,0,0,2,0,1,0,2,0,0,2,1,0,0,0,3,0,1,0,1,0,0,1,0,0,0,0,0,7,1,0,2,0,0,0
"COG3903",0,0,0,0,0,0,0,0,0,0,0,0,0,0,0,0,0,0,0,0,0,0,0,0,0,0,0,0,0,0,0,0,0,0,0,0,1,0,0,0,0,0,0,0,1,0,0,0,0,0,0,0,0,0,0,0,0,0,0,0
"COG3906",0,0,0,2,0,0,1,0,0,0,1,0,0,0,0,0,1,1,0,0,0,0,15,0,1,1,0,0,0,0,0,0,0,0,0,0,0,0,0,0,0,5,0,0,0,0,0,0,0,0,1,0,0,0,0,0,0,0,1,0
"COG3907",0,0,0,1,0,0,0,0,1,0,0,0,0,0,0,0,0,0,0,0,0,0,0,0,1,0,0,0,0,0,0,0,0,0,1,0,1,0,0,1,0,0,0,0,0,0,0,0,0,1,0,0,0,0,0,0,0,0,0,0
"COG3910",3,7,2,18,7,6,8,33,5,2,18,5,6,8,11,3,13,6,18,15,3,11,3,0,14,19,9,16,11,5,6,4,14,6,3,4,14,6,1,2,14,10,5,32,18,3,8,9,1,3,1,5,3,20,10,2,8,16,6,8
"COG3911",0,0,0,0,0,6,0,1,0,0,0,0,0,0,0,0,0,0,1,0,0,0,0,0,0,1,0,0,0,0,0,0,0,0,1,0,0,0,0,0,0,0,0,0,0,0,0,1,0,0,0,0,2,2,0,1,0,0,0,0
"COG3915",0,0,0,0,0,0,0,0,0,0,0,0,0,0,0,0,0,1,0,0,0,0,0,0,1,0,0,0,0,0,0,0,0,1,0,0,0,0,0,3,0,0,2,0,0,0,0,0,0,0,0,0,0,0,0,0,0,0,0,0
"COG3919",17,8,15,6,6,1,3,5,2,27,4,10,10,21,2,11,3,9,12,1,27,1,13,0,14,10,3,2,0,13,12,2,5,0,2,6,3,3,8,30,6,35,5,3,3,4,11,22,1,5,3,13,1,4,44,12,33,1,13,17
"COG3920",0,2,4,1,1,0,6,4,4,7,11,1,5,7,8,3,6,3,7,1,3,0,4,1,11,4,5,2,1,0,4,2,1,1,10,14,3,3,2,6,0,13,1,4,4,1,0,2,5,2,6,1,2,2,2,5,1,0,62,4
"COG3921",0,0,0,0,0,4,0,0,0,0,0,0,0,0,0,0,0,2,0,0,0,0,1,0,2,0,0,0,0,0,0,0,0,0,0,1,0,0,0,1,0,0,0,0,0,0,0,0,0,0,0,0,0,0,0,0,0,0,0,0
"COG3923",0,0,0,0,1,0,0,1,0,0,0,0,0,0,0,0,0,1,0,0,0,0,1,8,0,0,0,0,0,0,0,1,0,1,0,1,0,0,0,2,0,1,4,0,0,1,0,0,0,1,0,0,0,0,0,1,1,0,0,0
"COG3924",0,0,0,0,0,3,0,0,1,0,1,0,1,1,0,2,0,0,0,0,0,0,1,8,0,0,0,0,0,0,0,0,0,0,0,0,0,1,0,1,0,0,0,0,0,0,0,0,0,0,0,0,0,0,0,0,0,0,0,0
"COG3925",0,0,0,0,6,2,0,0,1,0,0,0,0,0,1,4,0,0,0,0,0,0,0,20,0,1,0,0,0,0,0,3,0,0,0,2,1,0,0,4,0,0,2,0,0,0,0,1,0,0,0,0,0,2,1,0,0,0,0,1
"COG3926",0,2,6,2,8,0,0,0,5,5,3,1,0,0,0,0,0,0,0,34,2,4,1,0,1,11,3,0,0,2,7,0,3,0,2,1,0,2,0,11,3,0,2,10,1,1,5,10,1,4,46,2,6,3,8,3,12,2,2,8
"COG3933",4,13,9,5,1,41,66,10,17,23,17,9,13,6,46,5,28,15,7,5,1,13,25,10,28,35,9,5,47,6,33,20,4,4,21,46,5,2,25,4,3,5,5,7,9,10,3,8,5,4,5,31,3,5,14,4,3,6,16,4
"COG3934",2,0,0,4,0,0,0,2,0,4,0,0,3,0,0,0,12,2,1,1,4,14,0,0,0,1,0,8,0,15,1,2,5,0,1,0,0,4,0,2,0,0,0,2,3,0,0,3,0,0,0,0,5,0,0,0,1,0,8,2
"COG3935",5,17,11,23,5,12,3,25,28,37,31,11,13,23,40,9,41,34,25,19,9,15,45,8,38,24,6,24,46,7,28,9,24,2,22,5,9,21,1,9,21,28,23,16,21,2,21,25,13,9,14,3,7,31,5,7,15,31,15,7
"COG3936",0,0,6,4,0,0,0,4,0,2,4,0,8,3,1,4,4,9,0,3,0,3,0,0,2,0,1,1,2,1,0,8,2,0,0,1,9,1,1,3,1,0,0,0,1,2,7,4,0,0,0,2,7,7,0,0,0,1,0,2
"COG3937",0,2,0,0,0,3,0,1,0,0,1,0,1,0,4,3,3,1,0,0,0,1,4,2,6,0,0,0,6,2,0,1,0,0,1,1,1,0,0,0,0,1,0,2,0,2,0,0,0,2,1,0,0,2,0,1,0,1,8,1
"COG3938",1,5,1,0,0,7,0,0,1,2,0,2,2,4,0,3,0,1,0,2,1,0,3,3,0,0,1,2,1,0,0,2,2,0,2,0,0,0,0,1,0,4,1,0,0,0,1,0,0,0,1,0,0,2,0,0,0,0,0,0
"COG3940",6,19,12,19,60,23,3,13,29,14,20,27,26,18,32,49,18,20,8,25,30,19,18,2,31,38,31,22,14,17,9,69,16,3,36,51,18,26,19,115,5,10,17,16,13,67,48,13,67,23,22,27,13,16,23,22,47,20,90,28
"COG3941",0,0,0,1,4,0,0,1,0,0,1,1,2,1,3,0,0,6,0,1,1,1,0,0,1,0,1,6,2,4,5,2,0,106,3,1,0,0,0,0,0,6,2,1,3,0,0,1,2,0,0,1,0,0,0,0,0,0,0,1
"COG3942",1,0,0,0,0,0,0,0,0,0,2,0,0,3,0,0,0,0,0,0,0,1,34,0,12,0,0,0,3,0,0,0,0,4,0,0,0,0,0,0,0,10,0,0,1,0,0,2,0,0,0,0,0,0,1,0,0,1,77,3
"COG3943",104,78,96,79,61,66,99,102,41,72,56,45,89,66,36,46,61,57,51,64,47,95,13,12,35,89,45,73,48,90,103,48,87,113,95,60,54,61,108,35,52,64,65,54,63,80,103,55,65,83,52,43,88,62,67,68,54,52,15,78
"COG3944",5,30,24,13,2,11,6,28,8,23,52,11,12,19,36,4,35,38,39,11,23,20,34,12,69,10,14,30,38,13,25,7,36,6,15,7,6,20,4,6,27,18,10,36,36,6,13,27,11,11,10,5,21,17,11,6,8,21,76,11
"COG3945",0,0,1,0,0,0,5,0,0,3,0,1,0,0,3,0,1,0,0,0,0,0,1,0,1,0,1,0,0,0,0,0,0,0,2,4,0,0,0,0,0,2,0,0,0,0,0,0,0,0,0,4,0,0,0,0,0,0,1,2
"COG3947",0,2,0,3,1,0,0,2,3,0,0,2,0,2,1,1,0,1,0,0,1,0,0,1,1,0,1,2,0,1,5,1,1,0,2,2,0,2,3,0,6,0,5,1,6,1,5,1,0,1,2,0,2,9,0,1,2,1,0,5
"COG3948",2,1,4,7,3,5,0,2,3,5,1,5,0,4,0,5,1,5,2,13,2,7,3,9,1,1,3,9,1,16,3,3,8,4,2,4,2,2,1,5,0,6,6,11,2,1,3,2,0,1,1,0,6,11,1,2,1,1,7,1
"COG3949",0,8,1,2,0,5,0,9,2,21,7,3,2,5,12,7,10,21,7,3,15,1,15,9,21,1,3,4,7,1,8,2,2,4,4,2,5,5,0,6,3,1,3,4,11,0,5,12,10,8,0,2,4,19,2,1,6,2,0,8
"COG3950",45,60,28,21,47,70,47,12,46,33,31,45,34,38,20,47,29,25,11,56,19,68,13,3,49,55,32,36,29,37,49,25,24,7,38,39,93,32,42,21,22,40,17,24,72,29,31,23,55,39,41,94,45,10,72,44,26,70,9,21
"COG3951",1,0,3,1,1,0,0,0,1,1,0,1,1,1,0,1,1,0,0,2,2,0,1,12,0,0,2,2,0,1,3,2,0,2,1,1,0,2,0,1,2,0,2,0,0,0,2,2,0,1,1,1,0,3,1,1,1,0,2,1
"COG3952",0,1,0,0,0,1,1,0,1,1,0,2,1,5,0,1,0,1,0,1,0,0,1,0,0,0,1,0,2,2,3,13,7,0,2,0,0,9,6,7,1,0,0,0,4,3,0,0,6,0,2,1,1,1,2,3,2,2,0,1
"COG3953",0,0,0,0,0,0,0,0,0,0,0,2,0,0,0,0,0,0,0,0,0,0,49,0,0,0,0,0,0,0,0,0,0,0,0,0,0,0,0,0,0,12,0,0,1,0,0,0,0,0,0,0,0,0,0,0,0,0,0,0
"COG3954",1,1,0,0,2,4,0,0,0,0,0,0,1,1,0,1,0,1,0,0,0,0,1,24,0,1,0,0,0,0,0,3,0,1,0,2,0,0,0,1,0,0,3,1,0,0,0,0,0,1,0,0,0,1,1,0,0,2,2,0
"COG3955",4,4,4,3,3,0,0,4,11,2,5,1,0,0,0,0,2,1,0,0,0,1,7,0,0,0,2,6,4,2,2,1,1,12,2,2,0,11,0,4,0,1,0,1,0,2,0,6,1,2,1,1,4,3,2,2,5,0,0,5
"COG3956",26,10,17,8,16,18,30,14,15,23,18,19,20,26,8,6,18,16,28,16,11,16,4,5,8,11,24,17,9,15,13,6,10,40,11,31,25,13,29,16,25,22,5,7,20,24,14,13,6,23,15,10,20,7,9,18,25,10,4,20
"COG3957",0,13,6,38,1,7,4,24,11,19,11,6,12,22,40,1,15,23,20,3,9,11,58,0,28,2,8,35,22,14,6,0,12,0,5,1,3,7,0,0,1,15,1,4,3,1,6,4,0,3,0,0,9,4,1,1,8,4,35,2
"COG3958",8,36,28,24,26,19,19,44,44,56,36,24,18,39,54,12,31,55,74,38,30,28,44,39,52,62,47,40,47,21,28,12,34,8,31,15,53,36,10,27,37,32,38,39,30,7,44,47,14,39,12,16,26,48,8,26,38,42,23,24
"COG3959",9,45,30,32,25,28,26,28,35,57,58,26,26,40,49,34,33,66,51,39,29,14,39,33,45,73,34,38,48,30,26,14,46,5,47,16,35,43,9,21,39,33,36,35,14,32,22,61,24,39,24,33,27,39,17,24,39,28,19,22
"COG3960",0,0,0,0,3,0,0,0,0,0,0,0,1,0,0,2,0,0,1,0,0,0,0,13,0,0,0,0,0,0,0,0,1,1,0,2,0,0,1,0,0,0,7,0,0,0,0,0,0,0,0,0,0,3,1,0,0,0,2,0
"COG3961",0,0,0,0,0,6,0,1,0,0,0,1,1,0,0,1,0,0,0,0,0,0,4,0,0,0,0,0,0,0,0,0,0,1,0,0,0,0,0,1,0,0,2,0,0,0,0,1,0,0,0,0,0,0,0,0,0,0,0,0
"COG3962",2,2,1,2,1,11,14,4,2,13,5,4,0,6,11,0,6,9,2,1,3,2,7,0,3,1,0,3,8,4,6,0,3,1,4,8,3,3,2,0,4,0,3,0,1,0,1,4,0,1,0,6,2,7,2,0,1,1,2,2
"COG3963",0,0,0,0,0,0,0,0,0,0,0,0,1,1,0,0,0,0,0,0,0,0,0,0,0,0,0,0,0,0,1,0,0,0,0,0,0,0,0,0,0,0,0,0,0,0,0,1,0,0,0,0,0,0,0,0,1,0,0,0
"COG3964",0,8,5,1,12,12,0,1,4,9,0,5,4,2,4,5,6,1,4,7,4,27,2,7,0,7,5,6,3,5,3,4,2,4,0,7,1,2,1,12,5,13,8,0,7,1,4,2,4,10,7,12,5,1,1,11,8,1,0,6
"COG3965",0,2,1,1,3,1,0,2,1,3,6,0,0,2,0,3,3,3,3,6,0,0,9,0,3,0,1,3,6,0,3,0,1,1,0,2,0,1,0,0,5,1,2,2,0,1,4,4,1,5,1,0,1,4,2,1,1,0,5,1
"COG3966",1,0,0,0,0,1,0,0,1,3,1,0,2,1,0,0,0,13,1,2,0,0,31,1,12,0,0,0,0,0,3,0,0,1,0,1,0,0,0,0,0,19,1,0,0,0,1,0,0,0,0,0,1,0,0,0,0,0,7,0
"COG3967",0,0,0,0,0,5,0,0,1,1,0,0,0,0,0,0,0,0,0,0,0,1,0,0,1,0,0,0,0,0,0,0,0,0,0,0,0,0,0,0,0,0,0,0,0,0,0,0,0,0,0,0,0,0,1,3,0,0,0,0
"COG3968",156,124,132,122,147,83,133,129,134,100,93,151,121,114,88,112,119,106,126,117,130,147,64,33,69,130,137,116,93,116,114,107,119,194,125,99,109,118,136,115,136,87,134,112,136,109,136,132,86,145,153,122,146,132,122,124,114,137,30,146
"COG3969",4,33,44,26,79,56,39,22,44,23,21,51,32,26,12,35,16,12,7,50,63,15,1,28,7,39,32,22,4,35,29,43,17,10,35,30,36,28,27,33,11,5,28,12,29,73,22,31,73,45,52,62,77,41,59,91,33,29,10,27
"COG3971",0,4,0,0,1,5,0,0,2,0,0,0,2,0,1,2,0,3,0,0,0,0,2,22,0,0,0,0,0,0,0,0,0,1,0,2,2,0,0,5,0,4,7,0,0,0,1,0,1,0,1,1,0,2,0,0,0,0,2,0
"COG3972",4,2,2,1,1,1,0,0,1,3,9,3,4,12,9,1,10,4,11,39,16,4,4,0,2,2,7,0,6,3,0,0,0,0,3,8,3,0,0,0,0,0,1,0,1,12,0,0,0,0,0,0,1,0,10,1,0,1,0,1
"COG3973",2,23,11,27,31,12,13,31,31,12,40,16,23,12,33,43,19,33,9,58,27,10,80,23,86,19,18,27,30,21,21,24,12,4,25,20,29,35,3,20,48,52,24,31,61,41,19,13,33,19,18,35,28,37,40,42,23,15,122,15
"COG3975",0,1,0,1,0,1,0,0,0,0,1,1,1,2,0,5,1,0,0,5,1,0,0,0,0,0,0,0,0,0,0,0,0,0,2,0,2,2,0,0,0,1,0,0,2,0,0,0,0,2,3,0,0,0,0,0,0,0,0,1
"COG3976",1,9,1,12,1,8,2,7,3,7,11,2,1,6,2,5,12,2,8,10,6,2,4,0,19,2,8,2,12,4,3,1,11,4,7,1,0,1,2,2,7,4,19,1,15,0,1,2,1,4,6,3,6,6,13,15,7,11,2,4
"COG3977",3,0,0,0,2,1,0,1,0,2,0,0,0,0,0,1,0,1,0,0,0,0,1,9,1,0,0,0,0,0,0,4,0,1,0,3,0,0,0,6,0,0,8,3,0,0,0,0,2,2,2,3,0,2,2,0,0,0,4,2
"COG3978",0,0,0,0,0,3,0,0,0,0,1,0,1,0,0,0,0,0,0,0,0,0,0,7,0,0,0,0,0,0,0,0,0,0,0,0,0,0,0,1,0,0,3,0,0,0,0,0,0,0,0,0,0,1,0,0,0,0,0,1
"COG3979",0,0,3,0,0,0,0,0,0,1,0,0,0,0,5,4,0,2,26,0,3,0,8,0,3,1,1,1,2,2,1,0,0,1,2,0,9,2,0,8,0,0,0,0,3,0,0,0,0,0,2,0,3,0,1,0,0,1,0,1
"COG3980",1,11,5,4,3,4,2,9,18,1,3,2,10,6,8,6,4,10,2,22,21,4,0,0,1,24,18,3,2,4,7,7,4,3,12,1,4,4,1,10,7,3,18,1,1,20,5,14,12,7,7,13,15,7,0,5,5,1,1,7
"COG3981",2,3,3,2,3,2,1,2,4,12,20,5,1,6,2,3,7,15,15,8,2,4,9,8,10,0,1,1,5,6,2,0,6,4,0,0,10,2,0,2,1,5,4,7,1,0,12,7,2,3,2,2,3,21,1,2,4,11,3,3
"COG4001",57,82,117,70,64,25,73,53,63,55,88,56,58,89,73,48,79,63,43,32,39,79,25,4,36,29,44,48,60,72,72,51,59,14,123,61,58,47,32,13,80,49,51,88,71,0,61,70,97,62,38,112,76,53,79,54,53,50,25,42
"COG4012",0,0,0,0,0,0,0,0,0,0,0,0,1,0,0,0,0,2,1,0,0,0,0,0,0,0,0,0,0,0,1,0,0,0,0,0,0,1,0,1,0,0,0,0,0,0,0,0,0,0,0,0,0,4,0,0,0,0,0,0
"COG4021",0,0,0,0,0,1,2,0,0,0,1,0,2,0,0,1,0,0,1,0,0,0,2,0,0,1,0,1,3,1,0,1,2,0,0,0,0,2,0,0,1,0,0,0,0,0,0,5,0,0,2,0,1,12,0,0,0,0,0,0
"COG4032",0,0,0,0,5,0,0,1,0,3,2,4,0,0,2,2,0,2,0,1,4,2,1,0,1,2,1,0,3,1,0,5,1,0,3,2,2,4,0,7,1,0,1,4,0,2,3,4,3,1,0,2,10,3,0,1,5,7,1,2
"COG4034",0,0,0,0,2,0,0,0,0,4,0,0,0,1,0,0,0,3,0,0,0,0,0,0,0,0,0,0,0,0,0,0,0,0,0,1,0,0,0,0,7,0,0,0,0,0,0,0,0,1,0,0,0,0,0,0,2,0,0,0
"COG4043",0,0,0,1,0,0,0,2,0,2,0,0,0,4,0,0,4,7,0,0,0,2,0,0,0,0,0,3,1,0,2,0,0,0,0,0,0,2,0,0,5,0,0,0,0,0,0,0,1,0,0,0,1,12,0,0,2,0,0,1
"COG4085",0,3,1,0,3,0,0,0,1,3,0,0,0,0,0,7,0,0,0,0,0,0,0,0,1,3,0,0,0,1,0,7,0,0,2,2,0,0,0,0,0,0,0,1,0,0,0,0,0,1,0,0,0,2,0,3,0,0,0,1
"COG4086",0,6,2,3,1,5,5,3,3,1,12,1,3,1,15,0,5,5,7,3,2,3,28,0,19,2,9,2,17,7,4,0,0,2,5,3,7,4,3,0,7,18,4,7,10,1,8,10,1,5,3,3,6,11,4,2,3,9,9,3
"COG4087",0,0,1,1,1,0,0,0,1,0,0,1,0,0,1,0,0,0,0,0,0,0,2,2,1,0,0,0,2,1,1,1,0,0,0,0,0,0,0,2,0,0,0,0,0,0,0,1,0,0,0,0,1,7,0,0,0,0,2,0
"COG4091",0,0,4,0,0,0,11,0,3,0,1,1,0,0,3,0,0,0,1,0,0,1,1,4,0,2,0,0,0,0,9,0,0,0,5,2,3,0,1,6,0,0,1,2,0,2,2,0,1,0,0,2,0,0,0,1,0,2,0,0
"COG4095",0,0,0,0,0,0,0,1,0,0,0,0,0,0,0,0,0,0,0,0,0,0,1,0,0,0,0,0,0,0,0,0,0,0,0,0,0,0,0,0,0,0,0,0,0,0,0,0,0,0,0,0,0,0,0,0,0,0,0,0
"COG4096",20,87,52,88,28,46,87,100,40,86,20,64,41,56,60,75,83,38,40,40,37,65,10,2,138,10,67,100,22,77,110,10,42,58,52,87,62,65,21,52,30,35,68,70,89,140,73,36,56,58,53,66,60,48,39,61,39,78,24,45
"COG4097",0,0,0,0,0,0,0,0,0,0,3,1,1,0,0,1,0,0,0,2,1,2,4,0,0,0,0,0,0,0,0,0,0,0,0,0,0,0,0,0,0,0,0,0,0,0,0,0,4,0,0,0,0,0,1,0,0,0,3,0
"COG4098",0,1,0,0,0,0,0,0,0,0,4,1,0,1,1,0,1,0,0,0,1,0,33,0,10,0,0,0,4,2,0,3,0,0,1,0,0,0,0,0,0,13,0,1,0,0,0,2,0,2,0,0,1,2,0,0,0,0,3,0
"COG4099",20,9,15,5,29,15,2,24,10,8,15,8,14,14,3,11,16,13,12,6,10,16,8,1,9,18,13,16,12,12,4,6,7,26,8,10,4,8,21,20,9,15,5,8,10,14,15,6,6,16,8,21,15,8,8,7,6,1,2,13
"COG4100",2,25,13,33,11,10,19,33,12,44,42,18,15,31,40,8,38,51,39,23,18,23,27,13,55,16,18,43,35,30,30,5,31,2,20,18,19,21,9,1,34,35,16,20,33,3,24,39,9,15,12,12,26,47,3,5,24,34,17,12
"COG4104",0,3,0,1,1,0,0,0,2,0,0,1,3,0,0,2,0,2,0,1,1,0,1,0,0,0,0,0,0,0,0,0,0,0,2,1,1,1,1,5,1,0,0,1,0,22,1,1,0,0,0,0,0,0,0,2,0,0,0,1
"COG4105",0,0,0,1,0,6,0,1,0,1,1,0,1,2,0,0,2,1,1,1,0,0,1,14,0,1,1,0,1,0,0,1,0,0,0,7,1,1,0,7,0,1,3,0,1,0,0,2,0,1,1,2,0,0,3,2,1,1,1,1
"COG4106",0,0,0,0,0,5,0,0,1,1,1,0,0,3,0,0,0,2,0,1,0,0,2,3,3,0,1,0,0,0,0,0,0,1,0,3,0,0,0,2,0,1,1,0,1,0,0,1,2,2,0,0,0,0,1,0,0,0,7,0
"COG4107",0,1,1,1,1,2,0,0,0,1,0,1,2,0,1,0,0,3,0,0,2,1,1,14,0,2,1,0,0,1,6,1,0,0,0,2,2,0,0,2,0,0,4,0,0,0,0,0,0,0,1,0,0,9,0,2,0,1,0,2
"COG4108",60,40,77,58,41,60,75,41,45,46,46,50,52,73,51,37,59,44,54,50,72,63,77,46,56,38,44,52,76,52,58,47,69,84,57,61,54,88,69,34,65,81,73,56,58,39,44,44,41,49,47,39,53,41,50,32,56,77,23,73
"COG4109",0,0,0,0,0,0,0,0,0,1,2,0,0,0,0,0,1,1,0,0,0,0,18,0,1,0,0,1,1,1,0,0,0,1,0,0,0,4,0,0,0,0,0,0,0,0,1,2,0,0,0,0,1,2,0,0,0,0,1,0
"COG4110",20,0,0,8,0,7,0,21,0,0,0,0,1,7,0,0,0,2,0,0,0,2,0,0,0,0,0,0,0,0,0,0,0,0,0,0,0,0,0,0,1,0,0,0,0,0,0,0,1,1,0,0,0,0,0,0,0,0,0,0
"COG4112",0,0,0,0,0,0,0,0,0,0,0,0,0,2,0,0,1,0,1,0,0,0,0,0,0,0,0,0,0,0,0,0,0,0,0,0,0,0,0,0,0,0,1,0,0,0,0,0,0,0,0,0,0,3,0,0,0,0,0,0
"COG4114",1,0,0,0,1,5,0,0,0,0,0,0,0,0,0,1,0,0,0,0,0,0,3,15,0,0,0,0,0,0,0,0,0,1,0,0,0,0,0,0,0,0,0,0,0,0,0,1,0,0,0,0,0,3,0,0,0,0,0,0
"COG4115",0,21,5,13,19,26,9,12,13,36,11,36,8,7,6,6,33,5,7,12,45,9,8,4,6,11,26,3,9,39,25,42,20,3,3,12,21,14,10,3,10,6,9,22,1,40,16,13,19,23,6,10,89,11,21,2,13,1,21,2
"COG4116",0,0,0,0,0,0,0,0,0,0,1,2,1,0,1,0,2,1,0,1,1,0,4,1,7,1,0,0,5,0,0,0,2,0,0,1,0,1,0,0,1,7,0,0,0,0,0,2,0,0,0,0,0,1,0,0,0,0,2,0
"COG4117",0,0,0,0,1,0,0,0,0,1,0,1,0,0,0,1,0,0,0,1,0,0,0,10,0,0,0,0,0,0,0,2,0,0,0,1,0,0,0,0,0,0,2,0,0,1,0,0,0,0,0,0,0,0,0,1,0,0,2,0
"COG4120",9,40,24,38,12,15,9,30,22,32,38,28,24,38,41,12,20,41,47,31,30,17,78,14,40,21,31,41,44,27,20,6,25,5,22,15,40,39,4,7,41,38,42,45,36,8,33,49,7,35,27,8,21,34,4,15,17,40,24,18
"COG4121",3,8,4,10,16,15,6,8,18,12,4,11,13,4,1,12,13,6,0,14,11,2,3,22,3,10,21,4,7,13,7,27,10,5,10,13,15,11,15,8,5,2,8,5,24,11,13,13,10,10,19,11,15,11,19,11,11,7,3,16
"COG4122",29,26,17,28,32,29,44,29,21,28,21,28,22,22,31,30,29,29,9,23,22,23,27,8,23,40,28,18,20,32,29,26,25,43,22,29,43,16,28,17,15,29,28,34,33,22,15,30,27,20,37,27,30,19,29,32,29,22,43,14
"COG4123",34,27,19,40,28,35,35,35,21,30,46,18,41,34,39,20,38,42,29,34,38,34,47,31,40,16,32,29,35,33,39,24,28,44,23,32,25,33,30,26,30,37,29,35,33,33,19,36,26,25,42,24,24,35,21,26,19,35,13,33
"COG4124",51,12,26,28,13,6,23,8,13,21,9,8,24,25,18,13,51,21,24,12,13,32,6,7,6,41,6,15,18,27,19,41,54,0,10,21,3,22,44,33,40,59,28,18,18,26,13,29,20,11,2,26,26,13,23,14,22,11,1,24
"COG4125",0,0,0,0,0,1,0,0,0,0,1,0,0,0,0,0,0,0,0,0,0,0,3,0,1,0,0,0,0,0,0,0,0,0,0,0,0,0,0,2,0,0,0,0,0,0,0,0,0,0,0,0,0,0,0,0,0,0,1,0
"COG4126",0,0,4,1,1,4,0,0,0,0,0,2,1,1,0,2,0,5,1,0,3,0,1,1,1,0,0,1,1,0,2,1,1,0,0,0,1,0,0,0,0,0,3,0,0,1,1,2,0,1,2,0,0,3,0,0,0,2,3,2
"COG4127",0,0,0,5,1,0,0,0,0,1,0,0,0,1,4,1,3,0,3,0,0,0,2,0,0,0,1,0,0,0,0,0,0,0,3,2,0,3,1,0,0,2,2,3,2,0,0,0,0,0,0,0,0,2,0,0,4,1,0,0
"COG4128",0,0,0,0,0,0,0,0,0,0,0,0,0,0,0,0,0,0,0,0,0,0,0,0,0,0,0,0,0,0,0,0,0,0,0,0,0,0,0,0,0,0,0,0,0,0,0,0,1,0,0,0,0,0,0,0,0,0,0,0
"COG4129",0,1,0,3,1,0,0,2,3,0,1,0,1,0,0,1,1,2,6,1,1,1,6,5,5,7,1,1,0,0,3,0,2,0,1,0,1,5,1,7,14,2,3,2,1,3,0,3,2,1,1,3,0,0,1,2,1,9,1,0
"COG4130",0,0,0,0,0,5,0,0,0,0,0,0,0,0,0,0,0,1,0,0,0,0,1,0,1,0,0,0,0,0,0,0,0,0,0,0,0,0,0,0,0,0,2,0,0,0,0,0,0,0,0,0,0,0,0,0,0,0,0,0
"COG4132",0,0,0,0,0,3,0,1,0,0,1,1,0,0,0,1,0,1,0,0,0,0,2,1,10,1,3,0,0,0,0,0,0,2,1,2,0,1,1,2,0,2,0,1,0,1,0,0,0,0,1,0,0,0,1,5,0,0,13,4
"COG4133",0,1,0,0,1,2,0,0,0,0,2,0,0,1,0,3,0,0,0,2,1,0,0,10,1,0,2,0,0,0,0,2,0,0,1,3,1,3,0,0,1,1,0,0,0,1,0,0,2,0,0,0,0,2,1,2,0,0,0,2
"COG4134",0,0,1,0,1,12,0,0,1,1,1,0,0,1,0,2,0,2,1,0,1,1,1,44,7,1,4,1,1,0,0,0,0,1,0,3,0,0,0,0,0,1,6,0,0,0,1,2,2,0,0,1,1,7,0,1,1,1,2,3
"COG4135",0,0,0,0,2,2,0,0,3,1,0,0,0,0,0,1,0,1,0,0,0,0,0,17,1,0,0,0,0,0,0,2,0,2,0,1,0,0,0,1,0,0,1,0,0,0,0,0,0,0,0,2,0,2,0,1,0,0,2,1
"COG4136",1,0,0,0,0,1,0,0,1,0,0,0,0,0,0,0,0,0,0,0,0,0,0,7,0,0,0,0,0,0,0,1,0,0,0,0,0,0,0,2,0,0,2,0,0,0,0,0,1,0,0,0,0,0,0,0,0,0,0,1
"COG4137",2,0,0,1,2,4,0,1,0,0,2,0,2,1,0,1,0,0,0,2,0,0,2,18,1,1,1,1,0,0,0,0,0,0,0,0,0,1,0,0,0,0,1,0,1,0,0,0,1,0,0,0,0,1,0,0,0,0,0,1
"COG4138",1,0,0,0,2,4,0,0,0,0,0,0,0,0,0,0,0,1,0,0,0,0,1,7,0,1,0,0,0,0,0,1,0,1,0,1,0,0,0,2,0,0,2,0,0,0,0,0,0,1,0,0,0,1,0,1,0,0,1,1
"COG4139",1,0,0,0,2,1,0,0,0,0,0,0,1,0,0,1,0,0,0,0,0,0,1,9,0,0,0,0,0,0,0,0,0,1,0,0,0,0,0,1,0,0,6,0,0,0,0,0,0,0,0,0,0,2,1,1,0,0,0,0
"COG4143",0,1,0,1,1,8,0,0,0,0,1,0,2,0,0,2,0,0,0,0,0,0,2,7,2,2,1,0,1,0,0,1,0,1,0,2,0,0,0,9,0,0,3,0,0,0,0,0,2,0,0,0,0,4,1,3,0,0,0,0
"COG4145",1,7,4,0,7,8,9,5,2,7,5,5,7,3,8,4,7,18,3,8,7,7,6,19,6,3,13,5,8,1,13,5,5,4,4,5,5,10,7,12,5,1,7,2,3,2,2,2,4,8,4,2,5,5,2,3,3,4,4,3
"COG4146",66,44,46,20,50,48,44,14,33,24,19,33,35,22,22,85,33,12,8,40,35,18,4,37,5,43,62,13,25,32,36,50,27,12,66,38,49,41,52,44,26,16,43,63,26,74,50,25,40,53,35,83,35,17,88,84,58,30,9,39
"COG4147",0,0,0,0,3,5,0,0,0,0,0,0,0,0,1,2,0,1,0,1,0,0,0,31,3,2,0,0,0,1,0,0,0,8,0,2,1,0,0,1,0,0,3,0,1,1,0,0,0,2,0,0,0,3,0,0,0,0,2,0
"COG4148",0,1,1,0,2,8,0,0,3,1,1,4,1,2,0,7,0,1,1,3,1,0,5,12,3,0,4,1,1,0,1,2,0,1,1,2,2,2,2,5,1,0,8,0,6,1,0,0,1,0,2,2,0,2,2,4,1,1,2,1
"COG4149",2,12,5,6,2,16,7,2,4,11,17,6,9,9,19,6,5,5,3,13,5,4,15,13,18,2,9,8,19,13,3,5,10,1,5,6,12,13,4,1,9,7,9,18,10,3,10,5,6,8,3,1,3,9,5,5,7,13,5,6
"COG4150",2,0,0,0,0,11,0,0,1,0,0,0,1,2,0,0,0,2,0,1,0,0,1,9,2,0,0,0,0,0,0,1,0,1,0,0,1,0,0,1,0,0,5,0,1,0,0,0,0,1,0,0,0,5,0,0,0,1,1,0
"COG4152",2,4,6,15,2,8,4,11,4,18,7,4,16,12,12,4,25,7,12,5,18,16,12,0,2,3,12,30,9,13,14,12,21,2,2,17,3,17,14,6,11,10,13,5,4,0,8,3,5,6,8,2,8,15,7,5,5,9,7,9
"COG4154",0,3,2,1,0,3,0,1,1,3,0,0,2,2,1,1,0,2,4,0,0,0,2,2,2,1,2,3,1,0,2,1,3,0,5,1,5,4,0,4,3,6,7,8,0,1,2,1,3,0,3,1,3,9,0,2,2,1,8,1
"COG4158",0,1,2,1,1,2,1,0,3,0,3,1,1,0,7,0,0,2,4,1,0,2,2,3,1,6,1,4,4,1,9,0,5,0,3,2,6,6,0,4,8,1,8,4,0,2,5,4,3,2,6,2,6,1,7,0,3,3,11,0
"COG4160",3,0,0,0,0,10,0,0,0,0,0,0,0,0,0,2,0,4,0,0,0,1,4,15,1,0,0,0,1,0,0,1,0,2,0,1,0,0,0,6,0,1,15,0,0,2,0,0,2,0,0,1,0,0,2,1,0,1,1,2
"COG4161",0,1,0,0,1,3,0,0,0,0,0,1,1,0,0,1,0,0,0,0,0,0,1,11,0,1,0,0,0,0,0,2,0,0,0,2,1,0,0,1,0,0,2,0,0,1,0,0,0,1,0,0,0,1,0,1,0,0,1,0
"COG4166",19,59,59,58,12,48,30,44,21,50,92,53,41,52,52,20,26,57,114,31,32,36,239,117,165,22,27,48,58,51,18,9,60,10,35,44,80,36,15,15,47,115,91,46,54,18,53,45,17,88,8,16,47,58,4,17,51,103,247,39
"COG4167",1,1,0,0,0,4,1,0,0,0,1,0,1,0,0,1,0,2,0,0,0,0,1,11,0,0,0,0,0,0,0,2,0,1,0,1,0,0,0,1,0,0,4,0,0,0,0,0,0,0,0,0,0,1,1,0,0,0,1,0
"COG4168",1,0,0,0,1,0,0,0,2,1,0,0,0,0,0,2,0,0,0,0,0,1,3,13,0,2,0,0,0,0,0,3,0,1,0,1,0,0,0,5,0,0,6,1,0,1,0,0,2,1,1,0,0,4,0,0,0,0,4,1
"COG4170",0,0,0,0,2,7,0,0,1,0,0,0,2,0,1,3,0,2,0,0,0,0,2,13,2,0,0,0,0,0,0,1,0,1,0,1,1,0,0,3,0,1,6,2,2,0,0,0,0,0,1,1,1,1,0,1,1,0,0,1
"COG4171",0,0,0,1,0,4,0,0,1,0,1,0,1,0,0,0,0,1,0,0,0,0,1,7,0,0,0,0,0,0,0,2,0,1,0,2,0,0,0,3,0,0,1,0,0,1,0,0,0,0,0,1,0,0,0,0,0,1,2,0
"COG4172",1,1,0,2,4,3,1,2,2,4,9,2,2,3,2,5,0,7,2,3,2,0,1,21,13,0,5,2,2,4,0,0,4,2,1,3,3,5,3,9,2,2,12,3,1,1,2,9,1,1,1,1,1,8,0,0,3,4,27,1
"COG4174",0,0,3,1,2,3,0,0,0,0,1,0,0,1,0,1,0,1,0,0,0,0,2,14,0,1,0,0,0,0,0,1,1,2,0,2,0,0,0,1,0,0,9,1,0,0,0,1,0,0,0,0,1,3,0,1,1,1,3,2
"COG4175",3,19,11,6,26,16,15,5,18,15,8,31,19,13,15,36,1,2,1,28,8,9,6,6,5,24,18,3,4,17,18,32,8,4,20,18,24,15,12,37,16,7,21,9,12,37,16,6,28,14,33,37,35,15,41,30,20,18,7,11
"COG4176",1,12,7,7,23,15,7,2,23,18,3,14,18,10,2,29,0,3,2,22,8,6,1,10,2,13,7,4,1,19,9,33,8,1,32,5,22,13,10,31,5,1,10,7,10,24,10,6,26,7,33,28,18,4,28,27,13,12,9,11
"COG4177",2,21,19,17,8,30,10,18,14,19,11,32,30,32,23,12,26,46,58,16,31,20,35,49,33,17,25,23,36,14,24,11,22,5,18,17,14,33,7,21,15,10,33,9,23,14,16,31,17,19,17,20,19,30,8,18,17,17,53,19
"COG4178",1,2,2,1,4,2,17,3,1,5,2,1,8,0,9,2,1,5,1,5,2,1,0,18,0,5,3,4,1,1,4,2,0,0,3,5,0,0,0,0,1,0,0,0,0,3,0,0,1,0,1,4,1,0,1,0,1,0,0,4
"COG4181",0,0,2,1,0,1,0,0,0,1,0,0,0,0,1,0,0,1,0,0,0,0,2,10,12,0,0,0,0,0,0,0,0,3,0,2,0,1,0,3,0,0,4,0,3,0,0,0,0,0,0,0,0,2,2,0,0,1,23,0
"COG4185",28,15,26,9,6,9,25,25,6,9,8,2,26,12,9,8,5,12,14,14,13,13,17,1,1,11,8,6,12,9,5,5,3,0,4,7,1,3,7,3,3,9,0,7,1,4,4,7,11,2,12,5,6,3,1,2,5,6,0,3
"COG4186",0,7,7,5,6,4,7,5,5,4,3,4,4,10,5,8,4,4,14,2,5,7,10,0,10,2,11,0,5,2,8,1,8,0,2,17,2,19,3,3,8,4,4,6,8,20,10,17,16,9,8,3,16,8,18,23,5,4,19,5
"COG4187",0,0,2,1,0,1,0,0,1,9,0,1,3,0,1,0,1,0,7,0,0,1,9,2,0,0,1,2,0,1,0,1,1,0,0,2,7,2,0,2,0,15,1,1,0,0,1,9,2,2,6,0,2,0,1,3,3,2,0,0
"COG4188",0,0,0,0,0,9,0,0,1,1,0,1,0,1,0,0,0,0,0,0,0,0,0,0,0,0,0,0,0,0,1,0,0,0,0,1,0,0,0,0,1,0,1,1,0,0,0,0,0,1,0,0,0,1,0,1,1,0,0,0
"COG4189",1,7,3,4,0,1,0,4,0,5,13,3,1,0,25,2,9,0,2,2,3,6,24,6,7,0,2,3,10,2,2,2,3,0,10,5,1,10,2,2,0,1,3,19,6,1,0,10,5,1,5,9,1,1,0,3,0,7,1,3
"COG4191",17,6,8,7,12,29,0,5,19,4,1,18,3,9,0,1,11,0,3,13,3,2,5,1,0,3,8,3,0,7,5,2,3,0,4,0,5,3,2,6,3,0,9,5,22,3,6,6,0,12,9,4,6,6,6,7,1,1,0,2
"COG4192",0,0,0,0,0,6,0,0,0,0,0,0,1,0,0,0,0,1,0,0,0,0,0,0,1,0,0,0,0,0,0,0,0,0,0,0,0,0,0,0,0,0,0,0,0,0,0,0,0,0,0,0,0,0,0,0,0,0,0,0
"COG4193",1,10,4,16,4,1,4,16,11,17,16,2,1,9,14,1,23,30,3,6,13,4,4,0,16,15,10,47,13,10,28,0,10,0,3,5,0,17,3,0,15,1,32,22,14,1,12,15,0,4,1,9,3,35,2,1,12,10,2,4
"COG4194",0,0,0,0,0,0,0,0,0,0,0,0,0,0,0,0,0,0,0,0,0,0,0,0,2,0,0,0,0,0,0,0,0,0,0,0,0,0,0,0,0,0,0,1,0,0,0,0,0,0,0,0,0,0,0,0,0,1,1,0
"COG4197",0,0,0,0,1,0,0,0,0,0,0,0,1,0,0,0,0,0,0,0,0,0,0,0,0,0,0,0,0,0,0,0,0,0,0,0,0,0,0,0,1,0,0,0,0,0,0,0,0,0,0,0,0,0,0,0,0,0,0,0
"COG4198",40,25,39,38,36,29,50,53,30,32,30,50,41,29,40,32,24,26,22,19,36,54,7,6,13,23,37,41,23,31,33,41,37,40,22,38,43,31,38,22,31,15,39,31,42,44,27,35,32,35,50,38,42,20,51,42,33,32,10,54
"COG4199",0,1,0,0,0,0,0,0,5,0,3,0,0,0,0,0,0,0,0,0,0,0,23,0,0,0,0,0,0,0,0,4,0,1,0,0,0,0,0,16,0,3,0,0,0,3,1,0,0,0,0,0,0,0,0,3,3,0,2,0
"COG4200",0,0,3,1,1,1,0,4,2,0,6,1,2,6,1,0,1,2,2,2,2,2,4,0,3,1,1,0,9,2,2,0,3,0,1,1,1,0,0,0,1,0,9,10,1,0,1,1,1,0,0,1,1,0,0,0,1,2,5,2
"COG4206",291,189,212,135,296,166,216,94,221,158,79,275,207,161,68,204,151,90,68,175,199,192,9,37,26,216,175,110,72,202,172,263,95,265,184,224,167,180,279,218,138,105,109,117,197,263,184,131,238,216,195,208,187,85,270,261,214,74,22,261
"COG4208",0,4,5,6,0,7,1,8,4,3,22,4,2,2,17,2,8,1,4,1,1,6,13,7,12,2,2,8,24,6,5,0,13,2,5,3,1,8,2,0,0,4,3,12,4,0,5,3,4,5,3,5,5,4,4,0,4,13,5,0
"COG4209",11,43,39,75,13,25,16,73,38,26,121,33,14,37,99,12,53,50,53,56,35,36,62,35,155,102,35,43,50,53,55,5,105,4,52,11,40,34,5,11,112,26,65,70,76,47,36,64,22,34,22,28,34,110,10,6,32,72,18,22
"COG4211",3,18,5,15,4,13,1,21,8,10,29,7,6,19,17,5,17,16,25,17,9,3,6,25,21,6,12,30,25,16,18,4,28,4,14,8,16,21,2,16,25,9,29,43,10,3,13,16,6,18,5,6,12,22,4,4,13,30,3,4
"COG4213",3,4,3,5,9,14,9,4,6,3,4,6,8,4,11,6,4,9,2,6,4,4,40,37,11,19,3,5,36,5,7,7,10,5,2,7,8,1,2,10,5,1,14,7,3,3,2,13,12,2,5,1,3,4,1,2,6,6,24,2
"COG4214",3,0,1,4,1,8,9,4,4,1,1,1,3,1,3,1,0,1,2,1,1,4,20,21,16,13,1,0,2,3,1,3,3,2,0,2,2,1,1,5,1,3,4,4,1,3,0,6,3,3,1,1,0,6,2,3,1,2,28,3
"COG4215",1,0,1,0,0,8,0,0,1,0,0,1,1,0,0,4,0,0,0,0,0,0,3,15,2,2,0,0,0,1,0,1,0,0,1,5,0,0,0,0,0,1,8,0,0,0,0,0,1,0,0,0,1,3,0,1,1,0,5,1
"COG4219",6,18,20,45,13,7,8,37,19,21,59,16,31,37,46,7,27,65,95,42,36,28,52,21,45,124,16,44,47,29,40,5,49,11,16,17,22,36,6,6,72,7,52,105,52,7,15,45,25,12,22,16,21,54,7,5,26,31,23,15
"COG4220",1,0,0,0,1,0,0,0,0,0,0,1,0,0,0,2,0,0,0,0,1,0,0,12,0,0,0,0,0,0,0,1,0,1,0,1,1,0,0,0,0,0,2,0,2,0,0,0,1,1,0,1,0,1,0,0,0,1,4,0
"COG4221",29,19,14,26,32,26,31,18,17,15,6,10,14,18,6,20,12,11,10,20,14,20,23,16,4,14,19,14,5,21,23,25,7,33,20,15,20,18,27,28,20,6,13,12,19,23,22,13,30,21,15,30,19,8,38,27,22,18,18,27
"COG4222",14,1,13,2,0,0,17,0,0,4,0,0,1,4,10,1,5,2,0,0,1,19,0,2,1,0,9,0,3,0,8,0,1,33,7,3,1,0,19,10,10,25,0,3,1,0,0,0,0,1,0,0,0,0,0,0,1,0,0,2
"COG4224",0,9,6,5,1,3,1,9,5,5,15,1,1,6,10,2,1,7,0,4,2,9,9,4,18,8,2,5,8,5,3,1,8,0,2,1,10,3,0,1,5,6,7,10,1,1,10,10,0,7,1,3,2,5,1,4,7,6,2,1
"COG4225",52,116,85,89,199,140,58,46,140,74,55,162,88,66,69,255,87,42,46,139,123,130,6,14,24,188,141,74,31,129,67,276,94,263,171,135,150,98,89,128,63,11,115,77,119,203,195,98,145,162,178,235,152,50,290,185,138,124,28,92
"COG4226",14,1,8,3,3,4,3,1,1,1,4,0,2,0,0,2,2,11,2,3,7,0,2,0,3,10,2,6,5,0,3,7,7,1,2,2,1,2,6,4,7,11,4,1,1,0,5,0,3,1,0,0,0,2,0,1,2,2,4,0
"COG4227",83,40,25,18,32,43,20,14,5,21,4,34,42,11,7,5,19,10,27,17,21,2,10,2,4,28,39,9,1,54,54,34,16,9,25,78,43,14,55,18,15,8,12,10,2,99,21,17,99,57,8,5,35,25,59,12,7,15,2,41
"COG4228",0,0,0,0,0,0,0,0,0,0,0,2,0,0,0,1,0,0,0,0,0,0,1,0,0,0,0,0,0,0,0,0,0,0,0,0,0,0,0,0,0,1,0,0,0,0,0,0,4,1,0,0,0,0,0,0,0,0,0,0
"COG4229",0,0,0,0,0,0,0,0,0,0,0,0,0,0,0,0,0,0,0,0,0,0,0,0,0,0,0,0,0,0,0,0,0,1,0,0,0,0,0,1,0,0,2,0,0,0,0,0,0,0,0,0,0,0,0,0,0,0,1,0
"COG4230",0,1,0,1,0,6,0,2,0,0,2,1,0,0,0,1,0,5,0,0,0,0,0,11,0,0,0,0,1,0,0,0,0,1,0,0,0,0,0,6,0,0,9,1,1,0,0,0,0,2,0,0,0,2,0,0,0,0,1,1
"COG4231",7,46,27,32,39,34,19,19,58,58,30,45,49,48,21,45,42,31,48,18,57,42,5,13,14,32,38,63,24,52,35,52,58,5,37,41,42,55,19,45,51,28,44,26,39,41,37,37,53,70,34,40,43,47,56,51,53,32,6,50
"COG4232",60,22,30,44,39,48,50,47,20,34,19,34,34,39,6,28,24,28,5,21,45,51,5,37,4,26,33,16,12,29,20,57,36,84,11,44,33,36,55,34,25,18,38,22,17,37,32,36,40,32,26,40,44,14,30,36,34,10,5,60
"COG4233",0,0,0,4,0,12,0,1,0,5,0,1,2,2,0,3,0,1,1,2,0,1,3,0,0,0,2,0,2,0,1,0,0,1,1,0,2,0,1,0,0,0,4,0,1,0,0,0,0,1,1,1,0,0,2,1,0,0,0,1
"COG4235",1,2,1,3,0,4,1,4,3,3,1,3,2,0,0,4,2,0,0,7,1,3,4,24,0,1,4,1,2,1,1,3,0,7,2,6,3,2,3,0,2,3,2,0,3,0,1,0,2,4,1,2,2,4,5,3,0,0,0,2
"COG4237",1,0,1,2,1,1,1,1,1,0,0,1,3,1,0,1,0,2,3,0,3,1,2,7,0,2,3,0,0,1,2,4,0,2,2,0,1,1,1,0,1,1,2,0,1,0,1,1,0,2,2,0,0,1,0,1,1,0,1,4
"COG4238",0,0,0,0,1,1,0,0,0,0,0,0,0,1,0,1,0,1,0,0,0,0,0,4,0,0,0,0,0,0,0,0,0,1,0,0,0,0,0,0,0,0,0,0,0,1,0,0,1,0,0,0,0,3,0,0,0,0,0,0
"COG4239",0,1,6,1,0,6,0,0,0,0,0,1,0,5,0,0,0,1,1,0,0,0,2,16,3,0,0,0,0,0,0,0,1,2,0,0,0,0,0,5,0,0,9,0,0,0,0,0,1,0,1,0,0,3,0,0,0,1,2,1
"COG4241",0,0,0,0,1,2,5,2,2,3,0,0,6,2,5,1,2,4,2,0,0,2,0,0,1,1,3,4,0,0,8,1,0,4,1,0,3,0,2,0,1,15,1,0,0,1,0,1,0,0,3,2,0,0,0,2,1,0,0,4
"COG4242",0,0,0,0,0,0,1,0,0,0,0,0,0,0,0,0,0,0,3,0,0,0,0,0,1,0,0,0,0,0,0,0,0,0,0,0,0,0,0,0,0,0,0,0,0,0,0,0,0,0,0,0,0,2,0,0,0,0,0,0
"COG4243",0,0,0,0,0,0,0,0,0,0,0,0,0,0,0,0,0,0,2,0,0,0,2,0,4,0,0,0,0,0,0,0,0,0,0,0,0,0,0,0,0,0,0,0,1,0,0,0,0,0,1,0,0,0,0,0,0,0,9,0
"COG4245",61,1,0,34,2,32,1,43,0,0,1,1,3,24,0,14,2,5,0,0,0,10,0,9,0,0,0,0,0,0,0,1,0,0,1,0,0,4,0,1,1,0,4,1,5,0,1,1,1,1,1,0,18,2,0,0,1,1,4,0
"COG4248",0,1,0,4,7,0,1,1,0,1,0,1,1,4,0,20,1,0,1,0,0,0,0,32,0,0,0,1,1,1,1,0,4,0,0,4,0,5,0,2,1,0,12,1,0,0,0,6,1,0,0,0,1,4,0,1,1,2,4,1
"COG4249",34,5,12,24,6,1,2,42,3,0,1,2,0,2,1,0,8,1,7,33,2,10,0,0,3,29,0,12,6,3,8,0,5,15,0,2,0,1,1,9,1,0,4,0,5,2,28,11,0,1,12,3,4,1,4,4,9,2,0,8
"COG4251",0,0,0,0,0,0,0,0,0,0,0,0,0,0,0,0,0,0,0,0,0,0,0,0,0,0,0,0,0,0,3,0,0,0,0,0,0,0,0,0,0,0,0,0,0,0,0,0,0,0,0,0,0,0,0,0,0,0,0,0
"COG4252",0,0,0,0,0,0,0,1,0,0,0,0,0,0,0,0,0,0,2,0,0,1,0,3,0,0,1,0,0,1,0,0,0,0,0,0,0,0,0,2,0,0,0,0,0,0,1,0,4,0,0,2,0,0,0,0,0,0,0,0
"COG4253",0,0,0,0,0,30,0,0,1,0,0,0,1,0,0,0,0,6,0,0,0,0,9,1,0,0,0,0,0,0,0,0,0,0,0,7,0,0,1,0,0,0,0,0,0,0,0,0,0,0,0,0,0,1,0,0,0,0,0,3
"COG4256",0,0,0,0,1,1,0,0,0,0,0,0,0,0,0,0,0,1,0,0,0,0,0,3,0,0,0,0,0,0,0,0,0,1,0,0,0,0,0,0,0,0,2,1,0,0,0,0,0,0,0,0,0,0,0,0,0,1,0,0
"COG4258",31,1,0,1,0,0,0,1,0,0,0,4,1,3,0,4,3,2,0,1,1,0,2,0,1,0,0,0,0,0,0,1,3,2,1,1,1,9,3,4,0,1,0,0,1,0,0,0,1,1,1,0,0,1,0,0,0,1,0,7
"COG4260",15,18,13,32,6,8,11,19,10,40,46,17,14,23,40,1,35,34,67,9,17,28,14,2,36,17,7,27,42,18,21,2,25,3,13,3,13,22,4,10,24,14,19,24,19,7,12,28,11,18,16,7,19,35,7,1,15,18,22,14
"COG4261",9,12,3,6,13,6,4,5,6,2,8,6,8,1,3,21,1,5,0,11,6,10,3,0,2,12,6,4,1,3,8,10,2,3,11,15,17,15,3,4,1,0,3,3,5,10,6,2,18,9,13,24,7,2,18,21,7,16,0,8
"COG4262",0,0,0,0,0,0,0,0,0,0,0,1,0,0,0,1,0,0,0,0,0,0,1,8,0,0,0,0,0,0,0,0,0,0,0,1,0,0,0,4,0,0,0,0,0,1,0,0,2,0,0,0,0,0,0,0,0,0,0,1
"COG4263",0,0,0,0,0,2,0,0,0,0,0,0,0,0,0,0,0,0,0,0,0,0,0,0,0,0,0,0,0,0,1,0,0,0,0,1,0,0,0,0,1,0,0,0,0,0,0,0,0,0,0,0,0,0,3,3,0,0,0,0
"COG4264",1,0,0,0,1,0,0,0,0,0,0,0,1,0,0,0,0,0,0,0,0,0,0,50,0,1,0,0,0,0,0,1,0,1,0,3,0,0,0,3,0,0,0,0,1,1,0,0,1,1,0,1,0,12,1,0,0,1,7,3
"COG4267",1,7,1,9,0,0,4,6,1,2,13,2,3,4,15,1,6,1,6,7,5,1,11,0,23,0,0,3,32,7,3,2,4,4,4,1,5,4,0,2,3,3,1,4,8,2,7,3,1,3,8,0,8,1,3,1,3,6,26,1
"COG4268",42,8,14,26,14,2,34,34,4,8,14,3,9,10,5,3,20,10,13,21,3,7,6,1,16,8,7,10,13,5,6,13,15,0,5,15,3,4,32,0,29,22,18,49,3,3,21,11,6,1,4,4,10,10,2,0,7,7,7,14
"COG4269",0,0,0,0,0,0,0,0,0,0,0,0,1,0,1,1,0,0,0,0,0,0,0,11,0,1,0,0,0,0,0,1,0,1,0,0,0,0,0,1,0,0,3,0,0,1,0,0,1,0,0,1,0,3,2,2,0,0,3,0
"COG4271",6,1,0,1,0,2,0,2,0,1,0,3,2,19,4,1,4,16,6,2,0,2,0,7,10,11,0,5,0,0,7,1,4,0,1,8,0,0,1,12,3,3,1,2,1,0,0,0,0,0,1,1,10,5,6,2,3,1,2,3
"COG4277",1,34,43,25,45,33,15,20,50,19,35,33,29,43,37,24,35,30,9,28,48,19,7,14,30,22,35,53,37,42,19,47,30,8,34,24,56,31,16,32,34,40,29,40,40,33,43,39,35,28,40,34,39,25,35,30,49,52,12,39
"COG4279",0,0,4,0,1,2,0,0,0,0,3,1,3,2,0,0,0,1,1,3,2,0,0,0,0,0,2,0,2,2,0,1,0,0,1,0,0,5,0,0,0,0,7,0,4,0,0,1,0,0,0,0,0,0,0,0,0,0,0,5
"COG4282",2,0,0,0,0,0,0,0,0,0,0,0,9,0,0,0,0,0,0,0,0,0,0,1,0,0,0,0,0,1,0,0,0,0,0,0,0,0,0,0,0,0,0,0,0,0,0,0,0,0,6,0,0,0,0,0,0,0,0,0
"COG4283",1,9,3,8,2,11,2,14,8,4,5,0,5,5,16,2,7,13,9,9,2,2,10,1,14,0,4,6,10,5,7,0,4,0,2,3,1,3,2,3,4,4,2,16,4,1,2,9,4,2,0,1,3,6,0,2,2,3,1,1
"COG4284",0,7,10,27,1,4,1,27,7,32,29,0,9,7,27,0,23,47,6,11,11,21,4,0,16,9,5,26,12,6,15,1,16,2,6,1,0,8,0,0,10,9,15,22,15,1,9,10,3,6,2,5,2,31,2,1,6,21,40,5
"COG4286",0,6,4,12,2,3,3,11,3,12,22,12,3,11,14,0,5,4,3,14,3,8,2,0,12,0,4,11,14,6,6,0,11,0,7,5,15,5,4,0,4,2,2,26,12,1,6,7,1,7,5,4,5,3,1,0,6,15,0,3
"COG4287",0,0,0,0,0,0,0,0,0,1,0,0,0,0,0,0,0,0,0,0,1,0,0,0,0,0,0,0,0,0,0,0,0,0,0,0,0,0,0,0,0,0,0,0,0,0,0,0,0,0,0,0,0,0,0,0,1,0,0,0
"COG4288",0,0,1,0,0,0,0,0,0,0,0,0,0,0,0,0,0,0,0,0,0,0,0,0,1,0,0,0,0,0,0,0,0,0,0,0,0,0,0,0,0,0,0,0,0,0,0,0,1,0,0,0,0,1,0,0,0,2,3,0
"COG4289",38,35,34,19,99,36,19,14,41,13,18,37,31,26,10,55,20,16,17,23,42,28,2,4,11,42,40,20,18,49,26,56,44,13,66,67,39,42,36,60,30,1,42,15,30,52,61,63,53,48,45,81,60,28,49,59,26,31,5,23
"COG4290",0,0,0,0,1,0,0,0,0,0,0,0,0,0,0,0,0,0,1,0,0,0,0,0,0,0,0,0,0,0,0,0,0,0,0,0,0,0,0,0,0,1,0,0,0,0,0,0,0,2,0,0,0,0,0,0,0,0,0,0
"COG4292",0,0,0,2,0,4,0,0,3,1,0,0,0,0,0,0,1,1,0,0,1,1,10,0,0,0,0,1,0,2,0,13,0,0,0,1,1,0,0,1,1,8,0,2,0,29,0,1,5,0,5,3,1,1,19,3,6,0,2,3
"COG4294",0,1,0,4,0,0,0,3,0,1,1,0,0,0,0,0,1,2,1,0,0,4,0,0,2,0,0,4,1,0,2,0,1,0,0,0,0,0,0,0,1,0,0,0,0,1,0,0,0,0,0,2,1,0,0,0,1,0,0,0
"COG4295",0,0,9,8,1,2,2,4,3,1,8,1,9,4,6,0,3,0,4,10,4,14,15,0,18,6,2,3,13,8,1,0,4,0,5,5,2,3,7,7,4,17,6,14,0,2,1,1,5,0,2,4,1,2,1,1,8,6,0,0
"COG4296",1,5,1,4,1,4,3,0,3,4,6,2,6,5,1,5,6,2,1,16,3,2,1,12,5,1,5,6,0,3,1,0,4,0,2,3,6,6,2,0,2,2,3,1,7,0,4,0,2,3,1,0,1,3,2,2,4,4,1,2
"COG4299",33,42,36,32,78,30,43,36,64,29,10,85,29,28,12,49,22,6,11,62,41,17,1,0,2,44,33,31,10,49,39,60,25,9,34,23,53,44,34,100,21,5,25,12,51,77,58,26,58,42,53,93,42,17,84,93,38,26,7,25
"COG4300",0,0,0,0,0,0,0,0,0,0,1,0,0,1,0,0,0,0,0,0,0,0,13,2,4,0,0,0,0,0,0,0,0,0,0,0,0,0,0,0,0,15,0,0,0,0,0,0,0,0,0,0,0,0,0,0,0,0,1,0
"COG4302",1,1,0,0,0,10,0,1,4,1,1,2,4,2,0,1,1,4,4,1,1,0,0,13,0,3,1,1,1,0,1,1,0,1,1,3,0,0,2,0,0,0,2,0,1,2,2,2,1,3,2,0,1,3,0,2,2,1,2,1
"COG4303",2,4,0,0,8,12,0,1,7,7,0,2,7,3,1,4,3,5,8,1,2,0,0,19,2,5,0,0,0,3,0,1,1,3,1,4,0,5,2,1,14,0,1,0,1,1,1,15,0,3,3,1,1,4,0,6,4,2,1,1
"COG4310",0,0,0,1,0,9,0,7,0,0,1,1,0,0,0,0,0,0,0,5,0,0,0,0,0,0,7,0,0,0,0,1,1,0,0,0,0,0,0,0,0,0,0,0,0,0,0,5,0,0,0,0,1,0,0,0,10,0,1,0
"COG4314",0,0,0,2,0,1,0,0,0,0,0,1,2,0,0,1,0,0,0,2,0,0,0,0,0,0,0,0,0,0,1,0,0,0,0,1,1,1,0,0,0,0,0,0,1,0,0,0,0,0,0,0,1,0,1,0,0,0,0,1
"COG4316",0,0,0,0,0,0,0,0,0,0,1,0,0,0,0,0,0,0,0,0,0,0,0,0,0,0,0,1,0,0,0,0,0,0,0,0,0,0,1,0,0,0,0,0,0,0,0,0,0,0,0,0,0,0,0,0,0,0,0,0
"COG4319",0,0,0,0,0,1,0,0,0,0,0,0,0,0,0,0,0,0,0,0,0,0,0,0,0,0,0,0,0,0,0,0,0,0,0,0,0,0,0,0,0,0,1,0,1,0,0,0,0,0,0,0,0,0,0,0,0,0,0,0
"COG4320",0,0,0,0,0,0,0,0,0,0,1,0,0,1,0,0,0,0,0,0,0,0,0,0,12,0,0,0,0,0,0,0,0,1,0,0,0,0,0,0,0,12,0,0,0,0,0,0,0,0,0,0,0,0,0,0,0,0,17,2
"COG4325",0,1,0,0,1,0,0,0,0,0,0,0,1,0,0,0,0,0,0,0,0,0,1,0,1,0,1,0,0,0,0,0,0,0,0,0,0,0,0,0,0,0,0,1,0,0,0,0,1,0,0,0,0,0,0,1,0,0,0,0
"COG4330",0,0,0,0,0,0,0,0,0,0,0,0,0,0,0,0,0,0,1,0,0,0,4,0,1,0,0,0,0,0,0,1,0,0,0,0,0,0,0,0,0,1,0,0,0,0,0,0,0,0,0,0,0,0,0,0,0,0,0,0
"COG4332",0,1,0,0,3,1,0,1,1,2,0,1,1,0,1,9,0,1,1,1,4,2,0,5,0,6,0,0,0,1,0,14,0,1,2,0,0,1,1,11,1,0,2,0,0,10,7,1,4,3,1,3,0,2,5,1,4,0,0,3
"COG4333",1,2,5,1,1,2,3,2,0,3,7,3,3,4,1,0,2,3,3,4,5,1,2,0,3,4,1,6,2,3,2,0,2,0,1,2,17,5,1,0,5,1,5,4,3,1,3,4,0,0,0,5,10,6,1,2,3,6,0,3
"COG4335",0,2,0,1,5,0,0,0,4,0,0,0,2,0,0,8,0,0,0,0,2,3,0,2,0,6,2,0,0,2,0,11,0,0,1,1,0,2,0,7,0,0,0,0,0,11,2,0,6,3,4,3,1,0,7,2,4,1,0,1
"COG4336",0,0,4,0,0,0,0,1,0,3,1,1,2,1,0,0,0,0,4,0,0,0,0,0,1,1,0,0,0,0,3,1,1,2,3,0,0,5,0,0,1,0,0,1,5,0,2,5,1,0,2,0,0,0,0,0,2,4,10,1
"COG4354",2,9,17,7,14,3,1,5,27,0,2,7,10,7,2,5,6,8,1,11,17,5,0,0,1,37,14,6,2,13,7,14,16,1,23,14,7,30,15,44,20,0,15,13,13,29,13,34,13,21,22,5,30,13,36,18,48,5,8,6
"COG4357",0,0,0,0,0,0,0,0,0,0,0,0,0,0,0,0,1,0,0,0,0,0,7,0,0,0,0,0,2,0,0,0,0,0,0,0,0,0,0,0,0,0,0,0,0,0,0,0,1,0,0,1,0,1,0,0,0,0,0,0
"COG4359",0,0,0,0,0,0,0,0,1,0,0,0,0,0,0,1,0,0,0,0,0,0,0,0,0,0,0,0,0,0,0,0,0,0,0,0,0,0,0,0,0,0,0,0,0,0,0,0,0,0,0,0,0,0,0,0,0,0,0,0
"COG4372",0,1,1,3,0,2,9,0,2,4,2,1,5,7,9,0,2,3,2,0,0,0,3,0,0,2,1,2,2,0,5,0,0,1,7,8,2,1,5,0,0,6,0,1,0,1,0,0,0,0,0,9,0,0,0,0,0,0,1,2
"COG4373",0,0,0,0,0,0,0,0,0,0,0,2,0,0,0,0,0,0,1,0,1,0,0,0,0,0,0,0,0,0,0,1,0,0,0,0,0,0,0,0,1,0,0,0,0,0,0,0,0,0,0,0,0,0,0,0,0,0,0,0
"COG4377",0,1,2,3,0,0,0,2,1,0,3,0,3,1,4,0,1,3,0,0,2,4,2,1,0,9,0,0,0,4,5,0,5,0,1,6,7,2,1,3,14,4,7,8,5,1,7,1,4,8,3,5,8,3,0,2,6,7,5,4
"COG4379",0,1,0,1,1,0,0,0,0,0,0,0,0,0,0,1,0,0,2,0,0,0,0,0,0,0,1,0,0,0,1,0,0,3,0,0,0,0,0,0,0,0,0,0,0,0,0,1,2,0,1,1,0,2,0,0,0,0,0,0
"COG4380",0,0,0,0,0,14,0,0,0,0,4,0,0,0,0,0,5,0,0,0,1,8,0,0,0,0,0,0,0,0,0,0,0,2,0,0,0,0,0,0,0,0,0,0,0,0,0,0,0,0,0,0,0,0,0,0,1,0,0,0
"COG4381",0,0,0,0,0,0,0,0,1,0,0,0,0,0,0,0,0,0,0,0,0,0,0,0,0,0,0,0,0,0,0,0,0,0,1,0,0,0,0,0,0,0,0,0,0,0,0,0,0,0,0,0,0,0,0,0,0,0,0,0
"COG4382",0,0,0,0,0,0,0,0,0,0,0,0,0,0,0,0,0,0,0,0,0,0,0,0,0,0,0,0,0,0,0,0,0,0,0,1,0,0,0,0,0,0,0,0,0,0,0,0,0,0,0,0,0,0,0,0,0,0,0,0
"COG4383",0,6,48,0,12,4,33,0,31,2,2,18,1,1,0,9,5,5,2,9,7,2,0,0,0,28,7,8,1,11,6,1,9,14,1,3,3,3,3,3,0,0,1,14,0,2,8,4,0,5,0,3,0,1,6,5,1,3,0,12
"COG4384",0,0,0,1,1,0,0,0,0,0,0,0,0,0,0,2,0,0,0,0,0,0,0,0,0,0,0,0,0,0,1,0,0,1,1,0,0,1,0,0,0,0,0,0,0,0,0,0,1,1,1,0,0,0,0,1,0,0,0,0
"COG4385",4,1,0,1,0,8,0,1,0,3,1,1,1,3,0,6,3,5,26,4,1,2,1,3,0,0,2,1,0,6,0,1,3,1,0,4,0,1,0,2,0,0,3,0,2,2,1,0,2,4,1,0,2,8,2,2,0,2,4,1
"COG4386",0,0,0,1,0,0,0,1,1,0,0,0,1,0,0,4,1,0,1,0,1,0,1,0,0,0,0,0,1,0,1,0,0,2,1,0,0,1,0,0,1,0,0,0,0,0,0,0,0,0,0,0,0,0,0,1,1,0,0,0
"COG4387",0,1,1,0,0,0,0,0,0,0,0,0,0,0,0,0,0,0,0,0,0,0,0,0,0,0,0,0,0,0,1,0,1,0,0,0,0,1,0,0,0,0,0,0,0,0,0,0,0,0,0,0,0,0,0,0,0,0,0,0
"COG4388",0,1,0,1,0,0,0,1,0,0,4,0,2,0,0,0,0,2,0,0,0,1,0,1,0,0,1,0,1,0,4,0,2,0,0,0,0,3,1,0,1,0,0,0,0,0,1,0,0,0,0,0,4,0,0,1,0,1,0,0
"COG4389",0,0,1,1,0,0,0,0,1,0,0,1,0,0,0,0,0,0,0,0,0,0,2,0,0,0,0,0,0,0,0,0,1,0,0,0,1,0,0,0,0,1,0,0,0,0,0,0,0,0,0,0,0,0,0,0,0,0,0,0
"COG4390",0,0,0,0,0,0,0,0,0,0,1,0,0,0,0,0,0,0,0,0,0,0,0,0,0,1,0,0,0,0,0,0,0,0,0,0,0,0,0,0,0,0,0,0,0,0,0,0,0,0,0,0,0,0,0,0,0,0,0,0
"COG4392",0,0,0,0,0,0,0,0,0,0,0,0,0,0,0,1,1,1,1,0,0,0,7,2,1,0,0,1,3,1,1,0,0,0,0,0,0,0,0,0,0,0,0,0,0,0,0,1,0,0,0,0,2,0,0,0,0,0,1,1
"COG4393",0,0,0,0,1,0,0,0,0,0,0,1,0,1,0,0,0,0,1,1,0,0,4,3,6,2,0,0,1,0,0,1,0,2,0,0,1,1,0,0,0,6,0,0,1,0,0,0,0,0,0,0,0,0,0,0,0,0,38,0
"COG4394",0,0,0,0,0,3,0,1,1,0,0,1,0,2,0,4,0,0,0,4,1,0,0,0,0,0,6,0,1,0,0,0,0,2,2,1,0,2,0,3,1,0,0,0,2,0,0,0,1,2,5,0,0,0,0,0,1,0,0,0
"COG4395",0,0,0,1,1,1,0,0,0,1,1,1,1,3,1,2,2,0,0,1,0,0,0,0,1,0,0,0,1,0,7,0,1,0,0,0,2,1,1,0,4,0,0,0,1,0,0,0,0,0,1,0,0,0,2,2,0,0,0,2
"COG4396",0,0,0,0,0,0,0,0,0,2,2,0,1,0,0,0,0,3,2,0,0,1,0,1,0,0,1,1,0,0,0,0,0,0,0,0,0,0,0,0,0,0,0,0,0,0,0,0,0,0,0,0,0,1,0,0,0,0,0,0
"COG4397",0,0,0,0,0,3,0,1,0,0,1,2,2,0,0,1,1,0,2,0,0,0,0,1,0,0,3,0,0,0,2,0,6,0,0,0,1,4,1,0,1,0,0,0,0,1,0,2,1,0,0,0,3,1,0,3,1,4,1,0
"COG4399",17,0,0,0,0,0,0,0,3,0,0,0,0,0,2,1,0,0,0,1,1,1,1,0,0,1,0,1,0,0,0,0,0,0,0,2,0,0,0,5,0,0,0,0,0,0,0,0,0,0,1,0,0,4,0,4,0,1,0,5
"COG4401",0,0,0,0,0,0,3,1,0,0,0,1,0,1,1,0,4,1,0,0,0,0,0,0,1,0,0,0,0,0,0,0,0,0,1,1,0,0,1,0,0,0,0,0,0,0,0,0,0,0,0,0,0,0,0,0,0,1,0,0
"COG4403",0,2,2,1,0,3,1,0,4,23,10,0,6,0,19,4,8,5,0,1,1,22,23,8,9,6,0,1,10,1,7,2,4,1,11,2,4,1,0,0,0,1,1,38,14,1,2,0,1,0,1,4,0,3,1,9,1,9,14,1
"COG4405",1,0,1,1,3,5,0,1,1,1,4,0,2,0,0,2,0,2,3,0,0,1,17,0,3,1,0,1,2,0,0,2,0,0,1,0,0,1,0,3,0,2,3,0,4,0,0,0,1,0,0,0,0,3,1,1,3,0,11,0
"COG4408",0,0,0,0,0,0,0,0,1,0,0,0,0,0,0,0,0,0,0,0,0,0,0,0,0,0,0,0,0,0,0,0,0,0,0,0,0,0,0,0,0,0,0,0,0,0,0,0,0,0,0,0,0,0,0,0,0,0,0,0
"COG4409",22,29,55,38,36,46,41,60,31,32,11,35,38,20,20,54,33,19,13,26,47,35,7,8,4,68,29,24,13,41,42,84,24,40,26,24,40,43,48,43,15,18,34,27,26,48,43,17,67,25,29,39,43,42,82,43,21,31,20,40
"COG4412",86,3,24,54,4,0,35,82,2,14,2,6,10,11,11,1,14,26,5,2,4,104,3,0,0,2,10,24,14,8,8,3,30,209,1,25,2,7,20,6,43,13,12,12,1,0,14,7,1,3,6,0,1,9,3,2,8,3,2,16
"COG4413",1,5,5,3,15,5,3,0,17,5,4,22,4,1,2,9,1,3,3,12,13,9,0,0,1,14,7,8,0,11,3,5,10,1,22,7,4,5,5,1,0,0,13,1,17,18,14,8,10,7,10,8,21,1,14,6,3,4,0,7
"COG4420",0,0,1,0,0,1,0,1,0,2,0,0,4,3,0,0,4,4,10,0,2,0,11,0,0,0,0,0,2,0,1,0,0,0,0,0,1,0,0,0,2,0,1,0,0,0,0,1,0,0,0,0,3,5,0,0,0,0,1,2
"COG4421",0,0,0,0,0,0,0,0,2,1,0,2,1,0,2,0,0,0,5,8,0,1,0,5,0,0,0,0,0,2,0,1,0,0,0,3,0,2,1,0,1,0,0,0,0,17,4,0,0,0,0,6,0,2,1,0,5,6,0,0
"COG4422",13,64,39,39,33,40,36,29,66,49,32,57,34,38,33,33,53,23,38,60,46,54,13,12,26,53,47,43,20,55,38,31,64,14,76,30,53,35,31,18,37,21,39,25,49,54,53,56,41,86,60,63,61,36,36,54,34,51,16,29
"COG4430",0,9,13,2,11,10,6,5,6,1,2,2,4,1,5,4,5,5,0,1,3,5,0,5,0,9,4,7,2,3,6,11,1,1,9,14,0,6,2,17,8,1,8,0,4,17,11,3,11,5,2,2,8,1,8,11,16,1,1,2
"COG4443",0,6,2,5,1,4,1,3,1,3,3,3,1,7,5,0,5,6,3,1,1,5,5,3,4,1,2,6,8,2,4,0,10,0,2,6,6,4,0,4,4,4,2,5,8,2,2,5,5,5,1,0,4,5,0,0,8,2,3,1
"COG4445",0,0,0,0,0,4,0,0,0,0,0,0,0,0,0,0,0,0,0,0,0,0,1,0,1,0,0,0,0,0,0,0,0,1,0,0,0,0,0,2,0,0,3,0,0,0,0,0,0,0,0,0,0,0,0,0,0,0,0,0
"COG4448",0,0,2,0,0,0,9,1,2,3,1,0,1,4,7,0,8,3,2,0,0,0,0,0,0,0,1,0,0,0,7,0,4,0,5,7,0,2,5,0,5,0,3,0,0,0,0,1,3,0,1,2,0,0,0,0,0,0,0,0
"COG4452",0,5,5,1,14,10,1,0,11,0,0,6,4,2,1,16,1,2,2,4,5,5,5,32,1,16,5,4,0,3,2,26,1,2,1,9,2,3,2,20,3,0,6,4,2,17,15,5,12,6,4,4,3,16,10,3,7,2,4,5
"COG4453",1,0,0,0,0,11,0,0,0,0,0,0,1,0,0,0,0,3,0,0,0,0,1,0,0,0,0,0,0,0,0,0,0,0,0,0,0,0,0,3,0,0,0,0,1,0,0,0,2,0,0,0,0,0,0,0,0,0,5,0
"COG4456",0,1,0,0,0,0,1,0,0,0,0,0,0,0,0,0,3,11,1,0,1,0,0,0,1,0,0,0,0,0,0,0,2,0,3,0,0,0,0,0,0,0,0,1,0,0,1,2,0,1,2,0,0,0,0,0,0,0,0,0
"COG4457",0,0,0,1,11,2,2,3,1,3,1,0,0,1,0,0,6,0,1,0,2,7,1,0,0,0,1,1,2,0,1,0,0,0,1,1,2,0,2,4,0,0,0,1,2,0,0,0,2,0,0,1,4,2,0,2,1,0,0,0
"COG4458",0,0,0,0,0,3,0,0,2,4,0,3,1,0,0,0,0,0,2,0,0,0,0,0,0,0,2,0,3,0,1,0,0,0,1,2,0,0,0,6,0,0,0,0,1,0,1,0,1,0,1,0,0,1,1,2,1,0,0,0
"COG4460",0,0,0,0,0,3,0,0,0,0,0,0,0,0,0,0,0,3,0,0,0,0,2,0,0,0,0,0,0,0,0,0,0,0,0,0,0,0,0,0,0,0,1,0,0,0,0,0,0,0,0,0,0,0,0,0,0,0,0,0
"COG4463",1,3,2,4,1,1,2,4,3,21,8,1,2,10,0,1,6,7,5,1,1,2,17,1,2,0,7,6,2,0,5,0,1,0,4,5,0,5,1,0,2,6,3,2,1,0,2,7,0,3,3,2,2,12,1,0,3,1,1,3
"COG4464",14,22,29,24,19,34,15,20,25,24,26,20,42,33,22,12,33,33,29,33,16,29,49,27,28,26,24,25,33,16,18,8,11,0,11,5,2,6,4,8,6,8,11,5,12,3,12,3,7,9,4,17,11,14,3,13,6,6,4,6
"COG4465",2,11,6,19,0,6,10,7,10,3,16,7,6,2,18,8,11,13,6,7,9,13,35,2,17,12,5,13,27,3,11,5,11,3,12,10,7,8,1,4,14,7,7,19,12,1,7,11,4,4,4,8,9,6,2,5,4,14,9,6
"COG4466",0,1,0,0,0,0,1,1,0,9,1,0,0,0,0,0,4,3,0,0,0,0,17,0,7,0,0,2,3,0,0,0,0,0,0,0,0,0,0,0,0,5,0,0,1,0,0,0,0,0,0,0,0,1,0,0,1,1,0,1
"COG4467",0,0,0,0,0,0,0,0,0,0,1,0,0,0,0,0,0,0,0,0,0,0,11,1,6,0,0,0,1,0,0,0,0,0,0,0,0,0,0,0,0,5,0,0,0,0,0,0,0,0,0,0,0,0,0,0,0,0,4,0
"COG4468",3,24,21,36,7,16,25,31,14,22,33,18,16,29,49,12,34,33,36,28,23,34,63,15,55,21,35,38,58,28,28,5,36,4,34,18,32,15,9,15,41,39,33,28,31,10,30,40,7,17,15,17,16,28,4,6,23,39,48,19
"COG4469",0,0,0,0,0,0,0,0,0,0,1,0,0,0,0,0,0,0,0,0,0,0,17,0,7,0,0,0,0,0,0,0,0,0,0,0,0,0,0,0,0,3,0,0,0,0,0,0,0,0,0,1,0,2,0,0,0,0,2,0
"COG4470",0,0,0,0,0,0,0,0,0,0,3,0,0,0,0,0,1,1,0,0,0,1,12,0,7,0,0,5,1,0,2,0,0,0,0,0,0,0,0,0,0,6,0,0,0,0,0,1,0,0,0,0,0,2,0,0,0,0,3,1
"COG4471",0,0,0,0,0,0,0,0,0,0,2,0,0,0,0,0,0,0,0,0,0,0,7,0,1,0,0,0,0,0,0,0,0,0,0,0,0,0,0,0,0,2,0,1,0,0,0,0,1,0,0,0,0,0,0,0,0,0,0,0
"COG4472",0,8,9,5,2,7,5,6,5,10,14,8,15,9,14,2,25,17,16,8,5,11,14,2,12,3,4,6,16,1,20,2,22,1,7,4,14,8,4,1,6,11,10,14,14,1,3,14,6,4,4,5,7,14,2,3,7,5,4,5
"COG4473",0,0,0,0,0,0,0,0,0,0,1,0,0,0,0,0,0,1,0,0,0,0,22,0,10,0,0,0,2,0,0,1,0,1,0,0,0,0,0,0,0,18,0,0,0,0,0,0,0,0,0,0,0,0,0,0,0,0,1,0
"COG4474",4,7,5,22,6,12,0,10,4,1,6,3,7,15,12,3,7,7,17,6,23,9,18,0,1,4,7,5,2,20,9,1,9,0,1,2,11,13,1,5,6,13,10,5,10,43,3,12,7,10,6,4,10,7,11,9,3,1,0,7
"COG4475",1,5,1,1,1,1,3,3,2,3,4,4,2,3,2,0,2,4,5,2,2,1,7,2,4,1,3,4,2,4,11,6,10,1,3,2,10,7,1,2,3,5,12,2,6,2,6,7,3,5,8,1,5,10,4,1,2,16,0,5
"COG4476",0,0,0,0,0,0,0,0,0,0,0,0,0,0,0,0,0,1,0,0,0,1,7,0,0,0,0,0,4,0,0,0,0,1,0,0,0,0,0,0,0,3,0,1,0,0,0,0,0,0,0,0,0,0,1,0,1,1,0,0
"COG4477",0,1,0,3,0,1,1,7,0,3,2,0,1,4,0,1,7,5,1,0,2,0,45,0,10,0,1,2,9,0,4,1,1,2,0,0,0,1,0,0,3,14,0,1,0,1,0,3,0,1,1,0,0,5,0,0,4,3,10,0
"COG4478",0,0,0,0,0,2,1,0,1,0,0,1,2,0,0,1,1,0,0,1,1,0,17,0,7,0,1,0,1,2,0,0,2,0,1,0,0,0,0,0,0,8,0,1,1,0,0,1,1,1,0,2,1,3,0,0,1,0,3,1
"COG4479",0,0,0,0,0,0,0,0,0,0,0,0,0,0,0,0,0,0,0,0,0,0,6,0,4,0,0,0,0,0,0,0,0,0,0,0,0,0,0,0,0,5,0,0,0,0,0,0,0,0,0,0,0,0,0,0,0,0,1,0
"COG4481",0,2,1,4,1,2,5,4,1,5,8,1,5,7,8,4,7,8,11,5,1,4,12,0,8,5,3,7,12,2,9,2,5,3,1,1,1,5,1,0,4,10,4,4,3,3,2,1,2,1,1,5,7,7,1,1,4,6,5,4
"COG4483",0,0,0,0,0,0,0,0,0,0,0,0,0,0,0,0,0,0,0,0,0,0,4,0,3,0,0,0,0,0,0,0,0,1,0,0,0,0,0,0,0,4,0,0,0,0,0,0,0,0,0,0,0,0,0,0,0,0,1,0
"COG4485",12,52,21,103,10,9,9,54,39,56,75,19,27,47,113,24,81,73,72,37,48,74,128,19,72,26,35,73,97,58,47,6,95,11,34,13,22,52,8,9,82,56,43,49,57,14,54,60,27,34,23,20,40,45,9,8,39,56,23,15
"COG4487",1,2,1,1,4,2,0,1,0,1,0,0,1,3,0,0,3,7,3,0,4,9,5,0,0,1,0,5,11,1,0,0,3,0,0,4,0,1,2,0,2,1,1,0,3,0,1,4,0,0,1,0,4,3,0,0,0,1,1,0
"COG4492",1,11,12,20,1,4,6,6,4,14,21,7,9,11,18,6,7,19,21,15,8,10,9,9,16,7,7,13,25,10,12,5,7,3,12,3,9,10,4,6,9,10,6,15,12,5,7,14,3,8,5,8,12,7,1,5,9,11,4,6
"COG4495",0,2,1,1,0,1,0,1,0,9,1,0,1,2,0,0,5,1,1,3,1,1,2,3,0,0,0,1,1,0,0,0,0,0,0,1,0,0,0,0,1,0,0,4,0,0,0,0,0,0,0,0,0,0,0,0,0,0,0,0
"COG4496",1,16,4,11,6,5,2,13,9,8,16,6,11,9,13,4,15,18,15,10,6,14,5,3,10,2,5,11,13,9,13,4,15,1,5,5,20,13,2,2,6,7,10,11,9,6,12,15,2,7,5,8,13,18,2,5,3,15,3,9
"COG4499",0,1,0,0,0,1,0,0,0,0,0,0,1,0,0,3,1,1,0,0,1,0,10,2,0,0,0,0,1,0,1,1,0,0,0,0,2,0,0,0,2,6,4,0,0,0,0,1,0,0,0,0,0,0,0,0,0,0,0,0
"COG4502",1,0,0,1,2,0,0,0,0,1,0,0,0,0,0,4,0,0,1,0,1,0,0,0,0,0,0,1,0,1,0,1,1,0,3,0,0,1,0,0,2,0,0,0,0,0,1,0,0,0,0,0,1,2,0,0,0,0,0,0
"COG4506",6,11,5,16,7,5,10,11,11,14,19,11,11,18,23,7,20,18,26,9,8,3,14,3,18,14,7,7,21,11,15,1,13,1,11,10,12,13,5,3,15,16,9,16,16,4,9,23,4,8,9,6,12,7,1,0,9,10,3,7
"COG4508",0,0,0,0,0,0,0,0,0,0,1,0,0,0,0,0,0,0,0,0,0,0,0,1,0,0,0,0,0,0,0,0,0,0,0,0,0,0,0,0,0,0,0,1,0,0,0,0,0,0,0,0,0,0,0,0,0,0,0,0
"COG4509",6,43,24,38,9,12,10,52,33,40,66,11,26,50,54,10,48,58,111,22,33,40,83,46,81,40,41,50,73,36,46,11,52,8,27,11,26,35,7,12,55,30,48,30,31,16,34,58,16,18,19,9,24,108,12,13,25,31,23,26
"COG4512",0,0,0,3,0,0,1,4,0,3,5,0,3,1,0,0,4,12,0,0,0,3,0,4,0,1,0,6,5,1,1,0,3,0,0,0,0,1,0,1,2,2,2,1,0,0,0,0,0,0,0,1,0,6,0,0,1,0,0,0
"COG4521",0,1,0,0,0,10,0,0,1,1,0,0,0,0,1,3,2,3,1,3,1,1,6,13,0,1,3,1,3,3,0,0,2,0,1,0,2,0,0,3,3,0,5,1,0,0,4,0,1,1,3,0,1,4,1,1,0,2,5,1
"COG4525",0,0,0,0,0,0,0,0,0,0,0,0,0,0,0,0,0,1,0,0,0,0,2,1,0,0,0,0,0,0,0,1,0,0,0,3,2,0,0,1,0,0,1,0,0,0,0,0,0,1,1,0,0,1,0,0,0,1,2,0
"COG4529",1,0,1,0,3,11,0,0,2,0,0,2,1,0,0,3,0,2,1,1,0,0,1,25,0,0,0,0,0,0,0,1,0,3,0,2,0,0,0,4,0,0,6,0,0,0,0,0,3,1,0,0,0,1,1,1,0,0,2,1
"COG4531",0,0,0,2,0,6,0,0,0,0,0,0,0,0,0,4,0,1,0,0,0,0,4,13,0,0,0,0,0,0,0,2,0,1,0,3,2,0,0,1,0,0,1,1,0,0,0,0,0,0,0,1,0,3,0,0,0,0,2,0
"COG4533",1,0,0,0,3,12,0,0,2,0,1,0,1,0,1,4,0,8,0,0,0,0,4,48,8,0,0,0,0,0,0,1,0,1,0,1,0,0,0,3,0,1,7,0,0,0,0,0,0,0,0,0,0,0,1,1,0,0,1,0
"COG4535",2,1,0,1,2,9,0,0,2,1,2,0,2,0,1,4,1,4,0,1,1,0,2,14,1,2,3,0,0,0,1,1,1,2,3,0,1,2,0,3,1,3,4,0,1,0,0,1,0,1,2,1,2,3,2,2,1,2,2,1
"COG4536",21,19,13,27,10,37,46,29,7,13,3,3,14,10,9,21,12,8,0,15,8,15,4,20,5,4,17,12,13,2,16,5,3,23,12,24,15,4,36,3,22,23,16,16,4,18,9,3,29,13,19,33,8,5,30,26,6,8,5,12
"COG4537",0,0,0,0,0,0,0,0,0,0,1,0,0,0,0,0,1,1,0,0,0,0,5,0,0,0,0,0,2,0,0,0,0,0,0,0,0,0,0,0,0,0,0,0,0,0,1,2,0,0,0,0,0,0,0,0,0,0,0,0
"COG4540",1,0,1,0,0,6,0,0,1,1,0,3,0,0,0,3,0,0,1,5,0,0,1,0,1,1,0,1,0,0,0,2,0,1,0,2,0,0,1,3,0,3,3,0,0,1,0,0,0,0,0,0,0,2,0,2,1,1,4,1
"COG4541",0,0,0,0,0,0,0,0,0,0,0,0,0,1,0,1,0,0,0,2,0,0,1,0,0,0,0,0,0,0,0,0,0,0,2,0,0,0,0,0,0,0,0,0,0,0,0,0,0,0,0,0,0,0,0,0,0,0,0,0
"COG4542",0,0,1,0,0,4,8,1,1,3,2,0,0,3,8,0,2,2,0,0,0,0,2,0,0,0,1,0,0,0,3,0,0,0,0,5,1,0,1,1,1,6,2,2,1,0,0,0,0,0,0,1,0,0,0,0,1,0,0,0
"COG4545",0,0,0,0,0,0,0,0,0,0,0,0,0,0,0,0,0,0,0,0,0,0,0,0,0,0,0,0,0,0,0,0,0,0,0,0,0,0,0,0,0,0,0,0,0,0,0,0,0,0,0,0,0,0,0,0,0,0,0,0
"COG4547",0,0,0,0,0,0,0,0,0,0,0,0,0,0,0,0,0,0,0,0,0,2,0,0,0,0,0,0,0,0,0,0,0,0,0,0,0,1,0,1,0,0,5,0,0,0,0,0,0,0,0,0,0,0,0,2,0,0,0,0
"COG4548",2,2,4,6,3,0,4,3,5,8,15,3,1,12,11,4,8,5,19,7,10,6,40,24,20,3,1,4,15,4,4,3,15,0,2,3,6,7,0,0,15,4,3,7,10,7,6,11,4,2,5,1,5,23,2,3,5,8,6,5
"COG4550",0,0,0,0,0,0,0,0,0,0,0,0,0,0,0,0,0,0,0,0,0,0,2,0,0,0,0,0,1,0,0,0,0,0,0,0,0,0,0,0,0,0,0,0,0,0,0,0,0,0,0,0,0,0,0,0,0,0,1,0
"COG4552",1,30,14,17,21,8,7,24,21,23,22,21,17,15,24,17,18,10,27,22,15,13,15,16,29,18,14,15,14,18,19,25,24,5,17,15,18,16,14,48,12,38,18,24,18,28,23,29,26,19,20,14,27,22,19,16,25,34,15,17
"COG4555",0,0,0,0,0,0,0,0,3,1,1,0,0,5,2,2,1,0,0,0,0,0,6,2,8,0,0,13,0,0,9,2,1,0,0,0,2,0,0,0,0,0,2,0,0,1,0,3,0,0,0,1,0,6,0,0,1,1,1,0
"COG4558",0,0,0,0,4,4,0,0,0,0,0,0,0,0,0,1,0,1,0,0,0,0,3,1,1,0,0,0,0,0,0,1,0,5,0,2,0,0,0,0,0,0,0,0,0,0,0,0,1,0,0,0,0,0,0,0,0,0,1,0
"COG4559",0,0,0,0,3,0,0,0,0,0,0,0,0,0,1,0,0,0,0,0,0,0,2,2,0,1,0,0,0,0,0,0,0,2,0,0,0,0,1,2,0,0,0,0,0,0,0,0,1,0,0,0,0,2,1,0,0,0,2,0
"COG4564",3,4,1,1,0,24,0,3,0,5,0,5,14,2,0,1,14,2,3,0,11,0,0,0,1,0,12,2,3,12,3,0,7,8,2,27,0,7,14,2,6,0,2,5,1,0,2,23,0,7,0,1,6,1,1,1,16,1,1,18
"COG4565",2,1,0,1,0,16,0,0,0,0,1,2,2,0,0,6,4,4,4,0,1,0,5,43,4,1,3,2,0,0,1,1,0,2,1,5,3,1,1,9,1,1,12,0,1,0,3,2,1,0,1,1,0,6,0,3,0,0,4,0
"COG4566",1,3,2,2,4,6,0,1,4,1,0,8,9,17,1,13,4,2,4,13,2,5,0,0,5,2,4,0,4,0,6,5,0,3,5,7,8,11,4,6,7,8,1,0,7,4,1,0,18,12,9,6,4,5,30,23,5,2,0,8
"COG4568",0,0,0,0,0,2,0,0,0,0,0,0,1,0,0,1,0,2,0,0,0,0,0,10,0,0,0,0,0,0,0,0,0,1,0,0,0,0,0,1,0,0,1,0,0,0,0,0,0,1,0,0,0,0,1,0,0,0,0,1
"COG4569",1,0,0,0,1,6,0,0,0,0,0,0,1,1,0,0,0,2,0,0,0,0,0,18,0,0,0,0,0,0,0,0,0,1,0,1,1,0,1,0,0,0,4,0,1,1,0,1,0,1,1,0,1,0,1,0,0,0,1,0
"COG4570",0,0,0,2,0,1,0,1,4,11,3,0,1,2,2,3,4,2,3,11,2,0,2,12,0,0,0,0,0,1,0,0,3,4,0,0,0,3,1,0,0,1,1,1,0,1,1,2,0,3,10,0,6,3,0,0,2,0,5,1
"COG4571",0,0,0,0,0,0,0,0,1,0,0,0,0,0,0,2,0,0,0,0,0,0,0,0,0,1,0,0,0,0,1,0,0,0,0,3,0,0,0,0,0,0,0,0,0,0,0,0,0,0,0,0,0,2,0,2,0,0,1,0
"COG4572",1,0,0,0,0,2,0,0,2,0,0,0,0,0,0,1,0,1,0,0,0,0,4,6,0,0,0,0,0,0,0,0,0,0,0,3,0,0,0,2,0,0,0,0,0,0,0,0,0,0,0,0,0,0,0,0,0,0,0,0
"COG4573",3,2,3,3,3,1,0,2,0,0,9,2,9,12,1,1,6,2,2,2,2,2,2,36,10,2,1,1,3,3,0,1,2,2,6,8,12,0,3,6,0,2,5,0,1,1,5,1,1,5,1,2,4,11,0,2,3,10,5,2
"COG4574",0,0,0,0,0,2,0,0,0,0,0,0,0,0,0,1,0,0,0,0,0,0,0,6,1,0,0,0,0,0,1,0,0,1,0,0,0,0,0,1,0,0,6,0,0,0,0,0,0,0,0,0,0,1,0,1,0,0,1,1
"COG4575",1,2,0,2,2,7,0,0,2,0,0,1,0,0,0,0,0,4,0,0,0,0,1,21,2,0,0,0,0,0,0,1,0,3,0,2,0,0,0,2,1,0,10,0,0,1,0,0,3,1,0,0,0,3,0,0,0,2,7,2
"COG4576",0,3,2,1,1,5,0,0,6,2,2,3,1,2,2,4,0,1,4,0,0,0,1,10,6,1,4,1,1,1,2,0,0,0,0,4,0,1,0,2,2,6,0,3,3,1,0,2,2,3,0,0,1,3,2,2,0,3,2,0
"COG4577",0,5,5,3,1,19,3,3,6,1,4,9,3,6,14,5,4,3,3,1,5,0,18,29,20,9,9,8,13,1,4,6,9,5,4,4,6,4,3,4,4,9,12,11,3,0,1,4,3,8,11,3,3,7,2,11,1,8,18,4
"COG4578",0,0,4,0,0,4,8,0,0,0,0,0,0,0,2,0,1,3,0,1,0,0,0,7,0,1,0,0,0,0,5,1,0,0,4,8,1,0,1,3,0,0,3,1,0,0,0,0,1,0,1,3,0,0,0,0,0,0,2,1
"COG4579",0,2,1,0,2,12,0,0,0,0,1,1,0,1,0,4,0,1,0,0,0,0,4,36,4,0,0,1,0,0,0,1,0,3,0,4,1,0,0,1,0,0,10,1,0,0,0,0,2,0,0,0,0,1,0,0,0,2,0,0
"COG4580",7,1,0,0,7,59,0,2,0,2,0,1,2,2,0,12,0,11,1,0,0,0,9,90,4,2,0,0,0,0,0,4,0,8,0,7,0,0,0,8,0,0,16,1,0,3,0,0,6,1,2,2,0,9,1,2,0,3,6,2
"COG4581",0,1,0,1,0,4,0,1,0,0,3,2,0,0,3,0,1,0,9,0,1,0,6,0,37,0,0,0,0,0,0,0,0,2,0,0,0,0,0,0,0,11,0,0,4,0,0,0,0,0,0,0,0,0,0,0,0,2,160,8
"COG4582",3,0,0,1,3,7,0,1,1,0,2,0,1,1,0,5,0,2,0,0,0,1,2,24,3,0,0,0,0,0,0,2,0,1,0,2,1,0,0,6,1,0,7,1,2,1,0,0,0,1,0,0,0,1,0,1,0,0,2,0
"COG4584",9,123,137,112,92,62,152,95,33,58,35,105,65,72,68,29,45,56,57,149,144,33,24,165,56,51,81,74,160,133,34,46,60,28,96,61,196,87,385,41,30,153,77,27,71,83,55,58,98,164,36,228,71,62,193,298,33,51,115,95
"COG4585",33,16,17,24,35,36,39,17,25,39,19,24,20,14,45,8,43,22,14,24,33,26,64,6,46,13,25,24,48,19,27,10,48,20,25,39,29,18,20,35,30,50,22,27,37,16,24,33,21,8,18,22,20,9,12,30,11,43,127,31
"COG4586",1,0,0,1,1,2,0,4,0,1,2,1,1,0,3,4,2,10,2,0,1,3,13,4,0,3,2,4,1,2,2,1,0,0,0,2,0,1,0,1,5,0,1,0,6,2,1,6,2,0,0,0,3,11,0,0,1,2,8,3
"COG4587",1,0,0,1,0,0,0,3,0,0,1,1,2,2,0,0,4,5,4,0,3,3,6,1,0,1,4,4,1,2,0,1,2,0,0,3,0,0,0,0,1,0,2,0,0,0,0,1,0,1,0,0,1,10,0,0,1,2,3,3
"COG4589",0,2,2,0,5,5,0,0,4,5,3,4,3,2,1,3,0,0,3,6,1,3,0,12,0,9,2,1,2,4,1,9,0,0,6,4,4,5,4,2,3,2,2,2,2,20,6,0,18,6,1,2,1,0,7,9,4,3,1,6
"COG4590",0,0,1,0,0,0,0,0,0,0,0,0,0,1,0,0,0,0,2,0,0,0,0,0,0,0,0,0,0,0,0,0,0,0,0,0,0,0,0,0,0,0,3,0,0,0,0,0,0,0,0,0,0,0,0,0,0,0,0,0
"COG4591",90,42,31,51,45,57,92,67,42,36,27,55,57,39,26,77,47,21,18,67,44,68,21,21,14,27,62,29,18,74,37,88,43,120,42,53,59,43,68,68,45,24,44,35,58,63,42,59,50,60,65,54,50,31,88,62,46,29,16,63
"COG4592",0,0,0,0,4,3,0,0,0,0,0,0,1,0,0,1,0,1,0,1,0,0,2,12,0,0,0,0,0,0,0,0,0,0,0,2,0,0,0,0,0,0,0,0,0,0,0,0,0,0,0,0,0,1,0,0,0,0,0,0
"COG4594",0,0,0,0,0,0,0,0,1,0,0,0,0,0,0,0,1,0,0,0,0,1,0,0,0,0,0,0,0,0,0,0,0,1,0,0,1,0,0,0,0,0,0,0,0,0,0,0,0,0,0,2,0,0,0,2,0,0,0,0
"COG4597",1,0,0,0,1,0,0,0,2,0,0,1,3,3,0,3,2,0,0,2,1,0,0,13,0,0,1,0,1,1,1,3,0,2,0,2,0,1,1,0,0,0,0,0,1,0,0,0,1,0,0,0,3,2,2,0,1,0,4,2
"COG4598",0,2,0,0,3,14,0,1,0,0,0,0,1,0,0,1,0,1,2,0,0,0,3,10,0,0,0,0,0,0,0,0,0,2,0,4,0,0,0,2,0,0,2,0,1,0,0,0,1,0,0,0,0,6,1,0,0,0,0,0
"COG4603",4,21,19,28,5,4,4,15,18,24,22,22,23,30,32,18,31,48,94,28,27,19,54,38,33,26,26,27,35,11,25,15,36,6,17,13,24,27,3,7,34,15,24,12,22,14,12,40,20,14,25,9,24,62,6,8,21,23,20,36
"COG4604",0,3,1,2,0,4,3,0,5,0,1,0,2,3,3,0,0,0,3,1,1,2,7,6,5,0,2,1,5,0,0,0,0,2,0,1,7,0,0,0,1,1,4,5,0,4,0,0,0,1,0,1,0,0,0,0,0,4,5,0
"COG4605",0,3,3,0,1,4,2,0,0,0,1,1,0,1,2,0,2,4,1,0,3,11,8,6,6,1,2,8,5,2,2,0,0,0,0,1,1,1,1,0,2,0,6,1,2,0,0,2,0,0,1,2,0,1,0,0,0,8,3,0
"COG4606",0,1,0,2,0,2,0,0,0,0,0,0,2,0,2,0,0,1,0,0,1,8,3,0,1,1,2,0,4,0,0,1,1,0,1,2,2,1,0,0,1,1,2,1,0,1,0,0,3,3,1,1,0,0,1,2,0,2,6,2
"COG4607",0,5,3,1,0,5,1,1,0,0,1,0,1,3,4,0,1,1,1,0,1,4,9,5,0,0,3,2,5,1,0,2,1,0,0,1,3,2,0,0,1,0,6,1,2,0,0,0,1,0,0,0,0,0,0,0,0,3,4,0
"COG4608",16,41,33,42,21,57,30,36,26,46,70,33,46,24,76,34,57,64,128,38,34,33,107,82,86,22,34,42,69,46,33,26,48,10,47,30,45,48,19,29,37,49,69,32,31,27,38,27,41,42,34,20,30,81,10,25,39,60,64,28
"COG4615",1,0,0,0,0,8,0,0,0,0,0,0,2,0,0,2,0,1,0,0,0,0,1,24,1,0,0,0,0,0,0,2,0,3,1,4,0,0,0,5,0,0,3,0,1,0,1,0,0,0,0,1,0,2,0,0,0,0,2,0
"COG4618",0,0,0,0,0,0,0,0,1,0,0,0,0,0,0,0,0,0,0,0,0,0,0,0,0,0,0,0,0,0,1,0,0,0,0,0,0,0,0,0,5,0,0,0,0,0,0,1,0,0,0,0,0,0,0,0,0,0,0,0
"COG4619",0,0,0,0,2,4,0,1,0,0,3,1,0,0,0,2,0,3,0,0,1,0,11,9,18,1,0,0,0,0,0,0,0,0,0,2,0,0,0,1,0,3,2,2,0,0,0,0,1,0,0,0,0,3,0,0,0,0,31,0
"COG4623",4,21,11,26,36,41,7,11,32,27,10,35,10,16,5,30,18,11,6,36,29,8,5,16,2,16,15,6,4,21,2,14,4,1,10,12,9,8,4,12,1,3,6,4,13,21,10,8,14,8,12,11,12,3,10,13,12,1,0,11
"COG4624",10,110,79,72,56,82,49,54,82,101,99,69,96,93,157,99,93,114,155,70,106,67,74,73,85,100,111,98,113,97,76,85,103,26,87,71,98,136,63,72,93,75,52,113,74,80,69,88,87,94,91,73,79,166,80,75,93,78,42,76
"COG4625",1,1,13,3,4,3,0,1,3,3,2,2,3,15,0,2,0,0,1,2,2,1,2,14,5,3,1,0,2,2,1,0,8,4,0,5,2,3,0,15,8,6,16,0,2,5,0,0,1,2,2,1,2,1,2,11,1,2,4,3
"COG4626",4,11,13,26,24,6,10,26,18,28,25,11,23,25,15,32,37,14,66,13,15,14,7,35,6,17,8,31,10,25,22,15,44,9,10,14,1,15,7,33,11,48,12,32,19,34,14,22,16,8,25,8,41,66,3,14,13,33,26,20
"COG4627",0,0,0,0,0,0,0,0,0,0,0,0,0,0,0,0,0,0,5,0,0,0,0,0,2,0,0,0,0,0,0,1,0,0,0,0,0,1,0,0,0,0,0,0,0,0,0,0,0,0,0,0,0,0,0,0,0,0,0,0
"COG4628",0,0,0,0,0,1,0,0,0,1,0,0,0,0,0,0,0,1,0,0,0,0,0,0,2,0,0,0,0,0,0,0,0,0,0,0,0,0,0,1,0,0,0,0,0,0,0,0,1,0,0,0,0,0,0,0,0,0,0,0
"COG4631",0,0,0,0,0,0,0,0,0,0,0,1,0,0,0,0,0,0,0,0,0,0,1,0,0,0,0,0,1,0,0,0,0,0,0,0,0,0,0,0,0,0,0,0,0,0,1,0,0,0,0,0,1,0,0,0,0,0,0,0
"COG4632",0,14,6,7,12,4,3,0,7,11,6,8,7,11,7,12,10,4,18,1,10,7,7,0,5,13,7,10,2,13,41,73,21,2,29,28,32,40,16,53,31,10,17,16,14,61,20,15,58,47,12,50,25,32,32,29,60,15,11,15
"COG4633",0,1,0,3,1,1,0,0,1,1,3,0,0,5,6,0,0,0,2,0,0,0,21,0,22,0,0,0,5,0,1,0,2,0,1,1,2,0,0,0,0,6,0,1,1,0,0,1,0,0,8,0,1,0,3,0,0,1,25,0
"COG4635",0,0,1,1,2,5,0,0,1,1,1,0,3,3,0,5,0,2,1,0,4,1,1,9,2,1,1,0,2,0,1,0,0,0,1,2,1,2,1,1,1,0,6,0,2,6,3,1,4,1,1,1,0,1,1,0,0,1,3,0
"COG4636",2,3,1,7,6,4,1,5,2,1,17,2,5,4,24,4,5,1,0,7,1,10,17,6,15,2,2,14,17,6,6,1,8,0,7,1,6,4,2,3,5,6,6,11,3,7,2,0,3,4,6,5,1,6,1,1,0,14,11,1
"COG4637",14,13,23,9,12,19,42,5,3,2,13,1,16,4,8,17,13,23,4,12,15,5,4,0,6,12,18,2,9,14,6,11,4,3,17,17,8,22,1,9,5,20,3,17,5,0,35,4,6,19,16,32,9,4,2,3,0,9,0,2
"COG4638",2,0,0,0,2,17,0,0,0,1,0,0,1,0,0,1,0,7,0,0,0,0,7,29,0,1,0,0,0,0,0,2,0,5,0,1,0,0,1,1,0,0,7,1,0,1,0,0,3,0,0,0,0,0,0,0,0,1,2,0
"COG4639",1,3,0,5,3,1,0,3,0,20,0,0,1,2,0,0,3,1,3,1,0,0,2,3,7,0,1,2,0,0,4,0,0,0,0,8,7,2,1,1,3,11,0,0,1,0,0,3,1,1,1,0,0,6,0,0,1,0,3,2
"COG4640",0,0,0,0,0,0,0,0,0,0,0,0,0,0,1,0,1,0,0,0,0,1,24,0,9,0,0,0,1,0,0,0,0,1,0,0,0,0,0,0,0,11,0,0,0,0,0,0,0,0,0,0,0,0,0,0,0,0,9,0
"COG4641",1,23,10,27,1,7,6,7,32,8,7,10,10,14,83,4,11,14,2,28,9,39,0,0,16,10,8,27,38,12,33,5,24,2,7,12,4,21,8,11,8,21,14,26,21,0,15,18,15,6,6,50,16,0,0,3,10,47,0,1
"COG4642",39,19,23,25,26,23,4,41,21,11,14,20,15,12,4,22,22,9,11,15,17,17,14,0,9,18,21,11,4,28,8,30,13,42,16,16,19,19,44,16,23,11,7,22,21,31,29,17,25,16,23,17,21,5,21,31,18,9,1,18
"COG4643",2,1,0,0,0,1,0,3,0,2,1,1,5,3,0,1,0,0,3,1,0,2,0,0,3,0,3,1,0,2,0,1,0,0,1,1,0,4,2,10,1,0,81,0,0,0,0,1,3,0,0,0,1,3,2,4,0,0,2,0
"COG4644",0,0,0,0,1,34,0,0,3,0,1,0,2,1,1,1,0,12,0,0,0,0,9,4,10,5,200,0,2,0,0,0,0,0,0,36,1,1,142,1,0,3,0,0,1,0,0,1,2,0,1,6,0,24,1,1,0,0,1,9
"COG4646",103,263,202,207,144,166,121,186,149,184,184,195,163,289,228,28,219,149,348,113,204,138,96,66,185,107,360,240,162,249,151,112,252,80,187,135,267,243,150,20,227,122,173,199,127,132,208,220,106,277,348,92,156,291,143,82,123,374,165,165
"COG4648",0,0,0,0,0,3,0,0,0,0,0,0,0,0,0,0,0,0,0,0,0,0,3,0,0,0,0,0,0,0,0,0,0,0,0,0,0,0,0,2,0,1,0,0,0,0,0,0,0,0,1,0,0,0,0,0,0,0,0,0
"COG4650",0,3,0,0,0,0,0,0,3,0,0,1,1,1,0,2,1,0,0,0,0,0,2,16,0,1,0,1,0,1,0,1,1,2,0,2,1,0,0,1,1,0,2,1,1,0,0,1,3,5,1,1,0,9,5,2,1,1,6,0
"COG4651",1,0,4,2,3,11,0,1,0,4,1,1,1,4,0,6,0,2,4,6,1,0,4,18,0,1,2,0,1,0,3,1,0,1,2,3,3,4,2,4,2,3,9,0,2,2,1,0,2,3,0,2,2,4,6,1,0,2,2,2
"COG4652",0,9,0,0,0,1,1,1,0,0,2,0,0,0,0,0,0,0,5,0,0,0,11,0,0,0,0,0,1,0,0,0,0,0,0,2,0,0,0,0,0,0,0,0,1,0,0,0,0,4,0,0,0,5,0,0,0,0,9,0
"COG4653",0,5,4,7,11,0,0,13,1,18,1,4,7,9,7,14,12,5,12,12,3,9,6,24,3,3,5,6,4,12,12,4,5,2,2,3,5,8,0,2,5,5,2,4,6,19,4,3,2,6,7,0,6,16,6,3,4,10,6,10
"COG4656",53,68,41,53,35,60,34,41,55,60,56,64,49,71,71,50,48,51,64,44,63,54,54,27,49,54,66,59,74,63,69,34,55,61,39,32,49,56,46,41,47,70,58,54,60,34,46,72,35,63,61,35,49,44,24,60,51,78,29,68
"COG4657",25,20,34,30,20,26,15,17,22,30,24,26,28,28,20,18,45,29,40,27,29,29,10,12,27,20,26,34,34,40,24,19,28,26,23,29,37,33,26,28,27,27,27,38,30,16,20,25,19,31,26,21,29,26,18,23,22,28,10,26
"COG4658",27,46,38,38,37,32,25,29,45,43,38,42,46,48,38,34,47,47,68,36,40,38,17,24,32,34,55,57,48,67,40,38,50,48,39,27,56,57,37,32,49,37,54,45,57,23,48,56,34,45,42,27,46,34,31,41,29,55,9,48
"COG4659",43,35,39,36,22,25,25,20,39,22,25,37,25,19,32,36,23,31,36,25,30,26,11,10,16,9,31,24,18,31,38,22,34,27,21,23,42,24,43,28,27,29,33,24,36,29,24,42,25,36,30,23,32,15,33,29,32,40,9,23
"COG4660",39,50,45,36,29,22,36,25,34,21,23,42,27,44,30,27,30,27,32,28,36,43,12,15,33,40,38,35,30,44,22,22,37,28,40,29,52,46,37,29,44,32,33,39,44,23,36,30,23,32,32,30,41,22,27,38,33,37,10,26
"COG4662",0,0,0,0,2,0,0,0,0,0,0,0,0,0,1,0,1,1,1,0,0,0,1,0,0,0,0,0,0,0,0,0,0,0,0,0,0,0,0,1,5,0,1,0,0,0,1,2,0,0,0,0,0,3,0,0,0,0,0,1
"COG4663",0,0,0,0,1,0,0,1,1,1,0,0,0,0,1,0,0,1,4,0,4,0,0,0,0,0,0,1,0,0,1,0,0,0,0,0,0,1,1,0,0,0,1,0,0,0,0,2,0,1,0,0,2,0,0,0,0,1,0,1
"COG4664",0,1,0,1,0,0,0,2,1,2,0,0,3,0,0,0,0,0,2,1,2,1,0,0,0,0,3,0,1,1,1,0,1,0,0,0,0,1,0,0,0,0,0,0,1,0,0,0,0,0,2,0,1,1,0,1,0,0,0,3
"COG4665",0,1,0,0,0,0,0,0,0,1,0,1,0,1,0,0,0,1,1,0,0,0,0,0,0,0,2,1,0,0,2,0,0,0,0,0,1,1,1,0,0,0,0,0,0,0,0,1,0,0,0,0,0,0,0,0,1,1,0,1
"COG4666",5,14,8,6,7,5,4,6,8,13,4,13,23,34,10,11,5,28,16,8,10,10,9,19,8,8,10,15,10,17,20,4,6,1,8,6,43,25,1,6,20,10,13,3,10,5,21,10,4,17,4,9,13,17,14,12,9,32,2,14
"COG4667",49,30,31,40,39,29,53,40,34,25,53,35,28,40,46,25,29,34,31,56,24,35,32,21,48,42,45,32,52,36,28,26,22,35,27,28,37,25,34,27,26,36,23,29,54,32,38,45,40,36,41,48,40,21,41,32,44,31,50,28
"COG4668",2,4,3,3,9,26,20,1,3,7,5,1,4,7,10,1,4,15,1,6,1,0,15,43,12,2,3,5,16,3,16,8,3,5,16,26,3,2,9,8,2,8,18,4,13,5,1,0,3,2,0,9,1,8,6,3,4,1,15,4
"COG4669",1,0,0,0,2,0,0,0,0,0,0,1,0,0,0,2,0,0,1,0,0,0,1,18,0,0,0,0,1,0,0,2,0,0,0,0,1,1,0,1,0,0,0,0,0,2,0,1,0,0,0,0,0,0,3,1,0,0,2,0
"COG4670",2,5,6,4,3,6,2,0,4,10,2,5,9,5,5,7,7,9,7,3,6,2,10,42,32,6,11,3,24,7,4,7,0,5,7,11,5,8,0,9,2,50,11,8,7,6,0,5,4,4,5,0,3,6,1,9,5,13,4,7
"COG4672",0,1,0,0,0,0,0,0,0,0,1,0,1,1,0,2,0,3,0,0,0,0,0,21,1,0,0,0,0,0,3,0,0,0,0,6,0,0,0,1,3,0,3,1,1,0,1,0,0,0,1,0,0,1,0,0,1,1,0,1
"COG4674",0,0,1,0,0,3,0,1,0,4,3,0,0,0,0,0,2,1,1,0,0,0,0,0,0,0,0,2,0,0,5,0,1,0,0,0,0,1,0,2,0,0,1,0,0,2,0,0,0,0,0,2,0,3,0,0,0,0,0,1
"COG4675",0,0,1,0,0,0,0,0,0,21,0,1,1,2,0,0,0,0,1,3,2,0,0,0,0,0,0,2,0,0,1,0,0,0,0,0,0,0,0,0,0,0,0,0,0,0,2,0,0,0,0,0,2,1,0,0,0,0,0,0
"COG4676",0,0,1,0,0,1,0,0,0,0,1,0,0,0,0,0,0,0,0,0,0,0,0,18,0,0,0,0,1,0,0,2,0,0,0,0,0,0,0,0,0,0,4,1,0,1,1,0,0,0,0,0,0,2,1,0,0,0,0,0
"COG4677",111,74,76,51,95,58,65,30,83,51,32,107,57,42,58,74,47,16,29,86,84,92,2,18,24,35,48,31,46,83,40,101,40,160,83,51,71,47,104,69,57,49,47,72,73,92,81,49,95,59,101,113,105,18,113,115,57,78,10,79
"COG4678",0,0,0,0,0,0,0,0,0,0,0,0,0,0,0,3,0,0,0,0,0,0,1,1,0,0,0,0,0,0,0,0,0,1,0,0,0,0,0,0,0,0,0,0,0,9,0,0,0,0,0,0,0,0,0,0,0,0,3,0
"COG4679",1,4,3,3,1,0,0,2,1,3,6,3,0,1,2,0,1,5,3,5,2,0,8,1,0,0,0,3,0,0,1,0,7,0,2,0,0,1,0,0,10,0,2,3,0,0,1,2,0,1,1,0,3,2,1,2,1,0,4,0
"COG4680",13,2,9,1,11,8,0,5,5,3,2,8,4,0,1,10,4,3,0,5,4,3,1,10,0,4,3,0,1,1,3,6,3,2,3,5,3,1,18,5,2,3,1,6,0,4,6,2,9,1,12,8,2,2,8,0,4,4,1,2
"COG4681",0,0,0,0,0,5,0,0,0,0,0,1,1,0,0,4,0,1,0,0,0,0,0,9,0,1,1,0,1,0,0,1,0,0,0,2,0,0,1,1,0,0,1,0,1,0,0,0,0,1,0,0,0,1,0,0,0,0,1,0
"COG4682",0,0,0,0,2,7,1,0,0,0,0,0,2,0,0,0,0,4,0,0,0,0,0,13,1,0,0,0,1,0,0,1,0,0,0,1,0,0,0,0,0,0,3,3,0,1,0,0,0,0,0,0,0,2,0,3,0,0,0,0
"COG4683",0,0,0,0,0,6,0,0,0,0,1,1,0,0,0,0,0,0,0,0,0,0,0,0,0,0,0,0,0,0,0,0,0,0,1,0,0,0,0,0,0,0,0,0,0,0,0,0,0,0,0,0,0,0,1,0,0,0,1,0
"COG4684",0,7,1,2,2,2,1,2,1,7,12,1,3,3,19,3,2,2,4,3,1,3,24,5,7,5,5,1,9,3,1,0,1,0,3,1,1,1,0,0,0,3,1,7,2,3,0,0,1,2,4,1,0,3,0,0,3,1,2,0
"COG4685",1,2,1,0,0,0,0,0,0,0,0,0,2,1,0,0,0,0,0,0,0,0,1,20,0,0,0,0,0,0,0,1,0,1,0,0,1,0,0,1,0,1,5,0,0,0,0,0,2,1,0,0,0,3,1,1,0,0,0,1
"COG4687",0,1,0,0,0,2,0,0,0,0,5,0,0,1,3,1,1,2,0,0,0,0,18,0,7,0,0,0,7,1,0,0,1,1,0,0,0,0,0,0,0,3,0,1,0,0,0,0,1,0,0,0,0,0,1,0,1,1,1,0
"COG4688",2,0,0,0,0,0,0,0,0,0,0,0,0,0,0,3,0,6,0,0,0,0,0,0,0,0,0,0,0,0,0,0,0,3,0,0,0,0,0,0,0,0,1,0,0,0,0,0,0,0,0,0,0,0,0,0,0,0,0,0
"COG4690",90,33,64,32,44,44,36,51,37,31,32,53,43,54,28,28,57,30,25,39,53,50,71,7,104,36,51,31,37,35,39,42,60,72,33,35,62,35,58,48,63,146,41,45,52,28,48,63,27,55,36,34,37,22,40,40,41,29,148,85
"COG4692",37,37,30,18,40,15,11,4,26,12,18,20,24,36,13,65,27,7,20,22,22,13,8,3,7,31,23,8,10,48,25,54,26,5,42,44,48,36,48,18,24,36,13,25,11,67,38,30,32,44,22,53,40,7,43,37,40,43,4,44
"COG4693",0,0,0,0,0,7,10,0,1,1,0,0,0,0,1,2,2,6,0,0,1,0,4,1,1,0,3,1,3,4,0,0,2,3,3,1,2,0,0,0,1,0,5,0,0,2,0,1,0,0,0,1,1,1,0,0,1,1,3,0
"COG4694",0,4,1,1,1,5,15,8,21,2,0,3,14,3,4,2,4,4,0,9,7,4,4,0,0,22,0,0,3,3,2,2,11,0,7,0,0,1,1,17,9,10,2,9,0,0,3,0,5,1,1,79,14,4,7,2,0,0,0,2
"COG4695",1,3,4,9,10,1,7,5,1,6,0,0,4,6,2,13,2,0,1,3,2,5,0,8,2,2,0,0,3,3,10,5,14,2,3,7,3,11,1,4,9,30,5,21,4,34,4,10,4,8,16,4,8,12,1,5,10,27,9,9
"COG4696",0,2,2,0,0,1,0,2,0,0,1,1,1,0,0,0,0,1,1,0,0,0,14,0,0,0,1,0,0,3,3,0,0,0,0,0,3,0,1,0,0,0,0,0,0,0,0,1,0,0,0,0,0,0,0,0,0,0,2,1
"COG4698",0,0,0,0,0,0,0,0,0,0,2,0,0,0,0,0,1,0,0,0,0,1,13,0,0,0,0,0,0,0,0,1,0,0,0,0,0,0,0,0,0,5,0,0,0,0,0,0,0,0,0,0,0,0,0,0,0,0,0,0
"COG4699",0,0,0,0,0,0,0,0,0,0,0,0,0,0,0,0,0,0,0,0,0,0,9,0,1,0,0,0,0,0,0,0,0,0,0,0,0,0,0,0,0,0,0,0,0,0,0,0,0,0,0,0,0,0,0,0,0,1,1,0
"COG4700",0,0,0,0,1,0,0,0,0,0,0,0,0,0,0,0,0,0,0,0,0,0,0,0,0,0,0,0,0,0,0,0,0,0,0,0,0,0,0,0,0,0,0,0,0,0,0,0,0,0,0,0,0,0,0,0,0,0,0,0
"COG4702",0,3,0,0,1,2,1,0,1,0,5,0,0,1,3,2,0,1,1,1,0,1,2,0,4,0,0,2,7,0,0,3,0,0,0,4,0,2,2,0,1,4,0,4,2,0,2,4,1,1,2,0,0,0,0,0,0,2,0,0
"COG4703",0,0,0,0,0,0,0,0,0,0,1,0,0,0,0,0,0,0,0,0,0,0,9,0,0,0,0,0,0,0,0,0,0,0,1,0,0,0,0,0,0,2,0,0,0,0,0,0,0,0,0,0,0,0,0,0,0,0,0,0
"COG4704",0,1,0,0,0,0,0,0,1,0,0,0,0,1,0,0,0,0,1,0,0,1,0,0,0,0,0,0,0,4,0,0,2,0,0,1,0,0,0,6,0,0,2,0,0,2,0,4,0,2,0,1,0,1,0,1,1,0,0,0
"COG4706",0,0,0,1,0,0,0,1,0,0,0,3,0,1,0,1,0,0,0,1,1,0,0,0,2,0,0,0,0,0,0,1,0,0,0,2,0,2,1,3,0,0,0,0,0,0,0,0,0,0,1,0,0,0,0,0,0,0,0,2
"COG4708",2,11,7,10,4,4,4,12,9,9,20,7,8,12,12,2,9,15,11,8,7,14,29,4,11,8,4,8,19,8,11,2,25,2,14,5,6,17,2,2,15,9,12,12,17,7,9,23,5,8,8,2,13,7,2,1,6,10,6,5
"COG4709",0,2,1,4,0,2,0,1,2,2,9,1,1,1,7,2,2,1,3,4,3,0,25,6,7,5,3,2,14,2,2,0,3,0,3,1,5,0,0,0,1,10,0,3,2,2,1,9,1,0,4,1,2,2,0,1,1,4,8,1
"COG4710",0,0,0,0,0,0,0,0,0,0,0,0,0,0,0,0,0,4,0,0,0,0,0,0,0,0,0,0,0,0,1,0,0,0,0,0,0,0,0,0,0,0,0,0,0,0,0,0,0,0,0,0,1,0,0,0,0,0,0,0
"COG4712",0,2,1,0,1,8,0,0,6,0,1,1,3,2,0,8,4,7,1,13,0,1,1,0,0,1,2,3,1,2,1,7,3,0,2,0,2,0,0,13,3,0,1,0,1,0,3,0,9,1,20,1,4,0,0,1,3,1,0,2
"COG4713",5,13,2,3,3,4,0,5,4,1,21,7,4,4,6,2,12,8,9,10,1,16,31,2,2,0,9,15,4,2,10,0,5,0,11,0,4,2,2,0,5,0,4,13,6,2,8,5,3,8,3,3,8,23,1,3,6,7,0,4
"COG4715",0,0,0,0,0,0,0,1,0,1,2,0,0,0,0,2,0,0,0,0,0,0,0,0,0,1,4,0,0,0,0,0,0,0,0,0,0,0,0,0,0,0,0,0,0,1,0,1,4,0,0,0,0,1,0,0,2,0,0,0
"COG4716",11,17,19,35,12,6,12,37,25,35,63,23,18,23,56,8,36,50,58,22,34,29,51,13,82,22,20,58,66,32,40,9,35,4,12,8,29,28,7,6,53,57,34,22,16,5,13,35,16,23,13,8,20,20,6,6,35,36,83,14
"COG4717",1,13,10,8,4,8,4,8,9,46,27,5,13,22,27,1,30,28,10,2,5,11,18,25,25,7,6,42,16,8,17,3,6,3,18,5,14,11,5,3,5,33,12,33,13,6,13,16,6,6,10,4,10,17,4,2,8,5,16,14
"COG4718",2,0,0,0,2,0,0,0,3,0,0,0,0,0,0,1,0,0,0,0,0,0,0,13,1,0,0,0,0,0,0,1,0,0,0,2,0,0,0,0,0,0,3,0,2,0,0,0,0,1,0,1,0,2,0,0,0,0,1,1
"COG4720",3,12,7,11,6,6,3,6,10,15,14,9,11,20,14,3,10,14,11,7,8,9,56,4,25,1,4,13,19,7,16,1,15,5,8,3,2,10,3,0,6,19,15,12,9,1,9,10,7,4,7,0,14,16,4,2,12,12,27,4
"COG4721",0,0,0,0,0,2,0,0,0,0,1,1,1,0,1,1,0,0,3,0,0,0,1,0,12,1,0,0,0,0,0,0,0,0,0,0,0,1,1,1,0,10,0,0,1,0,0,0,1,0,1,0,0,0,0,2,1,1,50,4
"COG4722",1,3,0,0,1,0,0,0,0,1,4,3,3,1,2,0,1,1,5,0,0,0,0,0,0,1,0,0,0,0,0,0,1,1,0,0,0,2,0,0,2,3,0,1,0,1,1,3,0,1,1,1,1,2,1,0,0,2,6,0
"COG4723",1,0,0,0,1,0,0,0,1,0,0,0,1,1,0,1,0,1,0,0,0,0,0,20,2,1,0,0,0,0,0,0,0,1,0,6,0,1,0,0,0,0,3,1,0,0,0,0,0,0,2,0,0,5,0,0,0,2,1,0
"COG4724",16,7,2,106,1,6,1,186,2,2,0,0,13,8,24,0,1,9,8,9,92,57,1,0,0,2,12,46,5,3,4,5,5,277,8,7,0,5,3,24,4,1,1,6,1,2,23,10,1,3,0,2,17,6,0,4,4,1,63,17
"COG4725",0,16,4,9,2,5,3,12,2,17,7,4,7,6,13,2,12,19,49,4,14,7,2,5,4,6,5,6,9,11,16,5,12,0,8,4,0,7,2,1,7,2,6,13,6,3,15,19,5,4,0,1,6,22,3,2,5,20,10,6
"COG4728",12,18,12,9,2,3,16,7,7,2,8,12,7,9,9,4,8,9,7,2,3,7,4,3,1,10,4,12,9,10,13,0,10,6,5,2,3,11,5,6,6,21,7,15,11,3,2,11,3,16,7,2,2,9,2,1,5,9,1,5
"COG4729",0,0,0,0,0,0,1,1,0,1,0,0,0,0,0,0,0,0,0,0,0,0,0,1,0,0,2,0,0,0,0,0,1,0,1,0,0,0,0,0,1,0,0,0,1,0,0,0,0,0,0,1,0,0,0,0,0,0,0,0
"COG4731",0,0,0,0,0,0,0,0,0,0,0,0,0,0,0,0,0,0,0,0,0,0,0,0,0,0,0,0,0,0,0,0,0,0,0,0,0,0,0,6,0,0,0,0,0,0,0,0,0,0,0,0,0,0,0,1,1,0,0,0
"COG4732",2,12,4,3,3,2,0,4,5,14,7,9,5,9,10,5,7,4,1,6,4,6,12,9,12,3,2,9,20,10,6,8,10,2,6,5,10,6,5,2,7,12,4,14,7,2,5,7,2,5,10,2,5,8,0,1,3,11,6,3
"COG4733",5,4,1,0,13,7,0,0,2,1,0,5,11,3,0,12,0,7,4,0,0,2,4,74,3,2,0,2,0,1,6,9,0,11,0,18,1,1,0,0,7,0,13,3,1,0,0,0,4,4,6,1,0,22,3,1,1,3,5,3
"COG4734",1,6,2,6,2,4,1,3,4,1,9,3,2,2,1,2,5,1,1,3,2,4,2,2,1,1,1,4,0,8,8,0,3,1,4,7,4,11,6,10,8,0,27,21,10,6,10,8,3,7,11,15,14,7,8,4,12,10,1,7
"COG4735",2,0,2,1,3,6,0,1,0,5,4,1,4,2,0,0,0,1,1,1,2,0,0,8,1,2,1,1,0,1,7,2,1,1,0,6,0,0,3,5,1,0,9,0,0,0,0,1,11,2,0,0,4,2,1,1,4,0,1,2
"COG4737",0,0,0,1,2,0,0,0,1,0,0,0,0,1,0,0,0,1,0,0,0,0,0,0,0,0,0,0,0,0,0,2,0,1,0,0,0,0,0,0,0,0,1,1,0,0,0,0,0,1,0,0,0,0,0,0,0,0,0,0
"COG4739",0,12,8,8,20,15,10,3,19,5,2,12,10,6,2,9,11,1,7,16,17,4,0,0,1,19,6,3,0,9,6,9,14,2,18,14,13,7,9,14,4,0,16,3,17,12,10,17,12,23,17,19,13,6,14,18,11,10,0,14
"COG4744",11,10,9,6,9,4,11,3,7,4,4,5,7,10,5,6,1,6,1,3,7,6,0,0,2,10,8,2,2,4,5,4,1,0,10,8,1,8,9,10,6,6,3,7,4,9,6,7,10,14,7,6,7,3,6,21,14,8,1,2
"COG4747",1,22,15,17,14,36,10,12,19,10,11,11,15,10,11,22,20,20,15,18,25,16,4,5,5,32,15,8,9,16,15,17,13,3,18,12,18,10,7,18,11,11,13,11,22,19,17,26,24,15,19,26,22,17,25,27,9,20,5,18
"COG4748",0,15,8,0,0,0,0,3,7,8,1,14,6,1,7,0,2,1,1,0,3,1,2,0,1,14,0,0,3,9,2,0,3,39,4,15,0,1,0,1,4,0,0,2,26,0,4,6,0,9,0,0,8,2,1,0,12,3,1,2
"COG4750",6,33,18,11,9,8,8,15,22,7,35,16,4,14,36,29,9,17,15,45,16,33,18,8,56,21,8,12,30,10,22,8,32,4,12,8,12,20,3,25,18,19,17,52,16,20,34,17,32,27,30,10,26,12,9,12,4,39,8,5
"COG4752",0,0,0,0,0,3,0,0,1,3,1,1,4,0,0,1,0,3,2,1,0,1,3,0,0,1,4,3,0,0,2,1,0,0,2,0,0,1,3,2,1,3,1,0,2,0,1,0,2,2,2,2,0,0,1,2,0,2,0,4
"COG4753",123,341,132,349,526,204,159,281,316,264,299,339,222,184,362,487,214,246,219,451,301,289,362,251,331,622,285,267,296,335,234,490,334,173,329,273,392,327,169,463,299,107,248,350,392,632,465,417,445,324,336,316,386,257,444,366,390,339,193,315
"COG4757",0,0,0,0,0,5,0,0,0,0,0,0,0,0,0,0,0,0,0,0,0,0,0,0,0,0,0,0,0,0,0,0,0,0,0,0,0,0,0,1,0,0,0,0,0,0,0,0,0,0,0,0,0,0,0,0,0,0,0,0
"COG4758",0,0,0,1,0,0,0,0,0,0,0,0,0,0,0,0,0,0,0,0,0,0,12,0,0,0,0,0,0,0,0,0,0,0,0,0,0,0,0,0,0,0,0,0,1,0,0,0,0,0,0,0,0,0,0,0,0,0,0,1
"COG4760",0,0,0,0,0,0,3,0,0,0,0,0,0,0,0,0,0,0,0,0,0,1,0,0,0,0,3,0,0,0,4,0,0,0,1,1,0,0,1,0,0,0,0,0,0,2,0,0,0,0,0,2,0,0,0,0,0,0,0,1
"COG4763",1,1,4,0,0,0,0,0,0,0,0,0,2,0,0,2,0,2,0,0,1,0,3,10,1,0,0,0,0,1,3,2,0,0,0,5,0,3,2,2,3,0,2,0,0,0,0,0,0,1,4,0,0,4,1,0,0,0,0,0
"COG4766",1,0,0,0,1,4,0,1,0,0,1,1,0,0,1,4,0,0,2,1,0,0,0,6,0,0,0,0,0,0,0,2,0,0,0,1,0,0,1,1,2,0,4,2,1,1,0,0,0,1,1,0,0,5,0,2,0,0,3,0
"COG4767",8,19,8,17,7,6,7,39,13,15,33,11,12,17,23,4,22,31,9,12,10,27,29,14,48,11,13,21,21,23,15,5,29,3,18,9,9,23,1,5,18,17,12,28,9,4,14,12,13,9,8,9,18,24,3,2,17,27,19,5
"COG4768",0,0,0,0,0,0,0,0,0,0,0,0,0,0,0,0,0,0,0,0,0,0,4,0,1,0,0,0,0,0,0,0,0,1,0,0,0,0,0,0,0,9,0,0,0,0,0,0,0,0,0,0,0,0,0,0,0,0,2,0
"COG4769",1,12,7,17,2,2,7,14,8,18,18,10,10,12,14,2,14,13,15,14,14,10,3,11,15,6,14,13,25,13,18,2,19,4,12,2,6,12,3,3,15,17,10,17,10,1,5,21,5,11,8,8,15,13,1,5,8,15,3,5
"COG4770",0,1,0,2,0,0,0,0,0,0,1,4,0,0,1,0,0,0,4,8,2,0,3,0,22,0,0,1,0,0,0,0,5,0,1,0,0,1,0,0,0,7,0,0,7,0,1,2,0,1,2,0,0,3,0,0,1,2,82,0
"COG4771",77,119,106,109,247,163,141,138,217,135,64,225,122,70,54,185,48,58,34,144,161,133,33,22,14,147,152,117,33,117,32,74,24,64,59,41,45,41,35,74,19,8,35,21,55,75,70,24,51,64,66,70,43,35,50,88,44,49,17,41
"COG4772",0,2,0,1,1,18,0,2,7,0,1,2,1,0,0,7,0,3,0,4,0,0,0,0,0,3,0,0,0,3,0,0,0,0,0,2,0,0,0,4,0,0,0,0,0,7,0,0,2,0,0,1,0,0,0,0,0,4,1,1
"COG4773",0,0,0,0,1,0,0,0,0,0,0,1,4,0,0,2,0,0,0,0,1,0,0,26,1,2,0,0,0,0,0,0,0,1,0,6,1,0,0,8,0,0,9,1,1,0,0,0,1,0,0,0,0,1,0,0,0,0,3,0
"COG4774",1,0,0,0,4,8,0,0,0,1,1,0,0,0,0,1,0,5,0,0,0,0,0,23,0,1,0,1,0,0,0,0,0,4,0,2,0,0,0,0,0,1,9,0,0,2,0,0,1,2,0,0,0,3,0,1,0,1,3,0
"COG4775",160,55,83,52,56,90,112,56,67,56,24,68,56,62,14,41,44,48,20,47,78,87,14,50,7,56,74,39,31,44,56,67,55,133,59,95,58,50,117,88,49,38,53,39,61,61,54,31,50,58,68,76,67,32,76,72,58,32,10,82
"COG4776",0,0,0,2,2,4,0,0,0,0,1,1,0,0,1,0,0,0,0,0,0,0,4,2,0,0,0,0,0,0,0,0,0,0,0,0,2,0,0,5,0,0,0,0,0,0,0,0,3,0,0,1,0,1,0,0,0,0,1,0
"COG4778",0,0,0,1,0,5,0,0,1,1,1,0,3,0,0,3,0,2,1,1,3,1,3,9,1,0,2,2,0,1,0,1,0,2,0,0,0,0,0,3,1,0,3,0,0,2,0,2,0,2,1,1,0,3,0,1,0,0,3,2
"COG4779",0,0,0,0,2,5,0,0,1,0,1,0,0,0,0,1,0,1,1,0,0,0,2,14,0,1,0,0,0,0,0,0,0,1,0,1,0,0,0,2,0,0,1,0,0,0,0,0,0,1,0,0,0,0,0,0,0,0,0,0
"COG4781",0,0,0,0,0,0,0,0,0,0,0,0,0,0,0,0,0,0,0,0,0,0,7,0,9,0,0,0,0,0,0,1,0,0,0,0,0,0,0,0,0,18,0,0,0,0,0,0,0,0,0,0,0,0,0,0,0,0,8,0
"COG4783",2,2,2,2,2,4,14,0,4,8,5,3,6,8,8,4,5,1,4,2,1,5,9,33,0,2,7,4,2,2,4,2,3,2,10,9,5,2,2,6,4,8,8,3,3,2,1,2,2,2,6,8,4,6,4,7,1,2,1,8
"COG4784",1,4,6,1,4,3,2,0,3,1,0,3,2,4,0,7,4,1,1,3,5,0,0,0,2,7,4,5,1,0,2,6,4,0,1,12,0,13,20,15,6,0,5,8,4,5,16,2,9,5,6,0,2,0,6,2,4,7,1,10
"COG4785",0,0,0,1,0,5,1,1,1,0,0,0,1,0,0,0,0,4,0,0,0,1,1,3,0,0,0,0,1,0,0,1,0,1,0,5,1,0,0,1,0,0,0,0,0,0,0,0,0,0,0,0,1,0,0,1,0,0,1,0
"COG4786",5,11,10,28,10,3,9,15,15,4,13,6,8,11,38,11,10,12,1,13,18,18,1,28,23,33,12,33,28,11,18,9,26,3,16,2,6,15,5,5,18,5,20,38,14,4,19,25,8,3,9,9,11,11,3,7,9,26,1,5
"COG4787",0,0,0,0,0,0,0,0,0,0,0,0,0,0,0,1,0,0,0,0,0,0,0,12,0,0,0,0,0,0,0,3,0,0,0,0,0,0,0,4,0,0,3,0,0,1,0,0,1,0,0,0,0,2,0,0,0,0,0,0
"COG4789",2,0,0,0,7,1,1,0,1,1,0,0,1,1,0,3,0,0,0,0,0,0,0,41,0,0,1,0,0,0,1,8,0,1,0,2,0,0,1,1,2,0,0,0,0,5,0,0,1,1,0,0,0,0,2,1,1,0,2,0
"COG4790",2,1,1,0,1,2,0,0,0,0,0,0,0,1,0,0,0,0,1,0,0,1,0,15,0,1,0,0,0,0,0,2,0,1,0,0,0,0,0,1,0,0,0,1,0,0,0,0,0,0,0,0,0,0,2,1,0,0,3,0
"COG4791",0,2,0,0,0,0,0,0,0,2,0,1,0,1,0,0,0,0,0,0,0,0,0,16,0,0,0,0,0,0,0,1,0,1,2,1,0,0,0,2,0,0,1,0,0,2,0,0,2,0,2,0,0,0,0,0,0,0,2,0
"COG4792",0,0,0,0,0,0,0,0,0,0,0,0,0,0,0,0,1,0,0,0,0,0,0,0,0,0,2,0,0,0,1,0,0,0,0,0,0,0,0,1,0,0,1,0,1,0,0,0,0,1,0,0,0,0,0,0,0,0,0,1
"COG4794",0,0,0,0,0,0,0,0,1,0,0,0,0,0,0,0,0,0,0,0,0,0,0,2,0,0,0,0,0,0,0,0,0,1,1,0,0,0,0,0,0,0,0,1,0,0,0,0,1,0,0,0,0,0,0,0,0,0,0,0
"COG4795",0,0,0,0,1,4,0,1,0,0,0,0,0,1,0,1,0,0,0,0,0,0,1,28,2,1,0,0,1,0,0,2,0,3,0,2,3,1,0,3,1,0,6,0,0,0,0,0,0,0,0,0,0,5,1,1,0,0,3,1
"COG4796",0,2,1,0,4,7,8,0,6,6,6,1,3,4,3,6,4,7,4,2,0,3,12,31,1,3,7,4,1,0,5,4,1,4,9,6,5,1,8,3,2,10,8,1,1,3,0,0,6,6,4,2,0,2,1,1,3,1,4,3
"COG4797",0,0,0,0,0,0,0,0,0,0,0,0,0,0,0,0,0,0,0,0,0,0,5,0,0,0,0,0,0,0,0,0,0,0,0,0,0,0,0,0,0,0,0,0,0,0,1,0,0,0,0,0,0,0,0,0,0,0,1,0
"COG4799",70,105,92,75,109,70,74,52,116,72,72,99,88,71,82,127,70,46,64,87,119,78,22,19,61,114,109,91,59,99,88,78,68,77,107,71,101,86,103,95,55,72,63,71,58,98,100,57,100,134,105,96,82,61,94,116,104,97,36,101
"COG4803",0,0,0,0,0,0,0,0,0,0,0,0,0,0,0,0,0,0,0,0,0,0,0,0,0,0,0,0,0,0,1,0,0,0,0,0,0,0,0,0,0,1,0,0,0,0,0,1,0,1,0,0,0,0,0,0,0,0,0,0
"COG4804",226,87,76,115,113,51,340,166,80,56,63,98,90,55,56,96,80,79,49,113,63,78,16,39,27,96,90,36,31,79,129,86,84,174,95,101,99,79,90,47,86,90,57,138,105,101,68,56,96,83,69,103,61,58,63,142,76,86,27,72
"COG4805",1,28,13,17,4,6,6,12,17,8,39,5,16,11,71,14,20,12,16,19,11,28,25,14,45,46,17,32,45,23,18,5,25,5,14,6,21,21,4,8,20,18,13,27,18,3,19,14,6,7,15,8,20,14,9,5,11,32,9,5
"COG4806",38,27,24,20,50,56,31,15,24,15,15,37,29,33,19,41,26,21,22,31,27,33,3,14,25,27,37,11,8,18,15,36,15,55,32,50,25,33,32,34,20,7,20,18,35,33,24,24,25,35,46,38,19,18,48,43,24,30,13,39
"COG4807",0,0,0,0,1,6,1,0,0,0,0,0,0,1,0,0,0,0,0,0,0,0,2,3,1,1,1,0,0,0,0,0,0,0,0,1,0,0,1,2,0,0,0,0,0,1,0,0,0,0,0,0,0,1,0,0,0,0,1,0
"COG4808",1,0,0,0,1,0,0,0,0,0,0,0,0,0,0,1,0,1,0,0,0,0,5,7,0,0,0,0,0,0,0,1,0,1,0,2,0,0,0,1,0,0,0,1,0,0,0,0,1,0,0,1,0,1,1,0,0,1,0,0
"COG4809",0,0,0,2,0,1,0,0,0,0,0,0,0,1,0,0,0,0,0,0,0,0,0,0,0,0,0,0,0,0,0,0,2,0,0,0,0,0,0,0,0,0,0,0,0,0,0,0,0,0,0,0,0,0,0,0,0,0,0,0
"COG4810",0,5,1,1,1,7,2,0,3,0,4,1,4,1,6,2,2,2,0,1,4,4,14,7,7,1,0,3,11,2,0,2,2,3,2,0,5,4,2,1,2,5,1,5,3,2,3,5,5,2,3,2,2,0,1,5,1,3,11,2
"COG4811",0,1,0,0,2,4,0,0,0,0,0,0,0,0,0,1,0,2,0,0,0,0,0,7,0,0,0,0,0,0,0,0,0,0,0,1,0,0,0,2,0,0,4,0,0,0,0,0,0,0,0,0,0,2,0,0,0,0,2,1
"COG4812",1,0,3,0,0,2,1,2,3,0,0,3,3,2,0,0,0,1,9,0,1,0,0,7,1,3,0,1,0,1,0,1,1,1,1,1,0,1,0,0,1,0,1,0,0,0,0,0,0,0,1,0,0,0,0,3,0,0,1,0
"COG4813",0,0,2,1,0,1,0,0,0,0,4,0,1,0,1,0,2,1,10,2,2,1,2,0,4,0,1,0,0,0,0,0,0,0,0,0,0,4,0,0,1,0,3,0,2,0,0,3,0,0,0,0,0,3,0,0,0,0,0,0
"COG4814",0,0,0,0,0,0,0,0,0,0,1,0,0,0,0,0,0,0,0,0,0,2,41,0,25,0,0,0,0,0,0,0,0,0,0,0,0,1,0,0,0,39,0,0,0,0,0,0,0,0,0,0,0,0,1,0,0,0,12,0
"COG4816",1,3,3,0,3,7,0,2,5,2,1,0,3,0,1,6,0,10,6,0,1,1,11,18,7,2,4,4,7,2,1,0,0,0,0,0,0,0,0,1,0,1,1,0,1,0,0,0,1,1,1,1,1,2,1,1,0,1,1,0
"COG4819",2,1,0,0,2,4,0,0,1,5,0,0,6,4,1,6,1,3,10,1,3,0,0,14,0,4,2,0,0,4,2,2,0,2,0,3,0,1,1,0,8,0,2,0,1,0,0,8,1,6,3,1,1,7,1,3,3,1,6,1
"COG4820",0,2,0,0,2,6,2,2,3,0,1,0,2,2,3,8,0,1,0,1,0,3,7,9,2,0,5,0,7,0,0,2,0,3,0,0,2,3,3,2,3,0,4,2,1,1,1,1,4,1,2,0,1,3,0,3,2,3,8,1
"COG4821",0,3,2,2,4,0,1,4,5,0,2,1,2,0,1,0,2,0,2,3,4,1,0,0,0,3,6,3,0,0,1,2,3,1,4,0,0,2,0,4,0,0,2,0,3,2,6,4,1,2,1,0,3,3,2,3,3,1,3,2
"COG4822",6,38,19,26,63,28,19,26,56,45,47,49,46,26,54,41,7,24,36,63,38,26,21,8,24,43,41,45,43,45,38,21,25,6,33,21,46,24,14,31,29,21,35,21,70,34,24,31,19,38,65,46,48,25,27,51,22,41,22,24
"COG4823",61,35,34,78,32,14,74,89,5,26,27,12,34,37,6,12,47,32,9,27,23,72,14,5,33,14,13,26,51,30,41,9,17,40,18,25,48,25,21,14,35,36,7,57,7,24,11,38,54,39,17,29,10,17,32,40,14,15,15,22
"COG4824",0,6,7,6,0,0,2,4,4,3,4,2,1,7,2,3,22,5,7,8,1,5,6,3,4,2,0,4,6,9,3,1,5,0,7,7,0,5,1,2,5,4,1,2,5,1,1,4,1,2,6,2,8,13,0,3,4,4,6,2
"COG4825",0,0,0,0,0,0,0,0,1,0,0,0,0,0,0,0,0,0,0,0,0,1,0,0,1,0,0,0,0,0,0,0,0,0,0,0,0,0,0,0,0,0,0,0,0,0,0,0,1,0,0,0,0,0,0,0,0,0,0,0
"COG4826",27,9,27,28,3,3,20,38,6,6,21,8,9,16,14,6,13,24,28,8,16,28,9,5,12,3,12,11,8,7,9,5,14,41,7,9,1,9,10,9,8,11,8,3,10,0,15,11,11,5,2,3,6,36,8,0,12,5,12,19
"COG4828",1,6,1,1,7,2,1,0,5,1,2,3,2,1,1,18,0,0,2,0,4,4,0,0,0,4,1,3,1,4,3,9,2,0,12,5,4,10,2,12,1,0,8,2,3,19,3,0,19,4,2,7,6,2,5,12,5,4,0,3
"COG4829",0,0,0,0,0,2,0,0,0,0,0,0,0,0,0,0,0,2,0,0,0,0,1,0,1,0,0,0,0,0,0,0,0,0,0,0,0,0,0,0,0,0,1,0,0,0,0,0,0,0,0,0,0,0,0,0,0,0,0,0
"COG4832",3,6,5,9,2,2,2,5,4,3,8,4,12,7,3,3,7,9,4,6,6,1,12,10,14,7,4,7,14,6,3,1,14,0,4,2,1,3,0,1,11,11,7,7,10,0,3,10,1,16,0,3,4,10,0,0,7,7,7,2
"COG4833",3,45,14,7,91,22,2,4,49,17,16,42,54,13,17,67,40,15,15,32,30,25,0,0,7,119,49,36,1,20,6,50,7,2,14,18,2,13,27,47,10,3,4,9,2,52,27,7,30,27,8,12,13,5,30,17,30,2,2,13
"COG4834",0,0,3,1,2,0,0,2,0,0,2,0,0,0,0,0,2,1,7,3,2,1,0,0,0,0,2,2,0,0,0,0,3,1,0,5,0,0,0,0,3,0,3,1,2,0,0,2,0,0,2,0,0,0,0,0,5,1,0,0
"COG4835",0,0,0,0,0,0,0,0,0,0,1,0,0,0,0,0,0,0,0,0,0,0,10,0,4,0,0,0,1,0,0,0,0,0,0,0,0,0,0,0,0,3,0,0,0,0,0,0,0,0,0,0,0,0,0,0,0,0,1,0
"COG4839",0,0,0,2,0,0,0,0,0,0,0,0,0,0,0,0,0,1,0,0,0,0,9,0,0,0,0,0,0,0,0,0,0,0,0,0,0,0,0,0,0,0,0,0,0,0,0,0,0,0,0,0,0,0,0,0,0,0,0,0
"COG4842",0,5,0,0,0,0,2,0,2,5,2,0,0,0,0,0,8,0,5,0,0,3,5,2,0,0,0,0,1,1,0,0,2,0,14,1,0,0,0,0,1,0,0,0,0,0,0,6,1,3,0,1,0,1,0,0,0,0,0,0
"COG4843",0,0,0,0,0,0,0,0,0,0,0,0,0,0,0,0,4,0,0,0,0,1,0,0,0,0,0,0,0,0,0,0,0,0,0,0,0,0,0,0,0,0,0,0,0,0,0,2,0,0,0,0,0,2,0,0,1,0,0,0
"COG4845",13,13,24,12,32,43,12,9,43,20,14,35,37,30,8,23,27,18,20,25,22,14,3,7,9,16,24,8,22,34,21,23,16,8,33,27,20,11,19,37,32,7,13,12,24,59,15,21,23,24,25,33,50,29,20,37,25,9,4,25
"COG4849",56,0,1,10,0,0,0,17,0,0,1,0,0,0,0,0,0,0,1,0,0,8,0,0,0,0,0,0,0,0,0,0,0,37,0,0,0,0,0,0,0,0,0,0,0,0,9,0,0,0,0,0,0,0,0,0,0,0,0,6
"COG4850",0,0,0,0,0,2,0,0,0,0,2,0,0,0,0,0,0,0,0,0,0,0,1,0,16,0,0,0,0,0,0,0,0,0,0,0,0,0,0,0,0,4,1,0,3,0,0,0,0,0,0,0,0,0,1,0,0,0,46,2
"COG4851",0,1,0,0,0,0,0,0,1,0,2,0,0,0,0,0,0,0,1,0,0,0,3,0,2,0,0,0,0,0,0,1,0,0,0,0,0,0,0,0,0,12,0,0,0,0,1,1,1,0,0,0,0,2,0,0,0,0,9,0
"COG4853",0,0,0,0,0,0,0,0,0,0,0,0,0,0,0,0,0,0,0,0,0,0,7,0,0,0,0,0,0,0,0,0,0,0,0,0,0,0,0,0,0,7,0,0,0,0,0,0,0,0,0,0,0,0,0,0,0,0,3,0
"COG4856",4,39,25,48,13,15,14,29,8,24,45,14,12,26,57,9,34,46,35,25,14,25,47,3,48,4,21,29,41,26,28,4,33,6,22,12,28,25,12,3,29,35,21,29,24,6,16,27,10,25,8,9,17,37,5,7,24,37,16,16
"COG4857",0,1,3,0,2,5,3,0,0,1,6,0,6,0,2,3,1,2,1,1,1,2,9,2,0,6,3,0,4,0,0,3,1,0,1,3,2,2,0,11,6,0,1,0,0,1,0,1,3,2,3,1,0,2,1,1,2,0,2,1
"COG4858",0,0,0,1,0,0,0,0,0,0,1,0,0,0,0,0,0,0,0,0,0,0,11,0,4,0,0,0,0,0,0,0,0,0,0,0,0,0,0,0,0,16,0,0,0,0,0,0,1,0,0,0,0,0,0,0,0,0,7,0
"COG4859",1,2,2,1,8,3,0,3,0,3,5,0,3,2,3,0,4,2,2,3,1,4,0,1,1,0,1,0,1,0,3,0,0,0,0,0,0,2,0,0,3,1,0,0,1,0,0,1,0,1,0,0,0,0,1,0,1,0,1,0
"COG4861",57,1,0,8,1,2,0,28,0,0,0,0,1,0,1,0,0,0,1,0,2,8,0,0,0,0,0,0,0,1,0,0,1,46,0,0,0,0,0,0,0,0,0,0,0,4,4,0,0,0,0,0,0,0,0,0,0,0,0,13
"COG4862",1,8,4,12,2,5,3,10,9,13,16,4,5,7,28,6,15,18,4,7,4,12,47,10,24,7,6,17,29,6,12,1,18,1,12,3,4,9,6,3,8,18,9,23,4,6,4,9,2,2,3,3,8,14,2,5,3,21,9,2
"COG4864",0,27,21,17,29,19,23,20,36,25,11,31,21,29,12,36,12,9,17,20,30,18,2,1,10,19,19,14,3,29,15,16,18,8,23,20,29,30,27,33,14,10,23,10,30,29,24,20,32,32,34,35,27,9,35,33,27,15,2,28
"COG4865",0,0,1,0,2,5,0,0,1,0,0,0,0,3,1,1,0,5,1,0,0,0,5,1,0,1,7,0,1,0,0,1,0,0,0,0,0,1,1,2,0,0,0,0,0,0,0,1,0,0,0,0,0,0,1,0,1,0,2,1
"COG4866",5,40,25,27,49,42,20,18,37,44,23,45,38,32,29,40,41,22,45,40,32,24,12,11,17,26,32,31,22,35,30,39,25,13,44,45,32,36,36,35,38,18,25,29,28,48,32,35,39,30,42,48,54,32,43,44,33,32,11,30
"COG4868",60,26,38,23,6,12,34,37,24,24,32,20,31,44,32,12,14,31,44,13,15,39,41,18,32,18,21,35,45,22,32,5,35,64,14,9,28,24,39,13,62,35,30,21,18,3,23,39,11,31,9,4,17,31,2,12,23,36,33,18
"COG4869",2,7,5,7,9,12,0,6,5,4,9,6,9,7,9,2,3,14,18,2,11,6,16,11,11,8,10,9,11,7,10,1,4,0,3,3,5,3,0,5,8,5,6,8,6,4,2,14,4,4,4,1,7,13,2,6,6,4,9,6
"COG4870",6,22,13,36,4,4,7,28,11,26,64,6,15,13,57,6,48,27,14,20,9,17,18,11,17,6,20,43,39,23,24,8,29,8,17,1,8,26,5,4,30,13,15,21,46,3,16,13,11,4,5,10,36,17,8,5,20,20,9,7
"COG4871",0,0,0,0,0,0,2,0,0,0,0,0,0,0,0,0,0,0,0,0,0,0,0,0,1,0,0,0,0,0,0,0,0,0,0,0,0,0,0,0,0,0,0,0,0,0,0,0,0,0,0,0,0,0,0,0,0,0,0,0
"COG4874",0,3,2,6,1,1,3,1,4,0,2,5,2,2,2,5,0,1,0,4,2,3,1,0,0,1,7,0,1,4,1,0,0,0,11,2,5,2,4,1,1,0,2,2,5,4,5,1,7,11,6,15,5,0,5,11,0,8,1,0
"COG4877",0,3,1,1,0,0,0,0,0,0,4,0,2,2,1,0,3,2,2,2,3,1,4,0,4,0,0,4,1,3,2,0,3,0,1,0,5,0,0,0,3,3,1,2,0,1,4,6,1,4,0,3,1,0,0,1,1,7,0,0
"COG4878",0,1,0,0,0,1,2,2,0,0,5,0,0,1,1,0,1,2,4,1,0,2,8,0,6,1,1,1,13,0,6,2,4,2,2,1,2,6,0,0,7,5,5,4,8,0,9,1,1,9,3,2,5,1,2,0,2,2,41,1
"COG4880",1,10,4,3,1,4,1,9,1,6,8,1,1,8,28,2,16,13,17,11,6,3,4,7,17,1,2,1,22,3,4,1,5,2,5,7,1,11,0,0,4,3,5,12,3,3,9,4,2,11,1,1,3,24,0,2,4,5,10,3
"COG4884",1,0,0,0,4,2,0,0,0,0,0,0,0,0,0,3,0,0,0,0,0,0,0,0,0,3,3,0,0,0,1,1,0,0,0,0,0,0,0,0,0,0,3,0,0,0,1,0,2,2,0,1,0,0,0,0,0,0,0,0
"COG4886",139,59,55,43,100,29,9,31,43,53,42,101,74,79,11,42,91,50,68,21,55,73,27,46,28,23,42,48,33,82,29,21,22,26,7,16,9,18,25,14,17,13,11,7,16,16,21,24,17,16,17,11,23,21,19,2,25,14,5,29
"COG4887",2,9,4,4,10,11,7,3,11,6,6,6,3,9,2,7,13,0,4,7,10,4,2,4,5,1,4,1,3,6,10,13,1,5,22,10,7,6,11,4,8,5,3,5,6,4,8,2,6,12,16,14,14,1,9,8,3,8,0,2
"COG4889",1,42,51,12,18,6,148,15,13,5,2,4,33,7,1,23,13,6,6,4,35,0,1,0,3,2,2,1,13,23,6,40,12,0,29,9,5,5,81,3,9,0,0,2,0,8,2,10,0,31,0,8,3,6,26,10,2,2,2,21
"COG4890",0,0,0,0,0,1,0,0,0,0,0,0,0,0,0,0,0,0,0,0,0,0,0,2,0,0,0,0,0,0,0,1,0,0,0,0,0,0,0,1,0,0,1,0,0,0,0,0,0,0,0,0,0,0,0,0,0,0,1,0
"COG4892",0,0,0,0,0,0,0,0,1,0,0,0,0,0,0,0,0,0,0,0,0,0,1,0,5,0,0,0,0,0,0,0,0,0,0,0,0,0,0,0,0,6,0,0,0,0,0,0,0,0,0,0,0,0,0,0,0,0,0,0
"COG4894",1,8,6,11,5,4,3,8,2,2,11,9,5,13,22,0,2,13,13,13,6,3,7,1,3,4,4,7,9,5,4,1,11,0,3,3,1,5,2,0,11,2,5,8,4,2,4,9,1,2,3,1,13,7,0,0,3,2,5,2
"COG4895",0,0,0,0,0,0,0,0,0,0,0,0,0,0,0,0,0,0,0,0,0,0,1,0,0,0,0,0,0,0,0,0,0,0,0,0,0,0,0,0,0,0,0,0,0,0,0,0,0,0,0,0,0,1,0,0,0,0,0,0
"COG4898",0,0,0,0,0,0,0,0,0,0,1,1,2,2,1,0,0,0,0,0,0,0,0,0,0,0,1,1,1,0,0,0,0,0,2,0,0,0,2,0,0,0,0,1,0,2,0,0,0,1,0,0,0,0,1,0,1,2,1,0
"COG4903",0,0,0,0,0,0,0,1,0,0,0,0,0,0,0,0,0,3,0,0,0,0,0,0,0,0,0,1,0,0,0,0,0,0,0,0,0,0,0,0,0,0,0,0,0,0,0,0,0,0,0,0,0,2,0,0,1,0,0,0
"COG4905",6,38,38,47,9,17,7,43,23,48,66,19,27,36,41,18,61,63,59,37,31,32,40,19,101,40,21,67,75,43,35,3,47,3,23,22,44,31,10,3,40,51,31,35,36,9,30,43,18,24,20,13,28,71,11,11,18,54,137,22
"COG4907",0,4,0,0,0,3,2,0,1,1,0,1,0,2,0,0,4,1,4,0,0,0,21,0,12,0,6,0,1,0,1,0,0,0,1,2,0,0,0,6,2,0,0,0,3,0,1,0,1,0,1,0,0,10,0,3,0,1,9,0
"COG4908",0,0,0,0,0,0,0,0,0,0,0,0,0,0,0,0,0,0,1,0,0,0,0,0,1,0,0,0,0,0,0,1,0,0,0,0,0,0,0,0,0,1,0,0,0,1,0,0,0,0,0,0,0,4,0,0,0,0,0,0
"COG4909",0,5,1,1,0,14,1,0,2,1,2,0,2,2,4,4,1,7,1,1,0,0,9,12,6,3,9,1,1,0,0,5,1,1,0,2,3,0,3,0,1,2,0,0,3,8,0,1,1,0,5,3,1,3,2,5,1,1,9,0
"COG4910",0,0,0,0,0,10,0,0,0,0,1,0,1,0,0,0,0,4,0,0,0,0,2,4,2,2,3,0,0,0,0,2,1,0,0,1,0,0,1,1,1,0,4,0,0,0,0,0,1,1,0,0,0,0,0,1,0,1,6,0
"COG4912",26,40,35,46,38,24,29,53,20,38,21,20,31,21,28,33,20,25,16,38,28,32,19,2,13,23,19,24,30,18,35,36,32,25,28,28,29,24,30,30,27,16,18,31,35,51,15,25,21,31,23,31,30,20,35,29,34,22,10,18
"COG4913",3,31,19,15,0,11,23,5,4,36,34,26,28,14,11,1,22,8,16,27,11,13,14,4,52,0,22,29,22,21,5,3,14,6,14,3,72,11,6,0,5,35,16,9,28,1,19,3,27,38,2,31,43,10,1,59,10,35,84,5
"COG4916",0,0,0,0,2,0,0,2,0,0,0,0,1,0,0,12,2,2,0,0,0,0,0,0,0,0,0,0,0,0,0,0,9,0,0,1,0,1,0,0,0,0,0,0,1,0,0,2,0,0,0,1,0,1,0,0,2,0,0,0
"COG4917",0,3,0,2,3,7,0,3,1,0,8,0,3,0,4,5,2,3,0,2,3,1,5,12,6,3,2,2,5,1,1,4,0,1,1,3,1,2,3,4,2,3,5,6,2,3,1,6,1,0,3,1,2,5,0,3,2,3,5,1
"COG4922",0,4,2,0,0,0,0,0,1,0,0,0,1,0,1,0,2,3,0,1,1,0,7,0,0,2,0,0,1,0,1,0,0,0,0,0,0,0,0,0,1,2,3,0,0,0,0,1,0,2,0,0,0,0,0,0,0,0,0,1
"COG4924",1,2,3,0,0,0,3,1,0,1,2,1,3,3,1,0,0,0,2,7,0,2,1,0,10,1,5,5,1,0,0,2,0,4,1,1,7,0,0,0,0,1,0,1,1,0,1,0,6,5,0,9,2,1,1,16,0,1,42,1
"COG4925",1,4,5,4,5,8,0,0,5,2,2,2,3,3,3,7,2,4,2,3,7,4,0,1,0,8,1,2,0,1,5,3,1,1,3,2,5,1,3,6,5,5,3,2,1,3,8,1,0,6,1,1,4,2,9,5,5,2,0,4
"COG4926",0,1,1,1,0,2,0,1,0,0,1,2,3,2,1,7,17,2,5,0,2,2,6,9,0,2,4,0,3,3,1,1,2,0,0,0,0,7,2,6,5,16,1,3,1,0,0,10,7,8,0,0,0,26,1,0,6,1,2,1
"COG4927",0,1,1,13,0,0,0,10,1,1,4,1,1,0,1,0,0,0,2,6,3,1,1,8,7,0,1,1,2,2,10,1,0,0,2,1,1,2,0,0,7,2,1,17,0,1,0,0,4,1,1,0,2,2,0,0,2,1,1,1
"COG4928",68,4,3,38,19,3,11,124,3,25,10,9,15,17,12,8,13,28,2,2,6,23,17,6,11,2,13,22,24,5,11,9,5,0,9,6,8,2,13,8,13,7,2,16,2,7,21,7,48,1,2,8,5,23,2,22,6,0,3,7
"COG4929",0,0,0,0,1,1,0,1,2,1,1,1,2,1,1,5,1,0,1,1,1,1,0,0,1,7,2,0,0,0,0,8,1,0,2,2,0,3,0,6,1,0,1,2,0,4,2,0,6,1,1,1,0,2,0,0,5,0,0,1
"COG4930",9,9,4,18,23,7,26,21,7,10,13,24,28,22,3,0,4,27,18,10,16,20,3,0,9,30,17,9,23,14,34,1,11,1,22,12,35,8,3,4,29,25,16,8,7,13,7,15,11,6,13,20,11,11,3,7,15,5,0,9
"COG4932",8,102,32,69,28,25,27,51,21,102,102,27,49,93,114,27,150,55,181,56,88,64,196,144,100,24,54,89,121,90,104,38,88,12,51,45,50,79,8,7,139,64,62,137,42,40,38,88,23,50,44,24,73,109,24,15,58,73,169,51
"COG4933",9,3,0,1,0,1,1,2,2,1,3,1,4,0,0,0,0,0,2,1,0,0,3,0,0,1,0,6,4,1,2,0,1,23,0,3,0,3,4,0,1,9,5,4,1,1,2,3,4,2,1,4,0,0,1,0,1,0,0,5
"COG4936",1,4,5,15,2,7,0,6,4,2,2,4,3,10,6,4,3,11,4,2,6,6,4,0,5,16,5,21,12,15,11,0,16,3,3,1,1,9,1,5,8,3,15,2,4,2,4,1,11,2,3,3,4,10,1,2,1,3,2,4
"COG4937",14,2,8,4,0,4,11,2,0,2,0,1,6,3,2,3,2,0,0,3,6,7,0,0,0,3,4,1,1,2,9,10,5,31,8,17,14,10,35,3,18,12,6,13,3,5,6,4,8,13,5,8,6,7,20,12,1,7,0,10
"COG4938",55,17,0,6,15,15,1,7,19,1,6,1,1,6,15,2,9,4,0,19,2,9,1,0,2,3,4,9,6,6,3,0,4,0,2,1,1,2,22,3,2,7,4,6,16,0,2,7,10,1,1,1,3,0,0,0,3,3,0,1
"COG4939",0,0,0,0,0,0,0,0,0,1,0,0,1,1,0,0,1,0,1,0,0,0,0,1,0,0,0,1,2,0,0,1,0,0,0,0,0,0,0,0,0,0,0,0,0,0,0,0,0,0,0,0,1,1,0,0,0,0,2,1
"COG4940",0,0,0,0,0,0,0,2,4,0,0,1,3,0,1,1,1,12,0,0,2,2,6,0,0,0,2,2,1,0,0,0,2,1,1,0,1,0,0,1,5,0,0,1,0,1,2,1,0,1,2,0,0,6,0,2,2,0,0,3
"COG4942",0,6,9,17,21,8,3,38,21,8,2,21,7,10,4,23,4,7,3,13,17,22,2,16,2,15,17,8,0,12,9,30,8,73,5,22,7,14,5,42,10,6,16,4,17,23,11,9,22,19,10,19,9,9,9,23,21,11,2,14
"COG4943",2,3,2,0,3,11,0,0,1,1,0,0,1,0,0,4,0,8,1,0,0,0,6,52,6,0,0,0,0,0,0,2,0,1,1,5,2,1,1,15,0,0,14,0,1,3,0,1,2,0,1,1,0,6,0,1,0,2,5,1
"COG4946",113,107,95,58,71,82,122,33,107,58,42,84,77,58,39,150,39,20,29,105,91,26,0,2,11,62,104,35,30,144,58,177,74,31,83,92,119,124,106,119,40,49,30,61,71,144,98,67,127,124,114,146,72,43,163,173,112,91,13,113
"COG4947",1,5,11,2,1,5,12,6,1,5,12,12,2,7,4,2,8,4,5,9,2,2,23,1,10,0,2,12,16,10,1,1,9,0,5,5,18,4,1,0,9,9,9,1,13,1,8,9,0,8,0,1,5,1,0,5,9,15,0,4
"COG4948",39,47,42,46,63,62,43,35,56,50,22,73,51,47,19,44,22,36,37,67,43,44,22,206,16,73,54,32,30,50,21,52,54,65,31,53,50,50,44,83,43,63,41,35,53,52,37,33,58,57,89,22,47,64,53,47,47,36,14,44
"COG4950",0,0,1,0,1,11,0,0,0,0,0,0,3,1,0,1,0,3,0,0,0,0,3,14,0,0,0,0,0,0,0,1,0,1,0,1,0,0,0,0,0,0,5,1,0,0,0,0,1,0,0,0,0,2,0,0,0,0,1,0
"COG4951",12,3,8,30,27,23,17,9,16,20,34,31,3,7,7,9,20,5,12,12,15,32,12,8,21,33,22,3,14,6,8,4,5,3,12,14,3,48,20,29,9,15,11,19,56,18,8,10,15,3,25,5,19,11,41,6,26,11,8,9
"COG4952",0,2,0,0,0,1,0,0,4,1,0,1,1,1,2,0,0,0,1,1,0,1,3,3,0,0,0,0,0,0,1,0,0,0,0,0,0,0,0,3,0,0,1,0,0,0,4,0,0,1,1,1,0,0,0,2,0,0,0,1
"COG4953",3,9,4,7,14,19,1,2,15,8,5,15,13,9,1,21,2,8,4,8,4,5,2,10,5,22,15,6,4,5,4,13,10,1,4,14,10,8,5,53,6,4,15,2,2,26,21,0,39,18,7,5,3,25,10,18,11,13,2,23
"COG4955",0,0,0,0,0,0,0,0,0,0,0,0,0,0,0,0,0,0,0,0,0,0,2,0,0,0,0,0,0,0,0,0,0,0,0,0,0,0,0,0,0,4,0,0,0,0,0,0,0,0,0,0,0,0,0,0,0,0,3,0
"COG4956",1,2,3,0,1,1,7,0,2,3,3,0,10,10,6,2,3,3,11,0,1,5,12,1,4,4,3,1,2,2,7,2,3,1,1,7,4,3,3,0,0,15,4,3,0,3,2,1,1,1,0,1,2,11,1,1,4,0,2,3
"COG4957",0,0,0,0,0,0,0,0,0,0,0,0,0,0,0,0,0,0,0,0,0,0,0,0,0,0,0,0,0,0,0,0,0,0,0,0,0,0,0,0,1,0,0,0,0,0,0,0,0,0,0,0,0,0,0,0,0,0,0,0
"COG4959",0,0,1,0,1,0,3,0,0,0,0,0,0,0,1,0,0,0,0,0,0,0,0,0,0,0,0,0,0,0,2,0,1,0,0,6,0,0,0,0,0,0,0,0,0,0,0,0,0,0,0,4,0,0,0,0,1,0,0,0
"COG4962",5,40,25,57,13,19,33,45,30,55,45,16,20,37,68,17,28,43,47,36,29,37,47,34,60,62,27,76,68,27,51,18,52,6,28,18,16,27,9,1,44,14,43,49,42,12,39,39,23,38,22,25,22,41,13,8,17,40,46,15
"COG4963",2,1,0,1,0,0,0,1,1,1,1,0,2,7,0,0,0,3,1,1,0,1,0,4,0,1,0,0,2,0,4,0,1,0,0,0,2,2,0,0,0,2,0,0,0,0,1,2,0,1,0,0,0,1,0,0,0,0,0,3
"COG4964",0,0,8,0,0,0,0,0,0,1,0,2,0,3,0,0,0,0,1,0,1,0,0,0,0,0,0,0,2,0,2,0,0,0,0,1,0,3,0,0,0,1,3,0,0,0,0,0,0,0,0,4,0,0,0,0,0,0,0,0
"COG4965",3,10,3,15,0,6,1,7,9,2,22,2,5,12,24,6,1,14,15,9,2,8,26,9,28,2,2,16,30,8,8,2,12,0,10,1,5,9,0,3,1,15,9,4,13,0,11,9,5,4,3,4,4,6,5,3,10,12,10,3
"COG4967",0,0,0,0,0,2,0,0,0,0,0,0,1,0,0,0,0,0,0,0,0,0,0,10,0,0,0,0,0,0,0,0,0,0,0,0,0,0,1,0,0,0,4,0,0,0,0,0,0,0,0,0,0,1,0,0,0,0,0,0
"COG4969",0,0,1,0,2,1,0,0,0,1,0,1,3,1,0,2,0,3,0,0,0,0,0,12,1,0,0,0,0,0,0,3,2,3,0,2,0,0,0,1,0,0,4,0,0,0,0,0,1,0,2,0,2,0,0,0,0,1,2,1
"COG4972",0,3,11,10,1,4,0,3,6,3,10,2,7,7,10,0,10,7,20,3,17,18,8,4,11,13,4,24,11,7,14,2,16,2,4,1,2,10,0,0,13,2,20,14,16,0,9,9,6,2,4,6,0,6,2,1,9,15,1,5
"COG4973",14,23,27,29,19,55,27,19,20,19,14,32,32,23,7,23,34,3,5,48,21,15,2,19,3,35,22,11,16,34,20,26,14,38,29,38,36,15,37,30,21,2,29,26,16,27,28,26,43,21,28,41,45,14,27,28,26,17,5,14
"COG4974",765,167,273,202,211,162,244,272,275,162,184,245,213,194,118,236,173,198,88,267,172,367,107,110,117,222,253,203,142,291,253,162,215,331,236,248,173,219,213,197,216,93,139,321,207,191,204,234,205,166,241,244,198,121,257,240,209,194,104,275
"COG4975",0,0,0,0,0,0,0,0,0,0,0,0,0,0,0,0,0,0,0,0,0,0,14,0,16,0,0,0,0,0,0,0,0,2,0,0,1,0,0,0,0,14,0,0,0,0,0,0,0,0,0,0,0,0,0,0,0,0,2,0
"COG4977",55,35,12,50,141,47,20,44,46,49,42,74,51,25,14,123,32,26,32,44,54,44,14,0,13,71,36,58,24,50,36,168,38,25,63,106,21,79,79,151,42,6,67,44,31,95,163,62,98,46,64,84,51,83,135,76,108,17,7,82
"COG4978",1,9,2,6,10,7,3,5,10,10,9,9,10,8,28,9,11,13,12,15,7,9,16,36,10,5,15,18,10,12,27,5,10,0,9,9,5,12,5,19,11,0,7,9,6,12,8,6,16,7,4,9,15,16,5,16,14,5,17,4
"COG4981",0,0,0,0,0,2,0,1,0,0,2,5,0,2,8,0,1,0,8,1,0,0,7,0,75,0,0,0,1,0,0,0,0,2,0,0,0,0,0,0,0,13,1,0,4,0,0,0,0,0,0,0,0,0,1,0,1,2,207,13
"COG4982",0,0,0,0,0,1,0,0,1,0,5,2,0,2,4,0,0,0,5,0,0,0,6,0,54,0,0,1,0,0,0,0,0,5,0,0,0,0,0,0,0,22,0,0,1,0,0,0,0,0,2,0,0,0,0,0,1,0,211,28
"COG4983",3,1,0,0,0,2,0,0,5,4,4,0,2,0,2,0,13,2,2,10,3,1,0,5,2,0,0,3,2,0,0,2,2,2,0,0,0,3,1,0,0,1,1,2,0,1,1,1,2,2,4,0,1,8,1,0,8,1,1,4
"COG4984",0,4,0,2,13,3,0,1,5,0,2,1,2,0,0,0,3,0,1,2,3,0,1,0,0,8,4,0,0,0,1,13,0,1,2,4,1,2,0,12,4,1,0,0,0,10,5,2,7,7,0,1,0,2,9,12,14,1,0,5
"COG4985",0,4,11,7,0,2,2,4,4,1,12,0,4,4,2,0,1,4,6,1,4,6,5,0,1,13,2,0,5,4,4,0,4,0,1,0,1,3,0,1,0,0,2,1,0,0,0,3,1,2,0,1,0,0,0,0,0,0,0,1
"COG4986",0,0,0,0,0,1,0,0,0,0,0,0,0,0,0,0,0,0,0,0,0,0,0,0,0,0,0,0,0,0,0,0,0,1,0,0,0,0,0,0,0,0,0,0,0,0,0,0,0,0,0,0,0,0,0,0,0,0,0,0
"COG4987",0,1,2,0,2,4,9,1,1,9,9,1,1,1,10,1,7,2,1,0,0,2,28,17,10,0,0,0,0,0,8,5,1,1,7,10,1,0,2,0,0,22,8,0,0,1,0,1,1,0,1,7,0,4,0,1,0,0,20,1
"COG4988",3,12,5,18,3,11,20,13,11,13,25,16,4,9,38,11,14,17,9,18,6,12,45,25,62,11,5,23,31,9,11,4,13,4,20,14,17,16,8,3,9,41,21,13,9,8,13,13,7,9,11,7,13,19,4,3,8,24,138,10
"COG4989",0,4,1,2,0,11,0,5,0,3,10,1,3,1,4,0,9,1,9,3,1,1,37,9,22,2,2,1,8,2,2,0,2,3,8,2,3,3,1,4,0,13,6,11,2,0,0,2,2,3,3,1,2,9,3,3,1,7,22,4
"COG4990",0,10,5,5,1,3,3,26,9,6,7,6,2,9,4,0,8,6,8,2,2,8,5,7,16,6,5,7,11,2,11,0,5,0,1,1,10,6,0,2,6,10,4,1,9,4,5,1,9,8,2,2,3,5,2,2,5,24,4,5
"COG4992",44,76,72,58,53,86,62,50,72,59,58,80,78,69,75,79,78,57,72,65,63,64,35,60,56,47,65,71,71,66,75,58,80,46,75,73,81,75,67,34,51,70,92,63,86,41,63,57,46,65,89,98,66,54,75,78,74,78,67,70
"COG4993",0,0,0,0,0,18,1,0,0,0,1,0,1,2,0,1,0,4,0,0,0,1,4,31,5,1,0,0,0,0,0,3,0,4,0,2,0,0,0,17,0,0,7,0,1,0,0,0,2,0,0,0,1,1,2,1,1,1,3,0
"COG4995",5,10,0,12,13,0,0,41,0,0,0,0,0,1,0,5,9,1,0,4,11,6,0,0,0,2,10,3,0,1,2,23,8,0,5,7,2,6,2,5,11,0,1,2,12,16,11,2,8,26,5,10,15,6,9,21,6,1,0,11
"COG4997",3,0,1,3,0,0,0,8,0,5,1,0,3,0,0,1,2,2,0,0,2,2,0,0,0,0,1,1,0,0,3,0,0,0,2,0,0,0,0,0,6,0,0,2,0,0,0,3,1,0,0,0,1,3,0,0,6,0,1,0
"COG4999",99,274,149,254,320,119,107,309,222,157,197,159,283,234,151,273,172,218,173,180,300,217,102,48,75,333,230,346,202,245,268,260,269,138,230,226,187,307,102,265,241,95,227,268,125,0,295,276,231,279,171,190,229,177,230,245,383,211,53,203
"COG5000",62,68,48,26,86,63,73,33,79,36,25,60,68,35,15,89,34,29,16,61,53,37,2,3,11,66,48,13,13,69,38,148,55,62,57,52,71,74,86,110,45,31,24,25,50,133,58,41,113,91,85,118,67,50,116,83,84,42,16,67
"COG5001",5,115,64,146,29,59,31,92,78,49,118,49,73,124,256,46,101,88,71,119,76,126,104,85,60,124,78,169,162,80,137,42,141,23,84,25,60,69,31,50,100,47,121,158,86,42,92,88,78,56,67,40,103,50,24,49,72,175,42,23
"COG5002",379,502,353,267,786,385,336,149,557,228,234,467,329,211,211,757,346,212,184,344,373,476,68,15,94,473,430,285,125,423,254,488,259,217,652,618,315,451,303,630,253,127,419,267,293,748,717,395,600,518,436,781,516,199,607,578,608,278,70,447
"COG5004",0,0,0,0,0,0,0,0,0,0,0,0,0,0,0,0,0,0,0,0,0,0,0,0,0,0,0,0,0,0,0,0,0,0,0,0,0,0,0,0,0,0,1,0,0,0,0,0,1,0,0,0,0,0,0,0,0,0,0,0
"COG5005",0,0,0,0,0,0,0,1,0,0,0,0,1,0,0,1,0,2,1,0,0,0,0,1,0,0,0,0,0,1,1,0,1,0,0,0,1,1,0,0,0,0,0,0,0,0,1,0,0,0,0,0,0,0,0,1,0,0,0,1
"COG5006",0,1,0,0,3,5,0,0,1,1,0,1,0,0,0,1,0,0,0,0,0,0,1,8,5,0,1,0,0,1,0,0,0,1,0,0,0,0,0,2,0,0,6,1,1,0,0,0,0,0,0,0,1,1,0,0,0,0,20,2
"COG5007",0,0,0,0,0,0,0,0,2,0,0,0,1,0,1,0,0,1,0,0,0,0,1,6,0,0,0,0,0,0,0,0,0,0,0,0,0,0,0,3,0,0,2,0,0,0,0,0,0,0,0,1,1,0,0,0,0,0,0,0
"COG5009",190,64,107,84,46,92,108,106,56,38,37,61,70,54,64,79,64,38,25,40,75,74,39,63,31,68,88,65,68,48,62,55,47,174,62,86,63,60,119,42,71,61,59,56,58,58,54,49,59,78,63,66,44,39,54,65,52,39,41,86
"COG5011",3,13,13,10,4,7,8,9,8,17,22,5,7,20,22,5,16,17,18,10,9,13,11,5,14,6,8,15,23,11,19,3,10,0,12,8,15,18,8,3,19,14,15,13,13,6,6,20,2,9,12,9,4,8,2,4,11,11,8,9
"COG5012",1,26,3,10,16,6,6,13,28,11,10,24,13,7,13,19,7,6,30,7,13,7,17,0,3,18,11,3,11,11,15,26,8,2,20,4,12,4,6,37,16,2,16,6,6,25,32,11,26,21,19,20,18,25,24,15,28,17,6,12
"COG5013",2,4,1,2,9,23,0,1,5,8,8,1,6,1,0,8,0,9,1,0,0,2,22,57,5,3,0,1,1,1,1,10,1,5,1,10,5,0,0,13,2,3,24,1,6,2,2,1,5,8,2,1,2,12,7,7,5,0,17,4
"COG5015",2,10,8,12,4,3,5,8,6,9,26,7,3,7,23,5,13,3,13,8,5,5,11,5,18,10,1,14,8,7,6,2,8,0,4,4,2,12,5,1,12,2,1,7,13,9,2,8,1,5,0,3,7,9,5,4,9,7,3,5
"COG5016",99,109,90,76,101,72,94,68,103,76,66,95,67,90,93,123,72,66,85,93,79,110,21,18,29,93,98,68,74,111,86,96,79,84,89,67,102,86,74,76,67,60,80,64,81,129,81,60,92,97,113,134,119,53,117,105,79,86,30,85
"COG5017",1,1,6,2,0,0,1,2,0,1,3,2,2,0,0,0,1,1,0,2,0,3,4,0,1,8,1,5,2,0,3,7,4,0,7,5,1,2,1,0,0,0,3,2,4,1,1,6,2,4,4,11,2,5,6,0,4,2,2,5
"COG5018",0,12,13,11,3,6,5,12,14,7,12,7,13,10,16,7,13,10,12,12,7,15,8,5,20,18,7,26,27,4,3,0,6,1,5,3,1,3,0,0,5,8,5,3,3,0,3,6,2,1,2,1,3,2,0,4,1,13,0,1
"COG5026",0,3,0,1,10,3,5,0,5,6,2,6,4,2,8,13,2,1,1,2,1,2,1,0,0,14,1,3,0,1,4,18,2,1,14,19,4,1,7,9,1,19,1,0,0,18,9,1,19,5,5,8,1,4,11,9,13,4,1,3
"COG5029",0,0,0,0,0,1,0,0,0,0,0,0,0,0,0,4,0,1,0,0,0,0,0,0,0,1,0,0,0,0,0,3,0,0,0,0,0,0,2,0,0,6,0,0,0,1,0,0,0,0,0,0,1,0,0,0,0,0,0,3
"COG5039",7,2,3,0,4,0,0,1,1,0,1,0,1,4,3,4,13,4,0,1,1,7,3,0,0,14,4,0,10,5,8,7,0,0,6,28,8,2,14,4,2,0,1,1,0,12,1,2,21,1,3,28,3,1,3,2,4,0,0,2
"COG5042",0,0,0,0,0,0,0,0,0,0,0,1,0,0,0,0,1,0,1,0,0,0,0,0,2,0,0,0,0,0,0,0,0,0,0,0,0,0,0,0,0,0,0,0,0,0,0,0,0,0,0,0,0,0,0,0,0,0,0,1
"COG5048",0,1,0,0,0,0,0,1,0,0,1,2,0,0,0,0,0,1,1,0,2,0,0,0,0,0,6,0,0,0,0,0,7,0,0,0,0,0,0,0,0,0,0,0,0,0,1,5,0,0,2,0,0,0,0,1,1,3,0,0
"COG5108",0,0,0,0,0,0,0,0,0,0,0,0,0,0,12,0,0,0,0,0,0,0,0,0,29,0,0,0,20,0,1,1,0,0,1,0,0,0,6,0,2,0,0,0,0,0,0,1,0,0,0,0,0,0,1,1,0,0,0,0
"COG5146",21,5,24,11,24,7,29,18,21,5,7,19,5,11,1,6,1,6,4,20,18,8,0,0,1,8,7,5,5,15,4,9,5,40,13,7,19,17,11,2,5,6,9,7,23,6,14,19,4,13,22,23,23,2,20,11,17,1,0,12
"COG5184",0,6,21,25,0,0,0,57,6,3,109,13,1,10,12,1,89,38,17,22,22,17,12,0,1,1,7,55,0,5,47,0,148,0,5,3,13,4,0,0,46,0,9,22,2,0,9,58,1,3,3,1,5,25,3,1,23,24,0,8
"COG5206",0,1,1,0,2,15,4,0,11,0,1,75,14,1,0,0,1,3,0,0,8,5,0,0,0,16,6,0,0,20,0,2,1,0,3,1,0,1,6,0,1,0,1,2,34,0,3,6,1,2,28,1,0,0,22,0,0,25,0,1
"COG5263",3,24,7,13,4,15,5,10,21,27,70,17,18,12,63,37,19,20,24,9,15,19,337,101,80,14,34,37,69,35,29,28,19,13,15,9,42,27,3,24,15,33,17,22,23,32,37,44,68,15,66,11,23,13,23,15,12,24,19,12
"COG5265",0,0,0,0,3,0,0,0,0,0,0,0,0,0,2,1,0,0,1,0,0,0,0,0,1,0,0,0,0,0,0,0,0,0,0,0,0,0,0,0,0,0,0,0,0,1,0,0,0,0,0,0,0,0,0,0,0,0,5,0
"COG5266",0,0,0,0,1,2,0,1,2,0,1,2,0,0,0,0,0,0,0,0,2,0,2,34,1,2,0,0,2,0,1,1,0,0,0,0,3,0,1,1,1,0,2,0,2,1,0,0,0,0,2,1,1,1,0,4,0,0,0,0
"COG5268",0,0,0,0,0,1,2,0,0,0,0,0,0,0,0,0,0,0,0,0,0,0,0,0,0,0,0,0,0,0,2,0,0,0,0,3,0,0,1,0,0,0,0,0,0,0,0,0,0,0,0,0,0,0,0,0,0,0,0,0
"COG5271",0,1,0,0,1,0,0,0,1,1,0,0,0,1,0,0,0,0,0,2,0,0,0,0,0,0,0,0,0,0,0,0,0,0,0,0,0,0,0,0,14,0,0,1,0,0,0,0,0,1,0,0,0,0,0,1,0,0,0,0
"COG5272",0,0,0,1,1,0,0,0,0,0,0,0,0,0,0,0,0,1,0,0,0,0,0,0,0,0,0,0,0,0,0,0,0,0,0,2,0,0,0,0,0,0,1,0,0,0,0,0,1,0,0,0,0,0,0,0,0,0,0,0
"COG5276",0,5,0,1,0,5,1,0,0,0,1,0,4,1,3,0,2,1,0,0,0,0,0,0,0,1,0,0,5,0,3,0,0,0,0,0,0,0,1,3,0,0,1,0,0,0,0,1,0,0,1,0,0,0,0,4,0,1,2,0
"COG5279",0,24,17,45,11,10,6,53,20,53,49,13,16,20,50,8,61,32,62,31,30,35,17,6,30,20,27,50,51,16,30,1,50,1,28,11,25,37,1,8,46,17,24,106,21,7,30,43,34,16,12,12,26,55,10,6,19,36,11,18
"COG5280",0,1,2,4,0,2,2,4,9,3,10,2,2,2,16,3,26,3,5,5,1,0,6,11,0,0,6,3,8,18,5,0,9,0,7,11,0,6,2,2,7,0,2,30,3,0,3,6,0,1,3,4,23,16,0,0,3,12,2,0
"COG5281",0,2,4,2,6,1,0,0,9,3,5,1,7,3,0,13,4,8,6,1,47,2,4,82,1,1,5,1,2,5,2,1,8,4,2,22,4,1,1,13,0,1,15,12,6,1,1,5,1,4,3,0,0,44,1,1,5,3,9,0
"COG5282",0,0,0,0,0,0,0,0,0,0,0,0,0,0,1,0,1,0,1,0,0,0,4,0,12,0,0,0,0,0,0,0,0,2,0,0,0,0,0,0,0,6,0,0,1,0,0,0,0,0,0,0,0,0,0,0,0,0,54,2
"COG5283",4,12,10,37,10,28,111,40,11,16,24,12,8,10,14,23,38,18,15,12,11,16,38,27,20,3,8,20,12,37,23,21,42,60,33,16,6,33,5,22,21,29,21,17,25,22,34,22,19,7,5,7,104,101,26,5,17,12,36,27
"COG5285",0,0,0,0,0,0,0,0,0,0,0,0,0,0,0,0,0,1,0,0,0,0,0,0,0,0,0,0,0,0,0,0,0,0,0,0,0,0,0,0,0,0,3,0,0,0,0,0,0,0,0,0,0,0,0,0,0,0,0,0
"COG5293",0,2,0,1,8,0,0,2,4,1,7,2,2,0,0,0,0,1,0,1,1,0,11,1,1,0,0,0,0,0,6,1,1,0,1,5,0,1,1,0,0,0,0,4,0,24,0,0,1,2,0,0,0,7,0,0,0,2,2,0
"COG5294",0,0,0,0,0,0,0,2,0,0,0,0,0,0,0,0,0,0,0,0,0,0,0,0,0,0,0,0,1,0,0,0,0,0,0,0,0,0,0,0,0,0,0,0,1,0,0,0,0,0,0,0,0,0,0,0,1,0,1,0
"COG5295",0,4,10,4,10,5,1,2,5,53,30,1,11,1,9,7,0,11,1,1,2,6,28,1,1,6,6,21,2,2,12,9,0,10,1,1,11,0,0,2,5,5,0,2,9,3,5,0,34,4,8,3,15,13,6,4,5,4,14,26
"COG5298",0,2,0,1,0,0,0,1,1,0,1,1,4,0,3,3,0,0,0,1,2,0,10,0,0,1,1,0,0,0,0,0,0,2,0,0,0,0,0,0,0,0,0,0,0,0,0,0,0,0,0,0,0,0,0,0,1,0,0,1
"COG5301",1,0,4,1,0,8,0,0,2,3,1,0,3,0,1,8,0,0,1,0,0,0,1,35,0,0,0,0,0,0,6,2,0,5,6,7,7,2,3,3,1,0,4,1,3,0,0,0,1,1,3,5,0,12,6,0,0,0,23,4
"COG5302",2,0,0,0,2,1,0,0,0,0,0,0,0,0,0,0,0,0,0,0,0,0,0,4,0,0,0,0,0,0,0,0,0,1,0,0,0,0,0,0,0,0,0,0,0,0,0,0,0,0,0,0,0,2,0,1,0,0,0,0
"COG5305",0,8,2,6,0,2,3,5,3,26,8,9,1,4,1,0,5,8,3,1,2,1,0,0,0,6,0,6,4,0,2,0,11,0,0,3,0,0,0,0,4,1,6,1,3,0,0,6,0,1,1,0,2,11,3,0,2,0,1,0
"COG5309",0,0,0,0,0,0,0,0,0,0,0,0,0,0,0,0,0,1,0,1,0,0,0,0,0,0,1,0,0,0,0,0,1,0,0,0,0,0,0,0,0,0,0,0,0,0,3,2,0,1,0,0,1,0,0,0,0,0,0,0
"COG5314",0,0,0,0,0,0,0,0,0,0,0,0,0,0,0,0,0,0,0,0,0,0,0,0,0,0,0,1,0,0,0,0,0,0,0,0,0,0,0,0,0,0,0,0,0,0,0,0,0,0,0,0,0,0,0,0,0,0,0,0
"COG5319",0,0,0,0,0,0,0,0,1,0,0,1,0,1,0,1,0,0,0,0,0,0,0,0,0,0,0,0,0,0,0,0,0,0,2,1,0,1,0,0,1,0,1,0,0,0,0,0,0,0,0,1,1,0,1,1,0,0,0,2
"COG5322",0,1,0,0,0,2,0,0,0,1,1,1,2,0,1,2,0,0,0,0,0,2,0,0,0,0,1,4,0,3,1,0,0,1,0,0,1,0,0,0,2,0,0,0,0,0,0,0,0,2,0,1,1,1,0,1,1,0,0,3
"COG5324",0,0,0,3,0,1,1,5,0,20,2,0,0,0,0,0,3,0,0,0,0,0,2,0,0,0,0,0,0,0,2,0,0,0,0,0,10,1,0,0,1,0,0,0,1,0,0,0,0,0,0,0,0,0,0,0,0,0,16,2
"COG5337",1,8,3,4,0,0,7,7,0,1,9,5,8,6,3,0,6,4,4,6,3,5,9,0,13,2,0,4,14,6,4,3,6,0,1,1,1,6,0,0,5,4,5,6,2,0,10,1,1,13,3,5,2,1,0,1,0,5,53,2
"COG5339",1,1,0,0,8,10,0,0,1,0,1,0,5,1,1,4,0,2,1,0,0,0,3,55,1,1,1,0,0,0,0,2,0,4,0,5,2,0,0,0,0,0,8,1,0,1,1,1,4,0,0,0,0,6,0,2,0,1,3,2
"COG5340",0,0,0,0,0,0,0,0,3,0,0,0,9,0,4,0,1,1,1,0,0,2,0,0,0,0,0,0,0,13,2,0,0,0,0,0,0,1,0,0,11,5,2,0,0,0,0,1,0,0,0,0,1,0,0,0,0,2,0,0
"COG5341",1,1,0,1,0,0,1,2,1,2,0,0,1,2,1,1,7,7,6,0,3,0,2,1,1,1,3,1,3,2,3,0,6,0,1,1,2,4,1,2,9,3,2,0,0,1,0,4,0,2,2,2,3,1,1,0,2,2,1,1
"COG5345",0,1,0,1,0,0,0,1,0,0,0,0,0,0,0,0,0,0,1,0,0,0,0,0,0,0,0,1,0,0,0,0,4,0,0,0,0,0,0,0,2,0,0,0,1,0,0,1,0,0,0,0,0,1,0,1,1,0,0,0
"COG5353",0,0,0,0,0,0,0,0,0,0,0,0,0,0,0,0,0,0,0,0,0,0,11,0,1,0,0,0,0,0,0,0,0,0,0,0,0,0,0,0,0,0,0,0,0,0,0,1,0,0,0,0,0,0,0,0,0,0,1,0
"COG5360",0,1,0,4,2,0,0,2,0,1,0,0,5,1,0,1,0,1,0,15,0,0,0,0,0,0,1,2,2,0,2,0,3,0,0,0,2,0,1,3,0,0,0,5,5,0,2,0,0,1,1,1,0,5,0,2,1,0,0,1
"COG5361",1,10,3,2,0,1,0,4,1,1,3,0,3,3,0,0,6,3,1,9,1,1,1,0,0,0,0,3,2,4,4,2,4,1,1,2,0,1,1,0,4,1,2,1,1,0,8,1,0,20,0,0,0,2,0,0,3,4,0,1
"COG5362",0,0,1,1,4,0,5,1,15,0,3,0,4,0,0,0,4,0,7,0,3,0,1,0,0,0,0,1,0,0,0,0,5,0,1,1,0,1,0,0,0,0,0,1,1,0,4,0,8,0,0,0,0,6,9,2,3,1,0,0
"COG5368",2,25,32,9,68,16,8,6,67,24,15,51,20,13,13,29,18,6,10,34,47,19,1,0,2,61,26,53,0,34,23,43,9,23,53,21,24,21,18,51,7,6,26,10,46,23,53,26,20,48,55,47,47,9,40,50,39,19,4,30
"COG5373",0,3,1,2,5,2,0,0,4,0,0,1,1,1,0,12,0,3,1,1,2,2,0,0,2,5,3,1,0,5,1,23,2,1,4,4,4,1,2,14,2,0,2,2,0,45,4,0,6,4,3,3,1,0,31,7,11,2,2,4
"COG5377",11,7,22,10,4,6,4,11,3,10,10,4,6,18,9,1,6,14,10,7,2,5,14,18,16,21,8,13,13,7,13,3,17,25,13,1,24,3,4,9,27,1,5,5,7,5,9,6,5,6,8,1,11,8,6,1,3,19,1,7
"COG5383",0,1,0,0,3,0,0,0,0,1,0,0,2,0,0,1,0,2,1,0,0,0,0,14,0,0,0,0,0,0,0,0,0,1,0,0,1,0,0,0,0,0,3,1,0,0,0,0,1,0,1,0,0,4,0,0,0,0,3,1
"COG5393",1,0,0,0,1,6,0,0,0,0,0,0,0,0,0,1,0,0,0,0,0,0,0,3,4,0,0,0,0,0,0,0,0,0,0,3,0,0,0,2,0,0,1,0,0,0,0,0,1,1,1,1,0,0,0,0,0,0,0,0
"COG5398",0,0,0,0,0,1,0,0,0,0,0,0,0,0,0,0,0,0,0,0,0,0,0,0,0,0,0,0,0,0,0,0,0,0,0,0,0,0,0,0,0,0,0,0,0,0,0,0,0,0,0,0,0,0,0,0,0,0,0,0
"COG5401",0,0,1,0,0,0,0,1,1,3,2,0,3,2,0,0,6,4,3,0,0,0,0,0,0,0,0,2,0,0,3,0,1,0,0,0,0,0,0,0,1,0,3,0,0,0,0,1,0,0,0,0,0,0,0,0,2,0,0,2
"COG5404",1,1,0,0,2,2,0,0,1,0,0,0,1,0,0,0,0,3,0,0,0,0,2,8,1,0,0,0,0,0,0,2,0,0,0,2,0,0,0,1,0,0,2,0,0,0,0,0,1,0,0,0,0,2,0,0,0,0,1,0
"COG5405",0,0,0,1,4,3,18,0,2,3,1,1,2,5,6,0,2,1,5,0,1,0,3,18,6,1,2,0,0,0,5,2,2,1,4,5,2,1,6,12,2,7,3,0,0,0,0,1,3,0,0,5,0,5,0,3,0,0,6,1
"COG5410",1,8,4,3,19,3,8,7,25,226,19,1,12,10,14,8,59,3,9,0,3,4,2,12,1,4,13,3,2,21,14,0,19,0,7,11,2,25,25,16,5,0,5,5,18,3,7,7,7,15,9,14,6,58,24,2,26,32,1,28
"COG5412",1,11,3,17,4,5,0,26,2,32,12,3,2,34,19,2,16,15,11,5,4,14,4,0,34,2,27,24,7,18,7,1,16,4,4,5,4,16,1,2,5,4,5,37,11,0,1,12,1,8,9,3,6,39,1,2,4,2,2,8
"COG5413",0,0,0,0,0,0,0,2,0,0,0,0,0,0,0,0,0,0,0,0,0,0,0,0,1,0,0,0,1,0,0,0,0,0,0,0,0,0,0,0,0,0,0,0,0,0,0,0,0,0,0,1,0,0,0,0,0,0,0,0
"COG5418",0,0,0,0,0,0,0,0,0,0,0,0,0,0,0,0,0,1,0,0,0,0,6,5,0,0,0,0,0,0,0,1,0,0,0,0,0,0,0,0,0,0,0,2,0,1,0,0,1,0,0,1,1,0,0,1,0,0,0,0
"COG5421",16,13,5,10,9,6,1,12,5,31,9,5,21,30,10,41,19,5,19,12,10,30,4,2,18,6,10,3,86,0,27,16,3,21,1,20,22,14,5,1,32,25,1,10,46,1,2,18,17,25,36,14,22,8,34,20,18,2,4,11
"COG5423",0,2,0,0,1,0,0,0,0,1,0,2,4,1,1,0,0,0,2,2,0,1,0,0,0,0,0,1,0,0,2,1,0,0,0,0,1,1,1,0,2,2,0,0,2,0,0,0,0,2,0,0,1,0,1,0,1,0,0,2
"COG5424",0,0,0,0,0,1,0,0,0,0,0,0,0,0,0,0,0,1,0,0,0,0,0,0,0,0,0,0,0,0,0,0,0,0,0,0,0,0,0,1,0,0,0,0,0,0,0,0,0,0,0,0,0,0,0,0,0,0,0,0
"COG5426",0,0,0,0,2,5,0,0,0,0,1,1,1,0,1,2,1,0,0,0,0,0,2,16,1,1,0,0,1,0,0,2,0,1,1,2,0,0,1,1,0,0,0,0,1,0,0,0,2,0,0,1,0,1,0,1,0,0,1,1
"COG5427",0,5,2,1,3,3,1,0,0,0,11,0,1,1,8,1,0,1,1,4,0,6,29,0,19,1,2,2,32,1,2,2,1,2,1,3,6,2,0,1,5,2,1,5,5,0,0,3,3,1,5,1,0,2,0,2,1,5,14,2
"COG5433",40,34,4,69,25,18,160,70,16,48,10,22,21,14,32,75,15,43,8,136,12,32,6,82,11,36,21,13,41,36,40,87,14,11,25,16,40,29,92,45,138,13,18,40,28,179,19,13,65,36,28,54,23,3,46,53,64,33,14,31
"COG5434",143,69,70,45,109,60,53,31,57,41,23,58,47,41,43,81,41,34,23,72,55,78,11,12,23,94,61,26,45,66,154,213,159,393,268,194,248,145,258,150,178,99,194,147,182,229,319,159,215,201,215,312,214,57,296,267,219,205,25,202
"COG5437",0,0,0,0,0,0,0,0,0,0,0,0,0,0,0,0,0,0,0,0,0,0,0,0,0,1,0,0,0,0,2,1,0,0,0,0,0,0,0,0,0,0,0,0,0,0,0,0,0,1,0,0,0,0,0,1,0,0,0,2
"COG5438",2,12,7,9,4,10,15,7,9,8,11,4,13,11,24,11,11,4,22,16,7,13,38,4,50,9,17,21,40,9,19,5,11,3,11,14,9,6,6,8,11,36,1,6,15,1,8,7,11,12,7,8,9,16,3,4,4,22,24,3
"COG5441",0,1,0,0,1,0,0,0,0,0,3,0,1,0,3,1,2,2,0,0,2,1,0,18,1,0,1,2,0,0,6,1,0,0,1,1,1,1,0,6,2,0,0,1,0,0,0,4,4,1,4,0,1,0,1,1,0,1,1,1
"COG5444",0,2,1,4,1,2,17,4,1,13,3,1,1,0,1,0,15,3,6,2,2,3,3,6,15,0,0,5,1,2,1,0,2,0,8,2,2,5,0,0,1,2,2,1,3,0,3,5,0,2,0,4,1,1,0,0,1,2,0,2
"COG5445",0,0,0,0,1,0,0,0,0,0,0,0,1,0,0,2,0,0,0,0,0,0,0,21,0,0,0,0,0,1,0,3,0,1,1,4,0,0,0,0,0,1,5,0,0,1,0,0,0,0,0,0,0,5,1,4,0,0,2,0
"COG5449",2,0,0,0,0,0,0,0,0,1,0,0,0,1,0,1,0,0,1,0,0,0,0,0,0,0,0,0,0,0,0,1,0,0,0,1,0,1,0,0,0,0,0,0,0,0,0,0,0,0,0,0,0,0,0,0,2,0,0,0
"COG5455",0,0,0,0,0,0,0,0,0,0,0,0,0,0,0,0,0,0,0,0,0,0,1,0,0,0,0,0,0,0,0,0,0,1,0,1,0,0,0,2,0,0,1,0,0,0,0,0,0,0,0,0,0,0,0,0,0,0,0,0
"COG5457",0,0,0,0,0,2,0,0,0,0,0,0,0,0,0,0,0,0,0,0,0,0,0,0,0,0,0,0,0,0,0,0,0,1,0,0,0,0,0,0,0,0,0,0,0,0,0,0,0,0,0,0,0,0,0,0,0,0,1,0
"COG5459",0,0,0,1,0,0,0,0,0,8,1,0,0,0,0,0,0,0,0,0,0,0,0,0,0,0,0,3,0,0,1,0,1,0,0,0,0,1,0,0,0,0,0,0,0,0,0,1,0,0,0,0,0,1,0,0,1,0,0,0
"COG5463",0,0,0,0,2,2,0,0,0,0,0,0,0,1,0,1,0,0,0,0,0,0,0,21,1,1,0,0,0,0,0,0,0,2,0,1,0,0,0,3,0,0,2,0,1,1,0,0,0,0,0,0,0,2,1,0,0,0,3,1
"COG5464",46,0,23,2,23,24,33,10,6,11,8,3,17,17,2,6,1,12,0,1,0,6,6,68,1,2,1,1,15,2,10,9,0,35,3,13,1,0,31,4,7,15,19,3,3,2,3,4,6,0,2,2,3,31,6,3,2,1,8,7
"COG5470",0,0,0,0,0,0,0,0,0,0,0,0,0,0,0,0,0,0,0,0,0,0,1,0,0,0,0,0,0,0,0,0,0,0,0,0,0,0,0,0,0,0,0,0,0,0,0,0,0,0,0,0,0,0,0,0,0,0,0,0
"COG5471",0,0,0,1,0,0,0,1,0,3,0,0,0,0,0,0,0,0,0,0,0,0,0,0,0,1,1,0,0,0,0,1,0,0,0,0,0,0,0,0,0,0,2,2,0,0,0,0,0,0,0,1,2,0,0,0,0,1,0,0
"COG5474",0,5,0,0,0,0,0,0,0,0,0,0,0,0,0,2,0,2,0,0,0,0,0,0,0,0,0,0,5,0,1,0,2,0,0,0,0,0,0,0,0,0,0,0,0,0,1,4,0,0,0,0,0,0,0,0,0,0,0,0
"COG5475",0,0,0,0,0,0,0,0,0,0,0,0,0,0,0,0,0,0,0,0,0,0,0,2,0,0,0,0,0,0,0,0,0,1,0,0,0,0,0,1,0,0,0,1,0,0,0,0,0,0,0,0,0,1,0,0,0,0,1,0
"COG5476",0,4,2,1,5,5,1,0,1,0,0,1,6,0,4,4,1,0,7,4,4,2,6,2,1,1,3,0,6,0,1,7,1,2,1,1,3,0,0,3,1,4,0,4,2,3,2,4,3,4,1,0,8,3,4,4,1,1,2,3
"COG5482",0,0,0,1,0,0,0,0,0,0,0,0,0,1,0,0,0,1,0,0,0,0,0,0,0,0,0,0,0,0,0,0,2,0,0,0,1,0,0,0,1,0,0,0,0,0,0,2,0,0,0,0,0,0,0,0,0,0,0,0
"COG5483",0,11,1,0,0,0,1,0,1,0,0,0,0,0,0,3,0,0,1,0,0,0,0,0,5,0,0,1,0,0,0,0,0,0,4,1,0,0,0,0,0,0,0,0,0,0,1,0,0,4,0,0,4,0,4,1,0,0,0,0
"COG5484",0,0,1,1,0,6,0,1,0,1,1,2,1,3,1,1,3,0,0,5,2,0,2,1,0,1,0,0,0,2,1,0,2,1,1,2,1,0,3,6,0,2,5,2,0,0,3,1,2,0,3,1,0,9,0,0,1,0,5,0
"COG5485",0,0,0,0,1,0,0,0,0,1,0,1,1,0,0,1,2,0,0,0,0,0,0,0,0,0,2,0,0,0,0,0,0,1,0,1,0,0,0,0,0,0,0,0,0,0,0,1,0,0,0,0,0,1,0,0,0,0,0,0
"COG5492",28,36,18,47,19,40,20,36,24,16,36,46,48,98,72,38,60,54,24,50,25,46,13,17,35,38,22,257,58,43,101,94,102,9,39,57,63,42,15,44,33,50,64,18,39,37,53,31,26,29,29,27,25,79,22,26,62,76,14,48
"COG5493",0,0,0,0,0,0,0,0,0,0,0,0,0,0,2,0,2,0,0,0,0,0,1,1,0,0,0,0,0,0,0,0,0,0,0,0,0,0,0,0,0,0,0,0,1,0,0,0,0,0,0,0,0,1,0,0,0,0,0,0
"COG5495",0,9,3,9,3,3,11,5,4,8,9,3,10,7,20,4,9,7,2,4,1,9,4,3,2,3,7,12,3,5,16,6,5,3,15,4,5,4,7,0,8,16,7,17,2,3,8,7,1,4,6,8,7,5,4,1,4,4,1,1
"COG5496",2,6,6,9,5,12,8,4,11,11,17,17,9,18,11,5,11,11,11,9,13,6,3,2,7,1,8,8,14,10,16,10,9,5,12,2,13,12,11,4,9,8,12,17,3,10,8,13,5,10,13,7,8,12,13,7,9,11,1,4
"COG5498",45,47,31,12,25,35,51,8,17,18,23,18,22,9,4,16,26,13,28,45,29,38,0,8,0,16,27,14,13,25,24,33,31,9,13,20,11,18,26,12,23,16,12,14,14,22,65,49,9,68,25,23,28,15,26,21,32,13,1,35
"COG5499",0,0,0,0,1,5,0,0,0,0,0,0,0,0,0,3,0,0,0,0,0,0,1,11,0,1,0,0,0,0,0,1,0,4,0,0,1,0,2,2,0,0,1,0,0,0,0,0,0,0,0,0,0,1,0,0,0,0,3,0
"COG5503",0,0,0,0,0,0,0,0,0,0,0,0,0,0,0,0,0,0,0,0,0,0,7,0,2,0,0,0,0,0,0,0,0,1,0,0,0,0,0,0,0,3,0,0,0,0,0,0,0,0,0,0,0,0,0,0,0,0,4,0
"COG5504",0,0,1,0,0,1,0,0,2,0,0,1,0,0,0,0,2,3,0,1,0,1,2,0,0,0,3,3,1,0,0,0,0,0,2,0,0,0,1,0,0,0,0,0,0,0,0,1,0,1,1,0,0,4,0,0,0,0,0,0
"COG5505",2,11,5,8,1,1,1,0,2,1,2,4,1,7,3,0,6,1,4,0,2,5,1,10,3,1,2,4,13,3,5,1,6,3,5,5,3,7,2,3,1,0,0,2,7,0,0,6,6,4,4,0,5,5,1,2,4,14,1,1
"COG5506",0,0,0,0,0,0,0,0,0,0,4,0,0,0,0,0,0,0,0,0,0,0,6,1,1,0,0,0,1,0,0,0,0,0,0,0,0,0,0,0,0,0,0,0,0,0,0,0,0,0,0,0,0,0,0,0,0,0,1,0
"COG5507",0,0,0,0,0,0,0,0,0,0,1,0,0,0,0,3,0,0,0,0,0,0,2,4,0,0,0,0,0,0,0,1,0,0,0,1,0,0,0,0,0,0,1,0,0,0,1,0,0,0,0,0,0,1,0,1,0,1,1,0
"COG5510",0,0,0,0,0,0,0,0,1,1,0,0,0,0,0,0,0,0,0,0,0,0,1,2,0,0,0,0,0,0,0,1,0,1,0,0,1,0,0,0,0,0,1,0,0,0,0,0,0,1,0,0,0,1,0,0,0,0,0,0
"COG5511",0,6,0,4,2,1,0,2,0,2,0,1,0,4,0,3,2,4,26,6,1,4,1,21,0,0,3,3,1,6,8,1,5,5,8,3,2,6,1,0,1,6,12,14,2,1,1,1,0,6,7,0,7,22,0,2,1,1,2,7
"COG5512",0,1,1,0,2,1,9,0,1,6,1,0,7,4,6,3,4,0,3,0,1,1,1,0,5,0,2,2,0,0,4,0,0,0,2,15,1,1,1,0,2,8,0,1,1,2,0,0,0,1,4,3,1,1,1,1,1,0,25,3
"COG5514",0,0,0,2,0,0,0,0,0,0,0,2,0,1,0,1,0,0,0,0,0,0,0,0,0,0,0,0,1,0,0,0,0,0,0,0,2,0,0,0,0,0,0,0,0,0,0,0,0,0,0,0,0,0,0,0,0,0,0,0
"COG5517",0,0,0,0,1,2,0,0,0,0,0,0,0,0,0,0,0,2,0,1,0,0,0,8,0,0,0,0,0,1,0,0,0,1,0,0,0,0,0,0,0,0,6,0,0,0,0,0,0,0,0,1,0,0,1,0,1,0,3,0
"COG5518",1,0,1,3,0,7,0,1,0,0,0,0,5,1,0,0,1,4,1,1,0,1,0,1,0,5,0,0,0,1,0,3,5,0,0,3,0,0,0,5,0,0,1,1,0,0,1,0,0,0,1,0,4,8,0,2,1,0,0,0
"COG5519",0,3,6,1,0,1,0,2,5,1,2,3,0,12,4,0,6,1,2,4,3,0,1,4,4,0,3,0,1,2,3,5,3,0,11,91,1,9,0,2,5,0,10,0,0,1,0,3,0,1,114,1,1,9,1,0,0,8,2,0
"COG5520",109,42,65,13,85,45,63,11,46,25,23,23,65,39,31,71,36,16,19,52,98,56,7,11,17,48,48,29,16,37,39,72,55,72,39,63,67,56,56,65,32,42,43,20,15,95,89,20,81,50,35,92,59,29,81,51,68,25,9,61
"COG5521",0,0,0,0,0,0,0,0,0,0,0,0,0,0,0,0,0,0,0,0,0,0,15,0,0,0,0,0,0,0,0,0,0,0,0,0,0,0,0,0,0,0,0,0,0,0,0,0,0,0,0,0,0,0,0,0,0,0,0,0
"COG5522",1,0,1,1,0,1,1,0,0,0,0,2,1,1,2,1,1,2,0,0,1,0,0,0,2,0,2,0,0,1,1,0,1,1,2,0,5,4,4,6,4,2,5,0,3,0,0,1,0,2,0,0,1,3,0,5,0,5,0,0
"COG5523",1,16,15,13,9,10,4,22,8,27,34,14,7,20,31,18,18,27,23,21,13,9,29,10,36,21,11,21,25,13,21,16,16,2,16,11,10,16,17,8,13,18,14,28,20,5,22,19,14,10,9,16,23,14,18,4,17,27,46,10
"COG5525",4,7,4,11,6,2,2,2,1,19,0,7,5,11,0,16,4,14,61,17,7,4,1,60,1,2,3,3,4,18,5,3,4,10,4,6,1,5,3,5,11,12,16,17,3,1,3,1,3,10,7,1,6,16,2,4,4,2,20,8
"COG5527",6,8,1,4,1,14,1,9,21,4,8,7,0,11,30,1,13,2,11,3,6,6,10,53,20,2,0,9,5,1,12,3,1,5,9,1,10,3,8,1,15,12,3,3,3,0,1,2,2,0,1,2,6,12,9,3,7,46,15,9
"COG5529",1,0,0,2,2,0,0,0,0,0,0,0,2,0,2,0,0,1,0,0,0,0,0,12,4,0,0,0,0,0,0,2,0,1,0,6,1,1,0,1,0,0,2,1,0,0,0,0,2,0,1,1,0,7,1,0,0,0,5,1
"COG5532",0,0,0,0,0,0,0,0,1,0,0,0,0,2,0,5,0,0,0,0,1,0,0,34,0,0,0,0,0,0,0,0,0,1,0,0,0,0,0,0,0,0,0,0,0,0,0,0,0,0,0,0,0,6,1,0,0,0,0,0
"COG5542",0,1,6,13,1,0,1,7,8,5,6,0,5,4,3,0,5,20,18,5,3,1,0,0,0,9,0,13,3,2,7,0,13,1,4,3,0,5,0,0,14,0,10,0,3,0,8,16,0,5,0,2,2,19,1,0,3,3,0,7
"COG5544",0,0,0,0,1,1,0,0,1,0,0,0,0,0,0,2,0,1,0,0,0,0,0,4,0,0,0,0,0,0,0,0,0,0,1,0,0,0,0,3,0,0,1,1,0,0,0,0,1,0,0,0,0,0,0,0,0,0,2,0
"COG5545",230,174,253,96,191,121,299,97,141,109,90,168,145,146,65,164,63,98,121,143,138,148,31,37,94,201,233,112,120,138,149,190,119,240,95,113,159,132,217,198,143,231,82,123,136,193,173,87,137,218,118,118,111,91,167,135,162,168,36,110
"COG5546",0,0,0,0,0,3,0,0,0,0,0,0,0,0,0,0,0,0,1,0,0,0,0,0,1,0,0,0,0,0,0,0,0,0,0,0,0,0,0,0,0,0,0,0,1,0,0,0,0,0,1,0,0,0,0,0,0,0,0,0
"COG5549",0,0,0,0,0,0,0,0,0,0,0,0,0,0,0,0,2,1,0,0,0,0,19,0,5,0,0,0,1,0,0,0,0,1,0,1,0,0,0,0,0,8,0,0,0,0,0,1,0,0,0,0,0,0,0,0,0,0,3,0
"COG5551",0,0,2,7,1,0,1,1,0,0,3,1,3,2,6,1,1,3,0,7,1,1,7,0,0,0,0,3,4,3,2,0,3,0,1,2,0,0,3,0,0,6,3,0,0,0,0,5,0,1,0,0,6,2,1,0,1,3,0,1
"COG5553",0,0,0,0,0,1,0,0,0,0,0,0,0,0,0,0,0,2,0,0,0,0,1,0,0,0,0,1,0,0,0,0,0,0,0,0,0,0,0,0,0,0,0,0,0,0,0,0,2,0,0,0,0,0,0,0,0,0,1,0
"COG5557",3,0,4,1,2,0,0,0,4,2,0,1,5,0,1,1,1,0,1,1,1,3,2,26,0,1,2,0,2,0,0,2,0,1,1,0,2,1,0,0,2,0,2,1,1,1,1,2,1,1,0,2,0,3,0,1,1,0,1,1
"COG5561",2,2,0,2,0,6,0,4,3,6,2,1,2,1,1,17,3,0,0,4,1,2,1,0,1,3,2,5,3,1,7,5,1,1,1,3,2,0,4,3,4,3,0,0,2,7,1,1,0,1,1,3,2,0,4,2,1,2,0,2
"COG5562",0,0,0,0,0,0,0,0,0,0,0,0,0,0,0,0,0,0,0,0,0,0,0,6,1,0,0,0,0,0,0,1,0,1,0,2,0,0,0,0,0,0,0,0,0,0,0,0,0,0,0,0,1,0,0,2,1,0,1,0
"COG5564",0,1,0,0,0,0,0,1,0,0,2,1,0,0,0,0,0,0,0,0,0,0,0,2,1,0,1,0,1,0,0,0,0,0,0,0,0,1,0,3,0,0,0,0,0,2,0,1,0,0,1,0,0,0,0,0,0,0,0,2
"COG5565",0,0,0,0,0,0,0,0,0,0,0,0,0,0,0,0,0,0,0,0,0,0,0,0,0,0,0,0,0,0,0,0,0,0,0,0,1,1,0,0,0,0,0,0,0,0,0,0,0,0,0,1,0,1,0,0,0,0,1,0
"COG5566",0,0,0,0,0,0,0,0,0,0,0,0,0,0,0,0,0,0,0,0,0,0,0,0,0,0,0,0,0,0,0,0,0,0,0,0,0,0,0,0,0,0,0,0,0,0,0,0,0,0,0,0,0,1,0,0,0,0,0,0
"COG5567",0,0,0,0,0,2,0,0,0,0,1,0,0,0,0,2,0,1,0,0,0,0,1,8,1,0,0,0,0,0,0,1,0,0,0,0,0,0,0,3,0,0,0,0,0,0,0,0,1,0,0,0,0,0,0,0,0,0,1,0
"COG5569",0,0,0,0,0,2,0,0,0,0,0,0,0,0,0,0,0,3,0,0,0,0,0,3,0,0,0,0,0,0,0,0,0,0,0,0,0,0,0,0,0,0,1,0,0,0,0,0,1,0,0,0,0,1,0,0,0,0,1,0
"COG5571",1,0,0,0,0,4,0,1,0,0,0,0,0,0,0,1,0,1,1,0,0,0,3,12,1,0,0,0,0,0,0,0,0,1,0,1,0,0,0,0,0,0,0,0,0,0,0,0,0,0,0,0,0,2,0,0,0,0,0,0
"COG5577",1,6,4,4,0,1,0,2,3,1,5,1,2,2,5,0,5,3,3,0,1,7,6,0,3,0,2,6,9,3,4,0,4,2,8,0,0,2,0,1,6,4,3,20,6,2,5,6,1,0,2,2,1,1,1,0,2,7,0,0
"COG5578",0,0,0,0,0,0,0,0,0,0,0,0,0,0,0,0,0,0,0,0,0,0,3,0,0,0,0,0,0,0,0,0,0,0,0,0,0,0,0,0,0,0,0,0,0,0,0,0,0,0,0,0,0,0,0,0,0,0,0,0
"COG5579",10,1,0,4,0,1,1,14,1,1,2,1,2,5,0,0,5,1,0,0,4,11,2,0,0,3,0,1,0,2,11,5,2,5,1,2,0,1,1,0,2,0,1,3,2,2,3,2,3,0,3,1,0,4,5,2,0,0,0,0
"COG5581",0,0,0,0,1,0,0,0,1,0,0,0,3,0,0,2,0,1,0,0,0,0,0,10,0,0,0,0,0,0,0,0,0,1,0,1,0,0,0,1,0,0,1,0,0,0,0,0,1,1,1,1,0,1,0,0,0,0,2,0
"COG5585",1,9,3,9,0,1,0,5,4,2,11,1,1,1,1,1,10,4,2,2,18,5,18,13,0,3,7,1,2,6,3,1,7,1,18,2,9,2,2,0,4,5,0,41,13,2,6,9,1,12,10,0,4,34,2,1,4,1,6,1
"COG5586",0,0,0,0,0,0,0,0,0,0,0,0,0,0,0,0,0,2,3,0,0,1,0,2,0,0,0,0,0,0,0,0,0,0,0,1,1,0,0,0,0,0,1,0,0,0,0,0,0,0,0,0,0,3,0,0,0,0,0,0
"COG5587",2,10,10,12,30,14,3,11,19,20,8,22,24,12,6,18,20,13,19,15,19,21,0,1,0,16,24,8,0,12,16,18,17,18,13,20,16,13,19,15,9,2,16,11,18,25,16,27,22,13,24,23,26,12,38,22,18,5,3,14
"COG5595",0,0,0,1,0,0,0,0,0,0,2,0,0,0,0,0,0,0,0,0,0,0,0,0,0,0,0,0,0,0,0,0,1,0,0,1,2,0,0,0,0,0,0,0,0,0,0,0,0,0,0,1,0,0,0,0,0,0,0,0
"COG5598",0,0,0,1,0,0,0,0,1,1,0,1,1,2,0,0,0,0,1,0,0,0,0,0,0,0,0,0,0,0,1,0,0,0,0,0,0,1,0,2,0,0,1,0,0,0,2,1,0,2,0,0,0,4,2,0,0,0,0,0
"COG5606",0,0,0,0,0,0,0,0,0,0,0,0,0,0,0,0,0,0,0,0,0,0,1,3,0,0,0,0,0,0,0,0,0,0,0,0,0,0,0,0,0,0,0,0,0,0,0,0,0,0,0,0,0,0,0,0,0,0,2,0
"COG5610",1,6,8,13,7,0,1,28,19,7,39,23,8,8,30,8,5,11,11,27,7,26,19,0,0,18,13,2,3,5,7,8,17,0,8,9,0,24,3,1,27,7,18,13,14,0,13,9,9,4,30,74,9,15,6,4,8,14,5,7
"COG5614",0,0,0,4,0,0,0,1,0,0,0,2,0,2,0,0,3,0,0,0,0,0,0,4,0,0,0,0,0,0,2,0,1,0,0,1,0,2,0,0,0,1,0,1,0,0,0,0,0,0,1,0,2,2,0,0,1,3,0,0
"COG5617",0,2,3,1,0,0,0,5,1,0,2,0,3,2,9,0,1,4,7,0,1,11,1,0,2,2,0,6,12,5,7,0,7,0,1,1,0,10,4,0,5,3,2,2,3,0,7,9,4,3,0,1,6,1,0,0,3,11,0,0
"COG5618",0,1,0,0,0,2,0,0,0,0,1,0,1,0,4,0,0,1,0,0,0,0,1,0,0,0,0,0,2,0,0,0,1,0,1,1,0,0,0,0,0,0,1,1,0,0,0,0,0,0,0,0,1,0,0,0,0,0,0,0
"COG5619",1,0,0,0,0,0,0,1,0,0,2,1,0,1,0,0,5,0,1,6,1,2,1,0,0,1,0,0,2,2,0,0,0,2,1,9,1,0,0,0,1,1,0,1,0,0,0,0,0,0,0,0,0,0,0,0,0,0,1,2
"COG5620",0,2,2,7,1,13,0,7,7,11,3,2,5,8,0,0,11,2,0,2,8,7,1,2,0,3,0,6,1,10,10,6,5,5,2,7,12,0,15,1,4,3,6,3,10,1,2,15,7,4,7,10,19,2,7,13,7,7,0,3
"COG5632",5,7,22,8,9,3,2,12,8,10,22,3,14,15,18,9,25,10,9,4,14,9,16,6,28,9,7,13,14,10,12,4,9,3,9,6,5,21,3,5,10,13,21,25,13,4,12,24,6,10,19,5,11,9,6,1,7,13,16,11
"COG5633",0,0,0,0,0,0,0,0,0,0,0,0,0,0,0,0,0,1,0,0,0,0,3,2,0,0,0,0,0,0,0,0,0,0,0,0,1,0,0,1,0,0,0,0,0,0,1,0,0,0,1,0,0,2,0,0,0,0,0,0
"COG5635",23,9,2,4,21,2,2,13,3,2,13,0,13,2,1,2,2,32,5,2,1,1,1,2,0,0,5,0,32,0,2,2,8,0,18,2,18,7,26,4,48,0,20,1,0,4,17,5,35,3,17,7,17,1,3,14,0,0,6,0
"COG5640",0,0,0,0,0,0,0,0,0,0,0,0,0,0,0,0,0,0,0,0,0,0,0,0,0,0,0,0,0,0,0,0,0,0,0,0,0,0,0,0,1,0,0,0,0,0,0,0,0,0,3,0,0,4,0,2,0,0,0,0
"COG5642",0,0,0,0,0,3,0,0,0,0,0,0,0,0,0,0,0,1,0,0,0,0,0,0,0,0,0,0,0,0,0,0,0,0,0,0,0,0,0,0,0,0,0,0,0,0,0,0,0,0,0,0,0,0,0,0,0,0,0,0
"COG5645",0,0,0,0,1,4,0,1,1,0,1,0,1,0,0,2,0,4,0,0,0,0,2,10,1,1,0,0,0,0,0,2,0,1,0,1,1,0,1,2,0,0,5,0,0,0,0,1,0,0,0,0,0,1,1,1,0,0,1,0
"COG5646",0,0,0,0,0,0,0,0,0,0,0,0,0,1,0,0,0,0,0,0,0,0,0,0,0,0,0,0,0,0,0,0,0,0,0,0,0,0,0,0,0,0,0,1,0,1,0,0,0,0,0,0,0,0,0,0,0,0,0,0
"COG5651",0,0,1,0,0,0,0,0,0,0,0,0,0,0,0,0,0,0,0,0,0,0,0,0,0,0,0,0,0,0,0,2,0,0,0,0,0,0,0,0,0,0,0,0,0,0,0,0,0,0,0,0,1,0,0,0,2,0,0,0
"COG5652",3,9,8,10,0,0,4,7,4,1,14,7,7,5,18,5,16,5,11,12,6,13,12,7,14,6,7,15,12,10,16,2,10,1,14,2,3,5,1,0,12,6,13,11,11,3,2,17,0,4,3,3,8,8,2,2,3,4,6,3
"COG5654",0,0,0,0,0,6,0,1,0,0,0,0,0,0,0,0,0,1,0,0,0,0,0,0,0,0,0,0,0,0,0,0,0,0,0,0,0,0,0,0,0,0,0,0,0,0,0,0,0,0,0,0,0,0,0,0,0,0,0,0
"COG5655",6,0,1,0,13,5,0,0,1,0,3,2,0,0,0,0,12,0,0,0,1,6,3,190,6,4,1,0,0,0,0,2,14,0,0,19,2,0,2,1,0,0,0,1,1,0,0,0,3,2,1,1,0,16,0,0,13,3,12,0
"COG5658",0,7,7,0,2,2,1,5,2,1,17,4,6,2,14,0,12,2,2,3,11,7,9,4,15,11,2,11,6,3,9,0,4,0,4,2,0,4,4,1,6,4,3,4,8,4,9,7,1,2,0,2,8,13,2,0,1,7,15,3
"COG5659",0,0,0,0,0,0,0,0,0,0,0,0,0,0,0,0,0,0,0,0,0,0,0,0,0,0,0,0,0,0,0,1,0,0,0,0,0,0,0,0,0,0,0,0,0,0,0,0,0,0,0,1,0,0,0,0,0,0,0,1
"COG5663",0,6,6,3,3,1,0,5,2,0,8,5,5,5,0,1,21,6,4,0,9,3,0,4,2,8,0,9,0,2,2,0,0,0,0,0,2,2,0,0,0,0,0,0,0,0,0,2,0,1,0,0,0,5,1,2,1,0,0,0
