"","Sample.1.to.30","Sample.31.to.60","BaseMean","Estimated.dispersion","AbundanceStrata","VariabilityStrata"
"COG0013",NA,-3,102806.14794807,0.0945668292935033,"3","1"
"COG0016",NA,-3,42879.6923395808,0.0946978163318878,"3","1"
"COG0066",NA,-3,27584.2095509388,0.112280455295594,"3","1"
"COG0084",-3,NA,30472.7202379797,0.037688467873575,"3","1"
"COG0088",-3,NA,24229.2119020593,0.0951689804288354,"3","1"
"COG0091",-3,NA,14707.3987324791,0.100855733946849,"3","1"
"COG0100",-3,NA,15751.8701408964,0.0868199229528074,"3","1"
"COG0117",-3,NA,30309.0623900484,0.13167015290861,"3","1"
"COG0122",-3,NA,23309.9668555091,0.0828805608129943,"3","1"
"COG0133",NA,-3,40201.3175257329,0.0903188433327959,"3","1"
"COG0135",NA,-3,18567.3864840367,0.0826997633719009,"3","1"
"COG0171",-3,NA,50694.8197569119,0.138303858509983,"3","1"
"COG0185",NA,-3,11356.7052570686,0.108297471100985,"3","1"
"COG0187",NA,-3,125617.262112701,0.0699569212402091,"3","1"
"COG0189",-3,NA,49208.538652478,0.153361709558275,"3","1"
"COG0191",NA,-3,13533.8509631133,0.180378745506793,"3","1"
"COG0192",-3,NA,49861.9440322047,0.0804432382316639,"3","1"
"COG0194",-3,NA,20592.891109269,0.0798337766384097,"3","1"
"COG0203",-3,NA,14505.5283372508,0.0723011280718521,"3","1"
"COG0206",-3,NA,53627.2778266905,0.0813129750645034,"3","1"
"COG0211",NA,-3,9667.69477118835,0.0977868789722674,"3","1"
"COG0212",NA,-3,17023.6577890534,0.0661959788647384,"3","1"
"COG0216",-3,NA,40331.9086612327,0.104558385778215,"3","1"
"COG0227",-3,NA,10140.7148030535,0.121087193977798,"3","1"
"COG0234",-3,NA,22831.0328350807,0.468604749648564,"3","2"
"COG0237",-3,NA,22920.9708067389,0.0913802253783181,"3","1"
"COG0254",-3,NA,9207.32966616327,0.0972869392938259,"3","1"
"COG0261",NA,-3,16081.0536131403,0.11474803049799,"3","1"
"COG0271",-3,NA,7662.45643136251,0.0710598130019842,"2","1"
"COG0293",-3,NA,17221.1539492639,0.0826916464894664,"3","1"
"COG0320",NA,-3,37909.7027802177,0.132947641894185,"3","1"
"COG0323",-3,NA,22565.0153133738,0.0473147488974656,"3","1"
"COG0324",NA,-3,32550.9907054589,0.0922766337028978,"3","1"
"COG0331",-3,NA,30942.1126614179,0.0925192551632825,"3","1"
"COG0350",-3,NA,12227.8549723195,0.0491710217962587,"3","1"
"COG0356",NA,-3,34794.8118765952,0.105521274963334,"3","1"
"COG0357",NA,-3,19975.7696909395,0.101061459706031,"3","1"
"COG0366",-3,NA,43429.1564492092,0.210903944469682,"3","1"
"COG0371",NA,-3,8244.91588565461,0.683523879419839,"3","2"
"COG0372",-3,NA,51944.3021659847,0.0422328796887058,"3","1"
"COG0374",-3,NA,1891.65652898055,1.62095036196292,"2","3"
"COG0388",NA,-3,67031.4128598825,0.0430529063658014,"3","1"
"COG0403",-3,NA,76560.0715847289,0.13684821991035,"3","1"
"COG0405",-3,NA,71571.7627871777,0.0419259823203242,"3","1"
"COG0411",NA,-3,41190.7098217538,0.105293770699933,"3","1"
"COG0418",NA,-3,10381.8768558657,0.246068764309218,"3","1"
"COG0443",NA,-3,110976.463102524,0.0748185842358406,"3","1"
"COG0461",-3,NA,29631.7692841312,0.165301681815468,"3","1"
"COG0465",NA,-3,96253.4925544156,0.152047192483795,"3","1"
"COG0471",NA,-3,52259.7032761229,0.0379672785387726,"3","1"
"COG0474",-3,NA,9966.5292788359,0.483964245216845,"3","2"
"COG0492",-3,NA,70336.8654996498,0.118236370214297,"3","1"
"COG0496",NA,-3,15787.4355364797,0.0692133011418392,"3","1"
"COG0506",NA,-3,29148.9595276339,0.134485067207615,"3","1"
"COG0515",NA,-3,46041.4712183359,0.287026639619089,"3","1"
"COG0525",-3,NA,100668.433477196,0.0970653313439309,"3","1"
"COG0534",-3,NA,66202.9381932806,0.0401143158803132,"3","1"
"COG0535",-3,NA,28158.6886289405,0.260163184611518,"3","1"
"COG0558",NA,-3,29433.9020445812,0.0816917558095594,"3","1"
"COG0576",-3,NA,24481.569059968,0.0895969496201272,"3","1"
"COG0584",-3,NA,27957.9060495975,0.0470423587462817,"3","1"
"COG0593",NA,-3,69803.6493314823,0.0824462449253828,"3","1"
"COG0601",-3,NA,54818.2034721068,0.0900135083504005,"3","1"
"COG0609",NA,-3,13349.9432616498,0.40681523827841,"3","2"
"COG0612",NA,-3,60287.2001807677,0.0664230683018694,"3","1"
"COG0620",-3,NA,21670.0662518259,0.162467832744923,"3","1"
"COG0622",NA,-3,2562.60953533174,0.268219049133778,"2","1"
"COG0626",-3,NA,63177.8969718742,0.0949429515599652,"3","1"
"COG0629",-3,NA,23632.1084189195,0.165956458938673,"3","1"
"COG0634",NA,-3,6292.26576541904,0.116904448142961,"2","1"
"COG0639",NA,-3,16604.5202556224,0.0749727161173253,"3","1"
"COG0645",NA,-3,1025.29096447735,1.50874759497933,"2","3"
"COG0655",NA,-3,5773.07612805985,0.348596765206539,"2","2"
"COG0674",NA,-3,29753.8023226052,0.541940157009179,"3","2"
"COG0712",-3,NA,21385.3107524655,0.107513135051993,"3","1"
"COG0714",NA,-3,122377.579811125,0.367065805774999,"3","2"
"COG0719",-3,NA,90159.1742042086,0.0863327178501364,"3","1"
"COG0722",-3,NA,15371.9428750199,0.123200272263038,"3","1"
"COG0723",-3,NA,21326.0391560432,0.0829770796756755,"3","1"
"COG0738",NA,-3,7832.30711508929,0.5225078302407,"2","2"
"COG0741",-3,NA,66318.4694506497,0.0384412265094058,"3","1"
"COG0744",NA,-3,26913.4081620785,0.101653986159933,"3","1"
"COG0749",-3,NA,242370.199649449,0.801158048982863,"3","2"
"COG0771",-3,NA,42165.9990027271,0.120596677211338,"3","1"
"COG0803",NA,-3,17472.1939732567,0.402588534663285,"3","2"
"COG0812",NA,-3,31057.8505688461,0.101162064921211,"3","1"
"COG0817",NA,-3,8778.42476068823,0.0334751037302448,"3","1"
"COG1020",NA,-3,9874.20949073104,0.750827690289051,"3","2"
"COG1029",NA,-3,1158.28280369848,0.279892680332171,"2","1"
"COG1030",NA,-3,6607.81520578623,0.497985058552629,"2","2"
"COG1048",-3,NA,77276.2837328641,0.0547173104314377,"3","1"
"COG1063",-3,NA,37674.7767342166,0.0961092306576172,"3","1"
"COG1066",NA,-3,21474.2656606522,0.126638967126186,"3","1"
"COG1069",-3,NA,2200.28921006626,0.487659194559511,"2","2"
"COG1070",-3,NA,22575.4235599425,0.172227648133136,"3","1"
"COG1085",NA,-3,5435.40735380494,0.518495769217322,"2","2"
"COG1097",NA,-3,3227.970975972,1.61099753245134,"2","3"
"COG1111",-3,NA,6441.07992210317,1.19928364347572,"2","2"
"COG1117",-3,NA,14088.2240432844,0.492104772752564,"3","2"
"COG1134",-3,NA,6095.57798247305,0.177502439002104,"2","1"
"COG1139",-3,NA,2539.21268646782,1.67031210818723,"2","3"
"COG1164",NA,-3,16302.668365006,0.242796123418063,"3","1"
"COG1239",-3,NA,16783.7377599906,0.481259482625477,"3","2"
"COG1247",NA,-3,2536.42704107717,0.194640383888861,"2","1"
"COG1254",-3,NA,2327.30491874633,0.68212208473445,"2","2"
"COG1308",-3,NA,945.403617488296,2.18912571558009,"2","3"
"COG1310",-3,NA,7556.20869526596,1.13250873769138,"2","2"
"COG1325",NA,-3,1030.66655282886,4.32963395508849,"2","3"
"COG1338",-3,NA,4376.16913878988,0.233037186055554,"2","1"
"COG1344",-3,NA,31656.3127289414,0.182349199192208,"3","1"
"COG1346",NA,-3,1565.65103627619,1.26687864927544,"2","2"
"COG1348",-3,NA,5691.85924659432,1.54064016727534,"2","3"
"COG1366",-3,NA,3048.32799446686,0.252103899540095,"2","1"
"COG1395",NA,-3,16.9150084249457,6.99589755198012,"1","3"
"COG1396",-3,NA,25780.1646545874,0.125229470084594,"3","1"
"COG1427",NA,-3,2028.58432609236,0.750654828046599,"2","2"
"COG1428",-3,NA,10040.1996250882,0.233659355811259,"3","1"
"COG1436",NA,-3,625.270666180017,1.08277020415692,"1","2"
"COG1443",NA,-3,3632.05993216674,0.305400299751765,"2","2"
"COG1445",NA,-3,375.767690806467,1.34477079825991,"1","2"
"COG1465",NA,-3,3455.53046371545,1.60996644729111,"2","3"
"COG1472",-3,NA,66993.6190138591,0.0697878074426397,"3","1"
"COG1494",NA,-3,18253.9863406156,0.243786376001716,"3","1"
"COG1523",NA,-3,15317.6973708945,0.503890014804753,"3","2"
"COG1539",-3,NA,12212.8920865007,0.0945201006440343,"3","1"
"COG1545",-3,NA,5502.36463780952,0.319644391703385,"2","2"
"COG1551",-3,NA,1399.3903978159,0.329154555717081,"2","2"
"COG1553",-3,NA,1048.72525918745,0.421548453733266,"2","2"
"COG1575",-3,NA,15066.6585864837,0.243726019138829,"3","1"
"COG1581",-3,NA,1246.8005640593,2.36776495575048,"2","3"
"COG1590",-3,NA,247.020198554273,1.34121981614453,"1","2"
"COG1594",-3,NA,2970.62724895348,0.778732697010444,"2","2"
"COG1606",NA,-3,5353.26713174798,0.753843100873109,"2","2"
"COG1617",NA,-3,5.02740640687293,7.6246278924021,"1","3"
"COG1619",-3,NA,7288.91734927547,0.253845349489534,"2","1"
"COG1622",-3,NA,44938.9890331378,0.0612507556892141,"3","1"
"COG1624",-3,NA,7813.48717999676,0.347997584661793,"2","2"
"COG1632",-3,NA,2268.5160212645,1.27999648947699,"2","2"
"COG1639",-3,NA,5747.11033899893,1.39017336195123,"2","2"
"COG1645",NA,-3,3.29217049165608,6.27945301009169,"1","3"
"COG1659",NA,-3,7.53512313449359,3.74335784899588,"1","3"
"COG1674",NA,-3,64256.9427516683,0.0832115809621704,"3","1"
"COG1694",-3,NA,29119.4569464706,0.33339372401757,"3","2"
"COG1695",-3,NA,2636.45907146838,0.604273908227732,"2","2"
"COG1716",-3,NA,2899.91341700707,0.440836965686231,"2","2"
"COG1724",NA,-3,18.9861754954519,3.30604847429426,"1","3"
"COG1737",NA,-3,6070.32970505805,0.516708781980559,"2","2"
"COG1754",NA,-3,61205.804158438,0.237903678794595,"3","1"
"COG1755",NA,-3,239.204197535562,1.14219929111346,"1","2"
"COG1756",-3,NA,1071.03151757995,2.81294134453749,"2","3"
"COG1759",NA,-3,4921.69033460258,1.90562598079837,"2","3"
"COG1768",NA,-3,18.8422962286396,3.65905677090776,"1","3"
"COG1777",NA,-3,1242.77698780166,1.26144014084224,"2","2"
"COG1784",-3,NA,1765.89079499976,1.40675851474698,"2","2"
"COG1792",-3,NA,24321.5552238872,0.0945206988620942,"3","1"
"COG1825",NA,-3,23584.0763562564,0.0985006364435899,"3","1"
"COG1840",-3,NA,40356.105641999,0.13092645269434,"3","1"
"COG1852",NA,-3,262.366378183169,1.84313773934526,"1","3"
"COG1861",-3,NA,10050.1767701038,0.243939776170652,"3","1"
"COG1863",-3,NA,2271.46083195968,0.269307596148433,"2","1"
"COG1866",NA,-3,30266.3774953029,0.0498606087299263,"3","1"
"COG1868",NA,-3,6215.73674557293,0.214440786471742,"2","1"
"COG1892",-3,NA,8.02825838586778,14.9885947153033,"1","3"
"COG1898",NA,-3,16512.5427103896,0.151843726951413,"3","1"
"COG1900",-3,NA,22.6183289074329,7.85960123800852,"1","3"
"COG1907",-3,NA,884.842646087022,0.346818269437113,"2","2"
"COG1916",-3,NA,3219.34654834904,0.723184251766671,"2","2"
"COG1932",NA,-3,24827.9214632377,0.0591271067999061,"3","1"
"COG1945",-3,NA,957.916421871023,1.78326091298165,"2","3"
"COG1960",-3,NA,290015.68685296,0.0247631734502488,"3","1"
"COG1983",-3,NA,578.815439393531,1.46311934703088,"1","3"
"COG2013",NA,-3,2725.6787350526,0.320907934662733,"2","2"
"COG2019",NA,-3,1011.06727032777,2.3944605285727,"2","3"
"COG2030",NA,-3,25888.6570224797,0.0378321963278636,"3","1"
"COG2035",NA,-3,10380.4464129254,0.121306523881156,"3","1"
"COG2052",-3,NA,9.87165774525159,7.27497273755954,"1","3"
"COG2057",NA,-3,5756.70747871175,0.157264440980585,"2","1"
"COG2068",NA,-3,7617.50537714548,0.0982701249593939,"2","1"
"COG2074",-3,NA,1617.11114662416,1.23334029205064,"2","2"
"COG2089",-3,NA,38803.7688392919,0.167185488722307,"3","1"
"COG2098",NA,-3,4.31039449595432,8.2861462643537,"1","3"
"COG2106",-3,NA,1367.36586753047,3.21912324670705,"2","3"
"COG2115",NA,-3,6725.98313734214,0.261003284368825,"2","1"
"COG2120",NA,-3,16475.061876686,0.143984574236174,"3","1"
"COG2121",NA,-3,5277.73701696843,0.308033416973864,"2","2"
"COG2135",-3,NA,14542.395140935,0.118794781265003,"3","1"
"COG2139",-3,NA,1083.0412792412,1.26135786683497,"2","2"
"COG2152",NA,-3,730.303961617271,1.00760104203687,"1","2"
"COG2159",-3,NA,21378.5975760711,0.478248147691934,"3","2"
"COG2164",-3,NA,828.881295481268,1.08981678366822,"2","2"
"COG2165",NA,-3,4714.15316810684,0.231169383395619,"2","1"
"COG2182",-3,NA,3382.84778307948,0.381660794249246,"2","2"
"COG2189",NA,-3,6751.88988404781,0.596684199966988,"2","2"
"COG2193",-3,NA,5871.25979797108,0.160493533894401,"2","1"
"COG2194",NA,-3,3480.40998509279,1.28492842850797,"2","2"
"COG2201",-3,NA,6667.6583356939,0.975890305940069,"2","2"
"COG2207",-3,NA,36881.2099347863,0.966201724121245,"3","2"
"COG2210",NA,-3,969.736288920071,1.30707167117861,"2","2"
"COG2211",-3,NA,33159.6793274529,0.198894296192598,"3","1"
"COG2219",NA,-3,5101.7931546521,1.4383631310381,"2","2"
"COG2220",NA,-3,34440.2123353858,0.0920310277840153,"3","1"
"COG2238",NA,-3,1792.06261665105,1.28962692168185,"2","2"
"COG2239",-3,NA,44261.0104085255,0.0732375551813406,"3","1"
"COG2256",-3,NA,16249.156682604,0.154314222029817,"3","1"
"COG2261",NA,-3,142.806270589802,2.29220653880384,"1","3"
"COG2301",-3,NA,18379.1824415814,0.129284537532228,"3","1"
"COG2319",-3,NA,31721.6379610136,0.442033366485176,"3","2"
"COG2323",NA,-3,554.823814605561,2.02002039646146,"1","3"
"COG2333",-3,NA,5283.63342646965,1.33182460434733,"2","2"
"COG2346",-3,NA,1531.86995614915,0.873372018497725,"2","2"
"COG2356",-3,NA,6463.26826167122,0.361790883550544,"2","2"
"COG2358",-3,NA,18256.5971256347,0.11551754927156,"3","1"
"COG2375",NA,-3,2803.12375306577,0.743299700029294,"2","2"
"COG2391",NA,-3,6953.60425321383,0.36419545215056,"2","2"
"COG2403",NA,-3,259.630833079623,7.01663513103123,"1","3"
"COG2406",NA,-3,864.179093906996,4.19211924300699,"2","3"
"COG2425",-3,NA,362.97163055148,1.58669725448135,"1","3"
"COG2426",NA,-3,734.690497601243,1.14586534380629,"1","2"
"COG2431",NA,-3,172.704147073574,2.00036061643558,"1","3"
"COG2443",NA,-3,419.131892614136,1.20427752139759,"1","2"
"COG2511",-3,NA,7314.85640773467,1.41532728826172,"2","2"
"COG2522",NA,-3,531.617300390203,1.29372694216773,"1","2"
"COG2704",-3,NA,15.9590788070337,3.02194532299063,"1","3"
"COG2721",-3,NA,25443.5576828808,0.225612096346364,"3","1"
"COG2731",NA,-3,71.4652300321262,1.18345502171917,"1","2"
"COG2801",NA,-3,46012.7238317609,1.37244344872905,"3","2"
"COG2815",NA,-3,4485.06699750891,0.983578246904174,"2","2"
"COG2833",NA,-3,1157.05405877181,0.678076490380803,"2","2"
"COG2840",NA,-3,4245.21099631689,0.183269452090392,"2","1"
"COG2849",NA,-3,23123.2198123171,0.311369528790319,"3","2"
"COG2850",-3,NA,3421.48441211728,0.655592938273099,"2","2"
"COG2851",NA,-3,162.100111003388,2.81332866622176,"1","3"
"COG2852",-3,NA,931.213122653449,2.11798898652381,"2","3"
"COG2873",-3,NA,48923.0868138033,0.153458735533452,"3","1"
"COG2874",-3,NA,636.361305604622,1.34591482398045,"1","2"
"COG2902",-3,NA,11570.3860540419,1.06192070475085,"3","2"
"COG2904",NA,-3,3786.68907815198,0.265327768270788,"2","1"
"COG2905",-3,NA,4495.53182073747,1.57617170654447,"2","3"
"COG2907",-3,NA,25403.8936680012,0.293349416207031,"3","1"
"COG2915",-3,NA,1372.97818590325,0.695929804422798,"2","2"
"COG2923",NA,-3,761.872738303116,0.43244333684796,"2","2"
"COG2947",-3,NA,10940.2257376347,0.0997813988227434,"3","1"
"COG2957",-3,NA,11966.8361767467,0.129315123080201,"3","1"
"COG2964",NA,-3,263.851893529185,1.51000443921085,"1","3"
"COG2975",-3,NA,937.003531223141,0.415228938861895,"2","2"
"COG2978",NA,-3,3355.14909254075,1.04742472314556,"2","2"
"COG2980",-3,NA,1040.48750470047,0.607905966414151,"2","2"
"COG3002",NA,-3,1641.93344668322,1.31746848299603,"2","2"
"COG3027",-3,NA,5701.72441369945,0.206219622495601,"2","1"
"COG3031",NA,-3,2107.64232063013,0.612126664495006,"2","2"
"COG3033",NA,-3,3619.64797594354,0.674490272863504,"2","2"
"COG3037",NA,-3,11.5749734626101,3.21356682338927,"1","3"
"COG3061",-3,NA,1.23754098207606,6.12262287931865,"1","3"
"COG3065",-3,NA,412.729310674215,2.22408057975942,"1","3"
"COG3077",NA,-3,142.406518458435,1.91103385744328,"1","3"
"COG3082",NA,-3,138.00970863895,2.65478350454801,"1","3"
"COG3087",NA,-3,1350.87530952128,0.822499639039472,"2","2"
"COG3095",NA,-3,3.71221558151344,4.0876586711346,"1","3"
"COG3110",-3,NA,34.3368494595091,2.33439680069345,"1","3"
"COG3113",NA,-3,1.16573340611682,9.49012944971449,"1","3"
"COG3114",NA,-3,38.8427799433186,2.4423026552681,"1","3"
"COG3130",-3,NA,356.511111901927,1.54223334105975,"1","3"
"COG3151",NA,-3,1683.47291429393,0.245062624470745,"2","1"
"COG3155",NA,-3,1989.88019030059,0.86165785214658,"2","2"
"COG3156",NA,-3,4882.24368400811,0.203225995877487,"2","1"
"COG3202",NA,-3,6962.54177774443,0.185320487381319,"2","1"
"COG3210",-3,NA,5251.56880979004,0.571793324751803,"2","2"
"COG3216",NA,-3,4660.09180156114,0.254745801632801,"2","1"
"COG3233",-3,NA,79.1021836256929,2.56971228466375,"1","3"
"COG3272",NA,-3,1673.29312599782,0.627710665318861,"2","2"
"COG3296",NA,-3,656.145399880602,1.09022573704578,"1","2"
"COG3322",NA,-3,519.409987749718,2.49889863232112,"1","3"
"COG3340",NA,-3,7833.51493601575,0.448103503170376,"3","2"
"COG3354",NA,-3,13.4431153235503,5.34150467725224,"1","3"
"COG3358",-3,NA,1463.4795117847,0.437437479388924,"2","2"
"COG3372",NA,-3,503.954012652971,2.47719612525878,"1","3"
"COG3382",-3,NA,163.906250914221,1.60969761504713,"1","3"
"COG3388",-3,NA,3.42414511285178,8.51226456960325,"1","3"
"COG3390",-3,NA,1604.64748022573,1.25663395760161,"2","2"
"COG3395",NA,-3,6825.26824737261,0.786550071610238,"2","2"
"COG3402",NA,-3,194.593019870376,1.68820075971963,"1","3"
"COG3411",-3,NA,2340.21517839719,0.406836706536685,"2","2"
"COG3436",-3,NA,16966.2158131591,1.61680585378351,"3","3"
"COG3440",NA,-3,2019.23787542814,0.187793156435822,"2","1"
"COG3474",NA,-3,11872.3506023305,0.188531233815713,"3","1"
"COG3478",-3,NA,530.887546231426,1.12409820626548,"1","2"
"COG3500",-3,NA,638.400407701484,0.596597149295906,"1","2"
"COG3511",NA,-3,219.692455907331,1.32835596712191,"1","2"
"COG3512",NA,-3,74.3043899733388,1.36060744829108,"1","2"
"COG3517",NA,-3,1385.59950631441,1.1187801891246,"2","2"
"COG3529",NA,-3,388.457572645982,1.58614952535696,"1","3"
"COG3538",NA,-3,654.529496629146,1.00205845065229,"1","2"
"COG3560",NA,-3,11.4289854833301,4.03191730087605,"1","3"
"COG3583",-3,NA,60.9629191553091,2.66583642355989,"1","3"
"COG3594",NA,-3,604.596960957893,0.583013483885377,"1","2"
"COG3595",-3,NA,359.852919269796,2.00198511961085,"1","3"
"COG3597",NA,-3,197.49235103185,0.506228178087936,"1","2"
"COG3603",-3,NA,444.029247763567,1.77748613860318,"1","3"
"COG3612",-3,NA,2.8262587009406,12.8120426393564,"1","3"
"COG3619",-3,NA,118.049214973773,2.34917190145811,"1","3"
"COG3625",-3,NA,601.26283130971,2.21583446333796,"1","3"
"COG3641",-3,NA,4.40612583988876,5.96989495111606,"1","3"
"COG3650",NA,-3,263.786098137953,1.38151731238893,"1","2"
"COG3660",-3,NA,16120.6502526009,0.314666026667611,"3","2"
"COG3678",-3,NA,531.82430261153,2.49255282158275,"1","3"
"COG3695",NA,-3,2186.50932325414,0.226416702250247,"2","1"
"COG3727",NA,-3,1234.80170316684,0.332721973770159,"2","2"
"COG3728",NA,-3,633.233743213019,1.95975681724433,"1","3"
"COG3739",-3,NA,404.103994284629,2.17774893100031,"1","3"
"COG3750",-3,NA,536.262924337117,0.489332530904814,"1","2"
"COG3777",NA,-3,2898.13939216189,0.2789695666867,"2","1"
"COG3787",NA,-3,256.89447548262,1.39006258016539,"1","2"
"COG3788",-3,NA,1187.04922841672,0.250819333159649,"2","1"
"COG3798",-3,NA,87.5960308136887,2.61960110582555,"1","3"
"COG3803",NA,-3,5767.9151919328,0.105305894821414,"2","1"
"COG3806",-3,NA,3346.06965269931,0.394649879835063,"2","2"
"COG3816",NA,-3,4283.69879800546,0.128732662982949,"2","1"
"COG3837",NA,-3,541.855170437033,0.713831444345068,"1","2"
"COG3839",NA,-3,56672.8365345157,0.192300362256121,"3","1"
"COG3847",NA,-3,6.64160977289419,4.90680467496293,"1","3"
"COG3859",NA,-3,39.4288433020081,3.57948065843806,"1","3"
"COG3861",NA,-3,4.59846027480854,4.95968291329374,"1","3"
"COG3864",NA,-3,11775.9532977894,1.37531489843845,"3","2"
"COG3876",NA,-3,10010.7210704612,0.197716515036996,"3","1"
"COG3904",NA,-3,185.310181730925,1.4267519545339,"1","2"
"COG3921",NA,-3,869.179851193454,1.47594942118648,"2","3"
"COG3965",-3,NA,472.057417734648,2.08423959262796,"1","3"
"COG3968",NA,-3,2136.07175723449,0.751744336902807,"2","2"
"COG3975",NA,-3,6031.63898301264,0.293470184583027,"2","1"
"COG3981",NA,-3,137.328482154873,1.37422143440667,"1","2"
"COG4085",-3,NA,110.213130975584,1.65868698010261,"1","3"
"COG4104",-3,NA,500.09662800425,0.849637770035079,"1","2"
"COG4120",-3,NA,137.124460398644,2.124079011246,"1","3"
"COG4122",NA,-3,14115.2947215637,0.239008221217468,"3","1"
"COG4139",-3,NA,1.8059455875081,2.78096517176059,"1","3"
"COG4143",NA,-3,5240.05396974273,0.269802908228519,"2","1"
"COG4147",NA,-3,35547.4934071314,0.211063292503221,"3","1"
"COG4152",NA,-3,3058.51386467061,0.284974021170815,"2","1"
"COG4172",-3,NA,15854.2563016609,0.132056187337559,"3","1"
"COG4174",-3,NA,7879.88374632107,0.0902395652686469,"3","1"
"COG4231",NA,-3,17818.8312166428,0.163360624511043,"3","1"
"COG4233",NA,-3,12463.0604317054,0.252377706925831,"3","1"
"COG4249",-3,NA,7303.75287960759,0.349155442952963,"2","2"
"COG4274",-3,NA,3845.38932644447,0.71353198369639,"2","2"
"COG4294",-3,NA,10325.6852404694,1.94408291848301,"3","3"
"COG4295",-3,NA,60.6637117275338,2.1668753350478,"1","3"
"COG4315",NA,-3,233.545341010349,1.043291864098,"1","2"
"COG4326",-3,NA,59.1516786334009,3.78312874121695,"1","3"
"COG4327",-3,NA,5070.03312208981,0.225539580783944,"2","1"
"COG4340",NA,-3,307.36416617833,0.686777409583418,"1","2"
"COG4388",NA,-3,321.191649807986,2.44902678102201,"1","3"
"COG4420",-3,NA,342.029114264766,1.1924780215164,"1","2"
"COG4421",NA,-3,6961.29579680591,0.326416218661866,"2","2"
"COG4422",NA,-3,381.55313640231,2.03868229395568,"1","3"
"COG4487",-3,NA,7149.81887083624,0.817458056727721,"2","2"
"COG4573",NA,-3,332.453918652176,0.665059141841263,"1","2"
"COG4603",-3,NA,21214.7861982268,0.136610476175358,"3","1"
"COG4646",-3,NA,2978.54579243135,1.94246479330352,"2","3"
"COG4655",-3,NA,108.742224212542,2.44972018456648,"1","3"
"COG4656",NA,-3,3653.80248235611,1.37721748610912,"2","2"
"COG4658",NA,-3,2257.14367336607,1.00873340423448,"2","2"
"COG4670",-3,NA,1048.38815917063,0.551336622644652,"2","2"
"COG4692",-3,NA,2126.58072739901,0.731721773236117,"2","2"
"COG4714",NA,-3,259.033588053041,0.581530261920131,"1","2"
"COG4729",-3,NA,55.4073203809149,3.28751541024038,"1","3"
"COG4734",-3,NA,452.433806381007,2.23432317045881,"1","3"
"COG4737",-3,NA,165.44035063649,2.25903738676553,"1","3"
"COG4742",-3,NA,563.641005687629,17.2131547716748,"1","3"
"COG4748",-3,NA,501.383145354031,0.522350410243011,"1","2"
"COG4778",-3,NA,744.176899117152,2.09665680888008,"2","3"
"COG4787",NA,-3,2700.25454338771,0.446449165584244,"2","2"
"COG4796",-3,NA,16216.8811860397,0.0864954651854538,"3","1"
"COG4830",NA,-3,461.113291945137,3.08415161466473,"1","3"
"COG4832",-3,NA,304.038211454976,3.0142965630259,"1","3"
"COG4842",NA,-3,2.5001303898122,4.94655601798827,"1","3"
"COG4865",-3,NA,41.264806211073,2.98373147412862,"1","3"
"COG4888",NA,-3,15.7891429347467,3.40345892115248,"1","3"
"COG4889",-3,NA,13916.5697422803,1.06960024915818,"3","2"
"COG4899",NA,-3,23.390194997483,3.44287097031971,"1","3"
"COG4908",NA,-3,8.67826251712741,8.39323070750028,"1","3"
"COG4910",NA,-3,37.6324080603555,1.76123127297311,"1","3"
"COG4912",NA,-3,1029.56140198856,1.3965767361516,"2","2"
"COG4934",-3,NA,155.510384681315,1.00118011011188,"1","2"
"COG4956",NA,-3,4910.2815031098,1.44099301881035,"2","2"
"COG4957",NA,-3,625.482270369786,1.29212454017829,"1","2"
"COG4961",NA,-3,1484.22908542022,1.67605248563941,"2","3"
"COG4962",-3,NA,4229.87637162408,0.947282001463333,"2","2"
"COG4964",-3,NA,2020.7188001249,1.30652050603554,"2","2"
"COG4997",NA,-3,244.43167155044,1.8525576347846,"1","3"
"COG5002",NA,-3,6701.47799346125,0.826576130140126,"2","2"
"COG5009",NA,-3,61983.5285391756,0.0883625115491569,"3","1"
"COG5013",-3,NA,3087.17279475538,1.82394303510579,"2","3"
"COG5015",-3,NA,12.884645790266,3.61067338064532,"1","3"
"COG5016",-3,NA,11590.1708955072,0.142584992850909,"3","1"
"COG5032",NA,-3,3363.55082330336,2.05954883348947,"2","3"
"COG5056",-3,NA,17.618302671505,3.69120269033483,"1","3"
"COG5066",NA,-3,78.1147350857731,3.19959325914942,"1","3"
"COG5107",NA,-3,165.781164224853,3.40052991494362,"1","3"
"COG5119",-3,NA,13.8418779551695,5.65129198346716,"1","3"
"COG5123",-3,NA,21.9211561650722,6.22058264105934,"1","3"
"COG5126",-3,NA,1894.23581962714,1.56964653049373,"2","3"
"COG5151",-3,NA,90.8607348535398,3.48244434934655,"1","3"
"COG5152",-3,NA,97.8944189502412,3.0527518891033,"1","3"
"COG5161",NA,-3,197.278805464235,3.47301957529975,"1","3"
"COG5185",NA,-3,4.76960019001394,4.44813953148608,"1","3"
"COG5198",NA,-3,90.7326993718368,1.6087523906507,"1","3"
"COG5218",-3,NA,170.682979929919,3.31202762052941,"1","3"
"COG5224",NA,-3,25.7186391449966,5.40372638410538,"1","3"
"COG5232",NA,-3,91.3558391661274,3.13055499933457,"1","3"
"COG5237",NA,-3,19.3108082905892,4.13911285167604,"1","3"
"COG5243",-3,NA,129.132438772147,2.28075166968681,"1","3"
"COG5247",-3,NA,35.4220546752961,6.71529541680924,"1","3"
"COG5249",NA,-3,37.4827389622135,3.43046909549661,"1","3"
"COG5253",NA,-3,595.395355825108,2.03742283816303,"1","3"
"COG5254",NA,-3,2.54835523224927,2.70158078946997,"1","3"
"COG5262",-3,NA,275.826045642586,1.6016457265421,"1","3"
"COG5278",-3,NA,1024.41552040602,1.84332746629045,"2","3"
"COG5290",NA,-3,174.561713723565,5.61611136912302,"1","3"
"COG5307",-3,NA,743.681792983677,3.29785397051369,"2","3"
"COG5322",-3,NA,4441.52767739831,1.38921260155974,"2","2"
"COG5333",-3,NA,175.11011898845,2.91105378277657,"1","3"
"COG5350",-3,NA,868.201175532889,0.492185557326271,"2","2"
"COG5422",NA,-3,53.3277974358129,2.73141820584994,"1","3"
"COG5426",NA,-3,456.603619902975,0.989880468297387,"1","2"
"COG5428",-3,NA,6.60816226476242,3.87738114601843,"1","3"
"COG5436",NA,-3,591.496961779234,0.555849076686479,"1","2"
"COG5439",NA,-3,4.85777387943203,2.95808902915465,"1","3"
"COG5455",-3,NA,10.5863084139442,4.80295506723823,"1","3"
"COG5477",NA,-3,976.594185443968,0.275396033332773,"2","1"
"COG5486",-3,NA,2096.95537921738,0.358529224041475,"2","2"
"COG5496",-3,NA,506.263862438319,1.00790115190248,"1","2"
"COG5497",-3,NA,15.8013995497629,3.76632069305459,"1","3"
"COG5509",-3,NA,3.90686505889915,10.4359139740844,"1","3"
"COG5511",-3,NA,4260.83212564309,1.53166209382492,"2","3"
"COG5517",-3,NA,1017.53844938627,0.958808499206083,"2","2"
"COG5522",NA,-3,8700.73453672289,0.541032672146371,"3","2"
"COG5525",NA,-3,5314.81052330311,1.45353948643141,"2","3"
"COG5551",-3,NA,3.20772803699914,6.86805727304715,"1","3"
"COG5562",NA,-3,7.69816503218712,4.59197630881646,"1","3"
"COG5566",NA,-3,14.7700029301755,3.01993591950794,"1","3"
"COG5595",-3,NA,56.0638849881287,3.82514355223777,"1","3"
"COG5630",NA,-3,726.247192332603,1.39333964616897,"1","2"
"COG5632",NA,-3,232.071536250965,1.89617125192894,"1","3"
"COG5647",-3,NA,647.143964071991,2.53426676397126,"1","3"
"COG5648",-3,NA,332.453370248361,1.31675834484029,"1","2"
"COG5652",NA,-3,110.727634642784,1.22662074440588,"1","2"
