"","X142_MES_0d2.3","X100_MES_0d2.3","X124_SUR_0d45.0d8","X36_SUR_0d2.1d6","X82_DCM_0d2.3","X102_MES_0d2.3","X76_SUR_0d45.0d8","X48_SUR_0d2.1d6","X25_SUR_0d2.1d6","X30_SUR_0d2.1d6","X37_OMZ_0d2.1d6","X110_DCM_0d2.3","X125_DCM_0d2.3","X150_DCM_0d2.3","X93_SUR_0d2.3","X132_SUR_0d2.3","X123_DCM_0d45.0d8","X64_SUR_0d2.3","X98_SUR_0d2.3","X78_MES_0d2.3","X78_DCM_0d45.0d8","X84_SUR_0d2.3","X125_SUR_0d45.0d8","X36_DCM_0d2.1d6","X72_MES_0d2.3","X52_DCM_0d2.1d6","X102_SUR_0d2.3","X148_MES_0d2.3","X18_DCM_0d2.1d6","X128_SUR_0d2.3","X70_MES_0d45.0d8","X152_SUR_0d2.3","X111_DCM_0d2.3","X124_DCM_0d45.0d8","X76_DCM_0d2.3","X56_MES_0d2.3","X39_OMZ_0d2.1d6","X150_SUR_0d2.3","X138_SUR_0d2.3","X32_DCM_0d2.1d6","X111_MES_0d2.3","X31_SUR_0d2.1d6","X76_MES_0d45.0d8","X100_SUR_0d2.3","X132_MES_0d2.3","X152_DCM_0d2.3","X137_DCM_0d2.3","X122_DCM_0d45.0d8","X151_DCM_0d2.3","X122_SUR_0d2.0d45","X70_SUR_0d2.0d45","X124_SUR_0d2.3","X34_DCM_0d2.1d6","X96_SUR_0d2.3","X68_DCM_0d45.0d8","X142_SUR_0d2.3","X122_DCM_0d2.0d45","X42_SUR_0d2.1d6","X138_MES_0d2.3","X58_DCM_0d2.3","X152_MES_0d2.3","X68_MES_0d2.3","X125_DCM_0d45.0d8","X18_SUR_0d2.1d6","X125_SUR_0d2.0d45","X38_OMZ_0d2.1d6","X72_SUR_0d2.3","X62_SUR_0d2.3","X68_DCM_0d2.0d45","X85_SUR_0d2.3","X65_MES_0d2.3","X148_SUR_0d2.3","X4_SUR_0d2.1d6","X109_DCM_0d2.3","X78_SUR_0d45.0d8","X39_DCM_0d2.1d6","X78_SUR_0d2.3","X76_MES_0d2.3","X138_DCM_0d2.3","X38_SUR_0d2.1d6","X78_DCM_0d2.0d45","X64_DCM_0d2.3","X30_DCM_0d2.1d6","X65_SUR_0d2.3","X76_DCM_0d2.0d45","X112_MES_0d2.3","X140_SUR_0d2.3","X67_SUR_0d45.0d8","X76_SUR_0d2.0d45","X122_MES_0d2.3","X125_DCM_0d2.0d45","X64_MES_0d2.3","X123_SUR_0d45.0d8","X112_DCM_0d2.3","X7_SUR_0d2.1d6","X141_SUR_0d2.3","X122_SUR_0d45.0d8","X68_SUR_0d2.3","X68_SUR_0d45.0d8","X137_SUR_0d2.3"
"COG0001",518,446,454,305,437,577,381,395,301,313,372,351,594,301,358,390,221,367,350,612,398,368,491,284,394,394,397,613,337,397,446,434,368,508,392,465,411,363,359,499,515,388,418,424,582,408,425,393,408,349,357,373,574,370,395,327,379,298,456,348,568,602,465,334,621,384,295,314,443,450,607,352,348,340,402,301,353,620,338,285,379,365,312,296,445,582,296,328,284,539,366,619,355,385,323,282,479,386,409,390
"COG0002",237,268,262,278,238,350,312,339,328,379,174,185,241,232,290,324,155,291,305,303,260,237,181,279,285,279,235,236,326,217,206,259,284,226,215,259,209,310,286,239,265,276,212,231,269,284,267,224,241,241,309,247,253,333,287,246,253,318,223,275,261,294,261,313,384,242,291,281,207,351,259,289,349,220,299,220,317,277,203,308,298,181,288,262,337,240,290,209,328,250,247,306,195,269,247,275,291,281,239,238
"COG0003",13,6,9,8,23,8,15,6,1,2,8,19,12,18,2,8,4,13,2,16,19,1,16,13,6,12,10,15,12,24,22,11,8,15,25,7,4,20,13,16,8,6,22,5,7,4,10,24,24,17,16,13,14,1,19,9,5,11,12,10,21,7,19,12,4,5,15,23,10,0,8,17,6,19,16,13,21,25,16,16,4,32,0,9,4,12,12,8,5,14,14,11,43,18,4,6,17,9,10,13
"COG0004",554,851,637,912,641,741,720,866,827,946,630,729,665,862,698,865,472,885,808,546,686,492,449,943,626,835,846,549,854,709,474,862,848,580,665,504,785,899,850,770,698,891,440,745,549,847,749,600,815,650,904,736,571,829,717,768,643,899,641,888,542,584,662,830,824,838,805,865,1192,544,507,893,884,889,682,864,759,523,718,853,931,998,855,818,1087,527,879,630,948,616,768,540,563,682,1152,750,833,736,672,885
"COG0005",263,320,218,185,164,311,265,268,176,176,346,189,264,243,121,273,23,257,238,295,242,132,178,216,233,268,210,305,216,223,175,186,241,208,200,251,369,229,292,236,320,278,169,203,306,214,333,194,265,231,230,252,295,198,229,264,222,269,305,266,273,295,261,214,284,358,259,283,240,201,287,253,184,216,237,229,232,251,180,221,278,246,170,255,268,290,215,131,210,284,223,306,182,244,168,220,287,226,241,236
"COG0006",1341,1612,672,1230,1283,1508,821,940,1018,1039,1339,1172,1215,1021,1082,947,723,1122,1084,1566,1000,1046,953,1239,1027,1103,1224,1314,952,1064,1037,1240,1194,871,859,1090,1453,1225,955,1167,1539,1001,980,1036,1600,1215,1498,721,1169,1174,1309,1021,1345,1085,982,1146,1147,1116,1361,1136,1441,1651,819,1073,1263,1572,903,1073,1166,1314,1477,1201,997,1154,773,1025,1031,1364,1255,1153,1183,1031,1010,1252,1184,1340,1070,1073,1191,1382,1320,1527,959,1081,1094,1001,786,1019,974,1163
"COG0007",190,201,193,43,110,222,135,115,107,30,171,75,155,90,69,115,279,95,74,171,163,58,189,78,195,106,61,111,105,68,215,71,85,176,114,154,253,87,97,108,198,161,230,71,181,78,264,243,74,33,28,95,104,73,135,74,55,95,193,102,150,170,187,98,110,268,98,69,99,77,168,70,85,77,164,112,110,178,78,98,57,84,67,47,85,184,87,115,65,170,22,158,80,87,70,104,195,142,159,73
"COG0008",814,757,689,761,770,864,648,662,719,650,706,772,756,753,742,677,525,732,720,795,757,739,760,689,708,729,776,822,735,778,735,815,750,749,630,723,683,759,688,805,850,678,683,718,838,751,739,682,781,760,765,729,753,722,721,740,812,664,709,656,841,855,667,683,797,713,621,624,700,811,826,821,704,740,687,689,650,794,742,707,758,749,736,729,726,746,751,859,722,820,769,777,800,693,760,765,674,769,783,738
"COG0009",304,277,281,316,298,335,237,305,316,396,188,268,256,279,282,304,189,283,299,302,263,322,198,294,280,309,305,264,295,319,225,294,326,216,229,263,264,271,283,243,288,266,233,303,262,308,236,256,311,311,336,291,309,321,249,351,297,300,201,276,279,271,266,306,322,285,268,304,246,448,288,303,329,277,257,277,308,257,275,288,310,226,309,296,298,271,286,293,314,285,307,262,244,304,231,319,286,258,252,311
"COG0010",424,466,331,462,580,462,467,461,426,329,417,490,480,433,427,423,93,457,341,496,355,482,306,480,446,434,381,451,347,425,340,468,465,294,297,450,412,444,463,362,520,534,307,363,429,491,506,269,421,349,265,287,308,200,306,252,250,313,243,337,345,342,219,247,393,287,279,320,335,221,322,305,243,275,299,292,294,263,337,347,275,308,205,280,285,290,252,266,210,285,263,343,241,218,234,314,250,290,294,287
"COG0011",3,5,44,7,0,3,8,13,11,1,29,7,3,6,2,2,1,5,2,1,13,0,8,5,6,15,12,3,3,27,0,7,15,11,14,3,21,3,26,3,3,6,9,15,5,4,10,33,4,7,1,29,7,2,10,7,2,4,15,13,5,8,70,5,2,19,13,8,0,1,5,6,2,19,7,10,5,5,4,18,1,11,3,7,2,3,14,5,2,6,1,3,14,10,2,13,89,19,13,22
"COG0012",492,416,404,422,410,645,468,533,431,418,418,423,462,473,405,482,158,516,496,539,469,393,301,437,500,459,496,497,465,458,345,467,429,379,378,541,419,454,513,393,572,444,295,416,477,501,366,367,498,503,502,438,443,466,470,453,493,498,397,445,535,507,398,432,557,420,441,490,525,436,579,436,441,442,444,399,468,518,474,471,542,442,463,491,535,476,465,364,514,527,476,597,389,445,453,379,471,459,469,486
"COG0013",815,809,820,895,867,949,996,1098,878,948,797,1045,918,1039,826,1083,404,1036,1078,914,976,819,647,950,941,1106,1025,949,1054,965,546,996,1046,716,775,806,792,1042,1034,905,899,976,623,982,860,1007,741,770,999,1089,1052,959,964,959,1090,1044,940,1079,732,1104,920,883,898,1041,1059,788,976,1069,1047,799,929,996,931,1063,1028,917,955,854,1085,958,1063,1009,1066,1001,1119,849,996,817,1145,844,1027,838,894,1114,942,922,953,959,1001,1044
"COG0014",242,276,297,406,273,246,410,484,474,306,200,313,308,412,391,449,231,465,519,285,353,255,251,431,315,463,386,283,425,337,289,321,431,238,296,273,301,461,497,322,263,446,226,323,263,364,265,323,331,356,420,406,295,497,349,375,369,483,231,445,255,266,327,434,348,344,412,398,311,354,238,368,453,314,381,396,444,253,366,452,426,327,479,435,420,247,419,253,557,257,481,232,270,455,385,338,361,431,338,405
"COG0015",380,419,477,482,446,454,497,563,518,573,442,485,507,459,484,510,157,572,617,441,526,425,352,484,429,575,561,486,561,556,312,527,531,442,452,379,434,571,542,547,448,549,326,590,417,545,468,371,489,615,584,553,530,616,520,530,534,520,400,564,428,491,509,593,608,425,525,541,551,445,446,526,489,503,545,496,552,386,596,496,585,533,563,548,619,406,538,498,570,500,606,468,503,573,489,501,564,537,588,541
"COG0016",355,312,322,385,352,421,384,434,376,340,327,401,392,409,370,432,131,382,450,421,415,334,293,414,380,413,388,393,431,398,245,407,424,330,334,322,358,431,401,414,357,400,264,409,372,428,341,293,443,441,476,388,411,453,417,438,393,450,326,372,375,370,372,401,496,332,340,426,447,455,352,419,395,415,369,374,414,334,396,400,466,406,389,448,493,367,423,348,444,407,417,407,433,407,397,379,366,400,384,437
"COG0017",351,228,146,68,207,361,114,49,55,93,291,248,278,147,136,81,173,153,110,312,188,158,245,101,227,123,181,348,151,208,231,227,135,242,174,313,199,153,106,270,319,80,167,150,280,265,209,150,253,201,188,140,352,76,222,190,164,75,255,106,307,318,199,117,358,186,95,135,241,144,409,224,93,144,106,109,74,349,245,129,199,248,89,191,213,356,107,213,79,327,159,340,247,143,111,103,148,154,212,152
"COG0018",461,523,608,619,601,600,613,811,601,733,537,664,584,625,680,732,225,730,703,565,656,532,399,619,586,735,637,576,684,694,382,693,707,429,515,556,517,673,715,605,585,670,409,709,553,660,465,549,675,775,740,676,601,707,659,659,652,762,468,676,549,604,627,743,756,563,698,760,597,575,522,673,657,679,685,627,686,500,689,655,720,483,678,737,692,500,696,606,856,561,755,577,580,695,583,680,818,635,694,717
"COG0019",420,484,416,657,529,436,569,668,745,753,391,469,539,603,741,666,326,636,733,480,522,575,408,653,499,602,592,453,656,518,461,554,645,376,457,540,494,614,654,508,431,566,490,575,455,566,563,455,564,538,737,543,441,714,499,642,609,689,411,619,490,455,391,622,606,583,618,695,496,633,462,621,660,570,492,532,692,423,599,653,692,451,711,647,659,443,623,437,788,506,715,432,478,657,550,552,448,607,500,603
"COG0020",234,265,250,217,260,266,242,291,240,290,269,270,232,264,243,246,129,313,294,251,250,236,178,240,260,280,253,264,266,299,189,263,262,190,228,269,235,263,262,221,242,200,170,287,254,272,198,232,267,326,223,182,196,184,188,186,197,194,137,168,157,153,201,189,201,143,163,179,188,164,164,177,188,195,143,163,177,157,211,199,204,157,185,183,156,167,202,175,201,180,239,166,171,217,135,161,186,160,179,199
"COG0021",488,671,575,683,470,555,585,692,669,841,753,681,604,648,573,717,453,679,796,566,591,414,498,654,567,762,713,509,714,652,430,577,739,449,617,461,799,663,734,615,586,735,439,658,506,575,711,615,658,825,739,656,598,782,607,680,779,663,680,748,556,568,610,740,632,769,655,710,829,444,479,743,695,724,614,664,698,461,705,625,796,678,745,718,819,454,723,399,889,540,803,521,535,767,719,607,683,654,604,713
"COG0022",360,395,549,316,628,318,475,368,329,548,468,629,485,478,392,472,172,524,379,356,545,631,508,368,415,451,487,541,475,601,292,538,519,517,547,455,454,507,492,618,382,474,389,551,391,535,382,432,551,528,524,528,607,402,560,568,524,384,416,443,441,380,637,422,446,396,472,489,592,447,465,511,374,504,522,481,403,344,635,417,513,692,427,510,522,486,474,753,322,409,542,411,714,518,433,466,623,421,542,554
"COG0023",55,30,44,11,32,54,47,34,10,15,33,27,33,40,25,32,33,37,21,40,43,52,37,17,49,35,19,48,35,34,39,29,27,36,39,63,28,36,37,32,43,45,24,26,40,32,31,57,26,17,27,14,46,12,47,18,21,32,30,34,46,39,49,33,30,18,37,30,21,38,52,28,41,24,55,33,49,60,33,22,39,29,22,14,25,51,24,35,24,50,14,56,28,31,22,20,57,55,58,22
"COG0024",257,266,271,307,267,306,303,346,285,352,273,325,318,318,240,349,164,338,299,279,282,286,212,268,269,305,291,322,337,316,217,326,307,262,267,297,268,327,285,298,277,298,241,330,274,329,271,250,328,330,333,364,326,312,356,296,331,293,229,320,273,284,335,295,358,255,264,302,341,252,267,335,288,313,259,277,317,251,317,269,303,355,326,315,323,270,290,261,312,319,347,284,329,332,332,303,331,352,323,328
"COG0025",232,139,272,59,106,101,204,132,79,68,183,97,115,108,141,135,327,154,84,120,171,87,154,63,144,102,79,94,119,127,234,88,111,171,202,320,134,129,167,108,116,200,273,138,155,80,175,310,79,67,41,139,98,70,150,109,67,95,173,120,165,106,282,83,53,111,129,107,87,105,141,83,84,112,241,138,129,150,108,125,27,183,86,79,63,216,108,100,64,182,44,148,142,170,91,103,324,194,191,131
"COG0026",173,128,322,292,271,188,353,405,357,384,29,247,158,280,335,428,150,325,345,174,270,252,153,313,255,293,288,157,275,260,151,277,266,157,214,188,66,287,335,205,159,365,150,303,125,291,68,266,238,242,276,288,189,366,260,291,193,336,64,309,151,131,285,271,253,75,317,348,228,300,146,261,331,236,365,294,360,164,207,348,264,237,322,265,282,174,323,240,360,197,246,158,248,267,271,276,359,324,282,314
"COG0027",20,19,234,40,60,12,160,158,63,16,7,51,28,67,57,126,79,103,72,33,129,84,54,56,72,75,76,19,134,81,44,55,81,69,77,57,3,93,104,66,16,157,61,90,13,38,25,151,43,47,12,119,28,47,143,78,29,131,21,103,10,8,208,95,17,4,124,100,20,47,15,55,108,84,207,97,110,34,43,107,19,89,76,60,46,20,85,56,62,32,9,10,80,98,53,108,294,137,187,104
"COG0028",1586,1542,957,1524,1120,1502,1233,1354,1550,1307,1429,1318,2015,1383,1173,1419,638,1334,1625,2122,1466,1173,1736,1406,1423,1469,1497,1821,1484,1167,1323,1456,1495,1602,1357,1443,1478,1484,1306,2054,1709,1409,1374,1316,1946,1519,1535,997,1613,1237,1457,1303,1722,1668,1279,1304,1417,1354,1505,1341,1974,2016,976,1605,1777,1592,1316,1324,1649,955,1853,1559,1555,1412,1317,1348,1517,1896,1387,1266,1587,1555,1544,1573,2068,1978,1297,960,1333,1656,1446,1985,1068,1423,1728,1385,1021,1421,1167,1480
"COG0029",103,144,350,151,145,107,253,264,180,186,134,149,95,195,144,273,240,211,195,80,272,83,146,171,173,179,156,78,285,190,138,182,172,200,190,119,139,199,219,121,84,314,154,138,77,195,163,272,146,114,109,206,99,188,302,148,96,176,162,216,72,83,330,254,44,136,204,220,146,198,69,142,235,148,306,228,198,97,116,193,110,200,179,111,100,63,191,130,179,87,97,62,145,201,169,163,372,211,293,160
"COG0030",274,259,274,259,276,300,314,319,271,279,261,279,262,273,266,252,126,306,328,318,288,244,203,280,258,272,294,310,311,322,193,306,285,231,228,314,263,304,299,290,300,256,181,289,255,291,264,219,265,345,313,298,288,316,339,272,325,291,235,280,282,296,259,321,352,244,316,320,240,243,308,286,297,280,337,210,289,274,277,248,319,221,293,302,272,258,312,278,355,281,363,283,266,296,174,300,348,278,301,284
"COG0031",529,493,592,391,378,561,562,561,475,498,464,445,456,522,427,550,303,559,495,556,598,393,400,393,520,531,475,545,511,486,406,532,486,479,477,521,504,518,570,510,532,592,441,560,519,513,503,464,514,459,448,507,444,472,521,425,455,514,471,519,512,504,583,544,515,524,502,471,502,389,533,451,514,521,615,450,503,507,464,414,506,519,507,400,486,535,407,413,396,511,383,529,456,563,461,481,737,561,557,509
"COG0033",34,14,234,29,10,14,245,199,51,14,26,69,12,98,73,197,161,146,78,22,167,7,50,40,136,104,47,6,155,81,60,56,99,56,116,60,20,65,166,20,5,230,93,66,23,37,40,179,20,44,5,94,9,56,149,110,20,140,44,177,5,6,267,113,3,17,144,128,16,2,12,37,97,77,278,155,158,24,50,110,14,123,75,35,24,15,103,12,72,25,2,18,61,132,37,94,305,156,181,75
"COG0034",471,497,538,515,566,560,588,632,504,636,488,580,481,550,514,639,197,597,654,519,595,582,381,585,463,575,596,521,606,599,385,589,608,459,452,519,467,619,544,490,544,524,346,568,483,567,515,387,554,644,598,540,485,605,601,583,594,541,461,541,558,536,529,606,592,530,549,562,593,625,486,554,571,599,550,485,565,512,532,548,609,540,599,597,595,480,547,537,623,549,574,504,603,524,583,582,647,544,591,607
"COG0035",97,85,125,58,58,85,119,126,61,29,49,68,46,79,63,119,87,94,59,71,82,50,64,53,80,81,63,38,72,87,76,74,84,63,86,54,69,75,95,53,81,101,94,88,56,87,71,89,53,46,33,71,36,33,63,34,39,62,36,60,54,48,94,45,26,40,56,64,24,41,27,31,56,50,90,63,57,37,45,57,38,55,38,35,27,34,60,56,28,68,37,35,46,68,37,64,94,62,80,63
"COG0036",248,269,297,267,263,304,275,297,255,299,236,282,314,261,271,292,103,320,288,287,263,242,205,272,249,262,257,300,298,304,171,308,317,250,217,269,227,275,278,271,281,282,169,304,238,306,256,238,290,301,331,302,294,300,294,294,298,300,200,254,302,286,272,291,404,278,291,285,346,285,238,319,301,273,294,255,272,249,284,299,334,310,272,302,302,249,288,227,314,273,295,275,295,263,280,302,329,326,323,293
"COG0037",497,431,461,528,534,572,477,589,483,477,542,470,562,499,511,515,232,571,545,555,559,558,497,539,497,514,510,558,499,576,426,525,574,454,421,517,521,596,548,489,516,502,364,604,527,544,511,458,533,623,599,562,556,507,549,535,638,540,527,570,505,509,517,569,699,599,536,531,423,683,594,559,501,513,526,505,562,498,501,535,648,422,541,571,548,458,535,533,600,584,622,549,541,530,418,441,519,501,502,510
"COG0038",189,193,295,122,148,147,258,213,165,50,111,118,92,171,121,185,209,154,118,153,211,144,142,123,192,161,116,104,176,134,174,107,128,169,177,211,138,128,199,130,214,274,188,116,163,94,154,233,120,66,29,187,118,81,237,151,71,154,151,187,160,153,325,109,61,136,191,170,86,204,160,115,120,126,284,230,198,162,112,164,50,198,123,108,61,217,109,96,77,181,34,187,147,162,100,179,323,207,253,123
"COG0039",321,321,222,350,356,314,271,318,379,340,294,392,378,372,319,392,159,339,403,339,293,343,243,388,285,350,376,381,327,346,268,401,407,295,279,314,306,362,342,367,364,277,221,392,331,387,314,202,400,428,470,359,398,392,317,388,373,371,279,337,365,305,213,380,429,305,268,372,493,350,364,416,350,349,229,316,309,332,391,333,469,382,386,414,439,312,337,293,382,333,437,357,385,319,448,336,196,293,292,416
"COG0040",221,185,171,200,165,205,189,207,263,210,169,153,196,171,212,234,115,189,235,218,179,132,139,200,160,200,185,188,217,189,150,190,211,182,162,219,197,212,208,180,183,172,144,165,177,208,175,181,208,147,197,166,178,261,184,156,176,196,182,216,182,171,189,224,292,165,168,181,161,150,189,206,196,170,167,139,199,175,166,194,237,146,223,213,224,196,215,184,224,187,186,165,122,200,181,205,202,212,159,199
"COG0041",142,167,156,157,143,204,188,172,188,217,166,171,165,200,180,217,60,201,185,176,167,168,104,159,166,185,184,167,225,187,100,193,195,140,160,166,180,179,187,165,186,166,124,206,158,208,178,146,194,191,193,184,187,189,179,163,167,177,130,208,175,166,182,227,196,172,150,181,249,158,171,185,185,181,201,172,170,166,172,166,229,193,202,149,224,159,166,156,217,162,199,188,184,172,194,185,192,178,176,172
"COG0042",282,351,505,388,444,321,505,552,361,492,348,398,340,441,404,492,414,472,429,317,457,397,321,361,442,479,417,278,464,457,340,436,438,393,345,298,350,483,453,370,298,467,326,462,277,408,332,489,373,436,430,401,308,416,530,424,357,454,325,423,313,300,572,470,366,357,439,445,388,419,271,416,464,409,568,435,485,257,386,459,369,434,412,397,367,243,405,405,403,311,341,250,455,469,403,430,644,534,495,450
"COG0043",277,208,113,51,79,330,67,27,55,15,225,125,288,84,39,30,132,83,26,251,189,41,256,55,159,87,37,325,57,77,187,89,119,367,155,210,194,99,37,366,275,80,149,22,256,136,217,242,169,62,111,188,425,18,295,176,192,88,382,92,403,383,197,104,453,300,66,80,238,93,454,223,44,59,107,125,51,364,208,125,263,330,41,184,284,340,120,94,30,407,88,401,196,158,85,144,94,194,276,66
"COG0044",674,670,443,680,739,680,476,634,728,855,676,681,699,678,638,636,98,694,705,755,536,695,516,675,556,661,658,739,695,642,433,738,731,499,523,647,642,705,595,636,706,513,525,681,717,761,675,427,705,730,801,606,753,731,612,709,722,658,692,668,782,771,422,754,778,660,586,662,752,676,740,757,687,622,495,536,626,687,749,629,798,635,714,781,847,767,638,627,793,673,735,707,695,751,777,625,327,625,590,686
"COG0045",484,418,276,505,435,538,344,469,515,460,372,595,461,488,465,466,170,496,585,516,452,388,361,502,417,522,618,499,511,520,368,556,543,331,362,463,378,496,498,489,518,424,364,598,511,566,401,249,549,639,682,511,511,607,421,523,589,478,363,482,497,563,286,464,573,367,399,486,636,363,517,562,489,575,330,418,476,453,556,419,614,454,569,554,631,491,499,434,601,464,714,506,449,522,604,410,249,371,347,611
"COG0046",857,803,782,888,859,942,840,947,873,900,928,908,779,894,821,944,508,905,992,829,913,860,578,865,767,927,947,862,1003,1002,630,991,899,755,745,788,924,917,891,813,949,901,581,907,862,924,862,755,856,990,974,856,863,946,1018,910,848,879,858,861,851,783,818,932,908,911,794,837,1057,827,828,887,880,862,833,820,809,761,816,840,943,963,955,940,962,840,811,867,950,831,945,894,883,941,933,899,890,836,914,912
"COG0047",404,367,372,384,488,460,417,422,411,492,348,473,348,401,423,449,439,420,461,350,346,409,335,378,409,400,516,352,482,458,320,480,420,369,332,384,339,427,416,337,455,376,308,494,407,493,363,366,420,500,505,417,336,491,409,389,465,405,381,395,412,400,353,458,337,397,409,396,521,446,415,416,450,480,396,273,352,396,345,343,428,400,456,373,392,418,414,456,469,398,391,370,425,389,463,468,379,364,450,433
"COG0048",135,150,147,143,143,167,131,138,127,90,115,158,141,147,99,157,76,140,139,140,148,170,89,152,121,117,136,156,164,145,91,159,156,109,113,132,106,165,166,149,134,139,98,144,108,125,126,117,157,159,135,151,164,164,173,157,154,142,108,114,131,134,154,184,158,139,119,150,189,179,135,152,159,133,134,127,164,134,159,124,185,155,140,161,184,136,122,114,162,147,164,152,174,159,173,143,148,187,181,177
"COG0049",173,157,169,143,211,205,145,170,136,99,151,168,196,187,160,150,85,176,194,208,165,177,127,164,163,168,191,189,152,210,128,184,169,134,156,178,154,197,164,182,149,169,127,142,171,168,151,156,207,176,170,185,206,196,165,207,177,155,150,183,215,180,182,179,237,170,150,165,224,230,209,201,154,202,152,186,175,177,205,152,179,205,167,188,186,159,167,168,159,166,204,195,183,178,196,156,189,225,199,184
"COG0050",384,484,460,429,529,371,446,457,478,416,516,458,407,464,397,517,337,484,515,383,440,517,397,397,398,453,460,417,490,477,341,465,496,394,423,319,473,442,475,414,398,459,372,479,405,392,530,410,404,497,422,480,363,530,386,469,528,429,475,497,427,414,469,436,409,520,394,469,596,596,383,454,443,469,499,478,456,353,433,412,438,587,529,455,525,387,464,447,455,416,442,366,448,494,648,411,468,494,451,527
"COG0051",105,87,136,120,128,112,105,101,117,93,87,125,113,111,95,112,69,143,112,118,129,116,87,113,100,128,103,90,106,143,70,118,136,99,92,97,92,124,116,123,103,105,81,112,96,138,87,92,123,110,115,127,121,116,119,111,112,103,78,111,71,107,148,140,116,100,82,118,132,143,88,117,121,102,105,102,106,88,134,116,125,136,128,103,130,96,121,129,142,99,115,108,126,100,134,125,167,169,137,150
"COG0052",274,275,274,264,334,263,265,291,283,255,278,285,280,290,294,289,119,289,332,297,273,261,188,262,306,296,296,278,287,350,213,353,301,207,267,250,301,296,281,288,260,298,206,299,254,318,264,228,316,353,307,337,290,302,294,306,318,304,235,268,279,273,302,293,347,281,270,285,304,321,266,300,280,278,283,235,304,266,295,275,314,304,299,321,308,229,282,299,313,294,315,269,325,325,313,299,320,381,301,328
"COG0053",174,237,54,41,28,199,32,15,36,43,156,26,66,53,51,24,58,42,15,132,33,13,74,49,63,24,30,76,23,43,132,36,37,51,56,111,205,34,41,70,175,37,158,18,150,40,257,38,55,24,45,53,63,19,32,53,42,25,207,65,144,157,38,24,54,197,39,48,55,70,140,54,17,31,26,62,40,151,79,61,54,71,38,49,56,147,74,51,32,140,44,120,43,51,48,101,8,48,48,46
"COG0054",90,112,142,142,140,119,183,168,118,152,80,135,119,127,120,170,68,145,154,124,172,145,102,133,144,161,165,135,190,142,78,142,177,117,137,112,102,155,175,132,102,164,103,154,117,130,89,147,157,158,139,152,145,150,164,160,129,164,96,142,110,131,165,164,164,89,154,163,123,171,114,175,154,144,138,135,151,118,119,145,153,134,156,134,123,107,164,153,175,119,152,116,129,164,148,143,160,154,160,146
"COG0055",364,461,490,530,581,419,556,609,571,481,426,596,423,556,476,653,194,604,697,359,481,545,377,571,437,601,676,452,590,625,272,633,589,403,481,345,441,623,671,439,395,610,322,638,436,568,481,421,579,636,590,593,404,675,528,573,627,581,389,553,394,406,466,559,443,490,539,613,740,545,367,618,585,615,572,574,627,316,572,524,603,690,607,527,665,326,583,500,657,438,602,390,495,593,740,566,581,651,534,665
"COG0056",271,326,376,389,454,288,443,453,444,421,279,412,360,433,347,503,193,477,498,316,365,435,249,403,356,453,484,303,446,412,227,475,443,296,330,232,365,469,487,334,328,472,222,455,253,356,347,307,360,468,712,706,469,686,593,641,663,636,430,664,443,421,582,646,465,499,620,656,818,698,413,679,651,702,670,601,696,354,710,569,635,720,718,720,685,380,666,539,755,467,676,420,624,635,817,609,660,737,626,704
"COG0057",433,434,588,504,535,420,610,485,566,601,497,526,426,509,531,621,457,519,496,391,516,528,402,532,515,542,560,492,546,517,442,502,547,447,487,443,423,540,477,454,404,577,427,527,391,460,407,527,549,499,488,507,469,588,556,527,496,534,401,556,422,406,606,552,454,429,528,502,576,588,411,514,555,541,649,470,610,402,556,521,507,496,571,518,535,448,573,656,550,446,479,419,503,564,579,599,593,482,505,575
"COG0058",109,139,418,210,16,77,281,243,110,50,139,221,56,176,101,219,269,264,144,110,288,3,103,210,202,245,123,35,215,194,174,91,173,154,212,125,139,169,241,101,103,367,181,115,114,105,136,322,102,104,33,183,124,108,264,158,84,214,151,354,71,78,470,190,16,124,245,305,36,1,92,120,167,157,413,426,228,151,279,305,39,259,138,132,60,96,197,18,121,94,76,116,175,211,83,185,551,274,330,178
"COG0059",319,295,345,348,318,354,332,374,373,393,230,380,329,425,360,383,236,403,429,349,325,331,268,351,335,381,416,320,398,369,276,400,384,262,281,302,261,369,434,319,335,417,246,391,317,385,275,284,365,333,248,246,212,298,220,219,199,251,192,258,223,226,217,238,252,177,235,267,286,239,230,255,266,265,257,218,271,232,246,230,288,271,269,235,294,193,260,231,253,198,247,217,208,249,275,228,252,214,230,271
"COG0060",944,1004,1011,1017,1031,1082,1030,1116,1019,1142,980,1126,1003,1105,1031,1082,457,1242,1177,1122,1077,978,836,1114,1044,1172,1135,1104,1180,1163,682,1171,1168,884,868,955,1049,1149,1051,1039,1022,1013,732,1190,1016,1203,938,822,1122,1173,1264,1119,1187,1112,1147,1129,1107,1171,951,1198,1062,1038,1021,1236,1258,1008,1014,1226,1113,994,1021,1166,1118,1124,1034,1029,1131,995,1165,1087,1240,1045,1186,1155,1247,979,1166,1078,1254,1032,1295,1071,1069,1135,1082,1149,1123,1119,1084,1197
"COG0061",362,263,363,258,307,400,397,357,315,309,264,278,331,352,262,381,116,349,324,338,334,288,236,312,328,329,327,322,432,359,242,349,371,285,234,353,285,348,333,330,342,411,207,347,336,340,286,329,291,323,329,349,356,370,362,306,325,336,292,345,359,351,398,384,463,275,350,337,324,320,389,318,374,289,422,340,343,340,316,307,358,310,325,289,404,346,346,284,284,354,311,347,326,347,269,394,468,393,430,361
"COG0062",284,364,296,89,46,325,220,209,94,82,342,140,271,155,80,199,219,231,107,304,232,63,252,112,245,181,102,255,192,160,248,116,168,226,182,280,355,154,187,233,317,262,229,102,309,136,401,283,173,143,116,169,260,120,236,209,190,147,368,186,307,314,281,174,277,373,197,179,182,78,329,167,131,109,240,164,183,310,195,145,149,193,115,131,212,304,135,61,129,317,118,323,129,195,105,140,305,185,260,123
"COG0063",366,398,279,145,68,345,257,255,102,136,386,191,351,199,107,242,230,225,193,341,278,63,290,132,240,261,158,387,220,217,269,168,260,245,256,320,386,190,248,268,414,276,276,166,368,163,424,282,198,195,167,227,339,158,286,250,279,199,376,179,398,341,317,212,350,424,229,239,271,84,364,235,167,158,281,212,207,336,246,159,200,256,156,188,255,345,202,99,194,345,153,376,177,305,162,153,362,228,255,169
"COG0064",381,335,405,480,358,457,443,602,443,448,347,447,387,473,428,531,44,517,557,475,470,371,251,498,445,550,521,404,514,471,274,454,506,310,355,424,360,498,551,384,389,549,273,487,376,415,361,344,442,503,513,474,401,543,475,489,492,553,346,554,419,448,472,551,438,389,513,505,438,397,378,485,514,464,470,473,514,390,486,493,500,448,491,519,506,368,510,348,631,422,545,401,380,506,541,465,525,447,399,563
"COG0065",465,449,397,634,572,527,539,651,533,526,398,601,622,538,492,684,194,622,709,555,563,529,372,629,507,620,602,579,579,566,327,631,571,471,536,467,419,656,627,630,489,660,335,507,513,692,416,432,625,556,621,576,575,660,550,661,491,581,392,601,505,566,513,634,760,425,550,607,736,625,462,635,610,598,530,571,591,483,590,625,655,772,606,640,735,479,571,452,656,557,631,494,436,587,700,475,531,581,507,638
"COG0066",198,212,208,287,230,234,223,278,252,176,200,281,249,265,260,277,87,280,267,224,304,256,228,314,199,278,257,274,245,266,170,306,259,251,226,214,213,317,272,299,224,211,158,231,273,323,209,190,317,294,292,273,311,263,302,248,258,302,153,281,241,236,210,248,335,202,262,257,311,249,223,316,251,238,247,239,273,201,258,297,310,317,267,305,323,204,257,206,221,230,311,212,215,256,218,286,242,250,293,303
"COG0067",687,974,815,1331,1086,798,1157,1364,1286,1458,735,1047,915,1297,1198,1309,535,1249,1328,833,1046,967,696,1399,932,1193,1239,759,1353,985,676,1153,1045,696,954,796,931,1304,1327,919,796,1269,681,1093,819,1150,967,656,1069,1015,1211,1112,898,1274,1117,1143,980,1310,697,1376,808,852,724,1347,942,1071,1096,1333,1209,1019,763,1154,1392,1236,1191,1273,1274,715,858,1217,1232,1208,1496,1185,1303,679,1396,907,1498,790,1277,780,783,1002,1411,1383,747,1211,1110,1310
"COG0068",18,20,25,1,3,23,28,3,6,3,74,15,14,12,15,6,251,1,6,7,13,5,32,6,44,1,2,5,4,10,85,1,0,38,27,10,38,3,5,3,10,3,69,11,32,4,17,47,2,3,1,3,5,3,2,4,18,0,40,5,14,18,29,0,6,37,8,2,19,0,15,5,1,7,15,4,22,17,9,7,0,2,4,0,1,9,2,5,5,10,0,8,15,5,6,6,7,7,3,2
"COG0069",707,927,807,1175,1109,800,1118,1206,1189,1202,684,964,869,1079,1072,1238,503,1081,1248,774,976,1028,709,1189,863,1151,1153,774,1126,977,636,1097,1078,646,810,747,822,1161,1197,838,908,1115,688,1056,766,1058,911,719,1050,917,1674,1511,1245,1877,1362,1617,1480,1791,1083,1813,1226,1249,1135,1763,1224,1462,1581,1739,1743,1787,1153,1578,1827,1683,1623,1684,1718,1081,1351,1661,1690,1664,1968,1615,1829,1172,1704,1249,1898,1227,1808,1179,1053,1454,2134,1706,1347,1489,1410,1720
"COG0070",613,918,650,1175,1035,672,1066,1180,1193,1497,573,928,805,1173,1031,1188,569,1204,1125,749,1027,871,595,1260,799,1121,1147,667,1263,858,605,1118,1002,662,850,682,755,1243,1179,922,644,1208,686,1023,696,1074,986,668,957,978,1107,1007,807,1201,1074,1101,974,1213,636,1277,665,660,643,1370,826,766,1040,1188,1217,963,624,1081,1259,1048,1040,1126,1268,582,732,1195,1225,1182,1376,1156,1251,598,1238,808,1313,633,1270,609,753,958,1469,1279,615,1109,1097,1121
"COG0071",168,162,160,668,92,251,227,208,271,218,183,371,207,301,243,216,195,203,226,246,149,123,157,505,361,346,298,202,259,222,161,206,259,187,352,259,212,265,333,222,226,333,173,278,165,232,235,167,201,320,236,231,262,215,127,190,260,398,198,414,160,175,137,262,201,168,591,432,201,36,225,191,279,359,152,805,252,213,398,600,243,234,304,291,250,223,430,237,295,185,214,214,194,246,220,265,165,199,134,256
"COG0072",397,427,480,601,559,446,543,607,588,489,373,527,524,542,599,605,203,639,671,440,527,434,363,542,498,554,593,459,555,586,285,593,637,382,385,454,421,560,611,478,434,561,301,582,427,587,429,425,601,616,899,816,810,944,795,899,835,917,605,910,687,686,754,914,926,638,818,928,722,783,643,859,872,825,761,702,872,607,851,845,892,746,888,903,825,700,898,741,954,686,977,660,780,838,829,905,758,808,807,878
"COG0073",513,544,567,623,713,499,618,623,759,698,487,691,568,667,840,700,431,711,593,502,579,711,535,644,575,637,687,582,801,676,557,755,695,563,571,499,574,708,636,616,557,571,452,733,492,690,675,513,685,739,689,717,622,651,749,739,755,710,570,705,520,552,626,705,629,584,591,695,692,845,485,685,721,699,598,595,719,509,661,642,644,602,755,714,650,576,723,770,701,562,804,528,740,686,764,731,522,679,739,698
"COG0074",425,373,174,341,348,467,272,281,360,349,336,411,372,383,349,364,110,376,423,485,320,293,292,343,355,367,431,380,361,378,283,410,442,331,304,380,297,387,357,366,428,309,295,408,464,420,328,171,395,417,503,382,376,422,308,393,416,379,342,355,450,497,220,381,475,327,303,360,599,298,460,416,396,428,243,330,326,444,398,352,460,398,408,402,493,446,363,327,377,445,429,519,353,363,503,329,208,293,297,436
"COG0075",420,361,478,298,224,430,395,360,347,184,342,268,350,268,208,378,264,327,284,484,441,221,296,271,376,327,295,416,327,325,351,279,321,374,327,364,303,274,385,410,417,473,368,348,458,283,342,424,299,211,207,339,361,317,402,254,251,338,369,313,480,501,515,347,377,286,308,319,254,191,444,304,301,339,511,374,411,510,222,323,268,386,302,242,313,463,286,236,204,453,131,523,312,324,325,322,600,422,406,328
"COG0076",208,252,277,74,196,228,223,207,78,45,250,139,162,141,138,176,234,189,67,154,192,213,206,92,183,140,128,151,127,162,185,105,117,153,193,164,241,146,180,136,210,270,192,120,199,121,222,272,132,105,77,168,136,75,224,180,127,165,191,130,166,214,271,142,91,214,164,160,142,177,202,128,124,151,234,164,169,202,137,143,107,185,100,125,91,199,141,181,112,195,80,186,194,153,77,165,312,198,306,123
"COG0077",258,269,272,320,275,312,306,321,369,345,238,301,273,353,313,360,170,319,431,294,289,323,223,310,270,346,336,299,359,311,211,308,332,228,226,240,227,346,308,261,258,308,194,323,262,316,261,205,292,326,380,325,301,420,284,317,306,339,236,328,300,265,233,381,367,278,285,352,279,361,238,307,333,333,311,292,361,257,275,340,333,270,384,302,363,218,314,289,337,270,311,241,275,328,340,345,284,329,267,346
"COG0078",316,264,269,276,237,336,253,273,298,404,313,235,319,249,281,319,171,290,334,340,319,256,260,294,269,288,257,339,278,269,227,298,298,216,245,263,261,291,267,319,348,293,219,234,321,291,300,294,300,313,327,271,328,317,285,296,313,256,271,284,314,319,281,272,377,259,250,270,310,309,372,312,309,216,238,251,284,321,287,315,320,248,294,294,362,265,264,237,257,332,244,359,262,329,255,313,335,274,292,252
"COG0079",582,560,564,529,433,604,601,699,553,478,659,463,466,500,521,568,411,573,547,593,622,477,392,513,599,542,465,555,594,435,486,465,527,467,459,631,645,543,619,494,587,589,508,466,544,506,617,530,450,472,482,466,594,659,577,518,500,629,600,575,585,561,607,575,663,602,618,550,406,532,566,504,565,498,603,547,576,534,489,492,573,393,535,469,536,572,468,411,573,575,504,563,383,602,424,474,691,590,553,505
"COG0080",144,142,132,142,139,183,152,167,156,140,157,146,162,175,136,147,69,162,176,186,165,128,115,153,125,147,161,152,153,167,102,149,146,147,128,145,169,167,152,160,147,180,122,146,125,172,156,121,136,148,131,160,144,170,168,181,156,160,151,161,161,150,142,184,177,153,138,137,212,115,173,157,141,125,144,148,157,148,141,150,162,170,181,150,196,142,146,122,176,140,174,168,159,170,163,131,194,177,162,167
"COG0081",226,205,245,230,205,286,236,301,238,186,219,284,264,263,230,272,133,268,285,254,248,229,198,240,220,272,288,253,270,272,177,282,282,217,224,224,231,259,273,247,275,262,186,272,254,273,197,195,264,295,256,268,256,258,261,289,243,263,218,280,238,254,242,274,311,235,259,270,274,197,280,290,253,266,264,263,286,223,276,247,284,312,295,279,300,218,268,239,282,233,304,224,270,271,322,257,247,280,295,305
"COG0082",315,289,373,405,356,324,426,474,392,484,253,422,371,417,333,505,141,491,430,317,409,362,259,430,330,447,474,363,427,435,217,413,451,301,328,308,248,442,429,351,352,445,236,433,282,391,266,298,417,459,478,444,371,461,417,487,416,454,298,492,325,346,410,445,471,286,397,440,547,355,316,433,451,498,411,423,417,286,408,415,435,437,451,491,517,337,439,310,477,328,441,296,362,405,458,345,488,391,405,434
"COG0083",115,76,172,41,51,149,105,89,39,39,63,67,106,80,80,87,110,92,46,120,113,82,95,42,98,71,75,145,95,105,96,70,96,79,91,119,37,58,109,99,105,139,77,71,110,79,38,143,69,60,39,92,124,45,103,71,60,52,76,68,122,117,177,83,181,47,80,83,93,63,148,75,60,62,151,79,81,127,61,85,94,101,69,47,134,121,70,71,35,122,26,132,80,97,59,77,214,124,141,87
"COG0084",155,173,184,165,161,212,159,213,188,207,183,156,176,183,222,175,187,181,190,164,195,209,169,164,205,178,186,185,189,191,177,202,179,178,154,164,186,194,180,169,187,153,141,211,166,177,151,171,162,200,284,276,267,297,269,262,332,291,256,256,255,268,290,291,312,292,258,271,231,335,215,288,280,265,301,238,285,244,285,268,317,203,303,293,263,206,272,286,298,279,324,235,225,315,270,287,278,281,299,275
"COG0085",1158,1197,1152,1428,1366,1368,1282,1342,1423,1350,1186,1458,1346,1471,1393,1504,655,1424,1648,1358,1339,1484,1004,1453,1302,1419,1603,1394,1496,1531,889,1521,1498,1076,1210,1126,1276,1564,1484,1228,1328,1308,908,1449,1250,1494,1191,1054,1415,1564,1610,1546,1312,1614,1400,1498,1564,1354,1162,1487,1250,1280,1267,1414,1490,1254,1381,1427,1677,1400,1238,1493,1440,1493,1331,1278,1469,1178,1620,1448,1611,1481,1699,1579,1772,1217,1462,1688,1711,1298,1624,1240,1392,1541,1793,1313,1339,1644,1477,1601
"COG0086",1039,1351,1641,1567,1610,1288,1622,1605,1497,1190,1263,1690,1423,1711,1408,1788,683,1755,1742,1266,1602,1602,1077,1533,1297,1626,1805,1300,1758,1722,850,1727,1744,1162,1375,1103,1311,1826,1766,1387,1324,1662,854,1692,1169,1619,1288,1382,1576,1699,1638,1823,1396,1791,1727,1665,1587,1543,1213,1731,1168,1183,1733,1720,1574,1318,1581,1681,1738,1549,1115,1676,1619,1691,1777,1572,1677,1010,1710,1622,1647,1845,1723,1718,1791,1086,1609,1711,1736,1190,1712,1128,1630,1732,1879,1595,1925,2105,1932,1852
"COG0087",243,249,239,240,234,303,248,257,241,143,240,263,263,231,224,253,139,247,227,315,272,207,182,217,244,281,278,293,256,279,181,295,273,239,225,266,225,275,248,270,230,300,195,274,226,279,214,192,287,274,291,281,285,303,293,293,275,301,229,278,257,261,243,259,333,217,269,290,346,215,274,258,250,261,236,298,269,260,273,262,285,317,261,283,343,229,239,234,268,262,281,258,241,287,265,236,287,294,286,280
"COG0088",204,180,195,213,194,230,236,260,198,157,189,229,246,215,223,213,99,257,244,247,241,209,176,194,219,245,242,221,249,209,145,247,229,169,167,223,187,228,225,219,217,202,142,226,199,234,161,205,210,266,239,216,243,249,266,229,230,237,143,243,226,226,222,212,304,185,197,256,297,245,214,271,219,240,243,203,224,188,209,241,260,292,221,243,263,197,198,191,200,205,275,235,210,250,230,239,214,237,234,239
"COG0089",68,43,62,67,55,63,62,76,61,39,60,57,50,64,63,64,33,62,48,56,73,56,42,66,54,65,63,70,71,74,46,68,61,44,54,59,43,68,68,81,72,47,50,71,47,69,68,60,68,69,101,91,109,96,103,92,99,109,96,95,101,103,100,98,109,80,73,93,109,88,102,86,105,110,89,89,73,97,86,73,101,104,68,104,108,83,104,113,118,96,135,89,96,98,77,93,99,144,113,111
"COG0090",260,260,301,292,314,292,349,343,306,233,250,271,289,327,218,383,140,360,327,282,338,269,196,284,289,319,346,298,340,371,197,317,323,224,273,263,279,348,360,291,298,374,201,316,283,282,260,277,317,304,325,331,288,339,335,345,323,322,270,339,278,284,297,314,374,254,314,348,404,306,289,346,304,327,318,352,336,248,359,272,310,344,320,318,364,249,334,251,274,265,332,314,317,322,365,299,352,383,306,332
"COG0091",99,106,109,106,114,141,142,134,134,86,105,133,124,157,132,149,45,123,129,144,134,120,107,122,103,140,146,116,127,159,79,126,155,107,120,127,122,152,164,105,108,123,95,119,135,142,110,106,152,126,159,155,135,146,144,151,141,141,117,129,136,123,113,168,157,111,112,135,169,124,135,152,137,122,127,112,147,129,157,147,142,167,172,139,161,140,151,126,149,145,161,131,144,145,141,148,156,152,146,152
"COG0092",202,214,232,225,235,225,254,302,229,188,215,279,237,287,203,270,118,288,286,237,267,246,179,229,219,274,258,263,262,299,177,298,296,205,247,236,224,280,298,265,219,257,160,256,200,270,224,232,258,299,278,283,272,265,274,280,278,256,203,248,241,224,249,263,315,221,227,292,319,298,225,282,264,260,259,291,270,219,268,245,291,313,296,267,289,230,241,267,297,217,302,237,301,294,322,289,279,332,282,317
"COG0093",139,110,114,115,128,152,121,137,121,84,117,139,125,151,129,147,61,125,143,123,145,130,88,119,110,145,147,130,147,144,91,139,147,115,114,115,121,137,148,132,108,123,101,151,127,127,97,103,147,128,140,144,117,133,149,146,139,131,100,142,124,110,122,142,162,116,105,116,150,144,122,141,180,141,154,120,126,122,124,123,144,133,134,151,153,117,132,113,143,128,136,118,136,156,173,126,145,172,145,125
"COG0094",180,177,207,203,234,207,211,226,227,146,186,205,200,220,183,191,85,232,218,215,216,222,166,197,201,233,204,233,232,202,130,192,228,175,187,203,181,195,202,220,217,181,130,240,202,220,178,159,221,248,240,238,215,243,209,236,225,212,190,214,220,207,210,214,245,184,189,226,202,232,212,211,200,233,211,199,204,184,252,202,204,214,232,229,236,183,187,218,213,201,243,220,229,218,215,234,216,292,227,225
"COG0095",82,105,149,24,5,65,87,68,35,19,188,24,53,30,30,49,45,56,23,52,75,36,30,37,68,47,25,47,40,45,45,26,68,72,75,82,194,49,60,40,78,82,35,29,57,21,113,122,30,16,5,51,34,18,85,55,17,49,136,54,88,55,124,39,19,150,48,59,10,46,73,30,46,40,78,56,66,41,31,57,9,54,33,25,17,62,57,17,25,80,3,63,33,63,12,48,148,77,89,52
"COG0096",113,139,149,136,150,159,155,162,150,86,154,149,152,142,137,160,68,161,192,148,138,162,116,136,137,130,163,166,145,179,87,147,138,91,144,121,134,149,139,115,136,146,114,162,126,136,126,132,146,172,152,176,151,163,162,185,143,130,120,171,133,119,125,163,171,136,134,149,139,157,138,136,147,145,145,138,173,121,150,147,164,162,160,166,137,120,166,137,169,144,163,125,162,165,140,152,182,154,167,173
"COG0097",147,145,165,204,210,181,205,221,187,150,181,213,176,211,179,191,96,211,210,173,206,182,137,205,166,222,190,176,220,198,130,195,235,153,177,190,167,203,244,172,164,216,129,206,155,211,174,150,200,251,233,227,188,210,213,204,199,248,160,208,186,154,221,175,219,176,188,197,201,212,190,204,199,203,199,213,175,162,225,201,216,225,200,211,236,153,203,172,193,175,229,169,199,216,202,189,229,279,222,223
"COG0098",149,173,189,160,201,190,180,202,181,174,168,220,186,207,160,202,98,209,176,172,183,167,140,210,143,198,196,198,203,232,133,235,249,153,166,164,180,206,195,181,156,194,138,191,171,181,165,151,199,209,201,201,199,208,203,210,201,190,162,219,200,177,216,220,233,174,171,205,264,171,162,196,203,189,200,187,199,155,200,167,241,215,193,205,235,174,168,170,195,194,200,169,221,213,221,178,219,234,199,226
"COG0099",158,149,138,125,161,173,127,153,156,113,140,155,154,142,121,155,53,158,148,187,141,145,120,132,141,169,141,134,158,157,101,161,154,109,121,143,143,167,148,160,151,143,112,158,147,154,134,111,161,170,155,178,176,155,156,146,162,140,132,152,160,179,134,117,173,126,115,142,184,152,157,159,137,149,153,126,137,133,174,150,191,148,152,152,160,146,157,165,156,148,149,152,151,155,149,154,185,166,171,159
"COG0100",81,96,101,90,100,124,81,79,75,83,82,110,102,122,76,102,38,94,116,95,100,79,71,97,92,111,103,99,106,110,62,88,100,83,100,81,88,94,119,92,96,103,59,103,97,102,86,62,89,94,167,136,154,171,159,162,149,140,142,135,138,154,139,148,162,142,153,139,204,156,154,184,149,137,130,140,116,130,142,111,151,158,151,188,161,143,161,111,163,147,185,161,168,151,187,121,145,164,134,169
"COG0101",171,224,248,284,275,202,249,337,283,309,205,327,212,306,287,277,128,333,321,197,290,299,182,316,213,333,345,228,300,303,136,299,316,205,237,191,184,328,300,262,208,263,145,301,190,307,198,230,306,342,322,276,274,324,309,326,277,296,190,288,199,193,254,331,227,205,264,317,275,297,182,276,305,267,254,299,295,160,276,310,311,300,302,321,280,153,295,296,328,210,300,186,294,277,254,333,259,305,325,292
"COG0102",161,166,188,144,152,195,164,193,179,188,154,175,151,198,160,162,84,203,160,176,192,160,136,164,158,190,162,150,165,195,125,175,169,155,156,153,157,175,168,192,179,158,130,191,152,187,138,147,199,208,203,177,182,188,157,168,189,165,160,177,155,170,184,183,194,146,155,168,166,136,167,181,169,156,158,137,169,153,157,165,196,183,191,184,208,158,183,182,208,173,224,168,164,163,151,190,207,205,187,201
"COG0103",99,139,116,128,166,135,145,175,141,181,122,150,124,160,124,127,49,141,162,145,145,169,109,146,142,146,153,150,140,157,76,140,194,124,143,119,134,172,164,141,132,142,93,140,123,131,139,117,152,137,192,151,150,144,148,189,156,170,103,164,138,150,136,170,190,110,140,168,171,124,152,193,149,152,133,125,144,122,158,144,171,179,150,174,181,124,148,141,184,150,170,133,171,152,166,139,133,177,160,164
"COG0104",421,439,449,505,444,466,477,526,490,524,454,521,483,462,436,533,235,540,542,442,476,359,383,488,443,510,537,493,548,529,307,510,573,387,410,411,395,532,584,450,434,507,321,503,444,478,431,387,519,594,595,523,453,551,477,552,562,572,407,549,413,418,507,498,553,441,472,544,660,341,446,525,488,442,475,467,511,389,538,513,570,546,596,510,595,393,561,389,565,485,586,429,481,529,560,475,512,451,505,545
"COG0105",150,133,164,142,140,163,124,163,137,212,143,174,137,149,124,144,79,154,168,156,163,140,117,128,170,167,162,167,174,153,120,152,156,136,133,142,177,142,153,135,148,143,124,188,123,173,142,150,153,147,146,150,172,141,186,160,145,183,160,148,149,159,166,167,156,158,138,145,149,107,139,164,177,182,159,149,141,143,150,137,145,159,183,142,158,138,144,153,153,140,174,144,143,168,127,149,205,193,166,157
"COG0106",166,179,191,196,160,177,239,252,239,240,129,146,224,194,221,249,88,226,241,183,176,172,149,230,170,183,165,168,211,179,136,204,218,153,139,173,188,212,217,179,194,230,159,169,192,198,183,160,168,184,205,175,184,268,207,171,201,218,129,208,192,178,187,219,223,209,183,239,166,213,164,214,203,158,210,188,203,158,194,197,198,150,249,185,223,169,206,152,218,183,200,181,172,212,193,199,192,185,159,211
"COG0107",202,235,226,284,236,260,259,292,306,369,200,199,293,266,266,315,103,286,303,250,272,209,189,255,219,259,233,213,323,244,171,240,304,196,218,260,224,271,283,236,247,288,173,264,217,244,209,221,279,237,287,283,255,299,244,264,284,270,231,258,220,225,249,299,322,284,265,281,242,312,219,270,275,225,231,219,264,218,226,224,308,245,327,280,315,251,267,151,303,234,314,219,192,253,336,244,304,289,233,246
"COG0108",249,289,390,389,332,273,402,448,409,375,170,361,318,375,362,459,181,419,435,310,376,275,229,408,319,417,377,312,437,407,201,384,379,273,311,242,225,423,438,368,291,474,208,457,252,397,263,289,376,461,411,406,324,423,394,365,393,457,205,439,289,320,443,443,390,255,349,475,328,328,248,411,387,396,396,364,377,238,283,397,414,350,409,448,349,244,435,315,452,289,467,269,356,366,381,381,460,382,423,425
"COG0109",373,356,343,357,362,415,382,414,400,478,332,395,348,388,330,452,185,424,418,367,422,375,291,354,376,397,389,399,394,419,263,394,378,293,285,362,312,371,460,387,354,411,263,411,347,417,293,286,420,423,405,379,382,370,362,389,389,427,288,386,363,362,356,377,454,308,394,379,490,418,410,408,369,359,434,334,396,368,377,401,438,345,380,407,470,345,406,315,362,361,400,394,356,374,405,342,410,390,372,396
"COG0110",215,133,161,97,154,217,110,109,177,191,215,126,250,103,167,123,269,124,140,173,139,120,218,120,156,132,112,172,127,146,174,111,103,175,182,226,234,123,115,110,176,107,175,163,178,121,173,143,145,164,161,151,161,167,115,127,161,112,198,125,200,186,170,140,286,189,134,100,147,215,200,143,129,138,135,83,107,213,136,102,148,73,145,138,149,210,121,173,136,174,155,206,127,124,166,115,135,109,109,123
"COG0111",856,1061,778,981,899,875,875,945,977,985,949,769,1022,749,895,872,495,918,983,1017,958,774,1009,945,808,891,818,969,840,875,739,945,824,1023,929,826,1020,876,769,1266,954,887,743,852,936,952,1112,749,854,770,872,850,1074,953,839,842,927,841,963,853,929,993,762,926,941,1073,792,825,749,863,953,858,947,834,816,833,845,929,800,782,953,823,928,907,984,973,843,886,795,858,808,914,746,933,905,897,762,802,805,850
"COG0112",444,452,459,502,433,476,501,557,440,474,418,538,492,514,394,517,287,516,531,491,463,389,375,463,471,493,511,485,507,473,355,514,483,401,446,435,382,487,503,476,436,528,349,543,459,534,387,412,516,539,497,518,486,546,477,479,475,582,374,548,487,463,478,512,518,377,497,544,632,331,469,539,425,570,468,425,498,440,516,477,543,540,522,504,625,435,545,473,557,464,520,489,473,535,550,422,473,437,458,579
"COG0113",258,221,360,336,348,247,351,422,344,370,154,332,281,325,316,394,142,351,372,268,331,318,186,345,277,334,371,234,341,372,191,358,311,244,227,256,203,383,406,239,233,333,193,383,221,362,215,217,342,337,381,333,242,402,326,324,293,362,198,388,241,248,354,353,320,257,337,328,289,306,226,280,343,367,367,315,355,208,237,341,301,286,376,320,314,204,316,265,348,270,328,217,321,318,387,301,432,370,338,391
"COG0114",286,351,467,472,424,269,442,500,422,567,261,564,386,509,444,551,194,526,528,294,455,377,309,375,383,543,531,442,550,608,235,557,542,375,430,315,290,544,576,420,346,471,240,522,295,511,285,392,484,606,602,504,426,507,527,539,582,498,272,525,320,310,495,534,465,290,462,533,577,380,284,489,481,552,450,395,471,249,545,420,509,496,550,501,506,285,483,396,565,347,633,302,468,575,496,415,553,480,518,536
"COG0115",675,723,649,696,828,779,713,857,713,791,646,707,767,737,687,763,431,784,765,779,776,743,639,677,656,827,788,801,777,798,585,808,780,694,632,682,689,755,776,800,802,694,578,822,765,841,585,650,789,812,837,774,783,779,727,747,710,780,655,740,764,776,740,789,836,734,676,706,756,642,792,759,788,790,737,660,749,724,776,717,784,670,727,759,767,714,744,783,719,751,787,773,718,715,722,743,772,713,706,781
"COG0116",49,38,163,47,88,22,132,91,58,34,31,60,35,59,80,103,152,80,48,39,86,140,68,38,103,67,66,24,98,77,93,54,53,83,64,46,32,56,86,39,13,109,76,82,42,62,26,161,39,33,29,131,40,58,143,85,55,114,60,118,51,59,231,97,21,29,135,112,40,213,44,58,102,117,236,147,153,71,55,117,29,81,103,42,39,67,119,156,66,56,16,37,146,108,79,94,284,126,171,120
"COG0117",164,185,327,349,276,170,277,344,351,307,146,291,251,285,293,294,140,353,346,180,302,237,212,376,187,302,327,222,331,339,153,267,313,209,249,193,188,323,306,287,201,285,150,343,180,305,208,264,293,412,378,350,247,328,310,342,327,318,174,324,151,172,295,325,264,191,306,340,272,212,170,340,313,369,262,321,310,163,260,320,316,310,290,351,267,156,337,301,374,210,392,150,321,308,284,265,334,307,302,360
"COG0118",151,196,179,221,201,207,228,193,243,252,178,162,224,181,206,224,74,215,252,180,198,183,152,236,170,194,200,195,241,199,149,189,247,164,166,185,212,235,210,167,186,187,128,187,153,216,221,160,184,194,200,214,204,263,226,200,218,187,161,208,181,182,192,223,255,203,176,197,162,253,168,208,221,190,172,158,238,157,186,214,227,175,262,226,251,178,215,159,266,181,219,175,153,238,226,222,222,191,183,225
"COG0119",901,907,782,979,817,979,868,940,1119,954,831,918,1003,968,967,972,489,965,1006,973,875,763,726,1045,845,987,980,913,990,847,680,1048,1042,785,865,821,957,994,933,961,982,945,666,928,896,976,919,709,1057,880,1058,936,955,1001,809,1010,989,1000,821,1000,970,930,704,975,1158,960,911,983,1183,830,923,1125,983,967,778,855,973,877,963,996,1150,1024,1107,1068,1237,938,992,829,1105,939,1056,934,773,961,1244,921,736,859,791,999
"COG0120",145,86,162,118,124,158,107,128,95,67,41,100,80,107,90,124,114,102,93,123,126,134,79,91,122,115,113,144,129,140,85,118,87,88,76,128,37,106,94,97,123,111,95,94,119,96,60,142,87,113,76,105,101,116,139,91,84,98,68,101,134,124,163,94,104,38,95,92,119,148,134,108,85,128,173,115,115,130,105,120,72,110,98,94,74,129,101,94,63,138,79,127,89,110,97,105,187,145,151,95
"COG0121",24,21,16,11,9,25,7,1,10,2,48,12,13,17,32,5,108,9,3,7,10,9,56,8,20,4,6,8,3,6,64,3,3,23,32,12,34,6,5,27,26,3,49,4,20,6,20,40,7,6,7,2,2,5,8,8,9,1,34,6,16,13,23,6,13,33,6,8,18,10,14,9,6,7,10,8,3,31,12,6,12,31,3,5,6,18,10,10,6,12,4,20,12,8,8,6,3,15,14,3
"COG0122",261,192,101,214,133,269,139,211,217,218,165,234,237,217,215,158,195,208,215,312,205,120,183,208,218,224,226,265,182,219,220,213,202,181,234,273,199,199,185,228,272,143,214,208,244,207,195,141,241,276,264,203,257,214,195,197,238,219,185,203,288,276,121,189,291,214,179,205,217,105,323,218,204,189,99,163,179,291,197,216,297,185,219,213,280,256,185,164,213,246,276,305,188,189,160,211,90,175,174,191
"COG0123",235,259,247,460,350,223,284,312,483,425,245,352,278,355,398,369,237,326,431,282,252,316,244,423,260,327,412,254,271,325,252,331,308,250,228,204,252,346,355,248,235,318,242,379,226,315,244,199,347,402,364,383,256,400,275,305,279,393,268,319,229,261,214,290,238,282,324,372,288,291,243,334,344,331,242,367,342,256,285,380,354,339,364,365,317,231,382,264,404,227,369,219,425,238,352,412,179,312,233,390
"COG0124",458,426,402,505,481,473,466,529,474,352,406,508,492,495,478,515,211,527,558,501,471,512,378,522,507,524,551,508,544,487,326,552,535,424,418,446,415,532,576,495,466,459,308,496,408,531,407,358,580,533,602,500,505,529,536,572,556,569,397,517,489,499,452,532,618,400,482,560,539,469,521,535,498,516,429,459,513,394,509,544,598,525,535,522,574,429,571,426,613,460,596,451,495,508,516,468,496,465,547,542
"COG0125",204,183,190,179,135,273,143,214,168,161,217,191,224,205,143,182,75,216,173,209,200,120,191,201,184,237,166,261,238,192,172,187,215,169,180,212,213,231,213,277,202,194,146,207,203,203,186,177,210,247,238,212,251,178,235,263,221,205,185,216,217,211,199,250,266,198,179,192,211,165,206,251,205,171,185,184,193,183,245,222,251,204,189,208,185,194,194,126,179,216,273,201,172,209,135,206,216,191,199,206
"COG0126",424,348,410,395,385,461,463,506,443,449,347,391,403,500,467,514,187,494,568,412,466,309,323,445,427,518,430,435,517,505,305,496,482,330,353,427,389,474,487,434,426,477,321,481,413,481,373,355,451,519,487,462,436,529,485,522,460,524,344,500,440,454,446,540,498,401,447,506,429,351,417,488,476,470,477,469,480,382,444,436,480,454,480,452,480,387,482,427,546,432,490,420,429,495,415,404,517,441,476,484
"COG0127",175,218,263,223,193,204,323,300,231,241,194,231,206,257,244,288,81,319,269,213,282,170,170,247,220,246,255,237,290,263,166,267,294,192,250,209,190,281,280,249,205,312,129,265,188,258,223,231,242,298,267,287,250,264,317,260,251,267,185,296,220,220,296,284,276,193,270,317,191,223,196,240,265,267,304,261,307,177,262,266,285,280,267,248,247,196,270,221,244,216,265,193,239,318,196,250,308,253,330,279
"COG0128",358,306,468,435,465,437,433,533,526,536,276,450,386,410,439,512,152,485,549,444,432,450,290,460,359,458,476,427,489,534,303,490,475,374,350,379,293,491,441,435,403,449,303,472,362,510,313,361,511,513,541,479,443,571,452,517,481,509,324,495,407,444,481,485,495,317,421,519,418,451,411,488,509,459,422,403,483,343,467,452,543,405,524,433,558,342,469,415,541,418,558,409,474,530,459,441,510,453,450,461
"COG0129",614,583,600,939,739,662,750,845,843,866,445,616,731,728,692,857,543,735,879,673,734,732,619,834,674,774,805,709,743,639,570,817,775,708,696,650,529,797,816,748,647,877,615,712,627,742,607,592,735,590,680,693,689,910,699,681,615,856,610,780,685,625,571,779,672,547,714,786,869,707,646,790,809,812,844,752,829,655,714,777,779,850,827,771,910,682,868,771,739,679,633,660,564,769,982,885,672,662,665,809
"COG0130",223,216,252,199,219,264,203,235,196,150,185,217,215,217,187,224,107,213,211,227,275,192,161,201,241,217,208,247,239,261,201,233,243,228,176,228,163,222,225,246,226,235,184,261,239,236,168,257,222,225,225,229,220,245,276,210,232,208,217,196,242,253,272,231,286,158,175,220,200,161,243,225,227,282,248,209,219,196,218,207,238,211,225,228,237,234,224,257,148,240,176,246,226,227,174,230,311,207,317,213
"COG0131",187,155,152,210,148,190,201,250,202,239,144,143,190,200,207,215,112,236,240,182,195,133,117,178,169,170,168,171,171,141,139,179,181,129,147,187,153,174,210,166,185,217,146,160,164,167,139,165,203,126,178,189,162,266,150,163,156,205,163,200,168,184,150,183,214,185,190,182,134,160,147,178,207,166,195,186,222,141,177,190,213,185,234,166,201,195,211,206,181,173,159,160,136,193,257,221,188,184,167,167
"COG0132",94,59,101,21,17,113,77,64,41,8,49,28,63,57,32,63,68,81,36,82,88,8,69,33,80,52,40,57,71,51,76,51,50,69,48,124,25,48,67,42,83,81,59,48,77,45,36,101,25,26,21,59,49,35,70,40,20,60,56,69,83,67,121,53,82,39,62,56,37,53,100,35,45,46,99,65,80,111,33,65,46,50,37,37,46,74,50,42,41,87,17,97,50,67,28,54,167,94,103,47
"COG0133",281,316,284,360,365,346,403,426,419,430,228,339,360,393,325,438,147,419,466,361,378,327,254,382,339,415,397,364,408,330,237,386,415,285,308,324,269,399,419,353,315,474,245,368,344,397,317,293,371,364,369,368,340,483,381,346,345,416,265,402,351,352,309,433,449,285,389,408,443,428,333,388,426,381,424,375,408,337,340,361,412,383,442,377,451,308,390,303,460,342,344,356,309,428,533,364,356,353,362,379
"COG0134",219,206,231,240,198,251,297,316,270,242,169,205,240,230,283,306,147,310,295,270,253,209,160,265,262,229,219,225,263,229,182,245,224,198,190,233,172,239,253,223,246,284,166,238,215,204,199,212,229,242,183,151,135,189,155,170,137,184,111,222,135,143,164,188,170,134,188,191,105,173,161,165,185,198,228,155,194,138,136,159,156,119,165,143,164,150,190,141,204,165,184,153,140,168,160,172,172,173,180,156
"COG0135",126,147,180,155,174,133,196,212,225,173,129,140,143,164,218,213,192,182,234,143,178,150,144,199,170,195,186,124,193,195,119,191,193,163,113,116,120,173,161,153,154,182,112,189,130,192,128,212,157,188,172,175,133,271,171,170,164,174,123,174,121,149,174,220,147,131,179,164,115,227,137,181,188,193,169,168,186,107,130,186,193,141,206,191,176,117,201,182,158,120,183,132,161,180,163,218,222,155,184,183
"COG0136",361,310,274,442,439,409,419,486,449,456,282,392,307,413,425,457,203,463,449,402,359,428,235,428,365,443,431,318,448,400,279,431,405,249,334,348,285,452,447,357,348,419,291,363,371,421,293,309,399,351,405,384,352,454,375,420,333,454,285,468,344,409,331,419,417,313,421,424,425,402,394,446,430,410,422,399,396,356,429,443,470,388,452,452,454,349,429,327,414,353,372,359,302,383,443,408,332,415,396,467
"COG0137",314,317,304,390,330,421,371,409,398,486,296,298,381,396,388,394,165,375,436,414,365,273,253,394,297,376,387,336,401,288,213,328,415,229,310,324,361,385,399,287,411,383,266,352,322,358,353,257,354,307,394,342,317,409,376,337,307,365,320,380,331,401,322,425,428,399,375,359,323,355,361,367,385,335,329,316,392,362,316,405,388,364,470,385,471,327,383,297,442,358,325,347,266,378,413,336,353,383,337,362
"COG0138",379,504,519,599,560,443,548,593,604,548,482,628,474,590,602,622,297,645,691,429,560,676,401,588,456,636,622,490,575,599,340,630,682,477,488,406,535,599,610,504,422,543,343,695,400,613,466,454,551,724,637,609,507,630,645,592,661,567,423,567,405,411,573,631,579,516,527,644,600,636,371,600,595,618,565,527,559,343,660,593,578,503,574,641,566,377,564,555,665,449,647,415,581,630,581,554,628,629,619,583
"COG0139",124,116,125,140,102,138,167,198,171,156,105,101,121,129,165,163,63,161,175,116,160,98,96,144,121,138,132,88,161,101,88,128,156,107,103,132,122,144,154,141,114,153,101,126,112,131,105,134,145,121,124,128,123,162,119,140,133,168,100,165,137,141,165,149,158,109,157,142,126,117,107,145,163,136,145,100,144,126,104,142,125,141,182,151,155,109,146,107,177,120,150,137,103,154,174,141,172,146,137,134
"COG0140",50,49,99,77,74,46,142,135,100,102,37,66,57,70,95,120,60,100,121,72,113,81,69,84,78,90,60,50,79,85,62,72,82,52,62,79,34,79,135,69,50,117,58,58,55,71,58,118,49,72,75,79,62,94,97,82,90,117,26,92,62,40,112,99,70,41,95,96,47,94,51,83,90,73,138,72,117,51,72,91,77,74,103,78,83,62,80,87,89,49,66,57,56,102,81,102,119,117,86,81
"COG0141",425,507,425,670,590,532,507,612,700,625,284,467,467,537,612,617,157,555,698,485,501,544,331,632,420,583,547,418,615,483,269,510,523,325,402,420,415,577,530,440,545,544,328,545,450,521,427,345,551,514,555,516,441,708,471,522,459,594,313,600,458,498,426,607,556,500,514,571,619,610,449,581,651,555,458,524,575,379,485,588,586,496,665,563,621,390,573,495,650,447,622,447,378,546,628,515,489,511,438,605
"COG0142",671,633,657,741,760,728,752,778,773,909,563,740,727,666,730,753,262,766,771,736,777,659,507,716,584,804,780,728,764,797,494,735,721,604,620,671,578,804,742,755,761,720,502,777,637,746,593,563,711,771,797,689,763,767,738,750,734,769,534,733,730,705,774,747,832,653,722,775,742,677,721,794,734,749,753,619,775,613,717,730,863,710,770,815,839,672,720,695,712,698,716,731,720,733,701,748,780,704,721,699
"COG0143",558,536,533,549,553,612,551,617,534,567,540,583,544,543,579,629,241,610,579,621,550,529,462,594,550,610,568,603,668,619,432,609,606,482,452,554,553,627,615,566,583,567,414,545,585,583,505,526,608,668,637,595,562,591,592,577,606,627,567,604,590,594,532,597,647,507,556,615,546,511,610,592,599,608,601,501,576,512,607,551,616,538,630,600,606,543,576,570,653,595,681,636,620,603,537,607,613,568,582,626
"COG0144",125,165,240,151,248,144,241,219,145,107,177,146,116,151,171,180,157,207,146,113,219,219,168,134,166,186,146,126,164,176,128,167,154,180,207,154,182,172,180,175,142,234,127,142,109,179,138,218,169,106,171,231,220,202,344,235,180,260,201,288,188,192,339,226,130,223,293,265,174,264,167,244,248,199,405,303,328,161,196,229,144,341,193,193,147,163,206,295,129,203,146,160,321,245,178,211,362,289,380,190
"COG0145",567,873,404,349,409,696,257,270,322,131,1124,183,919,189,224,242,76,249,240,864,509,485,1047,317,370,214,251,700,217,223,534,311,203,917,483,491,981,215,185,925,817,366,602,226,789,335,959,276,384,66,98,376,749,236,378,308,293,271,824,240,663,804,327,218,590,990,219,249,185,265,753,356,269,276,346,460,293,816,224,278,242,550,230,323,270,774,297,429,55,590,142,741,414,199,267,477,175,417,421,224
"COG0146",441,616,322,283,254,532,203,232,277,105,853,189,714,160,181,201,61,198,207,735,389,300,889,268,274,145,199,523,170,159,395,225,183,807,378,400,722,167,150,819,534,317,535,164,692,255,790,260,341,61,96,337,681,166,282,218,294,223,668,202,540,693,275,186,347,773,163,200,112,204,627,288,195,213,269,315,197,650,145,240,163,409,169,224,192,643,240,335,42,518,114,618,276,170,196,426,154,284,316,174
"COG0147",593,619,732,745,696,730,770,794,791,759,498,685,530,769,813,842,357,799,851,627,805,523,411,783,665,815,723,556,874,757,440,710,764,518,541,630,564,812,768,603,606,780,511,742,560,748,586,619,632,708,826,728,534,855,827,689,600,776,496,786,607,550,777,847,714,609,765,752,524,578,562,727,864,752,781,696,820,534,617,811,690,595,785,734,635,528,740,612,900,557,769,578,570,702,645,739,880,811,769,739
"COG0148",450,434,471,446,396,497,461,501,436,438,449,523,476,461,445,487,213,525,564,434,482,375,351,500,411,523,544,574,500,539,327,475,517,381,444,434,456,442,486,426,498,447,302,578,438,472,426,404,481,569,535,539,463,526,471,502,528,482,421,497,469,455,482,476,583,434,414,509,581,351,465,527,464,501,428,478,511,435,509,440,540,506,504,532,581,423,525,421,562,460,589,530,461,547,508,408,493,459,474,551
"COG0149",183,245,248,249,235,230,238,294,272,257,199,236,241,252,255,242,115,266,259,198,240,213,193,230,237,240,262,194,273,252,180,301,269,171,199,264,215,251,269,229,230,246,160,270,217,247,246,226,251,280,285,287,250,274,271,268,311,256,195,275,200,235,275,274,293,250,255,255,280,242,210,281,251,265,233,208,280,198,250,238,270,239,286,310,271,214,280,225,317,248,300,215,248,246,221,289,252,281,267,270
"COG0150",333,322,342,357,338,428,357,414,364,486,324,540,324,435,355,409,141,420,421,395,392,361,267,374,375,427,434,372,452,400,257,432,474,302,335,349,340,414,429,364,377,389,242,442,334,411,333,342,375,451,426,378,421,428,415,384,425,433,301,485,321,364,385,453,362,367,423,430,352,351,371,364,400,448,392,352,386,341,646,336,420,310,379,368,376,339,352,351,440,374,391,360,355,441,262,335,464,389,414,431
"COG0151",444,455,451,511,507,529,471,488,515,616,368,447,448,437,488,497,191,522,580,473,449,475,327,474,398,520,507,450,528,490,324,514,491,381,383,400,374,463,499,450,488,492,311,537,443,459,394,413,531,546,589,536,439,558,498,531,510,490,370,470,455,475,425,510,533,418,439,474,484,527,500,539,511,489,464,397,481,416,507,483,504,485,532,510,514,423,444,444,601,462,484,447,471,512,472,418,526,456,520,486
"COG0152",269,301,270,237,246,336,261,283,253,296,297,365,273,300,261,291,99,311,306,295,307,239,241,297,285,297,321,295,277,279,177,276,303,248,269,274,343,269,291,291,309,265,211,278,296,273,277,314,309,346,294,301,315,318,329,286,377,260,259,286,234,284,295,306,336,301,269,324,283,292,299,294,285,284,266,255,275,279,458,308,332,273,332,304,318,255,284,291,312,298,314,283,239,359,309,286,306,282,299,268
"COG0153",74,119,42,71,106,80,58,38,79,115,185,110,79,97,106,78,216,77,67,54,76,57,71,80,82,68,116,80,106,90,102,99,86,93,95,87,121,104,76,99,107,62,75,104,94,82,138,91,91,107,125,78,65,96,76,78,120,53,136,78,75,78,60,94,68,116,73,86,105,21,91,83,98,87,64,95,56,62,105,74,92,89,79,79,74,93,74,109,86,90,100,85,140,91,81,81,73,82,69,72
"COG0154",1354,1110,887,1340,878,1145,1059,1326,1251,1278,1102,1039,1548,998,907,1253,461,1070,1292,1767,1251,974,1429,1218,1190,1177,1153,1471,1176,1119,1144,1054,1055,1401,1206,1107,1005,1110,1187,1795,1366,1282,1243,1146,1646,1069,1067,823,1220,1208,1158,1205,1406,1326,942,1114,1181,1229,1097,1134,1567,1656,915,1157,1248,1010,1151,1184,1231,803,1562,1203,1235,1182,1105,1058,1161,1577,908,1081,1202,1266,1248,1203,1439,1655,1186,804,1347,1304,1222,1684,1045,1107,1268,1236,911,963,932,1229
"COG0155",307,295,377,102,91,356,369,341,163,49,225,110,185,165,153,305,244,239,200,300,335,66,198,115,291,220,96,209,202,166,264,151,209,236,226,282,308,151,275,173,307,347,229,113,243,156,321,475,143,55,24,206,211,137,254,138,53,222,207,200,265,275,306,143,216,374,231,200,107,142,249,143,181,87,378,199,249,330,129,211,110,247,136,112,140,314,155,175,105,288,10,262,156,300,89,257,360,330,350,117
"COG0156",407,398,461,332,349,415,358,324,328,300,413,360,259,354,268,324,334,330,282,293,347,296,311,262,323,242,366,357,294,383,308,336,271,408,326,484,394,305,320,350,351,339,285,406,298,339,346,366,324,382,271,351,322,265,357,282,259,277,383,310,307,295,513,303,322,442,287,309,314,262,338,277,334,359,390,356,268,321,257,348,276,370,271,290,271,422,321,495,283,393,254,326,450,300,329,301,515,314,409,387
"COG0157",180,195,240,160,209,226,235,291,208,210,153,199,202,252,199,247,141,271,243,228,285,130,170,189,233,230,211,243,240,249,182,225,225,185,207,235,165,243,263,214,176,227,156,168,180,209,168,205,218,175,218,226,226,224,260,223,178,232,176,278,176,203,301,254,245,189,268,252,192,225,208,248,219,201,250,194,260,214,238,211,263,242,233,196,269,181,188,175,216,226,197,204,175,238,153,204,304,247,252,211
"COG0158",47,39,68,39,72,39,48,42,60,47,51,82,67,43,63,22,160,38,22,34,59,102,100,38,76,18,46,48,38,43,100,45,28,68,57,37,28,51,26,46,26,37,69,44,50,30,57,85,36,15,15,31,34,28,36,33,40,22,64,34,29,37,71,27,32,39,37,43,40,158,41,43,36,47,45,41,45,45,44,35,27,67,28,36,28,53,30,89,17,33,20,28,111,33,43,55,47,77,48,37
"COG0159",187,209,240,273,246,200,249,304,287,289,133,190,240,243,289,255,103,268,317,232,224,252,179,246,240,248,246,245,263,262,171,261,253,170,162,207,161,231,260,186,199,260,165,246,219,259,193,186,243,237,279,223,205,347,212,230,264,261,163,235,208,235,221,274,287,215,240,275,211,213,210,237,259,261,247,211,280,202,204,244,265,184,263,240,302,228,248,189,293,222,266,188,208,254,244,277,257,251,249,253
"COG0160",387,422,225,219,235,369,181,120,123,195,559,319,271,239,209,182,90,221,158,304,220,297,340,233,225,279,295,433,171,298,277,305,257,322,343,296,465,219,171,292,491,140,335,324,430,307,379,273,292,334,287,299,319,140,241,314,373,184,453,207,397,400,177,165,254,426,173,241,333,190,391,265,167,274,181,259,165,380,370,195,262,288,177,263,216,331,194,326,207,405,283,419,314,267,157,241,194,203,229,258
"COG0161",659,754,509,687,708,782,591,629,731,531,517,560,612,524,505,595,256,595,610,761,570,740,508,624,589,568,567,566,534,550,510,601,619,536,469,542,625,599,636,648,802,670,540,635,725,633,653,547,612,500,474,578,616,561,551,524,497,585,592,605,690,748,463,540,632,634,584,578,613,793,675,591,669,621,643,628,682,680,584,563,591,668,584,530,665,625,499,539,585,678,515,718,516,574,661,502,524,580,533,579
"COG0162",423,414,380,462,429,474,409,496,433,512,360,461,432,455,427,518,191,527,499,430,490,409,353,455,421,465,469,437,447,465,279,489,455,352,352,386,377,480,475,432,432,427,281,447,417,462,379,361,416,521,517,439,423,504,480,457,471,480,355,475,423,426,396,478,509,399,402,516,432,486,443,453,459,466,433,393,466,390,451,445,529,377,507,442,491,392,451,457,543,422,484,439,427,446,481,383,481,477,469,458
"COG0163",94,90,57,29,32,99,24,6,22,6,93,37,78,51,37,11,72,31,9,88,69,18,89,29,43,34,9,95,22,28,77,33,60,117,58,81,97,31,8,87,89,24,64,11,91,28,91,87,56,21,24,44,97,3,61,46,33,11,104,18,77,89,51,24,84,90,20,24,61,33,117,53,10,14,26,36,18,89,56,36,47,56,9,36,49,98,30,26,8,77,18,77,48,46,12,40,32,42,70,19
"COG0164",229,192,159,258,214,265,207,235,203,239,221,232,211,266,251,238,84,270,251,254,238,181,185,224,200,257,259,215,268,233,159,219,254,172,178,212,217,269,226,244,248,199,167,259,223,255,206,192,250,272,298,223,229,245,245,223,262,213,188,234,225,211,197,218,268,245,219,226,244,190,242,269,209,230,199,221,265,196,242,248,286,187,248,249,281,201,222,262,258,194,266,246,214,259,228,220,196,242,236,237
"COG0165",439,382,356,476,363,479,416,449,516,505,346,347,439,419,498,454,200,437,522,512,425,341,295,461,384,444,401,448,478,375,311,393,440,295,345,429,394,450,442,400,464,429,314,350,402,417,459,338,424,356,388,374,406,579,478,391,397,474,349,400,451,486,341,511,530,426,367,397,272,402,466,423,543,395,430,376,474,440,386,455,469,301,533,440,433,405,426,312,502,422,388,460,302,483,392,392,389,456,395,409
"COG0166",437,349,442,405,376,414,499,525,510,524,359,437,382,413,424,536,232,477,512,428,483,419,276,436,398,433,432,401,509,512,338,478,474,344,350,448,369,481,459,407,381,457,301,488,402,475,406,417,396,498,496,449,416,538,463,465,441,464,361,545,414,361,495,500,480,363,473,485,336,476,432,462,468,469,497,371,507,388,412,453,437,370,479,488,422,380,456,448,513,401,461,400,459,485,404,509,562,494,541,422
"COG0167",334,425,369,402,481,417,400,443,421,449,451,409,404,375,443,476,152,446,417,403,389,550,316,419,334,426,396,419,401,430,251,395,435,304,337,372,439,422,418,392,426,395,273,435,377,411,424,321,398,501,436,421,362,406,452,441,410,419,438,410,384,432,408,402,429,470,418,454,361,548,398,442,443,401,423,388,446,375,390,429,408,300,408,401,416,379,388,358,431,393,424,404,433,416,358,381,447,410,444,399
"COG0168",473,540,557,651,650,483,617,714,721,700,460,612,513,593,613,658,348,661,780,481,553,628,474,634,474,679,683,516,644,674,422,619,757,415,478,508,548,622,636,542,491,563,458,662,492,593,528,486,593,730,756,648,533,732,624,657,676,637,426,639,506,496,576,632,651,569,610,654,595,628,488,666,682,730,526,501,626,427,670,647,602,482,637,705,663,469,606,483,842,470,733,402,598,697,584,630,580,616,553,672
"COG0169",287,285,288,316,240,307,318,378,372,378,230,304,329,297,349,334,151,331,351,325,322,295,232,325,292,363,334,299,345,322,195,342,364,261,217,320,217,332,318,251,280,310,223,381,268,310,307,291,328,350,374,348,309,343,332,328,328,327,225,382,311,285,308,297,342,230,281,322,274,335,334,329,344,367,302,328,322,278,291,346,332,252,328,343,299,298,334,323,373,310,358,306,295,323,331,365,359,332,304,377
"COG0170",43,73,103,22,9,43,68,63,18,14,218,30,19,48,11,49,2,58,17,33,61,2,21,27,33,64,34,45,62,50,40,29,64,27,56,32,175,44,57,27,70,58,27,31,40,28,74,98,25,58,23,32,25,17,55,33,31,27,78,27,47,27,52,38,25,83,29,32,26,0,31,23,22,16,57,49,33,20,39,32,30,18,21,28,20,31,34,10,28,33,32,29,19,61,6,28,76,42,73,29
"COG0171",308,304,384,436,275,337,450,534,356,331,339,475,426,420,347,473,156,430,466,329,424,237,342,437,401,454,399,371,483,402,264,441,466,330,421,357,350,446,513,431,339,475,352,397,299,379,320,371,440,399,463,430,447,437,430,422,391,525,307,473,315,352,400,474,471,306,519,509,394,231,353,415,468,387,426,616,437,327,491,466,479,387,396,445,480,322,463,368,553,328,492,319,423,467,377,430,443,422,426,475
"COG0172",414,381,369,490,450,465,436,511,430,461,407,487,449,436,459,459,159,546,537,491,451,402,359,457,447,484,466,471,476,474,300,506,480,379,401,439,384,517,526,444,479,456,314,478,425,529,407,371,450,558,546,466,478,543,476,528,465,503,342,491,440,412,419,465,528,406,441,509,433,483,443,506,502,456,460,391,496,432,485,442,586,408,458,501,502,415,475,435,562,424,536,435,431,510,479,439,446,436,484,522
"COG0173",403,565,624,596,575,410,650,737,627,754,504,563,496,620,607,718,228,665,758,425,587,576,391,616,516,742,704,474,680,623,321,660,677,421,431,389,569,662,659,483,440,703,345,680,437,602,525,526,586,698,654,645,541,730,672,618,620,701,425,663,415,437,626,694,524,563,670,690,548,625,446,611,680,650,751,656,672,351,592,650,594,546,723,637,633,415,680,552,725,439,666,413,563,663,630,743,672,548,606,716
"COG0174",1085,1213,645,1188,1158,1304,844,997,1249,1424,874,1067,1184,1018,1008,997,268,1060,988,1301,890,1149,778,1152,877,1061,1170,1044,948,912,805,1216,1113,749,803,881,1040,1122,1094,944,1265,1032,847,1080,1229,1096,1144,635,1145,1022,1200,997,1176,1012,959,1035,1057,1042,947,1020,1162,1345,710,1023,1271,1015,950,981,1302,1360,1149,1066,1191,1068,873,1084,1041,1119,1205,1052,1223,1083,1168,1035,1297,1042,924,888,1109,1110,1144,1207,793,859,1268,941,677,973,823,1091
"COG0175",225,194,202,92,81,250,170,143,135,114,184,117,158,151,144,111,546,91,137,161,169,73,227,103,183,98,118,132,130,143,265,133,106,228,143,216,242,96,130,90,187,150,214,128,162,120,243,257,98,98,53,133,154,128,148,88,74,114,202,116,144,159,226,123,196,268,133,85,100,113,170,99,119,139,172,153,120,202,88,105,74,98,133,86,108,208,146,131,75,173,58,168,107,104,124,128,235,159,186,119
"COG0176",175,158,241,624,187,193,346,261,250,310,174,424,258,380,247,306,232,331,222,224,266,246,195,445,387,374,338,230,394,269,189,245,351,172,372,257,189,343,418,240,158,398,169,269,172,277,199,285,222,271,134,164,187,179,180,151,205,283,105,368,138,106,175,253,179,115,378,330,138,145,141,132,256,249,193,469,241,139,371,373,184,217,149,171,218,140,287,129,188,150,153,121,156,234,172,193,229,218,177,200
"COG0177",221,206,255,222,261,240,255,299,289,265,210,272,233,235,232,272,87,303,282,256,262,232,177,253,275,267,266,275,285,300,168,270,250,210,205,211,190,275,303,253,235,256,156,290,214,232,218,204,289,316,291,276,272,268,252,247,247,270,226,249,241,228,259,288,302,215,276,293,296,227,255,238,277,265,198,229,267,202,308,300,281,234,309,274,314,243,272,228,302,231,318,248,252,262,267,224,288,247,268,305
"COG0178",866,998,1030,1033,1235,811,1038,1098,1086,1318,929,1240,1077,1197,1047,1260,495,1146,1225,875,1151,1075,848,1110,976,1214,1275,1039,1227,1306,776,1213,1258,1047,1005,926,940,1171,1225,1076,1026,1040,727,1310,921,1184,1014,905,1166,1363,1318,1181,1112,1295,1230,1201,1240,1095,944,1135,953,948,1160,1266,1177,981,1071,1134,1237,1121,886,1268,1118,1259,1110,1013,1042,797,1165,1085,1242,1109,1222,1126,1239,962,1192,1228,1316,936,1358,871,1239,1189,1230,1266,1107,1048,1239,1310
"COG0179",517,395,272,344,482,464,319,313,372,385,345,352,486,356,338,351,257,342,404,532,383,552,451,363,364,339,329,514,378,330,460,411,326,439,409,469,280,357,297,512,517,324,455,287,531,417,313,279,406,326,406,345,470,385,352,371,378,305,347,318,518,538,247,395,424,292,316,298,416,364,525,406,366,358,272,303,317,551,368,320,437,369,367,374,418,509,331,436,319,546,340,537,378,333,393,369,184,283,299,311
"COG0180",340,374,378,345,348,422,424,439,386,426,357,445,396,425,431,436,191,445,460,403,402,367,316,381,374,412,424,385,419,434,271,456,420,337,318,387,372,443,409,373,400,412,297,429,368,419,378,335,452,492,448,430,426,455,448,487,436,455,337,406,409,392,379,455,484,355,375,470,398,394,372,478,468,442,407,370,420,354,410,411,483,361,451,468,463,357,436,370,401,412,407,412,416,463,396,425,445,405,460,452
"COG0181",236,234,317,383,338,260,342,421,419,404,159,333,269,360,417,405,161,378,502,301,311,300,184,368,309,380,380,242,420,400,199,351,410,235,261,263,232,373,403,242,253,395,198,414,229,378,194,259,331,441,405,385,287,452,366,290,316,396,179,378,273,248,385,380,340,230,356,374,313,333,246,338,409,396,353,319,432,238,299,363,355,264,395,333,342,227,348,274,428,269,337,277,437,343,363,354,389,374,403,398
"COG0182",233,190,110,146,68,257,116,138,166,153,221,148,243,160,136,140,25,165,173,257,120,55,118,205,167,162,146,230,115,125,143,132,153,171,135,186,206,162,151,173,253,114,121,122,233,144,232,95,197,119,189,169,210,150,157,182,166,148,207,167,236,244,94,118,301,240,144,181,180,80,258,208,119,138,98,143,140,229,175,188,230,159,151,183,235,223,142,49,219,217,164,236,144,168,120,162,63,152,123,145
"COG0183",1256,1179,751,911,1181,1188,810,762,844,865,1277,1006,1154,857,776,794,808,775,984,1158,972,1132,1109,901,930,868,939,1205,922,921,1171,997,929,1199,1043,1139,1274,874,836,1290,1151,860,1267,892,1225,1003,1188,854,1073,945,1016,925,1267,959,952,1021,1082,812,1276,811,1205,1191,766,901,1171,1212,747,891,1300,1036,1268,933,923,948,864,762,770,1293,1132,774,1123,1199,896,942,1127,1194,853,1140,793,1182,1045,1257,1001,829,957,834,523,787,782,865
"COG0184",116,88,96,95,106,142,98,105,117,89,98,104,95,95,98,98,47,86,113,138,89,125,67,115,97,96,100,101,111,104,82,118,111,110,92,117,90,99,107,117,97,91,86,108,101,114,101,88,108,131,94,114,114,128,107,90,116,91,91,96,121,128,124,106,132,98,88,96,130,111,126,112,87,99,101,94,113,120,108,104,128,98,113,99,113,126,105,114,128,121,113,128,116,108,106,102,117,121,100,95
"COG0185",84,80,116,86,100,100,93,103,87,69,108,97,114,116,89,101,43,112,116,75,108,78,68,90,98,106,128,112,112,110,60,107,103,81,97,86,86,114,89,123,105,107,68,110,89,104,93,88,107,86,100,109,96,116,122,113,107,86,89,118,102,104,89,127,151,79,107,111,119,82,96,133,128,116,103,107,95,92,118,107,116,147,102,115,128,101,108,99,129,98,135,108,137,116,108,89,124,144,144,81
"COG0186",77,58,89,69,80,111,78,74,76,52,78,100,106,91,65,73,40,80,93,82,91,64,75,71,100,96,73,83,93,91,65,91,81,71,62,93,74,99,89,76,95,80,70,95,76,81,71,82,85,75,102,86,109,105,98,76,109,90,79,72,98,90,82,91,91,69,70,87,94,81,82,86,91,104,91,76,82,86,87,80,96,93,91,99,82,90,79,90,100,79,101,104,80,87,103,85,95,84,97,92
"COG0187",811,984,999,1168,1208,937,1079,1132,1203,1325,944,1172,949,1156,1186,1232,718,1174,1309,901,1048,1146,1022,1223,969,1199,1313,951,1185,1176,786,1349,1201,1020,952,782,931,1199,1153,976,993,1083,797,1428,865,1344,1012,962,1164,1290,1241,1238,1048,1378,1076,1109,1276,1161,829,1144,853,916,978,1183,1069,1021,1102,1151,1215,1158,840,1133,1170,1352,1072,1086,1116,789,1244,1164,1224,1140,1193,1362,1200,783,1198,1481,1325,888,1338,770,1172,1152,1306,1192,1037,980,1093,1241
"COG0188",907,1060,1419,1315,1483,1019,1370,1537,1333,1327,1049,1356,1079,1345,1330,1553,686,1533,1599,982,1392,1301,1027,1333,1111,1480,1532,1055,1432,1456,847,1596,1453,1046,1157,999,1004,1469,1492,1130,1073,1410,842,1579,1010,1580,1060,1285,1343,1543,1471,1486,1105,1491,1496,1366,1400,1461,904,1422,992,989,1442,1469,1077,1038,1306,1412,1355,1276,919,1348,1412,1452,1505,1295,1374,838,1455,1416,1347,1508,1402,1537,1232,877,1499,1681,1538,1074,1528,951,1395,1455,1522,1472,1578,1288,1432,1514
"COG0189",256,160,239,257,179,256,288,283,302,270,118,238,171,285,323,254,417,240,243,240,198,214,148,283,276,275,259,220,262,231,253,246,208,211,252,249,137,222,283,202,212,299,248,243,211,269,130,244,247,226,386,381,298,407,301,295,283,465,284,403,322,319,395,438,341,179,554,381,341,217,339,331,409,448,379,463,433,351,331,482,402,299,453,391,341,381,416,282,421,336,354,364,300,303,360,385,439,326,358,336
"COG0190",339,317,290,341,323,374,302,352,353,521,272,344,340,382,333,383,131,358,342,372,350,284,241,363,314,365,370,309,365,334,220,371,370,239,256,297,295,356,394,295,333,348,224,375,337,371,311,274,361,394,371,369,333,359,334,362,341,372,309,313,361,333,316,387,364,308,327,410,377,320,339,368,371,345,317,292,344,307,350,351,384,331,345,354,429,314,314,288,336,358,296,333,290,384,408,382,363,316,337,394
"COG0191",72,119,116,114,153,59,251,218,148,138,65,114,47,132,176,227,28,197,146,87,154,167,88,123,136,91,134,54,143,113,66,146,69,108,124,87,74,146,153,95,86,271,84,149,58,150,134,63,108,85,89,118,70,148,144,120,66,161,133,163,73,73,89,145,44,81,164,162,41,186,65,117,163,114,299,198,191,81,99,170,102,166,178,100,87,89,174,181,103,101,77,66,147,89,200,167,55,155,191,125
"COG0192",385,434,417,426,397,434,453,451,434,510,423,470,459,465,447,485,175,536,498,455,409,396,288,475,398,516,511,478,467,482,281,512,483,356,360,421,428,493,476,406,441,476,312,470,443,478,390,339,512,520,309,302,294,354,290,333,307,311,238,314,278,278,275,318,381,291,262,310,368,250,259,314,305,295,277,294,314,262,325,332,318,305,360,339,325,274,297,275,296,297,380,273,260,311,387,280,320,283,326,331
"COG0193",128,211,203,182,231,183,175,231,206,236,184,191,195,172,209,225,94,177,222,167,191,216,137,205,192,213,207,154,200,237,112,221,243,126,163,158,189,205,214,175,153,168,133,224,164,196,192,169,194,260,238,206,167,258,202,231,231,209,164,209,133,127,208,222,210,199,207,215,231,227,148,197,226,259,175,171,213,118,213,197,213,167,212,228,223,145,207,225,207,152,268,129,174,226,230,237,208,194,192,247
"COG0194",125,150,183,197,180,146,206,217,199,228,156,206,165,183,232,198,119,218,247,152,213,215,165,229,197,210,244,157,208,205,108,192,200,156,163,152,162,198,179,154,136,212,115,241,150,205,152,184,173,226,206,223,178,222,198,167,206,187,144,209,131,146,191,194,217,185,167,199,142,196,133,201,248,223,226,155,195,109,153,204,199,147,230,191,170,132,208,247,204,147,216,136,193,191,177,236,194,191,177,234
"COG0195",417,451,480,530,526,414,526,550,613,541,386,464,467,498,558,624,161,576,690,456,512,512,345,524,419,567,570,392,561,537,286,565,600,368,416,437,444,556,508,450,429,502,298,592,406,525,437,395,540,637,619,577,437,655,507,516,551,565,374,591,434,441,426,579,574,479,478,606,540,603,396,571,548,567,478,462,560,354,530,523,549,532,632,523,623,348,544,557,586,415,618,432,481,500,677,528,509,562,476,560
"COG0196",212,272,323,315,291,261,327,365,307,320,228,303,224,294,333,348,127,327,363,246,299,321,183,314,259,297,347,233,354,367,184,323,330,223,242,245,230,359,342,302,270,279,193,375,258,326,263,261,296,353,404,311,277,407,303,318,324,326,208,293,259,283,304,327,303,274,327,340,223,352,233,318,357,360,318,287,334,199,310,322,339,225,349,335,304,186,323,342,359,228,318,238,322,354,274,370,325,327,296,341
"COG0197",143,131,136,146,165,144,139,136,125,102,146,144,156,157,129,170,96,138,175,151,150,187,107,134,138,154,154,172,165,148,92,179,168,128,109,137,133,160,159,163,155,158,106,156,117,176,124,139,158,158,145,138,143,168,174,166,131,148,131,140,152,143,155,179,187,135,138,140,200,148,159,188,140,167,154,134,170,152,166,125,165,192,170,179,174,140,148,125,146,147,161,144,170,186,177,131,163,197,181,170
"COG0198",48,56,82,41,39,68,58,67,39,27,70,65,65,49,41,61,32,64,57,69,64,46,34,50,59,58,57,64,50,65,40,62,70,59,53,51,49,63,62,83,57,70,46,56,59,50,42,75,50,66,82,87,89,67,111,84,76,92,74,84,94,82,116,76,103,66,82,67,103,95,98,98,81,90,79,93,85,81,73,84,84,89,70,85,90,83,74,102,67,102,72,80,82,101,76,95,132,94,109,82
"COG0199",50,71,99,85,96,58,99,94,84,60,44,87,47,108,91,115,46,118,116,67,94,107,52,107,76,92,87,74,93,103,43,111,97,61,72,56,64,97,92,71,53,99,54,75,62,99,58,78,85,100,105,120,68,126,99,78,91,99,48,88,60,47,79,94,85,54,92,107,108,116,53,101,116,97,93,100,125,47,91,95,100,96,96,99,94,54,90,92,123,58,121,45,110,85,111,110,104,128,96,100
"COG0200",120,142,148,117,142,175,142,156,160,114,137,116,170,136,164,132,82,173,144,166,160,105,99,141,163,181,156,165,208,147,113,186,178,135,135,144,134,162,137,164,148,125,111,158,135,165,139,139,155,196,157,159,169,173,150,185,173,147,137,129,178,150,150,162,210,137,147,139,205,138,173,145,168,157,141,151,155,171,157,148,190,151,172,158,178,142,154,154,175,138,175,170,143,155,136,143,162,170,191,158
"COG0201",395,462,480,386,478,442,470,534,473,437,412,527,463,521,436,524,221,477,535,473,521,403,397,451,460,513,514,531,490,561,301,517,579,398,436,441,404,541,497,497,449,453,294,487,414,514,426,418,532,554,560,574,527,589,494,476,523,444,370,512,463,433,481,517,586,460,449,499,622,456,457,523,535,499,511,448,464,398,492,476,578,507,558,504,594,431,521,442,484,443,537,406,498,546,584,437,555,588,538,549
"COG0202",311,341,330,416,419,362,363,383,357,341,379,434,378,392,368,419,208,394,389,364,392,387,286,394,363,414,451,357,371,384,263,412,378,318,349,308,384,412,387,320,350,402,267,387,315,437,342,292,428,423,424,424,400,443,402,360,389,382,360,387,360,360,385,411,427,396,372,373,428,391,367,420,416,373,382,380,371,331,395,404,388,468,467,423,419,317,365,404,417,331,412,354,447,375,477,365,391,478,392,432
"COG0203",113,108,115,150,144,102,116,151,142,117,134,120,123,127,135,144,82,146,164,123,125,145,111,147,109,144,135,112,148,125,91,130,134,114,126,102,123,152,172,81,107,140,84,134,105,141,114,117,138,143,124,97,82,106,85,84,103,81,85,97,95,81,74,114,92,79,80,99,89,91,79,98,90,88,75,72,79,67,85,89,89,74,126,96,90,74,95,100,114,80,94,90,88,93,127,93,80,91,81,97
"COG0204",433,503,605,474,613,459,446,512,458,634,531,647,489,581,557,550,470,572,509,408,585,552,566,561,497,568,656,545,598,678,553,631,633,620,599,440,528,637,573,521,471,473,498,578,470,598,503,595,648,790,724,637,539,486,603,650,681,555,530,552,475,413,652,579,471,520,524,560,637,577,461,565,562,654,547,505,528,461,688,572,563,575,561,619,491,433,623,691,549,480,760,437,686,558,511,582,601,559,654,676
"COG0205",187,239,148,193,225,200,166,237,188,328,256,201,185,188,151,258,119,194,241,142,151,186,188,222,160,235,226,205,207,229,143,195,209,184,178,184,248,210,181,198,208,218,134,243,195,223,255,122,211,243,243,222,174,237,171,216,262,226,236,199,178,182,143,218,145,244,168,219,273,258,179,184,231,262,156,194,170,146,232,198,238,206,258,243,188,180,268,312,222,177,267,196,265,193,310,199,127,152,163,246
"COG0206",417,454,385,495,500,440,470,494,444,483,418,541,549,534,388,527,213,569,515,467,480,378,372,500,479,501,461,610,512,536,343,585,541,413,426,421,419,557,519,509,449,528,307,504,461,548,459,375,580,596,525,545,508,528,557,561,511,505,359,501,515,464,501,521,544,413,439,508,671,402,454,552,497,507,447,442,493,388,535,499,533,644,498,510,560,419,503,381,542,441,585,470,491,521,634,458,506,464,515,548
"COG0207",103,100,130,230,235,142,140,140,165,239,80,233,146,147,203,141,124,133,162,110,150,211,160,193,151,157,211,123,170,181,102,200,138,200,140,110,103,159,111,135,109,128,123,241,95,201,73,141,168,224,204,180,152,188,158,147,198,149,71,130,103,121,145,136,112,63,184,135,179,190,91,157,159,209,121,191,133,83,169,188,140,132,137,169,112,91,178,398,148,134,172,89,228,146,239,172,149,140,164,208
"COG0208",166,237,214,1191,403,244,418,360,456,527,143,786,227,653,529,451,172,499,337,178,337,416,190,939,593,619,694,169,524,430,197,483,516,234,620,262,261,583,628,267,200,584,144,549,154,486,288,240,370,480,414,415,343,350,293,320,460,709,152,843,152,180,228,555,242,317,1052,805,356,347,183,326,555,684,288,1410,524,177,812,1108,388,528,482,564,429,158,807,771,470,223,399,162,374,453,479,437,290,341,267,559
"COG0209",948,983,719,3020,1189,1201,1158,1037,1328,1640,1054,2017,1261,1737,1275,1300,441,1411,1062,1251,1168,1374,988,2611,1658,1703,1862,1178,1521,1220,754,1470,1409,999,1728,1131,1024,1538,1652,1269,1135,1695,743,1394,1108,1510,996,919,1367,1392,1323,1217,1369,1085,864,1155,1486,1903,907,2176,1063,1204,814,1597,1374,1007,2659,2052,1359,1155,1109,1271,1524,1778,896,3147,1450,1014,2310,2691,1485,1762,1398,1694,1604,1058,2075,1718,1579,1116,1450,1085,1202,1313,1524,1273,823,1043,877,1562
"COG0210",841,984,992,974,808,978,1100,1109,983,1068,1105,853,837,875,970,992,1057,947,953,1021,956,800,876,1016,1202,1029,1070,790,975,999,926,882,947,848,1114,968,1262,868,1012,889,926,1068,981,1050,862,899,1068,944,914,1124,641,670,584,663,587,628,690,708,628,660,581,574,687,661,605,736,914,682,560,614,656,596,614,697,649,718,644,575,618,709,642,524,687,574,635,544,720,656,805,593,712,606,639,634,624,691,752,584,612,647
"COG0211",81,72,84,98,92,57,94,89,102,91,63,85,77,100,115,79,27,87,92,78,81,86,63,89,70,98,94,73,102,101,57,87,109,69,72,50,75,105,106,74,67,102,65,90,65,94,84,103,102,111,112,104,66,101,94,107,85,86,73,80,73,68,96,97,90,78,77,84,123,112,53,101,92,83,112,72,84,72,102,98,112,92,114,100,93,59,84,103,130,64,85,61,108,102,99,108,99,107,95,96
"COG0212",153,136,97,153,162,179,140,162,174,224,97,126,148,146,167,156,109,140,197,170,130,161,104,155,152,170,184,125,160,179,125,164,173,136,122,161,117,174,162,115,189,101,127,182,133,167,112,127,167,186,183,132,135,227,153,147,161,180,91,138,159,144,91,196,180,138,163,144,124,192,148,134,217,178,153,129,167,145,149,138,189,80,179,172,131,151,163,163,169,155,165,166,91,160,141,187,104,157,159,150
"COG0213",95,140,92,62,72,115,69,34,50,19,211,99,85,58,38,69,27,62,55,67,79,89,127,56,70,63,67,110,48,79,97,77,78,134,94,109,237,70,52,116,123,58,125,61,106,86,145,88,87,95,85,82,129,61,82,104,121,51,171,65,109,117,103,61,96,177,47,61,98,90,103,93,52,81,71,84,45,105,76,57,84,100,51,76,73,112,65,66,41,108,111,105,90,79,59,56,55,46,81,62
"COG0214",90,94,16,31,26,78,20,31,11,27,125,96,129,48,1,38,15,69,19,94,81,3,83,33,46,81,44,173,52,52,44,63,80,91,119,60,114,58,50,144,91,34,53,28,92,79,63,61,98,122,43,44,105,4,55,44,66,22,60,41,65,71,34,36,145,62,25,31,115,1,56,53,18,31,11,46,17,56,66,41,74,71,24,52,106,53,34,14,38,53,71,71,32,42,28,24,22,27,56,46
"COG0215",427,395,507,508,458,462,611,650,465,456,488,515,525,502,451,612,178,609,626,539,591,428,448,507,498,569,527,499,558,543,368,528,534,441,445,492,417,584,593,495,496,562,330,577,482,573,398,433,548,623,599,565,555,506,549,519,560,612,416,553,476,520,504,514,620,403,526,593,564,437,520,572,547,544,572,487,579,433,574,540,624,602,476,572,660,489,570,441,638,519,607,502,475,599,519,479,609,530,534,616
"COG0216",260,341,385,374,351,309,357,476,397,343,344,370,357,362,401,419,137,438,433,317,326,356,267,365,329,421,462,295,373,380,245,373,426,275,296,284,369,371,440,333,327,418,222,426,339,402,351,341,309,468,447,420,332,462,373,396,418,429,310,450,311,314,356,428,379,380,384,413,449,316,308,388,430,413,397,382,353,286,364,376,412,395,435,401,381,299,402,346,439,295,465,278,341,398,418,374,389,358,390,450
"COG0217",179,191,169,269,253,185,176,197,275,312,214,227,221,207,295,215,117,240,252,192,194,216,172,244,205,209,263,189,238,227,159,275,249,188,180,156,195,211,210,213,171,178,172,263,185,241,221,130,223,239,283,227,247,282,179,244,278,234,183,238,177,163,140,246,250,260,192,232,255,239,177,252,245,253,155,200,206,185,235,221,278,192,263,259,267,175,255,251,274,185,297,156,236,220,308,278,131,183,195,237
"COG0218",82,92,90,97,164,100,103,92,111,132,39,106,72,77,137,93,99,71,107,68,80,163,79,111,72,75,105,62,99,103,94,112,66,99,53,73,51,83,77,87,84,64,93,135,63,121,64,80,91,91,100,89,55,128,78,72,78,90,60,68,63,91,75,91,40,56,80,81,74,159,55,84,135,135,125,101,110,74,61,87,81,85,99,90,58,91,88,178,60,90,77,74,148,88,125,112,65,81,81,107
"COG0219",105,104,108,139,133,109,137,175,171,116,81,117,113,123,145,154,102,139,155,116,129,101,111,147,137,138,114,100,119,119,95,117,143,86,109,93,100,143,129,144,108,146,93,132,112,124,121,108,140,140,100,99,69,92,97,89,87,125,58,91,74,68,78,82,60,83,109,110,99,109,96,81,82,74,84,65,82,64,74,82,78,88,114,81,121,61,91,67,113,56,106,63,73,94,76,91,92,80,68,83
"COG0220",85,93,210,107,180,92,130,143,137,106,74,116,84,143,148,132,96,109,151,74,136,161,111,113,103,115,148,70,151,147,86,127,123,145,89,86,53,140,123,100,86,151,102,151,82,142,78,158,84,126,101,137,60,169,145,116,80,133,69,103,92,87,190,139,69,68,100,119,86,152,67,123,181,153,193,117,153,72,99,129,80,113,140,114,53,80,142,214,96,83,89,82,172,150,120,168,208,169,153,139
"COG0221",34,28,185,52,28,19,150,159,52,24,12,43,12,70,49,101,80,138,57,28,102,36,39,39,101,86,71,9,81,77,56,51,78,51,72,76,30,59,108,34,4,178,53,54,15,39,20,176,31,35,6,107,14,49,104,68,22,96,23,100,9,14,194,71,7,24,111,90,18,65,17,38,71,72,194,97,100,15,40,87,19,87,56,33,18,42,90,33,50,43,17,12,71,113,43,83,248,135,150,69
"COG0222",93,137,122,104,113,90,156,141,130,141,108,104,116,119,114,129,26,149,142,110,132,158,105,144,116,128,141,131,154,149,80,131,118,101,102,77,130,126,168,143,126,180,74,133,89,129,129,113,129,136,83,102,62,106,81,91,87,95,65,107,68,61,85,104,79,74,92,110,108,92,50,91,102,99,98,97,110,52,75,96,70,88,94,93,105,53,95,98,83,66,118,76,68,103,89,94,93,72,88,88
"COG0223",313,393,373,499,411,309,410,475,410,487,380,390,415,393,453,451,237,447,474,352,405,435,329,496,374,431,445,376,439,426,287,443,470,340,355,304,441,459,445,423,315,414,284,517,338,461,400,384,407,508,477,447,402,492,409,441,521,475,336,436,368,315,402,461,481,444,408,431,379,521,324,398,411,400,418,359,432,274,361,435,478,361,446,455,436,314,428,388,413,329,444,323,360,422,407,443,408,384,409,438
"COG0224",244,306,354,373,348,258,350,397,394,296,290,353,263,337,347,403,156,372,388,267,345,306,211,367,299,356,389,272,363,387,182,363,353,231,293,272,306,370,384,275,270,338,228,371,257,348,323,259,324,387,385,366,274,394,343,359,323,382,282,388,276,251,333,359,295,310,365,384,408,339,277,359,408,385,366,337,387,230,386,384,374,345,391,382,406,233,366,312,387,273,331,244,362,364,401,417,389,354,350,388
"COG0225",278,270,341,322,331,292,373,400,384,431,187,343,235,369,357,440,117,370,481,255,328,343,240,294,332,371,379,268,415,391,234,383,358,259,252,281,240,425,378,248,258,355,201,412,253,399,226,335,327,352,418,378,258,415,329,339,347,414,190,316,281,254,349,372,276,212,370,372,350,360,278,356,356,392,374,276,359,223,317,311,318,308,425,354,323,241,340,360,387,292,386,249,317,366,332,374,440,351,396,348
"COG0226",59,42,249,123,31,28,453,265,410,320,44,129,94,641,93,499,168,219,165,73,343,27,143,84,262,162,108,242,551,108,121,365,185,145,353,116,19,598,161,389,19,533,175,115,60,339,29,296,432,73,79,129,181,128,133,551,126,399,61,356,62,43,250,537,61,19,471,394,83,12,53,548,503,121,478,217,472,117,163,161,322,206,494,219,301,54,240,146,365,68,41,44,102,157,511,446,354,147,141,128
"COG0227",62,70,84,111,101,74,95,137,117,138,60,109,80,100,111,108,44,94,130,59,101,94,62,105,74,113,94,58,106,92,60,110,122,63,54,51,78,94,115,75,62,82,69,116,62,119,82,95,110,104,123,129,56,93,109,111,97,109,56,102,66,62,82,124,93,72,78,111,93,106,65,116,97,103,104,91,115,64,95,120,101,69,111,119,102,54,125,107,135,60,113,56,75,101,127,123,84,82,80,100
"COG0228",66,101,136,153,158,88,134,141,162,136,123,132,121,151,142,129,28,154,171,105,121,197,85,135,133,185,192,110,163,143,61,160,150,85,128,88,102,143,155,104,88,141,95,196,86,141,131,89,135,193,156,160,118,165,131,154,147,156,118,149,112,81,145,164,130,121,133,150,192,197,79,148,148,159,118,122,169,86,161,128,133,149,182,134,145,83,142,146,164,91,179,87,159,145,189,161,140,153,126,183
"COG0229",173,192,220,221,280,225,222,251,231,334,159,223,171,233,202,236,70,221,254,173,228,203,149,200,202,245,282,195,253,261,168,219,242,166,158,166,161,230,247,160,198,200,160,236,177,257,182,211,229,267,260,245,152,299,245,205,230,222,154,224,201,201,199,274,222,180,209,209,267,241,182,245,243,241,198,194,226,195,195,201,220,192,271,243,253,169,230,242,245,186,275,187,235,228,267,242,238,210,218,234
"COG0230",11,6,4,12,33,12,11,20,23,19,1,9,7,10,11,22,3,9,27,14,4,33,11,12,12,20,12,11,11,10,7,13,15,9,10,9,2,15,21,10,8,19,15,19,7,17,6,12,14,8,13,9,9,11,14,21,13,18,12,19,11,7,14,12,6,5,17,14,14,26,5,19,25,19,13,19,19,10,8,12,12,14,15,17,14,10,11,26,16,7,12,3,9,13,16,11,5,14,10,12
"COG0231",168,188,209,218,208,212,220,217,204,186,193,217,188,221,226,216,141,202,239,212,192,162,179,227,216,221,234,175,245,229,189,206,209,191,180,189,190,227,217,246,216,206,167,217,194,206,187,192,202,242,246,216,221,246,213,224,211,224,183,222,196,206,232,233,234,200,201,212,200,217,220,233,195,213,213,179,222,181,194,180,248,205,216,215,196,178,195,205,178,222,217,204,223,206,223,215,235,200,221,229
"COG0232",184,193,102,276,244,171,195,269,283,303,162,221,177,298,308,274,140,281,319,200,178,245,218,291,232,270,269,197,249,257,175,248,293,170,176,214,200,251,250,205,198,173,209,242,193,292,224,128,270,288,324,215,199,320,182,263,231,292,165,234,198,201,113,277,235,233,256,277,204,275,210,287,270,253,150,212,250,191,268,272,285,168,260,286,284,206,245,224,336,184,303,195,204,264,244,250,106,201,163,249
"COG0233",134,152,196,140,168,138,153,193,182,169,131,165,136,177,169,172,103,180,223,146,176,185,105,167,151,166,183,155,197,187,97,191,198,147,146,146,152,172,184,129,145,178,110,206,162,165,155,139,174,219,208,174,148,214,182,190,190,190,127,161,139,146,197,176,174,179,170,206,160,171,134,164,199,188,179,151,194,138,167,150,163,144,226,170,165,122,172,202,179,174,203,123,171,183,220,208,218,199,156,201
"COG0234",63,93,92,88,74,74,86,84,108,69,85,91,76,122,91,78,33,86,95,84,102,88,62,87,94,109,115,83,85,89,62,87,97,69,93,56,100,93,85,90,60,86,65,95,91,93,89,72,73,92,146,110,149,150,143,129,155,136,99,131,97,99,134,136,123,152,159,114,142,125,104,130,140,160,129,164,151,100,149,140,150,122,154,138,183,88,144,132,156,114,139,90,122,156,156,147,156,144,136,142
"COG0235",230,164,166,266,216,202,186,213,249,246,118,246,227,221,260,219,172,213,201,281,190,214,214,286,217,239,266,205,217,227,213,237,204,286,210,183,114,237,177,291,240,220,208,208,252,218,142,148,233,209,230,240,230,236,193,214,242,220,119,224,225,278,170,228,183,150,209,233,236,204,230,246,243,228,203,214,221,204,210,245,203,248,234,258,196,239,238,175,261,216,245,235,235,198,233,281,119,240,182,237
"COG0236",64,89,148,95,71,69,78,95,78,98,71,100,82,98,97,94,70,95,87,97,83,105,84,98,77,85,97,62,102,108,59,85,99,72,84,78,63,104,96,67,81,114,67,110,64,86,84,84,86,95,79,99,67,103,94,72,96,92,82,101,77,78,117,98,92,82,118,95,81,65,60,76,95,108,90,83,104,52,71,90,90,83,96,69,74,66,89,97,106,57,73,71,100,92,108,90,132,99,87,87
"COG0237",210,185,180,176,188,223,205,245,229,264,197,197,218,186,220,207,89,237,233,202,243,153,190,210,199,223,232,206,222,242,159,192,223,183,198,187,178,234,224,208,228,192,128,249,224,227,189,208,190,297,243,193,253,225,229,226,236,191,149,234,205,230,216,243,277,166,199,198,177,183,211,233,200,216,225,211,239,195,204,208,247,187,215,197,203,193,225,217,220,219,251,240,173,230,143,204,209,232,207,186
"COG0238",60,82,53,60,84,53,82,88,81,91,72,66,67,71,80,62,48,95,91,64,62,88,46,76,71,79,79,62,89,77,53,88,80,47,70,49,76,91,64,63,59,76,56,91,81,82,70,70,87,100,50,49,43,52,61,49,65,44,51,62,44,29,50,64,50,53,57,52,40,47,49,48,46,52,47,41,58,46,58,34,59,35,61,59,45,34,51,56,67,40,59,49,58,60,46,49,53,48,46,43
"COG0239",30,35,20,34,33,29,25,24,23,40,11,32,24,33,37,21,39,21,23,30,26,61,46,28,40,27,31,32,40,46,35,31,30,26,30,24,14,30,21,32,24,27,40,48,32,33,15,36,41,27,45,35,23,34,20,28,41,13,21,16,26,30,25,32,27,9,24,17,18,38,22,36,37,31,31,27,9,26,14,41,28,17,30,31,29,32,41,46,23,28,32,20,36,30,26,30,20,21,29,27
"COG0240",253,293,194,321,368,270,218,281,319,369,271,299,234,278,362,272,136,286,330,291,239,281,234,347,242,294,388,282,307,291,172,309,281,219,245,224,293,323,276,249,275,217,197,323,260,354,282,162,333,314,373,280,272,346,260,352,356,297,250,272,251,247,207,308,299,278,269,296,341,366,265,316,338,301,235,288,293,231,281,283,333,280,275,339,297,206,299,302,317,267,347,245,305,273,302,246,176,243,230,293
"COG0241",124,139,70,91,91,117,85,93,106,156,118,105,139,90,97,89,163,94,103,109,85,108,140,72,104,77,106,111,92,68,121,100,103,112,111,87,166,96,61,111,152,73,74,64,107,104,144,84,117,106,87,80,105,127,117,89,125,79,135,78,111,96,86,118,119,169,80,74,85,117,125,98,91,73,72,68,76,93,102,84,93,75,132,80,68,131,87,104,91,106,97,121,96,110,68,77,82,80,81,75
"COG0242",187,221,199,298,224,178,256,281,249,283,210,272,216,335,271,276,98,292,271,205,253,243,192,284,289,345,325,192,365,245,145,265,316,210,305,176,243,280,258,261,191,322,158,247,182,290,239,232,230,256,273,260,234,298,244,249,256,375,209,356,161,202,223,353,233,215,463,346,201,217,167,227,315,290,224,348,317,157,288,321,277,224,311,294,252,166,315,268,304,170,274,167,231,309,225,283,236,298,254,307
"COG0243",721,1221,390,479,361,656,481,410,469,225,1456,346,672,372,335,404,622,425,302,621,545,437,844,429,475,350,275,788,357,293,646,430,284,781,627,556,1546,322,271,803,903,536,669,229,772,439,1316,454,507,157,211,359,704,253,482,495,374,395,1451,379,726,689,398,353,405,1315,421,342,383,313,713,527,373,322,502,545,353,650,479,417,375,731,363,445,398,653,370,405,164,623,222,725,509,349,433,580,203,397,471,229
"COG0244",189,176,231,156,172,221,222,230,189,179,214,219,228,203,190,230,93,253,240,206,217,167,151,174,219,256,215,251,218,216,146,250,226,183,180,195,165,229,223,231,189,227,138,210,209,242,168,184,241,237,242,246,228,230,227,228,229,214,162,202,204,205,252,232,309,182,184,215,296,139,188,236,228,206,216,194,240,167,227,213,213,314,237,226,267,176,191,180,190,198,274,179,211,230,221,194,259,203,236,246
"COG0245",123,176,293,268,191,137,250,280,270,343,160,207,196,203,214,268,63,274,304,158,248,117,142,253,183,292,276,130,269,242,119,217,260,156,146,145,209,267,276,167,180,241,124,267,138,211,199,199,209,318,343,281,198,267,210,234,298,290,137,266,135,152,245,268,216,223,227,256,196,153,146,237,279,283,192,229,303,122,208,278,263,150,239,264,212,91,233,153,301,145,304,146,217,256,181,244,319,241,263,258
"COG0246",71,23,53,53,146,40,73,53,105,81,24,103,30,102,97,65,232,66,69,24,46,115,62,57,86,64,77,42,63,76,107,84,58,54,96,90,27,75,77,63,25,62,123,97,52,67,11,87,75,57,56,67,36,71,36,63,62,81,34,69,39,37,48,88,18,23,52,62,75,79,60,70,91,91,60,89,67,39,97,66,58,89,85,120,59,59,78,180,55,53,77,40,59,74,81,69,31,56,32,77
"COG0247",780,1135,300,678,570,785,340,383,493,562,1281,569,763,539,599,403,330,468,319,732,585,532,767,723,544,449,509,1000,459,441,528,576,454,624,583,569,1474,563,382,871,1090,494,522,339,861,644,1147,352,690,456,540,435,869,302,546,662,516,485,1059,537,852,947,354,484,622,1384,461,555,682,686,815,610,410,429,324,651,391,765,672,638,681,674,439,635,728,822,668,621,461,724,552,853,540,505,631,613,262,361,453,550
"COG0248",154,110,393,203,166,126,332,300,544,498,116,180,110,335,223,315,393,246,200,112,263,198,198,190,228,222,202,114,447,251,254,205,174,194,188,176,128,357,255,180,98,323,210,231,110,212,84,315,183,174,132,193,139,202,252,389,143,246,110,231,116,100,329,472,56,91,257,246,100,121,123,379,315,220,376,258,294,124,138,221,125,196,484,124,95,124,251,223,174,133,109,97,244,214,395,553,428,245,303,224
"COG0249",368,376,708,387,548,271,725,547,399,346,422,467,341,492,405,587,330,563,419,336,657,518,510,385,473,426,521,365,514,485,385,480,379,523,500,395,404,515,520,443,310,638,371,506,328,452,404,636,357,324,322,518,415,334,574,462,340,490,418,582,389,325,730,433,261,367,564,504,261,496,356,390,449,473,835,606,660,349,395,524,328,502,378,410,318,420,465,808,411,411,298,351,685,527,414,481,749,537,644,462
"COG0250",172,213,220,208,201,210,182,222,222,183,189,234,215,221,203,208,103,253,219,194,236,190,197,209,195,225,195,225,238,250,166,231,195,192,190,173,204,250,205,228,191,202,157,233,183,231,203,204,215,234,213,211,229,230,238,221,220,202,226,219,207,193,222,200,232,211,205,230,264,186,198,223,189,234,185,222,212,177,242,199,234,249,248,220,246,177,222,203,204,194,255,192,190,223,229,208,255,217,247,231
"COG0251",351,381,256,234,282,361,210,240,250,243,326,283,394,236,242,223,229,245,242,410,291,320,408,209,260,248,273,371,218,286,280,281,258,355,259,297,315,222,246,370,445,230,342,250,405,316,312,255,311,251,254,263,375,191,299,276,306,225,334,219,400,436,304,271,310,341,231,239,255,295,375,261,234,261,244,198,209,407,263,212,241,332,250,256,263,404,213,297,203,351,255,369,280,225,263,248,273,244,288,290
"COG0252",167,110,96,37,141,159,50,17,20,17,97,96,170,77,78,28,111,56,19,161,74,133,134,68,85,39,57,219,34,76,148,102,50,134,96,160,70,62,31,148,141,28,147,35,148,107,69,71,119,60,66,70,153,20,110,74,50,24,120,36,190,171,103,29,219,70,49,45,126,174,190,105,22,50,49,63,33,198,82,54,115,112,22,71,95,183,30,132,22,138,63,182,113,67,35,65,54,76,101,57
"COG0253",190,206,249,354,269,216,336,383,361,305,156,310,253,283,332,349,139,355,353,216,294,278,170,319,254,323,299,162,324,297,135,306,327,203,242,234,182,308,351,259,211,321,157,313,198,302,224,217,303,318,311,284,203,341,290,319,306,355,150,346,223,208,242,337,249,240,357,347,324,261,189,325,324,330,334,271,377,160,270,336,317,229,301,317,369,153,367,273,353,195,299,193,304,298,309,342,276,290,297,324
"COG0254",61,80,82,84,109,59,77,85,77,133,67,93,60,90,81,97,50,96,104,53,82,92,58,102,83,86,90,70,97,99,56,105,100,59,63,48,62,89,86,67,59,72,62,109,68,99,71,76,76,92,105,86,70,114,92,109,90,90,66,80,67,72,77,107,74,73,77,82,90,93,60,106,102,101,86,79,103,51,88,95,89,83,103,76,84,71,100,103,98,67,93,66,100,81,107,112,109,94,101,84
"COG0255",16,17,13,9,24,15,11,5,30,6,23,16,13,11,17,8,22,6,10,21,17,32,18,8,7,15,12,13,6,9,24,19,24,21,23,18,21,12,4,17,14,7,31,19,15,16,26,25,14,12,6,17,19,8,13,9,13,7,23,8,17,18,5,4,14,24,10,7,16,21,19,17,18,19,13,12,19,8,19,10,11,20,14,14,10,21,13,23,5,16,14,15,18,12,17,14,6,23,30,15
"COG0256",144,107,92,106,104,149,123,131,130,84,135,138,108,132,127,122,60,122,131,166,122,120,100,113,124,131,112,138,130,134,94,143,132,94,109,148,130,141,104,121,157,116,93,119,126,120,87,116,123,150,144,121,140,101,139,127,121,107,134,125,130,135,100,126,166,110,128,141,152,105,149,128,132,139,104,117,103,126,130,115,147,131,128,139,155,128,124,104,136,145,134,138,111,123,137,133,150,120,123,138
"COG0257",5,2,1,9,7,2,6,4,11,3,2,3,1,6,12,5,18,4,3,3,6,11,4,3,5,3,2,0,13,3,14,3,1,5,7,7,1,4,4,1,1,1,15,4,2,2,0,7,0,0,3,3,0,4,10,1,3,6,3,0,0,0,5,13,2,1,4,2,6,4,0,5,11,2,9,5,2,4,3,11,3,6,13,5,0,6,6,6,2,0,2,0,4,2,4,8,4,18,17,4
"COG0258",658,710,774,1167,856,728,1008,1128,1035,1047,685,964,837,952,968,944,486,1050,854,710,889,806,715,1100,850,1072,1088,672,941,925,580,920,914,682,870,766,718,1002,1001,771,634,1048,548,947,570,947,773,639,908,1083,1011,939,762,782,839,993,989,1176,626,1070,666,710,681,957,847,708,1218,1115,823,768,690,891,895,1023,932,1242,1076,624,909,1241,1051,919,1001,1018,1070,650,1154,1084,1099,685,1116,676,940,865,962,1050,816,897,899,1110
"COG0259",103,139,133,179,172,134,161,203,222,292,82,194,149,178,227,197,105,190,230,136,125,187,119,173,144,203,228,132,165,187,121,184,184,119,139,99,136,172,179,131,121,158,106,167,102,154,138,97,173,174,222,171,139,227,143,178,182,197,103,198,123,125,117,184,157,154,194,189,165,173,122,196,204,179,131,132,175,133,198,155,199,134,214,188,180,120,167,185,208,120,234,119,153,175,167,181,99,133,110,183
"COG0260",268,293,287,380,336,242,326,353,344,428,260,345,318,338,298,347,312,324,378,269,322,316,302,303,311,342,347,318,327,338,283,343,341,310,255,224,296,341,366,348,274,337,264,371,266,328,266,345,381,373,475,524,485,586,517,506,523,527,392,532,416,388,564,523,600,439,486,554,579,430,385,523,484,534,463,492,492,373,470,574,499,527,528,555,541,331,481,407,544,388,552,344,485,452,520,466,598,532,520,528
"COG0261",93,124,151,153,172,89,140,188,189,156,95,155,94,141,183,159,52,161,164,100,146,155,102,161,136,166,165,108,164,158,86,176,184,107,105,95,122,154,194,134,122,161,89,199,88,156,125,137,151,176,194,163,120,200,147,159,186,162,87,166,101,100,147,153,127,130,154,180,134,180,91,168,188,177,140,138,196,89,136,156,173,112,181,165,148,113,175,149,208,107,183,91,168,155,169,177,177,186,146,153
"COG0262",68,78,77,107,147,94,72,58,86,132,66,128,81,89,115,90,90,90,100,65,98,142,109,114,95,87,142,77,75,94,69,104,89,95,102,103,65,114,72,94,92,76,76,106,71,111,70,78,93,125,103,85,80,106,93,107,104,72,69,90,67,52,72,88,82,51,95,86,97,136,72,67,101,96,84,99,65,71,117,88,107,89,104,89,80,67,98,218,89,85,124,59,140,93,117,90,86,87,89,117
"COG0263",202,262,275,338,230,225,392,450,387,279,205,266,298,300,447,415,279,425,412,262,330,237,217,361,317,351,317,241,350,343,246,325,366,223,290,220,222,362,435,277,222,390,251,308,237,291,251,291,335,303,348,322,280,408,325,353,302,485,223,362,232,263,320,357,315,293,391,393,308,356,230,328,357,319,377,337,401,206,353,347,368,271,384,361,346,225,415,203,489,243,331,235,247,338,320,285,351,337,306,342
"COG0264",162,237,264,263,310,212,227,270,291,233,207,239,233,268,307,306,153,281,324,205,229,261,190,248,233,256,313,219,275,268,173,294,252,193,218,201,227,288,282,205,209,277,155,331,165,294,241,190,233,316,325,268,228,310,249,269,263,281,217,280,188,210,231,280,247,258,254,256,224,260,188,280,270,287,278,231,239,200,247,246,260,257,324,257,240,179,306,291,274,195,294,198,242,282,321,299,264,267,227,286
"COG0265",671,914,917,781,546,743,719,756,768,911,1134,680,915,730,692,775,517,760,846,724,807,584,932,818,702,801,751,835,780,758,676,743,876,994,809,665,1096,754,765,773,815,789,652,824,716,706,1054,811,762,766,772,855,828,859,785,749,883,741,934,762,792,780,813,775,902,1133,708,760,816,548,780,889,736,791,819,781,762,717,780,739,751,838,810,783,839,837,772,670,802,767,724,788,747,794,818,692,930,821,796,820
"COG0266",231,197,277,317,275,233,309,361,321,277,164,347,241,317,314,323,195,346,319,252,333,181,206,405,286,354,336,254,342,367,207,285,329,267,289,285,151,309,333,290,204,312,231,316,224,312,160,305,325,349,341,313,241,315,377,332,321,340,173,348,252,261,349,350,278,201,295,339,271,207,250,345,311,320,301,308,348,244,250,358,318,288,290,366,240,186,348,197,333,233,330,240,326,318,229,370,333,296,355,315
"COG0267",23,23,52,31,53,35,47,34,32,31,23,27,15,28,23,30,29,48,19,21,35,37,21,25,20,33,27,19,35,32,26,42,31,26,23,22,32,31,24,21,20,38,24,36,20,43,31,38,40,15,26,27,8,33,40,45,20,30,29,30,20,15,39,31,12,23,27,33,40,51,24,32,51,25,49,43,33,21,22,31,28,29,28,22,20,21,32,33,14,20,17,24,44,29,29,47,38,58,50,27
"COG0268",51,39,77,82,78,70,70,82,103,84,51,63,61,82,100,69,48,89,87,63,86,75,36,92,59,93,63,52,77,75,42,73,96,54,61,62,67,71,89,63,67,74,61,76,54,81,65,66,76,77,82,86,61,104,89,75,61,92,36,93,60,54,61,77,71,78,71,101,69,92,48,72,85,76,78,75,78,37,69,76,83,58,95,99,60,21,77,80,117,61,80,43,65,105,61,102,87,78,87,85
"COG0269",8,10,0,9,2,0,1,0,2,1,25,2,4,3,3,0,1,0,0,5,2,2,10,2,2,0,1,1,0,2,4,2,4,1,3,17,25,1,2,6,1,5,2,4,0,8,39,2,8,3,0,0,5,0,1,1,0,1,45,2,6,1,2,0,2,26,2,2,5,20,3,3,0,2,1,3,0,4,0,0,2,1,1,0,2,17,0,4,0,2,3,3,2,8,1,1,1,3,1,1
"COG0270",113,95,220,242,190,140,212,156,172,196,157,206,236,220,135,165,388,224,144,128,202,160,207,278,265,233,260,140,151,137,195,188,179,194,392,152,159,205,183,179,106,200,202,191,106,184,146,270,141,250,208,253,180,156,151,169,196,231,137,187,173,87,260,161,275,131,471,186,176,192,120,153,110,200,177,335,228,129,210,312,242,204,144,231,212,113,219,233,204,140,240,103,269,208,148,148,271,188,171,187
"COG0271",31,56,83,78,73,51,75,83,80,72,61,61,54,62,83,71,44,71,87,62,75,49,50,77,53,96,64,75,68,95,53,76,85,61,57,45,61,81,75,79,58,90,57,84,53,69,59,72,61,77,93,77,71,90,80,59,84,88,52,76,76,51,72,77,58,66,64,72,47,34,51,71,79,76,96,55,89,46,81,76,68,79,87,81,72,62,62,71,90,58,67,56,71,75,72,75,102,79,81,69
"COG0272",444,607,805,703,648,504,670,717,714,720,574,810,610,705,649,678,301,743,736,550,768,618,560,744,632,907,799,608,677,852,395,756,842,514,628,521,646,756,713,684,496,636,413,799,524,749,633,750,692,962,831,789,706,739,752,755,775,707,552,755,522,528,871,752,679,633,740,747,634,694,467,697,698,824,700,716,712,453,831,803,719,702,820,815,736,469,746,727,905,557,874,481,699,855,570,768,1034,677,750,833
"COG0274",100,150,120,57,66,88,99,119,53,53,170,87,52,88,66,107,15,126,77,78,103,87,60,73,86,96,103,89,94,110,68,108,110,76,96,77,135,91,126,92,111,128,67,98,104,100,129,104,102,89,76,124,83,66,118,103,69,129,117,98,94,85,161,80,52,133,97,89,74,110,87,69,83,117,123,119,125,82,124,86,71,119,72,108,78,71,97,94,82,90,93,84,77,94,79,121,158,102,138,113
"COG0275",184,240,278,304,284,219,331,361,313,302,226,286,236,310,337,331,124,373,349,251,315,256,197,334,275,342,299,252,314,320,196,326,321,233,249,212,248,323,359,254,222,315,154,320,242,337,269,278,300,334,319,302,281,376,309,327,343,353,259,354,222,244,299,366,307,268,317,343,231,294,224,323,312,323,318,273,353,206,328,355,313,243,362,335,310,164,371,365,356,223,302,238,270,357,247,367,359,292,299,319
"COG0276",171,208,397,379,361,177,401,431,390,379,153,418,294,368,391,430,175,423,431,186,335,394,222,403,274,458,467,234,355,464,160,386,427,272,279,223,186,393,444,254,186,397,177,468,180,384,226,307,365,498,480,434,218,426,354,323,390,450,166,398,198,173,411,371,310,244,388,375,356,409,164,346,428,405,360,361,406,154,416,414,349,329,419,361,342,143,383,312,439,253,449,153,405,442,396,351,449,392,396,463
"COG0277",1006,1137,913,1047,836,932,990,937,1038,787,1032,720,1086,814,974,888,985,924,781,1145,954,1028,1029,1005,922,775,811,1092,816,822,1034,815,854,936,1075,946,1235,847,868,1113,1110,996,1149,850,1167,773,1332,850,858,769,768,887,1094,732,901,943,880,916,1133,943,1200,1194,906,857,826,1231,892,938,809,957,1102,935,830,903,957,1006,931,1140,858,999,833,991,754,985,924,1060,911,822,787,1004,734,1139,928,894,866,1083,900,915,931,768
"COG0278",93,90,84,92,61,73,72,113,108,66,68,110,70,82,86,93,53,87,122,91,80,93,61,81,89,120,97,73,108,98,89,108,105,54,81,79,88,97,97,89,107,93,70,112,94,95,84,81,80,115,126,83,89,100,104,85,102,88,82,102,86,105,102,91,91,77,82,109,90,95,98,82,117,91,106,74,104,85,117,100,103,87,93,89,90,71,96,56,128,94,113,80,92,107,87,91,107,110,108,92
"COG0279",127,136,80,92,88,162,107,96,103,107,170,108,162,87,108,104,208,83,99,129,77,89,132,106,90,108,102,127,108,97,133,98,118,113,85,124,175,114,98,80,158,96,79,106,141,88,173,129,108,130,123,94,124,107,102,92,119,90,141,105,119,131,111,113,159,200,116,109,124,146,112,91,70,97,85,103,67,119,120,104,122,90,95,120,115,101,111,53,101,116,114,128,106,107,77,65,77,88,90,78
"COG0280",317,395,240,561,632,363,421,480,633,792,235,536,414,537,603,509,206,545,552,357,366,679,285,575,371,504,572,431,491,517,291,591,561,298,405,385,365,541,518,383,356,438,356,537,296,548,460,252,561,566,659,489,384,558,444,564,514,452,286,565,388,327,331,518,467,481,458,543,636,788,357,599,536,475,301,460,488,297,578,490,499,542,568,591,583,328,411,467,622,323,620,322,480,498,712,471,273,450,356,554
"COG0281",330,360,217,426,568,299,347,334,446,661,346,504,379,462,555,411,378,436,403,357,371,589,300,436,388,462,409,357,438,401,382,459,471,357,341,290,382,453,409,418,316,315,355,450,341,476,323,265,469,445,512,411,361,408,390,465,431,351,293,438,342,387,316,429,402,444,356,472,527,605,338,495,429,377,304,327,416,275,495,404,465,520,510,476,519,302,341,484,531,339,514,301,449,380,525,396,202,388,352,452
"COG0282",41,23,54,5,7,22,14,1,25,7,26,16,26,11,39,3,171,2,6,16,13,19,76,13,39,5,3,13,1,16,58,3,6,47,62,49,33,5,9,15,23,9,84,10,22,6,40,52,9,2,0,18,20,3,10,15,20,3,71,6,30,15,22,4,6,17,10,9,14,53,30,7,6,3,11,11,10,42,7,8,1,17,10,8,4,46,14,14,10,23,3,19,12,11,7,19,15,17,12,1
"COG0283",153,196,257,193,215,171,257,304,230,211,167,186,180,273,226,273,88,251,252,207,279,200,148,191,181,258,208,143,271,267,126,249,283,171,162,162,185,254,226,195,178,261,148,244,173,241,196,244,201,276,227,234,193,268,299,261,263,265,165,271,157,200,247,298,227,202,223,235,178,238,170,226,296,207,282,242,287,137,201,247,237,182,263,200,217,162,255,202,256,182,273,173,222,249,210,279,306,297,303,235
"COG0284",230,229,226,263,242,269,271,240,239,222,238,254,293,289,250,252,106,299,301,255,281,234,196,268,259,287,248,291,277,263,196,276,281,216,219,221,214,258,257,267,261,225,160,266,255,300,243,240,262,271,287,249,303,280,284,282,318,277,221,282,232,261,306,298,309,240,256,277,241,189,280,266,263,276,245,214,280,235,305,270,282,237,288,253,304,225,292,225,304,229,268,271,253,281,230,241,301,228,271,267
"COG0285",268,361,364,417,346,334,429,463,396,385,374,412,376,404,354,435,175,502,394,331,429,336,331,426,370,431,422,398,417,405,257,445,442,316,344,305,385,458,457,428,368,379,242,425,322,427,402,322,424,490,488,373,459,453,392,431,463,469,343,436,350,313,419,434,426,420,412,487,342,402,299,432,416,397,444,402,454,277,422,440,444,365,456,452,443,285,442,359,467,308,489,293,425,484,373,348,411,385,447,455
"COG0286",181,94,223,57,68,95,137,68,45,57,124,117,141,165,160,57,620,57,77,104,70,61,241,51,216,73,65,79,49,97,303,59,98,194,174,212,126,57,87,40,70,68,300,123,90,64,67,418,58,82,70,100,62,81,64,103,131,60,75,53,74,63,217,59,113,100,105,45,49,45,78,55,49,67,74,56,66,144,73,61,58,47,37,49,57,157,71,65,80,124,89,75,108,93,113,50,167,57,76,89
"COG0287",176,153,183,223,163,190,231,245,223,226,147,178,172,187,201,234,91,226,228,209,192,217,121,248,192,243,225,176,211,206,143,219,205,147,154,179,171,201,206,167,159,202,135,236,164,222,175,172,192,198,357,308,267,387,266,324,301,351,174,327,299,273,270,336,338,234,342,340,255,299,285,337,304,331,347,317,352,275,332,329,366,221,336,347,300,249,371,268,325,276,290,260,259,319,289,370,326,316,280,324
"COG0288",53,38,69,32,93,35,31,20,73,55,42,24,54,32,72,30,109,26,25,30,31,161,74,41,46,25,25,25,31,32,99,39,18,59,52,69,37,27,18,40,18,35,109,21,35,36,51,57,37,24,20,53,30,27,26,27,23,25,51,27,33,23,41,31,15,36,35,33,31,148,39,26,39,15,39,47,30,42,24,33,21,39,43,28,32,50,36,71,22,48,21,23,54,30,48,63,18,43,37,24
"COG0289",151,143,208,270,235,117,269,289,282,262,106,209,181,275,282,280,92,257,288,157,223,245,147,258,197,251,266,156,256,280,126,245,270,163,181,164,135,290,260,194,135,283,140,249,126,231,146,174,227,235,257,240,175,282,235,266,243,283,124,276,137,140,256,276,209,151,258,271,196,220,152,241,287,286,284,209,294,157,208,255,255,198,310,242,241,176,247,250,290,174,311,154,193,245,259,256,265,259,211,272
"COG0290",150,161,205,186,158,123,190,224,240,196,156,184,158,203,217,212,67,195,244,163,175,168,133,202,161,209,201,149,200,188,116,177,202,130,152,141,154,217,204,173,152,198,107,249,134,211,179,167,158,185,223,215,164,241,193,223,220,183,99,198,155,142,156,221,162,138,170,225,159,220,143,195,208,216,188,178,214,143,208,217,209,160,244,239,207,147,193,169,233,149,201,158,178,199,215,183,200,174,172,236
"COG0291",37,33,42,56,49,35,70,87,62,45,43,56,46,49,66,79,28,73,78,44,54,45,39,53,49,61,61,34,56,57,34,50,83,42,49,30,50,56,70,34,40,78,42,52,34,63,38,41,60,65,67,58,32,66,57,60,52,74,30,63,35,17,63,61,50,50,67,52,44,48,32,60,46,63,74,60,82,32,50,57,54,59,56,66,57,26,55,48,93,33,57,29,38,65,72,51,83,55,61,68
"COG0292",93,116,123,133,119,109,139,131,144,114,104,129,100,123,123,119,38,115,168,90,113,134,96,121,99,144,132,97,123,114,90,129,138,93,127,88,98,137,152,122,108,145,73,140,93,140,114,94,149,134,134,130,110,160,145,142,123,127,98,136,107,105,104,141,120,103,124,110,111,168,97,124,146,138,139,112,135,89,122,102,141,92,135,124,127,83,115,136,174,100,119,98,146,136,155,137,115,157,133,145
"COG0293",166,153,85,211,172,205,118,177,219,170,78,175,144,164,164,165,70,158,180,181,132,122,90,166,163,179,161,176,134,127,133,154,151,119,117,151,108,170,168,162,205,123,106,163,157,143,114,82,164,181,229,162,159,202,155,176,167,146,94,163,167,185,80,187,194,112,138,179,189,142,178,167,170,155,99,143,175,152,150,143,206,143,182,205,176,147,161,119,188,166,200,181,131,141,163,159,76,144,128,152
"COG0294",161,218,211,204,170,221,220,267,223,175,186,200,223,187,199,250,65,230,267,190,219,156,134,214,214,218,165,194,238,223,108,196,225,167,157,199,176,191,236,177,210,208,141,230,187,193,174,160,222,230,351,306,309,385,298,328,280,362,253,339,280,304,333,371,374,281,288,381,255,268,305,337,350,308,321,282,360,284,301,346,352,248,353,301,325,263,318,259,367,343,316,289,286,316,275,299,385,308,301,283
"COG0295",54,58,46,27,70,45,19,21,24,17,77,34,39,38,45,20,56,27,24,24,29,63,48,32,27,28,33,27,18,27,46,34,30,28,36,52,75,23,16,27,41,25,47,37,49,31,47,27,36,30,39,51,35,31,27,47,43,39,47,24,38,34,30,27,29,65,26,29,41,71,33,33,28,39,30,45,27,31,41,32,36,33,34,31,29,49,32,72,16,52,33,38,39,47,31,48,15,29,21,47
"COG0296",131,147,342,93,68,89,362,273,118,68,49,136,85,172,119,284,229,295,142,86,264,85,143,96,222,156,133,78,210,186,140,148,171,131,240,249,75,192,252,87,95,370,170,136,82,106,146,340,81,99,53,182,88,113,285,202,108,211,124,223,92,92,334,182,42,59,268,221,96,104,135,150,192,138,443,229,237,99,127,168,96,273,130,102,84,197,202,85,154,133,58,120,211,258,106,197,409,285,326,158
"COG0297",84,103,290,55,114,109,227,178,83,88,144,123,44,111,118,161,205,200,116,68,169,92,108,72,136,147,110,62,135,140,110,132,101,101,114,112,94,135,189,93,87,235,99,152,90,117,111,241,88,120,67,161,57,92,197,131,103,110,119,130,82,88,292,137,29,97,168,165,56,144,88,87,133,110,281,171,172,79,111,138,48,208,132,94,60,97,127,149,72,88,44,89,197,165,111,151,379,243,261,115
"COG0298",1,2,4,0,0,7,3,0,1,0,9,3,1,1,2,0,20,0,0,1,0,2,4,0,5,0,0,1,0,1,7,0,0,6,1,2,2,0,2,1,1,0,4,1,2,2,2,4,0,1,0,1,0,1,0,1,2,0,2,1,1,2,2,0,1,10,1,1,1,0,0,0,0,1,3,0,1,1,1,0,0,0,1,0,0,3,2,0,0,1,0,0,0,1,1,2,0,0,1,0
"COG0299",154,200,212,189,172,191,225,255,208,278,219,334,192,205,207,184,101,243,232,216,195,177,157,217,182,238,232,184,208,229,140,247,273,171,184,230,193,233,207,195,186,194,162,226,184,220,167,250,200,244,234,184,263,219,205,215,276,245,171,276,199,213,200,220,257,230,230,255,178,195,194,229,223,223,227,153,233,206,467,192,228,184,197,211,188,193,213,199,235,226,221,209,204,264,143,199,245,229,242,215
"COG0300",106,48,158,138,181,131,137,162,96,119,69,130,91,95,111,104,38,119,101,107,132,220,75,136,124,104,189,111,109,163,81,127,79,117,96,168,35,108,113,129,92,157,98,166,96,104,53,67,117,164,130,157,92,89,132,110,120,105,69,98,135,92,130,100,139,47,113,109,152,247,101,96,124,144,135,110,101,110,72,117,120,137,95,113,107,91,153,186,90,148,104,136,124,68,136,145,103,115,122,118
"COG0301",177,102,15,6,4,213,6,0,4,3,135,11,94,24,31,2,25,19,0,168,37,2,96,6,104,14,1,148,11,6,137,17,16,71,38,180,89,26,3,80,161,5,102,1,148,28,65,52,40,0,17,10,100,0,30,25,45,7,147,10,155,157,34,12,193,99,3,15,39,1,179,46,1,1,3,8,4,192,34,3,80,27,3,17,59,156,6,5,6,144,7,170,22,24,6,2,1,32,30,0
"COG0302",161,178,233,247,198,200,264,269,249,281,165,262,206,256,222,293,109,290,247,222,243,228,162,246,227,297,268,213,264,265,156,238,259,171,214,224,173,265,304,216,227,282,143,234,205,259,201,221,272,271,246,245,217,260,240,236,221,306,157,279,227,201,244,242,232,164,295,313,246,265,214,257,276,276,243,220,288,222,237,255,272,221,280,270,267,242,276,268,275,230,276,172,218,271,270,257,283,248,250,289
"COG0303",305,423,188,417,320,341,228,296,308,124,425,279,415,233,320,208,238,248,253,376,288,203,344,399,283,265,300,403,187,258,266,237,258,329,339,241,453,255,166,415,410,274,282,223,415,263,461,223,323,222,271,264,406,233,282,281,267,262,415,258,417,412,215,196,317,422,262,234,219,227,421,315,232,267,245,351,263,353,332,369,279,278,193,302,272,334,233,278,184,344,253,367,337,242,188,290,158,302,312,233
"COG0304",457,558,567,740,687,441,540,714,677,770,551,657,595,611,619,731,282,590,743,391,601,688,466,697,549,594,761,485,671,646,431,600,651,594,542,453,592,633,712,571,500,650,522,693,460,594,619,472,634,698,641,676,531,819,515,585,660,630,563,620,471,436,622,677,520,581,589,600,704,703,466,597,629,739,642,625,605,418,575,615,600,672,732,669,665,513,687,662,620,477,702,478,615,600,884,566,581,552,554,703
"COG0305",330,485,456,1729,564,492,798,741,825,828,480,989,638,916,799,735,345,805,637,506,688,541,528,1458,980,1026,1005,438,1008,673,365,661,785,491,1113,466,563,819,1038,728,490,1177,345,817,407,632,628,645,614,862,671,720,624,654,573,626,807,1176,491,1189,374,430,540,951,577,563,1836,1135,555,505,417,677,975,949,697,1866,834,397,919,1438,798,798,867,828,764,447,1250,1018,949,462,823,373,642,808,826,887,789,653,557,897
"COG0306",236,206,146,202,235,258,87,142,68,84,163,217,181,121,137,91,184,131,178,222,171,210,166,212,160,166,172,244,94,212,178,252,141,218,120,156,130,133,155,137,262,91,162,223,276,265,176,155,148,200,173,182,176,219,150,84,139,126,203,129,257,233,157,97,189,164,113,114,218,230,230,72,104,212,120,167,98,238,231,161,145,227,87,157,160,204,129,191,113,209,204,283,199,116,107,78,144,154,179,168
"COG0307",159,149,216,193,194,171,216,237,213,209,108,235,206,227,228,198,87,220,211,196,249,198,170,226,150,210,247,203,222,214,140,205,200,155,154,182,157,214,229,178,156,200,114,230,166,235,149,183,222,253,267,205,217,209,239,219,222,232,115,206,186,155,231,212,260,137,248,245,159,189,161,223,226,208,214,184,190,126,191,225,230,163,205,195,213,147,246,206,226,164,229,185,222,220,211,225,252,244,206,234
"COG0308",1056,1054,1031,500,923,936,805,562,411,457,1016,811,758,694,777,615,1576,619,499,682,692,1196,782,468,890,505,746,835,705,809,1011,718,649,792,826,1049,856,650,658,633,920,610,863,780,807,680,887,1038,695,828,710,682,672,421,736,625,791,540,956,536,863,828,990,633,729,818,519,659,897,1239,940,556,556,646,814,607,567,841,668,586,643,598,558,565,677,1124,686,1249,536,976,656,900,949,740,631,673,885,666,860,761
"COG0309",17,24,7,0,3,27,12,0,0,0,68,10,40,13,6,5,174,5,1,30,30,2,59,3,21,3,0,40,2,2,51,3,3,37,19,9,61,1,4,36,18,2,43,2,34,4,38,26,7,4,1,2,31,2,1,3,19,0,36,1,16,17,4,3,19,35,4,3,6,0,13,2,1,0,7,1,3,23,3,2,8,3,1,6,22,18,2,0,2,10,3,23,3,5,2,0,5,2,3,0
"COG0310",1,2,1,15,0,0,7,35,8,31,19,26,11,36,0,21,1,27,15,5,5,0,4,26,8,35,30,1,15,32,0,18,26,2,11,1,43,30,51,11,1,23,1,19,1,25,13,1,23,35,34,24,12,10,3,32,21,49,26,35,0,1,8,23,15,15,15,36,47,1,2,22,14,37,4,38,24,2,51,35,33,20,31,37,37,0,48,25,24,11,56,1,11,22,29,24,3,6,2,34
"COG0311",47,42,10,12,7,64,10,12,2,9,56,27,56,31,0,19,6,28,10,55,32,2,40,16,26,25,21,65,29,21,27,28,25,39,40,32,43,32,15,48,38,17,36,15,42,32,35,32,47,41,64,42,98,6,42,50,63,27,66,32,85,64,22,31,117,40,23,41,57,0,87,45,15,16,12,39,13,73,69,29,78,70,21,47,105,74,29,14,23,93,81,84,36,52,20,19,27,31,47,37
"COG0312",428,500,571,730,614,484,715,796,665,599,442,600,336,667,609,733,424,720,733,474,601,362,396,721,555,596,625,412,663,622,487,667,626,421,501,436,385,726,795,463,542,851,419,579,467,586,419,632,604,681,702,698,463,652,586,615,565,837,427,824,429,485,672,649,353,394,715,780,703,437,449,598,620,639,726,642,762,475,577,807,636,627,687,621,592,460,715,396,840,483,827,461,568,611,743,626,672,610,654,833
"COG0313",172,223,303,300,333,215,262,308,322,365,190,258,205,286,411,305,112,281,342,175,265,350,198,322,237,293,325,207,333,298,177,304,328,169,222,215,211,319,303,210,197,276,146,334,182,291,209,222,254,330,369,289,264,342,274,317,326,310,165,272,193,201,296,315,313,252,291,290,226,376,180,259,301,307,290,269,354,155,266,292,300,177,295,286,290,172,303,380,310,195,294,182,309,283,246,305,321,301,267,318
"COG0314",93,128,36,98,102,92,66,78,69,38,95,89,106,78,97,41,72,71,51,92,88,73,91,107,71,68,71,101,37,43,86,71,67,80,83,79,113,75,38,97,120,71,77,62,113,101,117,65,79,55,66,66,106,55,77,82,93,67,94,80,112,108,54,69,111,141,71,76,71,131,90,100,60,73,58,80,64,86,101,64,77,95,53,111,85,90,57,74,62,80,74,92,65,70,66,87,29,65,88,69
"COG0315",120,170,61,126,85,129,81,100,83,68,163,109,158,84,107,53,72,116,67,120,95,108,114,110,85,78,98,154,57,67,102,94,101,80,113,100,181,97,70,122,136,82,89,49,121,91,164,55,92,71,101,95,142,44,105,94,97,84,154,77,132,124,68,68,129,193,80,82,105,134,124,105,59,99,73,108,83,111,135,104,108,95,66,102,104,111,83,69,58,107,99,109,87,89,71,98,38,104,89,85
"COG0316",149,149,159,190,188,194,140,178,198,256,103,190,160,179,174,138,108,153,202,191,133,171,174,206,180,194,196,179,199,172,148,154,164,127,176,156,120,168,189,143,154,167,159,202,170,182,150,98,184,192,295,291,287,280,243,258,277,278,198,273,281,329,213,271,245,175,275,255,285,255,272,245,267,297,176,279,280,284,269,274,285,233,280,262,302,248,253,264,309,237,281,287,229,238,324,231,260,227,226,291
"COG0317",534,604,710,784,699,605,868,988,755,796,593,737,563,756,779,920,633,827,813,590,822,731,651,824,742,751,802,551,826,735,575,735,769,562,682,548,620,756,833,581,615,897,544,822,560,659,613,709,654,768,811,711,643,849,672,733,783,862,533,864,576,597,773,853,689,630,808,847,620,688,538,752,786,813,841,768,806,557,696,817,707,674,786,769,656,547,845,776,917,548,748,542,679,745,792,775,931,670,755,790
"COG0318",2059,1993,1315,1817,1822,2057,1501,1591,1595,1636,1768,1442,1673,1437,1278,1590,1265,1389,1834,2110,1741,1985,1752,1835,1564,1580,1534,1642,1693,1466,1999,1550,1417,1960,1621,1935,1918,1496,1415,2083,2101,1625,2086,1466,2170,1573,1894,1383,1694,1142,1559,1511,1694,1995,1496,1417,1734,1545,2000,1437,2155,2273,1197,1645,1382,1876,1415,1410,1493,1898,2096,1525,1774,1594,1589,1547,1614,2029,1508,1260,1531,1591,1537,1545,1480,1871,1707,1823,1443,2100,1522,2000,1780,1377,1794,1702,1007,1428,1386,1459
"COG0319",70,81,69,87,102,71,105,111,90,82,76,81,73,66,118,106,38,97,101,68,97,99,63,103,78,99,92,80,77,68,56,75,113,60,65,67,79,94,88,70,66,93,71,89,57,82,102,85,76,108,145,131,117,150,128,137,127,191,116,137,118,110,100,131,118,115,160,157,110,185,111,130,129,95,147,115,167,87,141,146,126,86,134,135,125,104,125,142,170,96,142,109,139,131,104,146,68,137,125,124
"COG0320",227,261,462,287,265,260,439,463,324,373,240,365,251,408,308,424,111,431,369,242,370,225,212,330,289,420,399,277,413,436,157,410,447,256,291,235,268,370,463,311,267,453,162,407,264,362,256,401,362,431,277,278,188,213,268,284,244,283,153,290,172,179,319,289,204,164,259,302,241,172,136,247,216,264,286,261,306,152,312,259,241,267,260,275,272,143,291,198,236,164,262,161,236,301,246,272,365,251,269,298
"COG0321",142,140,199,229,225,140,221,234,229,226,130,206,198,221,204,225,94,248,241,144,219,198,127,230,152,276,221,179,228,241,122,231,253,148,184,154,150,264,227,181,151,193,129,264,167,252,145,184,231,257,279,227,196,202,219,241,281,245,145,240,164,153,232,248,209,175,230,249,222,230,141,242,233,241,208,197,216,115,230,251,249,219,239,247,232,124,269,182,269,171,308,149,222,260,157,256,239,245,225,245
"COG0322",453,544,652,706,740,509,817,931,755,795,475,739,601,677,706,857,202,845,854,513,721,798,491,806,634,805,734,591,754,776,382,785,683,543,574,541,572,809,825,671,499,837,369,746,490,780,544,557,717,724,813,683,647,798,705,774,716,844,431,797,476,492,683,718,742,573,713,857,546,825,500,674,738,727,805,669,847,417,685,833,748,633,769,806,718,465,874,757,848,516,790,475,706,735,738,851,720,760,715,833
"COG0323",196,255,230,182,284,167,164,142,193,192,292,244,220,167,194,147,282,152,137,193,218,322,318,167,160,135,204,222,152,226,254,200,151,299,237,176,245,165,147,226,212,147,239,192,216,224,261,197,208,189,154,172,201,131,227,212,203,114,272,169,213,193,236,142,135,218,167,168,143,230,194,186,139,208,211,156,147,186,172,138,159,205,174,184,145,233,153,333,83,191,153,185,352,159,200,267,178,151,216,172
"COG0324",192,290,315,310,286,230,272,357,351,330,272,314,271,320,328,313,151,329,371,270,300,232,208,359,291,320,320,249,343,370,200,293,334,229,242,243,304,335,310,275,257,280,189,311,236,315,314,286,326,378,391,342,234,359,303,343,333,355,282,316,258,243,300,338,282,313,295,321,262,215,203,330,337,335,315,267,312,228,291,320,326,254,367,314,332,209,316,310,328,225,300,227,324,349,291,382,362,276,328,313
"COG0325",168,208,227,211,211,189,239,247,270,274,237,239,177,249,232,261,93,262,310,143,254,235,161,242,188,243,261,159,269,271,158,257,269,156,176,185,191,226,249,160,157,221,153,272,163,225,209,182,241,281,271,261,195,293,243,253,277,241,174,251,167,149,202,276,233,191,233,268,195,260,143,247,247,240,250,223,272,158,213,223,239,174,280,240,197,155,246,256,305,197,305,154,218,245,232,263,269,247,212,236
"COG0326",189,261,480,340,398,235,425,418,332,305,161,299,160,331,397,416,245,352,332,206,350,475,202,302,282,277,344,147,406,392,227,384,334,285,252,195,195,355,392,206,222,441,181,380,223,363,230,409,245,289,269,395,172,293,413,296,245,320,186,360,186,199,441,342,126,177,380,343,197,387,147,272,415,368,614,355,439,183,315,327,254,297,348,289,139,180,379,592,259,210,218,174,431,352,324,449,595,459,471,328
"COG0327",46,62,76,35,98,77,40,21,41,77,22,56,41,53,75,51,72,31,32,42,30,106,57,29,41,44,62,23,44,73,59,49,35,71,44,49,19,42,38,40,54,19,60,56,42,55,33,52,47,36,40,52,33,44,25,44,28,48,31,42,34,48,71,35,19,29,29,46,43,120,34,37,35,57,39,44,45,33,53,40,42,45,50,33,31,42,68,145,27,52,60,32,86,51,61,61,30,30,34,61
"COG0328",121,126,172,183,160,143,194,187,144,168,139,186,106,162,151,191,109,192,145,132,146,141,126,176,138,200,192,146,190,186,102,197,154,137,123,117,133,181,202,164,119,191,96,168,129,196,119,127,156,202,183,204,131,187,208,177,187,191,144,170,138,135,203,189,147,135,186,180,161,142,121,132,187,187,195,172,175,90,176,209,164,179,175,191,155,118,182,184,204,136,185,102,168,149,136,170,192,187,201,221
"COG0329",468,512,410,598,483,475,556,614,637,654,429,462,688,496,555,588,219,542,648,576,516,535,643,565,471,553,547,623,535,526,339,520,610,477,517,462,491,552,625,649,597,547,415,576,578,525,599,352,528,524,570,573,613,634,478,506,547,577,516,540,559,585,382,584,602,524,535,581,440,495,547,559,618,607,504,495,624,543,466,531,589,446,642,606,621,574,564,436,562,532,479,610,445,582,554,589,410,510,467,592
"COG0330",363,414,320,374,416,365,338,396,491,537,385,452,466,432,389,397,288,371,464,433,374,505,398,392,361,391,440,445,448,479,378,440,442,401,384,303,436,455,427,399,427,354,364,441,422,444,400,275,444,444,688,618,624,693,500,657,667,598,659,610,621,631,462,674,716,654,586,597,811,764,635,651,672,707,575,480,595,590,621,534,684,579,795,671,808,612,598,656,663,590,670,602,589,614,793,564,500,561,553,648
"COG0331",209,250,298,263,271,203,306,295,316,421,237,290,256,317,324,321,134,337,377,204,315,271,213,265,215,306,289,233,291,299,172,301,356,167,229,201,242,333,319,238,220,277,184,360,226,293,262,242,279,323,319,316,288,367,284,323,334,300,201,327,195,209,228,381,302,249,316,300,316,269,218,292,330,329,292,273,355,180,315,301,317,265,354,308,347,171,332,275,305,215,282,193,292,318,305,324,315,283,290,294
"COG0332",295,334,391,238,417,229,276,259,228,393,386,323,240,291,345,298,253,270,244,220,327,451,285,250,259,320,349,255,303,316,268,394,316,363,290,270,381,317,313,257,295,277,294,343,280,411,335,335,310,336,333,311,245,239,305,311,321,271,363,265,265,266,419,309,247,309,239,276,360,401,258,285,308,301,347,284,234,235,334,261,286,307,262,294,232,267,304,485,203,267,288,262,369,329,327,269,394,267,329,316
"COG0333",15,16,32,35,40,12,33,37,36,45,12,27,20,31,32,41,15,28,55,24,35,45,20,28,32,41,31,27,40,32,19,44,41,20,21,27,23,33,34,25,30,29,26,51,26,40,25,45,34,43,31,38,23,48,41,28,34,42,9,32,17,18,30,46,39,23,27,24,26,42,24,17,51,46,42,15,48,15,33,27,27,15,43,36,34,14,32,15,52,25,63,25,26,38,49,32,48,44,36,36
"COG0334",359,371,456,230,354,337,251,170,200,342,470,420,355,271,247,177,409,215,265,325,250,426,316,240,315,272,369,412,245,437,360,332,276,405,299,359,414,262,328,315,335,195,341,443,302,311,388,359,287,440,336,400,324,207,311,355,353,209,378,239,322,313,522,204,369,381,210,245,456,344,327,302,183,337,234,260,192,297,330,250,324,282,232,272,304,422,343,504,207,354,318,350,452,275,306,285,465,197,337,368
"COG0335",99,112,182,161,174,101,174,194,184,154,98,184,114,162,185,214,48,169,216,123,147,206,114,152,138,189,194,129,176,205,89,186,178,100,152,124,114,206,196,148,126,201,72,165,106,151,145,160,140,192,209,175,130,196,137,171,162,209,97,180,126,136,170,198,146,113,186,162,182,230,97,187,188,177,181,150,202,103,160,189,168,165,215,198,209,106,153,124,200,109,221,111,137,157,204,195,213,184,156,214
"COG0336",166,230,284,250,215,172,291,323,278,250,182,265,206,280,262,323,120,321,368,218,252,251,156,273,221,306,320,206,293,306,156,314,299,186,197,152,222,291,345,229,192,312,136,325,206,282,230,236,269,326,338,323,222,335,278,295,295,301,208,322,207,226,278,276,231,220,299,326,284,228,191,286,288,317,268,276,319,157,301,296,270,251,321,314,329,177,271,241,294,207,284,180,259,317,283,295,355,280,253,329
"COG0337",231,303,369,398,353,269,432,474,463,522,291,334,307,357,400,473,188,438,606,290,346,364,283,451,307,413,397,270,400,421,251,352,397,277,290,260,295,425,420,323,300,393,247,442,281,371,340,290,335,447,460,363,306,607,340,373,390,442,281,392,267,303,370,418,330,368,377,411,262,353,263,407,424,386,408,350,412,259,341,414,405,248,414,409,376,262,417,412,525,286,449,256,370,442,301,367,417,391,352,360
"COG0338",130,37,48,459,17,152,111,41,32,30,74,261,85,197,66,87,212,113,23,118,75,23,145,312,230,193,140,91,120,85,95,89,142,91,171,168,29,122,224,69,90,191,79,94,76,110,31,131,74,72,53,81,136,28,37,70,129,210,48,284,90,104,59,128,146,33,341,271,74,27,108,44,143,155,69,570,151,93,426,476,126,124,40,145,128,81,265,92,84,98,92,106,60,146,103,92,68,85,62,87
"COG0339",218,217,410,187,358,178,316,259,155,158,269,235,195,236,302,294,739,268,263,129,285,458,317,193,296,216,291,173,290,266,422,290,260,273,267,283,209,288,260,144,147,304,340,272,242,266,217,438,237,203,194,283,136,246,331,234,183,202,258,268,172,174,411,237,124,196,250,258,261,437,200,203,299,318,387,283,286,176,222,296,146,253,231,191,110,215,339,428,176,211,225,188,229,284,214,270,464,308,390,292
"COG0340",260,210,264,238,226,308,208,232,235,233,202,206,214,231,190,247,152,246,221,229,238,186,170,222,205,240,227,232,258,251,209,239,220,229,178,257,183,235,229,258,243,217,199,245,249,258,194,259,241,235,285,240,266,257,268,247,293,249,204,207,270,250,260,265,293,157,226,230,220,263,276,258,238,233,238,203,220,244,226,244,284,230,201,258,236,237,234,267,276,277,265,245,221,239,179,258,250,213,253,231
"COG0341",230,268,339,288,401,215,369,371,343,439,291,324,252,353,410,396,291,319,360,246,325,324,230,306,309,295,347,250,382,357,296,411,329,228,272,263,264,350,330,234,248,293,258,413,231,393,285,301,295,360,360,339,235,351,341,330,339,342,253,310,211,217,338,374,296,305,301,370,294,385,224,339,376,366,367,276,361,211,304,335,329,221,369,322,293,250,353,373,325,246,329,199,295,382,430,395,358,351,341,397
"COG0342",218,350,392,363,394,314,402,398,432,457,323,360,328,394,409,441,255,429,442,247,330,371,263,377,338,334,422,303,440,430,242,407,374,320,297,269,389,393,365,288,254,339,245,405,249,383,356,319,349,389,660,561,465,696,536,603,644,594,468,591,396,366,582,577,484,498,605,607,552,627,330,607,633,598,546,465,618,340,538,528,614,456,658,609,611,365,643,593,741,392,620,373,591,558,662,686,542,539,558,651
"COG0343",454,341,392,401,403,428,400,427,352,414,328,426,395,453,276,436,171,485,392,445,414,296,256,380,393,414,419,463,363,416,285,444,468,351,331,416,336,425,435,406,464,410,249,416,407,433,331,352,449,481,522,433,453,400,454,456,421,431,314,421,435,480,448,422,524,393,386,419,493,374,453,476,393,410,377,329,394,401,450,428,464,442,433,439,428,394,403,310,432,431,496,414,393,457,399,366,490,366,449,447
"COG0344",59,116,112,103,84,76,101,127,109,82,129,93,121,108,69,114,73,128,107,114,118,63,121,98,92,122,99,120,103,114,89,89,119,83,69,58,109,99,129,118,108,90,96,97,89,102,121,97,91,89,172,143,203,142,125,164,209,201,176,195,134,173,158,166,207,176,156,163,125,92,139,160,172,149,140,124,183,153,156,176,181,137,157,143,233,156,161,105,144,119,168,163,128,204,118,179,208,151,153,133
"COG0345",179,199,211,265,254,152,228,304,304,263,170,191,188,260,276,303,106,264,298,189,248,212,161,272,216,269,223,180,286,221,157,276,281,148,159,223,205,261,259,184,183,244,169,243,184,261,211,186,246,248,295,244,220,333,255,261,240,277,169,276,202,204,184,287,224,228,238,284,221,272,178,261,296,272,241,231,312,182,243,254,260,200,304,284,254,163,252,196,309,177,310,142,201,277,205,271,247,261,234,253
"COG0346",452,327,234,313,316,396,295,281,369,266,305,262,356,294,272,295,480,267,321,484,354,358,437,305,352,252,243,358,290,211,475,326,228,428,321,442,298,264,244,440,371,285,492,244,485,332,271,298,302,184,241,254,325,326,311,302,247,255,338,247,447,440,197,285,317,243,293,239,322,246,423,310,341,278,336,288,344,530,278,242,265,270,301,293,286,457,244,275,247,371,237,490,258,267,325,322,152,305,246,258
"COG0347",69,90,98,64,77,73,86,75,84,87,109,52,60,69,84,72,96,67,71,51,77,54,83,49,71,68,56,41,88,71,63,74,72,87,55,60,99,62,64,67,57,76,66,73,48,72,117,89,69,61,91,101,72,139,122,74,90,102,148,117,82,64,118,140,78,165,97,97,84,86,67,75,130,107,153,111,97,88,80,111,87,91,121,93,87,80,128,154,95,89,77,72,71,96,116,123,155,111,140,85
"COG0348",143,225,110,8,15,122,60,13,28,16,224,17,60,34,105,20,468,30,7,57,58,12,185,18,77,24,4,55,14,30,257,20,15,147,101,67,254,3,33,52,69,10,273,9,90,21,253,164,31,4,14,35,47,10,35,51,57,13,258,21,66,71,105,17,19,252,33,9,37,67,57,24,23,24,37,20,16,112,31,21,16,45,17,30,29,106,30,31,13,57,21,63,70,40,32,57,29,23,34,12
"COG0349",133,162,195,254,172,163,203,249,305,242,141,178,204,197,237,214,161,209,233,215,228,184,199,213,169,206,209,166,208,184,142,191,221,200,215,177,145,203,212,187,184,205,226,179,177,175,172,192,202,149,208,233,217,289,222,215,211,206,127,208,185,181,209,227,182,181,214,247,133,164,177,208,268,195,189,199,228,163,186,216,196,183,233,227,243,134,215,146,226,182,205,161,207,215,191,237,213,236,210,158
"COG0350",140,149,50,112,84,140,80,79,104,97,149,94,158,85,81,87,71,99,93,160,80,90,121,90,106,97,109,159,88,76,108,109,84,115,107,137,160,91,85,113,129,73,138,83,121,106,126,73,114,115,120,104,145,84,96,82,132,97,132,84,141,134,50,95,173,179,94,96,133,119,134,96,114,88,53,90,82,133,103,76,140,84,99,125,129,148,83,90,110,122,128,152,80,110,108,106,51,90,58,116
"COG0351",197,155,206,144,134,220,184,211,191,160,114,137,227,164,164,210,191,194,220,215,148,99,136,184,209,169,179,184,142,172,156,124,212,172,154,215,123,160,209,148,192,180,164,157,189,116,122,175,166,150,151,161,193,246,137,162,147,209,108,190,183,193,186,180,282,171,224,194,167,139,187,170,157,148,147,137,184,165,130,178,193,120,129,170,250,207,157,58,196,191,150,201,119,208,156,166,254,161,150,176
"COG0352",72,94,138,100,106,94,147,153,111,73,78,80,100,120,142,144,114,107,143,74,125,75,99,115,134,113,124,86,97,113,109,95,118,108,108,89,76,90,132,96,92,125,88,99,82,90,98,140,77,113,155,217,151,198,172,166,141,198,121,159,135,160,227,170,165,126,171,213,117,212,114,113,185,140,186,122,191,129,122,185,159,134,152,132,184,110,177,90,193,123,141,127,145,191,128,172,240,190,165,150
"COG0353",156,173,217,191,218,174,210,238,221,243,205,169,167,248,237,248,86,224,225,182,194,188,141,211,191,236,214,158,228,202,130,186,230,164,154,151,176,199,242,171,165,249,119,255,156,216,187,167,200,256,229,217,160,248,225,215,205,232,148,221,171,173,207,247,196,189,216,207,202,209,167,227,220,208,198,174,219,123,186,197,212,184,187,191,248,131,215,206,223,158,213,169,177,212,225,231,227,207,210,218
"COG0354",162,180,180,246,167,155,193,235,294,292,100,198,212,211,259,204,120,190,238,197,206,158,159,260,183,243,233,187,246,230,149,218,282,138,173,160,155,258,245,186,151,178,160,240,177,226,166,192,219,240,252,228,214,249,246,236,240,239,140,217,173,205,188,272,221,154,217,214,185,131,198,222,268,231,204,187,243,187,217,236,233,145,251,267,238,147,244,128,273,150,217,197,171,250,162,227,220,296,213,257
"COG0355",81,132,151,147,126,119,123,162,147,105,125,141,116,152,135,141,93,147,141,106,143,112,103,169,115,133,121,103,130,164,89,144,161,101,108,81,138,140,123,103,137,134,88,117,85,121,130,116,130,147,151,162,119,168,140,139,131,142,112,143,97,104,119,143,101,128,150,150,157,112,78,152,123,120,125,136,167,76,119,127,164,147,141,140,133,94,155,100,164,91,176,87,142,162,128,155,151,193,152,138
"COG0356",218,264,339,343,360,258,330,322,323,346,245,332,273,341,343,362,158,355,410,240,335,378,229,323,257,344,355,264,352,383,180,373,371,249,280,213,287,363,345,294,268,365,215,369,243,342,275,267,301,376,345,394,260,401,306,354,325,336,220,350,223,220,309,336,280,268,324,321,375,391,229,358,339,373,334,318,344,191,313,320,326,329,350,347,349,222,365,380,375,236,335,259,348,391,424,376,366,408,348,352
"COG0357",134,133,240,201,150,118,238,226,239,185,110,155,158,206,214,225,107,193,213,148,215,215,156,205,161,216,198,145,219,179,96,198,238,128,121,131,101,183,254,153,122,213,155,229,127,186,130,160,191,185,202,182,136,236,203,203,183,222,112,203,117,149,183,241,191,134,227,197,169,239,151,204,226,192,223,169,245,120,162,199,213,163,205,185,210,130,199,232,221,136,204,124,213,210,180,221,235,203,194,209
"COG0358",537,572,693,651,643,605,637,692,697,822,623,638,607,633,679,658,490,678,755,608,642,631,507,623,686,743,670,612,683,709,444,613,699,523,622,532,668,659,628,586,551,635,420,713,542,602,649,571,591,746,728,674,618,726,637,650,703,719,578,683,605,586,696,674,716,635,773,679,527,572,582,653,730,686,668,705,696,529,620,762,678,531,743,634,568,566,728,771,745,617,658,572,628,683,571,704,768,615,695,668
"COG0359",89,90,120,114,78,77,105,118,126,122,87,88,98,104,112,96,34,102,118,85,112,75,92,111,94,122,121,104,121,89,73,88,120,76,86,95,107,109,117,94,80,94,87,108,86,99,110,75,99,124,179,174,131,201,184,180,206,174,123,173,139,138,178,194,168,152,158,182,136,144,123,154,168,158,152,149,185,112,168,147,159,138,197,166,164,112,160,163,201,125,198,118,174,179,166,197,163,175,161,172
"COG0360",106,115,143,126,130,88,116,156,114,141,145,119,109,125,134,141,55,137,140,102,108,115,100,135,94,133,148,95,149,153,81,103,133,90,100,101,117,117,143,105,101,126,86,150,111,123,111,122,122,137,151,140,138,142,127,150,148,120,120,121,88,107,131,131,131,150,110,114,90,129,90,133,142,142,137,113,139,79,120,124,144,101,143,124,112,92,136,144,162,85,155,96,120,133,118,157,152,124,120,137
"COG0361",111,99,87,94,80,115,89,105,87,81,85,105,101,105,94,109,40,131,96,122,76,66,75,97,90,87,94,97,113,90,78,109,100,85,89,80,95,118,97,94,112,109,70,104,84,109,95,76,113,116,118,91,119,106,101,109,120,99,108,100,92,104,92,89,105,105,80,111,117,84,102,115,97,92,95,111,100,87,104,123,106,116,89,97,111,111,106,109,101,122,110,99,98,122,120,83,92,109,103,112
"COG0362",60,61,243,65,80,40,219,240,86,79,37,124,54,145,84,227,154,217,117,57,175,110,81,68,133,143,118,44,175,159,73,126,139,110,156,85,36,166,211,70,34,251,102,146,37,97,59,185,103,103,59,143,46,115,183,135,81,210,54,174,39,36,256,142,16,29,178,188,96,101,38,88,143,135,334,181,222,42,137,179,96,195,120,163,74,58,185,123,126,63,118,33,122,155,103,143,296,190,216,174
"COG0363",128,145,223,135,161,109,147,115,109,154,120,119,95,126,178,166,101,134,94,80,96,200,107,149,129,107,150,84,121,166,95,148,141,151,138,152,119,144,165,102,134,139,117,139,132,170,174,160,109,149,111,141,84,87,158,125,95,131,199,130,102,110,167,117,68,121,151,156,104,178,108,109,133,150,187,139,138,97,128,158,102,125,145,113,74,133,176,236,119,108,113,117,125,148,127,185,204,163,182,157
"COG0364",89,44,245,873,119,37,286,238,146,72,61,101,34,118,119,223,180,208,117,51,162,150,103,555,143,110,123,31,134,134,111,93,99,99,146,143,70,115,197,43,28,285,144,138,38,69,82,243,73,63,27,115,44,95,172,115,33,163,79,165,32,30,288,129,5,51,201,165,40,136,47,95,144,124,360,1133,264,70,55,822,43,190,114,155,36,58,476,200,103,61,88,30,122,133,152,214,341,197,193,113
"COG0365",794,968,622,989,877,920,821,995,978,1126,914,835,946,859,881,1015,432,991,1008,1017,814,854,662,1013,803,954,974,864,831,881,660,908,1066,702,749,766,989,959,947,859,924,982,691,927,883,929,946,624,931,978,1497,1417,1453,1443,1185,1477,1393,1511,1379,1497,1356,1371,961,1416,1582,1614,1362,1516,1506,1345,1342,1580,1505,1414,1201,1310,1450,1281,1438,1374,1525,1472,1617,1574,1683,1311,1399,1036,1547,1246,1571,1364,1230,1531,1592,1499,1095,1268,1080,1514
"COG0366",401,188,558,364,182,225,545,485,445,316,191,325,201,415,434,428,1365,405,453,237,360,152,482,383,509,361,325,181,369,377,675,279,277,393,486,402,137,342,461,288,166,907,677,277,260,278,166,579,280,270,263,366,165,374,380,430,244,458,268,396,188,185,505,380,92,160,461,429,304,29,267,354,361,346,492,446,411,252,305,433,289,413,358,323,246,355,504,282,509,231,242,232,423,399,428,547,467,430,441,355
"COG0367",454,401,526,519,434,541,515,414,427,518,592,476,675,506,418,484,545,497,483,481,501,313,556,542,480,529,480,532,447,473,394,505,489,632,443,448,609,485,426,537,434,759,348,494,454,508,514,453,549,608,561,603,633,474,459,557,591,523,496,448,441,458,554,482,837,634,521,479,434,413,460,562,400,476,532,505,560,466,436,518,663,513,513,588,562,407,519,551,653,475,738,474,544,478,404,495,462,408,398,466
"COG0368",53,26,96,28,21,61,62,62,31,16,23,18,36,23,14,40,10,38,33,48,72,32,23,13,35,32,19,51,40,48,25,30,30,46,32,46,14,26,45,40,31,56,29,50,39,32,21,78,31,20,10,63,48,33,95,51,21,60,55,82,78,74,160,41,65,37,64,47,31,42,73,50,47,45,118,68,78,68,48,52,36,51,52,35,71,78,50,21,25,67,19,57,44,73,30,71,199,87,101,54
"COG0369",136,52,345,88,236,69,188,146,71,29,30,303,101,140,107,153,375,176,128,40,227,292,175,103,134,154,161,133,127,293,175,195,171,241,200,97,10,160,242,173,69,195,92,237,97,190,34,311,164,214,88,171,101,79,195,124,77,78,29,103,34,41,297,72,23,6,98,101,97,195,37,75,62,148,172,78,89,48,137,103,30,204,38,82,24,48,82,28,52,60,135,51,223,96,42,47,278,162,187,117
"COG0370",86,141,82,24,76,127,16,3,41,110,351,20,83,41,114,29,158,26,12,73,41,68,102,41,61,7,25,95,28,38,90,41,11,77,37,118,293,23,18,79,116,16,87,20,102,44,261,36,64,11,25,20,120,16,42,31,13,3,284,23,96,98,50,21,49,254,10,41,79,138,108,39,36,25,37,35,24,80,14,32,57,27,54,29,66,136,64,270,8,108,11,109,48,21,82,90,32,32,36,26
"COG0371",138,51,141,75,5,171,115,108,67,36,59,49,93,38,33,110,5,104,59,122,100,10,51,82,95,65,66,122,96,90,60,52,91,58,47,146,39,63,94,58,114,134,41,89,117,47,39,176,57,47,24,87,104,54,121,67,41,80,51,83,135,119,163,69,144,25,89,66,61,9,138,66,68,76,130,87,112,134,53,89,69,57,59,44,70,137,81,28,56,134,38,154,45,108,48,71,203,114,144,75
"COG0372",457,473,441,490,409,491,498,456,450,441,410,481,471,465,404,450,293,474,501,482,449,396,387,439,425,491,501,466,495,485,371,455,473,424,455,456,412,495,477,497,506,495,395,472,442,473,431,409,482,541,469,466,482,443,508,507,464,463,404,470,521,478,440,489,557,455,445,460,595,393,484,485,444,446,454,468,416,513,510,432,535,487,503,488,546,492,459,369,499,475,551,510,434,503,522,416,506,488,428,494
"COG0373",395,191,344,120,273,440,265,282,156,144,133,192,217,171,241,234,149,203,174,350,226,280,157,152,295,166,215,251,199,246,245,216,159,233,152,345,147,184,208,164,369,254,217,242,339,216,161,209,187,197,151,233,212,152,229,141,112,200,224,160,356,366,339,203,313,169,202,206,170,274,398,157,193,227,315,158,226,390,143,193,171,180,172,120,168,367,189,294,110,312,162,415,238,161,161,152,400,281,253,202
"COG0374",11,13,22,0,2,24,24,4,2,0,31,7,33,22,17,8,323,3,2,6,6,9,42,1,27,3,2,6,0,7,90,4,2,45,14,5,30,1,5,4,8,5,58,7,27,0,20,57,2,6,2,2,3,4,4,7,22,0,39,4,8,14,19,0,4,26,7,0,13,1,6,3,2,2,11,3,13,13,14,3,0,5,0,1,1,15,2,1,1,12,0,9,17,4,5,2,11,8,9,1
"COG0375",0,2,4,1,2,1,11,17,4,3,11,2,5,3,1,11,39,6,8,1,4,0,6,1,12,0,0,1,13,0,8,1,0,2,6,5,5,1,5,0,1,14,10,2,3,2,6,13,0,1,0,1,3,12,4,5,0,3,5,10,2,3,2,12,0,9,11,12,2,1,1,1,3,1,7,6,6,2,0,1,1,3,6,1,2,3,9,0,7,1,0,2,2,5,3,15,1,3,3,0
"COG0376",279,47,208,382,390,156,401,498,493,505,49,481,396,474,379,510,383,439,649,252,313,485,290,361,332,474,451,334,444,434,354,430,563,270,321,275,29,474,508,299,116,382,273,493,267,414,21,278,444,544,557,442,307,681,367,488,543,433,85,363,275,263,227,430,435,29,432,469,689,386,293,498,517,423,355,296,400,265,412,311,472,505,513,457,468,264,401,399,558,296,594,283,390,428,573,490,179,414,371,352
"COG0377",179,172,168,128,103,194,127,152,122,121,215,133,179,159,96,163,22,186,150,197,181,86,145,166,138,167,143,188,173,135,142,175,202,144,158,133,195,181,190,176,227,190,113,126,173,138,175,124,178,138,140,170,210,132,201,173,146,177,201,213,224,206,159,164,225,225,133,155,200,91,214,192,132,162,145,158,167,194,224,148,195,227,145,171,259,208,162,88,169,199,191,207,120,208,150,158,198,147,184,185
"COG0378",63,48,53,37,3,83,165,151,73,35,61,34,51,64,27,112,124,100,101,52,97,8,50,43,85,69,16,45,54,22,82,46,43,52,64,66,53,76,80,55,62,167,64,14,55,42,44,79,47,9,19,29,66,73,93,65,16,92,53,92,77,66,44,80,52,60,99,79,35,0,64,62,87,31,141,74,93,62,31,49,56,98,75,48,66,52,63,21,35,49,3,78,28,73,49,69,41,103,86,54
"COG0379",159,223,238,209,199,214,258,279,239,294,169,261,325,247,227,305,160,313,287,218,260,157,185,235,230,291,244,286,271,238,164,258,293,200,246,201,220,286,326,265,209,257,187,185,188,234,230,206,284,240,265,295,277,283,272,294,219,279,194,271,184,202,267,254,322,226,261,281,304,235,185,269,230,213,248,179,275,193,293,252,284,279,291,258,357,178,233,116,280,208,229,183,185,272,246,192,269,269,294,229
"COG0380",26,17,49,34,10,14,36,21,40,93,24,19,11,37,38,28,7,19,53,34,24,18,31,28,17,17,23,23,101,17,24,46,6,26,37,65,17,42,20,35,18,143,93,15,30,44,22,26,23,10,24,77,31,66,38,34,5,29,36,23,52,27,27,110,21,12,39,28,9,8,58,41,60,18,84,80,71,90,11,46,28,54,125,30,14,96,57,25,22,51,1,39,66,31,94,98,23,96,50,20
"COG0381",197,167,214,200,175,184,173,215,149,226,311,196,204,204,197,215,34,206,194,137,169,220,169,257,140,225,250,187,193,204,119,227,233,180,152,193,338,196,243,220,158,191,102,238,160,212,232,142,221,247,271,263,215,239,139,234,274,239,264,215,155,146,208,229,242,297,179,235,166,279,162,242,162,219,175,219,227,136,216,237,215,167,220,230,199,146,252,207,270,172,343,162,206,237,197,232,193,169,188,227
"COG0382",282,323,459,406,346,283,541,508,368,380,288,383,330,386,346,491,208,518,424,250,514,306,304,397,368,451,412,352,438,446,202,411,449,347,406,280,251,413,457,376,291,530,241,428,294,412,285,441,383,406,375,456,383,403,498,446,368,428,308,424,276,294,573,428,329,285,459,471,313,438,288,424,454,409,554,407,479,262,390,440,360,374,435,411,335,234,453,342,394,301,319,254,404,479,281,373,625,457,536,386
"COG0383",19,69,155,72,5,21,36,2,86,10,106,39,31,42,52,17,6,45,12,30,27,9,31,96,23,19,60,40,27,29,17,36,22,36,127,24,91,29,23,56,31,33,61,10,25,42,98,39,43,57,45,93,59,10,58,66,51,16,89,31,37,30,56,17,21,77,25,37,38,2,36,79,23,17,32,98,24,43,40,110,54,110,31,61,26,47,57,26,44,23,47,49,64,21,14,150,24,52,84,24
"COG0384",84,62,83,68,121,55,69,54,93,79,57,86,58,65,87,57,110,42,72,88,62,155,106,61,45,58,94,56,75,87,100,112,63,94,59,65,42,69,58,57,63,54,93,114,73,100,66,73,65,96,73,88,53,63,64,64,71,45,81,43,69,81,57,91,25,54,60,53,65,87,77,59,73,96,58,54,69,89,59,51,65,45,59,62,46,65,74,103,53,79,73,89,78,48,100,83,50,78,58,81
"COG0385",125,150,130,157,113,98,132,171,203,176,90,160,173,177,163,189,160,193,162,113,137,131,125,197,105,207,173,126,163,186,153,147,210,117,189,134,80,167,133,173,124,130,190,186,130,184,139,133,176,187,263,192,154,156,169,231,195,172,102,168,125,101,90,173,168,135,175,170,163,162,90,210,153,180,63,161,161,115,173,184,199,168,184,218,212,99,175,87,207,118,209,109,168,188,160,190,73,167,136,188
"COG0386",108,87,182,191,244,113,185,237,194,243,63,195,132,186,222,219,104,201,212,133,158,269,128,202,170,185,218,114,217,213,109,193,190,130,128,120,60,204,202,150,94,174,120,245,116,173,64,164,158,274,224,211,134,235,185,189,195,213,73,176,89,120,179,221,130,67,161,183,113,268,103,148,222,201,184,128,203,79,180,187,145,156,228,190,152,89,224,245,200,96,230,87,211,181,215,213,204,180,202,220
"COG0387",20,15,12,17,33,10,4,2,18,2,6,74,29,31,11,8,4,23,0,15,31,4,23,17,10,24,15,68,14,30,15,35,22,21,22,14,0,34,17,39,29,14,17,3,22,66,9,18,40,22,22,26,36,3,59,40,9,7,13,24,24,22,38,10,9,2,12,18,29,2,23,35,7,9,11,27,10,7,56,23,11,88,8,28,12,15,12,7,2,20,11,14,21,9,11,16,21,27,35,12
"COG0388",721,740,678,432,348,683,759,706,595,486,729,458,610,535,388,746,483,564,810,608,622,316,703,451,571,532,444,608,550,462,689,449,484,666,651,723,738,577,600,657,647,638,754,475,689,466,767,659,598,474,453,528,720,758,622,584,496,620,796,580,654,704,644,578,510,640,600,563,573,225,628,554,581,474,693,584,636,735,538,529,528,621,543,514,639,691,502,402,672,707,481,637,487,627,483,571,706,616,650,477
"COG0389",476,357,482,519,540,454,563,591,510,611,363,480,478,548,537,590,520,586,618,461,529,590,447,472,503,520,600,443,559,543,518,526,522,471,480,502,367,555,557,466,390,559,485,549,418,509,354,473,524,563,583,538,439,561,530,510,483,570,395,552,480,429,538,557,530,327,533,540,528,572,465,540,543,520,595,445,555,461,450,529,545,429,573,494,560,490,532,528,594,489,578,464,530,507,546,432,572,555,490,555
"COG0390",52,52,13,8,14,50,5,0,1,0,41,2,25,6,7,5,2,8,3,46,14,26,32,6,25,5,5,26,8,8,39,11,8,17,17,41,46,4,8,20,50,10,37,6,69,5,49,12,10,11,7,7,28,2,10,18,21,3,80,8,53,85,11,2,11,45,11,3,19,38,56,9,3,5,2,19,8,64,18,7,22,13,2,11,8,28,14,3,8,44,12,47,12,12,1,10,1,15,8,3
"COG0391",137,74,197,56,24,130,151,160,80,57,95,94,151,111,50,104,15,135,82,184,195,4,101,69,156,125,106,136,135,146,72,82,119,88,139,156,87,104,146,138,136,163,72,84,134,69,86,202,107,67,54,113,141,57,165,108,91,122,112,135,126,149,212,135,181,88,127,114,86,6,158,84,94,96,196,129,133,152,84,122,120,110,91,67,146,156,127,51,63,149,56,151,85,155,61,107,292,178,170,140
"COG0392",98,81,141,10,25,104,83,78,15,29,133,37,100,55,11,81,14,81,40,111,102,11,86,10,90,62,42,73,83,75,57,46,61,84,80,106,103,64,78,99,81,86,104,51,101,54,94,122,37,84,52,50,92,38,86,55,85,64,110,54,102,95,130,89,114,104,60,65,35,18,130,29,58,41,111,42,85,126,52,54,64,44,44,40,76,114,41,51,45,97,38,113,53,94,20,21,187,86,112,54
"COG0393",26,46,31,19,46,31,16,25,28,25,46,42,40,21,29,22,37,32,23,26,40,53,31,20,30,36,39,41,34,43,29,35,32,30,39,25,42,35,27,31,48,19,45,38,27,29,45,37,27,45,33,36,36,19,32,22,40,15,58,19,40,35,40,20,22,28,24,29,42,41,40,34,24,34,24,16,15,25,30,14,30,25,28,21,28,30,34,44,15,49,33,30,52,30,31,24,22,24,38,40
"COG0394",123,140,142,119,114,107,124,110,152,200,107,119,134,145,81,114,154,108,136,82,133,88,146,124,124,151,95,125,160,114,147,154,126,162,144,133,133,160,113,116,93,110,179,112,135,139,141,156,136,138,120,126,130,127,162,170,104,103,120,108,99,106,151,177,123,130,114,106,149,93,95,162,156,129,125,148,125,141,110,136,120,124,170,118,113,97,141,173,124,131,139,88,105,118,156,180,129,131,187,122
"COG0395",433,415,266,763,544,367,457,577,715,518,311,468,324,504,554,615,51,556,758,405,348,507,213,682,392,589,486,416,379,434,249,558,416,214,454,482,298,527,489,545,455,521,457,565,505,549,443,188,457,403,380,388,251,504,242,388,316,480,255,398,300,296,159,309,220,249,347,395,257,335,323,363,418,374,251,501,415,313,254,412,405,311,399,417,345,241,415,338,339,262,312,298,233,297,423,477,148,261,212,430
"COG0396",232,213,231,245,220,223,261,267,197,234,223,249,259,269,232,277,110,286,242,244,289,186,197,249,218,292,254,265,295,274,147,284,313,200,218,240,236,316,280,260,230,284,182,245,244,247,183,197,270,297,325,273,266,225,267,265,272,281,179,287,249,225,224,296,353,223,277,296,221,231,241,287,252,269,219,275,256,198,267,272,324,268,288,272,313,204,254,192,282,244,332,242,226,288,256,307,208,290,271,310
"COG0397",206,123,402,377,393,164,405,417,362,309,65,346,246,365,399,478,296,444,380,243,356,429,230,389,278,341,358,204,416,372,214,380,373,275,268,190,44,384,433,265,175,468,182,374,233,339,81,382,320,346,318,391,226,432,421,373,267,379,123,376,236,233,415,393,175,42,392,404,294,551,203,320,410,341,443,332,454,203,278,398,286,376,340,330,234,192,357,272,312,218,382,211,329,321,391,318,471,424,450,404
"COG0398",141,123,220,198,135,113,213,210,221,150,96,161,134,180,196,202,354,204,221,128,176,148,175,201,184,214,179,109,172,204,253,124,185,166,148,121,88,161,261,145,106,168,186,159,137,162,135,212,126,163,158,146,119,200,196,165,129,194,128,194,124,121,243,153,141,127,209,202,137,133,104,189,178,183,206,162,218,131,148,199,165,156,186,152,142,117,145,63,225,113,177,112,155,189,125,162,293,197,149,161
"COG0399",943,834,801,912,989,1116,810,848,706,942,1188,902,1056,1004,812,779,237,894,831,1081,763,937,655,951,959,929,912,952,808,789,680,824,1016,690,820,1060,1239,911,900,731,971,813,598,899,964,837,1107,769,815,990,882,861,1012,843,767,813,1068,826,1044,857,1091,926,891,876,1358,1245,1075,846,792,1232,1071,920,829,788,795,1009,955,953,982,987,974,671,907,983,914,1025,822,685,1028,971,1064,973,737,1056,613,679,865,864,732,800
"COG0400",118,155,165,167,135,120,207,215,187,226,169,177,167,202,229,233,94,226,216,162,186,163,128,188,157,218,193,153,224,206,147,163,257,125,220,126,145,200,196,192,152,177,91,158,144,199,155,179,189,225,229,168,155,189,221,195,191,218,160,199,157,121,181,229,205,168,209,249,168,192,114,213,187,184,177,175,223,121,165,203,208,193,210,229,220,128,182,121,232,115,256,145,190,209,140,186,195,221,223,211
"COG0401",5,0,3,0,0,0,2,0,1,0,0,0,1,3,3,0,19,0,0,0,1,1,2,0,3,0,0,0,0,0,9,0,0,4,2,1,1,0,0,1,0,0,12,0,5,0,0,6,0,0,0,0,0,1,0,2,0,0,2,0,1,3,1,0,0,0,1,0,2,0,0,1,0,1,2,0,1,2,0,0,0,1,0,0,0,2,0,2,0,0,0,0,1,1,0,0,0,2,2,0
"COG0402",358,345,264,161,265,335,274,175,149,76,223,248,293,187,122,172,205,180,118,389,247,208,289,163,276,182,167,364,200,198,319,215,200,317,283,261,240,208,208,335,377,254,329,151,358,233,314,339,253,102,172,282,552,151,422,354,233,235,476,265,554,561,496,233,388,386,278,277,270,295,537,295,273,279,425,335,301,668,394,252,230,431,175,270,243,529,255,334,129,561,188,590,399,315,200,287,423,328,443,260
"COG0403",472,660,703,643,744,488,878,875,647,694,533,708,476,967,652,881,297,880,688,290,732,614,385,654,691,826,753,532,940,803,359,756,717,496,738,494,570,868,881,627,548,866,385,793,420,742,676,576,648,854,774,784,533,556,781,733,689,977,543,1056,404,390,724,940,527,631,1060,994,706,630,378,715,892,695,808,770,845,316,622,703,701,898,809,803,764,392,763,632,851,493,780,408,797,757,801,756,807,738,777,836
"COG0404",2176,2923,1163,3393,3491,2647,2012,2656,3292,3311,1983,2671,2495,2621,2704,2503,240,2760,2874,2695,1861,3157,1339,3182,2042,2924,3089,2312,2496,2418,1402,3068,2977,1279,1515,1898,2672,2976,2604,2000,2966,2499,1340,2823,2574,2946,3030,976,2791,2526,3279,2513,2310,2983,2190,2728,2591,2842,2036,2755,2527,2815,1312,2756,2633,3043,2382,2868,2923,3419,2430,2879,3049,3059,1925,2731,2822,1997,3009,2736,2823,2499,3135,2976,3127,2143,2353,2394,3542,2415,3089,2585,1986,2366,3468,2659,1326,2448,1902,2987
"COG0405",700,594,536,602,483,559,503,615,547,611,827,626,873,531,499,586,840,512,771,764,685,521,937,578,520,613,636,915,579,646,684,607,570,888,595,552,767,535,556,937,671,508,751,746,828,665,599,640,595,804,719,686,803,743,522,575,794,566,781,503,788,761,465,569,632,621,512,558,799,390,727,624,555,697,507,530,519,757,482,505,677,628,630,631,713,784,583,686,559,696,718,744,797,588,683,710,469,452,534,654
"COG0406",158,132,309,151,100,191,251,257,192,158,139,199,173,210,109,213,67,233,175,213,247,136,157,187,241,238,209,153,246,236,160,234,193,187,230,191,125,200,267,223,143,271,219,217,174,190,133,265,200,220,142,249,222,156,260,216,168,229,140,220,150,166,327,240,190,134,219,212,147,109,155,169,194,213,285,258,250,211,213,248,204,211,211,164,209,163,289,189,152,184,235,178,186,210,182,226,343,262,272,248
"COG0407",212,293,327,334,350,218,357,396,408,429,220,321,267,344,339,399,188,377,410,197,332,336,232,375,279,390,390,226,364,398,182,404,382,223,280,219,340,336,381,233,208,366,226,385,212,333,291,261,313,397,418,379,244,426,386,334,292,378,230,356,205,197,373,371,278,307,342,350,273,382,205,305,427,354,344,284,384,184,293,369,323,242,385,350,291,152,332,275,421,190,353,185,366,321,312,308,425,368,350,400
"COG0408",125,122,273,300,327,101,288,369,365,325,68,261,159,289,307,315,154,275,329,159,239,325,121,316,194,318,294,111,338,288,125,276,306,140,193,138,94,309,294,166,123,317,118,335,108,252,115,226,221,311,298,282,148,329,284,218,219,311,76,295,107,106,282,354,166,132,280,323,259,345,90,267,343,265,308,277,329,91,233,313,231,210,323,298,232,93,282,299,283,127,247,106,218,264,288,319,350,269,257,310
"COG0409",6,7,13,0,0,17,9,0,2,1,31,1,6,4,10,2,107,1,1,3,7,4,20,3,15,0,0,2,2,3,40,3,1,14,14,8,19,0,2,2,3,3,34,0,12,3,10,32,2,4,0,0,3,1,2,1,6,1,13,0,1,4,6,0,0,10,1,1,6,1,7,0,0,1,10,0,4,1,4,1,1,2,0,0,2,4,1,1,2,3,0,2,2,3,1,0,1,5,5,1
"COG0410",392,533,202,511,292,461,398,470,461,394,527,321,340,398,336,408,109,374,500,476,336,321,286,444,374,457,345,364,359,332,336,390,450,244,319,345,591,400,428,382,536,461,416,306,518,385,515,254,438,315,428,374,388,485,356,457,389,445,488,421,517,497,210,378,301,604,433,431,426,230,488,397,408,372,376,402,488,473,478,371,416,398,428,404,458,412,419,266,429,436,489,429,323,452,408,435,196,334,330,430
"COG0411",383,474,142,447,301,453,324,418,398,328,469,350,381,369,328,337,103,330,415,452,270,299,273,407,362,365,321,349,311,281,282,355,388,218,285,370,574,388,378,394,480,327,365,315,483,364,521,182,404,331,404,331,426,423,284,408,383,421,472,393,416,454,188,356,349,595,350,415,384,220,454,413,358,347,269,387,367,406,460,379,412,391,416,385,448,424,371,281,404,415,508,463,340,383,434,422,140,288,214,363
"COG0412",297,248,149,159,147,276,178,174,171,181,325,157,289,169,191,170,151,172,240,342,212,113,294,174,213,132,158,258,208,125,282,159,199,295,229,282,414,164,143,318,341,180,286,115,298,190,271,162,186,162,199,154,273,233,155,197,212,144,293,149,379,346,104,203,227,410,166,151,227,142,338,200,188,111,135,150,150,353,202,148,224,203,186,178,266,393,150,123,195,290,152,336,171,186,171,164,68,138,155,132
"COG0413",197,199,285,369,269,231,288,307,409,455,148,366,302,414,330,353,146,342,352,225,326,264,213,374,235,374,359,287,373,280,174,408,341,235,311,217,184,430,332,337,191,325,182,336,213,407,169,241,398,311,372,358,338,364,317,369,315,371,153,416,212,215,279,395,345,206,278,381,367,318,201,362,407,393,305,425,379,204,391,335,403,341,403,392,431,224,383,285,364,243,376,221,274,348,346,387,315,365,324,418
"COG0414",106,136,275,226,216,120,288,321,290,292,92,208,132,268,261,281,112,274,308,120,268,218,154,264,190,273,242,133,364,244,126,281,254,159,188,154,98,278,279,181,105,268,129,249,111,259,150,223,216,228,301,298,189,308,273,259,206,260,93,268,112,105,283,364,169,128,235,233,149,230,114,256,318,232,284,232,289,112,219,301,264,165,279,245,200,93,217,290,287,110,248,83,192,268,176,307,309,302,321,236
"COG0415",113,22,1031,1052,926,45,1268,1412,1037,1223,24,1005,166,911,1009,1392,417,1130,1393,163,927,852,263,1061,785,1038,1171,231,1120,1353,212,975,860,596,708,350,33,991,1335,644,21,1223,191,1176,64,879,17,618,832,1304,1120,1154,272,1314,958,971,675,1339,57,1110,77,78,1220,1115,200,17,1215,1277,798,818,73,843,1035,1158,1366,1106,1127,85,314,1247,932,940,902,986,787,130,1181,891,1263,234,1302,87,1193,720,943,1087,1293,931,1099,1252
"COG0416",169,285,266,209,173,190,268,300,275,268,282,177,235,288,223,262,110,270,307,206,270,163,157,221,217,252,220,187,281,221,150,234,280,172,193,194,317,296,279,213,204,312,160,240,188,221,326,227,219,203,276,258,246,278,264,293,241,273,282,256,218,219,304,322,266,337,224,286,191,182,208,253,290,254,329,265,282,186,218,267,255,230,295,245,261,169,260,152,314,204,275,170,188,273,239,270,339,249,283,247
"COG0417",321,221,217,1959,333,456,449,237,361,357,255,995,365,870,348,367,397,526,141,468,394,290,222,1388,951,758,821,377,604,399,318,588,480,312,932,455,233,620,647,448,344,787,194,473,257,599,263,336,449,557,313,463,549,66,264,301,393,1027,276,1236,276,326,345,517,399,188,1763,1025,352,129,370,269,556,872,315,2476,648,346,1094,1703,483,821,409,836,512,335,1108,843,584,333,519,326,572,444,355,324,464,419,341,692
"COG0418",51,65,218,106,96,75,210,191,115,62,22,70,34,77,105,166,154,147,99,61,138,103,53,90,146,91,95,15,92,110,90,79,113,88,71,85,34,98,145,64,49,184,64,109,51,68,32,196,60,42,37,109,38,95,116,85,57,138,50,120,33,42,206,105,36,29,150,112,37,122,33,71,100,108,235,157,164,59,70,123,41,96,83,49,46,38,124,79,96,72,37,31,92,146,77,98,260,159,146,102
"COG0419",219,145,94,959,60,297,241,127,217,195,258,480,312,433,255,148,310,197,60,309,180,77,171,695,544,335,331,263,289,116,306,181,210,199,425,326,218,270,310,211,184,397,223,166,211,180,199,196,205,161,88,140,306,45,110,96,235,497,180,567,253,211,137,268,358,193,804,507,153,36,271,93,320,286,152,1159,313,255,576,858,244,234,231,256,311,270,557,270,214,251,182,275,211,203,160,148,223,238,128,289
"COG0420",151,48,22,31,11,145,25,9,22,18,110,31,153,35,48,17,68,18,9,164,59,2,120,35,92,26,14,132,9,22,105,29,9,93,112,166,70,18,8,106,115,19,127,10,116,23,52,50,41,15,10,20,142,5,27,25,34,13,112,20,130,112,43,9,172,65,39,10,40,1,163,37,11,28,12,51,18,171,29,54,61,36,29,25,106,170,25,33,10,123,23,151,44,22,15,25,24,39,40,10
"COG0421",67,78,130,22,10,49,115,73,47,18,127,42,50,52,56,64,18,69,27,79,87,6,84,27,70,55,31,67,77,56,74,40,45,95,67,77,66,34,74,77,70,100,86,35,64,48,83,73,42,13,15,74,95,36,124,66,20,79,137,92,105,128,175,84,51,117,123,86,26,7,95,58,77,60,177,124,99,139,49,88,23,104,59,37,43,105,64,35,65,101,5,122,62,86,42,79,177,107,100,79
"COG0422",198,162,244,105,48,264,209,154,96,90,127,98,159,112,98,203,248,134,215,199,160,20,167,115,187,126,92,157,177,97,211,104,110,186,156,206,115,127,184,109,171,203,186,61,171,103,121,258,93,57,43,124,139,184,207,117,74,154,194,141,178,190,300,156,190,118,164,119,120,16,164,80,140,132,234,162,136,197,80,148,77,135,117,62,96,170,163,67,110,184,52,161,61,171,120,123,293,179,190,145
"COG0423",167,170,151,179,178,222,112,152,124,177,179,222,233,198,159,162,20,147,192,200,161,120,145,147,172,200,249,307,209,224,112,233,184,203,176,188,168,184,154,208,211,112,118,228,196,236,139,105,220,289,400,290,342,270,276,289,369,232,244,247,308,312,230,262,445,184,204,266,445,172,343,309,230,331,183,215,221,275,320,240,383,282,302,333,344,322,266,373,279,319,353,321,334,294,335,255,209,211,269,331
"COG0424",129,168,170,232,236,154,204,234,278,298,185,236,161,202,248,215,150,215,283,148,226,214,168,231,171,212,258,148,249,208,154,210,252,192,174,124,187,219,222,183,162,213,179,216,148,199,193,195,192,224,247,201,208,295,198,224,244,252,163,187,140,141,217,252,197,201,211,198,157,259,139,191,256,239,198,168,232,118,195,190,197,174,250,239,207,155,235,222,228,174,237,130,202,214,252,248,216,218,199,219
"COG0425",48,51,18,25,22,53,18,22,29,20,64,22,48,26,20,15,39,22,10,55,26,15,38,17,40,14,14,55,26,22,71,24,13,33,19,45,68,36,18,38,59,13,44,19,73,24,57,28,24,16,19,11,29,26,23,13,23,22,74,17,53,51,22,20,46,61,23,13,26,22,60,26,22,17,21,17,11,61,25,25,22,21,16,18,20,53,17,44,14,60,17,55,18,15,26,25,11,29,20,16
"COG0426",0,16,474,72,5,2,473,363,113,18,44,130,7,216,74,355,4,325,141,41,320,0,10,114,180,321,109,3,337,164,20,149,269,58,145,70,80,183,350,80,1,467,14,110,8,112,57,388,57,67,18,200,40,119,435,195,30,254,53,308,6,8,457,267,0,47,283,256,26,1,5,96,229,172,537,344,285,14,151,239,25,242,184,70,47,7,183,15,165,49,7,6,91,310,80,210,602,370,465,164
"COG0427",46,23,70,6,10,29,26,6,12,13,37,33,58,27,29,10,344,6,9,21,22,8,84,15,50,12,7,31,13,14,107,7,8,96,50,28,37,11,13,43,28,27,89,7,45,7,25,86,18,2,5,10,33,6,9,21,30,10,62,12,16,28,42,9,33,32,23,13,35,1,29,10,10,14,17,12,10,38,16,5,14,23,10,13,23,44,20,8,4,22,9,26,27,10,12,14,9,22,11,5
"COG0428",32,45,78,29,82,29,25,21,26,85,85,114,71,56,35,33,71,34,29,45,38,58,56,28,54,60,77,70,44,104,39,73,71,79,29,39,71,51,47,36,41,23,43,69,34,76,82,87,50,116,101,68,31,32,49,37,73,19,58,27,45,23,110,55,51,61,24,36,56,33,36,45,30,74,50,26,26,35,99,31,40,44,55,45,25,45,43,77,29,43,79,36,137,72,75,47,86,44,59,77
"COG0429",45,33,106,31,41,41,120,74,38,15,32,30,23,57,40,64,104,72,40,31,71,37,40,34,59,47,35,19,46,39,66,35,35,60,39,44,23,33,71,32,40,99,45,36,53,14,23,107,14,22,14,90,14,46,87,61,25,109,51,96,40,52,189,57,11,38,111,100,20,107,53,45,62,68,180,93,101,58,33,92,14,77,55,32,18,44,75,58,57,51,15,48,39,96,32,68,203,122,100,67
"COG0430",3,6,1,0,3,0,0,0,0,0,21,1,5,5,0,2,1,0,0,5,2,0,4,0,1,1,3,8,0,4,8,4,0,1,3,1,19,4,3,3,0,0,3,0,0,4,6,1,5,1,0,0,0,0,1,0,0,0,8,0,11,9,0,0,4,14,0,1,1,4,4,1,1,0,0,3,1,5,3,1,2,8,0,5,1,4,1,3,0,3,0,6,8,0,0,0,0,12,1,0
"COG0431",99,43,146,44,69,105,101,83,50,49,27,95,91,86,81,94,188,87,57,107,98,86,159,55,112,75,70,110,87,96,173,84,66,151,128,146,22,51,101,94,76,79,151,83,85,89,19,158,69,87,62,83,87,42,122,85,83,91,47,88,66,86,148,70,119,11,95,97,93,46,94,73,82,83,112,104,79,96,79,61,63,78,48,63,70,92,77,65,47,96,100,104,92,79,67,108,151,104,136,94
"COG0432",87,136,130,102,46,100,113,127,94,111,169,98,126,114,98,117,76,130,105,100,118,32,85,126,102,116,99,121,113,132,97,88,89,93,97,90,176,112,131,96,113,143,85,100,121,92,171,100,117,112,121,123,107,112,118,109,98,126,160,137,130,101,136,118,121,168,109,128,109,39,94,102,110,98,111,136,124,102,99,114,114,100,98,97,115,98,116,31,144,106,118,107,125,98,98,128,157,120,117,114
"COG0433",181,80,52,21,72,168,48,23,3,10,176,62,148,86,33,15,54,28,22,231,64,6,95,36,251,24,22,166,15,54,133,32,24,87,105,246,161,39,35,88,99,17,277,17,110,37,83,71,73,47,26,28,127,23,40,34,54,33,101,19,182,101,54,21,218,107,32,18,64,10,167,66,17,30,43,25,24,170,36,40,97,35,12,33,114,225,28,18,39,184,37,168,74,38,18,18,40,37,47,29
"COG0434",23,8,9,29,14,17,15,32,15,29,13,30,15,18,12,18,1,25,12,30,15,16,9,23,21,29,30,22,16,22,21,28,35,7,21,15,15,23,34,24,20,28,24,35,25,36,12,9,21,22,20,27,25,19,17,35,22,35,17,28,26,27,18,24,18,5,24,30,17,12,21,31,13,37,15,33,30,38,40,32,47,35,17,34,30,22,39,25,18,27,41,43,20,19,38,29,14,16,7,41
"COG0435",43,30,181,87,106,28,122,126,106,40,29,77,30,70,73,84,171,101,45,50,108,113,66,72,79,80,63,29,80,90,98,57,75,82,62,49,15,71,89,40,30,119,87,89,37,47,19,176,42,53,14,101,32,42,106,66,24,101,43,97,37,36,216,82,5,29,80,73,29,60,36,45,80,104,165,127,104,83,42,103,21,79,57,43,14,32,93,72,27,45,20,35,91,94,66,101,215,115,141,81
"COG0436",1236,1308,1098,1282,1043,1233,1094,1150,1130,1257,1426,1229,1354,1253,1032,1276,430,1246,1151,1338,1262,1065,1015,1264,1100,1210,1206,1573,1209,1169,891,1275,1361,1162,1267,1110,1417,1285,1178,1415,1467,1204,980,1122,1362,1251,1301,973,1386,1164,1230,1315,1535,1102,1283,1321,1234,1194,1248,1222,1357,1441,1174,1223,1472,1351,1149,1271,1372,1064,1302,1346,1121,1222,1179,1187,1155,1291,1387,1220,1348,1333,1178,1250,1420,1294,1195,1051,1138,1255,1263,1378,1201,1278,1130,1127,1096,1135,1231,1230
"COG0437",225,285,235,107,244,201,111,69,128,211,279,193,223,137,187,123,19,137,118,211,183,307,210,136,125,101,181,249,145,226,146,192,129,245,138,147,395,152,113,211,236,105,139,269,274,214,318,134,151,234,161,159,199,102,153,188,180,68,295,130,213,245,184,136,146,346,93,129,163,218,212,174,125,169,153,105,117,233,169,122,143,177,187,154,142,234,114,268,92,236,125,232,272,171,260,166,195,121,157,181
"COG0438",1983,1877,2728,1851,1781,1862,2078,2385,2238,2571,2182,2252,2204,2421,1991,1970,2133,2272,2084,1911,2298,1662,2040,2093,2103,2501,2166,2004,2470,2363,1888,2050,2540,2153,2324,2274,2126,2312,2293,2106,1709,2038,1994,2332,1788,2115,1968,2639,2144,2637,2347,2536,2251,2105,2394,2602,2555,2185,2062,2195,1854,1699,2676,2484,2461,2028,2120,2184,1787,2149,1956,2371,2027,2201,2044,2119,2151,1943,2197,2373,2374,1835,2340,2258,2133,1911,2357,2151,2453,2102,2848,1860,2306,2552,1781,2293,2514,2312,2264,2289
"COG0439",652,661,606,570,612,656,645,670,596,742,508,674,671,649,542,648,244,671,670,664,638,457,509,611,607,638,608,674,631,692,575,668,661,573,603,552,515,654,688,672,747,698,506,695,722,645,576,542,659,694,640,615,595,658,678,629,623,587,637,620,644,671,600,664,704,524,635,653,739,544,672,660,604,677,701,620,617,687,647,542,635,760,655,657,651,655,617,692,666,702,621,725,639,618,680,547,702,637,667,676
"COG0440",130,127,144,176,135,147,133,146,200,129,129,155,158,158,163,171,73,144,167,153,174,135,107,175,143,173,171,134,180,184,104,165,189,117,120,132,125,188,179,127,155,142,87,154,132,159,149,126,166,151,179,168,167,198,162,171,170,183,114,154,155,140,150,172,186,139,152,185,173,153,151,182,189,147,150,134,143,139,155,166,180,178,190,161,210,147,170,130,179,139,186,151,124,161,205,179,162,194,158,185
"COG0441",554,590,678,762,696,640,739,823,721,660,566,732,699,777,698,851,244,798,833,631,669,628,516,798,648,792,748,688,762,793,447,762,813,592,623,572,629,810,814,634,620,753,425,781,579,747,610,573,739,823,849,779,710,823,697,785,795,820,608,758,614,643,738,710,840,658,760,788,785,705,621,770,756,791,732,664,814,496,795,802,811,788,806,798,835,582,797,597,851,621,861,561,697,829,796,789,841,701,730,825
"COG0442",448,518,489,497,413,509,597,641,443,523,530,536,486,528,464,595,206,620,546,548,550,482,432,510,549,570,539,531,572,566,369,529,577,411,455,479,481,520,615,481,524,554,347,570,461,560,463,454,532,632,612,609,538,567,574,542,556,623,454,578,516,490,545,530,599,511,534,601,555,463,535,534,565,523,542,480,524,439,534,524,607,466,558,601,623,488,558,478,590,519,627,534,480,559,506,499,565,500,597,545
"COG0443",776,786,1342,883,906,818,1212,1166,1004,850,759,985,783,1062,939,1216,584,1184,1039,889,1173,904,720,916,940,1045,1045,887,1070,1062,650,1148,1175,784,912,709,772,1112,1201,866,865,1243,591,997,778,1058,770,1110,958,979,973,1178,884,966,1240,1016,986,1088,756,1111,830,871,1433,1107,874,723,1082,1079,1071,912,794,1059,1027,1029,1270,1017,1195,789,1141,1067,966,1333,1117,1084,1019,776,1011,933,1075,860,1008,841,1000,1123,1109,1006,1613,1313,1204,1122
"COG0444",446,369,65,193,114,431,93,78,151,79,341,137,348,133,108,109,54,140,90,497,194,139,388,204,205,118,99,437,95,102,263,148,132,253,258,335,306,122,94,364,478,189,323,92,444,153,346,110,223,98,114,117,363,88,141,173,191,127,407,154,420,479,98,107,291,311,128,164,166,64,455,180,71,131,103,220,98,518,199,151,198,170,92,195,235,410,202,163,73,399,147,516,86,173,110,192,52,110,133,113
"COG0445",380,543,675,639,618,455,716,724,700,746,486,668,475,707,586,739,361,710,752,399,626,543,419,625,482,668,738,409,756,674,374,721,723,465,448,404,475,688,723,402,442,739,312,770,436,686,557,551,604,744,747,687,427,800,719,626,711,645,490,740,392,417,646,740,548,512,640,706,764,637,367,667,755,674,727,596,751,339,647,604,590,678,750,669,603,390,658,616,688,467,663,385,657,675,766,625,794,626,628,720
"COG0446",1058,1445,498,1284,1443,1235,797,902,1126,1080,1072,926,987,941,1137,830,484,952,905,1192,695,1359,788,1178,903,1004,1057,950,800,744,910,1063,1058,662,699,950,1443,1030,868,837,1406,865,998,900,1243,1064,1448,478,1043,832,1098,854,934,932,795,897,878,1018,1318,919,1142,1356,492,940,852,1605,875,951,1018,1359,1186,1070,1081,1053,758,1015,983,1146,1089,963,997,879,1106,1018,1019,1151,849,1051,1154,1185,1008,1278,697,796,1263,1052,394,814,641,989
"COG0447",32,87,114,24,47,34,98,81,34,39,132,36,18,45,35,69,6,56,41,47,86,50,42,38,46,63,51,40,73,42,29,37,53,34,57,55,137,35,58,41,46,95,39,30,46,28,119,75,29,23,30,71,55,50,99,77,57,75,154,78,65,43,160,73,31,194,86,89,42,35,68,82,94,68,182,79,118,51,67,62,47,88,78,51,67,71,83,68,58,75,33,60,97,122,57,90,202,95,135,85
"COG0448",39,79,213,42,18,58,199,146,67,27,63,39,22,70,65,147,175,145,56,33,120,4,80,45,100,82,38,18,76,89,69,71,73,73,105,68,81,87,134,48,38,205,90,56,70,47,76,171,36,32,7,91,22,55,144,83,22,107,91,102,31,39,196,90,0,68,121,104,22,51,46,70,92,55,228,100,162,67,66,102,9,119,66,45,18,55,70,22,41,59,5,62,58,76,39,69,267,169,180,77
"COG0449",550,572,623,577,534,668,551,663,648,612,579,630,603,613,579,683,295,601,721,608,542,461,468,616,547,642,636,598,708,616,447,590,690,472,469,570,674,674,661,552,672,623,463,642,567,612,573,578,624,715,661,623,627,732,619,634,698,659,564,637,616,584,585,704,799,618,670,667,685,569,632,642,671,599,608,565,608,569,630,652,657,537,693,651,740,561,653,563,748,615,730,623,569,703,727,629,689,630,602,656
"COG0450",131,141,183,64,94,107,179,106,56,54,140,84,154,98,116,136,178,150,138,113,118,71,162,77,151,109,88,121,98,109,181,105,156,127,136,173,133,102,126,94,105,124,189,78,134,87,133,187,101,91,99,125,109,87,138,99,96,106,144,99,125,113,154,115,126,132,156,109,138,117,107,111,87,88,171,99,121,149,111,107,75,109,82,103,111,152,95,104,103,127,73,117,97,156,55,105,196,160,162,97
"COG0451",1840,1898,2370,2847,1912,1926,2483,2592,2069,2741,2580,2635,2556,2743,1845,2575,673,2576,2457,2347,2397,1851,1796,2853,2564,2724,2389,2232,2657,2330,1404,2149,2906,1992,2473,2248,2767,2579,2772,2253,2061,2686,1537,2365,1993,2282,2497,2203,2264,2521,2327,2432,2533,2359,2133,2328,2582,2971,2118,3013,2070,2026,2701,2683,2746,2720,3440,2917,1971,2153,2084,2301,2363,2496,2249,3681,2804,2034,2932,2949,2535,2140,2612,2473,2437,2006,2716,1724,2749,2093,2504,1987,2117,2808,1782,2141,2956,2341,2273,2418
"COG0452",343,354,379,434,398,406,389,435,437,506,280,408,412,455,458,474,214,453,494,356,436,329,298,429,329,431,446,384,492,414,258,436,440,333,297,345,299,475,440,360,350,461,247,401,303,447,356,352,446,388,429,384,386,488,438,433,369,426,335,476,354,385,396,473,479,344,406,489,384,381,365,451,530,407,409,418,451,313,419,429,469,384,500,457,452,328,435,374,500,325,449,315,368,463,380,349,379,410,465,449
"COG0454",418,367,598,317,373,353,527,431,317,343,292,374,322,433,532,420,749,440,367,354,370,480,485,322,410,354,381,337,400,433,551,410,401,399,386,443,334,370,420,295,350,430,541,417,355,425,311,576,337,363,370,420,376,368,478,373,336,411,336,408,317,353,564,386,265,346,406,380,318,597,365,340,429,373,462,362,413,400,365,367,346,320,359,322,299,392,371,409,354,396,332,388,391,394,295,419,606,447,494,370
"COG0455",82,67,39,57,38,52,50,43,74,28,83,28,37,25,36,36,118,11,31,58,33,52,68,23,57,22,19,46,26,28,113,21,29,56,56,59,66,16,33,39,65,42,85,44,73,20,56,61,31,16,16,23,33,24,25,31,13,26,72,32,77,72,43,34,16,69,32,33,32,50,73,29,38,33,60,33,41,91,24,32,9,32,29,27,8,70,39,34,10,71,20,93,45,24,51,40,28,25,26,27
"COG0456",167,145,114,98,67,141,88,86,102,77,121,92,149,99,99,86,162,92,77,170,150,90,150,102,151,108,90,164,111,111,160,82,114,143,138,138,90,90,92,148,150,115,184,104,160,95,100,151,109,95,75,123,153,71,105,104,113,80,126,104,162,160,107,98,150,94,106,75,115,78,173,87,119,78,99,101,92,219,94,102,111,99,78,90,126,170,108,102,76,151,77,153,95,121,93,116,118,125,125,101
"COG0457",2526,2558,2132,1611,2207,2564,1943,1870,1995,1762,3061,2013,2650,1956,1921,1788,1916,2017,1941,2652,2313,2354,2345,1632,2319,2212,1661,2622,1920,2074,2362,1986,2326,2788,2077,2170,2718,2047,1910,2244,2594,1805,1928,1805,2676,2064,2944,3136,2197,1998,2052,1921,2493,1926,2362,2097,1995,1666,2781,1846,2574,2894,2234,2026,2563,2714,1829,1825,1806,2656,2626,2117,1998,1758,2171,1588,2077,2573,1983,1555,2024,2039,1889,2074,1793,2516,1443,1900,1879,2372,1894,2670,2210,2408,1497,1691,2007,2436,2172,1623
"COG0458",955,1002,1059,1137,1047,1049,1145,1301,1094,1473,1028,1275,1080,1148,1036,1240,446,1321,1354,1043,1066,925,798,1150,1055,1245,1188,1093,1181,1196,734,1172,1255,950,1008,1017,1046,1205,1259,1067,1111,1197,734,1252,1036,1125,1096,984,1250,1365,1326,1213,1141,1301,1199,1300,1235,1221,933,1231,1034,1067,1128,1209,1369,1135,1074,1280,1401,901,1064,1246,1107,1198,1054,1019,1180,1003,1195,1200,1246,1223,1358,1276,1436,1071,1196,980,1371,1094,1384,1069,1127,1154,1289,1303,1170,1119,1182,1328
"COG0459",784,709,892,750,803,946,836,843,725,641,731,1053,856,879,631,886,399,951,765,902,962,763,612,864,816,975,924,935,913,931,555,910,879,769,871,774,743,932,913,929,784,972,555,850,804,960,743,781,954,871,829,932,967,714,1029,970,711,825,705,896,888,884,1058,787,1015,695,952,903,1138,743,853,965,741,872,894,1088,852,796,1055,1001,867,1270,808,884,992,894,882,843,775,868,916,950,994,859,897,829,1150,1111,1097,913
"COG0460",430,349,342,438,376,445,386,483,417,465,326,358,348,403,463,440,334,432,457,364,348,323,308,421,374,375,374,334,437,376,322,395,461,314,310,426,335,457,445,344,394,414,288,419,373,397,352,337,405,347,290,282,233,312,216,277,250,320,201,282,289,262,240,285,300,264,253,286,266,370,249,244,271,262,251,251,283,241,243,312,290,213,299,250,279,269,269,245,328,266,326,244,192,274,301,287,218,277,260,299
"COG0461",211,204,221,193,210,242,227,235,210,267,199,355,210,269,258,227,129,220,233,206,227,183,166,216,199,271,238,203,266,232,172,251,329,215,194,239,168,262,276,245,237,221,177,292,208,249,182,255,235,294,259,236,262,221,278,221,284,250,162,313,225,214,261,234,241,179,258,282,214,203,210,192,271,264,247,214,249,200,407,205,244,180,237,245,237,193,232,221,206,242,230,234,221,230,207,211,278,270,244,265
"COG0462",385,351,362,439,360,398,370,392,369,453,383,394,393,394,382,425,144,386,444,401,352,323,282,409,345,386,462,400,416,451,243,370,448,326,314,370,317,402,408,387,396,377,288,447,342,387,355,319,416,443,446,435,413,452,385,400,369,396,367,386,354,380,433,418,431,391,358,410,488,358,362,424,353,417,339,395,397,332,478,415,443,398,422,382,426,320,431,354,398,353,375,365,404,408,478,410,399,391,370,470
"COG0463",1886,1709,2099,1539,1433,1868,1815,1888,1650,1949,2618,1524,1821,1739,1429,1736,1388,1788,1935,1875,1661,1439,1514,1627,1905,1750,1517,1834,1834,1749,1558,1425,1826,1512,1657,2064,2485,1799,1810,1427,1792,1549,1584,1597,1717,1534,2268,1699,1647,1792,1687,1717,1795,1910,1855,1849,1841,1842,2127,1780,1747,1768,2396,1846,2194,2505,1907,1890,1288,1737,1978,1738,1628,1482,1735,1609,1895,1747,1611,1826,1792,1394,1652,1755,1660,1805,1665,1423,2056,1909,1773,1803,1699,1942,1186,1647,2333,1898,1801,1603
"COG0464",567,222,365,123,302,665,259,162,120,71,274,251,433,254,89,180,314,265,129,559,336,174,206,151,339,172,161,510,165,254,363,291,185,330,372,577,166,297,208,313,456,246,333,125,381,324,141,327,342,124,59,183,305,45,249,155,84,85,157,124,314,323,285,105,468,120,118,147,215,120,372,201,80,95,185,195,163,341,203,156,176,353,52,146,241,377,102,67,57,366,82,381,261,115,53,128,277,443,292,129
"COG0465",491,668,1425,839,682,539,1214,1188,906,784,568,831,619,915,763,1208,354,1316,990,631,1042,603,502,810,829,954,923,600,937,998,463,1007,999,569,747,519,645,1079,1236,659,545,1464,434,927,530,922,685,1162,765,942,813,1169,584,859,1045,995,747,1030,570,1064,566,515,1382,966,651,653,1058,1094,831,770,505,903,940,892,1381,1058,1159,424,946,1072,801,1432,996,1010,840,507,1021,833,1058,601,889,491,1081,1063,1000,1022,1642,1145,1235,1006
"COG0466",584,711,436,716,734,636,617,608,798,882,646,625,657,634,804,624,311,587,785,599,501,669,478,746,536,601,752,619,665,621,582,719,685,481,443,499,742,651,585,523,730,531,475,758,689,713,669,388,669,834,834,610,573,757,543,639,843,613,649,664,709,644,434,688,688,801,668,600,676,723,618,693,690,681,500,507,673,590,735,578,757,585,830,711,789,616,659,867,867,621,825,588,622,650,866,654,372,487,480,687
"COG0467",7,16,217,36,45,6,178,133,35,10,20,101,15,113,42,162,7,143,80,19,153,0,18,62,72,106,66,26,124,136,16,71,102,52,80,38,13,98,134,51,10,161,21,96,9,72,30,147,65,61,28,119,39,54,182,103,15,101,7,116,17,14,287,107,4,16,124,120,20,0,11,83,103,85,232,115,131,7,68,121,23,119,69,45,25,17,71,9,52,21,24,13,78,136,30,87,362,148,226,116
"COG0468",435,454,384,940,444,495,556,543,519,499,406,754,555,726,529,580,193,687,476,535,506,445,381,823,776,770,719,484,586,542,314,572,565,383,774,513,450,625,727,529,467,738,310,612,430,547,449,425,532,612,562,519,609,495,479,487,551,848,422,904,478,445,447,683,621,419,1121,860,594,401,471,496,591,728,503,1323,672,467,784,1022,587,734,603,594,695,411,811,501,594,469,587,433,483,605,612,536,545,581,499,659
"COG0469",273,294,488,300,375,282,439,421,345,364,269,311,217,343,345,398,244,410,349,259,368,403,284,318,299,373,387,240,362,384,261,362,323,299,343,277,292,408,437,295,308,445,284,426,300,369,375,334,333,300,301,380,277,366,399,431,358,397,351,366,257,256,491,347,280,257,399,403,313,376,273,378,398,335,447,353,359,254,338,369,309,387,331,345,322,263,388,406,295,291,306,268,402,397,411,363,483,375,394,400
"COG0470",415,318,359,1060,414,533,458,443,406,430,258,791,436,684,473,436,137,481,357,505,489,361,287,859,643,643,624,485,570,491,301,538,511,359,587,482,251,630,611,516,490,550,259,466,449,542,309,373,522,550,485,437,555,345,469,427,442,811,324,787,455,527,487,513,593,270,1047,777,390,408,480,454,518,635,381,1320,630,432,828,1068,559,573,432,555,477,390,785,622,548,433,472,495,526,510,303,409,478,495,487,531
"COG0471",524,573,571,415,437,473,459,430,304,322,921,528,491,419,338,418,687,405,385,403,505,466,571,381,442,468,453,481,480,493,533,428,487,551,499,610,662,355,424,378,517,453,517,478,516,383,583,672,374,608,402,486,439,361,506,363,611,364,768,342,505,426,594,444,328,648,398,386,561,257,472,376,373,483,550,397,390,446,425,369,406,416,392,367,296,505,452,459,371,521,395,470,502,503,448,370,611,416,522,435
"COG0472",429,471,541,537,541,544,503,682,644,760,476,535,462,503,547,576,259,601,693,497,505,577,370,621,485,611,614,464,602,594,376,510,625,395,377,451,548,576,587,417,501,573,353,619,478,540,512,418,491,641,623,590,480,763,527,572,599,588,461,597,494,475,526,640,565,573,535,591,449,581,460,602,591,583,505,489,587,424,499,566,617,404,598,583,501,395,606,577,652,473,648,476,513,564,526,576,538,543,510,596
"COG0473",533,456,411,609,381,561,492,592,699,548,475,513,563,492,496,639,307,574,604,568,548,400,383,559,476,559,513,615,538,489,376,512,497,440,475,521,445,498,552,566,548,580,392,500,532,589,411,388,559,447,521,497,542,613,529,511,462,568,394,560,595,553,467,550,604,475,517,589,566,481,579,584,599,466,527,517,521,540,486,522,610,600,587,557,644,536,536,348,589,546,575,624,411,502,657,431,495,503,456,521
"COG0474",122,100,117,46,89,100,36,24,26,10,194,111,77,108,11,19,224,69,12,141,58,51,83,61,137,39,36,72,23,93,120,79,42,59,143,84,226,85,39,69,104,55,143,21,126,42,132,110,111,38,39,79,84,9,89,68,51,33,171,37,117,103,107,15,36,143,44,63,37,24,88,77,23,41,49,94,44,138,136,53,24,235,5,96,34,91,38,14,15,104,38,123,233,45,8,31,53,201,106,36
"COG0475",364,227,329,116,67,320,252,193,161,93,253,115,270,215,149,220,363,193,105,368,238,77,250,145,277,183,121,340,170,161,393,194,180,259,219,368,238,172,215,195,284,249,374,113,311,180,198,294,215,110,88,244,231,95,211,191,99,204,219,228,409,331,249,191,357,206,209,187,260,98,464,202,136,169,292,257,180,369,200,195,203,247,182,127,243,351,242,88,129,291,171,399,176,226,114,245,299,307,271,186
"COG0476",271,308,287,271,225,357,299,312,276,232,308,248,299,272,242,282,254,348,253,299,338,238,272,285,287,277,259,383,305,246,289,226,291,247,311,310,313,334,265,295,314,267,261,227,310,250,309,297,288,223,250,274,331,268,330,308,240,288,318,295,313,309,315,284,358,290,282,298,280,214,326,334,252,260,288,292,288,274,249,264,288,306,227,263,322,299,255,140,289,329,266,327,290,304,202,248,342,384,349,260
"COG0477",2650,2486,1940,2333,2329,2146,2246,2002,2528,2693,1998,2135,3507,2241,2267,2163,2742,2170,2184,2983,2924,2162,3825,2237,2260,2345,2051,3433,2341,1991,2855,2385,2283,3274,3266,2946,2133,2313,1922,4312,2502,2289,3443,1951,2932,2365,2490,2454,2668,1975,2346,2292,3590,2185,2550,2369,2897,2136,2271,2177,2938,2780,1825,2410,2886,2084,2078,2107,2647,2033,2855,2600,2274,2110,2268,2109,2173,3304,2300,2033,3011,2701,2187,2665,3555,3197,2067,2195,2171,2658,2269,3046,2266,2455,2405,2136,1522,2181,2234,2074
"COG0478",1,0,0,0,1,0,0,0,1,0,2,2,0,4,0,0,0,2,0,0,5,2,0,2,1,1,0,0,0,1,0,2,2,0,2,0,1,2,0,1,0,1,0,1,0,2,1,1,1,0,0,1,0,0,4,0,0,1,0,0,0,0,0,0,0,1,0,0,0,1,0,1,1,0,0,5,1,1,3,0,1,9,0,4,1,0,3,0,0,0,0,0,10,1,0,0,0,10,8,0
"COG0479",334,284,202,347,299,322,243,241,340,313,263,350,334,272,252,284,164,285,349,304,291,274,270,346,289,327,349,377,277,304,201,342,335,248,232,305,286,328,311,311,307,250,216,330,313,328,264,175,370,397,407,311,286,332,290,324,332,301,259,321,306,359,204,302,393,253,260,312,436,273,338,325,300,312,221,277,276,280,347,304,404,355,321,361,406,320,346,239,311,314,380,338,320,318,363,313,224,259,226,348
"COG0480",845,1024,742,699,731,927,754,793,791,608,1144,866,963,806,654,837,552,861,815,1005,826,825,817,783,857,861,841,1053,783,824,770,757,855,836,749,754,1130,877,853,844,980,747,727,801,962,808,991,762,788,857,838,838,907,866,796,851,881,729,1036,844,1006,939,780,830,994,1038,729,801,1127,867,945,853,731,801,768,763,786,883,844,764,918,1043,911,814,980,961,859,708,860,945,893,942,821,899,962,771,730,813,821,874
"COG0481",395,561,582,633,587,434,747,842,626,722,499,612,503,650,690,806,232,799,830,486,632,653,385,663,599,687,782,479,694,654,370,648,699,441,482,475,564,736,859,530,498,787,340,772,470,651,548,430,635,758,696,706,510,822,561,671,666,756,475,733,457,432,616,684,538,548,689,759,632,676,454,642,731,651,785,627,777,421,722,609,660,649,756,695,627,439,740,558,818,430,721,432,547,721,764,683,701,647,583,782
"COG0482",369,394,371,402,363,453,359,462,406,628,355,378,304,383,386,430,152,428,442,395,355,356,243,388,431,469,407,312,462,424,281,445,462,302,288,385,379,397,440,313,421,410,257,447,380,409,379,326,358,474,475,436,294,451,338,392,425,472,353,397,391,416,366,396,385,408,388,433,331,372,373,377,425,405,372,323,413,360,402,396,404,298,462,403,422,356,408,353,481,395,472,393,369,424,404,368,403,356,352,437
"COG0483",411,482,428,516,422,441,504,611,542,548,439,418,466,440,501,556,186,511,608,528,470,416,390,527,418,592,488,467,532,522,356,483,522,370,454,476,456,502,531,457,462,547,415,553,483,480,469,471,484,538,554,537,483,631,533,493,507,628,457,513,483,500,475,552,551,455,496,534,507,272,483,511,527,458,491,505,535,440,444,547,540,438,557,511,621,414,468,379,552,494,518,482,419,490,503,553,555,547,468,518
"COG0484",533,503,435,492,436,590,456,470,437,440,497,552,632,559,406,482,177,492,408,622,502,430,397,498,475,505,601,666,505,553,375,544,571,432,427,575,474,567,524,515,537,521,319,480,529,579,478,406,562,545,548,560,584,474,597,496,539,451,465,544,575,593,543,547,827,511,475,506,665,414,530,551,497,526,500,523,512,568,599,463,589,738,534,556,633,564,485,478,517,569,548,587,518,513,468,387,593,610,584,557
"COG0486",249,394,451,503,414,301,564,563,445,461,340,450,370,437,435,563,236,564,587,304,438,407,287,489,371,502,539,296,525,532,251,489,476,346,345,317,366,510,516,311,321,502,226,549,322,468,379,388,410,567,530,479,326,569,452,503,509,533,328,558,322,288,460,533,445,363,462,571,513,570,271,485,525,498,520,432,520,230,446,479,433,424,578,474,456,267,541,423,579,339,494,302,466,469,438,395,567,508,456,535
"COG0488",686,594,796,534,1111,565,612,451,596,374,413,600,404,581,847,389,996,424,353,565,709,1264,744,475,580,425,484,415,514,525,870,661,535,813,774,642,440,544,406,597,528,518,898,514,612,665,548,905,592,313,349,606,429,387,705,427,318,388,576,434,533,583,756,448,240,431,450,402,387,1161,519,490,525,537,713,569,506,645,543,468,299,660,433,439,283,727,517,1271,250,576,280,558,819,593,546,640,644,748,834,529
"COG0489",523,407,496,380,400,422,453,376,331,490,340,469,497,426,423,405,488,439,395,460,476,379,481,370,418,431,440,460,472,456,512,442,453,449,447,535,366,462,446,374,438,386,509,524,443,459,361,504,493,489,442,423,421,380,465,463,493,393,414,433,497,498,549,440,450,365,390,446,521,376,516,451,420,509,429,379,398,490,492,385,433,429,425,395,452,506,433,568,440,477,478,466,455,463,430,336,480,424,496,474
"COG0490",2,0,0,0,0,0,0,0,0,0,0,0,1,0,0,0,0,0,0,0,0,0,0,0,0,0,0,0,0,0,0,0,0,0,3,1,0,0,0,0,0,0,11,0,0,0,0,0,0,0,0,0,0,1,0,0,0,0,0,0,1,0,0,0,0,0,0,0,0,0,0,0,0,0,0,0,0,7,0,0,0,0,0,0,0,0,0,1,1,0,0,2,0,1,0,0,0,0,0,0
"COG0491",1023,878,755,845,1003,965,659,759,845,856,777,929,1071,831,847,793,806,806,788,1089,1004,914,1010,850,837,854,880,1060,813,828,998,884,876,955,808,839,756,892,736,1031,1025,673,999,892,1162,902,810,733,967,876,867,903,1092,851,876,857,918,801,857,771,1089,1092,757,836,880,746,730,794,835,723,1072,928,792,934,727,755,725,1026,865,784,908,839,807,873,872,989,945,1007,680,993,894,1080,902,821,911,956,624,791,793,909
"COG0492",539,419,680,602,505,512,708,732,682,904,420,682,545,713,656,856,138,813,743,539,688,512,381,619,551,681,741,566,765,779,353,783,760,501,587,585,388,779,771,580,442,701,363,751,503,787,426,515,724,689,756,734,553,741,676,764,643,705,413,776,530,519,686,758,667,419,655,689,843,629,497,665,705,722,679,588,762,463,682,631,755,757,727,679,850,496,681,546,715,506,669,536,616,731,726,653,780,724,774,834
"COG0493",502,864,255,643,578,612,419,518,654,667,925,423,572,545,626,517,225,506,612,554,437,466,433,642,428,461,480,587,576,365,356,588,499,369,419,448,1108,580,473,514,777,521,425,383,570,608,1179,230,611,459,586,402,488,657,404,520,523,553,890,520,564,567,187,550,521,1087,441,564,684,497,469,588,545,397,356,447,495,497,512,472,618,538,644,594,646,503,504,502,641,515,493,533,288,456,778,526,159,471,369,514
"COG0494",624,545,447,450,579,610,476,446,593,509,465,445,571,484,495,404,546,430,504,618,550,571,630,468,532,501,505,569,508,444,603,494,448,584,561,572,467,496,410,612,580,463,621,446,675,505,467,494,529,442,502,502,606,525,500,493,515,443,527,432,628,638,396,537,536,483,424,436,502,525,576,485,538,458,495,457,444,637,496,449,561,465,533,482,530,591,508,562,471,638,516,618,427,480,434,505,344,466,463,468
"COG0495",843,818,824,872,952,948,1057,1042,932,925,798,994,910,997,935,1093,358,1094,1032,958,893,1030,637,842,940,1022,1046,1044,1001,1047,580,1066,1018,759,774,901,797,1031,1051,900,937,962,606,1137,833,990,734,765,1032,1116,1078,1024,962,1042,1039,951,980,1040,745,1035,908,868,855,977,1089,733,900,1092,1064,1145,878,1044,1070,974,1018,766,991,783,995,959,1049,1008,1094,1037,1088,871,987,871,1091,881,1105,938,1012,958,981,971,936,897,1028,1027
"COG0496",114,145,204,123,150,136,150,148,107,140,154,177,115,157,137,161,101,171,163,103,175,153,156,125,128,118,139,140,182,177,96,176,142,151,133,102,144,161,166,155,143,174,105,143,137,172,131,154,127,170,132,162,150,163,187,152,144,132,145,125,129,134,236,188,117,127,145,153,144,139,121,126,147,163,185,146,123,108,139,151,114,173,137,120,100,97,176,188,128,139,121,120,168,131,169,171,240,158,207,149
"COG0497",167,231,367,197,288,198,295,272,234,176,243,225,141,221,264,235,200,186,179,193,280,291,238,189,206,187,236,146,253,250,246,198,195,243,209,201,271,177,230,174,228,240,254,232,210,163,252,325,183,144,117,196,166,199,272,201,154,180,241,245,182,217,374,206,94,263,207,215,117,331,181,200,216,244,327,256,249,225,159,206,124,191,220,136,97,196,237,344,118,197,122,173,255,215,188,302,410,270,258,205
"COG0498",591,543,366,498,492,663,412,539,533,553,559,458,661,521,503,516,204,505,510,701,535,460,501,531,521,536,510,670,525,442,435,442,554,478,469,584,493,479,480,685,672,478,409,474,606,539,544,356,533,498,502,487,650,556,465,521,526,505,564,507,708,701,399,508,791,572,470,555,552,502,685,504,499,488,442,468,558,707,444,519,637,482,548,553,695,649,486,381,565,606,560,726,438,544,473,452,435,451,407,515
"COG0499",469,500,424,531,465,551,476,562,536,532,429,564,466,519,476,561,171,549,617,523,515,443,312,502,465,575,555,506,531,584,320,577,583,389,457,475,440,553,566,508,552,550,319,616,476,532,489,407,578,568,566,523,513,585,525,535,555,524,452,543,491,523,479,547,559,498,504,545,674,421,512,480,543,589,476,481,456,475,548,493,519,583,567,588,599,500,536,428,565,516,582,554,486,527,657,480,555,519,490,583
"COG0500",1799,1866,1378,1485,1458,1945,1337,1320,1691,1626,1987,1342,1831,1552,1487,1359,1182,1483,1591,2092,1584,1437,1623,1538,1537,1522,1279,1726,1480,1320,1555,1474,1732,1528,1603,1707,2187,1524,1307,1625,1899,1295,1618,1254,1902,1534,2270,1644,1621,1367,1504,1474,1666,1695,1568,1448,1555,1347,1998,1349,1919,1972,1340,1465,2038,2234,1465,1310,1265,1760,1946,1548,1488,1240,1293,1396,1565,1954,1572,1468,1527,1415,1523,1620,1438,1763,1366,1630,1595,1705,1502,1975,1432,1591,1211,1364,1138,1796,1559,1209
"COG0501",270,332,218,281,209,275,248,225,330,354,325,293,279,298,323,313,242,268,371,266,227,146,274,311,297,321,314,241,293,326,275,295,313,279,267,230,381,286,281,243,277,216,237,305,251,307,394,195,319,330,357,312,312,330,233,326,331,346,385,315,235,307,177,278,273,392,278,258,348,227,230,324,287,274,190,261,280,252,314,277,377,241,331,330,359,233,326,299,291,283,459,237,287,309,338,318,153,205,198,314
"COG0502",132,93,206,38,46,113,127,84,55,21,93,47,94,59,61,91,101,76,55,112,89,8,107,48,117,56,49,66,79,78,121,61,78,116,77,135,77,74,102,58,85,121,98,64,85,68,73,145,73,37,20,73,72,41,113,70,30,70,105,61,113,98,208,77,123,86,87,68,72,58,100,56,68,63,139,59,87,117,59,73,45,87,49,29,69,104,54,54,36,125,25,99,75,80,39,63,246,116,118,80
"COG0503",92,103,90,121,95,131,114,120,138,119,94,129,128,111,97,133,59,111,125,131,122,76,104,133,101,139,100,139,106,135,95,127,118,122,104,125,119,131,141,147,131,130,96,129,135,119,115,102,118,129,177,188,180,179,192,186,184,193,176,172,183,178,147,193,194,179,202,176,173,127,189,180,199,191,208,161,182,174,196,205,188,184,181,200,186,165,155,114,207,177,196,207,171,192,147,189,151,216,190,199
"COG0504",518,503,595,619,504,550,615,684,553,611,515,646,551,632,538,696,247,741,659,594,648,483,424,601,601,669,636,602,666,684,349,631,698,423,510,532,515,643,626,578,568,658,396,647,525,595,524,494,631,712,482,402,370,408,467,411,441,438,327,448,339,354,386,473,459,348,383,435,418,279,343,410,431,476,430,376,434,320,383,398,462,418,428,437,451,386,432,376,452,380,467,391,355,418,422,414,467,352,446,474
"COG0505",353,353,395,392,397,411,375,454,466,433,356,415,422,429,409,416,157,445,454,358,366,398,277,428,398,418,419,415,417,446,264,433,461,313,364,360,355,449,425,442,382,393,259,477,358,434,368,373,428,472,502,440,401,423,429,509,470,416,304,438,406,369,399,434,408,404,371,466,465,430,370,427,434,411,379,388,423,342,477,432,458,431,443,470,506,362,461,391,506,367,436,404,407,429,390,412,470,411,388,508
"COG0506",294,314,212,244,469,330,195,182,121,184,286,332,145,216,291,141,437,193,147,187,176,486,244,246,227,204,305,191,162,263,349,216,217,232,203,290,308,179,147,157,248,140,368,292,271,196,267,236,163,285,270,220,192,154,223,208,280,143,255,155,207,241,177,155,135,270,172,166,256,483,206,206,195,254,188,177,176,233,343,210,187,164,142,215,145,215,204,423,189,308,200,240,270,199,279,196,175,163,204,227
"COG0507",267,139,424,184,359,189,411,311,215,195,166,246,150,276,301,247,616,218,159,295,289,434,350,177,386,146,179,179,213,187,393,195,251,299,406,655,195,215,271,112,196,268,546,195,239,190,136,507,135,120,114,195,124,158,254,153,131,208,178,233,308,169,322,197,48,156,260,230,120,596,309,126,224,199,371,254,302,338,219,246,100,197,199,169,90,341,294,431,187,271,71,273,236,260,178,276,308,357,376,170
"COG0508",632,590,758,1047,1178,585,965,1096,1224,1424,442,1077,873,1060,1281,1137,472,1099,1116,724,834,1174,622,1090,833,1007,1091,817,1074,1039,592,1098,1055,648,903,829,496,1050,1058,799,649,946,781,1090,687,1053,474,632,964,1111,1140,996,828,1106,877,1058,994,1069,449,1106,732,649,751,1013,830,510,987,1142,1068,1164,680,1079,1093,1058,839,931,1041,638,1040,942,1044,1067,1196,1140,1094,702,1076,995,1254,770,1151,671,1004,1011,1323,1041,812,890,836,1161
"COG0509",88,162,125,137,154,113,98,127,106,117,139,142,112,131,109,113,61,135,111,97,130,111,129,103,102,150,114,151,106,152,105,137,141,107,124,92,131,148,139,131,128,121,78,128,105,154,169,124,130,116,139,119,143,100,166,113,103,103,168,122,92,100,130,113,94,154,115,129,111,169,89,137,120,142,109,110,97,81,136,123,113,131,115,136,111,81,128,92,127,105,175,102,169,144,168,134,155,140,139,166
"COG0510",56,60,21,90,18,64,28,48,45,71,57,63,39,76,75,43,5,69,42,59,30,28,38,57,35,75,58,53,45,69,25,66,66,34,25,51,41,74,57,47,64,35,24,80,72,80,71,18,56,77,72,69,52,45,46,58,79,71,55,68,51,65,6,46,42,53,47,49,40,18,56,54,60,75,15,74,47,50,91,64,81,53,53,69,46,37,86,86,59,59,93,48,41,51,45,46,23,42,43,54
"COG0511",226,259,231,184,289,232,231,162,201,226,199,211,216,227,218,185,301,195,168,187,223,281,247,217,213,193,212,192,220,208,235,188,188,244,261,131,203,199,199,236,241,216,203,227,277,194,267,247,211,233,198,230,184,193,227,205,211,170,230,179,213,223,235,227,153,222,189,181,197,298,197,226,192,200,212,214,207,196,219,184,191,261,240,213,193,174,211,336,187,211,179,196,280,172,225,216,196,221,200,210
"COG0512",221,223,251,261,252,238,280,366,292,259,173,287,209,277,259,310,165,327,360,239,258,184,169,278,246,295,269,234,289,311,192,317,244,218,241,256,212,290,319,272,230,298,195,256,235,341,241,210,279,252,322,268,250,316,283,308,224,307,140,317,247,219,315,276,265,205,312,285,223,128,259,303,296,274,297,233,309,237,282,289,252,264,293,295,284,216,255,191,270,245,378,232,244,277,264,266,272,264,285,276
"COG0513",849,891,744,894,1805,885,911,741,1245,1095,651,872,721,1009,1529,818,1154,958,818,931,949,1893,979,884,951,725,915,713,915,749,1084,1105,841,804,959,957,682,1061,748,814,818,837,971,815,893,1060,871,816,1041,619,904,786,734,920,1001,770,722,781,785,803,846,994,795,993,755,776,834,840,759,1993,900,894,986,794,903,815,940,885,1054,922,772,1084,1012,925,686,856,771,1286,793,858,713,864,1085,835,1071,853,714,1214,979,813
"COG0514",191,130,287,123,501,110,188,87,122,178,87,213,101,210,375,98,544,101,110,122,127,621,334,121,178,79,241,82,120,167,266,229,86,216,172,215,79,158,118,77,72,66,279,218,147,195,94,252,156,90,108,190,57,167,129,97,91,86,129,101,89,98,225,116,31,80,110,99,85,583,119,134,177,196,190,155,132,151,121,152,65,165,137,142,57,215,147,561,62,147,87,122,300,109,208,205,127,185,192,199
"COG0515",308,432,407,135,401,298,199,103,165,232,372,437,580,540,220,123,682,419,123,275,530,546,657,193,300,181,269,550,122,775,431,457,260,958,1073,292,344,556,487,547,253,222,492,182,293,386,360,440,523,147,177,511,528,91,453,397,236,158,425,234,323,318,316,144,262,319,236,238,286,290,316,509,123,349,151,557,362,342,567,227,229,1271,143,532,233,317,234,327,163,279,244,298,1246,296,158,226,181,1087,508,249
"COG0516",390,491,452,513,392,443,493,545,496,520,434,531,488,527,367,501,219,544,610,491,490,354,432,526,482,659,541,504,548,570,360,552,587,455,567,477,453,547,561,553,482,577,388,585,498,543,501,402,520,637,599,564,525,513,534,552,562,588,402,557,461,522,491,509,551,516,534,533,692,359,491,552,597,583,482,531,515,460,525,607,601,617,607,588,675,424,568,471,593,495,630,465,484,548,515,489,553,499,499,596
"COG0517",818,779,476,595,635,805,474,481,649,765,867,561,651,578,634,538,504,489,622,716,493,777,605,586,555,530,649,607,600,612,629,619,588,662,525,664,835,532,463,554,762,479,660,649,749,647,744,461,617,725,648,574,640,665,552,548,689,514,794,477,712,745,491,624,692,771,506,506,733,749,734,615,621,532,459,445,537,731,523,475,580,510,667,566,547,733,531,742,529,745,611,745,635,496,669,590,438,468,557,507
"COG0518",733,697,598,673,574,966,629,748,626,678,595,640,563,635,651,718,218,686,694,794,650,478,403,674,656,728,726,625,708,632,520,683,653,529,501,683,651,668,714,624,801,668,498,634,762,684,650,531,663,693,753,669,621,698,721,675,657,681,609,609,720,752,604,734,647,658,633,670,592,532,757,605,707,652,602,605,630,720,562,658,651,650,639,608,623,733,564,539,736,774,722,746,587,583,550,674,663,606,701,652
"COG0519",459,439,464,490,425,538,493,536,497,586,379,441,371,496,467,529,199,456,553,524,441,325,327,453,452,487,518,409,532,486,336,517,459,378,411,518,393,509,477,486,485,507,318,550,441,521,445,357,480,515,544,479,412,574,534,501,446,480,382,496,470,464,469,551,455,424,489,468,487,343,492,486,540,483,477,458,506,468,400,472,508,440,501,507,512,460,472,381,560,517,550,491,450,485,434,503,496,557,539,504
"COG0520",705,858,673,550,618,751,729,642,531,501,1061,825,869,655,599,722,320,787,577,714,845,590,714,547,657,715,688,946,684,720,557,728,781,726,717,679,894,730,741,821,797,675,595,658,796,741,892,650,782,742,753,672,972,538,783,828,668,670,850,763,723,782,714,636,925,889,659,712,819,572,747,760,557,711,756,714,621,644,800,677,845,788,582,711,742,754,632,614,651,781,749,766,756,807,585,580,849,667,809,713
"COG0521",124,189,78,131,118,130,98,86,104,47,189,102,148,89,103,73,111,109,72,112,79,94,111,115,95,77,82,136,83,86,88,115,116,87,119,87,189,94,63,118,120,96,98,73,162,117,167,91,109,72,88,98,145,56,100,99,119,72,159,62,146,152,47,63,129,166,90,77,100,135,126,105,87,86,78,90,66,129,112,117,112,122,63,118,126,110,75,85,73,130,73,129,86,90,78,102,40,113,108,99
"COG0522",204,190,255,189,235,224,310,272,237,155,210,256,238,267,212,252,95,282,290,239,232,200,147,236,215,256,221,220,242,288,167,259,261,206,209,212,202,270,267,253,255,273,140,286,204,276,160,197,228,239,268,271,233,258,246,265,232,282,195,288,208,224,261,293,283,225,287,246,232,246,228,246,253,234,273,244,255,201,244,232,257,237,258,235,252,186,279,234,241,191,248,195,253,272,280,230,293,277,290,266
"COG0523",94,77,563,154,164,61,625,438,143,81,46,171,100,325,144,561,177,422,305,111,493,106,165,122,227,244,180,101,323,296,127,352,180,310,376,141,51,349,340,354,70,622,146,241,103,323,64,362,314,148,72,288,130,281,441,385,60,347,87,355,92,75,667,265,45,57,360,382,130,41,83,345,490,238,752,311,554,103,134,249,222,419,184,215,208,74,224,181,330,107,102,88,339,347,180,238,806,450,474,243
"COG0524",766,637,686,789,704,764,678,835,780,813,589,771,663,751,660,814,462,740,797,728,784,727,603,723,708,839,820,815,778,765,619,793,725,625,635,768,519,819,817,770,778,711,488,829,824,783,666,661,831,774,766,801,729,813,693,749,769,819,637,818,734,727,735,768,750,566,748,773,715,655,762,713,776,897,695,755,750,710,684,718,749,697,802,716,736,774,770,755,627,677,708,835,761,769,803,798,804,697,775,830
"COG0525",733,795,845,876,784,829,957,1122,849,903,793,929,864,1010,880,1034,377,1071,1047,867,1006,831,632,942,881,1092,958,880,1009,1009,555,972,1083,721,784,704,747,1011,1029,896,801,934,601,925,798,984,780,875,1010,1024,1013,914,930,1068,1020,929,919,1032,735,1121,788,814,894,1117,1072,831,943,1067,1009,684,814,1008,961,981,949,935,1039,707,967,934,1059,923,946,1022,1069,732,1027,927,1108,838,1067,813,864,1098,962,951,1077,958,944,1066
"COG0526",938,1006,1070,867,945,1010,935,985,862,967,927,864,1001,908,890,942,517,990,949,939,1019,936,953,916,875,932,929,1000,1007,986,758,940,944,1010,929,1046,872,923,892,879,981,928,702,986,884,906,889,846,963,1058,923,989,1025,875,983,940,943,897,950,909,1048,934,1052,998,1116,962,868,922,914,1051,950,942,937,929,1029,913,947,876,891,917,1008,861,951,954,940,1063,892,1069,890,946,967,964,1036,989,827,916,1110,1028,1026,952
"COG0527",672,426,480,428,489,702,586,584,545,533,344,438,480,548,633,623,451,562,575,573,545,400,454,471,562,489,488,551,522,459,523,591,495,383,400,660,342,548,598,428,572,557,435,533,546,529,373,466,532,427,496,482,530,564,561,487,435,557,364,544,566,531,456,567,684,370,515,526,528,705,573,520,525,465,645,482,584,549,510,484,536,448,603,484,632,655,512,506,507,526,479,603,355,500,518,497,506,536,522,534
"COG0528",177,149,242,125,170,162,184,191,117,142,167,168,135,171,143,168,81,177,185,190,210,191,142,122,160,153,193,169,179,223,137,203,157,181,151,194,134,146,166,183,151,223,149,213,155,191,143,186,167,195,185,209,167,173,220,177,166,178,165,153,190,177,262,192,167,129,152,168,206,166,192,177,158,203,215,181,138,173,171,153,183,175,169,131,186,185,194,203,126,207,167,216,215,183,165,194,266,155,193,196
"COG0529",145,119,199,94,151,131,172,167,111,94,146,150,128,120,102,169,76,134,136,131,133,151,130,100,112,145,116,130,146,163,137,122,129,161,129,175,144,121,116,157,129,184,137,173,118,140,137,182,127,129,120,161,125,123,182,126,100,145,139,115,128,127,190,163,154,117,161,117,110,158,108,129,116,148,187,172,128,124,119,121,91,159,100,125,72,112,104,156,103,149,114,130,172,146,102,118,228,179,169,141
"COG0530",220,222,331,192,204,233,291,292,188,224,232,255,243,225,210,275,273,288,230,231,300,162,285,213,282,222,244,271,245,267,263,232,231,251,273,238,249,234,280,221,240,256,229,251,247,249,190,317,234,233,236,267,261,229,287,244,223,276,237,260,196,229,270,230,264,220,259,273,228,176,242,222,232,231,312,262,274,227,285,251,257,275,204,222,230,203,246,263,190,224,185,229,286,270,205,218,290,227,319,230
"COG0531",526,469,270,124,199,508,170,79,75,105,729,292,365,222,184,137,416,174,101,398,210,264,344,159,348,168,213,539,128,254,482,237,185,341,366,544,603,223,162,271,584,109,484,194,511,247,464,250,306,230,273,220,378,105,241,257,208,95,607,186,575,481,309,153,461,519,143,157,416,191,563,265,102,212,180,168,140,475,271,171,243,291,139,219,286,529,213,332,136,561,288,551,332,196,189,204,141,176,256,216
"COG0532",611,679,705,712,793,730,663,756,807,668,653,808,735,747,740,859,79,808,894,756,722,740,454,746,630,761,728,719,901,845,412,797,883,612,590,600,701,862,778,678,710,783,376,860,617,812,602,525,758,896,800,836,734,882,724,825,710,710,622,749,713,654,806,818,949,696,643,785,732,836,713,788,751,782,766,671,758,604,866,702,806,864,922,791,846,648,770,731,788,672,870,662,784,776,913,816,865,716,827,861
"COG0533",325,328,346,373,375,430,393,472,417,548,299,404,391,418,368,480,142,435,483,414,403,335,247,391,363,428,478,423,451,440,260,441,431,295,324,339,356,442,447,416,411,442,246,465,342,421,355,342,432,535,469,428,398,444,433,436,429,448,326,406,365,344,376,428,460,350,406,455,497,386,368,477,423,429,454,389,411,299,415,431,494,460,436,442,484,332,392,369,484,381,480,382,389,437,420,356,433,444,390,454
"COG0534",373,354,273,425,499,303,311,373,465,503,388,417,299,353,489,376,479,322,435,348,314,601,488,484,353,412,408,338,371,405,390,399,400,309,374,364,351,388,337,361,330,270,358,448,354,444,347,319,430,458,738,549,512,633,506,560,638,606,607,527,556,549,329,606,485,481,535,580,646,876,487,587,631,608,456,500,571,540,638,544,657,494,636,652,531,514,616,796,634,531,677,542,609,539,623,509,318,520,416,609
"COG0535",300,504,286,149,154,342,248,236,168,134,951,125,297,167,132,232,189,206,167,328,217,168,289,197,255,187,123,272,179,140,289,114,189,289,198,290,943,165,174,167,318,257,280,138,328,141,844,215,147,114,118,179,230,177,173,184,149,209,889,197,319,299,273,191,257,834,261,193,116,228,321,164,145,132,229,196,220,313,159,216,142,187,213,147,172,361,172,152,169,327,94,349,178,177,118,183,285,192,194,164
"COG0536",229,328,362,420,329,279,379,449,398,452,239,379,333,379,387,419,158,383,454,269,411,382,234,404,344,425,419,292,410,453,227,367,408,244,289,259,319,410,414,367,266,413,251,435,252,374,320,277,326,421,430,412,326,455,362,403,427,419,269,448,267,268,419,470,352,353,383,383,400,389,224,391,439,430,360,388,413,231,394,434,434,348,428,406,409,236,444,315,408,324,419,278,380,409,443,401,438,397,375,500
"COG0537",203,214,188,220,229,243,168,201,250,238,271,220,206,206,242,194,136,215,221,240,217,189,211,238,236,227,236,193,229,219,181,225,226,171,180,216,280,211,206,198,204,170,166,224,205,219,258,154,246,278,156,141,143,173,161,144,143,125,152,134,135,141,134,151,192,186,131,130,163,105,143,166,144,157,91,130,109,145,153,162,189,117,159,158,169,133,127,130,151,146,156,164,146,136,168,149,136,136,131,160
"COG0538",215,309,349,361,301,218,443,538,365,473,224,438,265,433,333,530,35,465,492,218,382,252,143,395,307,491,426,326,476,395,143,429,502,199,303,261,295,491,559,299,263,527,174,476,216,437,298,350,406,481,339,308,198,319,286,326,238,333,164,326,156,156,272,325,217,192,330,337,374,191,151,278,295,302,285,293,279,120,333,266,320,300,312,277,334,128,286,176,370,178,332,156,220,328,340,242,341,275,298,287
"COG0539",393,498,670,563,554,420,636,671,683,578,501,549,523,581,578,696,215,677,745,449,592,525,462,535,518,653,621,406,629,623,372,617,649,454,463,390,484,638,654,453,409,619,359,671,440,591,530,501,581,632,442,453,326,508,396,405,427,439,314,418,300,334,363,434,339,347,386,437,302,361,292,419,441,425,453,346,431,233,341,396,388,374,486,359,375,267,402,395,472,317,434,264,386,424,481,396,461,465,433,442
"COG0540",367,282,372,393,304,427,438,427,385,382,322,388,349,373,305,463,165,436,405,366,387,259,263,390,366,393,335,412,401,356,254,380,409,258,312,362,311,377,412,360,394,581,231,351,390,376,283,269,395,393,380,371,394,414,358,409,371,422,300,441,358,400,327,374,422,352,361,393,344,307,361,416,383,345,450,448,433,357,365,381,456,405,375,401,423,379,418,303,430,359,350,389,348,400,417,407,368,378,380,429
"COG0541",429,444,410,433,461,517,488,480,481,442,394,462,431,451,475,485,185,553,534,520,480,425,314,490,470,489,471,483,450,458,340,462,444,346,440,425,454,448,494,416,469,466,323,462,480,451,433,346,460,450,478,460,490,487,474,487,456,428,379,461,480,513,441,454,521,523,469,488,513,525,472,507,475,477,471,468,493,454,464,453,481,526,516,503,535,450,419,325,500,460,478,451,395,485,531,426,474,480,417,502
"COG0542",689,822,1760,895,833,667,1439,1448,969,714,826,828,704,917,776,1212,725,1181,888,709,1284,916,981,900,1181,987,1101,640,1130,1144,856,843,966,951,1003,846,811,911,1263,822,695,1550,860,1072,637,739,894,1343,730,763,540,1153,715,906,1221,848,689,1166,917,1156,668,658,1698,1040,558,815,1229,1156,660,677,641,747,1119,1022,1742,1234,1254,705,762,1169,616,1084,969,725,708,703,1124,1102,738,760,649,671,1019,1092,919,1176,2041,1358,1446,1052
"COG0543",143,198,43,48,98,245,34,21,38,21,277,53,106,70,51,15,158,52,26,166,78,56,142,75,107,26,40,114,27,60,164,52,42,125,107,127,266,70,44,118,197,42,134,21,172,63,175,112,78,37,47,72,119,29,69,41,79,28,220,42,150,180,38,32,153,209,35,41,108,156,157,57,22,46,29,53,23,178,49,38,78,108,18,57,99,126,70,120,30,136,75,147,106,34,61,43,17,77,60,50
"COG0544",338,403,448,452,440,347,495,572,435,486,422,427,419,466,512,483,170,528,515,376,438,430,320,453,424,501,476,349,512,506,272,481,508,328,388,336,417,474,478,401,355,483,265,495,366,371,427,406,420,484,479,507,393,508,418,502,476,529,321,523,356,317,439,500,430,415,456,517,428,516,323,431,461,478,497,447,494,331,453,496,465,390,557,511,471,304,460,475,508,367,483,328,410,485,403,448,498,443,500,528
"COG0545",199,189,232,100,285,140,204,118,123,153,140,159,142,150,204,164,259,179,111,118,185,347,196,99,166,128,179,142,158,180,170,220,155,233,216,171,122,156,153,150,140,168,205,195,139,190,172,232,163,186,146,173,121,120,176,161,152,124,145,148,142,122,235,146,74,137,142,157,152,329,140,181,145,165,226,157,171,124,171,121,140,197,154,162,129,173,156,289,118,171,116,129,262,188,139,163,218,201,215,176
"COG0546",263,342,336,298,300,285,290,271,329,300,401,263,291,216,278,276,175,268,290,314,252,297,222,268,262,272,242,271,285,236,255,258,298,277,238,239,391,275,252,242,259,271,269,235,290,253,364,348,248,282,255,258,257,288,297,270,244,275,335,279,283,265,323,276,350,396,262,283,216,274,268,232,290,266,292,266,272,280,265,291,225,232,286,249,230,241,258,247,300,292,253,264,249,287,251,284,332,276,309,278
"COG0547",331,342,357,364,264,361,313,354,392,299,224,291,335,306,347,387,237,326,396,339,280,286,239,359,304,364,346,287,344,301,240,312,351,263,248,319,274,335,361,254,384,314,256,335,319,350,320,317,315,302,346,346,319,371,337,308,319,335,241,304,331,379,289,365,366,302,305,309,339,263,334,335,376,314,268,295,327,310,319,310,330,304,361,303,340,297,328,243,339,318,276,290,263,353,362,369,327,359,314,329
"COG0548",273,299,257,303,317,302,287,296,357,311,198,242,302,261,315,305,249,269,363,315,255,310,264,306,273,257,273,260,292,227,277,257,264,221,222,273,214,265,303,238,263,305,261,239,256,304,282,261,282,216,183,150,175,211,167,167,161,192,154,191,185,197,155,205,190,166,233,176,163,252,179,197,223,165,197,166,192,174,145,180,192,150,180,182,173,167,174,159,173,185,129,174,141,173,189,175,176,238,148,174
"COG0549",80,81,21,27,16,90,19,10,4,7,124,49,51,41,2,13,11,35,4,83,28,0,69,20,40,37,23,88,28,40,56,40,29,57,52,76,99,34,28,63,115,29,42,13,87,34,83,48,46,89,50,34,68,6,49,46,56,21,92,25,89,96,31,17,45,92,11,33,51,1,101,40,7,16,14,26,6,95,66,26,40,68,11,38,33,70,19,9,23,106,35,104,40,40,10,8,38,16,45,20
"COG0550",601,760,878,968,818,634,1003,1034,932,1065,692,910,713,948,973,1035,473,1059,980,721,933,794,706,891,847,1009,974,763,950,922,548,974,983,681,823,613,778,972,1058,896,711,976,589,967,640,939,730,728,885,1134,1147,1019,810,985,907,982,980,1082,646,971,655,672,914,982,781,813,974,969,884,987,617,959,898,943,977,866,1015,644,982,974,1043,1000,984,988,988,539,1006,991,1128,652,1130,610,948,877,998,988,1000,880,978,1080
"COG0551",88,93,118,97,111,70,123,81,134,137,264,125,169,95,159,78,464,65,87,115,114,78,235,84,177,128,126,112,94,143,198,82,79,200,129,38,190,68,60,144,58,82,161,171,93,87,116,164,91,160,112,128,115,85,72,78,131,72,184,69,94,122,116,93,90,162,83,56,135,127,79,59,110,129,124,85,94,137,32,75,106,99,89,97,106,107,107,153,79,74,102,85,108,72,138,94,85,80,102,86
"COG0552",324,286,270,316,307,351,349,314,324,326,264,359,295,347,337,350,167,345,393,325,369,266,224,341,294,351,269,311,347,342,257,267,362,267,273,305,258,322,352,313,324,316,233,309,371,287,260,291,335,303,193,201,214,215,280,235,212,215,151,214,235,225,236,223,242,192,184,241,212,206,217,233,205,209,185,244,230,199,206,208,203,228,201,231,233,209,217,179,217,201,173,220,220,230,202,220,223,244,231,217
"COG0553",363,234,461,333,237,398,270,142,364,279,253,272,380,354,420,123,660,302,106,400,320,203,570,408,443,283,375,258,189,221,544,353,150,437,861,383,276,310,152,554,247,323,496,228,245,320,273,485,323,181,148,503,353,133,358,235,261,193,292,271,296,279,330,148,390,238,715,194,250,361,321,339,123,313,223,678,255,461,356,435,245,757,252,448,277,309,363,486,260,346,253,359,672,191,184,501,263,634,384,201
"COG0554",305,346,226,392,271,261,212,265,394,460,327,313,305,341,381,305,254,328,361,302,287,286,220,381,275,385,377,320,313,314,265,353,356,248,304,294,348,362,275,291,326,495,322,352,325,396,410,214,330,370,425,345,292,344,288,367,406,350,360,353,379,309,186,335,343,338,268,317,391,256,316,373,403,356,210,325,333,275,374,322,416,285,411,385,389,272,400,298,369,328,393,307,285,314,406,387,166,295,254,380
"COG0555",21,15,11,7,12,9,6,0,8,0,2,8,23,7,8,0,6,3,0,19,13,12,25,3,10,0,6,11,5,3,25,6,3,25,25,7,5,11,0,22,12,4,33,11,12,11,7,24,14,0,2,7,18,0,6,1,7,1,13,4,22,15,11,2,4,1,9,2,3,3,13,6,6,14,5,3,1,27,3,3,8,11,1,3,8,13,8,7,4,8,0,9,5,9,0,4,3,8,11,3
"COG0556",453,630,662,728,714,476,881,1010,794,1024,567,835,696,830,704,986,270,890,902,562,823,650,471,812,730,901,820,712,823,878,404,841,848,579,651,549,586,826,920,731,555,862,419,808,508,826,653,556,816,906,934,764,711,859,843,801,796,901,546,890,545,543,668,859,770,637,836,875,828,614,508,830,812,888,838,807,826,474,839,815,883,848,836,862,908,517,809,647,963,570,893,518,747,792,877,789,803,779,755,987
"COG0557",328,366,825,449,548,323,667,599,431,455,336,418,227,365,524,572,346,476,436,311,484,621,299,405,515,365,509,227,447,554,358,423,378,366,313,299,310,388,536,199,290,536,339,527,296,433,326,592,318,360,290,497,196,387,512,368,207,475,312,436,314,300,731,454,125,292,482,467,218,547,288,306,512,461,780,482,517,300,286,511,202,347,416,297,168,308,528,681,393,322,252,260,544,363,417,541,804,554,639,455
"COG0558",177,209,113,164,146,206,143,187,149,185,232,165,205,152,167,177,82,171,175,212,168,91,148,173,176,192,162,202,193,183,169,147,167,139,176,201,260,186,168,185,219,178,155,154,194,174,229,123,178,185,304,209,262,285,253,277,291,296,332,246,298,313,193,277,323,335,258,284,254,208,294,275,265,228,215,233,261,317,285,246,323,235,273,278,306,310,286,215,277,316,371,317,206,265,252,250,209,251,263,255
"COG0559",544,704,282,574,404,568,521,583,659,489,588,468,484,517,385,567,160,499,652,623,470,396,384,555,467,523,489,539,492,417,405,484,519,345,496,420,694,570,538,487,666,550,537,368,586,493,710,302,514,392,334,320,301,463,321,399,328,439,386,430,395,415,197,349,280,473,370,362,339,184,354,391,379,281,361,366,428,409,372,367,335,376,382,370,381,344,364,203,335,373,361,429,258,372,377,351,187,293,259,327
"COG0560",184,252,137,153,280,262,118,107,139,139,210,162,147,120,163,131,165,104,118,178,150,270,162,151,158,116,123,173,143,138,214,152,97,205,181,161,308,116,110,214,231,114,215,136,181,162,272,174,193,130,138,146,197,149,138,138,142,116,200,107,176,188,130,142,189,325,118,112,172,273,216,146,134,140,125,159,117,188,158,127,151,177,136,130,123,154,150,225,111,188,144,174,177,122,160,113,109,124,149,119
"COG0561",131,92,141,181,51,105,99,27,64,17,60,203,127,140,92,55,82,91,23,110,155,21,157,180,154,132,96,139,114,84,115,99,150,133,215,206,75,119,87,174,88,130,150,54,118,130,72,189,119,86,68,131,180,14,170,92,115,148,72,191,132,111,110,101,164,52,232,161,98,75,125,98,94,104,75,236,86,118,211,149,100,202,53,93,136,131,121,103,80,139,60,129,166,141,53,143,75,176,196,94
"COG0562",9,6,17,36,12,2,22,48,21,47,11,14,14,29,22,20,12,19,26,9,11,11,10,31,19,29,20,7,21,30,10,15,18,6,33,30,15,28,21,13,7,36,16,30,10,14,7,12,23,25,22,28,5,20,17,23,15,57,8,29,6,4,19,29,20,7,47,33,18,10,11,14,24,13,19,39,24,10,19,33,19,17,26,25,21,12,27,20,50,16,22,13,34,17,25,11,39,29,19,20
"COG0563",178,183,182,206,260,204,201,225,224,232,181,255,213,198,243,218,146,240,253,181,208,261,202,212,211,263,252,184,219,260,183,221,216,187,214,183,181,250,206,218,196,192,213,234,167,210,216,218,239,259,254,228,208,248,227,196,226,207,193,235,174,178,229,224,216,180,218,229,200,252,177,211,233,231,217,214,238,158,205,212,219,220,245,248,201,181,205,242,195,176,276,178,226,232,205,233,226,228,197,231
"COG0564",405,442,535,675,660,446,670,735,676,670,377,632,485,616,734,725,486,686,678,429,549,775,448,692,547,689,691,411,629,624,489,622,637,474,518,443,448,623,700,474,423,724,410,693,421,623,435,432,564,651,713,667,468,692,558,659,626,714,409,664,430,421,478,661,501,449,670,700,533,877,415,602,649,691,747,645,662,400,528,677,656,513,648,691,517,372,655,702,672,450,617,384,614,603,619,641,518,566,542,668
"COG0565",99,112,178,192,184,97,214,262,232,138,90,208,146,179,228,222,102,234,234,117,179,163,117,231,173,215,204,142,199,198,126,189,224,115,136,133,95,203,215,140,111,208,105,199,120,207,133,176,169,199,230,211,148,264,194,201,175,237,109,195,114,121,214,229,141,120,221,198,179,176,106,222,273,161,224,183,240,106,198,229,194,194,219,209,174,92,192,112,266,124,194,136,150,174,185,194,242,202,193,177
"COG0566",317,331,607,343,435,313,588,547,369,397,278,453,272,466,456,539,266,532,460,315,504,496,293,370,434,469,465,283,495,529,285,407,478,353,414,363,286,495,529,350,311,530,316,465,302,466,302,526,381,493,460,484,295,465,489,507,463,495,262,464,289,276,585,485,317,301,489,498,406,548,292,450,461,486,614,461,545,276,457,481,444,417,473,426,393,326,479,509,480,371,426,289,536,486,400,530,606,483,581,469
"COG0567",389,487,476,813,931,429,644,771,957,854,219,816,496,796,1003,835,300,765,875,412,495,964,296,772,559,756,911,427,721,783,329,820,816,410,525,460,389,824,792,503,391,675,365,946,418,784,516,348,724,851,906,702,427,945,585,756,716,784,288,750,410,379,485,773,484,462,733,773,790,951,373,806,863,833,561,598,846,315,734,675,706,683,822,855,836,395,747,777,974,485,875,373,825,691,1066,838,397,643,576,858
"COG0568",589,763,1295,995,763,674,1126,1222,1133,1125,764,904,743,987,1084,1185,559,1176,1184,678,1092,771,729,1048,948,1167,1015,655,1112,1021,634,1016,1126,852,817,648,797,991,1159,769,624,1299,629,1051,668,948,848,970,926,975,946,1176,773,1238,1108,1079,930,1133,702,1084,669,680,1270,1094,828,817,1040,1139,841,912,597,994,1126,1027,1252,1098,1173,599,880,1043,876,1015,1168,995,983,534,1097,823,1018,703,989,616,928,1101,1081,1129,1484,1170,1085,1046
"COG0569",339,441,338,434,406,365,380,448,402,418,409,482,390,431,410,413,266,430,528,317,432,437,354,431,359,450,490,398,431,487,322,429,489,350,317,337,429,437,407,404,385,397,288,468,369,434,437,342,405,501,526,455,411,527,460,467,447,408,395,379,361,402,353,459,426,467,388,454,400,425,350,429,441,476,353,333,353,308,444,408,424,348,460,441,420,339,431,384,501,351,509,378,409,442,429,378,376,340,413,446
"COG0571",150,189,228,201,218,151,201,237,219,259,200,180,161,229,219,212,96,252,250,178,216,255,133,244,176,228,230,141,257,197,127,276,223,149,179,151,151,238,244,152,161,208,142,219,156,257,184,202,208,217,248,217,166,232,209,233,223,224,138,266,142,157,238,240,167,188,230,231,134,228,157,225,249,239,244,221,233,171,213,265,230,192,209,299,190,137,243,311,251,187,261,153,202,212,158,260,254,232,206,208
"COG0572",71,70,73,38,35,60,105,80,30,32,114,46,47,51,38,71,89,77,41,70,80,67,70,37,85,33,40,87,29,39,117,41,51,52,70,60,79,35,77,51,81,77,60,48,70,40,74,85,54,54,51,66,47,40,62,66,52,76,88,51,80,76,53,33,51,84,69,49,61,68,79,49,32,40,98,48,53,81,47,68,55,61,28,58,37,101,78,60,34,61,41,90,109,66,26,67,75,72,51,41
"COG0573",39,21,192,103,27,12,325,247,377,263,20,49,51,408,45,430,22,166,147,79,287,17,82,81,162,124,66,226,385,100,52,347,90,78,225,94,10,460,104,356,14,400,88,77,23,367,33,124,447,49,71,127,157,137,116,460,44,346,28,240,54,29,220,415,56,17,311,284,74,7,48,464,415,88,341,114,375,60,43,120,328,133,373,190,282,54,189,98,371,62,38,39,77,129,448,379,286,145,146,88
"COG0574",908,1055,430,622,573,1067,488,602,596,655,1245,639,866,669,611,578,338,654,593,957,611,349,573,731,669,704,724,976,669,625,625,657,728,684,642,795,1438,688,658,765,1044,557,628,565,861,674,1137,428,806,866,822,715,912,571,600,767,902,753,1094,738,915,930,372,709,1084,1259,637,758,975,439,1001,763,506,609,369,609,526,917,835,646,917,756,647,837,1092,862,647,449,902,875,953,987,703,679,602,650,403,550,499,691
"COG0575",161,202,269,180,196,180,203,201,195,261,189,182,195,225,204,234,126,247,224,160,221,237,181,194,177,225,236,182,232,261,144,209,227,183,194,187,233,222,219,194,210,226,142,235,198,221,237,224,210,246,254,244,223,204,204,245,236,219,185,205,170,188,270,248,209,200,221,242,147,265,131,205,231,223,239,185,233,150,238,198,239,203,207,219,168,136,204,236,240,175,251,178,228,214,173,213,293,249,224,219
"COG0576",189,210,215,214,182,210,220,223,273,238,175,194,221,259,253,219,95,263,243,213,240,209,179,257,210,251,253,237,243,242,152,248,275,181,198,193,195,249,245,221,182,213,149,261,191,265,197,206,261,251,248,229,229,239,283,247,224,251,166,257,192,206,208,274,258,232,212,254,235,231,188,258,252,265,212,212,233,174,232,211,246,240,261,262,247,199,242,226,263,202,268,188,213,227,250,269,281,268,235,233
"COG0577",580,521,797,334,587,443,582,509,340,356,623,604,612,566,450,524,712,616,397,382,604,526,770,383,533,517,544,621,538,648,438,653,534,759,635,618,558,522,632,617,440,575,452,578,458,615,505,720,582,660,526,608,549,382,617,609,566,530,601,529,450,460,790,524,415,505,465,574,570,403,451,584,489,524,662,551,459,395,586,525,513,683,473,482,524,641,571,650,449,563,627,463,660,588,498,454,821,545,700,607
"COG0578",192,168,185,167,176,136,119,122,213,332,117,186,89,164,238,102,136,115,129,130,105,204,119,183,147,120,203,89,154,154,224,169,115,131,183,183,166,126,148,146,132,438,260,217,140,160,156,158,145,133,134,197,141,119,111,169,142,175,166,144,140,120,134,154,70,139,131,151,141,152,127,127,158,196,123,209,159,198,126,175,117,120,273,140,88,171,208,257,132,133,159,167,216,115,215,235,101,134,145,171
"COG0579",216,225,304,120,113,282,359,329,135,175,230,140,232,170,145,307,101,257,225,252,278,89,191,106,242,231,133,216,212,189,183,180,170,263,217,231,186,193,309,199,240,347,199,166,243,166,192,303,173,144,99,222,228,182,256,173,130,263,246,241,197,241,346,187,262,161,258,231,165,93,230,139,221,168,373,239,245,260,190,207,198,200,167,155,213,232,228,177,181,263,145,265,158,238,110,185,354,254,284,194
"COG0580",169,74,67,120,99,191,86,83,175,320,49,120,163,156,112,88,52,100,199,173,115,83,106,104,111,106,120,188,166,119,94,121,111,125,126,169,51,157,106,125,123,68,119,132,133,143,58,60,155,126,158,110,151,191,140,187,110,79,77,86,135,156,77,195,216,51,104,105,154,54,192,220,135,113,56,98,91,177,93,110,158,112,181,105,178,187,94,123,148,159,123,163,128,149,192,190,57,115,89,115
"COG0581",67,28,180,76,28,22,293,245,364,266,39,47,66,401,82,447,170,158,113,56,254,23,143,67,185,115,53,206,386,70,120,298,85,127,216,98,18,427,128,304,19,385,140,69,56,311,23,207,389,54,69,110,152,126,123,498,49,279,42,223,46,34,185,406,32,13,317,249,82,11,51,491,434,59,299,136,381,74,41,112,286,153,364,150,321,56,168,89,342,51,33,40,92,145,364,339,233,130,140,88
"COG0582",728,870,873,576,425,674,789,440,658,606,1238,472,547,531,537,508,1873,379,504,687,491,689,899,535,848,454,360,498,472,425,1400,357,432,723,820,991,1447,354,570,552,703,673,1240,451,598,345,1197,1133,360,413,326,506,487,462,410,510,471,520,1222,481,741,583,907,464,359,1493,773,478,335,380,692,402,470,448,650,494,527,986,358,616,312,407,498,347,381,813,440,415,425,772,353,714,460,504,496,422,1016,484,398,368
"COG0583",1274,779,794,763,1338,722,919,512,818,523,580,682,694,703,1464,514,4288,372,559,622,560,1638,1810,638,1129,433,492,425,463,413,2496,437,403,1181,1095,752,521,409,500,488,554,503,2264,589,842,473,521,1569,434,354,395,482,430,626,546,449,562,573,1011,529,699,641,737,487,304,506,736,446,748,1334,626,353,636,562,732,512,538,1050,415,576,331,461,520,379,380,648,636,1196,444,678,339,675,533,469,856,627,537,692,575,437
"COG0584",167,197,95,166,111,176,101,123,154,174,192,193,154,124,142,162,158,134,123,168,146,147,210,160,153,148,145,156,162,160,202,154,146,164,169,195,173,138,129,174,208,107,208,164,196,156,172,126,150,169,297,196,230,191,199,234,289,234,301,238,299,319,124,277,187,230,194,213,246,206,287,201,222,220,153,221,175,299,247,197,272,194,251,266,235,286,285,292,220,314,307,301,254,255,209,225,113,176,161,229
"COG0585",146,78,31,15,43,142,25,12,20,6,59,70,102,47,29,14,148,46,8,117,52,40,104,23,81,29,17,111,35,34,104,56,27,75,73,102,41,40,17,113,118,27,93,13,128,58,49,71,68,41,35,33,128,6,73,59,24,14,69,26,137,118,69,34,132,28,23,26,82,60,131,62,16,20,27,39,17,128,64,34,51,91,3,42,67,116,24,26,8,107,31,119,59,30,22,16,27,55,80,20
"COG0586",95,26,135,40,27,86,68,65,45,59,21,42,41,50,48,62,37,70,53,76,78,34,40,32,69,88,42,77,76,62,76,57,71,58,76,127,8,62,63,37,48,79,100,53,67,50,7,109,48,45,31,85,58,65,93,50,45,56,36,42,67,62,104,65,76,7,79,38,32,18,98,47,65,57,107,61,70,108,37,55,28,42,55,40,68,100,58,48,62,65,28,76,39,62,26,60,165,87,92,70
"COG0587",944,1262,1325,1343,1291,1046,1260,1327,1386,1305,1363,1283,1337,1295,1360,1380,909,1316,1419,1114,1232,1497,1419,1368,1318,1419,1559,1229,1372,1341,1010,1279,1373,1269,1505,1153,1348,1315,1320,1191,1174,1264,1143,1477,1142,1285,1312,1128,1228,1562,1477,1388,1323,1469,1202,1225,1425,1333,1091,1276,1097,1132,1272,1391,1152,1295,1385,1384,1203,1314,1110,1197,1401,1454,1235,1313,1324,1084,1243,1400,1277,1079,1527,1318,1315,1060,1542,1625,1504,1127,1540,1097,1339,1203,1447,1455,1363,1272,1228,1435
"COG0588",131,157,75,223,119,113,158,171,171,189,134,209,153,207,177,179,59,212,274,153,184,86,120,246,124,181,196,170,202,182,92,219,229,109,154,135,171,219,191,186,158,154,115,187,135,224,151,104,231,282,285,169,182,248,194,200,273,213,110,204,127,151,96,192,203,176,144,196,223,108,160,243,180,183,83,137,195,122,212,202,260,132,235,242,241,116,194,94,302,144,319,128,150,191,168,162,106,175,161,213
"COG0589",284,217,310,119,91,295,107,49,139,69,296,118,262,122,215,77,336,87,82,189,121,116,239,114,187,55,111,205,71,109,306,117,34,273,164,294,215,88,95,150,231,91,302,119,170,127,251,151,119,74,68,187,184,70,94,127,73,76,313,88,199,160,211,78,335,220,86,82,152,140,264,160,102,113,105,152,70,218,76,124,148,116,97,81,154,314,121,148,61,249,62,235,199,85,133,216,84,160,147,94
"COG0590",154,149,155,156,108,150,154,145,124,110,144,168,124,160,132,145,73,166,115,120,163,137,118,173,115,146,181,151,144,197,141,173,206,133,134,141,173,173,141,131,159,168,136,183,151,187,182,156,167,175,172,199,119,130,147,167,186,151,147,175,135,143,171,163,164,147,131,145,166,139,115,161,142,189,158,164,168,145,198,196,174,143,140,151,152,180,189,154,130,141,176,161,155,160,156,174,163,158,153,190
"COG0591",1093,1078,543,385,625,922,399,197,347,457,1590,754,988,603,491,310,1470,448,310,766,698,766,1078,463,777,450,459,1021,485,528,1158,592,640,1008,948,727,1283,443,367,723,1078,283,909,491,968,597,1104,1052,772,711,664,438,877,298,652,572,758,277,1366,382,986,933,520,459,1047,1185,400,374,1086,758,942,681,294,408,384,395,268,824,650,380,753,603,427,529,678,1032,433,654,410,898,612,965,684,691,401,460,386,532,723,458
"COG0592",259,301,322,351,264,306,287,376,330,389,270,308,289,346,295,332,132,373,303,291,293,226,218,342,296,341,353,290,376,326,203,312,359,231,249,260,281,334,305,284,327,299,213,363,272,363,258,241,323,354,512,502,466,524,464,496,510,476,385,592,436,422,425,556,521,438,445,492,396,395,422,502,481,468,448,475,511,401,507,517,543,407,581,551,454,405,479,544,576,385,591,435,453,478,494,426,440,468,500,502
"COG0593",470,579,622,697,610,501,660,743,738,886,540,569,580,641,779,669,316,749,777,514,627,538,450,730,581,673,728,535,731,702,409,667,690,431,500,486,571,677,663,543,535,572,455,772,522,657,591,517,658,823,781,658,563,748,588,693,759,697,511,663,542,526,594,704,620,592,618,718,570,648,471,647,779,700,591,603,681,425,631,694,734,516,753,711,642,423,709,618,840,559,784,433,672,673,715,671,692,616,601,751
"COG0594",38,34,21,21,45,41,13,15,34,18,31,16,34,22,39,19,73,25,13,24,16,24,58,13,23,19,24,16,17,17,36,16,14,41,35,22,31,24,24,32,28,13,48,36,30,24,28,33,19,15,26,27,27,16,17,16,34,17,25,16,28,43,19,17,24,40,18,20,32,58,28,17,36,20,28,15,26,37,20,17,11,13,26,33,29,23,21,40,16,34,16,31,22,20,22,23,12,15,16,19
"COG0595",173,213,359,381,197,214,554,543,457,332,220,350,322,419,377,566,137,534,467,305,409,223,158,363,390,418,351,201,438,315,231,342,447,191,303,303,303,414,503,281,223,588,205,334,212,343,275,313,316,318,367,315,304,442,435,400,318,507,199,542,218,215,389,461,439,282,467,495,294,236,236,369,442,362,517,472,482,231,309,420,371,382,420,384,430,208,394,147,478,267,361,247,262,430,396,401,491,419,382,426
"COG0596",1827,1601,1739,1875,2200,1725,1794,1734,1819,1751,1297,1702,1791,1818,1775,1763,1321,1803,1900,2160,2064,2270,1857,1864,1716,1822,1807,1812,1959,1816,1816,2012,1826,1891,1806,1799,1351,1861,1672,2010,1810,1890,1901,1773,2047,2033,1469,1644,1912,1624,1892,1786,1768,1921,1912,1789,1851,1719,1426,1739,1832,2051,1656,1961,1635,1374,1650,1651,1879,2337,2010,1875,2032,1787,1966,1671,1969,1972,1897,1659,1813,1729,1711,1862,1703,1929,1729,2050,1574,1891,1548,2009,1635,1742,1721,1836,1796,1943,1945,1827
"COG0597",105,124,140,126,133,133,130,174,154,106,132,111,126,119,137,142,122,141,165,112,125,122,112,139,117,168,135,133,120,135,125,110,117,106,125,120,129,121,160,119,109,87,149,128,129,133,142,134,133,173,158,122,126,167,140,129,178,156,141,126,152,135,149,147,141,146,146,136,88,135,117,112,134,136,118,106,157,117,129,152,147,91,126,131,138,119,137,96,180,131,183,111,108,139,93,148,123,147,128,131
"COG0598",49,14,34,2,18,15,15,2,22,8,46,2,21,13,51,1,103,5,4,33,7,10,46,5,40,5,6,21,1,9,62,4,8,23,20,72,42,8,13,10,11,0,65,6,10,5,21,36,17,5,8,5,14,8,8,18,11,6,30,3,39,26,29,4,7,15,11,0,7,1,19,5,3,3,8,2,3,25,7,4,6,11,8,2,9,53,20,11,5,44,2,19,17,17,15,19,3,13,13,6
"COG0599",40,27,27,11,43,44,23,17,32,23,21,20,45,14,22,24,51,11,25,51,29,29,52,6,35,19,8,30,38,19,39,27,19,47,42,49,36,23,12,52,36,26,62,13,41,23,25,25,33,7,10,19,43,31,37,24,47,35,39,29,62,71,25,45,36,31,29,30,18,70,62,42,39,27,43,35,29,85,34,14,26,48,38,22,30,75,18,65,20,58,11,76,28,25,32,42,18,36,29,16
"COG0600",358,322,148,307,392,329,298,324,416,290,235,238,286,277,228,322,179,245,362,356,237,376,239,266,277,276,221,282,243,172,272,208,270,206,317,349,258,258,256,270,329,302,388,231,348,248,273,186,305,220,278,230,251,325,234,254,196,312,247,292,328,371,146,301,284,276,283,273,255,294,354,271,308,267,244,265,274,401,255,276,251,249,317,272,323,313,229,229,346,351,233,364,192,243,326,277,109,239,198,217
"COG0601",640,564,374,508,510,599,472,474,490,299,514,405,655,411,361,482,248,445,480,801,480,631,661,451,515,470,468,753,411,410,536,537,441,479,542,535,493,435,431,686,664,549,698,454,745,493,486,378,560,314,404,397,651,456,502,464,419,447,646,456,729,804,429,429,553,479,410,446,401,310,741,429,499,498,539,533,535,809,473,425,476,483,412,435,523,763,483,559,343,654,358,807,398,498,464,478,416,469,472,503
"COG0602",178,136,187,93,123,195,122,94,109,116,103,153,141,137,79,97,85,120,77,140,154,104,116,97,165,125,116,144,150,151,139,130,135,125,136,158,86,116,113,104,179,109,89,107,146,123,99,151,109,131,92,122,123,65,173,103,98,99,135,127,147,163,185,130,173,82,156,125,128,116,163,85,105,105,141,166,111,194,91,143,111,102,100,92,101,136,125,178,74,163,82,163,135,147,92,89,196,128,158,130
"COG0603",179,125,142,75,41,171,157,131,58,76,105,79,139,110,61,112,82,144,68,162,133,61,113,52,149,135,81,144,127,105,124,93,111,132,125,183,97,99,122,105,165,129,106,66,143,103,106,156,108,122,83,91,124,53,155,116,108,107,109,122,148,168,168,134,167,90,149,112,138,76,161,98,86,81,163,139,145,175,125,114,91,122,65,89,89,144,88,117,95,159,79,151,93,109,63,71,161,128,146,74
"COG0604",973,794,508,996,800,928,701,845,1043,985,667,775,1027,783,804,805,773,710,948,1032,808,906,965,1004,823,821,914,1006,853,723,986,807,851,926,861,941,624,801,833,1009,970,755,1112,816,1056,832,775,606,994,854,580,533,603,622,501,530,635,534,477,511,721,674,358,596,670,497,500,577,696,489,691,627,601,632,439,515,536,692,538,544,618,584,557,597,669,663,582,555,526,659,574,697,522,508,672,564,290,490,448,557
"COG0605",121,60,97,81,86,113,101,75,125,136,113,112,87,66,94,112,137,56,157,88,68,97,104,67,116,73,97,104,85,102,100,89,78,123,93,133,83,68,106,85,97,52,107,147,81,81,57,87,91,190,86,139,79,169,67,79,121,90,82,68,107,86,117,69,132,52,105,67,59,66,106,78,85,126,82,57,75,106,74,78,68,70,79,73,83,114,87,129,63,127,171,97,152,80,128,105,91,64,78,104
"COG0606",80,123,125,41,63,53,45,6,72,34,188,28,61,36,101,13,140,19,11,101,25,95,105,53,101,8,29,40,13,39,147,24,5,90,84,103,223,10,17,32,47,21,153,31,66,22,162,78,20,5,5,62,41,27,26,34,17,15,194,13,74,65,63,12,6,171,32,15,29,165,55,25,26,23,36,52,16,120,10,38,2,45,21,13,16,105,54,140,14,75,6,59,55,17,67,96,20,28,51,25
"COG0607",298,316,360,342,395,301,335,293,371,403,268,354,307,320,362,331,386,269,366,317,344,366,416,328,300,346,319,317,359,407,381,330,338,437,332,309,259,352,279,351,313,257,434,366,361,366,263,411,364,320,297,347,353,358,338,291,292,281,262,290,334,342,391,328,266,304,302,296,292,375,314,321,336,334,317,285,320,327,302,289,259,344,342,287,260,394,326,485,293,306,336,322,437,335,346,383,293,344,386,327
"COG0608",351,363,231,254,368,368,184,183,382,343,481,231,354,221,465,213,258,213,199,393,280,454,341,229,296,234,272,333,222,215,293,307,301,360,237,349,451,248,190,273,388,171,291,262,344,303,374,364,312,175,232,255,350,220,251,268,241,218,448,225,345,359,218,231,494,438,188,225,250,523,372,273,278,239,206,229,247,385,251,227,301,204,269,241,376,357,231,386,214,349,202,354,238,281,241,329,139,273,262,208
"COG0609",118,75,288,48,87,68,81,49,24,8,51,187,144,69,93,44,182,58,82,65,91,174,216,54,128,129,155,95,39,194,142,82,168,210,156,144,70,43,154,92,63,29,167,205,82,77,44,255,85,229,139,202,102,90,77,35,225,41,93,59,84,73,254,29,111,52,112,42,91,203,83,43,47,153,63,42,59,130,124,76,72,72,13,63,109,119,61,55,26,125,176,81,189,201,15,39,289,69,69,149
"COG0610",172,109,268,36,67,119,146,56,30,125,145,178,144,190,121,60,592,40,50,103,72,51,299,50,250,67,73,84,42,77,376,52,83,205,194,254,115,35,88,49,84,71,415,103,121,46,80,368,41,61,46,80,67,66,55,74,111,45,121,53,74,61,204,44,106,136,106,40,79,46,91,49,53,71,90,39,75,199,87,64,33,40,32,36,59,164,74,61,68,137,46,80,126,85,104,44,164,74,75,75
"COG0611",202,185,279,209,249,230,259,241,236,224,127,211,202,235,287,256,99,246,311,221,236,191,171,240,194,251,256,206,250,283,170,255,236,190,147,251,113,253,220,194,179,247,161,251,185,242,177,194,203,214,251,237,182,332,275,208,224,255,149,209,184,194,249,289,274,107,223,216,165,287,232,240,265,257,247,202,232,214,188,223,240,155,271,228,211,191,228,269,245,224,200,205,227,220,195,260,254,243,249,236
"COG0612",583,669,803,330,642,490,539,381,355,360,1088,524,657,420,542,472,1142,420,367,463,534,838,808,321,549,354,500,600,467,556,761,562,432,739,569,912,909,413,413,503,545,428,675,575,510,550,779,804,430,640,424,512,533,365,574,422,536,312,906,355,525,486,814,435,487,832,399,369,490,830,545,414,423,434,579,393,417,489,428,428,339,476,445,366,402,744,446,649,336,650,361,535,595,482,484,442,803,564,638,494
"COG0613",130,71,117,43,37,138,143,123,45,54,97,81,154,82,48,115,101,117,44,147,146,31,139,44,101,91,65,146,82,95,113,63,62,110,134,129,69,85,123,148,106,115,101,54,130,77,68,132,80,53,57,81,146,35,88,82,73,106,99,97,129,114,117,64,216,81,101,93,93,84,136,94,68,74,155,87,123,164,96,92,110,87,47,72,147,137,118,54,78,102,56,156,55,99,52,80,141,83,128,87
"COG0614",189,86,203,92,134,93,124,95,54,53,53,152,231,113,90,96,156,84,95,271,138,151,219,101,144,152,107,182,87,154,200,108,130,203,149,190,50,128,150,180,101,87,221,117,234,121,60,199,171,155,146,144,181,58,103,113,150,107,96,110,233,225,223,106,226,67,134,97,144,207,280,127,91,119,117,106,126,243,141,133,165,95,59,107,192,253,104,103,100,133,190,285,171,143,68,93,192,100,104,150
"COG0615",71,54,39,29,53,90,19,38,27,30,62,65,76,52,42,22,53,49,38,76,47,63,43,40,62,50,45,88,23,54,60,50,56,46,53,57,42,50,43,55,64,36,31,61,79,70,71,47,65,71,60,57,74,30,64,38,75,35,58,51,75,66,46,44,85,48,60,53,60,67,102,58,36,61,23,37,32,66,52,35,76,42,40,56,71,67,52,41,37,67,75,60,56,48,30,24,37,48,39,56
"COG0616",281,250,365,394,344,219,380,418,408,485,309,387,265,407,384,393,342,346,522,257,350,361,302,409,379,411,411,283,423,436,314,354,343,299,267,230,271,390,399,269,226,374,358,437,278,364,283,356,324,411,422,400,269,539,340,349,423,342,281,369,287,230,325,390,269,281,385,379,362,329,262,330,447,413,382,292,369,284,315,333,354,311,432,367,340,225,405,366,374,263,351,257,403,343,448,351,369,350,313,408
"COG0617",389,484,672,645,588,396,744,752,564,688,469,599,477,625,639,670,377,727,624,480,709,525,527,692,524,676,627,459,670,642,386,633,601,445,495,377,495,633,640,555,432,691,361,648,417,647,509,639,552,736,701,642,488,596,632,609,619,712,428,704,430,444,661,658,511,498,674,679,556,601,378,555,624,639,715,597,684,411,661,718,634,530,661,684,543,375,714,693,768,436,722,395,578,633,520,563,778,637,678,647
"COG0618",59,120,117,63,129,72,54,66,42,116,246,159,88,139,86,67,51,119,65,55,125,113,116,89,68,80,132,108,109,177,92,121,109,128,117,78,200,88,97,131,111,57,64,105,83,123,172,96,148,178,152,108,131,52,122,162,135,81,166,80,68,79,114,76,80,216,59,114,108,112,66,145,73,114,79,82,46,52,153,102,113,127,93,123,77,99,112,123,63,78,150,67,194,109,79,80,113,60,121,130
"COG0619",12,15,125,40,3,10,118,110,43,21,44,51,14,56,19,107,4,83,51,22,83,0,9,45,55,69,50,20,70,75,10,42,56,18,60,50,37,97,99,17,13,118,25,49,13,43,35,90,35,40,21,65,18,31,70,74,25,97,28,87,11,6,131,68,5,25,94,85,24,0,17,42,58,58,135,85,110,26,56,93,30,72,46,46,33,14,85,37,39,25,53,21,36,78,24,78,182,90,94,81
"COG0620",358,324,115,135,174,403,136,160,122,81,236,162,270,120,203,149,187,140,232,419,148,143,292,146,211,175,152,283,83,154,339,176,127,208,167,264,312,122,135,269,374,151,320,185,340,157,340,153,164,133,131,169,207,215,138,142,177,188,275,173,379,369,126,106,192,376,113,146,94,153,317,145,143,196,118,172,132,436,127,131,143,166,111,171,163,407,141,101,156,328,154,411,133,138,120,171,85,129,116,157
"COG0621",713,776,768,728,765,773,869,836,764,782,820,737,705,819,828,876,364,905,878,764,837,754,611,748,733,715,826,722,866,769,608,813,781,688,679,697,762,815,811,739,783,813,672,815,773,799,752,678,803,750,772,789,784,805,848,815,802,847,700,802,764,792,700,837,794,768,749,864,657,727,740,875,867,777,937,776,859,722,734,810,825,736,855,756,748,772,786,909,789,798,836,750,898,790,802,750,719,788,899,819
"COG0622",30,34,14,20,33,51,14,26,8,29,23,23,50,19,14,15,9,14,20,49,28,10,61,18,18,14,15,37,26,24,24,18,11,32,22,20,24,10,6,43,38,20,23,16,39,21,36,13,32,16,26,11,40,43,27,8,19,20,35,16,50,47,17,32,61,33,20,17,12,29,34,19,20,17,12,13,21,59,12,9,28,12,18,15,37,40,18,31,15,42,17,45,23,23,23,22,10,18,24,20
"COG0623",153,176,275,311,276,189,305,348,363,340,152,252,237,295,280,332,22,347,385,176,307,245,156,280,223,324,313,197,312,315,112,316,336,202,258,188,203,339,329,259,179,311,141,345,191,305,224,231,311,295,294,307,223,382,295,295,282,320,149,326,212,176,252,340,233,195,288,336,282,203,152,295,320,384,338,327,360,154,306,283,305,356,342,314,310,140,304,247,314,184,303,158,300,357,396,361,307,301,275,339
"COG0624",1037,1060,521,1031,1009,1079,721,754,889,978,1179,832,998,861,866,803,629,740,882,1116,748,1165,876,1002,811,806,878,1105,777,806,885,828,869,828,807,905,1132,834,767,1014,1105,946,923,865,1042,924,1121,531,964,770,946,782,1023,943,740,859,851,873,1116,834,1087,1171,491,822,1052,1084,794,806,1069,803,1110,909,877,848,769,910,887,1097,877,808,970,892,883,984,964,1094,976,921,855,1069,930,1128,708,672,954,864,426,723,662,796
"COG0625",512,400,731,670,767,442,732,779,738,636,262,548,482,528,599,737,700,624,762,538,728,732,649,657,554,635,579,402,657,606,660,560,566,775,569,545,219,575,608,618,450,801,698,621,539,569,321,674,529,505,432,650,422,813,678,523,468,651,405,603,476,502,637,683,285,237,662,556,431,474,460,556,793,654,887,603,684,546,487,574,426,707,720,549,393,493,637,686,493,499,454,461,571,545,692,734,664,711,607,555
"COG0626",484,650,722,485,636,516,720,716,508,619,502,588,432,555,571,727,97,703,608,462,667,507,372,481,514,598,569,441,602,672,384,658,620,402,481,568,660,604,777,499,624,710,426,641,496,606,739,539,517,616,593,594,536,544,650,613,481,632,509,677,487,504,729,572,416,641,664,648,527,615,480,549,563,573,824,669,717,477,598,581,525,618,496,533,494,504,592,680,633,508,573,503,588,666,473,530,827,639,652,611
"COG0627",67,54,70,47,107,48,48,21,54,46,59,59,31,50,51,28,120,27,14,57,40,122,64,33,49,29,55,70,49,43,110,61,40,90,61,68,50,54,39,54,52,37,103,45,54,71,37,53,61,19,36,52,44,31,53,49,38,30,69,26,65,54,41,38,18,42,27,28,57,81,47,38,57,71,55,45,50,56,51,34,28,46,43,36,22,65,39,84,22,54,18,59,45,42,61,53,27,45,49,46
"COG0628",308,280,405,272,258,271,305,275,206,217,258,270,214,237,255,260,352,260,209,267,299,268,350,261,316,245,257,270,261,256,356,248,213,309,287,349,264,229,236,237,303,262,430,255,299,227,271,353,220,239,199,321,223,242,302,258,238,236,277,252,273,246,324,231,154,243,266,270,221,294,274,244,239,255,312,270,250,296,227,275,199,295,195,198,168,300,309,333,217,299,211,282,299,256,223,283,284,300,355,266
"COG0629",173,142,192,169,175,133,196,194,181,213,135,146,143,171,206,198,134,195,180,143,167,181,138,182,162,208,174,122,203,195,143,163,182,165,200,201,140,192,212,176,127,185,180,210,109,158,146,217,173,182,208,181,156,179,180,174,197,169,128,179,144,132,233,180,167,149,204,171,172,202,144,165,178,182,185,177,173,140,168,176,182,182,186,178,184,151,193,219,228,159,188,159,165,232,192,186,281,191,199,177
"COG0630",34,34,15,35,81,14,15,30,2,2,113,131,31,60,0,22,19,48,9,37,47,1,56,50,24,43,23,51,40,95,31,29,53,40,72,43,113,54,29,68,28,16,45,13,23,27,51,43,73,100,31,35,99,11,79,57,19,30,52,33,40,29,70,30,16,76,27,57,37,2,29,71,23,39,25,31,5,49,96,67,36,77,2,31,38,31,18,4,5,35,54,32,90,48,14,4,64,10,42,60
"COG0631",60,55,51,17,61,50,35,24,21,26,56,63,74,74,48,33,246,60,24,56,55,76,101,50,74,37,42,60,44,73,151,52,28,97,138,67,64,64,56,72,49,29,134,29,58,49,58,95,59,35,22,39,43,11,33,29,44,17,68,22,32,34,29,22,36,40,27,33,50,39,30,47,18,33,15,66,30,61,56,35,29,64,13,43,36,33,40,22,25,47,35,51,101,25,26,24,14,85,44,33
"COG0632",102,107,162,76,122,106,122,105,73,70,116,95,78,68,82,91,70,92,81,106,111,121,136,75,124,78,93,94,83,108,133,98,86,112,97,86,135,77,93,94,103,119,80,95,100,82,116,130,74,65,64,112,93,58,113,101,116,81,121,71,100,103,197,82,75,107,68,93,58,116,88,78,89,73,170,91,84,94,90,75,71,91,85,73,63,110,88,131,37,112,54,81,111,80,72,119,183,99,139,73
"COG0633",86,124,294,388,100,99,312,316,246,146,78,192,112,219,184,245,57,266,206,104,193,115,108,299,215,208,198,90,242,131,83,181,178,139,154,104,87,213,267,143,121,331,90,149,105,175,105,167,161,124,123,242,128,231,226,213,125,263,63,267,102,109,192,235,83,115,299,254,114,75,91,176,284,152,351,477,287,108,288,400,122,245,249,148,131,85,276,111,209,111,142,103,151,197,231,267,249,294,295,173
"COG0634",70,75,46,51,51,62,49,35,40,34,86,51,58,36,34,22,41,42,15,60,43,54,78,35,40,46,42,68,38,34,68,38,39,42,79,49,96,32,40,67,66,47,67,34,77,39,79,42,47,42,31,42,86,20,34,61,65,54,69,49,62,67,54,31,47,90,41,43,50,82,68,49,35,46,33,50,36,66,64,44,53,49,13,48,48,82,46,94,34,75,60,72,52,45,26,48,26,35,37,45
"COG0635",237,389,419,194,294,272,255,173,174,141,269,230,184,199,263,229,342,205,137,200,261,291,276,176,245,161,263,208,200,262,298,239,196,276,257,276,389,175,195,172,288,221,300,233,257,221,388,309,159,168,165,233,189,173,250,178,156,135,321,184,248,269,393,205,152,397,172,171,136,292,280,137,201,197,282,203,214,303,158,185,132,208,178,148,116,272,246,367,113,263,126,237,316,198,174,188,404,223,273,209
"COG0636",18,25,48,15,55,25,61,47,39,20,19,30,14,36,22,47,43,30,33,17,46,52,28,20,41,43,31,10,48,50,25,46,45,19,36,15,18,51,44,29,31,77,18,32,16,36,24,65,22,37,16,55,18,29,50,35,18,47,28,37,14,13,80,35,2,17,50,35,38,50,8,23,36,27,73,43,56,12,54,36,22,60,25,34,17,9,37,23,43,24,15,14,44,46,33,29,86,69,43,45
"COG0637",151,141,299,161,201,124,174,166,239,291,119,181,124,183,209,202,195,172,175,120,189,162,165,169,192,170,160,96,238,196,177,155,189,164,213,172,136,189,199,156,119,180,168,191,128,152,151,275,146,167,124,195,128,186,171,190,152,227,149,213,116,127,263,212,98,129,209,169,101,124,121,171,196,199,233,265,212,151,165,195,131,166,253,161,115,175,231,202,139,148,169,139,161,174,189,237,329,275,259,190
"COG0638",268,126,12,24,38,375,15,18,3,2,122,84,209,50,0,20,12,56,7,259,79,11,80,24,132,35,24,259,23,62,124,78,45,132,93,271,97,58,19,151,242,30,113,10,259,111,59,31,124,39,40,41,207,6,121,67,53,19,137,27,253,268,48,17,342,80,24,44,139,5,308,115,14,32,20,57,17,311,126,47,128,161,0,69,134,295,15,10,9,285,49,300,118,34,7,16,30,124,103,31
"COG0639",157,162,178,149,191,120,289,66,126,123,175,138,115,113,145,243,249,99,123,131,209,166,306,137,121,94,116,132,123,117,167,148,103,193,251,120,205,125,89,153,150,82,166,102,131,116,172,124,157,133,111,202,142,113,132,119,137,77,209,93,160,132,92,86,71,162,105,99,108,213,125,132,111,109,262,140,164,166,145,113,103,224,81,138,104,164,152,213,119,150,97,129,202,94,92,152,78,169,154,97
"COG0640",198,162,118,42,56,171,106,19,58,20,121,59,59,50,58,53,150,26,18,168,92,61,131,33,121,45,47,90,43,56,212,35,60,129,184,292,120,35,31,84,162,80,284,33,118,46,105,164,55,37,31,59,104,26,63,48,40,46,164,35,176,131,110,50,53,100,59,40,53,22,169,44,45,32,115,38,52,222,59,34,42,71,38,31,59,176,39,60,34,178,19,161,48,73,46,64,118,52,54,18
"COG0641",15,79,37,18,11,27,5,2,26,8,103,23,22,20,34,9,54,3,5,27,14,3,49,26,28,2,25,9,9,10,59,6,2,27,16,15,105,7,4,10,22,9,34,10,30,9,99,15,5,11,10,18,28,3,20,6,8,7,81,14,20,21,24,9,10,102,11,7,10,6,17,5,6,12,8,26,8,31,9,19,3,14,13,7,3,18,19,31,3,20,2,20,13,7,10,14,16,39,24,11
"COG0642",3540,1929,3191,1524,1855,2066,2686,1689,2355,1831,2244,1857,2033,2533,3834,1973,10359,1474,1709,1630,1916,1828,4095,1584,3503,1564,1324,1767,1734,1765,6493,1434,1438,3314,2884,2791,2083,1618,1827,1605,1465,1649,5250,1701,2133,1469,1858,4421,1611,1583,1632,1661,1658,1739,1613,2306,1950,1746,2561,1685,1691,1645,2552,1728,1255,1936,2082,1588,2206,2153,1851,1650,1942,1648,2123,1450,1917,2604,1407,1718,1518,1337,1730,1522,1541,2583,1856,2033,2026,1886,1503,1627,2065,1813,2100,2017,1943,1912,1725,1366
"COG0643",127,53,140,23,17,102,70,24,41,25,59,73,91,67,125,31,812,14,6,89,67,25,244,20,138,40,12,64,21,33,354,10,33,212,119,48,52,27,39,71,80,38,288,21,144,15,69,270,49,25,27,32,156,18,43,54,97,29,139,48,107,89,117,16,43,58,34,38,70,39,82,35,37,59,64,46,24,164,49,30,26,48,24,28,40,95,40,24,21,72,50,76,153,42,80,36,37,55,49,26
"COG0644",843,591,733,593,538,1019,653,747,555,503,610,811,868,707,497,617,428,802,654,906,754,343,616,675,765,832,665,974,666,691,560,737,749,649,649,822,581,762,790,892,968,744,544,562,796,775,619,654,869,748,731,789,971,652,895,830,602,725,672,730,892,865,846,643,1037,586,693,789,921,413,949,843,676,635,657,639,699,856,876,737,846,962,596,667,836,914,693,400,683,861,783,991,673,702,588,569,871,680,881,714
"COG0645",7,10,20,1,2,4,8,1,7,4,8,0,16,0,4,2,16,1,1,13,11,0,19,0,15,0,2,8,0,2,21,1,2,14,25,8,3,1,4,9,2,2,37,2,2,0,11,19,4,0,1,1,15,1,2,5,4,5,19,0,5,6,7,0,4,3,16,1,3,0,4,5,1,0,6,0,1,32,4,0,6,3,1,2,8,8,0,0,2,7,2,9,4,1,2,8,0,3,0,0
"COG0646",427,628,409,329,165,399,619,513,297,207,664,272,549,386,214,500,172,560,256,537,520,141,388,318,446,368,265,470,417,280,341,341,423,371,372,379,603,458,452,371,515,647,378,251,480,346,630,359,333,263,195,270,318,161,348,313,217,290,400,278,348,357,267,287,366,385,309,329,280,78,325,291,274,155,411,286,305,312,314,311,232,313,208,210,276,272,290,159,229,268,168,342,158,283,150,248,294,415,416,192
"COG0647",97,133,67,239,231,110,121,176,249,181,100,212,165,168,193,182,19,211,213,150,164,168,89,223,132,183,209,164,177,201,77,192,212,109,166,176,130,216,203,180,125,157,115,194,118,183,163,67,221,204,224,190,180,183,178,216,184,196,106,195,124,121,108,179,170,132,169,235,157,158,143,223,206,197,100,182,186,113,203,240,202,189,200,241,195,108,193,158,234,140,238,143,183,205,192,213,65,195,134,210
"COG0648",128,62,21,23,28,144,15,27,9,20,111,69,120,57,4,32,8,56,22,166,66,0,92,32,60,53,41,165,32,55,81,63,52,81,55,94,106,63,52,127,137,25,62,20,126,64,73,28,94,73,65,51,143,14,82,79,49,43,84,41,149,123,48,45,170,69,26,58,114,2,161,69,21,52,17,37,28,122,97,40,94,89,26,77,91,119,46,37,32,108,103,138,40,60,27,29,25,37,70,52
"COG0649",427,422,284,313,254,481,389,453,304,321,459,377,404,436,218,453,40,487,334,490,434,235,288,354,381,441,346,463,416,343,272,351,475,267,378,383,424,432,448,452,477,454,272,279,431,388,443,308,431,402,430,400,448,334,424,482,400,492,406,456,442,423,362,399,502,462,382,456,490,275,470,421,337,381,393,435,394,391,535,397,455,521,392,411,580,399,439,208,432,433,494,505,282,471,393,311,369,375,357,390
"COG0650",0,10,1,0,0,0,0,0,0,0,48,0,0,0,0,0,0,0,0,0,0,0,1,0,0,0,0,0,0,1,0,0,0,0,0,0,52,0,1,0,1,0,0,0,0,0,33,0,0,0,0,0,0,0,0,0,0,0,47,0,0,0,2,0,0,42,0,0,0,0,0,0,0,0,0,0,0,0,0,0,0,0,0,0,0,0,0,0,0,0,0,0,1,0,0,0,1,0,0,0
"COG0651",392,365,144,209,215,381,142,188,292,235,735,93,242,85,131,165,28,83,206,374,141,307,242,172,227,72,169,286,121,113,265,76,81,238,162,366,667,97,133,215,363,145,324,136,362,109,590,123,126,87,49,57,125,140,85,73,50,90,478,83,258,229,80,73,158,372,82,78,88,78,275,104,122,124,100,88,87,266,68,96,85,90,115,75,107,297,86,83,48,250,60,268,77,66,126,111,56,89,80,70
"COG0652",458,366,520,346,482,495,384,419,400,432,318,533,425,568,437,380,258,518,399,455,541,422,402,390,454,445,415,491,511,491,341,531,455,457,480,396,252,493,417,438,482,436,332,382,377,519,260,501,547,391,451,463,489,401,588,511,400,374,295,461,457,458,504,502,481,274,406,477,408,427,431,503,420,424,477,455,479,369,537,484,423,569,427,456,394,458,391,522,380,460,409,416,569,487,404,450,548,606,648,485
"COG0653",659,816,938,894,1025,706,1010,1082,978,1197,784,938,792,968,1004,1088,433,1049,1089,772,935,1086,732,913,847,1081,1059,778,1077,990,512,989,1106,714,748,705,875,1050,1079,783,740,1011,629,1085,757,986,844,816,931,1057,1116,999,814,1132,1002,1050,1053,1000,742,1068,703,728,922,1103,868,829,963,1077,882,1038,695,999,1016,1010,1069,898,1111,641,942,898,956,865,1147,1047,929,742,1056,996,1182,767,1117,734,923,1041,1118,1064,1099,1045,988,1139
"COG0654",478,483,616,933,980,515,789,963,952,966,305,655,498,728,823,831,503,806,1081,502,711,1055,523,852,563,852,757,475,826,749,510,732,779,556,594,637,276,854,848,661,475,750,550,862,491,766,332,583,755,721,826,751,547,1066,714,725,727,930,362,704,505,483,679,871,550,361,735,758,563,869,466,797,1014,758,861,754,963,429,673,674,634,655,914,825,592,421,782,758,970,573,754,500,757,730,721,780,747,790,665,795
"COG0655",58,37,30,41,55,38,59,28,56,34,73,38,39,33,44,31,65,15,31,45,28,67,73,41,46,31,37,17,46,27,96,27,26,50,60,76,96,24,27,28,22,22,122,39,38,31,68,70,36,28,34,23,30,31,29,21,28,31,100,23,48,37,28,43,23,75,37,24,38,62,44,24,47,33,52,33,41,58,23,34,19,26,35,25,23,43,49,56,24,46,27,35,30,25,41,45,16,36,27,25
"COG0656",109,47,47,38,34,70,30,14,21,31,64,60,63,52,28,24,96,39,22,76,52,45,75,35,74,31,35,110,30,45,112,72,43,72,96,113,47,41,37,61,73,43,110,41,101,57,49,73,43,43,54,69,107,24,73,57,78,50,112,52,145,141,65,47,53,64,54,57,81,86,133,59,51,74,45,73,67,151,77,68,68,117,54,66,49,149,90,73,51,127,76,150,86,59,52,70,31,86,76,62
"COG0657",403,309,317,349,377,319,311,322,268,376,228,347,341,336,281,287,312,300,308,411,398,208,478,324,294,342,322,334,377,377,371,341,325,597,419,439,220,334,272,423,365,291,393,349,405,343,260,319,434,320,313,369,334,335,303,309,346,296,319,299,400,353,250,375,184,173,263,329,325,128,366,322,390,387,362,359,305,435,310,296,297,373,329,336,296,461,375,496,232,365,311,415,373,355,396,314,201,310,286,324
"COG0658",113,136,130,25,62,62,44,5,77,58,235,27,72,39,117,7,209,9,8,66,38,81,124,23,129,13,27,36,15,28,168,23,14,121,103,90,232,4,15,37,49,28,195,33,55,26,175,85,23,10,3,46,39,15,22,21,23,10,194,22,39,41,90,17,13,194,38,7,38,154,44,24,26,27,18,29,18,97,14,46,4,42,22,13,12,107,32,151,22,58,5,55,49,15,57,65,42,34,41,25
"COG0659",286,304,792,236,761,352,543,388,362,257,191,270,129,320,515,448,529,422,272,235,432,796,300,239,389,295,330,170,394,350,446,383,265,297,344,325,252,332,447,193,269,553,437,322,235,294,220,578,237,199,150,444,126,271,432,265,149,340,211,349,237,205,781,369,62,248,377,355,178,1140,223,202,395,322,704,419,403,280,182,368,148,388,361,171,187,256,300,759,211,290,104,196,330,347,412,454,843,479,509,351
"COG0661",395,358,1002,694,592,465,986,1017,726,788,217,658,440,788,696,913,472,947,740,482,864,526,339,691,624,836,689,417,793,800,420,788,785,466,600,589,300,832,904,522,366,1003,358,718,336,691,348,858,652,616,596,883,503,762,984,709,500,813,242,833,412,363,1081,783,560,334,808,848,568,578,372,759,788,740,1077,855,942,355,699,855,579,1057,769,826,583,405,709,563,774,465,594,364,804,747,656,788,1223,1102,1046,762
"COG0662",218,207,288,351,204,206,286,267,283,257,192,336,218,325,269,340,251,278,276,237,259,215,197,337,312,319,303,221,301,264,244,278,358,249,283,194,186,303,299,230,216,329,206,291,211,264,224,269,273,283,285,253,289,280,290,243,294,332,193,358,190,249,282,281,279,224,456,319,254,275,233,268,289,289,272,433,317,211,349,357,260,235,245,310,278,182,349,208,377,199,282,222,243,348,197,282,338,299,248,326
"COG0663",85,101,120,156,165,86,123,110,132,195,81,140,121,122,130,133,121,120,140,105,117,160,127,147,120,141,135,108,134,109,116,121,126,124,151,85,91,121,115,130,104,120,116,142,91,136,121,98,113,121,104,93,69,98,71,96,89,84,58,91,63,51,51,87,79,70,85,63,103,106,66,95,102,95,75,69,85,73,75,86,94,67,93,90,107,63,91,94,113,58,94,55,66,80,109,95,45,85,77,85
"COG0664",314,488,341,115,115,315,229,147,167,70,595,158,214,170,185,133,222,152,104,257,221,164,335,153,225,153,142,254,188,220,285,150,168,337,258,418,546,176,188,225,399,206,362,119,255,149,520,334,199,133,131,225,230,110,212,233,177,128,455,199,281,241,318,135,192,497,186,149,134,135,280,178,122,139,224,226,196,337,244,168,112,263,135,164,114,404,169,241,119,329,113,272,290,262,124,248,280,299,286,157
"COG0665",2381,3009,1513,2998,3090,2846,1873,2132,2546,2252,1975,2400,2435,2177,2493,2005,478,2275,2305,2892,1807,3103,1658,2746,2029,2397,2669,2349,1863,2104,1724,2491,2561,1649,1593,1963,2567,2526,2319,2173,3226,2294,1655,2483,2861,2397,3030,1244,2431,2196,2489,2225,2361,2340,2064,2159,2220,2415,2317,2267,2769,3099,1559,2101,2452,2889,2187,2352,2489,3270,2716,2492,2408,2580,1958,2537,2452,2434,2620,2364,2434,2333,2335,2464,2543,2398,2103,2392,2538,2506,2546,2854,1901,1967,2656,2248,1667,2132,1750,2479
"COG0666",369,467,266,106,248,337,132,56,104,125,214,215,277,224,85,114,147,205,102,386,288,604,488,125,229,89,136,338,77,420,363,236,207,561,407,232,154,255,177,254,479,144,280,91,446,218,358,318,378,50,79,231,271,130,252,169,103,66,334,174,410,473,186,85,75,146,159,144,117,380,408,285,78,156,131,179,203,440,305,92,103,568,89,278,100,426,116,130,83,348,58,435,361,253,59,100,157,541,315,98
"COG0667",897,570,493,738,670,653,599,660,780,736,536,559,1062,648,678,668,396,675,743,877,805,728,802,716,622,673,599,983,707,560,646,654,669,800,828,864,489,690,638,959,771,632,752,580,878,751,616,588,754,604,396,433,654,510,464,458,494,437,457,407,564,570,313,493,705,343,387,406,426,474,581,472,472,415,401,441,418,613,439,420,593,444,428,531,595,587,380,398,443,549,352,615,364,496,440,409,339,489,433,421
"COG0668",710,454,507,460,443,553,582,495,533,624,462,558,557,531,583,490,1053,548,506,515,514,345,709,473,672,529,494,643,501,512,871,577,508,605,602,763,431,535,494,504,569,403,827,473,593,567,395,661,550,572,571,522,575,494,572,560,564,541,463,519,584,529,616,509,531,438,473,504,583,371,585,512,502,445,486,442,482,544,579,516,585,531,518,532,573,699,524,413,554,606,572,626,506,567,521,410,496,564,542,537
"COG0669",95,117,178,159,143,128,161,208,209,164,136,134,138,152,160,203,76,170,178,132,168,143,130,165,115,202,158,100,172,144,89,145,168,109,109,122,141,163,176,139,130,150,91,170,108,167,124,144,135,198,189,156,158,171,146,168,163,163,121,157,109,103,141,173,149,136,154,172,110,152,105,142,155,207,175,123,190,107,144,169,197,116,169,173,166,118,194,168,214,125,183,132,135,193,187,160,180,144,149,149
"COG0670",104,151,189,222,193,114,177,232,276,270,99,155,148,207,192,244,64,241,204,145,206,152,135,182,149,209,187,112,161,182,101,176,206,120,144,131,130,199,218,108,127,220,87,176,116,186,170,125,179,166,211,195,137,215,194,197,178,201,108,232,111,95,166,186,151,191,206,254,155,179,105,214,207,194,180,211,193,113,177,227,185,173,225,195,201,97,205,95,230,104,178,122,167,193,245,164,193,216,179,213
"COG0671",184,94,77,130,99,145,74,64,119,132,138,155,116,126,153,79,110,60,100,119,87,180,99,123,147,100,142,111,131,112,143,120,86,102,133,152,127,96,81,102,98,64,124,127,114,122,100,105,100,133,105,89,120,113,91,87,111,78,124,77,130,92,96,109,139,107,147,87,120,122,146,87,101,116,57,149,90,141,97,136,138,87,148,90,122,170,126,125,87,146,114,128,132,90,86,119,86,103,87,103
"COG0672",76,93,31,27,24,97,20,18,57,106,77,23,154,32,49,24,290,21,7,54,51,63,93,25,49,21,11,87,44,17,115,30,20,94,59,143,56,25,12,48,68,25,104,8,93,27,66,81,54,6,30,13,74,21,42,42,60,24,66,20,95,62,14,45,212,46,25,21,91,29,109,67,26,9,25,20,23,80,69,17,84,18,68,35,80,57,32,58,28,131,22,85,19,18,55,28,12,18,30,10
"COG0673",1655,1854,1594,1572,1289,1611,1373,1542,1552,1791,1642,1494,2137,1497,1514,1588,712,1573,1783,1813,1703,1437,2260,1627,1388,1585,1748,2055,1493,1557,1204,1784,1518,2386,1996,1607,1565,1575,1438,2280,1871,1535,1315,1870,1937,1831,1934,1314,1827,1561,1706,1636,2089,1830,1518,1476,1588,1646,1815,1735,1784,1845,1371,1583,1571,1521,1465,1676,1288,1092,1769,1628,1621,1804,1337,1738,1424,1701,1383,1568,1682,1579,1807,1700,1641,1878,1569,1534,1475,1709,1427,1877,1387,1708,1723,1733,1407,1403,1428,1655
"COG0674",477,806,157,150,68,616,98,106,71,97,1071,204,481,218,31,125,49,193,90,445,281,12,378,206,247,200,124,534,191,172,270,249,182,358,238,325,1150,190,129,471,680,142,288,54,487,242,1234,144,328,251,227,165,510,78,243,295,313,138,1026,158,528,511,158,177,460,1114,144,176,424,5,503,287,90,81,82,195,73,480,296,172,347,318,111,246,402,437,212,131,161,443,244,525,193,200,130,167,107,162,203,177
"COG0675",69,6,13,1,6,16,3,0,13,2,38,2,16,3,8,2,82,2,6,18,4,7,588,1,50,3,1,6,1,22,69,3,1,17,14,11,31,1,22,12,8,9,47,6,21,0,14,29,2,0,2,2,8,1,7,10,11,1,29,1,21,27,7,6,4,25,2,2,11,2,21,1,6,0,7,6,20,19,3,12,2,4,0,1,3,11,12,23,1,2,7,29,2,1,7,13,5,9,9,0
"COG0676",18,7,11,3,20,11,12,0,1,1,4,15,5,19,19,0,110,1,1,3,5,3,29,5,23,1,0,3,1,3,41,10,2,25,25,0,0,12,0,4,4,2,42,2,7,7,0,33,6,0,2,3,3,0,16,1,5,1,17,3,1,5,11,5,1,3,10,4,11,16,5,4,1,3,4,8,4,17,8,3,0,22,1,7,1,4,3,5,2,2,0,5,19,2,2,0,1,13,18,2
"COG0677",246,222,225,205,227,246,199,235,134,217,302,219,300,220,197,218,56,229,223,248,228,244,221,205,196,208,220,262,181,278,161,195,254,276,168,307,343,222,238,216,224,197,156,286,211,225,279,227,266,287,297,220,297,240,191,238,322,238,318,193,237,219,261,196,419,330,189,213,225,300,245,250,174,219,178,158,216,257,201,196,270,175,197,210,262,287,202,161,273,276,344,248,233,214,169,134,218,172,159,233
"COG0678",59,86,51,266,139,58,137,137,180,156,56,178,97,145,217,136,151,142,115,76,116,152,90,247,123,167,214,68,137,89,110,127,103,84,118,85,81,164,126,110,68,155,93,116,61,133,122,77,152,137,155,104,77,160,103,89,123,175,72,182,72,56,56,117,57,86,219,148,126,190,66,104,196,197,86,228,144,75,117,234,119,111,150,157,137,61,202,95,170,71,123,64,104,107,161,126,68,123,85,181
"COG0679",133,194,198,249,227,152,211,269,276,195,96,184,141,220,221,245,177,208,250,141,164,205,136,211,156,227,183,122,204,164,153,198,190,116,163,128,162,205,234,164,168,204,182,217,117,201,145,168,184,161,193,171,143,254,181,204,163,252,134,216,135,131,249,201,165,159,232,252,155,125,110,200,232,207,236,213,258,127,188,198,202,146,230,216,188,118,184,137,245,123,139,115,169,202,203,209,230,193,131,188
"COG0680",2,4,6,0,0,5,1,0,0,0,22,7,4,2,3,1,84,0,0,2,4,0,14,0,7,1,0,2,0,1,26,0,0,4,1,3,8,0,1,0,2,0,18,2,5,0,4,14,0,1,0,0,0,1,0,1,5,0,8,0,1,2,10,0,3,9,2,0,2,0,1,0,1,0,0,0,3,2,1,0,0,0,0,0,1,2,1,1,1,0,1,1,5,0,0,2,3,1,0,0
"COG0681",286,251,420,313,290,280,360,310,322,351,254,338,268,322,330,314,190,379,359,268,303,301,279,315,308,313,320,314,363,348,246,356,311,291,253,306,247,339,372,273,269,336,254,368,266,359,227,340,296,354,344,339,325,388,337,344,327,358,254,314,274,244,364,352,352,236,310,326,225,285,288,327,348,341,400,324,367,247,315,337,336,240,337,308,287,249,392,353,331,292,347,245,327,358,318,376,378,371,373,332
"COG0682",201,297,282,296,269,201,322,339,337,357,208,255,227,265,273,333,116,343,339,229,296,276,190,295,264,331,309,210,310,278,162,290,289,204,235,228,223,267,314,207,226,321,199,327,199,279,274,232,259,339,303,289,263,353,277,274,310,350,193,305,187,208,263,302,287,239,308,320,232,329,216,263,299,331,332,256,315,205,255,279,294,186,285,279,266,207,306,298,324,238,289,205,275,322,234,308,319,307,258,293
"COG0683",677,879,381,654,522,775,671,627,743,605,976,555,604,614,496,746,243,620,762,771,521,518,534,672,637,676,557,727,607,509,596,605,654,447,608,554,1147,630,714,754,902,794,731,453,817,626,980,457,709,567,635,571,582,684,590,719,576,744,817,638,757,820,356,579,573,1173,630,710,768,493,798,677,660,528,644,642,699,822,707,658,664,768,678,619,722,784,608,379,708,714,731,835,517,759,752,592,343,594,550,646
"COG0684",98,69,89,109,84,85,70,101,129,107,76,80,157,74,84,80,206,54,96,130,100,95,172,82,74,68,99,125,83,81,131,84,84,144,105,86,75,85,74,182,84,86,129,108,108,73,107,101,84,92,81,100,127,96,71,92,109,81,122,55,121,121,79,98,97,67,85,73,85,46,100,100,111,92,89,76,82,134,80,68,107,92,90,90,133,128,85,75,55,124,79,120,89,88,97,87,84,83,70,82
"COG0685",261,439,236,197,250,345,253,268,256,189,362,226,307,211,217,206,112,244,251,278,230,216,230,207,239,260,259,319,255,194,201,220,288,187,196,262,442,248,230,238,356,248,250,248,320,254,468,206,229,227,258,244,273,231,258,227,231,251,384,213,314,314,247,260,303,471,229,219,255,217,338,248,225,233,290,265,256,307,226,208,248,289,244,264,275,263,188,245,239,279,189,309,174,270,247,218,281,275,249,224
"COG0686",151,252,161,263,266,181,175,211,239,345,190,248,221,264,254,207,141,243,257,184,183,242,187,244,186,253,303,192,242,254,163,261,261,152,145,176,210,248,244,187,205,202,183,270,224,268,253,129,255,314,333,311,194,237,180,245,278,255,195,221,165,218,148,214,215,217,216,244,417,281,168,259,253,325,160,236,208,181,275,242,280,251,282,283,290,208,300,311,319,193,367,155,198,239,341,249,116,190,158,310
"COG0687",367,419,179,374,402,417,302,261,365,250,241,357,289,284,293,313,140,304,352,393,200,410,293,334,289,307,314,312,226,257,325,316,288,248,235,285,316,320,300,292,444,310,445,306,499,332,374,161,340,260,335,278,248,350,254,278,297,326,362,310,434,413,178,261,273,344,292,299,349,392,372,317,369,338,261,325,354,416,348,273,271,330,317,312,304,389,242,268,324,385,324,410,231,256,347,241,142,254,202,330
"COG0688",148,193,116,227,187,183,134,139,202,230,169,165,198,193,209,177,112,138,164,174,153,180,143,183,134,162,161,174,152,174,148,167,183,143,122,154,174,164,149,148,183,124,134,169,169,175,198,129,185,191,220,135,141,160,151,201,195,179,148,186,162,191,118,170,187,228,146,179,173,216,153,185,172,157,83,107,163,145,175,180,179,141,164,210,174,148,177,240,185,176,191,170,165,145,167,187,89,154,146,149
"COG0689",185,139,130,139,113,182,76,120,129,102,120,140,161,132,110,102,124,122,123,148,138,125,143,159,130,132,138,195,115,142,126,165,155,167,150,140,96,127,127,190,156,106,168,120,165,136,116,103,181,139,142,135,192,119,141,128,138,142,131,110,191,174,113,131,179,86,84,112,195,83,154,172,125,151,106,160,113,183,158,162,150,212,108,152,136,179,145,99,118,190,139,163,184,81,163,159,92,131,133,141
"COG0690",23,11,66,33,34,13,38,55,24,32,4,30,19,26,44,41,60,32,33,15,37,39,28,38,25,42,40,15,40,36,28,30,26,32,25,14,8,28,36,18,16,56,29,43,16,29,10,65,22,24,14,31,14,39,28,24,20,35,14,22,14,16,70,31,14,3,28,29,34,34,15,16,43,42,57,41,50,12,20,27,16,30,21,17,15,10,49,43,27,15,27,14,34,33,40,26,73,30,43,36
"COG0691",75,92,112,122,81,67,93,133,112,136,84,94,81,108,124,98,55,114,111,87,97,83,73,112,114,132,121,68,110,102,61,109,108,87,92,74,92,123,123,94,73,102,86,129,76,112,104,83,116,113,173,172,111,212,147,164,181,159,116,147,138,129,145,180,140,131,143,172,131,166,125,169,176,184,144,150,154,93,144,153,184,122,173,156,155,103,149,164,204,131,180,113,129,171,164,165,198,151,179,158
"COG0692",42,36,68,85,98,58,89,77,88,133,14,89,25,77,89,79,92,52,112,42,54,187,76,91,49,79,115,27,99,81,85,85,41,59,55,74,23,64,69,48,37,52,65,123,37,72,22,64,58,97,102,95,23,138,62,63,93,72,24,48,30,41,61,77,45,18,73,69,63,127,27,51,98,107,85,81,67,39,55,60,75,54,109,70,42,34,85,166,77,49,87,23,103,71,95,86,62,63,82,106
"COG0693",105,60,68,56,58,74,55,25,49,27,68,26,85,39,95,14,256,23,27,57,42,52,138,52,84,19,20,41,23,16,171,28,18,134,91,121,65,25,19,31,54,28,174,21,63,27,61,95,28,8,23,30,41,29,33,42,31,28,77,26,68,66,29,18,29,72,43,22,33,70,64,23,38,26,42,31,25,81,31,42,20,48,37,27,30,116,58,143,22,74,12,60,46,33,55,55,22,34,27,11
"COG0694",143,145,165,199,233,168,156,204,196,262,88,265,164,194,240,208,104,224,222,177,173,257,146,191,161,215,247,152,241,217,163,241,235,152,123,156,129,231,218,152,156,216,148,237,169,225,158,156,216,215,217,226,154,248,171,221,239,223,98,208,168,213,187,217,152,141,239,208,196,235,159,194,222,246,187,174,214,163,268,185,211,168,229,221,180,174,207,244,227,161,267,175,215,215,221,208,170,203,205,254
"COG0695",106,75,117,155,135,106,198,165,121,127,82,135,95,124,162,144,350,149,112,94,124,184,151,128,184,157,128,89,122,110,209,112,108,110,179,117,85,114,108,85,73,154,177,103,96,100,74,185,86,125,134,127,119,66,116,116,148,155,80,145,105,73,107,144,109,69,175,149,129,127,98,117,102,125,137,212,122,86,120,190,121,105,146,119,122,95,142,102,145,102,139,97,105,133,136,116,125,127,114,108
"COG0696",124,159,392,148,297,178,259,234,187,150,188,158,94,181,231,258,153,184,212,106,216,337,130,153,144,176,184,91,215,223,138,185,189,179,133,111,168,167,237,115,163,265,102,225,134,179,137,274,137,116,104,223,96,183,213,168,99,161,143,180,124,139,386,207,49,160,177,203,58,355,114,134,201,242,390,218,258,119,130,207,60,157,189,106,60,134,212,334,80,139,84,115,283,204,197,249,438,254,267,216
"COG0697",1617,1817,1515,2827,2694,1708,2183,2713,3022,2705,1294,2385,1904,2235,2729,2447,1039,2483,3027,1998,1980,2512,1489,2754,1822,2631,2548,1517,2297,2379,1359,2457,2542,1589,1626,1608,1688,2510,2461,2087,1843,2130,1451,2421,1807,2429,1945,1487,2356,2562,2840,2376,1932,2982,2186,2430,2360,2702,1499,2462,1817,1919,1645,2475,1947,1992,2367,2539,1886,2524,1689,2464,2750,2576,2014,2382,2688,1535,2372,2542,2552,2023,2506,2713,2401,1450,2153,1897,2517,1688,2468,1772,2108,2194,2364,2658,1710,2365,1885,2566
"COG0698",62,92,67,122,59,68,83,90,103,115,162,91,89,103,113,84,52,103,115,90,99,69,74,113,87,110,119,97,104,90,67,122,105,57,88,109,147,110,94,84,62,86,91,104,97,98,111,37,83,126,135,87,100,131,81,88,128,118,118,137,61,82,62,105,130,139,98,128,105,72,91,114,101,111,49,106,89,69,117,122,131,75,96,111,139,81,118,92,132,82,144,75,117,104,112,119,36,76,85,129
"COG0699",7,8,26,4,6,7,5,1,2,1,45,18,6,8,23,1,14,21,0,2,13,10,11,7,3,4,8,3,3,16,13,19,7,19,42,34,27,28,7,10,3,3,22,4,12,16,30,13,14,2,6,20,9,2,9,9,3,4,47,9,6,2,18,1,0,28,5,6,2,6,9,13,6,20,6,12,10,15,27,7,6,42,0,24,3,9,8,32,8,8,4,3,65,2,0,5,9,40,26,8
"COG0700",27,14,12,7,10,9,11,3,2,4,18,4,23,6,4,13,71,4,9,12,8,3,31,9,23,3,12,10,6,10,31,3,7,24,23,11,16,2,11,12,12,9,26,16,12,5,17,37,4,10,19,8,7,5,5,6,13,7,20,6,20,14,17,8,6,13,9,4,14,27,11,7,5,10,16,4,5,18,3,4,10,13,5,8,9,11,1,9,12,7,6,16,16,8,10,5,8,7,5,14
"COG0701",94,90,81,25,23,77,42,4,36,26,98,28,55,31,62,8,205,27,7,45,39,36,99,25,69,17,15,49,25,20,129,26,16,80,95,59,105,17,16,43,47,20,135,20,37,25,66,96,24,20,27,50,35,8,35,39,51,13,76,20,50,35,62,30,27,93,25,32,44,30,49,25,11,31,30,40,11,62,22,36,32,30,20,31,30,89,49,23,17,65,17,56,50,54,30,53,25,32,45,14
"COG0702",398,363,657,424,440,398,588,503,445,534,471,416,434,475,506,518,266,578,475,415,598,470,343,446,399,550,467,576,513,535,356,503,562,403,478,522,390,506,529,472,376,561,370,493,368,507,353,598,493,458,328,346,341,339,436,337,310,323,286,319,273,287,419,335,386,254,352,369,264,346,316,346,321,284,403,340,387,261,298,300,354,307,310,332,363,276,277,310,309,311,281,293,334,399,254,328,486,461,443,319
"COG0703",119,136,207,216,201,154,224,233,237,248,167,174,172,184,203,210,102,235,206,126,203,216,132,210,148,224,200,167,222,194,106,221,216,171,144,141,152,198,212,177,157,197,106,233,121,196,148,189,170,211,197,220,188,225,189,193,215,232,141,205,137,135,203,234,216,164,205,207,128,204,135,196,239,205,203,195,223,135,170,207,211,160,210,197,189,129,239,266,232,117,206,121,183,190,169,264,236,209,192,232
"COG0704",193,45,33,40,25,163,75,73,145,129,48,40,132,160,22,118,79,70,50,197,141,3,93,39,125,56,22,246,121,33,106,139,31,107,109,203,23,156,30,191,125,90,114,11,125,136,36,42,206,31,71,51,250,56,129,252,54,161,100,135,259,223,64,191,337,42,175,132,140,7,284,308,192,22,127,66,153,277,87,54,278,123,220,124,254,222,89,84,206,227,50,261,52,88,201,166,42,99,99,33
"COG0705",262,254,236,152,260,228,125,110,152,240,313,229,257,209,229,114,286,161,161,218,231,290,312,178,183,185,212,260,211,221,221,252,222,276,227,250,289,203,139,224,236,97,241,222,245,232,230,259,205,210,189,163,274,200,220,222,220,141,276,140,263,241,213,193,257,261,171,151,216,252,243,204,194,199,180,166,160,267,255,142,179,179,181,194,193,290,195,328,130,233,178,258,264,243,194,200,169,182,231,178
"COG0706",393,547,494,647,597,455,575,547,633,742,514,536,466,599,592,617,295,546,698,411,534,505,401,624,474,562,650,448,589,609,340,623,690,431,428,383,572,619,604,493,465,531,322,632,378,589,579,459,535,697,654,644,461,700,529,564,642,559,464,553,417,393,486,626,493,580,501,609,589,554,378,592,595,612,533,507,626,341,571,585,605,495,661,620,594,375,616,606,661,450,680,387,577,574,738,628,493,526,544,669
"COG0707",236,285,342,370,283,263,347,440,325,438,280,301,229,324,376,372,125,354,373,277,294,291,208,363,290,366,379,240,404,369,191,316,364,254,226,256,309,346,346,255,270,356,166,390,241,358,324,274,347,358,259,217,171,269,226,232,221,268,183,257,174,201,191,205,213,222,236,236,169,208,166,208,245,239,216,225,269,137,209,252,205,131,247,228,189,138,238,259,273,174,259,180,230,265,166,206,275,229,216,256
"COG0708",241,256,286,327,353,224,301,347,326,317,163,316,234,276,311,315,99,325,330,241,299,302,203,300,270,322,316,275,314,314,202,333,311,240,264,253,193,340,296,274,228,327,242,327,238,315,207,271,303,325,351,323,269,358,347,310,337,286,210,315,244,222,340,288,269,216,327,283,274,294,232,313,330,349,337,299,319,239,307,311,273,267,313,345,272,200,339,312,334,241,304,218,295,301,291,335,338,321,314,317
"COG0709",99,146,220,133,85,112,392,369,151,100,157,114,112,156,63,316,9,281,153,133,307,126,127,144,209,157,147,107,226,164,86,121,147,152,185,95,138,175,303,177,124,382,84,126,127,123,138,236,139,124,98,173,152,107,231,187,138,278,151,277,102,144,277,196,96,118,288,268,114,141,116,126,195,170,469,289,275,138,149,240,137,207,158,124,131,81,229,91,158,137,143,115,127,196,118,162,322,212,286,157
"COG0710",119,65,17,11,22,115,7,5,5,2,53,39,63,29,4,7,12,11,3,92,33,0,36,21,40,7,10,80,9,32,43,36,7,57,31,104,29,25,14,37,75,16,40,10,81,31,50,17,33,22,18,23,64,2,36,17,13,10,51,13,91,93,40,14,79,39,11,22,44,1,110,30,5,14,6,22,9,94,42,16,21,35,3,22,24,90,20,6,7,74,25,99,32,10,5,8,18,21,36,14
"COG0711",106,137,207,185,212,102,230,216,179,176,121,170,125,174,212,224,43,217,243,109,205,188,105,199,146,189,161,117,194,201,78,169,204,99,153,129,129,208,213,137,111,228,78,193,109,189,131,131,170,200,312,300,226,355,280,284,252,315,140,324,156,145,316,326,236,232,339,390,264,289,162,259,312,285,317,251,372,144,258,312,287,299,326,330,302,123,284,252,396,164,330,146,257,303,247,280,382,383,299,315
"COG0712",142,176,195,204,230,143,207,255,225,177,161,171,143,183,218,212,83,217,238,114,215,235,152,229,162,219,205,164,225,222,152,188,223,115,150,164,167,260,217,182,156,198,119,242,168,219,183,125,198,216,240,169,187,233,218,216,189,212,131,233,162,165,179,247,165,199,219,220,197,285,163,221,237,206,244,202,242,117,227,204,203,203,238,184,204,125,196,219,208,160,215,189,199,208,221,231,223,266,225,223
"COG0713",84,73,63,77,73,106,78,108,86,79,86,86,73,96,60,101,8,107,85,96,99,71,51,72,90,107,83,107,65,87,53,84,95,60,79,86,78,112,81,102,100,78,70,61,99,81,93,53,99,70,95,73,111,75,71,90,88,90,92,106,107,111,74,82,114,104,82,105,97,92,100,100,69,67,88,80,81,92,98,90,95,72,61,84,118,94,94,69,103,106,108,118,80,97,74,84,78,100,77,86
"COG0714",703,724,507,1288,654,678,626,665,640,673,672,1024,854,841,674,653,496,717,615,750,670,764,801,1154,971,944,979,752,830,737,684,690,711,745,1137,708,755,795,860,851,671,829,663,800,751,785,659,576,761,805,760,684,911,579,602,631,770,940,691,1028,669,764,547,853,781,640,1363,1012,678,546,656,654,765,967,536,1538,729,764,998,1197,798,854,792,827,736,733,1100,835,755,670,729,728,777,769,774,763,516,616,596,780
"COG0715",319,198,189,119,118,204,283,213,209,69,139,92,225,128,111,212,233,135,228,282,169,156,292,104,256,119,70,224,133,84,357,106,85,301,321,317,129,93,140,289,213,233,472,93,239,117,162,243,134,84,59,109,235,232,148,147,113,173,210,158,248,244,137,158,216,152,173,129,140,85,278,135,188,94,227,126,161,400,116,109,128,182,141,117,168,265,119,78,96,248,63,269,136,164,159,141,82,142,149,61
"COG0716",28,20,187,42,50,15,91,66,24,27,11,60,61,60,70,81,223,58,33,18,98,57,76,41,90,51,53,18,61,83,80,61,54,98,76,8,6,49,78,28,10,78,49,78,23,41,11,147,36,85,26,93,24,19,109,53,62,55,16,66,6,16,165,64,80,8,82,52,74,71,12,46,54,63,97,62,83,16,47,72,45,55,44,35,58,13,65,14,32,15,29,12,108,79,34,14,148,109,102,79
"COG0717",112,147,180,257,159,136,189,237,229,220,109,166,178,194,191,216,79,220,221,168,188,152,121,219,171,211,196,133,225,192,104,190,204,153,160,128,112,229,220,192,147,241,114,225,120,193,165,167,192,206,205,204,165,219,173,227,219,191,118,208,132,138,166,239,161,154,205,197,205,140,136,215,215,200,188,228,196,133,212,225,218,201,233,204,206,126,207,170,205,149,211,130,172,230,224,237,188,221,187,230
"COG0718",40,89,71,73,68,56,85,87,89,91,83,84,72,63,73,65,37,67,76,79,91,64,32,77,54,55,71,64,77,60,52,75,83,52,69,38,64,81,71,56,55,65,54,57,65,69,75,63,83,58,69,83,65,72,87,73,71,71,76,65,71,75,72,93,73,85,70,74,56,80,71,76,74,66,80,67,94,49,80,61,74,59,99,68,91,46,64,32,111,55,68,66,47,79,83,71,85,71,85,70
"COG0719",716,685,803,784,787,766,870,904,760,765,690,944,919,786,727,846,375,933,753,862,889,677,618,742,768,901,841,946,829,897,559,860,900,748,738,762,602,899,860,866,738,778,558,827,698,842,657,729,850,963,922,825,999,765,944,958,955,841,641,959,732,718,844,864,1091,687,828,977,858,700,775,914,798,834,841,835,813,719,943,829,983,904,853,933,984,770,829,668,894,709,920,825,798,957,829,841,900,992,869,922
"COG0720",72,84,212,65,99,60,143,156,61,69,101,99,87,100,80,121,9,141,88,73,179,86,60,60,101,148,95,110,126,156,42,111,120,95,74,113,68,97,122,67,77,153,52,113,71,95,88,156,95,105,63,142,94,69,154,95,66,123,68,113,93,93,236,131,102,69,117,116,57,141,75,71,105,108,200,137,144,75,93,110,96,116,103,83,84,92,104,145,81,91,53,69,108,132,89,104,293,152,177,104
"COG0721",35,74,90,110,80,56,76,92,93,76,62,76,69,70,72,96,9,67,104,44,90,68,48,86,57,98,76,54,96,96,41,85,101,71,54,56,84,103,96,72,51,70,38,91,58,78,78,62,67,79,108,78,75,97,97,68,99,81,70,97,48,36,89,109,70,98,84,87,63,57,50,89,113,92,83,97,86,43,77,73,83,68,82,113,80,50,85,87,91,52,108,38,58,88,69,105,93,83,73,88
"COG0722",109,139,257,121,163,163,190,187,144,127,50,135,107,149,116,193,143,147,155,86,183,127,155,143,149,172,140,93,195,169,111,113,152,134,134,62,98,121,153,139,137,189,112,142,130,129,97,205,100,129,89,177,98,144,226,129,119,163,97,139,104,130,224,201,81,101,164,118,119,172,78,83,195,160,220,147,139,126,93,115,93,122,142,111,112,89,176,153,113,124,80,99,103,183,147,113,278,161,207,124
"COG0723",167,217,188,196,125,245,199,178,212,284,230,195,163,192,127,211,99,212,237,174,174,131,126,195,162,219,209,168,205,196,124,197,220,136,171,162,224,196,239,176,188,188,141,198,164,187,198,169,199,207,217,210,177,207,160,173,181,214,218,193,163,158,173,232,238,224,193,197,251,130,159,217,222,243,164,208,181,141,228,198,205,231,219,196,246,131,232,132,245,167,201,185,170,207,251,188,191,188,170,223
"COG0724",31,48,164,38,63,30,101,82,51,45,59,92,34,139,57,84,82,106,63,41,148,33,60,58,61,99,73,51,154,104,47,117,94,59,105,27,46,121,91,112,27,183,31,78,46,88,61,162,90,53,52,140,68,62,182,88,32,68,48,92,36,47,175,104,23,35,71,66,49,15,18,90,97,83,173,135,128,19,120,80,40,218,79,79,47,39,73,37,39,39,44,28,164,84,45,81,218,197,187,71
"COG0725",62,69,39,29,45,63,28,23,42,24,53,10,79,23,35,18,125,19,19,67,42,54,107,22,42,25,19,57,22,37,79,29,27,96,54,60,48,16,10,69,54,20,76,37,72,28,62,53,38,11,16,37,57,14,34,29,39,20,63,26,47,56,31,20,40,69,23,22,13,32,58,22,22,30,31,33,35,57,24,18,28,33,11,27,54,53,19,58,18,60,15,73,31,33,27,31,23,26,34,15
"COG0726",456,435,271,402,456,548,266,308,410,373,400,304,570,312,439,298,389,318,324,645,331,454,436,433,361,295,376,397,275,319,470,326,388,420,270,505,422,388,270,409,476,261,443,365,532,366,495,292,405,322,374,309,481,352,331,342,433,358,442,351,562,621,287,321,560,457,289,342,267,533,620,416,350,302,286,307,362,558,367,366,377,268,370,363,322,539,254,361,356,469,448,595,338,329,335,308,185,339,260,338
"COG0727",30,44,47,14,36,21,49,34,22,13,21,25,14,26,21,46,27,51,29,25,32,30,14,11,22,19,16,27,17,27,29,14,5,18,14,27,48,28,39,5,31,41,27,17,29,22,54,25,18,17,10,24,12,16,27,27,11,31,31,22,24,28,70,21,5,31,25,25,7,63,23,14,24,22,43,18,35,35,21,24,10,20,15,15,9,21,22,37,21,29,9,25,27,13,19,14,78,25,42,20
"COG0728",272,353,360,478,340,301,474,580,583,590,253,370,347,457,486,574,189,492,573,375,463,356,260,526,433,500,454,306,527,442,263,417,504,277,293,305,317,547,497,315,320,494,261,487,328,456,355,353,444,430,521,426,352,558,434,494,431,558,294,526,336,334,423,492,410,339,472,534,402,425,239,475,562,498,466,471,547,292,500,478,450,359,540,469,437,255,494,335,618,329,528,310,356,497,442,487,481,489,468,498
"COG0729",105,39,44,2,7,43,43,3,14,4,36,22,36,29,43,5,311,3,2,45,20,2,127,1,60,11,2,33,10,6,170,3,10,72,68,109,20,6,8,8,36,10,160,13,58,2,46,126,6,4,11,12,26,5,21,14,37,10,74,5,72,30,44,10,9,15,27,2,31,2,65,7,8,6,16,6,9,100,24,6,11,8,5,1,15,48,21,11,18,62,3,57,17,21,22,14,15,7,27,5
"COG0730",341,398,339,642,579,366,511,677,763,903,273,519,474,550,639,618,466,555,693,376,448,559,349,639,435,560,579,391,532,533,368,561,564,338,408,377,325,581,653,437,413,515,341,606,335,593,418,349,517,549,628,526,434,737,415,560,558,703,285,576,377,338,323,578,436,379,546,600,540,563,360,623,645,568,479,513,612,337,551,547,602,452,604,600,617,282,582,482,653,392,593,347,471,526,600,653,426,497,414,581
"COG0731",89,35,21,12,30,114,5,6,0,0,42,38,76,37,1,10,10,30,14,84,33,2,31,12,45,25,12,119,14,27,37,32,25,64,31,64,40,33,15,59,78,22,36,4,76,46,23,16,66,22,28,16,68,4,55,28,20,13,46,23,98,94,38,16,143,36,18,19,65,1,94,55,7,8,8,26,7,93,45,20,70,65,2,36,47,98,9,6,7,75,31,100,48,20,5,6,24,39,39,16
"COG0732",106,37,122,16,27,41,70,18,12,37,45,66,101,104,100,26,434,5,19,53,27,20,155,20,130,26,17,41,24,38,169,22,31,122,104,117,49,17,52,18,15,31,211,77,48,19,30,232,14,42,19,41,38,35,22,34,72,22,40,19,42,31,110,22,74,40,36,9,34,16,38,21,17,24,39,23,21,99,47,28,14,13,17,9,27,91,30,18,38,51,41,35,49,25,36,30,86,28,20,23
"COG0733",204,242,372,185,167,171,298,242,152,176,264,317,192,204,185,238,369,292,226,152,254,203,258,223,229,248,236,234,247,289,241,170,248,263,257,189,195,197,276,222,210,334,214,248,191,206,246,378,207,318,248,277,241,194,270,220,223,223,311,230,196,194,418,219,178,187,228,241,355,178,178,175,171,231,360,226,188,185,208,221,212,280,150,195,199,144,254,162,220,247,253,178,260,270,195,166,395,212,265,230
"COG0735",154,228,313,330,333,145,399,436,451,372,218,295,296,330,385,401,144,334,423,170,311,269,247,388,287,342,349,242,342,367,160,310,376,259,268,226,205,327,414,274,157,399,162,336,150,339,234,236,349,366,380,369,278,443,303,341,368,388,182,368,196,144,335,394,318,201,373,416,323,289,158,380,407,373,395,367,470,160,336,375,342,271,390,370,361,193,352,293,443,211,400,168,282,332,358,422,380,373,313,382
"COG0736",57,66,43,119,80,106,60,89,92,90,71,61,94,72,92,82,31,92,100,79,61,90,66,129,70,106,103,80,102,96,67,96,92,67,67,102,74,100,92,81,74,56,51,94,71,87,73,39,98,98,113,76,95,109,51,78,116,104,80,90,83,66,30,107,126,97,71,110,72,101,94,88,80,103,57,85,78,88,91,105,118,53,96,107,91,76,119,77,123,82,117,87,67,91,64,106,44,71,58,102
"COG0737",253,224,152,177,234,182,125,93,213,138,247,136,152,132,206,127,163,107,100,168,127,211,220,132,144,115,167,195,178,178,209,164,127,155,135,280,206,127,98,119,237,116,195,138,212,157,171,144,157,178,150,129,128,103,153,168,174,94,235,104,192,217,149,174,127,227,124,116,161,239,252,152,129,140,165,109,124,210,134,129,135,116,170,142,100,255,119,323,99,214,126,229,200,135,160,187,144,109,128,127
"COG0738",183,38,67,17,133,87,80,23,30,50,60,85,41,54,152,38,528,33,30,29,56,145,117,15,77,19,67,33,48,63,211,34,31,103,49,141,20,35,39,21,54,22,152,88,87,41,39,130,39,27,26,31,13,51,47,34,48,27,64,28,52,54,58,25,9,15,30,29,49,223,61,30,58,64,88,17,36,52,43,32,15,22,45,23,25,106,43,158,14,75,26,47,120,41,82,35,46,53,53,57
"COG0739",805,868,732,1015,1016,926,692,709,905,890,1099,896,744,829,1037,761,562,747,937,667,622,1066,674,928,696,761,964,759,845,965,696,900,933,781,782,1000,1015,811,766,658,801,602,824,1034,726,861,931,738,855,1062,992,926,758,971,681,885,1078,727,907,773,785,701,658,804,807,997,714,805,827,1088,781,835,832,888,692,829,754,746,901,860,854,619,939,906,722,777,844,1110,915,749,1032,773,1022,851,938,918,546,636,734,854
"COG0740",196,244,576,328,253,200,479,446,366,331,208,294,266,374,267,425,99,425,317,266,387,262,196,329,332,387,366,190,421,359,180,358,401,230,357,233,256,399,420,251,206,456,214,328,200,327,256,395,289,275,283,395,233,344,395,321,266,374,220,410,208,219,523,389,243,260,476,381,254,248,189,328,392,391,518,405,452,213,330,406,271,439,362,339,266,251,388,357,309,224,285,220,348,399,340,383,660,476,466,390
"COG0741",564,630,462,682,667,557,473,550,705,704,543,467,561,515,736,551,760,518,597,458,424,565,600,668,497,523,598,476,522,538,694,534,565,525,442,522,576,493,533,486,626,467,555,584,534,497,537,488,533,558,649,572,496,675,479,562,598,561,527,541,550,503,401,554,543,598,547,559,545,701,530,556,611,535,433,429,595,508,443,587,549,412,625,550,564,557,543,668,685,543,568,468,593,531,587,629,365,459,420,594
"COG0742",111,145,183,189,174,140,180,199,206,214,152,165,160,177,191,215,106,198,234,143,199,202,139,221,143,193,180,149,200,212,121,191,209,146,162,122,162,202,171,168,144,174,113,213,149,190,157,162,185,220,235,166,155,223,176,198,202,242,130,190,115,144,182,230,188,155,194,209,125,198,124,193,213,210,199,185,214,120,188,202,188,101,191,188,159,109,210,190,194,152,259,124,187,201,149,229,199,219,181,206
"COG0743",194,341,368,305,274,277,385,411,376,368,303,251,254,288,288,316,150,325,406,264,331,207,215,276,278,347,301,238,359,323,206,257,374,265,293,206,339,309,324,264,296,341,188,378,269,259,358,297,269,392,336,323,289,394,349,280,350,340,312,326,271,254,415,317,326,364,298,317,243,299,268,301,347,292,326,249,325,227,283,295,335,227,330,285,305,200,300,248,410,299,356,256,239,375,232,254,468,343,339,290
"COG0744",253,191,368,123,121,214,377,365,168,138,179,173,177,225,188,277,348,312,183,184,243,174,248,180,246,210,191,156,215,235,305,184,127,295,257,317,177,214,278,157,200,345,402,203,204,203,160,275,154,178,134,234,177,150,238,276,193,299,183,271,208,168,378,177,149,205,325,269,177,125,202,193,195,239,405,278,267,233,215,274,148,225,187,184,147,213,292,165,216,261,194,177,205,179,165,291,364,294,290,269
"COG0745",829,663,1151,743,780,671,1121,992,1129,935,648,741,724,1063,1095,1033,2078,784,904,567,933,818,971,747,981,771,751,696,981,812,1454,830,825,929,1004,1027,628,941,913,654,544,1011,1321,820,657,796,647,1278,848,776,799,879,691,871,855,1010,818,933,670,891,602,551,1002,1004,607,604,921,853,712,857,607,830,1016,810,1089,809,1041,696,629,851,815,642,1033,731,716,727,895,900,1034,602,721,555,875,913,926,1183,1022,955,815,802
"COG0746",95,184,51,141,156,122,67,58,90,62,190,84,112,83,122,57,33,84,39,104,73,187,97,143,64,69,104,118,70,43,59,86,81,71,61,81,148,86,48,102,125,55,86,65,119,95,181,52,76,25,91,53,135,39,95,89,69,70,144,74,113,103,41,66,101,177,64,81,85,300,116,93,77,64,49,113,80,103,106,117,92,87,45,104,68,82,103,89,50,85,35,108,64,43,75,108,15,75,54,61
"COG0747",799,819,707,702,731,798,733,636,647,359,818,627,992,612,511,697,390,669,669,1103,802,792,1063,633,735,665,613,1037,575,666,773,712,632,889,823,794,736,663,634,1113,884,794,1065,600,1044,703,798,610,731,497,576,687,1015,638,685,693,654,657,859,654,938,986,685,606,698,750,622,594,593,382,1067,658,647,693,783,819,733,1080,693,617,692,821,609,595,705,1061,659,728,495,840,534,1083,703,698,665,829,686,632,683,666
"COG0748",4,11,36,20,15,13,17,20,21,9,8,78,30,26,10,4,17,23,22,15,21,28,31,27,28,48,56,9,6,62,18,21,53,55,30,11,6,18,31,14,12,15,16,48,19,28,10,61,18,69,74,84,20,33,45,19,77,24,17,26,17,26,76,12,25,13,51,20,27,51,16,21,19,73,24,28,20,18,43,46,16,40,11,21,14,22,28,8,9,36,86,29,101,76,13,25,58,62,44,74
"COG0749",681,840,1023,1805,966,734,1388,1348,1387,1368,765,1151,943,1139,1282,1271,649,1336,1138,881,1130,988,755,1875,1300,1553,1541,724,1310,1096,618,1024,1077,779,1514,779,920,1155,1278,1218,801,1791,662,1301,751,1057,970,853,991,1310,1198,1142,968,1111,986,1163,1168,1614,785,1331,763,779,1053,1157,954,1019,2457,1477,959,895,749,1114,1245,1278,1178,1763,1306,764,1038,1668,1336,1098,1402,1228,1193,685,1477,1420,1623,796,1311,739,1058,1159,1240,1564,1255,1153,1091,1275
"COG0750",565,445,414,402,367,622,385,412,405,490,512,489,488,428,397,438,227,466,454,577,463,360,349,409,486,471,442,576,445,479,372,464,509,443,408,482,459,455,417,456,563,399,334,451,515,568,487,400,536,538,514,516,561,445,476,502,448,427,523,415,555,543,419,481,638,488,371,429,594,325,578,527,384,422,382,366,389,502,476,393,562,431,472,454,555,533,435,393,447,566,490,632,450,501,493,405,463,430,499,490
"COG0751",299,369,410,473,345,334,586,631,539,409,253,331,314,377,458,522,291,556,441,349,389,304,260,484,398,443,383,239,417,386,306,353,405,246,310,329,350,430,480,273,311,567,298,349,318,318,356,371,349,329,395,369,288,403,406,461,310,602,294,504,334,338,440,424,383,414,510,578,261,401,293,420,473,348,552,428,584,271,348,515,394,342,428,413,347,233,498,240,528,329,418,279,315,452,321,493,492,464,404,411
"COG0752",162,183,183,204,191,156,233,210,233,258,98,128,156,165,177,219,151,193,198,167,177,151,126,218,168,184,165,115,175,153,139,155,194,138,128,126,155,188,214,144,143,229,131,160,136,149,201,163,155,171,144,164,139,199,197,191,136,203,113,218,142,141,201,188,141,209,186,224,168,180,141,194,200,165,203,171,237,143,152,193,152,170,174,203,187,100,190,118,204,122,143,146,145,203,206,253,222,187,160,199
"COG0753",97,18,28,1,6,53,32,2,2,1,33,43,30,48,65,2,298,1,2,26,11,3,64,4,87,2,1,34,3,1,216,2,10,67,65,119,13,3,3,5,24,1,195,9,62,3,5,99,11,1,14,3,15,4,12,5,26,1,33,2,61,29,16,2,1,14,39,0,71,0,67,0,4,8,10,1,6,50,12,4,3,3,2,0,8,109,13,2,11,66,3,50,7,40,14,5,8,18,20,0
"COG0754",12,5,10,1,0,5,4,6,1,1,10,8,11,4,9,2,104,2,3,6,8,2,33,1,22,6,0,3,4,0,47,2,1,36,17,3,4,3,0,20,5,5,35,5,18,2,6,33,4,1,1,5,4,1,4,3,6,3,9,4,4,8,8,4,1,1,5,2,11,0,7,2,1,2,4,3,1,12,5,1,1,6,7,3,2,8,4,1,1,4,1,6,4,2,7,2,2,10,6,3
"COG0755",255,296,346,345,402,236,355,364,385,515,267,355,261,353,317,377,121,369,383,262,323,435,245,364,252,337,376,290,390,377,203,408,376,291,308,294,259,415,355,310,231,367,184,387,238,387,264,297,372,384,383,334,308,408,341,378,367,382,271,359,289,274,372,341,288,264,348,422,330,423,233,372,386,401,396,291,396,217,359,318,392,307,406,370,351,247,360,367,399,288,375,254,386,359,368,402,403,411,356,396
"COG0756",94,99,68,159,168,73,88,93,126,185,90,146,116,134,163,130,22,132,184,111,83,134,64,150,113,139,150,124,147,124,59,163,140,74,141,86,89,142,139,92,79,118,61,137,83,168,106,51,127,140,145,137,104,161,110,105,125,144,99,144,90,87,88,143,138,94,164,128,159,141,87,107,127,133,85,129,131,81,166,157,171,144,160,169,155,79,163,199,170,89,201,90,125,115,181,148,71,113,80,152
"COG0757",131,156,145,160,139,163,178,174,148,174,126,134,116,161,130,171,66,161,164,119,158,128,93,147,116,149,161,133,164,149,93,134,184,114,111,132,141,136,151,135,153,119,114,170,153,136,171,156,151,181,176,146,141,180,143,147,184,163,130,159,112,99,145,174,138,152,145,159,123,168,130,148,174,159,140,125,161,94,140,152,151,114,162,154,148,101,155,161,189,122,183,107,160,149,154,174,166,169,143,143
"COG0758",87,109,106,35,57,50,34,3,68,53,175,28,51,32,66,19,136,15,15,80,25,54,111,49,90,12,23,34,14,41,128,17,8,80,63,124,191,19,27,23,54,33,123,16,71,18,138,71,13,12,9,32,31,20,14,32,10,15,103,14,35,39,37,3,18,112,16,14,10,82,44,16,21,10,23,33,12,76,9,21,7,20,16,12,14,68,28,73,7,48,9,52,34,15,29,44,18,18,20,17
"COG0759",39,40,77,58,63,50,106,94,80,57,87,46,54,59,56,82,27,77,72,43,67,50,35,51,61,76,72,44,68,66,32,68,70,46,59,56,65,82,88,54,47,83,29,83,42,68,50,57,47,97,78,59,57,91,77,73,74,82,41,83,40,32,68,75,69,79,80,87,63,79,32,83,65,55,85,55,89,43,52,65,65,63,61,63,66,40,61,53,93,44,79,38,61,87,49,63,105,74,75,78
"COG0760",358,431,423,378,492,375,276,286,381,369,543,372,343,323,413,281,368,296,350,293,301,656,427,309,284,282,387,354,385,401,380,380,332,473,301,322,416,328,272,343,410,268,382,434,379,363,405,357,382,445,566,585,459,611,480,473,674,357,672,441,496,520,586,473,479,693,399,475,567,894,494,464,550,635,468,387,404,517,480,395,458,350,572,520,350,541,525,957,434,529,466,496,749,485,630,516,525,453,502,523
"COG0761",192,281,358,351,280,226,372,388,337,341,232,320,279,320,318,354,152,361,398,253,353,209,192,354,264,397,341,233,381,351,171,326,341,258,272,205,290,334,378,248,216,398,203,366,223,308,291,291,315,369,311,382,261,373,332,359,333,386,253,382,235,215,359,369,281,301,314,357,308,274,219,302,396,361,390,330,350,204,292,364,356,308,401,323,325,203,311,236,342,224,316,258,288,386,358,330,371,366,340,362
"COG0762",63,63,120,92,86,65,126,120,105,128,42,88,50,100,92,112,58,106,120,63,94,103,52,109,85,99,88,77,110,103,58,100,87,47,81,55,59,118,113,70,59,110,66,93,64,86,57,99,77,87,82,104,55,113,103,93,79,100,52,101,55,52,105,117,65,57,116,122,78,81,58,90,110,72,110,98,120,56,84,121,71,78,112,98,75,33,115,57,108,54,90,57,90,97,90,118,115,131,115,105
"COG0763",207,282,359,319,313,229,344,383,338,375,280,332,210,295,369,356,109,375,387,212,359,228,194,337,267,364,366,208,345,325,190,312,351,219,226,221,280,368,327,233,259,325,167,389,227,303,305,281,305,431,408,348,237,373,300,320,394,351,320,333,244,229,336,360,297,341,303,321,236,341,213,294,393,378,366,309,416,200,305,357,311,222,385,362,254,196,317,397,403,225,348,223,305,343,216,331,404,331,348,312
"COG0764",249,375,270,285,366,259,269,317,335,344,384,314,277,320,348,320,108,307,374,251,280,313,203,307,261,315,326,308,311,302,220,328,323,252,214,220,406,302,304,212,355,243,206,383,270,324,370,209,336,363,366,277,274,395,295,295,306,279,311,280,299,306,252,313,270,421,289,314,391,383,253,310,357,323,262,231,310,219,279,289,313,263,370,301,330,237,293,291,382,288,387,295,287,298,354,315,295,294,265,315
"COG0765",292,399,255,532,444,343,350,400,470,417,246,438,334,423,415,409,66,417,381,347,346,352,264,515,322,462,484,373,372,414,192,524,602,225,323,282,348,460,465,443,399,347,285,364,357,511,358,245,500,436,496,423,476,345,409,454,426,481,261,479,339,392,333,414,335,401,396,437,509,334,344,475,367,462,264,440,475,307,646,499,526,457,429,576,518,303,485,337,526,388,601,347,320,457,410,411,354,418,400,472
"COG0766",287,358,409,469,376,272,490,537,459,501,304,445,346,466,430,502,158,524,571,303,406,315,253,477,429,472,531,288,458,434,242,481,548,279,321,319,332,519,535,308,308,489,224,504,284,449,374,352,446,518,521,445,346,542,511,507,465,554,305,512,278,279,387,512,380,356,435,485,495,374,235,487,520,459,492,458,502,212,456,461,443,415,483,471,473,291,507,395,538,322,495,268,378,468,481,395,421,447,497,492
"COG0767",65,63,209,65,97,40,138,104,100,88,31,83,61,106,125,131,135,99,102,47,112,124,107,64,86,82,124,39,85,117,110,94,80,114,105,95,36,87,137,63,35,101,124,115,33,84,39,176,52,62,55,113,70,94,108,85,51,95,42,95,32,28,219,95,41,37,111,87,68,77,48,86,90,133,181,70,105,65,68,92,43,79,78,61,38,58,77,137,50,67,44,44,102,128,100,129,214,104,133,109
"COG0768",759,1047,1129,1191,1182,798,1115,1306,1329,1601,966,1133,855,1243,1270,1264,457,1281,1355,829,1057,1124,669,1190,1007,1209,1285,832,1387,1262,647,1259,1377,771,819,821,1037,1272,1243,850,911,1211,645,1317,814,1211,1013,983,1120,1365,1344,1159,953,1479,1190,1290,1202,1264,830,1292,829,838,1053,1397,1032,1118,1129,1342,1034,1170,807,1209,1362,1339,1199,1097,1301,735,1131,1230,1264,870,1306,1235,1073,730,1322,1258,1502,894,1444,776,1128,1325,1328,1348,1186,1133,1182,1333
"COG0769",325,473,457,589,584,344,597,684,602,599,686,496,357,551,552,588,207,635,664,411,508,516,267,622,477,624,644,337,580,589,268,521,560,336,400,433,601,538,652,362,351,525,339,607,323,487,453,401,452,619,680,522,416,695,455,540,556,650,549,630,346,342,512,607,470,618,602,604,358,570,362,514,567,580,567,478,621,297,527,645,527,339,602,585,466,295,576,553,772,346,712,375,522,575,440,616,604,554,483,586
"COG0770",229,270,408,271,314,249,319,379,276,466,282,277,191,285,331,297,171,264,282,202,287,324,222,290,284,290,316,193,367,357,214,356,304,249,229,243,250,299,333,215,241,329,241,374,242,280,234,310,265,345,297,342,223,315,297,302,318,335,248,288,183,221,426,324,219,232,305,331,197,295,217,252,317,357,346,272,338,197,259,309,241,228,331,306,204,240,328,475,269,240,323,210,331,289,292,341,412,248,307,363
"COG0771",255,321,436,397,397,296,536,587,469,478,305,368,260,372,443,493,160,494,497,278,417,416,221,454,366,434,429,229,489,419,200,360,438,297,316,268,330,418,496,311,296,491,233,426,229,433,355,361,321,486,471,379,287,484,434,396,460,496,291,471,260,250,377,478,365,344,444,448,228,487,254,405,465,463,510,373,494,215,330,505,376,257,457,394,337,211,487,476,569,289,481,228,347,454,317,426,495,432,427,427
"COG0772",481,626,826,769,743,568,779,858,842,1069,617,695,524,783,795,868,309,813,892,547,719,773,440,895,732,814,853,525,896,799,414,741,830,462,522,557,623,832,835,575,562,753,443,836,497,783,650,693,690,895,864,816,564,961,716,814,768,850,580,828,510,542,764,855,664,652,768,829,642,798,504,760,858,851,805,731,837,455,726,811,784,510,823,807,734,476,884,721,955,536,845,501,714,870,703,901,859,821,774,822
"COG0773",388,493,566,629,671,419,524,680,638,738,454,568,419,558,686,604,336,546,718,411,490,698,367,609,452,594,616,373,710,635,382,575,568,456,362,411,484,553,584,392,445,513,346,714,447,573,465,459,489,682,678,553,433,742,516,523,541,628,491,519,405,457,499,606,432,483,575,582,446,688,388,557,623,627,544,557,573,368,483,571,523,329,625,528,416,371,627,712,698,428,640,407,601,576,587,644,589,511,504,632
"COG0774",213,272,338,302,321,268,298,324,342,306,300,325,280,341,377,347,116,315,440,255,331,386,200,326,247,348,347,207,340,353,182,311,320,249,215,203,272,355,304,222,285,302,173,350,239,344,344,268,320,453,339,342,240,410,289,324,343,314,303,314,229,242,326,353,251,303,312,341,270,326,215,344,341,340,308,268,339,238,300,319,272,266,337,337,262,205,334,375,359,254,318,221,299,364,363,310,350,318,321,348
"COG0775",95,92,100,102,109,90,87,53,85,58,80,98,78,81,108,60,322,63,48,83,45,142,100,92,124,83,102,76,68,77,167,74,69,101,99,84,79,71,62,65,80,64,162,77,116,75,97,142,75,70,51,87,55,49,72,54,96,74,110,75,79,94,69,81,36,81,91,59,94,85,101,54,67,82,76,107,60,85,81,95,63,57,45,73,46,98,89,154,54,93,65,94,113,73,92,95,62,74,99,68
"COG0776",149,242,174,226,244,186,195,237,247,240,183,184,211,205,297,214,171,218,289,184,164,228,203,205,211,214,243,177,216,210,169,206,224,177,151,154,230,230,208,181,206,159,166,300,188,238,253,175,190,238,250,198,204,305,163,209,233,230,170,214,202,168,169,262,259,243,213,218,239,263,177,218,249,252,202,179,239,183,215,229,241,185,267,231,222,182,226,240,271,193,229,164,199,209,223,219,204,196,196,219
"COG0777",222,348,333,281,265,270,317,339,342,329,258,277,278,264,318,343,117,341,331,310,271,313,250,307,285,321,343,279,300,301,194,310,326,230,217,202,336,322,334,266,294,347,216,342,302,282,335,236,289,340,320,323,273,377,272,299,308,322,295,306,285,309,324,293,311,339,319,369,289,324,251,293,314,289,335,248,341,287,283,324,279,289,323,279,294,272,334,279,337,277,257,297,281,301,363,300,377,264,300,329
"COG0778",247,199,235,175,242,201,160,159,167,151,230,276,219,237,173,140,163,171,211,238,229,290,240,170,196,218,220,231,217,285,248,246,234,294,213,264,236,168,233,311,205,156,287,263,244,264,213,219,246,280,327,390,344,286,355,267,426,251,370,256,344,353,380,301,469,281,257,244,383,391,355,331,287,360,274,255,211,416,350,250,397,360,232,284,362,398,280,419,228,403,494,365,421,319,274,287,381,292,323,339
"COG0779",56,55,113,88,90,77,80,101,86,47,81,51,45,71,79,86,74,80,81,57,73,94,71,82,78,94,75,48,121,80,70,63,87,76,56,69,88,73,79,64,71,75,65,70,61,51,64,101,61,71,60,88,49,76,79,80,47,77,58,85,50,65,109,77,45,62,70,83,89,47,67,53,96,94,94,90,104,52,61,69,61,56,67,66,53,51,104,99,66,74,85,49,71,83,80,96,116,102,93,76
"COG0780",65,61,122,47,43,63,106,78,76,68,43,77,68,66,64,68,95,89,66,69,77,40,91,50,69,102,62,80,92,101,96,71,72,90,78,69,55,66,78,62,62,79,88,108,84,69,67,137,60,93,63,81,74,58,85,84,106,69,83,60,81,73,104,71,69,65,82,69,91,55,63,67,75,80,115,84,78,77,71,62,57,60,77,67,54,63,70,88,62,69,71,68,92,90,64,77,130,88,101,70
"COG0781",98,129,174,121,148,92,160,143,149,133,121,139,97,125,176,145,44,156,151,112,136,157,103,133,158,136,147,107,186,198,75,134,151,112,110,111,142,150,141,114,100,138,84,172,102,158,113,136,113,161,142,145,111,138,181,132,146,142,120,121,91,111,177,160,121,121,112,152,89,188,108,126,128,149,166,136,136,87,129,138,130,90,164,131,141,97,170,195,135,95,158,99,138,162,110,204,172,146,168,141
"COG0782",159,156,111,171,158,130,120,140,168,226,146,153,168,145,179,176,176,168,197,176,139,207,174,189,164,144,187,137,168,152,193,172,166,159,155,145,150,125,133,164,160,115,193,182,147,175,140,113,172,207,198,156,145,189,140,154,205,131,150,151,148,162,102,142,185,150,139,160,160,223,151,153,184,151,116,116,150,157,129,152,187,124,191,166,197,151,139,179,175,155,197,149,158,142,189,148,91,108,115,152
"COG0783",39,11,40,2,10,9,23,1,10,4,9,16,16,9,27,6,141,0,1,12,4,5,49,2,41,2,6,15,10,11,82,3,3,37,28,42,10,3,14,5,8,14,82,16,19,7,2,41,4,6,9,6,11,8,9,15,12,2,18,3,25,10,26,9,4,7,18,10,21,26,21,7,7,8,11,6,4,29,5,6,2,8,3,2,6,31,11,16,3,23,0,12,9,6,10,17,4,18,11,5
"COG0784",1451,540,1112,106,333,673,623,135,269,182,701,557,498,644,1320,149,4919,86,168,469,356,240,1713,122,1435,163,114,421,114,245,3114,88,110,1381,1022,775,495,90,230,248,363,105,2467,241,771,111,369,1821,182,152,198,244,339,182,315,351,433,171,794,155,439,590,721,99,181,454,370,102,840,401,562,113,178,235,364,133,139,1081,275,166,80,259,107,88,214,805,210,334,204,582,148,496,609,282,467,233,286,382,344,90
"COG0785",91,110,153,131,137,86,168,191,194,147,108,117,191,163,143,169,9,181,181,124,154,84,77,154,146,206,158,129,169,174,79,160,174,105,135,169,139,181,187,151,80,172,91,151,86,158,117,115,170,147,156,173,202,147,168,179,160,194,98,176,91,92,178,197,343,149,177,205,184,70,83,150,174,160,142,170,198,86,161,178,225,116,164,169,273,71,175,99,229,102,150,97,111,173,94,170,196,180,184,181
"COG0786",12,18,150,5,1,0,196,145,41,8,59,36,10,38,26,128,11,107,62,17,118,1,27,3,53,70,52,6,77,80,23,56,83,21,55,27,26,71,122,29,3,174,22,60,3,35,22,147,13,31,8,49,12,31,122,56,8,105,19,82,15,2,192,76,1,22,117,94,7,1,2,32,89,55,178,57,103,11,41,47,4,55,51,13,13,5,65,22,61,16,7,2,12,71,16,31,303,127,123,74
"COG0787",141,197,324,217,254,180,258,262,229,209,216,205,144,200,206,304,170,224,235,160,238,256,149,201,189,227,258,129,308,282,164,227,179,219,167,210,219,233,270,173,169,272,159,292,165,212,205,289,178,255,218,265,140,278,249,226,200,232,203,265,162,158,364,270,121,202,224,224,165,200,154,192,272,271,301,257,257,157,179,263,182,182,235,194,133,173,302,364,229,174,230,172,250,229,255,235,348,223,275,283
"COG0788",93,40,140,53,45,90,149,122,58,58,32,63,71,93,81,129,145,89,81,79,142,76,52,68,104,97,61,81,131,61,98,65,72,89,88,135,13,83,94,72,46,117,119,53,60,66,33,163,58,43,34,70,75,98,141,84,51,81,50,95,82,76,142,127,100,14,91,98,50,110,83,63,101,74,159,97,71,85,53,70,65,64,84,51,78,89,102,55,68,81,14,73,39,108,64,88,174,118,135,58
"COG0789",233,164,188,165,174,177,190,140,169,169,191,182,183,194,238,134,596,126,136,189,166,185,280,156,222,156,184,160,160,179,441,167,143,258,297,256,168,149,173,163,155,112,495,168,208,162,170,294,156,159,190,142,174,143,141,184,235,173,216,179,188,171,164,165,173,177,174,134,224,137,216,174,140,186,138,169,141,240,162,171,202,132,162,196,194,174,205,234,164,203,219,180,199,181,173,199,106,140,122,170
"COG0790",248,376,212,100,154,298,139,67,146,97,288,100,280,138,129,127,246,107,90,273,177,324,568,99,161,100,95,169,116,124,279,137,134,526,219,230,269,130,116,290,295,146,348,101,290,144,295,211,161,57,52,160,223,104,121,105,113,63,308,140,312,271,185,99,135,270,121,114,111,256,221,157,117,110,136,130,193,295,138,113,69,261,118,149,84,254,103,134,53,290,67,231,173,138,115,119,86,204,130,80
"COG0791",110,87,224,180,168,79,207,233,180,195,71,167,82,161,181,206,14,191,162,86,166,141,71,189,149,200,189,83,171,213,57,193,177,74,193,131,100,181,204,103,84,175,119,194,61,172,84,153,134,203,125,110,79,127,107,154,79,169,52,138,60,61,127,139,78,73,187,165,77,130,49,109,127,100,125,152,139,49,86,163,128,80,126,103,109,77,126,104,147,67,177,54,117,140,54,138,182,120,140,127
"COG0792",29,26,16,3,18,11,6,1,14,11,26,5,11,7,17,2,42,1,1,29,6,18,18,7,24,2,7,8,1,5,48,5,1,27,10,24,42,2,3,9,12,4,44,4,19,3,25,24,3,1,2,4,10,2,3,2,8,6,24,2,24,10,7,4,3,24,9,5,5,14,18,5,0,4,7,2,2,28,2,5,0,1,4,0,3,23,7,31,2,21,2,19,11,1,16,13,9,4,2,3
"COG0793",624,722,1010,655,758,573,825,736,653,637,685,645,640,659,719,780,710,731,759,593,699,760,722,648,752,708,738,589,726,788,580,679,723,805,625,675,671,697,766,583,683,779,531,851,619,673,684,857,611,771,723,754,578,755,711,702,729,700,678,664,647,651,976,738,514,654,774,700,612,829,589,634,705,717,782,605,747,618,653,602,611,597,742,642,610,730,701,931,682,645,627,628,745,724,726,650,1036,740,761,742
"COG0794",180,245,189,322,301,213,191,268,336,369,228,244,252,290,292,298,136,257,359,157,194,302,170,304,190,244,298,186,309,266,167,218,293,181,175,152,236,287,243,184,203,224,148,292,187,238,254,177,245,340,315,251,189,377,231,259,279,259,192,223,195,219,145,298,229,251,224,266,259,363,176,288,281,292,186,190,274,186,229,239,271,205,351,266,245,213,238,298,331,207,291,206,266,237,317,287,155,235,212,300
"COG0795",417,512,528,464,597,455,541,542,703,894,519,466,451,537,636,548,266,563,623,419,510,628,403,513,385,577,569,421,610,553,370,583,606,418,383,440,507,558,498,358,446,463,332,593,438,573,496,488,527,682,593,550,410,631,522,523,638,552,439,554,442,458,502,632,519,544,519,502,333,724,440,576,639,542,497,392,625,347,483,495,514,310,615,558,352,396,480,671,707,442,650,390,523,579,455,512,557,554,465,528
"COG0796",131,75,168,45,90,137,101,96,40,30,105,58,64,64,60,86,16,76,53,115,95,85,60,42,107,61,80,88,70,89,95,83,71,69,75,163,75,73,83,52,102,110,79,81,119,85,78,122,69,44,37,90,90,46,90,68,50,73,109,63,120,117,157,77,130,76,63,68,46,67,137,61,64,79,138,78,88,128,76,76,85,69,46,41,65,117,72,105,37,123,33,126,97,105,32,97,220,107,138,81
"COG0797",74,62,64,72,16,57,42,23,68,39,74,41,69,46,75,45,96,57,47,44,47,30,84,51,38,47,41,66,42,38,83,60,44,71,52,61,77,30,38,78,42,41,87,33,61,50,75,74,66,52,47,77,63,38,50,66,78,40,81,39,59,50,40,40,68,56,37,35,47,31,54,50,48,31,41,61,35,71,38,55,39,43,53,62,44,49,48,36,37,50,53,52,54,49,48,89,35,37,45,37
"COG0798",57,26,63,9,15,41,33,4,50,13,92,6,37,51,23,19,132,12,5,41,42,5,89,13,39,12,8,47,100,11,111,13,15,64,64,91,68,27,12,29,21,18,120,10,36,17,24,83,23,2,6,16,32,16,19,46,34,12,71,11,33,25,40,76,31,63,15,13,24,1,33,34,22,12,34,9,21,76,10,9,21,10,56,10,34,68,18,39,12,56,6,41,14,31,32,75,16,10,20,7
"COG0799",90,99,110,138,131,82,131,150,130,121,86,104,102,140,135,129,43,140,142,124,96,124,85,130,97,138,116,104,149,129,89,120,130,84,86,76,93,131,144,104,104,145,79,122,105,120,111,77,127,161,144,122,102,140,113,124,141,144,91,144,118,91,96,138,117,101,116,149,93,100,89,135,138,127,129,120,142,111,129,132,137,74,120,123,108,115,139,140,190,86,124,99,121,154,149,136,107,138,132,115
"COG0800",55,60,150,78,92,51,108,108,92,46,78,58,56,60,105,101,157,91,77,51,88,105,75,65,92,64,68,50,89,89,98,72,66,104,67,71,54,53,79,44,37,85,90,95,58,62,61,100,47,57,31,78,50,55,85,61,42,78,92,77,35,43,140,75,21,47,99,87,32,91,55,48,82,84,145,111,91,47,48,89,35,87,70,39,26,53,108,121,28,61,22,46,48,68,68,87,178,108,97,86
"COG0801",121,145,180,156,204,133,168,191,177,232,147,158,127,170,203,172,139,178,240,129,184,278,133,181,127,169,170,132,223,209,126,200,164,117,144,137,159,191,171,163,148,127,120,184,124,190,147,199,164,209,170,170,156,225,163,153,179,177,155,174,121,140,154,215,128,158,159,182,119,260,103,175,233,161,161,150,186,131,147,175,163,100,216,171,164,135,199,205,222,140,201,117,179,190,156,187,159,158,202,179
"COG0802",116,120,138,138,149,111,158,177,189,149,112,138,132,146,164,153,77,158,174,130,134,159,103,158,133,166,159,133,172,164,103,142,159,114,111,103,133,153,172,123,116,128,106,135,114,177,122,116,132,171,163,122,132,197,149,171,163,182,112,153,105,105,133,186,139,102,147,161,114,160,113,140,181,164,148,117,165,99,143,147,167,99,165,174,145,90,177,153,179,102,182,113,140,148,123,177,167,143,163,152
"COG0803",41,64,424,95,123,39,380,249,93,22,112,137,149,163,63,314,23,267,167,90,294,186,165,107,155,214,159,159,163,198,38,154,235,208,239,103,97,185,290,223,45,278,69,148,51,168,79,288,154,131,103,222,175,100,226,230,108,191,71,221,49,76,391,141,168,86,227,222,179,138,51,146,172,186,390,206,243,44,117,177,156,261,101,113,219,43,196,106,147,93,108,71,157,224,77,179,523,270,288,183
"COG0804",142,111,159,115,11,203,315,277,166,82,64,46,55,144,51,286,60,232,168,182,230,11,65,100,181,193,46,92,213,66,108,152,97,91,146,148,86,161,232,141,136,346,105,31,119,114,106,169,108,18,54,84,89,169,210,165,20,257,119,210,118,123,107,143,50,111,201,231,61,8,146,133,182,97,347,194,259,183,83,145,83,204,152,143,118,129,147,46,149,114,13,127,52,213,136,191,164,239,224,131
"COG0805",236,259,256,270,315,270,326,356,261,307,201,268,271,279,253,306,142,289,318,251,310,271,207,295,246,298,268,298,319,308,163,295,308,231,243,247,236,309,307,266,294,308,188,294,224,302,242,194,260,307,319,305,285,320,295,280,279,303,236,287,274,251,285,286,305,263,305,312,268,274,251,334,270,300,275,276,341,217,289,285,326,252,318,325,280,223,304,286,359,278,308,256,280,304,274,322,281,336,331,288
"COG0806",90,82,138,86,151,98,98,129,104,60,74,88,75,82,110,116,52,97,106,85,119,137,85,101,83,80,131,87,115,133,83,106,100,87,93,72,89,95,118,117,94,101,73,111,90,82,82,142,89,87,93,112,87,137,119,72,113,90,99,93,83,111,122,128,66,95,79,103,77,146,80,73,136,102,151,103,123,74,86,105,83,93,105,74,80,87,76,144,67,80,69,89,123,126,88,107,155,101,147,121
"COG0807",218,235,465,444,332,219,484,552,462,389,171,414,316,414,378,503,255,474,517,267,475,288,286,411,318,507,467,289,441,462,270,482,429,346,353,279,213,470,500,388,274,512,243,486,268,418,299,367,391,508,472,483,331,474,426,428,392,496,233,464,255,270,452,549,308,230,447,466,382,225,232,429,455,457,486,421,486,211,357,477,432,409,507,471,378,239,474,349,462,325,447,235,404,401,431,401,526,483,487,489
"COG0809",189,255,318,180,245,195,301,271,174,228,261,252,174,220,216,258,160,266,226,160,269,232,208,182,255,267,253,201,263,284,178,269,211,249,179,185,219,215,266,207,222,299,175,277,209,222,217,302,179,258,231,251,196,170,261,233,231,237,212,248,196,179,321,275,178,206,253,229,233,225,204,202,244,280,310,232,281,183,201,227,211,197,223,217,208,191,245,343,223,206,220,167,264,222,244,253,365,209,320,270
"COG0810",127,122,131,84,162,102,100,117,100,159,94,102,106,95,161,106,425,66,143,67,83,186,198,83,111,120,119,98,126,123,222,144,110,161,105,52,61,88,91,63,109,78,157,160,133,104,74,143,95,179,91,87,50,139,71,37,100,54,91,40,70,66,74,88,47,42,62,53,133,84,50,59,91,97,70,40,65,62,52,51,69,58,73,67,49,62,67,89,66,55,86,49,71,58,93,51,87,67,81,73
"COG0811",367,316,426,369,494,315,329,394,398,512,292,461,351,378,509,377,574,340,499,303,328,494,426,425,368,429,495,310,434,492,427,414,420,487,360,255,258,399,355,285,327,307,372,571,339,418,294,402,360,476,460,475,304,549,334,348,443,350,287,315,322,332,322,419,252,281,344,360,511,501,320,369,434,509,341,289,344,306,341,322,352,343,439,404,319,287,449,515,396,301,431,287,444,387,511,393,357,354,373,410
"COG0812",199,253,296,309,303,207,290,328,349,400,231,276,256,327,345,324,122,307,335,204,256,270,174,330,239,320,323,214,336,337,201,339,327,212,213,233,245,297,309,237,250,267,177,371,249,317,242,236,291,313,375,293,200,379,340,311,328,316,222,335,223,217,305,350,252,283,290,342,264,283,187,297,340,360,253,300,329,198,254,306,306,220,340,300,221,176,328,311,314,213,313,202,283,325,286,365,330,287,293,345
"COG0813",8,0,12,19,14,2,4,9,12,15,1,16,8,13,21,5,11,9,0,4,6,17,14,22,7,13,12,4,9,10,11,14,20,7,17,4,1,10,14,10,1,6,8,13,3,20,2,5,4,16,5,10,5,6,10,7,13,6,2,9,2,2,5,4,9,0,13,5,10,3,1,8,4,18,6,23,9,0,15,11,10,5,7,6,17,9,13,16,3,1,6,0,10,11,7,8,10,5,6,11
"COG0814",17,0,3,0,6,3,2,0,7,12,8,6,0,5,38,1,21,8,1,4,9,18,47,4,8,0,5,0,1,10,22,6,4,3,11,2,5,14,0,10,0,2,4,4,0,10,5,6,8,2,1,15,4,4,10,4,6,2,7,3,0,5,1,0,0,7,4,9,0,5,0,13,6,2,3,12,12,3,11,5,0,45,0,12,2,5,1,2,2,7,0,0,28,7,2,1,3,24,15,2
"COG0815",323,402,417,506,404,346,517,567,578,632,385,422,338,478,516,552,214,588,563,362,440,439,297,559,419,528,568,342,523,487,329,451,517,337,417,426,413,537,535,334,334,517,324,511,360,500,458,429,435,558,523,463,367,542,457,536,504,557,401,534,392,358,411,534,429,442,496,526,378,388,325,462,566,517,501,432,550,358,445,553,477,323,527,491,405,334,550,390,604,391,618,378,343,526,451,522,430,508,476,456
"COG0816",97,101,133,135,147,102,150,185,149,165,104,128,112,147,151,159,48,151,178,101,134,135,90,138,135,172,149,98,157,159,73,136,170,102,100,80,112,150,164,126,94,141,66,187,89,144,133,134,134,167,144,178,108,181,126,145,163,176,107,158,86,101,124,191,118,129,145,167,90,189,99,120,184,138,142,131,181,89,122,143,134,100,146,150,129,90,137,140,178,93,174,72,140,137,131,181,183,135,178,166
"COG0817",80,104,140,61,101,104,81,55,82,47,107,72,58,54,79,56,64,79,62,85,90,97,78,46,91,63,84,79,71,78,65,88,84,102,78,80,111,55,89,93,79,85,84,79,87,84,99,112,66,75,64,93,78,63,78,83,75,62,105,65,86,80,131,68,76,92,71,72,67,103,57,64,76,81,110,74,88,65,67,76,53,64,58,61,55,96,78,119,38,84,49,78,97,99,74,87,149,95,96,78
"COG0818",25,24,70,18,24,18,33,16,35,14,12,26,23,36,25,26,90,18,26,22,37,49,29,24,40,26,16,10,38,35,42,18,34,24,24,23,9,36,24,8,16,23,34,32,31,21,13,68,17,8,13,26,19,15,50,18,15,9,16,16,36,29,88,33,7,11,40,13,16,62,28,13,40,28,57,17,55,21,19,21,6,23,31,12,3,17,19,37,17,12,6,16,17,30,23,33,78,47,69,19
"COG0819",16,13,97,1,52,8,92,72,24,13,21,21,38,23,15,67,14,57,43,50,44,40,52,3,51,44,31,20,39,57,25,26,38,52,39,41,11,23,60,31,19,88,31,34,24,23,12,77,20,38,15,37,49,19,41,30,32,56,27,55,28,27,145,54,18,17,58,57,8,31,31,21,37,42,87,37,59,41,18,27,30,21,32,12,47,51,33,3,20,24,11,32,32,62,13,18,200,43,39,43
"COG0820",194,234,305,221,309,202,240,201,244,239,194,228,190,207,244,247,142,221,202,205,294,300,211,205,204,240,247,168,261,280,202,253,199,249,205,202,189,239,242,190,224,267,207,299,212,253,199,274,231,218,230,262,161,233,276,225,188,207,207,250,184,227,291,267,201,194,210,230,227,273,216,230,239,280,328,233,211,190,184,196,212,190,250,220,203,216,245,377,190,195,161,195,292,213,225,211,334,280,316,252
"COG0821",200,307,375,360,278,263,411,484,379,348,294,363,325,376,321,425,144,427,493,296,387,182,251,396,322,442,435,252,403,382,205,340,383,304,335,247,362,404,457,279,293,420,242,398,304,362,312,333,359,465,412,416,285,487,356,375,412,398,282,402,297,273,429,410,385,361,406,431,404,259,281,388,382,416,414,357,426,252,384,426,480,335,425,409,411,263,364,293,490,328,459,251,318,421,423,356,455,354,379,454
"COG0822",124,136,58,155,98,142,92,98,152,113,154,104,180,113,97,100,18,89,104,176,91,123,112,140,128,147,124,126,117,104,69,90,91,83,101,109,142,128,123,120,133,106,98,93,141,94,128,41,110,107,138,100,172,129,75,115,139,137,102,127,122,165,57,129,149,126,110,124,114,134,141,116,109,120,69,131,122,116,121,121,136,101,121,143,148,105,109,101,157,128,122,133,119,101,98,124,70,110,91,102
"COG0823",702,873,394,524,364,724,356,381,456,541,1517,471,675,465,502,415,557,429,458,660,430,450,668,513,522,501,476,711,417,472,607,453,556,618,582,567,1337,440,443,563,933,371,593,441,789,475,916,479,556,763,641,481,726,484,478,536,881,418,986,446,813,755,323,484,667,1234,391,466,676,391,826,497,424,444,274,363,330,666,517,416,605,460,472,579,591,775,441,438,603,754,652,841,461,598,499,428,324,363,467,503
"COG0824",271,345,275,351,396,309,299,356,320,295,264,296,225,259,276,285,228,300,345,279,337,428,213,329,273,279,305,211,306,315,312,294,264,266,245,239,305,267,290,288,285,289,248,342,314,336,287,313,290,306,291,297,249,350,308,282,275,324,271,313,267,323,322,313,175,277,328,319,247,449,281,256,363,339,332,304,335,300,304,292,251,216,294,290,208,258,350,375,314,300,329,272,288,266,298,380,330,292,292,346
"COG0825",263,355,301,335,366,259,362,356,403,434,320,313,273,338,362,425,103,359,395,322,261,319,257,329,284,350,366,334,398,336,223,360,372,230,225,221,319,331,361,278,408,390,251,368,341,326,398,209,320,390,364,339,267,399,314,315,356,374,309,333,336,362,346,389,280,370,320,388,334,373,328,358,360,336,328,320,397,310,306,322,360,299,371,370,382,315,342,310,395,325,301,337,298,389,366,344,377,324,323,354
"COG0826",110,257,157,66,5,158,34,7,60,13,308,15,59,21,81,4,327,21,5,88,24,4,116,81,65,7,2,52,5,14,170,17,7,98,42,94,356,23,17,23,166,37,125,3,116,11,422,87,20,5,11,93,19,4,32,38,29,15,282,24,98,87,77,3,24,375,16,29,22,2,105,56,15,3,24,92,20,147,31,61,9,78,21,37,11,110,67,27,11,86,8,119,81,16,24,112,18,49,40,8
"COG0827",37,21,43,11,14,24,28,6,14,20,30,4,28,11,36,10,149,11,9,21,20,14,63,22,26,12,24,19,6,33,60,23,12,29,58,93,20,21,10,7,14,12,92,21,20,25,25,27,18,25,29,23,18,18,10,8,31,12,29,7,25,16,30,4,26,23,36,8,14,7,38,10,7,19,18,11,23,50,24,16,25,15,6,25,32,39,20,44,28,31,29,33,19,16,5,8,20,6,10,17
"COG0828",21,35,43,63,62,22,54,75,57,51,15,46,30,59,68,48,45,55,78,29,51,76,33,67,45,75,57,30,56,53,32,46,44,37,55,26,21,66,46,40,22,60,35,55,33,45,37,54,43,59,52,55,35,80,45,63,50,54,30,56,32,29,47,57,46,16,51,70,49,60,30,40,46,51,65,50,66,23,44,83,41,47,61,56,54,22,58,53,90,43,41,16,42,61,50,58,55,53,50,44
"COG0829",54,67,88,65,9,79,153,133,96,26,39,24,61,95,33,103,28,111,86,76,119,4,34,49,97,92,21,65,92,37,61,69,67,51,81,78,41,78,99,75,64,146,43,16,50,67,48,83,69,14,28,51,83,79,107,69,20,108,44,96,73,62,59,83,89,53,118,117,56,1,58,91,97,43,169,98,143,77,40,80,74,82,76,59,72,61,91,23,54,63,7,66,46,99,53,108,85,116,133,74
"COG0830",48,35,45,42,3,73,117,87,55,28,24,23,50,58,22,73,28,73,55,52,86,1,29,37,63,81,20,43,65,21,43,58,32,58,47,68,41,74,69,59,56,110,52,17,50,48,33,69,42,3,18,22,40,33,71,38,11,66,19,51,28,34,23,44,50,24,56,51,25,0,30,34,49,24,96,51,61,31,22,34,29,47,55,44,43,35,39,10,32,30,3,36,21,44,31,49,24,66,80,32
"COG0831",16,20,20,12,2,36,36,28,18,14,10,5,13,21,6,31,5,19,19,24,31,5,16,19,18,21,3,10,22,4,19,19,10,20,15,22,16,19,26,17,20,40,11,1,18,20,17,15,13,2,9,22,22,30,44,30,2,43,22,27,32,35,14,20,34,23,38,34,28,2,17,18,33,17,57,40,36,29,19,36,27,40,24,30,22,18,28,5,23,18,2,29,14,25,27,38,25,52,55,18
"COG0832",39,28,19,16,11,60,53,40,30,14,10,7,13,29,10,42,9,41,31,36,37,4,22,12,40,40,6,26,33,17,19,23,22,14,31,22,25,35,35,29,30,43,32,5,27,34,24,22,22,4,9,12,26,28,37,32,6,38,16,38,30,25,19,36,9,33,29,36,8,0,38,22,29,14,53,30,57,42,17,27,16,37,21,30,10,23,16,10,23,34,1,33,8,26,25,29,21,38,37,25
"COG0833",0,0,0,0,0,0,0,0,0,1,0,0,0,0,0,0,0,0,0,0,0,0,1,0,0,0,0,0,0,0,0,1,0,0,1,0,0,0,0,0,0,0,0,0,0,0,0,0,0,0,0,0,0,0,0,1,0,0,0,1,0,0,0,1,0,0,5,0,0,0,0,0,0,0,1,0,0,0,1,0,0,0,0,0,1,0,0,0,1,1,0,0,0,1,0,0,0,0,0,0
"COG0834",469,506,415,616,518,423,393,458,589,488,336,588,452,528,776,465,569,535,477,419,390,472,525,582,464,567,571,465,400,499,554,566,647,358,504,318,441,610,523,494,482,433,495,450,533,557,507,462,598,488,584,492,497,464,466,561,543,563,387,526,459,493,417,467,466,474,485,522,718,503,439,537,521,578,328,545,502,450,663,572,599,643,584,591,602,382,505,356,550,454,613,435,377,454,683,454,428,508,451,606
"COG0835",63,22,59,3,11,43,38,5,20,14,31,25,42,25,70,4,411,5,5,31,15,11,154,5,64,5,10,29,4,17,158,5,6,89,66,14,16,9,11,28,23,8,137,6,78,4,16,127,8,5,6,11,15,4,18,13,35,7,59,9,20,37,45,2,12,18,22,1,37,23,30,8,7,15,20,13,11,73,20,5,2,15,5,3,6,26,14,10,5,23,9,23,25,20,23,4,13,22,20,4
"COG0836",217,260,318,222,172,209,228,282,249,208,273,187,243,221,198,253,221,255,223,229,246,143,199,212,229,237,196,194,217,205,212,180,284,208,199,230,237,203,218,196,228,267,238,199,217,161,271,291,172,210,211,231,217,206,221,267,225,231,242,215,219,237,259,185,244,287,223,213,198,194,232,257,187,206,240,173,257,246,187,218,215,178,235,229,238,231,202,126,257,203,241,228,191,288,156,219,320,260,258,214
"COG0837",41,55,204,118,146,48,156,184,125,65,47,79,29,86,90,120,115,108,133,40,113,141,52,116,83,113,98,33,106,120,54,75,83,48,54,54,62,80,135,49,39,188,59,130,28,76,62,151,62,83,70,122,25,119,135,69,57,127,51,104,29,41,176,112,21,54,120,115,46,107,28,59,125,120,235,122,185,37,63,142,48,98,97,66,30,26,115,122,82,50,38,21,99,98,124,121,252,139,168,118
"COG0838",74,98,52,76,60,65,73,70,58,47,106,69,76,86,61,72,13,85,74,92,81,70,78,63,66,86,84,95,84,64,57,77,76,56,85,70,93,94,79,78,110,71,59,74,84,78,105,49,100,89,141,104,146,87,134,131,161,100,144,128,123,131,109,118,119,160,123,139,159,134,143,118,95,126,99,125,116,106,144,108,137,129,119,122,159,127,105,81,136,136,175,143,90,128,88,105,92,111,131,131
"COG0839",155,157,165,148,146,206,164,233,161,159,166,145,178,178,131,183,22,200,181,200,178,105,83,159,120,153,150,159,155,152,98,142,209,107,136,153,177,184,160,159,198,160,113,142,169,177,169,115,178,124,146,169,161,149,189,172,160,191,191,175,214,165,143,184,203,196,146,163,171,159,159,161,144,145,139,174,160,163,155,177,169,149,178,180,215,145,134,99,166,193,151,178,121,156,171,159,153,203,148,159
"COG0840",895,338,623,52,61,452,428,58,143,49,324,322,456,348,1112,51,4143,37,52,270,195,76,1671,55,860,85,24,233,43,104,2260,39,53,876,713,162,242,42,92,127,221,86,1778,110,568,37,179,1462,68,50,94,117,194,57,198,177,381,153,676,74,170,360,486,30,133,207,269,40,518,47,303,55,75,94,210,73,80,809,183,77,24,115,58,45,96,318,177,71,124,312,62,214,307,116,247,98,158,232,225,29
"COG0841",1737,1324,1734,1494,1899,1234,1398,1213,1756,1804,777,1620,1363,1474,2281,1350,4487,1103,1483,1103,1221,1982,2304,1485,1742,1317,1617,1230,1221,1390,2709,1373,1352,2049,1634,1514,961,1298,1269,1166,1085,1071,2339,1561,1335,1404,1229,2002,1230,1478,1496,1543,1133,1649,1269,1290,1571,1195,1314,1225,1116,1237,1318,1246,919,989,1321,1224,1620,1853,1178,1412,1540,1541,1272,1145,1257,1419,1274,1264,1205,1250,1421,1372,1210,1518,1425,1889,1522,1284,1426,1172,1492,1334,1950,1688,927,1280,1248,1336
"COG0842",427,349,360,321,343,480,393,360,417,376,309,313,393,358,371,402,594,385,346,461,376,313,346,317,436,356,274,374,351,380,522,358,361,325,365,442,280,384,362,327,418,339,516,345,451,396,355,450,333,366,255,220,258,242,218,231,267,273,222,257,289,289,212,234,317,216,228,224,257,214,306,235,261,199,243,189,272,317,246,211,280,210,253,255,246,281,206,169,255,265,241,329,231,256,234,248,185,252,218,213
"COG0843",678,894,936,669,797,629,713,752,622,1001,744,821,658,747,512,757,395,830,762,618,689,945,557,741,613,866,900,775,707,866,545,831,885,573,740,646,749,770,886,735,806,803,596,830,603,804,816,756,780,801,785,792,692,722,769,804,771,698,671,744,640,602,940,708,723,923,701,747,1085,1109,632,816,668,824,693,620,671,557,891,714,776,956,720,785,916,601,766,632,789,696,807,677,727,917,867,766,1001,754,796,905
"COG0845",1121,856,1371,645,805,702,963,722,750,759,812,801,825,801,1259,703,3017,656,674,636,768,796,1360,661,1075,709,680,618,729,803,1706,648,649,1196,893,1086,811,616,681,568,640,706,1484,766,800,618,905,1463,626,625,632,857,600,689,801,716,726,615,988,717,685,679,1097,658,459,698,773,631,719,719,704,630,758,729,940,632,711,878,591,650,534,640,706,644,518,1086,711,829,593,772,577,667,797,762,896,765,1059,835,801,659
"COG0846",144,122,98,87,59,180,71,93,79,81,149,86,102,80,58,68,94,87,73,132,84,85,145,88,106,90,72,122,108,89,137,63,59,116,124,179,159,73,69,137,153,69,154,86,136,67,119,81,104,101,60,87,98,109,83,79,86,84,171,65,173,122,99,82,70,120,88,74,80,72,160,79,74,81,82,76,75,178,76,57,67,114,76,84,64,155,95,67,70,156,81,169,104,69,110,76,68,88,82,75
"COG0847",298,232,259,299,418,254,299,278,302,449,242,362,277,310,433,299,678,293,313,231,296,520,340,294,321,308,325,252,313,320,391,374,338,307,287,263,232,326,301,315,227,268,334,376,251,347,256,368,316,321,332,299,261,328,327,310,332,270,288,303,271,211,296,295,273,219,304,270,245,538,215,317,330,342,315,311,325,225,273,325,317,259,307,306,264,287,335,465,343,244,372,225,340,324,359,323,339,343,325,335
"COG0848",113,132,130,160,151,130,120,134,160,167,85,140,149,126,156,128,205,99,189,107,107,161,157,163,138,148,156,117,141,118,188,138,151,164,120,97,101,132,128,88,116,101,153,159,131,128,108,130,147,154,172,151,119,196,104,131,155,130,97,106,136,146,115,137,120,111,138,126,146,140,118,166,172,161,100,96,136,121,135,122,134,87,152,123,118,116,144,134,169,126,149,128,124,136,185,113,134,120,88,158
"COG0849",252,315,195,249,356,289,198,237,274,232,290,263,290,243,270,259,160,241,337,288,239,363,250,240,268,250,244,301,273,260,245,288,285,260,197,239,309,261,227,274,290,193,223,312,278,297,336,201,250,298,292,270,255,383,240,296,372,229,266,194,284,253,191,280,305,304,218,238,232,434,296,286,264,268,202,193,223,241,238,220,277,189,301,287,242,277,282,353,311,270,287,250,277,313,301,224,181,224,195,258
"COG0850",21,9,117,16,1,6,63,51,23,1,7,13,12,38,23,39,59,42,20,10,50,0,42,17,46,27,22,5,39,47,33,22,28,23,26,10,1,30,42,17,4,50,30,37,15,17,10,75,4,19,0,41,10,15,45,31,7,29,14,44,11,10,121,30,2,0,35,31,11,0,14,17,26,30,85,39,58,25,16,34,3,39,25,8,4,12,25,1,14,18,0,17,22,30,16,40,124,63,64,30
"COG0851",4,1,50,6,0,0,40,35,10,4,2,7,1,17,10,25,16,19,10,4,26,0,10,5,13,24,14,1,16,21,14,14,19,11,18,4,1,22,34,5,2,29,18,24,3,10,5,38,4,11,4,18,4,13,37,11,4,19,1,22,5,5,58,24,0,0,24,13,2,1,2,12,24,21,52,12,20,13,13,17,2,10,17,5,3,5,15,4,17,6,0,3,7,20,8,13,81,21,42,23
"COG0852",192,197,111,147,149,217,139,171,177,149,224,147,189,169,136,175,22,206,164,223,186,137,134,167,156,183,150,218,171,142,134,179,199,143,160,199,204,205,179,241,222,161,110,117,189,181,192,123,210,193,207,161,236,132,165,204,201,176,186,190,197,196,156,179,251,205,136,188,226,159,233,202,160,147,134,160,178,178,211,172,244,176,182,202,261,182,175,109,164,244,238,243,147,195,163,179,170,180,170,200
"COG0853",18,15,32,21,42,19,26,13,21,34,34,28,16,23,39,31,7,18,36,13,21,40,17,24,13,15,26,15,38,25,28,46,22,27,17,18,17,22,18,20,12,25,21,23,14,45,16,16,21,30,32,26,15,34,19,19,23,22,17,16,21,11,29,34,6,14,15,15,20,10,10,27,28,30,19,12,14,19,18,13,15,16,32,27,24,24,32,64,13,26,20,23,33,15,37,20,20,28,28,28
"COG0854",103,134,228,214,231,126,234,277,263,273,111,164,133,196,235,273,104,229,297,134,179,215,107,218,153,209,232,144,252,221,104,205,226,125,130,124,135,201,239,126,131,223,114,251,131,222,151,203,163,203,246,201,140,269,192,207,213,227,113,220,109,133,201,221,138,112,247,221,143,224,89,219,250,213,226,195,216,106,149,212,179,160,234,203,173,119,242,231,243,133,213,88,200,227,225,239,256,215,212,226
"COG0855",127,66,429,140,141,74,365,287,669,657,44,161,101,448,198,312,272,192,186,70,279,180,178,163,206,239,169,113,604,193,157,193,211,223,224,233,38,381,243,168,48,362,235,210,74,185,61,337,163,132,88,240,88,192,340,487,81,201,84,264,98,53,456,637,20,28,250,264,80,73,80,510,365,194,385,319,304,107,149,219,95,174,688,89,86,134,262,173,170,110,44,60,204,270,514,723,452,301,343,183
"COG0856",12,7,7,8,10,8,3,3,0,0,2,21,14,20,0,4,2,8,4,2,16,0,15,4,5,16,6,32,8,15,7,16,11,15,15,5,3,16,2,28,13,7,5,3,9,28,9,7,14,17,19,9,17,1,25,24,3,4,5,6,12,5,29,7,7,3,11,13,21,0,6,19,6,7,8,10,3,3,21,11,13,32,0,14,4,6,6,0,2,11,15,5,12,5,4,2,13,10,20,4
"COG0857",33,23,102,20,6,18,98,74,25,9,13,22,24,42,41,68,78,60,27,14,72,2,45,13,66,47,26,27,64,55,60,35,45,49,72,54,21,52,59,35,8,108,85,36,31,27,32,126,9,20,6,95,43,44,100,64,46,92,46,71,46,29,211,64,41,21,85,67,37,97,37,38,79,52,142,62,86,49,51,51,27,74,56,18,61,55,53,17,51,39,6,47,27,104,46,57,244,148,145,78
"COG0858",83,86,112,101,115,88,110,124,125,92,89,115,107,140,142,120,60,130,130,85,117,169,79,94,110,123,123,82,123,124,81,121,111,77,104,106,86,115,109,79,104,106,80,130,87,133,100,105,118,122,107,123,95,130,126,117,119,109,83,117,91,81,104,117,112,100,106,120,97,165,76,122,135,104,129,103,123,95,124,101,123,92,105,119,111,70,107,149,135,94,140,95,118,121,121,134,113,130,111,132
"COG0859",544,697,290,476,332,668,346,452,597,670,707,393,490,464,477,467,188,446,567,564,359,306,451,541,457,457,453,452,456,424,458,482,499,367,344,453,684,468,422,373,660,352,349,455,641,481,722,256,534,521,430,275,305,389,271,330,397,358,384,351,400,420,171,360,405,463,303,342,293,295,378,399,356,240,177,260,311,348,313,334,365,227,351,390,366,305,269,237,393,402,368,416,290,318,279,337,156,261,256,287
"COG0860",190,246,292,150,202,182,217,189,204,165,307,193,139,158,187,206,189,207,143,108,209,274,193,153,175,214,233,169,194,220,187,221,176,227,143,186,240,167,220,195,144,247,173,245,147,218,219,297,152,238,173,217,166,164,206,179,195,146,258,175,133,137,283,203,147,206,162,149,169,236,139,152,203,230,257,172,176,153,171,192,138,150,182,146,119,173,214,315,135,197,164,147,224,185,174,189,291,181,226,229
"COG0861",111,106,139,190,169,94,225,263,238,225,68,136,144,174,182,243,55,247,249,127,148,131,99,218,157,206,176,124,192,165,79,179,235,107,143,201,107,213,263,114,124,222,136,167,116,203,135,150,149,199,223,155,142,216,150,232,137,256,80,219,140,100,142,204,141,130,236,200,153,143,123,215,213,139,199,181,246,102,172,207,187,160,200,218,243,121,206,116,241,129,213,112,160,210,178,213,180,226,182,181
"COG0863",298,269,193,846,267,356,398,358,345,389,334,700,371,533,297,374,104,441,301,399,265,232,204,638,592,588,458,331,386,394,267,394,521,243,585,461,409,545,571,329,315,507,233,432,312,450,368,323,359,457,419,327,430,314,268,325,570,628,309,766,362,317,241,481,528,397,1072,715,305,172,370,365,442,512,212,675,446,339,958,779,418,373,373,479,437,310,503,292,488,349,466,348,319,513,355,308,248,325,231,469
"COG0864",19,7,2,1,2,26,2,0,3,1,2,4,32,0,0,3,0,0,0,17,3,1,8,1,7,0,0,25,0,2,10,2,0,16,5,16,2,1,0,11,13,2,15,0,12,8,1,4,8,0,0,5,31,0,5,1,0,0,3,1,12,17,6,1,56,1,2,1,17,0,19,6,1,0,0,0,0,19,3,0,17,0,0,1,21,17,0,3,1,15,3,31,5,1,1,1,0,2,2,1
"COG1001",211,72,23,17,103,260,19,16,18,10,55,42,107,36,44,13,72,19,12,207,35,90,52,12,77,26,27,131,19,39,83,63,46,65,27,223,57,32,18,63,182,21,92,56,169,63,43,36,63,24,15,38,62,8,36,22,41,3,65,12,115,128,20,13,124,37,6,6,37,70,180,25,11,33,13,14,12,136,30,6,47,14,18,19,42,113,8,53,1,129,13,149,26,17,8,12,11,41,28,17
"COG1002",69,38,127,14,51,59,62,22,12,16,39,61,95,33,61,32,317,35,37,69,54,14,192,22,79,33,19,99,35,68,107,59,37,92,95,106,47,33,54,75,35,34,167,32,59,50,38,171,37,52,59,72,109,45,86,94,94,47,82,45,105,79,217,41,75,46,59,51,71,24,78,60,28,45,78,46,42,144,111,40,40,119,14,66,52,136,51,28,53,132,96,89,111,57,24,44,135,55,85,45
"COG1003",407,623,783,737,787,522,900,905,719,651,555,768,522,1014,665,944,304,907,611,376,756,698,466,756,783,844,801,534,956,817,397,806,734,513,766,486,576,926,982,669,539,941,388,780,445,751,681,575,700,853,783,840,521,559,786,756,671,1073,578,1200,469,448,781,907,546,642,1129,1038,763,780,419,716,878,801,856,855,873,384,651,794,685,893,777,758,774,425,824,600,943,532,778,384,794,873,848,771,841,723,815,852
"COG1004",377,378,423,681,287,420,503,459,515,605,438,595,424,578,454,522,236,533,416,431,436,294,327,675,584,594,570,365,535,455,316,440,627,291,476,431,413,538,489,338,375,562,343,549,387,441,406,445,482,514,344,279,330,299,265,295,403,390,274,426,268,245,285,388,364,296,571,412,308,246,267,274,316,333,287,600,316,275,447,466,370,271,357,350,355,295,421,264,406,258,392,287,285,340,249,282,308,314,278,385
"COG1005",384,392,290,314,247,446,334,370,280,279,476,360,412,348,176,374,38,378,324,462,388,188,319,329,330,422,302,448,324,327,281,361,427,255,329,327,422,367,400,408,472,350,261,251,460,342,409,204,411,381,345,332,463,300,401,413,378,413,434,419,469,479,340,344,526,384,321,410,489,225,491,402,295,321,259,356,322,417,436,405,466,442,317,371,506,425,337,206,364,457,426,464,277,405,275,306,339,366,341,382
"COG1006",18,15,16,16,27,15,10,13,26,23,20,13,18,3,10,10,7,5,13,17,10,27,16,12,13,9,10,17,9,12,24,10,11,23,14,24,19,6,3,9,16,10,35,9,26,11,17,12,15,1,10,7,17,18,11,11,6,11,22,11,21,17,12,8,7,23,13,8,2,8,20,9,17,12,11,11,9,30,4,13,3,13,17,9,6,23,12,16,6,29,8,22,14,8,16,12,13,8,6,7
"COG1007",512,515,342,444,349,571,475,588,422,367,586,435,531,457,334,535,64,590,460,602,507,285,378,444,453,503,434,617,447,475,375,446,544,380,452,461,483,511,579,601,577,490,338,320,542,458,521,326,503,476,520,451,646,413,508,553,489,558,527,558,603,579,388,499,610,590,511,556,475,375,562,525,394,450,451,486,534,541,572,543,591,515,421,568,634,480,487,279,581,556,557,564,408,484,417,479,407,465,476,534
"COG1008",447,506,726,665,353,446,633,725,450,414,667,517,494,580,398,673,65,681,541,527,600,287,353,723,474,669,548,556,557,549,322,545,655,407,470,391,586,621,658,633,549,747,295,491,495,542,586,520,536,521,523,653,570,489,639,672,521,679,512,726,497,550,732,608,505,637,703,679,532,386,494,656,504,535,642,802,664,429,637,757,602,674,523,637,587,451,660,283,646,501,694,512,514,679,447,700,818,666,760,646
"COG1009",616,612,676,563,460,640,613,629,579,586,642,635,699,717,540,637,124,739,610,709,655,419,587,672,568,697,609,808,612,643,530,643,715,544,642,687,610,681,721,681,630,645,534,495,646,633,615,506,706,609,661,692,801,594,702,763,642,757,637,784,679,760,638,629,858,710,604,707,756,487,711,762,560,609,542,675,675,696,780,733,814,697,623,776,880,735,728,385,752,686,803,715,553,726,588,732,616,680,680,696
"COG1010",78,48,276,67,65,76,170,122,83,9,33,59,56,86,45,129,2,135,53,74,186,94,23,47,91,112,74,79,141,119,44,86,73,69,81,80,53,106,118,66,77,172,40,103,76,76,58,169,56,39,6,143,49,80,158,85,17,101,50,94,94,58,275,115,96,51,105,122,43,22,75,76,117,102,253,155,150,81,55,107,45,113,77,29,56,76,70,54,66,100,6,82,76,110,47,114,415,166,205,111
"COG1011",431,445,222,445,502,418,298,416,472,466,482,382,448,402,476,382,376,379,449,488,444,426,442,435,375,381,439,430,390,373,406,388,441,392,384,340,479,392,340,451,467,271,422,405,480,373,481,306,420,428,476,364,398,446,376,392,517,386,399,409,452,472,227,418,471,522,373,431,383,421,416,449,397,382,282,326,385,398,425,408,461,314,408,445,485,463,390,402,492,382,477,457,390,422,424,440,203,371,323,372
"COG1012",2465,2564,1845,2552,3662,2539,2192,2150,2674,2667,2312,2934,2391,2608,2935,2363,2058,2470,2715,2390,2038,3671,2123,2703,2237,2636,3019,2420,2361,2612,2356,3012,2870,2199,2296,2535,2336,2756,2443,2218,2689,2173,2512,2905,2692,2931,2378,1956,2798,2793,3047,2577,2300,2916,2413,2570,2838,2320,2369,2391,2674,2688,1912,2497,2283,2282,2361,2418,3359,3718,2487,2671,2583,2925,2099,2313,2461,2327,2967,2344,2701,2724,2745,2601,2568,2301,2329,2914,2688,2735,3026,2552,2660,2437,3279,2369,1774,2196,2126,2856
"COG1013",278,748,106,89,32,349,59,67,34,106,813,138,297,111,30,83,40,138,53,281,165,12,222,107,155,104,69,303,102,101,183,109,103,197,148,224,905,100,88,234,387,90,199,53,290,134,900,119,211,138,131,101,292,50,134,139,174,80,859,84,287,323,90,110,261,802,79,88,194,1,281,150,52,64,49,109,44,292,172,105,174,173,88,156,191,264,116,80,100,250,142,298,127,110,92,67,55,68,115,86
"COG1014",457,949,236,275,92,623,221,231,238,223,1213,181,525,237,106,195,45,225,186,518,365,124,445,324,306,218,203,482,266,217,360,272,240,464,339,396,1160,252,174,541,692,220,428,219,555,297,1042,219,344,363,314,255,480,181,260,263,419,252,1109,239,529,531,218,272,547,1057,190,243,445,32,541,324,208,202,175,278,162,602,301,218,399,343,259,280,459,532,268,256,234,474,304,582,311,293,275,309,167,203,254,192
"COG1015",20,31,25,44,56,43,18,32,17,33,30,37,6,31,28,27,11,34,18,20,22,62,31,42,26,47,55,12,31,48,19,42,26,13,6,21,42,31,53,24,31,29,24,41,23,40,44,14,38,30,42,39,16,22,21,39,18,51,40,59,18,35,11,33,10,36,31,59,30,53,19,29,25,61,20,44,40,26,47,36,29,36,39,32,28,10,73,74,31,21,67,18,38,34,40,34,12,21,17,82
"COG1017",13,4,7,1,7,14,6,0,1,2,9,8,3,0,13,0,46,1,0,2,8,1,18,2,11,0,0,2,0,1,68,0,0,14,11,6,0,1,2,3,2,0,38,3,4,0,0,20,0,3,2,5,1,0,4,0,3,4,7,1,1,5,3,0,1,0,4,0,6,1,8,1,1,7,8,0,0,11,2,1,0,2,0,0,1,8,3,0,1,5,1,4,4,1,0,1,0,3,9,1
"COG1018",245,173,102,114,434,255,132,69,93,77,103,89,235,94,164,69,460,60,86,207,107,416,237,92,255,49,109,141,72,82,345,97,45,228,157,235,173,73,63,138,180,63,335,118,171,113,132,179,126,57,48,79,157,78,119,56,76,86,128,57,173,189,110,66,304,207,94,47,174,372,200,78,82,115,95,94,71,228,91,84,113,67,80,59,143,208,93,339,49,173,50,186,112,60,113,98,68,103,117,79
"COG1019",59,22,3,3,4,80,6,0,0,0,12,22,35,10,0,4,4,16,1,68,26,0,25,5,32,27,6,69,6,14,29,12,17,35,24,49,2,10,9,26,53,2,28,1,74,25,9,14,30,14,16,7,35,0,21,18,10,6,19,5,83,64,10,5,69,11,4,8,50,0,63,19,2,4,2,7,3,66,17,11,27,51,1,18,24,67,1,3,5,62,5,64,12,12,0,2,5,7,25,5
"COG1020",69,36,139,15,53,51,118,19,17,16,55,65,38,43,55,38,156,46,29,56,111,111,192,22,80,24,45,50,21,59,401,38,29,129,170,121,41,49,40,50,37,30,328,36,40,35,36,49,47,12,32,73,18,40,41,33,25,19,39,37,34,76,124,20,39,60,40,25,46,67,80,47,27,38,52,47,47,89,52,31,25,125,13,53,22,80,24,47,27,54,20,84,172,54,53,31,28,97,83,24
"COG1021",11,1,1,3,5,14,3,0,2,2,21,4,9,1,1,0,5,2,0,8,3,5,15,2,4,3,1,18,4,3,14,1,2,6,7,14,30,0,2,10,7,2,13,0,17,1,5,6,3,0,2,1,14,2,4,6,1,1,10,1,13,12,0,2,2,20,3,1,1,3,10,2,0,1,3,1,1,10,2,0,2,2,7,2,2,8,2,2,1,6,1,9,0,2,1,3,0,1,2,2
"COG1022",538,808,641,654,488,563,675,758,592,743,1048,622,531,652,524,643,407,687,676,534,634,478,527,622,567,732,659,611,707,664,469,624,700,435,596,506,1032,638,716,539,679,654,477,594,544,629,919,554,604,698,703,621,590,590,656,711,692,793,879,754,585,563,631,674,550,1039,716,697,673,505,615,703,630,657,666,663,762,487,841,682,679,632,693,673,644,524,715,434,783,554,839,559,655,739,577,710,676,638,635,725
"COG1023",9,7,8,470,8,6,5,2,1,3,21,7,13,10,9,2,4,22,1,10,13,6,12,294,6,2,30,15,9,8,7,49,6,14,16,23,17,10,1,14,10,13,11,3,11,46,13,5,13,6,0,10,14,1,4,4,12,4,21,12,12,8,17,2,12,12,9,17,6,8,12,5,4,16,10,544,23,12,8,377,17,49,1,44,23,15,201,17,3,9,35,17,6,9,41,36,3,4,7,3
"COG1024",1769,2010,1307,1683,2039,1848,1414,1636,1592,1669,1901,1802,1826,1647,1523,1625,1327,1465,1777,1797,1931,2112,2046,1673,1538,1780,1741,2049,1741,1701,1777,1809,1685,2154,1833,1531,1930,1628,1488,2415,1950,1582,1900,1715,1985,1885,1965,1393,2037,1827,1841,1791,1938,1828,1861,1742,1957,1513,1973,1439,2024,2013,1335,1789,1711,1861,1445,1543,2030,1865,1844,1865,1737,1752,1644,1517,1554,1978,1924,1364,1791,2077,1658,1776,1754,1726,1506,2047,1451,1772,1772,1790,1773,1534,1861,1685,1018,1361,1603,1624
"COG1025",96,66,26,19,13,81,43,9,59,27,64,45,63,35,88,13,309,22,12,75,36,16,107,39,90,27,26,54,31,24,149,22,21,91,106,34,46,24,26,59,85,24,104,20,94,28,52,105,28,47,36,30,69,19,38,31,65,36,121,46,97,148,47,46,38,120,85,61,59,8,124,36,43,45,48,72,39,164,61,35,51,73,46,55,42,120,62,56,57,87,47,141,58,49,58,36,39,50,53,26
"COG1026",44,69,76,95,201,66,97,93,129,179,90,89,42,72,106,98,141,75,111,47,81,243,69,88,63,105,115,24,103,109,56,87,80,103,50,35,46,59,70,57,41,87,53,134,60,95,49,61,73,128,107,104,29,111,76,68,89,94,110,55,58,53,70,115,35,78,73,94,95,193,43,55,132,139,85,74,114,53,60,67,71,87,125,89,39,47,123,162,109,47,101,40,125,60,162,109,64,86,93,122
"COG1027",114,39,9,0,8,144,5,0,1,0,46,4,49,6,7,0,13,5,0,138,17,5,27,1,61,0,0,79,0,5,57,7,1,33,37,134,18,4,4,27,86,1,91,1,94,20,24,10,28,1,5,3,68,0,15,6,1,2,65,0,126,111,8,5,130,22,7,0,41,30,136,24,0,0,1,6,4,141,13,1,40,7,0,7,57,121,0,38,6,113,2,129,14,3,3,3,3,25,13,0
"COG1028",3948,3702,3633,4037,3958,3646,3776,3933,4066,4294,3622,3829,4631,3979,3573,3820,2832,3798,3958,4460,4474,3840,4701,3921,3596,4126,3867,4420,4108,3855,3756,4078,3944,4743,4147,4129,3487,4030,3816,5139,4082,3980,4298,4094,4464,4145,3765,3541,4235,3848,4020,4056,4643,4104,4076,3777,4683,3779,3722,3718,4396,4426,3503,4245,4037,3436,3603,3647,4351,3278,4287,3953,4140,4109,3906,3817,3986,4543,3801,3557,4333,4043,3814,4090,4362,4477,3683,3858,3618,4198,3748,4495,3864,3965,4052,4044,3589,3878,3800,3778
"COG1029",4,11,11,11,2,6,6,9,14,13,23,15,8,16,12,7,2,12,7,10,15,3,11,22,5,6,9,9,7,7,2,9,8,9,15,8,8,20,10,5,24,6,1,4,5,6,13,4,7,8,16,13,14,19,3,2,5,14,16,9,12,10,6,15,22,16,11,9,26,14,11,9,7,7,3,11,13,5,4,14,10,3,13,7,18,5,15,5,11,3,10,6,3,9,16,5,5,7,7,6
"COG1030",60,114,42,25,1,65,20,11,12,27,122,30,65,32,5,28,10,31,15,62,38,1,88,23,42,27,21,67,26,38,52,22,33,67,58,42,124,27,17,65,79,25,48,25,76,27,115,48,45,59,80,39,116,27,52,52,90,27,198,31,124,124,36,48,87,178,25,32,79,1,109,59,22,41,25,53,10,109,66,40,64,56,32,36,54,105,41,15,46,100,67,138,61,57,36,30,47,22,54,26
"COG1031",19,13,9,15,42,17,12,7,0,1,27,45,34,37,0,10,13,25,10,10,46,0,23,20,10,35,17,86,19,30,7,48,13,29,23,9,24,29,16,43,27,15,3,2,31,60,15,30,36,24,39,24,54,4,53,46,20,16,7,11,23,22,37,15,13,12,6,22,51,0,17,36,9,16,7,16,7,6,45,32,16,79,0,40,16,6,9,5,10,16,30,21,45,14,8,6,16,32,62,21
"COG1032",1158,1354,369,321,123,1445,331,251,292,198,2846,282,1006,331,320,206,293,324,176,1423,405,169,583,442,756,302,241,963,316,150,823,331,363,687,399,1196,2936,324,236,389,1260,365,771,106,1195,372,2602,344,445,118,211,337,846,160,428,397,257,272,2541,350,1287,1262,173,309,1191,2915,389,313,426,342,1358,439,216,192,354,544,373,1249,479,505,453,399,305,287,548,1210,355,279,239,1066,139,1398,267,398,173,492,121,537,477,183
"COG1033",824,1240,654,838,1096,977,688,703,808,1043,959,1241,985,1013,806,832,1035,953,874,870,849,868,945,929,819,917,851,1206,986,955,873,983,931,944,970,602,871,940,812,945,1152,643,704,772,1104,1018,1054,886,1165,1110,1147,867,1108,833,952,1064,1113,831,926,864,907,1031,768,968,860,1045,747,907,929,1073,973,1053,872,767,601,653,699,851,1135,851,1118,967,935,1103,847,843,765,917,1045,915,1241,921,1015,976,873,710,548,708,866,912
"COG1034",314,426,127,430,365,359,294,387,444,453,381,357,346,427,383,386,24,414,470,319,272,386,163,461,338,461,426,321,365,369,210,425,469,186,240,315,461,478,435,322,398,295,203,391,312,413,425,120,464,398,505,389,363,484,266,433,411,487,368,470,333,343,165,419,404,493,368,429,476,564,309,471,443,404,183,347,396,286,427,426,508,364,456,495,512,279,388,318,562,359,599,309,255,401,497,445,144,307,232,428
"COG1035",77,93,6,27,1,76,13,9,22,9,90,19,64,35,9,12,2,23,7,97,15,2,28,29,26,12,17,61,19,12,60,18,15,23,26,69,135,25,10,42,88,17,51,11,98,29,122,9,28,16,24,13,80,4,29,26,23,22,96,39,107,107,6,26,43,136,8,32,29,4,119,29,17,18,10,53,10,62,46,19,33,26,13,35,36,65,29,23,19,73,10,114,14,23,17,47,7,28,14,11
"COG1036",1,3,3,8,1,1,9,3,3,1,2,8,6,3,4,3,0,3,9,2,0,3,2,1,2,5,5,2,2,1,1,0,2,0,1,1,4,4,4,5,1,4,1,3,3,2,2,1,3,0,3,4,1,3,5,9,4,3,6,6,4,2,4,3,3,4,5,1,4,13,2,5,3,1,5,3,2,2,1,6,1,1,4,2,9,4,5,1,1,3,2,1,2,0,10,4,2,5,0,6
"COG1038",36,106,65,83,110,47,51,66,84,50,93,80,41,54,76,70,10,57,106,34,56,83,39,73,42,67,108,32,57,70,40,67,49,72,82,61,143,76,80,53,50,43,93,112,18,56,140,52,65,44,85,147,48,159,62,71,89,107,131,92,38,32,73,87,48,192,73,88,42,191,49,77,155,188,87,151,110,82,65,89,77,135,132,112,67,61,112,150,60,70,60,41,106,72,159,100,70,87,67,122
"COG1039",3,4,7,4,0,4,0,6,6,4,2,5,10,4,2,8,0,3,4,5,4,0,3,7,4,2,3,5,3,1,5,4,6,13,4,1,4,4,3,6,4,3,5,12,2,2,4,6,8,0,1,5,9,7,9,1,2,2,2,8,3,3,7,2,3,0,1,3,6,0,3,7,5,4,3,3,1,5,1,2,0,4,1,6,0,5,7,3,0,3,0,3,6,3,7,0,6,8,9,3
"COG1040",45,61,35,11,40,41,13,5,37,28,108,11,23,15,41,12,106,8,10,39,12,35,50,13,43,2,4,12,8,7,92,8,2,58,41,40,93,4,9,15,28,10,70,8,26,7,73,54,4,0,4,13,20,4,8,7,10,3,83,20,37,43,15,5,7,87,10,8,9,65,36,4,17,11,23,10,11,49,5,8,0,5,8,2,3,54,9,66,5,37,1,38,16,8,37,13,14,6,9,8
"COG1041",27,18,13,14,33,14,10,4,3,0,31,55,27,25,0,8,6,26,4,13,50,1,18,18,9,31,10,52,28,34,12,38,25,38,53,8,24,39,19,47,20,14,7,5,23,35,21,39,51,27,21,12,35,3,36,25,7,10,12,10,20,11,21,11,14,10,12,14,26,1,8,16,8,12,6,12,7,7,32,9,11,52,0,21,9,7,4,6,5,15,19,15,36,14,6,2,14,17,24,14
"COG1042",513,360,125,143,249,663,102,117,123,47,309,117,425,106,167,79,30,79,83,465,209,305,283,85,240,76,105,407,80,84,268,171,113,419,158,380,351,143,77,356,474,135,219,102,432,196,277,100,261,41,81,95,381,96,178,119,123,83,434,108,472,520,107,82,577,281,93,82,238,268,503,184,106,113,173,138,153,481,154,85,259,134,92,118,275,445,96,199,30,460,43,538,149,87,114,129,70,215,157,102
"COG1043",168,195,236,232,202,201,224,219,238,261,193,223,179,207,200,238,81,251,246,177,211,203,154,225,201,232,263,171,244,246,134,259,257,166,145,142,197,247,232,168,192,222,126,296,176,230,237,234,223,281,265,238,156,304,239,218,224,214,200,204,146,168,249,254,209,198,213,245,210,203,159,216,249,269,237,220,266,129,238,238,218,181,295,252,217,144,251,205,267,164,274,142,231,279,295,242,255,225,233,271
"COG1044",203,290,315,258,313,250,322,424,325,283,241,308,233,298,295,363,130,339,388,229,301,310,183,310,276,299,312,220,326,330,171,263,355,187,186,250,245,312,316,194,249,364,145,346,217,289,317,293,275,354,344,329,205,320,281,297,313,344,281,317,225,203,380,310,265,260,267,355,286,393,221,279,345,318,358,250,327,191,269,276,268,247,344,277,247,218,299,293,330,218,297,215,280,319,343,302,409,324,301,313
"COG1045",113,152,168,164,172,106,180,201,200,208,89,144,112,191,151,204,222,155,237,92,159,158,148,150,180,185,161,85,201,147,121,165,163,137,135,110,131,157,203,122,141,175,125,175,134,152,144,206,164,150,163,197,92,249,168,127,130,166,111,214,112,112,183,197,90,169,174,156,148,130,112,145,209,189,194,185,193,95,110,188,135,163,200,145,144,100,170,87,163,111,151,92,144,158,184,186,226,194,172,179
"COG1047",171,79,43,24,86,159,44,19,23,18,93,69,90,56,56,26,140,43,18,160,56,91,101,35,100,39,18,155,40,49,137,59,25,106,75,130,57,47,22,72,145,28,130,22,128,63,74,75,86,51,46,38,93,12,85,48,29,30,94,26,144,160,89,30,125,49,40,28,81,122,165,68,27,25,28,49,26,163,76,34,48,106,22,49,58,154,27,57,22,108,55,144,49,36,32,22,25,45,65,24
"COG1048",486,539,199,413,340,508,300,358,502,520,477,410,562,473,420,392,393,463,457,481,372,197,420,448,460,443,429,619,426,383,434,450,496,366,458,482,456,492,407,502,517,330,437,402,511,470,484,299,522,476,861,586,880,735,545,776,775,690,760,722,823,749,394,684,1000,716,605,705,921,408,821,746,604,544,338,558,609,712,862,631,926,727,768,795,1023,827,677,457,847,727,918,826,533,669,824,603,282,511,498,637
"COG1049",124,144,590,344,496,215,566,545,321,266,40,404,68,420,308,491,483,387,413,100,410,591,183,361,353,457,423,51,446,422,242,309,378,323,258,120,58,333,430,166,133,534,184,513,152,325,69,572,218,394,247,450,85,447,536,293,240,421,63,415,96,122,577,434,63,71,402,352,308,562,68,262,440,434,654,466,489,129,278,356,166,356,368,229,134,55,458,303,295,160,228,75,387,384,423,435,741,457,524,448
"COG1051",102,96,87,79,116,80,63,70,54,77,110,103,89,91,60,59,35,77,70,104,98,101,121,96,100,64,88,113,70,85,79,84,79,125,98,118,113,80,88,137,96,56,104,60,103,86,73,94,115,96,107,81,119,61,73,84,101,86,85,83,137,92,70,60,78,92,78,84,126,79,97,79,75,108,72,70,52,136,88,82,90,95,75,90,107,154,106,120,69,121,84,96,98,82,70,86,61,56,69,78
"COG1052",291,243,242,327,492,240,347,367,514,445,195,396,369,360,372,408,256,385,555,418,295,518,328,365,358,383,369,316,356,385,313,306,424,320,342,316,296,379,434,376,287,334,359,450,339,359,266,229,409,413,460,411,291,545,275,369,411,375,254,380,352,333,208,412,440,290,401,395,427,599,342,318,404,409,239,264,409,362,296,312,412,330,449,401,483,329,316,224,513,326,480,337,314,401,442,330,202,319,226,408
"COG1053",903,1042,700,1094,1047,1051,825,1004,1085,1299,927,1158,1179,1083,829,1078,349,1087,1126,1040,911,930,916,1194,857,1112,1302,1194,1011,1144,646,1132,1178,969,960,844,1070,1137,1033,1160,1058,1010,656,1217,1022,1201,1139,635,1302,1379,1366,1183,1152,1153,929,1205,1182,1131,946,1028,1093,1046,768,1092,1265,1103,899,1087,1622,916,1097,1308,1010,1084,724,958,993,923,1167,1035,1321,1431,1202,1263,1373,995,1083,864,1258,973,1439,1066,1121,989,1389,1134,731,849,818,1167
"COG1054",160,92,267,367,328,159,281,331,331,314,58,349,216,330,357,312,127,360,307,159,311,344,153,336,221,349,370,212,370,366,135,377,365,176,243,195,20,395,327,234,144,296,148,355,185,347,42,251,296,351,348,317,250,366,318,325,347,325,50,320,191,177,318,327,270,35,289,318,280,253,147,351,388,336,312,290,329,138,351,349,340,254,308,376,273,144,330,345,317,189,345,123,334,324,265,322,320,341,336,347
"COG1055",259,235,148,86,157,308,114,71,83,132,240,191,182,165,126,120,199,152,122,221,165,135,169,104,207,130,150,225,125,195,190,201,141,182,154,220,156,139,109,182,265,74,178,159,220,225,224,163,192,209,194,151,189,106,183,194,210,82,283,134,264,228,151,159,145,209,100,128,226,155,219,183,110,138,118,95,95,247,189,110,182,175,122,166,170,238,110,179,117,241,165,204,257,154,174,103,138,113,178,136
"COG1056",33,17,5,3,4,54,3,6,2,0,14,22,28,16,3,1,5,11,4,39,18,0,32,8,21,11,3,67,17,13,33,22,12,36,22,41,10,19,8,44,33,3,10,4,47,28,8,15,32,23,8,8,45,3,26,19,12,7,23,9,44,29,22,5,62,7,5,7,31,0,37,37,1,5,7,7,1,31,24,4,16,25,1,16,29,40,3,7,0,46,16,42,21,10,0,4,7,28,29,9
"COG1057",128,149,176,208,155,139,210,225,182,165,162,161,119,162,192,237,71,216,229,153,170,154,145,209,159,210,171,118,181,178,115,163,203,139,142,133,158,195,208,163,125,167,130,174,132,198,133,158,169,166,234,193,157,244,169,207,233,211,142,198,147,146,167,187,193,163,165,204,139,154,99,179,187,185,173,178,226,120,181,194,206,121,181,196,214,138,193,163,216,140,186,128,189,179,150,222,194,182,169,210
"COG1058",156,199,287,231,192,159,273,285,256,301,217,252,230,255,192,274,24,298,275,177,254,185,181,222,199,293,242,230,263,278,102,244,274,184,206,177,254,291,326,285,210,272,132,245,186,216,243,232,240,244,272,269,264,226,272,296,257,270,189,303,199,212,296,254,257,222,244,275,215,204,186,234,255,249,297,248,298,178,226,262,253,250,285,253,262,207,271,240,246,194,288,214,228,346,240,237,333,224,277,270
"COG1059",0,1,0,0,0,0,0,0,1,0,9,0,0,2,0,0,0,2,0,0,0,0,0,0,0,2,2,0,4,0,0,2,0,0,0,1,9,0,0,0,0,0,0,0,0,0,1,0,0,0,0,0,1,0,0,2,0,0,1,2,0,0,0,2,8,8,0,0,1,0,0,0,0,3,1,2,0,0,0,0,1,1,0,0,7,0,0,0,0,0,0,0,0,1,0,3,0,3,2,0
"COG1060",501,299,136,124,113,577,86,120,68,93,251,259,418,218,57,113,171,187,83,510,245,55,290,173,305,203,176,555,184,190,300,244,182,405,258,470,205,178,145,395,496,126,251,135,475,270,229,165,329,147,178,180,445,59,227,223,217,165,341,179,527,501,190,171,627,221,119,176,319,22,546,268,80,202,87,173,122,502,301,151,332,259,121,236,366,491,209,133,105,492,290,553,204,170,149,128,110,186,201,216
"COG1061",135,158,323,1247,307,230,415,242,349,248,167,790,249,563,452,311,368,346,146,183,282,310,291,926,685,490,545,153,403,315,381,403,357,299,690,342,159,446,510,295,198,601,412,384,126,392,229,322,279,412,225,399,329,154,219,223,321,698,189,762,137,181,383,375,257,161,1086,699,240,402,177,199,415,598,301,1628,421,229,754,1150,244,424,304,464,268,203,738,604,409,213,316,177,472,340,275,313,398,327,274,454
"COG1062",253,262,160,168,160,255,132,86,164,80,239,171,296,124,130,75,170,106,94,323,171,188,258,110,193,92,160,263,105,109,294,151,127,251,216,247,250,131,87,325,288,132,317,141,344,150,249,159,167,75,96,125,332,80,165,115,256,110,264,113,307,285,128,113,277,247,128,106,156,113,302,129,120,134,180,202,150,343,200,146,161,173,103,134,201,288,119,147,57,306,104,323,168,153,149,137,89,108,126,104
"COG1063",468,433,228,233,179,429,219,261,231,339,506,256,617,266,203,228,206,248,265,505,336,185,538,265,302,275,247,617,252,270,397,256,301,462,485,456,448,262,259,621,447,255,400,257,491,275,475,263,346,266,310,302,584,254,246,292,444,278,523,255,497,501,233,269,578,441,242,272,360,167,505,299,255,275,199,281,229,510,340,273,368,301,285,336,476,489,327,268,252,475,368,534,261,362,287,292,174,208,214,261
"COG1064",281,156,90,210,201,282,72,126,155,135,342,164,214,89,149,84,227,109,178,297,117,254,151,207,163,111,149,232,76,139,222,152,85,151,104,300,214,111,117,142,218,108,163,157,222,134,152,106,131,126,116,142,148,218,126,89,96,130,248,105,304,279,89,113,285,233,101,105,207,250,336,124,108,159,78,148,83,287,83,142,157,119,90,146,191,291,203,112,68,242,153,296,151,81,219,123,74,137,124,122
"COG1066",133,190,347,134,252,150,248,185,142,100,234,173,127,185,171,189,163,178,140,159,215,275,183,145,174,175,207,112,229,204,160,177,154,162,197,141,229,161,197,134,132,221,181,192,163,158,203,251,141,123,117,146,127,116,231,147,96,150,198,175,149,146,282,211,89,206,229,149,107,260,124,137,192,206,345,224,219,146,118,195,82,148,168,102,113,148,173,328,104,169,87,137,182,197,137,177,381,207,264,186
"COG1067",76,41,56,14,49,48,39,17,5,3,81,115,65,71,53,22,236,38,13,39,65,2,192,27,61,39,12,97,38,58,150,56,34,92,124,21,33,48,39,110,57,32,121,21,67,62,32,126,72,55,50,37,118,9,80,65,38,21,67,37,85,57,83,23,42,40,39,39,93,0,59,66,11,25,22,40,10,96,83,49,35,107,4,41,29,54,22,9,22,45,50,65,70,30,17,8,40,39,77,25
"COG1069",55,16,16,9,7,29,14,4,21,25,22,5,36,15,13,13,118,11,14,25,9,6,46,8,20,5,4,40,15,11,48,9,8,20,23,43,25,6,10,25,41,14,40,17,32,6,30,32,19,8,6,7,17,11,8,10,22,7,31,10,46,27,10,6,18,24,9,13,9,5,30,8,19,13,7,10,7,48,11,9,3,23,14,13,12,64,8,4,8,37,1,39,20,22,13,9,7,14,5,7
"COG1070",116,106,300,295,202,88,251,223,267,189,76,229,153,207,240,236,214,212,251,125,254,245,217,268,147,198,294,145,236,285,115,246,178,251,316,227,82,240,259,240,87,298,242,316,110,205,112,283,199,210,188,275,158,277,211,204,192,253,110,239,104,104,289,243,135,69,238,234,104,114,111,196,325,327,337,299,239,162,144,227,176,191,265,168,187,171,220,269,172,143,123,117,227,242,248,245,374,257,231,260
"COG1071",369,418,580,342,634,372,415,372,326,467,503,663,542,481,364,429,187,528,363,375,537,594,545,378,371,458,514,563,444,605,315,525,538,566,552,479,433,512,447,625,436,440,370,524,433,601,426,495,538,515,518,491,582,348,579,560,532,372,442,405,422,402,646,413,444,392,374,449,588,497,454,542,384,527,496,434,417,372,598,438,543,618,409,483,496,477,457,691,334,460,509,446,710,599,445,485,595,425,593,559
"COG1072",5,9,15,24,12,5,9,7,27,14,9,11,6,15,29,17,6,18,14,5,18,23,16,27,7,11,16,14,6,23,7,29,9,10,26,29,10,17,10,23,0,10,48,22,5,27,10,7,26,13,16,19,5,20,13,22,17,17,20,11,4,1,9,4,4,3,11,17,8,15,1,14,24,21,13,20,19,25,13,17,31,12,10,22,16,12,15,24,15,8,16,7,25,16,27,17,6,12,22,12
"COG1073",310,295,290,242,335,262,273,329,325,448,285,332,437,335,340,290,630,295,355,327,307,291,584,257,320,377,304,311,320,402,384,312,360,537,480,372,310,337,349,393,313,238,464,362,319,290,334,342,343,375,378,314,388,373,294,363,383,359,308,316,262,315,237,338,315,311,315,347,332,413,308,368,320,332,210,245,298,326,279,260,400,301,322,413,364,394,274,183,345,310,375,309,376,369,300,340,175,316,281,338
"COG1074",324,408,645,285,592,314,650,500,328,248,225,467,282,391,412,500,399,496,266,273,605,608,497,309,423,340,338,300,396,426,372,517,372,517,427,368,284,437,448,428,266,521,371,371,303,469,279,622,367,302,286,395,357,236,615,486,203,429,299,407,286,331,692,345,173,229,445,455,256,492,287,398,357,335,729,436,439,312,408,435,175,556,310,349,128,314,417,659,245,323,252,242,550,400,306,518,574,512,679,346
"COG1075",58,104,196,49,27,43,87,74,28,14,90,84,38,47,37,60,68,64,34,38,59,48,87,41,79,76,56,64,53,102,96,38,73,67,93,43,93,59,113,63,73,78,90,64,61,37,104,191,46,88,45,99,45,24,91,67,67,52,118,65,64,62,217,58,48,76,77,53,74,12,48,58,44,69,85,72,59,59,81,86,49,103,37,58,39,41,64,13,64,55,40,51,88,124,23,70,260,97,135,60
"COG1076",142,125,65,104,88,144,85,98,97,79,94,74,114,67,96,112,151,90,147,122,62,152,105,78,103,96,74,84,87,73,145,83,97,86,74,79,129,89,86,73,133,84,121,73,126,105,117,86,79,63,96,82,70,150,71,73,106,90,103,66,127,154,63,75,88,165,89,75,82,137,109,103,99,81,80,80,113,125,92,60,78,101,89,107,78,110,77,104,97,106,62,135,70,89,84,96,43,93,67,81
"COG1077",163,197,229,234,226,210,255,263,235,235,188,292,187,264,209,299,92,249,304,202,215,190,134,228,244,268,245,175,280,260,135,255,295,170,184,166,247,276,298,205,185,280,113,256,164,254,211,199,242,288,398,411,303,450,400,412,392,369,260,328,288,305,305,422,314,344,329,376,458,315,270,384,396,377,381,349,392,242,381,430,347,370,420,341,412,244,412,294,360,274,418,241,382,393,429,328,389,358,371,436
"COG1078",111,46,236,59,85,160,145,127,40,44,41,127,121,109,65,103,21,124,52,144,202,70,87,58,96,113,94,206,123,135,81,120,116,110,118,161,20,117,108,126,108,130,54,82,126,120,34,172,111,78,59,123,139,53,195,131,34,89,48,106,144,102,268,105,174,24,102,107,97,80,134,122,90,98,190,115,131,119,109,112,115,157,80,78,100,151,103,112,52,142,56,131,134,117,55,78,295,195,201,93
"COG1079",175,223,96,217,165,245,135,189,136,109,130,188,129,168,87,177,13,165,191,185,141,160,101,193,139,189,193,125,121,180,159,199,166,105,139,139,222,191,170,162,235,218,186,195,231,190,233,92,199,142,209,202,139,194,126,181,168,217,142,203,176,220,119,125,105,216,157,178,192,137,178,183,130,251,126,250,174,186,252,161,198,204,163,201,207,150,199,164,156,193,253,209,167,154,159,217,83,107,103,259
"COG1080",56,92,64,71,7,45,38,64,59,65,101,79,72,65,24,60,24,62,59,54,49,6,94,102,52,71,76,39,62,79,37,74,88,113,98,60,96,63,95,78,44,69,106,58,54,68,112,32,78,77,92,73,82,41,49,90,40,99,109,93,40,45,50,80,47,95,51,84,74,41,50,63,51,89,32,83,69,80,99,91,86,66,68,92,71,52,136,76,85,54,107,55,41,58,77,88,25,38,26,90
"COG1082",257,270,192,348,192,227,214,252,351,345,260,254,414,258,262,250,414,236,297,286,257,190,363,295,226,248,265,352,264,252,271,252,237,354,343,312,219,230,229,405,262,232,337,298,289,254,319,235,273,221,255,271,330,277,231,233,250,264,299,338,273,291,182,203,209,231,199,260,192,137,288,249,291,286,162,345,193,248,186,278,274,287,320,309,270,288,280,308,220,262,207,261,272,260,318,358,157,206,176,221
"COG1083",127,148,119,185,136,181,164,176,179,205,252,136,256,155,175,184,86,157,190,135,157,186,158,163,152,171,164,163,158,126,102,144,186,159,143,165,273,162,156,131,125,162,83,148,110,147,208,142,159,157,147,155,198,231,117,157,219,176,197,168,140,137,122,166,331,292,154,143,142,221,147,193,181,131,130,133,194,117,135,150,217,115,208,170,200,118,152,92,226,137,231,122,145,167,129,133,136,160,125,133
"COG1084",16,10,9,9,32,14,13,10,0,1,6,68,20,31,0,5,8,34,11,10,26,2,32,21,9,24,5,26,13,36,9,29,24,26,41,13,7,27,8,56,25,9,4,12,14,35,8,14,26,28,26,15,45,2,51,45,21,20,4,11,12,19,39,14,9,4,13,23,27,1,13,36,6,16,5,21,6,9,45,25,15,88,0,28,14,9,3,3,3,15,27,20,51,23,3,5,18,25,44,19
"COG1085",142,71,13,25,42,128,16,16,41,23,68,31,106,34,40,30,191,21,19,131,43,27,54,20,62,24,34,96,23,23,90,36,16,43,39,143,55,29,7,48,109,15,78,22,120,35,65,55,40,17,22,27,58,41,37,19,34,25,61,24,109,113,16,18,140,42,25,19,64,20,154,42,36,26,25,33,18,135,45,16,53,20,40,27,68,163,11,54,15,97,12,138,29,19,32,18,8,36,28,26
"COG1086",320,258,327,250,288,351,279,311,251,327,258,230,329,231,282,308,128,282,316,279,266,271,257,277,273,270,250,265,237,307,253,225,307,342,233,326,241,233,329,220,291,267,199,279,288,262,227,297,274,326,302,277,260,353,264,263,357,247,285,245,292,271,371,265,381,252,252,238,232,557,286,272,250,257,276,191,312,294,200,229,306,174,315,266,254,283,236,239,302,325,321,320,269,260,246,214,320,248,238,254
"COG1087",136,174,231,154,162,129,202,226,232,236,177,156,141,150,213,226,139,175,250,109,168,154,150,166,162,171,193,132,181,180,148,163,190,156,158,173,203,139,155,140,143,190,157,218,139,156,176,251,138,208,165,181,128,251,182,173,200,157,141,160,118,120,276,191,128,168,176,169,114,195,134,165,163,175,169,147,182,107,127,159,158,142,241,167,145,130,173,156,196,147,159,143,162,174,139,189,293,169,148,174
"COG1088",342,227,219,302,244,336,255,243,239,326,286,311,313,314,283,258,149,272,283,351,220,250,189,294,328,300,258,286,262,223,208,233,353,237,282,336,285,265,310,191,295,248,216,320,321,280,307,213,250,349,360,263,318,300,199,238,343,271,293,338,344,297,230,303,422,304,444,307,229,259,346,241,242,280,181,485,247,311,388,329,323,218,266,358,293,264,285,297,348,330,312,325,241,336,183,256,261,245,221,294
"COG1089",204,253,277,365,287,254,342,353,269,354,264,361,289,393,267,335,141,337,370,290,270,267,186,371,320,430,372,249,365,284,161,272,442,206,369,243,284,355,393,211,225,348,182,303,261,314,352,306,308,318,307,313,302,339,244,289,348,409,278,458,256,255,311,370,345,282,399,382,232,391,257,344,337,305,258,444,370,225,414,368,338,258,369,360,335,209,402,225,415,232,393,266,247,359,265,250,365,309,224,366
"COG1090",74,111,262,69,125,65,187,158,68,143,55,161,132,160,100,150,118,167,99,97,210,120,175,105,116,164,147,133,167,192,91,157,124,171,164,102,55,169,158,178,71,185,99,137,87,180,95,213,143,165,140,169,194,63,194,179,126,142,75,170,91,105,321,132,101,59,130,157,112,186,94,122,129,142,217,164,162,111,203,133,128,177,130,108,114,113,128,170,88,99,117,95,196,148,111,145,257,172,227,149
"COG1091",204,204,158,141,230,226,149,148,171,243,290,141,220,167,184,139,171,163,202,189,162,236,179,174,157,145,169,201,190,175,206,160,186,165,169,244,295,180,186,122,190,141,192,196,205,184,292,167,158,178,198,167,187,231,134,187,204,160,277,171,200,188,159,192,227,306,182,167,120,243,213,173,156,164,141,154,187,226,172,156,190,117,190,164,148,196,192,227,202,209,232,205,176,168,130,169,151,151,166,170
"COG1092",108,70,106,47,115,63,86,23,96,39,51,44,67,65,139,37,328,18,32,39,55,154,160,32,99,17,38,40,20,49,217,34,18,165,87,46,19,21,30,45,37,26,169,54,86,29,44,121,28,16,12,39,34,39,40,22,35,15,78,39,50,54,101,18,6,52,54,24,57,139,53,27,55,65,84,51,47,103,29,39,5,37,24,16,15,53,47,116,14,56,19,55,82,30,51,38,47,42,42,28
"COG1093",112,35,7,10,24,119,6,4,0,1,54,40,59,22,0,5,8,20,8,108,34,0,37,10,42,24,6,86,13,30,47,19,14,42,28,86,30,19,15,66,94,13,45,2,75,39,15,23,46,24,20,20,83,3,42,24,12,12,43,15,104,88,23,12,133,21,9,18,45,1,120,31,4,10,5,14,4,97,68,18,64,54,0,28,37,86,9,6,5,107,22,98,26,15,6,2,17,23,43,12
"COG1094",67,37,6,9,35,80,7,7,2,2,22,37,40,14,0,6,4,20,6,41,22,4,20,5,30,19,8,69,4,35,31,33,15,33,30,52,24,27,11,40,58,8,18,2,70,38,11,25,35,19,17,13,50,1,30,22,10,8,22,12,63,47,30,11,56,9,8,18,36,0,51,29,3,9,8,29,3,68,27,29,26,53,0,19,20,55,6,2,5,61,22,64,34,10,7,2,13,26,45,12
"COG1095",63,17,7,5,15,92,3,3,1,0,29,29,45,16,1,3,8,16,5,60,18,1,13,13,38,28,5,70,8,29,27,19,14,24,19,40,23,13,9,46,53,7,18,2,63,18,14,11,30,21,25,15,61,0,23,24,15,4,31,10,71,52,24,10,51,14,7,15,44,0,75,30,6,9,9,20,7,58,34,20,19,36,0,28,34,58,2,8,6,57,13,69,20,12,6,3,12,18,28,9
"COG1096",39,16,3,6,1,45,2,0,1,0,12,20,27,10,0,5,1,15,4,33,11,1,14,3,13,9,2,46,6,12,10,22,8,10,16,24,7,6,11,24,20,3,9,0,27,25,6,6,34,10,13,3,29,0,24,14,6,4,10,8,32,32,7,3,78,7,4,9,22,0,24,13,0,5,3,7,1,25,25,7,25,37,0,21,10,19,4,2,0,32,7,22,8,5,0,1,4,16,21,8
"COG1097",96,30,10,5,7,132,7,4,0,0,42,32,46,27,0,7,2,13,4,125,26,4,19,10,50,11,6,93,11,17,41,24,13,37,28,103,20,22,7,38,106,12,46,5,86,24,10,10,26,27,17,9,45,0,37,17,10,8,45,8,91,113,18,10,78,11,8,12,34,1,108,32,4,8,5,11,5,116,26,10,34,28,0,22,26,102,5,4,2,109,23,133,21,9,2,2,9,31,25,4
"COG1098",0,0,0,0,0,0,0,0,0,0,0,0,0,0,0,0,0,0,0,0,0,0,0,0,1,0,0,0,0,0,0,0,0,0,0,0,0,0,0,0,0,0,0,0,0,0,0,2,0,0,0,0,0,0,0,0,3,0,0,0,0,0,1,1,0,0,0,0,0,0,0,0,0,0,0,0,0,0,0,0,0,0,0,0,0,0,0,0,0,0,0,0,0,0,0,0,0,0,1,0
"COG1099",6,10,7,3,4,3,4,0,4,1,5,0,14,5,1,2,0,2,1,8,4,3,8,2,3,0,1,5,5,2,8,8,4,18,7,4,1,3,3,11,2,2,6,5,7,8,10,7,15,0,0,5,10,4,6,6,0,3,5,7,6,4,6,1,33,2,0,1,2,1,2,8,2,4,3,8,0,4,1,3,2,8,4,2,1,7,7,7,1,5,3,7,7,6,4,5,4,9,5,1
"COG1100",62,35,578,103,68,52,420,378,106,55,35,169,76,223,94,300,63,364,143,78,383,76,31,111,165,253,159,84,232,296,45,188,261,113,217,92,23,253,302,125,45,377,31,170,49,164,41,512,123,102,63,320,116,95,407,226,51,270,30,275,43,48,577,230,94,12,304,264,65,26,49,184,242,173,568,304,394,43,181,285,76,353,152,142,85,35,223,47,136,99,43,46,250,284,64,225,839,546,497,231
"COG1101",0,1,10,2,0,1,0,0,0,3,14,0,0,1,0,1,4,1,0,0,1,0,7,3,4,0,0,0,1,1,0,4,1,1,1,1,5,0,1,2,0,1,4,0,0,0,3,0,1,0,1,0,5,0,1,1,0,0,4,1,7,0,1,2,0,2,1,1,7,0,1,1,2,2,1,2,1,6,0,6,0,1,0,1,0,0,1,1,1,1,0,0,0,0,1,2,1,1,0,0
"COG1102",76,15,4,12,9,78,4,2,3,2,28,16,36,13,0,8,4,10,6,54,15,0,26,11,20,15,4,68,7,20,26,19,8,26,14,49,19,14,3,30,70,12,28,4,54,19,11,10,26,10,18,13,37,2,33,25,8,6,23,6,63,55,16,2,64,10,7,6,32,0,79,30,3,9,6,11,1,60,21,12,19,20,1,19,26,65,6,5,2,53,22,61,14,8,4,3,9,7,22,9
"COG1104",307,363,512,235,230,352,464,426,271,247,431,353,269,290,274,411,235,401,352,348,410,226,310,260,426,379,327,309,388,380,286,291,365,357,319,392,466,318,394,309,321,447,287,340,317,305,373,436,303,286,243,390,320,290,422,334,309,371,412,337,352,322,509,364,223,382,398,325,294,189,368,268,336,336,520,369,365,310,349,338,274,333,298,275,276,350,396,348,287,364,244,337,307,387,307,299,597,370,485,335
"COG1105",8,1,6,0,0,2,0,0,2,1,3,2,0,1,2,0,2,0,2,5,0,0,7,1,3,3,0,5,0,5,5,0,0,5,6,9,1,0,3,2,5,2,21,1,2,0,1,8,1,1,0,3,5,0,0,7,1,0,8,2,8,3,6,0,3,1,6,0,0,1,7,1,0,2,0,0,0,4,1,1,0,0,0,0,1,6,5,0,0,3,1,9,3,1,0,4,3,0,0,1
"COG1106",3,1,12,0,1,2,1,2,0,1,4,1,0,2,15,1,4,1,1,4,0,0,5,0,3,0,0,1,0,3,4,0,0,1,2,13,1,0,1,1,0,0,4,0,0,0,2,15,0,0,2,2,1,0,0,0,0,1,0,1,0,0,15,0,0,1,0,0,0,0,2,0,0,0,1,0,0,7,2,0,0,0,0,0,0,6,0,0,0,5,1,2,0,2,1,1,0,0,0,0
"COG1107",0,0,0,0,0,1,0,0,0,0,1,0,0,0,0,0,0,1,0,0,0,0,0,0,1,0,0,1,0,0,0,0,0,0,0,0,0,0,0,4,0,0,0,0,0,0,0,0,0,0,0,0,1,0,0,0,0,0,1,0,1,0,0,0,2,0,0,0,0,0,1,0,0,0,0,1,0,1,0,0,4,0,0,2,4,2,0,0,0,0,0,0,0,0,0,1,0,0,0,0
"COG1108",106,108,390,276,236,125,386,351,226,237,166,249,219,276,226,408,43,335,324,128,348,454,196,262,225,312,268,228,274,286,88,324,319,265,259,169,132,298,411,288,119,406,118,284,126,306,106,325,299,251,259,321,237,324,368,291,198,388,99,338,117,134,437,248,254,103,337,332,239,315,118,294,305,301,430,299,337,127,166,295,306,357,182,272,341,105,322,251,285,165,225,132,240,351,216,290,517,392,337,332
"COG1109",811,888,932,1009,838,948,973,1104,988,1217,855,948,965,987,877,1072,443,1134,1048,925,943,917,648,1045,890,1035,1099,924,1038,1068,696,970,1023,746,805,940,818,1008,1056,824,945,964,677,1007,831,976,857,687,1032,1115,1172,969,863,1084,935,1048,1057,1047,786,1053,949,941,861,1027,1153,878,980,1062,1043,1015,869,1004,946,1025,1012,905,1059,866,968,977,1092,918,1064,1076,1120,859,1108,894,1187,910,1254,884,904,1018,979,1074,966,917,913,1088
"COG1111",133,43,14,25,43,172,23,12,1,1,78,79,92,65,0,9,17,49,17,124,68,3,55,37,71,46,22,159,32,47,54,48,50,79,76,144,68,55,22,105,116,19,62,15,114,84,45,37,82,56,40,46,149,2,108,65,26,25,54,29,138,137,79,17,173,23,19,44,90,2,168,90,15,22,14,61,13,142,88,60,60,123,5,69,69,122,19,9,14,131,62,151,87,42,12,8,37,37,71,45
"COG1112",118,128,208,141,199,109,156,108,79,76,172,210,162,208,85,105,486,190,94,107,192,143,231,143,118,185,92,188,106,198,133,195,151,256,319,211,194,201,143,202,114,166,220,116,84,183,129,273,207,149,173,198,182,99,230,164,156,102,142,147,115,116,310,107,86,189,140,135,139,161,119,205,107,127,149,204,146,135,323,211,172,357,75,270,138,117,130,69,138,174,159,96,347,175,99,108,271,265,251,156
"COG1113",0,0,0,0,0,0,0,0,0,0,0,0,1,0,0,0,0,0,0,0,0,0,1,0,0,0,0,0,0,0,0,0,0,0,0,1,2,0,0,0,0,0,4,0,0,0,0,2,0,0,0,0,0,0,0,0,0,1,1,0,0,2,1,0,0,0,0,0,0,0,1,0,0,0,0,0,2,1,2,0,0,0,0,0,0,2,0,0,4,1,0,1,0,0,0,0,0,0,1,0
"COG1114",9,0,2,0,6,2,2,0,0,0,0,0,0,0,10,2,6,0,0,3,0,9,12,0,2,0,0,2,0,0,14,0,1,3,3,0,0,0,1,0,0,1,13,1,0,0,0,8,0,1,0,1,0,3,1,0,2,0,3,0,8,2,6,0,0,0,12,0,1,88,2,0,0,1,0,0,1,7,0,0,0,0,0,0,1,10,0,18,4,4,0,1,2,4,1,1,0,0,0,0
"COG1115",310,312,285,241,354,231,218,159,213,338,408,328,232,253,348,215,331,208,203,172,213,373,295,285,232,223,313,314,268,335,340,325,257,323,264,276,295,231,204,227,284,184,296,331,235,291,326,311,283,408,392,282,217,238,267,273,364,155,331,202,286,242,229,234,232,242,203,207,455,390,257,251,249,328,271,204,202,214,251,253,281,203,249,283,177,270,295,427,245,278,285,219,386,242,366,294,232,218,247,277
"COG1116",202,128,92,106,89,174,173,158,167,81,115,54,156,97,75,140,185,95,138,189,134,125,201,68,161,81,62,151,104,59,223,83,69,183,216,255,83,68,103,138,129,165,304,47,176,91,75,141,110,28,45,65,171,141,114,93,77,114,167,113,174,180,101,98,152,85,144,112,85,72,196,118,164,75,162,95,135,270,76,63,81,130,107,94,123,177,73,77,60,164,38,220,92,126,95,128,45,108,98,61
"COG1117",54,34,179,67,21,25,217,177,251,211,38,49,69,284,66,305,111,146,97,56,212,14,105,63,132,103,47,184,226,74,75,235,86,120,177,74,27,257,92,214,26,258,104,68,33,233,52,154,248,37,63,85,157,74,89,292,49,212,52,188,63,22,167,254,49,26,239,162,56,6,48,261,283,66,205,125,289,45,48,95,229,126,238,131,183,39,139,82,226,52,20,43,54,109,297,279,189,109,109,76
"COG1118",17,13,8,1,0,5,18,1,1,0,11,5,6,7,11,0,6,6,3,10,6,2,16,2,11,4,1,11,5,3,24,3,4,12,18,30,17,3,2,8,8,1,30,1,7,4,14,28,11,1,7,4,21,1,11,6,18,10,23,3,19,6,6,1,20,9,7,3,11,0,13,5,1,1,16,2,11,24,7,2,9,5,0,5,1,20,5,4,3,18,2,14,5,5,2,1,1,4,8,1
"COG1119",82,89,132,25,21,120,88,91,42,10,62,30,42,43,59,69,157,68,26,77,70,31,57,36,75,35,30,41,57,49,95,25,57,71,62,86,75,44,58,30,97,92,74,43,81,42,72,117,35,29,12,79,34,24,71,60,29,52,64,44,68,84,145,46,15,78,54,67,30,25,71,26,47,37,91,50,72,59,36,55,15,56,39,36,13,93,52,23,20,63,16,88,51,69,20,76,174,72,96,43
"COG1120",73,62,134,32,37,48,43,23,18,9,32,79,76,43,59,27,54,20,17,65,71,67,118,35,84,79,41,78,25,76,70,43,63,76,96,78,42,31,49,63,48,22,97,49,59,47,48,121,39,46,31,59,75,31,39,25,80,24,60,25,71,70,128,23,75,45,56,19,37,79,58,32,23,45,44,30,36,68,64,36,31,25,14,32,60,61,34,39,18,77,47,63,74,99,18,20,124,45,53,46
"COG1121",75,82,342,220,164,110,375,413,186,175,60,228,200,233,207,375,45,357,283,120,328,210,150,221,224,271,224,210,219,284,74,297,318,185,233,129,66,347,378,275,92,398,90,257,95,261,89,310,259,240,234,285,191,223,324,317,193,339,71,359,101,91,409,241,230,78,349,323,267,176,93,264,307,270,420,287,349,114,169,303,295,330,198,255,314,89,256,148,342,124,258,112,202,284,213,265,495,315,320,290
"COG1122",52,87,215,60,26,42,168,178,53,44,144,83,56,114,41,140,26,149,79,70,134,42,57,82,112,116,81,64,123,117,39,93,119,44,106,88,135,116,160,65,72,184,62,59,56,67,108,167,58,88,41,118,73,46,178,108,56,151,101,165,63,56,207,126,51,124,154,144,66,25,59,72,105,104,214,149,146,66,119,127,56,122,98,73,54,68,121,63,83,79,63,69,79,118,53,110,265,164,187,125
"COG1123",308,271,475,453,589,278,561,576,390,265,170,441,290,361,444,540,103,489,561,295,455,584,257,417,343,419,453,249,438,437,274,486,410,364,354,336,204,467,546,323,274,593,312,468,294,454,217,343,377,309,344,417,296,516,448,403,230,511,214,497,273,308,496,442,222,203,482,473,272,295,292,399,510,493,622,604,573,244,355,419,304,355,429,396,282,263,400,475,373,329,257,273,460,397,375,518,525,491,467,451
"COG1124",3,1,1,0,1,0,1,1,1,0,4,1,6,1,0,0,1,0,0,1,0,4,5,0,4,0,5,2,0,1,1,0,0,0,2,0,2,0,0,0,1,1,7,1,2,0,3,0,2,0,2,1,2,0,1,0,0,0,3,0,3,2,0,0,0,2,0,0,0,0,0,0,1,4,1,1,0,1,0,0,0,0,0,0,0,0,0,5,1,0,0,3,0,0,0,2,1,0,1,1
"COG1125",17,3,7,2,1,8,8,1,8,3,6,1,8,4,1,6,0,4,3,8,5,1,9,5,8,4,4,14,8,5,14,0,3,5,34,27,3,2,10,12,4,5,26,3,8,3,3,2,4,0,4,1,10,3,3,9,1,5,26,7,17,7,1,8,8,2,7,2,2,0,19,3,9,2,3,6,2,16,0,1,16,7,6,1,11,23,11,3,8,19,3,4,4,3,6,3,7,4,3,2
"COG1126",184,220,226,276,290,200,166,143,264,216,129,246,214,255,201,167,36,221,190,182,190,282,168,260,163,279,240,211,193,239,106,282,326,137,175,160,196,248,206,248,248,212,176,212,190,279,193,169,251,218,249,220,230,200,251,252,215,225,144,211,194,215,246,181,186,234,210,242,254,134,196,259,233,226,198,258,247,167,295,246,261,269,225,253,266,153,206,249,233,205,258,206,200,243,251,223,250,242,212,273
"COG1127",59,46,222,87,94,29,143,115,105,91,32,92,77,81,118,106,128,111,85,43,138,109,106,82,66,84,100,48,89,129,102,92,71,121,85,60,49,101,107,77,37,145,106,150,46,81,52,187,57,67,62,100,71,89,122,97,44,81,37,105,36,40,208,90,44,36,105,96,60,97,38,76,102,121,178,82,134,86,67,99,38,66,88,66,34,66,97,123,42,67,35,43,160,111,91,141,262,125,128,117
"COG1129",195,185,123,339,327,231,221,259,387,231,100,208,228,227,330,282,36,237,336,244,188,286,159,320,172,272,271,224,173,228,100,338,215,224,266,335,137,231,209,291,228,257,356,304,282,302,178,117,270,209,251,270,238,306,213,221,252,262,142,273,254,305,111,203,193,100,214,206,220,362,319,259,319,256,164,283,231,208,213,252,287,217,278,290,241,245,204,251,262,234,225,239,189,214,283,246,108,206,187,237
"COG1131",812,912,749,660,722,922,653,633,609,695,859,766,853,760,619,644,846,748,666,851,788,546,849,707,808,730,696,998,712,761,813,728,737,838,955,869,833,824,707,863,902,623,849,670,886,747,765,782,920,832,827,828,976,620,821,768,879,712,854,741,839,929,709,691,879,812,631,721,810,628,969,837,680,716,585,646,673,908,787,681,926,889,630,889,861,867,679,571,696,812,795,916,842,827,649,648,613,706,730,739
"COG1132",1359,1324,2142,1500,1794,1224,1973,2027,1570,1734,1304,1602,1578,1688,1576,1983,853,1937,1715,1480,1797,1821,1536,1464,1543,1751,1653,1491,1767,1883,1204,1677,1897,1533,1519,1395,1372,1763,1886,1593,1477,2033,1222,1806,1523,1604,1373,1909,1565,1673,1536,1781,1549,1630,1829,1848,1672,1889,1400,1855,1453,1441,2187,1760,1356,1345,1700,1775,1295,1885,1395,1676,1736,1625,2132,1611,1905,1459,1723,1721,1546,1612,1780,1565,1407,1509,1755,1746,1715,1480,1799,1511,1700,1854,1510,1776,2525,1932,1939,1751
"COG1133",69,110,46,224,149,117,123,164,193,220,59,126,133,148,129,174,5,146,201,101,87,134,42,176,96,157,147,74,120,144,55,147,172,40,86,83,123,136,153,89,127,110,57,163,94,146,145,44,146,155,186,116,125,234,101,140,128,171,84,170,92,116,38,156,142,167,138,161,149,247,85,169,158,164,96,109,177,84,148,154,169,100,183,182,205,57,128,97,213,83,194,99,94,118,197,166,57,102,84,181
"COG1134",75,64,107,34,19,63,38,30,35,30,112,51,82,47,39,40,71,32,37,60,56,13,80,53,56,54,34,79,39,47,75,32,79,86,79,90,111,27,39,61,59,37,84,32,62,32,98,123,33,35,26,68,83,35,63,56,49,43,81,36,66,70,93,34,70,117,27,36,33,24,75,53,27,34,41,44,28,71,63,46,28,46,44,30,27,85,30,34,26,87,34,50,71,73,37,47,96,50,59,37
"COG1135",59,9,12,1,0,83,10,2,2,0,15,3,4,4,7,7,7,1,0,59,6,1,23,2,25,2,3,58,3,3,49,2,2,13,14,69,6,4,1,18,57,3,55,0,49,2,4,10,15,5,1,1,40,1,2,5,7,5,37,0,73,57,6,2,2,6,4,6,3,0,79,6,5,1,1,2,5,70,6,2,8,2,1,2,7,66,3,7,6,56,2,79,2,7,5,5,2,1,4,0
"COG1136",523,526,511,384,489,498,491,515,350,389,457,553,530,466,415,493,537,524,451,509,542,414,583,423,496,501,464,637,536,563,420,490,470,530,493,515,508,471,509,491,539,467,412,521,543,529,530,477,493,579,484,463,597,397,561,498,523,507,515,501,554,557,550,510,500,513,448,498,491,333,538,467,455,492,480,434,449,471,519,525,504,507,444,492,457,511,474,497,471,493,586,527,539,497,398,464,557,429,534,455
"COG1137",135,203,230,240,221,185,251,316,266,310,176,245,210,208,261,285,118,256,303,157,220,266,169,204,203,268,286,170,234,280,153,220,255,180,191,149,195,284,290,161,192,268,138,291,185,240,207,210,239,277,288,278,201,331,240,246,260,262,175,236,169,166,205,274,191,215,231,261,197,269,175,254,276,246,247,206,262,143,239,234,256,172,301,267,202,169,256,252,312,153,260,164,248,273,271,273,291,247,239,238
"COG1138",418,514,234,596,533,466,433,591,679,912,434,576,558,550,538,556,263,611,665,468,491,474,449,639,472,632,610,519,572,580,361,596,619,406,382,336,453,622,554,547,488,448,340,598,501,597,496,344,654,699,749,564,624,687,503,634,709,593,405,576,515,546,331,631,635,508,529,648,585,444,495,590,546,552,363,491,538,417,664,643,702,543,584,715,632,339,617,401,775,461,833,454,517,554,519,589,276,457,431,623
"COG1139",46,76,13,4,0,45,5,1,2,0,61,1,37,3,3,1,6,2,1,50,6,2,38,5,19,0,0,42,1,3,20,1,0,14,12,31,85,2,1,28,66,4,42,0,68,1,53,9,8,0,0,1,47,2,4,9,1,5,92,7,94,73,11,4,18,115,2,6,1,0,70,14,1,1,3,4,2,114,5,2,7,10,2,6,15,90,6,7,4,60,0,106,9,5,2,7,3,3,4,1
"COG1140",14,465,10,1,2,212,4,0,0,0,443,2,16,3,3,0,78,1,0,16,8,2,24,5,17,3,0,21,0,2,18,4,4,29,6,33,512,2,1,11,178,0,24,2,27,3,573,12,13,0,0,3,8,0,5,7,13,2,375,0,21,30,5,1,7,569,1,1,5,0,21,9,1,1,2,7,0,29,7,1,8,7,0,3,7,10,1,10,1,26,1,30,3,2,1,3,4,1,3,0
"COG1141",0,3,71,16,4,1,41,36,11,0,1,18,0,16,6,22,2,34,10,1,24,1,0,18,20,20,24,0,26,26,0,12,23,10,19,4,0,36,24,6,0,40,0,25,0,17,3,52,10,17,0,37,3,6,39,18,9,13,0,30,0,0,71,18,0,1,35,17,1,1,0,13,13,28,41,34,28,0,13,32,5,22,14,10,3,1,24,3,13,3,3,1,22,27,11,24,74,46,47,33
"COG1142",13,31,154,24,0,12,103,106,24,6,59,45,22,64,20,90,2,89,30,27,85,0,13,35,43,101,32,16,88,71,8,41,78,27,49,21,48,50,67,37,27,147,15,40,11,40,45,111,21,30,6,71,25,41,96,52,11,64,53,90,9,19,175,66,17,57,67,85,16,0,14,47,68,64,146,89,86,13,38,67,9,70,64,28,14,10,57,4,30,20,5,5,37,78,15,84,221,106,129,54
"COG1143",183,185,142,110,90,236,138,153,151,146,243,244,196,165,112,165,25,192,174,211,176,66,140,148,162,200,205,207,177,213,104,152,233,136,144,166,199,206,241,171,237,166,100,181,199,138,196,165,161,206,174,209,210,134,154,176,225,187,178,185,218,213,168,164,232,215,167,174,186,138,175,168,146,257,132,167,168,193,216,173,181,173,167,164,257,196,153,106,185,187,218,187,127,246,154,157,213,178,170,222
"COG1144",3,111,0,0,0,42,0,0,0,0,84,0,5,0,0,0,0,0,0,11,1,0,8,1,2,0,0,6,0,0,5,1,0,1,0,2,153,0,0,2,59,0,4,0,6,1,153,0,1,0,0,0,6,0,0,0,0,0,59,0,11,6,0,0,0,177,0,0,0,0,10,0,0,0,0,0,0,7,0,0,0,0,0,0,0,9,0,5,0,2,0,13,0,0,0,0,0,0,0,0
"COG1145",83,162,126,75,95,80,68,61,60,37,282,46,49,49,51,48,41,34,23,94,78,88,88,40,54,36,46,75,30,51,77,41,33,54,51,63,319,56,57,60,107,70,76,66,109,36,218,43,44,29,16,43,63,18,64,42,17,47,228,49,88,108,111,42,35,255,75,47,16,56,85,53,54,62,117,63,100,112,45,46,27,49,43,21,20,116,47,55,23,66,9,104,69,37,46,81,176,82,84,52
"COG1146",225,255,79,213,216,235,118,152,182,191,232,139,266,163,140,164,53,166,158,260,148,194,128,187,165,162,186,248,135,152,144,148,168,139,138,192,234,174,136,191,295,137,161,159,205,174,223,90,186,152,180,153,249,170,152,160,167,163,212,153,237,279,73,172,311,230,161,174,243,178,233,193,168,152,110,162,153,219,180,177,251,158,198,185,244,229,130,144,217,222,175,250,115,152,213,163,49,132,145,145
"COG1148",59,179,3,3,0,60,1,0,0,0,405,0,21,1,0,1,1,0,0,55,3,0,10,10,18,0,0,91,0,1,26,2,4,5,4,14,486,0,0,13,100,8,23,0,63,1,226,1,9,0,0,2,19,0,2,4,1,5,269,0,101,57,1,0,2,376,1,4,2,0,80,9,2,0,2,4,4,59,19,0,2,4,5,5,3,54,2,0,1,64,2,85,1,8,0,1,2,2,4,1
"COG1150",5,41,0,1,0,6,1,0,0,0,85,1,7,1,0,0,1,5,0,1,1,0,6,6,2,1,0,15,5,2,0,1,6,3,5,1,80,1,0,3,10,5,0,0,4,0,64,1,1,0,0,0,7,0,1,2,0,1,41,1,7,1,3,1,2,77,0,1,1,0,5,3,2,0,1,0,2,0,3,0,0,2,2,3,2,1,1,0,0,7,0,3,1,3,0,0,0,1,3,0
"COG1151",0,35,3,0,0,1,0,0,0,0,70,0,0,0,3,1,5,0,0,2,0,0,11,0,1,0,0,0,0,1,0,0,0,0,0,0,94,0,1,0,2,0,0,0,0,0,70,0,0,1,0,0,1,0,0,1,0,0,57,0,0,0,2,0,0,61,0,0,0,0,0,0,0,0,0,0,0,0,4,0,0,0,0,0,0,0,1,0,0,0,1,0,6,0,0,0,4,0,0,0
"COG1153",0,5,2,0,0,3,0,0,0,0,4,0,4,3,0,0,0,0,1,2,2,0,0,1,1,0,3,2,1,0,0,0,3,6,2,0,1,2,0,0,1,0,1,0,1,3,3,1,0,0,0,0,1,1,0,0,1,0,6,0,0,1,0,0,1,5,0,1,3,0,2,4,2,1,0,0,0,2,0,2,1,3,1,1,1,5,0,1,0,1,0,3,2,0,1,3,1,1,0,0
"COG1154",352,486,564,673,593,398,595,687,630,809,446,509,427,559,623,674,230,611,641,369,541,473,280,669,435,621,638,359,580,611,248,564,626,385,446,402,497,680,645,430,414,647,296,677,373,516,488,489,496,619,580,669,407,683,597,589,574,605,392,609,365,371,551,579,410,545,618,638,649,563,360,553,590,666,585,550,632,293,502,584,563,560,635,596,601,352,587,522,697,394,621,353,554,526,697,596,642,592,553,633
"COG1155",197,61,17,17,35,289,13,14,2,8,85,86,130,53,0,11,12,38,12,211,50,1,60,16,105,47,19,196,23,63,75,81,31,84,59,175,39,60,23,109,204,29,77,12,182,69,33,34,121,63,40,32,150,7,93,74,26,17,81,31,229,224,50,20,235,37,18,31,130,0,253,77,13,37,28,36,14,195,71,35,97,105,2,69,99,226,20,10,8,188,54,273,54,16,11,5,31,61,67,22
"COG1156",131,50,15,12,25,153,7,5,3,2,45,71,115,27,0,19,9,41,10,124,47,0,32,16,55,28,17,160,23,47,50,60,30,72,57,94,23,52,21,97,114,19,35,12,108,50,17,26,99,49,26,18,136,1,76,41,20,22,58,16,127,111,50,25,170,38,19,27,106,0,142,70,10,24,14,35,8,109,65,24,78,79,0,43,84,147,9,11,6,127,37,145,48,30,9,6,27,47,49,28
"COG1157",77,41,65,78,49,51,62,64,108,39,19,45,42,34,59,53,136,23,63,69,49,74,89,62,69,49,61,58,49,53,134,37,37,110,66,68,28,22,60,45,42,86,112,47,64,24,33,80,51,25,23,44,41,48,31,43,33,57,45,51,58,55,74,48,12,33,46,44,21,81,65,25,64,65,81,67,70,90,35,51,19,39,40,30,18,57,58,48,21,74,33,66,73,45,108,72,50,51,48,46
"COG1158",354,455,334,447,458,332,359,437,526,559,420,457,442,415,444,439,218,417,500,349,352,482,367,424,336,434,541,406,440,469,311,440,523,403,382,301,413,472,444,397,400,357,301,531,382,466,437,306,471,618,510,434,435,528,361,511,536,426,373,409,371,341,262,450,466,445,367,437,576,529,340,486,488,440,309,351,397,326,444,370,539,388,558,495,595,334,437,443,570,375,577,341,418,475,622,388,263,351,311,522
"COG1159",122,143,249,150,197,141,225,201,172,180,100,143,82,155,217,213,112,174,230,104,175,205,86,144,142,157,180,91,175,208,119,192,162,147,134,132,92,164,163,120,115,195,136,217,134,178,137,197,139,143,135,211,115,219,183,137,125,180,129,156,105,119,221,180,86,114,156,150,100,192,106,131,173,191,258,149,205,112,137,165,125,141,158,158,75,77,177,264,121,126,101,103,180,159,161,207,247,196,257,182
"COG1160",244,268,466,286,332,265,359,421,284,328,263,274,249,275,286,407,182,370,341,213,373,334,281,276,262,323,369,226,308,338,234,329,296,282,294,236,249,306,353,256,254,395,250,371,252,297,281,363,277,291,325,346,281,380,307,316,340,345,277,340,250,236,366,319,242,262,328,298,245,283,238,260,337,395,470,328,343,236,290,378,289,268,328,282,272,243,346,429,299,270,263,218,327,338,316,335,450,315,365,345
"COG1161",30,19,121,14,40,20,44,27,30,9,28,44,18,73,58,28,102,42,23,21,77,62,38,29,45,63,30,15,71,55,65,52,59,42,61,15,21,85,39,37,28,52,34,33,20,40,27,118,37,19,5,70,18,19,110,20,15,19,27,27,28,29,118,77,3,12,39,28,20,58,40,34,60,44,89,72,64,31,62,33,3,88,52,45,7,19,41,14,8,31,4,29,89,61,17,40,170,128,139,45
"COG1162",85,85,217,75,174,103,157,129,99,103,41,136,61,107,169,119,193,114,80,72,139,214,99,67,121,127,144,66,153,141,126,139,115,109,102,76,51,114,146,62,79,120,75,166,94,112,73,186,74,111,84,127,70,91,170,118,77,86,52,109,85,91,183,136,26,42,107,96,54,206,69,100,110,121,187,121,121,83,102,88,61,88,101,83,38,83,104,239,50,103,57,71,167,128,112,137,228,145,159,116
"COG1163",89,35,7,13,26,141,7,10,3,0,64,50,104,38,0,12,12,34,8,113,45,2,47,15,64,23,8,114,21,22,46,50,28,55,56,101,42,27,16,79,122,12,38,9,84,56,39,26,73,29,29,18,99,2,69,36,25,12,57,24,96,85,37,19,139,30,9,24,60,2,110,58,7,15,8,26,7,87,63,32,55,82,1,48,68,97,14,7,6,111,35,104,49,18,3,8,17,45,66,19
"COG1164",244,139,141,154,124,246,98,122,155,91,98,163,207,103,110,121,32,128,132,240,173,97,200,116,136,151,127,258,115,180,125,173,107,276,161,199,62,129,116,249,210,116,125,145,215,184,80,114,194,178,131,162,260,122,178,153,142,134,119,142,220,200,204,107,254,57,93,108,136,29,241,162,139,139,121,145,108,213,174,137,176,204,107,200,174,197,106,149,82,216,127,250,181,93,153,140,111,140,179,129
"COG1165",84,87,289,47,93,71,194,195,74,70,70,78,41,113,100,164,13,196,79,90,178,130,51,60,118,105,99,67,160,148,68,123,107,68,122,113,109,121,146,81,86,252,65,111,79,103,87,263,81,58,21,81,43,48,138,77,58,101,38,94,59,57,201,84,39,57,108,86,29,58,63,50,97,75,183,104,107,65,68,84,44,96,65,40,48,64,93,104,46,88,23,52,124,98,38,80,260,148,186,77
"COG1166",101,50,344,94,16,50,361,323,92,55,43,76,48,158,128,247,237,239,120,44,253,16,114,70,160,156,94,17,187,143,153,59,159,127,126,80,6,127,227,52,23,277,110,110,45,73,18,325,52,64,25,131,46,101,290,114,34,196,67,239,21,34,304,160,25,21,240,162,45,3,33,63,169,107,390,231,219,45,99,177,17,136,112,43,35,81,152,40,107,55,23,33,101,197,83,132,396,226,290,138
"COG1167",158,143,143,174,193,95,135,145,135,134,90,117,148,91,174,97,317,83,144,164,160,263,328,147,156,133,138,165,104,132,211,115,80,220,231,130,91,85,100,217,115,104,328,186,187,114,118,145,138,116,93,129,164,160,94,73,138,119,178,79,162,171,110,112,100,102,142,88,105,189,153,84,133,185,137,104,110,231,69,108,105,121,96,115,127,178,148,222,112,145,91,170,131,108,143,123,101,110,99,113
"COG1168",65,41,45,46,65,82,46,43,56,44,67,62,54,55,31,33,227,29,29,51,51,74,76,69,70,37,57,40,40,53,104,59,44,95,74,50,46,58,51,67,54,51,103,54,83,62,42,72,66,40,22,42,25,30,24,25,38,22,46,34,49,43,33,29,23,21,23,21,46,36,45,27,33,41,50,33,21,43,24,32,24,30,34,36,27,23,29,39,11,58,26,39,52,22,48,38,21,40,38,23
"COG1169",72,62,199,31,66,63,230,218,67,56,72,75,31,90,66,165,7,201,74,52,190,77,44,49,128,122,65,61,122,102,47,90,100,42,109,106,85,109,141,64,68,187,47,75,71,78,79,153,68,45,28,94,56,58,148,102,72,165,56,189,74,78,213,112,41,74,154,141,33,84,78,57,93,81,278,170,154,68,83,135,69,114,80,67,54,98,110,104,92,69,26,73,118,158,43,87,294,167,204,66
"COG1171",515,463,462,547,677,525,505,549,508,435,389,569,441,427,586,532,371,548,573,495,467,740,427,516,492,555,579,512,464,553,429,576,526,446,398,468,373,498,559,431,535,559,451,563,527,543,393,499,541,547,537,528,470,570,551,401,474,585,397,462,515,539,518,520,453,367,488,473,552,611,519,474,537,578,605,525,539,469,487,503,503,443,509,482,457,513,510,548,511,538,498,546,540,461,572,534,587,513,594,552
"COG1172",191,167,126,420,348,216,274,322,414,259,100,274,239,273,333,363,24,286,407,240,212,373,126,417,196,381,319,256,215,283,108,344,253,179,292,335,114,299,278,347,226,384,305,339,235,340,203,112,298,259,322,298,228,429,222,290,298,346,133,317,214,293,126,269,221,122,255,278,273,395,273,328,382,333,187,377,301,216,237,285,325,287,321,337,354,217,261,212,323,245,248,229,222,257,406,252,128,196,179,299
"COG1173",590,572,390,479,470,620,449,433,450,330,464,408,590,405,396,439,108,443,475,734,487,564,575,471,452,416,477,693,423,393,462,477,422,491,483,590,428,415,407,664,679,507,542,396,722,485,540,326,482,361,365,436,584,394,438,437,396,410,571,475,695,732,435,390,505,456,369,420,406,268,695,423,430,457,486,574,465,758,424,402,441,460,401,442,520,683,474,511,277,628,310,712,411,447,417,469,417,395,409,413
"COG1174",27,12,11,4,0,15,13,2,10,5,6,1,8,7,4,6,6,4,4,23,8,3,11,2,5,5,7,16,13,7,29,0,2,20,30,64,14,2,7,13,8,9,68,4,10,2,7,15,4,4,5,4,10,6,2,6,3,4,17,2,24,16,6,6,3,5,14,4,2,0,29,3,12,5,9,5,3,30,1,6,2,1,8,2,4,28,7,16,10,43,2,22,9,8,3,4,7,7,2,5
"COG1175",435,400,263,807,616,417,501,647,701,559,317,502,361,522,559,738,58,588,800,396,395,527,251,767,404,675,541,449,403,587,274,590,480,283,530,562,311,615,559,561,517,618,505,553,478,565,480,240,573,529,591,633,378,754,421,593,479,738,408,738,468,473,295,478,305,388,584,695,429,499,494,575,633,646,356,806,607,442,412,693,604,557,601,711,553,420,676,599,627,465,623,497,483,490,652,713,249,445,291,639
"COG1176",313,378,131,355,391,397,236,264,345,221,238,267,227,246,290,262,26,290,360,358,186,404,187,324,262,272,299,265,227,222,225,307,294,152,156,251,281,296,260,252,395,283,338,308,388,330,351,131,305,228,272,264,238,332,225,271,281,288,290,255,368,413,137,272,233,337,258,274,245,392,371,275,329,318,206,285,273,334,315,279,312,257,306,288,310,303,230,206,336,316,276,370,193,225,322,276,118,232,162,300
"COG1177",261,314,122,313,257,337,210,213,292,205,169,254,202,213,210,197,35,220,296,278,165,272,168,260,199,219,268,188,183,181,178,252,250,155,171,203,220,218,213,204,322,219,288,225,328,246,303,95,244,216,288,241,190,318,201,209,219,245,248,240,297,303,111,236,174,276,232,222,197,230,253,242,259,229,206,225,241,287,239,220,210,213,239,214,205,238,209,194,232,240,209,282,168,176,241,204,103,204,170,250
"COG1178",375,469,537,868,711,346,653,837,554,450,339,728,501,639,777,726,149,720,712,508,576,625,371,847,512,719,804,500,638,755,306,776,740,373,472,280,432,710,792,522,481,657,394,822,511,728,464,485,693,780,841,706,512,752,679,634,750,737,355,732,506,520,562,647,609,466,698,753,629,617,480,633,716,826,643,691,757,468,675,787,756,503,609,720,634,447,682,496,783,437,867,494,667,688,532,677,658,633,645,788
"COG1179",11,13,11,4,15,10,7,0,15,11,8,11,10,18,22,3,87,1,1,2,10,22,36,3,24,4,10,6,3,5,35,11,5,22,42,6,6,7,1,0,3,6,31,7,20,9,8,32,11,1,2,8,6,5,12,2,3,0,18,7,7,11,11,2,3,6,10,1,14,62,10,5,3,5,6,3,4,27,6,6,0,12,2,2,4,7,6,24,4,6,1,11,10,4,7,2,6,15,11,0
"COG1180",101,97,13,4,3,119,8,1,3,3,152,1,24,3,11,5,7,8,2,83,9,3,36,4,30,0,0,65,2,4,48,4,2,20,12,87,116,5,3,24,105,9,44,0,85,2,112,8,14,0,0,2,34,2,4,2,8,1,145,2,95,63,6,1,15,125,3,2,2,0,99,6,3,1,4,11,0,98,5,0,3,9,2,3,9,86,2,6,1,85,1,96,13,4,4,3,1,15,5,1
"COG1181",231,367,276,310,308,270,322,377,350,397,454,271,230,314,356,347,116,321,364,323,285,320,188,333,303,310,328,245,304,330,219,292,323,201,239,283,411,308,321,214,293,312,231,372,268,322,348,277,282,368,362,345,263,363,277,334,341,290,380,338,287,282,305,333,253,404,298,351,208,388,237,314,320,321,330,318,328,253,306,350,318,211,340,329,266,237,336,335,316,276,360,264,285,353,276,339,369,336,286,351
"COG1182",31,19,19,74,93,17,39,63,59,37,5,73,10,52,87,45,63,45,61,11,25,74,32,69,52,48,72,11,37,53,49,47,38,34,32,26,9,54,48,17,7,40,49,46,17,59,6,54,46,56,76,38,9,59,33,27,33,43,10,53,8,11,19,48,20,4,42,33,49,85,12,39,46,50,28,56,58,26,36,63,64,28,41,60,53,19,30,16,71,24,84,13,34,19,55,54,22,48,23,58
"COG1183",202,256,123,232,234,213,170,198,215,288,179,213,218,210,259,197,141,188,252,194,171,214,145,219,181,227,211,213,151,188,177,210,229,172,169,165,241,185,181,159,242,179,181,206,218,191,236,135,214,225,220,176,151,257,185,200,213,213,197,195,201,218,133,189,212,256,175,208,197,252,206,230,212,181,149,160,215,160,192,180,214,137,219,246,189,206,213,255,284,179,230,196,190,218,233,218,118,185,164,192
"COG1184",5,5,2,0,3,5,1,0,2,0,25,0,10,3,0,0,1,1,0,7,5,3,4,0,5,1,3,9,0,5,7,4,0,1,6,11,22,4,1,3,5,3,4,1,10,4,9,4,0,0,0,2,2,0,3,1,0,0,38,1,7,8,1,0,4,18,0,1,1,1,2,2,4,0,0,7,5,11,7,0,0,9,0,6,1,13,2,1,0,8,0,9,8,0,1,2,0,4,2,1
"COG1185",429,571,628,694,683,540,674,789,754,665,556,658,575,698,718,822,276,779,802,570,651,801,452,733,604,762,851,575,665,733,410,719,781,498,575,504,621,760,788,629,534,706,431,748,490,688,610,536,726,758,796,723,544,853,620,722,778,730,532,776,550,476,569,734,611,624,668,784,811,781,515,703,713,766,690,622,717,451,743,693,706,787,841,708,758,490,732,666,837,483,881,490,693,709,936,742,717,683,610,853
"COG1186",245,339,488,374,363,296,391,489,395,332,309,324,279,355,386,462,200,434,375,305,387,351,301,357,373,424,368,274,454,416,250,356,406,250,336,283,349,343,483,283,292,457,231,400,279,340,316,321,340,410,414,380,290,412,398,374,360,410,309,432,289,264,454,416,327,350,363,421,373,420,272,384,360,400,441,359,407,237,327,361,331,329,407,374,378,283,411,373,421,335,367,267,340,413,400,412,518,357,429,431
"COG1187",183,197,278,190,365,174,244,201,204,240,198,229,136,167,329,219,225,184,179,143,226,384,228,212,179,194,279,140,233,262,202,233,203,210,193,169,204,188,175,149,130,197,227,290,164,225,175,263,177,207,196,248,132,213,242,193,211,213,192,178,133,143,301,204,134,183,195,185,173,381,128,162,249,250,260,191,212,151,187,216,178,174,208,189,135,147,217,360,170,172,187,152,245,201,220,245,297,227,235,223
"COG1188",19,17,30,17,44,17,18,15,30,13,11,19,10,14,32,10,49,13,10,16,20,74,34,11,20,13,24,18,14,17,40,20,4,34,23,23,12,13,11,27,11,15,43,28,12,19,8,31,13,15,13,16,14,21,10,13,15,18,21,11,13,12,20,16,3,11,19,11,11,68,11,12,17,18,35,16,14,30,10,22,4,14,14,10,5,22,16,53,9,17,7,10,26,15,33,16,16,19,16,14
"COG1189",54,67,136,52,6,46,139,128,70,96,60,31,54,67,27,115,6,105,67,52,98,2,47,55,80,75,43,59,93,92,45,46,67,77,77,74,57,50,87,81,45,134,56,52,55,44,40,130,46,50,18,106,62,71,118,79,37,91,37,109,56,60,150,69,53,49,98,82,24,2,66,69,103,65,156,125,113,52,68,97,31,84,60,54,50,59,91,11,51,72,18,71,66,103,43,79,190,105,135,67
"COG1190",257,303,383,212,283,245,335,317,229,317,336,312,256,362,267,327,201,341,310,216,346,309,293,234,293,333,336,281,401,363,251,333,300,300,298,198,273,301,352,258,259,340,220,354,336,303,250,295,273,354,303,331,249,315,382,337,317,307,300,299,248,261,371,333,239,233,319,274,296,323,269,267,295,355,389,323,347,251,306,304,285,247,296,288,260,259,377,399,270,262,299,241,316,342,333,313,436,303,383,342
"COG1191",49,60,95,69,23,39,46,25,63,30,26,25,46,28,59,30,104,26,36,42,41,47,58,65,43,16,39,36,23,27,78,25,20,85,54,32,20,22,24,37,37,37,48,30,45,26,37,56,31,16,8,70,43,38,36,29,10,28,48,35,47,48,75,29,9,27,27,32,17,46,51,31,42,32,46,72,41,60,27,69,9,51,44,29,15,45,57,44,12,50,19,50,61,28,46,92,26,45,31,26
"COG1192",410,312,428,352,326,294,389,330,346,347,315,387,385,410,366,346,677,386,385,332,364,354,409,367,360,400,398,381,380,432,487,391,433,396,403,432,344,379,397,338,363,348,509,450,392,394,310,454,372,407,438,409,382,425,392,452,397,357,353,382,359,333,407,396,337,342,370,367,422,328,415,404,402,362,345,304,363,365,463,385,362,348,425,405,399,365,398,296,390,372,422,350,363,398,441,351,328,338,397,421
"COG1193",69,66,369,65,174,37,372,343,80,74,72,147,76,160,131,307,9,305,153,106,320,177,89,87,169,167,134,97,209,190,83,149,146,121,154,133,39,178,286,111,70,397,58,139,73,153,69,259,119,106,56,169,91,105,237,158,64,221,66,250,85,77,350,180,39,46,229,250,53,144,72,110,163,151,417,290,277,101,101,207,86,207,134,83,92,126,176,161,129,91,43,65,158,202,70,170,486,254,326,183
"COG1194",220,223,249,390,380,212,252,301,405,378,215,373,234,333,424,310,180,317,386,243,282,364,216,407,267,391,380,255,360,338,190,355,385,263,256,237,192,363,334,288,224,232,175,392,231,357,222,310,327,458,435,309,276,406,322,323,409,345,189,322,224,210,229,393,299,248,312,327,289,398,201,321,358,356,224,338,341,170,320,313,346,226,341,375,319,197,367,396,378,232,453,197,324,354,311,345,210,299,311,382
"COG1195",157,167,317,245,247,165,284,268,253,216,105,202,185,234,259,287,171,260,257,149,276,236,174,190,204,270,269,174,276,243,155,251,222,222,227,141,117,221,266,236,130,248,186,288,164,239,148,321,189,230,260,263,185,273,264,220,253,228,119,251,149,147,320,279,177,101,240,242,201,202,134,219,291,314,349,226,279,156,172,196,215,200,224,206,200,158,251,351,214,188,215,157,253,245,256,257,384,236,312,219
"COG1196",761,760,771,880,605,838,971,1125,860,661,769,809,796,924,748,940,367,1156,854,768,1017,586,548,974,874,1065,860,898,966,887,594,805,916,651,785,814,715,929,957,882,791,1070,538,713,706,794,798,814,913,934,918,819,883,851,1028,998,719,1018,719,1084,807,725,830,893,973,751,927,1037,889,399,818,900,869,863,990,1008,970,724,860,981,936,1112,879,1058,845,625,909,568,991,770,942,774,799,826,798,956,813,928,1058,880
"COG1197",531,675,866,639,801,555,743,826,538,514,681,596,502,636,664,768,420,773,704,502,753,772,606,633,623,554,778,509,804,762,557,695,558,697,636,558,643,654,754,625,559,749,516,781,574,678,633,791,634,679,599,715,556,706,723,595,629,671,597,632,559,551,907,744,453,667,647,691,517,735,521,563,760,731,966,710,695,512,523,673,594,530,646,642,501,589,816,929,591,584,648,539,752,598,564,792,1017,742,846,737
"COG1198",473,630,599,808,830,513,816,909,790,851,632,691,557,682,817,846,277,755,769,583,701,806,464,790,617,798,839,583,751,764,440,766,756,498,536,513,646,753,723,615,562,755,415,826,541,745,664,594,633,730,767,649,564,781,733,744,779,836,618,803,560,569,653,723,610,706,716,827,532,796,517,709,837,688,778,641,837,457,724,797,718,590,753,783,685,499,742,680,921,537,800,499,675,783,654,803,736,710,683,720
"COG1199",275,374,315,146,171,311,285,203,168,66,486,255,342,215,148,207,353,262,112,271,342,123,375,176,262,200,127,290,258,227,295,186,223,395,364,201,401,208,214,396,352,228,252,141,311,227,346,355,262,176,146,207,393,107,347,235,260,185,415,272,249,286,323,207,447,401,264,207,271,286,246,230,163,150,315,275,168,277,262,230,255,381,144,209,233,224,241,186,132,281,159,300,276,220,91,187,327,304,384,163
"COG1200",391,597,611,684,573,528,721,762,627,716,531,615,568,631,682,739,266,750,767,478,648,528,416,646,608,674,689,517,739,674,353,662,757,450,505,520,502,681,733,557,526,653,382,676,469,671,552,636,594,753,788,665,603,766,620,689,788,769,474,710,460,442,632,688,645,582,630,708,553,666,406,638,674,617,658,598,726,394,663,739,735,498,696,708,683,426,713,622,880,465,736,404,621,710,575,715,718,657,645,736
"COG1201",514,194,511,257,159,489,529,504,207,98,191,405,395,323,115,463,409,476,304,469,395,87,295,231,449,319,270,469,310,450,334,360,178,434,408,657,91,298,422,490,374,577,383,310,429,357,108,326,337,299,233,371,516,229,481,484,169,418,214,339,467,369,692,254,395,93,397,378,333,14,539,349,267,289,580,328,362,475,260,414,246,522,138,320,250,498,304,127,205,455,291,508,430,197,199,299,650,365,530,344
"COG1202",1,0,0,0,0,0,0,0,0,0,0,0,0,0,0,0,0,0,0,0,0,0,0,2,0,0,0,0,0,0,0,0,0,0,0,0,0,0,0,8,0,0,0,0,0,0,0,0,0,0,0,0,1,0,0,0,0,1,0,0,0,1,0,0,0,0,0,0,0,0,0,0,0,0,0,3,0,0,0,1,3,0,0,1,2,0,1,0,0,0,0,0,0,0,0,0,0,0,0,0
"COG1203",66,5,24,0,4,15,13,1,5,0,8,18,26,39,8,2,144,0,0,10,5,2,35,0,42,0,1,18,3,7,62,1,0,19,33,34,10,1,13,1,6,2,37,7,15,0,10,56,4,3,0,5,6,1,5,1,17,4,19,4,16,7,20,0,2,6,8,0,26,1,30,1,3,2,11,0,6,25,4,1,0,8,0,0,1,39,6,1,1,14,1,9,12,5,6,9,5,7,4,0
"COG1204",284,96,69,36,81,301,42,16,5,7,103,165,164,86,23,24,94,95,24,257,137,17,99,44,136,71,38,342,35,112,157,129,66,131,155,260,56,111,42,188,230,36,130,14,249,125,38,94,151,74,70,78,206,9,173,96,44,47,104,42,289,231,101,23,242,48,41,69,127,10,306,147,23,23,27,90,28,264,158,76,111,237,2,123,110,247,37,19,22,257,87,266,239,48,18,10,65,130,154,41
"COG1205",33,65,51,17,20,38,18,9,3,5,127,18,81,18,47,16,322,19,13,47,22,21,91,17,24,11,13,30,11,16,64,32,9,97,43,82,112,10,20,37,25,8,68,12,18,32,42,83,44,15,4,18,32,14,17,38,28,14,70,10,28,39,47,10,52,88,14,4,10,13,50,8,10,16,15,19,15,49,21,20,15,39,4,23,11,32,25,23,4,35,16,43,52,15,10,17,43,29,17,18
"COG1206",20,28,158,35,36,21,107,97,68,20,29,37,34,47,32,91,4,76,44,41,81,40,24,57,54,63,50,23,84,69,33,27,62,71,46,53,22,64,121,55,39,121,33,65,26,30,28,112,39,27,24,120,45,77,135,95,23,111,36,103,50,59,262,98,19,47,114,118,21,7,45,65,112,103,217,119,145,61,63,92,31,95,89,32,37,50,96,54,53,74,11,57,95,110,69,107,341,137,196,115
"COG1207",181,202,317,293,248,193,357,407,378,313,134,302,258,292,277,368,204,358,386,189,339,159,242,317,256,388,322,212,347,349,188,307,324,225,217,232,138,341,350,260,183,312,199,320,175,280,197,308,272,368,318,348,232,403,262,306,352,365,191,375,198,155,314,364,294,156,338,370,320,213,182,288,357,319,375,323,383,185,299,359,362,263,361,313,333,148,374,253,364,205,368,138,240,348,324,312,425,312,318,356
"COG1208",479,539,461,523,429,580,516,536,493,505,792,500,545,552,419,534,82,534,567,643,499,437,342,540,483,512,473,502,526,472,386,444,611,377,392,548,759,525,500,471,575,498,317,459,563,470,634,393,496,559,552,465,608,555,540,510,537,557,692,550,524,530,466,527,659,762,549,541,367,499,576,473,500,440,468,542,499,547,564,521,581,441,524,462,496,512,456,391,634,501,543,580,409,517,320,415,574,562,500,468
"COG1209",210,171,189,187,278,224,177,209,219,325,267,246,217,208,296,189,201,201,235,232,193,272,176,222,212,185,234,210,211,205,176,245,222,190,170,302,244,242,216,187,212,167,187,264,216,229,223,177,242,220,267,194,242,236,162,216,209,181,223,218,222,215,184,206,325,242,213,194,159,292,252,244,236,204,131,146,197,201,261,198,255,142,253,231,197,235,223,289,234,260,241,232,196,208,212,213,196,182,153,218
"COG1210",133,109,88,205,133,147,135,174,216,328,106,136,167,130,181,138,119,140,176,160,124,146,126,192,154,152,167,159,172,168,125,123,168,114,142,151,104,156,150,120,148,120,140,163,120,138,131,96,153,183,188,140,150,240,113,147,174,185,133,148,135,126,91,173,245,124,159,157,150,145,156,165,172,156,104,131,178,147,132,163,178,86,174,195,174,120,149,121,178,147,169,146,129,147,168,155,84,159,110,125
"COG1211",124,223,233,254,181,195,251,328,282,327,216,236,207,216,249,286,115,297,326,188,248,148,157,283,191,295,290,177,297,281,138,234,272,161,222,192,266,292,280,205,191,227,142,291,172,267,246,216,212,376,329,293,196,321,226,275,316,298,212,278,212,188,238,272,280,251,274,283,203,194,174,256,265,274,242,241,276,167,251,264,303,152,306,305,222,152,293,184,348,205,330,190,218,292,197,290,282,258,228,279
"COG1212",178,230,168,349,326,234,212,264,328,337,253,265,228,263,304,282,93,280,327,195,216,261,159,331,199,288,275,205,253,241,148,252,310,179,206,165,271,298,242,184,229,197,125,299,197,307,256,153,233,289,303,256,235,335,229,228,308,258,224,279,184,195,184,273,252,255,282,268,227,367,163,281,287,301,187,277,308,164,267,303,289,197,302,283,252,173,259,271,350,191,324,158,248,277,266,247,158,216,226,281
"COG1213",195,155,31,75,39,237,34,68,37,37,250,57,158,61,39,54,10,77,75,202,72,75,133,70,132,60,56,175,63,54,130,60,106,113,92,265,214,75,64,98,193,52,140,40,192,71,219,36,102,77,93,56,154,43,70,84,92,60,259,58,227,214,45,61,202,209,66,59,97,72,251,73,56,55,35,53,63,252,78,49,142,57,37,103,125,241,63,32,109,204,128,244,52,80,26,48,31,56,60,66
"COG1214",129,155,176,92,94,129,112,132,97,99,143,121,124,122,118,94,77,124,105,125,146,84,116,110,118,120,125,106,140,148,122,133,114,138,111,103,180,111,124,112,150,100,90,130,119,107,112,146,99,131,110,136,113,112,149,121,154,104,141,119,115,111,164,140,108,168,104,109,94,107,109,98,143,138,137,128,129,122,129,107,127,97,130,106,108,114,139,165,118,126,112,122,131,143,100,156,169,153,158,134
"COG1215",344,153,374,66,113,285,219,198,107,51,286,178,165,148,172,190,118,176,79,287,230,108,173,86,285,112,100,277,174,185,247,114,141,179,201,454,201,139,168,134,234,234,346,110,243,109,140,241,124,149,74,89,129,48,164,122,75,75,171,87,190,177,227,102,138,101,117,89,88,96,221,83,71,87,164,99,106,203,91,97,91,102,55,52,82,255,71,151,73,208,42,210,128,116,57,60,241,134,161,98
"COG1216",235,281,221,167,175,266,192,117,144,220,403,181,249,170,221,153,180,185,177,230,182,216,159,157,207,178,178,228,167,195,231,189,181,209,213,350,336,144,128,188,257,115,211,158,242,189,304,157,160,265,354,258,387,241,283,334,429,215,458,245,369,325,249,294,474,490,291,262,249,333,405,319,269,232,211,196,235,366,307,256,361,210,235,289,323,374,264,414,380,376,350,385,360,320,192,283,212,270,274,237
"COG1217",339,528,485,546,628,398,504,483,633,669,327,432,233,472,654,547,257,391,484,441,464,589,279,545,434,353,572,258,690,401,417,661,433,357,338,376,363,509,518,298,402,529,400,471,427,609,468,414,547,399,452,467,250,517,471,326,285,498,408,431,390,461,450,597,179,406,457,444,514,651,374,384,642,468,592,453,564,398,481,476,392,452,670,354,366,443,477,560,408,360,443,396,394,321,790,495,498,502,504,520
"COG1218",150,215,231,255,220,228,232,269,266,357,150,224,226,223,244,279,208,254,258,182,231,159,133,236,220,246,235,192,214,238,181,276,241,172,170,173,183,225,269,187,172,261,131,267,173,238,174,226,228,226,222,242,221,292,285,252,241,263,156,230,145,187,253,249,291,230,210,244,268,219,148,234,258,229,252,195,258,127,220,250,246,199,233,250,234,123,240,237,285,154,251,139,236,230,201,258,268,286,233,242
"COG1219",280,392,412,421,422,325,477,523,461,497,262,413,367,440,405,536,204,488,483,337,432,410,355,417,392,491,470,313,490,404,259,440,538,342,350,287,368,448,511,337,353,453,270,439,319,447,379,346,401,434,446,430,350,464,455,415,425,512,286,508,332,319,389,485,385,394,483,468,461,428,342,437,436,423,450,477,478,319,397,489,451,433,530,411,449,297,487,416,503,322,495,322,370,485,515,415,504,402,415,459
"COG1220",198,279,112,296,215,213,232,208,308,370,304,262,262,282,327,251,193,295,303,248,192,283,203,270,213,275,284,237,252,258,215,264,319,173,215,209,354,273,251,192,223,222,236,257,233,233,333,139,279,275,335,266,211,319,196,276,278,278,297,274,245,248,141,286,293,379,264,323,300,266,251,284,277,264,163,237,261,216,273,219,305,249,346,287,336,223,216,121,342,230,337,233,210,249,329,216,116,212,162,278
"COG1221",24,40,27,10,6,19,17,3,21,7,17,13,51,10,31,5,384,2,1,15,9,2,96,8,34,4,13,6,1,3,122,2,1,47,41,24,11,4,11,10,9,0,97,11,28,3,26,111,2,3,2,8,9,3,13,19,29,4,53,11,14,8,26,1,2,3,8,2,21,3,11,7,9,8,23,7,3,37,6,11,0,22,6,3,3,16,20,15,3,17,3,19,17,10,18,15,7,9,10,4
"COG1222",19,14,13,20,38,10,4,12,2,2,35,54,22,34,0,15,9,45,6,16,46,9,29,21,14,29,14,46,17,40,11,47,27,29,50,10,21,54,13,49,27,22,10,5,22,34,16,25,71,43,31,29,61,2,61,37,17,24,7,20,16,25,40,14,9,10,16,24,44,5,22,63,6,14,10,31,14,15,69,36,31,92,3,59,9,14,9,1,2,19,26,21,78,31,6,3,30,68,51,16
"COG1223",0,0,0,0,0,0,0,0,2,0,0,1,0,2,0,0,2,5,0,1,1,0,0,0,3,0,1,0,0,1,1,4,1,0,5,2,0,5,1,5,0,2,0,0,0,2,0,0,2,0,0,3,0,0,0,1,0,0,0,0,0,0,0,0,0,0,1,2,0,0,0,2,2,2,1,7,1,0,2,0,1,9,0,3,1,0,0,0,0,1,0,0,12,1,0,1,1,11,1,1
"COG1224",0,0,2,0,6,0,0,0,0,1,0,5,0,6,0,0,2,6,0,0,4,3,0,0,0,0,2,0,0,6,1,2,2,0,9,0,0,5,0,2,0,1,0,0,0,2,0,0,4,0,0,5,1,0,1,1,0,1,0,5,0,0,3,0,0,0,4,3,0,1,0,4,0,2,0,4,5,0,8,0,1,20,0,4,0,0,2,0,0,0,0,0,10,3,0,0,1,22,2,3
"COG1225",210,190,268,125,149,197,222,172,155,161,126,185,180,183,104,186,92,207,171,185,222,107,163,118,192,194,147,217,241,213,169,224,195,179,222,189,95,196,187,225,174,208,140,138,204,215,125,221,191,180,272,244,292,270,383,299,291,247,213,275,279,287,374,308,312,154,276,283,318,182,330,290,304,245,364,242,289,272,227,270,326,278,262,282,297,289,235,225,266,296,273,301,252,339,192,280,425,365,407,277
"COG1226",452,437,549,321,352,325,377,269,391,262,454,349,298,365,372,303,907,283,225,341,388,319,540,341,449,286,297,270,327,311,641,296,336,464,485,381,501,350,309,343,384,383,570,295,378,253,406,659,315,339,253,421,273,226,357,327,322,277,490,332,384,325,462,279,162,471,347,336,282,321,371,314,288,360,396,394,300,439,348,366,201,419,313,292,193,416,370,336,250,412,262,360,504,352,300,396,468,445,421,319
"COG1227",6,1,12,16,39,0,5,7,19,9,4,13,3,11,38,4,6,6,9,0,10,30,15,14,10,5,17,1,2,9,12,15,4,3,5,3,2,9,7,6,2,2,8,15,1,9,0,3,16,3,2,10,0,9,9,6,2,4,1,4,2,2,5,2,0,0,4,8,1,9,1,8,12,13,17,20,12,0,7,10,1,16,4,10,1,3,12,39,0,2,4,0,36,0,23,14,6,14,17,11
"COG1228",879,765,552,399,886,731,358,234,282,542,1384,781,783,489,634,311,1181,415,314,690,535,1246,794,426,582,443,636,1003,478,630,850,627,539,665,616,736,962,468,304,644,855,314,787,722,835,618,811,629,641,727,610,511,775,341,562,487,774,247,1004,296,848,887,532,373,616,803,363,344,915,1204,916,577,350,590,400,395,277,755,589,340,596,517,382,587,522,883,437,887,342,785,614,813,707,452,519,452,430,369,604,455
"COG1229",5,8,4,23,7,11,10,10,14,12,23,14,21,16,8,9,4,11,35,7,15,4,6,34,6,8,16,9,11,9,6,13,18,21,21,6,16,9,15,10,12,12,7,10,16,11,19,7,13,9,22,8,11,27,9,4,8,16,30,21,16,13,13,13,24,20,12,17,20,30,5,21,14,8,9,12,10,11,12,29,10,9,17,9,17,11,19,12,16,13,16,9,15,12,20,15,10,15,5,15
"COG1230",227,88,119,9,30,138,114,9,28,19,155,70,73,73,132,28,559,7,16,142,59,61,238,13,155,20,12,90,39,33,419,32,41,165,138,261,156,23,32,32,95,13,429,20,126,37,95,219,29,13,28,35,69,24,40,26,55,16,179,19,184,112,79,32,25,105,63,9,62,17,162,21,21,21,59,20,25,207,37,26,9,38,23,9,34,222,56,25,26,169,10,132,52,45,65,35,30,45,49,11
"COG1231",111,129,60,35,40,120,25,5,17,18,271,62,83,48,55,13,181,38,9,75,29,46,71,41,61,54,40,98,20,38,117,51,38,63,69,92,178,41,17,38,142,27,78,49,109,43,122,64,55,89,46,54,62,8,38,54,96,19,178,28,129,103,48,10,69,128,22,30,86,45,124,52,24,30,56,61,55,64,86,29,57,76,17,62,48,86,32,88,13,123,54,118,73,55,9,24,36,59,70,41
"COG1232",94,140,121,62,73,91,54,56,24,58,183,134,162,75,50,58,11,66,61,119,96,99,119,62,66,95,126,109,64,175,72,89,142,133,158,118,169,77,95,137,129,43,93,137,115,124,209,124,103,155,118,107,156,59,90,86,164,49,178,72,126,111,130,48,161,192,67,50,105,60,116,68,57,101,49,66,59,96,150,63,125,75,37,73,117,107,73,55,65,144,158,141,204,116,38,50,107,48,101,136
"COG1233",375,521,996,657,913,357,1003,899,775,716,516,853,513,796,703,1010,77,959,837,351,900,978,415,767,578,813,832,659,953,895,235,850,875,602,708,522,428,893,919,668,386,1034,307,790,427,862,537,752,828,760,794,811,672,769,1015,887,745,819,560,916,401,353,1060,896,647,365,857,845,784,1151,388,838,877,805,1175,892,958,291,839,802,788,817,879,744,754,384,756,734,827,464,747,391,879,794,633,871,1203,949,1036,845
"COG1234",222,198,285,232,241,209,251,289,165,207,231,253,221,202,133,243,120,268,206,230,287,166,210,260,210,231,274,255,226,325,168,267,222,264,175,188,216,246,281,298,217,276,147,289,226,223,190,244,224,273,236,301,262,203,283,217,200,253,246,231,211,244,300,225,299,178,191,256,236,155,236,260,216,276,235,223,234,220,276,213,213,270,182,255,204,215,242,205,198,233,197,223,284,231,210,231,365,243,313,282
"COG1235",164,213,180,223,253,177,176,187,250,264,272,236,225,186,224,212,215,192,216,142,211,284,211,203,168,220,224,190,185,231,174,204,202,271,145,141,219,217,203,217,167,148,169,239,143,241,221,188,240,252,250,186,225,228,231,248,241,183,244,229,141,181,220,183,211,241,180,204,165,270,157,251,230,219,169,182,215,159,226,195,212,187,225,274,175,144,174,230,203,169,258,149,247,233,199,239,171,171,191,221
"COG1236",235,77,284,94,68,230,212,190,91,58,89,150,202,127,64,177,269,173,133,211,185,16,165,111,261,109,116,233,108,170,204,117,77,241,192,247,59,136,189,185,180,211,240,144,190,113,45,153,137,111,49,114,135,75,122,115,41,103,67,111,127,119,191,61,177,35,123,91,102,3,127,83,68,91,165,112,91,175,69,115,102,157,50,80,88,169,74,34,44,153,49,137,115,57,66,86,176,104,123,86
"COG1237",16,18,7,11,16,13,11,15,30,29,7,12,8,8,14,12,0,10,17,12,18,18,16,5,9,12,13,14,22,22,6,17,17,15,3,4,2,6,16,18,16,16,6,24,15,16,8,6,9,36,19,12,10,16,4,7,19,7,5,5,14,14,6,19,6,3,13,13,17,13,21,6,23,13,6,6,9,8,3,3,8,7,24,14,5,10,6,26,9,18,18,14,15,10,34,6,15,4,10,7
"COG1238",130,169,74,167,167,134,110,121,249,262,132,164,130,150,249,145,174,139,160,127,118,154,145,152,143,150,166,169,156,140,153,174,167,123,109,116,142,169,113,158,140,102,122,146,115,168,156,102,146,160,191,143,183,175,146,162,203,122,104,145,150,143,97,165,157,181,133,151,172,143,127,193,164,170,96,115,143,112,138,152,169,107,211,164,154,87,153,85,142,112,178,119,133,133,155,141,71,144,106,157
"COG1239",72,65,369,75,158,48,314,297,122,82,62,166,63,162,120,306,3,273,138,107,284,168,49,93,166,153,180,69,259,224,61,191,171,87,137,110,72,232,265,108,45,360,64,192,87,170,67,237,107,98,67,198,88,146,310,171,54,214,58,202,85,78,401,230,34,61,247,220,61,178,104,124,224,221,481,237,290,97,139,150,64,217,202,104,75,112,182,148,131,116,53,96,189,180,170,198,585,399,348,193
"COG1240",12,0,103,40,7,2,152,144,39,12,20,43,10,30,47,125,2,112,63,20,72,31,13,37,68,70,37,8,12,52,11,33,53,22,47,34,10,25,115,37,4,186,18,44,15,20,5,105,11,15,5,59,17,24,28,60,9,89,16,128,8,7,92,17,0,16,97,99,0,22,12,33,26,53,155,98,81,24,24,74,13,65,15,26,18,20,49,32,53,23,3,24,59,67,33,57,115,34,37,51
"COG1241",209,68,26,39,79,289,24,19,4,4,106,158,156,98,3,29,16,104,8,237,114,20,73,50,82,72,57,243,32,109,92,111,65,106,129,188,72,118,48,159,197,43,75,19,157,125,30,49,162,79,58,69,219,9,158,86,22,32,96,66,221,204,105,39,299,51,37,75,142,17,269,120,19,49,31,105,19,260,130,84,89,188,3,117,115,232,36,22,14,194,69,244,181,64,22,16,63,166,139,55
"COG1242",18,33,4,7,4,21,8,0,9,3,32,5,10,7,2,4,9,2,0,22,3,1,14,11,13,4,2,23,3,5,20,0,9,15,5,10,45,6,4,9,32,6,15,1,20,4,45,6,8,1,1,2,6,0,2,6,1,1,41,7,31,33,2,6,0,50,3,6,5,0,26,6,0,4,1,1,2,28,9,4,3,5,0,4,1,26,9,3,1,28,0,33,3,7,1,3,6,3,5,4
"COG1243",128,51,9,19,6,175,7,4,18,22,103,9,90,18,10,15,4,34,10,164,33,13,39,12,72,22,18,117,12,12,60,34,15,49,30,161,49,18,20,77,123,4,69,11,112,39,41,14,61,24,27,19,99,5,26,10,14,10,76,24,139,112,12,14,177,53,26,12,51,9,140,38,11,9,15,22,10,155,58,15,85,34,18,31,90,133,12,59,16,133,27,177,18,25,4,8,9,49,47,15
"COG1244",12,18,11,15,10,9,6,6,0,0,6,38,20,29,1,10,2,25,3,11,28,0,23,13,9,19,12,33,16,27,12,25,18,29,28,7,2,22,10,35,22,17,10,4,15,33,9,17,32,19,47,22,65,3,77,44,12,16,9,22,29,19,62,9,10,8,12,25,47,0,25,42,8,19,9,27,6,5,47,26,23,72,0,45,16,12,11,1,9,21,33,24,36,17,8,5,24,19,48,26
"COG1245",120,39,9,7,27,156,10,7,0,1,45,53,93,36,0,14,12,25,11,107,49,1,51,21,61,30,24,139,20,31,55,28,26,43,45,84,20,37,16,80,72,10,40,8,105,55,19,30,85,50,51,38,150,4,115,61,30,25,69,32,158,166,75,21,204,35,22,41,134,2,194,86,19,24,18,22,6,149,106,41,101,91,1,67,94,175,9,12,11,185,57,182,62,32,12,8,34,62,96,27
"COG1246",70,61,21,21,35,49,22,3,49,17,61,19,33,21,51,6,140,11,7,41,21,39,84,19,43,9,24,34,14,15,97,17,8,72,59,19,53,18,6,19,49,12,78,12,57,15,53,50,14,1,3,11,24,9,18,7,9,8,71,21,49,46,20,8,10,56,16,10,15,50,35,17,19,14,21,15,8,53,9,14,2,25,18,14,4,42,15,35,12,41,4,45,28,14,20,18,9,32,25,7
"COG1247",46,32,18,18,24,32,14,14,11,6,27,24,21,18,26,9,15,12,6,33,12,10,31,24,29,19,8,34,9,9,42,21,13,25,30,29,37,13,17,33,30,8,44,23,38,23,25,9,27,12,26,17,27,9,21,21,35,14,23,19,38,41,12,13,39,30,9,12,25,6,47,19,15,18,12,21,15,39,31,16,23,18,13,20,18,41,16,36,11,30,11,37,28,8,14,20,7,19,23,24
"COG1249",930,728,1048,741,851,811,1067,955,846,637,659,838,723,818,848,896,871,889,764,787,878,969,836,726,930,835,803,715,787,883,1022,797,900,921,953,923,722,808,930,790,788,983,1034,897,840,794,712,991,792,826,782,916,717,737,840,903,784,848,722,938,877,783,1065,769,648,678,874,860,868,848,856,789,752,886,1035,878,947,923,798,875,710,974,803,770,789,932,807,820,810,953,775,838,882,898,926,811,1011,878,909,908
"COG1250",929,1086,629,842,1287,1044,766,707,721,846,906,1002,885,848,789,739,814,789,813,839,752,1230,826,830,833,897,809,959,782,900,961,1017,875,809,791,824,1007,808,754,870,1048,735,914,852,1000,1002,1041,786,979,961,974,806,903,756,905,886,984,775,975,774,1020,1099,662,776,886,1018,731,818,1114,1192,999,926,789,936,709,826,788,990,1013,752,875,924,783,940,898,877,754,1028,871,935,964,933,891,796,884,791,523,731,732,868
"COG1251",89,115,71,2,13,54,52,1,7,8,85,30,38,27,72,3,266,2,2,28,25,4,110,3,75,6,1,38,6,10,182,2,5,74,89,55,95,5,14,11,27,1,141,15,30,2,98,100,10,11,1,15,21,2,20,11,20,7,119,13,52,19,42,3,6,89,42,5,40,1,38,5,6,8,26,2,10,85,12,2,2,19,9,5,13,42,11,1,9,23,3,31,23,14,29,9,6,26,20,2
"COG1252",143,73,498,174,124,108,545,507,260,159,27,172,125,295,178,418,204,364,202,182,377,186,139,193,313,241,211,154,302,231,189,209,255,186,229,221,16,227,397,162,55,500,219,194,107,206,67,388,169,120,77,340,110,192,338,255,80,362,87,366,121,100,476,304,150,30,432,342,134,76,129,175,258,234,600,365,413,152,167,334,127,337,276,146,151,175,298,79,213,125,146,139,252,316,167,289,508,460,426,236
"COG1253",408,322,560,234,303,383,410,353,255,284,440,332,379,388,354,339,233,372,262,386,525,302,425,273,355,353,371,411,426,442,330,343,385,406,409,505,377,357,394,410,374,427,365,350,369,331,360,433,319,322,254,373,422,249,484,360,332,322,396,356,402,364,652,377,413,358,309,362,267,248,411,327,325,352,494,382,386,399,342,347,346,367,347,281,346,434,384,506,232,408,256,382,339,450,268,414,660,455,522,410
"COG1254",76,46,24,5,1,71,10,14,13,12,60,8,26,15,6,8,5,8,8,66,21,4,16,12,32,8,12,51,2,11,39,16,8,21,9,56,63,10,11,15,70,10,32,10,66,8,60,7,14,9,11,13,27,6,12,14,23,10,60,7,65,66,9,9,44,50,7,10,23,0,83,25,6,8,11,10,7,60,13,14,17,18,8,8,20,75,7,5,8,53,3,67,14,8,9,22,7,24,13,4
"COG1255",0,0,0,0,0,0,0,0,0,0,0,0,0,0,0,0,0,0,0,0,0,0,0,0,0,0,0,0,0,0,0,0,0,0,0,0,0,0,0,0,0,0,0,0,0,0,0,0,0,0,0,0,1,0,0,0,0,0,0,0,0,0,0,0,0,0,0,0,0,0,0,1,0,0,0,0,0,0,0,0,0,0,0,0,0,0,0,0,0,0,0,1,0,0,0,0,0,0,0,0
"COG1256",108,57,99,86,64,51,86,86,214,95,36,63,65,57,69,67,217,40,74,76,76,91,122,74,107,42,55,46,77,68,166,34,40,123,90,72,35,44,67,75,71,79,133,80,71,37,37,119,52,29,34,51,53,91,42,48,36,63,57,72,72,67,98,71,20,35,67,59,28,100,79,49,90,55,121,71,89,121,40,56,20,74,103,43,17,63,69,69,21,89,40,65,103,51,159,89,69,48,53,63
"COG1257",158,106,82,74,139,159,78,42,53,103,99,168,118,100,80,53,213,81,46,86,113,172,108,76,90,60,92,184,68,136,162,146,106,149,151,136,47,116,52,136,126,49,96,104,135,160,65,118,144,106,116,80,144,51,119,125,88,49,71,72,120,119,103,76,170,42,70,67,172,175,122,112,72,86,87,72,43,117,96,88,129,142,63,100,96,157,69,159,52,136,96,125,152,70,92,73,80,80,135,103
"COG1258",132,47,24,17,41,166,16,14,0,2,37,77,72,43,0,11,9,44,13,129,45,0,46,29,63,40,20,151,28,43,59,46,31,70,62,152,11,38,23,102,117,19,40,12,116,73,14,37,83,48,50,28,104,4,83,42,25,19,33,30,146,160,46,23,164,15,14,46,58,0,158,58,16,19,25,28,9,145,70,32,75,100,2,38,46,124,13,5,10,151,46,161,55,24,10,10,39,40,87,22
"COG1259",40,65,61,28,47,37,29,17,30,45,100,58,50,35,64,26,10,35,15,45,44,54,66,32,30,39,46,58,46,61,36,59,35,44,49,44,78,41,42,81,44,25,44,52,44,51,77,35,49,54,58,81,69,34,44,66,54,30,76,37,45,52,52,41,41,74,24,37,48,59,39,50,32,50,32,49,28,40,55,37,57,32,25,45,60,52,75,87,29,44,50,59,78,53,35,70,26,39,50,53
"COG1260",191,87,19,38,7,203,37,30,10,85,126,50,122,53,2,21,18,55,18,242,47,2,81,44,116,53,37,157,39,42,128,43,72,75,79,163,136,55,44,117,144,25,111,24,196,62,114,17,92,72,69,46,134,11,49,54,104,66,184,57,206,195,17,53,217,166,44,58,96,0,215,67,19,41,6,80,28,226,103,51,145,60,41,47,134,217,87,46,47,206,92,255,47,75,26,31,20,44,56,79
"COG1261",35,26,18,5,12,17,16,6,26,11,16,15,18,11,25,5,97,6,2,27,12,21,46,13,32,4,7,20,9,7,46,3,10,35,19,11,15,4,4,5,38,7,43,9,39,4,13,52,10,2,0,5,7,8,8,5,6,7,25,8,19,19,13,7,2,17,10,11,9,14,20,12,18,4,21,9,15,35,12,5,3,9,18,9,5,17,6,9,3,24,8,23,15,5,14,8,4,11,6,9
"COG1262",599,660,365,188,314,566,288,178,371,427,686,313,475,279,319,230,263,188,333,548,257,444,595,217,395,146,267,540,278,308,430,340,196,680,374,474,383,266,230,426,575,217,449,339,573,332,672,263,331,279,296,262,438,352,266,277,202,178,736,201,514,571,312,273,343,510,195,234,286,412,650,301,263,327,229,199,198,566,195,180,217,306,317,221,244,667,272,448,149,506,208,596,412,277,381,320,252,247,290,263
"COG1263",0,1,0,0,1,0,0,0,0,1,1,0,1,0,13,0,43,0,0,1,0,0,82,0,0,0,0,0,0,0,0,0,1,0,0,2,1,0,0,0,2,0,1,0,0,0,0,0,0,0,0,0,0,0,0,0,0,0,5,0,0,0,0,0,1,0,0,0,0,0,1,0,0,0,0,0,1,1,0,0,0,0,0,0,1,2,1,0,0,5,0,1,0,1,0,1,0,1,0,0
"COG1264",0,0,0,0,0,0,1,0,0,3,1,0,1,0,9,0,34,0,0,2,0,0,67,0,1,1,0,0,0,0,0,0,0,0,0,1,0,0,0,1,1,0,0,0,0,0,0,0,0,1,0,0,1,0,0,0,0,0,1,0,1,0,0,0,1,1,0,0,0,0,1,0,1,0,0,0,1,3,0,0,0,0,0,0,0,1,1,0,0,0,0,0,1,0,0,0,0,0,0,0
"COG1266",62,79,229,52,132,61,199,182,64,71,134,124,55,141,94,166,59,151,94,59,190,71,64,49,102,96,100,82,187,128,55,144,128,73,130,92,74,156,195,88,60,197,56,102,42,148,82,200,97,114,70,104,76,79,219,165,87,141,80,153,78,55,256,161,37,68,172,143,75,93,71,94,171,111,278,108,175,39,102,125,71,132,121,77,58,85,110,128,86,91,51,74,148,178,64,98,361,204,303,134
"COG1267",58,69,52,98,84,68,51,86,99,138,97,88,83,93,82,76,62,85,111,73,81,87,76,113,59,85,93,75,94,78,51,93,107,62,57,52,99,83,92,83,79,52,69,80,52,90,101,59,110,101,113,87,80,119,80,95,115,92,83,72,81,66,38,87,112,134,87,101,69,82,66,87,111,88,49,64,77,68,87,93,125,40,97,100,90,54,101,77,135,72,125,58,69,106,70,87,38,63,69,81
"COG1268",58,86,93,128,98,73,143,144,153,161,55,95,101,114,121,132,12,153,163,90,119,65,46,145,83,129,122,87,126,120,33,100,164,47,90,78,93,132,151,113,68,138,37,110,77,122,92,77,106,118,165,139,102,131,90,118,123,138,55,139,93,77,111,101,118,86,131,138,137,72,69,136,150,121,109,103,135,66,143,150,139,91,152,130,162,65,125,43,153,68,175,75,91,147,115,127,139,124,116,151
"COG1269",199,78,29,17,44,273,25,12,6,2,90,91,178,57,1,15,11,39,19,227,78,4,78,36,122,46,24,267,33,76,90,69,39,99,69,226,40,56,42,126,210,22,82,15,190,92,29,44,109,66,33,30,193,6,94,70,28,18,72,27,235,218,80,29,322,34,21,38,138,8,261,99,11,21,24,42,10,233,109,49,123,137,1,61,110,178,18,8,14,229,55,264,86,37,12,11,41,92,75,27
"COG1270",120,41,174,34,69,138,153,125,68,19,67,48,77,54,50,115,130,110,62,126,111,74,47,32,114,79,43,86,83,90,104,68,50,75,66,130,44,69,98,60,125,135,98,58,100,44,58,128,56,30,14,89,52,64,84,55,26,77,76,93,119,118,191,69,84,44,93,79,40,66,135,33,70,78,160,89,108,119,35,78,49,82,55,26,56,105,77,51,42,127,15,150,51,79,41,71,266,113,132,72
"COG1271",93,171,26,5,5,110,38,5,9,0,162,22,45,31,56,3,351,1,4,35,23,5,151,5,70,6,4,39,4,12,197,3,4,102,82,121,167,1,12,12,82,7,173,3,67,5,189,118,9,9,4,8,23,11,16,10,29,9,205,8,56,44,35,1,16,235,34,2,39,1,56,5,10,7,18,7,9,83,13,5,1,5,3,3,14,82,14,9,11,66,2,45,16,12,24,9,6,17,10,3
"COG1272",56,69,19,10,69,52,13,9,18,47,74,26,21,23,57,16,66,11,20,33,16,84,33,7,32,14,46,37,39,24,75,44,25,29,38,51,60,29,12,11,49,7,47,30,57,51,75,32,23,41,38,20,26,15,29,14,27,8,84,9,41,41,21,22,20,67,8,12,33,106,45,19,26,28,13,11,17,54,43,8,25,19,32,17,21,54,30,108,19,44,21,52,37,22,44,25,19,16,19,24
"COG1273",15,0,1,0,0,9,3,0,0,0,3,2,3,2,0,0,0,0,1,3,2,0,7,0,1,1,0,7,1,1,5,0,2,4,7,55,2,0,2,3,2,1,23,0,4,1,2,12,3,2,0,0,7,4,0,1,0,1,3,1,10,1,0,0,0,2,0,0,0,0,14,0,0,0,3,0,0,7,0,0,0,1,0,0,1,23,1,0,4,36,0,11,0,5,0,0,0,0,0,0
"COG1274",48,64,14,6,1,48,10,7,10,7,101,16,47,16,5,15,3,17,5,35,36,2,51,8,23,8,9,39,12,11,26,15,18,26,48,52,120,17,9,50,43,12,50,8,45,26,102,16,35,6,9,10,47,12,21,15,31,8,100,6,36,39,6,21,61,78,14,7,33,1,47,35,9,10,6,11,3,39,46,10,30,21,18,29,28,38,13,28,3,63,2,52,11,17,6,11,9,17,18,3
"COG1275",4,6,2,0,0,2,2,1,4,1,23,0,2,0,11,0,10,0,0,4,0,0,25,1,0,0,0,0,0,1,8,0,1,1,4,9,44,0,0,0,0,0,8,0,0,0,21,13,0,0,0,1,0,0,1,2,1,1,46,1,1,0,1,0,0,25,0,0,4,0,2,0,2,2,2,0,0,4,2,0,2,0,0,0,0,4,0,0,1,4,1,0,0,0,2,1,0,1,1,0
"COG1276",16,1,2,2,4,9,7,6,8,4,3,5,9,11,10,1,67,3,3,6,10,1,22,1,25,3,0,5,7,0,51,1,2,19,8,6,1,2,3,4,3,4,31,3,13,0,4,15,2,2,1,4,7,9,5,6,6,7,9,3,6,4,6,8,1,1,2,8,8,0,7,5,2,2,5,4,4,7,4,4,2,2,1,2,4,9,3,1,2,3,2,8,5,1,4,5,6,4,7,1
"COG1277",111,128,101,46,42,87,59,44,73,55,160,54,154,42,52,50,81,55,48,118,116,23,219,44,68,48,33,167,63,58,82,39,64,203,141,77,122,36,58,180,138,65,107,57,146,44,113,88,85,74,28,76,148,39,61,51,101,54,141,60,112,118,94,75,110,97,49,46,49,47,127,70,34,72,48,60,24,135,52,38,82,66,66,71,103,136,55,65,33,79,41,126,78,98,58,64,58,39,60,35
"COG1278",162,189,90,146,121,159,108,109,206,166,183,143,147,131,147,120,158,97,159,181,115,172,144,150,150,128,140,162,118,120,208,139,146,124,170,157,193,133,113,129,141,90,203,113,164,145,214,113,147,109,148,128,139,121,108,130,149,137,204,129,185,165,77,133,126,209,119,133,190,175,159,136,143,127,97,106,138,211,178,137,145,98,157,145,176,150,132,143,155,172,160,165,139,124,152,99,71,95,90,157
"COG1279",23,38,38,91,100,35,60,76,98,119,18,64,73,63,90,61,101,96,109,52,61,70,75,98,54,97,100,91,86,91,48,75,105,30,69,34,13,92,74,78,30,61,47,90,48,87,10,48,70,110,124,70,90,120,66,87,96,99,17,85,43,50,61,83,93,16,96,77,84,84,34,87,72,77,59,103,90,34,84,113,76,59,62,126,107,19,70,51,93,36,133,23,74,82,56,89,35,76,48,83
"COG1280",243,275,165,367,364,236,277,296,443,371,222,335,322,322,423,306,359,342,352,299,267,331,329,445,282,378,355,321,299,321,252,353,377,224,266,278,267,379,334,361,320,239,311,351,266,353,291,241,373,357,412,310,322,323,326,350,346,386,225,356,295,294,214,346,381,326,301,378,362,342,276,385,381,351,235,320,382,267,379,297,410,305,320,412,363,235,346,344,359,247,465,277,273,332,322,370,148,247,251,340
"COG1281",28,15,161,81,70,16,154,141,106,44,9,46,26,62,65,128,137,96,59,25,96,89,50,60,89,71,71,8,93,76,82,51,57,78,76,46,11,69,109,34,6,156,60,93,12,46,8,134,34,37,6,89,25,61,100,69,24,113,22,94,15,11,154,77,8,8,93,82,30,67,15,43,112,82,194,110,130,34,40,63,12,84,66,30,22,23,99,51,32,32,10,15,83,74,87,113,211,100,106,81
"COG1282",259,331,401,446,304,284,523,583,461,508,260,464,405,464,327,560,200,530,567,319,446,245,264,414,358,506,454,360,501,482,238,442,537,329,364,282,308,466,631,431,311,560,203,476,336,415,343,379,404,567,502,492,378,535,466,474,468,542,280,471,323,295,438,461,409,320,499,508,579,266,306,548,492,513,484,425,497,266,435,439,500,531,498,475,494,251,444,288,526,323,528,320,350,487,509,411,516,470,452,474
"COG1283",125,171,98,84,172,134,66,38,25,14,301,89,106,55,46,27,247,98,38,79,74,137,143,67,111,78,70,116,42,84,189,59,84,121,111,73,238,44,74,69,132,56,148,70,112,70,171,120,87,109,119,77,116,24,75,52,165,54,240,69,103,118,115,40,128,201,72,84,162,85,110,52,30,81,42,107,36,121,116,79,86,135,19,162,91,91,93,151,66,111,140,116,91,80,34,39,58,36,51,81
"COG1284",33,11,12,7,2,12,12,2,2,3,13,14,21,7,17,3,132,2,3,24,7,0,54,3,19,0,5,26,2,13,50,1,0,13,18,17,11,1,9,5,26,8,33,5,43,2,19,26,7,1,1,1,5,1,4,6,6,4,26,0,24,37,9,0,1,13,9,3,14,1,31,4,1,2,7,4,5,43,7,3,1,5,6,1,2,25,12,5,2,32,2,35,11,8,6,5,5,9,11,2
"COG1285",15,12,8,0,2,12,3,1,1,2,35,0,3,2,9,0,5,0,0,19,4,0,7,0,18,2,0,15,3,2,33,0,4,5,5,18,44,0,3,6,4,1,32,0,11,3,24,5,1,1,3,0,6,2,0,1,3,0,27,0,17,14,6,1,2,34,4,1,0,0,14,0,0,1,1,3,2,18,0,1,2,1,0,1,5,19,2,2,2,9,1,11,1,3,1,0,2,1,5,0
"COG1286",25,19,34,29,80,21,29,34,37,49,12,24,15,21,40,26,53,19,31,7,18,106,39,25,35,18,24,15,35,21,32,27,12,51,18,20,20,25,31,16,5,24,34,35,16,36,16,23,24,32,24,20,17,33,17,19,16,20,12,22,10,17,25,27,14,7,25,28,23,99,14,23,36,26,30,21,22,12,18,26,15,27,31,24,10,27,20,88,10,18,22,11,40,12,35,28,27,26,20,23
"COG1287",196,106,84,46,169,241,47,28,11,42,145,308,259,136,0,61,42,154,35,191,219,11,225,77,99,162,65,329,102,185,87,154,91,240,178,148,108,133,77,333,211,89,67,39,179,204,74,157,193,198,129,163,371,23,298,216,107,45,106,122,229,182,291,78,328,90,69,136,218,5,207,227,42,71,67,90,35,179,215,112,169,369,8,190,121,184,55,17,43,210,213,227,255,130,40,21,126,122,226,95
"COG1288",38,4,12,1,14,4,12,2,1,3,7,3,13,9,28,1,34,1,2,12,2,1,62,0,5,0,2,17,4,7,36,4,2,16,7,15,6,3,6,4,10,2,29,4,13,2,1,43,7,1,1,3,5,4,6,1,5,4,20,1,9,17,11,5,4,2,5,1,3,2,13,1,2,0,3,0,2,20,3,1,3,3,2,2,3,14,2,27,3,13,1,17,1,2,1,1,2,6,3,2
"COG1289",34,2,6,1,0,15,1,3,2,0,0,3,8,4,13,0,46,0,1,15,3,4,33,1,7,3,1,10,0,1,19,1,1,5,5,50,2,2,2,0,7,2,24,2,3,1,1,19,2,1,2,6,3,2,4,4,7,5,19,2,39,6,10,0,1,3,15,0,8,52,20,0,1,0,9,1,3,15,2,0,1,6,0,0,8,45,10,3,14,30,1,29,8,11,1,9,13,7,12,2
"COG1290",325,367,337,467,472,356,470,482,506,614,384,442,364,452,329,482,205,466,475,320,387,441,253,470,365,492,407,377,434,456,256,411,454,351,360,329,340,482,462,352,375,448,259,419,328,447,411,333,466,452,441,470,404,489,387,449,382,508,377,421,325,346,394,449,455,415,452,458,549,455,326,494,436,443,362,452,476,299,482,412,510,426,448,479,516,319,418,290,519,318,436,349,371,450,559,351,462,580,461,484
"COG1291",111,141,102,72,30,95,79,46,71,52,182,71,82,46,67,49,116,53,35,92,70,40,123,82,102,42,46,114,69,59,154,35,64,154,112,75,174,36,71,102,132,70,180,41,141,34,141,130,80,90,53,79,91,43,58,71,110,57,143,82,124,113,76,43,80,142,73,67,95,49,128,78,60,53,76,68,46,148,71,47,64,89,55,51,58,105,68,54,44,117,60,132,83,62,62,56,59,51,48,55
"COG1292",281,138,372,110,208,159,140,88,171,111,98,156,114,124,260,86,531,100,79,109,121,206,238,124,192,166,171,174,129,240,458,160,138,204,173,224,38,113,103,114,132,101,385,237,156,146,112,281,145,135,145,218,129,91,180,129,151,62,241,85,209,129,359,111,84,45,174,72,191,198,124,139,140,187,162,132,121,197,135,95,88,152,92,124,74,191,120,214,80,191,102,150,175,93,163,174,393,169,164,156
"COG1293",230,88,251,59,57,275,212,173,53,25,72,154,159,132,48,159,17,204,59,259,241,1,76,72,182,141,64,264,134,170,107,130,125,128,127,235,52,137,160,176,205,233,71,76,198,136,47,241,138,104,56,185,212,71,254,171,41,144,90,124,243,233,368,118,276,42,169,159,124,1,269,155,123,85,245,172,133,244,140,127,128,242,61,93,120,221,116,47,84,249,70,252,149,158,40,112,347,251,290,115
"COG1294",54,76,21,4,8,51,25,3,7,2,30,21,29,24,43,2,251,1,1,11,14,5,67,10,56,6,5,11,2,12,128,1,1,33,45,65,84,2,8,2,35,2,113,7,24,3,39,76,4,2,3,7,6,7,7,4,22,7,38,5,20,16,23,3,1,91,24,1,33,0,28,0,2,6,19,5,4,36,12,11,1,6,1,0,5,49,11,7,6,31,0,34,12,6,15,3,3,21,9,4
"COG1295",124,79,176,31,70,47,162,83,61,33,61,55,51,99,87,97,187,70,54,67,104,64,110,42,118,73,65,98,89,87,168,59,83,101,94,136,70,69,100,51,59,110,184,77,71,68,53,150,46,48,25,82,79,43,116,60,41,70,73,93,98,65,180,86,52,45,89,65,48,74,99,52,85,72,159,82,97,103,41,80,41,63,69,35,48,138,53,68,43,97,21,77,64,121,50,77,190,104,160,74
"COG1296",48,49,39,137,104,55,60,93,116,106,16,82,38,86,95,71,78,78,67,42,57,82,35,97,53,62,108,33,73,66,66,63,55,44,56,26,20,81,76,46,53,59,52,80,35,76,32,39,76,85,93,58,40,81,69,53,63,96,31,75,29,36,31,66,47,25,81,61,86,121,37,66,90,86,35,66,85,45,47,93,97,43,68,78,75,30,70,82,98,35,106,34,39,37,133,83,22,54,37,82
"COG1297",55,100,26,29,58,56,22,17,5,14,138,79,66,38,0,30,9,45,13,36,51,2,73,38,46,38,24,112,50,72,46,32,67,65,69,37,91,44,48,82,73,31,47,24,70,43,74,63,77,133,136,63,165,18,93,105,138,50,194,58,108,80,101,53,97,141,47,77,146,2,89,96,33,50,27,46,16,60,131,68,110,106,17,70,82,80,25,12,54,96,142,100,109,98,41,22,79,50,107,62
"COG1298",73,56,81,83,52,65,75,59,109,44,38,42,59,46,62,46,202,38,48,79,53,64,99,60,89,45,54,63,55,45,110,26,37,101,67,55,48,35,53,63,56,74,133,62,87,27,36,101,42,34,26,83,66,92,51,61,50,92,80,87,108,109,115,74,23,51,100,63,50,116,110,73,105,102,138,105,100,149,55,86,36,87,97,47,27,94,101,112,34,110,38,103,130,61,136,136,79,56,77,74
"COG1299",7,1,5,5,0,1,1,0,1,0,0,3,1,1,13,1,17,0,0,8,0,2,35,3,1,4,3,1,3,1,10,3,3,2,5,6,0,3,3,0,1,0,11,3,1,8,0,4,1,1,2,0,1,0,0,2,3,1,9,1,3,3,0,0,0,0,3,0,0,1,3,1,2,0,0,3,1,9,0,1,3,1,2,1,1,3,5,4,0,6,0,2,2,0,1,2,2,0,1,1
"COG1300",27,1,26,0,5,7,7,0,0,0,7,2,3,1,2,0,4,0,0,1,3,2,6,0,13,0,0,6,2,7,11,3,1,17,23,33,4,0,2,6,2,0,39,0,3,2,0,10,2,0,3,9,1,0,1,3,0,1,2,1,9,1,11,0,0,2,1,0,0,0,7,1,0,2,1,0,0,11,0,0,1,2,0,2,4,27,2,0,1,11,0,5,10,8,0,2,0,0,1,0
"COG1301",193,139,185,143,189,155,161,138,161,238,203,197,154,144,216,134,201,144,186,91,159,219,222,157,162,149,218,188,190,220,219,194,174,234,189,177,133,139,126,191,155,118,185,246,175,197,145,192,178,254,231,180,174,229,153,159,218,118,241,143,158,132,167,168,122,140,138,119,254,228,132,148,197,202,148,93,133,110,160,130,172,160,171,155,157,180,187,303,162,180,178,141,220,186,239,162,134,137,167,168
"COG1302",0,0,1,0,0,1,1,0,1,3,0,0,0,0,0,1,0,0,0,0,1,0,0,0,1,0,0,0,1,0,0,1,0,0,0,0,0,1,0,0,0,0,0,1,0,0,0,0,0,1,0,1,1,0,0,0,0,0,3,0,1,0,1,0,0,0,0,0,0,0,1,0,0,0,0,0,0,0,0,0,0,0,1,0,0,0,2,0,0,0,0,0,1,0,2,0,0,0,0,0
"COG1303",51,24,2,7,14,66,8,5,0,0,12,31,30,8,0,5,4,10,3,56,15,0,13,7,31,10,4,59,7,17,26,12,12,18,17,51,6,11,10,24,56,7,12,3,51,39,5,9,18,7,13,6,27,0,16,10,5,7,16,3,34,29,22,1,55,4,1,4,24,0,34,18,6,7,1,5,1,39,17,9,21,18,0,6,10,28,4,1,3,41,13,34,7,4,2,0,8,10,20,1
"COG1304",259,229,198,496,454,204,449,526,587,644,253,479,396,444,416,474,254,485,633,323,398,440,285,504,313,543,515,332,454,396,245,450,567,386,394,300,281,488,503,487,219,374,272,468,294,472,244,369,496,441,579,470,363,642,409,485,514,522,245,464,290,306,228,502,415,301,445,461,555,382,291,518,488,533,351,389,539,276,528,406,548,482,551,522,670,304,396,231,555,294,512,313,413,527,584,440,232,415,330,522
"COG1305",220,162,214,57,29,149,286,210,119,94,341,65,180,129,125,192,349,185,177,149,221,18,269,75,173,118,42,178,175,109,256,108,89,252,304,365,268,137,194,169,104,214,400,45,167,118,204,228,113,70,77,104,151,144,151,176,75,161,315,138,157,117,143,180,73,228,177,149,84,23,190,121,142,80,244,153,167,232,98,113,80,185,120,103,113,282,137,38,113,171,34,176,109,197,118,160,58,155,178,74
"COG1306",9,5,17,16,0,2,14,39,7,25,5,28,27,26,0,22,2,23,18,22,20,0,15,29,69,53,30,19,22,40,1,34,29,13,13,8,6,33,49,22,10,20,2,18,7,24,9,7,40,34,41,30,23,17,10,71,34,59,3,63,9,8,5,23,20,3,26,44,39,0,6,57,20,36,4,35,28,5,76,50,40,37,24,47,38,9,56,34,34,7,90,5,18,40,27,38,8,12,9,51
"COG1307",21,57,8,8,1,36,3,1,3,9,58,12,55,11,4,2,14,15,2,51,41,1,75,4,21,19,4,69,23,7,29,8,23,33,48,25,43,16,4,80,39,5,36,0,48,9,65,27,26,18,27,20,73,0,26,21,77,9,49,15,44,56,6,22,78,45,5,9,31,0,36,19,3,3,9,13,0,60,30,4,47,25,1,19,89,32,4,5,7,36,14,35,12,31,1,5,8,10,17,14
"COG1308",29,8,0,0,2,41,0,0,0,1,18,2,14,3,0,1,0,0,1,24,4,0,3,0,11,1,2,19,2,4,17,4,2,7,5,29,12,4,0,11,35,0,19,0,24,4,5,0,9,1,1,1,11,0,6,2,0,0,18,2,45,41,1,3,32,9,1,2,14,2,48,12,0,1,1,1,1,43,6,1,12,8,1,1,12,29,0,0,1,26,1,24,2,1,0,1,0,14,3,0
"COG1309",357,243,299,142,359,242,210,137,203,153,259,224,237,180,362,122,1040,93,161,182,168,409,534,182,308,129,144,164,148,184,767,169,118,359,361,363,255,133,145,159,152,114,718,180,241,174,199,466,148,145,173,171,151,168,139,132,235,132,300,134,206,217,233,157,122,208,185,105,226,358,224,95,193,164,196,154,122,408,175,146,121,134,140,118,122,251,174,431,136,242,172,189,193,141,209,173,124,120,140,119
"COG1310",72,40,17,11,14,99,21,16,7,17,57,24,65,28,4,9,8,24,0,76,38,9,30,22,84,34,16,91,20,17,40,21,15,50,88,68,34,26,20,74,81,29,35,14,66,28,48,24,45,28,10,39,55,4,29,23,24,39,53,17,85,58,13,14,88,33,148,22,30,8,90,42,5,25,12,84,21,105,26,29,41,55,13,42,54,89,24,22,17,83,10,81,33,25,4,32,35,60,36,12
"COG1311",13,25,8,6,10,13,4,5,0,0,54,24,65,28,0,4,9,16,1,20,46,2,28,8,9,27,11,47,11,13,8,38,22,47,15,11,33,20,5,60,22,9,12,5,28,44,11,18,52,30,37,17,123,1,99,51,16,19,31,22,29,40,28,23,197,23,28,18,95,1,29,50,7,14,16,30,4,18,79,19,71,57,1,35,77,17,24,9,3,27,31,23,43,19,8,3,18,47,62,13
"COG1312",51,55,46,27,25,27,11,24,39,50,31,45,143,27,26,44,41,25,53,71,64,64,150,21,34,32,53,108,62,46,35,43,38,101,80,42,40,29,41,177,66,27,50,53,69,53,55,43,57,60,32,35,68,25,17,12,48,16,36,22,34,62,13,38,39,20,17,22,22,16,36,17,23,30,17,33,18,34,15,15,42,29,24,27,41,60,23,28,19,32,21,33,29,40,15,16,31,28,17,25
"COG1313",3,16,2,0,0,4,1,0,0,0,67,0,8,0,0,0,0,0,0,0,0,0,11,2,0,0,0,5,0,0,2,0,1,13,0,1,59,0,0,2,0,0,0,0,1,0,20,0,0,0,0,1,4,0,3,1,0,0,40,0,0,0,2,0,2,50,0,1,1,0,4,0,0,0,0,0,0,3,0,0,0,0,0,0,0,5,0,0,0,0,0,0,0,0,0,0,1,0,0,0
"COG1314",12,6,6,11,16,5,7,8,16,11,12,6,6,11,21,7,37,5,14,7,20,48,14,15,11,10,9,5,11,6,25,6,17,10,10,3,5,5,7,7,4,8,25,4,13,11,6,46,4,5,6,9,7,8,15,7,12,4,13,7,2,5,8,7,5,8,8,6,16,27,6,9,14,5,12,11,7,9,8,7,6,6,13,4,4,10,12,12,9,5,9,6,11,19,14,6,2,13,12,13
"COG1315",54,32,28,7,3,36,12,2,8,2,28,19,28,13,48,5,161,2,4,32,12,3,72,13,48,3,1,29,3,6,81,1,6,23,27,12,22,0,6,16,58,8,58,3,47,4,28,38,8,4,0,6,12,5,15,29,13,11,21,3,34,48,24,1,1,24,12,7,29,0,41,3,3,2,5,5,2,40,12,5,4,12,5,6,9,33,10,0,7,26,3,45,17,11,4,7,9,10,25,3
"COG1316",24,36,75,54,0,16,30,26,38,31,26,29,25,48,26,17,1,37,15,17,23,2,15,57,25,33,39,18,20,30,16,34,32,18,60,62,33,32,31,37,17,34,52,12,21,37,40,16,29,35,25,84,33,11,29,52,54,59,35,42,25,22,28,18,37,16,32,47,47,0,36,43,23,34,15,93,37,25,48,80,34,48,38,40,45,30,78,31,32,40,58,22,47,29,37,103,13,31,35,52
"COG1317",40,26,12,4,8,46,13,3,14,3,17,6,19,12,24,1,104,1,0,48,6,5,43,7,33,0,3,13,2,1,69,3,3,38,19,17,11,3,9,8,43,3,52,4,43,6,21,41,3,1,6,2,12,3,2,8,12,7,19,7,36,47,13,2,3,15,8,5,17,3,46,3,1,2,7,2,1,63,11,4,1,8,3,2,4,41,4,5,6,29,9,40,5,9,8,2,5,7,7,3
"COG1319",282,334,87,187,74,199,107,105,137,37,378,109,310,130,75,81,71,113,64,310,203,99,273,176,183,98,102,345,115,95,245,129,146,246,200,227,422,119,76,333,291,147,285,65,325,124,401,110,227,63,81,93,283,57,167,172,136,104,356,139,355,341,111,97,213,354,102,132,123,39,307,173,141,85,133,147,116,287,163,145,122,191,85,161,177,332,129,102,41,285,80,359,155,116,121,131,72,117,145,82
"COG1320",11,8,12,2,13,11,4,7,10,17,8,3,5,1,16,6,7,4,9,11,3,20,7,4,8,1,3,5,4,4,19,3,3,13,9,18,16,2,2,5,5,5,35,3,14,4,12,12,5,1,6,3,4,12,0,1,2,8,18,1,5,11,9,6,5,12,6,2,0,3,14,6,7,5,9,4,11,13,3,1,1,4,5,1,2,14,4,7,6,18,1,10,5,7,11,8,1,5,3,3
"COG1321",158,75,42,59,82,161,39,49,52,46,95,68,139,64,59,51,13,63,50,182,84,118,93,55,86,59,86,171,52,90,102,70,57,100,93,171,66,52,60,125,161,43,114,72,178,80,75,42,104,74,80,79,133,63,73,72,80,64,95,66,167,163,56,61,155,91,49,71,108,78,189,73,52,85,34,71,53,147,102,48,122,77,59,78,106,182,78,116,50,177,103,180,76,56,45,58,43,69,66,67
"COG1322",277,301,286,416,336,260,302,361,365,384,270,467,305,376,429,354,155,346,426,293,305,370,270,371,300,371,405,323,361,379,260,394,390,290,292,295,313,362,359,325,280,289,255,414,297,383,342,249,387,457,412,417,322,414,341,400,406,408,282,402,254,315,300,380,318,351,349,369,392,336,283,391,339,435,237,302,345,277,419,359,446,328,389,449,339,251,430,382,434,272,512,270,402,355,397,346,307,287,294,459
"COG1324",64,55,45,17,1,51,44,46,30,24,77,29,52,32,10,47,45,29,21,54,45,1,48,17,62,38,22,51,36,46,43,27,43,42,30,70,74,31,41,42,77,38,37,30,67,32,63,77,30,44,31,41,53,16,58,41,43,41,62,43,50,44,69,47,37,66,42,35,40,1,56,33,26,31,46,38,37,56,48,31,36,40,31,26,43,53,40,4,30,55,41,55,24,52,25,19,63,48,56,34
"COG1325",46,10,0,0,3,52,0,0,0,0,16,1,18,1,0,0,0,1,0,51,5,0,4,0,30,0,0,28,0,0,26,3,0,12,1,47,2,3,0,13,45,0,15,0,41,7,2,0,9,0,0,0,37,1,5,2,0,0,14,0,41,38,0,2,51,3,0,1,16,0,61,7,0,0,0,0,0,60,4,0,13,0,0,1,19,44,0,6,0,56,0,47,1,0,0,0,0,6,5,0
"COG1326",3,3,1,1,9,3,1,1,0,0,3,10,9,7,0,1,2,8,0,1,13,0,9,4,1,11,4,13,3,8,4,8,3,9,6,1,1,6,2,18,8,5,1,1,7,7,0,12,14,8,8,9,26,0,25,12,5,11,0,5,8,9,16,6,6,3,6,7,12,0,3,9,2,3,4,6,1,5,15,5,9,19,1,6,3,3,3,1,1,12,12,5,15,10,2,3,5,2,12,8
"COG1327",61,87,136,130,98,64,128,170,156,127,98,114,106,124,134,145,62,155,143,79,141,104,85,166,84,171,136,86,149,153,60,136,152,83,93,69,87,124,140,102,84,140,67,120,88,119,85,98,108,122,147,147,114,136,124,142,141,164,81,154,72,89,133,126,115,92,121,138,111,75,61,127,138,143,161,99,150,74,90,156,115,110,132,120,157,82,165,96,181,92,132,78,103,144,137,139,182,158,134,139
"COG1328",151,60,9,0,0,161,4,0,2,0,104,3,117,5,10,0,98,4,1,153,37,1,70,1,67,0,0,130,0,6,72,30,1,48,14,129,85,11,2,47,108,0,82,3,104,20,57,29,55,1,0,1,92,4,25,8,5,0,134,1,136,135,9,2,220,73,8,0,59,1,140,46,3,2,3,0,2,164,13,2,85,9,0,7,91,128,0,9,1,128,2,143,8,2,0,5,5,25,21,1
"COG1329",51,68,42,143,108,57,109,165,192,180,39,96,117,125,145,139,10,135,162,86,88,90,49,165,74,133,134,64,128,119,38,124,165,44,78,93,67,136,119,112,81,124,65,129,57,108,84,34,112,141,172,134,117,151,97,151,159,162,45,161,72,58,50,146,123,74,117,170,99,145,76,167,141,124,69,111,141,69,142,119,183,84,173,159,159,58,116,56,159,82,213,68,105,129,141,150,49,112,82,159
"COG1330",155,101,354,71,11,100,430,362,120,30,56,88,85,139,131,276,371,305,116,157,265,46,150,88,256,147,80,72,180,141,226,107,160,147,154,109,75,144,247,72,133,348,171,89,141,92,104,384,60,54,8,150,58,90,275,167,30,250,118,248,120,164,335,158,11,76,259,259,46,64,133,84,158,102,424,192,276,193,101,180,32,123,127,57,23,143,204,49,159,133,9,130,77,227,60,181,426,312,379,101
"COG1331",434,392,175,130,208,428,161,119,153,157,481,179,452,176,197,223,40,199,191,566,229,240,308,150,338,185,154,466,189,215,308,234,207,312,236,423,342,206,153,302,468,133,300,179,530,245,344,101,280,245,274,171,408,170,206,226,256,162,385,162,565,571,138,201,495,347,151,175,254,215,556,283,159,164,131,108,149,579,227,145,327,172,176,246,367,567,177,246,246,447,243,592,245,284,119,199,118,200,171,187
"COG1333",9,4,161,26,76,1,160,118,35,18,2,26,7,82,34,117,7,109,49,12,133,71,2,41,60,76,41,7,96,112,9,83,82,18,78,112,0,100,106,12,0,116,37,73,5,61,15,162,17,22,8,108,17,38,151,68,10,73,0,83,10,1,208,81,2,0,91,80,12,76,21,48,97,64,183,94,131,23,53,74,4,67,50,37,12,12,67,11,35,31,4,13,59,101,16,53,256,237,190,71
"COG1334",6,2,7,3,10,3,3,0,0,1,4,1,6,4,3,0,57,0,0,1,1,0,15,0,9,0,0,1,0,1,22,0,1,9,8,2,0,0,1,4,2,0,25,3,7,0,0,11,1,1,1,4,2,0,0,2,2,1,5,1,0,2,3,1,0,1,4,1,6,1,0,1,0,1,1,0,0,5,2,1,1,1,3,0,0,3,2,2,0,1,0,0,1,4,3,0,4,3,1,4
"COG1335",183,118,119,80,104,123,140,110,88,66,214,76,145,78,78,94,162,99,75,191,141,139,240,70,127,86,74,135,86,92,191,78,68,191,152,182,174,62,103,142,141,140,225,73,158,79,150,202,93,37,37,78,126,53,116,102,94,110,226,87,150,135,178,81,60,128,107,97,59,81,174,75,95,65,152,96,102,252,80,73,70,130,75,69,74,227,99,101,43,142,52,203,124,100,63,88,157,123,114,55
"COG1336",0,0,0,0,0,0,0,0,0,0,0,0,0,0,0,0,0,0,0,0,0,0,0,0,0,0,0,0,0,0,0,0,0,0,0,0,1,0,2,0,0,0,0,0,0,0,0,0,0,0,0,0,0,0,0,0,0,0,0,0,0,0,0,0,0,0,0,0,0,0,0,0,0,0,0,0,0,0,0,0,0,0,0,0,0,0,0,0,0,0,0,0,0,0,0,0,0,0,0,0
"COG1337",0,1,0,0,0,0,0,0,0,0,1,0,0,0,0,0,0,0,0,2,0,0,0,0,0,0,0,0,0,0,0,0,0,0,0,0,0,0,0,0,0,0,0,0,0,0,1,0,0,0,0,0,0,0,0,0,0,0,3,0,0,0,0,0,0,0,0,0,0,0,0,0,0,0,0,0,0,0,0,0,0,0,0,0,0,0,0,0,0,0,0,0,0,0,0,0,0,0,0,0
"COG1338",49,26,45,39,27,25,35,41,76,52,17,27,32,26,37,25,71,12,33,34,36,46,51,38,47,24,33,31,33,37,85,20,22,66,44,34,19,18,31,26,34,39,91,34,34,15,20,52,18,28,14,35,25,36,18,26,24,40,25,42,40,33,42,25,10,16,42,29,20,58,38,24,37,43,61,36,39,42,19,26,5,27,29,23,12,38,36,45,5,53,18,59,40,20,53,41,26,19,22,35
"COG1339",54,14,3,0,3,64,5,0,0,0,20,13,29,3,0,1,0,7,2,54,10,0,3,2,31,5,1,33,3,10,20,11,9,11,12,40,2,8,0,32,39,5,11,2,39,17,5,4,17,12,7,8,63,0,23,8,8,5,16,7,74,67,16,4,85,9,3,7,27,0,68,24,6,7,4,3,3,71,29,7,27,22,0,14,21,62,3,6,6,49,13,71,14,11,4,0,10,12,17,8
"COG1340",17,17,10,9,20,9,13,5,0,0,9,39,24,27,0,11,10,22,4,8,26,0,32,9,13,16,8,44,16,40,9,19,25,20,31,10,7,18,20,48,19,11,10,14,6,31,9,15,48,41,24,12,29,3,43,44,14,14,7,8,8,13,49,14,13,6,11,15,25,0,10,31,2,9,7,14,1,9,39,17,22,49,0,26,17,5,4,3,4,18,37,11,40,21,4,2,25,16,36,11
"COG1341",0,0,0,0,1,0,0,0,2,0,0,2,0,4,0,0,0,0,0,1,1,0,0,1,0,0,0,0,0,0,0,0,0,0,3,0,0,0,0,1,0,0,0,0,0,1,0,0,2,0,0,2,0,0,0,0,0,0,0,0,0,0,0,0,0,0,0,1,0,0,0,2,0,0,2,3,2,0,1,0,0,6,0,2,0,1,0,0,0,0,0,0,7,0,0,0,0,3,2,0
"COG1343",6,1,1,0,0,0,0,0,0,0,0,0,2,0,0,0,22,0,0,0,0,0,5,0,0,0,0,1,0,0,0,0,0,0,0,0,1,0,1,0,0,0,0,1,0,0,0,6,0,0,0,0,0,0,0,1,2,1,0,0,0,0,1,0,1,0,0,0,0,0,0,0,0,0,0,0,0,0,0,0,1,0,0,0,0,2,0,0,0,0,0,0,0,0,0,0,0,0,0,0
"COG1344",430,351,353,306,218,356,318,291,473,228,184,212,249,202,212,277,744,164,245,432,278,365,547,310,352,166,200,332,206,195,557,98,211,508,337,221,215,135,247,348,474,379,408,251,449,115,263,376,250,131,84,231,260,273,146,205,130,244,268,257,446,461,304,192,91,250,284,245,141,237,398,225,243,207,415,306,311,482,198,215,76,272,289,199,85,384,306,195,64,386,97,455,323,223,403,266,267,146,157,168
"COG1345",124,69,87,77,58,100,75,63,112,47,48,43,51,35,76,72,182,30,40,110,60,109,97,63,83,44,54,62,46,53,166,13,34,114,62,88,51,26,65,74,126,79,146,39,156,27,58,73,33,21,20,46,43,55,25,48,32,64,80,47,133,146,79,36,29,62,76,51,29,152,129,32,59,57,74,59,68,168,40,57,15,46,65,35,19,112,53,42,15,126,21,141,71,51,95,48,54,30,33,48
"COG1346",21,8,11,7,27,11,14,1,24,4,5,7,4,6,21,1,81,0,1,6,7,24,32,2,20,0,4,4,1,1,48,4,2,19,15,6,1,0,2,2,2,1,39,6,14,1,1,44,2,1,3,5,4,0,4,2,6,1,10,1,7,2,10,0,0,1,12,0,6,23,0,0,1,5,5,1,1,18,1,5,1,1,1,0,1,3,2,11,1,7,2,3,5,2,10,6,5,6,4,4
"COG1347",44,33,72,59,100,35,44,55,53,117,17,92,55,62,69,63,92,44,76,28,51,99,65,61,43,75,79,44,84,82,63,86,58,81,61,32,24,60,57,34,42,32,30,104,28,74,36,82,69,125,90,64,34,100,58,55,77,38,30,42,33,24,65,73,37,17,45,45,73,112,28,62,68,73,64,43,42,30,80,41,60,34,83,58,43,29,82,104,66,29,77,20,100,49,96,75,57,48,68,63
"COG1348",6,6,185,70,3,2,148,162,62,20,0,51,0,68,29,103,1,107,54,13,90,0,2,46,66,73,65,0,68,92,1,52,73,35,41,33,0,68,145,32,2,157,6,90,2,40,0,115,24,28,12,102,6,39,92,56,8,91,1,107,1,1,166,62,1,0,116,108,4,0,1,40,85,86,217,100,118,2,67,101,6,78,72,26,14,2,88,36,37,27,11,1,64,106,60,79,253,109,104,86
"COG1349",59,32,31,59,119,35,35,7,27,38,25,36,36,29,84,6,292,7,8,14,20,109,109,44,37,6,22,20,10,17,107,28,13,57,83,66,39,13,14,15,23,11,169,25,46,28,28,66,20,11,5,9,6,8,6,7,16,10,37,5,10,12,15,5,6,14,12,4,20,57,22,2,25,15,17,25,12,37,8,18,3,8,5,4,7,36,19,78,6,30,2,20,15,3,21,17,10,16,18,8
"COG1350",92,167,24,82,7,99,44,58,45,82,219,104,121,62,57,66,10,91,61,98,60,3,46,79,55,86,96,103,61,67,58,86,102,40,47,72,293,82,62,64,118,87,34,67,118,82,237,32,109,86,109,95,95,83,60,95,98,79,201,89,95,135,18,76,125,239,56,97,135,0,106,81,52,92,39,104,48,109,138,95,102,100,98,90,90,94,78,49,79,105,88,103,59,89,66,65,19,48,46,95
"COG1351",290,272,157,890,125,346,244,270,291,351,274,402,329,358,196,300,36,336,212,389,226,108,154,792,450,404,339,334,311,236,207,262,354,182,354,338,259,319,384,272,356,374,146,300,284,289,279,205,332,306,267,270,363,209,196,259,293,470,261,524,307,367,178,354,455,299,600,498,302,99,412,293,303,348,210,882,332,342,579,702,403,339,309,371,428,340,480,246,330,330,344,407,221,332,237,250,295,272,228,371
"COG1352",105,43,43,13,9,63,43,5,20,12,36,51,45,75,67,9,309,4,7,41,18,17,106,13,94,11,6,76,4,21,166,10,15,84,71,88,38,15,15,18,38,19,178,15,60,12,22,124,21,13,13,13,57,8,22,40,31,12,63,12,84,38,29,8,17,40,28,9,57,11,65,14,11,10,22,21,8,76,25,7,3,10,16,5,18,89,23,12,10,61,7,37,32,43,34,25,20,32,22,9
"COG1353",0,0,0,0,0,0,0,0,0,0,3,0,1,0,0,1,0,0,0,0,0,0,0,0,1,0,0,0,0,2,0,0,0,1,0,0,5,0,1,0,0,0,1,0,0,0,4,0,0,0,0,0,0,0,0,1,0,0,4,0,0,0,0,0,0,2,0,0,0,0,1,0,0,0,0,0,0,2,1,0,0,0,0,0,0,3,0,0,0,0,0,0,0,0,0,0,0,0,0,0
"COG1354",130,147,142,159,128,160,179,187,183,157,158,143,146,138,173,177,62,174,174,168,156,119,82,174,166,184,162,143,208,175,112,171,190,131,132,125,122,171,203,120,168,172,110,182,129,165,144,116,171,210,291,255,240,304,249,270,255,295,209,240,234,243,250,263,278,224,250,312,210,158,212,254,273,269,235,254,288,241,255,257,285,211,228,255,221,183,270,199,318,222,297,232,227,235,249,283,278,260,229,310
"COG1355",39,51,7,1,1,50,2,1,3,13,89,5,9,1,4,5,3,2,6,29,4,2,22,7,26,1,3,50,2,6,29,0,4,20,7,41,76,2,3,17,49,9,26,2,32,2,53,3,20,1,0,1,20,0,4,6,5,1,95,2,46,37,4,3,11,71,2,3,2,1,42,4,5,0,5,4,4,45,9,2,3,7,3,4,4,50,4,7,2,32,2,42,4,2,1,1,4,1,1,1
"COG1356",0,0,0,0,0,0,0,0,0,0,0,0,0,0,0,0,0,0,0,0,0,0,0,0,0,0,0,0,0,0,0,0,0,0,0,0,0,0,0,1,0,0,0,0,0,0,1,0,0,0,0,0,0,0,0,0,0,0,0,0,0,0,0,0,0,0,0,0,0,0,0,0,0,0,0,0,0,0,0,0,0,0,0,0,0,0,0,0,0,0,0,0,0,0,0,0,0,0,0,0
"COG1357",369,331,451,197,140,441,329,255,234,135,488,188,395,217,147,235,175,280,167,456,324,116,310,217,320,237,182,285,249,285,259,248,211,354,275,376,542,232,303,264,360,342,273,177,377,262,428,359,215,175,116,268,413,149,395,262,154,221,463,243,399,420,486,221,526,489,294,214,190,121,409,223,196,207,338,270,273,468,256,254,175,251,186,172,222,482,196,86,156,396,121,450,212,338,117,251,596,360,440,207
"COG1358",30,17,8,2,22,21,7,6,0,0,22,13,28,14,0,3,1,12,6,19,15,3,11,4,10,10,1,56,9,18,5,12,11,21,18,16,12,20,8,30,29,9,7,3,21,14,11,11,14,11,8,8,35,1,21,11,7,7,14,6,28,28,9,0,50,13,5,16,19,4,31,15,0,6,3,11,11,23,21,6,17,37,1,18,25,19,2,1,3,27,6,32,19,5,3,0,10,21,21,6
"COG1359",32,27,9,17,11,25,16,17,22,11,13,12,36,19,31,17,46,12,26,45,16,4,50,19,28,21,6,35,27,17,34,15,16,31,25,32,14,13,12,33,33,11,25,18,39,17,27,25,21,16,15,8,34,25,5,18,22,13,22,12,39,41,12,19,37,12,20,11,15,13,37,22,23,9,12,15,12,36,9,10,26,27,14,21,32,35,16,20,10,34,18,37,24,24,13,23,8,13,16,15
"COG1360",170,187,163,143,223,136,161,123,182,129,257,135,125,116,192,144,136,115,157,113,134,234,172,150,162,108,151,129,150,141,217,137,115,238,183,170,236,107,131,166,183,115,202,148,158,142,243,184,123,149,124,123,132,157,109,139,163,120,215,125,152,120,141,120,96,196,136,130,137,215,143,130,167,138,159,143,129,197,121,119,129,111,158,104,82,202,125,247,79,153,107,174,187,164,187,156,102,94,138,132
"COG1361",123,18,0,0,0,195,0,0,0,0,35,0,65,5,0,0,2,3,0,150,15,0,20,1,62,0,0,80,0,2,39,9,0,30,8,104,13,3,0,25,118,0,30,0,119,22,13,0,27,0,1,2,41,0,14,2,2,0,49,1,108,115,0,2,132,16,0,0,34,0,130,11,0,0,0,0,1,136,11,0,37,2,0,5,48,114,0,5,0,113,0,122,0,0,0,0,0,16,3,0
"COG1362",18,30,13,11,26,34,20,4,23,9,26,7,16,6,9,7,9,9,6,31,21,59,32,13,17,5,7,18,13,6,30,14,11,33,28,37,30,10,13,38,26,17,31,1,32,10,23,25,19,0,6,18,25,8,17,15,24,16,41,16,18,34,13,18,20,21,16,8,7,86,18,20,9,7,25,18,24,42,20,8,10,28,11,18,11,21,21,33,4,20,4,29,20,8,5,20,4,24,17,3
"COG1363",60,50,101,45,149,32,84,36,40,71,22,73,72,57,75,63,15,52,55,61,80,126,87,52,39,50,82,89,70,116,40,84,51,113,90,55,14,67,37,109,41,33,74,131,60,94,31,51,86,55,60,77,89,64,67,63,59,25,30,38,48,62,102,58,61,22,46,62,51,125,57,84,67,110,82,41,46,46,45,35,58,48,45,63,56,69,64,179,34,58,29,61,130,64,75,92,66,54,67,76
"COG1364",182,289,318,344,274,239,375,398,370,463,173,231,269,307,319,344,27,370,403,255,319,191,202,328,241,372,287,257,384,284,145,283,366,224,249,227,274,347,364,282,230,361,170,296,240,291,311,267,310,264,315,307,272,388,325,331,317,379,199,376,228,238,271,386,314,317,313,393,242,279,229,404,355,297,319,298,363,250,301,304,318,279,363,315,367,191,309,208,430,200,316,219,249,367,257,272,320,337,333,308
"COG1366",28,35,61,11,14,33,41,20,27,13,37,14,20,17,28,32,51,27,9,28,29,29,25,15,32,17,19,20,34,23,47,13,22,36,30,18,42,14,31,17,32,38,36,10,25,11,27,48,11,13,9,25,20,6,35,33,14,24,28,21,25,28,57,25,6,35,22,27,15,22,26,18,22,16,30,27,29,30,20,20,5,20,15,5,11,34,23,15,15,27,14,20,25,16,15,33,58,31,29,21
"COG1367",0,0,0,0,0,0,0,0,0,0,1,0,0,0,0,0,0,0,0,0,0,0,1,0,0,0,0,0,0,1,0,0,0,0,0,0,0,0,2,0,0,0,0,0,0,0,0,0,0,0,0,0,0,0,0,0,0,0,0,0,0,0,0,0,0,0,0,0,0,0,0,0,0,0,0,0,0,0,0,0,0,0,0,0,0,0,0,0,0,0,0,0,0,0,0,0,0,0,0,0
"COG1368",111,107,47,32,74,75,48,24,12,22,101,34,34,40,58,25,26,16,10,94,14,105,68,24,67,14,44,76,17,37,129,36,23,35,36,65,89,29,28,31,106,26,112,41,92,28,107,75,36,21,40,34,86,27,53,54,79,32,128,37,181,154,71,33,59,125,51,36,65,331,155,35,34,38,38,28,25,191,47,33,50,19,32,33,27,153,52,169,43,127,44,163,50,67,19,40,32,22,56,44
"COG1369",0,0,0,0,1,0,0,0,0,0,4,0,1,1,0,0,0,0,0,0,0,0,0,1,0,0,0,0,0,0,0,0,0,0,1,0,5,0,0,3,0,0,0,0,0,0,2,1,1,0,0,1,0,0,0,0,0,0,4,0,0,0,0,0,0,6,1,0,0,0,0,0,0,0,0,2,0,0,0,2,0,3,0,0,0,2,1,0,0,0,0,0,0,0,0,0,0,1,0,0
"COG1370",66,30,18,18,30,81,17,12,1,0,11,74,51,40,0,19,12,54,13,42,59,0,41,23,38,46,11,84,34,59,26,31,29,65,50,63,9,40,28,81,80,28,19,13,48,48,19,46,72,52,37,31,80,8,85,59,27,26,24,25,56,71,54,26,64,10,22,43,74,0,81,54,11,20,17,29,4,70,81,39,53,110,0,45,52,54,11,4,17,58,55,68,54,35,11,2,34,34,57,24
"COG1371",37,18,1,0,1,54,1,0,0,1,41,4,22,2,0,0,2,5,2,49,8,0,18,2,15,2,0,54,1,0,22,3,2,18,8,45,40,5,0,26,27,1,11,0,28,5,14,4,10,0,3,6,38,0,11,6,2,2,28,0,37,38,9,4,58,36,1,3,8,0,48,10,1,1,2,0,1,43,5,1,15,7,1,5,17,37,1,2,0,30,4,51,7,6,1,1,1,10,10,0
"COG1372",12,70,297,322,48,40,383,303,169,78,161,142,133,204,119,270,39,274,126,143,271,56,60,245,336,306,203,26,257,138,43,148,143,82,291,84,163,193,294,147,41,484,30,201,25,115,122,243,88,190,115,181,126,107,226,127,78,402,79,251,14,52,365,216,83,73,477,277,54,10,30,79,185,179,397,521,318,66,122,412,88,245,189,104,127,48,281,241,210,54,115,32,187,174,87,227,513,251,321,243
"COG1373",23,31,18,1,5,13,11,3,16,5,31,8,14,18,10,8,68,0,4,23,4,8,21,3,33,4,2,9,0,4,18,3,0,15,9,9,38,1,5,3,12,1,30,9,15,0,40,16,2,3,0,4,11,16,1,2,4,2,35,2,11,10,12,1,7,30,4,1,8,3,10,0,1,2,2,1,0,21,2,1,1,2,2,0,3,22,8,6,2,8,2,12,12,6,19,5,3,2,0,2
"COG1374",0,0,0,0,2,0,0,0,0,0,0,1,0,0,0,0,0,0,0,1,1,1,0,0,0,0,0,0,0,0,0,0,0,0,0,1,0,1,0,0,0,0,0,0,0,1,0,0,1,0,0,0,0,0,2,0,0,0,0,0,0,0,0,0,0,1,0,0,0,0,0,2,0,0,0,2,0,0,1,0,0,1,0,1,0,0,0,0,0,1,0,0,1,0,0,0,0,3,1,0
"COG1376",54,32,120,55,32,23,39,23,31,10,30,26,27,23,36,9,16,20,16,29,22,46,54,59,23,21,37,46,13,32,65,34,13,65,66,109,44,21,24,30,23,16,160,34,27,29,48,36,37,5,10,73,22,18,40,44,13,18,55,31,77,23,48,24,20,24,22,30,21,19,49,30,30,39,44,70,17,65,20,72,9,40,29,26,23,60,66,38,10,66,12,38,59,13,40,118,24,49,47,25
"COG1377",67,40,72,75,44,44,64,39,81,59,25,41,41,31,61,66,125,36,45,55,38,68,73,53,50,27,52,44,49,36,99,25,35,106,60,53,34,26,53,43,54,66,106,44,55,34,33,81,53,16,12,37,31,51,29,34,31,57,39,53,58,55,50,30,24,20,53,40,15,63,52,47,44,47,78,44,57,74,23,28,12,32,52,33,15,59,42,55,17,66,16,68,58,41,76,59,43,24,24,48
"COG1378",78,42,13,15,29,89,11,12,0,1,104,42,31,25,0,14,2,12,7,84,41,0,17,28,36,26,14,64,15,32,37,25,17,33,33,58,87,23,20,40,74,11,27,8,61,37,27,18,51,44,21,21,55,3,47,29,14,7,75,19,76,94,27,13,103,47,16,28,48,0,75,46,11,14,15,18,2,77,26,23,52,36,6,27,68,54,12,7,8,72,36,72,38,10,8,3,29,27,41,12
"COG1379",3,5,0,0,0,2,0,0,0,0,33,0,6,0,0,0,0,0,0,14,0,0,11,3,2,0,0,9,0,0,7,0,0,0,0,3,56,0,1,0,3,0,11,0,5,0,18,1,0,0,0,0,4,0,1,0,1,0,18,0,9,11,0,0,2,34,0,0,0,0,6,0,0,0,0,0,0,9,0,0,0,0,0,0,0,6,0,0,0,4,0,11,0,0,0,0,0,0,0,0
"COG1380",6,3,1,2,0,3,6,1,9,0,4,0,1,0,6,1,22,0,1,0,2,0,7,2,5,0,1,0,1,0,9,0,0,6,3,1,0,0,0,1,1,2,9,0,5,1,0,5,0,0,0,0,0,0,0,1,0,0,3,1,0,4,2,0,1,1,4,0,3,0,0,0,1,1,0,0,0,6,1,1,0,0,2,1,0,2,2,0,0,0,1,1,1,2,3,2,0,3,0,0
"COG1381",125,196,165,207,152,155,188,213,231,189,182,135,130,162,173,209,98,197,217,154,180,130,125,208,161,192,194,145,207,171,127,162,200,133,134,143,171,160,176,165,161,210,114,164,157,147,181,174,162,167,175,178,163,232,194,200,212,234,158,207,146,142,175,174,178,186,194,200,112,167,143,179,191,192,225,166,235,141,151,190,212,126,181,160,147,108,203,144,252,143,205,134,165,172,157,221,233,190,207,176
"COG1382",0,2,0,0,0,0,0,0,0,0,2,0,0,0,0,0,0,0,1,0,0,2,0,0,0,0,0,0,0,1,0,0,0,0,0,0,0,1,0,0,0,0,0,0,0,0,1,0,1,0,0,1,0,0,0,1,0,0,0,0,0,0,0,2,0,3,0,0,0,0,1,1,0,0,0,1,1,0,0,0,0,2,0,0,0,0,0,0,0,0,0,0,0,0,0,0,0,0,1,0
"COG1383",0,6,0,2,5,4,2,1,0,1,2,13,2,3,1,1,1,6,1,1,5,0,4,3,2,3,4,6,5,6,1,4,3,4,5,0,3,3,1,3,2,1,1,0,4,0,1,2,9,8,2,6,8,0,9,7,1,2,3,2,1,5,1,1,1,2,0,4,5,1,5,3,1,1,2,3,3,2,5,2,2,3,0,8,0,1,2,0,0,1,7,3,2,2,1,0,2,10,5,3
"COG1384",258,211,127,438,308,277,265,362,435,360,200,331,304,312,344,317,16,374,427,346,274,275,122,414,290,365,332,298,288,317,138,342,342,162,201,297,228,342,341,296,308,262,153,316,230,361,296,103,388,331,417,285,327,416,303,359,299,389,170,354,258,243,160,343,461,246,327,401,318,318,290,409,363,295,186,309,390,287,354,338,398,304,344,456,392,250,285,138,495,217,427,274,265,301,293,353,144,304,227,338
"COG1385",186,198,245,284,256,184,276,381,330,325,196,221,181,249,275,314,111,307,290,209,258,181,139,296,242,284,298,165,271,288,144,289,270,173,181,209,206,277,294,207,212,263,145,303,197,253,233,242,210,292,318,302,210,316,259,256,271,313,171,281,179,189,243,276,205,200,279,316,203,211,152,275,286,265,270,242,326,149,231,272,282,212,285,290,247,167,279,289,323,179,267,177,256,256,243,339,267,262,289,287
"COG1386",177,162,172,201,138,198,200,211,197,178,200,204,190,207,186,239,95,241,215,204,174,124,137,195,173,218,192,219,205,236,153,198,223,157,164,173,192,218,218,152,207,198,138,207,192,214,194,143,249,253,249,208,218,234,211,198,188,237,178,183,204,174,159,238,249,210,196,219,186,133,209,244,211,206,165,160,222,174,190,196,202,204,204,215,225,162,212,99,249,192,261,184,171,199,216,226,163,204,198,216
"COG1387",50,56,44,14,36,32,11,10,31,20,63,75,83,42,13,17,6,22,12,49,67,1,101,28,30,30,35,119,28,46,28,42,19,85,68,44,57,44,25,87,70,22,42,36,70,45,63,37,62,34,23,35,101,8,59,42,11,21,66,25,63,67,56,15,26,51,17,36,18,0,61,48,16,33,17,17,7,36,30,39,8,76,5,45,11,65,25,14,10,52,43,39,57,29,15,15,44,26,58,17
"COG1388",29,48,64,33,10,34,32,20,44,43,57,19,30,17,31,23,7,34,22,32,18,26,51,35,26,23,38,26,24,29,29,28,22,25,39,27,63,29,24,18,31,25,43,40,34,28,63,38,41,44,28,50,25,17,78,24,30,25,45,24,32,40,33,20,28,59,24,20,64,3,42,24,26,39,37,44,23,36,25,39,17,38,36,33,12,24,27,47,23,37,17,39,39,22,24,53,25,51,61,30
"COG1389",118,77,32,19,30,158,26,23,1,1,84,124,127,65,0,30,16,57,21,124,80,2,74,42,60,60,32,203,41,85,59,72,59,113,83,85,62,65,25,138,143,43,37,13,108,87,52,50,115,74,74,53,173,9,127,86,33,40,66,36,109,137,100,36,166,53,31,43,108,1,127,87,11,34,24,50,15,118,120,63,93,144,1,77,81,111,22,16,16,107,75,132,91,43,13,13,49,52,110,38
"COG1390",34,14,4,3,6,28,5,2,1,2,18,16,44,11,0,2,2,14,4,40,18,0,11,6,19,13,6,35,11,13,12,16,11,24,10,24,9,12,9,34,28,7,7,4,21,31,9,9,22,14,17,3,48,0,33,10,5,4,15,4,36,40,10,4,58,11,3,10,32,0,36,25,1,8,3,6,5,43,23,7,30,31,0,19,24,32,5,7,1,21,13,35,7,6,5,3,7,17,18,10
"COG1391",160,168,83,138,132,93,79,58,148,62,147,60,128,61,173,46,332,33,44,171,70,152,218,88,118,41,66,116,41,49,308,56,22,209,147,155,151,53,54,96,114,69,304,65,181,54,157,174,82,24,19,55,78,70,56,39,38,89,149,62,161,150,100,36,24,150,75,64,62,83,144,47,80,84,75,86,62,201,45,86,20,65,68,43,24,157,95,136,45,142,15,185,87,37,94,127,54,62,55,64
"COG1392",98,93,11,37,55,125,24,24,15,4,102,37,99,20,46,30,10,30,25,102,27,42,56,29,57,33,43,74,10,34,57,42,35,70,22,57,97,22,33,38,116,13,57,50,104,47,83,30,39,35,32,36,58,24,38,16,38,31,100,15,126,118,11,20,107,94,21,19,50,79,110,16,19,43,11,45,20,101,42,20,44,41,7,24,68,70,17,45,18,96,30,122,16,44,20,13,17,41,41,30
"COG1393",76,93,62,47,89,91,54,59,47,21,86,61,66,57,79,44,120,39,23,68,63,97,72,55,66,39,49,59,58,26,120,47,48,88,60,69,62,45,40,56,79,54,95,33,92,49,81,106,47,26,28,33,50,29,81,48,62,40,73,35,61,83,58,52,34,58,43,46,61,82,66,42,48,42,76,57,37,72,51,48,45,35,39,40,25,73,64,106,34,73,36,65,76,57,32,53,34,88,85,37
"COG1394",85,35,10,9,21,95,7,5,0,2,28,34,37,12,0,9,9,13,4,92,22,0,21,13,44,15,4,83,8,19,41,37,13,39,33,74,18,21,9,36,78,7,40,7,92,46,5,8,42,21,14,14,57,0,40,25,8,12,26,5,81,76,19,10,79,16,6,7,44,1,96,27,2,9,13,15,2,95,30,14,31,43,1,25,43,62,7,3,3,78,21,95,18,13,4,4,12,25,36,9
"COG1395",0,1,0,0,0,0,0,0,0,0,11,0,0,0,0,0,0,0,0,0,1,0,0,1,0,0,0,0,0,0,0,0,0,0,0,0,10,0,0,2,0,0,0,0,0,0,1,0,0,0,0,0,1,0,0,0,1,0,0,0,0,0,0,0,1,7,0,0,0,0,0,0,0,0,0,0,0,0,0,0,0,0,0,0,1,0,0,0,0,1,0,0,0,0,0,0,0,0,0,0
"COG1396",176,258,89,247,283,213,158,201,328,319,154,212,158,209,226,188,216,190,270,177,124,249,148,310,161,155,231,138,188,165,197,181,232,108,186,271,281,177,225,157,195,149,262,212,185,176,281,167,161,192,293,170,148,242,137,198,217,240,170,201,173,176,81,204,197,317,225,238,192,128,173,194,199,246,112,205,197,205,198,257,205,175,245,208,253,171,227,185,304,194,267,177,147,191,216,233,79,146,114,218
"COG1397",26,43,20,3,12,19,18,7,13,11,70,3,19,9,13,6,11,7,15,31,12,38,74,13,19,8,4,22,8,8,21,8,4,30,18,12,53,6,9,24,19,13,24,9,19,7,32,20,9,4,3,8,24,14,11,22,22,6,44,3,26,29,11,7,9,65,12,3,8,15,23,11,11,10,12,15,7,44,15,7,14,9,9,6,22,20,15,17,5,7,6,13,13,16,10,8,7,1,12,8
"COG1398",93,62,196,161,62,65,149,113,84,41,42,140,109,125,101,115,168,99,61,70,142,29,145,161,129,121,91,74,160,93,120,108,106,139,134,52,25,104,97,105,59,158,83,62,67,106,43,184,81,86,49,124,113,61,203,93,71,141,52,138,68,62,174,119,63,31,138,112,84,48,66,74,136,132,170,212,120,82,108,188,43,132,79,68,59,76,117,108,85,71,60,53,127,139,74,107,239,154,176,118
"COG1399",53,54,51,11,21,44,13,4,28,5,84,19,36,18,31,6,53,12,0,33,14,26,56,22,38,16,14,36,11,15,42,28,8,23,49,43,64,15,21,34,36,8,43,3,47,17,63,42,28,19,9,31,35,2,24,31,45,14,66,16,31,55,17,10,36,59,21,10,28,33,43,22,14,12,12,17,13,37,23,20,19,25,11,21,16,22,30,27,16,36,23,32,20,11,9,36,8,17,24,14
"COG1400",0,0,1,0,0,0,1,0,0,0,1,0,0,0,0,0,0,0,0,0,3,0,0,0,1,0,0,5,1,0,1,0,1,0,1,1,0,2,1,1,1,0,1,0,0,0,3,0,4,1,0,1,3,0,1,0,0,3,0,0,2,0,0,0,0,0,1,0,1,0,0,2,0,0,0,2,0,0,1,0,2,3,0,2,0,1,0,0,0,1,1,4,4,0,0,0,1,3,3,0
"COG1401",79,30,43,8,20,49,29,14,4,3,58,32,56,48,32,18,195,21,14,24,35,13,80,13,43,16,10,22,19,29,96,9,24,65,44,34,52,6,28,18,40,7,67,20,22,12,44,71,18,41,12,19,43,6,30,38,21,23,43,16,50,26,58,17,51,42,30,11,24,35,25,24,3,13,14,11,11,47,32,17,15,17,6,16,18,66,12,14,4,35,23,21,18,41,13,10,39,20,25,16
"COG1402",153,79,164,40,23,129,126,91,72,36,80,45,160,53,70,102,17,95,86,149,134,36,108,48,83,72,53,144,77,73,90,78,86,160,122,129,74,73,93,146,139,132,148,75,131,83,55,135,83,44,32,109,154,77,111,82,63,86,79,91,157,147,148,72,111,54,85,63,48,7,127,61,77,72,121,106,87,155,67,81,69,141,87,57,76,167,82,37,42,143,27,141,69,100,39,128,181,133,141,55
"COG1403",108,180,176,300,111,143,198,239,242,272,165,178,150,196,166,215,74,211,231,149,174,87,191,265,168,198,199,145,249,251,115,199,235,112,177,144,199,187,246,165,146,244,129,187,146,185,183,132,155,233,186,215,152,215,176,209,227,266,142,229,112,126,182,232,191,198,240,252,175,111,143,194,211,206,196,275,213,103,200,258,174,184,224,207,201,109,218,82,224,146,224,137,156,227,223,207,206,190,157,239
"COG1404",1072,776,828,490,853,1062,501,324,329,490,768,1596,1128,982,414,488,1130,900,360,736,1123,390,1417,584,795,922,701,1533,719,1156,1146,1095,781,1522,1264,955,557,907,704,1560,934,666,708,556,953,1286,498,1207,1248,1108,643,584,1128,239,1053,818,634,400,440,452,571,658,1114,422,760,356,388,540,1004,309,687,772,336,403,396,436,246,562,923,515,593,1174,223,699,484,585,344,399,272,644,777,617,890,547,360,241,592,476,963,492
"COG1405",302,112,26,57,70,414,43,20,14,39,91,106,244,93,23,42,22,103,19,325,118,13,86,65,175,61,65,332,49,78,141,170,46,112,115,298,50,106,39,164,281,45,113,21,251,200,41,62,187,65,57,64,254,10,140,97,56,49,124,67,327,304,84,33,449,54,60,40,238,5,324,145,23,63,38,55,40,329,183,78,179,190,13,185,201,301,47,137,45,293,59,344,101,52,18,20,42,108,116,55
"COG1406",14,1,8,0,0,3,1,0,0,0,4,4,8,1,6,0,53,0,1,2,4,0,12,2,9,0,0,1,0,1,37,0,0,8,6,0,4,0,0,0,4,0,14,2,5,0,4,11,0,0,5,0,2,0,2,1,5,0,5,1,3,3,4,0,3,3,0,0,3,0,6,0,1,0,0,2,0,7,3,1,0,1,0,0,0,5,0,0,0,2,2,2,7,1,3,0,1,2,4,0
"COG1407",75,17,113,48,13,101,83,88,42,18,35,32,35,52,33,76,81,70,60,73,58,21,18,44,75,37,51,68,42,78,45,29,23,52,45,92,17,48,75,31,60,73,82,82,59,30,10,32,31,49,16,66,44,53,56,58,19,67,36,69,77,51,109,51,82,19,70,72,22,8,101,33,53,66,90,58,63,78,8,63,43,36,46,44,43,82,63,29,24,77,19,76,51,25,50,75,161,63,79,64
"COG1408",65,30,50,59,90,32,39,46,61,72,18,52,33,43,62,49,7,39,45,26,30,177,79,51,31,27,73,54,42,64,32,50,39,59,62,75,30,41,40,32,49,31,68,66,39,49,33,36,43,73,65,41,48,68,39,56,54,33,31,31,50,40,55,42,20,28,32,60,34,200,57,53,57,54,38,41,41,47,29,58,50,25,42,38,39,82,63,159,42,51,54,42,75,46,49,50,41,36,41,45
"COG1409",342,267,229,151,146,291,141,119,160,113,168,203,241,183,193,133,299,125,137,244,178,180,254,183,214,169,216,276,143,188,341,177,153,398,274,354,164,151,113,251,315,115,274,234,304,183,188,229,215,189,181,240,222,135,199,148,167,122,216,128,332,324,200,141,158,148,122,125,200,167,357,193,148,223,162,166,146,364,109,161,119,225,137,174,134,343,142,160,105,296,128,318,256,153,156,192,127,200,183,165
"COG1410",305,416,421,176,112,285,456,370,185,85,357,171,267,215,166,340,233,347,157,260,365,132,305,178,325,234,177,299,253,221,300,241,225,318,285,244,333,259,314,270,351,424,284,221,311,210,408,387,215,213,207,386,447,199,585,400,297,441,541,411,467,479,715,347,544,518,482,444,345,173,447,396,340,260,764,383,445,483,351,401,335,438,245,312,368,403,439,319,266,447,202,460,290,434,229,415,745,549,673,334
"COG1411",2,6,3,7,3,2,3,9,3,2,7,5,7,5,4,8,0,7,9,5,6,0,2,7,4,1,2,8,6,6,4,2,7,5,3,4,6,6,4,2,13,3,2,1,4,2,4,3,4,4,10,6,3,3,3,3,2,7,7,3,3,1,3,2,11,3,5,4,10,8,2,1,6,5,2,1,8,4,2,11,6,3,5,5,5,3,4,2,11,3,4,2,7,4,4,3,3,8,1,1
"COG1412",1,2,2,0,1,0,1,0,0,0,7,4,0,6,0,0,0,2,0,0,0,1,0,2,0,0,2,1,0,2,1,4,1,1,7,0,3,4,0,2,2,1,0,0,2,1,6,1,4,5,0,7,0,0,5,0,1,0,2,1,0,0,1,2,0,0,1,1,1,2,0,2,0,0,0,5,1,1,2,1,2,8,0,0,1,2,0,1,0,0,0,2,8,1,0,0,0,10,2,0
"COG1413",98,202,282,116,10,96,127,85,71,32,228,86,141,113,96,99,26,122,39,120,184,9,152,167,76,81,104,161,132,173,76,108,115,231,202,71,226,118,168,186,154,149,70,78,129,133,269,181,127,78,33,181,138,56,188,171,60,65,263,119,117,121,262,107,47,203,122,109,64,3,104,171,90,91,169,179,121,114,84,176,46,224,94,97,55,111,129,42,40,111,53,116,144,154,44,227,282,243,236,107
"COG1414",126,103,82,98,214,83,77,40,103,58,124,60,56,64,126,44,149,35,57,88,58,243,86,92,64,52,65,51,65,56,141,76,49,96,125,184,131,46,25,69,85,51,291,53,102,85,99,90,83,21,45,50,59,45,45,59,49,36,123,50,131,98,52,47,41,139,62,40,46,166,99,52,66,56,70,67,64,133,41,62,43,59,80,55,40,98,78,198,52,112,34,97,48,33,78,62,23,58,40,39
"COG1415",7,27,1,1,0,13,2,0,1,0,55,5,6,3,1,2,0,3,1,1,3,1,8,4,7,1,1,7,2,1,8,2,2,7,8,8,43,2,0,3,23,1,9,0,10,1,22,5,6,0,5,2,3,1,2,5,11,0,31,2,6,6,2,3,6,47,4,4,6,1,9,5,1,1,3,3,0,7,4,3,4,5,3,3,1,9,3,5,1,12,10,13,2,5,0,1,0,2,4,1
"COG1416",1,3,1,2,1,1,2,0,1,1,2,0,0,1,2,1,0,2,2,3,0,5,4,2,2,0,1,2,1,3,4,0,0,0,7,0,0,0,0,2,1,1,4,0,1,3,0,0,0,0,2,3,3,2,1,0,0,0,2,0,0,0,1,1,0,1,4,0,0,7,2,1,0,0,1,0,2,2,0,2,0,1,2,0,0,2,0,6,1,0,1,0,2,0,2,0,1,4,0,1
"COG1418",78,88,42,8,125,51,16,11,13,34,99,32,135,21,79,17,14,31,10,109,71,142,142,24,92,19,27,113,33,27,51,31,20,110,54,79,94,22,26,105,52,12,61,26,68,31,97,36,41,17,22,32,111,17,53,34,40,10,103,26,65,88,50,29,144,70,19,24,40,171,56,35,17,20,19,14,23,66,18,9,60,45,19,36,116,112,18,155,6,59,7,76,44,52,24,36,28,24,29,30
"COG1419",45,40,35,11,22,43,39,13,48,20,30,16,38,21,42,12,168,5,22,47,24,43,68,15,59,15,13,40,11,17,103,2,18,76,50,14,22,9,12,26,54,18,78,8,48,12,30,50,14,5,5,25,35,23,14,17,14,20,47,22,50,44,35,16,12,20,19,20,23,59,49,14,28,12,30,15,15,65,17,19,4,22,14,14,7,40,26,13,7,45,5,61,18,25,38,16,13,10,19,6
"COG1420",107,138,89,126,60,102,51,55,128,40,190,61,96,54,82,51,8,66,81,116,73,73,93,91,69,53,79,120,65,46,104,59,56,95,59,118,201,56,45,106,136,58,99,65,120,64,156,42,78,45,46,57,115,73,77,73,72,65,140,69,114,104,55,54,114,149,50,57,65,11,147,65,74,67,70,114,76,106,72,84,58,81,73,66,54,104,78,83,37,114,57,124,75,57,81,118,31,73,55,60
"COG1422",63,22,6,2,11,78,4,7,1,0,14,22,38,8,0,4,1,11,3,60,18,0,20,10,38,7,7,53,11,17,25,18,8,25,17,61,7,16,7,29,66,10,30,7,39,20,10,10,36,13,13,15,49,1,33,14,8,9,20,12,55,46,22,10,52,13,9,3,41,0,65,28,0,10,7,3,7,61,22,5,31,33,0,6,18,74,7,3,4,49,26,63,15,9,4,3,12,14,17,12
"COG1423",2,4,0,0,0,0,0,0,0,0,0,0,0,0,0,0,0,0,0,2,0,0,0,0,0,0,0,0,0,0,0,0,0,0,0,0,2,0,0,0,2,0,0,0,1,0,2,0,0,0,0,0,0,0,0,0,0,0,4,0,2,2,0,0,0,0,0,0,0,0,1,0,0,0,0,0,0,0,0,0,0,0,0,0,0,1,0,0,0,0,0,0,0,0,0,0,0,0,0,0
"COG1426",70,64,26,15,12,55,26,19,60,27,115,27,61,29,30,22,106,19,26,57,33,7,91,24,56,12,26,45,28,15,100,27,22,78,38,49,89,19,14,45,59,23,58,21,69,27,91,65,34,24,27,30,47,31,27,35,56,24,92,22,52,35,27,22,52,91,20,21,33,8,61,35,24,27,34,21,25,61,21,15,19,18,30,30,20,46,36,22,21,64,23,52,27,34,34,38,20,17,20,23
"COG1427",23,13,8,5,21,13,7,0,3,2,22,19,25,15,4,3,4,14,1,25,13,5,14,6,13,9,7,36,8,15,15,17,9,28,21,17,4,11,4,34,20,2,17,3,23,13,21,13,20,12,20,19,48,1,32,21,21,2,26,6,33,40,43,14,20,13,8,14,18,1,33,22,2,13,9,17,6,30,31,15,11,25,3,20,18,30,6,18,5,30,19,33,30,17,3,8,16,14,38,14
"COG1428",75,99,112,75,171,60,82,65,54,149,147,128,50,87,120,76,4,66,86,53,82,228,59,91,59,102,146,76,89,109,44,125,93,78,59,91,100,106,84,59,81,50,33,142,75,117,93,62,76,119,126,105,70,103,66,92,112,55,90,68,79,61,83,112,71,102,71,85,75,246,61,88,121,98,104,50,76,44,103,66,91,48,110,89,54,78,107,257,82,99,98,68,171,88,113,86,74,78,92,111
"COG1429",108,127,1097,264,184,64,1206,1043,404,115,68,221,47,327,275,908,24,797,438,188,680,323,79,249,452,449,373,97,578,492,86,372,369,244,306,234,70,493,856,181,103,1200,151,448,120,291,130,631,175,199,61,524,95,365,700,458,76,731,66,595,123,97,1109,464,17,76,757,653,52,255,99,262,574,401,1411,595,877,128,223,587,96,582,345,208,126,132,542,183,389,177,46,123,409,407,300,532,1476,843,970,503
"COG1430",53,48,57,135,40,54,87,67,45,53,46,79,70,80,49,73,78,56,48,65,50,65,48,114,105,77,160,59,98,66,59,55,63,89,102,75,69,78,114,54,39,71,56,95,48,51,40,43,36,66,44,68,47,40,33,46,65,98,55,154,57,50,42,62,74,46,180,123,78,21,51,39,51,106,60,264,80,63,52,128,58,65,44,74,67,71,118,63,63,60,61,52,43,54,47,77,60,62,38,86
"COG1431",8,0,3,0,1,4,0,0,0,0,0,0,2,2,8,1,10,0,2,1,0,2,4,0,6,0,0,3,0,3,16,0,0,4,1,5,0,1,1,0,0,0,6,0,1,1,0,3,1,0,1,3,0,1,2,3,1,0,3,0,0,0,2,0,1,1,0,0,1,0,1,1,1,5,0,0,1,0,0,0,0,0,0,0,0,7,2,1,1,5,0,1,4,2,0,1,1,1,0,1
"COG1432",77,74,33,8,50,56,32,5,20,14,104,13,94,17,30,12,194,7,9,90,35,51,124,3,72,18,16,59,19,11,126,10,12,71,71,92,112,9,9,67,87,8,125,18,85,22,81,83,24,15,10,20,59,17,26,24,49,5,122,7,78,77,21,24,39,77,12,9,34,32,90,16,16,17,18,9,13,73,13,6,34,23,18,16,41,83,7,30,20,89,11,85,21,29,22,14,12,20,30,12
"COG1433",0,0,0,0,0,0,0,0,0,0,0,0,5,2,0,0,1,0,0,1,0,0,0,0,0,0,0,2,0,0,0,0,0,0,0,0,0,0,0,0,0,0,0,0,0,0,0,0,0,0,0,0,0,0,0,0,0,0,0,0,0,2,0,1,3,0,0,0,0,0,2,0,0,0,0,0,0,2,0,0,0,0,0,0,0,0,0,0,0,0,0,1,0,0,0,0,1,0,0,1
"COG1434",55,78,90,94,26,58,54,55,120,66,102,54,44,44,95,52,97,50,65,55,66,41,88,70,65,57,45,36,49,46,79,52,42,77,42,54,112,44,54,60,55,65,56,52,64,41,90,68,61,51,50,64,51,51,48,47,45,61,79,53,70,50,84,59,23,85,44,55,26,40,57,63,64,52,59,85,67,57,35,62,45,54,68,50,29,44,63,60,56,48,43,61,83,44,51,108,69,64,47,54
"COG1435",83,97,75,89,135,104,66,67,86,112,93,92,72,110,112,63,74,100,91,67,68,145,83,94,70,83,134,69,99,99,82,140,103,67,74,83,89,103,87,69,100,73,76,117,105,142,76,64,92,105,95,91,83,74,80,90,112,91,66,102,85,89,64,69,80,87,73,71,89,115,91,75,68,129,80,80,82,66,111,92,96,89,82,126,71,76,102,227,97,83,126,83,112,98,130,92,62,82,73,120
"COG1436",14,8,0,0,5,15,4,1,0,0,2,6,9,7,0,7,3,13,4,4,5,0,9,6,5,3,4,20,4,8,2,8,4,3,4,4,9,2,3,19,10,4,3,1,9,8,5,3,18,6,8,6,17,2,15,9,3,4,2,5,10,8,12,1,5,4,4,6,11,0,14,12,1,1,0,3,2,6,4,6,6,22,0,8,2,9,0,1,2,9,6,17,12,2,2,1,6,6,7,4
"COG1437",6,1,2,0,0,7,1,0,1,0,6,0,10,0,0,0,0,0,0,1,2,0,4,0,2,0,0,4,0,0,3,0,1,4,3,16,6,0,0,4,1,1,4,1,3,1,2,1,0,1,0,1,4,0,0,1,0,0,2,0,1,2,1,0,0,2,2,0,2,0,3,0,0,1,0,2,0,4,0,0,0,2,1,3,0,10,2,0,0,3,0,6,3,0,1,1,0,1,1,0
"COG1438",18,7,3,10,1,17,13,23,8,8,10,6,12,19,15,11,63,15,13,6,8,1,21,8,11,11,9,10,10,9,29,12,3,11,12,9,11,12,10,19,5,4,8,5,4,12,13,14,14,11,23,10,9,4,8,14,10,39,11,12,9,8,4,9,10,5,10,15,23,0,16,7,11,24,1,17,5,8,13,20,10,8,13,9,11,10,41,13,17,11,23,13,10,6,14,13,1,2,7,23
"COG1439",43,14,4,3,2,74,6,2,0,0,18,27,27,17,0,1,4,17,1,42,28,0,19,3,27,6,4,44,9,9,19,17,12,20,20,53,3,13,5,27,39,4,18,7,50,11,7,10,19,10,10,10,43,1,24,18,4,10,16,4,51,39,15,3,47,4,7,11,31,0,55,19,2,6,0,6,4,62,13,9,21,29,0,24,19,48,0,2,2,43,7,56,20,11,5,1,6,18,26,4
"COG1440",0,0,0,0,0,0,0,0,0,0,0,0,0,0,0,0,0,0,0,0,0,0,2,0,0,0,0,0,0,0,0,0,0,0,0,0,0,0,0,0,0,0,0,0,0,0,0,0,0,0,0,0,0,0,0,0,0,0,0,0,0,0,0,0,0,0,0,0,0,0,0,0,0,0,0,0,0,0,0,0,0,0,0,0,0,0,0,0,0,0,0,0,0,0,0,0,0,0,0,0
"COG1441",20,14,0,5,4,20,4,0,3,3,7,8,4,13,1,0,4,8,0,23,16,0,12,9,11,3,1,16,4,3,10,5,7,5,23,4,15,13,4,15,24,15,8,0,23,14,7,5,15,0,2,9,8,0,8,6,12,2,16,6,34,36,4,2,7,8,5,6,2,1,9,8,1,2,4,11,4,30,13,4,6,29,2,14,4,18,10,0,1,14,7,34,35,6,1,0,0,14,15,0
"COG1442",2,2,7,8,0,2,11,22,12,28,3,16,8,28,2,15,5,28,14,3,9,1,8,14,22,24,18,7,22,10,6,18,25,5,8,10,1,25,22,15,0,15,18,6,1,11,2,12,16,20,19,16,6,10,1,12,15,24,3,19,1,1,3,19,6,1,8,22,3,0,0,13,7,13,4,15,19,1,25,17,14,19,10,16,12,1,24,23,15,4,21,0,5,14,8,12,2,9,2,26
"COG1443",68,23,34,25,63,68,20,13,27,27,15,41,37,35,36,29,8,17,19,59,29,69,19,17,43,20,41,79,25,26,33,41,30,39,32,58,7,28,16,38,63,21,22,34,51,57,5,16,35,28,25,30,55,20,36,33,13,19,18,30,71,47,19,15,82,10,12,23,41,53,66,54,27,42,53,33,17,60,30,18,59,24,32,20,47,61,20,76,7,42,19,66,51,20,37,30,26,32,29,27
"COG1444",44,14,25,1,16,36,16,0,0,1,21,17,38,30,35,1,265,2,0,25,14,23,84,4,39,6,1,5,0,4,96,0,3,40,33,4,12,7,2,1,23,3,64,7,25,1,12,60,5,0,1,8,7,0,10,2,18,2,55,8,13,26,15,2,2,18,14,3,17,40,19,2,2,5,6,8,6,36,18,4,2,12,0,6,5,22,9,1,2,13,0,19,21,2,10,1,3,20,16,1
"COG1445",6,0,4,1,1,0,1,0,0,2,1,3,3,3,13,1,23,0,0,0,0,3,34,1,4,0,2,1,0,4,7,6,1,2,1,7,0,3,0,2,2,0,13,1,0,3,1,4,0,0,0,0,0,0,1,0,1,0,7,0,5,0,2,1,0,0,5,0,2,0,1,1,0,1,0,1,0,5,0,0,0,0,0,0,0,2,3,0,0,2,0,2,0,2,2,0,2,1,0,0
"COG1446",167,160,120,72,117,125,74,53,47,101,222,157,109,100,121,70,120,77,56,105,100,140,126,72,85,59,126,143,83,121,135,146,98,128,102,127,151,98,77,83,165,55,114,148,154,121,133,94,96,113,129,98,131,73,87,105,103,45,176,68,143,164,98,72,79,145,58,75,119,136,144,91,89,119,86,52,66,116,118,73,80,143,67,76,54,138,86,135,69,124,86,148,160,92,115,91,94,61,100,104
"COG1448",37,14,42,51,110,19,51,42,66,40,9,61,46,46,51,28,200,24,21,21,51,123,83,55,40,34,48,33,31,59,97,31,30,70,59,33,5,36,38,54,22,35,62,61,19,33,11,75,52,40,24,42,20,26,38,21,37,28,27,32,26,15,47,31,7,7,48,38,16,45,26,38,47,45,78,39,42,37,25,47,22,47,29,34,29,22,41,62,9,32,21,15,88,40,55,42,50,28,34,47
"COG1449",4,25,36,54,0,5,23,56,13,76,6,130,18,69,0,48,6,59,28,9,46,0,17,77,24,56,90,26,48,127,3,33,35,30,52,11,16,68,85,58,3,40,8,60,6,35,12,15,70,107,51,80,27,23,45,66,24,91,9,89,5,7,59,62,3,24,50,110,50,0,4,50,40,100,28,82,49,16,62,86,53,103,56,53,35,2,125,23,61,13,165,7,95,48,53,56,56,20,34,102
"COG1450",186,317,181,127,130,168,113,117,169,144,214,155,186,126,168,100,461,92,155,155,144,194,321,142,154,155,130,154,142,163,268,126,168,368,175,119,243,110,119,156,216,115,180,162,205,105,269,213,136,174,115,158,159,215,128,111,175,108,257,121,156,180,143,150,86,225,122,108,153,123,174,116,144,172,120,106,78,190,102,72,124,137,157,114,78,157,175,138,114,183,116,150,140,124,187,165,110,121,145,120
"COG1451",57,54,106,34,63,68,39,24,39,25,40,60,43,47,59,21,127,25,25,71,39,56,88,35,68,47,37,47,39,56,92,38,32,63,50,52,48,23,42,48,61,37,88,57,64,38,41,78,47,52,29,43,43,26,32,30,32,33,49,34,78,73,110,44,23,36,41,22,19,55,54,27,32,57,36,40,35,70,38,32,26,31,29,15,25,60,30,78,21,70,24,67,44,28,40,32,194,34,36,59
"COG1452",139,175,164,236,283,191,207,267,397,385,143,207,244,256,274,236,187,214,361,168,183,291,189,264,179,268,248,197,228,214,195,239,260,219,159,162,178,255,216,156,177,182,158,279,183,215,194,204,248,325,458,384,309,541,262,331,499,366,204,349,271,275,220,401,435,328,314,370,234,538,202,369,466,341,232,227,379,252,313,326,385,206,499,404,232,204,353,333,506,261,511,237,283,395,377,359,204,314,248,330
"COG1453",16,46,323,50,0,13,318,319,72,11,53,38,27,101,50,252,4,262,117,29,188,0,36,71,142,116,74,16,134,116,17,72,71,72,90,55,42,108,208,58,18,368,17,79,38,80,77,131,35,42,12,168,42,57,176,138,12,189,64,201,17,26,326,129,6,52,222,191,10,0,17,82,129,96,338,218,233,20,45,165,19,170,92,53,34,21,142,15,91,44,5,17,64,135,37,105,425,185,218,106
"COG1454",386,330,208,396,348,355,316,349,429,473,216,334,456,347,347,419,175,355,445,484,343,464,380,359,323,412,362,392,402,292,318,478,346,401,315,354,296,427,339,384,384,318,389,363,386,435,320,230,436,318,438,338,448,415,323,358,369,379,317,341,410,438,202,435,497,275,327,320,501,378,422,417,476,389,269,304,444,434,346,325,545,345,442,423,485,462,278,251,504,343,398,430,291,315,411,300,146,332,256,355
"COG1455",0,0,0,0,3,0,0,0,1,0,0,0,0,0,0,0,3,0,0,0,0,1,16,1,0,0,0,0,0,0,0,0,0,1,0,0,0,0,0,1,0,1,0,0,0,0,0,0,0,0,0,0,0,1,0,0,0,0,1,1,1,1,1,0,0,0,0,0,0,0,0,0,0,0,0,0,0,0,0,1,0,0,1,0,0,0,1,1,0,0,0,1,0,1,0,2,0,0,0,0
"COG1456",3,5,0,0,0,3,0,0,0,0,41,0,0,0,0,0,0,0,0,4,0,0,0,0,1,0,0,0,0,0,3,0,0,0,0,3,59,0,0,0,5,0,3,0,4,0,37,0,0,0,0,0,0,0,0,0,0,0,40,0,1,3,0,0,0,60,0,0,0,0,4,0,0,0,0,0,0,6,0,0,0,0,0,0,0,5,0,0,0,2,0,4,2,0,0,0,1,0,0,0
"COG1457",27,14,6,2,24,19,6,0,3,3,11,14,13,20,11,0,22,0,2,5,3,40,35,3,44,1,0,15,3,2,63,6,1,17,16,20,3,1,1,7,15,5,37,5,22,6,11,52,4,3,1,3,19,0,3,5,37,5,27,3,21,17,7,1,9,4,11,1,28,8,17,0,2,2,6,4,3,38,6,1,4,2,0,1,6,13,6,3,1,17,5,14,5,2,10,13,1,20,4,0
"COG1459",199,328,263,145,198,213,180,180,210,180,245,161,219,163,185,154,409,173,213,221,196,204,349,162,286,180,174,182,167,169,284,148,166,270,244,163,270,150,214,163,195,151,247,224,228,144,278,284,166,263,187,211,200,219,163,175,216,192,261,193,201,225,230,150,148,309,165,168,206,229,197,221,179,204,159,138,148,205,189,118,201,170,170,186,152,206,178,143,243,201,206,183,163,218,158,165,210,156,173,183
"COG1460",3,1,0,0,0,1,0,0,0,0,6,0,1,2,0,1,0,0,1,2,3,0,0,0,2,1,0,4,1,0,2,0,4,5,2,2,4,1,1,5,0,0,2,0,5,0,1,2,2,1,0,1,7,0,1,3,2,1,5,1,1,3,0,0,1,2,0,0,3,0,1,4,0,0,1,0,0,1,2,0,1,1,1,0,0,0,1,0,0,1,2,1,1,2,0,1,0,0,2,2
"COG1461",60,94,4,6,1,63,6,0,5,4,57,17,102,18,2,8,14,32,0,64,51,0,88,2,30,31,6,97,26,5,37,23,35,60,54,29,61,26,9,114,60,10,36,3,71,25,63,32,34,17,44,15,115,1,42,35,108,11,52,21,71,80,5,20,138,60,7,14,42,1,58,31,3,11,2,17,3,67,62,10,101,26,4,38,117,52,12,3,6,79,26,69,20,67,0,8,10,17,31,15
"COG1462",31,21,13,38,36,33,25,19,30,54,15,43,20,46,58,15,39,12,4,17,26,68,14,44,51,30,42,27,39,13,41,26,16,26,56,15,9,31,17,10,15,25,45,22,16,19,10,29,31,27,29,19,20,6,16,7,31,40,23,40,27,36,26,49,19,17,102,33,26,29,25,10,29,57,16,110,32,33,33,70,38,15,77,23,33,42,62,85,24,42,15,22,27,26,23,39,48,39,18,38
"COG1463",43,33,155,62,26,18,102,78,62,23,18,38,41,57,62,80,85,82,57,40,89,32,60,40,73,65,49,25,83,73,81,51,51,97,104,70,26,64,130,43,31,82,95,75,28,38,28,133,26,38,23,57,31,39,58,45,16,49,13,55,13,12,136,42,13,13,52,46,20,7,21,26,48,37,102,55,50,37,26,41,20,32,32,21,17,21,33,12,28,52,14,23,49,51,44,32,118,57,78,32
"COG1464",1,0,9,0,0,1,5,0,0,0,0,0,3,0,3,2,4,0,0,2,0,0,14,0,3,2,0,1,1,1,9,1,0,3,10,4,0,0,0,0,0,2,27,0,2,0,1,1,0,1,0,1,3,0,0,1,0,2,11,1,14,1,4,0,0,1,4,0,1,0,1,0,1,1,0,0,2,18,1,0,0,0,0,0,2,3,2,1,1,2,0,0,2,0,1,0,0,1,0,1
"COG1465",109,25,6,8,24,124,10,5,0,0,17,46,67,30,0,8,7,26,9,98,26,0,20,12,47,23,13,107,12,15,51,43,14,38,21,97,6,30,11,53,102,14,29,8,76,29,3,14,67,19,24,17,71,3,29,30,18,8,30,12,109,86,19,15,98,16,7,17,51,0,106,39,5,9,7,16,7,121,43,19,45,43,0,30,48,95,12,7,4,87,11,122,37,9,11,3,12,27,53,16
"COG1466",194,286,253,250,288,266,275,317,337,262,256,238,223,272,335,296,117,269,315,217,264,279,153,268,236,307,278,228,362,297,197,241,325,180,202,225,258,279,250,232,237,261,144,318,225,308,277,224,256,302,317,232,248,305,305,307,315,268,197,283,232,231,268,340,265,283,262,316,156,396,240,278,356,258,329,217,352,205,263,251,294,173,292,246,228,197,280,340,339,205,265,248,255,331,224,263,320,334,287,234
"COG1467",140,33,12,9,21,191,7,6,0,0,38,45,91,24,0,11,13,34,6,160,39,5,41,29,62,26,31,126,18,30,68,39,25,52,34,145,12,30,14,78,144,17,62,8,116,55,17,26,70,37,37,15,95,3,72,42,14,15,48,10,163,136,33,17,159,17,13,17,68,105,182,49,5,15,4,20,9,153,45,36,60,67,1,44,64,148,5,15,7,122,34,163,49,16,4,2,19,39,59,18
"COG1468",6,1,3,0,0,2,1,0,0,0,10,0,8,0,1,0,21,0,0,0,0,0,14,0,1,0,0,1,1,0,0,0,0,0,2,5,7,0,1,0,2,0,1,1,1,0,2,6,0,0,1,0,1,0,0,1,0,0,8,0,4,0,4,0,0,7,0,0,0,0,1,0,1,0,1,0,0,0,1,0,0,1,0,0,0,5,1,0,0,1,0,1,0,2,0,2,0,0,0,0
"COG1469",43,51,38,38,78,43,21,15,26,12,24,38,33,26,43,8,57,17,13,34,21,47,29,38,24,27,20,20,13,30,54,31,10,48,38,14,42,30,24,31,42,11,49,41,28,40,40,41,41,11,18,26,33,18,23,27,15,22,23,30,32,23,40,17,14,45,36,13,25,54,21,18,26,52,25,23,27,20,13,44,6,17,17,17,11,28,34,60,13,20,5,24,30,13,36,22,22,25,22,25
"COG1470",1,7,7,0,0,0,1,0,0,0,2,5,5,1,0,1,1,2,0,0,5,0,5,0,2,0,0,11,1,4,1,1,8,4,5,0,2,3,3,4,0,0,2,0,0,0,1,1,3,22,3,3,12,0,5,3,1,0,3,0,0,0,5,2,3,3,2,1,3,0,0,4,1,1,0,1,0,1,9,0,8,1,0,0,16,0,0,0,0,0,2,0,10,3,0,0,10,0,3,0
"COG1471",62,26,6,6,13,93,9,1,1,0,37,29,55,14,0,8,7,15,4,74,22,2,16,5,24,13,5,65,9,21,30,20,17,23,22,73,25,12,11,43,50,5,26,8,64,40,13,11,41,20,13,9,60,3,33,21,10,11,34,10,63,49,13,7,70,13,11,6,58,1,66,22,6,6,9,16,1,60,26,9,38,38,0,17,41,59,9,1,6,61,12,67,17,16,4,1,12,12,31,13
"COG1472",647,567,559,574,1023,518,550,477,547,888,707,727,400,620,811,573,799,510,676,372,483,1167,437,632,518,526,737,409,650,734,560,665,593,495,544,1032,544,622,480,350,487,415,521,766,416,690,497,675,619,759,774,567,388,736,615,598,640,470,615,449,438,365,396,716,366,521,473,498,689,813,544,561,675,652,567,403,540,400,485,519,616,431,745,584,439,698,600,1052,664,668,596,477,816,610,714,687,438,524,635,621
"COG1473",448,440,435,407,494,409,415,435,369,380,597,540,415,428,376,370,256,423,390,391,449,593,405,375,408,447,519,466,426,558,337,549,498,451,366,357,480,445,451,438,446,426,382,569,451,517,465,410,417,546,452,474,453,421,513,465,477,380,475,405,456,455,477,415,362,469,369,428,533,349,498,412,444,576,492,444,407,437,430,375,437,488,402,399,424,468,434,567,297,458,464,486,471,464,547,425,491,378,444,508
"COG1474",114,44,25,24,61,135,13,11,2,0,85,108,102,62,0,16,24,75,8,111,92,7,68,41,61,48,26,224,33,59,54,87,39,91,85,97,71,80,28,140,90,29,41,11,117,108,43,41,117,67,70,46,150,7,115,78,37,26,51,28,121,119,75,22,159,48,26,57,144,4,138,89,21,40,21,68,21,105,109,60,84,175,3,92,101,115,17,10,13,99,59,115,88,52,16,9,47,58,119,35
"COG1475",293,284,232,469,276,235,307,287,305,361,280,359,373,346,382,323,413,293,345,272,269,278,306,437,311,308,348,282,289,330,357,329,332,301,365,422,281,329,339,262,247,255,507,355,251,324,234,341,359,409,372,303,337,351,255,306,364,353,300,347,303,254,210,309,410,259,353,363,382,284,281,305,315,344,236,309,293,273,354,407,367,291,362,324,366,286,334,346,372,334,386,272,310,319,361,313,184,277,258,329
"COG1476",14,38,11,27,34,18,10,8,9,15,25,20,8,15,37,4,26,4,8,21,8,18,12,24,7,10,24,15,11,11,16,31,12,10,8,20,15,11,6,16,19,12,24,10,16,35,9,13,21,16,16,9,20,10,9,11,19,14,12,15,26,13,16,6,7,25,5,16,18,39,9,12,24,24,14,20,9,15,18,21,10,9,6,11,4,23,18,74,16,12,21,15,18,11,17,19,8,17,18,20
"COG1477",119,133,165,104,134,149,96,81,101,157,168,142,124,116,140,84,263,111,110,78,117,151,168,112,114,95,134,101,119,141,167,141,102,216,122,103,178,97,99,112,110,71,147,184,132,127,154,182,117,184,140,129,97,154,108,80,138,90,155,84,111,135,141,124,97,161,84,79,120,146,98,97,125,138,101,84,72,114,104,83,89,76,121,112,56,135,108,233,104,106,114,85,164,128,121,136,107,89,117,133
"COG1478",184,77,18,38,43,228,17,26,24,49,54,47,126,47,27,19,13,26,29,220,56,31,64,33,104,51,60,137,45,44,93,56,48,80,39,222,34,46,35,109,179,43,89,37,142,65,45,23,89,49,48,48,101,23,52,55,66,29,90,39,201,205,23,55,214,41,20,40,104,13,206,64,26,49,24,36,38,217,62,37,97,34,34,49,126,195,53,78,28,169,54,219,36,42,30,34,20,55,43,53
"COG1479",68,60,94,16,35,43,52,18,6,17,126,51,39,38,44,14,203,25,15,31,24,38,66,21,51,14,17,44,17,46,59,39,25,67,75,85,120,25,35,20,37,29,130,36,38,34,68,56,16,42,30,38,38,29,22,28,43,22,91,23,45,35,54,18,36,142,35,9,34,18,33,14,20,24,25,20,25,54,29,28,32,27,16,24,35,81,29,36,30,48,35,39,64,28,21,17,28,31,27,26
"COG1480",78,161,293,85,92,88,176,187,88,120,260,123,86,158,91,185,13,203,150,57,157,129,83,109,148,172,167,105,185,194,58,133,189,134,144,117,215,187,208,97,107,185,35,147,69,165,180,254,121,204,130,169,100,80,189,178,168,157,195,199,96,71,273,187,97,184,158,164,129,159,74,136,162,164,239,165,196,52,174,206,133,143,194,123,138,93,189,184,129,104,160,63,155,216,142,192,332,201,224,206
"COG1481",1,0,1,0,0,0,2,1,1,0,0,0,1,0,0,1,1,0,0,1,0,1,0,0,1,0,0,0,0,4,1,0,0,0,11,7,0,0,2,2,0,2,9,0,1,0,0,0,0,0,1,0,1,0,0,1,0,0,0,1,1,0,0,1,0,0,0,0,1,0,1,0,2,1,1,1,0,4,0,0,0,0,0,0,0,2,0,0,4,5,0,1,0,1,0,0,1,0,0,0
"COG1482",30,24,25,4,27,29,8,7,12,16,17,5,20,12,25,10,7,7,9,11,20,9,53,10,20,7,6,23,12,16,26,11,12,27,31,96,35,6,10,28,22,13,44,6,22,9,25,20,27,12,8,16,27,14,16,15,15,12,27,11,24,14,9,24,13,33,9,11,14,50,32,12,9,14,12,15,5,17,18,13,8,18,11,9,12,49,26,20,14,32,9,23,24,20,14,18,8,12,10,3
"COG1483",20,2,19,2,2,10,10,2,1,1,21,1,20,2,4,0,62,3,0,4,1,3,15,0,17,5,1,9,1,6,60,2,3,9,26,68,14,1,10,1,4,2,20,3,7,1,4,8,1,7,2,8,3,2,5,5,13,7,24,1,10,2,24,1,11,8,6,2,2,0,21,2,1,1,7,4,3,18,3,4,0,0,3,1,7,23,2,0,4,22,3,17,2,4,3,5,24,2,2,5
"COG1484",96,128,83,10,16,89,66,7,19,7,418,50,196,68,47,8,1112,7,3,113,54,71,328,27,112,19,5,78,13,20,334,8,16,151,135,174,293,10,18,73,72,15,226,16,103,7,218,290,24,8,8,17,61,10,33,23,86,9,388,16,55,99,66,10,56,304,33,9,41,16,139,20,7,24,24,12,21,208,44,9,29,17,5,11,72,112,25,33,37,88,2,134,38,44,37,10,28,35,37,12
"COG1485",82,59,98,268,248,50,157,252,276,247,26,190,67,180,306,200,149,166,315,59,152,253,98,261,129,216,246,52,183,224,112,184,134,117,110,96,34,224,224,142,36,129,98,207,71,185,36,116,200,229,244,187,72,325,124,156,159,255,53,215,61,53,96,192,66,33,183,191,99,237,50,156,256,210,148,195,199,58,132,245,176,131,193,222,138,65,189,206,217,65,214,41,163,104,197,171,90,175,138,214
"COG1486",34,53,43,95,5,34,48,59,79,51,75,62,81,45,38,77,8,73,74,33,45,18,51,80,44,103,62,58,47,47,25,54,83,37,33,42,39,68,62,112,39,106,20,54,40,56,91,31,55,33,72,69,92,82,64,76,88,74,63,98,40,36,31,58,62,38,63,61,41,2,33,87,64,68,64,94,83,37,72,55,89,64,75,87,51,36,48,38,68,40,48,32,73,71,80,73,33,49,35,55
"COG1487",7,7,8,0,1,1,6,1,4,1,12,3,2,5,1,3,5,0,0,7,3,4,6,0,3,0,0,1,0,2,14,1,0,12,9,11,11,1,0,0,1,3,12,0,9,0,12,8,1,2,0,4,5,0,1,1,0,2,9,0,5,3,2,0,0,7,1,2,0,2,6,1,1,3,2,0,1,15,3,0,0,2,1,0,0,9,1,4,0,6,0,4,2,1,1,5,1,0,1,0
"COG1488",68,46,48,63,39,30,56,60,80,100,68,44,73,34,43,61,21,31,67,72,59,72,135,53,47,44,41,69,59,59,54,43,45,59,81,76,62,36,29,105,47,51,92,56,37,34,53,30,56,37,43,52,70,62,36,58,59,40,68,41,68,36,30,70,57,55,52,46,28,15,60,56,58,54,69,77,46,58,47,51,54,65,70,33,91,84,45,32,24,56,38,55,86,63,76,81,29,51,34,53
"COG1489",99,118,132,119,109,67,157,142,151,139,162,118,75,133,139,172,156,156,148,97,144,156,66,154,117,156,115,72,142,119,100,117,149,70,104,78,123,136,139,91,98,176,79,101,97,97,115,140,122,114,135,120,108,98,146,129,97,158,113,126,86,78,159,142,104,154,156,144,99,139,84,105,167,108,152,118,174,67,114,158,131,89,153,111,131,96,127,66,169,81,133,97,97,168,100,150,174,171,172,127
"COG1490",65,66,58,47,79,71,35,36,32,57,82,70,57,49,59,37,66,44,45,47,72,70,65,38,47,65,50,66,61,52,56,73,42,78,68,48,71,62,45,67,66,39,53,74,85,69,68,65,54,68,61,73,67,42,49,59,83,39,81,46,57,66,55,56,41,68,36,55,61,83,51,68,53,72,48,45,55,57,61,35,67,46,51,62,57,74,57,100,52,58,75,58,72,63,56,61,43,45,51,56
"COG1491",34,12,6,9,6,43,4,1,0,0,28,18,18,15,0,7,1,10,4,33,16,0,13,4,15,8,9,46,7,6,19,14,5,19,17,37,17,16,5,32,39,5,19,5,41,12,8,7,18,8,23,8,74,3,25,24,16,6,28,7,55,57,15,7,58,11,10,10,35,0,68,26,9,6,4,7,2,58,30,14,24,29,0,17,20,61,6,4,3,42,20,75,26,11,4,0,13,24,36,9
"COG1492",95,80,272,40,61,119,195,162,72,23,68,53,93,69,67,152,17,134,99,112,157,114,58,42,123,86,62,74,96,104,65,74,71,77,71,109,77,68,133,80,99,184,85,115,98,64,84,176,63,46,14,116,93,93,146,83,18,94,77,122,125,83,238,83,112,64,135,110,31,108,119,69,113,93,237,93,140,121,44,94,48,94,58,38,71,113,98,54,55,124,16,129,94,96,48,93,314,156,193,113
"COG1493",11,11,21,13,18,4,5,9,18,12,6,8,12,11,5,1,2,7,11,10,10,21,21,16,5,3,12,8,6,13,9,9,5,28,20,13,3,4,7,14,8,4,18,14,14,7,7,18,13,1,3,14,7,16,4,16,5,8,4,7,12,7,18,9,6,2,4,7,2,22,10,5,16,21,9,13,7,12,6,17,2,5,7,4,5,12,16,18,1,11,5,12,21,10,15,15,10,10,9,11
"COG1494",94,121,219,173,99,102,203,212,216,206,98,192,168,182,149,228,14,241,178,128,180,92,83,184,137,216,168,122,204,161,66,193,258,89,141,147,121,209,214,139,112,243,94,133,132,201,173,147,160,199,193,230,162,192,203,231,186,210,98,226,96,135,247,224,193,139,214,228,186,84,114,210,209,167,220,173,239,121,182,189,170,220,229,191,197,117,160,60,205,145,206,101,169,208,153,164,261,198,217,186
"COG1495",44,44,39,64,83,61,53,77,75,80,31,65,44,79,45,67,64,52,81,37,62,91,84,58,45,65,55,50,59,54,58,70,66,48,50,36,50,72,63,63,54,44,55,63,50,46,40,56,72,64,94,48,51,84,50,58,73,65,39,63,52,46,42,53,58,41,64,70,62,100,37,65,76,58,42,51,65,58,85,54,91,61,68,79,79,23,75,91,96,58,75,33,61,72,78,62,33,57,40,52
"COG1496",117,150,155,186,139,131,189,205,225,179,157,153,139,154,194,214,71,196,208,129,155,147,105,225,130,192,161,116,184,172,115,176,157,91,130,121,190,192,202,154,141,174,101,164,144,169,163,114,142,230,201,169,152,182,160,197,210,203,134,189,110,120,176,192,195,189,180,236,129,198,108,190,213,199,185,207,212,86,146,200,207,122,204,194,182,85,171,121,273,110,245,103,161,171,153,248,198,174,163,161
"COG1497",0,0,0,0,0,0,0,0,0,0,0,0,0,0,0,0,0,0,0,0,0,0,0,0,0,0,0,0,0,0,0,0,0,1,0,0,2,0,0,1,0,0,0,0,0,0,0,0,0,0,0,0,1,0,0,0,1,0,2,0,0,0,0,0,0,0,0,0,0,0,0,0,0,0,0,0,0,0,0,0,0,0,0,0,0,0,0,0,0,0,0,0,0,0,0,0,0,0,0,0
"COG1498",105,38,10,3,33,137,11,5,2,1,42,42,92,27,1,7,7,33,3,117,46,6,38,18,51,20,7,107,10,36,42,34,19,54,41,139,14,34,17,92,112,14,41,6,70,34,19,15,77,33,28,15,91,4,52,45,16,9,46,18,114,104,22,13,159,19,12,11,74,5,142,65,7,21,6,17,9,91,49,13,57,81,1,38,75,100,3,6,4,91,30,126,66,17,7,4,30,49,52,13
"COG1499",22,11,9,6,19,10,8,5,1,3,19,47,22,21,0,11,4,29,6,6,33,3,23,11,11,19,5,41,14,26,8,29,26,22,27,4,10,32,14,52,27,7,2,6,18,34,10,15,43,31,27,18,31,1,47,22,11,11,13,14,15,16,38,14,10,9,11,25,33,0,16,28,3,14,8,17,13,10,41,29,16,62,0,19,13,9,5,2,7,11,26,17,37,24,3,2,15,16,42,16
"COG1500",71,18,12,10,11,110,6,9,1,1,37,42,49,28,0,5,10,20,5,54,31,0,15,10,35,12,5,76,16,20,31,28,14,38,25,57,25,27,9,49,57,6,27,5,64,33,12,8,43,20,19,16,51,2,35,25,9,13,33,9,66,65,24,15,95,19,10,17,36,0,93,32,7,11,7,16,7,83,35,8,42,45,0,25,41,66,5,1,6,79,22,82,26,9,5,5,16,30,29,24
"COG1501",105,33,46,16,22,58,31,7,15,27,40,34,20,49,43,13,170,15,23,36,29,12,62,16,78,10,21,56,18,27,86,21,14,52,67,156,25,23,19,17,37,9,114,19,57,25,58,49,34,11,9,23,16,22,24,22,17,7,42,17,48,18,44,11,11,31,18,11,18,92,71,20,20,30,38,16,17,37,30,18,5,39,13,20,14,173,17,27,12,60,7,56,69,42,32,19,20,48,24,17
"COG1502",140,94,158,29,51,79,92,18,38,23,99,73,64,68,94,19,403,25,13,73,49,23,221,40,101,31,48,58,15,72,218,41,13,135,111,133,63,39,48,36,60,27,241,39,89,28,70,158,57,52,17,68,58,22,55,61,44,21,98,25,108,73,120,16,24,63,43,23,44,13,96,41,22,59,52,36,22,131,45,42,11,45,6,23,20,88,34,63,22,101,39,84,113,35,46,55,66,75,69,41
"COG1503",122,45,16,10,20,154,22,4,0,2,61,49,75,37,0,12,7,34,9,123,47,2,45,21,59,26,16,133,19,42,52,40,24,47,33,119,44,26,15,84,87,15,37,8,90,48,20,20,67,38,27,24,108,2,64,48,15,13,58,20,136,105,31,20,136,27,16,32,68,0,140,55,8,14,11,29,3,128,69,32,63,68,0,46,62,117,10,7,6,103,40,143,47,14,4,5,29,45,66,19
"COG1504",0,0,0,0,0,0,0,0,0,0,1,0,0,0,0,0,0,0,0,0,0,0,0,0,1,0,0,0,0,0,0,0,0,0,0,1,1,0,0,0,0,0,1,0,0,0,2,0,0,0,0,0,0,0,0,0,0,0,3,0,0,0,0,0,0,2,0,0,0,0,0,0,0,0,0,0,0,0,0,0,0,0,0,0,0,0,0,0,0,3,0,0,0,0,0,0,0,0,0,0
"COG1505",165,115,129,137,193,97,102,88,113,196,143,179,122,125,141,133,239,83,147,87,111,199,174,118,114,133,181,140,131,192,141,126,108,185,98,169,101,137,107,92,117,88,171,250,103,151,102,169,99,240,185,149,111,137,115,89,157,102,103,81,120,98,100,120,65,77,90,99,154,232,135,130,153,175,146,66,113,91,91,99,127,86,102,130,75,155,131,209,126,149,178,101,194,110,175,131,132,89,102,123
"COG1506",1032,696,769,429,568,722,620,518,280,433,1159,753,785,619,744,533,1700,521,529,578,645,679,926,415,723,498,688,853,556,822,991,604,581,762,616,1056,871,585,576,598,744,506,923,814,767,600,768,887,624,915,739,674,617,494,663,583,784,491,897,545,779,763,704,525,486,722,489,525,866,628,847,555,453,602,654,538,459,672,493,475,663,562,404,465,594,862,594,770,567,898,735,791,726,653,588,561,729,533,762,652
"COG1507",7,8,1,17,2,6,2,7,4,5,5,9,7,13,3,8,0,11,10,7,4,8,1,13,3,20,12,4,14,17,12,10,13,3,15,13,8,17,18,9,7,6,10,6,9,11,4,2,16,18,11,12,5,3,3,20,11,17,3,21,9,14,7,11,6,3,17,14,23,3,7,12,7,14,6,11,11,8,28,20,18,12,8,15,19,13,24,14,7,15,29,9,15,10,10,14,1,2,4,24
"COG1508",204,219,220,190,267,192,166,134,196,230,262,228,162,179,273,163,206,166,154,169,189,316,234,189,169,166,207,172,196,218,212,189,149,238,156,158,249,171,142,148,211,143,210,236,194,205,232,186,182,233,223,164,169,158,172,163,205,122,267,154,214,169,155,167,146,198,122,146,151,257,191,181,192,198,194,151,144,178,163,140,164,121,176,193,105,191,182,340,130,192,180,185,299,137,232,202,162,161,182,207
"COG1509",174,107,64,2,31,205,24,6,25,23,118,13,131,17,34,10,159,14,5,152,37,12,129,7,88,16,12,120,17,24,144,25,25,175,77,133,81,24,8,76,139,5,87,15,134,36,102,78,77,7,14,31,84,20,40,22,24,8,168,15,136,157,46,17,209,80,21,11,100,19,176,49,8,25,23,26,13,179,31,13,73,44,10,20,66,164,15,41,10,119,15,181,36,24,28,19,18,52,47,4
"COG1510",13,14,13,1,2,12,5,3,3,4,20,4,7,6,12,0,80,0,7,4,5,24,28,2,6,5,4,6,5,7,20,2,2,20,8,12,12,0,1,4,4,5,26,3,14,3,11,19,6,2,6,5,0,4,7,0,6,2,8,3,2,10,6,0,2,13,0,3,12,19,5,5,2,4,1,0,1,9,5,7,0,6,1,3,1,7,0,3,2,8,2,3,3,4,4,5,7,2,5,4
"COG1511",6,0,1,3,0,0,2,1,1,0,1,2,2,2,0,1,0,0,7,2,0,2,0,4,3,0,2,2,0,4,2,2,0,2,25,41,0,0,4,0,1,0,19,2,4,1,1,0,2,0,0,1,0,3,0,1,2,0,0,1,3,1,0,1,1,0,0,0,0,2,14,1,0,1,1,1,1,5,1,4,1,0,1,0,0,19,1,1,4,13,0,5,0,0,0,1,1,1,0,0
"COG1512",20,8,59,18,30,17,7,1,22,1,13,5,9,8,21,3,2,3,8,8,10,20,16,16,11,2,8,10,3,12,34,16,3,27,14,43,12,8,2,8,11,7,30,4,14,14,13,11,9,3,10,25,12,2,11,37,3,3,21,6,34,18,29,1,4,9,0,11,7,41,15,14,3,7,7,18,10,10,8,21,0,23,5,15,1,28,25,13,4,28,3,16,44,3,6,45,10,19,19,10
"COG1513",7,7,15,13,3,3,11,10,13,1,8,10,7,6,15,11,58,8,17,2,8,1,9,16,6,5,4,4,3,2,22,9,10,17,10,3,9,8,0,1,4,18,12,3,6,5,15,24,2,1,1,26,3,11,16,13,6,2,18,5,0,4,13,14,2,10,11,3,4,1,2,12,7,5,13,17,12,7,2,26,0,14,2,3,2,4,5,2,1,1,1,6,5,24,12,32,5,32,31,6
"COG1514",78,56,15,5,2,95,12,7,4,0,103,19,67,16,5,3,85,6,4,95,23,1,70,8,57,10,5,57,9,13,101,11,10,56,39,64,100,14,7,36,99,8,81,9,87,10,59,54,26,16,17,4,77,2,26,13,30,6,90,8,77,76,19,8,104,70,13,8,33,2,114,19,4,4,12,7,6,92,30,9,45,14,8,14,30,96,10,6,5,78,14,79,15,18,8,7,10,14,16,6
"COG1515",10,6,5,0,2,6,3,0,2,0,18,3,2,3,0,0,1,1,0,7,1,3,6,1,6,0,1,7,0,5,6,1,2,5,14,4,21,2,6,6,6,2,9,3,5,1,10,2,3,12,5,3,4,1,4,7,7,2,13,5,10,7,6,2,1,10,3,1,5,0,4,2,0,3,2,2,1,6,2,1,7,7,1,5,4,3,4,0,8,10,2,6,8,4,0,0,3,4,2,1
"COG1516",26,22,12,11,10,12,22,9,21,11,9,8,13,8,25,9,62,5,2,19,13,26,34,14,22,6,1,15,9,7,38,2,7,25,17,10,5,3,8,7,14,11,34,5,23,2,11,22,9,2,4,9,12,4,6,11,6,9,16,6,22,29,10,4,2,11,12,11,11,20,22,6,16,1,13,7,13,21,12,8,5,9,12,3,1,15,10,3,3,17,2,19,13,10,10,15,7,9,8,6
"COG1518",28,5,12,0,5,9,3,0,2,2,12,5,13,12,13,1,71,0,1,3,4,13,43,0,23,2,1,9,2,2,26,1,0,8,16,17,14,0,3,0,4,0,9,1,5,1,3,24,1,0,3,2,2,4,3,2,4,0,8,4,11,3,18,0,0,9,5,0,12,7,7,2,0,3,4,0,1,11,3,0,0,1,1,0,2,28,2,0,1,10,2,5,6,3,2,5,4,1,0,2
"COG1519",263,329,192,436,446,314,270,375,424,487,293,355,287,298,423,367,189,355,408,271,305,459,219,407,256,332,370,248,371,358,240,336,372,280,210,213,322,341,336,277,285,244,212,387,292,356,303,192,352,406,440,314,294,433,330,330,409,343,288,324,254,283,226,347,309,349,323,346,254,490,237,377,424,389,278,271,352,237,313,337,373,194,426,378,307,227,320,435,517,257,475,283,374,320,314,336,199,303,266,351
"COG1520",296,451,292,356,262,327,228,269,354,346,349,282,488,291,333,234,222,313,364,348,339,371,567,340,284,353,313,371,298,311,290,317,339,637,362,271,436,377,263,416,366,234,308,281,328,328,561,343,393,295,372,333,508,366,317,319,383,263,521,313,351,369,215,322,332,402,248,275,287,326,287,351,328,330,211,253,289,310,283,336,322,278,319,415,311,336,270,298,374,298,337,312,315,321,271,261,203,319,263,247
"COG1521",139,163,178,178,224,142,195,199,220,187,142,183,153,191,225,217,128,207,226,128,186,202,138,194,147,210,190,140,216,204,138,178,215,160,135,147,169,212,211,156,144,186,105,195,143,191,173,169,207,161,184,180,158,223,202,209,186,216,161,207,160,160,181,220,158,188,174,236,137,204,154,181,218,219,203,196,235,130,177,243,241,143,243,204,216,114,202,189,255,166,209,140,177,245,161,227,182,224,214,211
"COG1522",621,337,170,157,506,669,111,66,140,109,345,223,371,156,251,103,388,95,64,570,226,579,323,151,286,119,142,494,112,151,497,229,82,280,184,597,312,132,93,296,508,104,436,127,485,262,207,219,268,149,139,134,401,80,234,122,138,93,377,115,513,496,155,108,548,250,104,118,283,556,583,187,129,127,149,149,94,542,191,142,314,136,87,147,305,553,133,452,80,508,130,594,202,110,155,158,91,192,211,122
"COG1523",133,129,371,38,42,96,293,226,109,40,187,120,66,185,143,234,550,220,125,76,235,12,149,65,227,135,81,28,150,136,263,88,123,133,214,140,146,130,200,48,69,261,186,124,113,75,110,355,43,65,19,159,38,95,190,145,49,176,135,202,57,100,362,152,3,105,170,160,73,0,94,73,142,148,347,187,201,96,90,181,29,193,124,81,33,88,144,17,113,109,38,120,153,157,65,138,518,270,286,145
"COG1524",227,241,154,120,160,210,101,130,77,107,420,169,213,137,144,94,179,124,91,177,128,176,203,136,111,148,143,246,137,187,187,135,132,195,175,223,332,150,127,164,245,131,184,163,239,138,232,152,172,238,150,179,172,98,150,164,233,132,271,143,207,191,153,132,214,272,111,110,141,147,223,184,82,152,93,166,92,176,201,134,148,168,144,146,159,281,164,205,107,212,225,233,248,158,124,153,124,113,132,170
"COG1525",84,121,65,136,65,99,98,107,161,142,109,77,137,140,115,88,48,128,126,117,106,72,128,137,114,96,117,103,150,91,76,115,95,87,118,97,130,129,110,93,89,100,115,92,94,119,130,59,112,107,117,129,135,130,89,89,97,115,93,101,73,92,54,117,146,126,133,114,105,58,96,101,118,110,67,159,103,111,120,151,115,98,124,145,146,90,143,76,123,106,122,85,76,90,93,123,73,109,85,96
"COG1526",129,177,38,147,226,158,85,70,87,62,116,107,103,106,150,68,71,104,61,122,122,196,89,194,66,78,144,145,91,56,90,122,98,87,82,110,150,122,62,137,195,77,84,46,152,174,156,67,130,58,110,60,136,47,129,122,74,126,144,109,180,158,63,71,120,188,79,118,106,269,166,133,95,123,88,120,88,101,164,159,107,108,68,166,108,94,104,120,68,153,49,129,67,58,125,129,39,110,89,146
"COG1527",115,37,15,6,21,125,8,7,0,0,29,47,85,27,0,8,5,29,2,103,41,0,36,14,68,23,15,135,18,31,60,49,9,58,36,104,23,26,16,74,94,20,36,3,92,53,15,14,63,23,29,27,95,3,58,40,9,17,48,20,110,128,26,15,154,20,9,12,86,1,129,48,5,14,9,9,4,114,55,21,67,63,2,28,82,135,8,9,3,94,21,139,25,15,5,7,22,31,47,12
"COG1528",8,11,105,13,16,3,72,55,17,1,3,11,24,32,34,44,5,48,20,3,64,5,27,18,34,36,27,29,48,36,4,42,40,25,28,27,4,47,49,22,3,47,6,31,3,29,14,67,20,15,7,56,43,22,78,29,7,47,4,49,4,7,102,30,41,5,40,35,26,1,5,29,27,27,87,32,49,5,26,48,20,35,26,14,20,11,36,18,19,12,1,6,47,47,15,21,117,87,106,38
"COG1529",1303,1274,402,759,344,1002,492,429,589,245,1774,458,1495,511,297,425,625,526,307,1627,985,393,1511,643,831,518,273,1596,541,336,1207,495,531,1434,954,1000,1627,468,315,1885,1391,740,1391,210,1565,521,1596,572,820,258,240,301,927,156,420,405,466,332,1045,363,1127,1047,287,312,640,1017,340,348,357,231,1033,522,286,223,383,450,318,1146,504,376,420,775,273,455,533,1155,345,292,133,854,220,1241,438,414,313,449,181,347,396,205
"COG1530",483,579,582,562,616,468,597,604,708,753,505,560,462,594,711,617,510,607,718,440,592,677,445,627,526,600,645,441,645,604,448,561,637,526,449,444,550,587,624,397,499,569,481,643,480,603,617,546,574,673,655,630,480,725,559,586,641,586,498,594,539,498,578,637,496,593,557,614,493,724,495,588,626,667,534,564,605,424,530,602,617,442,748,620,505,374,635,635,657,470,705,456,590,587,671,714,625,511,559,616
"COG1533",72,104,32,40,3,57,34,29,28,15,105,21,37,18,13,22,3,17,19,51,36,3,42,31,32,17,29,58,25,33,47,22,35,60,73,82,97,14,22,37,73,28,90,27,81,25,99,36,30,27,22,34,55,45,31,61,50,40,175,41,103,113,42,31,51,157,52,49,37,2,109,39,38,38,66,48,33,86,37,44,31,46,38,52,33,126,44,30,30,113,40,101,49,51,22,53,46,42,37,47
"COG1534",12,30,9,7,21,23,8,3,15,7,6,4,11,7,13,1,43,2,2,13,7,17,21,4,14,3,7,17,8,2,34,4,7,14,13,9,15,4,3,7,26,0,19,3,16,4,18,7,9,10,5,2,5,3,3,3,6,4,14,4,11,8,6,14,3,15,4,2,7,45,17,3,11,6,2,3,3,11,5,2,2,2,5,0,3,7,4,17,1,7,5,9,6,4,5,3,6,7,5,1
"COG1535",2,4,0,0,1,0,0,0,2,0,6,0,1,0,0,0,2,0,1,3,0,0,6,0,3,0,0,0,0,0,3,0,0,0,1,3,4,0,0,0,4,0,2,0,2,0,12,0,0,0,0,0,0,0,0,0,0,0,6,0,6,3,0,0,0,7,0,0,0,0,1,0,0,0,0,0,0,3,0,0,1,0,0,0,0,4,0,0,0,1,0,4,1,0,1,0,0,0,0,0
"COG1536",120,150,76,93,40,93,72,57,118,62,187,67,86,52,53,62,144,46,56,117,70,55,109,71,104,63,59,122,46,55,135,56,51,167,138,81,141,31,51,104,149,85,129,61,116,39,132,120,70,82,41,51,98,60,68,61,86,64,138,68,145,133,61,64,58,134,75,68,74,68,141,65,61,53,98,87,53,138,72,63,51,77,59,59,46,130,70,68,41,125,63,150,90,71,89,60,65,40,82,42
"COG1537",141,33,5,11,27,160,9,8,0,1,45,45,65,31,0,7,10,34,2,127,44,2,32,21,66,29,12,138,15,31,56,45,20,39,37,122,25,39,19,63,106,11,48,3,115,52,16,18,65,28,23,11,88,1,74,36,11,18,39,14,127,117,37,11,101,23,12,23,77,2,150,41,3,13,10,24,9,123,41,16,61,74,0,39,52,150,9,2,8,120,24,166,31,17,6,4,16,26,53,18
"COG1538",592,439,721,521,466,432,673,608,596,621,463,603,520,611,807,626,1050,511,624,415,570,412,634,518,583,625,579,441,607,663,829,576,570,617,586,690,552,566,596,447,421,504,780,575,451,565,484,814,481,678,622,607,406,630,556,546,620,563,472,637,455,378,611,644,387,447,555,598,561,402,428,537,607,585,627,507,592,514,512,568,524,514,650,547,502,581,562,554,691,523,620,394,624,610,617,552,694,522,601,568
"COG1539",89,98,99,124,128,81,108,97,126,162,88,98,75,127,129,116,78,118,130,104,99,140,94,110,92,116,115,73,116,114,94,126,120,76,90,86,77,117,115,85,65,112,93,137,82,95,96,90,88,153,143,117,83,136,120,117,100,131,86,123,99,98,102,135,94,99,128,143,101,146,80,97,140,126,109,88,136,76,120,117,113,72,127,124,108,93,119,117,169,70,147,82,133,123,91,118,108,110,119,114
"COG1540",119,99,64,133,129,100,87,120,141,183,72,137,133,140,161,104,82,131,138,151,100,140,95,116,101,132,119,161,106,116,94,163,138,60,116,115,109,149,121,83,137,98,100,119,116,141,123,59,135,117,149,122,141,156,128,136,199,124,86,113,143,127,58,133,209,102,108,108,141,166,140,143,123,115,55,96,119,115,168,111,152,101,176,135,179,127,99,79,158,107,155,140,97,140,147,130,45,143,102,130
"COG1541",164,180,89,103,98,128,60,70,63,27,288,57,101,48,65,45,21,36,41,188,62,125,149,91,103,49,63,96,54,71,113,38,45,134,82,151,329,44,57,84,169,75,126,85,157,45,220,70,82,43,31,48,84,49,43,51,38,78,229,69,175,183,67,42,30,258,64,58,13,37,182,45,69,71,83,75,63,214,55,56,24,57,52,55,21,207,68,81,30,146,51,189,107,59,60,75,83,53,58,67
"COG1543",0,9,222,21,0,0,143,142,46,5,1,38,0,68,28,120,2,127,61,9,115,0,0,24,70,93,47,0,93,97,0,45,78,22,33,21,2,66,119,25,0,181,0,70,0,36,9,173,17,36,4,117,11,42,117,92,14,92,0,74,1,0,249,83,0,0,95,83,3,0,3,33,101,74,186,74,135,0,33,77,10,89,51,21,12,2,58,4,62,16,2,1,34,102,20,73,337,104,149,85
"COG1544",20,34,118,47,50,27,102,97,54,15,57,32,15,39,59,75,53,67,49,20,67,30,29,31,60,43,40,20,53,58,36,39,31,30,46,55,56,42,60,13,20,81,58,60,19,28,50,72,11,26,9,52,11,31,62,40,14,57,35,45,20,25,122,49,3,53,65,63,7,36,16,24,67,54,112,86,70,29,25,66,11,42,19,18,2,16,45,60,25,26,5,21,40,59,38,66,169,73,81,43
"COG1545",57,58,50,45,35,62,20,34,22,19,90,42,78,51,27,24,7,37,26,112,91,5,101,36,55,38,28,75,57,29,69,34,43,92,68,64,89,41,32,115,79,36,73,23,99,31,66,34,65,16,44,36,107,28,78,61,85,33,83,36,81,80,32,56,75,79,25,24,68,7,91,72,28,25,26,42,26,94,56,34,80,66,22,52,75,100,37,25,22,80,39,92,46,47,22,36,11,27,49,19
"COG1546",184,230,284,195,168,160,240,278,175,244,235,198,183,205,196,223,72,260,232,184,288,173,194,201,163,233,233,219,247,259,152,226,237,221,198,164,193,224,246,220,203,262,144,223,175,219,232,233,228,262,210,214,243,195,235,248,222,225,152,229,186,182,321,237,203,212,218,249,178,160,189,221,214,260,268,248,211,183,215,246,234,222,226,216,195,195,265,222,214,191,242,176,230,240,145,229,333,246,267,248
"COG1547",4,14,25,10,0,7,38,31,2,0,11,14,4,9,3,13,0,25,6,5,31,0,7,3,16,23,12,7,17,14,6,12,19,13,13,6,5,25,22,7,10,32,3,10,5,14,8,36,11,20,7,27,17,15,38,28,8,38,8,28,13,11,64,33,13,9,19,30,10,0,8,17,18,17,40,17,36,12,21,20,9,25,13,17,16,19,21,5,17,17,8,14,21,26,9,23,83,35,38,18
"COG1548",6,4,3,9,1,4,5,8,12,4,6,3,10,13,7,4,2,10,9,8,7,1,1,13,2,2,9,10,6,5,1,5,5,15,5,5,7,6,5,5,12,11,4,3,8,11,11,3,13,4,8,3,11,2,1,5,4,13,10,15,3,5,8,9,11,6,8,6,8,16,4,10,9,11,7,4,7,2,8,14,11,4,6,3,7,3,18,5,13,7,8,2,15,3,12,13,2,3,2,10
"COG1549",17,19,15,8,26,15,17,9,0,0,10,59,22,32,0,10,7,40,6,6,44,0,28,21,16,37,11,65,25,45,10,54,28,41,31,14,5,30,22,69,46,14,9,12,23,36,12,31,41,50,31,30,59,5,77,39,14,15,11,29,25,21,67,21,9,5,14,18,55,0,31,56,14,22,20,25,4,11,63,24,32,77,1,53,17,10,12,0,12,32,50,18,45,19,4,3,21,25,56,34
"COG1550",4,15,0,0,0,1,0,0,0,0,35,0,7,0,0,0,0,0,0,11,0,0,6,1,1,0,0,6,0,0,2,0,0,2,0,1,31,0,0,5,6,0,4,0,3,0,12,0,1,0,0,0,3,0,0,0,0,0,20,0,3,7,0,0,2,12,0,0,0,0,8,0,0,0,0,0,0,4,0,0,0,0,0,1,1,7,0,0,0,3,0,6,0,0,0,0,0,0,1,0
"COG1551",29,20,7,7,8,6,8,6,9,6,18,9,30,15,6,5,51,2,4,16,13,9,18,12,19,6,6,14,11,3,29,3,4,22,10,5,13,4,9,7,15,5,21,7,13,10,15,15,13,1,9,8,17,12,4,8,10,7,27,9,23,14,13,9,6,17,8,7,21,14,17,6,13,6,8,7,4,31,9,4,4,4,10,2,5,16,6,13,6,8,5,11,8,8,7,11,13,3,4,13
"COG1552",5,1,0,0,1,0,1,0,2,0,0,1,4,1,0,2,0,3,0,3,2,1,1,1,0,1,2,9,3,2,1,0,3,4,2,1,0,4,0,2,0,1,1,0,0,1,0,2,6,2,2,1,3,0,2,1,0,0,0,1,2,3,0,0,12,0,1,0,6,0,1,5,0,1,0,1,5,0,3,0,9,1,2,0,11,0,0,6,2,4,1,2,7,3,0,0,0,9,3,2
"COG1553",10,19,9,5,9,14,12,2,3,4,11,11,9,11,8,7,40,0,6,10,8,11,10,7,14,2,5,6,9,2,26,2,6,16,12,5,11,8,2,7,19,5,19,1,9,5,19,13,9,5,5,9,6,3,8,3,5,6,24,2,9,15,5,3,2,22,4,3,15,9,9,3,4,0,2,4,4,13,4,6,5,8,6,2,6,5,2,3,2,5,6,8,6,6,13,1,5,3,5,0
"COG1554",24,0,23,9,35,5,17,7,15,40,6,13,4,25,49,9,4,7,7,3,12,48,9,15,10,5,34,13,5,35,18,27,12,3,33,97,7,16,20,3,4,8,28,22,3,20,2,7,20,14,14,4,2,8,6,19,5,8,3,20,8,2,11,12,1,3,9,12,7,10,28,13,6,25,34,21,20,16,14,18,10,8,18,5,7,65,34,84,5,25,7,18,16,23,37,44,20,6,5,17
"COG1555",23,32,30,10,27,7,13,2,29,29,53,6,6,7,35,3,11,6,5,9,5,17,13,15,20,1,8,9,2,10,14,4,3,19,15,12,47,4,3,13,8,5,31,5,11,8,34,25,3,2,0,17,7,2,7,8,9,2,44,6,11,16,20,4,3,40,10,5,5,9,11,9,9,7,15,12,19,20,4,9,1,11,3,4,1,12,6,52,5,5,4,10,10,7,13,26,10,12,12,10
"COG1556",12,48,14,1,4,38,3,1,1,0,25,0,22,1,1,0,6,3,2,24,12,18,25,5,8,2,2,19,1,2,16,0,5,10,9,19,47,3,1,14,60,4,25,0,26,1,59,9,1,0,0,0,16,1,2,5,5,3,39,1,33,35,4,0,11,41,2,3,0,3,28,5,0,0,4,1,0,35,3,1,4,4,1,6,3,34,3,16,0,24,0,37,3,2,0,2,1,2,2,0
"COG1558",30,19,30,22,13,16,23,19,26,17,10,17,14,11,11,21,44,4,14,24,11,19,25,14,32,9,20,14,12,12,36,11,10,25,26,24,14,6,19,16,31,19,43,13,24,8,12,29,11,4,3,6,18,19,17,14,6,18,17,17,22,31,22,14,8,7,15,11,4,32,24,18,25,13,27,23,22,32,12,15,2,19,22,8,5,19,13,19,6,30,9,27,23,14,31,21,16,4,8,14
"COG1559",153,185,133,135,175,170,103,138,139,145,201,180,110,124,132,123,99,103,130,148,138,236,147,178,162,152,191,132,146,190,165,148,142,149,115,153,196,148,126,123,184,105,173,196,149,141,176,149,153,223,199,162,138,141,126,140,194,151,178,121,158,146,102,147,115,199,99,129,157,234,141,113,171,168,127,140,103,106,127,140,130,79,165,141,96,138,181,274,131,154,186,143,193,135,175,149,113,103,127,166
"COG1560",219,308,198,347,358,283,238,333,370,409,241,265,241,238,340,291,139,270,365,256,223,367,211,362,244,323,365,259,313,340,208,297,335,211,222,208,305,293,306,268,290,221,191,367,268,327,280,183,302,413,274,225,183,243,174,199,234,199,186,193,181,179,127,228,188,228,197,200,145,270,156,206,230,260,137,174,192,156,204,205,244,114,228,203,153,131,223,270,228,170,242,177,200,209,183,212,127,171,150,187
"COG1561",102,116,114,67,167,93,78,46,84,125,149,103,89,82,147,70,129,63,86,83,105,217,130,70,71,78,129,85,103,105,121,110,90,145,78,84,145,73,55,66,112,70,115,133,110,90,140,107,75,127,112,88,68,86,101,96,109,50,153,58,72,76,88,99,63,142,66,73,67,184,103,74,92,99,106,52,60,105,82,60,71,53,88,74,42,107,109,255,58,86,69,83,148,79,97,126,91,68,100,102
"COG1562",78,62,264,303,368,55,278,354,270,226,42,338,185,309,284,278,27,356,291,122,334,256,182,308,170,292,283,217,316,337,88,311,329,210,265,139,21,316,329,352,67,303,98,283,90,319,70,206,292,312,340,299,260,292,384,341,265,319,64,282,109,81,338,319,174,34,336,304,230,288,103,327,286,292,312,276,291,94,319,387,248,347,268,317,262,90,249,243,239,130,250,111,397,311,216,308,339,299,363,325
"COG1563",0,0,0,0,0,0,0,0,5,1,0,1,0,0,1,1,0,2,0,1,0,0,0,1,1,0,1,0,0,0,0,2,0,0,0,0,0,2,1,0,0,0,0,0,0,1,0,0,0,0,0,0,0,0,4,3,0,0,0,2,0,0,0,1,0,0,0,6,0,0,0,1,2,0,1,0,1,0,0,1,1,3,4,1,1,0,1,0,0,0,0,0,0,0,0,3,0,9,5,2
"COG1564",37,52,14,32,19,43,21,19,12,23,76,55,44,44,8,29,9,46,19,33,34,4,31,29,24,44,48,52,37,57,32,47,47,43,44,31,62,39,37,44,70,34,29,28,58,45,59,33,48,81,64,43,52,22,36,45,56,34,51,56,57,54,29,49,40,44,29,49,37,5,53,43,18,41,19,33,17,39,81,30,54,42,30,56,49,36,49,23,40,49,85,44,44,56,23,33,29,28,44,49
"COG1565",120,206,251,309,196,174,279,372,313,292,157,193,182,248,266,320,17,382,314,176,307,171,150,322,209,325,273,151,287,272,90,255,333,126,171,167,204,285,290,232,187,317,97,251,158,266,222,186,242,227,293,247,266,316,265,347,234,347,148,327,146,134,259,292,278,243,290,352,156,232,171,281,253,268,290,302,317,126,274,349,286,221,267,305,311,138,282,130,363,165,331,145,187,318,198,275,319,311,264,281
"COG1566",90,27,48,27,16,33,61,32,34,15,28,17,47,21,58,19,72,10,15,45,39,3,158,18,51,25,10,39,15,23,91,18,14,86,70,102,15,13,13,51,26,30,105,11,33,17,27,78,23,2,7,22,25,33,28,27,11,31,36,17,52,22,51,19,12,19,46,18,6,4,48,26,20,8,31,14,23,60,20,18,7,34,17,12,17,70,30,24,14,62,6,40,24,25,26,36,23,30,29,11
"COG1568",2,0,3,0,0,0,0,0,0,0,1,0,6,2,0,1,0,3,1,3,7,0,11,0,0,0,0,8,0,3,7,0,0,8,6,0,2,0,4,11,3,0,7,0,5,0,1,2,1,0,0,1,10,1,0,1,5,0,0,0,4,2,1,0,1,2,0,2,1,0,1,1,0,0,0,0,0,4,0,0,3,2,1,3,8,3,0,0,0,5,0,2,2,3,0,0,2,0,2,0
"COG1569",0,0,0,0,0,0,1,0,1,0,1,0,0,0,1,0,0,0,0,2,0,0,0,0,0,0,0,0,0,0,1,0,0,0,0,2,2,0,0,0,0,0,1,0,0,0,0,4,0,0,1,1,1,0,0,0,0,1,0,0,1,1,1,0,0,3,2,0,2,0,1,0,0,0,0,0,0,0,0,0,0,0,0,0,2,0,2,0,0,1,0,0,1,0,0,1,0,0,0,0
"COG1570",203,244,208,258,220,225,163,174,230,212,288,217,217,165,178,169,160,172,259,197,220,223,267,210,156,202,208,192,197,207,192,155,229,281,212,156,247,199,176,234,216,154,188,236,220,207,268,244,203,202,193,234,207,278,212,181,217,175,230,144,255,218,167,185,193,229,181,163,183,253,200,178,227,218,182,186,186,223,177,208,183,195,190,201,205,195,228,250,187,208,205,215,227,215,221,235,127,201,205,182
"COG1571",146,48,11,11,11,174,5,6,2,0,28,53,90,25,0,9,11,28,8,150,41,0,34,13,40,18,23,126,14,39,43,40,29,65,32,117,16,25,15,62,129,13,35,6,93,42,19,22,54,42,28,25,101,3,55,38,18,15,32,22,121,102,31,16,160,12,8,14,58,0,126,46,6,20,6,15,7,109,47,11,64,52,1,39,58,118,6,4,6,84,34,149,32,19,8,4,18,22,53,20
"COG1572",6,13,17,4,44,4,2,0,1,0,15,37,20,18,0,0,3,30,6,10,32,0,29,4,9,32,3,60,5,25,9,8,17,23,35,11,10,14,9,44,14,15,6,2,15,13,9,32,17,29,14,21,37,8,35,36,12,10,13,22,11,13,32,1,17,5,9,36,18,0,7,28,4,13,4,14,2,16,66,5,11,37,0,12,12,16,3,1,0,15,22,18,43,22,0,5,19,7,17,9
"COG1573",264,276,184,332,170,248,268,300,368,345,282,220,310,261,290,303,99,290,313,298,262,148,215,316,241,307,261,260,265,231,214,269,312,201,261,295,289,290,261,281,252,286,253,258,276,294,285,200,322,283,347,259,326,291,288,322,282,319,223,291,266,283,194,284,370,279,265,288,320,165,282,344,280,288,227,263,304,250,295,352,358,214,328,338,378,282,239,160,395,294,392,299,206,285,243,260,249,297,267,249
"COG1574",470,447,119,177,352,406,126,70,137,143,753,195,300,147,207,99,375,112,109,373,204,605,317,183,244,129,184,383,166,139,349,213,242,273,202,316,547,157,92,273,521,100,321,168,479,199,460,228,262,138,213,122,293,105,187,155,322,72,596,126,502,487,98,156,267,487,103,97,307,595,457,162,132,139,157,118,120,402,231,119,228,157,143,196,204,418,127,403,72,436,159,435,144,147,167,176,76,134,193,142
"COG1575",139,134,218,71,44,183,164,153,63,96,167,109,139,145,85,167,56,163,111,153,157,79,77,100,119,142,144,149,186,162,96,137,143,97,123,181,138,137,160,153,160,151,89,165,137,156,122,171,129,195,136,164,148,71,168,153,154,144,139,177,137,142,210,163,218,129,145,140,203,54,175,102,95,150,218,178,159,153,191,129,151,142,124,100,143,156,177,152,141,174,155,188,169,199,100,137,291,152,201,170
"COG1576",50,58,137,73,110,47,103,106,67,85,21,92,49,68,78,84,53,98,80,50,101,135,58,82,58,84,90,56,89,106,55,91,63,72,71,62,32,70,99,59,46,89,58,109,55,86,51,109,82,73,60,98,45,70,94,74,38,66,35,83,35,54,120,69,24,24,90,86,49,83,37,63,101,75,134,82,97,49,88,70,40,68,50,71,35,51,89,132,63,46,59,30,92,57,52,108,137,92,124,83
"COG1577",85,39,9,11,17,101,13,8,3,3,29,61,72,31,0,15,12,42,13,96,54,24,43,11,40,22,7,125,22,28,50,40,29,51,41,91,35,34,22,68,95,14,31,7,80,35,31,24,56,29,27,16,99,4,57,54,21,8,21,19,79,85,26,17,149,18,13,21,71,10,100,44,11,18,20,19,12,97,54,29,48,71,3,46,66,93,8,9,7,83,28,88,34,33,6,8,15,21,48,16
"COG1578",1,1,1,0,0,0,0,0,0,2,0,0,1,0,0,0,2,0,0,3,1,0,0,0,1,0,0,0,0,0,0,1,0,0,3,0,0,0,0,3,4,0,0,0,1,0,0,3,0,0,0,0,2,0,1,1,3,0,1,0,1,0,0,1,0,0,0,0,0,0,0,0,0,0,0,0,0,0,0,0,0,0,0,0,0,1,0,0,0,0,3,1,0,2,0,0,0,0,0,0
"COG1579",43,72,26,20,21,40,17,11,12,23,148,42,52,23,19,14,8,25,9,54,31,11,55,21,37,22,34,56,31,31,37,29,26,39,50,53,96,25,31,44,54,17,38,35,62,41,73,35,38,69,43,30,69,8,32,37,42,15,100,20,70,59,32,28,69,104,20,28,34,14,52,39,13,20,9,21,9,65,36,21,43,26,22,25,46,68,28,41,21,63,35,72,39,45,18,28,17,15,25,21
"COG1580",37,15,15,1,5,17,12,3,5,2,11,11,12,6,25,1,109,0,0,16,6,8,37,0,24,2,3,18,0,2,70,1,2,23,19,9,3,2,3,6,19,1,41,4,27,0,12,34,6,2,0,1,4,1,7,0,12,3,17,4,14,23,12,1,3,6,11,0,16,27,21,1,4,3,2,0,2,30,7,1,0,1,0,0,3,20,2,3,2,15,3,26,9,0,4,1,4,4,6,2
"COG1581",54,15,2,5,2,70,2,1,0,0,24,4,34,5,0,0,0,1,0,70,5,0,5,2,33,1,3,37,2,3,18,7,0,7,3,41,10,4,3,9,47,3,12,2,45,7,6,0,13,3,3,2,16,0,4,0,0,1,14,0,28,35,2,1,38,7,0,1,9,0,29,5,0,1,1,0,1,40,1,4,10,4,0,3,5,26,2,0,0,22,1,34,4,1,0,0,3,4,3,2
"COG1582",0,0,2,0,0,0,0,0,0,0,0,0,0,0,0,0,0,0,0,0,0,0,1,0,1,0,0,0,0,0,0,0,0,0,0,0,0,0,1,1,0,0,1,0,0,0,1,0,0,0,0,0,2,0,0,2,1,0,0,0,0,1,0,0,0,0,0,0,0,0,0,0,0,0,0,0,0,0,0,0,0,0,0,0,0,0,0,0,0,0,0,0,0,0,0,0,0,0,0,0
"COG1583",3,0,0,0,0,1,0,0,0,0,0,0,0,0,0,0,0,0,0,0,0,0,0,0,0,0,1,0,0,0,0,0,0,0,0,0,0,0,1,0,0,0,0,1,0,0,0,0,0,0,0,0,0,0,0,0,0,0,0,0,0,0,0,0,0,0,0,0,0,0,0,0,0,0,0,0,0,0,0,0,0,0,0,0,0,2,0,0,0,1,0,0,0,0,0,0,0,0,0,0
"COG1584",2,0,0,0,2,0,0,0,0,0,1,1,0,2,1,0,0,0,0,0,1,0,10,0,0,0,0,0,0,0,0,1,0,0,0,0,0,0,0,0,0,0,0,0,0,0,2,0,3,0,0,0,0,0,1,0,0,0,1,0,0,0,0,0,0,0,0,0,0,0,0,0,0,1,0,1,0,0,0,0,0,3,0,0,0,0,0,0,0,0,0,0,4,0,0,0,0,3,0,0
"COG1585",11,14,2,1,7,8,3,0,1,1,7,1,5,0,1,0,1,0,0,6,5,0,12,1,8,2,0,6,0,1,7,0,1,4,3,15,8,1,1,8,6,1,9,1,12,4,9,4,5,1,0,1,7,0,3,5,2,5,9,5,5,11,7,4,11,10,1,0,2,2,10,1,2,0,0,0,1,10,2,1,0,2,0,1,4,5,1,10,1,15,0,5,2,4,3,1,1,0,3,0
"COG1586",46,56,107,216,76,49,161,153,149,151,56,150,93,159,124,142,16,163,130,76,115,58,67,188,140,155,142,81,136,123,44,121,187,48,152,57,76,147,210,109,48,152,36,141,49,123,76,66,91,166,146,129,111,137,89,147,121,196,62,202,48,57,119,144,114,89,252,222,112,83,52,144,128,165,127,276,184,52,140,214,164,128,150,139,200,46,179,25,213,57,166,47,83,166,131,130,141,155,120,185
"COG1587",210,188,180,156,119,237,244,240,195,211,154,168,185,185,203,232,83,249,198,256,219,132,178,204,225,198,173,191,228,194,190,170,218,182,177,218,162,191,226,155,191,224,151,166,189,201,201,169,189,171,183,185,203,187,214,206,165,235,168,219,209,201,190,196,247,203,239,243,142,136,228,198,213,176,212,195,237,207,149,207,195,160,189,194,195,237,179,95,234,204,197,226,154,214,145,204,203,186,218,174
"COG1588",0,6,0,0,0,3,0,0,0,0,2,0,1,0,0,0,0,0,0,2,0,0,0,0,1,0,0,5,0,0,0,0,0,0,0,0,4,0,0,1,2,0,0,0,1,2,0,0,0,0,0,0,1,0,1,0,0,0,0,0,1,1,0,0,2,0,0,0,0,0,3,0,0,0,0,0,0,1,0,0,0,0,0,0,0,1,0,1,0,2,0,2,0,0,0,0,0,1,0,0
"COG1589",56,91,136,66,81,90,111,100,92,40,66,50,49,58,69,98,83,91,47,72,110,76,62,54,78,82,61,50,88,69,79,74,78,79,54,77,45,81,84,54,68,102,108,62,64,66,70,136,46,42,42,86,59,55,107,82,58,90,51,82,66,48,151,97,56,51,81,84,32,96,65,62,79,71,111,90,102,58,65,93,47,57,70,69,46,49,76,82,61,67,37,54,54,111,55,88,152,108,117,72
"COG1590",2,0,2,0,0,0,0,0,0,0,9,3,1,2,0,1,1,2,0,0,2,1,3,0,1,3,0,1,1,2,2,0,5,2,4,0,6,5,1,1,2,0,0,1,2,1,5,0,2,5,2,3,3,0,4,5,1,0,2,1,3,1,3,2,0,5,1,0,3,0,2,6,1,0,1,12,1,0,2,1,1,6,0,8,0,0,0,0,0,1,3,0,17,3,0,0,1,2,3,1
"COG1591",0,0,0,0,0,0,0,0,0,0,12,0,0,1,0,0,0,0,0,0,0,0,0,0,0,0,0,0,0,0,0,0,0,0,0,0,8,0,0,2,0,0,0,0,0,0,2,0,1,0,0,0,0,0,0,0,0,0,7,0,0,0,0,0,0,5,0,0,0,0,1,0,0,0,0,1,0,1,0,0,0,0,0,0,0,0,0,0,0,0,0,0,0,0,0,0,0,0,0,0
"COG1592",38,50,26,84,54,38,15,20,71,58,46,24,19,35,72,43,3,48,28,37,23,36,22,99,26,30,41,29,37,10,21,40,13,21,25,26,65,50,12,37,57,50,25,2,60,47,57,9,56,3,20,13,24,16,16,31,6,28,42,42,24,34,7,22,15,30,17,34,35,61,31,31,30,21,14,58,24,25,12,39,31,31,45,33,19,18,39,24,35,24,8,29,8,14,34,52,2,29,20,28
"COG1593",391,399,314,605,891,305,506,606,768,800,405,454,374,517,480,604,283,452,704,410,423,885,384,560,423,581,539,382,510,428,351,544,508,338,371,390,431,522,585,467,415,482,600,540,401,535,458,294,513,500,688,417,356,806,423,484,512,526,527,477,401,401,255,571,327,383,589,494,571,645,401,546,658,572,477,530,590,464,446,441,497,471,700,513,527,458,439,488,628,425,464,429,433,519,630,456,268,425,347,523
"COG1594",29,17,4,22,28,34,16,3,4,14,19,15,42,23,10,6,2,42,14,29,19,4,12,20,24,20,25,33,14,18,15,55,18,21,22,39,11,28,12,36,31,7,17,16,25,60,7,10,33,13,13,19,24,7,18,6,8,8,17,20,29,23,21,10,34,2,17,11,20,6,25,10,6,14,8,15,12,28,34,15,29,33,0,46,16,23,6,44,14,26,16,28,22,8,5,3,11,26,20,12
"COG1595",381,300,335,172,334,230,214,117,172,229,308,236,260,227,352,125,798,124,168,183,205,427,469,168,352,135,218,277,182,231,502,201,138,431,368,547,258,145,175,185,193,126,605,225,255,174,274,399,212,251,170,216,178,182,170,188,220,153,350,157,225,226,291,175,130,212,161,119,220,483,260,160,183,228,220,204,135,269,158,170,154,176,176,135,158,485,212,483,157,310,195,246,300,217,222,210,163,150,162,161
"COG1596",110,123,155,98,128,91,116,128,85,166,172,136,103,92,142,117,261,100,135,75,127,171,160,103,108,92,135,91,131,141,132,111,110,148,105,79,133,94,107,73,76,100,136,182,67,119,136,223,91,189,216,168,122,256,173,178,268,120,257,124,118,108,245,184,134,196,129,155,180,208,109,150,198,181,148,88,126,121,96,108,168,97,185,157,97,101,160,249,174,124,211,93,211,155,230,128,279,169,173,167
"COG1597",155,170,102,52,45,144,73,52,189,194,199,117,122,168,80,51,170,102,19,103,118,56,143,60,154,90,72,177,186,116,182,89,89,162,183,151,190,158,72,130,153,75,173,60,163,120,171,136,149,120,102,86,160,31,129,243,138,70,163,112,152,155,120,200,109,165,71,87,133,95,173,220,61,84,44,83,53,147,143,94,125,147,192,109,116,137,87,84,68,173,118,149,150,96,98,212,71,92,132,87
"COG1598",4,2,1,0,3,2,0,0,0,1,16,1,1,1,0,0,0,0,0,2,0,2,3,0,1,2,0,2,0,0,6,1,0,2,0,3,11,0,0,2,5,1,3,0,1,0,3,1,0,1,0,0,2,0,1,0,0,0,5,0,4,2,1,1,1,11,0,0,0,0,2,0,2,0,1,0,0,5,0,1,0,1,0,0,0,1,0,1,0,0,0,8,0,0,3,1,0,0,1,0
"COG1599",173,50,16,17,38,242,12,15,0,0,69,85,112,47,0,24,11,49,7,175,79,8,54,28,90,45,24,148,23,53,81,73,41,78,57,151,46,54,22,114,144,23,64,7,132,81,27,35,87,53,38,32,139,10,107,65,21,14,78,37,172,182,72,24,192,36,16,34,91,2,189,86,11,23,10,32,7,182,83,30,97,107,1,60,85,169,11,11,8,178,46,209,69,37,16,3,28,59,89,19
"COG1600",243,257,271,174,153,212,179,175,169,118,329,193,220,174,156,172,166,178,137,273,224,198,307,161,204,192,169,242,225,184,224,200,178,225,182,212,286,178,190,223,230,208,236,179,300,175,236,227,197,149,177,201,243,129,251,183,187,177,270,172,290,290,266,189,185,242,193,189,187,141,256,163,184,166,242,213,179,242,197,198,154,191,179,166,181,264,185,202,145,254,168,284,201,182,152,203,287,192,228,182
"COG1601",43,20,1,3,13,48,9,1,2,0,28,31,24,10,0,2,5,14,7,46,10,2,5,4,15,10,6,39,3,11,28,16,10,36,13,36,14,17,6,30,38,11,9,2,34,18,8,9,28,14,16,10,31,0,31,16,10,4,10,9,37,38,13,9,32,14,4,8,27,0,52,24,4,4,8,11,7,33,23,9,17,32,0,22,19,38,7,5,6,50,16,46,29,7,2,4,7,22,29,9
"COG1602",110,35,1,0,0,163,0,0,0,0,52,11,93,4,0,0,6,1,0,113,16,0,19,1,44,1,1,96,2,6,51,13,6,30,6,128,23,10,0,46,111,1,29,0,77,13,13,7,35,0,1,0,85,0,32,2,3,1,38,0,95,100,0,6,140,21,0,1,50,0,129,19,0,0,0,0,0,131,25,5,41,6,0,4,57,109,0,2,0,114,0,122,1,2,5,1,0,22,20,0
"COG1603",0,0,0,0,1,0,0,0,0,1,4,0,1,0,0,0,0,0,0,0,0,0,0,0,0,0,0,0,0,0,0,0,0,0,1,0,5,0,0,0,0,0,0,0,0,0,2,0,0,0,0,1,0,0,0,0,0,0,0,0,0,0,0,0,0,1,0,0,0,2,0,0,0,0,0,0,0,0,0,0,0,3,0,2,0,0,0,0,0,0,0,0,3,0,0,0,0,1,0,0
"COG1604",0,0,0,0,0,0,0,0,0,0,0,0,0,0,0,0,0,0,0,0,0,1,0,0,0,0,0,0,0,4,0,0,0,0,0,0,0,0,1,0,0,0,0,0,0,0,0,0,0,0,0,0,0,0,0,0,0,0,0,0,0,0,0,0,0,1,0,0,0,0,0,0,0,0,0,0,0,0,0,0,0,0,0,0,0,0,0,0,0,0,0,0,0,0,0,0,0,0,0,0
"COG1605",98,96,72,84,129,71,67,64,73,82,90,100,82,91,124,53,263,78,98,58,79,140,136,71,95,56,68,85,92,74,123,82,77,108,74,58,81,67,58,60,83,55,129,87,99,76,96,80,70,73,86,68,66,93,72,83,83,64,90,58,68,84,48,85,49,69,54,61,118,121,86,59,91,88,75,70,65,80,62,59,74,63,81,76,53,72,87,143,65,66,90,73,92,68,98,60,49,72,77,83
"COG1606",43,58,112,12,2,49,101,58,36,7,67,30,56,46,15,68,6,62,30,58,116,1,58,30,64,61,39,76,92,46,29,50,55,65,58,51,48,58,71,63,51,116,38,29,45,50,48,92,51,16,17,67,72,21,98,58,27,39,56,67,45,62,142,72,84,63,68,58,23,0,58,40,53,50,95,74,64,50,34,51,38,72,51,27,50,47,49,15,17,46,13,50,41,98,11,48,184,87,136,51
"COG1607",82,56,60,39,70,59,37,11,33,29,66,49,72,47,58,33,145,41,34,46,53,51,93,42,73,35,39,72,33,38,87,51,31,96,80,89,62,32,33,51,42,25,95,48,64,43,52,74,64,55,48,38,62,33,57,50,81,25,73,26,69,61,71,44,104,46,46,26,68,92,65,46,35,49,35,32,31,82,60,39,64,46,31,34,52,97,37,76,38,59,45,66,85,44,46,39,51,39,66,36
"COG1608",66,16,7,4,14,75,5,3,0,0,16,33,47,17,0,6,2,26,4,39,26,1,29,6,30,17,9,66,8,14,20,27,15,38,32,45,8,25,8,51,48,8,24,6,36,27,11,15,40,20,24,23,71,1,45,37,8,9,15,13,38,46,14,9,76,6,11,18,53,2,51,34,5,9,6,12,1,48,38,8,47,47,1,30,52,50,3,5,5,44,19,67,32,10,1,5,11,26,39,14
"COG1609",383,238,433,200,444,211,162,92,241,133,199,206,173,235,351,122,1360,81,100,114,135,489,396,175,287,108,169,149,119,170,517,173,121,279,412,619,117,121,96,127,173,108,576,160,225,186,196,342,177,117,103,130,100,107,132,111,154,142,226,129,155,160,220,99,55,146,153,100,181,342,317,127,189,191,157,218,111,283,96,163,103,101,122,115,67,283,171,388,80,226,98,257,209,124,255,146,126,151,131,135
"COG1610",75,100,74,140,159,93,92,118,122,198,129,128,113,120,156,126,77,119,172,104,106,147,95,134,116,142,135,114,160,139,101,124,122,108,81,102,112,137,134,111,97,109,86,157,112,168,137,69,129,177,178,120,116,176,95,128,161,123,105,138,99,94,76,144,115,133,114,138,106,167,96,162,138,137,102,108,140,89,134,124,142,87,179,171,151,103,137,147,183,90,181,89,140,145,149,142,77,105,90,141
"COG1611",233,221,264,122,169,255,195,162,135,141,269,165,132,169,172,154,200,150,135,228,166,148,192,138,224,130,131,186,172,139,232,145,146,205,146,192,248,138,139,115,221,173,236,153,233,155,234,218,132,148,125,156,160,123,207,134,145,142,285,152,218,230,268,149,139,222,152,151,134,202,198,131,150,135,226,150,130,227,141,165,124,147,147,143,98,213,168,240,99,221,123,199,196,157,146,169,261,183,213,111
"COG1612",210,248,289,329,285,241,338,404,326,461,190,278,282,334,269,363,185,374,389,230,314,264,233,351,299,363,356,311,374,345,225,343,377,233,278,212,225,319,354,327,267,361,179,327,256,338,235,302,292,391,373,320,295,364,366,355,374,341,182,333,223,259,264,341,349,254,348,394,347,260,253,317,316,366,340,305,327,205,294,368,374,269,356,385,347,203,320,264,374,266,400,208,255,361,251,308,349,341,359,352
"COG1613",2,3,0,0,0,0,1,0,0,0,0,0,0,1,1,0,2,0,0,3,0,0,3,0,0,0,0,1,0,0,6,0,0,4,5,1,0,0,1,0,0,0,7,0,0,0,0,4,0,0,0,0,0,0,0,0,0,0,0,1,30,0,0,0,0,1,3,0,0,0,0,0,0,0,0,0,1,1,0,0,0,0,0,0,0,0,0,2,1,1,0,0,0,0,1,1,1,0,1,0
"COG1615",318,153,128,89,0,372,26,57,57,83,177,72,317,98,38,46,21,102,33,358,115,0,136,98,136,88,75,300,61,77,128,130,89,143,97,291,144,89,70,175,239,49,200,53,270,138,109,45,171,64,61,110,161,18,83,90,80,61,103,74,228,204,16,45,310,107,33,51,168,0,230,90,36,54,19,100,49,215,124,104,169,116,43,76,192,222,113,42,55,193,113,247,70,49,50,132,13,89,73,81
"COG1617",0,0,0,0,0,0,0,0,0,0,1,0,0,0,0,0,0,0,0,0,0,0,0,0,0,0,0,0,0,0,0,0,0,0,0,0,0,0,0,0,0,0,1,0,0,0,0,0,0,0,0,0,0,0,0,0,1,0,0,0,0,0,0,0,1,0,0,0,0,0,0,0,0,0,0,0,0,0,0,0,0,0,0,0,0,1,0,0,0,0,0,0,0,0,0,0,0,0,0,0
"COG1618",9,11,4,3,11,10,4,2,0,1,5,28,13,13,0,11,5,15,2,6,15,0,17,20,5,11,11,32,12,25,5,20,9,18,24,6,4,14,5,36,15,8,7,5,19,23,18,11,30,20,13,10,24,0,40,23,4,11,11,8,11,13,26,8,10,14,9,12,22,0,10,17,4,8,8,12,2,7,28,14,14,37,1,13,3,9,8,0,4,9,20,9,25,9,4,3,15,8,41,9
"COG1619",78,56,183,58,74,39,129,109,58,20,70,55,28,71,71,102,10,108,59,50,93,79,56,68,67,71,54,39,106,73,45,50,67,54,71,90,54,83,83,30,47,131,51,59,48,63,47,133,48,43,29,88,28,41,114,82,43,84,48,84,60,38,186,67,23,55,89,88,41,108,41,56,86,47,165,94,107,38,49,88,29,90,63,55,31,57,77,92,43,64,30,47,112,70,59,125,175,106,148,82
"COG1620",51,25,36,7,3,41,26,16,12,3,22,16,28,11,15,14,205,4,13,31,33,4,81,11,27,7,4,36,7,12,78,7,10,37,33,11,10,4,11,27,25,8,75,11,37,4,13,71,18,6,9,15,39,14,10,5,13,17,34,6,47,39,34,8,17,9,16,8,8,0,19,14,6,9,15,11,17,52,4,13,7,13,9,18,19,37,11,4,5,34,3,29,20,7,8,11,17,9,10,7
"COG1621",53,61,32,16,9,20,24,21,44,89,44,19,93,14,24,34,121,13,32,55,62,10,111,16,29,22,26,110,54,14,100,17,23,89,89,63,36,19,28,101,29,25,62,44,41,26,43,34,41,14,18,21,92,27,23,28,42,20,56,21,56,38,27,49,33,25,24,19,17,0,38,27,39,28,54,21,31,39,7,18,53,28,62,26,59,67,22,13,7,24,9,43,16,62,27,24,20,8,18,19
"COG1622",334,421,480,373,468,366,409,409,380,464,369,440,339,397,379,420,222,397,425,308,337,554,289,355,352,448,484,340,418,455,304,435,456,338,323,319,446,393,476,341,385,434,319,437,315,405,456,398,388,498,453,437,350,405,361,371,416,383,333,451,319,316,491,385,369,423,362,378,476,727,322,405,373,456,422,356,354,265,422,382,424,409,415,420,462,271,435,427,393,343,449,295,371,491,492,393,619,371,422,483
"COG1623",0,0,1,16,0,1,8,23,7,35,3,31,5,25,0,32,1,20,23,3,5,0,1,32,3,31,35,2,26,38,1,27,23,4,7,2,0,27,24,14,0,15,0,20,0,23,1,1,28,48,16,19,6,10,4,20,13,17,0,26,0,0,2,18,7,1,17,24,23,0,0,14,10,31,4,27,11,0,35,17,21,11,19,15,25,0,36,21,22,4,35,1,12,15,32,22,4,7,3,25
"COG1624",61,75,204,46,72,46,114,89,42,57,101,81,65,76,55,121,9,79,70,47,91,73,53,49,65,60,72,58,99,113,33,66,73,63,60,67,74,95,99,46,75,145,36,81,59,79,103,112,54,87,54,101,47,57,115,92,54,86,69,71,67,54,185,85,34,82,61,91,49,57,64,72,77,86,137,76,95,54,61,68,43,81,67,41,33,74,67,62,43,72,53,54,112,87,54,102,226,100,115,110
"COG1625",27,67,209,32,0,54,206,158,30,2,54,50,30,78,26,149,2,131,72,51,132,0,28,28,79,94,32,38,111,78,31,63,96,38,46,61,67,81,135,50,48,169,19,55,57,54,79,171,33,17,14,70,50,57,165,91,60,115,55,122,40,45,192,91,33,57,113,109,27,0,46,45,88,66,243,138,125,40,67,96,39,75,56,33,33,31,74,3,64,53,3,43,39,112,22,53,261,125,155,68
"COG1626",87,32,14,2,3,44,4,3,1,6,27,13,20,11,34,3,89,5,3,52,10,2,41,4,38,10,3,38,1,9,63,10,9,33,19,60,16,17,6,8,39,4,73,10,83,11,36,29,12,8,5,6,18,6,16,8,20,5,49,7,67,55,13,4,18,18,9,11,15,0,73,10,6,4,6,8,4,42,18,3,5,15,3,5,2,97,9,6,3,45,6,73,10,15,10,9,2,11,17,5
"COG1628",60,4,0,0,0,60,0,0,0,0,9,0,4,0,0,0,0,0,0,51,0,0,3,0,19,0,0,21,0,0,25,0,0,0,0,45,5,0,0,12,35,0,13,0,44,0,7,1,1,0,0,0,22,0,0,1,1,0,14,0,44,34,0,0,9,5,0,0,1,0,56,2,0,0,0,0,0,54,0,0,2,0,0,0,1,54,0,0,0,42,0,51,0,0,0,0,0,0,0,0
"COG1629",3520,2351,2501,2250,3614,2502,2572,1966,2579,3174,2851,3509,2480,3624,3679,2262,12335,2121,2532,1432,2460,3931,3782,2420,3921,2815,2797,2471,3133,2834,6244,2850,2513,3776,3271,3219,1778,2498,2084,1917,2114,1976,5141,3310,2510,2752,1929,4782,2501,3490,1991,1694,1172,1974,1796,1674,2501,1178,1974,1130,1233,1258,1551,1928,1026,1030,1426,1151,3167,2788,1746,1731,1934,1975,1707,1009,1166,1404,1579,1224,1664,1440,1919,1679,1237,1554,1605,2433,1561,1696,1741,1333,1659,1554,2854,1529,1365,1692,1793,1536
"COG1630",52,9,1,0,0,96,0,0,0,0,10,0,38,1,0,0,0,0,0,67,8,0,2,0,27,0,0,49,1,2,31,3,0,14,0,62,3,9,0,16,61,0,25,0,49,18,4,0,18,0,1,1,26,0,14,3,0,0,18,0,62,65,0,2,66,6,0,1,19,0,57,13,0,0,0,0,0,73,10,0,35,2,0,1,26,71,0,5,0,59,0,91,0,0,1,0,0,10,4,0
"COG1631",26,15,2,0,0,40,1,3,0,0,8,8,16,12,0,3,1,6,1,37,8,0,5,3,23,9,3,34,7,7,14,6,3,18,9,30,6,5,7,14,22,1,14,1,19,7,4,4,8,10,8,3,24,1,9,11,4,2,12,2,44,25,2,3,23,3,3,5,21,0,38,15,3,2,4,0,2,25,17,3,10,19,0,9,9,28,1,3,0,22,11,34,5,6,1,0,3,10,7,2
"COG1632",45,13,2,6,10,36,3,3,0,0,23,20,16,12,0,1,5,11,3,35,16,0,12,10,19,11,5,39,7,20,11,9,11,22,12,34,14,17,3,28,15,8,14,1,39,13,10,8,18,12,19,9,38,1,34,38,7,5,25,11,44,34,26,10,50,15,9,16,36,0,66,26,3,12,6,12,3,52,31,19,24,48,0,23,31,56,9,2,2,60,24,45,17,12,3,1,6,19,34,5
"COG1633",3,7,1,6,2,3,7,5,24,10,13,9,9,5,1,7,1,4,4,2,4,3,4,12,1,4,2,6,6,8,5,2,3,8,9,6,18,5,4,3,6,8,18,3,2,1,7,4,4,7,4,7,1,1,6,1,1,5,2,8,1,3,5,6,1,17,2,7,1,1,10,2,5,4,10,7,1,2,9,3,4,8,6,5,2,3,3,6,3,6,6,7,14,2,16,13,8,5,5,2
"COG1634",76,16,2,8,22,77,7,5,0,1,20,25,39,16,0,8,6,22,0,81,28,0,33,10,30,22,6,92,13,16,33,28,13,29,24,77,4,18,9,53,75,12,30,4,62,24,6,10,50,20,24,8,62,0,35,32,14,9,30,10,99,77,25,9,72,12,12,16,32,0,102,37,5,11,9,12,6,70,25,23,30,45,0,32,29,80,5,2,3,83,11,92,15,8,4,2,15,15,36,13
"COG1635",67,15,0,0,3,95,0,0,0,0,14,1,41,2,0,0,1,1,0,53,9,2,5,0,37,0,0,48,0,0,20,4,0,19,3,55,7,7,0,20,50,0,17,0,51,14,1,0,19,0,2,0,31,0,6,1,0,0,16,0,63,47,0,1,59,5,0,0,30,1,61,12,0,0,0,0,0,59,3,0,22,3,0,3,28,69,0,2,0,64,1,63,0,0,0,0,0,11,10,0
"COG1636",18,20,16,32,57,35,23,25,22,27,17,31,5,28,34,30,3,22,32,15,14,33,11,32,12,27,32,7,42,43,9,34,26,14,7,15,27,29,15,5,31,19,10,41,13,32,15,17,18,25,37,40,11,15,31,15,30,17,17,16,11,15,18,25,8,30,18,16,31,44,11,20,31,27,17,23,25,11,15,11,17,13,20,27,20,11,28,51,30,14,37,16,23,20,42,21,11,24,27,29
"COG1637",14,10,1,0,0,14,2,1,0,0,19,4,4,1,1,0,0,2,1,10,3,2,4,3,5,1,1,4,2,2,7,3,7,3,12,18,23,3,0,7,8,2,27,0,9,6,12,3,4,1,3,3,14,0,6,2,6,5,15,1,13,12,1,1,22,9,0,0,5,0,5,4,0,0,0,7,1,8,7,1,8,2,1,3,5,7,3,0,0,12,2,12,2,0,0,6,0,3,3,1
"COG1638",263,294,179,413,524,236,354,418,465,446,309,308,326,346,320,368,216,383,500,307,268,523,278,392,332,379,385,278,324,289,299,410,333,267,301,302,320,367,413,295,299,358,519,354,287,372,303,221,353,337,478,294,265,528,261,349,294,456,371,389,308,269,197,333,252,291,400,357,494,315,277,369,410,388,282,396,446,342,346,356,395,357,477,430,405,330,295,258,419,305,358,301,296,362,436,359,207,299,231,389
"COG1639",73,40,114,4,5,21,45,12,14,3,34,20,58,29,67,22,390,1,5,38,15,6,181,7,73,10,3,20,15,17,202,3,12,132,77,3,24,2,15,38,16,7,174,14,47,4,23,191,8,8,4,25,41,11,14,24,39,10,87,11,8,25,79,9,9,22,25,10,40,0,12,9,8,13,19,6,5,123,16,16,1,15,4,3,9,35,17,2,15,13,6,21,45,12,29,11,28,25,19,6
"COG1640",45,93,279,76,9,28,198,149,81,52,125,105,26,141,74,136,210,137,80,31,156,1,69,97,118,130,102,28,134,156,87,99,121,83,126,54,84,134,185,55,23,217,74,99,30,82,87,229,63,123,53,159,38,78,143,135,64,134,96,146,16,26,289,117,25,79,121,183,71,1,26,83,102,136,225,127,130,28,118,165,81,151,103,87,49,28,145,30,99,47,124,29,121,177,62,108,321,177,216,167
"COG1641",95,80,200,39,2,105,120,115,41,15,84,31,94,57,22,93,8,108,43,137,118,1,85,26,89,87,33,136,99,78,51,61,78,113,74,101,60,70,98,91,71,145,59,57,100,63,52,149,69,33,9,105,110,37,125,62,55,83,80,82,100,110,187,87,164,63,88,86,46,0,111,75,66,60,145,79,102,105,67,86,63,87,51,48,98,116,53,18,41,120,20,118,63,102,15,64,264,140,115,58
"COG1643",163,96,259,151,269,93,139,38,151,58,51,151,105,170,256,73,655,126,47,77,153,337,268,159,195,52,118,47,73,94,360,139,56,233,323,124,59,137,62,170,51,114,360,89,103,124,79,282,143,23,33,205,79,39,178,81,69,55,141,117,83,91,167,55,15,57,108,89,92,308,79,151,91,128,133,253,127,169,138,149,37,328,60,172,40,90,178,242,40,117,27,97,354,69,116,186,80,304,208,71
"COG1644",37,8,4,5,8,45,7,1,0,1,12,14,15,7,3,5,2,4,5,34,5,2,7,9,15,3,9,23,1,8,7,18,6,16,4,26,9,8,0,13,27,4,14,5,24,10,8,5,10,8,10,7,20,3,10,9,4,3,13,7,28,25,7,3,39,6,7,4,12,0,34,8,7,9,1,7,4,24,16,10,14,9,0,12,11,40,2,12,8,31,11,26,6,5,3,1,3,12,15,2
"COG1645",0,0,0,0,0,0,0,0,0,0,0,0,1,0,0,0,0,0,0,0,0,0,0,0,0,0,0,1,0,0,0,0,0,0,0,0,0,0,0,0,0,0,0,0,0,0,0,0,0,0,0,0,0,0,0,0,0,0,0,0,1,0,0,0,0,0,0,0,0,0,0,0,0,0,0,0,0,0,0,0,0,0,0,0,0,0,0,0,0,0,0,1,0,0,0,0,0,0,0,0
"COG1646",103,53,19,17,16,99,27,7,4,2,62,71,74,40,11,16,12,32,11,70,48,7,38,27,47,40,23,99,26,46,36,50,26,69,55,77,48,32,17,77,80,9,36,23,70,50,50,37,53,47,38,28,90,6,66,52,40,14,74,23,101,85,47,24,107,37,15,26,85,4,92,73,9,22,21,21,9,75,62,26,55,57,10,52,48,98,13,24,11,82,35,83,47,40,5,13,34,25,65,29
"COG1647",17,38,5,0,0,16,1,0,10,2,85,6,8,3,8,1,3,4,0,36,9,0,9,2,12,4,1,18,10,4,23,6,10,14,10,9,99,4,1,3,25,7,14,2,21,7,35,9,9,6,7,9,16,1,12,11,23,7,41,6,29,31,7,3,7,80,4,3,5,0,24,6,1,0,0,2,0,22,10,3,16,2,2,5,6,23,6,5,2,23,3,25,3,8,2,2,8,3,18,6
"COG1648",114,194,15,12,68,160,21,5,29,7,113,21,83,26,43,16,179,9,16,106,38,48,101,16,72,12,10,66,8,11,121,31,16,79,49,75,206,21,10,50,146,6,125,5,128,24,219,62,37,5,23,7,58,10,26,14,19,13,119,9,123,144,20,21,78,229,16,10,61,68,96,20,20,11,18,8,11,122,21,16,36,12,14,15,51,112,21,73,18,96,12,99,12,12,21,9,9,28,22,1
"COG1649",67,116,64,62,37,46,25,6,26,13,193,23,48,13,34,22,4,34,17,39,23,50,73,38,33,25,42,82,33,57,38,29,38,52,100,66,143,28,32,45,88,17,33,28,59,30,143,47,29,94,52,62,44,13,56,68,80,13,142,31,69,48,30,21,62,143,31,32,62,72,65,63,20,31,22,55,19,51,23,62,54,50,27,47,33,73,45,34,37,60,61,72,71,52,22,70,31,42,55,33
"COG1650",94,31,6,11,14,118,4,3,0,0,39,41,64,21,0,3,7,23,4,102,43,0,27,13,45,17,8,91,15,31,43,36,18,41,24,91,18,18,7,45,85,5,32,2,55,47,17,24,49,28,27,19,81,1,54,31,14,9,41,17,102,91,30,20,96,19,8,15,47,0,89,42,5,11,8,14,5,97,37,7,46,47,0,28,41,98,8,4,5,100,27,100,35,16,1,2,18,19,35,13
"COG1651",283,182,140,253,241,293,187,206,286,183,215,181,262,202,299,197,314,159,299,297,193,201,242,258,257,208,218,256,178,228,259,185,209,237,213,337,216,194,193,219,256,153,331,213,241,205,192,186,244,197,246,200,269,261,161,208,200,236,185,215,274,259,140,241,360,203,201,197,204,211,299,217,241,219,161,157,246,325,168,181,278,144,267,206,281,237,200,187,257,311,227,254,195,191,246,199,117,197,141,195
"COG1652",56,32,57,43,52,29,39,34,56,26,50,30,41,20,56,17,170,16,22,26,27,75,131,38,27,21,31,17,25,33,120,25,13,71,46,17,27,13,27,45,17,24,73,36,34,19,31,64,14,17,19,36,23,27,36,35,26,27,54,23,23,29,43,15,19,37,23,20,31,52,24,26,34,33,41,24,29,45,13,24,12,35,28,16,13,42,20,77,5,21,16,17,58,21,38,54,30,26,22,27
"COG1653",467,456,318,991,732,442,559,718,955,743,428,613,447,684,656,805,174,664,882,463,494,652,303,961,551,740,722,473,527,557,340,639,549,320,670,667,426,692,653,733,552,775,699,582,500,666,657,279,679,557,479,473,323,605,279,458,384,565,340,551,323,304,200,407,276,305,401,544,487,475,350,458,500,473,262,645,489,345,371,531,485,581,571,570,536,303,559,493,510,345,514,348,310,449,689,566,182,319,222,539
"COG1654",66,27,18,7,14,89,8,7,19,17,24,6,38,17,20,15,76,7,24,63,21,37,44,18,39,13,8,40,10,6,71,9,8,34,31,62,9,12,6,17,54,2,45,9,49,19,19,35,31,8,16,18,55,40,18,20,26,10,68,12,82,77,22,19,92,17,19,5,59,73,115,23,20,14,19,9,16,106,17,12,61,16,19,23,48,94,18,46,9,74,7,96,11,18,26,12,8,26,27,5
"COG1655",0,0,0,0,0,2,0,0,0,0,0,0,0,0,0,0,0,0,0,0,0,0,0,0,0,0,0,0,0,0,1,0,0,0,0,0,1,0,1,0,0,0,0,0,0,0,3,0,0,0,0,0,0,0,0,2,0,0,0,0,0,0,3,0,0,0,0,1,0,0,0,0,0,0,0,0,0,2,0,0,0,0,0,0,0,0,0,0,0,0,0,0,1,0,0,1,0,0,0,0
"COG1656",3,2,0,0,2,2,0,0,0,0,2,0,0,0,0,0,0,1,0,3,0,0,1,0,2,0,0,0,0,1,2,0,0,0,0,1,5,0,0,3,1,0,4,1,1,0,2,3,0,0,0,0,0,0,0,0,0,0,0,0,2,1,0,0,0,4,0,0,0,0,5,0,0,0,0,0,1,2,0,0,0,3,0,0,0,3,1,0,0,7,0,3,0,0,0,0,0,1,0,0
"COG1657",24,51,23,13,5,29,9,11,19,1,91,12,54,7,2,8,4,11,10,55,24,4,54,14,10,8,10,43,6,12,31,6,9,73,32,22,64,11,5,36,33,14,32,4,40,8,69,13,18,2,7,17,48,14,15,12,6,8,82,10,35,41,23,11,40,63,10,16,13,0,40,17,5,10,9,18,21,51,8,14,6,24,10,23,5,60,8,8,1,34,6,40,29,12,13,13,9,27,19,4
"COG1658",20,4,0,2,0,15,0,1,0,0,7,3,4,0,0,1,1,3,1,18,3,0,2,4,5,2,4,11,1,5,7,0,5,2,5,16,3,0,1,3,12,2,7,2,7,0,5,4,1,8,2,1,3,0,4,0,2,3,4,1,14,8,1,1,3,3,1,1,0,0,16,4,0,1,0,1,0,14,2,1,4,4,0,0,1,15,2,1,0,14,3,14,1,4,0,0,2,1,4,2
"COG1659",0,0,4,0,0,0,0,0,0,0,0,0,0,0,0,0,0,0,0,0,0,0,0,0,0,0,0,0,0,1,0,0,0,0,0,2,0,0,2,0,0,0,0,0,0,0,0,0,0,0,0,0,0,0,0,0,0,0,0,0,0,0,0,0,0,0,0,0,0,0,0,0,0,0,0,0,0,0,0,0,0,0,0,0,0,0,0,0,0,0,0,0,0,0,0,0,0,0,0,0
"COG1660",37,30,40,46,61,40,29,44,68,32,36,42,41,44,40,32,118,37,32,38,44,80,69,45,41,50,57,26,43,35,81,46,32,62,52,56,41,32,43,52,38,37,67,41,48,22,44,54,46,31,38,40,41,35,20,42,41,61,55,49,45,41,38,33,21,37,44,38,41,67,33,31,30,35,39,58,29,57,50,40,41,50,55,35,39,41,59,66,21,56,59,37,60,27,46,63,24,28,24,64
"COG1661",14,37,78,21,7,25,93,112,19,15,62,35,23,40,7,64,7,67,27,17,58,0,23,27,35,52,31,29,49,44,9,50,37,31,51,22,61,48,92,31,35,81,6,22,15,38,36,78,27,48,25,31,23,26,68,53,32,43,35,38,23,25,70,40,19,41,57,77,30,0,17,32,42,22,91,43,66,16,53,59,21,62,24,27,28,14,41,3,49,24,24,19,35,37,11,29,101,75,116,45
"COG1662",0,2,0,0,0,1,1,0,16,3,1,0,0,0,1,0,0,0,2,0,0,1,0,0,1,0,0,0,1,0,0,2,0,1,1,0,9,0,1,1,1,0,0,0,2,0,5,0,0,0,0,0,0,1,0,0,0,0,3,1,5,1,0,0,0,9,1,0,0,0,0,0,0,0,0,0,1,0,0,0,0,1,5,0,0,3,1,0,1,0,0,0,1,2,0,1,0,0,0,0
"COG1663",210,271,118,280,311,272,199,208,304,342,220,222,205,214,277,253,119,221,292,182,189,326,160,268,166,254,258,197,226,235,164,242,277,164,160,188,268,245,234,207,244,153,153,235,225,247,264,138,220,305,317,207,203,303,182,222,299,221,222,241,212,229,149,281,237,267,223,250,182,376,233,246,237,231,148,177,236,162,226,251,273,142,277,293,222,183,204,311,297,201,292,213,250,248,202,292,126,239,180,238
"COG1664",54,58,47,46,66,60,38,53,68,78,88,41,63,27,46,49,5,35,33,56,32,68,42,46,48,35,41,60,45,49,41,38,63,65,44,62,93,27,39,43,93,32,47,48,68,41,90,30,46,53,52,45,48,34,34,48,61,38,76,45,75,74,35,46,52,100,54,44,47,42,79,37,54,45,49,36,34,58,37,37,48,25,54,39,54,64,38,58,41,78,53,52,50,64,84,54,35,36,34,40
"COG1665",0,2,0,0,0,1,0,0,0,0,13,0,1,0,0,0,0,0,0,1,0,1,0,0,0,0,0,1,0,0,1,1,0,1,0,0,8,1,0,0,4,0,0,0,0,0,2,0,1,0,1,0,2,0,0,0,1,0,8,0,0,0,0,0,6,5,0,0,4,16,0,2,0,0,0,0,0,0,1,0,1,0,0,0,3,1,0,0,0,1,0,0,0,0,0,0,0,1,3,0
"COG1666",49,49,115,77,58,49,105,96,102,147,61,73,57,68,97,102,78,86,91,73,121,101,75,84,71,76,88,56,92,58,74,83,78,56,55,56,55,80,94,61,53,79,68,65,76,82,66,132,76,78,85,91,60,103,68,72,75,71,59,74,51,72,94,97,62,55,85,76,52,108,65,62,83,103,114,96,118,68,80,94,59,59,103,75,62,52,84,44,87,60,66,53,49,93,84,99,148,81,81,98
"COG1668",60,64,84,37,99,55,41,23,20,45,77,81,62,50,58,25,132,54,32,27,48,108,76,46,53,37,57,71,46,96,62,43,27,98,57,49,76,42,36,52,45,22,73,61,42,52,78,59,45,84,56,75,35,23,48,39,50,26,76,22,53,47,81,32,39,53,41,40,44,128,46,69,34,37,48,23,32,35,41,28,33,38,27,54,25,71,27,97,48,47,56,40,138,47,44,34,71,29,54,52
"COG1669",1,0,5,0,0,0,0,0,2,0,4,1,1,0,1,0,0,0,0,1,0,0,2,1,1,0,0,1,0,2,2,0,0,0,6,14,2,0,0,0,0,1,1,0,0,0,2,0,1,0,0,0,0,0,0,2,0,0,0,0,0,2,2,0,1,0,0,0,0,1,6,0,0,0,0,0,0,0,0,0,1,1,0,0,0,6,1,0,0,0,0,1,0,0,0,1,1,0,0,0
"COG1670",232,168,127,93,163,215,92,28,103,61,217,112,174,123,198,52,328,60,67,224,89,206,317,71,166,73,66,157,100,100,311,91,83,176,166,260,220,69,79,153,192,83,352,117,210,108,182,150,106,83,89,74,149,58,90,85,113,74,208,80,233,206,92,72,123,207,90,76,92,184,220,77,84,92,78,76,63,233,101,71,81,113,75,88,123,250,76,232,63,190,88,226,120,90,100,90,74,83,81,63
"COG1671",21,19,15,16,30,10,20,11,39,16,8,15,16,17,27,17,47,7,10,16,20,45,32,6,20,9,19,14,13,15,30,17,8,30,28,25,15,11,15,14,11,20,40,21,21,11,20,22,17,7,3,16,11,16,4,9,13,17,15,16,18,25,25,11,5,7,14,12,5,29,22,11,10,24,26,13,16,31,7,12,9,20,14,8,6,19,16,19,3,23,9,10,28,12,26,23,18,13,10,11
"COG1672",2,1,6,3,1,1,4,0,0,1,17,0,4,0,10,1,0,2,1,1,4,0,9,1,5,2,1,1,0,5,1,1,0,6,4,14,19,0,1,1,7,1,12,0,4,2,2,0,2,6,0,3,1,32,2,3,4,2,9,3,11,2,0,0,1,28,5,1,0,1,9,2,0,0,5,5,4,6,2,0,0,2,0,1,1,6,5,0,0,3,0,3,2,3,1,0,2,0,0,0
"COG1673",0,2,0,0,0,0,0,0,0,0,0,0,0,0,0,0,0,0,0,0,0,0,0,0,0,0,0,0,0,0,0,0,0,0,0,0,0,0,0,0,0,0,0,0,0,0,0,0,0,0,0,0,0,0,0,0,0,0,0,0,0,0,0,0,4,0,0,0,0,0,0,0,0,0,0,0,0,0,0,0,0,0,0,0,0,0,0,0,0,0,0,0,0,0,0,0,0,0,0,0
"COG1674",419,549,345,583,682,470,486,541,733,819,573,571,603,593,639,569,581,550,738,453,500,593,547,622,510,594,733,509,604,579,446,613,651,500,556,525,574,620,555,489,482,442,425,666,440,631,592,402,607,746,491,404,374,512,331,452,529,384,336,392,296,276,272,437,468,452,326,394,407,507,301,437,428,461,292,313,403,260,432,369,469,297,463,483,449,310,395,439,508,342,547,272,391,465,494,429,221,337,289,442
"COG1675",52,12,0,0,1,65,0,0,0,0,23,1,39,3,0,0,1,4,0,48,10,0,3,2,23,0,1,52,0,3,25,5,0,13,5,42,21,3,0,18,44,0,9,0,36,7,7,0,10,0,0,2,27,0,9,3,0,0,22,0,56,34,1,0,73,9,0,1,8,0,47,11,0,0,1,3,2,49,5,4,16,10,0,2,12,50,1,2,0,43,1,45,10,0,0,0,0,7,5,2
"COG1676",95,27,6,3,19,133,5,2,1,0,45,16,50,9,0,0,2,5,3,106,37,0,12,2,44,4,2,87,6,12,42,11,25,29,18,96,28,11,5,34,91,3,30,0,72,25,9,10,39,12,15,6,59,2,24,6,6,8,37,2,99,83,9,6,122,11,0,0,32,0,97,23,3,5,7,4,3,109,19,4,41,7,0,13,50,99,2,5,2,78,10,99,9,5,1,1,6,20,24,5
"COG1677",25,23,19,20,9,11,20,11,23,8,7,14,14,8,32,12,34,8,19,19,17,25,31,18,19,8,11,12,14,10,26,7,11,27,19,17,5,7,13,11,15,8,29,8,18,3,7,24,14,5,4,8,13,21,8,9,3,14,13,16,20,11,21,7,6,16,16,13,5,23,14,9,14,12,20,13,14,18,9,8,1,12,18,10,4,22,15,12,6,19,9,18,12,9,26,18,16,5,10,10
"COG1678",108,162,74,83,70,94,83,63,109,127,165,104,104,63,71,77,61,74,76,119,96,97,107,83,83,72,102,106,84,89,93,78,76,134,98,80,152,70,59,94,127,59,105,107,126,84,171,86,106,107,86,78,93,111,78,83,124,79,125,71,124,122,89,89,96,170,94,70,85,89,128,88,92,95,84,70,70,97,84,77,67,81,97,101,79,114,93,117,57,115,69,139,112,81,95,97,88,50,74,90
"COG1679",69,63,43,43,78,92,30,39,15,25,33,100,118,48,21,33,8,60,27,87,67,18,76,41,54,58,48,149,40,85,41,77,33,121,66,53,38,62,37,111,82,35,45,33,87,100,41,42,120,59,52,43,146,19,98,68,28,44,40,34,65,107,86,28,182,47,25,52,111,19,86,73,40,50,50,61,35,51,90,52,94,110,10,73,82,81,38,34,12,83,69,87,79,38,23,30,45,50,80,48
"COG1680",1083,1021,808,770,978,915,688,643,689,973,982,955,895,859,1009,711,942,665,903,720,881,1321,1049,794,778,749,985,1137,944,922,946,1015,798,1146,892,1017,848,819,743,1027,999,576,925,1002,965,987,862,870,994,971,1010,832,964,1030,869,844,999,623,974,644,914,912,619,896,664,711,686,710,956,1199,923,915,933,915,752,632,645,775,765,632,928,779,878,807,824,1116,769,1265,833,1034,838,890,1011,824,896,707,608,674,900,846
"COG1681",1,0,0,0,0,0,0,0,0,0,5,0,3,0,0,0,1,0,0,2,1,0,5,0,1,0,0,0,0,0,4,0,0,0,1,3,4,0,0,1,3,0,1,0,3,0,0,0,0,0,0,0,5,0,1,0,0,0,2,0,2,2,0,0,0,6,0,0,0,0,0,0,0,0,0,0,0,4,0,0,0,0,0,2,1,3,0,0,0,3,0,5,0,0,0,0,0,0,0,0
"COG1682",65,69,83,23,25,54,35,30,44,25,69,39,59,43,27,23,79,34,23,63,47,12,64,45,53,33,24,62,31,39,72,17,47,59,64,88,86,36,26,47,38,40,108,26,61,21,66,63,36,32,33,29,60,29,40,37,29,31,58,23,51,74,80,32,47,74,37,23,35,19,74,46,28,31,34,11,25,48,47,27,33,22,43,25,13,68,21,26,23,58,25,78,53,58,26,30,66,31,42,29
"COG1683",15,19,26,2,14,6,6,4,2,1,12,14,27,12,22,3,12,9,1,19,24,0,55,2,14,10,3,33,12,13,47,10,7,37,39,11,7,9,13,29,10,4,36,1,25,12,12,34,20,4,9,7,27,1,12,12,27,1,11,3,7,17,18,3,5,6,5,4,8,5,10,18,2,2,3,4,1,26,6,5,15,11,1,6,11,8,5,1,5,17,2,13,15,10,2,3,8,7,6,1
"COG1684",47,30,38,45,21,28,31,36,72,38,22,24,35,22,37,24,59,18,34,39,32,39,61,25,29,21,25,32,23,29,77,20,25,65,40,40,22,24,30,39,38,46,62,31,42,15,16,56,26,17,12,27,28,34,28,19,19,48,29,21,35,50,39,32,13,20,43,28,17,32,45,30,32,31,56,24,30,43,17,28,13,29,37,19,13,41,35,32,20,39,14,35,40,30,42,46,27,20,22,22
"COG1685",96,36,10,10,4,120,4,3,0,0,17,20,42,14,1,4,8,8,8,96,29,0,16,9,47,6,9,62,8,25,26,33,3,26,20,80,5,16,3,34,77,9,30,3,84,29,1,2,38,15,14,6,61,0,33,16,5,3,26,5,91,79,13,5,78,6,5,10,39,0,103,26,1,6,5,8,6,98,31,11,30,27,0,25,35,71,5,4,7,81,7,108,19,8,3,4,4,26,29,10
"COG1686",150,186,153,381,331,178,247,342,383,346,140,261,237,294,365,310,147,249,415,201,207,281,219,338,240,308,323,195,298,288,170,289,309,205,208,209,173,283,301,230,170,252,187,358,214,287,211,167,269,304,322,282,212,426,205,299,335,369,155,312,195,165,148,305,249,192,274,289,247,245,146,300,383,405,191,275,328,181,235,300,322,192,339,329,256,147,291,267,392,182,361,181,241,249,375,303,146,220,189,305
"COG1687",1,2,2,1,5,3,0,0,0,0,0,0,0,0,0,0,0,0,0,1,0,0,0,1,0,0,0,0,0,0,1,2,0,0,2,0,2,0,1,0,6,1,1,0,1,2,4,0,3,0,0,1,1,0,1,0,0,1,2,0,0,1,0,0,0,5,0,0,0,0,1,0,0,0,0,0,0,2,0,0,0,0,0,0,1,0,0,13,0,2,0,0,0,0,0,0,0,0,0,0
"COG1688",4,0,0,0,0,1,0,0,0,0,0,0,0,0,0,0,0,0,0,0,0,0,0,0,0,0,0,1,0,0,2,0,1,0,0,3,0,0,0,0,1,0,2,0,0,0,0,1,0,0,0,0,0,0,0,0,0,0,0,0,1,0,0,0,0,0,0,0,0,0,1,0,0,0,1,0,0,0,0,0,0,0,0,0,0,2,0,0,0,1,0,0,0,1,0,0,0,0,0,0
"COG1690",91,65,19,17,28,74,19,4,4,4,133,59,98,35,4,21,24,31,13,66,49,4,55,15,52,28,15,160,20,59,30,60,30,91,52,65,99,30,28,85,65,17,46,6,68,59,78,49,69,34,37,30,113,6,69,64,23,13,88,15,115,67,46,21,174,84,19,36,97,4,95,76,15,14,18,35,4,61,66,32,81,74,1,39,73,68,16,11,12,84,36,71,52,32,9,14,24,38,62,19
"COG1691",80,45,93,14,0,113,57,49,25,15,31,21,73,26,14,45,9,47,23,105,77,0,54,25,57,37,23,88,42,28,43,42,40,67,55,71,26,32,46,59,66,61,33,30,81,38,51,77,42,16,9,56,71,20,61,28,28,32,57,42,76,88,96,62,122,29,42,30,36,0,89,38,24,29,52,51,32,100,30,38,44,60,25,23,58,94,36,17,15,65,7,91,30,72,18,41,113,75,54,39
"COG1692",65,123,51,158,94,64,107,140,184,216,96,96,157,152,165,150,6,152,167,82,80,85,68,157,92,150,133,95,129,122,37,132,154,68,91,80,133,144,133,102,80,121,50,107,84,131,117,44,113,145,157,134,104,158,94,129,138,151,107,162,81,89,64,144,121,146,138,174,126,88,75,152,158,128,94,104,159,67,133,141,148,117,172,147,191,80,136,58,161,78,125,67,109,150,183,138,55,122,62,158
"COG1694",129,146,261,433,218,122,230,198,192,185,149,278,106,274,185,185,114,188,154,109,222,209,110,296,252,255,266,110,306,221,125,222,248,176,260,147,131,250,278,149,100,281,126,258,139,214,142,243,168,213,159,203,137,178,274,156,193,303,118,312,109,117,284,281,98,130,377,318,135,152,118,128,249,271,276,511,237,107,333,373,162,200,195,177,115,94,340,249,172,133,153,107,212,224,217,233,344,219,264,232
"COG1695",60,20,30,9,21,70,13,6,13,6,26,4,25,7,29,4,9,6,9,45,10,50,28,12,25,7,6,49,6,9,34,13,4,22,45,103,10,7,6,23,44,6,58,5,32,11,11,6,18,6,9,24,25,14,9,9,6,7,25,13,55,50,15,15,58,9,5,8,17,36,63,18,13,5,7,19,8,72,10,11,26,18,15,11,31,67,14,50,9,69,15,78,10,7,7,32,2,27,13,3
"COG1696",105,76,136,37,103,136,57,39,35,55,96,58,101,60,70,54,48,47,36,124,66,105,78,56,79,38,65,67,59,62,103,56,35,102,70,103,76,48,62,67,112,41,76,90,97,58,74,46,76,43,43,49,54,20,42,67,42,30,48,22,66,69,75,36,77,43,33,26,40,55,72,38,23,41,45,27,22,88,26,37,49,25,33,29,34,88,34,94,39,107,41,74,52,46,21,40,41,45,46,35
"COG1697",114,50,16,11,28,142,13,12,2,0,55,62,68,44,0,18,17,46,11,117,50,2,38,21,60,28,8,112,25,34,53,59,32,49,56,97,45,39,20,76,111,21,49,10,78,61,28,27,74,27,40,38,113,5,76,50,20,26,63,22,129,103,51,16,109,39,14,28,65,0,142,43,6,16,9,31,9,122,65,36,52,75,1,49,51,131,11,10,9,115,23,119,57,30,8,6,27,44,54,30
"COG1698",21,3,3,1,0,21,2,2,0,0,5,5,15,2,0,0,0,4,2,29,10,0,5,1,9,0,0,24,2,4,12,7,2,10,9,25,2,4,1,13,11,2,7,1,14,5,5,3,8,6,6,3,19,0,14,5,1,2,15,5,37,24,2,2,37,1,1,7,18,0,27,13,0,3,1,1,1,23,13,2,14,21,0,4,11,30,1,1,0,23,2,33,6,4,1,1,6,10,7,3
"COG1699",12,8,8,1,0,15,1,2,9,0,9,2,12,4,2,4,0,3,0,9,6,0,12,3,6,1,1,14,0,4,15,0,3,9,5,7,10,1,3,7,14,4,5,2,16,1,6,8,6,2,5,1,9,2,2,3,1,2,12,5,14,12,5,3,4,8,3,2,5,0,16,2,2,2,2,5,2,19,4,1,0,3,0,3,1,15,5,1,2,14,1,14,4,6,1,1,3,3,1,2
"COG1700",1,3,0,0,3,6,11,0,1,1,1,1,1,1,15,0,15,0,1,1,5,2,4,0,3,0,0,0,0,1,5,0,0,6,2,0,0,0,1,1,0,0,23,0,1,0,0,0,0,0,0,0,0,0,0,1,0,0,1,0,0,0,0,0,0,0,0,0,1,1,0,0,1,0,0,0,0,0,0,2,0,0,0,0,1,2,0,1,1,0,0,0,0,1,1,0,0,0,0,0
"COG1701",36,20,5,9,18,58,8,5,0,0,25,47,50,29,0,10,5,23,8,40,31,0,35,8,25,19,9,91,15,24,17,35,14,52,27,54,17,23,11,43,40,8,12,9,44,38,10,18,38,24,13,20,57,0,43,35,12,6,18,14,46,50,36,11,82,12,11,12,28,0,63,23,3,15,16,14,0,34,42,21,18,44,2,28,23,43,2,5,3,45,32,52,32,19,2,5,24,18,32,22
"COG1702",207,299,323,834,372,269,452,424,455,410,273,576,293,517,463,444,147,510,427,266,357,406,226,742,482,509,549,237,512,435,174,457,493,294,497,289,306,489,535,297,257,529,209,529,232,472,321,301,369,465,424,433,363,408,344,369,439,635,264,688,213,259,304,552,272,299,776,643,326,377,203,390,536,518,401,1071,525,214,729,798,444,438,500,560,414,201,704,559,454,250,376,210,381,473,475,505,425,443,357,530
"COG1703",306,245,178,96,224,352,106,52,80,57,271,257,232,134,92,89,32,123,88,249,197,301,215,128,209,141,131,338,103,208,204,190,125,221,164,271,267,143,121,307,315,113,179,173,325,185,246,132,227,161,168,142,317,71,211,188,126,96,232,133,338,314,268,110,217,241,106,115,199,291,317,215,98,151,181,130,93,313,228,111,171,248,79,181,136,383,117,278,66,314,174,338,240,149,93,98,168,117,202,157
"COG1704",37,26,44,11,27,28,33,17,20,20,22,28,22,20,19,9,17,20,16,34,39,12,49,15,38,27,15,23,14,23,48,21,27,96,81,63,24,19,18,52,14,14,60,28,14,24,29,51,36,18,12,22,26,7,30,29,15,15,38,24,34,17,45,18,12,24,17,20,10,33,24,26,18,27,21,11,16,41,24,28,14,42,10,25,18,29,22,37,5,56,14,27,40,24,20,30,31,23,27,14
"COG1705",33,11,42,30,62,17,28,13,12,37,4,36,10,41,75,16,94,14,17,8,17,70,25,25,37,21,50,13,28,35,51,44,17,33,29,13,3,37,28,9,10,11,41,43,13,30,7,35,28,20,47,21,13,17,11,16,11,12,14,19,6,6,45,19,4,1,29,22,22,63,13,29,29,35,42,36,27,23,21,57,13,10,43,20,7,28,51,100,21,21,10,9,44,23,27,41,25,23,29,28
"COG1706",68,35,60,56,50,46,54,40,99,37,30,36,51,38,44,36,110,24,46,58,47,59,72,36,57,27,44,39,33,32,105,29,32,100,61,53,27,27,37,51,46,61,90,56,60,29,32,73,31,19,13,36,39,41,28,37,24,48,40,45,63,58,60,27,14,14,39,35,27,51,57,37,48,45,76,43,46,73,31,34,16,36,54,25,21,53,38,34,13,67,19,65,61,24,87,57,50,28,16,49
"COG1707",1,0,0,0,0,2,0,0,0,0,1,0,0,0,0,0,0,0,0,2,0,0,2,0,1,0,0,0,0,0,1,0,0,0,0,0,2,0,0,0,0,0,1,0,1,0,3,0,0,0,0,0,0,0,0,0,0,0,2,0,2,1,0,0,0,3,0,0,0,0,1,0,0,0,0,0,0,2,0,0,0,0,0,0,0,1,0,0,0,1,0,2,0,0,0,0,0,0,0,0
"COG1708",10,4,13,1,1,5,7,2,1,1,9,2,4,0,3,1,11,0,0,0,10,0,15,0,1,0,0,3,0,0,18,0,3,3,9,80,7,1,0,4,1,0,72,1,7,1,4,10,2,0,0,1,14,0,2,3,1,3,5,0,14,2,4,0,1,9,1,0,0,0,26,0,0,0,7,2,1,14,3,0,1,2,0,0,7,18,0,0,7,24,1,16,1,0,1,0,0,1,1,0
"COG1709",0,5,0,0,0,0,0,0,1,1,8,1,5,0,0,3,0,1,0,3,4,0,0,0,0,0,0,6,2,3,1,1,4,2,4,3,2,0,1,2,6,0,7,0,5,0,4,5,1,1,1,1,8,0,2,5,1,5,5,1,6,3,1,1,6,3,2,3,2,0,6,1,0,0,0,0,0,4,2,2,1,1,0,3,3,1,0,0,0,2,2,7,1,4,0,0,2,3,4,0
"COG1711",39,16,0,0,0,45,0,0,0,0,11,0,39,2,0,0,0,2,0,25,11,0,4,0,18,0,0,27,0,3,11,9,0,17,2,37,6,1,0,11,30,0,10,0,24,6,2,0,16,0,0,2,12,0,7,1,0,0,13,0,19,26,0,1,40,5,0,0,11,0,38,5,0,1,0,0,0,22,0,0,14,0,0,2,15,27,0,1,0,21,0,18,0,0,0,1,0,1,2,0
"COG1712",55,28,12,13,2,61,12,15,19,9,31,3,65,5,6,17,1,6,10,78,21,15,31,6,30,7,6,58,6,10,27,13,16,46,19,48,25,11,6,46,52,8,38,8,58,18,31,13,33,4,4,9,60,10,23,16,9,12,30,10,64,69,7,9,97,33,13,8,21,7,65,25,11,6,19,18,13,65,14,5,37,17,11,12,46,65,6,10,2,51,2,61,19,9,3,16,12,15,17,3
"COG1713",11,6,2,0,0,0,0,0,0,2,7,0,15,2,0,0,8,1,0,9,9,0,13,0,4,0,0,16,0,0,6,1,1,7,7,1,2,1,0,13,8,0,3,0,16,2,3,7,7,0,0,0,15,0,3,1,8,0,6,1,13,1,2,0,13,2,1,0,6,0,10,4,0,0,0,0,0,15,0,0,7,7,0,3,8,17,0,0,0,5,2,9,1,4,0,0,0,4,4,0
"COG1714",63,55,37,13,48,65,31,23,22,49,39,18,45,26,35,26,104,17,35,28,20,30,46,29,38,19,26,30,29,25,56,15,18,50,34,43,31,15,22,26,50,16,67,35,53,17,36,46,21,32,22,25,24,25,23,22,33,22,53,16,40,41,26,14,26,34,27,21,29,61,32,19,27,33,25,12,21,46,22,19,22,13,27,24,35,58,16,42,28,46,32,37,31,20,20,30,19,25,24,27
"COG1715",10,12,15,2,2,3,13,7,1,2,25,13,6,26,7,5,38,4,3,7,1,0,21,1,12,10,3,3,4,2,35,2,10,11,11,6,16,4,12,3,3,8,14,5,3,3,11,28,2,6,2,6,1,3,8,1,9,7,11,9,4,6,13,3,5,22,12,4,8,1,4,2,2,4,8,0,2,12,7,3,1,3,5,4,2,2,2,2,3,8,2,4,4,5,4,2,13,5,7,2
"COG1716",21,27,45,5,1,41,16,7,12,9,46,10,26,17,3,11,16,11,7,48,20,4,59,9,29,8,16,43,6,25,62,19,9,64,58,49,38,25,32,34,36,17,62,14,55,12,18,26,18,10,32,27,49,6,14,31,15,16,43,26,49,63,30,15,21,50,12,11,31,1,47,17,4,15,4,27,18,62,20,14,17,15,10,15,10,46,22,9,16,32,24,58,33,14,6,11,15,9,18,12
"COG1717",50,18,2,9,11,67,5,6,0,0,33,16,31,14,0,5,5,14,3,55,22,0,15,8,29,13,11,52,8,21,23,26,12,16,12,24,19,11,11,38,52,6,21,2,32,28,12,10,30,15,15,8,51,1,40,22,10,7,17,7,55,35,20,8,57,11,6,9,31,0,54,26,5,9,4,6,3,53,25,15,26,44,0,18,30,41,9,6,3,49,15,60,24,10,2,4,12,16,28,8
"COG1718",43,25,8,11,39,39,6,6,2,1,24,52,63,30,17,2,8,27,10,39,36,50,28,11,26,25,7,76,17,22,31,35,12,42,47,27,21,19,15,60,34,12,26,6,40,34,17,22,40,21,20,18,81,1,53,34,15,16,33,19,32,45,32,8,99,11,15,26,52,48,42,37,1,12,8,19,4,28,43,27,36,73,0,33,37,24,14,18,4,42,20,44,31,14,10,4,18,33,43,11
"COG1719",0,5,0,1,5,1,0,0,0,0,1,5,0,3,0,0,0,0,0,0,1,0,1,2,0,1,0,1,0,0,0,0,0,1,4,1,3,5,0,1,2,1,0,0,0,1,2,2,2,1,1,0,2,0,0,3,0,1,6,2,1,0,0,0,1,2,0,1,0,0,2,2,0,0,0,0,0,1,2,0,1,0,0,1,1,0,0,0,0,1,0,1,6,0,0,0,0,0,0,2
"COG1720",11,8,8,0,7,3,12,2,5,2,7,6,16,8,16,3,85,3,3,3,6,22,28,0,18,2,3,9,4,2,63,4,5,21,21,2,7,5,8,9,1,3,34,0,10,2,5,32,7,0,6,8,14,4,13,4,6,0,21,2,10,11,6,7,4,6,12,2,15,12,5,8,2,6,3,3,4,4,5,2,1,13,3,2,7,3,3,5,1,4,7,3,14,1,9,1,8,9,11,2
"COG1721",193,164,124,75,153,138,84,42,52,56,267,166,211,109,100,71,178,93,69,122,126,134,220,90,107,77,99,251,113,130,173,137,98,251,204,156,185,106,73,216,175,60,157,91,181,127,209,141,157,142,200,160,326,98,229,205,147,116,329,131,248,282,285,117,218,278,119,122,191,220,235,205,91,173,136,133,81,255,201,133,187,237,63,167,139,279,119,246,84,246,141,255,251,204,107,124,131,127,241,149
"COG1722",22,24,17,24,19,18,10,19,29,14,32,19,18,17,22,17,39,17,29,21,15,23,31,11,23,17,19,13,18,20,26,16,24,32,24,24,25,23,9,19,25,21,32,22,34,22,31,19,24,10,26,26,7,30,27,26,19,17,27,12,16,24,15,15,11,35,19,16,30,23,17,17,24,19,18,14,22,22,17,14,12,15,25,13,11,29,27,21,13,25,29,23,17,11,17,17,15,17,11,8
"COG1723",5,0,1,0,3,4,3,1,0,1,0,9,4,11,4,1,56,2,0,1,6,2,11,1,13,1,1,4,0,0,21,1,0,6,7,2,1,1,2,5,2,0,1,0,1,2,0,17,0,0,1,1,1,1,2,0,3,0,3,0,1,3,1,0,0,0,1,0,12,1,4,1,0,0,3,2,3,3,2,2,0,6,1,1,0,2,1,1,1,1,0,0,10,2,0,0,1,13,3,4
"COG1724",0,0,0,0,0,0,0,0,1,1,1,0,0,0,0,0,1,0,0,0,0,0,0,0,0,0,0,0,0,0,0,0,0,1,0,2,3,0,0,0,0,0,0,0,1,1,1,0,0,1,0,0,0,0,0,0,0,0,0,0,0,0,0,0,0,0,0,0,0,0,0,0,0,0,1,0,0,0,0,0,0,0,0,0,0,2,0,0,0,0,0,0,0,0,0,0,0,0,0,0
"COG1725",13,17,140,18,0,15,90,102,26,13,15,36,11,50,25,71,7,73,39,16,72,1,5,27,42,67,34,9,94,53,7,33,61,25,40,57,15,57,73,16,7,101,32,42,11,28,11,118,12,30,7,62,22,37,90,46,13,54,7,56,7,10,142,71,7,13,59,55,10,0,18,24,53,45,154,75,94,27,28,41,9,64,52,15,15,15,42,5,34,29,2,24,23,84,17,54,212,87,126,68
"COG1726",67,65,156,145,184,67,107,109,115,199,21,178,83,138,171,109,206,88,163,40,88,243,107,134,95,120,185,89,158,180,105,145,124,142,89,55,35,116,104,75,54,89,68,220,50,146,49,136,110,237,153,135,81,179,104,83,187,97,62,87,53,52,123,146,98,42,104,102,160,189,49,92,170,129,147,86,93,46,131,112,143,77,175,112,75,62,142,268,138,65,150,34,181,112,204,151,134,108,137,160
"COG1727",33,7,5,3,3,50,2,3,0,0,21,20,27,8,0,2,1,10,3,29,18,0,11,7,26,10,7,31,7,14,19,10,12,18,16,20,9,13,6,27,37,11,11,3,27,17,9,12,25,14,5,8,33,1,24,14,3,4,10,9,30,40,9,5,38,3,5,4,19,0,25,21,1,3,2,7,1,26,19,8,20,36,0,26,15,30,1,1,1,34,16,48,21,2,0,1,10,11,18,3
"COG1729",137,250,113,219,191,167,184,187,190,188,255,195,217,173,202,184,95,167,263,152,138,181,137,214,138,168,180,186,185,170,136,143,201,137,129,119,252,170,193,150,198,155,134,190,189,171,216,106,169,209,235,171,174,231,134,206,235,199,208,181,167,175,104,197,243,303,166,175,168,217,171,186,193,151,119,122,196,131,186,157,216,148,235,186,197,132,198,158,233,173,227,167,139,189,224,198,92,158,126,179
"COG1730",1,4,0,0,0,0,0,0,0,0,3,0,1,0,0,0,0,0,0,0,3,0,0,0,2,1,0,2,0,2,0,1,2,0,2,0,1,0,0,2,2,1,0,0,0,2,1,2,1,0,0,1,8,0,2,3,0,3,3,0,1,1,3,3,3,1,1,1,3,0,0,2,0,0,0,5,0,0,0,1,5,4,1,4,3,0,1,0,0,0,0,1,4,1,0,0,0,2,4,0
"COG1732",20,8,10,3,2,13,8,4,9,8,9,4,8,7,3,11,3,2,3,11,10,4,23,3,16,2,3,17,14,6,20,5,5,12,24,39,9,1,7,16,18,6,57,4,16,4,9,10,3,7,2,3,18,5,4,6,4,5,23,5,26,10,4,10,2,9,18,6,3,0,16,5,7,3,14,5,1,27,2,1,2,6,8,2,10,27,3,11,7,34,3,20,6,2,9,7,6,5,4,1
"COG1733",64,32,47,86,181,35,46,8,39,16,27,53,26,33,128,11,112,15,18,40,42,117,46,99,32,24,36,42,35,21,108,53,22,69,76,105,29,35,21,42,29,19,181,26,38,51,24,52,49,25,38,25,38,13,35,34,23,22,27,30,34,39,36,37,18,31,25,23,35,148,48,26,33,33,30,42,9,38,35,58,21,42,16,34,18,77,51,158,18,50,19,33,48,23,53,29,30,16,36,28
"COG1734",103,101,69,135,119,99,111,133,152,190,149,132,115,136,142,140,92,117,170,140,106,106,129,160,129,134,154,99,131,101,121,143,123,104,92,105,128,123,143,104,102,102,106,135,119,119,132,82,143,134,160,130,113,165,113,116,151,135,122,122,135,133,65,124,143,151,115,151,125,122,115,141,127,144,93,105,120,113,157,130,126,89,144,142,113,114,136,114,157,127,184,114,100,120,157,136,62,114,101,125
"COG1735",26,31,4,4,4,24,6,1,4,6,28,3,119,7,4,5,23,3,0,65,33,10,91,1,19,5,2,112,16,6,38,8,8,28,31,25,43,2,0,108,37,5,41,4,71,3,36,6,22,7,8,10,111,5,4,3,33,5,43,2,65,71,1,8,91,30,5,4,11,3,61,16,6,4,4,9,3,82,7,2,33,12,5,13,65,59,3,2,6,47,3,77,6,20,3,2,2,4,8,3
"COG1736",123,39,6,10,23,128,5,4,1,0,57,48,61,32,0,9,5,34,7,118,40,7,25,19,48,20,12,100,15,40,48,40,28,59,30,109,27,32,16,61,111,22,44,10,98,53,17,18,75,30,36,21,90,4,38,33,14,13,43,15,123,109,28,17,121,19,10,24,49,2,111,47,5,12,7,29,8,113,40,26,42,71,2,35,32,107,16,8,11,93,31,114,38,22,13,2,17,42,60,23
"COG1737",58,44,30,44,136,36,39,22,63,45,34,47,22,43,69,17,246,9,21,26,39,186,83,44,60,21,52,18,31,32,117,35,21,49,52,50,31,21,23,24,31,29,98,49,36,39,52,70,34,22,27,26,11,36,20,22,41,17,64,20,20,30,26,28,4,35,49,26,48,198,32,26,46,50,42,31,33,46,22,40,8,20,36,24,14,32,53,217,16,44,19,34,30,21,58,35,13,25,27,34
"COG1738",92,126,133,180,140,100,125,157,191,249,142,184,142,152,217,178,59,167,212,121,127,144,129,223,103,142,220,126,199,173,87,214,184,93,116,134,131,181,166,115,119,97,92,186,115,197,124,92,180,204,143,114,88,154,94,118,125,103,81,110,82,74,74,125,128,84,95,114,86,89,72,132,126,117,74,98,115,59,122,110,129,86,132,119,109,69,114,97,122,75,154,72,125,100,127,138,71,109,84,127
"COG1739",29,19,21,4,68,13,14,2,4,3,16,13,17,11,22,2,89,5,2,9,13,68,38,3,15,7,6,9,6,13,41,6,10,13,34,23,10,10,3,3,8,3,40,10,14,8,17,26,4,4,1,10,5,5,13,12,27,3,28,6,21,14,20,2,6,2,7,4,8,71,11,9,6,13,10,4,10,23,6,5,5,7,1,5,6,20,6,46,3,17,3,16,27,13,5,6,11,15,10,9
"COG1740",4,13,19,3,3,17,10,1,3,1,36,11,15,8,13,6,187,1,2,5,7,4,21,4,22,1,0,2,0,0,49,1,2,23,11,5,21,0,8,3,5,1,25,2,15,1,14,43,1,2,1,1,5,3,1,1,10,2,18,3,6,8,7,0,2,19,6,1,5,5,4,0,2,5,11,1,17,7,3,1,0,0,3,0,1,5,0,1,2,4,2,2,11,3,2,0,7,2,3,0
"COG1741",193,145,148,203,241,149,300,264,235,313,124,221,134,229,181,307,201,287,250,176,194,215,163,209,230,193,172,165,246,203,249,203,178,131,179,231,161,207,248,152,179,254,236,226,172,207,136,121,235,268,224,210,123,236,180,257,203,265,125,258,222,172,162,223,162,183,249,301,199,188,188,255,226,213,258,236,242,196,134,231,208,223,260,234,198,217,237,217,261,202,251,210,211,206,261,261,97,188,196,213
"COG1742",16,7,5,0,1,11,4,0,0,0,12,2,8,4,3,1,90,1,0,9,1,1,19,0,12,0,0,5,0,5,22,3,2,6,9,18,7,6,1,3,5,0,29,1,13,0,9,19,4,0,0,5,1,1,4,5,3,1,16,0,15,8,8,0,1,13,2,0,0,1,13,3,1,2,3,1,3,23,2,2,0,2,0,5,1,8,2,1,2,10,0,10,3,2,5,2,5,4,8,0
"COG1743",11,4,9,2,1,14,8,7,2,1,13,2,30,4,4,3,78,1,1,4,1,2,13,0,10,3,0,8,1,11,51,0,5,17,24,48,2,2,13,1,4,1,17,2,8,3,0,8,8,2,0,4,5,2,3,5,6,2,9,5,6,2,11,1,35,6,2,1,2,2,27,2,0,1,4,3,2,10,3,2,2,3,0,3,1,15,1,1,4,18,3,20,5,6,0,3,10,3,3,4
"COG1744",219,280,136,324,219,333,192,204,145,146,213,231,150,203,126,206,35,212,228,236,161,176,121,291,212,253,277,172,143,197,166,222,194,142,180,177,269,194,247,230,290,222,229,231,260,225,247,120,234,212,206,244,166,226,148,212,200,320,183,251,196,259,103,164,136,275,249,223,237,189,211,212,194,286,154,366,224,243,281,248,260,239,202,213,256,191,284,237,195,258,294,200,204,195,241,214,118,139,149,299
"COG1745",0,0,0,0,0,0,0,0,0,0,0,0,2,0,0,0,0,0,0,0,0,0,0,0,0,0,0,0,0,0,0,0,0,1,0,0,0,0,0,1,0,0,0,0,0,0,0,0,0,0,0,0,0,0,0,0,1,0,0,0,0,0,0,0,0,0,0,0,0,0,0,0,0,0,0,0,0,0,0,0,0,0,0,0,1,0,0,0,0,0,0,0,0,0,0,0,0,0,0,0
"COG1746",126,30,3,1,0,179,1,0,1,0,52,2,84,5,0,0,6,3,0,135,23,0,22,3,65,3,1,120,6,11,72,20,9,36,11,111,46,14,2,46,115,1,49,0,124,22,18,3,42,9,5,3,98,0,25,13,4,2,72,0,123,109,4,5,164,24,2,2,39,0,151,25,1,1,3,3,0,121,12,7,56,9,0,12,57,127,4,5,4,108,8,149,2,13,0,1,0,31,15,1
"COG1747",4,18,10,0,0,5,1,1,0,3,2,2,6,3,1,0,1,0,0,2,6,0,13,1,2,3,5,5,3,4,2,2,2,11,1,2,0,3,1,5,5,0,2,5,5,5,14,5,3,1,0,2,6,1,5,7,0,0,8,1,6,3,3,2,0,0,1,0,0,0,5,4,0,5,0,2,0,6,1,2,0,4,1,0,0,4,2,2,0,3,0,2,5,4,0,2,0,11,7,4
"COG1748",114,127,202,174,248,100,129,125,139,140,132,230,113,179,168,146,145,146,172,79,159,244,136,135,108,161,256,112,142,244,132,210,156,189,126,106,120,138,134,143,112,102,155,266,108,216,118,179,160,239,170,217,133,175,176,168,159,132,93,134,104,105,211,134,83,100,122,138,157,240,92,137,176,248,140,126,90,81,168,136,121,153,126,146,91,104,162,287,109,133,217,87,326,103,158,123,176,144,198,232
"COG1749",65,66,79,123,62,39,80,78,157,112,38,80,34,43,74,70,129,28,69,52,60,113,115,91,58,44,74,31,74,56,116,39,43,99,60,31,38,38,57,68,48,97,120,81,57,31,32,89,41,33,23,60,37,67,36,43,34,63,45,62,52,51,78,52,10,29,81,55,18,106,64,51,88,89,119,87,73,85,30,81,16,66,109,41,12,58,91,66,19,59,24,62,106,54,154,90,41,49,50,57
"COG1750",0,0,0,0,0,0,0,0,0,0,26,0,0,0,0,0,0,0,0,0,0,0,0,0,0,0,0,0,0,0,0,0,0,0,0,0,21,0,0,0,0,0,0,0,0,0,8,1,0,0,0,0,0,0,0,0,0,0,9,0,0,0,0,0,0,14,0,0,0,0,0,0,0,0,0,0,0,0,0,0,0,0,0,0,0,0,0,0,0,0,0,0,0,0,0,0,0,0,0,0
"COG1752",198,142,149,48,160,123,91,28,59,53,143,65,109,80,114,42,433,95,34,105,71,67,178,51,130,51,49,119,66,77,299,111,47,156,130,95,120,86,50,65,117,42,269,60,126,100,112,214,75,96,70,78,67,23,70,90,117,38,186,58,131,128,130,51,50,112,81,41,95,107,132,58,53,35,81,66,60,162,133,59,79,151,64,116,56,173,51,229,78,140,60,136,160,81,52,42,57,86,71,38
"COG1754",209,318,342,440,290,291,457,506,372,498,214,338,268,393,434,509,17,483,464,241,400,237,154,444,337,434,434,243,432,373,148,475,408,197,317,284,311,458,497,303,309,487,183,387,238,428,348,261,364,430,707,591,425,706,630,677,642,693,356,741,377,377,465,669,490,498,729,670,540,483,404,662,706,624,688,629,682,304,552,701,656,669,802,652,627,359,608,608,842,395,739,404,574,611,675,708,512,590,663,676
"COG1755",1,0,1,1,0,0,4,2,3,0,0,0,2,0,0,1,0,0,3,2,1,0,2,2,1,0,1,1,2,0,1,0,0,2,5,1,0,0,1,2,2,3,9,1,4,0,0,5,2,0,0,2,2,7,1,2,0,3,4,3,9,2,1,0,1,0,3,1,0,0,6,0,1,1,5,1,2,9,0,1,0,3,0,3,0,11,0,2,0,7,0,5,7,0,1,2,2,0,2,1
"COG1756",29,17,0,0,2,45,1,0,0,2,8,0,24,2,0,0,1,3,0,62,7,2,6,1,19,1,0,31,0,3,9,6,0,16,4,34,2,2,0,13,18,1,22,0,39,7,2,0,17,0,1,1,39,0,6,3,0,0,7,0,30,43,0,1,83,2,1,1,11,1,39,10,0,1,0,3,1,55,5,1,13,8,0,2,23,38,1,5,0,19,1,52,4,0,0,2,0,20,7,0
"COG1757",210,199,130,63,190,203,88,37,76,98,305,180,153,151,215,64,756,67,72,95,78,253,269,88,146,50,109,171,88,131,375,110,111,216,134,145,243,99,62,110,197,56,213,133,208,134,167,242,98,127,117,88,96,85,102,101,151,32,267,62,189,180,98,70,64,199,74,68,185,350,180,98,69,123,97,66,57,128,111,72,85,77,73,107,84,164,84,229,44,190,127,145,148,111,127,121,71,73,96,99
"COG1758",58,78,73,106,91,93,100,128,136,169,59,84,118,118,127,121,46,101,139,103,89,89,61,116,80,113,99,77,109,104,61,98,138,69,62,65,75,128,113,88,77,105,72,101,65,106,87,64,114,119,159,118,94,130,104,104,125,91,44,112,83,104,73,121,173,68,123,94,139,85,80,113,129,107,101,89,135,86,102,101,115,91,152,129,156,84,99,75,133,86,117,91,79,109,153,105,65,107,108,116
"COG1759",165,36,9,9,38,234,5,6,0,0,45,43,100,29,0,9,7,12,4,178,38,0,17,21,85,5,11,140,9,29,77,23,8,47,22,188,31,19,13,50,141,5,69,5,134,26,18,14,69,26,23,23,87,8,26,13,4,9,62,13,188,156,26,6,207,31,16,30,52,0,225,40,11,17,4,7,5,166,33,27,74,38,0,22,75,162,8,6,3,166,18,211,47,10,8,1,18,33,28,17
"COG1760",84,92,21,30,118,91,19,10,30,3,28,26,36,34,68,5,120,20,9,41,30,124,99,37,50,14,40,44,7,9,88,31,16,49,43,80,51,18,22,30,95,27,106,26,37,28,44,65,30,16,11,22,28,6,30,30,36,11,47,22,71,57,32,10,8,60,25,16,40,154,53,22,19,35,23,33,18,46,23,25,28,26,11,26,22,71,18,106,9,64,7,51,25,25,26,26,8,13,22,17
"COG1761",0,0,0,0,2,1,1,0,3,0,2,2,0,0,0,2,0,1,0,0,1,0,1,0,1,0,0,1,0,0,0,0,1,0,2,0,6,2,0,1,1,0,1,1,1,1,4,0,3,1,0,1,5,0,8,0,1,3,1,1,0,0,1,0,2,5,2,0,1,0,0,4,3,1,0,2,1,1,2,0,1,1,0,1,1,1,1,0,0,1,0,0,3,3,0,0,4,7,4,0
"COG1762",42,63,42,35,32,33,18,28,59,31,38,29,40,25,50,25,85,17,24,41,22,45,95,16,25,12,27,30,23,28,58,11,13,55,48,51,75,13,21,37,43,22,50,25,36,24,49,31,36,12,8,20,33,26,15,20,20,17,52,21,32,37,18,30,22,56,23,17,20,43,40,18,22,19,33,30,20,46,15,19,17,24,25,11,10,38,37,46,20,47,13,46,35,15,32,26,17,19,14,22
"COG1763",17,24,21,48,41,13,24,28,46,29,37,21,24,13,31,28,7,20,47,24,34,60,24,37,14,21,41,18,15,25,13,26,15,25,19,16,31,24,31,27,20,22,10,27,31,26,33,22,32,11,17,22,17,33,17,13,22,26,42,33,21,26,21,15,23,37,23,25,9,75,27,22,43,27,27,32,33,21,14,32,21,12,35,33,14,29,27,28,12,17,13,23,25,12,35,37,21,18,14,21
"COG1764",47,31,20,12,34,26,28,4,20,17,16,20,16,28,54,25,111,9,39,11,38,13,36,20,40,11,29,17,31,13,71,31,17,36,42,77,7,27,9,16,17,11,96,32,22,22,7,45,31,12,27,13,10,29,19,28,26,14,21,13,22,13,17,23,9,13,25,9,34,6,26,14,32,30,19,10,14,27,18,21,22,15,36,13,23,52,12,49,23,42,8,19,21,40,28,20,9,25,23,16
"COG1765",71,37,50,21,47,44,28,22,36,29,23,51,33,30,60,29,45,23,18,48,38,42,44,21,41,27,28,52,32,41,57,47,24,37,51,41,32,33,14,44,44,24,64,39,41,46,27,40,38,29,32,27,32,22,53,45,18,10,27,22,49,62,42,18,17,27,27,21,45,78,47,40,32,21,23,23,22,53,43,20,20,30,23,25,18,52,23,63,11,49,19,43,61,23,31,33,27,30,37,25
"COG1766",92,56,90,107,62,68,88,75,127,60,34,68,50,36,92,58,181,31,68,78,61,81,102,91,71,52,78,41,80,62,117,30,57,131,87,63,41,33,68,76,69,93,135,77,72,32,28,109,48,36,27,75,53,74,48,57,44,82,53,71,71,70,78,45,27,41,71,52,33,71,69,47,89,89,106,70,79,112,36,72,22,68,64,41,20,73,86,78,25,81,37,66,81,60,98,90,51,38,43,56
"COG1767",6,4,2,4,2,1,3,5,5,3,4,7,10,6,0,6,3,4,6,2,6,0,4,7,7,6,6,5,10,1,1,3,3,9,4,1,7,7,4,3,4,6,6,3,2,6,4,0,10,2,16,6,9,11,6,3,5,9,10,6,4,3,1,1,14,6,11,7,7,13,9,9,10,2,7,3,7,2,6,18,6,4,3,15,7,3,7,3,4,3,9,7,10,4,14,13,5,6,5,5
"COG1768",2,0,0,0,0,0,0,0,0,0,0,0,0,0,0,0,0,0,0,1,0,0,0,0,0,0,0,1,1,0,1,0,0,1,0,1,0,0,0,0,1,0,0,0,2,0,0,0,0,0,0,1,0,0,0,0,0,0,0,1,0,0,1,0,0,0,0,0,0,0,3,0,0,0,0,0,0,4,0,0,0,0,0,0,0,1,0,0,0,1,0,0,0,1,0,0,0,0,0,0
"COG1769",0,0,0,0,0,0,0,0,0,0,0,0,0,0,0,0,0,0,0,0,0,0,0,0,0,0,0,0,0,0,0,0,0,0,0,0,0,0,0,0,0,0,0,0,0,0,0,0,0,0,0,0,0,0,0,0,0,0,0,0,0,0,0,0,0,1,0,0,0,0,0,0,0,0,0,0,0,0,0,0,0,0,0,0,0,0,0,0,0,0,0,0,0,0,0,0,0,0,0,0
"COG1770",290,309,200,483,417,247,329,422,442,512,279,458,331,433,568,442,300,414,553,273,299,509,242,519,332,438,463,335,431,429,306,478,421,201,311,299,384,513,441,278,310,302,248,449,280,444,331,241,421,517,605,368,289,573,370,413,497,434,236,462,287,279,213,436,390,369,421,508,367,481,296,472,454,459,252,262,434,222,426,380,483,281,494,485,416,253,417,417,612,276,585,318,427,399,430,441,187,346,309,477
"COG1772",5,7,2,1,0,2,2,2,0,1,6,5,8,2,0,2,1,9,2,7,4,0,5,0,4,8,1,8,9,4,6,1,10,2,5,2,3,3,4,19,14,1,1,0,6,1,4,5,5,12,0,2,8,1,4,10,3,3,4,3,4,5,2,2,2,5,3,3,4,0,5,6,0,0,4,1,0,5,3,0,5,7,0,1,6,2,0,0,0,1,4,1,0,5,0,0,6,2,5,0
"COG1773",8,5,71,21,24,3,41,54,26,23,8,17,7,33,28,35,14,30,39,16,47,22,14,28,22,32,33,7,62,52,10,33,31,20,24,8,17,24,43,14,9,43,5,45,9,28,8,41,13,22,15,34,7,36,53,19,11,33,14,30,6,11,87,48,5,6,30,25,10,44,8,24,37,30,68,26,24,16,24,31,12,33,27,19,11,4,32,34,19,11,16,4,27,32,24,39,103,62,72,37
"COG1774",23,27,24,5,87,26,13,6,9,15,39,22,25,17,38,17,5,19,6,9,11,115,38,13,19,12,11,19,10,11,23,20,4,31,6,43,35,6,7,10,13,9,23,13,16,22,27,12,12,1,8,10,13,7,14,22,1,5,39,12,26,19,45,7,7,36,11,13,10,124,26,9,11,12,21,9,7,11,8,8,7,7,12,10,3,45,17,111,3,24,1,18,23,19,28,18,6,14,26,18
"COG1775",1,289,1,1,0,26,0,0,0,0,646,0,0,0,0,0,0,0,0,0,0,0,1,10,0,0,0,3,0,0,0,0,0,0,0,0,610,0,0,0,31,0,2,0,0,0,450,0,0,0,0,0,2,0,0,0,0,0,423,0,0,0,0,0,0,517,0,0,0,0,0,0,0,0,0,0,0,0,1,0,0,0,0,0,0,0,0,0,0,1,0,0,2,0,0,0,0,0,0,0
"COG1776",37,13,16,0,5,19,15,0,3,4,9,34,31,35,38,0,312,0,0,4,9,1,63,0,71,2,1,5,0,1,113,0,2,61,27,0,7,0,1,1,8,0,77,5,29,0,6,71,0,0,1,1,1,1,2,14,27,1,22,2,1,13,21,0,2,4,5,0,33,0,14,0,3,8,8,0,2,24,9,6,0,4,0,0,2,14,5,0,4,3,0,5,10,4,19,2,7,11,11,0
"COG1777",5,10,5,4,19,2,5,8,0,1,7,39,11,11,0,13,6,16,3,9,34,0,18,9,5,14,5,38,9,25,3,19,14,14,21,6,4,15,9,20,11,5,3,4,13,24,8,7,16,20,9,11,26,2,26,27,5,14,4,8,10,9,17,8,9,7,12,9,25,0,18,22,4,8,7,7,4,9,27,11,9,36,0,15,4,10,4,0,5,12,11,11,17,8,4,1,8,4,24,13
"COG1778",89,79,78,50,88,91,41,35,39,70,84,54,63,58,62,41,60,31,33,75,63,99,71,37,65,34,80,71,71,59,71,50,35,77,68,84,82,62,40,57,85,51,56,59,69,65,80,69,53,94,49,57,65,37,68,49,79,33,86,37,78,75,53,46,68,73,54,43,56,134,88,48,45,42,44,70,36,81,50,62,69,30,74,48,62,88,50,86,39,74,57,83,93,55,52,59,55,45,64,61
"COG1779",9,1,5,4,2,4,4,6,0,0,15,24,8,9,0,2,3,13,3,4,11,2,10,3,2,10,7,22,8,15,4,14,10,10,13,6,12,6,6,20,1,7,3,0,6,11,1,2,20,16,14,8,19,0,18,11,6,4,3,5,8,6,18,8,0,10,5,13,9,0,5,12,3,2,5,9,0,4,22,6,6,22,0,11,3,4,5,0,0,5,13,10,14,10,0,0,8,8,24,8
"COG1780",3,0,2,0,0,0,0,0,0,0,0,0,1,0,0,0,0,0,0,0,0,0,6,0,0,0,0,3,0,0,0,0,0,1,3,8,0,0,0,0,0,0,3,0,1,1,0,2,0,0,0,0,1,0,0,0,0,0,0,0,3,0,0,0,0,0,0,0,0,0,0,0,1,1,0,0,0,1,0,0,0,0,0,0,0,5,1,1,0,0,0,0,0,1,0,0,0,0,0,0
"COG1781",69,22,2,7,6,78,2,6,0,0,19,29,37,11,7,2,3,10,1,55,24,0,20,7,37,14,4,58,4,18,22,18,8,21,14,54,21,13,3,38,39,4,19,4,52,29,20,7,32,21,12,14,44,0,28,10,9,5,24,5,56,47,10,4,53,20,4,11,40,0,53,20,1,10,2,3,2,47,23,11,28,27,1,17,27,63,5,4,3,58,17,48,18,7,3,2,8,15,16,8
"COG1782",220,73,14,15,42,260,16,12,2,6,85,76,116,63,0,19,20,50,26,172,59,0,60,41,96,34,25,239,29,58,84,58,37,73,57,182,62,37,38,134,199,30,84,21,179,83,33,41,117,45,44,31,186,17,92,65,20,27,95,23,201,190,62,28,189,45,23,35,129,0,217,89,18,34,18,32,1,188,87,37,76,84,0,61,104,189,20,12,7,206,44,242,39,28,22,9,22,49,83,23
"COG1783",3,0,6,11,36,2,6,6,9,11,0,2,12,4,13,5,6,1,0,5,1,39,14,24,14,12,9,3,6,1,4,2,11,5,88,1,5,3,0,7,3,4,9,20,1,7,0,15,4,5,4,7,2,1,6,3,9,4,3,4,0,3,6,4,4,2,44,11,3,5,3,2,3,7,2,25,5,3,3,21,4,1,9,5,17,1,15,74,13,4,4,3,5,0,10,7,1,11,2,12
"COG1784",19,3,12,11,29,18,10,6,0,0,31,31,17,15,0,8,6,22,8,8,22,0,21,14,8,15,9,56,11,31,13,21,6,31,32,11,27,8,13,49,15,13,10,1,20,17,5,14,20,14,19,8,40,1,41,34,18,11,15,17,17,18,32,13,8,10,8,14,25,0,20,24,5,10,14,4,6,7,28,14,15,42,0,29,10,13,2,1,6,16,31,12,26,8,5,1,8,12,44,9
"COG1785",136,45,56,42,101,74,45,29,89,122,33,87,76,82,120,30,396,30,28,33,43,82,101,55,115,48,65,43,70,54,193,61,46,115,77,92,19,43,38,49,51,44,120,86,45,62,29,109,45,58,55,53,50,27,46,32,94,40,43,46,45,58,40,47,29,19,56,43,93,78,57,41,61,65,43,28,34,53,60,41,52,41,79,40,35,97,46,125,25,63,42,47,36,36,104,64,33,39,52,44
"COG1786",24,15,11,30,24,26,3,10,10,11,10,17,23,16,19,17,1,7,5,18,11,25,18,14,11,7,23,57,3,10,5,24,4,32,12,17,18,17,6,22,25,21,14,19,27,30,5,3,19,1,6,6,37,5,18,15,2,7,13,13,23,31,6,8,55,11,11,11,14,17,22,23,11,27,16,23,17,19,16,20,20,11,8,7,24,17,12,29,1,21,4,20,11,3,18,13,12,12,12,21
"COG1787",0,0,66,1,0,3,49,57,6,5,0,5,5,19,7,58,5,43,19,6,33,1,0,3,21,19,9,2,38,27,8,8,1,12,11,7,0,29,37,2,0,63,0,28,1,10,2,12,7,20,14,26,0,21,58,28,5,59,2,48,2,1,120,48,12,2,66,44,4,0,1,8,48,21,100,24,62,4,0,31,3,14,24,11,10,5,30,5,15,7,2,4,15,15,12,10,142,39,65,24
"COG1788",73,41,63,58,100,45,37,48,69,22,82,39,84,35,59,38,76,37,30,79,74,120,96,33,51,35,37,63,30,40,108,35,28,91,72,93,63,40,39,98,42,45,103,50,84,34,41,70,43,12,28,44,81,52,42,34,63,41,57,29,71,55,55,51,32,55,51,45,49,82,77,51,42,44,55,33,42,74,41,30,51,44,32,51,54,110,42,89,15,58,21,77,57,51,47,59,28,34,51,49
"COG1791",9,4,35,9,0,2,4,0,10,1,2,2,3,4,14,0,2,5,2,1,1,0,6,14,3,3,6,1,0,4,4,5,2,4,6,1,0,1,3,1,0,1,10,1,5,7,3,0,4,0,1,12,3,0,5,8,0,0,5,3,2,1,15,1,3,0,2,6,1,0,1,11,2,4,11,15,0,4,0,17,0,20,4,7,0,2,11,5,0,3,1,4,12,1,10,31,1,11,6,2
"COG1792",161,212,199,284,246,156,231,276,297,257,209,217,178,255,248,249,96,269,298,185,223,229,154,238,208,254,260,194,273,251,146,221,273,132,150,162,214,259,248,150,184,230,123,258,154,222,234,215,224,237,267,210,192,292,243,250,245,259,192,238,187,179,197,239,234,248,237,281,171,279,153,238,254,226,207,199,258,181,187,249,240,174,240,249,175,145,251,249,261,155,225,167,206,237,223,258,215,223,228,263
"COG1793",284,105,342,246,95,307,489,471,251,163,132,178,172,242,139,424,318,351,263,252,288,85,122,192,382,224,263,184,281,201,250,208,88,200,257,510,143,264,381,129,191,480,277,234,187,212,83,184,175,171,108,253,166,217,363,192,101,362,157,310,226,202,348,259,238,117,446,311,121,42,287,174,309,212,550,364,364,269,111,337,135,306,233,235,183,312,298,226,217,303,97,262,214,149,191,251,424,342,373,283
"COG1794",59,65,36,93,85,49,74,89,156,107,34,66,47,105,109,67,86,96,137,60,57,115,46,125,73,106,102,55,86,91,60,91,116,40,81,67,48,104,90,61,46,63,72,93,62,104,59,58,87,114,124,65,44,105,57,100,88,107,50,91,57,65,36,105,73,38,108,87,92,135,52,95,102,87,51,61,86,50,118,119,109,50,115,127,108,41,111,25,170,76,154,49,63,78,64,110,29,88,60,77
"COG1795",5,5,8,27,2,3,14,15,12,9,8,11,14,15,9,15,0,11,20,9,9,0,8,16,9,7,10,7,10,9,1,6,4,9,8,4,8,18,12,5,15,18,4,10,7,5,8,0,13,2,21,8,17,11,14,5,6,7,6,9,2,2,9,13,13,4,13,10,21,10,1,12,8,8,9,8,14,1,11,7,8,6,16,17,12,5,7,0,6,3,15,5,11,10,19,12,6,7,3,15
"COG1796",36,31,39,67,43,23,40,20,32,34,46,63,70,81,21,24,11,53,27,50,74,13,81,63,58,45,80,97,26,58,36,83,27,82,83,25,29,78,27,83,63,28,39,36,57,74,36,50,74,49,38,51,83,17,74,46,35,32,40,43,43,57,75,26,33,31,66,47,38,8,42,59,30,53,37,47,55,32,93,57,55,96,23,58,35,42,43,99,64,46,99,47,79,30,36,24,37,54,67,56
"COG1797",145,109,248,52,73,202,144,145,63,23,100,73,111,81,68,150,16,107,97,166,150,66,42,59,134,76,72,128,95,118,84,83,87,74,72,157,109,93,123,72,124,164,92,68,147,86,114,155,89,47,30,124,97,92,172,59,25,121,136,96,153,153,225,67,209,94,119,120,58,34,164,75,127,87,185,115,158,192,70,94,84,107,75,49,89,153,97,44,58,172,18,201,102,116,68,81,293,168,214,98
"COG1798",108,39,9,6,20,124,7,5,0,0,35,51,77,24,0,8,7,35,10,99,51,1,33,12,56,17,15,92,12,29,49,27,20,46,29,110,22,29,7,61,94,15,39,8,85,45,14,22,39,36,28,25,89,1,51,29,16,6,45,20,91,94,41,14,131,18,8,18,54,0,97,41,4,12,10,20,3,101,56,10,43,57,0,33,51,94,6,3,3,100,21,108,50,17,10,0,17,27,51,13
"COG1799",6,9,88,10,0,11,44,46,22,5,5,10,2,23,13,37,0,37,17,8,44,0,3,10,26,31,23,3,47,27,2,25,31,14,29,16,11,37,37,18,7,54,16,22,9,29,13,61,11,14,3,31,14,22,63,27,16,30,7,33,6,7,98,44,10,7,44,44,9,0,10,22,43,31,80,23,55,4,18,33,11,31,29,10,14,10,25,4,23,16,2,9,9,40,19,30,128,67,81,38
"COG1801",35,10,17,1,10,19,17,1,4,3,23,11,12,13,19,2,86,2,2,13,9,7,35,3,21,0,5,20,1,9,62,4,4,22,20,48,41,3,3,5,3,3,69,7,11,4,7,36,7,8,6,6,6,4,7,2,5,3,20,0,16,10,17,2,4,20,5,0,19,0,21,1,3,9,7,2,2,17,6,6,1,2,2,4,5,30,3,12,0,21,4,9,8,12,4,6,9,5,11,6
"COG1802",115,94,81,123,239,82,90,36,119,39,84,53,56,52,92,41,196,21,38,93,52,322,144,106,78,37,64,53,36,41,185,58,29,117,134,153,93,44,34,76,89,78,295,66,86,60,97,119,53,27,19,40,48,35,44,35,34,68,127,77,90,87,71,36,13,85,75,46,28,146,100,39,59,49,85,116,63,155,34,70,17,65,35,32,30,94,83,234,32,107,18,100,65,23,92,121,34,46,49,51
"COG1803",10,5,21,4,7,6,12,1,12,5,2,8,3,7,21,2,62,4,1,1,4,0,16,1,17,2,5,16,6,6,26,6,7,5,7,5,2,7,6,4,8,5,15,5,11,2,5,15,7,8,2,6,4,2,11,7,3,1,8,9,6,6,7,8,0,0,7,6,10,0,8,13,5,5,9,7,7,2,5,9,2,10,5,1,3,9,9,11,2,7,2,7,9,4,10,12,10,18,16,4
"COG1804",1078,988,616,828,685,978,678,900,904,642,1293,553,1645,669,395,792,301,690,948,1773,1515,754,1918,699,922,702,633,1554,899,618,1070,732,748,1802,1480,860,1080,675,667,2524,1268,865,1241,647,1523,800,896,679,1081,518,626,771,1651,973,883,794,1058,791,1306,716,1476,1525,635,901,1323,894,660,721,674,544,1452,1035,880,691,847,770,676,1824,686,591,1067,1259,778,898,1201,1685,644,683,524,1248,670,1560,855,775,732,772,419,670,712,569
"COG1805",60,64,131,109,177,42,122,109,78,186,16,140,86,97,135,115,134,98,138,33,98,264,112,106,78,106,182,90,155,173,88,150,107,110,110,69,30,113,113,66,34,75,77,193,40,133,51,108,99,211,154,132,66,155,85,108,154,92,52,83,41,33,114,128,64,26,84,80,173,186,52,88,102,143,116,69,109,47,101,83,118,84,125,95,67,58,129,194,136,60,113,36,152,107,154,108,111,77,112,147
"COG1806",83,137,42,136,105,114,120,114,164,187,59,112,132,151,159,117,80,130,142,85,83,113,75,153,104,121,118,89,132,101,124,107,161,48,101,89,106,141,117,70,132,79,111,119,69,121,124,67,144,148,174,110,105,129,95,145,143,118,64,146,85,108,57,129,162,133,107,119,101,172,81,162,107,106,59,95,130,64,138,127,152,68,148,161,152,73,103,56,196,107,169,87,77,122,111,118,55,124,76,128
"COG1807",190,259,708,390,190,164,499,552,573,461,237,279,235,341,322,516,351,423,369,216,453,166,254,359,307,455,333,179,378,429,252,271,465,258,284,263,243,399,443,228,175,511,260,417,217,266,257,697,238,343,298,438,235,354,464,436,320,449,201,417,186,173,707,430,266,296,429,392,198,271,178,310,403,391,508,394,521,207,309,458,265,282,415,296,236,202,342,167,407,228,288,172,313,528,256,459,771,559,526,388
"COG1808",44,17,96,37,53,23,26,15,32,25,15,25,12,27,77,15,10,20,21,23,16,59,24,46,40,6,31,23,25,25,23,48,6,36,20,60,8,28,14,5,7,14,33,33,25,46,5,38,23,12,11,71,17,21,29,37,11,8,19,26,37,9,40,15,2,11,21,26,14,83,33,30,30,22,35,61,26,32,7,48,15,35,13,20,6,42,48,88,19,31,16,24,40,19,26,74,27,58,50,53
"COG1809",9,15,16,14,17,9,31,13,28,28,12,16,10,17,9,17,3,13,39,13,30,4,15,12,14,16,16,9,32,15,10,14,17,27,17,7,8,11,11,35,17,30,12,25,9,10,12,15,16,15,20,15,10,36,25,28,10,12,8,9,13,10,35,31,10,10,22,17,17,3,16,22,36,13,37,13,44,15,10,11,19,23,28,22,16,11,12,27,20,9,11,13,28,19,22,25,19,16,19,17
"COG1811",2,5,7,17,1,3,7,14,2,20,0,26,15,21,1,16,2,13,12,3,15,2,10,14,8,20,19,10,25,25,0,10,24,14,14,8,2,25,27,16,6,15,4,17,3,16,1,10,28,21,21,19,13,7,2,17,18,21,2,20,3,3,11,11,6,0,19,22,13,1,4,22,10,29,4,21,10,2,32,19,39,21,19,24,23,6,36,30,29,5,44,3,11,19,20,17,11,9,13,23
"COG1812",0,1,0,0,0,0,0,0,0,0,1,0,1,0,0,0,0,0,0,0,0,0,0,0,0,0,0,2,0,0,1,0,0,0,0,1,1,0,0,3,0,0,1,0,0,0,0,0,0,0,0,0,1,0,0,0,4,0,1,0,1,0,0,0,0,0,0,0,0,0,0,0,0,0,0,0,0,0,0,0,1,1,0,0,0,0,0,0,0,1,0,2,0,0,0,0,0,0,0,0
"COG1813",4,14,7,4,7,4,6,1,5,4,13,28,10,11,4,2,2,17,3,4,22,0,11,4,3,10,4,21,4,13,5,20,6,11,20,1,14,5,7,20,4,5,0,6,4,25,8,5,10,13,10,4,18,0,15,14,7,7,10,6,5,2,12,8,8,9,10,9,10,0,5,18,2,4,6,9,4,5,29,17,4,38,0,29,13,6,5,7,5,3,12,3,13,9,8,0,11,13,7,10
"COG1814",63,44,24,3,12,86,8,2,5,13,67,5,35,9,7,3,17,7,3,52,23,19,37,5,48,4,4,76,4,5,49,24,1,15,60,110,46,16,3,44,63,10,54,1,63,27,42,10,22,2,4,6,51,2,18,14,17,5,55,5,100,85,26,2,24,44,7,2,7,29,92,16,0,2,8,7,10,86,8,4,9,13,3,15,26,83,5,16,3,73,3,96,6,17,4,4,0,17,13,2
"COG1815",26,15,24,28,11,16,16,24,35,19,9,18,18,11,25,15,59,8,7,24,28,24,31,19,21,12,12,16,8,11,46,6,16,24,25,21,6,7,18,20,24,13,46,19,20,11,13,33,11,4,7,13,13,9,13,14,9,18,12,17,13,24,28,14,5,8,13,15,6,26,32,17,17,13,26,13,16,30,9,20,2,24,22,14,4,16,13,18,8,31,10,33,23,12,34,26,19,9,15,16
"COG1816",176,236,59,97,98,194,68,47,64,38,202,115,173,150,85,73,431,91,59,183,88,97,185,83,177,92,94,166,74,98,265,139,137,117,184,177,238,102,63,103,212,54,211,92,234,141,265,124,118,71,106,81,152,75,91,97,169,70,205,100,182,219,59,74,178,216,75,87,154,110,204,126,81,113,51,115,106,187,189,110,113,104,90,109,109,179,115,124,74,182,112,205,77,139,98,82,41,107,109,111
"COG1817",96,22,15,4,3,149,5,3,0,1,44,11,63,7,1,3,2,7,2,106,21,0,20,5,65,1,6,62,4,7,41,9,7,46,17,105,26,4,2,38,87,4,35,16,81,9,16,7,36,28,8,6,57,4,21,25,20,3,41,5,101,84,19,6,143,23,6,6,31,1,87,30,2,4,4,5,3,104,10,1,62,6,4,10,65,72,3,8,13,94,15,103,13,13,0,4,11,15,18,7
"COG1818",40,17,0,0,0,65,0,0,0,0,8,0,24,3,0,0,0,0,0,46,8,1,4,0,24,0,0,38,0,2,11,4,0,8,3,60,1,3,0,9,36,1,20,0,35,5,1,0,10,0,1,0,19,0,6,1,0,0,8,0,48,34,0,1,63,6,0,1,2,0,51,10,0,0,0,1,1,44,4,0,12,2,0,3,17,51,0,3,0,51,0,49,0,0,0,0,0,8,5,0
"COG1819",221,67,38,14,30,237,18,10,50,85,72,36,145,39,22,16,158,21,15,185,39,29,77,21,110,12,18,151,70,28,138,55,29,87,53,225,31,43,20,69,149,10,125,35,149,67,37,48,83,57,26,30,113,14,40,71,42,11,81,16,193,171,29,95,256,33,11,15,107,18,202,93,38,14,16,22,21,210,44,24,103,33,66,24,122,199,22,45,16,170,29,219,34,36,75,65,21,49,49,21
"COG1820",94,76,83,48,68,83,31,29,60,16,37,78,39,37,80,31,176,48,31,50,85,92,89,52,65,77,69,51,24,34,78,63,117,97,84,53,23,38,30,59,94,38,88,50,96,63,51,138,51,33,34,60,51,35,96,35,45,30,48,38,78,84,35,32,23,40,23,23,35,60,63,51,37,53,49,67,15,62,80,50,19,40,32,38,26,57,57,67,16,58,25,63,47,103,38,63,31,94,72,39
"COG1821",0,6,2,15,3,4,6,5,11,6,5,5,6,8,4,5,0,3,7,7,5,1,4,13,4,4,1,13,11,3,1,1,4,3,2,1,8,12,8,6,6,1,3,3,4,7,6,2,4,0,9,4,4,9,6,3,1,8,7,3,4,2,3,5,15,6,3,4,9,17,3,6,7,8,1,5,8,3,5,19,4,1,11,10,2,2,6,5,2,3,5,6,5,4,5,13,8,3,1,4
"COG1823",3,6,0,1,0,7,1,1,1,2,0,2,1,4,11,1,10,1,1,0,1,3,19,1,2,1,5,2,7,3,5,2,7,6,6,3,0,4,0,7,9,2,6,2,3,5,1,1,7,1,4,5,1,1,3,5,5,2,2,3,1,8,1,9,2,2,1,0,6,1,7,2,0,4,3,4,2,0,2,4,6,5,4,2,3,0,0,11,2,1,5,2,3,2,3,3,3,3,6,5
"COG1824",7,13,1,0,0,22,1,0,0,0,12,0,3,2,0,0,0,1,0,5,3,0,2,1,4,0,1,3,2,2,4,1,1,5,5,5,14,2,1,2,10,1,2,0,8,5,10,1,7,0,1,1,16,0,11,4,9,1,13,1,12,17,0,1,17,24,0,0,8,0,12,1,0,0,0,4,0,14,11,0,3,6,0,1,11,9,0,1,0,19,1,13,2,0,0,1,0,1,12,0
"COG1825",120,125,93,137,156,125,119,146,163,205,111,158,123,145,144,144,65,143,187,129,124,171,106,172,135,138,155,134,162,144,89,149,170,115,119,104,137,153,146,130,124,122,88,180,130,152,121,78,149,190,255,230,212,298,166,227,287,237,168,235,200,180,136,250,212,234,197,228,259,284,162,241,209,224,139,179,209,157,220,214,272,210,260,243,294,157,239,218,288,177,298,181,221,209,259,262,118,186,169,254
"COG1826",27,28,70,17,26,19,50,51,28,31,11,6,25,36,41,47,67,30,27,16,36,33,46,18,39,38,26,16,45,27,43,20,25,35,32,19,20,30,32,25,17,50,50,27,32,27,22,76,21,13,8,25,16,22,51,25,20,40,22,32,37,27,78,43,15,12,26,29,16,27,15,30,41,39,64,20,37,20,22,30,12,28,38,22,11,13,26,16,24,18,11,13,15,22,27,35,82,34,55,27
"COG1828",32,28,53,52,36,36,62,60,78,36,39,55,37,56,50,69,2,59,68,42,54,29,31,40,42,63,53,37,65,56,30,37,90,31,40,54,23,65,63,35,35,61,36,56,30,47,37,57,44,47,37,50,47,52,59,36,58,52,19,50,33,39,62,41,35,37,46,48,39,24,30,39,59,47,64,48,58,28,68,54,50,39,50,43,54,33,51,21,57,44,43,35,36,57,44,55,95,61,58,60
"COG1829",88,15,6,8,1,89,10,5,0,0,16,40,45,20,0,7,5,38,10,86,48,1,24,12,46,21,8,100,13,27,34,16,13,39,36,79,8,19,7,57,65,8,26,8,69,29,12,9,48,25,32,16,63,4,48,23,12,11,24,13,66,71,22,5,104,11,11,17,60,0,82,37,3,21,5,12,3,70,39,16,44,51,0,32,32,82,3,8,6,82,21,80,31,14,1,1,16,25,39,16
"COG1830",194,100,48,52,59,242,18,40,59,35,150,75,128,50,21,32,15,33,34,224,80,20,62,39,118,31,44,201,32,65,116,67,26,90,54,195,126,50,40,102,219,37,77,29,190,61,106,25,89,49,33,43,131,35,82,53,37,29,158,35,222,226,55,49,214,108,34,32,86,2,260,78,32,46,36,45,34,227,82,35,87,73,22,33,92,230,44,22,7,210,32,248,61,33,47,48,29,47,58,52
"COG1831",8,9,11,5,17,8,6,7,0,0,5,45,24,16,0,9,4,17,10,8,32,0,25,15,12,30,12,49,16,20,8,16,18,18,28,7,5,28,7,45,16,5,5,5,15,21,12,11,32,28,26,12,28,2,45,25,9,8,7,18,14,11,39,13,9,2,5,22,26,0,18,27,12,8,9,15,5,10,30,25,15,48,1,32,5,6,9,2,7,13,25,12,34,17,3,2,13,9,26,19
"COG1832",92,94,40,120,93,119,77,106,92,87,80,112,125,98,77,87,5,96,89,125,90,104,53,125,96,104,98,122,86,105,66,121,94,70,88,81,94,113,94,94,89,86,70,78,94,115,81,26,124,121,120,103,95,98,96,108,95,141,75,107,104,111,68,89,153,104,98,105,137,116,119,112,91,99,72,88,96,94,104,112,131,96,82,107,114,102,105,83,126,104,132,136,93,96,97,103,61,95,84,116
"COG1833",4,39,1,2,0,10,5,2,0,2,55,0,2,0,0,0,0,0,2,3,3,0,3,4,4,0,0,2,0,0,1,0,2,2,1,1,42,1,0,7,13,3,3,1,2,0,53,0,0,1,1,0,4,1,1,1,0,4,62,2,3,3,0,1,2,40,2,2,0,0,5,0,4,0,3,1,5,3,3,2,0,0,1,1,1,6,3,0,0,7,0,2,1,2,0,3,2,0,2,0
"COG1834",190,246,137,347,320,216,192,242,233,356,257,378,235,293,221,260,21,320,253,206,199,261,134,335,223,329,280,230,235,305,82,303,341,140,235,190,253,321,280,220,228,224,113,280,235,319,225,124,277,357,220,182,169,156,158,192,188,182,122,225,141,135,112,173,174,163,204,178,217,158,111,218,163,226,98,245,163,91,272,211,187,183,208,200,209,112,205,211,196,144,244,114,182,201,207,147,91,140,145,218
"COG1835",75,65,136,132,250,90,130,139,140,146,47,116,87,146,188,131,338,91,108,78,114,306,176,134,163,118,151,68,131,111,230,106,139,107,104,136,73,123,119,62,64,119,176,144,76,105,66,141,119,97,135,125,115,152,108,128,148,138,83,143,45,67,138,139,107,58,109,99,142,355,95,112,121,120,124,87,151,90,113,125,134,44,117,85,101,92,121,151,174,101,143,84,99,117,107,115,106,117,95,111
"COG1836",37,58,115,39,18,30,87,84,25,8,127,56,19,61,24,79,6,101,59,29,92,1,35,36,63,60,32,51,59,66,24,50,83,37,44,37,107,63,89,75,61,105,13,41,40,59,58,118,42,59,35,74,68,27,88,53,48,75,63,78,48,36,115,60,26,93,72,80,42,0,38,74,55,34,120,71,77,25,52,54,37,116,40,72,48,28,42,4,39,52,43,42,61,91,8,47,150,98,118,64
"COG1837",10,14,4,6,0,16,4,2,2,0,22,2,12,1,1,1,2,7,1,14,5,0,21,3,15,3,5,22,5,2,11,8,3,5,13,6,19,3,5,12,7,2,10,0,13,3,22,8,10,9,6,2,12,0,8,6,20,2,16,1,7,11,2,7,24,16,2,2,12,0,14,5,0,1,1,1,0,10,7,2,11,8,3,7,11,11,0,1,1,10,5,14,3,9,0,3,2,5,6,4
"COG1838",107,108,42,54,33,113,32,42,77,34,118,23,57,45,57,31,147,27,27,95,48,10,80,45,82,19,28,46,47,17,129,19,10,90,86,68,137,24,18,88,92,55,148,13,97,26,112,74,31,3,8,47,65,22,37,26,23,44,140,47,84,115,40,31,17,123,42,40,39,71,82,40,48,24,59,73,35,91,31,36,14,58,30,42,19,81,59,51,12,92,15,97,53,24,52,65,12,34,34,19
"COG1840",216,285,346,502,479,175,387,442,308,288,179,385,335,396,417,442,119,439,436,281,369,430,245,496,325,431,467,297,354,436,172,452,428,241,306,155,239,404,460,312,250,454,240,455,239,423,288,242,385,456,480,464,273,451,358,382,435,430,220,414,325,267,351,381,386,281,412,414,472,423,227,354,454,478,351,419,415,250,357,470,405,416,386,418,487,230,397,348,444,245,440,275,315,408,394,345,385,369,350,487
"COG1841",68,32,23,17,42,63,12,17,25,18,45,46,50,35,22,20,39,19,30,70,47,42,49,27,31,36,31,73,28,43,40,33,21,47,39,59,33,32,28,49,58,21,44,31,63,34,25,27,43,39,22,19,44,20,28,19,26,16,39,14,46,35,18,16,35,15,13,17,35,36,54,27,21,19,16,20,18,46,28,16,35,41,15,16,40,38,18,30,19,36,30,57,28,21,22,14,14,22,23,22
"COG1842",53,36,42,16,3,38,30,2,27,5,40,30,41,29,66,8,275,6,2,40,39,4,75,26,52,19,6,33,9,9,127,14,50,49,57,62,23,21,7,29,27,14,106,7,32,10,32,156,7,0,6,38,24,2,36,10,28,9,43,10,39,38,25,6,5,26,11,11,34,1,36,12,9,5,16,37,29,70,39,31,4,32,11,14,7,53,24,24,9,40,6,51,34,48,16,24,13,46,54,9
"COG1843",42,36,33,50,34,24,30,37,59,35,20,25,20,16,32,31,76,22,26,38,27,33,55,31,23,17,30,39,23,24,62,13,16,47,34,25,24,17,21,21,32,38,60,33,22,20,13,42,28,7,7,20,28,25,11,17,21,25,18,27,36,26,32,24,15,20,34,21,15,35,41,17,29,29,49,27,26,43,17,28,6,25,26,20,12,44,21,31,9,32,11,38,36,11,45,32,22,13,14,15
"COG1845",303,405,398,324,402,300,348,363,311,522,330,405,315,359,322,385,165,371,404,295,370,488,247,347,301,403,384,330,366,424,239,408,389,283,282,231,393,355,428,325,362,355,245,446,312,359,426,318,385,439,412,425,311,358,368,378,343,336,319,353,299,322,440,352,287,486,324,382,440,534,306,386,388,381,340,295,357,262,371,331,397,400,371,366,407,275,319,315,350,308,393,306,364,445,472,358,499,340,381,433
"COG1846",180,133,136,133,150,117,125,108,148,105,196,110,131,113,182,113,165,97,134,158,116,202,179,152,144,124,101,104,95,114,194,98,99,157,180,296,189,99,106,92,114,87,290,108,154,100,166,100,113,102,146,105,119,106,95,113,114,111,190,115,128,130,86,114,112,198,113,110,102,103,173,113,133,112,83,125,106,173,81,117,118,84,98,114,114,191,107,140,160,193,133,140,132,120,116,141,54,97,82,107
"COG1847",17,27,5,16,0,23,10,26,7,26,32,19,33,38,0,23,7,27,20,30,18,1,36,12,42,44,30,43,34,25,20,39,25,21,48,18,32,32,37,48,19,23,23,10,29,28,24,11,37,28,42,28,44,11,18,32,44,47,29,38,16,26,8,33,46,30,21,36,62,0,23,34,11,38,8,40,19,21,69,37,68,45,46,45,72,25,42,16,38,25,57,27,12,32,25,26,1,8,18,35
"COG1848",1,2,4,0,0,0,0,1,2,1,0,2,2,1,0,0,1,0,0,2,0,0,1,0,0,0,0,2,0,0,0,0,0,0,0,6,1,0,0,0,0,0,3,0,1,0,1,1,0,0,0,0,0,1,0,1,0,0,3,0,1,1,0,0,0,0,0,1,0,0,1,0,0,0,0,0,0,1,0,1,0,2,0,0,0,4,1,0,1,2,0,4,2,3,0,1,1,0,0,0
"COG1849",1,0,3,1,1,0,4,2,0,0,8,15,5,2,0,5,5,6,1,2,2,0,5,4,2,7,3,14,3,9,3,7,7,10,6,2,7,6,0,11,7,0,0,0,7,11,1,7,4,4,6,4,7,0,15,5,4,3,4,6,3,1,10,2,2,3,6,1,10,0,6,11,1,1,0,5,1,2,9,3,5,11,1,5,4,1,2,0,2,2,11,7,9,6,1,0,2,5,9,0
"COG1850",56,84,244,46,106,75,235,207,65,18,29,85,5,122,34,233,6,205,107,65,172,80,4,46,105,129,85,4,118,137,40,79,120,55,115,56,53,118,234,48,75,293,31,114,78,60,40,201,37,51,18,138,16,72,162,118,16,166,33,144,35,66,285,95,8,61,200,158,32,98,38,82,85,114,326,203,198,52,104,162,23,227,91,78,32,47,118,52,85,69,13,52,144,147,54,82,377,308,208,118
"COG1852",2,11,6,0,0,3,0,0,1,0,10,2,14,3,0,0,1,4,1,8,2,0,19,1,3,2,0,0,0,2,0,0,1,21,6,1,6,3,0,12,2,0,2,0,6,0,7,8,2,0,1,2,13,0,3,0,0,0,13,4,3,5,9,0,0,5,2,3,0,0,1,2,0,0,1,4,0,2,1,1,0,3,1,1,0,5,1,1,0,1,0,5,4,6,1,6,2,1,1,0
"COG1853",161,167,520,232,281,167,521,479,229,118,171,269,124,315,218,418,195,487,256,177,497,346,206,236,309,362,219,161,441,290,202,274,332,256,289,212,180,323,451,243,200,603,186,247,186,268,174,451,209,195,136,378,180,239,604,315,162,374,164,394,136,189,524,401,92,180,380,350,142,266,169,200,363,255,698,441,439,192,215,341,151,375,256,209,154,158,317,271,202,202,128,156,327,386,204,361,590,494,688,314
"COG1854",1,0,3,0,0,1,0,0,0,0,0,0,6,0,5,0,58,0,0,1,0,0,16,0,2,0,0,0,0,0,11,0,0,7,2,1,1,0,0,0,1,0,1,1,0,0,0,10,0,0,0,0,0,0,0,1,1,0,6,0,1,1,6,0,0,0,2,0,0,0,0,0,0,0,0,0,0,2,0,0,0,0,0,0,0,0,0,0,0,2,0,1,3,0,0,1,0,2,0,0
"COG1855",3,20,7,9,32,3,2,5,1,0,37,41,88,27,0,4,4,25,3,13,53,0,13,13,2,13,13,71,11,31,1,40,8,37,23,5,32,31,16,57,1,11,7,7,8,55,12,11,67,29,19,15,78,3,47,32,3,11,11,15,12,18,50,10,161,21,8,24,73,0,6,67,6,14,9,18,7,7,37,25,58,62,0,28,59,4,17,6,1,14,28,9,41,9,3,2,12,31,36,21
"COG1856",8,25,0,7,0,10,2,0,0,0,54,0,6,0,0,2,0,1,0,0,1,0,4,1,3,2,0,14,0,1,1,0,5,2,7,0,44,0,2,6,11,4,0,0,3,1,33,1,4,0,0,0,1,0,3,1,0,2,32,0,10,3,0,1,4,47,0,4,0,0,9,1,0,1,3,4,1,1,6,0,1,6,4,4,2,1,3,0,0,7,0,5,0,7,0,3,0,3,2,0
"COG1857",0,0,0,0,0,0,0,0,0,0,0,0,0,0,0,0,0,0,0,0,0,0,0,0,0,0,0,0,0,0,0,0,0,0,0,0,0,0,0,0,0,0,0,0,0,0,0,0,0,0,0,0,0,0,0,0,0,0,0,0,0,0,0,0,0,0,0,0,0,0,0,0,0,0,0,0,0,0,0,0,0,0,0,0,0,0,0,0,0,0,0,0,0,0,0,0,0,0,0,0
"COG1858",136,244,87,84,266,98,67,25,42,47,231,68,126,77,94,38,165,76,25,63,106,303,160,141,95,50,65,127,46,81,153,59,74,165,118,96,156,65,38,95,138,61,143,57,139,59,286,132,111,34,77,81,120,18,69,75,74,67,232,101,116,103,89,41,66,171,54,80,85,307,100,83,50,78,82,87,57,86,62,96,60,95,38,109,61,157,71,208,49,117,76,103,96,97,66,104,53,67,56,71
"COG1859",11,8,5,5,18,12,8,5,1,1,10,32,9,15,0,7,3,17,11,5,23,0,21,13,8,15,9,31,14,33,5,22,10,23,18,14,8,8,9,30,13,11,3,3,16,22,4,16,21,18,14,15,31,0,26,19,8,4,4,16,4,10,24,3,10,8,9,15,15,0,10,22,5,9,11,4,4,7,36,12,15,28,3,20,8,7,6,1,9,13,14,11,25,9,7,4,18,12,26,9
"COG1861",127,80,63,67,113,132,76,101,90,69,144,58,144,78,85,65,12,100,83,105,77,91,81,97,77,85,53,93,69,76,101,74,97,102,54,139,138,62,72,73,128,61,66,105,106,67,131,83,81,104,112,86,129,97,68,98,115,83,109,73,117,97,65,75,207,152,81,89,62,126,138,107,76,48,64,45,78,107,73,86,134,43,80,115,108,109,42,23,104,128,107,126,64,77,58,60,55,85,43,47
"COG1862",53,48,35,42,75,48,27,33,61,50,38,46,23,43,56,40,39,44,67,54,33,86,31,38,41,27,50,30,55,42,59,45,26,47,46,44,61,34,40,31,63,35,36,43,51,66,62,38,52,64,54,47,39,58,44,30,48,33,62,37,55,44,38,37,31,60,40,36,44,88,48,45,58,45,43,25,38,63,45,42,46,24,49,28,38,39,41,89,34,51,38,52,54,31,62,42,34,24,43,42
"COG1863",32,31,22,26,24,25,15,24,37,17,37,8,17,9,17,12,8,9,16,22,19,24,25,11,24,10,14,18,20,13,28,12,9,31,21,30,39,11,12,16,25,14,42,14,20,2,25,16,19,11,4,12,17,26,7,7,12,18,42,10,29,26,21,15,10,36,22,11,9,11,29,11,19,9,15,16,16,41,6,10,13,3,19,7,9,29,13,22,10,32,10,15,10,10,20,21,8,17,8,22
"COG1864",24,7,27,10,29,27,20,6,13,16,19,18,8,20,27,5,45,14,15,10,15,14,47,17,19,15,27,15,13,21,23,27,15,22,32,19,22,25,13,25,18,14,22,22,17,24,16,20,19,10,18,15,10,14,15,14,14,7,25,12,15,12,12,17,7,15,28,19,3,5,11,14,13,27,11,36,19,5,14,21,11,15,21,8,16,17,22,47,15,9,9,10,25,16,13,41,16,22,17,24
"COG1865",1,0,1,0,3,1,0,0,0,0,1,0,1,0,0,0,1,0,0,0,0,21,3,0,0,0,0,0,0,1,0,0,0,2,2,0,0,0,0,0,0,0,0,0,0,0,0,0,0,0,0,1,0,0,0,0,0,0,1,0,0,0,1,0,0,0,0,0,0,26,0,0,0,0,0,0,0,0,2,0,0,0,0,0,1,0,1,1,0,0,0,0,0,0,0,0,0,0,0,0
"COG1866",337,298,225,263,464,390,169,227,176,242,308,302,289,188,232,195,250,192,222,285,240,408,285,215,248,257,278,341,225,306,280,255,194,348,221,324,233,184,199,276,381,192,285,252,329,279,263,253,272,329,258,233,301,257,275,245,306,201,282,168,295,308,245,211,325,260,196,210,363,353,367,252,247,272,227,214,163,322,296,205,250,251,195,259,230,406,237,419,198,338,247,376,368,216,249,196,200,206,237,243
"COG1867",97,52,68,24,28,137,14,11,20,1,32,71,86,48,24,19,12,35,13,106,61,2,40,50,62,35,29,106,24,35,42,59,29,64,44,101,24,40,23,105,95,35,37,12,85,67,21,21,71,35,38,72,90,6,83,60,17,19,60,20,101,110,54,16,136,17,11,30,83,0,127,73,16,22,20,60,15,85,71,64,56,118,5,60,58,104,30,8,8,99,41,122,59,18,14,38,44,49,86,25
"COG1868",80,60,88,72,24,68,59,44,78,41,34,42,48,26,50,50,130,28,41,76,50,48,97,54,79,26,39,54,39,39,120,22,48,83,47,44,42,21,47,62,91,58,90,45,117,27,40,67,44,25,18,31,36,46,28,39,26,46,62,42,88,87,68,28,15,63,50,49,17,65,80,29,57,39,82,60,52,97,30,50,13,48,51,30,15,85,57,51,4,95,19,89,47,23,61,44,31,24,26,33
"COG1869",0,0,0,1,0,0,0,0,1,0,0,0,0,0,3,0,0,0,0,0,0,0,3,0,0,0,2,0,0,0,0,0,1,1,3,3,1,0,0,1,0,0,1,1,0,1,2,0,1,0,0,0,1,0,0,0,0,0,0,0,0,0,0,0,0,0,1,0,0,0,0,1,0,2,0,0,0,2,0,0,0,0,1,0,0,0,2,1,0,1,0,0,1,2,0,1,1,0,0,0
"COG1871",9,1,8,0,1,9,5,0,1,0,9,4,7,5,15,1,99,0,1,6,1,8,13,0,15,0,0,2,0,4,16,1,2,17,4,1,6,0,1,1,5,0,21,1,13,0,7,27,0,0,0,0,2,1,1,4,2,0,6,1,1,3,8,0,2,4,1,0,13,6,6,0,1,0,3,0,0,3,4,2,0,2,0,0,3,5,0,0,1,1,0,3,2,1,5,0,3,4,5,1
"COG1872",19,20,1,1,6,11,4,0,1,0,18,4,2,0,0,0,3,1,0,19,1,0,10,0,4,2,1,4,1,1,22,0,3,1,6,11,17,1,1,0,18,2,30,0,18,0,18,2,1,2,0,4,2,1,2,3,0,3,17,1,20,17,2,0,3,14,2,1,3,0,14,1,2,1,2,0,0,26,2,0,0,3,0,2,2,15,0,0,2,17,4,27,9,2,0,1,4,0,3,2
"COG1873",0,0,0,0,0,0,0,0,0,0,1,2,1,0,0,1,0,3,0,0,4,0,2,1,0,1,0,1,0,1,0,0,0,2,1,0,1,1,3,4,3,0,0,0,1,0,1,1,2,4,0,2,1,0,0,3,1,1,1,1,1,1,0,2,1,0,0,1,0,0,0,2,0,2,1,2,0,1,2,0,4,0,0,4,1,0,1,0,1,0,1,1,1,4,0,0,2,0,2,0
"COG1874",32,21,39,64,97,11,13,15,49,35,1,16,23,21,31,18,57,10,18,4,14,80,25,34,11,18,39,15,15,30,20,25,16,24,57,209,6,20,22,13,9,19,37,34,8,41,25,18,21,15,12,18,7,17,9,20,4,26,16,20,17,8,35,24,5,4,19,11,2,97,47,14,29,30,22,38,14,27,13,32,5,15,16,13,6,42,19,126,16,34,5,47,33,17,38,32,20,18,12,27
"COG1875",102,98,241,136,17,68,65,27,73,79,76,101,62,82,83,36,178,46,24,81,52,19,91,123,116,116,71,47,52,142,128,50,58,93,159,65,101,65,76,32,88,87,116,119,87,50,71,105,41,74,35,121,47,26,49,53,68,92,110,118,89,71,251,51,33,93,136,122,50,8,115,49,65,88,79,148,76,120,93,150,44,65,58,36,50,79,143,75,62,71,80,91,116,79,47,95,287,84,69,67
"COG1876",34,11,122,17,45,10,89,80,32,21,12,27,21,57,53,70,64,70,35,25,58,46,35,22,78,54,45,13,61,64,33,55,33,34,55,36,2,50,80,19,8,113,34,56,17,32,14,77,24,32,19,40,10,20,34,31,11,40,1,44,6,3,61,38,12,3,36,35,5,22,7,20,46,41,84,45,51,3,23,26,11,35,33,10,18,14,35,37,14,8,6,9,31,31,20,29,108,39,52,42
"COG1877",32,3,13,13,8,10,31,31,30,92,12,5,11,41,22,57,5,17,63,18,19,7,8,6,19,16,13,22,64,18,22,61,9,7,41,106,10,38,19,18,9,23,40,18,14,47,19,8,42,7,24,13,4,44,19,17,2,22,15,26,27,7,6,57,2,9,33,19,10,5,29,25,51,12,46,31,36,19,14,17,16,57,93,24,10,60,27,20,22,30,1,28,49,29,72,26,4,40,40,12
"COG1878",92,57,27,34,17,91,37,34,37,18,79,26,101,29,29,26,9,9,21,111,61,40,84,39,60,26,24,91,27,27,56,23,20,88,41,88,60,19,33,86,66,40,73,31,79,32,66,38,40,26,22,25,83,35,39,20,19,22,79,31,85,81,18,20,79,66,23,19,47,13,105,48,43,27,45,28,36,118,22,27,44,37,28,15,39,98,8,14,6,103,22,129,38,28,34,28,21,31,36,17
"COG1879",187,180,136,324,290,212,229,247,320,224,101,222,193,224,265,286,45,213,326,202,186,274,174,312,179,289,270,190,175,212,115,281,230,198,238,283,114,220,238,266,204,298,276,246,213,288,166,116,256,228,263,270,200,361,193,261,275,327,142,239,202,239,105,211,173,110,205,252,251,342,233,239,291,267,158,299,243,206,202,250,259,265,274,262,302,209,219,194,219,208,202,219,161,257,382,258,104,195,136,227
"COG1881",38,31,13,2,4,35,25,6,5,32,63,6,47,7,7,13,9,4,5,44,20,10,37,2,28,7,3,49,13,6,29,8,1,35,14,44,66,9,4,26,31,10,37,2,34,16,52,11,22,0,3,3,41,9,12,10,5,5,63,5,36,32,9,10,53,50,4,3,22,12,32,18,4,1,23,7,13,39,5,2,29,12,17,14,33,25,4,3,6,28,2,28,3,3,16,4,1,13,9,0
"COG1882",4,49,6,0,3,2,0,0,0,0,67,4,2,7,4,1,14,6,1,1,1,1,49,3,1,1,0,1,0,3,1,2,0,0,3,4,69,3,1,3,2,1,1,0,1,1,85,0,2,1,0,5,0,2,2,1,0,0,91,0,2,0,5,0,5,37,0,0,0,0,0,5,0,0,2,4,0,0,2,0,0,10,0,3,0,7,0,0,0,1,2,4,11,0,0,1,0,9,3,0
"COG1883",90,118,35,24,67,114,24,8,34,22,92,24,60,25,49,19,134,22,12,74,26,118,94,20,45,29,16,72,46,23,83,24,26,63,52,27,104,9,15,55,88,32,66,19,94,25,99,65,51,11,26,28,63,11,28,19,47,14,97,20,60,94,21,23,44,97,21,27,52,117,66,33,21,18,24,28,20,76,22,18,46,38,31,24,64,52,57,87,23,70,29,85,37,41,23,30,9,13,22,26
"COG1884",633,683,396,318,558,554,285,224,270,190,865,493,592,307,279,278,67,363,231,564,498,600,508,312,365,331,395,680,315,418,385,413,338,499,415,503,812,332,328,631,599,327,390,369,579,463,668,336,476,483,399,384,634,211,490,523,454,295,696,283,590,599,545,317,569,713,290,350,500,612,623,465,282,330,403,321,281,593,561,289,431,439,252,423,409,707,272,586,252,637,400,645,588,379,305,305,378,315,409,352
"COG1885",0,0,0,0,0,0,0,0,0,0,0,0,0,0,0,0,0,0,0,0,0,0,0,0,0,0,0,0,0,0,0,0,0,0,0,0,0,0,0,1,0,0,0,0,0,0,0,0,0,0,0,0,0,0,0,0,1,0,0,0,1,0,0,0,1,0,0,0,0,0,1,0,0,0,0,0,0,0,0,0,1,0,0,0,1,0,0,0,0,0,0,0,0,0,0,0,0,0,0,0
"COG1886",53,51,23,36,14,56,26,19,55,24,24,13,28,12,16,21,54,11,19,50,24,18,53,19,36,7,17,56,15,21,63,12,19,30,29,35,32,11,17,33,71,36,61,18,67,14,41,31,20,12,5,9,28,14,10,20,13,29,35,25,74,67,23,14,13,51,24,17,9,26,65,22,23,20,36,29,19,89,28,16,9,32,25,14,11,73,22,14,6,49,14,71,22,24,20,29,15,14,14,18
"COG1887",43,65,16,6,19,43,16,4,7,4,88,18,27,11,31,3,157,14,6,14,13,26,38,13,23,17,8,23,8,19,60,15,37,25,68,39,61,18,6,20,32,10,66,11,41,12,64,50,12,20,18,14,22,4,16,11,28,13,87,10,27,29,16,6,22,63,12,9,10,23,27,12,9,13,13,8,13,34,23,10,16,4,5,8,17,23,9,38,27,28,21,37,14,33,12,3,21,17,12,12
"COG1889",66,26,6,1,15,100,10,4,0,0,32,31,48,17,1,6,7,15,3,67,28,3,26,6,50,12,10,68,9,16,48,25,18,28,24,83,26,27,13,52,70,14,22,3,57,26,8,11,30,23,16,5,56,2,36,19,6,10,37,6,81,65,27,10,98,19,1,13,41,2,76,27,6,9,5,15,5,83,26,13,29,38,0,17,40,72,6,0,4,71,17,97,20,10,0,4,16,22,24,3
"COG1890",87,24,8,8,16,79,10,6,0,1,28,48,59,23,0,10,6,23,10,81,39,1,19,14,32,19,16,72,10,31,29,29,16,52,25,80,18,22,11,61,66,14,27,4,67,40,13,18,43,31,28,19,71,3,34,27,14,8,26,10,76,72,26,11,65,11,14,12,46,1,88,42,2,10,7,15,4,79,39,23,29,47,2,21,42,62,10,4,2,72,19,87,39,12,0,3,21,32,42,10
"COG1891",8,4,4,6,2,12,5,7,8,0,5,3,31,4,1,3,6,4,9,21,19,0,23,4,16,5,5,23,4,2,15,5,12,19,21,8,6,7,6,50,9,1,23,1,25,3,8,8,7,3,7,4,27,3,4,6,17,6,11,9,17,26,2,5,32,9,3,3,11,9,27,7,5,5,3,9,2,26,4,6,19,5,4,6,16,24,3,1,14,14,12,31,7,5,1,7,3,4,2,2
"COG1892",0,1,0,0,0,0,0,0,0,0,13,0,1,0,0,0,0,0,0,0,0,0,0,0,0,0,0,0,0,0,0,0,0,1,0,0,5,0,0,0,0,0,0,0,0,0,2,0,0,0,0,0,1,0,0,0,0,0,1,0,0,0,0,0,0,3,0,0,0,0,0,0,0,0,0,0,0,0,0,0,0,0,0,0,0,0,0,0,0,0,0,0,0,0,0,0,0,0,0,0
"COG1893",198,158,116,221,124,118,182,169,225,215,247,134,258,152,150,185,293,158,184,239,198,119,361,212,172,154,107,222,126,131,218,152,99,242,214,115,199,154,141,356,190,185,228,144,220,159,178,163,184,102,146,167,214,211,134,140,133,188,215,178,199,206,165,136,126,167,148,155,127,86,210,167,187,151,154,193,176,252,106,177,153,212,168,171,164,212,141,99,116,171,106,220,164,137,224,202,99,129,133,117
"COG1894",491,661,132,614,559,587,279,376,505,471,625,376,488,491,460,387,37,465,380,549,354,607,337,642,366,424,487,475,359,315,291,433,453,267,329,397,700,461,391,464,577,410,299,369,571,470,677,141,531,295,509,345,553,374,358,477,404,481,629,486,576,587,153,354,545,721,394,422,625,858,533,514,411,470,278,482,420,444,588,550,527,479,431,541,658,434,445,329,500,485,433,539,278,356,530,429,138,374,264,533
"COG1896",60,31,35,29,45,86,21,24,35,9,43,33,43,49,27,12,180,7,9,52,22,49,51,26,55,9,17,49,13,30,90,11,13,47,40,61,36,20,19,27,38,16,68,28,49,29,40,53,24,12,8,11,35,17,16,16,15,16,40,11,52,39,34,13,52,35,20,22,23,18,60,13,17,27,28,17,16,72,16,21,20,21,6,2,19,54,15,38,1,58,8,65,44,12,24,17,13,23,23,20
"COG1897",41,54,98,50,45,50,93,97,56,22,16,30,24,44,25,83,45,87,38,44,75,36,38,38,49,51,36,24,40,55,48,39,37,49,44,26,27,41,70,54,56,119,44,49,44,44,31,102,24,25,17,79,49,54,100,59,30,86,35,76,51,63,159,75,16,45,128,97,29,61,64,45,66,68,171,91,107,51,48,73,22,84,65,42,44,42,66,75,46,44,9,66,57,92,48,75,231,116,117,98
"COG1898",113,156,111,109,160,154,136,118,112,153,181,123,151,157,160,113,125,132,158,142,127,156,105,139,110,144,103,141,127,118,111,124,157,90,106,168,201,119,138,92,143,95,146,115,145,129,187,120,135,142,138,107,122,161,88,119,141,105,155,124,139,135,92,119,147,225,147,128,99,187,132,146,145,102,91,99,107,142,124,116,141,74,147,131,144,135,118,103,161,122,145,128,121,150,89,119,105,116,89,126
"COG1899",279,169,54,169,147,313,128,176,190,185,148,225,303,201,158,167,18,206,189,327,155,99,130,191,183,215,153,329,158,158,132,196,222,125,148,303,132,232,154,192,279,131,113,136,223,223,156,62,262,218,238,160,310,152,189,261,173,194,170,182,288,291,99,180,375,175,175,204,284,165,311,257,159,181,76,139,154,249,255,179,282,253,157,255,310,303,137,54,257,249,225,315,169,229,177,131,89,195,166,211
"COG1900",0,0,1,0,0,0,0,0,8,0,2,0,0,0,0,0,0,2,0,1,0,0,0,0,0,0,0,0,0,0,0,0,0,0,0,1,0,0,0,0,0,1,0,0,0,0,1,0,0,0,0,0,0,0,0,2,0,0,1,0,0,0,0,0,0,0,0,0,0,0,0,1,0,0,2,0,0,0,0,0,0,1,0,0,0,0,0,0,0,0,0,0,2,0,0,8,0,0,0,0
"COG1901",6,8,6,6,7,7,1,4,0,0,8,22,10,12,1,7,4,11,3,5,13,1,19,6,6,11,6,9,8,13,2,20,8,15,19,5,7,17,8,22,12,3,2,2,3,21,8,9,21,17,16,11,17,3,13,20,7,11,5,11,14,8,20,10,6,7,7,14,13,1,6,8,3,5,3,5,1,6,17,8,7,29,1,11,10,5,5,6,0,8,19,5,23,11,2,1,10,3,15,2
"COG1902",688,770,255,507,609,709,317,277,320,225,623,378,371,260,443,273,802,241,299,630,376,678,543,400,443,290,337,427,269,251,806,326,251,588,383,442,704,267,238,434,769,302,762,257,756,338,713,398,415,223,280,264,420,287,312,268,277,262,785,247,639,778,273,283,182,683,289,264,326,613,628,291,336,301,326,352,245,727,319,259,231,378,270,325,223,624,347,532,237,625,238,626,298,264,375,303,138,292,311,280
"COG1903",108,71,156,34,33,140,114,94,46,10,50,35,74,57,30,93,7,92,35,118,111,49,35,38,80,93,37,92,96,64,54,55,70,75,53,117,46,61,88,54,119,118,59,45,93,51,45,151,54,27,11,66,87,29,127,58,19,65,51,91,104,111,150,83,150,51,61,78,25,20,127,53,69,57,126,94,90,116,50,73,47,88,71,31,48,131,47,25,35,129,8,126,38,87,12,67,202,127,124,52
"COG1904",21,13,15,9,23,13,14,6,16,14,9,21,18,14,9,14,119,8,10,3,10,37,29,12,27,6,16,11,16,14,37,8,12,26,18,36,6,5,12,10,11,13,32,23,11,11,5,32,15,10,4,13,15,22,14,9,19,11,15,20,22,22,20,21,0,11,27,17,7,27,21,12,29,30,17,20,13,24,9,13,3,6,21,9,3,63,32,51,8,32,14,26,20,21,43,18,14,12,9,24
"COG1905",122,178,52,119,124,159,103,152,157,127,176,136,157,146,121,132,14,140,130,180,115,114,105,127,110,154,118,149,125,111,106,114,143,98,114,143,199,158,129,166,185,105,132,108,170,124,175,46,157,111,179,125,139,128,96,141,150,153,187,150,190,196,46,147,146,184,116,150,169,150,168,165,106,108,77,130,103,175,168,123,174,139,155,167,207,168,129,90,139,143,173,167,125,157,157,145,41,103,92,140
"COG1906",0,0,1,6,0,0,4,4,0,0,0,32,0,3,0,3,4,6,0,0,1,0,0,2,2,9,6,0,1,7,0,3,2,6,4,5,1,2,5,0,0,0,0,0,0,0,0,19,1,1,0,1,0,0,2,0,14,2,0,7,0,0,1,1,0,0,2,11,1,0,0,0,7,6,1,7,1,0,7,5,0,0,0,0,1,0,1,0,0,1,0,1,5,5,1,0,4,2,2,2
"COG1907",5,7,6,12,2,4,7,14,12,6,13,8,12,11,9,6,1,4,9,8,11,0,5,11,3,6,3,7,7,5,2,3,9,12,8,4,4,7,9,13,9,8,0,1,5,10,9,3,8,8,12,6,11,12,8,6,7,11,9,10,7,8,7,7,14,13,8,2,16,13,6,7,9,6,10,4,11,3,4,17,8,3,3,10,16,3,5,5,7,2,7,5,9,11,10,8,3,4,3,4
"COG1908",15,57,1,0,0,15,0,0,0,0,86,0,8,0,0,0,0,0,0,14,4,0,4,0,11,0,0,17,0,2,10,1,1,0,1,5,102,2,0,7,39,0,6,0,18,0,82,0,6,1,0,1,8,0,0,2,0,0,65,0,26,13,0,0,2,95,0,1,0,0,33,0,0,0,0,0,1,10,6,0,1,0,0,1,1,13,0,0,0,20,0,13,2,0,0,0,4,1,0,0
"COG1909",21,13,7,5,12,24,3,7,0,0,7,23,33,12,0,3,4,13,5,17,20,0,15,14,10,14,5,34,5,22,16,29,15,21,9,15,4,21,8,36,12,7,3,2,21,34,2,2,40,15,14,8,43,2,24,15,3,9,3,15,27,20,37,7,66,0,6,13,33,0,21,24,2,6,5,8,5,14,29,13,20,20,0,19,14,21,3,2,3,29,19,27,19,10,4,2,10,19,23,10
"COG1910",42,31,2,16,6,37,10,7,9,5,46,5,49,9,2,4,7,5,2,56,15,4,47,9,25,1,0,46,5,2,31,4,8,30,22,17,64,6,6,34,59,9,38,2,54,8,38,7,11,2,1,5,40,9,8,16,3,9,34,6,51,56,7,4,25,52,10,10,7,0,56,5,10,3,19,16,12,73,7,4,8,10,15,7,14,58,22,5,2,48,1,65,11,14,6,11,2,9,11,9
"COG1911",6,2,3,3,7,2,4,2,0,0,3,9,1,8,0,4,1,7,0,3,7,0,3,3,0,4,3,6,3,3,2,4,2,5,9,3,1,5,2,14,5,2,2,2,10,8,2,6,7,4,7,4,9,1,13,3,1,1,2,2,6,6,9,4,4,1,2,5,6,0,4,9,2,4,3,2,4,0,12,5,3,12,0,9,5,2,1,0,5,8,3,5,6,2,2,1,2,6,10,1
"COG1912",52,31,47,33,75,26,21,34,22,71,42,68,41,54,59,32,8,49,37,27,32,61,48,33,30,46,57,33,37,63,17,54,43,41,30,37,52,55,55,54,32,20,21,80,34,57,47,28,67,50,61,60,54,41,42,68,50,47,40,43,27,27,40,42,28,37,26,44,44,71,24,50,39,79,29,46,31,27,85,29,41,34,57,51,48,38,65,123,42,35,70,27,73,49,39,66,37,23,54,65
"COG1913",0,0,0,0,0,0,2,0,0,0,6,0,0,0,0,0,0,0,0,0,1,2,0,0,0,0,0,0,0,4,0,1,0,2,1,0,4,0,1,1,0,0,0,0,0,0,1,3,1,0,0,0,0,0,1,1,2,0,7,0,0,0,2,0,1,7,0,0,0,0,0,1,0,0,0,0,1,1,0,0,0,0,0,0,1,0,0,0,0,0,0,0,0,0,0,0,1,2,0,0
"COG1914",125,46,296,70,113,73,113,102,65,102,53,149,130,109,163,64,257,125,44,29,120,133,123,96,100,121,146,86,77,164,136,145,122,143,111,162,36,93,164,52,70,110,101,195,63,132,27,233,81,118,61,95,59,53,86,67,44,56,39,71,36,36,208,48,94,20,53,67,75,106,43,63,59,85,96,90,55,26,78,89,59,63,58,43,57,80,81,136,30,60,41,33,112,85,77,81,258,117,124,107
"COG1915",99,31,5,0,0,139,0,0,0,0,46,0,49,3,0,0,1,0,0,109,14,0,8,0,51,0,0,71,0,1,41,6,0,22,1,111,14,4,0,9,82,0,43,0,60,15,18,0,18,0,0,2,50,0,12,2,2,0,58,0,101,83,0,1,82,16,0,0,35,0,119,12,0,0,0,2,0,123,2,0,35,4,0,4,32,102,0,4,0,102,1,131,1,0,1,0,1,14,7,0
"COG1916",41,39,17,16,22,45,11,2,7,2,51,76,31,27,0,13,8,36,9,30,42,2,44,21,19,24,9,80,9,31,34,37,21,55,46,22,39,32,19,60,62,23,32,7,60,53,33,24,45,35,21,21,45,7,42,47,24,19,25,25,45,48,43,20,24,44,21,29,46,0,42,35,9,14,20,35,6,47,57,38,33,71,2,33,16,37,15,2,5,53,30,53,50,32,6,10,20,28,45,14
"COG1917",107,35,42,6,24,56,18,4,28,36,60,33,62,31,44,19,43,22,25,77,31,41,75,6,47,22,19,72,44,41,63,32,48,54,69,71,54,23,15,57,51,21,48,20,54,45,44,66,39,18,14,20,68,36,32,30,39,10,71,13,79,51,21,34,55,46,16,13,40,10,81,27,17,18,24,9,28,89,32,9,37,22,40,14,58,99,17,40,24,83,11,72,38,46,42,34,23,48,39,14
"COG1918",5,9,3,2,0,3,0,2,0,1,5,1,2,0,5,0,1,0,0,5,0,0,2,4,2,1,2,4,0,1,0,0,0,3,1,3,8,2,1,3,8,0,5,0,5,2,7,1,2,0,1,1,3,0,2,2,0,1,9,1,8,4,5,1,1,9,0,0,0,0,4,0,0,0,2,3,1,6,3,5,0,2,1,1,1,3,0,2,0,5,1,7,5,1,2,3,0,6,2,1
"COG1920",67,28,9,7,4,64,5,17,10,9,18,18,48,13,1,11,3,13,11,52,14,1,24,9,38,15,9,72,15,16,31,11,11,24,17,45,12,14,22,40,62,15,28,14,51,14,21,7,22,16,21,23,68,5,20,31,33,23,42,26,100,84,10,15,86,21,17,14,51,5,114,36,18,9,6,22,25,84,24,15,55,25,14,22,44,101,30,16,10,74,31,89,26,30,10,14,8,28,20,25
"COG1921",144,174,58,69,29,112,62,55,57,57,238,90,240,76,29,54,33,90,34,208,165,6,219,84,85,93,86,258,107,89,132,89,117,181,180,113,198,82,70,302,202,101,119,69,223,88,166,104,118,132,126,98,273,24,89,137,194,92,164,102,234,244,48,111,203,184,72,108,116,14,210,96,59,64,60,112,63,194,130,76,205,118,79,130,226,184,105,62,70,172,120,211,82,136,64,83,53,62,94,86
"COG1922",11,12,45,30,4,8,22,30,33,44,10,23,17,35,31,32,54,28,29,8,12,11,26,52,16,31,39,13,25,31,24,28,27,19,25,27,15,24,40,20,6,26,31,25,4,29,15,24,31,34,36,46,19,34,26,52,35,42,19,44,15,4,26,42,18,16,23,41,30,18,14,22,17,43,22,39,36,14,45,51,39,41,36,40,32,16,60,43,33,17,52,8,31,45,27,62,11,28,35,40
"COG1923",10,9,12,13,15,10,13,4,20,5,4,12,9,14,15,2,38,7,7,11,11,27,29,7,16,8,10,6,12,7,25,4,7,16,14,17,11,13,6,10,6,9,25,7,9,6,9,19,17,6,9,9,17,9,6,8,9,5,9,10,20,15,9,12,10,5,9,3,6,14,10,11,13,9,15,12,7,12,7,13,6,6,13,10,3,6,7,12,4,11,7,14,9,5,16,13,9,10,9,4
"COG1924",11,232,0,0,0,24,2,0,1,0,377,0,3,0,0,0,0,0,0,6,3,0,1,5,5,1,0,4,0,0,4,0,0,0,0,3,432,2,0,0,48,0,3,0,8,0,382,1,0,0,1,0,2,0,0,0,0,0,367,0,11,7,0,0,3,333,1,0,0,0,8,1,0,0,0,0,0,8,1,1,1,0,1,0,0,6,0,0,1,15,0,5,0,0,0,0,0,0,0,0
"COG1925",31,21,19,16,17,18,15,10,17,23,9,17,15,25,16,12,37,8,12,19,15,32,25,9,17,14,10,12,12,17,27,14,7,29,31,19,23,17,15,13,18,13,47,16,19,12,12,15,18,8,12,25,18,16,6,8,15,11,37,14,19,9,13,10,6,27,26,12,11,19,13,12,14,18,14,16,13,17,11,18,8,18,13,13,18,21,25,24,9,23,32,18,11,15,17,23,10,9,11,19
"COG1926",1,1,4,0,0,0,0,0,0,0,7,0,2,0,1,0,0,0,0,1,0,0,1,0,1,0,0,1,0,2,2,0,0,0,0,5,5,0,1,0,2,0,10,0,2,0,4,0,0,0,2,2,0,0,0,1,1,1,5,0,1,0,1,0,0,6,0,0,0,0,0,0,0,0,1,0,0,4,1,0,0,0,0,0,0,6,0,0,0,4,0,4,1,0,0,0,0,0,0,0
"COG1927",1,0,0,0,0,0,0,0,0,0,0,0,2,0,0,0,0,0,0,4,0,0,2,0,0,0,0,3,0,0,0,0,0,0,0,1,1,0,0,0,0,0,1,0,2,0,0,0,0,0,0,0,1,0,0,0,0,0,1,0,5,0,0,0,0,1,0,0,0,0,1,0,0,0,0,0,0,3,0,0,0,0,0,0,0,4,0,0,0,1,0,5,0,0,0,0,0,0,0,0
"COG1928",8,5,0,1,5,5,6,3,2,5,12,7,7,10,2,6,0,9,3,4,7,2,3,5,9,4,2,15,6,5,8,14,4,3,22,44,12,9,4,9,10,4,37,4,7,8,18,5,9,0,3,1,5,8,12,3,17,4,14,4,12,4,0,5,1,8,6,5,5,3,11,11,4,1,8,3,12,13,13,6,13,7,6,11,3,10,5,6,8,20,0,17,3,4,3,2,3,18,15,1
"COG1929",83,61,34,29,38,76,14,35,9,57,31,42,75,53,22,35,16,42,29,65,46,15,51,28,40,58,49,77,55,65,35,44,56,53,65,37,40,47,52,62,65,24,64,55,74,58,29,41,65,71,44,34,44,24,22,47,38,32,21,29,41,62,14,31,55,19,30,36,60,55,30,44,18,42,14,37,21,42,58,27,65,31,26,45,60,36,33,38,24,42,92,22,29,50,25,29,9,14,27,49
"COG1931",25,7,1,1,0,42,0,0,0,0,5,7,28,4,0,0,0,1,0,32,8,0,6,0,17,0,0,26,1,4,17,17,1,4,3,18,2,9,0,8,29,0,5,0,24,14,5,0,13,1,6,1,24,0,12,5,0,0,6,0,27,21,6,2,52,3,0,1,20,0,37,7,0,2,0,0,0,39,8,3,19,2,0,0,10,32,0,0,0,26,5,29,1,0,0,1,0,15,9,2
"COG1932",281,308,159,233,235,323,168,176,207,193,213,234,179,219,205,169,137,193,241,263,178,290,167,169,197,215,240,236,197,243,206,255,227,211,190,242,308,233,176,192,313,160,233,241,343,249,290,155,248,223,233,201,225,250,217,232,233,197,235,203,300,314,145,198,189,336,184,219,243,240,305,250,245,255,183,194,185,305,286,176,244,207,245,272,182,287,212,299,204,266,239,274,259,184,224,194,126,158,174,195
"COG1933",65,83,47,27,96,39,32,20,0,0,142,195,275,114,2,43,30,96,17,67,183,0,130,66,43,102,55,264,59,136,31,141,88,158,126,39,99,115,51,265,70,57,27,30,77,189,64,68,230,116,101,79,325,15,217,160,49,63,74,61,72,99,173,54,389,59,61,91,223,0,67,175,29,68,44,87,19,48,220,104,182,221,3,116,203,52,56,18,27,89,131,67,116,85,34,13,84,108,150,57
"COG1934",20,17,21,12,26,10,11,1,15,6,5,12,17,9,20,10,48,4,2,10,10,15,25,17,13,10,14,6,7,7,31,11,7,21,8,9,22,5,8,9,22,7,25,6,17,6,18,19,14,2,2,16,14,11,15,17,10,9,35,8,30,20,17,13,8,17,11,13,16,66,17,21,18,9,25,13,23,21,9,11,4,17,10,12,13,13,5,28,4,22,8,10,9,12,14,17,13,21,20,4
"COG1936",69,28,4,4,8,74,8,6,0,0,22,35,30,13,0,3,4,12,3,69,29,2,28,10,29,7,5,70,15,14,35,22,10,25,24,91,13,17,4,28,51,7,30,5,52,19,3,12,28,14,7,11,46,0,30,17,9,6,17,11,75,62,16,5,62,9,3,13,38,3,90,27,1,11,3,8,2,82,33,9,32,36,0,17,31,65,2,4,4,72,22,71,21,9,4,0,15,22,21,9
"COG1937",23,9,6,9,6,16,20,10,27,24,11,0,6,4,6,6,10,7,6,21,4,11,11,15,7,4,6,24,23,6,11,2,0,5,21,41,8,6,4,5,8,13,57,2,23,6,9,17,7,3,4,1,4,3,3,9,4,19,9,12,35,13,2,22,7,9,3,8,8,19,24,6,10,2,14,6,6,33,1,10,5,6,17,6,4,29,15,8,8,21,3,26,1,3,24,14,2,1,2,4
"COG1938",108,39,17,16,34,96,19,9,0,0,42,78,97,48,0,25,13,34,4,92,69,0,47,24,42,30,13,136,20,61,29,53,32,76,48,90,16,59,19,79,85,25,37,7,78,72,16,38,88,51,24,20,94,4,65,23,13,6,25,9,69,55,37,17,128,8,8,19,59,0,67,49,2,14,9,22,8,56,51,37,31,55,0,29,45,65,12,8,6,63,32,68,37,17,11,3,20,33,48,18
"COG1939",5,10,67,7,3,4,41,36,10,2,1,8,0,15,5,30,1,24,15,8,24,1,1,7,11,18,14,1,15,18,2,16,16,8,6,9,5,16,26,9,1,34,2,12,10,16,12,34,15,5,0,21,3,8,35,16,3,21,3,31,2,13,67,19,0,3,23,30,1,0,7,9,18,12,53,18,32,9,20,22,2,21,12,6,3,8,14,1,14,12,1,7,19,14,4,15,85,37,43,24
"COG1940",269,250,173,236,191,283,186,187,235,212,307,181,226,200,201,158,295,178,171,247,153,232,237,276,243,195,206,268,173,203,237,210,203,213,348,329,277,186,169,283,254,157,317,151,253,209,291,165,217,187,198,228,274,181,181,252,241,213,258,233,259,260,114,199,281,233,153,240,281,167,322,241,158,225,82,257,146,251,222,230,247,203,194,226,287,259,241,210,213,311,227,306,230,180,196,249,76,174,181,217
"COG1941",0,0,4,0,0,0,0,0,0,0,21,0,0,0,0,0,0,0,0,2,0,0,0,0,0,0,0,0,0,1,0,0,0,0,0,1,5,0,1,0,0,0,0,0,0,0,1,0,0,0,0,0,0,0,0,0,0,0,0,0,0,0,3,0,0,9,0,0,0,0,0,0,0,0,0,0,0,0,0,0,0,0,0,0,0,0,1,0,0,0,0,0,4,0,0,0,1,0,0,0
"COG1942",5,2,5,7,1,4,14,15,52,63,0,3,6,20,10,27,20,9,27,3,5,6,9,3,8,13,11,7,22,6,6,14,14,6,16,4,3,21,13,14,6,8,10,13,5,8,1,6,13,17,17,5,7,33,12,16,13,13,7,14,4,5,3,27,3,2,13,15,16,1,5,16,19,6,10,3,13,10,3,5,16,5,32,14,33,3,7,3,29,6,13,1,10,13,15,9,6,11,11,12
"COG1943",70,43,23,1,13,31,15,1,4,5,174,18,27,16,32,1,87,3,1,71,14,2,44,7,121,12,2,24,4,4,86,4,7,42,27,32,127,4,5,15,35,4,50,7,32,5,56,65,11,4,1,9,21,0,13,8,13,1,64,9,23,60,8,13,9,95,9,5,6,1,34,2,5,6,9,4,4,55,11,3,3,9,2,2,5,37,16,13,5,18,2,45,21,6,8,12,8,10,16,3
"COG1944",32,6,20,0,2,7,14,2,3,1,2,1,4,4,35,3,21,0,4,6,3,2,32,0,13,5,0,4,3,3,55,1,0,18,19,7,4,1,2,10,3,2,35,3,10,1,4,16,0,0,4,7,4,5,8,3,10,0,22,4,5,13,13,3,5,6,10,3,8,26,12,1,0,1,5,1,1,23,3,1,1,6,2,0,4,17,8,6,3,6,5,7,10,3,7,1,4,3,10,1
"COG1945",27,20,2,0,0,28,0,2,1,0,28,3,31,2,0,0,1,2,0,38,10,0,10,1,12,1,1,27,3,0,14,5,5,10,8,24,16,0,2,9,28,0,7,0,17,2,24,1,14,5,0,1,27,0,9,11,6,1,32,0,23,24,3,4,68,13,1,0,14,0,48,15,0,0,0,4,0,32,7,3,17,1,0,5,27,34,1,5,0,26,8,18,1,7,0,0,2,2,7,0
"COG1946",99,55,77,88,130,96,85,72,101,130,47,83,66,85,98,73,223,53,96,69,77,184,99,72,78,90,96,56,101,108,148,83,98,96,78,86,36,65,64,85,45,61,152,96,77,86,30,106,81,99,71,92,75,103,72,79,95,57,57,66,67,87,67,79,51,19,63,45,94,163,80,56,100,104,70,48,61,81,90,55,68,78,111,72,65,57,83,145,54,103,80,47,60,53,112,63,65,67,74,68
"COG1947",131,198,207,171,143,156,195,232,188,174,190,168,137,153,156,208,114,232,209,156,227,116,166,162,137,215,171,166,192,199,118,161,202,169,157,116,179,182,213,162,194,210,142,205,167,156,179,231,184,240,195,188,178,222,195,178,222,190,175,180,145,176,249,184,173,157,185,219,198,123,142,150,213,172,218,189,186,135,203,176,207,147,197,178,184,105,214,188,153,185,174,175,185,203,173,242,266,181,237,187
"COG1948",81,11,16,33,37,75,10,6,8,25,58,29,38,32,12,7,2,22,14,63,28,6,13,32,39,13,22,60,14,32,27,29,7,37,37,64,37,18,13,42,56,12,21,17,55,23,17,10,32,28,18,31,48,10,36,28,8,9,50,16,69,73,51,12,104,28,25,21,26,4,76,36,3,24,11,39,20,57,33,22,40,40,6,22,38,51,19,26,24,51,52,74,64,7,6,19,22,25,19,22
"COG1949",65,60,31,59,87,64,46,51,53,67,48,56,51,57,60,48,71,43,51,37,60,61,70,56,65,52,59,66,59,47,74,50,56,65,78,35,49,61,36,81,71,47,48,51,61,64,42,55,59,70,60,48,69,68,57,49,74,57,43,38,47,72,37,51,43,37,45,47,63,92,66,53,44,49,30,32,37,44,48,37,57,61,53,64,48,55,63,57,48,52,53,46,48,37,57,34,30,39,56,52
"COG1950",0,0,1,1,0,0,0,0,1,0,1,0,2,0,3,0,0,0,0,0,1,0,1,0,0,1,2,1,0,2,0,0,0,1,10,8,0,0,0,0,0,0,6,0,1,2,1,0,0,0,0,0,3,0,3,0,0,0,5,0,2,2,2,0,0,0,0,1,0,0,3,0,1,1,0,1,3,2,0,3,1,0,0,0,0,3,0,3,0,1,0,4,1,1,0,1,2,6,5,0
"COG1951",92,144,50,64,39,112,52,38,89,48,116,27,59,39,52,55,160,23,37,91,71,26,120,53,71,19,39,59,30,21,130,22,14,100,86,60,161,33,22,86,92,47,127,13,96,32,125,62,36,12,14,32,77,37,42,25,17,49,128,35,95,98,34,33,26,150,33,29,40,71,92,44,63,30,59,59,46,103,41,41,16,66,41,35,17,88,62,63,13,88,19,75,57,19,53,73,13,46,43,17
"COG1952",21,22,32,24,49,19,33,21,42,21,19,27,19,17,31,22,61,16,23,30,25,53,62,25,24,11,14,20,17,16,45,11,19,46,18,23,17,21,15,21,22,14,58,21,31,21,32,33,21,13,15,14,23,25,19,7,12,24,31,9,19,19,24,17,11,13,18,11,19,51,19,19,32,33,21,16,22,33,17,22,13,20,27,16,19,23,15,42,12,23,14,14,24,21,42,26,17,16,21,23
"COG1953",103,111,43,250,197,96,107,163,151,185,44,241,174,198,242,147,72,192,204,134,118,90,59,240,122,206,232,135,129,174,101,197,250,47,134,115,40,203,149,111,87,122,95,155,124,202,102,96,201,230,265,185,173,204,146,201,206,172,94,170,96,130,68,171,221,44,175,185,239,123,103,219,169,213,58,128,139,111,257,240,219,124,174,233,201,81,187,78,260,97,292,108,140,151,149,163,58,168,91,221
"COG1954",0,0,0,0,0,0,1,0,0,0,0,0,0,0,0,0,0,0,0,0,0,0,0,0,0,0,0,0,0,0,0,0,0,0,2,0,0,0,0,0,0,0,13,0,0,0,0,0,0,0,0,0,0,0,0,0,0,0,0,0,0,0,0,0,0,0,0,0,0,0,0,0,0,0,0,0,0,1,0,0,0,0,0,0,1,0,0,0,1,0,0,0,0,0,0,0,0,0,0,0
"COG1955",2,16,5,10,36,4,8,4,0,0,5,62,13,13,0,9,8,15,3,9,28,0,16,16,4,23,9,9,19,35,3,6,19,11,37,6,1,12,14,46,10,8,4,7,9,8,7,12,33,41,22,19,25,4,19,19,8,4,4,7,10,2,37,8,6,4,9,20,9,0,12,26,3,18,8,14,5,11,58,16,12,48,0,11,16,5,5,0,0,7,27,6,50,18,5,3,21,6,18,21
"COG1956",25,5,25,9,28,13,12,11,8,13,12,27,7,13,48,5,52,5,8,5,4,52,35,19,22,8,14,17,8,16,34,19,16,22,17,21,8,13,13,16,11,9,21,29,12,13,4,16,9,33,21,15,15,3,14,11,14,11,12,17,13,15,17,8,12,10,12,10,19,35,12,13,7,14,19,18,7,11,16,10,17,11,7,7,11,22,21,52,14,20,33,19,36,13,24,13,15,9,17,21
"COG1957",120,99,39,70,51,106,48,61,64,57,72,139,125,112,39,82,120,60,65,113,82,60,112,92,97,115,85,129,64,81,102,114,100,83,105,75,70,89,73,140,126,66,123,88,120,110,105,71,115,91,60,55,84,48,52,64,77,66,65,64,76,84,32,77,48,40,39,65,100,21,81,60,44,87,35,75,38,100,129,61,86,49,54,88,54,69,67,82,45,74,59,82,62,63,61,75,24,54,48,75
"COG1958",50,15,0,0,5,56,1,0,0,0,16,6,35,8,0,0,1,3,0,49,4,9,3,2,17,0,2,30,0,5,12,8,1,11,7,37,9,12,1,15,31,3,13,0,37,15,4,1,22,0,1,4,20,0,6,4,1,1,16,1,32,20,0,1,30,4,0,5,8,2,21,9,1,2,1,9,5,23,4,2,9,11,0,4,19,24,0,4,0,19,0,35,10,1,0,1,2,12,4,1
"COG1959",108,204,68,124,110,116,92,99,122,93,252,80,121,120,111,91,56,103,105,113,95,90,98,116,97,112,96,105,90,87,115,82,114,101,102,100,231,109,92,95,133,70,133,96,109,100,248,81,99,112,117,78,107,91,91,87,124,90,210,91,117,132,66,89,116,198,104,96,127,93,108,114,112,99,61,74,86,123,93,110,110,90,116,114,141,114,73,103,129,106,121,112,82,113,102,102,36,98,84,89
"COG1960",2744,2621,2029,2419,2763,2634,2070,2147,2155,2176,2472,2627,2533,2254,2082,2169,2343,2016,2577,2694,2547,3169,2905,2404,2265,2470,2630,2650,2451,2417,2904,2569,2334,2930,2562,2406,2400,2215,2239,3054,2705,2086,3153,2525,3021,2654,2335,2166,2696,2490,2580,2499,2713,2617,2303,2334,2908,2086,2879,2105,2849,2953,1835,2417,2150,2281,2065,2079,2934,3088,2746,2503,2466,2641,2218,2045,2191,2908,2793,1908,2630,2740,2321,2381,2416,2659,2338,3153,2159,2874,2614,2698,2611,2194,2685,2117,1533,1876,2113,2490
"COG1961",109,154,331,85,151,85,204,149,97,57,396,114,117,165,119,123,262,118,84,193,115,216,169,125,307,160,70,113,155,156,200,88,148,190,313,368,321,80,193,107,86,177,452,97,89,92,251,344,71,110,43,144,103,86,110,93,116,181,361,182,160,79,294,140,83,336,255,134,43,82,152,56,121,99,185,177,118,190,121,140,61,66,98,47,92,187,108,233,97,165,73,136,126,160,90,98,389,108,117,109
"COG1963",0,4,73,13,3,0,46,42,21,6,5,13,1,24,17,25,0,26,17,5,31,0,1,12,14,19,13,1,21,35,0,17,20,5,13,7,3,27,27,12,0,34,0,20,1,13,3,50,9,11,4,34,3,12,49,21,2,27,0,16,1,0,61,28,3,1,22,25,3,0,0,17,36,19,50,21,31,0,9,36,1,33,29,15,5,1,21,0,10,3,0,1,20,28,10,26,104,53,55,25
"COG1964",64,90,3,35,1,116,2,8,17,14,40,21,103,8,8,3,3,5,7,89,20,3,32,16,31,16,18,102,8,8,37,23,12,36,15,76,52,11,8,28,94,3,41,4,71,29,71,4,48,18,8,5,73,2,17,4,8,26,46,11,97,91,12,10,188,49,7,14,74,0,93,31,14,11,0,27,6,86,22,33,78,9,22,13,89,81,11,11,3,83,7,79,21,18,6,3,11,18,15,7
"COG1965",5,6,4,5,10,7,7,0,11,5,12,0,1,1,6,9,3,1,5,8,3,23,4,8,7,0,1,4,1,3,10,2,2,2,4,6,4,4,2,3,7,4,8,1,14,3,5,5,2,2,0,2,0,5,3,1,0,2,8,6,9,12,4,2,0,11,2,2,2,30,11,3,3,0,3,8,1,7,6,7,1,8,5,5,0,6,5,7,4,6,2,6,6,2,0,4,2,3,1,2
"COG1966",122,123,50,9,6,117,22,4,15,17,205,32,83,40,39,4,295,28,3,73,54,6,127,22,73,18,19,103,18,23,164,25,22,136,79,84,137,21,17,58,113,7,115,14,111,32,133,97,35,26,30,36,58,9,46,23,63,9,178,15,120,118,41,27,50,121,38,19,74,6,107,28,15,19,8,19,9,102,32,17,25,31,16,34,24,113,20,25,13,93,24,96,37,38,18,18,20,41,37,27
"COG1967",13,19,9,5,1,14,6,3,0,0,13,34,29,23,0,6,4,24,2,16,26,0,23,7,6,21,6,50,13,23,9,29,22,23,39,12,3,17,9,42,22,12,5,8,15,39,5,21,30,30,14,17,57,1,40,42,12,14,12,13,20,29,32,10,17,4,10,15,24,0,16,22,2,10,8,15,5,10,46,23,15,58,0,34,17,15,10,4,3,22,33,12,20,19,0,3,19,5,34,10
"COG1968",163,257,251,276,266,188,252,308,317,299,201,282,221,266,284,286,117,278,334,191,231,323,202,295,266,307,313,209,312,300,147,260,322,158,197,196,242,270,291,223,216,280,185,315,223,315,242,233,247,318,358,263,265,295,274,330,293,319,223,281,183,180,245,302,262,253,264,304,227,264,189,277,305,291,243,219,328,163,260,267,329,175,263,313,276,163,320,242,376,206,340,198,234,283,214,309,249,255,261,292
"COG1969",1,4,2,0,0,4,0,0,0,0,25,2,6,0,2,0,52,0,0,0,1,2,7,0,0,0,0,0,0,1,10,0,0,4,2,1,13,0,1,0,0,0,6,0,2,0,5,5,0,0,0,2,0,0,0,0,2,0,8,0,0,0,1,0,1,7,1,0,0,0,1,0,0,0,0,0,0,0,0,0,0,0,0,0,1,1,1,0,0,0,0,1,4,0,0,0,2,0,0,0
"COG1970",12,4,14,10,10,8,12,12,12,35,3,10,6,12,21,12,2,8,11,10,7,7,8,15,10,12,20,13,17,19,11,12,15,11,14,29,1,13,14,10,4,9,48,13,1,13,2,11,12,17,18,10,4,16,12,16,9,19,2,11,14,2,13,12,3,1,8,16,17,11,14,13,11,20,8,10,9,10,16,21,12,14,19,10,14,39,23,41,20,20,30,9,7,15,20,30,4,13,14,20
"COG1971",12,1,2,0,1,3,0,0,1,0,4,1,3,0,4,2,46,0,1,1,2,0,12,0,3,0,0,3,0,0,21,0,0,10,2,1,1,0,1,0,0,0,12,1,3,0,0,10,0,0,2,0,0,0,2,3,1,0,6,0,11,1,1,0,1,0,2,0,3,0,0,0,1,0,0,0,4,7,1,0,0,1,0,0,0,3,0,1,0,1,0,1,2,1,1,0,0,1,1,0
"COG1972",132,144,141,108,183,127,121,72,96,208,174,151,125,97,168,119,172,107,122,84,113,164,161,97,99,111,187,148,154,145,147,162,143,184,118,138,103,113,91,104,132,83,142,187,120,167,137,151,130,191,153,132,109,144,121,136,209,87,167,88,119,110,118,103,107,124,92,76,189,149,129,137,116,169,112,74,73,99,144,85,99,121,154,136,69,152,122,216,93,134,161,109,209,119,149,129,123,87,133,148
"COG1974",176,214,290,324,242,195,321,367,374,378,252,271,248,313,307,379,209,358,395,233,289,274,193,310,266,334,333,250,318,333,223,319,341,199,206,202,217,308,362,238,213,334,168,315,217,287,248,297,305,342,377,355,254,373,275,332,320,334,219,350,223,214,273,312,302,246,300,330,311,281,181,338,372,343,270,264,332,194,298,370,340,242,325,298,320,183,363,240,444,200,403,193,281,324,370,332,353,302,278,354
"COG1975",219,268,106,203,229,202,116,89,128,69,228,156,233,168,124,91,174,161,68,261,172,198,180,186,186,151,112,253,110,132,221,155,175,162,189,198,225,167,94,216,262,147,246,130,305,152,264,145,179,111,141,133,241,67,161,164,177,131,247,152,296,272,106,115,240,263,120,125,142,216,263,200,109,127,119,170,142,280,213,150,180,156,96,185,173,227,161,153,84,242,140,286,138,149,90,163,91,137,128,138
"COG1976",93,20,5,11,16,96,4,5,0,0,17,36,38,15,0,10,5,18,1,82,26,0,25,11,30,10,5,99,14,21,38,21,13,42,18,75,8,21,9,39,55,6,21,4,67,33,12,14,33,18,20,10,71,0,33,27,8,12,24,8,80,66,25,11,89,12,7,16,47,0,93,35,3,15,7,13,0,80,32,17,46,41,2,24,34,81,4,1,3,66,16,65,27,9,8,2,9,22,25,12
"COG1977",57,57,17,14,24,68,13,19,23,5,42,13,72,22,22,15,38,18,15,75,50,14,57,16,52,12,14,79,9,16,58,13,10,74,35,56,33,17,13,56,61,12,56,20,74,18,50,34,28,11,20,27,84,10,28,26,41,15,58,21,65,60,22,15,84,53,26,8,28,28,74,26,12,17,13,20,20,79,14,12,53,16,13,24,69,72,12,22,8,70,9,73,30,18,15,21,2,24,15,14
"COG1978",1,0,4,6,10,1,6,5,3,20,3,6,2,8,10,9,1,5,13,1,7,7,1,11,1,9,14,3,9,9,0,12,7,3,10,0,1,8,9,2,0,3,1,14,1,11,0,3,1,11,11,3,2,15,4,1,8,8,1,6,0,0,3,15,3,1,15,3,4,3,1,4,10,10,10,12,11,1,1,13,5,5,12,6,3,0,10,16,8,2,17,2,9,6,9,8,4,5,9,6
"COG1979",16,5,10,0,8,6,7,1,6,1,7,10,9,12,31,0,116,0,0,3,3,21,26,2,32,0,0,5,0,2,49,1,0,17,15,1,4,0,3,0,3,0,27,4,17,0,2,39,0,0,1,1,4,3,2,1,8,0,9,1,15,9,9,2,1,6,8,2,17,26,10,1,0,2,4,0,2,12,4,1,0,1,0,2,2,4,8,8,3,1,0,6,9,3,5,1,2,3,5,0
"COG1980",97,20,0,0,0,137,0,0,0,0,21,0,71,6,0,0,3,4,0,95,27,0,15,0,32,0,0,76,0,2,39,14,0,18,16,78,13,8,0,34,66,1,25,0,69,14,3,2,28,0,3,4,66,0,12,1,5,0,34,0,88,76,1,3,140,7,0,0,38,0,90,18,0,0,0,0,0,85,5,0,43,5,0,7,76,81,0,3,0,63,1,95,0,4,0,1,0,11,11,0
"COG1981",52,77,40,113,100,66,185,195,172,160,37,42,63,142,141,172,66,160,89,70,109,107,50,125,94,86,55,69,145,26,58,120,63,39,86,78,70,157,62,80,70,163,85,33,64,148,77,52,114,26,46,38,47,44,94,80,35,121,29,105,36,38,16,86,50,62,72,88,67,92,46,81,115,22,133,71,118,41,73,88,68,42,108,82,88,39,93,96,110,23,24,32,29,65,76,95,5,80,88,30
"COG1982",37,14,222,35,4,13,166,144,40,25,8,32,11,53,50,127,163,108,68,17,100,0,45,48,71,75,48,5,98,90,93,52,65,52,53,30,3,82,111,30,7,146,81,53,20,33,10,200,8,38,4,81,12,39,135,76,16,75,14,83,3,6,201,90,0,3,94,93,18,1,7,33,88,73,196,76,115,23,38,102,2,89,56,22,14,11,67,7,52,18,4,12,51,74,37,58,260,166,160,66
"COG1983",8,10,2,1,0,4,2,0,2,2,13,5,5,6,7,0,50,0,1,1,0,0,15,2,9,0,1,1,2,3,13,0,0,12,4,1,20,0,3,1,1,2,7,2,11,0,14,7,0,0,0,1,1,0,3,2,1,1,26,3,8,3,3,0,0,16,2,0,8,0,4,0,3,3,0,1,0,2,0,1,0,2,1,0,1,2,0,10,1,3,0,7,5,3,3,1,4,0,0,1
"COG1984",212,152,74,169,169,163,140,106,191,242,100,148,176,175,185,136,112,173,204,198,111,226,118,196,162,198,156,218,152,150,192,208,200,78,141,139,107,164,166,126,173,104,168,137,165,182,162,121,176,174,205,129,169,201,142,172,194,162,129,138,159,187,84,174,230,138,136,164,201,215,160,196,177,162,123,137,165,188,212,161,218,137,136,193,215,179,125,106,215,139,173,167,118,174,134,141,59,171,134,154
"COG1985",235,237,360,370,292,273,396,429,366,338,164,358,305,352,341,417,121,407,394,266,388,271,230,386,267,386,381,295,446,396,210,365,346,252,256,250,205,379,421,344,262,425,172,396,239,379,280,367,347,454,430,389,266,409,430,352,353,402,202,342,250,273,423,415,371,231,414,400,310,253,231,389,365,408,375,342,396,254,312,396,391,371,355,398,347,227,389,321,438,277,435,249,375,380,281,371,486,398,399,415
"COG1986",7,3,7,1,0,6,5,2,1,7,8,16,5,15,8,1,58,3,4,1,3,1,23,2,11,7,1,6,6,5,22,7,3,18,4,1,1,4,3,0,1,3,8,11,4,4,2,14,1,15,14,9,1,3,8,6,7,3,6,2,0,4,3,4,1,3,3,2,19,0,3,3,4,3,5,4,1,1,2,5,3,3,2,1,3,3,3,1,2,3,10,4,8,5,5,2,7,4,9,10
"COG1987",11,11,9,7,7,5,13,3,7,2,6,4,6,6,13,4,38,6,6,6,7,13,16,8,14,13,7,6,5,6,28,4,2,21,4,4,6,2,10,6,15,11,15,15,12,2,5,16,3,3,4,6,11,17,5,2,3,10,6,5,14,4,7,6,1,5,9,4,1,23,12,6,6,12,9,11,5,12,1,7,3,8,4,2,3,10,9,10,2,12,3,13,8,8,11,8,9,5,4,3
"COG1988",21,3,67,44,54,10,44,45,56,54,13,48,22,36,50,34,23,31,39,24,29,43,51,37,30,30,50,41,38,62,32,49,35,76,33,31,11,51,39,47,8,42,28,56,12,56,16,47,60,62,54,67,22,32,34,57,32,37,19,38,18,12,50,38,14,7,43,32,41,127,11,47,45,46,61,37,47,24,15,38,29,37,38,45,21,26,39,81,36,17,50,15,101,34,48,53,44,34,35,65
"COG1989",88,152,117,58,67,113,115,115,100,113,109,87,86,72,82,87,126,94,124,90,86,91,110,93,125,90,72,77,99,113,105,71,84,96,103,68,154,68,110,89,124,81,83,107,108,64,147,122,66,151,122,102,85,112,82,96,105,117,124,95,105,117,93,78,81,122,113,87,92,76,99,103,76,85,86,91,83,107,78,64,93,102,84,81,94,91,109,69,124,101,120,103,96,100,72,108,105,64,79,93
"COG1990",37,8,8,10,15,41,3,3,0,0,16,35,23,13,0,4,0,8,1,29,12,1,9,7,22,5,7,43,11,16,15,15,16,24,16,33,7,10,8,24,30,5,12,4,38,17,5,6,28,9,18,10,25,4,25,24,4,9,17,4,32,38,18,3,47,10,9,5,22,0,44,22,4,8,4,5,3,31,24,19,18,22,0,13,26,37,6,4,2,33,13,38,20,8,2,0,11,13,11,11
"COG1992",74,51,3,11,13,100,3,2,3,1,21,11,56,17,0,4,2,4,4,89,18,0,15,9,25,1,10,81,4,9,48,14,1,28,10,94,10,9,8,32,63,5,32,2,57,20,23,2,46,13,8,8,64,0,22,16,0,4,39,4,72,80,11,4,113,19,8,7,26,0,106,25,1,4,1,6,4,88,20,15,69,5,0,17,41,65,3,4,1,91,6,73,17,5,3,1,9,17,19,4
"COG1993",0,3,0,0,0,1,0,0,0,0,2,0,0,0,0,0,0,0,0,1,0,0,0,0,0,0,0,0,0,0,0,0,0,0,0,1,2,0,0,0,0,0,1,0,0,1,5,0,0,0,0,0,0,0,0,0,0,0,1,0,0,0,0,0,0,2,0,0,0,0,0,0,0,0,0,0,0,0,0,0,0,0,0,0,0,0,0,0,0,0,0,1,1,0,0,0,0,0,0,0
"COG1994",78,112,187,52,25,87,163,118,49,23,152,102,71,106,40,132,23,137,56,130,166,23,112,61,106,79,68,102,103,109,59,99,107,98,80,78,131,93,135,97,115,167,60,74,112,79,140,141,78,86,65,122,105,41,163,114,68,98,129,96,98,128,201,102,50,112,115,111,68,38,102,85,73,79,198,117,130,81,94,106,54,119,64,82,46,63,107,37,69,99,54,94,88,117,25,71,244,145,176,89
"COG1995",222,221,364,352,381,220,367,393,434,460,165,300,208,343,362,358,118,312,474,237,286,400,207,357,234,352,391,221,370,377,200,322,349,230,184,203,187,376,309,249,254,327,193,422,218,330,239,241,304,320,374,348,222,441,327,319,315,311,197,341,217,227,315,430,240,188,310,334,209,388,207,294,418,375,317,306,385,206,253,338,325,236,428,275,284,211,311,356,382,217,352,181,306,305,327,331,335,328,273,356
"COG1997",10,7,1,3,0,15,1,4,0,0,14,10,21,2,0,5,1,8,2,8,8,1,6,5,8,5,3,21,8,7,7,3,2,17,10,10,11,8,4,15,14,6,3,0,5,9,3,3,14,10,6,6,15,2,14,7,4,7,7,8,8,14,13,5,15,7,3,5,13,0,4,12,0,3,3,6,0,9,12,6,13,14,0,9,8,9,2,0,0,12,11,8,10,4,0,1,6,5,4,2
"COG1998",16,2,0,0,0,15,0,1,0,0,7,3,8,1,0,0,0,2,1,15,1,1,8,1,4,1,2,15,1,2,8,0,1,2,1,9,3,4,0,4,10,0,7,0,11,0,2,1,7,1,1,1,16,1,7,1,0,3,7,0,14,11,2,0,17,4,1,2,6,0,12,4,0,1,0,3,0,11,8,0,3,2,0,2,1,13,0,1,0,7,2,13,5,0,0,1,1,4,2,0
"COG1999",166,231,195,180,354,181,164,116,148,199,183,294,194,221,205,158,106,181,188,118,203,313,233,179,132,209,224,212,227,230,170,232,223,210,183,138,168,222,146,231,191,123,145,227,201,270,207,172,218,268,294,193,202,187,202,229,204,164,193,163,166,163,211,202,186,160,161,169,218,396,179,228,183,205,174,131,149,138,241,170,214,179,183,217,174,180,179,331,145,155,215,140,252,214,235,163,170,186,224,178
"COG2001",99,131,87,149,165,124,104,120,152,171,124,144,130,132,157,149,56,152,173,100,92,170,89,128,119,131,161,106,139,137,88,154,153,99,121,87,137,126,158,104,137,92,65,156,92,148,143,82,129,155,173,138,132,175,129,130,160,131,107,135,115,90,71,155,137,169,90,152,179,160,96,152,139,151,107,111,154,80,149,122,144,113,191,158,152,105,170,161,162,119,186,84,120,157,190,151,75,110,105,158
"COG2002",1,6,1,3,0,0,1,5,0,2,0,4,5,3,0,0,3,2,4,0,0,1,1,6,6,3,8,0,0,2,7,4,0,2,5,1,1,0,5,4,0,4,6,5,1,6,2,10,2,4,4,6,2,0,1,6,3,10,2,6,0,0,1,2,1,1,6,4,3,0,0,4,2,6,0,6,2,2,7,6,6,1,2,3,2,1,8,1,2,1,6,2,2,3,7,1,2,3,0,8
"COG2003",81,58,42,14,30,49,29,3,34,29,131,22,27,19,48,8,111,1,10,42,11,48,60,17,54,5,4,19,8,10,98,5,9,55,32,71,126,2,8,8,30,16,126,8,54,1,84,63,10,3,2,8,19,11,6,7,13,9,90,14,53,33,38,5,4,100,21,4,18,73,31,5,21,9,17,16,10,68,13,14,0,18,6,2,11,77,22,59,9,40,4,59,20,10,23,15,10,6,7,6
"COG2004",1,4,1,1,0,0,3,0,0,0,6,11,0,7,0,3,2,6,0,1,7,1,2,3,0,5,3,9,4,6,1,7,7,5,12,2,5,5,3,15,4,3,1,2,4,3,6,5,6,8,7,4,9,0,12,9,3,4,3,4,1,3,6,1,0,1,2,5,5,0,1,7,0,2,1,7,0,2,10,0,4,14,1,10,6,2,2,0,2,3,7,2,18,4,1,2,6,6,3,5
"COG2005",13,15,14,2,6,3,12,3,7,5,6,2,10,1,4,2,5,2,3,8,9,2,13,2,1,5,2,8,4,2,12,2,2,16,13,4,6,2,1,11,4,7,23,3,9,3,15,15,6,3,1,6,7,8,3,1,2,4,7,5,8,5,6,2,4,5,4,3,2,0,5,5,6,1,13,4,5,10,2,3,5,3,8,6,3,6,4,8,1,11,3,0,9,3,5,9,7,1,4,2
"COG2006",14,67,13,0,0,10,0,3,1,4,120,4,40,2,0,0,11,6,0,34,17,0,50,1,10,5,1,36,8,4,21,1,3,42,24,5,123,4,10,25,22,3,29,0,30,3,139,7,10,10,11,2,40,0,8,4,18,0,122,2,21,24,1,7,29,102,2,4,9,0,20,5,1,0,0,0,0,28,2,2,26,12,5,13,53,34,2,1,3,15,5,28,7,13,0,1,5,10,13,2
"COG2007",42,10,2,2,15,39,5,3,0,1,22,22,23,13,0,5,3,11,1,41,15,4,15,6,20,6,0,34,6,18,16,23,12,20,19,40,18,16,4,26,33,11,20,3,36,24,8,11,32,8,8,8,23,1,28,14,3,8,18,3,32,41,17,6,32,15,3,8,22,1,49,18,2,3,0,8,2,51,20,15,21,33,0,12,14,33,6,2,1,35,9,43,20,16,3,1,6,16,16,5
"COG2008",132,166,119,154,309,155,110,95,95,102,139,184,203,158,168,89,39,114,108,162,169,268,186,181,112,132,150,206,135,136,123,201,132,210,157,139,151,156,126,250,155,135,142,119,197,185,136,115,199,137,156,115,198,93,159,165,145,135,140,138,165,228,148,140,146,139,123,144,166,296,156,154,141,142,118,156,117,163,172,163,151,191,121,153,150,139,165,177,113,178,141,172,160,141,148,150,103,110,178,183
"COG2009",69,87,56,136,89,65,72,128,140,129,80,112,80,105,94,98,39,120,129,78,70,130,52,132,73,118,124,69,81,106,55,96,105,50,79,98,103,127,123,84,80,92,60,89,75,107,99,49,104,112,126,74,79,120,57,101,99,125,89,122,92,77,53,101,67,106,93,109,103,123,55,111,118,115,61,112,133,64,97,99,136,78,143,123,128,54,121,58,171,56,170,70,71,84,115,144,50,92,58,116
"COG2010",144,196,211,129,132,148,187,166,132,156,142,142,98,125,165,157,245,127,143,124,145,160,209,141,170,106,144,144,144,110,222,145,110,213,146,128,130,108,122,109,126,163,214,112,124,111,167,251,122,125,114,142,90,181,127,122,93,114,184,145,145,121,159,97,66,124,130,110,158,132,123,101,162,133,160,126,126,164,76,131,67,129,134,108,69,155,165,165,144,128,67,84,138,114,172,168,83,146,172,92
"COG2011",1,2,2,0,0,2,4,0,0,1,1,2,1,0,2,1,11,0,0,2,2,0,14,0,0,1,0,1,0,0,3,0,0,3,5,2,0,0,1,0,0,1,15,0,1,1,0,4,0,0,0,0,3,1,0,0,0,1,3,2,8,1,2,1,0,0,2,0,3,0,0,0,0,0,2,0,0,11,1,0,0,0,0,0,0,1,2,1,5,10,0,0,0,1,2,0,0,0,0,0
"COG2012",23,10,2,7,3,26,10,3,7,6,10,7,11,18,7,5,0,11,10,18,21,3,7,14,17,8,8,16,2,2,6,18,9,11,16,17,4,11,8,11,18,10,4,8,17,14,3,11,10,5,15,10,30,4,21,11,13,9,7,12,24,31,9,6,23,5,21,11,27,4,23,22,4,13,6,14,13,26,35,19,28,20,9,23,22,25,11,46,22,32,18,27,9,9,6,3,7,26,25,12
"COG2013",35,29,37,4,36,28,13,6,6,8,15,28,33,27,11,12,13,14,13,15,39,12,76,17,19,24,15,46,13,30,36,34,28,54,47,38,18,17,22,46,35,14,15,14,27,32,17,26,35,27,33,24,66,7,55,32,17,9,15,22,46,32,41,8,8,22,17,22,30,15,27,37,8,17,12,19,6,19,24,20,34,44,4,28,18,41,13,12,8,32,34,23,40,21,3,16,20,20,35,20
"COG2014",7,8,3,0,0,4,1,2,1,0,29,2,10,1,0,1,0,2,1,10,1,1,10,0,4,3,0,5,3,0,4,1,1,9,0,2,23,1,1,5,21,5,2,0,8,0,21,5,1,0,0,1,10,0,0,1,0,0,34,1,3,6,3,3,3,24,1,0,0,0,5,1,1,0,1,1,0,6,4,2,1,1,1,0,0,6,0,0,0,5,0,4,2,0,1,3,0,5,5,0
"COG2015",105,126,76,138,160,114,86,151,120,166,158,116,89,89,87,123,23,108,155,97,110,217,81,129,90,114,102,81,144,110,86,114,110,94,86,84,143,95,105,120,115,100,84,147,127,127,138,81,128,175,146,117,105,153,113,99,189,120,140,99,98,126,63,139,129,144,104,103,145,171,103,116,146,116,65,93,94,102,142,90,131,109,140,106,124,65,141,141,162,113,168,80,95,85,155,100,67,85,105,129
"COG2016",46,13,8,3,22,35,3,3,0,0,12,36,35,17,0,9,3,19,4,44,21,6,23,6,25,14,7,48,5,10,24,22,13,15,26,47,7,11,4,26,30,9,13,6,34,27,10,5,35,17,11,12,41,0,29,15,10,0,15,4,37,43,17,12,49,7,10,10,34,0,48,26,7,9,5,7,3,52,25,12,24,42,0,15,24,42,5,1,4,38,14,52,20,12,3,3,7,21,33,6
"COG2017",104,75,198,162,145,61,154,117,137,98,46,113,83,139,166,131,208,111,137,71,152,140,97,147,106,139,126,81,140,129,103,116,118,156,143,154,38,129,119,101,77,158,95,154,97,110,77,174,113,105,58,76,51,76,98,57,66,72,39,84,57,49,119,90,29,23,69,68,34,100,55,54,106,90,119,120,95,55,64,95,58,71,80,69,50,77,103,98,57,70,42,61,81,107,60,99,138,101,102,84
"COG2018",0,0,0,0,0,0,1,0,0,0,0,0,0,0,2,0,0,0,0,0,0,0,0,0,0,0,0,0,0,0,0,0,0,0,1,1,0,0,0,0,0,0,0,0,0,0,0,0,0,0,0,0,0,0,0,0,0,0,0,0,3,0,0,0,0,0,0,0,0,0,0,0,0,0,1,0,0,0,0,0,0,0,0,0,0,1,0,0,0,0,0,0,0,0,0,0,0,0,0,0
"COG2019",45,13,1,0,0,45,1,0,0,0,13,0,29,4,0,0,0,0,1,48,3,0,10,0,14,1,0,30,2,1,14,7,3,14,5,38,6,4,2,18,40,0,17,0,31,3,3,2,9,2,2,2,26,0,8,4,4,0,13,0,41,36,3,3,66,6,0,0,12,0,41,7,0,0,1,3,2,43,10,0,17,3,1,0,21,46,1,2,0,43,4,46,0,4,0,0,0,8,5,0
"COG2020",66,87,100,52,29,68,109,105,50,64,162,77,46,71,69,93,137,89,83,56,79,8,66,49,106,68,64,66,73,104,101,68,72,59,76,80,138,70,87,44,93,81,98,76,95,65,92,94,73,106,90,66,53,92,107,74,103,75,109,62,73,72,90,87,56,87,96,83,90,7,67,62,73,69,90,59,80,85,53,58,78,35,54,63,51,76,47,40,99,78,68,71,78,98,50,59,85,92,116,72
"COG2021",256,315,115,371,327,293,276,334,440,409,198,327,315,386,419,412,185,340,457,307,215,226,196,403,281,364,367,263,385,282,243,395,381,213,260,292,261,431,322,269,306,278,241,345,268,401,311,193,377,369,466,310,271,486,299,378,382,366,237,419,304,281,127,394,345,281,294,343,423,404,290,367,457,331,201,294,355,252,398,345,442,303,438,389,424,286,329,326,459,267,435,231,231,362,444,310,131,297,260,358
"COG2022",98,108,179,149,96,92,178,180,193,216,84,119,132,165,123,208,105,162,176,126,158,77,91,149,110,162,131,109,211,130,102,119,166,112,133,123,93,180,192,123,100,209,82,152,93,133,126,133,121,132,157,140,128,222,146,136,149,154,118,179,116,116,176,175,163,154,176,183,127,125,102,183,173,153,173,129,191,96,124,157,153,139,201,136,191,99,134,61,208,98,164,85,113,186,156,153,183,182,167,155
"COG2023",27,13,0,0,0,47,0,0,0,0,6,0,1,0,0,0,2,0,0,34,0,0,0,0,11,0,0,19,0,1,22,0,1,0,2,25,8,3,0,6,23,0,12,0,33,1,3,1,2,0,0,0,16,0,0,3,1,0,10,0,27,34,0,0,2,6,0,0,0,0,30,2,0,0,0,1,0,43,0,0,1,0,0,0,2,24,0,0,0,27,0,43,0,2,0,0,0,0,0,0
"COG2025",336,353,152,290,318,364,197,254,271,306,467,345,299,310,251,265,182,262,293,358,251,277,260,310,265,271,330,320,267,313,331,312,294,224,252,284,441,300,289,324,381,237,253,347,365,339,364,196,332,353,356,281,293,335,244,327,382,265,376,312,378,327,207,292,327,395,249,296,414,238,373,340,277,284,196,230,268,309,313,250,326,303,316,297,370,330,258,301,305,351,298,350,289,260,381,277,174,240,252,335
"COG2026",4,3,3,0,0,6,0,0,3,2,6,6,4,7,4,1,48,0,0,5,0,0,17,0,6,0,0,0,0,0,13,0,0,4,6,3,6,0,1,4,2,1,5,0,1,0,2,14,1,1,2,2,1,0,2,2,2,1,7,2,7,1,0,0,2,2,0,0,1,1,1,0,0,0,4,2,0,4,0,1,0,0,0,0,2,1,2,1,1,1,0,1,2,0,3,1,0,1,2,0
"COG2027",103,116,189,57,35,111,186,180,82,53,153,73,89,67,52,142,22,128,55,95,149,27,98,62,114,115,72,118,104,125,102,92,101,67,87,116,129,97,125,83,142,139,112,68,105,93,131,150,74,81,66,105,98,54,160,97,75,123,127,101,129,133,222,113,86,131,152,115,86,8,106,87,89,66,201,114,138,111,93,95,68,83,73,69,64,114,107,96,90,127,59,98,64,109,41,91,231,146,195,89
"COG2029",0,0,1,0,0,0,0,0,0,0,1,0,0,3,0,0,0,0,0,0,0,0,0,1,0,1,0,0,0,0,4,0,0,1,4,0,0,1,0,0,0,0,0,0,0,0,0,0,1,0,1,0,0,0,0,1,0,0,0,0,0,0,0,1,0,0,1,0,0,0,1,0,0,0,0,0,1,0,0,0,0,0,2,1,1,0,0,0,0,0,0,0,0,0,0,0,0,0,0,0
"COG2030",246,271,191,188,229,260,163,164,212,171,276,211,273,180,190,175,221,173,225,250,228,372,287,191,192,212,203,221,211,219,257,216,216,269,257,242,248,227,186,316,252,222,316,198,293,233,242,179,239,215,213,216,256,192,183,230,297,212,290,215,259,297,180,214,250,225,167,206,215,221,261,245,236,199,191,155,219,337,274,149,230,241,200,221,244,257,204,279,206,283,229,303,196,196,225,225,124,165,185,184
"COG2031",27,6,49,23,47,15,36,19,14,14,10,26,40,19,43,14,129,8,11,12,20,64,42,22,20,20,25,20,16,23,45,22,15,46,20,11,1,24,14,27,12,17,34,27,19,18,6,39,28,13,18,22,7,21,10,14,15,18,13,15,12,12,67,17,20,1,28,10,25,32,13,33,19,31,28,13,34,17,15,14,15,25,17,28,6,14,17,68,6,8,7,14,50,20,24,19,29,22,20,26
"COG2032",35,10,32,22,27,11,29,7,35,61,4,18,11,20,33,7,37,14,7,16,9,32,9,15,21,13,24,16,17,13,35,21,18,15,20,25,4,20,12,19,10,15,33,13,16,16,7,17,17,17,16,47,10,7,17,7,8,13,9,25,23,17,12,23,16,0,22,13,30,33,20,16,15,26,15,22,18,18,25,26,13,27,27,27,11,29,32,56,23,25,39,15,28,13,30,38,9,24,18,24
"COG2035",94,82,79,70,120,69,80,75,60,124,69,110,50,100,106,87,14,81,70,59,79,204,87,82,59,97,133,73,118,126,58,121,97,81,67,68,61,101,100,90,84,47,71,147,70,134,61,61,102,105,97,97,84,90,84,101,95,88,53,81,95,80,85,95,62,50,79,102,87,219,63,99,113,124,86,97,86,69,103,89,110,64,96,75,74,80,122,295,97,82,115,84,159,98,89,144,70,72,75,102
"COG2036",23,8,2,1,7,29,0,0,2,3,10,11,18,5,3,2,5,8,2,28,12,5,4,3,13,1,5,24,1,14,7,12,1,12,23,13,5,12,1,11,22,3,2,3,21,9,3,1,15,0,2,14,14,0,9,2,2,3,13,1,22,19,2,2,31,8,4,5,15,6,25,15,1,7,2,3,12,22,13,2,10,42,1,7,7,18,3,7,0,19,1,30,11,5,0,2,4,38,9,5
"COG2037",4,8,12,12,11,4,2,8,18,4,14,4,12,13,10,13,0,9,14,8,5,0,3,19,8,3,14,15,10,7,4,5,4,22,15,7,12,12,5,9,5,8,5,7,6,4,11,3,9,8,14,12,9,11,5,7,4,9,15,13,7,4,9,10,10,6,7,11,17,11,8,16,8,8,8,4,9,3,7,17,15,8,12,8,10,2,8,5,7,6,9,2,15,12,30,7,3,5,5,3
"COG2038",134,53,210,55,51,135,144,148,72,21,59,54,83,75,50,129,15,90,63,155,133,77,45,49,105,66,46,99,96,76,89,75,99,92,86,118,60,67,124,86,101,159,106,74,99,66,65,181,78,40,10,130,82,80,109,75,28,110,80,94,126,118,176,64,146,56,96,104,47,54,146,74,87,87,209,106,130,148,63,94,58,100,57,49,92,119,82,42,51,146,23,124,77,126,47,94,221,155,152,87
"COG2039",7,4,4,1,2,7,0,0,0,0,4,4,8,9,1,1,0,4,2,3,7,0,7,8,7,3,1,13,6,4,6,9,2,9,5,23,1,5,2,21,8,2,12,4,12,14,2,5,7,1,3,3,11,0,14,8,4,1,2,3,10,7,19,2,4,0,3,4,6,0,10,8,1,0,5,3,0,8,22,5,4,10,0,7,2,13,2,0,0,7,7,9,5,2,1,3,4,6,9,2
"COG2040",168,190,70,232,131,181,137,200,250,255,227,147,179,155,186,180,45,151,270,189,113,160,99,208,158,168,172,165,171,171,159,185,181,96,109,144,188,201,180,133,199,147,112,175,198,178,202,79,151,178,216,159,156,274,132,166,192,200,194,159,176,191,78,178,191,235,179,189,181,131,183,191,207,197,102,190,169,172,137,161,207,137,200,188,192,164,184,149,205,180,183,205,130,174,223,190,79,139,112,195
"COG2041",182,156,108,232,184,203,118,124,177,96,182,164,235,156,201,114,151,118,74,260,182,185,225,245,177,133,214,191,131,155,141,189,196,241,225,234,88,132,125,247,179,158,243,158,238,151,133,134,216,106,152,172,232,102,143,114,180,140,218,153,260,267,98,142,171,108,109,175,165,162,231,166,145,185,151,193,151,262,147,206,173,188,117,209,183,219,140,151,85,205,161,286,179,143,163,169,97,153,128,172
"COG2042",60,14,7,1,5,77,2,1,0,0,11,22,20,12,0,4,3,8,3,50,25,0,15,9,30,11,2,51,3,23,14,15,7,16,8,65,3,10,7,32,52,5,27,5,32,20,11,11,30,24,15,8,41,4,31,13,6,2,16,6,63,51,26,4,47,4,4,18,19,1,64,26,7,6,3,9,3,53,18,12,20,18,0,14,17,42,7,1,4,48,11,50,11,8,1,1,8,15,18,5
"COG2043",18,9,2,3,0,12,3,3,3,0,12,2,19,3,4,1,2,0,3,23,6,0,13,2,8,4,2,13,7,6,8,4,4,13,8,16,22,4,0,12,16,6,11,0,33,3,10,3,4,1,1,2,7,3,4,6,5,2,8,2,19,17,4,4,9,7,1,0,1,0,17,8,2,3,3,3,3,15,1,4,1,8,3,4,2,20,4,6,1,16,1,16,1,4,8,4,0,5,2,1
"COG2044",2,12,0,1,0,3,0,0,0,1,27,1,4,0,0,1,0,1,0,0,2,0,2,3,1,1,0,4,0,1,0,0,4,0,2,2,29,0,0,2,3,1,0,0,1,0,14,0,2,0,0,0,2,0,1,1,0,0,21,1,1,1,2,0,1,21,1,2,0,0,4,1,1,0,2,2,1,0,1,0,2,0,0,0,2,0,0,0,0,1,0,2,0,2,0,0,0,0,0,0
"COG2045",11,12,130,15,19,6,88,58,19,8,4,32,33,34,19,42,22,72,36,22,77,4,27,13,43,46,40,22,50,52,11,34,48,31,29,20,5,40,62,43,10,87,14,43,13,21,12,71,20,28,10,54,27,25,82,32,17,25,12,39,12,26,139,46,16,5,42,43,11,4,15,28,45,36,95,35,56,15,33,29,16,50,30,15,32,17,39,25,25,28,5,22,36,65,28,30,168,75,103,53
"COG2046",129,150,160,68,95,200,125,108,54,26,157,65,117,68,45,108,6,104,52,133,125,88,71,66,134,107,63,126,86,78,85,59,79,90,80,135,182,63,111,61,156,128,78,58,135,62,153,132,66,53,72,154,158,65,173,128,122,129,243,158,234,203,199,117,262,236,140,125,105,127,256,122,106,125,222,153,132,200,134,132,123,123,83,81,138,176,101,121,98,201,76,217,111,112,49,103,305,193,197,95
"COG2047",64,23,5,7,8,88,5,6,0,0,31,25,61,20,0,8,5,13,2,85,33,0,28,12,27,18,5,72,6,13,23,27,12,48,19,58,17,21,9,53,46,11,17,7,58,37,11,19,54,14,23,15,68,1,51,24,16,11,24,14,73,76,22,5,65,18,6,7,46,0,58,29,8,10,4,10,2,47,24,17,24,29,0,23,50,71,16,7,9,42,27,56,29,20,3,7,11,15,43,11
"COG2048",26,69,8,9,16,20,16,7,2,1,154,32,54,17,0,8,9,29,3,26,50,0,64,22,23,16,6,83,17,24,24,23,28,46,38,15,138,17,10,77,58,21,19,2,49,27,105,12,33,29,17,13,53,0,21,25,15,6,96,10,17,27,23,6,22,95,9,21,23,0,28,20,5,7,11,13,6,24,17,12,24,52,0,12,21,21,7,1,3,25,13,30,16,10,9,3,11,16,18,12
"COG2049",164,112,73,128,113,131,92,126,174,157,71,108,150,117,116,105,94,109,129,139,78,115,117,144,110,117,124,139,116,115,153,111,120,63,80,98,87,102,97,85,125,79,161,120,131,135,116,92,83,120,118,101,128,169,82,134,150,112,86,100,124,140,62,111,181,118,107,93,128,120,125,115,121,117,73,114,94,121,149,99,157,64,109,152,163,134,93,77,182,104,156,111,93,105,85,95,56,101,64,87
"COG2050",151,144,125,210,212,125,141,186,185,249,123,206,136,202,211,199,149,161,228,175,175,268,151,217,155,206,185,153,211,204,201,219,193,135,150,174,164,182,180,173,145,171,249,220,163,207,142,159,202,190,231,197,163,251,152,190,209,189,141,201,166,140,153,180,134,126,172,147,258,191,176,213,219,186,169,170,194,171,216,181,196,138,169,190,229,166,215,197,233,172,247,168,205,192,226,175,94,145,154,199
"COG2051",20,3,1,0,2,23,0,0,0,0,7,3,9,0,0,0,0,1,0,15,6,2,2,0,7,2,0,10,0,1,7,3,1,3,1,21,5,2,1,9,15,1,7,0,13,3,0,1,2,2,1,3,6,0,2,3,1,0,4,0,11,14,4,1,14,1,0,0,3,1,23,7,0,0,0,3,0,19,0,1,10,6,0,1,8,17,0,0,0,8,1,11,6,1,0,0,0,7,4,0
"COG2052",0,0,0,0,0,0,0,0,0,0,0,0,0,0,0,0,0,0,0,2,0,0,1,0,0,0,0,0,0,0,0,0,0,0,0,0,2,0,0,0,0,1,0,0,0,0,1,0,0,0,0,0,0,0,0,0,0,0,0,0,0,0,0,0,0,1,0,0,0,0,0,0,0,0,0,0,0,0,0,0,0,0,0,0,0,0,0,0,1,0,0,0,0,0,0,0,1,0,0,0
"COG2053",23,2,0,3,5,34,3,2,0,0,10,7,19,7,0,2,0,4,1,21,8,0,5,3,21,3,0,17,1,12,9,7,4,4,9,24,8,5,3,11,21,7,13,2,22,7,4,6,15,3,10,1,16,1,14,5,3,8,9,2,25,18,3,1,26,7,2,7,15,0,13,13,1,7,1,5,0,18,14,6,14,13,0,6,13,21,1,1,1,16,5,26,3,3,2,1,1,1,8,3
"COG2054",2,5,3,1,1,0,2,4,6,5,2,2,1,0,3,2,0,2,5,2,0,0,3,7,0,1,0,0,2,2,0,1,3,1,3,1,7,3,3,0,0,4,2,2,3,0,1,1,4,0,0,1,0,2,2,2,0,4,5,1,3,2,2,1,7,4,2,0,1,6,2,0,1,0,3,0,6,0,0,1,1,0,3,5,0,0,1,0,0,0,1,2,1,1,4,4,1,4,0,0
"COG2055",242,313,131,382,296,256,204,260,374,429,180,272,472,308,284,252,39,282,310,392,297,266,370,356,209,288,313,413,298,278,154,314,343,316,310,213,159,300,259,523,335,281,203,275,321,313,242,143,326,277,360,290,388,355,251,285,325,336,202,301,350,352,141,295,387,183,268,294,374,292,320,349,304,310,172,267,323,298,303,302,369,332,354,360,501,305,252,175,298,306,332,328,229,314,349,277,135,279,201,318
"COG2056",19,3,13,0,2,3,8,1,0,0,1,0,2,0,22,1,17,0,0,5,0,1,21,1,9,2,0,3,0,0,25,0,0,6,6,0,0,0,1,0,2,1,20,1,2,0,3,20,0,0,1,0,2,0,5,0,5,1,4,0,9,1,4,0,0,0,5,0,4,0,0,1,0,1,3,0,1,14,1,0,0,0,0,1,1,3,1,3,2,9,0,2,2,1,1,0,1,1,3,0
"COG2057",52,40,51,35,83,42,46,30,44,30,58,39,64,38,52,37,87,28,16,70,74,96,98,48,36,31,43,61,40,38,73,29,27,87,59,58,50,25,35,87,39,42,92,43,47,46,40,44,41,15,29,40,72,33,35,33,49,35,49,23,65,50,51,38,43,49,32,30,19,83,48,34,37,47,52,31,40,61,40,27,34,37,40,39,37,74,33,88,19,61,23,72,50,44,38,61,34,30,36,36
"COG2058",32,15,4,2,8,37,1,1,0,0,17,9,26,9,0,3,2,12,4,34,14,0,7,5,12,8,5,28,6,13,10,15,3,12,8,22,15,6,3,22,29,6,9,0,26,9,7,4,11,7,5,5,23,2,16,7,7,1,15,4,27,26,9,4,32,3,1,3,24,0,35,15,1,7,3,4,1,26,6,1,19,18,0,10,23,21,5,0,3,21,6,43,13,4,3,2,8,7,11,3
"COG2059",49,21,39,33,62,34,119,51,92,37,4,22,44,66,58,112,60,17,40,44,87,54,72,33,63,24,23,35,97,34,107,37,17,58,72,104,4,76,31,45,23,151,111,40,25,39,6,84,34,36,23,34,17,54,31,82,25,41,24,47,32,35,46,79,20,7,63,55,18,18,39,60,103,41,176,44,106,60,17,27,21,41,52,24,23,44,64,73,54,45,19,42,80,16,47,104,30,24,48,45
"COG2060",0,0,1,0,0,0,0,0,0,0,0,0,1,0,0,0,2,0,0,1,0,1,0,0,1,1,0,3,0,0,6,0,1,1,3,25,0,0,2,0,0,0,14,0,0,0,0,1,2,1,0,1,0,0,0,0,1,1,1,0,0,1,0,0,0,0,0,0,1,0,5,0,0,0,0,0,0,5,0,0,2,0,0,0,1,2,0,0,5,3,0,1,0,0,0,0,0,0,0,0
"COG2061",0,0,0,0,0,0,0,0,0,0,0,0,1,0,0,0,0,0,0,0,0,0,0,0,0,0,0,0,0,0,0,0,0,0,0,0,0,0,0,0,0,0,0,0,0,0,0,0,0,0,0,0,1,0,0,0,1,0,0,0,0,0,0,0,0,0,0,0,0,0,0,1,0,0,0,0,0,0,0,0,0,0,0,0,0,0,0,0,0,0,1,0,0,0,0,0,0,0,0,0
"COG2062",54,42,96,51,72,44,61,52,189,139,32,75,43,87,86,54,85,47,67,33,66,91,62,67,48,58,61,51,133,71,60,69,53,70,75,43,42,92,52,72,38,64,57,64,61,53,53,63,64,68,69,64,50,67,51,134,48,51,66,48,41,52,70,134,36,58,52,49,58,83,47,124,89,78,49,71,50,54,45,50,48,68,152,55,48,66,75,106,70,57,61,51,97,56,125,159,58,51,61,64
"COG2063",45,36,43,38,23,20,34,24,51,32,13,34,27,27,34,16,134,8,34,38,32,37,56,22,51,23,22,13,22,23,86,19,19,54,50,22,15,14,29,22,29,23,62,27,33,13,17,49,22,17,9,24,22,28,15,11,17,27,34,20,35,35,38,15,2,10,27,34,23,34,29,15,32,47,32,21,24,57,16,23,6,29,34,17,9,35,23,17,7,26,10,42,38,12,45,35,31,34,23,16
"COG2064",20,22,20,20,54,14,21,11,2,4,59,66,35,34,5,17,15,27,13,20,42,4,44,27,16,21,17,45,30,54,41,18,29,24,44,35,65,34,28,50,28,12,60,11,36,20,18,31,50,39,30,28,59,8,43,45,9,33,40,29,23,25,59,19,15,37,21,41,35,0,29,68,13,21,20,11,12,28,48,39,21,43,1,21,13,28,15,4,9,31,30,19,54,28,13,7,32,15,28,20
"COG2065",58,86,102,41,75,53,81,59,46,59,72,61,53,82,98,104,11,75,64,56,70,97,75,43,61,66,81,51,88,70,50,80,58,69,71,73,70,89,89,59,68,72,49,84,65,111,70,107,57,64,84,66,63,64,89,81,53,76,67,84,45,58,92,78,56,60,76,93,49,89,56,65,91,72,109,76,65,47,62,71,68,54,66,49,63,71,84,112,72,53,74,61,114,82,63,87,86,75,109,102
"COG2066",38,1,12,5,0,13,50,6,23,40,8,7,10,35,27,95,39,6,85,14,21,5,22,2,40,16,3,13,41,6,39,16,9,13,38,27,5,23,4,10,7,15,40,4,12,17,0,19,17,5,9,5,4,92,18,12,11,7,9,8,13,8,13,36,6,2,20,11,16,50,11,14,40,6,48,2,39,13,10,9,22,11,59,7,34,35,13,4,58,17,10,13,10,35,26,13,4,20,30,0
"COG2067",59,22,111,17,26,20,38,10,28,11,27,27,16,29,70,10,130,7,13,18,12,37,98,13,49,16,23,20,8,20,112,11,16,53,35,48,17,15,15,11,12,14,91,27,32,12,10,49,23,11,16,30,12,10,10,14,23,10,48,17,38,15,60,6,7,10,31,14,29,45,22,17,12,24,27,11,16,58,19,13,7,11,16,10,12,57,12,33,24,28,16,14,53,21,39,12,19,17,14,16
"COG2068",87,101,32,74,53,65,50,49,75,63,123,64,98,62,38,45,64,52,30,102,70,69,84,97,70,57,43,96,51,58,72,64,54,79,77,93,122,66,54,95,85,51,106,46,88,53,115,56,85,39,66,61,106,31,48,84,60,67,103,71,89,93,49,55,80,104,56,80,55,70,99,73,40,57,52,58,76,78,83,77,69,63,47,73,64,87,89,56,46,66,84,91,71,58,53,71,23,45,50,66
"COG2070",326,271,253,342,390,265,271,343,239,460,225,324,210,224,270,302,77,234,465,287,256,410,230,300,265,320,357,261,357,336,241,319,306,302,238,296,248,259,281,257,327,286,336,389,296,342,226,253,294,339,358,336,200,465,311,235,326,336,242,219,317,330,194,299,176,244,284,249,359,376,303,271,350,347,248,189,254,328,313,227,251,324,294,255,213,324,319,400,258,335,292,308,296,219,435,261,206,218,264,311
"COG2071",105,91,57,76,81,86,62,69,66,68,129,100,129,79,49,65,18,68,108,81,90,75,123,81,59,81,71,126,68,107,64,99,83,128,77,78,103,65,93,153,98,75,76,83,104,91,112,77,106,111,83,89,119,91,99,100,136,96,114,92,74,88,81,79,127,100,82,80,85,64,90,96,87,75,65,100,78,75,111,78,92,101,72,105,91,83,81,74,74,94,129,108,82,85,82,70,61,73,75,83
"COG2072",458,354,406,597,526,482,479,537,473,441,219,477,571,428,453,537,151,479,570,583,631,533,656,558,381,528,509,455,529,426,473,539,445,707,634,480,163,469,447,733,483,558,521,447,559,506,188,394,566,458,520,489,579,586,461,475,563,463,301,463,485,535,357,551,558,175,485,411,475,624,481,502,588,469,485,449,506,616,455,433,516,554,496,585,572,513,468,553,511,535,478,498,458,421,516,542,252,499,413,470
"COG2073",144,60,271,46,68,165,175,183,45,8,56,55,94,66,41,156,6,131,70,197,169,76,30,55,136,134,63,112,132,116,62,82,99,107,75,121,59,86,100,77,132,217,69,77,144,73,65,201,70,42,6,138,80,62,178,93,20,130,85,141,181,155,321,116,176,51,110,105,39,35,179,74,102,90,230,152,154,148,71,117,70,129,96,36,68,174,77,52,59,118,2,180,60,137,28,117,392,175,238,89
"COG2074",25,39,3,12,6,26,4,1,5,0,20,15,21,10,1,5,7,14,1,37,20,0,33,13,20,12,7,57,5,17,32,9,12,17,20,14,19,16,4,29,50,10,23,2,39,6,30,6,19,12,11,15,31,1,12,13,8,9,22,12,59,49,15,5,5,31,7,19,5,2,41,21,3,10,5,8,2,58,21,9,5,29,2,16,6,27,7,3,1,41,12,45,16,10,6,1,10,2,10,8
"COG2075",20,7,1,1,5,22,4,1,3,1,9,9,10,4,0,4,1,8,0,18,4,3,8,1,5,5,3,15,3,7,10,7,3,9,5,21,1,7,2,7,29,3,5,0,10,4,1,1,10,3,6,2,15,0,9,6,1,0,6,4,24,16,7,2,22,1,5,7,14,0,13,10,0,1,2,8,4,21,13,2,7,12,1,8,9,18,0,0,2,22,5,19,11,4,1,1,6,14,5,2
"COG2076",52,46,63,125,111,61,74,121,119,122,34,117,77,107,126,106,72,122,121,67,75,65,51,139,65,142,130,67,112,93,54,104,128,66,76,62,26,117,116,64,46,92,58,101,55,121,61,53,105,148,158,127,69,131,96,114,122,112,22,79,40,55,57,121,111,59,96,114,121,86,77,114,102,96,65,88,114,33,93,109,143,88,91,104,106,41,128,53,183,54,181,46,104,91,133,100,38,91,53,124
"COG2077",26,7,15,3,10,14,6,1,13,4,2,7,16,11,19,3,23,7,7,10,6,13,35,10,25,10,1,16,7,8,40,13,4,21,12,16,1,7,3,8,7,7,39,4,12,13,2,22,7,29,13,7,11,1,7,11,17,7,6,8,10,11,14,5,14,3,8,5,16,34,16,3,9,9,2,9,6,19,15,10,12,5,11,1,6,11,6,12,12,21,5,15,15,5,12,14,6,14,8,6
"COG2078",38,34,2,2,2,39,0,0,1,3,37,0,8,1,5,3,1,0,0,32,2,1,10,1,19,5,0,35,4,2,18,0,2,8,6,25,40,1,1,4,35,6,15,1,21,2,36,5,5,0,0,3,12,0,2,5,4,2,49,1,39,28,1,1,5,32,3,3,0,1,36,1,1,1,2,1,3,39,4,2,2,6,1,1,3,37,2,7,3,27,0,34,0,1,0,0,1,3,0,0
"COG2079",193,256,197,480,309,220,344,519,489,668,231,349,334,339,298,432,53,356,557,437,383,270,304,444,301,388,408,302,358,383,202,340,393,400,395,268,220,363,371,610,266,365,268,379,306,331,254,184,406,365,409,390,364,610,291,411,332,452,205,358,347,362,206,363,290,254,374,414,392,200,323,396,450,365,302,330,424,334,333,345,439,387,404,425,467,354,451,199,477,290,475,324,298,359,519,426,187,295,250,427
"COG2080",316,400,82,181,99,252,120,114,107,55,436,85,258,132,68,94,157,92,53,329,176,115,219,170,191,78,62,342,107,74,288,127,123,238,201,215,501,92,78,320,345,144,257,50,357,117,421,145,189,56,63,94,285,50,164,140,166,129,381,110,325,387,103,91,190,403,104,136,139,77,324,182,90,51,129,173,116,354,193,131,113,200,73,148,172,380,111,109,45,301,91,424,146,117,101,165,57,134,138,75
"COG2081",55,25,209,73,459,24,189,172,141,52,14,63,43,96,259,168,172,128,56,73,179,451,107,70,153,95,91,54,140,91,154,127,66,115,116,75,17,112,151,50,14,188,100,96,28,117,26,212,78,25,24,96,38,63,170,95,35,127,48,124,44,27,245,133,12,12,129,119,46,420,38,61,165,118,295,148,142,66,58,125,25,83,88,40,36,60,114,319,64,45,12,26,80,93,73,89,293,172,211,94
"COG2082",65,29,73,16,33,74,76,71,31,3,42,35,39,39,17,67,3,52,41,80,82,50,12,26,60,30,25,41,58,26,44,41,39,32,37,72,40,39,58,37,75,85,40,37,54,32,39,88,28,20,9,58,41,46,81,36,9,33,37,52,61,56,84,65,78,30,52,45,23,10,69,20,42,43,88,54,62,87,30,34,28,44,35,19,36,85,37,23,21,72,9,87,38,51,14,34,121,74,78,44
"COG2084",521,459,343,748,590,519,463,573,759,641,337,540,675,574,627,514,252,540,642,646,563,544,635,705,478,613,535,587,482,470,474,636,611,581,490,499,306,594,472,773,536,549,524,559,625,645,402,408,641,450,576,585,647,587,550,561,564,574,400,563,592,613,335,524,666,355,494,549,607,439,643,649,630,592,478,628,664,623,561,601,658,557,613,613,706,562,561,476,479,534,469,642,503,559,710,737,276,555,473,575
"COG2085",115,41,12,8,12,108,13,13,11,10,51,20,82,17,6,9,23,10,11,103,40,9,48,12,47,14,16,99,27,17,50,32,16,54,46,86,39,16,16,54,90,22,81,14,110,33,38,24,31,12,13,12,76,9,21,30,26,17,53,24,98,109,14,17,100,27,16,9,50,12,123,26,7,15,17,18,17,114,30,15,52,27,17,16,78,110,15,21,9,93,18,129,18,21,19,11,15,18,12,15
"COG2086",275,293,133,254,272,306,216,189,233,206,396,260,251,238,223,214,162,250,289,294,211,252,204,243,211,272,306,273,242,269,244,277,276,186,227,241,410,269,230,273,298,180,227,220,271,250,305,188,283,326,289,242,249,255,200,262,322,246,343,235,305,289,169,223,256,352,202,229,311,233,322,264,241,278,175,209,219,275,287,212,298,268,281,279,338,289,234,218,292,299,329,299,239,243,289,259,129,192,186,281
"COG2087",24,20,84,31,24,9,52,56,37,3,22,16,17,18,16,55,8,34,31,18,51,39,19,24,32,34,21,14,48,36,17,34,32,35,27,28,28,41,45,20,15,74,28,23,11,27,21,69,16,18,5,48,14,29,66,24,11,25,21,42,15,15,83,51,12,19,42,39,4,33,15,21,54,37,82,42,49,18,18,37,17,30,33,11,21,18,31,27,22,18,6,22,32,44,25,54,82,66,71,40
"COG2088",0,1,2,0,0,2,0,0,0,0,12,1,5,1,0,0,0,0,0,1,3,0,2,0,0,2,0,2,0,1,4,0,2,6,5,0,16,1,1,4,3,0,0,0,2,0,16,3,0,2,1,3,3,0,2,4,7,0,9,0,2,1,1,0,2,8,0,0,1,0,1,2,0,0,1,1,0,2,1,0,1,2,0,0,7,0,0,0,0,3,2,1,5,2,0,0,2,2,3,1
"COG2089",302,263,267,325,310,360,282,331,332,379,515,269,487,284,309,314,178,328,348,331,287,316,281,369,292,293,313,342,265,290,216,312,397,316,233,331,467,317,294,257,331,282,175,345,272,321,406,235,330,359,360,302,380,397,264,345,387,311,391,291,309,274,233,338,620,490,315,301,293,500,348,379,307,247,244,231,364,312,246,344,447,239,395,332,377,284,238,159,419,331,420,320,280,279,246,267,265,304,243,284
"COG2090",23,9,0,0,0,46,0,0,0,0,12,0,9,0,0,0,0,1,0,37,3,0,2,1,15,0,0,21,0,1,18,4,0,9,0,36,6,2,0,9,24,0,7,0,23,4,4,0,7,0,2,1,20,0,4,2,2,0,18,0,28,32,0,0,38,2,0,0,8,0,33,5,0,0,0,0,0,31,5,0,14,0,0,0,22,29,0,1,0,27,0,34,0,0,0,0,0,6,1,0
"COG2091",8,15,16,2,9,14,5,2,5,2,11,3,14,10,16,0,4,5,2,15,9,5,14,2,13,1,7,8,6,8,40,8,4,13,12,11,9,8,5,15,9,2,15,3,14,4,14,7,14,0,4,10,9,1,9,0,4,0,20,2,12,17,7,4,10,4,4,8,4,2,10,10,1,4,5,8,3,22,5,1,2,9,4,5,0,10,6,3,3,14,2,11,14,5,1,7,1,16,11,0
"COG2092",37,9,0,0,0,52,0,0,0,1,17,1,12,0,0,0,0,0,0,25,2,0,1,0,9,0,0,23,0,1,9,1,1,5,2,28,2,2,0,6,25,0,13,0,23,7,5,0,7,3,3,0,14,0,5,2,1,0,18,0,27,23,0,1,9,3,0,1,8,0,29,1,2,2,0,0,2,34,0,1,9,2,1,2,9,32,1,2,0,24,1,30,0,1,0,0,0,3,4,1
"COG2093",13,1,1,3,1,20,0,1,0,0,9,6,10,2,0,1,3,1,1,14,5,0,4,2,11,4,0,12,2,4,8,3,4,2,2,17,4,3,1,8,15,2,4,0,14,7,0,5,5,3,2,3,13,1,2,2,0,1,9,3,21,14,3,0,14,2,0,6,4,0,21,6,0,1,3,2,0,24,9,2,4,1,0,2,2,9,2,0,3,15,2,15,1,1,3,0,4,4,5,2
"COG2094",35,22,111,23,0,41,57,59,20,8,23,31,30,44,16,47,22,57,28,49,50,0,19,18,40,37,32,57,52,44,40,31,34,41,26,49,29,55,68,27,27,75,24,38,26,32,18,85,29,17,14,51,37,20,61,44,13,42,38,40,33,48,99,44,65,17,54,47,27,1,32,38,40,42,66,55,51,42,40,46,33,40,41,19,41,32,42,16,33,45,16,47,25,54,19,38,107,64,65,42
"COG2095",79,102,39,47,188,77,31,11,32,45,48,40,34,31,110,18,127,20,15,58,28,154,90,39,59,28,62,45,30,36,95,48,35,45,46,80,83,29,23,14,88,16,87,36,71,47,89,54,47,39,31,29,40,23,33,35,55,20,90,21,84,63,35,20,38,92,11,33,45,205,67,35,29,34,22,18,17,73,59,40,29,19,27,22,37,98,32,154,19,64,37,61,41,18,45,46,26,23,26,28
"COG2096",82,107,81,76,87,79,62,55,53,55,86,110,89,89,62,40,79,70,66,86,94,90,107,75,64,74,82,148,85,86,94,100,73,105,105,61,90,82,74,144,96,65,104,70,116,107,93,89,111,109,85,90,133,46,94,95,86,61,83,78,114,93,86,65,147,94,72,70,122,57,91,98,63,83,60,70,53,106,130,73,110,106,69,93,119,84,83,125,45,86,134,102,127,86,74,56,62,63,86,97
"COG2097",38,11,1,3,3,36,1,1,0,0,22,14,17,5,0,2,4,14,1,51,15,1,10,6,14,4,3,30,10,7,14,11,7,17,8,31,6,6,3,21,30,2,6,2,29,12,8,5,13,7,7,8,30,0,16,14,8,1,20,6,28,27,6,4,40,6,5,9,21,0,51,12,0,2,5,2,2,35,14,5,11,10,1,16,21,35,1,2,4,30,14,45,14,8,3,2,3,13,8,3
"COG2098",0,0,0,0,0,0,0,0,0,0,2,0,0,0,0,0,0,0,0,0,1,0,0,0,0,0,0,0,0,0,0,0,0,0,0,0,1,0,0,1,0,0,0,0,0,0,1,0,0,0,0,0,1,0,0,0,0,0,0,0,0,0,0,0,0,0,0,0,0,0,0,0,0,0,0,0,0,0,0,0,1,0,0,0,0,1,0,0,0,0,0,0,0,0,0,0,0,0,0,0
"COG2099",12,24,103,27,37,9,93,99,37,13,33,24,11,35,39,83,3,61,51,15,73,47,4,33,58,51,33,11,68,62,10,43,60,26,25,30,43,56,85,21,20,77,15,41,13,39,29,104,21,26,2,58,11,45,91,40,12,60,30,52,14,15,134,57,9,33,63,64,5,25,23,29,66,41,126,56,85,15,25,73,10,44,43,19,3,19,44,34,26,23,7,15,44,67,27,44,141,89,96,59
"COG2100",0,0,0,0,0,0,0,0,0,0,18,0,0,0,0,0,0,0,0,0,0,0,0,0,0,0,0,0,0,0,0,0,0,0,0,0,11,0,0,0,0,0,0,0,0,0,4,0,0,0,0,0,0,0,0,0,0,0,5,0,0,0,0,0,0,8,0,0,0,0,1,0,0,0,0,0,0,0,0,0,0,0,0,0,0,0,0,0,0,0,0,0,0,0,0,0,0,0,0,0
"COG2101",120,52,15,11,14,149,5,4,1,3,36,40,71,26,5,5,10,24,4,120,29,4,23,13,57,24,9,109,15,23,45,34,12,42,37,103,29,20,9,43,113,5,38,5,89,40,16,20,56,38,25,13,84,0,36,24,15,13,41,11,109,97,24,14,125,24,16,14,56,4,116,42,4,13,14,16,8,104,44,17,58,55,0,25,59,110,10,6,10,102,17,122,29,20,7,0,10,19,38,15
"COG2102",81,17,14,9,24,95,6,7,1,3,38,21,46,22,8,7,8,18,7,77,20,5,43,5,35,16,8,80,12,27,35,27,19,20,22,90,24,17,7,50,72,13,20,6,71,31,12,16,40,21,16,17,69,0,43,40,15,9,28,10,68,66,34,7,86,16,10,14,36,1,92,28,3,7,6,26,5,77,39,17,44,49,0,18,30,75,8,3,4,64,26,78,36,12,2,3,15,19,31,7
"COG2103",44,84,103,52,75,37,38,25,55,51,109,68,37,62,81,24,115,49,30,30,84,77,90,55,56,47,75,65,43,49,58,67,89,75,70,36,99,41,38,45,52,26,52,64,60,66,83,128,60,57,59,78,57,32,99,55,75,19,81,52,48,43,83,37,42,74,31,47,63,59,52,52,31,72,47,63,43,53,54,65,47,62,34,51,38,61,62,103,34,52,39,56,95,63,60,99,51,75,102,57
"COG2104",17,14,13,11,4,10,5,9,9,4,24,9,17,3,7,6,7,2,12,15,11,2,13,7,10,8,2,8,8,16,16,8,15,9,8,27,22,4,3,13,6,10,20,6,15,6,11,32,4,5,5,6,13,15,7,11,8,10,19,1,11,11,6,7,13,16,0,3,3,2,11,6,8,4,10,5,10,10,8,5,1,1,5,7,8,13,10,3,12,14,4,13,4,14,9,7,4,15,10,4
"COG2105",6,3,4,3,2,3,6,0,8,9,3,13,4,4,19,3,20,2,2,5,7,4,11,9,5,5,7,4,3,9,6,4,9,5,9,2,2,3,3,4,2,5,5,0,6,3,2,2,0,3,2,3,9,2,6,8,3,4,4,4,3,2,10,0,0,1,8,3,4,0,2,2,0,3,2,15,0,6,3,6,2,3,3,11,2,3,14,1,4,0,5,2,8,6,7,12,3,4,6,3
"COG2106",58,5,0,0,0,65,0,0,0,0,10,0,52,2,0,0,3,2,0,63,13,1,3,1,24,0,0,51,0,0,22,4,0,16,4,75,5,2,0,16,42,1,21,0,43,9,2,2,11,0,1,1,30,0,9,1,1,0,21,0,59,56,0,1,99,6,0,1,18,3,66,10,0,0,0,0,1,53,5,0,33,5,0,6,35,57,0,5,2,59,0,60,0,0,0,0,0,9,10,0
"COG2107",83,39,25,9,23,94,12,5,2,1,21,42,66,22,3,12,5,20,2,94,33,12,40,10,42,25,12,87,13,20,40,36,16,61,41,94,7,20,10,65,77,9,30,8,71,37,18,26,48,25,19,20,61,4,45,41,20,10,36,12,92,73,43,16,90,15,10,18,44,0,103,53,5,11,13,9,7,64,35,15,36,45,6,32,35,83,7,19,6,77,22,97,33,22,6,7,15,21,31,10
"COG2108",16,6,4,12,27,12,5,8,0,0,6,56,15,29,0,11,6,25,4,12,24,0,19,12,8,23,18,39,3,30,5,25,12,26,19,9,4,19,10,39,14,11,6,9,24,34,11,17,37,17,29,14,42,1,34,24,7,6,4,9,15,14,23,11,8,2,2,20,15,0,13,17,6,16,8,17,2,7,33,22,7,48,0,30,6,9,3,1,3,21,25,17,27,10,4,3,9,13,35,13
"COG2109",99,76,386,63,51,124,260,194,110,31,74,54,42,119,76,213,18,189,98,140,224,72,45,50,131,165,87,69,159,154,52,96,139,69,87,104,63,119,200,71,83,260,72,124,100,86,71,316,62,62,15,166,52,100,232,104,28,153,78,163,108,84,412,172,76,73,172,128,21,62,88,75,144,127,347,169,188,97,76,142,49,156,107,49,61,87,131,49,77,110,17,98,83,167,57,134,515,239,272,147
"COG2110",38,32,17,16,20,21,24,15,3,6,56,39,28,28,6,8,58,22,8,19,25,6,74,19,19,20,7,55,10,27,30,27,21,48,45,32,62,17,15,34,30,17,31,5,35,27,42,27,27,20,20,19,38,4,38,20,15,8,51,16,20,29,36,4,25,57,14,12,28,2,29,28,13,8,13,25,12,28,35,27,13,40,3,34,12,26,12,1,10,42,18,29,38,11,10,5,13,18,39,10
"COG2111",124,52,66,33,42,70,72,38,63,54,72,23,44,22,72,27,28,14,35,78,29,64,83,35,70,19,33,43,29,28,107,22,22,69,94,125,82,17,28,37,46,20,194,43,93,14,50,82,28,14,15,22,31,51,25,34,27,36,81,27,63,93,37,15,20,71,44,27,17,20,96,17,43,35,28,30,33,137,18,26,13,30,29,19,34,108,48,17,24,100,20,82,29,31,42,46,22,30,29,25
"COG2112",74,16,1,0,0,105,1,0,0,0,30,0,84,4,0,0,1,3,0,84,12,0,12,0,28,0,0,75,0,4,36,15,0,39,4,80,8,6,0,39,74,0,24,0,72,28,3,0,32,0,2,3,66,0,14,2,1,0,34,0,94,76,1,0,192,6,0,1,43,0,81,22,0,0,1,0,0,87,8,1,53,4,0,5,53,81,0,4,1,92,1,82,1,0,0,1,0,19,8,0
"COG2113",422,342,77,392,461,429,225,266,391,286,175,335,345,345,346,254,31,358,300,499,207,333,159,445,316,395,358,303,286,273,266,407,414,105,237,250,265,392,293,295,420,291,273,284,431,394,285,65,348,264,439,261,319,308,250,370,332,325,274,343,421,502,109,329,400,350,274,329,505,442,485,397,379,334,170,293,350,359,477,352,409,376,401,380,483,338,302,307,354,394,379,475,169,299,452,309,92,278,189,374
"COG2114",654,864,706,684,197,618,693,718,921,603,1069,578,527,513,348,682,315,459,598,691,620,285,599,580,591,594,612,785,705,628,551,432,594,869,932,459,917,479,621,825,874,799,473,546,729,453,799,588,609,744,510,589,743,550,485,897,695,681,790,640,743,793,527,614,494,957,880,625,498,98,728,571,689,559,748,727,628,651,574,544,625,565,873,602,436,609,542,500,506,678,660,789,803,655,714,793,521,453,497,552
"COG2115",39,21,55,80,74,23,48,57,88,83,9,88,62,66,85,65,97,57,94,19,54,76,59,59,37,67,110,37,84,77,37,115,57,81,65,58,9,85,57,65,29,61,55,108,33,89,22,64,78,75,72,69,36,107,52,59,55,61,30,65,26,18,36,61,34,11,56,49,44,17,38,58,99,89,83,65,53,27,38,41,68,74,60,57,45,42,72,84,59,45,49,35,100,56,112,65,51,43,54,75
"COG2116",34,35,42,19,2,13,16,0,19,3,69,15,14,16,19,1,106,9,1,7,30,0,47,26,19,17,7,8,6,7,60,8,23,17,37,26,61,10,2,14,4,4,39,5,13,8,76,81,4,1,3,31,22,1,34,21,13,2,161,12,26,17,28,10,2,77,8,4,14,0,15,15,7,5,10,36,9,34,19,31,0,36,6,11,1,25,31,5,3,24,2,10,30,68,17,53,12,49,44,7
"COG2118",19,5,2,2,4,25,1,0,0,0,4,1,19,8,0,1,0,2,1,19,8,0,0,0,7,3,2,33,0,7,8,1,0,5,6,9,1,3,0,15,8,0,1,2,14,3,3,1,10,3,4,3,14,1,5,2,1,1,5,2,21,18,1,1,42,2,1,0,11,0,19,11,1,0,2,3,0,21,6,0,15,9,0,2,10,14,1,2,0,14,2,17,3,0,0,1,2,5,11,1
"COG2119",8,5,46,4,7,0,65,63,18,4,1,14,6,25,25,49,19,49,15,7,44,2,28,2,24,19,7,8,20,24,17,10,21,10,22,29,1,26,48,10,1,65,21,13,4,10,3,71,10,8,1,13,5,8,47,27,5,37,5,32,3,2,53,20,1,0,49,36,2,1,5,8,16,13,58,31,41,14,14,31,2,26,13,16,11,5,15,5,28,15,1,6,19,17,5,16,62,49,49,17
"COG2120",190,153,103,90,146,160,77,88,79,157,192,131,233,122,97,91,20,94,87,234,121,211,208,89,136,94,125,235,139,137,136,127,103,167,150,208,179,105,96,190,181,85,150,128,224,141,131,66,138,108,89,87,145,63,64,80,91,69,112,76,153,150,65,85,149,105,71,60,70,144,145,83,57,78,58,71,66,146,77,63,112,60,96,69,138,174,105,136,64,160,95,153,107,79,106,97,61,45,66,89
"COG2121",72,93,32,45,3,42,46,35,62,42,125,35,64,39,38,46,3,44,42,50,48,1,30,37,36,63,35,62,54,49,39,39,41,60,53,41,103,48,35,53,75,33,36,47,52,46,132,39,58,93,70,49,62,67,45,43,89,51,119,37,58,56,25,64,50,98,37,43,63,6,48,38,51,40,23,32,45,64,60,39,62,35,63,56,52,58,35,26,41,51,61,54,62,45,44,62,34,36,51,32
"COG2122",4,13,6,8,14,8,6,10,7,3,4,7,11,1,4,7,0,2,4,6,4,11,11,5,5,6,5,6,5,6,5,10,4,5,4,4,6,4,2,7,15,8,6,6,22,10,19,2,6,1,0,1,5,4,0,8,2,9,2,9,16,11,10,4,4,15,6,5,2,4,10,9,13,3,8,8,7,7,6,5,1,13,3,6,3,10,9,15,0,9,2,9,4,7,5,9,4,4,8,3
"COG2123",88,28,7,6,16,101,10,5,0,0,44,21,44,34,0,10,3,20,6,85,28,0,27,8,43,24,5,91,9,24,31,27,16,36,20,79,25,20,11,62,64,11,32,7,70,40,11,21,41,29,17,14,66,1,35,22,4,13,40,11,82,75,24,11,80,17,9,14,38,1,101,28,5,8,8,18,5,85,35,16,36,45,1,24,36,67,5,1,1,69,14,87,33,12,3,1,9,24,34,10
"COG2124",416,224,318,389,315,497,248,295,317,261,256,360,233,425,315,283,53,391,230,389,416,375,258,471,330,467,410,301,399,383,360,440,356,353,381,425,201,406,327,561,373,328,423,324,415,388,183,207,484,283,281,297,290,169,257,333,330,209,142,254,279,299,149,245,216,119,198,218,323,177,293,325,207,233,179,343,191,272,397,263,318,327,186,282,279,261,343,417,138,352,344,278,381,228,245,264,107,261,275,262
"COG2125",74,20,3,3,12,86,4,1,0,0,24,31,36,9,0,4,5,7,6,72,15,1,15,11,36,7,7,62,11,20,21,16,12,31,28,51,15,14,5,21,60,4,24,0,60,26,15,7,19,9,9,11,37,1,25,19,13,7,19,10,64,72,11,4,72,14,6,11,33,1,76,25,3,4,2,12,2,66,19,9,33,34,0,25,28,58,6,5,2,55,12,70,22,7,1,5,10,19,28,7
"COG2126",1,0,0,0,0,0,0,0,0,0,1,2,0,0,0,0,0,0,0,0,1,0,0,2,0,0,1,1,2,0,0,1,2,0,1,0,0,0,1,0,0,0,0,0,1,2,0,0,2,1,0,0,0,0,3,1,0,0,1,0,3,3,0,1,1,1,0,1,1,3,3,1,0,2,0,1,0,0,0,0,2,1,0,1,0,0,2,0,0,1,0,1,4,0,0,0,1,2,2,0
"COG2127",55,44,133,83,40,37,83,98,70,50,28,56,34,77,66,85,48,65,66,53,62,48,53,74,67,74,63,28,93,62,64,63,83,55,63,46,29,75,68,43,46,87,59,78,49,51,39,111,42,52,41,78,43,69,83,63,39,82,33,61,44,49,123,91,25,29,102,64,33,52,41,40,95,70,113,75,85,53,48,80,30,56,73,39,41,37,70,39,46,57,24,37,57,73,49,79,155,98,100,83
"COG2128",176,159,77,96,65,151,98,89,107,69,150,103,138,88,75,88,96,88,99,199,119,75,168,89,142,90,84,143,101,81,181,78,101,154,112,125,123,78,100,174,183,108,198,95,225,80,146,97,122,78,88,92,150,90,83,89,111,98,147,98,174,220,69,105,106,126,88,109,92,98,200,131,123,114,92,119,92,247,132,79,113,114,92,110,107,224,96,89,83,160,99,195,101,116,82,129,42,80,82,68
"COG2129",2,3,2,0,2,1,0,0,0,0,38,2,3,0,0,0,0,2,0,2,3,2,4,2,0,0,0,1,0,1,2,1,0,2,3,3,34,2,0,6,0,2,1,1,1,0,8,0,0,0,0,0,1,0,1,1,0,0,16,0,0,2,2,0,0,18,2,0,0,0,1,0,0,0,0,1,1,1,1,3,0,0,0,1,0,0,0,2,0,3,0,1,1,0,0,2,1,3,4,0
"COG2130",131,142,126,169,170,125,136,190,141,203,76,154,156,168,189,165,190,180,200,130,192,232,164,179,142,229,169,169,178,159,162,229,168,179,155,134,64,207,174,222,158,180,114,152,143,211,97,153,222,167,141,136,103,123,137,108,132,107,76,104,102,96,72,133,92,36,104,111,185,135,95,144,107,93,113,91,96,77,99,80,142,149,117,165,109,117,96,155,110,94,114,82,110,112,105,97,69,143,117,102
"COG2131",117,63,36,61,50,131,35,15,28,43,96,70,77,54,36,32,36,39,21,96,45,58,65,66,81,55,62,91,43,45,62,51,37,59,54,98,90,49,25,58,84,43,50,49,83,59,57,41,52,48,48,39,82,18,44,39,39,56,88,41,95,99,47,38,71,53,81,30,72,55,106,49,29,55,44,69,28,103,63,66,68,55,26,65,50,100,52,103,45,99,43,84,76,41,37,38,40,27,46,61
"COG2132",407,165,162,29,54,330,99,32,124,53,93,44,227,78,120,25,247,28,17,285,80,97,239,26,201,25,19,270,19,55,348,47,12,173,173,486,46,35,29,99,300,40,529,22,213,54,86,165,79,18,38,31,182,37,63,86,38,42,182,37,318,205,102,33,286,74,48,35,142,48,300,56,34,24,83,37,50,404,83,33,81,61,40,23,145,376,47,46,44,369,17,304,41,38,76,78,42,60,44,15
"COG2133",551,522,411,478,430,532,394,473,531,589,432,511,754,502,490,465,503,498,549,647,532,362,613,571,446,522,548,704,489,569,540,499,550,763,613,610,432,523,434,550,586,360,552,538,592,593,444,439,669,596,632,527,644,515,525,518,579,493,510,481,701,651,383,482,723,422,439,512,569,345,659,604,488,501,321,413,405,587,464,503,653,583,470,580,615,649,496,378,540,629,633,616,587,562,465,497,320,484,467,528
"COG2135",75,86,149,160,25,87,140,182,167,242,109,124,87,137,106,204,65,140,189,96,140,25,107,140,114,168,155,120,143,156,103,114,156,99,98,95,107,167,158,115,114,158,120,162,104,115,90,180,134,163,120,145,89,130,124,105,106,166,107,159,117,104,179,168,96,124,138,128,95,8,96,124,178,159,171,130,166,128,114,135,127,99,134,119,101,109,137,74,166,120,173,91,144,141,130,148,224,160,155,150
"COG2136",0,0,2,1,3,0,0,0,0,0,0,3,0,5,0,1,3,2,0,0,2,3,0,2,0,0,1,0,0,5,0,4,0,1,1,0,0,4,0,3,0,1,0,1,0,0,0,0,6,0,0,3,2,0,4,1,0,0,0,0,0,0,1,0,0,0,0,1,0,0,0,1,2,2,0,6,1,0,5,1,1,12,0,3,1,0,0,2,0,0,0,0,11,1,0,0,0,11,5,1
"COG2137",48,70,21,42,32,68,28,41,35,32,75,40,46,37,40,31,51,29,49,50,25,30,56,44,42,26,38,48,34,38,52,30,26,34,32,31,73,25,26,40,74,24,54,34,61,27,68,36,40,47,43,27,37,39,34,31,50,26,78,35,43,51,17,26,42,88,33,27,39,43,62,17,26,39,29,28,25,40,37,42,29,29,34,44,34,42,39,47,43,35,35,52,29,32,30,29,15,28,38,23
"COG2138",106,74,152,35,52,112,167,135,51,21,42,38,78,49,24,118,7,108,49,141,110,43,33,40,111,70,39,94,81,56,45,39,66,90,68,99,45,74,115,65,103,195,61,61,106,55,61,124,43,24,8,62,67,53,94,78,17,117,64,87,117,98,174,68,104,45,86,91,27,34,145,48,65,48,156,79,110,132,48,65,48,56,49,34,47,120,64,30,54,127,5,132,51,87,36,51,219,117,124,56
"COG2139",19,7,0,3,3,34,1,1,0,0,17,15,23,5,0,5,2,5,0,25,7,0,4,3,13,8,3,31,6,9,7,18,6,9,10,22,3,12,6,17,33,5,8,4,23,18,6,5,18,9,3,3,18,0,22,16,2,2,7,6,20,24,10,3,55,3,4,1,17,1,28,15,1,5,2,8,1,31,8,7,12,21,0,12,13,28,4,1,3,25,2,44,9,6,0,1,4,5,18,2
"COG2140",2,5,4,2,0,0,2,1,0,0,5,4,6,5,0,1,0,2,0,1,4,0,8,1,1,1,1,4,0,3,1,5,1,3,8,6,3,2,2,4,5,3,4,4,2,2,8,1,2,1,1,3,3,0,2,1,1,1,1,4,6,5,3,1,5,2,1,4,2,0,4,0,1,0,0,2,0,6,0,2,1,4,2,1,2,0,2,1,0,5,0,6,3,3,1,0,5,1,0,0
"COG2141",1684,1088,427,552,434,1520,450,420,484,463,1169,560,2192,693,361,479,380,570,407,2692,1230,301,2376,540,1189,579,543,1931,714,519,1596,731,726,1737,1512,1446,830,647,446,2627,1725,612,1988,477,2206,831,947,531,1112,386,619,708,2059,401,713,761,1167,526,1336,647,2154,2429,444,797,1641,793,427,542,897,322,2226,945,584,583,452,744,534,2722,922,609,1089,1087,660,802,1197,2531,618,565,338,1694,793,2542,630,738,656,665,224,662,644,584
"COG2142",22,9,16,24,23,13,35,38,28,34,10,25,18,29,23,31,39,37,23,11,20,25,31,33,25,36,40,17,29,34,26,20,29,31,24,18,12,20,20,34,11,28,40,26,15,18,9,22,20,24,27,29,29,30,18,22,34,42,15,19,19,13,17,26,14,9,28,26,21,13,12,17,25,47,17,37,37,18,30,37,18,33,20,34,20,9,58,26,26,12,23,13,38,33,38,42,14,20,17,32
"COG2143",17,24,14,14,48,13,11,9,32,27,17,16,13,16,37,11,4,4,4,22,8,41,11,15,15,3,17,10,15,18,4,38,9,19,5,22,13,13,12,7,12,6,17,23,12,20,26,7,26,10,10,22,15,11,8,7,6,5,27,7,5,14,13,18,1,12,8,9,3,20,8,15,15,24,21,14,15,10,9,12,8,9,20,2,3,23,15,56,6,12,13,12,17,8,28,21,6,12,13,20
"COG2144",5,4,1,0,0,3,35,62,12,5,5,0,1,3,0,67,0,13,70,6,5,0,4,1,10,2,0,7,11,0,5,5,0,0,6,10,3,7,4,2,6,55,7,0,11,2,1,1,5,0,0,0,1,42,5,12,1,25,3,8,9,7,0,11,1,1,24,7,0,0,4,0,11,0,27,2,19,4,0,0,0,12,6,2,4,6,3,0,6,9,0,10,0,2,3,11,1,5,3,0
"COG2145",10,2,4,13,6,2,11,21,21,11,2,4,1,6,6,16,5,1,36,1,6,9,8,4,6,7,5,3,5,1,12,6,5,4,7,17,3,6,15,4,2,6,8,30,2,0,1,6,8,10,5,1,0,34,1,3,0,21,1,8,1,1,8,3,0,6,20,8,5,12,0,4,10,7,15,4,9,8,2,11,4,8,13,6,4,27,3,2,6,7,7,4,10,1,16,18,5,7,2,7
"COG2146",124,60,28,22,28,104,35,19,28,17,82,50,91,63,23,29,66,30,32,112,74,26,77,24,72,35,28,84,31,43,113,48,34,101,59,104,43,68,33,103,102,31,96,19,91,56,35,33,84,44,51,49,97,26,65,47,44,29,60,40,103,112,37,39,76,44,21,35,82,27,117,76,26,22,43,46,31,126,43,37,79,65,23,51,90,138,37,41,30,91,65,138,56,41,27,35,24,47,57,21
"COG2147",43,14,2,5,14,69,7,2,0,0,24,24,39,16,0,5,4,10,2,45,11,2,14,8,21,12,4,55,9,11,18,17,11,18,14,48,24,13,4,19,42,12,15,4,40,22,12,8,18,12,15,6,46,0,22,12,3,3,14,4,48,41,8,5,48,8,8,7,25,0,47,16,2,3,6,9,2,54,20,6,25,45,0,16,20,37,7,1,1,36,14,41,18,6,3,2,9,23,14,9
"COG2148",230,219,312,120,199,182,172,173,107,173,278,195,167,208,186,162,385,144,129,159,152,212,257,125,212,178,168,173,145,215,246,143,205,208,190,280,245,146,218,141,164,157,269,169,156,138,232,316,158,166,201,219,152,136,166,162,189,168,275,163,194,153,287,158,131,242,156,169,158,215,198,165,126,195,151,140,126,197,170,151,168,109,155,159,143,226,188,225,179,183,200,194,234,228,132,161,236,167,189,222
"COG2149",1,0,1,1,0,0,1,0,0,0,0,1,0,1,2,0,0,0,0,0,0,0,2,0,0,0,0,1,0,0,0,0,0,0,3,12,0,0,1,0,0,0,1,0,0,1,0,2,0,1,1,0,0,0,1,0,0,0,0,0,1,0,2,0,0,0,0,0,2,0,7,0,0,0,0,1,0,1,1,1,0,2,1,0,0,2,0,1,0,4,0,2,0,2,0,0,0,1,0,0
"COG2150",0,0,0,0,0,0,0,0,0,0,3,0,0,0,0,0,0,0,0,0,0,0,0,0,0,0,0,0,0,0,0,0,0,0,0,0,1,0,0,2,1,0,0,0,0,0,0,0,0,0,0,0,0,0,0,0,2,0,0,0,0,0,0,0,1,0,0,0,0,0,0,0,0,0,0,0,0,0,0,0,0,0,0,0,0,0,0,0,0,0,0,1,0,1,0,0,0,0,0,0
"COG2151",132,116,82,127,115,125,81,67,107,91,165,128,163,92,90,87,67,101,101,126,106,130,91,102,114,120,117,159,91,82,105,105,114,119,107,116,112,117,76,112,118,90,106,104,137,99,118,85,110,159,130,100,135,112,88,118,136,86,134,111,145,136,95,98,157,123,107,111,137,97,154,110,87,104,63,100,79,143,127,102,138,99,110,118,142,143,93,103,106,131,130,152,124,111,130,88,74,94,99,99
"COG2152",19,3,18,1,19,17,4,4,4,6,9,2,9,3,2,7,2,2,14,0,0,28,9,2,1,1,2,19,0,10,9,0,1,9,6,68,11,1,2,7,6,2,26,1,8,4,3,9,2,4,2,2,9,8,3,0,0,1,4,2,12,1,8,2,0,7,0,1,2,52,12,1,4,7,1,1,4,5,1,1,1,1,2,1,3,54,3,7,1,15,1,9,4,11,6,1,6,0,1,2
"COG2153",21,18,38,34,53,14,36,31,33,97,9,59,18,42,54,45,56,24,50,11,23,81,32,38,21,33,51,12,36,34,28,57,37,30,17,19,11,33,31,13,15,36,10,57,14,54,8,23,24,47,42,38,19,67,32,20,35,27,13,24,14,15,40,36,12,4,26,35,35,67,10,25,52,57,33,31,37,9,31,31,29,22,40,36,12,14,51,80,33,25,39,6,50,20,60,55,36,28,36,58
"COG2154",76,78,102,97,106,113,102,119,123,118,49,104,114,135,134,92,30,115,129,123,102,79,100,97,120,123,125,129,121,128,93,118,138,78,96,98,57,140,124,105,93,104,86,138,88,130,65,88,118,117,146,119,128,136,116,119,128,134,80,130,104,116,136,138,129,57,112,124,131,90,109,130,138,112,114,100,123,93,99,117,116,109,141,110,139,119,115,115,139,103,110,116,103,116,110,122,150,127,118,125
"COG2155",0,0,0,0,0,0,0,0,0,0,0,0,0,0,1,0,0,0,0,1,0,0,0,0,1,0,0,0,0,0,0,0,0,0,0,0,0,0,0,0,0,0,0,0,0,0,1,1,0,0,0,0,0,0,0,0,0,0,0,0,0,0,0,0,0,0,0,0,0,0,0,0,0,0,0,0,0,0,0,0,0,0,0,0,0,0,0,0,0,0,0,0,0,0,0,0,0,0,0,0
"COG2156",1,0,0,0,0,0,0,0,0,0,0,0,0,0,0,0,0,0,0,0,0,0,0,0,1,0,0,2,0,0,0,0,0,0,4,5,0,0,0,0,0,0,6,0,0,0,0,1,1,1,0,0,0,0,0,2,0,0,0,0,2,0,0,0,0,0,0,0,0,0,0,0,0,0,0,0,0,1,0,0,0,0,0,0,0,0,0,0,1,2,0,2,0,0,0,0,0,0,1,0
"COG2157",0,1,0,0,1,0,2,0,0,0,0,2,0,1,0,1,1,1,1,0,5,0,1,1,0,0,0,2,0,1,0,1,3,0,1,0,0,6,0,0,1,0,0,0,2,1,0,1,1,0,2,1,2,0,3,1,1,0,1,0,0,0,2,0,1,0,1,0,3,0,0,0,0,2,2,3,1,0,2,1,1,3,0,1,0,0,0,0,2,0,0,0,1,0,0,1,0,2,9,0
"COG2159",253,178,77,101,65,264,79,31,69,26,237,60,309,114,45,55,71,92,47,283,197,57,270,88,131,65,35,321,69,48,200,103,71,279,197,223,178,94,39,447,275,75,222,29,304,117,135,72,166,30,104,104,424,76,183,187,271,89,273,115,475,484,112,114,332,216,74,98,171,76,435,209,87,59,113,130,76,487,166,106,256,271,87,195,381,489,125,197,45,350,79,502,155,128,88,158,61,153,150,50
"COG2160",36,2,10,0,0,11,7,4,2,14,8,4,13,3,10,4,102,1,2,3,2,0,32,2,3,1,1,10,6,8,25,3,3,12,27,45,5,0,4,2,7,3,34,1,5,2,5,19,2,6,1,2,2,2,3,1,7,2,11,3,9,5,10,6,17,3,0,1,1,0,12,0,2,5,1,1,1,10,5,1,1,0,8,0,6,26,2,2,2,11,1,3,6,7,4,1,7,3,2,1
"COG2161",4,4,6,0,2,3,5,0,4,3,10,5,7,6,9,0,44,0,2,7,1,7,10,1,14,1,1,0,0,3,21,0,1,6,8,6,5,0,2,0,1,0,18,3,3,0,7,26,0,0,1,3,1,2,2,3,4,3,10,1,15,2,3,1,1,3,3,2,2,3,3,1,3,1,5,3,0,4,1,1,0,1,2,0,0,6,3,0,0,5,2,0,5,0,4,5,0,2,2,0
"COG2162",4,5,2,0,1,5,4,0,0,0,1,0,0,0,0,0,1,0,0,5,0,0,13,0,3,0,2,3,0,2,3,0,0,1,0,3,4,0,0,3,5,0,8,0,3,0,12,1,0,3,0,2,1,1,0,0,1,0,13,0,0,3,2,1,2,1,0,0,0,1,0,1,0,1,0,1,0,3,0,1,0,2,0,0,0,5,1,2,1,6,1,4,2,0,0,1,0,0,0,1
"COG2163",0,0,0,0,4,0,0,0,1,0,6,1,0,3,0,0,0,2,0,1,2,2,0,1,0,0,0,0,0,3,0,2,0,3,5,0,6,2,2,2,0,1,0,0,0,2,3,0,1,0,0,1,0,0,2,0,0,0,1,0,0,0,1,0,0,5,1,1,0,2,0,4,0,1,0,1,2,0,4,0,0,4,0,6,0,0,1,0,0,0,0,0,5,1,0,1,1,13,3,1
"COG2164",24,6,1,9,0,17,3,4,10,2,38,3,24,4,2,7,2,4,5,19,3,0,16,1,5,3,2,15,3,2,10,0,5,19,9,21,23,0,8,21,18,4,10,2,13,2,8,3,6,6,1,4,11,2,1,0,9,7,13,4,8,10,2,6,34,14,3,0,2,0,8,8,5,0,2,2,5,6,2,3,4,3,2,4,12,7,3,0,0,8,2,15,2,3,1,4,2,3,3,2
"COG2165",59,37,54,33,49,42,28,32,43,32,19,42,40,22,37,34,249,26,42,37,30,50,90,30,56,28,32,25,34,35,90,16,26,87,49,23,23,21,31,24,30,36,54,41,44,17,30,83,23,36,40,26,14,62,33,29,52,22,42,21,36,38,54,32,18,23,34,29,47,41,32,30,28,28,34,27,22,43,17,24,21,33,32,24,23,24,39,36,23,32,31,32,29,32,40,42,52,30,27,30
"COG2166",59,45,116,81,73,48,99,102,60,72,34,117,36,70,86,78,95,95,67,31,82,64,48,77,71,99,106,70,87,142,79,79,83,98,99,60,34,91,88,74,32,69,57,96,47,77,29,116,102,89,98,86,72,61,101,74,77,80,33,90,54,40,142,70,43,17,103,85,77,34,36,63,98,86,101,116,87,36,105,103,70,90,96,67,53,49,100,82,54,50,76,37,99,84,81,106,155,88,123,73
"COG2167",0,0,0,1,0,0,0,0,0,0,0,1,0,2,0,0,1,0,0,1,0,1,0,0,0,0,0,0,0,0,0,0,0,0,0,0,0,0,0,1,0,1,0,0,0,0,0,0,0,0,0,1,0,0,0,0,0,0,0,0,0,0,0,0,0,0,0,0,0,0,1,0,0,0,0,2,0,0,0,0,0,1,0,0,0,0,0,0,0,0,0,0,4,0,0,0,0,0,0,0
"COG2168",6,10,1,5,0,10,1,0,0,0,3,1,0,2,1,1,2,2,1,8,4,0,5,4,1,1,2,2,2,1,1,5,2,2,2,4,12,0,1,2,10,0,10,1,6,4,8,5,0,0,3,2,3,1,0,3,3,3,4,1,1,11,2,3,0,11,3,2,6,0,4,4,4,1,3,0,2,9,5,5,1,2,2,2,5,2,1,3,6,4,3,3,4,5,7,3,0,0,3,2
"COG2169",42,17,16,2,16,26,18,1,21,4,23,10,20,24,26,5,166,1,5,26,10,13,60,4,33,7,2,10,6,2,86,2,6,39,51,31,15,3,2,11,17,7,79,8,32,5,17,57,2,1,1,3,12,4,10,4,17,5,33,3,15,17,15,5,1,16,17,1,22,0,31,3,12,9,15,4,8,40,4,7,1,9,6,1,6,20,7,11,8,25,2,25,7,6,11,6,2,8,13,2
"COG2170",90,184,176,27,0,168,79,93,42,6,198,56,53,68,26,84,5,101,60,34,98,0,42,43,88,82,59,41,101,80,37,66,85,46,77,100,208,70,96,43,167,117,27,53,71,51,218,138,33,50,22,55,42,23,82,61,44,42,87,60,36,28,133,57,37,157,52,51,22,0,43,33,45,46,101,68,75,33,75,54,32,49,37,21,27,35,54,8,21,76,27,47,33,97,16,36,165,60,97,51
"COG2171",156,145,112,256,268,148,170,251,306,321,86,218,159,222,249,242,119,216,284,184,149,222,109,256,141,219,269,176,234,261,157,246,240,124,136,146,122,269,262,162,168,207,168,281,150,239,167,108,240,242,266,208,176,327,135,208,220,238,110,275,165,169,131,252,173,139,205,254,275,240,163,233,273,258,154,206,215,132,245,246,273,192,299,267,241,143,270,270,249,160,249,161,166,202,309,254,110,176,136,276
"COG2172",23,24,59,12,3,12,53,54,25,11,30,28,4,19,12,53,2,46,28,19,40,6,5,18,29,38,13,10,43,40,14,27,24,6,30,13,38,19,31,14,22,54,20,17,13,18,24,61,15,28,23,31,17,28,41,30,30,45,24,31,16,14,40,33,7,34,48,35,16,0,20,22,40,15,70,35,59,14,32,33,13,29,24,24,15,19,36,5,44,24,18,11,21,36,18,30,73,50,61,28
"COG2173",37,71,95,34,9,29,76,70,32,16,44,43,28,48,42,51,6,58,29,35,66,36,26,30,45,45,44,40,62,53,22,35,50,43,34,40,35,46,65,25,44,74,29,33,40,34,60,80,28,46,19,55,37,25,71,54,20,65,58,42,30,36,109,55,26,32,61,68,25,68,27,44,50,22,84,41,62,27,41,60,26,48,36,28,21,44,48,28,38,41,16,43,60,60,34,43,148,69,76,45
"COG2174",0,0,0,0,2,0,0,0,0,0,7,1,0,0,0,0,0,0,0,0,0,0,0,1,0,0,1,0,0,3,0,0,0,0,0,0,6,1,0,0,0,0,0,0,0,2,1,0,1,0,0,0,0,0,1,0,0,0,0,0,0,0,0,0,0,1,0,0,0,0,0,0,0,0,0,1,0,0,3,0,0,5,0,2,0,0,0,0,0,0,0,0,1,0,0,0,0,3,3,1
"COG2175",511,362,320,795,267,588,513,578,675,595,199,509,754,605,458,569,45,649,745,661,676,257,728,635,482,670,559,595,620,459,345,623,630,1039,632,487,228,689,531,1127,513,637,331,504,665,674,249,324,693,535,751,616,776,721,597,588,716,652,269,606,543,694,305,699,637,261,563,626,508,377,555,786,719,532,433,565,649,525,685,584,732,690,650,761,642,467,537,398,703,549,634,520,454,594,519,572,262,629,521,550
"COG2176",48,52,6,35,0,27,17,13,9,15,170,43,54,19,4,15,12,34,9,35,61,1,43,17,27,30,17,75,24,20,40,22,45,36,62,20,114,33,28,63,49,17,48,6,47,17,49,41,38,50,77,25,73,9,45,28,95,20,79,33,56,56,7,30,88,91,17,17,38,0,51,24,7,19,4,27,7,52,53,27,69,34,19,34,77,51,32,18,38,46,62,51,25,55,9,25,12,19,29,24
"COG2177",110,85,107,72,116,82,65,46,33,89,125,104,66,87,99,46,150,75,58,79,73,174,83,71,106,64,110,73,78,89,111,104,58,107,90,87,123,62,69,73,81,35,118,117,84,93,97,93,87,109,82,96,71,38,62,82,105,66,110,68,61,60,82,76,87,99,57,81,83,161,72,84,66,84,63,76,57,76,103,64,83,50,73,76,55,75,97,146,58,80,83,64,121,79,56,91,57,49,84,78
"COG2178",78,15,1,10,0,104,3,17,4,17,25,11,38,20,0,7,3,16,9,87,15,0,7,18,41,16,14,50,11,10,44,13,7,14,14,75,11,18,17,38,64,5,33,15,59,24,14,3,33,18,22,14,42,6,12,12,15,13,33,18,61,74,2,8,72,13,9,22,35,0,84,21,9,8,4,19,11,78,25,18,40,10,10,19,46,79,26,5,9,69,39,86,3,11,7,9,1,17,9,17
"COG2179",6,9,71,6,0,11,45,49,14,0,0,7,3,16,7,33,0,25,14,7,22,0,2,15,30,24,18,3,29,43,3,10,13,14,8,11,0,25,42,5,5,52,2,21,9,12,9,42,6,8,2,26,4,14,35,20,0,19,1,24,7,0,80,21,1,4,37,22,1,0,3,18,19,24,52,24,33,4,9,22,0,10,21,3,5,4,17,1,15,5,0,3,11,14,8,22,97,36,47,30
"COG2180",1,78,3,0,0,54,1,0,0,0,64,0,7,1,2,0,20,0,0,0,1,0,10,1,0,3,0,0,0,0,3,0,0,7,1,0,101,0,1,1,37,1,2,2,0,0,123,5,0,0,0,0,3,0,2,0,3,1,95,1,0,1,3,0,0,171,1,0,0,0,0,0,0,0,0,0,0,2,0,0,0,0,0,0,0,1,0,4,1,6,0,0,1,0,1,3,1,0,0,0
"COG2181",21,167,7,9,6,87,8,2,5,3,173,5,12,7,7,5,31,4,10,17,2,1,21,11,16,1,3,3,5,2,15,11,4,13,5,12,244,4,4,7,108,4,14,1,32,8,246,2,7,1,3,5,10,2,3,3,4,5,166,4,12,29,4,5,3,251,8,4,13,30,15,1,8,4,2,5,4,22,7,2,3,6,7,4,4,15,5,24,8,15,4,21,5,0,12,3,3,4,7,6
"COG2182",23,16,17,34,10,11,21,34,31,40,20,52,11,26,12,32,11,26,36,34,10,21,60,31,20,36,45,29,14,43,9,16,16,16,19,29,20,17,49,30,23,24,25,19,31,16,21,18,37,38,28,35,12,21,8,28,41,45,24,42,21,19,16,33,8,16,24,46,34,2,31,21,30,52,7,51,19,31,29,38,33,25,32,27,21,46,56,6,38,31,80,21,35,35,32,28,21,8,14,61
"COG2183",105,42,48,10,39,39,42,0,23,2,28,40,35,46,75,15,339,14,4,41,24,40,127,17,76,6,9,23,6,14,175,13,10,85,63,56,17,17,16,16,17,13,144,6,55,12,16,99,18,7,5,18,17,7,25,11,17,6,60,15,49,37,41,5,9,27,32,11,34,125,42,18,12,14,25,36,15,88,21,5,4,48,12,24,13,103,19,29,12,28,9,44,63,21,20,10,20,52,32,2
"COG2184",4,7,5,0,0,1,6,0,0,0,12,0,5,1,2,0,36,0,0,1,1,0,17,0,1,0,0,8,1,4,16,0,1,4,11,19,6,0,1,0,1,0,10,0,4,1,5,10,1,1,0,0,3,1,1,0,2,0,5,0,0,0,4,0,0,11,1,0,0,0,6,0,0,0,1,1,0,10,1,0,1,1,0,0,0,6,0,0,3,5,2,6,4,0,2,2,1,1,0,0
"COG2185",284,294,322,207,380,280,191,136,202,119,246,312,234,194,192,156,31,202,144,283,256,437,224,173,217,225,206,254,205,277,203,223,203,282,185,288,318,191,199,263,312,195,219,265,269,259,295,185,274,205,191,239,263,125,230,251,194,187,250,195,265,304,345,157,200,288,179,210,237,370,291,279,236,237,234,236,183,303,254,182,210,274,164,270,198,372,177,419,157,319,247,303,388,213,193,242,206,177,235,218
"COG2186",110,106,45,61,70,100,43,9,57,24,80,28,45,51,86,14,298,8,16,74,36,121,126,35,85,12,30,29,16,18,201,18,13,72,87,155,91,9,13,44,113,30,225,18,84,14,112,96,30,9,5,12,39,13,20,17,28,23,100,30,75,87,36,19,11,122,35,21,19,31,92,16,34,21,54,55,20,107,25,27,6,23,18,24,13,92,36,82,13,72,7,78,25,12,49,56,17,23,19,9
"COG2187",23,32,21,10,0,16,9,3,7,3,17,0,11,3,2,6,8,1,2,22,8,0,18,5,10,0,0,12,1,7,44,0,2,17,11,17,20,0,3,8,28,3,31,0,20,3,33,29,8,0,1,3,17,2,2,13,5,5,26,2,31,20,14,0,4,9,10,4,7,0,22,6,1,0,8,4,2,47,4,2,5,5,0,3,12,24,7,1,4,27,0,33,4,7,2,9,4,1,8,4
"COG2188",68,81,42,48,148,76,27,14,126,98,35,31,17,38,82,19,89,14,10,40,28,164,62,36,43,13,33,19,60,38,51,23,18,34,55,83,43,24,24,23,69,28,111,26,50,28,51,33,30,14,11,24,24,17,21,32,11,13,46,17,50,48,36,51,4,48,21,15,16,258,53,30,42,37,32,39,27,42,20,32,7,28,88,15,6,35,16,167,5,47,11,40,33,14,62,73,19,26,24,18
"COG2189",46,27,56,38,22,38,50,38,9,23,126,60,49,68,35,21,68,30,33,33,25,12,42,44,71,34,24,37,43,32,75,29,57,59,58,47,118,28,38,26,29,23,157,30,37,25,38,79,20,39,30,36,29,32,18,25,58,41,70,47,30,25,33,44,67,68,59,34,16,5,44,26,22,39,34,42,38,51,58,44,25,34,17,30,33,45,42,57,50,61,51,34,36,62,19,24,51,19,13,42
"COG2190",5,1,1,0,0,2,1,0,2,0,0,2,3,4,10,0,7,0,0,0,0,0,9,0,8,0,0,1,0,0,4,0,0,3,2,0,0,0,0,0,1,0,0,0,2,0,0,8,0,0,0,0,0,0,1,0,1,0,1,0,1,2,0,0,1,0,1,0,3,0,9,0,0,0,0,0,0,2,0,0,0,0,0,0,0,1,0,0,0,2,3,0,0,0,3,0,0,2,1,0
"COG2191",0,0,1,0,0,0,0,0,0,0,7,0,0,0,0,0,0,0,0,0,0,0,0,0,0,0,0,0,0,1,0,0,0,0,0,0,13,0,0,0,0,1,0,0,0,0,2,0,0,0,0,0,0,0,0,0,0,0,0,0,0,0,1,0,0,13,0,0,0,0,0,0,0,0,0,0,0,0,0,0,0,0,0,0,0,0,0,0,0,0,0,0,1,0,0,0,1,0,0,0
"COG2192",285,351,254,1335,278,375,398,387,427,450,444,630,487,534,330,397,74,402,348,398,352,290,296,997,522,599,551,417,410,349,199,405,728,324,472,392,490,520,514,373,333,647,185,369,347,443,431,332,403,460,387,402,548,334,337,327,444,646,382,667,338,344,319,479,711,511,903,581,374,486,335,370,630,530,360,1232,555,307,1083,1010,452,345,460,450,471,309,646,192,507,344,480,335,292,619,270,342,396,411,327,523
"COG2193",26,36,55,59,49,20,47,48,44,50,26,56,57,41,60,46,109,39,60,25,50,75,72,55,54,51,56,34,46,54,70,42,56,72,60,17,23,30,44,30,13,41,63,54,26,47,24,77,63,67,54,64,47,69,56,50,84,39,36,47,28,20,41,54,47,16,59,36,69,55,20,38,46,52,47,41,48,42,64,46,55,44,42,49,43,20,48,50,41,22,47,16,52,45,64,54,41,42,46,42
"COG2194",44,53,9,2,153,70,23,3,12,4,25,18,18,26,56,4,268,1,2,30,12,137,64,7,65,4,2,6,4,4,113,17,3,50,37,11,14,6,3,3,31,1,72,14,65,9,19,66,6,2,10,5,7,0,11,6,28,5,39,2,34,43,21,3,3,23,9,9,21,85,24,3,3,6,11,4,12,34,9,6,2,1,7,1,4,17,4,51,3,21,1,23,10,8,14,8,6,16,13,3
"COG2195",63,22,71,21,134,47,23,21,19,35,38,48,74,36,59,21,24,21,28,54,60,168,120,18,44,17,40,91,32,52,42,41,33,64,55,64,34,27,39,49,47,21,44,50,52,41,35,35,35,26,18,20,46,15,20,21,14,19,35,16,40,33,19,20,16,17,27,19,13,140,46,17,17,31,35,19,21,37,15,15,22,18,16,17,20,78,24,115,11,44,18,40,54,24,37,26,25,12,24,17
"COG2197",331,171,329,69,216,168,199,84,157,101,205,111,144,151,224,99,921,86,65,140,153,180,275,81,229,107,81,101,84,87,523,90,80,244,265,464,143,68,108,67,121,111,419,86,170,76,157,336,65,52,36,140,77,58,153,98,93,74,215,97,150,139,270,68,40,147,128,65,114,165,185,75,85,82,187,136,117,225,91,106,21,95,87,44,56,419,130,204,64,194,47,155,121,151,130,183,230,204,192,83
"COG2198",78,36,42,0,8,40,48,1,1,3,40,31,65,51,43,3,639,0,2,25,16,5,143,0,86,4,3,25,2,1,279,1,3,110,80,4,11,0,3,8,20,1,191,19,63,2,16,191,2,4,1,7,14,4,7,6,41,9,50,6,6,32,52,5,12,13,40,1,73,1,39,2,4,13,13,1,3,75,20,8,3,5,3,0,7,21,12,6,10,14,9,22,17,10,20,4,20,18,17,0
"COG2199",873,381,600,19,141,512,476,28,71,33,412,267,449,332,869,43,4769,31,26,294,237,95,1549,25,826,98,18,256,33,84,2418,30,46,975,755,323,270,27,92,122,212,32,1986,143,603,30,214,1576,37,46,66,97,246,38,179,107,387,72,653,80,243,354,468,40,114,239,268,23,460,72,373,44,64,129,196,55,38,831,160,87,33,80,25,36,117,358,137,81,123,380,87,316,274,107,216,76,140,214,206,25
"COG2200",414,154,265,10,48,243,239,17,29,14,141,114,153,149,448,22,1746,10,16,132,118,28,674,14,368,38,10,94,17,45,1090,7,29,441,336,132,101,14,50,60,85,16,945,56,268,9,52,714,17,15,23,48,82,39,69,74,137,33,308,29,132,180,199,21,29,58,152,8,212,13,145,20,21,60,73,14,34,411,75,38,11,34,13,9,44,151,64,68,52,174,24,137,77,47,127,50,56,97,101,11
"COG2201",95,41,67,9,5,64,46,19,35,9,30,53,56,61,54,13,408,5,10,65,19,10,133,16,111,12,8,59,5,20,215,15,8,100,88,64,41,11,27,15,34,36,203,13,84,18,24,164,26,6,24,13,52,17,26,52,47,18,64,18,56,52,52,7,18,29,25,6,67,10,64,13,12,16,37,20,8,99,23,16,5,22,14,11,12,105,30,18,9,74,3,51,33,36,34,24,16,37,40,11
"COG2202",1062,556,822,49,173,543,611,73,143,76,734,333,527,419,974,91,4681,48,96,328,250,140,1396,72,978,109,75,312,81,253,2727,56,72,1199,816,659,597,74,182,176,282,78,2360,176,678,55,457,1757,87,143,136,174,241,125,211,290,397,141,853,109,345,386,649,59,130,497,353,53,564,305,405,73,94,145,222,92,89,888,211,119,33,157,83,59,157,565,158,190,177,470,80,353,360,207,290,196,259,285,237,44
"COG2203",327,86,301,97,35,154,270,133,125,47,119,96,83,118,252,145,870,88,105,141,181,22,261,93,262,96,81,122,103,122,586,67,94,262,213,316,93,103,117,88,96,148,489,115,170,63,62,378,81,54,52,111,66,108,131,146,77,112,179,94,128,99,325,83,20,60,149,86,123,92,150,59,152,117,315,97,186,227,74,109,36,74,100,41,45,222,134,61,89,170,37,105,149,119,140,153,223,171,195,97
"COG2204",890,865,652,657,747,625,561,486,713,596,920,551,692,581,869,526,1379,442,593,596,564,979,944,637,706,488,586,593,517,598,1119,587,513,989,687,661,826,487,530,524,707,430,1047,661,751,575,893,746,620,493,573,491,583,625,470,563,556,514,964,503,701,717,616,507,475,819,563,543,577,871,678,562,537,524,488,441,497,865,503,497,474,454,654,516,380,772,579,825,551,703,523,646,722,502,675,639,397,454,404,519
"COG2205",59,8,72,27,2,30,13,0,8,3,18,4,16,6,14,4,142,9,2,33,3,1,45,36,23,3,1,12,1,8,54,1,2,26,15,37,9,1,4,2,33,9,52,5,40,0,5,37,4,2,3,45,7,1,5,20,7,0,20,3,41,53,10,1,2,6,7,8,2,1,49,15,5,2,9,41,5,64,4,29,2,24,4,10,1,49,33,2,9,38,3,57,25,9,7,46,7,4,2,1
"COG2206",212,209,132,35,11,127,73,13,12,19,308,70,104,63,130,28,671,33,16,74,46,16,304,33,131,35,18,104,45,38,328,12,48,184,137,46,220,30,31,104,127,34,245,30,118,19,209,230,45,64,49,15,62,6,41,43,79,9,193,25,74,81,73,19,70,136,37,25,92,13,60,31,11,14,13,22,9,101,45,33,29,36,15,25,36,64,29,6,31,66,45,71,55,38,22,16,37,20,37,13
"COG2207",620,212,552,95,368,243,254,37,136,153,90,160,268,210,522,82,1640,41,77,133,78,534,797,112,337,58,97,294,59,124,895,103,58,482,318,1095,92,57,92,71,136,60,873,131,220,115,89,718,83,79,75,139,95,83,110,159,143,77,337,88,215,159,351,56,58,65,194,51,170,665,257,91,97,117,178,116,68,463,108,101,41,109,107,37,87,795,164,434,96,325,57,212,251,203,197,170,122,146,143,70
"COG2208",139,246,589,135,190,184,341,400,252,227,141,260,198,280,173,330,303,312,270,149,248,158,188,174,315,262,160,184,287,326,222,175,289,226,226,128,111,219,398,201,145,363,182,345,132,173,142,355,173,294,298,297,203,302,296,460,182,361,147,248,104,139,554,252,175,117,277,311,226,137,126,280,237,253,380,305,281,136,245,179,222,257,242,261,219,107,255,169,441,174,245,128,362,253,211,343,365,269,302,287
"COG2209",37,39,75,73,104,26,54,59,63,87,23,89,48,63,81,51,84,43,69,26,45,112,54,47,43,63,80,46,60,92,51,85,46,66,48,35,27,62,52,31,18,40,30,80,33,79,35,68,53,106,76,63,44,81,56,40,92,62,26,29,27,34,60,69,51,22,65,51,84,115,24,42,60,78,54,36,37,18,63,43,59,30,72,61,46,27,64,111,47,28,68,17,96,54,86,67,60,46,63,85
"COG2210",14,36,3,5,4,25,0,0,1,1,43,2,7,2,2,2,1,0,0,11,0,2,6,3,6,2,1,2,0,1,8,4,1,9,1,9,50,1,0,4,21,2,3,0,23,4,40,0,3,1,1,2,12,3,1,5,0,5,40,4,24,26,8,2,2,64,3,1,3,25,23,2,2,1,1,6,3,14,4,3,2,2,3,3,2,12,0,10,2,25,0,16,1,6,0,0,0,2,2,1
"COG2211",152,173,417,372,370,143,363,367,358,507,158,310,153,328,310,420,382,352,476,122,385,411,190,346,284,367,382,175,439,380,202,342,314,261,217,195,90,339,346,273,130,402,162,403,158,341,150,369,315,296,268,370,133,535,383,249,269,313,190,298,144,128,373,397,127,86,341,304,293,290,140,261,506,368,510,313,345,131,275,309,234,290,384,313,175,121,398,573,339,188,257,93,307,321,409,298,462,347,413,349
"COG2212",7,1,5,0,0,3,3,1,0,0,0,0,1,1,0,0,5,0,0,2,0,0,1,0,4,0,1,0,0,0,9,0,0,3,5,5,0,0,0,1,2,0,10,1,1,0,1,5,1,0,0,0,3,0,0,0,2,3,3,1,6,1,1,0,0,0,3,0,0,0,3,0,0,0,4,0,0,6,1,0,0,1,0,0,0,11,1,1,2,2,0,4,1,3,0,0,1,1,1,0
"COG2213",5,1,4,29,0,1,11,24,2,9,0,30,17,38,3,21,8,48,12,4,9,1,20,34,18,32,26,10,21,51,0,26,41,2,35,26,0,30,47,16,1,32,34,33,1,29,1,3,24,36,37,35,18,14,7,41,22,43,2,45,4,0,1,24,11,0,24,54,65,0,10,35,16,54,7,56,27,11,61,47,42,50,26,40,42,5,56,22,37,9,75,4,12,41,26,27,4,8,10,52
"COG2214",146,195,370,231,179,142,300,336,295,251,189,187,148,243,262,292,93,282,244,160,283,165,146,241,187,262,202,125,260,244,129,224,284,186,257,215,174,275,284,205,148,298,205,241,118,239,213,322,195,182,203,267,165,231,306,237,174,272,160,298,154,119,305,264,157,198,288,253,145,163,116,237,283,177,341,266,312,140,204,268,191,267,279,237,202,138,266,163,246,149,191,118,258,263,201,306,381,321,362,240
"COG2215",7,5,8,10,3,6,5,1,2,2,1,11,2,4,5,4,9,3,4,6,4,4,14,11,4,7,10,9,2,4,7,6,8,12,13,5,3,8,7,9,1,4,15,12,5,10,2,8,2,28,9,4,13,5,3,6,19,1,8,4,7,0,12,5,6,5,6,6,6,0,1,1,3,3,2,6,3,10,14,10,4,5,6,6,1,1,5,11,5,5,9,3,16,6,4,3,5,0,5,4
"COG2216",1,0,1,0,0,0,2,0,0,0,0,0,0,2,0,0,1,0,1,3,0,0,3,0,2,0,0,3,0,0,12,0,0,0,3,14,0,0,0,0,0,0,13,0,1,2,0,0,0,1,0,0,0,1,0,0,2,1,1,0,2,1,0,0,0,1,1,0,0,0,3,0,0,0,0,0,0,5,0,0,0,1,0,0,2,2,0,0,2,1,0,5,1,3,0,0,0,0,0,0
"COG2217",694,585,819,134,222,440,565,320,187,115,555,441,387,511,315,304,1188,328,195,453,442,139,687,190,689,348,210,515,348,440,1089,265,270,590,928,1154,572,290,377,362,408,383,1335,222,437,257,563,950,353,298,182,366,341,168,477,407,241,349,675,387,546,300,761,302,173,492,394,305,287,52,572,317,236,309,501,406,306,710,394,333,164,491,199,274,212,764,367,155,255,573,301,531,378,420,220,278,580,412,554,309
"COG2218",13,6,17,13,6,18,9,5,12,4,15,30,19,20,5,7,4,5,7,7,17,0,21,21,6,6,7,44,6,14,8,16,20,7,2,6,5,22,9,11,26,8,2,18,16,15,7,0,25,15,16,9,15,8,21,6,7,12,9,11,21,21,8,8,18,6,9,9,23,16,28,12,13,11,11,10,9,15,24,15,7,7,7,13,5,6,11,1,8,19,18,19,24,6,10,9,12,9,20,11
"COG2219",149,42,10,10,31,170,14,4,0,2,28,60,90,28,0,9,7,36,7,156,50,1,38,14,51,39,17,153,23,41,75,54,36,56,38,114,10,35,13,87,105,24,76,7,125,70,14,27,60,39,30,24,111,2,72,53,28,23,31,22,144,125,49,27,175,17,12,28,70,0,153,60,12,17,11,23,8,145,65,16,62,69,1,40,66,131,10,1,8,128,44,156,51,22,6,3,19,44,62,21
"COG2220",272,230,344,342,269,232,419,478,336,362,185,281,276,357,313,396,387,393,339,333,322,241,227,354,360,352,247,281,311,303,314,288,267,227,266,350,200,332,435,235,257,414,305,345,297,319,246,280,303,324,317,269,300,290,348,330,300,405,181,367,291,332,362,318,299,268,337,387,249,262,287,326,343,309,380,325,379,283,256,382,336,267,313,324,322,298,349,184,399,248,329,315,262,288,262,312,446,347,336,323
"COG2221",26,73,7,23,11,50,8,14,21,10,86,18,24,22,13,10,0,19,15,37,10,2,23,42,25,13,23,12,13,5,14,20,17,10,9,15,126,28,6,12,81,14,16,3,61,23,107,6,36,10,35,12,19,13,14,7,13,13,81,19,22,58,2,25,9,103,20,10,29,0,35,15,32,12,1,17,15,31,26,24,26,13,31,14,28,34,11,9,30,41,21,33,4,16,43,9,0,9,12,17
"COG2222",24,4,3,4,4,7,6,10,9,4,9,4,14,11,18,3,55,9,15,2,8,11,13,6,6,10,7,8,8,3,16,14,12,19,8,17,5,7,7,12,6,5,16,15,11,11,3,13,7,2,17,13,12,17,17,15,23,16,19,16,20,8,6,17,15,5,9,6,4,0,11,17,21,16,5,15,9,13,10,8,18,6,5,15,15,13,5,21,10,18,9,12,13,12,13,5,8,13,9,15
"COG2223",43,474,104,42,8,187,109,107,28,5,443,13,43,27,41,82,227,62,64,25,26,6,84,63,48,51,14,15,5,6,70,25,16,54,59,31,577,21,26,16,183,91,78,7,25,19,535,86,12,1,1,51,15,42,66,43,12,63,433,36,33,27,33,9,12,580,70,23,12,6,23,32,7,8,52,65,39,70,15,54,2,93,21,22,12,23,50,28,29,29,2,28,54,24,19,93,5,99,75,14
"COG2224",189,332,104,275,241,275,166,251,270,392,306,285,212,278,230,243,143,206,342,230,149,203,148,282,231,271,300,200,271,228,223,265,282,132,168,222,333,272,274,143,259,209,227,272,247,298,325,122,251,319,341,233,156,316,218,268,270,285,276,227,207,245,81,265,228,373,203,224,401,218,202,271,270,293,155,203,262,180,288,279,297,235,326,255,271,199,313,233,347,236,369,201,144,217,394,247,91,205,155,309
"COG2225",275,380,210,540,482,334,352,526,530,740,370,391,392,492,529,498,225,460,557,323,332,499,301,491,385,498,489,373,449,425,291,459,539,243,388,320,420,499,449,415,336,392,310,510,305,484,445,234,482,469,586,415,422,557,380,475,490,496,359,463,337,352,181,502,433,419,434,470,578,472,334,519,510,454,316,365,477,294,405,423,547,389,551,556,625,294,459,369,660,357,527,305,348,431,587,520,202,403,260,479
"COG2226",348,328,411,336,297,372,406,514,362,463,408,336,364,329,367,425,132,413,434,388,377,308,278,380,346,403,391,345,327,393,235,361,348,279,304,381,432,334,453,309,368,406,248,445,403,352,386,237,332,371,375,402,310,447,314,378,354,398,389,412,381,372,425,330,386,445,394,437,254,338,406,369,364,374,389,320,417,434,342,338,335,316,370,402,334,415,349,310,433,380,415,391,343,323,364,368,534,344,343,410
"COG2227",178,196,244,270,264,166,259,331,331,353,172,218,174,263,282,274,191,259,318,178,235,379,176,236,227,276,226,168,252,256,148,225,264,175,164,174,179,265,290,178,183,247,174,271,173,185,188,237,207,231,251,238,186,326,224,232,245,268,178,240,166,181,207,276,230,214,280,253,183,367,162,227,288,241,274,222,292,139,223,247,212,176,273,226,208,152,227,242,309,166,246,167,225,285,225,286,243,252,232,204
"COG2229",0,0,0,0,0,1,0,0,0,0,0,0,0,0,2,0,0,0,0,2,0,1,2,0,0,0,0,0,0,0,0,2,0,0,2,0,0,0,1,0,0,0,1,0,1,0,2,1,0,0,0,0,0,0,0,0,0,0,0,0,5,0,1,0,0,0,0,0,0,1,0,1,0,0,0,0,1,1,1,0,0,0,0,0,0,0,1,0,0,0,0,0,1,0,0,0,0,0,0,1
"COG2230",257,242,217,576,442,211,444,524,582,748,160,416,478,427,546,478,195,489,648,340,380,301,360,589,360,542,510,419,448,416,211,438,492,298,404,252,239,464,485,452,232,399,260,444,248,484,243,235,528,545,667,413,482,650,382,543,525,538,195,489,308,322,255,496,537,237,461,520,395,585,302,503,490,433,285,358,519,217,421,498,604,347,599,542,555,186,416,271,722,290,552,228,385,482,432,421,192,423,300,490
"COG2231",8,7,2,0,0,3,1,0,0,1,40,0,21,1,2,0,2,0,0,12,4,0,10,1,3,2,1,11,0,2,5,1,0,8,5,0,32,0,0,11,10,0,9,0,19,1,27,2,2,0,0,1,10,0,1,1,1,0,23,1,8,6,2,0,11,18,0,1,7,0,15,1,0,0,0,1,0,12,2,0,4,1,0,3,14,5,0,0,0,4,0,10,3,0,0,2,0,0,1,0
"COG2232",2,5,10,12,5,9,1,5,15,3,9,5,12,8,7,3,1,5,10,8,3,0,2,16,1,0,5,5,6,6,2,7,6,6,5,2,7,7,3,7,4,3,6,3,4,4,4,5,9,5,11,4,10,12,4,3,3,5,7,3,1,5,5,5,10,5,0,1,8,11,3,6,13,6,3,11,5,3,8,6,7,2,7,7,7,6,7,1,8,2,12,4,3,2,5,3,4,6,4,3
"COG2233",181,161,37,146,69,153,52,28,42,16,112,123,109,90,100,19,170,64,12,145,43,72,81,131,116,83,91,100,28,63,178,79,102,57,73,101,112,96,39,65,159,70,153,68,182,72,177,89,81,50,70,62,98,17,59,65,96,50,172,83,167,178,53,35,107,126,76,86,94,72,149,78,42,101,65,102,74,142,154,128,72,101,30,100,64,126,92,67,20,133,89,165,68,61,58,67,33,74,52,96
"COG2234",660,542,341,210,553,587,278,113,120,253,976,554,472,375,457,211,1013,248,184,340,286,651,585,247,375,218,332,594,261,450,603,400,288,496,391,592,748,321,218,375,593,152,530,421,609,422,556,434,367,492,427,310,405,191,372,281,359,134,771,181,547,530,369,226,282,617,215,219,489,666,538,353,232,331,241,179,149,408,403,244,261,355,218,301,235,591,265,673,219,538,357,493,533,323,335,270,330,248,367,334
"COG2235",8,13,10,0,1,6,3,0,0,2,4,1,3,4,3,0,11,0,2,5,6,0,27,1,4,5,1,18,3,6,12,1,3,17,12,6,1,3,7,5,9,0,13,1,7,3,1,26,4,5,7,2,16,1,6,20,29,2,15,7,19,9,6,6,13,3,2,1,13,0,8,4,1,1,2,1,0,20,13,1,10,5,5,5,12,16,4,10,3,8,3,16,11,16,3,3,5,5,12,2
"COG2236",78,93,49,162,80,84,95,130,158,163,58,122,96,155,128,138,112,158,170,93,93,78,54,182,94,179,180,84,134,143,88,140,157,54,117,74,92,135,157,91,98,125,63,155,83,152,83,67,139,172,208,145,104,162,110,128,154,174,76,142,78,101,64,143,134,105,143,147,167,109,79,148,135,144,65,139,156,81,160,171,185,119,156,176,173,56,161,101,158,93,195,96,116,134,161,138,57,124,98,174
"COG2237",129,38,12,16,29,127,10,10,0,0,28,56,82,31,0,10,12,31,8,107,48,0,38,14,53,31,13,122,16,28,40,39,25,58,48,83,3,31,13,72,97,12,37,9,101,53,11,28,66,41,33,15,94,2,59,45,19,12,40,15,136,84,32,18,159,21,22,26,72,0,125,45,5,9,16,13,4,105,45,23,71,47,1,34,58,116,8,2,7,97,25,132,39,20,11,2,26,38,51,11
"COG2238",31,19,3,6,5,45,8,4,1,0,27,23,23,14,0,3,4,14,5,29,15,0,17,2,13,10,7,55,6,20,16,21,16,17,18,41,16,17,9,32,45,9,14,3,36,20,6,10,32,18,17,12,43,1,34,28,7,7,18,9,37,28,12,15,50,10,4,11,27,0,43,31,5,8,6,4,4,35,28,7,27,28,0,10,19,40,6,2,2,58,16,48,19,13,0,2,2,11,21,13
"COG2239",286,359,418,382,403,318,372,464,457,559,394,405,273,469,476,481,391,435,481,318,376,451,275,388,354,506,463,248,451,439,336,352,480,310,320,309,301,473,456,240,315,395,292,482,292,400,358,411,340,510,485,411,270,529,407,429,416,463,333,426,241,276,457,505,350,393,397,415,411,456,287,398,511,392,396,357,428,252,422,410,411,296,483,397,416,267,401,409,532,318,450,252,372,463,508,410,466,407,385,447
"COG2240",5,3,4,17,4,1,4,11,33,9,2,4,3,3,15,5,2,2,22,2,7,4,10,19,1,2,10,0,7,4,3,4,5,12,8,15,1,4,6,11,1,11,9,6,2,3,6,9,4,2,5,5,4,33,10,5,1,7,0,11,3,2,9,13,1,1,2,6,3,0,7,3,13,12,11,21,7,5,2,19,4,11,14,6,1,8,9,4,2,6,3,9,9,4,17,12,5,11,3,6
"COG2241",49,47,129,46,46,62,97,102,51,17,39,36,60,50,35,104,10,95,57,60,99,80,25,31,71,72,48,69,60,85,32,58,54,64,45,57,39,42,91,52,53,128,25,63,43,40,28,114,38,31,9,95,68,59,83,54,17,80,40,75,65,58,185,45,79,45,73,70,18,15,59,39,49,71,141,86,95,58,30,79,39,58,51,31,45,54,46,34,34,64,6,61,55,64,29,74,207,114,126,65
"COG2242",102,37,163,44,62,101,109,119,53,14,37,25,51,33,38,91,4,75,53,94,83,55,27,48,75,64,48,74,56,65,46,54,44,62,43,80,29,68,88,56,86,144,56,78,71,49,30,122,51,28,7,79,47,55,82,58,11,74,38,66,98,73,149,60,75,28,76,79,28,20,84,48,65,57,128,82,104,98,38,70,36,75,39,29,48,82,59,56,36,90,11,97,61,68,31,54,199,94,99,77
"COG2243",101,36,135,31,40,86,99,92,48,17,25,43,57,39,40,82,3,62,61,98,89,48,27,36,81,46,62,80,69,71,40,42,67,44,44,92,37,42,79,38,59,118,37,66,99,54,30,91,52,29,10,67,61,51,67,39,21,49,45,49,102,70,145,52,98,23,69,74,30,14,93,40,46,52,138,74,74,92,32,55,44,52,41,19,56,91,49,37,27,85,6,104,59,50,38,52,178,76,91,60
"COG2244",293,238,330,88,296,205,182,69,72,127,510,224,209,181,219,109,419,129,102,175,185,256,266,93,216,111,157,218,146,243,330,144,175,287,184,298,346,130,126,138,238,87,312,224,228,136,265,296,144,247,197,182,178,107,152,205,263,88,354,104,235,209,308,128,150,303,129,124,123,217,234,141,90,189,181,58,124,222,168,91,163,96,102,156,112,298,137,353,102,271,152,229,357,211,131,142,207,138,213,163
"COG2246",12,3,7,0,4,18,2,1,1,1,8,3,8,4,1,1,2,1,1,17,5,1,5,0,7,1,2,17,4,5,10,4,1,1,14,8,12,9,1,6,14,1,13,2,16,8,7,2,5,1,2,4,20,2,7,5,1,2,7,1,15,26,10,8,11,10,2,1,6,4,14,2,12,5,7,1,4,11,7,3,3,0,5,1,4,11,2,2,2,17,0,17,2,1,2,1,13,9,10,2
"COG2247",3,2,0,0,0,1,3,0,0,0,2,1,15,0,0,0,1,0,0,0,2,0,6,0,0,1,0,14,0,1,1,0,3,11,18,1,1,0,0,10,3,0,42,0,3,2,0,1,3,0,1,2,9,0,3,3,19,0,1,0,1,2,0,0,17,2,0,1,0,0,2,1,0,0,0,3,0,7,1,0,3,1,0,0,7,2,0,0,4,2,0,0,1,1,0,2,0,1,0,0
"COG2249",50,22,72,95,127,23,77,63,117,127,22,108,64,95,105,91,117,86,163,50,48,92,79,83,66,101,97,56,89,140,70,88,130,74,61,48,17,94,121,40,35,65,79,178,28,101,20,71,96,183,114,170,51,174,55,81,155,78,27,99,35,50,76,89,72,17,79,93,102,128,25,101,96,127,54,64,90,30,80,86,98,76,122,100,109,53,90,58,90,49,211,26,132,115,103,92,76,76,56,106
"COG2250",1,2,0,0,0,0,2,0,2,0,4,0,2,1,0,0,1,0,0,6,7,0,3,2,1,0,0,2,1,0,1,0,0,2,3,1,1,1,0,3,0,1,3,0,3,2,3,2,1,0,2,1,6,0,1,2,2,0,3,0,5,7,0,2,2,2,1,0,2,0,4,1,0,0,1,1,0,5,0,1,3,0,2,1,5,6,2,1,2,1,0,5,1,3,0,2,0,1,1,0
"COG2251",54,57,241,89,53,58,230,190,107,52,34,72,55,115,74,144,144,172,95,95,176,56,59,117,117,141,100,50,144,132,81,83,142,67,129,112,64,138,152,70,60,193,72,101,49,90,85,229,51,71,71,159,74,80,156,118,83,154,37,161,56,56,292,121,67,72,140,137,63,94,73,83,103,104,267,179,180,70,127,152,87,113,95,78,91,71,144,39,116,93,80,63,89,193,48,133,341,183,197,121
"COG2252",136,184,113,211,154,98,172,219,322,352,148,235,220,275,274,221,163,254,206,146,163,151,138,228,169,251,250,201,265,205,141,236,244,128,193,104,210,238,250,187,168,183,110,248,121,268,235,115,236,266,276,254,206,245,196,255,214,226,136,236,143,143,141,261,173,217,228,238,355,233,130,289,279,203,127,155,205,105,244,191,217,271,292,249,282,124,205,122,310,143,292,115,160,224,290,182,93,192,199,230
"COG2253",0,2,1,0,0,0,0,1,0,0,1,0,0,1,0,0,0,0,1,0,1,0,0,0,0,0,0,0,0,1,1,0,0,0,0,0,1,0,0,0,0,0,2,0,0,0,1,1,0,0,0,0,0,0,0,0,0,0,0,0,0,0,1,0,0,2,0,0,0,0,0,0,0,0,0,0,0,0,0,0,0,0,0,0,0,0,0,0,0,0,1,0,1,0,0,1,2,0,0,0
"COG2255",129,150,226,109,143,150,134,96,82,77,163,120,118,120,81,98,89,120,79,128,185,129,156,81,170,105,123,106,149,129,102,118,116,153,179,108,162,105,124,112,133,127,126,112,121,112,159,185,106,114,142,191,173,118,234,175,180,158,226,180,207,185,317,183,160,216,193,156,153,179,183,159,167,188,312,207,168,157,155,152,125,190,149,136,161,148,179,259,96,216,103,168,223,210,140,186,333,187,266,198
"COG2256",208,218,250,85,230,183,205,147,100,54,258,95,131,114,137,141,163,142,72,179,226,223,167,80,164,126,84,133,143,110,171,113,169,148,145,164,244,116,148,160,193,180,220,120,185,110,214,284,82,31,34,122,150,72,223,108,69,101,230,143,197,181,260,148,90,243,142,117,58,268,182,88,111,113,251,153,136,188,119,105,70,135,98,62,66,211,113,223,64,189,19,204,95,181,92,144,280,212,221,107
"COG2257",9,4,2,3,7,9,5,2,2,3,5,1,5,3,8,2,48,3,3,3,4,4,13,2,5,1,1,2,9,2,18,1,1,11,5,2,1,1,1,3,8,2,17,2,8,0,1,10,1,0,0,4,1,3,4,2,3,1,2,5,3,6,10,1,2,1,3,0,8,2,4,1,6,2,8,1,1,10,0,2,0,3,2,1,2,6,0,5,0,4,3,8,4,2,4,1,3,2,3,1
"COG2258",61,75,14,51,34,44,35,14,31,8,47,54,87,42,57,22,91,37,25,56,41,46,75,49,66,41,44,61,31,44,56,39,42,39,56,65,49,36,21,51,50,31,95,24,64,50,58,54,46,36,38,27,60,10,46,51,39,31,66,40,64,65,33,22,61,81,31,34,53,75,53,43,26,32,19,34,27,67,67,39,37,48,18,42,33,66,36,19,33,50,57,62,26,31,30,20,14,32,34,38
"COG2259",80,27,82,39,11,55,38,23,33,32,38,51,44,44,56,31,136,33,45,59,49,16,66,41,46,70,54,49,27,59,83,41,91,41,52,52,13,47,37,27,38,28,77,73,70,40,10,76,34,60,45,48,37,29,57,33,66,29,46,42,60,65,64,27,61,35,43,28,38,11,38,36,31,60,26,25,39,52,48,34,51,23,38,37,51,48,30,26,58,51,64,42,56,72,18,20,99,71,81,55
"COG2260",1,4,0,0,0,0,0,0,0,0,0,0,1,0,0,0,0,1,0,2,0,0,0,0,0,0,0,3,0,0,0,0,0,1,1,1,0,0,0,1,1,0,0,0,0,3,0,0,1,0,0,0,1,0,0,0,0,0,0,0,2,1,0,0,0,2,0,0,3,0,1,0,0,0,0,1,0,3,4,0,2,0,0,1,4,1,0,0,0,1,0,2,2,0,0,0,0,1,3,0
"COG2261",3,0,1,0,0,0,1,0,0,0,0,0,1,0,0,1,0,0,0,3,0,0,1,0,0,0,0,1,0,2,5,0,0,0,3,8,1,0,0,0,0,0,8,1,1,0,0,2,0,0,0,0,3,1,0,1,0,0,1,0,3,0,0,1,0,1,0,0,0,0,3,0,0,0,0,0,1,3,0,0,0,1,0,0,1,0,0,3,0,2,0,2,0,0,0,0,0,0,0,0
"COG2262",361,255,231,225,330,357,159,156,206,220,284,257,271,213,241,180,236,181,199,285,213,316,264,256,232,193,233,301,261,253,261,285,204,268,219,314,241,220,184,209,293,173,290,235,342,292,250,189,276,264,246,270,273,211,239,217,248,174,284,209,311,330,194,231,326,242,164,232,246,357,316,211,253,232,181,215,169,331,254,255,273,202,231,242,236,309,302,409,165,334,275,331,303,196,253,252,161,197,243,267
"COG2263",7,7,10,6,20,5,9,5,0,1,18,27,12,18,1,6,5,17,2,3,20,0,12,5,4,18,9,18,12,11,3,17,12,14,11,7,14,12,8,21,11,6,3,5,5,23,5,15,24,13,10,15,24,0,37,14,9,7,8,9,8,4,21,5,13,9,6,7,13,0,12,8,2,6,7,10,3,4,17,11,11,59,0,19,11,8,3,1,5,6,22,6,15,7,4,1,17,12,22,8
"COG2264",94,88,236,108,167,69,161,146,124,64,72,88,98,109,97,113,149,129,89,106,173,196,133,97,101,112,112,95,139,122,111,95,106,150,134,91,78,106,134,143,93,171,138,127,90,113,76,194,99,78,63,121,111,96,136,129,85,93,84,130,92,92,239,125,97,96,129,127,63,201,80,91,128,124,235,116,147,93,74,119,83,113,108,92,84,108,120,127,71,101,56,94,124,121,86,132,244,161,166,102
"COG2265",181,208,189,118,310,176,123,74,150,141,240,158,129,131,221,89,288,91,77,153,130,347,213,146,142,95,149,168,108,115,253,163,108,218,196,160,206,112,61,191,189,79,221,97,176,132,181,224,155,135,119,154,156,74,173,129,162,79,203,92,151,156,118,123,133,211,100,92,146,296,168,131,104,118,112,119,105,189,125,123,145,141,114,141,131,153,148,319,80,139,83,125,220,123,107,150,83,131,145,103
"COG2266",37,12,0,0,0,52,0,0,0,0,10,0,21,0,0,0,0,1,0,35,6,0,1,0,20,0,0,33,0,3,13,4,0,14,3,40,1,2,0,15,24,0,10,0,29,8,0,0,9,0,2,0,28,0,7,1,0,0,12,0,40,26,1,1,46,4,0,0,16,0,32,3,0,0,1,0,0,34,2,0,19,0,0,1,25,28,0,0,0,26,0,38,0,0,0,1,0,5,4,0
"COG2267",73,44,94,72,116,68,99,85,80,75,52,115,83,95,105,79,358,78,82,34,77,144,152,79,89,106,99,41,89,109,173,99,85,136,115,80,45,75,87,49,36,75,146,136,47,67,31,126,84,98,88,126,51,74,83,96,103,100,74,94,43,38,87,92,50,33,108,69,119,167,57,76,84,145,100,98,100,89,85,99,79,64,77,86,58,59,92,145,70,56,114,39,131,81,118,88,58,69,81,114
"COG2268",120,60,69,77,68,113,55,43,56,23,41,112,101,83,69,19,267,50,14,97,77,56,162,64,99,44,70,117,39,79,139,111,73,142,118,130,22,78,45,83,91,41,127,49,130,110,42,90,74,35,64,60,95,13,108,74,53,45,49,33,126,122,107,37,55,22,37,51,128,67,148,84,32,67,36,64,33,103,97,69,56,127,36,51,50,107,37,39,47,97,53,124,87,51,64,50,49,100,106,57
"COG2269",41,42,25,8,53,47,19,4,30,23,18,13,17,15,23,8,120,2,8,23,22,36,47,9,42,5,9,25,15,9,77,6,12,51,34,16,28,5,8,29,31,11,48,15,41,13,24,51,23,2,8,22,9,9,3,18,15,10,35,9,45,46,17,7,10,26,11,11,22,81,31,7,12,12,17,14,11,53,16,6,7,17,13,10,4,29,12,41,10,31,6,39,18,12,16,16,8,4,16,5
"COG2270",230,273,205,244,257,230,160,207,233,490,272,372,352,279,147,272,47,267,244,231,228,190,247,255,187,275,292,396,276,350,155,310,295,244,281,254,304,250,270,334,296,207,225,321,291,318,309,179,327,435,333,295,357,242,288,345,343,258,242,246,315,287,246,294,323,263,206,268,339,153,294,287,231,320,176,235,198,250,391,255,332,328,282,297,323,268,332,342,241,269,393,323,310,289,280,233,181,185,244,314
"COG2271",24,35,11,3,3,15,3,2,1,13,31,11,35,5,13,1,5,11,3,35,12,8,40,1,14,8,5,31,2,16,29,9,15,27,17,15,29,13,10,35,23,2,28,2,30,9,35,12,21,13,17,11,33,2,8,8,10,4,23,10,18,38,5,2,23,28,6,3,19,1,25,11,2,4,5,24,9,38,13,4,8,26,0,15,8,35,3,18,1,15,7,36,33,11,2,6,2,15,11,3
"COG2272",147,158,221,217,194,139,181,224,177,257,105,179,132,152,129,188,148,143,245,125,169,192,164,174,126,201,245,151,241,249,188,206,173,190,172,251,74,193,191,183,131,176,169,310,111,176,103,203,191,267,161,166,89,189,105,83,133,101,113,123,102,76,101,146,71,31,91,107,155,158,93,118,187,167,122,75,126,100,86,74,115,122,145,124,79,99,122,127,123,138,145,102,131,105,138,100,116,96,116,130
"COG2273",157,179,143,153,265,116,137,81,85,203,338,201,85,159,196,126,293,111,115,62,125,265,108,146,141,98,189,111,175,184,146,162,93,129,218,148,215,148,98,83,133,103,122,192,131,146,215,132,162,253,193,139,66,117,143,141,141,100,248,115,97,84,113,132,47,193,116,124,200,270,115,136,146,142,166,105,88,80,117,134,187,121,138,176,72,167,192,294,130,100,187,110,227,120,172,153,152,87,159,148
"COG2274",73,149,252,85,48,106,139,76,138,57,96,96,64,106,117,71,352,95,60,63,145,48,145,64,117,138,76,70,87,110,165,79,116,184,95,102,139,77,113,84,86,121,138,99,83,82,182,231,61,57,59,264,117,80,151,170,107,147,139,174,114,90,274,143,41,188,158,162,86,21,104,121,150,127,277,148,186,119,110,184,51,116,133,120,59,131,113,148,85,152,90,120,202,197,140,258,344,243,237,117
"COG2301",180,114,90,177,126,194,161,181,186,106,100,157,219,159,136,157,13,145,213,221,163,106,162,147,166,156,218,232,188,151,128,174,157,187,170,191,101,177,187,239,176,145,162,167,213,166,98,108,199,167,199,151,198,233,157,156,161,179,128,132,225,225,102,215,279,76,151,161,194,46,211,190,200,224,128,125,173,198,159,96,196,197,196,171,247,181,142,153,177,193,163,205,134,155,199,170,85,150,132,209
"COG2302",0,1,129,15,1,0,111,96,15,5,0,22,0,33,17,88,0,85,55,8,90,0,0,19,34,55,26,0,58,51,0,26,39,9,25,22,0,36,84,8,1,113,0,42,0,19,2,99,11,23,2,61,4,26,64,27,2,48,0,76,0,0,116,48,0,0,67,67,2,0,1,20,57,35,144,83,75,0,28,61,7,47,33,21,13,0,46,5,21,11,0,0,28,61,15,53,166,100,87,37
"COG2303",858,831,1025,1110,1215,789,907,1060,1052,1035,597,947,990,901,1003,1043,845,932,1192,1138,902,1041,1042,995,865,1089,1112,818,972,1008,906,1020,1082,1048,787,786,621,1007,1090,1121,875,1066,984,1136,1098,1020,877,910,966,868,1013,1037,869,1256,825,875,909,980,811,999,988,1087,1079,1036,696,646,930,966,902,1125,994,951,1148,1093,990,976,1028,1039,865,957,950,945,1131,887,977,1034,1009,1009,1014,894,954,1050,831,1007,1147,1093,1138,967,848,1069
"COG2304",350,489,337,140,344,338,191,95,123,167,562,213,348,210,269,140,600,106,137,242,201,422,508,157,247,131,222,291,175,274,444,245,153,446,320,231,500,177,173,286,416,132,402,251,349,229,487,328,219,244,193,182,335,152,200,179,251,80,572,158,317,300,283,143,235,427,144,117,240,360,313,174,158,253,160,109,130,296,205,134,193,210,159,190,194,327,165,440,111,356,172,303,318,217,188,172,193,145,211,150
"COG2306",2,1,0,0,0,0,0,0,0,0,0,0,5,0,0,0,0,0,0,1,1,0,2,0,0,0,0,3,0,0,0,0,0,1,2,0,0,0,0,0,4,0,0,0,0,0,1,0,2,0,0,0,0,0,0,0,1,0,0,0,3,4,0,0,2,0,0,0,0,0,4,0,0,0,0,0,0,0,0,0,0,0,0,0,0,2,0,0,0,6,0,0,1,0,0,0,0,0,0,0
"COG2307",53,32,49,28,6,30,242,192,135,157,25,8,24,95,34,211,176,138,195,45,179,4,48,36,87,86,7,39,166,7,64,71,49,62,141,140,23,109,165,58,13,214,131,8,34,62,31,99,59,9,35,8,24,208,128,90,20,167,45,118,18,12,33,180,4,29,166,123,49,1,37,76,173,11,275,97,175,45,7,72,56,112,160,66,77,51,86,19,116,31,1,17,22,138,120,131,14,140,154,30
"COG2308",92,49,99,55,3,44,467,454,363,522,30,8,27,266,65,463,243,290,525,59,269,4,52,64,195,226,5,53,471,13,85,178,93,75,243,177,41,286,274,167,15,428,178,9,35,143,32,139,159,27,148,43,33,562,221,277,39,304,72,221,36,18,48,445,10,34,332,249,142,0,45,218,393,15,423,150,392,72,14,150,250,180,433,157,288,63,121,19,503,47,22,39,39,312,337,232,22,238,227,51
"COG2309",67,72,57,63,43,77,46,48,51,48,111,116,98,71,42,61,8,79,50,101,94,19,112,66,64,78,69,124,62,97,42,105,77,114,103,55,99,72,68,180,111,55,57,81,95,102,54,77,115,65,47,51,88,24,78,59,49,43,46,47,62,58,68,32,30,36,31,45,45,2,53,56,31,57,34,59,24,45,67,44,33,80,27,60,25,53,42,25,20,74,51,73,76,45,29,45,48,41,77,45
"COG2310",7,2,5,0,9,0,8,2,1,1,1,1,4,3,3,1,12,1,0,3,2,4,10,0,12,1,1,1,2,3,8,5,0,11,8,2,1,0,2,1,0,1,8,0,7,1,0,54,2,2,0,6,0,2,0,2,4,5,1,1,53,2,10,1,1,1,8,0,4,0,1,1,2,2,3,1,2,15,2,2,0,1,0,1,0,1,1,1,2,2,1,1,3,1,2,0,1,5,0,2
"COG2311",32,11,30,14,32,27,19,21,26,34,23,44,45,36,28,11,99,18,17,23,43,22,48,27,22,30,43,29,35,48,50,43,27,41,54,57,14,36,46,44,19,20,69,47,16,46,10,56,44,61,45,53,65,13,29,36,58,16,18,41,26,17,19,43,45,14,21,39,42,38,28,34,26,38,26,44,22,27,19,39,45,34,44,49,52,27,49,33,22,38,98,20,39,28,45,38,31,21,32,37
"COG2312",9,5,7,1,4,3,1,1,1,0,21,2,4,2,3,0,1,6,1,5,1,2,7,1,6,0,1,5,0,3,3,4,0,3,5,1,23,0,2,3,7,0,8,0,4,3,7,6,4,0,1,2,2,1,0,0,4,0,1,0,11,4,2,1,3,11,0,0,0,0,4,2,2,1,0,0,2,6,1,1,2,2,0,1,1,11,0,2,3,15,1,3,2,1,0,1,1,2,2,0
"COG2313",67,110,21,54,64,69,22,30,25,25,60,45,31,31,39,24,2,27,21,56,25,44,25,27,41,31,36,52,32,30,40,42,26,23,51,30,85,32,15,43,103,22,57,45,92,44,109,29,59,37,33,27,34,14,20,23,37,21,63,20,54,57,17,18,31,49,19,24,30,24,46,24,17,30,17,39,18,41,39,21,31,21,8,31,26,25,28,39,12,49,30,57,30,19,10,16,17,15,24,21
"COG2314",4,2,8,5,7,1,1,1,4,21,4,3,2,1,5,4,4,4,1,5,5,0,11,4,1,3,2,3,0,3,10,1,2,5,3,1,2,2,4,6,0,2,14,2,2,2,1,11,0,3,3,7,4,0,2,9,3,4,6,3,3,2,8,0,3,2,2,0,3,0,2,2,2,3,5,1,4,7,4,0,0,2,2,3,2,5,4,8,4,6,6,0,4,2,2,4,3,0,1,1
"COG2315",24,3,7,2,6,11,3,1,0,1,3,5,13,2,16,2,35,3,1,4,8,11,19,2,8,6,3,10,4,4,22,4,3,11,14,14,1,4,9,8,5,3,26,3,16,6,1,11,11,1,2,4,3,0,9,6,5,0,7,3,4,8,9,1,4,1,3,4,3,12,4,5,1,0,1,2,2,5,5,1,6,6,0,4,5,8,1,4,0,9,2,6,3,1,4,2,4,4,2,4
"COG2316",16,32,10,0,0,14,1,0,0,2,36,3,22,2,2,2,2,2,1,16,6,0,7,0,10,0,3,21,1,9,10,0,0,8,4,7,47,3,2,7,31,1,5,4,13,3,34,2,4,3,1,3,14,3,3,3,5,0,36,1,16,21,10,3,10,50,1,1,0,0,11,3,0,1,1,1,0,17,1,2,3,6,0,3,5,31,4,1,3,18,3,10,7,1,0,1,1,4,6,0
"COG2317",60,91,304,126,85,43,244,293,118,38,69,179,85,158,94,231,19,262,193,58,222,69,109,111,127,189,144,150,189,206,37,157,153,150,131,87,64,173,267,187,79,306,39,151,65,163,94,244,130,100,85,211,141,144,270,158,75,210,91,167,79,66,372,167,40,53,206,213,94,19,70,121,181,161,288,231,222,40,180,209,78,231,131,148,58,51,155,93,130,93,87,63,163,186,107,143,425,207,294,199
"COG2318",13,1,13,1,9,9,5,6,9,5,10,1,9,1,2,2,17,0,2,12,1,4,14,0,4,6,0,10,4,4,28,1,2,20,8,15,3,1,3,15,8,5,21,4,8,7,1,9,1,1,1,5,2,5,3,8,1,3,7,5,14,9,20,4,1,4,2,0,2,1,9,2,4,2,10,1,4,13,1,4,1,10,5,0,1,11,5,3,2,11,3,13,3,2,5,2,3,4,6,0
"COG2319",172,179,350,90,320,148,330,178,113,122,225,341,370,444,95,277,271,446,153,195,492,276,446,134,226,165,212,246,167,471,199,352,249,752,809,107,187,517,222,506,191,398,184,151,207,358,215,471,480,141,70,420,407,149,487,329,78,143,244,275,131,229,433,142,72,159,231,263,123,124,170,427,248,233,387,455,440,179,411,191,137,1057,133,387,161,173,126,127,178,188,74,194,879,328,110,164,432,884,545,205
"COG2320",1,4,8,0,1,5,3,2,1,1,4,0,1,3,1,1,5,1,1,7,1,3,13,2,2,0,1,2,0,2,5,1,2,12,7,8,2,0,3,3,3,0,3,2,3,0,3,4,0,1,4,2,1,0,4,3,6,0,5,0,1,8,8,2,1,1,2,0,0,0,2,2,0,1,4,1,1,7,3,1,1,2,0,1,2,5,0,0,1,2,0,2,7,4,0,1,4,0,5,0
"COG2321",11,7,7,1,1,1,10,4,0,0,2,2,2,0,2,4,6,6,1,6,3,0,5,1,4,3,2,4,0,5,21,1,3,6,8,17,2,2,10,0,3,7,46,3,3,5,3,21,3,1,0,5,3,1,1,3,0,6,0,5,12,0,6,1,0,0,2,3,2,0,3,1,4,0,7,2,4,10,0,4,1,0,0,0,1,5,1,0,3,18,1,3,3,6,0,0,7,2,5,1
"COG2322",25,41,32,14,37,34,26,11,22,46,47,41,22,32,39,24,3,20,17,36,22,66,26,14,19,23,35,38,26,43,18,31,33,35,20,15,53,26,20,26,52,20,18,50,29,36,43,15,32,34,39,8,35,27,30,36,25,17,47,32,30,32,33,24,26,48,19,26,20,50,39,28,24,28,15,23,8,25,20,16,31,21,30,36,11,38,35,73,19,37,26,31,42,25,27,28,16,23,36,18
"COG2323",30,2,3,0,0,11,2,0,1,1,1,3,1,3,5,0,4,0,0,4,1,0,3,0,12,0,0,11,0,0,18,1,2,5,12,43,1,0,0,0,3,2,18,0,2,0,1,8,2,0,2,0,0,0,0,0,0,0,1,0,38,0,0,1,0,2,2,0,5,0,10,0,0,0,1,0,0,6,0,0,0,0,0,0,2,24,1,0,0,13,0,11,0,11,0,1,1,0,1,0
"COG2324",1,4,6,6,10,0,3,1,1,2,11,10,6,4,1,7,1,5,4,1,6,9,4,3,3,9,9,10,9,3,4,5,6,3,9,1,0,8,4,15,4,7,2,4,3,2,6,6,11,13,11,5,7,5,10,6,25,3,2,4,3,1,1,11,13,4,4,6,7,24,0,10,5,7,7,4,3,3,6,2,10,2,1,10,7,3,8,17,6,5,7,1,2,5,6,7,2,3,8,7
"COG2326",75,89,156,119,86,70,89,61,106,106,61,96,92,116,85,78,140,68,111,47,76,89,109,110,68,73,85,57,134,84,100,82,68,91,150,93,43,98,79,74,86,80,122,97,63,95,40,113,89,113,56,73,50,74,59,92,73,46,41,44,56,28,67,87,50,25,68,52,77,72,40,76,57,55,56,74,58,33,72,59,63,54,73,48,41,57,66,101,64,41,39,31,117,55,83,105,60,63,64,64
"COG2327",15,19,32,24,4,10,10,3,18,9,15,2,6,3,20,3,12,10,2,2,4,6,8,20,15,2,5,5,3,2,18,12,2,9,39,44,26,3,5,3,6,7,39,0,7,14,32,10,7,1,2,40,13,2,16,14,9,1,16,8,13,7,16,2,5,19,8,7,9,3,16,11,6,7,12,18,8,27,5,26,1,23,6,11,1,16,21,6,9,20,1,14,17,8,10,30,6,28,27,11
"COG2329",56,18,37,27,33,30,19,34,26,23,20,64,21,13,22,26,26,22,84,43,31,42,34,19,43,36,48,27,17,66,34,28,39,45,28,36,18,8,57,23,48,17,46,67,52,12,24,20,20,78,62,67,15,93,28,16,48,25,35,34,57,44,26,20,27,19,44,22,21,43,63,20,29,48,12,20,25,54,36,29,23,24,17,28,23,53,33,22,29,52,94,67,79,49,20,29,37,21,19,48
"COG2331",30,44,14,36,23,39,11,13,22,26,46,18,24,14,21,10,4,8,23,35,21,34,21,23,26,12,18,27,18,13,23,18,13,35,21,19,35,17,13,31,35,15,22,16,27,24,38,12,22,11,19,16,26,26,25,8,23,14,48,16,36,29,10,22,38,36,16,12,21,47,28,11,20,21,9,15,20,30,16,14,23,17,21,33,17,33,28,35,22,19,16,33,16,17,16,18,7,16,22,16
"COG2332",90,94,35,131,112,82,103,116,148,182,62,91,100,127,115,129,69,103,155,75,72,72,71,129,67,143,131,95,112,107,61,122,130,58,66,84,68,115,94,72,85,76,45,122,78,99,76,53,112,128,141,101,86,153,77,106,113,135,75,106,91,83,41,122,95,96,108,94,91,102,66,119,118,120,80,88,129,87,114,112,110,68,136,143,105,67,104,91,163,84,163,64,90,91,144,106,53,97,55,109
"COG2333",64,138,39,3,21,52,46,1,20,18,260,22,62,22,58,2,223,3,2,57,24,30,116,5,84,5,2,38,5,19,138,4,3,115,72,48,275,3,9,27,48,6,120,4,51,2,178,72,12,1,5,14,33,7,14,9,25,2,193,4,28,61,36,11,4,188,14,3,29,35,48,7,9,16,10,2,5,84,8,3,5,18,8,7,8,63,10,29,10,45,1,60,21,12,20,12,10,13,17,1
"COG2334",309,258,157,353,383,316,228,246,342,282,281,295,230,251,399,273,122,301,285,295,225,435,229,304,253,290,314,285,222,324,231,301,320,230,230,241,290,274,244,274,355,175,200,354,325,330,285,182,298,299,375,255,316,331,257,341,331,254,292,292,326,327,180,269,267,255,242,272,218,393,279,316,297,312,188,280,277,301,276,292,314,269,262,315,256,253,250,280,281,301,308,320,324,290,207,342,170,240,204,304
"COG2335",42,8,71,29,132,16,46,53,33,26,5,102,20,58,50,35,28,45,56,21,58,120,27,43,33,41,77,53,37,109,35,51,54,92,54,67,3,63,44,65,3,42,54,74,16,72,1,53,72,76,85,107,39,106,115,66,40,50,6,52,61,15,166,58,7,5,50,72,72,194,36,92,72,113,71,56,50,20,27,73,45,120,40,66,43,88,54,147,39,61,100,31,239,73,67,59,102,89,106,89
"COG2336",1,0,0,0,0,0,0,0,0,0,1,0,0,0,0,0,13,0,0,1,0,0,2,0,0,0,0,1,0,0,1,0,0,1,0,0,2,0,0,0,0,0,2,0,0,0,0,1,0,0,0,0,0,0,0,0,0,0,1,0,1,0,0,0,0,0,0,0,3,0,1,0,0,0,0,0,0,1,0,0,0,0,0,0,0,0,2,0,0,0,0,0,0,0,0,0,0,2,0,0
"COG2337",9,7,2,0,5,8,0,0,2,2,7,1,1,0,4,0,12,1,0,4,0,5,3,0,4,0,0,0,2,0,2,1,0,3,0,10,12,0,0,0,5,1,5,0,5,0,7,3,0,0,0,0,1,2,1,2,1,0,5,0,8,10,0,0,1,6,0,0,0,2,9,0,0,0,0,1,0,7,3,0,0,1,1,0,0,11,0,5,2,6,1,8,1,3,1,0,1,2,1,0
"COG2339",28,45,10,24,30,29,12,16,24,24,33,28,32,21,23,18,2,23,30,40,22,28,13,22,25,18,30,31,23,37,18,27,44,13,17,28,46,18,17,13,46,25,15,40,37,33,33,14,29,33,37,22,26,29,18,34,30,27,31,29,44,43,24,15,24,58,19,16,28,38,36,36,16,22,14,23,20,27,32,20,24,17,26,27,18,33,20,12,27,23,37,42,14,33,12,16,33,11,11,27
"COG2340",10,7,24,18,11,9,8,29,5,30,5,27,23,41,15,20,6,31,18,22,20,24,13,32,20,28,44,15,22,39,12,32,31,19,23,22,6,34,37,17,7,12,33,27,7,26,4,12,36,25,35,45,27,14,14,36,25,34,2,37,13,6,25,30,34,4,19,36,29,8,20,27,24,47,21,28,27,17,52,42,34,33,31,31,23,20,56,51,34,16,62,6,22,30,35,35,14,23,13,50
"COG2342",2,0,13,0,0,1,1,0,0,0,5,1,0,1,0,0,0,2,0,2,3,0,2,0,0,3,0,2,1,0,0,0,1,1,4,4,2,0,2,4,3,2,3,0,1,2,0,4,0,0,2,1,0,0,1,0,0,3,2,0,2,1,19,1,1,3,0,0,0,0,0,2,0,0,0,0,1,6,5,0,0,1,1,1,0,5,0,0,0,4,0,2,0,3,0,0,1,2,2,0
"COG2343",10,13,25,8,0,4,6,2,18,6,15,8,16,13,21,8,2,7,0,12,12,4,23,7,3,4,7,14,5,7,11,13,7,33,17,16,7,9,9,27,5,11,13,4,10,6,14,6,13,4,4,9,17,6,22,14,3,6,3,6,12,9,18,3,39,5,5,10,14,2,11,14,7,9,11,8,13,14,5,7,11,12,7,8,20,19,5,17,3,16,6,15,16,9,13,23,7,26,24,5
"COG2344",17,26,7,17,0,16,13,20,5,20,19,18,32,23,4,14,7,15,16,25,11,0,29,16,20,28,30,28,11,21,26,20,15,21,24,13,24,19,22,27,25,12,14,15,22,22,15,4,30,23,28,19,37,6,10,28,21,25,17,36,22,21,11,20,20,14,18,22,24,0,18,18,10,18,4,24,19,26,35,27,37,24,25,21,37,22,35,15,19,20,35,26,20,22,14,21,3,11,11,30
"COG2345",4,4,38,10,0,3,3,0,12,0,2,1,3,6,12,0,2,2,1,3,6,0,8,21,3,2,10,3,4,7,2,10,1,18,7,4,6,4,2,7,3,4,8,2,5,7,13,7,1,0,0,25,12,2,7,10,1,1,8,7,5,1,12,3,5,0,0,5,2,1,2,9,3,5,6,15,4,3,4,21,1,18,0,8,3,8,18,1,0,6,0,5,19,2,6,37,2,16,8,4
"COG2346",19,14,10,3,11,17,13,1,2,4,5,4,21,11,16,0,66,2,1,22,13,3,33,2,19,1,1,12,4,0,43,1,3,24,31,24,1,4,6,11,15,5,57,4,17,2,3,26,5,2,6,2,12,1,6,4,8,3,16,1,3,14,7,2,12,5,4,4,9,3,15,1,1,5,3,6,3,25,7,3,5,3,1,2,4,15,5,11,7,14,5,14,5,4,5,13,3,8,4,4
"COG2348",2,4,2,1,0,4,1,3,1,0,2,4,4,3,1,2,0,6,1,5,4,2,3,1,1,2,2,2,3,3,1,2,4,3,1,10,7,8,1,1,6,0,0,0,3,4,10,5,5,4,9,1,6,3,2,1,7,3,7,2,2,2,2,2,5,6,2,3,10,1,9,5,2,1,0,1,2,3,2,0,7,1,0,2,4,4,1,0,3,6,4,4,4,8,0,2,5,0,3,4
"COG2350",16,4,69,13,13,10,33,34,15,3,3,12,8,12,21,28,35,26,20,9,44,27,19,8,23,19,21,4,27,19,26,11,13,19,17,16,5,22,28,13,7,48,23,12,14,9,11,40,11,12,4,20,12,12,27,17,8,19,10,18,8,15,48,24,5,4,32,22,15,13,15,9,34,14,46,23,26,18,9,27,5,16,11,10,8,8,20,16,10,12,0,18,10,17,5,19,62,31,39,16
"COG2351",50,36,16,68,50,49,44,36,36,14,32,41,48,46,34,30,27,41,40,42,32,34,44,64,46,36,52,40,31,48,27,43,43,26,33,38,37,42,25,35,46,39,46,40,49,39,48,34,40,33,48,35,37,44,39,46,52,48,32,53,39,55,21,33,57,47,32,47,43,22,50,61,46,42,46,44,32,45,65,66,38,35,46,43,44,40,42,50,40,37,46,40,35,34,27,44,26,47,36,43
"COG2352",302,325,561,483,362,268,540,580,388,423,211,439,170,541,511,584,352,575,602,312,478,242,186,505,404,501,547,171,578,500,278,504,442,245,320,358,300,559,554,253,248,562,229,459,323,437,316,402,338,506,544,523,180,580,500,431,305,536,217,523,298,276,583,616,174,340,496,484,346,352,288,407,541,540,575,546,610,232,359,595,388,405,534,405,390,267,532,384,597,272,596,294,353,496,431,601,727,536,512,579
"COG2353",46,23,41,15,74,27,39,22,22,52,21,37,23,25,53,30,45,19,21,22,25,66,38,26,27,24,44,29,31,38,60,33,30,41,40,50,31,34,21,30,18,24,63,51,27,31,14,46,24,27,70,42,26,36,35,42,67,36,37,32,58,36,62,56,42,34,51,42,37,88,32,34,41,50,35,33,43,57,36,37,36,29,39,31,36,51,43,117,25,48,44,38,82,52,50,40,48,31,36,55
"COG2354",41,10,14,1,10,15,16,2,2,3,10,11,19,15,20,0,120,0,0,6,6,1,27,0,24,4,2,10,1,4,87,0,2,24,33,56,5,1,3,2,9,0,52,6,14,2,1,48,2,1,2,4,8,3,8,1,7,2,10,1,17,9,14,1,3,5,10,2,11,2,24,4,3,5,11,2,4,30,3,2,1,0,0,1,3,27,6,16,5,26,1,17,2,5,1,5,4,4,6,2
"COG2355",306,272,145,325,327,284,145,212,267,275,299,283,371,241,317,216,222,206,292,332,191,400,302,288,217,235,283,377,243,241,245,229,277,271,219,271,266,244,235,299,319,205,237,287,355,269,234,187,276,344,313,236,332,290,197,198,295,229,282,197,362,316,142,290,311,244,207,225,301,344,353,236,265,265,156,235,217,287,289,234,264,210,296,233,309,323,234,295,272,322,237,344,213,220,282,210,125,230,178,231
"COG2356",82,42,68,33,133,57,48,20,34,47,39,53,48,31,93,37,315,26,22,15,45,100,120,44,50,23,42,52,17,60,139,40,31,84,54,67,31,37,36,34,38,26,105,39,54,37,25,113,33,49,21,40,30,11,23,35,34,21,34,19,26,25,39,19,27,26,26,24,21,116,27,25,11,21,46,18,29,27,35,21,20,14,17,23,11,62,25,95,13,31,18,29,61,28,18,19,44,16,29,28
"COG2357",4,0,2,0,1,1,0,0,0,0,1,1,3,1,1,0,0,1,0,5,1,0,1,0,4,0,0,2,0,0,0,2,1,1,5,20,2,0,3,0,2,0,7,0,1,1,1,3,1,0,1,0,0,0,0,1,1,2,1,0,12,0,0,0,0,3,0,0,0,0,7,1,0,0,1,0,1,5,0,1,1,1,1,0,1,5,0,4,3,12,0,4,1,0,1,1,0,1,0,1
"COG2358",140,189,91,213,182,162,152,127,175,108,107,132,208,125,156,115,49,162,119,187,132,226,146,215,143,121,175,141,128,116,163,149,184,154,134,124,160,152,115,157,160,140,167,120,157,135,178,100,181,77,142,111,178,107,123,144,133,166,166,151,187,163,94,119,135,227,129,157,164,207,162,210,145,128,108,159,170,153,172,188,129,201,139,165,163,132,160,144,115,140,122,171,101,135,145,157,73,153,107,144
"COG2359",0,1,0,0,0,0,0,0,0,0,0,0,0,0,0,0,0,0,0,1,0,0,0,0,0,0,0,0,1,0,0,0,0,0,0,0,0,0,0,0,0,0,0,0,0,0,0,0,0,0,0,0,0,0,0,0,0,0,1,0,0,0,0,0,0,0,0,0,0,0,0,0,0,0,0,0,0,0,0,0,0,0,0,0,0,0,0,0,0,0,0,0,0,0,0,0,0,0,0,0
"COG2360",98,63,42,35,78,81,30,31,53,35,47,25,35,25,54,34,79,28,44,65,45,99,69,33,62,27,35,35,34,41,78,28,21,65,42,60,57,31,34,49,65,34,51,59,60,41,51,48,42,17,24,29,35,45,36,22,22,32,55,33,80,75,36,28,33,55,25,25,19,149,58,36,39,55,55,35,41,64,36,33,15,26,36,31,14,74,34,103,14,66,21,59,38,32,50,60,28,30,33,38
"COG2361",0,0,2,0,0,0,0,0,1,0,3,0,1,0,0,0,0,0,0,0,0,0,0,0,2,0,0,1,0,0,3,0,0,0,3,9,4,0,1,0,0,0,0,0,0,0,2,0,2,0,0,0,2,0,0,1,0,0,2,0,2,0,1,0,0,2,0,0,0,0,0,0,0,0,1,1,0,1,0,0,0,0,0,0,0,5,0,0,0,2,0,1,1,1,0,1,0,0,0,0
"COG2362",40,55,1,8,0,31,8,2,0,0,93,11,39,2,0,6,7,7,1,31,14,0,30,10,21,7,9,41,7,3,17,6,9,20,30,22,77,3,6,28,41,3,15,3,35,8,73,6,19,15,13,1,41,0,4,12,18,5,78,7,46,33,6,10,40,62,6,8,22,0,44,8,3,2,2,7,0,28,14,10,16,2,1,14,15,33,9,1,4,40,15,36,3,6,1,0,1,1,3,4
"COG2363",42,22,14,4,30,16,9,6,9,25,29,15,19,12,22,8,50,7,7,16,22,38,31,10,20,4,10,27,12,13,35,15,19,24,21,19,25,9,10,16,16,7,29,7,25,10,33,44,8,19,7,6,21,7,12,11,18,3,41,11,27,25,19,4,14,33,10,7,14,38,15,8,8,15,10,7,7,27,11,11,9,10,6,18,13,31,10,44,6,27,14,18,13,18,17,4,9,7,18,3
"COG2364",68,98,21,121,126,81,72,100,117,133,36,129,84,115,114,100,6,127,100,88,70,114,45,151,62,114,161,75,116,102,39,123,144,39,73,66,44,138,129,91,88,85,42,122,85,143,54,40,145,127,176,120,96,111,79,139,104,114,50,134,72,102,48,111,89,44,86,139,155,128,62,125,115,125,45,113,125,65,156,131,141,104,112,138,132,33,118,104,134,69,213,49,80,100,112,125,47,98,85,157
"COG2365",42,26,26,53,49,30,37,54,59,37,16,40,39,47,39,35,5,32,36,42,56,41,36,42,36,50,54,38,46,37,26,31,28,54,57,79,21,52,37,52,37,40,50,56,48,37,24,46,49,36,41,30,46,37,46,37,45,37,39,29,48,40,31,32,32,14,34,39,44,45,58,47,59,38,42,36,65,47,43,29,25,39,44,48,31,46,47,50,22,53,40,50,47,45,47,58,26,38,45,32
"COG2366",447,457,212,298,329,358,211,145,157,202,639,364,427,254,247,193,444,220,184,313,263,357,415,308,271,229,320,485,277,322,456,296,304,337,289,283,507,214,239,304,501,140,435,322,447,309,381,302,289,406,356,238,434,155,261,265,493,148,551,223,432,402,210,227,373,461,192,212,400,389,451,239,217,289,205,194,140,394,334,247,379,196,213,279,324,409,295,507,264,435,358,454,320,288,249,241,174,144,253,302
"COG2367",35,35,63,20,2,24,16,2,16,580,10,30,52,12,24,5,11,7,5,29,54,1,43,30,17,21,13,35,12,23,28,17,70,25,41,75,21,21,11,43,26,14,48,6,22,19,39,146,15,9,8,50,49,2,56,23,22,6,42,16,28,22,28,14,24,14,12,14,20,0,45,22,12,13,23,36,17,33,23,25,17,47,11,20,30,25,28,6,14,52,6,27,26,61,3,63,15,54,48,12
"COG2368",253,80,26,53,28,313,32,65,34,41,126,40,180,64,34,56,7,37,38,344,76,50,150,58,149,65,30,227,46,9,171,90,50,125,55,248,40,56,46,153,239,45,181,9,243,98,54,23,130,10,41,27,152,32,79,65,46,75,128,56,314,287,21,48,181,37,49,44,105,11,316,88,41,25,43,68,58,392,85,65,102,82,50,77,119,336,51,63,46,234,26,336,39,42,51,72,14,66,56,41
"COG2369",15,2,8,0,2,3,5,0,0,0,4,1,2,2,9,0,36,0,0,3,4,0,13,0,11,0,0,1,0,1,48,1,1,9,13,5,0,0,1,0,0,0,21,3,1,1,4,13,0,0,2,1,2,0,0,0,3,1,3,0,10,11,4,0,1,0,1,0,0,0,10,0,1,1,1,0,0,7,1,0,0,2,0,0,0,10,1,1,1,5,1,1,5,0,2,1,0,4,3,0
"COG2370",5,12,14,7,32,6,20,3,17,4,6,12,20,15,17,15,46,14,3,6,36,11,25,9,10,17,14,22,13,7,11,13,19,12,20,3,4,14,6,8,4,5,9,23,7,16,18,18,14,11,14,14,16,4,19,23,38,9,20,8,2,6,5,9,24,6,22,4,15,2,8,18,12,16,41,10,40,13,21,7,21,13,8,13,18,6,4,13,11,9,13,3,9,22,11,6,2,19,12,11
"COG2371",10,24,54,19,0,27,58,53,50,19,15,14,5,38,21,43,20,54,42,15,37,1,8,26,32,37,14,13,37,10,18,27,20,14,33,18,18,49,44,19,21,59,17,10,12,24,27,36,22,6,11,13,11,43,52,32,9,37,22,43,9,8,14,41,10,32,51,45,12,1,16,27,60,16,69,45,66,10,10,36,24,27,31,26,26,16,31,10,34,17,2,10,19,43,31,57,37,60,43,29
"COG2372",7,7,0,0,0,6,3,0,2,1,3,0,12,0,0,2,0,0,1,5,14,0,14,0,0,0,0,7,2,0,1,0,0,16,12,16,1,0,1,20,2,2,9,0,4,0,3,3,2,2,2,3,15,0,1,2,0,1,7,0,10,12,0,0,4,3,1,0,1,0,4,2,1,0,1,2,0,17,0,0,4,1,5,5,9,4,1,0,3,3,0,12,0,1,0,3,0,2,2,0
"COG2373",101,60,152,28,51,70,59,10,11,13,20,29,82,36,88,28,24,26,22,58,64,26,116,25,66,24,38,67,16,86,66,24,43,148,76,167,57,41,39,51,66,20,133,38,59,34,67,55,39,28,19,51,66,17,31,46,6,13,53,24,83,57,98,15,15,56,39,18,12,15,72,27,12,48,31,27,20,64,25,20,4,56,11,35,7,219,40,47,4,86,9,59,70,59,30,37,42,37,40,34
"COG2374",114,155,124,168,98,109,190,49,94,89,221,152,100,137,100,93,433,97,62,65,139,65,201,174,173,47,82,131,98,113,193,81,130,206,265,96,186,77,106,130,120,168,174,126,105,62,161,194,133,93,112,82,147,69,102,160,157,85,220,121,75,61,145,66,84,144,117,140,205,29,113,153,55,89,140,127,62,104,140,92,87,158,100,106,89,96,173,175,71,97,147,90,175,172,111,99,90,67,120,102
"COG2375",28,10,24,32,49,20,21,7,2,0,11,39,12,10,13,4,119,9,9,8,13,44,42,21,24,25,40,7,5,37,51,6,24,48,35,59,2,5,22,9,6,3,53,48,15,4,1,38,13,28,31,42,7,16,14,7,36,2,7,10,43,9,14,5,1,4,17,4,22,12,25,3,4,44,13,6,3,18,7,12,6,12,2,8,6,21,24,16,5,35,35,28,31,16,4,8,19,5,11,32
"COG2376",64,51,19,49,43,66,60,59,66,39,39,49,93,64,55,69,3,60,83,80,46,17,23,52,49,66,62,84,41,61,33,73,84,30,85,149,34,77,51,59,57,80,66,70,76,72,49,25,64,54,75,51,57,76,56,92,91,72,35,69,83,67,30,56,98,51,54,62,85,32,91,103,68,89,39,71,70,51,103,50,84,58,63,85,106,72,67,55,63,70,52,94,43,77,54,60,28,66,47,53
"COG2377",147,160,177,318,296,134,207,263,359,428,226,271,188,251,343,257,143,279,353,154,194,287,136,312,170,292,339,177,260,280,146,275,298,164,155,144,204,278,233,179,183,209,129,335,179,285,200,228,233,310,334,257,195,388,234,241,281,266,201,246,175,145,165,297,251,234,235,269,252,311,128,266,326,303,188,224,268,149,237,270,292,177,356,313,256,146,289,262,358,176,303,136,247,274,268,322,148,275,250,254
"COG2378",78,68,65,11,11,76,43,11,28,17,84,43,75,62,37,17,409,9,13,55,37,25,142,11,86,18,7,39,15,29,199,16,13,89,97,83,117,10,24,32,69,12,195,21,83,13,96,122,30,16,5,16,40,10,14,15,39,8,77,18,31,42,28,17,20,65,11,10,42,4,62,12,16,11,13,12,14,65,22,7,8,19,5,8,19,58,11,18,12,41,12,40,24,19,29,12,10,15,15,2
"COG2379",102,36,35,37,49,86,24,48,43,24,60,25,68,30,23,34,6,25,26,83,48,46,32,28,44,19,28,88,24,35,50,23,23,36,22,79,85,34,35,53,77,29,56,32,62,26,51,18,56,12,26,49,83,50,43,32,28,56,107,46,113,96,44,35,150,95,30,50,69,10,153,53,55,57,58,53,44,115,30,52,61,46,46,47,77,110,36,63,22,127,19,132,57,27,53,52,40,51,40,46
"COG2380",0,0,0,0,0,0,0,0,0,0,0,0,2,0,0,0,0,0,0,0,4,0,2,0,0,0,0,0,0,0,0,0,0,2,3,0,0,1,0,3,0,0,0,0,0,1,0,1,0,0,0,0,1,0,1,1,1,0,0,0,0,0,0,0,0,0,0,0,0,0,0,2,0,0,0,0,0,0,1,0,1,0,0,0,0,0,0,0,0,1,0,0,0,0,0,0,0,0,1,0
"COG2382",27,9,15,3,1,13,4,1,9,1,3,3,11,1,1,5,24,3,5,10,9,3,34,1,11,2,3,15,6,7,5,2,9,21,11,46,8,10,7,17,10,7,12,4,12,4,8,12,11,4,4,10,16,10,10,8,5,6,10,8,21,13,12,9,2,5,9,2,0,12,29,12,8,26,5,7,4,16,2,4,2,11,12,9,2,65,5,13,3,12,0,17,7,22,1,7,3,3,8,7
"COG2384",6,0,0,0,6,1,0,0,2,0,0,0,0,0,18,0,1,1,0,0,1,15,7,0,1,0,0,0,0,0,2,1,1,0,2,0,0,0,0,0,0,0,0,0,0,0,0,0,1,0,0,1,0,0,1,0,0,0,0,0,0,2,0,0,1,0,0,0,1,25,0,1,1,0,0,0,1,0,0,0,0,2,0,0,0,0,0,3,0,0,0,0,0,0,1,0,0,3,3,0
"COG2385",15,56,449,91,15,38,337,272,89,50,48,95,23,157,80,214,1,241,131,32,252,26,16,96,121,188,120,46,234,170,16,125,220,61,121,70,65,166,240,63,13,322,14,106,27,103,88,305,73,98,78,211,59,90,302,183,62,207,55,268,23,33,413,231,45,55,210,237,86,1,29,121,169,135,370,219,232,22,141,216,91,152,144,87,79,24,202,63,135,54,47,30,121,233,65,228,486,281,357,172
"COG2386",86,67,43,57,89,78,52,76,75,57,119,71,78,59,55,65,85,45,62,90,51,104,83,70,78,44,57,72,75,52,82,57,52,84,56,63,93,56,62,94,99,55,86,71,79,67,86,57,62,79,59,71,81,91,58,54,68,52,107,55,91,87,42,83,71,95,52,48,49,70,87,44,93,71,70,55,50,103,46,44,62,49,51,72,67,79,80,68,49,87,48,99,51,58,59,67,28,45,61,46
"COG2388",7,5,1,0,0,4,3,1,0,0,0,1,3,0,1,1,8,1,1,0,3,0,9,0,5,1,0,3,0,0,5,1,0,3,5,14,4,0,1,4,1,0,35,0,4,2,1,8,1,1,0,1,2,2,1,0,1,2,8,0,8,2,1,0,0,4,0,0,0,0,8,2,1,0,1,0,4,8,1,1,2,3,0,0,0,9,0,0,2,9,0,2,1,3,1,2,0,3,1,0
"COG2389",0,3,23,11,0,0,0,0,4,0,0,2,0,0,10,0,0,6,0,1,1,0,0,13,0,0,3,1,1,0,0,5,0,0,2,0,0,2,0,2,0,1,0,0,0,5,2,0,2,0,0,20,1,0,5,3,2,0,0,3,0,0,13,0,0,0,1,3,0,0,0,12,2,0,4,11,6,0,0,20,0,6,2,2,0,0,8,2,1,0,0,0,7,0,2,23,1,7,2,3
"COG2390",28,14,7,24,29,12,14,8,35,7,11,15,12,25,55,4,35,3,3,10,7,55,16,24,16,4,28,12,8,12,27,16,6,15,38,50,10,6,5,8,12,11,50,14,13,16,15,18,16,2,1,12,3,3,7,7,8,20,19,6,25,17,14,8,1,10,13,5,15,21,25,5,20,22,3,26,5,31,8,15,5,11,8,5,8,28,14,14,6,23,3,29,8,6,20,10,5,12,10,12
"COG2391",94,100,30,117,133,108,25,23,84,47,84,34,50,27,92,22,21,36,13,116,31,79,49,95,59,21,36,84,29,22,97,31,34,40,50,111,125,30,20,72,116,48,137,16,105,33,142,47,54,11,24,25,42,15,21,40,19,38,77,56,139,114,28,22,32,135,34,38,42,47,95,40,36,23,41,113,24,136,58,69,23,51,24,51,42,136,69,130,18,85,27,119,27,41,71,83,11,44,37,33
"COG2401",2,0,0,0,1,0,0,0,0,0,0,1,0,0,0,0,0,0,0,0,0,0,0,2,0,0,0,0,0,0,0,0,0,1,1,0,0,0,0,0,0,0,1,0,0,0,0,0,0,0,0,2,0,0,0,0,0,0,0,0,0,0,0,0,0,0,1,0,0,0,0,0,0,0,0,0,0,0,1,0,0,1,0,0,0,0,0,0,0,0,0,0,0,0,0,2,2,0,0,0
"COG2402",0,0,3,0,0,0,0,0,1,0,5,0,0,0,0,0,0,0,0,0,0,0,3,0,0,0,0,0,0,0,0,0,1,0,1,0,2,0,0,0,0,0,0,0,0,0,1,0,0,1,0,1,1,0,0,1,0,1,1,1,0,0,1,0,0,0,0,0,0,0,1,0,0,0,0,0,0,0,0,0,0,2,0,1,0,0,0,0,0,0,0,0,0,0,0,0,1,0,0,0
"COG2403",6,38,0,0,0,7,0,0,0,0,152,1,1,0,0,0,0,0,0,5,0,0,2,2,5,0,0,6,0,0,6,0,0,0,0,5,136,0,0,0,6,0,5,0,4,0,78,0,0,1,0,0,1,0,0,0,0,0,97,0,11,4,0,0,0,97,0,0,0,0,15,0,0,0,0,4,0,11,0,2,0,0,0,0,0,6,2,0,0,5,0,15,0,0,0,0,0,0,0,0
"COG2404",2,2,3,0,1,0,0,0,3,1,1,0,7,0,1,3,2,0,0,3,1,0,8,1,2,4,0,7,0,0,6,1,3,3,8,2,6,1,3,3,1,0,7,0,1,0,3,5,2,0,1,2,10,0,1,0,5,2,4,3,3,2,1,0,5,1,3,0,0,1,3,0,1,0,0,3,1,7,0,2,0,3,1,0,3,2,3,1,0,1,0,2,2,0,1,1,0,1,0,0
"COG2405",0,0,0,0,0,0,0,0,0,0,1,0,0,0,0,0,0,0,0,0,0,1,0,0,0,0,0,0,0,0,0,0,0,1,0,0,0,0,0,0,0,0,0,0,0,0,0,0,0,1,0,0,0,0,0,0,0,0,0,0,0,0,0,0,0,0,0,0,0,0,0,0,0,0,0,0,0,0,0,0,0,0,0,0,0,0,0,0,0,0,0,0,0,0,0,0,0,0,0,0
"COG2406",33,6,2,0,0,41,0,0,0,0,3,0,23,3,0,0,0,0,0,45,10,0,4,1,14,0,0,31,0,0,14,8,0,11,6,45,2,4,0,15,34,0,16,0,24,5,1,0,17,0,1,1,26,0,6,1,0,0,9,0,26,33,1,0,47,4,0,0,17,0,47,9,0,1,0,0,0,43,3,0,16,2,0,1,18,32,0,5,0,33,0,39,3,0,0,0,0,12,9,0
"COG2407",42,50,20,36,34,35,35,35,41,21,43,11,13,26,32,40,0,30,52,23,21,7,13,44,19,31,24,32,32,15,20,41,34,24,16,54,20,24,25,36,28,32,14,27,35,32,69,10,30,9,21,32,21,42,25,27,23,33,44,32,36,28,10,38,19,25,32,25,6,15,32,26,38,25,26,46,28,15,25,27,21,19,29,30,24,19,26,59,23,30,9,30,21,27,36,30,18,24,18,14
"COG2409",35,30,25,38,44,7,37,25,4,3,42,101,126,64,0,23,28,77,17,52,94,8,120,28,30,83,32,96,45,90,16,88,63,98,256,149,24,58,57,177,27,32,114,14,36,76,34,46,86,72,80,43,135,11,103,87,111,33,22,30,46,28,97,48,111,27,33,48,95,3,79,82,14,28,21,34,9,71,97,43,105,137,11,93,162,68,27,3,36,62,72,79,67,86,10,18,30,44,77,39
"COG2410",1,0,0,0,0,0,0,0,0,0,1,0,6,0,0,0,0,0,0,8,2,0,9,0,2,0,0,3,0,0,1,0,0,2,1,1,0,0,0,2,0,0,3,0,4,0,0,0,0,0,0,0,5,0,0,0,0,0,2,0,0,1,0,0,1,0,0,0,0,0,2,0,0,0,0,0,0,6,0,0,0,0,0,1,1,3,0,0,0,1,0,2,0,0,0,0,0,1,0,0
"COG2412",23,3,0,0,0,29,0,0,0,0,8,0,6,0,0,0,0,0,0,26,4,0,4,0,6,0,1,10,0,1,10,2,0,13,2,22,4,1,0,5,12,0,12,0,19,2,0,0,6,0,0,0,9,0,2,2,1,0,9,0,19,27,0,0,35,3,0,0,7,0,21,3,0,0,0,0,0,28,3,0,6,0,0,0,5,19,0,3,0,25,0,29,0,0,1,0,0,0,2,1
"COG2413",2,5,0,1,0,1,0,0,0,0,2,3,2,0,1,0,0,0,0,0,0,0,1,0,0,1,1,0,0,1,0,2,0,2,0,0,8,1,1,1,1,0,0,2,0,2,4,0,3,2,0,0,0,0,4,1,2,0,2,0,1,1,0,0,0,2,0,0,1,1,0,0,0,1,0,0,0,0,2,0,2,1,0,0,0,1,0,0,0,1,0,1,1,0,0,0,1,0,1,1
"COG2414",57,186,13,22,4,63,15,5,5,2,336,21,100,20,2,10,9,18,4,125,44,3,122,23,44,3,14,108,16,7,64,15,17,63,38,55,414,18,15,93,107,43,72,0,104,14,293,8,37,0,2,21,131,4,23,24,19,16,247,14,103,113,16,6,46,351,24,27,11,1,125,40,11,6,19,24,10,100,17,24,15,43,17,23,14,105,16,6,5,76,9,123,54,20,13,22,3,11,25,13
"COG2421",109,48,29,15,39,43,40,26,51,25,149,31,108,31,14,41,22,24,44,130,37,80,115,14,65,21,8,138,16,33,95,20,25,90,104,83,95,22,29,91,78,34,138,18,116,21,66,56,43,36,22,29,88,41,33,39,49,32,96,23,131,118,30,11,52,71,36,24,29,18,120,27,25,18,31,30,17,169,21,11,20,45,11,30,20,144,23,11,18,80,31,139,38,30,26,46,12,27,17,14
"COG2423",150,168,48,74,113,121,34,20,36,18,238,86,171,43,58,39,42,51,31,140,87,169,157,37,83,53,66,178,48,58,114,74,64,202,108,93,259,53,32,200,143,51,130,72,159,79,189,71,104,73,89,56,193,31,89,62,156,29,154,38,180,140,33,65,135,215,40,42,123,90,148,93,40,66,32,55,29,137,80,47,114,75,34,75,139,134,48,89,39,155,71,163,74,69,47,53,30,60,69,43
"COG2425",0,1,4,0,0,1,0,0,1,1,0,1,2,5,5,0,7,2,0,0,3,0,11,1,1,0,1,1,1,2,0,0,0,3,6,1,0,3,2,4,0,1,2,0,0,0,0,4,3,0,0,2,3,1,1,0,1,0,0,2,0,0,2,0,1,0,2,4,0,0,1,5,1,0,2,11,2,0,3,3,2,10,0,4,1,0,4,0,0,1,0,0,8,0,0,0,2,3,5,0
"COG2426",0,4,7,1,4,1,4,1,0,1,6,19,10,22,0,8,2,10,0,1,14,1,9,1,3,11,0,2,9,15,0,8,14,4,11,1,3,25,14,12,1,7,0,2,0,8,1,4,19,18,12,3,13,0,17,14,4,5,2,7,2,1,7,4,4,1,6,18,22,1,2,6,2,7,4,22,3,1,5,9,12,10,3,5,10,3,3,4,2,1,6,1,16,8,0,0,8,8,16,3
"COG2428",0,1,0,0,0,0,1,0,0,0,1,0,0,1,0,0,0,0,1,0,0,0,0,0,0,0,0,0,0,0,0,0,0,0,0,0,3,0,0,0,0,0,0,0,0,0,0,0,0,0,0,0,0,1,0,0,0,0,1,0,0,0,0,0,0,0,0,0,0,0,0,0,0,0,0,0,0,0,0,1,0,0,0,0,0,0,0,0,0,0,0,0,0,0,0,0,0,0,0,0
"COG2429",56,10,0,0,0,61,0,0,0,0,12,0,29,0,0,0,1,0,0,62,7,0,6,0,21,0,0,44,0,0,16,8,0,10,4,67,2,0,0,13,42,0,11,0,32,10,2,0,19,0,0,0,36,0,9,0,1,0,11,0,67,51,0,0,61,5,0,0,19,0,51,7,0,0,0,0,0,48,5,0,29,1,0,1,18,51,0,1,0,41,0,65,0,0,0,0,0,14,7,0
"COG2430",0,6,0,0,0,0,0,0,0,0,4,0,0,0,0,0,0,0,0,3,0,0,0,0,0,0,0,0,0,0,1,0,0,0,0,0,0,0,0,0,0,0,0,0,0,3,3,0,4,0,0,0,0,0,0,0,0,0,3,0,0,3,0,1,0,0,0,0,0,0,0,0,0,0,0,0,0,0,0,0,0,0,0,0,0,0,0,0,0,0,0,2,0,0,0,0,0,0,0,0
"COG2431",1,1,10,0,0,2,1,0,0,0,0,0,0,0,1,0,5,0,0,1,0,0,10,0,1,1,0,0,0,0,3,0,0,3,2,0,0,0,1,1,0,0,3,0,3,0,0,1,0,0,0,0,0,0,0,0,1,0,5,0,9,0,1,0,0,1,7,0,0,0,0,0,0,1,1,0,0,9,0,0,0,0,0,0,0,2,4,0,1,0,0,2,2,0,0,1,1,1,0,0
"COG2433",0,1,0,0,0,0,0,0,0,0,2,0,0,0,0,0,0,0,0,0,0,0,0,0,0,0,0,0,0,0,0,0,0,0,0,0,2,0,0,0,0,0,0,0,0,0,0,0,0,0,0,0,0,0,0,0,0,0,0,0,0,0,0,0,0,2,0,0,0,0,0,0,0,0,0,5,0,0,0,0,0,0,0,0,0,0,0,0,0,0,0,0,0,0,0,1,0,0,0,0
"COG2440",4,0,3,0,0,1,0,0,0,0,2,1,0,0,0,0,0,0,0,2,0,0,1,0,1,0,0,7,0,0,1,0,0,0,1,2,0,0,0,0,2,0,0,0,3,0,1,0,0,0,1,0,1,0,1,1,0,0,1,0,6,7,2,0,0,1,0,0,1,0,4,0,0,0,1,0,0,4,1,0,0,0,0,2,0,2,0,0,0,1,0,3,0,0,0,0,0,0,0,0
"COG2442",1,0,1,1,0,0,0,0,1,1,5,1,2,1,0,0,0,1,0,1,0,0,2,1,3,0,0,1,0,0,3,0,0,0,0,7,2,0,0,1,2,0,1,0,0,0,2,0,0,1,0,0,2,0,0,0,0,0,1,0,0,1,0,0,0,5,0,0,0,0,1,0,0,0,0,1,0,3,0,0,0,0,0,0,0,3,1,0,0,2,0,3,0,2,3,1,0,0,0,0
"COG2443",5,4,2,1,5,2,0,1,0,0,1,11,6,5,0,1,1,11,0,1,2,0,8,1,2,6,6,11,5,9,0,4,2,8,5,3,1,7,1,10,5,0,1,2,4,9,1,4,11,10,8,3,11,0,5,5,4,2,1,2,2,6,11,3,3,1,1,10,6,0,6,8,2,3,3,5,3,1,13,3,4,19,0,5,3,0,2,1,1,4,9,6,9,4,2,0,5,3,7,6
"COG2445",0,0,0,0,0,1,1,0,1,0,2,0,0,0,0,1,1,0,0,0,0,0,0,0,1,0,0,0,0,0,1,0,0,0,0,0,1,0,0,0,1,0,1,0,0,0,1,0,0,0,0,0,0,0,0,0,0,0,0,0,0,0,0,0,0,1,0,0,0,0,0,0,0,0,0,0,0,1,0,0,0,0,0,0,0,0,0,0,0,0,0,0,0,0,0,1,0,0,0,0
"COG2450",0,0,1,0,0,0,0,0,0,0,0,0,1,0,0,2,0,2,0,0,2,0,1,0,1,0,0,1,0,2,0,0,2,0,2,0,0,0,2,1,2,0,1,0,0,1,1,0,0,3,0,0,2,0,0,3,2,0,0,0,0,0,1,1,0,0,0,0,2,0,1,0,0,1,1,0,0,0,0,0,1,2,0,0,1,0,0,0,0,0,0,1,0,3,0,0,0,1,1,0
"COG2451",0,0,0,0,2,0,0,0,1,0,6,1,0,0,0,0,0,0,0,1,0,0,0,0,0,0,1,0,0,0,0,1,1,0,0,0,9,1,0,0,0,0,0,0,0,0,3,0,2,0,0,0,0,0,0,0,0,0,4,0,0,0,0,0,0,0,0,0,0,0,0,1,0,0,0,2,1,0,2,0,0,1,0,0,0,0,0,0,0,0,0,0,1,0,0,0,1,1,0,0
"COG2452",9,0,0,0,0,3,0,0,1,0,9,0,5,0,0,0,1,0,0,1,0,0,67,1,4,0,0,1,0,0,2,0,0,3,0,2,1,0,0,1,3,0,0,2,1,0,4,0,0,0,0,0,2,1,0,0,0,0,2,0,4,1,0,0,1,9,0,1,0,0,9,0,0,0,0,0,0,1,0,4,1,0,0,0,0,2,3,18,0,2,0,1,0,1,0,0,0,0,1,1
"COG2453",62,24,11,27,27,66,8,19,51,15,35,29,58,28,22,16,9,21,17,70,25,35,33,16,26,24,28,49,17,22,36,38,17,33,24,60,27,23,24,31,52,28,33,26,61,26,21,8,38,15,14,36,43,16,25,26,23,15,38,15,62,56,14,27,69,20,16,17,30,22,63,30,22,31,18,22,31,66,19,12,37,42,25,26,34,62,12,41,6,53,13,70,28,19,19,29,10,42,25,20
"COG2454",0,0,0,0,0,0,0,0,0,0,0,0,0,0,0,0,0,0,0,0,0,0,0,0,0,0,0,0,0,3,1,0,0,0,0,0,0,0,0,0,0,0,6,0,0,0,0,0,0,0,0,0,0,0,0,1,0,0,0,0,0,0,0,0,0,0,0,0,0,0,0,0,0,0,0,0,0,0,0,0,0,0,0,0,0,0,0,0,0,0,0,0,0,0,0,0,0,0,0,0
"COG2457",0,2,2,1,0,0,1,1,0,0,1,0,0,0,0,0,0,0,1,0,0,0,0,3,0,0,0,0,0,0,0,0,0,0,0,0,0,0,0,0,0,0,0,1,2,0,1,0,0,2,0,0,0,0,0,0,0,0,4,1,0,0,1,0,0,0,0,0,0,0,1,1,0,0,0,0,2,0,0,3,1,0,0,0,1,1,1,0,0,0,0,3,1,0,0,1,0,0,0,0
"COG2461",0,35,0,0,0,7,0,0,0,0,68,0,1,0,0,0,0,0,0,0,0,0,0,0,0,0,0,0,0,0,0,0,0,0,0,0,61,0,0,0,9,0,0,0,0,0,44,0,0,0,0,0,0,0,0,0,0,0,37,0,0,0,0,0,1,58,0,0,0,0,0,0,0,0,0,0,0,0,0,0,0,0,0,0,0,0,0,0,0,3,0,0,0,0,0,0,0,0,0,0
"COG2501",1,0,24,3,2,0,27,17,9,1,0,2,2,7,8,11,3,12,7,0,10,1,11,6,10,10,8,1,11,15,1,10,9,9,5,2,0,6,17,2,0,21,1,17,0,1,0,23,0,5,1,14,2,5,9,10,1,15,0,16,1,1,43,9,0,0,16,14,0,5,1,2,7,9,25,13,26,0,9,12,1,10,6,4,2,0,10,8,1,2,0,3,5,10,4,17,40,11,17,18
"COG2502",11,0,0,0,1,0,0,0,3,0,5,0,1,0,8,0,1,0,0,0,0,0,5,0,3,0,0,0,0,1,9,0,0,0,0,0,0,0,0,0,0,0,1,0,1,0,0,0,0,0,0,2,0,0,3,0,0,0,1,0,0,3,0,0,0,0,0,0,2,0,1,0,0,0,1,0,0,2,0,0,0,0,0,1,0,1,1,0,0,0,0,0,0,0,1,0,0,1,2,0
"COG2503",11,16,33,22,34,18,25,44,34,59,12,59,9,42,35,44,42,31,42,13,31,4,26,33,26,46,49,26,40,60,23,51,35,37,25,28,7,36,28,22,13,36,25,55,10,39,5,31,40,57,47,44,12,47,40,39,51,21,9,19,6,13,26,44,12,19,35,38,59,1,10,46,39,53,38,22,38,19,28,29,44,23,40,39,17,13,43,49,33,17,34,10,53,37,53,59,38,37,42,51
"COG2508",7,6,1,0,1,7,3,0,0,0,9,0,7,2,1,0,5,0,2,2,2,2,8,0,7,1,0,3,0,3,1,1,0,0,41,34,14,0,2,0,1,2,39,1,3,0,6,7,1,0,0,0,0,1,0,2,0,0,5,0,7,3,0,2,0,17,0,0,0,2,6,1,2,0,1,0,2,9,2,0,1,0,0,0,3,13,0,0,2,15,2,17,2,1,0,2,0,0,0,1
"COG2509",17,12,106,27,92,12,36,4,37,8,6,40,20,27,78,7,87,22,8,10,20,102,43,48,24,22,45,18,5,21,36,36,13,29,27,15,13,20,11,4,3,12,16,38,8,18,26,33,12,6,13,80,9,11,34,23,3,6,8,23,2,6,54,7,6,11,32,27,9,153,5,31,14,42,26,71,32,11,17,68,6,51,11,27,5,12,62,140,4,10,9,5,61,7,13,98,35,46,44,32
"COG2510",0,0,0,0,0,0,0,0,0,0,2,0,1,0,0,0,0,0,0,0,0,0,0,0,0,0,0,0,0,0,0,0,0,1,0,1,3,0,0,0,0,0,6,0,0,0,0,1,0,0,0,0,0,0,0,0,0,0,0,0,0,0,0,0,1,1,0,0,0,0,0,0,0,0,0,0,0,0,0,0,0,0,0,0,0,0,0,0,0,1,0,0,0,1,0,0,0,0,0,0
"COG2511",131,66,21,22,43,182,24,13,0,0,85,105,124,60,0,27,15,55,14,142,84,0,63,34,76,45,29,231,39,71,53,83,36,108,77,120,57,50,29,162,146,39,56,14,118,112,34,55,117,62,59,42,171,4,127,74,44,27,74,28,161,130,71,24,270,33,27,43,122,0,140,100,14,27,20,35,16,122,108,41,105,142,1,73,83,137,19,9,9,132,66,158,65,27,20,9,32,66,80,30
"COG2512",91,24,0,0,0,108,0,0,0,0,22,0,35,3,0,0,2,1,0,72,2,0,10,1,18,0,0,51,0,1,26,10,0,24,3,50,4,1,0,27,60,1,28,0,52,12,2,0,25,0,0,1,56,0,11,4,2,0,20,1,88,58,0,2,125,5,0,0,46,0,83,17,0,0,0,0,0,69,4,0,42,3,0,5,39,80,0,3,0,72,0,84,2,0,1,0,0,15,8,0
"COG2513",339,242,110,238,219,319,171,265,225,250,220,216,344,235,237,236,126,228,260,360,226,220,263,217,265,240,203,303,209,198,261,226,263,289,226,284,189,234,229,276,261,188,223,254,329,196,269,135,260,240,279,243,319,268,203,238,244,243,221,212,344,309,128,202,379,226,236,231,272,234,310,273,221,194,144,142,214,363,185,194,344,244,225,295,338,322,221,137,264,313,262,397,192,221,216,223,120,256,167,227
"COG2514",15,1,2,1,0,4,1,1,0,0,5,0,9,1,0,0,0,0,0,16,7,0,10,0,13,2,0,8,0,0,16,0,0,5,6,12,3,0,1,7,3,2,23,0,11,1,3,3,1,0,0,2,7,5,3,0,0,1,4,2,32,16,3,2,1,6,3,3,1,0,27,3,1,0,1,3,1,26,0,0,2,1,2,1,5,45,0,0,0,18,1,39,1,3,0,4,0,2,3,3
"COG2515",122,115,56,35,147,103,51,39,44,43,111,59,124,44,79,39,173,34,44,123,51,148,99,49,92,45,66,114,30,65,114,70,62,91,46,136,118,40,41,89,152,47,109,68,157,66,170,76,68,31,48,62,75,39,37,39,72,41,146,47,150,140,64,46,89,117,42,36,59,163,116,46,44,50,58,46,41,116,41,29,54,70,40,56,57,141,46,150,34,108,39,147,55,63,32,40,53,31,43,45
"COG2516",10,38,3,4,0,12,41,55,13,6,73,1,3,9,0,68,0,16,59,8,4,0,8,1,21,1,0,20,8,2,6,1,5,2,11,11,53,2,7,11,21,63,8,1,17,4,48,2,11,1,1,0,6,42,10,18,0,20,38,7,22,12,4,3,2,46,21,15,2,0,21,9,20,0,22,7,17,9,3,3,1,15,10,6,6,11,12,0,7,8,2,17,0,6,1,10,1,7,5,0
"COG2518",188,257,121,136,206,204,127,105,135,88,273,138,119,116,133,129,81,109,158,167,107,185,147,123,113,120,139,157,115,129,156,132,110,153,108,155,281,108,117,175,220,121,149,146,204,141,282,103,120,112,85,83,95,117,78,69,76,82,176,65,120,117,74,61,60,188,66,64,67,101,105,77,93,112,70,53,73,144,69,90,59,87,93,76,52,137,68,109,59,129,77,161,96,80,92,71,50,52,98,83
"COG2519",72,40,13,22,10,71,20,31,7,20,32,54,84,39,1,16,10,37,10,75,30,0,38,30,42,36,24,130,20,37,32,51,32,41,61,86,40,42,39,75,58,23,44,10,66,50,25,22,75,35,33,21,66,7,36,38,23,31,26,21,51,53,12,20,89,14,9,26,48,1,63,20,8,18,8,25,14,44,25,25,50,46,8,36,42,55,24,16,18,56,40,50,20,27,12,20,11,18,28,21
"COG2520",96,26,13,10,31,91,11,6,0,0,36,71,39,49,0,11,8,42,6,82,39,2,41,23,56,43,13,112,22,42,32,41,30,43,51,77,31,34,16,79,71,25,35,8,48,52,20,26,63,42,46,51,120,8,88,85,33,27,53,32,114,118,81,17,92,28,27,48,87,1,139,87,14,31,15,37,16,99,81,53,54,134,3,65,56,95,17,9,16,104,59,113,103,33,11,6,40,61,82,30
"COG2521",0,0,1,0,0,0,0,0,0,0,1,0,2,1,0,0,0,2,0,0,1,0,0,0,0,1,0,0,0,0,0,0,0,0,3,0,1,0,0,1,0,1,0,0,0,1,0,0,2,0,0,0,0,0,0,0,0,0,0,0,0,1,0,0,0,1,0,1,1,0,0,1,0,0,0,3,1,0,0,0,0,1,0,1,0,0,0,0,0,0,0,0,3,0,0,0,0,5,1,0
"COG2522",2,3,2,3,10,1,0,5,0,0,9,12,5,6,0,3,0,6,1,0,7,0,3,5,5,1,4,0,3,9,0,3,4,1,4,1,5,2,1,2,0,2,2,1,4,2,3,3,8,7,4,12,8,1,7,5,3,3,5,4,5,5,7,9,6,4,2,1,8,0,5,6,1,4,5,2,2,0,13,13,6,4,0,2,2,5,1,1,2,7,9,3,20,8,3,0,10,1,6,4
"COG2524",0,0,2,0,0,0,0,0,0,0,0,0,0,0,0,0,0,0,0,0,0,0,0,0,0,0,0,0,0,1,0,0,0,0,1,0,0,2,0,4,0,0,0,0,0,1,0,0,0,0,0,0,0,1,0,1,0,0,0,0,0,0,0,0,1,0,0,0,0,0,0,0,0,0,0,0,0,0,0,0,1,0,0,0,0,0,0,1,0,0,1,0,0,0,0,0,0,4,1,0
"COG2602",4,1,5,0,0,4,2,0,1,0,13,1,0,2,1,0,0,0,2,1,0,0,0,0,2,0,0,4,0,3,15,0,0,0,2,10,11,0,1,1,3,0,10,0,1,0,1,3,0,0,2,0,0,0,0,0,0,0,3,0,1,2,4,0,0,4,0,1,6,0,4,0,0,2,0,0,2,5,0,0,0,0,1,0,1,12,0,1,2,3,0,2,2,1,0,1,2,0,1,0
"COG2603",55,63,179,76,68,71,153,166,117,49,28,72,21,69,55,154,9,91,79,56,124,95,28,73,79,80,72,43,133,87,57,78,87,60,68,38,48,69,131,55,80,167,47,90,48,78,50,182,69,75,35,107,38,77,112,90,35,104,32,94,56,56,185,110,30,41,143,108,31,119,63,66,114,89,214,92,127,72,63,100,26,81,88,61,20,43,90,69,66,57,41,51,90,84,58,96,239,138,176,96
"COG2604",63,29,44,9,1,58,27,14,19,34,25,15,43,35,24,12,369,2,17,34,11,5,85,12,88,6,5,14,8,13,152,8,5,90,41,20,14,2,9,10,29,8,84,14,73,3,16,83,3,6,3,8,13,17,6,21,27,7,22,12,26,41,30,8,14,16,16,1,25,0,33,2,14,11,17,12,6,31,14,13,3,9,12,1,5,41,13,6,3,34,3,30,20,9,39,12,21,20,17,5
"COG2605",83,125,43,100,71,114,78,64,53,79,146,146,128,107,46,63,64,85,66,115,86,71,106,122,83,103,76,151,120,73,70,101,130,108,92,75,155,100,88,135,107,68,53,64,102,125,140,108,112,89,81,74,137,77,115,98,127,97,123,118,108,92,90,95,128,174,117,140,106,57,104,100,81,82,54,150,77,92,181,106,91,128,66,100,89,82,88,33,68,89,89,86,63,103,31,50,67,78,112,62
"COG2606",65,93,64,77,35,77,52,77,57,82,63,87,98,97,91,71,73,74,91,108,58,52,68,74,69,99,62,85,85,73,96,75,108,84,95,77,128,103,91,105,88,52,100,62,82,90,105,69,96,75,109,84,144,96,69,118,96,99,91,98,81,92,56,84,121,145,90,86,113,84,92,109,63,66,37,75,90,109,127,97,111,99,69,88,129,70,65,31,136,86,147,88,61,64,77,95,28,69,59,74
"COG2607",12,19,37,49,21,7,33,32,70,39,10,23,28,21,35,29,6,22,33,14,35,26,26,40,24,23,48,12,23,28,20,14,21,39,15,21,6,18,30,38,12,30,34,29,24,22,18,28,30,12,17,36,23,43,34,21,37,31,21,31,24,7,33,20,21,10,41,26,3,9,9,26,25,28,42,39,41,28,19,27,23,15,30,27,11,15,26,24,17,21,13,11,37,12,32,46,26,26,22,31
"COG2608",8,6,4,0,1,4,7,0,0,0,16,1,3,2,0,2,5,1,0,4,3,0,9,1,6,2,1,4,2,2,11,2,0,7,17,24,9,1,3,3,1,0,20,0,6,1,3,5,0,0,0,2,0,1,2,2,0,2,13,1,4,6,2,0,0,10,1,0,3,0,5,0,1,4,4,1,2,10,0,2,0,2,0,2,4,7,0,1,6,12,0,8,4,1,1,3,1,4,2,0
"COG2609",434,452,263,602,730,472,457,600,622,701,242,667,672,600,599,576,334,619,668,546,514,742,473,744,488,644,614,636,538,582,414,556,679,418,541,434,241,655,640,617,535,530,361,516,534,584,275,364,665,708,513,393,449,415,363,461,431,453,197,404,385,397,216,361,386,176,380,466,533,619,348,463,349,352,235,327,384,300,462,402,449,440,390,457,527,322,400,217,483,311,554,332,349,405,415,401,216,331,318,403
"COG2610",103,71,41,27,19,72,46,19,27,53,27,74,52,78,54,26,277,28,13,48,55,35,108,22,78,24,37,61,23,34,172,51,51,119,114,74,13,53,26,35,82,13,141,61,82,58,50,125,58,55,54,33,46,35,52,34,61,16,67,38,123,44,48,31,30,17,49,25,84,3,65,37,30,46,33,24,14,78,46,30,34,43,31,37,27,95,46,50,26,62,34,69,54,47,32,49,24,35,54,29
"COG2703",4,24,13,0,1,2,2,0,0,1,39,1,2,2,7,1,15,0,1,1,1,1,14,1,4,1,0,0,0,0,8,0,0,4,5,0,42,0,1,0,1,1,10,0,3,0,74,5,0,2,0,2,2,0,0,3,2,0,60,0,2,1,7,0,1,38,3,0,2,0,4,0,0,0,1,0,1,10,3,1,0,0,0,0,0,1,4,0,1,2,0,1,3,0,0,2,6,0,0,0
"COG2704",0,0,0,0,0,1,0,0,0,0,0,0,0,0,4,0,9,0,0,1,0,0,32,0,0,0,0,0,0,0,0,0,0,0,0,0,0,0,0,0,0,0,0,0,0,1,0,0,0,0,0,0,0,0,0,0,0,0,1,0,0,1,1,0,0,0,0,0,0,0,1,0,0,0,0,0,0,1,0,0,0,0,0,0,0,0,0,0,0,1,0,0,0,0,0,0,0,0,0,0
"COG2706",49,34,50,21,3,20,14,8,19,11,16,7,105,19,13,13,12,20,18,78,55,6,142,15,30,7,18,73,28,25,56,13,18,135,95,73,15,18,11,74,46,13,81,21,57,17,25,46,45,12,6,35,68,14,26,21,17,7,22,28,56,62,34,20,41,9,22,15,9,19,56,27,7,39,11,18,15,105,22,14,23,47,9,16,47,95,29,20,4,42,9,86,30,33,4,31,14,29,30,10
"COG2710",14,16,578,154,1,18,449,399,181,47,7,139,5,167,106,357,9,332,150,29,273,0,14,135,187,271,196,5,226,274,4,158,234,103,129,86,6,185,350,79,4,479,20,245,14,132,26,396,66,100,31,295,36,125,237,167,36,288,15,236,0,1,577,181,6,6,304,279,15,0,6,117,221,238,621,309,355,10,136,245,32,266,155,81,49,13,212,94,121,55,28,12,171,296,144,250,775,296,327,252
"COG2715",16,21,15,9,11,11,11,6,0,2,15,12,19,4,5,4,73,6,4,10,11,3,35,8,10,8,5,9,4,8,43,8,7,21,28,7,24,4,9,10,21,6,29,21,16,4,14,45,6,11,11,12,7,5,6,9,13,6,20,5,11,10,19,3,6,15,6,8,10,22,14,11,4,9,10,8,7,20,4,3,11,9,2,12,1,18,4,20,4,10,6,18,10,5,10,7,12,6,11,11
"COG2716",32,30,16,2,24,55,12,3,10,3,15,14,15,20,24,6,124,5,2,15,18,7,53,7,28,4,4,16,3,4,71,5,4,30,25,12,22,5,6,9,24,7,54,3,28,4,24,29,11,5,3,7,11,3,6,10,22,6,16,9,10,23,16,4,12,24,15,4,14,33,16,6,4,7,11,0,6,28,8,7,3,9,0,10,1,15,4,15,4,22,0,11,18,6,12,7,9,12,9,3
"COG2717",38,14,17,72,88,34,30,29,48,18,22,54,27,44,86,29,82,39,25,21,39,83,35,65,20,55,63,31,31,39,44,50,38,30,30,32,11,44,26,44,30,37,41,56,35,46,45,35,52,58,48,48,34,19,28,27,70,42,29,56,21,25,22,43,28,11,38,41,40,94,25,33,47,57,23,50,55,27,32,67,57,36,26,41,40,32,60,44,42,28,71,21,28,24,34,49,21,40,21,50
"COG2718",20,4,27,6,8,14,17,5,8,1,9,12,21,17,19,6,146,1,3,15,11,9,58,7,39,14,5,9,2,5,87,2,2,38,26,1,11,4,7,12,6,3,44,4,23,1,8,43,5,5,5,5,11,2,4,3,24,10,32,3,3,8,21,4,5,7,20,3,21,1,7,1,2,8,5,3,9,24,7,15,3,2,9,1,11,8,16,18,13,8,15,13,17,5,7,2,7,8,11,3
"COG2719",22,7,28,4,9,22,15,2,15,4,16,17,21,10,29,5,164,2,5,13,8,1,64,7,39,12,6,7,3,8,121,3,7,33,31,6,10,2,8,10,12,9,58,10,22,6,8,43,2,6,11,12,13,3,13,4,28,11,28,5,5,12,20,3,16,11,24,3,43,2,8,2,7,14,12,6,9,39,10,13,3,5,5,0,10,9,19,15,7,7,9,6,23,4,12,6,8,14,10,2
"COG2720",3,8,8,4,3,7,0,1,2,1,8,8,10,11,6,0,0,9,0,2,8,4,5,6,1,3,3,8,9,4,1,7,12,10,8,3,6,3,1,11,2,2,1,2,2,5,2,6,6,0,6,12,15,0,10,15,24,3,6,1,4,1,18,5,15,4,5,5,5,1,1,11,2,2,2,11,2,2,9,5,11,8,0,6,9,0,8,6,2,4,14,1,13,7,0,13,9,11,17,3
"COG2721",149,225,105,382,244,159,212,273,339,340,101,260,219,292,329,287,146,286,334,165,178,166,172,402,198,280,305,162,241,192,111,269,279,172,178,151,175,305,262,215,168,270,135,238,148,277,217,117,296,241,283,219,196,340,210,249,203,292,139,293,161,178,108,290,179,190,249,283,275,214,132,252,299,252,178,279,286,129,264,316,288,284,340,321,300,138,274,122,363,136,281,157,160,211,371,300,112,191,151,275
"COG2723",91,100,65,113,80,88,94,105,62,82,119,153,78,122,77,87,295,119,98,35,106,15,91,104,120,127,95,48,116,119,110,74,87,105,163,97,91,99,126,117,70,110,139,90,77,89,108,119,134,112,120,93,84,88,46,143,126,110,87,133,53,60,75,101,57,104,99,122,120,33,69,102,89,114,93,124,107,52,148,120,118,125,96,143,112,58,106,83,154,77,165,63,106,110,121,88,84,56,60,120
"COG2730",62,105,109,51,114,42,66,37,41,68,144,124,50,89,59,81,34,90,70,30,74,123,58,59,50,42,77,69,97,148,49,98,62,66,134,65,98,94,63,48,80,49,55,79,53,94,122,69,92,151,120,76,52,56,76,112,78,30,163,52,42,48,62,76,39,73,69,71,105,96,53,76,74,68,102,43,66,41,79,42,95,75,91,66,67,55,82,100,82,71,115,58,172,67,86,73,63,39,92,105
"COG2731",0,1,3,0,0,0,1,0,1,0,0,0,1,0,0,1,2,0,0,1,3,0,7,0,0,0,0,2,1,0,0,0,0,5,3,0,1,0,2,3,1,0,0,0,1,0,2,1,0,0,0,0,2,0,0,0,0,0,2,1,0,3,1,0,0,0,0,1,0,2,3,0,0,0,0,1,0,2,1,0,0,0,0,1,0,0,0,0,0,0,0,0,0,0,0,0,3,0,0,0
"COG2732",0,0,0,0,0,0,0,1,0,0,0,0,0,0,0,0,0,0,0,0,0,0,0,0,0,0,0,0,0,0,0,0,0,0,0,0,0,0,0,0,0,0,0,0,0,0,0,0,0,0,0,0,0,0,0,0,0,0,0,0,0,0,0,0,0,0,0,0,1,0,0,0,0,0,0,0,0,0,0,0,0,0,0,0,0,0,0,0,0,0,0,0,0,0,0,0,0,0,0,0
"COG2733",17,9,4,0,2,12,8,3,0,1,11,7,14,15,5,0,130,0,0,11,6,0,17,1,17,1,0,3,1,2,56,0,1,14,24,32,4,1,1,0,2,1,44,0,14,1,3,25,1,0,1,0,6,1,4,1,8,0,7,1,7,4,5,2,1,0,3,0,10,0,17,0,1,3,1,1,0,14,6,1,0,0,0,0,3,12,2,3,8,30,1,7,4,3,2,0,1,0,2,1
"COG2738",20,15,28,33,55,15,39,39,53,76,8,40,15,24,54,52,2,20,69,20,26,49,22,31,15,41,44,13,51,43,11,50,34,28,22,29,4,35,43,40,17,44,13,50,11,46,11,15,38,49,38,38,20,76,26,36,32,35,9,29,8,13,16,43,19,6,35,23,29,64,9,43,56,48,50,27,42,12,24,30,31,32,42,45,25,39,33,80,51,18,34,16,35,31,63,39,22,24,26,30
"COG2740",3,5,23,35,22,5,6,5,26,3,8,16,7,8,14,4,6,7,3,5,23,28,8,19,4,16,12,3,13,13,13,12,19,28,12,27,6,8,11,20,1,10,27,20,1,15,4,20,10,4,1,30,7,4,10,11,2,6,8,11,10,1,22,6,3,8,10,4,1,3,7,14,9,17,17,16,9,6,13,25,6,22,10,13,4,7,19,31,6,18,3,3,22,16,14,34,11,16,10,15
"COG2746",20,21,13,9,24,17,13,15,20,17,27,13,39,10,24,14,4,11,25,19,19,34,26,20,16,19,11,43,15,14,14,9,28,23,12,26,48,23,7,17,23,10,10,14,27,10,27,11,15,14,30,18,35,19,13,21,26,19,18,16,20,24,9,16,47,59,14,19,13,40,27,18,10,7,8,9,15,18,12,11,22,14,26,19,27,22,5,12,29,10,17,29,12,26,16,8,10,27,12,12
"COG2747",1,1,2,0,0,0,4,0,0,0,1,0,0,0,2,0,2,0,0,0,0,0,6,0,0,0,0,1,0,0,5,0,0,0,7,0,1,0,0,0,0,0,9,0,0,0,0,6,0,0,0,1,0,0,1,0,1,1,0,0,0,0,2,0,0,0,0,0,2,0,0,0,0,0,0,0,0,4,1,0,0,0,0,0,0,0,0,0,0,2,1,0,3,0,0,0,0,0,0,0
"COG2755",249,172,265,230,211,153,261,289,243,405,113,187,151,230,204,323,179,225,293,152,209,169,195,212,232,229,208,152,254,227,184,252,178,228,262,228,101,222,270,206,217,274,223,249,168,243,117,232,212,216,212,212,127,320,240,235,144,267,118,239,201,159,227,267,97,93,232,214,138,177,192,190,308,240,282,240,222,153,106,195,168,197,286,194,148,234,191,260,250,167,168,178,180,241,208,267,237,213,260,198
"COG2759",273,332,126,349,417,327,269,280,359,410,219,384,319,350,292,284,30,351,398,310,259,284,221,405,261,398,334,355,337,309,154,394,380,185,228,214,315,373,299,358,382,309,175,332,325,414,363,135,361,318,452,311,336,403,332,378,386,333,234,320,355,330,202,319,381,369,319,316,486,390,322,380,363,327,220,350,337,254,411,341,440,376,342,397,430,251,262,301,449,287,405,341,263,307,438,321,140,302,260,330
"COG2761",35,22,36,33,83,31,19,37,65,22,25,32,40,28,109,26,34,35,27,51,35,69,52,23,50,27,30,33,35,27,66,38,25,61,58,64,17,38,26,48,37,31,95,43,43,57,18,41,42,31,27,44,27,27,45,26,36,31,30,26,63,52,26,28,30,20,27,22,30,78,41,35,34,29,28,39,25,53,26,38,23,35,32,29,22,63,38,45,17,52,22,52,41,28,33,46,21,54,31,22
"COG2764",12,2,6,0,2,13,0,0,3,2,7,0,5,0,6,1,5,1,0,6,0,0,6,0,7,0,0,8,0,6,8,0,0,7,3,8,3,1,0,0,14,0,12,0,12,0,2,2,0,1,1,2,1,2,0,4,0,0,10,0,14,18,1,0,7,5,0,0,0,0,22,1,2,1,0,0,0,19,1,0,0,1,1,0,0,22,2,1,1,14,2,20,4,2,0,5,0,0,1,1
"COG2766",35,24,48,8,11,22,31,7,24,3,20,27,43,17,59,10,255,7,0,24,13,11,100,9,60,23,10,23,6,13,162,8,10,68,60,3,25,10,9,18,10,9,94,7,25,10,11,84,4,9,17,27,23,7,9,6,34,14,51,9,18,32,34,10,39,21,39,11,41,0,25,7,6,8,12,17,9,57,12,19,8,6,14,4,14,22,22,17,11,13,22,16,29,10,11,5,9,17,11,8
"COG2768",4,9,0,0,0,0,1,0,0,1,43,2,15,2,0,0,2,2,0,5,3,0,19,0,6,10,0,8,6,1,3,1,2,7,11,2,36,2,0,14,6,1,5,0,11,2,20,3,5,0,3,4,15,0,1,4,20,0,26,4,9,8,1,4,13,31,1,3,6,0,11,2,0,0,0,0,0,9,3,1,11,14,0,10,36,7,0,0,0,4,3,10,2,8,0,0,0,1,1,0
"COG2770",18,17,18,3,4,16,12,8,4,3,30,4,31,2,16,4,21,1,36,9,5,10,41,2,10,2,2,25,12,3,25,1,3,10,8,23,25,3,2,7,16,5,28,6,7,2,24,25,2,4,2,2,3,9,2,4,1,3,32,2,16,6,11,7,6,12,3,4,3,5,9,2,1,4,8,2,2,19,2,0,3,6,5,2,3,17,5,2,5,19,6,4,7,9,6,3,1,1,1,1
"COG2771",65,21,72,28,63,16,69,35,27,7,13,32,34,34,70,30,186,22,19,34,49,71,94,31,79,30,25,20,33,29,123,15,26,49,90,195,10,14,36,14,16,41,202,27,26,20,10,78,20,18,5,38,18,26,39,22,15,26,43,33,30,23,75,21,6,11,40,16,26,74,57,24,28,28,55,29,36,51,24,33,6,31,10,6,22,57,23,52,29,65,6,35,23,31,37,34,90,42,37,27
"COG2801",590,1195,333,16,446,277,267,30,156,42,2579,195,310,283,330,73,1875,17,82,507,118,912,754,73,554,43,12,248,45,151,1256,55,20,697,517,955,2145,26,82,215,303,37,1370,61,405,86,1579,784,47,26,69,64,238,83,79,108,145,39,2283,51,439,272,234,40,34,2069,195,25,225,218,457,49,76,81,154,21,91,873,178,44,9,148,42,20,80,899,114,379,93,414,33,520,118,123,165,109,70,82,90,25
"COG2802",102,74,187,185,148,91,180,184,251,210,107,172,158,219,193,195,80,211,232,102,214,170,138,186,143,185,188,130,203,201,100,184,200,141,143,94,77,200,197,152,101,206,84,178,121,204,51,170,196,213,225,204,171,194,206,168,223,176,84,205,107,112,209,220,176,75,186,231,162,170,101,209,203,181,171,175,197,115,176,215,206,151,235,234,181,102,171,117,207,119,237,113,156,227,199,228,219,205,202,198
"COG2804",312,504,394,197,311,338,279,275,273,235,350,222,302,257,290,256,905,269,254,336,248,312,599,191,440,250,196,228,246,259,487,210,286,511,452,268,390,200,293,232,338,265,465,270,366,188,467,475,225,320,262,347,294,309,286,275,320,245,458,266,301,312,366,240,220,393,233,254,312,305,275,270,221,275,263,235,223,370,261,166,232,302,205,247,246,284,273,213,365,262,279,285,248,259,239,292,289,221,272,231
"COG2805",78,147,208,54,114,100,117,119,84,73,94,71,118,92,98,93,162,129,104,96,100,102,175,74,130,100,70,90,72,108,144,81,108,151,153,77,100,89,138,92,101,93,144,95,92,72,134,146,83,108,113,163,108,79,86,143,113,87,96,122,71,92,163,84,105,107,86,107,104,118,77,114,66,98,99,95,93,88,104,88,112,150,65,94,115,80,101,54,132,91,104,68,111,114,69,156,124,109,114,73
"COG2807",21,0,2,1,0,3,4,0,5,0,1,3,3,4,13,0,0,0,1,4,3,1,5,0,9,1,0,0,0,0,13,1,0,2,20,23,3,0,0,6,3,1,26,1,2,0,0,5,0,1,0,4,2,0,4,6,1,1,10,1,15,10,1,2,1,2,12,0,4,0,6,0,0,2,3,0,2,13,0,0,0,4,0,0,2,6,5,0,3,9,0,10,2,2,2,5,0,1,2,0
"COG2808",38,5,9,3,4,13,13,2,15,3,11,6,15,8,11,0,61,6,3,35,6,9,33,4,25,3,3,14,0,1,57,4,1,14,17,32,11,2,1,12,23,8,50,2,31,4,6,24,4,3,0,4,8,0,4,3,1,8,17,0,31,32,9,2,2,6,5,2,5,2,33,3,9,3,5,8,4,52,6,3,0,7,1,6,4,46,8,11,5,25,3,23,6,2,3,11,4,1,7,2
"COG2810",0,1,0,0,0,1,0,0,0,0,2,0,0,0,0,0,0,0,0,0,0,0,0,0,0,0,0,0,0,0,0,0,0,0,0,1,2,0,0,0,2,0,2,0,1,0,1,0,0,0,0,0,0,0,0,0,0,0,2,0,0,0,0,0,0,1,0,0,0,0,0,0,0,0,0,0,0,1,0,0,0,0,0,0,0,0,0,0,0,0,0,1,0,1,0,0,0,0,0,0
"COG2812",351,495,530,595,482,441,582,662,624,691,587,538,470,610,587,604,209,603,655,449,587,456,384,604,496,655,651,457,658,618,328,585,670,373,452,463,581,612,609,473,446,520,337,609,411,556,550,459,504,666,680,577,552,590,588,664,666,615,451,670,457,447,559,658,520,610,579,644,507,439,424,594,600,588,530,524,604,394,539,586,624,458,661,652,632,384,636,535,711,437,682,436,564,647,547,585,631,536,581,633
"COG2813",64,41,41,29,95,69,39,24,21,15,28,47,41,39,75,20,258,7,16,31,29,100,98,20,48,14,14,16,12,11,134,21,15,64,75,34,35,8,25,11,31,11,135,26,43,17,19,105,16,6,8,19,17,19,16,8,31,11,50,22,19,28,41,13,7,38,28,11,37,110,29,10,19,30,48,16,31,64,15,25,9,16,18,10,13,26,28,66,16,32,10,32,29,14,42,24,16,21,18,15
"COG2814",82,16,14,0,2,38,41,2,6,2,35,14,47,13,45,2,218,0,2,36,19,6,75,0,35,7,0,32,2,2,163,1,3,38,56,85,12,1,3,9,27,1,195,4,62,5,8,101,5,2,8,9,17,0,13,3,9,13,43,4,73,40,26,4,16,6,31,1,28,0,54,1,5,8,16,2,2,91,10,3,1,13,2,0,10,86,9,5,13,49,2,52,7,11,8,4,4,8,15,0
"COG2815",7,20,5,19,1,10,16,44,9,27,16,38,33,57,0,32,10,61,15,25,30,0,15,30,27,69,39,21,41,54,12,45,51,18,40,10,24,53,63,47,11,36,13,34,16,38,25,16,43,49,54,46,60,7,23,60,70,80,10,58,11,13,8,46,20,17,34,50,87,0,7,54,16,69,9,51,31,12,94,54,72,63,48,59,54,14,68,52,66,21,124,22,44,50,53,59,2,15,20,67
"COG2816",57,50,74,94,95,57,77,86,81,99,41,78,97,55,77,66,151,51,86,78,87,91,98,79,64,78,79,56,82,79,88,95,73,95,101,72,40,57,65,124,68,69,130,90,80,69,51,83,80,99,66,86,68,102,68,59,85,66,61,77,77,92,55,71,36,29,67,74,63,62,74,64,81,103,79,66,72,108,65,66,75,61,91,79,64,76,57,97,78,79,64,80,81,60,83,70,58,67,54,62
"COG2818",69,62,41,21,69,60,26,12,36,23,103,19,42,31,67,24,171,17,12,51,44,102,75,22,66,22,25,44,22,22,110,21,17,77,56,67,84,23,19,51,47,10,114,23,65,27,53,66,31,17,18,21,40,16,30,18,34,9,81,28,47,71,32,33,32,57,32,15,36,109,61,20,29,11,39,23,17,68,36,10,19,25,30,25,27,83,31,59,19,50,18,46,30,25,30,19,19,23,27,10
"COG2819",71,18,31,10,105,34,40,50,36,73,43,50,17,52,93,55,133,25,78,11,43,70,53,10,51,32,55,35,75,38,106,58,29,53,33,46,25,46,54,38,25,29,83,55,29,49,13,38,49,45,54,33,16,84,40,30,33,59,35,27,23,22,30,52,11,15,65,36,52,52,24,22,56,51,67,12,52,19,40,11,34,28,71,19,19,66,24,87,48,31,47,16,62,45,41,45,29,31,58,46
"COG2820",36,17,23,18,69,26,18,32,6,22,11,38,16,46,32,28,14,36,21,23,18,58,31,42,27,38,49,19,24,40,16,55,41,17,24,36,22,47,38,20,24,19,15,35,27,55,17,12,30,47,36,42,34,14,14,47,22,40,18,32,31,37,25,33,17,10,25,58,34,58,26,33,25,54,32,31,34,26,61,40,40,29,36,36,31,41,44,101,36,21,62,22,35,37,43,46,21,18,19,79
"COG2821",18,27,20,11,14,16,17,11,15,19,56,1,26,8,17,10,12,7,10,22,23,21,54,16,14,10,4,17,10,10,37,10,6,53,23,38,51,3,9,20,11,10,47,3,17,13,27,15,10,6,11,14,16,14,8,15,11,11,28,10,21,14,13,10,13,34,8,5,14,8,16,16,12,2,6,11,6,29,4,14,9,10,10,10,12,18,7,27,6,28,4,18,18,10,18,8,16,22,4,8
"COG2822",13,4,2,0,0,0,4,0,0,0,0,3,1,0,1,0,3,0,0,2,0,0,7,0,1,0,0,2,0,4,17,0,2,11,5,4,2,0,2,0,1,0,12,0,6,0,1,28,1,0,1,6,0,0,2,2,1,0,0,1,0,1,2,0,0,0,2,0,1,1,0,0,0,0,2,1,0,15,3,0,0,0,0,0,1,0,0,1,0,5,0,1,0,0,0,0,1,1,1,0
"COG2823",65,92,43,109,79,75,109,94,130,185,52,98,102,104,124,111,137,99,135,94,68,72,92,102,80,96,88,71,123,82,125,97,129,61,67,54,80,92,98,67,73,69,96,105,81,87,87,82,94,94,120,99,83,146,67,102,107,105,65,111,79,106,48,99,106,113,91,104,102,182,71,105,125,89,72,67,126,73,89,94,113,67,135,131,113,58,76,48,136,56,144,73,78,106,104,91,42,87,60,87
"COG2824",15,3,13,0,40,6,7,0,2,1,6,3,10,5,37,0,72,0,2,5,2,70,35,1,21,0,0,6,2,0,39,0,3,11,12,19,0,0,3,1,3,0,44,4,7,1,1,19,3,2,4,3,3,2,5,1,3,1,15,0,8,4,14,1,4,0,4,2,15,63,5,1,5,4,1,0,1,13,3,1,1,0,0,0,3,23,7,26,2,11,1,2,5,6,7,1,4,6,3,1
"COG2825",25,14,8,15,15,20,13,15,21,12,18,14,13,15,28,14,68,17,13,12,10,33,23,14,17,13,11,22,12,15,41,17,13,34,13,11,12,7,8,19,22,17,29,11,16,12,17,31,4,15,6,3,7,17,11,7,8,10,13,6,7,12,7,11,7,10,8,10,11,36,7,5,8,16,12,6,15,11,3,11,8,13,7,6,4,10,12,12,0,9,14,7,10,5,21,16,5,9,9,10
"COG2826",99,87,33,8,66,34,45,0,0,1,237,18,38,7,36,8,225,3,1,82,18,261,102,10,49,3,0,49,1,10,212,7,8,66,81,65,228,3,6,22,23,11,183,8,82,4,111,142,7,4,2,12,33,6,19,9,30,6,248,15,121,58,76,1,14,221,28,12,14,22,56,9,3,8,14,12,7,132,24,6,1,21,5,6,8,72,17,38,17,58,4,62,8,8,12,17,9,11,12,2
"COG2827",43,28,21,20,16,39,20,14,20,8,39,8,29,24,36,9,47,6,16,44,13,13,38,19,42,10,16,21,13,9,43,14,20,22,24,50,60,16,19,21,29,8,67,12,34,22,47,38,21,16,17,17,21,20,10,14,24,12,52,17,34,26,9,19,25,50,19,6,24,6,30,12,27,13,18,11,20,50,9,20,15,7,19,9,16,54,10,16,24,34,24,38,20,24,12,16,5,18,9,9
"COG2828",44,24,28,39,13,32,40,45,77,80,24,15,47,21,36,43,228,16,37,48,34,41,75,35,47,13,22,10,25,16,81,16,7,68,43,29,29,11,22,52,40,35,54,18,29,22,20,70,16,13,8,13,32,50,12,12,23,50,41,27,49,25,28,23,7,11,32,32,16,14,35,20,32,17,54,53,26,36,14,31,10,43,28,15,11,27,45,17,13,26,9,31,29,18,69,48,29,21,27,10
"COG2829",20,4,22,0,2,9,10,0,1,0,8,7,13,12,33,0,100,0,1,5,6,1,46,1,36,3,0,0,0,0,64,0,1,28,20,15,0,0,0,1,8,3,30,3,15,0,1,35,1,0,5,2,4,3,5,0,5,2,22,1,23,9,8,1,3,2,12,1,15,0,8,0,1,1,10,0,0,23,2,1,0,3,0,0,5,18,12,4,1,10,0,17,6,7,7,3,1,2,6,0
"COG2831",41,40,62,42,9,44,48,54,78,44,41,14,21,31,34,67,10,25,56,50,37,20,48,38,42,28,31,22,47,20,59,27,24,78,27,52,24,33,43,26,29,47,57,27,41,21,24,37,29,17,16,37,28,67,43,45,9,33,37,36,25,36,67,41,43,31,40,32,21,5,29,35,35,26,95,31,49,54,9,38,14,33,44,22,19,35,41,20,22,44,26,30,52,32,76,84,33,26,43,27
"COG2832",24,28,10,21,4,13,16,21,23,20,20,19,33,32,1,13,22,26,7,11,26,3,39,31,19,39,28,38,14,31,19,24,17,29,35,13,23,18,23,37,19,18,30,24,23,22,21,23,26,40,44,35,40,3,23,29,64,35,26,19,27,18,24,12,62,17,26,17,31,2,17,22,23,32,6,27,12,23,45,32,40,21,15,38,42,17,42,10,22,26,65,15,19,33,24,17,16,8,24,32
"COG2833",18,14,7,10,37,13,8,1,22,3,5,4,10,2,6,5,0,5,5,8,6,22,13,1,7,2,10,4,1,5,23,8,4,17,19,10,5,4,3,13,7,6,19,4,6,4,9,7,6,1,4,11,7,5,7,7,2,5,10,3,9,7,4,3,3,8,2,5,7,68,9,4,2,11,4,10,5,6,6,7,0,13,4,6,1,5,9,44,1,12,3,3,15,6,6,7,6,12,6,1
"COG2834",44,39,30,41,37,45,37,27,53,29,45,29,43,28,35,28,89,19,35,37,30,45,75,26,46,36,31,42,31,35,59,24,26,49,36,50,45,31,22,39,46,32,79,32,56,40,50,38,31,18,27,29,29,27,24,33,25,23,31,18,66,48,32,29,39,54,32,32,19,28,40,27,35,32,34,31,34,63,31,21,21,19,26,20,22,45,34,50,13,55,24,50,37,30,45,32,23,21,31,28
"COG2835",32,30,19,17,24,44,11,9,14,10,20,13,37,10,11,14,26,7,19,40,17,24,22,11,19,12,18,29,18,10,34,16,11,31,15,30,26,18,11,19,24,11,29,10,27,20,15,17,16,14,18,11,21,18,19,5,15,13,21,11,37,35,13,12,41,10,9,9,22,15,39,14,21,13,12,11,13,32,17,10,17,4,7,12,13,22,12,19,12,38,9,37,14,12,20,16,11,24,23,12
"COG2836",27,28,17,2,2,22,10,0,4,1,32,10,10,8,20,2,62,0,0,12,2,1,31,0,27,0,0,13,0,6,42,0,1,17,16,15,61,0,1,3,15,1,31,2,11,2,20,26,2,2,0,2,2,1,2,1,4,0,40,2,19,19,10,0,4,33,5,1,8,1,15,2,1,3,2,2,1,25,9,2,0,1,0,0,1,35,5,11,0,8,2,19,2,2,1,5,1,2,3,1
"COG2837",27,11,19,0,0,17,22,1,3,0,9,12,20,14,26,1,93,1,0,14,7,2,45,0,14,2,2,13,0,3,56,6,3,18,44,44,7,1,4,5,6,0,67,11,20,1,1,40,6,1,3,8,6,2,3,2,14,3,11,3,46,8,14,3,8,4,6,0,15,0,23,5,1,2,6,1,2,17,10,4,3,3,0,0,9,19,2,3,3,19,1,20,11,4,3,3,3,6,10,0
"COG2838",129,125,148,93,180,104,45,31,57,31,89,97,107,100,150,40,232,51,38,113,92,249,165,93,102,41,85,72,61,83,197,85,63,184,125,104,68,65,59,110,99,52,150,101,142,74,98,117,80,34,39,87,78,42,84,55,34,38,107,50,153,129,133,42,57,70,56,59,63,194,113,78,52,101,106,68,82,153,55,61,44,98,32,79,34,173,90,253,8,108,32,138,165,65,78,90,91,69,88,79
"COG2839",2,6,5,8,16,3,4,7,3,22,9,8,2,10,19,8,2,6,16,0,8,17,2,7,2,4,6,2,5,9,1,14,10,4,2,12,8,4,11,4,0,6,2,8,0,25,16,2,3,5,9,4,0,7,6,9,2,4,13,8,3,0,5,8,2,10,3,5,4,12,1,6,5,15,7,3,5,4,7,5,7,3,13,2,3,7,7,29,9,5,4,2,4,6,10,7,4,6,9,15
"COG2840",44,31,36,41,67,47,27,25,69,30,23,32,27,26,61,28,155,23,13,29,20,57,59,32,45,31,32,19,23,36,94,32,22,52,36,17,31,23,35,36,37,25,65,32,43,30,35,59,32,15,27,28,25,27,27,22,35,30,24,20,33,27,36,25,25,28,23,28,29,70,24,32,37,29,27,31,37,31,14,29,20,23,25,23,17,26,29,60,9,20,22,31,33,20,39,24,13,24,24,15
"COG2841",0,0,0,0,0,0,0,0,0,0,0,0,0,1,0,0,0,0,1,0,1,0,1,0,0,0,0,0,0,0,0,0,0,0,1,1,0,0,0,0,0,0,4,0,0,0,0,1,0,0,1,0,0,0,0,0,0,0,0,0,1,0,0,0,0,0,1,0,0,0,1,0,0,0,0,0,0,2,0,0,0,0,0,0,0,0,0,0,0,0,0,0,0,0,0,0,0,0,0,0
"COG2842",2,0,2,0,0,3,4,1,0,0,1,1,3,3,5,0,1,0,1,4,0,1,6,0,4,1,1,2,0,0,7,0,1,2,2,13,1,1,1,0,0,0,22,0,2,1,0,8,0,1,0,2,0,0,2,1,0,2,8,1,11,1,2,0,0,0,6,0,0,0,6,1,0,0,2,0,1,6,1,0,0,0,0,0,0,6,2,0,2,8,0,7,1,0,0,3,1,0,1,0
"COG2843",62,83,32,16,21,43,26,12,10,12,88,34,59,33,14,18,24,30,18,66,57,7,57,19,44,30,39,63,34,46,48,29,30,43,104,38,95,27,31,91,74,26,49,19,74,35,57,64,42,49,52,33,93,3,31,76,81,28,80,21,68,71,37,39,59,90,20,27,56,7,69,53,9,29,34,22,17,66,50,24,72,47,14,41,59,69,21,32,45,66,67,79,66,49,22,35,37,19,30,18
"COG2844",278,330,222,325,339,241,184,209,330,223,251,227,228,204,325,201,324,163,230,259,238,349,326,308,217,225,247,168,193,220,301,236,186,331,215,214,207,225,177,262,300,221,294,253,318,217,225,231,249,156,195,258,203,254,224,202,189,166,259,181,294,271,177,213,136,215,186,181,179,237,257,258,276,284,227,210,222,288,192,231,144,165,221,222,140,271,242,408,132,287,171,287,254,138,279,301,138,209,193,194
"COG2845",28,14,1,1,0,30,0,0,1,0,19,1,9,0,0,1,1,1,0,22,6,0,8,0,10,3,0,9,2,2,12,3,0,2,4,7,13,2,1,9,20,0,13,0,22,4,8,6,12,0,1,1,16,0,6,6,10,1,10,1,14,36,1,1,9,8,1,1,2,0,26,5,1,1,1,1,0,15,10,0,8,3,0,3,3,11,0,2,0,22,2,17,2,0,0,0,0,3,4,0
"COG2846",2,50,6,1,2,6,4,0,0,0,42,1,5,3,0,0,53,1,0,1,1,2,6,2,6,0,0,0,0,2,8,1,0,6,3,1,48,0,1,0,9,0,6,3,1,1,83,11,1,1,0,3,1,0,2,0,5,0,47,0,2,1,6,0,0,45,0,0,1,0,1,0,0,2,1,0,2,1,2,0,0,1,0,0,0,5,0,6,1,1,1,0,1,0,0,0,1,1,2,3
"COG2847",33,50,36,30,33,22,29,16,56,16,37,23,30,26,29,27,66,24,23,38,21,31,54,28,33,15,24,40,38,22,51,18,15,41,30,35,55,17,22,26,30,34,87,19,24,34,59,34,25,22,14,31,37,20,31,25,24,37,50,18,14,28,28,23,15,53,26,25,23,29,28,18,33,34,45,24,26,33,24,29,24,24,20,29,24,39,23,46,20,31,27,22,28,22,35,33,14,26,22,21
"COG2848",7,2,5,0,0,4,0,0,3,0,4,3,1,1,5,1,2,7,0,3,1,1,3,0,4,2,4,6,2,2,2,1,2,2,2,4,14,1,2,4,6,2,4,0,10,0,3,5,2,0,3,0,0,0,5,4,2,0,8,0,6,5,1,1,3,4,2,1,1,0,6,3,1,0,0,2,1,2,2,0,4,3,0,5,6,3,0,0,3,6,0,9,1,2,0,0,1,3,0,1
"COG2849",282,463,348,182,177,374,132,82,62,92,488,221,232,174,81,90,23,155,116,197,173,113,296,175,232,136,159,342,177,207,187,176,228,317,304,200,377,158,155,205,431,108,155,208,318,160,342,247,268,441,189,169,148,56,154,149,269,48,300,93,220,194,282,93,186,246,122,92,197,124,204,129,69,93,89,86,44,163,154,126,160,117,72,141,91,161,112,141,113,194,227,184,209,119,58,91,178,97,160,123
"COG2850",20,17,23,21,49,19,22,8,38,11,7,9,38,15,34,16,113,13,10,14,20,51,40,20,36,9,12,6,16,5,80,10,4,43,58,21,4,16,7,22,18,23,42,7,11,17,5,33,19,2,4,9,11,5,10,5,13,9,17,18,12,8,15,8,5,5,13,17,12,56,14,9,7,6,16,21,14,22,15,30,7,18,6,10,4,8,15,25,6,6,4,7,16,5,15,11,6,24,12,3
"COG2851",2,4,0,0,0,1,9,1,0,0,0,0,0,0,0,0,2,0,0,0,0,0,3,0,0,0,0,6,0,0,4,0,0,1,2,0,0,0,0,0,2,0,9,1,2,0,1,5,0,0,0,1,0,0,0,0,2,2,3,0,13,0,2,0,1,0,3,0,1,0,1,0,0,0,1,0,0,6,0,0,1,0,0,0,0,4,0,0,5,0,0,0,0,1,0,0,0,0,1,0
"COG2852",17,8,8,0,15,8,2,0,3,0,30,1,6,2,9,0,2,0,0,3,1,65,5,2,3,1,0,6,0,0,9,0,0,6,3,55,39,1,2,1,7,0,34,0,3,2,18,8,3,1,0,1,6,3,2,1,0,2,18,0,10,5,1,0,3,29,3,0,0,133,8,0,0,0,2,1,0,10,0,0,0,0,0,0,2,51,4,8,3,23,1,11,2,9,0,0,1,0,1,0
"COG2853",99,149,72,177,144,101,133,212,220,211,97,132,148,183,183,195,157,146,237,134,120,135,130,213,114,179,166,104,150,155,136,170,186,126,97,124,133,185,167,103,130,147,118,192,110,149,161,92,173,182,202,158,124,239,122,162,191,156,123,179,102,123,69,160,163,162,162,164,177,161,95,176,212,179,106,113,156,101,160,151,173,129,212,178,187,100,194,103,243,101,236,99,125,165,194,157,75,153,109,130
"COG2854",75,118,51,166,108,86,105,122,149,159,112,112,120,149,165,131,101,112,164,117,89,133,99,114,104,139,124,80,106,118,101,101,130,91,78,74,129,111,104,81,106,98,80,129,98,103,125,52,127,153,155,111,103,138,88,140,134,143,100,116,94,97,53,162,119,148,123,107,135,177,98,133,151,116,79,88,136,101,118,114,147,82,147,157,123,81,109,91,169,83,188,99,103,124,115,114,55,114,83,114
"COG2855",46,42,70,151,186,55,88,138,162,171,22,202,60,128,175,108,91,109,120,33,110,131,58,153,86,158,206,69,152,184,56,168,147,93,83,57,35,136,127,126,44,85,71,204,57,156,35,96,142,183,215,172,63,167,123,105,159,135,30,110,40,22,98,151,72,26,112,102,171,122,36,127,158,199,93,129,126,35,103,138,149,85,136,133,127,47,112,133,132,67,207,31,130,80,184,122,80,111,108,192
"COG2856",18,5,19,1,2,7,17,2,1,0,16,0,29,2,3,2,136,0,0,10,2,8,20,1,5,4,0,9,0,2,53,0,0,21,21,46,6,1,4,1,3,2,68,1,10,3,3,33,2,0,0,4,6,2,1,0,13,2,14,0,4,7,10,0,0,9,6,0,4,0,14,0,0,0,3,0,4,27,1,0,0,2,1,0,2,18,1,1,6,6,0,20,4,7,3,2,4,3,1,1
"COG2857",142,188,130,276,207,179,181,216,263,319,135,225,232,223,186,238,135,240,260,187,152,249,152,224,180,262,264,186,232,222,134,238,281,165,189,169,191,233,190,259,180,194,148,246,165,220,181,114,246,264,293,254,190,245,164,254,314,235,158,214,221,195,103,255,274,165,200,241,314,242,151,280,269,234,127,201,233,184,267,218,285,262,306,247,348,156,242,206,261,173,299,169,191,207,324,201,112,169,156,244
"COG2859",6,6,43,3,9,4,25,22,1,0,5,3,4,6,15,25,47,16,11,10,24,4,19,0,19,21,4,9,6,15,30,7,23,16,17,19,3,11,38,6,1,24,27,21,8,9,6,63,9,3,2,26,11,14,25,7,7,16,33,29,10,5,86,13,0,4,42,19,9,6,15,5,11,22,55,21,19,21,33,22,7,16,1,5,9,10,21,5,9,23,2,11,12,37,10,7,111,27,30,24
"COG2860",56,18,15,0,28,58,17,1,4,7,11,13,36,21,31,3,82,2,0,48,21,21,40,4,39,4,2,39,2,7,94,7,1,51,27,48,2,4,2,22,30,1,65,4,33,7,8,39,24,3,6,5,40,3,18,5,7,5,21,2,56,27,14,4,68,8,9,2,33,32,41,9,4,3,9,5,7,54,14,1,16,9,2,7,32,50,7,27,4,49,7,50,17,4,9,2,2,26,19,1
"COG2861",34,46,30,13,6,35,18,12,5,7,63,23,46,17,17,9,119,12,10,31,28,11,62,5,43,21,7,32,15,9,83,6,31,76,58,28,63,7,18,37,43,13,77,10,54,17,65,71,28,30,21,21,36,12,33,14,46,10,86,18,38,38,36,28,47,72,25,10,35,15,49,22,14,11,8,19,6,49,20,13,28,37,7,24,21,34,18,5,13,27,19,40,20,31,17,11,19,18,27,12
"COG2862",13,21,26,20,19,15,10,19,16,6,10,15,12,17,41,17,55,12,15,12,12,23,17,12,12,14,10,5,17,26,27,18,14,15,5,5,18,13,8,8,14,10,18,22,11,13,12,26,8,17,17,32,7,25,15,6,14,23,17,13,3,12,22,14,5,22,13,12,6,12,4,6,15,23,12,11,12,12,9,13,14,11,10,15,5,9,26,17,13,8,14,9,37,12,9,20,12,19,14,16
"COG2863",67,76,50,54,79,74,48,26,67,45,83,54,70,45,82,51,144,29,56,52,36,88,110,61,44,40,54,50,67,50,121,65,43,79,50,46,88,31,38,39,70,42,85,42,77,40,87,85,51,36,54,40,46,50,34,27,44,39,105,34,64,53,30,50,49,79,42,21,66,126,47,42,60,59,32,26,36,80,36,41,44,33,47,37,52,50,38,74,39,36,37,41,28,28,80,37,20,42,25,35
"COG2864",7,15,2,36,30,8,15,9,23,10,14,2,4,7,13,5,3,2,1,6,14,45,18,24,12,5,2,7,5,0,16,6,2,7,9,8,20,9,5,15,14,13,10,0,5,4,9,8,6,1,1,1,4,0,6,13,3,22,23,13,10,6,2,6,0,20,20,12,1,11,5,21,16,4,28,27,26,12,4,19,3,10,12,6,2,8,17,12,4,8,0,6,2,3,16,23,4,9,9,1
"COG2865",34,15,35,0,6,13,20,4,6,8,7,5,9,9,9,1,64,0,4,19,5,1,33,0,20,3,0,12,0,8,20,0,0,28,30,53,13,0,8,5,9,3,86,2,10,4,5,55,2,2,1,3,16,13,3,3,7,8,10,9,7,3,31,1,6,6,8,1,4,2,12,1,4,2,3,0,1,22,9,0,2,5,2,0,7,44,3,8,3,13,3,13,6,6,6,5,3,1,3,1
"COG2866",226,261,255,123,277,164,145,82,50,92,302,317,226,216,218,130,373,231,85,109,239,356,281,133,172,161,182,264,182,313,235,236,196,302,288,192,249,211,138,244,224,119,142,180,187,252,214,280,243,288,257,194,284,99,278,287,269,104,258,134,191,205,295,167,159,208,118,167,263,328,178,242,93,175,156,126,90,142,272,156,195,271,93,225,135,228,113,273,122,211,238,185,483,215,145,165,217,164,262,177
"COG2867",48,57,24,72,107,56,68,75,120,101,24,59,54,74,101,82,55,79,96,44,69,91,36,84,54,100,77,49,68,58,55,62,87,44,58,47,46,87,59,41,54,47,52,80,54,79,56,51,81,85,83,70,75,99,52,64,86,72,42,69,45,53,39,84,77,74,68,65,58,125,51,62,72,96,54,38,87,51,62,69,80,58,79,77,72,47,63,80,83,68,91,41,53,70,63,78,35,66,45,62
"COG2868",0,0,0,0,0,0,0,0,0,0,0,0,0,0,0,0,0,0,0,0,0,0,0,0,0,0,0,0,0,1,0,0,0,0,0,0,0,0,1,0,0,0,0,0,0,0,0,0,0,0,0,0,0,0,0,0,0,0,0,0,0,0,0,0,0,0,0,0,0,0,0,0,0,0,0,0,0,0,0,0,0,0,0,0,0,0,0,0,0,0,0,0,0,0,0,0,0,0,0,0
"COG2869",46,38,75,72,90,39,68,59,76,124,19,86,49,52,94,62,91,55,98,19,63,134,50,60,64,76,105,44,71,94,58,79,73,61,48,38,11,60,59,34,29,50,35,115,34,96,28,58,87,96,98,71,55,95,55,71,77,61,37,54,47,30,65,79,55,12,73,58,79,112,25,67,95,72,83,41,65,21,62,58,56,45,82,57,62,28,83,140,67,48,64,22,110,74,114,81,68,53,71,73
"COG2870",207,314,207,387,142,247,234,193,198,221,403,349,332,324,180,232,138,248,167,211,201,125,267,399,320,290,326,272,295,236,198,234,301,284,303,201,419,222,224,284,282,303,146,233,278,245,432,220,259,305,239,224,295,198,216,233,329,343,343,339,260,256,248,271,309,392,450,288,239,223,264,209,284,289,197,600,248,200,466,450,188,202,215,283,216,193,356,282,262,222,277,254,296,291,204,207,230,199,246,267
"COG2871",89,97,158,114,163,62,115,88,96,192,119,166,76,139,150,124,295,102,149,38,105,187,125,118,110,94,175,74,137,160,122,162,114,144,114,48,90,116,120,59,50,89,78,208,71,147,90,171,89,197,165,147,75,173,116,85,191,102,97,96,67,65,126,125,76,74,102,121,194,205,31,109,139,158,128,87,92,47,107,112,93,83,140,105,83,63,157,240,134,52,166,30,191,109,167,109,152,103,136,148
"COG2872",32,56,17,53,21,34,36,44,45,28,47,48,43,45,27,52,9,44,48,51,44,4,49,35,33,37,37,61,41,39,34,49,47,60,34,24,52,48,40,82,61,36,43,38,47,65,53,31,56,38,65,51,56,52,40,47,50,49,55,38,42,59,41,37,63,38,22,38,51,3,48,58,54,53,30,40,38,29,64,30,57,49,34,46,46,48,21,12,26,48,45,49,40,37,45,36,19,28,57,41
"COG2873",266,356,381,586,400,331,532,579,561,631,208,425,384,502,402,628,342,529,517,292,476,372,275,521,402,498,560,349,482,464,259,496,527,364,360,269,278,549,583,422,360,603,268,483,332,477,314,385,493,418,321,323,237,373,313,334,270,365,137,382,212,186,303,344,250,210,350,375,349,233,218,319,396,348,356,295,370,193,346,355,304,369,364,341,381,181,355,212,378,197,318,178,232,345,387,302,311,317,281,368
"COG2874",1,5,1,2,21,1,3,2,0,0,7,19,12,6,0,3,2,9,1,7,7,0,8,10,2,7,2,4,4,15,1,4,4,3,7,2,2,2,9,13,3,3,3,3,6,5,3,2,8,14,8,5,15,2,8,7,3,4,3,4,3,5,10,2,2,5,1,5,4,0,3,10,3,5,1,3,2,5,10,10,7,17,0,5,4,4,1,0,2,3,6,7,8,9,2,2,14,3,5,9
"COG2875",82,35,119,32,37,91,150,103,47,11,52,24,63,49,35,92,3,76,70,74,88,54,22,28,79,55,47,84,68,50,31,46,33,53,36,82,38,63,98,54,69,152,49,51,74,57,35,79,52,28,9,69,55,41,94,48,17,103,52,85,73,76,157,58,93,41,92,78,30,20,72,45,54,50,145,75,108,76,41,72,47,70,43,31,56,94,58,35,40,77,5,107,36,76,26,50,145,102,119,53
"COG2876",40,50,70,26,66,33,35,33,20,42,65,45,45,66,62,43,2,51,38,36,35,66,36,44,33,44,68,38,50,85,33,57,50,61,28,35,48,64,66,49,53,38,28,102,53,51,70,17,57,60,89,71,74,62,56,107,64,77,75,71,75,69,63,61,42,79,70,86,111,121,61,95,59,110,61,62,81,84,95,63,99,70,85,85,78,85,104,177,88,77,121,70,128,73,98,94,43,59,63,108
"COG2877",152,215,185,291,224,172,205,254,269,271,224,212,214,216,253,233,104,197,303,153,161,240,139,284,182,225,310,165,246,240,155,237,260,151,163,163,228,228,234,151,210,205,144,304,153,225,231,115,219,287,281,255,164,290,176,205,249,264,212,187,179,158,156,258,210,241,221,242,300,229,181,226,257,263,168,226,228,171,219,271,227,221,307,274,258,146,228,243,236,147,226,164,206,213,304,245,155,194,169,249
"COG2878",23,42,17,12,64,43,8,6,26,14,21,11,10,15,29,7,56,9,7,14,10,57,33,15,17,5,7,3,8,4,39,13,4,18,12,8,61,4,6,14,23,8,29,5,28,17,45,12,11,5,11,10,7,6,4,3,14,7,33,8,24,26,17,14,1,77,9,8,18,84,10,9,17,11,7,8,12,19,7,16,7,9,11,7,11,6,22,76,5,13,8,13,11,2,22,20,7,13,6,10
"COG2879",0,0,0,0,0,0,0,0,0,0,0,0,0,0,0,0,0,0,0,0,0,0,0,0,0,0,0,0,0,0,0,0,0,0,0,3,0,0,0,0,0,0,0,0,0,0,0,1,0,0,0,0,0,0,0,0,0,0,0,0,0,0,0,0,0,0,0,0,0,0,0,0,0,0,0,0,0,0,0,0,0,0,0,0,0,0,0,0,0,0,0,1,0,0,0,0,0,0,0,0
"COG2881",0,0,0,0,0,0,0,0,0,0,0,0,1,0,0,0,0,0,0,0,0,0,0,0,1,0,0,0,0,0,0,0,0,0,0,0,0,0,0,1,0,0,0,0,0,0,0,0,0,0,0,0,0,0,0,0,0,0,0,0,0,0,0,0,0,0,0,0,0,0,0,0,0,0,0,0,0,0,0,0,0,0,0,0,0,0,0,0,0,0,0,0,0,0,0,0,0,0,0,0
"COG2882",2,1,1,0,1,0,6,0,1,1,0,0,0,0,1,0,2,0,0,0,0,0,4,0,1,0,1,1,0,0,4,0,0,2,3,1,0,0,1,0,0,0,8,0,1,0,0,5,0,0,0,0,0,0,0,0,1,3,1,0,1,1,0,0,0,0,0,0,0,0,2,1,0,0,2,0,0,4,0,0,1,0,0,0,0,0,1,1,3,0,0,1,0,0,0,0,1,0,0,0
"COG2884",66,80,72,55,82,67,55,43,47,73,109,64,48,63,88,52,72,51,44,45,63,113,74,53,73,60,67,55,72,75,85,66,60,92,65,94,100,64,53,58,57,42,107,85,72,79,52,79,64,91,96,63,53,36,40,51,82,61,90,62,60,60,67,69,50,86,36,64,76,116,65,59,60,87,61,60,37,67,71,55,63,46,66,67,59,64,78,119,61,70,86,65,84,66,74,92,62,45,47,95
"COG2885",471,276,579,285,674,280,395,216,267,311,164,438,278,345,564,250,627,231,273,203,256,596,485,283,401,210,368,281,247,467,474,337,289,424,283,383,223,299,320,186,243,211,452,526,267,344,229,372,296,352,310,343,231,309,236,329,255,232,223,245,333,256,661,286,184,222,270,277,290,394,287,298,307,384,348,259,242,296,243,223,230,222,344,227,223,420,353,707,222,326,241,266,575,316,454,377,328,294,330,411
"COG2887",114,153,41,130,123,110,47,50,78,85,283,86,83,72,62,50,20,53,36,94,62,121,85,94,79,93,99,144,78,88,83,91,74,108,198,217,250,66,66,131,135,73,211,83,95,83,167,80,116,77,83,66,133,31,72,87,140,74,185,84,137,95,41,61,99,200,78,72,99,25,147,81,61,87,53,124,45,126,97,102,125,65,56,77,100,147,102,134,69,162,92,147,98,68,84,87,38,62,80,99
"COG2888",0,0,0,0,0,0,0,0,0,0,1,0,8,1,0,0,1,1,0,0,3,0,1,0,0,0,0,2,0,0,0,1,0,1,0,0,0,1,0,4,0,0,0,0,0,1,0,0,4,0,0,0,0,0,1,0,0,0,0,0,0,0,0,0,6,0,0,0,5,0,0,1,0,0,0,0,0,0,0,0,3,0,0,1,5,0,0,0,0,0,0,0,0,0,0,0,0,1,2,0
"COG2890",322,319,312,268,264,351,257,301,347,289,313,333,279,325,385,287,192,312,343,335,310,310,265,320,318,340,310,321,343,335,292,295,309,251,282,305,305,309,312,282,343,232,285,340,309,320,356,316,356,382,353,330,310,378,316,337,348,295,315,307,317,337,277,337,377,298,279,313,257,389,305,336,320,329,262,295,290,332,306,297,337,244,329,324,318,251,302,331,343,281,330,280,308,320,246,330,312,287,286,305
"COG2891",31,17,7,10,5,15,4,4,6,6,8,8,14,15,14,6,57,2,12,8,8,8,23,16,17,5,9,12,6,6,39,8,11,21,5,8,9,10,3,8,9,5,28,3,15,8,12,21,18,15,9,3,9,16,9,6,12,3,17,9,6,13,7,13,8,7,5,2,11,14,7,10,8,6,12,8,11,12,10,7,12,12,8,8,6,10,11,10,7,4,9,6,10,4,11,11,4,9,12,5
"COG2893",9,5,10,10,19,4,4,5,7,5,13,6,4,6,11,3,3,7,7,4,7,22,8,16,6,10,11,2,4,8,3,15,8,16,6,15,3,9,4,11,7,11,16,10,4,9,8,10,17,5,5,8,5,7,11,6,9,12,5,11,7,1,8,9,14,9,3,8,8,10,8,14,8,10,5,9,9,5,19,8,4,10,10,7,6,8,9,11,5,4,9,4,10,5,10,7,5,6,8,3
"COG2894",17,12,120,6,45,13,102,75,26,5,6,37,3,58,36,79,52,57,37,18,67,38,41,15,62,44,35,12,54,53,54,40,39,34,49,18,2,48,82,22,6,92,37,39,14,35,5,116,25,23,5,65,21,30,76,46,13,52,11,41,24,12,136,45,5,3,56,47,18,37,9,29,51,49,138,75,76,17,29,41,6,63,40,24,12,14,45,3,21,11,1,15,32,76,20,46,180,140,94,44
"COG2895",136,114,117,76,66,115,70,76,144,106,111,97,87,82,138,72,187,63,126,90,79,101,134,77,97,66,96,68,85,77,136,108,78,159,96,134,106,82,66,91,63,74,154,134,82,99,113,117,97,84,66,104,74,126,81,47,57,69,129,57,77,79,97,90,35,78,60,50,61,127,66,59,105,111,77,70,72,118,75,73,41,60,100,81,32,120,75,139,52,95,89,77,90,57,132,79,74,65,93,93
"COG2896",228,310,136,265,213,232,164,166,179,87,295,186,252,173,228,157,211,193,160,229,187,152,243,278,191,192,174,266,133,150,205,181,225,205,204,180,281,174,119,225,253,181,189,115,272,191,339,150,206,143,187,185,273,111,229,199,174,184,275,178,268,256,122,115,222,333,186,159,142,176,270,220,153,189,153,229,159,204,209,251,225,227,119,212,191,187,162,158,118,225,185,259,175,177,132,204,82,174,180,187
"COG2897",285,214,70,207,160,322,159,201,290,208,198,139,287,176,185,165,99,156,195,398,178,168,201,222,221,153,180,289,180,158,212,163,191,165,183,317,153,166,169,266,307,160,246,152,322,196,189,91,234,151,190,120,261,190,136,192,176,208,211,171,336,331,99,198,352,223,189,178,204,111,356,230,145,148,153,173,218,360,165,162,264,151,223,184,312,386,166,84,197,313,188,379,174,208,174,211,81,191,113,157
"COG2898",9,1,19,0,2,2,3,0,2,0,1,1,2,3,4,0,11,0,0,4,1,1,10,0,4,2,0,3,0,1,9,0,1,6,19,42,0,0,4,0,1,0,28,1,4,2,1,5,2,0,0,1,1,0,1,4,1,3,6,2,7,0,4,0,2,0,1,1,2,0,12,0,0,2,3,0,1,20,1,1,0,2,0,0,1,15,3,2,5,10,1,9,4,3,0,0,1,0,1,0
"COG2899",4,1,13,27,0,2,6,2,6,0,2,12,1,4,10,2,2,3,1,2,5,0,2,12,2,7,15,2,4,17,2,9,7,7,3,25,0,3,7,7,1,4,14,15,3,11,0,4,6,4,3,14,4,1,2,2,2,3,0,2,15,0,5,2,0,0,1,10,0,0,7,5,5,21,13,14,7,5,4,5,1,5,2,3,3,10,5,10,0,8,5,6,13,2,4,14,10,2,3,6
"COG2900",6,3,0,1,0,1,3,0,0,0,2,2,1,2,4,0,29,0,1,0,0,0,3,0,3,0,0,0,0,0,20,0,0,8,8,0,0,0,0,0,1,0,11,0,2,0,0,11,0,0,0,0,0,1,0,0,0,0,1,0,0,1,1,0,0,1,0,0,2,0,1,0,0,0,0,0,0,1,0,0,0,1,0,0,0,0,0,0,0,0,0,0,1,0,1,0,0,1,1,0
"COG2901",20,14,14,20,37,15,9,23,24,17,11,14,10,9,17,13,42,20,23,10,8,29,30,13,13,13,14,11,20,23,16,12,10,16,14,6,5,16,8,8,15,11,17,15,13,18,9,22,15,23,19,21,9,26,15,6,17,10,15,14,13,16,12,22,10,6,7,9,19,56,9,16,18,20,13,10,15,12,11,12,17,8,20,16,4,16,15,32,19,13,18,11,15,10,17,13,13,12,15,17
"COG2902",203,149,79,16,100,130,85,8,34,40,111,41,117,70,145,10,514,4,16,105,43,183,203,16,140,13,6,113,21,14,295,22,12,144,126,131,114,15,26,61,147,23,331,11,137,9,135,181,28,6,9,21,91,33,34,37,54,21,182,14,198,119,76,15,28,132,48,9,46,191,144,18,26,16,27,28,32,231,30,11,19,24,18,11,34,136,39,37,18,136,17,120,38,45,61,27,22,36,32,3
"COG2904",26,19,30,21,27,18,25,25,51,39,9,42,19,20,57,23,85,25,27,12,27,41,36,31,33,36,30,18,41,32,51,20,30,33,27,10,1,26,25,21,20,16,32,61,21,42,6,40,20,51,26,20,9,21,18,13,23,15,27,12,17,6,8,17,10,2,26,14,31,27,12,11,33,22,25,20,24,9,8,16,11,10,25,20,4,9,22,31,14,10,21,7,19,17,25,23,15,16,20,19
"COG2905",80,21,51,7,8,20,30,4,18,5,41,21,29,16,90,0,294,1,10,20,13,24,152,8,57,7,1,22,0,3,154,1,2,69,57,36,18,3,10,4,12,3,142,7,36,1,14,118,5,6,4,9,10,6,10,5,28,6,63,3,29,34,38,5,6,14,32,7,26,19,30,0,1,13,17,8,6,60,12,6,2,5,3,1,13,59,16,10,9,29,7,19,7,16,18,1,10,14,17,2
"COG2906",5,3,1,0,1,3,2,0,0,0,1,2,4,1,6,0,25,0,0,2,2,4,7,4,5,0,1,1,2,4,15,2,1,7,5,0,1,0,1,0,0,1,11,0,0,0,0,10,1,1,3,1,0,0,2,0,2,4,8,1,6,4,6,1,0,0,4,0,4,2,2,1,1,4,1,2,1,6,1,1,1,2,0,0,1,2,1,2,1,0,1,3,1,0,2,0,1,2,1,1
"COG2907",87,66,145,309,298,37,225,279,405,357,32,251,212,264,296,283,164,284,355,95,198,232,205,337,142,262,302,237,243,244,83,230,253,212,230,44,31,292,293,240,48,210,68,290,85,257,46,191,284,309,321,235,258,353,219,288,290,319,65,289,125,136,141,311,298,20,267,287,200,355,104,293,303,296,147,214,344,56,208,300,337,199,299,335,268,67,260,160,362,106,355,78,245,270,277,198,140,263,194,272
"COG2908",119,114,89,131,143,96,116,88,433,456,134,136,77,179,145,113,184,96,133,75,71,143,98,115,97,85,133,123,350,128,126,132,92,114,106,93,119,177,93,89,114,108,141,149,100,130,93,98,126,165,144,108,73,161,97,219,153,100,103,67,94,98,107,376,73,102,114,90,103,140,94,283,182,133,88,70,101,92,86,95,123,72,478,76,94,122,132,235,123,116,126,99,114,97,375,363,87,79,115,127
"COG2909",38,31,86,0,6,25,38,2,1,1,6,7,23,1,38,3,157,0,2,16,7,5,81,3,34,10,6,11,1,20,114,2,2,69,60,33,7,1,16,1,5,7,166,7,24,0,4,64,3,0,4,12,15,6,10,5,6,4,80,9,10,8,57,1,5,4,13,0,13,9,12,2,4,5,18,1,2,96,12,0,2,1,0,0,12,14,13,2,10,23,7,18,27,6,17,11,9,10,7,1
"COG2910",6,1,4,0,9,1,0,0,0,0,1,1,1,2,20,0,3,1,0,0,4,0,9,0,1,0,1,1,1,3,5,2,0,1,8,25,1,1,0,0,0,0,5,1,2,1,1,2,0,0,1,1,0,0,0,1,0,0,1,0,0,0,0,2,0,0,1,0,0,4,6,1,0,1,0,0,0,5,0,0,4,1,0,0,6,4,0,6,0,2,0,4,0,1,2,0,0,0,4,0
"COG2911",156,102,86,3,8,83,60,5,6,3,282,44,85,39,73,1,518,5,4,64,37,5,178,3,93,5,6,62,9,23,275,5,10,106,102,175,176,1,22,31,59,4,293,10,81,7,133,185,12,28,14,31,48,7,14,21,75,13,235,18,135,67,39,6,21,185,40,1,58,1,91,3,19,14,35,8,13,121,26,7,11,20,5,4,41,89,17,4,14,131,33,89,35,22,12,18,22,22,37,8
"COG2912",85,44,55,6,15,129,9,3,16,9,42,12,94,17,21,9,13,10,8,116,41,3,79,8,63,8,14,71,16,22,72,22,8,104,40,109,16,18,13,64,106,15,63,22,98,21,37,22,49,3,3,36,78,11,24,18,7,7,55,19,86,91,34,22,97,10,13,12,16,4,136,28,10,17,16,20,11,133,13,7,43,39,13,16,34,89,11,38,3,92,2,121,35,14,14,19,23,36,34,15
"COG2913",26,16,26,43,68,30,29,32,42,36,12,36,18,37,63,32,52,29,47,33,28,61,39,35,27,27,36,18,35,43,41,38,23,51,19,22,13,23,22,28,22,28,43,39,11,36,20,40,28,42,32,33,19,56,24,22,43,21,18,23,32,20,15,27,18,13,27,17,18,36,14,20,36,41,29,14,26,28,22,19,26,18,35,22,15,17,38,57,23,32,30,19,32,20,40,38,27,26,19,28
"COG2914",13,9,5,2,23,20,4,1,5,3,4,4,5,4,11,1,31,2,0,7,4,12,13,1,8,2,1,5,0,0,16,5,1,14,9,6,7,2,0,3,14,0,16,0,11,3,8,8,2,0,0,3,0,1,2,1,0,0,6,3,7,10,6,2,1,11,3,2,3,30,4,3,2,0,2,2,3,14,2,0,0,2,3,0,0,6,2,22,0,8,0,6,3,0,6,1,1,2,6,1
"COG2915",22,18,8,9,32,33,8,3,13,3,2,7,14,11,25,2,71,4,2,4,4,34,29,7,13,2,9,2,4,2,29,7,4,13,19,3,10,4,5,4,10,9,19,5,15,3,15,12,9,6,5,5,10,7,5,1,3,5,21,7,6,11,6,3,1,15,9,5,10,66,7,3,4,5,7,3,2,18,8,9,6,2,4,1,6,4,7,29,4,7,1,4,3,9,13,7,1,4,3,3
"COG2916",5,1,2,0,0,2,1,0,2,0,1,3,4,2,5,0,60,0,0,0,4,0,22,2,14,0,0,1,0,0,22,0,0,1,9,0,2,0,0,0,1,0,9,1,5,0,0,12,0,0,0,0,0,0,0,1,5,0,1,0,1,3,5,0,0,2,0,0,5,0,3,0,1,1,2,0,1,7,1,1,0,0,0,0,1,5,2,0,0,1,0,1,2,0,2,0,0,2,1,0
"COG2917",76,78,42,131,103,78,85,141,169,236,58,101,92,105,132,128,6,110,182,109,81,102,58,117,77,126,102,87,96,104,47,108,139,48,84,101,84,139,122,107,106,74,58,102,84,102,91,30,125,115,126,103,95,144,85,125,140,141,50,113,93,102,52,117,113,110,105,136,64,144,79,118,126,112,100,105,145,83,113,116,126,75,114,124,136,66,124,74,140,76,143,79,80,116,119,117,53,88,59,111
"COG2918",69,87,69,106,133,119,85,138,120,119,30,106,70,73,122,104,203,60,115,69,65,193,111,104,71,93,122,62,124,118,129,103,83,88,63,37,52,76,89,65,110,71,99,139,83,81,67,94,77,139,112,110,52,167,74,55,100,115,67,52,72,92,56,102,47,56,75,74,122,215,60,67,111,124,71,63,81,67,56,73,85,71,93,86,45,54,122,158,101,58,96,61,91,51,134,98,59,83,75,91
"COG2919",13,13,10,3,8,6,7,4,10,2,8,4,11,8,8,2,45,2,3,2,8,21,29,5,11,5,4,6,9,1,14,3,5,19,12,8,7,5,5,7,8,8,25,6,16,2,3,15,6,10,1,11,7,2,5,3,5,7,15,7,11,9,7,7,4,8,12,2,6,30,8,6,10,3,13,4,3,14,8,3,8,7,10,5,6,7,5,11,3,5,3,8,12,5,9,9,3,8,12,6
"COG2920",18,22,7,16,19,23,11,4,8,3,25,10,12,13,21,6,39,10,9,20,4,21,26,16,24,5,11,4,11,3,31,14,7,9,13,8,19,16,2,10,25,3,22,2,26,5,14,13,12,3,17,9,5,7,10,3,8,13,16,14,11,36,4,16,7,16,14,3,20,31,13,9,21,10,4,9,11,16,5,10,9,7,11,5,7,14,5,20,13,22,21,15,11,5,5,8,2,7,8,2
"COG2921",7,2,0,1,8,14,4,1,0,0,0,2,6,0,9,1,25,0,1,4,2,8,12,3,7,2,1,0,2,2,15,0,0,8,4,1,4,1,1,2,6,1,10,2,9,5,3,2,0,1,3,2,6,3,3,2,4,0,7,0,3,9,3,2,1,6,6,1,7,38,5,3,3,2,5,2,3,8,0,4,2,0,1,1,2,4,3,13,2,4,1,8,1,4,2,5,0,3,0,0
"COG2922",29,28,1,3,30,41,0,0,2,0,7,4,13,6,19,0,68,2,3,14,3,6,21,6,13,1,0,7,3,4,33,4,3,16,8,8,15,3,1,7,27,1,11,3,31,8,16,14,8,3,2,1,7,3,6,5,8,0,8,1,12,20,4,3,6,21,2,1,20,45,15,2,0,0,2,3,1,16,4,3,3,3,0,5,8,5,0,20,0,12,2,11,1,4,9,0,1,8,5,1
"COG2923",6,25,5,3,2,11,6,2,6,3,8,5,5,10,7,1,23,2,3,12,6,4,5,4,17,3,1,5,4,2,14,3,4,9,9,6,13,5,4,6,14,4,15,2,14,4,14,11,6,1,4,6,4,3,5,3,7,3,16,3,2,10,5,6,2,8,7,1,9,2,6,6,7,4,5,0,4,17,7,6,4,6,6,0,5,4,5,3,7,4,3,7,2,5,7,5,0,3,5,2
"COG2924",16,25,13,33,21,34,11,13,27,18,10,19,18,9,24,16,48,11,29,15,9,39,21,30,16,17,16,12,14,15,22,27,17,14,13,15,16,11,17,16,24,13,19,21,18,20,13,23,18,24,19,24,18,45,15,16,33,16,15,13,12,22,8,13,13,15,25,11,25,26,17,15,23,24,20,10,14,20,9,15,17,19,19,19,11,15,21,33,19,16,17,12,18,9,31,23,10,15,18,23
"COG2925",143,212,127,373,285,239,254,351,380,358,113,282,200,303,380,355,163,379,434,186,203,210,159,394,229,336,314,182,285,274,149,309,334,131,170,156,194,304,316,206,197,237,133,317,230,290,202,134,277,309,393,276,200,441,213,280,363,370,129,297,175,197,129,305,303,218,278,335,288,330,172,331,344,321,176,210,352,140,298,298,333,223,379,365,331,130,346,200,475,172,358,166,209,302,351,290,146,247,173,351
"COG2926",0,0,0,0,0,0,0,0,0,0,0,0,0,0,2,0,1,0,0,0,0,0,1,0,0,0,0,0,0,0,0,0,0,0,0,0,0,0,0,0,0,0,0,0,0,0,0,0,0,0,0,0,0,0,0,0,0,0,0,0,0,0,0,0,0,0,0,0,0,0,0,0,0,0,0,0,0,0,0,0,0,0,0,0,0,0,0,0,0,0,0,0,0,0,0,0,0,0,0,0
"COG2927",21,20,15,36,23,12,22,15,19,28,12,23,20,17,22,16,51,13,14,13,18,45,40,31,24,9,28,17,17,12,39,11,11,30,16,15,14,15,12,13,14,10,25,22,11,14,24,28,14,6,10,10,20,27,7,7,21,12,12,5,19,16,10,28,10,14,22,12,16,22,14,18,19,18,13,20,10,16,11,13,11,12,21,10,13,11,22,14,12,18,12,12,19,9,18,22,6,10,12,16
"COG2928",70,148,173,146,97,96,143,167,168,145,147,113,121,135,143,170,6,178,176,87,172,98,86,147,117,185,155,99,182,146,46,138,179,110,95,90,142,149,164,115,90,153,51,143,98,140,156,127,156,157,157,179,133,172,170,132,153,141,130,153,98,83,185,155,144,167,141,167,87,111,100,178,140,174,155,157,144,81,136,197,161,125,161,154,147,81,160,91,185,94,165,86,117,196,113,212,221,193,151,130
"COG2929",1,1,8,1,0,0,2,0,0,2,1,1,0,4,1,0,15,0,0,3,1,0,4,2,3,2,0,0,0,0,14,0,0,6,1,0,4,0,2,0,0,0,4,1,1,0,1,3,0,0,0,0,0,0,1,0,2,1,4,1,1,0,2,0,0,2,0,0,0,1,2,1,0,0,0,0,0,2,1,0,1,0,1,0,1,2,2,1,1,1,0,1,1,0,1,2,0,1,0,0
"COG2930",23,12,8,14,26,7,8,11,9,3,16,10,18,5,9,9,1,8,11,15,19,31,18,21,8,4,11,20,4,17,9,17,11,22,10,24,10,12,9,16,13,12,21,31,15,11,17,16,24,7,13,12,13,2,5,14,5,8,15,8,8,13,2,6,3,15,7,10,11,3,17,10,10,18,9,17,21,11,12,12,14,19,11,10,5,17,7,16,4,13,5,14,20,8,12,23,6,23,13,12
"COG2931",408,505,548,238,272,371,312,277,381,346,551,367,479,360,255,321,463,342,184,264,519,366,676,246,335,405,323,451,391,471,415,381,457,843,454,267,497,375,441,404,324,374,471,446,366,359,482,693,391,495,400,491,518,261,352,510,605,266,532,315,275,285,416,379,405,473,392,323,458,265,290,365,351,365,333,292,244,274,485,288,477,420,344,347,351,316,262,261,229,349,400,276,448,377,381,302,551,283,352,350
"COG2932",12,2,11,3,3,12,4,4,9,4,16,3,2,2,9,1,6,0,5,12,4,14,16,2,17,2,0,8,0,5,24,2,0,11,19,31,6,1,3,7,7,3,28,0,8,3,10,14,1,1,6,1,7,2,5,4,2,5,13,2,24,7,9,1,1,19,22,2,4,5,15,0,0,1,3,6,3,30,2,0,0,2,2,1,5,20,4,2,2,25,1,14,2,1,8,5,4,3,2,0
"COG2933",31,17,8,1,2,21,15,0,1,0,17,10,16,9,29,1,116,0,0,14,11,2,41,1,28,3,0,3,0,3,55,1,1,31,27,1,7,4,3,4,8,0,33,2,18,4,4,40,6,2,3,4,10,1,2,0,3,1,23,0,8,14,5,3,1,10,7,1,14,0,10,2,2,4,1,3,1,30,3,2,2,3,2,4,2,10,4,6,0,10,1,11,4,2,3,1,5,6,10,1
"COG2935",55,36,33,48,51,54,23,39,49,19,44,16,38,31,41,23,88,25,31,49,39,63,69,37,33,21,25,34,20,14,73,27,19,49,41,38,48,24,18,46,43,41,68,37,59,31,42,47,31,10,11,25,28,16,23,29,24,25,62,28,49,53,32,22,14,44,37,21,23,41,50,23,29,34,33,32,23,50,22,33,19,15,14,32,9,38,40,57,9,55,12,46,44,20,44,38,23,24,19,30
"COG2936",259,247,324,163,315,222,270,198,82,52,360,338,356,271,153,201,346,269,121,278,361,336,439,145,241,261,172,407,208,319,243,306,245,394,279,236,279,244,277,491,236,306,223,206,290,336,277,410,294,232,180,269,414,100,410,285,191,188,350,213,289,330,542,181,190,199,232,221,251,292,277,240,169,191,330,220,179,261,232,218,136,427,94,207,151,296,145,139,94,297,248,324,321,263,117,163,437,276,426,235
"COG2937",95,50,51,56,18,64,65,54,50,70,39,71,61,56,88,56,325,27,111,33,46,2,124,69,77,34,58,40,62,36,173,33,25,96,70,20,52,26,38,43,47,45,137,45,79,36,35,120,34,47,39,39,29,135,47,32,67,50,69,32,55,39,55,43,40,21,58,35,44,2,39,26,62,47,50,26,31,57,35,38,27,28,61,41,33,48,81,50,70,42,37,43,57,38,70,36,19,40,50,64
"COG2938",21,10,8,19,22,11,12,6,5,11,5,8,14,12,19,3,43,6,14,17,9,27,17,9,11,10,6,15,9,8,19,10,11,30,20,19,10,6,10,13,18,3,32,10,15,11,8,18,17,4,9,9,8,10,6,5,9,10,7,18,7,9,8,12,10,19,7,11,11,19,8,8,16,6,9,8,15,19,15,3,4,11,12,8,7,12,12,16,9,14,9,10,11,7,9,13,4,9,9,7
"COG2939",117,44,52,21,81,57,46,27,23,54,63,64,47,37,59,39,246,47,51,37,43,95,74,20,37,39,73,50,47,57,114,58,48,56,44,70,48,43,35,26,47,27,75,80,51,59,49,79,49,76,63,63,49,57,60,58,42,23,81,37,60,49,33,30,49,38,35,37,64,53,68,34,47,54,49,25,39,42,50,20,52,45,24,51,42,81,43,94,36,58,69,46,96,30,44,39,41,54,63,67
"COG2940",19,38,26,81,79,28,50,84,108,131,24,71,37,124,96,76,4,113,96,50,82,59,18,94,60,82,82,33,89,98,15,95,99,23,90,44,27,128,67,69,32,53,11,78,26,109,38,14,90,80,94,75,49,97,81,76,69,67,20,86,21,36,31,88,47,32,78,116,51,64,31,119,101,73,38,90,109,30,79,83,83,194,96,126,87,33,56,45,107,28,90,23,117,71,86,70,33,178,97,72
"COG2941",56,61,52,170,98,42,110,147,172,224,24,100,98,108,187,125,27,108,174,76,79,99,51,161,84,153,133,68,156,107,47,114,146,73,80,65,25,114,114,90,54,104,46,112,65,137,26,34,100,100,179,115,95,172,110,122,117,137,36,142,76,63,60,156,116,32,141,148,125,127,43,126,170,115,73,91,111,50,108,142,134,92,167,137,124,60,132,81,137,62,159,56,103,110,150,147,59,122,75,143
"COG2942",55,48,26,16,21,33,13,12,28,4,16,8,23,8,20,13,9,7,6,13,15,24,35,21,26,3,14,26,8,11,46,11,17,35,22,34,18,10,10,24,23,21,58,13,29,12,33,18,21,12,5,11,27,4,17,13,7,16,15,6,30,30,26,14,9,15,19,10,11,28,24,9,11,17,8,17,11,28,5,10,9,16,13,14,13,60,25,42,1,40,10,22,15,23,14,16,17,15,11,10
"COG2943",55,17,13,0,3,15,28,2,5,0,10,20,21,24,24,0,235,1,3,10,12,3,54,3,40,7,1,6,4,0,136,0,1,39,44,25,5,3,2,10,8,0,97,13,23,3,4,65,2,0,2,5,11,2,8,6,21,7,31,6,10,17,14,7,3,3,12,1,29,1,23,4,8,4,10,0,1,46,7,4,4,9,1,1,3,24,3,3,11,26,4,9,11,11,17,3,7,12,13,0
"COG2944",2,2,3,1,0,5,0,0,3,1,13,2,6,0,5,0,50,0,1,2,0,2,14,0,6,0,0,2,0,0,16,0,1,8,5,2,5,0,0,0,3,0,7,0,8,0,2,14,1,1,1,0,3,0,2,0,4,2,9,3,6,0,7,0,0,5,3,0,2,0,1,1,0,0,2,0,1,5,5,0,2,5,0,1,4,2,1,1,0,6,0,3,0,0,2,0,1,1,2,0
"COG2945",48,78,43,126,95,58,84,87,155,151,64,105,115,102,115,87,8,113,122,76,71,87,44,121,63,104,108,83,102,95,48,90,126,64,73,76,77,122,115,83,53,102,60,89,80,99,82,47,112,85,155,86,77,142,71,99,106,121,44,88,84,72,45,120,115,81,113,130,92,79,78,133,113,91,70,75,122,63,105,108,109,108,140,121,129,57,83,55,156,78,140,68,68,99,141,94,35,83,59,114
"COG2946",1,3,1,0,0,2,1,0,0,0,0,4,1,4,2,0,12,0,0,0,1,0,7,0,9,0,0,0,0,0,10,1,0,3,10,0,0,0,0,1,0,0,0,1,0,0,1,10,0,0,0,0,0,0,1,0,0,0,0,0,20,8,0,0,0,0,1,0,6,0,1,0,0,0,0,0,0,4,2,0,0,0,0,0,2,0,0,0,0,0,0,0,0,0,0,0,0,2,0,0
"COG2947",104,65,89,96,43,114,95,114,113,147,53,90,123,99,83,101,71,93,113,161,113,39,86,101,100,87,73,137,101,102,80,91,119,93,87,122,70,124,104,99,93,100,86,75,116,103,59,82,91,82,108,108,123,111,125,116,99,117,52,102,102,95,124,110,140,71,95,98,126,56,103,114,117,70,84,80,90,116,101,102,134,107,111,108,131,108,79,39,131,89,103,125,72,111,95,117,144,92,124,88
"COG2948",17,9,14,0,3,9,20,1,1,0,4,4,10,6,6,1,19,0,2,11,2,2,19,0,8,3,1,9,0,3,31,0,1,9,16,68,5,0,2,0,2,1,66,4,14,1,2,32,4,1,0,1,3,3,1,1,1,5,11,2,16,2,2,0,4,1,3,0,3,1,9,0,0,0,5,0,2,27,7,0,0,1,1,0,6,24,0,2,8,40,1,11,3,4,2,3,1,1,2,0
"COG2949",18,0,7,0,7,3,0,1,0,1,0,1,1,3,7,0,4,0,1,7,2,9,16,1,5,0,0,5,1,0,0,1,0,3,3,13,0,0,1,1,0,1,4,1,0,0,1,1,1,1,1,2,0,0,1,8,1,1,3,0,4,1,6,0,0,0,3,0,0,2,5,0,1,0,1,0,0,2,0,1,0,0,1,0,0,19,1,1,0,5,0,6,0,5,0,2,0,0,0,0
"COG2951",152,225,140,280,279,240,186,280,271,338,188,220,193,189,241,218,300,203,262,130,170,325,161,260,174,220,233,148,234,221,226,192,246,152,185,148,242,185,244,181,205,167,250,225,145,218,210,173,213,262,278,189,167,273,168,186,303,300,178,185,130,137,129,257,198,238,222,282,232,294,128,217,258,263,165,196,264,138,179,211,250,108,252,242,216,122,241,242,320,142,260,161,207,223,255,285,131,177,149,219
"COG2954",24,35,80,20,36,20,49,49,19,21,29,52,11,31,22,46,47,48,21,33,63,38,33,20,56,46,30,19,50,44,16,19,38,25,31,24,33,25,40,25,23,62,19,24,17,23,17,84,31,32,26,42,17,11,77,50,28,36,14,52,22,20,76,38,10,21,39,49,16,37,27,27,40,25,70,50,37,19,27,37,22,32,25,21,14,28,35,27,31,32,21,12,26,53,12,29,94,50,70,39
"COG2956",69,88,39,23,9,77,24,13,17,19,136,37,50,34,46,10,108,24,14,49,35,14,73,28,47,21,16,44,21,27,75,34,33,67,51,28,100,26,23,42,92,15,72,23,91,28,99,74,36,86,62,35,38,11,37,32,80,24,118,26,58,70,21,31,61,83,26,20,51,35,50,39,11,20,13,21,9,59,54,21,40,15,26,29,24,48,23,35,22,63,51,60,42,32,29,16,18,20,38,25
"COG2957",88,179,60,58,90,124,140,95,134,159,168,76,105,87,73,155,148,106,251,118,129,21,110,88,92,122,77,116,132,80,129,126,88,128,110,86,115,117,75,82,124,55,110,67,119,100,158,125,120,94,86,43,58,163,68,68,98,57,118,57,74,85,51,85,61,82,68,54,86,22,82,79,80,47,54,51,88,51,62,35,138,44,96,71,102,76,42,46,154,64,54,62,55,134,45,53,34,76,64,37
"COG2958",1,0,0,0,0,0,0,0,0,0,5,0,0,1,0,0,11,0,0,0,0,0,14,0,0,0,0,0,0,0,0,0,0,0,0,0,0,0,0,0,1,0,0,0,2,0,0,0,0,0,0,0,0,0,0,0,0,0,1,0,0,0,3,0,0,0,0,0,0,1,0,0,0,1,0,1,0,1,1,5,0,0,0,0,0,0,1,0,0,1,0,1,0,0,3,0,0,1,0,0
"COG2959",32,22,6,3,16,15,11,0,11,8,11,14,16,8,26,3,91,3,4,13,7,28,33,1,23,1,3,7,5,2,55,7,2,29,20,9,9,3,5,7,13,3,34,6,18,1,17,24,9,0,1,6,11,7,12,4,12,4,37,6,13,31,10,10,17,16,17,1,11,54,20,6,12,9,20,5,10,24,12,4,1,14,10,1,4,19,9,26,1,25,2,19,16,5,14,7,1,12,7,2
"COG2960",9,6,12,5,10,10,9,11,9,2,6,12,23,9,14,9,33,6,7,8,6,15,24,10,11,4,10,6,6,1,22,5,3,22,12,8,8,4,6,16,6,6,18,10,12,6,8,19,3,4,4,6,10,11,6,10,6,5,8,8,7,7,15,5,7,7,12,6,5,5,5,4,6,12,9,18,10,13,6,8,4,8,8,8,6,5,9,17,5,4,5,6,17,2,8,10,3,10,6,5
"COG2961",27,4,11,5,8,9,12,14,11,5,8,11,5,17,39,10,84,12,19,10,10,5,43,4,16,15,8,5,3,11,62,8,8,21,18,8,6,4,7,12,9,3,54,8,14,8,2,32,7,7,14,8,4,22,7,6,21,18,17,9,12,9,9,13,4,0,11,7,14,2,12,6,8,10,12,7,6,32,11,8,4,4,7,10,8,6,10,15,7,9,10,9,3,9,11,16,6,13,6,8
"COG2962",100,154,52,158,146,131,81,131,127,198,81,101,92,132,155,112,132,108,128,112,71,125,79,173,94,118,132,98,102,106,107,104,150,55,83,98,112,131,146,90,117,93,106,133,113,135,143,56,109,122,174,112,106,160,99,137,131,138,73,143,119,87,46,127,134,150,129,119,116,111,104,142,105,112,66,92,116,89,108,123,144,63,143,157,123,64,105,96,158,85,166,106,89,106,79,149,48,120,57,123
"COG2963",60,193,51,1,82,31,28,7,12,4,353,30,33,39,49,3,203,3,4,53,16,145,100,12,79,5,1,20,4,11,139,8,4,68,44,84,355,2,10,11,32,1,155,6,61,3,203,135,2,1,4,9,17,8,8,10,24,12,353,6,91,30,57,2,6,309,21,0,25,28,41,6,10,4,28,1,4,108,9,5,1,10,7,2,8,87,18,68,7,41,3,51,7,14,24,10,8,11,13,0
"COG2964",7,14,2,2,0,5,1,0,0,0,9,0,1,0,4,2,5,1,0,3,0,0,21,0,1,1,1,6,0,0,4,0,0,1,5,3,3,4,2,1,17,0,3,0,11,2,4,0,1,2,1,1,1,2,2,2,1,0,4,1,4,12,2,1,1,7,0,0,1,0,14,1,0,0,0,1,1,7,2,1,1,2,1,2,2,5,0,1,4,4,2,10,2,1,0,2,0,0,0,0
"COG2965",0,0,2,0,3,0,0,0,0,0,0,0,0,0,4,0,0,0,0,0,0,0,7,0,0,0,0,1,0,1,0,0,0,0,1,0,0,1,0,0,0,0,3,0,0,0,0,0,0,0,0,0,0,0,0,0,0,0,1,0,0,0,0,0,0,0,0,0,0,0,0,0,0,0,0,0,1,0,0,0,0,0,0,0,0,0,0,0,0,0,0,0,1,0,0,1,0,1,0,0
"COG2966",17,3,6,0,0,13,4,0,1,0,8,8,12,9,26,0,165,0,0,2,6,2,44,0,24,1,0,3,0,4,64,0,1,14,18,30,2,1,3,0,8,0,28,7,14,0,1,43,1,0,6,3,2,1,6,3,14,0,15,0,13,8,6,0,0,2,2,0,12,1,16,0,4,3,0,0,3,11,2,2,0,4,0,0,4,8,1,0,1,5,1,16,3,4,5,1,0,6,5,0
"COG2967",47,48,30,25,37,42,15,13,28,28,50,33,35,20,30,16,63,27,19,37,27,45,37,24,35,26,26,38,24,31,44,25,31,43,50,43,49,22,16,37,51,14,44,32,46,39,41,38,36,29,26,21,25,28,34,26,40,17,46,25,46,28,23,19,44,51,21,25,26,57,54,29,34,18,19,20,21,42,35,27,33,30,23,17,25,64,24,41,20,43,31,44,53,30,42,21,22,28,24,30
"COG2968",66,23,11,2,23,34,7,0,6,2,15,2,50,13,35,2,86,2,2,28,20,20,55,4,43,5,3,53,3,3,64,11,4,45,41,62,24,5,2,46,36,2,55,1,27,11,17,22,20,0,2,1,65,2,13,13,23,0,26,1,45,39,11,3,75,10,3,2,26,35,55,13,5,1,8,0,0,47,8,4,30,9,0,2,57,57,4,19,4,49,0,44,5,14,10,2,2,17,12,0
"COG2969",19,11,9,4,24,21,9,2,10,11,8,3,8,4,11,2,54,1,0,15,11,22,27,3,9,2,4,3,6,3,29,10,8,10,8,6,7,1,3,4,12,4,25,1,6,3,15,17,5,1,1,7,6,2,0,2,5,1,14,4,10,10,2,7,2,14,5,0,5,42,10,2,1,4,7,3,5,15,5,3,2,3,5,2,3,8,5,20,0,10,1,9,5,3,7,2,2,6,7,2
"COG2971",51,47,51,21,8,34,8,3,23,4,77,11,31,14,41,5,155,18,8,32,27,11,62,27,35,16,20,27,8,7,69,18,14,50,29,27,54,15,5,18,35,14,69,6,46,19,32,47,16,6,4,37,18,4,23,33,21,3,34,16,25,39,28,9,12,33,8,13,21,1,34,27,7,9,17,44,10,43,18,33,8,42,11,16,12,34,22,17,7,29,3,42,32,14,12,54,8,37,36,6
"COG2972",62,15,90,2,10,27,42,1,5,5,8,9,32,7,42,2,181,2,4,21,14,5,65,1,58,4,3,18,5,22,97,6,5,56,32,119,14,2,5,5,16,5,135,22,45,4,14,74,8,6,2,13,13,6,6,9,8,9,31,4,35,23,84,5,5,10,15,2,12,8,45,4,10,13,14,2,5,48,9,0,1,3,7,4,16,73,8,41,9,54,6,31,21,16,14,9,22,5,6,10
"COG2973",0,0,0,0,0,0,0,0,0,0,0,0,0,0,0,0,1,0,0,0,0,0,4,0,0,0,0,0,0,0,0,0,0,0,0,0,0,0,0,0,0,0,0,0,0,0,0,0,0,0,0,0,0,0,0,0,0,0,0,0,0,0,0,0,0,0,0,0,0,0,0,0,0,0,0,0,0,0,0,0,0,0,0,0,0,0,0,0,0,0,0,0,0,0,0,0,0,0,0,0
"COG2974",25,12,15,5,3,11,13,5,16,2,4,14,12,10,32,3,151,6,2,10,11,1,82,10,30,3,4,9,8,4,87,1,2,32,23,5,7,1,4,5,1,3,58,3,14,0,5,53,1,0,1,3,7,2,2,7,11,2,24,1,2,8,22,1,0,4,13,1,16,1,7,2,11,7,12,1,5,27,8,6,2,4,6,1,5,3,13,12,4,7,3,8,9,6,11,3,4,7,7,1
"COG2975",1,6,4,12,14,10,8,15,15,12,3,9,4,7,8,11,0,3,12,2,5,8,6,16,4,10,15,3,9,12,1,11,12,3,2,2,7,14,9,6,8,10,0,18,2,10,4,2,9,19,6,14,6,21,9,7,13,10,4,5,5,5,1,10,2,11,9,7,18,12,7,3,13,14,9,7,8,3,6,12,11,4,14,10,3,7,12,21,11,4,9,1,11,9,19,7,8,7,6,19
"COG2976",28,31,13,15,30,29,20,20,22,11,11,18,23,24,26,10,83,11,12,17,15,41,30,17,20,20,13,16,9,15,49,22,13,31,21,5,27,17,10,20,31,7,33,9,25,11,25,31,13,16,18,24,19,9,30,11,16,8,23,10,18,26,6,10,20,24,16,9,22,63,11,14,12,7,18,8,13,12,16,7,15,9,13,22,13,12,10,31,5,21,13,17,11,9,9,5,13,21,13,15
"COG2977",14,14,8,5,1,15,12,2,6,3,8,2,5,3,4,4,10,6,7,14,10,2,11,10,5,4,1,12,4,4,23,0,4,6,7,5,12,2,3,10,17,6,21,0,15,1,9,8,10,1,4,3,4,5,2,4,8,2,7,7,23,15,5,0,5,6,2,4,6,1,9,9,3,5,5,6,2,13,14,2,7,7,1,4,6,12,7,1,1,13,8,13,13,7,6,2,1,2,3,2
"COG2978",53,13,27,4,3,39,22,1,23,14,16,24,31,25,71,5,226,3,5,30,22,5,98,6,45,6,16,20,6,7,102,6,8,64,44,22,11,12,8,19,28,8,74,14,29,5,10,37,16,2,9,14,24,5,15,3,20,6,16,12,22,38,11,11,17,10,15,3,26,2,18,11,6,18,13,5,2,29,12,14,6,22,6,3,13,26,10,8,3,30,1,21,14,13,19,9,10,27,16,4
"COG2979",12,2,8,0,0,0,4,0,2,0,1,1,1,0,3,0,10,0,1,7,2,0,20,0,1,0,0,1,0,0,13,0,0,2,8,1,1,0,0,1,1,0,16,1,0,0,2,15,0,0,0,1,1,1,0,0,0,0,0,0,4,2,0,0,0,1,2,0,3,0,1,0,1,0,1,0,0,9,0,0,0,0,0,0,0,1,2,0,2,7,0,4,0,0,0,1,0,2,1,0
"COG2980",20,22,4,3,12,13,11,2,10,3,12,4,9,6,15,2,57,1,3,10,4,23,25,3,20,2,2,6,8,2,25,9,7,16,7,6,9,5,3,6,16,2,9,2,13,9,14,12,9,2,3,2,8,1,6,1,2,1,16,1,3,10,3,4,4,5,9,2,13,18,7,7,6,3,6,0,4,9,3,1,5,5,0,2,5,5,3,4,3,10,0,6,4,3,3,6,2,4,5,4
"COG2981",19,19,32,13,36,10,26,2,17,6,24,8,10,11,25,6,80,7,6,10,12,54,41,9,27,1,8,6,5,7,60,5,5,42,33,4,13,2,12,14,9,5,58,7,8,4,18,34,5,2,15,9,18,2,5,4,4,7,34,10,7,5,27,3,0,14,11,5,6,64,5,3,16,15,13,10,5,35,5,9,1,9,10,4,7,12,12,31,5,10,6,15,17,5,11,9,6,11,9,5
"COG2982",67,104,65,9,38,53,20,13,22,7,90,6,30,14,48,5,26,4,6,58,16,23,85,3,42,19,4,19,20,10,119,4,7,95,40,46,110,6,13,45,38,12,119,6,47,8,93,54,23,3,9,10,44,7,19,13,8,9,136,7,36,42,36,16,21,81,23,4,29,28,29,8,14,5,16,9,7,75,8,0,8,30,23,7,16,46,10,33,5,56,4,34,20,10,20,23,10,10,25,5
"COG2983",20,23,20,40,52,27,19,18,33,13,9,14,7,11,32,12,45,10,11,8,17,44,27,20,17,7,15,7,11,11,50,14,4,29,18,8,8,8,19,17,15,17,43,17,19,12,16,31,15,7,5,15,9,23,14,13,4,16,15,25,20,13,27,12,3,10,19,11,3,63,14,9,24,12,16,32,14,15,8,14,8,14,10,7,3,8,19,39,6,18,7,8,14,5,27,31,18,14,5,16
"COG2984",10,9,16,0,8,11,13,2,2,1,15,10,10,15,9,0,74,1,1,7,9,2,39,0,26,2,0,1,2,0,52,1,4,23,16,4,11,1,4,6,7,1,32,3,14,0,3,23,4,0,0,2,3,0,1,4,10,4,20,1,24,15,12,0,3,11,5,1,18,0,9,2,0,2,6,1,4,27,7,2,0,1,2,0,2,5,2,1,3,0,1,4,11,3,12,2,1,6,1,0
"COG2985",4,5,6,0,4,1,0,0,0,0,1,1,3,5,6,2,7,0,0,1,1,0,22,0,0,0,1,3,0,3,2,0,1,3,1,24,2,0,1,1,1,0,4,0,2,0,9,4,1,1,2,0,0,1,0,7,1,0,2,0,1,1,2,0,0,2,1,0,0,1,4,3,0,0,1,1,3,2,1,0,1,2,0,2,0,10,0,0,2,7,1,3,2,1,0,0,3,0,0,0
"COG2986",140,227,92,58,144,121,82,25,27,14,219,155,108,98,72,43,114,94,37,107,117,233,136,48,83,86,89,177,60,122,126,107,76,120,123,100,194,89,53,132,185,48,101,72,173,107,230,101,122,115,106,76,146,25,132,123,115,41,204,62,152,150,131,67,63,195,58,81,144,281,146,116,52,68,81,65,61,128,133,59,91,120,45,104,74,132,47,169,62,121,109,130,180,97,44,60,84,80,153,82
"COG2987",129,191,117,54,212,133,73,28,22,19,194,184,105,110,89,56,104,102,57,101,133,242,149,74,107,98,111,130,89,145,135,121,111,160,124,121,137,97,71,132,151,82,113,93,157,130,149,122,150,150,108,86,145,34,166,162,121,53,157,69,183,162,171,68,84,151,74,80,131,298,145,128,49,98,94,84,65,108,161,66,112,179,45,149,93,170,54,200,51,145,120,154,222,118,65,63,111,64,160,100
"COG2988",15,6,161,21,17,10,96,80,29,3,6,37,18,71,37,72,190,69,40,10,86,30,52,19,82,54,45,4,93,65,66,40,55,45,51,17,6,57,85,11,2,101,47,46,16,31,11,157,13,33,5,54,11,32,97,42,22,46,17,68,0,10,185,56,3,3,75,54,24,31,8,27,66,48,141,61,75,7,31,46,2,72,30,14,12,7,48,1,28,14,1,17,33,71,36,57,220,111,114,58
"COG2989",37,5,34,27,16,7,32,15,19,8,5,22,5,21,52,6,51,5,8,12,17,41,36,16,32,13,21,8,8,24,42,12,6,35,38,52,10,18,17,10,6,14,96,25,23,11,4,42,11,5,3,23,15,17,12,14,14,15,20,16,10,11,22,7,5,7,15,9,6,5,13,8,14,38,24,13,18,21,8,9,4,7,13,9,7,28,24,45,7,39,12,32,30,7,36,34,20,15,7,21
"COG2990",1,0,0,0,0,0,0,0,0,0,0,0,1,0,2,0,2,0,0,0,0,0,3,0,0,0,0,1,0,0,0,0,0,0,1,3,0,0,0,0,0,0,0,0,1,0,0,0,0,0,0,0,0,0,0,0,0,0,0,0,1,0,0,0,0,0,0,0,0,0,2,0,0,0,0,0,0,0,0,0,0,0,0,0,0,1,0,0,0,0,0,2,0,0,0,0,0,0,0,0
"COG2991",4,1,3,4,1,3,1,0,2,1,4,2,2,4,3,0,33,0,0,0,2,1,6,8,6,1,1,3,4,1,10,0,1,11,3,0,0,3,0,1,0,2,9,2,2,1,1,8,2,0,1,0,3,0,0,3,6,2,0,4,0,4,2,4,3,0,1,0,6,0,2,5,0,2,3,3,0,4,1,2,3,1,3,3,1,1,3,1,1,1,0,3,5,3,1,2,0,3,3,0
"COG2992",77,151,54,217,115,122,145,149,308,268,91,163,164,167,223,173,158,171,187,100,126,202,116,214,137,226,199,101,160,146,128,148,219,72,139,60,177,196,170,113,103,149,56,158,98,140,185,86,138,157,213,152,153,201,131,173,197,191,100,198,76,118,76,221,205,248,209,209,137,205,91,190,202,161,84,145,191,81,146,206,231,104,252,165,222,56,160,106,217,80,204,94,118,184,167,153,73,122,108,178
"COG2993",44,34,53,4,3,27,8,9,7,10,14,18,10,17,35,12,67,4,3,10,10,4,48,2,33,9,4,30,3,27,70,3,4,34,28,61,42,2,10,12,22,5,63,17,17,3,16,36,6,12,14,17,10,9,10,9,9,5,14,4,22,14,37,1,4,37,6,9,23,1,29,4,2,20,11,14,2,27,13,6,2,11,4,1,14,65,10,25,7,25,29,18,18,12,3,8,9,8,11,10
"COG2994",0,0,1,1,1,0,1,2,1,1,0,0,0,0,0,1,0,2,2,0,1,0,0,1,2,1,2,0,0,0,0,0,1,0,2,0,0,0,0,2,0,1,1,0,0,0,0,1,0,3,0,0,1,1,0,0,2,0,0,0,0,0,0,0,0,0,4,0,0,0,0,0,0,0,0,1,0,0,0,6,4,0,2,2,1,0,0,2,1,0,1,0,1,0,0,0,3,0,0,0
"COG2995",29,4,4,0,3,7,15,0,4,0,13,7,7,9,26,0,130,0,0,6,4,0,44,0,35,1,1,2,1,0,60,0,0,32,16,1,6,0,2,1,7,2,27,3,16,0,8,26,1,1,0,2,2,1,2,3,3,0,14,1,5,4,10,0,0,3,10,1,17,0,8,0,0,1,4,1,0,15,3,1,1,7,0,0,3,6,8,0,3,5,1,4,5,6,10,3,1,7,6,0
"COG2996",12,0,5,2,31,11,6,5,6,4,2,9,9,4,30,3,64,2,10,0,5,44,21,1,18,2,3,8,4,6,27,3,1,15,7,9,3,1,2,4,3,0,29,1,8,1,3,20,4,1,4,5,3,4,7,3,8,1,7,6,10,9,10,6,7,10,9,2,20,85,1,2,14,6,17,2,9,16,5,8,2,4,8,2,2,19,3,60,5,6,4,5,8,7,12,4,3,10,3,2
"COG2998",33,55,22,62,58,25,35,39,67,40,43,42,30,25,38,34,5,24,50,49,47,59,35,51,33,40,56,32,50,34,28,34,27,35,19,24,42,39,36,32,46,41,27,55,31,40,54,23,43,26,27,40,37,43,26,23,33,54,36,29,30,32,22,37,38,45,29,39,20,27,31,41,42,55,38,53,42,46,30,58,27,20,49,31,22,39,32,49,29,34,21,47,43,26,51,44,25,20,23,56
"COG2999",3,0,0,0,0,1,1,0,0,0,0,2,12,0,6,0,58,1,0,0,0,2,17,0,6,0,0,1,0,1,11,1,1,2,0,0,1,0,2,0,0,0,0,2,1,3,0,15,4,1,0,0,1,0,1,0,3,0,1,0,0,0,1,0,0,1,1,2,1,0,0,2,1,2,0,0,1,1,4,1,0,2,2,1,0,0,0,0,0,1,2,1,1,1,0,0,0,5,2,0
"COG3000",223,182,289,384,596,204,250,291,228,375,189,370,236,307,394,287,207,242,349,153,246,632,239,294,209,291,411,248,295,310,259,412,271,311,223,250,104,309,242,229,230,225,240,401,229,392,126,274,342,377,355,315,254,382,324,295,354,267,140,269,207,177,218,286,209,121,249,246,311,556,194,264,386,415,285,298,266,189,305,283,302,231,310,295,212,225,302,512,278,272,253,172,356,281,339,267,189,288,331,314
"COG3001",66,72,156,17,1,76,114,108,42,14,54,44,28,55,46,85,89,87,45,35,92,0,66,25,73,69,42,35,73,69,76,48,83,64,58,74,48,48,90,34,55,95,59,59,52,52,71,120,28,39,25,67,26,49,116,52,44,61,53,75,50,48,161,80,23,60,69,92,18,10,51,36,63,58,119,76,75,48,57,62,25,56,49,36,24,61,48,9,35,61,11,61,41,87,34,51,183,118,145,70
"COG3002",31,24,24,0,3,17,7,1,8,8,5,2,20,2,16,1,17,0,11,15,4,1,46,1,10,2,2,15,5,8,23,3,1,39,15,59,11,0,4,7,13,2,48,3,21,5,12,25,7,1,1,3,22,5,2,19,5,3,25,5,23,22,9,1,6,15,1,0,4,1,23,3,11,2,6,1,10,41,1,1,0,0,0,0,3,45,4,2,5,33,2,31,5,5,6,4,5,1,3,2
"COG3004",122,116,52,171,109,96,135,141,151,178,91,129,142,180,156,133,156,150,191,142,107,117,136,148,130,137,130,130,142,131,120,124,167,76,137,168,141,148,134,115,112,103,137,156,108,133,122,76,139,133,201,116,147,147,86,154,203,154,80,143,120,105,53,136,186,146,153,164,147,138,116,188,136,137,60,109,148,98,145,157,175,96,165,171,231,140,124,57,264,143,185,103,130,149,136,142,38,127,81,125
"COG3005",0,20,3,0,0,1,0,0,0,0,25,0,0,0,3,0,6,1,0,0,0,0,18,4,0,0,0,0,0,4,1,0,0,6,0,0,32,1,1,2,6,0,3,0,1,0,28,0,0,0,1,0,0,0,0,4,0,2,36,1,0,1,0,0,1,33,0,0,0,0,0,1,0,0,0,2,0,2,0,1,0,0,0,0,0,0,4,1,0,1,0,1,4,0,0,3,2,0,1,0
"COG3006",1,0,1,0,0,0,0,0,0,0,0,2,0,0,2,0,7,0,0,1,0,0,12,0,1,0,0,0,0,0,0,0,0,0,0,0,0,0,0,0,0,0,0,0,0,0,0,0,0,0,0,0,0,0,0,0,0,0,1,0,0,0,0,0,0,0,1,0,0,0,0,0,0,0,1,0,0,0,0,0,0,0,0,1,0,0,0,0,0,0,0,0,0,0,0,0,0,0,0,0
"COG3007",13,7,15,11,21,13,8,8,22,13,12,11,20,15,38,12,120,4,11,5,22,52,60,13,23,3,11,5,16,4,69,5,6,31,26,5,10,4,6,18,6,10,22,14,11,3,6,21,8,6,1,8,6,16,10,5,16,7,15,11,5,17,10,10,4,3,16,9,14,109,12,8,13,14,31,6,8,11,7,12,1,13,18,6,7,7,17,21,3,8,3,10,10,12,17,11,11,11,7,8
"COG3008",28,9,13,3,4,8,7,0,2,1,10,8,17,9,42,0,158,0,0,8,5,3,55,1,37,1,3,3,0,2,70,1,2,34,20,2,12,0,3,3,5,0,53,8,11,2,10,32,1,1,0,3,4,1,7,5,7,3,17,3,8,10,8,0,2,6,2,2,15,0,11,0,4,2,6,1,1,13,6,4,0,10,1,0,3,7,6,6,1,8,1,15,4,7,13,1,4,6,5,3
"COG3009",14,4,1,0,0,7,8,0,3,0,5,6,6,4,13,0,76,1,2,2,4,0,20,0,12,1,1,2,0,0,29,0,0,8,8,1,1,0,0,0,3,1,18,3,9,0,4,19,0,0,1,2,0,2,1,0,3,0,2,0,1,0,2,0,1,4,5,0,4,0,3,0,0,1,0,1,0,6,1,2,0,3,0,0,1,2,0,1,0,2,0,3,0,2,4,1,1,1,1,0
"COG3010",2,7,22,11,15,1,3,4,19,2,1,7,0,2,26,4,0,7,7,4,1,27,2,12,4,2,14,0,5,8,3,14,6,6,0,3,0,7,5,4,1,2,0,7,1,14,7,4,2,8,3,27,3,8,13,10,0,5,0,5,0,1,8,5,0,2,5,5,3,1,2,10,7,7,4,19,9,0,2,22,3,18,8,7,4,2,15,5,4,2,6,0,13,2,6,42,5,21,10,7
"COG3011",38,15,91,28,50,14,69,73,32,34,9,42,33,48,51,84,88,68,37,33,72,38,41,34,47,46,41,31,69,49,45,51,41,48,42,31,6,46,61,38,26,52,35,48,33,53,6,64,44,54,38,48,24,31,75,43,31,50,15,38,20,24,83,53,13,7,67,42,31,74,26,40,49,34,82,48,57,26,44,45,34,66,42,50,21,36,46,77,34,33,43,21,88,54,36,57,96,76,99,45
"COG3012",16,9,24,3,13,8,6,0,7,0,3,2,12,4,21,1,46,1,2,8,7,8,21,5,17,2,2,4,0,2,32,4,0,18,17,8,4,4,1,4,8,0,24,0,8,10,4,9,6,0,1,18,4,2,8,1,4,3,5,4,5,8,7,1,4,5,3,1,10,27,8,8,0,3,1,16,8,16,2,9,2,16,1,4,1,12,10,8,3,14,0,4,10,1,6,14,2,15,12,3
"COG3013",0,0,1,0,2,0,0,0,0,0,0,0,0,0,1,0,1,0,0,0,0,0,5,0,0,0,0,0,0,0,0,0,0,0,0,0,0,0,0,0,0,0,6,0,0,0,0,0,0,0,0,0,0,0,0,0,0,0,0,0,0,0,0,0,0,0,0,0,0,0,0,0,0,0,0,0,0,0,0,0,0,0,0,0,0,0,0,0,0,0,0,0,0,0,0,0,1,0,0,0
"COG3014",14,10,13,2,0,4,5,3,2,4,4,3,7,1,26,6,7,2,8,8,6,0,27,1,4,2,1,6,2,12,26,2,3,19,14,14,2,5,2,5,6,2,5,4,9,5,3,13,8,5,2,5,2,5,3,3,0,2,5,6,2,9,7,1,0,6,5,2,3,0,2,6,2,5,2,4,2,12,1,2,0,11,2,8,0,12,10,3,1,10,2,5,15,4,3,5,11,3,6,3
"COG3015",2,0,1,0,0,2,0,0,0,0,0,1,0,0,0,0,3,0,0,3,0,0,0,0,2,0,0,0,0,2,0,0,0,1,0,9,0,0,0,0,0,0,1,0,0,0,0,0,0,0,0,0,0,0,0,0,0,0,1,0,0,0,0,0,0,0,0,0,0,0,1,0,0,0,0,0,0,0,0,0,0,0,0,0,0,6,0,0,2,4,1,0,0,0,0,0,0,0,1,0
"COG3016",12,35,24,3,2,12,9,5,7,1,52,6,14,5,8,9,11,4,4,16,7,7,20,6,20,3,10,7,8,11,18,4,2,29,14,23,58,7,7,6,9,4,25,3,15,6,29,20,11,3,1,14,10,1,6,3,4,3,53,6,11,25,21,6,8,40,17,4,1,1,13,3,3,14,2,2,5,25,3,2,7,13,2,1,3,17,4,8,2,11,3,16,14,7,5,2,9,7,10,8
"COG3017",13,16,4,1,18,15,4,3,6,8,5,5,6,4,18,4,50,1,3,16,3,23,26,3,18,0,2,4,7,0,25,4,5,13,11,4,17,2,3,8,15,2,18,0,11,2,14,27,4,1,4,6,7,3,6,4,4,3,14,3,15,19,5,4,5,8,9,0,11,35,7,2,7,4,9,2,5,21,4,2,3,1,7,2,3,8,5,8,0,13,0,7,3,0,5,5,4,5,7,3
"COG3018",12,15,22,25,14,13,28,16,16,10,81,25,14,15,26,11,80,8,12,5,8,38,30,24,21,8,19,16,13,17,27,8,26,32,25,6,63,10,11,28,14,26,21,15,16,7,14,20,19,7,6,12,16,11,11,21,29,19,22,16,9,8,14,12,12,51,19,18,25,36,9,16,22,22,24,12,19,7,9,14,8,18,24,14,7,10,22,12,6,11,11,5,29,16,30,19,14,10,9,10
"COG3019",38,17,34,25,57,35,72,62,77,77,21,27,12,49,51,61,123,46,44,22,47,60,46,21,71,33,37,25,77,36,106,32,31,54,53,44,15,32,34,18,20,70,99,37,28,26,18,46,30,36,23,43,13,51,36,43,33,60,24,48,59,18,25,63,6,14,40,47,42,51,26,29,36,28,66,33,41,45,15,35,20,23,61,34,19,27,30,33,37,31,33,32,40,33,66,45,15,41,38,21
"COG3021",77,17,54,14,67,29,20,6,9,17,14,30,13,26,54,11,111,14,8,7,15,81,68,12,43,7,22,25,24,19,72,27,7,27,17,61,13,15,14,5,14,7,53,42,27,22,13,44,26,20,23,11,12,13,14,16,17,8,19,6,36,22,30,5,9,13,14,9,11,77,23,14,17,25,23,8,20,28,12,10,5,5,27,8,9,83,19,92,8,31,6,25,52,17,21,26,35,24,24,29
"COG3022",94,97,106,118,193,107,88,96,107,131,39,134,85,97,137,74,115,95,149,85,120,186,102,90,112,99,134,93,124,132,100,136,106,129,111,88,51,104,92,92,123,102,103,139,125,140,55,107,116,135,113,118,103,145,120,98,152,84,53,84,106,113,84,123,89,61,89,92,104,201,108,95,123,108,96,85,79,88,119,74,103,86,123,123,73,87,123,256,86,112,103,92,138,111,150,112,88,93,118,126
"COG3023",112,98,96,209,143,96,123,182,187,151,83,127,155,148,175,175,280,144,199,116,111,153,137,193,135,158,172,77,135,144,135,114,172,120,141,123,107,135,135,137,107,104,125,176,109,116,106,110,137,191,199,142,142,224,122,141,160,200,93,145,101,109,125,174,186,132,153,137,155,148,106,179,175,153,89,142,148,103,127,202,169,98,194,171,165,85,132,139,222,108,207,94,138,143,141,145,81,152,76,151
"COG3024",9,3,1,2,5,4,2,2,2,18,2,7,8,9,11,7,29,8,2,1,6,4,15,4,4,5,1,8,5,3,13,6,6,9,6,5,2,1,1,5,2,4,15,9,7,6,0,18,4,11,2,11,1,8,6,1,9,1,3,2,6,4,2,6,1,3,6,4,4,12,4,2,6,9,4,4,6,5,5,3,0,3,5,5,3,4,2,18,7,2,3,3,5,3,7,3,3,7,4,4
"COG3025",32,11,10,2,2,16,26,2,15,7,16,18,18,15,35,1,197,0,1,4,9,5,56,4,36,2,0,4,4,0,101,0,1,35,34,2,3,0,3,5,12,1,60,5,18,1,6,64,1,1,0,3,3,2,4,2,22,4,29,0,21,12,15,7,2,9,13,0,20,3,9,1,5,5,6,0,4,23,6,4,2,4,4,0,7,12,4,5,2,6,3,7,6,4,8,5,5,7,8,2
"COG3026",33,10,18,3,29,19,18,2,8,3,6,5,14,11,29,1,108,0,2,4,10,42,41,11,15,0,2,9,1,1,67,5,1,27,12,0,3,5,5,4,13,3,42,5,20,3,5,38,7,1,3,3,5,0,10,2,6,1,16,2,8,7,6,4,10,6,8,3,18,41,10,1,2,6,10,3,4,18,7,5,2,4,1,0,4,9,7,18,3,4,1,9,2,7,9,5,5,13,4,3
"COG3027",29,50,13,58,49,39,47,58,78,88,28,44,43,39,77,59,8,60,70,43,29,48,28,75,33,79,56,42,48,59,27,52,75,20,36,31,51,63,65,53,49,47,26,55,34,54,39,14,60,65,73,58,54,82,45,77,54,69,26,63,40,44,24,61,81,66,57,69,47,76,44,71,58,57,25,36,54,31,63,60,75,36,71,81,78,25,47,22,121,37,80,25,26,57,29,65,13,29,30,47
"COG3028",10,12,7,3,7,15,12,1,12,5,2,2,9,12,20,3,84,2,2,3,10,27,26,4,11,2,4,1,5,1,41,1,1,13,15,4,3,2,4,4,1,2,26,4,6,1,3,21,5,2,0,3,3,2,2,3,5,1,13,7,1,6,7,7,1,3,9,1,8,28,6,3,5,5,6,2,5,15,2,4,2,1,3,0,1,5,4,10,1,3,2,9,7,3,8,5,2,1,5,0
"COG3029",3,0,0,0,0,5,0,0,0,0,9,0,0,0,2,0,1,0,0,5,0,0,2,0,0,0,0,2,0,0,4,0,0,0,0,3,3,0,0,0,13,0,4,0,7,0,0,0,0,0,0,0,0,0,0,0,0,0,7,0,18,8,0,0,0,3,0,0,0,0,9,1,0,0,0,0,0,12,0,0,0,0,0,0,0,11,0,0,0,14,0,15,0,0,0,0,0,0,0,0
"COG3030",66,73,39,71,98,66,67,58,93,85,67,74,95,84,86,66,65,88,84,85,66,86,47,80,61,78,73,71,79,59,92,83,89,59,67,49,81,85,78,55,69,68,59,63,59,87,93,47,91,70,82,75,82,72,50,75,96,71,78,68,66,79,37,66,92,103,82,75,86,90,55,80,79,63,54,47,71,66,83,72,113,58,79,97,82,58,68,40,109,59,138,75,67,88,55,85,37,83,45,65
"COG3031",35,26,11,21,4,26,14,19,17,22,24,13,22,15,30,15,137,2,20,9,11,4,30,14,31,4,7,11,18,18,73,2,6,25,18,9,21,2,12,8,21,6,44,16,26,6,12,34,10,9,7,9,6,26,5,13,13,14,11,13,14,19,13,19,9,13,7,2,28,3,21,3,11,10,10,6,3,20,13,6,8,3,24,1,10,15,14,8,10,14,11,12,12,7,17,5,7,5,10,9
"COG3033",4,71,4,19,5,24,10,30,11,58,108,57,26,51,8,19,6,42,3,2,16,19,30,33,20,40,51,13,29,39,2,49,51,18,15,8,49,48,36,30,18,29,1,18,3,47,52,21,36,47,48,47,35,9,17,43,58,42,104,51,2,4,5,32,29,54,18,45,81,1,1,31,24,37,10,45,27,6,77,51,56,36,48,47,35,2,70,33,12,11,82,0,15,36,48,29,2,16,21,69
"COG3034",27,45,28,21,32,24,18,9,29,12,29,10,18,9,23,10,12,15,10,37,11,23,47,20,24,13,17,18,7,20,50,13,14,14,14,21,35,10,14,11,48,13,53,26,44,12,29,22,10,4,15,11,20,8,11,12,11,16,31,14,36,45,14,10,20,32,18,9,16,15,38,9,11,17,25,14,16,50,6,11,15,13,15,12,9,43,21,26,9,26,4,26,17,5,19,26,12,14,5,9
"COG3036",0,0,0,0,0,0,0,0,0,0,0,0,0,0,0,0,3,0,0,0,0,0,1,0,1,0,0,0,0,0,0,0,0,0,0,0,0,0,0,0,0,0,0,0,0,0,0,0,0,1,0,0,0,0,0,0,0,0,0,0,0,0,0,0,0,0,0,0,0,0,0,0,0,0,0,0,0,0,0,0,0,0,0,0,0,0,0,0,0,0,0,0,0,0,0,0,0,0,0,0
"COG3037",0,0,0,0,0,0,0,0,0,0,0,0,1,0,2,0,4,0,0,0,0,0,18,0,0,0,0,0,0,2,0,0,0,0,0,0,0,0,1,0,1,0,0,0,0,0,0,0,0,0,0,0,0,0,0,1,0,0,0,0,0,0,0,0,0,0,0,0,0,0,0,0,0,0,0,0,0,0,0,0,0,0,0,0,0,0,0,0,0,0,0,0,1,0,0,1,0,0,0,0
"COG3038",31,10,16,84,46,18,44,49,83,95,10,29,10,29,94,52,77,32,64,9,25,36,42,58,29,45,31,10,56,15,52,34,13,28,26,23,10,30,33,19,4,41,78,24,16,41,10,37,49,20,60,37,14,127,43,52,35,76,23,70,17,13,18,83,12,7,63,56,33,30,13,50,102,52,31,48,57,38,12,80,60,34,79,64,45,19,66,50,61,34,39,18,31,19,94,83,18,44,28,56
"COG3039",52,279,65,20,71,51,82,2,16,7,347,35,58,58,43,2,490,9,7,167,20,188,164,27,107,6,2,52,5,10,253,3,6,95,69,63,432,10,9,29,81,31,258,12,104,2,349,305,4,7,2,19,31,3,11,32,40,22,387,19,70,79,58,3,10,315,14,28,36,30,84,13,9,8,32,15,11,302,28,11,0,25,8,11,9,219,33,79,30,64,15,121,23,11,7,18,14,15,25,4
"COG3040",22,9,28,12,39,8,21,4,11,11,9,20,16,17,27,19,93,9,11,17,15,48,38,13,25,17,16,18,18,14,43,23,21,49,28,11,5,14,22,17,3,12,37,17,14,19,6,45,24,53,33,20,24,6,20,23,33,8,6,24,20,10,19,17,27,3,30,6,31,67,15,12,11,8,21,15,15,9,16,13,25,17,12,25,20,5,23,52,16,14,25,10,25,19,23,9,18,18,15,13
"COG3041",1,0,1,1,0,1,0,0,1,0,8,0,0,0,1,0,0,0,0,2,1,0,1,2,1,0,0,2,1,0,0,0,0,0,1,4,1,0,0,0,1,0,4,0,0,0,1,1,1,0,0,0,0,0,0,0,0,0,1,0,1,0,1,0,0,2,0,0,0,0,0,0,0,0,1,0,0,3,0,0,0,0,0,0,0,3,0,2,1,1,0,3,0,0,0,0,0,1,0,0
"COG3042",0,0,0,0,0,0,0,0,0,0,0,0,0,0,0,0,2,0,0,0,0,0,1,0,0,0,0,0,0,0,0,0,0,0,0,0,1,0,0,0,0,0,0,0,0,0,0,0,0,0,0,0,0,0,0,0,0,0,0,0,0,0,0,0,0,0,0,0,0,0,0,0,0,0,0,0,0,0,0,0,0,0,0,0,0,0,0,1,0,0,0,0,0,0,0,0,0,0,0,0
"COG3043",0,1,2,0,0,1,0,0,0,0,6,0,0,0,1,0,2,0,0,0,0,0,5,0,1,0,0,0,0,0,0,0,0,0,0,0,4,0,0,0,1,0,2,0,0,0,2,1,0,0,0,0,0,0,0,0,0,0,5,0,0,0,0,0,0,6,0,0,0,0,0,0,0,0,0,0,0,0,0,0,0,0,0,0,0,0,0,0,0,1,0,0,0,0,1,0,0,0,0,0
"COG3044",20,20,2,0,0,17,0,0,1,3,62,2,6,1,4,4,7,0,0,18,3,0,21,0,9,0,4,7,4,5,10,2,1,13,5,13,63,0,0,8,22,4,13,2,22,0,43,3,4,0,0,1,11,0,1,1,7,0,34,2,25,11,2,5,7,47,4,1,2,0,16,1,0,1,1,0,1,19,5,1,1,1,1,1,3,16,5,0,2,29,1,19,2,3,0,1,1,1,2,1
"COG3045",11,5,5,0,1,11,7,0,2,0,2,3,6,7,10,1,52,1,0,4,0,3,25,0,9,0,0,2,2,0,33,1,2,11,10,2,2,0,1,3,4,2,27,1,14,0,0,21,1,0,0,0,1,0,0,0,4,0,4,1,1,4,0,0,0,2,1,0,3,0,3,0,2,1,0,0,0,12,1,2,0,3,1,0,0,2,0,1,0,5,0,3,1,1,1,0,1,3,1,0
"COG3046",68,13,459,598,551,25,617,739,569,754,10,448,109,491,551,632,127,624,665,65,525,523,101,615,324,564,617,181,615,557,108,564,520,270,349,178,17,561,688,377,7,530,96,580,23,535,5,275,494,613,663,501,189,583,507,569,446,709,26,597,22,24,482,629,175,12,602,609,449,655,45,520,592,573,604,557,674,35,108,639,624,418,607,597,558,76,617,479,695,139,681,28,522,448,480,572,508,522,498,630
"COG3047",36,28,24,3,24,28,18,2,4,5,25,8,11,24,25,2,135,5,3,14,14,3,39,6,33,12,4,11,1,3,61,6,6,25,28,35,7,6,6,4,18,3,60,6,30,9,17,54,9,7,5,9,5,6,4,7,13,3,21,6,8,17,14,2,2,9,15,2,22,0,16,6,3,4,8,2,2,20,8,2,4,1,1,6,6,12,5,9,4,15,0,9,4,8,4,5,2,12,3,4
"COG3048",0,0,0,0,0,0,0,0,0,0,0,0,0,0,0,0,7,0,0,0,0,1,5,0,2,0,0,0,0,0,1,0,0,0,1,0,0,0,0,0,0,0,0,0,0,0,0,0,0,0,0,0,0,0,0,0,0,0,3,0,0,0,0,0,0,0,6,0,0,0,0,0,0,0,0,0,0,0,0,0,0,0,0,0,0,0,1,0,0,0,1,0,0,0,0,0,0,0,0,0
"COG3049",0,5,4,0,1,0,3,0,3,0,0,0,2,6,2,0,6,0,1,0,4,0,6,0,3,1,1,2,0,2,3,2,0,4,2,7,0,2,0,0,2,1,9,0,2,3,4,4,0,1,1,4,0,0,5,0,0,1,5,0,0,0,3,0,1,2,2,0,0,0,0,4,0,1,2,1,1,1,0,0,0,0,1,1,2,3,2,11,3,1,1,0,3,1,2,6,4,6,5,2
"COG3050",0,0,0,0,0,0,0,0,0,0,0,0,0,0,1,0,1,0,0,0,0,0,7,0,0,0,0,0,0,0,0,0,0,0,0,0,0,0,0,0,0,0,0,0,0,0,0,0,0,0,0,0,0,0,0,0,0,0,0,0,0,0,0,0,0,0,0,0,0,0,0,0,0,0,0,0,0,0,0,0,0,0,0,0,0,0,0,0,0,0,0,0,0,0,0,0,0,0,0,0
"COG3051",4,12,1,0,0,2,0,0,0,0,18,0,1,0,0,0,0,0,0,5,0,0,0,0,3,2,0,9,1,0,8,0,0,3,1,3,5,0,0,3,5,0,6,0,5,0,11,0,1,0,0,0,9,0,1,1,2,0,13,0,5,9,0,0,3,6,0,0,0,0,1,1,0,0,0,0,0,7,0,0,0,2,2,0,1,2,0,1,0,8,0,14,0,5,0,1,0,0,0,0
"COG3053",2,0,1,0,0,0,0,0,0,0,0,0,0,0,0,1,1,0,0,1,0,0,11,0,0,0,0,0,0,0,0,0,0,0,0,0,0,0,0,0,0,0,0,0,0,0,0,0,0,0,0,1,0,0,0,0,0,0,0,0,0,0,0,0,0,0,0,0,0,0,0,0,0,0,0,0,0,0,0,0,0,0,0,0,0,0,0,0,0,0,0,0,0,0,0,0,0,0,0,0
"COG3054",3,7,0,0,0,1,0,0,1,0,4,0,1,0,0,0,3,1,0,2,0,0,10,0,2,0,0,0,0,0,3,0,1,0,0,1,2,0,0,0,5,0,5,0,4,0,4,0,0,0,0,1,0,1,0,0,0,0,4,0,8,2,0,0,1,2,0,0,0,0,1,0,0,0,0,0,0,3,0,0,0,0,1,0,1,5,0,0,0,4,0,4,0,0,0,0,1,0,1,0
"COG3055",17,18,18,1,0,18,1,0,0,1,1,5,15,9,11,0,3,5,0,7,13,0,25,5,15,5,11,19,7,11,13,2,9,45,23,15,4,11,8,17,14,1,6,17,15,7,13,16,16,5,3,9,20,1,21,5,4,0,11,7,15,17,14,9,0,4,3,6,1,0,15,11,1,18,3,11,1,12,6,6,5,15,5,6,7,18,5,8,3,14,1,15,5,21,0,5,8,10,18,8
"COG3056",0,0,0,0,0,0,0,0,0,0,0,0,0,0,2,0,2,0,0,0,0,0,4,0,0,0,0,0,0,0,0,0,0,0,0,0,0,0,0,0,0,0,0,0,0,0,0,0,0,0,0,0,0,0,0,0,0,0,0,0,0,0,0,0,0,0,0,0,0,0,0,0,0,0,0,0,0,0,0,0,0,0,0,0,0,0,0,0,0,0,0,0,0,0,0,0,0,0,0,0
"COG3057",4,2,1,0,1,3,3,0,1,0,2,0,0,0,10,0,37,0,0,0,1,0,13,0,1,0,0,2,0,0,22,0,0,7,2,1,0,1,0,0,3,0,11,0,6,0,1,5,0,0,0,0,0,0,5,0,2,0,3,0,0,2,1,0,0,2,0,0,1,0,1,0,0,1,0,0,0,1,1,0,0,0,0,0,1,0,0,0,0,0,0,0,1,0,4,0,0,1,1,0
"COG3058",1,0,0,0,0,1,0,0,0,0,2,0,4,0,0,0,0,0,0,1,0,1,3,0,0,0,0,1,0,0,2,0,0,0,0,2,5,0,0,0,2,0,3,0,3,0,3,0,0,0,0,0,2,0,0,1,0,0,4,0,1,1,0,0,0,7,0,0,0,0,3,0,0,0,0,0,0,2,0,0,0,0,0,0,0,4,0,0,0,5,0,2,1,0,1,0,0,0,0,0
"COG3059",9,0,1,0,1,7,7,0,0,0,6,2,0,0,6,1,38,0,0,5,3,1,6,0,4,1,0,0,1,1,16,0,0,11,9,2,1,0,0,0,3,0,12,2,13,0,0,7,0,1,1,0,1,0,0,0,0,0,5,0,1,3,3,0,0,3,1,0,2,0,1,0,0,1,2,1,0,5,0,1,0,1,0,0,3,2,2,0,3,4,0,0,1,0,1,0,0,5,4,0
"COG3060",8,1,1,0,2,1,1,0,1,0,4,2,7,4,10,0,37,0,0,1,2,0,13,0,16,0,0,0,0,0,10,0,0,6,3,1,1,0,1,0,1,0,10,1,0,0,0,8,0,0,0,0,0,0,2,0,1,0,6,0,0,3,1,0,0,0,0,0,6,0,0,0,0,2,1,0,0,2,1,0,0,0,0,0,0,2,1,1,0,0,0,3,1,1,4,0,0,2,0,0
"COG3061",0,0,0,0,0,0,0,0,0,0,0,0,0,0,0,0,4,0,0,0,0,0,0,0,0,0,0,0,0,0,0,0,0,0,0,0,0,0,0,0,0,0,0,0,0,0,0,0,0,0,0,0,0,0,0,0,0,0,0,0,0,0,0,0,0,0,0,0,0,0,0,0,0,0,0,0,0,0,0,0,0,0,0,0,0,0,0,0,0,0,0,0,0,0,0,0,0,0,0,0
"COG3062",0,0,0,0,0,1,0,0,0,0,0,0,0,0,0,0,3,0,0,0,0,0,4,0,0,0,0,0,0,0,1,0,0,0,0,0,2,0,0,0,2,0,4,0,0,0,0,1,0,0,0,0,0,0,0,0,0,0,0,0,0,0,0,0,0,4,0,0,0,0,0,0,0,0,0,0,0,0,0,0,0,0,0,0,0,0,0,0,0,0,0,0,0,0,0,0,0,0,0,0
"COG3063",41,21,11,1,10,20,11,0,8,5,10,12,11,8,37,5,121,1,0,4,3,22,43,2,42,5,3,7,2,1,85,1,4,20,19,2,8,0,2,5,12,5,33,4,16,3,14,34,1,1,6,3,7,4,7,3,18,1,26,0,14,12,8,3,11,7,9,2,19,31,13,4,4,0,5,1,4,29,7,2,1,3,1,2,2,14,6,11,2,11,2,15,6,5,13,6,3,5,6,1
"COG3064",10,2,2,0,0,5,3,0,0,0,5,4,5,3,28,0,69,0,0,1,4,1,17,1,17,1,0,1,1,0,26,0,0,14,5,0,1,0,0,0,1,1,18,3,5,1,0,11,0,0,0,0,0,0,3,0,3,0,2,1,0,3,1,0,0,2,0,0,5,0,5,1,0,1,1,0,0,3,3,0,0,1,0,0,0,2,3,0,1,1,1,2,0,1,5,0,0,3,3,0
"COG3065",1,2,2,0,0,7,4,0,0,0,3,6,5,7,9,0,73,0,0,0,4,1,18,0,10,0,0,2,0,0,21,0,0,10,6,1,1,2,0,0,1,0,18,5,2,0,0,13,0,0,0,0,1,0,1,0,3,0,5,0,0,4,1,0,3,0,1,0,6,0,7,0,1,3,2,0,0,1,1,3,0,1,0,0,0,0,1,0,0,2,1,1,2,0,3,0,1,2,1,0
"COG3066",8,2,7,0,2,9,5,0,0,0,2,4,5,4,14,0,92,0,0,1,3,1,21,2,12,0,0,2,1,1,30,1,1,11,6,0,1,1,0,1,1,1,17,0,3,0,3,19,0,0,0,0,1,0,0,2,10,0,9,1,0,3,5,1,0,2,1,0,7,11,6,0,1,4,0,2,1,3,2,2,2,0,0,0,1,2,2,0,0,0,0,5,0,2,5,0,4,4,2,0
"COG3067",48,16,62,82,91,17,64,95,70,139,13,71,14,64,85,82,173,51,117,16,41,67,58,80,68,65,95,16,67,76,73,58,55,61,33,19,5,47,64,31,4,69,54,113,26,42,1,62,42,105,78,70,7,133,35,31,75,67,24,47,13,14,43,67,8,4,84,60,81,74,17,36,93,89,60,37,71,30,26,51,32,34,86,46,38,25,82,116,71,15,73,12,65,34,107,60,68,44,37,96
"COG3068",6,0,1,0,4,9,8,0,1,0,5,3,6,4,12,1,70,0,0,2,2,22,23,1,10,0,0,0,0,1,22,0,0,11,12,0,1,0,0,0,4,0,19,1,7,0,1,19,1,1,1,1,3,0,1,0,1,0,11,0,1,2,11,0,0,1,6,0,9,7,4,0,0,0,3,0,1,9,1,0,1,0,0,0,3,2,3,1,0,0,0,6,1,1,4,0,1,3,3,0
"COG3069",1,0,0,0,25,0,3,1,3,3,0,2,1,3,14,0,3,0,0,2,0,5,5,1,0,1,5,3,4,3,1,7,1,0,1,6,0,1,1,0,1,0,0,3,1,5,0,0,1,3,1,0,0,0,2,2,0,1,1,0,0,0,3,2,0,1,1,0,2,0,0,2,1,5,7,0,4,1,2,0,0,0,4,0,0,4,0,14,1,2,1,2,1,2,0,0,4,5,10,1
"COG3070",4,1,4,1,0,2,4,5,1,2,3,2,0,3,7,2,15,1,0,1,5,0,12,1,5,4,2,0,0,3,6,0,2,0,3,0,1,0,4,3,3,2,5,3,4,5,0,8,1,2,0,1,3,3,1,3,0,3,1,0,0,0,6,1,0,2,3,0,1,0,1,0,0,3,0,1,0,6,1,0,0,1,0,1,3,2,1,1,0,1,1,0,0,0,0,2,0,1,1,2
"COG3071",44,37,17,4,20,28,25,4,18,19,37,10,29,9,32,5,189,7,11,20,22,61,70,8,35,11,9,35,11,14,73,8,12,55,25,18,34,11,5,22,19,3,78,11,39,10,45,46,16,3,8,10,28,9,12,11,21,5,47,9,22,34,17,10,19,25,15,2,28,61,29,11,12,6,31,10,20,47,15,10,16,12,12,16,10,32,9,16,3,28,8,29,10,11,14,9,13,14,17,5
"COG3072",51,18,39,0,9,34,25,1,0,0,21,16,25,18,23,1,239,0,1,24,8,5,86,1,51,2,2,12,1,1,92,2,0,60,40,7,7,1,3,2,24,1,116,6,37,2,19,91,2,2,0,9,8,3,4,0,16,3,43,1,13,32,31,2,9,13,4,0,33,0,17,1,3,10,6,1,0,55,7,2,0,0,0,0,1,22,3,2,5,17,1,23,14,2,7,0,3,12,7,0
"COG3073",22,8,5,1,14,3,6,1,5,5,1,4,8,8,10,0,57,0,0,1,2,5,15,3,12,0,0,2,1,1,38,0,0,13,9,0,1,1,2,0,5,0,29,3,6,0,1,22,1,1,0,1,1,0,3,0,5,3,4,0,2,4,5,0,4,1,0,1,5,11,5,0,1,0,1,0,1,6,0,2,0,0,1,0,0,2,2,5,2,1,0,2,1,2,6,1,2,2,3,0
"COG3074",0,0,0,0,0,0,0,0,0,0,0,0,0,0,1,0,1,0,0,0,0,0,5,0,0,0,0,0,0,0,0,0,0,0,0,0,0,0,0,0,0,0,0,0,0,0,0,0,0,0,0,0,0,0,0,0,0,0,0,0,0,0,0,0,0,0,0,0,0,0,0,0,0,0,0,0,0,0,0,0,0,0,0,0,0,0,0,0,0,0,0,0,0,0,0,0,0,0,0,0
"COG3075",3,1,1,0,0,5,0,0,0,0,3,1,5,0,0,0,0,0,0,2,0,2,0,0,2,2,0,1,0,0,2,0,0,0,0,6,13,0,0,0,9,0,2,0,3,0,4,0,0,0,0,0,0,0,1,0,1,0,2,0,3,8,0,1,6,4,0,0,1,1,2,0,0,0,0,0,0,2,1,0,0,1,0,0,0,3,0,0,0,9,0,3,0,1,0,0,1,0,0,0
"COG3076",3,1,2,0,2,4,2,0,1,0,3,1,1,0,11,0,44,0,0,0,2,0,8,1,15,0,0,0,1,0,16,0,1,4,7,0,0,0,0,3,0,0,6,3,3,0,0,11,0,0,0,0,0,0,0,0,1,0,4,1,0,3,3,0,0,1,0,0,3,0,6,0,0,2,0,0,0,0,2,0,0,1,0,0,1,1,0,0,0,1,0,1,1,0,3,0,1,0,0,0
"COG3077",1,1,0,0,0,2,1,0,2,0,6,0,0,1,0,0,0,0,0,3,1,0,2,0,2,0,0,0,0,0,3,0,0,2,3,8,5,0,0,1,0,0,4,0,1,0,0,3,0,0,0,0,1,1,0,0,0,1,0,2,2,2,1,0,0,4,0,0,2,0,0,0,0,1,1,0,0,3,0,0,0,0,0,0,0,2,1,0,2,1,0,0,1,1,0,1,0,0,0,0
"COG3078",7,0,0,0,0,0,0,0,0,0,2,0,0,0,16,0,5,0,0,0,0,0,5,0,0,0,0,1,0,0,3,0,1,0,0,0,0,0,0,0,0,0,1,0,0,0,1,0,0,0,0,0,0,0,1,0,0,0,0,0,0,1,0,0,0,0,0,0,0,0,0,0,0,0,0,0,0,1,0,0,0,0,0,0,0,1,1,0,0,1,0,0,1,0,4,0,1,0,2,0
"COG3079",29,29,8,6,27,43,11,1,17,1,12,13,23,6,20,8,84,2,2,8,13,27,29,9,26,3,6,13,4,2,44,4,1,14,15,3,20,3,7,10,29,4,25,5,13,7,29,15,14,0,4,6,9,5,4,6,9,6,19,9,14,29,7,3,4,26,4,3,21,52,10,10,7,5,13,1,8,19,6,4,4,8,12,2,6,13,3,28,1,8,4,12,7,6,10,5,4,6,5,1
"COG3080",9,1,0,0,0,5,0,0,0,0,21,0,3,0,1,0,4,0,0,4,1,0,5,0,3,0,0,9,0,0,7,0,0,0,0,6,8,0,0,0,11,0,10,0,11,0,3,0,0,0,0,0,0,0,0,0,0,0,8,0,11,15,0,0,2,6,0,0,0,0,18,0,0,0,0,0,0,14,0,0,0,0,0,0,0,16,0,0,0,9,0,21,0,0,0,0,0,0,0,0
"COG3081",24,6,10,0,3,11,15,0,2,0,3,16,4,11,44,0,132,1,1,8,5,0,52,0,31,0,0,4,0,1,83,0,0,20,21,7,1,0,2,1,7,2,43,2,14,1,2,53,1,6,1,2,7,2,3,0,5,1,12,4,1,15,12,1,3,5,10,1,10,0,5,0,0,2,2,0,0,20,3,2,0,2,0,0,0,9,3,1,1,2,3,7,5,1,5,1,2,6,5,0
"COG3082",1,0,0,0,0,0,5,0,0,0,0,0,3,1,4,0,14,0,0,0,1,0,2,1,7,1,0,0,0,0,4,0,0,3,2,0,1,0,0,0,1,0,5,0,2,0,1,6,0,0,0,0,0,0,1,0,0,0,0,1,0,2,2,0,0,0,0,1,1,0,4,0,0,0,1,0,0,0,0,2,0,0,0,0,0,1,0,0,0,0,0,1,0,0,1,0,0,2,1,0
"COG3083",36,23,9,3,3,42,5,0,0,0,27,20,35,30,37,0,168,7,0,10,12,1,70,9,41,5,8,43,1,5,52,13,15,21,19,15,9,9,3,26,39,4,34,12,21,12,35,30,15,0,3,2,37,0,14,27,26,0,42,7,24,24,7,2,50,3,7,2,39,0,25,8,0,8,1,3,0,13,11,8,16,7,2,17,20,18,10,2,1,21,2,27,9,20,6,3,2,20,18,2
"COG3084",0,0,0,0,0,0,0,0,0,0,0,0,1,0,0,0,2,0,0,0,0,0,2,0,0,0,0,0,0,0,0,0,0,0,0,0,0,0,0,0,0,0,0,0,0,0,0,0,0,0,0,0,0,0,0,0,0,0,0,0,0,0,0,0,0,0,0,0,0,0,0,0,0,0,0,0,0,1,0,0,0,0,0,0,0,0,0,0,0,0,0,0,0,0,0,0,0,0,0,0
"COG3085",10,6,7,0,0,8,5,0,3,0,5,12,2,16,10,0,105,0,0,2,10,2,14,0,21,0,0,0,1,0,58,0,1,8,13,1,0,0,1,0,5,0,27,3,6,0,2,26,0,1,0,0,0,0,2,0,4,0,6,3,0,6,2,0,1,3,3,0,12,0,5,0,3,4,8,0,0,5,3,0,0,1,0,0,0,7,4,0,1,2,0,4,3,2,1,0,0,5,9,0
"COG3086",4,0,5,0,7,3,7,0,0,0,4,1,5,1,3,0,53,0,0,3,1,8,16,1,13,1,3,3,0,0,19,0,0,7,2,0,0,0,0,0,2,0,19,3,0,0,1,15,0,0,0,0,0,1,1,0,3,0,9,1,0,3,4,1,0,2,4,0,5,6,3,1,0,0,2,0,0,5,1,0,0,0,0,0,1,5,2,2,0,0,0,0,2,1,1,0,0,1,2,0
"COG3087",25,10,7,4,23,13,11,1,4,5,8,4,13,8,22,1,94,1,2,18,17,30,34,6,22,3,2,5,7,4,26,2,2,24,13,5,7,5,1,2,12,5,35,8,14,3,8,28,3,5,3,4,7,3,8,3,6,2,22,6,9,17,6,8,4,15,6,1,10,48,7,3,9,5,13,5,5,13,4,5,1,4,8,2,4,18,3,8,1,6,1,6,2,3,10,6,2,6,6,3
"COG3088",69,97,40,106,91,90,80,99,130,119,96,85,85,93,97,81,55,88,102,116,73,100,88,110,86,123,91,97,101,103,86,85,93,51,55,70,117,92,77,90,110,69,67,106,97,90,80,60,103,112,107,97,112,138,81,93,146,112,71,110,124,103,35,103,113,127,92,91,97,88,86,89,115,89,67,88,92,97,96,101,131,48,112,114,101,73,101,71,147,84,131,85,81,92,91,97,39,82,59,114
"COG3089",7,2,7,1,2,7,6,1,3,2,5,4,3,4,3,0,40,0,0,2,3,1,16,0,4,1,2,0,4,0,13,0,2,11,4,1,1,0,1,3,1,3,11,2,5,1,2,10,0,0,3,1,3,0,1,1,2,1,6,2,0,1,2,0,0,0,1,0,7,6,3,2,0,4,4,1,0,5,0,2,1,2,1,0,1,0,3,3,0,1,0,2,3,0,3,1,1,0,2,0
"COG3090",45,23,39,61,137,18,65,86,109,100,15,46,33,74,73,69,67,41,97,43,26,142,57,51,56,68,64,27,75,62,63,54,42,34,48,55,10,77,70,32,19,29,108,66,39,62,13,38,46,68,79,49,24,94,41,41,33,70,36,42,63,23,27,68,20,14,78,55,64,135,47,41,84,75,30,47,63,47,34,39,44,33,82,33,47,54,44,75,89,40,84,45,46,39,77,50,20,51,27,55
"COG3091",6,5,2,0,11,8,1,0,0,0,2,4,3,3,3,1,60,1,0,3,2,18,13,1,2,4,0,1,0,1,25,0,0,10,14,0,0,2,0,0,2,0,13,1,7,0,0,14,2,0,0,1,3,0,1,1,3,0,5,2,1,1,2,1,0,2,4,0,5,27,0,0,0,3,1,0,0,5,3,2,0,1,0,2,0,0,2,2,1,0,0,1,2,4,0,2,0,1,5,0
"COG3092",6,0,0,0,0,2,3,0,0,0,3,3,5,0,13,0,57,0,0,1,2,1,10,0,10,2,0,0,0,0,20,0,0,5,3,0,1,0,1,0,3,0,5,1,5,0,0,8,0,0,0,1,1,0,1,0,2,1,7,0,1,3,3,0,0,1,0,0,6,0,5,0,0,0,0,0,0,5,0,1,0,1,0,0,0,1,2,0,0,0,0,1,1,2,4,0,1,1,3,0
"COG3093",44,7,10,1,1,4,6,2,3,0,18,6,8,5,6,0,74,0,5,8,3,3,33,3,20,4,0,6,1,10,29,1,2,17,21,23,12,1,3,0,2,0,28,0,10,2,15,29,1,0,2,2,7,1,0,8,1,0,38,3,3,5,11,2,1,20,13,0,2,2,12,0,0,0,2,0,1,26,1,1,0,2,1,0,3,17,4,3,0,11,0,7,4,6,8,2,3,5,0,0
"COG3094",3,4,4,0,0,2,0,0,0,1,4,1,3,0,9,0,24,0,0,0,0,1,11,0,1,0,0,0,0,0,3,0,0,7,1,0,10,0,0,0,1,0,1,0,0,0,7,3,0,0,0,0,0,0,1,0,2,0,8,1,0,0,0,0,0,6,0,0,1,0,0,0,0,0,0,0,0,0,0,0,0,1,1,0,0,1,0,0,0,0,0,1,3,0,4,0,1,2,0,0
"COG3095",0,0,0,0,0,0,0,0,0,0,1,0,0,0,2,0,1,0,0,0,0,0,2,0,0,0,0,0,0,0,0,0,0,0,0,0,0,0,0,0,0,0,0,0,0,0,0,0,0,0,0,0,0,0,0,0,0,0,0,0,0,0,0,0,0,0,0,0,0,0,0,0,0,0,0,0,0,0,0,0,0,0,0,0,0,0,0,0,0,0,0,0,0,0,0,0,0,0,0,0
"COG3096",6,0,6,0,0,0,0,0,0,0,0,2,0,0,8,0,15,0,0,1,0,0,33,0,2,0,1,0,0,0,0,0,0,0,0,0,0,0,0,0,0,0,0,1,0,0,0,0,0,0,0,3,0,0,0,0,0,0,0,0,0,0,1,0,0,0,0,0,0,0,0,0,0,0,1,0,0,0,0,0,0,0,0,0,0,0,0,0,0,0,0,0,0,0,0,0,1,0,0,1
"COG3097",0,0,0,0,0,0,0,0,0,0,0,0,0,0,3,0,1,0,0,0,0,0,1,0,0,0,0,0,0,0,0,0,0,0,0,0,0,0,0,0,0,0,0,0,0,0,0,0,0,0,0,0,0,0,0,0,0,0,0,0,0,0,0,0,0,0,0,0,0,0,0,0,0,0,0,0,0,0,0,0,0,0,0,0,0,0,0,0,0,0,0,0,0,0,0,0,0,0,0,0
"COG3098",7,6,4,0,8,3,0,1,2,0,0,1,5,1,10,1,14,0,1,1,0,8,7,1,1,3,0,1,0,0,6,0,0,4,3,0,0,0,1,1,0,2,5,0,0,0,1,7,0,1,0,3,2,0,0,1,1,0,6,0,1,2,3,0,4,0,3,0,3,24,0,1,0,2,1,1,0,6,2,2,0,0,2,1,1,0,3,1,1,0,0,0,1,0,4,9,1,0,1,0
"COG3099",0,0,0,0,0,0,0,0,1,0,0,0,0,0,2,0,1,0,0,0,0,0,5,0,0,0,0,0,0,0,3,0,0,0,0,0,1,0,0,0,0,0,0,0,0,0,0,0,0,0,0,0,0,0,0,0,0,0,0,0,0,0,0,0,0,0,0,0,0,0,0,0,0,0,0,0,0,0,0,0,0,0,0,0,0,0,0,0,0,0,0,0,0,0,0,0,0,0,1,0
"COG3100",6,1,3,0,2,7,2,0,2,1,6,2,5,0,8,1,20,0,0,1,3,9,8,1,3,0,1,0,1,0,13,0,1,1,2,1,4,0,1,1,1,1,5,0,2,1,3,4,1,1,0,1,1,0,2,3,1,1,8,2,2,1,5,3,0,4,4,0,7,21,6,1,0,1,0,1,0,7,0,0,0,2,3,0,1,3,2,2,1,1,1,4,2,1,3,3,2,1,3,1
"COG3101",11,3,11,5,10,7,6,2,8,5,3,4,8,4,13,1,72,3,1,2,7,17,13,3,19,3,3,6,2,3,31,2,1,16,14,2,1,0,1,2,0,2,31,5,13,1,2,15,0,0,1,3,4,0,2,0,3,1,8,5,14,9,7,3,0,1,3,1,5,29,5,3,3,3,9,4,4,14,2,5,0,4,3,1,2,4,5,11,2,3,1,5,3,2,1,2,1,3,2,1
"COG3102",0,0,0,0,2,0,0,0,0,0,0,0,0,0,1,0,0,0,1,0,0,0,3,0,0,0,0,0,0,0,0,0,1,0,0,0,0,0,0,0,0,0,0,0,0,0,0,0,2,0,0,0,0,0,1,0,0,0,0,0,0,0,0,0,0,0,0,0,0,1,0,0,0,0,0,0,0,0,0,0,0,0,0,0,0,0,0,0,0,0,0,0,0,0,0,0,1,1,0,0
"COG3103",13,6,7,0,2,6,6,0,5,9,5,5,8,10,10,2,101,1,0,3,6,0,24,0,12,2,1,2,5,4,32,0,2,19,15,1,10,0,1,4,2,2,15,2,3,0,3,25,3,2,0,4,4,0,5,1,12,0,7,2,0,3,11,4,1,10,3,6,3,0,7,5,1,3,2,3,1,1,0,1,0,7,1,2,2,6,1,1,1,5,2,1,5,9,4,1,3,5,5,3
"COG3104",122,67,169,143,272,90,98,127,110,239,54,187,102,148,218,141,190,124,170,58,112,359,133,149,125,133,228,104,158,232,104,224,135,152,85,127,29,141,135,98,67,97,139,253,98,187,77,137,136,158,140,168,69,190,119,151,128,122,80,129,95,76,141,146,41,17,92,117,186,300,96,140,152,205,187,95,129,79,132,93,106,96,137,138,78,132,160,372,116,117,111,81,273,134,225,168,134,108,156,174
"COG3105",2,3,8,3,9,0,8,2,10,4,0,1,2,1,1,4,9,0,3,2,1,27,14,2,1,2,0,2,0,1,6,0,1,4,7,0,0,1,0,1,2,3,6,1,2,0,0,10,2,0,0,3,0,7,0,1,2,4,4,3,3,2,5,2,4,1,3,0,0,26,0,1,1,2,5,1,4,6,0,1,0,2,2,0,0,2,2,12,0,7,0,1,4,2,4,3,1,1,0,2
"COG3106",25,10,11,0,3,12,14,1,3,0,10,13,22,18,27,0,182,0,0,3,5,3,57,1,29,1,1,10,0,0,80,1,3,32,18,8,3,0,2,1,5,0,60,5,21,0,2,60,2,0,3,2,2,1,1,0,14,0,15,2,5,10,11,0,0,6,9,0,23,1,15,0,0,5,7,1,1,16,5,2,0,5,1,0,2,6,5,3,3,6,0,5,5,6,7,1,3,8,8,0
"COG3107",73,61,25,18,48,55,37,10,51,46,28,30,47,33,56,16,216,11,32,25,14,103,109,16,71,15,29,30,26,10,109,17,24,59,50,26,39,18,12,23,38,15,83,21,46,18,39,78,20,5,11,18,32,44,26,14,32,6,47,18,24,33,39,16,55,26,22,13,45,126,20,18,26,25,37,14,21,57,17,15,11,17,35,17,11,30,23,56,11,27,9,24,24,19,26,16,7,26,20,13
"COG3108",1,0,20,23,11,1,8,4,6,3,1,16,5,12,14,8,3,9,5,5,7,26,10,20,2,6,29,3,3,8,10,14,5,17,17,5,11,5,8,7,2,9,22,18,2,10,0,8,8,10,5,15,2,9,9,4,11,16,3,3,3,1,7,9,2,2,19,5,3,5,3,7,12,25,20,21,15,2,9,13,5,7,5,9,5,11,9,15,4,8,1,1,16,6,12,17,14,12,5,21
"COG3109",5,1,0,0,2,4,4,0,0,0,5,2,7,2,10,0,45,0,0,2,2,0,15,0,1,0,0,1,0,0,11,0,0,8,8,0,0,0,0,0,3,1,7,0,8,0,0,10,0,0,0,0,0,0,2,0,5,0,3,1,0,3,3,0,1,1,0,0,5,0,2,0,0,1,3,0,1,6,0,0,0,1,0,0,1,5,0,0,0,1,0,3,2,3,1,0,2,2,3,0
"COG3110",0,0,4,0,0,0,3,0,0,0,0,0,0,0,2,0,5,0,0,0,0,0,12,0,1,0,0,0,0,0,0,0,0,2,1,0,0,0,0,1,0,1,1,0,0,0,0,1,0,0,0,0,1,0,0,0,0,0,0,0,0,0,2,0,0,0,1,0,0,0,0,0,0,2,2,0,0,2,0,0,0,0,0,0,0,1,0,0,0,1,0,0,0,0,0,0,0,0,0,0
"COG3111",0,0,0,0,0,1,0,0,0,0,0,0,0,0,0,0,1,0,0,0,0,0,7,0,0,1,0,0,0,0,0,0,0,0,0,0,0,0,0,0,0,0,0,0,0,0,4,0,0,0,0,0,0,0,0,0,0,0,5,0,0,0,0,0,0,0,0,0,0,0,0,0,0,0,0,0,0,0,0,0,0,0,0,0,1,0,0,1,0,0,0,0,0,0,0,0,0,0,0,0
"COG3112",2,0,0,1,0,0,0,0,2,0,0,2,6,0,12,0,19,0,0,0,0,0,19,0,1,0,0,0,0,0,12,0,0,0,1,0,1,0,0,0,1,0,1,0,0,0,0,6,0,0,0,0,0,0,0,0,0,0,1,0,0,2,2,0,1,0,1,0,0,0,0,0,0,0,1,0,0,2,1,0,0,0,0,0,0,1,0,0,0,1,0,0,0,0,0,0,0,0,1,0
"COG3113",0,0,0,0,0,0,0,0,0,0,0,0,0,0,0,0,0,0,0,0,0,0,4,0,0,0,0,0,0,0,0,0,0,0,0,0,0,0,0,0,0,0,0,0,0,0,0,0,0,0,0,0,0,0,0,0,0,0,0,0,0,0,0,0,0,0,0,0,0,0,0,0,0,0,0,0,0,0,0,0,0,0,0,0,0,0,0,0,0,0,0,0,0,0,0,0,0,0,0,0
"COG3114",1,0,0,0,0,1,0,0,0,0,0,0,0,0,2,0,4,0,0,0,0,0,2,0,0,0,0,0,0,0,2,0,0,0,0,0,0,0,0,0,0,0,1,0,2,0,0,1,1,0,0,0,0,0,0,0,0,0,0,0,0,0,0,0,0,0,0,0,0,0,0,0,0,0,0,0,0,0,1,0,0,0,0,0,0,0,0,0,0,0,0,1,0,0,0,0,0,0,0,0
"COG3115",31,28,14,6,16,23,17,4,26,8,7,15,21,13,27,6,134,3,7,20,10,37,43,9,34,5,4,6,6,4,53,4,7,40,30,7,13,4,7,12,29,7,47,13,28,8,12,33,8,4,8,12,5,11,15,2,21,4,23,5,24,27,18,17,12,17,15,6,23,41,27,6,17,13,17,5,16,31,18,6,3,16,9,10,9,19,16,25,3,20,9,19,14,8,10,6,6,11,13,6
"COG3116",5,5,1,0,0,2,3,0,0,1,3,3,5,4,2,0,36,0,0,1,3,1,7,0,8,0,0,1,2,1,11,0,0,5,3,0,2,1,0,0,2,0,3,0,3,0,4,8,1,0,0,0,0,1,1,0,3,0,7,0,1,0,0,1,1,2,2,0,3,4,0,0,0,1,1,1,0,4,1,0,0,1,0,0,0,2,2,0,1,3,1,0,0,2,1,1,0,3,2,0
"COG3117",15,12,7,1,4,9,8,0,1,0,6,7,7,2,12,1,67,3,0,2,8,6,24,3,12,3,1,6,7,0,30,1,0,25,19,5,12,2,0,7,10,0,17,1,7,2,7,19,5,1,0,3,8,0,6,1,8,1,9,3,3,11,6,2,6,14,3,1,5,19,7,2,1,2,0,0,2,11,6,1,3,1,1,2,1,6,2,7,3,7,0,4,0,1,4,2,0,4,7,1
"COG3118",43,40,57,81,36,37,40,49,84,53,35,37,57,51,66,35,132,38,48,44,64,54,81,56,51,53,62,28,35,57,89,51,42,84,68,48,40,49,41,79,17,49,118,54,50,44,40,80,43,45,38,46,55,59,53,50,66,53,39,42,33,38,44,31,33,61,42,40,36,8,46,38,53,45,57,73,60,51,25,48,32,47,47,46,29,47,44,49,23,55,31,41,73,33,59,62,32,48,35,33
"COG3119",1627,2360,2429,1267,1372,1819,1064,1040,1728,2413,1115,1325,2034,1743,1390,1674,512,1190,1906,1764,2023,1387,3140,1535,1319,980,1876,1740,1983,1715,1346,1985,1468,4729,2803,1421,986,1730,1348,2715,2082,1214,1259,2350,2039,2064,1756,1518,2379,1211,1140,1697,2247,2190,1643,1185,874,1019,1667,1683,1708,2100,1741,1683,807,870,1160,1287,830,826,1714,1777,1865,2483,1596,2180,1186,1786,980,1581,1063,2212,1894,1478,947,1890,2156,2399,904,1979,777,1742,2123,1668,2123,1946,1556,1545,1854,1437
"COG3120",0,0,0,0,0,0,0,0,0,0,0,0,0,0,0,0,2,0,0,0,0,0,1,0,0,0,0,0,0,0,0,0,0,0,0,0,0,0,0,0,0,0,0,0,0,0,0,0,0,0,0,0,0,0,0,0,0,0,0,0,0,0,0,0,0,0,0,0,0,0,0,0,0,0,0,0,0,0,0,0,0,0,0,0,0,0,0,0,0,0,0,0,0,0,0,0,0,0,0,0
"COG3121",4,0,0,0,14,5,3,0,0,0,2,1,2,0,2,0,5,0,0,11,4,4,4,0,4,0,0,2,0,0,3,0,0,3,1,8,0,0,0,0,3,1,14,0,2,0,1,11,1,1,2,0,2,1,1,0,3,2,4,0,5,1,0,3,0,2,1,0,0,0,6,1,0,0,3,0,1,4,0,0,0,0,0,0,1,4,1,10,0,14,0,3,1,1,3,2,1,2,4,0
"COG3122",11,2,9,1,1,7,7,1,3,0,5,3,3,5,19,2,48,2,1,1,4,11,21,0,11,2,0,1,1,0,30,1,2,12,10,2,4,0,3,2,1,0,18,1,6,0,3,27,0,0,0,2,2,0,2,1,4,1,15,2,8,4,1,2,1,1,1,1,6,12,2,0,3,1,7,0,4,16,3,2,0,3,2,0,5,3,4,4,1,2,0,5,2,4,4,2,1,3,1,0
"COG3123",6,1,33,4,14,12,7,4,11,6,2,9,4,6,15,2,51,0,5,3,7,6,13,4,6,11,6,1,6,12,22,10,25,11,11,0,2,5,8,1,2,5,14,13,4,1,0,38,5,12,3,12,4,3,8,3,10,1,2,0,9,2,64,7,6,0,2,6,3,30,1,2,10,13,3,3,2,7,7,4,3,3,5,2,4,3,5,14,1,4,4,1,14,14,12,3,71,4,2,17
"COG3124",19,9,16,4,20,15,9,1,6,6,9,7,4,8,22,5,71,2,5,9,6,31,35,5,18,0,19,7,8,3,38,7,1,17,19,18,5,5,1,6,7,3,19,10,10,4,9,25,11,3,2,2,5,3,2,3,5,1,21,2,9,18,11,4,0,6,10,2,6,41,10,1,5,14,13,2,5,16,6,8,4,2,7,2,4,28,6,30,3,11,2,16,11,2,9,9,6,3,9,14
"COG3125",10,5,0,0,3,2,2,0,1,0,3,3,3,6,3,0,36,0,0,0,1,15,4,0,14,1,0,0,0,0,19,0,0,6,2,5,0,0,1,1,2,0,4,2,1,0,0,9,0,0,1,0,0,1,1,1,4,0,5,1,1,4,1,0,0,1,3,0,7,21,4,0,0,0,4,0,0,7,1,0,0,0,0,0,0,1,0,1,2,2,1,1,0,2,1,2,0,2,1,0
"COG3126",10,5,0,0,0,1,4,0,0,1,3,0,1,0,13,0,4,0,0,3,1,0,5,0,3,0,0,1,0,0,11,1,0,1,2,9,4,0,0,1,1,0,8,0,3,0,2,5,0,0,1,0,0,1,3,1,0,0,2,0,5,1,0,0,0,3,0,0,0,1,3,1,0,0,1,1,0,7,2,0,0,0,0,0,0,2,0,1,1,7,0,2,0,2,0,1,0,1,3,0
"COG3127",234,215,170,338,327,191,264,311,389,613,133,189,188,193,264,242,294,211,439,184,173,339,229,285,227,191,210,206,224,185,264,213,167,213,164,200,127,206,241,176,192,196,210,197,223,256,197,176,223,168,178,138,107,347,125,145,149,178,153,141,173,149,89,166,97,85,134,146,108,309,122,130,197,140,131,114,164,147,73,121,116,121,192,169,116,170,154,115,231,128,144,132,123,127,216,197,66,119,92,152
"COG3128",12,14,108,212,15,16,94,109,34,26,12,77,22,67,60,64,59,78,33,13,78,34,22,140,92,96,61,18,46,53,33,42,57,37,119,38,5,62,90,50,13,125,38,46,16,43,21,142,33,43,18,56,40,23,59,30,41,113,19,93,11,15,102,52,11,5,175,120,18,16,15,24,72,69,134,201,73,15,103,198,31,39,50,36,30,12,107,26,64,20,18,9,43,77,25,49,145,90,86,61
"COG3129",22,6,2,0,80,6,8,0,2,1,7,4,3,11,42,0,65,1,0,7,2,108,21,1,22,0,1,6,1,0,33,1,2,18,9,1,0,0,1,0,5,0,33,4,6,1,3,23,2,1,0,5,4,0,2,0,9,0,5,2,12,11,7,0,1,0,9,3,9,79,3,0,5,2,4,2,2,12,4,0,0,10,1,4,2,7,1,33,1,1,0,4,7,6,8,2,2,6,10,1
"COG3130",6,3,2,1,2,4,2,1,1,2,2,3,2,0,3,0,31,0,0,2,2,1,6,1,6,0,0,0,1,0,13,0,1,5,3,0,0,0,0,0,0,0,10,0,2,0,1,8,0,0,0,2,0,1,0,1,2,0,7,2,0,0,3,0,1,4,0,0,3,0,4,1,0,1,0,0,1,3,1,1,0,0,0,1,0,3,3,0,0,0,1,2,1,1,3,2,0,3,1,1
"COG3131",76,17,24,0,4,15,23,1,3,2,14,16,33,21,33,3,178,0,1,10,22,4,40,1,47,4,1,18,2,3,132,1,3,29,38,19,8,0,2,9,7,1,107,8,24,2,3,58,3,1,1,2,9,1,9,4,18,1,29,7,11,10,20,5,1,3,13,3,23,0,17,1,7,7,11,2,6,42,6,0,2,13,0,0,5,19,10,4,7,22,1,19,3,10,6,8,8,11,11,1
"COG3132",4,4,5,0,2,0,0,1,1,0,2,2,2,5,5,0,1,1,1,1,1,1,10,1,5,1,0,1,2,0,8,0,1,4,1,0,2,1,0,2,1,0,0,2,0,1,0,1,1,0,0,2,1,1,1,0,0,0,1,0,1,5,3,0,1,2,1,0,4,0,1,0,1,1,0,1,0,0,0,1,0,5,0,1,1,2,1,1,0,2,0,0,0,0,3,3,3,5,2,0
"COG3133",2,2,6,7,3,2,4,5,6,9,0,8,1,3,10,6,1,3,13,9,3,1,2,3,3,7,3,0,6,13,6,10,5,5,4,0,0,5,9,1,0,0,6,11,2,9,0,10,2,20,6,12,0,14,4,1,7,6,1,0,0,2,5,4,1,0,7,1,10,5,1,2,12,17,4,2,8,9,3,5,4,2,6,4,4,1,4,11,3,3,8,3,5,1,5,4,0,5,4,8
"COG3134",3,9,0,1,8,8,1,0,1,0,0,2,1,0,1,0,0,0,0,6,1,4,5,0,2,2,0,1,1,0,11,1,0,1,6,2,5,1,0,2,7,0,12,2,7,2,7,5,0,0,0,0,0,0,0,0,2,1,10,0,2,5,2,1,0,0,3,0,1,7,0,3,0,1,1,0,0,8,1,1,0,0,2,1,0,1,0,6,0,4,2,4,0,0,0,0,0,1,1,0
"COG3135",26,24,15,11,13,12,21,15,8,5,10,11,29,10,29,13,179,4,11,7,16,26,50,7,29,6,5,6,9,5,89,5,11,42,44,6,6,6,6,6,8,8,61,13,21,4,4,57,9,2,2,4,12,6,9,6,18,16,21,8,5,13,17,11,1,7,15,6,18,17,9,14,11,14,24,14,13,26,9,13,2,8,10,8,4,15,6,1,4,5,2,16,9,14,7,14,10,18,16,4
"COG3136",2,1,0,0,0,0,1,0,0,0,0,0,1,0,0,0,3,0,0,0,0,0,1,0,0,0,0,1,0,0,3,0,0,2,2,0,1,0,1,0,0,0,8,1,0,0,1,10,0,0,0,0,0,0,2,0,1,0,0,0,2,0,1,0,0,0,0,0,0,0,0,0,1,0,1,0,0,3,0,0,0,0,0,0,0,0,0,0,0,0,1,0,1,0,0,0,0,1,0,0
"COG3137",23,9,14,1,3,25,14,1,3,2,9,16,15,20,26,3,163,3,2,12,14,2,39,4,33,3,1,6,4,1,64,0,2,32,36,29,9,3,1,8,3,1,54,4,21,0,4,40,7,0,2,2,7,3,5,2,9,1,11,2,9,5,6,2,3,2,6,0,13,0,6,1,1,5,5,1,2,18,2,1,0,1,1,1,1,11,7,3,1,7,0,10,2,4,2,3,4,3,3,1
"COG3138",44,12,31,26,46,18,35,11,4,9,9,32,13,19,41,23,166,8,12,12,23,46,54,21,33,11,20,10,14,20,77,15,5,42,36,19,5,6,12,5,8,10,65,23,15,28,2,55,10,22,21,26,8,13,21,4,22,17,42,15,6,13,37,12,2,3,21,13,33,72,12,8,20,22,29,11,12,35,14,16,10,9,9,9,6,21,26,20,12,28,10,15,22,9,26,11,13,17,17,14
"COG3139",3,6,2,1,2,2,5,2,4,1,3,2,5,0,7,1,32,0,0,3,2,5,10,1,4,2,0,0,0,0,18,0,1,5,9,1,1,0,2,0,1,0,16,1,3,0,2,7,0,1,0,0,0,1,2,2,4,2,2,1,2,3,3,1,0,0,1,0,2,4,2,0,0,0,4,2,1,4,3,0,2,1,1,0,1,1,3,3,1,1,1,1,3,0,5,1,0,0,1,0
"COG3141",10,2,0,0,0,6,2,0,0,0,4,3,2,2,12,1,47,0,0,0,2,0,14,0,7,0,0,0,0,0,29,0,0,3,8,0,1,0,0,0,1,0,19,0,7,0,0,18,0,0,0,0,0,0,0,0,2,1,3,0,0,5,4,0,0,1,2,0,4,0,1,0,0,0,1,0,0,5,2,3,1,1,0,0,2,3,1,0,1,0,0,2,0,0,3,0,1,2,3,0
"COG3142",20,11,24,17,62,19,10,12,4,32,13,31,15,23,43,16,2,16,11,7,20,55,21,22,12,8,32,25,33,32,5,31,21,25,22,27,12,27,21,28,16,8,11,43,10,42,10,17,33,33,25,21,21,20,23,19,28,7,12,15,12,12,19,20,12,5,18,26,20,62,7,28,18,24,28,12,8,6,22,13,30,18,22,19,18,21,25,92,27,18,34,11,38,26,20,32,20,12,22,23
"COG3143",18,6,6,0,3,11,6,0,2,1,9,2,8,3,15,1,65,0,0,11,2,1,22,0,23,0,0,1,1,0,40,1,1,12,24,2,1,0,1,3,5,2,21,1,9,0,1,37,1,0,0,1,4,0,2,2,8,2,4,0,1,9,8,0,1,1,5,0,6,0,3,2,0,3,2,0,0,21,5,0,0,2,0,0,0,5,2,0,1,3,0,1,5,0,0,1,1,3,4,0
"COG3144",16,7,16,2,9,12,11,0,12,4,9,7,8,7,39,1,146,1,1,6,9,19,46,4,15,4,1,5,2,2,56,2,2,29,23,0,3,0,4,2,0,1,42,3,12,0,1,33,1,0,4,31,12,2,8,0,21,4,27,9,7,7,31,4,2,3,10,1,18,77,13,0,0,7,13,5,7,25,5,5,1,2,4,0,6,4,8,4,4,6,3,11,36,7,8,7,2,11,11,0
"COG3145",67,22,52,31,94,27,19,14,42,42,14,34,30,28,57,20,89,21,18,32,33,132,44,36,31,19,24,32,27,20,80,36,24,51,37,32,13,35,24,28,29,22,49,23,35,37,15,34,34,20,33,35,30,21,35,20,27,22,26,28,50,35,32,33,32,13,32,18,30,106,47,37,30,19,31,48,28,44,23,35,14,47,29,42,18,46,50,108,13,30,7,23,49,28,41,42,23,58,40,17
"COG3146",96,64,235,163,141,71,263,281,177,132,46,127,73,152,155,219,113,208,218,90,261,199,91,163,156,188,163,66,197,172,90,174,145,124,105,112,41,133,188,104,83,255,92,196,100,153,37,199,90,130,109,190,73,216,227,136,82,186,46,201,103,99,255,200,49,28,215,165,61,132,90,109,216,193,305,214,239,109,110,166,93,108,163,134,72,84,216,152,149,93,92,89,129,173,166,180,321,224,234,158
"COG3147",12,6,4,2,7,6,6,0,4,2,6,6,8,3,13,1,67,0,0,3,7,11,19,5,14,0,1,2,1,1,24,0,1,14,9,1,0,0,0,6,2,0,16,1,9,0,1,22,1,0,0,0,1,2,2,0,1,0,7,1,0,8,2,1,0,3,1,0,10,21,5,1,3,4,1,0,0,9,3,2,2,1,3,0,1,2,3,1,0,1,0,3,0,1,7,1,0,3,3,0
"COG3148",22,8,7,0,9,11,12,0,2,1,10,11,16,18,36,2,183,0,0,5,7,4,57,0,30,3,1,3,3,2,75,0,1,35,18,1,6,4,1,2,5,0,47,3,23,1,2,62,1,2,2,4,9,2,6,0,17,2,16,1,1,8,13,1,4,3,10,0,15,1,9,2,1,4,8,7,2,22,7,4,1,6,0,3,2,8,2,6,1,7,4,6,10,0,4,1,4,16,8,0
"COG3149",13,4,7,1,1,6,5,0,3,2,5,2,2,5,5,2,53,0,2,1,3,0,13,1,4,0,0,1,4,1,17,0,0,11,9,0,1,0,1,1,3,2,18,3,7,1,4,27,0,2,0,1,3,1,0,1,0,1,6,1,1,2,2,2,0,0,2,1,4,0,6,0,3,1,3,0,1,11,2,1,1,1,5,0,3,2,1,2,0,2,2,7,4,1,5,1,3,4,1,0
"COG3150",15,5,23,21,55,10,30,38,34,32,5,29,13,18,51,46,81,17,33,8,11,69,32,34,21,28,34,3,32,43,31,25,22,22,11,3,2,24,25,8,3,26,19,49,12,15,0,32,13,44,37,31,5,50,20,8,29,29,9,24,15,6,23,25,2,1,19,20,25,52,7,12,47,34,29,19,27,13,6,22,21,13,35,19,13,2,42,40,37,9,43,4,25,19,41,28,28,26,19,28
"COG3151",16,12,11,10,28,19,12,10,14,11,8,18,18,15,19,17,50,6,17,4,13,19,33,15,10,9,21,11,24,12,26,15,11,15,11,7,2,18,6,14,9,7,31,16,10,15,2,29,15,13,14,11,8,9,12,8,9,4,10,4,5,10,5,14,3,1,4,6,12,15,6,4,11,8,12,5,1,8,6,8,6,7,6,6,5,3,10,22,4,3,6,10,9,11,14,5,3,9,9,8
"COG3152",36,47,31,29,52,39,37,31,44,45,60,43,54,54,54,36,13,44,41,40,40,38,56,43,44,53,40,111,38,41,39,67,56,40,53,34,58,50,25,64,55,27,47,40,38,58,43,33,75,78,51,35,73,26,51,56,46,29,39,41,46,44,45,45,54,57,42,43,61,43,48,61,38,39,34,26,27,49,76,36,58,49,32,56,66,44,20,54,55,44,42,33,54,64,60,43,38,51,56,40
"COG3153",13,25,13,19,23,10,16,11,35,15,10,14,10,11,16,13,1,4,13,15,5,26,31,19,10,12,16,17,14,18,14,16,8,15,8,30,8,13,12,26,17,13,49,12,11,15,14,8,20,10,6,10,17,16,12,6,8,15,18,11,17,11,12,17,7,12,12,8,8,8,15,10,22,13,25,19,19,22,5,7,7,10,15,8,3,27,9,17,8,25,19,16,17,7,29,20,12,5,6,15
"COG3154",0,4,8,0,0,0,1,0,0,0,9,2,2,0,1,1,48,0,1,0,1,0,14,0,1,0,1,0,0,0,3,0,0,4,1,0,16,0,0,0,2,0,6,1,0,0,11,7,0,0,1,0,0,1,1,0,2,0,13,0,1,1,2,0,1,16,0,1,0,0,0,0,1,0,1,0,0,4,1,0,0,0,0,0,0,0,1,1,0,3,0,0,0,0,1,0,4,1,0,0
"COG3155",25,55,10,2,0,31,17,7,8,2,91,18,25,18,12,7,89,7,13,25,9,1,41,2,27,5,3,28,3,4,59,1,6,26,14,12,60,7,9,5,34,3,40,3,34,6,54,27,10,11,4,7,25,6,11,10,16,9,78,2,35,28,20,4,16,45,15,2,22,0,32,7,12,8,12,3,6,30,9,4,7,6,5,3,11,22,4,4,8,24,7,28,8,6,4,5,7,7,18,5
"COG3156",42,16,38,61,67,38,45,51,57,58,19,42,15,38,52,43,113,28,73,35,34,92,52,43,57,48,51,15,58,41,65,39,32,30,22,26,11,35,39,22,23,34,48,55,29,40,14,38,26,51,52,42,12,100,38,32,52,35,30,40,31,23,36,56,5,12,45,45,28,74,25,40,64,53,41,36,39,37,15,22,35,23,50,29,19,26,72,67,39,31,36,22,38,36,64,54,28,32,29,41
"COG3157",6,4,14,1,2,1,8,1,1,2,1,1,4,1,7,0,6,1,0,4,2,6,14,0,1,1,1,3,5,1,14,0,1,6,8,3,1,1,4,1,2,0,17,1,0,1,2,10,0,0,0,1,5,0,2,0,1,3,9,1,3,2,4,1,0,0,0,0,2,2,1,0,2,0,5,1,1,7,0,0,0,1,4,1,2,6,0,1,1,6,2,5,2,1,3,3,1,2,4,0
"COG3158",15,6,8,3,9,7,4,0,1,0,2,5,1,3,17,2,1,0,1,7,3,3,3,5,3,1,3,5,1,0,10,8,3,4,7,44,3,5,0,4,4,2,46,3,6,4,1,15,6,0,0,0,9,0,2,2,0,3,3,2,10,3,9,1,0,2,3,0,3,10,14,1,1,3,5,0,4,8,1,6,0,0,0,0,10,19,1,11,5,19,1,5,2,2,2,5,10,8,2,4
"COG3159",40,25,43,43,46,30,31,56,51,48,33,40,34,31,55,37,90,23,61,29,25,36,56,45,27,35,37,35,55,31,45,30,26,46,33,20,22,23,22,24,28,22,40,42,37,36,35,36,32,26,33,48,18,71,37,16,29,20,32,19,11,18,40,32,34,25,34,23,40,38,20,13,59,36,21,14,24,24,27,25,23,16,40,28,18,22,30,57,42,19,26,25,26,16,51,30,22,27,38,27
"COG3160",14,2,5,0,15,7,8,0,3,5,4,8,4,9,21,0,63,0,0,3,2,41,22,1,14,1,0,3,2,0,34,0,0,15,12,3,3,0,2,2,3,0,25,5,13,0,2,27,0,0,0,1,2,2,1,0,7,1,8,3,0,2,7,2,3,1,4,0,8,41,5,1,1,0,2,0,0,13,1,1,0,3,1,0,0,0,3,3,0,2,2,1,0,1,2,0,1,4,3,0
"COG3161",20,36,17,3,52,38,10,23,14,28,8,18,10,14,40,10,89,10,15,14,13,69,26,8,28,18,17,7,18,20,31,20,7,26,10,13,12,14,10,7,19,11,32,26,20,27,15,28,11,24,24,23,8,23,11,2,11,17,21,13,14,12,15,18,11,16,16,10,22,75,8,12,20,22,22,4,13,12,9,5,8,7,18,11,2,8,23,48,10,16,17,9,14,9,24,13,14,13,13,19
"COG3162",1,1,0,0,0,0,0,0,0,1,1,0,2,0,1,0,0,0,0,2,0,0,2,0,1,0,0,0,0,0,1,0,0,1,2,4,2,1,0,0,1,0,4,0,0,1,1,5,1,0,0,0,1,0,0,1,0,1,3,0,1,0,0,2,0,0,0,0,0,0,2,0,0,0,0,0,0,3,0,0,0,0,0,0,1,1,0,0,0,1,0,0,0,0,0,0,0,1,0,0
"COG3164",135,134,66,72,164,139,89,28,75,59,49,71,105,83,124,30,584,40,29,64,59,195,167,74,132,36,37,69,64,23,246,84,39,167,94,37,59,63,46,64,92,33,168,50,98,76,84,173,76,26,60,44,50,28,75,43,67,39,95,41,46,97,52,40,67,56,40,42,91,297,54,51,71,39,67,32,46,94,61,53,55,46,47,59,44,68,65,176,45,68,29,59,50,39,74,44,28,61,63,23
"COG3165",22,17,17,5,28,28,10,2,12,38,15,11,21,8,23,2,74,2,8,24,7,40,24,9,24,4,3,8,6,3,44,6,5,23,13,5,13,2,2,8,22,7,27,4,23,7,15,19,4,4,9,4,10,8,9,4,1,0,23,1,13,20,3,9,12,8,10,2,9,59,17,5,8,2,14,6,7,20,11,3,5,7,4,2,3,15,6,13,3,12,0,15,3,7,6,4,3,6,6,3
"COG3166",14,10,5,1,3,8,9,2,3,0,8,5,14,1,15,3,64,1,2,5,2,9,19,3,12,2,0,3,2,1,34,2,2,21,12,7,8,0,0,6,9,2,23,3,12,2,4,26,5,1,0,4,11,1,2,1,9,1,23,4,9,9,6,0,6,8,1,1,10,21,8,1,2,1,2,0,1,17,3,2,2,3,3,0,0,9,3,9,1,5,1,5,4,1,4,3,2,6,4,3
"COG3167",12,17,10,0,2,15,5,0,4,0,12,4,8,5,20,1,87,1,0,7,4,2,25,0,22,2,0,7,0,1,46,2,3,21,11,3,9,0,1,0,8,1,28,1,16,3,10,31,1,0,2,3,4,0,5,4,6,2,22,3,12,10,9,1,4,11,5,0,12,12,1,2,0,3,2,0,0,18,2,3,2,6,2,3,3,3,1,9,2,11,3,10,5,2,4,2,1,3,4,0
"COG3168",18,13,5,0,3,9,6,0,3,0,6,5,11,5,8,1,64,0,1,13,7,2,30,0,13,1,0,3,1,0,38,0,2,21,9,0,7,2,1,4,10,3,17,3,11,0,8,21,4,2,2,1,9,1,4,1,4,1,21,0,6,13,3,1,4,4,4,1,10,3,5,3,1,0,6,0,1,12,5,0,0,1,0,0,0,3,1,11,4,5,0,8,2,1,1,1,0,4,2,0
"COG3169",2,1,2,0,0,2,3,1,0,0,0,0,0,1,0,0,2,0,0,6,0,0,3,0,0,0,0,3,0,0,2,0,0,2,0,5,0,0,1,0,0,0,7,1,4,0,0,4,0,0,0,0,0,0,0,4,0,0,2,0,3,0,0,0,0,0,1,0,1,1,1,1,0,0,1,1,0,2,0,0,0,0,0,0,4,4,0,0,0,0,0,2,2,1,0,2,0,0,0,1
"COG3170",48,28,18,20,14,19,25,5,22,5,32,23,39,34,60,5,246,2,10,7,5,4,66,19,52,15,7,21,12,7,107,4,2,45,52,4,17,5,3,5,12,8,76,7,33,5,16,69,9,5,4,4,11,11,12,6,14,6,37,4,3,17,18,7,12,27,22,9,31,1,16,9,6,7,15,7,1,39,18,22,7,13,13,4,4,15,33,14,14,10,7,12,7,14,24,19,5,20,12,15
"COG3171",3,0,0,0,0,0,0,0,0,0,0,0,1,0,0,0,1,0,0,1,0,0,2,0,0,0,0,2,0,0,3,0,0,1,1,0,0,0,0,0,0,0,3,0,1,0,2,3,0,0,1,0,0,0,0,0,0,0,0,0,0,0,0,0,0,0,2,0,0,0,0,0,0,0,0,0,0,2,0,0,0,0,0,0,0,0,0,0,0,0,1,0,0,0,0,0,1,0,1,0
"COG3172",19,16,11,11,47,14,23,3,13,28,3,20,9,12,30,17,4,8,15,12,14,41,21,10,9,6,35,8,24,30,12,35,17,12,4,4,11,27,12,11,10,6,16,40,11,27,13,14,19,19,13,15,12,18,17,23,5,9,7,14,27,15,18,21,2,6,14,21,12,51,5,16,22,12,17,5,6,10,10,6,11,9,20,10,9,17,12,61,11,13,12,10,44,13,26,25,18,14,23,16
"COG3173",216,136,183,245,175,193,187,243,172,279,128,219,185,209,180,209,127,224,245,168,208,249,172,262,179,239,287,178,253,241,198,259,234,204,168,209,117,207,212,239,188,206,197,237,220,224,129,176,225,259,254,238,177,265,204,209,259,217,157,198,203,204,136,233,186,110,198,216,255,216,197,250,240,239,202,201,212,199,219,202,236,188,207,244,204,172,265,252,208,223,284,173,216,195,254,208,114,179,190,228
"COG3174",1,4,11,0,0,2,4,0,0,0,2,4,6,1,4,0,7,0,0,6,4,0,8,0,5,1,0,3,0,1,10,0,1,7,8,8,7,0,0,0,1,0,24,2,3,0,2,15,1,1,0,0,3,3,1,1,5,0,7,0,6,0,8,0,3,2,1,0,1,0,2,2,0,0,6,0,1,13,1,0,0,2,0,0,0,13,0,0,1,9,0,0,2,3,0,0,2,0,1,1
"COG3175",43,67,55,167,166,70,96,124,170,238,32,108,43,101,161,149,80,104,185,43,79,182,49,155,78,111,170,57,143,126,73,114,106,61,50,66,37,116,116,87,66,102,66,147,60,125,39,63,110,145,159,132,51,208,91,85,128,156,40,125,52,39,61,116,76,47,99,118,106,208,33,83,172,151,95,86,108,53,65,137,98,78,136,117,103,44,124,109,139,61,178,45,112,87,192,135,63,107,80,141
"COG3176",75,44,131,172,89,43,99,118,442,313,29,110,50,141,151,117,192,89,141,41,98,116,105,137,100,91,135,61,158,104,145,100,99,107,103,63,14,120,112,92,56,85,145,157,60,98,14,78,111,73,97,118,53,152,75,116,103,121,49,119,57,34,92,176,39,16,97,100,99,130,48,121,126,147,132,144,121,45,88,118,90,92,313,110,79,87,126,174,82,58,84,62,120,88,241,246,57,96,96,140
"COG3177",42,40,39,2,13,17,21,6,16,8,65,12,30,14,33,7,177,1,5,30,12,9,86,3,32,15,5,25,8,14,121,4,11,60,43,42,75,2,14,6,15,2,81,7,20,6,34,89,3,15,6,9,21,16,15,18,20,8,72,13,18,28,16,12,12,42,20,1,14,4,23,4,3,1,22,2,7,50,15,4,5,13,1,7,10,59,11,19,7,29,13,21,20,10,14,5,12,6,7,4
"COG3178",116,152,86,262,201,149,161,205,252,170,111,150,148,182,252,172,22,211,275,148,125,235,97,282,120,195,207,141,203,176,124,175,194,112,118,117,132,211,194,142,141,148,122,203,128,192,151,89,166,211,272,167,147,282,152,185,220,244,136,174,154,151,78,253,193,142,189,201,122,219,133,216,251,200,112,133,216,118,146,219,244,85,211,210,152,106,191,164,293,124,224,133,140,166,111,188,82,177,124,180
"COG3179",3,2,9,87,11,0,4,10,24,15,0,13,3,3,9,5,2,4,2,2,7,8,5,86,9,13,26,3,2,14,8,9,1,4,13,5,0,2,13,3,0,9,6,9,4,3,0,4,3,12,2,15,3,0,2,14,3,14,0,18,3,3,8,9,0,1,13,20,0,1,3,4,13,29,11,81,19,7,0,88,1,11,11,7,4,3,41,59,3,7,6,3,18,0,36,10,20,0,1,49
"COG3180",39,61,28,164,70,22,91,98,196,162,54,79,49,93,154,101,8,100,124,41,84,70,33,166,61,74,109,39,86,69,41,74,95,41,56,33,88,96,97,55,39,96,49,94,27,61,76,45,91,73,106,58,62,132,49,78,80,105,54,106,41,36,40,99,56,100,114,102,80,84,30,98,130,75,100,115,129,44,76,155,94,53,149,103,98,37,108,48,116,41,102,34,57,84,129,118,30,78,39,94
"COG3181",256,166,71,327,197,198,177,212,325,323,206,173,115,168,216,191,23,184,286,312,152,276,125,306,200,185,237,166,176,156,187,154,134,102,138,229,160,167,173,192,216,177,205,169,274,183,165,62,170,139,199,160,103,265,99,190,105,250,220,190,329,301,72,195,94,174,177,217,156,219,279,172,224,180,184,235,257,294,162,241,162,167,262,184,220,259,209,222,162,276,138,339,142,127,414,197,76,138,102,218
"COG3182",171,41,61,16,19,105,75,5,13,2,45,58,88,65,111,1,645,6,6,42,43,40,222,16,145,18,12,48,5,20,354,4,21,209,126,180,16,9,17,20,37,4,280,23,82,14,17,250,19,17,5,35,34,4,32,19,54,11,61,7,57,50,76,11,11,25,44,8,80,24,87,4,6,31,39,15,4,110,21,26,12,23,4,13,25,144,30,8,20,111,8,62,49,54,36,15,26,35,38,8
"COG3183",3,7,1,3,6,6,0,4,3,3,25,2,6,1,3,1,31,2,3,7,9,6,5,4,3,4,0,4,2,4,10,6,0,7,3,6,14,0,0,5,3,2,4,2,2,3,11,3,3,1,1,2,4,6,3,4,4,4,16,5,5,6,3,6,2,23,4,3,2,4,2,3,3,2,1,5,2,8,4,3,7,1,4,2,5,2,2,5,1,2,1,3,0,1,4,3,1,3,3,1
"COG3184",4,2,4,0,0,2,0,0,0,0,0,1,7,7,6,0,31,0,0,1,0,0,10,0,3,0,0,1,0,1,12,0,0,5,6,2,0,0,0,0,1,0,7,3,1,0,0,11,0,0,0,1,1,0,0,0,3,0,3,0,1,2,2,0,0,0,0,0,7,0,1,0,0,0,0,0,0,1,0,0,0,0,0,0,1,2,0,0,0,2,0,0,4,0,0,0,1,2,1,0
"COG3185",96,102,67,78,102,88,57,17,25,8,83,49,52,50,72,21,98,34,18,43,51,121,85,59,53,26,46,77,31,46,98,38,33,83,61,88,50,24,24,46,83,20,101,43,68,22,47,85,53,48,29,38,56,18,55,67,62,49,51,35,75,53,73,24,37,55,40,44,53,114,71,38,26,41,49,52,21,70,51,58,42,40,24,50,34,95,43,106,22,89,33,84,70,45,46,77,51,35,57,53
"COG3186",73,74,76,29,44,53,37,14,11,9,34,43,65,32,56,25,92,36,3,33,48,102,79,25,37,16,25,66,23,74,85,41,67,63,45,80,25,30,20,47,75,13,69,45,49,26,20,73,53,98,63,47,55,8,41,45,84,14,30,17,75,37,76,28,58,25,26,17,62,134,49,42,20,23,19,20,14,42,57,21,52,26,20,38,32,71,19,61,19,68,47,53,96,61,23,27,50,22,51,47
"COG3187",17,8,12,0,7,13,14,0,0,0,8,8,6,10,6,0,53,0,1,11,4,7,15,2,19,2,0,7,0,0,44,2,1,13,16,8,3,1,0,3,5,0,43,3,16,3,2,34,0,1,0,1,4,0,4,0,6,1,14,2,2,9,6,0,3,1,4,0,7,0,11,0,1,3,5,0,1,23,2,1,1,0,1,0,1,13,0,0,5,15,0,3,1,5,5,1,1,3,5,1
"COG3188",24,2,3,1,50,9,1,1,1,0,2,0,5,0,16,0,10,0,0,28,9,13,25,0,11,2,0,10,0,1,22,1,1,5,10,43,2,0,0,0,6,1,39,0,1,1,0,25,1,1,1,0,0,1,2,1,2,1,3,0,15,1,2,1,0,3,5,1,1,3,20,0,0,2,4,1,0,25,1,0,0,0,0,0,4,21,2,17,1,39,1,11,1,5,0,3,0,1,6,0
"COG3189",4,0,1,0,0,0,2,0,0,0,0,0,1,1,0,0,1,0,0,0,0,0,3,0,3,1,0,0,0,1,4,0,0,4,2,4,1,0,0,2,0,0,4,0,0,0,0,2,0,0,1,1,2,1,0,0,1,0,4,1,2,1,0,0,0,1,0,0,0,0,1,0,0,0,1,0,0,2,1,0,0,2,0,0,0,1,1,0,0,0,0,3,1,1,1,0,0,0,0,0
"COG3190",7,1,1,0,2,2,8,0,1,0,0,0,2,0,9,1,29,0,1,1,1,0,9,0,3,1,0,1,0,0,10,0,0,7,2,0,0,0,1,0,1,0,3,1,2,0,0,12,0,0,0,0,0,0,1,1,0,0,3,0,0,3,2,0,0,0,0,0,0,1,0,0,1,0,2,0,0,6,1,0,0,0,0,0,1,1,0,0,0,1,0,1,0,0,0,0,0,1,1,0
"COG3191",88,104,41,41,47,74,25,35,52,28,112,47,86,44,22,24,69,40,27,69,60,75,109,32,54,40,39,112,35,48,73,45,58,74,42,102,107,38,28,86,96,43,61,40,107,43,100,40,69,50,51,36,105,35,42,45,73,32,119,29,108,110,39,29,103,88,23,34,84,66,86,72,30,50,37,43,36,79,57,32,61,61,26,35,67,82,38,48,24,116,46,109,51,48,41,45,34,51,56,39
"COG3192",0,0,0,0,0,0,0,0,0,0,0,0,0,0,0,0,0,0,0,0,0,0,0,0,0,0,0,0,0,0,1,0,0,0,0,0,0,0,0,0,0,0,0,0,0,0,0,0,0,0,0,0,1,0,0,0,0,0,0,0,2,1,0,0,0,0,0,0,0,0,1,0,0,0,0,0,0,2,0,0,0,0,0,0,0,0,0,0,0,0,0,0,0,0,0,0,0,0,0,0
"COG3193",14,8,4,30,27,17,13,19,18,16,14,4,24,7,9,7,29,10,7,34,23,34,45,23,17,8,7,25,13,7,27,9,5,24,20,13,12,10,14,36,20,12,39,8,34,1,9,20,21,6,4,7,17,7,6,15,16,10,18,16,19,43,9,19,20,13,15,9,12,14,25,11,33,15,16,19,19,48,7,16,21,17,11,14,35,33,20,29,2,23,6,42,7,23,11,20,7,19,6,8
"COG3194",39,61,17,78,56,42,24,32,27,8,29,45,44,31,55,21,8,32,9,58,32,40,21,61,28,30,53,47,27,46,26,41,56,28,26,39,42,51,26,43,53,32,40,53,53,53,52,16,51,41,46,45,76,19,29,39,49,42,37,40,58,41,25,24,70,62,24,41,25,14,55,49,31,45,31,44,42,37,56,50,36,34,17,41,36,32,43,39,30,35,62,37,32,37,27,56,14,42,24,40
"COG3195",58,45,23,98,96,69,35,42,39,11,29,56,27,42,47,30,3,53,22,77,26,73,31,88,34,44,63,57,12,41,56,69,68,26,31,61,58,51,42,46,62,35,55,56,81,57,68,17,66,34,54,37,59,31,38,43,62,56,50,65,79,72,31,25,73,62,41,47,24,49,67,53,54,68,39,62,63,51,83,69,42,25,18,59,43,34,54,69,31,61,51,60,37,52,34,43,24,45,38,53
"COG3196",0,0,0,0,0,0,0,0,0,0,4,0,0,0,0,0,0,0,0,0,0,0,1,0,0,0,0,0,0,0,0,0,0,0,0,1,0,0,0,0,0,0,0,0,0,0,0,0,0,0,0,0,0,0,0,0,0,0,0,0,0,0,0,0,0,0,0,0,0,0,0,0,0,0,0,0,0,1,0,0,0,0,0,0,0,0,0,0,0,0,0,0,0,0,0,0,0,0,0,0
"COG3197",1,0,1,0,0,0,0,0,0,0,2,0,0,0,3,0,1,0,0,0,0,0,2,0,1,0,0,0,0,0,1,0,0,0,0,0,0,0,0,0,0,0,0,0,0,0,2,0,1,0,0,0,0,0,0,0,0,0,4,0,1,0,0,0,0,2,0,0,0,0,0,1,0,0,1,0,0,0,0,0,0,1,0,0,0,0,0,1,0,0,0,0,0,0,0,0,0,0,1,0
"COG3198",5,0,3,0,0,1,2,0,0,1,3,3,4,6,9,0,43,0,0,5,2,0,19,0,10,1,0,2,1,0,29,0,1,10,11,0,0,0,0,1,2,1,21,2,6,0,3,18,1,0,0,1,4,0,1,1,4,1,7,0,1,8,7,1,0,3,2,2,7,0,4,0,2,2,3,1,0,8,5,0,0,1,0,0,1,3,2,1,1,1,0,0,3,1,1,2,3,3,3,0
"COG3199",61,57,26,23,41,58,20,11,14,4,38,59,64,48,24,19,104,43,11,44,65,21,87,29,47,40,26,97,29,41,98,41,45,78,69,32,53,37,25,99,68,30,63,13,68,44,52,56,57,36,42,32,103,10,71,44,62,14,59,35,44,77,63,33,41,40,35,37,70,13,79,54,18,27,27,34,17,64,63,27,44,96,6,52,55,44,29,22,19,57,68,52,60,25,14,13,26,23,60,17
"COG3200",156,177,109,294,186,170,220,244,316,241,155,233,211,236,230,257,135,276,292,188,221,148,115,287,195,274,261,179,208,220,150,254,274,141,210,167,220,274,250,173,164,218,170,260,173,259,221,140,251,267,322,261,182,318,217,259,301,283,117,252,171,203,118,248,261,276,256,287,309,172,172,271,277,228,148,216,268,135,290,274,335,250,315,306,358,147,211,115,344,160,354,160,189,249,332,229,108,214,144,278
"COG3201",30,17,33,23,99,31,38,19,28,76,10,53,28,31,67,35,65,28,25,9,32,136,31,27,27,30,61,14,40,49,23,61,48,36,17,21,7,44,44,22,13,22,23,70,19,62,12,44,41,67,53,27,18,42,47,36,49,17,10,23,34,17,38,47,11,4,33,30,28,108,10,44,51,51,46,17,25,18,30,24,42,17,52,36,16,32,34,120,24,23,35,19,62,32,45,50,40,37,42,45
"COG3202",53,74,39,63,108,52,31,43,38,80,96,81,47,43,88,42,5,47,56,37,64,121,46,47,30,66,64,76,62,89,23,81,61,53,66,53,120,57,41,46,63,55,43,91,39,62,104,48,80,104,72,77,62,76,69,56,106,53,120,34,50,59,29,67,56,91,49,40,78,143,44,84,62,70,45,40,42,40,74,47,73,78,50,71,40,68,76,115,61,56,80,49,75,44,74,51,44,68,79,47
"COG3203",28,7,23,32,44,8,12,27,12,9,4,27,8,14,44,6,29,22,27,3,15,19,66,21,8,36,34,1,10,22,21,21,29,13,5,5,4,14,15,8,5,5,11,26,5,28,2,18,12,30,38,26,10,28,22,8,23,17,8,5,2,8,7,6,8,2,17,14,22,5,1,9,8,23,12,9,13,5,22,9,17,14,8,21,13,2,20,31,13,5,15,1,20,14,5,4,10,28,32,15
"COG3204",35,34,88,8,82,25,60,29,28,54,41,87,51,63,39,44,130,35,53,16,44,25,50,13,61,39,68,27,63,95,87,39,38,74,71,21,37,35,51,25,31,22,84,99,27,39,18,75,35,61,61,58,31,66,52,85,70,33,19,17,9,18,81,49,16,29,36,32,106,21,23,47,33,54,40,26,26,26,24,21,55,59,60,40,53,39,20,70,46,38,53,18,217,61,69,66,70,60,95,67
"COG3205",10,2,4,0,1,2,7,0,0,1,5,4,5,2,2,1,35,0,0,1,3,0,12,0,12,0,0,3,0,0,14,0,0,8,8,1,3,1,0,0,1,0,17,0,6,0,1,7,0,0,0,0,1,0,0,0,4,0,8,0,1,4,5,0,0,1,4,0,2,0,4,0,0,2,2,0,0,9,1,0,0,0,0,0,0,4,0,0,1,1,0,1,0,0,3,0,0,1,4,0
"COG3206",181,107,221,96,168,76,132,125,44,95,169,101,105,97,137,94,459,76,105,88,88,97,208,83,167,91,126,111,92,129,228,50,87,179,166,148,120,68,107,67,86,72,264,154,101,63,78,252,61,118,78,112,67,140,90,104,170,61,130,75,134,88,239,93,61,95,103,66,111,123,131,79,100,129,109,66,77,104,62,66,80,52,78,57,68,128,115,189,98,119,88,102,143,107,82,68,161,83,122,93
"COG3207",1,0,0,0,0,0,1,0,0,0,0,0,0,0,0,0,0,0,0,0,0,0,1,0,0,0,0,0,0,0,0,0,0,0,1,0,0,0,0,0,0,0,0,0,0,0,1,0,0,0,0,0,0,0,0,0,0,0,0,0,0,0,0,0,0,0,0,0,0,0,0,0,0,0,0,0,0,0,0,0,0,0,0,0,0,0,0,0,0,0,0,0,0,0,0,0,0,0,0,0
"COG3208",1,0,6,0,1,4,6,4,4,0,0,23,2,4,8,1,5,3,4,0,8,3,9,3,4,2,9,0,0,11,16,10,3,4,12,5,1,10,4,9,2,9,17,3,3,3,1,3,8,2,1,6,2,2,5,9,1,1,1,5,0,3,7,1,0,2,3,2,2,2,0,4,0,15,9,6,6,2,13,5,1,18,1,5,1,3,1,4,1,6,0,5,17,8,7,0,5,22,11,8
"COG3209",49,12,125,0,11,27,29,6,2,14,38,28,42,32,55,11,314,1,6,38,18,22,166,4,103,6,7,28,15,66,192,3,10,80,48,178,23,6,47,4,19,4,119,13,41,4,23,91,2,10,18,28,24,7,16,26,23,5,26,16,22,24,64,11,20,15,7,3,60,7,53,5,8,12,21,7,2,35,14,3,2,11,4,12,9,102,19,8,10,59,9,20,66,34,33,9,35,13,19,3
"COG3210",20,38,115,28,11,45,32,29,46,41,30,16,29,30,22,48,15,30,44,37,58,30,62,17,23,17,23,29,27,35,43,22,31,178,72,39,22,29,27,35,41,31,48,29,43,20,30,54,35,8,10,53,48,57,33,31,6,26,48,54,25,48,80,30,43,10,28,21,24,16,27,42,20,40,57,32,38,48,14,39,11,56,44,36,14,32,34,15,24,50,7,20,77,30,35,34,37,36,27,20
"COG3211",148,89,57,24,16,101,84,16,120,88,52,57,93,107,55,67,326,40,9,107,78,6,184,21,76,39,26,180,153,40,191,33,37,143,125,100,48,91,29,153,98,125,199,21,141,50,56,136,88,43,43,44,174,10,68,177,77,15,98,50,143,126,59,132,71,45,71,34,72,12,124,120,48,30,60,26,46,110,53,33,67,64,166,54,50,91,69,45,51,99,44,113,62,59,82,229,26,46,71,25
"COG3212",3,0,0,0,1,0,2,0,0,0,0,0,0,1,2,0,2,0,0,0,0,0,8,0,0,1,0,4,0,0,11,0,0,6,1,1,0,1,0,0,0,0,7,0,0,0,0,8,0,0,1,0,0,0,0,0,0,0,0,0,0,0,0,0,0,0,2,0,1,0,0,0,0,0,2,0,1,6,0,0,0,0,0,0,0,0,0,0,0,0,1,0,0,0,0,0,2,0,1,0
"COG3213",24,96,17,6,1,41,6,1,4,2,53,2,13,3,22,1,73,0,0,6,1,0,34,4,16,4,1,5,3,0,34,0,1,9,7,15,68,0,2,2,21,1,29,6,3,0,89,23,0,1,1,1,6,0,3,1,6,1,55,1,7,3,6,0,1,81,6,1,2,0,4,2,3,2,5,4,2,20,4,0,1,5,0,0,4,5,8,11,1,8,2,6,6,0,0,2,2,2,5,1
"COG3214",21,19,13,6,8,20,9,10,12,3,27,5,24,8,5,8,4,7,4,20,11,9,24,7,16,4,2,18,7,2,21,8,7,31,34,35,29,6,5,33,30,9,43,4,21,8,26,7,14,5,6,11,41,3,12,13,19,11,26,4,15,28,8,15,20,22,3,6,16,2,30,9,11,4,5,9,5,41,17,4,9,13,4,6,13,18,5,10,5,35,8,27,21,5,9,9,4,3,15,2
"COG3215",6,2,4,0,0,1,5,0,2,0,3,1,4,0,8,0,6,0,1,5,0,0,3,0,2,1,0,0,0,1,10,0,0,5,1,1,1,2,0,5,3,0,6,0,2,0,1,6,1,0,0,0,3,0,0,1,1,1,6,0,4,2,3,1,0,2,3,0,1,0,0,5,0,0,1,0,1,6,0,0,2,0,1,0,1,1,1,4,3,0,2,0,2,1,3,2,1,2,1,0
"COG3216",13,37,97,55,63,18,68,56,53,15,24,45,13,36,41,69,60,57,47,16,61,47,31,48,42,38,45,2,56,46,48,33,32,37,26,33,41,51,61,24,17,76,40,50,16,38,27,74,33,23,19,43,13,29,66,40,20,58,22,49,21,8,116,65,9,29,50,38,16,54,21,34,43,54,97,75,65,17,31,56,17,41,41,18,11,21,52,49,23,23,9,16,38,49,35,49,104,65,60,38
"COG3217",45,71,28,82,89,62,39,24,55,35,41,46,55,44,76,35,14,38,38,73,66,96,37,71,38,47,58,53,36,45,35,85,86,49,53,52,50,53,35,54,77,42,30,49,55,68,93,29,72,27,57,49,58,33,52,44,62,28,36,38,62,67,30,31,54,56,43,38,32,92,68,60,67,64,49,50,62,71,89,63,60,44,44,59,67,48,43,75,29,58,38,62,55,46,46,68,29,70,47,51
"COG3218",4,4,4,0,0,2,5,0,0,1,2,0,4,1,2,0,3,0,1,4,1,0,6,0,2,0,0,3,0,0,14,1,0,6,3,9,3,0,0,3,2,0,19,0,2,1,1,15,0,0,1,0,2,1,1,1,2,0,6,1,2,1,3,2,2,2,5,0,1,1,9,3,3,0,6,0,0,9,1,0,0,4,0,0,0,3,1,1,1,3,0,1,1,0,0,0,0,5,0,0
"COG3219",11,6,6,0,0,8,3,0,2,0,3,1,7,7,16,1,47,0,0,2,3,1,12,0,17,0,0,3,0,1,18,0,1,7,6,0,0,1,2,0,1,0,14,1,4,0,1,19,0,0,1,2,4,1,4,4,6,1,9,0,0,8,6,0,7,2,1,0,8,11,4,1,2,1,4,0,0,8,2,1,0,1,1,0,0,3,2,0,1,3,0,3,3,1,4,2,0,4,7,0
"COG3220",9,16,17,2,7,12,19,2,6,2,6,6,12,18,24,3,96,4,0,6,6,6,37,1,25,4,3,10,1,7,77,1,3,33,16,8,7,3,6,10,6,1,58,5,20,2,8,34,4,1,4,6,10,1,6,13,13,1,18,4,5,12,18,1,9,6,14,2,5,14,6,5,4,1,3,1,0,23,7,3,2,3,3,5,2,13,2,8,2,11,2,11,6,2,6,12,6,10,15,1
"COG3221",172,137,182,115,114,161,174,171,251,277,125,116,79,134,77,146,129,166,70,201,159,116,126,89,164,154,106,156,244,131,210,139,124,99,123,148,128,136,157,146,180,206,178,116,154,120,98,197,113,111,98,149,164,57,175,221,90,139,146,138,203,175,216,219,55,127,137,153,139,52,161,159,99,116,186,158,140,223,175,160,94,177,297,149,89,177,143,100,64,195,113,213,116,131,204,192,238,162,178,147
"COG3222",31,31,139,37,45,12,84,88,33,25,21,25,21,41,27,73,1,65,30,24,73,56,43,24,38,55,37,18,46,45,31,52,38,65,30,50,30,51,62,24,17,78,24,41,18,32,44,97,26,24,10,57,26,20,62,40,10,64,27,59,13,23,100,49,9,16,60,47,11,60,17,29,54,49,95,50,50,22,32,51,11,50,41,33,18,38,35,47,24,28,9,28,43,65,21,46,140,83,79,60
"COG3223",1,5,3,1,0,4,0,1,2,2,1,2,0,2,0,2,0,4,1,0,1,0,0,0,1,3,3,1,1,1,1,1,0,1,0,1,3,1,1,3,2,1,1,1,0,2,2,0,3,3,11,3,1,0,0,0,4,3,1,3,9,2,0,6,3,4,5,4,6,0,1,1,1,4,2,3,3,0,3,5,1,2,4,3,4,2,3,2,6,0,5,1,3,3,8,4,3,2,3,10
"COG3224",3,2,15,1,0,1,2,0,0,0,0,2,11,1,5,1,67,0,0,0,0,0,12,0,2,1,1,0,1,1,4,2,1,6,9,5,0,1,0,1,0,1,17,3,1,1,1,12,1,2,0,5,2,1,3,2,6,1,6,0,3,4,4,1,0,1,2,0,2,0,1,0,1,0,1,3,0,3,0,3,0,1,1,0,0,3,2,3,0,5,0,2,4,1,2,4,7,5,3,0
"COG3225",194,193,121,127,91,158,92,89,158,88,269,89,255,83,104,82,166,84,117,195,169,85,284,96,123,77,116,219,133,102,183,65,95,244,184,118,172,81,95,245,213,107,138,111,219,104,159,157,149,93,90,105,215,115,112,121,169,91,174,95,226,217,131,110,185,142,86,97,97,112,216,123,84,125,106,90,83,238,94,85,113,105,102,106,155,211,91,148,69,166,77,216,118,121,103,130,79,77,109,97
"COG3226",0,0,4,3,0,3,4,1,0,0,0,0,1,3,3,3,1,0,1,1,0,0,4,2,3,1,0,3,0,0,4,2,1,1,3,2,0,0,3,0,0,0,1,1,0,1,0,1,1,0,0,1,2,5,1,2,0,0,0,0,0,0,2,2,1,0,1,0,1,0,0,0,0,1,1,0,0,6,0,0,0,1,0,0,0,2,1,0,1,0,1,2,1,0,0,0,0,1,0,0
"COG3227",50,28,36,4,16,13,14,5,8,9,104,25,21,6,101,10,89,1,4,17,15,29,55,4,45,7,3,25,13,21,62,5,9,34,12,29,60,9,7,19,24,5,55,5,26,2,16,10,20,15,9,9,32,9,11,2,6,5,30,6,23,33,46,14,7,56,16,10,3,108,20,8,5,11,7,0,5,25,13,12,5,6,10,3,5,43,3,26,2,18,1,23,21,16,15,1,24,3,12,7
"COG3228",23,24,30,2,1,9,6,1,4,0,8,4,22,11,19,2,4,6,0,15,10,1,37,9,14,4,6,7,5,12,16,7,10,53,20,41,10,7,5,19,10,1,36,1,15,10,13,33,11,4,3,11,20,2,12,9,0,3,13,9,15,11,26,2,1,2,4,5,3,0,11,6,3,8,2,12,5,19,5,7,0,22,2,6,2,33,4,5,1,18,1,12,16,14,1,10,9,12,10,2
"COG3230",7,2,2,0,0,0,3,0,1,0,1,0,2,0,2,0,38,0,0,0,1,0,11,0,3,0,0,0,0,2,10,0,0,5,1,0,0,0,0,0,1,0,6,1,2,0,0,9,0,2,0,0,0,0,0,0,0,1,1,0,0,1,0,0,0,0,1,0,0,1,2,0,0,0,1,0,0,8,1,0,0,4,0,0,1,2,0,0,1,0,0,1,2,0,0,0,0,0,1,0
"COG3231",1,0,0,0,0,0,1,0,4,0,3,0,0,0,0,0,1,0,0,0,0,0,1,0,1,0,0,0,0,0,0,1,0,0,4,14,1,0,0,1,0,0,0,0,0,0,0,0,1,0,0,0,0,0,0,0,0,0,0,0,0,0,0,0,0,0,0,0,0,0,2,0,0,0,0,1,0,0,0,0,1,0,1,0,2,2,1,1,0,0,0,2,0,0,0,0,0,0,0,0
"COG3232",8,6,4,3,8,6,1,0,3,2,1,3,8,2,18,1,3,4,4,7,4,18,13,5,9,5,7,4,2,2,3,4,3,7,0,1,5,3,1,6,10,1,4,4,6,10,6,2,4,0,1,8,4,0,10,2,3,0,3,1,6,12,4,1,3,4,0,2,3,3,4,4,1,4,2,11,5,10,2,3,1,5,1,1,1,5,5,15,0,8,1,5,5,2,2,2,5,2,5,7
"COG3233",3,0,0,0,0,0,1,0,0,0,0,0,0,1,0,0,0,0,0,2,0,0,0,0,0,0,0,0,0,1,2,0,0,0,2,2,0,0,1,0,0,0,3,0,0,0,0,0,0,0,0,0,0,0,0,0,0,0,5,0,0,1,0,0,0,0,1,0,0,0,1,0,0,0,3,0,0,1,0,0,0,0,0,0,0,0,0,0,2,1,0,1,0,0,0,0,0,0,0,0
"COG3235",10,4,7,0,2,8,5,2,1,1,8,5,8,3,15,0,75,0,0,2,3,2,13,0,13,2,0,3,0,0,40,0,1,20,6,3,1,0,1,0,2,0,26,0,9,0,0,21,1,1,0,0,1,1,5,0,5,0,10,1,0,7,6,0,2,0,2,0,4,0,5,0,1,2,1,1,1,15,0,1,0,0,0,0,1,1,2,1,0,0,0,5,3,0,6,0,2,5,1,0
"COG3236",5,1,6,1,1,2,5,1,1,0,3,5,10,5,5,1,39,3,4,2,2,4,53,3,2,4,1,1,1,3,8,9,2,4,12,4,4,7,1,3,2,1,4,0,0,3,0,7,2,4,3,5,1,0,1,3,4,3,4,5,0,1,0,2,4,5,2,2,9,3,5,2,1,1,1,3,4,7,6,0,1,9,1,6,4,3,4,8,5,3,3,4,10,5,2,0,4,6,9,1
"COG3237",5,3,2,0,0,3,6,0,0,0,2,3,4,1,5,2,29,0,0,2,0,1,8,0,5,0,0,5,0,2,17,1,2,5,6,9,0,1,1,1,1,0,17,2,2,1,0,10,0,0,1,0,0,1,0,0,2,0,3,0,3,0,1,0,0,0,3,0,14,0,5,1,0,1,1,0,0,6,0,0,0,2,0,0,0,6,1,0,0,4,0,3,1,1,3,0,1,0,2,0
"COG3238",6,3,13,6,5,4,3,4,6,2,5,4,4,10,5,2,1,4,1,3,3,16,16,5,8,6,10,6,7,11,16,2,2,16,7,19,13,2,1,9,5,5,13,5,7,5,2,6,5,4,6,10,8,4,6,4,5,2,4,4,6,7,9,5,1,5,9,7,6,1,10,6,6,8,10,7,4,10,1,3,2,6,5,8,0,12,6,18,1,19,6,5,9,5,6,11,5,6,3,5
"COG3239",122,85,303,221,198,107,349,311,251,162,64,211,103,235,190,348,39,329,203,116,303,169,100,186,214,252,221,86,286,198,81,213,192,131,137,137,78,248,278,154,107,326,103,219,120,232,77,213,155,146,217,344,194,366,412,298,235,418,112,387,153,197,389,394,147,86,350,354,183,216,149,288,402,351,591,408,442,141,270,341,224,298,350,269,187,144,373,331,211,185,176,136,277,337,300,322,473,479,474,326
"COG3240",5,2,6,2,28,0,1,3,2,1,1,6,1,5,5,2,4,1,1,4,3,6,15,3,3,1,1,2,1,4,2,4,1,4,6,0,4,5,6,8,0,0,6,0,2,2,2,9,5,1,4,4,6,2,3,2,2,5,3,2,22,0,2,0,2,0,7,6,0,0,1,6,0,1,0,2,0,4,8,9,1,5,1,3,0,3,3,3,1,2,0,0,8,1,1,3,1,2,5,2
"COG3241",24,11,43,8,16,6,16,11,17,31,2,20,17,28,26,21,71,21,17,7,21,41,33,14,19,15,26,16,24,26,16,29,27,35,18,6,0,19,21,22,5,15,26,42,5,38,3,33,20,32,18,21,15,20,24,19,32,8,7,17,12,15,31,25,10,1,17,13,33,54,8,20,19,26,18,23,5,7,24,12,28,16,22,15,14,3,21,18,6,11,20,5,36,17,19,18,26,13,25,21
"COG3242",0,3,0,0,3,1,0,0,1,0,3,1,1,1,2,0,3,0,0,0,0,3,3,0,0,0,0,2,0,0,2,1,0,0,3,0,1,0,0,1,1,1,1,0,1,0,2,2,1,1,1,0,0,1,0,0,0,0,1,0,0,0,1,0,1,1,1,0,0,1,1,0,0,0,1,0,0,0,1,2,0,2,0,1,0,1,0,0,0,0,0,0,1,0,0,0,0,1,1,0
"COG3243",130,251,72,46,12,217,69,44,101,35,190,9,50,12,33,28,246,18,47,98,23,24,125,53,70,12,14,46,40,13,141,25,6,80,76,146,341,9,25,45,199,37,151,15,77,22,320,123,31,3,10,16,64,58,22,26,28,42,196,29,100,82,36,21,11,384,57,33,13,2,96,16,49,21,55,36,27,152,14,38,8,30,35,10,21,108,49,55,31,91,11,112,36,23,64,62,15,33,16,17
"COG3245",41,52,16,28,21,42,19,15,25,24,18,12,30,19,30,5,75,11,4,31,11,21,33,22,28,10,13,30,10,8,44,13,6,35,18,15,20,16,14,11,50,19,37,8,22,10,27,28,19,20,15,16,24,10,10,9,18,23,42,15,36,28,22,13,17,15,19,13,36,47,30,9,9,15,13,13,20,25,8,17,15,15,17,15,9,23,27,38,32,27,12,25,16,13,30,13,11,7,14,15
"COG3246",122,147,96,191,165,147,129,138,149,88,120,171,149,144,127,149,11,133,195,148,125,184,106,142,110,170,139,152,129,106,87,193,161,101,111,104,132,153,154,129,197,135,121,139,174,185,170,82,159,107,164,114,121,176,136,130,119,154,141,146,143,176,76,160,147,159,126,144,173,153,150,189,173,161,172,165,199,132,171,135,146,151,146,157,163,120,116,154,146,127,123,157,139,164,166,152,68,138,106,138
"COG3247",5,0,1,0,0,0,1,0,0,0,0,1,0,0,0,0,0,0,1,2,1,1,5,0,1,0,0,2,1,0,2,0,0,2,7,15,1,2,3,2,1,1,3,0,2,0,1,4,0,0,0,2,0,0,2,3,0,2,1,1,1,2,1,1,0,1,0,0,0,0,3,0,0,0,2,2,2,5,2,1,0,2,0,1,0,8,0,0,1,6,1,7,0,2,0,1,1,1,2,2
"COG3248",16,3,8,0,2,4,3,0,2,1,1,3,5,0,14,0,11,0,0,6,2,0,11,1,13,1,2,3,0,1,37,0,0,11,6,1,3,0,1,2,1,0,28,0,3,0,2,26,1,1,0,2,0,0,5,1,4,3,9,0,0,5,10,2,4,1,11,0,2,0,2,1,1,1,1,0,0,18,1,0,0,0,1,0,1,0,5,6,4,3,0,1,1,0,1,3,1,0,3,0
"COG3249",36,23,9,4,32,22,21,3,25,15,12,20,30,15,51,13,134,8,8,19,15,105,47,23,41,8,2,25,14,9,62,14,11,37,21,16,3,18,12,13,19,9,55,6,33,7,8,51,25,6,14,14,15,8,11,7,26,8,27,8,15,25,22,13,20,2,17,11,26,75,26,16,14,10,19,13,16,43,24,14,18,12,16,14,7,31,11,32,7,14,7,16,11,12,17,9,5,11,13,5
"COG3250",408,330,241,138,289,264,123,82,118,209,237,236,167,208,174,161,569,128,172,190,154,301,252,138,253,97,181,267,167,202,341,207,150,198,274,582,183,153,151,130,334,92,230,236,277,180,273,206,219,178,240,144,170,134,159,163,255,96,324,126,281,257,127,158,132,205,126,122,229,298,300,193,186,170,202,129,109,203,200,129,168,144,145,172,138,529,174,273,128,313,182,361,283,204,219,147,154,149,198,175
"COG3251",1,0,0,0,0,0,1,0,0,0,0,0,0,0,1,0,0,0,0,0,1,0,0,0,0,0,1,0,0,0,5,0,0,3,2,0,0,1,0,0,0,0,3,0,0,0,0,2,0,0,0,0,0,0,0,0,0,0,0,0,0,0,2,0,0,0,0,0,1,0,0,0,0,1,0,0,0,0,0,0,0,0,0,0,0,0,0,0,0,0,0,1,0,0,0,0,0,1,1,0
"COG3252",7,10,3,15,3,9,13,7,10,9,14,5,14,13,4,14,2,5,20,6,8,0,5,10,6,7,9,7,6,4,3,6,13,14,14,1,11,10,7,8,12,11,6,2,12,4,10,5,8,5,17,6,5,11,4,4,5,10,12,10,8,4,7,4,19,5,9,4,20,12,3,8,6,5,4,10,5,5,9,13,7,8,13,7,6,8,7,4,9,3,8,4,6,6,19,7,7,7,0,8
"COG3253",68,38,1,1,0,52,2,2,1,0,31,5,66,10,0,0,1,6,0,60,27,0,32,6,18,1,3,42,4,9,25,17,6,49,27,50,25,7,0,30,46,2,34,6,48,20,19,6,34,1,9,8,63,0,23,13,9,2,25,8,43,63,2,4,84,22,2,1,28,0,62,17,0,5,5,3,4,61,20,4,32,17,1,9,49,54,4,8,1,51,7,65,7,10,1,7,1,20,17,2
"COG3254",14,7,5,7,8,2,6,5,17,12,10,5,21,10,6,17,7,12,15,11,13,9,20,7,7,8,10,9,12,10,6,11,19,16,13,18,5,11,9,20,12,6,11,6,15,14,13,9,9,10,9,10,13,15,9,9,20,15,10,10,10,10,4,10,16,8,7,8,4,6,14,5,14,10,7,9,6,11,11,9,15,7,19,10,13,9,8,12,6,7,12,9,7,20,12,5,7,17,4,12
"COG3255",5,10,14,7,16,8,10,15,14,30,4,14,13,17,16,21,1,10,18,7,12,24,9,11,6,16,16,10,13,12,3,25,18,9,8,6,15,18,15,9,5,6,8,14,4,12,8,14,15,15,17,18,6,10,12,16,24,13,4,17,6,6,7,24,7,6,11,8,28,18,11,12,21,22,11,18,17,15,20,12,21,21,25,13,23,6,22,29,12,7,16,2,5,17,18,17,6,11,11,17
"COG3256",4,34,26,3,1,3,6,1,1,0,23,2,0,2,2,2,7,1,1,9,1,0,8,0,5,3,0,4,0,7,11,2,0,5,7,4,25,6,5,1,3,0,21,1,1,0,49,14,3,0,4,1,0,0,1,3,2,0,59,2,5,2,8,0,0,25,0,0,7,0,4,0,1,0,1,0,1,26,2,0,2,2,1,2,0,6,1,0,0,8,0,1,7,0,2,8,0,1,2,3
"COG3257",5,7,5,14,23,5,3,4,9,2,1,3,1,2,6,5,4,3,2,3,2,27,2,7,2,5,6,1,4,3,13,10,1,9,4,3,0,8,10,3,2,6,11,6,2,3,1,14,5,2,3,6,0,3,10,4,5,4,6,11,7,9,7,5,1,2,9,7,0,10,7,4,10,13,13,21,8,19,6,8,3,12,3,8,0,10,9,25,2,7,3,9,13,2,17,19,7,6,2,6
"COG3258",6,2,9,1,0,1,2,3,3,0,1,3,1,2,9,2,4,0,4,7,2,1,11,2,5,1,3,2,2,1,7,4,4,6,2,3,5,5,1,6,1,1,16,3,5,2,5,2,7,3,3,2,0,3,0,1,1,1,7,2,11,6,3,4,1,5,0,1,3,0,2,0,2,2,4,1,2,7,2,1,1,2,4,1,2,3,1,4,2,7,0,6,1,2,10,1,1,2,4,4
"COG3259",0,0,3,0,0,0,0,0,2,1,26,0,0,0,1,0,2,0,0,1,0,0,1,1,0,0,0,0,0,2,0,0,0,0,1,0,20,0,3,0,0,0,1,0,0,0,1,0,1,0,0,0,0,0,0,1,0,1,0,0,1,0,2,0,0,7,0,1,0,0,0,0,0,0,0,0,0,1,1,0,0,0,0,0,0,0,1,0,0,0,0,0,6,0,0,0,1,1,0,0
"COG3260",0,5,0,0,0,0,0,0,0,0,19,0,0,0,0,0,0,0,0,0,0,0,0,0,0,0,0,0,0,0,0,0,0,0,0,0,21,0,0,0,0,0,0,0,0,0,13,0,0,0,0,0,0,0,0,0,0,0,33,0,0,0,0,0,0,27,0,0,0,0,0,0,0,0,0,0,0,0,0,0,0,0,0,0,0,0,0,0,0,0,0,0,0,0,0,0,1,0,0,0
"COG3261",0,14,0,0,0,0,0,0,0,0,47,0,1,0,0,0,0,0,1,0,0,0,0,0,0,0,0,0,0,0,0,0,0,0,0,0,70,0,0,0,0,0,0,0,0,0,44,0,0,0,0,0,0,0,0,0,0,0,61,0,0,0,0,0,0,42,0,0,0,0,0,0,0,0,0,0,0,0,0,0,0,0,0,0,0,0,0,0,0,0,0,0,0,0,0,0,0,0,0,0
"COG3263",223,64,27,0,3,188,24,2,20,3,51,19,77,17,27,4,87,6,1,157,27,1,55,7,115,12,8,144,2,8,147,19,12,65,47,175,20,7,2,47,136,7,153,3,147,34,24,63,47,1,12,6,70,1,46,20,20,3,58,5,189,119,24,5,165,25,14,4,98,1,183,40,9,10,13,6,7,178,24,6,53,18,9,10,70,205,7,12,10,162,0,177,7,19,15,17,8,48,35,8
"COG3264",118,100,118,61,113,83,63,28,83,39,121,83,81,72,126,34,227,40,29,79,75,107,139,58,84,70,68,104,59,73,216,93,68,132,123,119,88,66,62,78,67,48,218,71,111,81,103,152,90,69,54,68,74,37,87,89,105,39,121,53,91,89,89,46,55,80,56,52,101,81,88,75,37,59,80,73,52,106,73,54,78,57,62,64,61,102,50,132,44,96,61,92,96,68,80,77,65,84,86,66
"COG3265",31,22,10,6,21,11,9,8,16,11,10,23,13,20,20,7,69,3,6,13,10,11,27,7,16,8,8,13,8,11,27,12,6,15,18,18,3,12,7,7,25,11,39,12,18,9,9,13,7,2,11,9,11,6,3,7,9,5,14,5,20,19,6,6,3,8,6,7,5,3,20,6,14,20,12,10,10,18,13,18,7,6,12,4,4,20,9,28,5,12,3,20,16,10,12,22,7,7,8,12
"COG3266",5,8,4,0,1,5,7,0,1,1,1,0,1,0,3,0,12,0,2,0,0,11,20,0,1,0,0,2,0,0,14,0,0,6,5,0,3,0,0,0,1,0,11,1,4,0,0,10,3,0,0,3,2,1,1,0,1,0,0,0,0,4,4,1,2,2,1,0,1,13,0,0,0,1,1,0,0,4,1,0,0,0,0,0,0,0,1,0,1,0,0,0,4,1,3,0,1,1,0,0
"COG3267",64,49,56,39,32,50,49,9,40,18,59,53,50,57,55,14,374,20,12,42,29,50,143,28,66,29,21,41,29,31,154,15,29,100,108,28,54,17,35,32,40,25,119,30,82,13,46,111,33,72,33,38,36,13,23,35,52,12,77,19,33,55,43,16,20,53,31,19,66,50,58,28,19,19,31,27,16,57,49,28,34,35,25,27,22,67,19,33,40,47,55,45,45,24,28,19,31,26,24,17
"COG3268",79,70,119,135,176,84,114,124,99,214,60,144,82,113,100,142,72,111,178,57,114,284,61,137,97,133,175,90,159,151,83,162,109,121,109,60,49,113,125,75,61,78,78,182,80,151,51,93,157,202,164,173,69,175,133,118,164,111,60,110,75,67,99,164,108,56,100,101,210,202,45,119,139,131,117,74,66,68,114,85,130,115,130,126,93,52,161,195,156,85,178,66,186,89,174,97,97,103,111,121
"COG3269",0,0,1,1,0,0,0,0,0,0,3,0,2,1,0,0,0,8,0,0,2,0,0,2,1,2,0,1,0,1,0,1,0,0,11,0,7,0,0,5,0,1,0,0,1,0,0,4,1,1,0,0,0,0,0,6,2,0,3,1,1,1,1,1,1,2,0,5,0,0,0,4,0,0,1,4,0,0,1,1,1,7,0,2,1,0,0,0,0,0,2,0,2,3,0,0,2,1,2,1
"COG3270",8,0,0,0,1,0,0,0,0,0,9,0,0,0,24,0,5,0,0,2,0,0,15,1,4,0,0,0,0,0,11,0,1,1,0,0,11,0,2,0,0,0,0,0,0,0,1,0,0,0,0,1,0,0,3,1,0,0,4,0,0,0,1,0,0,2,2,0,0,0,0,0,0,1,0,0,0,2,0,0,0,0,0,0,0,0,0,0,0,0,0,0,0,0,1,0,1,0,1,1
"COG3271",6,0,8,0,0,0,2,0,0,1,2,0,7,0,4,0,10,0,0,0,0,0,7,2,3,4,0,0,0,0,3,1,0,8,1,2,2,0,0,2,0,0,2,0,1,0,3,5,0,0,0,0,0,0,0,1,3,0,12,2,1,1,6,0,1,6,1,0,0,0,0,1,0,2,1,0,0,6,0,0,0,0,0,0,0,0,0,6,3,2,1,1,0,0,4,0,1,0,0,0
"COG3272",22,6,19,1,20,4,3,3,2,0,8,10,25,11,29,2,10,14,4,13,23,1,30,3,14,8,2,40,10,15,29,9,3,37,43,2,6,8,7,23,2,11,22,2,13,10,5,43,32,6,12,11,31,6,18,11,28,6,21,6,16,19,29,7,9,1,7,5,14,3,13,22,1,4,3,7,1,29,15,8,21,18,1,5,14,15,2,2,0,8,4,18,22,14,3,2,8,6,11,3
"COG3273",9,12,0,0,0,12,0,0,0,0,22,1,8,2,0,0,0,0,0,11,7,0,4,0,6,0,1,13,1,0,10,7,1,3,2,9,18,3,0,12,4,2,7,0,27,2,17,5,4,0,0,1,16,0,4,1,2,2,18,1,11,27,1,2,15,18,0,1,7,0,17,3,1,0,1,4,0,15,22,0,4,2,0,0,10,7,1,1,0,20,1,11,0,2,0,1,0,4,7,0
"COG3274",0,0,0,0,0,0,1,0,0,0,0,0,0,0,1,0,15,0,0,0,0,0,8,0,0,0,0,1,0,1,0,0,0,2,0,0,0,0,0,0,0,0,0,0,0,0,0,1,0,0,0,0,0,0,0,0,0,0,0,0,0,0,0,0,0,0,0,0,0,6,0,0,0,0,0,0,0,0,0,0,0,0,0,0,0,1,0,0,0,0,0,0,0,0,0,0,0,0,0,0
"COG3275",123,20,103,9,98,37,25,2,16,7,19,17,22,19,94,13,173,6,3,6,14,149,92,8,68,2,7,35,0,13,101,15,3,49,30,129,18,3,6,2,20,2,92,17,47,14,4,47,9,6,7,22,6,6,12,15,10,4,24,5,37,23,88,2,4,8,20,4,22,189,36,3,8,7,14,14,7,28,4,13,5,7,9,2,17,187,12,94,5,42,4,20,22,35,11,14,4,13,24,4
"COG3276",230,234,55,60,73,251,66,55,62,59,258,125,197,102,26,66,23,118,34,234,165,7,166,98,148,101,84,265,121,118,154,114,126,191,148,166,234,131,79,270,242,80,162,46,256,124,188,110,192,142,120,110,284,29,154,139,173,86,225,118,264,277,91,114,262,205,87,116,174,1,299,166,59,76,59,110,76,258,191,114,211,161,89,161,214,265,105,67,88,260,191,233,107,120,59,95,71,88,142,112
"COG3277",0,0,0,0,0,0,0,0,0,0,0,0,0,0,0,0,0,0,0,0,1,2,0,0,0,0,0,2,0,0,0,0,0,0,0,0,0,1,0,0,0,0,0,0,0,0,0,0,1,0,0,0,1,0,0,0,0,0,0,0,0,0,0,0,0,0,0,0,0,1,0,0,0,0,0,1,0,0,0,0,0,1,0,0,0,0,0,0,0,0,0,0,0,0,0,0,0,0,0,0
"COG3278",43,58,51,31,5,44,26,17,8,17,23,36,23,25,34,7,116,14,7,25,13,3,59,26,46,14,29,37,7,27,91,19,15,34,37,67,51,8,22,10,26,16,97,21,33,12,49,47,17,24,16,30,34,18,15,25,25,33,69,32,60,38,70,18,12,77,37,26,48,3,58,20,20,47,14,37,16,81,22,34,18,23,11,24,28,101,58,55,27,62,85,58,26,23,35,31,22,15,15,46
"COG3279",130,28,104,12,95,77,58,8,15,20,19,34,50,32,155,10,337,7,15,26,37,99,131,14,85,9,12,68,8,16,184,16,13,92,56,260,17,17,8,13,26,8,204,27,67,17,11,109,21,13,6,30,22,17,20,10,19,6,34,10,76,28,93,5,10,15,17,5,34,145,67,5,19,13,50,10,14,67,21,13,4,14,9,7,21,210,21,118,14,70,8,54,33,48,35,25,28,27,25,10
"COG3280",6,1,2,0,0,0,0,0,0,0,4,0,2,1,0,1,0,0,0,7,0,1,0,0,2,0,0,5,0,4,3,0,0,1,8,43,1,0,2,0,0,0,13,0,1,0,0,2,1,0,0,0,0,3,0,0,0,2,0,0,5,3,1,0,0,2,0,0,1,0,8,0,0,0,1,0,0,4,1,0,0,0,0,0,0,12,1,0,0,12,1,15,0,1,0,0,0,0,0,0
"COG3281",54,0,6,0,0,4,1,1,0,0,0,2,3,3,1,0,1,0,0,1,0,0,3,0,2,0,0,7,0,1,6,0,3,1,6,24,2,0,5,0,5,0,30,0,1,2,0,5,2,0,0,1,0,0,0,12,0,0,2,1,8,1,2,0,0,1,1,0,1,0,13,0,0,0,2,1,0,1,0,0,0,0,4,0,2,47,0,4,1,7,0,5,0,6,1,3,2,1,0,0
"COG3283",19,6,5,0,4,12,6,1,1,0,4,11,10,13,22,1,151,0,0,2,2,0,54,1,28,0,0,2,0,0,70,0,1,17,23,0,5,0,0,0,5,0,27,1,10,0,0,39,0,1,1,2,1,2,5,1,9,4,8,4,3,11,9,1,0,3,6,1,12,0,9,1,1,1,3,1,0,9,2,2,1,0,0,0,0,7,2,0,0,1,0,5,0,2,4,0,0,9,6,0
"COG3284",24,2,7,118,139,7,15,18,37,13,5,52,9,47,90,7,37,26,3,8,9,187,37,123,42,26,48,12,12,16,44,50,11,16,31,51,5,25,20,24,10,17,78,34,18,51,4,33,33,12,27,10,14,3,18,21,8,36,43,63,11,10,18,17,4,1,26,45,36,129,32,13,37,37,21,90,22,39,13,97,22,26,5,71,17,29,75,86,18,24,18,27,20,4,59,54,6,21,14,46
"COG3285",47,7,3,0,0,18,11,1,0,0,5,2,4,3,1,1,11,0,0,12,6,1,10,0,6,0,1,21,0,2,21,1,0,5,33,149,6,0,2,1,15,0,76,0,7,3,0,19,1,4,1,3,5,8,2,6,2,0,5,1,32,0,3,0,0,6,0,0,2,0,39,0,0,3,8,1,4,26,1,0,0,2,0,0,7,70,0,0,3,56,1,24,2,9,2,3,1,0,1,1
"COG3287",27,9,9,0,8,22,19,2,2,0,9,7,29,2,40,1,240,0,0,7,9,2,85,1,22,5,0,17,1,6,125,2,4,36,35,28,10,2,3,4,11,1,73,8,29,3,6,66,2,1,1,2,4,1,6,2,16,1,24,5,11,5,16,2,7,10,6,1,12,3,15,1,0,3,10,1,0,21,7,4,2,3,0,0,5,32,5,1,3,14,3,13,12,9,11,2,11,7,6,2
"COG3288",301,332,388,476,342,303,462,518,471,464,276,460,431,454,339,549,198,550,571,321,438,287,272,409,391,497,447,406,459,495,223,458,525,351,393,319,276,478,466,450,331,565,279,492,351,475,362,368,437,540,538,536,407,591,492,477,532,497,313,442,360,357,459,490,400,336,478,512,555,324,330,472,500,494,491,408,464,276,439,505,488,498,519,509,542,261,479,289,562,349,560,319,419,484,446,379,438,444,469,459
"COG3290",28,4,2,9,5,15,10,1,12,3,8,1,0,0,13,1,9,0,1,10,0,14,14,6,16,0,0,24,0,2,18,0,0,0,11,7,14,0,2,7,21,4,10,0,11,0,9,6,6,0,0,1,9,0,0,3,0,10,8,2,35,24,4,0,0,13,9,8,1,19,22,7,3,1,5,6,2,37,3,4,1,3,3,2,0,19,5,0,1,14,1,31,2,0,0,3,2,2,1,0
"COG3291",377,427,687,195,606,280,319,149,82,85,526,477,333,322,207,197,333,287,135,293,347,310,383,257,472,285,373,555,226,532,315,283,251,435,409,227,435,291,272,434,511,245,242,443,501,303,437,346,318,423,337,390,480,146,378,471,251,193,495,239,426,387,987,155,221,387,245,318,279,245,385,369,153,365,414,195,244,345,406,189,248,397,126,331,163,345,222,792,129,374,318,403,622,357,186,219,494,163,359,475
"COG3292",507,234,278,79,219,254,147,28,50,98,327,250,198,208,336,55,1283,112,37,103,141,244,362,78,412,86,89,250,83,177,651,66,100,288,326,457,213,86,99,131,229,40,438,107,264,88,156,382,134,236,162,118,127,46,157,114,237,50,213,81,193,179,254,58,91,177,123,48,286,99,253,104,61,108,90,45,31,170,184,90,142,188,80,146,100,440,122,271,170,239,174,217,174,147,77,67,93,119,168,78
"COG3293",61,53,41,3,93,45,41,3,34,7,179,26,87,16,37,3,709,3,12,56,19,140,143,7,67,2,0,39,6,20,260,17,4,111,97,157,199,5,12,9,19,4,188,20,45,4,119,142,4,1,1,10,22,15,10,14,42,9,132,8,92,42,33,3,7,199,16,9,10,30,72,5,5,17,22,1,17,114,21,2,4,13,6,2,14,112,7,79,21,59,5,83,24,6,22,13,17,15,20,6
"COG3294",0,0,0,0,0,0,0,0,0,0,0,0,3,0,0,0,0,0,0,1,0,0,3,0,0,0,0,0,0,0,0,1,0,0,0,0,0,0,0,0,0,0,0,0,0,0,0,0,0,0,0,0,0,0,0,0,0,0,0,0,1,0,0,0,0,0,0,0,0,0,0,0,0,0,0,0,0,0,0,0,0,0,0,0,0,1,0,0,0,0,0,1,0,0,0,0,0,0,0,0
"COG3295",14,5,4,0,2,12,12,1,0,0,8,0,10,0,9,0,90,0,0,6,4,1,29,1,16,3,2,4,0,0,33,0,0,21,10,2,1,1,1,1,2,0,30,2,17,1,2,29,0,0,0,0,2,1,0,0,9,1,6,5,0,5,6,0,0,0,4,1,6,0,6,2,1,2,0,1,0,14,1,2,0,1,0,0,3,10,0,0,4,2,1,5,3,2,6,0,3,3,3,0
"COG3296",26,4,13,1,2,6,5,0,1,1,4,0,12,0,13,1,47,3,1,5,5,0,13,1,3,2,0,4,1,3,22,0,2,16,13,12,7,0,0,2,3,2,24,6,3,5,2,19,2,1,3,2,6,1,3,4,3,0,2,1,2,5,9,1,1,8,1,0,2,21,6,1,1,7,0,0,1,9,3,1,1,4,1,7,1,19,3,0,2,6,3,5,5,4,3,0,2,1,8,2
"COG3297",38,12,25,13,17,25,13,4,17,11,15,12,10,14,30,6,173,1,6,9,13,39,41,12,34,5,16,8,5,2,57,0,5,40,13,11,4,1,6,5,14,4,40,12,19,5,8,33,13,2,5,11,5,4,13,7,13,5,24,5,13,16,13,8,6,3,7,2,10,48,12,1,14,5,25,8,15,23,13,5,2,6,5,3,7,17,10,18,3,12,6,11,11,10,22,8,5,6,6,4
"COG3298",17,20,3,10,6,15,3,1,2,1,29,2,11,5,2,4,5,5,3,21,5,3,16,5,9,6,3,11,3,4,16,5,5,23,8,16,30,7,0,11,16,6,5,1,28,4,34,4,8,2,7,6,26,9,12,14,4,11,34,11,38,36,4,3,23,28,7,3,16,4,33,10,6,6,5,12,1,43,2,5,8,11,10,11,10,26,14,12,4,25,7,34,5,6,2,3,5,7,8,3
"COG3299",0,0,0,0,0,0,0,0,0,0,0,0,0,0,11,0,0,0,0,0,0,0,2,0,0,0,0,1,0,0,0,0,0,0,2,0,0,0,0,0,0,0,1,0,0,0,0,0,0,0,0,0,3,0,0,0,0,0,1,0,1,0,1,0,0,0,0,0,0,0,0,0,0,0,0,3,0,0,0,0,0,0,2,0,0,1,1,9,0,0,0,1,0,0,3,0,0,0,0,0
"COG3300",41,12,12,0,5,12,28,3,3,1,20,18,17,17,26,2,226,0,0,9,18,1,52,3,42,3,0,7,3,3,121,0,0,36,45,9,7,2,1,1,8,0,119,3,22,1,5,81,2,1,3,7,8,4,10,6,29,3,36,4,12,31,34,6,2,9,20,1,51,0,26,1,9,7,13,1,1,61,7,0,4,6,0,0,10,24,7,3,8,26,7,8,17,4,19,6,4,18,9,0
"COG3301",1,2,0,0,0,0,0,0,0,0,6,0,2,1,0,0,3,0,0,1,2,0,7,1,0,0,0,3,0,0,1,0,2,1,1,0,8,1,0,1,2,1,0,0,0,0,6,0,0,0,0,0,1,0,0,0,1,1,8,1,0,0,0,0,2,4,1,0,3,0,0,1,0,0,0,2,0,1,0,0,1,0,0,1,1,0,2,0,0,0,0,0,0,2,0,0,0,0,3,0
"COG3302",4,0,4,26,49,0,12,16,27,8,0,24,3,9,27,14,1,10,15,2,21,52,9,18,3,9,22,4,10,20,0,32,12,22,5,5,1,10,20,19,0,21,2,19,0,16,0,14,18,8,12,12,1,12,10,10,12,11,2,12,2,0,17,14,4,0,13,14,8,20,0,10,14,19,13,24,20,2,13,20,4,16,18,15,7,0,10,31,3,6,9,1,21,4,19,23,16,17,10,26
"COG3303",0,21,7,0,0,0,0,0,0,0,39,1,0,1,3,0,4,0,0,0,0,0,5,2,0,0,0,0,0,0,1,0,0,0,0,0,36,0,3,0,0,0,0,0,1,0,15,0,0,0,2,0,0,0,0,3,0,0,11,0,0,0,2,0,0,27,0,1,1,0,0,0,0,0,0,0,0,1,0,0,0,0,0,0,0,0,0,0,0,0,0,0,1,0,0,1,1,0,0,0
"COG3304",3,0,12,8,1,3,2,1,4,4,1,0,1,1,10,0,2,5,0,2,2,0,5,9,1,1,0,2,0,3,0,4,0,6,5,7,4,3,2,0,0,1,0,0,1,1,1,1,2,0,2,17,0,3,3,4,6,1,0,0,3,2,6,2,0,4,0,1,1,6,1,9,3,4,1,8,1,2,2,13,0,7,3,2,1,4,9,4,1,3,2,2,14,3,0,13,2,6,3,4
"COG3306",14,6,32,164,38,0,46,40,25,39,1,95,16,94,38,50,56,54,36,5,29,35,24,166,84,44,85,11,69,44,18,47,101,18,67,23,2,51,110,25,3,81,15,95,2,48,3,24,28,80,40,40,11,24,23,17,51,103,6,120,3,1,36,62,18,2,203,105,28,28,3,21,90,106,51,206,77,5,91,125,28,44,25,58,36,5,107,52,58,9,49,1,41,49,49,40,57,47,27,92
"COG3307",48,72,235,72,34,35,98,100,78,27,54,52,61,49,93,53,100,53,36,46,112,73,102,98,89,80,46,24,78,57,62,55,87,106,95,35,67,66,73,44,47,75,97,54,56,36,66,154,26,45,20,127,80,32,110,70,41,59,32,57,39,49,152,56,40,67,58,68,32,47,36,73,65,54,120,111,85,53,62,87,25,111,53,39,32,40,87,64,46,44,30,34,83,91,41,113,161,121,138,57
"COG3308",5,3,2,1,2,4,1,0,0,0,6,5,3,2,5,0,39,0,1,1,1,2,13,0,7,0,0,4,0,0,21,0,0,7,4,0,1,0,1,0,1,0,12,0,3,0,0,16,0,1,1,0,0,0,0,0,3,0,4,0,0,3,2,1,0,1,2,0,4,1,3,0,0,0,0,0,0,3,1,1,0,0,0,1,1,5,1,2,1,1,0,2,1,1,3,0,2,6,3,0
"COG3309",0,0,0,0,0,0,0,0,0,0,0,0,0,0,0,0,1,0,0,0,0,0,0,0,0,0,0,0,0,0,0,0,0,0,0,0,0,0,0,0,0,0,2,0,0,0,0,0,0,0,0,0,0,0,0,0,0,0,0,0,0,0,0,0,0,0,0,0,0,0,0,0,0,0,0,0,0,0,0,0,0,0,0,0,0,0,0,0,0,0,0,0,0,0,0,0,0,0,0,0
"COG3310",10,0,6,1,26,6,6,0,8,2,5,6,6,4,22,0,70,2,1,4,0,40,14,0,6,0,0,0,1,1,24,0,2,16,6,0,2,4,1,2,3,1,9,0,5,2,3,13,2,0,0,0,3,0,5,0,3,0,8,0,1,4,2,2,2,0,7,1,9,24,5,2,1,1,3,1,7,9,2,1,0,6,0,2,0,1,3,17,1,0,1,4,3,2,5,2,0,3,8,1
"COG3311",8,10,6,4,3,10,7,0,4,2,6,0,2,5,6,3,21,2,1,10,5,9,6,4,8,0,1,8,1,1,15,2,0,3,2,4,7,1,1,4,12,2,18,2,14,3,7,4,3,0,0,5,3,2,1,3,5,4,5,4,4,8,4,0,1,9,3,5,1,6,13,0,2,1,2,3,4,22,6,2,0,2,1,1,1,9,4,3,1,16,0,15,2,2,5,6,4,4,2,2
"COG3312",6,0,6,2,4,3,3,0,6,1,1,4,5,7,5,0,51,0,0,1,4,0,20,1,7,0,2,5,1,1,24,2,3,9,7,2,1,0,0,0,2,0,10,1,8,2,2,12,2,0,2,2,3,0,2,1,4,0,9,0,0,6,4,3,3,1,4,0,15,4,4,2,0,1,1,1,0,8,4,1,3,3,3,2,1,2,2,1,2,0,1,4,3,3,2,1,1,4,5,0
"COG3313",9,7,14,37,25,13,23,23,20,33,5,25,11,10,24,20,53,17,32,10,15,7,16,21,20,28,38,12,35,27,40,21,12,20,22,10,0,12,22,14,12,21,24,43,20,21,2,26,18,25,22,27,5,33,15,23,17,32,4,20,8,15,24,22,8,1,24,15,19,8,8,16,28,24,18,14,27,13,15,21,21,8,23,16,10,16,30,38,30,12,20,10,20,20,40,22,20,22,12,36
"COG3314",26,6,0,3,0,10,0,0,0,4,5,7,12,14,18,1,18,0,0,8,2,2,28,2,27,0,1,17,0,0,38,0,1,7,8,14,6,0,1,2,10,0,6,0,10,0,4,17,3,1,0,0,9,1,4,0,6,4,6,0,12,8,2,1,13,2,5,1,12,0,15,0,1,4,1,0,1,14,1,2,2,0,0,1,1,8,5,2,0,14,0,13,2,2,3,5,0,2,2,1
"COG3315",21,50,15,11,43,38,14,5,11,13,53,15,27,15,13,8,3,10,17,17,11,27,30,7,12,19,13,25,15,18,16,27,23,30,17,22,28,23,11,14,42,7,7,13,35,20,30,21,25,9,12,19,16,16,23,9,21,3,38,6,19,23,8,21,14,42,6,8,13,28,24,12,14,12,12,1,12,26,23,4,17,21,17,15,7,17,6,34,12,38,7,22,26,11,12,10,6,23,25,12
"COG3316",16,42,6,1,69,9,13,0,25,3,44,1,6,2,9,2,3,1,2,40,3,75,26,0,10,2,2,9,10,2,30,3,2,13,15,48,40,2,1,1,16,0,46,2,10,6,64,14,2,0,0,1,2,2,1,4,9,4,61,1,11,15,4,10,0,20,3,2,7,12,15,1,9,1,5,1,1,47,4,1,0,8,7,1,4,32,1,56,7,28,8,18,3,7,15,16,0,5,6,1
"COG3317",36,52,38,70,80,47,43,45,61,96,21,54,28,61,92,45,105,37,82,24,37,81,43,66,62,57,65,28,67,48,64,55,38,48,37,21,23,57,46,29,44,35,58,89,48,42,30,53,22,50,76,51,16,91,41,30,37,61,27,32,20,50,28,51,27,29,42,29,69,98,33,32,77,55,40,33,47,39,30,43,39,33,63,36,36,15,48,97,40,31,63,30,48,34,79,50,36,45,33,46
"COG3318",38,34,12,3,0,20,6,0,2,10,78,8,13,10,6,3,11,7,2,36,10,3,34,3,24,13,4,27,24,5,28,17,23,17,19,24,77,13,6,32,34,11,37,2,36,24,57,20,12,13,13,13,41,3,19,6,64,2,57,9,33,25,6,25,38,67,12,6,39,4,43,11,8,6,3,5,0,37,32,2,29,9,17,15,35,30,9,2,17,24,23,50,15,20,2,7,10,9,19,9
"COG3319",3,5,59,0,2,7,24,0,0,0,0,11,3,1,14,7,32,1,3,4,12,1,35,0,11,0,4,3,0,13,37,2,1,13,9,17,2,2,6,4,2,0,62,2,5,2,2,5,1,1,3,14,0,17,2,1,1,2,10,0,1,2,30,1,1,2,1,2,6,0,9,2,0,10,5,0,2,7,5,0,0,6,0,0,0,6,1,19,3,1,1,5,35,2,0,1,9,4,9,0
"COG3320",25,3,41,1,3,16,12,3,3,2,12,10,14,15,7,3,15,7,2,13,14,7,51,8,18,5,7,9,2,6,21,7,3,24,29,9,7,13,9,10,5,4,42,2,10,10,5,22,14,1,3,8,25,2,13,0,2,4,28,7,9,12,15,0,3,5,4,4,3,48,7,8,3,5,8,9,7,33,15,3,2,11,1,12,3,15,10,3,1,17,1,9,42,7,0,2,9,33,11,4
"COG3321",114,110,144,55,180,98,68,19,57,31,92,134,79,80,30,26,93,63,30,102,92,57,115,72,88,62,69,155,52,154,215,49,80,142,150,68,170,70,75,132,105,65,314,41,94,55,91,77,107,53,45,91,86,26,79,71,40,33,77,48,157,125,145,36,35,159,75,71,24,59,111,100,34,89,62,77,61,135,97,67,41,188,30,64,47,117,42,46,15,138,65,152,249,71,26,29,80,75,82,82
"COG3322",11,1,1,0,1,3,4,1,1,0,1,1,5,0,6,0,24,0,0,0,0,1,9,1,2,0,0,1,0,2,11,0,0,3,5,7,2,0,3,0,0,0,36,0,6,1,3,4,0,1,0,0,0,2,3,2,1,2,8,0,1,3,0,0,1,2,8,0,0,0,1,0,0,0,2,0,0,9,2,0,1,1,0,0,1,1,3,0,2,3,1,0,0,0,0,2,1,0,0,0
"COG3323",15,20,59,14,81,15,23,15,15,35,1,41,6,40,24,23,2,15,18,1,18,61,19,20,11,12,36,9,22,40,15,29,12,31,9,31,5,25,13,7,15,12,11,57,4,37,14,17,22,24,31,27,7,23,23,28,7,13,6,9,19,5,56,25,5,7,14,27,11,75,8,27,23,42,38,16,23,13,19,15,10,15,36,17,5,26,31,91,13,18,21,3,71,16,38,23,28,17,32,34
"COG3324",40,11,15,2,2,13,16,0,6,5,18,9,8,6,22,2,90,0,7,15,2,1,33,2,25,0,2,15,3,4,45,1,0,15,17,13,11,1,2,4,7,4,33,2,18,4,5,19,1,1,2,2,6,2,4,6,6,1,13,2,12,18,11,1,1,13,7,1,5,0,24,1,4,2,1,0,1,27,2,0,0,4,2,0,2,28,5,2,4,10,1,17,8,11,9,1,2,2,4,1
"COG3325",47,27,42,37,11,26,15,7,29,19,54,30,14,23,37,16,19,16,10,11,23,5,81,26,19,21,34,31,20,24,22,40,18,25,31,24,27,33,16,18,33,19,12,12,20,35,35,10,37,34,38,38,20,12,18,36,23,6,27,14,13,23,49,13,12,35,15,21,33,4,27,35,9,20,16,29,10,11,29,41,23,16,19,24,18,33,24,29,23,25,35,20,25,13,23,24,27,23,30,27
"COG3326",9,4,4,0,0,4,5,0,0,0,3,0,2,0,4,0,47,0,0,4,2,0,19,0,5,2,0,1,0,0,27,0,0,13,11,1,2,1,0,1,1,1,28,1,8,0,3,14,0,1,0,0,0,0,1,0,1,0,7,0,9,1,3,0,0,2,2,0,1,0,1,0,1,0,0,0,1,10,3,0,0,1,0,0,1,3,1,0,1,1,1,3,0,2,1,0,2,0,1,0
"COG3327",11,6,2,1,13,9,2,0,0,0,2,1,6,3,2,2,1,0,0,7,1,23,7,2,5,1,1,9,1,2,10,2,2,5,4,5,3,1,2,3,8,0,10,0,11,3,9,5,5,1,0,1,11,0,2,0,1,0,18,1,3,8,1,1,1,2,1,0,1,5,7,3,1,0,2,2,3,4,4,1,0,2,0,0,1,7,0,8,0,12,0,7,3,1,2,3,1,1,3,0
"COG3328",92,125,49,4,35,35,55,5,7,9,551,13,31,17,20,10,134,3,2,56,19,51,104,6,37,9,4,37,5,23,149,9,5,90,109,201,556,4,12,18,24,2,308,9,62,4,186,87,6,3,7,14,41,16,5,17,20,16,478,15,126,32,59,3,10,685,28,4,14,10,151,10,7,15,49,10,22,200,10,6,5,23,5,4,18,195,25,97,53,85,6,139,38,24,22,20,31,20,14,5
"COG3329",6,13,125,9,0,0,121,108,21,44,4,57,37,67,6,107,6,78,44,14,97,1,9,19,56,81,46,10,79,87,10,50,65,25,49,17,1,80,119,48,2,118,9,57,4,57,6,110,46,45,15,56,47,44,87,61,20,91,2,86,1,13,157,92,94,1,92,70,50,0,3,30,58,81,145,66,93,8,47,64,59,64,47,36,57,2,73,19,54,10,21,4,18,79,33,26,206,86,108,88
"COG3330",0,10,155,27,0,0,109,89,34,9,1,36,0,42,16,82,0,83,29,8,73,0,0,28,41,69,20,0,83,63,1,39,65,17,32,19,0,48,83,7,0,141,0,44,0,33,16,97,12,22,5,63,12,26,112,39,6,60,0,74,0,1,156,58,0,0,75,81,9,0,0,19,56,59,150,77,86,0,30,55,4,61,38,13,17,0,51,3,24,8,2,1,30,85,15,35,231,103,100,52
"COG3331",0,0,1,0,0,0,0,0,0,0,1,0,0,0,0,0,0,0,0,0,0,0,0,0,0,0,0,0,0,0,0,0,0,0,0,1,0,0,0,0,0,0,0,0,0,0,0,0,0,0,0,1,0,0,0,0,0,0,0,0,0,1,1,0,0,0,0,0,0,0,0,0,0,0,0,0,0,0,0,0,1,0,0,0,0,0,2,0,0,0,1,0,1,0,0,1,1,1,0,0
"COG3332",21,36,20,27,23,28,21,25,33,34,32,22,38,20,18,29,78,15,44,15,20,57,40,21,38,18,16,20,41,23,42,12,12,53,54,22,71,20,25,42,36,23,37,19,23,12,53,47,26,28,13,26,28,58,22,12,21,21,39,17,34,24,15,38,23,101,26,21,26,46,16,23,31,11,14,6,23,39,12,12,20,27,38,15,25,20,18,13,35,21,17,18,20,18,19,18,6,16,15,12
"COG3333",374,278,117,551,309,351,317,307,655,764,299,263,190,298,314,416,38,249,419,441,236,416,167,518,323,311,382,242,333,219,268,265,247,218,226,339,261,320,301,288,344,302,303,325,434,268,266,96,308,252,272,242,196,489,189,264,191,415,329,353,435,470,153,316,151,282,352,374,262,225,405,331,441,321,327,420,399,389,238,425,322,298,498,322,384,368,374,381,376,393,285,442,214,231,570,411,138,217,165,335
"COG3334",0,1,2,0,1,0,3,1,0,0,3,1,4,4,1,1,0,1,1,2,5,0,2,0,3,3,0,3,6,4,2,0,0,10,5,1,7,1,3,4,0,2,5,0,1,0,0,3,2,0,0,3,2,1,1,2,0,1,1,2,3,2,5,4,1,2,1,0,1,0,1,3,2,0,3,1,2,2,0,0,0,6,1,3,0,8,0,0,1,5,2,1,4,1,2,4,2,2,3,2
"COG3335",53,101,46,8,142,31,40,4,15,9,415,18,48,15,25,11,343,8,7,100,21,292,89,11,55,13,4,38,4,24,166,14,9,47,43,55,348,9,11,19,14,7,131,20,66,10,146,76,6,3,8,17,27,1,14,12,26,6,358,9,58,63,30,1,4,294,10,1,6,37,78,7,10,14,14,4,12,167,25,4,2,12,10,12,8,166,21,116,5,31,4,103,27,9,7,20,22,14,9,5
"COG3336",40,21,14,25,0,20,19,38,16,33,26,27,41,31,0,24,17,28,8,40,23,3,37,23,26,25,28,47,20,28,19,29,32,17,110,111,24,27,33,46,33,24,81,20,29,26,16,14,31,32,32,23,47,25,18,31,48,45,16,45,26,34,7,39,48,19,24,26,45,0,36,20,15,36,8,38,22,62,54,25,55,24,18,33,56,49,40,19,35,58,68,43,19,33,22,24,11,12,15,33
"COG3338",3,11,11,3,3,4,2,3,4,4,1,1,3,2,5,2,1,1,3,1,0,1,16,1,3,2,2,1,0,4,4,2,0,10,1,1,1,0,1,2,2,2,3,2,2,2,5,2,3,2,1,0,11,6,0,3,0,4,1,3,6,0,4,1,2,3,4,3,1,3,0,2,4,4,2,1,6,3,0,1,0,5,2,2,2,1,1,5,0,7,0,2,2,2,3,3,1,1,1,2
"COG3339",5,5,53,6,0,4,49,38,12,12,2,9,5,17,4,48,3,28,15,9,27,2,32,8,26,27,8,5,21,21,12,11,29,15,15,34,8,17,40,9,5,48,19,15,2,9,5,46,5,13,5,21,7,10,26,21,4,31,8,31,4,1,50,24,1,8,33,30,4,1,4,11,21,15,61,24,44,10,10,10,2,20,9,5,9,21,16,1,16,12,3,4,11,22,8,26,68,29,28,22
"COG3340",23,28,87,47,83,33,101,112,43,61,22,84,62,97,64,126,80,101,106,28,106,68,50,51,80,94,100,35,121,102,32,110,85,61,60,33,22,86,91,64,33,102,24,92,29,116,20,119,81,78,93,84,52,97,105,98,78,90,15,57,13,32,117,131,43,17,74,70,102,107,28,70,107,86,118,52,96,26,85,55,84,91,85,76,68,38,62,91,90,37,59,18,64,96,65,49,145,146,111,106
"COG3341",7,0,12,1,26,4,2,1,0,1,0,16,2,5,11,3,2,6,4,0,2,23,5,2,2,2,7,4,3,5,4,4,0,6,1,5,2,2,6,1,0,2,5,7,3,7,1,5,3,1,4,4,2,3,7,6,2,0,1,2,3,3,6,0,1,1,5,4,1,58,2,2,2,5,4,1,9,1,7,6,1,2,3,2,0,17,8,39,0,5,0,3,16,5,7,6,5,5,5,5
"COG3342",97,103,44,67,36,83,40,19,28,15,111,34,71,21,26,34,7,41,20,89,74,24,73,56,38,17,27,78,15,43,66,38,26,52,65,69,96,26,25,79,129,160,67,29,122,32,89,32,34,20,21,42,63,19,33,53,73,18,126,36,113,108,43,15,41,73,20,39,48,15,119,59,26,27,108,73,60,88,47,47,44,85,18,32,29,90,38,36,15,84,25,101,75,33,31,70,23,22,35,28
"COG3344",148,90,140,13,44,124,115,18,36,8,166,81,149,90,83,16,1479,14,9,76,59,69,326,12,205,20,2,65,7,49,657,17,11,268,166,95,167,9,42,33,65,14,384,39,71,10,112,392,9,7,3,19,64,12,36,20,94,23,212,25,35,85,112,6,8,123,34,9,68,21,108,9,22,31,76,22,20,206,30,37,9,42,8,6,20,131,25,24,36,69,10,138,81,37,55,9,45,48,43,7
"COG3345",16,23,34,23,100,14,4,1,8,3,5,20,15,19,31,5,92,5,2,11,11,103,42,11,35,2,9,11,3,8,47,9,3,48,56,37,3,5,1,16,6,5,25,4,28,14,37,32,7,2,2,11,14,4,0,16,7,4,17,7,5,18,16,0,1,4,10,3,17,93,15,4,7,2,2,20,8,8,2,12,0,6,2,3,1,19,14,87,4,6,2,13,15,11,15,15,3,10,6,1
"COG3346",46,55,59,201,215,56,128,211,246,258,31,137,48,119,194,155,99,114,206,44,85,194,46,205,86,128,170,31,149,163,65,134,105,73,85,54,28,114,146,99,44,123,61,176,40,134,21,82,128,172,173,133,45,206,97,101,117,182,36,159,28,35,75,151,56,28,131,174,102,259,51,106,170,197,110,131,155,47,74,178,117,85,134,154,88,36,187,157,186,67,210,30,124,63,154,200,76,102,66,187
"COG3347",196,203,93,166,84,172,116,92,114,78,170,124,255,123,136,90,187,147,125,247,139,90,163,162,141,151,160,209,89,78,201,170,141,155,166,253,199,153,92,155,236,125,176,128,237,165,257,89,167,70,121,81,229,130,129,129,153,143,159,132,242,215,65,112,210,249,118,124,108,60,208,130,154,165,100,217,131,201,200,165,149,111,129,140,143,223,133,107,150,228,60,271,79,145,117,103,46,114,100,87
"COG3349",15,23,456,83,13,9,372,287,105,38,6,114,19,185,116,273,7,305,116,29,273,9,32,114,145,246,105,18,233,149,8,145,178,76,156,60,7,202,267,99,4,382,4,141,12,112,23,279,64,74,17,266,45,78,301,161,40,219,9,277,11,10,455,209,13,8,229,213,27,11,12,114,160,161,448,341,271,3,98,215,41,260,146,97,60,8,183,31,111,40,18,13,129,232,75,215,570,354,366,174
"COG3350",1,4,0,0,0,3,1,0,0,0,1,0,1,0,0,1,1,0,0,0,0,0,2,0,1,0,0,1,0,0,1,0,0,4,3,5,2,0,1,1,1,1,1,0,3,0,2,1,0,0,0,0,2,0,0,1,1,1,2,0,2,0,1,0,1,3,0,0,0,0,1,0,0,0,0,0,0,3,0,0,0,0,0,0,0,2,0,0,0,2,0,3,0,0,0,1,0,0,0,0
"COG3354",0,0,0,0,0,0,0,0,0,0,0,0,0,1,0,0,0,0,0,0,0,0,1,0,0,0,0,0,0,1,0,0,0,0,1,0,0,0,1,0,0,0,0,1,0,0,0,0,0,1,0,0,0,0,0,0,0,0,0,0,0,0,0,0,0,0,0,0,0,0,0,0,0,1,1,0,1,0,0,0,0,0,0,0,0,0,0,0,0,0,0,0,0,1,0,0,0,0,0,1
"COG3356",138,32,5,1,0,195,2,1,0,0,36,6,80,8,0,3,0,3,0,190,31,0,11,1,58,2,0,89,4,4,73,14,7,31,14,120,9,7,2,30,127,1,45,0,120,16,16,4,27,11,6,3,62,0,28,15,4,4,65,6,154,151,7,5,173,16,2,3,57,0,185,29,0,0,1,2,0,195,8,0,60,7,1,15,65,151,3,3,1,130,12,174,2,14,2,2,3,17,15,1
"COG3357",0,0,0,0,0,0,0,0,0,0,1,0,0,0,0,0,0,0,0,0,0,0,0,0,0,0,0,0,0,0,0,0,0,0,0,0,1,0,1,0,0,0,0,0,0,0,1,0,0,0,0,0,0,0,0,0,0,0,0,0,0,0,0,0,0,1,0,0,0,0,0,0,0,0,0,0,0,0,0,0,0,0,0,0,0,0,0,1,0,0,0,0,0,0,0,0,0,0,0,0
"COG3358",19,11,22,3,29,15,9,4,6,3,17,22,20,6,12,11,3,14,14,16,8,28,12,5,7,8,6,17,6,29,13,11,6,10,16,38,11,8,9,9,26,3,31,23,16,11,17,4,14,32,18,15,3,7,7,16,12,6,13,7,18,19,13,6,11,11,5,10,10,52,26,5,9,9,12,6,9,21,6,2,15,3,7,7,15,38,11,39,13,26,5,24,40,5,8,16,12,5,15,23
"COG3359",1,2,6,1,2,0,4,2,2,2,27,0,1,1,0,5,1,1,1,4,4,0,4,3,1,2,5,0,2,3,2,0,1,6,6,3,22,0,3,3,3,3,1,0,6,1,3,3,1,4,1,4,5,2,1,3,1,0,9,3,1,2,5,3,3,16,0,0,0,0,4,1,3,0,0,3,1,0,0,2,1,2,5,0,0,5,1,0,5,3,3,2,2,1,0,2,5,1,1,1
"COG3360",2,18,5,0,1,11,2,0,0,0,11,0,0,1,0,1,0,0,0,0,0,0,2,0,0,0,0,0,0,0,13,0,0,3,1,0,41,0,0,1,22,0,9,0,3,0,32,8,0,0,0,2,0,0,0,0,1,0,7,0,1,0,1,1,0,41,0,1,2,0,0,0,1,0,0,0,0,5,0,0,0,2,0,0,3,1,0,0,1,1,0,1,1,1,0,0,1,0,0,0
"COG3361",11,0,13,8,22,4,13,3,7,6,0,38,9,23,1,10,1,13,5,9,20,22,19,24,9,12,13,14,9,15,5,23,12,28,20,27,1,23,7,18,4,5,11,11,3,29,2,17,31,19,17,16,7,4,29,13,9,8,1,8,4,7,31,16,4,1,13,9,19,52,14,24,10,8,6,7,7,17,22,16,14,28,1,14,9,12,7,16,8,12,23,11,35,12,10,8,21,17,25,19
"COG3363",0,0,0,0,0,0,0,0,0,0,0,0,0,0,0,0,0,0,0,0,1,0,1,0,0,0,0,0,0,0,0,0,0,0,0,0,0,0,0,2,0,0,1,0,0,0,0,0,0,0,0,0,3,0,0,0,0,0,0,0,0,0,0,0,1,0,0,0,0,0,0,0,0,0,0,0,0,1,0,0,4,0,0,0,1,0,0,0,0,0,0,0,1,0,0,0,0,0,0,0
"COG3364",0,0,0,0,0,0,0,0,0,0,10,0,1,0,0,0,0,0,0,0,0,0,0,0,0,0,0,0,0,0,0,0,0,1,0,0,7,0,0,0,0,0,0,0,0,0,0,0,0,0,0,0,0,0,0,0,0,0,1,0,0,0,0,0,0,2,0,0,0,0,0,0,0,0,0,0,0,0,0,0,0,0,0,0,0,0,0,0,0,0,0,0,0,0,0,0,0,0,0,0
"COG3365",0,0,0,0,0,0,0,0,0,0,3,0,0,0,0,0,0,0,0,0,0,0,0,0,0,0,0,0,0,0,0,0,0,0,0,0,4,0,0,0,0,0,0,0,0,0,0,0,0,0,0,0,0,0,0,0,0,0,2,0,0,0,0,0,0,1,0,0,0,0,0,0,0,0,0,0,0,0,0,0,0,0,0,0,1,0,0,0,0,0,0,0,0,0,0,0,0,0,0,0
"COG3367",90,96,65,62,65,90,33,21,55,46,146,61,70,44,50,41,62,32,26,78,60,95,65,72,57,50,59,90,56,50,68,70,49,73,66,62,106,56,49,64,114,53,65,47,100,71,108,37,67,59,68,81,86,39,54,59,64,36,143,48,108,105,35,54,57,104,45,48,73,44,101,66,42,59,40,68,32,77,64,60,57,97,56,56,55,69,75,86,57,93,55,95,72,53,41,78,26,43,67,55
"COG3369",0,3,1,0,5,0,1,0,1,1,3,0,1,0,4,1,0,0,0,6,0,2,4,0,4,0,0,4,0,0,3,4,0,1,0,2,10,1,0,2,5,2,2,0,2,3,4,0,2,0,0,0,2,1,5,0,0,0,2,0,6,5,3,0,1,7,1,0,0,0,3,1,0,0,0,0,2,6,0,0,0,2,0,1,1,5,0,6,0,2,1,8,0,0,1,1,0,1,6,0
"COG3371",1,0,0,0,0,0,0,0,0,0,0,0,2,0,0,0,0,0,0,0,0,0,2,0,0,0,0,2,0,0,1,0,0,0,0,0,1,0,0,1,0,0,0,0,0,0,0,0,0,0,0,0,0,0,0,0,1,0,1,0,0,0,0,0,1,2,0,0,0,0,0,0,0,0,0,0,0,2,0,0,0,0,0,0,1,2,0,0,0,0,0,2,0,0,0,0,0,0,0,0
"COG3372",17,20,1,0,0,15,2,1,7,1,11,0,1,1,0,0,1,0,1,32,1,0,8,0,9,0,0,7,0,4,10,0,5,2,1,9,16,0,8,1,19,3,10,0,21,3,10,0,5,0,1,0,9,0,1,3,0,1,13,0,34,24,0,1,3,7,0,0,0,0,25,1,0,0,0,0,0,28,5,0,0,4,1,1,3,32,1,0,0,22,0,35,0,5,0,0,0,0,3,0
"COG3375",7,0,1,0,0,4,0,0,0,1,5,0,3,2,0,0,0,1,0,6,2,0,3,0,0,0,0,7,1,0,1,0,0,0,0,6,3,0,0,5,5,1,4,0,2,0,3,0,1,0,1,0,2,0,0,1,1,0,3,0,9,7,0,0,0,4,0,0,1,0,10,0,0,1,0,1,1,5,0,1,2,2,0,1,1,9,1,0,0,3,1,6,0,1,0,0,1,0,0,1
"COG3376",1,0,0,0,0,0,0,0,0,0,0,0,0,0,0,0,0,1,0,0,0,0,0,1,0,0,0,0,0,0,0,0,0,0,1,5,0,0,0,0,0,0,1,0,0,1,0,0,1,0,0,0,0,0,1,0,0,0,0,0,0,1,1,0,0,0,0,1,0,0,2,0,0,0,0,0,0,1,1,0,0,0,0,0,0,0,1,0,0,0,0,0,1,0,0,0,0,0,0,1
"COG3377",0,1,0,0,1,0,1,0,0,0,0,0,0,0,0,0,0,0,1,0,1,3,0,0,0,0,0,0,0,0,0,0,0,0,0,0,0,0,0,0,0,0,0,0,0,0,0,0,0,0,0,0,1,2,0,0,0,1,0,0,0,0,0,1,0,0,0,0,0,3,0,0,1,0,1,0,2,0,1,0,0,1,0,0,0,0,0,3,0,0,0,0,0,0,0,0,0,3,0,0
"COG3378",30,40,32,93,165,17,52,22,79,67,115,42,41,71,34,41,18,128,50,25,69,141,47,94,51,47,76,31,46,42,38,165,23,26,88,27,100,90,58,59,34,80,24,59,41,182,78,82,65,35,39,55,56,28,23,48,66,82,111,70,26,35,25,53,32,92,181,70,28,53,32,40,44,56,36,112,72,52,132,87,72,201,73,194,61,33,83,271,92,47,45,26,51,51,41,45,21,41,41,45
"COG3379",8,39,10,2,24,9,1,0,0,0,91,2,18,2,1,1,1,4,2,8,2,67,12,0,7,0,4,9,0,1,7,0,1,7,4,16,88,0,0,10,14,0,5,2,9,1,112,8,3,2,0,3,9,2,0,1,3,1,89,0,8,12,6,1,6,69,0,0,0,30,14,0,0,6,2,0,0,9,0,1,2,3,0,1,1,29,1,20,1,15,0,9,3,4,1,1,4,1,0,2
"COG3380",12,4,72,149,156,3,113,201,208,197,1,112,12,73,148,177,9,126,173,12,73,166,14,173,61,106,147,19,117,159,19,71,76,72,68,27,0,94,176,109,3,137,27,146,5,84,2,42,122,179,148,141,22,172,72,117,72,186,9,160,17,8,122,125,19,1,160,153,73,236,12,79,143,168,73,149,134,16,16,161,88,110,125,154,90,7,145,66,157,38,186,7,178,63,132,160,89,81,62,191
"COG3381",7,28,2,14,11,13,8,11,16,5,28,2,8,5,10,2,5,5,0,16,11,16,20,9,10,3,3,9,8,2,11,5,7,7,6,7,21,7,4,4,23,8,8,1,11,2,25,5,4,0,0,2,8,0,5,5,2,7,26,5,13,19,0,3,2,32,12,10,1,4,26,12,6,3,17,15,15,24,4,4,2,6,5,3,2,18,7,8,2,16,0,19,2,4,10,19,2,4,4,3
"COG3382",1,2,0,0,0,5,0,0,0,0,8,1,3,0,0,0,0,1,0,1,1,0,2,2,0,0,1,10,1,2,3,0,0,0,3,7,28,1,0,5,4,3,3,1,3,0,1,1,1,0,0,0,3,0,0,4,0,1,7,4,0,6,1,0,0,13,2,1,0,0,3,2,1,0,1,2,0,3,1,0,1,0,0,1,0,3,3,0,1,2,0,2,0,0,0,2,1,0,0,0
"COG3383",427,623,97,520,536,467,152,200,297,134,522,287,442,304,389,171,42,270,163,486,287,665,347,539,236,254,429,489,213,141,236,339,237,223,229,288,641,327,139,455,578,246,258,181,499,315,712,102,403,81,299,155,486,147,263,323,215,295,621,285,498,522,114,255,450,722,182,246,417,875,439,396,275,334,243,349,271,403,451,418,394,333,249,355,443,398,318,296,197,373,102,463,150,184,414,350,80,265,211,338
"COG3384",92,54,39,12,31,81,40,20,5,1,29,88,49,59,21,18,96,48,5,80,59,3,86,24,78,51,21,112,25,51,122,43,41,66,63,71,30,27,27,84,93,29,85,15,94,57,39,69,71,53,40,26,92,9,80,67,27,34,53,28,101,109,67,27,23,19,25,45,74,2,101,57,11,14,13,29,10,71,87,33,32,104,4,46,28,88,17,8,15,78,39,110,51,33,14,11,33,38,75,28
"COG3385",134,100,41,4,20,58,66,3,16,8,244,89,61,91,49,2,559,2,3,94,37,26,156,4,238,1,4,48,0,9,333,1,7,132,86,79,236,5,13,10,46,0,316,16,87,3,141,185,6,2,4,4,22,2,26,6,36,1,233,13,30,93,35,2,7,211,19,2,80,1,97,4,6,34,23,4,5,119,39,18,1,16,4,0,4,172,19,4,12,38,4,90,22,23,27,13,11,49,42,2
"COG3386",253,265,206,208,225,236,191,170,240,270,258,170,331,197,244,219,182,187,273,335,298,260,400,195,220,203,214,342,275,212,270,271,207,447,310,282,252,218,180,443,301,167,306,241,324,301,269,176,274,227,244,204,324,316,225,200,231,157,280,194,291,298,174,248,241,261,172,178,177,216,310,215,255,240,190,252,176,316,184,203,251,222,252,229,270,337,216,190,157,259,144,345,220,219,259,215,118,218,211,229
"COG3387",98,8,23,6,6,13,42,14,30,118,45,12,20,29,38,53,8,6,65,27,18,2,31,13,33,12,18,29,40,13,54,29,8,9,59,157,57,32,27,16,16,14,108,16,18,38,16,20,25,17,31,6,13,48,10,18,6,17,31,11,24,10,9,51,7,46,21,16,16,2,58,15,43,11,36,7,17,51,2,13,20,11,73,8,21,89,23,20,23,51,5,36,9,29,56,33,6,11,27,14
"COG3388",0,0,0,0,0,0,0,0,0,0,0,0,1,0,0,0,0,0,0,0,0,0,0,0,1,0,0,0,0,0,0,0,0,0,0,0,0,0,0,0,0,0,0,0,0,0,0,0,0,0,0,0,0,0,0,0,0,0,1,0,0,0,0,0,0,0,0,0,0,0,0,0,0,0,0,0,0,0,0,0,0,0,0,0,0,0,0,0,0,0,0,0,0,0,0,0,0,0,0,0
"COG3389",9,7,14,9,25,11,7,10,0,0,6,87,11,30,0,14,7,26,10,9,32,0,26,11,10,28,11,63,21,48,5,27,17,35,40,8,7,20,20,34,26,14,4,11,17,20,13,22,30,38,31,26,44,3,48,32,9,15,8,18,13,28,60,12,7,1,16,35,19,0,7,39,11,21,15,15,5,16,48,28,23,39,0,22,12,10,4,1,5,17,45,12,71,23,5,1,26,22,30,19
"COG3390",12,13,10,5,19,11,8,14,0,0,10,36,14,14,0,15,4,22,11,13,29,0,24,6,8,24,10,38,24,31,4,30,19,25,21,6,11,20,11,34,25,5,4,6,18,25,7,15,26,36,19,13,48,4,32,21,15,15,6,10,10,13,32,13,10,3,12,15,21,0,10,24,4,3,8,15,3,6,41,17,17,40,0,28,10,8,3,1,2,16,19,13,25,8,1,0,15,12,26,11
"COG3391",523,488,144,102,87,459,104,56,102,102,657,109,781,125,109,81,169,113,60,771,298,213,817,98,295,99,105,792,121,149,483,168,144,413,350,372,458,105,119,590,592,82,510,133,717,146,465,176,232,143,123,161,654,84,172,167,287,56,633,88,732,736,124,132,536,462,82,89,206,298,708,175,83,85,104,68,75,783,128,72,275,197,76,166,418,790,113,204,79,548,137,776,178,199,91,117,108,112,156,86
"COG3392",28,14,9,16,8,27,17,7,7,10,16,3,13,10,10,9,2,13,14,18,18,5,79,15,21,18,17,13,3,15,14,27,13,9,10,16,21,21,17,15,24,10,16,15,18,28,20,10,11,12,16,7,17,10,12,10,26,8,10,12,18,20,14,9,14,16,24,12,8,7,27,13,11,15,8,11,13,26,16,20,16,13,8,17,18,30,17,10,19,25,19,28,14,20,3,8,14,8,13,11
"COG3393",1,3,2,2,0,0,1,3,1,0,1,0,1,0,0,2,1,1,2,2,0,0,5,4,4,0,0,0,1,1,3,0,0,3,5,2,1,0,4,1,4,4,3,0,2,0,3,1,1,0,0,0,1,3,0,0,1,1,3,0,3,2,0,1,0,2,1,0,0,34,1,1,5,2,1,1,0,2,0,1,0,0,0,1,0,1,4,2,0,6,0,2,3,1,3,4,3,0,0,0
"COG3394",7,17,3,11,22,18,7,3,3,5,13,12,8,13,31,7,1,7,10,17,6,56,9,8,9,4,19,5,10,9,8,20,7,7,9,13,24,14,7,14,18,10,6,14,19,19,13,5,8,15,22,8,14,21,6,14,12,10,31,13,17,21,5,12,13,23,13,7,9,34,22,20,14,16,11,13,10,20,15,10,17,11,22,9,6,9,8,54,8,25,11,20,9,12,18,27,10,9,9,14
"COG3395",7,17,171,45,58,3,184,188,62,21,19,45,15,82,34,121,11,120,64,21,166,74,36,41,68,95,51,9,126,61,10,49,85,40,86,61,12,75,115,46,9,187,23,67,14,51,14,147,26,24,7,62,44,67,132,72,20,133,15,131,9,16,168,130,6,12,136,119,3,7,15,52,109,64,202,133,165,28,30,90,7,69,67,35,19,15,53,50,55,23,7,10,31,80,35,72,252,157,161,70
"COG3396",108,106,65,65,149,115,53,55,32,20,82,99,78,59,27,44,53,58,33,116,74,169,103,63,74,59,61,100,47,70,119,67,50,118,79,81,50,44,61,117,143,66,113,33,152,64,83,60,84,45,38,57,84,36,72,74,54,47,91,44,116,153,103,44,53,55,50,50,51,43,119,75,45,60,73,63,54,126,79,52,36,106,28,71,29,131,36,105,22,139,42,131,83,50,51,64,57,44,76,54
"COG3397",20,2,0,0,4,3,1,1,2,0,4,1,3,2,25,1,12,0,2,1,5,0,23,0,5,5,0,2,4,0,9,5,1,1,7,2,3,1,2,4,6,2,4,2,4,2,1,9,3,3,2,1,1,1,5,5,4,2,2,4,2,4,5,1,1,2,3,1,2,0,0,1,0,0,0,0,0,1,5,0,3,1,2,1,1,2,1,6,3,6,4,1,0,2,1,1,1,3,7,1
"COG3398",33,10,20,18,72,26,14,10,0,0,13,54,64,33,0,4,8,21,2,44,60,0,29,16,12,31,19,98,15,39,13,42,13,56,38,15,9,41,14,89,52,13,15,10,43,37,19,31,62,35,28,25,101,4,40,34,19,12,12,16,35,47,43,12,127,7,9,23,41,0,49,67,8,14,16,16,2,42,39,31,44,55,0,37,56,23,11,1,2,20,37,44,62,9,5,3,28,22,42,23
"COG3399",0,1,0,0,0,0,0,0,0,0,0,0,0,0,1,0,0,0,0,0,0,0,2,0,0,0,0,0,0,0,1,0,0,0,0,0,0,0,0,0,0,0,3,0,0,0,0,3,1,0,0,0,0,0,0,0,0,0,0,0,0,0,1,0,0,0,0,0,0,0,0,0,0,0,0,0,1,0,0,0,0,0,0,0,0,0,0,0,0,0,0,0,0,0,0,0,0,0,0,0
"COG3400",0,1,3,30,0,1,7,32,9,16,1,28,10,32,5,17,3,32,16,3,9,0,2,29,9,35,40,5,27,36,0,24,34,0,10,2,0,25,39,15,0,13,0,25,0,26,1,3,25,38,33,31,9,10,4,37,31,38,1,49,0,0,7,25,10,0,28,28,39,0,0,19,9,37,3,36,21,0,58,38,43,31,32,33,26,2,58,28,33,3,75,0,10,24,24,40,1,9,5,51
"COG3401",1,4,5,3,0,3,2,1,0,1,7,4,26,5,6,1,180,2,2,3,4,1,43,0,4,2,2,2,0,1,45,1,1,24,26,4,5,4,2,10,4,0,4,1,6,1,13,36,3,4,2,0,7,2,3,3,27,0,18,3,6,5,10,1,4,2,7,1,2,1,3,6,0,0,1,2,0,8,6,1,5,5,6,4,4,6,0,0,0,4,0,2,3,4,3,0,4,2,3,0
"COG3402",4,0,1,0,2,2,6,0,1,1,1,0,1,0,1,2,0,0,1,3,1,6,2,0,1,1,0,2,0,1,3,0,0,0,11,23,1,0,1,0,1,2,8,0,1,0,0,2,0,0,0,0,1,0,0,1,0,1,1,0,5,0,0,0,0,0,0,0,1,6,5,0,3,0,1,1,0,8,0,0,0,0,0,0,1,2,2,1,0,8,0,0,0,2,2,0,1,1,0,0
"COG3403",4,1,1,0,1,9,2,0,2,0,5,6,2,7,4,0,31,0,0,4,2,0,7,0,7,0,0,5,0,0,7,0,1,2,10,21,2,1,0,1,2,0,21,1,6,1,0,8,1,0,0,0,2,2,2,1,4,1,0,0,4,4,0,0,0,0,0,1,6,0,12,0,0,1,2,0,0,9,0,1,0,0,1,0,3,11,0,1,0,9,0,11,0,2,4,0,0,2,3,0
"COG3404",54,109,63,20,43,60,30,14,5,25,156,61,46,61,17,21,5,69,15,42,61,62,52,30,43,36,41,85,39,63,36,52,65,64,62,36,107,43,35,53,79,31,25,32,62,38,91,50,76,93,54,42,67,11,75,74,80,21,111,45,71,39,71,42,62,98,36,47,93,54,57,66,15,38,45,18,25,40,51,35,68,61,16,52,43,47,30,68,33,62,64,61,121,61,24,28,42,36,77,38
"COG3405",10,5,1,0,2,11,6,0,0,1,11,11,1,5,15,0,60,0,0,5,4,1,7,0,12,0,0,0,1,0,29,0,1,13,8,2,1,0,1,2,2,0,17,3,9,1,1,15,0,0,0,0,1,1,2,0,4,0,3,0,2,5,2,0,0,2,0,0,12,0,7,0,1,3,4,0,0,1,1,2,0,0,0,0,1,2,2,8,0,2,0,4,0,3,3,1,0,3,2,0
"COG3407",29,18,31,25,89,15,15,13,30,62,13,42,14,29,57,30,1,21,29,17,24,101,20,25,16,17,60,31,32,40,11,60,23,27,19,35,13,39,24,21,11,13,16,62,20,62,24,20,38,21,32,18,22,34,28,30,20,12,13,18,33,18,23,37,18,5,17,24,22,125,19,36,30,58,45,22,29,15,27,18,18,16,52,23,11,33,30,109,16,21,19,14,58,22,44,37,31,17,23,40
"COG3408",50,19,26,2,0,28,12,2,5,1,12,5,16,4,3,5,4,5,10,54,11,1,38,6,17,5,2,39,4,11,26,4,4,34,32,59,7,4,2,9,21,5,68,4,41,8,12,17,7,1,4,17,8,5,8,3,0,6,16,10,40,30,11,4,5,7,10,5,2,1,53,9,1,6,9,8,8,45,2,6,5,15,6,4,5,52,7,5,11,24,1,43,13,12,1,10,15,5,10,3
"COG3409",28,16,20,72,8,32,33,80,23,75,13,83,32,112,4,59,17,95,16,29,40,5,19,98,37,123,92,27,62,98,21,78,70,15,85,65,29,82,107,59,18,68,91,66,27,55,7,19,88,86,97,98,74,26,19,103,51,115,16,114,20,21,23,74,41,22,93,115,116,0,33,67,49,95,23,122,66,37,111,113,126,95,72,98,107,32,147,76,83,53,205,25,55,65,81,87,15,29,23,153
"COG3410",1,7,4,0,1,6,6,3,0,1,13,2,1,3,2,1,4,1,0,2,2,3,11,1,7,3,0,2,1,2,6,1,0,10,0,22,16,0,2,0,0,1,7,2,1,1,8,2,2,2,4,3,0,2,4,0,2,4,17,3,4,2,3,2,1,11,6,0,2,1,4,2,1,4,4,0,0,12,0,3,1,2,1,1,3,2,2,3,0,3,3,4,3,0,0,2,1,1,1,3
"COG3411",25,38,19,11,13,30,47,34,13,7,37,6,24,27,10,38,4,48,19,25,33,1,30,13,30,10,8,44,22,7,17,18,8,13,30,35,32,18,28,33,34,41,23,1,29,17,36,10,20,2,5,15,40,11,35,40,11,27,31,31,21,36,20,27,17,32,29,31,13,8,19,18,24,5,47,30,34,36,10,27,22,26,16,30,23,29,18,12,24,23,9,27,8,10,8,18,5,34,46,7
"COG3412",0,2,0,0,0,0,0,0,0,3,0,0,0,0,0,0,0,0,0,0,1,0,0,0,0,0,0,0,0,0,0,0,0,0,0,0,0,0,0,2,1,1,0,0,0,0,0,1,0,0,0,0,0,1,0,2,0,0,0,1,1,0,0,0,1,1,0,1,0,0,0,0,0,0,0,0,3,0,0,0,0,1,0,1,0,0,0,0,2,0,0,0,0,3,0,0,0,0,0,0
"COG3413",4,5,1,4,4,4,1,1,0,0,0,10,3,7,0,2,3,5,1,1,6,0,1,8,4,3,7,0,7,6,3,7,2,5,3,2,2,2,3,3,3,3,2,1,9,5,3,6,3,11,5,1,4,1,12,4,3,1,3,1,6,2,5,4,0,2,3,5,8,0,4,0,5,2,3,6,0,0,16,5,5,4,0,6,1,2,3,0,0,3,6,8,5,0,1,0,8,1,9,5
"COG3414",0,0,0,0,0,0,1,0,0,0,0,0,0,0,3,0,5,0,0,0,0,0,12,0,0,0,0,0,0,0,0,0,0,0,1,0,0,0,0,0,0,1,10,0,0,0,0,0,0,0,0,0,0,0,0,0,0,0,0,0,1,0,0,0,0,0,0,0,0,0,0,0,0,0,1,0,0,1,0,0,0,0,0,0,0,0,0,0,0,0,0,0,0,0,0,0,0,0,0,0
"COG3415",7,17,13,0,9,5,10,1,2,5,33,2,27,1,10,3,231,1,1,28,3,1,31,0,13,9,0,7,1,1,54,3,1,21,16,12,49,1,3,3,4,0,27,3,13,2,36,33,0,0,1,2,5,0,3,9,10,0,53,2,8,7,9,0,1,46,3,0,0,1,10,0,2,4,6,1,2,35,63,2,0,3,1,5,1,26,3,16,4,7,0,17,8,0,4,2,9,2,6,3
"COG3417",11,4,9,0,0,5,3,2,2,3,0,1,9,0,13,1,5,1,0,3,2,0,14,0,2,4,1,1,0,3,14,3,2,15,3,3,0,1,2,6,2,2,2,1,3,2,3,7,3,3,3,4,6,2,2,1,3,0,3,2,1,10,11,2,2,2,0,1,5,0,2,0,3,1,2,0,1,7,2,0,0,6,0,2,1,13,0,4,0,6,1,4,5,5,1,1,4,6,2,2
"COG3418",2,2,0,0,0,0,0,0,0,0,0,0,0,0,0,0,2,0,0,0,0,0,6,0,0,0,0,1,0,0,4,0,0,1,2,0,0,0,0,0,0,0,6,0,0,0,1,4,0,0,0,0,0,0,0,0,0,1,1,0,0,1,0,0,2,0,3,0,1,0,0,0,0,0,0,0,0,0,0,0,0,0,0,0,0,0,0,0,2,0,0,0,0,0,0,0,0,0,0,0
"COG3419",169,344,98,47,147,175,186,287,107,103,126,176,254,168,135,204,484,202,237,92,93,112,277,63,187,193,75,145,100,163,260,84,164,207,168,42,179,101,253,154,110,185,186,260,146,103,233,194,85,251,225,171,173,243,128,251,183,236,184,169,73,114,104,114,265,199,163,203,288,141,62,247,75,229,83,141,114,106,244,63,171,197,117,192,281,67,181,80,417,88,189,67,120,200,130,155,60,111,87,160
"COG3420",6,19,18,0,0,7,2,2,0,1,12,8,9,2,2,0,6,4,2,5,3,0,5,1,8,4,3,2,3,3,7,1,8,4,11,5,5,3,4,7,16,1,16,0,12,1,10,10,2,6,3,3,14,0,7,16,9,8,22,3,13,6,10,4,5,5,4,4,0,0,10,4,0,1,4,0,1,12,5,1,4,0,0,1,5,7,4,6,3,5,2,8,2,16,0,3,3,2,4,2
"COG3421",9,0,7,4,3,1,7,2,1,1,4,2,2,1,1,5,8,3,3,2,2,0,5,3,4,5,6,2,2,3,9,2,2,4,7,2,9,5,7,2,1,2,8,6,1,3,0,11,1,4,8,4,0,2,1,1,3,6,3,2,2,0,8,2,0,3,10,2,4,1,1,1,1,4,5,4,4,6,5,4,4,7,2,1,5,0,8,2,4,3,7,0,3,0,3,7,3,2,1,6
"COG3422",1,0,1,9,0,2,0,4,2,3,0,3,0,0,2,2,7,0,1,1,0,0,1,12,1,1,1,1,5,2,3,0,0,2,0,5,1,1,1,1,2,2,7,0,2,1,1,3,5,0,5,2,3,2,1,1,1,4,3,1,1,0,2,1,0,0,4,0,0,0,3,1,1,4,1,1,1,4,3,11,1,1,4,3,2,4,8,2,5,3,3,2,1,2,3,4,1,0,0,6
"COG3423",1,0,0,0,1,1,4,0,0,0,1,0,0,0,0,0,11,0,0,2,0,0,1,0,3,0,0,0,0,0,12,0,0,2,3,0,0,0,0,0,0,0,8,0,0,0,0,1,0,0,0,0,1,0,0,0,0,0,1,0,1,2,3,0,0,1,0,0,0,0,1,0,0,1,0,0,0,0,0,0,0,0,0,0,0,0,0,1,1,1,0,2,0,0,0,0,0,0,3,0
"COG3424",30,6,14,5,30,10,12,6,18,22,8,7,2,4,24,8,1,3,38,15,13,85,6,5,16,2,15,11,5,19,19,12,7,14,30,38,4,7,5,14,6,8,25,16,19,8,8,6,9,7,3,10,8,25,8,13,2,7,15,5,29,14,16,1,0,0,9,4,0,85,23,7,15,13,6,6,14,38,3,12,0,8,7,10,6,38,6,12,6,29,6,38,15,9,5,6,16,17,8,9
"COG3425",148,76,32,26,71,160,31,27,19,32,66,111,123,94,41,29,11,72,17,147,99,57,75,53,76,58,69,185,40,70,72,109,65,77,78,156,39,60,37,139,156,34,56,48,133,130,47,59,122,47,52,42,110,9,72,68,29,24,65,25,115,94,37,33,99,23,29,36,87,12,102,77,18,34,33,36,20,109,70,30,80,69,23,61,77,92,22,54,7,108,44,119,42,41,25,26,32,44,71,44
"COG3426",0,1,0,0,0,0,0,0,0,0,0,0,0,0,0,0,0,0,0,0,0,0,0,0,0,0,0,2,0,0,0,0,0,0,0,0,0,0,0,0,1,0,0,0,0,1,0,0,0,0,0,0,0,0,0,0,0,0,0,0,0,0,0,0,0,4,0,0,0,0,0,0,0,0,0,0,0,0,0,0,0,0,0,0,0,0,0,0,0,1,0,0,0,0,0,0,3,0,0,0
"COG3427",85,84,26,78,23,68,24,29,48,21,80,29,100,33,22,28,2,40,15,130,51,35,59,85,63,37,20,90,27,25,73,23,53,74,36,59,93,37,23,68,94,40,81,20,109,37,84,38,41,13,19,13,42,7,32,30,26,31,52,29,72,71,12,24,48,62,24,28,27,16,77,27,28,20,41,29,36,70,37,34,25,35,25,43,26,64,28,18,13,41,14,87,20,39,21,31,11,32,18,23
"COG3428",43,6,15,7,8,32,18,9,6,9,13,18,19,22,39,9,147,1,25,5,12,15,29,13,32,2,4,12,8,6,66,16,4,21,45,55,8,4,3,3,10,6,83,11,17,3,2,54,3,1,0,0,7,19,5,1,10,8,8,6,9,11,5,10,0,5,4,2,14,42,26,0,22,8,24,4,12,22,4,9,0,3,15,3,4,39,8,14,13,22,3,16,4,15,20,17,6,0,6,9
"COG3429",1,5,172,33,0,0,136,131,37,4,0,30,1,44,24,104,0,103,52,13,83,1,0,29,48,66,38,2,83,56,2,48,56,16,41,39,0,63,103,8,0,135,14,43,0,44,12,151,15,29,6,82,5,25,90,53,5,81,1,75,1,0,151,74,0,0,106,86,6,1,4,25,69,44,181,76,107,5,30,76,7,61,51,18,14,3,61,7,46,14,0,4,28,80,28,52,241,122,131,78
"COG3431",1,0,22,10,0,0,2,0,8,0,0,2,0,3,9,0,1,4,0,0,0,0,0,7,0,1,2,1,0,0,6,4,1,1,1,0,0,2,0,0,1,0,1,0,0,3,0,1,0,0,0,10,0,0,8,4,0,0,0,1,0,1,1,0,0,0,2,1,1,0,0,3,2,1,1,7,4,2,0,12,0,5,2,4,0,0,8,3,0,1,0,0,12,0,5,15,3,2,5,3
"COG3433",0,0,1,0,0,0,0,0,0,0,0,0,0,0,0,0,0,0,0,1,0,0,2,0,1,0,0,0,0,0,1,0,0,0,0,1,0,0,0,0,0,0,1,0,0,0,0,0,0,0,0,0,0,0,0,0,0,0,0,0,0,0,0,0,0,0,0,0,0,0,0,0,0,0,0,0,0,0,0,0,0,0,0,0,0,0,0,0,0,0,0,0,0,0,0,0,0,0,0,0
"COG3434",51,18,18,0,2,26,7,2,3,2,34,31,23,46,78,0,345,1,0,13,14,1,107,4,85,4,5,6,2,1,150,0,6,60,43,3,5,1,1,5,6,0,50,13,33,1,7,95,1,0,0,2,6,1,12,1,28,0,29,0,7,30,20,0,0,9,7,1,49,0,25,3,2,10,3,1,0,19,7,13,0,3,1,0,6,16,9,1,4,4,1,9,15,7,16,1,6,12,20,0
"COG3435",14,7,5,13,6,5,16,6,8,5,14,3,23,4,5,12,1,5,9,34,25,6,50,11,10,5,2,13,6,10,19,9,9,29,17,13,15,6,2,43,13,20,33,4,23,8,20,9,14,2,5,14,24,3,8,10,10,12,20,12,18,24,13,10,5,11,10,8,8,1,24,11,12,7,11,12,12,42,8,6,7,23,8,8,14,35,11,3,4,23,5,25,13,7,10,22,7,7,11,5
"COG3436",158,160,109,13,74,172,129,3,17,12,277,194,248,238,101,20,2116,2,9,155,54,160,465,19,352,11,7,69,4,44,841,7,15,326,213,283,341,8,42,11,74,10,430,51,162,10,207,509,12,2,12,20,37,10,60,25,134,11,349,20,73,79,110,9,12,216,62,8,149,21,285,11,12,34,53,15,27,293,118,26,4,38,2,2,32,417,30,45,30,146,8,253,52,47,54,18,50,70,48,8
"COG3437",128,62,115,14,27,82,66,15,43,28,90,67,67,76,161,18,866,13,11,38,43,16,243,17,182,20,13,33,17,43,322,8,15,198,132,18,35,9,22,32,33,25,227,57,87,8,41,215,16,61,25,59,50,26,55,41,112,40,154,29,28,102,122,27,26,64,70,20,121,53,81,29,41,65,50,34,29,134,51,25,31,39,29,26,29,88,42,41,48,38,54,48,130,48,84,32,77,70,50,33
"COG3439",15,16,11,2,1,3,6,1,1,1,12,1,2,4,10,5,6,4,1,20,4,0,10,6,18,3,5,8,5,6,13,1,5,9,12,14,15,2,6,7,9,2,29,0,12,3,14,17,3,15,5,5,5,3,7,11,8,1,16,3,20,15,10,2,6,12,5,1,6,0,15,5,0,2,3,1,1,20,4,2,9,2,0,3,7,31,4,0,7,11,5,14,4,6,3,3,5,5,5,1
"COG3440",12,10,36,13,18,15,20,24,17,13,41,17,20,12,16,25,2,19,24,4,17,23,16,20,21,16,14,10,14,19,23,9,19,25,17,25,43,12,24,12,5,18,28,13,12,5,32,27,13,18,16,24,13,22,15,9,24,18,22,14,13,10,36,10,15,34,15,14,8,24,14,21,12,16,22,12,8,16,23,15,16,6,7,15,17,22,18,6,12,13,9,13,18,20,9,11,51,15,13,19
"COG3442",1,0,0,1,0,0,8,0,1,0,0,0,3,3,0,1,0,2,0,0,3,0,0,0,0,4,0,2,2,0,0,0,1,1,7,1,0,0,0,7,0,1,9,0,1,1,0,2,4,0,4,3,3,0,0,5,12,0,0,3,0,2,1,1,5,0,0,2,3,0,0,1,0,0,2,2,10,5,0,2,5,2,0,0,5,3,1,0,2,0,3,0,9,3,0,5,0,0,1,0
"COG3443",1,0,1,0,0,0,0,0,1,0,0,0,0,1,0,0,0,1,0,1,0,0,2,0,0,0,0,0,0,0,2,0,0,0,1,1,0,0,0,0,0,0,2,0,4,0,0,1,0,0,0,0,0,0,0,1,0,0,1,0,0,1,0,0,0,0,0,0,0,0,0,0,0,0,1,0,0,1,0,0,0,0,0,0,0,0,1,0,0,1,0,0,0,0,1,1,0,1,0,0
"COG3444",1,0,0,0,0,1,0,0,0,0,0,0,0,0,0,0,0,0,0,0,0,0,0,0,0,0,0,0,0,0,1,0,0,0,0,0,0,0,0,0,1,0,0,0,0,0,0,0,0,0,0,0,0,0,0,0,0,0,1,0,0,0,0,0,0,0,0,0,0,0,1,0,0,0,0,0,0,0,0,0,0,0,0,0,0,0,0,0,0,0,0,0,1,0,0,0,1,0,0,0
"COG3447",3,4,8,0,1,4,4,0,0,0,0,2,29,1,15,0,264,0,0,0,0,3,40,0,7,0,0,0,0,0,34,0,0,15,6,0,0,0,1,0,3,0,2,4,6,0,0,60,0,0,0,0,0,2,1,7,21,0,9,0,0,0,4,0,0,0,3,0,0,0,0,0,0,0,0,0,0,0,0,0,0,1,0,0,0,1,1,0,1,2,0,1,8,0,0,3,7,1,1,0
"COG3448",50,45,62,70,71,37,62,67,82,98,36,70,74,80,86,55,14,72,89,78,46,115,25,85,55,84,75,51,65,88,67,57,96,34,61,52,45,66,70,33,33,44,63,92,48,82,54,56,60,103,113,92,37,62,54,77,96,88,36,50,45,76,92,89,71,58,69,63,93,157,53,82,68,95,38,43,80,62,80,58,83,34,88,77,97,58,40,40,127,52,107,58,61,80,67,55,110,58,54,87
"COG3449",7,5,1,0,0,2,3,0,0,0,0,4,5,10,4,0,49,0,0,1,0,0,32,1,13,0,0,4,0,0,11,0,0,7,11,27,0,0,1,0,2,0,5,4,1,0,2,13,2,0,2,0,0,2,2,0,2,1,5,0,4,2,3,0,0,3,0,0,7,2,11,2,0,1,0,0,0,4,4,0,0,0,0,0,1,15,1,1,0,10,0,10,3,2,0,0,2,5,0,0
"COG3450",8,21,44,9,47,8,25,17,7,2,28,15,6,18,13,19,5,12,16,14,26,68,6,9,11,20,22,6,25,18,9,16,27,17,18,10,21,12,31,14,12,23,22,12,8,12,18,26,8,10,2,15,9,7,18,19,11,25,26,20,8,9,59,14,5,10,19,18,5,79,9,6,20,22,39,24,21,16,13,13,1,16,10,7,3,7,13,21,8,13,7,9,16,8,12,10,84,22,26,19
"COG3451",129,23,53,1,9,44,62,9,6,7,41,38,26,54,44,16,136,3,14,93,26,14,81,0,104,11,4,71,4,15,200,5,3,57,99,331,35,5,17,6,32,2,308,7,40,9,11,111,15,18,11,5,28,17,15,19,29,14,61,6,78,17,21,4,12,18,17,4,22,1,84,2,2,11,33,4,8,127,8,5,4,5,2,1,22,190,9,13,23,138,5,92,10,51,16,17,10,13,13,5
"COG3452",50,7,34,0,1,12,13,2,0,0,20,5,11,8,63,0,89,1,1,3,6,3,55,1,13,3,0,6,0,6,54,0,1,10,22,10,6,1,3,0,6,0,37,3,4,0,2,28,0,8,1,5,2,2,1,10,6,4,24,1,7,16,20,1,4,1,17,0,4,0,3,1,1,2,4,0,1,35,0,2,2,8,0,2,3,14,8,2,5,3,0,5,12,5,7,1,4,3,13,1
"COG3453",5,4,19,12,22,2,16,7,17,10,3,12,9,4,15,5,46,3,4,4,2,22,21,7,10,11,11,4,6,10,34,7,6,15,13,17,3,10,10,5,3,11,39,10,4,9,2,21,5,10,5,19,7,3,8,8,11,8,10,3,28,0,8,9,1,2,7,3,6,6,9,3,15,13,13,11,12,16,4,3,6,4,14,4,7,11,10,17,10,22,6,9,17,3,11,10,6,6,7,7
"COG3454",5,4,4,2,3,0,7,3,217,165,0,2,6,15,2,6,4,2,2,2,7,6,8,3,3,3,1,6,77,2,13,1,1,8,6,5,0,12,4,7,1,11,19,2,1,11,0,8,3,1,0,2,2,3,5,33,3,1,4,2,3,1,11,82,0,0,3,2,1,2,4,47,33,1,6,9,2,8,2,1,0,9,197,3,2,13,2,12,0,4,1,5,2,2,133,102,3,8,5,1
"COG3455",8,3,12,2,15,7,7,3,3,2,0,0,0,0,11,3,10,0,0,2,2,8,19,1,3,3,0,0,1,0,22,2,0,11,5,0,0,0,0,2,1,1,24,1,2,1,4,14,1,1,1,2,0,2,1,0,4,1,9,1,0,3,4,1,1,4,3,0,3,2,0,0,0,1,0,1,2,12,1,2,1,1,4,0,2,2,1,0,1,3,1,1,8,1,2,2,3,3,3,1
"COG3456",10,2,19,0,7,4,3,0,1,0,1,0,1,0,11,2,15,0,0,5,3,3,7,0,8,0,0,2,0,0,20,0,0,9,5,7,0,0,1,0,1,0,22,0,2,0,2,18,2,0,0,2,2,0,1,0,3,1,15,0,1,1,2,1,0,1,1,0,0,1,3,0,1,0,2,1,1,8,3,0,0,0,0,0,3,3,4,0,5,7,1,2,3,1,1,0,1,0,1,0
"COG3457",1,6,2,0,4,2,1,0,9,0,2,1,3,2,2,0,1,0,0,3,0,11,2,0,1,0,0,2,0,0,3,0,0,1,0,5,0,0,0,4,2,0,1,0,5,1,4,0,0,2,0,0,1,1,0,0,0,0,5,0,1,8,1,0,3,1,0,0,0,11,2,0,1,0,0,0,0,3,0,1,0,0,0,1,1,5,0,6,1,2,0,1,1,0,1,0,0,0,0,0
"COG3458",18,15,18,6,0,14,9,0,6,6,8,2,34,6,1,2,8,6,0,51,17,0,46,9,19,0,0,37,3,4,26,1,4,17,25,22,10,3,5,40,19,9,51,0,48,2,15,7,10,2,2,3,35,1,1,5,7,3,22,5,34,55,14,2,18,5,2,5,2,0,40,4,2,2,3,5,5,45,2,7,5,4,6,3,9,46,8,3,2,29,2,40,2,2,2,5,7,4,5,3
"COG3459",8,5,2,1,4,0,7,2,13,13,1,4,6,6,6,3,12,4,0,6,1,5,33,1,5,1,0,3,3,2,4,0,0,6,4,27,1,0,4,1,3,0,20,1,2,0,5,3,5,0,0,4,13,7,0,3,4,1,4,0,4,1,2,1,0,4,0,2,0,0,19,0,3,3,10,5,4,10,1,2,0,0,2,1,1,9,6,4,3,10,0,7,5,1,7,3,2,1,1,1
"COG3460",11,7,9,0,21,8,7,4,6,0,3,1,3,2,3,3,1,2,3,5,3,18,6,3,2,3,10,5,0,5,12,4,5,1,1,9,2,3,3,2,9,2,9,8,12,3,5,2,2,1,1,2,7,1,3,2,3,2,3,3,7,8,6,3,1,4,4,0,0,9,13,1,3,8,9,4,2,15,2,3,2,5,1,4,2,10,4,17,0,7,2,11,2,6,3,4,5,2,4,13
"COG3461",0,0,2,0,0,0,1,0,0,0,0,0,0,0,0,0,0,0,1,0,0,0,0,0,1,0,0,0,0,0,0,0,0,1,0,0,1,0,1,0,0,0,0,0,0,0,0,1,0,0,0,0,1,0,0,0,0,0,0,0,0,0,1,0,0,1,0,0,0,0,0,0,0,0,0,0,0,1,0,0,0,1,0,0,0,0,1,0,0,0,0,0,0,0,0,0,0,0,0,0
"COG3463",16,46,30,16,0,33,14,8,24,3,36,9,8,9,26,2,0,11,1,38,9,0,6,16,15,18,13,12,8,8,20,11,9,10,7,10,34,18,9,20,22,19,11,6,37,12,33,43,7,2,3,20,18,0,25,22,15,8,22,17,26,47,19,6,20,26,5,13,13,0,28,17,7,5,7,13,24,33,17,23,7,15,6,2,15,19,20,5,9,31,10,22,22,34,5,26,11,26,37,15
"COG3464",80,106,53,3,12,49,44,4,2,10,111,47,15,62,18,26,231,3,4,51,15,5,86,6,92,13,1,32,2,27,298,1,4,96,65,67,158,3,13,5,13,0,175,12,70,1,122,183,4,7,25,16,19,7,13,21,32,11,203,24,30,43,61,1,15,120,44,2,84,1,42,8,3,8,36,4,11,112,24,2,2,26,3,9,7,88,19,11,9,62,12,49,14,13,27,13,9,26,18,3
"COG3467",69,56,4,4,1,93,2,4,1,0,75,6,31,5,4,0,2,12,3,80,22,3,21,8,41,14,2,51,5,7,38,12,4,16,28,71,85,7,4,24,77,1,41,1,61,17,52,4,18,12,6,3,50,1,12,13,14,6,88,5,80,70,1,7,61,58,2,4,25,1,81,23,1,0,2,6,2,86,19,6,31,6,4,12,30,80,2,9,4,54,4,94,5,5,3,21,6,9,11,2
"COG3468",2,2,5,20,3,0,12,10,8,3,0,8,7,11,2,6,2,2,2,1,2,4,7,10,7,4,4,5,3,4,2,8,4,2,7,28,1,0,5,6,0,14,19,2,2,8,0,10,3,3,0,2,15,0,3,6,1,7,3,8,7,1,2,1,2,1,5,11,1,0,6,9,2,4,4,8,5,5,6,17,2,4,6,3,1,3,9,3,4,23,1,4,12,9,7,18,4,5,6,4
"COG3469",1,0,9,0,6,1,0,0,1,0,1,0,0,4,7,0,5,1,0,1,0,2,13,0,0,0,0,0,0,2,1,0,2,3,0,0,0,4,0,1,1,0,0,0,0,0,0,1,1,0,0,17,0,0,3,0,0,0,0,0,0,0,8,0,1,0,0,0,0,2,0,0,0,0,0,2,0,0,1,0,0,0,0,0,0,0,0,1,0,0,0,0,11,0,0,0,1,4,4,0
"COG3470",4,12,32,9,38,5,8,5,9,18,4,62,7,20,26,15,6,27,60,0,16,34,7,9,12,23,67,15,22,61,2,33,36,39,4,6,4,25,30,10,4,4,3,62,2,42,15,21,26,79,61,52,15,48,24,10,52,6,12,15,3,6,13,18,16,4,14,12,29,9,3,19,17,39,12,8,12,2,20,10,22,7,14,24,8,1,7,22,4,6,53,2,56,21,7,11,31,18,18,51
"COG3471",3,4,0,0,0,0,0,2,0,2,0,0,1,1,0,0,2,0,1,6,1,0,4,0,1,0,0,1,0,0,8,0,0,3,5,1,7,0,0,0,7,0,12,0,1,0,1,3,1,1,0,0,0,0,0,0,3,0,2,0,11,3,0,0,0,0,1,0,1,0,1,0,0,0,2,0,0,2,0,1,0,0,1,0,0,0,0,0,0,0,0,1,0,0,1,0,0,0,0,0
"COG3472",6,12,10,0,6,17,5,0,3,3,42,10,4,3,8,1,11,1,1,8,4,12,2,6,3,2,6,5,2,2,9,2,9,15,4,24,27,2,3,1,14,4,25,4,9,6,14,9,4,0,4,2,7,0,4,12,5,3,15,2,10,7,2,2,5,27,3,5,4,5,5,3,1,1,0,4,3,17,11,8,5,0,3,2,2,12,4,6,3,20,1,5,9,5,1,6,3,3,3,1
"COG3473",91,127,28,101,115,97,60,71,100,58,100,90,102,70,98,69,4,92,96,124,50,168,62,86,70,82,89,69,83,50,64,101,90,72,54,79,122,82,78,89,103,56,68,80,111,103,114,23,88,75,148,111,131,146,118,108,142,122,157,133,174,164,54,114,129,226,120,116,100,172,153,148,125,111,74,123,169,161,164,127,131,110,126,177,141,131,87,126,180,128,168,174,79,120,102,138,38,126,81,121
"COG3474",67,81,51,145,162,70,87,127,201,198,69,103,110,133,109,112,23,128,124,56,99,128,67,135,68,131,105,107,104,91,52,127,117,76,89,96,76,121,103,106,53,86,84,121,48,115,97,63,127,97,121,111,96,134,97,133,114,124,55,110,90,58,54,116,101,88,97,140,116,83,58,145,135,111,88,140,146,52,111,121,108,109,162,146,122,52,128,128,124,73,135,58,71,111,168,149,42,118,97,107
"COG3475",4,22,3,2,1,2,0,0,1,0,17,0,2,2,1,2,1,0,1,1,2,2,4,1,4,0,2,3,0,0,2,2,1,0,3,5,18,4,4,0,3,0,1,0,4,1,28,2,2,5,4,3,2,1,1,0,3,0,37,2,4,1,1,1,1,15,1,0,0,2,6,1,1,3,1,2,0,2,2,1,0,0,0,1,1,6,1,17,1,6,3,3,3,0,0,0,1,2,1,3
"COG3476",10,6,39,63,79,8,66,89,71,114,0,75,37,58,81,78,2,49,62,42,37,100,14,78,37,81,83,45,55,71,9,56,67,36,39,34,2,68,68,38,4,44,42,79,14,52,3,24,53,70,94,45,36,62,46,51,51,91,3,64,33,21,29,68,40,3,65,69,51,105,22,59,67,75,39,44,85,15,51,61,47,26,62,69,59,19,68,83,108,27,93,21,64,58,77,64,39,57,27,80
"COG3478",4,4,1,8,0,3,0,2,0,0,4,6,5,2,2,0,1,5,0,7,2,0,5,8,3,2,2,2,0,4,1,2,4,3,4,3,5,5,5,5,3,1,6,5,4,4,9,3,2,9,10,3,12,0,4,6,12,2,6,8,8,9,0,1,13,7,2,3,7,0,2,5,0,11,1,3,2,4,7,2,5,6,0,8,13,5,9,4,1,5,17,13,3,3,2,7,0,2,1,4
"COG3479",0,0,0,0,0,0,0,0,0,0,0,0,0,0,0,0,0,0,0,0,0,0,0,0,0,0,0,0,0,0,0,0,0,0,0,0,0,0,0,0,0,0,0,0,0,0,0,0,0,0,0,0,0,0,0,0,0,0,0,0,0,0,0,0,0,0,0,0,0,0,0,0,0,0,0,0,0,0,0,0,0,0,0,0,0,2,0,0,0,0,0,1,0,2,0,0,0,0,0,0
"COG3480",15,29,0,16,0,21,15,22,5,16,21,26,24,19,0,17,3,29,15,17,14,0,5,21,16,22,30,11,18,12,15,24,24,3,25,23,23,32,29,16,13,17,33,10,15,25,20,3,37,25,27,27,27,5,17,40,27,33,16,28,11,27,7,18,16,17,23,35,37,0,23,32,8,24,6,36,10,18,57,28,33,39,17,33,36,14,41,19,23,19,59,10,13,28,26,24,4,15,11,48
"COG3481",29,42,18,8,1,36,17,4,3,13,144,15,35,15,6,6,17,11,9,19,21,0,23,6,21,20,11,37,13,12,43,22,24,37,40,30,117,9,12,32,43,10,27,18,46,11,92,37,13,64,34,12,42,6,20,14,37,5,88,18,42,32,18,16,60,93,20,14,16,0,30,15,9,14,8,23,3,34,23,12,32,11,15,15,21,32,15,14,20,42,24,39,18,21,16,12,15,12,15,22
"COG3482",0,0,1,0,0,0,0,0,0,0,0,0,2,0,0,0,0,1,1,0,0,0,1,0,0,0,0,0,0,1,0,0,0,1,0,1,0,0,0,0,0,2,0,0,0,0,0,0,0,0,0,5,2,1,1,1,0,0,0,1,0,0,0,1,0,0,0,0,0,0,0,0,0,0,0,0,0,0,0,0,0,0,0,0,0,0,0,2,1,0,0,0,2,0,1,3,0,0,0,0
"COG3483",70,68,47,43,95,89,50,13,8,7,72,87,40,48,28,30,51,47,26,44,72,126,61,55,46,50,52,100,36,79,88,71,55,63,73,60,59,57,30,73,93,20,64,39,75,67,60,63,91,64,71,48,84,5,87,73,60,33,65,41,81,72,93,31,37,53,38,42,66,96,98,69,22,47,39,33,29,48,95,48,44,93,27,74,36,82,30,100,26,90,76,84,98,61,21,16,36,30,75,40
"COG3484",2,3,6,5,0,4,95,95,149,262,4,1,2,77,1,151,33,52,206,20,59,2,7,2,46,41,0,4,127,6,11,35,14,8,61,21,1,61,45,49,0,78,29,3,6,38,3,15,39,14,53,3,10,194,27,73,14,80,8,43,8,0,7,142,5,0,78,62,50,0,7,56,136,3,58,20,105,2,0,10,96,30,140,33,105,7,19,6,183,10,4,7,6,97,130,43,8,41,25,9
"COG3485",66,15,33,69,51,38,56,43,45,25,23,19,46,30,20,29,126,33,32,54,60,33,62,47,40,22,32,54,37,29,69,32,24,85,65,53,13,40,26,55,45,45,64,30,78,21,14,54,41,15,17,39,39,23,39,36,24,43,38,49,79,63,59,28,13,14,42,39,18,7,61,35,39,29,56,41,38,80,20,31,19,41,34,44,11,76,40,40,11,36,24,88,49,38,45,51,27,38,29,22
"COG3486",8,1,6,1,0,0,2,0,0,0,1,0,0,0,18,0,1,0,0,1,0,0,13,0,10,1,0,2,0,0,8,0,0,0,3,1,1,0,0,0,0,1,5,0,0,0,0,2,0,1,0,0,0,0,1,1,0,0,4,0,0,2,3,0,0,0,8,0,0,0,1,0,0,1,0,0,0,1,1,0,0,1,0,0,0,5,7,0,0,7,0,2,2,1,0,1,0,0,4,0
"COG3487",14,21,27,4,39,5,15,3,0,1,3,8,15,5,16,2,21,3,6,10,10,84,36,6,8,5,9,20,5,7,35,4,7,25,24,1,1,5,3,15,3,4,47,9,14,4,12,23,10,1,2,7,11,4,6,6,7,7,11,6,23,9,15,3,3,3,14,1,6,93,5,6,7,9,5,2,10,25,22,5,1,5,1,8,8,11,4,9,6,12,1,3,8,14,4,5,5,11,5,9
"COG3488",36,38,32,7,47,22,13,11,23,15,11,30,39,13,23,22,14,17,32,22,26,81,56,7,12,21,33,28,20,18,32,13,58,54,41,25,9,14,28,23,14,14,53,14,31,22,39,72,20,20,24,17,31,10,17,17,12,14,24,21,32,33,27,21,6,16,23,14,13,123,23,6,29,13,12,8,15,42,93,13,20,17,17,24,20,30,11,7,35,27,32,18,16,18,21,11,9,24,9,18
"COG3489",5,18,8,0,14,2,6,0,3,0,0,24,5,2,5,0,13,1,1,2,1,32,18,0,12,6,16,9,2,6,16,0,26,14,9,4,2,0,2,0,2,0,31,7,4,3,12,56,2,1,2,4,3,0,2,0,2,0,3,1,16,2,10,1,2,0,9,0,0,13,1,1,2,2,1,0,1,17,59,1,0,3,0,3,1,8,3,5,1,9,0,2,5,2,1,1,6,2,4,6
"COG3490",9,18,15,1,43,3,14,1,1,2,0,3,2,1,9,1,7,0,5,1,6,59,26,0,6,1,3,0,1,1,23,1,2,13,8,3,1,0,1,1,2,0,34,4,6,0,7,12,1,0,0,0,5,0,0,1,1,2,10,1,22,5,13,1,0,0,9,1,3,19,0,0,1,2,2,0,1,15,18,0,0,2,1,0,2,4,0,2,1,5,1,2,5,2,2,0,5,6,0,0
"COG3491",295,254,158,284,243,249,185,152,190,172,127,265,290,218,205,143,287,193,167,265,253,141,286,249,201,232,236,233,207,264,287,238,245,263,244,227,99,219,170,285,298,211,259,228,256,239,149,246,281,206,244,191,258,153,227,246,279,169,164,227,259,350,177,231,212,91,209,183,248,98,307,277,208,235,161,232,218,304,269,215,234,237,187,269,161,240,235,260,175,263,204,275,273,200,205,232,126,263,250,186
"COG3492",38,23,18,48,53,23,28,31,44,28,22,36,37,35,52,21,28,33,26,29,29,39,31,57,25,32,44,33,20,18,25,42,39,34,21,36,28,29,20,31,28,37,35,43,41,31,36,22,35,24,31,34,33,17,28,37,39,31,27,31,46,40,20,26,46,29,25,34,29,38,24,37,39,35,35,36,35,37,28,30,36,27,24,40,30,42,31,35,24,41,35,32,30,33,41,42,20,27,22,33
"COG3493",1,0,1,0,0,0,0,0,0,0,0,0,0,2,0,0,0,0,1,0,0,0,0,0,3,0,0,0,0,0,0,0,0,0,0,1,0,0,0,0,0,0,0,0,0,0,0,0,0,0,0,0,0,0,0,1,0,0,7,0,0,1,0,0,0,0,6,0,0,0,0,0,0,0,1,1,0,0,0,0,0,0,0,0,0,0,2,0,0,1,0,0,0,0,0,1,0,0,0,0
"COG3494",47,84,51,130,72,42,80,120,162,96,83,65,89,108,114,101,1,112,155,75,81,72,68,119,69,121,97,65,83,96,38,90,119,63,68,55,76,91,117,85,52,78,44,114,74,98,94,32,120,116,126,94,90,135,73,111,112,138,70,116,78,79,57,113,115,127,105,126,51,69,58,102,114,106,62,84,129,66,90,140,127,67,147,161,108,54,109,59,155,68,172,78,84,111,81,145,43,121,53,95
"COG3495",20,23,16,13,27,13,12,5,16,12,7,11,17,12,23,15,113,10,15,13,20,17,51,4,29,2,3,19,14,4,52,13,12,46,27,1,9,4,15,21,14,9,57,11,16,12,10,59,14,12,6,15,13,8,7,12,18,7,18,14,20,13,13,20,5,17,14,10,18,7,19,15,16,10,21,4,7,23,14,4,12,15,16,6,19,14,14,22,18,7,8,12,11,7,11,13,10,12,10,7
"COG3496",31,30,77,191,177,8,133,160,241,234,5,144,134,149,179,148,95,154,191,45,153,149,137,193,90,174,165,109,145,122,48,122,170,122,142,26,9,167,142,135,20,123,58,135,42,158,12,97,167,176,195,136,157,192,110,164,169,156,11,170,55,54,82,157,141,12,175,168,84,198,64,153,165,136,104,144,151,30,155,171,196,87,151,193,148,25,138,99,227,49,216,39,129,153,122,169,67,156,104,142
"COG3497",31,72,115,1719,56,62,275,162,227,233,68,764,181,534,235,244,127,242,49,72,164,124,56,1176,522,538,543,59,370,190,45,229,410,109,578,135,90,385,497,167,61,598,33,246,35,215,133,266,175,329,133,240,254,46,80,88,369,723,68,801,26,55,203,439,112,70,1039,707,161,32,43,72,448,544,177,2028,432,47,898,1517,210,340,306,285,276,53,850,401,316,77,266,40,221,389,265,250,303,194,132,401
"COG3498",2,0,0,3,0,0,0,1,0,0,0,0,0,0,2,0,0,0,0,0,0,0,0,0,0,0,0,2,0,0,1,0,0,1,1,0,0,0,1,0,0,0,0,0,0,0,1,2,0,0,0,0,0,0,1,0,0,0,0,0,10,0,1,0,0,0,0,0,1,0,0,1,0,0,0,0,0,1,0,0,0,0,0,1,0,0,1,0,0,0,0,0,0,0,2,0,0,0,0,0
"COG3499",0,0,0,0,0,0,0,0,0,0,0,0,0,0,1,0,0,0,0,0,0,0,0,1,0,0,0,0,0,0,3,0,0,0,0,0,0,0,0,0,0,0,3,0,1,0,0,0,0,0,0,0,0,0,0,0,0,0,0,0,1,0,2,0,0,0,2,0,0,0,0,1,0,0,0,0,0,1,0,0,0,0,0,0,0,1,0,0,0,1,0,0,0,0,2,0,0,0,0,0
"COG3500",18,0,2,14,7,3,4,6,2,19,1,2,2,4,14,3,3,4,0,2,9,1,7,27,2,3,2,5,9,1,9,6,3,3,6,6,2,3,5,4,0,4,10,2,3,7,0,4,3,3,5,3,1,4,1,4,0,3,2,6,12,0,9,12,0,0,8,3,2,1,1,9,7,3,7,2,3,8,1,41,4,2,17,2,6,25,5,6,4,4,1,3,3,12,7,5,5,2,3,8
"COG3501",33,8,70,5,24,10,34,7,18,25,6,14,8,17,20,12,50,5,7,11,13,23,67,4,32,9,18,11,20,6,49,16,9,31,23,14,8,6,18,10,5,9,58,5,9,14,10,45,14,14,6,18,10,10,7,6,10,14,39,13,14,9,35,20,4,8,24,6,3,1,3,7,7,12,17,8,7,51,3,7,9,17,29,4,8,33,12,20,12,9,5,3,26,10,12,9,14,16,19,17
"COG3502",3,3,46,74,65,4,23,22,45,32,8,29,9,28,45,24,0,26,31,15,23,41,10,56,17,31,52,7,28,34,14,65,20,23,11,14,3,31,17,18,12,24,13,41,11,39,6,10,48,27,41,59,10,27,40,27,17,18,7,30,10,6,18,31,10,4,21,25,24,34,10,23,46,39,29,59,38,14,24,60,28,23,34,37,20,10,38,42,30,14,28,9,27,15,46,79,25,46,30,36
"COG3503",49,46,13,9,20,53,14,5,5,3,30,24,20,14,27,8,195,14,6,10,26,1,36,8,27,9,18,8,18,14,88,14,19,30,29,11,17,19,5,21,27,6,70,16,39,22,12,36,18,13,18,13,6,7,23,17,17,8,25,12,11,31,11,12,6,29,6,7,31,4,24,17,15,19,17,10,14,17,17,11,11,8,6,8,17,23,7,39,6,27,9,11,22,21,19,15,6,15,23,12
"COG3504",6,4,12,0,2,11,10,0,1,0,4,2,7,3,2,2,8,0,3,10,4,1,9,1,4,1,0,13,0,2,30,2,1,9,17,59,3,0,2,1,3,0,59,1,3,1,2,25,3,0,0,3,4,7,1,3,2,4,5,1,20,1,4,1,1,3,1,1,2,1,10,1,1,2,8,2,4,20,1,0,0,1,0,0,7,32,1,2,8,24,0,4,3,3,2,3,3,0,2,1
"COG3505",141,22,48,0,5,40,48,5,2,2,11,30,19,55,20,2,65,0,8,56,18,12,67,1,35,8,0,63,6,16,121,6,4,38,58,331,9,1,19,8,18,4,227,6,34,7,11,96,9,5,8,5,26,8,6,6,8,12,39,0,44,10,18,4,5,16,10,5,6,3,74,4,6,6,30,0,11,84,7,5,0,3,0,1,14,204,14,9,36,102,3,72,9,30,17,18,12,9,6,4
"COG3506",1,0,0,0,0,1,0,0,3,0,0,0,0,0,0,0,0,0,2,0,0,0,4,1,0,0,0,0,0,0,0,1,0,0,0,14,0,0,0,0,1,0,0,0,1,1,0,0,0,0,0,0,1,2,0,0,0,0,0,0,0,1,0,0,0,0,0,0,0,0,3,0,2,0,1,1,0,0,0,0,0,1,0,0,0,5,0,0,0,4,0,1,0,1,0,0,0,0,0,0
"COG3507",103,36,62,17,43,44,20,12,28,30,21,38,97,29,18,22,388,10,24,22,36,11,128,18,19,18,43,53,26,38,76,28,23,111,94,169,17,24,17,36,51,18,52,42,36,22,24,106,46,32,24,44,55,29,58,25,69,25,96,34,51,38,46,34,30,15,44,35,45,9,90,40,43,52,40,34,29,53,35,33,29,53,45,33,17,161,32,47,27,68,20,69,104,67,46,28,49,56,67,18
"COG3508",87,56,67,26,117,68,47,29,27,25,40,54,62,28,55,25,155,26,25,43,55,149,80,27,58,29,57,67,31,58,90,42,56,82,85,61,23,29,23,59,65,34,70,49,71,41,33,99,45,42,38,49,69,19,72,62,70,33,40,36,81,61,91,38,50,31,35,30,67,126,72,57,33,48,57,33,42,60,61,32,54,32,24,40,26,100,28,109,29,62,38,65,97,63,37,31,50,43,56,49
"COG3509",88,101,258,139,381,87,248,158,177,283,54,287,165,226,153,220,166,221,218,73,234,238,140,132,129,198,284,220,307,284,72,329,221,220,236,96,61,246,188,170,127,179,58,361,115,346,81,181,276,437,348,260,137,223,288,210,262,163,58,169,105,92,249,244,142,75,169,186,338,110,94,210,297,240,263,146,174,67,193,152,259,224,234,216,148,83,163,281,196,122,231,84,354,256,283,177,245,210,302,245
"COG3510",17,11,8,9,13,17,9,4,12,10,13,6,10,7,3,10,1,11,6,10,8,19,9,5,9,17,4,10,7,12,5,10,11,16,15,15,14,9,11,9,23,1,22,7,14,12,9,8,8,10,6,12,17,12,13,14,6,6,11,9,14,16,10,5,12,8,12,5,2,25,14,16,8,3,9,9,13,18,11,10,6,10,9,8,5,11,13,3,17,19,8,15,8,14,4,6,7,13,6,3
"COG3511",2,1,2,0,2,4,1,0,1,3,0,0,3,1,0,0,1,0,1,0,0,2,2,0,2,0,1,3,0,0,1,2,1,1,3,36,0,0,0,0,3,1,1,0,1,1,0,2,1,0,0,1,0,1,3,1,0,0,0,0,2,1,1,1,0,0,1,0,1,0,8,0,0,0,0,0,0,1,1,1,0,1,3,0,0,28,2,0,0,13,0,9,2,6,0,1,1,2,0,2
"COG3512",0,1,4,0,2,0,2,0,2,0,4,1,1,0,1,0,0,0,0,0,0,2,7,0,1,0,0,0,0,0,0,0,0,2,1,3,2,0,1,0,0,0,1,0,1,0,0,2,0,0,0,0,2,0,0,0,0,1,2,0,0,0,3,0,0,3,0,0,0,3,3,0,0,0,0,0,0,0,0,0,0,0,0,0,0,4,0,0,1,0,0,5,0,1,1,1,2,0,0,1
"COG3513",11,6,48,0,12,6,4,1,3,5,22,1,9,1,27,3,2,1,1,2,6,18,77,1,5,2,4,9,0,7,7,2,5,15,3,59,16,1,4,2,6,2,15,3,9,1,13,4,4,0,2,1,4,5,0,2,3,1,8,0,6,1,47,2,1,15,6,3,3,14,17,2,1,2,3,1,2,0,1,0,0,1,3,0,0,54,3,1,1,13,0,14,4,8,4,6,8,1,0,1
"COG3514",1,0,0,0,0,0,2,0,0,0,1,0,0,1,0,0,0,0,0,2,0,0,1,0,1,0,0,1,0,0,0,0,0,0,0,0,1,0,0,0,0,0,0,0,0,0,0,0,1,0,0,0,0,0,0,0,0,0,0,0,0,1,0,0,0,2,1,0,0,0,2,1,0,0,0,0,0,0,1,0,0,0,0,0,0,0,0,0,0,0,0,1,0,0,0,1,0,0,0,0
"COG3515",21,1,18,0,9,4,4,4,11,3,1,4,7,1,13,4,23,2,3,4,2,10,28,0,8,4,2,5,4,1,20,1,2,18,9,0,1,1,2,1,2,5,27,1,2,3,0,25,3,0,0,2,2,1,7,0,3,4,15,4,1,7,18,1,3,0,5,4,0,0,2,3,2,2,4,1,2,16,2,0,2,4,3,2,1,6,2,4,4,3,0,1,5,0,3,1,0,3,5,1
"COG3516",2,1,4,0,7,3,3,1,4,3,1,2,4,2,1,0,8,1,0,0,0,8,11,1,2,1,1,2,4,1,9,1,0,8,5,2,0,3,1,2,0,2,8,3,0,1,1,3,1,2,0,6,1,0,5,0,2,1,7,1,1,1,5,3,0,1,6,0,1,0,0,1,3,1,3,0,3,8,2,1,0,1,4,0,1,0,2,1,2,2,0,0,3,2,2,0,3,1,0,0
"COG3517",22,9,23,1,22,6,8,6,15,10,1,2,9,2,31,4,23,0,3,9,4,15,34,3,13,6,4,6,7,3,33,1,2,29,15,1,4,3,0,5,0,8,36,1,2,1,4,27,2,2,2,7,14,6,11,4,5,2,14,3,5,9,17,5,2,2,4,1,8,4,1,5,7,7,8,1,4,16,2,1,2,8,7,2,5,7,4,4,3,8,2,0,16,2,8,9,4,8,8,4
"COG3518",4,1,12,0,5,1,3,1,1,0,1,0,1,0,2,0,6,0,1,0,0,1,9,0,2,0,1,0,0,0,7,1,0,5,4,0,0,0,0,0,1,1,4,0,3,0,1,4,0,0,0,0,0,0,2,0,0,0,6,0,0,4,3,2,1,1,2,0,1,0,0,0,2,2,0,1,0,3,0,0,0,0,1,0,0,2,1,0,2,3,1,0,0,0,1,1,2,1,0,0
"COG3519",23,8,21,1,8,5,14,4,13,4,2,3,2,4,20,3,16,0,4,5,8,14,21,8,11,4,2,3,4,3,30,2,3,22,5,1,3,2,2,4,1,5,22,2,3,3,4,19,1,2,0,4,4,1,3,3,9,2,16,0,3,1,12,6,3,1,11,2,2,2,1,2,1,2,5,1,6,17,2,1,0,3,5,1,1,4,3,2,2,0,2,1,8,1,6,3,5,4,6,2
"COG3520",15,1,13,1,7,0,10,2,1,1,5,2,7,4,3,1,3,0,1,1,3,2,7,1,7,0,4,3,5,1,24,1,1,8,4,1,2,0,2,3,1,3,9,1,3,1,1,7,5,1,1,4,2,1,5,1,3,2,11,2,2,6,9,4,0,2,4,2,2,1,2,0,4,3,5,1,2,13,4,1,2,1,7,0,4,2,1,2,5,3,0,0,5,2,4,4,2,3,5,0
"COG3521",4,0,3,0,0,2,3,1,0,0,0,0,0,0,1,0,5,0,1,2,0,1,5,0,1,0,1,0,0,0,4,0,0,3,3,0,0,0,2,0,0,1,7,0,1,0,0,6,0,0,0,0,2,2,1,0,0,1,2,0,1,4,8,0,0,0,0,0,2,0,0,0,0,0,2,0,1,5,0,0,0,2,0,0,0,2,0,0,1,3,0,1,0,0,1,1,0,1,1,0
"COG3522",9,3,19,0,22,2,8,1,11,4,3,1,3,1,10,1,20,1,2,3,4,4,24,3,8,1,4,4,6,2,28,0,1,12,10,4,1,0,2,5,2,1,25,2,3,2,3,14,1,2,0,5,6,5,4,3,2,2,10,4,4,8,12,4,3,1,4,1,3,2,2,1,4,4,5,2,1,9,2,1,1,4,5,0,3,7,1,8,2,5,2,1,7,1,4,4,1,5,8,0
"COG3523",31,12,45,2,32,7,20,13,10,17,5,6,4,3,37,4,25,2,4,11,4,31,68,1,17,11,3,9,3,1,67,5,2,37,19,6,2,2,3,7,2,4,50,4,11,7,9,43,2,4,3,6,8,21,6,4,9,8,33,9,11,15,25,8,9,3,16,1,8,3,2,4,8,5,16,4,7,50,9,3,0,5,13,1,6,14,10,2,6,21,6,1,21,3,7,7,10,12,7,0
"COG3524",18,7,22,3,7,12,10,2,17,2,6,7,11,10,18,6,135,10,4,9,4,3,28,6,29,4,6,9,2,1,58,8,1,23,19,25,0,2,0,0,10,6,52,5,16,4,5,30,3,0,2,19,5,0,6,10,19,2,13,3,12,6,10,1,2,3,10,9,10,1,21,9,8,3,9,9,5,13,5,18,0,19,10,6,5,12,4,15,8,6,2,6,12,3,10,20,2,22,12,4
"COG3525",231,188,83,67,246,233,87,57,49,99,177,170,95,116,205,101,145,76,86,108,86,207,152,74,99,84,141,135,117,137,110,190,129,112,112,154,128,134,83,98,231,52,107,165,208,170,119,90,158,181,149,82,94,107,94,119,128,73,133,93,160,159,81,109,84,122,87,83,92,230,160,125,88,142,88,72,63,118,131,68,123,76,104,102,114,185,91,292,91,180,109,158,144,120,107,127,98,74,111,121
"COG3526",1,2,3,1,2,5,0,0,1,2,3,0,7,1,1,0,1,1,1,2,1,0,9,0,2,1,1,3,0,0,0,1,2,3,8,0,0,2,0,8,3,2,12,0,2,1,1,2,2,1,1,2,5,2,0,0,5,0,2,0,3,3,4,1,3,0,0,2,4,0,3,4,1,1,1,1,1,5,1,2,1,2,0,5,5,6,5,0,0,4,1,1,2,5,1,2,1,1,2,0
"COG3527",2,8,3,1,1,0,0,0,10,0,0,0,0,1,6,1,0,0,0,0,1,0,0,0,1,0,0,0,0,0,0,1,0,5,1,2,0,0,0,0,0,1,1,0,0,4,8,1,0,0,0,0,0,0,1,2,0,1,4,1,0,0,0,0,0,0,0,0,0,1,1,3,0,0,3,0,0,0,1,0,1,0,0,0,0,2,2,6,1,1,0,1,1,0,3,1,0,0,3,0
"COG3528",6,3,9,4,4,10,7,3,7,29,1,12,6,15,28,3,20,2,7,7,6,10,34,5,14,9,12,5,12,14,14,8,9,20,6,23,7,10,8,8,3,3,25,24,4,13,3,9,11,7,15,8,6,6,3,6,9,5,13,12,7,3,7,9,3,6,11,4,4,8,4,7,11,16,10,4,4,18,9,12,5,11,27,2,3,36,11,29,3,20,10,5,7,6,13,9,3,2,1,6
"COG3529",8,1,2,0,5,1,1,1,2,1,1,2,3,3,5,1,37,0,0,2,2,9,12,0,7,1,0,1,0,2,17,0,0,5,3,1,2,0,1,0,1,1,7,3,1,0,1,17,0,2,0,1,1,0,0,0,0,0,6,3,0,2,4,1,0,0,0,0,3,12,3,0,2,1,5,1,1,3,2,0,0,1,2,0,1,2,0,3,2,2,0,1,0,1,4,0,0,1,2,0
"COG3530",12,6,5,0,7,3,1,0,0,0,0,1,3,2,13,0,25,0,1,1,0,12,14,0,8,0,0,2,1,1,21,0,0,7,5,9,1,0,0,2,4,0,14,0,5,0,3,8,0,1,0,0,0,0,1,0,5,0,4,0,2,3,5,0,0,1,3,1,3,14,3,0,0,1,0,0,1,5,0,0,1,1,0,0,2,7,1,10,1,2,1,3,0,2,4,0,0,0,1,1
"COG3531",11,20,6,1,3,34,5,2,2,1,6,9,7,11,9,0,27,0,0,15,4,5,17,0,17,2,0,4,1,0,22,2,1,13,9,6,15,0,0,9,23,3,29,1,20,1,8,12,2,1,0,4,5,1,9,7,8,0,9,1,8,26,1,2,4,20,1,0,13,17,12,4,0,1,5,1,2,7,2,1,5,2,0,2,5,11,0,6,2,10,0,16,1,3,3,1,0,3,5,0
"COG3533",88,50,43,9,6,29,11,22,25,26,17,20,76,15,29,22,178,14,37,23,28,3,93,9,24,14,31,74,30,24,44,17,17,99,48,152,16,19,24,31,30,10,36,33,27,30,45,54,30,19,29,15,26,48,11,11,15,13,51,22,43,33,23,21,28,10,16,16,6,2,52,15,32,40,10,25,17,34,29,18,22,26,25,15,14,125,19,7,12,43,16,45,26,48,37,26,17,15,10,24
"COG3534",57,18,49,4,36,27,60,12,20,34,5,18,37,6,13,27,137,18,35,14,23,11,62,14,12,16,15,24,24,20,20,18,14,38,36,120,4,12,17,30,17,20,25,30,24,12,5,44,22,18,18,17,21,50,20,16,29,24,18,15,27,13,18,15,27,4,12,11,21,15,55,18,27,14,59,12,26,17,26,8,29,18,27,21,19,76,15,29,16,36,10,31,22,32,39,13,22,12,12,18
"COG3535",31,27,3,4,30,34,13,3,2,0,25,23,23,10,5,6,16,9,13,48,3,27,37,4,30,3,6,29,5,3,30,9,9,14,9,26,30,9,9,26,31,5,43,7,38,7,36,12,8,3,3,6,36,11,10,9,16,4,21,5,40,50,6,5,33,19,4,4,20,5,51,17,7,6,3,12,3,41,11,2,7,8,1,24,7,47,11,8,1,36,7,42,8,2,4,6,1,12,17,4
"COG3536",12,19,14,9,14,33,14,6,19,8,6,9,12,13,13,10,5,6,10,20,20,10,26,18,17,11,6,14,15,10,20,9,8,26,16,6,12,11,6,26,30,13,20,6,25,9,18,20,21,4,8,14,14,10,9,10,12,17,10,16,12,25,12,9,15,23,13,8,14,44,15,14,23,8,15,6,17,16,6,16,9,15,8,11,8,14,7,20,6,14,8,12,19,7,19,22,10,10,11,7
"COG3537",205,48,145,32,351,36,58,13,9,72,75,123,36,72,146,50,17,55,50,11,38,388,55,33,30,35,159,50,71,123,30,112,51,77,78,332,50,75,47,37,38,28,79,106,30,98,54,62,52,57,26,58,15,49,50,63,12,18,78,31,48,11,83,55,9,47,25,44,19,477,74,45,66,106,111,26,49,27,58,24,12,39,56,41,16,289,53,307,17,96,12,64,275,88,76,72,109,50,81,115
"COG3538",18,2,24,3,22,0,5,1,0,4,1,15,0,6,8,2,0,13,1,0,1,45,0,1,0,2,7,4,5,12,1,4,3,5,1,18,0,2,4,1,4,3,2,9,3,7,2,4,6,1,1,8,1,1,7,16,0,2,0,6,3,0,6,12,0,0,5,11,0,73,1,4,3,4,11,2,3,0,3,2,1,7,5,7,0,24,6,18,0,8,3,1,38,6,4,5,11,5,9,12
"COG3539",1,0,0,0,0,0,0,0,0,0,0,0,1,0,1,0,2,0,0,0,0,0,2,0,1,0,0,0,0,0,0,0,0,0,0,0,1,0,0,0,0,1,0,0,0,0,0,0,0,1,0,0,0,0,0,0,0,0,0,0,3,0,1,0,0,0,0,0,0,0,0,0,0,0,0,0,0,0,0,0,0,0,0,0,0,1,1,0,0,1,0,0,0,0,0,0,1,0,0,0
"COG3540",139,62,114,123,84,78,106,95,200,243,48,120,100,127,134,94,290,90,116,85,143,120,183,145,121,91,162,82,176,78,164,122,84,198,159,103,24,123,81,110,80,57,183,108,92,119,29,167,135,67,130,96,106,131,119,97,52,74,76,87,78,86,90,144,22,26,88,76,120,78,90,111,165,130,111,98,99,100,60,89,97,107,182,122,66,98,137,203,106,98,58,78,124,83,202,149,54,103,120,102
"COG3541",2,1,0,0,0,2,1,0,0,0,1,0,2,1,0,0,3,0,0,2,1,0,24,0,2,1,0,2,0,2,10,0,0,0,1,18,0,1,3,0,2,0,1,1,0,0,0,0,0,0,0,0,1,0,0,0,1,0,2,0,5,2,0,0,0,4,2,0,0,0,3,0,0,0,1,0,1,4,0,1,0,1,1,0,0,9,4,2,0,7,0,5,0,1,0,0,0,1,0,0
"COG3542",13,24,20,11,5,14,73,51,34,20,10,19,12,41,19,46,64,37,48,12,34,10,25,21,30,13,13,8,54,16,18,34,14,21,32,41,16,39,39,24,10,56,32,22,10,25,20,15,16,10,11,11,11,30,29,6,13,31,14,30,5,3,11,26,10,8,28,19,12,2,8,17,39,19,54,22,26,11,15,15,14,22,30,12,15,13,15,5,20,9,7,6,15,15,13,17,6,28,33,10
"COG3543",0,0,0,0,0,0,0,0,0,0,0,0,0,0,0,0,0,0,0,0,0,0,0,0,0,0,0,0,0,0,0,0,0,0,0,1,1,0,0,0,0,0,0,0,0,0,1,0,0,0,0,0,0,0,0,0,0,0,1,0,0,0,0,0,0,0,0,0,0,0,0,0,0,0,0,0,0,1,0,0,0,1,0,0,0,0,0,0,0,1,0,0,0,0,0,0,0,0,0,0
"COG3544",51,32,47,64,95,30,67,60,88,131,16,80,48,59,67,78,5,71,73,30,42,95,44,74,47,100,125,60,74,115,26,84,67,54,52,98,13,64,66,45,32,65,70,132,36,84,27,59,51,113,83,119,33,100,75,58,94,68,41,59,39,25,40,66,38,11,43,59,92,150,52,56,72,142,75,50,59,40,38,52,62,60,91,82,44,39,86,56,82,75,82,51,87,39,114,87,61,50,55,93
"COG3545",5,0,1,0,0,0,3,0,0,0,2,0,1,1,0,0,1,0,0,17,1,0,0,0,12,0,0,2,0,0,5,0,0,5,4,13,4,0,1,0,0,0,14,0,3,0,1,2,0,0,0,0,0,0,1,0,0,0,0,0,0,0,1,0,2,3,1,0,0,0,1,0,0,0,0,0,0,5,1,0,0,0,0,0,0,0,0,0,1,4,0,1,2,2,0,0,0,1,0,0
"COG3546",1,0,0,0,0,0,1,0,0,0,0,0,1,0,0,1,0,0,0,0,0,0,3,0,0,0,0,0,0,0,1,0,0,0,6,6,0,0,1,0,0,0,5,0,0,0,0,1,1,0,0,0,0,0,0,0,0,0,0,0,0,0,0,0,0,0,0,0,0,0,5,0,0,0,0,0,2,3,0,0,0,1,0,0,0,1,0,0,0,2,0,3,1,1,0,0,0,0,0,0
"COG3547",295,120,185,3,80,170,182,9,12,1,349,145,121,158,210,16,1334,5,16,111,67,52,381,6,326,20,3,87,10,59,829,12,15,223,269,392,287,3,42,25,72,4,665,32,109,17,127,368,20,19,22,26,44,34,46,21,75,11,265,17,78,115,118,4,23,244,78,5,133,12,200,3,22,54,89,8,8,266,61,20,2,29,0,5,33,231,46,41,40,133,16,146,56,62,75,15,37,56,69,6
"COG3548",3,5,4,1,5,0,1,0,1,0,0,0,0,0,6,1,1,0,1,1,0,0,0,0,1,3,1,2,1,2,0,0,0,0,3,10,0,1,1,1,0,5,1,0,2,1,3,1,0,1,0,1,1,0,4,1,0,0,0,0,1,0,7,1,0,0,2,0,0,0,4,0,2,1,1,3,1,2,0,2,0,0,1,0,1,8,0,2,0,2,0,6,1,0,0,0,0,4,4,2
"COG3549",7,1,3,0,1,4,4,1,1,0,3,3,6,3,0,0,26,0,1,4,1,1,4,2,17,0,1,3,0,1,17,0,0,6,3,3,2,0,2,5,0,1,8,0,4,0,13,4,0,0,1,0,4,0,0,2,1,1,9,0,1,2,3,1,2,8,0,0,4,0,10,1,1,0,4,1,0,3,1,0,0,0,0,2,0,1,3,1,3,1,1,7,0,3,6,1,3,2,0,0
"COG3550",94,22,46,1,13,51,50,2,7,5,25,53,67,66,42,5,675,0,6,39,20,7,185,0,96,11,1,20,4,8,239,2,9,103,81,139,22,4,12,2,17,3,145,16,30,5,4,161,5,4,7,8,20,17,17,6,43,9,30,10,18,32,44,7,5,15,10,3,54,5,60,0,10,9,23,2,6,81,12,10,3,8,1,0,11,72,16,10,4,43,0,50,26,20,24,2,14,30,25,0
"COG3551",14,7,22,3,2,2,8,3,24,6,19,16,4,14,14,5,18,6,3,3,9,0,6,10,13,4,8,2,11,16,15,13,6,14,11,8,14,5,8,8,5,13,8,8,3,18,11,19,9,16,5,9,11,2,9,17,21,6,10,13,5,3,6,10,3,20,10,9,10,0,8,10,4,9,3,15,0,6,7,9,8,12,14,7,10,6,6,2,15,9,11,8,14,12,6,10,9,9,11,6
"COG3552",58,61,23,36,25,46,13,55,45,39,87,42,58,49,17,38,6,47,23,61,41,34,57,55,44,52,51,67,48,39,43,43,49,54,50,37,71,58,40,66,68,46,40,36,76,47,60,27,60,49,71,72,85,28,60,86,91,84,108,90,109,122,38,87,90,120,61,83,65,16,106,91,64,80,61,98,64,97,123,71,82,69,69,90,75,93,95,86,60,100,107,91,67,64,61,90,27,59,49,78
"COG3553",0,0,2,1,0,0,1,1,0,0,0,0,0,0,0,0,2,0,0,1,0,5,3,1,0,1,0,0,0,0,4,0,0,3,2,2,0,0,0,0,2,0,5,0,0,0,0,0,0,1,0,0,0,0,0,0,1,0,0,0,0,0,0,0,0,0,0,0,0,0,0,0,0,0,0,2,1,1,0,0,0,0,0,0,1,0,0,1,1,0,0,1,0,0,0,0,0,0,0,0
"COG3554",0,0,0,0,0,0,0,0,0,0,0,0,0,0,0,0,0,0,0,1,0,0,1,0,0,0,0,0,0,1,1,0,0,0,1,4,0,0,0,0,0,0,2,0,1,0,0,0,0,2,0,0,0,0,0,0,0,1,0,0,0,0,0,0,0,1,0,0,0,0,2,0,0,0,0,0,0,1,0,0,0,0,0,0,0,0,0,0,0,1,0,1,0,0,0,0,0,0,0,0
"COG3555",9,6,50,55,60,7,37,40,45,33,5,54,22,43,30,23,9,39,27,15,13,27,14,66,35,46,53,14,42,38,12,41,21,22,56,30,9,54,47,20,9,47,8,23,14,46,7,23,29,42,21,43,17,19,18,11,12,62,3,63,4,12,45,47,10,9,96,49,16,58,10,27,53,38,30,78,59,13,56,45,17,84,53,59,20,18,49,57,35,15,25,11,41,39,18,29,32,53,20,34
"COG3556",2,2,80,14,1,1,52,62,17,3,1,10,1,18,19,49,2,43,16,5,37,0,2,11,21,31,17,0,42,36,2,15,16,10,21,15,1,21,51,6,0,51,4,26,2,15,3,44,10,10,2,23,4,10,44,15,4,25,0,30,1,0,76,45,1,0,34,38,1,1,1,10,30,18,84,38,44,0,11,37,5,24,26,12,10,0,16,3,22,7,1,0,19,34,6,22,99,45,59,22
"COG3558",7,0,7,1,4,5,7,9,4,0,10,2,0,5,2,12,28,0,15,4,4,0,4,0,9,3,0,2,2,1,19,0,0,11,9,3,1,1,3,2,0,8,13,2,7,1,0,3,2,0,1,0,2,6,3,3,2,2,5,1,3,4,10,0,0,1,3,8,6,0,2,1,4,1,4,1,2,4,0,2,0,2,2,0,1,3,3,0,0,4,0,2,3,0,5,3,1,4,3,0
"COG3559",0,0,0,0,0,0,2,1,0,0,0,0,0,0,0,0,0,0,0,1,0,0,0,0,0,0,0,1,0,0,1,0,0,0,7,0,0,0,1,0,0,0,16,0,1,0,0,0,0,0,0,0,0,0,0,0,0,0,0,0,0,0,0,0,0,0,0,0,0,0,0,0,0,0,0,0,0,2,0,0,0,0,0,0,0,0,0,0,3,0,0,0,0,0,0,0,0,0,0,0
"COG3560",0,0,0,0,0,0,0,0,0,0,0,0,0,0,0,0,0,0,0,0,0,0,0,0,0,0,0,0,0,0,0,0,0,0,0,0,0,0,0,0,0,0,0,0,1,0,0,0,0,0,0,0,0,0,0,0,0,0,0,0,3,0,0,0,0,0,0,0,0,0,0,0,0,0,0,0,1,0,0,0,0,0,0,0,0,0,0,0,0,0,0,0,0,0,0,0,0,0,0,0
"COG3561",0,0,0,0,0,0,0,0,0,0,0,0,0,0,0,0,7,0,0,0,0,0,2,0,0,0,0,0,2,0,1,0,0,0,1,1,0,0,0,0,1,0,2,0,1,0,0,0,0,0,0,0,0,0,0,0,0,0,0,0,1,0,0,0,0,0,0,0,0,0,0,0,0,0,0,0,0,3,1,0,0,0,0,0,0,0,0,0,0,0,0,0,0,1,1,0,0,2,0,0
"COG3562",12,3,33,9,25,3,7,8,19,19,1,3,1,6,11,12,4,8,2,8,3,7,4,18,8,2,14,9,15,4,19,12,2,10,10,22,0,2,14,6,0,11,29,3,5,7,2,7,2,3,3,23,2,7,5,17,0,7,8,14,9,0,5,14,0,4,13,16,1,2,12,3,7,4,6,13,5,9,4,10,3,19,14,5,2,14,17,19,10,9,4,9,11,5,25,18,1,25,14,2
"COG3563",5,1,24,9,3,4,13,4,25,3,1,3,2,5,13,5,5,4,1,11,3,9,2,7,8,1,2,11,10,6,13,14,2,4,3,18,0,5,6,1,0,11,18,2,4,9,1,10,5,0,0,21,4,1,15,13,2,3,7,6,9,1,6,2,2,0,9,5,3,1,12,10,12,8,11,14,4,6,1,15,0,15,8,2,5,3,12,25,2,8,0,10,5,3,4,14,7,15,19,8
"COG3564",11,1,10,25,40,2,23,42,64,47,0,29,9,26,39,39,2,16,48,3,11,21,7,23,17,20,44,11,20,25,1,25,21,11,25,20,0,44,43,6,3,11,15,39,4,22,2,9,22,37,35,37,3,54,23,24,24,24,5,35,7,1,14,35,5,0,41,24,31,36,4,19,38,27,17,7,27,3,17,15,18,23,36,27,30,11,17,14,39,16,64,5,27,21,49,23,14,17,9,31
"COG3565",22,19,60,89,122,34,65,85,114,107,10,84,37,52,111,66,55,65,62,19,68,63,34,93,51,75,103,25,74,74,34,90,79,41,59,33,11,81,67,52,20,47,27,81,25,75,10,61,94,104,91,66,42,87,62,63,91,68,13,50,22,22,55,82,40,13,58,78,75,93,32,71,70,73,52,55,59,15,63,81,77,47,91,73,58,25,94,90,99,35,86,13,81,57,115,107,45,47,49,93
"COG3566",0,0,0,6,0,0,1,0,1,0,0,0,0,3,15,0,0,3,0,0,0,0,0,7,0,0,0,0,0,1,0,3,0,0,1,0,0,1,0,0,0,0,0,0,0,0,0,0,0,0,0,0,1,0,0,0,0,0,0,1,0,0,0,0,0,0,0,1,0,0,0,0,0,0,0,7,1,0,0,18,0,13,0,5,0,0,1,2,0,0,0,0,3,0,4,1,1,2,1,2
"COG3567",0,0,0,13,0,0,0,0,0,0,1,0,0,2,15,0,1,2,0,0,1,0,0,5,0,0,0,0,0,0,0,2,1,0,2,0,0,0,0,0,0,0,0,0,0,1,0,2,0,0,0,0,1,0,0,0,0,0,1,0,0,0,0,0,0,0,0,1,0,0,0,0,0,0,0,12,0,0,0,17,0,19,0,2,0,0,2,1,0,1,1,1,2,0,4,2,1,1,0,0
"COG3568",78,85,59,32,28,67,25,9,19,31,118,41,65,35,37,17,82,16,12,58,41,42,79,32,50,14,39,73,26,33,89,41,32,92,82,97,82,20,23,54,93,21,85,48,60,51,84,84,37,32,41,28,48,16,34,38,39,13,119,24,65,59,40,21,21,102,30,17,23,59,64,32,15,33,18,23,13,76,21,25,21,36,27,20,17,88,27,57,20,79,23,86,30,28,30,37,18,27,36,30
"COG3569",180,65,13,12,11,210,20,7,11,8,37,30,121,26,26,16,132,28,10,174,31,9,54,16,112,22,17,128,11,15,124,21,26,69,58,220,24,20,18,68,142,9,124,14,151,31,29,47,41,24,21,15,129,5,42,38,25,15,43,15,175,140,19,15,185,25,15,22,54,5,203,31,7,19,10,17,15,164,59,19,61,32,5,29,73,191,11,43,6,174,23,220,21,29,8,5,16,48,33,12
"COG3570",0,1,0,1,0,1,0,0,2,2,2,0,1,3,0,0,0,0,0,2,0,0,0,0,0,0,0,1,0,0,2,0,0,0,1,1,4,0,0,4,0,0,1,0,0,0,2,0,0,0,0,0,3,3,0,0,0,0,2,0,0,0,0,0,1,2,0,0,0,0,2,1,0,0,2,0,0,3,1,0,0,0,1,0,0,1,0,4,1,2,0,4,0,1,0,0,0,1,0,0
"COG3571",23,22,16,3,7,19,0,2,15,4,15,6,13,11,18,2,69,2,0,31,9,9,38,1,23,5,9,12,5,2,44,11,3,34,28,21,17,4,4,18,25,6,41,0,20,7,16,25,9,0,4,9,17,0,14,10,12,3,30,3,22,24,9,3,11,13,7,1,5,9,20,13,1,5,6,5,1,31,22,3,9,15,1,4,10,30,9,2,6,17,1,23,11,7,8,12,4,14,16,3
"COG3572",159,145,85,302,196,136,170,289,351,308,239,196,76,165,276,227,8,252,296,202,138,126,59,277,163,196,229,155,224,168,103,180,167,91,117,196,226,229,239,157,170,213,142,212,166,190,223,79,209,255,267,181,82,274,142,211,195,269,201,227,207,174,91,224,117,209,236,232,160,101,202,192,230,193,148,193,214,134,109,261,217,162,293,269,172,171,203,118,312,189,326,196,187,164,241,192,85,135,125,247
"COG3573",11,3,17,0,1,6,10,0,0,0,3,1,7,1,2,2,3,0,0,2,1,3,4,1,1,0,1,1,0,1,12,0,0,4,21,28,1,0,0,1,0,1,37,0,2,2,1,2,0,1,0,4,3,1,0,0,0,3,7,0,3,0,8,0,1,2,0,0,0,0,10,0,0,3,1,0,1,18,3,1,0,2,0,0,1,9,2,0,3,13,0,10,4,2,2,1,2,1,0,0
"COG3575",7,5,4,0,1,6,2,0,1,0,4,3,3,5,4,1,53,0,1,1,2,0,14,2,17,3,0,0,0,0,14,0,0,7,4,1,1,0,0,1,1,1,19,1,3,0,3,16,0,1,0,0,0,0,0,0,2,1,1,1,0,1,3,0,1,2,1,0,3,0,3,1,1,2,0,0,0,0,0,2,0,0,0,0,0,1,0,0,0,0,0,1,1,2,2,0,1,2,0,0
"COG3576",91,38,49,19,34,144,33,53,31,27,64,32,88,32,20,22,57,24,45,123,51,19,82,24,74,29,27,75,31,34,96,28,29,93,49,125,21,24,27,87,114,31,91,27,150,32,24,30,37,28,22,37,79,38,21,40,51,38,54,38,98,127,22,35,99,25,38,43,36,33,159,34,30,38,40,37,33,166,59,33,47,41,39,35,61,153,45,53,30,100,48,146,39,42,46,37,14,29,27,41
"COG3577",28,15,16,4,11,13,16,1,5,4,12,18,30,10,8,3,62,3,1,13,13,13,30,3,14,3,7,43,12,2,45,19,9,30,20,39,7,10,2,20,20,4,57,11,26,17,8,48,15,2,10,6,18,4,27,1,16,5,16,8,17,16,8,6,4,12,12,4,27,10,22,6,6,8,10,6,5,20,19,4,5,12,4,5,7,17,3,12,3,14,4,16,11,10,13,10,3,11,16,1
"COG3579",51,83,38,40,17,56,35,33,22,21,77,85,62,45,34,33,15,58,49,45,75,26,62,37,44,77,48,114,49,61,46,91,50,64,72,55,77,58,42,105,76,33,38,72,86,81,110,60,73,130,95,59,96,32,89,89,82,42,81,44,67,67,74,42,43,72,54,45,96,5,57,61,22,48,38,48,38,62,106,47,71,77,32,80,63,60,37,64,54,66,104,79,59,59,43,20,45,40,80,48
"COG3580",11,53,0,1,0,7,0,0,0,0,101,0,6,0,0,0,0,0,0,8,1,0,6,3,1,0,0,12,0,2,7,0,0,0,1,4,139,0,1,0,16,0,5,0,8,1,129,2,0,0,0,0,0,0,1,0,0,0,161,0,11,8,0,0,0,102,0,0,0,0,7,0,0,0,1,0,0,7,1,0,2,1,1,0,0,16,0,0,0,8,0,8,0,0,0,0,0,0,0,0
"COG3581",5,48,0,0,0,4,0,0,0,0,76,1,2,0,0,0,0,0,0,7,1,0,2,2,2,2,0,2,0,0,2,0,0,0,0,2,101,0,0,0,8,0,1,0,5,1,102,1,0,0,0,0,1,0,0,0,0,0,142,1,11,1,0,0,2,65,0,0,0,0,6,0,0,0,0,0,1,3,0,0,0,0,0,0,0,7,2,0,1,1,0,6,1,0,0,0,0,0,0,0
"COG3582",0,0,0,0,0,0,0,0,0,0,1,0,0,0,0,0,0,0,0,0,0,0,0,0,0,0,0,1,0,0,0,0,0,0,0,0,3,0,0,3,0,0,0,0,0,0,0,0,0,0,0,0,1,0,0,0,0,0,0,0,0,0,0,0,0,0,0,0,0,0,0,0,0,0,0,0,0,0,0,0,0,0,0,0,0,0,0,0,0,0,1,0,0,0,0,0,0,0,0,0
"COG3583",1,1,0,0,0,0,0,2,0,0,1,0,1,0,0,0,0,0,0,0,2,0,0,0,0,0,0,3,0,2,0,0,0,2,1,2,2,0,0,3,2,0,1,0,0,1,6,3,0,0,0,0,3,0,0,0,2,0,3,0,0,1,0,0,2,0,0,0,0,0,0,0,0,0,0,0,0,1,0,0,0,0,0,0,0,0,0,0,0,4,0,1,0,2,0,0,0,0,0,0
"COG3584",6,2,2,0,0,3,0,0,0,1,5,4,2,3,2,0,0,0,0,0,2,0,1,0,0,1,0,0,2,0,0,1,2,2,4,9,6,1,0,6,0,0,1,2,3,0,8,2,3,1,0,0,3,0,0,0,1,0,8,0,1,2,1,1,2,2,1,1,1,0,2,1,1,2,1,0,1,1,0,0,0,1,0,0,0,5,0,2,0,4,0,1,0,0,0,0,0,0,0,2
"COG3585",0,0,0,0,0,0,1,0,0,0,0,0,0,0,0,0,0,0,0,0,0,0,1,0,0,0,0,2,0,0,2,0,0,0,0,0,0,0,0,0,0,0,1,0,0,0,0,0,0,0,0,0,1,0,0,0,0,0,0,0,0,0,1,0,0,0,0,0,0,0,0,0,0,0,0,0,0,2,0,0,0,0,0,0,0,0,0,0,0,0,0,0,0,0,0,0,0,0,0,0
"COG3586",4,15,25,6,4,5,10,1,2,4,12,1,3,3,12,7,6,1,4,6,5,6,9,1,6,3,3,4,2,7,7,3,3,10,5,5,5,4,4,8,3,6,14,3,10,2,11,7,4,10,6,6,6,6,2,0,8,8,10,4,2,3,35,4,13,18,6,7,4,5,6,2,1,3,4,4,4,10,7,2,2,2,3,2,2,7,7,6,4,8,8,7,7,8,6,7,4,2,2,5
"COG3587",13,12,4,2,8,7,25,5,0,2,4,23,5,56,22,0,22,3,2,11,2,9,20,2,16,9,2,12,4,6,39,1,2,12,25,7,8,0,6,3,5,1,137,4,6,2,7,27,2,2,4,1,3,2,2,2,7,1,9,2,5,4,5,0,2,3,4,0,3,3,0,4,4,2,2,0,1,24,1,0,1,2,2,2,2,15,2,3,8,8,1,6,2,4,3,2,0,1,4,1
"COG3588",197,196,262,264,175,190,339,386,245,269,232,294,251,301,265,298,113,383,347,219,261,120,132,256,309,381,267,254,226,278,120,280,360,156,297,188,218,313,370,215,231,370,166,288,246,267,190,250,244,349,341,305,269,304,313,298,327,395,173,347,234,248,276,268,265,237,500,381,333,176,245,291,260,241,324,248,295,189,319,259,278,384,250,280,348,197,229,164,391,213,290,236,203,355,241,185,336,333,310,314
"COG3590",133,28,51,22,88,67,54,11,14,8,31,52,38,56,93,19,321,49,6,27,59,130,72,29,85,44,19,40,30,25,168,22,34,92,100,175,13,41,25,37,31,10,186,26,49,41,9,115,51,29,48,32,30,9,40,38,51,13,29,35,28,23,66,22,6,18,25,21,73,214,65,45,20,26,30,21,23,64,55,31,45,41,17,50,28,107,26,94,16,79,44,56,31,64,36,19,19,43,46,35
"COG3591",0,3,5,0,3,0,1,0,3,0,1,1,0,0,2,0,0,0,0,0,0,3,0,0,0,2,0,0,0,1,4,0,1,8,1,0,4,0,1,0,0,0,6,0,1,0,3,1,0,0,0,3,0,1,0,1,1,0,2,0,0,0,5,1,0,0,0,0,0,8,0,0,0,0,0,1,0,0,0,0,0,2,2,0,0,0,0,0,1,1,1,1,3,2,0,0,0,2,0,0
"COG3592",1,1,1,0,0,0,0,0,0,0,5,0,1,0,0,0,0,0,0,1,0,0,0,0,0,0,0,0,0,0,1,0,0,0,0,1,3,0,0,0,4,0,0,0,0,0,2,0,1,0,0,0,0,0,0,0,0,0,0,0,2,0,0,0,0,4,0,0,0,0,1,0,0,0,0,0,0,1,0,0,0,0,0,0,0,1,0,0,0,1,0,0,0,0,0,0,0,0,0,0
"COG3593",200,45,23,1,5,228,18,3,4,0,32,14,113,23,25,2,83,3,4,205,26,5,57,2,121,5,1,127,3,7,162,19,1,71,29,256,7,8,3,37,137,1,158,7,158,26,13,49,50,2,5,8,85,5,29,4,9,1,66,2,165,176,18,5,242,14,10,2,51,4,245,28,5,5,15,1,6,202,22,5,72,8,0,6,71,179,6,6,2,157,2,205,13,9,4,4,4,39,25,1
"COG3594",4,2,7,3,5,2,7,2,1,5,0,9,5,10,12,4,18,7,8,0,2,0,10,8,14,2,3,0,7,7,6,0,2,7,11,19,3,4,0,2,0,0,9,4,3,1,1,6,7,4,3,5,2,7,4,0,0,1,0,5,1,2,8,2,3,1,4,5,1,9,8,10,5,0,2,3,2,9,8,4,4,11,4,9,1,4,11,2,4,1,4,7,33,2,3,5,13,6,2,0
"COG3595",16,6,1,0,0,5,0,0,0,0,70,1,0,0,6,0,1,0,1,3,2,0,2,1,2,0,2,10,2,1,6,0,2,0,1,3,45,0,0,0,7,0,2,0,3,0,5,1,2,8,2,1,0,1,1,0,1,0,10,1,5,7,0,1,0,26,0,0,0,0,8,1,0,1,0,0,0,7,2,0,2,0,1,0,1,6,1,0,1,3,0,8,1,0,0,0,1,1,0,0
"COG3596",0,0,0,0,0,1,3,1,3,2,0,0,0,1,0,0,6,0,3,0,1,0,10,0,0,0,0,0,1,0,1,0,0,0,1,1,0,0,0,2,0,2,1,0,0,0,0,0,0,0,0,0,0,0,0,0,3,0,0,1,0,0,0,1,0,1,0,0,0,1,0,0,1,0,1,1,1,2,0,1,0,3,4,0,0,0,0,1,0,0,0,3,0,0,0,2,0,0,0,0
"COG3597",2,2,4,6,1,0,4,0,3,3,1,1,0,0,0,4,0,3,2,0,2,2,2,3,0,3,0,0,3,2,0,3,2,1,1,4,4,3,4,3,1,5,0,3,2,0,5,1,0,5,3,6,1,4,1,2,5,2,2,1,2,0,3,7,2,1,3,1,1,4,0,3,1,2,0,2,2,1,5,0,2,2,2,0,2,0,0,0,2,0,5,0,3,1,0,1,1,0,3,0
"COG3598",1,8,12,3,2,3,5,3,4,114,14,4,26,0,2,5,5,0,4,2,2,15,24,7,10,3,4,4,11,2,1,2,2,9,16,6,26,1,3,5,5,3,8,3,4,0,10,12,4,22,2,9,3,3,1,0,5,4,13,3,2,6,14,6,6,14,71,1,1,2,7,4,1,1,3,9,1,2,0,10,1,4,5,2,1,4,3,9,0,6,12,3,4,10,2,4,12,0,1,2
"COG3599",0,4,49,22,1,4,5,0,16,3,3,4,2,7,23,3,1,10,4,3,3,1,3,14,5,1,10,4,6,16,6,21,0,7,5,1,9,6,5,8,3,5,5,6,4,8,4,7,6,14,10,44,12,6,11,15,2,1,0,6,2,1,13,6,2,4,2,14,7,1,3,10,8,4,3,23,5,5,0,28,7,27,2,7,7,6,25,1,7,6,5,3,29,4,17,34,6,22,20,9
"COG3600",0,4,5,0,0,1,0,0,0,0,0,5,3,13,4,0,14,0,0,3,0,0,2,0,9,1,0,2,0,0,5,0,0,3,2,2,0,0,2,0,2,0,1,0,0,0,0,3,2,0,2,0,0,0,0,4,1,0,0,0,1,1,4,0,0,0,0,0,0,0,2,0,0,1,0,0,0,2,0,0,0,0,0,0,0,2,0,0,1,4,0,4,6,2,1,2,0,1,0,1
"COG3602",5,2,2,3,2,3,6,4,3,7,3,9,2,6,7,3,34,2,1,2,5,0,9,3,6,2,1,2,4,3,12,4,3,3,11,1,2,2,0,0,3,9,12,3,3,4,1,5,5,1,4,2,4,7,8,3,9,4,5,6,3,2,6,4,3,0,9,1,7,3,4,11,2,4,2,2,1,1,4,5,3,3,4,3,2,3,3,5,4,9,3,1,5,6,6,8,5,6,8,3
"COG3603",10,12,0,0,2,13,7,0,4,2,6,5,3,4,11,0,16,0,0,9,7,0,3,1,12,0,0,11,0,0,25,1,2,4,2,6,2,2,0,6,8,0,10,2,15,1,8,6,1,0,0,0,5,0,4,0,5,0,6,0,5,17,3,0,3,1,0,0,4,0,14,1,0,0,0,1,0,12,3,1,3,0,0,0,1,5,1,1,2,12,0,15,0,1,0,0,1,4,6,0
"COG3604",62,61,70,3,3,43,29,5,12,10,86,26,57,9,67,10,128,11,19,26,25,5,115,5,43,9,9,52,18,27,170,8,23,59,32,17,94,4,18,26,54,6,93,19,39,6,49,77,28,51,41,31,30,10,23,31,60,11,81,13,32,41,49,10,32,90,23,12,52,1,35,13,8,15,18,7,6,85,9,4,37,13,13,14,34,38,18,12,26,32,36,30,56,32,15,13,43,7,27,11
"COG3605",107,93,97,50,162,85,47,28,92,31,63,58,65,58,87,20,305,17,15,94,52,176,137,56,79,32,40,70,33,40,202,30,18,99,100,63,39,31,36,60,95,47,194,54,121,27,52,102,34,9,8,29,34,10,33,33,25,25,84,33,93,91,54,35,9,52,61,37,41,105,86,35,40,46,86,39,42,119,26,32,15,52,31,34,23,94,40,113,11,95,19,111,60,24,53,65,25,35,34,33
"COG3607",3,0,0,0,0,0,1,1,0,0,0,0,0,0,1,0,0,0,0,0,0,0,1,0,2,0,0,2,0,2,1,0,0,1,1,4,0,0,0,0,0,0,2,0,1,0,0,0,0,1,0,0,1,0,0,0,1,0,0,0,3,1,0,0,0,0,1,0,0,0,1,0,0,0,0,0,0,2,0,0,0,0,0,0,0,1,0,0,1,2,1,0,1,1,0,0,0,0,0,0
"COG3608",164,152,73,31,60,157,52,11,46,14,92,78,112,56,76,39,301,45,19,136,67,46,202,38,110,41,28,175,35,57,188,67,29,180,109,108,91,39,26,121,162,48,155,26,179,70,118,128,79,38,40,43,125,16,87,56,53,30,148,53,134,158,111,31,44,118,38,50,77,44,142,60,20,35,53,34,26,152,75,40,24,113,16,52,28,150,45,70,17,114,43,144,51,52,36,12,33,44,71,33
"COG3609",8,5,2,2,5,6,9,2,2,0,4,6,5,5,2,0,33,6,3,7,7,1,7,2,6,9,0,5,3,6,12,3,3,8,7,14,1,4,7,3,2,1,15,2,10,6,2,5,5,4,5,2,8,0,5,4,3,4,7,5,4,6,4,1,1,4,1,4,13,0,4,8,0,2,2,3,2,5,8,2,3,9,0,2,2,9,2,0,3,7,3,7,4,4,3,0,3,3,7,1
"COG3610",14,4,2,0,1,11,9,0,2,0,7,10,15,9,18,0,174,0,0,1,7,2,37,1,21,1,0,3,1,0,61,0,0,19,18,0,1,2,0,0,1,0,19,4,23,0,2,34,0,0,2,1,1,1,3,0,10,0,10,1,4,4,6,0,1,3,6,0,13,0,7,1,2,1,3,0,0,7,4,4,0,1,0,0,0,5,2,2,1,1,1,3,5,3,5,2,1,5,3,0
"COG3612",0,0,0,0,0,0,0,0,0,0,0,0,0,0,0,0,0,0,0,0,0,0,0,0,0,0,2,0,0,0,0,0,0,0,0,1,0,0,0,0,0,0,0,0,0,0,0,0,0,0,0,0,0,0,0,0,0,0,0,0,0,0,0,0,0,0,0,0,0,0,0,0,0,0,0,0,0,0,0,1,0,0,0,0,0,0,0,0,0,0,0,0,0,0,0,0,0,0,0,0
"COG3613",12,1,7,18,9,6,5,18,8,12,2,15,9,17,8,12,8,17,13,4,7,6,2,10,15,19,20,10,9,22,3,11,21,8,11,7,3,24,15,11,2,10,10,13,0,21,0,7,13,24,14,18,8,6,4,23,25,30,1,14,1,1,5,9,6,3,7,10,28,1,2,21,14,24,7,19,11,7,30,17,20,14,18,17,37,18,30,24,17,2,26,2,11,16,18,22,3,10,3,23
"COG3614",54,21,43,2,1,16,33,3,2,0,15,2,20,1,59,1,111,0,2,26,3,3,46,1,26,1,2,10,1,3,136,1,2,35,34,30,4,1,5,2,7,1,114,5,23,0,8,74,2,2,9,10,8,3,15,0,11,5,39,1,29,6,41,1,5,11,13,0,30,0,11,2,1,3,4,1,4,57,4,1,1,0,2,0,9,20,8,5,3,38,2,13,22,1,2,1,8,3,11,1
"COG3615",1,0,0,0,0,0,0,0,0,0,0,0,0,0,2,0,1,0,0,0,0,0,0,0,0,0,0,0,0,0,0,0,0,0,0,0,0,0,0,0,0,0,0,0,0,0,0,0,0,0,0,0,0,0,0,0,0,0,1,0,0,0,0,0,0,0,0,0,0,0,0,0,0,1,0,0,0,1,0,0,0,0,0,0,0,0,0,0,0,0,0,0,0,0,0,0,0,0,0,0
"COG3616",56,44,41,68,32,38,40,41,61,27,57,52,105,35,39,36,61,28,32,67,66,63,139,42,39,41,54,108,40,48,68,46,48,112,78,48,51,30,33,146,50,25,71,48,69,53,54,59,66,48,59,58,132,47,61,58,98,53,87,50,95,135,77,58,64,59,58,61,50,16,100,75,81,71,72,76,56,146,66,51,84,76,41,74,64,145,71,70,25,99,46,123,94,63,59,80,47,45,50,54
"COG3617",0,2,6,0,0,0,3,1,1,0,0,0,0,0,0,0,0,0,1,0,0,0,2,0,1,1,0,0,0,2,4,0,0,2,3,4,1,0,1,2,0,0,2,0,0,1,2,4,0,0,1,1,0,0,1,1,0,1,3,0,8,0,1,0,0,0,1,0,1,2,1,0,0,1,0,0,0,0,1,0,0,0,1,0,0,2,1,0,3,1,0,1,0,0,0,1,0,1,1,0
"COG3618",195,169,126,149,150,139,115,139,180,121,136,85,288,94,114,113,130,93,157,262,200,133,307,132,158,114,127,256,132,111,177,104,105,282,218,183,91,92,104,321,192,130,236,129,260,128,148,135,164,91,71,122,264,171,95,90,129,146,157,113,242,223,103,130,139,94,133,104,66,112,230,142,158,126,152,131,112,279,86,103,115,143,104,133,133,226,117,111,71,231,63,226,143,119,137,159,97,99,108,121
"COG3619",3,1,1,0,0,1,1,1,0,1,0,0,1,0,0,1,2,0,0,1,0,0,1,0,0,0,0,2,0,0,0,0,0,2,5,8,0,0,0,3,0,0,8,0,0,0,0,0,0,0,0,1,2,2,0,0,0,0,1,0,1,1,0,0,0,1,1,0,0,0,2,0,0,0,1,0,0,1,1,0,0,0,0,0,0,1,0,0,0,3,0,5,0,0,0,0,0,0,0,0
"COG3620",43,9,18,1,18,68,8,4,0,0,19,12,32,7,7,0,1,2,0,40,7,21,3,5,24,0,8,35,1,9,23,10,1,14,3,37,6,6,3,5,29,2,20,15,37,14,5,3,16,4,4,6,27,1,7,4,1,2,16,0,53,30,27,2,49,10,1,2,8,2,45,8,1,7,9,1,2,50,10,1,21,1,1,4,20,36,1,28,2,38,5,50,9,0,0,5,9,7,5,10
"COG3621",19,23,30,40,45,29,30,47,30,48,4,68,11,50,28,41,9,31,42,16,22,48,12,38,38,36,62,20,39,54,19,50,37,27,26,31,20,29,25,21,26,29,18,44,31,34,12,25,30,49,38,44,12,57,29,17,36,34,3,28,19,27,19,38,11,22,39,21,30,47,17,20,72,44,29,23,33,10,33,24,18,34,30,44,18,19,48,63,33,34,25,9,81,27,39,27,22,46,34,42
"COG3622",88,62,55,49,51,73,27,31,59,44,61,54,63,46,53,42,121,30,31,64,78,75,117,40,47,38,70,71,56,54,102,56,34,105,79,66,66,35,39,74,57,29,86,60,69,68,60,68,65,59,46,49,59,37,53,34,48,37,78,44,81,68,49,40,50,47,46,41,51,20,71,60,40,74,46,46,34,90,28,31,64,58,48,52,59,73,58,69,13,76,40,95,69,44,76,72,37,40,52,45
"COG3623",41,57,8,16,15,42,8,7,11,7,25,6,8,11,6,8,2,6,7,39,6,8,26,28,21,5,8,9,7,13,25,14,15,24,28,21,22,8,8,13,59,9,15,17,40,16,23,14,18,13,10,11,16,10,16,4,10,6,20,9,28,61,8,5,8,25,6,9,8,7,27,8,4,6,8,10,9,23,7,24,14,14,9,9,8,20,13,20,11,36,18,30,6,11,5,6,13,11,11,3
"COG3624",1,1,1,0,0,0,1,1,56,53,0,0,2,3,0,1,1,0,1,2,3,1,0,0,0,0,0,1,15,3,2,0,0,1,2,0,0,2,1,5,0,4,2,0,0,1,0,2,0,0,0,0,1,1,2,5,0,1,0,0,1,1,1,17,0,0,1,1,0,0,1,14,9,0,3,0,2,2,0,0,0,2,50,2,0,0,0,0,0,0,0,0,0,0,18,34,0,2,0,0
"COG3625",1,0,0,0,0,1,0,1,65,62,1,0,1,6,1,2,1,0,0,1,2,0,2,3,0,2,0,1,35,1,4,0,1,2,3,0,1,4,3,3,0,1,4,1,0,0,0,2,1,0,1,0,1,1,1,17,0,0,0,4,2,1,0,30,0,1,2,0,1,0,0,17,5,1,2,0,0,0,0,1,0,0,53,0,1,0,1,2,0,0,0,0,2,1,45,49,0,1,0,0
"COG3626",1,0,2,0,0,0,1,3,105,94,0,0,1,8,0,2,1,1,2,0,0,3,3,0,2,0,1,1,32,1,1,0,2,4,4,3,1,8,0,4,0,6,6,1,1,1,1,5,2,0,0,2,2,1,1,19,2,6,1,3,0,0,3,53,0,0,3,2,0,0,0,31,12,1,5,2,3,7,0,1,1,3,131,0,1,2,5,0,1,9,0,0,1,0,110,64,3,3,0,0
"COG3627",4,0,2,2,0,0,2,4,121,102,0,0,0,8,1,2,0,1,1,4,1,1,5,1,2,1,0,3,45,4,4,1,1,5,5,3,1,7,3,3,1,4,5,0,1,0,1,6,1,2,0,1,1,3,2,23,2,2,1,2,1,0,1,44,0,1,2,1,0,0,1,29,5,0,3,6,2,2,1,1,0,3,98,0,0,4,0,1,0,2,0,1,1,0,82,66,2,5,1,1
"COG3628",4,3,4,197,5,2,17,10,3,5,4,53,11,33,14,13,3,13,2,5,12,4,4,101,32,43,15,5,13,7,6,14,14,8,73,16,6,18,32,11,5,36,3,2,0,14,8,28,4,11,8,8,15,0,1,1,24,20,8,32,4,0,6,12,3,3,56,34,1,0,1,3,14,11,5,94,13,3,64,95,6,12,9,14,11,6,47,10,11,6,10,1,4,14,10,10,5,4,3,10
"COG3629",0,10,2,1,0,3,0,1,0,0,22,2,0,0,1,1,0,0,0,1,0,1,0,1,0,0,0,0,2,13,1,0,0,1,1,0,17,0,8,0,7,1,5,0,0,0,24,1,0,1,0,0,0,0,0,5,0,0,26,0,0,1,0,0,0,14,1,0,0,1,1,0,0,0,0,1,0,0,1,0,3,0,0,0,1,3,0,0,0,4,0,0,1,1,0,1,1,0,0,0
"COG3631",8,14,3,6,14,12,11,5,19,10,15,6,9,12,7,11,3,8,20,7,5,9,11,8,6,4,4,10,10,6,8,14,9,12,5,9,8,14,5,16,12,5,9,4,12,13,7,2,15,3,16,6,7,16,7,5,8,2,6,7,15,11,4,4,14,2,4,3,14,5,12,9,10,7,2,4,11,8,10,1,12,5,11,3,18,10,3,21,20,16,4,8,6,7,9,11,2,8,3,4
"COG3633",5,5,3,3,0,11,6,0,0,0,7,10,4,10,9,0,67,0,0,1,5,0,21,3,16,2,2,3,0,0,23,2,2,17,11,3,1,2,2,0,2,0,22,4,11,1,3,16,8,1,2,1,3,0,5,0,6,0,3,0,21,7,3,0,2,4,2,0,17,0,6,0,1,7,1,3,3,7,5,4,1,3,0,1,1,6,1,0,1,0,3,6,2,3,2,1,2,4,4,3
"COG3634",46,10,35,25,15,52,28,8,0,5,14,45,14,25,30,19,160,10,12,56,24,5,55,25,72,16,25,19,7,34,93,8,23,74,55,48,13,9,28,11,18,10,108,29,34,18,11,72,21,53,25,28,13,22,13,15,25,14,37,13,42,24,39,8,16,12,20,4,45,4,44,3,8,24,13,5,11,47,31,12,9,19,4,6,8,31,12,15,18,35,52,39,45,10,8,12,25,18,13,15
"COG3635",161,98,12,3,0,207,3,3,5,4,143,5,138,16,2,0,4,3,0,208,34,0,74,3,83,1,3,127,13,6,102,27,4,92,27,146,95,8,3,70,163,4,80,1,161,33,105,11,54,1,7,3,76,0,19,5,13,1,80,4,159,154,4,8,126,56,3,3,36,0,153,28,4,4,2,1,5,138,20,1,50,13,2,8,58,125,4,8,2,116,4,133,6,12,2,7,6,23,16,1
"COG3636",0,0,0,0,0,0,0,0,0,0,0,0,0,1,0,1,0,0,0,2,0,1,2,0,0,0,0,0,0,0,1,0,0,2,2,2,0,1,0,0,0,0,3,0,0,0,0,1,0,0,2,0,5,0,0,0,0,0,1,1,0,0,0,1,0,0,1,0,2,0,1,0,0,0,0,1,1,4,0,0,0,0,0,0,0,2,0,1,0,2,0,0,0,1,5,1,0,0,0,0
"COG3637",10,1,9,0,6,2,5,2,1,0,7,1,2,2,8,0,1,1,2,7,4,0,5,0,2,2,0,6,0,1,17,5,0,8,15,34,6,1,2,11,0,3,59,2,5,0,4,10,2,0,0,2,6,0,1,1,1,3,1,0,11,1,2,0,4,5,3,1,0,3,7,1,0,1,4,0,0,13,3,0,0,7,0,2,0,8,0,4,0,21,0,6,1,3,3,1,1,1,0,0
"COG3638",51,71,136,62,44,46,158,143,207,212,39,67,47,97,57,125,14,111,62,73,112,39,58,69,82,86,60,94,169,77,57,75,71,71,81,72,53,99,124,83,64,174,94,68,64,74,59,109,81,46,52,67,68,54,95,142,42,137,61,138,53,74,117,171,38,58,122,115,59,38,54,94,101,68,137,83,128,73,84,86,57,82,239,61,60,62,96,49,78,77,88,63,68,109,131,153,143,128,117,109
"COG3639",190,156,145,80,88,157,82,71,381,422,99,129,103,160,65,74,35,88,66,183,168,81,114,82,134,118,113,162,402,134,155,122,154,108,111,152,89,202,97,167,155,129,158,95,195,131,132,199,132,105,120,126,183,70,210,211,79,102,121,111,187,178,172,361,74,112,93,103,131,55,172,182,174,153,135,101,111,190,170,87,106,108,442,99,105,173,119,106,58,179,141,193,100,147,276,259,196,181,229,134
"COG3640",1,4,2,1,0,1,1,0,1,0,41,2,0,0,0,2,0,0,0,1,1,0,0,0,0,0,0,3,0,1,0,1,0,0,0,1,40,0,0,2,3,2,0,0,2,1,28,2,1,0,0,0,0,0,0,0,3,0,33,0,1,0,0,0,0,29,2,2,0,0,1,0,2,1,1,1,0,1,0,1,0,1,0,1,0,0,1,0,0,1,0,0,0,0,0,2,0,0,0,0
"COG3641",0,0,0,0,0,0,0,0,0,0,0,0,0,0,0,0,0,0,0,0,0,0,0,0,0,0,0,0,0,0,0,0,1,0,0,0,0,0,0,0,0,0,0,0,0,0,0,0,0,0,0,0,0,0,0,0,0,0,0,0,14,0,0,0,0,0,0,0,0,0,0,0,0,0,0,0,1,0,0,0,0,0,0,0,0,0,0,0,0,0,0,0,0,1,0,0,0,0,0,0
"COG3642",58,19,7,7,18,95,9,7,0,11,34,28,42,16,0,8,8,13,6,72,23,0,18,16,39,15,11,77,8,27,23,28,20,33,24,51,19,16,8,38,73,11,28,5,66,29,13,9,35,26,25,12,54,1,34,27,9,6,31,10,63,61,22,12,67,20,11,18,41,0,81,20,4,8,4,9,4,70,26,13,27,43,2,19,19,66,4,4,4,75,21,72,25,7,13,3,16,21,32,13
"COG3643",25,41,33,9,32,30,22,12,4,4,17,61,40,34,10,12,4,47,6,22,45,35,36,18,24,26,29,54,21,56,21,37,37,45,34,23,11,36,29,46,54,15,26,28,37,41,51,35,54,69,67,54,97,13,93,61,68,25,58,36,56,51,84,41,53,28,39,51,71,26,50,53,24,39,26,22,31,35,69,32,47,55,15,59,40,44,37,62,18,63,65,61,138,46,14,23,48,28,78,56
"COG3644",0,1,3,1,0,0,4,1,1,0,0,1,6,0,1,0,30,0,1,1,0,0,7,0,2,1,4,0,1,1,11,0,0,7,3,2,1,0,0,0,0,2,4,1,0,1,0,7,1,0,0,2,0,0,0,0,2,0,3,0,0,0,1,4,0,2,1,0,0,0,0,0,4,1,1,0,0,2,0,0,1,0,1,0,1,0,1,0,1,3,1,1,1,1,2,0,5,0,0,0
"COG3645",0,0,0,0,0,0,0,0,0,0,0,0,0,0,1,0,0,0,0,0,0,0,1,0,0,0,0,1,0,0,2,0,0,0,1,10,0,0,0,0,1,0,0,0,0,0,0,6,0,0,0,0,2,0,0,0,0,0,1,0,0,0,0,0,0,0,0,0,0,0,2,0,0,0,0,0,0,1,1,0,0,0,0,0,0,5,0,0,0,3,1,0,0,0,0,0,0,0,0,0
"COG3646",1,0,2,0,0,0,0,0,0,0,0,0,2,0,19,0,17,0,0,1,2,1,2,0,2,1,0,0,0,0,8,0,0,2,4,0,0,0,0,1,0,0,5,0,1,0,0,12,0,0,1,0,2,0,0,0,1,0,3,1,3,1,2,0,0,0,0,1,1,1,3,0,0,1,0,0,0,6,2,0,0,1,0,0,0,0,0,0,0,3,0,0,0,0,1,0,0,3,1,0
"COG3647",3,2,2,0,1,3,3,1,0,0,3,1,0,1,10,1,1,0,1,0,1,0,4,2,6,0,3,1,1,0,13,1,3,4,0,4,6,0,3,0,0,2,17,3,0,1,0,1,2,0,0,0,0,2,1,0,1,1,5,1,1,0,6,1,1,0,0,2,0,0,1,2,1,1,3,0,1,7,2,1,1,3,0,0,0,1,7,2,3,0,2,1,1,0,3,2,6,1,2,4
"COG3648",0,0,0,0,0,0,1,0,1,0,1,1,0,1,0,1,0,1,0,0,1,1,0,0,0,0,1,0,0,2,0,1,2,0,4,0,1,0,0,0,0,0,22,0,0,1,0,0,3,0,0,2,0,0,1,0,0,0,0,0,0,0,1,0,0,0,0,0,1,0,0,2,0,1,0,1,0,5,2,1,0,5,0,1,3,0,0,0,0,1,0,0,1,0,0,0,0,1,2,0
"COG3649",5,1,3,0,0,3,0,0,0,0,1,0,4,0,1,0,44,0,0,0,0,0,9,0,2,0,0,1,0,0,1,0,0,4,4,3,1,0,0,0,2,0,1,5,0,0,0,7,0,0,1,1,2,0,0,0,3,0,1,0,7,0,1,0,0,0,0,0,0,0,1,0,1,0,1,0,0,3,0,0,0,0,0,0,0,7,1,0,1,0,0,1,1,4,0,0,2,1,0,0
"COG3650",5,7,2,1,1,0,2,0,2,0,1,0,4,0,7,0,12,0,0,2,1,1,20,3,0,2,3,5,0,0,8,2,1,6,2,2,0,0,1,3,1,1,10,0,1,1,3,13,0,0,2,2,2,0,1,1,1,0,2,0,2,2,6,0,0,0,1,0,0,0,1,0,0,0,3,3,0,5,1,0,2,2,0,2,0,2,0,0,2,1,0,0,1,2,2,3,0,2,0,0
"COG3651",52,18,89,117,96,27,118,130,123,131,18,103,69,91,115,126,39,114,130,49,95,57,36,73,86,115,122,59,147,110,42,96,118,65,82,53,14,121,119,74,34,112,39,114,50,93,17,84,96,83,113,97,66,145,118,113,83,122,29,93,60,67,100,146,62,8,109,113,127,92,44,109,128,83,118,81,117,45,93,108,97,112,132,111,103,51,88,75,137,57,130,40,80,101,129,105,120,122,116,106
"COG3652",2,0,0,0,0,0,2,0,0,0,0,0,0,0,1,0,0,0,0,0,1,0,0,0,0,0,0,0,1,0,0,0,0,0,0,5,0,0,0,1,0,0,5,0,0,0,1,1,0,0,0,0,0,0,0,0,2,0,0,0,0,0,0,0,0,0,0,0,0,0,1,0,0,0,0,0,0,1,0,0,1,0,0,0,0,0,0,0,2,2,0,0,1,0,0,0,1,0,0,0
"COG3653",483,401,156,273,158,449,128,158,189,153,566,208,602,217,165,155,52,197,127,634,375,203,677,234,261,207,176,682,257,176,394,251,248,540,399,345,457,201,136,741,536,199,393,181,625,271,430,151,379,175,215,207,653,140,283,269,441,150,479,168,570,665,126,252,564,417,137,182,335,306,596,337,183,143,170,199,143,566,302,182,379,358,164,321,464,589,213,270,145,501,226,637,250,282,169,244,88,170,234,158
"COG3654",6,1,3,0,3,3,1,0,7,3,5,0,3,1,4,0,27,0,0,1,0,4,3,2,1,0,0,3,1,1,8,1,1,1,5,6,1,0,0,0,1,0,10,0,3,2,0,8,0,2,1,1,2,0,0,4,1,0,9,0,0,1,1,0,0,0,0,0,0,0,3,1,0,0,1,0,0,2,0,1,0,0,1,0,1,0,1,5,0,3,1,2,4,0,3,3,1,2,0,0
"COG3655",13,6,3,5,3,7,4,0,0,0,14,0,5,1,4,4,5,3,0,1,2,4,4,4,3,1,2,4,2,1,6,1,1,4,7,18,14,1,2,2,8,1,10,1,4,3,5,2,3,2,0,2,3,2,1,0,2,2,5,3,15,4,2,1,2,8,1,2,2,22,14,1,1,0,1,5,1,7,2,6,4,0,1,0,1,9,1,7,3,7,0,9,1,1,0,1,1,0,1,0
"COG3656",17,3,6,0,4,24,24,0,1,0,11,1,11,0,9,0,150,0,0,5,7,0,25,0,4,1,3,3,1,0,60,0,2,40,18,3,2,0,0,2,4,0,42,1,21,0,2,34,1,1,0,3,8,0,1,1,16,1,15,2,3,8,7,1,2,6,2,0,4,0,1,1,1,6,7,1,0,10,7,6,0,5,0,1,5,9,2,1,1,2,1,16,6,1,7,0,0,2,4,0
"COG3657",2,1,6,0,0,0,0,0,0,0,2,0,1,1,0,0,1,0,1,0,0,0,4,0,5,1,0,2,1,0,9,0,0,0,3,5,0,0,0,0,0,0,1,0,0,0,0,1,0,0,0,0,1,1,1,1,0,0,1,1,1,0,1,0,0,0,1,0,2,0,0,0,0,1,3,0,0,4,1,0,0,1,0,0,0,0,0,0,0,1,1,0,0,1,1,2,0,1,0,0
"COG3658",22,5,13,17,5,11,17,4,23,16,8,14,15,10,16,9,89,4,6,7,9,1,25,10,34,5,8,4,6,5,56,2,2,16,14,4,1,3,5,4,3,11,38,9,13,1,4,24,4,2,2,4,6,4,10,3,9,5,13,5,9,6,11,9,1,4,13,3,16,0,10,2,14,11,11,9,16,17,8,9,1,7,5,4,1,7,13,8,4,4,4,5,10,3,24,16,4,0,3,5
"COG3659",41,13,13,1,3,16,6,0,12,6,74,5,24,2,5,0,137,0,1,13,8,1,35,4,12,6,1,8,3,5,48,7,1,34,13,5,49,3,2,5,12,0,30,2,23,2,36,34,9,3,1,2,8,1,7,14,10,1,49,3,14,10,10,1,0,46,4,1,5,1,14,7,1,3,6,3,4,7,2,2,0,4,12,2,1,14,11,2,1,11,2,16,6,7,11,15,7,11,11,1
"COG3660",74,88,69,204,178,91,125,199,286,352,55,144,128,168,210,209,6,201,252,116,89,147,49,199,128,193,185,76,159,150,52,171,199,79,90,112,95,177,188,124,104,147,44,177,107,183,99,44,150,196,232,165,132,241,131,173,171,221,57,191,89,114,67,195,151,110,199,202,169,166,80,198,219,176,84,132,182,71,147,176,216,114,223,205,196,86,162,89,193,95,182,86,126,151,164,182,77,149,94,170
"COG3661",11,0,8,0,0,9,5,0,1,0,0,2,27,0,9,0,142,0,0,2,0,5,35,0,13,1,0,3,0,13,45,0,1,7,17,47,0,1,1,4,2,0,15,4,4,2,2,37,1,0,0,1,1,0,1,0,3,0,10,1,9,1,4,0,1,0,4,0,6,1,10,2,1,2,0,0,0,9,2,0,1,2,0,0,1,22,0,2,2,19,1,11,7,1,2,0,2,1,0,1
"COG3662",20,10,25,11,0,21,18,32,7,26,9,15,16,30,3,16,6,20,12,20,9,1,12,26,16,28,17,13,30,24,12,20,30,11,28,34,7,20,32,17,8,20,36,22,10,16,1,10,23,31,32,24,24,17,13,26,27,41,0,35,12,21,9,23,18,9,18,28,35,0,19,34,16,24,3,33,29,16,36,23,46,17,26,32,32,16,36,20,35,27,41,16,22,23,18,27,5,10,9,42
"COG3663",11,14,3,3,3,15,6,0,2,1,13,4,16,4,7,2,1,4,0,24,7,1,14,4,11,0,2,12,1,2,22,2,3,11,9,14,14,6,2,3,10,1,26,0,16,2,22,2,7,6,5,3,8,1,2,2,3,1,9,4,30,19,1,3,3,15,4,0,5,4,18,8,1,4,2,1,1,29,3,5,4,8,1,4,6,29,5,2,5,11,4,31,3,4,1,0,2,3,4,3
"COG3664",5,67,98,12,3,14,7,7,3,17,27,10,16,16,11,8,2,10,14,16,10,2,16,13,10,21,7,13,8,22,4,10,18,14,8,11,37,18,11,4,13,14,17,13,7,18,66,8,9,13,17,10,22,15,14,14,16,4,16,12,11,12,52,3,18,33,12,7,17,2,17,15,6,9,6,15,15,11,20,13,28,9,7,21,20,10,7,5,14,20,10,12,22,11,4,3,23,10,6,3
"COG3665",226,288,61,399,359,312,194,250,353,348,171,247,258,260,256,220,38,265,228,314,168,284,142,379,231,270,332,217,200,189,198,265,282,93,133,189,250,249,241,201,310,274,193,229,265,245,291,90,269,217,360,223,226,274,168,283,250,309,146,301,226,354,65,256,302,290,239,267,303,353,246,281,280,281,133,291,249,229,264,311,334,264,313,339,318,215,250,188,351,233,362,268,146,205,345,290,73,241,154,269
"COG3666",136,141,81,1,13,42,71,11,11,2,381,16,35,2,56,5,207,1,1,75,22,11,120,6,119,3,2,46,1,16,240,1,11,93,103,164,351,4,26,6,77,1,264,9,76,2,192,240,10,3,6,18,15,10,24,10,37,6,318,5,56,49,57,1,4,297,18,0,54,1,84,7,6,7,28,6,4,175,15,8,3,7,2,0,12,209,18,19,18,115,18,105,28,36,18,15,10,14,16,5
"COG3667",39,13,26,0,5,16,25,3,3,2,14,8,18,25,21,0,112,0,5,34,11,5,52,1,30,4,1,15,0,4,107,4,0,41,46,71,14,3,7,5,11,1,131,4,19,4,7,68,8,1,2,6,10,6,7,3,12,5,22,4,32,13,17,1,2,4,21,0,14,11,30,6,4,6,10,1,3,66,2,4,0,10,0,0,7,30,6,2,12,66,1,14,16,5,12,6,3,8,16,1
"COG3668",14,5,16,0,1,9,5,0,1,0,6,2,4,3,9,2,118,0,1,7,4,0,27,3,14,2,2,3,0,7,32,0,2,17,9,23,2,2,2,6,6,2,35,1,14,0,2,22,0,1,3,4,5,0,3,5,4,2,9,5,6,8,11,1,0,4,5,0,5,1,13,2,2,3,4,5,1,21,2,2,0,3,0,0,4,15,2,1,1,7,2,9,6,5,13,4,1,4,3,0
"COG3669",114,62,59,27,48,67,23,31,70,127,55,63,25,50,43,43,8,37,41,52,27,24,31,26,44,38,77,47,53,59,44,65,33,39,60,140,54,56,60,38,85,24,44,92,65,65,69,22,51,95,59,33,26,42,33,22,31,38,74,39,76,57,36,48,24,44,38,27,39,8,78,39,54,82,39,56,25,48,34,35,35,18,73,29,16,139,83,102,47,78,37,82,36,27,75,35,30,19,29,63
"COG3670",108,53,243,193,81,136,213,207,92,69,28,109,92,190,80,182,24,210,113,81,223,40,65,174,147,202,123,93,201,153,78,145,162,114,145,117,11,197,178,135,131,274,94,109,124,149,35,234,144,99,83,172,117,97,201,132,89,176,25,178,115,97,227,162,75,16,162,169,133,20,98,145,145,147,259,188,179,104,167,196,73,237,110,148,83,84,148,138,131,125,77,98,176,186,87,104,277,240,277,123
"COG3671",3,1,4,0,10,0,1,0,1,0,0,0,0,0,0,0,1,0,0,0,0,11,3,0,4,1,1,0,0,0,3,0,0,5,2,5,1,0,0,0,0,0,5,0,2,0,1,6,0,0,0,1,2,0,1,0,0,2,7,0,10,0,2,0,0,0,0,0,3,12,0,0,0,1,0,1,1,6,0,0,0,0,0,1,1,4,2,1,0,1,0,2,0,0,0,0,0,1,0,0
"COG3672",8,2,9,0,2,8,8,0,0,0,10,3,0,10,25,1,31,0,4,11,0,0,47,0,13,1,0,3,0,4,29,0,3,17,9,10,8,0,3,2,5,1,36,2,17,2,6,14,1,1,0,2,4,1,5,6,8,1,13,1,2,3,5,1,1,5,3,1,9,1,4,1,2,1,0,1,0,13,2,0,1,3,1,0,2,5,4,0,1,9,1,6,2,2,9,0,1,3,7,0
"COG3673",18,2,10,0,17,5,4,3,11,4,10,0,2,1,3,1,2,0,1,11,3,21,12,1,7,0,2,7,1,0,12,1,1,2,10,3,10,0,2,2,1,0,28,2,2,2,7,7,1,0,0,1,2,1,2,0,0,1,17,0,14,2,1,3,0,9,1,0,0,2,8,0,5,0,4,1,0,9,0,2,0,1,2,0,7,9,1,13,3,10,1,5,0,2,5,1,1,0,1,0
"COG3675",3,7,9,36,18,12,12,9,40,32,3,76,21,22,30,13,70,16,13,11,14,22,20,41,27,46,35,6,16,12,32,12,55,19,39,6,7,33,21,17,8,27,8,20,9,24,8,42,14,14,24,12,18,11,11,2,24,24,12,20,4,12,10,30,10,8,50,36,15,11,6,7,18,30,6,79,17,4,98,46,18,19,25,11,29,3,34,67,36,6,11,6,6,32,17,13,15,27,12,37
"COG3676",6,72,1,1,2,11,2,0,6,2,197,1,1,0,2,1,0,0,1,16,0,4,6,3,17,2,1,1,2,0,18,0,1,4,2,19,166,0,1,6,16,0,22,1,12,0,132,3,2,0,0,0,6,1,0,3,2,0,153,1,46,15,4,1,1,223,1,0,0,2,10,0,2,0,0,0,6,23,1,0,0,1,2,2,1,9,1,3,1,10,0,9,1,3,2,1,0,0,1,2
"COG3677",17,27,1,0,3,13,2,0,7,1,64,1,3,1,5,1,18,0,2,14,1,16,5,2,7,0,0,13,0,0,17,1,2,4,3,2,73,1,0,0,38,1,12,0,18,0,63,5,3,1,1,0,4,2,1,2,1,1,42,3,8,11,1,1,0,80,1,2,1,1,11,0,0,0,1,2,0,20,0,0,1,2,0,0,2,14,1,4,0,1,0,10,0,1,5,1,0,1,2,0
"COG3678",7,3,0,0,1,2,4,0,1,0,3,9,2,10,0,0,63,0,0,1,1,0,7,0,14,0,0,1,0,0,21,0,0,11,6,0,2,0,0,1,2,0,13,1,11,1,4,26,0,0,0,1,1,1,1,0,2,0,2,0,0,2,8,0,1,3,0,0,10,0,4,0,1,3,1,0,1,3,3,1,0,1,0,0,3,6,1,0,1,0,0,1,2,2,6,0,0,2,2,0
"COG3679",0,0,0,0,0,0,0,0,0,0,0,0,0,0,0,0,0,0,0,0,0,0,0,0,0,0,0,0,0,0,0,0,0,0,0,0,0,0,0,1,0,0,0,0,0,0,0,0,0,0,0,0,0,0,0,0,1,0,0,0,0,0,0,0,1,0,0,0,0,0,0,0,0,0,0,0,0,0,0,0,0,0,0,0,0,0,0,0,0,0,0,0,0,0,0,0,0,0,0,0
"COG3680",2,4,3,6,19,2,5,7,1,2,1,6,3,3,3,7,8,5,4,1,5,12,6,6,6,5,7,3,5,6,3,7,7,5,3,2,18,6,3,8,4,2,2,11,3,3,8,11,3,12,3,3,5,3,2,8,4,0,2,3,0,1,7,1,4,8,2,3,3,7,2,2,1,12,1,2,3,7,0,1,0,6,3,4,5,1,4,10,2,2,8,4,6,2,3,3,5,4,2,4
"COG3681",0,0,0,0,0,0,2,0,0,0,0,0,0,0,0,0,2,0,0,0,0,0,2,0,0,0,0,0,0,0,0,0,0,0,0,0,0,0,0,0,0,0,0,0,0,0,0,0,0,0,0,0,0,0,0,0,0,0,0,0,0,0,0,0,0,0,0,0,0,0,0,0,0,0,0,0,0,0,0,0,0,0,0,0,0,0,0,0,0,0,0,0,0,0,0,0,0,0,0,0
"COG3682",17,4,4,0,0,10,7,1,0,0,8,1,2,7,9,0,69,0,0,1,3,2,9,2,6,1,1,4,0,5,32,0,1,10,15,29,2,0,2,1,5,0,35,1,6,0,3,11,2,0,1,1,3,0,2,2,5,0,5,0,8,3,3,1,2,2,4,0,9,0,3,0,0,2,2,0,3,12,1,0,2,2,0,0,3,11,2,1,2,11,0,4,0,8,0,0,2,3,1,1
"COG3683",3,3,1,1,6,2,2,0,0,0,3,0,3,1,4,0,4,1,0,0,1,0,4,0,1,1,1,0,2,1,2,0,0,4,1,0,6,0,0,2,3,0,7,0,1,0,2,2,0,0,1,1,0,1,2,1,1,0,1,1,0,2,1,1,0,2,5,1,0,0,1,0,2,1,2,1,1,1,1,1,0,1,1,1,0,2,2,1,0,3,0,2,4,0,0,1,0,1,1,0
"COG3684",11,40,2,5,21,14,8,9,12,7,22,7,3,6,16,9,0,4,6,8,6,5,3,4,3,4,11,7,9,8,4,17,13,4,7,13,13,9,11,7,17,7,4,11,18,26,36,5,10,1,6,2,10,8,9,14,5,6,26,10,12,22,3,10,2,16,11,9,5,12,5,13,14,7,10,12,12,4,11,4,7,7,15,11,5,11,10,32,3,14,5,9,5,10,6,6,6,12,15,6
"COG3685",10,0,0,0,0,0,0,0,1,0,0,1,0,1,2,0,0,0,0,0,0,0,4,0,0,0,1,2,0,0,9,0,0,2,2,26,0,0,0,0,0,0,15,0,2,0,0,1,0,2,0,1,1,0,0,1,0,0,0,0,7,0,1,0,0,1,0,0,0,0,5,0,0,0,1,0,0,4,0,0,0,0,0,0,2,16,1,0,0,10,0,9,1,2,0,0,1,0,0,0
"COG3686",9,7,75,13,2,5,49,36,23,10,5,17,3,21,21,39,24,35,14,8,43,2,11,18,15,26,29,7,18,28,9,22,29,24,15,17,4,21,35,11,2,41,3,24,2,12,17,63,14,13,6,40,11,18,50,10,9,34,12,26,4,4,71,30,9,2,40,33,8,8,1,22,27,24,55,23,51,9,18,30,4,28,25,18,10,7,23,13,16,13,8,5,24,37,8,26,114,49,61,29
"COG3687",27,13,45,1,29,33,22,0,1,3,15,7,16,3,17,1,26,4,4,21,7,68,40,2,21,8,1,17,3,4,47,3,7,31,22,24,6,4,6,8,10,3,63,4,26,6,8,18,13,1,0,5,12,1,5,11,12,3,37,6,20,30,28,1,7,12,8,0,10,48,12,8,4,3,20,3,3,46,5,2,9,10,0,4,17,10,6,30,5,33,3,8,25,9,10,7,7,6,6,1
"COG3688",2,4,2,0,0,4,1,0,4,5,6,0,0,2,1,2,0,2,1,1,1,0,8,3,2,0,1,1,4,1,0,0,0,5,4,0,8,3,2,4,3,1,1,1,2,0,11,3,5,1,0,4,3,3,4,0,0,0,10,3,0,0,3,0,0,7,0,3,0,0,2,0,1,2,1,1,0,1,1,0,0,5,0,0,0,1,5,1,0,1,0,4,2,2,2,0,4,2,1,0
"COG3689",0,0,18,10,0,1,5,0,7,0,0,0,0,4,11,0,0,3,0,0,0,0,0,11,0,0,5,0,0,3,0,3,0,3,5,9,0,2,0,3,0,6,11,0,2,4,0,0,0,0,0,12,1,0,5,5,0,1,0,3,0,0,3,1,0,0,0,3,1,0,4,4,3,1,5,7,2,4,0,10,0,9,2,5,0,3,9,5,1,2,0,2,10,0,2,26,4,12,8,4
"COG3692",0,0,0,0,0,0,0,0,0,0,2,0,0,0,0,0,0,0,0,0,0,0,0,0,0,0,1,0,0,0,0,0,0,0,0,1,0,0,0,0,0,0,1,0,0,0,0,0,0,0,0,0,0,0,0,0,0,0,0,0,0,0,0,0,0,0,0,0,0,0,0,0,0,1,0,0,0,0,0,0,0,0,0,0,0,1,0,0,0,0,0,0,0,0,0,0,0,0,0,0
"COG3693",15,16,91,11,41,16,77,37,64,113,1,47,38,89,45,76,269,45,110,10,29,51,64,20,39,16,44,23,96,67,55,92,19,64,44,61,9,82,58,19,9,27,20,70,13,87,17,69,51,33,50,20,18,141,45,40,26,37,24,29,18,8,40,87,6,4,58,35,27,31,22,36,123,37,119,20,85,13,16,11,31,34,97,29,16,59,59,76,52,33,6,19,77,35,98,45,31,46,51,40
"COG3694",1,19,118,8,0,7,69,85,23,4,16,23,13,29,15,51,0,43,29,8,72,0,17,17,30,40,18,17,63,45,7,33,49,46,23,9,18,39,54,14,1,76,5,27,7,24,30,106,13,17,13,56,22,20,84,45,15,42,31,28,3,4,113,46,7,14,49,46,6,0,2,21,40,27,102,35,62,5,40,35,19,16,39,14,10,7,41,6,20,13,3,6,22,80,11,37,158,74,98,34
"COG3695",26,14,62,19,25,11,11,7,19,9,15,23,18,11,38,15,63,11,11,19,10,41,31,10,10,10,38,7,12,45,23,25,6,24,15,10,16,18,14,12,9,5,23,31,18,19,13,23,16,16,13,30,14,13,8,19,14,9,17,7,21,18,60,11,12,11,12,12,17,47,17,9,9,27,16,13,9,20,13,14,8,22,21,10,10,27,19,37,8,21,11,13,36,15,25,29,83,7,12,23
"COG3696",597,343,555,22,79,335,232,26,145,110,461,223,278,235,392,48,2578,11,51,224,124,47,788,31,543,57,16,207,73,130,1388,35,37,524,369,728,463,31,98,66,167,18,1063,82,293,42,339,757,46,66,72,65,129,64,113,100,168,43,527,53,317,235,412,54,62,365,121,17,239,41,281,32,44,69,143,40,44,491,95,47,23,55,72,19,89,670,95,40,62,318,28,262,140,162,261,78,106,132,142,32
"COG3698",11,1,7,12,5,4,4,2,0,0,7,4,2,3,13,3,2,2,2,1,1,10,5,8,1,7,7,2,0,9,7,5,1,6,8,9,2,7,2,2,2,2,15,17,1,4,2,2,3,2,3,5,3,2,4,3,0,1,4,6,11,0,9,0,0,2,3,1,0,12,1,1,4,8,9,5,6,7,0,8,0,7,0,3,2,3,7,4,0,13,4,0,9,2,10,6,8,3,6,2
"COG3700",5,9,2,0,0,3,2,0,0,1,2,3,8,2,0,0,0,1,2,2,0,0,3,3,3,1,2,10,0,3,2,3,3,3,3,1,5,0,3,4,13,2,2,0,1,2,5,6,5,7,7,1,4,0,9,8,12,5,18,3,13,7,2,5,7,3,3,4,18,0,11,3,1,1,1,3,3,4,2,1,11,3,0,6,5,7,2,0,9,10,10,11,5,8,0,0,3,2,5,4
"COG3701",9,2,7,0,2,1,10,1,0,0,0,0,3,1,4,0,1,0,1,8,1,2,3,0,4,1,0,1,0,3,12,1,0,8,11,30,0,1,1,0,0,0,31,0,4,0,0,13,1,1,0,1,2,0,3,0,3,0,3,0,1,1,3,0,2,0,1,1,1,0,11,0,0,1,1,0,1,12,0,0,0,1,0,0,5,10,1,0,1,15,1,5,1,1,0,3,1,0,1,0
"COG3702",4,0,0,0,0,0,1,0,0,0,0,1,0,0,0,0,1,0,0,1,0,1,1,0,0,0,0,0,1,0,2,1,0,0,3,4,0,0,0,0,0,0,6,0,0,0,0,2,0,0,0,0,1,0,0,1,0,0,0,0,5,1,0,0,0,0,0,0,0,0,2,0,0,0,0,1,0,2,0,0,0,0,0,0,1,4,1,0,0,4,0,0,1,1,0,0,1,0,0,0
"COG3703",33,18,19,39,26,20,14,25,33,13,14,18,25,12,9,16,8,7,13,26,15,34,40,23,16,10,14,9,10,11,20,11,18,44,17,20,7,3,12,36,31,24,29,16,26,9,17,12,16,3,9,16,16,11,19,12,6,21,19,17,27,23,25,10,3,12,15,13,6,10,23,17,22,20,28,25,25,47,10,15,2,24,13,14,2,32,17,22,1,19,3,41,24,11,13,22,14,12,14,15
"COG3704",9,0,1,0,0,3,2,0,0,0,3,0,4,1,0,0,0,0,0,4,2,3,4,0,1,0,0,4,0,0,4,0,0,1,5,21,6,0,0,1,1,1,18,0,2,1,0,12,0,0,0,0,4,3,0,1,0,0,0,0,5,3,0,0,2,0,2,1,0,1,9,0,0,1,1,0,0,3,1,0,0,0,0,0,2,9,1,13,0,9,0,5,1,1,2,0,0,0,0,0
"COG3705",117,151,262,257,173,132,342,364,304,218,74,172,123,208,230,317,14,277,308,169,231,152,63,265,161,267,210,119,270,258,95,233,243,88,154,176,103,249,314,141,125,265,104,258,120,225,125,188,208,213,248,230,146,306,216,253,229,304,94,274,119,129,261,293,187,168,315,327,134,159,115,246,292,213,289,245,345,91,202,287,198,175,293,272,233,90,265,115,309,124,252,117,180,304,186,243,334,286,229,234
"COG3706",535,251,339,93,78,299,258,136,127,165,335,187,309,185,440,139,2059,38,178,163,133,72,835,83,470,102,72,212,92,101,1041,39,72,565,371,200,293,46,146,107,212,80,843,134,344,42,226,651,90,93,73,107,186,224,103,123,222,145,453,69,174,253,300,103,117,230,170,73,241,29,213,72,112,81,118,53,83,379,113,74,77,65,133,46,74,339,121,100,174,179,105,206,245,139,218,80,117,135,120,61
"COG3707",37,31,18,1,19,52,19,0,1,2,10,13,16,13,22,2,107,1,2,28,8,7,30,3,37,3,1,17,4,0,66,8,3,29,31,25,27,3,1,9,34,1,72,6,31,5,20,32,5,1,2,3,11,3,9,6,9,6,35,2,17,37,14,5,5,26,10,4,27,19,26,4,2,0,6,5,5,26,6,2,3,6,1,0,5,17,2,17,9,17,2,22,8,4,15,3,3,8,6,1
"COG3708",8,0,4,0,1,1,1,3,0,0,3,0,0,0,7,5,21,0,0,2,1,0,4,1,7,0,0,4,0,1,19,1,1,7,8,29,3,0,0,0,0,0,9,0,11,0,2,1,0,1,0,1,1,0,0,0,1,2,7,0,4,2,2,0,0,0,1,0,3,0,3,0,2,1,2,0,0,10,0,0,0,0,0,0,0,3,0,1,0,3,0,8,2,1,2,0,0,1,1,1
"COG3709",2,0,10,1,2,0,2,1,63,44,0,1,2,0,1,1,1,4,1,1,4,2,7,0,0,2,0,4,25,2,4,2,0,8,7,3,0,3,1,10,0,7,12,0,0,0,0,6,1,0,0,4,2,1,3,12,1,4,2,1,2,0,4,27,0,0,1,1,0,1,0,12,3,0,3,1,0,1,0,0,1,7,39,2,0,3,0,1,1,0,0,0,4,0,18,40,1,3,0,0
"COG3710",67,8,32,0,0,22,17,1,2,0,19,25,65,42,69,1,415,0,5,12,5,9,132,1,82,1,1,5,3,0,136,0,2,49,46,11,21,3,4,4,3,0,60,11,20,0,6,113,1,0,2,3,7,1,2,0,32,1,35,0,6,17,15,4,0,5,8,0,37,2,26,0,2,2,3,2,0,24,3,6,0,1,2,0,2,7,4,1,2,8,0,6,7,1,11,4,17,26,8,1
"COG3711",3,0,0,0,0,0,1,0,0,0,0,0,0,1,0,0,1,0,0,1,0,0,0,0,0,0,0,3,0,0,0,0,1,0,8,20,0,0,0,0,0,0,1,0,2,0,0,1,2,0,0,1,0,0,0,1,0,0,2,0,3,0,0,0,0,0,0,0,0,0,10,0,0,0,0,0,3,8,0,0,0,0,0,0,0,5,0,0,2,6,1,5,0,1,0,0,1,0,0,0
"COG3712",97,72,23,14,37,45,54,6,6,4,46,49,42,59,89,12,203,6,9,25,39,40,67,14,87,12,25,47,16,17,164,28,22,49,94,219,44,12,10,8,39,8,177,13,69,29,48,113,27,99,25,8,21,13,18,11,48,12,64,18,42,39,32,14,27,43,32,14,67,99,67,16,11,17,24,3,4,86,28,20,18,25,20,19,17,111,19,74,28,73,12,53,16,54,24,11,15,21,24,12
"COG3713",29,3,10,3,9,14,11,3,3,1,13,8,13,7,35,0,78,2,2,1,1,20,32,0,35,3,1,9,9,3,63,2,4,22,15,29,5,2,4,11,7,1,48,5,9,2,6,28,4,1,3,1,10,1,9,6,14,2,11,7,10,12,5,2,6,2,5,3,12,13,10,1,4,8,3,2,3,9,5,4,2,2,2,2,5,12,5,14,5,8,1,11,2,5,4,7,3,1,8,5
"COG3714",12,2,5,0,2,10,4,1,0,1,29,0,0,0,2,0,50,0,0,7,6,0,10,2,3,1,1,3,1,2,10,0,0,4,5,12,15,1,4,0,6,0,35,0,18,0,5,8,2,0,0,0,3,1,1,6,2,1,5,0,5,11,1,1,0,13,1,1,0,1,7,0,0,2,1,0,0,8,1,1,0,0,1,0,1,12,2,4,0,11,0,9,1,1,8,1,0,1,1,1
"COG3716",0,0,0,0,0,0,0,0,0,0,0,0,2,0,0,0,0,0,0,0,0,0,1,0,0,0,0,1,0,0,0,0,0,0,0,0,0,0,0,0,1,0,0,0,1,0,0,0,0,0,0,1,0,0,0,0,0,0,0,0,0,1,0,0,1,0,0,0,0,0,0,0,0,0,0,0,0,0,0,0,0,0,0,0,0,0,0,0,0,1,0,0,1,0,0,0,1,0,0,0
"COG3717",7,1,2,0,4,3,6,3,3,7,1,5,7,8,1,2,69,0,3,2,3,12,9,3,14,0,4,2,5,0,13,2,0,12,11,19,1,0,1,0,6,0,13,5,4,0,0,20,1,2,0,0,0,3,1,0,7,0,6,0,1,4,6,0,1,1,1,1,7,8,14,2,2,2,2,0,0,8,1,1,1,0,6,0,1,16,3,0,0,4,0,5,3,4,5,2,0,1,1,5
"COG3718",33,33,27,63,61,29,38,48,49,25,15,46,20,29,30,46,2,37,33,41,25,94,10,59,26,45,57,24,29,46,17,46,35,19,17,29,15,38,55,29,36,53,16,68,51,38,30,18,48,41,36,38,15,44,35,27,36,46,28,37,39,53,33,28,24,7,32,36,20,102,46,28,42,64,36,61,35,37,50,42,33,24,51,29,25,31,43,81,15,36,19,47,43,32,51,44,24,21,26,42
"COG3719",9,0,0,1,0,2,1,0,3,1,1,0,2,1,0,1,1,0,0,2,1,2,2,1,2,0,0,1,0,2,4,2,1,0,1,23,0,0,0,1,2,0,27,2,1,1,0,5,0,0,0,0,3,1,1,3,1,1,1,0,5,1,0,1,2,0,0,0,0,0,3,0,2,1,1,0,2,1,0,1,1,1,2,0,3,3,1,6,5,6,0,1,1,1,1,2,1,0,0,1
"COG3720",9,0,14,1,5,4,4,1,1,0,0,2,9,3,3,0,5,3,3,0,5,2,10,1,7,11,1,2,0,2,13,1,7,20,15,18,1,3,8,3,1,2,21,1,2,1,1,27,3,12,4,12,2,2,7,6,25,3,6,1,9,0,6,0,9,0,7,0,1,3,2,1,0,2,2,0,1,10,7,2,0,3,1,3,3,7,2,1,0,5,4,5,6,13,1,1,5,4,6,7
"COG3721",0,0,0,2,0,0,0,0,0,0,0,0,1,0,0,0,6,0,1,0,0,0,5,0,0,0,0,0,0,0,0,0,0,0,0,0,0,0,0,0,0,0,0,0,0,0,0,0,0,0,0,0,0,0,0,0,0,0,0,0,0,0,0,0,0,0,0,0,0,0,0,0,0,1,0,0,0,0,0,0,0,0,0,0,0,0,0,0,0,0,0,0,0,0,0,0,0,0,0,0
"COG3722",0,0,0,0,0,0,0,0,0,0,0,0,0,0,1,0,9,0,0,0,0,0,5,0,0,0,0,0,0,0,0,0,0,0,0,0,0,0,0,0,0,0,0,0,0,0,0,0,0,0,0,0,0,0,0,0,0,0,0,0,0,0,0,0,0,0,0,0,0,0,0,0,0,0,0,0,0,0,0,0,0,0,0,0,0,0,0,0,0,0,0,0,0,0,0,0,0,0,0,0
"COG3723",3,2,2,0,0,1,2,0,0,1,3,1,12,3,0,1,34,1,0,1,1,0,12,0,5,1,0,0,1,0,5,1,0,6,20,4,2,1,1,3,1,4,6,1,2,0,1,13,2,6,1,1,2,0,0,2,2,1,0,8,1,1,4,0,1,0,5,8,1,0,0,0,1,2,2,8,2,0,1,1,3,4,0,0,3,1,4,6,3,2,0,1,2,0,1,3,4,1,0,6
"COG3724",26,4,31,19,55,19,28,28,6,6,7,27,19,18,45,17,150,10,17,15,16,55,34,25,32,16,31,4,15,26,70,20,16,33,13,40,8,9,17,8,4,18,45,17,13,20,2,43,8,22,24,18,11,15,20,8,30,15,21,12,11,7,29,14,3,0,14,10,28,59,25,5,23,24,16,15,3,41,11,23,10,6,5,11,6,27,25,13,16,18,26,12,27,14,38,16,18,20,25,36
"COG3725",17,7,10,1,4,3,9,1,1,1,2,7,4,11,17,0,83,2,0,3,1,0,24,2,18,1,3,2,0,1,47,0,2,18,12,3,1,3,3,1,2,2,26,7,8,5,1,33,4,1,4,3,2,1,2,2,8,3,10,1,1,4,8,2,3,1,7,1,7,0,6,2,3,3,3,0,3,15,4,4,3,1,0,0,4,3,4,4,4,2,0,3,2,6,4,2,0,6,5,1
"COG3726",5,6,3,0,0,0,5,0,0,0,0,0,3,0,10,0,8,0,0,2,1,1,13,0,2,0,0,0,1,0,14,0,0,10,5,0,0,0,0,0,1,0,19,1,2,0,2,14,0,0,0,1,1,0,1,1,1,0,2,0,0,0,0,0,2,0,3,0,2,0,0,0,0,0,0,0,0,6,1,0,0,0,2,0,1,0,0,0,0,1,1,0,0,0,0,0,0,1,3,0
"COG3727",18,17,22,3,1,17,10,9,5,3,31,8,20,7,4,12,4,16,6,6,20,1,7,1,13,7,2,8,5,11,11,5,17,18,17,12,19,5,14,12,11,15,16,15,5,5,22,16,8,11,10,12,15,5,11,9,6,14,16,10,13,7,22,5,24,21,13,12,16,0,15,2,5,1,12,12,11,11,15,5,9,13,7,9,7,9,6,0,9,13,6,10,8,11,5,6,32,6,19,13
"COG3728",0,0,0,1,0,1,1,1,2,1,3,0,8,0,10,4,1,1,0,5,1,1,5,0,0,6,0,2,1,0,5,0,0,1,5,2,1,1,1,1,0,1,1,2,1,1,1,2,0,3,1,1,1,1,1,0,1,1,0,0,1,1,0,1,7,1,3,1,1,0,0,2,1,0,1,3,0,1,0,0,4,0,0,0,0,1,0,1,0,4,0,6,1,0,0,0,0,0,1,0
"COG3729",0,0,0,0,0,0,0,0,0,0,0,0,0,0,0,0,0,0,0,0,0,0,0,0,0,0,0,0,0,0,0,0,0,0,0,0,0,0,0,0,0,0,1,0,1,0,0,0,0,0,0,0,0,0,0,0,0,1,2,0,0,0,0,0,0,0,0,0,0,0,0,0,0,0,0,0,0,0,0,0,0,0,0,0,0,0,0,0,0,0,0,0,0,0,0,0,0,0,0,0
"COG3730",0,0,3,4,0,0,2,3,1,1,0,10,2,11,0,4,1,11,2,0,2,0,2,5,3,6,9,0,2,8,0,6,6,1,3,1,0,8,7,3,0,1,0,8,0,4,0,1,7,5,4,3,1,1,3,3,3,0,0,4,0,0,1,3,2,0,0,1,11,0,0,3,1,6,0,1,1,0,16,3,4,3,1,8,6,0,7,3,0,0,15,0,2,7,2,8,0,2,1,2
"COG3731",0,0,0,5,0,0,2,1,0,2,0,5,4,4,0,4,0,3,1,0,1,0,1,0,0,3,4,0,1,6,0,6,8,0,2,0,0,2,3,0,0,1,0,4,0,3,0,0,4,4,4,3,3,0,0,9,2,1,0,2,0,0,3,2,0,0,2,5,13,0,0,5,1,3,0,3,1,0,12,3,5,7,4,4,9,0,11,5,1,0,14,0,3,6,1,2,2,1,1,5
"COG3732",0,0,1,11,0,0,1,8,1,6,0,15,13,13,0,7,0,10,1,2,0,0,0,18,4,8,8,3,6,8,0,9,15,1,4,2,0,13,8,6,0,1,0,9,0,5,0,1,8,13,10,13,12,1,2,15,7,8,0,11,0,0,4,3,7,0,3,13,24,0,0,10,2,10,0,11,7,0,30,11,21,6,8,16,22,1,14,8,2,1,33,0,4,18,7,5,0,1,1,11
"COG3733",32,18,9,66,11,34,20,48,19,40,0,30,60,25,10,37,5,14,38,35,36,6,50,52,37,31,47,49,38,24,20,18,33,41,39,18,2,27,39,55,49,31,16,26,47,31,4,20,30,39,17,32,57,61,28,17,47,40,10,19,47,51,8,38,54,0,31,27,31,1,32,18,46,34,16,22,27,50,27,30,33,28,22,19,42,46,45,8,49,23,26,37,15,30,36,9,9,31,20,30
"COG3734",8,9,14,41,50,6,19,22,28,16,3,12,13,6,20,19,2,9,10,6,14,49,11,15,21,6,17,11,7,18,17,15,6,25,18,24,2,15,16,11,3,27,24,20,7,16,15,10,15,11,2,17,5,13,11,10,8,20,9,17,6,14,22,8,1,6,16,11,3,60,10,8,23,30,30,23,26,8,5,19,7,8,14,7,2,11,26,60,3,8,8,11,16,5,20,28,12,9,12,14
"COG3735",50,13,37,7,17,24,9,4,12,4,21,8,19,13,67,5,111,3,5,20,8,16,39,12,46,8,5,13,7,8,59,12,5,26,19,41,14,5,8,10,18,3,72,13,34,9,15,33,9,8,10,12,7,13,5,4,8,3,24,4,13,16,17,5,10,13,11,2,20,8,26,5,6,11,13,9,3,24,7,6,2,5,6,5,5,22,5,19,5,26,2,14,7,13,8,8,14,9,17,5
"COG3736",2,0,0,0,1,1,2,1,0,0,0,0,0,1,0,1,0,0,1,0,0,2,1,0,0,0,0,1,0,0,1,1,0,0,2,8,0,0,0,0,0,0,8,0,1,0,1,0,0,1,0,1,0,0,0,0,0,1,1,0,3,0,0,0,0,2,0,0,1,1,2,0,0,0,0,0,0,2,1,0,0,0,0,0,0,3,0,2,1,1,0,4,0,0,0,1,0,0,0,0
"COG3737",4,8,9,7,14,4,5,3,9,3,2,8,15,2,4,4,2,8,4,8,11,18,11,5,2,2,4,7,2,9,9,11,6,14,6,6,8,5,4,9,10,3,7,5,8,1,10,3,10,4,6,7,12,2,3,13,3,3,2,4,8,7,4,1,8,6,1,3,5,3,6,16,6,9,10,9,10,7,3,6,9,5,4,8,2,6,3,14,5,8,7,9,11,4,6,8,3,5,2,6
"COG3738",9,4,3,0,2,0,2,0,0,1,0,5,0,5,16,2,2,1,4,0,3,1,8,0,3,0,5,1,2,1,5,3,1,1,3,3,2,2,2,5,2,0,3,9,2,5,1,6,2,1,3,4,1,1,2,2,8,2,1,1,1,4,6,0,1,1,4,2,0,5,0,3,1,5,2,3,1,0,1,0,0,2,2,3,3,3,0,2,1,2,3,3,2,4,0,2,0,3,4,1
"COG3739",9,4,3,0,1,3,2,0,0,0,1,1,4,0,2,0,13,0,0,5,3,0,4,0,2,0,0,1,0,0,10,1,0,6,3,17,3,1,1,0,3,0,19,1,1,1,0,4,0,0,0,0,2,1,0,0,0,1,6,1,4,0,3,0,1,0,3,0,0,0,1,0,0,1,2,0,0,7,1,0,0,1,0,0,1,3,0,1,4,5,1,3,1,2,1,2,1,0,1,0
"COG3740",5,1,5,4,7,1,11,4,5,17,5,9,15,7,12,2,24,3,4,6,5,0,13,4,18,10,14,1,6,5,4,1,9,4,44,17,7,3,5,13,1,16,12,12,1,4,3,3,11,12,3,6,18,4,2,2,8,7,4,14,4,1,4,2,4,3,31,5,4,0,5,0,1,13,5,21,5,4,5,13,11,3,10,1,9,2,6,27,8,5,17,5,11,1,2,18,7,4,2,9
"COG3741",47,41,34,50,65,64,44,49,41,17,9,42,13,25,28,25,2,20,28,52,38,80,42,43,22,27,42,17,26,32,48,28,21,48,33,55,22,27,36,39,47,38,54,37,56,25,20,29,36,9,21,22,31,22,28,27,16,37,21,30,36,50,25,17,8,26,27,34,14,44,55,25,34,42,43,40,35,55,22,32,13,29,21,32,13,53,25,54,3,55,7,53,47,18,34,47,22,26,29,45
"COG3742",0,0,0,0,0,0,0,0,0,0,0,0,0,0,0,0,0,0,0,0,0,0,0,0,0,0,0,2,0,0,0,0,1,1,3,5,0,0,0,0,0,0,1,0,0,0,0,0,0,0,0,0,0,0,0,0,0,1,1,0,0,0,0,0,0,0,0,0,0,0,6,0,0,1,0,0,0,2,0,0,0,0,0,0,0,3,0,0,0,1,1,3,0,0,0,0,0,0,0,0
"COG3743",7,5,26,37,44,3,12,19,5,2,1,73,14,27,10,15,5,33,10,6,32,19,23,34,21,28,20,10,9,52,21,14,20,15,30,21,3,20,31,21,5,8,69,28,6,14,1,18,26,58,39,22,17,4,25,45,8,17,3,16,13,6,29,11,9,3,28,24,12,7,10,26,19,39,15,20,9,16,63,52,17,84,3,24,18,16,17,21,4,28,24,6,84,24,20,18,43,10,19,41
"COG3744",0,5,4,4,0,4,0,2,7,1,1,0,1,0,0,3,9,0,3,1,2,1,5,1,3,3,2,0,0,1,2,1,2,4,2,1,3,1,2,6,1,3,3,1,3,0,4,2,0,0,0,1,1,2,0,3,1,0,7,1,0,2,2,0,0,1,1,1,2,0,1,0,1,0,3,1,1,1,0,4,0,2,6,1,0,1,4,0,0,0,0,1,1,0,1,4,0,0,2,0
"COG3745",13,6,7,0,1,6,6,0,3,0,5,1,4,1,2,0,6,0,2,11,3,2,13,0,6,2,0,6,3,1,15,0,1,12,9,33,7,0,2,1,0,2,29,1,4,1,2,3,1,0,0,3,9,2,2,2,0,0,7,2,13,5,4,0,0,3,1,0,2,0,11,1,0,0,2,0,1,17,3,0,0,8,0,0,4,8,3,0,3,9,0,4,1,1,3,1,3,2,1,2
"COG3746",30,38,30,17,19,16,19,8,21,7,23,12,26,11,32,20,9,11,19,18,24,6,41,29,25,12,8,26,9,15,29,13,12,53,27,34,27,13,8,14,15,12,50,6,12,16,22,31,30,7,5,20,38,18,10,12,5,11,42,13,28,13,16,9,24,23,10,14,23,25,18,17,21,18,28,8,26,33,16,21,22,19,10,25,19,33,17,15,15,20,3,18,22,13,23,19,7,14,13,15
"COG3747",1,0,1,0,0,0,1,0,0,0,0,0,2,1,1,0,1,0,1,0,1,0,1,0,1,1,0,0,0,0,2,0,1,2,18,0,0,0,0,2,0,0,6,2,1,0,0,0,1,0,0,1,1,1,0,0,2,0,1,0,0,1,0,0,2,0,6,0,0,0,0,0,0,0,1,0,1,2,0,0,0,0,0,0,0,2,1,3,0,0,0,0,0,0,0,0,0,1,0,0
"COG3748",125,170,33,175,112,148,99,142,115,139,100,142,161,132,121,145,80,134,110,168,100,101,92,162,110,151,138,150,102,83,137,123,146,78,95,105,125,147,125,123,154,109,94,117,159,147,191,63,147,91,211,132,218,171,175,223,219,230,205,164,256,231,70,177,245,254,163,193,229,168,208,243,204,155,143,187,210,190,259,207,244,169,183,248,235,169,190,148,191,201,186,216,130,153,230,227,64,175,110,191
"COG3749",13,18,8,6,22,24,11,11,9,4,11,2,7,2,9,2,4,3,9,14,9,15,16,5,2,3,2,2,3,3,21,4,1,15,11,16,16,2,2,4,13,1,33,2,8,3,8,12,1,1,1,4,6,8,0,3,5,5,9,3,14,9,7,4,4,17,10,5,6,31,6,1,3,0,7,7,7,17,3,0,2,4,3,3,4,5,3,29,2,12,3,13,7,3,10,8,5,2,3,2
"COG3750",3,2,10,12,17,1,8,2,11,7,2,3,2,4,5,1,2,2,3,1,2,15,3,8,4,2,9,0,4,2,6,4,3,7,7,7,1,3,3,8,1,2,15,6,0,4,1,3,5,1,0,2,1,5,6,1,2,4,2,1,0,0,1,3,1,3,3,4,0,4,5,5,5,8,8,7,4,6,0,8,0,3,4,2,1,3,5,14,0,6,0,0,9,1,9,6,5,4,5,7
"COG3751",52,26,28,36,47,22,46,39,34,51,27,72,48,67,56,32,137,37,36,37,41,50,42,48,50,48,50,36,45,34,68,36,61,35,59,44,17,60,45,40,27,28,56,24,44,38,24,60,37,37,36,32,27,17,16,23,38,35,27,22,17,21,16,33,27,11,44,24,22,36,29,24,25,28,19,48,39,23,47,47,29,22,32,37,31,27,42,32,36,23,22,22,25,37,20,16,18,33,37,23
"COG3752",46,67,124,127,265,58,96,106,91,179,30,197,137,127,144,115,13,149,148,54,99,299,124,104,83,165,189,115,157,196,23,197,153,143,99,56,22,132,107,125,64,87,30,192,64,183,40,117,175,281,210,173,143,156,141,149,206,105,23,117,71,46,110,152,122,21,110,127,190,332,52,153,123,176,102,110,111,25,135,131,173,105,147,142,110,41,166,307,139,80,176,50,192,118,159,144,139,118,157,163
"COG3753",0,0,0,0,0,0,0,0,0,0,0,0,0,0,0,0,0,0,0,0,0,0,0,0,0,0,0,0,0,0,0,0,0,0,0,0,0,0,1,0,0,0,0,0,0,0,0,0,0,0,0,0,0,0,0,0,0,0,0,0,0,0,0,0,0,0,0,0,0,0,0,0,0,0,0,0,0,0,0,0,0,0,0,0,0,0,0,0,0,0,0,0,1,0,0,0,0,0,0,0
"COG3754",10,5,73,19,12,5,22,13,41,6,20,2,6,17,54,8,5,26,4,2,8,24,5,22,2,2,18,6,4,5,32,21,2,9,4,31,12,16,6,2,0,13,33,4,4,17,18,7,4,6,9,51,5,3,38,28,3,3,23,8,3,1,34,6,0,14,7,16,8,11,11,17,26,9,27,28,20,8,2,24,3,38,13,15,3,6,15,8,6,6,10,11,28,2,18,50,7,94,64,6
"COG3755",3,0,2,0,0,1,2,0,0,0,0,0,1,1,0,0,0,0,0,3,1,1,1,0,0,0,0,1,0,4,0,0,0,1,0,11,1,0,0,0,0,0,8,1,2,0,1,2,0,0,0,1,0,0,0,2,0,1,1,0,1,0,0,0,0,0,0,0,2,0,4,0,0,1,0,0,0,1,0,0,0,0,0,0,1,2,0,0,0,3,0,3,2,0,0,0,0,0,0,0
"COG3756",0,1,0,0,1,0,2,0,2,1,1,0,1,1,0,0,0,0,0,0,2,1,0,2,1,6,2,1,2,0,0,1,2,4,8,1,4,1,7,1,0,6,1,0,0,0,2,4,0,0,0,1,0,0,1,1,1,1,0,4,2,0,0,0,0,1,11,6,1,0,0,1,0,2,1,0,0,0,1,1,0,0,1,1,0,0,0,1,1,2,0,0,1,0,0,4,2,2,0,1
"COG3757",8,1,7,1,11,1,7,0,0,1,1,1,4,1,0,2,1,5,1,4,3,1,8,2,4,1,8,3,3,5,6,4,2,6,5,18,2,2,2,3,1,2,35,13,3,0,0,14,3,0,5,3,5,3,2,1,5,4,6,1,5,1,13,1,5,1,2,2,0,1,9,4,1,10,11,2,4,10,0,1,2,1,2,1,2,5,2,12,1,14,2,2,9,4,2,3,10,2,4,4
"COG3758",1,1,0,1,8,0,0,0,0,0,0,0,1,0,1,0,0,0,0,3,1,17,2,0,0,0,0,0,0,0,2,2,0,2,0,1,0,0,0,2,2,0,4,0,5,0,0,1,1,0,0,0,3,0,2,1,0,0,0,0,2,4,1,0,0,0,0,0,0,29,2,0,0,0,0,0,0,3,0,0,0,0,0,0,0,0,0,1,0,1,1,3,0,0,0,0,0,3,1,0
"COG3759",2,0,1,0,2,0,2,0,0,0,0,0,0,0,1,0,1,0,0,0,0,0,1,0,1,0,0,2,0,0,0,0,0,0,3,9,0,0,1,0,0,0,15,0,1,0,0,1,0,0,1,0,1,0,0,1,0,0,1,0,1,0,0,0,2,0,0,0,0,1,0,0,0,0,0,0,0,1,0,0,0,0,0,0,1,7,0,1,0,2,0,0,0,1,0,1,0,0,1,0
"COG3760",17,27,18,39,34,19,22,24,48,16,19,11,20,13,48,27,3,19,40,26,25,36,24,23,19,23,30,17,16,31,26,14,23,29,12,23,24,22,28,18,25,25,20,32,20,17,26,11,18,13,16,23,23,27,16,21,18,27,14,15,31,28,25,18,19,14,23,10,7,15,19,16,33,31,16,22,28,19,9,39,15,10,25,21,12,25,25,11,25,30,20,23,36,19,28,25,14,11,11,28
"COG3761",32,25,31,52,54,28,38,53,58,83,23,35,37,34,63,49,2,52,52,42,31,42,24,46,34,59,43,27,42,47,18,43,59,21,22,47,29,38,37,31,33,30,23,59,21,49,40,17,53,48,72,48,37,59,31,59,39,51,23,64,35,28,15,49,56,49,51,49,21,40,21,76,42,49,26,32,40,27,51,53,48,28,65,64,55,35,42,28,71,27,67,29,56,54,42,44,25,34,30,52
"COG3762",22,1,15,1,4,4,0,1,1,2,1,2,6,2,3,1,3,2,2,12,4,6,10,2,4,1,3,11,3,3,10,1,0,18,9,22,4,2,1,3,3,0,21,3,3,2,0,5,4,0,1,5,8,3,1,2,0,0,1,1,15,3,2,1,0,0,2,1,3,24,5,3,2,3,1,0,2,9,1,5,0,3,2,2,2,15,4,4,3,8,1,9,8,3,3,7,6,1,0,2
"COG3764",17,24,15,16,13,22,17,24,13,52,48,29,21,41,0,24,48,32,15,9,13,20,13,25,20,55,44,14,27,24,18,30,33,18,34,39,15,33,45,30,13,23,26,20,17,35,35,16,49,34,40,26,27,7,11,41,40,49,37,51,5,6,12,42,13,30,25,50,48,14,24,32,8,42,6,58,26,14,75,41,50,38,35,33,43,12,81,19,37,20,98,12,15,23,33,33,3,18,5,64
"COG3765",3,8,0,1,2,5,0,1,0,0,4,0,8,9,6,1,0,3,0,5,1,0,11,2,1,3,0,5,0,1,0,2,8,4,1,3,13,5,1,1,3,3,7,0,6,5,7,7,4,2,6,0,1,2,1,2,2,0,2,4,8,4,0,0,4,12,3,1,3,1,3,3,1,2,1,1,1,4,2,0,8,2,2,7,4,5,0,0,2,7,4,2,1,4,1,0,1,1,3,4
"COG3766",4,0,5,1,0,2,2,5,1,3,6,3,7,3,3,3,45,0,13,2,9,0,16,0,7,4,2,1,1,0,22,1,5,19,14,5,0,2,1,8,4,3,20,1,7,1,3,11,3,1,0,4,3,2,1,4,4,1,2,4,1,4,7,5,1,1,1,7,3,0,6,1,4,4,6,1,2,4,4,2,2,4,2,3,0,1,3,0,1,1,2,4,5,1,0,5,2,4,2,3
"COG3768",16,2,6,0,3,9,5,0,2,0,5,10,8,5,24,0,114,0,0,2,6,0,29,1,23,2,0,3,0,0,46,0,2,9,13,3,2,0,1,1,0,1,35,3,5,0,1,28,1,0,0,1,0,1,2,1,1,0,11,0,0,10,1,0,0,2,8,0,9,0,5,0,2,1,3,1,0,6,3,2,0,1,0,0,4,5,4,2,2,8,0,5,5,0,10,2,0,0,4,0
"COG3769",21,5,91,81,1,9,136,147,152,112,29,24,4,60,28,146,63,71,168,19,99,1,16,65,73,83,39,5,131,46,36,62,55,37,70,16,23,80,119,35,2,114,25,32,10,46,13,123,48,32,42,27,11,115,45,56,7,64,20,63,1,4,78,74,1,9,78,70,27,0,4,53,79,33,93,50,86,9,14,59,52,40,85,47,39,2,47,8,112,7,4,3,28,64,70,58,95,77,73,34
"COG3770",2,0,10,8,38,0,3,6,8,3,0,5,0,7,5,6,5,2,2,2,4,52,8,3,1,8,10,2,5,10,4,9,0,6,3,6,0,9,9,6,1,9,14,15,1,8,0,9,7,7,5,11,2,9,2,6,2,2,1,12,1,0,4,12,2,0,7,11,1,7,1,5,3,13,8,10,8,2,4,1,4,7,4,2,2,1,10,25,1,7,5,0,13,6,14,13,11,4,2,5
"COG3771",0,0,0,0,0,0,0,0,0,0,0,0,0,0,1,0,3,0,0,0,0,0,3,0,0,0,0,0,0,0,0,0,0,0,0,0,0,0,0,0,0,0,0,0,0,0,0,0,0,0,0,0,0,0,0,0,0,0,0,0,0,0,0,0,0,0,0,0,0,0,0,0,0,0,0,0,0,0,0,0,0,0,0,0,0,0,0,0,0,0,0,0,0,0,0,0,0,0,0,0
"COG3772",12,9,6,42,7,3,12,14,11,25,6,17,8,16,13,2,10,4,7,11,9,11,8,40,16,17,28,4,19,2,10,11,4,3,34,21,5,13,2,6,4,18,17,22,10,10,7,10,11,12,8,6,10,2,2,21,11,24,10,13,5,6,3,9,5,3,64,9,2,2,5,2,13,16,7,54,6,9,8,31,9,9,26,9,5,12,16,32,16,13,9,8,4,8,13,11,8,11,1,10
"COG3773",14,34,32,121,38,27,46,26,93,39,14,48,30,41,31,35,11,21,8,35,30,71,23,105,65,60,56,25,32,33,45,19,23,24,107,76,27,22,31,42,31,63,66,31,16,30,41,24,20,48,17,42,37,13,8,11,10,93,23,46,29,16,32,45,26,35,146,49,27,7,39,18,55,50,24,123,46,47,22,120,38,34,47,24,51,29,76,83,45,53,27,27,57,16,35,45,74,24,21,72
"COG3774",2,5,9,59,12,5,18,20,27,29,6,19,5,28,16,13,1,13,15,4,14,20,13,41,11,21,26,2,16,26,5,24,8,5,24,8,2,23,23,22,4,11,17,21,4,16,2,8,26,8,22,25,7,16,11,12,11,15,7,25,4,2,18,14,12,9,22,15,11,14,1,10,18,21,31,31,36,2,19,33,17,42,23,18,16,4,27,51,37,7,29,4,30,17,15,13,15,33,16,27
"COG3775",0,0,0,0,0,0,0,0,0,0,0,0,0,0,0,0,0,0,0,1,0,0,0,0,0,0,0,0,0,1,0,0,0,0,0,0,0,0,0,0,0,0,1,0,0,0,0,0,0,0,0,0,0,0,0,0,0,0,0,0,0,0,0,0,0,0,0,0,0,0,0,0,0,0,0,0,0,0,0,0,0,0,0,0,0,0,0,0,0,0,0,0,0,0,0,0,0,0,0,0
"COG3776",0,0,0,0,0,0,0,0,0,0,0,0,0,0,1,0,1,0,0,0,0,0,4,0,0,0,0,0,0,0,0,0,0,0,0,0,0,0,0,0,0,0,0,0,0,0,0,0,0,0,0,0,0,0,0,0,0,0,0,0,0,0,0,0,0,0,0,0,0,0,0,0,0,0,0,0,0,0,0,0,0,0,0,0,0,0,0,0,0,0,0,0,0,0,0,0,0,0,0,0
"COG3777",15,12,36,61,19,18,33,68,45,24,8,18,22,15,19,39,3,23,49,17,34,11,22,44,20,25,45,21,29,23,8,17,22,42,18,18,12,21,33,39,25,22,26,45,20,36,17,17,30,18,9,26,25,52,18,22,9,56,12,35,27,21,30,21,5,8,31,26,7,0,19,27,63,40,51,40,39,19,14,42,10,35,23,19,21,30,22,14,13,30,11,27,53,22,44,56,30,20,17,30
"COG3778",2,0,0,0,0,0,0,0,0,0,0,0,0,0,0,0,0,0,0,1,0,0,0,0,0,0,0,0,0,0,0,0,0,1,1,0,0,0,0,0,0,0,0,0,0,0,0,0,0,0,0,1,1,0,0,0,0,0,0,0,0,0,0,0,0,0,0,0,0,0,0,0,0,0,0,0,0,0,0,0,0,0,0,0,0,0,0,1,0,0,0,0,0,0,0,0,0,0,0,0
"COG3779",0,7,1,0,0,0,0,0,0,0,0,0,0,0,1,0,0,0,0,0,0,0,0,0,0,0,1,1,0,1,0,0,0,1,0,1,0,0,0,0,0,0,0,0,0,0,0,0,0,0,0,0,0,0,0,3,0,0,3,0,0,0,1,0,0,0,0,0,1,0,0,0,0,3,0,0,0,0,0,0,0,0,0,0,0,0,0,0,0,0,0,0,1,0,0,0,1,0,0,0
"COG3781",25,2,45,2,16,5,13,7,13,4,2,15,4,11,7,5,5,10,2,6,13,14,7,13,15,6,8,8,5,14,13,11,6,15,26,19,1,18,4,14,6,7,12,11,6,12,2,8,15,9,3,19,2,3,19,9,1,4,5,7,19,1,48,1,0,3,10,5,2,9,6,18,3,13,23,23,10,12,18,7,0,45,5,22,2,17,8,17,1,7,3,4,65,12,5,12,13,33,27,14
"COG3782",9,3,10,1,9,1,4,1,3,2,0,1,3,3,14,0,7,1,1,0,3,30,9,0,6,4,0,3,3,3,10,2,1,15,7,8,0,1,2,3,0,0,16,0,2,0,0,14,1,1,3,5,5,3,1,0,3,1,14,1,18,6,9,3,1,0,6,2,2,69,6,3,2,7,2,3,5,12,2,3,1,2,4,2,1,19,1,22,0,7,0,3,7,6,5,7,4,5,7,0
"COG3783",2,0,0,0,0,0,0,0,2,0,0,0,0,0,6,0,2,0,0,0,0,0,6,0,0,0,0,0,0,0,3,0,0,0,0,0,1,0,0,0,1,1,0,0,0,0,0,0,0,0,0,0,0,0,1,0,0,0,1,0,0,3,0,0,0,1,1,0,0,0,0,0,0,0,0,0,0,0,0,0,0,0,0,0,0,0,0,0,0,0,0,0,0,0,0,0,0,0,0,0
"COG3784",4,0,5,0,0,1,3,0,0,0,4,0,0,1,11,0,3,0,0,0,0,0,2,0,1,0,1,0,0,0,12,0,0,4,5,0,1,0,0,2,0,0,6,0,2,1,0,3,1,0,0,0,1,0,1,0,0,1,3,0,1,3,0,0,0,0,3,0,3,0,0,1,0,2,0,0,1,6,0,0,0,0,0,0,0,0,0,1,1,2,0,0,0,0,0,1,0,0,0,0
"COG3785",56,51,22,87,73,58,72,84,114,191,31,58,67,70,70,84,2,81,101,77,55,87,29,96,75,85,81,41,77,73,35,80,109,33,42,68,46,78,73,55,58,69,40,86,49,72,47,19,74,65,99,64,60,108,61,83,79,89,39,82,59,66,34,95,84,63,85,89,62,66,71,79,89,77,50,45,94,68,72,75,87,44,109,76,86,82,80,61,138,69,85,66,57,76,112,68,25,77,47,77
"COG3786",25,32,21,83,58,22,64,66,97,96,26,43,49,66,79,55,5,61,82,57,44,64,20,88,39,76,63,51,64,57,23,63,84,21,25,43,24,87,87,32,48,46,31,67,16,59,47,15,66,84,91,70,48,71,53,64,89,76,31,70,37,24,22,91,80,49,62,77,24,83,29,72,65,44,36,34,60,23,53,50,81,42,75,66,62,30,62,26,127,31,109,37,71,75,42,72,23,55,33,55
"COG3787",4,13,3,0,14,10,0,0,0,0,6,2,5,0,3,1,0,0,0,2,0,19,4,1,2,0,0,6,0,3,3,3,4,1,4,4,7,0,1,2,8,0,2,0,3,0,2,1,1,2,2,1,7,0,1,2,1,0,10,1,2,8,3,0,6,3,0,1,4,13,4,2,0,0,0,0,0,3,1,0,2,1,0,1,3,0,1,1,0,4,2,2,3,2,0,0,2,1,2,0
"COG3788",12,3,7,17,13,10,6,10,11,14,1,8,6,7,21,4,61,6,7,10,6,6,13,15,16,6,11,5,11,10,17,5,1,6,4,6,2,4,9,5,6,6,21,5,6,10,2,12,7,10,10,10,9,8,8,3,10,17,6,7,4,16,9,10,5,5,9,13,13,4,5,4,12,11,13,4,3,6,7,7,8,2,7,2,5,9,12,14,5,11,11,3,9,4,18,6,3,6,11,19
"COG3789",5,5,4,0,0,3,2,0,0,0,3,1,4,5,2,0,50,0,0,2,3,0,5,0,9,0,0,1,0,0,15,0,1,13,8,0,0,0,0,2,0,0,11,2,5,0,1,21,0,0,0,0,0,0,0,1,7,1,4,2,3,1,2,0,0,1,2,0,4,1,4,0,2,0,2,0,2,6,3,1,0,0,0,0,2,5,0,0,1,3,0,5,1,0,1,0,1,1,0,0
"COG3790",0,0,0,0,0,0,0,0,0,0,0,0,0,0,1,0,0,0,0,0,0,0,1,0,0,0,0,0,0,0,0,0,0,0,0,0,0,0,0,0,0,0,0,0,0,0,0,0,0,0,0,0,0,0,0,0,0,0,0,0,0,0,0,0,0,0,0,0,0,0,0,0,0,0,0,0,0,0,0,0,0,0,0,0,0,0,0,0,0,0,0,0,0,0,0,0,0,0,0,0
"COG3791",185,205,106,188,122,221,120,167,251,162,136,165,171,126,179,158,112,152,199,240,125,146,168,187,164,193,146,161,133,174,155,155,181,170,110,183,153,150,180,153,179,128,186,188,196,147,197,131,172,163,160,172,165,184,124,140,177,187,143,157,186,221,96,177,154,167,161,150,147,131,212,164,173,168,139,134,145,229,147,128,138,142,179,150,135,205,150,143,208,193,197,220,153,167,207,182,95,131,127,152
"COG3793",3,2,0,0,1,0,0,0,1,0,2,0,0,0,0,0,1,0,0,0,2,1,1,0,1,0,0,0,0,0,0,1,0,1,0,0,1,0,0,3,0,0,2,0,1,0,1,4,0,0,0,1,0,0,0,0,0,0,2,1,1,0,0,0,0,4,2,0,0,0,0,0,0,0,0,0,0,2,0,0,0,0,0,0,0,0,0,0,0,1,0,0,0,0,0,0,0,0,0,0
"COG3794",95,88,135,310,110,107,150,136,86,87,109,201,188,118,83,121,17,121,148,85,148,153,83,206,123,173,156,256,155,195,42,162,173,147,120,78,116,124,138,199,101,166,50,177,66,211,88,117,142,191,146,182,203,124,205,166,135,142,91,167,74,81,277,137,283,85,147,155,177,75,80,138,130,209,113,322,108,67,188,280,163,159,103,132,152,93,147,70,102,114,203,93,152,142,88,97,188,145,195,148
"COG3795",1,2,3,0,1,0,4,1,1,0,0,0,3,0,0,0,2,0,1,1,0,0,0,0,0,0,0,3,0,1,8,0,0,1,6,11,0,0,0,0,0,0,18,0,5,0,1,8,1,1,0,0,1,0,0,3,0,2,2,0,1,1,2,0,2,1,1,0,0,0,5,1,1,0,3,1,0,2,1,0,0,0,0,0,0,6,0,0,1,1,0,2,3,1,0,0,3,0,0,0
"COG3797",6,0,2,0,0,2,3,0,0,0,3,0,2,0,2,0,0,0,0,0,1,0,4,0,1,0,0,4,0,1,4,1,0,3,3,15,2,0,3,0,3,0,14,0,2,0,0,4,1,0,1,1,1,0,0,1,0,0,0,0,5,1,0,0,0,2,0,0,0,0,1,1,0,0,1,0,0,2,1,0,1,0,0,0,1,19,1,2,1,6,0,6,2,3,0,0,1,2,0,0
"COG3798",1,1,1,0,0,0,1,0,0,0,1,0,0,0,0,0,1,0,0,2,1,0,1,0,0,0,0,0,0,0,2,0,0,1,1,12,0,0,0,0,0,0,4,0,2,0,0,5,1,0,0,0,0,1,0,0,0,1,0,0,2,0,0,0,0,0,0,0,0,0,2,0,0,0,1,0,0,0,0,0,0,0,0,0,1,3,0,0,2,4,1,3,0,0,0,0,1,0,0,0
"COG3799",0,1,0,0,0,0,0,0,0,0,1,0,6,0,0,0,0,0,0,0,1,0,5,0,0,0,0,0,0,0,0,0,0,2,0,0,0,0,0,5,0,0,0,0,1,0,1,0,1,0,0,0,4,0,0,0,0,0,1,0,0,0,0,0,0,0,0,0,0,0,1,0,0,0,0,0,0,0,0,0,0,0,0,0,0,0,0,0,0,0,0,0,0,0,0,0,0,0,0,0
"COG3800",80,114,37,237,104,116,117,192,234,280,81,163,136,190,170,172,7,151,285,141,95,88,55,223,101,155,195,100,164,129,64,177,194,29,84,137,143,175,181,79,136,152,97,166,114,177,193,40,171,172,243,117,113,255,110,159,161,193,90,144,93,94,35,173,158,198,113,161,139,28,118,184,172,161,71,140,176,94,174,201,183,105,216,213,187,103,200,99,242,104,218,122,96,145,206,184,43,154,101,204
"COG3801",0,1,0,0,0,0,0,0,0,0,0,0,0,0,0,0,0,0,0,0,0,0,2,0,0,0,0,0,0,0,0,0,0,0,0,0,0,0,0,1,0,0,0,0,0,0,0,0,0,0,0,0,3,0,2,0,1,0,0,0,0,0,0,0,2,0,0,0,2,0,0,0,0,0,0,0,0,0,3,0,0,0,0,0,1,0,0,0,0,0,0,0,0,0,0,0,0,0,2,0
"COG3802",12,1,2,1,1,2,0,0,1,2,2,0,5,0,0,0,3,3,0,1,3,0,5,1,3,4,0,4,1,0,7,0,4,15,10,7,2,1,1,8,7,0,9,0,11,1,6,4,4,1,1,3,4,0,2,0,13,1,6,1,11,5,3,5,2,2,4,0,2,0,8,0,0,0,0,1,1,14,3,0,7,1,0,4,18,5,0,1,3,18,0,6,2,10,0,0,0,2,0,0
"COG3803",39,56,39,79,77,46,39,47,63,31,13,60,24,56,111,52,40,44,37,41,39,73,47,80,57,50,85,31,32,45,48,59,41,43,42,29,24,52,35,46,38,57,56,49,40,52,34,32,44,52,45,64,33,41,54,62,46,60,30,54,46,43,43,26,29,33,36,46,32,64,37,53,43,90,45,89,43,43,41,85,30,53,37,57,25,39,62,62,31,35,73,38,61,25,64,74,19,56,30,77
"COG3804",15,14,8,6,8,11,1,0,0,2,49,4,12,21,6,7,1,19,1,9,10,8,6,16,13,11,7,14,7,13,3,14,13,11,15,2,33,15,7,11,19,2,7,5,11,15,20,5,6,4,15,16,16,1,7,21,22,6,31,8,15,28,7,4,12,17,4,8,23,16,19,23,3,6,1,11,1,14,21,9,11,11,0,18,18,8,6,3,3,12,20,14,21,20,2,8,3,12,8,8
"COG3805",0,0,2,0,0,1,4,1,0,0,4,0,6,1,0,2,1,2,1,2,4,0,9,0,2,2,0,1,3,0,0,1,0,4,6,4,0,1,0,4,0,1,2,1,0,1,0,3,1,1,1,3,1,2,3,2,1,2,2,2,1,0,3,3,2,0,4,0,0,0,0,3,1,1,2,1,2,2,0,2,0,2,3,2,1,0,1,0,1,0,0,3,8,3,2,3,1,3,1,1
"COG3806",21,6,34,35,55,7,21,24,61,23,13,18,19,31,58,26,149,13,29,9,21,65,57,24,42,21,37,6,22,20,67,24,17,55,42,6,11,13,14,23,8,19,45,19,25,19,5,47,19,17,22,20,14,31,20,13,24,23,21,16,12,12,22,16,3,6,12,22,27,24,8,17,32,25,22,26,19,25,12,34,19,23,38,17,8,16,26,52,17,11,16,8,17,10,49,27,14,18,11,29
"COG3807",24,39,36,79,79,44,64,73,107,103,41,59,61,69,93,66,2,85,76,46,58,65,30,90,50,67,75,57,64,81,23,70,79,27,43,61,54,87,79,58,30,37,31,78,46,66,58,24,77,77,80,54,60,70,49,80,90,81,23,82,57,50,22,66,75,54,73,79,36,68,48,74,82,64,55,52,78,36,64,67,66,53,94,81,71,28,66,49,111,45,93,35,52,78,42,60,23,46,38,81
"COG3808",562,689,382,554,543,689,396,539,580,945,633,724,693,625,464,630,64,610,769,625,488,530,450,586,463,654,736,705,676,623,351,703,746,516,444,532,624,670,630,672,726,496,372,698,585,681,679,332,738,857,808,673,669,732,526,660,739,615,593,558,637,609,370,654,788,625,497,589,1050,588,633,706,587,703,369,516,502,531,713,533,785,742,708,664,908,631,631,547,706,606,840,639,672,611,875,539,410,492,505,697
"COG3809",0,0,3,0,0,0,0,0,0,0,1,0,0,1,0,0,3,0,1,1,0,0,0,0,0,1,0,1,0,0,2,1,0,0,2,14,0,1,0,0,1,0,6,1,1,1,0,1,1,0,0,0,3,0,0,0,0,0,0,0,2,0,3,0,0,0,0,0,0,0,4,0,0,0,0,0,1,2,0,0,1,3,0,0,0,2,1,0,0,3,0,2,0,0,0,1,0,0,0,0
"COG3811",0,0,0,0,0,0,0,0,0,0,0,0,0,1,1,0,0,0,0,0,0,0,1,0,1,0,0,1,0,0,3,0,0,0,1,1,0,0,0,0,0,0,5,0,1,0,0,0,1,0,0,0,0,0,0,0,0,0,0,0,0,0,0,0,0,0,2,0,0,0,0,0,0,0,0,0,0,1,0,0,0,0,0,0,0,1,0,0,0,0,0,0,0,0,0,0,0,0,0,0
"COG3812",6,0,6,3,7,2,6,10,7,5,0,4,2,4,2,6,0,6,3,5,4,8,1,5,2,3,10,5,6,9,7,7,5,11,6,10,1,5,9,5,2,9,18,14,8,5,0,4,0,15,4,15,3,8,6,9,11,3,2,9,12,6,9,4,0,0,5,7,6,17,4,6,7,12,13,4,8,11,3,6,3,4,11,4,3,15,8,14,1,7,7,14,11,6,14,12,10,7,6,9
"COG3813",1,1,0,0,0,0,0,0,0,0,0,0,2,0,1,0,7,0,0,0,0,0,2,0,0,2,0,0,0,0,3,0,0,1,1,1,0,0,0,1,0,0,5,0,0,0,0,1,0,0,0,0,0,1,0,0,1,0,0,0,1,0,1,0,0,0,2,0,0,0,1,0,1,0,1,1,0,4,0,0,0,0,1,0,1,0,1,0,1,2,0,0,1,0,3,0,0,0,0,0
"COG3814",10,8,12,18,15,5,13,18,38,11,13,9,11,11,18,10,3,8,16,14,21,13,16,17,5,8,17,6,10,8,16,8,5,26,16,25,8,10,10,20,8,17,28,12,9,12,8,16,7,12,8,20,14,20,14,12,11,11,8,20,5,5,11,10,6,4,14,12,5,3,4,17,18,15,18,18,15,10,10,12,1,7,19,17,1,10,13,26,10,22,8,14,17,7,22,28,9,10,6,15
"COG3815",1,3,1,1,0,4,2,1,0,0,1,14,3,3,0,4,1,3,0,1,8,1,9,6,2,2,1,4,5,6,0,4,2,7,6,1,0,4,2,6,9,2,0,0,4,8,2,1,8,13,2,4,8,0,15,3,4,5,3,3,0,13,9,9,2,1,4,9,16,0,0,10,1,3,3,7,0,1,5,10,5,14,0,15,1,0,3,0,0,3,11,1,11,2,6,1,6,7,6,5
"COG3816",34,18,26,51,52,16,40,45,44,48,13,45,27,24,42,35,73,25,46,27,22,53,34,43,32,46,42,17,38,44,42,32,28,57,27,26,8,23,36,27,12,40,55,49,29,41,13,45,39,57,31,39,12,68,32,20,34,45,36,34,26,23,23,43,13,14,32,34,24,15,25,30,51,61,37,37,34,28,26,32,24,26,45,37,23,24,42,64,39,28,36,19,30,29,58,51,26,27,17,30
"COG3817",1,0,0,0,0,1,1,0,0,0,0,0,0,0,0,0,3,0,0,0,0,0,0,0,0,0,0,0,0,0,1,0,0,0,1,5,0,0,0,0,1,0,3,0,0,0,0,3,0,0,0,0,0,0,0,0,0,0,1,0,0,0,0,0,0,0,6,0,0,0,0,0,0,0,0,0,0,5,0,0,0,0,0,0,1,1,0,0,1,3,0,0,0,1,0,0,0,0,0,0
"COG3818",8,26,23,16,28,12,12,20,17,34,13,28,15,19,21,31,2,28,27,16,13,19,11,29,22,40,40,13,31,38,11,26,28,15,15,12,14,32,21,15,13,22,19,35,17,32,16,12,29,57,65,38,19,33,40,45,74,42,27,40,20,24,22,40,33,23,30,24,54,34,22,37,30,47,28,20,35,14,67,47,52,28,40,44,36,18,45,65,67,24,77,19,34,43,35,39,27,20,24,55
"COG3819",0,0,0,0,0,0,1,0,0,0,0,0,0,0,0,0,1,0,0,0,0,0,1,0,1,0,0,0,0,0,0,0,0,0,1,3,0,0,0,0,0,0,2,0,1,0,1,0,0,0,0,0,0,0,0,0,0,1,1,0,0,0,0,0,0,0,6,0,0,0,0,0,0,0,1,0,0,2,0,0,0,0,0,0,0,2,0,0,1,1,0,1,0,0,0,0,0,0,0,0
"COG3820",34,61,37,102,82,45,92,110,132,97,34,81,61,92,132,106,9,120,145,81,76,83,33,95,55,101,96,56,87,83,40,89,120,35,59,78,80,110,117,52,40,81,43,109,59,85,68,27,92,101,108,101,72,122,72,108,78,116,43,110,76,61,35,96,105,85,91,106,96,70,51,118,110,110,80,79,122,38,96,104,124,72,119,126,119,49,81,52,128,65,154,55,81,91,117,93,40,77,53,93
"COG3821",1,4,6,0,7,2,3,0,5,1,1,2,1,0,3,0,5,2,0,2,1,12,5,0,1,0,0,5,1,0,9,0,0,3,4,3,3,0,1,2,0,0,19,0,6,0,0,10,1,0,0,1,4,1,5,2,0,3,5,0,3,6,4,0,2,4,3,0,2,12,0,1,0,0,0,0,1,9,0,1,1,0,0,1,0,3,2,9,1,1,1,2,1,1,3,0,2,1,1,0
"COG3822",2,7,6,25,11,0,9,13,8,10,1,10,1,8,14,5,0,5,14,3,4,14,3,22,4,7,16,4,8,12,2,15,4,3,3,2,3,5,6,3,4,7,5,8,6,8,5,2,8,3,7,9,0,18,3,3,3,14,5,9,2,2,7,5,1,2,3,11,0,2,3,7,18,22,10,15,9,3,4,24,6,5,5,8,3,3,7,10,8,5,6,4,10,2,10,11,3,1,7,13
"COG3823",44,32,38,23,62,28,30,22,23,61,29,67,31,48,50,25,7,43,27,24,49,64,47,34,20,33,42,72,47,54,15,68,39,41,43,63,30,37,37,52,40,34,28,52,49,79,28,35,64,37,65,33,54,39,75,58,29,28,24,30,23,47,43,50,15,13,27,39,46,90,35,53,24,41,42,32,19,35,54,23,39,60,44,45,18,37,44,78,22,43,36,44,93,42,47,47,30,25,52,41
"COG3824",8,5,6,0,0,3,3,1,0,0,22,1,8,0,2,2,1,0,2,16,2,0,11,0,5,0,0,7,0,1,10,0,0,7,7,24,27,1,0,12,7,0,17,0,6,0,0,3,2,0,0,2,2,2,2,2,0,2,7,0,14,8,0,0,3,23,1,1,0,0,10,1,0,1,2,0,0,11,0,4,0,3,0,1,3,10,1,1,3,14,1,9,2,3,0,1,1,0,0,0
"COG3825",95,67,95,139,106,64,87,126,105,97,24,109,59,84,96,107,112,84,148,103,68,123,89,112,97,121,124,56,130,103,109,103,78,107,64,60,40,94,89,79,77,107,107,149,92,73,35,95,101,119,103,101,44,141,96,84,86,89,48,93,102,77,81,105,29,39,91,87,93,104,66,97,140,123,114,55,110,93,74,84,70,87,129,97,67,76,143,134,136,96,124,76,106,70,145,99,73,82,62,105
"COG3826",0,0,1,0,0,0,0,0,0,0,0,0,0,0,1,0,0,0,0,0,0,0,3,0,0,0,0,1,0,0,1,0,0,2,0,1,0,0,0,3,1,0,0,1,1,0,1,0,0,0,0,0,0,0,0,0,0,0,1,0,0,0,1,0,0,0,0,0,0,0,0,0,0,0,0,0,0,1,0,0,0,1,0,0,0,0,0,0,0,1,0,0,1,0,0,0,0,0,0,0
"COG3827",4,0,2,0,0,1,1,0,0,0,1,0,0,0,0,0,0,0,0,1,0,0,2,1,1,0,0,1,0,3,2,0,0,1,0,7,1,1,0,1,0,0,6,0,0,0,4,1,1,0,0,4,3,0,1,2,2,0,1,0,2,1,0,0,0,0,1,1,0,0,2,0,1,0,0,0,0,2,0,0,0,0,0,0,0,4,0,0,2,5,1,3,1,0,0,1,0,2,0,0
"COG3828",39,124,58,40,12,30,29,37,44,84,54,37,65,37,37,41,9,36,42,33,40,23,90,31,47,30,64,89,54,48,39,42,52,110,73,54,38,57,42,77,55,20,55,80,51,50,68,44,48,28,34,47,56,70,38,28,26,44,59,47,51,45,28,45,18,38,29,39,21,0,44,40,44,82,18,44,18,45,32,33,38,44,59,31,39,65,38,54,35,52,19,46,46,54,60,56,42,43,49,56
"COG3829",15,27,29,1,1,34,10,1,2,0,19,6,30,0,9,2,112,1,2,18,7,1,45,1,10,3,0,15,2,16,54,2,4,29,15,10,8,0,8,10,22,3,28,7,29,2,16,32,3,1,3,5,11,0,3,1,9,2,36,3,34,20,8,2,4,19,17,2,9,1,13,3,2,4,3,0,1,29,7,2,4,8,2,1,1,22,4,1,3,22,1,31,13,4,1,4,8,2,6,0
"COG3830",10,52,21,5,34,16,15,4,34,9,37,12,7,9,14,10,8,6,8,11,8,56,22,9,18,7,3,13,13,9,28,6,16,31,18,11,69,4,11,23,27,13,26,12,31,10,56,17,10,7,11,8,10,7,3,21,13,17,52,15,23,21,14,16,16,76,18,8,4,67,19,5,13,7,20,25,15,38,17,10,10,18,13,5,8,18,18,13,6,13,6,32,21,12,13,12,9,2,1,4
"COG3831",0,0,0,0,0,0,2,0,0,0,0,0,0,0,0,0,0,0,0,0,0,0,1,0,1,0,1,3,0,0,0,0,0,0,1,3,0,0,0,0,0,0,3,0,0,0,0,0,0,0,0,1,0,0,0,0,0,1,0,0,1,0,0,0,0,2,1,0,0,0,0,0,0,0,0,0,1,1,2,0,1,0,1,0,0,3,0,0,0,0,0,2,0,0,0,0,1,0,0,0
"COG3832",16,4,6,0,0,8,11,0,3,0,9,6,6,10,3,0,38,0,1,10,2,0,13,0,19,0,0,9,0,10,24,1,1,7,28,32,3,0,4,2,4,0,65,1,11,0,6,6,3,3,0,2,2,6,1,8,4,1,4,2,13,9,2,2,2,6,1,0,4,0,14,0,1,2,1,2,3,15,1,2,1,2,0,0,9,18,1,0,10,15,0,8,5,8,3,2,2,2,0,0
"COG3833",7,5,9,22,0,4,7,23,4,16,7,43,9,30,0,21,4,23,16,13,11,0,23,29,8,25,30,23,15,44,9,14,19,8,20,21,2,25,29,19,6,20,7,16,9,15,9,15,26,37,26,26,14,12,14,29,18,41,10,37,11,3,18,16,3,5,19,38,11,0,16,21,20,31,6,22,13,7,24,35,27,25,19,18,13,12,49,0,20,13,43,18,41,20,20,19,15,7,5,52
"COG3835",5,4,2,0,0,0,5,0,0,0,4,0,2,0,0,0,6,0,0,0,1,0,5,0,0,0,0,0,0,0,12,0,0,1,7,1,0,0,0,0,1,0,6,0,2,0,0,21,0,1,0,1,0,0,2,0,3,0,1,0,2,1,2,0,1,1,2,0,3,0,0,0,0,0,1,0,0,3,0,0,0,0,0,0,1,0,2,1,3,1,0,0,1,0,0,0,0,0,1,0
"COG3836",164,186,81,191,162,115,137,155,224,218,156,123,462,132,129,192,94,149,154,333,253,156,468,183,186,168,145,382,156,123,186,140,163,332,262,119,164,156,150,474,222,189,211,152,319,156,192,111,153,159,171,170,378,194,130,178,234,143,213,184,280,302,91,175,329,182,177,194,199,74,244,190,122,142,112,166,151,298,138,134,265,188,165,211,409,292,116,85,166,231,143,308,116,242,195,162,75,148,107,158
"COG3837",3,13,3,2,6,5,3,2,8,0,34,0,2,1,1,1,4,2,8,3,5,2,7,3,1,1,1,2,4,1,9,2,0,9,8,7,28,1,2,8,5,3,9,2,6,2,22,2,5,1,3,1,7,3,1,1,0,2,13,4,10,3,3,3,2,26,2,3,2,0,8,0,5,1,2,2,4,3,1,2,2,4,3,0,2,4,3,6,0,5,0,3,1,1,4,4,2,1,1,2
"COG3838",5,1,4,0,1,0,6,0,0,0,1,0,2,1,0,0,1,0,3,6,1,1,5,0,1,1,0,3,0,1,7,0,0,2,1,17,0,0,0,0,1,0,31,0,4,2,1,7,0,0,0,0,2,0,0,1,0,1,2,0,2,0,0,0,0,0,0,0,0,0,4,1,0,0,1,0,0,9,2,0,0,0,0,0,1,7,0,0,1,8,0,4,0,0,0,3,0,0,0,0
"COG3839",344,480,312,923,895,380,406,500,851,739,343,502,323,515,682,617,60,551,636,391,374,853,264,874,423,567,547,381,374,501,257,568,421,223,404,340,377,544,505,496,472,565,371,517,404,553,510,178,542,423,571,536,411,644,349,506,444,705,404,667,416,445,261,454,277,414,540,663,395,857,398,545,662,587,378,715,591,407,412,741,564,507,599,702,528,389,695,753,603,386,613,432,391,469,737,691,229,386,336,568
"COG3840",7,9,6,25,34,2,10,12,15,7,2,11,2,10,27,7,3,9,2,3,8,40,16,17,3,10,18,3,8,11,4,8,8,12,3,2,16,9,7,10,3,12,9,9,5,16,10,2,10,2,9,10,2,0,14,6,4,8,7,15,2,1,10,8,0,10,7,6,0,20,5,9,25,16,15,18,15,8,2,13,5,4,9,7,0,3,15,22,0,4,4,5,10,5,10,17,5,3,9,9
"COG3842",553,669,462,831,691,576,642,786,686,584,442,679,578,657,656,625,171,701,755,631,513,666,410,759,549,746,671,547,591,635,420,718,733,391,470,441,536,716,659,565,661,685,533,741,612,662,667,384,684,734,744,661,525,678,619,679,658,763,523,692,645,664,408,607,612,621,700,727,624,682,601,633,782,721,633,688,758,587,699,692,701,570,653,754,685,550,669,558,780,617,796,593,602,623,660,604,499,643,534,767
"COG3843",18,9,22,0,4,2,18,1,0,2,5,2,7,5,9,5,15,0,5,15,6,4,16,0,11,2,0,4,0,11,49,3,1,12,21,81,11,2,6,1,6,3,84,3,9,1,5,45,6,1,1,7,11,5,2,10,5,5,9,3,17,2,6,1,2,8,3,1,2,1,29,4,1,1,9,1,1,44,2,0,1,1,0,0,12,29,3,1,7,29,1,14,5,5,9,9,7,1,3,0
"COG3844",154,121,66,77,168,123,62,34,29,47,115,87,70,54,115,45,132,44,32,111,48,230,60,64,81,42,81,98,45,72,107,86,52,88,83,99,102,64,50,65,142,56,120,84,154,83,96,70,65,81,58,52,73,37,66,69,75,34,101,49,115,166,72,40,58,86,53,65,57,148,116,63,45,72,70,57,46,131,91,45,56,51,45,68,49,127,60,251,44,117,60,129,105,65,62,79,58,57,63,64
"COG3845",282,343,169,372,334,343,200,260,203,167,220,329,191,282,167,262,34,272,329,299,214,230,155,342,245,354,347,210,195,264,250,313,299,170,235,220,359,281,310,300,414,258,303,302,343,276,328,158,309,243,312,324,257,293,236,277,288,353,242,321,292,396,155,204,202,301,257,323,208,196,324,267,227,365,213,386,281,363,366,324,319,274,228,322,297,266,333,315,264,337,383,325,260,223,266,331,122,205,169,359
"COG3846",4,5,9,0,3,7,8,0,0,0,2,2,3,2,2,1,4,0,2,10,6,4,11,0,4,4,1,4,0,5,19,0,0,7,14,43,2,0,3,2,3,1,49,2,9,1,1,41,1,0,1,2,4,2,0,1,5,2,7,0,7,0,2,0,1,2,0,0,1,0,11,0,0,2,7,0,2,25,3,0,0,1,0,0,4,19,2,1,9,22,0,7,1,4,2,2,2,2,1,0
"COG3847",0,1,0,0,0,0,1,0,0,0,0,0,0,0,0,0,0,0,0,0,0,0,0,0,0,0,0,0,0,0,0,0,0,0,1,0,0,0,0,0,0,0,0,0,0,0,0,0,0,0,0,0,0,0,0,0,0,0,0,0,0,0,0,0,0,0,0,0,0,0,0,0,0,0,0,0,0,0,0,0,0,0,0,0,0,0,0,0,0,0,0,0,0,0,0,0,0,0,0,0
"COG3848",1,16,10,0,0,1,1,0,8,1,0,3,0,1,8,0,0,2,0,1,0,0,0,1,0,0,2,3,0,5,0,10,1,1,3,0,0,1,0,4,0,0,0,0,0,2,14,2,2,0,0,1,12,0,9,11,1,0,0,0,0,0,15,0,0,0,0,3,1,0,1,4,1,0,7,4,16,0,3,6,1,4,0,1,2,1,5,4,0,0,0,0,0,0,1,12,6,8,6,3
"COG3850",4,21,22,1,3,18,0,2,2,0,16,2,10,0,10,2,99,3,7,15,3,0,47,2,4,2,0,10,1,4,19,3,1,20,11,8,26,4,1,6,8,2,29,4,9,6,35,23,5,1,3,4,15,6,5,0,7,3,25,0,8,13,6,6,2,27,1,0,6,0,11,3,1,2,2,2,1,23,5,1,6,1,2,3,2,7,5,5,2,11,1,8,3,1,2,4,6,6,4,0
"COG3851",10,0,0,5,8,0,0,0,0,0,2,0,1,1,12,0,21,0,0,1,1,9,12,4,0,0,2,1,0,0,9,2,0,1,0,1,1,1,0,1,1,2,1,0,1,1,1,2,0,1,0,0,0,0,0,0,1,1,2,0,0,1,2,0,0,0,0,1,4,8,0,1,1,3,0,0,1,1,3,2,0,0,2,0,1,0,0,1,0,0,0,0,0,0,1,0,2,2,3,1
"COG3852",81,66,62,130,149,62,70,80,117,90,54,75,61,74,110,84,137,57,122,62,62,145,100,110,100,79,107,46,93,87,116,78,77,91,84,48,67,49,70,61,66,77,104,94,70,79,64,112,77,73,68,63,51,141,82,62,77,94,86,64,99,71,56,84,48,64,86,68,93,126,52,69,113,94,72,61,83,79,63,84,65,58,93,69,36,72,89,147,75,82,86,68,80,58,125,70,44,77,52,75
"COG3853",14,2,3,0,0,3,4,0,1,0,5,0,11,0,0,0,19,0,1,7,2,1,44,0,6,1,0,4,2,2,15,1,1,8,4,31,0,1,0,1,3,1,31,0,1,1,0,8,0,0,0,0,6,2,0,2,2,1,1,0,23,2,2,0,0,1,0,0,0,0,12,1,0,0,4,1,6,9,1,3,0,0,1,0,1,8,0,0,1,17,0,6,2,0,3,2,0,1,1,1
"COG3854",8,14,85,44,84,3,20,1,32,9,11,13,41,14,33,2,8,22,2,39,39,72,49,37,6,6,21,41,13,28,7,41,13,26,50,10,18,33,11,63,15,15,17,2,18,18,14,20,20,11,8,88,56,3,37,39,37,1,20,9,19,20,39,7,51,8,11,29,22,73,28,50,9,7,30,57,49,23,24,45,37,54,7,39,76,22,37,8,10,14,6,33,65,31,12,76,13,111,65,19
"COG3855",0,0,0,0,0,0,0,0,0,0,0,0,0,0,0,0,0,0,0,0,0,0,0,0,0,0,0,0,0,0,0,0,0,1,0,0,0,0,0,0,0,0,0,0,0,0,0,1,0,0,0,0,2,0,0,0,1,0,0,0,0,0,1,0,0,0,0,0,0,0,0,0,0,2,0,1,0,0,0,1,0,0,0,0,0,0,0,2,0,0,1,0,0,0,0,0,0,0,0,0
"COG3857",2,18,2,1,0,3,3,2,1,0,27,3,5,2,3,4,0,3,10,3,4,0,8,0,0,4,0,3,6,1,2,0,0,5,4,3,29,0,8,4,2,3,2,4,1,0,42,6,3,3,3,2,5,4,0,6,0,3,31,1,0,1,6,7,4,31,1,3,1,0,0,3,1,2,2,2,1,7,0,2,1,0,3,1,2,6,6,1,2,1,1,1,1,3,0,6,2,0,0,1
"COG3858",33,59,28,17,3,36,14,7,8,25,152,26,21,28,4,10,1,12,2,28,35,9,15,10,24,20,9,43,30,13,25,17,43,13,27,21,116,11,18,37,54,11,26,12,42,21,53,39,37,30,36,16,25,8,39,21,51,10,83,9,36,39,32,27,36,102,15,10,48,6,53,19,6,12,9,13,7,16,26,9,34,18,25,30,39,42,16,13,13,31,31,37,17,34,7,13,7,27,50,12
"COG3859",0,0,1,0,0,0,0,0,0,0,4,0,3,0,0,0,0,0,0,4,0,0,1,1,2,0,0,4,0,0,0,0,0,0,0,0,4,0,1,0,1,0,1,0,2,0,2,0,0,0,0,0,1,0,0,0,0,0,2,0,3,1,0,0,0,1,0,0,0,0,2,0,0,0,0,0,0,1,0,0,0,0,0,0,0,1,0,0,0,0,0,3,0,0,0,0,1,0,0,0
"COG3860",0,0,0,0,0,0,0,0,0,0,0,0,0,0,0,0,0,0,0,0,0,0,0,0,0,0,0,0,0,0,0,0,0,0,0,0,0,0,0,0,0,0,0,0,0,0,0,0,0,0,0,0,0,0,0,0,0,0,0,0,0,0,0,0,0,0,0,0,0,0,0,0,0,0,0,0,0,0,0,0,0,0,0,0,0,0,0,0,0,0,0,0,0,0,0,0,0,0,0,0
"COG3861",0,0,0,0,0,0,0,0,0,0,0,0,0,0,1,0,0,0,0,0,0,0,0,0,0,0,0,0,0,0,0,0,0,0,0,0,0,0,1,0,0,0,0,0,0,0,0,0,0,0,0,0,0,0,0,0,0,0,0,1,13,0,0,0,0,0,0,0,0,0,0,0,0,0,0,0,1,0,0,0,0,0,0,0,0,0,1,0,0,0,0,0,0,0,0,0,0,0,0,0
"COG3862",0,2,0,0,0,0,0,0,0,0,1,0,0,0,0,0,0,0,0,0,0,0,0,0,0,0,0,0,0,0,0,0,0,0,0,0,0,0,0,0,0,0,0,0,0,0,1,0,0,0,0,0,0,0,0,0,0,0,1,0,0,0,0,0,0,1,0,0,0,0,0,0,0,0,0,0,0,0,0,0,0,0,0,0,0,0,0,0,0,0,0,0,0,0,0,0,0,0,0,0
"COG3864",13,44,37,92,19,26,28,52,58,72,28,50,28,45,21,27,12,28,16,24,31,13,29,102,47,93,95,13,45,28,10,21,36,35,107,14,63,37,36,88,29,77,11,64,8,25,49,23,25,51,20,59,49,16,19,14,45,69,25,69,9,17,46,58,38,55,145,53,24,8,19,25,52,45,17,126,26,15,32,92,28,49,67,32,56,12,75,77,42,16,66,12,49,25,30,16,51,22,28,74
"COG3865",3,0,8,0,0,1,1,1,0,0,0,0,0,1,1,0,3,0,2,2,1,1,4,0,1,1,0,3,0,1,2,0,0,1,0,13,0,0,0,4,0,0,11,1,3,0,1,7,2,0,0,1,7,1,0,1,0,0,2,0,3,0,1,0,1,0,0,0,0,0,2,1,0,0,1,0,0,9,0,0,0,1,0,2,2,0,0,1,1,5,2,2,0,0,2,1,0,0,0,0
"COG3866",4,2,2,0,1,6,0,0,0,0,5,0,4,2,2,0,61,0,0,2,2,0,7,0,5,1,1,3,0,0,1,3,0,14,1,0,0,2,1,2,1,1,3,0,10,2,2,12,1,1,3,1,3,0,4,0,1,0,7,1,1,2,4,0,1,0,0,0,5,0,0,0,1,1,2,1,0,1,4,2,0,0,0,0,0,5,0,2,0,0,1,0,3,3,0,0,0,3,3,0
"COG3867",24,8,23,10,16,5,10,3,0,7,3,24,9,11,9,13,3,10,9,4,3,25,8,9,4,5,17,4,8,20,3,20,15,6,17,44,4,8,8,1,2,6,10,9,5,16,1,13,15,14,7,8,1,6,9,13,4,6,4,2,8,1,10,5,2,1,5,4,5,1,7,10,5,11,20,5,8,4,5,5,2,2,8,8,2,11,3,18,5,3,2,7,18,7,9,9,12,10,9,9
"COG3868",18,9,11,0,1,2,12,0,0,0,1,0,6,0,23,0,17,0,1,4,1,0,25,0,8,0,0,4,0,1,28,0,1,14,8,4,0,0,3,1,1,0,32,0,6,0,2,11,0,0,1,0,6,4,4,0,3,4,5,0,8,1,8,0,1,0,7,0,1,0,2,0,0,2,4,0,0,19,4,1,0,0,0,0,2,5,0,2,6,5,1,3,4,1,1,2,1,2,5,0
"COG3869",6,11,14,2,0,5,1,2,5,3,17,6,12,5,8,4,1,2,7,7,3,3,18,1,5,1,5,6,2,5,5,2,4,10,12,9,21,7,2,6,7,2,2,6,3,4,27,4,6,2,1,11,11,11,6,3,1,0,41,9,8,11,5,4,1,37,2,4,0,0,7,5,2,15,2,9,5,5,3,10,2,14,0,10,5,5,14,4,1,8,0,7,9,5,5,14,5,4,10,2
"COG3870",0,0,0,0,0,0,0,0,0,0,0,0,0,0,0,0,0,0,0,0,0,0,0,0,0,0,0,1,0,0,0,0,0,0,0,0,0,1,0,0,0,0,0,0,0,0,0,0,0,0,0,0,5,0,1,0,1,0,0,0,0,1,0,0,1,0,0,0,0,0,0,0,0,0,0,0,0,0,0,0,0,1,0,0,1,0,0,0,0,0,0,0,0,0,0,0,0,0,0,0
"COG3871",13,4,4,0,0,6,7,0,0,0,8,2,4,6,1,0,23,0,0,10,6,2,12,0,12,4,0,18,4,0,20,2,0,13,9,42,3,0,0,3,2,1,31,1,14,3,0,14,4,0,1,1,4,0,2,0,3,1,4,1,22,5,2,1,0,1,1,0,10,0,13,0,2,1,2,1,2,9,0,1,1,3,0,0,0,34,1,1,3,20,0,9,2,8,2,0,1,3,3,0
"COG3872",22,45,2,5,0,31,7,9,7,16,49,14,38,25,0,16,6,34,9,26,25,0,26,11,20,30,15,35,13,19,20,21,15,12,30,15,45,21,25,43,30,8,17,3,35,21,44,14,28,20,39,34,71,9,25,42,71,26,77,37,57,59,7,32,67,44,22,29,60,0,61,44,12,31,3,32,17,42,42,23,69,32,29,58,78,52,32,16,32,69,50,63,17,43,14,21,5,11,16,33
"COG3874",1,3,0,0,0,0,0,0,0,0,8,0,0,0,0,0,0,0,0,0,0,0,0,0,0,0,0,0,0,0,0,0,0,0,0,2,2,0,0,0,1,0,2,0,0,0,5,0,0,0,0,0,0,0,0,0,0,0,8,0,1,1,0,0,0,2,0,0,0,0,0,0,0,0,0,0,0,2,0,0,0,0,0,0,0,0,0,0,0,0,0,0,0,0,0,0,0,0,0,0
"COG3875",99,56,14,8,1,116,6,3,16,1,58,4,97,7,2,1,12,20,4,137,47,2,59,10,61,7,6,114,19,15,61,19,19,89,51,97,46,6,7,75,93,15,47,2,103,25,45,20,44,6,10,13,103,1,21,17,27,1,60,14,99,97,10,21,140,30,6,7,41,0,130,33,6,7,8,13,4,156,26,8,59,35,8,28,82,114,4,8,1,90,5,127,21,22,1,9,5,20,18,9
"COG3876",123,171,89,59,89,133,61,26,21,89,254,102,95,89,101,49,148,70,48,76,85,95,131,64,80,50,103,138,70,94,115,103,79,133,85,114,189,66,67,81,153,40,106,95,125,98,160,107,101,124,111,75,94,31,103,95,122,32,198,61,115,101,68,60,96,189,56,59,107,84,135,75,54,62,50,41,33,97,92,56,97,52,78,82,80,122,77,152,74,134,104,105,122,79,66,60,75,50,91,72
"COG3877",0,1,0,0,0,1,0,0,0,0,5,0,1,0,0,0,0,0,0,1,0,0,1,0,0,0,0,1,0,0,0,0,0,2,0,1,3,0,0,0,0,0,1,0,0,0,0,1,1,0,0,0,1,0,0,0,0,0,3,0,0,0,0,0,0,2,0,0,0,0,1,0,0,0,0,0,0,1,0,0,0,1,0,0,0,2,0,0,0,1,0,1,0,0,0,0,1,0,0,0
"COG3878",1,0,1,0,1,0,0,0,0,0,0,0,0,0,1,0,4,0,0,0,0,0,11,0,0,0,0,0,0,2,1,0,0,0,2,0,0,0,0,0,0,0,1,0,0,0,0,0,0,0,0,0,0,1,0,0,0,0,0,0,1,0,2,0,0,0,0,0,0,0,0,0,0,0,1,0,0,1,0,0,1,0,0,0,0,0,0,0,0,0,0,1,1,0,1,0,0,0,0,0
"COG3879",0,0,0,0,0,0,0,0,0,0,0,0,0,0,0,1,0,0,0,0,0,0,0,0,0,0,0,0,0,3,0,0,0,0,1,1,0,0,2,0,0,0,2,0,0,0,0,0,0,0,0,0,0,0,0,0,0,0,0,0,0,1,0,0,0,0,0,0,0,0,0,0,0,0,0,0,0,0,0,0,0,0,0,0,0,0,0,0,0,0,0,0,0,0,0,0,0,0,0,0
"COG3880",2,4,6,2,0,2,1,2,3,1,9,0,8,0,1,0,0,2,1,4,3,0,12,3,4,2,2,4,6,3,5,2,3,17,7,2,12,3,1,4,3,1,0,5,3,0,20,6,1,0,0,1,6,4,3,3,2,0,19,1,3,8,4,3,0,10,1,1,0,0,9,3,2,3,3,5,1,2,2,0,0,10,0,3,0,2,4,4,0,5,0,5,5,3,4,4,3,3,1,2
"COG3882",121,75,19,26,28,161,21,23,30,44,141,13,93,24,41,31,4,22,18,160,34,47,47,22,66,31,21,82,27,26,72,35,20,35,30,153,129,25,13,38,126,15,59,23,102,40,116,20,38,19,23,10,88,17,34,27,31,15,109,22,125,99,17,30,153,168,15,14,21,52,143,35,20,15,32,11,36,169,28,22,71,13,16,25,45,121,9,15,29,141,22,149,21,19,12,12,23,32,32,16
"COG3883",0,0,0,1,0,0,0,0,0,0,0,2,0,2,0,0,0,0,0,4,0,0,0,0,1,0,0,0,0,0,0,2,0,2,0,1,2,0,0,3,1,1,0,0,0,1,1,0,0,0,1,3,2,0,1,9,0,2,2,5,0,0,2,0,1,0,2,1,0,0,3,6,0,0,0,4,0,3,27,3,1,6,0,4,1,2,5,0,0,1,5,2,3,1,0,3,0,0,1,0
"COG3884",1,0,6,1,3,0,0,0,0,4,0,0,0,2,0,1,0,3,0,0,1,1,1,0,1,0,0,1,0,1,2,0,0,3,7,0,1,5,0,0,0,1,1,0,0,1,0,1,0,2,2,5,0,0,0,0,0,1,0,1,0,0,0,0,0,0,0,0,0,0,2,3,1,0,1,4,0,4,3,2,0,5,0,3,1,2,0,1,0,1,0,0,9,0,1,2,0,5,2,0
"COG3885",0,0,0,0,0,0,0,0,0,0,0,0,0,0,0,0,0,0,0,0,0,0,0,0,0,0,0,0,0,0,0,0,0,4,0,0,4,0,0,0,0,0,0,0,0,0,0,0,0,0,0,0,0,0,0,0,0,0,0,0,0,0,0,0,0,1,0,0,0,0,0,0,0,0,0,0,0,0,0,0,0,0,0,0,0,0,1,0,0,0,0,0,0,0,0,0,0,0,0,0
"COG3886",18,8,24,2,15,21,22,4,9,2,21,5,15,2,62,4,113,7,2,3,12,11,48,8,37,5,2,7,3,8,56,4,0,28,29,42,21,5,11,1,7,7,55,7,8,3,14,21,5,3,5,2,5,2,4,1,14,8,32,7,5,18,23,2,9,12,13,7,27,12,32,4,4,5,9,9,5,27,9,9,3,7,1,3,11,19,12,4,4,7,7,12,2,7,12,1,11,14,3,2
"COG3887",0,0,2,0,0,0,0,0,0,0,0,0,0,0,0,0,0,0,0,0,0,0,0,0,0,0,0,0,0,0,0,0,0,0,0,0,0,0,0,0,0,0,0,0,0,0,0,0,0,0,0,0,0,0,0,0,0,0,0,0,0,0,1,0,0,0,0,0,0,0,0,0,0,0,0,0,0,0,0,0,0,0,0,0,0,0,2,0,0,0,0,0,0,0,0,2,0,0,0,0
"COG3889",157,34,0,0,0,225,0,0,0,0,35,1,106,5,0,0,3,2,0,185,23,0,21,0,86,0,0,138,1,5,67,17,0,37,9,149,15,10,0,42,131,1,58,0,115,19,12,0,43,0,4,1,100,0,22,8,1,0,55,1,156,164,0,3,212,17,0,0,62,0,205,25,0,0,1,0,1,199,17,0,71,4,0,2,84,179,0,6,0,149,1,172,2,0,1,0,0,23,9,0
"COG3890",0,0,0,0,0,0,0,0,0,0,0,0,0,0,0,0,0,0,0,0,0,0,0,0,0,0,1,0,0,0,0,0,0,0,0,0,0,0,0,0,0,0,0,0,0,0,0,1,0,0,0,1,1,0,0,0,0,0,0,0,0,0,0,0,0,0,0,0,0,0,0,0,0,1,0,0,0,0,0,1,0,0,0,0,0,0,0,0,0,0,0,0,0,0,0,0,0,0,0,0
"COG3892",41,15,12,36,25,9,31,44,36,25,11,26,14,41,13,34,2,30,41,23,19,24,8,35,23,32,33,22,32,42,24,39,31,13,17,27,3,31,44,41,31,50,13,29,24,28,17,12,52,30,32,36,21,20,9,43,26,62,20,53,35,14,21,35,7,5,40,47,41,93,43,24,23,55,22,51,35,39,52,40,48,49,47,37,31,43,57,57,31,21,61,36,32,34,45,59,13,10,9,57
"COG3893",21,25,61,84,120,20,40,27,77,26,24,79,27,28,64,34,9,31,22,30,40,128,44,59,23,27,68,18,25,68,38,60,18,82,42,72,31,36,14,47,19,38,75,74,21,37,43,44,50,29,9,31,23,30,34,20,16,21,23,14,24,5,26,22,5,13,7,35,4,12,18,25,36,38,30,58,24,27,18,32,6,29,26,27,13,28,29,61,16,25,15,12,50,14,52,47,13,32,21,40
"COG3894",124,250,49,73,143,191,39,35,79,31,264,41,108,25,31,36,18,33,38,138,58,155,102,63,80,27,55,123,37,45,82,77,53,85,51,54,346,44,49,109,214,63,75,48,165,61,266,38,85,26,26,46,104,34,71,46,61,47,251,44,115,171,37,33,77,318,38,43,54,172,116,74,41,78,73,81,58,119,75,50,52,63,33,63,79,110,52,131,10,129,26,144,58,53,63,78,32,33,52,46
"COG3895",0,0,0,0,0,0,0,0,0,0,0,0,0,0,0,0,0,0,0,0,0,0,0,0,0,0,0,0,0,0,0,0,0,0,0,4,0,0,0,0,1,0,0,0,0,0,0,0,0,0,0,0,0,0,0,0,0,0,0,0,0,0,0,0,0,0,0,0,0,0,0,0,0,0,0,0,0,0,0,0,0,0,0,0,0,0,0,0,0,0,0,0,0,0,0,0,0,0,0,0
"COG3896",0,3,2,0,0,1,2,0,1,4,0,0,1,2,1,3,0,0,1,0,0,0,0,0,1,1,2,0,4,0,1,1,3,2,2,0,4,0,4,0,1,2,3,4,1,2,3,3,0,0,0,1,2,0,1,0,0,1,1,0,1,1,0,1,1,0,0,1,0,0,1,1,2,0,0,1,0,3,2,2,0,2,2,0,0,0,1,5,0,3,1,1,0,0,3,1,1,0,0,0
"COG3897",8,5,11,2,5,0,4,5,0,2,0,1,5,4,7,0,3,3,0,2,3,0,13,3,6,5,3,1,4,4,4,1,3,15,15,2,0,2,5,10,0,0,15,3,3,1,1,11,2,3,0,2,3,3,4,6,0,3,7,2,2,4,9,4,2,0,5,7,2,1,2,3,4,3,6,5,3,7,3,4,0,11,5,2,1,1,7,3,3,4,0,0,12,2,6,2,7,7,7,0
"COG3898",11,11,45,69,53,9,48,65,68,25,20,39,30,32,41,52,3,43,45,17,56,59,28,54,25,50,58,19,25,48,28,36,36,53,27,24,22,33,42,54,12,56,33,54,18,38,14,34,30,33,12,53,30,52,37,41,34,58,14,41,20,13,49,39,34,8,50,46,4,19,12,37,37,74,66,68,53,18,36,35,34,30,40,28,23,17,47,59,17,15,30,11,68,29,50,69,34,46,44,48
"COG3899",22,21,39,4,5,10,13,0,1,4,68,20,34,8,1,1,22,16,1,50,27,3,40,4,21,5,0,52,12,44,20,12,8,46,31,16,41,9,39,25,33,3,68,0,19,11,19,16,23,2,4,12,16,1,17,43,13,4,47,4,51,29,18,6,17,46,19,2,9,3,39,16,4,2,1,5,1,53,18,2,21,30,1,10,16,50,14,7,2,27,12,49,28,6,7,10,8,13,16,3
"COG3900",3,0,0,0,0,0,0,0,0,0,2,0,1,0,0,0,0,0,0,0,0,0,1,0,0,0,0,1,0,0,0,0,0,1,0,1,3,0,0,0,0,0,0,0,0,0,1,0,1,0,0,0,1,0,0,0,0,0,0,0,0,0,0,0,0,0,0,0,0,0,4,1,0,0,0,0,0,0,0,0,0,0,0,0,0,0,0,0,0,0,0,0,0,0,0,0,0,0,0,0
"COG3901",42,26,28,7,13,40,18,5,17,2,32,3,31,8,20,13,265,22,2,23,38,6,56,7,31,13,4,14,11,11,121,15,12,80,47,16,15,7,4,38,23,12,105,4,66,21,32,76,28,1,15,37,16,5,23,19,33,5,68,8,29,33,33,14,11,17,10,9,14,1,23,26,20,9,14,11,13,76,12,5,23,22,11,27,20,25,8,5,7,28,7,22,41,20,25,15,5,18,16,5
"COG3903",1,3,10,0,0,3,0,0,0,0,8,0,3,0,3,1,1,0,1,0,4,2,12,0,2,0,0,8,0,6,4,0,1,13,18,14,15,0,5,10,3,1,1,0,1,0,8,1,1,0,0,5,10,2,1,1,0,0,6,0,3,1,9,0,1,13,1,1,0,0,7,3,0,0,0,1,1,6,0,0,0,4,0,1,1,3,0,1,0,13,0,4,8,1,0,0,2,0,0,0
"COG3904",3,0,1,0,10,0,0,0,1,0,1,0,0,0,2,1,0,0,0,0,1,23,0,1,0,0,1,0,2,0,12,2,0,0,0,8,0,0,1,0,1,1,4,0,1,2,0,5,0,1,0,1,0,0,0,1,0,2,0,0,0,0,0,0,0,2,0,0,0,3,1,0,3,0,2,1,1,2,0,1,0,0,1,0,1,2,1,7,0,1,0,0,0,0,3,2,0,0,0,1
"COG3905",1,0,0,0,0,0,0,0,0,0,1,0,0,1,0,0,0,0,0,0,0,0,0,0,0,0,0,0,0,0,0,0,0,1,0,1,1,0,0,0,0,0,0,0,0,0,0,0,0,0,0,0,0,0,0,0,0,0,1,1,0,0,0,0,0,0,0,0,0,0,0,0,0,0,2,0,0,0,0,0,0,0,0,0,0,0,0,0,0,0,0,0,0,0,0,0,0,0,0,0
"COG3907",27,15,1,1,2,15,2,1,4,1,11,2,9,2,2,2,4,3,1,29,2,0,10,6,8,0,0,12,0,0,10,1,1,6,4,9,13,1,0,3,32,4,14,0,26,2,16,10,5,0,2,0,6,0,3,1,3,3,13,4,37,27,3,0,3,15,5,4,6,0,27,0,4,2,2,0,3,37,8,1,3,4,0,1,4,22,3,0,1,19,2,29,0,2,2,6,0,1,3,0
"COG3908",8,13,6,30,24,12,16,16,34,31,8,17,16,31,20,27,0,31,33,13,18,19,8,32,15,34,23,15,20,18,8,23,20,3,12,24,8,19,25,14,12,17,17,16,13,27,16,2,26,37,36,22,20,35,18,33,29,25,12,29,8,6,7,14,33,9,22,26,10,24,9,35,26,19,9,16,31,16,16,23,23,12,22,31,41,7,24,10,55,11,33,17,14,20,20,27,7,18,14,23
"COG3909",4,0,3,37,13,0,20,32,47,47,1,21,0,24,31,24,5,27,37,1,14,15,3,56,12,16,24,3,30,14,3,21,9,2,12,4,0,24,17,11,0,19,11,19,3,20,1,5,22,9,35,21,8,66,20,32,11,41,5,31,6,3,8,50,4,2,43,51,20,25,0,16,48,38,20,26,53,8,12,62,37,23,48,50,29,3,48,19,57,7,27,0,12,11,66,50,8,38,22,48
"COG3910",4,0,6,5,1,0,1,0,1,0,6,3,1,1,0,0,2,0,1,0,0,0,6,3,1,0,0,2,0,0,2,0,0,1,6,0,3,1,1,2,2,5,1,0,0,0,2,1,1,0,0,1,4,0,0,4,3,0,3,4,2,1,1,0,1,0,1,3,0,1,0,0,0,0,1,5,0,1,0,1,1,0,0,2,0,1,7,0,1,2,0,0,0,2,0,0,2,0,2,1
"COG3911",17,5,15,7,47,8,16,5,6,33,2,21,1,17,25,12,6,4,12,5,14,45,20,11,9,9,24,10,15,17,8,33,8,8,9,42,3,16,10,6,6,9,28,24,5,17,5,13,13,10,15,7,10,15,12,11,8,3,2,7,6,2,15,11,1,1,13,13,4,37,10,5,11,16,7,5,10,11,7,9,9,4,9,10,5,27,11,38,8,18,12,10,21,11,15,24,11,9,9,22
"COG3913",0,0,4,0,0,1,1,0,0,0,0,0,1,0,1,0,1,0,0,0,0,0,4,0,4,0,0,1,0,1,4,0,0,2,0,0,0,0,1,0,0,0,0,0,0,0,0,1,0,0,0,1,0,0,0,0,0,0,0,0,1,1,3,0,0,0,0,0,1,1,0,0,0,0,0,0,0,0,0,0,0,0,0,0,0,0,1,0,0,0,0,0,3,1,0,0,2,0,1,0
"COG3914",77,123,130,96,77,76,88,136,118,60,100,99,105,95,107,130,4,138,148,136,117,129,69,126,97,163,103,102,107,127,64,97,185,100,120,117,134,123,133,84,100,109,61,116,105,100,205,267,108,126,195,187,167,231,171,193,151,201,143,219,158,187,155,165,163,236,197,246,103,203,172,179,139,144,169,129,229,154,201,159,175,175,151,205,161,141,134,93,324,131,224,142,172,295,99,159,143,220,178,161
"COG3915",1,0,1,0,1,0,1,0,0,0,1,0,1,0,1,1,4,0,0,2,0,1,5,0,3,0,0,2,0,2,9,0,0,3,2,1,0,0,0,1,0,0,9,0,2,0,0,2,1,0,0,0,1,0,0,0,1,0,5,0,2,0,2,0,0,0,2,1,0,0,1,0,0,1,0,0,1,1,0,0,0,3,0,0,2,3,0,0,0,0,0,2,1,0,0,1,1,0,0,0
"COG3916",6,1,3,0,2,2,4,1,4,0,2,1,2,1,1,0,4,0,0,1,0,12,2,0,1,1,0,1,0,1,2,0,0,1,2,7,1,0,0,0,2,0,17,0,4,0,2,0,0,0,0,1,3,0,0,0,0,1,2,1,7,0,0,0,0,0,0,0,0,30,7,0,0,0,3,0,0,3,0,0,0,0,0,0,0,3,0,8,1,8,0,1,2,1,1,0,1,0,0,0
"COG3917",93,123,102,292,231,108,181,274,298,365,86,160,148,173,192,242,25,199,366,114,165,221,142,256,129,257,223,134,247,216,80,220,214,146,117,99,126,203,208,165,157,196,86,259,107,202,146,89,245,225,288,191,141,363,191,200,242,257,108,224,123,122,80,244,146,131,215,189,146,192,116,219,298,224,156,148,242,123,157,213,193,131,294,258,160,121,240,207,305,130,287,109,170,193,220,240,117,179,161,204
"COG3919",5,9,10,0,2,0,6,3,6,4,2,2,6,1,12,4,52,0,1,6,3,2,14,8,1,4,9,3,5,4,4,1,1,9,6,6,6,3,5,0,4,2,4,11,3,3,1,19,3,1,2,4,3,0,2,2,12,0,9,3,4,2,7,3,3,3,2,5,3,2,5,3,4,4,8,5,3,12,3,4,2,1,1,1,1,5,3,8,2,3,3,4,7,0,5,12,7,4,0,4
"COG3920",81,70,130,7,15,70,50,6,5,7,64,25,35,22,30,14,14,7,10,93,20,13,66,9,55,11,6,67,7,84,122,11,8,32,92,285,81,11,19,29,68,14,332,11,67,10,56,51,20,29,13,30,54,22,19,29,19,18,60,12,117,46,83,8,30,78,12,9,16,8,115,11,11,5,23,17,14,99,39,6,21,20,3,9,43,144,15,18,21,192,16,84,22,27,10,19,22,11,10,5
"COG3921",15,6,6,3,1,3,9,1,0,0,11,1,6,2,3,3,5,0,4,2,4,2,6,3,2,1,1,3,3,0,18,2,0,4,11,45,2,1,2,3,3,3,43,2,6,1,6,13,3,0,2,1,7,2,1,1,2,4,6,2,8,2,1,0,0,4,9,1,3,1,9,0,3,2,5,1,0,11,1,0,2,2,0,0,5,8,5,4,3,18,1,3,1,1,0,5,1,3,4,3
"COG3923",0,0,0,0,0,0,0,0,0,0,0,0,0,0,3,0,0,0,0,0,0,0,4,0,0,0,0,0,0,0,0,0,0,0,0,0,0,0,0,0,0,0,0,0,0,0,0,0,0,0,0,0,0,0,0,0,0,0,0,0,0,0,0,0,0,0,0,0,0,0,0,0,0,0,0,1,0,0,0,0,0,0,0,0,0,0,0,0,0,0,0,0,0,0,0,0,0,0,0,0
"COG3926",9,5,4,23,5,3,11,9,15,17,13,22,18,20,13,26,44,11,9,5,9,6,23,40,27,26,26,7,8,12,18,11,10,14,43,8,13,11,5,13,6,18,10,10,3,8,9,16,8,20,4,11,11,10,5,5,7,21,15,16,3,5,5,21,11,3,69,23,10,2,10,0,18,26,4,56,11,8,25,49,17,9,15,15,20,7,26,19,19,9,9,6,7,7,6,17,13,9,7,19
"COG3930",31,11,15,15,1,16,11,3,5,3,9,9,6,9,17,1,7,5,2,12,10,0,18,4,12,3,9,22,7,12,42,11,11,20,39,10,14,6,4,2,19,7,33,12,9,5,4,26,15,11,17,8,7,6,13,5,13,6,8,8,15,3,15,2,9,7,8,4,18,0,15,12,3,10,11,6,3,19,10,19,20,9,5,12,9,19,7,5,12,23,24,12,19,10,0,8,11,4,13,14
"COG3931",23,39,20,14,33,41,17,12,18,7,19,12,17,27,26,10,4,13,21,13,19,57,11,11,13,18,7,12,13,18,20,22,16,18,10,39,31,16,11,20,28,14,27,14,15,13,29,12,19,16,17,11,16,14,16,18,14,17,28,21,19,17,16,17,10,37,15,19,12,14,23,15,14,17,16,8,16,25,20,21,13,13,17,28,9,22,17,29,20,26,17,23,11,13,8,22,14,12,12,21
"COG3932",10,8,7,0,1,4,7,0,6,1,0,5,7,4,3,1,34,1,3,10,0,1,13,0,12,1,0,6,0,2,26,2,1,9,11,10,3,1,0,1,4,0,36,2,1,1,0,12,4,0,0,0,6,9,2,1,4,1,7,1,10,1,3,1,2,2,1,0,5,5,10,0,1,0,5,3,2,14,2,0,1,1,2,0,2,10,2,3,1,16,0,4,2,1,6,2,4,3,1,0
"COG3934",11,16,5,0,17,11,1,0,1,0,3,13,10,8,5,0,1,5,1,4,6,5,13,2,4,1,5,12,0,9,36,5,8,12,13,33,1,9,1,6,18,3,5,3,6,9,7,5,8,11,4,9,4,0,16,4,8,0,0,2,11,3,4,1,3,2,2,5,2,74,21,8,2,7,4,9,3,6,5,3,0,14,1,7,3,44,2,3,0,20,1,8,27,16,1,1,4,14,12,1
"COG3935",0,1,2,2,0,0,0,0,1,0,11,0,7,0,1,1,1,1,0,0,0,0,5,2,1,1,1,2,0,0,0,1,2,1,9,1,7,0,0,6,5,5,0,1,2,0,5,5,0,4,0,2,5,0,0,0,6,1,2,0,2,0,1,1,3,0,4,1,0,0,0,0,0,0,1,9,0,0,1,1,3,0,2,0,4,5,3,1,2,1,1,1,0,0,0,7,3,1,1,0
"COG3936",1,0,0,0,0,0,0,0,0,0,0,0,0,0,0,0,0,0,0,0,0,0,0,0,0,0,0,0,0,0,0,0,0,0,1,0,0,0,0,0,0,0,1,0,0,0,0,0,0,0,0,0,0,0,0,0,0,0,0,0,0,0,0,0,0,0,0,0,0,0,0,0,0,0,0,0,0,0,0,0,0,0,0,0,0,0,0,0,0,0,0,0,0,0,0,0,0,0,0,0
"COG3937",0,0,15,10,0,0,0,0,5,0,0,1,0,1,4,0,0,1,0,0,0,0,0,6,0,0,2,0,0,0,1,0,1,0,0,0,0,1,1,0,0,2,0,0,0,0,0,0,1,0,0,12,0,0,1,8,0,0,0,1,0,0,4,0,0,0,1,1,1,0,0,3,1,4,4,11,2,0,0,5,0,15,2,1,0,0,13,0,0,1,0,0,6,0,4,12,0,7,4,3
"COG3938",102,100,54,49,110,86,34,35,31,21,92,76,85,38,56,41,11,44,23,95,44,70,85,43,56,50,52,77,37,60,60,74,55,77,35,71,99,51,36,78,119,41,66,57,110,80,81,32,76,45,47,58,94,20,53,38,59,41,90,30,95,108,39,43,76,86,29,48,51,83,104,49,26,73,45,69,37,101,64,45,49,56,31,57,49,94,53,99,26,103,43,110,70,51,29,46,36,46,63,59
"COG3940",53,3,15,0,62,10,4,0,0,0,2,2,29,0,9,0,231,1,0,0,0,51,53,0,4,1,0,9,0,5,43,0,1,22,16,47,6,0,5,0,6,0,8,4,11,3,0,41,2,1,0,1,0,1,1,0,16,0,14,1,11,6,10,0,3,1,4,0,3,41,11,0,1,0,2,0,0,4,1,0,0,0,0,0,4,29,0,3,3,9,1,13,2,5,0,2,3,1,2,1
"COG3941",8,1,2,47,0,0,15,2,15,11,0,2,2,0,0,3,9,2,0,2,1,0,5,52,6,4,3,3,2,0,6,1,2,1,25,0,1,1,3,7,0,14,12,2,1,3,3,13,1,8,0,4,1,0,2,2,3,8,0,0,0,0,11,2,2,1,36,0,3,0,1,0,0,0,1,20,1,17,0,38,3,0,3,0,3,2,5,12,10,2,5,0,5,3,1,7,10,3,6,5
"COG3942",5,0,0,0,0,0,2,1,0,0,4,0,1,3,0,0,3,0,0,7,2,0,2,0,1,2,0,3,0,1,6,1,1,2,11,20,2,0,0,0,1,0,19,0,10,0,2,3,1,1,0,1,3,0,0,0,3,1,2,0,3,0,0,0,2,1,0,0,0,0,7,0,0,0,3,0,1,4,0,0,0,0,0,0,1,7,0,1,2,11,0,2,0,1,0,1,1,0,0,0
"COG3943",9,5,17,0,0,5,7,2,0,1,3,0,5,1,17,1,49,0,1,8,2,0,17,0,9,2,0,9,3,2,31,1,1,8,12,20,1,0,3,0,2,1,16,0,3,0,1,23,0,0,0,1,1,2,1,3,1,0,4,0,12,3,4,0,1,1,1,0,4,0,7,1,3,1,3,1,2,11,2,0,0,3,2,0,2,16,2,8,0,12,0,5,1,3,2,1,3,6,0,0
"COG3944",1,0,3,0,0,0,0,2,0,0,1,0,5,0,0,0,0,0,0,0,0,1,3,0,0,0,0,3,0,1,0,0,0,0,14,23,0,0,2,2,0,0,2,0,2,1,2,0,0,0,0,0,7,0,0,0,1,1,0,0,2,1,0,0,6,0,0,0,0,0,6,0,0,0,0,0,0,7,0,0,0,0,0,0,0,5,1,0,2,5,0,5,0,2,0,0,0,0,0,0
"COG3945",54,39,1,0,0,134,0,0,0,0,50,0,52,4,1,0,6,1,1,71,7,0,11,0,24,0,0,64,0,1,21,10,0,28,4,66,54,5,0,24,73,2,17,0,39,18,26,0,23,0,5,1,43,0,8,3,3,0,53,0,54,56,0,1,108,52,2,0,37,0,69,23,0,0,1,1,0,56,9,1,52,5,0,4,45,55,1,3,0,83,1,62,2,2,0,1,0,12,4,0
"COG3946",0,0,0,0,0,0,0,0,0,0,0,0,0,0,0,0,0,0,0,0,0,0,0,0,0,0,0,0,0,0,0,0,1,0,0,0,0,0,0,0,2,0,0,0,0,0,0,0,0,0,0,0,0,0,0,0,0,0,0,0,1,0,0,0,0,0,0,0,0,0,0,0,0,0,0,1,0,0,0,0,0,0,0,0,0,0,1,0,0,0,0,0,0,0,0,0,0,0,0,0
"COG3947",1,1,1,0,0,1,0,0,0,0,6,0,0,1,7,3,0,0,0,0,0,0,0,0,0,0,0,0,0,6,5,1,0,0,0,0,4,0,2,0,0,0,4,0,0,0,3,0,2,0,2,0,0,0,0,0,0,0,3,0,0,0,0,0,0,1,0,0,5,0,0,0,0,0,0,0,0,1,0,0,0,1,0,0,1,0,0,0,0,0,0,0,0,0,0,1,0,0,0,0
"COG3948",2,0,1,1,1,0,2,0,0,0,0,0,0,0,1,0,1,0,1,1,0,1,5,3,0,0,1,2,0,0,7,1,1,0,2,1,1,0,0,0,0,0,4,0,0,1,0,2,0,0,0,0,0,0,0,0,0,0,2,0,7,0,5,0,0,0,1,0,0,0,0,0,0,0,2,0,1,5,0,0,0,2,0,0,0,1,2,1,0,3,0,4,0,3,2,0,0,1,0,0
"COG3949",28,29,1,25,10,18,2,2,1,1,59,5,17,7,8,4,0,10,1,19,6,11,14,16,10,8,8,29,6,4,13,8,7,2,3,30,50,12,0,15,27,3,14,1,20,11,25,1,11,2,9,4,16,1,17,11,16,0,22,5,32,18,2,4,14,31,1,6,26,20,31,15,4,4,0,3,2,22,13,3,12,8,1,10,18,20,8,5,3,28,5,34,4,12,1,3,0,8,9,3
"COG3950",1,1,2,0,0,6,4,1,5,1,1,1,12,3,13,0,81,0,1,1,0,2,15,0,3,1,0,1,0,1,35,1,0,9,11,6,0,1,1,0,4,0,9,3,1,1,0,22,1,0,0,1,1,0,4,1,1,2,1,2,2,0,2,0,0,0,7,2,1,1,1,1,0,1,0,0,0,5,2,0,0,0,1,2,2,5,0,0,0,4,0,2,4,1,1,0,2,1,2,0
"COG3951",10,4,13,12,4,7,11,5,8,3,5,7,8,11,7,4,67,3,3,6,1,9,18,4,13,7,3,4,6,7,33,3,5,17,12,1,1,5,2,6,7,6,28,10,8,1,0,21,5,2,2,6,3,5,2,1,4,8,10,7,3,7,12,7,3,2,20,3,10,15,7,6,17,5,17,10,8,13,14,14,3,13,6,5,5,4,11,18,6,4,5,9,15,7,16,18,9,10,2,6
"COG3952",10,5,2,10,15,5,8,14,10,7,14,3,7,9,11,13,0,4,7,3,6,5,6,7,8,6,5,2,5,5,2,1,6,11,3,44,9,3,3,8,8,13,5,7,4,1,8,4,6,5,4,5,4,9,4,10,6,12,8,6,5,3,9,4,8,7,8,6,0,11,9,14,12,6,16,6,15,6,5,6,4,7,9,7,5,26,9,17,7,11,6,9,13,7,11,7,8,2,5,11
"COG3953",0,0,1,0,0,0,0,0,0,0,0,0,0,0,0,0,0,0,0,0,0,0,0,0,0,0,0,0,0,0,0,0,0,0,0,1,0,0,0,0,0,0,1,0,0,0,0,0,0,0,0,0,0,0,0,0,0,0,0,0,0,0,0,0,0,0,0,0,0,0,0,0,0,0,0,0,0,0,0,0,0,0,0,0,0,0,0,0,0,3,0,1,0,0,0,0,0,0,0,0
"COG3954",31,35,155,17,8,61,139,153,34,14,18,43,13,36,43,119,141,120,45,26,83,11,30,22,72,75,43,2,69,72,49,47,62,49,49,35,17,66,109,24,24,168,43,56,27,36,24,107,17,23,6,72,11,46,86,61,10,107,25,86,8,26,189,69,3,24,96,88,18,68,11,31,72,56,185,66,96,21,43,85,4,86,54,22,11,10,80,23,44,29,6,15,35,71,29,69,250,88,125,73
"COG3955",0,0,0,0,0,0,0,0,1,0,0,0,3,1,0,2,0,0,1,0,0,0,1,0,0,0,0,0,0,0,0,0,0,0,0,0,0,0,0,1,0,0,0,0,0,0,0,0,0,0,0,0,0,0,0,0,0,0,0,0,0,0,0,1,2,0,0,1,0,0,0,0,0,0,0,1,0,0,0,0,0,0,0,0,0,0,1,1,1,0,0,0,0,0,0,0,0,0,0,0
"COG3956",32,28,41,14,3,39,95,72,3,8,73,24,40,13,1,75,1,63,23,41,45,0,37,20,46,42,26,36,9,41,37,23,22,26,33,38,39,10,86,48,28,91,26,23,35,19,21,22,27,46,24,45,50,10,23,33,32,59,43,57,41,33,50,8,51,50,52,56,21,0,34,24,4,30,69,49,47,42,13,44,35,29,10,39,53,45,44,16,36,37,46,47,15,27,7,21,56,12,16,34
"COG3957",25,12,51,0,1,12,23,3,13,1,3,5,10,10,7,1,24,1,1,8,5,4,36,0,26,6,13,8,1,10,44,2,0,35,74,73,4,2,9,0,5,1,119,3,16,1,4,74,4,0,0,4,9,3,3,12,10,4,30,2,12,8,33,0,6,2,7,1,3,1,23,3,1,7,5,2,2,84,4,3,1,3,4,0,3,25,15,1,7,34,4,21,9,5,3,26,10,11,8,10
"COG3958",159,117,75,81,140,173,68,74,85,136,151,134,160,123,91,68,11,105,122,198,106,134,102,101,130,95,113,186,85,124,79,126,115,96,69,177,165,88,85,115,159,63,73,132,145,145,145,62,145,105,115,88,151,105,120,130,103,83,124,69,173,178,93,112,209,168,75,106,116,158,195,142,86,93,69,90,77,176,130,94,174,129,111,116,124,167,68,132,88,166,114,190,135,91,105,91,72,90,116,116
"COG3959",159,132,87,73,124,201,71,79,67,108,145,130,191,98,92,79,19,100,89,182,115,152,72,82,134,76,123,191,87,125,93,134,108,122,80,182,163,119,72,132,173,62,72,107,154,143,112,73,157,105,95,93,166,107,112,135,101,71,133,68,182,187,94,90,260,161,69,96,146,135,187,127,77,88,72,88,74,144,103,73,172,103,128,120,158,163,72,127,91,172,93,198,135,93,93,92,73,101,100,85
"COG3960",0,0,0,0,0,0,1,0,0,0,0,0,0,0,5,0,3,0,0,0,0,0,6,0,0,0,0,0,0,0,2,0,0,0,0,0,0,0,1,1,0,0,4,0,0,0,0,0,0,2,0,0,0,0,1,1,0,1,0,0,2,0,0,0,0,0,0,0,0,0,0,0,0,0,0,0,0,1,0,0,0,0,0,0,0,0,0,0,0,1,0,1,0,0,0,0,0,0,0,0
"COG3961",2,9,3,1,0,0,0,0,4,0,22,0,13,0,7,0,97,1,3,2,6,0,24,0,0,0,0,0,0,0,7,2,0,24,16,0,17,2,1,2,3,2,0,1,0,0,18,20,2,3,0,2,13,2,3,4,6,0,18,2,19,0,2,0,0,20,0,2,0,0,0,2,0,0,2,4,4,0,0,0,0,1,0,0,0,1,4,4,1,0,0,0,5,1,2,4,7,1,3,1
"COG3962",86,125,79,271,180,80,175,241,258,283,58,177,86,170,217,270,5,198,259,84,113,155,48,259,134,253,194,100,164,194,71,172,139,59,124,113,94,198,218,154,93,203,65,149,100,179,121,64,180,209,214,202,111,286,105,217,181,266,128,219,109,109,65,139,108,124,218,264,184,187,108,201,184,218,116,202,212,102,144,219,203,229,214,230,250,98,205,162,264,111,272,120,116,187,276,231,69,117,87,208
"COG3963",8,18,5,3,3,28,9,0,0,8,26,4,15,5,12,2,3,3,0,18,12,0,17,4,4,4,8,12,3,4,7,5,2,15,20,23,18,1,1,11,14,1,25,3,14,5,19,8,3,1,3,8,8,0,5,2,2,3,13,0,10,10,11,4,22,29,1,4,1,21,8,4,1,6,4,3,0,14,4,3,5,2,0,7,8,6,4,11,2,11,2,9,8,4,0,8,3,4,4,0
"COG3964",39,19,23,7,31,20,13,4,11,12,34,28,109,18,10,14,18,12,6,81,33,22,117,16,29,9,15,99,12,16,37,24,14,75,48,40,29,14,15,107,46,21,53,31,49,32,41,24,25,20,27,16,72,3,31,18,18,11,52,14,58,71,14,22,42,23,15,20,11,13,71,20,13,17,10,16,8,69,7,4,23,23,11,20,36,77,15,22,2,40,14,62,13,13,3,19,9,12,17,11
"COG3965",7,4,4,0,1,3,1,1,0,0,2,1,1,2,1,1,53,0,0,7,3,0,19,1,3,0,3,0,0,0,19,0,0,9,10,2,0,0,0,2,2,1,16,1,12,1,2,6,0,0,2,1,1,2,1,0,2,1,5,4,1,4,4,0,2,0,0,1,1,0,0,1,0,4,3,0,0,2,7,0,0,4,0,0,1,1,1,0,0,1,1,10,0,1,2,0,0,0,1,2
"COG3967",8,1,2,0,0,2,2,1,0,0,0,2,1,0,6,0,6,0,1,6,0,1,11,0,0,0,1,2,1,1,5,1,0,1,5,33,0,2,1,1,2,0,18,0,4,6,0,4,3,1,0,0,0,1,0,1,0,2,4,0,6,0,0,1,0,2,0,1,0,0,13,0,0,0,0,1,0,6,2,0,2,3,0,1,0,8,0,2,3,7,0,6,0,3,0,0,0,3,0,0
"COG3968",28,15,37,4,96,8,9,2,19,47,39,9,6,14,43,13,3,3,6,6,12,101,17,5,8,6,19,8,7,15,12,36,5,14,19,35,35,18,16,17,9,7,18,14,5,24,44,15,6,3,8,13,10,6,11,9,9,6,39,4,10,2,30,5,7,26,12,5,3,181,10,9,11,14,24,5,10,9,9,5,6,22,22,9,3,54,16,135,3,11,5,13,36,10,23,11,14,11,15,9
"COG3969",0,0,0,1,1,1,5,2,2,0,1,1,3,1,1,2,1,1,0,0,1,0,1,1,3,0,3,1,0,0,0,1,1,0,11,0,1,2,1,1,0,4,0,4,0,0,6,2,1,2,0,0,1,0,1,2,1,0,0,2,0,1,0,1,1,4,6,0,0,4,1,0,0,8,2,1,4,0,2,4,4,0,1,0,2,1,3,5,4,0,1,0,1,1,1,6,1,3,1,2
"COG3970",12,18,27,21,9,11,23,34,36,13,13,10,42,13,7,27,6,15,18,29,23,8,63,22,18,12,21,42,31,9,6,13,15,35,35,42,9,9,23,49,20,27,31,14,23,15,20,16,21,11,10,24,44,9,16,15,27,22,11,8,20,25,13,16,30,16,28,17,7,0,18,24,20,22,21,25,16,23,9,19,31,31,22,13,40,18,23,2,8,29,11,25,21,23,14,26,25,13,12,10
"COG3971",64,72,85,134,182,47,107,154,227,158,55,107,144,136,165,139,247,105,148,119,134,131,170,116,105,103,123,94,135,107,124,169,129,166,136,90,41,118,109,207,68,98,77,145,100,171,52,122,152,92,136,114,112,165,104,109,122,126,67,111,82,86,70,166,97,37,114,113,88,87,96,111,228,142,112,92,168,115,72,108,130,96,193,118,103,81,109,152,109,84,112,83,133,116,150,167,54,126,88,120
"COG3972",1,0,5,0,0,0,0,0,0,0,0,0,13,1,0,0,86,1,0,0,1,0,14,0,0,0,0,0,1,0,1,0,0,4,0,2,0,0,0,0,1,0,2,5,0,0,1,18,0,0,0,1,0,1,1,1,8,1,4,1,1,1,3,0,0,0,1,0,4,0,0,0,0,0,0,0,0,0,0,0,0,0,0,0,1,0,0,0,0,3,0,0,2,1,3,3,9,0,0,1
"COG3973",70,95,1,15,0,79,7,2,10,4,75,7,35,8,0,3,4,9,3,89,14,0,22,15,33,8,0,65,9,7,60,6,17,17,22,28,68,16,3,23,105,23,58,0,99,15,88,8,25,1,5,1,40,0,24,26,29,11,62,11,88,87,5,11,40,81,8,10,26,0,88,25,7,0,6,24,7,85,49,10,14,12,1,14,11,78,18,2,3,79,10,89,10,16,1,12,0,9,17,2
"COG3975",100,47,102,37,99,44,54,16,35,38,129,76,44,50,72,16,172,24,12,31,42,54,65,61,55,14,48,37,20,62,102,44,11,56,54,85,83,35,25,22,21,26,94,58,38,41,42,56,39,41,33,67,25,19,53,38,18,23,62,22,55,21,105,21,8,60,32,36,37,12,42,40,27,39,54,56,41,38,36,80,22,66,33,37,16,87,64,61,17,58,30,37,88,41,43,116,62,61,61,54
"COG3976",3,0,0,0,0,0,1,0,0,0,0,0,0,0,0,0,0,0,0,0,0,0,0,0,1,0,0,1,0,0,0,0,0,0,6,4,0,0,0,0,0,0,8,0,0,0,0,1,0,0,0,1,0,0,0,1,0,0,0,0,1,0,0,0,0,0,0,0,0,0,0,0,0,0,0,0,0,2,0,0,0,0,0,0,0,3,0,0,0,1,0,0,0,0,0,0,0,0,0,0
"COG3977",11,39,22,4,54,41,9,5,15,1,9,1,9,2,22,6,12,2,6,21,7,36,32,6,8,4,8,9,4,5,12,4,2,14,7,6,31,1,2,5,37,4,11,8,18,2,31,4,4,1,0,2,16,5,4,5,2,2,25,3,21,24,6,3,15,52,4,2,3,80,18,1,8,13,19,4,5,21,6,9,3,2,2,2,4,10,11,10,3,10,0,11,7,5,6,11,3,7,2,1
"COG3978",0,0,0,0,0,0,0,0,0,0,1,0,0,0,9,0,0,0,0,0,0,0,2,0,0,0,0,0,0,0,1,0,0,0,0,0,0,0,0,0,0,0,0,0,0,0,0,0,0,0,0,0,0,0,0,0,0,0,1,0,0,1,0,0,0,0,0,0,0,0,0,0,0,0,0,0,0,0,0,0,0,0,0,0,0,0,0,0,0,0,0,0,0,0,0,0,1,0,1,0
"COG3979",181,154,79,119,64,77,86,36,34,40,146,275,164,130,98,90,222,193,51,67,174,17,318,113,125,153,81,257,141,148,181,118,150,223,359,64,133,118,131,233,156,95,130,65,146,134,81,225,176,279,132,79,119,24,130,145,147,60,65,93,78,95,118,75,71,72,81,74,188,26,86,128,29,58,38,69,18,70,160,86,142,200,38,142,92,60,54,18,96,84,175,65,113,97,24,25,90,48,126,53
"COG3980",80,46,44,21,26,78,25,20,18,17,75,17,75,24,30,15,116,22,15,61,24,36,69,15,64,18,33,39,19,27,76,28,20,65,32,65,91,11,16,40,49,29,39,24,60,17,82,59,26,31,13,25,32,16,16,39,32,12,44,14,34,37,24,10,81,48,16,13,13,24,46,24,9,10,14,6,5,44,8,8,19,19,8,10,17,33,4,7,24,31,16,32,28,16,7,26,12,16,20,5
"COG3981",2,2,2,0,1,3,2,0,0,0,1,1,6,0,0,2,25,0,1,3,1,0,11,0,3,0,0,0,0,2,12,0,0,2,3,0,3,0,2,2,0,0,0,0,4,0,0,3,2,0,4,0,3,0,1,0,1,0,1,0,1,1,3,0,1,3,1,0,2,0,3,0,0,0,1,0,0,0,0,0,0,0,0,1,0,1,0,1,0,3,0,0,1,0,1,0,2,0,0,0
"COG4001",0,0,0,0,0,1,0,0,0,0,0,0,0,0,0,0,0,0,0,0,0,0,1,0,0,0,0,0,0,0,0,0,0,0,0,0,0,0,0,0,0,0,0,0,0,0,0,0,0,0,0,0,0,0,0,0,0,0,0,0,0,0,0,0,0,0,0,0,0,0,0,0,0,0,0,0,0,0,0,0,0,0,0,0,0,0,0,0,0,0,0,0,0,0,0,0,0,0,0,0
"COG4006",0,0,0,0,0,0,0,0,0,0,1,0,0,0,0,0,0,0,0,1,0,0,0,0,0,0,0,0,0,0,0,0,0,0,0,0,2,0,0,0,0,0,0,0,0,0,0,0,0,0,0,0,1,0,0,0,0,0,0,0,0,0,0,0,0,1,0,0,0,0,0,0,0,0,0,0,0,0,0,0,0,0,0,0,0,0,0,0,0,0,0,0,0,0,0,0,0,0,0,0
"COG4012",0,6,1,0,0,0,0,0,0,0,16,0,4,0,0,0,0,0,0,1,0,0,2,1,0,0,0,4,0,0,1,0,0,0,0,0,11,0,0,0,0,0,0,0,0,0,14,0,0,0,0,0,1,0,0,0,0,0,10,0,0,1,0,0,2,14,0,0,0,0,2,0,0,0,0,0,0,0,0,0,0,0,0,0,0,0,0,0,0,0,0,0,1,0,0,0,0,0,0,0
"COG4021",1,0,0,0,0,3,0,0,0,0,1,0,0,1,0,0,1,1,0,1,1,1,21,0,1,0,0,0,0,1,2,0,0,0,1,0,1,0,1,0,1,0,0,0,1,0,0,0,0,0,1,0,0,0,0,0,0,0,0,0,0,1,0,0,1,2,1,1,0,0,2,0,0,0,0,0,1,0,0,0,0,1,0,0,0,0,0,0,1,1,0,0,0,0,0,0,0,0,0,0
"COG4032",68,80,24,39,44,66,39,40,42,28,93,22,90,40,41,38,10,52,47,95,55,52,92,47,59,34,45,97,39,31,57,35,53,83,56,74,82,36,39,117,59,38,63,43,90,40,95,19,61,34,34,34,89,48,39,44,75,53,101,42,88,79,43,37,110,96,27,50,31,57,95,52,44,42,35,33,41,107,23,49,68,50,38,50,66,106,30,27,48,67,51,122,40,46,39,29,27,36,39,46
"COG4034",0,0,0,0,0,0,0,2,2,0,0,0,7,0,0,1,0,0,0,0,1,0,1,0,0,2,0,0,6,0,0,1,0,1,2,0,0,1,1,0,0,1,0,0,0,1,0,0,2,2,2,0,0,0,1,0,0,1,0,1,0,0,0,3,3,0,1,0,1,0,0,7,0,1,0,2,1,0,0,0,4,1,0,2,7,0,0,0,2,0,0,0,0,2,0,3,0,0,1,2
"COG4043",0,0,0,0,0,0,1,0,2,0,0,0,0,0,0,2,0,0,1,0,0,1,0,0,0,0,0,0,0,0,0,0,0,1,0,1,0,0,1,0,0,0,0,0,0,0,0,0,0,0,0,0,0,0,0,0,1,0,0,0,0,0,0,0,0,1,3,0,1,0,0,0,0,0,1,0,1,0,0,1,1,0,0,0,0,0,1,1,1,1,0,0,0,1,0,0,0,1,0,0
"COG4044",0,0,0,0,0,0,0,0,0,0,0,0,0,0,0,0,0,0,0,0,0,0,0,0,0,0,0,0,0,0,0,0,0,0,0,0,0,0,0,2,0,0,0,0,0,0,0,0,1,0,0,0,1,0,0,0,0,0,0,0,0,0,0,0,1,0,0,0,0,0,0,0,0,0,0,3,0,0,0,0,0,0,0,0,0,0,0,0,0,0,0,0,0,0,0,0,0,0,1,0
"COG4046",109,17,0,0,0,147,0,0,1,0,29,0,44,3,0,0,4,1,0,107,11,0,14,1,38,0,0,85,0,1,51,5,0,27,3,91,11,6,0,18,107,0,41,0,75,10,5,0,26,0,1,1,47,0,12,1,0,0,36,0,117,99,0,0,128,5,0,0,39,0,130,23,0,0,0,0,0,131,2,0,40,3,0,2,41,106,0,7,0,86,0,127,0,0,1,0,0,13,11,0
"COG4063",0,1,0,0,0,0,0,0,0,0,1,0,0,0,1,0,0,0,0,1,0,0,0,0,0,0,0,2,0,0,0,1,0,0,0,0,0,0,0,0,0,0,0,0,0,0,1,0,1,0,0,0,0,0,0,0,0,0,1,0,0,6,0,0,0,0,1,0,0,0,0,0,0,0,0,0,0,0,0,0,0,0,0,0,0,0,0,1,0,0,0,0,0,0,0,0,0,0,1,0
"COG4067",66,28,26,15,6,26,27,19,43,61,18,36,27,42,29,22,74,18,14,24,18,2,63,15,23,37,22,37,20,21,79,23,20,26,37,50,17,35,31,20,27,9,86,24,32,26,8,64,26,39,32,33,33,18,12,38,33,40,21,31,27,15,37,29,9,14,26,23,58,0,28,22,26,33,15,31,18,56,44,12,30,25,34,32,27,38,55,26,23,45,71,19,20,28,49,67,12,17,17,31
"COG4083",5,4,3,7,22,8,6,5,0,0,1,29,5,17,0,3,3,13,2,0,6,0,6,7,2,13,8,7,8,15,2,27,8,10,15,0,1,14,11,18,14,5,2,4,8,24,6,9,17,20,19,14,9,0,28,9,4,10,4,5,2,12,13,1,1,1,4,10,14,0,2,15,6,11,2,9,1,7,27,7,8,12,0,8,2,0,6,0,5,4,17,6,24,8,7,1,9,3,26,7
"COG4085",2,26,0,0,0,12,0,0,0,0,1,0,0,1,0,0,0,0,0,1,1,0,0,0,2,1,0,0,1,1,2,1,0,1,1,3,13,0,2,0,11,1,1,0,7,0,25,0,0,1,0,1,0,0,1,0,0,0,39,0,2,4,0,0,0,10,1,2,0,0,2,0,1,0,1,0,0,2,0,0,1,1,0,0,0,2,0,3,0,3,0,1,1,1,0,0,0,1,0,0
"COG4087",0,0,0,0,0,0,0,0,0,0,0,0,0,0,2,0,0,0,0,0,0,0,0,0,0,0,0,0,0,0,0,0,0,0,0,0,6,0,0,0,1,0,1,0,0,0,0,0,0,1,0,0,1,0,0,0,0,0,0,0,0,0,0,0,0,0,0,0,0,0,1,0,0,0,0,0,0,0,0,0,0,0,0,0,0,1,0,0,0,0,0,0,0,0,0,0,0,0,0,0
"COG4088",0,0,0,0,1,0,0,0,0,1,0,0,0,1,0,0,0,3,0,0,2,0,0,1,0,1,0,0,0,0,0,2,1,0,4,0,0,0,0,0,0,0,0,0,0,1,0,0,1,0,0,1,0,1,3,0,0,0,0,0,0,0,1,1,0,0,0,0,0,0,0,2,0,0,0,3,3,0,4,1,1,5,0,0,1,0,0,1,0,0,0,0,7,1,0,0,1,2,3,1
"COG4091",32,17,24,93,43,24,60,115,77,162,31,64,64,67,27,91,6,83,85,72,48,36,57,72,60,77,69,60,62,63,34,64,65,32,45,63,25,53,115,76,36,104,50,71,55,45,25,22,92,78,89,82,57,79,36,80,72,108,39,97,76,70,43,77,39,38,76,90,74,30,56,80,74,98,50,108,75,48,92,75,75,75,73,73,61,63,119,46,65,28,126,62,68,57,111,84,33,33,23,106
"COG4092",0,0,0,0,0,0,1,0,0,0,0,0,0,0,0,0,1,0,2,0,0,0,1,0,0,0,0,1,0,0,0,0,0,0,0,0,0,0,0,0,0,0,0,0,0,0,0,0,0,0,0,1,0,0,0,0,0,0,0,0,0,0,0,0,0,0,0,0,0,0,0,0,0,1,0,0,0,0,0,0,0,0,0,0,0,0,0,0,0,0,0,0,0,0,0,0,0,0,0,0
"COG4093",0,0,1,0,1,2,0,0,0,1,0,0,0,0,2,0,0,0,0,0,0,0,0,0,2,0,0,0,0,0,6,0,0,0,1,3,0,0,0,0,0,0,11,0,0,0,0,1,0,0,0,0,0,1,0,0,0,0,0,0,1,0,0,0,0,0,1,0,0,0,1,0,0,0,1,0,0,0,0,0,0,0,0,0,1,2,0,0,2,2,0,0,0,1,0,2,0,0,0,0
"COG4094",12,52,112,22,1,34,83,62,31,11,39,18,6,51,13,61,7,57,15,15,80,1,9,20,32,38,36,17,53,56,11,26,39,17,28,29,49,45,57,17,31,90,33,26,19,28,83,68,9,16,3,58,16,22,79,37,6,51,52,45,19,15,121,75,4,60,54,49,6,0,13,21,47,32,80,62,62,15,18,58,7,47,29,17,8,21,36,20,25,29,2,11,27,43,22,57,155,96,102,34
"COG4095",8,7,45,3,4,4,1,3,10,9,6,5,1,20,17,4,0,5,6,9,20,11,4,6,2,15,21,3,21,29,10,27,24,3,6,5,6,18,5,8,6,0,4,13,7,18,10,28,11,8,3,15,6,5,30,7,3,5,4,7,7,9,45,14,4,2,4,4,6,11,4,10,18,19,13,7,9,8,14,11,10,3,10,8,6,2,7,19,4,14,6,5,16,19,7,8,57,37,26,14
"COG4096",100,37,92,38,42,44,56,48,27,34,42,45,69,43,102,43,389,31,49,73,34,39,123,23,78,33,46,49,31,59,105,31,58,100,66,69,81,28,58,22,39,47,103,51,64,38,53,150,28,59,48,49,25,47,33,51,75,41,52,38,48,45,83,32,51,63,47,36,40,26,30,32,18,42,49,29,35,70,45,40,38,35,27,32,50,62,66,32,44,64,42,42,62,45,40,33,60,34,42,54
"COG4097",10,4,17,0,1,5,11,0,0,0,0,5,5,3,1,2,6,0,0,4,2,1,14,1,7,2,0,3,0,6,16,0,0,5,29,21,0,0,2,2,1,0,37,1,4,2,1,13,3,0,4,2,3,0,0,6,3,3,9,2,6,2,11,0,1,0,6,0,3,1,6,4,0,2,2,1,1,29,2,2,2,1,0,1,2,6,1,1,4,10,2,1,2,3,2,4,1,2,0,2
"COG4099",66,86,52,28,46,70,19,13,30,51,71,55,92,53,44,28,35,38,26,59,62,26,142,27,50,25,51,80,43,53,50,57,26,149,78,58,39,51,29,96,90,27,47,60,82,63,56,55,69,48,49,40,98,27,50,68,19,14,65,35,93,70,52,41,30,45,25,45,53,5,76,50,31,39,26,36,18,55,39,23,44,71,31,46,30,85,46,56,29,92,44,71,73,44,36,54,30,47,67,35
"COG4100",1,2,164,26,0,1,208,193,41,6,0,39,0,82,27,172,2,142,72,19,140,0,0,30,81,106,46,0,114,57,2,49,67,21,47,38,0,68,146,24,1,227,0,41,0,45,5,135,19,19,8,76,14,35,152,94,4,149,0,135,0,1,147,86,0,0,146,138,11,0,3,45,87,43,240,161,120,0,30,101,12,117,51,29,23,0,90,4,73,11,2,1,33,109,25,79,188,116,141,52
"COG4101",15,6,4,6,18,12,4,4,8,7,5,10,29,5,1,8,7,4,12,26,10,3,36,2,10,13,9,32,3,8,12,10,6,24,26,8,0,6,4,43,21,13,23,9,21,22,2,14,16,10,15,8,41,9,14,18,13,7,7,9,26,18,13,8,14,2,4,3,12,0,23,22,14,11,11,13,9,14,14,6,17,29,4,26,33,17,3,3,6,16,11,19,10,7,8,7,9,11,15,6
"COG4102",153,186,102,165,213,130,100,82,158,145,81,122,258,129,132,136,57,147,137,292,179,221,334,154,145,97,133,246,153,114,160,176,91,258,293,114,95,117,83,286,183,101,228,104,205,145,137,82,154,89,150,109,264,156,94,117,138,95,103,99,230,237,66,140,115,105,71,91,136,213,223,142,157,162,88,137,124,277,85,144,175,171,134,124,247,292,161,174,117,165,129,272,137,120,197,166,67,89,118,140
"COG4103",33,27,32,45,47,27,39,49,50,37,38,38,26,41,44,50,47,30,47,24,41,64,44,27,26,34,50,36,50,27,37,27,35,48,19,25,35,29,28,28,37,29,45,43,43,31,34,32,36,40,45,34,21,69,35,23,36,31,35,33,29,32,36,40,31,24,33,28,34,19,25,40,56,49,23,31,46,27,24,33,33,29,41,27,23,24,39,37,32,28,30,32,42,30,36,42,25,28,32,26
"COG4104",3,0,10,6,2,2,2,1,5,1,1,1,1,4,2,0,6,4,3,1,0,5,4,10,1,7,2,1,13,4,1,1,0,2,6,0,0,5,3,2,1,5,3,0,0,0,0,2,2,2,3,3,3,2,1,0,0,3,1,4,2,1,8,7,0,0,5,3,1,1,0,1,5,5,2,2,0,4,6,9,3,4,2,0,6,6,3,2,0,2,1,0,7,1,1,2,3,2,1,0
"COG4105",149,201,101,268,255,181,180,226,268,309,196,206,223,212,260,218,115,192,292,185,185,237,145,232,177,252,228,182,199,235,153,240,238,174,151,175,180,214,208,169,217,157,128,257,195,201,205,133,251,269,300,187,187,313,185,206,265,215,154,228,178,166,116,248,196,216,193,209,199,297,172,239,257,217,160,157,225,161,168,213,238,142,265,246,196,162,207,209,259,137,249,192,200,215,224,209,130,200,146,212
"COG4106",2,4,3,2,0,2,6,0,4,2,3,2,8,3,4,2,2,3,2,11,6,0,13,1,7,0,2,8,1,1,1,1,0,7,10,2,6,2,0,11,5,3,7,1,10,1,6,1,1,2,5,3,15,2,3,1,9,4,3,2,12,15,2,2,5,6,2,3,1,0,11,7,2,0,2,2,3,9,2,1,3,3,5,6,14,11,3,4,2,4,0,15,2,4,0,11,1,3,1,0
"COG4107",2,1,2,1,0,0,2,1,104,108,0,0,0,8,0,2,1,1,3,0,1,2,2,1,1,1,0,0,41,1,9,2,0,2,7,0,0,5,0,2,0,7,8,0,0,2,0,2,2,0,0,0,1,2,1,30,1,1,0,2,0,0,4,34,0,0,2,0,0,1,0,25,10,0,3,0,1,2,1,0,0,1,86,0,1,2,1,3,1,2,0,1,1,0,76,62,1,1,1,1
"COG4108",103,115,317,96,219,100,304,237,120,81,43,101,60,135,174,230,177,207,125,71,201,260,122,90,169,157,127,52,174,146,142,142,125,149,126,144,62,131,225,108,73,325,142,159,79,134,97,245,82,84,42,144,46,101,222,128,84,196,81,179,71,61,337,139,31,68,221,194,55,243,71,113,180,116,408,174,205,97,98,171,47,204,138,73,58,108,124,274,77,84,36,47,137,169,124,182,412,259,253,151
"COG4110",1,1,1,0,0,0,0,0,0,0,0,0,2,0,2,0,3,0,1,2,0,0,3,0,5,1,0,0,1,0,9,0,0,5,3,4,1,0,0,1,0,0,7,0,2,0,2,18,0,0,0,0,0,0,0,0,2,0,1,0,10,2,0,0,0,0,1,0,0,0,0,0,0,0,1,0,2,3,0,0,0,0,0,0,0,4,1,0,0,2,0,0,0,0,2,0,0,1,0,0
"COG4111",3,0,5,1,1,0,1,0,0,2,0,3,4,0,0,2,1,0,2,1,2,1,6,0,2,0,1,1,0,0,5,0,1,1,2,0,0,0,1,3,2,0,11,0,0,0,1,0,2,0,2,0,1,3,0,0,4,0,1,0,13,0,3,0,0,0,3,0,0,0,2,0,1,1,0,1,0,2,0,2,3,0,0,0,2,3,0,0,0,1,1,0,2,1,2,2,0,0,0,0
"COG4112",4,1,0,0,0,0,0,0,1,0,1,1,7,0,1,0,26,0,0,2,1,1,6,1,2,1,2,2,1,3,0,1,0,9,1,2,3,1,1,1,0,0,1,3,0,0,3,6,1,1,0,3,3,0,1,1,0,0,1,1,0,2,1,1,1,2,0,0,0,0,3,2,0,5,0,1,1,2,0,2,0,0,0,0,0,1,1,3,0,1,0,2,9,1,0,1,1,1,1,0
"COG4113",1,0,0,0,0,0,0,0,0,0,0,0,0,0,1,0,0,0,0,1,0,0,1,0,0,0,0,0,0,0,0,0,0,2,0,0,3,0,0,1,1,0,0,0,0,0,0,1,0,0,0,1,0,0,0,0,0,0,0,0,0,0,0,0,0,1,0,0,0,0,1,0,0,0,1,1,0,0,0,0,0,1,0,0,0,1,0,0,0,0,0,0,0,0,0,0,2,0,0,0
"COG4114",6,0,1,0,0,0,0,0,0,0,0,0,0,0,1,0,0,0,0,0,0,0,1,0,2,0,0,0,0,0,2,0,1,0,2,0,0,0,0,0,0,0,1,0,0,0,0,3,0,2,0,0,0,0,0,0,0,0,3,0,0,1,0,0,0,0,4,0,1,0,0,0,0,0,0,0,0,1,0,0,0,0,0,0,1,3,1,0,0,0,0,1,0,0,0,1,1,0,0,0
"COG4115",3,1,1,1,1,1,1,0,4,1,4,1,2,1,3,0,18,0,1,2,2,1,4,0,4,0,0,2,1,3,4,1,2,3,3,7,5,0,0,1,1,1,5,0,2,1,0,7,0,2,0,1,2,2,0,1,0,0,2,0,10,3,2,0,1,3,1,0,2,1,2,0,0,0,1,1,0,2,0,2,0,0,2,0,0,6,1,4,1,1,0,4,0,1,5,7,0,1,2,0
"COG4117",11,0,6,0,1,10,1,0,1,0,5,0,1,0,2,1,1,0,2,12,1,1,5,0,1,0,0,4,0,0,7,0,1,2,2,19,1,1,0,2,7,1,13,0,4,1,2,4,2,0,0,3,5,0,0,0,3,0,4,0,9,8,4,1,2,4,0,0,0,0,8,0,0,0,0,0,1,7,0,0,1,0,0,1,0,14,1,0,0,12,0,6,3,2,0,1,2,0,1,0
"COG4118",0,1,0,0,0,0,0,0,0,0,0,0,1,1,0,0,0,0,0,0,0,0,0,0,0,0,0,0,0,0,0,0,0,0,0,0,0,0,0,0,0,0,0,0,0,0,1,0,0,0,0,0,0,0,1,0,0,0,0,0,0,0,0,0,0,1,0,0,0,0,0,0,0,0,0,1,0,1,0,0,0,0,0,0,0,0,0,0,0,0,0,1,0,0,0,2,0,0,0,0
"COG4119",1,0,0,2,0,0,0,0,2,1,0,1,2,0,0,0,0,0,0,1,1,0,0,1,0,0,0,0,0,2,0,0,1,0,4,3,0,0,0,1,0,0,2,3,0,0,0,0,0,1,0,0,0,0,0,0,0,0,0,0,0,0,0,1,0,0,0,0,0,0,2,0,0,0,0,2,0,0,0,0,0,2,2,1,0,4,3,0,0,2,0,3,0,0,0,0,2,0,0,0
"COG4120",0,0,4,0,0,0,0,0,0,0,2,0,0,0,1,0,3,0,0,0,0,0,5,0,2,0,0,0,0,0,1,1,0,1,0,1,2,0,0,0,0,0,4,0,1,0,1,1,0,0,0,0,0,0,0,1,0,1,3,0,10,0,1,0,0,4,0,0,0,1,1,0,0,1,2,0,3,6,1,0,0,0,0,0,0,1,0,0,2,0,0,0,2,0,0,0,2,0,0,0
"COG4121",64,32,207,100,144,45,142,161,113,64,14,99,56,106,109,128,176,124,87,42,127,170,78,87,131,96,108,37,110,105,125,102,88,93,91,46,24,97,116,61,51,131,84,135,60,76,15,196,62,67,50,100,26,78,132,83,54,103,32,103,49,37,195,108,27,10,124,106,45,148,42,60,115,112,205,93,160,65,60,102,33,85,81,57,31,44,122,141,59,42,40,38,95,83,107,112,230,135,156,110
"COG4122",146,115,61,137,121,160,97,126,131,160,99,136,108,117,132,127,10,126,178,190,103,75,66,127,124,136,177,138,132,119,101,132,133,71,95,174,84,154,128,110,153,87,94,132,143,156,119,77,160,138,200,112,138,157,92,136,151,138,79,140,177,167,75,160,158,108,136,153,108,67,191,161,144,130,76,95,127,133,153,136,165,75,154,172,133,165,144,120,206,154,192,185,134,151,109,134,58,109,108,161
"COG4123",34,21,30,34,66,17,21,20,53,23,27,26,18,26,67,17,101,16,23,12,34,104,51,29,28,20,30,12,31,34,55,21,18,49,16,23,18,18,16,24,9,13,33,49,17,18,15,37,20,12,17,25,10,34,14,19,18,17,18,10,14,17,32,22,10,22,26,25,12,62,24,24,38,37,25,31,31,19,10,18,17,18,23,31,15,36,17,69,10,13,15,20,29,13,33,37,24,19,16,35
"COG4124",25,7,4,0,1,8,0,0,0,1,2,1,1,0,3,2,0,0,5,3,0,1,7,0,6,0,3,8,3,8,10,0,2,2,0,42,1,0,0,1,14,1,6,2,3,0,2,5,1,7,2,2,0,2,0,1,0,3,4,1,9,1,6,4,1,1,0,0,4,0,3,0,1,0,2,0,1,4,1,1,0,0,2,0,1,45,0,2,1,10,4,8,13,7,1,0,3,0,5,1
"COG4125",4,2,0,0,0,0,0,0,0,0,0,0,0,0,2,0,1,0,0,0,0,0,8,0,0,0,0,0,0,0,7,0,1,2,0,0,0,0,0,0,0,1,15,0,0,0,0,1,0,0,0,0,0,0,0,0,0,0,1,0,6,0,2,0,0,0,2,1,1,0,1,0,1,0,0,0,2,4,0,0,0,0,0,0,0,3,0,0,0,2,0,0,2,1,0,1,0,1,0,0
"COG4126",53,44,22,51,30,61,37,45,44,19,47,24,24,24,15,30,4,22,25,47,30,43,33,27,29,33,24,44,22,17,37,17,19,43,22,41,33,14,23,46,55,33,46,26,50,17,48,36,29,8,14,16,22,44,22,20,21,29,53,29,44,61,22,21,14,33,25,30,11,9,41,28,38,17,44,36,51,58,8,20,9,24,21,22,5,66,25,29,6,51,6,46,19,19,40,47,14,28,19,28
"COG4127",3,2,2,4,1,3,1,0,0,1,3,1,3,2,0,0,1,1,2,1,2,0,3,3,3,9,2,5,1,6,1,0,3,6,3,2,1,2,1,2,4,0,2,1,3,3,0,7,2,4,9,0,5,0,3,4,7,1,0,2,1,2,3,1,8,0,7,1,9,0,4,5,0,3,4,3,0,1,10,10,5,9,3,8,5,2,4,2,3,7,6,7,2,1,0,0,3,1,5,4
"COG4128",1,0,4,0,0,1,0,0,1,0,0,1,0,0,112,0,1,0,0,0,0,0,8,0,1,0,0,0,0,0,6,0,0,6,1,0,0,0,0,1,1,0,5,0,1,0,0,4,2,0,0,1,0,0,2,0,0,0,2,0,0,0,0,0,0,0,0,0,2,0,0,0,0,0,0,0,0,2,1,0,0,0,0,0,1,2,0,0,0,1,1,0,0,0,0,0,0,0,3,0
"COG4130",3,0,1,1,14,3,2,0,0,0,3,4,2,2,0,1,2,1,1,4,2,2,1,3,2,3,11,1,0,1,5,5,2,4,1,1,3,2,3,1,1,0,0,3,4,3,1,0,3,1,4,1,1,0,5,3,7,2,3,2,4,2,1,0,1,1,0,0,0,0,3,3,2,7,1,1,4,2,2,3,5,2,0,1,4,0,3,4,0,2,2,5,2,7,0,1,1,2,2,6
"COG4132",0,0,0,0,0,0,2,0,0,0,0,0,0,0,0,0,5,0,0,0,0,0,7,0,3,0,0,0,0,0,0,0,0,0,8,1,0,0,0,0,0,0,20,0,0,0,0,1,0,0,0,0,0,0,0,1,0,0,1,0,0,0,0,0,0,0,2,0,0,0,0,0,0,0,0,0,0,4,0,0,0,0,0,0,1,2,1,0,2,1,0,0,0,0,0,0,1,0,0,0
"COG4133",35,29,41,76,68,38,38,50,54,54,27,41,27,36,52,38,61,31,69,22,33,57,29,41,43,42,41,30,56,60,44,41,53,51,34,28,17,37,36,52,39,40,44,69,21,44,29,44,40,50,88,69,32,108,50,50,76,70,41,58,54,50,37,74,42,34,61,54,55,77,36,52,88,71,55,53,73,51,53,64,55,29,78,75,42,34,71,125,59,47,76,35,74,59,80,73,34,52,53,71
"COG4134",20,14,10,35,26,14,28,30,69,43,2,19,6,22,30,35,50,10,27,14,16,19,22,18,33,17,20,7,17,15,22,10,11,21,15,14,2,6,17,19,6,22,29,24,14,11,9,15,12,13,7,8,14,32,12,25,18,19,12,16,10,11,7,15,1,5,26,10,12,10,14,12,22,19,40,20,21,14,8,14,8,10,34,9,4,14,21,20,8,7,6,9,21,8,28,33,15,10,10,16
"COG4135",10,8,6,21,22,10,8,30,45,14,1,10,6,21,25,15,35,3,15,2,8,5,13,16,34,5,16,4,9,11,26,13,5,11,15,3,3,11,11,5,0,17,23,23,9,9,1,8,8,5,9,11,6,25,11,9,12,33,11,13,11,13,21,11,3,1,16,16,17,10,11,13,30,13,30,27,27,12,7,21,8,7,27,13,2,13,25,12,9,17,7,7,16,14,33,26,7,8,11,18
"COG4136",5,4,4,13,9,2,4,13,12,3,2,7,4,8,8,1,24,2,6,3,1,5,5,5,10,2,10,1,0,4,14,3,2,7,7,2,3,0,2,4,1,4,10,4,8,1,1,2,0,3,0,0,2,4,4,3,3,11,5,4,4,7,4,1,1,1,8,3,9,2,7,2,5,5,7,9,3,5,0,8,1,2,2,1,1,12,8,0,4,3,0,0,2,3,12,12,5,4,4,7
"COG4137",33,33,29,10,56,58,24,4,21,9,13,16,20,24,28,8,102,2,13,23,13,49,38,18,32,6,17,10,17,5,69,14,9,27,17,8,30,12,5,7,38,7,41,9,37,18,26,32,16,8,19,13,10,15,13,7,12,7,23,11,24,24,19,15,8,33,14,3,14,97,13,20,13,8,16,8,13,26,7,11,13,8,16,7,11,15,5,31,10,9,12,18,7,10,9,13,2,15,11,8
"COG4138",7,1,1,0,0,3,2,0,0,0,1,0,10,0,6,0,78,0,0,0,2,0,11,0,5,0,0,1,1,0,18,0,0,9,3,0,1,0,0,0,2,0,14,0,5,0,0,17,1,0,0,0,1,0,1,1,3,0,5,0,0,1,3,0,0,0,0,0,0,0,3,0,3,1,2,0,0,1,5,0,0,1,0,0,0,0,1,0,0,1,0,2,2,0,2,0,1,1,1,0
"COG4139",0,0,0,0,0,0,0,0,0,0,0,0,0,0,1,0,3,0,0,0,0,0,8,0,0,0,0,0,0,0,0,0,0,0,0,0,0,0,0,0,0,0,0,0,0,0,0,0,0,0,0,0,0,0,0,0,0,0,0,0,0,0,0,0,0,0,0,0,0,0,0,0,0,0,0,0,0,0,0,0,0,0,0,0,0,0,0,0,0,0,0,0,0,0,0,0,0,0,0,0
"COG4143",62,33,31,71,68,53,40,25,57,21,43,64,41,42,54,47,10,32,30,48,32,56,39,70,46,45,57,53,48,87,41,64,44,34,22,35,62,43,45,64,73,58,40,49,87,79,63,17,67,64,46,45,45,29,55,50,52,50,45,59,69,58,42,44,41,62,36,49,37,35,66,39,59,64,44,66,40,65,54,57,44,42,51,42,23,69,44,39,29,61,52,52,63,45,45,42,44,41,43,56
"COG4145",36,53,23,26,35,32,30,10,34,15,97,30,78,22,22,20,34,37,9,46,38,26,76,35,38,29,19,84,27,19,29,15,40,92,66,25,86,28,16,76,50,34,36,17,53,21,45,58,46,7,31,25,58,12,39,34,23,16,72,30,48,41,27,25,24,78,20,32,39,32,39,46,39,12,47,27,30,44,30,33,24,75,12,28,19,29,22,49,10,47,10,49,16,35,17,29,18,20,36,9
"COG4146",209,279,166,183,274,224,122,116,146,339,469,254,171,255,242,167,469,141,183,127,147,288,209,172,208,160,260,196,264,242,246,264,196,262,215,183,348,209,150,154,231,123,171,277,240,237,283,259,239,363,308,170,169,189,166,223,289,122,388,160,208,171,128,190,162,301,127,135,350,228,202,189,182,215,164,137,83,167,162,165,242,144,253,209,163,214,200,335,184,202,266,192,242,179,288,228,142,142,203,188
"COG4147",105,119,105,295,265,116,226,229,227,335,58,261,141,257,262,293,165,251,289,92,165,253,140,319,184,275,301,156,246,247,91,260,251,140,187,114,46,279,293,132,96,227,100,261,105,240,74,119,244,293,438,320,231,449,255,371,341,392,97,381,156,165,161,360,269,81,361,411,559,489,130,420,355,368,210,297,354,133,342,354,393,441,402,398,473,144,399,201,495,190,416,105,320,327,505,385,137,296,231,439
"COG4148",59,49,50,29,57,65,27,34,38,23,22,19,52,26,45,16,170,12,18,62,35,75,93,15,53,17,17,61,18,15,69,28,14,73,60,35,32,12,16,65,67,17,68,24,65,24,46,66,21,7,7,14,48,14,16,12,30,28,31,24,42,58,34,25,31,32,24,25,19,101,50,28,36,17,35,13,29,59,12,21,23,16,24,18,29,42,17,56,13,43,7,43,31,26,30,19,12,19,19,11
"COG4149",51,66,21,24,39,75,25,22,32,13,30,15,44,18,28,15,101,16,14,49,38,45,58,19,33,14,11,39,22,13,69,17,15,53,42,50,41,13,17,41,36,20,50,21,46,22,51,42,24,11,12,16,43,11,19,20,36,18,38,13,49,53,24,21,30,38,25,16,13,41,45,16,25,16,33,26,25,52,21,22,26,26,19,19,29,46,11,50,11,43,16,52,27,22,19,33,21,12,14,7
"COG4150",4,2,3,1,0,0,9,0,0,0,0,3,0,0,2,0,8,0,0,3,2,0,10,0,1,0,0,3,0,1,16,0,0,1,5,6,1,0,0,0,0,1,7,3,2,0,2,10,0,0,0,1,2,0,2,0,4,0,5,1,0,3,5,0,1,0,1,0,1,0,3,1,1,0,7,0,0,11,1,0,0,2,0,0,1,1,2,0,1,1,0,4,0,0,1,0,0,2,1,0
"COG4152",33,27,37,10,54,23,36,11,14,26,15,36,18,27,54,21,7,20,22,10,25,56,23,13,19,20,33,16,23,42,21,27,17,28,37,79,19,23,19,19,20,5,53,24,14,43,14,26,18,40,24,25,11,27,20,29,19,16,24,9,20,13,27,26,9,21,18,17,10,56,34,29,17,18,29,13,14,22,24,12,18,14,22,18,13,49,24,91,19,39,14,17,72,17,21,40,23,19,35,28
"COG4154",19,10,15,31,19,21,23,32,44,35,10,9,13,25,21,34,0,30,46,19,19,24,12,41,20,40,31,20,27,17,10,36,15,14,23,27,12,26,26,19,18,24,19,18,21,39,18,8,12,18,32,26,5,51,15,30,12,33,17,35,23,22,8,31,14,10,22,14,17,18,15,19,45,34,25,24,25,21,13,23,39,14,44,25,28,25,16,18,38,13,23,30,12,21,43,28,5,26,10,30
"COG4158",2,4,6,0,9,1,3,2,8,0,2,4,6,4,1,1,0,2,3,3,4,6,3,3,1,7,4,5,3,2,0,8,6,2,4,4,3,4,9,3,7,4,5,7,2,5,1,4,5,3,1,6,2,4,3,1,1,1,2,10,3,1,3,3,6,2,1,5,5,0,2,2,3,7,2,8,5,4,4,4,7,2,0,2,3,1,2,0,0,4,2,5,1,9,2,8,5,3,2,3
"COG4160",78,70,30,94,75,65,60,72,97,88,56,87,62,73,88,56,9,89,101,73,38,70,49,97,70,80,89,62,75,65,54,79,92,25,43,70,60,90,79,52,69,53,60,75,77,84,86,22,87,84,105,54,64,106,56,78,78,101,62,71,80,77,23,102,93,91,64,73,68,80,63,84,104,71,37,77,74,76,92,69,88,50,105,102,91,72,54,53,126,74,114,80,61,81,89,56,18,66,51,80
"COG4161",0,0,0,0,0,0,0,0,0,0,0,0,0,0,2,0,1,0,0,0,0,0,10,0,0,0,0,0,0,0,0,0,0,0,0,0,0,0,0,0,0,0,0,0,0,0,0,0,0,0,0,0,0,0,0,0,0,0,0,0,0,0,0,0,0,0,0,0,0,0,0,0,0,0,0,0,0,0,0,0,0,0,0,0,0,0,0,0,0,0,0,0,0,0,0,0,0,0,0,0
"COG4166",262,319,232,247,291,242,166,224,255,189,230,214,289,217,210,232,80,184,236,252,281,287,393,231,173,263,285,289,220,248,256,227,218,377,310,213,224,190,196,354,285,224,259,280,346,239,309,199,253,216,266,302,303,237,231,223,308,225,279,218,337,299,180,236,250,252,258,170,205,135,225,226,206,272,179,220,163,273,203,216,235,263,216,290,261,251,215,313,142,285,183,264,250,224,252,217,160,205,186,216
"COG4167",16,3,1,0,1,5,4,0,2,0,6,6,4,4,16,0,86,0,0,0,3,1,17,0,18,1,0,1,0,0,31,0,2,12,6,0,1,0,0,0,3,0,14,3,7,1,1,14,0,0,0,1,1,0,4,0,5,0,6,1,0,3,5,0,0,1,1,1,13,0,3,1,0,0,1,2,0,7,1,0,1,2,0,0,2,2,1,0,1,2,1,3,1,3,9,0,0,3,1,0
"COG4168",0,0,0,0,0,0,0,0,0,0,0,0,0,0,3,0,5,0,0,0,0,0,4,0,0,0,0,0,1,0,0,0,0,0,0,0,0,0,0,0,0,0,0,0,0,0,0,0,0,0,0,0,0,0,0,0,0,0,0,0,0,0,0,0,0,0,0,0,0,0,0,0,0,0,0,0,0,0,0,0,0,0,0,0,0,0,0,0,0,0,0,0,0,0,0,0,0,0,0,0
"COG4170",18,3,1,0,1,7,5,0,1,0,8,13,10,8,17,0,71,0,0,1,1,0,25,0,13,0,0,1,0,0,48,0,0,17,14,0,2,0,0,0,6,0,19,4,8,0,1,17,0,0,1,0,2,0,2,0,6,0,7,2,1,7,5,0,1,1,1,1,5,0,3,0,4,0,2,0,0,4,0,2,0,0,0,0,1,3,2,0,3,0,0,6,1,0,5,0,1,6,3,0
"COG4171",13,4,3,0,0,10,0,0,2,0,5,6,6,2,9,0,83,0,0,2,4,1,21,0,11,0,0,1,0,0,24,0,1,16,6,1,1,0,0,1,2,0,23,2,9,0,1,14,1,0,0,1,0,1,3,0,9,0,1,2,1,9,1,0,1,0,2,0,5,0,6,0,0,2,0,1,0,2,1,1,0,1,0,0,0,3,3,1,0,0,0,5,1,5,6,0,3,3,3,0
"COG4172",88,121,144,188,196,79,139,206,185,160,70,148,104,125,172,149,43,158,169,107,114,232,104,152,95,187,212,133,144,183,94,186,143,172,90,102,78,120,155,148,108,160,113,228,122,162,114,129,164,135,145,190,96,193,142,84,152,191,106,151,124,111,121,127,110,78,152,150,121,113,104,134,164,216,142,161,154,123,113,138,133,125,160,144,97,113,162,220,139,109,134,109,152,126,221,163,124,133,120,188
"COG4174",56,99,77,66,48,87,76,58,75,32,96,53,97,57,70,58,26,74,74,83,69,51,127,60,70,66,58,101,63,57,81,54,57,137,113,43,81,56,61,109,103,75,93,76,100,66,87,87,86,65,68,72,82,61,63,65,83,54,102,79,89,83,84,62,45,70,74,78,45,15,87,64,47,90,68,79,61,103,55,60,68,66,51,65,56,79,70,76,34,85,59,95,81,75,55,63,51,46,75,71
"COG4175",274,316,82,391,428,340,197,216,360,313,166,308,302,334,361,236,24,311,328,362,203,284,166,375,243,304,323,266,269,223,215,401,328,116,173,269,271,364,251,248,333,254,225,232,361,408,276,79,354,244,453,229,250,285,259,300,277,292,222,294,368,380,90,327,366,290,233,260,371,421,382,350,379,307,142,302,347,233,385,314,371,229,381,339,393,285,241,297,422,306,365,324,172,252,375,250,87,290,204,293
"COG4176",461,523,114,634,620,562,354,380,577,540,290,529,530,507,572,427,10,501,503,605,303,448,218,630,384,564,509,482,450,388,294,611,589,177,263,387,410,592,416,348,543,385,269,419,522,594,356,126,538,418,662,386,480,430,378,532,477,455,309,470,590,638,144,518,562,491,438,434,622,516,525,604,576,459,258,465,529,408,671,517,649,407,600,511,649,384,387,396,658,495,601,561,262,438,599,421,140,469,310,514
"COG4177",633,805,358,679,445,672,602,646,737,546,646,566,574,589,440,649,191,665,714,670,547,460,410,702,549,635,604,603,547,500,521,606,623,331,523,489,841,631,668,619,791,654,641,508,711,601,830,381,636,497,603,589,625,681,560,656,540,699,704,657,689,723,349,600,520,912,649,607,637,279,687,610,651,563,589,617,660,718,680,632,572,644,661,608,705,585,640,413,674,649,730,700,492,647,662,528,283,574,531,626
"COG4178",0,13,282,45,11,4,243,207,55,19,1,90,4,130,32,214,5,196,81,23,204,10,10,61,80,166,62,5,176,125,2,87,143,28,81,47,1,118,162,21,0,287,3,77,2,60,13,197,35,48,11,145,16,54,209,115,13,137,1,171,2,1,266,148,8,0,163,150,10,8,4,67,98,86,277,214,179,2,76,121,17,167,72,65,31,3,108,21,77,16,4,3,98,184,41,126,377,205,218,103
"COG4181",65,60,62,112,124,58,54,89,113,151,37,64,51,50,68,84,90,66,159,40,48,132,65,91,75,61,63,71,65,70,81,63,66,96,51,52,32,66,72,54,45,88,82,80,66,66,53,60,77,43,67,61,40,170,52,53,63,84,58,69,75,70,45,77,41,36,69,76,68,130,55,51,75,70,73,63,66,83,37,84,76,69,64,71,57,63,77,62,117,69,86,67,52,71,80,86,50,54,57,50
"COG4185",5,0,4,0,0,3,2,0,0,0,3,0,4,0,2,0,24,0,0,3,1,0,4,0,2,2,2,1,0,0,0,0,0,4,0,14,0,2,0,0,1,0,2,2,3,0,1,5,1,1,0,0,2,0,0,3,0,0,6,0,1,0,0,0,0,0,0,0,0,1,3,1,0,0,0,0,0,4,0,0,1,0,0,0,1,7,0,1,0,5,0,3,1,2,0,0,1,0,1,0
"COG4186",2,1,3,5,8,0,1,1,4,2,1,0,1,1,0,0,0,0,2,0,1,0,5,3,4,5,6,1,1,1,0,0,0,1,2,21,0,1,1,2,1,0,3,3,0,0,1,3,2,2,0,0,0,1,1,0,0,6,0,0,3,1,1,1,0,1,3,1,0,0,3,0,2,3,0,5,1,1,0,7,0,0,0,0,0,5,2,22,0,3,0,5,1,0,0,1,1,0,1,2
"COG4187",0,0,1,0,0,0,0,0,0,0,0,0,0,0,0,0,0,0,0,0,4,0,2,0,0,0,0,2,0,0,0,0,0,0,0,0,0,0,0,1,0,0,0,0,0,0,0,0,0,0,0,0,1,0,0,0,0,0,0,0,0,0,0,0,0,0,0,0,0,0,0,0,0,0,0,0,0,0,0,0,0,0,0,0,0,0,0,0,0,0,0,0,0,0,0,0,0,0,0,0
"COG4188",67,108,254,61,46,73,172,170,85,39,163,90,63,109,75,158,90,160,91,51,160,70,70,89,131,137,99,99,135,111,78,125,115,103,143,78,122,116,175,56,79,201,73,96,94,142,117,224,82,156,70,163,84,48,188,119,121,131,135,149,75,81,236,121,77,91,149,154,136,90,103,126,89,105,202,150,161,65,124,183,83,143,121,99,64,56,165,86,101,94,111,69,118,161,85,145,287,219,261,101
"COG4189",0,0,1,0,0,0,0,0,0,0,0,0,0,1,0,0,0,0,0,0,0,0,0,0,1,0,0,0,0,0,0,0,0,0,0,6,0,0,0,0,0,0,0,0,0,0,0,0,0,0,0,0,0,0,0,0,0,0,0,0,0,0,1,0,0,0,0,0,0,0,0,0,0,0,0,0,0,1,0,0,0,1,0,0,0,0,0,3,0,1,0,0,0,0,0,0,0,0,0,0
"COG4190",0,0,0,0,0,0,0,0,0,1,1,1,0,0,2,0,0,0,0,1,2,0,0,0,0,0,0,0,0,0,1,0,0,1,0,2,0,0,0,0,0,0,3,0,0,0,0,0,0,0,0,0,0,0,0,0,0,0,1,0,0,0,0,0,0,3,0,0,0,0,0,0,0,0,0,0,0,0,1,0,0,0,0,0,0,0,0,0,0,0,0,0,0,0,0,0,0,0,0,0
"COG4191",62,19,36,30,104,15,23,7,17,5,15,11,15,12,50,9,39,3,5,21,21,124,85,25,22,6,16,16,4,27,184,11,7,35,38,44,23,9,17,8,10,11,109,17,14,23,15,32,10,10,42,19,14,7,20,23,8,23,45,8,22,23,35,3,33,16,25,6,42,60,20,4,3,11,23,27,8,65,11,28,3,7,3,5,14,25,18,82,11,26,13,33,29,9,10,16,16,20,13,15
"COG4193",0,0,0,10,0,0,1,0,4,1,0,0,0,1,3,0,0,1,0,0,0,0,0,10,1,1,0,0,0,0,0,0,0,0,0,0,0,0,0,0,0,2,0,0,0,1,0,0,0,0,0,0,0,0,0,0,0,0,0,0,0,0,1,1,0,0,2,0,0,0,0,0,0,0,4,2,3,0,0,1,1,0,0,0,0,0,1,7,0,0,1,0,0,0,1,1,0,0,0,1
"COG4195",6,7,1,2,0,8,1,0,1,0,6,1,8,7,0,0,0,3,0,6,4,0,6,2,4,1,1,3,2,2,9,1,4,3,5,6,4,3,3,14,8,5,4,0,6,3,3,5,7,0,2,1,7,0,4,4,12,4,7,4,6,7,2,1,9,3,1,3,5,0,3,6,1,0,2,5,2,7,4,0,3,4,0,1,5,3,4,0,0,9,0,6,1,1,0,2,0,2,0,0
"COG4196",58,19,39,2,2,24,15,0,12,7,4,4,13,6,12,1,96,0,2,12,8,2,28,1,19,4,0,23,9,1,62,1,2,41,34,40,1,0,3,6,13,4,114,5,19,1,15,45,5,5,2,2,8,8,3,13,7,13,40,4,20,5,17,5,4,2,19,1,15,1,21,3,4,0,9,0,2,46,3,0,1,2,1,0,2,43,3,2,11,23,1,24,18,14,8,4,4,6,2,0
"COG4198",146,198,57,67,74,163,39,35,46,42,289,97,157,94,88,53,9,100,74,164,112,44,94,90,91,110,89,158,74,85,95,96,129,126,109,119,225,119,56,121,178,47,108,72,195,126,185,66,119,98,111,83,192,59,99,116,156,73,198,67,164,193,73,78,200,206,48,63,116,60,186,136,86,89,42,73,63,137,153,77,147,62,62,133,151,148,63,95,80,142,104,155,95,122,34,61,55,106,103,76
"COG4199",0,0,0,0,0,0,0,0,0,0,0,0,0,0,0,0,0,0,0,0,0,0,0,0,0,0,1,1,0,0,0,1,0,0,0,0,0,0,0,0,0,0,0,0,0,1,0,0,0,0,0,0,1,0,0,0,0,0,0,0,0,0,0,0,0,0,0,0,0,0,0,0,0,1,0,0,0,0,0,0,0,0,0,0,0,0,0,1,0,1,0,0,0,2,0,0,0,0,1,0
"COG4200",0,1,0,0,0,2,0,0,0,0,0,0,0,0,0,0,0,0,0,1,0,0,0,0,1,0,0,0,0,0,1,0,0,0,0,4,0,0,0,0,0,0,3,0,0,0,0,0,0,0,0,0,0,0,0,0,0,0,0,0,1,0,0,0,0,0,0,0,0,0,0,0,0,0,0,0,0,0,0,0,0,0,0,0,0,0,0,0,0,3,0,1,0,0,0,0,0,0,0,0
"COG4206",276,278,243,211,492,263,223,120,176,246,337,275,301,259,298,154,326,184,130,270,204,601,268,221,206,163,259,233,209,249,362,246,207,262,218,323,313,230,154,161,250,109,322,270,290,236,355,269,219,197,216,202,217,118,170,191,221,167,322,163,288,264,250,198,255,365,211,167,210,597,297,235,208,268,204,167,173,277,239,206,182,146,260,227,186,286,185,409,133,273,177,262,305,232,281,226,195,185,188,237
"COG4208",8,4,6,0,0,0,2,0,0,0,0,1,3,2,2,1,6,0,0,3,0,0,5,0,3,1,0,3,0,1,17,0,0,4,12,3,2,0,0,1,2,0,19,0,5,0,0,20,0,1,1,1,2,1,0,0,1,0,3,0,7,2,2,0,2,0,3,0,6,0,3,0,0,0,4,0,3,12,0,0,0,1,0,0,3,2,1,0,0,3,1,1,1,0,1,4,0,1,2,0
"COG4209",0,1,0,1,0,0,2,4,6,1,0,3,2,1,0,1,0,2,0,3,0,1,1,1,1,2,1,8,4,1,0,2,2,2,1,0,1,1,2,4,1,0,0,6,1,4,6,0,1,3,0,3,1,3,2,1,3,2,1,0,1,0,1,0,2,1,1,2,1,1,4,0,1,1,0,1,0,2,0,0,4,3,1,1,2,1,1,4,1,0,1,1,0,3,3,1,2,1,3,0
"COG4213",7,1,8,1,48,3,7,5,7,3,0,2,4,4,2,1,2,2,2,3,2,56,3,0,4,4,4,10,1,2,14,5,1,0,28,15,3,0,4,5,4,3,49,5,7,9,3,1,4,2,1,2,5,4,1,3,2,6,2,6,8,4,2,3,1,2,7,4,0,16,8,3,5,0,6,1,3,15,0,1,1,6,5,4,4,15,3,22,2,6,1,5,3,2,5,4,1,4,2,0
"COG4214",9,4,3,3,76,1,6,1,9,6,0,0,9,1,5,2,3,1,5,1,4,68,5,2,4,4,4,6,0,4,9,6,2,5,23,21,2,2,3,9,3,8,47,2,4,7,2,3,5,4,2,6,0,5,3,4,2,6,1,6,8,4,3,4,1,1,4,4,2,21,6,1,11,3,8,4,2,12,1,1,1,4,3,2,4,14,0,38,5,6,4,10,5,6,4,5,2,2,5,3
"COG4215",65,58,28,92,98,70,59,94,121,102,38,83,81,84,95,101,10,111,122,81,55,94,48,108,52,89,88,88,63,76,47,82,109,20,33,71,61,98,86,46,60,57,71,66,77,86,80,25,77,84,107,81,54,131,69,103,94,81,66,87,101,78,31,94,98,72,79,70,75,62,67,95,98,95,47,67,93,64,95,80,112,67,107,105,114,63,67,40,130,79,121,61,61,67,109,77,28,69,45,75
"COG4219",25,4,9,0,5,16,10,2,2,0,15,12,19,14,26,0,162,0,1,5,5,1,40,1,24,2,1,7,1,0,56,0,2,14,22,27,10,0,0,7,6,0,51,8,25,3,7,39,3,1,0,3,7,2,4,1,14,2,17,2,8,7,8,0,2,5,0,0,7,0,16,0,1,5,6,0,1,14,3,3,0,4,0,0,1,8,0,2,2,19,1,13,9,4,9,0,4,8,8,1
"COG4220",1,2,0,3,3,0,2,0,0,0,0,4,1,8,0,1,3,0,1,0,1,1,0,5,7,0,1,1,0,0,6,0,0,0,1,0,2,0,0,0,0,0,5,0,1,1,0,2,0,0,0,0,0,0,1,0,0,0,1,0,0,0,0,0,0,1,1,0,1,0,0,0,0,0,1,0,0,1,0,1,3,0,0,0,0,0,0,4,1,0,0,2,0,0,0,0,0,0,0,0
"COG4221",204,134,126,82,70,206,97,85,79,65,93,82,207,101,111,89,235,75,76,204,168,84,189,80,129,93,97,223,110,112,203,112,93,204,151,222,56,103,99,176,157,89,229,110,172,119,74,188,145,73,79,103,214,87,143,98,128,75,106,81,192,168,164,129,306,65,92,73,177,94,218,111,133,103,147,113,99,180,102,102,193,118,95,102,201,228,95,133,66,198,72,202,126,117,106,121,173,163,156,117
"COG4222",40,10,21,0,14,9,10,0,40,3,6,8,34,15,33,3,319,1,3,7,8,15,68,1,32,4,2,8,14,1,88,3,3,55,31,22,3,5,1,2,8,6,44,9,19,1,4,74,5,1,1,4,3,0,2,31,21,2,11,2,3,9,15,15,3,6,6,3,20,21,17,25,11,1,12,1,4,13,5,1,2,4,15,0,1,17,3,21,3,7,1,10,15,6,16,27,12,12,4,0
"COG4223",6,0,13,22,35,0,1,1,0,0,0,6,4,2,17,3,0,2,1,5,4,27,1,11,3,4,20,2,4,4,5,13,1,9,2,4,0,9,3,3,0,2,18,24,5,7,0,4,9,2,2,8,3,0,5,4,1,7,0,7,1,2,5,3,2,0,1,5,1,4,0,1,4,10,5,6,3,2,0,5,1,3,1,4,1,2,6,16,0,1,1,1,13,0,7,5,3,5,4,15
"COG4225",48,11,13,1,7,30,6,2,2,18,12,11,39,14,8,1,114,6,1,21,19,10,60,8,27,4,10,42,5,8,48,7,5,69,39,33,6,3,6,29,16,3,41,9,38,11,14,42,12,12,16,14,33,3,8,4,20,0,35,1,29,25,9,12,13,6,6,2,13,20,38,5,6,13,8,10,2,31,7,9,17,13,7,12,22,69,7,8,1,14,5,33,9,22,11,2,2,6,12,4
"COG4226",1,0,0,0,0,0,1,0,0,0,2,0,1,0,2,1,5,0,0,1,0,1,3,0,2,0,0,1,0,2,6,0,0,4,0,0,1,0,0,0,1,0,2,0,1,0,0,1,0,0,1,0,0,0,0,2,0,0,0,1,2,1,1,0,0,0,2,0,1,0,1,1,0,0,1,0,0,3,0,0,0,1,0,0,0,1,0,0,0,1,0,0,0,0,1,1,0,0,1,0
"COG4227",33,5,40,23,5,10,21,8,11,13,3,8,18,9,9,13,39,8,5,16,11,5,57,19,19,11,8,11,7,13,31,3,3,20,90,57,17,8,22,27,6,16,79,8,12,6,7,56,8,56,7,17,29,2,5,8,15,23,11,20,20,9,18,5,18,10,64,12,6,1,18,2,5,14,12,57,4,46,5,25,6,10,12,9,18,26,15,23,12,48,8,14,23,20,5,27,59,12,2,15
"COG4228",1,0,0,0,0,0,0,0,0,0,0,0,0,0,0,0,0,0,0,0,0,0,0,0,1,0,0,0,0,0,0,0,0,0,0,1,1,0,0,0,0,0,1,0,0,0,0,3,0,0,0,1,0,0,0,0,0,0,0,0,0,0,0,0,0,2,0,0,0,0,0,0,0,0,0,0,0,0,0,0,0,0,0,0,0,0,0,0,0,0,0,0,0,0,0,1,0,0,0,0
"COG4229",15,9,25,6,0,0,3,0,11,2,2,0,0,1,14,0,3,5,0,2,1,1,6,11,7,4,5,0,0,2,7,6,2,11,0,3,3,4,1,2,1,2,12,0,4,3,11,1,2,0,0,15,2,0,8,9,0,1,4,3,0,2,5,0,1,0,4,2,2,0,0,8,3,2,6,6,1,2,0,18,0,6,3,6,2,3,7,2,1,0,1,1,12,0,8,33,2,17,12,2
"COG4230",170,170,101,175,383,198,138,147,97,168,106,177,84,104,245,113,449,106,119,99,77,459,187,188,154,148,174,53,101,133,313,140,107,140,122,128,113,86,95,77,124,125,271,216,157,123,114,194,70,171,134,144,60,157,119,73,148,140,130,104,124,115,92,94,41,113,115,113,162,510,103,69,130,220,142,103,112,121,81,129,96,78,81,121,51,98,135,351,126,141,124,110,118,81,207,129,97,87,109,131
"COG4231",186,363,122,219,81,165,141,141,192,144,414,127,214,95,88,150,11,141,123,172,177,120,167,140,126,141,126,143,116,151,138,142,129,208,116,115,484,131,117,238,205,150,189,181,205,133,421,88,135,172,131,124,135,114,114,119,181,154,360,118,202,198,123,128,147,430,112,113,136,43,162,145,165,144,142,170,151,218,134,116,117,177,136,148,113,160,131,145,150,144,113,185,188,129,210,243,115,116,110,105
"COG4232",270,258,274,260,342,245,223,231,229,372,279,344,264,262,296,242,249,231,328,223,242,431,373,237,231,280,321,270,320,350,286,333,264,332,239,286,246,257,242,243,272,193,238,346,258,345,259,329,280,404,339,280,240,319,255,278,399,191,252,186,287,230,295,303,217,204,221,212,342,373,239,262,297,304,267,208,199,233,268,225,265,188,300,263,188,277,287,488,244,268,259,225,385,260,307,294,234,234,259,266
"COG4233",67,59,117,170,114,75,97,170,147,141,39,137,81,102,120,131,13,125,170,62,122,66,89,101,62,179,170,51,143,160,65,134,118,115,87,122,30,110,130,133,52,123,90,190,60,127,51,93,132,160,118,140,80,203,124,98,128,126,49,116,73,46,85,149,96,19,87,116,124,22,87,95,140,170,99,106,118,67,93,97,104,106,150,171,77,62,147,154,123,83,107,64,154,104,192,160,89,113,117,129
"COG4235",58,53,34,50,111,61,43,24,57,27,36,21,40,25,52,29,131,22,21,35,41,84,83,36,35,25,32,20,27,31,81,36,22,81,47,24,47,21,21,65,35,30,67,46,43,35,41,73,37,22,12,38,29,29,31,29,20,23,57,31,71,54,34,38,16,43,33,26,26,54,34,25,43,45,59,41,58,47,17,29,17,38,23,21,13,39,36,89,16,28,19,24,49,20,38,39,32,32,36,24
"COG4239",72,95,67,71,57,68,53,52,61,32,63,55,78,57,29,51,19,48,58,83,62,43,112,54,61,51,61,67,46,47,77,44,68,107,73,79,96,50,61,104,91,71,80,68,89,57,104,53,71,52,65,60,74,63,40,70,81,54,86,58,96,104,61,53,50,73,43,48,40,7,76,47,52,70,58,65,48,92,54,51,55,63,47,60,54,72,42,46,46,85,45,80,74,62,57,59,53,44,48,59
"COG4240",90,64,175,155,91,61,200,212,199,143,38,114,77,152,198,203,87,165,185,111,160,98,53,146,114,185,172,91,184,171,96,140,204,65,100,93,31,187,207,91,78,160,71,176,87,137,114,168,150,187,192,160,96,186,197,156,132,211,87,173,107,88,187,206,137,31,188,183,102,111,101,184,180,160,186,148,184,82,145,185,179,116,157,166,149,62,165,67,217,82,147,80,111,174,94,171,221,216,151,164
"COG4241",0,5,59,19,0,1,51,57,9,2,0,22,0,19,3,68,1,42,23,3,55,0,0,18,18,31,11,0,41,24,1,12,38,6,17,7,0,24,40,6,0,46,1,11,0,13,4,76,9,9,1,27,6,12,42,31,1,46,0,47,0,0,45,21,0,0,55,35,2,0,1,9,28,16,77,40,61,0,20,32,2,28,23,7,9,1,33,1,28,1,1,0,11,57,8,46,73,41,61,19
"COG4242",29,24,14,4,4,21,3,3,1,0,70,14,32,2,6,3,28,4,0,36,8,0,27,3,26,2,10,32,4,14,32,3,8,27,15,26,43,4,1,14,33,4,31,19,42,5,37,5,9,10,2,5,40,0,6,14,2,1,96,10,30,40,15,2,16,41,2,13,6,5,43,7,0,7,7,3,2,39,2,4,4,13,1,6,0,44,3,3,0,30,1,40,11,7,4,9,9,3,2,11
"COG4243",6,7,154,22,2,2,158,146,25,7,10,30,3,73,28,110,2,127,41,9,93,2,4,31,63,64,35,2,81,42,1,49,60,12,57,41,8,51,99,16,2,165,29,43,6,40,16,100,23,25,5,87,13,41,99,60,10,78,5,97,12,1,147,65,3,6,99,100,9,1,10,40,70,48,200,119,100,6,27,100,13,86,48,28,14,4,72,9,42,18,2,13,60,76,16,88,170,102,130,51
"COG4244",7,10,189,4,0,2,1,0,21,1,13,25,0,8,9,0,1,2,1,2,3,0,8,4,12,68,48,1,1,52,7,13,59,16,8,9,8,9,66,0,3,2,4,50,1,16,11,104,4,23,4,66,0,10,20,23,10,1,7,6,1,2,190,2,1,10,3,1,4,0,4,5,6,49,5,8,3,0,39,11,2,9,7,2,1,1,9,6,1,12,1,1,21,79,2,22,230,32,25,46
"COG4245",0,0,2,1,0,1,2,0,0,0,8,0,3,1,1,0,0,0,0,2,1,3,2,1,1,3,0,1,0,0,1,1,1,2,4,1,12,2,2,1,1,0,3,2,0,0,0,2,3,0,0,0,0,2,1,2,1,0,4,0,1,0,1,1,0,5,1,1,0,0,0,0,1,0,1,0,3,2,0,1,0,1,0,0,0,1,0,1,1,2,1,0,0,1,0,1,0,1,0,3
"COG4246",7,2,10,4,2,4,9,5,8,8,4,7,3,6,1,5,3,2,5,13,4,1,7,2,4,3,2,5,6,5,10,8,1,12,10,25,3,8,8,5,2,9,29,3,1,5,2,9,3,4,0,9,7,8,9,9,2,10,4,3,8,4,6,4,2,3,11,6,0,0,5,6,4,6,9,5,5,15,10,5,0,7,3,10,3,8,5,0,4,11,4,7,9,2,6,13,6,5,2,4
"COG4247",48,23,25,38,30,22,66,45,51,100,15,60,20,60,51,70,214,41,46,13,39,10,40,31,72,44,43,29,99,49,94,33,31,44,44,53,11,53,24,20,23,50,73,60,27,31,12,55,30,72,41,35,20,44,33,71,45,39,24,22,11,24,33,88,14,7,34,36,64,11,38,85,76,51,51,24,42,33,22,39,41,27,91,36,26,43,43,42,59,43,45,25,33,29,102,61,30,29,29,21
"COG4248",5,2,1,1,2,1,3,0,1,0,5,2,2,2,3,2,0,4,1,3,3,3,30,0,0,5,1,1,1,2,1,1,2,6,6,1,3,2,1,3,0,0,7,3,2,0,5,2,2,3,1,2,1,2,2,1,4,0,4,0,1,2,1,1,2,6,0,0,1,2,3,2,2,2,7,0,3,9,4,1,2,1,0,0,2,4,0,2,4,4,0,0,3,4,1,2,2,0,0,0
"COG4249",58,176,57,60,46,68,61,39,53,42,353,45,63,40,44,33,42,42,48,86,54,56,58,52,65,29,29,49,43,52,58,42,55,61,57,49,320,46,49,59,113,38,82,61,76,47,254,41,59,63,34,27,29,34,21,58,34,26,179,27,47,46,24,16,24,229,34,22,20,57,31,63,22,28,29,21,33,71,41,27,27,22,26,35,26,66,25,6,22,54,48,59,53,36,28,19,26,19,18,31
"COG4251",138,36,34,1,26,88,52,3,3,4,45,33,31,37,54,2,461,0,2,50,26,10,85,1,91,7,2,67,5,10,259,3,12,112,60,235,32,6,10,5,53,2,263,15,90,9,20,131,9,2,23,7,20,6,13,9,44,7,46,2,99,59,28,6,6,34,16,2,59,176,126,6,11,15,25,3,4,83,14,9,4,8,0,2,18,242,7,28,10,121,5,77,16,53,44,1,13,26,9,2
"COG4252",128,299,101,218,85,148,159,198,221,218,376,210,157,204,171,183,26,172,108,140,136,205,129,198,188,257,294,165,230,145,122,125,212,173,306,100,360,138,172,221,172,199,124,174,112,132,298,124,155,283,229,192,180,114,139,204,206,203,276,190,130,139,102,212,193,300,302,182,217,92,129,164,144,206,134,229,156,144,194,228,209,180,289,180,194,95,193,151,235,161,264,140,160,183,149,220,109,138,125,192
"COG4253",4,0,0,0,0,2,3,2,0,0,0,0,1,0,0,0,5,0,0,3,4,0,5,1,0,0,0,4,0,0,4,0,0,6,0,11,1,0,0,0,0,1,11,0,0,0,1,7,1,1,0,0,4,0,1,0,0,3,1,3,28,0,0,0,1,0,0,0,0,0,6,0,0,0,3,0,1,3,1,0,0,2,0,0,1,5,1,1,3,7,0,1,0,1,0,0,1,0,0,0
"COG4254",19,37,27,11,13,16,14,22,3,7,44,7,23,12,10,10,6,20,13,29,14,11,21,13,17,18,10,19,14,20,12,8,25,24,16,12,40,11,22,20,23,13,13,35,24,10,24,11,22,18,18,31,9,14,16,19,23,23,32,11,18,16,21,19,23,39,19,17,13,7,22,23,3,16,10,11,19,34,20,12,21,19,16,13,22,22,24,5,43,22,24,18,16,29,4,17,10,16,21,15
"COG4255",1,2,1,1,7,0,0,0,0,0,0,0,3,4,2,0,0,1,1,2,1,1,2,0,1,1,0,2,0,0,0,1,0,3,0,0,0,1,0,0,5,1,2,0,1,1,0,0,0,0,0,0,4,0,2,2,1,0,0,1,0,0,0,0,12,0,0,0,6,19,1,2,0,0,0,0,0,0,3,0,0,1,0,1,2,2,0,1,0,2,0,0,1,2,0,1,1,2,1,0
"COG4256",0,0,0,0,0,0,0,0,0,0,0,0,0,0,0,0,0,0,0,0,0,0,0,0,0,0,0,0,0,0,0,0,0,0,1,0,0,0,0,0,0,0,4,0,0,0,0,0,0,0,0,0,0,0,0,0,0,0,0,0,0,0,0,0,0,0,0,0,0,0,0,0,0,0,0,0,0,0,0,0,0,0,0,0,0,0,0,0,0,0,0,0,0,0,0,0,0,0,0,0
"COG4257",232,113,14,7,1,297,1,1,10,2,60,2,166,17,13,0,3,3,0,262,56,0,50,13,123,3,2,229,5,7,112,34,1,134,31,228,19,23,3,96,211,3,94,4,194,68,49,8,101,1,6,7,185,3,63,11,5,4,117,5,248,262,9,5,357,31,7,5,131,0,278,68,3,3,3,16,2,231,29,7,151,15,5,12,196,246,3,22,0,247,4,293,13,4,7,10,2,47,37,3
"COG4258",24,3,1,0,1,19,1,1,0,0,15,0,1,1,20,1,13,0,1,16,0,1,34,2,13,1,0,14,0,6,50,1,0,2,3,39,33,0,7,3,19,0,23,1,17,0,8,9,2,0,4,0,2,0,5,3,1,2,22,1,20,11,3,0,0,28,10,0,11,6,15,2,0,0,1,0,0,13,1,0,0,0,0,0,1,44,4,3,0,25,0,24,0,10,0,0,2,1,1,1
"COG4259",1,0,1,0,0,0,2,1,3,1,1,2,0,2,1,0,6,1,0,0,1,2,0,0,2,1,0,0,0,0,5,0,1,2,5,0,0,0,0,0,0,0,4,0,1,1,0,3,0,2,1,0,0,0,1,0,2,0,1,0,0,0,0,1,0,0,0,0,0,3,0,1,0,1,0,0,0,2,0,1,0,0,0,0,1,1,0,1,0,0,0,0,1,0,0,0,1,2,0,0
"COG4260",18,5,20,2,4,4,11,6,1,2,8,7,11,4,5,5,3,2,3,2,7,12,10,4,6,13,7,10,4,7,8,2,3,15,25,4,9,4,14,5,4,6,34,18,6,3,2,27,1,1,5,8,7,1,4,5,5,4,8,0,6,4,20,3,1,6,4,3,3,4,9,4,1,5,11,4,6,7,7,5,3,8,1,4,2,23,4,9,3,7,0,4,7,16,1,4,19,7,8,12
"COG4261",5,5,0,0,0,8,0,1,0,0,12,0,1,1,13,0,9,0,0,5,0,1,18,0,9,0,0,5,0,0,22,0,0,0,3,13,12,0,3,0,5,0,7,0,2,0,4,7,1,0,3,0,0,0,1,0,0,2,8,0,5,8,1,0,1,15,4,0,2,2,9,0,0,0,0,1,1,9,1,0,0,0,0,0,1,20,1,0,0,5,0,13,0,3,1,0,0,1,0,0
"COG4262",29,21,1,5,3,9,1,0,0,2,41,1,25,0,23,2,4,4,3,21,7,6,50,4,23,0,3,11,7,5,23,4,2,38,6,12,24,0,4,11,19,1,16,2,19,5,33,4,1,1,6,2,17,1,2,12,2,2,33,4,21,29,3,1,6,21,2,2,1,3,18,1,0,1,1,4,6,28,9,2,4,10,2,16,0,22,3,18,0,11,0,27,7,1,2,2,3,8,10,4
"COG4263",3,26,8,0,0,8,5,0,1,0,24,0,1,1,6,0,13,0,4,4,3,0,10,3,7,2,0,0,0,0,5,0,0,9,10,2,23,0,2,3,11,1,19,2,2,0,19,2,0,3,0,3,0,0,0,2,1,2,35,1,3,0,6,0,0,13,1,3,1,0,1,0,0,0,5,1,0,15,1,2,0,0,0,0,3,9,4,9,2,4,0,2,0,1,2,2,0,1,0,0
"COG4264",16,0,20,0,2,4,3,1,3,0,6,0,5,1,36,0,59,0,1,1,2,2,34,2,7,3,0,1,0,2,27,0,0,13,5,0,4,1,4,1,1,1,15,1,6,0,0,7,0,1,2,1,5,0,2,1,3,1,20,1,6,3,17,0,1,3,11,1,3,2,2,0,0,3,3,0,1,10,3,3,0,1,0,0,3,7,3,0,2,11,0,8,7,0,4,9,1,1,2,1
"COG4266",77,120,25,103,99,101,42,47,27,25,47,103,94,59,88,34,8,67,29,121,67,35,38,131,54,93,88,82,39,70,53,72,147,34,44,95,111,95,53,50,111,67,69,110,116,90,107,42,78,69,76,81,91,34,60,95,79,74,73,98,113,122,33,40,121,115,60,70,69,76,108,102,48,85,43,84,62,79,123,99,92,55,37,100,75,63,83,53,44,74,95,93,71,58,44,63,36,60,39,88
"COG4267",9,6,5,0,0,2,5,0,0,0,0,0,0,0,2,0,5,0,0,1,3,1,6,0,7,1,0,1,0,1,18,0,0,3,7,0,0,0,1,0,1,0,12,1,1,0,3,6,0,1,0,0,1,2,1,0,0,0,0,0,2,0,2,0,0,0,2,0,1,0,0,0,0,0,0,0,0,7,0,0,1,0,1,0,0,1,2,0,1,0,0,1,0,0,0,0,1,1,1,0
"COG4268",25,9,26,4,11,17,10,6,1,1,15,5,11,6,9,9,83,5,4,7,8,7,22,4,7,5,9,6,2,9,30,7,9,22,14,20,13,2,7,4,10,4,30,10,10,9,12,22,6,3,5,5,7,5,13,6,6,2,20,6,6,8,34,1,14,7,16,3,11,12,12,4,3,6,2,5,5,21,6,7,2,1,2,2,10,20,5,7,2,16,4,10,17,9,2,2,16,10,6,16
"COG4269",24,26,9,14,14,29,22,4,21,16,17,2,13,3,21,3,23,4,5,28,12,15,22,9,30,2,4,21,8,3,46,4,5,19,9,17,17,1,6,15,29,13,41,1,20,5,18,32,8,0,0,5,4,4,7,9,7,7,18,11,28,31,11,7,2,23,16,6,3,7,34,4,9,5,14,16,12,54,8,9,5,8,10,13,7,30,10,7,3,39,7,20,8,11,16,7,8,5,7,2
"COG4270",21,15,22,11,18,17,21,20,5,20,9,41,15,42,36,21,3,31,32,11,34,35,25,18,18,24,26,56,37,39,12,41,22,24,31,31,2,34,31,34,16,14,11,35,18,52,5,31,49,48,47,27,34,34,47,40,43,21,12,22,30,11,22,42,27,8,19,24,40,21,17,33,20,24,24,19,18,12,48,25,40,36,16,42,31,29,27,45,20,13,41,12,54,36,20,26,29,22,42,38
"COG4271",4,4,4,0,0,1,9,0,0,0,3,0,1,0,1,0,4,0,0,1,1,0,2,0,10,0,0,1,0,1,9,0,0,3,10,9,1,0,1,0,2,0,37,1,2,1,0,7,0,1,0,1,0,2,0,1,0,0,2,0,0,1,7,0,2,2,5,0,7,0,5,0,0,0,4,0,0,10,1,0,2,0,0,0,3,1,1,0,10,4,0,4,0,0,1,0,0,0,0,0
"COG4273",0,2,0,0,0,0,0,0,0,0,0,0,0,1,0,0,1,0,0,2,1,0,0,0,0,1,0,0,0,0,2,0,0,2,1,0,1,0,0,0,0,0,2,0,0,0,2,0,0,0,0,0,0,0,0,0,0,0,4,0,1,1,0,0,0,0,0,0,0,0,0,0,0,0,1,1,0,1,0,0,1,0,0,0,0,0,0,0,0,1,0,0,0,0,0,2,0,0,0,0
"COG4274",33,29,11,45,27,21,37,65,63,57,19,37,32,30,34,50,0,49,71,32,34,35,20,51,22,44,43,35,30,34,21,25,38,21,22,26,32,28,57,38,37,34,15,38,25,31,25,5,31,50,47,45,41,73,14,37,31,63,18,42,37,36,15,33,35,38,52,53,30,56,33,31,42,38,27,38,47,24,31,51,40,25,39,42,52,31,38,11,72,26,76,39,28,47,55,62,9,32,22,53
"COG4275",8,2,5,0,4,3,4,0,1,0,6,0,2,0,7,0,27,0,0,1,3,2,5,0,2,0,0,0,2,0,39,0,0,9,8,9,0,1,1,1,1,0,24,0,3,0,3,23,2,1,0,1,2,1,3,0,5,1,2,0,1,5,2,0,1,0,8,0,2,1,6,0,1,1,3,0,1,12,1,1,0,2,0,0,1,1,1,6,2,5,0,6,3,0,0,2,1,1,4,0
"COG4276",39,67,42,20,45,34,25,14,7,30,41,78,99,50,14,29,15,62,20,56,71,19,91,25,27,52,33,109,31,64,36,76,49,92,96,20,30,48,29,104,44,27,27,35,48,79,49,54,79,84,57,47,122,13,73,72,71,28,18,33,46,62,86,35,64,23,22,37,79,36,59,81,16,32,25,29,14,42,82,41,46,109,13,70,73,41,26,27,26,42,72,58,86,73,23,20,56,31,62,37
"COG4277",32,1,8,0,2,16,9,0,0,0,7,2,4,0,3,0,54,0,1,5,13,0,18,0,8,2,2,11,0,0,40,0,0,17,8,47,6,0,1,1,4,1,62,2,17,3,0,16,4,2,1,1,3,0,1,3,6,1,5,0,29,3,5,1,0,6,1,0,4,0,14,1,3,1,2,1,3,14,1,1,1,0,0,0,5,46,6,7,4,14,0,8,0,10,7,1,2,2,1,0
"COG4278",4,16,1,0,2,2,2,0,0,1,4,2,3,0,0,2,0,1,2,1,4,0,6,0,2,1,2,6,2,2,8,2,0,8,6,4,3,2,7,7,4,1,14,0,4,1,6,2,2,3,1,1,12,2,8,3,2,3,8,0,0,3,4,4,2,6,5,1,9,0,6,1,2,3,0,2,0,6,7,2,3,5,0,0,3,1,1,0,6,5,2,3,2,1,3,0,2,2,5,3
"COG4279",0,7,46,26,0,1,3,0,19,3,0,4,0,4,16,0,1,5,0,2,1,0,1,45,2,2,15,1,0,1,0,11,2,3,5,1,0,4,0,0,0,7,1,1,1,6,10,16,0,0,0,38,5,0,10,7,1,1,0,7,0,1,15,1,0,0,1,9,0,0,1,13,2,4,10,33,8,0,6,20,0,19,5,11,2,0,16,5,1,0,0,1,18,0,6,68,3,19,22,6
"COG4280",0,0,1,0,0,1,0,0,0,0,0,0,0,0,0,0,0,0,0,0,0,0,0,0,1,0,0,0,0,0,0,0,0,0,0,2,0,0,0,0,0,0,0,0,1,0,0,0,0,0,0,0,0,0,0,0,0,0,1,0,0,0,1,0,0,0,0,0,0,0,3,0,0,0,0,0,0,0,0,0,0,0,0,0,0,0,0,0,0,0,0,0,0,0,0,0,0,0,0,0
"COG4281",15,7,6,2,0,8,9,2,4,1,6,0,5,1,1,7,2,3,8,10,10,6,11,0,4,3,0,16,2,2,10,4,4,12,12,6,9,5,5,5,15,6,11,0,16,3,9,8,3,5,5,6,10,0,4,3,7,4,10,2,13,15,2,3,4,8,4,2,11,2,12,12,2,1,4,7,3,13,7,2,6,3,0,3,7,13,5,2,3,12,3,19,13,3,2,1,3,2,10,5
"COG4282",0,0,0,0,0,0,0,0,0,0,0,0,1,2,2,0,1,2,0,0,0,0,1,0,0,0,0,0,0,0,2,0,1,1,1,0,1,0,0,2,1,1,1,1,0,1,0,1,0,0,1,2,0,0,0,1,0,0,0,0,0,1,0,0,0,0,1,0,0,0,0,0,1,1,0,0,0,2,0,0,0,0,0,0,0,0,1,0,0,0,0,0,0,0,0,1,0,2,1,1
"COG4283",0,0,0,0,5,0,0,0,0,0,0,0,0,1,1,0,2,0,0,1,0,0,1,0,0,0,0,0,1,0,0,0,0,0,0,0,0,0,1,1,0,1,3,0,0,0,0,0,0,0,0,1,0,0,0,2,0,0,0,0,0,0,0,0,0,0,0,0,0,0,0,0,0,0,0,0,0,1,0,0,0,0,0,0,0,0,0,4,0,1,0,0,2,1,0,1,0,0,0,0
"COG4284",11,32,14,5,6,22,3,3,6,13,50,2,21,16,1,9,4,10,10,17,12,9,14,10,5,3,5,10,2,3,4,10,3,39,30,8,51,17,3,7,9,8,12,5,13,4,46,9,12,0,2,14,9,10,14,5,2,3,46,7,8,7,11,5,2,57,4,3,5,2,4,9,9,11,5,12,13,13,9,8,2,26,7,10,1,12,11,6,0,23,5,16,24,3,9,8,10,26,12,4
"COG4285",0,0,0,0,0,0,0,0,0,0,0,0,0,0,0,1,0,0,0,0,0,11,3,0,0,0,0,2,0,0,0,0,0,0,0,1,3,0,0,0,1,0,2,0,0,0,2,0,0,0,0,0,0,1,0,0,0,0,11,0,2,1,0,0,0,1,0,1,0,6,0,0,0,0,0,0,1,0,1,0,0,1,0,1,0,1,1,0,0,0,0,0,0,2,0,0,0,0,0,0
"COG4286",1,0,1,0,40,0,1,0,2,0,2,0,0,0,18,2,1,2,0,2,4,37,45,0,8,0,0,2,0,0,12,3,1,0,6,0,0,3,0,0,0,1,6,0,0,1,0,2,0,0,0,2,0,0,3,1,0,0,2,1,1,0,1,0,0,2,0,0,0,4,0,2,0,0,0,0,0,0,0,0,0,2,1,1,0,0,1,10,0,0,0,0,3,0,0,0,0,5,4,0
"COG4287",40,76,13,9,2,51,12,4,6,33,99,25,32,16,32,8,3,11,7,38,23,2,27,23,21,21,12,27,25,18,24,36,31,46,33,18,59,27,8,25,67,5,19,25,44,36,98,14,29,20,25,20,34,11,23,25,34,6,89,12,37,54,8,18,30,42,5,20,27,0,43,29,15,12,10,9,5,34,37,9,23,18,28,19,20,41,13,37,5,28,18,36,42,29,17,26,8,18,31,18
"COG4288",0,0,0,1,0,0,1,0,1,1,1,0,0,1,7,1,0,1,2,0,1,0,0,4,0,0,5,0,5,2,2,2,0,0,0,2,0,0,0,0,1,0,2,0,0,0,3,0,2,0,2,0,1,5,1,0,0,0,1,0,1,0,0,1,1,0,0,3,0,0,0,0,6,4,0,4,0,0,0,1,1,0,1,0,0,1,0,0,1,0,2,0,0,0,3,3,0,0,0,3
"COG4289",33,6,0,0,0,26,2,0,3,2,4,0,3,0,0,0,0,0,3,18,0,0,6,0,11,0,0,5,3,0,12,0,0,0,0,38,5,0,0,0,6,0,10,0,16,1,2,0,1,0,1,0,2,5,0,0,0,0,11,1,17,21,0,1,1,4,0,0,1,0,19,0,0,0,0,0,0,23,0,0,0,0,3,0,0,25,0,0,0,24,0,19,0,3,0,0,0,0,0,0
"COG4290",0,0,0,0,0,0,0,0,0,0,0,0,0,0,0,0,0,0,0,0,0,0,0,0,1,0,0,0,0,0,0,0,0,0,1,0,0,0,0,0,0,0,0,0,0,0,0,0,0,0,0,0,0,0,0,0,0,0,0,0,8,0,0,0,0,0,0,0,0,0,0,0,0,0,1,0,1,0,0,0,0,1,0,0,0,0,0,0,0,0,0,0,0,0,0,0,1,0,0,0
"COG4291",2,0,1,0,0,0,3,0,4,0,0,0,1,0,0,0,1,0,1,1,0,0,0,0,0,0,0,0,0,0,0,0,0,0,0,9,0,0,0,0,0,1,1,0,0,0,0,0,0,0,1,0,0,2,2,3,1,0,0,0,1,0,2,1,0,0,0,1,0,0,1,2,7,0,1,0,0,0,0,0,0,2,3,1,0,4,0,0,3,2,0,0,0,0,0,1,0,4,3,0
"COG4292",10,0,3,0,0,1,0,0,0,0,2,0,8,0,1,0,49,0,0,0,0,0,13,0,4,4,0,1,0,1,10,0,0,3,2,1,0,0,0,1,0,0,3,2,0,0,2,9,0,0,0,0,0,0,0,0,0,0,4,0,0,1,5,0,0,0,0,0,1,0,0,0,0,0,1,0,0,1,0,0,0,0,0,0,3,0,1,0,1,3,0,0,4,0,0,0,1,0,0,0
"COG4293",20,13,4,2,1,41,0,0,2,0,21,0,29,4,0,1,1,6,0,39,13,0,16,4,13,1,4,27,3,2,16,4,2,20,12,23,4,12,1,16,31,0,12,3,24,9,7,1,16,0,2,2,35,0,13,3,1,0,17,2,17,24,2,3,44,9,1,2,7,0,18,5,0,13,0,3,0,22,8,1,24,11,0,3,21,45,2,2,2,25,1,31,5,1,1,2,0,9,12,1
"COG4294",1,0,18,101,24,1,29,27,56,65,0,60,20,79,34,18,8,26,22,10,41,25,20,113,70,97,91,10,48,24,0,31,50,21,116,9,0,48,27,33,1,53,2,34,1,34,0,17,28,25,20,55,20,19,33,20,33,57,0,68,0,1,35,39,9,0,175,53,30,6,1,18,33,55,15,141,48,4,10,155,37,45,68,48,53,1,83,120,40,4,61,0,39,22,22,39,31,47,28,83
"COG4295",2,1,0,0,0,2,0,0,0,2,3,0,1,0,0,0,0,0,0,0,0,1,0,0,0,0,0,2,0,0,2,1,1,1,1,2,0,0,0,0,9,0,1,2,2,1,3,0,0,1,0,0,1,0,0,0,0,0,1,0,2,2,1,0,0,0,0,0,0,1,1,0,0,0,0,0,0,2,0,0,0,0,0,0,0,2,0,0,1,4,0,3,0,0,0,0,0,0,0,0
"COG4297",3,0,0,0,0,0,1,0,0,0,0,0,4,0,0,0,0,0,2,5,1,0,8,0,1,0,0,6,0,0,3,0,0,5,3,2,0,2,1,5,0,0,4,0,0,0,0,2,1,1,0,0,5,0,2,0,0,0,0,0,1,2,1,0,2,0,0,0,0,0,1,2,0,0,0,0,1,1,0,0,0,0,1,2,0,1,1,0,0,0,0,2,0,1,0,1,1,0,0,0
"COG4298",0,0,2,0,0,0,0,0,0,0,0,0,1,0,0,0,0,0,1,0,0,0,4,0,1,0,0,0,0,0,1,0,0,2,2,0,0,0,0,0,0,2,3,0,1,0,0,7,0,0,0,1,0,0,0,1,0,0,1,0,1,1,1,0,0,0,2,0,0,0,0,0,0,0,0,0,0,2,0,0,0,0,0,0,0,0,0,0,0,0,0,0,1,1,1,0,0,0,0,0
"COG4299",57,50,35,34,42,30,21,11,6,50,95,55,44,39,62,17,90,41,28,33,45,19,38,27,26,44,56,53,38,46,38,56,44,42,64,53,62,59,22,26,56,16,22,64,39,69,55,56,57,97,73,42,42,31,50,51,55,21,63,32,30,39,22,23,36,56,24,35,63,8,39,50,33,41,17,26,9,38,49,42,58,18,37,34,36,48,47,51,33,37,59,29,34,30,29,35,13,32,43,35
"COG4300",3,0,0,0,0,0,2,1,0,0,0,0,2,0,0,1,0,0,0,2,0,0,0,0,0,0,0,1,0,1,1,0,0,0,15,18,0,0,0,0,0,0,10,0,1,0,0,0,0,0,0,0,0,0,0,2,0,0,0,0,3,0,0,0,1,0,0,0,0,0,3,0,0,0,0,0,0,3,0,0,0,0,0,0,0,6,0,0,0,2,0,4,0,0,0,1,0,0,0,0
"COG4301",144,68,47,11,4,148,35,36,156,124,32,6,58,31,25,40,6,27,87,145,40,6,64,23,78,26,11,99,47,13,91,37,22,65,41,177,37,36,35,55,86,28,75,12,111,44,78,32,49,16,32,35,79,95,42,47,24,38,45,25,108,101,34,44,135,56,41,33,63,2,141,53,48,11,29,18,22,122,24,22,57,32,61,42,74,112,11,20,51,113,23,146,26,56,59,54,22,42,36,19
"COG4302",11,3,7,0,0,3,5,0,1,0,4,2,9,1,11,0,66,0,0,3,0,2,23,1,12,0,0,8,0,0,21,0,2,8,14,10,6,0,0,0,1,0,22,5,4,0,2,25,0,1,2,1,1,0,4,5,4,2,9,0,2,2,5,0,3,4,5,0,1,0,6,0,0,1,1,0,0,13,2,0,1,0,0,0,1,3,2,2,1,6,0,1,4,9,0,3,6,2,2,0
"COG4303",13,3,5,0,0,8,6,0,0,1,3,1,12,1,8,0,58,0,0,5,3,1,12,0,4,1,0,5,0,0,31,0,1,7,11,22,4,0,4,1,0,0,20,2,11,0,2,23,0,0,0,3,2,0,3,11,12,3,14,1,2,6,11,0,4,4,9,1,5,0,5,1,1,2,2,0,1,13,5,0,1,0,0,0,6,17,3,3,5,9,2,6,2,6,1,4,1,4,4,0
"COG4304",0,0,0,0,0,0,0,0,0,0,0,0,0,0,0,0,0,0,0,0,0,0,0,0,0,0,0,0,0,0,2,0,0,0,0,0,0,0,0,0,0,0,1,0,0,0,0,0,0,0,0,0,0,0,0,0,0,0,0,0,10,0,0,0,0,0,0,0,0,0,0,0,0,0,0,0,0,0,0,0,0,0,0,0,0,0,0,0,0,0,0,0,0,0,0,0,0,0,0,0
"COG4305",0,0,1,0,0,0,0,0,0,0,0,0,0,0,0,0,0,1,0,0,0,0,0,0,0,0,0,1,0,0,0,0,0,3,0,0,0,2,0,0,0,0,0,0,0,0,0,0,0,0,0,2,0,0,1,0,0,0,0,0,0,0,1,0,0,0,0,0,0,0,0,0,0,0,0,0,0,0,0,0,0,0,0,0,0,0,0,0,0,0,0,0,7,0,0,2,0,0,0,0
"COG4307",27,10,8,0,0,4,16,3,7,71,0,1,15,1,5,5,60,2,4,5,2,0,13,2,8,2,0,8,22,1,37,0,2,13,13,11,1,4,5,4,2,4,23,3,2,5,5,27,4,0,2,3,2,11,2,4,5,3,23,2,7,6,10,8,0,0,9,4,3,0,6,6,8,1,21,5,10,27,3,1,6,7,13,4,7,13,5,6,10,12,1,6,7,12,12,9,2,5,5,6
"COG4308",4,7,1,1,6,9,2,2,0,1,12,3,7,7,3,1,2,7,1,3,11,8,4,1,3,5,3,6,4,3,2,4,3,2,6,5,7,3,5,9,12,2,4,3,3,7,3,4,4,3,6,5,9,2,4,9,12,5,9,4,1,4,3,4,5,14,2,4,6,20,3,7,2,2,2,4,5,4,17,4,10,4,0,8,8,4,1,6,3,4,1,2,5,5,1,6,0,5,5,0
"COG4310",49,39,18,46,46,58,42,46,48,49,62,32,61,38,48,42,1,59,50,59,42,46,34,46,47,43,31,54,39,30,41,31,61,30,22,61,106,35,51,52,56,41,20,37,47,46,82,31,41,38,63,39,49,58,52,49,67,58,66,40,57,38,28,52,74,114,32,42,37,83,57,59,57,26,39,14,49,43,37,33,53,28,55,61,51,50,31,14,61,38,56,48,27,60,29,38,22,48,33,34
"COG4311",35,48,12,51,64,29,44,44,47,81,19,42,43,54,54,46,2,37,59,52,26,56,20,43,30,49,54,23,38,36,12,61,55,22,22,25,24,70,37,27,25,40,31,40,52,47,38,12,44,41,88,68,66,74,51,63,77,65,30,65,46,62,18,85,80,48,57,66,86,97,57,62,76,66,48,71,81,49,62,80,84,64,75,67,99,41,60,45,103,44,74,49,59,65,129,80,29,59,52,67
"COG4312",0,0,4,0,0,1,0,0,0,0,5,0,0,0,3,0,1,0,0,0,0,0,1,0,1,0,1,0,0,2,2,0,0,6,1,7,4,0,4,1,0,0,4,0,1,0,0,2,0,0,0,0,2,0,0,1,0,1,1,0,2,4,0,0,0,4,0,0,0,0,0,0,0,0,0,0,1,3,0,0,1,1,0,0,0,1,0,1,1,1,0,3,0,0,0,1,0,0,0,0
"COG4313",0,1,3,0,1,0,1,0,1,1,1,0,1,0,1,0,7,0,0,1,0,0,6,1,1,0,0,0,2,1,7,0,1,4,5,2,0,0,1,0,1,0,14,2,0,0,1,8,0,1,1,1,0,0,2,0,0,0,2,4,2,2,1,1,0,0,2,0,2,0,2,0,0,0,6,0,0,2,2,0,0,6,2,0,0,0,0,0,1,2,0,5,0,2,0,0,0,1,0,0
"COG4314",1,1,6,0,0,0,2,0,0,0,0,0,1,0,0,0,2,0,0,0,0,0,7,0,0,0,0,0,0,0,4,0,0,0,0,0,0,0,0,0,0,0,4,1,0,0,1,1,0,0,0,1,2,0,0,0,0,0,2,0,0,0,2,0,0,1,0,0,1,0,0,0,1,1,1,0,0,6,1,0,0,0,0,0,0,0,0,0,0,0,0,0,2,0,0,1,0,0,0,0
"COG4315",1,0,2,1,5,1,0,0,0,0,1,0,0,1,0,1,2,0,0,1,3,16,2,0,0,0,0,2,1,1,0,2,1,2,2,1,0,0,0,8,1,0,2,0,1,0,0,3,3,1,0,0,3,0,4,0,2,0,0,0,5,1,1,0,0,0,0,2,2,31,2,1,0,0,0,0,0,0,0,1,1,1,2,2,3,1,0,0,0,1,2,1,5,1,1,1,4,3,4,0
"COG4317",0,0,0,0,0,0,0,0,0,0,0,0,0,0,0,0,1,0,0,1,0,0,2,0,0,0,0,0,0,0,0,0,0,0,0,0,0,0,0,0,0,0,0,0,0,0,0,0,0,0,0,0,0,0,0,0,0,0,0,0,0,0,0,0,0,0,0,0,0,0,0,0,0,0,0,0,0,1,0,0,0,0,0,0,0,0,0,0,0,0,0,0,0,0,0,0,0,0,0,0
"COG4318",0,3,33,18,0,0,0,1,17,0,1,1,0,4,15,1,1,5,0,0,2,0,0,9,0,0,3,0,0,0,0,7,0,4,0,1,0,5,1,0,0,4,0,0,0,5,4,9,1,1,0,28,3,0,4,8,0,0,0,1,0,0,8,0,0,0,0,4,2,0,0,13,2,1,2,19,3,0,0,15,0,13,2,6,0,0,11,1,0,0,0,0,13,1,4,34,3,13,10,2
"COG4319",9,8,2,2,0,7,1,0,0,0,8,3,2,2,3,0,38,2,1,4,5,0,4,0,7,1,0,4,4,7,13,1,2,12,11,1,2,1,1,2,4,0,5,5,9,0,2,16,4,3,3,5,1,3,4,5,6,2,8,1,0,2,1,4,2,2,3,0,5,0,3,2,1,3,2,1,0,4,2,1,2,2,1,6,2,3,1,2,3,5,4,5,6,7,2,2,2,2,8,0
"COG4320",20,2,3,1,4,8,5,0,5,3,8,9,3,14,1,1,57,2,1,6,6,0,7,0,24,0,2,2,0,9,35,1,0,7,16,3,2,1,4,1,9,2,29,4,8,3,0,16,0,0,0,0,0,0,3,15,6,2,6,3,3,5,7,0,0,0,1,4,13,0,5,0,6,2,5,2,1,6,1,1,0,5,1,0,1,7,7,1,0,6,1,6,5,5,11,5,2,16,7,0
"COG4321",0,2,11,6,19,2,5,4,9,9,1,5,3,3,8,4,17,3,4,5,3,14,9,4,6,4,6,1,1,3,10,10,5,10,6,2,2,5,5,9,1,4,13,3,5,6,2,14,5,2,3,1,4,5,2,3,0,7,2,3,2,1,7,2,1,2,5,4,1,9,0,4,5,5,11,10,6,3,4,9,2,5,3,4,1,3,3,14,4,6,7,1,6,3,7,9,5,3,1,5
"COG4322",0,2,1,0,0,0,2,0,1,0,0,0,0,1,0,0,0,0,0,0,0,0,2,1,1,0,0,0,1,1,0,0,0,0,1,1,2,1,2,2,0,0,1,1,0,2,4,1,2,0,0,4,3,0,0,1,0,2,3,0,0,0,0,1,1,3,1,0,0,0,1,0,1,0,1,0,0,0,0,0,0,1,1,3,0,0,0,0,0,0,1,0,1,1,1,2,0,0,1,1
"COG4323",17,2,15,6,24,13,14,13,18,14,4,14,17,15,12,16,47,9,19,8,6,29,12,9,10,13,18,11,17,15,34,13,14,25,16,5,1,9,13,12,8,7,29,19,12,9,1,23,4,19,14,12,7,16,8,7,18,5,4,4,5,5,6,5,1,1,11,8,16,5,8,7,11,11,4,7,3,12,6,6,5,9,9,8,9,2,13,19,16,5,19,2,9,2,9,7,5,5,5,6
"COG4324",36,41,13,7,4,32,13,1,8,2,21,3,30,6,3,8,7,5,4,45,18,3,44,9,12,3,1,35,10,13,48,6,15,33,18,27,44,5,7,28,52,5,44,4,49,10,42,30,11,4,5,11,33,4,8,15,7,5,45,6,47,37,14,5,13,32,4,8,8,0,38,8,2,6,8,9,2,57,11,9,10,17,15,11,10,30,11,6,4,23,5,39,6,16,3,11,2,9,8,3
"COG4325",54,8,9,0,3,14,18,3,4,1,10,7,23,10,33,1,159,0,1,8,3,2,42,0,26,3,0,22,1,2,83,2,2,35,39,84,8,0,5,1,6,1,117,4,21,1,4,58,5,2,1,2,8,10,5,2,12,3,12,2,47,17,12,1,0,3,13,2,15,0,29,1,0,0,4,3,4,29,6,2,1,3,1,0,11,54,7,3,10,55,1,18,4,10,12,2,4,6,5,1
"COG4326",5,0,0,0,0,0,0,0,0,0,1,0,0,0,15,0,2,0,0,1,0,0,24,0,3,0,0,1,0,0,6,0,0,0,0,0,1,0,0,0,1,0,0,1,0,0,0,0,0,0,0,0,0,0,1,0,1,0,1,0,0,1,1,0,0,1,0,0,0,0,0,0,0,0,0,0,0,0,0,0,0,0,0,0,0,0,0,0,0,0,0,0,0,0,1,0,0,0,1,0
"COG4327",27,17,17,55,53,13,44,69,49,73,16,39,29,54,64,60,28,63,83,18,31,53,34,67,34,56,50,30,50,47,28,60,62,28,40,20,6,39,55,39,20,53,25,58,16,45,13,30,57,69,81,61,32,66,39,49,36,58,16,54,21,24,24,45,24,9,49,69,56,64,18,48,57,60,38,41,45,18,52,51,60,51,55,63,66,22,60,41,71,20,75,21,41,40,81,49,18,37,30,58
"COG4328",0,0,8,2,0,0,1,0,6,0,0,0,1,1,1,1,6,3,0,0,3,0,0,0,0,3,1,0,0,4,0,1,0,1,0,0,0,2,1,0,0,1,1,0,0,2,0,0,1,0,0,8,3,0,1,3,0,0,0,1,0,0,14,0,1,0,1,0,1,0,0,2,2,1,0,1,0,0,0,3,0,3,1,0,0,0,2,0,0,0,0,1,2,0,2,10,1,2,1,1
"COG4329",0,0,0,0,1,0,0,0,0,0,0,0,0,0,0,0,0,0,0,1,0,0,0,0,0,0,0,0,0,0,1,0,0,0,0,1,0,0,0,0,0,0,3,0,0,0,0,0,1,0,0,0,0,0,0,0,0,0,0,0,0,0,0,0,0,0,0,0,0,0,0,0,0,0,0,0,0,0,0,0,0,0,0,0,0,0,0,0,0,0,0,0,0,0,0,0,0,0,0,0
"COG4330",4,0,0,0,0,1,0,0,0,0,0,0,0,0,0,0,0,0,0,0,0,0,1,0,0,0,0,1,0,0,1,0,1,1,0,2,0,0,1,0,0,0,6,0,0,1,0,0,0,0,1,0,0,0,0,1,0,0,0,0,4,0,0,0,0,0,0,0,0,0,0,0,0,0,0,0,0,0,0,0,0,0,0,0,0,3,0,0,0,2,0,1,0,0,0,0,0,0,0,0
"COG4331",0,0,0,0,0,0,0,0,0,0,0,0,0,0,0,0,0,0,0,1,0,0,0,0,0,0,0,0,0,0,0,0,0,0,0,0,0,0,0,0,0,0,0,0,0,0,0,0,0,0,0,0,0,0,0,0,0,1,0,0,0,0,0,0,0,0,0,0,0,0,0,0,0,0,0,0,0,0,0,0,0,0,0,0,0,0,0,0,0,0,0,0,0,0,0,0,0,0,0,0
"COG4333",11,9,75,31,30,21,75,66,33,28,5,22,6,30,30,57,10,64,41,12,53,33,10,35,43,43,43,18,50,47,15,32,32,14,20,23,10,42,51,14,17,61,5,55,20,31,16,48,27,16,12,29,9,27,29,20,7,32,1,27,6,11,66,34,4,7,43,31,3,19,11,26,32,27,72,35,35,9,25,36,6,28,39,8,6,12,28,37,15,11,7,13,22,30,22,25,97,39,51,28
"COG4334",0,0,1,0,0,0,0,0,1,0,0,0,1,1,0,0,0,0,0,0,0,1,1,0,0,0,0,1,0,1,0,0,0,0,4,4,0,0,0,0,0,0,1,0,0,0,0,0,0,0,0,0,0,0,0,0,0,0,0,0,1,0,0,0,0,0,0,0,0,0,1,0,0,0,0,0,0,3,0,0,0,0,0,0,0,0,0,0,0,1,0,1,1,0,0,0,0,0,0,0
"COG4335",0,0,5,0,0,0,1,0,0,0,0,0,1,2,5,0,0,0,0,1,1,0,1,0,4,0,0,2,0,4,0,1,0,7,2,1,1,3,2,1,0,0,2,0,3,0,1,1,0,1,1,1,0,1,1,6,0,0,1,0,1,0,2,0,1,0,0,0,0,1,0,0,0,0,0,0,0,1,1,0,0,2,0,0,0,1,0,9,0,0,0,1,2,0,0,1,1,2,0,0
"COG4336",21,15,11,20,15,13,13,7,18,5,16,21,36,13,25,15,6,15,6,30,25,38,36,24,15,12,14,28,14,10,9,34,15,37,31,17,14,13,10,50,24,10,14,8,28,25,22,14,24,11,12,18,32,15,14,16,20,13,26,15,27,23,8,17,36,19,17,11,13,43,20,16,11,15,12,22,16,25,31,18,25,16,6,19,46,34,23,30,10,17,16,25,10,18,11,23,4,16,15,29
"COG4337",10,8,44,55,46,13,35,36,35,37,5,63,7,38,47,48,76,52,37,8,45,13,10,56,21,34,74,12,48,54,25,67,32,51,34,3,1,47,40,51,6,29,29,61,15,46,3,19,56,39,39,31,7,36,26,24,24,29,2,20,4,4,39,20,8,0,15,28,23,3,6,37,42,39,39,36,32,3,22,39,27,50,23,65,19,2,32,34,14,4,26,4,54,23,32,42,38,32,38,38
"COG4338",0,0,5,2,1,0,4,1,6,4,0,1,0,1,4,6,0,3,9,0,2,1,1,2,3,2,0,0,2,9,0,1,4,5,1,7,0,2,2,5,0,4,0,13,0,1,0,3,2,11,5,8,1,3,1,4,3,2,0,3,0,0,4,4,2,0,3,1,4,0,0,4,8,3,3,0,3,0,0,0,3,2,4,4,4,1,2,7,6,5,8,0,14,3,1,2,9,1,0,3
"COG4339",7,6,4,3,0,5,1,0,2,1,4,1,2,4,2,2,2,7,0,4,3,0,17,2,1,1,1,9,1,1,3,2,2,7,2,23,6,2,0,6,7,1,6,0,2,1,5,4,1,0,1,1,4,0,1,4,10,3,4,2,6,4,2,0,0,5,2,4,4,0,7,7,1,0,1,5,1,2,1,3,4,1,2,1,5,16,2,0,1,6,0,7,4,6,0,1,0,5,2,0
"COG4340",9,0,2,1,2,3,2,0,3,2,3,0,5,0,13,4,6,1,2,4,0,0,24,2,7,3,2,7,0,3,6,0,5,4,3,5,0,0,1,6,1,2,3,2,3,2,1,2,2,0,1,6,3,1,2,2,0,5,4,0,1,1,1,0,3,3,9,0,0,1,0,1,1,1,2,0,0,2,2,3,1,2,1,1,5,1,2,1,7,2,1,0,1,0,1,1,0,0,3,0
"COG4341",135,93,55,166,90,158,87,115,150,190,70,127,139,133,97,120,6,139,155,185,73,92,82,137,115,138,119,123,143,116,90,153,179,71,67,104,64,143,116,107,151,128,93,125,169,150,47,59,139,156,156,118,150,151,113,162,151,119,58,130,147,183,51,142,161,71,110,137,139,127,150,162,145,138,80,132,135,155,215,116,132,128,184,164,156,142,124,83,125,181,201,155,96,89,103,164,46,120,85,141
"COG4347",0,0,0,0,0,0,0,0,0,0,0,0,0,0,0,0,0,0,0,0,0,0,0,0,0,0,0,0,0,0,0,0,0,0,0,0,0,0,0,2,0,0,0,0,0,0,0,0,0,0,0,0,0,0,0,0,1,0,0,0,0,0,0,0,1,0,0,0,0,0,0,0,0,0,0,0,0,0,0,0,0,0,0,0,0,0,0,0,0,0,0,0,0,0,0,0,0,0,0,0
"COG4352",0,0,0,0,4,0,0,0,0,0,1,0,0,1,0,0,0,3,0,0,0,0,0,0,0,0,0,0,0,0,0,1,0,0,1,0,2,0,0,0,0,0,0,0,0,1,0,0,1,0,0,3,0,0,1,0,0,0,0,0,0,0,0,0,0,0,0,0,1,1,0,0,1,0,0,1,0,0,2,1,0,3,0,1,1,0,0,0,0,0,0,0,3,0,0,0,0,4,1,0
"COG4353",0,0,0,0,0,0,0,0,0,0,0,0,0,0,0,0,0,0,0,0,0,0,0,0,0,0,0,0,0,0,0,0,0,0,0,0,0,0,0,0,0,0,0,0,0,0,0,0,0,0,0,0,0,0,0,0,3,0,0,0,0,0,0,0,0,0,0,0,0,0,0,0,0,0,0,0,0,0,0,0,0,0,0,0,1,0,0,0,0,0,0,0,0,0,0,0,0,0,0,0
"COG4354",0,21,83,43,1,2,7,0,36,2,10,7,8,12,47,0,3,15,0,5,7,6,19,52,1,2,19,9,2,10,2,24,1,13,10,3,8,8,1,11,0,14,3,2,2,13,27,4,2,1,1,51,10,0,15,35,6,1,25,5,6,1,22,0,1,11,4,19,1,0,6,25,7,6,23,27,25,2,2,58,0,58,13,13,2,1,31,11,5,2,0,5,30,1,7,82,7,35,35,15
"COG4357",0,0,0,0,0,0,0,0,0,0,0,0,0,0,0,0,0,0,0,0,0,0,0,0,0,0,0,0,0,0,0,0,0,0,0,0,0,0,0,0,0,0,0,0,0,0,0,0,0,0,0,0,0,0,0,1,0,0,0,0,0,0,0,0,0,0,0,0,0,0,0,0,0,0,0,0,0,0,0,0,0,0,0,0,0,0,1,0,0,0,0,0,0,0,0,0,0,0,0,0
"COG4359",3,5,0,0,0,0,0,0,0,0,7,0,12,2,0,0,0,1,0,9,8,0,6,0,2,2,0,12,1,0,7,0,1,9,5,0,6,1,0,8,3,0,5,0,5,1,2,3,1,0,1,3,18,0,1,5,10,0,8,1,8,6,0,3,11,2,0,0,3,0,6,4,0,0,0,1,0,7,2,0,7,2,0,3,8,12,4,0,0,6,0,6,1,4,1,6,0,1,1,0
"COG4360",0,2,110,19,0,1,102,83,30,7,1,20,0,30,22,90,2,77,35,2,58,0,0,18,30,39,22,0,57,51,1,41,38,12,16,17,1,49,87,3,0,86,0,38,0,24,3,83,6,14,3,44,4,24,71,40,7,54,2,49,0,0,117,37,0,2,69,64,2,0,0,27,48,26,132,41,66,1,26,41,5,34,35,13,7,1,35,5,27,6,1,0,21,53,9,59,145,75,102,37
"COG4362",0,0,9,2,2,0,6,2,3,12,0,5,2,3,2,1,0,2,5,0,6,1,1,2,3,1,4,1,1,7,0,1,0,0,2,0,0,5,3,6,0,3,0,12,0,2,0,2,2,0,0,4,2,5,2,1,0,1,0,0,0,0,3,0,0,0,0,2,0,0,0,1,3,8,3,1,7,0,1,0,0,5,3,1,2,0,2,8,0,0,0,1,1,2,5,3,1,2,2,6
"COG4365",33,19,48,37,123,27,31,24,18,72,5,75,20,45,107,36,3,45,47,14,40,119,22,28,30,27,79,33,58,101,15,90,26,31,16,41,4,64,42,19,34,14,20,79,18,91,12,15,41,65,51,45,23,44,41,52,27,22,12,35,23,19,49,45,14,2,22,54,20,106,19,49,48,66,56,27,46,12,35,33,32,11,68,35,19,48,46,175,29,24,42,23,121,42,48,95,50,46,55,65
"COG4370",0,13,345,55,0,0,284,282,67,13,0,52,1,107,44,195,0,237,109,25,197,0,1,58,116,151,69,0,188,130,1,88,103,42,74,50,1,92,208,32,0,320,0,78,1,52,20,183,23,47,11,166,15,79,213,113,23,173,0,201,0,0,351,181,0,0,190,174,6,0,0,57,133,120,353,212,219,1,40,155,16,126,102,42,21,0,136,16,95,18,4,4,69,142,39,118,474,200,253,108
"COG4371",0,4,25,18,0,0,0,0,19,1,0,10,0,6,11,0,0,9,0,0,20,0,0,21,0,18,3,2,2,4,0,14,31,5,11,0,0,12,0,3,0,7,0,0,0,8,7,74,4,0,1,26,6,0,28,10,1,1,0,4,1,0,14,7,0,0,0,4,3,0,2,10,11,9,5,30,9,0,18,24,0,18,4,8,2,0,17,3,0,0,0,0,17,21,3,43,12,28,46,2
"COG4372",0,2,136,24,0,0,78,76,32,4,0,23,0,44,21,66,0,61,42,7,66,0,2,32,39,49,25,0,72,57,0,26,37,14,18,13,1,56,56,19,1,99,0,40,1,31,9,72,8,10,1,75,11,27,73,51,7,44,0,57,0,1,134,63,2,0,46,59,3,0,0,24,55,30,135,81,76,0,20,62,6,51,38,14,0,1,38,7,24,7,1,0,24,62,11,69,194,93,108,34
"COG4373",22,4,5,0,0,10,11,0,0,0,0,7,2,1,0,0,39,0,3,5,1,0,8,0,10,0,0,2,0,0,44,1,0,12,14,3,0,0,1,0,0,0,29,3,2,0,2,12,2,2,0,1,1,1,3,1,1,0,6,2,5,5,5,0,0,1,3,0,3,0,5,0,0,6,3,1,0,16,0,0,0,5,0,0,0,6,0,0,3,3,0,7,7,1,1,7,3,3,3,0
"COG4374",2,0,0,0,0,0,0,0,0,0,0,0,0,0,0,0,1,0,0,0,0,0,0,0,1,0,0,0,0,0,1,0,0,0,0,4,1,0,0,0,0,0,0,0,1,0,0,0,0,0,0,0,0,0,0,0,0,0,0,0,1,0,0,0,0,0,0,0,0,0,1,0,0,0,0,0,0,3,0,0,0,0,0,0,0,0,0,2,0,0,0,1,0,0,0,1,0,0,0,0
"COG4377",0,0,0,0,0,0,0,0,0,0,0,0,1,0,0,0,0,0,0,0,0,0,1,0,0,0,0,3,0,0,0,0,0,0,0,0,0,0,0,0,0,0,1,0,0,0,0,0,0,0,0,0,0,0,0,0,0,1,0,0,0,0,0,0,2,0,0,0,0,0,0,0,0,0,0,0,0,0,0,0,0,0,0,0,0,1,0,0,0,0,0,0,0,0,0,0,0,0,0,0
"COG4379",0,0,0,0,0,0,0,0,0,0,0,0,0,0,2,1,0,0,0,0,0,0,0,0,1,0,0,0,0,0,0,0,0,0,0,1,0,0,0,0,0,0,0,0,0,0,0,0,0,0,0,0,0,0,0,0,0,0,0,0,3,1,0,0,0,0,1,0,0,0,1,0,0,0,0,0,0,2,0,0,0,1,0,0,0,2,0,1,0,2,0,0,0,0,1,0,0,0,0,0
"COG4380",2,0,0,0,3,0,2,1,2,3,4,2,0,8,4,0,12,0,0,0,3,15,3,1,7,0,1,0,1,0,10,1,1,4,3,1,1,0,1,0,1,0,3,0,1,0,2,9,0,0,1,1,0,0,0,0,2,0,7,0,0,3,1,2,0,3,0,0,3,5,2,1,1,1,2,0,0,3,1,0,3,0,0,0,0,1,1,1,0,1,0,0,0,0,3,0,1,2,0,1
"COG4381",0,0,0,0,0,0,0,0,0,0,0,0,0,0,0,0,0,0,0,0,0,0,2,0,0,0,0,0,0,0,0,0,0,1,0,0,0,0,0,0,0,0,0,0,0,0,0,1,0,0,0,0,0,0,0,0,0,0,0,0,0,0,0,0,0,0,0,0,0,0,0,0,0,0,0,0,0,0,0,0,0,0,0,1,0,0,0,0,0,0,0,0,0,0,0,0,0,0,0,0
"COG4382",5,0,1,0,6,1,1,0,0,0,0,0,1,1,0,0,11,0,0,0,1,0,6,0,0,0,0,0,0,0,11,0,0,3,1,0,0,0,0,0,0,0,15,0,1,0,0,3,0,0,0,0,1,0,1,1,0,0,1,1,5,2,2,0,0,0,2,0,1,0,2,0,0,2,1,0,0,7,0,0,0,0,0,0,0,2,0,0,2,4,0,1,0,1,0,0,0,1,1,0
"COG4383",17,5,5,2,4,8,11,0,0,1,1,4,5,2,4,2,42,0,0,3,2,1,11,0,6,1,0,2,0,0,61,0,2,14,12,12,1,0,4,1,0,0,26,4,4,0,0,16,0,0,1,2,2,0,3,1,5,0,5,1,3,4,5,0,1,1,4,1,1,0,6,0,0,3,4,2,2,11,2,1,0,3,0,0,0,6,3,2,2,2,0,5,4,1,0,5,3,7,5,1
"COG4384",0,0,0,0,0,0,0,0,0,0,0,0,0,0,0,0,0,0,0,0,0,0,0,0,0,0,0,0,0,0,0,0,0,0,0,0,0,0,0,0,0,0,0,0,0,0,0,0,0,0,0,0,0,0,0,0,1,0,0,1,0,0,0,0,0,1,0,0,0,0,0,0,0,0,0,0,0,0,0,0,0,0,0,0,0,0,0,0,0,0,0,1,0,0,1,0,0,0,0,0
"COG4385",3,0,0,0,0,0,1,0,0,0,0,0,0,0,0,0,1,0,0,0,0,0,3,0,0,0,0,1,0,0,1,0,0,1,2,0,1,0,0,0,0,0,6,0,3,0,0,2,0,0,0,0,0,0,1,0,0,0,1,0,1,0,1,0,0,0,1,0,0,0,1,0,0,0,0,0,0,2,0,0,0,0,0,0,0,1,0,0,0,2,0,1,0,0,0,0,0,0,1,0
"COG4386",2,0,0,0,0,1,0,0,0,0,0,0,0,0,1,0,0,0,0,0,0,0,0,0,1,0,0,2,0,0,1,0,0,0,0,0,1,0,0,0,0,0,0,0,0,0,1,3,0,0,0,0,2,0,0,0,1,1,0,0,0,0,0,0,0,0,0,0,0,0,0,0,0,0,0,0,0,0,0,0,0,0,0,0,0,2,0,2,0,0,0,0,0,0,2,0,0,0,0,0
"COG4387",2,1,2,0,1,1,0,0,0,0,0,1,1,0,0,0,10,0,0,0,1,0,5,0,1,0,0,0,0,0,17,0,0,1,1,0,0,0,0,0,0,0,12,1,0,0,0,4,0,0,0,1,0,0,0,0,0,0,0,2,1,0,1,0,0,0,2,0,1,0,0,0,0,2,0,0,0,1,0,0,0,2,0,0,0,1,0,0,1,1,0,0,0,0,0,0,0,1,1,0
"COG4388",1,0,0,0,0,1,2,0,0,0,0,2,5,1,0,0,20,0,0,0,1,0,4,2,5,0,0,1,0,0,25,0,0,4,1,4,0,0,0,0,1,0,26,0,2,2,1,9,0,0,0,2,3,0,0,0,1,0,5,0,3,3,1,0,0,0,2,2,2,0,5,0,0,2,2,1,0,8,2,1,0,0,0,0,0,1,1,0,0,2,0,0,3,1,0,5,0,1,1,0
"COG4389",0,0,0,0,0,0,2,0,0,0,0,0,0,0,0,0,0,0,0,2,0,0,1,0,0,0,0,0,0,0,1,0,0,0,0,0,0,0,0,0,0,0,3,0,0,0,0,0,2,0,0,0,0,0,0,0,0,2,0,0,18,0,0,0,0,0,0,0,0,0,0,0,0,0,0,0,2,0,0,0,0,0,0,0,0,1,0,0,2,0,0,0,0,0,1,0,0,0,0,0
"COG4390",0,0,0,1,0,0,0,0,0,1,0,0,2,1,0,0,0,0,0,0,0,1,1,1,0,0,0,0,0,0,0,1,0,0,0,0,0,0,0,0,0,0,0,0,0,1,0,0,0,0,0,0,0,0,2,0,0,0,0,0,0,0,0,0,0,0,0,0,1,1,0,1,0,0,0,0,0,0,0,0,0,0,0,0,0,0,0,1,0,0,0,0,0,0,0,0,0,0,1,0
"COG4391",4,6,2,2,9,4,3,1,3,1,5,5,3,4,4,0,0,1,3,5,4,7,2,3,6,1,1,1,0,5,1,2,4,2,2,4,1,7,2,6,3,3,4,2,3,5,3,1,4,4,4,0,2,1,4,2,5,2,3,3,5,4,0,1,3,7,1,2,4,5,4,8,4,4,1,7,2,3,4,1,3,2,0,3,3,2,1,11,1,2,2,2,4,6,5,3,1,4,5,4
"COG4392",5,0,1,0,2,0,0,0,3,3,1,0,4,0,5,4,1,0,1,0,3,13,3,1,0,0,0,1,2,1,4,0,1,1,1,0,0,1,1,1,0,0,0,2,0,0,0,0,2,0,0,1,0,0,2,0,0,0,0,0,1,1,1,0,1,0,1,0,0,18,0,0,2,0,0,1,1,0,0,0,0,0,0,0,1,0,2,0,0,0,0,0,2,0,2,2,0,0,2,0
"COG4393",2,2,4,0,0,0,0,0,0,0,2,0,3,0,0,0,0,0,0,0,0,0,1,0,3,0,0,0,0,2,0,0,0,0,0,1,4,0,1,0,1,0,0,0,1,1,2,0,0,0,0,0,1,0,0,0,0,0,3,0,4,1,0,0,1,2,0,0,0,0,3,1,0,0,0,0,0,0,0,0,0,1,0,0,0,2,0,0,0,1,0,0,2,0,0,0,0,0,0,0
"COG4394",1,0,0,1,0,0,0,0,2,1,0,0,0,0,0,0,0,0,0,2,0,0,1,2,0,0,0,0,0,2,0,0,0,2,0,0,1,1,0,0,0,0,4,0,3,0,0,5,0,1,0,0,0,0,0,0,3,0,0,1,0,0,2,0,0,0,0,0,1,0,0,0,0,0,1,1,0,0,0,0,1,0,2,0,0,0,1,0,0,0,0,0,0,0,1,1,1,0,0,0
"COG4395",35,88,39,132,105,55,77,120,146,148,38,118,101,118,121,112,15,117,145,86,75,100,56,134,83,99,107,58,106,101,32,145,119,42,68,84,77,140,120,84,53,84,65,138,55,103,69,49,106,130,152,113,92,162,96,133,148,116,44,108,49,70,54,115,101,86,102,136,52,77,33,108,108,101,58,95,124,52,120,102,121,71,126,124,107,41,113,53,147,61,181,60,87,119,139,116,47,91,67,137
"COG4396",0,0,0,0,0,0,0,0,0,0,0,0,0,0,0,0,0,0,0,0,0,0,1,0,0,0,0,0,0,0,0,0,0,0,0,0,1,0,0,0,0,0,0,0,0,0,2,0,0,0,0,0,0,0,0,0,0,0,1,0,0,0,0,0,0,0,0,0,0,0,0,0,0,0,0,0,0,0,0,0,0,0,0,0,0,0,0,0,0,1,0,0,0,0,0,0,0,0,0,0
"COG4397",3,2,0,0,0,3,0,1,0,0,0,2,8,0,1,0,18,0,0,0,2,0,4,0,5,0,0,0,0,0,31,0,0,4,4,4,1,0,0,1,1,0,15,2,3,0,0,6,0,0,0,0,1,0,1,0,1,0,2,2,1,6,3,0,0,1,0,2,0,0,7,0,0,4,2,0,0,3,0,1,0,0,0,0,0,1,0,0,1,4,0,4,1,0,2,1,1,2,2,0
"COG4398",58,67,85,26,1,50,6,3,42,2,58,8,44,11,27,5,3,18,3,114,37,5,64,37,31,18,21,42,10,26,37,19,15,67,37,35,56,24,6,48,78,16,43,17,83,21,51,10,18,11,3,54,53,4,26,21,10,7,31,13,92,92,73,14,35,68,9,14,7,0,75,29,10,17,19,53,15,86,19,34,16,53,12,24,15,82,32,8,5,59,7,89,42,25,5,56,67,20,37,23
"COG4399",14,13,15,1,3,16,16,2,4,2,6,7,11,7,7,2,115,1,5,9,7,3,36,3,25,2,2,4,2,5,46,0,2,27,16,4,3,4,6,2,10,4,35,4,20,1,3,44,3,0,0,8,4,8,3,4,13,3,16,2,10,10,17,2,5,4,0,1,14,0,8,2,4,5,3,1,9,19,5,7,0,12,0,3,8,10,2,5,3,8,2,8,10,3,4,9,3,6,9,2
"COG4401",5,8,60,13,0,4,22,39,8,10,4,19,21,27,3,34,2,21,15,12,48,0,14,17,23,38,21,19,45,24,2,29,23,10,23,6,3,26,34,24,3,42,7,19,7,18,5,33,19,26,14,31,26,15,31,32,20,18,2,27,11,6,56,24,20,3,22,34,14,0,5,21,11,18,54,23,38,3,20,29,21,28,19,15,29,7,28,6,15,14,29,3,13,40,5,26,82,48,35,38
"COG4402",0,0,9,1,5,0,2,0,0,0,2,2,4,2,0,0,3,1,0,0,1,0,6,2,1,0,4,8,0,3,0,0,1,4,2,0,0,0,2,0,0,0,0,1,1,0,1,6,0,0,0,6,5,0,2,2,0,0,1,1,5,0,18,0,3,1,0,1,0,1,4,0,0,3,0,1,0,0,0,0,0,1,0,1,0,4,0,0,1,1,0,1,4,3,1,1,3,2,1,1
"COG4403",2,18,9,0,1,3,1,2,0,1,4,3,6,0,4,0,0,5,0,1,2,3,9,1,2,2,2,2,0,7,0,7,5,4,1,5,8,0,1,0,2,4,2,2,0,3,10,6,6,0,1,4,4,0,4,13,0,5,8,2,0,0,17,0,0,3,2,6,0,0,0,3,2,2,9,7,4,0,0,6,0,9,0,0,2,14,3,1,5,4,0,4,0,4,1,6,7,2,3,3
"COG4405",8,1,2,0,3,2,1,0,4,1,2,0,5,2,5,2,0,3,1,1,1,6,6,0,2,0,2,9,0,2,12,1,3,6,2,6,2,1,0,4,0,0,8,0,7,6,2,2,0,0,1,1,9,0,2,3,0,0,0,0,3,3,1,1,0,1,0,1,2,1,3,6,1,1,0,2,0,1,0,0,2,1,1,3,3,11,0,15,1,3,2,3,2,0,3,2,0,4,2,0
"COG4409",20,50,33,16,18,29,11,14,8,26,1,27,55,27,53,21,11,13,14,22,30,8,74,20,17,15,53,39,22,21,24,31,13,112,48,22,2,35,17,35,26,10,17,52,47,43,39,25,46,22,23,26,55,16,39,15,8,6,34,21,23,47,31,23,15,0,21,19,13,8,29,31,17,53,11,24,7,30,6,16,9,34,23,15,3,33,22,36,6,36,10,36,17,29,31,40,18,23,43,24
"COG4412",100,202,53,38,50,100,60,28,3,8,481,190,151,106,41,50,26,96,34,116,177,43,140,61,107,105,51,189,108,160,105,133,177,163,198,86,346,110,68,185,183,72,101,53,150,157,215,159,175,206,135,86,212,27,254,166,147,54,273,64,149,149,182,89,99,339,87,99,226,16,138,153,30,75,67,56,44,113,196,88,176,161,32,138,119,143,45,23,49,135,184,158,192,149,21,26,133,70,223,70
"COG4413",0,2,0,0,1,0,0,0,0,0,7,0,0,1,3,1,1,0,1,2,0,3,1,0,1,0,1,1,0,0,1,0,0,0,0,1,6,0,0,0,0,0,2,0,0,0,1,1,0,0,0,0,0,0,0,3,0,0,9,0,0,0,0,0,0,2,0,0,0,1,1,0,0,0,0,0,0,0,0,0,0,0,0,0,0,1,0,0,0,1,0,1,0,0,0,0,1,0,0,0
"COG4420",7,1,5,0,0,3,6,0,0,0,3,0,0,0,0,0,1,0,1,1,0,0,1,0,2,0,0,1,3,1,3,1,0,1,7,11,2,0,0,1,0,2,11,0,0,1,1,7,0,0,3,2,0,0,4,3,5,4,2,1,2,0,5,0,0,2,6,0,2,0,6,0,1,1,0,1,0,5,3,0,6,2,0,2,3,11,4,2,5,11,4,3,1,3,0,2,0,3,0,0
"COG4421",53,54,21,95,25,44,48,59,68,56,56,40,70,66,60,30,8,45,78,69,36,26,18,83,69,59,54,55,39,39,51,44,86,9,48,37,49,67,48,35,57,30,33,36,51,50,101,22,62,41,50,47,73,71,26,62,84,79,45,61,45,50,18,64,89,68,89,55,40,28,48,60,49,31,32,142,55,45,47,79,69,31,58,54,74,55,53,23,96,45,78,51,31,85,20,31,29,62,26,38
"COG4422",6,5,6,1,1,2,5,0,1,0,14,0,1,0,2,0,11,0,0,1,1,0,21,2,2,1,0,2,0,1,6,0,0,4,2,6,5,0,0,1,1,0,15,1,0,0,4,5,0,0,0,1,0,2,0,0,1,1,7,1,1,1,3,0,0,6,2,0,1,0,5,1,1,0,0,1,1,7,1,3,0,1,0,0,0,2,1,0,1,4,0,3,4,0,0,0,0,0,0,0
"COG4423",1,0,1,0,0,0,0,0,0,0,1,0,0,0,0,0,0,0,0,0,0,0,0,0,0,0,0,0,0,1,0,0,0,0,0,1,0,0,0,0,0,0,0,0,0,0,0,0,0,0,0,0,0,0,0,0,0,0,0,0,0,0,0,0,0,0,0,0,0,0,0,0,0,0,0,0,0,1,0,0,0,0,0,0,0,3,0,0,0,1,0,0,0,0,0,0,0,0,0,0
"COG4424",0,1,0,0,1,3,1,0,0,0,1,6,1,14,3,0,5,1,1,0,0,1,2,0,5,0,0,2,0,0,7,0,0,1,1,3,0,0,0,1,1,0,6,1,7,0,1,8,1,0,0,0,0,0,2,2,0,0,2,0,3,0,1,0,2,0,0,0,2,0,0,0,0,0,0,0,0,3,1,0,0,0,0,0,0,0,0,0,1,1,0,2,0,1,4,0,0,2,2,0
"COG4425",0,0,1,0,0,0,1,1,0,0,0,0,0,1,0,0,0,0,0,0,0,0,0,1,0,1,1,0,5,1,0,0,2,0,4,1,0,0,1,7,0,8,4,0,1,0,0,0,0,1,0,0,0,0,1,0,1,3,1,0,1,1,0,2,0,0,3,0,0,0,0,0,5,1,1,3,1,0,0,2,0,2,0,0,0,0,0,1,0,1,0,0,2,0,0,3,1,0,1,0
"COG4427",2,0,1,0,2,4,1,0,7,1,2,0,2,0,1,1,3,0,0,9,1,3,5,0,2,0,0,4,0,3,8,0,0,3,1,12,1,0,1,1,1,1,16,2,2,0,0,2,0,1,0,1,4,3,1,0,0,1,2,0,6,4,0,0,0,2,1,1,0,0,7,0,1,1,1,1,0,15,0,0,0,1,0,0,2,14,0,11,0,8,0,3,0,0,2,1,2,2,0,0
"COG4430",19,1,6,0,1,3,5,0,0,0,1,1,2,2,6,0,0,0,0,0,0,2,6,0,7,0,0,8,0,2,7,0,0,10,11,22,4,0,3,0,4,0,18,2,2,1,4,6,1,2,1,0,5,0,1,5,2,4,5,2,8,1,2,0,1,0,4,4,0,0,7,1,0,1,0,0,0,10,0,0,0,0,1,0,0,46,1,0,3,11,1,7,2,4,2,1,4,0,0,2
"COG4445",40,7,125,24,45,26,107,75,33,16,7,36,27,45,63,94,85,75,33,18,82,39,55,26,71,55,41,24,52,48,67,39,45,54,51,36,2,45,54,28,16,88,37,44,30,32,12,114,26,28,16,74,16,29,87,47,15,50,18,61,17,13,117,42,4,1,64,54,16,55,18,28,54,50,111,62,70,17,41,67,13,49,47,30,13,34,49,61,19,35,10,15,44,54,24,56,134,76,83,44
"COG4446",11,9,166,11,3,10,89,74,18,5,3,21,10,24,15,70,1,61,28,21,75,2,10,7,32,57,32,10,51,64,8,27,61,24,29,25,7,44,74,14,13,79,8,42,13,20,3,97,11,32,8,62,9,18,71,25,10,61,6,59,10,11,175,46,3,6,62,59,6,8,9,16,42,42,122,31,58,11,28,36,1,22,32,10,9,12,26,3,23,22,4,10,24,58,14,28,274,89,87,50
"COG4447",62,48,180,21,62,41,158,93,35,32,28,56,57,74,86,122,194,133,73,42,116,48,82,35,102,59,43,41,97,73,93,61,59,73,111,63,14,81,117,39,50,142,80,59,57,55,39,210,30,37,23,86,30,46,92,77,23,78,47,95,39,37,198,73,13,17,122,82,29,86,47,42,90,69,156,85,107,78,50,71,25,87,78,35,38,58,58,70,56,59,28,31,71,73,37,58,224,112,109,72
"COG4448",83,97,192,87,80,80,144,133,71,30,89,134,80,119,58,110,9,127,79,75,132,39,66,83,79,141,101,100,101,165,62,136,133,89,106,79,124,123,123,127,95,152,45,118,95,108,148,176,107,116,83,130,104,60,157,153,125,101,102,112,91,80,226,104,65,129,108,117,83,14,92,97,95,103,158,126,123,71,143,156,92,141,83,100,70,68,130,68,60,89,130,94,106,138,49,126,246,142,150,149
"COG4449",1,0,1,0,0,0,1,0,0,0,0,0,0,0,2,0,0,0,0,0,0,0,0,0,0,0,0,0,0,0,0,0,0,0,0,0,0,0,0,0,0,0,1,0,0,0,0,1,0,0,0,0,0,0,0,0,0,0,0,0,0,0,0,0,0,1,0,0,0,0,0,0,0,0,0,0,0,0,0,0,0,0,0,0,0,1,0,0,0,0,0,0,0,0,0,0,0,0,0,0
"COG4451",12,8,80,7,26,10,82,55,10,2,2,24,0,27,7,42,1,46,31,13,45,24,0,10,21,42,15,1,29,37,5,30,28,14,24,7,1,28,53,13,7,94,3,21,19,12,4,55,7,13,3,45,4,14,35,22,3,36,2,45,11,16,84,24,0,3,55,42,5,30,5,18,19,26,96,50,46,10,21,35,5,52,17,8,10,11,21,15,27,10,3,10,28,45,10,27,106,84,64,32
"COG4452",19,5,19,1,1,4,2,0,2,0,8,1,4,6,3,0,3,3,1,2,1,4,9,2,6,1,2,7,1,9,5,0,3,10,2,6,0,2,2,2,6,1,6,2,2,0,3,4,2,5,0,4,1,0,1,6,0,2,6,3,7,1,14,2,0,6,5,2,1,0,11,2,0,3,2,2,1,5,1,2,0,2,0,2,2,22,7,7,0,8,2,3,5,4,1,5,7,4,2,3
"COG4453",0,0,0,0,0,0,1,0,0,0,0,0,1,0,0,0,4,0,0,4,0,0,3,0,2,0,0,0,0,0,5,0,0,1,0,0,0,0,0,0,0,0,0,0,0,0,0,4,0,0,0,0,1,0,0,0,1,0,4,0,0,0,0,0,0,2,0,0,0,0,0,0,0,0,0,0,0,0,0,0,0,0,0,0,0,0,0,0,1,0,0,1,0,0,1,0,0,0,0,0
"COG4454",21,8,19,27,16,1,44,32,53,76,6,36,18,38,10,34,6,43,33,6,22,8,27,13,27,47,18,22,32,42,36,36,40,20,22,10,2,35,31,20,5,26,37,49,5,36,7,37,32,56,46,35,19,27,37,37,51,36,17,31,6,2,22,52,30,5,45,34,31,10,1,42,24,21,22,6,25,21,19,18,47,21,58,33,47,10,22,4,57,11,67,5,33,37,35,24,14,23,25,16
"COG4455",1,1,0,0,12,0,0,0,0,0,1,1,0,0,1,0,3,0,0,0,0,5,2,0,3,0,0,0,0,0,4,0,0,0,0,0,2,0,0,0,0,0,0,0,1,0,0,0,0,0,0,0,0,0,3,0,1,0,0,0,0,1,1,1,0,0,0,0,0,2,0,0,0,0,1,0,1,0,0,0,0,0,0,0,0,0,0,0,0,1,0,0,0,0,0,1,0,0,1,0
"COG4456",1,0,0,1,0,1,0,0,0,0,0,1,0,1,1,0,0,1,0,0,0,0,1,3,1,0,0,1,0,0,0,0,0,0,1,0,0,0,0,2,0,0,0,0,0,0,2,0,1,0,0,0,0,0,0,2,0,0,0,1,0,1,1,0,0,0,0,0,0,0,0,0,0,0,1,2,0,0,0,0,0,0,0,0,0,1,0,1,0,0,0,0,0,0,1,0,0,0,0,0
"COG4457",0,4,2,0,11,1,3,0,3,0,6,0,0,0,1,0,0,1,0,0,2,14,0,2,0,0,0,0,3,2,0,1,2,0,0,0,4,2,2,1,1,0,2,1,0,1,4,0,0,0,0,1,1,1,2,2,3,0,6,0,0,1,1,1,0,6,0,2,0,7,1,0,1,3,1,1,0,0,0,0,0,0,1,1,0,1,0,1,0,0,1,0,1,0,0,0,0,2,4,1
"COG4458",0,2,1,2,2,0,3,0,3,0,2,1,0,1,1,0,1,1,0,0,0,7,0,4,0,1,0,0,0,0,1,3,1,0,0,0,4,0,2,1,2,0,2,0,0,1,4,1,0,0,0,0,1,0,1,1,0,0,1,0,0,0,2,0,0,2,1,1,0,2,0,0,0,1,0,0,0,0,1,0,0,1,0,0,0,1,2,5,0,0,0,0,0,0,0,0,3,1,0,1
"COG4459",0,0,0,0,0,0,0,0,0,0,0,0,0,0,1,0,2,0,0,0,0,0,2,0,0,0,0,0,0,0,1,0,0,0,0,0,0,0,0,0,0,0,0,0,0,0,0,0,0,0,0,0,0,0,0,0,0,0,0,0,0,0,0,0,0,0,0,0,0,0,0,0,0,0,0,0,0,0,0,0,0,0,0,0,0,0,0,0,0,0,0,0,0,0,0,0,0,0,0,0
"COG4460",0,0,0,0,0,0,0,0,0,0,0,0,0,0,0,0,0,0,0,0,0,0,0,0,0,0,0,0,0,0,0,0,0,0,0,0,0,0,0,0,0,0,0,0,0,0,0,0,0,0,0,0,0,0,0,0,0,0,0,0,0,0,0,0,0,1,0,0,0,0,0,0,0,0,0,0,0,0,0,0,0,0,0,0,0,0,0,0,0,0,0,0,0,0,0,0,0,0,0,0
"COG4461",1,1,0,0,3,3,0,1,0,0,0,0,0,1,0,0,0,0,0,3,0,2,2,0,0,0,0,0,0,0,0,0,0,0,1,0,0,0,0,0,0,0,3,0,0,0,0,0,0,0,0,0,1,1,0,0,0,0,0,0,0,0,1,0,0,0,0,0,0,0,1,0,0,0,0,0,0,0,0,0,0,0,0,0,0,1,0,6,0,1,0,0,0,1,0,0,0,0,0,0
"COG4464",23,13,30,1,20,9,15,5,0,1,15,19,25,12,18,7,44,11,5,7,19,10,31,5,17,6,21,14,11,17,24,9,10,26,22,12,27,9,10,21,15,3,23,19,13,13,18,28,12,18,12,21,14,6,18,12,21,5,20,8,8,10,29,8,9,21,10,4,13,16,10,14,9,12,23,3,4,17,9,2,18,4,10,16,16,13,5,24,5,13,16,7,36,12,4,10,19,10,11,9
"COG4468",0,3,1,0,0,0,0,0,0,0,1,0,0,0,0,0,0,0,0,0,0,0,1,0,0,0,0,0,0,0,0,0,0,0,0,0,0,0,0,0,0,0,0,0,0,0,8,0,0,0,0,0,0,0,0,0,0,0,9,0,0,0,0,0,0,0,0,0,0,0,0,1,0,0,0,0,0,0,0,0,0,0,0,0,0,0,0,0,0,0,0,0,0,0,0,0,0,0,0,0
"COG4469",0,0,0,0,0,0,0,0,0,0,0,0,0,0,0,0,0,0,0,0,0,0,0,0,0,0,0,0,0,0,0,0,0,0,0,0,0,0,0,0,1,0,0,0,0,0,0,0,0,1,0,0,0,1,0,0,0,0,0,0,0,0,0,0,0,0,0,0,0,0,0,0,0,0,0,0,0,1,0,0,0,0,0,0,0,0,0,1,0,0,0,0,0,0,0,0,0,0,0,0
"COG4474",0,0,0,0,0,0,0,0,0,0,0,0,0,0,0,0,0,0,0,0,0,0,0,0,0,0,0,0,0,0,0,0,0,0,0,0,0,0,0,0,0,0,0,0,0,0,0,0,0,0,0,0,0,0,0,0,0,0,0,1,0,0,0,0,0,0,0,0,0,0,0,0,0,0,0,0,0,0,0,0,0,0,0,0,0,0,0,0,0,0,0,0,0,0,0,0,0,0,0,0
"COG4481",1,0,0,0,0,0,0,0,0,0,1,0,0,0,0,0,0,0,0,0,0,0,1,0,0,0,0,2,0,0,1,0,0,0,0,0,0,0,0,0,0,0,1,0,0,0,1,0,0,0,0,0,1,0,0,0,0,0,2,0,1,0,0,0,1,2,0,0,0,0,1,0,0,0,0,0,0,1,0,0,0,0,0,0,0,4,0,0,0,0,0,0,0,0,0,0,0,0,0,0
"COG4485",0,0,0,0,0,1,0,0,0,0,2,0,4,0,0,0,0,0,0,0,0,0,2,0,0,0,0,0,0,0,0,0,0,0,0,0,2,0,0,0,0,0,0,0,0,0,0,0,1,0,0,0,0,0,0,0,0,0,0,0,0,0,0,0,0,1,0,0,0,0,1,0,0,0,0,0,0,0,0,0,0,0,0,0,0,0,0,0,0,0,0,0,0,0,0,0,0,0,1,0
"COG4487",13,33,218,57,58,27,176,166,46,28,38,56,12,68,69,119,6,123,87,29,126,72,20,58,64,73,73,6,111,100,12,78,107,40,35,46,38,96,129,19,19,161,17,84,22,54,50,130,37,58,35,103,28,71,148,84,19,94,27,113,19,23,231,87,14,32,103,127,25,142,20,60,109,55,207,101,125,15,82,75,19,77,71,62,29,17,83,46,63,33,35,22,60,92,46,58,301,138,181,74
"COG4496",4,3,1,0,15,3,5,3,11,3,5,1,2,1,2,4,0,0,7,6,3,17,3,3,8,2,3,3,5,2,3,3,5,0,0,2,1,6,1,1,2,4,2,0,1,3,1,2,4,1,1,3,0,7,5,6,3,4,3,2,1,1,5,3,1,1,6,1,2,4,0,3,4,3,6,4,4,1,2,5,1,2,6,3,4,5,8,9,2,2,2,2,0,1,9,3,2,2,3,4
"COG4502",8,0,2,0,0,0,0,0,0,0,0,4,0,0,0,0,0,0,0,0,0,1,2,0,1,1,1,5,1,0,2,6,1,1,0,11,1,1,2,0,0,1,0,1,0,5,0,3,0,1,2,0,1,0,1,0,0,0,2,0,1,0,0,1,0,0,2,0,1,0,1,0,2,1,0,0,0,1,31,0,0,1,0,1,0,9,0,16,3,2,1,0,1,2,1,1,0,0,0,0
"COG4517",18,14,13,13,26,19,20,9,19,24,12,15,23,27,9,11,54,13,14,12,15,39,19,18,16,26,17,10,16,16,27,25,17,26,12,9,9,14,5,14,17,7,27,15,13,20,14,24,15,19,11,18,10,16,18,10,25,13,12,13,20,12,12,17,13,9,16,14,22,30,13,14,21,12,24,12,17,7,13,13,14,4,19,18,7,18,10,29,14,10,19,15,19,10,15,14,9,20,16,22
"COG4519",0,0,0,0,0,0,0,0,1,0,0,0,5,0,3,0,24,0,0,1,0,0,10,0,0,0,0,0,0,0,5,0,0,1,1,0,0,0,0,0,0,0,2,0,0,0,0,2,0,0,0,0,0,0,0,0,0,0,0,0,1,1,0,0,0,0,0,0,1,1,0,0,0,1,0,0,0,1,0,0,0,0,0,0,0,0,0,0,0,0,0,0,1,0,0,0,1,1,0,0
"COG4520",13,17,16,7,6,5,12,11,14,1,17,8,16,7,8,7,1,5,8,16,11,3,21,6,2,4,4,5,6,11,8,5,6,19,11,10,34,6,11,19,9,10,11,6,6,8,30,5,7,4,0,13,13,8,8,5,2,4,19,6,4,11,9,10,2,25,10,5,4,0,5,5,5,4,9,14,3,11,3,12,2,5,9,2,9,7,5,9,4,12,1,8,9,4,7,5,8,5,2,7
"COG4521",105,123,18,147,180,118,92,113,154,147,54,109,72,113,134,118,2,107,154,108,64,150,36,162,95,143,148,91,99,97,61,122,144,13,58,78,117,138,126,66,123,88,60,116,111,136,118,20,135,109,167,82,71,139,75,104,88,128,94,143,109,128,32,137,96,126,123,123,149,176,112,134,140,115,44,89,140,74,158,121,138,132,154,150,153,72,104,95,172,100,127,104,74,85,175,101,23,117,61,148
"COG4525",73,117,17,99,116,106,55,72,123,98,51,98,44,96,101,79,1,101,100,105,40,98,26,117,84,81,109,63,76,64,44,97,96,21,48,53,116,110,77,49,135,69,42,92,92,91,94,19,96,85,145,72,56,105,55,75,81,101,62,90,92,109,17,83,82,125,88,102,82,113,92,89,91,99,32,65,97,73,99,102,87,78,94,107,102,64,75,67,132,86,131,80,45,77,93,81,33,79,49,105
"COG4529",21,1,3,6,4,2,10,7,7,5,0,8,6,2,8,6,1,8,4,1,5,0,8,8,6,3,4,10,5,6,17,1,7,8,4,30,2,3,2,13,1,13,13,2,0,6,2,6,4,5,4,3,7,3,7,6,1,4,0,8,12,3,8,11,1,2,7,7,3,0,11,3,9,6,8,13,4,3,0,6,3,1,7,6,2,30,10,5,0,4,4,7,12,13,17,10,4,4,3,10
"COG4530",0,0,2,6,1,0,7,2,10,8,0,2,0,3,5,2,1,2,5,2,2,0,2,1,4,1,3,1,1,4,4,4,5,4,3,3,0,5,6,3,0,3,12,1,0,4,0,3,4,5,3,1,0,5,2,0,0,5,1,0,0,1,0,6,0,0,0,4,5,0,0,5,4,1,5,4,4,3,2,2,0,5,0,3,0,4,4,6,2,3,3,0,2,2,5,9,3,3,3,4
"COG4531",33,59,49,164,65,49,106,159,101,79,17,124,93,157,167,193,12,147,195,38,118,35,49,174,102,155,141,115,86,102,28,106,176,52,82,28,44,181,167,99,53,139,41,149,33,143,40,38,173,161,196,113,72,212,108,170,125,198,44,170,50,44,56,131,139,42,137,150,182,86,24,158,140,135,69,116,149,47,72,136,161,119,104,171,227,36,131,53,244,52,198,28,76,129,117,136,54,118,88,156
"COG4533",0,0,0,0,0,0,0,0,0,0,1,0,0,0,15,0,18,0,0,0,0,1,38,1,0,0,0,0,0,0,0,0,0,0,0,0,0,0,0,1,0,0,0,0,0,1,0,0,0,0,0,0,0,0,0,0,0,0,0,1,0,0,0,0,0,0,0,0,2,2,0,0,0,0,0,0,0,0,3,0,0,0,0,0,0,0,0,0,0,0,0,0,0,0,1,0,0,0,0,0
"COG4535",56,55,51,65,87,79,45,51,62,76,35,73,39,44,67,68,82,44,100,32,50,68,64,74,57,60,85,36,72,57,61,65,41,68,27,27,31,39,49,34,57,60,52,79,53,46,51,59,49,78,83,61,34,101,50,34,54,61,51,48,41,51,32,70,50,43,63,48,48,90,33,36,83,77,52,38,59,55,44,41,39,30,77,58,28,31,80,98,55,40,68,54,38,48,81,62,33,37,50,78
"COG4536",69,101,106,189,207,109,118,153,213,168,56,141,102,130,177,139,140,103,215,76,117,219,124,186,101,121,165,85,146,149,115,143,113,126,89,75,78,123,124,102,93,125,91,202,72,133,96,122,124,159,165,161,118,200,88,99,150,141,76,133,62,71,84,147,92,87,125,108,114,160,48,106,213,175,142,118,151,82,103,126,102,78,168,137,69,69,132,227,143,80,132,37,121,94,195,150,77,120,92,134
"COG4538",8,0,0,0,2,0,0,0,1,0,1,0,0,0,16,0,1,0,0,0,0,0,2,0,5,0,1,0,0,0,7,0,0,0,0,0,0,0,0,0,1,0,0,0,0,1,0,1,0,0,0,0,0,0,0,0,0,0,0,0,0,0,0,0,0,0,0,0,2,0,1,0,0,0,0,0,0,0,0,0,0,0,0,0,0,0,0,0,0,0,0,0,0,0,1,0,0,0,2,0
"COG4539",14,5,4,3,7,7,7,0,1,2,4,5,0,13,13,0,24,3,4,2,4,4,5,1,21,4,2,1,4,0,25,1,1,10,9,3,2,2,2,3,1,7,14,11,8,3,0,9,4,2,7,0,6,1,6,7,6,0,7,1,0,7,7,7,3,4,9,5,6,15,2,4,2,3,7,2,2,5,9,2,2,2,1,4,3,2,0,4,4,5,6,2,3,6,4,4,3,2,5,4
"COG4540",1,0,1,1,0,0,0,1,0,0,0,1,0,2,0,0,0,0,0,2,0,0,2,4,1,0,0,0,0,0,3,0,0,1,3,0,1,0,0,0,0,0,2,0,0,0,0,0,0,0,0,0,0,0,0,0,0,0,0,0,7,0,6,0,0,0,1,0,0,0,0,0,1,0,1,0,0,0,1,0,0,0,0,1,0,0,1,0,0,1,2,0,0,2,0,0,0,0,0,0
"COG4541",0,0,0,0,0,0,0,0,0,0,0,0,0,0,0,0,0,0,0,0,0,0,0,0,0,0,0,0,0,0,0,0,0,0,0,1,0,0,0,0,0,0,1,0,0,0,0,0,0,0,0,0,0,0,0,0,0,0,0,0,0,0,0,0,0,0,0,0,0,0,0,0,0,0,0,0,0,1,0,0,0,0,0,0,0,0,0,0,0,0,0,0,0,0,0,0,0,0,0,0
"COG4542",2,1,0,0,1,0,0,0,0,0,5,0,4,1,0,0,1,0,1,9,3,0,10,0,3,0,1,5,0,0,4,0,0,4,1,3,1,1,0,7,3,0,8,0,2,0,0,0,0,0,0,1,9,0,0,0,0,0,1,0,2,3,0,0,1,0,0,0,0,0,7,0,0,0,0,0,0,6,0,0,2,1,0,0,3,11,0,0,0,2,0,7,0,1,0,0,0,0,0,0
"COG4544",7,9,7,4,1,5,8,7,5,3,4,3,14,1,1,9,2,2,4,11,4,0,9,3,4,3,7,3,5,5,10,1,8,22,5,27,3,1,3,20,3,7,31,3,14,4,7,3,6,2,1,6,4,7,2,4,3,6,6,3,14,10,5,1,2,5,6,3,0,0,13,2,3,2,8,9,6,20,0,1,1,6,8,5,4,12,3,1,4,20,2,10,6,3,0,10,5,4,5,4
"COG4547",101,132,99,304,199,108,207,265,327,332,61,187,164,213,271,274,7,273,320,145,150,205,74,295,173,260,289,128,252,216,77,250,252,104,114,148,127,248,240,158,142,218,93,278,112,244,137,82,242,257,444,367,280,566,283,361,337,407,121,418,196,186,151,378,318,226,337,395,270,305,190,396,465,401,211,309,378,142,291,409,347,285,500,410,351,166,377,229,511,230,465,188,289,337,419,413,170,326,200,449
"COG4548",87,111,28,8,64,102,10,12,24,6,76,6,109,22,9,12,27,25,10,124,56,33,119,8,74,21,7,96,29,19,78,12,24,48,83,42,79,13,17,132,130,16,94,9,145,23,64,29,29,13,31,26,130,15,19,23,68,9,85,17,99,143,15,39,114,71,17,16,20,113,117,27,25,11,7,16,8,126,24,6,80,33,20,29,114,110,16,67,12,103,19,137,26,39,11,9,11,10,8,6
"COG4549",1,0,0,0,4,0,0,0,0,0,0,1,0,1,0,0,0,0,0,0,0,3,0,2,0,1,0,0,0,0,0,0,0,0,1,1,0,0,1,0,0,0,0,0,0,0,1,0,0,0,0,0,0,0,0,1,0,0,0,0,0,3,0,0,0,1,0,0,0,1,0,0,1,0,0,0,0,1,1,0,0,1,0,0,0,0,0,4,0,2,0,0,1,0,0,1,0,1,2,0
"COG4551",3,0,3,0,2,1,1,0,0,0,2,0,2,0,1,0,13,0,1,1,1,1,21,0,3,0,0,0,0,0,6,1,0,1,2,0,2,1,1,1,0,0,7,1,0,0,0,5,0,0,0,0,1,0,0,1,0,0,3,0,1,0,0,1,0,1,2,0,0,0,0,0,0,0,1,0,0,4,1,0,0,0,0,0,1,1,1,0,0,2,0,0,1,0,1,0,0,0,1,0
"COG4552",13,10,2,3,2,5,4,0,3,1,15,2,19,4,2,1,2,6,0,27,18,2,37,3,9,7,4,27,7,5,19,2,5,15,26,6,7,1,2,37,14,2,41,0,23,2,15,8,14,0,5,8,34,2,5,6,23,1,17,4,26,32,3,4,19,9,0,2,3,0,22,6,3,0,4,2,0,23,2,2,15,4,4,9,30,28,0,1,3,17,5,30,2,17,2,1,2,0,1,1
"COG4553",9,6,15,28,10,10,13,28,33,11,1,4,11,9,10,11,86,7,23,10,8,10,27,16,8,16,16,10,9,3,28,5,3,17,17,27,3,6,20,10,3,14,55,8,6,9,3,27,9,2,9,2,12,13,7,4,9,14,14,9,10,3,6,8,7,4,16,8,2,3,13,7,30,21,32,15,15,20,6,19,3,10,9,8,4,17,12,20,1,25,1,13,8,5,23,10,3,10,8,12
"COG4555",56,32,25,37,20,37,36,40,62,124,54,54,58,44,35,29,82,36,38,50,53,25,55,36,51,35,30,59,36,44,54,32,46,49,64,45,42,41,33,48,39,37,50,32,44,36,51,37,43,76,35,31,37,24,34,29,41,34,40,28,38,25,23,29,42,37,33,40,29,20,46,45,25,16,16,20,25,35,30,26,24,28,40,31,22,24,22,12,33,38,49,37,41,40,24,39,22,18,21,26
"COG4558",8,6,58,20,30,3,10,21,1,0,1,73,23,14,19,2,20,28,47,1,9,42,40,28,24,60,82,1,3,88,25,18,54,88,36,44,3,10,72,3,2,2,37,116,3,12,2,53,25,158,61,106,2,53,17,9,106,9,5,21,7,7,81,1,27,0,28,11,24,44,11,3,13,84,7,13,5,19,31,18,19,21,0,15,10,12,17,4,6,31,84,6,120,49,5,2,92,26,14,85
"COG4559",9,6,71,12,36,0,13,20,6,5,0,51,13,10,18,3,7,25,44,0,13,62,24,18,13,67,66,1,6,85,11,10,46,51,24,18,0,9,55,6,0,7,32,97,3,11,4,53,12,123,55,78,5,48,12,3,77,4,4,17,2,3,46,5,17,0,28,9,10,59,5,2,10,85,9,11,6,10,28,9,9,17,2,20,4,9,13,13,8,27,84,2,66,33,4,7,68,8,8,57
"COG4564",17,0,30,1,3,9,6,0,0,1,5,5,4,3,45,2,15,1,0,3,3,22,29,0,21,0,1,13,1,1,18,3,2,16,20,144,2,0,1,4,11,0,28,2,13,6,2,25,1,7,0,9,0,1,1,2,3,5,7,0,11,2,40,1,10,4,3,0,0,99,32,1,1,4,2,0,0,23,3,1,2,0,3,0,0,86,1,11,3,37,2,24,3,17,4,6,5,2,5,2
"COG4565",16,8,2,4,1,6,2,0,1,0,6,1,0,1,5,1,7,1,0,7,0,7,6,3,5,0,0,8,0,1,9,0,3,1,3,5,7,0,0,1,12,5,5,0,5,0,5,5,4,0,0,0,2,0,0,2,1,2,8,1,13,5,1,0,0,9,4,1,1,7,13,1,1,0,1,2,0,9,0,1,0,2,0,0,2,7,7,0,0,7,0,9,0,1,0,1,2,1,2,0
"COG4566",21,4,27,1,3,3,11,1,6,3,6,4,5,2,4,1,13,1,2,25,4,1,11,0,4,4,2,11,0,4,25,1,0,14,18,49,6,1,4,3,5,4,60,3,5,4,1,25,2,2,0,4,10,1,2,4,3,3,9,0,19,1,7,4,1,7,2,0,0,9,17,1,3,6,5,1,4,34,3,0,2,2,3,0,3,8,6,10,6,20,0,13,3,5,1,5,6,3,1,1
"COG4567",36,57,36,135,79,59,66,94,127,150,39,90,76,102,96,90,37,104,104,75,75,73,48,120,66,108,91,74,82,70,41,88,114,36,61,63,54,93,130,58,53,92,43,73,41,72,65,53,76,91,108,92,70,129,70,114,119,120,49,109,51,55,36,95,93,81,87,119,114,79,49,105,102,91,55,83,108,46,99,74,133,93,145,100,122,51,101,43,138,58,123,54,71,94,123,79,38,71,71,92
"COG4568",2,1,1,0,0,1,0,0,0,0,0,0,0,0,4,0,13,0,0,0,0,0,6,0,2,0,0,0,0,0,6,0,0,3,1,0,0,0,0,0,1,0,3,0,2,0,0,4,0,0,0,0,0,0,0,0,1,0,0,0,1,0,2,0,0,0,0,0,1,0,0,0,0,2,0,1,0,1,0,0,0,0,0,0,0,2,0,0,0,0,0,3,0,0,0,0,0,0,3,0
"COG4569",5,5,15,10,14,11,9,8,4,3,1,8,23,3,18,3,146,6,6,7,5,6,31,14,4,8,9,4,5,6,53,15,2,22,15,12,3,10,9,5,4,6,13,6,7,9,5,35,7,7,8,4,8,1,2,3,17,8,5,5,5,5,7,5,5,0,6,4,8,7,10,3,0,7,7,4,6,7,2,5,7,5,5,2,2,5,4,23,4,4,3,5,3,3,5,4,1,2,3,11
"COG4570",0,1,0,3,0,2,0,0,0,0,1,3,4,8,5,0,2,0,0,3,2,0,2,4,4,4,3,0,0,0,1,0,0,3,13,1,6,1,0,8,2,6,2,5,1,1,2,4,0,1,2,2,6,0,0,2,2,1,0,1,1,1,0,1,2,3,13,0,2,0,1,2,0,2,0,7,3,2,2,5,0,1,1,1,3,0,2,4,0,1,2,0,0,2,0,1,1,0,0,3
"COG4572",0,0,0,0,0,0,0,0,0,0,0,1,0,0,0,0,0,0,0,0,0,0,0,0,1,0,0,0,0,0,2,0,0,0,0,0,1,0,0,0,0,0,0,0,0,0,0,0,0,0,0,0,1,0,0,0,0,0,0,0,0,0,0,0,0,0,0,0,0,0,0,0,0,0,0,0,0,0,0,0,0,0,0,0,1,0,0,0,0,0,0,0,0,0,0,0,0,0,0,0
"COG4573",12,1,1,1,5,0,1,1,1,1,4,2,3,3,7,0,0,2,0,5,2,10,5,3,2,0,3,2,5,5,1,6,1,1,4,5,3,1,2,2,1,3,11,2,5,4,2,0,6,1,1,5,8,0,3,0,1,1,0,0,3,3,1,2,5,5,2,5,0,3,3,4,6,5,4,0,3,4,0,1,1,0,3,1,2,2,3,35,0,4,1,2,0,5,2,2,0,2,2,1
"COG4574",0,0,2,0,0,0,0,0,0,0,0,0,1,1,5,0,0,0,0,0,1,0,8,0,0,0,3,0,1,0,0,0,0,1,2,0,0,1,0,4,0,0,0,0,0,2,0,0,0,0,0,1,1,0,5,0,0,1,0,1,0,0,2,0,0,0,0,2,0,0,0,0,0,0,0,1,0,0,0,2,0,0,0,0,0,0,0,0,0,0,0,0,0,0,0,0,0,3,3,0
"COG4575",0,0,0,0,0,0,0,0,0,0,0,0,0,0,0,0,0,0,0,1,0,0,0,0,1,0,0,0,0,0,0,0,0,0,0,0,0,0,0,0,1,0,0,0,0,0,0,0,0,0,0,0,0,0,0,0,1,0,1,0,1,0,0,0,0,0,2,0,0,0,1,0,0,0,0,0,0,0,0,0,0,0,0,0,0,0,0,0,0,0,0,0,1,0,0,1,0,1,0,0
"COG4576",4,1,3,0,0,3,0,0,0,1,4,0,8,0,2,0,1,0,0,4,1,0,4,0,2,0,1,2,0,2,1,2,0,5,2,1,4,0,0,4,3,1,4,0,2,1,0,2,0,0,0,1,2,0,1,2,1,0,2,0,2,2,0,0,1,4,1,1,0,0,3,1,0,0,1,1,0,3,2,1,0,1,1,0,0,6,1,2,0,2,0,1,1,0,0,1,1,2,0,0
"COG4577",3,11,102,18,0,5,50,42,21,1,6,16,9,17,17,45,3,39,27,9,59,0,15,22,11,56,21,10,29,41,4,30,52,39,32,11,11,24,56,19,10,65,9,18,14,19,13,113,13,14,3,54,15,10,57,28,3,26,11,24,10,13,79,22,3,12,33,38,5,0,9,18,23,26,67,53,55,6,39,33,3,52,18,20,11,16,30,4,20,11,1,9,21,53,12,52,127,65,62,35
"COG4579",117,105,15,8,83,138,31,6,22,16,50,17,46,29,55,5,198,10,15,79,26,101,45,22,76,10,10,45,19,9,153,26,17,45,40,31,74,10,11,24,100,7,98,9,90,19,52,58,23,1,5,6,27,11,13,7,21,5,38,9,46,67,13,13,17,49,9,5,45,96,57,10,10,7,22,9,6,53,27,12,13,8,13,6,14,51,12,55,7,48,9,58,24,11,10,10,4,21,13,3
"COG4580",0,0,0,0,1,0,0,0,2,2,0,0,2,0,13,3,6,0,1,0,1,0,46,0,2,0,0,2,0,0,3,0,0,3,2,0,1,0,0,0,0,0,6,0,0,0,0,2,0,1,0,0,3,0,0,0,1,1,9,0,0,2,1,0,0,0,2,0,2,0,0,0,0,0,0,1,0,6,0,0,0,2,0,0,1,2,1,0,0,6,0,1,0,0,1,0,0,0,0,0
"COG4581",82,60,446,138,29,87,486,384,115,99,58,141,81,254,106,333,17,346,176,113,342,17,52,155,248,249,165,57,257,226,66,189,210,90,234,166,91,257,337,120,56,443,110,169,78,177,71,286,148,107,87,245,107,127,315,215,80,288,62,310,65,99,441,234,66,57,307,304,77,14,111,169,224,198,495,375,367,93,251,290,119,308,175,170,111,57,230,126,239,126,129,78,180,282,119,236,629,399,434,232
"COG4582",17,16,4,12,5,15,12,3,2,2,11,15,12,17,12,1,84,9,1,4,8,2,17,10,20,1,8,11,3,3,37,9,7,18,11,6,6,9,3,8,12,5,17,8,11,11,11,25,6,5,12,8,10,8,6,10,19,3,12,5,6,8,6,5,17,1,4,5,27,20,13,6,6,8,2,1,3,9,9,7,13,3,8,14,11,10,3,9,9,8,7,11,5,2,12,6,3,14,7,9
"COG4583",45,89,33,96,102,71,68,70,91,82,58,87,63,56,101,71,3,79,92,56,47,84,33,97,52,88,105,58,76,61,25,90,83,36,34,48,79,92,80,55,67,55,33,68,66,98,91,24,81,82,130,72,83,73,63,78,82,76,49,76,49,77,37,87,89,81,64,79,66,70,55,87,106,69,44,61,76,42,86,67,80,46,85,76,60,40,54,79,99,50,113,49,51,72,93,69,30,69,52,90
"COG4584",177,170,195,2,33,106,135,11,26,6,669,78,256,127,85,10,2383,1,4,134,44,101,463,27,200,29,3,48,4,27,547,3,11,258,174,292,432,4,36,17,49,2,400,61,95,5,346,535,4,7,12,13,45,12,46,15,114,14,522,11,28,47,147,3,9,475,55,1,91,12,147,16,20,19,46,6,33,215,50,11,3,4,3,2,28,170,22,51,31,112,10,115,73,45,90,12,59,27,36,8
"COG4585",159,113,117,10,14,60,58,2,12,26,158,16,63,24,69,5,368,3,10,47,24,8,125,8,57,4,15,62,4,59,180,10,13,103,134,208,147,8,23,17,39,5,244,23,60,15,112,102,19,18,10,15,28,8,14,16,38,11,116,11,63,48,116,4,27,169,20,2,25,3,71,9,5,29,23,11,5,85,23,12,11,6,10,3,29,198,18,15,30,88,13,63,12,43,20,15,19,19,15,8
"COG4586",3,20,164,22,2,7,81,89,27,15,18,35,9,35,22,80,3,75,43,16,90,2,17,35,49,79,34,12,77,74,7,47,74,41,45,16,26,53,85,25,7,105,8,54,12,28,28,121,20,33,12,78,31,40,88,47,23,50,45,54,8,9,165,56,8,21,72,49,5,2,9,39,64,45,117,60,88,5,61,58,9,46,48,37,9,2,39,15,33,19,17,8,48,88,13,56,221,84,136,60
"COG4587",0,12,120,12,0,4,67,53,19,5,22,19,8,35,20,55,2,57,24,9,54,0,18,16,32,54,22,10,42,38,1,37,49,29,30,16,25,41,50,11,2,59,6,39,6,21,20,86,14,28,10,57,16,18,80,41,10,41,22,30,4,6,99,55,6,19,45,38,1,0,5,17,46,31,65,32,53,6,33,41,12,28,24,15,13,1,31,5,22,14,2,6,23,58,9,42,174,81,101,45
"COG4588",1,0,0,0,0,0,2,0,0,0,0,0,0,0,0,0,0,0,0,0,0,0,1,0,3,0,0,2,0,0,0,2,0,1,2,5,0,0,0,0,0,0,3,0,0,0,0,1,0,0,0,0,0,0,0,0,0,0,0,0,15,2,0,0,0,0,1,0,1,0,5,0,0,0,1,0,1,1,0,0,0,0,0,0,0,0,0,0,0,1,0,1,0,0,1,0,0,0,0,0
"COG4589",2,3,8,7,11,3,5,5,10,4,1,8,9,5,6,8,2,3,5,7,6,2,5,1,4,8,4,4,6,3,18,12,4,17,14,1,0,3,5,11,2,7,14,9,4,8,0,23,5,2,7,6,11,5,6,5,3,5,4,2,2,3,6,4,1,2,7,1,7,0,4,8,8,5,8,6,9,6,6,4,1,4,3,10,2,0,5,13,1,2,10,2,5,5,8,8,3,12,5,9
"COG4590",37,9,26,1,7,20,21,11,13,9,19,15,13,32,42,4,234,1,6,10,18,2,54,0,43,2,2,19,15,2,96,5,5,46,36,4,9,11,9,19,9,4,54,10,15,5,1,92,16,2,0,5,8,0,5,2,5,6,9,11,3,6,17,9,2,4,10,1,18,5,8,9,7,2,6,1,0,20,3,4,2,4,7,2,6,4,7,16,1,2,2,8,11,7,11,9,6,7,9,0
"COG4591",541,705,370,375,508,625,322,347,462,517,682,429,421,415,548,400,251,403,463,522,369,528,367,415,429,394,435,468,437,476,446,473,460,385,331,527,640,444,357,342,659,289,366,506,613,506,698,329,460,585,541,382,441,489,372,399,509,384,618,367,524,552,328,400,570,674,391,357,379,469,521,471,412,457,330,290,386,489,399,338,489,271,439,476,339,543,422,609,484,602,505,573,483,439,422,422,288,346,362,462
"COG4592",2,0,1,0,0,0,0,0,0,0,0,0,0,0,0,0,0,0,0,1,0,0,1,0,1,0,0,2,0,0,1,0,0,0,0,0,0,0,0,0,0,0,3,0,0,0,1,2,0,0,0,0,0,0,0,0,0,0,0,0,0,0,2,0,0,0,0,0,0,0,0,0,0,0,0,0,0,2,0,0,0,0,0,0,0,0,0,0,0,0,0,0,0,0,0,0,0,0,0,0
"COG4594",1,0,0,0,2,0,0,0,0,0,1,0,0,0,4,0,7,0,0,0,0,47,4,0,2,0,0,0,0,0,0,0,0,1,0,1,0,0,0,0,1,0,0,0,0,0,0,0,0,0,0,0,0,0,0,0,0,0,0,0,1,0,0,0,0,0,0,0,0,4,0,0,0,1,0,0,0,1,1,0,0,0,0,0,0,0,0,0,0,1,0,0,1,1,0,0,0,0,0,0
"COG4597",130,223,195,265,141,166,162,228,248,283,118,245,209,260,214,227,30,266,243,162,219,180,98,242,188,301,254,199,217,265,124,240,358,123,170,148,253,276,288,237,189,201,108,261,176,229,242,185,250,297,305,266,237,250,241,311,239,288,132,267,166,169,221,215,232,294,243,285,275,157,207,281,223,277,157,265,260,134,356,322,317,286,259,303,349,145,264,150,328,178,388,153,204,285,275,267,275,217,197,292
"COG4598",38,32,17,19,21,35,14,14,25,14,22,16,13,5,21,12,15,4,13,29,7,44,25,23,31,7,19,13,5,13,45,7,3,13,11,31,17,5,11,7,35,4,57,17,40,5,27,15,5,4,7,9,10,13,2,3,6,13,26,3,50,40,12,9,7,26,11,5,2,12,35,9,22,15,15,11,9,55,9,15,10,3,16,6,6,43,21,21,8,45,7,55,13,4,26,23,5,9,5,14
"COG4603",208,258,114,242,244,235,156,190,140,129,169,219,127,198,94,166,22,189,208,198,157,146,100,223,142,216,198,144,157,170,169,220,171,126,169,157,241,187,181,238,269,203,204,205,247,195,224,114,230,155,214,210,165,207,123,195,195,260,155,240,224,221,105,126,122,245,166,221,206,172,231,165,168,287,121,279,223,233,219,196,243,198,150,228,206,178,211,194,195,240,257,206,164,165,194,164,78,138,137,259
"COG4604",0,0,1,0,0,0,0,0,0,0,0,1,1,0,1,0,2,0,0,0,0,0,4,0,0,1,0,0,0,0,2,0,1,6,11,6,0,0,0,0,0,0,14,0,1,0,0,0,0,0,0,0,1,0,0,0,0,0,1,0,7,0,0,0,0,0,0,0,0,0,3,0,0,1,0,0,2,4,0,1,1,0,0,0,2,2,0,0,2,6,0,1,0,1,0,0,0,0,0,0
"COG4605",1,0,0,0,0,0,4,0,1,0,0,0,1,0,2,0,2,0,0,0,0,0,14,0,0,1,0,2,0,0,0,1,0,0,11,7,0,0,0,0,0,0,18,0,1,0,0,0,0,0,0,0,0,0,0,0,0,0,1,0,14,0,0,0,0,0,0,0,0,0,2,0,0,0,0,0,0,6,0,0,0,0,0,0,1,3,0,0,2,2,1,4,0,1,0,0,0,0,0,0
"COG4606",0,0,1,0,0,0,1,0,0,0,0,0,2,0,2,0,5,0,0,0,0,1,12,0,1,0,0,2,0,1,2,0,0,1,14,7,0,0,0,0,0,0,17,0,0,0,0,1,0,0,0,1,0,0,1,0,0,0,1,0,12,0,0,0,0,0,0,0,0,0,7,0,0,0,0,0,2,8,0,0,0,0,0,0,1,3,0,0,1,0,0,1,1,1,0,0,0,0,0,0
"COG4607",1,0,2,0,1,0,2,0,0,1,0,0,1,0,9,0,9,0,1,0,1,0,16,0,0,0,0,2,0,0,2,0,0,3,15,12,1,0,0,0,0,0,29,1,2,0,0,2,0,0,1,0,0,0,0,2,0,1,5,0,7,0,5,0,0,0,2,0,0,0,4,1,0,1,2,0,2,8,0,0,0,1,0,0,0,3,0,0,2,0,0,2,0,0,0,0,0,0,0,0
"COG4608",347,348,71,142,89,413,89,68,140,87,359,103,327,109,87,104,52,137,91,446,180,137,393,140,215,103,87,431,125,82,282,144,119,232,215,346,307,100,86,334,497,155,307,70,422,143,340,99,232,115,120,119,290,95,132,138,158,123,379,125,431,419,79,95,252,314,100,115,144,59,446,132,84,107,94,152,83,467,146,121,192,151,83,133,225,402,144,141,64,370,136,427,100,147,115,155,52,108,118,90
"COG4615",9,3,2,0,3,5,9,0,1,2,8,2,3,0,4,0,9,1,0,2,7,0,13,1,10,0,0,0,1,1,27,3,3,7,6,3,14,0,0,0,4,2,27,6,3,0,5,4,1,3,0,1,1,0,3,1,5,1,3,0,19,3,2,5,1,7,2,0,1,0,3,1,5,6,4,0,3,5,1,0,0,2,0,0,1,1,2,3,1,2,0,7,1,1,5,3,1,2,3,1
"COG4618",14,5,7,5,10,5,5,3,13,6,10,1,7,5,7,3,8,3,2,8,7,24,45,4,7,6,2,1,5,2,17,4,1,17,16,13,6,0,6,7,4,6,23,3,2,5,7,6,3,1,1,9,7,4,2,4,4,6,5,3,8,3,6,2,2,4,9,1,1,31,8,2,11,5,5,2,7,14,1,5,2,6,3,4,9,6,7,21,1,19,1,9,6,5,6,7,2,4,1,1
"COG4619",10,12,2,6,0,6,2,0,0,0,6,0,4,2,1,0,0,0,1,12,2,0,2,2,7,2,1,11,2,4,5,1,2,2,1,7,4,0,2,3,10,4,5,1,13,0,12,2,1,1,0,1,4,0,0,3,0,2,9,5,25,16,3,0,0,6,1,3,0,1,19,0,0,0,0,3,0,18,1,2,0,2,1,1,1,14,3,2,0,10,2,22,3,2,0,3,1,0,1,1
"COG4623",75,26,60,36,60,39,48,18,31,44,17,46,40,53,72,32,161,26,24,35,33,88,104,40,62,29,42,35,34,27,127,39,27,49,40,36,12,41,28,10,39,18,75,36,45,59,5,64,33,34,51,41,21,32,28,31,34,15,42,33,39,48,46,31,43,13,30,22,83,97,28,19,30,42,70,25,28,55,28,34,27,25,42,32,21,61,37,79,40,27,41,27,41,22,49,32,31,40,32,31
"COG4624",0,0,1,0,5,0,0,1,0,0,5,3,0,1,0,0,0,5,0,0,1,2,0,0,0,1,1,0,0,6,1,0,0,0,4,0,9,1,2,1,0,2,2,0,1,0,2,0,1,0,1,0,0,0,2,2,0,0,4,0,0,0,0,0,0,4,1,1,1,1,0,3,1,1,0,2,2,1,2,0,0,8,0,5,1,0,1,0,0,0,0,0,9,1,0,1,2,2,1,0
"COG4625",4,7,49,14,12,4,27,15,25,10,14,18,13,14,5,22,17,24,15,6,9,48,20,11,12,20,23,10,13,27,9,10,22,50,21,71,34,9,22,18,2,44,101,5,3,10,9,36,12,9,5,27,8,25,7,31,9,24,5,22,12,6,45,10,13,15,16,20,5,30,17,11,11,18,30,32,21,14,22,16,7,37,13,17,4,14,13,12,12,36,13,9,56,20,33,53,20,14,10,9
"COG4626",16,1,9,2,35,0,4,0,10,3,1,6,7,5,3,2,7,5,5,1,4,0,16,3,9,2,8,10,4,1,21,0,3,16,55,17,4,1,12,18,4,4,32,6,11,2,2,17,0,5,0,4,16,4,2,1,7,2,13,7,6,2,8,3,6,5,20,0,2,0,7,2,2,5,2,8,5,19,1,6,4,4,1,1,5,8,6,21,6,8,3,2,4,2,5,9,4,1,2,0
"COG4627",9,9,15,9,9,8,11,21,11,8,19,10,8,12,13,17,0,14,13,5,14,20,2,23,7,18,16,6,15,12,5,9,13,2,7,7,5,12,15,11,12,23,4,10,6,12,6,12,7,19,14,16,6,11,9,13,10,17,8,13,10,1,11,17,8,5,11,20,8,19,8,5,10,13,3,24,15,10,10,19,12,13,14,10,11,8,16,12,16,10,9,5,9,12,3,15,15,6,4,13
"COG4628",6,4,2,0,18,0,4,0,1,2,3,0,1,1,15,0,26,0,0,1,1,18,12,0,6,0,0,2,0,0,19,1,0,4,3,1,0,1,2,0,0,1,7,2,4,0,1,10,0,1,0,1,2,0,0,0,1,0,4,0,0,3,2,0,2,1,4,0,2,20,0,0,0,0,2,0,2,2,0,0,0,0,0,0,0,4,0,18,1,1,1,3,3,1,2,0,0,0,2,0
"COG4630",178,202,65,234,169,183,90,102,74,30,170,175,173,120,114,74,151,128,62,215,117,97,116,232,122,156,158,163,57,120,178,125,186,87,84,147,210,130,83,113,186,126,148,124,215,121,240,95,155,107,121,118,148,57,134,116,175,129,176,157,226,242,66,60,184,200,95,116,108,113,199,144,90,140,110,151,132,185,193,165,135,100,53,158,141,155,122,90,108,167,181,225,100,129,81,131,46,141,95,131
"COG4631",267,315,122,319,260,286,166,153,128,50,175,262,278,191,169,135,227,201,89,373,155,165,141,320,190,218,234,235,110,197,247,224,305,141,125,222,226,199,113,172,314,193,267,212,328,217,331,123,225,176,222,211,247,95,197,213,265,184,192,197,349,369,102,78,348,254,163,210,201,165,310,260,124,279,159,246,201,294,334,239,209,199,94,265,212,263,180,177,134,213,232,304,161,179,125,200,79,213,133,252
"COG4632",19,32,11,2,0,13,3,2,2,3,17,5,10,5,2,1,3,6,2,8,10,0,21,3,9,3,5,20,5,11,11,3,10,18,31,24,20,3,4,5,23,3,27,6,15,3,21,12,4,10,7,4,9,3,7,7,21,2,19,8,6,12,2,6,8,19,4,4,8,0,26,10,4,5,1,3,1,16,6,7,14,5,1,3,9,13,1,0,10,9,10,20,6,9,0,6,6,9,8,5
"COG4633",5,2,5,0,1,10,1,1,2,0,12,3,3,2,6,1,77,0,0,1,5,0,7,0,11,0,0,2,0,0,28,0,0,8,11,0,6,0,1,0,1,0,17,1,7,0,2,12,0,0,0,1,0,0,2,0,5,0,8,0,0,6,5,0,0,3,1,1,5,0,7,0,1,2,2,0,0,4,2,3,0,1,0,0,0,3,1,0,1,1,0,4,3,1,3,1,2,4,1,0
"COG4634",0,0,0,0,0,0,1,0,0,0,3,0,0,0,0,0,0,0,0,0,0,0,6,3,1,0,0,1,0,1,0,0,0,0,0,0,1,0,0,1,0,1,2,0,1,0,0,0,0,1,0,0,0,0,0,1,0,0,0,1,0,0,1,0,1,2,2,1,0,0,2,0,0,0,0,2,0,1,1,0,0,1,0,1,0,1,0,0,0,0,0,1,0,0,0,0,0,0,0,0
"COG4635",0,0,115,22,58,1,27,51,19,37,1,105,11,18,37,18,5,23,112,1,18,98,18,24,18,87,106,4,19,143,1,28,90,23,2,21,2,23,153,13,2,26,3,151,1,40,1,57,20,175,46,93,1,62,17,14,65,17,0,16,2,1,86,13,20,0,28,15,18,86,0,15,24,81,23,14,16,1,15,15,15,10,12,13,5,4,20,27,19,22,108,0,58,52,13,13,121,13,15,65
"COG4636",1,1,0,0,0,1,1,0,0,0,1,0,0,0,0,0,0,0,0,4,0,0,2,1,1,0,0,2,0,2,0,0,1,1,0,0,1,0,0,0,0,0,1,0,0,0,1,1,0,6,0,1,0,2,0,1,0,0,1,0,4,1,0,0,2,2,1,0,0,0,0,0,0,0,0,0,0,4,0,0,0,0,1,0,1,4,1,0,1,1,0,3,1,0,0,1,0,0,0,0
"COG4637",3,1,9,0,3,6,12,0,1,0,5,3,8,0,2,0,43,1,1,9,8,1,10,1,7,0,0,7,0,3,29,0,1,15,12,10,5,0,3,3,6,2,33,1,2,1,3,15,1,0,0,2,4,1,1,0,2,1,7,2,6,0,4,0,0,7,0,1,1,0,3,1,0,5,2,0,1,7,1,0,0,3,2,0,3,10,1,4,1,8,0,5,2,1,0,3,1,2,3,0
"COG4638",871,654,496,730,756,987,585,519,535,343,421,673,869,799,609,601,170,801,470,1059,796,518,842,752,641,673,636,855,621,552,681,977,722,932,577,815,234,850,490,1188,982,724,695,417,1159,965,449,509,909,461,698,601,988,383,926,736,725,545,582,682,952,1218,507,622,712,326,520,583,874,564,1000,788,676,543,645,670,628,901,991,580,793,812,563,795,867,904,546,970,483,842,635,1055,703,585,565,581,490,833,828,553
"COG4639",3,1,29,10,0,0,11,7,4,0,1,3,1,1,0,4,8,7,3,2,1,0,93,8,5,2,3,0,1,9,1,0,0,6,1,9,0,1,16,1,1,5,7,5,0,0,0,5,1,3,0,24,1,3,3,7,1,6,0,5,0,0,22,2,0,2,11,3,0,0,3,3,1,2,7,15,3,0,1,9,0,8,0,1,0,1,9,0,4,4,0,2,15,5,0,14,22,3,1,2
"COG4641",20,15,28,6,2,10,6,11,6,13,21,1,16,12,6,9,63,8,8,14,23,8,21,4,12,9,2,12,4,7,12,5,10,41,29,16,23,5,6,21,10,7,9,4,10,10,25,15,8,8,10,10,25,11,9,9,22,9,22,7,9,14,15,10,9,14,8,4,7,8,14,12,3,5,8,9,9,20,5,5,6,7,7,5,11,17,10,16,13,13,14,21,12,11,6,9,11,7,13,3
"COG4642",524,548,102,169,298,446,121,74,126,98,482,136,200,103,76,109,23,93,89,605,137,410,180,185,332,97,108,375,95,111,365,169,145,128,186,318,632,139,99,162,799,177,306,120,638,166,636,102,219,100,115,122,207,72,112,157,168,89,416,135,745,643,114,94,166,728,138,143,133,190,665,165,118,93,148,178,110,802,245,118,120,167,120,126,115,755,146,249,111,494,103,778,162,164,83,77,76,147,136,90
"COG4643",14,13,8,19,5,9,14,22,6,7,13,19,11,24,12,2,69,5,8,10,8,8,21,21,9,15,5,6,3,2,48,3,5,23,34,24,25,3,7,12,9,18,44,9,8,4,16,50,2,1,0,11,17,5,8,15,21,19,37,21,22,10,23,7,2,33,61,9,7,0,28,6,4,9,17,30,9,33,5,23,7,10,10,5,4,38,30,19,13,27,6,20,8,8,11,20,11,7,6,8
"COG4644",167,113,157,5,84,206,169,12,13,13,112,160,186,207,83,11,2083,3,4,70,110,40,343,9,305,18,7,51,8,14,1036,3,6,345,250,179,28,8,38,12,54,4,684,90,152,4,46,494,8,16,9,19,52,18,39,7,133,20,119,19,26,136,162,11,18,41,47,6,125,12,145,13,14,73,87,15,12,202,80,25,0,38,5,2,29,114,19,5,37,64,11,107,112,53,126,7,52,91,70,9
"COG4645",7,1,4,1,0,2,2,0,0,0,1,0,4,1,1,0,5,0,0,2,4,0,5,0,1,0,0,4,1,0,7,0,0,1,1,7,0,0,0,2,0,0,26,0,4,0,0,0,1,0,1,1,1,0,1,4,1,0,5,0,4,2,0,1,0,2,0,0,0,0,5,0,1,0,2,0,0,4,3,1,0,0,1,0,0,8,0,0,0,4,0,4,0,1,2,2,1,0,0,0
"COG4646",11,0,40,2,9,16,50,2,1,1,13,5,12,6,14,2,101,0,3,8,18,5,45,1,32,1,1,7,5,16,147,2,2,34,65,108,3,2,3,2,5,2,189,4,13,4,3,24,3,9,2,7,5,2,1,25,6,2,6,1,16,17,9,1,3,4,3,0,12,1,32,1,2,3,7,5,5,29,9,4,0,3,0,2,4,52,5,10,14,30,1,35,9,16,23,6,9,5,17,1
"COG4647",1,3,1,0,0,2,0,0,0,0,12,0,0,0,1,0,0,0,0,1,0,0,3,0,2,0,0,0,1,0,0,0,0,0,1,0,16,0,0,3,0,0,1,0,0,1,1,0,1,0,0,3,1,0,0,0,2,0,4,1,0,0,0,0,0,3,0,0,0,0,0,0,0,0,0,0,1,2,0,0,0,1,0,1,0,0,0,0,0,0,0,2,0,0,0,0,0,0,0,0
"COG4648",2,5,0,0,0,1,0,0,0,1,4,0,0,0,4,0,5,0,0,4,0,0,7,0,6,0,0,1,0,0,10,0,0,0,1,1,2,0,0,0,4,0,2,0,3,0,1,2,0,0,0,0,0,0,0,0,0,2,2,0,2,6,0,0,0,0,3,0,2,1,0,1,0,0,0,0,0,10,0,0,0,0,0,0,0,6,0,0,1,2,0,3,0,0,0,0,0,1,1,0
"COG4649",4,7,6,6,1,2,6,13,16,9,11,7,5,9,11,11,2,16,14,1,18,4,13,7,2,14,12,4,7,6,2,9,9,6,10,2,8,8,9,16,2,10,8,6,7,10,5,6,14,8,12,9,8,16,7,9,10,15,3,13,2,2,10,7,11,3,13,13,2,2,3,11,8,8,7,10,4,4,8,9,16,9,7,16,15,5,8,7,6,4,9,2,13,11,10,11,5,14,7,0
"COG4650",2,1,0,0,0,2,2,0,0,0,5,0,2,0,2,0,2,0,0,3,0,0,3,0,2,0,0,4,0,0,7,1,0,2,4,9,2,0,0,0,3,0,4,0,2,0,0,2,0,1,0,0,0,1,0,0,0,1,3,0,25,0,0,0,0,2,0,0,0,0,6,0,1,0,2,0,2,3,0,2,1,0,0,0,0,2,0,0,1,6,0,4,0,0,0,0,0,0,0,0
"COG4651",35,6,29,15,4,13,39,26,38,37,9,24,21,18,52,27,175,4,31,17,37,3,54,13,54,11,13,5,22,11,102,7,7,42,25,21,6,8,7,17,12,19,67,10,23,7,5,63,6,5,1,9,12,33,14,12,17,20,23,22,5,15,38,28,4,10,17,10,26,3,11,13,34,15,53,13,31,48,7,10,6,13,18,10,7,20,15,20,15,14,0,23,16,15,37,23,11,22,8,12
"COG4653",11,2,11,4,4,6,8,4,8,21,4,4,22,3,12,1,59,3,1,18,5,12,27,3,16,10,8,7,4,1,16,2,1,18,68,42,6,1,4,19,1,8,38,2,9,1,1,23,1,6,1,4,5,2,1,2,4,6,3,2,5,0,5,2,3,0,19,1,4,1,9,0,0,5,3,4,2,6,2,2,1,1,4,1,5,10,4,12,9,11,3,7,3,2,0,7,7,2,2,1
"COG4654",2,5,4,4,0,4,6,0,2,2,0,2,3,5,7,2,1,2,0,2,2,3,6,6,6,0,7,18,6,0,10,0,1,8,7,3,0,1,2,4,2,4,9,0,4,0,0,9,2,6,1,4,10,0,4,0,1,1,1,2,1,2,5,3,2,0,3,1,3,1,1,2,4,1,1,7,2,4,0,2,0,14,3,4,3,1,7,7,0,2,0,0,1,4,0,11,0,1,3,4
"COG4655",3,0,3,0,0,0,2,0,0,0,0,1,1,0,0,1,1,0,0,0,0,0,1,0,0,0,0,1,0,2,2,0,0,0,0,1,0,0,0,0,0,0,8,0,0,0,0,2,0,0,0,0,0,0,1,0,0,1,1,0,5,0,2,0,0,0,0,0,4,0,0,1,0,0,1,0,0,1,0,0,0,0,0,0,1,1,2,0,2,6,0,0,0,1,1,2,0,0,0,0
"COG4656",68,76,24,8,33,84,22,0,19,8,25,15,23,15,39,4,212,0,1,33,9,67,60,8,55,3,4,8,0,1,114,8,3,44,41,8,71,2,4,3,52,4,97,2,71,6,67,78,3,3,6,5,7,3,7,2,16,6,66,5,11,67,22,7,9,59,17,4,23,111,48,1,5,8,10,6,2,52,14,11,3,10,3,1,5,27,10,13,5,26,3,23,14,6,20,6,3,12,13,1
"COG4657",17,30,4,2,17,31,18,0,10,5,11,3,7,2,17,5,76,3,1,7,9,29,21,2,17,2,7,2,5,1,32,3,1,21,12,5,36,1,5,4,16,3,18,2,19,1,32,19,1,2,1,3,3,3,4,3,6,3,26,4,6,19,11,3,1,24,13,1,5,42,15,4,1,5,8,5,5,20,5,4,0,10,4,1,5,4,4,15,4,13,1,12,4,4,8,4,4,4,0,2
"COG4658",39,65,21,6,28,49,16,6,20,6,25,9,11,11,23,9,110,1,4,22,5,51,49,5,25,3,4,2,4,0,57,0,1,30,18,11,63,3,3,4,34,6,46,11,36,1,80,42,2,2,1,5,5,6,8,5,7,3,57,1,12,40,14,10,5,58,9,3,9,73,19,2,13,3,26,8,7,28,8,5,3,7,11,1,5,9,4,11,6,16,4,9,8,6,17,7,2,8,5,3
"COG4659",12,30,10,3,17,32,15,2,13,5,9,6,7,8,17,3,54,0,1,9,11,33,30,5,21,2,2,3,5,2,26,3,2,17,11,6,31,0,1,0,23,3,35,3,21,1,16,26,1,1,1,1,9,5,5,2,6,3,29,4,9,18,11,2,1,16,4,2,3,41,8,1,7,4,10,1,2,10,3,3,0,2,6,0,0,6,6,10,4,17,2,9,4,3,7,3,2,5,5,0
"COG4660",25,45,11,8,14,44,13,2,10,10,10,6,7,5,19,6,77,1,8,14,8,37,28,1,20,1,1,0,4,2,49,0,0,25,14,5,30,2,2,4,31,3,29,6,23,1,36,24,3,2,1,4,2,4,0,5,8,3,22,2,14,20,14,5,3,36,6,2,11,44,19,2,7,3,8,3,9,26,5,6,1,5,2,1,3,12,6,11,6,12,0,14,4,2,7,6,3,7,1,0
"COG4662",39,36,20,61,32,23,27,48,55,34,39,41,34,27,32,49,1,29,61,26,30,37,35,55,28,27,59,30,28,37,24,29,36,43,20,21,38,42,34,54,38,30,30,34,49,40,38,13,40,21,34,26,34,47,25,22,33,29,47,35,40,41,23,33,27,46,39,46,16,16,31,36,56,45,46,54,44,38,22,35,33,20,43,25,11,30,44,36,29,36,30,40,56,26,43,38,22,22,23,45
"COG4663",327,504,236,734,563,416,423,477,641,642,309,550,374,528,540,543,61,548,630,353,336,611,309,744,355,564,651,356,387,460,284,497,527,274,344,279,602,570,508,386,460,528,316,526,350,497,654,177,523,482,631,551,360,645,351,524,449,581,413,548,377,395,240,472,401,661,479,594,708,649,366,633,560,577,347,485,561,367,571,610,564,594,585,664,669,318,546,391,637,349,605,328,402,430,695,507,209,431,295,609
"COG4664",413,702,309,903,670,500,498,644,840,866,479,696,567,671,648,649,66,672,860,554,487,675,336,875,486,680,816,425,556,622,339,644,692,340,433,390,774,700,643,495,585,574,380,734,492,652,817,235,631,626,845,674,454,799,506,640,603,731,487,667,526,530,334,597,539,845,640,687,794,689,467,722,697,703,463,700,726,480,653,798,753,647,657,832,780,458,629,485,865,468,854,494,500,555,841,685,320,545,388,768
"COG4665",110,169,66,199,167,134,122,131,202,200,115,153,115,138,150,171,20,159,189,123,105,150,77,217,94,153,192,106,141,132,85,136,152,66,100,108,190,135,141,91,169,148,95,143,111,152,221,58,141,147,291,214,148,280,172,228,213,256,183,239,195,205,97,235,148,340,229,261,243,306,203,226,243,214,130,193,268,166,203,286,287,192,285,293,277,160,228,153,305,159,306,136,180,160,273,251,85,181,130,236
"COG4666",305,325,131,454,344,288,252,224,368,264,258,272,372,288,299,249,64,283,207,327,228,433,291,430,238,282,352,277,216,263,270,281,381,217,249,232,343,316,269,340,378,266,328,226,328,309,377,208,338,215,261,223,354,188,237,306,291,281,326,296,362,343,162,242,352,385,256,319,283,464,317,392,287,290,227,316,354,322,414,375,296,282,296,357,329,273,319,287,229,286,310,327,248,295,245,327,125,289,200,289
"COG4667",29,16,14,17,17,20,18,19,7,9,17,21,11,33,49,18,132,10,15,8,13,2,50,12,47,18,10,7,11,9,68,4,19,26,38,7,9,11,10,8,7,14,42,18,32,9,10,42,16,19,17,11,5,9,6,12,12,10,11,18,12,15,12,11,2,4,12,14,17,4,10,3,9,5,7,8,10,13,7,11,6,4,16,5,6,6,7,3,17,4,16,6,16,8,16,11,10,8,7,7
"COG4668",11,2,4,7,0,2,5,6,0,3,0,10,6,12,9,5,11,3,5,5,1,0,22,11,6,9,8,3,6,13,6,9,7,1,11,7,0,14,13,7,0,7,35,5,0,5,3,9,8,11,7,8,5,4,1,11,9,15,12,8,0,0,4,2,2,0,15,12,12,0,2,8,3,16,3,21,14,20,16,19,16,18,3,14,6,4,28,9,7,3,23,5,5,9,15,16,0,5,0,18
"COG4669",0,0,0,0,0,0,0,0,0,0,0,0,0,0,0,1,0,0,0,0,0,0,2,0,0,0,0,2,0,1,1,0,0,2,0,1,0,0,0,1,0,0,2,0,0,0,0,1,0,0,0,1,0,0,0,0,0,0,0,0,0,0,1,0,0,0,0,0,0,0,1,0,0,1,1,0,0,1,0,0,0,2,0,0,0,1,0,0,0,0,0,1,3,0,0,0,0,0,0,0
"COG4670",10,15,4,16,5,6,6,11,20,11,18,4,12,8,4,7,4,7,6,19,9,15,17,11,12,2,4,11,7,3,14,5,3,9,6,10,19,1,8,9,13,15,22,6,24,2,22,1,5,12,3,6,8,11,2,4,7,9,23,7,29,22,4,13,5,16,7,21,2,5,16,5,13,8,10,19,6,24,7,7,2,12,10,4,3,19,14,5,5,13,9,25,6,4,7,8,3,3,3,5
"COG4671",6,3,11,3,8,5,2,3,4,4,15,3,14,2,8,5,4,7,2,5,17,5,16,3,8,7,2,1,6,2,13,5,3,38,17,3,19,4,0,30,1,7,8,6,5,4,5,13,3,2,2,9,11,4,7,8,3,13,12,6,5,6,11,13,3,20,9,6,0,0,3,11,4,3,2,7,8,9,2,2,1,16,6,10,5,15,6,8,1,2,2,8,8,7,6,7,6,11,11,1
"COG4672",3,3,14,33,0,7,31,12,9,17,2,23,5,20,16,9,2,14,1,1,10,1,8,24,42,36,26,0,8,11,2,5,4,5,85,4,2,5,22,18,7,28,0,25,2,5,7,8,3,21,10,27,9,2,1,38,9,35,3,28,1,2,15,12,6,2,185,11,2,0,3,7,2,30,14,101,19,1,5,71,4,19,15,24,14,1,25,30,21,4,12,4,12,7,4,37,27,5,2,12
"COG4674",38,45,63,28,15,65,124,94,86,40,40,16,32,52,35,62,13,79,82,44,61,11,48,21,52,70,8,24,61,23,50,37,35,34,63,43,61,50,67,28,40,100,79,7,37,31,37,83,31,10,23,28,31,94,76,39,12,71,43,47,36,32,53,64,11,46,72,45,21,3,34,28,88,25,131,62,88,62,25,53,10,54,64,20,21,31,41,20,47,29,3,33,16,65,51,75,69,84,119,45
"COG4675",1,10,11,34,0,4,6,15,24,39,1,9,4,8,33,16,5,2,11,1,3,11,23,35,19,17,49,3,20,8,2,4,5,18,9,14,5,9,25,9,5,27,6,12,3,4,13,4,13,6,0,12,12,3,0,4,2,32,0,37,3,3,16,31,4,4,31,23,2,1,4,3,41,32,7,38,5,1,1,40,0,8,14,10,0,7,40,22,5,8,6,3,23,6,25,13,25,3,1,45
"COG4676",2,2,15,0,0,0,0,0,0,0,9,0,1,0,0,0,0,1,0,0,1,0,2,0,1,0,0,1,0,3,0,2,2,2,1,0,18,2,2,3,3,0,3,0,2,0,5,1,0,0,0,24,1,0,1,0,0,0,5,0,2,2,5,1,0,16,1,0,0,0,2,1,1,0,0,2,1,2,1,0,0,2,0,1,0,2,3,0,0,5,0,1,11,0,0,0,3,0,2,0
"COG4677",54,18,6,1,4,44,23,0,1,0,26,58,23,70,4,0,357,0,1,2,14,0,61,1,100,2,1,6,1,0,123,0,4,70,43,26,7,0,2,0,11,0,95,6,36,1,9,120,0,0,2,1,3,0,7,0,26,0,39,1,4,29,19,1,1,6,4,0,80,0,40,0,3,10,5,1,0,20,16,9,2,5,0,0,5,34,1,0,2,11,2,20,8,15,6,0,0,32,5,0
"COG4678",1,9,19,36,0,0,1,0,20,1,1,2,0,8,32,1,0,11,0,0,3,0,1,24,0,0,11,0,0,3,1,11,1,7,3,0,0,11,0,0,0,1,1,0,0,4,14,7,24,0,0,23,8,0,11,7,0,1,2,3,0,0,14,3,0,0,4,5,0,0,0,12,0,2,13,69,4,3,3,38,4,12,3,9,1,0,32,13,0,0,0,1,14,0,10,31,4,27,28,5
"COG4679",8,0,2,0,0,0,3,0,0,0,2,0,1,0,1,0,6,0,0,7,2,1,1,0,0,0,0,2,0,0,3,0,0,2,2,5,2,0,0,0,0,1,8,2,3,0,2,1,2,0,0,0,0,0,0,1,1,0,3,0,0,4,4,0,0,2,0,0,0,0,1,0,0,1,1,1,0,3,1,0,0,0,0,0,1,2,1,0,0,1,1,1,0,0,0,1,0,1,0,0
"COG4680",3,2,3,0,0,0,1,0,1,2,8,0,0,0,1,0,24,0,0,2,0,0,1,1,2,0,0,0,0,1,5,0,0,1,0,8,7,1,1,0,0,0,6,0,0,0,1,0,1,0,0,0,1,1,1,2,1,0,1,1,1,0,1,0,0,4,1,0,0,0,5,0,1,0,1,0,0,2,0,0,0,2,0,0,0,4,1,0,1,2,0,3,1,0,0,0,0,0,0,2
"COG4681",17,6,17,0,26,16,10,1,5,2,6,7,16,8,22,0,102,0,1,8,4,31,26,1,30,0,1,7,1,0,37,1,0,13,16,11,1,0,1,0,2,1,27,2,11,0,1,33,3,1,0,0,3,0,6,0,6,0,9,2,5,13,11,0,3,2,2,0,10,32,2,0,1,1,1,0,1,21,1,0,0,2,1,0,2,9,4,12,2,4,1,6,4,1,2,0,2,8,5,0
"COG4682",2,2,2,0,0,6,2,1,2,0,1,0,5,0,0,0,59,0,0,0,0,0,12,1,0,0,0,2,0,0,15,0,0,3,3,3,0,0,0,0,3,0,13,3,4,0,0,10,0,0,0,0,0,1,1,0,3,2,3,0,0,0,1,0,0,1,0,0,0,0,0,0,1,0,0,3,0,0,1,2,0,1,0,0,0,4,1,0,0,0,0,2,1,3,0,0,0,0,1,0
"COG4683",1,0,0,0,0,0,2,0,0,0,1,0,0,1,1,0,0,0,0,0,0,0,0,0,0,0,0,0,0,0,1,0,0,2,0,0,3,0,0,0,0,0,1,0,0,0,0,3,0,0,0,0,2,0,0,1,0,0,2,0,0,0,1,0,0,0,0,0,0,0,3,0,0,0,1,0,0,0,1,0,0,0,0,0,2,6,0,0,0,0,1,1,0,0,1,0,0,0,0,0
"COG4688",4,11,10,0,1,6,11,0,1,0,5,32,6,45,2,0,97,0,1,6,6,0,18,1,40,1,0,2,0,1,51,0,0,16,19,0,7,0,1,0,3,0,42,3,21,0,2,37,1,2,0,0,0,2,4,0,9,4,14,0,2,6,7,1,0,1,12,0,6,0,3,0,0,0,1,0,2,16,7,1,2,0,0,0,0,2,2,1,0,1,2,2,3,2,2,0,4,8,4,0
"COG4689",0,4,1,2,0,1,2,1,2,1,1,0,3,3,0,3,0,0,0,2,1,0,6,0,0,0,4,3,6,0,0,4,2,1,3,1,1,5,1,4,0,5,3,0,3,2,3,0,3,1,2,1,6,0,0,4,0,2,3,5,3,5,0,8,3,0,2,0,2,0,6,3,1,0,1,1,0,1,3,2,3,5,0,3,11,6,2,3,0,1,1,2,0,4,0,2,0,0,0,1
"COG4690",3,16,8,4,3,1,1,1,1,1,7,1,18,4,2,1,2,2,2,8,5,8,20,0,5,2,0,14,1,6,1,2,1,6,1,4,6,0,3,10,3,4,8,0,9,1,19,5,5,2,2,1,21,0,6,5,3,0,25,0,11,8,0,3,13,8,1,1,4,0,2,5,0,0,1,1,4,7,1,2,3,4,0,2,9,9,5,3,0,8,1,8,1,5,1,0,2,4,1,1
"COG4691",0,0,2,0,0,0,0,0,0,0,0,0,0,0,0,1,1,0,0,0,0,0,0,0,0,0,0,0,0,0,1,0,0,0,0,0,1,0,0,0,0,0,0,0,0,0,0,1,0,0,0,0,1,0,0,1,0,3,1,0,0,0,0,0,0,0,0,0,0,0,0,0,1,0,0,0,0,3,0,0,0,0,0,0,0,0,0,0,0,1,0,0,1,0,0,0,1,0,0,0
"COG4692",32,45,24,13,3,17,5,0,0,16,8,18,14,24,12,3,4,40,0,22,31,2,28,11,18,9,12,28,4,4,13,31,18,49,67,30,9,31,5,51,32,16,27,8,20,22,48,20,22,5,1,15,24,2,37,10,13,0,45,16,18,24,12,5,5,11,6,15,8,0,30,24,13,7,8,39,7,20,22,16,6,86,8,40,6,47,13,5,3,24,0,30,16,12,6,15,5,77,76,4
"COG4693",0,0,2,0,0,0,0,0,0,0,0,0,0,0,0,0,0,0,0,0,0,0,0,0,0,0,0,0,0,0,0,0,0,0,0,0,0,0,0,0,0,0,0,0,0,0,0,0,0,0,0,0,0,0,0,0,0,0,0,0,0,0,0,0,0,0,0,0,0,0,0,0,0,0,0,0,0,0,0,0,0,0,0,0,0,0,0,0,0,0,0,0,0,0,0,0,0,0,0,0
"COG4694",14,3,17,0,3,4,2,0,0,0,1,0,1,1,5,2,8,0,0,11,0,1,7,0,9,0,1,6,1,2,13,1,0,10,8,11,0,0,2,0,1,0,25,0,3,1,0,9,2,0,0,4,1,0,0,2,1,2,4,0,4,0,36,1,0,0,0,0,5,0,5,0,3,0,0,0,0,16,0,1,0,0,0,0,1,5,3,0,6,7,1,2,1,1,0,1,0,1,1,0
"COG4695",23,4,12,35,32,19,35,18,30,57,10,25,41,24,20,9,64,11,2,12,17,16,39,22,44,47,46,15,16,5,30,9,27,20,146,55,5,16,6,46,10,32,56,31,15,10,22,46,17,23,9,22,44,4,14,8,22,28,20,32,7,7,17,23,23,6,120,41,11,1,19,11,7,24,9,113,20,22,15,50,11,16,41,26,21,27,32,92,25,36,32,16,21,14,2,53,19,13,14,17
"COG4696",0,0,0,1,2,0,0,0,0,0,1,2,1,0,0,0,2,0,1,0,8,0,2,1,0,2,0,1,1,0,0,0,2,1,2,0,0,0,0,4,0,2,0,0,0,2,1,2,1,0,1,1,4,0,0,2,2,0,1,1,0,0,1,2,0,0,4,1,0,0,0,0,1,1,3,2,2,0,0,2,9,0,1,0,2,0,4,3,1,0,0,0,0,5,0,0,2,0,0,1
"COG4700",2,5,1,0,0,4,0,0,0,0,10,0,0,0,1,0,0,0,0,4,0,0,8,0,1,0,0,2,0,0,1,0,0,4,1,3,1,0,0,1,2,0,5,0,3,0,5,0,0,1,0,1,2,0,0,0,0,0,14,0,5,6,1,0,2,16,0,0,0,0,6,0,0,0,0,0,0,10,0,2,0,1,0,0,0,3,0,2,0,4,0,5,1,0,0,1,0,0,1,0
"COG4701",4,0,0,0,1,0,0,0,0,0,0,0,0,0,8,0,3,0,0,0,0,0,6,0,2,0,0,0,0,0,4,0,0,0,0,0,0,0,0,0,0,0,2,0,0,0,0,0,0,0,0,0,0,0,1,0,0,0,0,0,0,2,0,0,0,0,0,0,0,5,0,0,0,0,0,0,0,0,0,0,0,0,0,0,0,0,0,0,0,0,0,0,0,0,0,0,0,0,1,0
"COG4702",0,0,0,0,0,0,1,0,0,0,0,0,0,0,1,0,1,0,0,0,0,0,0,0,1,0,0,0,0,0,0,0,0,1,0,2,1,0,0,0,0,0,3,0,0,0,0,0,0,0,0,1,0,0,0,0,0,0,0,0,0,0,0,0,0,0,0,0,0,0,1,0,0,0,0,0,0,2,0,0,0,0,0,0,0,0,0,0,0,1,0,0,0,0,0,0,0,0,0,0
"COG4704",12,9,17,22,35,6,11,11,14,22,10,19,13,16,33,14,6,14,27,4,16,28,15,28,21,17,18,11,10,19,14,23,19,15,4,24,11,18,14,19,9,17,19,22,10,29,13,13,19,8,29,12,11,18,11,9,20,9,6,11,12,15,18,18,8,16,6,13,14,32,20,12,16,20,8,9,11,16,26,22,13,14,17,28,10,14,8,55,8,22,8,9,15,12,21,13,13,18,14,12
"COG4705",1,0,0,0,0,2,0,0,1,0,0,0,1,0,1,0,5,0,0,2,0,0,1,0,0,0,0,0,0,2,5,1,0,0,1,4,1,0,1,0,2,0,3,0,3,0,0,1,1,0,0,0,0,0,0,1,0,0,0,0,1,0,0,0,0,0,0,0,0,0,6,0,0,0,0,0,0,1,0,0,0,0,0,0,0,5,0,0,0,2,0,0,0,1,1,0,0,2,0,0
"COG4706",4,2,1,0,0,2,0,0,0,0,2,0,0,0,2,0,3,0,0,7,0,0,8,0,3,0,0,0,0,0,12,0,0,0,0,3,1,0,0,0,1,0,2,0,0,0,0,2,0,0,0,0,0,0,0,0,0,0,2,0,1,5,0,0,0,1,0,0,1,0,1,0,0,0,0,0,0,5,0,0,0,0,0,0,0,5,0,0,0,2,0,4,0,0,0,0,0,0,0,0
"COG4710",0,0,0,0,0,0,0,0,0,0,0,0,0,0,0,0,0,0,0,1,0,0,0,0,0,0,0,0,0,0,0,0,0,0,0,0,0,0,0,0,0,0,0,0,0,0,0,0,0,0,0,0,0,0,0,0,0,0,0,0,0,0,0,0,0,0,0,0,0,0,0,0,0,0,0,0,0,0,0,0,0,0,0,0,0,0,0,1,0,0,0,0,0,0,0,0,0,0,0,0
"COG4711",0,0,0,0,0,0,0,0,0,0,3,0,0,0,0,0,0,0,0,0,0,0,0,0,0,0,0,0,0,0,0,0,0,0,0,1,9,0,0,0,0,0,0,0,0,0,1,0,0,0,0,0,0,0,0,0,0,0,1,0,0,0,0,0,0,1,0,0,0,0,0,0,0,0,1,0,0,0,0,0,0,0,0,0,0,0,0,0,0,0,0,0,0,0,0,0,0,0,0,0
"COG4712",0,1,1,2,0,0,2,0,1,2,1,0,8,0,1,0,0,0,1,4,0,2,0,2,1,0,1,1,3,0,0,0,0,0,6,0,2,0,0,2,0,1,0,1,0,0,1,0,0,1,0,0,2,0,1,0,0,1,3,1,1,0,1,0,1,1,1,0,1,0,2,1,1,0,1,1,0,1,0,1,2,1,2,0,3,2,1,0,2,0,1,0,1,0,0,0,2,0,0,0
"COG4713",5,1,1,0,0,2,4,1,0,2,0,0,2,1,0,0,0,0,0,4,0,0,0,0,3,0,0,0,0,1,6,0,0,1,0,9,1,0,0,0,5,0,5,0,5,0,1,0,0,1,0,0,0,0,0,0,0,1,0,0,1,3,0,0,0,0,0,0,0,0,3,1,0,0,0,0,0,4,0,0,0,0,0,0,2,3,0,0,0,5,0,6,0,0,0,0,0,0,0,0
"COG4714",1,3,1,3,1,2,1,1,1,2,5,1,2,2,5,0,2,0,5,2,1,0,0,1,2,0,3,1,1,0,2,4,2,1,2,3,6,2,4,1,1,0,1,6,3,3,3,0,2,2,8,3,1,9,1,1,0,1,2,2,3,2,2,2,2,11,3,0,1,5,1,0,2,5,0,2,1,4,6,2,0,2,5,2,1,3,4,1,1,2,0,2,3,1,0,1,1,1,1,1
"COG4715",1,0,1,0,0,0,1,0,0,0,0,0,4,0,0,0,3,0,0,0,0,0,3,0,0,0,0,0,0,6,0,0,0,1,0,0,0,0,2,0,0,0,0,0,0,0,1,11,0,0,0,0,0,0,0,1,0,0,8,0,0,2,0,0,1,2,0,0,0,0,0,0,0,0,0,0,0,2,1,0,1,0,0,0,0,1,0,0,0,0,0,0,0,0,0,1,1,0,0,0
"COG4716",3,0,1,0,1,0,2,0,0,2,0,2,1,1,0,0,0,1,0,1,1,0,0,0,0,1,0,0,0,0,1,0,0,9,3,7,1,0,0,1,0,0,2,0,1,1,0,1,0,0,0,0,0,0,0,1,0,0,2,1,2,0,0,0,1,0,0,0,0,0,0,0,0,0,1,0,0,1,1,0,0,1,0,0,1,3,0,0,1,1,0,1,0,0,0,1,0,0,0,0
"COG4717",16,15,7,0,0,12,0,0,1,0,25,0,22,5,2,0,6,1,1,25,7,4,19,0,4,0,0,6,1,1,20,3,3,37,12,11,14,5,0,19,12,1,23,0,15,2,25,4,2,1,0,10,8,0,3,0,0,0,27,2,11,12,1,0,5,16,0,0,1,1,12,1,1,0,0,11,1,14,0,1,1,2,3,1,2,13,1,3,0,11,0,6,12,0,3,6,2,2,2,0
"COG4718",0,0,0,6,0,2,6,0,2,5,0,5,3,2,5,0,1,4,0,0,2,0,0,3,12,8,3,0,2,1,1,2,3,0,14,2,0,3,1,6,1,2,0,4,2,0,2,4,1,1,0,1,1,0,0,6,4,8,0,2,0,0,1,1,2,0,18,2,0,0,1,2,0,3,1,19,0,0,1,9,1,3,3,2,3,1,1,1,4,2,1,0,1,2,0,3,4,1,0,2
"COG4719",0,1,0,0,0,0,0,0,0,0,0,0,0,0,0,0,0,0,0,0,2,0,0,0,1,1,0,2,0,0,2,0,0,1,0,0,0,0,0,0,0,0,1,0,0,0,0,0,2,0,0,0,0,0,0,0,0,0,0,0,0,1,0,0,0,0,1,0,0,0,0,0,0,0,0,0,0,1,0,0,0,0,0,0,2,0,0,0,0,0,0,0,0,0,0,0,0,0,0,0
"COG4720",0,0,0,0,0,0,0,0,0,0,0,0,1,0,1,0,0,0,0,0,0,0,3,0,0,0,0,1,0,0,0,0,0,0,0,0,0,0,0,0,0,0,0,0,0,0,0,0,0,0,0,0,0,0,0,0,0,0,0,0,0,0,0,0,0,0,0,0,0,0,0,0,0,0,0,0,0,0,0,0,0,0,0,0,0,0,0,0,0,0,0,0,0,0,0,0,0,0,0,0
"COG4721",4,0,0,0,0,0,1,0,0,0,0,0,4,1,1,0,0,0,0,0,0,1,1,0,0,0,0,1,0,0,0,0,0,0,4,8,0,0,0,1,0,0,15,0,0,0,0,0,0,0,0,1,0,1,0,0,1,2,0,0,0,0,0,0,1,0,0,0,0,0,1,0,0,0,0,0,0,5,0,0,0,0,0,0,0,2,0,0,2,2,0,5,0,0,0,0,0,0,0,0
"COG4723",0,0,15,16,0,0,14,11,2,7,1,7,3,10,15,5,2,8,1,1,7,0,4,13,20,10,9,1,3,3,0,2,3,7,65,2,0,6,7,7,1,8,0,7,0,0,5,4,6,12,2,13,0,1,1,8,2,23,2,9,0,1,8,5,2,0,86,5,0,0,2,1,1,19,7,39,5,0,2,36,2,12,4,8,4,0,11,8,17,2,2,1,7,1,1,11,36,4,4,5
"COG4724",0,0,0,0,0,1,0,0,0,0,0,0,1,0,0,0,0,0,0,0,0,6,0,0,1,0,0,1,0,5,3,0,0,0,0,7,0,0,2,0,0,0,0,0,0,1,0,1,0,0,0,0,0,0,1,1,0,0,0,0,2,1,0,0,0,0,2,0,1,0,2,0,0,0,0,0,0,0,0,0,0,0,0,0,0,3,0,0,0,2,0,2,0,2,1,0,0,0,0,0
"COG4725",8,2,10,41,12,10,15,8,14,20,10,29,10,24,10,14,7,15,7,3,13,11,12,32,22,24,37,4,14,15,6,13,14,10,48,10,19,21,14,12,5,12,27,9,8,4,6,11,8,30,11,12,9,3,8,3,17,27,4,28,5,8,5,11,10,9,86,27,4,8,8,9,10,28,5,44,8,11,10,37,18,28,34,21,11,5,17,12,14,10,14,5,19,9,10,19,21,28,11,16
"COG4726",0,0,0,0,0,0,0,0,0,0,0,0,0,0,0,0,0,0,0,0,0,0,0,0,0,0,0,0,0,0,0,0,0,0,0,0,0,0,0,0,0,0,0,0,0,0,0,1,0,0,0,0,1,0,0,0,0,0,0,0,0,0,0,0,0,1,0,0,0,0,0,0,0,0,0,0,0,1,0,0,0,0,0,0,0,0,0,0,0,0,0,0,0,0,0,0,1,0,0,0
"COG4727",0,0,0,0,0,0,1,0,0,0,0,0,1,0,0,0,0,0,0,0,0,0,1,0,0,0,0,0,0,0,0,0,0,0,0,0,0,0,0,1,0,0,0,0,0,0,0,0,0,0,0,0,0,0,0,0,0,0,0,0,0,0,0,0,0,0,0,0,0,0,0,0,0,0,0,0,1,0,0,0,0,0,0,0,0,0,0,0,0,0,0,0,0,0,0,0,0,0,0,0
"COG4728",7,1,1,0,4,1,4,0,4,0,5,4,5,1,3,1,33,0,1,3,3,11,8,1,11,0,1,2,2,1,21,0,0,12,7,1,0,0,3,1,1,0,10,0,8,0,1,7,0,1,1,4,4,3,2,1,2,0,2,0,0,4,4,1,1,2,2,0,1,15,1,1,1,1,3,2,2,3,1,0,0,2,2,2,1,2,3,5,2,1,1,1,4,0,4,2,0,0,0,0
"COG4729",3,0,0,0,0,0,0,0,0,0,0,0,1,1,1,0,0,0,0,0,0,0,0,0,0,0,0,1,0,0,1,0,0,0,0,1,0,0,0,0,0,0,4,0,0,0,0,0,0,0,0,0,0,0,0,0,1,1,0,0,3,0,0,0,0,0,0,0,0,0,0,0,0,0,1,0,0,0,0,0,0,1,0,0,0,1,1,0,0,1,0,0,0,0,0,1,1,0,0,0
"COG4731",24,5,20,8,24,4,12,12,13,8,6,14,14,13,15,13,2,11,15,12,8,79,7,7,8,9,34,10,6,31,13,13,10,8,16,39,7,8,14,7,5,14,23,23,7,7,8,19,11,16,10,15,6,16,19,12,5,15,4,11,15,3,12,10,6,6,12,6,9,80,14,12,11,9,15,18,11,8,8,5,9,8,13,9,8,18,14,39,12,14,12,7,19,10,16,18,20,11,9,10
"COG4733",9,7,55,125,7,16,92,76,63,88,10,80,29,68,44,41,47,59,4,11,49,15,21,108,179,161,105,2,68,39,31,20,32,34,346,13,10,47,72,142,15,108,29,80,7,24,41,71,26,112,18,101,28,9,12,104,43,157,20,112,12,12,53,73,36,11,839,73,7,3,12,13,33,118,32,358,66,4,21,181,36,90,67,75,50,5,102,138,112,18,38,7,64,33,19,143,142,32,19,72
"COG4734",0,2,1,2,1,1,2,0,0,0,0,3,1,8,0,1,3,0,0,0,2,1,1,0,4,0,0,1,1,0,3,0,0,2,5,6,1,0,0,0,1,0,9,2,0,0,0,3,1,2,0,4,1,0,0,0,1,0,0,0,0,0,0,0,0,1,3,0,0,0,1,0,5,0,0,1,1,0,0,2,0,0,1,0,1,4,0,3,0,2,2,1,1,1,2,1,2,0,0,0
"COG4735",0,0,0,0,3,1,1,0,0,0,0,0,0,0,1,0,6,0,0,0,0,1,3,0,0,0,0,0,0,0,11,1,0,2,0,1,0,0,0,0,0,0,5,0,0,0,0,8,0,0,0,0,0,0,0,0,0,0,1,0,0,1,1,0,0,0,0,0,0,0,0,0,1,1,2,0,0,0,0,1,0,2,0,0,0,2,0,0,0,1,0,3,1,0,0,0,0,2,1,0
"COG4736",2,0,1,0,0,3,4,0,0,0,1,1,1,2,0,0,10,0,0,2,0,0,4,0,1,0,0,0,0,0,4,0,0,1,2,0,0,0,0,0,0,0,6,0,1,0,1,2,0,0,0,0,0,0,0,0,2,0,1,0,0,1,1,0,0,1,0,0,1,0,0,0,0,2,0,0,0,5,0,0,0,0,0,0,0,3,1,0,1,0,0,2,1,0,1,0,1,0,0,0
"COG4737",4,0,0,0,0,0,1,0,1,0,0,0,1,0,1,1,4,0,0,1,0,1,1,0,1,0,0,0,0,1,7,0,0,2,0,3,0,0,0,0,0,0,2,0,5,0,0,7,0,0,0,0,1,0,1,0,1,0,1,0,2,0,1,0,0,0,0,0,0,0,0,0,0,0,0,0,0,0,0,1,0,0,0,0,0,1,0,0,0,4,1,0,0,0,0,1,0,0,0,0
"COG4738",0,0,0,0,10,0,0,0,0,0,0,3,0,3,0,0,0,0,0,0,1,0,0,0,0,1,1,1,1,2,0,0,1,0,2,0,0,0,0,0,0,1,0,0,0,0,0,0,3,0,0,0,1,0,5,1,0,1,0,0,0,0,0,0,0,1,0,0,0,0,0,0,1,0,1,0,0,0,2,0,0,1,0,1,0,0,0,0,0,0,0,0,3,0,0,0,1,2,2,1
"COG4741",8,4,3,11,0,23,2,2,0,1,4,6,13,5,1,0,3,2,1,18,3,0,11,7,1,4,3,4,2,2,5,3,2,4,8,10,8,4,0,14,11,2,5,2,2,2,4,4,3,0,3,4,12,2,6,2,7,3,8,1,11,7,2,2,5,4,14,7,3,0,11,6,1,3,0,7,2,12,3,12,3,4,0,3,7,13,4,8,0,7,5,10,1,3,3,4,1,4,2,1
"COG4742",39,3,0,0,0,68,0,0,0,0,7,0,0,0,0,0,0,0,0,35,0,0,0,0,16,0,0,8,0,0,19,0,0,0,0,34,1,0,0,0,32,0,13,0,29,0,1,0,0,0,0,0,0,0,0,0,0,0,14,0,49,42,0,0,0,1,0,0,0,0,51,0,0,0,0,0,0,40,0,0,0,0,0,0,0,39,0,0,0,26,0,55,0,0,0,0,0,0,0,0
"COG4743",0,0,0,0,0,0,0,0,0,0,1,0,1,0,0,0,0,0,0,0,0,0,0,0,0,0,0,0,0,0,0,0,1,0,1,0,3,0,0,0,0,0,0,0,0,0,1,0,0,1,0,0,0,0,0,4,0,0,0,0,0,0,0,0,1,3,0,1,0,0,0,0,0,0,0,2,0,0,0,0,0,1,0,0,0,0,0,0,0,0,0,0,0,0,0,0,1,0,0,0
"COG4744",0,1,0,0,0,0,0,0,0,0,0,0,0,0,0,0,0,0,0,0,0,0,0,0,0,0,0,0,0,0,1,0,0,0,0,0,0,0,0,0,0,0,0,0,0,0,0,1,0,0,0,0,0,0,0,0,0,0,0,0,0,0,1,0,0,1,1,0,2,0,0,0,0,0,0,0,0,0,0,0,0,0,0,0,0,0,0,1,0,0,0,0,0,0,0,1,0,0,0,0
"COG4745",6,6,1,1,0,8,0,2,0,0,15,1,39,8,0,0,7,10,0,23,24,0,46,1,11,3,0,39,9,2,10,3,8,18,38,2,12,3,2,69,9,3,15,0,18,6,14,6,12,1,14,9,46,0,6,13,20,2,3,7,17,12,2,12,34,8,1,2,7,0,20,18,0,1,0,6,2,17,7,1,40,10,0,15,71,20,5,0,7,12,22,25,17,7,0,7,1,3,8,1
"COG4746",0,0,0,0,0,0,0,0,0,0,0,0,1,0,0,0,0,0,0,0,1,0,0,0,0,0,0,0,0,0,0,0,0,0,0,0,0,0,0,0,0,0,0,0,0,0,0,0,0,0,0,0,0,0,0,0,0,0,0,0,0,0,0,0,0,0,0,0,0,0,0,0,0,0,0,0,0,0,0,0,0,0,0,0,0,0,0,0,0,0,0,0,0,0,0,0,0,0,0,0
"COG4747",5,9,7,3,0,6,0,2,6,4,4,3,4,0,1,2,0,2,1,4,3,0,11,3,2,2,2,3,2,1,6,0,1,12,12,0,6,4,3,2,6,0,2,4,3,1,11,4,2,0,1,4,6,2,5,3,0,0,9,3,4,7,5,6,0,6,1,1,3,0,4,6,2,4,3,3,1,2,3,0,4,6,2,2,2,8,6,0,0,4,3,3,3,5,2,1,0,3,2,3
"COG4748",2,1,14,0,10,3,9,7,4,5,4,2,1,2,5,2,1,6,6,0,5,19,2,2,3,3,5,2,2,2,5,5,4,1,11,25,1,1,3,2,2,7,4,1,2,2,1,8,1,5,5,4,0,1,3,8,2,3,0,4,2,0,13,5,1,1,3,4,5,10,3,5,4,2,7,0,4,6,1,2,3,2,1,0,3,21,2,5,6,7,3,3,3,10,3,4,13,3,2,9
"COG4750",1,3,2,2,0,2,0,0,0,0,15,0,0,0,1,0,0,0,0,2,0,0,0,0,1,0,0,0,0,0,4,0,0,1,0,3,4,0,0,2,2,0,1,0,2,0,2,0,1,0,1,1,1,0,0,0,0,0,15,0,6,5,4,0,0,9,1,0,0,0,3,0,0,0,2,1,0,6,1,2,2,1,0,0,0,8,0,2,3,4,1,8,2,0,0,0,2,0,0,1
"COG4752",3,7,0,0,0,3,0,1,1,0,7,0,7,1,0,1,0,0,0,4,1,0,4,0,0,3,0,2,4,3,1,0,0,7,1,2,7,2,2,0,1,3,1,0,5,1,7,0,6,0,3,2,6,0,3,2,0,1,11,2,3,5,1,5,6,9,1,0,2,0,2,4,0,5,0,1,1,4,0,1,7,2,0,3,9,2,1,0,3,2,2,4,1,2,0,2,1,0,3,2
"COG4753",90,52,47,4,20,52,15,1,10,14,41,36,52,39,46,7,425,2,2,11,15,9,97,9,69,3,16,23,12,9,166,6,6,83,43,90,26,0,10,5,27,3,101,23,54,7,27,138,9,2,2,10,8,8,11,2,31,3,49,4,13,26,34,15,2,15,9,1,41,19,23,1,11,23,15,6,2,31,10,11,4,7,9,4,3,84,19,47,4,26,4,35,27,19,16,8,16,17,14,1
"COG4754",0,0,0,0,0,0,1,0,0,3,0,0,0,0,0,0,0,0,0,0,0,0,0,0,2,0,0,0,1,0,0,0,0,0,0,0,0,0,0,0,0,0,0,0,0,0,0,0,0,0,1,0,0,3,0,2,0,0,0,0,0,0,0,0,0,0,1,0,0,0,0,0,3,0,2,0,0,0,0,0,0,0,0,0,0,2,0,0,0,2,0,0,0,1,0,0,0,0,0,0
"COG4757",9,7,4,0,0,9,11,1,1,0,9,6,15,9,14,0,124,0,3,5,3,3,24,1,15,5,0,8,0,4,68,2,0,24,22,10,2,0,1,0,6,1,38,5,17,0,3,34,1,1,0,2,8,2,0,2,12,1,6,1,20,4,12,2,0,2,6,0,13,0,4,1,6,0,5,0,4,16,1,2,1,3,0,0,1,5,5,2,2,4,2,8,4,3,1,0,3,1,2,0
"COG4759",22,12,1,4,0,14,2,1,2,2,7,2,14,6,0,1,3,1,0,33,6,0,16,1,9,1,0,18,0,1,10,4,6,2,9,1,13,1,1,24,20,5,12,0,23,6,11,1,4,1,1,0,25,0,13,2,7,2,7,3,29,23,1,1,19,10,3,3,10,0,22,8,0,0,2,5,0,25,16,1,7,8,2,0,10,30,4,0,0,9,1,28,2,2,0,3,0,6,7,0
"COG4760",80,69,60,88,98,70,52,56,37,91,81,135,75,72,53,77,13,78,95,59,90,128,49,75,50,91,93,121,101,141,28,109,75,102,88,46,60,69,69,65,83,56,45,107,76,119,47,71,90,164,126,90,102,125,104,93,90,49,66,53,57,77,73,93,57,53,55,76,111,84,72,82,90,107,60,61,42,60,77,77,83,81,74,80,49,46,69,86,78,71,87,70,116,73,78,67,77,45,90,100
"COG4762",2,0,2,0,0,0,0,0,0,0,0,0,3,3,1,0,0,0,0,0,4,0,3,0,1,0,0,1,0,0,0,1,0,9,10,6,0,0,0,1,0,0,12,0,0,0,0,0,0,0,0,1,3,0,1,0,0,0,0,0,0,0,0,0,0,0,0,0,0,0,4,2,0,0,2,0,0,2,0,0,0,5,0,2,1,3,0,0,1,4,0,6,3,1,0,0,0,1,0,0
"COG4763",3,1,1,0,0,2,0,0,1,0,0,2,0,1,0,1,0,0,0,1,1,0,1,0,1,0,0,0,0,3,3,0,0,1,1,2,0,0,0,0,0,0,10,0,0,0,0,0,1,3,0,0,0,0,0,0,0,0,0,0,3,0,1,0,1,0,0,0,0,0,0,0,0,0,0,0,0,3,0,0,0,0,0,0,0,1,0,0,0,2,0,0,1,0,1,0,0,0,0,0
"COG4764",67,102,41,129,107,94,102,137,161,184,60,102,81,124,138,122,82,113,164,85,75,114,69,159,89,138,137,73,114,102,57,111,108,46,60,50,85,115,119,61,87,101,63,118,75,102,90,41,81,128,145,89,91,185,73,117,143,146,54,117,61,77,45,103,92,102,114,150,102,115,61,112,151,124,71,89,129,55,103,104,142,82,125,127,125,66,124,89,158,65,161,62,80,108,129,111,52,100,65,114
"COG4765",24,30,7,56,42,35,58,49,71,123,34,30,54,43,52,53,2,41,56,49,32,42,20,48,39,52,35,42,49,42,25,40,53,12,27,32,38,38,43,36,27,30,20,45,32,44,51,15,58,42,67,37,37,60,36,57,47,58,27,55,31,41,18,46,62,66,41,36,26,36,33,56,40,40,19,30,54,31,37,59,52,36,67,52,67,27,35,14,90,35,67,35,23,58,46,47,15,33,24,34
"COG4766",36,44,0,2,32,70,1,0,4,5,27,10,24,11,11,1,1,6,0,47,6,18,10,0,18,3,8,15,4,3,32,25,12,9,2,20,31,16,1,3,53,0,15,2,38,14,29,4,7,0,14,3,11,0,16,3,10,0,25,3,34,56,0,8,17,52,1,2,12,54,42,10,10,6,1,1,3,40,29,0,12,3,3,3,5,28,0,13,1,43,5,30,1,5,5,1,2,13,11,2
"COG4767",0,0,0,0,0,0,0,0,0,0,0,0,0,0,0,0,0,0,0,0,0,0,0,0,0,2,0,0,0,0,0,0,0,0,0,1,0,1,0,0,0,0,1,0,0,0,0,0,0,0,0,1,0,0,1,0,0,0,0,2,0,0,1,1,0,0,1,1,0,0,0,0,0,0,1,0,0,1,0,0,0,0,0,0,0,1,1,0,0,0,0,0,0,0,0,0,0,1,0,0
"COG4769",4,3,0,1,1,0,0,0,0,0,4,0,0,0,0,0,0,0,0,5,0,5,0,1,0,0,0,1,0,0,5,1,0,0,0,2,1,2,0,0,1,0,2,0,2,1,4,0,0,0,0,0,0,0,2,0,0,0,4,0,4,2,0,0,0,0,0,0,1,2,1,0,0,0,0,0,0,2,0,0,0,0,0,0,0,6,2,0,0,2,0,1,0,0,0,0,0,0,0,0
"COG4770",395,221,284,374,439,336,225,343,293,228,224,393,358,298,263,234,253,265,320,434,300,479,317,339,304,379,357,446,277,320,362,331,283,346,313,385,213,309,294,387,380,312,393,362,423,381,218,279,360,292,339,326,404,393,324,326,325,341,250,244,409,455,270,267,300,174,284,291,382,401,440,350,362,392,335,320,312,451,361,253,318,376,230,324,306,364,300,354,266,363,304,406,341,240,385,338,186,293,304,306
"COG4771",365,415,414,165,557,216,232,96,135,320,751,408,359,325,394,186,492,258,208,168,253,640,447,159,230,219,367,321,341,403,360,438,330,410,436,282,549,279,268,261,272,153,275,509,218,404,491,485,299,679,422,340,307,184,310,339,539,123,519,215,262,225,391,304,330,523,203,235,444,507,254,324,223,306,252,169,160,231,309,171,339,230,307,287,275,327,263,736,255,287,402,254,592,382,359,321,345,183,354,322
"COG4772",124,122,224,152,405,167,167,96,127,238,125,289,211,180,333,150,357,119,202,110,180,623,247,150,185,147,275,232,214,248,230,307,216,241,190,76,94,197,130,125,155,89,188,323,166,288,90,230,206,313,291,187,158,188,211,141,274,95,145,144,132,104,213,216,171,81,156,140,291,424,101,137,232,245,181,124,153,118,211,154,205,117,256,154,138,119,173,479,176,150,188,102,253,201,250,162,195,173,250,234
"COG4773",73,27,31,1,9,22,37,2,3,5,23,31,25,22,58,2,228,0,3,11,7,1,75,1,41,1,0,10,2,3,158,0,1,56,52,22,11,4,5,4,10,0,91,9,28,0,6,101,2,1,2,5,8,1,15,4,22,4,34,7,2,28,31,2,2,7,27,0,41,5,14,2,2,7,21,2,0,46,14,5,0,11,0,1,7,10,7,5,17,16,3,17,12,3,12,3,5,15,15,1
"COG4774",47,16,92,129,6,44,86,142,93,121,30,115,42,100,34,116,389,56,139,23,74,2,91,127,98,131,104,21,91,130,132,45,53,131,53,47,11,71,128,43,20,112,138,133,42,44,4,156,49,122,69,135,35,160,60,77,127,93,29,70,4,12,50,67,41,12,76,92,114,0,26,74,91,124,63,77,36,41,47,91,78,69,93,100,87,24,155,40,137,30,104,11,90,59,152,85,84,53,61,108
"COG4775",445,730,707,620,637,543,668,715,774,799,880,665,584,640,702,739,311,678,864,493,615,741,465,631,492,716,702,546,734,775,437,687,759,562,552,500,808,728,695,517,585,632,391,782,498,688,713,638,633,898,779,781,523,890,668,711,801,631,687,640,491,475,721,742,668,784,598,663,634,831,474,677,742,728,664,527,695,411,554,613,662,497,842,678,570,442,685,697,826,581,868,452,729,779,733,728,837,653,735,741
"COG4776",6,0,0,0,0,0,0,0,1,1,0,1,0,1,3,1,3,0,0,0,1,0,48,0,4,0,0,1,0,0,1,0,0,0,1,0,0,1,2,2,0,0,1,0,1,0,0,1,0,0,0,1,1,1,1,0,0,0,3,1,1,1,0,0,0,0,9,0,0,2,0,4,0,0,0,0,0,0,1,0,0,0,0,0,1,1,4,0,0,1,1,5,0,1,0,0,0,2,1,0
"COG4778",1,0,2,1,2,0,2,2,94,69,0,0,0,4,0,3,0,0,3,3,2,4,4,1,3,2,0,2,33,0,1,0,1,1,2,3,0,10,2,3,0,2,3,0,0,0,0,2,2,0,2,1,2,2,1,11,1,1,0,0,1,1,1,38,1,0,2,0,0,0,0,8,5,0,1,4,4,1,1,2,0,2,72,3,0,2,0,5,0,3,2,0,0,0,64,37,1,2,1,1
"COG4779",0,1,0,0,0,0,3,0,0,0,0,1,0,0,0,0,2,0,0,0,0,0,4,0,1,0,0,0,0,0,8,0,1,5,1,0,0,0,0,0,0,0,4,0,1,0,0,2,0,0,0,2,0,0,0,0,2,0,0,0,0,0,0,0,0,0,2,0,0,0,0,0,0,1,0,0,0,3,0,0,0,1,0,0,0,0,0,0,0,0,0,0,0,0,0,0,0,0,0,0
"COG4781",0,0,0,0,0,0,0,0,0,0,0,0,0,0,0,0,0,0,0,0,0,0,0,0,0,0,0,0,0,0,0,0,0,0,0,0,0,0,0,2,0,0,0,0,0,0,0,0,0,0,0,0,0,0,0,0,0,0,0,0,0,0,0,2,0,0,0,0,0,0,0,0,0,0,1,0,0,0,0,0,0,1,0,0,0,0,0,0,0,0,0,0,0,0,2,0,0,0,0,0
"COG4782",2,0,4,3,0,0,2,0,0,0,0,1,1,2,1,1,17,2,1,1,0,4,4,2,3,0,1,2,2,2,11,1,0,5,10,6,2,0,4,4,0,1,16,1,3,1,0,2,0,1,0,0,3,0,0,8,2,0,1,0,1,3,1,1,0,4,0,0,1,4,1,1,0,3,2,2,0,6,1,1,1,0,0,0,2,2,0,9,1,3,0,1,0,1,0,2,3,2,0,0
"COG4783",111,109,111,172,176,88,123,142,159,198,79,110,111,115,156,129,157,106,184,98,124,187,153,118,118,115,158,102,147,110,167,120,111,158,96,99,83,108,115,119,113,110,164,148,121,117,81,130,115,152,138,140,97,211,96,108,181,137,88,111,123,93,103,135,105,87,103,99,171,139,97,104,181,147,119,107,109,128,90,115,126,115,142,149,111,100,149,201,156,117,131,84,123,102,168,153,75,114,109,123
"COG4784",27,37,44,26,43,33,32,34,41,35,57,23,61,33,23,32,6,22,36,36,42,61,54,39,32,19,33,37,39,25,37,27,26,50,45,60,47,41,20,42,32,37,52,18,48,26,54,23,36,25,31,33,45,36,31,28,22,25,64,25,37,29,32,31,27,51,31,22,17,93,48,23,33,16,36,18,33,46,20,34,30,41,22,38,16,45,21,39,26,53,12,32,29,23,43,26,9,26,27,16
"COG4785",12,1,2,0,4,4,5,0,0,0,5,4,7,10,9,0,73,2,0,0,1,0,20,1,18,0,0,0,0,0,30,0,0,13,7,0,1,3,0,1,6,0,13,1,2,0,3,18,2,0,1,0,0,0,0,0,6,1,3,0,1,9,3,0,0,3,1,0,5,0,7,0,0,1,2,0,0,2,1,1,1,1,0,0,1,0,1,0,0,2,0,1,0,0,7,0,0,3,3,1
"COG4786",55,40,71,62,25,38,52,42,63,32,27,37,35,28,30,44,47,14,41,58,45,36,59,35,39,25,33,38,31,28,74,15,31,75,49,48,27,15,45,49,52,43,70,27,49,14,31,51,35,23,24,49,57,69,33,60,29,68,46,44,84,65,74,28,13,43,57,53,18,54,77,35,54,60,83,76,56,98,41,64,15,60,65,45,14,81,50,66,22,78,31,90,82,42,90,86,53,36,38,42
"COG4787",18,6,31,30,22,6,29,25,50,26,3,19,10,19,37,28,109,14,22,11,12,37,25,24,25,13,29,5,24,14,51,11,14,26,27,16,2,16,21,12,7,27,44,26,10,7,0,27,10,10,7,17,12,21,16,16,12,22,12,21,5,6,22,18,1,3,29,16,15,47,10,17,23,30,51,32,28,15,11,22,7,17,25,16,7,2,21,27,13,14,9,10,31,19,50,38,22,12,13,21
"COG4789",1,0,3,0,0,0,0,1,0,0,0,0,1,0,1,1,1,0,0,0,0,0,5,0,0,1,1,5,0,0,0,0,0,6,1,7,0,0,2,2,0,0,2,0,1,0,0,1,0,0,0,0,0,0,0,1,2,0,0,2,0,0,1,0,0,1,1,0,0,0,0,0,0,0,1,0,0,0,1,2,0,1,0,0,0,1,0,0,1,0,1,0,2,0,0,0,0,0,0,0
"COG4790",0,0,0,0,0,0,0,0,0,0,0,0,0,0,0,0,0,0,1,0,0,0,0,0,0,0,1,0,0,0,0,0,0,0,0,2,0,0,0,0,0,0,0,0,0,0,0,1,0,0,0,0,0,1,0,0,0,0,0,0,1,0,1,0,0,0,0,0,0,0,0,0,0,0,0,0,0,1,0,0,0,0,0,0,0,0,0,0,0,0,0,0,0,0,0,0,0,0,0,0
"COG4791",0,1,0,0,0,0,0,0,0,0,0,0,0,0,0,1,0,0,0,0,0,0,2,0,0,0,0,0,0,2,0,0,0,2,0,4,0,0,1,1,0,0,2,0,0,0,0,1,0,0,1,0,1,0,0,0,0,0,0,0,0,1,0,0,0,1,0,0,0,0,0,0,0,0,0,0,0,2,0,0,0,0,0,0,0,1,0,0,0,1,0,0,1,0,0,0,0,0,0,0
"COG4792",0,0,0,0,0,0,0,0,0,0,0,0,0,0,0,1,0,0,0,1,0,0,1,0,1,0,0,1,0,1,1,0,0,1,0,1,0,0,0,0,0,0,0,0,0,0,0,1,1,0,0,0,0,0,0,0,1,1,0,0,0,0,0,0,1,0,0,0,0,0,0,0,0,0,0,1,0,0,0,0,0,1,0,0,0,0,0,0,0,1,0,0,1,0,0,0,0,0,0,0
"COG4794",0,0,1,0,0,0,0,0,0,0,0,0,0,0,0,1,0,0,0,0,0,0,0,0,0,0,0,0,0,0,0,0,0,1,0,0,0,0,0,1,0,0,1,0,0,0,0,0,0,0,0,0,0,0,0,0,0,0,0,0,0,1,0,0,0,0,0,0,0,0,0,0,0,0,0,0,0,0,0,0,0,0,0,0,0,0,0,0,0,0,0,0,0,0,0,0,0,0,0,0
"COG4795",24,8,15,4,33,9,22,6,11,11,9,11,14,18,23,6,113,1,5,7,4,22,35,4,23,3,7,7,6,5,54,2,6,25,24,5,2,4,3,3,8,1,36,5,22,2,3,40,4,2,1,7,4,4,4,3,19,5,17,5,12,12,10,6,5,4,6,4,16,24,15,9,9,8,6,5,8,26,3,4,0,2,4,4,2,8,11,24,2,13,1,6,7,5,10,6,4,8,7,2
"COG4796",127,210,187,77,112,141,140,145,104,86,156,128,157,141,108,133,241,161,137,96,112,139,184,86,149,149,86,135,102,137,207,95,159,165,205,97,167,108,165,115,160,114,130,126,128,95,192,262,90,227,169,151,158,145,128,153,203,148,167,123,128,128,189,116,162,213,154,159,199,147,111,172,82,91,76,113,103,129,165,77,156,149,92,133,180,134,106,57,212,126,176,101,108,162,82,127,174,103,141,110
"COG4797",0,0,0,0,0,0,0,0,0,0,2,0,0,0,0,0,0,0,0,0,0,0,2,0,0,0,0,0,0,1,0,0,0,1,0,0,2,0,0,1,0,0,1,0,0,0,0,0,0,1,0,0,0,1,0,0,0,0,3,0,0,0,1,0,0,0,0,0,0,0,0,0,0,0,0,0,0,0,0,0,0,0,0,0,0,0,0,0,0,0,0,0,4,0,0,0,1,0,0,1
"COG4798",61,66,25,44,73,65,39,47,60,85,88,42,54,41,50,46,123,39,59,33,35,78,64,52,47,41,62,65,58,48,73,45,47,66,38,44,45,30,44,58,66,26,50,69,58,63,58,58,51,45,53,49,41,59,50,37,63,38,67,23,45,56,26,72,38,40,37,27,65,63,54,34,68,50,31,27,42,49,39,38,33,35,52,58,34,41,41,74,44,57,31,55,42,29,54,39,38,34,29,47
"COG4799",451,418,339,323,437,492,329,346,267,300,372,450,493,360,243,329,206,339,407,482,413,407,494,331,317,356,364,573,362,404,364,383,359,559,475,403,348,361,352,637,515,342,340,398,456,403,323,311,491,400,541,543,828,609,638,577,662,483,615,481,751,723,563,523,700,408,468,492,678,483,742,642,544,569,522,488,511,706,705,439,601,874,459,661,644,699,474,604,442,736,601,721,741,547,533,481,406,468,509,555
"COG4801",0,0,0,0,0,0,0,0,0,0,0,0,0,0,0,0,0,0,0,0,0,0,0,0,0,0,0,0,0,0,0,0,0,1,0,0,0,0,0,1,1,0,0,0,0,0,0,0,1,0,0,0,0,0,0,0,0,0,0,0,0,0,0,0,0,0,0,0,0,0,0,0,0,0,0,0,0,0,0,0,0,0,0,0,0,0,0,0,0,0,0,0,0,0,0,0,0,0,0,0
"COG4802",0,1,10,10,0,0,2,0,6,0,2,0,1,3,5,1,0,2,0,7,4,0,6,7,1,1,2,0,0,1,1,6,1,2,1,2,2,4,0,1,0,0,4,0,2,4,3,1,0,0,0,11,2,0,5,5,0,0,1,1,2,5,0,0,1,0,0,3,0,1,4,8,2,0,1,4,6,9,1,12,1,8,4,6,2,4,3,3,0,1,0,4,6,0,1,11,0,4,10,0
"COG4803",1,0,4,0,0,0,0,1,5,0,0,0,0,1,1,1,0,0,0,0,0,1,1,1,0,1,5,1,0,0,0,3,0,0,0,0,0,1,0,0,0,0,2,0,0,4,0,0,0,0,0,0,0,0,2,3,0,0,0,0,0,0,3,0,0,2,0,0,0,0,0,5,1,1,0,0,1,1,0,2,0,1,1,0,0,0,0,4,0,1,0,0,1,0,0,7,2,2,4,1
"COG4804",4,4,3,0,0,1,5,0,0,0,1,1,10,0,4,1,46,0,0,4,0,1,10,0,6,0,0,4,0,2,14,0,0,7,4,10,5,0,2,2,0,0,11,1,2,0,3,19,0,0,0,1,1,1,1,2,2,1,2,0,3,2,1,0,0,0,5,0,3,0,1,0,0,0,0,1,2,2,1,0,0,0,1,0,0,9,0,1,0,5,2,2,4,4,0,0,2,1,1,0
"COG4805",294,231,211,173,365,254,200,206,161,288,357,260,259,232,345,198,595,198,175,201,163,504,290,214,240,273,311,298,190,276,380,213,223,249,247,394,266,173,208,153,255,152,427,353,314,200,221,243,164,421,275,257,194,203,187,191,329,193,306,188,242,238,134,204,180,209,165,206,297,457,321,184,167,291,174,166,182,270,234,190,264,152,221,248,191,312,259,330,274,336,368,246,265,166,303,212,177,138,196,259
"COG4806",0,10,1,3,15,1,0,0,2,0,0,0,1,1,4,2,0,0,0,0,0,0,1,0,0,0,0,1,0,0,1,0,0,0,0,0,0,1,0,0,0,0,2,0,1,1,2,0,1,0,0,0,0,1,0,0,1,0,1,0,0,1,0,0,2,0,0,0,0,0,2,0,5,0,1,1,2,0,0,0,0,0,0,0,0,0,1,10,1,1,0,1,0,1,2,1,0,1,1,0
"COG4807",5,0,3,0,30,12,5,0,1,1,5,5,2,9,21,0,62,0,0,2,1,33,10,4,13,0,0,3,1,1,29,2,0,6,10,0,1,0,0,0,2,0,19,0,7,2,3,26,3,0,0,1,1,0,0,0,5,0,5,0,4,3,4,0,0,0,5,0,3,27,4,0,0,0,2,1,0,4,1,2,0,0,1,0,0,3,1,8,0,1,0,4,1,4,2,0,3,0,1,1
"COG4809",0,0,0,0,0,0,0,0,0,0,0,0,1,0,0,0,0,0,0,1,0,1,0,0,0,0,0,2,0,0,1,0,0,0,0,0,0,0,2,0,1,0,0,0,0,0,0,0,0,0,0,0,0,0,0,0,0,0,0,0,0,0,0,0,0,0,0,0,0,0,0,0,0,0,0,1,0,1,0,0,0,0,0,0,0,1,0,0,0,0,0,1,0,0,0,0,0,0,0,0
"COG4813",5,5,7,5,0,2,4,10,17,6,10,6,18,9,9,10,1,11,20,4,7,0,14,4,6,11,5,9,10,5,3,10,9,15,10,7,7,3,8,19,2,4,5,8,3,11,8,6,5,7,7,15,9,12,4,9,9,12,12,8,6,5,1,11,5,3,2,5,3,0,11,7,6,11,4,11,5,5,4,6,6,15,13,7,8,7,8,4,5,7,9,4,8,4,16,11,2,5,7,7
"COG4815",2,0,0,0,0,0,0,0,0,0,0,0,0,0,6,0,1,0,0,0,0,0,1,0,0,0,0,0,0,0,2,0,0,0,0,4,0,0,0,0,0,0,0,0,0,2,0,0,0,0,0,0,0,0,0,0,0,0,0,0,1,1,1,0,0,0,0,0,0,0,1,0,0,0,0,0,0,0,0,0,0,0,0,0,0,2,0,0,0,2,0,1,0,0,0,0,0,0,1,0
"COG4819",2,0,5,0,0,1,4,1,9,1,0,1,11,0,0,1,0,0,2,5,9,0,12,0,4,1,0,2,1,0,0,0,0,22,7,0,2,0,1,20,0,1,2,0,1,1,0,1,2,0,0,2,14,1,1,0,2,4,1,0,1,2,1,1,6,3,1,0,0,0,1,4,0,1,4,4,2,4,2,0,3,2,0,1,28,4,5,0,2,1,0,4,3,1,2,7,1,1,1,1
"COG4821",8,12,12,10,1,10,6,7,15,6,12,22,12,10,24,9,2,16,9,11,15,1,16,11,9,11,32,14,11,5,9,18,17,14,14,6,8,21,10,12,11,4,22,25,5,20,10,9,24,10,16,12,12,16,11,14,20,7,4,14,8,9,7,11,13,5,9,9,10,0,4,23,13,19,1,23,2,11,26,11,16,9,14,18,16,7,9,6,5,14,13,11,2,25,16,14,7,18,11,17
"COG4823",5,1,1,1,2,4,3,0,2,1,3,3,2,2,8,0,20,0,0,16,5,4,8,1,4,0,0,2,1,0,30,0,1,9,2,5,3,0,1,0,2,0,11,0,1,1,0,3,2,1,0,0,5,5,3,0,3,0,3,0,4,1,4,2,2,4,2,0,1,0,5,1,2,5,0,1,1,8,0,1,0,1,0,0,1,5,1,0,0,4,0,4,0,2,1,1,0,4,3,0
"COG4825",1,0,0,0,0,1,0,0,0,0,0,0,3,0,0,1,0,0,0,1,2,0,0,0,0,1,0,5,2,0,0,2,1,3,5,0,0,4,0,8,0,0,0,0,1,1,1,1,1,0,0,0,2,0,0,1,1,0,0,0,0,2,1,1,6,1,0,0,0,0,0,1,0,0,0,2,0,0,0,0,2,3,0,0,1,1,0,0,0,0,1,0,0,0,0,0,0,0,1,0
"COG4826",7,4,2,0,1,4,0,0,1,2,36,4,2,0,1,0,0,1,0,5,2,0,10,0,2,0,0,3,1,3,7,1,2,4,8,7,23,2,3,6,4,0,7,1,4,1,13,6,2,1,2,0,6,0,1,1,1,0,6,2,5,3,0,1,1,10,0,0,1,0,1,0,0,0,0,0,0,4,3,0,1,1,0,0,0,4,0,0,1,0,2,4,0,2,0,0,0,0,1,2
"COG4828",0,0,1,0,0,0,0,0,0,0,0,0,0,1,4,0,0,0,0,0,0,0,0,0,1,1,0,0,0,1,0,1,0,0,0,1,0,1,0,0,0,0,0,0,0,0,0,0,0,0,0,0,0,0,1,0,0,0,0,0,0,0,1,0,0,0,0,0,0,0,1,1,1,0,0,0,0,0,0,3,0,0,0,0,0,0,1,0,0,0,0,0,1,0,0,0,0,5,0,0
"COG4829",1,0,0,0,0,1,1,0,0,0,0,0,1,0,1,0,9,0,0,2,1,0,1,0,2,0,0,0,0,0,1,1,0,0,1,1,0,0,0,3,0,0,4,0,3,0,0,2,0,0,0,0,3,0,0,0,1,0,1,0,0,0,0,0,0,0,0,0,1,0,0,1,0,0,0,0,0,4,1,0,0,0,0,0,0,0,0,0,0,1,0,0,0,0,1,0,0,0,0,0
"COG4830",16,4,0,0,1,16,0,0,0,0,2,2,9,2,0,0,0,0,0,11,6,0,1,1,10,0,0,22,0,1,8,3,0,4,1,25,0,0,0,5,24,0,6,0,15,6,0,0,10,1,1,0,18,0,3,1,0,0,6,0,16,16,0,1,17,2,0,0,10,0,26,7,0,0,0,3,0,19,4,0,12,1,0,2,15,26,0,0,0,21,1,21,3,0,0,0,0,5,0,0
"COG4832",4,18,1,0,0,10,1,0,0,0,81,2,0,0,0,0,0,1,0,0,0,2,0,1,3,0,0,2,0,1,5,0,1,0,7,20,86,0,2,0,10,0,29,0,5,0,29,0,0,1,0,1,0,0,0,0,1,0,32,0,3,3,0,0,0,71,0,0,0,1,5,0,0,0,0,0,0,2,0,0,0,0,0,0,0,5,0,1,0,4,0,7,0,1,0,0,0,0,0,0
"COG4833",1,0,0,0,9,0,0,0,1,0,0,2,0,0,7,0,1,0,0,0,0,7,0,0,1,0,3,0,0,0,0,4,0,0,0,24,0,0,0,0,0,0,1,0,0,8,0,0,0,0,1,0,0,0,0,0,0,0,0,0,1,0,0,0,1,0,0,0,0,1,4,0,0,1,0,0,0,0,0,0,0,0,0,0,0,14,0,10,0,5,0,1,0,2,0,0,0,0,1,0
"COG4834",0,0,1,4,1,0,0,0,1,0,0,0,0,0,10,0,0,3,0,0,0,0,1,4,0,0,1,0,0,0,0,2,0,0,1,1,0,1,0,0,0,0,0,0,0,1,0,0,0,0,0,0,4,0,0,0,0,0,0,1,0,0,0,0,0,0,0,0,0,0,0,0,0,1,1,3,0,0,0,3,0,14,0,2,0,0,1,0,0,0,0,1,1,0,5,4,0,0,0,2
"COG4842",0,0,0,0,0,0,0,0,0,0,0,0,0,0,0,0,0,0,0,0,0,0,0,0,0,0,0,0,0,0,0,0,0,0,2,0,0,0,1,0,0,0,0,0,0,0,0,0,0,0,0,0,0,0,0,0,0,0,0,0,0,0,0,0,0,0,0,0,0,0,0,0,0,0,0,0,0,0,0,0,0,0,0,0,0,0,0,0,0,0,0,0,0,0,0,0,0,0,0,0
"COG4843",1,2,11,3,3,2,5,9,3,20,0,12,5,15,2,6,1,6,16,2,1,15,3,9,5,16,10,5,17,15,0,14,15,3,8,3,0,23,18,5,1,10,1,10,3,15,0,6,10,10,8,16,3,4,5,13,8,10,0,16,1,3,7,10,0,0,8,9,13,4,1,7,5,9,6,7,10,1,25,13,17,14,15,8,9,3,14,17,12,1,25,0,20,7,17,14,2,3,3,23
"COG4845",14,0,2,1,21,5,2,0,0,0,2,0,0,0,13,0,0,0,0,0,0,13,1,0,2,1,1,0,0,0,14,0,0,1,0,10,1,0,0,0,0,0,2,0,0,1,0,0,0,0,1,0,0,0,1,0,0,1,1,0,1,0,0,0,0,1,0,0,0,4,1,0,0,2,1,0,0,1,0,1,0,0,0,0,0,6,0,9,0,4,0,2,1,1,0,3,1,0,4,0
"COG4848",0,0,0,0,0,1,0,0,0,0,0,0,0,0,0,0,7,0,0,0,0,0,0,0,0,0,0,0,0,0,0,0,0,1,0,0,1,0,0,0,0,0,0,0,5,0,0,0,0,0,0,0,0,0,0,0,0,0,0,0,0,0,0,0,0,2,0,0,1,0,0,0,1,0,0,0,0,0,0,0,0,0,0,0,0,0,0,0,0,0,0,1,0,0,0,0,0,0,0,0
"COG4849",3,0,2,0,0,3,0,0,0,1,1,10,13,9,2,0,43,0,0,0,0,0,5,0,10,0,0,2,0,0,11,0,0,8,7,7,0,0,0,1,2,0,5,1,4,0,2,10,0,0,1,0,0,0,0,0,5,0,3,0,0,2,2,0,0,0,1,0,8,0,7,0,0,1,2,0,0,5,0,0,0,0,0,0,2,3,1,0,0,2,0,4,2,0,0,0,0,2,0,0
"COG4850",25,3,9,1,0,6,4,1,2,0,2,0,2,5,7,1,4,0,1,11,5,4,4,0,8,3,0,18,1,3,25,2,0,9,21,66,3,2,3,1,5,1,37,1,5,2,0,15,4,0,7,3,10,3,3,2,2,2,2,2,10,2,2,0,1,0,8,1,12,0,16,0,1,3,8,1,3,22,1,0,1,1,0,0,2,46,1,0,4,30,0,23,0,9,1,3,2,1,4,1
"COG4852",8,3,7,11,3,4,11,15,12,4,0,12,11,10,6,15,33,7,19,6,11,9,14,5,9,9,11,1,10,14,7,15,6,18,5,9,2,12,15,10,2,12,7,16,4,17,1,13,15,12,10,10,4,11,9,6,25,5,1,14,5,4,6,6,11,0,8,12,6,3,4,9,18,15,7,12,11,5,6,9,13,6,10,7,11,11,5,11,11,8,5,4,16,9,18,12,7,7,9,12
"COG4856",1,0,0,0,0,0,0,0,0,0,1,0,6,1,0,0,0,0,0,0,1,0,2,0,0,0,0,1,0,2,1,0,2,4,4,0,1,0,2,5,0,0,0,0,0,0,2,1,2,0,0,0,3,0,1,0,4,0,0,0,0,0,0,1,4,0,0,0,0,0,0,2,0,0,0,0,0,0,1,0,2,0,0,1,1,0,0,0,0,0,0,0,0,0,0,0,0,0,2,0
"COG4857",27,3,23,38,9,13,15,20,22,6,6,21,11,21,40,20,1,13,9,9,16,9,9,22,11,15,23,5,21,19,13,45,15,13,24,12,6,16,24,18,9,24,5,34,10,22,3,6,26,17,11,17,9,14,20,14,8,19,4,20,9,12,11,19,2,7,17,20,5,3,9,15,18,32,29,26,16,8,11,19,10,31,19,26,5,14,30,21,8,13,10,4,29,15,23,25,10,14,8,15
"COG4859",0,0,1,0,0,0,0,0,0,0,0,1,0,1,2,0,1,0,0,3,0,0,0,0,0,0,0,0,0,0,0,0,0,0,0,0,0,0,0,0,0,0,0,0,1,0,0,0,1,0,0,0,0,0,0,0,0,0,1,0,1,0,0,0,0,0,0,0,0,0,0,0,0,0,0,0,0,1,0,1,0,1,0,0,0,0,0,0,1,0,0,0,0,0,0,0,0,0,0,0
"COG4860",1,0,1,0,0,2,0,0,0,1,0,2,0,4,0,1,0,0,2,0,0,0,3,0,2,0,0,3,2,2,0,0,2,1,1,0,0,0,1,2,1,0,1,0,2,1,3,3,2,2,2,0,3,1,2,0,1,1,1,4,4,2,1,0,1,0,2,1,5,0,1,4,0,0,0,0,0,0,0,0,4,1,0,1,1,1,0,0,0,2,2,2,1,2,0,0,0,0,1,0
"COG4861",8,2,4,0,0,2,4,0,0,0,0,9,4,5,2,0,69,0,0,0,0,1,17,0,16,0,0,2,0,0,22,0,1,9,7,6,2,0,1,0,0,0,4,6,4,0,0,16,0,0,0,0,0,0,0,0,2,0,3,0,2,0,2,0,0,0,0,0,5,0,3,0,0,0,0,0,0,5,0,0,0,1,0,0,0,2,0,0,0,2,0,3,4,0,1,0,2,1,1,0
"COG4864",33,57,26,21,1,39,17,3,13,30,94,29,52,21,2,18,4,19,16,26,29,0,46,17,24,28,31,51,31,35,23,27,41,61,56,33,103,18,21,38,65,12,33,26,38,26,109,46,36,93,50,26,45,9,28,27,54,13,87,29,49,38,28,22,29,67,16,26,55,0,50,39,16,26,14,30,6,23,29,23,38,35,29,25,34,38,28,25,26,48,33,54,43,36,23,22,26,26,39,30
"COG4865",5,4,0,0,0,0,0,0,0,0,4,0,1,0,1,0,0,0,0,2,0,0,1,0,4,0,0,0,0,0,0,0,0,2,0,0,3,0,0,2,0,2,1,0,0,0,1,1,0,0,0,0,2,0,0,0,1,0,2,0,1,0,0,0,0,4,0,0,0,0,1,0,0,0,0,0,0,0,0,0,0,0,0,1,0,2,0,1,0,0,0,2,0,0,0,1,0,0,0,0
"COG4866",2,0,3,0,0,1,0,0,0,0,1,0,4,0,0,1,2,1,0,1,2,0,6,0,1,0,0,3,0,0,0,0,1,1,6,2,0,0,0,4,2,0,2,0,4,0,1,0,1,0,0,0,5,0,1,1,2,0,0,0,3,2,0,0,1,0,0,0,1,0,1,0,0,0,1,0,0,1,0,0,1,1,0,5,5,5,0,0,0,2,0,2,0,2,0,0,1,0,0,0
"COG4867",30,16,24,5,53,21,20,11,10,35,25,15,30,20,41,16,1,12,27,33,18,50,36,11,27,9,32,37,26,32,28,36,14,19,29,27,22,14,16,32,21,10,21,32,30,45,12,12,22,33,45,21,53,30,36,33,36,20,20,16,45,38,21,29,56,26,18,22,32,95,37,31,39,42,23,29,11,48,39,14,36,26,31,25,22,76,44,91,29,44,43,54,57,25,43,41,22,18,20,33
"COG4869",3,2,4,0,0,4,0,0,2,1,1,2,5,1,0,1,2,1,0,3,5,0,5,2,4,0,0,7,2,1,1,3,2,10,5,1,4,0,1,5,1,0,0,0,3,1,3,8,2,0,0,0,7,0,2,0,0,0,3,2,4,4,4,0,0,1,1,0,0,0,4,3,1,1,2,1,1,5,1,0,0,3,1,1,0,2,1,4,0,3,0,2,2,7,0,0,1,5,1,0
"COG4870",9,5,16,38,19,20,33,7,22,39,9,13,12,22,24,11,104,15,10,15,34,31,21,19,24,13,32,11,9,26,41,34,9,18,35,24,5,27,21,15,3,16,42,11,7,22,12,15,11,12,15,29,12,10,17,41,17,14,14,23,5,4,18,13,18,4,48,10,6,20,13,22,15,24,31,18,30,8,44,22,8,26,14,17,28,17,21,54,42,12,7,9,36,24,18,12,14,44,22,19
"COG4872",2,1,0,0,0,1,0,0,0,0,4,0,3,1,1,0,3,2,1,1,2,0,2,0,2,1,0,4,0,1,1,1,0,5,6,4,0,0,2,5,1,0,8,3,4,2,0,2,0,0,0,1,7,0,0,1,0,0,1,0,3,1,1,0,1,0,0,1,2,0,2,3,0,0,3,0,0,3,0,0,1,1,0,0,7,8,0,0,1,4,0,3,0,3,0,0,0,1,2,0
"COG4874",39,31,48,43,82,35,41,50,26,48,20,77,30,37,84,43,75,35,50,17,30,137,38,28,36,50,74,44,39,85,55,69,55,41,19,30,18,36,30,18,35,25,27,109,40,60,21,27,29,69,73,64,23,48,40,53,57,38,30,44,23,24,54,45,15,5,33,46,52,107,18,50,55,80,37,26,25,21,37,49,35,28,45,51,31,33,48,146,42,42,30,24,119,46,61,73,50,39,57,63
"COG4875",25,4,0,7,0,22,5,1,6,2,11,5,12,9,1,7,1,6,3,29,8,4,8,8,9,4,0,25,3,4,12,7,8,19,15,17,6,6,6,12,22,2,10,0,19,5,0,9,8,5,2,1,13,2,12,6,7,3,11,6,24,19,3,6,28,7,7,4,15,0,29,10,4,0,3,5,5,32,5,3,11,5,7,2,17,23,3,5,8,19,11,27,5,7,4,4,2,7,3,2
"COG4877",0,0,0,0,1,0,1,0,0,0,0,2,0,0,0,0,0,0,0,0,0,0,0,1,0,1,0,0,0,0,0,0,0,0,0,0,0,1,0,0,0,0,0,0,0,2,0,0,2,0,2,0,0,0,0,1,2,0,1,1,0,0,0,0,0,0,0,1,1,0,0,2,0,0,1,0,0,0,2,0,2,0,0,0,3,0,0,0,0,0,1,0,2,0,0,0,0,0,2,0
"COG4878",1,1,3,0,1,3,1,0,0,0,0,0,1,2,2,0,0,0,0,0,0,0,4,0,1,0,0,4,0,0,6,0,2,1,1,5,0,0,0,0,4,0,7,1,0,0,0,0,1,0,0,0,0,0,1,1,1,0,0,0,2,0,2,0,0,0,4,0,4,0,1,0,0,1,0,0,0,0,0,0,0,0,0,0,0,15,0,0,0,6,2,0,1,2,1,0,0,0,0,0
"COG4880",56,58,41,32,53,64,25,9,18,17,39,90,87,72,6,21,173,53,4,41,76,36,89,41,35,44,22,106,42,84,43,65,59,115,89,22,46,68,35,123,65,17,37,16,71,70,50,97,83,64,53,41,135,2,117,99,63,32,56,37,57,67,108,31,37,33,22,46,81,18,51,93,21,37,23,41,12,46,118,50,33,103,7,68,29,36,31,26,14,65,81,54,99,56,21,19,55,45,89,38
"COG4886",221,331,156,81,227,207,94,53,54,83,402,169,276,161,91,83,66,146,63,223,230,121,965,150,189,95,118,282,141,168,219,150,148,410,395,171,319,174,94,222,302,102,273,126,274,185,287,236,206,160,115,151,298,48,166,146,288,61,276,111,287,259,141,113,179,322,169,96,106,76,265,160,64,130,74,182,110,262,232,100,201,352,76,203,148,292,68,188,117,226,122,286,290,216,67,77,133,266,203,97
"COG4887",0,5,0,0,0,2,0,0,0,0,9,0,0,0,0,0,0,0,1,0,0,0,0,2,0,0,0,0,0,0,0,0,0,0,0,0,3,0,0,0,2,0,0,0,0,0,6,0,0,0,0,0,0,0,0,0,0,0,8,0,0,0,0,0,1,5,0,0,0,0,0,0,0,0,0,0,0,0,0,0,0,0,0,0,0,0,0,0,0,0,0,0,0,0,0,0,0,0,0,0
"COG4888",0,0,0,0,0,0,0,0,0,0,0,0,0,0,0,0,0,0,0,0,1,0,0,0,0,0,0,0,0,0,0,0,0,0,1,0,1,0,0,1,0,0,0,0,0,0,0,0,0,0,0,0,0,0,0,0,0,0,0,1,0,0,0,0,0,0,0,0,0,0,1,2,0,0,0,1,0,0,0,0,0,0,0,0,1,0,1,0,0,0,0,0,1,0,0,0,0,0,0,0
"COG4889",32,17,117,250,37,15,116,74,25,31,45,120,41,145,34,73,19,60,56,33,51,56,30,161,145,90,76,27,90,60,31,51,107,44,205,68,46,105,161,19,12,148,46,98,16,42,40,95,31,55,28,70,52,51,39,51,101,166,34,191,20,18,151,73,47,58,300,155,12,34,14,33,83,88,62,245,117,31,137,160,47,84,38,50,55,30,145,37,85,39,56,17,52,75,41,29,141,63,42,93
"COG4890",0,0,0,0,0,0,1,0,0,0,0,2,1,4,1,0,1,0,0,0,0,0,0,0,0,0,0,0,0,0,2,0,0,0,1,0,0,0,0,0,0,0,1,0,0,0,0,0,0,0,0,0,0,0,0,0,0,0,0,0,0,0,2,0,0,0,0,0,2,0,1,0,0,0,0,0,0,0,2,0,0,1,0,0,0,0,0,0,0,0,0,0,0,0,0,0,0,1,0,0
"COG4891",0,0,0,0,0,0,1,0,1,0,0,0,2,0,0,1,0,0,0,0,0,2,3,0,0,0,0,0,0,0,0,0,0,2,0,0,0,0,0,0,0,0,1,0,0,0,0,0,0,0,0,1,0,0,0,1,0,0,0,0,0,0,0,0,1,1,0,1,0,1,0,0,0,0,0,0,0,0,0,1,2,0,0,0,0,2,0,1,0,1,0,0,2,1,0,15,0,0,0,0
"COG4892",0,0,0,0,0,0,0,0,0,0,0,0,0,0,0,0,0,0,0,0,1,0,1,0,1,0,0,0,0,0,0,0,0,0,0,0,0,0,0,0,0,0,0,0,0,0,0,0,0,1,0,0,0,0,0,0,0,0,0,0,0,0,0,0,0,0,1,0,0,0,0,0,0,0,0,0,0,0,0,0,0,0,0,0,0,0,0,1,0,0,0,0,0,0,0,0,0,0,0,0
"COG4894",0,0,2,0,11,1,2,2,1,2,0,0,1,1,5,5,0,0,6,0,2,2,3,0,1,1,0,0,3,3,0,3,1,1,0,0,1,0,1,3,1,0,1,0,0,2,0,0,1,0,0,0,3,4,0,1,0,0,0,0,0,0,1,1,0,1,0,1,0,8,0,2,6,0,2,3,0,0,0,0,1,1,1,0,0,1,0,10,0,1,0,0,1,0,4,3,0,1,2,0
"COG4895",1,1,1,0,1,0,1,0,0,0,2,0,0,3,4,0,0,0,0,2,0,2,2,0,0,0,0,1,0,0,1,1,0,0,1,0,1,3,0,0,0,1,0,0,0,0,1,0,1,1,0,0,0,0,2,0,0,0,0,0,1,1,1,0,0,2,0,0,0,2,0,0,0,0,0,0,0,0,0,0,0,3,0,1,0,0,0,4,0,0,0,0,0,0,0,0,0,2,1,0
"COG4898",2,1,5,4,0,2,1,0,0,0,1,0,1,0,3,0,1,3,0,0,0,0,5,0,6,0,0,10,1,0,0,0,0,2,8,9,1,1,0,10,1,3,14,0,2,2,0,1,2,1,0,1,11,0,0,0,1,0,1,3,7,2,9,1,1,0,0,1,1,0,5,2,1,0,0,2,1,3,1,0,1,2,0,4,2,11,1,13,2,4,1,1,11,1,1,11,0,0,0,0
"COG4899",0,0,1,0,0,1,1,0,0,0,0,0,0,0,0,0,0,0,0,0,0,0,2,0,0,1,0,0,0,0,1,0,1,1,0,0,0,0,0,0,0,0,1,0,0,1,0,0,0,0,0,0,0,0,0,0,0,0,1,0,2,0,1,0,0,0,0,0,0,0,0,0,0,0,0,0,0,0,0,0,0,0,0,0,0,0,0,0,0,0,0,0,0,0,1,0,0,0,0,0
"COG4901",0,0,0,0,0,0,0,0,0,0,0,0,0,2,0,0,0,0,0,0,0,0,0,0,0,1,0,0,0,0,0,1,0,0,0,0,0,0,0,0,0,0,0,0,0,0,0,0,1,0,0,0,0,0,0,0,0,0,0,0,0,0,0,0,0,0,0,0,1,0,0,1,0,0,0,0,0,0,0,0,0,2,0,1,0,0,0,2,0,0,0,0,1,0,0,0,0,2,0,0
"COG4902",3,1,3,0,1,1,0,0,0,0,0,0,7,1,4,0,36,0,1,0,0,2,10,0,0,0,0,1,0,1,11,0,0,0,4,0,0,0,0,0,1,0,3,0,0,0,1,10,0,1,0,0,0,0,0,0,3,0,1,0,1,0,2,0,0,0,1,0,0,1,0,1,0,0,2,0,0,4,0,0,0,0,0,0,0,0,1,0,0,1,0,1,1,0,0,0,1,0,0,0
"COG4906",0,0,1,0,0,0,0,0,0,0,3,2,1,0,0,0,1,0,0,0,2,0,0,0,0,3,0,0,0,1,0,0,4,0,2,0,1,0,0,0,0,0,0,0,0,0,0,0,0,0,1,1,0,0,0,3,0,0,1,0,0,0,0,0,0,1,0,0,0,0,0,0,0,0,0,0,0,0,0,0,1,0,0,0,0,0,0,0,0,0,0,0,1,2,0,0,1,0,0,0
"COG4907",8,10,13,8,0,18,5,0,2,3,13,11,5,9,1,4,0,15,5,4,5,0,4,2,6,9,8,10,6,10,4,14,17,10,2,5,15,9,6,7,14,1,4,10,3,10,2,5,12,27,11,9,3,3,14,5,34,6,7,1,9,4,10,10,6,11,1,7,17,0,6,6,4,6,2,5,1,2,10,4,7,0,11,4,7,5,3,2,6,10,4,7,4,14,6,2,13,4,10,4
"COG4908",0,0,3,0,0,0,0,0,0,0,0,1,0,0,0,0,0,0,0,0,0,0,0,0,0,0,0,0,0,0,0,0,0,0,0,0,0,0,1,0,0,0,0,0,0,0,0,0,0,0,0,0,0,0,0,1,0,0,0,0,0,0,0,0,0,0,0,0,0,0,0,0,0,0,0,0,0,0,0,0,0,0,0,0,0,0,0,0,0,0,0,0,3,0,0,0,1,0,0,0
"COG4909",6,0,5,3,6,0,1,0,1,1,0,5,1,0,2,0,0,2,0,2,1,7,0,2,0,2,6,0,0,0,1,2,4,4,5,2,0,1,4,0,0,1,1,3,0,1,0,5,0,0,0,4,0,0,0,5,1,0,2,3,1,1,7,0,0,0,0,5,0,0,0,0,0,3,1,5,1,1,3,3,0,1,1,0,1,0,4,11,0,3,0,0,3,1,0,4,1,2,1,2
"COG4910",0,0,2,1,1,0,0,0,0,0,0,1,0,0,0,0,0,0,0,0,0,8,0,0,0,0,0,0,0,0,0,1,1,2,1,2,0,1,0,0,0,0,0,0,0,0,0,1,0,0,0,2,0,0,1,0,0,0,0,0,0,0,2,0,0,1,0,0,0,0,1,0,0,1,0,0,0,0,0,0,0,0,0,0,0,0,1,1,0,0,1,0,0,0,0,1,0,1,0,0
"COG4911",40,21,6,0,0,59,0,0,0,0,21,2,21,2,0,0,2,2,0,46,12,0,20,0,17,0,0,31,0,1,13,2,0,24,9,32,10,1,2,12,39,0,23,0,33,6,6,4,10,0,1,6,25,1,7,3,1,0,17,0,46,37,1,1,36,8,0,1,11,0,41,7,0,0,0,0,0,55,7,1,22,4,0,2,16,36,0,0,0,38,0,28,2,1,1,2,1,6,4,1
"COG4912",21,30,5,1,0,38,1,0,1,7,30,3,17,11,0,1,0,4,0,9,4,0,14,1,14,8,1,9,0,6,11,3,15,3,6,17,44,9,3,6,51,3,6,0,19,4,35,6,3,3,4,2,20,1,3,13,4,0,37,11,11,23,2,1,11,55,0,2,6,0,16,9,0,0,2,1,3,9,35,0,16,3,0,6,15,10,1,2,1,31,0,17,4,17,0,4,1,1,5,1
"COG4913",15,4,28,5,2,10,6,5,8,2,0,4,22,4,11,5,178,0,3,3,5,6,34,6,12,2,1,10,7,3,51,2,2,36,17,71,1,3,10,2,3,8,14,10,3,5,3,111,2,0,0,10,6,8,5,4,13,7,8,2,11,5,28,2,3,0,11,2,1,1,19,2,5,6,8,8,3,25,2,10,0,4,2,3,2,23,17,5,1,25,3,33,9,3,9,5,17,2,9,1
"COG4916",0,2,0,0,0,0,1,0,0,0,0,0,0,0,1,0,0,0,0,0,0,0,0,0,0,0,0,0,0,0,1,0,0,1,1,0,0,0,0,0,1,0,4,0,0,0,0,0,0,0,2,0,1,0,0,0,0,0,2,0,0,0,0,0,0,0,0,0,0,0,0,0,0,0,0,0,0,0,1,0,0,0,0,0,0,0,0,0,0,0,0,0,0,0,0,0,0,0,0,0
"COG4922",4,0,2,0,0,0,2,0,0,0,0,2,0,0,1,0,40,0,0,0,0,1,8,0,1,0,0,2,0,3,15,0,0,8,4,7,0,0,0,1,0,0,8,0,1,0,0,8,0,0,2,0,2,2,0,2,1,0,1,0,4,0,2,1,1,1,1,0,4,0,2,0,1,0,0,0,0,3,1,0,0,0,0,0,1,2,1,0,2,1,0,1,3,1,2,2,1,0,0,0
"COG4923",10,4,15,18,5,4,4,2,11,8,2,8,4,10,18,9,42,13,1,2,9,2,7,12,4,6,13,5,7,16,3,8,8,9,9,4,4,11,4,11,1,10,8,6,1,17,3,14,10,14,8,12,3,3,16,10,12,5,5,13,1,0,23,5,6,2,15,8,19,3,3,6,9,23,13,12,7,0,13,3,9,10,10,15,12,6,5,17,4,3,15,2,12,6,9,16,9,16,9,14
"COG4924",4,5,7,0,0,2,4,1,0,0,0,2,13,1,1,0,74,0,1,2,1,0,17,0,7,2,0,2,0,2,17,0,0,13,2,22,0,0,0,0,1,0,3,5,2,0,1,39,0,0,0,0,1,0,2,1,9,1,3,0,4,0,3,0,1,0,2,0,0,0,2,0,1,1,1,0,1,9,1,0,0,0,0,0,2,10,2,0,1,3,1,9,3,1,0,0,1,1,0,0
"COG4925",4,0,0,0,0,0,0,0,0,0,1,0,0,0,1,0,1,0,0,0,0,0,4,0,0,0,1,1,0,2,2,0,0,0,0,0,0,0,0,0,0,0,6,0,1,0,0,0,0,0,1,1,0,0,0,2,0,0,1,0,2,2,1,1,0,0,0,0,0,1,0,0,2,0,0,0,0,0,0,0,0,0,0,0,0,1,0,0,1,2,0,1,0,1,0,0,0,0,0,0
"COG4926",0,0,0,0,0,0,0,0,0,0,0,0,0,0,0,0,0,0,0,0,0,0,0,0,0,0,0,0,0,0,0,0,0,0,0,0,0,0,0,0,0,0,0,0,0,0,0,0,0,0,0,0,0,0,0,0,0,0,0,0,0,0,0,0,0,0,0,0,0,0,0,0,0,0,0,0,0,0,0,0,0,0,0,0,0,0,0,0,0,0,0,0,0,0,0,0,0,0,0,0
"COG4927",1,1,1,0,2,0,0,0,0,1,0,0,3,0,0,0,1,0,0,0,0,0,6,0,2,0,0,5,0,0,5,0,0,2,1,0,0,0,0,0,1,0,4,0,1,0,0,0,0,0,0,0,3,0,0,0,1,0,1,0,4,1,0,0,6,0,0,0,0,0,1,0,0,0,0,0,0,2,0,0,0,1,0,0,2,3,0,0,0,2,0,4,0,2,1,0,0,0,0,0
"COG4928",30,14,36,14,9,14,14,12,12,7,56,26,15,16,46,9,18,4,19,16,12,34,24,16,43,10,16,13,4,16,23,27,14,25,21,90,43,9,10,5,8,1,22,19,12,17,46,26,17,24,17,17,9,25,17,8,24,20,57,6,13,19,31,5,19,47,12,4,41,33,34,12,14,21,15,4,9,18,16,8,9,8,6,13,8,39,9,27,17,23,16,19,26,10,10,3,11,22,14,13
"COG4929",1,0,3,1,0,0,1,0,0,0,2,0,0,0,0,0,0,0,1,5,1,0,8,0,1,0,2,3,2,1,0,1,0,5,3,2,8,0,2,0,1,0,3,2,4,1,0,2,1,0,0,0,2,1,0,1,0,0,4,1,0,2,1,0,1,2,0,0,1,0,1,0,0,3,0,0,0,1,1,0,1,0,0,0,3,1,1,0,1,0,0,0,0,0,0,0,0,1,1,0
"COG4930",4,11,20,1,0,4,9,5,2,2,10,2,12,1,5,3,130,2,3,2,5,6,29,0,6,2,3,3,1,5,11,3,1,16,11,3,9,1,9,1,4,7,20,6,8,2,7,54,0,1,1,6,3,5,0,0,6,6,10,4,3,3,18,2,6,7,2,4,2,1,2,1,2,4,10,4,6,9,4,4,0,2,1,1,1,2,5,4,4,4,1,5,10,3,1,3,17,1,1,1
"COG4932",4,1,0,0,0,0,0,0,1,5,0,0,1,0,0,0,1,1,1,1,0,0,1,0,0,0,0,4,4,0,0,0,0,1,0,2,2,0,0,0,2,0,2,1,4,0,2,2,0,0,0,0,0,1,0,0,0,1,0,0,4,1,0,3,1,1,1,0,0,0,5,0,0,0,0,0,0,1,1,0,0,0,2,0,0,0,0,1,0,0,0,4,0,1,1,0,0,0,0,0
"COG4933",0,0,0,0,0,0,0,0,0,0,2,0,0,0,0,0,0,0,0,0,0,0,0,0,1,0,0,0,0,0,2,0,0,0,0,2,0,0,0,0,0,0,0,0,0,0,0,0,1,0,1,0,0,0,0,0,0,0,0,0,0,0,0,0,0,0,0,0,2,0,3,0,0,0,0,1,0,0,0,1,0,0,0,0,0,4,0,0,0,0,0,0,0,0,0,0,0,0,0,0
"COG4934",2,0,0,1,1,0,0,1,2,5,0,1,0,0,0,1,1,3,0,2,1,5,1,0,0,0,0,0,0,0,1,0,4,0,1,0,0,1,0,0,0,1,0,0,0,1,0,0,2,0,2,1,2,3,1,1,4,1,0,1,1,1,0,0,0,0,0,5,5,2,2,3,2,1,1,1,4,1,1,1,3,1,2,1,0,0,2,4,0,0,0,0,3,1,3,2,2,5,2,4
"COG4935",53,41,48,28,63,41,31,19,6,6,54,110,75,66,26,32,31,84,21,24,75,7,108,38,44,76,50,142,31,84,39,108,45,78,89,28,36,86,53,132,66,43,18,28,61,89,43,77,112,88,70,71,140,8,135,94,49,26,26,43,46,56,136,40,46,39,36,47,98,15,43,76,15,46,24,48,12,33,120,51,36,170,1,77,32,43,22,11,36,50,105,36,72,45,13,13,79,36,115,47
"COG4937",0,0,0,0,0,0,0,0,0,0,1,0,0,0,0,0,0,0,0,0,0,0,0,0,0,0,0,0,0,0,0,0,0,0,0,0,0,0,0,0,0,0,2,0,0,0,1,0,0,0,0,0,0,0,0,0,0,0,0,0,0,0,0,0,0,0,0,0,0,0,0,0,0,0,0,0,0,0,0,0,0,0,0,0,0,0,0,0,0,0,0,0,0,0,0,0,0,0,0,0
"COG4938",4,5,12,6,3,9,10,5,4,13,8,6,6,4,5,4,69,5,8,3,5,5,17,7,2,6,4,0,3,18,7,6,8,16,8,4,11,2,8,2,2,3,8,5,1,4,9,12,5,6,3,9,5,5,2,12,26,11,14,8,1,1,19,7,8,8,7,12,6,5,2,4,3,4,3,8,2,7,12,4,5,7,5,7,8,3,11,6,3,4,21,1,15,4,4,5,9,3,1,3
"COG4941",8,4,7,0,0,0,7,0,0,0,1,1,3,1,0,0,9,0,0,7,4,0,4,0,3,0,0,9,0,1,11,0,0,3,18,30,1,0,0,1,1,1,47,1,0,2,0,6,0,1,0,1,0,0,0,6,2,1,3,0,4,2,4,0,1,0,3,0,1,1,11,1,0,0,1,0,0,18,2,0,1,0,0,0,0,8,1,3,0,10,2,7,6,2,0,0,1,1,0,0
"COG4942",86,94,106,36,159,89,62,33,82,84,140,101,75,92,149,53,168,37,53,48,67,189,116,64,62,58,89,67,92,93,114,110,63,121,78,83,109,78,56,71,76,40,127,121,73,92,73,90,66,91,73,65,75,48,54,75,80,39,90,35,63,57,96,82,64,102,56,66,68,204,73,67,90,98,86,54,50,63,76,38,47,46,80,57,51,90,76,224,51,83,52,51,144,47,92,75,79,69,82,91
"COG4943",36,6,4,0,4,6,7,0,2,0,7,7,3,13,43,0,80,0,1,1,4,0,27,0,26,0,0,0,0,2,60,0,0,19,10,2,2,1,0,0,7,1,42,0,15,0,2,16,1,0,0,0,1,0,5,0,9,3,3,0,1,12,8,0,1,3,1,0,17,0,9,0,0,0,4,1,1,11,5,2,0,1,0,0,2,3,4,1,0,3,0,6,0,2,5,0,0,12,10,0
"COG4944",0,0,0,0,1,0,0,0,1,0,0,0,2,0,0,0,0,0,0,1,0,0,0,0,0,0,0,0,0,0,1,0,0,0,0,5,1,0,0,0,0,0,3,0,0,0,0,0,1,0,0,0,0,0,0,0,0,1,0,0,1,0,0,0,0,0,0,0,0,0,0,0,0,0,0,0,0,0,0,0,0,0,0,0,0,0,0,1,1,0,0,0,0,0,0,0,0,0,0,0
"COG4945",3,5,11,32,0,1,13,32,2,2,1,87,5,44,0,18,3,38,5,4,30,0,5,50,5,16,81,20,19,100,1,10,21,18,36,8,0,18,55,35,0,30,2,36,3,10,1,5,29,78,32,51,9,4,29,47,9,42,3,53,3,0,49,15,1,1,28,74,8,0,2,57,9,68,18,71,19,0,48,58,24,60,1,39,19,1,90,5,30,11,134,3,69,26,28,40,33,13,23,73
"COG4946",101,67,74,21,24,74,26,8,13,10,21,42,66,49,44,15,200,20,41,91,36,25,118,19,95,9,32,43,31,45,120,18,28,112,84,85,37,21,26,36,85,20,49,50,88,23,51,101,33,27,18,44,45,25,25,19,36,14,56,16,92,114,36,15,12,35,21,18,35,63,108,30,13,34,27,35,21,89,42,18,19,48,7,35,28,108,21,48,19,98,17,85,85,27,19,17,39,33,41,20
"COG4947",0,0,0,0,0,0,0,0,0,0,0,0,0,0,0,0,2,0,0,0,0,0,2,0,0,0,1,1,0,2,0,0,0,0,1,0,0,0,1,0,0,0,0,0,0,0,0,0,0,0,0,0,0,0,0,0,0,0,0,0,0,0,0,0,0,0,0,0,0,0,0,0,0,0,0,0,0,1,0,0,0,0,0,0,0,0,0,0,0,0,0,0,0,0,0,1,1,0,0,0
"COG4948",813,905,618,601,784,688,607,593,781,555,765,527,1572,558,491,670,426,677,715,1135,1027,790,1826,479,669,692,553,1382,745,578,689,656,755,1408,1186,666,665,648,614,1972,1046,707,829,701,1223,667,971,603,745,652,670,806,1593,679,640,585,938,557,932,632,1026,1188,520,744,946,695,604,611,573,621,1083,736,729,616,632,620,581,1036,540,517,968,796,671,760,1420,1183,519,588,465,897,597,1148,660,917,623,631,569,625,641,557
"COG4949",10,24,13,49,65,16,15,26,43,16,10,7,4,11,18,20,8,7,10,6,6,87,6,31,10,3,7,2,5,5,17,14,3,13,15,25,14,13,10,7,18,11,31,7,4,5,24,10,1,4,1,8,4,22,9,9,2,22,21,13,7,4,14,4,2,19,11,10,1,48,7,4,31,5,38,28,21,16,4,23,4,9,13,5,6,4,10,42,5,9,4,3,11,4,40,23,6,10,4,8
"COG4950",4,0,1,1,0,0,0,0,0,0,0,0,2,2,0,3,1,2,1,6,7,1,7,0,2,1,1,2,0,2,3,3,0,5,4,4,0,0,1,13,1,6,2,0,5,3,0,2,1,0,0,1,9,1,2,0,1,1,0,4,1,2,3,4,0,1,1,2,0,1,5,3,1,1,2,1,0,6,0,0,2,4,0,1,0,4,2,3,0,3,0,5,1,0,1,0,1,5,0,1
"COG4951",3,9,7,5,3,9,12,2,3,6,18,7,3,4,12,4,62,1,0,2,12,1,23,3,11,10,5,5,1,2,43,2,1,13,16,7,11,0,2,16,5,2,34,4,5,4,13,15,4,2,3,1,10,0,5,3,15,6,15,8,1,5,0,6,0,9,6,3,2,0,13,2,3,4,6,4,4,6,16,7,3,1,3,2,0,5,3,7,2,3,3,13,3,9,0,5,1,6,4,3
"COG4952",20,8,29,43,34,8,15,24,31,32,8,40,31,32,45,29,111,10,26,10,20,58,20,27,17,21,44,31,17,26,33,43,36,22,30,56,3,45,20,22,12,17,29,57,9,37,8,28,29,27,23,35,18,44,25,16,29,27,14,28,11,18,17,19,10,3,22,20,20,11,31,14,51,69,20,25,33,23,19,29,20,12,37,23,20,24,32,21,16,24,20,18,17,24,58,33,18,20,12,42
"COG4953",45,23,42,9,17,25,31,4,2,3,14,12,22,12,22,4,9,3,2,55,12,13,37,5,71,6,12,26,5,22,20,10,10,54,11,29,34,8,7,29,18,5,52,15,26,12,29,28,15,12,3,14,30,2,5,6,6,4,21,3,11,12,32,5,7,17,2,3,3,4,11,1,1,9,11,7,5,15,7,5,4,2,2,3,5,44,6,9,5,18,4,15,14,12,8,14,10,6,6,4
"COG4954",2,1,6,1,1,1,3,3,4,1,0,2,3,2,2,1,3,0,3,1,0,0,3,1,0,5,4,0,3,1,0,0,1,1,2,2,0,1,1,3,1,2,0,1,2,1,0,1,0,1,1,2,1,7,0,0,0,2,1,4,4,3,2,1,0,0,3,2,0,0,2,0,4,3,6,0,5,3,0,0,1,2,5,1,1,4,1,2,0,2,1,3,6,1,4,2,3,1,1,4
"COG4955",0,0,0,0,1,0,0,0,0,0,0,0,0,0,0,0,0,0,0,0,0,0,0,0,0,0,0,0,0,0,0,1,0,0,0,0,0,5,0,0,0,0,0,0,0,2,0,0,0,0,1,0,0,0,1,0,0,0,0,0,0,0,0,0,0,0,0,0,0,0,0,0,0,0,0,0,0,0,2,0,0,0,0,0,0,0,0,0,0,0,1,0,0,0,0,0,0,0,2,1
"COG4956",8,10,171,34,1,1,160,108,42,8,5,24,14,47,22,131,5,116,67,23,107,0,17,23,54,68,42,12,73,71,10,31,38,27,53,23,4,53,123,38,5,148,11,50,4,33,12,103,14,26,3,71,26,42,97,81,17,77,5,79,14,9,177,73,11,1,104,64,7,0,11,46,66,68,174,91,107,15,36,82,11,62,53,30,19,19,68,5,43,18,4,23,39,67,16,73,200,133,130,70
"COG4957",5,5,6,1,1,4,7,3,3,0,13,1,7,2,1,1,3,1,2,7,5,1,13,0,3,3,1,1,3,3,9,0,2,22,11,27,8,0,0,11,1,2,20,3,4,3,6,5,3,0,0,3,7,2,0,5,1,0,7,2,7,2,3,1,2,8,5,1,2,0,7,1,0,1,2,3,2,8,1,1,2,2,2,4,2,8,1,2,3,7,0,7,2,3,2,2,3,0,3,0
"COG4959",3,1,2,0,2,4,3,0,0,0,1,1,0,0,2,1,4,0,1,0,3,0,3,0,1,0,0,2,0,1,1,0,0,1,6,9,1,1,0,1,0,0,19,1,1,0,0,6,0,0,0,0,0,7,2,0,2,0,1,1,3,0,1,0,0,1,0,0,0,0,8,1,1,1,5,0,0,5,0,0,0,2,0,0,3,4,0,0,2,17,0,8,0,0,0,0,0,1,1,1
"COG4960",0,0,0,0,1,1,0,0,0,0,0,0,1,0,2,0,0,0,0,1,0,0,2,0,1,1,0,1,0,0,0,0,0,3,0,3,0,0,1,2,1,0,4,0,0,0,1,1,0,0,0,0,0,1,0,0,0,0,0,0,0,0,0,0,0,0,0,0,0,0,0,0,0,0,0,0,0,1,0,0,0,0,0,0,0,3,0,0,0,3,0,2,0,0,2,0,0,0,0,0
"COG4961",8,1,9,2,1,2,4,6,1,0,2,5,26,0,3,1,11,0,0,9,4,4,37,2,14,6,9,13,2,1,11,0,3,9,16,19,7,1,5,5,7,0,72,1,5,2,6,4,4,0,1,0,5,2,2,2,1,0,3,2,17,5,2,3,8,6,5,5,0,1,3,2,3,4,3,3,1,17,0,3,0,1,1,1,2,11,1,8,2,23,0,14,3,1,4,3,2,1,2,7
"COG4962",34,24,36,11,38,15,21,12,2,1,75,32,33,22,15,19,29,8,7,25,12,11,50,10,22,16,7,37,15,39,82,2,10,35,77,113,72,9,28,28,17,8,160,5,16,7,16,59,29,22,25,14,43,15,18,22,8,19,33,14,44,13,27,11,13,53,15,13,31,1,52,18,5,7,17,11,5,69,27,19,12,19,5,14,15,38,12,3,15,45,19,28,34,13,16,4,19,9,19,9
"COG4963",17,2,4,0,1,5,8,2,0,1,7,3,10,0,5,2,2,0,1,16,1,1,9,0,6,1,1,6,0,0,20,0,3,5,14,33,6,0,1,5,0,0,51,3,5,1,1,11,2,0,1,2,10,3,6,4,0,0,2,0,8,7,2,1,1,6,0,0,1,2,18,2,2,0,2,1,0,21,1,1,1,0,1,0,3,19,1,1,4,21,0,6,2,1,1,1,5,3,1,1
"COG4964",13,5,22,0,7,12,8,2,9,11,5,2,13,5,14,9,14,5,6,17,11,6,51,3,14,10,3,18,3,14,59,3,7,31,24,51,11,1,5,10,5,2,44,3,10,5,10,14,6,1,15,12,11,0,8,5,4,2,7,3,24,12,9,4,5,7,7,2,13,1,19,5,1,2,12,0,4,21,4,2,1,10,2,5,4,24,4,3,1,27,6,16,13,8,7,10,8,4,5,0
"COG4965",9,5,7,0,0,6,7,0,1,1,5,2,10,0,10,4,7,0,1,13,5,2,24,1,7,2,0,15,2,3,31,1,0,11,13,22,5,1,6,3,4,0,44,2,4,0,1,7,0,0,4,3,18,2,0,5,2,1,7,1,9,4,5,1,0,6,0,0,6,0,12,1,2,2,8,2,3,10,3,0,1,3,0,0,3,13,1,1,2,25,0,8,3,2,1,1,6,2,2,2
"COG4966",5,13,11,0,5,4,4,3,4,2,6,0,12,2,1,2,5,2,0,14,2,9,17,0,4,0,0,5,1,0,12,2,0,12,0,1,14,1,1,8,6,0,16,2,5,1,12,7,4,0,0,1,7,2,3,5,2,0,22,2,2,5,7,1,7,12,3,1,6,26,3,4,0,2,2,0,4,9,4,0,0,4,0,1,3,6,8,11,0,1,1,3,3,1,1,4,1,3,1,0
"COG4967",4,3,0,0,3,0,1,1,1,0,1,0,0,0,10,0,5,0,0,3,0,4,12,0,3,0,0,1,0,0,4,0,0,0,0,0,0,0,0,0,0,0,1,0,0,0,1,1,0,0,0,2,0,0,1,0,1,0,2,0,0,4,1,0,0,0,0,0,0,6,0,0,0,0,0,0,0,0,1,0,0,0,0,0,0,1,0,4,0,0,0,0,0,0,1,2,0,0,0,0
"COG4968",13,17,2,0,4,9,4,0,3,1,3,1,12,1,9,0,31,1,1,9,0,0,18,1,8,0,0,6,0,0,27,1,1,9,8,4,6,1,1,7,13,0,12,1,12,0,6,16,1,0,1,2,3,1,3,3,4,0,10,0,12,9,6,0,3,2,5,0,6,2,10,2,0,0,1,1,1,15,2,0,0,0,0,0,0,10,1,3,2,8,0,12,3,2,0,5,4,0,1,1
"COG4969",29,33,17,3,0,22,10,0,3,4,19,7,27,8,14,0,53,0,0,29,6,0,56,2,16,4,0,10,3,6,31,5,1,16,11,10,14,3,0,4,32,6,35,2,21,4,26,18,3,7,0,6,16,2,2,2,3,0,30,3,10,26,11,2,0,16,8,1,11,0,21,6,0,3,3,3,2,29,5,2,6,3,6,4,4,14,7,1,4,9,3,13,7,4,3,4,2,4,6,2
"COG4970",10,11,5,2,4,5,5,0,5,2,16,0,2,0,12,1,5,0,2,7,1,7,25,1,4,0,0,2,1,1,19,0,2,10,1,3,8,1,0,11,5,0,21,1,10,0,13,13,3,1,0,0,1,0,2,2,4,1,10,1,4,6,8,1,6,3,5,0,6,10,7,0,2,1,0,2,1,11,0,0,0,2,0,0,0,6,3,4,2,5,0,2,0,1,4,0,1,5,0,0
"COG4972",81,92,67,26,14,60,21,20,12,10,65,33,53,29,30,14,168,22,16,86,56,20,133,27,118,22,18,48,21,26,110,16,30,107,107,53,75,29,31,46,70,38,80,19,68,19,76,103,38,26,29,47,59,10,27,32,54,23,102,27,51,51,71,19,37,64,23,28,45,33,55,30,19,30,26,20,24,56,29,29,25,37,11,25,22,65,25,22,24,51,33,64,41,29,17,23,54,18,38,18
"COG4973",83,110,65,66,99,105,52,54,58,73,114,71,65,57,82,58,125,53,88,67,56,54,94,81,73,73,84,62,70,73,86,82,46,55,60,53,88,54,54,54,102,49,65,90,77,79,82,76,55,78,77,68,44,91,64,43,88,61,99,49,70,68,35,66,64,122,57,39,82,78,60,71,62,88,44,43,53,73,43,67,55,46,67,63,53,48,83,119,60,65,68,74,77,51,84,76,41,52,72,69
"COG4974",259,284,270,241,275,242,192,149,217,282,372,264,249,220,288,229,294,209,257,283,227,304,323,216,293,225,295,247,278,297,277,264,179,310,233,301,323,193,182,325,293,172,289,293,337,251,300,271,267,337,312,224,250,240,213,251,334,207,307,208,330,252,230,270,228,287,178,225,212,253,299,252,251,239,208,229,166,321,220,198,274,157,235,228,232,360,293,453,223,292,255,286,339,234,244,303,189,154,197,239
"COG4976",13,13,29,17,41,17,11,11,21,17,5,23,15,12,14,10,1,15,9,30,12,62,15,15,12,22,15,4,11,17,10,21,19,33,10,17,12,20,15,20,22,13,16,28,16,19,7,12,10,11,13,17,21,11,17,19,6,13,8,20,9,10,10,9,9,15,24,18,2,42,11,16,25,26,23,25,24,18,24,10,11,31,16,17,4,7,6,62,3,13,10,11,26,17,21,24,17,20,12,12
"COG4977",82,64,76,82,372,68,68,22,90,57,25,71,22,41,134,27,189,23,36,55,30,394,97,69,81,37,66,33,29,35,196,54,16,110,89,79,41,47,21,40,50,44,166,57,65,57,56,100,53,41,23,40,21,36,39,32,23,42,55,51,58,62,50,25,7,37,67,31,42,221,44,30,48,64,96,69,58,98,20,53,15,40,49,32,17,69,52,306,22,64,13,64,53,32,78,57,43,45,40,35
"COG4978",0,0,2,0,0,0,0,0,0,0,2,0,0,1,0,0,0,1,0,0,0,1,0,0,0,0,0,0,0,1,0,0,0,2,0,12,4,0,0,0,0,0,0,0,0,0,1,0,0,0,0,0,1,1,0,0,0,0,2,0,0,0,0,0,1,0,0,0,0,0,4,0,0,0,0,0,0,0,0,0,0,1,0,0,3,0,0,0,0,0,0,2,0,0,0,3,1,0,0,0
"COG4981",0,0,0,0,0,0,0,0,0,0,0,0,0,4,0,0,0,0,0,0,2,0,0,0,1,0,0,1,0,2,3,0,0,1,6,0,0,0,2,0,1,0,0,0,1,1,0,0,0,0,0,0,0,1,0,13,0,0,0,0,1,0,0,0,0,0,0,0,0,0,0,0,2,0,0,0,0,1,0,0,1,0,0,0,0,0,0,0,0,0,0,0,0,0,0,10,0,0,0,0
"COG4982",0,0,1,0,0,0,0,0,0,0,0,0,0,3,0,0,1,0,0,0,1,0,0,0,0,0,0,0,0,13,0,0,0,0,1,1,0,1,5,0,0,0,0,0,0,0,0,0,1,0,0,0,0,0,0,17,0,1,1,0,0,0,0,0,0,0,0,1,0,0,0,0,0,0,0,0,0,1,0,0,1,1,0,0,1,0,1,0,0,0,0,0,0,0,0,15,0,0,0,0
"COG4983",13,35,11,58,46,16,18,21,31,29,100,28,18,27,17,26,35,26,11,29,32,37,13,66,25,27,16,20,21,14,21,34,11,18,83,6,190,40,9,23,31,24,5,9,12,32,87,10,29,23,14,29,25,12,34,12,15,32,110,34,19,16,1,20,12,174,67,19,14,22,20,17,17,12,15,73,28,16,34,67,17,41,28,37,23,15,15,38,20,14,20,12,106,19,14,15,9,76,41,12
"COG4984",1,0,0,0,0,1,0,0,0,0,0,0,2,0,0,0,0,0,0,0,0,0,1,0,0,0,0,0,0,1,1,0,0,2,1,1,0,0,2,1,1,0,1,0,2,0,0,1,0,0,0,0,3,0,0,0,0,0,1,0,2,0,0,0,1,0,0,0,0,0,0,0,0,3,0,1,0,2,0,0,0,0,0,0,0,0,0,0,0,1,0,0,0,2,0,0,0,0,1,0
"COG4985",25,7,13,0,1,1,6,2,7,5,4,0,1,13,24,10,5,1,4,1,5,5,29,0,5,1,0,6,14,1,33,7,5,9,11,0,1,15,2,11,1,1,20,0,5,6,2,24,9,0,0,3,6,3,9,7,3,8,11,4,0,4,8,16,1,1,17,1,2,4,1,12,3,0,6,3,1,8,1,0,6,2,3,3,3,0,1,5,2,3,1,2,7,7,7,7,2,2,10,0
"COG4986",0,2,1,0,0,0,1,1,0,1,0,0,1,0,0,0,0,0,0,1,0,0,1,1,1,0,1,0,1,0,1,0,0,0,0,1,1,0,2,0,0,0,0,0,0,0,2,0,0,0,0,0,0,3,0,0,0,0,0,0,0,0,0,0,1,0,0,0,0,0,0,0,2,0,1,0,0,0,0,0,0,0,0,0,0,1,0,0,0,0,0,0,0,0,2,0,0,0,0,0
"COG4987",37,8,16,16,2,11,19,5,8,0,9,17,11,11,32,1,162,6,6,5,9,1,45,20,39,0,0,8,1,2,88,0,1,25,24,17,0,1,3,5,3,8,56,6,10,0,5,53,1,0,0,14,7,2,7,14,14,1,19,4,7,8,24,4,3,2,25,6,22,0,11,3,6,6,9,18,1,26,6,13,0,16,3,3,3,12,17,1,5,7,1,13,8,1,10,46,7,8,5,3
"COG4988",39,2,13,1,3,10,27,6,1,2,8,15,20,19,47,1,153,4,2,7,14,2,55,2,26,5,1,6,4,1,102,0,1,31,57,37,5,3,3,3,1,2,77,8,21,1,5,52,0,1,0,1,7,2,8,4,12,8,24,3,4,16,17,2,0,3,28,1,20,0,12,1,5,4,9,2,1,34,8,4,1,4,1,1,5,13,10,3,8,11,1,16,4,3,4,2,4,11,11,0
"COG4989",45,20,32,31,59,31,17,6,25,55,16,45,12,23,76,18,144,8,16,12,25,44,44,24,35,17,36,11,16,28,55,22,23,56,23,32,9,27,12,20,17,12,38,40,28,34,6,37,22,13,10,15,15,10,21,4,15,16,15,18,9,13,22,19,8,5,17,12,28,41,14,15,31,29,29,31,20,19,20,23,14,19,30,15,12,13,29,87,8,16,6,22,32,22,52,42,8,13,13,23
"COG4991",1,0,0,0,0,0,0,0,0,0,0,0,0,1,0,0,0,0,0,1,1,0,1,0,0,0,0,1,0,1,1,0,0,0,0,0,0,0,0,0,0,0,13,0,1,0,0,0,1,0,1,0,0,0,1,0,0,0,0,0,0,0,0,0,0,0,0,0,0,0,1,1,0,0,0,0,0,0,2,0,0,0,0,0,0,2,0,0,0,0,0,0,0,0,0,0,0,0,0,0
"COG4992",476,431,484,430,600,455,439,485,513,626,292,507,424,474,553,506,204,519,573,459,492,636,339,447,416,497,492,500,517,478,319,575,522,408,387,416,350,495,517,475,411,456,325,508,401,524,353,349,514,532,505,486,493,544,540,503,494,475,328,432,439,444,452,506,502,375,424,450,548,603,453,538,476,477,517,438,465,440,438,453,492,466,560,456,524,489,458,569,537,437,503,433,476,476,461,451,541,460,519,513
"COG4993",664,485,227,167,204,632,170,81,210,152,473,194,774,261,157,128,417,281,61,613,432,243,606,203,292,220,159,646,340,168,532,304,312,499,351,511,334,284,116,531,764,156,630,113,732,322,478,324,440,162,141,189,293,40,197,174,217,48,498,122,559,535,106,235,232,199,98,111,198,191,447,217,86,83,115,92,86,471,179,94,181,275,119,240,169,431,103,156,69,453,121,461,213,212,102,130,68,158,198,64
"COG4994",3,0,0,0,0,1,0,0,0,0,0,0,0,0,0,0,0,0,0,0,0,0,1,0,0,0,0,0,0,2,0,0,0,0,1,0,6,0,0,0,1,0,1,0,1,0,0,0,0,0,0,0,0,0,0,0,0,0,1,0,0,1,0,0,0,4,0,0,0,0,0,0,0,0,0,0,0,1,0,0,0,0,0,0,0,0,0,0,0,0,0,0,0,0,0,0,0,0,0,0
"COG4995",107,133,95,41,20,72,89,35,36,24,205,35,86,52,61,47,298,44,30,56,47,36,98,38,120,26,20,101,33,50,99,32,24,85,89,75,212,26,55,46,109,72,109,39,87,32,156,137,39,73,34,31,52,28,44,53,45,46,164,41,89,69,75,20,46,213,68,54,25,39,84,42,37,35,74,57,48,82,36,46,32,61,34,34,27,106,52,33,44,99,21,87,52,61,20,43,90,52,65,19
"COG4997",2,0,0,0,0,2,1,0,1,0,2,1,4,0,0,1,1,0,0,4,0,0,0,0,12,1,1,0,0,0,0,0,0,0,4,3,1,1,1,0,1,1,0,0,0,0,0,1,1,0,0,0,2,0,1,0,0,0,0,2,5,0,1,1,3,1,5,1,0,0,2,0,1,1,0,4,0,0,0,2,0,3,0,0,0,3,1,0,1,0,1,1,1,1,0,0,0,2,0,1
"COG4999",0,0,0,0,13,0,0,0,0,0,0,0,0,0,3,0,10,0,0,0,0,0,15,0,0,0,0,0,0,0,0,0,0,0,0,0,0,0,0,0,0,0,0,0,0,0,0,0,0,0,0,0,0,0,0,0,0,0,0,0,0,0,0,0,0,0,0,0,0,0,0,0,0,0,0,0,0,0,0,0,0,0,0,0,0,0,0,0,0,0,0,0,0,0,0,0,0,0,0,0
"COG5000",229,316,233,349,372,301,222,276,410,414,227,275,280,307,413,291,31,261,365,258,205,347,201,327,264,293,335,254,287,293,193,273,339,201,164,327,298,325,283,215,291,171,197,385,277,326,313,112,329,282,377,245,264,386,212,301,305,323,231,292,289,301,168,319,331,343,280,322,166,371,263,327,307,318,218,224,311,258,266,296,347,140,354,324,219,273,270,342,401,279,378,278,319,315,304,324,158,306,209,304
"COG5001",837,279,604,38,98,480,459,81,118,85,385,331,463,379,916,63,4495,23,101,279,202,51,1331,40,963,80,35,207,60,78,2156,39,53,914,730,437,257,30,122,92,203,45,1827,148,533,29,175,1421,63,58,62,95,190,138,169,157,368,93,592,75,185,346,447,63,110,226,278,26,477,22,401,44,101,121,184,41,64,763,157,108,42,74,47,16,141,356,148,74,133,436,46,327,259,118,254,105,151,203,219,33
"COG5002",151,75,51,3,81,47,43,19,13,32,72,30,52,14,49,9,44,17,12,32,23,134,98,7,26,18,17,65,10,38,174,16,19,100,69,98,40,11,37,44,28,10,203,23,57,16,47,196,24,25,35,36,33,9,32,20,31,15,88,17,44,25,41,10,14,45,54,18,32,120,56,12,17,16,28,9,14,98,21,10,17,23,8,16,27,121,34,94,29,69,28,40,37,29,18,17,26,24,17,19
"COG5004",1,0,0,0,0,0,0,0,0,0,0,1,0,0,0,0,0,0,0,0,0,0,0,0,0,0,0,0,0,0,2,0,0,0,0,0,0,0,0,0,0,0,0,0,0,0,0,0,0,0,0,0,0,0,0,0,0,0,0,0,2,0,0,0,0,0,1,0,0,0,0,0,0,0,0,0,0,2,0,0,0,0,0,0,0,0,0,0,0,0,0,0,0,2,0,0,0,0,0,0
"COG5005",0,0,0,0,0,0,0,0,0,0,0,0,0,0,2,0,1,0,0,0,0,0,4,0,0,0,0,0,0,0,0,0,0,2,0,1,0,0,0,0,0,0,1,0,1,0,0,0,0,0,0,0,0,0,0,0,0,0,0,0,3,0,0,0,0,0,0,0,0,0,0,0,0,0,0,0,1,1,0,0,0,0,0,0,0,1,0,0,0,0,0,1,0,0,0,0,1,0,0,0
"COG5006",19,1,2,2,0,4,1,0,3,0,5,3,6,2,6,1,35,6,0,0,7,0,4,1,8,6,0,3,3,0,25,2,2,13,15,24,1,2,0,7,2,3,32,0,8,2,2,7,4,2,5,3,1,0,5,10,12,4,2,2,5,6,3,2,6,2,6,1,7,0,7,5,1,3,4,4,0,8,2,3,7,5,0,3,3,10,2,3,6,4,7,8,12,4,3,3,0,1,2,0
"COG5007",15,20,11,9,5,14,2,3,2,3,17,6,7,2,6,5,35,2,0,3,2,7,15,8,16,4,7,11,10,4,14,9,8,12,6,5,21,3,4,7,16,5,12,5,14,8,16,11,5,12,8,10,6,1,8,8,9,4,20,5,10,7,8,8,4,11,6,6,19,16,4,4,8,7,3,3,3,9,3,4,10,3,8,3,9,9,4,9,5,7,10,8,10,1,3,9,10,3,6,10
"COG5008",47,35,22,1,8,30,24,1,17,0,21,12,28,11,36,5,137,1,5,26,13,1,61,4,41,3,3,17,5,0,70,3,4,43,33,6,20,1,4,6,25,2,64,3,24,6,16,79,3,4,1,11,10,3,11,5,13,6,54,2,29,27,19,0,15,12,9,1,16,2,15,5,5,4,11,3,4,47,10,1,3,6,1,3,4,19,16,15,9,14,1,16,14,2,14,11,6,10,3,1
"COG5009",387,464,369,653,795,340,530,587,755,837,486,640,506,573,742,570,317,570,731,390,454,691,365,737,428,636,772,425,615,618,412,604,630,393,375,377,500,644,553,402,431,422,343,781,442,589,453,339,547,755,798,572,445,857,433,583,676,596,441,575,441,429,361,633,584,541,539,585,567,742,404,587,680,622,449,440,532,391,520,570,648,428,720,665,563,403,554,683,766,483,729,451,607,563,689,680,383,493,393,678
"COG5010",2,1,2,0,1,0,2,0,0,0,1,0,1,1,1,0,2,0,0,2,1,2,20,0,3,1,3,1,2,0,4,0,0,13,5,11,2,0,0,1,2,0,26,1,5,1,0,2,2,0,0,3,1,1,0,2,5,0,1,0,4,3,1,0,0,0,1,0,0,0,1,0,0,1,1,0,2,13,1,0,0,0,0,0,0,6,2,0,1,4,0,1,1,3,1,4,0,2,1,0
"COG5011",1,22,91,28,0,6,8,0,46,3,30,5,2,18,33,2,1,18,0,1,4,0,3,48,4,2,21,3,2,8,8,29,4,12,5,3,54,11,2,17,4,11,2,1,2,17,27,9,5,1,4,88,24,0,27,44,5,2,20,10,1,5,31,4,12,46,3,18,3,0,0,36,11,8,26,60,21,5,13,50,6,53,18,16,2,1,42,11,1,4,1,1,42,3,15,90,14,52,47,14
"COG5012",105,202,22,27,86,109,26,18,38,39,236,25,102,23,22,22,9,25,20,88,61,78,86,25,32,22,32,121,34,24,47,38,34,60,47,40,272,25,32,115,140,22,50,30,104,34,178,22,82,29,27,29,130,15,49,35,40,25,208,22,104,142,26,32,127,245,21,18,58,83,131,55,21,23,37,29,28,73,46,16,82,27,27,29,99,81,23,70,7,69,16,94,28,43,30,32,16,31,35,30
"COG5013",10,847,26,1,1,313,5,0,0,0,788,2,49,10,3,0,190,11,2,3,13,2,66,20,15,4,0,46,1,1,28,14,8,34,15,15,1044,7,2,21,319,5,31,7,8,8,1082,49,14,0,3,5,39,1,18,20,36,1,735,2,13,8,8,3,15,1173,3,2,22,0,5,22,2,4,4,4,4,26,17,2,23,20,0,7,22,6,2,29,2,16,2,2,12,6,4,16,9,7,7,1
"COG5014",7,7,0,1,1,11,0,2,2,2,25,0,4,1,0,1,0,4,0,6,4,2,2,1,1,1,0,5,1,1,2,0,2,4,6,5,16,0,0,2,7,1,6,0,4,2,7,3,2,0,0,3,4,1,1,2,9,0,15,1,6,4,0,2,2,25,0,0,1,2,5,4,0,0,0,0,1,4,0,2,4,3,1,0,2,4,2,4,0,1,5,11,1,1,2,2,1,3,5,0
"COG5015",0,0,0,1,0,0,0,0,0,0,0,0,2,0,0,0,0,0,0,0,0,0,3,0,0,1,0,0,0,0,0,0,0,1,2,0,0,0,0,0,0,0,0,0,0,1,0,0,0,0,0,0,2,0,0,0,0,0,0,0,0,0,0,0,0,0,0,0,0,0,0,1,0,0,0,1,0,0,1,0,0,1,0,0,0,0,0,0,0,0,0,0,0,1,0,0,0,1,0,0
"COG5016",142,149,61,83,131,152,92,82,92,102,112,85,110,65,84,86,216,56,111,89,56,183,142,79,108,86,90,113,103,109,173,72,62,133,96,65,126,50,78,86,171,55,153,92,165,75,140,114,99,113,59,49,60,88,55,53,75,40,102,29,77,107,48,70,59,86,61,32,60,113,76,40,76,69,52,34,45,84,38,46,59,40,53,31,65,45,78,71,53,67,46,76,53,56,57,51,36,39,42,49
"COG5017",0,0,2,1,1,0,2,0,0,0,1,1,2,2,2,0,1,1,0,0,1,2,2,0,0,0,0,0,0,0,0,3,0,1,0,1,2,0,0,1,0,2,0,0,2,0,2,2,0,0,0,1,0,0,1,0,2,0,2,0,1,0,1,0,0,0,1,0,0,0,0,1,0,0,0,0,0,2,4,0,0,1,0,3,0,0,2,4,0,0,0,0,3,0,0,1,1,2,1,0
"COG5018",1,3,4,0,1,1,3,0,0,0,2,1,2,2,6,0,4,0,0,4,0,1,23,0,1,0,0,0,0,3,6,0,0,4,1,1,2,1,1,0,2,1,9,0,1,0,2,10,1,0,0,0,1,1,0,0,2,2,2,0,1,3,2,0,0,0,2,0,0,1,1,1,0,1,1,1,2,8,2,1,0,2,0,1,1,3,0,2,1,2,0,1,2,3,0,0,2,4,1,0
"COG5019",0,0,0,0,0,0,0,0,0,0,0,0,0,0,0,0,0,0,0,0,1,0,0,0,0,0,0,0,0,0,0,0,0,0,0,0,0,0,0,0,0,1,0,0,0,0,0,0,0,0,0,0,0,0,0,0,0,0,0,0,0,0,0,0,0,0,0,0,0,0,0,0,0,0,0,0,3,0,0,0,0,0,0,1,0,0,1,0,0,0,0,0,0,0,0,0,0,2,0,0
"COG5020",0,0,1,0,4,0,4,3,0,5,0,9,2,2,2,1,1,3,0,0,1,6,0,1,15,5,7,0,0,5,0,3,0,0,6,0,0,2,4,0,0,2,1,2,0,5,0,2,5,2,2,4,1,1,0,0,0,9,0,7,0,0,2,1,5,0,16,4,0,8,1,3,1,4,3,9,7,0,4,2,1,10,1,8,3,0,4,7,2,1,0,0,0,3,0,2,1,3,1,3
"COG5021",0,0,8,3,27,0,5,1,4,3,0,29,0,45,0,2,6,32,3,2,28,48,1,19,2,2,5,2,2,15,2,31,9,6,44,0,0,44,4,24,1,8,0,1,1,28,0,3,30,0,1,27,5,3,33,1,0,3,0,11,0,0,1,2,0,0,6,10,2,17,0,33,8,4,12,58,26,0,37,9,2,103,0,49,3,0,0,5,2,0,1,1,141,10,0,3,4,101,39,4
"COG5022",0,0,2,5,24,2,11,1,8,35,0,27,8,14,3,6,4,20,8,6,14,65,2,9,4,3,8,2,5,26,8,20,5,1,55,3,0,30,4,13,1,9,0,10,1,15,0,4,15,4,0,32,1,3,19,5,2,5,2,12,0,1,4,1,4,0,13,14,2,28,1,24,7,11,5,22,44,0,30,7,4,69,3,26,2,1,5,17,6,4,2,2,30,13,0,0,6,60,29,16
"COG5023",2,0,5,2,10,1,3,2,8,5,0,21,1,17,0,13,2,14,13,1,9,30,1,4,4,3,9,4,4,25,4,17,9,2,55,1,0,27,8,3,1,11,0,1,1,16,0,1,16,0,0,11,1,7,20,7,0,4,0,6,0,2,5,0,0,0,10,12,1,10,2,19,3,8,3,17,15,3,18,6,0,45,1,17,4,0,6,1,4,5,1,1,23,11,0,2,5,50,16,10
"COG5024",0,0,1,0,5,1,3,1,2,4,0,6,0,8,1,1,3,8,0,0,14,7,0,0,0,0,3,0,0,3,0,10,1,1,11,0,0,4,2,6,0,2,0,1,0,2,0,0,8,0,0,3,0,1,10,3,0,0,0,1,0,0,0,0,0,0,2,2,1,5,0,2,2,2,1,17,14,0,10,2,10,14,0,11,1,0,4,1,1,1,1,0,17,2,1,0,1,29,11,2
"COG5026",0,0,0,0,0,1,0,1,1,3,1,1,0,0,0,2,0,0,0,2,0,1,0,1,1,0,1,0,1,2,0,0,1,0,0,0,2,1,0,0,0,3,1,0,0,0,2,0,0,0,0,0,0,1,0,0,0,0,1,0,1,0,0,1,0,2,1,1,0,0,1,0,0,2,1,0,3,0,0,0,0,1,0,0,1,0,0,0,1,0,0,1,0,0,0,0,0,1,0,1
"COG5027",0,0,0,0,10,0,0,0,0,0,0,5,0,12,0,1,1,7,1,0,4,4,0,5,0,1,2,0,0,7,1,5,1,0,13,1,0,8,0,3,0,2,0,1,0,3,0,0,3,0,0,2,1,0,8,1,0,0,0,0,0,0,2,1,0,0,1,4,1,2,0,7,0,1,1,12,3,0,7,0,0,23,1,9,0,0,1,1,0,0,0,0,19,3,0,0,0,16,5,0
"COG5028",0,0,0,0,10,1,1,0,1,3,0,4,0,2,0,0,0,8,0,0,2,3,0,2,2,1,5,0,1,4,0,4,2,0,10,0,0,10,0,3,0,1,0,0,0,3,0,0,11,1,0,12,1,1,6,0,0,0,0,3,0,0,0,0,0,0,0,1,1,0,0,4,0,2,3,6,6,0,10,2,0,25,1,10,1,0,1,0,0,1,1,1,25,2,0,1,1,22,16,0
"COG5029",0,0,4,0,4,1,0,1,1,0,0,5,4,2,0,0,0,5,3,3,5,2,6,1,1,1,6,2,0,4,0,4,1,9,9,2,0,4,1,3,0,1,0,0,1,3,0,4,4,0,0,3,4,0,3,0,0,0,0,0,2,0,2,0,0,0,0,5,1,0,2,4,1,3,1,3,5,2,5,0,0,16,0,4,0,1,0,1,0,1,0,2,13,4,0,1,0,12,8,2
"COG5030",0,0,0,0,2,0,0,0,0,0,0,3,0,4,0,0,0,1,0,0,0,3,0,0,0,2,0,0,0,2,0,3,1,1,2,0,0,10,0,6,0,0,0,1,0,0,0,0,5,0,0,3,0,0,4,0,0,0,0,3,0,0,0,0,0,0,0,1,0,0,0,6,0,0,0,7,2,0,4,3,0,10,0,1,0,0,0,0,0,0,0,0,5,0,0,2,0,5,3,0
"COG5031",6,0,15,5,4,1,3,3,29,9,2,5,1,3,12,1,1,3,3,0,8,0,5,5,0,2,6,3,3,5,3,6,3,2,8,6,1,2,1,5,1,4,11,5,1,6,1,3,2,0,2,6,4,2,11,9,1,2,3,4,2,0,2,2,0,0,3,5,0,0,2,5,0,5,10,3,9,2,1,7,0,5,4,3,2,3,9,5,1,7,0,4,4,2,11,11,1,15,15,2
"COG5032",1,0,20,21,36,3,6,3,9,9,0,52,5,72,6,4,6,59,7,2,57,39,1,33,9,10,31,1,5,34,3,53,22,12,108,4,0,76,15,43,3,34,0,12,3,33,1,7,60,6,5,71,12,5,65,7,7,9,0,21,0,1,13,4,4,0,10,24,8,18,2,72,13,19,11,100,41,1,85,15,11,189,2,90,10,0,6,16,7,1,11,5,291,15,1,2,7,197,79,16
"COG5033",0,0,1,0,0,1,0,0,0,0,0,0,0,1,0,0,0,1,0,0,0,2,0,0,0,0,0,0,0,0,0,2,1,0,2,0,0,0,0,1,0,0,0,0,0,0,0,0,1,0,0,0,0,0,2,0,0,0,0,0,0,0,0,0,0,0,0,0,0,0,0,0,0,0,0,0,0,0,1,0,0,3,0,0,0,0,0,0,0,1,0,0,2,0,0,0,0,8,1,0
"COG5034",0,0,0,0,0,0,0,0,0,0,0,0,0,1,0,0,0,0,0,0,1,1,0,0,0,1,0,0,0,4,0,3,0,0,2,0,0,2,0,1,0,0,0,0,0,0,0,0,0,0,0,1,0,0,0,1,0,0,0,0,0,0,0,0,0,0,0,0,0,0,0,2,0,0,0,0,1,0,1,0,0,3,0,1,0,0,1,0,0,1,0,0,3,1,0,0,2,2,0,1
"COG5035",0,0,1,0,0,0,1,0,0,1,0,2,0,2,0,0,1,0,0,0,0,2,0,0,1,0,2,0,0,1,0,3,1,0,3,0,0,3,0,1,0,1,0,0,0,1,0,0,0,0,0,1,1,0,0,1,0,0,0,1,0,0,1,0,0,0,2,0,0,3,0,2,0,2,1,4,1,0,2,0,0,3,0,2,0,0,0,0,0,2,0,0,7,0,0,0,1,13,3,0
"COG5036",0,0,0,0,5,0,0,0,1,0,0,9,0,2,0,1,0,3,0,1,3,0,0,0,0,0,3,0,1,4,1,0,2,1,3,1,1,10,0,3,0,0,0,0,0,5,1,1,1,0,0,2,2,0,1,0,2,0,0,0,0,1,0,1,0,0,2,2,0,0,1,2,1,1,1,2,0,0,2,0,0,15,0,6,0,0,1,0,0,0,0,1,8,2,0,0,3,11,2,3
"COG5038",1,0,2,2,16,0,1,0,3,2,0,14,0,18,1,1,2,17,1,0,7,9,0,3,2,0,6,0,0,3,0,13,4,1,13,0,0,21,0,10,0,5,0,2,0,10,0,3,11,0,0,19,1,0,11,1,0,0,0,3,0,0,2,0,0,0,1,6,1,7,0,9,2,2,4,14,7,0,11,5,1,47,0,19,1,0,1,1,0,0,1,1,57,0,0,2,2,58,15,1
"COG5039",3,0,0,0,0,0,0,0,0,0,0,0,1,0,0,0,0,0,0,1,0,4,0,0,0,0,0,0,0,2,9,2,0,1,3,3,1,1,0,0,1,0,4,0,1,0,0,0,0,0,0,0,0,0,1,0,0,0,0,0,0,0,0,0,0,1,0,0,0,2,0,0,0,0,2,0,0,0,2,0,0,3,0,0,0,0,0,2,0,0,0,0,0,0,0,0,1,1,0,0
"COG5040",0,0,0,0,5,0,0,0,3,0,0,3,0,5,0,0,0,1,0,1,1,7,0,1,0,0,1,0,0,3,0,3,1,0,6,0,0,3,1,2,0,0,0,1,0,2,0,1,3,0,0,3,0,0,6,0,0,0,0,1,0,0,1,0,0,0,1,1,0,1,0,2,1,1,0,7,1,0,3,0,0,11,0,4,0,0,2,0,0,0,0,0,8,1,0,1,0,12,6,2
"COG5041",0,0,0,0,0,0,0,0,0,0,0,0,0,3,0,0,0,0,1,0,0,0,0,1,0,0,0,0,0,1,0,0,1,0,3,0,0,1,0,1,0,0,0,0,0,0,0,0,4,0,0,1,0,0,0,2,0,0,0,1,0,0,1,0,0,0,0,2,0,2,0,0,0,2,0,5,0,0,0,0,0,2,0,4,0,0,0,0,0,0,0,0,3,2,0,0,2,7,1,0
"COG5042",7,3,5,3,1,8,7,2,11,5,1,14,11,15,3,7,103,3,13,2,8,0,21,2,20,2,4,0,14,4,22,2,7,17,11,2,3,3,5,11,2,10,13,2,8,0,0,24,2,1,1,5,0,8,3,0,4,5,3,9,0,4,5,9,0,3,4,1,8,0,3,9,10,8,8,3,4,4,5,2,2,4,7,6,4,3,2,8,0,2,3,1,6,2,8,7,3,7,6,1
"COG5043",0,0,3,1,8,1,0,1,0,3,0,12,0,10,0,1,2,2,2,0,4,11,0,4,1,1,10,0,0,8,0,3,5,3,10,0,0,10,0,3,0,4,0,0,0,1,0,2,10,0,0,18,1,0,2,1,0,1,0,0,0,0,1,0,0,0,1,0,0,9,1,7,3,3,0,11,10,0,10,5,0,11,0,16,0,0,0,0,0,0,0,0,63,0,0,1,1,4,1,2
"COG5044",0,0,0,0,1,0,2,0,2,1,0,2,0,5,0,0,1,0,0,0,3,7,0,4,0,0,1,0,0,4,1,8,3,1,4,0,0,5,0,4,0,2,0,1,0,2,0,1,2,0,0,3,0,0,5,0,0,0,0,1,0,0,1,0,0,0,3,1,0,2,0,3,0,1,0,5,2,0,2,5,1,14,0,5,0,0,0,0,0,0,0,0,16,4,0,0,1,22,6,2
"COG5045",0,0,0,0,0,0,0,0,0,0,0,1,0,1,0,0,0,0,0,0,0,0,0,0,0,0,0,0,0,0,0,1,0,0,1,0,0,1,0,2,0,0,0,0,0,0,0,0,2,0,1,4,0,0,2,0,0,0,0,0,0,0,0,0,0,0,0,1,0,1,0,1,0,0,0,2,0,0,2,0,0,1,0,0,0,0,0,0,0,0,0,0,3,0,0,0,0,2,1,0
"COG5046",0,0,0,0,1,0,0,0,0,1,0,1,0,1,0,0,0,0,0,0,1,0,0,1,0,0,0,0,0,0,0,0,0,1,0,0,0,1,0,1,0,0,0,0,0,0,0,0,1,0,0,0,0,0,2,0,0,0,0,0,0,0,0,0,0,0,0,0,0,1,0,1,0,0,0,2,0,0,1,0,0,4,0,1,0,0,0,0,0,0,0,0,5,0,0,0,1,3,0,0
"COG5047",0,0,0,1,7,0,0,0,0,0,0,3,0,10,0,1,2,5,0,0,5,4,0,2,1,1,0,0,0,2,0,6,0,1,8,1,0,14,1,4,0,1,0,1,0,4,0,1,11,0,0,2,0,0,12,0,0,0,0,2,0,0,0,0,0,0,2,1,0,3,0,6,0,2,3,9,7,0,5,1,0,30,1,9,0,0,1,2,0,0,0,0,19,2,0,1,0,35,17,1
"COG5048",0,0,0,0,6,1,0,2,0,1,2,3,0,6,0,2,6,2,0,1,5,11,0,1,0,0,1,1,1,1,0,5,0,3,3,0,0,3,0,1,0,0,0,0,0,4,3,0,1,0,0,4,1,0,10,0,0,1,0,0,0,0,1,1,1,0,1,1,1,6,0,0,0,0,0,0,0,0,0,2,0,7,0,1,0,0,0,1,0,0,1,0,4,0,0,1,0,19,12,0
"COG5049",8,0,15,34,19,4,36,9,31,42,1,22,7,28,25,31,5,23,19,10,23,23,4,50,21,19,37,7,9,17,13,39,22,4,36,6,0,39,16,27,5,17,0,19,5,31,3,10,19,19,20,31,13,18,16,20,28,17,5,27,1,4,19,11,24,1,49,21,8,18,4,25,11,17,32,31,44,2,55,42,38,67,12,49,27,4,17,90,73,7,38,2,65,20,21,7,14,54,27,32
"COG5050",12,3,0,2,1,6,1,0,1,3,2,2,1,2,0,0,1,2,0,15,2,1,1,0,6,1,0,14,0,1,6,0,1,0,2,3,2,0,0,4,19,1,6,0,14,0,0,2,0,0,0,1,2,2,0,1,2,0,7,1,20,23,0,0,2,2,2,0,1,0,15,1,2,1,0,6,2,13,2,1,2,9,0,4,0,13,0,0,0,13,0,18,9,3,0,1,0,6,4,0
"COG5051",0,0,0,1,0,0,0,0,0,0,0,1,0,0,0,0,0,0,0,0,0,0,0,0,0,0,0,0,0,1,0,0,0,0,3,0,0,0,0,0,0,0,0,0,0,0,0,0,0,0,0,0,0,0,0,0,0,0,0,0,0,0,0,0,0,0,0,1,0,1,0,0,0,0,0,1,1,0,0,0,0,1,0,2,0,0,0,0,0,0,0,0,0,0,0,0,0,1,0,0
"COG5052",0,0,0,0,0,0,0,0,0,0,0,1,0,0,0,1,0,1,0,0,0,2,0,1,0,1,4,0,0,1,0,2,0,0,1,0,0,2,0,0,0,0,0,0,0,1,0,1,0,0,0,1,0,0,0,0,0,0,0,0,0,0,1,0,0,0,0,0,0,0,0,1,0,0,1,2,4,0,1,0,0,5,0,1,0,0,0,1,0,0,0,0,0,1,0,0,0,3,1,1
"COG5053",0,1,2,9,5,0,3,1,6,4,0,7,3,5,9,4,1,3,2,1,5,5,0,8,2,1,15,2,3,1,2,6,6,1,7,1,1,8,8,3,0,2,0,3,0,13,0,0,0,3,3,4,2,1,4,4,3,1,1,9,1,0,4,6,2,1,10,1,0,7,0,5,8,4,6,3,14,0,14,6,9,4,2,2,2,1,10,17,13,0,7,0,3,2,4,1,2,9,5,2
"COG5054",1,0,5,20,8,1,11,6,15,22,0,11,7,10,7,4,0,4,11,4,12,11,3,13,6,9,15,1,7,2,3,9,4,2,6,3,0,15,5,2,0,4,1,6,1,11,2,4,6,7,11,4,5,4,5,8,12,7,0,6,0,1,6,7,10,0,25,6,6,6,0,6,3,14,10,13,16,1,19,21,15,3,6,13,3,0,12,18,24,3,15,0,7,7,5,0,4,13,7,12
"COG5055",0,0,0,0,0,0,2,0,1,1,0,1,1,2,0,0,0,0,0,0,1,1,1,1,1,0,0,0,1,0,0,0,0,1,3,0,0,0,1,1,0,7,0,0,0,0,0,2,0,1,0,1,1,0,0,0,1,3,1,2,3,0,0,0,0,3,18,0,0,1,2,0,0,1,1,5,0,0,1,1,1,0,2,2,0,0,1,2,1,0,0,0,0,0,0,3,1,1,0,0
"COG5056",0,0,0,0,0,1,0,0,0,1,0,1,0,0,0,1,0,0,1,0,0,0,0,0,0,0,0,0,0,1,1,0,0,0,0,0,0,0,0,0,0,0,0,0,0,1,0,0,1,0,0,0,0,0,0,0,0,0,0,0,0,0,0,0,0,0,1,0,0,1,0,0,0,0,1,0,0,0,0,0,0,0,0,0,0,0,0,0,0,0,0,0,0,0,0,0,0,0,0,0
"COG5057",0,0,0,0,2,0,0,0,0,1,0,0,0,0,0,0,0,2,0,0,0,0,0,0,1,0,0,0,0,0,0,0,0,0,0,0,0,1,0,0,0,1,0,0,0,0,0,0,0,0,0,0,1,0,1,0,0,0,0,0,0,0,0,0,0,0,3,0,0,0,0,0,0,0,1,0,0,0,0,0,0,1,0,2,0,0,0,0,0,0,0,0,0,0,0,0,0,3,1,0
"COG5058",0,0,2,0,4,0,1,0,1,0,0,2,0,1,0,0,0,1,0,0,0,1,0,0,1,0,0,0,2,0,1,0,1,0,2,0,0,0,1,1,0,0,0,0,0,2,0,0,3,0,1,3,0,1,1,0,0,1,0,0,0,0,0,0,0,0,1,0,0,2,0,0,0,0,2,3,0,0,0,0,0,5,0,4,0,0,0,0,0,1,1,0,2,0,0,0,1,6,6,1
"COG5059",1,1,10,10,120,4,14,1,28,36,0,81,0,107,4,13,9,86,12,8,57,146,2,29,5,16,50,2,6,99,6,88,45,7,122,1,0,111,19,71,1,35,0,11,0,67,1,13,109,1,3,61,11,9,64,25,1,5,1,30,0,2,12,8,0,0,38,39,12,51,1,83,18,55,21,114,73,0,112,20,2,316,8,104,8,3,12,13,18,14,1,1,198,41,3,8,28,292,91,28
"COG5061",0,0,0,0,2,0,0,0,0,0,0,2,0,3,0,0,1,4,0,0,2,1,0,3,1,2,0,0,0,1,0,3,2,0,5,0,0,3,0,2,0,1,0,1,0,1,0,0,6,0,0,4,0,0,4,0,0,0,0,1,0,0,0,0,0,0,1,1,0,3,0,4,0,0,0,8,2,0,2,1,0,8,0,8,0,0,0,0,0,0,1,0,15,0,0,0,1,5,7,2
"COG5062",0,0,0,0,0,0,0,0,0,0,0,0,0,2,0,0,0,1,0,0,1,2,0,0,0,0,0,0,0,0,0,3,0,0,2,0,0,2,0,3,0,1,0,0,0,1,0,0,1,0,0,1,0,0,0,0,0,1,0,0,0,0,0,0,0,0,0,0,0,0,0,1,0,0,0,3,2,0,0,0,0,5,0,2,0,0,0,0,0,0,0,0,9,0,0,0,0,3,1,0
"COG5063",0,0,0,0,0,0,0,0,0,0,0,3,1,2,1,1,0,1,0,0,1,1,0,0,0,2,0,0,1,0,0,4,2,0,2,0,0,2,0,2,0,4,0,0,0,1,0,1,2,0,0,2,0,0,2,0,0,0,0,0,0,0,0,1,2,0,1,1,0,1,0,4,1,1,1,0,0,0,1,1,2,4,0,2,0,0,0,0,0,0,0,0,1,0,0,0,0,2,6,0
"COG5064",0,0,3,0,5,1,1,0,2,3,0,4,0,9,0,1,2,9,3,0,0,19,0,1,3,0,4,1,0,7,0,6,10,1,11,0,0,6,3,4,0,4,0,2,0,7,0,5,10,0,0,7,2,0,5,4,6,0,0,2,0,0,2,0,0,0,3,3,3,14,0,10,1,5,0,5,5,0,4,2,1,26,0,5,0,0,0,0,0,3,0,0,5,4,0,3,2,40,12,3
"COG5065",0,0,0,0,0,0,0,0,0,0,0,1,0,0,0,0,0,0,0,0,0,1,0,0,0,0,0,0,0,0,0,0,0,0,1,0,0,0,1,0,0,0,0,0,0,0,0,0,0,0,0,0,1,0,0,0,0,0,0,0,0,0,0,0,0,0,0,0,0,1,0,0,0,0,0,1,0,0,0,0,0,0,0,0,0,0,0,0,0,0,0,0,0,0,0,0,0,2,0,0
"COG5066",0,0,0,0,3,0,1,0,0,1,0,3,0,2,0,0,0,1,0,0,1,0,0,1,0,0,0,0,0,0,0,1,2,0,0,0,0,2,0,2,0,1,0,0,0,0,0,0,1,0,0,0,0,0,2,1,0,0,0,0,0,0,0,0,0,0,1,0,0,0,0,1,0,0,1,0,0,0,1,1,0,7,1,1,0,0,0,0,0,0,0,0,1,0,0,0,0,6,2,0
"COG5068",0,0,1,0,2,0,0,0,0,0,0,0,0,2,0,0,0,1,0,0,1,1,0,1,0,0,0,0,0,0,0,0,0,0,1,0,0,2,0,0,0,0,0,0,0,0,0,0,2,0,0,1,0,0,4,0,0,0,0,0,0,0,0,1,0,0,0,1,0,0,0,1,0,0,1,3,3,0,0,0,0,3,0,2,0,0,0,0,0,0,0,0,4,0,0,0,0,5,2,0
"COG5069",0,0,0,0,3,0,0,0,1,11,0,3,0,1,0,0,0,3,1,0,1,13,0,2,2,0,3,0,1,6,0,3,2,0,5,0,0,1,2,0,0,0,0,0,0,2,0,0,5,0,0,7,0,0,0,1,0,1,0,1,0,0,1,0,0,0,1,0,0,9,0,3,0,2,1,1,4,0,2,0,0,8,0,3,1,0,0,0,1,2,0,0,0,1,0,1,2,9,2,1
"COG5070",0,0,0,0,6,0,0,0,1,1,0,0,0,1,2,0,0,0,0,0,0,2,0,0,0,0,1,0,0,1,0,2,3,1,1,0,0,5,0,0,0,1,0,1,0,1,0,0,3,0,0,4,1,0,2,0,0,1,0,0,0,0,0,0,0,0,0,1,0,3,0,0,1,0,0,5,4,0,3,0,1,5,0,2,0,0,0,0,0,0,0,0,9,1,0,0,2,7,0,1
"COG5071",0,0,0,0,3,0,2,0,0,1,0,0,0,8,0,0,0,3,0,0,3,1,0,0,0,0,1,0,0,0,0,2,1,0,2,0,0,3,0,1,0,2,0,0,0,1,0,0,2,0,0,3,0,0,2,1,0,0,0,3,0,0,0,0,0,0,1,1,0,0,0,4,1,0,2,5,1,0,3,1,1,9,0,2,0,0,0,0,1,0,0,0,6,0,0,0,1,8,2,1
"COG5072",0,0,0,0,6,1,0,0,1,0,0,1,0,5,3,0,0,4,0,0,2,0,0,2,0,1,1,0,0,1,0,2,0,1,3,0,0,6,0,2,0,1,0,0,0,3,0,1,2,1,0,0,0,0,4,3,2,2,0,2,0,0,0,0,0,0,2,0,0,0,0,3,0,0,2,9,2,0,2,0,0,7,0,3,2,0,0,5,0,0,0,0,11,0,0,0,0,6,4,1
"COG5074",0,0,0,0,4,0,0,0,0,1,0,1,0,1,0,0,0,1,0,0,2,3,0,1,0,0,0,0,0,1,0,1,0,0,2,0,0,2,0,0,0,0,0,2,0,3,0,1,1,0,0,1,0,0,1,0,0,0,0,1,0,0,0,0,0,0,0,1,0,1,0,1,0,2,0,3,0,0,0,0,0,3,0,1,0,0,0,1,0,0,0,0,6,0,0,0,1,5,2,1
"COG5075",0,0,0,0,0,0,0,1,0,0,0,2,0,2,0,0,0,0,0,0,0,0,0,0,0,0,0,0,0,1,0,0,0,1,2,0,0,2,0,0,0,0,0,0,0,2,0,1,0,0,0,2,0,0,1,0,0,0,0,0,0,0,0,0,0,0,0,0,0,2,0,0,0,2,2,2,2,0,1,0,0,5,0,2,0,0,0,4,0,1,0,0,1,0,0,0,0,4,5,0
"COG5076",0,0,4,1,21,0,5,0,1,6,0,17,0,30,0,1,3,18,0,2,17,21,1,8,3,4,3,1,2,17,0,18,3,2,44,0,0,35,3,17,0,8,0,2,1,20,0,2,21,0,0,17,4,0,17,3,0,2,0,12,0,1,3,0,0,0,5,10,5,6,0,33,2,6,6,34,11,1,38,8,1,78,0,37,3,0,1,3,0,0,0,1,86,9,0,2,5,62,36,5
"COG5077",0,0,3,3,15,0,0,0,5,5,0,13,0,23,1,1,1,36,5,2,18,24,0,2,2,5,6,1,0,6,1,45,5,1,30,0,0,29,4,21,1,6,0,2,0,59,0,1,18,0,4,15,6,0,23,5,1,1,0,1,0,0,1,2,2,0,6,6,2,6,0,11,7,6,7,21,14,0,33,2,6,67,0,34,4,0,4,8,0,2,0,1,44,2,0,3,2,47,26,1
"COG5078",1,2,8,20,31,2,20,6,14,21,0,20,10,29,9,19,2,32,13,5,14,26,5,18,8,9,34,4,9,13,11,25,14,6,36,5,0,45,7,26,3,17,1,17,0,15,3,4,25,12,14,19,12,8,19,10,19,4,0,22,1,1,14,9,7,0,25,16,7,18,2,20,9,28,24,34,41,2,32,28,26,87,8,37,16,3,16,46,29,4,32,3,47,16,4,9,7,76,30,26
"COG5079",0,0,0,0,0,1,0,0,0,4,0,3,0,2,0,1,0,5,1,0,4,2,0,0,0,0,0,0,0,1,0,4,1,0,8,0,0,4,0,2,0,0,0,2,0,0,0,1,3,0,0,1,0,0,6,0,0,0,0,0,0,0,0,0,0,0,0,2,0,1,0,3,0,1,1,2,3,0,2,0,0,11,0,5,0,0,1,0,0,0,0,0,0,1,0,0,0,2,8,0
"COG5080",0,0,2,0,7,0,1,0,1,2,0,2,0,4,0,0,0,2,0,0,0,1,0,0,1,0,0,1,1,1,0,4,0,0,2,0,0,0,0,1,0,1,0,0,0,1,0,0,3,0,0,3,0,0,3,1,0,0,0,2,0,0,0,0,0,0,0,0,1,2,0,6,0,2,0,3,1,0,1,1,0,4,0,2,0,0,0,1,0,0,0,0,4,0,0,0,0,7,3,0
"COG5081",0,0,0,0,0,0,0,0,0,0,0,0,0,0,0,0,0,0,0,0,0,0,1,0,0,0,1,0,0,0,0,0,0,0,0,0,0,0,0,0,0,0,0,0,0,0,0,0,0,0,0,0,0,0,0,0,0,0,0,0,0,0,0,0,0,0,0,0,0,0,0,0,0,0,0,0,0,0,0,0,0,0,0,0,0,0,0,0,0,0,0,0,0,0,0,0,0,0,0,0
"COG5082",0,0,0,0,7,0,0,0,1,0,0,4,0,1,0,0,1,6,0,0,3,6,0,0,0,1,0,0,0,0,0,4,2,1,3,0,0,4,0,1,0,1,0,0,0,0,0,0,3,0,0,2,0,0,2,0,0,0,0,1,0,0,0,0,0,0,0,1,2,1,0,1,1,0,1,4,1,0,0,0,0,9,0,3,0,0,2,1,0,0,0,0,6,1,0,0,0,5,10,0
"COG5083",0,0,2,0,1,0,0,0,0,1,0,1,0,3,0,1,2,5,0,0,3,2,1,1,0,0,0,1,0,2,0,0,0,0,4,0,0,2,0,1,0,4,0,0,0,3,0,0,3,0,0,1,0,0,3,0,0,0,1,1,0,0,0,0,0,0,0,1,0,0,0,1,0,0,1,6,1,0,3,1,0,13,0,4,0,0,0,0,0,0,0,1,10,0,0,0,1,8,3,0
"COG5084",0,0,0,2,0,0,0,0,0,0,0,0,0,2,0,0,0,1,0,0,1,0,0,0,0,1,0,0,0,0,0,1,0,0,1,0,0,1,0,1,0,0,0,0,0,0,0,0,0,0,0,0,0,0,2,0,0,0,0,0,0,0,0,0,0,0,0,0,0,0,0,0,0,0,0,4,1,0,1,0,0,2,0,0,0,0,0,0,0,0,0,0,7,0,0,0,0,2,1,0
"COG5086",0,0,0,0,0,0,0,0,0,0,0,0,0,0,0,0,0,0,0,0,0,0,0,0,0,0,0,0,0,0,0,1,0,0,0,0,0,0,0,0,0,0,0,0,0,0,0,0,0,0,0,1,0,0,0,0,0,0,0,0,0,0,0,0,0,0,0,0,0,0,0,0,0,0,0,2,1,0,1,0,0,0,0,2,0,0,0,0,0,0,0,0,6,0,0,0,0,3,0,0
"COG5088",0,0,0,0,0,0,0,0,0,0,0,0,0,0,0,0,0,1,0,0,0,0,0,0,0,0,0,0,0,0,0,0,0,0,0,0,0,1,0,0,0,0,0,0,0,1,0,0,0,0,0,2,0,0,0,0,0,0,0,0,0,0,0,0,0,0,0,0,0,0,0,0,0,0,0,1,0,0,1,0,0,1,0,1,0,0,0,0,0,0,0,0,4,0,0,0,0,0,0,0
"COG5090",0,0,0,0,1,0,0,0,0,0,0,1,0,0,1,0,0,3,0,0,3,0,0,0,0,0,0,0,0,0,0,0,0,0,7,0,0,2,0,3,0,1,0,0,0,1,0,0,1,0,0,2,0,0,4,0,0,0,0,0,0,0,0,0,0,0,0,0,0,0,0,0,0,2,1,0,0,0,0,0,0,6,0,3,0,0,0,1,0,0,0,0,7,0,0,0,0,3,3,0
"COG5091",0,0,0,0,3,0,0,0,0,1,0,0,0,1,0,0,0,1,0,0,0,0,0,0,0,0,0,0,0,1,0,1,0,0,1,0,0,2,0,2,0,1,0,0,0,0,0,0,0,0,0,0,1,0,2,0,0,0,0,0,0,0,1,0,0,0,0,1,0,0,0,0,0,0,0,2,2,0,3,0,1,5,0,0,0,0,0,0,0,1,0,0,5,0,0,0,0,4,2,0
"COG5092",0,0,0,1,8,0,0,0,2,1,0,1,1,8,0,0,0,15,0,0,4,3,0,2,0,1,1,1,0,0,2,28,0,0,1,0,0,9,1,2,0,0,0,0,0,37,0,0,8,0,0,0,0,0,2,0,1,0,0,2,0,0,0,0,0,0,0,1,2,1,2,5,1,0,0,5,2,0,27,0,3,41,0,41,1,0,2,41,0,1,2,1,6,1,0,0,0,8,5,0
"COG5093",0,0,0,0,1,0,0,0,0,0,0,1,0,0,0,0,0,0,0,0,0,0,0,0,0,0,0,0,0,0,1,3,0,0,1,0,0,2,0,0,0,0,0,0,0,0,0,0,1,0,0,1,0,0,0,1,0,0,0,0,0,0,0,0,0,0,0,1,0,0,0,1,0,0,0,0,0,0,1,0,0,2,0,2,0,0,0,0,0,0,0,0,0,0,0,0,1,0,1,0
"COG5094",0,0,0,0,0,0,0,0,0,0,0,0,0,0,0,0,0,1,0,0,0,0,0,0,1,0,0,0,0,0,0,1,0,0,1,0,0,2,0,0,0,0,0,0,0,0,0,0,1,0,0,0,0,0,0,0,0,0,0,2,0,0,0,0,0,0,0,0,1,0,0,0,0,1,0,1,0,0,0,0,0,1,0,2,0,0,0,1,0,0,0,0,0,0,0,0,0,0,0,0
"COG5095",0,0,0,0,4,0,0,1,0,0,0,2,0,1,0,0,0,1,1,0,1,1,0,1,0,0,0,0,0,0,0,1,0,1,6,0,0,1,0,1,0,0,0,0,0,1,0,0,2,0,0,2,0,0,0,0,0,1,0,1,0,1,0,0,0,0,3,1,0,0,0,2,1,2,1,5,3,0,3,2,1,11,0,6,0,0,1,0,0,0,0,0,13,0,0,2,1,7,3,0
"COG5096",0,0,4,1,16,1,0,0,0,3,0,18,1,19,0,2,1,21,0,0,22,12,0,3,2,3,12,0,0,6,1,20,12,6,30,0,0,31,2,13,0,8,0,1,0,17,0,3,30,1,0,20,2,2,19,3,0,1,0,8,0,0,3,1,0,0,3,4,5,7,0,21,3,11,7,32,6,0,20,2,0,62,0,37,2,1,1,0,0,2,0,0,66,2,0,4,2,68,22,5
"COG5097",0,0,0,0,0,0,0,0,0,0,0,0,0,0,0,0,0,0,0,0,0,0,0,0,0,0,0,0,0,1,0,0,0,0,0,0,0,0,0,0,0,0,0,0,0,0,0,0,0,0,0,0,0,0,0,0,0,0,0,1,0,0,0,0,0,0,0,0,0,0,0,1,0,0,0,0,0,0,0,0,0,0,0,0,0,0,0,0,0,0,0,0,0,0,0,0,0,1,0,0
"COG5098",0,0,0,1,2,1,1,0,1,1,0,3,0,4,0,0,0,8,0,1,6,1,0,2,0,0,1,0,0,2,0,6,1,0,11,0,0,12,1,4,0,4,0,0,0,4,0,1,6,0,0,4,0,0,4,2,0,4,0,0,0,0,1,0,0,0,3,1,3,0,0,3,0,2,2,3,3,0,2,1,0,19,0,6,0,0,0,3,0,0,0,0,21,0,0,0,0,8,5,0
"COG5099",0,0,0,1,6,0,0,0,0,0,0,1,0,6,0,0,0,6,0,0,7,7,0,1,1,2,1,0,0,0,0,0,1,2,8,0,0,9,0,1,0,3,0,0,0,1,0,1,2,0,0,0,0,0,5,2,0,1,0,2,0,0,0,0,0,0,1,2,0,3,0,2,0,2,1,4,5,0,4,3,0,17,0,7,0,0,0,1,0,0,0,0,9,1,0,0,0,11,9,0
"COG5100",0,0,0,0,0,0,0,0,0,0,0,0,0,0,0,0,0,0,0,0,0,1,0,0,0,0,0,0,0,0,0,0,1,0,0,0,0,0,0,0,0,0,0,0,0,0,0,1,0,0,0,0,0,0,0,0,0,0,0,0,0,0,0,0,0,0,0,0,0,0,0,0,0,0,1,0,0,0,0,0,0,0,0,0,0,0,0,0,0,0,0,0,0,0,0,0,0,1,0,0
"COG5101",0,0,0,0,1,2,0,0,2,0,0,4,0,4,0,1,2,5,1,0,0,7,1,0,0,0,0,0,1,1,0,2,3,0,11,0,0,6,0,1,0,4,0,1,0,6,0,1,5,1,0,4,0,0,9,1,1,0,0,1,0,1,0,0,0,0,2,3,0,2,0,3,0,1,1,8,1,0,8,2,1,12,0,8,0,0,1,0,0,3,0,0,19,0,0,1,1,8,9,1
"COG5102",0,0,0,0,0,0,0,0,0,0,0,2,0,1,0,0,0,2,0,0,0,0,0,0,0,0,0,0,0,0,0,1,0,0,1,0,0,4,0,0,0,0,0,0,0,0,0,1,0,0,0,1,0,0,0,0,0,0,0,0,0,0,0,0,0,0,0,0,0,0,0,0,0,0,0,2,0,0,0,0,1,3,0,2,0,0,0,0,0,0,0,0,0,0,0,0,0,1,1,0
"COG5103",0,0,0,0,3,0,0,0,0,0,0,3,0,3,0,0,0,1,0,0,0,3,0,2,1,1,1,0,0,3,0,1,2,0,1,0,0,2,0,2,0,0,0,2,0,0,0,0,2,0,0,11,0,0,2,0,0,1,0,1,0,0,1,0,0,0,0,1,0,1,0,4,0,4,0,12,5,0,6,2,0,5,0,2,0,0,0,0,0,1,0,0,33,0,0,0,0,4,0,1
"COG5104",0,0,1,0,3,0,0,0,0,1,0,1,0,3,0,0,2,1,0,0,2,4,0,0,0,0,0,1,0,0,0,0,0,1,5,0,0,6,0,2,0,0,0,0,0,1,0,0,1,0,0,2,0,0,5,0,0,0,0,0,0,0,0,0,0,0,0,1,0,0,0,1,0,0,0,6,4,0,3,2,1,11,0,2,0,0,0,0,0,0,0,0,9,1,0,0,0,6,4,0
"COG5105",0,0,0,0,1,0,0,0,1,0,0,0,0,0,0,0,0,1,0,0,3,1,0,0,1,0,0,0,1,0,0,1,0,0,2,0,0,1,0,0,0,2,0,0,0,1,0,0,1,0,0,1,0,0,3,0,0,0,0,0,0,0,0,0,0,0,0,2,0,0,0,1,0,0,1,1,1,0,1,0,0,0,0,2,0,0,0,0,0,0,0,0,1,0,0,0,0,2,1,0
"COG5106",0,0,0,0,3,0,0,0,1,0,0,1,0,2,0,0,0,1,0,0,1,1,0,0,0,0,0,0,0,0,0,0,0,0,2,0,0,3,0,1,0,1,0,0,0,5,0,0,1,0,0,2,0,0,0,0,0,0,0,1,0,0,0,0,0,0,1,1,0,0,0,1,0,0,2,4,1,0,1,1,0,2,0,1,0,0,0,0,0,1,0,0,4,1,0,0,0,6,1,0
"COG5107",0,0,1,0,3,1,1,0,1,1,0,5,0,5,0,0,3,3,0,0,2,7,0,0,0,0,0,0,0,1,0,3,0,0,8,0,0,1,0,2,0,3,0,0,0,2,0,0,3,0,0,1,0,0,7,0,0,0,0,1,0,0,0,0,0,0,0,0,0,1,0,3,1,0,1,7,1,0,2,2,1,16,1,4,0,0,0,0,0,0,0,0,8,1,0,0,0,15,11,0
"COG5108",22,40,81,470,38,24,95,44,100,31,25,78,58,88,71,79,51,111,21,27,128,32,60,588,101,174,71,63,236,49,17,48,77,67,186,47,38,98,137,240,38,457,23,75,46,35,59,240,101,119,74,76,83,10,46,87,263,280,44,183,19,29,126,159,36,36,440,252,46,18,29,196,227,80,101,218,120,38,89,196,129,164,42,132,89,23,121,119,118,33,66,26,105,116,122,122,148,67,68,69
"COG5109",0,0,0,0,0,0,0,0,0,0,0,0,0,0,0,0,0,3,0,0,0,1,0,0,0,0,0,1,1,2,0,0,0,0,0,0,0,0,0,0,0,0,0,0,0,0,0,0,1,0,0,1,0,0,0,0,0,0,0,0,0,0,0,0,0,0,0,0,0,1,0,0,0,0,1,0,1,0,0,0,0,6,0,1,0,0,0,0,0,0,0,0,0,0,0,1,0,0,0,0
"COG5110",0,0,3,0,4,0,1,0,0,0,0,5,0,5,0,0,0,2,0,2,2,9,0,1,0,0,1,0,0,9,0,8,4,0,10,0,0,8,0,6,0,3,0,1,0,6,0,1,6,1,0,9,2,0,6,1,0,0,0,1,0,0,0,0,0,0,1,3,1,1,0,2,0,5,2,10,6,0,5,1,0,9,0,4,0,0,0,3,1,0,0,0,18,3,0,0,3,33,9,3
"COG5111",0,0,0,0,3,0,0,0,0,1,0,3,0,3,0,0,0,1,0,0,2,2,0,0,0,0,0,0,0,1,0,2,0,0,2,0,0,3,1,1,0,0,0,0,0,1,0,0,2,0,0,1,0,0,3,0,0,0,0,3,0,0,0,0,0,0,0,0,0,1,0,1,0,0,1,5,5,0,1,1,0,5,0,2,0,0,0,0,0,0,0,0,6,0,0,0,1,7,2,0
"COG5112",0,0,0,0,2,0,0,0,0,0,0,2,0,1,0,0,0,0,0,0,0,0,0,0,0,0,0,0,0,1,0,1,1,0,0,0,0,0,1,0,0,0,0,0,0,1,0,0,0,0,0,0,0,0,3,0,0,0,0,0,0,0,0,0,0,0,0,0,0,0,0,0,1,1,0,0,0,0,0,0,0,2,0,0,0,0,0,0,0,0,0,0,0,0,0,0,0,2,0,1
"COG5113",0,1,3,1,14,0,2,1,1,1,1,1,2,11,0,0,0,9,0,0,6,1,0,2,2,1,4,0,0,1,5,4,3,3,13,0,0,9,0,4,0,3,0,2,0,4,0,2,4,1,1,4,1,0,9,0,3,1,0,3,0,0,4,3,2,1,5,5,3,6,1,8,0,2,5,6,5,0,3,3,0,12,0,9,0,0,0,5,2,0,2,1,18,1,0,2,2,14,12,2
"COG5114",0,0,0,0,2,0,0,0,2,0,0,0,0,2,0,0,0,2,0,0,0,2,0,0,0,0,0,0,0,1,0,2,0,0,1,0,0,1,0,0,0,1,0,0,0,1,0,0,2,0,0,1,0,0,2,0,0,0,0,0,0,0,0,1,0,0,2,1,0,1,0,1,0,0,0,3,1,0,0,1,0,2,0,4,0,0,0,0,0,0,0,0,10,0,0,2,0,6,3,1
"COG5116",0,0,0,0,8,0,0,0,1,0,0,8,1,6,0,0,0,9,0,1,3,10,0,0,2,0,3,0,0,5,0,4,4,0,4,0,0,10,0,5,0,2,0,1,0,5,0,2,10,0,1,4,1,0,4,1,0,0,0,1,0,0,1,0,0,0,5,0,0,4,0,3,0,1,1,5,1,0,14,3,0,17,0,2,0,0,1,0,1,0,0,0,20,2,0,1,1,23,5,6
"COG5117",0,0,1,0,1,0,0,0,0,0,0,1,0,6,0,0,0,4,0,0,4,1,0,1,0,0,0,0,1,1,0,5,0,0,7,0,0,5,0,0,0,1,0,0,0,2,0,0,2,0,0,3,2,0,4,0,0,1,0,0,0,0,0,0,0,0,1,1,0,1,0,3,1,1,0,5,3,0,3,1,0,6,0,6,0,0,1,0,0,0,0,0,10,0,0,1,0,10,9,0
"COG5118",0,0,0,0,1,0,1,0,0,1,0,1,0,2,0,0,0,1,0,0,4,1,0,0,0,0,0,0,0,0,0,1,1,0,1,0,0,2,0,0,0,0,0,0,0,2,0,0,2,0,0,0,0,0,2,1,0,0,0,1,0,0,1,0,0,0,0,1,0,0,0,2,2,0,1,0,0,0,3,1,0,5,0,1,0,0,0,0,0,0,0,0,5,0,0,0,0,1,3,0
"COG5119",0,0,0,0,0,0,0,0,0,0,0,0,0,0,1,0,0,0,0,0,1,0,0,0,0,0,0,0,0,0,0,1,0,0,0,0,0,0,0,0,0,0,0,0,0,0,0,0,0,0,0,0,0,0,0,0,0,0,0,0,0,0,2,0,0,0,0,0,0,0,0,0,0,0,0,0,1,0,0,0,0,0,0,0,0,0,0,0,0,1,0,0,0,0,0,0,2,0,0,1
"COG5120",0,0,0,0,2,0,0,0,0,0,0,1,0,3,0,0,1,0,0,0,0,0,0,0,0,0,0,0,0,0,0,0,0,0,1,0,0,0,0,0,0,0,0,0,0,0,0,0,0,0,0,0,0,0,0,0,0,0,0,1,0,0,0,0,0,0,0,0,0,0,0,0,0,0,0,1,0,0,0,0,0,1,0,3,0,0,0,0,0,0,0,0,4,0,0,0,0,3,0,0
"COG5122",0,0,0,0,0,0,0,0,1,1,0,2,0,0,0,1,1,0,0,0,0,2,0,0,0,0,0,0,0,0,0,4,0,0,1,0,0,1,0,0,0,0,0,0,0,0,0,0,0,0,0,0,0,0,0,0,0,0,0,0,0,0,0,0,0,0,0,1,0,0,0,1,0,0,0,1,1,0,1,0,0,5,0,1,0,0,0,0,0,0,0,0,7,0,0,0,0,3,1,0
"COG5123",0,0,0,0,0,0,0,0,0,0,0,1,0,0,0,0,0,0,0,0,1,0,0,0,0,0,0,0,0,0,0,1,0,0,1,0,0,0,0,0,0,0,0,0,0,0,0,0,0,0,0,0,0,0,2,0,0,0,0,0,0,0,0,0,0,0,0,0,0,0,0,0,0,0,1,1,0,0,1,1,0,0,0,4,0,0,0,0,0,0,0,0,2,0,0,0,0,0,1,0
"COG5124",0,0,0,0,4,0,0,0,0,0,0,0,0,1,0,0,0,1,0,0,1,0,0,0,0,0,1,0,0,0,0,0,0,0,1,0,0,1,0,1,0,0,0,0,0,0,0,0,1,0,0,0,0,1,2,0,0,0,0,1,0,0,0,0,0,0,1,0,0,0,1,2,0,0,0,2,1,0,1,0,0,6,0,2,0,0,0,0,0,0,0,0,3,0,0,0,0,6,0,0
"COG5125",0,0,0,0,0,0,0,0,0,0,0,0,0,0,0,0,0,0,0,0,0,0,0,0,0,0,0,0,0,0,0,0,0,0,0,0,0,0,0,0,0,0,0,0,0,0,0,0,0,0,0,0,0,0,0,0,0,2,0,0,0,0,0,0,0,0,0,0,0,0,0,0,0,0,1,0,0,0,0,0,0,0,0,0,0,0,0,0,0,0,0,0,0,0,0,0,0,0,0,0
"COG5126",1,1,1,4,25,1,10,3,8,9,0,22,0,15,0,11,2,14,5,2,12,54,1,6,3,2,5,2,6,32,1,16,10,3,39,1,0,26,7,20,5,13,0,4,1,20,0,5,28,12,6,24,8,7,15,9,1,2,3,12,2,2,10,17,1,0,22,20,11,50,2,27,11,13,7,20,37,1,29,14,11,81,6,37,6,0,3,4,3,3,8,2,64,14,3,6,16,106,27,16
"COG5127",0,0,0,0,4,0,1,0,0,0,0,1,0,2,0,0,1,2,0,0,3,1,0,0,0,0,1,0,0,2,0,4,1,0,4,0,0,1,0,0,0,0,0,0,0,1,0,1,2,0,0,1,0,0,1,1,0,0,0,1,0,0,0,0,0,0,0,0,0,0,0,1,0,3,0,2,3,0,4,0,0,3,0,6,0,0,0,0,0,0,0,0,3,2,0,1,1,8,2,1
"COG5128",0,0,0,0,0,0,0,0,0,0,0,0,0,1,0,0,0,0,0,0,2,2,0,0,0,1,0,0,0,1,0,4,0,0,3,0,0,2,0,1,0,0,0,0,0,1,0,0,2,0,0,0,0,0,1,0,0,0,0,0,0,0,0,0,0,0,0,0,0,0,0,0,0,1,0,1,0,0,0,0,0,1,0,1,0,0,0,0,0,0,0,0,2,0,0,0,0,3,0,0
"COG5129",0,0,0,0,2,0,0,0,0,0,0,1,0,0,0,0,0,0,0,0,0,2,0,0,0,0,0,0,0,0,0,0,0,0,1,0,0,1,0,0,0,0,0,0,0,0,0,0,1,0,0,0,0,0,1,0,0,0,0,0,0,0,0,0,0,0,0,0,0,0,0,0,0,0,0,0,0,0,0,0,0,0,0,0,0,0,0,0,0,0,0,0,0,0,0,0,0,2,0,0
"COG5132",0,0,0,0,0,0,0,0,0,0,0,1,0,0,0,0,0,1,0,0,0,1,0,0,0,0,0,0,0,0,0,2,1,0,2,0,0,0,0,0,0,0,0,0,0,1,0,0,0,0,0,2,0,0,0,0,0,0,0,0,0,0,0,0,0,0,0,0,0,0,0,1,0,0,0,2,0,0,1,0,0,5,0,5,0,0,0,0,0,0,0,0,2,0,0,0,0,7,1,0
"COG5133",0,0,0,0,0,0,0,0,0,0,0,3,0,2,0,0,0,2,0,0,0,1,0,0,0,0,0,0,0,0,0,1,0,0,2,0,0,0,0,0,0,0,0,0,0,0,0,0,0,0,0,0,0,0,1,1,0,0,0,0,0,0,0,0,0,0,0,0,0,0,0,2,0,0,0,1,0,0,1,0,0,4,0,2,0,0,0,0,0,0,0,0,1,0,0,0,0,1,2,0
"COG5134",0,0,1,0,4,0,0,0,0,0,0,0,0,4,0,0,0,0,0,0,0,3,0,1,0,0,1,0,0,5,0,0,0,0,4,0,0,2,0,1,0,1,0,2,0,2,0,0,2,0,0,2,0,0,6,0,0,0,0,0,0,0,0,0,0,0,0,1,0,0,0,3,0,1,1,3,2,1,4,0,0,14,0,5,0,0,0,0,0,0,0,0,5,1,0,0,0,4,6,0
"COG5135",8,1,63,7,1,8,68,63,18,15,1,11,2,34,19,55,44,43,28,5,58,1,4,10,35,32,23,0,39,33,21,22,33,9,33,14,0,34,39,6,2,56,10,19,8,15,0,46,5,11,5,32,1,17,42,26,2,43,4,33,2,4,82,35,0,1,40,34,7,0,3,14,41,21,95,30,48,6,6,30,7,33,31,10,6,1,26,0,22,4,1,2,20,14,11,32,115,60,67,36
"COG5137",0,0,0,0,0,0,0,0,0,0,0,1,0,1,0,0,0,1,0,0,0,1,0,1,0,0,0,0,0,0,0,1,1,0,1,0,0,2,0,0,0,0,0,0,0,1,0,0,2,0,0,0,1,0,1,0,0,0,0,0,0,0,0,0,0,0,0,0,0,0,0,1,1,0,0,1,1,0,0,0,0,2,0,2,0,0,0,0,0,0,0,0,2,1,0,0,0,2,0,0
"COG5138",0,0,0,0,1,0,0,0,0,0,0,0,0,0,0,0,0,0,0,0,0,0,0,0,0,0,0,0,0,0,0,0,0,0,0,0,0,0,0,0,0,0,0,0,0,0,0,0,1,0,0,0,0,0,1,0,0,0,0,0,0,0,0,0,0,0,0,2,1,0,0,0,0,0,0,0,0,0,0,0,0,1,0,1,0,0,0,0,0,0,0,0,0,0,0,0,0,0,0,0
"COG5139",0,0,0,0,2,0,0,0,1,0,0,0,0,2,0,0,0,1,0,0,1,1,0,0,0,2,1,0,0,1,0,0,0,0,2,0,0,2,0,1,0,0,0,0,0,1,0,0,4,0,1,2,0,1,1,0,0,0,0,0,0,0,0,0,0,0,0,0,0,0,0,0,0,0,0,3,0,0,4,1,1,5,0,5,0,1,0,0,0,0,0,0,7,0,0,0,0,9,0,1
"COG5140",0,0,4,1,2,1,1,2,2,1,0,2,2,6,2,4,1,8,3,1,2,5,0,3,0,3,3,0,3,2,0,7,2,3,6,0,0,5,0,2,0,0,0,5,0,4,0,2,7,1,0,3,1,2,6,1,7,2,0,1,0,0,1,2,3,1,3,2,1,2,0,5,0,6,5,7,9,0,6,5,3,8,1,10,2,1,4,3,0,1,6,1,3,2,1,0,1,11,7,4
"COG5141",0,0,4,0,8,1,0,0,0,4,0,8,0,11,0,0,1,6,0,0,10,2,2,3,1,3,4,0,0,3,0,9,3,2,12,1,0,16,0,13,0,2,0,1,0,6,0,0,6,0,0,15,1,0,16,2,0,0,0,2,0,0,1,0,0,0,3,1,1,2,0,14,3,0,1,18,2,0,27,9,3,44,1,14,1,0,0,0,0,1,0,1,95,1,0,2,1,30,19,1
"COG5142",0,0,1,0,0,0,0,0,0,0,0,1,0,2,0,0,0,1,0,0,2,3,0,0,0,0,0,0,0,3,0,1,0,0,1,0,0,1,0,1,0,1,0,0,0,0,0,0,0,0,0,1,0,0,4,0,0,0,0,2,0,0,0,0,0,0,0,0,0,2,0,2,0,1,0,0,1,0,1,0,0,2,0,1,0,0,0,0,0,1,0,0,5,0,0,0,1,4,1,1
"COG5143",0,0,0,0,2,0,1,1,0,0,0,7,0,7,1,1,0,3,0,2,3,5,0,0,0,0,2,0,0,3,0,2,2,0,5,0,0,8,1,2,0,1,0,0,0,1,0,0,1,0,1,5,0,0,2,1,0,0,0,0,0,0,0,0,0,0,1,4,0,2,0,1,0,0,0,3,0,0,2,0,0,24,0,3,0,0,0,1,0,2,0,0,7,1,0,0,2,19,6,0
"COG5144",0,0,0,0,3,0,0,0,0,1,0,1,0,3,0,0,0,1,0,0,1,1,0,0,0,1,1,0,1,0,0,1,1,0,3,0,0,2,0,0,0,1,0,0,0,1,0,0,2,0,0,2,0,0,2,0,0,0,0,1,0,0,0,0,0,0,0,2,1,1,0,3,0,0,0,3,0,0,2,0,0,15,0,1,0,0,0,0,0,0,0,0,7,0,0,1,0,6,3,0
"COG5145",0,0,0,0,0,0,0,0,0,0,0,1,0,1,0,0,0,0,0,0,0,0,0,1,0,0,0,0,0,0,0,0,0,0,0,0,0,0,0,0,0,0,0,0,0,0,0,0,0,0,0,0,0,0,0,0,0,0,0,0,0,0,0,0,0,0,1,0,0,0,0,0,0,0,0,0,1,0,0,0,0,0,0,0,0,0,0,0,0,0,0,0,0,1,0,0,0,0,0,0
"COG5146",0,0,0,0,8,0,0,8,0,1,0,0,0,2,0,1,0,4,3,1,3,1,1,0,0,2,2,1,1,1,0,8,1,0,5,0,0,4,1,4,0,4,0,0,0,4,0,0,4,0,0,3,0,6,5,1,0,2,0,1,0,0,0,1,1,0,0,3,1,0,0,2,4,0,1,6,5,1,3,1,0,8,2,3,0,0,1,8,0,0,0,0,4,1,1,1,0,10,3,1
"COG5147",0,0,2,0,26,0,2,0,5,6,0,20,0,35,1,0,4,18,2,0,23,35,0,9,4,7,4,1,3,13,1,27,6,4,34,2,0,32,3,14,0,13,0,2,0,18,0,5,26,0,5,11,2,2,24,2,0,0,0,7,0,0,3,2,0,0,4,9,3,142,1,21,5,4,7,23,19,0,31,2,2,86,0,38,6,0,0,6,0,2,0,1,62,3,0,1,3,66,48,3
"COG5148",0,0,0,0,3,0,0,0,0,0,0,0,0,1,0,0,0,5,1,0,5,3,0,0,0,0,1,0,0,0,0,1,0,0,2,0,0,2,0,0,0,1,0,0,0,1,0,0,2,0,0,0,0,0,1,0,0,0,0,0,0,1,0,0,0,0,0,1,1,1,0,0,1,0,0,0,2,0,1,0,1,10,0,3,0,0,0,0,1,0,0,0,2,1,0,1,0,4,1,0
"COG5149",0,0,0,0,0,0,0,0,0,0,0,0,0,0,0,0,0,0,0,0,0,0,0,0,0,0,0,0,0,0,0,0,0,0,0,0,0,0,0,0,0,0,0,0,0,0,0,0,0,0,0,0,0,0,0,0,0,0,0,0,0,0,0,0,0,0,0,1,0,0,0,0,0,0,0,0,0,0,0,0,0,0,0,0,0,0,0,0,0,0,0,0,0,0,0,0,0,0,0,0
"COG5150",0,0,0,0,1,0,0,0,0,0,0,0,0,0,0,0,0,0,0,0,0,0,0,0,0,0,0,0,0,0,0,2,0,0,2,0,0,3,0,1,0,0,0,0,0,1,0,0,2,0,0,0,1,0,0,0,0,0,0,0,0,0,0,0,0,0,0,0,0,0,0,2,0,0,0,4,0,0,1,0,0,4,0,2,1,0,0,0,0,0,0,0,2,1,0,0,0,3,2,0
"COG5151",0,0,0,0,2,0,0,0,0,1,0,3,0,6,0,0,0,6,0,0,2,3,0,1,0,0,1,0,0,0,0,0,0,1,5,0,0,3,0,1,0,0,0,0,0,0,0,0,5,0,0,4,0,0,2,0,0,0,0,0,0,0,0,0,0,0,0,0,1,0,1,2,0,1,1,1,0,0,1,1,0,6,0,2,0,0,0,0,0,0,0,0,5,0,0,0,0,6,3,0
"COG5152",0,0,0,0,0,0,0,0,1,0,0,1,0,4,0,0,0,2,0,0,0,1,0,1,0,0,1,0,0,0,0,1,0,0,5,1,0,1,1,0,0,1,0,0,0,4,0,0,1,0,0,1,1,1,1,2,0,0,0,0,0,0,0,0,0,0,1,0,0,0,0,5,0,0,0,5,0,0,5,1,0,6,0,3,0,0,0,0,0,0,0,0,5,1,0,0,0,6,4,0
"COG5154",0,0,0,0,0,0,0,1,1,0,0,0,0,0,0,0,0,1,0,0,4,0,0,1,0,0,0,0,0,1,0,1,2,0,2,0,0,5,1,0,0,0,0,1,0,2,0,0,1,0,0,2,0,0,1,0,0,0,0,2,0,0,0,0,0,0,0,4,0,2,0,3,1,0,1,2,0,0,1,0,0,11,0,1,0,0,1,0,0,0,0,0,2,0,0,0,0,9,2,0
"COG5155",0,0,0,2,0,0,0,0,0,1,0,9,1,4,0,0,1,1,1,1,0,4,0,2,0,0,3,0,0,19,0,6,3,0,9,0,0,6,1,4,0,0,0,0,0,5,0,3,9,0,0,12,2,0,2,0,0,0,0,6,0,0,2,1,0,0,0,2,0,1,0,2,0,6,0,6,3,0,12,0,0,9,0,4,1,0,1,1,0,0,0,0,28,8,0,0,2,17,0,5
"COG5156",0,0,0,0,0,0,0,0,0,0,0,4,0,4,0,0,0,2,0,0,0,1,0,0,0,1,0,0,0,0,0,2,0,0,4,0,0,1,0,1,0,0,0,0,0,0,0,0,2,0,0,2,0,0,0,0,0,0,0,1,0,0,0,0,0,0,0,0,0,0,0,0,0,0,0,6,1,0,2,1,0,5,0,4,0,0,0,0,0,0,0,0,5,0,0,0,0,3,3,0
"COG5157",0,0,0,0,0,0,1,0,0,0,0,0,0,1,0,0,0,1,0,0,1,1,0,1,0,0,0,0,0,1,0,1,1,0,1,0,0,2,0,2,0,0,0,0,0,1,0,0,1,0,0,4,0,0,2,0,0,0,0,1,0,0,0,0,0,0,0,0,1,1,0,1,0,0,1,1,0,0,1,0,0,6,0,0,0,0,0,1,0,0,0,0,5,0,0,0,0,9,4,0
"COG5158",0,0,5,0,15,1,0,0,1,0,0,7,0,12,0,2,1,10,0,2,14,12,0,4,1,3,6,1,2,21,0,14,8,2,21,0,0,24,2,15,0,6,0,2,0,9,0,0,16,0,0,13,3,0,13,3,0,1,0,7,0,0,2,0,0,0,3,1,0,5,1,14,2,7,4,15,11,0,30,4,0,51,0,17,1,0,0,2,0,0,1,1,43,8,0,1,0,37,15,1
"COG5159",0,0,0,0,9,0,0,0,1,1,0,3,0,6,0,2,1,6,0,0,2,3,0,2,0,1,3,0,1,3,0,6,3,1,9,0,0,8,0,6,0,1,0,1,0,3,0,1,5,0,0,3,0,0,8,1,0,1,0,2,0,0,1,0,0,0,1,0,0,0,0,6,1,2,2,7,6,0,8,2,0,14,0,8,1,0,3,1,0,1,0,0,12,1,0,0,2,12,13,0
"COG5160",1,0,1,0,7,0,3,2,1,5,0,8,0,6,2,1,0,9,3,0,6,12,0,1,2,1,5,0,0,6,0,9,5,1,14,0,0,8,2,5,0,3,0,1,0,6,0,0,5,2,0,6,1,1,3,2,0,1,0,3,0,0,0,0,0,0,7,1,1,2,1,6,2,4,0,4,6,0,5,1,0,16,0,8,0,0,0,0,0,0,1,0,15,1,2,0,0,15,9,0
"COG5161",0,0,0,0,4,0,0,0,0,0,0,4,0,2,0,0,2,6,0,0,5,0,0,2,0,0,3,0,0,2,0,6,1,0,7,0,0,3,0,2,0,1,0,0,0,1,0,1,6,0,0,8,1,1,6,0,0,0,0,0,0,0,0,0,0,0,0,2,0,0,0,9,1,0,4,9,2,0,5,0,1,17,0,7,0,0,0,0,0,1,0,0,20,1,0,1,0,5,11,0
"COG5162",0,0,0,0,0,0,0,0,0,1,0,1,0,0,0,0,0,1,0,0,0,0,0,0,0,0,0,0,0,0,0,0,0,0,0,0,0,1,0,0,0,0,0,0,0,1,0,0,0,0,0,0,0,0,1,0,0,0,0,0,0,0,0,0,0,0,0,0,0,0,0,0,0,0,0,1,0,0,0,0,0,2,0,1,0,0,0,0,0,0,0,0,1,0,0,0,0,1,0,0
"COG5163",0,0,1,0,2,0,0,0,0,0,0,1,0,3,0,0,0,1,1,0,3,1,0,1,0,0,0,0,0,1,0,2,1,0,2,0,0,4,0,2,0,2,0,0,0,1,0,0,3,0,0,1,0,0,3,2,0,0,0,1,0,0,0,0,0,0,0,2,1,1,0,3,0,0,0,6,4,0,1,0,1,13,0,4,0,0,1,0,1,1,0,0,15,0,0,0,1,6,5,0
"COG5164",0,0,0,0,2,0,0,0,0,0,0,4,0,3,0,1,1,9,1,0,3,1,0,2,2,2,1,0,0,6,1,4,1,0,8,3,0,8,0,5,0,1,0,0,0,3,0,2,6,0,0,5,2,0,7,1,0,0,0,0,0,0,0,0,0,0,1,2,1,1,0,5,0,3,1,8,6,1,9,1,0,15,0,7,0,0,1,0,1,0,0,0,7,2,0,0,1,27,6,0
"COG5165",0,0,0,0,4,0,0,0,0,0,0,0,0,2,0,0,0,4,0,1,3,2,0,1,0,1,1,0,0,0,0,1,0,1,4,0,0,1,0,1,0,0,0,0,0,5,0,0,3,0,1,1,1,0,0,0,0,0,0,0,0,0,0,0,0,0,1,1,0,0,0,1,0,2,1,6,4,0,1,1,0,13,0,3,0,0,0,0,0,1,0,0,5,1,0,0,0,7,3,2
"COG5167",0,0,0,0,1,0,0,0,0,0,0,0,0,0,0,0,0,0,0,0,0,0,0,0,0,0,0,0,0,0,0,1,0,0,0,0,0,0,0,1,0,0,0,0,0,1,0,0,0,0,0,0,0,0,0,1,0,0,0,0,0,0,0,0,0,0,0,0,0,0,0,2,0,0,0,1,0,0,0,0,0,3,0,3,0,0,0,0,0,0,0,0,0,0,0,0,0,3,0,0
"COG5169",0,0,0,1,3,0,0,0,1,4,0,7,0,3,1,1,0,4,0,0,1,8,0,1,1,0,0,0,0,3,0,5,0,0,4,0,0,3,1,2,0,1,0,0,0,8,0,0,2,0,0,1,0,0,4,0,0,0,0,1,0,0,0,0,0,0,1,3,0,1,0,4,1,2,4,4,4,0,5,1,0,5,0,2,0,0,1,0,0,1,0,0,4,3,0,0,0,12,5,4
"COG5170",0,0,1,0,1,0,1,0,0,0,0,2,0,2,0,0,1,4,0,0,1,0,0,1,0,2,0,0,0,1,0,0,0,1,2,0,0,1,0,0,0,1,0,0,0,1,0,0,4,0,0,2,0,0,3,0,0,0,0,0,0,0,0,0,0,0,0,0,0,1,0,3,0,0,0,6,2,0,1,2,0,4,0,2,0,0,0,0,0,0,0,0,10,0,0,0,2,6,9,1
"COG5171",0,0,0,0,1,0,0,0,0,0,0,0,0,2,0,0,0,1,0,0,0,0,0,0,1,0,0,0,0,0,0,2,0,0,1,0,0,1,0,0,0,0,0,0,0,0,0,1,1,0,0,1,0,0,2,0,0,1,0,0,0,0,0,0,0,0,1,0,0,0,0,0,0,0,0,2,1,0,0,0,0,2,0,0,1,0,0,0,0,0,0,0,3,0,0,0,0,0,2,0
"COG5173",0,0,0,0,0,0,0,0,0,0,0,2,1,0,0,0,0,0,0,0,0,0,0,0,0,0,4,0,0,1,0,0,1,0,1,0,0,0,0,0,0,0,0,0,0,0,0,0,0,0,0,3,0,0,0,0,0,0,0,0,0,0,0,0,0,0,0,0,0,0,0,0,0,1,0,0,1,0,0,0,0,0,0,0,0,0,0,0,0,0,0,0,0,0,0,0,0,1,0,1
"COG5174",0,0,0,0,0,0,0,0,0,0,0,0,0,0,0,0,0,0,0,0,0,0,0,0,0,0,0,0,0,0,0,0,0,0,0,0,0,0,0,0,0,0,0,0,0,0,0,0,0,0,0,0,0,0,0,0,0,0,0,0,0,0,0,0,0,0,0,0,0,0,0,0,0,0,0,0,0,0,0,0,0,0,0,0,0,0,0,0,0,1,0,0,0,0,0,0,0,0,0,0
"COG5175",0,0,1,1,0,0,0,0,0,0,0,1,0,1,0,0,1,2,0,0,2,1,0,0,0,0,0,0,0,0,0,3,1,0,3,0,0,1,0,0,0,0,0,0,0,0,0,0,4,0,0,1,0,0,0,0,0,0,0,0,0,0,0,0,0,0,0,0,0,2,0,4,0,0,0,0,0,0,2,0,0,6,0,1,0,0,0,0,0,0,0,0,5,0,0,0,0,4,0,0
"COG5176",0,0,2,0,5,0,0,0,0,0,0,5,0,4,0,0,1,2,0,1,4,6,0,1,1,1,1,0,0,5,0,5,1,0,11,0,0,5,0,2,0,1,0,0,0,2,0,1,5,0,0,5,2,0,10,0,0,0,0,1,0,0,0,0,0,0,0,1,0,0,0,3,0,5,1,0,1,0,3,0,1,15,0,12,0,0,0,1,0,1,0,1,13,1,0,0,2,17,10,1
"COG5177",0,0,0,0,3,0,0,0,0,0,0,1,0,2,0,1,0,2,0,0,5,0,0,1,0,2,0,0,0,4,0,1,1,0,3,0,0,9,0,5,0,4,0,0,0,2,0,0,4,0,0,3,0,0,3,1,0,0,0,2,0,1,0,0,0,0,0,3,0,0,0,3,0,1,0,6,1,0,3,0,0,19,0,10,0,0,2,0,0,0,0,0,10,1,0,1,0,10,5,0
"COG5178",0,0,3,1,10,2,0,0,0,1,0,3,0,15,0,2,0,17,0,1,7,6,0,4,0,0,4,0,0,4,1,6,1,2,17,1,0,8,1,8,0,5,0,1,0,4,0,1,11,0,0,9,1,0,11,2,0,1,0,1,0,0,1,3,0,0,3,11,1,4,0,14,0,1,5,8,15,0,8,2,2,40,1,11,1,0,0,0,1,0,1,0,42,2,0,0,1,27,10,0
"COG5179",0,0,1,0,3,1,0,0,0,0,0,6,0,6,0,0,1,7,0,0,2,0,0,2,0,1,2,0,1,1,0,8,2,0,9,1,0,9,0,8,0,4,0,1,0,8,0,0,6,0,0,9,0,0,7,0,0,0,0,1,0,0,0,0,0,0,1,1,2,0,0,7,1,0,0,8,2,0,3,2,1,30,0,8,0,0,0,0,0,2,0,0,7,0,0,0,0,18,5,0
"COG5180",0,0,0,0,0,0,0,0,0,0,0,1,0,2,0,0,0,3,0,0,1,0,0,1,0,0,0,0,0,1,0,2,1,0,5,0,0,4,1,1,0,0,0,0,0,1,0,0,1,0,0,1,0,0,3,0,0,0,0,0,0,0,0,0,0,0,0,1,0,0,0,1,0,0,1,0,1,0,1,0,0,4,0,4,0,0,0,0,0,0,0,0,7,0,0,0,0,3,3,0
"COG5181",0,0,6,1,3,0,0,0,0,2,0,3,0,8,0,0,3,8,0,0,4,0,0,1,1,0,0,0,0,2,0,8,0,0,5,0,0,7,0,5,0,2,0,0,0,1,0,0,2,0,2,2,0,0,4,3,0,1,0,1,0,1,0,1,0,0,2,1,1,0,0,2,0,2,0,6,5,0,5,1,3,15,0,5,1,0,1,0,0,0,0,0,23,1,0,0,0,20,4,0
"COG5182",0,0,1,0,0,0,0,0,0,0,0,1,0,3,0,0,0,1,1,0,5,1,0,0,0,0,0,0,1,0,0,2,1,1,1,0,0,1,0,1,0,0,0,0,0,1,0,1,1,0,0,2,0,0,1,1,0,0,0,2,1,0,0,0,0,0,0,0,0,0,0,3,0,0,0,2,2,0,0,0,0,8,1,5,0,0,0,0,0,0,0,0,2,0,0,0,1,3,3,2
"COG5183",0,0,0,0,0,1,0,0,0,1,0,0,0,2,4,2,0,0,1,0,2,0,0,0,0,0,1,0,1,0,0,0,0,0,1,0,0,0,1,0,0,0,0,3,0,1,0,0,0,0,4,2,0,4,2,0,0,1,0,0,0,0,2,0,1,0,0,1,0,0,0,0,0,0,1,0,3,0,0,0,3,1,1,0,2,0,2,6,0,0,3,0,0,0,0,0,0,1,1,1
"COG5184",43,106,123,70,280,56,80,78,97,91,44,479,124,294,28,97,48,237,33,30,199,94,142,107,85,189,146,177,147,227,33,312,178,191,201,63,71,311,137,238,97,130,23,92,55,303,98,126,280,313,172,182,197,56,257,166,149,165,60,267,64,62,308,98,77,43,162,273,196,36,59,189,103,201,86,188,103,32,323,150,117,609,55,305,95,53,112,101,98,91,222,50,382,124,49,33,217,185,207,119
"COG5185",0,0,0,0,0,0,0,0,0,0,0,0,0,0,0,0,0,0,0,0,0,0,0,0,0,0,0,0,0,0,0,0,0,0,2,0,0,0,0,0,0,0,0,0,0,0,0,0,0,0,0,0,0,0,0,0,0,0,0,0,0,0,0,0,0,0,0,0,0,0,0,0,0,0,0,0,0,0,0,0,0,0,0,1,0,0,0,0,0,0,0,0,0,0,0,0,0,0,0,0
"COG5186",0,0,2,0,3,0,1,0,0,3,0,1,0,2,1,1,1,3,0,1,3,4,0,1,1,1,0,0,0,2,0,2,0,0,8,0,0,2,1,1,0,1,0,0,1,1,0,0,0,0,0,4,0,0,8,0,0,0,0,1,0,0,0,0,0,0,4,1,0,2,0,0,0,2,1,4,1,0,2,0,0,17,0,4,0,0,0,0,0,2,0,0,15,0,0,0,0,8,5,0
"COG5187",0,0,1,0,2,0,1,0,2,0,0,3,0,4,0,0,0,6,1,1,5,1,0,2,0,1,0,0,0,5,0,5,1,0,4,1,0,6,0,5,0,0,0,0,0,1,0,0,4,0,0,3,0,0,7,1,0,0,0,1,0,0,0,0,0,0,1,1,0,2,0,5,0,0,0,6,3,0,4,0,1,14,0,6,0,0,0,0,0,0,0,0,4,1,0,0,1,21,4,0
"COG5188",0,0,0,0,1,0,1,0,0,0,0,2,0,3,0,0,0,3,0,0,1,1,0,0,0,1,1,0,0,2,0,3,1,0,0,0,0,3,0,1,0,2,0,0,0,2,0,0,1,0,0,0,0,0,6,1,0,0,0,2,0,0,0,0,0,0,0,2,0,0,0,4,0,0,0,3,1,0,1,1,0,7,0,4,0,0,0,0,0,0,0,0,8,1,0,0,0,11,5,0
"COG5190",0,0,6,1,11,1,2,0,1,1,0,9,0,9,0,0,0,9,0,0,14,5,0,2,0,0,0,0,1,2,0,6,2,1,7,0,0,15,0,9,0,7,0,0,0,3,0,0,14,0,1,13,1,0,14,0,0,1,0,2,0,0,0,0,0,0,0,5,2,8,0,10,0,0,2,19,3,0,12,1,1,35,0,11,1,0,1,6,2,1,2,0,27,1,0,1,1,13,16,3
"COG5191",0,0,0,0,0,0,0,0,0,0,0,0,0,1,0,0,0,0,0,0,2,0,0,1,0,0,0,0,0,2,0,0,0,0,1,0,0,3,0,2,0,1,0,0,0,1,0,0,2,0,0,2,0,0,2,0,0,0,0,1,0,0,0,0,0,0,1,0,0,1,0,3,1,0,2,0,0,0,2,0,0,1,0,5,0,0,1,0,0,0,0,0,5,0,0,0,0,5,3,0
"COG5192",0,0,3,1,11,0,0,0,0,1,0,4,0,1,0,0,2,6,0,0,4,0,0,4,0,2,0,0,0,0,0,4,2,0,4,0,0,11,0,5,0,4,0,1,0,4,0,0,3,0,0,3,0,0,5,0,0,0,0,0,0,0,0,0,0,0,0,2,0,0,0,2,0,2,1,4,2,0,4,1,0,10,0,3,0,0,0,0,0,0,0,0,18,0,0,0,0,24,11,0
"COG5193",0,0,0,0,2,0,1,0,0,0,0,0,0,1,0,0,0,2,0,0,2,1,0,0,1,1,1,0,0,0,0,0,0,0,1,1,0,3,0,1,0,0,0,0,0,0,0,0,2,0,0,0,0,0,2,0,0,1,0,0,0,0,0,0,0,0,0,1,1,1,0,2,0,0,0,2,6,0,1,1,0,10,0,1,0,0,1,0,0,0,0,0,4,0,0,0,0,5,6,0
"COG5194",0,0,1,0,1,0,1,0,0,1,0,1,0,1,0,1,0,2,0,0,1,1,0,0,0,0,0,0,0,0,0,1,0,0,2,0,0,0,0,2,0,1,0,0,0,6,0,0,1,0,0,0,0,0,0,0,0,0,0,1,0,0,1,0,0,0,0,0,0,0,0,2,0,0,1,0,0,0,0,0,0,1,0,1,0,0,0,0,0,1,0,0,2,0,0,0,0,2,2,0
"COG5196",0,0,0,1,2,0,0,0,0,0,0,2,0,1,0,0,1,1,0,0,1,7,0,0,0,1,1,0,1,4,1,1,0,0,2,0,0,6,0,0,0,2,0,0,0,2,0,0,1,0,0,1,0,0,3,1,0,0,0,2,0,0,0,0,0,0,0,0,1,1,0,1,0,0,1,2,1,0,1,1,0,1,0,1,0,0,0,0,0,0,0,0,6,0,0,0,0,3,1,0
"COG5197",0,0,1,0,2,0,0,0,0,0,0,0,0,2,0,0,0,1,0,0,0,0,0,1,0,0,0,0,0,0,0,1,0,0,1,0,0,1,0,1,0,1,0,0,0,1,0,0,0,0,0,1,0,0,1,0,0,0,0,0,0,0,0,0,0,0,0,1,1,0,0,0,1,0,0,0,1,0,4,0,0,2,0,3,0,0,0,0,0,0,0,0,2,0,0,0,0,3,6,0
"COG5198",0,0,1,1,2,0,0,0,0,0,0,1,0,0,0,0,0,1,0,0,4,1,0,2,0,0,0,0,0,2,0,1,2,0,2,0,0,2,0,1,0,0,0,0,0,1,0,1,3,0,0,2,0,0,0,0,0,0,1,0,0,0,0,0,0,0,0,0,0,1,0,3,0,1,1,2,0,1,2,1,0,4,0,3,0,0,0,0,0,1,0,0,11,0,0,0,0,9,1,0
"COG5199",0,0,0,0,3,0,0,0,0,0,0,1,0,0,0,0,1,0,0,0,0,4,0,1,0,0,0,0,0,0,0,1,0,0,3,0,0,0,0,1,0,0,0,0,0,0,0,0,0,0,0,0,0,0,0,0,0,0,0,0,0,0,0,0,0,0,0,0,0,3,0,1,0,0,0,0,3,0,1,0,0,0,0,0,0,0,0,0,0,0,0,0,1,0,0,0,0,1,0,0
"COG5200",0,0,0,0,2,0,0,0,0,0,0,0,0,1,0,0,0,2,0,0,0,3,0,0,0,0,1,0,0,1,0,3,0,0,3,0,0,0,0,0,0,0,0,0,0,0,0,0,2,0,0,0,0,0,2,1,0,0,0,0,0,0,0,1,0,0,0,0,1,0,0,0,0,3,0,0,1,0,0,1,0,9,0,1,0,0,0,0,0,0,0,0,0,2,0,1,0,7,3,0
"COG5201",0,0,0,0,3,0,3,0,0,2,0,0,1,2,0,1,0,1,1,0,2,7,0,1,0,1,0,0,2,0,0,0,0,1,3,0,0,2,0,2,0,2,0,2,0,3,0,0,0,2,0,1,0,0,1,0,2,0,0,1,0,0,1,0,1,0,1,0,3,125,0,0,1,1,0,1,2,0,4,0,1,1,0,3,4,0,1,2,1,0,0,0,2,0,1,0,0,3,1,0
"COG5202",0,0,2,0,2,0,0,0,0,0,0,0,0,1,0,1,0,1,0,0,0,0,0,1,0,0,0,0,0,0,1,3,0,1,0,0,0,2,0,0,0,0,0,0,0,0,0,0,0,0,0,1,0,0,2,0,0,0,0,0,0,0,0,0,0,0,0,1,2,0,0,3,1,0,1,3,0,0,3,0,0,6,0,2,0,0,0,0,0,0,0,0,6,0,0,0,0,2,3,0
"COG5204",0,0,0,0,0,0,0,0,0,0,0,1,0,0,0,0,0,0,0,0,1,0,0,0,0,0,0,0,0,1,0,0,0,0,0,0,0,0,0,0,0,0,0,0,0,0,0,0,1,0,0,0,0,0,0,0,0,0,0,0,0,0,0,0,0,0,0,0,0,0,0,0,0,1,0,0,1,0,0,0,0,0,0,1,0,0,0,0,0,0,0,0,0,0,0,0,0,0,2,0
"COG5206",0,0,0,0,1,0,0,0,0,0,0,1,0,1,0,0,0,2,0,0,1,1,0,0,0,0,2,0,0,0,0,2,1,0,1,0,0,0,0,0,0,0,0,0,0,0,0,1,1,0,0,0,0,0,1,0,0,0,0,0,0,0,2,0,0,0,1,1,0,1,0,3,1,1,0,5,0,0,1,0,0,5,0,3,0,0,0,0,0,0,0,0,8,0,0,0,0,8,1,0
"COG5207",0,0,1,2,3,0,0,0,1,1,0,4,0,1,0,0,0,2,1,0,4,3,0,1,0,0,0,0,0,1,0,2,1,2,6,0,0,8,0,5,0,3,0,0,0,1,0,1,2,0,0,5,0,0,1,0,0,0,0,2,0,0,0,0,0,0,0,1,1,1,1,4,0,0,0,7,2,0,2,1,1,15,0,5,1,0,3,0,0,0,0,0,8,0,0,0,0,7,7,1
"COG5208",0,0,0,0,3,0,1,0,0,0,0,2,0,0,0,0,0,1,0,0,0,1,0,1,0,1,2,0,0,2,0,1,0,0,1,0,0,2,0,0,0,0,0,0,0,1,0,0,0,0,0,1,0,0,3,0,0,0,0,0,0,0,0,0,0,0,1,0,0,0,0,1,1,1,1,1,0,0,0,0,0,11,0,3,0,0,0,0,0,0,0,0,3,0,0,0,0,4,0,0
"COG5209",0,0,0,0,3,0,1,0,0,1,0,3,0,0,0,1,1,2,0,0,2,0,0,1,0,0,1,0,1,2,0,1,0,0,4,0,0,4,0,1,0,0,0,0,0,2,0,1,2,0,0,1,0,0,0,0,0,0,0,1,0,0,1,0,0,0,0,0,1,2,0,2,0,2,2,2,0,0,3,0,0,7,0,4,0,0,0,0,0,0,0,0,5,0,0,2,1,5,3,0
"COG5210",0,0,2,2,19,2,1,0,7,8,0,11,1,15,2,5,4,20,2,1,8,37,0,8,4,7,10,1,2,15,0,13,7,0,38,0,0,18,2,18,0,7,0,2,0,13,0,2,19,0,0,16,0,3,16,2,0,1,0,2,0,0,1,1,0,0,6,5,2,13,2,11,5,5,4,19,10,0,18,5,3,38,1,14,2,0,0,0,1,0,0,0,50,6,0,0,0,38,28,3
"COG5211",0,0,2,0,2,0,0,0,0,0,0,1,0,0,0,0,0,0,0,0,0,0,0,0,0,0,0,0,0,0,0,0,0,0,1,0,0,0,0,0,0,1,0,0,0,0,0,0,0,0,0,0,0,0,0,0,0,0,0,0,0,0,0,0,0,0,0,0,0,0,0,0,0,0,0,0,0,0,3,0,1,1,0,1,0,0,0,0,0,0,0,0,6,1,0,0,0,5,1,0
"COG5212",0,1,0,0,0,0,0,0,0,0,1,0,3,1,1,0,0,0,0,0,0,0,1,0,0,0,0,0,0,2,9,0,1,0,0,0,16,0,0,1,0,0,1,0,0,0,4,0,0,0,2,0,4,0,1,0,1,0,2,1,0,0,0,0,1,6,0,0,2,0,0,2,0,0,0,0,0,0,0,0,0,0,0,0,0,0,2,3,0,0,1,0,0,0,0,0,0,0,1,0
"COG5213",0,0,0,0,0,0,0,0,0,0,0,0,0,0,0,0,0,0,0,0,0,0,0,0,0,0,0,0,0,0,0,0,0,0,1,0,0,0,0,0,0,0,0,0,0,0,0,0,0,0,0,1,0,0,0,0,0,0,0,0,0,0,0,0,0,0,1,0,0,1,0,0,0,0,0,0,0,0,0,0,0,0,0,0,0,0,0,0,0,0,0,0,0,0,0,0,0,0,0,0
"COG5214",0,0,1,0,3,0,0,0,0,0,0,2,0,0,0,0,0,1,0,0,1,4,0,0,0,0,1,0,0,1,0,4,0,0,0,0,0,2,0,0,0,3,0,1,0,2,0,0,3,0,0,1,0,0,6,0,0,0,0,1,0,0,0,0,0,0,1,0,0,1,0,5,0,1,0,3,1,0,1,1,0,8,0,3,0,0,0,0,0,0,0,0,5,0,0,0,0,1,5,0
"COG5215",0,0,2,0,10,3,0,0,2,1,0,11,0,12,0,0,0,16,0,0,7,5,0,2,0,3,3,1,0,9,0,7,2,0,23,0,0,14,2,4,0,3,0,0,0,6,0,2,11,0,0,7,1,0,14,3,0,2,0,3,0,0,0,0,0,0,2,4,1,4,1,9,1,4,1,18,3,0,9,1,0,36,0,17,0,0,0,0,1,1,0,0,53,4,0,2,1,33,12,2
"COG5216",0,0,0,0,1,0,0,0,0,0,0,0,0,1,0,0,0,0,0,0,0,0,0,0,0,0,0,0,0,0,0,2,0,0,0,0,0,0,0,0,0,0,0,0,0,0,0,0,0,0,0,0,0,0,0,0,0,0,0,0,0,0,0,0,0,0,1,0,0,0,0,0,0,0,0,0,0,0,0,0,0,1,0,1,0,0,0,0,0,0,0,0,1,0,0,0,0,1,1,0
"COG5217",0,0,0,0,2,0,0,0,0,0,0,1,0,2,0,0,0,2,0,0,0,3,0,1,0,0,0,0,0,0,0,2,0,1,2,0,0,5,0,5,0,1,0,0,0,1,0,0,0,0,0,2,0,0,2,0,0,1,0,0,0,0,0,0,0,0,2,1,0,2,0,0,0,0,1,1,2,0,1,0,0,8,0,2,0,0,0,1,0,0,0,0,3,0,0,0,0,2,4,1
"COG5218",0,0,0,0,1,1,0,0,1,0,0,2,0,0,0,0,2,1,1,0,3,1,0,0,0,0,0,0,0,3,0,0,2,1,2,0,0,10,0,2,0,2,0,0,0,2,0,0,1,0,0,6,1,0,2,2,0,0,0,1,0,0,0,0,0,0,0,0,0,1,0,2,0,0,0,6,3,0,4,2,0,14,0,5,0,0,1,0,0,0,0,0,14,0,0,0,0,2,5,0
"COG5219",0,0,1,0,4,1,2,0,0,0,0,4,0,4,0,0,0,4,1,1,7,0,0,1,0,0,2,0,0,1,0,10,3,1,12,0,0,10,0,3,0,2,0,1,0,6,0,1,12,0,0,8,0,0,11,0,0,0,0,0,0,0,0,1,0,0,1,2,1,0,0,6,0,0,1,7,8,0,5,1,0,13,0,3,0,0,0,1,0,0,0,0,17,0,0,0,0,9,8,0
"COG5220",0,0,0,0,1,0,0,0,0,0,0,0,0,0,0,0,0,0,0,0,0,0,0,0,0,0,0,0,0,0,0,0,0,0,0,0,0,2,0,0,0,0,0,0,0,2,0,0,0,0,0,0,0,0,0,1,0,0,0,0,0,0,0,0,0,0,0,0,0,0,0,0,0,0,0,0,0,0,0,0,0,0,0,0,0,0,0,0,0,0,0,0,0,0,0,0,0,1,0,0
"COG5222",0,0,0,0,3,0,0,0,0,0,0,5,0,5,0,0,0,0,0,0,2,0,0,2,1,1,0,0,0,2,0,1,0,1,4,0,0,4,0,0,0,0,0,0,0,0,0,0,5,0,0,2,0,0,5,0,0,0,0,0,0,0,0,0,0,0,0,0,0,0,0,1,0,0,0,7,3,0,2,1,0,7,0,4,1,0,0,1,0,2,0,0,7,0,0,0,0,13,4,0
"COG5223",0,0,0,0,1,0,0,0,0,0,0,0,0,1,0,0,0,2,0,0,2,0,0,1,0,0,0,0,0,1,0,0,2,0,2,0,0,3,1,4,0,0,0,0,0,1,0,0,2,0,0,2,0,0,2,0,0,1,0,1,0,0,0,0,0,0,0,0,0,0,0,1,0,0,0,2,1,0,1,0,0,3,0,3,0,0,0,0,0,0,0,0,5,0,0,0,0,3,3,0
"COG5224",0,0,0,0,1,0,0,0,0,0,0,1,0,1,0,1,0,0,1,0,0,0,0,0,0,1,0,0,0,0,0,0,0,0,0,0,0,0,0,1,0,0,0,0,0,1,0,0,1,0,0,0,0,0,1,0,0,0,0,0,0,0,0,0,0,0,0,0,0,0,0,0,0,0,1,2,1,0,1,0,0,0,0,0,0,0,0,0,0,0,0,0,0,1,0,0,0,5,3,0
"COG5225",0,0,0,0,0,1,0,0,0,0,0,3,0,0,0,0,0,0,0,0,0,0,0,0,0,0,2,0,0,1,0,1,0,0,0,0,0,1,0,0,0,0,0,0,0,0,0,0,0,0,0,0,0,0,0,1,0,0,0,0,0,0,0,0,0,0,0,0,0,0,0,0,0,1,0,0,1,0,1,0,0,0,0,0,0,0,0,0,0,0,0,0,0,1,0,0,0,1,0,0
"COG5226",3,1,6,49,37,3,5,4,3,14,0,10,1,24,8,2,3,50,3,0,11,5,3,34,3,4,42,4,4,14,0,82,12,4,3,0,1,26,6,3,0,6,1,13,0,68,0,11,19,7,15,31,6,0,10,7,11,9,0,18,0,1,7,5,7,0,12,12,7,7,0,15,6,14,6,15,13,1,78,18,21,68,9,97,10,0,15,85,16,5,21,2,27,10,10,3,1,26,18,14
"COG5227",0,0,0,0,1,0,0,0,0,0,0,1,0,3,0,0,0,0,0,0,1,6,0,0,0,0,2,0,0,1,0,3,1,0,2,1,0,2,0,0,0,0,0,0,0,0,0,0,0,0,0,1,1,0,0,1,0,0,0,0,0,0,0,0,0,0,0,1,0,5,0,1,0,1,0,2,1,0,6,0,0,2,0,1,0,0,1,0,0,0,0,0,3,2,0,0,0,4,1,0
"COG5228",0,0,0,0,3,1,0,0,0,0,0,0,0,1,0,0,0,2,0,0,2,0,0,0,0,0,1,0,0,1,0,3,0,0,5,0,0,4,0,3,0,2,0,0,0,1,0,0,6,0,0,1,0,0,3,2,0,1,0,1,0,0,0,0,0,0,0,1,0,0,0,2,2,0,1,1,0,0,4,0,0,3,1,3,0,0,0,0,0,1,0,0,7,2,0,1,0,6,8,0
"COG5229",0,0,2,0,5,1,0,0,0,1,0,3,0,7,0,2,0,5,1,0,4,1,0,1,0,1,0,0,0,2,0,1,0,0,7,0,0,2,0,0,0,2,0,0,0,0,0,1,2,0,0,2,0,0,4,0,0,0,0,0,0,0,0,0,0,0,1,4,0,3,0,4,2,0,0,3,0,0,3,0,0,11,0,7,0,0,0,0,1,0,0,1,12,0,0,0,0,2,2,0
"COG5230",0,0,0,0,1,0,0,0,0,0,0,0,0,1,0,0,0,0,0,0,1,0,0,0,0,0,0,0,0,0,0,0,0,0,2,0,0,0,0,2,0,1,0,0,0,0,0,0,2,0,0,0,0,0,1,0,0,0,0,0,0,0,0,0,0,0,0,0,0,0,0,2,0,0,1,3,2,0,2,0,0,4,0,1,0,0,0,0,0,0,0,0,3,2,0,0,0,4,0,0
"COG5231",0,0,0,0,0,0,0,0,0,0,0,4,0,4,0,0,0,3,0,0,1,1,0,1,1,0,0,0,0,2,0,0,0,0,5,0,0,5,0,1,0,1,0,0,0,0,0,1,1,0,0,2,0,0,0,1,0,0,0,1,0,0,0,0,0,0,0,1,0,0,0,1,0,1,1,1,3,0,3,1,0,9,0,0,1,0,0,0,0,0,0,0,6,0,0,0,0,4,1,0
"COG5232",0,0,0,0,4,0,0,0,2,1,0,2,0,4,0,0,0,2,1,0,3,3,0,1,0,0,1,0,1,2,0,3,1,0,3,0,0,0,0,1,0,1,0,1,0,3,0,0,3,0,0,0,1,0,1,1,0,0,0,2,0,0,1,0,0,0,0,1,0,0,0,3,0,0,0,5,0,0,2,1,0,5,0,1,0,0,1,0,0,1,0,0,8,1,0,0,0,8,4,0
"COG5233",0,0,0,0,0,0,0,0,1,0,0,0,0,0,0,0,0,0,0,0,0,3,0,0,0,0,0,0,0,0,0,0,0,0,0,0,0,0,0,0,0,0,0,0,0,1,0,0,0,0,0,0,0,0,0,0,0,0,0,0,0,0,0,0,0,0,0,0,0,0,0,0,0,0,1,0,1,0,0,0,0,0,0,0,0,0,0,0,0,0,0,0,0,0,0,0,0,0,0,0
"COG5234",0,0,1,0,2,0,1,0,0,1,0,8,0,6,0,0,1,11,0,0,10,1,0,2,1,0,5,0,0,7,0,4,5,0,13,0,0,9,1,4,0,3,0,1,0,5,0,2,8,0,0,11,0,0,4,1,0,0,0,1,0,0,0,0,0,0,1,2,0,0,0,3,2,2,2,14,5,0,12,0,0,18,0,8,0,0,0,1,0,0,0,0,18,2,0,1,1,38,7,5
"COG5235",0,0,0,0,1,1,0,0,1,0,0,2,0,3,0,0,0,1,0,0,2,0,0,1,0,1,0,0,0,0,0,3,1,0,4,0,0,1,0,0,0,0,0,0,0,1,0,0,2,0,0,2,0,0,0,0,0,0,0,1,0,0,0,0,0,0,0,0,0,0,0,1,2,1,0,2,0,0,1,0,0,2,0,0,0,0,0,0,0,0,0,0,5,0,0,0,0,4,0,0
"COG5236",0,0,0,0,2,0,0,0,0,0,0,0,0,1,0,0,0,0,0,0,0,2,0,0,0,0,0,0,0,0,0,0,0,0,0,0,0,1,0,0,0,0,0,0,0,0,0,0,0,0,0,0,0,0,1,0,0,0,0,0,0,0,0,0,0,0,0,0,0,2,0,0,0,0,0,0,0,0,0,0,0,4,0,1,0,0,0,0,0,0,0,0,0,0,0,0,0,0,0,0
"COG5237",0,0,0,0,0,1,0,0,0,0,0,0,0,1,0,0,0,2,0,0,0,0,0,0,0,0,1,0,0,1,0,0,0,0,0,0,0,0,0,0,0,0,0,0,0,0,0,0,0,0,0,0,0,0,0,0,0,0,0,0,0,0,0,0,0,0,0,1,0,0,0,1,0,0,0,0,0,0,0,0,0,6,0,1,0,0,1,0,0,1,0,0,0,0,0,0,0,2,0,0
"COG5238",0,0,0,1,10,1,1,0,1,0,0,4,0,13,1,0,1,11,0,0,7,1,0,2,0,2,3,0,0,2,0,3,6,1,7,0,0,8,0,3,0,6,0,3,0,1,0,1,5,0,0,6,0,0,8,2,0,2,0,1,0,0,0,0,0,0,4,1,1,4,0,9,1,3,0,11,1,1,6,1,0,14,1,12,0,0,2,1,1,0,1,1,18,1,0,1,0,17,8,2
"COG5239",0,0,4,2,3,0,3,0,0,1,0,11,1,7,1,3,3,7,2,0,10,6,0,3,2,3,3,0,0,8,1,4,2,1,10,0,0,15,0,1,1,4,0,0,0,3,0,0,6,0,0,10,0,0,9,0,0,0,0,1,0,0,2,1,0,0,1,4,1,4,2,9,0,3,2,16,9,0,16,1,6,22,0,7,0,0,0,0,0,0,0,0,37,2,0,0,1,15,12,2
"COG5240",0,0,0,0,5,0,1,0,0,0,0,4,0,2,0,0,0,1,0,0,3,2,0,1,1,1,1,0,0,2,0,4,2,0,5,0,0,6,1,5,0,3,0,0,0,4,0,1,3,0,0,1,0,1,7,0,0,0,0,4,0,0,0,0,0,0,0,1,0,2,0,4,0,3,1,6,0,0,3,1,0,6,0,3,0,0,0,0,0,2,0,0,6,3,0,0,4,25,6,3
"COG5241",0,0,0,0,0,0,0,0,0,2,0,1,0,0,0,1,0,1,0,0,1,0,0,0,0,0,2,0,0,0,0,2,0,0,2,0,0,0,0,2,0,0,0,0,0,1,0,0,0,0,0,2,0,0,2,0,0,0,0,0,0,0,0,0,0,0,0,1,0,0,0,0,0,0,0,4,3,0,1,0,0,0,1,6,0,0,0,0,0,0,0,0,4,0,0,0,0,9,3,1
"COG5242",0,0,0,0,0,0,0,0,1,0,0,1,0,0,0,0,1,1,0,0,1,1,0,0,2,0,0,0,0,0,0,2,1,0,1,0,0,3,0,1,0,1,0,1,0,3,0,0,0,0,0,3,0,0,2,0,0,1,0,0,0,0,0,0,0,0,1,0,0,1,0,2,1,1,2,3,0,0,2,1,0,3,0,3,0,0,1,0,0,1,0,0,7,1,0,1,0,2,2,0
"COG5243",0,0,1,0,2,1,0,0,2,0,0,0,0,6,1,1,1,4,4,1,1,0,0,0,0,0,2,0,0,3,0,2,4,0,3,0,0,3,0,0,0,1,0,1,0,2,0,0,0,1,0,4,0,0,1,2,0,0,0,0,0,0,1,0,0,0,0,0,0,0,0,3,0,0,2,3,2,0,1,2,0,6,0,2,1,0,0,2,0,0,1,0,11,0,0,0,0,5,1,0
"COG5244",0,0,0,0,0,0,0,0,0,0,0,0,0,0,0,0,1,0,0,0,0,4,0,0,0,0,0,0,0,0,0,0,1,0,0,0,0,2,1,1,0,0,0,0,0,0,0,0,0,0,0,2,0,0,0,0,0,0,0,0,0,0,0,0,0,0,1,0,0,1,0,0,0,0,0,1,4,0,0,1,0,2,1,0,0,0,0,0,0,0,0,0,1,1,0,0,1,1,0,0
"COG5245",1,0,15,4,133,16,8,0,19,8,0,126,7,69,1,7,16,81,7,1,56,230,0,14,17,9,81,3,6,199,13,82,59,2,160,3,0,118,20,48,2,29,0,25,1,91,1,20,112,3,1,77,13,4,54,15,1,3,0,26,1,0,13,2,0,0,24,41,6,68,2,75,7,44,12,48,25,0,68,11,6,218,3,70,4,0,11,3,1,21,1,1,80,42,2,6,23,282,51,26
"COG5246",0,0,0,0,0,0,0,0,1,0,0,2,0,2,0,0,0,2,0,0,0,1,0,0,0,0,1,0,0,1,0,0,1,0,2,0,0,1,0,0,0,0,0,0,0,0,0,0,2,0,0,0,0,1,1,0,0,1,0,0,0,0,1,0,0,0,0,0,0,0,0,0,0,0,1,1,0,0,0,0,0,5,0,0,0,0,0,0,0,0,0,0,4,2,0,0,0,2,3,0
"COG5247",0,0,2,0,0,0,0,0,0,0,0,0,0,0,0,0,0,1,0,0,1,0,0,0,0,0,0,0,0,0,0,0,0,0,1,0,0,2,0,2,0,1,0,0,0,0,0,0,0,0,0,0,0,0,0,0,0,0,0,0,0,0,0,0,0,0,0,1,0,0,0,1,0,0,0,3,0,0,0,2,0,3,0,3,0,0,0,0,0,0,0,0,4,0,0,0,0,2,2,0
"COG5248",0,0,0,0,2,0,0,0,0,0,0,1,0,0,0,0,0,1,0,0,2,0,0,0,0,0,0,0,0,0,0,1,0,0,2,0,0,0,0,1,0,0,0,0,0,0,0,0,0,0,0,0,0,0,1,0,0,0,0,0,0,0,0,0,0,0,0,0,1,0,0,0,0,0,0,1,1,0,0,0,0,3,0,3,0,0,0,0,0,0,0,0,7,0,0,0,0,3,1,0
"COG5249",0,0,1,1,1,0,0,0,0,0,0,0,0,0,0,0,0,1,0,0,1,1,0,0,0,0,0,0,0,1,0,1,0,0,1,0,0,0,0,1,0,0,0,0,0,0,0,0,1,0,0,0,0,0,1,0,0,0,0,1,0,0,0,0,0,0,0,0,1,1,0,1,0,0,0,2,0,0,0,0,1,3,0,2,0,0,1,0,0,0,0,0,2,0,0,0,0,1,1,0
"COG5250",0,0,0,1,1,0,0,0,0,0,0,1,0,0,0,1,0,0,0,0,0,0,0,0,0,0,0,0,0,0,0,0,0,0,0,0,0,1,0,0,0,0,0,0,0,0,0,0,0,0,0,0,0,0,0,0,0,0,0,0,0,0,0,0,0,0,0,2,0,0,0,1,0,0,0,1,1,0,0,0,0,1,0,0,0,0,0,1,0,0,0,0,2,0,0,0,0,1,0,0
"COG5251",0,0,0,0,0,0,0,0,0,0,0,0,0,0,0,0,0,0,0,0,1,0,0,0,0,0,0,0,0,0,0,0,0,0,0,0,0,0,0,0,0,0,0,0,0,0,0,0,2,0,0,0,0,0,1,0,0,0,0,2,0,0,0,0,0,0,0,0,0,0,0,0,0,0,0,1,0,0,4,0,0,1,0,3,0,0,0,0,0,0,0,0,6,0,0,1,0,0,1,0
"COG5252",0,0,0,0,3,0,0,0,0,0,0,2,0,1,0,0,0,4,0,0,2,0,0,0,0,0,0,0,0,1,0,3,1,0,5,0,0,6,0,1,0,2,0,0,0,2,0,0,2,0,0,0,0,0,4,0,0,0,0,1,0,0,0,0,0,0,0,1,0,0,0,1,1,0,1,1,0,0,1,0,0,2,0,3,1,0,1,0,0,0,0,0,0,0,0,1,0,7,6,0
"COG5253",1,0,2,1,4,1,1,0,1,3,1,18,0,11,0,1,1,3,0,1,8,7,0,4,1,3,7,0,0,16,3,22,8,0,16,3,0,9,1,8,0,3,0,1,0,11,0,2,10,0,1,16,4,0,3,4,1,2,0,6,0,0,6,0,0,0,5,3,0,3,0,11,1,4,1,8,6,0,17,6,0,24,1,7,3,1,0,2,0,3,2,2,31,7,0,0,3,46,14,4
"COG5254",0,0,0,0,0,0,0,0,0,0,0,0,0,0,0,0,0,0,0,0,0,0,0,0,0,0,0,0,0,0,0,0,0,0,0,0,0,0,0,0,0,0,0,0,0,0,0,0,0,0,0,0,0,0,0,0,0,0,0,0,0,0,0,0,0,0,0,0,0,0,0,1,0,0,0,0,0,0,0,0,0,0,0,0,0,0,0,0,0,0,0,0,0,0,0,0,0,0,0,0
"COG5255",3,6,2,21,6,4,1,0,4,7,1,6,2,9,24,2,0,7,0,4,7,4,0,22,1,7,9,5,5,9,1,7,3,2,2,5,1,11,1,2,1,5,4,5,2,3,3,1,12,7,7,7,4,0,1,16,9,4,6,10,4,3,4,4,3,2,7,6,1,1,1,15,7,3,3,12,3,5,10,18,9,4,9,10,3,2,2,8,8,6,12,1,2,1,7,12,2,2,2,9
"COG5256",126,45,22,22,34,141,25,8,7,11,67,77,87,39,3,9,15,45,8,122,55,14,58,34,66,39,22,135,22,49,41,74,31,54,58,93,43,47,21,110,123,26,29,10,91,66,33,30,83,36,27,40,124,4,91,55,24,17,49,45,115,126,47,16,148,29,35,33,104,10,118,59,6,30,26,42,26,77,97,32,78,134,5,54,90,98,16,5,17,85,39,120,72,29,7,2,31,78,63,38
"COG5257",141,43,17,9,31,157,16,11,2,4,52,68,83,22,0,20,15,29,8,120,37,3,35,17,54,32,13,142,19,30,51,44,20,79,37,107,65,38,25,67,107,8,37,3,95,63,26,30,63,30,30,24,105,5,55,34,24,16,63,25,117,101,43,17,140,27,26,31,77,0,126,71,13,15,18,30,13,120,60,24,51,88,1,44,57,109,11,8,12,116,28,129,44,31,9,5,16,32,52,20
"COG5258",1,0,7,9,3,2,8,6,12,8,0,1,4,1,1,10,0,5,7,0,5,2,2,2,3,2,7,0,2,4,8,5,2,2,10,3,0,6,2,3,1,4,0,6,1,6,0,1,10,5,3,8,0,1,5,3,3,7,0,11,1,0,3,4,3,0,3,3,0,1,2,8,8,4,4,14,4,0,6,2,10,5,0,3,2,0,10,22,7,0,8,2,7,4,3,1,1,11,7,3
"COG5259",0,0,1,0,2,0,1,0,0,0,0,1,0,5,0,0,1,4,0,0,3,1,0,1,0,1,2,0,0,1,0,0,0,0,5,0,0,4,0,5,0,2,0,0,0,1,0,0,4,0,0,1,1,0,5,0,0,0,0,0,0,0,0,0,0,0,1,2,0,0,0,1,2,0,0,5,6,0,5,0,2,17,0,6,0,0,0,0,1,0,0,0,16,1,0,0,0,6,8,0
"COG5260",0,0,3,12,42,1,5,2,1,1,0,27,0,27,1,1,0,17,4,0,12,11,0,16,0,2,12,0,11,21,1,14,8,5,20,0,0,28,9,6,1,7,0,4,0,17,0,2,27,20,10,13,2,4,10,5,1,5,0,3,0,0,15,4,0,0,8,9,4,7,0,27,5,12,2,20,4,0,22,12,2,53,0,19,0,0,0,2,2,3,18,0,81,5,5,1,16,17,14,13
"COG5261",0,0,0,0,0,0,0,0,0,1,0,0,0,1,0,0,0,0,0,0,0,0,0,0,0,0,0,0,0,0,0,0,1,0,1,0,0,0,0,0,0,3,0,0,0,0,0,0,0,0,0,0,0,1,0,0,0,0,0,0,0,0,0,0,0,0,1,0,0,1,0,0,0,0,0,0,2,0,0,0,0,0,0,0,0,0,0,0,0,0,0,0,0,0,0,0,0,1,0,0
"COG5262",0,0,0,0,3,0,0,0,0,0,0,2,0,2,0,1,2,2,1,1,1,5,0,1,1,0,2,0,0,7,2,4,1,1,19,0,0,4,2,2,0,3,0,0,0,4,0,0,5,0,3,2,2,0,2,5,1,1,0,4,1,0,0,0,0,0,2,3,0,3,1,5,0,5,0,3,6,0,4,1,2,19,1,6,0,0,0,5,0,0,0,2,7,6,0,2,2,8,2,1
"COG5263",0,0,0,0,0,0,0,0,0,0,0,0,1,0,0,0,0,0,0,0,0,0,0,0,0,0,0,0,0,0,0,0,0,0,0,0,0,0,0,0,0,0,0,0,5,0,0,0,0,0,0,0,0,0,0,0,0,0,0,0,0,1,0,0,2,0,0,0,0,0,1,1,0,0,0,0,0,0,0,0,0,0,0,0,0,1,0,0,0,0,0,0,0,0,0,0,0,0,0,0
"COG5264",0,0,0,0,1,0,0,0,2,1,1,1,0,0,0,0,0,0,0,0,0,0,0,1,0,0,0,0,0,3,0,0,0,1,0,0,0,1,0,0,0,0,0,0,0,0,0,0,0,0,0,0,0,0,0,0,3,0,0,1,0,0,0,0,0,0,0,0,0,2,0,1,0,0,0,2,1,0,0,0,0,2,0,0,0,0,0,0,0,0,0,0,1,0,0,0,1,3,1,0
"COG5265",56,40,66,134,222,37,65,83,167,87,53,51,63,65,118,64,219,37,54,63,59,293,84,81,66,31,67,24,66,43,118,70,41,93,66,93,62,54,45,79,26,58,134,68,63,73,40,106,67,22,15,50,38,84,58,41,44,47,84,62,38,52,45,69,26,47,63,53,35,343,40,59,92,65,99,108,71,73,34,65,23,80,80,44,14,76,74,142,19,60,17,55,86,32,132,109,43,74,64,52
"COG5266",2,3,2,0,0,0,1,0,0,0,0,0,1,0,0,0,1,1,0,0,0,0,2,0,2,0,0,2,0,1,6,0,0,1,5,2,2,0,0,0,0,0,4,0,0,0,0,1,1,0,1,3,0,0,0,0,0,1,0,0,0,0,0,0,0,0,1,0,0,0,0,0,0,0,0,0,0,1,0,0,0,0,0,0,0,1,0,1,2,0,0,0,4,0,0,0,1,0,0,0
"COG5267",182,167,61,180,204,119,91,88,156,220,125,136,269,125,157,150,80,145,149,352,200,218,424,177,140,115,170,370,160,89,181,164,97,187,179,130,91,111,89,358,205,94,274,118,313,171,145,69,177,104,165,125,351,166,109,148,185,112,115,144,312,322,62,149,160,95,86,148,119,165,276,136,168,125,111,165,139,368,132,132,204,133,164,165,275,356,172,177,118,192,90,351,134,144,182,168,44,95,119,145
"COG5268",1,2,1,0,0,1,4,0,0,0,1,0,0,0,0,0,1,0,0,2,1,0,1,1,1,0,0,0,0,0,5,1,0,1,1,11,0,0,0,1,0,0,4,0,1,0,1,3,1,0,0,0,3,0,0,0,0,0,0,0,1,0,0,0,0,0,0,0,0,0,3,0,0,0,0,0,0,4,0,0,0,1,0,0,0,4,0,0,1,4,0,1,1,0,0,1,0,0,0,0
"COG5269",0,0,0,0,1,0,0,0,0,0,0,1,0,1,0,0,0,2,0,1,1,3,0,0,0,1,0,0,0,3,0,5,1,0,5,0,0,2,0,2,0,2,0,0,0,2,0,0,3,0,0,0,0,0,2,1,0,1,0,0,0,0,0,0,0,0,0,1,0,0,0,1,0,0,1,2,2,0,2,1,0,4,0,1,0,0,0,1,0,0,0,0,9,1,0,1,0,4,1,0
"COG5271",1,2,4,2,3,2,4,4,3,2,11,18,5,27,3,1,6,17,0,3,12,0,1,14,8,11,14,6,6,20,0,8,10,0,40,0,4,21,7,17,2,9,0,8,3,18,6,4,17,9,2,20,20,0,12,9,1,5,5,9,1,1,2,10,3,6,26,11,1,0,1,16,6,15,5,45,11,1,25,19,6,53,11,24,12,3,16,3,6,5,2,0,56,4,3,5,2,39,23,9
"COG5272",1,3,2,10,27,7,13,1,16,12,5,7,10,20,6,4,6,26,13,3,10,16,1,7,7,8,31,3,7,10,6,20,9,7,30,4,1,25,10,3,4,16,2,9,1,13,5,4,25,4,10,31,8,2,8,9,12,9,5,19,2,1,16,3,6,2,17,9,1,13,2,18,16,19,4,28,22,0,28,13,12,45,4,37,22,2,11,66,14,6,12,2,38,7,9,10,4,35,20,10
"COG5273",0,0,3,0,18,1,1,2,5,9,0,7,0,25,0,3,1,19,2,0,21,18,1,2,3,1,3,2,0,5,2,18,3,3,26,0,0,28,3,15,0,9,0,1,0,12,0,3,15,0,0,11,0,0,14,3,0,3,0,6,0,0,1,1,0,0,2,2,1,12,0,25,3,4,5,26,23,0,17,2,0,67,2,26,1,0,2,3,0,0,0,1,49,4,0,1,1,57,28,0
"COG5274",2,0,6,2,16,0,1,1,2,4,0,9,3,15,1,2,2,13,3,0,18,7,0,6,2,2,3,0,3,10,1,14,5,2,24,3,0,20,4,14,0,7,0,5,0,8,0,1,11,1,1,17,3,1,13,4,2,2,1,9,0,1,4,1,1,0,8,10,2,5,0,19,4,7,6,25,7,0,15,4,5,45,0,22,1,0,1,10,4,3,1,0,60,2,0,3,1,36,14,2
"COG5275",0,0,0,0,1,0,0,0,0,0,0,0,0,1,0,0,0,0,0,0,2,1,0,0,1,0,0,0,0,0,0,3,0,0,0,0,0,0,0,1,0,0,0,0,0,4,0,0,0,0,0,2,0,0,2,1,0,0,0,0,0,0,0,0,0,0,0,0,0,0,0,1,0,0,0,0,0,0,1,0,1,3,0,1,0,0,2,1,0,0,0,0,0,0,0,0,0,5,0,0
"COG5276",51,110,64,6,73,52,25,16,16,17,329,41,57,22,8,30,9,30,36,59,69,85,84,18,48,28,31,79,32,45,48,17,55,83,47,74,188,19,32,55,68,36,41,51,64,31,99,61,33,37,16,45,63,26,42,45,76,17,170,29,63,51,75,24,44,178,27,21,31,67,63,54,35,39,60,33,25,79,56,13,46,25,41,34,41,73,17,48,20,58,14,60,80,62,22,50,50,24,39,30
"COG5277",0,0,5,1,16,0,4,1,2,3,0,8,0,13,2,2,5,18,2,6,8,25,0,3,1,1,8,0,1,20,3,18,8,1,27,1,0,19,2,13,2,10,0,5,0,7,0,3,13,1,1,7,1,1,11,9,0,0,1,5,0,3,4,0,0,0,12,2,1,12,0,18,5,4,8,23,15,0,20,2,1,51,2,18,2,1,3,0,1,0,0,3,41,7,2,1,3,54,14,5
"COG5278",36,1,7,3,2,3,4,1,0,0,2,6,4,0,29,1,8,0,1,32,10,0,29,1,7,3,0,9,1,8,22,2,2,3,9,14,4,1,1,1,5,0,32,8,4,0,0,14,6,2,1,5,2,1,2,0,2,3,4,1,13,4,5,0,3,1,0,1,2,0,8,0,1,4,3,0,1,15,1,2,2,0,0,0,3,8,2,1,4,12,0,5,8,2,1,1,4,0,8,1
"COG5279",11,1,4,0,5,15,2,0,0,1,3,2,6,2,5,0,0,2,0,22,0,5,3,0,9,0,4,9,2,2,7,1,1,3,0,6,2,1,0,0,16,4,14,5,21,1,1,2,1,0,0,4,5,0,2,1,0,0,4,1,22,14,5,1,1,5,0,0,1,4,13,0,1,3,1,0,1,40,2,0,0,1,1,1,0,28,0,7,2,20,0,21,2,4,1,4,4,0,0,4
"COG5280",0,1,0,3,0,0,0,0,1,0,0,1,1,4,0,0,2,2,0,1,0,0,4,1,0,1,2,0,0,0,0,1,0,0,1,4,1,1,0,1,0,0,1,0,0,0,0,0,1,1,0,0,2,0,0,0,1,1,1,1,9,0,0,1,0,0,1,1,0,0,0,0,2,2,1,2,0,0,2,2,0,1,1,0,1,1,1,4,0,0,0,0,0,1,0,0,0,0,0,2
"COG5281",31,4,27,51,9,5,20,15,9,4,1,20,26,9,26,8,72,16,2,6,10,1,18,58,48,48,17,12,10,11,96,3,9,23,85,26,2,4,10,10,5,27,69,15,11,3,2,26,3,33,2,16,5,2,10,46,10,36,5,28,24,9,13,12,5,3,193,24,4,11,18,1,1,33,16,102,9,30,6,64,7,13,11,5,12,7,19,29,13,9,8,13,21,7,1,40,14,17,6,15
"COG5282",32,27,1,2,0,38,12,1,1,0,41,2,28,7,0,1,0,5,3,32,11,0,10,4,19,2,1,19,8,5,26,10,6,8,30,54,45,9,1,29,33,10,42,0,36,14,28,8,16,1,8,8,35,0,28,12,31,9,23,8,35,29,4,9,28,49,4,3,20,0,41,15,2,0,2,20,2,31,28,10,23,11,0,7,18,31,5,3,6,37,15,38,13,14,0,6,2,8,11,1
"COG5283",11,1,9,26,5,2,6,3,4,2,4,8,12,8,10,2,8,8,0,2,4,3,16,24,13,17,16,4,1,8,20,10,55,13,64,31,7,6,7,18,0,9,16,7,3,5,2,21,2,21,6,18,21,3,5,15,13,3,4,14,25,4,19,2,10,1,44,13,5,0,10,11,5,8,4,27,6,13,9,29,3,7,4,8,9,8,7,65,11,6,32,15,7,12,7,31,8,11,3,4
"COG5285",629,484,214,462,368,667,233,251,314,228,303,319,671,310,265,243,82,305,270,811,430,280,656,435,358,311,302,660,349,293,412,422,424,634,500,391,333,375,196,813,772,338,374,288,858,410,307,240,492,248,339,289,642,257,393,375,391,285,369,321,690,838,218,348,467,299,264,287,316,354,725,441,348,270,290,352,283,622,410,334,361,437,332,398,293,572,335,384,211,672,251,746,302,320,265,344,203,300,333,260
"COG5290",0,0,3,0,5,0,0,0,0,0,0,0,0,4,0,0,1,6,0,0,3,0,0,1,0,1,0,0,0,0,0,6,0,1,9,0,0,7,0,3,0,0,0,0,0,3,0,0,1,0,0,2,0,0,4,0,0,0,0,1,0,0,0,0,0,0,0,0,1,0,0,2,0,0,0,7,0,0,3,1,1,20,0,8,0,0,0,0,0,0,0,0,16,1,0,0,0,7,8,0
"COG5291",0,0,1,0,4,0,0,0,0,0,0,1,0,5,0,0,0,6,1,0,2,1,0,1,0,0,2,0,0,3,0,0,0,0,6,0,0,1,0,1,0,1,0,0,0,1,0,1,3,0,0,5,0,0,2,0,0,0,0,0,0,0,0,0,0,0,0,1,0,2,0,2,0,2,0,2,2,0,5,0,1,9,0,6,1,0,1,0,0,0,0,0,11,1,0,0,0,6,1,0
"COG5293",1,6,0,0,0,2,5,0,0,0,2,1,1,0,4,0,23,0,0,0,2,1,4,1,3,0,0,2,1,1,6,0,1,3,1,4,0,0,0,0,4,0,12,0,6,0,0,1,0,0,0,0,1,0,2,0,1,1,1,1,0,0,0,0,1,1,0,0,2,0,1,0,0,0,1,1,0,0,1,2,0,1,0,0,0,6,2,0,1,2,0,4,0,4,2,0,0,0,0,0
"COG5295",25,1,17,13,36,9,14,6,31,14,2,22,12,21,23,13,8,7,9,10,8,6,20,8,19,5,29,5,14,9,6,13,4,9,29,26,6,20,15,6,4,22,9,43,3,9,2,8,12,13,4,26,12,8,8,2,5,6,3,11,11,0,21,10,9,6,34,9,6,9,11,13,5,36,34,28,11,8,7,27,8,12,14,22,9,23,17,40,9,28,39,9,29,5,24,7,9,20,15,28
"COG5296",0,0,0,0,2,0,0,0,0,0,0,1,0,2,0,0,0,3,0,0,2,1,0,0,0,0,1,0,0,0,0,1,0,0,5,0,0,5,0,0,0,4,0,0,0,2,0,1,2,0,0,2,0,0,1,0,0,0,0,1,0,0,1,0,0,0,1,1,0,0,0,5,0,0,0,2,0,0,0,0,2,4,0,8,0,0,0,1,1,0,0,0,9,1,0,1,0,3,5,0
"COG5297",3,0,0,1,1,3,1,0,0,0,5,2,0,2,0,0,0,3,0,2,2,5,1,1,2,5,3,0,2,0,2,2,1,0,6,10,4,1,3,0,1,4,0,2,1,1,2,1,1,0,2,3,1,0,1,0,2,4,6,8,1,0,2,2,0,4,7,5,2,3,7,0,0,5,1,4,4,3,3,6,2,2,2,1,1,2,8,6,1,5,3,4,1,4,1,2,3,1,2,3
"COG5301",9,18,26,381,6,16,94,28,76,88,20,120,60,91,51,76,26,64,22,12,48,15,42,217,96,89,105,19,99,38,12,43,55,37,250,26,26,67,116,51,20,148,19,61,13,37,31,51,47,86,31,61,64,19,17,61,67,180,20,206,9,13,44,90,52,16,263,129,16,2,8,28,65,134,79,423,96,25,111,313,67,106,80,110,208,22,133,211,80,22,120,8,39,52,89,84,59,32,15,115
"COG5302",0,2,3,0,1,2,2,0,0,0,1,1,1,0,1,0,31,0,0,1,0,0,6,0,2,0,0,0,0,0,12,0,1,4,1,1,0,0,0,0,0,0,4,1,0,0,2,8,0,0,0,1,1,0,1,0,1,1,2,0,0,1,3,0,0,1,2,0,1,0,0,0,0,0,0,0,0,4,1,0,1,1,1,0,1,0,0,0,0,0,0,1,1,0,0,1,0,1,0,0
"COG5304",1,2,0,0,0,1,0,0,2,0,0,0,0,1,0,0,0,0,0,1,0,0,4,0,1,0,0,0,0,0,1,0,0,1,3,1,1,0,0,1,0,0,2,0,1,0,3,0,0,0,0,0,2,0,0,3,0,0,0,0,1,0,0,0,0,0,0,0,0,0,0,0,0,2,0,0,0,3,0,0,0,0,0,0,0,0,1,0,0,1,0,2,0,0,0,1,0,0,0,0
"COG5305",16,22,11,1,11,31,4,6,2,3,37,14,11,4,1,2,5,8,6,17,5,1,10,3,15,2,0,9,6,4,18,10,9,4,5,14,36,9,0,16,18,0,15,0,25,10,20,8,10,6,4,6,26,1,5,4,6,7,21,7,13,21,6,7,23,31,2,2,8,2,14,4,2,3,3,3,7,17,10,6,1,5,4,5,7,20,1,2,10,24,6,21,8,12,1,3,5,3,7,13
"COG5306",11,10,10,7,0,6,3,5,15,13,15,5,28,5,1,4,3,1,5,15,10,1,9,20,23,2,5,15,8,0,6,6,10,14,9,7,11,5,7,20,18,4,8,2,12,3,11,9,7,0,1,2,32,2,13,15,1,4,13,3,13,6,4,1,56,7,1,3,10,1,12,8,6,10,4,4,2,11,6,21,12,9,9,6,11,16,29,7,1,11,0,15,6,4,19,11,2,4,5,2
"COG5307",0,0,4,1,8,0,3,2,1,0,0,14,0,24,0,2,1,29,1,0,12,5,0,6,4,3,0,0,0,2,0,10,1,2,28,1,0,23,2,13,0,10,0,2,0,9,0,2,12,0,0,15,1,0,21,1,0,2,0,2,0,0,0,0,0,0,2,5,1,5,0,25,4,1,3,21,5,0,18,2,4,79,0,33,1,0,2,1,0,0,0,0,62,2,0,0,1,40,22,0
"COG5308",0,0,2,0,2,1,0,0,0,1,0,0,0,6,0,0,1,5,0,0,4,2,0,3,0,1,1,0,0,0,0,5,1,0,6,0,0,4,0,2,0,5,0,0,0,4,0,0,0,0,0,2,0,0,4,0,0,0,0,0,0,0,0,1,0,0,2,1,2,0,0,3,0,0,4,10,0,0,3,0,0,17,0,4,0,0,1,1,0,0,0,0,17,1,0,1,0,9,8,0
"COG5309",1,27,6,21,39,4,3,2,33,35,50,6,1,1,68,3,2,1,0,5,4,63,8,18,3,3,14,1,5,7,4,8,0,7,1,3,32,2,3,2,2,4,5,0,8,9,34,3,4,2,1,1,1,2,3,4,0,5,61,9,2,1,1,6,0,27,3,1,1,85,3,1,15,9,8,13,5,2,2,18,1,4,7,13,1,0,45,185,0,5,2,3,14,0,35,42,5,2,0,6
"COG5310",2,0,3,0,0,1,1,0,1,0,0,0,1,2,0,0,0,0,0,0,3,0,0,0,1,0,0,2,0,1,7,2,0,0,3,5,0,3,0,0,0,0,14,0,1,0,0,2,1,1,0,0,1,0,3,1,0,1,0,0,1,1,3,0,0,0,1,0,3,0,2,0,0,0,0,4,1,4,0,1,0,1,3,0,1,3,2,1,0,2,0,0,4,0,6,2,0,1,0,2
"COG5314",9,6,9,0,0,4,10,0,0,0,1,2,1,1,2,1,8,0,2,9,1,2,5,1,3,0,0,3,0,1,13,1,0,10,11,36,1,0,1,1,2,0,26,1,11,1,0,24,2,0,0,2,2,0,2,1,0,0,2,0,5,3,5,0,0,1,1,0,0,0,2,0,0,1,3,0,2,13,2,0,2,0,0,0,3,10,1,0,2,13,0,10,0,3,2,2,1,0,1,0
"COG5316",36,50,14,12,0,25,8,4,3,13,97,21,31,13,0,9,2,9,7,15,10,1,27,11,18,19,14,40,16,20,18,21,23,18,34,24,64,18,10,23,41,13,35,12,36,21,61,15,21,44,70,34,41,8,37,24,71,11,94,24,51,47,25,21,50,85,19,15,48,0,48,31,13,10,11,23,7,31,33,18,58,24,24,32,35,36,14,9,45,52,60,48,33,31,21,16,41,13,27,27
"COG5317",1,1,4,0,1,0,0,0,0,0,2,0,0,0,0,0,1,0,0,1,0,0,2,0,1,0,0,0,0,0,1,0,0,4,1,4,1,0,0,3,0,0,8,0,2,0,0,1,0,0,0,0,0,0,0,0,0,1,0,0,0,1,0,0,1,1,2,1,0,0,0,0,0,0,0,1,0,1,0,1,0,0,0,0,0,3,0,1,0,3,0,1,0,0,0,1,0,1,0,0
"COG5319",29,42,27,67,66,32,42,74,108,134,40,56,39,66,84,53,3,75,78,53,44,68,18,78,50,77,81,41,68,56,15,69,72,27,32,48,44,85,60,49,34,45,27,71,45,66,47,18,68,92,79,56,45,90,54,66,76,83,24,74,27,40,42,84,51,56,68,78,44,61,25,69,61,62,46,61,77,42,59,55,85,38,96,80,90,30,67,37,107,32,75,28,63,59,50,82,31,64,39,51
"COG5321",3,4,6,9,4,3,3,3,10,1,1,5,1,6,6,3,1,3,9,6,6,16,4,10,4,6,6,5,4,3,6,5,2,13,5,15,4,4,2,8,0,10,19,9,3,7,2,5,6,3,1,1,5,1,4,5,2,5,3,2,4,2,8,2,1,2,3,2,0,5,9,3,6,7,10,11,4,6,1,6,1,2,6,4,3,8,7,12,1,10,2,2,7,5,11,10,4,6,5,5
"COG5322",2,5,171,35,2,4,135,119,25,10,1,21,2,48,23,107,13,76,50,23,87,0,5,25,64,65,36,0,74,58,7,39,63,17,39,17,1,58,98,13,4,113,10,47,9,32,13,91,14,32,9,74,9,34,90,61,5,67,4,76,4,4,178,63,3,1,89,80,9,0,4,32,59,55,162,62,84,15,38,72,15,64,50,20,20,3,45,3,43,8,4,5,41,65,26,44,215,90,108,66
"COG5323",3,0,5,1,11,7,14,8,5,12,4,6,11,3,1,2,7,3,0,9,5,4,6,1,13,7,1,2,1,3,7,1,3,5,28,39,4,3,2,6,1,4,35,5,4,0,0,14,3,4,0,0,2,4,1,2,3,3,2,0,6,2,3,1,4,2,17,1,3,0,14,0,3,9,3,11,6,13,4,3,3,2,5,0,6,11,4,14,8,12,1,11,4,3,3,8,3,6,5,1
"COG5324",0,0,0,0,0,2,0,0,0,0,0,0,0,0,0,0,0,0,0,0,0,0,0,0,0,0,0,0,0,0,0,0,0,0,1,6,0,0,0,0,0,0,0,0,0,0,0,1,0,0,0,0,0,0,0,0,0,0,0,0,0,0,0,0,0,0,0,0,0,0,2,0,0,0,0,0,0,0,0,0,0,0,0,0,0,2,0,0,0,5,0,0,0,0,0,0,0,0,0,0
"COG5325",0,0,2,0,3,2,1,0,0,0,0,1,0,2,0,1,1,2,1,0,6,7,0,1,0,0,2,0,0,5,2,1,0,1,3,0,0,4,0,0,0,1,0,0,0,1,0,0,5,0,0,7,0,0,5,0,0,0,0,0,0,0,0,0,0,0,0,4,0,1,0,6,1,0,0,6,0,0,2,0,0,10,0,6,0,0,0,1,0,0,1,0,10,0,0,0,0,13,5,0
"COG5328",8,1,8,16,23,2,8,15,21,4,0,11,8,4,8,7,2,13,4,7,14,26,8,14,4,4,17,4,7,8,8,8,2,16,15,21,2,12,9,12,1,7,20,12,2,11,2,15,7,2,8,11,5,7,12,7,5,7,1,8,9,2,9,5,1,2,8,16,6,7,9,12,8,10,7,16,12,9,9,17,3,9,3,5,6,4,10,17,2,14,6,7,16,4,17,20,17,13,12,9
"COG5329",0,0,0,1,6,0,0,0,0,0,0,0,0,6,0,1,2,8,0,0,6,8,0,1,0,0,0,1,0,1,0,2,0,1,6,0,0,3,0,3,0,3,0,0,0,3,0,1,3,0,0,2,1,1,6,3,0,1,0,1,0,0,0,0,0,0,1,1,2,1,0,11,2,4,2,6,4,0,5,1,0,22,0,16,0,0,0,2,0,0,0,0,26,1,0,0,1,11,14,1
"COG5330",2,3,9,0,1,1,10,1,1,0,16,1,10,4,3,3,3,0,2,7,1,1,9,0,3,6,0,3,3,1,9,1,0,19,13,7,23,0,0,9,1,2,21,1,3,0,1,2,1,0,1,0,8,1,1,4,0,6,5,2,3,2,2,3,5,18,4,0,0,1,1,2,3,0,4,3,2,14,0,0,0,3,0,0,1,11,1,0,1,8,0,1,7,2,12,8,2,3,1,0
"COG5331",11,13,18,29,12,13,12,20,11,15,17,11,15,13,26,12,23,17,16,10,17,16,6,41,7,14,17,13,19,15,28,7,15,13,17,13,17,10,23,3,15,12,24,6,14,6,13,16,16,27,17,14,8,19,10,10,21,10,20,9,16,16,8,15,11,12,21,14,14,29,10,19,9,18,8,6,11,10,16,12,19,10,10,8,17,15,23,12,19,18,31,17,15,24,14,4,12,7,12,9
"COG5333",0,0,0,1,3,0,0,0,0,0,0,5,0,7,0,0,1,4,0,0,4,7,0,1,1,0,0,0,0,1,0,4,1,0,7,1,0,6,0,1,0,2,0,0,0,4,0,1,5,0,0,1,1,0,2,1,0,0,0,0,0,0,0,0,0,0,0,0,0,4,0,0,0,2,0,10,4,0,5,0,0,11,0,7,0,0,0,1,1,0,0,0,8,1,0,0,0,12,6,1
"COG5336",14,25,12,36,32,20,21,23,47,34,9,31,35,36,29,25,1,32,40,32,32,15,13,37,26,35,31,27,26,24,8,29,34,6,9,19,13,36,37,33,22,23,15,28,16,30,18,3,31,39,57,31,27,39,27,38,25,33,25,34,15,21,5,39,36,48,40,33,48,30,24,38,42,22,20,29,42,22,28,28,44,36,36,36,56,20,27,12,81,19,39,13,18,28,29,35,7,38,19,33
"COG5337",121,280,118,34,104,155,68,24,13,12,309,103,113,80,52,38,20,92,44,133,128,72,115,43,110,51,62,153,61,138,95,107,129,211,217,81,191,81,62,113,207,52,90,81,163,124,251,116,146,55,35,64,111,20,123,64,61,17,196,45,67,95,53,35,36,123,24,44,65,19,84,87,27,53,52,26,35,94,68,26,63,85,30,75,34,99,45,108,41,88,49,89,74,82,18,36,59,78,105,51
"COG5338",2,0,2,0,1,0,2,1,0,0,5,0,2,1,0,0,13,0,0,2,4,0,2,0,3,1,0,3,0,0,5,1,0,1,2,16,5,1,2,0,0,0,14,0,3,2,1,5,1,0,0,0,1,1,0,1,1,3,4,0,4,0,1,1,0,0,0,0,0,0,5,0,0,0,0,1,0,5,1,1,0,1,0,0,1,3,0,0,0,7,0,4,0,0,1,0,4,0,0,0
"COG5339",1,0,0,0,1,0,0,0,0,0,0,0,0,0,3,0,5,0,0,0,0,10,16,0,0,0,0,0,1,0,1,0,0,0,0,0,0,0,2,0,0,0,5,0,0,1,0,4,0,0,0,0,0,0,0,0,0,0,2,0,0,0,0,0,0,0,1,0,0,3,0,0,0,0,0,0,0,1,0,0,0,0,0,0,0,1,1,0,0,0,0,2,0,1,0,0,0,0,0,0
"COG5340",1,0,2,0,0,0,0,0,0,0,2,0,0,0,0,0,0,0,0,0,0,1,2,0,1,0,0,2,0,0,0,0,0,1,1,5,1,0,1,0,0,0,2,0,0,1,0,0,0,1,0,1,0,0,0,1,0,1,2,1,2,0,0,0,1,0,0,0,0,0,1,0,0,0,1,0,0,1,0,0,0,0,0,0,0,1,0,0,0,4,0,1,0,0,1,0,0,0,0,1
"COG5342",1,8,7,7,19,1,2,4,7,7,0,9,2,7,9,7,0,3,10,2,2,15,4,9,1,2,8,5,1,2,2,8,8,5,1,6,3,5,4,3,1,2,20,11,2,4,8,4,6,1,3,5,0,7,4,4,0,4,5,2,4,0,1,1,0,6,4,4,1,3,8,4,5,9,4,8,4,2,2,6,2,1,5,1,2,4,7,9,2,2,7,1,7,0,10,12,6,3,5,7
"COG5343",11,2,3,0,1,0,1,0,0,0,0,1,1,0,10,1,5,0,0,0,0,1,11,0,2,1,0,0,0,0,13,0,0,5,4,8,1,0,1,0,0,0,22,1,8,1,0,7,0,0,0,0,0,0,0,2,2,2,7,1,3,3,4,0,0,0,6,0,1,0,5,0,0,0,3,0,0,10,0,0,0,2,0,0,0,3,0,1,3,4,0,2,2,0,1,0,0,1,2,0
"COG5345",20,9,26,9,21,18,20,7,20,14,11,15,22,8,26,6,123,2,4,2,15,42,61,12,24,5,7,3,13,3,56,2,9,40,25,5,17,7,8,7,3,12,48,10,22,3,4,40,5,4,0,8,8,9,10,7,10,6,23,11,1,9,18,12,3,9,14,3,9,65,5,7,17,7,24,11,18,29,9,8,1,7,7,3,1,11,10,27,5,5,3,3,16,5,20,11,7,8,6,3
"COG5346",0,0,0,0,0,0,0,0,0,0,0,0,0,0,1,0,0,0,0,0,0,0,0,0,0,0,0,0,0,0,0,0,0,0,0,0,0,0,0,0,0,0,0,0,1,0,0,1,0,0,0,0,0,0,0,0,0,0,0,0,0,0,0,0,0,0,0,0,0,0,0,0,0,0,0,0,1,0,0,0,0,0,0,0,0,0,0,0,0,0,0,0,0,0,0,0,0,0,0,0
"COG5347",0,0,1,1,8,1,0,0,1,1,0,2,0,7,0,0,0,9,2,0,3,10,0,6,0,2,2,0,0,2,0,6,2,0,12,0,0,7,0,5,0,4,0,0,0,2,0,0,5,0,0,6,2,1,2,2,0,2,0,4,0,0,0,0,0,0,1,3,0,5,0,3,1,1,0,9,12,0,5,0,2,32,0,20,1,0,0,1,0,1,0,0,27,2,0,0,1,23,9,1
"COG5349",1,2,7,13,16,6,6,5,19,6,3,4,4,10,5,8,4,1,5,4,6,12,2,4,5,9,3,1,3,3,4,4,2,10,10,30,2,10,4,9,1,2,22,7,2,5,2,4,5,2,5,2,7,7,6,6,2,9,7,2,7,0,3,9,1,6,3,10,3,1,6,4,12,6,3,5,9,10,3,5,3,7,5,6,13,6,3,8,12,13,0,7,9,4,12,5,4,2,1,3
"COG5350",5,11,7,11,2,4,4,6,26,14,8,7,5,4,17,15,0,8,21,2,8,2,4,6,2,11,11,2,10,10,2,9,7,12,7,10,7,4,11,11,3,6,7,10,7,5,5,6,7,13,10,8,9,34,11,12,13,17,7,6,4,3,2,7,7,2,4,4,3,2,4,8,20,13,0,11,7,4,8,10,10,3,10,7,5,2,9,3,10,4,17,4,4,6,12,16,6,7,4,6
"COG5351",2,2,3,0,0,0,1,7,12,1,0,0,1,3,3,5,0,0,0,1,0,1,2,0,0,3,0,0,5,2,0,5,4,5,0,1,2,2,1,2,0,4,1,1,1,0,1,2,1,0,1,2,0,2,1,0,2,3,8,7,0,0,2,10,0,1,0,0,0,0,0,0,1,0,1,0,1,1,5,2,0,2,7,0,1,0,3,1,1,1,1,1,2,0,0,1,2,7,0,0
"COG5352",28,57,32,83,69,42,73,96,122,151,30,73,88,93,107,71,2,93,133,39,60,88,38,72,58,96,90,41,84,72,27,77,113,25,58,44,55,104,97,66,52,61,40,97,51,90,40,28,103,97,113,83,64,129,66,102,108,90,24,94,42,49,34,104,100,50,83,89,71,97,43,103,96,106,50,72,118,40,94,74,103,73,133,103,114,35,72,38,136,49,127,44,62,101,94,77,37,76,42,93
"COG5354",0,0,0,0,9,0,0,0,0,2,0,2,0,10,0,2,0,8,0,0,2,4,0,1,1,0,0,1,0,3,0,2,1,0,5,0,0,4,0,6,0,0,0,0,0,4,0,2,4,0,0,9,0,0,5,0,0,0,0,0,0,0,1,0,0,0,2,2,0,2,0,7,1,0,3,10,2,0,3,2,0,21,0,6,0,0,0,0,0,1,0,0,20,1,0,0,2,20,7,0
"COG5360",115,188,124,319,287,163,235,303,375,298,105,233,186,246,307,273,16,250,314,186,199,270,112,349,176,265,268,190,207,235,93,244,282,107,130,190,188,246,289,166,161,190,119,320,142,244,179,95,262,296,315,257,224,349,190,314,277,328,87,260,161,137,117,256,289,232,239,336,101,274,146,310,268,234,162,197,291,122,226,300,262,145,248,329,233,108,239,144,403,163,374,153,225,284,208,311,120,242,160,252
"COG5361",8,3,37,16,16,3,10,1,18,4,5,8,1,12,66,2,5,10,0,1,3,3,13,20,1,4,18,4,6,10,9,25,4,16,9,25,2,7,9,3,1,6,31,5,6,25,6,6,5,2,2,17,10,1,33,12,3,2,11,4,4,4,33,1,0,4,8,10,2,2,2,2,10,6,7,24,7,10,2,30,1,20,9,7,1,5,12,73,11,10,0,6,9,1,6,23,19,56,43,13
"COG5362",10,9,20,131,17,14,63,69,97,98,10,35,41,24,73,59,15,14,18,18,28,46,11,105,86,110,132,8,37,20,17,33,17,33,244,17,48,31,23,122,8,139,23,83,17,26,53,26,20,51,35,48,49,7,24,14,38,93,15,54,3,7,20,49,19,36,319,43,20,6,11,15,39,80,15,225,44,13,19,118,46,36,100,24,51,16,78,105,77,17,36,14,44,24,86,93,66,46,20,44
"COG5368",37,5,34,11,2,6,8,6,1,5,2,11,6,10,14,6,6,6,7,3,5,5,17,13,10,2,4,15,6,25,7,8,3,24,8,51,0,6,4,3,8,3,33,11,7,10,2,13,9,10,2,5,1,6,3,6,0,1,2,5,6,1,6,4,1,1,4,1,3,22,12,0,3,13,9,5,5,3,1,5,0,4,6,0,1,27,10,5,2,11,0,4,22,11,3,3,8,6,1,9
"COG5369",0,0,0,0,0,0,0,0,0,0,0,0,0,0,0,0,0,0,0,0,0,0,0,0,0,0,0,0,0,0,0,0,0,0,0,0,0,0,0,0,0,0,0,2,0,0,0,0,0,0,0,1,0,0,0,0,0,0,0,0,0,0,0,0,0,0,0,0,0,0,0,0,0,0,0,0,0,0,0,0,0,0,0,0,0,0,0,0,0,0,0,0,0,0,0,0,0,0,0,1
"COG5371",0,0,0,0,2,0,0,0,0,0,0,2,0,5,1,0,0,6,0,0,6,6,4,3,0,0,1,2,0,3,0,9,2,1,13,0,0,13,0,3,0,6,0,1,0,3,0,3,5,0,0,3,0,0,15,0,0,1,0,1,0,0,2,0,0,0,2,2,0,3,0,7,0,1,1,7,8,0,5,0,0,31,1,7,0,1,1,2,0,0,0,0,23,1,0,0,0,25,20,0
"COG5373",28,11,15,0,1,10,2,1,0,0,7,20,34,32,40,1,72,0,0,10,5,3,46,0,35,1,2,21,3,8,40,1,1,31,23,13,4,2,2,14,10,3,19,5,8,1,5,27,2,10,3,1,26,1,7,2,24,2,15,0,42,18,10,7,32,1,6,1,23,1,12,2,5,2,3,1,1,16,10,0,12,3,1,1,17,12,2,2,2,19,5,13,3,8,2,1,4,13,5,0
"COG5375",5,0,4,2,0,2,2,1,6,1,11,3,7,2,0,4,1,2,2,6,4,1,10,4,6,1,2,5,1,0,5,2,1,10,8,10,6,0,3,7,2,5,13,2,2,1,5,4,1,0,1,3,8,2,2,4,3,4,7,2,10,1,3,2,2,9,5,4,0,1,8,3,1,5,5,6,5,5,1,9,1,5,1,3,2,10,1,0,0,9,2,6,1,1,10,5,4,2,1,2
"COG5377",10,3,8,11,2,12,12,2,5,6,6,6,25,2,10,5,88,5,2,6,4,3,34,14,20,14,2,4,4,2,61,2,2,24,38,3,13,4,5,5,8,13,44,6,13,2,5,43,4,3,3,4,11,1,3,4,13,6,9,9,10,11,17,5,5,11,27,2,7,11,6,0,6,8,7,14,5,23,3,8,8,4,3,3,5,7,6,11,12,11,4,6,8,5,10,9,11,2,5,10
"COG5379",8,2,9,0,6,5,11,6,10,5,2,6,2,8,4,0,0,10,8,7,10,3,7,6,4,3,1,10,3,6,17,5,2,6,9,19,1,10,4,10,7,3,19,1,3,2,2,1,7,1,4,8,10,5,3,1,3,1,6,3,9,6,3,2,2,0,4,4,2,1,6,10,5,2,7,9,1,4,3,1,4,16,3,11,5,13,6,8,4,14,4,7,18,1,12,10,1,16,8,1
"COG5380",13,3,18,0,1,1,7,1,0,0,0,0,2,0,13,0,10,0,1,3,1,1,13,0,4,0,1,3,0,0,17,0,0,2,5,4,0,0,1,0,0,0,22,2,2,0,3,16,1,2,0,2,1,0,0,0,3,1,12,0,9,2,10,0,1,0,0,0,3,0,0,1,0,1,2,1,2,21,2,0,0,1,0,0,1,2,2,1,1,4,1,0,6,2,0,0,0,0,0,0
"COG5381",0,0,0,0,0,0,0,0,0,0,0,1,0,0,0,0,0,0,0,0,0,0,0,0,0,0,0,0,0,0,0,1,0,0,0,0,0,0,0,0,0,0,0,0,0,1,0,0,0,0,0,0,0,0,1,0,2,0,0,0,0,0,0,0,0,0,0,0,1,0,0,0,0,0,0,0,0,0,0,0,0,0,0,0,0,0,0,0,0,0,0,0,0,0,0,0,0,0,0,0
"COG5383",0,0,0,0,0,0,3,1,1,0,0,0,0,0,1,0,1,0,0,0,0,1,3,0,3,0,0,1,0,0,3,0,0,0,3,2,0,0,2,1,0,1,1,0,0,0,0,3,0,0,1,1,0,0,1,0,1,2,1,1,2,0,5,1,0,0,1,0,0,0,1,0,0,0,1,0,0,1,0,0,0,0,1,1,0,3,0,0,1,1,1,1,0,1,0,0,1,0,0,0
"COG5384",0,0,1,0,1,0,0,1,0,1,0,2,0,2,0,0,0,1,0,0,5,0,0,3,0,0,0,0,0,0,0,0,0,0,1,0,0,2,0,5,0,0,0,0,0,2,0,0,1,0,0,1,0,0,1,0,0,0,0,0,0,0,0,0,0,0,1,0,0,1,0,1,1,0,1,5,0,0,2,1,0,8,0,9,0,0,0,0,0,0,0,0,9,1,0,1,0,10,4,0
"COG5385",6,1,4,0,1,1,4,0,7,0,1,0,3,1,2,1,3,0,0,3,3,3,6,1,2,0,0,3,2,0,5,1,1,4,3,11,6,1,0,4,2,1,18,0,3,0,0,6,0,1,0,2,0,0,1,2,0,1,3,1,7,1,1,1,0,4,0,0,0,0,1,2,1,0,1,1,0,2,3,1,1,2,3,0,2,4,0,7,0,3,0,6,0,0,1,1,0,0,2,2
"COG5387",4,6,22,23,35,4,16,18,26,8,10,19,8,14,15,16,0,14,8,8,22,33,14,8,9,11,19,3,11,14,13,11,9,22,16,19,10,11,12,20,3,17,28,20,3,14,5,19,17,2,6,15,7,9,12,11,9,15,5,17,7,3,27,17,3,1,23,14,2,9,6,16,21,23,15,30,18,9,11,12,5,10,18,13,4,4,14,30,3,10,12,9,29,9,10,27,11,16,21,18
"COG5388",1,0,4,0,2,0,1,0,1,0,0,1,0,0,1,0,0,0,0,1,1,3,1,0,1,0,0,2,0,0,1,0,0,3,0,1,0,1,1,0,0,1,16,0,0,1,0,0,0,1,0,1,4,0,0,3,0,0,0,0,0,0,1,0,0,1,1,0,0,1,1,0,1,0,0,0,0,1,0,0,0,0,0,0,0,4,0,6,1,0,0,0,0,0,0,1,0,0,0,0
"COG5389",3,8,12,11,18,3,10,7,21,13,11,9,12,13,22,11,3,19,12,7,17,17,10,12,6,18,20,6,10,11,4,24,6,20,10,11,15,17,12,12,4,19,18,15,8,25,14,9,23,10,18,9,5,20,18,7,15,15,4,15,7,7,8,24,5,5,5,14,7,3,5,14,28,13,21,16,22,5,4,7,20,12,17,11,15,9,11,25,17,3,6,1,24,10,18,23,11,12,9,8
"COG5391",0,0,3,0,8,0,0,2,1,1,0,2,0,3,0,1,0,3,0,0,1,4,0,0,0,1,2,0,0,1,0,3,2,0,8,1,0,4,1,4,0,2,0,0,0,3,0,0,5,0,0,5,0,1,5,1,0,0,0,1,0,0,0,0,0,0,1,2,0,2,0,4,1,6,1,6,3,0,7,3,1,23,0,13,0,0,0,0,0,0,0,0,21,1,0,0,0,7,5,2
"COG5393",0,0,0,0,0,0,0,0,0,0,0,0,0,0,0,0,0,0,0,1,0,0,0,0,0,0,0,0,0,0,0,0,0,0,0,0,0,0,0,0,0,0,1,0,0,0,0,0,0,0,0,0,0,0,0,0,0,0,0,0,0,0,0,0,0,0,0,0,0,0,0,0,0,0,0,0,0,0,0,0,0,0,0,0,0,0,0,0,0,0,0,0,1,0,0,0,0,0,0,0
"COG5394",11,61,11,26,9,31,15,16,27,14,37,9,21,3,9,11,45,10,13,7,10,15,26,16,7,6,5,7,13,4,14,9,7,16,14,27,99,6,13,20,41,8,21,9,4,6,95,17,7,2,9,9,4,7,8,18,5,16,39,3,9,3,8,8,3,99,17,15,5,5,11,7,17,11,15,10,10,9,3,8,3,15,10,10,3,4,9,22,5,11,1,15,6,5,20,18,11,6,7,9
"COG5395",0,2,3,37,12,0,7,3,6,1,0,1,1,0,3,9,1,2,1,2,4,18,1,39,1,1,2,2,3,1,4,3,1,1,2,6,1,0,0,24,0,35,11,1,2,5,1,2,2,0,0,3,11,3,2,6,0,7,1,7,1,1,3,1,1,2,1,6,6,15,1,3,4,1,9,17,2,0,5,34,1,5,1,15,3,2,6,19,3,4,0,3,7,1,2,7,0,0,0,3
"COG5397",0,0,1,0,0,0,0,0,0,0,0,0,0,0,1,0,1,0,0,0,0,0,1,0,2,0,0,0,0,0,1,0,0,0,1,0,0,0,0,0,0,0,1,0,0,0,0,0,0,0,0,0,0,0,0,0,0,0,1,0,0,0,1,0,0,4,0,0,0,0,1,0,0,0,0,0,0,5,0,0,0,0,0,0,0,1,0,0,1,1,0,0,1,0,0,1,1,0,0,0
"COG5398",2,22,101,37,3,0,111,76,46,17,2,134,1,94,15,73,11,96,35,9,79,1,3,39,68,116,65,3,140,49,1,52,129,27,65,49,3,79,123,33,6,178,16,26,2,53,18,136,37,30,10,51,39,26,87,41,64,121,2,171,0,2,142,124,4,0,119,155,7,1,7,28,146,55,128,98,88,3,283,80,12,72,46,26,15,3,55,21,39,16,9,8,47,98,37,60,140,90,117,69
"COG5400",3,2,2,2,0,6,2,0,3,3,6,1,2,1,1,1,2,0,0,6,4,1,3,0,1,0,0,2,0,4,9,0,1,7,4,18,0,0,1,5,2,4,21,0,5,1,1,4,1,0,0,3,5,0,3,0,4,2,1,1,6,1,1,1,2,3,1,2,0,0,13,0,1,1,1,1,1,2,2,0,0,2,1,1,3,5,1,1,5,8,0,2,0,5,0,1,1,1,1,0
"COG5401",0,0,1,0,0,0,0,0,0,0,0,0,0,0,0,0,0,1,0,0,0,0,0,1,0,0,0,2,1,0,0,0,0,0,0,0,0,1,0,1,0,0,0,0,0,0,0,0,0,0,0,0,0,0,0,0,0,0,0,0,0,0,0,0,0,0,0,0,0,0,0,1,0,0,0,0,0,0,0,0,0,0,0,0,1,0,0,0,0,0,1,0,1,0,0,1,0,0,0,0
"COG5402",1,3,1,3,6,3,6,10,4,21,0,4,0,13,7,12,0,6,16,0,4,6,0,0,11,15,6,1,12,4,1,9,7,1,5,2,0,12,17,2,0,10,6,5,1,10,5,0,7,11,17,10,1,13,3,8,4,15,5,13,3,2,3,11,1,0,11,12,8,3,0,8,18,9,2,3,11,0,4,3,18,10,16,12,11,4,8,6,36,4,14,0,3,9,7,7,2,2,3,12
"COG5403",0,0,0,0,0,0,0,0,0,0,0,0,0,0,0,0,1,0,0,0,0,0,0,0,1,0,0,0,0,0,3,0,0,0,0,0,0,0,0,0,0,0,5,0,0,0,0,0,0,0,0,0,0,0,0,0,0,0,0,0,0,0,0,0,0,0,0,0,0,0,0,0,0,0,1,0,1,3,0,0,0,1,0,0,0,0,0,0,0,1,0,0,0,0,1,0,0,0,0,0
"COG5404",3,1,3,0,2,0,1,0,0,1,0,0,0,0,0,0,2,0,0,0,0,11,3,0,1,0,0,0,0,0,5,0,0,3,5,0,1,0,0,0,0,0,9,0,0,0,0,5,0,0,0,1,0,0,0,0,2,1,5,0,0,2,1,0,0,0,1,0,1,2,0,0,0,0,0,0,1,3,0,0,0,0,0,0,0,0,2,0,1,1,0,0,0,0,1,0,0,0,1,0
"COG5405",91,102,39,106,91,98,105,94,115,122,119,118,116,96,110,112,55,104,107,89,76,102,86,112,78,107,106,97,90,106,87,98,115,91,99,89,137,94,85,72,111,96,90,106,89,92,110,56,106,89,123,100,85,113,65,120,115,101,102,120,85,104,59,110,112,151,102,117,126,85,104,112,97,93,71,79,104,82,111,108,149,123,141,130,119,90,92,54,118,96,157,101,85,113,134,102,31,83,81,92
"COG5406",0,0,2,0,3,0,1,0,1,0,0,4,0,5,0,0,0,6,0,0,4,2,0,1,2,3,4,0,1,3,0,8,1,0,6,0,0,5,0,5,0,1,0,2,0,3,0,0,9,0,0,12,0,1,6,0,0,0,0,1,0,0,4,0,0,0,1,3,3,0,0,1,3,3,0,5,2,0,7,2,0,22,1,6,1,0,0,0,0,0,0,0,21,1,0,0,5,20,4,0
"COG5407",0,0,0,2,6,0,0,0,1,1,0,4,0,3,0,0,0,6,0,0,4,5,0,0,0,1,1,0,1,3,0,3,1,0,7,0,0,3,1,3,0,3,0,3,0,2,0,2,3,1,0,4,1,0,1,2,3,0,0,2,0,0,1,0,0,0,1,1,2,2,0,9,3,4,0,9,5,0,5,3,1,13,0,8,0,0,0,1,0,1,0,0,8,2,0,0,1,19,4,0
"COG5409",0,0,0,0,10,1,1,0,0,0,0,1,0,8,0,0,0,7,0,0,1,0,0,0,0,0,1,0,0,2,0,3,0,0,2,1,0,10,0,2,0,0,0,0,0,5,0,1,3,0,0,3,1,0,9,0,0,0,0,1,0,0,0,0,0,0,1,1,2,0,0,4,2,3,0,7,2,0,5,3,0,19,0,6,0,0,0,0,0,1,0,0,14,1,0,0,3,4,0,0
"COG5410",11,22,30,195,50,12,96,80,163,129,25,59,52,59,127,85,17,30,16,44,56,129,38,167,145,172,215,19,64,29,19,32,34,57,384,22,59,59,47,273,24,195,20,112,19,42,77,81,70,98,39,80,95,11,27,18,64,162,20,62,9,26,48,74,45,57,548,70,38,13,16,20,60,106,24,329,71,44,39,217,97,63,147,44,83,31,140,166,145,21,59,20,57,51,127,138,83,75,36,78
"COG5411",0,0,0,0,3,1,0,0,1,0,0,7,0,3,0,0,1,6,0,0,6,13,0,4,0,1,3,1,0,6,1,8,2,0,8,0,0,12,0,7,0,3,0,3,0,3,0,0,6,0,0,5,0,1,4,1,0,0,0,3,0,0,0,0,0,0,2,3,1,7,0,7,1,2,2,11,12,0,7,2,0,26,0,9,0,0,0,4,2,1,0,0,28,0,0,1,1,22,5,0
"COG5412",0,0,1,2,0,2,2,3,2,0,1,0,0,2,1,2,1,1,0,0,0,0,0,3,2,1,0,0,0,1,0,0,18,0,8,5,1,2,1,0,0,0,0,1,0,0,0,1,0,1,0,1,2,0,0,0,1,0,0,3,0,0,1,3,0,0,5,6,0,0,0,0,1,1,0,12,1,0,0,2,0,0,0,0,0,0,1,2,2,0,0,0,3,3,2,0,3,3,0,0
"COG5413",0,3,32,9,2,0,2,0,13,0,0,10,0,10,9,0,0,6,0,0,24,0,0,12,1,12,5,0,4,4,1,9,31,5,8,1,0,6,1,5,0,3,0,1,0,2,4,54,1,0,0,22,6,0,19,4,2,1,0,2,0,0,10,1,0,0,0,2,0,0,0,13,3,4,6,15,5,0,20,21,0,24,1,5,0,1,14,0,0,2,0,1,10,29,1,18,7,23,30,4
"COG5419",2,3,4,0,5,0,4,1,0,0,0,3,2,0,0,0,2,0,1,1,1,0,4,0,2,0,0,0,1,1,7,0,0,0,3,11,0,0,0,0,0,2,11,0,0,0,1,17,0,0,1,4,0,1,0,2,2,2,1,0,4,0,1,0,0,0,0,0,1,0,2,0,0,1,1,0,1,12,1,0,0,1,0,0,0,4,1,0,1,5,0,2,1,0,0,3,1,0,0,0
"COG5421",17,19,20,0,7,29,36,0,1,0,36,14,85,1,19,2,738,0,0,30,22,5,140,1,36,0,1,3,0,6,191,1,1,66,53,12,52,0,4,1,16,0,125,13,61,2,36,137,0,1,1,1,8,2,7,1,36,3,99,4,16,6,23,1,0,20,8,1,16,1,32,0,2,11,22,0,0,59,39,6,0,5,0,2,3,76,1,4,2,11,0,23,25,2,9,3,20,10,7,0
"COG5422",0,0,0,0,1,0,1,0,1,0,0,1,0,0,0,0,1,1,0,0,2,10,0,0,0,0,0,0,0,2,0,1,0,0,3,0,0,2,0,0,0,0,0,0,0,0,0,0,1,0,0,0,0,0,0,1,0,1,0,1,0,0,1,0,0,0,2,2,0,2,0,2,0,0,0,0,3,0,1,0,0,4,0,0,0,0,0,0,0,0,0,0,0,1,0,0,1,3,0,1
"COG5423",0,11,0,0,0,0,0,0,0,0,13,0,2,0,0,0,0,0,0,3,0,0,1,2,0,0,0,1,0,0,0,0,0,2,0,0,28,0,0,0,0,0,1,0,1,0,22,0,1,0,0,0,0,0,0,0,0,0,10,0,0,0,1,0,1,13,0,0,0,0,1,0,0,0,0,0,0,0,0,0,0,0,0,0,0,0,0,0,0,0,0,0,0,0,0,0,0,1,0,0
"COG5424",106,33,23,45,12,100,34,33,61,56,30,25,103,39,31,52,83,26,26,114,44,17,65,25,66,35,39,85,31,30,83,32,46,62,58,99,16,42,39,58,74,27,73,36,82,27,17,50,57,63,47,38,82,14,34,62,70,33,51,50,127,71,20,32,139,20,39,35,68,6,118,62,24,33,23,25,41,123,49,38,60,34,44,55,62,105,25,15,66,79,41,121,46,50,29,28,23,43,27,37
"COG5425",1,2,1,8,0,0,3,0,0,0,0,0,2,4,1,1,1,0,0,5,1,1,2,3,7,1,1,2,3,0,1,0,1,3,6,3,3,0,0,3,4,1,9,0,0,2,1,0,2,0,2,0,7,2,0,1,0,1,2,2,1,3,1,3,2,0,11,4,1,0,1,0,4,0,0,5,2,2,0,1,2,2,0,1,4,2,4,0,4,3,0,3,0,2,0,2,1,4,0,1
"COG5426",2,1,3,1,1,2,9,2,8,3,11,0,22,2,1,0,2,5,3,8,8,2,10,3,3,0,0,4,0,1,1,1,5,24,26,2,3,3,1,10,5,3,19,1,7,4,2,7,4,0,1,10,19,5,4,2,1,0,4,5,8,8,6,1,4,1,2,1,0,0,3,7,3,1,4,5,0,10,1,0,0,2,1,4,3,11,3,4,2,8,1,5,8,2,1,6,0,4,2,0
"COG5427",20,14,7,7,0,5,5,1,4,2,23,2,107,15,0,1,25,29,1,78,75,0,144,6,22,28,1,119,26,3,37,6,27,61,92,13,8,18,2,168,31,7,60,0,57,17,18,21,35,6,40,26,142,0,22,29,109,3,24,17,61,38,3,26,129,8,12,21,22,0,75,35,2,2,2,17,1,82,18,12,91,18,2,41,129,60,12,0,7,32,42,52,39,90,0,9,2,9,22,3
"COG5428",1,0,0,0,0,0,0,0,0,0,0,0,0,0,0,0,0,0,0,0,0,0,0,0,1,0,0,0,0,0,0,0,0,0,0,0,1,0,0,1,0,0,0,0,0,0,0,0,0,0,0,0,1,0,0,1,0,0,0,0,0,1,0,0,0,1,0,0,0,0,1,0,0,0,0,0,0,0,0,0,0,0,0,0,0,0,0,0,0,0,0,0,0,0,0,0,0,0,0,0
"COG5429",5,3,9,0,7,10,7,1,3,0,9,2,5,2,6,2,89,3,1,8,3,27,23,0,7,1,0,6,4,0,36,2,2,27,10,4,5,0,3,2,7,0,23,3,18,3,1,7,4,0,2,2,6,1,5,6,1,1,6,2,4,5,6,1,1,5,0,0,3,5,4,2,2,3,2,1,0,10,6,0,1,5,1,0,0,12,2,11,1,1,0,3,5,5,7,5,1,2,2,1
"COG5430",7,1,0,0,51,0,0,0,0,0,0,0,0,0,4,0,0,0,0,4,2,10,0,0,1,0,0,1,0,0,1,0,0,0,3,9,0,1,0,0,0,0,7,0,1,0,0,5,0,1,0,0,0,0,0,0,0,0,0,0,5,1,0,0,0,0,0,0,0,1,6,0,0,0,3,0,0,7,1,0,1,0,0,0,1,3,1,13,0,8,0,4,0,1,0,0,0,1,0,0
"COG5431",0,0,0,0,0,0,0,0,0,0,0,0,0,0,0,0,0,0,0,0,0,0,0,0,0,0,0,0,0,0,0,0,0,0,0,0,0,0,0,0,0,0,0,0,0,0,0,0,1,0,0,0,0,0,0,0,0,0,0,0,0,0,0,0,0,0,0,0,0,0,0,0,0,0,0,0,0,0,0,0,0,0,0,0,0,0,0,0,0,0,0,0,0,0,0,0,0,0,0,0
"COG5432",0,0,0,0,2,0,0,0,0,0,0,0,0,0,0,0,0,0,0,0,0,0,0,1,0,0,0,0,0,0,0,1,0,1,1,0,0,1,0,1,0,0,0,0,0,1,0,0,1,0,0,1,0,0,0,0,0,0,0,1,0,0,0,0,0,0,0,0,1,0,0,1,0,0,0,2,0,0,0,1,0,2,0,0,0,0,0,0,0,0,0,0,5,0,0,0,0,1,0,0
"COG5433",21,26,34,1,9,26,23,1,13,0,38,21,91,40,71,2,854,1,2,30,16,15,168,2,55,1,1,4,0,9,224,7,2,86,23,7,27,2,11,0,9,3,89,29,10,4,22,133,1,0,0,3,10,6,15,5,33,0,53,2,3,8,34,2,2,28,21,2,9,1,19,0,2,15,12,3,1,26,76,6,0,7,1,1,1,30,9,6,4,8,0,46,20,5,10,8,21,9,20,1
"COG5434",73,21,8,6,6,28,11,3,3,11,18,31,12,26,10,5,147,3,3,6,16,9,35,5,32,1,21,20,13,10,53,15,14,38,31,40,4,7,6,7,22,1,54,23,29,17,18,39,21,15,11,6,4,3,7,0,13,1,26,6,21,15,13,18,0,4,9,8,17,2,21,6,11,13,9,7,3,10,17,6,5,9,11,9,2,85,7,21,9,22,4,18,8,27,10,4,9,12,9,13
"COG5436",4,7,5,2,3,8,5,13,7,19,0,2,2,10,6,4,0,4,11,3,2,5,3,3,4,7,0,4,3,9,4,3,7,3,3,2,0,9,13,2,7,3,12,2,11,8,4,4,8,2,11,8,1,9,3,7,13,11,1,6,7,5,1,8,3,3,7,4,10,2,6,3,11,4,2,3,12,7,6,3,9,7,22,3,9,4,3,2,10,4,15,4,0,8,13,1,0,2,7,6
"COG5437",3,0,2,1,0,1,1,0,2,6,0,0,2,0,1,1,0,0,2,3,3,1,1,0,3,2,1,3,0,1,5,0,0,2,8,9,0,2,0,2,0,2,8,0,2,1,0,1,2,0,0,0,2,1,1,1,0,4,0,3,3,1,1,0,1,0,3,1,1,0,3,0,0,1,1,5,3,2,1,3,0,0,4,0,4,3,2,5,3,7,1,1,1,1,2,6,4,2,1,0
"COG5438",0,0,1,0,0,1,0,0,0,0,1,0,4,1,0,1,0,2,0,2,3,0,5,2,4,0,0,2,1,0,0,3,0,2,1,1,1,1,3,3,0,1,0,0,0,1,0,1,3,0,1,2,5,0,2,5,5,0,0,1,1,2,0,0,6,0,1,0,0,0,1,4,0,0,0,4,0,0,1,0,3,3,1,1,4,1,1,2,0,2,0,0,1,0,0,3,0,1,4,0
"COG5439",0,0,0,0,0,0,0,0,0,0,0,0,0,0,0,0,0,0,0,0,0,0,0,0,0,0,0,0,0,0,0,0,0,0,0,0,0,0,0,0,0,0,0,0,0,1,0,2,0,0,0,0,0,0,0,0,0,0,0,0,0,0,0,0,0,0,0,0,0,0,0,0,0,0,0,0,0,0,0,0,0,1,0,0,0,1,0,0,0,0,0,0,0,0,0,0,0,0,0,0
"COG5440",0,0,3,2,0,0,3,3,0,0,1,12,1,10,0,1,0,7,2,2,7,0,1,0,0,3,1,3,5,1,0,0,3,1,11,1,1,4,1,14,0,1,0,0,0,0,1,4,2,2,6,3,2,0,13,3,0,1,1,4,0,1,2,3,0,0,1,7,5,0,0,3,5,1,3,0,2,1,8,3,1,12,0,1,2,0,0,0,1,0,3,0,7,0,3,0,1,1,8,2
"COG5441",6,35,12,22,55,6,11,5,11,1,70,13,12,8,17,9,1,4,7,5,11,51,18,12,8,9,16,18,7,10,4,23,9,33,19,8,91,5,6,21,11,12,34,19,12,19,62,12,8,6,3,10,16,3,15,4,9,3,78,6,13,8,7,7,1,52,4,10,1,15,9,11,8,24,4,14,7,11,4,9,3,10,6,6,1,10,6,24,5,10,5,9,10,8,2,5,13,10,10,12
"COG5442",0,0,2,1,2,0,0,1,0,0,0,0,1,0,2,0,0,1,1,0,3,0,3,0,1,0,0,0,0,2,5,1,0,2,2,2,0,0,1,1,0,4,4,0,1,0,0,0,0,0,0,2,0,0,1,2,0,3,0,4,2,0,2,1,0,0,2,0,0,0,0,4,1,0,1,0,0,0,1,0,2,1,0,1,1,2,1,3,1,2,1,1,1,1,1,2,1,1,0,0
"COG5443",1,0,1,0,0,0,2,1,1,0,0,0,1,1,1,1,0,2,2,3,3,0,5,0,4,1,0,2,1,2,6,0,2,7,1,1,1,0,0,6,0,4,15,1,2,0,0,4,0,0,0,0,0,0,2,4,3,2,4,0,3,2,6,1,3,0,0,0,0,0,4,3,0,1,4,1,2,6,1,1,1,3,1,0,0,7,0,0,0,7,1,1,2,0,2,0,0,4,1,0
"COG5444",1,0,4,0,0,0,0,0,0,0,0,0,0,0,0,0,0,0,1,0,0,0,2,0,1,0,0,1,0,0,0,0,0,2,2,7,0,0,2,0,0,0,0,1,0,0,0,2,0,0,0,0,0,0,0,0,0,1,0,2,0,0,6,0,0,0,0,1,0,0,1,0,0,0,0,0,0,0,0,0,0,0,0,1,0,1,1,0,0,0,0,3,0,0,0,0,0,0,0,0
"COG5446",15,18,5,2,15,9,1,1,4,0,9,1,8,3,3,0,0,1,0,23,7,24,19,3,8,1,0,12,1,1,8,7,5,13,1,10,17,2,2,11,28,4,14,0,22,8,19,3,8,0,1,4,9,0,2,1,2,2,9,1,22,7,4,1,2,6,1,4,1,6,19,1,1,1,3,3,0,13,4,0,3,4,2,0,1,7,4,5,0,15,1,18,1,4,2,1,1,3,5,1
"COG5447",0,1,3,5,16,0,4,3,6,3,1,3,0,9,6,4,0,6,6,2,6,14,2,6,4,3,12,1,1,13,3,4,3,1,3,1,1,1,6,6,1,5,4,11,2,4,2,1,5,2,1,3,2,2,6,1,0,6,1,5,1,0,3,5,2,0,5,7,0,1,3,4,6,8,8,1,9,3,2,6,1,11,4,3,1,1,3,10,0,3,4,0,10,1,9,5,2,3,7,5
"COG5448",5,1,4,0,1,3,2,0,0,0,0,0,3,0,1,1,1,0,0,9,3,1,3,0,2,1,0,5,0,2,10,0,0,3,7,19,0,0,0,0,3,0,26,0,3,0,1,4,5,0,1,1,1,0,1,1,0,0,1,0,5,2,0,0,0,1,0,0,2,0,16,0,1,0,1,0,1,3,1,0,0,1,0,0,4,8,0,2,5,16,0,5,1,1,1,1,1,0,0,1
"COG5449",3,0,1,0,3,2,0,0,1,0,0,0,1,1,2,0,1,0,0,5,1,2,0,0,3,0,1,5,2,2,16,0,0,3,6,22,0,0,0,0,1,0,20,0,1,3,1,2,1,0,0,0,3,1,0,0,0,2,1,0,5,1,5,0,1,2,1,0,2,0,7,0,0,1,1,0,1,7,0,0,2,1,0,0,1,5,0,0,3,5,0,9,0,1,0,0,1,1,3,0
"COG5450",0,0,0,0,0,0,0,0,0,0,0,0,0,0,0,0,0,0,0,0,0,0,0,0,0,0,0,0,0,0,0,0,0,0,1,1,0,0,0,0,0,0,2,0,0,0,0,0,0,0,0,0,0,0,0,0,0,0,0,0,1,0,0,0,0,0,0,0,0,0,0,0,0,1,0,0,0,0,0,0,0,0,0,0,0,0,0,0,0,0,0,0,0,0,0,0,0,0,0,0
"COG5451",0,0,0,0,0,0,0,0,0,0,0,0,0,0,0,0,0,0,0,0,0,0,0,0,0,0,0,0,0,0,0,0,0,0,1,0,0,0,0,0,0,0,4,0,0,0,0,0,0,0,0,0,1,0,0,0,0,0,0,0,0,0,0,0,0,0,0,0,0,0,0,0,0,0,0,0,0,0,0,0,0,0,0,0,0,1,0,0,0,1,0,0,0,0,0,0,0,0,0,0
"COG5452",4,9,14,10,4,9,7,16,29,20,12,8,18,12,10,19,3,17,20,13,18,1,12,15,8,7,5,18,12,13,7,17,11,18,20,24,32,22,5,18,14,7,24,10,8,11,11,6,17,13,16,11,17,13,15,14,13,16,6,14,19,9,11,13,22,29,15,19,6,2,10,12,15,9,12,12,18,11,10,13,16,10,12,19,8,15,8,3,7,18,14,7,14,15,10,12,9,11,10,8
"COG5453",3,0,0,0,0,1,0,0,0,0,0,0,1,0,3,0,0,1,1,0,0,5,5,0,0,0,0,1,0,0,1,0,0,0,0,1,0,1,0,0,2,0,6,1,2,0,0,0,1,1,0,0,0,0,0,0,0,0,4,0,0,2,0,0,0,0,1,1,1,1,1,0,0,0,0,1,0,4,0,1,2,0,0,0,0,4,0,0,0,1,0,4,0,0,1,0,0,0,0,0
"COG5454",0,0,0,1,0,0,3,1,4,2,0,1,2,1,2,1,1,1,0,0,0,2,0,0,3,1,0,0,2,1,1,1,1,3,2,1,0,0,1,1,0,1,2,1,1,0,0,2,3,2,1,0,0,0,0,3,1,1,4,3,0,0,0,3,0,0,0,2,1,0,0,0,1,1,1,0,0,0,2,1,4,0,0,1,1,1,0,0,2,1,3,2,1,2,0,0,0,0,0,2
"COG5455",0,0,0,0,0,0,0,0,0,0,0,0,0,0,0,0,0,0,0,0,0,0,0,0,0,0,0,0,0,0,1,0,0,0,2,5,0,0,0,0,0,0,2,0,0,0,0,0,0,0,0,0,0,0,0,0,0,0,0,0,0,0,0,0,0,0,0,0,0,0,0,0,0,0,0,0,0,1,0,0,0,0,0,0,0,0,0,0,0,0,0,0,0,0,0,0,0,0,0,0
"COG5456",1,14,0,0,0,18,1,0,0,0,0,0,0,0,5,0,1,0,0,1,1,0,5,0,0,2,0,1,0,0,3,0,0,0,3,3,13,0,0,0,6,0,11,0,1,1,4,1,0,0,0,2,2,0,1,2,0,1,4,0,2,0,0,0,1,14,0,0,0,1,2,0,0,0,0,1,0,4,0,0,0,0,0,0,0,1,2,5,0,4,0,0,1,0,1,1,0,0,0,0
"COG5457",0,0,1,0,0,0,0,0,0,0,0,0,0,1,0,0,0,0,0,0,0,0,0,0,0,0,0,0,0,0,0,0,0,0,0,1,0,0,0,0,0,0,3,0,0,0,0,0,0,0,0,0,0,1,0,0,0,0,0,0,0,0,0,0,0,0,0,0,0,0,0,0,0,0,0,0,0,1,0,0,0,0,0,0,0,0,0,1,0,0,0,0,0,0,0,0,0,0,0,0
"COG5458",6,4,23,25,18,4,15,20,10,7,2,13,2,14,12,16,2,8,10,10,9,20,7,13,9,14,15,3,11,9,7,12,8,10,10,5,4,9,9,19,2,8,14,12,4,18,2,11,18,13,5,21,10,13,14,5,8,11,2,7,8,0,16,5,2,1,7,6,4,6,4,17,12,20,23,12,15,12,8,5,9,7,10,9,5,7,11,18,5,11,6,5,21,7,17,26,11,15,7,11
"COG5459",0,1,4,2,7,2,0,0,2,0,0,3,3,3,0,2,1,6,5,1,5,0,1,1,1,0,0,0,0,0,7,2,1,3,6,1,2,5,2,1,3,1,1,0,1,2,3,2,6,1,1,3,2,3,1,1,1,1,1,3,1,2,0,0,1,0,3,0,2,0,2,4,0,1,2,8,1,2,3,1,0,7,0,2,0,4,3,0,0,2,0,2,14,0,0,1,4,11,7,0
"COG5460",2,9,0,0,0,9,2,0,2,0,6,3,0,3,0,0,19,0,0,1,1,0,6,0,4,1,0,0,0,0,15,0,0,3,2,1,5,0,0,0,7,0,5,0,5,0,11,6,0,0,0,0,1,0,0,0,0,0,11,0,2,5,3,0,0,5,0,0,3,0,3,0,0,1,2,0,0,0,2,1,0,0,0,0,0,1,0,0,0,2,1,0,0,1,3,0,0,1,0,0
"COG5461",1,0,3,0,0,0,0,0,0,0,1,0,4,0,2,0,0,0,0,2,0,0,2,0,1,1,0,0,0,0,1,0,0,0,0,1,0,0,0,2,0,0,14,0,2,0,1,0,0,0,0,0,0,1,0,1,0,0,0,0,0,2,0,1,0,1,0,0,0,0,1,1,0,0,0,0,0,1,0,0,0,0,0,0,0,2,1,0,0,1,0,1,0,0,0,0,0,1,0,0
"COG5462",0,0,1,0,0,1,0,0,4,0,3,0,4,0,0,2,1,0,0,1,0,0,3,1,1,0,0,2,0,1,0,1,0,0,1,0,1,0,1,1,0,0,2,0,0,0,1,0,0,1,0,0,2,0,0,3,1,3,1,0,1,0,0,1,0,1,0,0,0,0,0,0,1,0,0,1,0,1,1,0,0,2,0,0,0,1,0,0,0,1,0,1,0,1,2,0,0,0,0,0
"COG5463",7,5,2,0,0,8,4,2,0,1,7,6,4,9,0,1,57,1,2,2,4,1,11,1,10,0,1,1,1,2,23,0,1,23,8,0,0,1,0,6,4,3,12,2,7,1,0,20,1,0,0,1,2,3,4,1,4,1,2,4,1,7,3,3,0,2,1,0,4,0,5,1,1,1,1,0,0,5,2,2,0,1,3,2,1,3,1,1,0,2,0,5,3,2,3,1,1,5,2,1
"COG5464",2,1,6,0,1,1,0,0,0,0,0,1,0,2,0,0,0,0,0,10,4,0,2,0,4,1,1,0,1,1,2,1,1,0,1,1,0,0,0,1,0,1,3,1,0,0,0,0,0,1,0,0,3,2,0,13,0,0,1,8,5,1,0,0,0,0,2,0,1,0,0,0,1,1,1,0,0,1,3,0,0,3,0,0,0,2,1,1,0,2,0,2,1,0,0,3,3,0,0,0
"COG5465",7,5,22,21,21,10,19,20,23,11,10,22,14,14,16,22,2,17,19,12,17,22,10,19,11,24,22,9,14,13,10,22,18,18,20,20,8,15,20,23,9,16,23,34,6,22,12,17,24,15,18,31,13,27,23,16,25,15,13,24,10,6,14,15,15,9,14,25,9,5,9,17,17,23,21,22,18,15,15,15,17,9,8,21,8,21,10,17,6,8,12,13,32,23,28,26,20,30,17,22
"COG5466",0,0,0,0,0,0,0,0,0,0,0,0,0,0,0,0,1,0,0,0,0,0,0,0,0,0,0,0,0,0,0,0,0,0,0,1,0,0,0,0,0,0,0,0,0,0,0,0,0,0,0,0,0,0,0,0,0,0,1,0,0,0,0,0,0,0,0,0,0,0,0,0,0,0,0,0,0,0,0,0,0,0,0,0,0,0,0,0,0,0,0,0,0,0,0,0,0,0,0,0
"COG5467",19,22,5,6,6,23,21,16,16,11,14,14,33,14,4,9,0,27,27,33,17,15,11,5,16,28,5,21,13,16,20,10,30,10,24,24,22,16,21,12,29,14,27,8,26,14,31,11,7,16,20,7,22,28,14,24,26,21,23,17,34,27,9,12,40,39,18,17,17,5,26,24,9,12,11,11,15,23,21,6,22,14,15,16,31,26,6,2,41,30,14,20,5,18,9,13,2,15,12,6
"COG5468",0,0,0,0,0,0,0,0,0,0,0,0,1,0,0,0,0,0,0,0,0,0,0,0,0,0,0,0,0,0,0,0,0,0,0,0,0,0,0,0,0,0,3,0,0,0,0,0,0,0,0,0,0,0,0,0,0,0,0,0,0,0,0,0,0,0,1,0,0,0,0,0,0,0,0,0,0,0,0,0,0,0,0,0,0,2,0,0,0,1,0,0,0,0,0,0,0,0,0,0
"COG5469",1,0,4,0,1,0,11,7,1,2,0,6,0,0,2,20,0,1,9,0,9,1,1,0,1,6,7,1,2,7,4,7,5,1,9,1,0,8,4,5,0,2,2,7,0,4,0,1,7,0,2,10,0,10,0,16,2,8,0,3,0,0,3,1,0,0,4,4,0,2,1,7,4,3,17,1,22,1,0,3,6,4,1,0,9,0,1,5,7,1,0,3,2,3,3,6,3,9,5,2
"COG5470",54,41,35,98,58,38,78,103,124,127,27,78,65,97,94,99,4,82,128,56,54,52,50,102,65,99,90,76,88,70,52,102,73,53,54,43,35,94,100,78,65,80,38,71,59,110,48,40,88,78,121,78,63,103,62,87,76,103,48,85,57,61,48,109,67,50,90,95,94,44,64,101,90,98,54,75,90,46,79,79,98,73,111,112,121,68,75,50,160,53,112,54,62,78,125,90,44,106,52,80
"COG5471",1,0,1,0,0,0,0,0,0,0,0,0,0,0,1,0,0,0,0,0,0,0,0,0,0,1,0,0,0,0,0,0,0,0,0,1,0,0,0,0,0,0,1,0,0,0,0,0,0,1,0,0,0,0,0,0,0,0,0,0,1,0,0,0,0,0,0,0,0,0,0,0,0,0,0,0,0,1,0,0,0,0,0,0,0,0,0,0,0,0,0,0,0,0,0,0,0,0,0,0
"COG5472",0,0,1,0,2,0,0,0,0,1,2,0,0,1,0,0,0,0,0,0,1,0,0,0,1,0,0,0,2,1,0,0,0,1,0,2,0,0,0,2,0,0,1,0,1,0,0,0,0,0,0,0,0,0,0,0,1,0,0,0,0,0,0,0,0,1,2,0,0,0,0,0,0,1,0,0,1,1,0,0,0,0,0,0,0,0,0,0,1,1,0,0,0,1,0,0,0,0,0,0
"COG5473",10,8,16,0,1,3,7,0,1,0,7,9,8,9,16,0,89,0,2,0,2,10,31,0,20,3,0,3,1,3,33,0,1,5,16,6,4,0,3,1,3,0,27,4,10,0,2,20,1,0,2,0,1,1,1,1,7,1,3,0,5,6,4,0,0,0,1,1,9,4,4,0,0,1,4,0,0,5,2,1,0,3,0,0,0,3,0,6,0,3,0,4,7,0,7,5,1,6,5,0
"COG5474",0,0,12,5,0,1,1,0,8,1,0,1,1,3,12,0,0,4,0,0,0,0,2,12,0,1,2,0,0,0,0,8,0,0,0,1,0,0,0,0,2,5,0,0,0,3,0,0,0,0,0,11,0,0,4,7,0,0,0,0,0,0,5,0,0,0,2,3,0,0,0,4,3,4,5,7,6,0,0,20,0,6,1,3,0,2,8,1,1,2,0,1,7,1,2,18,2,7,12,0
"COG5476",101,153,65,64,118,91,54,56,71,53,65,73,229,63,60,80,19,61,72,142,97,116,217,59,71,59,86,148,100,70,82,94,61,237,148,71,77,63,69,233,163,84,82,116,151,87,131,77,108,69,98,96,172,74,63,71,86,80,133,75,146,159,66,93,56,68,76,79,46,64,137,82,74,71,59,97,54,132,75,44,70,109,96,77,77,147,69,127,37,107,65,132,89,106,51,114,58,68,70,71
"COG5477",5,11,1,5,11,4,10,11,22,21,12,7,7,10,19,14,3,5,6,2,7,1,1,12,9,14,4,6,6,11,8,4,9,4,9,10,19,6,7,2,11,13,5,9,5,11,26,6,7,6,5,7,9,2,2,9,9,8,15,15,4,5,2,9,4,24,12,9,11,0,8,8,10,3,2,13,5,6,16,7,7,9,16,13,12,3,16,7,17,4,8,5,4,10,11,7,2,8,6,5
"COG5478",0,0,0,0,0,0,2,0,0,0,0,0,0,0,0,0,0,0,0,0,0,0,0,0,0,0,0,0,0,0,0,0,0,0,0,2,0,0,0,0,0,0,0,0,2,0,0,0,0,0,0,0,0,0,0,0,0,0,0,0,0,0,0,0,0,0,0,0,0,0,0,0,0,0,0,0,0,1,0,0,0,0,0,0,0,0,0,0,0,0,0,2,0,0,0,0,0,0,0,0
"COG5479",11,26,1,16,0,16,2,2,0,2,92,16,14,7,1,0,6,9,1,11,7,0,17,8,9,9,4,24,10,9,7,4,11,5,14,4,96,5,6,26,17,7,9,0,20,5,36,6,12,19,16,9,22,1,8,17,10,1,34,11,6,6,5,5,15,72,10,3,20,0,12,14,0,3,2,4,2,7,11,15,14,6,3,34,10,8,15,6,10,5,22,12,10,6,0,6,3,3,7,1
"COG5480",0,0,1,0,0,0,0,0,3,2,0,1,0,0,0,1,0,0,0,1,0,0,4,0,1,0,2,1,0,0,2,1,0,2,0,1,0,0,0,0,0,1,8,1,1,1,0,0,0,2,0,0,0,0,1,0,0,1,0,0,0,0,0,0,1,0,0,0,0,0,0,0,0,2,0,0,0,2,0,0,0,1,2,0,0,3,1,2,0,0,1,0,0,0,4,1,0,0,0,0
"COG5481",1,2,2,0,0,0,3,0,0,0,0,0,0,0,0,0,0,0,0,1,0,0,0,0,0,0,0,0,0,1,0,0,0,1,1,3,1,0,0,0,0,0,0,0,0,0,4,1,0,0,0,0,0,0,0,0,0,0,0,0,0,0,1,0,0,0,0,0,0,0,1,0,0,0,0,0,0,0,0,0,0,0,0,0,0,2,0,0,1,4,0,2,0,0,0,0,0,0,0,0
"COG5482",1,3,1,0,27,4,0,0,0,0,3,1,1,1,2,1,0,0,0,4,0,34,6,0,4,3,1,6,2,1,7,1,1,5,2,5,6,2,1,8,6,4,15,0,5,3,13,0,3,0,0,0,1,0,1,1,1,2,5,2,3,5,0,3,0,6,2,0,0,4,6,2,1,0,4,1,1,2,0,0,0,0,3,0,2,8,1,19,0,6,0,7,0,0,1,1,0,1,1,0
"COG5483",0,1,6,0,0,0,2,2,2,0,6,0,2,0,0,0,0,0,0,1,0,0,1,0,1,0,1,1,0,0,1,1,0,2,0,2,2,0,0,2,0,0,2,0,4,2,1,1,0,2,1,1,0,2,0,5,0,1,2,1,5,0,8,0,4,12,0,0,1,1,1,0,0,0,1,0,0,4,1,1,1,0,0,1,0,5,4,0,0,4,0,1,2,3,0,1,2,1,0,1
"COG5484",9,0,0,0,1,0,3,0,0,0,1,0,0,0,0,0,1,0,0,0,0,0,6,0,3,0,0,4,0,0,5,0,1,0,1,0,0,0,0,0,0,0,4,0,1,0,1,5,0,0,0,0,0,0,1,0,1,1,2,0,20,0,4,0,0,1,2,0,1,0,1,0,0,0,2,2,0,3,1,0,0,0,0,0,0,1,1,0,0,1,0,0,3,0,0,0,2,0,0,0
"COG5485",6,7,14,1,29,13,3,3,8,11,5,16,10,8,14,2,0,6,7,16,11,30,12,4,9,10,19,10,8,22,9,13,9,9,13,6,4,18,11,4,10,6,9,22,13,24,4,6,10,24,16,15,10,11,10,18,10,7,7,8,10,13,8,10,8,3,6,3,16,22,17,11,5,15,6,11,7,20,5,6,11,10,12,9,5,19,9,27,11,12,13,9,28,10,16,12,10,14,13,20
"COG5486",16,15,13,22,9,20,21,23,36,19,7,18,22,25,15,27,3,14,27,20,16,4,27,17,12,22,22,17,16,18,12,34,15,18,20,11,10,23,27,41,37,33,20,13,26,26,12,5,24,13,28,16,30,27,16,19,15,28,13,20,26,26,19,20,14,8,28,30,12,22,31,19,27,28,16,21,19,23,9,25,22,23,28,15,29,27,22,15,28,20,11,29,29,14,19,21,9,20,11,20
"COG5488",6,0,8,12,5,2,8,19,8,4,0,11,6,5,2,11,0,8,15,4,6,0,5,9,4,11,20,1,3,13,2,6,5,15,9,7,0,3,14,18,2,11,14,21,2,7,2,6,3,14,6,16,2,17,3,13,7,10,1,7,6,3,9,6,7,1,11,4,0,1,3,11,11,11,4,17,7,6,2,11,7,4,7,17,6,4,11,4,10,7,12,3,15,5,11,14,6,3,4,10
"COG5489",7,1,1,0,0,4,4,0,0,0,0,1,4,1,1,2,3,0,2,2,4,0,4,0,6,3,0,6,0,4,9,1,0,2,7,25,1,1,1,0,2,0,37,0,5,0,3,8,1,0,1,0,5,1,0,0,0,3,5,2,5,2,0,0,0,0,0,0,0,2,6,1,0,0,3,0,0,12,1,0,0,0,0,0,1,7,0,1,4,14,0,4,2,4,0,6,1,1,1,0
"COG5490",1,20,1,0,0,13,0,0,8,2,28,0,1,1,0,0,1,0,2,1,0,1,3,2,0,1,0,0,0,0,2,0,0,0,1,1,86,0,0,3,18,0,5,0,1,0,75,0,0,0,1,1,0,4,1,0,0,1,20,0,1,0,1,2,0,102,1,0,0,1,0,1,0,0,0,0,0,3,0,1,0,0,0,0,0,1,2,0,1,3,0,0,0,0,1,0,1,1,0,0
"COG5491",156,36,3,0,4,187,1,0,0,0,42,0,98,13,0,0,1,4,0,182,23,4,16,4,72,1,2,163,0,10,66,23,1,42,15,162,15,17,0,34,128,1,50,0,127,26,11,0,46,0,7,5,99,0,38,7,0,0,55,0,191,130,3,6,192,13,0,2,66,1,183,33,1,0,2,5,3,169,20,1,43,23,0,4,92,169,0,8,0,147,0,171,7,1,1,4,1,41,27,0
"COG5492",1,1,0,0,0,3,0,0,6,1,0,0,0,2,19,1,0,0,0,0,0,5,3,0,0,0,0,4,8,1,0,0,0,4,1,2,0,2,0,6,7,0,0,0,2,0,2,4,3,0,1,0,9,0,0,8,0,0,0,0,2,2,0,5,2,0,0,0,0,1,0,1,5,3,0,0,1,2,5,0,0,0,1,0,0,2,2,0,1,4,0,0,0,1,0,1,0,0,0,0
"COG5493",0,0,0,0,0,0,0,0,0,0,0,0,1,0,0,1,0,0,2,0,0,0,0,0,0,0,1,0,0,1,0,0,1,0,0,0,0,0,2,0,0,0,0,1,0,0,1,0,0,0,0,0,0,0,0,0,5,0,0,0,0,0,1,0,0,1,2,0,0,1,0,1,0,0,1,0,0,1,0,0,0,2,0,4,1,0,0,0,0,0,0,0,0,0,0,0,0,0,0,1
"COG5495",7,17,18,5,54,8,16,2,2,12,19,20,24,15,10,7,4,7,7,9,20,68,37,4,5,3,15,20,7,33,10,13,9,16,21,11,16,11,8,33,7,3,13,19,10,12,11,9,14,6,16,15,21,9,11,8,27,5,14,13,14,6,13,11,12,13,7,6,11,90,8,13,19,7,22,7,15,21,7,9,19,2,14,9,26,27,11,32,9,14,9,12,35,6,8,15,16,9,8,14
"COG5496",5,11,2,1,0,10,1,1,1,1,21,1,16,2,3,4,2,1,0,12,8,0,18,3,1,1,0,13,5,3,7,1,1,8,5,0,6,5,0,12,5,4,6,0,10,3,16,2,8,0,2,4,10,1,3,7,5,3,20,5,8,6,3,2,9,16,2,1,4,0,11,5,0,0,2,5,3,6,5,4,4,8,2,5,3,15,1,5,0,5,3,11,4,2,0,5,7,1,4,0
"COG5497",0,0,0,0,0,0,0,0,1,0,0,0,1,0,0,0,0,0,0,0,0,0,0,0,0,0,0,0,0,0,1,0,0,0,0,0,0,0,0,0,0,0,3,0,2,0,0,0,0,0,0,0,0,0,0,0,0,0,0,0,0,0,0,0,0,0,0,0,0,0,0,0,0,0,0,0,0,0,0,0,0,0,0,0,0,1,0,0,0,1,0,0,0,0,0,0,0,0,0,0
"COG5498",14,7,37,40,70,7,21,16,75,83,12,13,14,29,34,36,4,22,33,4,27,60,10,32,13,9,23,15,51,32,2,13,9,12,12,29,9,20,20,12,10,21,2,22,12,16,5,11,39,11,11,19,9,37,12,13,4,10,6,17,13,5,24,41,3,7,11,32,28,109,8,15,65,27,68,41,43,0,8,44,15,17,63,39,6,28,106,92,12,18,31,7,44,21,82,55,17,5,17,10
"COG5499",5,1,2,0,0,1,2,0,0,0,15,0,1,0,1,0,31,0,0,2,3,1,5,0,5,0,0,0,0,0,20,1,1,5,2,4,8,0,2,2,1,0,9,0,0,0,3,7,1,0,0,0,1,1,0,1,1,0,0,0,3,0,0,0,0,7,2,0,4,1,1,0,0,0,0,1,1,1,0,0,0,0,0,0,0,2,1,0,0,0,0,0,1,1,1,0,0,0,0,0
"COG5500",1,0,2,1,0,2,0,0,2,0,1,1,1,0,2,0,0,2,0,0,1,0,1,4,0,0,3,0,1,0,4,0,0,5,3,1,0,1,2,1,0,4,4,0,1,1,0,2,5,0,0,2,1,1,0,2,0,0,0,6,0,0,0,3,0,0,1,2,0,0,1,0,0,0,0,4,0,2,2,4,0,1,0,1,0,0,4,4,0,3,5,1,2,0,0,0,0,0,0,0
"COG5501",16,18,19,28,17,8,18,33,37,8,14,15,26,9,16,17,2,12,13,19,22,9,16,31,15,18,22,21,20,22,8,15,11,15,14,16,25,21,28,20,9,23,18,13,10,25,23,13,22,15,14,19,30,16,17,19,12,41,16,17,15,14,32,12,24,21,17,14,13,13,11,19,24,23,24,27,26,18,14,24,14,16,13,20,12,26,12,18,6,14,8,21,40,13,9,21,30,18,12,19
"COG5502",2,0,2,0,0,0,0,0,0,0,0,0,0,0,0,0,0,0,0,0,0,0,0,0,0,0,0,0,0,0,0,0,0,0,1,8,0,0,0,0,0,0,6,0,0,0,0,0,0,0,0,0,0,0,0,1,0,0,0,0,0,0,0,0,0,0,0,0,0,0,1,0,0,0,1,0,0,0,0,0,0,0,0,0,0,2,2,0,0,0,0,0,0,0,0,0,1,0,0,0
"COG5504",0,0,0,0,1,0,0,0,0,0,0,0,0,0,0,0,0,0,0,0,0,1,0,0,4,0,0,0,0,0,0,0,0,0,0,0,0,0,0,0,0,0,0,0,0,0,0,0,0,0,0,0,0,0,0,0,1,0,1,0,1,0,0,0,0,1,0,0,0,0,1,0,0,0,0,0,0,0,0,0,0,0,0,0,0,1,0,6,0,1,0,2,0,0,0,0,0,0,0,0
"COG5505",43,47,54,27,72,42,21,10,10,43,46,51,23,17,75,26,9,29,29,34,34,71,45,39,30,23,54,36,33,41,36,55,40,34,50,53,31,43,22,26,50,17,32,54,44,41,29,34,32,48,32,31,25,30,44,38,36,19,31,12,53,36,35,33,14,25,16,34,34,98,40,47,28,45,43,16,21,26,30,30,33,36,34,31,22,58,31,122,33,69,31,47,89,27,29,30,41,32,48,43
"COG5507",5,6,1,0,0,2,6,0,0,0,1,7,5,1,0,0,32,0,0,5,1,0,5,0,6,0,1,5,0,1,16,0,2,4,7,9,1,0,0,1,4,0,17,1,3,1,0,10,0,0,2,0,0,0,0,0,4,0,4,1,3,3,3,0,0,1,1,0,3,0,7,0,1,0,5,0,2,0,0,1,0,1,0,0,2,12,0,0,1,14,0,5,0,5,2,1,1,1,0,0
"COG5508",0,0,0,0,1,0,0,0,0,0,0,0,0,0,4,0,0,0,0,0,0,0,0,0,0,0,0,0,0,0,0,0,0,0,0,0,0,0,0,0,0,0,0,0,0,0,0,0,0,0,0,0,0,0,0,0,0,0,0,0,0,0,0,0,0,0,0,0,0,0,0,0,0,0,0,0,0,0,0,0,0,0,0,1,0,0,0,0,0,0,0,0,0,0,0,0,0,0,0,0
"COG5509",0,0,0,0,0,0,0,0,0,0,0,0,0,0,0,0,0,0,0,0,0,0,0,0,0,0,0,0,0,0,0,0,0,0,0,0,0,0,0,0,0,0,3,0,0,0,0,0,0,0,0,0,0,0,0,0,0,0,0,0,0,0,0,0,0,0,0,0,0,0,0,0,0,0,0,0,0,0,0,0,0,0,0,0,0,0,0,0,0,1,0,0,0,0,0,0,0,0,0,0
"COG5511",9,19,14,43,16,7,22,8,5,6,10,28,28,37,23,4,18,7,3,8,9,11,30,45,40,13,22,8,15,21,28,9,28,21,55,13,19,13,19,8,6,14,25,19,11,1,13,51,7,16,3,14,13,6,6,44,19,16,8,15,8,3,20,16,10,11,92,11,7,3,5,7,9,22,1,34,5,18,12,33,9,13,7,2,7,13,7,30,12,5,3,12,10,10,8,28,14,8,8,8
"COG5512",2,1,11,8,0,2,2,1,2,0,3,0,1,1,1,0,0,3,0,0,1,2,3,7,2,0,3,1,1,0,0,1,0,1,7,7,2,2,1,0,0,2,5,0,1,1,2,2,1,0,0,13,1,0,0,5,2,0,0,0,0,1,3,0,2,4,0,1,0,0,1,5,0,0,0,8,4,4,0,6,0,14,2,1,1,2,6,2,1,3,0,3,12,1,6,16,0,4,3,3
"COG5513",0,2,3,0,0,2,0,0,0,0,0,1,2,0,1,0,0,0,0,1,1,0,7,0,0,0,0,2,0,0,0,0,0,2,0,1,1,0,0,5,0,0,2,0,1,0,0,0,0,0,0,0,0,0,0,0,1,0,0,0,1,0,2,0,0,1,0,0,0,0,0,0,1,0,0,0,1,0,0,0,0,0,0,0,0,1,0,1,0,0,0,0,0,0,0,0,0,0,0,1
"COG5514",0,4,0,0,0,0,1,0,0,0,1,1,2,2,0,0,0,1,0,0,5,0,2,0,1,0,0,0,2,0,0,0,1,0,1,0,1,1,0,2,0,1,0,0,3,1,0,0,1,0,2,0,4,0,0,2,3,1,0,1,0,0,0,1,2,1,0,1,1,0,0,3,0,0,0,2,0,1,2,1,4,1,0,4,2,0,1,0,0,1,5,0,4,0,0,1,0,4,1,0
"COG5515",1,0,2,11,9,0,1,2,5,1,0,4,0,2,6,0,1,5,2,0,2,7,1,6,1,7,12,0,2,5,1,7,6,2,2,4,0,5,2,3,1,4,3,4,0,7,0,0,2,3,3,5,1,2,2,1,2,8,0,4,0,0,0,3,1,0,3,4,3,5,1,1,5,4,3,6,5,0,5,8,1,2,0,5,1,0,3,9,5,0,5,0,3,1,2,5,1,2,2,7
"COG5516",2,1,3,0,0,1,0,0,0,0,0,10,0,11,0,0,2,0,0,0,0,0,0,0,8,0,0,0,0,0,4,0,0,1,0,1,1,0,0,1,2,0,1,0,0,0,2,5,1,0,0,0,0,0,1,0,1,0,2,0,0,2,0,0,0,6,0,0,1,0,1,0,0,1,0,1,0,0,1,1,0,0,0,0,0,1,0,0,0,0,0,0,0,0,0,0,0,0,0,0
"COG5517",13,2,14,3,0,4,12,4,1,0,3,0,26,1,4,1,16,4,5,22,13,1,27,0,11,2,1,16,2,0,25,3,1,49,15,29,0,1,0,23,10,7,21,2,13,2,0,11,7,0,0,6,10,3,8,3,8,1,10,2,13,12,3,2,3,0,1,1,0,0,10,8,0,0,1,6,2,25,3,1,1,7,0,3,4,22,1,0,2,9,1,10,4,0,2,3,1,5,3,2
"COG5518",2,0,1,0,2,2,2,0,0,0,2,1,0,2,6,0,0,4,0,1,1,4,3,1,4,0,2,2,1,2,1,3,3,2,5,2,2,0,0,1,1,1,5,5,1,2,4,3,1,0,0,0,1,0,0,0,1,0,0,0,7,1,4,0,2,0,12,1,1,1,1,0,0,0,0,3,0,3,0,0,0,0,0,1,0,1,4,12,1,3,1,0,0,0,0,4,1,0,1,0
"COG5519",8,8,13,6,11,17,16,6,6,3,5,17,24,25,16,1,216,4,1,5,16,10,36,6,24,11,10,6,9,0,41,4,7,24,34,3,6,1,1,31,3,13,20,7,15,2,1,44,1,2,3,6,11,1,4,3,14,5,16,8,4,8,22,5,5,1,34,6,6,4,1,1,10,8,17,19,14,7,5,6,20,8,10,5,7,6,10,45,26,7,11,5,5,9,7,7,9,11,4,2
"COG5520",29,19,42,40,108,13,31,10,8,42,56,34,16,20,31,21,3,14,28,13,23,87,22,42,14,11,35,37,45,52,9,43,28,21,12,68,48,33,22,6,23,27,9,35,11,35,14,21,30,51,28,13,8,15,20,21,18,14,17,21,21,2,17,25,12,39,30,22,24,137,18,15,25,20,53,26,48,9,9,24,14,17,30,20,12,60,55,109,28,18,27,11,59,26,35,41,20,14,28,24
"COG5522",42,81,70,60,80,57,71,74,64,110,126,107,71,63,76,71,2,88,97,32,74,54,57,71,67,110,116,81,98,95,26,104,90,77,53,39,93,71,76,59,75,67,20,167,72,117,94,61,65,214,150,95,67,86,85,86,183,77,105,60,49,43,65,115,90,92,65,71,118,89,42,86,90,112,66,55,63,34,82,68,112,56,105,86,88,43,82,138,118,61,139,48,89,66,97,84,72,50,96,95
"COG5523",0,1,2,3,20,5,7,6,4,22,0,8,2,12,13,8,1,4,8,1,4,19,1,4,2,2,8,1,8,12,0,22,1,7,0,1,1,9,10,3,4,6,0,20,2,13,0,1,8,6,10,5,3,10,9,9,3,3,0,7,2,0,2,11,1,0,5,9,3,6,3,11,10,9,8,2,7,0,4,1,6,4,14,5,0,0,10,10,4,3,10,1,6,1,7,13,6,5,12,12
"COG5524",1,0,0,0,0,0,0,0,0,0,0,0,0,0,0,0,0,0,0,0,0,0,0,0,0,0,0,0,0,0,0,0,0,0,0,0,0,0,0,0,0,1,0,0,0,0,0,1,0,0,0,0,0,0,0,0,0,0,0,0,0,0,0,0,0,0,0,1,0,0,0,0,0,0,0,2,0,0,0,2,0,0,0,0,0,0,1,0,0,0,0,0,0,0,0,0,0,0,0,0
"COG5525",15,18,23,45,36,10,38,13,9,3,8,37,24,39,21,11,31,6,7,15,10,11,32,52,61,17,14,7,22,25,41,8,40,26,56,17,14,12,17,9,9,10,46,15,5,2,18,51,6,31,5,22,15,7,10,52,23,13,13,25,4,6,10,23,11,12,129,14,6,4,17,15,15,38,14,52,10,30,12,36,5,11,5,8,7,20,19,31,21,16,2,14,25,8,16,35,36,8,8,16
"COG5526",0,0,0,0,0,0,0,0,0,0,0,0,0,0,0,0,0,0,0,0,0,0,0,0,0,0,0,0,0,1,2,0,0,0,0,0,0,0,0,0,0,0,0,0,0,0,0,0,0,0,0,0,0,0,0,1,0,0,0,0,0,0,0,0,0,0,0,0,0,0,0,0,0,0,0,0,0,0,0,0,0,0,0,0,0,0,0,0,0,0,0,0,0,0,0,0,0,0,0,0
"COG5527",0,0,2,0,6,0,2,0,2,5,0,0,1,1,11,0,5,0,0,6,0,2,10,0,5,0,0,0,0,0,7,7,0,0,5,1,0,0,0,0,0,0,5,0,5,0,2,0,1,0,0,0,0,0,1,1,1,0,10,0,175,1,1,0,0,0,0,0,0,2,1,0,0,0,1,0,9,2,7,1,2,0,0,0,3,8,0,6,8,1,0,1,1,0,3,0,0,0,3,0
"COG5528",2,5,0,0,0,0,1,2,4,0,1,1,0,0,0,1,0,0,1,2,0,0,0,0,2,0,0,2,1,0,2,0,0,1,1,1,2,0,0,0,0,0,17,0,0,0,3,2,0,1,0,0,0,2,0,0,0,1,2,0,3,1,5,0,0,2,0,0,1,0,0,0,1,0,0,0,0,5,0,0,1,0,0,0,0,2,0,4,2,1,0,0,1,0,2,1,3,0,0,0
"COG5529",0,0,1,0,0,0,0,0,0,0,0,0,0,0,0,0,0,0,0,0,0,0,0,0,0,0,0,0,0,0,0,0,0,0,0,0,0,0,0,0,0,0,0,0,0,0,0,0,0,0,0,0,0,0,0,0,0,0,0,0,0,0,0,0,0,0,0,0,0,9,0,0,0,0,0,0,0,0,0,0,0,0,0,0,0,0,0,0,0,0,0,0,0,0,0,0,0,0,0,0
"COG5530",1,3,1,0,0,1,0,0,0,0,0,0,0,0,0,0,0,1,0,2,0,0,6,1,2,1,0,3,0,2,0,0,2,2,2,5,0,0,0,0,2,0,8,0,0,1,1,2,2,0,0,0,2,0,1,0,0,0,4,1,2,0,0,1,0,0,0,0,0,0,3,0,0,0,1,2,0,4,0,1,0,2,0,0,0,1,0,0,0,2,0,3,0,1,0,0,0,0,1,0
"COG5531",2,3,3,5,4,3,9,1,4,7,0,6,8,5,7,7,1,1,4,4,1,2,1,4,3,8,10,3,1,3,3,8,4,3,4,5,1,11,2,8,0,5,4,5,2,7,2,3,5,2,5,11,1,1,5,3,6,8,1,9,5,0,6,2,4,1,8,5,6,5,3,5,5,8,8,11,11,1,9,5,6,13,7,12,10,2,7,13,7,1,10,2,11,4,8,2,2,7,4,11
"COG5532",3,1,0,0,0,0,2,0,0,0,1,0,0,0,0,0,3,0,0,0,0,0,1,0,1,0,0,0,0,0,5,0,0,2,2,0,0,0,1,0,0,0,1,0,0,0,1,2,1,0,0,0,0,0,0,0,0,0,1,1,0,0,1,0,0,0,4,1,0,0,0,0,0,0,0,0,0,4,0,0,0,0,0,0,0,0,1,0,0,0,0,0,0,0,0,0,0,0,0,0
"COG5533",2,2,5,20,18,4,8,5,18,19,5,7,6,16,20,7,2,14,15,3,12,13,1,27,20,12,30,7,4,8,6,25,8,4,13,2,0,25,8,8,3,13,0,16,1,21,2,3,15,10,8,21,6,6,13,6,16,7,2,14,0,2,7,12,5,1,25,8,5,16,1,12,16,26,11,21,38,1,28,24,23,40,10,41,18,2,7,70,38,1,23,1,23,4,11,2,8,20,18,20
"COG5534",21,4,15,2,11,6,10,3,5,0,2,0,2,2,6,0,17,0,6,18,4,68,19,0,3,2,1,26,1,6,22,1,0,68,23,72,0,0,2,2,7,3,68,0,11,2,3,41,7,1,0,1,3,4,0,3,2,4,9,0,13,1,5,3,2,5,5,0,4,12,20,2,1,1,6,1,5,21,3,0,2,1,3,1,6,28,2,22,9,31,1,14,6,6,7,1,1,4,2,1
"COG5535",0,0,0,1,1,0,0,0,1,0,0,2,0,4,0,0,0,4,0,0,3,2,0,0,0,0,1,0,0,1,0,4,0,0,7,1,0,1,0,1,0,1,0,0,0,1,0,0,3,0,0,3,0,0,2,0,0,0,0,0,0,0,0,0,0,0,0,3,0,0,0,1,0,1,2,7,0,0,3,1,0,8,0,2,1,0,0,0,0,0,0,0,5,0,0,0,0,3,5,1
"COG5536",0,0,0,0,1,0,1,0,0,1,0,0,0,6,0,0,0,2,0,0,4,2,0,2,0,0,1,0,0,2,0,2,2,0,6,0,0,5,0,4,0,3,0,0,0,2,0,0,1,0,0,4,0,0,8,0,0,0,0,3,0,0,0,0,0,0,0,3,0,4,0,4,1,0,0,8,3,0,3,1,0,15,1,5,0,0,1,1,0,0,0,0,7,1,0,1,1,6,7,0
"COG5537",0,0,1,0,4,1,1,0,0,0,0,2,0,9,1,0,1,7,1,0,4,3,0,1,0,1,1,0,0,2,0,3,0,0,6,0,0,5,0,4,0,3,0,0,0,1,0,0,5,0,0,4,0,0,4,0,0,0,0,0,0,0,0,0,0,0,1,0,0,4,0,3,1,0,1,12,6,0,5,3,0,13,0,9,1,0,0,0,0,0,0,0,23,1,0,0,0,14,14,0
"COG5539",0,0,1,1,0,0,0,0,2,3,0,2,0,0,1,2,0,3,1,0,2,10,0,1,0,0,0,0,0,0,0,3,0,0,2,0,0,0,1,2,0,0,0,0,0,2,0,1,1,0,0,1,1,0,5,0,0,0,0,0,0,1,0,0,1,0,0,0,1,0,0,4,0,2,1,2,4,0,2,1,2,12,0,2,0,0,2,1,1,0,0,0,8,0,0,0,1,10,3,0
"COG5540",1,0,2,5,6,0,1,1,4,12,0,0,1,2,1,6,0,7,0,1,7,4,0,2,1,4,6,0,1,6,1,4,5,0,5,2,0,6,0,4,0,5,0,1,1,1,0,3,8,3,2,10,1,2,6,0,3,1,0,3,0,0,1,2,1,0,2,0,1,2,0,3,1,2,0,4,5,1,2,6,2,13,2,9,5,2,3,3,1,1,3,0,8,2,5,0,0,9,3,1
"COG5541",0,0,0,0,0,0,0,0,0,0,0,2,0,0,0,0,0,2,0,0,0,1,0,0,0,1,0,0,0,0,0,2,0,0,1,0,0,0,1,1,0,1,0,0,0,1,0,0,3,0,0,0,0,0,0,0,0,0,0,0,0,0,0,1,0,0,1,1,0,0,0,0,0,0,0,2,1,0,0,1,0,1,2,0,0,0,0,0,0,0,0,0,2,0,0,0,1,5,3,0
"COG5542",2,4,0,0,2,2,0,0,0,0,3,2,0,1,0,0,0,3,1,2,2,0,0,0,0,0,0,1,0,0,1,2,2,0,4,0,3,3,0,3,3,0,1,0,4,3,2,0,5,0,0,1,0,0,5,0,0,0,4,0,2,2,0,0,0,0,1,1,0,0,4,3,0,0,0,1,2,3,4,0,0,4,1,3,1,0,0,1,0,5,0,3,12,1,0,0,0,10,2,1
"COG5543",0,0,1,0,1,0,1,0,1,0,0,0,0,2,0,1,0,1,1,0,0,3,0,1,2,0,3,0,1,2,0,4,1,0,2,0,0,2,0,1,0,2,0,1,0,1,0,0,3,0,0,3,0,0,7,0,0,0,0,1,0,0,0,0,0,0,0,0,0,2,0,0,1,1,2,6,1,0,3,1,1,8,0,2,0,0,0,1,0,0,0,0,19,1,0,0,0,12,5,1
"COG5545",42,13,139,71,22,11,82,25,41,22,16,30,18,27,23,78,7,24,15,41,49,30,19,58,54,31,39,19,40,27,31,16,49,44,97,10,17,30,30,20,16,50,29,28,17,21,13,133,34,26,8,87,22,18,16,40,23,28,20,27,23,20,119,40,4,21,119,22,5,6,25,12,35,33,111,81,79,31,40,82,26,57,49,22,13,36,28,39,35,33,12,22,31,47,32,47,156,30,19,36
"COG5549",0,2,31,8,0,0,2,0,10,0,0,1,1,1,6,0,1,4,0,0,1,0,0,15,0,0,4,0,1,1,0,6,0,3,2,0,0,2,1,1,0,3,0,0,0,7,8,0,2,0,0,12,2,0,2,4,0,0,0,2,0,1,4,0,0,0,2,2,0,0,1,5,2,0,5,7,1,0,0,6,0,10,3,3,0,0,6,1,0,0,0,0,7,0,0,29,1,7,8,5
"COG5551",0,0,0,0,0,0,0,0,0,0,1,0,0,0,0,0,0,0,0,0,0,0,0,0,0,0,0,0,0,2,0,0,0,0,0,0,1,0,3,0,0,0,0,0,0,0,0,0,0,0,0,0,0,0,0,0,0,0,0,0,0,0,0,0,0,0,0,0,0,0,0,0,0,0,0,0,0,0,0,0,0,0,0,0,0,0,0,0,0,0,0,0,0,0,0,0,0,0,0,0
"COG5552",0,1,0,0,0,0,0,0,0,0,0,0,0,0,0,0,0,0,0,0,0,0,0,0,1,0,0,2,0,0,0,0,0,0,0,9,3,0,0,0,0,0,1,0,2,0,0,0,0,0,0,0,0,0,0,1,0,0,0,0,0,0,0,0,0,0,0,0,0,0,1,0,0,0,0,0,0,4,0,0,0,0,0,0,0,0,0,0,0,2,0,1,0,0,0,0,0,0,0,0
"COG5553",15,8,2,5,3,8,11,5,5,2,4,0,13,3,6,12,1,4,8,27,13,0,25,2,3,1,3,9,8,1,8,4,1,35,14,9,3,4,2,37,19,5,11,4,8,2,0,9,3,2,0,2,15,11,3,1,9,4,6,6,10,11,7,11,5,5,11,5,2,1,9,3,6,2,6,5,6,20,4,4,4,10,13,8,2,14,1,3,2,15,0,5,4,3,6,2,3,13,6,5
"COG5555",0,2,2,0,0,3,0,0,0,0,0,3,1,0,0,0,0,0,0,1,1,0,2,0,0,0,2,1,2,1,1,0,4,1,0,1,1,0,1,1,1,0,0,0,2,0,1,0,3,1,0,0,5,1,3,0,2,0,1,4,1,2,0,0,0,1,0,2,0,0,0,1,0,1,2,0,0,1,2,0,0,0,0,0,0,1,0,0,0,2,1,0,1,3,0,0,1,0,2,0
"COG5556",0,0,0,0,0,0,1,0,0,0,0,0,1,0,0,0,0,0,0,0,0,0,0,0,0,0,0,1,0,0,2,0,0,1,1,0,0,0,0,0,0,0,2,0,0,0,0,2,0,0,0,0,0,0,0,0,0,0,0,0,0,0,1,0,0,0,1,0,0,0,0,0,0,0,0,0,0,1,0,0,0,0,0,0,0,0,0,0,0,0,0,0,0,0,0,0,0,0,0,0
"COG5557",67,159,109,41,120,106,51,31,68,92,90,119,105,99,72,56,13,63,86,94,82,133,123,53,68,66,124,144,90,118,70,92,63,99,64,61,150,100,56,103,152,52,68,115,113,93,141,40,72,111,126,88,114,71,67,78,89,44,121,44,100,125,105,69,103,123,44,54,87,116,102,94,59,99,52,53,47,82,66,67,93,67,88,64,92,111,65,169,44,93,57,94,153,75,122,81,88,52,76,91
"COG5560",0,0,1,6,8,0,5,0,1,2,0,3,0,5,2,5,2,7,0,2,7,13,1,1,4,4,2,1,4,3,1,3,2,1,7,0,1,9,2,8,0,7,0,1,0,3,2,2,5,1,4,6,3,2,5,5,4,1,1,2,0,0,1,1,1,0,7,2,3,4,1,8,2,1,5,14,6,0,8,3,3,18,2,8,6,0,2,8,3,0,2,0,20,5,2,0,0,29,12,1
"COG5562",0,0,0,0,0,0,0,0,0,0,0,0,0,0,0,0,1,0,0,0,0,0,0,0,0,0,0,1,0,0,0,0,0,0,0,5,0,0,0,0,0,0,0,0,0,0,0,0,0,1,0,0,0,0,0,0,0,0,0,0,0,0,0,0,0,0,0,0,0,0,0,0,0,0,0,0,0,0,0,0,0,0,0,0,0,0,0,0,0,0,0,0,1,0,0,0,0,0,0,0
"COG5563",2,15,6,9,5,4,4,1,23,10,10,2,5,3,5,7,1,3,3,18,2,6,4,7,7,4,4,7,8,3,4,5,2,9,14,8,5,7,2,2,14,2,5,1,7,2,5,1,7,1,1,2,2,4,2,3,2,2,4,3,3,6,12,4,3,6,1,3,7,20,2,4,4,1,0,1,3,3,8,0,5,1,3,3,3,5,1,4,8,2,5,7,4,2,9,6,2,4,6,2
"COG5564",5,16,1,0,20,4,0,2,2,0,15,6,8,1,4,0,2,1,1,4,3,8,12,3,3,0,10,8,2,1,4,3,3,16,10,6,5,3,2,14,8,0,11,4,5,5,12,1,6,2,6,2,15,0,2,2,2,0,8,1,1,2,2,5,1,10,2,2,5,1,5,1,1,5,0,3,0,3,6,3,4,8,1,3,1,8,2,6,0,6,3,6,2,2,0,3,2,5,5,3
"COG5565",0,2,1,3,5,5,1,1,7,3,9,0,20,2,0,1,10,3,1,15,0,3,18,2,18,9,2,2,3,0,31,1,1,6,21,3,17,2,0,8,5,3,3,5,9,2,12,3,1,0,0,3,17,0,1,0,9,0,10,4,5,6,0,7,14,13,12,0,1,1,3,0,8,1,0,17,2,14,1,4,4,2,7,3,2,11,3,6,5,5,1,6,0,2,3,6,3,0,2,1
"COG5566",2,0,0,0,0,1,0,0,0,0,0,0,0,0,0,0,0,0,0,0,0,0,0,0,0,0,0,0,0,0,0,0,0,0,0,0,0,0,0,0,1,0,2,0,0,0,0,0,0,0,0,0,0,0,0,0,0,0,1,0,0,0,0,0,0,0,0,0,0,0,0,0,0,0,0,0,0,0,1,0,0,0,0,0,0,0,0,0,0,0,0,0,0,1,0,0,0,0,0,0
"COG5568",0,0,0,0,0,0,0,0,0,0,0,0,0,0,1,0,0,0,0,1,0,0,0,0,0,0,0,0,0,0,0,0,0,0,0,1,0,0,0,0,0,1,0,0,0,0,0,0,0,0,0,0,1,0,0,1,0,0,0,0,0,0,0,0,0,0,0,0,0,0,0,0,0,0,0,0,0,0,0,0,0,0,0,0,1,0,0,0,0,0,0,0,0,1,0,0,0,1,0,0
"COG5569",0,0,0,0,0,0,2,0,8,1,0,0,0,0,3,1,0,0,0,3,0,0,1,0,0,0,0,1,0,0,2,0,0,1,1,0,0,0,0,0,0,0,11,0,0,0,2,2,0,0,0,0,0,0,0,2,0,1,0,0,0,0,0,1,0,0,1,1,0,0,0,0,0,0,1,3,0,2,0,0,0,0,7,0,0,1,1,0,0,1,0,0,0,0,3,1,0,0,0,0
"COG5571",0,0,0,0,6,0,0,0,0,0,2,0,0,0,0,0,0,0,0,0,0,4,2,0,1,2,0,0,0,0,3,0,0,0,1,0,1,0,0,1,0,0,8,0,1,0,0,0,0,0,0,0,1,0,0,0,0,0,4,0,0,0,0,0,0,0,4,0,0,0,0,0,0,0,1,0,1,1,0,0,0,0,0,0,0,0,1,0,0,0,1,0,0,0,0,0,0,0,0,0
"COG5572",2,0,4,0,0,0,2,0,0,1,0,0,1,0,4,0,3,0,0,2,0,0,2,0,2,0,0,0,0,0,5,0,0,2,1,2,0,0,2,2,0,1,8,0,0,0,0,1,0,0,0,0,3,0,0,0,0,0,8,0,3,1,1,0,0,0,4,0,0,0,2,1,1,0,1,0,0,4,0,0,0,0,0,0,4,3,0,2,1,1,0,1,1,0,3,0,0,2,0,0
"COG5573",2,0,2,3,0,2,0,0,2,0,6,0,0,0,1,0,3,1,2,2,0,0,3,1,1,0,0,2,1,0,2,0,0,1,0,1,6,1,0,4,2,0,1,0,3,0,0,1,0,0,0,0,3,2,0,1,0,1,0,1,0,0,0,0,0,2,0,0,0,0,1,1,2,0,0,3,0,2,0,0,0,1,1,2,0,2,4,0,0,5,0,0,0,0,1,2,0,0,0,0
"COG5574",0,0,2,0,0,0,0,0,0,0,0,1,0,1,0,0,0,4,1,0,1,1,0,1,0,0,0,0,0,1,0,1,0,0,2,0,0,1,2,0,0,3,0,0,0,5,0,0,0,0,0,3,0,0,4,0,0,2,0,0,0,0,0,0,0,0,0,0,0,0,0,0,0,0,0,4,0,0,0,0,0,3,0,2,0,0,1,0,1,0,0,0,7,0,0,0,0,4,4,1
"COG5575",0,0,0,0,1,0,0,0,0,0,0,2,0,0,0,0,0,0,0,0,0,1,0,0,0,1,0,0,0,2,0,0,1,0,4,0,0,1,0,0,0,0,0,0,0,2,0,0,1,0,0,3,0,1,2,1,0,0,0,1,0,0,0,1,0,0,0,0,0,0,0,4,1,0,1,4,3,0,3,1,0,9,0,4,0,0,0,0,0,0,0,0,5,0,0,0,1,4,1,0
"COG5576",0,0,0,0,1,0,0,0,0,0,0,0,0,0,0,0,0,0,0,0,0,2,0,0,0,0,0,0,0,0,0,0,0,0,0,0,0,0,0,0,0,0,0,0,0,0,0,0,0,0,0,1,0,0,0,0,0,0,0,0,0,0,0,0,0,0,0,0,0,1,0,0,0,0,0,0,0,0,0,0,0,0,0,0,0,0,0,0,0,0,0,0,0,0,0,0,0,0,0,0
"COG5579",3,7,8,0,0,9,5,2,0,0,6,0,3,0,0,1,2,0,3,4,1,6,5,1,1,0,0,0,0,0,9,0,1,5,3,11,9,0,0,2,1,0,9,1,1,2,1,3,0,0,0,2,0,1,0,1,0,0,6,0,3,3,1,1,1,13,2,0,1,2,3,3,0,0,2,0,1,5,2,0,1,1,1,0,1,3,0,1,0,6,0,2,1,1,0,1,6,0,0,0
"COG5580",0,0,1,0,1,0,1,0,0,0,0,2,0,2,0,0,0,4,0,0,1,0,0,0,0,0,0,0,0,1,0,2,1,0,9,0,0,4,0,4,0,0,0,0,0,2,0,0,2,0,0,5,0,0,7,0,0,0,0,1,0,0,0,0,0,0,0,0,0,2,0,2,1,0,0,4,2,0,4,1,0,5,0,1,0,0,0,1,0,0,0,0,7,0,0,1,0,8,3,0
"COG5581",3,2,2,0,1,1,1,0,0,0,0,1,1,0,4,0,3,0,1,6,0,1,6,0,2,0,0,1,0,1,8,0,0,1,2,0,2,1,0,0,0,0,9,0,0,1,0,10,0,0,0,2,2,0,0,0,1,0,2,0,1,1,1,0,0,2,1,0,1,0,0,1,0,0,0,0,0,4,1,0,1,0,0,0,0,0,1,0,0,0,0,0,3,0,0,0,0,0,0,0
"COG5583",0,1,0,0,0,0,0,0,0,0,0,0,0,0,0,0,0,0,0,0,0,0,1,0,0,0,0,0,0,0,4,0,0,0,0,0,0,0,0,0,0,0,2,0,0,0,0,0,0,0,0,0,0,0,0,0,0,0,0,0,0,0,1,0,0,0,1,0,0,0,0,1,0,0,0,0,0,0,0,0,0,0,0,0,0,0,0,0,0,0,0,0,0,0,0,0,0,0,0,0
"COG5585",0,0,3,4,0,0,0,0,0,2,0,0,0,1,3,0,0,2,0,0,0,0,0,0,0,1,0,0,0,3,0,0,0,0,3,0,0,1,0,0,0,1,0,1,0,0,0,0,0,2,0,1,1,0,0,0,0,0,1,0,0,0,1,0,0,0,2,1,0,0,0,0,0,0,1,3,0,0,0,2,0,4,0,0,0,0,2,1,1,1,1,0,3,0,0,0,0,0,0,0
"COG5586",0,0,0,0,0,0,0,0,0,0,2,1,0,0,0,0,0,0,0,0,0,0,0,0,0,0,0,0,0,0,0,1,0,0,1,0,0,1,0,0,0,0,1,0,0,0,0,0,0,0,0,0,0,0,0,1,0,0,0,0,0,0,0,0,0,1,0,0,0,0,0,0,0,0,0,0,0,0,1,0,0,0,0,0,0,0,0,0,0,0,0,0,0,0,0,0,0,0,0,0
"COG5587",19,13,7,3,41,5,6,2,3,21,9,8,6,4,23,2,1,1,5,5,5,51,11,4,12,4,13,3,9,11,5,9,4,6,3,25,13,3,4,8,9,1,11,6,8,8,18,1,2,3,6,11,3,8,3,4,7,3,29,5,24,19,11,9,2,14,3,5,1,50,7,6,7,6,9,3,7,22,1,6,4,4,22,4,7,45,6,55,2,24,6,12,18,7,13,11,13,2,2,13
"COG5588",28,22,11,29,11,23,22,18,33,22,22,18,30,17,22,24,2,19,29,57,14,8,39,29,28,15,20,39,17,29,18,18,23,21,11,29,18,22,16,31,40,25,38,17,38,23,19,6,33,14,21,22,26,15,21,18,13,29,23,21,38,32,15,29,14,20,29,23,33,13,43,26,26,23,16,27,30,58,18,24,26,26,35,18,27,51,18,5,18,21,26,47,17,17,39,19,13,15,6,22
"COG5589",6,1,2,0,1,10,1,0,4,5,0,0,12,2,3,2,31,3,0,5,3,1,24,3,3,0,1,2,1,1,11,5,1,8,3,0,0,1,1,9,2,5,5,1,5,1,1,6,7,0,2,1,3,3,0,1,5,1,5,0,6,5,3,3,0,0,4,0,0,0,3,1,1,0,1,2,3,5,2,2,4,4,3,2,1,2,2,1,0,4,1,9,5,2,0,6,3,3,2,1
"COG5590",11,2,26,38,28,6,33,32,48,21,8,18,15,16,30,15,1,22,19,21,19,34,16,22,10,23,38,11,20,28,13,30,22,31,21,27,4,21,30,41,4,28,21,30,6,27,7,10,24,15,19,20,12,36,12,18,17,33,8,23,14,5,22,23,13,5,26,20,11,12,8,22,36,36,27,29,23,11,10,21,12,20,22,25,12,12,35,18,8,26,17,10,33,12,24,44,12,14,13,25
"COG5591",1,0,4,0,0,4,2,0,1,0,4,0,3,0,1,1,14,0,0,0,0,0,7,1,3,1,0,0,0,1,4,0,1,4,2,1,0,0,0,0,2,0,10,0,3,0,0,6,0,0,0,0,1,1,0,0,2,1,0,0,2,1,3,0,0,1,0,0,0,0,1,0,1,1,0,0,0,7,1,2,0,0,0,1,0,0,2,3,0,0,0,3,0,3,4,0,0,0,0,0
"COG5593",0,0,1,0,2,0,0,0,0,0,0,3,1,3,0,0,0,4,0,0,3,0,0,2,0,0,1,0,0,0,0,1,1,2,4,0,0,2,0,2,0,0,0,0,0,2,0,1,1,0,0,2,0,0,1,0,0,0,0,1,0,0,0,0,0,0,0,0,0,0,1,2,0,0,0,5,1,0,1,0,0,15,0,9,0,0,1,0,0,0,0,0,25,0,0,0,0,4,0,1
"COG5594",0,0,1,0,10,0,0,0,0,2,0,10,0,12,0,0,3,16,2,0,14,2,0,2,0,2,2,0,0,4,0,7,2,2,17,0,0,22,0,12,0,9,0,0,0,10,0,1,8,0,0,10,0,0,19,1,0,0,0,6,0,0,1,0,0,0,3,4,2,1,0,18,3,1,3,20,5,1,19,6,0,51,1,29,1,1,2,0,0,0,0,0,64,0,0,0,2,51,39,1
"COG5595",6,0,0,0,0,0,0,0,0,0,0,1,1,0,8,0,5,0,0,0,0,0,13,0,2,0,0,0,0,0,3,0,0,2,0,0,0,0,0,0,0,0,0,0,0,0,0,0,0,0,0,0,0,0,0,0,0,0,0,0,0,3,0,0,0,0,0,0,0,0,0,0,0,0,0,0,0,1,0,0,0,0,0,0,0,0,0,0,1,0,0,0,0,0,0,0,0,1,0,0
"COG5596",0,0,0,0,1,0,3,0,0,0,0,3,0,1,0,0,2,5,0,0,4,0,0,2,0,0,1,0,0,1,0,1,0,1,6,0,0,2,0,3,0,1,0,0,0,3,0,1,0,0,0,5,0,1,5,0,0,0,0,1,0,0,0,0,0,0,1,3,0,0,1,3,0,0,2,8,0,0,3,0,0,8,1,6,1,0,0,0,0,0,0,0,10,1,0,2,0,7,2,1
"COG5597",0,0,1,2,5,0,3,0,1,3,0,2,2,6,1,0,0,1,0,0,7,11,0,0,3,2,2,0,0,5,2,5,0,0,11,3,0,7,1,4,0,6,12,1,1,2,0,0,0,1,1,4,1,2,2,0,1,1,0,5,2,0,0,4,0,1,6,8,0,5,3,4,1,3,3,5,7,0,3,0,1,7,0,3,0,0,6,4,4,5,0,0,2,4,2,3,1,12,1,1
"COG5598",488,659,134,259,446,699,100,134,231,79,578,192,170,78,104,117,11,60,63,380,111,362,201,215,226,108,195,248,87,193,308,211,117,205,66,229,771,109,110,178,673,168,208,244,541,163,709,89,176,59,63,155,258,79,156,92,68,154,607,130,364,602,148,69,118,719,118,125,105,343,463,147,149,248,222,242,147,414,179,140,59,136,77,99,43,315,181,478,23,495,66,453,214,71,160,219,110,106,131,179
"COG5599",0,0,0,0,2,0,0,0,0,0,0,0,0,0,0,1,0,0,0,0,0,1,0,0,0,0,0,0,0,0,0,0,0,0,0,0,0,0,0,0,0,0,0,0,0,0,0,0,0,0,0,0,0,1,0,0,0,0,0,0,0,0,0,0,0,0,0,0,0,1,0,1,0,2,0,0,0,0,0,0,0,0,0,0,1,0,0,0,1,0,0,0,0,0,0,0,0,0,0,0
"COG5600",0,0,0,1,4,0,0,0,0,0,0,2,0,1,0,0,0,2,0,0,1,1,0,1,0,0,1,0,0,4,0,4,0,1,0,0,0,4,1,2,0,0,0,0,0,1,0,0,1,0,0,2,0,0,1,0,0,0,0,1,0,0,0,0,0,0,1,0,1,0,1,3,1,1,0,1,1,0,2,1,0,4,0,2,0,0,0,0,0,0,0,0,6,0,0,0,0,7,4,0
"COG5601",0,0,0,0,2,0,0,0,0,0,0,1,0,1,0,2,0,1,0,0,1,1,0,0,0,0,0,0,0,2,0,2,0,0,6,0,0,1,0,3,0,1,0,0,0,2,0,0,1,0,0,1,0,0,3,0,0,0,0,2,0,0,0,1,0,0,0,1,0,1,0,1,1,1,1,2,3,0,2,1,0,6,0,6,0,0,0,1,0,0,0,0,11,0,0,1,1,4,4,0
"COG5602",0,1,1,0,3,1,0,1,0,0,1,7,2,5,0,0,0,4,0,4,5,2,1,2,1,0,1,0,0,7,2,5,2,7,17,1,1,10,1,3,0,4,0,0,2,3,1,1,4,0,0,11,1,0,6,1,0,0,0,2,1,2,1,0,0,1,0,1,1,6,2,5,2,6,1,7,0,1,7,1,1,16,0,7,1,3,0,1,0,4,0,1,21,3,0,0,1,14,8,1
"COG5603",0,0,0,0,1,0,0,0,0,0,0,0,0,0,0,0,0,0,0,0,0,0,0,0,0,0,0,0,0,1,0,0,0,0,0,0,0,1,0,1,0,0,0,0,0,1,0,0,0,0,0,1,0,0,0,0,0,0,0,0,0,0,0,0,0,0,0,0,0,0,0,0,0,0,0,0,0,0,0,1,0,2,0,0,0,0,0,1,0,0,0,0,2,0,0,0,1,3,0,0
"COG5604",0,0,1,0,3,0,0,0,0,0,0,1,0,1,0,1,1,3,0,0,1,3,0,2,1,0,2,0,0,2,1,2,0,0,8,0,0,5,0,2,0,0,0,0,0,2,0,0,5,0,0,3,0,0,1,0,0,1,0,1,0,0,0,0,0,0,0,2,1,4,0,2,2,1,1,9,0,0,1,2,0,9,0,3,0,0,1,0,0,0,0,0,15,1,0,0,0,8,3,0
"COG5605",28,56,7,2,10,44,10,3,3,1,40,8,35,33,4,5,0,22,5,29,21,15,19,5,14,28,4,42,23,7,11,18,38,6,20,26,78,21,7,20,51,6,20,2,32,22,72,11,27,4,18,7,40,8,17,18,31,5,34,14,46,30,4,29,41,74,14,10,32,20,37,39,5,1,6,4,14,23,33,5,39,25,20,26,49,28,2,11,29,24,3,38,9,48,1,3,1,23,24,6
"COG5606",2,1,2,0,0,0,0,0,0,0,2,1,1,0,1,0,5,0,0,4,0,0,2,0,0,0,0,0,0,0,6,0,0,0,0,4,0,0,0,0,0,0,4,0,0,0,0,1,0,0,0,0,0,0,1,0,0,1,3,0,0,1,1,0,0,0,1,0,1,0,0,0,0,0,2,0,0,3,0,0,0,0,0,0,1,0,0,0,0,1,0,1,1,0,0,0,0,0,0,0
"COG5607",1,2,1,4,0,0,3,0,12,2,7,1,2,1,0,3,2,1,0,4,1,0,3,7,1,0,0,2,0,4,2,1,1,3,7,2,2,0,3,7,0,1,1,0,0,3,9,0,1,0,0,2,7,0,0,2,0,3,1,2,2,0,2,2,0,4,1,7,0,0,0,6,2,0,0,3,1,1,0,3,0,9,2,1,0,2,8,1,1,1,1,0,1,1,0,9,0,1,1,2
"COG5608",1,1,2,0,0,1,5,0,0,0,0,0,3,0,0,0,6,0,0,2,1,0,2,0,0,0,0,0,0,0,3,0,0,2,2,0,0,0,0,0,0,0,7,0,0,0,0,8,0,0,1,0,1,0,1,0,0,1,0,0,1,1,1,0,0,0,1,0,1,0,0,0,0,0,2,0,0,3,0,0,1,0,0,0,0,1,0,0,0,1,0,0,0,0,0,0,0,0,0,0
"COG5610",22,1,0,1,0,0,2,1,4,2,1,0,0,0,1,1,6,0,0,1,0,1,7,1,4,2,0,0,2,2,6,0,0,2,7,9,2,2,1,0,0,1,16,3,5,0,1,13,0,0,0,0,0,0,1,1,3,0,8,0,3,5,0,5,0,0,4,0,5,0,2,0,1,5,0,2,0,3,0,1,2,0,1,2,1,2,2,1,1,6,2,4,0,1,3,0,0,3,0,0
"COG5611",1,0,0,0,0,0,2,0,0,0,0,0,1,0,1,0,3,0,0,0,0,1,2,0,1,0,0,0,0,0,9,0,0,0,0,0,0,0,0,0,1,0,9,1,0,0,0,2,0,0,0,1,0,0,1,0,0,0,0,0,0,1,1,0,0,0,0,0,0,2,0,0,0,1,0,0,0,2,0,0,0,0,0,0,0,1,1,0,0,1,0,0,0,0,0,0,0,0,1,0
"COG5613",0,0,0,0,0,0,0,0,0,0,0,0,0,0,0,0,1,0,0,0,0,0,1,0,0,0,0,0,0,0,0,0,0,0,0,0,0,0,0,0,0,0,0,0,0,0,0,0,0,0,0,0,0,0,0,0,0,0,0,0,0,0,0,0,0,0,0,0,0,0,0,0,0,0,0,0,0,1,0,0,0,0,0,0,0,0,0,0,0,0,0,0,0,0,0,0,0,0,0,0
"COG5614",0,0,0,0,0,0,1,0,0,4,0,2,2,0,0,0,0,0,0,0,0,0,0,0,1,0,1,0,0,0,1,0,0,0,2,0,0,0,0,1,0,0,2,0,0,0,0,0,0,0,0,0,0,0,0,0,0,0,0,0,0,0,0,0,0,0,1,0,0,0,0,0,0,1,0,1,1,0,0,0,0,0,1,0,0,1,0,1,0,1,0,0,0,0,0,2,1,0,1,0
"COG5615",0,1,2,0,0,0,1,1,0,0,0,0,2,0,1,0,0,0,1,0,1,0,3,0,0,0,1,0,0,1,1,0,0,5,3,2,0,0,0,1,0,0,2,0,2,0,2,0,0,2,0,1,1,0,0,1,1,1,4,0,0,2,1,0,0,1,0,0,0,15,0,0,0,0,0,0,1,1,0,0,0,0,0,1,0,0,0,0,0,1,0,0,1,1,1,3,0,0,0,0
"COG5616",311,338,261,204,61,256,334,337,377,183,443,216,276,187,167,269,570,187,284,305,245,81,324,154,304,247,187,314,250,249,328,208,217,401,346,195,363,136,286,313,426,327,230,258,369,189,297,340,241,280,156,195,318,322,222,245,299,226,320,268,386,376,227,231,146,376,280,230,150,57,396,245,319,206,383,201,298,319,195,142,168,244,266,248,148,314,210,182,184,334,203,389,267,300,337,272,213,191,240,204
"COG5618",1,0,0,0,0,0,0,0,0,0,0,0,2,3,0,0,0,0,0,1,0,0,0,0,0,3,0,2,0,0,1,0,2,0,6,9,0,1,0,2,0,0,3,0,0,0,0,1,2,0,5,0,0,0,1,2,4,0,0,1,1,1,0,1,1,0,0,0,1,0,4,1,0,0,0,0,1,0,1,0,2,1,0,1,3,4,1,0,1,7,0,5,0,2,0,0,0,3,3,0
"COG5619",1,0,1,0,0,0,0,0,0,0,0,0,3,0,1,0,44,0,0,0,0,0,10,0,0,0,0,0,0,0,0,0,0,0,0,1,0,0,0,0,0,0,2,0,0,0,0,7,0,0,0,0,0,0,0,1,4,0,1,0,0,1,1,0,0,0,0,0,1,0,0,0,0,0,0,0,0,0,0,0,0,0,0,0,0,0,0,0,0,1,0,0,1,0,0,0,1,0,0,0
"COG5620",2,0,0,0,0,0,0,0,0,0,0,0,0,0,0,0,0,0,0,0,0,0,2,0,0,0,0,0,0,0,1,0,0,0,0,0,0,0,0,0,0,0,1,0,0,0,0,0,0,0,0,0,1,0,1,0,0,0,0,0,0,0,0,0,0,0,0,0,0,0,0,0,0,0,0,0,0,0,0,0,0,0,1,0,0,0,0,0,0,0,0,0,0,0,0,0,0,0,0,0
"COG5621",17,10,28,21,18,8,4,11,20,14,8,16,23,5,12,10,60,5,8,9,19,32,39,16,15,16,17,10,4,7,32,12,13,25,20,4,4,4,16,30,13,22,21,12,14,6,15,16,12,5,3,21,27,17,7,11,16,14,23,21,19,15,23,8,10,17,15,15,6,19,18,13,26,26,33,29,7,23,7,16,9,26,12,11,13,23,34,30,6,11,7,16,20,20,26,17,17,10,10,19
"COG5622",6,0,2,0,0,0,3,0,0,0,0,0,3,0,1,0,1,0,0,5,0,0,2,0,0,0,0,4,0,0,4,0,1,1,3,17,0,0,0,1,3,0,24,0,0,0,0,3,0,0,0,0,2,1,0,2,0,1,0,0,1,0,0,0,0,1,0,0,0,0,2,0,1,0,1,0,1,6,1,0,0,0,0,0,1,4,0,0,1,7,0,1,2,1,0,3,0,1,0,0
"COG5623",0,0,1,0,2,0,0,0,1,0,0,1,0,3,0,0,1,1,0,0,2,1,0,0,0,0,0,0,0,2,1,1,0,0,3,0,0,1,0,0,0,0,0,0,0,1,0,0,0,0,0,0,0,0,1,1,0,0,0,1,0,0,0,0,0,0,2,0,0,0,0,1,0,0,0,3,1,0,2,1,0,9,1,2,0,0,0,0,0,0,0,0,9,1,0,0,1,7,5,0
"COG5624",0,0,1,0,0,0,0,0,0,0,0,1,0,0,0,0,0,0,0,0,0,0,0,1,0,0,0,0,0,0,0,0,0,0,1,0,0,1,0,0,0,0,0,0,0,0,0,0,0,0,0,1,0,0,0,0,0,0,0,0,0,0,0,0,0,0,0,0,0,0,0,2,0,0,0,3,0,0,0,1,0,2,0,0,0,0,0,0,0,0,0,0,5,0,0,0,0,1,0,0
"COG5626",1,0,6,2,3,0,2,0,1,0,0,0,1,0,1,0,1,0,1,2,2,18,4,0,1,0,1,1,0,0,8,1,0,5,2,1,1,0,0,0,0,0,10,2,1,0,0,5,2,0,0,1,0,1,0,0,1,1,4,1,0,1,4,1,1,0,2,0,0,19,0,0,2,2,2,0,0,3,2,0,0,1,0,1,1,0,1,2,0,1,0,2,1,0,0,0,0,0,0,0
"COG5628",0,0,0,0,0,0,0,0,0,0,0,0,2,0,0,0,0,0,0,0,1,8,4,0,0,0,0,0,1,0,0,0,0,1,0,0,1,0,0,0,0,0,0,0,0,0,0,1,0,0,0,0,0,0,0,0,0,0,0,0,0,0,0,0,0,1,0,0,0,4,0,0,0,0,0,0,0,0,0,0,0,0,0,0,0,0,0,4,0,0,0,0,0,0,0,0,0,0,0,0
"COG5630",0,4,0,11,29,0,9,3,9,21,4,3,0,2,15,5,1,0,5,1,2,14,1,8,0,5,7,0,5,5,0,3,6,1,1,0,6,2,0,0,1,2,0,2,2,4,3,1,7,1,2,0,1,12,1,0,7,3,9,0,0,0,2,9,1,0,5,2,7,18,1,2,14,2,10,5,15,1,0,11,4,2,21,7,0,1,15,37,3,1,5,0,3,2,20,4,1,1,4,5
"COG5631",0,0,5,4,1,0,2,3,5,0,0,1,0,1,5,1,0,0,2,1,2,1,1,3,1,0,1,0,1,2,1,0,0,5,2,2,2,0,2,3,0,6,4,0,0,1,0,1,1,0,0,2,0,1,0,0,0,2,0,2,1,0,5,1,0,0,0,2,1,0,0,0,1,0,6,2,2,1,0,3,0,0,2,0,0,1,3,4,0,0,1,0,4,1,3,8,2,0,1,2
"COG5632",0,1,9,0,0,2,0,0,0,0,0,4,1,2,1,0,0,1,0,0,2,0,0,0,0,0,2,0,1,0,0,0,1,1,1,0,0,0,0,1,1,1,0,2,0,4,0,0,1,0,0,5,3,0,1,2,1,1,0,0,0,1,13,1,0,0,0,0,0,0,2,0,1,4,0,3,0,2,2,2,0,2,0,0,0,1,1,0,0,0,0,0,0,0,0,3,0,0,0,3
"COG5633",0,0,0,0,0,0,0,0,0,0,0,0,0,0,1,0,3,0,0,0,0,0,5,0,0,0,0,0,0,0,0,0,1,0,0,0,0,0,1,0,0,0,0,0,0,0,0,0,0,0,0,0,0,0,0,0,0,0,0,0,0,0,0,0,0,0,0,0,0,0,0,0,0,0,0,0,0,0,0,0,0,0,0,0,0,0,0,1,0,1,0,0,0,0,0,0,1,0,1,0
"COG5635",14,13,49,1,2,8,80,47,4,2,28,14,10,12,16,45,2,56,26,5,47,2,22,0,60,33,11,28,12,23,18,6,43,14,44,38,40,10,54,11,5,76,19,17,5,10,10,77,6,18,5,21,7,8,30,32,13,49,13,39,11,8,49,6,7,32,63,34,10,0,10,17,1,10,53,23,54,16,22,20,18,22,4,14,5,16,20,2,34,9,7,13,18,46,5,13,58,23,30,13
"COG5636",0,0,0,0,0,0,0,0,2,0,0,0,0,0,0,0,0,2,0,1,0,0,0,1,0,0,0,0,0,0,1,0,0,0,5,0,0,0,0,0,0,0,0,0,1,0,0,0,3,0,0,1,0,0,2,0,0,0,0,0,0,0,0,0,0,0,0,0,0,0,0,1,0,0,2,2,0,0,1,0,0,2,0,1,1,0,0,0,0,0,0,0,2,1,0,0,0,2,1,0
"COG5637",2,0,62,11,1,3,39,40,16,4,2,13,0,37,8,34,1,33,17,8,44,2,2,6,24,35,24,4,45,32,9,26,23,12,21,27,0,19,35,6,2,54,9,24,1,15,3,40,3,9,3,35,7,9,49,15,5,13,3,29,4,1,96,32,0,0,27,25,2,0,5,12,26,20,51,33,33,4,9,26,2,30,20,13,3,6,13,0,15,10,0,7,18,21,8,32,91,53,63,29
"COG5638",0,0,0,0,1,0,0,0,0,0,0,6,0,0,0,0,1,4,0,0,0,2,0,0,0,0,1,0,0,2,0,4,1,1,3,0,0,4,0,4,0,1,0,1,0,4,0,2,1,0,0,3,0,0,4,0,0,0,0,3,0,0,0,0,0,0,0,1,1,4,0,1,0,0,0,2,2,0,3,0,1,16,0,4,0,0,0,0,0,0,0,0,17,1,0,0,0,9,2,1
"COG5639",0,1,0,0,1,0,1,0,0,0,0,1,1,2,0,0,0,0,0,2,2,1,3,0,2,0,1,1,0,1,2,0,0,1,0,9,0,1,0,0,1,0,14,0,1,0,0,4,0,0,1,0,2,0,0,1,0,0,0,0,4,2,0,0,1,0,0,0,0,0,3,0,0,0,0,0,0,5,0,0,0,0,0,0,1,7,0,0,1,1,0,1,0,1,0,1,0,0,0,0
"COG5640",11,5,7,1,22,7,5,2,4,9,2,21,13,14,3,5,24,16,1,8,34,6,46,7,15,20,11,12,14,17,29,11,19,43,30,9,0,18,10,8,6,10,11,6,7,14,3,18,17,10,13,20,9,0,28,6,16,5,3,6,8,10,30,6,8,1,16,7,7,0,4,24,5,13,6,11,9,7,21,9,11,22,9,9,7,7,19,17,2,7,9,4,27,20,2,6,11,26,28,14
"COG5641",0,0,0,0,3,0,0,0,0,0,0,0,0,2,0,0,0,0,0,0,0,0,0,0,0,0,0,0,0,0,0,0,0,1,0,0,0,0,0,1,0,0,0,0,0,0,0,0,1,0,0,0,0,0,3,0,0,0,0,0,0,0,0,0,0,0,0,0,0,0,0,0,0,0,0,0,0,0,0,0,0,0,0,2,0,0,0,1,0,0,0,0,10,0,0,0,0,1,2,0
"COG5642",6,0,0,0,0,4,0,0,0,1,2,0,1,1,1,0,5,0,0,3,1,0,8,0,3,0,0,6,1,0,5,0,0,1,3,10,0,0,0,0,1,0,3,0,3,0,0,2,0,1,0,0,0,2,0,0,0,0,3,0,2,0,0,0,0,0,2,1,0,0,3,1,2,0,0,0,0,3,0,1,0,0,0,0,0,7,0,0,0,12,0,0,0,3,2,0,1,0,0,0
"COG5644",0,0,1,0,0,0,0,1,0,0,0,0,0,1,0,0,0,2,0,0,0,0,0,1,0,0,0,0,0,0,0,0,0,0,1,0,0,0,0,1,0,0,0,0,0,0,0,0,2,0,0,1,0,0,0,0,0,0,0,0,0,0,0,0,0,0,0,2,0,0,0,1,0,0,0,4,0,0,3,1,0,6,0,2,0,0,0,0,0,0,0,0,15,0,0,0,0,2,1,0
"COG5645",0,0,0,0,0,0,0,0,0,0,0,0,0,0,0,0,1,0,0,1,0,0,0,0,0,0,0,0,0,0,0,0,0,0,0,0,0,0,0,0,0,0,3,0,0,0,0,0,0,0,0,0,0,0,0,0,0,0,0,0,0,0,0,0,0,0,0,0,0,0,0,0,0,0,0,0,0,0,0,0,0,0,0,0,0,0,0,0,0,0,0,0,0,0,0,0,0,0,0,0
"COG5646",6,0,5,0,0,1,3,0,0,0,0,1,0,2,3,0,0,0,1,1,0,0,0,0,1,0,0,0,0,6,1,0,0,0,9,7,1,0,1,0,0,0,8,0,1,0,0,0,1,0,0,2,0,0,0,3,1,0,0,0,2,0,0,0,0,0,1,0,0,0,7,0,0,0,0,0,0,0,0,0,0,0,0,0,0,3,0,0,1,1,0,2,0,1,0,1,2,0,0,0
"COG5647",0,0,2,2,8,1,4,1,7,0,0,12,0,15,0,3,2,10,1,1,15,9,0,1,2,1,4,1,4,8,1,19,4,1,17,0,0,12,0,11,0,5,0,1,0,11,0,0,16,0,1,4,2,2,12,1,0,4,0,5,0,0,1,0,0,0,2,6,1,7,2,10,2,4,3,15,19,0,19,4,3,37,4,20,2,0,1,3,0,1,0,2,33,3,0,1,1,53,11,2
"COG5648",1,0,1,5,1,0,2,1,0,9,0,3,0,1,1,1,0,5,3,2,5,9,1,2,1,4,4,0,0,1,0,4,0,0,10,0,0,3,4,3,1,5,0,2,1,4,1,1,2,3,2,7,2,2,3,1,3,2,1,6,0,1,0,0,1,0,3,1,2,4,0,0,1,0,0,6,3,0,8,2,3,6,4,8,4,1,2,9,5,2,3,0,5,6,2,0,2,12,3,7
"COG5649",0,0,1,0,0,0,0,0,0,0,0,0,0,1,0,0,0,0,0,0,0,1,1,0,0,0,0,0,0,0,0,1,0,0,0,0,0,0,0,0,0,0,1,0,0,0,0,0,0,0,0,0,0,0,0,1,0,0,0,0,2,1,1,0,0,0,0,0,0,0,0,0,0,0,0,0,0,0,0,0,0,0,0,0,1,0,0,0,0,0,0,0,2,0,0,0,0,0,0,0
"COG5650",0,0,1,1,0,0,1,0,0,0,1,0,1,0,1,1,0,0,0,1,0,0,0,0,0,0,0,0,0,0,0,0,0,0,2,0,0,0,1,1,1,2,2,0,0,0,0,0,1,0,1,3,0,0,1,0,0,2,1,1,0,0,1,2,0,0,1,1,0,0,0,1,0,0,0,0,0,0,0,0,0,0,0,0,0,0,1,0,0,0,0,0,0,0,1,2,1,0,0,0
"COG5651",3,0,3,1,5,0,2,3,1,0,0,2,1,0,1,7,0,0,5,1,4,0,1,2,2,0,1,2,6,4,2,0,0,2,4,1,0,2,5,0,0,3,12,5,1,4,0,1,2,0,4,0,0,2,1,1,0,2,2,1,1,0,5,6,0,0,2,1,0,0,1,0,3,1,6,0,2,1,3,0,0,0,1,0,0,1,1,6,0,0,1,0,1,0,2,1,3,1,1,5
"COG5652",0,2,3,0,0,3,0,0,0,1,3,1,0,1,0,0,0,0,1,3,1,0,2,0,1,0,0,0,1,0,1,0,0,2,1,2,3,0,0,0,1,0,1,1,2,0,2,2,1,0,2,1,3,1,0,2,3,0,5,0,0,2,2,1,0,2,0,0,1,0,0,1,0,0,0,1,1,1,1,0,0,1,0,0,0,0,1,0,0,1,0,3,1,1,0,1,0,0,3,0
"COG5653",3,1,10,1,2,3,2,2,2,13,3,2,14,3,16,0,1,4,4,5,2,4,9,4,4,2,5,4,4,8,2,5,7,7,12,4,1,3,1,8,3,3,14,6,4,3,0,5,10,4,8,7,10,5,3,9,11,0,1,7,5,1,4,3,10,3,7,4,2,8,4,3,4,3,1,0,3,6,3,3,4,3,8,3,2,5,2,1,4,9,4,3,4,9,3,5,0,7,4,0
"COG5654",8,1,1,0,2,4,1,0,0,0,0,0,0,0,1,0,0,0,1,14,1,1,3,0,2,0,0,2,0,0,5,0,0,1,4,6,0,0,0,0,1,0,6,1,2,0,0,2,1,2,0,0,1,0,0,0,0,0,0,0,1,0,1,0,1,1,1,0,0,0,1,0,0,0,2,0,0,5,0,0,0,0,0,0,2,11,1,1,1,9,1,2,0,1,0,1,0,0,0,0
"COG5655",2,0,1,0,2,1,0,1,23,46,0,1,0,0,607,0,1,0,1,1,1,0,2,0,3,1,0,1,0,0,4,0,0,1,6,0,2,0,0,0,0,1,4,0,1,0,0,3,0,0,0,0,0,0,2,1,0,0,2,1,0,0,4,0,0,2,0,0,0,0,0,0,0,0,1,1,1,0,5,0,0,0,1,0,0,0,0,2,0,0,1,0,1,2,0,1,2,0,3,0
"COG5656",0,0,1,0,10,1,1,0,1,0,0,4,0,4,0,0,0,8,0,0,1,4,0,1,0,0,0,0,0,0,0,13,2,0,5,0,0,6,0,6,0,0,0,0,0,5,0,0,5,0,0,1,0,0,3,1,0,1,0,3,0,0,0,0,0,0,2,2,0,2,0,6,1,1,0,4,2,0,4,1,2,12,0,5,0,0,0,0,0,1,0,0,22,1,0,0,0,15,6,0
"COG5657",0,0,1,1,8,0,1,1,1,0,0,12,0,13,0,1,0,6,1,0,4,10,0,0,1,0,2,0,0,2,0,13,4,1,17,0,0,11,0,7,0,5,0,1,0,8,0,2,9,0,0,3,0,0,4,0,0,0,0,1,0,0,2,1,0,0,1,2,1,0,0,12,1,5,1,22,11,0,9,1,0,28,1,7,0,0,1,0,0,0,0,0,23,2,0,0,2,24,12,4
"COG5658",7,1,2,0,0,0,3,0,0,0,0,0,1,1,13,1,2,0,0,0,0,0,0,0,0,0,0,1,1,1,0,1,0,1,0,0,0,1,1,1,0,0,3,0,0,1,2,2,3,0,0,0,2,0,0,1,0,0,0,0,1,2,0,0,0,3,0,0,0,5,0,0,1,0,2,0,1,4,1,0,0,0,0,0,0,4,1,4,0,1,0,0,0,0,0,0,2,0,0,0
"COG5659",11,5,1,0,1,1,0,0,0,0,42,0,6,0,3,2,1,0,1,23,0,1,5,1,6,0,0,6,0,9,6,0,0,0,8,16,45,1,5,0,1,0,19,0,24,0,11,0,0,0,0,0,1,0,0,1,1,0,22,0,10,7,0,1,0,33,1,0,0,0,27,0,0,0,0,0,0,20,1,0,0,1,1,1,0,40,1,1,3,5,0,46,1,0,1,1,0,0,0,1
"COG5660",16,34,5,16,0,20,3,3,4,1,56,15,24,6,0,4,1,7,3,10,12,0,13,5,9,6,8,19,12,11,11,11,12,19,25,12,66,11,9,16,24,5,12,4,26,15,42,15,18,34,20,10,21,0,12,9,33,6,53,10,21,18,6,15,36,48,9,6,37,0,22,12,2,11,2,8,2,16,16,14,17,7,11,15,20,12,5,8,9,24,25,27,9,18,5,5,5,6,9,9
"COG5661",4,2,3,0,0,2,3,0,0,0,1,1,1,0,1,0,1,1,0,5,0,0,4,1,1,2,1,1,0,2,11,0,2,8,5,1,0,0,1,1,2,0,20,0,3,1,3,10,3,2,0,1,0,0,3,1,1,0,3,1,2,3,5,0,0,0,0,0,3,0,4,2,0,0,0,0,0,8,1,0,0,3,0,0,0,4,0,1,0,3,0,2,3,1,0,2,3,2,4,1
"COG5662",2,1,1,0,0,0,2,0,0,0,1,0,0,0,0,0,0,0,1,0,0,0,0,0,0,0,0,0,1,1,0,0,0,5,0,11,0,0,0,0,0,0,9,0,0,0,0,1,0,0,0,0,0,0,0,0,0,0,0,0,0,2,0,0,0,0,1,0,0,0,0,0,0,0,1,0,0,1,0,0,0,1,0,0,0,0,0,0,0,1,0,0,1,0,0,0,0,0,0,0
"COG5663",0,1,0,0,1,1,3,0,1,1,5,1,1,2,0,0,0,2,0,2,1,0,1,0,0,1,0,1,0,0,0,1,0,1,7,1,6,1,0,3,0,2,4,0,0,1,2,1,0,0,0,1,6,0,0,0,0,0,4,0,0,1,0,0,1,6,5,2,0,0,3,1,0,1,0,3,1,0,0,1,3,1,1,0,5,0,11,1,1,0,2,1,0,0,0,14,0,0,0,0
"COG5664",0,0,0,0,0,0,0,0,0,0,0,0,0,0,0,0,0,0,0,0,0,0,0,0,0,0,0,1,0,0,0,0,0,0,0,0,0,0,0,0,0,0,2,0,0,0,0,0,0,0,0,0,0,0,0,0,0,0,0,0,1,0,0,0,0,0,0,0,0,0,1,0,0,0,0,0,0,1,0,0,0,0,0,0,0,0,0,0,0,0,0,0,0,0,0,0,0,0,0,0
"COG5665",0,0,0,0,2,0,0,0,1,0,0,2,0,1,0,0,0,1,0,0,0,2,0,0,0,1,0,0,0,0,0,3,0,0,1,0,0,1,0,0,0,0,0,0,0,3,0,0,1,0,0,1,0,0,1,1,1,0,0,0,0,0,2,0,0,0,1,0,0,0,0,1,2,1,1,3,3,0,3,0,0,5,0,0,0,0,0,0,0,0,0,0,4,2,0,0,0,3,8,2
