"","DLF010","DOF007","NLF013","NOM019","NOM022","NLM025"
"COG0001",3,0,0,5,0,2
"COG0002",3,3,4,3,3,3
"COG0003",0,0,1,1,2,0
"COG0004",6,3,3,5,7,2
"COG0005",5,2,7,7,2,3
"COG0006",8,11,13,16,13,13
"COG0007",0,0,2,1,1,2
"COG0008",15,6,9,16,14,21
"COG0009",4,1,5,14,5,3
"COG0010",4,0,0,3,0,0
"COG0011",0,1,0,0,0,0
"COG0012",4,5,4,7,3,6
"COG0013",12,8,16,9,8,8
"COG0014",4,3,5,2,4,5
"COG0015",4,4,8,5,3,9
"COG0016",9,4,7,9,6,6
"COG0017",6,10,9,8,4,6
"COG0018",10,6,12,17,8,10
"COG0019",11,10,7,11,8,7
"COG0020",4,5,5,2,10,2
"COG0021",6,10,4,6,5,9
"COG0022",0,1,0,0,0,0
"COG0023",0,1,1,0,0,0
"COG0024",9,3,1,3,12,11
"COG0025",3,0,4,0,0,0
"COG0026",0,1,0,0,0,0
"COG0027",5,3,2,1,1,1
"COG0028",3,9,6,11,11,11
"COG0029",3,7,9,2,5,8
"COG0030",6,4,4,4,3,8
"COG0031",3,3,8,5,7,7
"COG0033",0,0,0,0,0,1
"COG0034",9,8,17,9,10,14
"COG0035",2,4,3,6,5,7
"COG0036",6,2,4,2,1,4
"COG0037",13,8,4,9,7,5
"COG0038",4,12,12,10,11,3
"COG0039",6,3,8,5,10,6
"COG0040",4,3,1,0,5,5
"COG0041",3,1,3,3,0,5
"COG0042",8,7,14,12,2,10
"COG0043",0,0,2,0,0,0
"COG0044",4,3,2,11,9,2
"COG0045",0,5,0,2,0,2
"COG0046",13,10,15,18,16,16
"COG0047",7,3,12,13,15,13
"COG0048",3,4,2,3,0,2
"COG0049",4,2,5,5,3,2
"COG0050",12,5,8,11,5,10
"COG0051",1,3,1,3,0,2
"COG0052",4,0,4,4,7,2
"COG0053",7,4,7,4,5,3
"COG0054",3,4,2,4,6,5
"COG0055",4,8,9,14,3,5
"COG0056",8,6,6,9,4,11
"COG0057",4,1,4,11,1,7
"COG0058",15,9,17,14,9,18
"COG0059",3,8,3,2,4,3
"COG0060",20,10,12,13,11,14
"COG0061",2,2,4,2,4,7
"COG0062",3,1,3,8,8,2
"COG0063",5,3,7,5,5,5
"COG0064",7,0,0,5,1,1
"COG0065",3,5,6,8,3,3
"COG0066",2,4,4,3,3,2
"COG0067",16,5,13,8,6,19
"COG0068",3,0,1,4,0,0
"COG0069",6,6,13,10,9,12
"COG0070",12,8,8,13,9,12
"COG0071",5,3,5,2,2,6
"COG0072",13,6,11,7,4,3
"COG0073",23,7,23,18,18,17
"COG0074",2,1,0,0,1,0
"COG0075",3,4,1,0,3,4
"COG0076",1,6,0,1,1,0
"COG0077",4,6,4,6,3,1
"COG0078",9,3,6,10,2,4
"COG0079",10,4,19,6,8,10
"COG0080",3,2,2,4,3,2
"COG0081",11,1,3,2,3,5
"COG0082",4,2,8,5,3,4
"COG0083",1,0,1,3,0,2
"COG0084",7,9,7,9,3,6
"COG0085",23,12,20,25,23,21
"COG0086",19,15,22,30,24,23
"COG0087",5,4,2,0,4,4
"COG0088",4,2,2,7,3,3
"COG0089",1,1,1,0,0,2
"COG0090",4,3,9,8,2,7
"COG0091",4,3,1,3,2,2
"COG0092",6,2,6,5,3,3
"COG0093",1,1,4,3,0,0
"COG0094",5,1,2,3,3,7
"COG0095",0,2,1,2,0,2
"COG0096",4,2,4,2,2,4
"COG0097",0,1,1,3,2,8
"COG0098",3,3,4,4,3,3
"COG0099",2,3,2,2,4,4
"COG0100",1,1,5,3,5,3
"COG0101",3,1,6,3,3,7
"COG0102",5,6,2,1,1,5
"COG0103",5,1,4,2,2,6
"COG0104",6,4,5,11,3,3
"COG0105",0,6,3,0,0,0
"COG0106",0,2,6,6,1,6
"COG0107",1,1,6,5,1,3
"COG0108",2,3,5,4,4,4
"COG0109",1,0,0,0,0,0
"COG0110",9,15,10,16,3,12
"COG0111",6,8,6,9,3,4
"COG0112",4,10,3,2,5,10
"COG0113",0,2,1,0,0,0
"COG0114",0,3,1,3,0,2
"COG0115",4,4,5,1,7,7
"COG0116",3,6,1,6,3,9
"COG0117",3,3,7,3,8,7
"COG0118",0,2,2,3,1,1
"COG0119",11,8,10,18,6,20
"COG0120",2,2,0,0,0,2
"COG0122",2,0,0,1,1,0
"COG0123",1,1,0,0,1,0
"COG0124",8,1,3,4,6,10
"COG0125",6,0,1,3,0,5
"COG0126",9,6,10,9,6,10
"COG0127",6,4,4,9,1,4
"COG0128",3,2,3,9,3,6
"COG0129",4,6,6,5,7,5
"COG0130",4,3,1,3,8,6
"COG0131",2,4,3,1,2,2
"COG0132",2,0,0,3,0,2
"COG0133",3,6,5,2,3,5
"COG0134",3,1,2,1,4,2
"COG0135",1,1,4,1,0,2
"COG0136",7,2,2,1,5,2
"COG0137",5,2,5,3,9,7
"COG0138",6,4,7,5,5,6
"COG0139",1,2,6,0,4,5
"COG0140",3,1,0,1,4,3
"COG0141",4,4,4,5,2,5
"COG0142",7,6,6,7,17,7
"COG0143",8,6,12,7,4,11
"COG0144",12,7,5,9,5,8
"COG0147",7,5,3,5,3,4
"COG0148",7,4,8,5,5,6
"COG0149",2,2,4,3,6,3
"COG0150",7,4,7,6,5,6
"COG0151",3,3,7,7,5,9
"COG0152",4,3,7,7,0,6
"COG0153",13,4,4,5,0,5
"COG0154",2,1,2,3,3,1
"COG0155",0,0,1,0,1,0
"COG0156",0,10,6,8,10,5
"COG0157",0,4,2,2,7,5
"COG0158",0,0,1,0,1,0
"COG0159",2,1,2,7,3,1
"COG0160",0,0,0,0,0,2
"COG0161",0,6,1,0,1,3
"COG0162",6,2,3,2,9,4
"COG0163",1,1,0,0,0,0
"COG0164",5,3,1,2,2,5
"COG0165",2,8,13,6,7,5
"COG0166",7,7,10,13,8,14
"COG0167",3,9,3,6,6,8
"COG0168",12,12,7,17,15,10
"COG0169",5,4,6,2,3,5
"COG0171",4,3,12,3,5,3
"COG0172",7,3,7,9,3,4
"COG0173",16,7,9,13,11,9
"COG0174",8,3,5,11,1,5
"COG0175",6,6,3,4,7,0
"COG0176",2,4,2,4,4,2
"COG0177",2,0,1,5,1,2
"COG0178",13,7,19,25,21,26
"COG0179",2,2,2,1,2,3
"COG0180",7,4,7,9,5,3
"COG0181",2,0,1,0,0,0
"COG0182",3,0,0,6,2,1
"COG0183",4,1,2,1,1,1
"COG0184",2,1,0,0,3,1
"COG0185",1,0,0,1,1,5
"COG0186",6,1,3,3,0,3
"COG0187",14,17,15,23,10,25
"COG0188",23,9,20,13,28,16
"COG0189",0,2,0,1,0,1
"COG0190",7,3,3,3,8,7
"COG0191",10,9,3,5,4,6
"COG0192",6,4,9,7,4,12
"COG0193",6,3,4,5,3,1
"COG0194",5,2,4,2,3,8
"COG0195",2,7,7,5,6,8
"COG0196",5,3,6,6,2,4
"COG0197",5,4,4,4,3,5
"COG0198",3,1,1,2,2,1
"COG0199",1,0,1,4,2,3
"COG0200",2,3,1,1,6,0
"COG0201",9,3,6,9,8,11
"COG0202",7,2,5,4,9,8
"COG0203",2,5,1,5,3,4
"COG0204",11,8,8,10,4,7
"COG0205",10,8,26,10,11,7
"COG0206",9,9,9,5,5,6
"COG0207",5,5,3,5,2,3
"COG0208",0,4,0,3,0,0
"COG0209",6,9,7,2,3,1
"COG0210",32,15,21,23,18,15
"COG0211",2,3,1,3,4,1
"COG0212",4,1,3,3,4,3
"COG0213",1,0,5,3,1,2
"COG0214",2,1,1,0,8,2
"COG0215",10,4,13,10,7,6
"COG0216",7,3,8,8,4,5
"COG0217",2,2,3,5,4,3
"COG0218",5,0,2,3,4,2
"COG0219",0,0,1,3,1,4
"COG0220",3,3,1,2,2,5
"COG0221",0,0,1,0,0,2
"COG0222",4,1,0,2,4,3
"COG0223",4,0,3,2,3,11
"COG0224",5,3,2,8,6,5
"COG0225",0,3,1,2,0,0
"COG0226",3,8,6,4,10,3
"COG0227",0,1,1,1,3,1
"COG0228",0,2,1,4,2,3
"COG0229",0,3,1,2,2,0
"COG0230",0,2,0,0,0,1
"COG0231",7,4,3,7,3,1
"COG0232",5,2,2,7,6,7
"COG0233",4,4,6,3,2,6
"COG0234",2,0,1,2,0,1
"COG0235",9,5,4,4,7,10
"COG0236",0,0,0,3,3,4
"COG0237",2,4,2,1,4,5
"COG0238",1,1,4,2,1,1
"COG0239",1,1,1,0,1,0
"COG0240",6,2,7,3,1,7
"COG0241",0,5,1,2,2,15
"COG0242",2,3,4,3,3,5
"COG0243",1,3,7,4,0,0
"COG0244",1,2,2,4,4,6
"COG0245",3,1,4,7,2,2
"COG0246",5,6,7,3,3,3
"COG0247",6,4,5,2,7,3
"COG0248",0,4,2,1,5,2
"COG0249",16,11,23,19,10,14
"COG0250",5,4,4,6,7,8
"COG0251",3,5,2,2,5,3
"COG0252",4,11,4,4,9,4
"COG0253",2,0,2,2,2,11
"COG0254",0,2,1,0,0,0
"COG0255",0,0,3,1,0,0
"COG0256",4,2,3,2,3,3
"COG0257",0,0,0,1,0,0
"COG0258",11,5,9,16,16,16
"COG0259",0,2,0,0,0,2
"COG0260",1,0,1,1,1,2
"COG0261",1,1,1,1,3,0
"COG0262",6,1,5,5,4,1
"COG0263",1,3,4,3,2,3
"COG0264",8,4,6,5,2,2
"COG0265",12,15,11,6,7,9
"COG0266",2,0,1,0,0,1
"COG0267",0,2,0,0,0,2
"COG0268",2,0,2,2,2,1
"COG0269",0,1,0,0,0,0
"COG0270",19,4,3,14,17,20
"COG0272",14,5,4,8,6,8
"COG0274",3,4,4,2,5,3
"COG0275",3,5,2,4,4,5
"COG0277",2,4,1,3,0,2
"COG0278",1,0,0,0,0,0
"COG0279",0,0,0,1,1,5
"COG0280",10,16,16,2,13,8
"COG0281",4,7,9,8,8,7
"COG0282",8,7,7,1,4,7
"COG0283",5,1,4,5,0,4
"COG0284",3,2,4,6,6,6
"COG0285",2,3,7,4,7,5
"COG0286",20,12,19,15,18,20
"COG0287",0,0,5,4,0,1
"COG0288",0,2,2,1,2,1
"COG0289",1,2,2,4,4,6
"COG0290",1,1,0,3,4,5
"COG0291",2,1,1,4,0,1
"COG0292",5,1,5,1,4,2
"COG0293",0,0,0,0,0,1
"COG0294",4,4,5,2,5,2
"COG0295",3,1,2,1,4,2
"COG0296",7,4,10,10,11,5
"COG0297",6,0,5,7,7,6
"COG0298",1,0,0,0,0,0
"COG0299",2,4,2,4,3,1
"COG0300",4,2,1,5,1,1
"COG0301",4,1,5,1,1,4
"COG0302",0,5,0,1,5,6
"COG0303",0,2,1,1,1,0
"COG0304",5,3,7,6,8,8
"COG0305",10,7,7,6,4,11
"COG0306",0,1,1,1,1,1
"COG0307",0,2,5,4,2,3
"COG0308",2,4,0,3,1,1
"COG0309",3,1,3,2,1,0
"COG0310",0,1,0,0,1,0
"COG0311",0,0,0,0,2,2
"COG0312",0,1,0,2,4,6
"COG0313",9,7,5,7,8,5
"COG0315",2,1,0,0,0,0
"COG0316",1,0,0,0,0,1
"COG0317",16,15,5,16,6,23
"COG0318",14,10,9,9,8,8
"COG0319",5,4,2,3,2,3
"COG0320",1,2,4,0,4,1
"COG0321",1,3,3,0,3,0
"COG0322",8,5,10,9,8,6
"COG0323",11,2,8,4,10,3
"COG0324",5,7,7,4,4,9
"COG0325",3,2,8,3,6,6
"COG0326",12,10,7,7,6,15
"COG0327",1,0,0,5,7,4
"COG0328",2,1,0,2,0,9
"COG0329",12,8,1,8,9,10
"COG0330",8,6,7,5,8,7
"COG0331",1,7,7,5,4,3
"COG0332",4,8,10,6,11,8
"COG0333",0,2,0,1,0,1
"COG0334",8,17,7,12,7,8
"COG0335",3,2,1,1,4,2
"COG0336",7,2,5,4,1,2
"COG0337",3,2,5,10,5,10
"COG0338",7,1,4,1,3,2
"COG0339",5,14,12,8,13,9
"COG0340",7,4,1,3,0,3
"COG0341",1,1,1,3,1,5
"COG0342",3,5,11,2,9,9
"COG0343",6,3,8,6,9,7
"COG0344",1,0,1,3,0,0
"COG0345",6,2,5,4,6,4
"COG0346",2,8,3,5,4,2
"COG0347",5,0,5,3,1,4
"COG0348",6,6,9,5,2,0
"COG0349",0,0,0,0,0,1
"COG0350",4,5,4,2,3,2
"COG0351",8,2,1,2,11,8
"COG0352",3,4,7,3,3,1
"COG0353",7,3,5,5,5,3
"COG0355",0,0,2,1,1,1
"COG0356",6,2,8,4,6,5
"COG0357",3,4,7,6,6,6
"COG0358",13,6,8,22,19,10
"COG0359",5,1,1,4,1,3
"COG0360",1,1,4,1,0,7
"COG0361",2,1,1,0,1,4
"COG0362",2,2,3,1,3,0
"COG0363",4,16,2,5,11,8
"COG0364",3,3,1,2,0,2
"COG0365",4,6,0,4,3,3
"COG0366",15,16,21,24,28,47
"COG0367",6,2,7,7,9,4
"COG0368",2,1,2,1,2,1
"COG0370",16,10,16,21,8,15
"COG0371",4,1,0,6,0,1
"COG0372",5,4,3,9,9,6
"COG0373",1,0,1,0,0,0
"COG0374",0,0,0,1,1,0
"COG0375",0,0,2,1,1,0
"COG0376",1,0,0,0,0,0
"COG0377",1,1,1,1,2,1
"COG0378",0,0,1,0,1,1
"COG0379",7,0,2,2,8,3
"COG0380",1,2,0,0,1,0
"COG0381",5,8,4,3,7,8
"COG0382",0,1,0,1,0,2
"COG0383",9,9,10,7,0,1
"COG0384",1,0,0,0,0,1
"COG0385",0,1,2,0,0,15
"COG0386",2,1,0,0,3,1
"COG0388",15,16,23,15,12,18
"COG0389",10,7,5,7,6,8
"COG0390",2,2,0,1,2,0
"COG0391",5,0,1,0,0,0
"COG0392",3,0,2,5,2,0
"COG0393",1,2,4,1,2,0
"COG0394",1,5,4,3,4,0
"COG0395",20,6,31,9,11,5
"COG0396",8,3,7,5,3,3
"COG0398",2,0,0,1,0,1
"COG0399",12,13,6,8,8,14
"COG0400",0,0,0,1,0,0
"COG0401",0,1,0,0,0,0
"COG0402",11,2,2,6,1,2
"COG0403",3,9,2,1,2,0
"COG0404",3,1,2,4,1,0
"COG0405",1,0,1,0,1,2
"COG0406",7,4,4,5,4,0
"COG0407",2,4,0,3,0,0
"COG0409",1,1,0,1,1,0
"COG0410",2,0,0,2,3,3
"COG0411",3,0,2,2,1,2
"COG0413",2,6,3,1,2,3
"COG0414",2,5,3,0,3,5
"COG0415",0,0,0,0,0,1
"COG0416",7,1,2,5,1,4
"COG0419",5,14,10,9,9,10
"COG0420",5,11,12,9,8,6
"COG0421",0,0,2,2,2,1
"COG0422",3,6,3,7,3,4
"COG0423",12,2,9,10,10,9
"COG0424",0,1,3,3,4,3
"COG0425",3,5,5,3,2,2
"COG0426",7,7,9,6,7,7
"COG0427",5,5,9,4,7,4
"COG0428",2,0,5,5,1,2
"COG0432",1,2,0,0,1,1
"COG0433",2,0,0,5,3,2
"COG0434",2,2,0,0,0,0
"COG0435",0,0,1,1,0,0
"COG0436",22,23,18,36,20,22
"COG0437",0,0,0,1,0,0
"COG0438",51,88,45,41,63,47
"COG0439",4,10,0,3,4,3
"COG0440",0,1,2,1,0,3
"COG0441",20,9,21,19,21,18
"COG0442",4,6,6,4,7,2
"COG0443",13,15,7,15,8,7
"COG0444",7,3,4,6,5,2
"COG0445",13,5,14,3,12,5
"COG0446",6,11,7,10,10,5
"COG0447",0,6,3,1,7,5
"COG0448",6,0,9,3,4,6
"COG0449",16,6,17,8,6,8
"COG0450",0,5,0,0,1,1
"COG0451",21,29,19,14,25,21
"COG0452",9,4,5,6,7,4
"COG0454",15,9,14,11,7,9
"COG0455",0,0,3,0,0,2
"COG0456",1,1,3,0,1,0
"COG0457",16,38,35,25,32,30
"COG0458",17,27,23,21,26,18
"COG0459",8,7,6,6,6,9
"COG0460",7,4,11,10,13,8
"COG0461",2,3,6,3,5,2
"COG0462",3,2,12,6,6,7
"COG0463",57,69,75,54,99,78
"COG0464",4,3,5,6,2,4
"COG0465",12,1,13,16,11,7
"COG0466",7,5,8,13,10,18
"COG0468",12,56,10,10,8,9
"COG0469",6,2,2,6,8,10
"COG0470",4,0,1,1,0,1
"COG0471",3,8,8,12,11,11
"COG0472",7,4,3,13,10,5
"COG0473",5,5,8,1,3,6
"COG0474",24,19,15,12,28,18
"COG0475",5,29,4,15,15,10
"COG0476",4,5,1,1,4,5
"COG0477",43,47,28,33,55,46
"COG0479",5,2,5,3,4,4
"COG0480",31,20,28,40,19,31
"COG0481",13,6,15,9,5,13
"COG0482",10,9,8,5,4,7
"COG0483",1,2,1,3,3,0
"COG0484",5,4,6,3,2,5
"COG0486",6,0,9,5,3,5
"COG0488",27,25,36,33,22,25
"COG0489",7,15,13,11,11,13
"COG0490",0,1,0,0,0,0
"COG0491",7,6,7,10,5,1
"COG0492",5,4,6,11,10,3
"COG0493",15,11,18,23,18,23
"COG0494",20,8,9,16,3,11
"COG0495",14,7,15,6,7,9
"COG0496",3,1,2,3,4,3
"COG0497",7,2,3,10,8,3
"COG0498",9,3,5,8,10,5
"COG0499",0,3,1,2,0,0
"COG0500",25,15,12,15,4,22
"COG0501",3,4,1,2,3,8
"COG0502",4,5,7,1,3,0
"COG0503",6,2,5,9,7,5
"COG0504",8,4,6,10,7,5
"COG0505",3,1,7,6,4,8
"COG0506",2,4,0,0,1,0
"COG0507",25,22,25,29,35,25
"COG0508",1,5,0,3,0,1
"COG0509",2,3,2,2,1,0
"COG0510",0,0,1,1,0,0
"COG0511",0,6,5,1,3,4
"COG0512",1,1,1,8,3,0
"COG0513",5,14,6,13,11,11
"COG0514",12,20,25,19,34,11
"COG0515",15,7,16,21,8,13
"COG0516",7,6,7,5,3,9
"COG0517",9,8,10,10,7,7
"COG0518",10,13,4,7,7,7
"COG0519",8,8,3,6,9,5
"COG0520",9,5,6,2,3,4
"COG0521",1,1,2,2,0,0
"COG0522",3,2,3,2,7,3
"COG0523",5,0,1,1,7,2
"COG0524",30,28,20,21,21,22
"COG0525",9,10,12,18,6,12
"COG0526",20,18,19,34,29,22
"COG0527",6,15,12,7,10,20
"COG0528",2,2,8,5,5,2
"COG0529",2,2,1,0,1,1
"COG0530",5,4,7,4,2,4
"COG0531",7,7,4,7,0,3
"COG0532",8,11,9,7,12,8
"COG0533",7,2,9,10,2,3
"COG0534",60,51,83,76,42,59
"COG0535",10,15,5,16,8,8
"COG0536",9,3,4,8,6,10
"COG0537",5,4,4,7,7,1
"COG0538",4,4,0,5,5,6
"COG0539",2,3,2,16,7,6
"COG0540",8,2,3,6,4,7
"COG0541",4,6,3,10,4,10
"COG0542",32,16,23,26,17,21
"COG0543",10,11,11,7,12,12
"COG0544",8,6,13,15,11,7
"COG0545",3,6,10,5,10,10
"COG0546",7,11,10,10,10,8
"COG0547",1,1,2,2,3,1
"COG0548",3,3,5,1,5,1
"COG0549",4,2,1,0,0,1
"COG0550",27,21,24,38,30,34
"COG0551",11,1,2,8,2,6
"COG0552",2,4,5,7,2,6
"COG0553",8,12,12,18,22,7
"COG0554",5,1,6,7,2,3
"COG0555",0,0,0,1,0,0
"COG0556",5,6,10,11,10,7
"COG0557",8,7,8,10,10,8
"COG0558",7,0,3,4,0,1
"COG0559",5,0,0,2,0,2
"COG0560",3,5,1,4,3,2
"COG0561",9,6,7,16,16,13
"COG0562",1,4,6,6,3,3
"COG0563",5,6,6,4,4,1
"COG0564",15,15,15,12,20,17
"COG0565",1,0,0,0,0,0
"COG0566",13,6,3,14,5,4
"COG0568",5,1,8,6,8,26
"COG0569",12,3,7,12,7,9
"COG0571",2,4,6,2,2,3
"COG0572",7,3,6,9,13,8
"COG0573",1,2,2,3,1,1
"COG0574",16,13,17,17,13,12
"COG0575",4,3,7,5,3,5
"COG0576",0,3,6,2,2,6
"COG0577",32,34,36,37,38,17
"COG0578",0,2,0,0,1,0
"COG0579",5,0,2,2,1,2
"COG0580",0,4,1,0,1,0
"COG0581",4,3,1,5,2,3
"COG0582",72,26,70,53,34,29
"COG0583",38,20,31,34,22,21
"COG0584",5,11,9,7,5,5
"COG0586",2,2,1,2,1,3
"COG0587",18,10,17,17,11,20
"COG0588",0,5,0,0,1,2
"COG0589",2,5,1,4,5,8
"COG0590",4,6,6,2,3,6
"COG0591",14,11,5,10,8,4
"COG0592",7,4,8,6,4,6
"COG0593",2,5,0,3,1,1
"COG0594",2,0,2,1,1,2
"COG0595",6,2,7,4,5,0
"COG0596",6,0,6,6,10,6
"COG0597",3,0,2,2,0,5
"COG0598",8,4,11,1,4,6
"COG0599",2,5,1,1,2,1
"COG0600",6,1,3,6,0,1
"COG0601",7,2,5,3,7,2
"COG0602",5,3,4,3,3,1
"COG0603",4,3,0,2,3,3
"COG0604",3,1,0,1,0,0
"COG0605",3,1,1,1,1,1
"COG0606",3,5,8,7,5,7
"COG0607",6,8,11,3,8,2
"COG0608",11,6,4,4,6,8
"COG0609",7,4,6,6,4,5
"COG0610",14,10,21,7,12,3
"COG0611",2,3,5,2,3,2
"COG0612",16,26,11,15,24,8
"COG0613",2,1,2,3,1,2
"COG0614",3,3,15,1,16,6
"COG0615",0,2,2,2,5,1
"COG0616",0,5,2,2,5,7
"COG0617",5,2,6,7,5,8
"COG0618",7,6,6,8,3,10
"COG0619",6,2,3,6,3,4
"COG0620",4,0,3,1,1,5
"COG0621",23,15,14,24,16,22
"COG0622",6,4,6,4,4,3
"COG0623",0,5,2,4,4,4
"COG0624",3,7,7,9,10,8
"COG0625",1,0,1,0,0,0
"COG0626",5,1,1,4,0,2
"COG0627",0,10,1,2,0,3
"COG0628",14,9,10,6,5,4
"COG0629",13,3,5,3,4,6
"COG0630",1,0,1,0,0,1
"COG0631",6,3,8,4,5,7
"COG0632",8,2,3,2,3,7
"COG0634",5,2,5,3,3,2
"COG0635",5,7,15,9,7,5
"COG0636",3,3,2,1,4,2
"COG0637",10,8,11,10,5,10
"COG0639",1,3,2,1,4,3
"COG0640",6,0,2,7,0,4
"COG0641",13,7,7,14,19,23
"COG0642",121,302,163,148,146,97
"COG0643",1,0,2,3,1,3
"COG0644",0,2,0,1,0,0
"COG0646",3,2,8,20,12,7
"COG0647",2,0,0,5,0,1
"COG0648",4,0,2,2,4,1
"COG0649",0,5,1,1,3,3
"COG0651",0,2,0,2,0,1
"COG0652",5,4,6,3,4,7
"COG0653",16,8,8,18,19,13
"COG0654",1,0,0,1,0,0
"COG0655",7,7,6,5,0,3
"COG0656",6,5,3,6,4,6
"COG0657",8,10,8,11,9,11
"COG0658",11,2,5,5,6,3
"COG0659",2,5,9,9,10,9
"COG0662",3,1,4,4,2,1
"COG0663",4,2,4,1,2,3
"COG0664",5,28,5,8,10,8
"COG0665",1,1,1,1,0,2
"COG0666",1,4,2,3,1,2
"COG0667",7,16,9,11,5,4
"COG0668",5,9,11,9,10,4
"COG0669",3,3,4,3,2,0
"COG0670",0,0,1,0,2,4
"COG0671",8,4,3,8,6,7
"COG0673",17,32,13,28,10,10
"COG0674",16,19,12,16,18,10
"COG0675",4,2,4,2,8,2
"COG0676",0,1,0,0,0,0
"COG0677",0,4,0,1,0,1
"COG0679",8,3,9,6,3,1
"COG0680",0,0,0,1,0,0
"COG0681",12,8,7,11,11,6
"COG0682",13,3,7,11,5,6
"COG0683",7,0,3,3,0,3
"COG0684",3,0,1,1,0,0
"COG0685",4,3,6,5,8,3
"COG0686",0,3,0,1,4,2
"COG0687",4,2,4,4,2,9
"COG0688",1,2,3,3,6,1
"COG0690",0,0,1,0,0,2
"COG0691",7,2,5,1,6,5
"COG0692",2,4,3,5,6,4
"COG0693",4,6,2,4,2,6
"COG0694",0,0,0,0,1,1
"COG0696",10,5,3,5,10,10
"COG0697",13,8,17,10,26,18
"COG0698",4,1,2,2,3,3
"COG0699",0,1,2,0,0,0
"COG0700",2,4,2,0,5,4
"COG0701",0,2,1,1,2,0
"COG0702",0,1,0,0,1,0
"COG0703",5,3,4,6,1,10
"COG0704",1,4,2,3,0,3
"COG0705",4,7,4,2,7,3
"COG0706",7,8,9,7,16,16
"COG0707",5,9,4,5,9,7
"COG0708",5,3,0,3,2,6
"COG0709",0,0,1,0,1,0
"COG0710",1,0,3,2,1,0
"COG0711",3,0,2,2,1,1
"COG0712",1,2,3,3,0,2
"COG0713",0,1,2,0,0,1
"COG0714",7,8,9,8,7,10
"COG0715",4,6,6,5,4,2
"COG0716",9,9,7,9,2,5
"COG0717",0,0,0,0,0,2
"COG0718",3,1,1,0,0,1
"COG0719",11,10,12,7,12,13
"COG0720",0,1,2,1,1,1
"COG0721",3,0,0,0,0,1
"COG0722",2,0,3,1,0,1
"COG0723",0,0,0,0,0,0
"COG0724",0,3,1,0,0,0
"COG0725",1,1,0,0,2,1
"COG0726",19,4,10,11,5,5
"COG0727",1,1,1,2,0,1
"COG0728",0,0,0,3,0,3
"COG0729",0,0,0,0,1,0
"COG0730",3,1,1,1,1,8
"COG0731",2,6,4,2,3,2
"COG0732",6,2,12,8,18,15
"COG0733",13,5,6,12,8,24
"COG0735",3,3,6,4,6,7
"COG0736",1,0,1,0,1,0
"COG0737",9,13,6,9,20,9
"COG0738",2,30,9,5,18,15
"COG0739",25,17,31,22,20,19
"COG0740",10,3,5,5,10,6
"COG0741",4,4,6,5,3,8
"COG0742",4,1,2,4,5,1
"COG0743",7,7,4,8,8,8
"COG0744",14,5,9,5,2,7
"COG0745",71,73,75,59,78,59
"COG0746",0,0,0,0,1,0
"COG0747",13,1,5,7,8,5
"COG0749",18,62,14,11,18,40
"COG0750",9,4,4,4,8,5
"COG0751",0,0,1,1,0,4
"COG0752",0,1,0,0,0,3
"COG0753",0,4,2,0,0,0
"COG0754",0,0,0,0,1,0
"COG0755",1,10,9,2,2,7
"COG0756",4,6,3,5,6,17
"COG0757",3,2,2,0,7,5
"COG0758",6,4,9,8,8,1
"COG0759",1,0,1,2,1,0
"COG0760",7,7,9,6,13,12
"COG0761",11,2,3,8,4,4
"COG0762",0,0,0,1,0,0
"COG0763",3,7,3,5,2,4
"COG0764",4,2,0,4,7,4
"COG0765",13,4,8,11,4,7
"COG0766",12,7,13,11,7,7
"COG0767",3,4,2,2,1,2
"COG0768",37,9,42,26,26,22
"COG0769",17,5,4,12,6,5
"COG0770",9,10,8,13,17,4
"COG0771",9,5,10,2,6,3
"COG0772",6,9,13,16,13,24
"COG0773",8,3,4,7,5,23
"COG0774",0,3,0,4,7,6
"COG0775",1,7,5,6,5,3
"COG0776",7,5,3,5,3,5
"COG0777",4,0,3,0,0,2
"COG0778",9,14,13,9,20,13
"COG0779",1,2,0,1,0,7
"COG0780",1,2,1,1,0,1
"COG0781",6,2,1,1,6,4
"COG0782",10,3,5,7,7,4
"COG0783",0,0,0,1,1,0
"COG0784",23,31,24,26,13,14
"COG0785",4,0,0,0,0,0
"COG0786",2,0,1,1,1,1
"COG0787",7,10,4,15,7,8
"COG0788",1,3,1,0,2,1
"COG0789",6,2,4,6,1,4
"COG0790",1,3,3,12,3,9
"COG0791",16,10,19,6,1,9
"COG0792",1,0,2,1,1,3
"COG0793",12,32,22,17,29,34
"COG0794",0,3,2,2,2,4
"COG0795",7,4,0,6,12,12
"COG0796",4,1,7,3,7,6
"COG0797",0,1,0,1,1,2
"COG0798",0,0,0,1,3,0
"COG0799",4,2,1,1,4,2
"COG0800",4,5,1,4,2,2
"COG0801",1,0,2,1,2,2
"COG0802",1,1,1,3,3,2
"COG0803",5,1,6,3,3,0
"COG0804",1,0,0,1,0,1
"COG0805",1,0,0,1,1,3
"COG0806",4,2,1,6,1,6
"COG0807",5,3,6,2,7,5
"COG0809",8,10,5,11,11,8
"COG0810",0,0,0,0,0,3
"COG0811",2,9,6,5,10,4
"COG0812",3,4,4,5,5,7
"COG0813",2,0,2,2,0,1
"COG0814",1,1,1,2,1,0
"COG0815",1,1,1,1,0,4
"COG0816",2,0,1,4,2,1
"COG0817",0,2,1,1,6,2
"COG0818",0,0,1,0,3,1
"COG0820",2,8,5,5,7,10
"COG0821",7,4,6,10,9,5
"COG0822",8,4,4,4,3,3
"COG0823",0,3,5,2,0,1
"COG0824",2,1,1,3,0,2
"COG0825",0,1,4,1,2,0
"COG0826",17,8,14,10,8,11
"COG0827",17,12,16,19,8,15
"COG0828",0,0,1,1,0,1
"COG0829",0,0,0,0,1,0
"COG0830",0,0,0,0,1,1
"COG0831",0,0,0,0,0,1
"COG0833",0,1,1,0,0,0
"COG0834",13,8,5,13,5,14
"COG0835",1,0,2,0,0,5
"COG0836",2,4,10,9,15,9
"COG0837",0,0,0,0,0,1
"COG0838",0,1,0,0,1,1
"COG0839",0,4,1,1,1,0
"COG0840",13,0,32,4,11,16
"COG0841",27,79,38,41,45,19
"COG0842",3,18,9,13,15,14
"COG0843",0,1,0,0,1,0
"COG0845",30,70,38,31,50,28
"COG0846",6,0,10,6,5,10
"COG0847",4,4,3,1,1,7
"COG0848",0,1,0,0,0,1
"COG0849",2,2,4,1,6,9
"COG0850",1,0,1,0,0,2
"COG0851",2,0,0,0,0,1
"COG0852",1,6,2,0,3,0
"COG0853",2,3,0,1,0,3
"COG0854",2,1,2,0,1,1
"COG0855",6,1,12,9,7,6
"COG0857",0,0,0,0,0,2
"COG0858",1,2,3,2,2,2
"COG0859",3,3,4,4,8,8
"COG0860",12,9,7,8,9,2
"COG0861",2,2,0,1,2,4
"COG0863",7,9,5,6,6,3
"COG0864",1,0,0,1,0,0
"COG1001",2,1,0,1,4,1
"COG1002",6,5,6,8,13,4
"COG1003",2,4,0,3,1,1
"COG1004",0,3,5,5,6,9
"COG1005",1,2,2,3,6,2
"COG1006",0,0,1,0,1,0
"COG1007",3,10,2,6,3,5
"COG1008",0,3,1,5,0,5
"COG1009",1,3,3,3,9,3
"COG1010",1,0,0,0,1,0
"COG1011",8,9,9,10,15,13
"COG1012",7,3,5,10,8,5
"COG1013",15,11,9,16,26,16
"COG1014",15,16,14,22,30,12
"COG1015",2,0,1,4,1,2
"COG1017",0,1,0,0,0,0
"COG1018",0,2,1,0,0,0
"COG1020",8,1,5,1,3,3
"COG1021",1,0,0,0,0,0
"COG1022",16,18,9,10,23,23
"COG1024",3,0,2,3,0,1
"COG1026",2,1,0,2,3,1
"COG1027",5,4,3,5,6,2
"COG1028",24,22,27,22,8,13
"COG1032",10,13,12,7,7,2
"COG1033",12,2,9,2,8,2
"COG1034",7,5,4,3,1,0
"COG1035",3,4,2,5,5,8
"COG1038",4,2,0,3,0,1
"COG1039",0,0,0,0,0,1
"COG1040",2,1,5,5,3,4
"COG1042",0,4,1,0,1,1
"COG1043",3,7,4,3,5,3
"COG1044",2,1,2,4,8,0
"COG1045",6,4,2,3,8,5
"COG1047",1,2,1,1,3,0
"COG1048",8,3,9,7,8,6
"COG1049",0,0,0,0,0,2
"COG1051",3,6,1,3,6,2
"COG1052",7,2,5,4,7,6
"COG1053",7,9,22,23,9,10
"COG1055",8,0,1,6,4,9
"COG1056",0,1,0,1,0,0
"COG1057",1,0,4,2,7,4
"COG1058",4,2,0,2,0,0
"COG1060",2,3,4,5,3,2
"COG1061",8,70,14,11,5,25
"COG1063",11,9,8,10,14,14
"COG1066",7,2,5,7,5,9
"COG1067",4,2,0,1,0,0
"COG1069",2,1,1,0,0,0
"COG1070",13,15,16,12,10,20
"COG1071",3,3,0,1,1,0
"COG1073",12,11,10,9,9,10
"COG1074",17,2,5,8,15,13
"COG1075",0,0,0,0,0,2
"COG1076",2,0,1,2,0,3
"COG1077",11,2,10,12,6,7
"COG1078",0,1,0,1,1,0
"COG1079",11,0,4,2,0,0
"COG1080",9,5,7,2,1,9
"COG1082",6,7,6,4,2,2
"COG1083",2,0,1,1,1,1
"COG1086",3,18,3,4,17,5
"COG1087",8,3,5,4,5,4
"COG1088",5,7,8,8,9,8
"COG1089",0,1,0,2,3,3
"COG1090",0,1,1,0,0,2
"COG1091",3,7,6,4,7,5
"COG1092",11,4,9,6,1,7
"COG1098",0,0,0,0,0,1
"COG1099",1,0,0,0,0,0
"COG1101",4,0,0,4,0,1
"COG1104",9,0,5,10,1,4
"COG1105",1,1,2,2,3,1
"COG1106",4,9,13,0,17,15
"COG1108",2,3,4,1,3,8
"COG1109",14,7,20,24,9,14
"COG1112",9,20,9,22,15,13
"COG1113",3,0,0,0,0,0
"COG1114",1,1,0,1,0,0
"COG1115",7,12,17,13,5,15
"COG1116",2,1,0,1,2,0
"COG1117",4,7,3,4,3,2
"COG1118",0,1,5,1,0,0
"COG1119",1,2,0,3,5,4
"COG1120",4,8,10,12,6,7
"COG1121",4,3,4,6,4,6
"COG1122",13,2,8,12,8,8
"COG1123",0,0,1,0,1,0
"COG1124",0,0,1,1,0,0
"COG1125",1,0,0,0,0,0
"COG1126",3,0,6,6,4,11
"COG1127",1,1,2,1,5,5
"COG1129",13,7,11,4,5,12
"COG1131",30,11,22,19,15,11
"COG1132",70,21,66,49,31,31
"COG1134",2,1,3,4,1,2
"COG1135",1,0,1,4,0,7
"COG1136",25,23,23,16,30,23
"COG1137",2,1,0,1,2,1
"COG1138",0,2,1,0,0,0
"COG1139",0,3,3,4,4,3
"COG1141",1,0,0,1,0,0
"COG1142",1,1,0,0,0,0
"COG1143",0,2,1,0,1,1
"COG1144",1,0,0,1,1,3
"COG1145",15,15,17,17,8,4
"COG1146",1,0,4,1,0,2
"COG1148",2,1,0,2,1,0
"COG1150",0,1,0,0,0,0
"COG1151",3,7,6,3,1,6
"COG1154",9,6,12,10,10,15
"COG1155",3,5,4,4,5,1
"COG1156",3,5,1,2,3,0
"COG1157",0,2,4,0,0,2
"COG1158",3,6,7,3,4,4
"COG1159",5,5,5,7,2,4
"COG1160",9,11,8,10,15,11
"COG1161",2,0,3,0,0,1
"COG1162",8,4,5,4,4,3
"COG1164",4,0,2,6,1,1
"COG1165",2,1,4,5,11,2
"COG1166",1,8,3,7,9,5
"COG1167",12,7,6,12,2,4
"COG1168",7,12,2,5,4,9
"COG1169",0,1,2,1,2,8
"COG1171",2,5,6,5,8,2
"COG1172",6,3,4,3,2,5
"COG1173",8,1,9,7,4,1
"COG1174",1,0,0,0,0,0
"COG1175",18,8,26,12,11,4
"COG1176",6,2,3,7,4,1
"COG1177",4,1,6,4,1,2
"COG1178",4,2,3,3,3,0
"COG1179",3,1,6,3,4,0
"COG1180",7,4,4,4,5,4
"COG1181",11,4,6,3,5,3
"COG1182",0,1,1,1,0,0
"COG1183",1,2,4,3,4,5
"COG1185",7,5,12,9,9,13
"COG1186",5,5,4,3,10,6
"COG1187",6,0,4,10,5,4
"COG1188",3,2,1,2,3,2
"COG1189",2,0,0,6,0,1
"COG1190",5,5,10,7,7,4
"COG1191",10,1,6,6,0,4
"COG1192",22,10,16,8,15,19
"COG1193",9,10,10,6,11,13
"COG1194",4,0,2,5,7,1
"COG1195",10,7,1,5,5,4
"COG1196",13,0,8,7,7,5
"COG1197",21,9,14,20,13,14
"COG1198",10,7,11,13,12,8
"COG1199",3,3,3,3,2,1
"COG1200",13,1,10,7,9,11
"COG1201",0,2,1,1,0,2
"COG1203",5,0,2,10,2,6
"COG1204",0,1,1,4,4,0
"COG1205",0,0,2,3,4,6
"COG1206",4,0,0,4,0,1
"COG1207",3,1,1,2,3,6
"COG1208",6,5,8,3,14,14
"COG1209",5,11,9,2,8,2
"COG1210",0,0,0,1,7,7
"COG1211",5,3,6,7,9,4
"COG1212",4,4,1,5,3,2
"COG1213",1,0,2,0,0,0
"COG1214",2,1,1,3,1,3
"COG1215",3,12,1,6,5,3
"COG1216",5,11,6,9,10,9
"COG1217",11,12,7,10,11,4
"COG1218",0,3,1,0,3,0
"COG1219",10,5,8,5,4,8
"COG1220",0,1,0,1,0,4
"COG1221",1,1,0,0,0,0
"COG1225",2,4,5,2,4,0
"COG1226",0,3,2,2,0,1
"COG1227",5,1,7,6,1,8
"COG1228",2,6,3,5,1,1
"COG1230",0,1,1,0,0,1
"COG1232",3,2,0,1,1,0
"COG1233",0,2,0,2,1,0
"COG1234",1,1,9,6,3,3
"COG1235",2,3,5,9,8,6
"COG1236",5,1,1,3,2,2
"COG1237",0,0,1,0,0,0
"COG1238",1,3,0,0,1,1
"COG1239",0,0,0,0,0,1
"COG1240",0,0,0,1,0,1
"COG1242",3,3,2,5,1,3
"COG1243",4,0,0,0,1,0
"COG1246",0,0,0,0,0,2
"COG1247",2,1,4,3,1,3
"COG1249",3,14,3,7,5,5
"COG1250",3,0,1,1,2,1
"COG1251",1,0,0,0,0,0
"COG1252",0,1,0,2,4,0
"COG1253",9,11,10,14,9,10
"COG1254",0,0,1,0,1,0
"COG1256",1,0,9,1,1,7
"COG1259",1,3,0,0,1,0
"COG1260",1,3,3,2,4,4
"COG1261",0,1,0,0,0,0
"COG1262",2,3,1,4,6,11
"COG1263",4,3,6,4,3,3
"COG1264",7,8,10,3,1,1
"COG1266",2,1,8,3,5,2
"COG1267",0,2,0,1,4,2
"COG1268",1,0,3,1,1,1
"COG1269",4,3,4,7,6,1
"COG1270",4,1,2,4,0,1
"COG1271",1,0,5,3,0,0
"COG1272",2,2,0,1,0,1
"COG1274",1,0,1,1,0,1
"COG1276",1,0,0,0,0,0
"COG1277",1,2,2,3,0,1
"COG1278",2,0,0,0,1,1
"COG1279",1,0,0,0,0,0
"COG1280",1,0,0,0,0,0
"COG1281",2,1,4,5,5,3
"COG1282",0,0,0,0,0,1
"COG1283",8,7,10,8,8,15
"COG1284",8,13,2,12,7,14
"COG1285",4,1,1,5,2,3
"COG1286",0,1,0,0,0,1
"COG1288",1,1,1,3,3,0
"COG1289",1,0,2,0,0,0
"COG1291",0,0,1,0,0,0
"COG1292",3,2,0,2,1,0
"COG1293",6,0,6,0,1,1
"COG1294",1,5,1,1,3,1
"COG1295",1,5,8,4,3,3
"COG1296",3,0,2,1,1,3
"COG1297",0,1,0,3,6,5
"COG1298",3,0,2,0,1,4
"COG1299",4,1,1,3,1,7
"COG1300",1,2,1,1,1,0
"COG1301",7,6,8,9,7,3
"COG1302",4,0,3,6,1,5
"COG1304",0,2,1,1,0,1
"COG1305",6,3,3,7,4,4
"COG1306",1,0,1,0,0,0
"COG1307",9,1,11,13,4,3
"COG1309",23,5,7,9,4,6
"COG1312",0,8,9,2,3,1
"COG1313",4,0,1,5,1,0
"COG1314",0,0,0,0,0,2
"COG1315",1,0,3,3,0,1
"COG1316",8,3,8,3,7,3
"COG1319",3,0,3,0,1,1
"COG1321",4,0,0,0,2,2
"COG1322",2,3,3,5,7,8
"COG1323",2,0,3,2,3,4
"COG1327",2,0,0,4,0,1
"COG1328",21,14,15,16,8,34
"COG1329",1,0,0,0,0,0
"COG1330",0,0,0,0,1,3
"COG1332",1,0,0,1,0,0
"COG1333",0,4,1,2,0,0
"COG1335",2,1,1,1,1,2
"COG1338",0,1,1,1,1,3
"COG1342",0,0,1,2,1,0
"COG1343",2,0,1,0,2,1
"COG1344",3,1,6,1,3,6
"COG1345",0,0,2,0,0,5
"COG1346",3,6,6,1,5,2
"COG1347",2,0,0,0,2,2
"COG1348",1,1,0,0,0,1
"COG1349",5,3,5,3,3,3
"COG1350",5,4,2,1,4,5
"COG1351",2,0,0,5,3,1
"COG1352",2,0,0,0,0,1
"COG1353",1,0,3,2,0,0
"COG1354",2,0,3,2,0,0
"COG1357",1,4,2,1,0,0
"COG1358",1,0,0,0,0,0
"COG1359",1,1,0,0,1,0
"COG1360",4,2,0,1,1,2
"COG1361",0,0,0,2,0,0
"COG1362",7,2,7,4,3,3
"COG1363",4,0,1,2,0,0
"COG1364",2,0,4,2,3,1
"COG1366",0,0,2,0,0,1
"COG1368",10,7,13,14,17,20
"COG1372",0,10,0,1,0,0
"COG1373",44,10,24,38,113,80
"COG1376",6,1,6,3,1,2
"COG1377",0,1,0,0,0,1
"COG1378",0,1,0,1,1,0
"COG1379",0,0,1,0,0,0
"COG1380",2,1,4,1,5,0
"COG1381",3,0,1,2,1,3
"COG1385",2,3,3,4,2,4
"COG1386",3,0,4,3,2,0
"COG1387",3,5,3,5,6,0
"COG1388",7,1,5,2,3,1
"COG1390",0,0,0,1,0,0
"COG1391",1,1,0,0,0,4
"COG1392",1,3,0,0,0,1
"COG1393",2,3,1,2,0,2
"COG1394",3,2,1,4,2,0
"COG1396",21,4,13,10,9,6
"COG1397",1,0,5,5,5,2
"COG1399",3,0,0,1,0,2
"COG1401",5,5,3,4,5,27
"COG1402",0,3,3,1,1,0
"COG1403",1,0,0,1,0,0
"COG1404",11,5,10,13,8,20
"COG1408",6,5,6,9,13,7
"COG1409",10,12,6,21,11,5
"COG1410",6,3,7,8,11,8
"COG1414",2,1,1,2,2,1
"COG1418",15,6,18,9,11,7
"COG1419",1,0,1,1,1,2
"COG1420",4,1,2,1,0,1
"COG1424",0,0,0,1,0,0
"COG1426",1,1,0,0,0,3
"COG1427",0,0,1,0,0,0
"COG1428",0,0,0,0,5,2
"COG1429",2,3,3,4,5,9
"COG1430",1,0,0,0,0,0
"COG1432",1,1,2,1,0,2
"COG1434",0,0,2,1,0,3
"COG1435",2,3,0,2,2,1
"COG1438",2,1,2,1,3,7
"COG1440",0,0,0,0,0,1
"COG1442",1,1,5,1,7,6
"COG1443",0,2,0,0,1,0
"COG1445",1,0,4,3,2,2
"COG1447",1,1,0,0,0,0
"COG1448",0,1,1,3,0,1
"COG1449",0,4,2,2,0,5
"COG1450",0,0,0,0,0,1
"COG1451",4,5,3,4,1,7
"COG1452",1,2,0,2,0,1
"COG1453",5,1,2,0,1,0
"COG1454",9,3,7,8,9,7
"COG1455",4,2,0,2,0,0
"COG1456",2,1,0,0,0,0
"COG1457",1,0,1,1,0,2
"COG1459",7,2,3,2,0,2
"COG1461",6,0,4,3,0,2
"COG1463",0,0,0,0,1,0
"COG1464",2,1,4,2,2,4
"COG1466",4,4,4,5,6,2
"COG1468",4,0,0,0,3,0
"COG1469",1,0,1,0,1,0
"COG1470",0,2,0,0,0,0
"COG1472",43,72,53,38,50,33
"COG1473",5,6,3,8,2,7
"COG1475",16,5,9,26,14,11
"COG1476",3,1,0,0,0,1
"COG1477",5,6,2,6,4,5
"COG1479",6,3,9,6,12,17
"COG1480",0,8,11,3,4,8
"COG1481",5,0,3,0,1,2
"COG1482",2,5,5,8,5,8
"COG1483",0,2,3,0,0,1
"COG1484",14,7,19,12,16,5
"COG1485",1,0,0,0,0,0
"COG1486",3,2,2,1,1,0
"COG1488",5,1,5,4,4,25
"COG1489",0,1,1,1,1,0
"COG1490",5,1,2,2,0,6
"COG1492",5,2,2,3,2,1
"COG1493",3,0,5,0,4,3
"COG1494",0,0,0,2,1,0
"COG1495",1,0,0,1,0,1
"COG1496",3,2,2,1,4,3
"COG1501",15,28,20,15,17,17
"COG1502",8,10,15,14,16,10
"COG1505",0,4,0,2,0,0
"COG1506",13,32,25,18,32,27
"COG1508",2,5,5,4,11,5
"COG1509",1,11,1,0,0,0
"COG1511",7,2,8,3,2,9
"COG1512",1,0,5,1,3,2
"COG1516",0,1,1,1,0,0
"COG1518",7,2,4,2,7,5
"COG1519",2,3,4,3,5,3
"COG1520",0,11,3,5,5,3
"COG1521",1,3,2,4,2,2
"COG1522",6,12,5,10,9,2
"COG1523",10,5,8,3,7,8
"COG1524",2,8,1,1,10,1
"COG1525",0,0,0,0,0,1
"COG1527",1,0,2,0,0,0
"COG1528",1,3,5,3,1,0
"COG1529",3,8,1,3,1,2
"COG1530",4,3,8,4,4,5
"COG1533",9,1,3,3,9,5
"COG1534",1,0,1,0,0,0
"COG1536",0,0,2,1,0,2
"COG1538",13,38,22,22,36,21
"COG1539",1,0,2,1,1,1
"COG1540",0,0,0,1,0,0
"COG1541",8,9,2,2,5,9
"COG1543",1,0,1,0,0,0
"COG1544",1,0,1,2,0,1
"COG1546",5,1,0,2,3,4
"COG1554",0,3,4,1,3,1
"COG1555",2,4,2,5,6,2
"COG1556",0,0,1,0,0,0
"COG1558",0,0,3,1,1,1
"COG1559",0,1,5,7,4,8
"COG1560",4,4,2,3,4,5
"COG1561",8,2,7,2,6,4
"COG1562",0,0,0,0,0,1
"COG1564",2,3,2,4,0,1
"COG1566",2,7,1,2,3,2
"COG1567",1,0,1,0,0,0
"COG1568",0,0,0,1,0,0
"COG1570",7,2,4,4,4,8
"COG1573",5,2,2,3,1,1
"COG1574",2,3,2,1,3,0
"COG1575",0,1,2,1,3,1
"COG1576",2,4,2,2,4,5
"COG1579",0,0,3,1,3,3
"COG1584",0,1,0,0,0,0
"COG1585",3,1,0,2,1,0
"COG1586",0,0,0,0,0,1
"COG1587",4,0,1,2,1,0
"COG1589",1,0,1,1,0,0
"COG1592",7,3,6,5,0,6
"COG1593",3,4,3,5,5,3
"COG1595",29,61,24,29,34,34
"COG1596",3,9,2,3,10,7
"COG1597",9,8,7,8,11,9
"COG1598",0,0,2,0,0,0
"COG1600",1,0,0,2,0,2
"COG1605",1,2,0,4,0,3
"COG1606",2,0,0,2,1,0
"COG1609",30,21,26,19,23,18
"COG1610",2,2,2,1,0,2
"COG1611",1,4,4,5,4,4
"COG1613",1,0,3,0,0,0
"COG1614",3,1,1,0,0,0
"COG1615",6,0,0,0,0,0
"COG1618",0,0,1,0,0,0
"COG1619",3,2,3,6,0,2
"COG1620",1,0,0,2,2,5
"COG1621",10,13,9,2,8,8
"COG1623",2,0,1,0,0,0
"COG1624",6,5,6,3,2,3
"COG1625",4,1,1,1,0,1
"COG1626",3,4,0,2,2,0
"COG1629",3,26,16,20,14,20
"COG1635",1,0,0,0,0,0
"COG1636",2,1,2,1,3,1
"COG1638",2,6,3,6,2,2
"COG1640",16,6,11,8,11,11
"COG1641",1,0,3,4,0,0
"COG1643",3,0,0,0,3,7
"COG1647",1,0,0,0,0,0
"COG1648",1,0,0,1,1,0
"COG1649",3,18,6,17,7,9
"COG1651",1,1,0,0,0,1
"COG1653",17,8,18,20,13,12
"COG1654",1,0,2,3,0,0
"COG1655",1,0,1,0,0,1
"COG1657",0,0,0,0,0,2
"COG1658",0,1,0,0,1,0
"COG1660",6,3,2,4,4,4
"COG1661",1,0,2,0,0,1
"COG1662",2,0,0,1,0,1
"COG1663",3,4,0,1,3,3
"COG1664",0,1,1,1,0,0
"COG1666",0,0,0,1,0,1
"COG1668",5,0,2,4,1,2
"COG1669",1,7,1,0,1,2
"COG1670",11,11,11,9,11,8
"COG1671",2,0,1,0,0,1
"COG1672",21,7,5,10,58,47
"COG1674",18,1,13,21,8,13
"COG1677",0,0,2,1,0,0
"COG1678",0,2,0,1,1,0
"COG1679",1,0,0,1,0,0
"COG1680",5,9,19,5,10,6
"COG1682",10,1,3,4,1,2
"COG1683",1,1,0,0,0,0
"COG1684",0,1,2,1,0,0
"COG1686",18,4,17,10,0,3
"COG1687",1,0,1,0,0,0
"COG1690",1,3,1,2,2,0
"COG1691",1,0,0,1,2,0
"COG1692",3,0,1,0,0,0
"COG1694",2,3,0,1,6,0
"COG1695",4,4,0,2,0,2
"COG1696",13,5,9,13,7,12
"COG1699",0,0,1,0,0,1
"COG1700",1,2,0,0,0,0
"COG1702",1,4,2,1,5,5
"COG1703",1,1,0,3,1,0
"COG1704",3,3,2,0,5,1
"COG1705",1,3,2,1,10,8
"COG1708",3,0,0,0,0,0
"COG1712",0,2,0,0,1,1
"COG1713",3,2,1,0,0,5
"COG1714",0,4,0,0,0,1
"COG1715",0,0,0,2,0,2
"COG1716",4,0,1,1,0,1
"COG1720",0,0,2,1,0,1
"COG1721",2,1,2,1,3,2
"COG1722",0,0,1,0,0,0
"COG1724",0,1,0,0,0,0
"COG1725",5,0,6,1,3,1
"COG1726",0,2,0,2,4,5
"COG1728",0,0,1,0,1,2
"COG1732",0,1,0,2,0,1
"COG1733",1,6,2,1,1,2
"COG1734",1,1,0,0,2,2
"COG1737",7,2,1,3,5,4
"COG1738",1,2,1,3,2,2
"COG1739",3,1,4,4,4,4
"COG1740",0,1,0,0,0,0
"COG1741",0,4,1,1,3,0
"COG1743",0,0,3,0,0,0
"COG1744",8,2,8,8,2,3
"COG1748",2,5,5,3,4,5
"COG1749",2,0,2,0,0,1
"COG1752",7,9,9,4,6,6
"COG1754",2,2,4,1,4,5
"COG1757",16,10,8,6,11,14
"COG1758",1,0,0,0,0,1
"COG1760",3,7,4,7,4,2
"COG1762",4,4,6,7,4,11
"COG1763",2,0,1,0,1,0
"COG1764",0,0,0,1,0,0
"COG1765",0,0,0,0,0,1
"COG1766",1,0,0,3,1,2
"COG1767",0,0,1,1,0,0
"COG1768",1,1,2,1,1,0
"COG1770",1,0,0,0,0,0
"COG1773",5,0,1,2,1,0
"COG1774",3,4,8,3,4,0
"COG1775",0,1,1,4,0,2
"COG1776",0,0,1,0,0,2
"COG1778",0,0,0,5,1,3
"COG1780",0,1,0,0,0,0
"COG1781",3,3,7,2,1,2
"COG1782",0,0,0,2,0,0
"COG1783",2,3,3,1,0,2
"COG1785",1,4,3,4,2,3
"COG1788",0,1,0,1,0,1
"COG1792",3,4,6,8,2,3
"COG1793",0,2,0,1,0,0
"COG1794",2,0,1,0,0,0
"COG1797",2,4,3,4,2,0
"COG1799",1,1,0,4,2,0
"COG1801",0,1,0,0,0,0
"COG1802",3,8,5,3,0,4
"COG1803",4,4,2,2,2,1
"COG1804",2,1,2,1,0,0
"COG1805",1,7,3,2,4,3
"COG1806",0,0,1,1,0,0
"COG1807",1,3,0,8,7,3
"COG1808",2,3,2,1,2,2
"COG1811",1,1,2,0,0,1
"COG1814",0,1,0,0,0,0
"COG1815",1,0,4,0,0,0
"COG1816",1,0,1,1,1,0
"COG1817",0,0,0,0,2,0
"COG1819",0,2,1,0,0,1
"COG1820",5,6,8,4,4,5
"COG1823",0,1,0,0,0,0
"COG1825",1,6,1,2,1,4
"COG1826",0,0,0,0,1,0
"COG1827",0,0,1,0,0,1
"COG1830",3,12,1,2,1,1
"COG1834",0,0,0,1,0,0
"COG1835",3,5,2,2,3,3
"COG1837",0,0,0,1,0,0
"COG1838",4,4,4,1,3,5
"COG1840",6,0,3,3,1,2
"COG1841",1,0,0,1,0,0
"COG1842",0,0,0,1,0,0
"COG1843",0,0,1,1,0,0
"COG1845",0,1,0,0,0,0
"COG1846",7,4,5,7,3,6
"COG1847",1,1,5,5,0,1
"COG1850",0,0,0,1,0,0
"COG1853",4,3,6,8,4,8
"COG1854",2,0,3,1,4,2
"COG1858",0,4,1,1,0,0
"COG1859",0,0,0,0,1,0
"COG1862",2,1,0,0,2,0
"COG1863",1,0,0,0,0,0
"COG1864",6,3,5,3,4,3
"COG1866",6,5,6,9,10,9
"COG1868",0,1,2,1,0,2
"COG1869",0,0,0,0,0,2
"COG1871",0,0,1,0,0,0
"COG1873",0,0,0,0,0,1
"COG1874",1,25,21,9,2,5
"COG1875",2,3,2,0,2,0
"COG1876",6,0,1,5,0,2
"COG1877",1,1,0,3,4,0
"COG1878",0,0,0,1,1,0
"COG1879",15,14,12,10,25,18
"COG1881",1,0,0,0,0,0
"COG1882",12,9,10,13,4,9
"COG1883",12,9,7,8,10,3
"COG1884",4,15,6,7,6,1
"COG1886",1,0,2,0,0,0
"COG1887",5,0,5,7,2,5
"COG1893",2,4,2,1,3,3
"COG1894",8,5,2,3,1,1
"COG1895",2,2,1,3,4,0
"COG1896",4,1,3,2,0,1
"COG1897",2,4,5,2,7,4
"COG1898",2,10,1,3,5,5
"COG1902",1,5,8,4,2,3
"COG1903",1,0,2,3,3,1
"COG1904",3,7,4,4,3,3
"COG1905",3,2,0,1,2,1
"COG1906",1,0,1,1,1,0
"COG1908",1,2,0,0,0,0
"COG1913",0,0,0,1,2,0
"COG1914",1,4,3,3,2,0
"COG1917",5,4,4,5,1,6
"COG1918",4,1,1,10,7,12
"COG1921",1,0,0,0,0,0
"COG1922",0,1,0,0,6,6
"COG1923",1,0,0,0,0,0
"COG1924",8,3,8,13,6,9
"COG1925",3,0,3,2,1,0
"COG1928",1,0,1,1,0,1
"COG1929",3,6,0,3,2,6
"COG1932",2,5,5,7,3,3
"COG1934",1,0,0,0,0,1
"COG1937",2,0,1,4,2,1
"COG1939",2,1,2,1,0,0
"COG1940",13,7,13,9,13,12
"COG1943",2,0,2,3,1,5
"COG1944",1,0,1,0,0,0
"COG1945",0,0,0,1,0,0
"COG1947",2,1,7,3,6,3
"COG1951",3,3,7,10,6,4
"COG1952",0,0,0,0,0,2
"COG1954",0,1,0,1,0,0
"COG1956",1,0,0,1,3,1
"COG1957",4,1,0,0,1,2
"COG1959",5,0,2,4,2,8
"COG1960",11,5,7,6,3,6
"COG1961",68,12,36,57,19,36
"COG1963",0,0,1,1,0,0
"COG1964",0,0,0,1,1,0
"COG1965",0,0,2,0,0,0
"COG1966",11,5,8,6,6,10
"COG1968",4,4,2,5,5,9
"COG1970",7,2,2,3,3,3
"COG1971",3,1,2,4,1,1
"COG1972",2,0,1,0,0,0
"COG1974",3,2,5,4,2,6
"COG1975",2,0,1,2,1,0
"COG1979",0,5,4,3,4,4
"COG1982",6,1,4,1,1,1
"COG1984",1,0,0,1,1,0
"COG1985",2,4,3,5,5,7
"COG1986",1,0,0,0,0,0
"COG1988",0,1,0,0,0,1
"COG1989",0,1,3,1,1,1
"COG1990",1,0,0,0,0,0
"COG1994",1,0,2,2,0,0
"COG1995",0,2,2,2,4,3
"COG2000",3,0,0,0,0,0
"COG2001",2,4,1,2,3,1
"COG2002",4,0,1,3,0,3
"COG2003",7,7,4,6,14,6
"COG2005",0,3,0,3,0,0
"COG2006",1,4,0,0,1,0
"COG2008",5,5,5,3,2,5
"COG2011",1,1,3,4,0,3
"COG2013",1,0,2,0,2,1
"COG2015",1,0,0,1,0,0
"COG2017",9,13,8,12,15,15
"COG2021",0,0,0,1,0,0
"COG2022",1,1,3,1,0,1
"COG2025",4,5,5,11,7,4
"COG2027",1,1,4,1,1,2
"COG2030",0,0,1,0,1,1
"COG2032",0,0,0,0,1,0
"COG2033",0,0,0,0,1,1
"COG2035",3,1,3,3,2,2
"COG2038",1,4,3,1,2,2
"COG2039",0,0,1,0,0,0
"COG2040",0,1,0,0,0,1
"COG2045",0,0,1,0,1,0
"COG2048",2,0,1,0,0,1
"COG2049",0,1,0,0,1,1
"COG2050",0,2,2,1,2,3
"COG2052",1,1,0,1,1,0
"COG2055",0,2,0,1,1,0
"COG2057",0,1,0,0,0,0
"COG2059",7,5,2,2,8,5
"COG2060",2,4,5,8,1,0
"COG2062",0,0,0,0,0,2
"COG2064",1,0,0,1,0,2
"COG2065",0,1,0,2,0,0
"COG2066",2,5,0,1,2,0
"COG2067",2,1,0,1,1,1
"COG2068",0,0,1,2,3,0
"COG2070",2,6,4,3,2,1
"COG2071",2,3,8,6,7,8
"COG2073",2,0,1,2,1,0
"COG2076",0,2,1,1,3,1
"COG2077",0,5,1,1,0,1
"COG2079",0,0,0,1,0,0
"COG2080",1,2,1,0,1,0
"COG2081",6,2,3,6,5,4
"COG2082",2,0,0,0,4,2
"COG2084",1,1,0,1,0,0
"COG2085",0,0,0,1,0,0
"COG2086",2,2,1,2,1,0
"COG2087",3,2,3,1,3,0
"COG2088",2,0,1,1,0,0
"COG2089",3,1,1,0,1,1
"COG2091",1,0,0,0,0,1
"COG2094",0,0,1,1,0,0
"COG2095",0,5,3,1,4,0
"COG2096",1,1,1,3,1,0
"COG2099",3,3,0,2,2,2
"COG2103",0,0,0,2,1,1
"COG2105",0,0,0,0,0,1
"COG2108",1,0,0,0,0,0
"COG2109",2,1,2,2,1,2
"COG2110",3,5,4,3,0,10
"COG2111",1,0,0,1,0,0
"COG2113",1,2,0,0,2,0
"COG2114",0,0,0,0,0,0
"COG2115",2,1,1,3,0,0
"COG2116",4,0,3,1,0,3
"COG2119",0,0,1,1,0,1
"COG2120",2,2,1,1,0,2
"COG2127",0,0,0,2,1,0
"COG2128",0,1,0,1,0,0
"COG2129",0,0,0,1,0,0
"COG2131",4,2,2,6,2,6
"COG2137",2,3,1,6,0,2
"COG2140",0,2,1,0,0,0
"COG2141",0,1,0,0,0,0
"COG2142",1,0,1,0,0,0
"COG2145",2,1,2,3,0,5
"COG2148",5,23,9,11,12,14
"COG2151",0,1,2,1,4,1
"COG2152",4,17,7,4,1,4
"COG2155",1,0,1,2,0,1
"COG2156",0,1,0,1,1,1
"COG2158",1,0,0,1,0,0
"COG2159",3,1,0,2,1,1
"COG2160",1,3,6,6,3,5
"COG2165",0,1,0,0,0,0
"COG2166",0,0,1,2,3,1
"COG2169",1,3,0,0,0,0
"COG2170",0,1,0,0,0,0
"COG2171",0,0,0,2,0,1
"COG2172",3,3,1,1,0,0
"COG2173",2,4,1,1,1,0
"COG2176",18,3,12,14,2,5
"COG2177",4,5,3,6,4,4
"COG2179",1,0,2,0,1,0
"COG2182",3,0,9,2,2,11
"COG2183",8,5,9,7,13,10
"COG2184",6,2,2,4,4,3
"COG2185",2,6,2,4,4,4
"COG2186",6,2,1,6,2,0
"COG2188",5,3,1,3,2,1
"COG2189",6,0,0,6,3,12
"COG2190",2,3,6,3,4,0
"COG2192",0,0,0,1,0,0
"COG2194",5,6,0,8,12,4
"COG2195",11,15,9,16,11,18
"COG2197",11,47,13,9,9,3
"COG2198",1,1,1,2,1,2
"COG2199",20,5,23,12,9,12
"COG2200",7,5,10,7,2,11
"COG2201",2,0,1,0,0,1
"COG2202",0,8,1,4,2,2
"COG2203",0,0,0,0,0,1
"COG2204",10,28,12,9,17,19
"COG2205",6,7,3,4,7,10
"COG2206",11,1,16,1,5,4
"COG2207",46,143,96,75,81,53
"COG2208",7,2,3,5,3,3
"COG2209",1,1,1,4,1,4
"COG2210",0,6,2,3,7,2
"COG2211",20,8,11,13,18,24
"COG2213",1,1,0,2,1,0
"COG2214",6,2,2,2,1,0
"COG2216",0,7,5,2,2,0
"COG2217",17,14,16,26,11,7
"COG2220",6,8,7,4,4,5
"COG2221",0,0,3,0,0,1
"COG2222",3,0,1,3,1,1
"COG2223",1,0,0,0,0,0
"COG2225",0,1,0,0,0,1
"COG2226",0,2,6,1,2,3
"COG2227",1,0,0,1,0,0
"COG2230",0,1,1,1,0,0
"COG2233",8,7,7,8,7,13
"COG2234",2,8,7,6,4,1
"COG2235",2,1,0,0,0,0
"COG2236",0,0,1,0,0,0
"COG2239",3,3,11,2,5,1
"COG2240",1,2,1,2,2,3
"COG2241",2,1,2,3,2,3
"COG2242",1,0,2,3,2,2
"COG2243",2,1,0,0,0,0
"COG2244",32,24,20,18,24,15
"COG2246",1,0,1,1,0,0
"COG2249",2,1,1,0,2,0
"COG2252",4,1,6,6,1,6
"COG2253",0,0,0,0,0,3
"COG2255",7,3,6,6,4,3
"COG2256",9,2,6,5,6,7
"COG2257",0,1,0,0,0,1
"COG2258",0,0,1,0,0,1
"COG2259",0,1,1,1,0,0
"COG2261",0,0,0,1,0,0
"COG2262",6,4,1,4,10,4
"COG2264",5,3,3,2,5,4
"COG2265",8,8,3,9,8,7
"COG2267",5,0,4,4,1,4
"COG2268",1,3,5,3,0,10
"COG2269",1,0,0,0,0,0
"COG2270",0,0,1,1,2,2
"COG2271",1,1,1,2,1,2
"COG2272",3,0,3,4,2,5
"COG2273",4,10,2,0,5,3
"COG2274",6,4,4,12,17,28
"COG2301",0,1,0,0,0,0
"COG2302",1,1,1,1,0,0
"COG2304",3,9,2,3,4,8
"COG2306",0,0,1,0,0,0
"COG2307",0,0,0,0,0,1
"COG2308",0,0,1,0,0,0
"COG2309",6,2,4,3,0,1
"COG2310",0,0,0,1,8,0
"COG2311",2,11,4,0,2,7
"COG2312",0,0,0,2,1,0
"COG2314",0,0,1,0,0,1
"COG2315",2,4,2,2,2,3
"COG2316",2,0,1,1,1,1
"COG2317",2,0,1,0,1,0
"COG2319",1,0,2,0,1,7
"COG2320",1,1,0,0,1,0
"COG2321",0,1,0,0,0,0
"COG2323",4,0,2,0,1,0
"COG2326",2,1,0,2,0,0
"COG2327",1,1,1,4,1,3
"COG2333",4,6,5,4,4,3
"COG2337",3,8,2,3,2,4
"COG2339",0,0,4,0,0,0
"COG2344",3,4,1,3,1,0
"COG2348",2,0,1,1,1,1
"COG2352",0,0,0,0,0,1
"COG2353",1,1,0,0,0,0
"COG2355",5,3,1,2,5,3
"COG2356",1,0,0,0,0,3
"COG2357",4,1,5,1,2,0
"COG2358",2,1,1,2,1,1
"COG2360",0,0,1,0,0,1
"COG2361",0,2,1,0,3,3
"COG2364",2,6,4,2,2,3
"COG2365",2,9,2,2,1,0
"COG2367",2,0,1,2,6,0
"COG2368",1,0,0,0,0,2
"COG2369",0,0,1,0,1,0
"COG2372",1,0,0,0,0,0
"COG2373",2,21,13,7,16,10
"COG2374",0,1,0,0,3,0
"COG2376",1,3,0,0,1,0
"COG2377",0,0,1,2,1,0
"COG2378",2,6,1,2,1,3
"COG2379",1,0,1,2,0,1
"COG2382",7,2,6,1,9,8
"COG2384",1,0,0,0,1,1
"COG2385",9,5,14,7,2,3
"COG2388",1,2,0,0,0,0
"COG2390",1,1,1,1,0,0
"COG2407",6,7,9,7,11,8
"COG2414",0,0,1,1,0,0
"COG2421",0,1,0,0,0,0
"COG2423",3,0,0,0,0,1
"COG2425",2,4,1,0,2,2
"COG2426",0,0,1,0,0,1
"COG2431",0,4,4,0,1,2
"COG2440",1,0,0,1,0,0
"COG2452",0,0,0,1,0,0
"COG2461",0,1,2,0,1,0
"COG2501",0,1,1,1,0,2
"COG2502",1,1,0,2,4,6
"COG2508",6,2,6,4,3,2
"COG2509",10,3,6,12,6,13
"COG2510",1,0,1,1,0,0
"COG2513",0,0,0,1,1,1
"COG2515",1,0,0,0,0,0
"COG2602",0,1,1,1,1,1
"COG2604",0,0,2,0,1,2
"COG2605",0,7,6,3,5,0
"COG2606",5,2,3,4,1,1
"COG2607",3,0,6,3,2,3
"COG2608",0,0,2,1,2,0
"COG2609",0,0,0,0,0,0
"COG2610",3,4,2,1,1,0
"COG2703",1,0,0,0,0,1
"COG2704",2,4,1,4,3,4
"COG2706",0,5,2,0,5,1
"COG2710",1,1,0,0,1,1
"COG2715",7,2,3,4,5,4
"COG2717",1,0,1,0,0,0
"COG2719",1,0,0,0,0,0
"COG2720",2,0,2,1,3,0
"COG2721",4,4,3,4,2,3
"COG2723",6,4,5,4,2,3
"COG2730",5,4,5,8,1,6
"COG2731",0,3,2,2,3,0
"COG2738",1,1,1,2,3,0
"COG2739",0,0,1,2,0,0
"COG2740",1,0,0,2,0,0
"COG2746",0,0,0,0,0,1
"COG2755",12,19,12,10,20,13
"COG2759",7,2,8,3,8,2
"COG2761",0,0,0,0,0,1
"COG2768",0,3,1,3,0,1
"COG2770",0,0,0,0,0,1
"COG2771",0,3,1,0,0,0
"COG2801",9,18,12,18,17,20
"COG2804",4,2,3,5,0,2
"COG2805",1,1,2,1,0,2
"COG2807",0,1,0,0,0,0
"COG2812",8,9,14,10,11,14
"COG2813",0,0,0,0,0,3
"COG2814",6,5,3,3,3,7
"COG2815",3,1,4,2,0,2
"COG2816",4,2,3,2,2,3
"COG2818",1,4,2,3,0,0
"COG2819",3,1,1,1,1,2
"COG2820",6,3,2,5,6,5
"COG2821",1,0,0,0,0,1
"COG2823",1,0,1,0,0,1
"COG2825",0,1,0,0,0,0
"COG2826",4,3,13,7,4,7
"COG2827",1,0,0,0,0,0
"COG2829",0,1,0,0,0,0
"COG2830",0,3,0,0,3,3
"COG2831",0,1,1,0,0,1
"COG2832",0,0,0,0,0,1
"COG2834",1,0,0,0,0,0
"COG2835",0,1,0,0,1,0
"COG2837",0,1,0,0,0,0
"COG2840",0,0,0,0,0,1
"COG2842",1,0,0,0,0,0
"COG2843",4,5,4,6,7,0
"COG2844",0,0,1,0,0,0
"COG2846",1,0,0,0,0,0
"COG2848",3,0,3,6,6,2
"COG2849",0,0,2,1,0,0
"COG2851",0,1,0,0,1,0
"COG2853",0,0,0,0,1,0
"COG2855",0,7,1,2,3,4
"COG2856",2,1,3,1,1,5
"COG2859",0,1,1,1,3,5
"COG2860",0,1,0,0,2,0
"COG2862",1,0,0,0,0,0
"COG2864",0,0,0,1,0,0
"COG2865",10,5,15,6,25,25
"COG2866",4,0,1,3,0,0
"COG2867",0,1,0,0,0,0
"COG2869",0,2,1,1,1,3
"COG2870",0,2,0,1,0,9
"COG2871",1,2,4,1,1,0
"COG2872",2,1,0,1,1,0
"COG2873",3,4,7,17,7,16
"COG2875",2,1,2,2,2,1
"COG2876",3,5,2,2,7,0
"COG2877",1,1,3,2,2,3
"COG2878",5,0,3,3,3,4
"COG2882",0,0,0,0,0,1
"COG2884",7,1,5,3,4,3
"COG2885",7,20,2,5,8,13
"COG2890",8,4,6,4,8,6
"COG2891",1,1,1,0,0,0
"COG2893",2,2,0,0,1,0
"COG2894",3,2,0,1,1,2
"COG2895",2,0,3,4,2,1
"COG2896",1,0,0,2,3,1
"COG2897",1,1,0,0,0,0
"COG2898",0,1,0,0,0,0
"COG2901",1,0,0,0,0,0
"COG2904",0,1,0,0,0,2
"COG2907",1,0,0,0,0,0
"COG2908",1,7,1,1,9,2
"COG2909",1,1,0,3,1,2
"COG2910",0,2,0,0,0,1
"COG2911",0,0,0,3,1,4
"COG2912",1,0,0,0,0,0
"COG2917",0,0,0,0,1,1
"COG2920",0,0,0,0,0,2
"COG2925",0,1,0,0,1,0
"COG2931",0,1,0,0,0,0
"COG2932",3,1,0,1,1,1
"COG2936",1,3,0,0,0,0
"COG2937",0,0,0,0,0,6
"COG2942",1,5,1,5,5,3
"COG2943",1,0,0,0,0,0
"COG2946",0,0,2,0,2,0
"COG2948",0,0,0,1,0,0
"COG2949",0,0,0,2,0,3
"COG2954",2,1,3,3,6,6
"COG2957",1,0,7,2,0,6
"COG2958",0,1,0,2,0,0
"COG2959",1,0,0,0,0,1
"COG2961",0,3,0,0,0,1
"COG2962",1,0,2,0,0,0
"COG2963",1,2,1,4,1,3
"COG2964",4,2,0,6,0,0
"COG2966",2,4,3,1,5,3
"COG2968",2,0,1,1,0,1
"COG2969",0,0,0,0,0,4
"COG2971",0,0,0,1,2,0
"COG2972",33,11,40,26,15,15
"COG2974",1,0,0,1,0,2
"COG2976",0,0,1,0,0,0
"COG2978",0,5,0,2,0,0
"COG2981",0,0,0,0,1,0
"COG2982",0,0,0,1,0,0
"COG2984",4,0,1,8,0,3
"COG2985",2,22,14,16,11,12
"COG2986",2,10,2,1,3,0
"COG2987",2,2,0,5,3,0
"COG2989",0,0,0,1,1,0
"COG2990",1,0,0,0,0,0
"COG2995",0,1,0,0,0,2
"COG2996",0,2,3,5,4,5
"COG2998",0,0,0,0,1,0
"COG3004",0,1,0,2,1,1
"COG3005",0,2,1,0,0,0
"COG3007",0,0,0,0,0,3
"COG3008",2,0,0,0,0,2
"COG3009",1,0,0,0,0,0
"COG3010",1,0,2,0,0,0
"COG3012",0,1,0,0,0,0
"COG3015",1,3,0,0,4,2
"COG3016",1,1,0,0,0,2
"COG3017",0,0,1,0,1,0
"COG3021",1,2,1,1,1,4
"COG3022",2,4,2,1,8,4
"COG3023",2,8,4,3,5,6
"COG3027",0,1,0,0,0,0
"COG3028",0,1,0,0,0,2
"COG3029",1,0,0,0,0,1
"COG3030",0,1,0,0,0,0
"COG3033",3,0,0,3,2,0
"COG3034",1,0,1,1,0,1
"COG3037",2,0,0,0,0,0
"COG3039",2,2,3,1,2,10
"COG3040",4,2,0,0,0,0
"COG3041",0,0,0,1,2,2
"COG3044",0,0,0,1,1,1
"COG3048",3,0,0,0,0,0
"COG3049",2,8,7,2,3,0
"COG3051",0,1,0,1,0,0
"COG3053",0,0,0,1,0,1
"COG3054",1,0,0,0,0,0
"COG3055",1,2,0,3,4,0
"COG3056",0,0,0,0,0,1
"COG3058",1,0,0,0,0,0
"COG3059",0,2,0,0,1,0
"COG3060",1,0,0,0,0,0
"COG3066",0,0,0,0,0,1
"COG3067",1,0,0,0,0,2
"COG3068",0,0,0,0,0,5
"COG3069",0,1,2,1,1,1
"COG3070",1,0,0,0,0,0
"COG3072",0,0,1,0,0,3
"COG3073",1,0,0,0,0,0
"COG3074",0,1,0,0,0,0
"COG3075",0,0,1,1,0,0
"COG3076",0,0,1,0,0,0
"COG3077",5,0,1,1,0,0
"COG3080",0,1,0,0,0,0
"COG3081",1,0,0,0,0,0
"COG3083",0,0,0,1,0,2
"COG3090",1,1,1,1,0,0
"COG3091",1,0,0,0,0,1
"COG3093",0,1,1,1,1,4
"COG3094",0,1,0,0,0,0
"COG3098",0,0,0,1,0,0
"COG3103",0,1,2,2,1,0
"COG3104",2,8,8,5,5,4
"COG3106",0,1,0,1,0,0
"COG3109",0,0,0,0,1,1
"COG3111",1,0,1,0,0,0
"COG3117",1,0,0,0,0,1
"COG3118",0,0,0,0,0,2
"COG3119",7,93,26,18,32,13
"COG3121",1,0,0,0,1,0
"COG3128",1,0,0,0,0,0
"COG3131",0,0,0,0,0,1
"COG3132",1,0,0,0,0,0
"COG3138",2,0,0,0,0,0
"COG3142",3,1,1,1,1,1
"COG3144",1,0,1,2,0,1
"COG3150",0,0,1,0,1,2
"COG3152",1,0,1,0,0,0
"COG3153",1,0,0,0,1,1
"COG3155",0,0,0,1,0,0
"COG3157",1,1,0,0,0,0
"COG3158",0,0,3,1,7,7
"COG3160",1,1,1,0,0,1
"COG3161",0,1,0,0,0,0
"COG3164",0,1,0,0,0,0
"COG3169",1,1,1,0,2,0
"COG3172",1,0,1,0,0,0
"COG3173",0,0,0,0,0,1
"COG3174",0,3,1,0,1,0
"COG3176",5,8,3,6,5,9
"COG3177",12,4,20,5,13,21
"COG3178",1,4,4,2,5,8
"COG3180",1,0,0,0,1,0
"COG3181",0,0,2,1,1,0
"COG3182",0,5,2,3,0,0
"COG3183",0,2,0,0,0,0
"COG3185",1,0,0,0,0,0
"COG3187",0,4,0,0,0,0
"COG3188",3,3,0,0,0,2
"COG3189",1,1,1,1,0,0
"COG3191",0,1,1,1,0,3
"COG3192",0,0,0,0,0,1
"COG3193",0,1,0,0,0,1
"COG3201",3,3,0,3,2,3
"COG3203",1,1,5,1,0,6
"COG3206",3,1,5,1,10,7
"COG3209",1,1,6,7,4,1
"COG3210",2,1,0,0,1,5
"COG3212",0,0,1,0,0,0
"COG3214",0,0,1,0,0,0
"COG3217",0,0,0,1,0,0
"COG3221",2,0,0,0,0,2
"COG3225",4,3,2,1,1,0
"COG3226",1,0,0,0,0,0
"COG3238",0,1,2,0,1,1
"COG3246",1,0,0,0,2,0
"COG3250",41,132,104,62,120,55
"COG3254",1,0,1,0,2,0
"COG3257",0,0,0,0,0,1
"COG3260",1,0,0,0,0,0
"COG3261",0,2,0,0,0,0
"COG3263",1,6,1,4,1,1
"COG3264",1,0,0,0,0,5
"COG3266",1,0,0,0,0,0
"COG3267",0,1,0,0,1,1
"COG3270",0,0,0,3,0,0
"COG3271",1,0,0,0,0,0
"COG3272",1,0,0,0,0,0
"COG3274",5,12,1,3,3,2
"COG3275",6,14,8,12,5,7
"COG3276",0,0,0,1,1,1
"COG3279",17,14,19,15,9,9
"COG3284",0,1,0,0,0,0
"COG3287",0,0,0,2,1,0
"COG3288",0,2,0,0,0,3
"COG3290",1,0,1,0,0,0
"COG3291",0,0,0,2,0,0
"COG3292",47,142,89,29,77,77
"COG3293",0,3,14,0,1,0
"COG3294",1,0,1,0,0,0
"COG3299",0,0,2,2,2,0
"COG3301",0,0,0,0,0,1
"COG3302",0,1,0,0,0,0
"COG3303",0,5,1,1,0,0
"COG3304",0,1,2,0,0,0
"COG3306",0,0,0,1,0,0
"COG3307",1,1,2,1,0,1
"COG3309",0,3,0,0,0,0
"COG3311",0,1,0,0,0,0
"COG3314",1,1,4,2,0,0
"COG3315",1,1,5,2,0,0
"COG3317",0,0,0,0,0,1
"COG3320",1,0,0,0,0,0
"COG3321",0,1,0,0,0,0
"COG3323",0,4,0,0,2,1
"COG3324",0,3,0,0,1,0
"COG3325",2,0,0,1,0,0
"COG3326",2,0,0,1,0,0
"COG3328",6,2,4,18,3,23
"COG3331",2,1,3,0,0,0
"COG3333",1,0,3,0,1,0
"COG3335",3,1,1,1,5,0
"COG3339",0,1,0,0,0,0
"COG3340",5,0,1,4,0,2
"COG3341",0,3,0,0,2,1
"COG3344",23,16,19,21,27,22
"COG3345",5,11,3,8,18,12
"COG3347",0,0,0,2,0,0
"COG3359",0,0,1,1,0,0
"COG3376",1,0,0,0,0,0
"COG3378",8,5,1,6,2,0
"COG3379",0,0,0,0,1,0
"COG3381",0,0,0,1,0,0
"COG3382",2,2,2,0,0,3
"COG3383",0,1,0,1,0,1
"COG3384",1,0,0,0,0,0
"COG3385",15,0,6,13,43,46
"COG3386",3,1,0,0,0,0
"COG3387",4,0,1,2,0,0
"COG3391",1,1,0,2,2,0
"COG3392",1,0,0,0,0,0
"COG3394",1,1,1,3,0,0
"COG3395",2,1,0,0,0,2
"COG3401",1,0,0,0,0,0
"COG3404",0,2,1,0,3,2
"COG3405",0,0,6,2,4,7
"COG3408",5,8,9,7,9,11
"COG3409",6,0,1,4,2,1
"COG3410",0,1,0,0,1,0
"COG3411",2,0,0,0,0,0
"COG3412",1,0,0,0,0,0
"COG3414",0,0,0,2,0,0
"COG3415",1,0,0,0,0,0
"COG3418",1,0,0,0,0,0
"COG3426",5,6,2,3,2,1
"COG3436",21,18,4,17,30,34
"COG3437",2,21,4,6,12,8
"COG3439",0,2,0,0,0,0
"COG3440",1,0,1,0,1,0
"COG3442",6,0,0,0,0,0
"COG3443",0,1,0,0,0,0
"COG3444",1,1,2,0,1,0
"COG3449",2,4,3,0,1,0
"COG3451",31,9,15,33,17,30
"COG3452",2,0,3,1,0,2
"COG3455",1,1,0,0,0,0
"COG3457",0,0,1,3,0,1
"COG3458",1,8,1,0,1,5
"COG3459",15,1,11,8,4,8
"COG3464",2,25,9,10,23,9
"COG3467",1,0,2,1,1,1
"COG3468",0,11,2,1,0,0
"COG3471",0,1,0,0,0,0
"COG3472",1,0,0,3,0,0
"COG3475",5,4,5,7,7,5
"COG3476",0,2,1,0,2,0
"COG3480",0,0,0,2,0,0
"COG3481",2,2,0,4,1,5
"COG3485",0,0,0,0,0,1
"COG3487",1,3,2,0,1,0
"COG3488",0,6,0,3,1,3
"COG3497",3,1,0,0,0,1
"COG3498",1,0,0,0,0,0
"COG3500",0,2,1,0,1,0
"COG3501",1,1,0,0,0,0
"COG3503",1,0,0,1,1,0
"COG3504",0,0,0,0,0,1
"COG3505",27,18,16,21,18,30
"COG3506",0,0,1,0,0,0
"COG3507",8,35,21,11,42,11
"COG3509",2,0,0,4,1,1
"COG3512",1,3,0,0,0,3
"COG3513",6,4,13,2,6,12
"COG3515",0,1,0,0,0,0
"COG3516",0,0,0,0,0,1
"COG3520",0,1,0,0,0,0
"COG3525",5,44,9,19,49,21
"COG3527",1,0,0,1,0,0
"COG3530",1,0,0,0,0,0
"COG3533",13,19,23,13,22,11
"COG3534",3,11,8,4,21,9
"COG3535",2,0,0,0,0,0
"COG3537",10,87,27,10,30,26
"COG3538",1,4,2,1,7,1
"COG3539",0,0,0,0,2,0
"COG3546",5,0,2,2,2,1
"COG3547",15,4,9,21,65,28
"COG3548",1,0,0,0,0,0
"COG3550",5,10,0,6,13,6
"COG3560",0,3,1,0,1,0
"COG3561",0,0,0,0,0,4
"COG3562",0,0,0,0,1,0
"COG3566",0,0,1,0,0,0
"COG3568",5,9,4,3,6,0
"COG3579",4,3,5,5,6,4
"COG3580",12,4,11,7,1,6
"COG3581",5,1,3,8,1,4
"COG3583",2,0,1,1,0,1
"COG3584",1,0,0,2,0,1
"COG3586",1,0,0,1,0,0
"COG3587",4,1,5,1,5,5
"COG3589",0,0,0,1,1,0
"COG3590",0,10,5,6,6,5
"COG3591",0,0,0,1,0,0
"COG3593",2,1,2,1,2,0
"COG3594",0,9,4,5,6,3
"COG3595",1,0,0,0,0,0
"COG3596",0,0,1,2,0,0
"COG3598",1,0,0,0,0,0
"COG3599",4,0,0,1,0,1
"COG3600",0,2,0,0,0,0
"COG3601",3,0,3,0,0,0
"COG3604",2,1,0,2,1,0
"COG3605",0,0,0,0,1,2
"COG3608",0,0,4,1,1,0
"COG3610",1,3,4,1,1,1
"COG3611",0,0,0,0,0,1
"COG3616",0,0,0,1,0,0
"COG3617",4,2,0,2,2,1
"COG3619",2,0,2,2,0,1
"COG3622",1,1,0,0,1,0
"COG3629",1,0,0,3,0,0
"COG3633",3,0,2,2,1,4
"COG3634",1,0,0,1,1,1
"COG3635",1,2,4,0,3,2
"COG3637",1,0,0,0,0,0
"COG3638",3,0,0,0,0,0
"COG3639",1,0,0,1,0,0
"COG3640",4,0,0,0,1,0
"COG3641",0,0,1,2,1,1
"COG3643",1,1,0,1,0,0
"COG3645",3,1,1,4,4,5
"COG3646",0,0,1,0,0,0
"COG3649",1,0,1,0,1,1
"COG3653",1,1,1,1,0,1
"COG3654",4,1,2,0,0,0
"COG3655",2,0,1,2,0,0
"COG3661",0,3,1,3,3,1
"COG3663",2,0,3,2,3,2
"COG3664",2,0,0,0,0,1
"COG3666",14,12,23,10,48,52
"COG3668",0,1,0,0,0,0
"COG3669",4,41,13,14,22,8
"COG3676",0,2,1,0,0,0
"COG3677",0,0,0,1,1,1
"COG3678",1,0,0,0,1,0
"COG3680",0,0,0,0,2,0
"COG3681",5,2,3,3,7,3
"COG3682",2,1,1,2,0,1
"COG3685",1,0,0,0,0,0
"COG3688",2,0,3,5,1,1
"COG3689",1,0,1,2,0,1
"COG3693",0,2,1,0,2,3
"COG3695",0,1,0,1,1,1
"COG3696",6,27,7,5,8,3
"COG3698",0,1,0,0,0,0
"COG3705",3,0,3,1,2,0
"COG3706",14,39,32,21,23,16
"COG3707",0,0,0,2,0,0
"COG3708",0,0,1,1,0,0
"COG3709",0,0,0,0,1,0
"COG3710",0,1,0,0,1,1
"COG3711",0,2,4,4,6,1
"COG3712",20,76,19,24,22,10
"COG3715",3,1,3,0,2,0
"COG3716",1,3,1,0,2,1
"COG3717",1,4,0,2,5,3
"COG3718",0,0,0,1,0,0
"COG3721",0,0,0,0,0,1
"COG3722",1,0,0,0,0,0
"COG3723",1,1,0,0,1,1
"COG3725",0,1,0,0,0,0
"COG3727",1,0,0,0,1,0
"COG3732",1,0,0,0,0,0
"COG3740",0,2,0,0,0,1
"COG3745",0,0,0,1,0,0
"COG3746",0,4,1,1,3,1
"COG3747",1,0,0,1,0,0
"COG3754",0,2,6,2,2,5
"COG3757",7,3,3,9,3,5
"COG3758",0,1,0,0,0,0
"COG3760",0,4,0,2,3,2
"COG3764",4,0,2,1,1,0
"COG3768",0,1,0,0,0,0
"COG3770",0,0,0,1,0,0
"COG3772",0,0,0,1,0,0
"COG3773",6,0,4,1,1,0
"COG3774",4,11,2,2,6,2
"COG3775",0,5,1,0,5,4
"COG3785",0,0,0,0,0,1
"COG3786",0,0,2,1,0,1
"COG3804",1,0,1,0,0,0
"COG3808",2,10,4,3,4,2
"COG3817",0,0,0,0,1,0
"COG3822",1,1,0,0,0,0
"COG3823",0,0,0,1,0,0
"COG3825",0,0,0,1,0,0
"COG3829",2,0,1,1,2,0
"COG3830",2,0,4,5,4,3
"COG3831",0,3,0,1,2,0
"COG3833",2,0,0,2,2,1
"COG3835",0,1,0,0,0,0
"COG3836",3,0,0,1,1,0
"COG3839",7,5,6,3,4,2
"COG3842",4,5,11,4,9,9
"COG3843",13,2,9,13,5,2
"COG3845",5,1,5,5,2,5
"COG3848",1,0,1,1,0,0
"COG3850",1,3,0,0,0,0
"COG3851",2,0,0,0,0,1
"COG3852",0,0,1,0,0,1
"COG3853",2,0,2,1,0,0
"COG3854",8,0,1,4,0,1
"COG3855",5,5,7,6,7,9
"COG3856",3,0,0,0,0,0
"COG3857",15,2,10,10,2,6
"COG3858",3,1,2,0,0,1
"COG3859",1,0,0,0,0,0
"COG3862",0,0,1,0,0,1
"COG3864",2,0,0,0,0,0
"COG3866",2,3,1,0,5,1
"COG3867",2,1,4,2,1,2
"COG3868",0,0,1,0,0,0
"COG3869",4,0,1,2,0,0
"COG3870",0,0,0,0,0,1
"COG3871",0,3,1,1,1,0
"COG3872",1,1,1,3,0,1
"COG3874",3,0,1,1,0,0
"COG3875",2,2,0,3,0,1
"COG3876",2,4,2,3,3,0
"COG3877",0,1,0,0,0,0
"COG3878",0,0,0,0,1,0
"COG3879",2,0,0,0,0,0
"COG3880",3,0,0,5,0,1
"COG3882",0,0,0,0,0,4
"COG3883",3,0,1,1,0,1
"COG3884",3,5,3,2,6,2
"COG3886",0,0,3,2,1,3
"COG3887",7,0,8,6,3,2
"COG3893",0,0,0,0,0,1
"COG3894",2,0,2,0,0,1
"COG3901",0,0,0,1,0,0
"COG3910",1,0,1,2,2,0
"COG3919",0,0,0,2,0,1
"COG3920",0,0,0,0,1,0
"COG3926",0,0,0,1,0,0
"COG3933",1,3,1,0,1,0
"COG3934",1,0,0,1,0,0
"COG3935",2,1,3,2,1,0
"COG3936",2,1,0,0,1,1
"COG3938",1,0,0,0,0,0
"COG3940",1,8,2,1,1,0
"COG3941",0,1,0,1,0,0
"COG3942",0,0,0,1,0,0
"COG3943",2,5,1,7,8,6
"COG3944",4,0,0,1,0,5
"COG3947",0,0,0,1,0,0
"COG3949",6,0,0,1,0,0
"COG3950",1,5,0,0,7,0
"COG3951",0,0,0,0,0,2
"COG3952",0,1,0,0,1,1
"COG3955",0,0,0,0,0,1
"COG3956",4,4,0,3,4,2
"COG3957",3,0,3,0,1,0
"COG3958",6,3,5,6,2,2
"COG3959",4,2,0,2,3,2
"COG3960",0,1,0,0,0,0
"COG3962",0,0,0,0,0,2
"COG3964",1,1,2,0,1,1
"COG3968",13,13,12,18,18,11
"COG3969",0,4,1,4,1,1
"COG3971",0,0,0,1,0,0
"COG3973",4,4,1,2,2,1
"COG3975",1,0,0,0,0,0
"COG3976",0,0,1,0,0,0
"COG3977",0,0,0,0,0,1
"COG3980",2,1,0,2,0,1
"COG3981",1,0,1,0,0,1
"COG4001",7,4,4,6,2,2
"COG4021",0,0,0,0,0,1
"COG4032",0,0,1,0,0,0
"COG4043",1,0,1,0,0,0
"COG4086",0,0,0,0,0,1
"COG4091",0,1,0,0,0,0
"COG4096",2,1,8,2,7,7
"COG4099",1,2,1,2,2,1
"COG4100",3,0,1,3,2,2
"COG4105",0,0,1,0,0,0
"COG4108",1,4,6,6,7,6
"COG4110",2,0,0,0,1,0
"COG4112",0,0,1,0,0,0
"COG4115",0,9,2,2,0,0
"COG4120",2,0,4,3,2,0
"COG4121",0,2,0,0,2,0
"COG4122",3,2,2,3,5,6
"COG4123",2,2,2,6,6,4
"COG4124",1,3,0,3,5,3
"COG4126",2,0,0,0,0,0
"COG4127",0,0,0,1,0,0
"COG4129",0,0,1,0,0,0
"COG4134",0,0,0,0,1,0
"COG4143",0,0,0,0,1,0
"COG4145",1,0,0,0,0,0
"COG4146",1,9,3,3,6,5
"COG4147",1,0,0,0,0,0
"COG4148",0,1,0,0,0,0
"COG4149",0,0,0,1,0,0
"COG4150",0,0,0,0,0,1
"COG4152",2,1,1,1,0,0
"COG4154",1,0,0,2,0,1
"COG4160",0,1,0,0,0,0
"COG4166",8,3,3,3,1,0
"COG4174",1,0,0,0,0,0
"COG4175",0,6,1,2,1,0
"COG4176",1,2,0,1,0,0
"COG4177",2,0,2,5,1,1
"COG4178",0,0,0,0,0,2
"COG4185",2,1,1,3,0,1
"COG4186",0,0,0,0,0,1
"COG4187",0,1,0,0,0,1
"COG4189",0,1,2,1,1,0
"COG4191",1,0,0,2,0,0
"COG4193",3,0,2,0,0,1
"COG4198",3,2,3,3,2,3
"COG4199",0,2,0,0,0,0
"COG4206",15,20,12,7,18,7
"COG4208",0,0,0,2,0,0
"COG4209",11,1,5,1,3,2
"COG4211",1,1,3,0,0,2
"COG4213",1,0,0,0,1,4
"COG4214",1,1,0,0,0,1
"COG4219",12,1,6,4,4,3
"COG4221",1,3,0,2,2,2
"COG4222",0,0,0,0,1,0
"COG4224",0,0,1,0,0,0
"COG4225",1,21,16,10,11,3
"COG4226",1,0,0,0,0,1
"COG4227",0,1,1,1,18,20
"COG4230",1,0,0,0,0,0
"COG4231",4,4,5,6,3,1
"COG4232",1,8,1,0,10,4
"COG4235",0,1,0,1,0,0
"COG4238",0,1,0,0,0,0
"COG4245",0,0,0,4,5,0
"COG4249",0,0,0,0,2,5
"COG4252",0,0,0,0,0,1
"COG4258",0,0,0,0,0,2
"COG4260",5,0,1,2,1,4
"COG4261",2,1,0,1,0,0
"COG4263",0,0,1,0,0,0
"COG4264",1,0,0,0,0,0
"COG4267",1,0,1,0,2,0
"COG4268",1,0,1,1,0,10
"COG4269",0,1,0,1,0,0
"COG4271",1,0,0,3,0,0
"COG4277",8,7,3,4,3,2
"COG4279",0,1,0,0,3,1
"COG4283",1,0,0,1,0,0
"COG4284",4,0,2,0,0,1
"COG4286",1,0,0,0,0,0
"COG4289",2,4,10,3,3,5
"COG4292",0,3,0,0,0,0
"COG4295",0,0,0,0,1,2
"COG4296",0,0,0,0,0,1
"COG4299",1,6,2,3,1,6
"COG4302",2,0,2,2,0,1
"COG4303",1,0,1,0,1,0
"COG4319",0,0,0,0,0,1
"COG4333",1,0,0,0,0,0
"COG4335",0,2,0,0,0,0
"COG4336",1,0,0,0,0,0
"COG4354",2,4,1,3,2,0
"COG4372",0,1,0,0,0,0
"COG4373",0,1,0,0,0,0
"COG4377",1,0,0,1,1,0
"COG4380",0,0,0,0,1,0
"COG4383",0,0,1,0,0,1
"COG4394",0,0,0,0,0,1
"COG4396",1,0,0,0,0,0
"COG4397",1,0,0,0,0,0
"COG4405",0,1,0,0,0,0
"COG4409",0,9,0,2,3,0
"COG4412",4,0,0,1,13,2
"COG4413",1,0,0,2,3,0
"COG4420",0,0,1,0,0,0
"COG4421",0,0,0,1,0,0
"COG4422",1,7,2,4,3,3
"COG4430",0,0,0,1,0,0
"COG4452",0,2,0,0,0,0
"COG4453",0,1,0,0,0,0
"COG4456",1,0,0,0,0,0
"COG4457",0,0,0,0,0,3
"COG4458",1,0,0,0,0,1
"COG4463",2,0,2,1,0,0
"COG4464",2,3,0,2,5,0
"COG4465",3,0,1,0,0,0
"COG4466",1,0,0,0,0,0
"COG4468",4,0,4,4,3,1
"COG4472",2,2,1,0,0,0
"COG4474",0,0,1,1,0,0
"COG4475",1,1,3,0,0,0
"COG4481",1,1,0,0,1,0
"COG4485",6,1,13,1,2,2
"COG4492",1,0,1,1,1,1
"COG4495",1,0,0,0,0,0
"COG4496",1,1,3,1,0,1
"COG4506",2,2,2,6,0,0
"COG4509",12,1,3,4,1,0
"COG4512",1,0,1,0,0,0
"COG4535",1,0,0,0,0,2
"COG4536",0,0,4,0,3,5
"COG4537",0,0,0,0,0,1
"COG4540",0,1,0,0,0,0
"COG4541",0,0,0,1,0,0
"COG4542",0,0,0,0,0,2
"COG4548",1,0,1,0,0,2
"COG4552",0,4,0,3,0,1
"COG4555",0,1,0,0,0,0
"COG4558",0,1,0,0,0,0
"COG4564",0,0,2,1,0,0
"COG4565",0,0,1,0,0,0
"COG4566",0,1,0,0,0,0
"COG4570",0,1,0,0,0,0
"COG4572",0,0,0,0,1,0
"COG4573",1,0,1,0,0,0
"COG4574",0,0,0,1,0,0
"COG4576",2,0,0,0,1,0
"COG4577",0,2,0,1,1,1
"COG4579",1,0,0,0,0,0
"COG4580",4,0,0,0,0,5
"COG4582",0,0,0,1,0,0
"COG4584",3,5,8,5,22,1
"COG4585",2,1,3,3,0,5
"COG4586",0,1,0,0,0,0
"COG4587",1,0,0,0,1,0
"COG4589",0,1,0,0,0,0
"COG4591",6,6,2,2,6,2
"COG4592",1,1,0,0,0,0
"COG4597",1,0,0,0,0,0
"COG4603",7,0,4,5,2,2
"COG4604",1,1,0,0,0,0
"COG4605",1,0,0,0,0,0
"COG4606",0,0,0,1,0,0
"COG4607",0,1,0,0,0,0
"COG4608",8,0,2,3,2,2
"COG4619",0,0,0,0,0,1
"COG4623",1,3,3,1,2,1
"COG4624",13,8,12,14,3,2
"COG4625",0,0,0,1,0,0
"COG4626",0,4,1,2,0,1
"COG4632",5,6,0,3,2,2
"COG4636",1,0,3,0,1,0
"COG4637",0,0,2,0,1,0
"COG4638",0,0,0,0,0,1
"COG4639",0,0,0,0,1,1
"COG4641",0,1,3,3,3,3
"COG4642",1,0,2,1,4,3
"COG4644",2,0,0,0,0,0
"COG4646",15,17,21,34,4,10
"COG4648",0,0,0,0,0,1
"COG4651",0,0,0,0,1,0
"COG4653",0,0,1,3,0,0
"COG4656",6,3,2,7,7,4
"COG4657",0,0,4,4,2,0
"COG4658",6,1,8,8,4,5
"COG4659",1,3,3,3,2,1
"COG4660",4,3,2,10,0,9
"COG4666",0,2,1,2,2,1
"COG4667",4,3,6,3,6,4
"COG4668",1,0,0,0,1,0
"COG4670",1,0,0,3,0,0
"COG4674",0,0,0,0,0,1
"COG4677",0,3,4,5,10,4
"COG4679",2,0,0,0,0,0
"COG4680",0,0,0,0,0,1
"COG4682",1,0,0,0,0,0
"COG4684",0,0,0,0,0,1
"COG4685",1,0,0,0,0,0
"COG4688",1,0,0,0,0,0
"COG4690",4,6,4,6,6,5
"COG4692",1,1,2,4,3,1
"COG4694",0,1,0,0,0,1
"COG4695",0,0,0,1,0,1
"COG4698",0,1,0,0,0,0
"COG4702",0,0,0,1,0,0
"COG4704",0,1,0,0,0,0
"COG4708",1,0,0,0,0,1
"COG4712",1,1,0,0,0,0
"COG4713",1,0,1,1,0,0
"COG4716",3,0,3,3,0,4
"COG4717",4,0,3,3,0,0
"COG4720",3,1,2,4,0,1
"COG4724",0,0,0,0,1,1
"COG4725",2,0,0,1,0,0
"COG4728",0,0,1,1,0,1
"COG4732",2,0,1,0,1,0
"COG4733",0,1,0,0,0,0
"COG4734",0,0,0,0,0,1
"COG4735",0,0,0,1,0,1
"COG4739",0,1,2,0,0,0
"COG4744",0,1,1,0,1,0
"COG4747",2,3,2,3,1,0
"COG4750",0,0,1,0,0,0
"COG4752",0,0,0,0,1,0
"COG4753",25,54,37,25,30,18
"COG4760",0,0,0,0,0,3
"COG4763",0,0,0,1,0,0
"COG4766",0,0,0,0,2,0
"COG4767",4,0,1,0,0,0
"COG4769",1,1,1,1,2,0
"COG4770",0,0,0,1,0,0
"COG4771",3,20,9,11,18,5
"COG4772",0,0,0,0,1,0
"COG4774",1,0,0,0,0,0
"COG4775",5,11,5,3,8,13
"COG4776",0,0,0,0,0,1
"COG4779",1,0,0,0,0,0
"COG4783",0,0,0,0,0,5
"COG4784",0,0,0,0,1,0
"COG4786",0,0,3,1,2,1
"COG4789",0,1,0,0,0,0
"COG4795",0,1,0,0,0,0
"COG4796",0,2,0,0,0,1
"COG4799",5,7,10,9,6,4
"COG4804",5,10,5,5,36,17
"COG4805",2,0,6,0,0,1
"COG4806",2,7,1,3,3,2
"COG4808",0,0,0,0,0,1
"COG4811",1,0,0,0,0,0
"COG4812",0,0,0,0,1,0
"COG4816",0,0,1,0,0,0
"COG4819",0,0,1,0,0,0
"COG4820",0,0,0,1,0,0
"COG4821",0,0,1,0,0,0
"COG4822",1,1,2,3,6,2
"COG4823",4,1,0,5,2,10
"COG4824",0,0,0,0,0,1
"COG4826",6,0,0,2,4,3
"COG4832",1,0,1,0,1,0
"COG4833",2,14,2,5,0,0
"COG4834",0,0,0,1,0,0
"COG4845",2,2,3,1,2,2
"COG4856",11,0,2,5,1,0
"COG4859",0,0,2,1,0,1
"COG4862",2,0,0,2,0,0
"COG4864",0,4,1,2,3,1
"COG4866",3,3,4,3,1,2
"COG4868",5,0,1,3,3,1
"COG4869",1,0,2,0,0,0
"COG4870",2,0,5,1,0,0
"COG4874",0,0,1,0,0,0
"COG4878",0,0,1,0,0,0
"COG4880",2,1,3,1,0,0
"COG4886",3,9,8,9,4,5
"COG4887",0,2,0,1,0,0
"COG4889",1,3,2,0,0,2
"COG4894",0,0,0,3,1,1
"COG4905",7,2,5,1,3,3
"COG4909",0,1,0,0,1,0
"COG4912",0,1,2,2,2,3
"COG4913",0,1,1,3,1,0
"COG4917",0,0,0,0,1,0
"COG4924",0,2,0,0,0,1
"COG4925",1,0,0,1,0,1
"COG4928",4,0,4,0,1,6
"COG4930",4,0,0,5,6,0
"COG4932",2,3,4,16,3,1
"COG4933",1,0,0,0,3,2
"COG4936",3,1,0,1,1,0
"COG4937",0,1,0,0,0,3
"COG4938",1,0,2,0,2,0
"COG4940",1,0,0,0,0,0
"COG4942",2,4,2,0,2,1
"COG4946",3,17,8,7,11,6
"COG4947",1,0,0,0,0,0
"COG4948",1,4,8,3,8,4
"COG4950",1,0,0,0,0,1
"COG4951",1,0,4,0,1,0
"COG4953",0,0,1,0,3,1
"COG4956",0,1,0,0,0,0
"COG4962",4,0,6,2,4,3
"COG4963",1,0,0,0,0,0
"COG4964",0,0,0,0,0,1
"COG4965",3,0,0,0,0,1
"COG4972",1,1,3,1,0,0
"COG4973",2,8,4,2,4,0
"COG4974",11,16,18,25,18,22
"COG4977",4,20,6,3,3,1
"COG4978",1,0,2,0,0,2
"COG4984",0,1,0,0,0,0
"COG4988",1,1,0,1,0,0
"COG4989",0,0,0,1,0,1
"COG4990",1,0,0,1,0,0
"COG4992",4,7,12,10,1,4
"COG4995",0,2,5,0,0,1
"COG4999",27,25,12,24,14,11
"COG5000",2,13,4,5,5,7
"COG5001",7,4,22,9,1,6
"COG5002",23,50,35,28,22,34
"COG5005",0,1,0,0,0,0
"COG5006",1,2,0,0,0,0
"COG5009",2,3,12,8,13,23
"COG5011",5,0,1,4,0,1
"COG5012",2,0,0,1,2,0
"COG5013",0,0,0,0,1,0
"COG5015",1,0,0,3,0,0
"COG5016",8,11,3,9,7,11
"COG5017",1,1,1,0,0,0
"COG5018",1,0,2,0,3,2
"COG5026",0,0,0,0,1,0
"COG5039",0,1,2,0,0,0
"COG5108",1,0,0,0,0,1
"COG5146",0,0,0,1,5,0
"COG5184",4,0,6,0,0,0
"COG5263",4,3,1,1,0,0
"COG5268",0,0,0,0,0,2
"COG5279",5,0,3,3,1,2
"COG5280",0,1,0,0,0,0
"COG5281",0,1,0,0,0,1
"COG5283",1,1,0,2,0,6
"COG5293",1,0,1,0,0,0
"COG5295",0,1,0,0,0,0
"COG5305",1,0,0,0,0,0
"COG5337",0,0,2,0,0,0
"COG5339",1,2,0,0,0,0
"COG5340",0,0,0,0,0,1
"COG5341",1,0,0,1,0,0
"COG5345",0,0,0,0,0,2
"COG5361",1,0,0,0,0,0
"COG5362",1,0,0,0,0,0
"COG5368",2,3,2,2,0,0
"COG5373",2,3,0,0,1,0
"COG5377",2,0,0,5,1,2
"COG5401",1,0,0,0,0,0
"COG5405",1,0,1,1,0,0
"COG5410",0,1,1,2,0,0
"COG5412",3,0,2,3,0,0
"COG5421",0,1,1,2,0,13
"COG5427",0,0,0,0,1,0
"COG5433",5,13,2,1,4,2
"COG5434",8,22,25,6,33,10
"COG5438",2,2,1,2,1,0
"COG5444",0,0,0,0,1,0
"COG5464",0,1,0,3,1,5
"COG5475",0,0,0,1,0,0
"COG5476",0,0,0,0,1,0
"COG5483",0,0,0,0,0,3
"COG5485",0,0,1,0,0,0
"COG5492",4,9,11,11,1,8
"COG5495",1,1,0,1,1,0
"COG5496",1,0,1,0,2,1
"COG5498",1,2,0,1,5,7
"COG5505",0,0,1,0,0,0
"COG5507",0,0,0,1,0,0
"COG5510",1,0,0,0,0,0
"COG5511",1,1,0,0,0,0
"COG5512",0,0,0,0,1,0
"COG5520",3,5,4,4,3,4
"COG5523",1,1,3,2,1,2
"COG5525",0,0,0,1,0,0
"COG5527",1,0,1,1,0,0
"COG5529",0,0,0,0,0,1
"COG5542",1,0,0,0,0,1
"COG5545",6,19,9,16,28,15
"COG5551",1,0,1,0,0,1
"COG5557",1,0,0,0,0,0
"COG5561",1,1,0,1,0,0
"COG5562",0,1,0,0,0,0
"COG5577",1,0,1,0,0,0
"COG5579",0,0,0,0,0,2
"COG5585",0,0,1,0,0,0
"COG5586",1,0,0,0,0,0
"COG5587",4,2,2,2,2,0
"COG5595",0,0,0,0,1,0
"COG5598",0,0,0,0,0,1
"COG5610",0,0,0,0,2,1
"COG5617",0,0,2,0,0,1
"COG5618",0,0,0,0,0,1
"COG5620",1,0,0,1,1,0
"COG5632",2,0,2,1,2,1
"COG5635",1,0,1,0,0,1
"COG5645",1,0,0,0,0,0
"COG5652",2,0,0,0,0,0
"COG5658",0,0,1,2,0,0
