"","DOF003","NOF013","NLM023","DOF006","NLF007","DOM019","DLM015","NLF010","DOM018","NLM008","NLM032","DLM023","DOF004","NOF012","NLM029","NOM010","NLF002","DOM023","DLM003","DLM005","DOM022","NLF015","DOF008","DLM024","NOM027","NLM026","NOM028","DLM001","DLF009","DLM017"
"COG0001",19,13,14,8,26,11,18,26,69,15,35,30,31,24,44,33,26,25,15,35,34,20,27,40,78,20,21,40,47,27
"COG0002",70,65,69,88,89,93,88,90,117,97,74,115,85,51,86,78,114,76,83,77,65,75,74,49,118,86,93,100,63,98
"COG0003",26,35,15,83,2,32,2,54,11,1,1,15,10,29,8,29,9,5,6,16,17,15,3,0,2,8,13,8,3,2
"COG0004",75,97,73,54,146,107,98,74,138,101,139,107,83,56,132,131,128,117,67,106,56,88,125,65,123,118,76,105,52,146
"COG0005",49,51,47,43,61,45,37,25,48,66,45,31,48,37,62,56,48,63,61,39,73,40,38,53,38,66,33,69,40,41
"COG0006",247,250,231,259,219,218,275,290,203,263,225,242,224,232,221,306,230,290,251,221,274,258,196,186,122,191,263,315,135,251
"COG0007",20,9,21,17,24,14,24,28,36,38,38,23,35,16,41,19,39,21,14,14,15,16,34,60,86,13,39,18,35,27
"COG0008",248,250,194,200,304,254,236,183,304,241,328,332,254,283,302,250,273,313,231,290,291,271,337,166,344,331,230,321,242,334
"COG0009",91,98,112,101,98,101,106,127,117,120,92,109,122,106,115,117,112,93,118,105,115,82,105,75,105,101,97,93,88,97
"COG0010",46,33,65,38,35,38,35,20,43,13,18,57,17,60,24,29,22,26,44,24,29,42,46,61,52,59,27,29,48,20
"COG0011",1,2,2,0,0,0,0,0,2,1,1,2,4,1,4,4,0,0,1,8,1,0,13,4,12,0,5,3,7,0
"COG0012",83,100,96,87,123,106,85,79,110,94,131,106,109,141,124,92,98,118,81,115,101,76,115,54,105,118,91,109,97,148
"COG0013",202,203,188,220,242,267,202,195,251,182,209,236,213,372,283,248,201,233,212,232,247,245,223,106,200,238,198,247,230,281
"COG0014",83,98,82,104,106,130,110,105,151,98,87,132,111,76,112,108,108,132,75,72,96,115,77,47,112,82,113,132,69,109
"COG0015",102,99,113,105,162,149,127,107,125,154,122,127,122,87,148,111,147,175,133,151,123,98,143,56,154,119,100,133,105,142
"COG0016",96,80,93,104,91,101,84,83,120,81,93,93,98,108,105,103,115,97,104,83,106,105,92,45,121,103,96,118,77,101
"COG0017",135,110,117,137,170,146,127,104,150,172,200,209,107,121,110,112,116,110,116,112,109,130,170,94,43,179,159,107,91,152
"COG0018",142,141,151,163,164,161,132,176,170,148,174,172,153,229,174,163,193,160,132,198,172,163,177,71,182,183,164,193,137,185
"COG0019",162,179,155,153,194,197,195,218,237,194,202,204,210,161,204,172,239,186,185,159,231,132,202,109,269,176,163,199,166,179
"COG0020",47,70,53,50,83,59,62,80,74,92,63,57,89,90,78,14,20,33,26,17,29,12,16,7,24,21,15,33,14,16
"COG0021",99,82,90,119,75,69,108,132,70,53,60,54,143,107,123,90,150,169,102,116,152,104,68,120,250,77,83,123,134,124
"COG0022",41,48,59,33,12,13,55,40,35,8,9,19,38,26,22,24,45,10,45,35,28,80,2,4,4,13,43,55,17,7
"COG0023",18,23,33,27,9,16,29,29,17,12,9,9,21,17,11,20,22,15,31,16,15,27,3,8,0,14,16,15,13,13
"COG0024",122,121,134,141,136,149,148,131,140,140,129,133,120,133,146,130,146,130,151,125,123,128,138,77,114,130,119,154,100,115
"COG0025",12,8,7,16,29,28,14,12,18,20,17,10,36,9,45,19,34,18,22,20,10,8,90,92,96,31,29,25,53,13
"COG0026",7,0,8,0,4,1,1,2,6,0,9,3,5,7,2,3,4,8,9,11,11,1,26,44,37,5,6,22,45,2
"COG0027",31,35,41,40,42,57,69,54,34,23,19,28,53,27,26,14,8,29,19,5,16,14,9,9,12,9,17,33,19,24
"COG0028",229,205,254,209,252,261,234,152,249,219,254,277,207,129,198,211,280,261,191,187,214,222,285,406,257,178,237,227,303,212
"COG0029",89,105,99,153,95,107,120,112,120,106,100,87,114,66,91,130,106,101,91,102,134,128,73,59,93,113,106,132,74,131
"COG0030",126,120,128,99,149,75,95,168,94,127,160,148,142,191,168,142,123,107,128,242,135,65,208,110,144,142,143,103,132,141
"COG0031",115,134,105,112,134,131,133,121,131,133,128,138,113,73,127,137,138,87,84,110,90,142,127,93,146,138,100,107,106,121
"COG0033",7,0,1,3,0,1,1,1,7,0,9,1,12,1,0,0,0,1,1,21,6,3,26,34,52,1,14,10,41,0
"COG0034",152,160,171,188,213,210,224,190,206,139,169,192,190,126,155,179,140,269,177,216,197,221,146,74,128,230,200,246,132,255
"COG0035",72,67,76,72,65,64,62,82,82,67,78,101,72,52,69,97,63,75,82,79,79,70,90,44,79,79,68,81,48,104
"COG0036",62,60,64,52,86,55,65,89,79,84,119,63,66,97,112,71,106,97,63,71,104,52,107,93,154,94,65,63,93,83
"COG0037",209,184,182,133,214,211,204,170,220,216,235,249,230,229,259,223,224,168,166,171,161,182,235,103,167,234,155,196,142,181
"COG0038",164,175,146,147,139,189,192,179,210,111,161,162,177,109,117,50,52,38,58,64,52,61,49,31,36,56,69,74,64,52
"COG0039",152,118,139,161,137,134,135,187,141,119,113,133,132,136,123,147,191,135,109,140,137,154,153,71,268,111,137,153,126,136
"COG0040",56,57,54,41,69,54,70,88,69,61,73,98,60,35,48,60,70,77,73,58,44,49,35,27,66,54,76,64,61,70
"COG0041",55,41,43,48,64,53,39,62,51,60,62,55,58,41,56,65,57,50,48,64,44,38,52,35,56,53,45,62,42,53
"COG0042",142,152,145,155,150,153,161,158,180,131,194,186,185,169,154,148,166,125,137,127,159,131,170,156,122,147,147,155,172,159
"COG0043",18,7,16,3,12,3,9,14,10,4,22,23,15,11,25,11,21,11,20,27,25,12,32,87,81,12,28,33,37,11
"COG0044",144,104,113,124,147,121,129,123,156,126,164,141,159,122,134,134,160,158,133,145,169,120,160,164,207,141,169,145,143,164
"COG0045",12,25,21,27,7,9,23,14,18,8,2,8,11,10,4,6,19,5,4,22,7,20,16,47,72,4,16,20,48,17
"COG0046",231,252,193,205,253,233,284,215,283,210,235,257,249,156,284,255,233,305,221,226,269,215,283,135,344,287,212,317,168,304
"COG0047",193,175,151,176,250,198,195,204,214,160,213,240,245,136,268,252,195,275,199,203,226,143,199,136,350,283,168,332,124,256
"COG0048",28,20,30,22,45,34,34,24,32,58,48,42,26,63,55,31,40,44,45,38,38,20,45,27,60,59,39,49,36,43
"COG0049",46,52,64,46,51,66,55,47,45,50,60,40,49,72,60,52,66,31,57,67,50,37,77,47,83,72,50,62,44,49
"COG0050",44,29,43,43,36,44,46,53,38,42,40,37,33,57,52,146,126,135,95,139,140,124,131,132,95,147,83,130,133,147
"COG0051",38,42,46,31,37,38,42,51,32,38,36,39,36,71,65,62,46,27,43,41,45,37,47,42,51,41,28,34,42,43
"COG0052",69,37,58,47,84,79,76,42,73,62,74,55,79,113,87,50,49,86,60,82,72,60,81,47,58,83,59,82,62,77
"COG0053",79,67,86,97,102,82,78,96,64,86,90,110,87,112,93,83,108,84,128,107,113,59,90,104,86,115,82,111,101,116
"COG0054",46,34,34,33,59,43,40,31,43,50,38,35,56,30,50,48,42,79,36,36,39,40,36,31,33,28,33,46,43,56
"COG0055",128,128,98,93,166,151,117,76,160,171,163,180,142,65,204,47,53,46,35,47,43,49,48,29,65,62,45,49,24,57
"COG0056",140,153,129,127,213,144,127,124,176,183,176,228,161,79,194,145,162,153,122,124,147,156,201,101,239,194,154,188,100,160
"COG0057",25,26,33,30,40,40,24,22,29,30,35,30,23,47,43,83,91,96,98,113,81,95,104,101,105,122,79,110,119,107
"COG0058",206,225,191,155,352,277,226,217,290,307,323,325,332,254,297,270,247,204,233,247,224,176,325,237,317,369,229,267,268,296
"COG0059",78,90,103,80,95,107,97,83,124,94,92,77,74,57,81,92,100,90,93,98,69,108,100,78,149,84,82,90,87,94
"COG0060",179,198,205,189,277,260,225,170,278,232,268,251,259,366,296,239,219,270,207,187,257,215,270,117,246,318,221,285,194,244
"COG0061",60,93,49,71,74,80,89,58,100,63,94,87,96,52,88,78,83,75,78,71,78,73,78,51,66,82,79,97,64,77
"COG0062",61,79,51,84,100,79,96,72,113,108,86,62,84,52,84,73,78,126,88,77,99,49,71,81,128,91,80,125,71,137
"COG0063",64,83,60,70,103,82,92,67,106,90,94,82,100,63,92,82,92,151,91,77,97,76,100,75,108,105,71,121,99,120
"COG0064",40,44,28,10,60,32,41,26,52,70,88,42,43,182,85,50,73,14,27,44,41,27,120,17,139,71,47,43,40,55
"COG0065",119,122,112,78,125,104,116,77,135,111,119,117,127,80,130,105,100,103,107,98,105,129,120,87,163,100,153,158,80,125
"COG0066",43,48,39,43,47,53,44,56,63,48,43,62,66,37,42,55,55,59,47,43,49,58,49,47,112,51,54,52,51,54
"COG0067",178,226,156,129,222,204,233,116,287,284,215,253,201,96,210,239,206,224,123,191,166,214,204,112,278,247,161,247,117,245
"COG0068",14,6,11,10,11,41,13,31,45,10,38,12,15,19,12,6,32,21,19,24,53,8,33,43,152,12,11,33,81,38
"COG0069",200,237,131,191,228,208,256,122,273,244,225,216,215,110,230,221,232,226,138,186,152,218,220,120,283,285,217,270,110,271
"COG0070",183,195,163,114,224,182,226,109,269,221,167,233,182,101,237,211,170,222,100,164,138,224,202,104,182,234,182,243,116,215
"COG0071",60,69,58,61,81,54,48,109,51,120,97,58,63,72,80,58,76,60,49,82,66,59,76,66,38,57,68,71,63,73
"COG0072",57,41,67,35,65,47,53,43,56,44,72,57,49,92,75,198,174,144,136,172,173,141,169,64,248,199,127,208,146,180
"COG0073",104,98,108,80,115,98,123,91,98,93,112,97,102,136,149,356,355,367,278,304,340,292,377,166,427,383,210,400,220,388
"COG0074",16,10,22,16,5,8,18,23,12,11,7,5,10,21,1,9,16,15,6,21,25,34,16,117,91,25,22,24,68,16
"COG0075",53,36,52,86,20,68,63,87,46,63,61,30,58,34,35,48,59,154,65,42,66,54,33,32,57,45,44,31,38,41
"COG0076",54,47,69,81,35,73,77,53,59,18,13,33,53,40,23,57,61,38,70,55,35,83,8,99,2,22,60,54,114,42
"COG0077",68,84,63,56,57,72,81,37,81,84,89,103,58,55,65,62,84,72,54,65,46,79,104,65,107,59,74,69,68,81
"COG0078",101,117,99,102,87,124,95,90,137,111,131,165,99,101,91,92,111,86,93,116,100,96,111,173,134,114,132,131,131,133
"COG0079",160,154,116,137,218,156,206,180,207,234,197,240,250,144,199,182,229,152,200,162,184,152,192,100,195,193,184,134,138,180
"COG0080",46,43,54,33,58,43,43,52,56,64,61,35,59,68,49,35,52,53,47,53,54,32,47,26,61,57,32,33,38,66
"COG0081",71,50,72,72,99,82,80,70,76,89,86,55,64,99,88,89,76,94,65,95,67,73,95,43,84,81,62,66,67,87
"COG0082",74,73,67,71,95,69,75,64,110,64,76,104,87,46,80,84,77,88,73,61,79,62,97,44,104,104,73,105,67,86
"COG0083",10,13,12,5,11,16,7,8,23,4,17,29,17,5,13,6,21,6,9,23,13,11,37,28,91,23,16,22,36,11
"COG0084",115,121,98,112,114,115,119,144,82,96,108,106,107,118,123,117,108,97,126,125,107,108,111,110,116,104,148,134,125,95
"COG0085",305,262,310,332,473,345,292,344,369,344,347,325,267,399,418,367,436,338,319,348,372,297,340,200,376,470,290,350,271,349
"COG0086",322,287,324,239,440,346,307,198,417,306,321,350,331,441,380,312,260,380,315,342,301,346,337,208,199,457,238,426,296,401
"COG0087",66,55,52,60,81,70,64,88,76,74,85,82,58,81,89,65,59,90,55,84,81,46,81,36,105,94,52,64,53,87
"COG0088",55,43,55,59,72,71,71,65,57,62,85,60,72,94,86,73,71,87,74,102,75,48,84,45,84,98,60,59,61,84
"COG0089",41,25,36,34,44,30,35,53,33,60,40,43,36,40,53,37,44,41,35,49,36,30,49,24,50,45,33,28,34,49
"COG0090",72,58,53,52,131,73,64,35,72,76,65,72,79,92,97,75,83,97,65,71,95,59,97,34,106,108,67,93,60,96
"COG0091",51,37,39,34,52,45,43,71,46,70,58,56,58,57,78,40,53,53,40,74,38,34,61,31,61,69,36,37,42,52
"COG0092",48,48,38,36,71,67,56,42,59,76,85,49,77,66,65,60,61,76,64,63,55,39,74,24,84,90,41,64,42,81
"COG0093",46,30,51,41,52,46,36,25,47,43,42,34,32,76,53,43,33,42,38,51,31,26,47,38,49,64,33,28,49,53
"COG0094",63,47,69,55,67,44,65,86,69,87,89,56,58,70,80,63,95,51,59,75,70,37,71,37,72,86,61,64,56,75
"COG0095",21,24,33,25,34,14,29,28,16,10,9,15,17,10,17,16,39,13,36,30,39,30,27,54,92,18,36,35,40,11
"COG0096",33,27,44,29,59,33,31,32,45,68,48,28,41,41,66,48,57,50,43,63,43,28,57,26,62,61,37,43,46,43
"COG0097",50,54,66,28,86,59,40,39,58,78,52,42,35,93,88,53,66,80,46,86,46,42,68,42,70,75,48,60,62,83
"COG0098",48,44,52,52,68,70,50,71,69,48,72,65,59,80,68,61,71,96,51,79,53,48,65,23,79,63,46,52,57,67
"COG0099",37,44,44,30,56,37,34,56,43,28,59,38,42,67,46,38,47,50,39,45,35,56,51,23,53,48,48,42,28,57
"COG0100",39,42,46,28,62,38,32,26,40,44,44,26,30,64,60,39,31,40,41,59,46,27,52,31,37,61,23,52,50,54
"COG0101",101,96,69,62,108,82,89,93,103,104,132,101,105,119,112,103,132,89,89,85,87,55,146,74,102,101,65,90,59,98
"COG0102",44,34,50,34,56,39,36,31,44,44,52,44,47,63,58,46,53,36,52,72,60,25,53,31,66,57,49,49,36,40
"COG0103",49,34,38,44,41,39,39,44,43,34,54,37,46,52,41,33,54,55,55,43,46,37,49,31,50,42,62,38,36,44
"COG0104",97,125,105,90,172,102,98,97,142,154,140,174,130,63,157,132,173,161,93,136,87,117,125,75,134,123,95,118,121,139
"COG0105",23,17,12,29,13,16,12,34,9,20,11,11,9,64,19,17,26,21,24,20,35,12,2,28,26,12,18,11,26,11
"COG0106",62,67,49,55,68,65,64,58,62,40,62,66,76,59,69,73,71,73,56,53,51,37,50,26,64,50,53,63,53,49
"COG0107",49,62,49,43,89,60,58,58,79,90,74,75,62,51,74,62,75,59,48,55,43,45,68,52,68,65,60,71,46,61
"COG0108",87,70,93,103,73,94,100,113,90,99,76,60,111,74,96,97,98,168,86,97,115,96,42,46,96,94,90,105,69,119
"COG0109",0,0,1,0,0,0,0,0,1,0,0,1,1,0,0,0,0,0,0,3,1,1,5,33,0,1,3,1,21,0
"COG0110",377,333,424,504,306,314,371,523,223,311,277,223,302,313,246,337,380,222,326,262,263,293,156,161,301,229,245,266,209,283
"COG0111",170,161,141,132,159,192,120,136,173,140,131,176,144,131,125,115,158,191,163,194,168,163,199,244,449,187,147,192,197,152
"COG0112",99,79,72,81,123,114,101,117,106,126,118,94,113,74,102,140,144,163,94,113,96,95,109,57,191,108,75,106,58,127
"COG0113",12,6,23,11,14,12,14,14,27,4,28,19,36,12,32,32,15,14,11,20,20,7,26,34,72,16,23,19,27,15
"COG0114",17,5,10,11,9,8,8,2,10,5,12,10,9,14,7,3,3,5,24,18,10,5,13,45,12,17,13,13,32,5
"COG0115",122,109,122,97,110,140,127,135,153,143,108,115,131,86,133,39,40,48,34,45,43,30,36,25,57,54,31,52,34,46
"COG0116",71,91,61,62,88,80,64,33,61,94,92,73,91,55,91,72,68,85,48,67,113,46,101,90,44,92,96,76,71,69
"COG0117",67,73,74,59,59,71,70,55,84,92,68,67,84,53,88,59,68,116,72,73,78,65,56,22,99,65,68,80,40,112
"COG0118",38,47,44,36,50,58,48,40,41,62,43,50,57,32,47,42,51,75,41,54,43,41,37,33,54,46,45,58,37,41
"COG0119",207,240,228,177,285,246,222,198,246,226,177,197,222,129,339,246,233,331,174,201,206,199,172,140,225,261,139,246,146,254
"COG0120",15,20,33,21,8,6,15,6,4,4,12,6,15,30,6,8,14,3,11,10,19,10,25,37,24,8,18,18,32,7
"COG0121",1,0,1,1,0,1,0,1,0,0,2,2,3,0,0,0,0,1,0,1,0,1,3,18,0,0,5,0,19,0
"COG0122",25,17,21,16,18,19,20,11,19,33,42,23,21,33,30,23,26,4,9,27,10,10,30,33,19,42,28,18,27,15
"COG0123",5,4,8,1,0,6,3,2,7,1,7,5,9,1,2,1,2,3,2,7,10,6,4,0,0,5,2,9,1,2
"COG0124",124,127,103,105,107,128,127,129,117,105,135,127,104,163,132,137,105,119,123,139,110,115,126,62,139,124,94,116,103,138
"COG0125",2,4,7,3,10,9,6,4,7,2,11,12,8,14,19,24,19,11,16,17,18,29,51,21,69,39,22,35,50,34
"COG0126",94,72,69,72,116,101,85,52,136,106,126,132,108,131,128,103,66,114,94,119,116,90,124,63,90,154,80,105,96,120
"COG0127",59,50,51,48,95,46,61,57,53,74,94,75,57,60,57,57,69,77,57,56,58,42,83,41,84,72,71,66,65,58
"COG0128",90,65,75,97,94,94,82,105,96,90,111,92,118,72,113,100,87,78,85,110,80,82,83,59,90,98,63,91,71,133
"COG0129",125,144,145,166,145,168,157,161,185,124,167,227,159,88,112,170,162,190,137,159,181,161,158,166,238,151,155,188,153,170
"COG0130",49,61,60,54,70,62,53,52,80,64,85,73,60,98,75,64,57,83,43,61,65,46,74,46,69,81,62,104,62,86
"COG0131",13,19,12,15,17,22,22,19,28,24,13,23,29,11,24,61,58,70,59,46,56,76,39,39,56,54,53,83,55,67
"COG0132",46,14,39,31,20,35,46,49,26,17,32,16,35,22,14,22,8,9,10,12,9,12,6,14,16,6,13,15,14,12
"COG0133",56,66,67,68,56,55,85,74,101,83,75,55,80,50,57,62,77,112,56,55,76,77,104,72,165,59,89,94,78,102
"COG0134",44,42,35,67,39,50,54,79,48,63,59,42,60,59,50,53,68,77,48,46,59,38,63,29,136,36,64,46,49,72
"COG0135",25,23,13,24,21,39,28,44,15,37,40,23,32,28,33,38,37,66,20,52,34,26,55,23,112,29,44,23,40,41
"COG0136",89,81,68,70,91,96,64,52,96,79,105,97,91,112,105,82,88,97,89,81,100,80,118,79,128,113,67,113,95,93
"COG0137",99,87,98,125,90,119,101,110,125,97,117,152,95,61,130,122,145,149,90,118,82,95,111,52,173,89,104,128,96,134
"COG0138",136,161,172,176,125,156,172,180,153,121,110,126,134,101,143,153,156,230,156,155,171,196,132,56,139,138,157,176,97,188
"COG0139",50,41,55,56,73,56,62,73,56,81,60,77,66,49,52,52,75,72,64,48,43,40,45,33,67,42,55,54,40,52
"COG0140",43,58,49,54,66,48,55,72,63,55,52,79,60,33,45,47,55,52,57,58,36,35,31,18,58,54,41,42,32,44
"COG0141",72,75,67,67,85,78,69,87,88,94,85,96,90,72,93,90,77,97,75,95,74,82,72,33,127,90,74,91,88,106
"COG0142",105,126,135,126,130,120,132,153,106,133,119,87,110,141,120,144,140,197,109,151,155,138,104,65,145,117,102,155,124,167
"COG0143",166,139,140,143,198,193,162,132,146,135,182,160,184,188,199,190,186,178,112,182,192,163,215,97,234,231,125,209,132,204
"COG0144",139,94,110,105,152,136,127,119,177,142,233,153,142,137,180,177,157,128,94,113,141,108,191,129,129,180,136,118,112,144
"COG0145",6,5,8,23,5,9,8,7,10,2,4,12,14,11,7,0,9,4,11,10,16,14,2,60,7,17,40,8,5,6
"COG0146",3,0,0,4,0,1,2,0,1,0,3,0,4,6,3,0,0,1,1,1,3,0,0,9,3,0,0,1,1,0
"COG0147",91,124,136,126,97,124,175,190,132,158,111,110,161,80,119,123,131,120,131,103,123,157,124,96,139,96,151,153,112,109
"COG0148",131,108,158,83,131,138,157,91,152,109,141,126,153,150,174,41,42,31,43,48,28,56,42,50,37,53,38,50,51,37
"COG0149",73,74,65,51,87,60,62,62,66,83,83,80,72,119,72,71,85,51,84,77,60,74,70,53,105,108,63,74,69,68
"COG0150",77,73,75,70,115,91,83,82,122,104,76,96,85,52,91,93,91,110,111,81,107,90,103,56,119,104,63,95,81,109
"COG0151",72,93,67,87,96,89,106,70,143,102,94,103,92,56,91,78,99,94,96,63,107,85,118,64,106,104,80,138,97,105
"COG0152",87,71,86,68,112,95,90,60,80,59,101,86,88,65,71,86,85,73,89,103,96,76,66,49,75,67,80,80,79,93
"COG0153",94,107,98,104,106,118,84,121,116,90,115,136,100,73,111,34,37,32,32,25,27,24,48,21,52,42,29,31,33,39
"COG0154",44,54,21,10,79,41,40,24,52,59,106,31,50,142,122,51,76,23,27,43,40,25,123,13,113,81,31,42,56,47
"COG0155",12,3,6,21,3,1,8,1,4,6,12,9,12,2,10,3,3,1,4,19,10,3,22,63,17,2,18,8,53,5
"COG0156",140,137,172,244,120,216,196,250,183,79,58,119,215,158,78,278,142,206,169,226,171,184,48,71,40,94,211,176,170,165
"COG0157",63,46,77,70,63,73,68,64,82,66,65,48,78,51,77,91,61,83,54,83,78,67,51,45,75,64,66,73,57,79
"COG0158",5,0,5,4,3,1,1,1,4,4,1,3,7,2,0,1,2,3,11,4,5,1,4,41,0,1,7,1,22,3
"COG0159",49,48,38,62,60,61,59,62,47,74,32,37,56,43,68,63,75,64,36,47,36,43,56,43,117,39,55,71,49,65
"COG0160",14,12,19,6,22,9,16,11,49,3,39,9,27,8,39,39,15,8,2,15,9,4,39,39,102,20,13,17,26,13
"COG0161",81,53,72,102,50,83,84,74,89,23,37,47,80,47,29,77,65,61,76,62,67,119,32,41,55,39,48,88,48,54
"COG0162",29,35,40,22,47,37,34,27,41,42,28,38,28,42,53,99,110,123,104,110,103,124,128,61,113,130,116,123,79,128
"COG0163",10,3,6,3,2,6,4,6,9,3,9,11,8,4,13,14,19,4,11,17,14,6,10,35,32,3,12,17,23,7
"COG0164",51,43,54,50,55,66,49,46,61,62,64,55,71,55,61,14,24,20,19,15,18,19,20,18,24,25,11,17,15,26
"COG0165",95,124,118,83,101,110,123,115,139,103,126,112,98,76,90,100,157,163,98,90,101,126,93,79,153,103,106,121,88,133
"COG0166",129,116,114,115,146,145,129,108,185,118,140,153,123,137,166,147,128,107,125,147,128,117,140,93,190,139,127,156,103,141
"COG0167",151,126,175,124,104,165,124,119,121,115,116,102,143,123,114,118,133,103,123,144,104,116,126,84,191,105,124,180,184,109
"COG0168",266,272,239,225,316,227,260,264,279,263,297,298,277,225,238,266,296,240,261,240,189,207,274,151,228,293,230,265,168,306
"COG0169",99,58,72,74,90,68,60,58,79,106,82,104,82,55,90,76,78,92,65,81,107,68,100,113,115,101,80,92,100,94
"COG0170",1,0,0,0,1,0,0,0,0,0,0,0,0,0,1,0,0,0,0,0,0,0,0,0,0,0,1,0,0,0
"COG0171",136,139,120,104,162,127,121,97,109,103,161,125,121,163,130,125,112,156,130,158,174,138,113,68,147,144,113,164,86,179
"COG0172",111,100,107,66,140,111,92,110,122,86,159,134,90,144,142,114,142,123,99,112,136,104,174,58,177,156,116,129,96,117
"COG0173",135,105,116,116,170,136,160,129,168,147,193,119,170,260,222,178,174,154,119,130,181,138,136,67,186,255,124,166,124,159
"COG0174",87,71,78,62,80,61,58,76,80,97,91,90,105,75,79,77,95,36,63,105,55,93,174,98,155,80,90,82,113,61
"COG0175",99,46,63,64,78,78,85,150,67,77,66,85,112,66,63,69,101,55,84,81,58,64,21,80,17,90,76,104,87,64
"COG0176",37,51,76,55,52,42,71,51,75,75,56,51,78,50,33,41,65,28,54,67,45,55,89,154,106,39,76,42,115,38
"COG0177",60,59,48,70,84,72,63,49,57,68,74,56,48,86,80,83,62,58,49,74,63,65,76,45,70,53,56,61,51,81
"COG0178",337,304,298,321,358,329,330,286,367,255,305,328,344,400,353,315,302,458,337,347,411,357,299,124,356,405,306,390,253,447
"COG0179",36,31,54,19,33,43,37,44,58,23,43,59,45,26,27,35,49,71,61,40,53,62,43,37,68,34,43,55,41,63
"COG0180",106,97,101,90,104,81,109,109,95,116,138,112,94,136,110,114,115,126,90,115,91,80,129,45,113,130,99,121,77,107
"COG0181",5,1,6,6,4,6,3,5,8,11,11,5,10,2,8,21,7,7,10,15,30,9,22,44,32,9,24,24,32,15
"COG0182",12,6,13,20,18,26,18,5,13,5,14,18,15,17,14,1,3,4,7,7,4,1,0,4,0,14,3,6,2,3
"COG0183",19,35,33,23,62,37,24,3,49,46,47,48,32,22,77,41,28,8,21,58,39,23,75,199,34,72,62,32,123,25
"COG0184",26,30,31,36,42,26,42,33,25,52,30,27,31,60,24,24,33,31,23,49,19,32,33,17,40,33,37,31,28,20
"COG0185",24,29,40,28,58,32,26,42,42,48,34,33,33,39,37,26,41,30,37,47,26,20,39,29,41,56,21,18,31,31
"COG0186",30,23,28,18,33,32,23,24,28,39,34,30,28,53,42,32,40,42,26,49,29,18,39,30,42,36,18,24,27,42
"COG0187",330,349,297,311,402,365,270,268,325,307,334,343,320,376,383,343,340,315,266,305,349,298,404,229,321,351,302,372,272,319
"COG0188",351,333,335,275,512,429,361,355,404,343,404,404,358,510,412,386,347,404,314,357,446,284,455,216,416,462,314,465,341,456
"COG0189",20,34,14,18,20,15,15,5,0,5,16,9,6,11,17,8,6,1,4,24,4,15,6,53,1,21,17,8,37,12
"COG0190",76,63,73,82,96,98,81,82,104,90,61,65,76,78,107,82,85,105,79,78,104,108,68,68,87,120,86,81,73,99
"COG0191",87,100,91,94,121,93,99,105,106,110,132,130,88,140,112,102,172,151,121,126,157,99,196,244,392,151,125,106,151,123
"COG0192",110,98,124,147,148,145,177,111,142,130,125,147,124,101,116,126,112,157,116,126,147,130,130,77,106,169,133,148,89,154
"COG0193",57,58,43,63,73,60,48,56,50,61,64,59,45,84,65,78,56,65,48,51,63,43,76,40,87,58,59,49,46,55
"COG0194",62,61,68,62,90,76,72,72,74,104,108,94,99,88,83,91,106,81,64,72,77,55,124,52,69,106,69,80,62,102
"COG0195",111,94,75,85,118,121,122,139,117,109,98,135,96,115,101,117,107,151,111,138,106,105,96,101,93,135,94,140,94,114
"COG0196",86,68,48,47,100,82,65,50,66,71,75,55,55,42,96,64,65,96,73,75,97,66,94,64,110,63,75,98,65,76
"COG0197",49,44,43,38,47,62,48,57,57,65,72,57,49,76,64,55,64,77,44,52,38,37,54,32,67,60,46,40,45,72
"COG0198",32,36,32,27,46,21,34,20,35,60,46,26,35,62,56,32,38,59,39,47,27,32,50,25,50,50,32,37,39,38
"COG0199",24,22,40,16,17,33,24,15,18,19,17,20,15,39,21,18,15,55,38,27,15,23,18,30,8,16,15,24,31,29
"COG0200",17,19,11,23,17,16,11,22,20,20,23,8,10,30,24,45,58,63,39,67,54,50,63,33,69,60,34,46,36,65
"COG0201",135,117,115,88,142,128,85,114,113,201,167,143,136,197,161,128,145,173,109,150,133,78,132,81,122,133,96,117,136,145
"COG0202",95,54,69,58,110,104,86,102,99,119,113,92,69,132,92,72,89,103,117,132,101,57,100,42,107,138,70,110,81,94
"COG0203",51,38,33,25,45,46,43,41,65,65,59,34,45,63,59,59,39,47,53,46,51,35,40,25,49,58,25,45,31,50
"COG0204",136,137,209,258,124,123,184,195,158,202,149,151,137,187,146,163,171,159,112,135,148,225,131,189,154,134,228,138,186,128
"COG0205",292,308,254,389,382,295,333,421,386,305,324,339,345,239,310,312,345,323,260,231,275,301,254,139,271,323,302,309,155,309
"COG0206",89,96,119,123,140,125,105,126,117,105,131,124,100,174,129,111,134,111,131,93,141,91,112,74,172,140,81,133,98,110
"COG0207",67,45,81,69,91,85,136,97,87,82,57,44,45,50,59,98,48,61,91,63,75,88,54,49,59,81,95,84,66,77
"COG0208",34,20,37,53,21,25,25,75,28,11,34,38,31,27,24,28,47,12,14,26,36,34,66,58,46,21,45,20,80,24
"COG0209",138,93,163,212,134,151,184,146,174,57,72,118,140,84,111,126,118,113,187,141,212,199,87,157,64,92,143,164,225,93
"COG0210",285,349,299,250,361,346,332,465,306,344,424,467,341,408,354,372,282,303,1387,410,393,203,493,344,643,388,345,348,486,386
"COG0211",22,10,27,13,27,16,14,26,16,25,32,21,31,32,24,20,24,36,25,34,22,18,27,25,36,42,9,19,30,23
"COG0212",53,44,47,64,55,52,47,57,47,57,55,48,49,32,57,58,52,66,42,62,60,42,73,34,64,56,50,51,60,79
"COG0213",10,10,9,2,16,6,4,4,6,7,11,21,9,29,17,48,28,10,13,21,21,16,21,68,67,70,27,23,31,22
"COG0214",14,20,3,8,25,13,20,14,18,33,21,18,19,19,43,9,15,17,3,3,8,4,13,2,42,7,7,5,4,13
"COG0215",120,131,129,117,166,130,103,110,161,143,151,153,149,187,123,97,121,139,116,113,138,112,158,61,164,188,141,161,98,152
"COG0216",91,64,62,76,83,90,82,45,89,55,109,87,74,122,113,85,96,95,94,83,110,91,96,62,125,127,76,101,86,106
"COG0217",70,51,75,52,104,75,64,56,78,58,83,96,78,104,80,22,27,29,20,34,27,23,15,12,24,25,13,24,14,31
"COG0218",55,36,54,19,40,39,29,47,31,37,61,57,46,97,44,48,50,46,48,56,39,29,56,30,43,74,42,49,40,56
"COG0219",33,20,19,5,29,23,21,15,28,59,48,39,24,52,54,34,32,21,12,23,25,14,66,24,75,48,34,17,41,37
"COG0220",72,59,60,67,63,63,70,78,81,62,75,70,74,96,61,56,76,69,64,81,64,64,84,56,88,67,77,55,64,82
"COG0221",16,6,10,1,35,14,15,10,15,10,14,7,14,34,27,19,29,4,18,22,3,7,22,24,26,40,5,15,36,16
"COG0222",31,25,27,23,39,36,25,25,22,41,40,37,39,40,45,43,34,22,32,40,30,19,58,24,30,45,25,31,36,30
"COG0223",90,94,70,74,104,90,91,96,79,90,107,93,92,118,87,85,83,100,90,89,85,88,92,131,135,104,71,85,91,98
"COG0224",98,94,80,88,103,87,83,85,107,110,111,127,90,73,137,89,135,102,87,74,85,88,118,75,153,88,114,91,73,110
"COG0225",31,42,49,38,19,32,51,63,35,22,20,30,45,22,9,24,26,25,38,28,35,30,18,52,16,15,42,32,49,67
"COG0226",105,111,102,151,102,127,125,121,122,95,98,118,125,67,101,120,113,101,92,105,108,130,123,89,116,95,117,108,98,93
"COG0227",8,3,1,1,4,6,7,10,3,4,5,4,3,12,3,20,12,31,31,28,12,13,18,14,16,16,13,10,18,26
"COG0228",31,17,21,20,28,35,23,20,34,16,28,17,30,51,39,38,25,28,43,35,33,25,50,22,35,45,27,35,25,32
"COG0229",32,28,35,21,13,27,24,16,35,6,6,14,36,12,9,13,18,12,39,20,28,12,7,31,7,24,16,32,47,19
"COG0230",13,10,11,18,8,12,12,23,11,10,7,11,10,12,5,12,11,12,18,9,9,12,5,7,5,12,14,5,5,14
"COG0231",21,16,25,18,23,13,28,22,26,20,22,10,21,29,31,64,68,77,71,91,56,54,84,84,54,63,52,82,77,82
"COG0232",84,80,79,96,126,96,89,91,96,113,100,109,98,122,121,113,91,120,79,86,114,44,75,94,18,111,97,89,84,84
"COG0233",67,65,71,61,88,68,66,73,69,61,78,48,50,84,73,70,63,79,56,60,48,49,46,36,57,78,58,49,49,58
"COG0234",32,35,35,19,32,29,35,29,31,35,38,26,31,32,35,27,28,33,28,46,20,27,39,31,24,35,39,28,40,34
"COG0235",114,112,100,143,113,115,103,163,128,93,82,92,112,98,71,95,125,88,93,104,106,101,118,242,187,98,153,126,108,152
"COG0236",48,32,57,35,38,35,39,54,42,79,64,64,38,59,56,44,56,38,39,71,48,35,55,13,24,33,46,36,26,39
"COG0237",61,42,60,40,62,42,54,41,52,49,55,60,47,89,63,62,66,43,55,61,49,51,57,20,72,39,30,65,38,61
"COG0238",22,18,19,8,30,27,24,5,16,34,27,18,14,41,33,33,14,31,27,31,23,15,25,8,41,30,15,17,25,25
"COG0239",24,17,28,27,14,31,20,48,22,27,7,13,27,22,17,22,19,14,18,31,15,23,24,54,38,4,23,15,39,22
"COG0240",85,65,79,85,100,109,93,100,98,72,114,104,101,124,90,93,83,91,83,81,63,95,86,74,133,110,87,113,98,106
"COG0241",85,83,75,68,42,82,54,65,38,51,30,83,78,40,49,58,42,88,70,65,70,90,8,62,13,43,50,68,79,65
"COG0242",28,19,25,21,34,20,15,20,34,32,23,20,30,33,29,72,73,64,49,81,69,59,125,26,101,82,42,86,61,66
"COG0243",61,12,118,95,7,41,48,43,92,26,28,41,109,49,28,33,27,45,14,93,145,54,67,738,33,18,113,51,567,14
"COG0244",40,32,43,30,48,52,38,72,38,26,57,48,40,86,46,14,22,15,15,25,9,9,20,13,25,19,12,10,16,12
"COG0245",49,58,49,64,52,50,51,65,52,61,49,84,51,58,52,59,55,49,52,65,48,45,49,35,52,50,44,51,52,61
"COG0246",88,154,126,77,138,128,110,76,132,160,136,177,112,83,121,109,160,264,70,141,98,147,166,244,335,142,126,132,206,194
"COG0247",117,64,98,96,69,90,104,59,123,44,57,61,117,72,80,70,43,83,135,110,101,75,16,108,103,55,75,122,161,70
"COG0248",46,57,66,66,74,90,54,89,47,41,57,59,57,55,58,73,58,80,47,80,86,74,93,128,197,58,62,57,94,67
"COG0249",291,258,232,315,304,285,246,227,260,270,270,261,279,391,321,312,248,298,240,244,282,263,193,85,137,326,273,298,168,254
"COG0250",55,52,63,71,84,57,59,81,62,88,56,69,70,87,100,67,73,82,73,113,61,50,83,64,96,79,57,65,80,85
"COG0251",100,87,115,95,93,89,108,80,68,97,78,77,97,70,93,104,73,83,92,136,80,114,44,108,41,71,79,85,106,116
"COG0252",129,103,135,148,100,110,136,154,164,70,90,153,136,99,102,137,156,120,135,126,147,164,98,120,131,91,124,169,93,115
"COG0253",81,73,73,72,71,89,74,85,67,84,83,66,76,108,84,29,25,27,17,25,28,22,18,32,33,34,26,27,24,27
"COG0254",18,15,28,12,29,21,19,23,25,14,26,8,22,41,17,22,23,22,25,30,17,15,32,19,15,16,17,19,43,15
"COG0255",10,10,14,8,15,9,5,5,24,13,25,17,9,30,21,19,14,2,14,11,9,4,22,22,27,28,21,8,16,20
"COG0256",33,29,44,28,49,34,41,43,63,63,42,42,49,75,51,57,38,58,44,63,45,33,52,28,65,49,47,40,41,59
"COG0257",0,2,0,0,5,4,2,5,9,17,8,2,5,2,4,2,6,0,1,2,2,4,10,5,8,6,6,1,5,4
"COG0258",183,169,150,196,214,196,157,130,202,171,242,204,179,253,212,208,153,210,192,191,211,164,245,141,166,223,168,202,165,221
"COG0259",22,19,30,16,4,27,27,20,16,7,9,7,19,4,17,24,14,2,13,4,5,38,0,15,2,7,21,14,20,18
"COG0260",15,5,19,17,8,10,7,6,6,3,3,13,16,6,5,3,3,1,13,34,11,19,6,76,3,3,15,28,40,3
"COG0261",40,23,42,25,50,30,28,43,26,40,30,38,31,60,48,37,25,43,45,62,39,19,38,25,36,44,25,35,39,53
"COG0262",54,60,85,53,50,50,45,72,73,108,55,42,68,42,60,55,50,60,77,71,39,43,61,125,47,52,73,55,92,44
"COG0263",71,83,69,100,102,97,79,72,88,66,79,84,71,54,74,101,105,69,51,70,69,85,72,39,119,103,74,94,57,56
"COG0264",92,77,92,97,138,89,84,95,103,102,100,98,86,128,120,98,94,99,91,115,103,106,93,57,70,120,74,100,86,102
"COG0265",154,109,131,101,191,183,169,106,208,165,211,155,201,199,189,49,46,33,51,45,45,45,61,68,55,74,59,58,76,64
"COG0266",24,30,32,9,8,13,17,19,3,4,7,19,20,42,16,8,13,12,31,16,7,15,19,57,44,5,16,20,51,5
"COG0267",17,8,15,13,11,12,13,13,10,16,13,8,11,10,9,3,7,4,3,4,1,1,5,4,5,1,2,2,6,3
"COG0268",14,9,12,4,12,5,7,11,13,29,22,16,10,29,16,17,19,6,6,18,11,4,20,16,29,16,15,11,24,16
"COG0269",0,2,5,2,2,0,1,1,0,0,1,2,5,3,0,0,0,0,1,0,0,3,6,31,5,9,18,2,26,0
"COG0270",222,157,205,135,238,187,253,141,180,293,275,150,139,199,151,239,117,303,250,606,116,145,217,101,114,240,202,180,196,169
"COG0271",0,0,3,2,0,0,1,0,0,1,0,0,0,0,0,0,0,1,0,2,0,0,3,14,0,0,1,0,11,1
"COG0272",160,152,128,106,198,187,159,129,150,143,188,162,151,239,220,184,155,179,1521,155,161,152,199,144,188,191,179,217,178,158
"COG0274",56,90,78,61,72,76,62,56,57,68,80,79,54,63,39,68,71,117,86,61,80,58,79,58,109,71,87,88,64,78
"COG0275",97,87,89,101,82,100,93,109,107,137,157,101,80,138,99,91,112,92,80,100,95,107,148,53,94,130,102,108,92,116
"COG0276",2,0,3,1,0,2,0,3,1,1,7,1,6,0,1,3,0,2,0,3,11,0,7,27,0,0,6,1,9,0
"COG0277",95,38,74,80,37,54,48,42,83,17,50,59,131,66,66,58,32,34,77,155,67,41,52,162,104,22,69,116,196,48
"COG0278",0,0,1,1,0,0,0,0,0,0,1,0,2,0,0,0,0,0,0,2,0,0,0,6,0,0,3,0,5,0
"COG0279",26,20,25,25,8,14,13,11,7,14,23,39,20,8,14,2,12,8,16,28,39,17,4,62,10,9,11,34,37,17
"COG0280",200,205,229,320,187,264,250,303,230,161,148,187,243,250,187,261,206,279,198,219,259,288,126,161,73,193,200,221,175,215
"COG0281",146,118,134,182,137,145,160,170,170,138,107,185,148,156,133,142,119,147,94,105,162,166,79,103,33,133,132,144,114,128
"COG0282",90,90,105,59,134,102,87,60,100,116,115,114,81,203,136,100,76,133,117,96,110,82,166,79,76,147,98,139,83,144
"COG0283",56,55,55,50,80,62,46,31,45,48,72,64,64,90,83,59,55,62,53,63,70,47,76,27,87,75,58,75,72,77
"COG0284",82,71,66,79,90,86,82,75,107,79,78,100,72,93,92,79,86,85,82,84,92,81,96,43,102,76,72,113,71,75
"COG0285",115,90,80,78,109,88,95,85,92,116,140,113,134,81,119,125,103,138,97,125,126,84,185,76,163,113,128,115,96,110
"COG0286",75,70,65,36,98,109,50,54,117,90,98,93,86,50,113,259,327,375,203,337,289,203,212,104,252,219,152,212,205,433
"COG0287",70,68,36,31,64,53,41,40,48,59,67,86,62,27,66,62,57,13,40,50,35,59,54,45,131,45,57,46,48,53
"COG0288",25,40,32,26,15,18,21,17,18,19,18,10,29,11,12,6,2,16,8,11,6,13,11,17,20,5,3,7,14,8
"COG0289",69,72,62,73,82,68,84,110,81,79,99,82,98,61,101,89,100,90,80,77,81,84,66,30,86,73,85,75,60,87
"COG0290",66,29,40,37,61,62,65,57,51,51,72,51,59,80,81,27,16,22,17,40,18,9,18,7,31,38,15,16,13,24
"COG0291",23,15,24,21,15,25,14,20,7,18,22,14,34,21,18,24,21,14,24,25,14,11,18,15,13,34,19,18,9,15
"COG0292",37,30,46,12,43,39,33,41,36,39,52,30,34,45,45,31,41,44,36,47,27,22,44,25,50,52,24,30,34,48
"COG0293",6,0,1,2,1,1,2,0,3,4,1,0,3,3,2,0,0,0,0,1,2,0,0,6,0,1,2,0,4,0
"COG0294",38,57,58,57,41,58,41,70,67,46,37,32,58,35,45,57,57,75,74,74,75,56,30,42,51,33,57,54,99,56
"COG0295",39,35,42,31,43,32,32,38,35,40,51,56,45,61,59,41,38,46,48,53,43,39,38,27,21,57,38,41,36,45
"COG0296",224,264,169,226,268,160,212,209,196,217,198,228,229,167,271,229,258,255,224,208,174,171,248,109,295,259,200,187,129,181
"COG0297",111,110,85,79,152,128,109,94,121,157,157,121,95,77,130,119,136,105,100,120,89,80,90,70,127,130,93,105,70,116
"COG0298",2,0,4,2,0,2,1,11,5,1,2,4,6,2,1,0,2,3,2,3,2,0,0,9,7,1,1,1,6,4
"COG0299",50,71,48,68,56,56,64,73,50,43,41,59,66,52,56,65,61,45,62,46,43,37,50,33,41,68,55,57,41,31
"COG0300",62,57,67,85,66,48,65,61,42,72,72,68,54,85,84,67,65,51,63,71,60,56,61,21,49,79,53,65,36,69
"COG0301",44,45,20,14,70,32,32,18,47,72,73,75,44,75,70,45,78,8,13,33,25,25,82,66,32,75,46,26,50,47
"COG0302",57,40,57,57,35,100,59,45,41,47,47,26,46,38,54,44,37,75,775,63,49,68,34,25,36,36,47,43,39,46
"COG0303",37,28,35,27,36,19,28,27,51,38,60,79,42,26,26,16,29,21,12,42,44,36,55,65,107,29,51,18,28,31
"COG0304",166,143,161,255,173,166,181,218,164,137,211,150,157,174,185,171,179,169,109,131,189,200,235,86,319,131,183,212,159,185
"COG0305",157,163,149,213,154,247,182,141,219,133,168,195,223,221,149,140,133,181,147,165,211,180,228,108,252,193,166,283,176,172
"COG0306",33,15,28,60,11,15,30,66,16,15,22,20,21,50,5,32,44,22,14,51,35,55,16,117,101,22,27,29,62,16
"COG0307",17,19,19,14,11,12,22,18,13,20,19,15,11,11,18,48,58,74,41,66,35,59,35,32,43,26,36,48,35,62
"COG0308",10,32,57,46,19,4,19,20,36,17,21,13,33,10,6,12,22,32,50,31,48,29,147,61,81,4,70,35,73,4
"COG0309",27,19,15,6,32,28,18,20,41,33,43,19,36,18,35,23,51,18,13,34,36,11,56,37,88,17,31,26,27,22
"COG0310",8,3,7,5,17,7,9,16,8,3,22,21,10,6,10,4,15,2,11,9,2,7,20,3,37,4,15,6,11,9
"COG0311",10,10,6,4,21,3,14,16,11,26,15,8,18,5,29,12,18,18,19,24,19,1,30,8,72,21,16,31,9,17
"COG0312",97,59,69,20,41,68,79,41,63,25,57,49,86,40,33,54,29,15,78,35,82,61,42,54,0,23,26,72,68,45
"COG0313",92,88,95,117,98,101,103,113,87,92,105,93,134,120,104,98,109,128,133,94,125,94,112,68,106,98,113,115,91,120
"COG0314",1,0,4,1,0,0,2,0,3,0,0,3,3,1,0,0,0,1,0,0,3,4,0,17,0,1,4,0,7,1
"COG0315",5,8,8,8,21,8,11,9,20,21,27,38,12,8,16,5,12,19,4,12,19,14,43,29,55,13,19,8,17,16
"COG0316",4,1,5,3,0,0,2,3,3,1,3,2,10,0,0,2,0,1,0,9,4,2,5,69,2,0,9,4,42,0
"COG0317",250,279,245,235,294,263,268,232,267,247,241,236,267,285,273,243,219,329,246,273,307,264,223,155,287,281,224,320,203,286
"COG0318",163,176,200,206,202,221,225,234,169,141,178,188,196,322,238,189,161,146,114,168,176,253,82,243,39,148,162,201,225,192
"COG0319",51,50,51,41,68,42,42,45,48,64,70,58,57,73,66,70,52,58,48,56,57,36,68,35,53,48,38,56,36,67
"COG0320",36,33,33,59,16,42,46,77,49,20,27,26,32,36,13,55,27,50,52,43,24,50,8,32,2,29,44,36,45,40
"COG0321",29,22,47,43,20,32,41,35,27,25,14,19,30,28,8,26,34,32,53,25,25,37,5,35,4,18,20,26,46,22
"COG0322",171,147,144,104,160,164,153,110,169,150,161,142,150,211,214,155,158,189,155,158,148,140,191,79,155,196,141,158,134,167
"COG0323",136,131,127,118,134,122,176,158,133,115,167,118,129,224,165,119,134,116,135,138,176,113,112,91,87,151,128,133,78,104
"COG0324",130,124,134,101,110,137,146,134,121,130,93,102,138,142,116,40,24,48,50,32,49,48,29,15,31,34,44,38,40,59
"COG0325",70,50,56,59,86,63,75,59,58,66,95,70,87,46,72,58,69,59,67,71,58,60,56,38,62,66,60,74,54,72
"COG0326",143,173,174,183,187,185,204,178,187,231,189,187,155,238,197,184,188,216,154,195,171,174,134,112,98,188,182,175,120,161
"COG0327",64,46,64,45,53,54,46,54,54,43,42,60,64,55,46,42,36,75,52,72,64,27,65,25,96,51,57,78,54,56
"COG0328",18,4,16,7,18,22,3,6,25,27,30,29,20,33,20,16,26,11,517,33,16,12,23,39,31,23,6,13,31,17
"COG0329",149,158,184,166,143,175,142,184,126,178,153,194,114,152,152,201,176,139,156,141,174,168,131,202,199,153,153,150,153,193
"COG0330",98,82,92,86,147,80,96,56,86,79,136,142,94,154,226,92,103,76,68,109,130,55,130,181,81,168,106,98,166,111
"COG0331",54,73,65,73,88,74,70,89,94,83,112,74,96,80,97,87,85,79,61,121,92,103,209,75,281,67,92,103,123,98
"COG0332",172,130,181,145,100,118,240,114,144,116,100,100,173,155,142,135,141,163,137,147,128,156,74,51,81,92,111,106,90,104
"COG0333",12,8,15,9,8,13,13,10,11,11,12,8,10,28,10,15,11,15,15,17,7,7,10,7,4,15,7,9,5,15
"COG0334",185,145,178,221,195,197,210,195,167,146,157,168,198,135,175,70,62,60,40,69,70,63,37,31,40,55,51,60,52,45
"COG0335",42,31,29,22,41,37,45,40,32,58,42,34,38,62,48,50,33,49,44,45,44,28,29,11,26,40,28,34,18,43
"COG0336",69,69,44,33,67,78,42,66,87,78,78,77,84,85,79,68,67,70,56,78,50,38,81,42,83,91,64,68,56,75
"COG0337",74,69,73,68,100,80,71,73,82,74,87,77,93,66,80,85,84,101,70,97,93,53,95,71,106,88,71,104,111,111
"COG0338",43,52,40,63,50,71,38,168,79,17,64,100,40,51,61,14,83,76,50,88,25,59,25,92,42,57,45,49,128,54
"COG0339",49,71,74,78,48,72,64,90,68,25,29,44,62,57,27,193,128,307,260,199,167,219,14,108,13,91,152,237,185,226
"COG0340",72,81,72,62,83,69,69,75,109,87,99,115,83,90,110,24,37,25,22,33,28,15,43,13,36,32,28,32,19,32
"COG0341",59,83,70,51,77,50,47,29,48,96,90,126,48,111,69,12,20,8,15,22,14,26,26,27,32,29,17,10,21,22
"COG0342",140,168,157,130,188,177,167,109,163,148,169,132,141,177,183,148,174,192,173,134,190,195,110,99,97,146,131,184,122,212
"COG0343",93,72,100,83,108,100,84,71,109,89,93,85,93,160,101,101,103,83,86,105,102,114,97,38,114,114,85,108,76,125
"COG0344",30,26,23,13,50,29,23,17,39,58,62,55,22,53,55,36,26,9,26,41,20,24,65,32,44,54,21,27,46,41
"COG0345",81,78,83,91,68,96,72,98,73,60,79,75,72,65,79,65,92,78,60,63,67,78,68,70,72,64,78,83,68,77
"COG0346",103,92,145,122,61,84,105,149,96,143,85,83,101,132,79,98,85,79,107,140,101,102,72,102,85,80,104,99,80,76
"COG0347",59,59,46,46,117,81,67,46,120,61,99,106,64,45,93,73,110,61,36,58,25,39,118,31,83,113,57,54,27,87
"COG0348",129,137,100,64,111,124,88,64,77,59,100,79,98,60,110,97,65,100,123,95,60,100,92,79,25,89,74,107,99,73
"COG0349",3,0,4,1,0,0,0,1,1,0,1,0,4,0,0,0,0,1,0,10,2,0,16,32,23,0,6,3,46,3
"COG0350",65,33,70,67,46,53,52,48,54,55,52,77,58,65,56,85,65,47,39,65,53,51,67,71,42,46,52,44,61,62
"COG0351",84,65,71,64,95,86,69,77,66,87,88,70,62,47,95,91,99,181,75,96,86,93,85,27,119,65,82,96,39,109
"COG0352",58,69,41,47,91,68,54,44,73,114,71,64,83,50,98,85,83,69,48,89,71,53,100,23,153,47,75,57,54,77
"COG0353",53,55,58,61,72,64,53,49,51,65,75,79,55,86,74,75,76,83,55,65,66,73,100,26,93,80,76,66,52,77
"COG0354",2,1,3,1,0,1,1,3,1,0,3,0,6,1,1,0,2,0,0,5,5,1,3,25,0,0,3,1,21,1
"COG0355",25,33,32,19,25,34,36,24,38,29,33,43,28,21,40,8,14,13,9,7,16,10,9,7,17,10,10,7,10,11
"COG0356",82,80,86,81,113,93,92,109,84,101,103,124,93,58,105,100,121,107,77,77,71,88,114,70,128,88,87,85,72,114
"COG0357",62,59,62,47,67,52,54,40,49,77,91,83,55,78,83,54,53,61,48,66,62,55,106,51,102,64,59,64,84,56
"COG0358",237,225,152,229,306,321,181,226,260,208,274,424,200,283,296,423,189,256,228,290,198,215,290,183,233,305,211,207,145,282
"COG0359",39,48,46,51,48,47,25,51,41,58,46,50,50,62,67,47,54,46,62,61,45,49,68,38,73,51,37,55,35,54
"COG0360",36,19,35,28,42,40,23,39,27,47,48,29,35,51,39,60,33,46,31,46,39,37,47,34,59,51,36,30,50,48
"COG0361",16,31,32,13,34,16,17,42,25,44,37,27,27,41,33,35,43,35,28,37,25,22,49,16,27,34,20,29,30,35
"COG0362",50,58,46,81,25,53,63,92,44,12,19,35,42,46,13,44,51,28,49,51,45,59,54,37,118,8,26,55,64,29
"COG0363",168,188,188,194,111,190,216,179,210,135,106,149,186,131,116,152,138,259,210,153,201,242,115,128,124,164,145,253,146,258
"COG0364",54,46,59,78,26,72,81,72,50,16,19,40,67,35,27,60,56,38,68,48,28,81,49,59,83,11,50,52,53,26
"COG0365",83,72,102,96,73,92,93,77,83,39,45,45,114,36,49,73,96,94,63,78,73,93,13,103,9,58,87,106,90,87
"COG0366",357,410,360,232,729,448,456,372,642,769,691,417,451,283,501,338,543,564,528,440,414,343,1042,519,976,702,488,523,575,792
"COG0367",42,43,54,28,44,54,34,18,49,36,65,54,45,95,43,143,128,102,119,79,92,129,143,81,69,171,118,158,66,126
"COG0368",32,34,32,26,39,25,30,35,22,41,35,35,36,18,38,27,50,19,31,26,32,32,33,24,44,39,31,22,20,20
"COG0369",1,0,0,0,0,4,0,1,0,0,1,0,0,0,0,0,1,0,0,4,0,0,1,36,0,0,2,1,42,5
"COG0370",192,215,193,153,347,256,213,183,340,262,297,376,266,204,312,241,238,189,227,282,246,167,212,195,226,413,203,306,197,279
"COG0371",33,31,35,29,48,24,52,21,44,38,61,43,40,43,62,28,51,25,25,74,54,40,84,96,165,51,63,46,51,31
"COG0372",121,116,121,129,167,118,128,143,120,134,153,117,157,89,179,159,141,139,91,112,91,126,152,95,161,154,151,118,115,134
"COG0373",13,6,22,6,16,8,16,15,29,9,40,21,40,12,27,22,14,15,15,27,22,8,25,45,82,14,25,27,32,16
"COG0374",9,4,21,14,2,30,13,19,10,1,15,6,18,7,6,12,46,21,25,16,38,9,3,97,161,2,11,21,71,22
"COG0375",8,4,12,6,8,12,5,9,12,8,4,7,5,8,9,6,17,3,8,12,11,6,11,31,29,15,15,10,30,11
"COG0376",1,2,3,3,0,0,1,0,0,1,0,0,8,0,0,0,0,0,0,4,0,3,5,52,0,0,12,2,28,0
"COG0377",18,28,22,24,19,23,16,15,27,17,11,7,25,16,14,21,7,50,33,21,26,19,1,16,2,14,22,40,30,33
"COG0378",15,20,23,14,34,27,18,25,20,15,21,13,27,14,22,15,50,20,17,30,27,16,47,23,92,16,20,12,47,35
"COG0379",73,72,81,57,69,64,83,61,84,95,67,34,79,49,95,68,59,72,73,82,98,67,51,54,76,69,81,68,57,66
"COG0380",23,18,43,51,9,50,34,64,13,24,14,15,36,30,15,28,19,28,25,30,24,68,2,27,2,9,33,16,20,14
"COG0381",119,139,181,116,86,102,160,105,103,133,98,105,130,169,102,90,116,115,138,145,111,209,61,80,31,100,78,145,101,102
"COG0382",3,2,6,9,16,4,4,8,3,6,5,4,5,5,12,4,16,39,35,19,32,5,2,30,52,6,4,18,25,33
"COG0383",144,140,198,107,81,191,203,72,66,88,109,77,131,99,122,89,93,78,147,115,70,148,132,127,16,184,87,174,173,100
"COG0384",5,2,9,9,1,6,9,5,3,4,1,10,2,5,1,3,0,1,6,20,6,2,6,33,1,1,2,7,35,9
"COG0385",43,24,38,15,25,42,28,34,52,68,32,49,26,38,35,25,44,66,28,63,40,33,75,41,115,28,59,45,50,69
"COG0386",14,15,17,36,6,8,22,22,9,7,4,8,16,18,9,17,22,8,10,27,25,26,8,12,6,2,25,13,15,3
"COG0387",2,0,3,3,0,0,4,0,1,2,0,1,2,1,0,1,0,0,0,6,0,0,3,40,0,0,3,0,27,0
"COG0388",266,295,222,262,252,325,293,246,280,304,263,244,260,227,246,253,246,350,271,289,279,247,156,125,187,207,223,308,189,303
"COG0389",139,138,125,92,203,124,124,76,181,191,204,197,178,256,187,179,110,151,126,181,147,91,239,165,161,237,155,150,228,123
"COG0390",40,23,32,20,7,26,27,21,13,9,11,12,31,11,8,28,12,16,13,9,31,25,32,18,31,8,23,23,38,10
"COG0391",10,4,9,8,7,8,4,9,7,7,16,7,15,74,22,17,19,4,2,27,19,10,23,17,55,18,3,14,19,7
"COG0392",22,32,11,7,31,22,16,11,24,52,55,17,25,33,18,24,27,4,23,26,23,22,118,49,135,26,42,21,50,24
"COG0393",39,17,22,37,22,21,27,45,20,18,10,41,25,14,34,44,38,20,25,25,12,49,22,12,1,15,44,24,25,31
"COG0394",71,73,93,102,67,74,75,118,101,109,90,63,79,95,80,87,90,94,55,84,88,65,142,63,136,65,78,63,72,97
"COG0395",230,263,239,161,574,306,272,133,426,684,600,469,228,259,379,262,253,64,426,305,215,137,843,522,576,675,386,205,410,250
"COG0396",71,55,41,45,57,90,75,45,60,68,79,34,58,93,59,61,54,84,60,76,83,56,48,23,98,79,36,80,41,82
"COG0397",1,0,5,5,0,0,1,0,0,0,0,0,9,0,1,0,0,0,0,3,0,0,6,38,0,0,4,1,35,0
"COG0398",8,1,13,7,16,16,12,16,21,17,16,17,13,66,15,8,11,7,11,43,10,3,17,51,51,18,26,18,29,8
"COG0399",245,283,248,179,241,256,311,165,168,154,141,203,202,219,233,179,242,105,251,152,190,292,62,148,128,178,179,201,106,177
"COG0400",5,0,3,2,4,0,1,2,3,0,1,3,2,2,0,0,0,0,0,2,1,0,10,25,38,0,5,0,23,1
"COG0401",0,0,0,0,0,0,0,1,0,0,0,0,0,0,0,0,0,0,0,3,0,0,0,2,0,0,0,0,5,0
"COG0402",97,35,96,117,66,82,70,43,39,78,71,73,87,70,47,36,75,50,105,139,119,35,144,304,197,118,125,100,209,67
"COG0403",97,88,109,125,67,67,132,99,90,37,38,60,108,39,36,32,22,31,32,34,52,46,5,27,27,21,33,35,45,17
"COG0404",52,44,72,81,56,58,60,80,48,26,39,38,47,47,30,63,45,55,77,67,58,65,8,52,75,48,46,67,57,59
"COG0405",1,1,5,9,1,1,6,1,2,1,4,3,4,3,1,5,4,8,4,23,15,6,5,52,4,5,8,7,17,9
"COG0406",99,90,63,38,84,50,59,61,108,119,166,144,87,84,135,77,119,87,71,104,87,60,276,64,286,86,105,73,104,81
"COG0407",18,27,47,53,6,19,23,44,14,10,23,23,25,31,6,1,15,6,12,4,6,11,1,12,0,2,4,7,10,4
"COG0408",0,0,2,2,0,0,0,0,0,0,0,1,4,0,0,1,0,0,0,1,0,0,0,20,0,0,1,0,11,0
"COG0409",5,2,14,9,4,19,9,22,28,5,26,12,11,8,2,3,17,13,9,25,26,3,14,38,96,8,7,14,34,16
"COG0410",41,35,21,11,35,47,24,25,43,35,26,82,20,25,43,25,23,11,24,40,27,15,55,51,78,70,28,33,30,57
"COG0411",44,34,27,22,43,37,29,8,41,32,43,96,28,32,33,22,14,11,26,39,38,23,60,76,118,68,26,35,38,54
"COG0412",0,1,2,4,0,0,2,1,0,1,1,2,4,0,0,0,0,1,0,2,1,2,1,60,0,0,7,3,29,0
"COG0413",40,40,63,31,51,65,65,44,47,40,12,28,38,29,35,48,50,79,42,42,69,76,15,26,54,42,29,58,35,63
"COG0414",55,41,57,45,51,71,57,56,58,67,34,41,50,52,55,75,51,86,63,66,69,63,29,53,64,57,62,55,43,61
"COG0415",2,0,1,1,0,0,0,1,1,3,0,2,2,0,0,0,0,0,10,4,0,1,0,38,0,0,1,1,20,0
"COG0416",66,28,37,13,48,33,33,27,47,49,81,73,52,43,79,61,48,19,22,53,42,22,80,59,69,85,45,49,65,43
"COG0417",1,0,0,5,0,0,0,0,1,1,0,1,5,0,0,0,0,1,1,3,0,0,1,25,0,1,1,0,21,0
"COG0418",0,0,2,3,0,2,0,0,0,0,2,0,2,0,0,0,0,1,0,1,3,1,3,26,0,0,4,2,35,2
"COG0419",145,189,140,171,120,162,157,173,116,125,190,205,160,180,149,174,184,206,123,143,233,200,180,97,183,156,183,205,111,225
"COG0420",90,92,76,137,97,90,95,95,104,96,134,142,94,86,178,136,106,92,40,89,90,106,114,103,98,139,137,86,48,108
"COG0421",17,19,27,9,40,25,27,21,47,44,47,48,22,20,27,15,37,11,8,38,9,24,47,40,35,54,26,20,24,34
"COG0422",91,82,89,133,84,120,80,98,96,156,76,117,94,70,92,122,98,129,81,96,118,116,104,69,139,83,90,115,80,120
"COG0423",102,122,107,110,165,140,121,107,141,120,139,130,119,145,142,147,140,176,95,109,120,116,102,28,85,141,97,134,71,138
"COG0424",59,46,61,57,74,65,57,55,69,56,54,71,69,69,61,53,60,65,48,58,62,56,80,55,71,61,52,60,59,76
"COG0425",66,79,100,131,42,89,81,151,75,54,36,56,109,44,50,72,78,47,81,50,120,102,12,21,10,32,80,90,25,34
"COG0426",128,123,120,118,144,140,103,132,134,121,133,206,110,88,124,113,126,137,133,153,130,145,111,112,96,132,99,99,71,116
"COG0427",122,94,84,123,127,143,80,95,110,100,70,111,102,84,75,81,80,188,119,153,97,122,33,65,93,100,83,161,75,143
"COG0428",56,31,36,10,67,27,31,13,38,53,86,76,47,68,73,51,47,45,30,65,32,16,52,51,21,80,35,39,50,52
"COG0429",1,0,7,6,0,0,3,1,1,0,0,0,2,4,2,0,2,4,1,1,9,7,3,17,0,2,2,3,14,1
"COG0430",0,0,2,1,0,0,0,0,0,0,0,0,2,0,0,0,0,0,0,2,0,3,0,16,0,0,2,2,13,0
"COG0431",0,0,9,2,0,0,0,1,0,2,6,2,3,1,2,1,0,0,8,3,4,2,35,50,5,2,1,1,29,29
"COG0432",17,18,24,41,16,25,19,43,24,9,19,13,15,14,9,24,16,34,22,30,18,20,12,31,53,13,19,20,30,23
"COG0433",62,85,27,5,32,36,26,70,126,11,78,5,50,225,54,59,41,15,64,40,14,21,86,36,7,33,38,22,69,34
"COG0434",4,0,2,4,4,4,3,2,1,2,8,11,4,6,2,0,1,0,8,1,9,0,16,35,4,3,4,7,14,2
"COG0435",2,1,1,3,3,5,1,1,5,3,15,3,4,3,5,2,4,3,0,6,4,5,19,31,0,1,2,2,19,0
"COG0436",421,437,452,491,438,481,509,516,497,434,406,428,539,389,417,470,463,529,417,462,440,496,446,191,659,416,474,553,337,500
"COG0437",20,19,47,36,15,15,11,10,39,6,17,21,28,19,12,9,22,23,4,23,43,21,36,189,7,3,20,32,161,22
"COG0438",1292,1555,1705,1647,1193,1248,1317,2140,1040,1175,1047,1072,1328,1423,1062,1393,1552,1298,1335,1148,1158,1492,700,676,586,939,1183,970,1052,1382
"COG0439",147,117,186,146,86,123,160,116,98,57,110,75,116,134,110,124,146,111,114,91,103,149,113,96,144,100,186,90,79,87
"COG0440",35,40,46,21,58,66,44,42,61,80,77,71,54,42,46,50,47,17,29,45,38,35,54,59,73,44,33,41,65,33
"COG0441",277,239,215,224,307,216,267,238,240,244,258,253,247,426,310,287,252,327,235,280,303,276,239,122,275,318,226,249,165,306
"COG0442",124,98,79,83,146,119,114,75,154,94,145,122,129,180,166,122,116,137,124,124,154,100,152,101,179,159,109,163,121,129
"COG0443",196,156,166,121,258,265,161,105,238,198,227,239,229,298,276,281,206,148,147,175,175,171,229,207,205,308,156,248,252,225
"COG0444",99,85,86,76,97,104,71,41,95,102,170,149,90,95,87,76,85,44,76,92,94,77,213,213,234,127,151,72,143,64
"COG0445",150,168,172,205,192,164,177,199,211,155,250,203,206,249,199,219,188,199,171,163,180,179,198,115,185,239,174,198,115,203
"COG0446",202,148,244,213,156,208,192,225,212,247,254,321,242,153,156,173,158,93,238,225,238,194,349,362,214,240,303,201,226,149
"COG0447",17,23,31,67,19,26,39,39,55,25,10,26,41,17,12,43,17,70,31,28,54,39,7,23,1,17,41,49,33,45
"COG0448",101,128,79,66,198,103,104,71,169,203,212,171,123,85,194,139,176,45,72,113,76,72,283,130,220,199,136,72,69,103
"COG0449",164,145,140,134,198,177,158,127,181,150,219,166,179,262,185,181,174,130,176,170,133,150,241,111,174,221,144,152,145,172
"COG0450",49,51,54,74,37,41,57,87,20,32,31,25,43,52,25,38,41,36,51,40,48,51,33,23,90,14,47,47,47,23
"COG0451",524,536,540,678,389,489,505,718,394,394,369,430,418,427,351,527,601,551,537,464,501,655,161,279,252,378,414,456,385,516
"COG0452",90,79,81,72,98,99,90,73,118,83,120,106,98,87,146,99,92,76,94,79,113,73,119,75,124,89,74,129,88,101
"COG0454",258,250,309,290,262,275,274,327,218,429,312,274,247,284,271,289,259,165,288,256,201,291,318,433,295,226,298,251,324,209
"COG0455",12,7,2,0,23,6,18,4,7,40,10,0,21,7,29,15,32,3,4,12,5,2,6,0,1,13,0,1,0,10
"COG0456",40,30,36,27,52,35,47,11,25,54,47,23,32,48,67,30,46,11,31,33,34,30,55,61,45,69,30,16,37,18
"COG0457",578,657,584,756,502,703,558,781,574,457,314,464,540,434,430,638,386,774,609,533,723,733,188,309,163,389,553,655,382,568
"COG0458",343,366,339,332,385,426,407,263,382,299,338,376,353,211,336,328,335,500,306,329,337,376,357,185,323,428,358,499,292,510
"COG0459",46,28,44,32,48,51,44,33,53,57,35,55,43,44,45,145,144,145,117,116,141,126,168,101,132,178,83,179,143,152
"COG0460",130,126,120,144,133,149,126,139,178,143,133,136,167,114,124,44,59,59,42,63,51,46,44,32,54,32,55,55,38,45
"COG0461",48,55,57,47,84,61,44,57,59,74,62,67,61,57,84,17,19,22,18,19,25,10,28,19,25,28,21,27,17,26
"COG0462",104,113,84,93,162,93,101,87,128,137,137,130,105,84,117,81,156,107,91,120,117,84,197,48,196,129,94,110,76,110
"COG0463",1329,1581,1433,1489,1447,1314,1472,1975,1085,1546,1388,1160,1174,1247,1281,1467,1328,1294,1226,1239,1204,1334,1048,455,649,1243,1289,1050,804,1356
"COG0464",79,77,65,26,76,65,16,18,32,51,72,83,56,63,76,76,29,72,68,69,66,37,94,0,94,108,22,58,37,23
"COG0465",228,215,172,140,283,231,248,157,266,212,279,281,283,331,272,249,221,169,161,205,206,190,343,185,290,339,239,223,201,192
"COG0466",171,183,116,126,223,176,146,98,174,188,212,165,177,212,210,158,170,192,153,190,173,115,233,106,139,216,123,193,88,170
"COG0468",105,88,77,100,93,216,102,100,113,91,106,111,80,185,106,127,107,92,918,106,86,83,92,52,100,139,80,115,89,104
"COG0469",144,132,106,98,135,152,105,82,171,115,154,178,126,191,161,152,102,108,111,139,139,89,153,94,104,173,118,152,135,134
"COG0470",17,12,31,7,16,9,6,7,10,7,29,34,20,17,16,10,9,5,16,24,15,8,66,33,48,18,19,19,37,11
"COG0471",256,253,206,176,177,233,254,193,239,178,206,422,268,150,196,218,198,227,160,198,267,248,153,224,194,125,194,293,269,239
"COG0472",204,185,189,199,198,171,147,149,150,120,162,175,192,284,149,175,195,177,155,145,131,179,167,110,198,160,142,177,151,198
"COG0473",113,93,82,77,117,131,126,108,113,86,111,121,118,71,121,113,117,92,71,109,89,115,94,86,214,95,127,117,86,131
"COG0474",283,401,314,287,282,312,329,273,317,201,435,239,267,616,311,278,274,271,316,255,346,314,557,298,277,459,379,320,255,285
"COG0475",211,247,309,425,218,264,286,294,232,146,120,226,302,179,136,212,245,310,325,245,322,346,148,124,67,199,273,292,194,280
"COG0476",47,52,57,38,47,42,63,24,58,35,54,35,59,58,55,57,60,65,52,45,59,64,61,45,68,42,65,47,61,49
"COG0477",633,653,911,992,426,628,801,1055,659,552,460,522,760,517,361,565,855,1070,907,1071,894,932,1083,2724,2615,408,867,975,2072,794
"COG0479",43,50,63,76,35,49,32,66,28,34,43,23,28,34,28,37,55,88,55,52,62,68,40,47,73,18,46,60,70,66
"COG0480",538,642,518,445,603,637,808,634,629,535,611,652,729,530,633,566,574,590,539,606,579,571,648,222,509,680,536,552,377,597
"COG0481",144,134,115,132,145,171,138,143,172,138,166,174,124,218,176,165,123,171,137,139,158,165,141,91,148,208,130,172,137,197
"COG0482",176,169,161,210,148,189,208,201,152,120,125,181,173,180,148,144,162,159,174,132,144,186,97,50,81,130,192,147,86,176
"COG0483",49,46,31,41,18,39,50,45,38,22,25,30,47,43,28,35,36,25,47,31,42,40,35,54,37,16,30,42,54,20
"COG0484",73,80,73,95,115,106,83,80,98,91,120,105,95,146,114,100,81,88,75,80,101,62,128,79,99,116,87,99,66,95
"COG0486",118,97,119,109,108,113,132,123,127,113,147,112,130,170,149,141,124,87,118,134,133,113,151,83,159,131,112,123,93,129
"COG0488",589,607,595,709,643,677,720,701,674,707,666,564,744,796,712,673,638,677,604,542,681,673,669,389,478,559,626,674,453,550
"COG0489",256,352,304,426,351,279,306,300,260,230,250,195,221,316,177,272,264,300,216,257,328,298,210,209,209,201,288,368,263,280
"COG0490",2,1,0,3,0,1,0,0,0,1,0,4,2,2,3,2,1,2,3,5,0,1,0,1,0,0,0,4,0,2
"COG0491",132,81,130,95,112,91,113,59,99,99,148,157,124,140,163,96,71,90,101,121,113,99,146,140,163,116,94,93,113,117
"COG0492",106,91,102,88,99,101,105,77,78,107,105,126,98,133,128,42,28,30,28,27,29,37,42,34,48,25,37,43,36,37
"COG0493",299,291,257,256,326,313,355,279,408,314,331,353,365,212,362,291,373,361,231,285,301,295,321,439,400,421,305,360,309,364
"COG0494",157,175,149,100,240,156,178,163,156,328,274,183,182,237,255,171,233,76,116,260,109,84,348,238,290,246,199,132,252,167
"COG0495",185,221,157,218,260,214,201,209,306,163,222,222,210,215,246,240,207,297,213,178,221,212,175,130,250,272,215,239,174,240
"COG0496",13,12,19,26,6,17,12,20,14,15,7,8,19,8,11,52,32,76,42,51,62,67,7,19,21,31,33,41,32,71
"COG0497",123,108,127,62,141,117,134,89,170,124,170,147,137,120,152,138,129,149,118,114,126,155,117,60,113,134,119,125,124,170
"COG0498",110,88,88,101,133,124,118,129,146,115,126,108,119,86,118,116,127,144,110,156,99,110,120,74,166,121,101,122,114,139
"COG0499",55,39,59,40,18,26,25,27,20,9,10,21,26,29,19,16,48,18,41,44,45,47,37,1,92,34,25,59,85,39
"COG0500",260,304,319,274,309,272,320,220,269,342,406,319,297,220,388,310,377,140,269,297,253,273,361,442,274,328,314,230,369,228
"COG0501",50,74,104,78,63,67,68,52,79,44,40,86,68,43,38,33,65,81,107,92,66,57,48,63,68,51,70,90,82,56
"COG0502",158,128,154,118,93,147,158,138,161,140,83,104,140,105,100,130,154,109,119,89,117,191,69,65,106,66,140,155,55,86
"COG0503",78,78,98,98,92,121,92,138,105,145,146,111,100,69,107,100,137,129,71,116,134,71,150,85,74,96,116,84,87,133
"COG0504",136,119,121,107,172,155,152,124,157,101,158,144,137,195,141,132,146,160,118,137,136,105,147,83,175,166,106,163,126,158
"COG0505",83,77,65,85,93,85,101,91,107,101,94,111,90,67,84,87,88,87,86,106,85,72,139,61,108,106,91,113,83,110
"COG0506",49,102,38,74,17,29,47,120,21,24,23,37,35,31,13,34,50,21,14,45,17,74,5,62,2,11,38,24,76,23
"COG0507",402,415,508,362,549,441,366,298,462,492,511,549,473,479,595,534,404,363,384,495,433,326,529,1834,415,467,378,502,286,502
"COG0508",24,21,51,47,4,19,41,15,17,9,13,15,22,17,10,10,23,4,45,22,22,52,7,90,4,13,47,34,77,24
"COG0509",20,26,47,41,21,21,32,40,9,19,10,17,23,19,14,36,33,32,32,40,22,35,11,19,43,11,32,26,41,29
"COG0510",14,40,3,10,17,12,18,11,26,69,43,22,21,41,6,8,14,4,9,13,13,10,53,26,9,21,21,13,30,18
"COG0511",51,83,86,123,70,54,109,146,47,80,54,58,67,75,71,72,80,135,61,62,42,94,46,47,31,68,80,69,26,72
"COG0512",48,36,33,42,33,40,38,63,59,48,42,27,54,32,39,37,67,60,54,43,49,27,70,69,63,27,54,44,87,75
"COG0513",296,261,260,350,237,302,269,358,275,247,171,293,315,228,216,267,260,274,264,276,385,311,232,217,161,182,255,268,243,291
"COG0514",371,381,406,465,265,377,399,538,423,273,208,359,428,341,289,460,363,540,391,394,526,464,156,81,212,282,389,437,262,521
"COG0515",182,134,240,53,320,226,250,236,198,218,369,199,181,342,568,131,48,56,28,71,46,41,129,30,149,134,93,51,105,167
"COG0516",104,98,141,154,138,146,139,114,154,130,127,130,135,141,133,43,40,71,47,64,36,41,59,24,61,39,35,53,48,49
"COG0517",131,137,172,126,187,164,167,147,199,180,198,190,164,192,212,177,205,227,184,227,178,156,209,155,299,224,144,200,215,225
"COG0518",165,144,148,192,152,160,188,161,152,141,139,167,161,158,137,188,170,153,120,160,170,174,163,85,129,130,131,162,143,159
"COG0519",150,149,165,174,134,145,195,189,128,113,160,175,168,154,163,173,163,160,108,175,172,145,150,100,115,140,141,178,127,146
"COG0520",82,96,103,136,125,147,123,127,131,99,153,120,126,186,126,35,45,36,31,37,46,39,39,39,99,44,31,51,58,38
"COG0521",11,10,21,18,14,7,15,7,22,19,24,37,14,8,11,14,18,4,10,28,26,14,32,59,58,16,17,14,37,8
"COG0522",59,53,45,40,71,58,70,48,62,75,72,61,60,103,83,59,57,85,74,80,59,28,72,35,96,86,52,49,62,87
"COG0523",47,47,49,48,93,66,76,61,90,55,95,100,64,101,85,82,69,42,28,52,54,71,85,96,51,79,71,53,55,52
"COG0524",472,432,421,453,366,491,418,489,460,387,347,483,507,348,297,382,404,496,375,445,397,399,461,625,496,431,477,410,358,465
"COG0525",190,150,148,135,235,232,133,173,264,171,232,215,188,289,276,172,198,217,163,223,242,177,233,131,292,251,160,216,184,247
"COG0526",447,525,485,565,347,403,410,708,274,481,286,275,368,415,260,409,394,544,658,556,432,473,174,148,173,257,397,412,372,426
"COG0527",214,233,219,301,229,220,240,237,272,212,193,239,239,166,207,215,217,360,271,262,221,224,209,146,131,201,207,295,171,259
"COG0528",64,57,76,78,80,68,67,80,67,73,86,75,64,101,67,79,67,91,71,78,95,90,57,41,55,75,67,84,58,92
"COG0529",22,30,33,48,16,26,44,41,28,18,14,25,32,16,18,35,21,29,28,16,33,25,6,20,7,16,30,25,13,28
"COG0530",80,98,56,59,114,73,84,81,86,79,127,68,80,118,100,112,103,29,72,48,52,72,99,44,23,80,61,72,48,56
"COG0531",188,106,175,249,143,125,147,189,201,131,152,129,193,117,87,125,118,125,171,252,197,163,451,593,454,89,217,176,513,105
"COG0532",128,127,120,127,166,182,138,78,153,99,178,159,141,148,162,135,107,181,203,119,209,147,176,126,130,194,115,210,105,206
"COG0533",97,84,88,67,104,103,87,74,112,88,112,143,103,133,124,107,89,103,89,95,92,60,118,61,92,118,80,106,90,107
"COG0534",1547,1502,1221,1167,1732,1454,1606,1165,1576,1672,1987,1930,1461,1147,1620,1392,1595,1074,1078,1104,1200,1389,1821,862,1042,1746,1547,1194,696,1262
"COG0535",183,233,183,199,167,141,156,274,200,257,258,165,116,240,204,142,223,111,148,201,139,177,111,34,270,145,163,109,95,238
"COG0536",74,77,70,82,103,113,90,86,94,85,116,103,97,167,136,88,92,101,67,87,104,101,96,47,116,118,90,126,69,112
"COG0537",62,83,77,67,72,56,73,125,68,90,94,55,63,90,72,96,93,74,81,92,59,57,91,39,51,71,83,59,46,56
"COG0538",74,66,70,106,81,94,93,104,102,80,79,90,85,68,88,91,93,108,65,61,85,98,71,70,50,84,105,96,64,106
"COG0539",156,144,140,151,174,188,133,144,175,159,154,158,141,170,179,181,131,172,145,200,148,131,161,110,145,206,104,188,166,217
"COG0540",91,68,74,66,108,94,80,83,109,99,114,115,101,64,107,92,104,81,80,131,72,93,92,59,113,91,85,105,65,114
"COG0541",96,91,121,117,119,142,117,105,134,86,122,129,118,177,150,138,125,118,91,121,131,123,111,70,144,130,100,142,96,136
"COG0542",513,426,368,401,527,470,517,453,660,433,546,610,491,740,614,545,432,486,392,480,529,440,616,298,506,624,394,493,406,561
"COG0543",180,185,182,222,163,163,202,215,221,133,168,179,182,159,168,184,189,248,154,163,207,181,136,86,135,179,189,205,100,226
"COG0544",155,205,136,109,240,136,129,197,206,211,233,284,155,203,171,155,219,177,82,147,133,109,213,53,185,184,141,163,107,180
"COG0545",104,145,127,194,101,150,146,215,133,110,64,98,128,84,89,109,113,218,139,137,193,140,51,80,69,52,118,140,93,181
"COG0546",125,145,127,134,156,168,141,155,155,192,188,129,161,125,160,135,183,183,172,180,188,107,163,112,195,148,154,153,123,154
"COG0547",49,51,64,50,66,70,97,65,83,79,67,50,68,36,64,75,73,70,51,71,56,78,72,80,124,47,84,87,89,54
"COG0548",75,79,72,66,90,75,69,69,102,91,57,103,84,54,60,74,76,104,69,74,67,58,74,92,111,80,76,85,95,87
"COG0549",32,22,22,16,28,26,49,10,35,35,42,26,35,25,27,21,45,11,31,28,27,15,53,173,27,41,47,21,92,19
"COG0550",500,428,490,524,596,689,690,453,674,514,582,733,593,589,542,536,449,535,423,524,442,707,540,270,451,691,636,650,380,653
"COG0551",75,74,52,47,104,66,59,40,93,88,188,115,92,112,85,78,94,44,54,91,46,42,190,163,144,148,124,53,100,62
"COG0552",60,66,58,45,82,69,64,53,63,76,78,69,64,106,90,72,68,52,63,66,74,56,102,48,93,79,77,95,79,63
"COG0553",269,294,197,276,241,356,131,142,261,187,358,361,219,536,303,74,53,132,260,56,98,89,85,40,86,88,82,76,85,122
"COG0554",54,68,82,63,66,63,89,71,88,97,106,116,69,47,98,64,92,19,48,52,73,87,122,125,49,102,84,54,81,56
"COG0555",7,3,8,1,13,11,9,5,13,19,25,8,17,1,51,15,25,10,3,14,6,4,15,19,6,5,15,2,4,12
"COG0556",133,135,121,115,158,134,131,93,164,167,176,154,160,218,134,149,153,159,130,136,160,115,177,62,199,179,105,174,124,156
"COG0557",149,136,144,149,191,160,161,153,174,145,165,147,141,300,219,150,133,203,163,159,212,158,140,98,124,165,155,209,120,205
"COG0558",64,46,60,36,80,53,39,25,66,58,75,58,64,104,75,50,61,54,40,56,49,55,79,57,73,86,61,46,65,81
"COG0559",9,14,14,4,18,14,5,7,15,6,14,23,9,20,19,25,26,18,32,44,43,23,57,88,91,84,29,48,37,52
"COG0560",69,45,82,61,79,88,99,67,69,53,57,51,56,54,67,53,71,77,60,72,61,64,59,44,31,55,70,61,58,70
"COG0561",222,227,245,226,265,206,231,262,275,321,408,395,280,177,231,254,335,217,241,295,229,237,549,358,619,276,386,225,290,230
"COG0562",59,100,78,129,99,51,67,208,89,102,108,79,99,64,80,47,27,57,37,33,16,28,34,17,42,22,22,24,14,42
"COG0563",68,69,71,64,75,69,65,66,88,71,109,74,72,115,93,82,80,67,83,69,59,68,80,39,86,96,69,70,70,96
"COG0564",282,240,278,262,266,306,237,252,296,319,328,305,276,392,279,302,311,348,289,281,336,263,292,174,294,322,276,281,208,338
"COG0565",5,1,7,7,1,2,2,3,2,0,2,0,3,1,0,1,1,3,0,2,9,0,7,41,0,0,5,2,20,1
"COG0566",194,172,221,205,232,211,207,198,220,197,232,219,227,240,246,227,210,194,190,189,202,198,257,150,233,224,203,245,192,175
"COG0567",5,3,9,5,0,6,4,3,8,0,3,9,11,7,1,1,3,2,0,12,1,7,9,89,0,0,12,12,80,15
"COG0568",93,74,108,60,130,136,67,62,95,133,131,75,106,234,150,80,95,171,103,143,143,58,102,155,100,173,72,120,108,141
"COG0569",189,206,203,156,260,192,212,225,207,177,223,228,212,167,218,190,198,153,211,176,151,182,248,146,152,238,213,203,120,178
"COG0571",80,58,72,87,57,101,63,98,73,85,87,64,66,67,108,96,77,87,87,94,67,77,83,29,75,73,79,63,69,101
"COG0572",174,152,163,91,156,146,168,116,133,162,128,129,139,207,171,181,153,210,160,162,157,171,71,46,81,147,145,152,83,154
"COG0573",82,76,62,87,72,79,72,52,75,70,85,101,63,58,66,85,83,35,53,68,56,78,82,55,103,78,70,75,57,52
"COG0574",102,101,97,71,126,115,108,56,109,81,98,87,72,103,123,330,259,365,229,268,317,342,166,116,88,385,262,399,160,337
"COG0575",66,66,80,64,85,69,64,63,61,91,87,48,64,110,85,83,68,97,63,91,71,54,64,16,94,98,63,78,56,111
"COG0576",48,55,65,44,64,46,57,67,34,54,49,61,59,69,73,76,62,70,51,60,63,37,42,32,46,49,60,50,66,55
"COG0577",699,621,623,603,685,629,731,536,820,924,942,688,713,897,715,669,657,484,678,617,536,587,936,379,672,719,709,548,497,565
"COG0578",10,9,30,13,19,11,28,20,38,6,12,16,33,11,2,23,11,12,40,17,26,32,7,96,0,17,16,23,60,15
"COG0579",22,26,23,28,25,41,29,9,34,53,37,36,34,21,31,12,12,7,25,45,22,21,58,110,40,48,49,29,46,37
"COG0580",24,37,38,30,26,31,18,13,20,5,32,15,32,32,17,30,16,16,36,25,15,25,46,73,74,18,20,33,69,11
"COG0581",68,74,61,70,77,83,71,57,60,80,82,85,58,57,81,60,79,48,66,61,60,80,111,70,128,67,78,78,66,57
"COG0582",1067,967,961,905,1037,988,1200,756,963,1211,1207,1158,891,1049,1048,820,807,745,978,1366,628,784,882,1229,718,1290,798,1028,1316,1100
"COG0583",453,324,394,323,440,348,385,352,481,556,630,607,506,385,443,339,471,414,365,586,430,364,810,1786,912,381,609,409,1154,385
"COG0584",162,170,194,193,150,164,133,155,141,140,105,156,136,156,125,136,151,82,178,157,144,219,194,135,95,106,132,176,110,140
"COG0585",0,1,0,7,0,0,1,2,0,2,5,0,4,0,0,0,1,0,0,1,0,1,0,17,0,0,3,0,8,0
"COG0586",46,31,61,64,21,46,67,70,42,22,24,32,54,38,19,35,31,50,33,66,50,54,68,115,44,32,50,40,94,54
"COG0587",261,253,292,246,293,334,252,264,335,274,315,268,276,421,358,268,272,258,1461,294,303,228,282,225,283,332,283,375,266,303
"COG0588",51,32,52,66,8,47,34,66,44,20,21,20,49,53,31,29,50,14,40,50,31,55,34,19,15,29,38,37,48,36
"COG0589",115,120,161,209,82,169,146,152,127,94,56,79,157,116,104,135,138,212,155,175,198,178,54,122,149,68,132,179,148,176
"COG0590",56,58,67,64,65,59,46,75,57,54,53,74,49,96,63,58,49,91,74,57,72,55,68,46,115,76,66,78,53,72
"COG0591",193,233,224,226,175,221,241,205,205,130,174,234,210,154,190,205,213,173,189,230,239,265,146,143,475,145,183,240,124,170
"COG0592",113,103,109,109,136,138,117,116,128,137,128,126,100,141,141,107,116,132,127,132,120,114,139,81,133,136,109,145,88,129
"COG0593",72,48,71,40,66,53,59,52,50,15,34,27,43,36,41,54,65,25,71,61,50,65,25,18,81,57,19,60,71,46
"COG0594",16,18,21,8,26,19,19,14,25,32,48,38,23,53,26,24,25,12,19,28,15,4,63,27,74,29,24,13,26,18
"COG0595",53,63,50,21,102,73,56,33,94,100,126,105,66,199,143,90,83,31,56,70,55,38,196,59,190,162,61,51,52,62
"COG0596",84,81,100,34,100,88,53,41,84,160,116,117,85,110,102,75,72,34,87,118,66,56,217,191,91,125,97,80,164,54
"COG0597",32,24,14,11,37,25,25,17,30,73,47,29,20,29,40,29,41,7,18,35,18,24,84,50,66,42,31,15,26,17
"COG0598",95,88,126,123,84,121,119,143,120,111,96,74,119,116,98,128,137,132,133,124,116,117,122,80,91,88,120,128,129,104
"COG0599",66,56,73,46,65,85,82,41,51,35,35,44,51,30,72,77,46,52,75,47,90,94,31,4,93,40,60,80,69,54
"COG0600",46,46,47,49,67,49,53,33,46,52,93,85,69,59,63,41,67,26,25,67,46,37,86,107,83,84,64,53,143,44
"COG0601",104,103,89,108,115,99,70,72,129,99,196,162,113,71,113,87,92,53,93,113,133,69,307,324,327,140,180,89,210,77
"COG0602",76,64,87,65,94,128,116,89,76,97,85,81,109,96,93,91,102,101,964,94,63,61,90,70,112,88,103,90,83,83
"COG0603",37,42,55,59,40,104,66,46,42,39,20,37,38,23,44,48,42,74,58,45,57,51,25,24,27,29,37,33,39,40
"COG0604",0,2,6,9,2,2,7,7,4,2,5,1,9,4,2,0,1,3,20,8,3,1,34,72,36,11,13,7,70,14
"COG0605",38,29,40,17,32,43,40,27,26,12,21,27,29,56,28,28,21,27,47,25,18,26,12,46,4,40,22,33,42,26
"COG0606",113,102,127,129,136,134,104,125,134,97,142,129,147,149,128,157,131,105,113,117,113,112,125,98,143,156,146,148,112,122
"COG0607",134,135,149,187,84,143,126,217,128,125,104,121,120,86,106,44,25,30,29,34,64,53,17,68,6,37,58,34,50,25
"COG0608",135,109,149,88,149,149,138,110,181,137,144,99,136,157,170,142,138,165,152,134,153,125,103,87,117,166,123,161,107,149
"COG0609",145,126,120,164,103,174,181,125,129,120,124,139,178,83,152,126,181,125,137,124,161,164,148,149,236,134,136,147,174,150
"COG0610",236,190,171,29,287,325,210,132,362,256,260,241,276,221,296,342,354,327,273,334,316,183,216,57,158,277,173,227,280,248
"COG0611",50,47,35,27,32,31,14,31,17,29,13,20,28,32,17,25,16,36,55,64,32,22,8,39,0,26,24,50,60,30
"COG0612",484,364,394,453,341,450,362,344,303,200,229,290,392,460,354,372,306,478,449,405,567,536,104,108,30,330,318,492,350,384
"COG0613",33,26,31,29,43,32,28,32,42,20,53,68,61,117,81,40,50,19,43,58,25,36,66,68,97,65,61,33,44,46
"COG0614",186,175,155,164,117,184,214,182,169,137,144,227,199,115,160,187,214,131,142,161,177,185,135,119,224,139,179,175,190,156
"COG0615",91,47,36,92,57,60,54,91,41,31,69,38,66,27,42,81,58,167,44,37,23,20,62,1,28,43,40,36,79,35
"COG0616",89,82,92,83,63,101,69,70,44,65,37,55,96,63,36,95,68,98,131,95,111,63,5,144,0,42,46,106,166,89
"COG0617",34,42,31,33,52,30,41,18,41,31,49,44,38,39,41,97,99,96,83,109,139,72,151,123,149,128,102,151,106,93
"COG0618",89,87,64,62,156,97,95,97,114,128,111,92,106,139,147,118,110,123,72,124,92,61,99,13,59,121,64,104,51,112
"COG0619",24,23,20,9,51,13,23,21,33,42,47,34,39,11,35,82,75,38,73,108,63,43,191,60,280,144,102,76,90,61
"COG0620",51,29,41,39,71,47,67,49,80,70,80,42,94,38,75,85,107,60,75,44,65,22,153,97,129,29,58,48,109,73
"COG0621",279,263,275,320,356,348,297,313,319,274,326,319,315,418,365,346,297,367,322,329,303,288,253,156,286,361,287,376,207,320
"COG0622",67,51,55,54,81,77,66,67,76,80,92,69,85,91,73,66,56,86,51,70,77,53,77,51,86,101,85,38,55,74
"COG0623",30,34,43,36,21,48,35,21,40,26,15,24,20,41,26,32,22,57,59,35,51,29,16,22,0,37,30,59,49,42
"COG0624",194,156,209,256,158,209,190,171,207,122,179,246,193,173,163,157,141,183,218,235,204,183,209,329,194,184,193,267,215,181
"COG0625",7,2,19,11,0,1,3,8,2,7,4,6,14,1,0,2,3,6,3,20,5,5,12,172,1,0,18,3,123,1
"COG0626",14,15,18,29,16,27,33,23,12,22,35,10,21,16,24,8,18,3,22,46,12,21,77,115,78,38,23,40,101,20
"COG0627",71,60,83,56,44,60,69,69,59,82,63,47,56,41,49,50,106,38,56,48,44,87,78,41,50,70,75,65,56,39
"COG0628",194,195,216,155,216,187,211,186,199,178,212,217,248,229,233,241,187,169,223,209,184,178,227,254,105,266,196,163,216,202
"COG0629",108,87,84,70,101,97,71,66,111,135,108,88,95,139,132,86,86,64,54,135,83,65,117,127,147,122,90,74,185,84
"COG0630",15,4,3,2,8,1,8,2,5,6,10,3,16,2,11,4,21,5,0,4,0,1,11,6,0,1,0,0,0,5
"COG0631",60,66,49,23,107,75,58,59,48,106,135,77,57,109,157,86,57,33,43,84,52,36,135,22,136,135,70,52,53,83
"COG0632",15,23,16,17,22,24,12,22,20,25,25,24,24,24,23,57,69,70,62,69,73,58,57,31,64,74,72,57,64,81
"COG0633",1,0,11,5,0,1,4,1,3,0,2,3,0,0,1,0,2,1,0,9,1,1,4,65,1,1,7,1,42,2
"COG0634",57,51,69,41,62,71,53,51,65,63,65,61,74,55,61,64,67,60,67,76,66,53,93,49,67,63,48,55,58,78
"COG0635",150,132,135,178,156,135,144,139,158,171,200,174,168,168,169,165,183,129,122,159,174,151,153,168,274,154,155,168,147,151
"COG0636",47,46,41,38,54,37,43,53,48,46,43,39,37,33,52,21,21,15,14,12,20,10,9,10,15,19,14,14,9,11
"COG0637",160,163,137,163,188,195,178,148,167,127,194,198,140,123,196,205,200,165,146,157,134,142,217,179,311,155,147,142,198,180
"COG0639",78,37,50,61,39,41,48,49,35,35,68,25,49,48,37,41,56,38,55,32,47,49,61,66,2,38,44,23,65,37
"COG0640",36,42,29,12,53,31,25,20,46,54,85,57,41,66,60,38,68,16,23,50,30,13,82,51,65,62,36,35,29,25
"COG0641",73,72,86,91,63,55,65,75,90,127,67,59,59,80,56,181,225,141,258,216,203,204,168,221,158,147,180,225,190,178
"COG0642",5281,5909,4539,4589,3053,3534,4176,4049,3191,3041,2793,3224,3668,3265,3382,3815,3538,2909,3791,2810,3538,4495,2286,2031,1552,2642,3954,3555,2096,2791
"COG0643",19,18,10,2,39,25,30,14,16,51,32,12,39,16,63,34,39,6,13,15,27,5,19,58,4,13,13,6,37,14
"COG0644",1,1,10,10,0,1,2,0,2,1,10,4,10,1,0,0,0,0,0,11,2,2,0,49,1,0,4,0,35,0
"COG0645",0,0,0,0,0,0,0,0,0,0,0,0,0,0,1,5,0,0,0,0,0,0,0,0,0,5,0,0,0,0
"COG0646",171,191,170,166,207,198,218,205,229,140,210,255,241,119,210,212,248,181,144,163,166,205,153,171,197,204,175,177,139,193
"COG0647",12,13,14,5,25,15,7,5,15,5,24,29,13,11,14,23,6,2,21,43,4,22,52,39,69,27,22,28,44,20
"COG0648",58,58,68,76,75,66,87,74,67,95,75,76,81,94,61,99,75,20,64,51,49,68,67,40,56,67,69,60,49,75
"COG0649",77,49,65,103,61,98,71,74,60,32,22,38,53,44,42,19,19,25,23,19,19,27,2,7,0,11,11,25,27,32
"COG0650",3,1,8,8,1,6,1,2,7,1,3,7,8,9,0,0,1,2,5,10,4,6,6,37,2,6,9,8,54,3
"COG0651",50,16,37,20,22,21,21,13,10,3,7,48,55,20,18,58,3,6,33,40,44,27,8,158,5,27,37,55,95,22
"COG0652",80,73,83,61,88,86,78,70,95,68,104,99,91,149,111,90,68,125,114,112,107,53,102,72,77,90,95,100,75,90
"COG0653",217,202,213,254,333,256,208,144,262,249,315,279,245,303,316,239,257,267,221,222,289,203,262,171,238,320,188,275,219,252
"COG0654",3,4,20,7,0,13,3,2,3,0,2,3,16,0,4,20,5,0,0,32,8,15,4,127,0,0,36,8,91,1
"COG0655",112,76,110,82,118,96,117,89,100,87,108,106,90,119,124,86,97,103,108,125,94,83,87,68,149,100,98,81,63,83
"COG0656",74,123,145,72,66,52,106,121,79,69,95,84,64,97,44,71,125,81,74,92,71,145,205,122,83,43,112,107,97,53
"COG0657",54,87,52,62,63,59,49,58,55,87,71,91,68,63,62,176,206,123,137,169,188,202,282,93,171,138,194,199,193,201
"COG0658",35,33,32,36,31,53,34,37,44,40,42,49,53,55,38,157,116,90,114,103,105,93,85,67,129,121,123,131,93,105
"COG0659",123,142,109,148,146,147,153,188,87,137,98,84,126,87,155,166,208,157,82,109,142,133,108,53,111,97,117,109,72,148
"COG0661",3,4,10,10,9,6,7,12,8,46,27,18,11,91,24,22,20,10,14,21,9,7,94,52,148,4,34,15,52,10
"COG0662",49,30,33,52,60,15,30,32,33,45,50,91,62,28,46,56,121,72,21,61,26,29,56,60,34,54,26,15,40,41
"COG0663",16,18,12,13,16,10,10,14,23,14,11,18,13,7,10,20,43,66,55,41,40,42,31,69,40,31,70,38,56,39
"COG0664",274,275,335,314,259,254,250,285,200,261,206,196,267,205,183,62,70,94,105,78,51,78,59,45,47,57,88,68,44,75
"COG0665",24,16,19,8,16,18,17,8,22,14,39,20,26,26,15,13,6,5,12,22,24,16,28,142,5,30,34,11,120,22
"COG0666",46,6,29,9,17,46,44,24,20,2,12,30,11,15,5,108,13,32,57,51,28,21,8,143,2,36,34,90,144,30
"COG0667",151,205,227,115,186,173,184,185,150,153,148,159,140,142,154,125,177,195,167,125,141,328,194,215,219,169,206,194,253,161
"COG0668",263,239,244,239,167,218,214,253,226,172,133,157,262,209,166,221,185,317,213,255,249,255,94,114,73,171,181,219,212,243
"COG0669",14,14,19,10,20,19,23,23,16,39,16,21,22,15,24,68,64,60,45,69,50,54,72,43,42,66,55,61,45,78
"COG0670",16,8,16,14,35,17,5,5,10,35,17,19,13,51,28,9,5,60,15,31,33,7,25,79,26,27,15,34,78,33
"COG0671",65,52,54,52,78,87,85,86,95,102,99,75,89,86,86,85,71,150,65,85,90,54,138,129,34,98,75,78,88,102
"COG0672",0,0,2,8,0,0,2,0,2,2,0,2,3,0,0,1,0,0,0,7,5,0,22,31,47,0,7,3,31,0
"COG0673",491,489,445,440,252,360,382,515,249,253,351,301,341,378,313,331,381,441,437,336,295,402,327,339,275,316,436,327,423,337
"COG0674",356,304,353,391,345,468,414,337,459,304,284,341,384,353,358,420,362,434,361,404,403,463,152,154,314,349,314,534,226,440
"COG0675",136,63,77,27,52,60,96,252,96,56,176,98,107,92,92,31,301,192,119,256,241,52,391,108,1268,43,409,48,108,96
"COG0676",1,0,2,0,0,1,0,0,0,0,1,1,2,0,0,0,0,1,0,5,0,1,25,33,23,0,7,7,31,6
"COG0677",60,54,115,58,79,49,59,41,41,41,27,49,111,72,44,77,99,63,117,55,67,40,8,89,4,30,33,59,56,96
"COG0678",1,0,1,0,0,0,0,0,0,0,1,0,0,0,0,0,1,0,1,0,0,0,0,0,0,0,0,0,0,0
"COG0679",94,65,68,42,112,70,84,52,136,109,140,146,108,81,127,86,155,97,62,136,80,65,211,74,267,112,93,98,84,77
"COG0680",3,2,12,4,4,8,3,10,4,0,6,3,5,7,3,5,9,9,4,6,8,3,3,45,36,3,5,6,30,13
"COG0681",188,183,193,187,161,205,224,265,216,224,218,139,220,285,190,224,224,181,184,172,192,175,172,77,101,176,197,191,100,194
"COG0682",71,76,65,88,103,83,76,100,83,89,84,93,89,113,96,81,98,110,91,70,79,86,96,49,147,82,107,81,70,128
"COG0683",72,46,37,36,49,67,56,35,138,29,31,93,41,47,46,35,26,18,50,66,53,47,71,132,123,99,39,57,84,73
"COG0684",16,4,31,8,9,3,10,2,10,4,8,49,12,13,6,3,7,7,18,16,17,4,7,91,1,36,15,6,22,13
"COG0685",83,92,83,90,112,81,113,134,115,100,123,118,116,57,109,108,132,91,71,92,73,86,93,53,70,106,91,82,82,122
"COG0686",41,34,61,70,45,37,50,67,33,31,26,32,37,35,35,42,47,80,79,45,41,73,2,4,75,25,39,51,32,67
"COG0687",92,84,78,77,104,94,109,75,117,105,118,125,123,56,92,25,28,24,20,41,22,34,30,38,14,39,42,24,37,23
"COG0688",45,54,75,66,54,54,59,88,41,65,48,36,51,37,39,61,57,74,76,65,52,50,49,55,24,32,42,51,54,67
"COG0689",7,0,8,8,14,7,7,4,1,0,5,4,9,3,2,10,8,8,6,9,16,5,17,56,46,2,5,10,50,9
"COG0690",1,0,3,1,0,2,1,0,4,0,0,0,1,0,1,2,0,0,1,2,1,3,2,7,2,0,1,1,1,0
"COG0691",36,30,29,36,52,48,41,59,46,48,57,63,46,66,62,51,40,43,54,64,41,34,47,20,54,51,52,28,33,36
"COG0692",28,39,39,53,59,43,53,43,64,52,32,37,59,40,109,48,49,74,62,44,52,32,48,37,79,67,49,73,42,43
"COG0693",72,74,73,117,82,89,93,87,71,103,86,73,74,68,67,71,76,58,84,66,74,74,57,74,20,57,75,77,93,55
"COG0694",5,1,4,1,2,0,2,0,1,1,1,3,1,7,0,0,2,2,3,7,1,0,0,24,0,3,3,0,16,1
"COG0695",1,0,2,1,0,0,1,3,0,0,1,0,2,0,0,0,1,1,3,5,1,1,16,17,25,1,9,1,13,1
"COG0696",113,112,115,114,167,138,130,85,151,135,134,128,115,172,161,111,128,185,132,139,130,153,114,94,103,179,90,174,104,197
"COG0697",303,292,392,309,291,334,294,414,372,281,254,304,327,266,292,284,308,449,396,416,389,326,288,395,523,293,342,432,496,391
"COG0698",59,55,42,28,79,58,46,46,54,52,69,64,68,57,77,14,22,19,22,20,15,10,18,17,27,23,17,26,21,22
"COG0699",8,15,18,6,15,9,16,9,6,14,4,11,10,14,11,5,4,126,7,10,13,8,36,61,3,40,47,36,99,13
"COG0700",64,70,82,76,56,62,78,62,50,53,57,28,73,41,59,48,74,99,69,61,83,83,21,45,43,58,82,69,52,84
"COG0701",22,31,33,16,55,29,12,38,10,14,15,21,19,14,8,9,17,22,33,16,31,51,6,76,43,32,39,19,32,31
"COG0702",3,1,13,9,5,9,6,2,2,10,11,3,13,6,0,4,0,1,5,16,8,1,18,99,1,1,17,7,77,2
"COG0703",84,70,61,65,84,89,73,78,84,114,91,101,72,59,70,78,96,88,42,92,94,48,98,62,93,78,85,66,68,81
"COG0704",55,61,62,74,71,81,77,60,74,69,81,102,69,50,71,78,66,25,60,51,41,64,70,60,84,64,58,56,73,66
"COG0705",83,127,81,115,81,87,99,103,69,61,76,58,102,99,81,105,62,62,113,76,86,85,66,36,59,64,81,72,78,60
"COG0706",121,138,119,121,187,160,172,151,162,157,138,151,147,159,148,134,133,173,148,154,134,140,198,116,139,181,135,144,142,178
"COG0707",114,118,100,114,150,137,121,129,141,161,188,146,147,225,157,118,169,147,126,119,143,101,163,84,192,167,127,137,104,164
"COG0708",60,60,60,34,48,59,50,53,66,81,77,88,59,46,50,51,64,84,73,68,67,59,93,32,93,57,65,61,63,67
"COG0709",10,11,12,18,12,10,13,10,38,43,40,31,16,14,12,11,33,9,9,21,21,10,42,39,46,11,26,13,21,21
"COG0710",15,25,7,4,22,16,15,12,20,36,44,24,17,12,29,16,21,5,7,19,17,12,30,29,28,16,22,12,23,18
"COG0711",39,45,39,33,41,44,41,40,56,25,50,71,52,44,73,63,61,50,46,50,41,41,49,40,76,50,42,36,39,46
"COG0712",50,41,40,35,66,46,49,29,54,40,49,61,48,33,59,38,42,18,37,40,40,27,71,29,97,30,25,33,40,28
"COG0713",8,13,14,11,19,17,16,10,13,1,3,10,17,6,7,15,10,5,14,7,11,17,1,7,1,5,12,9,14,12
"COG0714",188,201,154,173,188,228,184,114,176,187,191,183,178,191,221,193,187,169,132,141,124,230,199,206,128,197,192,181,144,196
"COG0715",81,101,69,78,90,69,65,70,75,65,95,109,78,88,117,86,118,75,59,122,94,66,117,72,134,89,83,63,149,83
"COG0716",101,157,204,104,163,144,168,166,135,130,134,128,138,120,154,125,156,99,150,119,126,209,130,117,133,114,161,145,102,100
"COG0717",3,1,5,2,3,0,8,0,5,11,7,1,6,6,2,2,2,1,6,17,3,4,18,14,83,1,6,4,14,3
"COG0718",9,19,15,7,25,23,15,19,21,21,34,25,18,36,36,34,27,10,16,27,19,10,32,22,29,33,19,15,13,16
"COG0719",175,156,175,244,174,197,174,214,197,153,168,115,170,261,156,177,231,223,187,198,192,197,121,71,256,190,166,231,176,242
"COG0720",41,28,34,28,33,51,46,49,27,26,31,17,42,30,30,35,35,44,598,35,19,29,22,16,20,21,31,25,17,21
"COG0721",11,18,12,2,25,14,11,7,9,27,25,8,8,46,24,5,6,3,0,6,3,3,7,1,10,7,2,3,3,6
"COG0722",24,23,34,20,43,38,26,26,48,60,67,22,34,39,36,37,37,11,22,46,15,20,109,125,115,35,55,32,107,23
"COG0723",7,1,5,1,1,2,2,2,4,3,15,9,5,12,4,11,7,2,3,6,3,2,3,1,0,7,5,4,7,3
"COG0724",46,38,48,38,18,36,54,91,30,25,15,24,56,57,15,54,30,25,45,26,26,38,2,3,4,9,29,20,25,30
"COG0725",10,11,22,12,16,6,11,15,30,25,40,34,20,15,9,6,22,13,16,20,28,16,42,37,64,28,17,14,21,15
"COG0726",210,236,269,222,235,240,220,237,210,243,253,167,210,465,269,264,232,118,159,183,172,214,189,223,174,229,246,156,216,185
"COG0727",2,6,6,5,6,4,2,11,4,4,7,27,3,0,6,6,3,0,6,3,1,4,15,14,2,8,3,1,5,8
"COG0728",17,3,8,9,10,11,10,6,17,6,11,7,19,5,18,2,22,3,3,36,15,6,66,50,61,12,21,15,70,10
"COG0729",0,0,29,9,0,6,2,2,4,1,6,2,5,0,0,1,9,5,5,10,20,14,5,47,3,1,6,10,35,2
"COG0730",18,6,33,15,13,18,9,29,41,14,37,49,23,30,18,21,30,23,12,36,32,21,48,24,117,23,22,23,21,12
"COG0731",37,47,66,50,27,28,49,62,44,25,24,21,56,36,32,34,33,81,57,48,44,63,7,0,4,20,51,41,13,58
"COG0732",101,166,128,65,157,172,104,107,193,193,134,205,226,121,204,206,208,148,183,223,175,92,187,68,102,185,79,130,162,117
"COG0733",65,68,58,43,90,71,57,54,89,66,105,59,80,43,96,220,205,272,152,179,208,138,250,113,147,234,213,176,101,256
"COG0735",105,110,112,88,99,97,104,117,83,89,90,84,88,116,81,87,92,101,73,105,100,96,84,49,69,69,93,82,68,92
"COG0736",10,13,12,3,7,4,2,3,9,3,13,21,5,22,14,20,9,2,9,12,11,4,31,10,46,20,5,9,27,9
"COG0737",193,211,180,200,135,203,191,204,190,128,140,166,206,111,115,198,169,292,218,188,197,199,206,122,94,111,180,254,133,224
"COG0738",112,114,128,136,56,102,114,129,81,78,40,62,97,65,67,317,274,520,310,235,350,398,48,25,174,164,233,350,148,295
"COG0739",510,444,406,438,382,419,410,399,369,290,337,437,438,647,550,550,401,369,424,426,427,437,186,121,177,534,371,458,214,365
"COG0740",109,118,103,93,126,153,124,85,155,135,123,130,87,168,151,160,135,89,123,143,97,97,121,75,114,144,107,115,102,137
"COG0741",139,138,133,95,108,128,136,92,140,175,128,107,132,130,120,54,40,39,30,35,54,48,65,91,14,26,49,50,76,39
"COG0742",57,54,45,50,64,54,61,77,61,58,81,62,50,66,60,47,51,83,56,59,56,49,56,26,59,61,51,52,36,53
"COG0743",94,92,100,90,111,97,93,108,110,92,117,99,107,66,105,99,79,137,87,115,106,113,80,74,80,84,93,146,90,117
"COG0744",139,114,118,102,146,111,120,67,123,84,225,166,179,413,196,197,139,109,116,143,108,86,195,162,184,209,112,148,238,149
"COG0745",1719,2131,1655,1430,1459,1493,1570,1866,1482,1601,1416,1242,1306,1205,1323,1739,1540,1150,1489,1216,1144,1542,1069,878,735,1308,1532,1505,869,1228
"COG0746",3,1,1,1,2,0,2,0,4,4,12,0,3,1,2,3,5,0,1,14,10,4,12,32,11,13,6,6,24,1
"COG0747",138,75,165,182,137,155,120,69,124,88,198,129,116,120,108,122,76,71,121,130,161,174,369,408,402,189,205,139,318,73
"COG0749",201,164,163,153,287,295,155,112,274,190,236,177,183,447,457,248,157,198,215,208,207,162,290,163,212,218,168,232,163,279
"COG0750",122,105,80,79,159,142,108,107,141,135,160,163,146,221,162,157,125,112,136,123,128,90,150,120,130,180,113,137,109,131
"COG0751",20,6,36,14,3,8,13,13,13,6,9,14,20,17,5,4,17,23,17,36,29,21,44,54,76,6,8,25,44,8
"COG0752",10,5,6,5,1,2,6,6,5,4,7,6,7,8,1,4,8,9,6,12,11,11,25,33,42,1,6,7,30,8
"COG0753",35,18,38,60,30,45,30,13,7,12,7,10,31,22,13,21,22,29,37,23,19,19,3,36,1,18,7,48,64,30
"COG0754",2,4,18,14,0,2,7,12,2,10,12,4,15,2,1,5,7,22,4,12,9,3,10,120,2,9,21,9,79,3
"COG0755",79,138,145,53,71,110,102,88,102,78,22,55,80,79,49,111,80,129,122,94,97,160,3,20,4,57,101,114,80,111
"COG0756",64,45,123,45,90,80,59,55,61,100,57,54,61,111,110,63,67,41,75,64,51,43,58,34,56,66,53,59,138,112
"COG0757",35,39,33,25,25,41,41,33,44,36,25,28,24,20,30,32,49,65,40,57,40,37,12,1,41,43,32,46,26,44
"COG0758",94,74,91,134,96,105,97,96,84,139,119,77,91,122,112,106,90,103,68,88,91,122,78,49,109,122,114,88,75,131
"COG0759",22,21,15,25,25,13,27,37,27,26,36,44,25,35,23,48,41,14,27,25,17,16,36,3,29,18,24,16,10,18
"COG0760",134,94,146,116,96,192,147,155,123,78,63,95,173,133,82,130,104,192,192,158,149,152,57,144,16,114,138,149,127,145
"COG0761",99,87,80,95,105,102,77,94,85,127,102,116,94,88,130,146,105,104,77,141,63,78,95,47,128,117,62,102,70,114
"COG0762",8,1,6,1,0,1,0,2,4,0,3,1,2,5,0,1,1,3,0,12,3,1,9,21,0,2,2,1,25,0
"COG0763",57,39,55,69,35,69,52,71,43,47,16,38,66,32,40,50,58,106,66,87,57,61,12,21,65,29,49,87,55,102
"COG0764",94,78,91,80,88,93,88,71,86,69,74,67,83,68,89,89,78,104,93,80,125,102,50,42,49,67,77,92,54,101
"COG0765",130,126,91,44,184,117,92,69,120,190,218,176,146,112,230,135,199,142,90,179,106,58,414,176,347,228,153,136,234,143
"COG0766",138,126,117,98,176,146,123,90,162,141,198,181,155,227,184,137,135,144,111,116,116,136,180,114,221,224,148,176,109,186
"COG0767",64,49,50,49,40,36,44,58,33,39,14,31,31,37,17,31,54,81,71,57,53,45,8,36,44,25,36,54,62,52
"COG0768",417,464,354,378,522,463,395,381,510,501,590,572,443,654,555,512,450,441,351,404,418,372,620,290,518,564,423,418,299,568
"COG0769",138,126,94,140,203,161,142,132,176,133,217,164,161,206,247,175,157,165,136,149,158,129,217,91,152,224,157,205,144,182
"COG0770",215,207,235,238,247,253,226,203,264,159,173,187,228,245,212,219,188,294,225,199,229,183,146,69,145,205,226,272,134,276
"COG0771",100,99,103,104,119,113,108,95,134,131,142,131,127,182,123,108,113,118,103,106,123,100,124,76,152,150,101,143,103,118
"COG0772",111,62,55,54,95,94,65,51,83,95,122,106,81,108,108,251,261,250,235,262,240,225,332,161,294,307,231,258,192,297
"COG0773",107,111,121,115,142,135,147,114,141,131,134,152,162,147,161,126,110,178,112,116,162,128,141,113,139,127,146,154,164,150
"COG0774",69,51,79,80,56,86,70,79,61,50,31,48,70,51,39,68,62,104,71,69,76,117,8,35,47,43,46,92,50,88
"COG0775",95,94,122,103,81,115,137,123,114,93,93,118,128,60,113,115,79,101,98,85,96,148,84,138,48,90,107,81,107,99
"COG0776",84,100,94,98,91,77,104,128,87,77,83,89,99,122,81,117,69,105,135,152,113,86,46,64,62,77,82,83,84,87
"COG0777",40,32,26,23,55,27,46,24,37,64,88,58,43,57,51,17,28,11,13,10,8,7,24,19,19,20,20,6,8,4
"COG0778",244,206,337,235,212,243,226,270,244,197,182,163,267,182,174,216,260,305,316,257,242,227,209,136,163,163,220,280,239,263
"COG0779",26,22,21,12,33,18,14,10,24,27,36,35,37,38,36,22,28,11,14,26,28,17,31,34,32,36,21,12,24,23
"COG0780",32,31,47,37,42,30,42,55,33,39,23,22,57,24,38,44,52,61,39,31,50,32,24,27,45,25,61,21,39,36
"COG0781",64,60,44,35,78,55,51,46,57,72,60,59,66,68,45,62,40,86,59,95,65,40,46,33,41,62,51,62,55,69
"COG0782",86,57,69,43,100,67,70,99,81,123,98,73,80,102,80,71,93,81,59,91,70,54,110,98,65,75,98,76,111,115
"COG0783",21,36,48,25,6,23,33,22,19,12,12,21,30,33,13,21,35,8,44,15,13,46,12,11,3,6,26,26,28,15
"COG0784",232,289,175,191,201,141,161,200,164,129,194,285,193,222,243,692,579,286,545,419,517,412,625,687,363,515,719,371,433,312
"COG0785",2,1,7,10,2,2,3,1,0,2,0,12,2,4,2,1,2,0,14,6,2,3,0,17,0,2,3,2,9,0
"COG0786",30,36,76,48,43,30,59,35,51,47,41,43,67,33,48,35,24,27,26,29,34,51,32,144,21,46,42,36,45,31
"COG0787",151,118,127,125,159,180,159,163,179,132,154,150,161,119,197,167,158,207,180,139,162,132,129,127,137,153,130,192,124,226
"COG0788",31,25,26,30,12,31,35,34,37,4,12,21,24,19,12,25,20,7,28,18,9,39,2,12,0,2,17,24,19,15
"COG0789",134,97,103,92,110,93,121,108,114,191,188,120,159,121,139,93,130,81,152,115,116,70,210,248,186,100,179,94,187,88
"COG0790",60,91,39,75,53,56,45,37,85,41,54,27,46,64,99,54,26,95,35,61,26,69,47,130,8,53,49,58,149,55
"COG0791",164,141,123,111,312,172,116,85,211,262,331,315,171,143,178,200,136,55,110,189,128,84,330,289,284,280,213,145,200,106
"COG0792",37,30,38,32,42,41,43,56,41,55,49,29,29,49,38,43,47,52,34,53,37,41,35,21,56,36,40,36,47,53
"COG0793",541,537,549,887,462,516,549,835,501,349,293,365,534,382,324,175,151,290,190,146,216,192,49,18,22,125,183,211,75,176
"COG0794",37,55,63,59,43,46,37,75,54,35,33,35,53,30,16,42,70,98,78,49,47,52,9,114,82,42,70,66,69,62
"COG0795",118,60,133,105,83,112,123,112,56,67,32,62,98,67,68,100,70,200,171,147,166,111,8,87,61,52,64,162,155,142
"COG0796",69,75,72,62,69,77,90,82,81,94,83,81,92,90,89,71,92,97,75,80,98,91,95,42,94,97,77,93,53,84
"COG0797",4,2,7,5,7,0,4,2,5,14,3,2,4,0,2,0,0,8,2,7,2,0,0,11,1,0,3,1,12,5
"COG0798",12,22,9,20,5,17,1,19,6,2,2,8,3,7,4,9,0,6,9,13,7,33,18,0,2,9,15,11,4,28
"COG0799",12,17,17,10,8,14,18,17,9,18,14,16,9,22,16,39,63,45,56,57,41,44,30,11,39,29,34,32,42,43
"COG0800",52,55,47,53,59,88,46,61,66,48,40,72,70,45,40,39,67,66,40,74,54,41,40,81,122,66,54,59,41,54
"COG0801",29,24,32,41,42,41,44,36,33,31,32,21,45,26,34,36,30,56,43,38,56,36,27,18,29,41,40,35,57,45
"COG0802",45,40,47,35,54,45,38,32,31,54,55,40,39,87,56,42,44,52,67,55,37,39,60,37,77,52,55,27,35,60
"COG0803",60,49,59,39,74,71,50,48,103,47,58,48,68,106,73,52,56,80,91,80,70,63,130,115,142,75,77,84,102,47
"COG0804",7,1,5,2,22,7,2,15,14,1,14,14,7,2,4,3,4,2,21,2,3,3,18,0,4,14,15,5,2,8
"COG0805",39,40,42,55,33,29,45,67,37,20,37,51,31,39,26,30,49,24,44,59,40,84,17,25,60,23,18,48,60,43
"COG0806",52,26,34,21,54,26,27,15,24,43,47,38,29,63,41,30,35,40,27,59,48,34,55,25,52,48,23,53,36,43
"COG0807",97,56,88,65,83,102,65,78,95,84,52,65,103,54,88,112,88,147,102,76,94,63,44,30,70,71,64,108,51,122
"COG0809",132,126,174,209,157,187,147,181,158,140,119,108,141,169,147,145,150,232,154,156,198,173,66,30,79,142,129,168,90,187
"COG0810",2,1,4,4,0,1,1,3,0,1,6,1,3,2,3,1,1,1,3,5,4,2,0,12,0,2,2,7,39,0
"COG0811",84,79,115,144,57,94,135,197,112,68,52,71,105,56,52,95,113,159,141,110,105,134,10,34,81,46,85,120,70,135
"COG0812",79,80,65,43,88,91,85,66,82,66,92,74,87,120,94,87,63,73,69,68,81,80,119,61,111,93,70,82,89,103
"COG0813",15,23,26,16,20,20,14,23,18,50,36,28,24,55,30,28,27,5,19,22,14,13,24,44,35,33,30,16,25,14
"COG0814",23,3,27,18,17,25,27,22,6,15,18,8,36,6,24,7,27,3,4,100,4,10,43,307,4,17,29,9,236,6
"COG0815",15,0,7,5,4,10,4,3,9,3,7,5,15,11,3,6,2,10,7,24,4,4,2,20,1,5,7,7,67,13
"COG0816",41,52,43,25,51,43,51,38,40,66,58,37,57,79,71,39,32,64,38,49,47,36,54,27,58,44,35,38,42,51
"COG0817",52,28,36,48,28,48,35,45,45,31,17,39,38,29,35,29,35,39,39,54,47,42,21,13,43,44,17,44,37,60
"COG0818",18,12,23,19,17,22,23,41,26,24,17,12,24,74,13,17,17,19,14,19,24,21,15,26,0,18,20,17,36,18
"COG0819",21,4,12,0,11,9,4,3,20,31,12,8,7,14,24,13,0,5,9,22,8,5,19,0,76,6,13,10,7,10
"COG0820",101,82,78,60,142,89,98,96,105,166,123,98,102,138,134,98,122,96,113,112,99,77,99,80,77,106,107,117,115,102
"COG0821",115,114,131,111,116,137,137,124,150,102,114,110,116,82,131,112,118,162,126,100,121,166,84,63,97,111,114,144,96,170
"COG0822",72,66,69,48,104,97,65,54,96,88,100,64,71,139,131,90,92,80,61,63,71,54,58,33,107,146,73,90,36,75
"COG0823",47,147,122,150,64,72,108,157,36,74,96,55,37,75,31,34,83,23,69,33,43,114,50,93,14,49,113,52,89,35
"COG0824",55,37,58,66,39,55,47,54,48,56,41,25,42,59,31,60,68,26,50,55,42,40,12,43,35,39,42,43,57,40
"COG0825",53,32,21,23,55,65,41,12,71,62,77,64,61,55,64,44,53,23,25,28,24,29,87,57,31,73,55,25,14,35
"COG0826",264,209,254,235,292,266,253,249,255,227,322,256,276,405,311,296,285,296,197,230,306,245,255,204,320,301,248,297,262,334
"COG0827",376,340,183,155,515,241,213,343,294,235,331,708,217,391,406,196,242,236,230,328,310,341,343,145,268,466,247,217,87,270
"COG0828",4,2,5,1,13,3,1,6,6,15,21,15,5,14,17,13,4,1,5,13,1,2,16,14,8,13,7,4,5,10
"COG0829",3,2,2,3,8,2,1,7,7,2,3,13,2,2,1,1,1,0,16,5,2,2,4,0,0,6,10,2,1,4
"COG0830",6,0,2,3,5,1,1,8,3,2,4,5,3,0,2,0,1,1,7,2,1,4,7,0,1,2,14,1,1,3
"COG0831",2,0,2,0,7,0,1,5,4,1,6,1,5,0,0,0,1,3,3,0,0,0,3,0,1,2,2,0,0,0
"COG0832",3,0,4,0,12,4,0,7,3,4,2,3,3,1,1,2,5,2,13,1,3,1,2,0,1,4,6,0,3,3
"COG0833",1,0,12,2,0,2,5,13,6,0,10,2,16,5,1,0,14,11,6,23,27,5,25,41,89,0,8,6,39,4
"COG0834",174,135,176,128,275,176,173,142,212,243,233,240,210,147,257,171,284,177,143,251,191,133,448,369,389,249,222,193,380,218
"COG0835",28,30,13,2,54,22,30,15,35,88,39,8,38,21,80,54,64,14,9,20,29,8,24,17,3,23,6,5,12,18
"COG0836",122,127,86,136,121,82,121,148,65,122,68,114,120,56,116,121,166,232,113,125,123,91,46,48,4,82,68,94,81,155
"COG0837",1,0,2,6,0,0,0,0,0,0,1,2,4,0,0,2,0,0,0,6,1,1,2,30,1,1,6,0,19,0
"COG0838",27,17,25,29,23,37,30,32,26,17,18,16,17,23,12,31,24,37,24,29,31,15,4,6,1,10,21,21,18,23
"COG0839",33,26,40,42,17,47,40,60,36,30,20,23,21,21,22,43,35,55,29,37,28,60,4,15,2,23,30,32,30,55
"COG0840",314,410,121,45,609,320,359,237,416,757,408,49,323,138,743,341,737,130,130,147,252,144,133,362,30,381,52,60,164,188
"COG0841",1255,1353,1352,1850,877,1241,1613,1344,1145,604,532,1001,1503,827,759,966,993,1191,1461,888,1398,1778,174,594,505,677,1135,1528,908,908
"COG0842",284,219,329,366,225,329,329,360,218,170,145,219,268,277,269,343,267,427,272,230,296,372,59,185,93,124,241,311,211,293
"COG0843",1,0,3,2,0,0,2,4,0,2,2,1,3,0,0,0,0,0,0,2,1,1,5,50,0,0,7,0,24,4
"COG0845",971,962,1102,1412,544,887,1125,1117,801,644,400,635,973,573,581,819,822,1002,1031,741,1026,1262,165,330,327,476,819,918,583,818
"COG0846",77,90,72,60,97,85,77,80,117,117,134,225,84,89,105,125,70,99,85,118,59,52,182,66,100,97,111,90,75,145
"COG0847",81,55,87,100,55,76,104,95,57,48,46,45,89,57,52,94,50,127,116,90,126,77,62,80,32,53,67,81,99,84
"COG0848",6,4,15,12,0,2,6,12,3,1,4,5,7,8,8,3,11,5,7,8,15,8,8,32,60,3,3,6,23,2
"COG0849",64,64,61,84,88,73,79,44,47,61,53,21,67,124,89,85,40,111,74,59,70,59,30,53,1,83,46,83,80,98
"COG0850",6,10,11,6,22,12,13,5,12,53,23,8,15,9,31,20,28,11,5,12,4,9,26,36,29,29,12,3,20,11
"COG0851",7,5,6,7,15,2,3,8,2,20,19,5,11,13,10,8,16,5,1,7,4,4,5,23,15,16,13,3,10,4
"COG0852",63,60,71,110,70,83,77,84,56,45,22,41,58,39,41,65,64,89,83,45,71,78,5,27,1,47,51,84,65,77
"COG0853",25,34,38,21,36,29,24,48,26,30,15,17,27,18,25,28,45,38,32,41,26,25,23,21,16,22,39,22,30,38
"COG0854",43,31,44,59,33,46,44,56,34,16,12,35,41,24,25,35,42,32,28,18,27,46,3,19,0,26,34,37,29,34
"COG0855",131,182,156,180,129,168,200,209,190,129,210,198,160,110,179,183,211,168,116,148,128,197,202,86,265,145,198,162,124,142
"COG0857",0,0,3,9,0,2,1,2,2,0,1,3,6,0,0,1,0,2,1,17,0,6,25,62,30,0,6,8,65,1
"COG0858",48,48,54,31,42,49,46,51,45,67,49,40,19,60,58,46,44,53,48,68,38,44,61,21,61,53,44,53,38,40
"COG0859",46,48,88,107,44,39,48,87,35,54,27,53,66,49,37,43,75,106,73,90,103,102,16,134,91,28,87,65,109,77
"COG0860",132,132,103,81,192,136,134,145,141,172,187,131,147,132,150,51,57,31,33,50,39,30,56,61,40,61,59,27,39,46
"COG0861",6,1,21,8,1,1,5,16,7,9,3,8,22,2,5,2,5,14,0,13,21,0,19,33,41,0,12,6,31,10
"COG0863",193,98,71,90,155,162,134,161,91,204,94,116,73,131,142,118,67,58,131,91,41,135,42,165,36,124,59,127,176,145
"COG0864",1,1,5,3,0,4,1,2,6,1,0,2,8,3,2,0,0,1,8,4,0,1,0,11,0,1,3,4,9,0
"COG1001",41,40,37,35,48,41,20,10,39,39,42,57,32,26,30,25,45,11,59,39,37,28,65,98,46,38,46,51,58,32
"COG1002",131,88,99,50,172,122,48,109,76,140,102,208,157,94,75,109,81,266,107,206,90,97,214,117,130,81,61,133,68,50
"COG1003",96,98,98,102,66,67,106,89,90,39,44,59,92,64,47,89,62,106,126,82,128,108,13,110,92,61,75,167,120,79
"COG1004",196,165,211,139,142,120,202,137,123,53,88,127,134,154,132,123,160,90,160,152,135,224,88,41,105,95,101,136,127,157
"COG1005",63,43,41,68,45,65,59,51,28,30,25,22,45,35,33,35,38,86,51,26,52,70,11,5,5,46,41,79,34,68
"COG1006",5,0,0,1,2,3,0,0,0,0,0,2,4,0,3,3,1,0,4,1,1,0,1,3,0,4,3,2,1,1
"COG1007",63,60,52,105,67,88,71,99,50,37,28,37,68,42,36,14,26,42,26,11,29,26,2,10,0,16,21,25,19,25
"COG1008",64,62,75,78,71,81,82,73,96,42,28,37,60,37,44,62,43,117,67,44,102,110,7,29,7,51,61,86,54,95
"COG1009",64,62,62,95,83,93,83,51,92,49,31,43,72,44,55,79,59,176,69,101,90,73,6,62,6,63,68,121,94,123
"COG1010",61,46,35,41,35,39,56,17,48,30,34,47,43,24,45,34,30,12,21,24,18,52,38,2,46,37,21,16,7,29
"COG1011",150,140,174,138,121,179,136,190,168,211,167,151,159,122,98,164,145,236,170,149,135,126,184,114,127,165,192,169,127,223
"COG1012",152,120,197,234,121,128,144,201,138,122,159,105,188,243,126,114,136,55,131,211,123,144,311,622,149,113,255,119,386,82
"COG1013",254,231,328,354,328,365,365,335,416,266,271,295,329,308,285,309,342,436,297,347,354,383,199,148,262,351,297,416,223,420
"COG1014",337,318,385,449,407,500,424,372,470,320,295,323,397,354,406,396,365,454,380,396,399,530,185,150,282,386,337,546,255,413
"COG1015",39,41,34,29,48,24,38,16,42,38,73,74,34,93,97,51,21,15,20,30,26,17,93,101,70,55,53,28,62,31
"COG1017",1,0,9,4,0,0,4,1,6,0,0,2,2,1,2,0,0,0,2,6,2,4,7,43,0,0,8,1,24,0
"COG1018",7,2,10,8,0,3,2,3,3,1,3,4,13,2,0,1,1,3,0,21,15,8,9,123,1,1,16,8,71,0
"COG1020",89,57,105,79,102,81,95,51,52,123,132,63,116,44,84,93,55,22,80,75,48,72,76,216,54,106,166,79,89,86
"COG1021",0,0,4,6,1,0,1,0,2,2,5,2,4,0,1,2,0,1,1,6,0,1,2,50,1,1,11,2,33,0
"COG1022",304,306,355,350,242,312,330,405,297,236,220,214,351,347,207,322,252,425,348,275,282,349,211,14,241,255,278,362,185,330
"COG1023",0,0,0,0,0,0,0,0,2,0,1,0,0,0,0,0,0,0,0,0,0,0,11,0,11,0,0,0,1,0
"COG1024",33,41,36,18,46,30,18,22,34,65,50,65,38,37,44,26,33,7,38,69,30,23,31,240,75,45,60,25,144,26
"COG1025",0,0,0,0,0,0,0,0,0,1,0,1,2,0,0,0,0,0,1,6,1,3,7,92,0,1,8,2,46,0
"COG1026",68,89,21,46,107,53,70,48,80,115,163,134,95,64,124,77,97,25,39,76,74,46,139,75,172,97,65,32,34,62
"COG1027",41,56,61,69,37,16,52,39,78,49,29,34,52,43,22,47,46,60,63,89,72,45,36,138,52,29,59,92,31,19
"COG1028",517,562,579,508,444,440,566,426,454,292,421,550,498,468,487,472,534,462,430,455,431,511,379,538,429,406,551,451,605,473
"COG1030",4,4,8,3,7,12,1,11,3,1,2,4,14,5,6,11,10,4,36,11,3,2,0,0,37,5,1,13,25,15
"COG1032",224,263,302,317,300,308,253,334,272,274,336,291,251,263,305,251,262,195,264,293,280,280,227,203,313,292,274,265,145,189
"COG1033",86,102,40,18,158,104,85,37,115,155,154,152,98,81,123,77,137,35,72,67,28,50,170,44,67,165,72,53,50,95
"COG1034",63,46,74,43,47,52,31,22,30,38,49,46,63,39,37,19,50,28,65,60,42,44,77,91,36,72,77,41,67,42
"COG1035",58,93,113,82,47,62,46,154,51,182,94,62,43,66,75,93,96,48,53,88,44,101,75,11,20,64,67,68,40,79
"COG1038",56,36,68,54,21,63,48,12,36,28,34,54,63,33,40,35,36,38,59,76,45,39,23,2,26,40,56,50,32,37
"COG1039",4,4,1,1,0,3,3,2,0,1,7,6,4,40,7,0,0,2,11,4,0,1,1,1,2,2,5,7,16,11
"COG1040",69,59,57,51,79,60,57,52,71,80,96,73,68,52,87,78,66,69,74,58,73,53,85,50,80,62,58,79,63,75
"COG1041",4,4,3,0,5,4,2,4,13,49,20,3,4,0,6,4,9,0,4,1,6,3,2,0,5,4,5,3,0,3
"COG1042",89,67,66,82,30,73,68,39,76,19,24,48,91,49,35,60,43,26,84,34,65,67,30,59,2,14,35,54,68,24
"COG1043",72,85,124,112,75,79,80,109,62,62,37,52,67,46,57,65,80,85,104,82,102,113,10,28,61,45,73,95,38,91
"COG1044",52,45,60,73,35,56,84,64,57,38,19,25,56,29,24,52,50,114,86,67,105,82,7,30,53,25,44,72,52,72
"COG1045",89,105,86,83,82,93,129,108,98,155,69,91,89,65,86,117,102,93,105,98,102,116,67,43,71,120,91,107,133,117
"COG1047",41,26,36,40,32,26,36,23,34,24,24,14,21,25,28,41,28,38,25,28,26,31,24,25,4,19,31,44,25,25
"COG1048",125,145,125,147,176,152,191,127,211,205,170,178,211,95,171,181,175,153,120,156,183,171,172,202,252,167,201,200,177,164
"COG1049",1,2,3,1,0,0,2,2,0,2,1,2,8,0,0,1,0,2,1,4,3,4,2,76,0,0,8,2,43,1
"COG1051",91,84,75,94,65,73,71,90,87,43,53,32,89,94,49,65,76,88,116,80,58,69,87,15,56,79,72,76,34,64
"COG1052",151,147,131,135,125,149,135,141,180,133,156,115,144,106,141,163,120,88,124,122,132,138,97,136,40,136,118,155,113,136
"COG1053",279,151,259,236,171,191,213,218,426,123,224,330,278,203,216,225,218,325,145,198,425,312,281,131,192,176,141,284,288,301
"COG1054",2,0,4,0,0,0,0,2,1,1,5,0,3,0,0,0,0,0,0,1,1,0,1,11,0,0,3,1,4,0
"COG1055",75,43,48,21,95,48,36,41,59,76,56,44,70,52,92,56,67,109,71,82,105,28,36,47,163,39,49,75,57,118
"COG1056",2,0,1,0,0,1,1,1,0,8,4,1,2,28,1,0,20,2,7,3,3,0,8,24,0,0,1,2,24,2
"COG1057",68,53,40,61,66,51,51,72,55,49,64,69,33,56,55,58,51,60,79,75,67,39,66,23,52,71,50,67,49,63
"COG1058",42,42,26,40,40,29,40,17,22,21,34,56,37,19,22,37,30,14,31,48,30,29,19,35,67,50,23,48,49,39
"COG1059",0,0,2,4,0,0,0,0,0,0,0,0,0,0,0,0,0,0,0,0,0,1,0,0,0,0,0,0,0,0
"COG1060",139,118,151,184,96,152,160,212,86,137,106,109,137,91,95,127,175,178,135,148,139,174,65,49,235,65,149,147,90,141
"COG1061",82,217,155,287,130,152,140,269,251,262,286,175,200,331,342,181,276,293,114,196,218,219,216,68,251,231,177,84,83,145
"COG1062",0,0,3,3,0,0,2,1,0,1,0,1,2,0,1,2,0,1,0,0,4,2,27,39,0,0,3,4,32,0
"COG1063",46,34,57,39,37,49,51,35,48,62,48,49,44,58,43,146,182,199,148,173,157,128,237,384,307,147,275,151,272,136
"COG1064",1,29,6,15,0,2,7,2,1,6,4,1,3,2,0,0,0,0,4,1,0,0,3,29,1,0,4,1,17,0
"COG1066",86,96,92,95,127,109,113,105,138,94,118,106,107,132,121,127,102,116,99,95,132,107,123,53,110,127,94,94,80,102
"COG1067",11,1,8,7,7,6,10,30,11,4,25,8,19,90,18,17,36,15,8,28,19,13,37,60,134,41,15,2,47,11
"COG1069",58,6,31,20,22,43,29,10,5,8,14,14,29,34,20,20,7,4,10,17,13,50,11,168,3,6,14,9,54,40
"COG1070",252,277,287,322,203,267,322,364,267,269,209,202,274,179,161,277,332,291,202,245,302,301,366,442,494,248,391,292,283,292
"COG1071",45,47,77,43,14,25,53,32,18,3,11,11,31,11,10,24,50,6,49,26,23,75,4,5,3,8,34,46,27,10
"COG1072",0,0,1,0,0,0,0,1,1,0,1,0,2,4,0,0,2,0,5,8,1,2,30,33,5,1,8,2,20,0
"COG1073",239,254,265,356,201,255,284,358,242,148,156,250,202,213,178,224,258,223,194,247,208,310,153,182,213,193,240,229,263,226
"COG1074",159,144,123,107,221,174,156,129,196,200,259,227,266,325,241,236,163,190,174,209,212,112,223,134,293,254,150,232,184,181
"COG1075",5,0,7,6,13,5,6,1,14,4,12,27,19,4,20,13,13,4,9,13,3,4,3,11,1,9,2,12,2,20
"COG1076",23,17,31,43,17,43,51,39,49,15,13,34,28,34,26,35,21,58,28,30,41,57,7,56,2,19,17,32,37,45
"COG1077",130,125,118,86,162,141,127,131,153,192,152,162,141,189,170,133,130,140,104,143,133,135,170,59,158,172,104,122,60,158
"COG1078",36,44,39,70,17,33,58,56,52,35,17,19,28,22,15,35,36,36,36,17,32,51,31,1,1,14,27,38,14,19
"COG1079",52,35,35,19,62,46,40,18,30,25,60,83,35,29,40,34,21,14,31,36,28,25,54,81,38,60,48,62,33,34
"COG1080",93,73,61,49,150,65,78,59,105,110,177,171,115,52,126,88,122,44,43,111,70,57,237,226,221,147,134,58,186,69
"COG1082",114,93,139,94,98,92,95,95,55,81,129,138,104,86,75,98,136,44,161,110,123,97,167,237,237,115,153,102,129,92
"COG1083",24,25,84,13,39,23,48,29,27,28,24,49,33,28,49,49,25,9,63,25,12,45,2,10,10,30,33,33,16,22
"COG1085",0,1,3,1,4,2,1,9,4,1,4,9,6,5,1,0,8,5,3,22,6,2,62,28,74,1,11,5,41,1
"COG1086",249,237,265,236,150,177,276,221,113,150,150,169,199,224,164,157,188,58,179,165,123,270,114,73,42,198,144,162,101,136
"COG1087",85,114,74,79,114,92,78,74,88,101,116,101,95,126,117,89,100,96,77,103,100,68,124,69,106,113,82,104,68,126
"COG1088",138,160,168,172,112,107,120,162,111,117,99,99,118,136,136,152,125,143,117,108,192,141,90,85,90,102,88,104,93,143
"COG1089",84,95,97,128,84,77,101,84,79,32,24,76,62,45,43,126,97,78,116,69,58,104,7,8,2,67,48,98,42,92
"COG1090",14,30,19,30,4,13,13,10,4,4,3,7,14,4,2,6,8,3,27,6,5,26,2,20,0,6,13,19,30,6
"COG1091",100,119,115,112,109,104,103,139,78,107,107,118,106,74,102,131,123,135,99,85,129,120,94,42,68,105,98,98,58,117
"COG1092",100,119,91,109,159,119,96,92,125,116,144,136,140,152,132,36,39,38,35,38,36,30,24,47,28,45,37,30,56,38
"COG1098",4,3,6,0,9,13,5,5,11,3,16,24,6,22,11,6,12,3,3,13,9,4,16,0,34,21,3,3,3,9
"COG1099",0,0,0,0,0,3,0,0,0,0,0,0,0,0,0,0,0,0,0,0,0,0,0,0,0,1,0,0,6,8
"COG1101",27,42,30,12,68,50,34,15,73,76,88,90,30,37,52,52,36,10,20,36,34,38,70,22,41,88,49,30,11,33
"COG1102",0,2,0,0,1,2,0,0,0,0,0,1,1,5,5,0,0,0,0,0,0,0,0,0,0,6,0,0,0,0
"COG1104",94,121,73,25,171,113,88,50,156,148,199,175,130,163,204,116,144,26,46,88,90,67,196,67,68,197,89,93,68,72
"COG1105",36,27,31,21,52,23,39,27,52,72,82,69,34,24,79,50,76,17,17,47,31,17,90,89,100,38,50,26,70,24
"COG1106",133,81,106,185,113,150,156,217,108,274,141,103,108,89,134,154,86,205,90,132,93,35,46,42,49,116,115,81,22,215
"COG1108",55,48,59,49,63,78,61,63,67,61,85,52,71,74,55,53,83,98,61,87,61,80,93,172,85,58,47,73,96,87
"COG1109",274,323,306,251,334,379,279,264,334,261,359,411,280,350,380,332,342,335,280,299,313,245,357,182,383,404,255,311,237,297
"COG1112",246,322,335,365,202,229,361,404,271,305,163,124,317,183,171,232,293,295,283,409,289,304,139,224,141,180,216,421,237,273
"COG1113",4,1,21,15,0,0,9,22,11,3,25,2,21,1,2,0,10,7,7,23,8,2,47,78,79,0,11,3,51,2
"COG1114",18,13,42,39,20,23,21,31,22,11,28,55,33,16,27,22,45,33,33,52,53,26,66,83,142,27,39,39,53,20
"COG1115",64,55,53,51,62,52,56,58,61,89,84,70,69,47,75,151,166,167,163,214,166,172,270,141,242,234,209,157,98,191
"COG1116",46,26,43,49,55,37,41,28,37,42,67,65,71,55,54,36,61,18,42,55,44,37,75,95,63,67,66,41,103,37
"COG1117",58,57,71,61,76,86,51,73,84,57,80,73,76,38,75,79,93,36,70,60,70,80,115,66,92,98,76,40,79,76
"COG1118",5,12,4,8,12,7,7,7,15,25,16,13,8,5,11,20,43,8,16,36,25,17,65,42,65,28,51,15,22,29
"COG1119",37,48,34,39,19,44,66,39,57,31,12,35,46,21,29,27,20,63,48,45,31,50,17,28,21,24,45,75,54,58
"COG1120",159,126,126,144,85,138,141,111,102,111,89,125,122,88,117,47,48,45,25,36,45,43,28,33,26,33,48,60,56,42
"COG1121",58,61,59,74,73,87,61,66,85,62,71,45,72,64,58,65,73,82,80,62,46,80,91,127,85,51,72,81,93,66
"COG1122",117,138,125,37,207,125,115,92,194,160,261,242,183,156,182,128,182,71,107,187,123,61,395,110,578,212,163,168,162,134
"COG1123",12,18,22,9,10,15,11,12,26,12,23,17,31,9,5,23,21,12,13,26,36,12,138,69,183,12,39,29,86,8
"COG1124",12,10,10,12,3,7,8,8,6,9,5,10,11,1,2,5,3,2,7,10,3,6,8,69,16,6,20,0,41,4
"COG1125",15,17,13,9,4,5,7,3,5,5,5,7,12,7,6,2,6,14,22,17,9,7,14,38,34,2,9,9,32,3
"COG1126",72,96,99,39,161,83,93,59,139,151,202,161,116,93,176,101,121,79,67,130,96,67,282,181,211,189,124,100,191,98
"COG1127",46,34,66,59,20,39,90,86,36,31,32,37,54,54,29,54,41,72,79,71,70,83,9,37,35,28,40,58,31,62
"COG1129",139,98,127,130,189,99,113,64,125,255,202,201,96,81,178,120,106,36,93,171,181,101,288,866,230,342,273,96,314,69
"COG1131",496,457,424,273,628,481,364,359,443,908,748,429,458,518,676,557,494,270,454,415,322,325,691,545,318,485,487,359,482,410
"COG1132",971,1028,837,588,1350,898,963,629,1006,1346,1677,1384,1018,1490,1396,1004,1271,469,776,749,702,644,1876,866,1238,1446,975,782,720,874
"COG1133",0,0,3,1,0,0,2,0,0,1,0,1,4,0,0,0,0,1,0,2,1,0,5,30,1,0,3,1,18,0
"COG1134",47,74,57,79,78,45,45,125,75,72,123,71,67,116,110,75,62,18,31,67,39,72,92,64,110,84,75,31,53,43
"COG1135",38,36,36,11,49,43,21,19,40,35,71,76,36,21,44,31,29,21,31,51,40,21,85,43,121,51,42,34,37,35
"COG1136",476,477,425,378,623,483,510,473,495,657,698,503,528,524,697,596,534,395,400,450,443,413,681,208,429,580,457,403,430,418
"COG1137",45,34,65,66,28,36,51,75,40,35,26,30,43,25,29,48,34,67,70,62,43,32,12,42,25,28,27,44,41,49
"COG1138",7,1,20,10,0,4,4,5,16,1,5,7,17,4,1,3,7,7,4,11,24,3,2,114,2,2,12,10,66,3
"COG1139",30,36,51,82,18,38,45,79,26,22,31,24,35,32,26,40,34,89,36,49,95,71,1,20,111,27,56,65,40,45
"COG1140",3,0,7,5,0,0,2,5,4,1,9,2,6,2,2,4,0,0,1,7,6,3,2,62,1,1,14,2,40,1
"COG1141",1,4,1,0,1,5,1,2,0,0,4,11,2,0,1,3,1,0,0,0,2,2,7,0,2,1,2,1,0,1
"COG1142",14,5,30,21,7,6,7,5,0,7,2,11,26,11,4,2,0,3,12,9,1,2,6,95,0,2,10,4,44,1
"COG1143",34,28,31,29,22,25,18,15,7,11,10,7,17,15,13,10,3,10,7,5,11,5,1,18,0,9,6,11,18,9
"COG1144",1,6,2,1,1,2,1,0,0,0,1,1,2,5,2,9,4,5,2,0,6,4,5,0,3,20,5,6,1,3
"COG1145",236,256,195,213,230,251,228,154,173,173,188,202,225,166,179,151,240,135,224,190,171,208,214,158,175,250,219,207,167,150
"COG1146",29,12,24,25,33,24,21,11,26,37,32,19,27,18,20,16,24,22,25,33,17,21,21,41,18,18,30,25,32,18
"COG1148",25,20,13,24,11,19,4,8,11,11,15,9,11,22,14,11,12,11,26,15,15,20,23,0,7,29,12,31,22,6
"COG1149",0,0,0,0,0,1,0,0,0,0,0,0,0,1,0,0,0,2,1,3,3,4,0,0,0,0,0,1,0,0
"COG1150",8,4,2,5,4,1,0,3,0,2,5,3,1,7,0,3,5,0,13,5,6,0,5,0,1,6,6,6,4,3
"COG1151",97,106,134,125,106,151,103,122,108,178,130,141,106,78,117,102,121,109,82,97,93,125,182,90,96,152,132,98,50,64
"COG1152",17,1,7,2,7,5,7,3,10,6,9,8,7,4,0,5,0,0,2,2,1,1,30,0,2,45,15,9,2,7
"COG1154",168,168,176,197,177,204,221,188,217,165,204,165,249,209,241,241,222,300,166,194,252,212,178,83,176,205,177,246,134,265
"COG1155",90,93,92,114,100,117,116,89,115,63,88,92,108,122,60,108,100,86,127,85,101,103,127,68,39,115,122,92,58,80
"COG1156",72,74,70,98,70,77,94,57,82,54,78,81,54,114,62,101,80,62,90,83,66,103,74,55,29,92,98,78,49,73
"COG1157",18,10,14,6,30,20,27,11,39,51,13,9,17,10,60,19,42,9,14,4,21,5,22,102,2,13,10,5,27,9
"COG1158",90,69,45,65,96,91,81,55,72,112,70,54,80,88,82,20,12,37,24,18,39,12,37,20,19,22,18,41,32,16
"COG1159",80,72,74,61,76,88,67,44,68,92,96,79,69,105,102,77,90,74,91,102,78,81,83,60,110,93,58,81,58,95
"COG1160",197,164,171,186,164,179,171,222,170,218,183,171,152,212,164,57,51,72,70,68,64,56,50,35,68,48,49,66,43,81
"COG1161",31,32,24,11,52,27,36,19,42,62,80,60,28,98,68,40,33,10,30,22,21,19,76,13,39,57,25,30,17,32
"COG1162",88,79,109,76,73,101,76,75,74,91,95,95,68,133,106,91,87,96,73,91,91,88,62,69,26,96,63,97,74,108
"COG1164",74,71,55,20,95,82,51,33,61,74,152,106,91,155,83,79,42,12,52,47,43,35,176,28,30,171,34,58,30,63
"COG1165",93,86,83,123,40,62,46,117,37,46,42,22,67,24,43,39,20,126,54,51,113,32,22,42,79,37,62,80,62,89
"COG1166",77,70,85,99,64,95,104,73,90,35,32,50,63,45,63,72,61,124,103,85,142,119,7,60,3,49,80,91,85,137
"COG1167",97,124,100,78,171,122,100,58,124,174,174,170,120,93,172,92,142,35,95,135,88,67,253,137,175,146,136,118,133,108
"COG1168",164,145,155,211,135,161,155,202,171,123,147,123,117,148,133,117,162,152,152,140,181,190,181,128,267,82,185,133,145,136
"COG1169",17,31,44,63,32,33,39,45,34,31,23,32,40,23,10,26,29,70,36,35,51,59,4,61,1,26,44,54,54,56
"COG1171",15,26,14,30,30,21,24,31,23,34,30,41,19,14,34,81,67,62,67,97,87,68,84,139,154,70,86,80,137,78
"COG1172",88,54,90,106,104,69,71,37,79,138,118,95,70,53,78,48,65,24,76,111,103,63,143,535,106,192,215,50,182,37
"COG1173",104,102,96,106,124,115,73,52,102,133,195,182,131,85,101,108,92,50,91,121,101,76,260,265,364,141,157,90,150,95
"COG1174",17,12,17,18,3,3,9,5,4,1,11,29,20,6,6,4,8,9,19,10,10,15,11,64,63,9,10,14,36,3
"COG1175",158,210,224,149,470,283,256,125,407,558,490,352,252,220,335,287,246,53,276,307,188,108,720,653,644,706,359,182,422,206
"COG1176",62,63,47,58,95,55,66,59,85,86,59,83,84,50,65,63,61,77,40,91,46,52,75,84,26,96,70,67,68,87
"COG1177",66,53,71,43,86,65,64,44,83,89,83,82,92,36,76,62,66,59,57,74,48,47,105,104,28,85,79,89,71,63
"COG1178",34,40,47,57,29,41,33,32,36,22,17,22,22,33,38,30,55,10,32,59,68,49,37,152,97,86,41,50,47,27
"COG1179",58,65,63,54,74,72,47,46,57,69,83,56,60,116,79,63,76,65,43,55,55,62,54,34,64,76,62,58,35,68
"COG1180",85,83,136,107,81,66,84,98,78,88,107,99,90,113,112,79,106,164,120,99,105,55,120,182,169,107,131,111,135,61
"COG1181",84,88,97,62,126,101,109,79,101,105,120,107,89,128,116,98,101,112,97,107,111,127,136,106,109,128,102,110,121,115
"COG1182",4,0,4,3,1,2,2,3,0,1,1,3,4,1,0,1,0,1,2,9,0,1,4,5,0,0,8,2,11,7
"COG1183",44,47,36,65,36,45,64,108,50,35,36,38,43,43,33,51,49,78,58,42,52,45,25,9,48,42,40,47,28,64
"COG1184",0,0,0,0,0,3,0,0,0,0,1,2,0,0,0,1,1,0,0,0,2,0,0,0,0,1,0,0,3,0
"COG1185",156,155,182,150,244,234,179,162,237,134,170,185,186,283,204,185,196,223,167,192,175,173,145,103,255,220,187,174,151,230
"COG1186",103,98,105,112,126,105,90,100,141,98,106,122,90,127,105,91,108,117,76,91,105,93,110,85,94,134,100,119,95,110
"COG1187",93,91,92,48,129,104,78,43,75,98,145,95,105,151,122,100,92,85,89,90,113,78,148,111,42,162,88,116,125,97
"COG1188",28,35,29,33,43,40,40,29,28,40,35,28,33,25,31,9,7,10,13,8,10,10,9,6,6,9,8,9,8,10
"COG1189",33,28,24,19,56,26,25,10,46,48,70,41,31,63,61,34,37,9,19,37,28,21,60,20,43,67,26,25,15,24
"COG1190",133,123,141,171,154,159,159,133,141,140,149,153,154,197,161,176,149,150,128,165,179,143,142,129,164,183,151,213,164,167
"COG1191",116,109,77,34,205,140,95,59,127,212,251,208,157,276,256,170,162,30,51,92,65,47,211,140,67,214,133,69,71,100
"COG1192",234,229,229,148,272,252,171,147,189,273,285,378,253,319,252,349,238,426,160,265,166,149,377,260,212,307,231,229,304,305
"COG1193",182,151,158,122,192,150,142,78,174,149,200,194,141,199,212,177,159,237,189,143,178,153,179,68,91,226,140,189,102,169
"COG1194",87,45,57,59,56,68,55,55,56,46,69,76,69,55,63,61,53,79,78,69,68,57,68,47,47,65,72,84,75,84
"COG1195",115,104,94,93,106,117,110,149,110,114,135,126,113,136,134,98,138,125,104,135,108,102,170,80,107,109,132,107,106,118
"COG1196",82,98,62,30,150,86,104,43,139,115,286,216,130,289,234,148,114,40,35,96,101,66,242,64,195,197,94,135,60,78
"COG1197",247,198,236,140,258,262,249,195,285,216,320,296,238,353,275,266,259,277,218,221,236,250,335,151,367,283,224,308,211,331
"COG1198",160,179,148,166,167,182,161,159,188,192,203,193,164,241,188,167,165,232,140,160,184,153,230,94,193,196,163,216,177,212
"COG1199",51,61,69,36,115,46,53,45,88,126,132,90,86,52,63,85,83,22,38,67,53,30,169,184,109,111,70,42,129,75
"COG1200",160,130,131,119,149,181,139,117,153,140,203,150,146,258,158,170,142,159,131,152,163,138,191,113,229,187,135,188,113,209
"COG1201",4,3,7,2,4,6,2,5,13,1,4,5,14,3,4,3,0,1,11,25,12,2,99,119,112,20,24,7,79,3
"COG1203",55,43,59,17,92,45,81,48,79,153,116,110,66,136,59,107,67,150,80,103,47,67,164,96,192,57,103,44,42,60
"COG1204",40,36,26,7,25,21,47,30,20,177,22,21,60,22,21,28,48,23,87,58,16,16,0,7,18,15,10,48,30,56
"COG1205",24,20,22,4,7,5,14,5,6,76,13,9,9,16,0,46,44,75,6,39,20,72,84,2,2,14,3,10,37,5
"COG1206",24,15,10,2,34,24,19,12,22,14,56,60,11,53,31,23,19,6,20,35,17,18,27,0,60,74,4,24,9,27
"COG1207",19,12,23,12,30,22,12,17,31,15,41,36,28,21,39,18,30,30,20,36,37,18,77,46,123,36,24,30,51,15
"COG1208",111,159,108,118,126,163,151,193,117,100,88,141,122,62,73,86,145,135,124,117,158,137,21,19,41,94,110,91,28,85
"COG1209",69,132,102,115,113,82,111,91,93,73,73,100,85,62,118,32,22,35,29,25,47,40,36,19,12,33,24,35,31,33
"COG1210",6,4,4,10,10,6,7,7,8,9,16,11,12,5,9,5,18,56,14,36,22,15,61,92,37,7,21,27,46,50
"COG1211",90,109,87,82,109,109,95,80,85,102,120,92,117,74,139,129,92,150,108,95,120,90,104,37,91,79,96,98,75,202
"COG1212",47,34,63,65,39,43,69,51,36,36,30,29,61,32,27,41,49,81,64,54,43,65,14,19,47,52,31,37,41,63
"COG1213",6,20,18,25,17,16,5,6,6,4,2,16,21,7,2,17,10,5,42,4,9,16,3,5,1,4,19,7,19,8
"COG1214",79,59,57,82,68,72,60,65,59,79,73,76,62,89,75,64,72,83,52,65,68,66,73,33,91,88,69,81,61,71
"COG1215",140,130,164,158,83,103,185,128,104,70,72,83,148,151,127,146,114,117,138,90,140,177,113,166,211,100,126,129,249,120
"COG1216",200,293,219,236,219,153,232,278,247,215,159,256,265,123,231,279,179,217,233,225,253,186,110,149,227,138,210,188,135,165
"COG1217",160,146,159,178,176,181,131,165,182,156,169,145,162,216,187,160,153,160,132,181,167,175,168,111,153,213,173,171,165,188
"COG1218",31,23,36,48,19,42,36,45,23,22,17,18,40,47,19,44,31,52,41,24,25,44,2,30,1,29,34,42,19,29
"COG1219",129,118,146,105,175,139,130,111,155,178,167,136,136,151,200,175,177,136,132,142,119,102,153,97,176,149,144,97,98,163
"COG1220",4,2,12,5,3,4,7,16,1,0,4,3,7,7,0,13,14,8,4,22,12,9,29,60,75,2,4,7,39,6
"COG1221",14,20,7,14,3,25,22,61,18,18,46,23,8,20,13,12,64,49,16,48,38,9,48,74,407,4,94,10,62,31
"COG1225",45,32,45,38,30,34,36,53,20,66,32,19,56,25,21,34,34,48,38,39,46,44,43,28,14,27,38,27,26,35
"COG1226",43,34,53,87,28,60,46,84,55,34,31,32,49,28,19,41,57,49,22,50,52,67,56,202,39,38,56,30,160,47
"COG1227",67,54,39,22,76,41,49,30,64,87,108,102,70,141,115,89,82,27,28,42,34,26,112,34,134,73,75,40,53,45
"COG1228",72,74,103,102,90,102,101,83,86,29,66,56,83,66,89,21,16,11,29,22,20,30,17,12,8,24,29,37,13,23
"COG1230",14,16,32,18,5,27,14,7,8,14,5,4,7,4,7,6,15,23,32,9,12,12,33,35,18,25,12,15,42,11
"COG1232",26,71,46,27,48,28,32,31,32,28,24,9,25,115,38,15,62,5,30,27,13,11,35,7,52,26,45,19,47,21
"COG1233",27,14,29,55,15,24,17,45,5,8,13,20,7,18,8,18,28,6,14,9,29,18,5,0,1,7,21,35,15,7
"COG1234",82,70,60,59,71,62,67,61,89,102,124,69,84,81,72,84,85,103,96,79,106,55,116,59,101,72,70,59,47,82
"COG1235",120,84,89,102,136,114,142,145,114,111,100,107,118,109,92,108,112,161,121,194,154,108,82,47,56,118,87,159,100,155
"COG1236",55,51,30,19,75,47,34,31,65,72,78,74,38,96,81,53,61,11,20,40,43,30,73,32,80,99,32,32,56,59
"COG1237",21,16,36,29,5,10,18,15,13,7,6,15,14,7,7,15,16,38,32,13,22,17,2,25,20,14,15,23,9,9
"COG1238",33,27,28,41,15,30,32,38,26,17,17,7,32,19,25,29,24,51,41,28,43,35,1,6,1,16,31,31,14,43
"COG1239",1,2,8,3,2,1,3,1,3,5,1,3,0,13,30,0,1,8,0,2,2,2,0,0,3,17,4,2,0,1
"COG1240",0,2,0,5,2,0,2,1,2,5,3,2,3,3,21,1,1,9,1,0,1,2,1,1,1,7,0,5,0,1
"COG1242",50,52,47,39,61,73,63,44,89,67,68,58,66,98,60,41,56,86,69,54,47,40,60,37,50,51,49,68,32,58
"COG1243",4,0,10,7,5,8,1,0,9,8,25,6,7,41,12,4,5,4,6,8,4,10,5,0,3,19,3,16,11,12
"COG1246",6,2,8,8,1,3,3,7,3,2,1,3,6,4,3,2,2,4,4,9,6,5,6,51,19,1,8,11,49,8
"COG1247",29,40,29,26,55,31,26,53,49,37,58,50,43,33,35,43,58,28,33,33,42,20,69,19,52,33,20,36,32,19
"COG1249",187,144,211,203,83,130,209,177,163,53,68,104,141,102,90,130,121,87,176,126,168,239,81,238,147,72,183,180,216,102
"COG1250",22,28,25,14,27,28,20,8,36,45,37,41,47,20,40,13,4,3,7,22,5,7,19,48,11,16,13,14,27,10
"COG1251",3,1,4,11,3,0,5,4,1,7,9,3,13,1,0,4,2,1,8,6,27,5,21,139,3,2,20,2,62,3
"COG1252",21,58,52,57,27,23,39,25,10,11,10,4,23,9,11,28,20,40,51,24,28,46,15,32,24,14,30,32,44,40
"COG1253",221,207,225,222,241,218,213,234,235,229,215,190,285,206,185,236,235,265,274,253,275,199,239,153,298,219,221,292,207,257
"COG1254",10,8,8,1,6,7,3,1,14,26,13,10,10,9,6,6,11,1,4,6,4,6,32,8,14,6,16,3,8,2
"COG1256",46,40,17,7,84,42,54,31,50,118,52,6,62,23,108,94,81,13,10,24,46,18,39,51,6,52,9,4,37,21
"COG1257",1,0,1,7,0,0,0,2,0,0,0,0,3,0,0,0,1,1,2,0,3,0,15,0,0,1,3,5,0,0
"COG1259",26,24,41,27,16,21,28,15,16,10,1,12,30,13,11,23,14,28,24,13,18,29,1,0,1,11,15,23,10,19
"COG1260",48,47,39,56,48,77,58,73,31,33,15,28,38,28,39,62,36,100,34,49,74,87,8,0,50,29,46,54,19,76
"COG1261",4,0,3,5,0,0,0,0,0,0,0,1,1,0,0,0,0,0,0,1,0,0,2,17,0,0,2,2,8,1
"COG1262",141,134,110,146,62,88,91,140,64,36,28,52,84,55,68,42,107,100,102,64,112,178,8,1,2,35,90,80,115,163
"COG1263",76,96,171,145,156,72,71,100,172,185,230,373,167,90,130,27,48,24,51,60,26,35,170,224,148,53,107,24,106,46
"COG1264",84,80,138,139,144,65,71,78,161,167,212,332,163,74,110,61,109,61,96,145,81,84,539,666,384,142,315,69,293,121
"COG1266",28,36,22,30,35,35,25,27,31,45,36,27,24,23,20,105,116,77,83,72,88,43,92,48,30,69,62,83,102,94
"COG1267",31,8,21,18,12,22,24,21,16,12,9,9,29,18,10,19,8,43,13,17,21,22,2,27,1,10,17,13,20,32
"COG1268",33,25,23,18,51,23,20,19,41,47,63,53,29,22,56,38,31,11,19,34,26,15,47,23,94,32,36,30,21,24
"COG1269",105,90,114,121,95,94,112,110,124,69,119,95,117,120,66,112,101,79,119,93,83,100,118,73,46,119,97,99,48,81
"COG1270",38,39,50,29,39,40,53,31,85,39,63,67,59,28,56,37,39,34,45,29,41,66,42,21,82,43,58,34,21,44
"COG1271",61,53,72,70,48,76,86,67,68,25,32,29,58,39,50,45,39,111,70,46,81,92,23,41,48,44,49,84,73,81
"COG1272",57,45,41,51,29,14,40,72,39,51,46,30,38,61,48,50,64,51,37,55,51,47,67,31,81,45,58,45,33,45
"COG1273",0,1,0,0,0,0,0,0,0,0,1,0,0,0,0,0,0,0,0,0,1,0,0,14,0,0,0,0,3,0
"COG1274",7,3,4,0,23,29,1,2,3,5,3,14,3,13,9,8,0,1,5,10,1,1,0,0,0,18,4,14,17,19
"COG1275",4,1,8,8,1,1,6,6,3,6,7,9,10,3,3,4,12,7,9,7,8,13,1,19,24,1,14,3,22,5
"COG1276",0,0,1,2,0,0,1,0,0,0,0,1,0,0,0,0,0,0,2,1,0,2,4,24,0,0,3,1,18,0
"COG1277",49,50,60,28,23,47,27,20,32,25,51,53,41,56,40,49,43,12,35,36,18,38,65,42,20,42,49,24,26,36
"COG1278",15,10,10,6,15,10,7,15,6,14,14,9,13,16,11,5,11,10,15,21,6,8,17,73,27,9,19,9,36,6
"COG1279",3,1,14,2,1,3,3,7,1,2,1,1,8,1,3,3,7,1,9,10,10,1,2,19,24,1,9,3,13,4
"COG1280",30,15,26,14,7,36,32,20,41,4,8,13,42,8,12,23,14,8,28,85,23,26,14,89,19,7,19,40,58,20
"COG1281",11,13,17,7,16,15,14,5,20,21,27,21,16,14,19,45,44,15,20,34,27,21,68,57,53,71,32,26,41,42
"COG1282",6,0,2,1,3,0,2,2,2,1,0,0,2,0,1,0,1,0,0,6,0,0,22,23,39,1,3,5,32,0
"COG1283",166,206,169,165,263,191,195,239,216,214,245,250,211,137,219,203,256,239,201,176,175,191,186,137,126,245,208,200,96,282
"COG1284",165,170,195,158,212,183,156,217,213,239,274,259,208,265,239,211,203,244,204,195,201,175,248,131,230,210,192,231,96,214
"COG1285",30,31,26,41,33,35,28,29,17,28,36,23,29,12,17,19,27,33,41,49,49,19,38,82,26,45,29,43,38,26
"COG1286",7,1,9,1,1,12,2,1,0,0,1,3,3,0,0,0,1,5,6,4,1,1,2,18,1,0,3,2,22,0
"COG1287",0,0,0,1,0,1,0,0,1,0,0,2,0,0,0,0,0,0,0,0,0,0,0,0,0,1,0,0,0,0
"COG1288",35,37,69,67,45,18,49,23,27,28,43,22,52,33,16,15,23,15,74,33,26,42,70,274,53,18,67,22,99,23
"COG1289",3,2,27,27,0,1,10,7,5,7,11,4,20,35,5,3,1,0,0,11,0,1,9,92,0,2,7,0,70,0
"COG1290",0,0,0,0,0,0,1,0,0,0,0,1,0,2,0,0,0,0,0,0,0,0,0,0,0,0,0,0,0,0
"COG1291",28,8,8,7,35,6,12,14,10,21,5,3,28,4,27,13,17,3,10,8,7,5,14,34,1,15,9,1,19,5
"COG1292",28,23,32,38,18,5,18,11,34,81,77,19,26,35,17,9,11,13,11,48,32,19,71,184,24,8,39,18,91,13
"COG1293",47,51,46,15,77,50,50,24,72,88,124,83,60,96,99,62,73,21,28,60,34,28,92,29,96,103,56,46,16,73
"COG1294",58,40,49,84,32,72,74,82,65,40,33,37,80,42,37,50,55,100,72,76,84,67,27,72,64,34,52,63,86,66
"COG1295",84,95,91,70,79,69,104,78,75,78,54,54,86,89,117,88,84,132,83,79,81,76,49,84,20,63,81,104,79,70
"COG1296",34,35,19,21,60,39,28,23,51,53,55,45,40,30,51,41,31,20,15,40,29,22,73,36,119,60,34,29,47,27
"COG1297",71,75,80,71,85,84,82,66,85,57,74,65,81,67,105,100,58,125,66,100,115,90,52,19,56,46,65,95,42,111
"COG1298",30,20,3,8,62,21,25,22,25,91,26,9,29,12,53,36,49,10,10,17,30,17,26,79,6,32,15,5,32,10
"COG1299",30,57,90,35,92,48,63,40,72,75,133,90,74,40,100,55,96,26,31,67,69,61,160,267,244,89,56,39,148,49
"COG1300",28,16,22,24,4,13,21,6,1,4,8,6,20,41,7,16,13,3,9,6,8,25,1,0,0,7,4,15,10,5
"COG1301",118,118,153,118,93,80,123,117,85,104,146,142,109,145,107,65,196,164,112,209,132,155,175,239,386,77,181,117,122,138
"COG1302",35,28,16,11,63,36,32,11,35,60,77,38,36,35,80,43,35,10,17,39,14,10,65,26,34,75,31,24,21,26
"COG1304",13,11,16,16,22,18,12,8,34,21,20,47,25,5,18,12,10,5,13,31,10,27,75,50,9,36,16,23,33,12
"COG1305",121,102,64,32,123,82,78,55,97,106,87,93,107,69,87,129,90,12,72,98,40,67,107,42,118,147,64,72,63,56
"COG1306",1,0,2,1,5,3,1,1,0,0,3,1,1,0,0,3,3,0,7,3,7,5,0,19,2,14,4,1,10,1
"COG1307",114,167,71,32,221,147,112,56,154,224,260,214,154,85,221,200,136,40,88,106,75,63,271,86,71,225,104,98,74,123
"COG1309",130,112,153,92,212,155,147,114,143,164,239,177,150,221,201,164,181,53,168,207,125,83,237,451,251,189,215,116,344,126
"COG1310",2,6,5,1,6,2,2,5,4,8,7,2,29,2,14,10,11,0,1,3,1,5,1,8,1,3,0,5,6,5
"COG1312",73,127,65,80,83,94,95,84,98,61,67,128,109,45,50,96,86,69,67,59,89,72,36,87,90,76,87,87,58,81
"COG1313",30,37,11,3,55,26,23,13,21,49,60,44,18,76,69,18,15,2,3,11,3,7,14,1,13,15,7,3,6,8
"COG1314",1,0,2,1,2,0,0,0,3,1,4,0,5,5,5,2,3,2,3,6,3,3,0,21,1,2,3,4,17,0
"COG1315",30,39,5,2,55,11,23,17,30,68,25,1,40,19,68,46,62,16,6,11,22,11,14,33,1,21,6,5,1,14
"COG1316",91,85,45,36,117,77,71,50,100,166,206,71,114,190,145,108,118,34,73,76,83,48,189,124,317,147,84,65,55,82
"COG1317",5,0,1,2,8,6,2,1,2,0,2,2,7,3,10,6,0,1,0,1,1,1,6,24,2,1,4,0,13,2
"COG1319",19,18,22,25,29,17,14,9,43,38,46,38,28,29,44,25,33,3,17,23,47,23,61,131,39,34,54,24,32,17
"COG1320",0,0,2,0,0,2,3,0,0,0,0,0,0,1,0,1,0,0,6,0,0,1,0,0,1,0,0,2,0,1
"COG1321",26,25,31,8,48,28,17,14,29,44,56,35,37,48,32,31,21,13,20,26,15,7,26,48,32,44,37,18,22,33
"COG1322",16,20,25,28,18,14,18,19,29,10,24,31,27,27,24,61,42,113,77,72,78,64,55,62,49,62,50,94,74,101
"COG1323",37,22,29,11,42,36,30,12,54,42,75,77,50,92,48,40,42,10,31,23,26,23,90,24,65,76,27,20,19,39
"COG1324",1,0,4,1,0,0,2,0,0,0,0,1,1,12,2,0,0,0,0,2,2,0,1,20,1,2,1,1,15,0
"COG1327",23,27,9,10,28,28,12,21,21,20,46,20,18,19,27,31,32,7,12,27,16,16,67,38,61,43,29,22,23,27
"COG1328",252,228,187,211,304,290,210,204,243,188,297,246,245,355,525,235,302,176,223,224,253,232,268,211,261,314,268,225,203,277
"COG1329",4,1,3,0,4,10,2,0,4,4,7,2,3,29,12,11,0,2,6,5,2,3,9,0,15,16,5,4,8,4
"COG1330",0,3,7,2,0,0,2,4,0,3,4,3,17,0,1,2,1,0,1,7,0,1,6,71,0,0,6,2,67,3
"COG1331",1,0,0,3,0,1,1,0,0,0,0,3,1,0,0,0,0,0,6,0,0,0,0,5,0,0,1,0,1,0
"COG1332",2,1,0,1,8,1,4,0,0,0,9,0,2,2,14,4,6,6,2,5,1,2,0,0,5,6,0,0,2,2
"COG1333",10,14,15,6,3,1,3,2,2,2,1,3,10,3,2,6,14,3,20,20,16,21,0,0,1,1,14,21,5,3
"COG1335",42,30,44,32,51,25,24,16,31,89,50,48,46,43,46,34,40,17,56,45,35,25,47,122,102,41,42,28,67,28
"COG1336",1,0,5,0,0,0,0,1,0,0,0,0,0,1,0,0,0,0,1,0,1,0,0,0,0,0,0,2,0,0
"COG1337",1,1,4,1,4,0,4,0,0,2,7,0,0,3,4,6,4,5,0,4,2,0,2,1,3,4,0,2,0,1
"COG1338",13,7,2,3,26,6,13,7,10,57,12,3,10,6,34,12,23,0,3,6,15,3,10,27,0,9,9,3,17,7
"COG1342",16,27,16,14,13,31,4,10,19,30,15,13,16,15,16,3,16,23,10,17,23,9,17,4,46,30,19,13,7,18
"COG1343",13,11,12,0,7,6,16,11,11,32,17,25,7,16,12,21,16,28,17,23,22,5,26,14,2,17,17,5,5,6
"COG1344",115,100,16,7,170,61,78,57,51,221,86,9,92,28,170,104,173,33,33,55,36,23,51,90,5,86,19,15,13,40
"COG1345",32,41,7,3,30,25,14,4,20,31,19,8,19,14,44,41,45,6,8,7,20,7,25,46,9,27,6,5,31,7
"COG1346",52,65,31,51,70,62,52,43,47,76,51,64,84,32,60,58,57,71,66,50,58,47,62,19,46,52,34,58,40,69
"COG1347",37,26,42,44,21,35,28,44,25,20,12,20,38,16,15,22,11,23,11,14,11,12,3,0,1,10,12,6,3,13
"COG1348",6,3,4,2,5,6,10,3,32,9,18,25,9,6,11,3,3,2,7,25,8,4,28,8,0,9,12,17,5,7
"COG1349",55,70,80,102,69,71,83,142,75,136,114,80,118,66,74,61,183,63,75,136,95,74,158,418,378,90,173,71,268,83
"COG1350",37,46,67,88,72,70,60,70,61,51,38,43,65,56,36,64,35,126,72,58,51,63,5,5,9,40,50,98,19,78
"COG1351",21,8,15,8,36,20,9,9,27,55,37,37,9,10,154,20,15,17,9,19,7,8,30,0,34,30,4,22,10,25
"COG1352",16,14,6,3,24,13,14,17,11,42,13,5,16,11,27,20,17,6,7,10,13,3,12,29,5,20,11,3,15,4
"COG1353",5,2,9,2,14,14,12,0,1,2,18,0,9,13,7,15,6,3,2,16,16,3,4,0,9,8,1,7,5,5
"COG1354",30,33,26,10,44,22,25,9,38,57,61,44,28,68,44,39,43,11,12,42,22,14,57,14,49,54,28,22,18,29
"COG1355",7,0,0,0,0,0,0,0,0,0,0,0,0,0,0,0,0,91,0,1,0,0,14,0,0,0,0,12,5,0
"COG1357",27,22,48,19,24,45,36,31,62,19,32,42,51,55,28,28,38,14,40,51,26,42,12,131,20,34,34,31,147,29
"COG1358",5,4,2,2,7,3,5,1,4,8,8,2,5,5,10,16,19,5,12,19,8,6,15,12,50,21,13,10,8,11
"COG1359",18,12,16,13,7,20,23,11,13,8,10,10,14,21,12,6,10,7,22,8,16,10,16,33,0,4,14,10,32,12
"COG1360",51,22,36,24,36,23,16,11,13,48,16,13,25,17,43,11,39,46,26,32,43,29,13,58,2,18,24,34,27,42
"COG1361",5,0,7,1,6,2,2,0,5,0,4,2,2,1,4,13,1,1,1,3,4,1,5,5,8,25,2,7,1,1
"COG1362",65,86,60,46,192,98,70,57,117,174,189,151,88,99,168,94,159,98,51,98,80,52,149,61,205,170,100,66,32,117
"COG1363",31,29,19,26,60,46,36,13,44,46,77,28,28,18,27,34,19,9,31,19,27,24,46,108,36,60,68,39,74,40
"COG1364",38,38,23,12,71,50,33,23,73,55,74,77,51,40,74,41,69,16,22,25,42,23,66,29,118,89,29,23,28,61
"COG1366",23,24,17,6,25,17,26,15,18,38,43,30,20,15,15,30,22,4,13,11,14,8,27,13,14,40,30,21,10,12
"COG1368",242,295,168,176,221,239,157,144,172,303,292,156,199,274,224,214,209,343,239,267,178,203,359,112,273,276,190,270,196,198
"COG1372",9,0,0,0,0,48,0,1,0,0,0,0,0,0,1,0,0,0,1822,0,0,0,0,0,0,1,0,0,0,1
"COG1373",467,646,425,374,521,429,349,322,332,808,481,361,329,525,618,527,380,1555,426,802,704,411,281,40,237,579,390,529,253,659
"COG1376",37,60,59,34,97,50,56,36,93,108,124,55,78,87,70,65,52,19,37,64,40,25,208,147,70,109,102,33,147,54
"COG1377",20,11,4,6,26,15,21,4,15,59,11,9,26,14,41,21,26,7,6,15,9,2,16,85,4,23,14,2,48,6
"COG1378",4,0,4,0,8,2,7,2,9,11,7,7,5,1,9,0,5,1,4,5,3,1,12,5,7,6,9,7,1,3
"COG1379",8,2,6,9,1,3,4,3,3,9,14,7,6,44,10,5,4,2,5,4,11,11,6,32,13,7,26,2,11,5
"COG1380",26,29,40,22,37,27,25,37,20,53,32,40,45,17,39,32,38,52,50,39,36,20,28,21,14,38,37,26,38,43
"COG1381",30,31,28,16,39,24,19,13,36,42,47,47,28,62,42,26,28,11,24,32,25,14,66,42,68,59,32,21,31,22
"COG1384",1,0,0,0,0,3,0,0,0,0,6,4,1,2,0,0,0,0,1,0,0,0,1,0,0,1,1,0,0,0
"COG1385",44,59,44,36,68,47,38,38,50,60,73,53,48,63,56,38,78,43,45,58,58,44,73,27,74,67,54,61,43,75
"COG1386",25,23,19,8,45,24,32,10,22,25,64,31,28,63,42,33,34,10,13,22,21,11,63,9,45,46,17,15,11,30
"COG1387",113,104,98,82,90,93,110,140,136,134,127,95,122,81,86,96,164,114,110,85,77,112,102,78,246,113,126,83,92,130
"COG1388",78,62,50,48,130,97,97,66,78,127,137,106,74,119,126,78,122,54,33,60,41,69,99,30,51,145,85,45,37,48
"COG1390",1,1,2,1,4,4,0,0,2,3,1,0,3,1,1,1,0,1,2,1,4,2,14,3,2,3,6,0,0,0
"COG1391",9,1,13,5,0,3,6,4,12,0,3,6,17,6,0,4,5,6,0,12,14,9,36,102,73,1,23,8,90,5
"COG1392",24,15,25,31,7,20,25,41,15,9,10,14,11,20,12,14,21,12,10,51,19,29,10,15,39,11,12,22,12,10
"COG1393",29,26,36,16,31,24,15,12,25,22,39,35,30,28,36,28,15,9,28,45,24,20,39,52,13,35,38,22,56,17
"COG1394",40,29,48,24,34,37,26,15,32,27,44,32,36,60,21,40,33,21,36,39,28,31,35,33,18,43,58,32,27,24
"COG1396",163,136,167,95,247,155,141,117,152,295,281,204,152,234,235,72,47,39,46,56,31,39,105,92,51,101,57,46,66,51
"COG1397",10,33,41,45,42,31,12,72,36,26,22,21,47,46,38,72,39,79,110,73,57,41,34,55,127,53,27,65,56,52
"COG1399",24,9,24,5,36,18,24,11,39,34,49,36,25,16,13,14,33,10,16,32,23,7,54,43,67,32,22,39,45,23
"COG1401",50,56,52,16,77,33,33,38,52,108,66,30,53,27,20,21,30,182,55,123,77,9,44,10,94,60,37,97,65,86
"COG1402",28,24,35,34,12,24,17,43,9,17,16,29,20,25,9,26,28,10,24,23,20,32,19,30,73,6,30,27,20,27
"COG1403",22,9,16,2,13,7,5,2,19,8,15,7,19,13,24,10,14,58,18,24,42,4,8,15,6,8,16,8,25,9
"COG1404",188,258,158,254,266,263,310,234,311,238,267,207,299,166,207,247,237,154,442,206,270,206,298,116,108,256,242,254,128,233
"COG1406",3,3,0,0,8,1,1,5,3,5,3,0,14,3,7,3,7,1,0,1,1,0,4,0,0,1,0,0,0,3
"COG1408",137,128,125,111,105,119,164,161,155,114,94,107,107,112,97,99,109,205,119,107,115,150,94,56,109,129,120,158,96,197
"COG1409",226,148,210,256,124,294,237,318,244,106,134,211,338,140,171,240,249,174,202,249,233,243,94,109,298,151,166,169,115,253
"COG1410",205,183,172,212,192,229,233,218,247,181,158,222,247,122,210,216,235,215,162,189,244,234,141,167,175,175,187,230,155,234
"COG1413",0,8,4,1,1,0,1,1,0,2,1,0,4,0,0,0,0,0,1,6,0,0,0,43,1,2,10,0,44,0
"COG1414",35,16,21,30,15,20,39,18,30,22,30,27,39,34,22,19,11,16,31,53,30,33,70,209,38,35,51,37,129,25
"COG1415",0,0,0,0,0,0,0,1,0,0,0,0,0,0,0,0,0,0,0,0,0,0,0,0,0,0,0,0,0,0
"COG1416",0,0,0,0,0,0,0,0,1,0,0,0,0,0,0,0,0,0,0,1,1,0,0,2,0,0,0,0,2,0
"COG1418",133,153,147,169,214,180,156,147,166,156,198,199,180,233,217,55,52,52,56,76,77,43,74,22,66,85,48,63,34,67
"COG1419",11,10,2,0,30,12,18,13,19,36,13,1,21,4,48,5,7,1,1,3,2,1,1,0,0,6,0,0,1,2
"COG1420",36,47,20,10,72,45,35,25,65,45,95,67,45,116,80,56,61,23,27,42,27,25,110,21,73,87,39,49,24,34
"COG1424",0,0,1,0,0,1,1,2,1,0,0,1,0,0,0,1,8,4,1,4,4,2,15,0,34,9,0,1,2,3
"COG1426",2,2,2,3,0,0,0,4,2,0,5,2,2,2,1,1,8,1,2,6,6,1,23,21,9,1,1,1,9,1
"COG1427",10,1,4,0,1,3,4,4,1,0,3,1,0,5,1,5,15,9,13,24,4,1,1,0,42,1,0,9,10,3
"COG1428",3,0,6,0,1,1,0,0,0,18,3,1,4,3,10,5,0,63,9,31,14,1,36,0,0,5,1,23,12,44
"COG1429",81,107,92,135,32,84,146,133,130,62,45,79,105,50,118,98,84,79,93,104,100,94,7,5,10,46,68,121,53,99
"COG1430",6,10,2,0,11,3,1,0,1,0,0,1,0,4,0,0,0,5,2,0,0,2,1,8,0,7,0,1,0,0
"COG1431",0,0,0,0,1,0,0,0,5,0,0,0,0,0,0,0,0,0,0,2,0,0,0,0,0,0,7,0,2,0
"COG1432",42,15,23,11,19,20,48,6,50,39,25,13,23,19,59,28,30,17,16,22,9,5,54,20,11,31,16,14,19,18
"COG1433",16,22,11,9,15,25,3,6,11,9,19,4,14,3,12,5,10,20,10,9,13,3,23,1,0,4,16,10,2,8
"COG1434",35,20,21,24,35,23,26,18,30,26,50,27,28,35,27,13,55,15,15,19,19,11,67,65,131,44,41,29,69,23
"COG1435",37,40,61,26,32,38,43,32,41,10,39,43,42,56,35,35,24,18,45,32,26,42,41,40,11,42,33,50,39,33
"COG1436",1,0,1,0,0,1,1,0,1,1,0,3,2,2,1,3,0,0,3,6,6,1,11,5,1,7,7,5,2,3
"COG1437",2,0,2,1,0,0,0,0,0,2,0,1,3,1,0,2,0,1,0,2,0,0,2,0,1,0,1,0,0,0
"COG1438",51,57,57,35,40,56,54,61,48,59,54,38,39,34,46,59,63,47,48,52,51,49,44,73,31,42,27,51,38,60
"COG1440",5,8,10,13,8,4,6,6,8,6,25,19,6,3,4,9,7,2,16,9,6,3,20,17,12,11,15,3,26,7
"COG1441",0,0,0,0,0,0,2,0,0,1,2,1,5,0,0,0,2,0,0,2,0,1,1,14,0,0,2,0,16,1
"COG1442",82,104,51,57,82,67,58,56,157,186,109,44,92,42,112,22,36,34,29,50,32,15,69,54,10,23,22,22,37,44
"COG1443",20,12,18,27,8,17,20,11,16,15,2,10,15,11,10,19,19,31,13,15,5,24,3,10,1,5,14,31,16,14
"COG1444",0,0,5,2,0,0,3,0,0,1,6,2,1,0,0,0,0,0,0,7,0,1,8,56,1,0,10,0,38,0
"COG1445",27,43,69,21,79,36,40,38,80,76,132,85,69,43,81,65,102,9,24,61,42,49,144,210,259,89,66,42,141,63
"COG1446",8,24,18,37,4,13,17,34,12,10,18,15,11,9,3,10,25,9,11,12,15,18,27,65,28,5,21,12,26,8
"COG1447",0,2,5,3,7,1,2,0,2,1,2,9,5,2,1,7,12,8,4,12,9,6,24,43,27,6,10,4,32,9
"COG1448",5,5,15,7,0,4,8,11,10,3,17,8,15,11,6,0,7,13,6,44,13,9,6,65,51,1,14,15,44,4
"COG1449",62,43,56,45,81,51,54,31,44,34,17,25,54,33,38,59,31,58,93,55,84,71,4,0,0,39,42,66,42,87
"COG1450",0,3,13,9,1,3,4,0,2,2,0,1,11,1,1,0,2,4,8,7,14,9,4,95,1,0,9,2,41,7
"COG1451",62,46,53,53,54,61,33,41,62,46,62,71,65,74,46,46,57,51,46,48,34,42,56,31,49,63,63,65,47,62
"COG1452",8,0,14,3,2,1,4,5,7,1,3,2,7,7,0,1,2,1,0,14,14,4,6,77,0,0,14,2,48,1
"COG1453",109,108,110,39,91,105,98,62,53,65,89,103,85,72,68,63,99,52,76,79,53,123,68,29,69,92,92,92,56,79
"COG1454",260,215,224,241,272,263,222,242,291,343,368,296,260,346,293,280,284,192,201,273,223,214,446,284,503,287,315,226,252,224
"COG1455",17,47,48,28,48,15,27,5,47,30,102,89,31,35,66,64,25,11,64,25,41,21,147,124,68,30,78,14,105,26
"COG1456",8,2,3,3,5,5,4,0,4,5,9,5,12,1,3,3,2,1,3,3,0,2,23,0,0,14,12,4,3,2
"COG1457",9,11,19,12,11,23,21,20,23,18,53,15,8,18,15,9,43,15,15,43,23,14,71,45,184,32,26,13,32,21
"COG1459",14,7,9,8,23,5,6,5,9,26,25,1,22,20,22,35,41,16,55,49,25,14,54,101,74,83,39,25,204,37
"COG1461",45,62,38,26,98,61,55,42,83,76,106,78,60,48,72,69,86,18,35,21,52,40,95,27,90,103,56,49,38,45
"COG1462",0,0,6,3,0,5,1,0,0,0,2,0,2,0,0,0,0,0,2,1,0,3,3,9,0,0,1,0,5,0
"COG1463",11,3,10,3,9,14,4,9,6,3,6,5,6,2,8,1,7,8,2,12,9,4,6,25,56,2,3,4,41,17
"COG1464",16,30,45,20,44,34,19,15,39,20,54,29,24,38,33,35,27,26,28,54,39,23,92,55,154,36,43,40,62,32
"COG1465",0,0,0,2,0,0,0,0,1,0,0,0,0,0,0,0,0,0,0,2,2,0,0,0,0,2,0,1,0,0
"COG1466",87,63,76,57,86,84,82,103,87,115,109,89,74,141,102,111,121,94,76,64,79,69,92,61,85,101,67,90,62,77
"COG1468",9,14,15,3,31,12,22,12,13,21,24,20,20,30,24,21,11,23,24,27,13,11,53,20,7,18,22,8,8,11
"COG1469",4,1,9,1,3,4,5,5,5,0,5,2,8,9,4,0,6,1,7,6,15,0,0,0,28,3,0,8,12,9
"COG1470",35,20,23,11,4,9,19,5,1,4,4,13,15,12,7,7,7,3,10,7,12,31,0,12,0,4,9,8,3,4
"COG1472",1410,1349,1175,1268,1144,1540,1051,805,848,873,933,840,820,846,834,1381,917,1356,807,759,977,1520,949,333,520,1261,1107,1288,365,1267
"COG1473",122,87,135,114,69,86,94,61,109,47,97,133,124,97,93,62,65,36,112,198,169,124,177,257,223,56,165,111,118,71
"COG1475",311,245,229,123,355,351,274,228,300,321,388,497,309,255,276,280,276,202,205,297,232,254,424,187,283,455,261,250,329,288
"COG1476",24,6,14,6,28,17,10,13,21,99,41,19,17,8,24,10,18,3,19,19,18,5,41,12,9,24,14,11,17,8
"COG1477",91,102,112,80,84,88,67,85,86,112,90,117,103,77,78,91,90,117,76,126,101,109,87,49,68,73,101,118,60,94
"COG1479",159,56,114,67,182,82,147,138,171,214,177,72,179,179,181,157,171,381,156,267,96,78,174,26,302,102,96,142,134,156
"COG1480",69,111,101,190,79,111,93,158,74,124,49,38,64,55,58,106,92,216,91,96,140,123,7,2,9,59,83,90,30,141
"COG1481",18,47,19,5,57,33,34,23,27,53,78,51,44,62,55,41,45,8,20,41,19,18,95,15,77,63,30,22,24,28
"COG1482",108,92,121,86,107,135,108,82,58,79,85,168,131,94,100,149,117,119,142,99,85,100,74,69,83,118,107,123,92,111
"COG1483",10,7,15,0,10,54,9,4,0,0,19,29,11,29,1,0,4,0,9,4,2,5,0,0,0,5,0,2,0,5
"COG1484",156,171,137,333,245,228,93,371,206,161,255,231,261,224,232,310,153,415,192,295,165,184,226,247,56,356,160,182,247,169
"COG1485",0,0,1,1,0,0,1,0,0,3,0,2,4,1,0,0,0,0,0,7,0,0,3,43,0,0,4,1,26,0
"COG1486",22,17,46,58,17,26,27,9,40,29,35,50,33,34,24,31,24,13,33,37,17,28,78,148,71,26,66,25,105,28
"COG1487",25,5,13,5,5,12,9,8,9,22,6,1,2,8,6,9,24,2,15,9,8,18,6,33,3,1,18,7,25,7
"COG1488",92,65,74,58,111,85,72,50,67,64,108,107,88,108,108,78,148,44,78,89,64,86,149,66,139,103,79,56,80,72
"COG1489",12,11,9,11,16,11,11,5,13,25,10,24,16,8,10,6,6,3,10,19,12,7,16,46,12,21,13,12,28,5
"COG1490",16,13,13,14,13,14,18,15,27,13,13,14,24,28,11,56,53,54,40,61,41,55,56,33,51,39,49,52,54,64
"COG1492",56,71,73,70,66,101,95,88,140,100,67,114,121,56,117,89,78,38,82,64,78,89,53,22,124,67,77,80,36,88
"COG1493",44,39,22,11,52,50,37,20,38,47,68,65,26,25,78,44,48,8,21,33,25,25,85,20,28,65,43,33,17,36
"COG1494",0,3,13,9,0,3,5,2,3,4,7,3,7,4,8,1,1,5,3,22,6,11,10,72,3,2,4,9,44,2
"COG1495",1,1,6,5,0,1,0,2,7,0,0,4,2,2,1,2,6,2,1,3,11,2,0,19,0,2,5,10,12,1
"COG1496",41,46,33,59,54,54,40,46,68,60,55,44,41,67,54,67,57,86,53,57,58,34,54,38,69,69,51,70,47,75
"COG1501",586,419,530,468,450,545,543,475,434,346,366,345,391,383,472,375,447,491,328,324,442,690,409,247,330,365,425,428,308,459
"COG1502",198,255,192,252,282,218,207,252,245,317,297,267,250,229,304,319,241,214,190,213,233,179,302,229,102,249,291,211,163,204
"COG1505",27,29,32,31,26,4,13,5,1,6,3,6,4,26,13,16,12,7,35,38,56,32,4,1,0,22,16,28,8,10
"COG1506",377,480,490,754,292,492,451,641,416,312,170,307,428,297,195,402,331,729,603,445,430,636,83,5,115,236,448,578,142,533
"COG1507",0,0,0,0,0,0,0,0,0,0,0,0,0,0,0,0,0,0,0,1,0,0,11,0,27,0,3,1,8,1
"COG1508",109,76,107,134,67,85,89,121,76,72,42,45,73,69,55,92,80,164,129,129,105,104,29,67,121,53,125,94,81,120
"COG1509",70,60,73,78,42,67,83,60,46,21,21,44,57,38,23,33,35,41,86,40,58,88,4,44,4,15,49,45,60,30
"COG1511",103,73,34,15,174,88,73,45,149,239,234,151,143,131,196,106,160,35,44,85,47,37,363,48,296,165,101,83,184,72
"COG1512",52,45,37,93,42,66,62,76,56,33,50,69,54,59,61,76,52,41,39,57,52,48,55,26,14,77,48,63,28,50
"COG1513",0,0,2,0,1,1,0,0,0,0,0,0,6,0,2,0,0,0,0,0,0,0,0,16,0,1,1,0,9,0
"COG1514",1,0,1,0,0,0,1,0,2,0,1,3,5,2,0,0,0,0,1,7,0,0,4,23,0,1,3,0,11,1
"COG1515",0,0,1,4,0,0,0,0,0,0,0,1,3,0,0,0,0,0,0,0,0,0,2,12,1,0,0,0,7,0
"COG1516",6,15,4,1,19,3,5,7,3,35,6,1,11,2,11,11,9,3,3,7,13,4,5,31,2,5,3,3,14,5
"COG1518",20,11,21,10,23,19,16,19,17,41,21,28,16,26,11,68,52,111,54,77,46,50,111,46,90,64,77,35,48,58
"COG1519",29,17,36,32,16,29,24,50,18,15,17,12,28,13,18,77,57,120,91,62,77,76,7,55,141,31,60,75,72,105
"COG1520",141,107,127,212,86,74,130,114,78,42,60,79,94,52,66,112,126,43,82,65,109,188,14,10,8,108,98,136,75,95
"COG1521",52,67,51,28,82,52,60,38,95,64,73,101,68,45,71,46,67,36,62,61,47,32,89,16,96,87,49,63,48,49
"COG1522",75,101,119,73,103,100,94,117,92,118,78,74,91,59,138,112,112,115,96,114,117,92,66,80,131,74,110,98,94,113
"COG1523",133,173,149,163,137,144,124,166,196,200,204,145,152,68,89,117,219,142,112,122,162,128,310,151,481,109,129,144,110,137
"COG1524",112,117,160,170,49,123,147,181,104,59,47,76,146,116,72,120,97,177,126,112,151,125,38,23,45,76,82,144,85,193
"COG1525",10,0,7,4,3,1,3,1,3,3,2,4,4,3,2,8,1,0,1,9,0,0,4,2,1,4,1,2,56,3
"COG1526",1,3,1,7,13,1,3,4,2,2,8,16,14,4,1,3,8,2,0,9,9,8,11,40,6,10,14,6,29,5
"COG1527",25,21,15,13,23,25,7,7,16,17,37,21,11,44,16,4,8,2,5,11,1,2,22,18,10,12,13,3,4,2
"COG1528",45,32,65,58,49,62,53,110,79,42,33,42,79,42,24,28,45,67,80,92,44,45,10,36,13,31,45,44,65,41
"COG1529",80,40,78,126,74,60,72,52,125,115,119,134,88,67,118,74,107,39,59,99,143,87,192,449,191,91,208,67,115,46
"COG1530",81,64,99,86,101,88,86,75,90,89,82,60,96,102,79,112,75,133,85,101,108,97,78,112,89,84,72,104,124,108
"COG1533",83,89,120,192,109,106,119,112,103,110,121,111,111,114,168,159,101,40,78,98,96,59,69,41,27,132,112,59,47,96
"COG1534",10,13,11,4,21,13,14,9,15,33,32,20,18,26,28,16,15,7,7,17,15,10,30,21,24,18,15,8,25,9
"COG1535",0,0,0,0,0,0,1,0,0,0,0,1,3,0,0,0,0,0,0,0,1,0,0,31,1,0,3,0,16,0
"COG1536",25,8,4,3,25,9,15,10,15,41,21,6,23,6,41,16,18,2,1,7,18,3,12,53,0,15,8,7,24,4
"COG1538",687,686,818,960,385,749,903,894,681,349,251,468,730,443,375,592,548,961,846,558,740,1044,63,172,145,326,696,776,347,608
"COG1539",30,39,35,39,36,44,45,64,20,29,35,22,42,30,36,39,37,53,39,48,48,41,33,39,34,35,43,38,36,50
"COG1540",11,4,2,3,0,6,3,1,9,5,10,5,5,7,5,7,8,2,1,3,4,2,3,20,4,8,15,7,21,10
"COG1541",126,162,197,173,94,135,169,153,124,78,49,95,126,103,99,131,119,75,134,80,134,205,17,98,70,69,161,122,54,109
"COG1543",2,0,0,0,0,0,0,0,0,1,13,0,0,39,5,3,1,1,0,2,0,0,0,0,0,23,0,0,1,1
"COG1544",26,29,12,21,51,28,26,27,21,58,37,31,21,49,64,34,42,19,31,42,33,16,54,45,48,31,28,21,58,27
"COG1545",1,0,0,0,0,0,0,0,0,0,0,0,0,0,0,0,0,1,0,0,0,0,0,0,0,0,0,0,0,1
"COG1546",48,59,52,38,60,61,45,45,36,38,51,87,40,56,66,54,43,37,52,72,46,54,58,67,90,63,52,62,59,54
"COG1550",1,0,0,1,0,0,0,0,0,0,0,1,0,0,0,0,0,0,0,1,0,0,3,2,0,0,0,0,0,0
"COG1551",4,2,3,0,2,4,2,5,5,14,3,1,4,3,12,8,8,0,3,2,5,0,5,6,0,4,2,1,6,4
"COG1553",0,1,1,3,0,0,4,2,0,1,0,1,1,0,0,0,1,0,0,2,0,0,0,33,0,0,1,1,9,0
"COG1554",89,64,50,71,76,69,78,39,40,36,48,17,39,41,55,91,50,38,78,45,67,64,36,64,0,143,23,86,59,49
"COG1555",33,51,44,38,38,23,36,33,39,54,41,42,32,83,73,63,51,79,61,55,71,28,53,15,49,40,37,56,36,45
"COG1556",2,12,9,13,7,16,12,34,16,10,9,7,5,7,3,8,15,26,9,25,19,9,1,29,0,11,2,5,13,8
"COG1558",12,10,2,5,15,2,5,6,5,12,5,3,14,3,19,14,22,5,2,4,12,4,13,23,1,12,4,1,15,9
"COG1559",59,54,73,31,50,66,56,47,70,32,51,64,57,90,62,59,56,96,105,107,89,45,49,24,76,69,67,85,73,75
"COG1560",51,44,48,35,30,47,31,42,23,31,32,26,54,46,39,46,46,54,56,92,86,57,8,90,60,16,57,55,92,78
"COG1561",69,82,77,55,92,77,76,77,75,97,83,82,78,77,99,93,77,77,88,95,82,78,54,38,55,95,54,77,48,90
"COG1562",8,0,0,0,0,6,0,0,0,0,0,1,0,0,0,0,0,0,0,1,0,0,0,0,0,0,0,1,18,13
"COG1564",28,38,40,37,45,46,50,56,43,49,48,40,60,28,48,47,53,19,45,28,40,37,55,10,35,47,59,30,28,26
"COG1565",0,0,0,0,0,3,0,0,0,0,0,0,0,0,0,0,0,0,0,0,0,0,0,0,0,0,0,2,8,5
"COG1566",27,28,35,34,9,19,23,19,24,13,6,8,29,5,20,68,45,125,68,88,83,88,18,263,5,55,52,102,159,88
"COG1567",1,0,0,0,0,1,0,1,0,0,5,0,0,2,3,9,6,3,1,7,1,1,0,0,3,4,0,0,3,3
"COG1568",2,26,0,12,6,1,20,14,0,2,0,0,0,15,29,0,3,13,4,0,0,70,0,0,0,4,0,0,6,9
"COG1569",3,2,1,5,0,1,0,0,1,0,0,2,1,0,1,0,0,0,1,0,4,1,0,0,0,0,1,0,0,0
"COG1570",84,87,84,114,109,103,105,106,124,93,108,101,106,144,129,48,37,30,40,30,41,31,27,15,38,40,42,44,34,34
"COG1573",56,38,48,45,65,37,31,22,37,25,40,45,41,46,34,56,28,49,53,51,34,40,33,4,28,37,21,49,40,30
"COG1574",39,6,32,59,16,25,30,17,37,11,46,61,48,24,22,10,22,29,24,27,55,19,109,63,89,21,29,27,40,10
"COG1575",15,16,18,15,7,21,37,13,27,8,4,6,17,11,10,30,43,51,63,38,57,85,43,46,41,28,43,76,38,64
"COG1576",54,34,42,54,52,56,43,46,53,62,64,41,53,54,55,50,43,52,47,64,55,38,61,24,70,56,52,46,29,51
"COG1577",0,0,2,0,0,0,0,0,0,0,2,0,0,0,0,0,0,0,8,0,2,0,27,0,2,1,0,0,3,0
"COG1578",2,0,1,0,0,1,1,0,1,3,4,3,2,2,2,0,0,1,3,2,0,1,15,0,0,2,8,1,3,2
"COG1579",32,33,27,31,12,37,32,50,41,29,17,31,29,38,16,42,28,56,27,38,37,26,2,0,2,13,20,34,15,45
"COG1580",1,0,1,0,1,0,0,0,0,0,0,0,0,0,1,1,0,0,0,4,0,1,1,15,0,0,2,0,12,0
"COG1582",2,1,0,0,5,0,2,3,2,5,5,0,4,4,7,4,3,0,1,0,1,1,1,2,0,3,1,0,2,2
"COG1583",0,1,2,0,5,10,3,0,2,8,3,0,9,5,0,4,2,21,10,4,0,1,0,0,0,3,1,6,1,1
"COG1584",3,1,8,3,0,0,1,1,1,1,3,4,3,0,2,1,0,0,2,3,0,7,0,25,0,0,4,4,18,0
"COG1585",23,17,17,8,20,13,10,4,18,28,44,16,14,57,25,11,18,5,13,15,5,9,19,29,12,33,24,16,15,12
"COG1586",12,2,7,4,8,6,5,5,7,6,9,13,6,9,3,1,6,3,4,13,12,5,5,43,25,5,6,4,22,3
"COG1587",10,9,23,19,17,15,21,18,29,43,32,17,36,12,23,19,31,13,15,16,19,17,28,57,109,12,38,19,48,19
"COG1589",13,5,15,2,11,12,6,0,12,5,21,14,8,47,7,11,6,4,5,13,9,2,17,32,2,22,11,16,42,5
"COG1592",102,118,128,108,140,115,105,118,114,105,127,155,115,133,101,129,128,138,129,130,129,104,105,73,131,155,112,121,73,118
"COG1593",116,95,92,119,85,84,96,41,127,170,134,193,104,86,99,58,105,48,61,84,163,92,97,473,223,74,143,54,127,73
"COG1595",750,843,1029,894,619,713,829,1097,536,625,535,518,689,686,544,742,800,753,1630,691,653,867,351,148,161,526,760,581,363,718
"COG1596",121,157,204,219,121,132,222,212,137,91,53,88,176,90,76,146,104,209,163,129,185,176,14,89,38,60,121,182,101,148
"COG1597",114,95,108,94,110,137,129,110,123,146,122,117,138,138,151,125,109,179,127,128,149,111,165,92,176,139,123,161,116,140
"COG1598",4,0,5,9,15,7,7,14,2,29,26,24,5,11,2,17,13,6,4,8,4,1,15,11,5,17,6,3,12,12
"COG1600",15,20,39,21,12,14,24,9,4,6,5,11,23,18,15,13,4,3,31,27,45,8,9,42,2,13,16,30,57,15
"COG1604",0,0,0,0,0,0,0,0,0,0,0,0,0,1,0,0,0,0,2,0,0,0,0,0,0,0,0,0,0,0
"COG1605",24,24,22,12,26,31,10,8,29,8,38,59,24,21,35,21,24,14,26,48,14,20,28,78,18,37,16,25,55,31
"COG1606",19,8,9,5,8,18,10,13,7,8,15,19,11,12,12,8,18,8,7,12,13,6,29,19,86,9,13,26,23,9
"COG1607",1,0,3,0,5,1,0,1,0,4,2,3,1,1,6,6,4,2,5,8,2,3,8,18,8,6,11,8,17,6
"COG1609",450,388,436,375,533,424,471,352,543,702,658,439,442,309,495,443,398,344,463,532,396,405,1259,1256,1477,697,631,399,764,393
"COG1610",39,44,52,47,44,42,38,52,38,48,34,45,27,60,43,50,43,25,38,46,32,43,29,7,23,37,46,37,28,29
"COG1611",69,61,84,92,58,70,74,98,70,59,55,60,63,59,57,56,80,58,39,74,78,63,43,41,32,53,69,64,60,72
"COG1613",12,7,8,4,19,14,12,5,22,24,18,11,7,6,34,25,24,3,5,18,1,6,20,37,11,7,27,1,34,16
"COG1614",15,1,8,1,11,6,2,3,1,7,13,6,8,6,4,5,5,1,1,8,0,4,23,0,2,29,21,11,1,9
"COG1615",4,0,2,0,0,2,1,0,5,1,24,0,5,76,11,11,2,0,0,10,1,0,42,0,86,25,6,14,29,5
"COG1618",1,1,2,3,0,2,1,0,2,1,2,4,4,1,0,0,0,0,0,3,0,0,4,0,0,2,11,2,3,1
"COG1619",55,49,38,33,53,53,72,31,51,35,75,30,38,88,85,59,77,10,49,56,35,51,55,34,72,57,27,35,42,37
"COG1620",10,28,31,51,10,13,38,24,24,20,13,10,29,13,8,12,16,40,25,54,36,43,35,74,16,22,43,48,77,42
"COG1621",127,133,128,161,156,118,167,157,108,268,185,128,140,103,137,123,140,374,118,119,162,198,280,209,184,128,217,118,64,177
"COG1622",0,0,3,2,0,0,3,0,1,1,2,0,1,0,0,0,0,1,0,7,1,1,3,49,1,0,1,0,24,1
"COG1623",0,0,13,2,0,0,2,0,0,0,6,0,7,28,7,3,1,3,2,0,0,4,13,0,0,12,2,2,13,3
"COG1624",61,67,54,49,79,73,63,47,83,72,93,75,60,72,91,70,68,104,60,73,76,50,56,28,61,105,59,96,32,84
"COG1625",23,30,22,9,50,26,23,13,42,22,56,65,24,19,47,27,41,11,18,25,15,13,52,25,75,47,29,21,21,23
"COG1626",57,60,79,58,21,58,70,48,74,14,23,15,45,44,42,59,46,34,67,42,49,115,15,93,3,15,59,56,81,43
"COG1629",374,517,456,668,276,343,451,483,297,204,138,249,415,208,236,375,305,488,460,370,441,517,52,535,28,170,357,563,443,376
"COG1633",6,0,5,3,0,4,2,1,0,0,2,3,3,39,3,2,1,1,8,17,3,0,1,19,3,2,3,3,9,2
"COG1635",16,3,14,3,2,3,4,0,0,0,0,2,10,5,8,1,3,1,12,2,20,3,0,0,0,0,2,3,6,0
"COG1636",48,38,27,37,35,55,46,41,65,43,60,47,37,66,56,50,41,56,36,43,23,49,38,12,59,53,36,34,44,43
"COG1637",0,0,0,0,0,0,0,0,0,0,0,0,3,0,0,0,0,0,0,3,1,0,8,0,31,2,3,3,9,1
"COG1638",68,92,66,137,46,52,67,51,92,92,95,154,88,67,86,38,92,39,60,62,149,98,119,431,154,37,88,61,89,69
"COG1640",143,177,135,190,232,180,167,172,235,166,220,210,197,114,205,176,207,161,105,170,177,159,188,136,366,197,169,206,186,165
"COG1641",22,15,7,9,13,22,19,14,16,23,32,19,14,11,16,11,41,13,10,29,19,13,34,15,51,19,18,20,28,11
"COG1643",8,3,14,18,2,21,7,8,17,13,4,10,25,6,9,2,4,52,8,42,40,11,79,155,115,13,23,40,200,99
"COG1647",6,3,2,0,2,3,3,4,0,0,0,0,2,0,3,5,2,1,1,6,3,2,4,0,20,0,0,6,1,1
"COG1648",13,9,16,11,17,3,14,21,8,17,14,9,28,13,13,11,37,9,7,10,13,15,32,45,60,10,21,8,31,9
"COG1649",162,199,226,290,139,247,211,243,222,130,93,163,191,164,195,218,158,274,226,154,253,284,39,38,28,125,177,229,82,252
"COG1651",13,10,7,23,5,3,6,20,6,3,3,7,20,7,15,1,12,2,5,10,11,7,42,65,84,6,18,13,47,1
"COG1652",7,17,7,2,14,4,5,1,17,6,5,38,5,2,4,2,6,2,16,4,13,4,3,8,5,3,5,4,6,3
"COG1653",303,348,318,221,810,386,362,181,665,623,885,628,344,366,534,423,345,106,589,415,294,211,1206,776,1114,916,600,277,520,335
"COG1654",22,43,9,15,48,26,14,18,50,61,71,58,36,17,49,35,49,12,19,26,26,12,64,31,42,54,29,18,20,31
"COG1655",5,4,3,0,15,13,7,7,18,31,16,1,11,3,38,6,10,1,0,1,2,0,2,0,0,2,0,1,0,2
"COG1657",2,0,0,0,0,0,3,0,0,0,1,0,0,0,0,0,0,0,0,0,1,0,0,0,0,1,0,1,0,0
"COG1658",4,3,3,0,2,4,2,2,3,2,4,10,6,3,3,5,15,3,8,11,9,9,23,1,30,17,4,15,7,13
"COG1659",4,2,3,2,1,0,1,0,1,0,0,2,5,0,2,2,1,0,3,1,1,0,0,0,2,0,0,3,4,0
"COG1660",74,83,84,78,81,76,82,89,93,86,87,86,122,62,100,80,94,82,87,90,104,101,92,70,87,84,92,85,59,92
"COG1661",16,11,11,2,7,5,3,6,5,29,15,22,10,8,5,1,14,3,4,24,16,2,21,4,9,9,6,4,1,4
"COG1662",4,3,23,31,0,0,7,6,1,5,9,8,65,0,0,4,5,1,0,25,4,6,8,431,2,3,13,2,501,0
"COG1663",48,46,56,83,34,38,42,86,57,55,31,39,62,53,21,46,51,91,71,76,75,72,8,23,4,24,59,74,55,65
"COG1664",6,6,3,4,6,9,4,4,2,0,2,2,5,3,3,2,5,2,14,6,2,2,5,0,2,10,2,4,14,11
"COG1666",2,1,2,2,3,0,4,6,3,2,4,1,7,1,1,0,10,3,2,1,4,2,0,15,30,1,3,4,10,2
"COG1668",19,30,15,4,55,38,14,11,14,11,23,8,39,26,81,39,19,21,43,23,7,6,8,15,2,62,18,22,24,25
"COG1669",11,26,35,40,26,26,15,49,11,13,9,22,11,13,15,26,24,27,35,30,20,28,2,0,1,5,16,35,4,19
"COG1670",184,206,228,176,192,144,193,232,148,259,163,147,157,163,174,180,221,136,176,171,140,188,157,208,187,158,170,144,187,141
"COG1671",12,15,18,6,23,5,9,5,19,26,28,20,15,27,33,15,19,5,3,15,3,5,22,26,11,24,6,8,20,9
"COG1672",179,173,168,118,158,136,123,169,127,387,117,86,127,159,95,167,130,774,205,307,111,165,75,11,48,107,237,222,79,466
"COG1674",180,155,146,123,210,174,157,113,133,203,286,213,171,372,280,282,154,154,158,183,171,132,321,145,256,246,197,202,149,222
"COG1677",4,2,1,1,11,5,5,3,9,26,7,1,4,1,15,9,11,0,2,2,6,3,4,14,3,2,3,2,6,3
"COG1678",27,19,34,29,24,31,41,29,13,20,9,13,34,14,14,19,20,28,41,19,12,34,2,26,3,14,18,26,24,20
"COG1679",1,1,1,0,1,12,4,0,3,1,1,5,0,9,3,1,3,4,1,11,2,2,0,17,0,12,0,4,6,10
"COG1680",282,217,171,289,179,221,283,151,200,124,107,121,239,125,203,252,183,158,251,145,139,223,218,132,99,150,173,163,153,194
"COG1682",33,68,46,50,70,33,56,62,53,55,129,67,43,74,97,69,56,16,23,64,28,47,74,65,98,88,58,29,48,40
"COG1683",14,11,11,7,11,10,6,4,8,7,10,20,14,33,22,3,1,2,1,7,4,1,6,2,3,6,4,3,6,2
"COG1684",19,9,8,3,12,10,16,10,14,37,12,1,15,8,23,14,17,4,3,11,11,3,13,35,4,8,9,2,26,6
"COG1686",136,164,89,60,237,137,146,91,226,331,343,246,185,345,255,166,236,68,80,137,143,70,321,259,235,259,214,81,135,133
"COG1687",12,5,4,4,15,15,5,3,8,4,16,5,9,7,4,4,5,4,5,11,3,2,21,4,19,21,4,14,10,6
"COG1688",0,0,0,0,0,0,1,0,0,0,0,0,0,0,0,0,1,2,0,3,0,0,1,0,0,1,0,0,0,0
"COG1690",40,16,41,63,34,37,25,24,23,30,13,27,15,11,21,26,42,15,33,45,45,54,25,86,5,39,26,29,68,24
"COG1691",15,10,6,7,6,9,9,10,7,11,25,8,8,9,7,5,29,12,8,19,13,15,22,4,53,11,23,10,11,11
"COG1692",10,2,6,3,10,11,6,5,9,6,30,11,1,27,12,10,18,7,11,10,1,5,2,0,46,26,0,17,19,18
"COG1694",39,42,70,83,44,61,44,82,41,42,37,36,52,62,33,62,46,67,529,45,47,53,30,27,30,35,48,51,59,45
"COG1695",8,16,16,6,24,19,11,19,35,40,46,27,22,25,21,85,52,37,47,51,38,25,104,55,41,73,71,40,61,52
"COG1696",220,203,172,92,218,218,148,129,133,232,222,196,185,136,225,253,186,113,126,154,138,136,218,80,60,263,135,161,68,164
"COG1699",13,5,4,0,11,7,7,2,5,21,8,1,9,1,15,3,5,1,3,0,2,0,2,8,1,0,1,0,1,1
"COG1700",3,7,24,54,13,1,0,10,9,21,4,0,4,28,26,3,0,4,13,20,5,36,0,0,1,0,8,5,1,29
"COG1702",49,65,71,60,94,78,85,48,75,87,73,102,92,43,94,84,68,91,62,64,86,55,82,64,88,88,75,82,87,91
"COG1703",58,37,57,64,43,58,59,74,55,21,29,50,56,49,34,51,55,57,60,52,67,75,4,31,113,37,41,72,49,57
"COG1704",73,56,73,45,34,62,74,67,60,31,49,39,51,39,62,61,27,53,66,64,50,60,34,11,40,48,48,60,34,39
"COG1705",131,45,78,79,55,56,90,77,41,46,29,46,62,61,108,76,48,106,86,106,128,112,64,40,6,42,67,93,45,79
"COG1706",5,0,4,5,0,0,1,1,0,0,0,0,1,0,0,0,0,0,1,0,0,0,0,15,0,0,2,1,8,0
"COG1708",3,5,8,6,2,3,6,3,1,3,0,4,1,7,4,8,18,7,22,30,8,17,2,9,3,11,10,17,67,9
"COG1712",18,23,37,34,6,11,24,34,19,11,11,19,11,16,9,6,9,1,4,3,6,14,3,3,1,1,12,5,0,3
"COG1713",30,21,22,5,31,31,17,11,36,19,45,34,30,29,37,21,28,7,23,27,17,14,45,8,28,53,22,24,8,31
"COG1714",21,16,15,6,3,21,28,10,6,4,4,8,14,16,21,17,9,3,7,14,2,27,1,0,0,4,5,4,4,10
"COG1715",11,2,20,2,14,9,3,2,10,6,7,18,4,44,1,7,1,14,14,20,4,1,6,7,0,6,1,7,12,23
"COG1716",10,2,5,2,33,3,12,7,6,15,23,4,2,120,61,48,27,8,10,33,4,4,31,14,90,26,13,11,34,18
"COG1719",0,0,0,2,0,0,0,0,0,0,0,0,0,0,0,0,0,0,0,0,2,0,0,10,1,0,1,0,0,0
"COG1720",17,11,5,2,23,26,11,2,20,40,24,28,12,11,20,7,1,12,11,6,4,1,8,10,0,9,1,6,6,13
"COG1721",102,67,80,88,46,96,93,76,76,29,39,42,67,70,64,70,66,72,69,63,60,109,16,2,2,42,52,73,44,82
"COG1722",5,0,3,1,3,5,5,1,3,1,7,3,1,17,4,5,0,0,3,6,1,5,6,13,1,6,4,6,9,0
"COG1724",2,2,1,4,1,1,1,0,0,0,1,1,0,0,1,1,3,0,1,0,2,0,1,0,0,5,0,2,0,1
"COG1725",69,63,49,42,82,70,58,52,75,155,115,60,80,71,96,62,86,32,59,67,38,39,141,75,68,101,65,29,39,85
"COG1726",30,52,42,57,47,37,55,46,30,21,13,31,52,31,16,38,26,97,59,47,44,42,8,0,0,27,39,84,22,50
"COG1728",6,12,1,0,14,4,4,7,5,18,6,0,7,3,22,11,21,4,0,5,2,1,3,0,0,9,0,0,3,5
"COG1729",4,0,2,2,0,1,1,0,2,2,3,1,11,3,0,2,0,1,2,4,5,0,3,22,0,0,3,2,21,2
"COG1732",7,14,15,15,2,8,11,7,2,2,7,11,9,9,6,5,15,9,31,15,13,6,9,27,56,9,7,13,24,4
"COG1733",70,52,99,34,68,50,46,62,49,70,83,73,53,51,63,53,74,69,80,60,53,63,100,55,91,53,73,31,47,37
"COG1734",8,0,4,2,13,8,3,4,5,1,2,3,6,14,1,2,1,5,19,20,5,3,8,26,0,8,6,14,36,11
"COG1735",4,3,3,2,0,3,2,6,3,2,1,9,11,3,2,4,1,1,2,11,2,3,5,80,7,7,19,0,22,1
"COG1737",53,73,66,75,83,33,73,71,117,98,182,144,71,60,73,32,80,52,105,91,78,46,229,245,220,110,160,53,153,46
"COG1738",25,35,26,31,30,24,31,24,38,26,14,32,30,20,15,30,23,60,55,21,46,29,13,15,2,14,25,32,26,37
"COG1739",51,61,51,37,57,50,41,57,54,48,51,64,53,82,77,64,62,71,47,62,57,56,71,40,77,71,48,55,38,60
"COG1740",2,0,9,11,1,15,8,10,11,2,5,5,8,5,1,8,13,7,9,17,19,4,3,38,70,0,10,9,42,19
"COG1741",46,26,51,51,16,35,46,73,36,22,17,23,34,23,18,37,37,31,44,37,32,39,6,44,0,10,56,42,55,19
"COG1742",1,0,0,7,0,0,0,0,0,1,3,0,0,0,0,0,0,0,0,1,2,1,1,7,0,0,1,0,7,0
"COG1743",14,1,17,0,7,33,16,2,1,0,36,17,23,38,0,2,4,0,7,2,2,5,2,0,0,3,0,2,0,5
"COG1744",103,74,56,40,96,83,76,29,112,86,124,130,86,74,131,123,77,23,38,68,58,30,148,114,68,160,67,70,51,77
"COG1747",0,0,0,0,0,2,0,0,0,0,0,0,0,0,0,0,0,0,0,0,0,0,0,0,0,1,0,0,15,16
"COG1748",92,82,90,94,91,89,81,100,97,83,84,100,81,57,71,70,123,118,56,88,61,97,78,25,67,89,76,79,42,109
"COG1749",29,6,7,3,34,16,11,9,26,53,14,0,19,8,41,28,33,6,10,11,2,3,9,35,0,12,3,4,17,6
"COG1751",0,0,0,0,0,0,0,0,0,0,0,1,0,1,0,0,0,0,0,1,0,0,0,0,5,0,3,0,0,0
"COG1752",207,173,203,287,121,171,170,196,105,86,110,142,196,195,135,212,144,181,218,158,142,214,35,55,15,104,136,173,106,172
"COG1754",111,98,71,156,72,126,100,111,86,59,39,54,77,66,46,102,63,203,104,104,112,106,66,1,86,58,94,137,78,162
"COG1755",1,0,4,1,0,0,2,2,0,0,0,1,1,0,0,1,4,0,0,0,1,0,0,0,0,0,0,0,3,0
"COG1757",202,178,244,292,198,194,254,193,222,214,218,248,203,180,166,190,216,321,214,183,259,232,265,147,187,178,199,245,87,200
"COG1758",3,0,3,1,4,1,1,1,2,0,5,0,4,2,2,1,0,0,1,8,5,1,10,10,10,7,3,4,10,0
"COG1760",93,100,87,85,96,78,96,67,113,82,122,133,96,66,127,106,92,108,106,116,128,106,165,133,157,115,114,120,132,100
"COG1762",54,124,118,77,122,43,85,109,88,110,245,157,119,65,123,72,124,40,109,106,111,88,286,507,545,147,236,58,255,88
"COG1763",2,10,13,8,5,4,1,6,18,9,18,8,12,4,7,1,1,0,1,0,2,1,4,11,1,4,6,3,4,1
"COG1764",0,0,1,2,0,0,1,1,0,1,0,0,4,0,0,0,0,0,0,2,0,0,4,12,0,0,2,0,10,0
"COG1765",1,1,4,2,3,0,1,1,1,2,2,0,7,4,1,0,0,0,8,6,0,1,7,22,22,3,13,5,18,1
"COG1766",22,9,3,4,33,14,14,3,22,31,20,5,5,5,34,26,10,3,8,16,12,5,9,47,7,21,12,3,23,11
"COG1767",11,8,15,8,3,7,2,5,6,2,14,12,14,3,10,3,8,0,4,10,3,12,39,19,19,0,9,7,25,1
"COG1768",8,9,8,1,18,16,11,2,24,12,22,37,15,40,24,15,10,4,12,27,10,5,9,5,9,38,10,23,8,17
"COG1770",0,0,4,4,0,0,1,1,6,0,3,0,4,0,0,1,0,0,0,7,0,0,26,49,41,3,11,8,47,0
"COG1773",21,22,20,12,29,14,16,12,27,16,24,37,17,15,14,7,14,17,20,24,21,28,16,55,13,20,15,19,43,22
"COG1774",66,76,51,91,88,82,74,80,77,74,89,80,80,113,97,81,90,75,62,62,90,71,53,29,70,106,97,80,37,57
"COG1775",43,21,29,8,16,36,35,12,43,66,31,39,45,29,42,17,32,9,12,63,25,19,41,69,21,28,59,38,34,18
"COG1776",19,12,8,3,36,15,9,9,33,82,19,3,21,14,60,8,7,1,5,2,7,2,4,7,1,10,4,2,4,3
"COG1778",48,32,46,35,40,26,28,43,50,42,18,24,47,33,49,26,30,42,58,32,57,29,3,36,27,23,39,50,36,40
"COG1780",1,2,1,4,0,0,1,1,3,2,5,1,3,1,0,0,0,0,4,1,2,0,18,8,15,0,2,1,12,1
"COG1781",42,40,41,32,45,42,45,42,45,63,40,41,38,36,49,38,50,52,40,44,41,30,46,24,24,46,37,27,24,47
"COG1782",1,1,0,0,1,0,0,0,7,2,0,0,0,4,0,0,0,1,0,2,1,0,0,0,3,2,0,0,0,0
"COG1783",55,40,24,8,27,91,55,16,22,40,50,23,13,22,60,18,18,13,22,188,53,26,9,3,49,43,21,19,111,49
"COG1785",79,62,100,120,57,72,84,89,88,36,58,85,109,73,80,75,63,63,99,89,99,123,19,42,20,54,92,78,88,64
"COG1786",1,0,0,0,0,0,0,0,0,0,0,0,0,0,0,0,0,2,1,1,0,0,0,11,0,1,0,0,4,1
"COG1787",8,3,0,0,9,2,1,1,1,12,6,2,5,3,5,6,0,0,2,0,7,2,2,0,1,2,0,0,1,0
"COG1788",15,6,9,3,3,9,7,2,4,0,2,10,13,2,6,6,1,7,18,26,3,7,6,39,3,5,9,8,19,6
"COG1792",74,52,63,70,110,76,71,74,82,100,96,77,79,104,98,84,77,113,87,80,79,53,78,27,56,84,74,90,46,99
"COG1793",1,5,0,0,8,3,1,0,1,0,0,0,0,0,0,0,3,10,16,1,2,23,0,17,1,0,5,1,3,1
"COG1794",13,23,31,18,5,10,3,3,18,35,8,3,14,12,8,3,3,1,3,2,8,1,5,25,0,2,2,7,11,0
"COG1797",49,62,45,40,40,59,52,44,76,88,69,94,85,41,82,25,19,21,14,16,22,16,12,3,44,22,16,14,7,8
"COG1799",19,36,18,5,31,21,23,15,26,23,43,29,17,27,39,25,39,12,9,32,16,19,46,15,61,51,20,22,8,22
"COG1801",0,0,3,2,0,0,2,0,1,1,0,0,6,2,0,0,0,1,0,3,8,0,0,17,0,0,3,3,20,0
"COG1802",80,95,55,54,99,59,83,63,88,148,138,116,87,68,81,59,134,34,55,85,93,40,152,247,186,69,90,52,108,67
"COG1803",42,41,52,45,53,58,28,63,67,43,52,51,73,36,35,30,56,21,80,50,36,31,48,56,55,52,46,48,34,35
"COG1804",21,14,21,23,32,36,22,6,13,12,18,38,21,22,44,14,8,5,23,82,22,25,49,149,100,27,45,34,106,18
"COG1805",36,27,28,71,44,55,33,42,27,24,12,33,31,33,18,33,22,58,55,55,53,76,6,0,0,19,33,37,13,54
"COG1806",5,1,6,1,1,1,3,3,2,3,6,3,7,8,5,1,1,4,3,15,11,2,19,26,3,2,5,10,12,0
"COG1807",87,61,82,122,60,61,94,85,86,39,29,69,109,73,56,75,75,100,139,99,94,88,5,35,118,34,54,108,71,100
"COG1808",62,55,47,73,52,59,35,71,74,38,26,30,62,31,19,39,51,60,81,58,45,60,33,0,50,35,39,73,29,37
"COG1811",22,13,14,17,10,5,9,16,11,6,25,60,13,8,23,10,13,3,17,26,41,6,29,54,37,29,12,14,25,7
"COG1814",13,15,21,17,4,3,16,4,0,1,4,3,8,6,5,6,10,1,23,1,9,3,0,0,1,2,2,5,19,2
"COG1815",7,6,4,1,15,6,8,2,7,26,5,2,10,3,20,11,7,1,3,9,10,1,4,26,0,14,8,1,14,5
"COG1816",15,7,8,5,15,6,15,9,14,25,33,11,16,49,37,12,21,27,7,11,14,6,45,30,13,7,13,3,19,4
"COG1817",0,0,0,0,0,8,12,16,27,2,2,8,12,1,1,4,0,1,14,3,0,0,0,0,0,0,4,1,1,0
"COG1819",39,38,36,49,24,32,29,53,16,18,18,39,34,14,28,29,42,38,32,38,28,44,2,7,8,30,22,36,16,18
"COG1820",89,122,140,160,100,101,123,117,177,125,112,155,121,55,72,91,78,89,115,96,153,126,130,111,100,118,142,117,114,63
"COG1823",1,2,16,1,1,2,3,11,2,4,4,0,6,1,0,2,8,7,3,18,10,8,13,46,36,0,5,0,32,3
"COG1825",34,35,73,38,42,56,59,68,34,36,27,32,38,32,28,33,49,65,44,35,39,52,44,9,20,30,34,44,25,65
"COG1826",1,1,13,6,0,0,2,3,5,3,5,27,6,3,0,2,8,7,2,11,13,1,6,48,12,0,5,3,43,4
"COG1827",21,16,14,7,25,15,11,11,22,33,35,26,13,9,28,9,29,12,4,23,14,8,43,13,40,15,20,5,14,13
"COG1830",62,62,71,109,17,30,44,98,41,37,29,28,78,42,17,26,55,39,57,77,44,63,9,48,3,14,65,43,62,26
"COG1832",2,1,1,3,0,0,1,0,0,0,4,0,2,0,0,1,0,0,4,2,4,1,2,14,3,0,4,1,10,0
"COG1834",5,10,30,8,3,2,6,13,2,0,2,2,4,1,1,5,3,5,1,9,3,12,2,0,0,1,9,3,7,3
"COG1835",88,80,86,69,81,91,100,56,63,40,33,47,88,57,68,94,43,102,97,76,73,99,74,32,51,66,52,92,179,121
"COG1837",9,8,12,4,23,11,9,1,16,17,19,28,13,37,25,13,14,3,9,16,3,3,23,6,18,24,9,14,9,9
"COG1838",73,81,72,105,82,87,79,131,75,94,74,65,96,56,70,97,86,154,77,94,112,61,69,109,51,81,73,86,94,119
"COG1840",23,29,43,46,28,36,25,17,35,18,26,23,14,22,34,23,47,10,30,66,71,36,52,108,162,65,39,34,47,24
"COG1841",7,4,6,4,21,9,6,2,7,10,15,9,6,6,10,1,6,1,14,15,5,4,10,9,13,15,6,10,7,5
"COG1842",9,5,8,4,20,4,10,4,6,4,5,0,18,2,28,17,17,4,1,5,0,6,5,47,0,4,7,2,6,8
"COG1843",11,10,8,0,16,10,12,2,16,26,7,2,8,4,27,21,12,2,2,5,8,3,6,29,1,9,5,2,6,8
"COG1845",0,0,2,0,0,0,0,0,1,2,1,0,1,0,0,0,0,1,0,1,0,0,1,24,0,0,1,0,20,0
"COG1846",130,104,118,74,129,116,123,137,133,192,151,133,119,95,145,120,207,77,144,140,112,90,186,167,177,108,146,75,102,89
"COG1847",40,32,20,14,45,33,27,22,37,51,70,64,36,59,63,29,54,13,19,40,21,16,74,31,119,65,36,21,40,34
"COG1850",1,0,1,6,1,2,2,0,0,3,1,0,0,2,0,1,0,1,0,0,7,2,1,6,1,8,1,1,0,0
"COG1852",2,4,5,7,1,3,5,2,1,0,3,3,2,1,1,0,6,2,4,4,7,4,3,0,18,2,2,8,1,2
"COG1853",92,76,94,128,99,108,81,106,83,111,123,102,68,122,96,99,85,126,104,125,81,88,78,66,67,120,93,98,58,117
"COG1854",21,36,22,19,37,40,39,25,39,54,33,27,35,19,34,49,30,46,32,32,35,29,46,30,37,64,34,32,31,45
"COG1857",2,0,0,0,4,0,1,0,6,19,8,5,15,2,3,1,12,1,1,2,0,0,5,0,0,14,3,2,0,2
"COG1858",13,47,39,34,10,12,20,10,16,8,9,10,24,11,7,9,14,43,38,21,21,16,5,72,1,16,15,32,62,15
"COG1859",1,0,8,2,2,2,8,1,1,2,5,0,6,1,1,1,3,2,6,2,3,0,0,30,4,4,5,1,22,1
"COG1861",19,18,20,2,7,11,7,12,16,3,2,9,6,6,1,10,4,0,21,2,8,16,0,0,0,2,2,19,10,1
"COG1862",31,16,40,24,27,26,24,57,36,48,25,38,36,33,16,36,32,51,36,48,29,21,16,16,30,23,25,17,19,32
"COG1863",3,2,2,1,2,2,4,0,0,0,0,2,1,1,1,0,0,0,1,0,2,2,0,1,0,2,1,3,0,0
"COG1864",68,58,56,38,33,44,46,48,59,70,32,38,52,38,58,25,14,25,36,15,31,16,1,0,1,8,15,33,8,16
"COG1865",3,2,9,1,1,0,6,3,1,3,4,6,5,4,3,3,1,2,3,4,3,1,0,0,0,2,0,8,0,1
"COG1866",128,111,120,115,156,147,128,171,163,135,143,127,111,82,125,133,169,173,104,121,130,106,130,69,112,154,98,144,86,173
"COG1868",20,8,8,5,42,10,20,14,17,41,18,2,19,7,30,23,22,5,6,9,5,4,9,45,2,13,7,1,25,5
"COG1869",8,1,10,6,4,2,4,2,3,4,4,7,6,2,3,2,3,3,4,5,10,7,7,38,0,4,6,2,25,1
"COG1871",4,7,1,1,16,3,7,7,6,12,9,2,13,0,20,17,16,1,5,3,6,0,3,11,1,9,3,1,1,4
"COG1872",1,0,0,0,0,0,0,0,0,0,0,0,0,0,0,0,4,1,0,3,4,0,3,14,0,0,4,1,16,3
"COG1873",6,10,6,0,10,9,7,3,20,31,20,27,7,28,24,17,9,2,5,6,3,1,13,13,4,21,8,4,3,10
"COG1874",294,236,229,410,177,242,209,280,158,204,211,134,205,184,175,193,227,225,224,163,236,268,287,47,254,136,304,222,164,188
"COG1875",44,28,74,31,24,51,50,21,42,19,32,18,42,82,50,37,23,13,53,20,37,57,1,8,5,13,27,42,14,26
"COG1876",26,39,16,6,66,41,20,4,39,40,52,52,37,72,73,57,36,5,25,20,10,15,56,28,11,38,33,22,17,30
"COG1877",27,24,47,49,14,57,39,68,28,32,18,13,47,33,19,38,28,30,13,34,29,83,6,29,0,9,45,24,25,23
"COG1878",15,9,12,6,10,10,10,6,16,8,26,7,19,8,9,0,9,6,5,9,6,1,11,3,8,0,12,7,0,2
"COG1879",251,265,271,312,316,232,270,216,221,447,259,306,237,138,240,159,228,248,193,242,334,220,272,636,229,361,422,207,226,217
"COG1881",8,0,10,2,0,0,2,0,4,1,4,2,5,1,1,0,0,3,4,11,7,3,18,31,31,1,7,4,28,1
"COG1882",200,222,284,344,242,242,253,304,275,205,286,285,298,317,247,240,288,253,261,248,278,258,268,387,434,286,302,238,347,211
"COG1883",183,172,157,166,157,189,180,144,152,120,125,167,168,120,177,173,131,153,143,113,115,176,84,45,79,174,122,173,58,148
"COG1884",152,148,163,203,122,178,205,204,178,87,73,113,173,95,76,158,162,154,213,135,139,200,13,47,259,116,123,218,110,132
"COG1886",5,4,7,5,19,7,12,7,23,34,8,3,22,8,13,12,4,4,12,15,11,3,10,108,1,5,11,1,24,11
"COG1887",88,113,71,23,111,82,51,26,70,39,137,104,82,95,166,138,55,108,78,97,32,47,137,9,74,72,109,53,79,124
"COG1892",0,0,0,0,0,0,0,0,0,0,0,0,8,0,0,0,0,0,0,0,0,0,5,0,0,0,0,0,0,0
"COG1893",93,109,75,88,70,73,80,83,103,44,82,95,86,95,91,77,109,70,55,50,56,60,98,40,108,96,75,78,50,82
"COG1894",85,40,101,90,67,55,46,46,52,54,43,64,65,50,54,40,86,42,82,54,73,79,79,88,105,104,107,66,55,59
"COG1895",5,14,13,10,5,2,4,6,3,11,6,4,2,4,4,11,24,7,33,38,8,37,8,5,5,6,29,12,4,21
"COG1896",31,30,31,16,41,36,21,19,46,46,57,49,34,54,65,55,43,10,25,42,16,11,78,103,17,56,27,27,72,27
"COG1897",97,70,69,75,75,77,63,58,71,87,81,59,79,53,85,66,89,63,52,58,74,62,82,51,107,65,53,75,62,94
"COG1898",142,93,119,130,85,120,134,109,71,93,76,116,105,125,118,123,97,129,96,80,103,117,40,24,38,116,69,104,90,143
"COG1899",0,0,0,0,0,1,0,0,0,1,0,0,0,1,1,1,0,1,13,3,1,0,0,0,0,0,0,3,1,1
"COG1900",0,0,2,2,0,2,0,1,0,0,0,1,1,0,0,0,0,0,14,0,0,0,0,0,0,1,0,1,0,1
"COG1902",111,84,121,98,88,119,109,77,122,155,157,208,117,102,86,102,102,70,112,121,92,110,206,222,98,114,177,133,192,86
"COG1903",65,63,64,70,40,57,105,82,117,54,74,99,84,51,69,74,63,23,37,27,62,100,66,17,98,58,67,35,21,54
"COG1904",89,102,82,70,75,91,97,100,138,54,57,175,103,54,66,107,75,147,53,81,71,92,71,53,29,79,69,84,37,87
"COG1905",23,16,35,40,15,18,14,19,14,20,12,28,14,14,7,6,20,18,29,32,31,19,17,54,14,28,47,15,22,21
"COG1906",6,1,4,8,2,6,8,5,4,0,0,8,11,6,1,0,1,4,2,8,7,4,0,18,13,0,7,13,1,0
"COG1908",2,7,4,12,2,2,1,6,7,3,6,4,3,3,4,2,8,1,3,2,8,3,9,0,1,10,7,5,2,2
"COG1910",7,0,4,4,1,2,0,4,7,2,6,10,3,2,3,0,4,2,0,1,7,5,5,0,3,2,17,3,0,2
"COG1912",0,0,0,0,0,0,2,0,0,0,2,3,2,0,1,0,1,0,2,3,0,1,3,7,1,0,5,2,1,1
"COG1913",0,8,0,0,0,0,0,0,0,0,0,0,0,0,1,0,0,0,0,1,1,0,0,0,0,0,2,1,0,26
"COG1914",53,55,57,64,46,66,46,70,64,42,54,27,55,33,38,68,48,49,78,40,67,57,59,63,122,28,62,91,91,21
"COG1915",2,1,2,1,0,0,0,0,0,0,0,1,1,0,1,1,0,1,3,5,6,2,1,13,2,3,7,4,3,5
"COG1917",68,85,108,76,79,98,113,79,104,86,81,55,106,63,91,126,90,74,100,92,102,91,49,10,35,63,64,104,71,83
"COG1918",111,90,111,71,149,115,117,106,180,157,123,124,139,85,125,132,80,154,121,121,90,69,109,38,54,153,94,137,52,156
"COG1921",3,1,10,19,3,6,8,4,5,2,9,9,7,6,7,2,4,2,7,20,12,7,34,53,2,8,18,11,37,3
"COG1922",35,60,56,86,39,46,56,93,36,45,24,33,33,62,15,53,38,31,50,51,56,69,43,49,46,19,39,41,32,71
"COG1923",9,1,8,0,8,2,6,1,2,2,2,6,4,3,2,1,4,5,5,9,4,2,1,29,6,8,3,5,10,3
"COG1924",167,162,86,61,151,156,106,94,162,216,276,181,162,240,257,164,222,101,60,135,122,85,251,94,312,202,144,101,72,200
"COG1925",27,51,34,27,59,42,32,22,45,53,63,91,39,15,64,40,50,16,22,46,27,33,68,218,70,63,65,25,141,37
"COG1928",4,16,9,0,29,19,13,0,4,2,8,10,11,12,20,34,3,4,2,11,1,4,1,0,0,32,6,6,0,16
"COG1929",46,60,57,53,59,61,83,49,57,64,63,38,59,25,58,54,36,50,65,53,56,56,81,85,108,45,70,65,60,59
"COG1930",0,0,0,0,1,0,0,0,0,0,0,1,0,0,0,1,0,0,0,0,1,0,0,0,0,0,0,0,0,0
"COG1932",79,70,70,69,113,100,89,98,92,64,80,97,85,72,91,73,82,85,61,92,71,75,93,62,150,91,90,92,75,89
"COG1934",0,0,6,1,0,0,2,0,3,2,1,2,3,3,0,1,1,3,0,3,3,1,5,20,0,0,1,3,17,0
"COG1937",12,16,15,17,28,22,14,19,16,39,39,22,11,24,34,18,37,9,10,19,16,7,47,33,50,32,22,16,30,18
"COG1939",17,22,12,7,37,14,20,10,30,23,42,22,24,38,44,19,34,11,10,26,11,22,47,12,33,36,20,21,8,24
"COG1940",95,88,84,66,92,76,111,69,113,112,108,121,92,86,90,304,202,210,362,269,223,252,479,374,457,310,301,269,439,305
"COG1941",0,0,0,0,0,0,0,0,0,0,0,0,0,0,0,0,0,0,0,0,0,0,0,0,0,2,0,0,0,0
"COG1942",0,0,1,2,0,0,0,1,0,1,0,1,1,1,2,0,1,0,4,1,1,1,2,11,0,0,1,2,0,2
"COG1943",62,60,72,30,64,74,50,103,43,59,156,52,57,90,64,42,132,56,92,123,86,45,85,92,518,128,119,22,119,80
"COG1944",0,0,3,1,0,0,2,12,0,0,5,0,11,55,8,0,2,0,20,2,4,1,3,24,0,0,5,5,20,0
"COG1945",1,0,0,0,1,0,0,0,1,0,0,1,0,1,0,0,0,0,1,1,0,1,0,0,0,0,0,0,0,0
"COG1946",0,0,0,0,0,0,1,0,0,0,2,0,0,0,0,0,1,0,0,4,0,0,11,22,10,0,7,2,19,1
"COG1947",71,59,53,48,70,57,65,48,58,96,69,81,72,53,84,70,89,101,58,74,81,44,78,44,109,70,57,91,65,76
"COG1949",1,0,4,1,0,0,2,1,1,1,1,0,3,0,0,0,2,3,1,7,4,0,13,37,34,0,9,0,26,0
"COG1950",1,0,0,0,0,0,0,0,0,0,1,0,0,15,8,0,0,0,0,1,0,0,0,0,0,0,0,1,1,0
"COG1951",75,93,91,133,125,101,96,128,101,126,102,106,120,73,86,108,104,168,99,94,125,77,94,144,69,122,118,116,113,125
"COG1952",7,0,7,1,1,0,0,2,2,3,3,3,5,2,0,2,1,2,2,5,2,2,6,26,0,3,8,0,25,1
"COG1953",5,2,8,3,0,1,3,2,2,2,4,3,2,0,0,0,0,3,3,7,25,2,2,49,2,1,11,3,21,1
"COG1954",5,6,6,3,4,8,4,5,8,5,11,6,13,3,8,4,3,2,4,12,9,8,18,34,7,8,8,4,13,4
"COG1956",21,20,28,12,8,11,21,10,15,15,11,9,23,8,8,21,12,36,34,16,18,25,16,19,0,18,29,18,16,24
"COG1957",12,1,10,29,20,12,13,5,15,38,29,19,21,64,17,8,12,1,26,28,26,5,127,188,113,29,53,18,96,8
"COG1959",42,58,37,32,66,43,41,25,85,77,126,92,60,64,71,50,86,19,34,63,39,25,119,91,88,86,63,37,71,63
"COG1960",110,129,119,153,133,148,121,126,96,105,100,157,99,87,110,124,95,168,143,154,97,157,74,184,94,105,135,140,197,126
"COG1961",826,798,599,273,1214,928,423,386,977,1117,1133,1387,745,1461,912,730,558,329,501,874,432,435,962,454,578,1377,695,602,474,717
"COG1963",6,4,11,7,15,6,7,3,6,4,19,25,0,13,16,11,6,2,1,7,6,2,5,5,8,25,9,8,6,7
"COG1964",1,2,1,1,0,1,5,3,4,1,15,6,6,3,1,1,2,0,3,1,5,1,5,0,1,3,12,1,2,0
"COG1965",1,0,1,3,0,0,0,0,1,0,0,0,1,1,0,0,0,0,0,1,2,0,0,5,0,0,0,1,3,0
"COG1966",118,139,112,91,181,133,132,119,185,138,144,247,141,79,161,117,188,133,101,161,152,112,195,162,272,173,112,120,177,132
"COG1968",76,88,59,65,110,81,73,65,75,78,103,84,84,119,83,98,87,100,73,81,69,83,91,46,120,106,69,93,81,99
"COG1969",1,1,11,4,1,10,3,13,2,2,3,1,4,2,0,3,16,8,2,6,18,4,0,18,65,1,5,9,34,11
"COG1970",32,28,32,28,38,31,30,31,27,24,30,21,34,57,27,32,24,14,29,41,36,19,32,11,61,39,26,31,28,26
"COG1971",54,65,46,52,63,57,50,64,63,79,64,65,50,75,39,47,57,44,55,55,43,23,63,35,30,85,47,50,37,43
"COG1972",1,2,9,2,0,4,0,3,0,0,1,1,8,0,1,1,8,6,31,16,17,8,7,94,46,0,15,7,84,3
"COG1974",47,51,37,27,61,42,43,24,44,59,99,74,71,83,67,65,64,29,22,65,38,25,93,159,95,83,35,48,129,40
"COG1975",13,11,11,8,6,5,7,3,17,25,18,37,16,9,8,22,61,20,30,37,30,30,98,141,160,32,61,24,73,33
"COG1977",0,0,1,0,0,1,0,0,1,0,0,0,0,0,0,0,0,2,0,2,2,0,1,9,0,0,2,0,3,0
"COG1979",97,96,119,134,62,93,104,126,96,87,67,81,99,87,64,94,105,62,113,69,87,125,91,97,83,76,115,78,85,71
"COG1982",81,80,85,70,113,63,68,62,123,142,134,146,96,82,113,79,122,41,37,104,61,54,195,352,195,120,129,79,201,64
"COG1983",8,10,23,13,11,11,7,21,17,11,9,5,26,8,11,21,7,18,22,18,8,11,9,2,1,7,19,12,9,15
"COG1984",7,6,6,3,13,5,1,3,6,2,8,7,6,2,7,5,3,5,1,8,6,6,5,34,6,19,15,4,19,3
"COG1985",87,65,79,40,74,69,81,72,94,93,68,65,87,66,72,65,89,119,67,72,88,108,53,34,83,67,82,79,45,114
"COG1986",0,1,3,1,0,0,0,0,0,0,6,1,3,6,0,0,0,0,0,2,0,0,4,26,1,4,2,0,10,0
"COG1987",2,5,4,3,15,10,4,2,7,21,2,4,8,6,9,5,11,1,6,3,6,5,5,18,1,3,1,0,14,4
"COG1988",2,6,1,6,2,6,6,3,6,1,8,2,4,2,2,5,1,2,0,5,2,5,14,35,3,2,3,5,26,4
"COG1989",18,9,4,5,34,14,9,11,17,39,29,5,30,50,60,17,7,11,15,9,7,2,51,59,37,40,15,8,70,12
"COG1990",1,1,0,0,7,1,0,1,4,1,3,8,1,1,3,3,1,0,0,1,0,0,7,0,0,3,0,0,1,1
"COG1992",3,0,3,0,1,1,0,0,1,2,0,0,0,1,0,0,0,0,1,1,0,0,0,0,1,0,0,1,1,0
"COG1993",1,2,0,0,1,0,0,1,0,0,0,0,0,0,0,1,0,0,2,0,0,0,0,0,0,0,0,0,0,1
"COG1994",9,8,9,3,17,17,8,10,23,3,23,25,23,54,22,19,8,9,9,20,12,7,12,0,21,44,6,18,12,26
"COG1995",50,52,45,57,57,64,52,76,69,77,30,42,58,27,32,50,58,84,84,53,72,43,30,51,67,31,34,79,61,69
"COG2000",3,6,8,7,11,14,4,1,6,5,1,20,10,6,5,2,1,1,6,2,3,1,1,6,1,0,7,5,1,4
"COG2001",24,45,48,36,46,43,34,42,47,39,51,23,36,73,34,38,38,27,20,35,40,35,43,35,22,48,38,54,35,31
"COG2002",31,22,14,11,60,27,26,9,41,43,62,76,31,44,60,37,28,13,10,22,12,10,51,24,23,63,30,24,25,21
"COG2003",59,91,96,58,91,72,87,63,71,118,110,60,93,104,117,99,100,80,106,95,58,76,92,129,82,77,74,93,89,87
"COG2005",3,1,7,5,0,5,2,6,4,2,5,5,3,7,3,1,5,5,5,11,5,2,6,41,4,1,4,8,12,1
"COG2006",33,24,29,10,25,30,21,22,12,10,19,23,25,22,8,21,28,15,24,12,19,23,36,16,103,19,28,20,18,20
"COG2008",61,57,80,89,61,63,73,89,96,83,61,88,67,56,48,71,60,95,60,85,69,91,71,51,106,64,92,62,63,48
"COG2009",2,0,3,0,0,1,3,4,0,2,2,5,5,3,5,1,7,6,1,3,10,0,3,19,45,0,0,1,20,3
"COG2010",0,0,0,3,0,3,0,0,0,0,0,1,0,0,0,0,0,0,0,0,1,1,0,0,0,2,0,0,13,9
"COG2011",11,13,23,15,33,31,8,15,32,13,46,39,29,16,36,21,17,18,19,27,30,20,63,39,100,47,20,21,44,22
"COG2013",24,15,21,10,24,11,15,4,16,21,30,11,12,16,46,43,14,3,6,15,14,9,36,13,34,27,27,10,15,5
"COG2014",0,0,0,0,0,1,0,0,0,0,0,1,0,0,0,0,0,0,1,0,0,0,0,1,0,0,0,0,0,0
"COG2015",7,20,8,16,29,14,24,3,3,8,24,70,11,11,10,29,14,5,4,12,13,6,20,48,6,21,15,14,52,27
"COG2017",80,103,90,86,67,93,97,90,80,91,72,92,81,73,91,279,285,320,202,172,224,312,226,120,254,216,236,237,180,304
"COG2020",2,1,0,0,0,5,0,3,1,2,5,0,0,1,1,0,2,1,1,2,1,0,5,0,1,0,0,2,6,3
"COG2021",2,1,0,0,4,1,0,0,0,0,0,1,0,0,1,2,1,6,7,7,2,0,0,0,0,4,0,7,17,10
"COG2022",27,42,37,54,29,30,56,59,44,42,24,31,58,31,44,52,60,35,30,37,24,52,42,26,66,34,43,41,44,32
"COG2025",83,99,106,71,103,106,66,65,104,86,76,134,73,66,88,83,79,117,117,96,104,86,61,94,98,105,69,119,77,105
"COG2026",1,0,1,2,6,2,3,5,4,7,10,28,1,3,4,5,2,0,3,24,1,5,12,6,12,2,8,4,53,1
"COG2027",24,71,64,90,34,48,44,67,52,33,17,18,46,30,11,29,54,59,62,43,33,68,34,44,53,17,60,38,63,19
"COG2030",29,39,39,37,14,22,44,63,56,16,24,28,41,36,16,5,1,12,8,14,15,12,36,8,70,9,22,10,24,13
"COG2031",2,1,9,2,0,2,1,1,0,0,0,2,6,1,2,2,3,2,9,3,4,8,5,32,2,4,11,5,33,1
"COG2032",2,0,2,6,3,4,2,0,0,0,0,5,3,0,0,1,0,1,2,4,2,0,5,52,3,3,10,0,13,0
"COG2033",8,5,8,8,5,8,4,11,12,27,12,21,7,8,13,6,11,15,7,28,21,9,7,12,35,10,9,9,7,11
"COG2035",4,9,14,2,14,13,2,4,2,5,5,9,5,31,9,45,16,23,47,27,20,10,12,23,38,50,20,22,19,14
"COG2038",52,60,52,58,53,75,73,93,67,62,62,96,91,40,69,69,100,41,56,62,76,86,49,32,167,52,61,58,51,57
"COG2039",4,1,15,5,7,3,4,0,5,4,11,2,4,6,8,3,0,1,1,1,0,1,21,0,8,3,0,1,3,1
"COG2040",13,9,9,14,4,6,3,0,1,4,8,1,12,11,2,5,10,3,8,6,18,4,8,2,13,3,7,4,10,1
"COG2041",0,0,1,3,0,0,1,0,1,0,2,0,1,2,2,2,0,0,0,3,0,1,0,25,0,0,5,1,26,0
"COG2043",5,0,1,0,1,2,0,0,0,0,1,2,0,2,2,0,3,1,0,1,1,0,1,0,0,0,0,1,1,0
"COG2045",1,0,5,4,2,0,2,2,0,0,0,2,3,0,0,1,1,3,4,1,0,2,0,5,0,3,3,0,2,1
"COG2046",0,0,0,0,0,0,0,0,1,0,0,0,0,0,0,0,0,0,0,1,2,0,0,0,0,0,0,0,0,0
"COG2048",8,9,2,5,5,4,3,1,4,6,11,5,6,13,3,4,3,5,16,10,11,4,11,0,4,15,9,10,8,4
"COG2049",5,2,7,2,6,3,0,1,7,7,10,4,11,2,3,6,5,1,2,2,2,5,6,30,6,7,12,5,14,4
"COG2050",54,54,70,60,32,62,92,63,59,45,25,40,59,35,28,48,47,76,99,64,72,63,10,68,77,24,69,65,67,43
"COG2052",4,13,9,5,10,6,8,3,5,4,18,16,11,23,11,7,8,4,7,5,5,5,8,0,15,15,6,7,1,10
"COG2055",20,4,12,33,11,11,8,4,9,10,16,19,16,14,7,2,13,2,10,11,21,11,25,102,63,32,29,13,37,15
"COG2056",2,2,6,2,0,1,2,0,1,1,2,2,5,3,1,0,0,0,6,0,0,0,0,3,1,0,4,1,1,0
"COG2057",11,2,10,9,5,6,2,2,3,2,2,7,6,8,9,4,0,6,19,21,3,8,3,30,6,7,10,14,21,8
"COG2059",135,104,150,122,122,109,129,117,112,123,111,137,109,88,95,105,130,144,126,98,105,108,107,57,109,106,90,125,48,141
"COG2060",78,79,100,132,53,79,76,120,82,42,37,66,101,58,32,26,21,18,38,24,22,34,2,19,45,13,19,34,37,29
"COG2062",0,0,2,0,0,0,0,0,1,0,0,0,2,2,0,0,0,0,0,12,1,0,13,5,16,1,1,9,9,0
"COG2063",4,0,1,3,0,0,0,0,0,0,0,2,1,0,0,0,0,0,0,1,0,0,2,17,0,0,3,0,12,0
"COG2064",1,6,0,0,2,3,0,7,1,1,1,0,0,3,11,0,0,0,0,0,0,0,0,0,0,3,0,0,1,0
"COG2065",4,1,3,0,2,11,4,6,6,3,3,7,9,4,3,7,11,7,3,14,10,0,21,0,25,6,3,6,19,15
"COG2066",68,58,69,106,58,48,72,91,53,29,26,49,52,33,27,41,56,38,49,43,74,87,11,62,5,21,69,33,47,33
"COG2067",32,9,28,17,26,21,20,19,9,11,9,12,23,31,20,16,10,46,52,31,55,30,7,22,1,15,11,45,42,43
"COG2068",22,7,11,17,5,6,12,18,15,27,31,21,16,12,7,4,19,7,15,10,16,10,32,36,38,11,31,2,19,4
"COG2069",11,0,2,2,2,2,2,0,4,2,16,4,3,7,2,0,2,1,2,3,1,2,15,0,0,18,8,6,1,1
"COG2070",128,105,123,115,104,109,116,136,121,94,144,145,119,94,110,104,163,91,128,117,97,99,107,55,182,81,95,74,47,87
"COG2071",55,65,66,60,53,66,72,71,47,53,44,30,42,62,50,47,38,151,64,59,102,70,53,54,26,58,101,82,49,104
"COG2072",0,0,1,0,0,0,0,0,0,0,0,1,0,0,0,0,0,0,1,0,0,0,0,0,0,0,0,0,0,0
"COG2073",33,45,52,76,39,36,59,67,73,33,51,85,50,33,44,43,64,26,22,37,51,64,44,16,83,32,47,25,11,41
"COG2076",11,12,26,11,9,14,12,21,4,12,6,15,13,12,11,8,15,27,21,20,25,14,1,69,75,6,29,14,70,19
"COG2077",19,26,25,42,27,31,21,49,11,13,15,13,26,30,5,32,22,26,48,40,19,25,5,21,5,24,29,20,26,16
"COG2078",8,0,1,1,0,0,1,0,1,0,2,1,4,5,1,0,0,95,0,6,7,2,12,18,0,0,1,12,6,0
"COG2079",16,7,4,4,2,6,2,0,7,3,3,7,11,11,8,5,1,2,14,17,17,6,1,61,4,10,17,5,19,0
"COG2080",32,18,38,54,29,26,40,17,36,62,71,45,45,30,36,23,38,17,24,65,46,50,105,213,72,37,120,30,75,19
"COG2081",69,54,36,21,107,78,60,30,78,79,151,110,92,89,161,92,106,43,41,73,80,39,98,91,109,138,79,58,62,82
"COG2082",31,39,32,29,24,36,34,19,28,44,33,34,34,20,50,23,31,13,17,18,28,35,23,9,62,22,27,20,14,17
"COG2084",22,21,21,17,8,5,21,22,11,58,26,48,27,11,10,14,51,15,19,44,42,19,27,179,156,18,31,21,107,18
"COG2085",0,0,14,0,0,1,0,0,0,6,0,2,0,4,0,0,0,3,1,1,0,0,0,0,0,1,0,0,0,0
"COG2086",56,72,53,94,74,107,84,80,79,66,53,80,65,65,85,74,50,96,76,100,78,76,40,82,80,88,84,79,61,87
"COG2087",27,29,40,37,23,38,38,60,36,36,42,36,53,14,34,31,37,20,25,28,31,40,32,15,25,34,46,23,21,36
"COG2088",10,7,4,1,15,8,6,2,10,20,14,4,5,12,13,32,23,6,11,16,15,11,27,16,28,57,21,15,7,18
"COG2089",55,43,87,10,62,46,63,27,51,19,21,26,31,50,38,68,38,7,60,25,23,64,8,0,4,31,18,29,28,30
"COG2091",12,8,9,7,18,6,10,7,23,27,38,12,17,9,39,18,22,6,5,16,12,7,28,72,6,22,16,9,39,3
"COG2094",0,0,1,3,1,3,1,0,1,0,0,0,2,5,0,0,0,1,6,9,0,0,21,0,1,5,0,6,0,1
"COG2095",53,56,62,94,38,50,71,124,71,53,40,37,70,60,19,40,68,65,95,72,55,84,13,73,3,21,83,48,79,40
"COG2096",62,41,55,61,23,45,63,61,42,16,21,33,45,40,38,42,45,39,49,31,54,67,10,5,28,19,50,45,34,41
"COG2099",60,49,68,92,48,55,98,77,91,74,78,92,89,52,56,50,66,31,36,44,56,106,39,22,57,53,87,26,24,57
"COG2102",4,1,6,0,0,5,0,2,2,0,8,0,5,5,2,6,1,8,8,34,3,0,2,0,0,2,2,7,7,7
"COG2103",34,35,31,33,20,33,44,39,35,5,20,21,25,14,29,43,33,20,23,22,36,43,11,20,36,18,35,43,36,36
"COG2104",0,0,0,3,0,0,2,0,1,0,0,0,2,0,0,0,0,0,0,2,0,0,3,12,6,0,3,1,6,0
"COG2105",0,0,1,1,0,0,0,0,0,0,0,0,0,0,0,0,0,0,0,2,0,1,2,22,0,0,1,1,12,0
"COG2107",10,0,2,0,0,1,0,1,1,0,1,0,3,3,2,4,0,3,4,7,0,0,0,0,0,1,2,7,10,0
"COG2108",1,1,2,0,6,1,1,2,2,0,0,1,2,0,2,4,1,0,1,2,0,2,0,0,1,1,0,4,1,0
"COG2109",25,24,32,9,30,20,17,22,24,31,41,32,28,21,31,17,31,20,18,31,28,9,34,38,105,19,25,16,22,15
"COG2110",42,40,41,34,51,40,36,57,39,115,75,64,16,40,52,34,52,63,49,48,41,26,77,21,44,59,41,44,38,53
"COG2111",6,0,1,1,4,3,4,2,0,0,0,1,3,2,3,12,0,1,5,3,7,1,1,13,0,3,3,5,3,0
"COG2113",6,20,37,20,9,10,27,23,13,12,6,10,43,14,5,12,17,13,35,13,19,21,2,28,0,8,26,10,30,9
"COG2114",2,4,0,0,0,0,0,0,1,2,1,0,5,8,2,27,1,1,6,0,3,0,1,12,1,10,1,0,0,1
"COG2115",21,26,40,68,12,50,53,55,62,24,12,29,36,22,19,33,27,41,35,31,20,83,34,42,28,35,34,42,35,34
"COG2116",24,16,32,13,42,25,20,8,20,25,34,20,31,11,24,22,25,6,12,43,12,7,56,118,14,48,43,21,82,14
"COG2119",3,1,0,0,3,1,6,2,2,2,12,4,8,5,5,5,9,4,1,7,4,1,14,0,31,3,0,0,0,6
"COG2120",4,6,27,23,12,21,19,6,0,12,10,5,16,9,10,2,2,1,23,13,12,8,1,25,1,23,16,7,23,13
"COG2121",4,0,6,1,2,2,0,0,0,2,0,1,0,0,0,0,0,2,1,0,1,0,0,12,0,0,3,0,8,3
"COG2122",1,0,0,1,1,1,0,0,0,0,1,0,1,1,1,0,1,0,11,0,0,1,0,0,0,2,0,0,0,2
"COG2127",2,2,4,0,0,0,0,2,0,4,1,1,0,0,4,3,4,12,3,8,15,4,2,17,0,0,0,1,8,16
"COG2128",1,1,3,0,2,0,2,4,0,0,2,1,2,2,1,1,0,0,4,5,1,4,9,29,1,0,3,0,24,1
"COG2129",13,27,6,1,24,10,6,5,12,11,29,20,21,12,28,41,20,21,16,3,4,18,22,2,10,22,7,6,10,12
"COG2130",0,0,1,0,0,0,0,1,0,0,1,0,1,0,0,0,0,1,1,3,1,1,1,23,0,0,1,0,20,0
"COG2131",17,18,22,14,23,8,12,14,19,18,20,19,26,35,20,52,54,79,48,42,58,43,45,19,38,65,35,55,33,61
"COG2132",2,0,10,5,0,7,3,0,0,1,2,2,4,0,0,0,0,0,2,6,2,2,28,90,0,0,3,0,58,17
"COG2133",0,0,2,15,0,0,2,0,0,1,0,0,2,0,1,0,0,0,0,1,0,1,2,24,1,0,0,1,12,0
"COG2134",0,0,0,0,0,0,0,0,0,0,0,0,4,0,0,0,0,1,0,2,0,0,5,29,0,0,3,0,19,0
"COG2135",3,18,17,5,4,2,7,0,4,2,2,3,2,8,0,8,1,1,5,9,5,1,17,15,4,8,9,5,16,5
"COG2137",13,4,13,5,7,12,7,3,6,2,13,11,12,30,24,13,10,4,4,16,9,7,26,20,5,22,10,16,12,7
"COG2140",35,13,27,6,6,40,14,2,9,3,1,1,2,19,1,19,20,3,18,7,10,23,1,3,1,13,8,15,9,23
"COG2141",2,1,7,4,0,0,5,3,2,4,2,1,2,0,1,2,0,4,2,11,2,3,12,98,2,1,7,0,63,2
"COG2142",0,0,2,2,0,0,0,0,1,0,0,0,2,0,0,0,0,0,0,1,0,0,0,23,0,0,2,1,14,0
"COG2143",0,0,0,0,0,0,0,0,0,0,1,0,0,0,0,0,0,0,0,2,0,0,0,0,0,0,0,0,0,0
"COG2145",12,4,4,4,12,7,5,5,13,14,14,19,12,5,14,20,40,14,15,43,26,31,71,28,116,23,43,34,33,31
"COG2146",0,0,7,3,0,0,0,0,0,0,2,2,4,0,1,0,0,1,0,5,0,2,4,35,0,0,4,0,23,1
"COG2148",226,274,294,289,276,225,312,262,306,283,238,242,262,241,300,329,221,176,275,257,240,251,217,168,230,299,237,229,186,205
"COG2149",0,0,1,2,0,0,0,0,0,0,0,0,1,0,0,0,0,1,0,1,0,0,3,24,0,0,2,0,18,0
"COG2151",17,17,17,21,22,18,15,21,22,30,9,9,14,8,5,23,12,33,39,37,14,17,31,22,16,8,13,27,14,36
"COG2152",130,149,188,280,95,176,171,173,101,60,89,75,97,88,94,125,121,159,110,69,159,266,51,22,12,125,125,115,36,150
"COG2153",3,0,5,4,0,1,1,0,6,1,0,1,1,5,2,4,4,2,5,10,1,2,18,20,0,4,4,4,22,3
"COG2155",7,12,3,4,9,4,3,1,7,7,15,10,6,20,15,3,9,2,6,7,6,1,9,0,7,15,8,2,3,3
"COG2156",26,19,25,39,17,37,28,40,23,10,14,30,34,23,11,16,24,15,36,22,28,17,4,43,50,8,14,31,47,46
"COG2158",4,1,2,4,5,2,3,2,3,9,8,3,3,6,1,8,5,1,0,3,2,2,3,0,0,2,7,1,2,3
"COG2159",28,21,35,31,51,14,12,13,19,17,11,24,26,23,9,14,26,8,21,30,33,17,23,25,39,30,30,21,28,43
"COG2160",101,102,70,102,80,81,103,99,99,59,68,79,71,61,54,98,85,91,67,80,77,134,96,61,145,84,99,96,60,107
"COG2161",1,1,3,2,5,4,3,3,1,2,3,0,3,3,0,3,6,2,2,12,4,0,0,38,13,1,1,6,69,7
"COG2162",0,1,1,0,0,0,0,0,1,2,2,4,3,1,4,0,0,1,2,1,2,1,1,23,0,7,4,4,1,1
"COG2163",0,0,0,0,0,5,0,0,0,0,1,0,0,0,1,0,0,0,0,1,0,0,0,0,0,4,1,0,2,0
"COG2165",1,5,14,11,2,3,3,4,1,0,4,5,8,0,0,1,0,0,4,10,2,12,1,60,2,0,7,4,48,0
"COG2166",30,25,44,57,24,27,37,60,29,23,20,19,35,34,17,33,26,37,52,36,30,36,7,23,2,15,24,35,33,36
"COG2168",0,0,1,2,1,0,0,1,0,0,1,0,5,0,0,0,0,0,0,2,0,0,1,21,0,0,1,0,9,1
"COG2169",16,20,19,28,8,6,20,8,2,11,5,7,34,6,1,6,11,7,34,12,10,7,1,10,0,3,10,27,24,3
"COG2170",0,0,1,0,0,0,0,2,0,0,0,0,1,0,0,0,0,0,0,0,0,1,4,18,1,0,4,1,22,0
"COG2171",9,1,14,7,5,3,2,1,6,2,9,6,8,9,2,5,2,4,9,18,2,4,30,26,30,6,9,12,38,7
"COG2172",22,33,20,15,37,25,27,14,26,37,42,32,40,43,38,25,30,7,28,23,19,15,32,30,14,50,25,29,20,15
"COG2173",60,35,40,69,15,33,51,52,12,10,14,14,21,26,14,39,40,12,37,26,32,44,5,11,2,23,21,21,29,23
"COG2175",0,0,2,1,0,0,1,0,0,0,1,0,3,0,0,0,0,0,0,2,1,0,0,20,0,0,3,0,15,3
"COG2176",97,115,90,50,229,132,136,74,167,163,284,242,163,406,323,183,157,58,80,153,155,69,328,54,327,313,140,108,90,150
"COG2177",95,64,81,57,89,83,66,40,72,80,101,78,90,139,109,89,83,86,99,100,94,65,82,60,67,111,72,103,59,82
"COG2179",14,17,10,2,29,22,7,6,18,28,33,27,25,54,48,22,19,3,19,14,6,6,37,13,10,41,17,13,14,17
"COG2180",2,1,3,1,0,0,1,3,6,2,2,6,4,1,2,0,1,0,0,2,3,2,4,29,1,0,5,3,15,0
"COG2181",1,2,1,6,0,2,3,5,2,0,4,2,3,1,0,2,1,2,0,3,4,4,4,26,0,1,7,0,12,1
"COG2182",33,43,26,4,92,64,68,22,108,141,83,21,52,17,62,38,85,25,11,37,13,8,117,45,33,129,46,21,43,59
"COG2183",135,135,121,151,147,157,158,135,171,116,143,114,151,263,168,143,174,175,149,133,174,131,114,97,169,174,163,150,120,191
"COG2184",26,44,32,7,52,35,26,6,30,68,36,41,22,40,34,42,36,53,27,55,37,32,59,21,8,45,15,23,21,27
"COG2185",145,127,128,202,105,149,157,165,115,55,65,95,144,88,64,116,107,162,152,118,144,130,11,36,203,100,95,156,112,120
"COG2186",58,43,46,63,43,62,32,34,51,59,75,76,64,51,47,48,36,35,54,79,59,49,69,336,164,42,80,33,198,47
"COG2188",57,53,83,57,60,52,54,75,70,44,97,81,62,55,39,43,77,44,103,100,83,78,205,259,252,74,116,49,197,33
"COG2189",31,79,56,46,81,68,78,45,62,39,66,31,52,85,102,45,107,84,69,33,43,61,30,1,65,94,21,63,36,139
"COG2190",39,53,63,46,60,19,26,39,44,90,112,121,87,38,53,34,43,18,70,59,38,26,342,275,152,90,241,34,126,50
"COG2191",2,1,0,1,0,0,4,0,1,0,0,3,2,5,2,4,0,0,2,1,4,1,0,0,1,2,1,3,2,1
"COG2192",2,11,13,0,8,0,0,0,25,2,5,11,14,11,11,1,3,1,8,4,8,0,0,1,0,9,2,1,7,2
"COG2193",12,12,30,26,9,19,5,21,7,7,8,5,9,12,3,16,14,20,18,33,7,12,3,24,2,4,20,14,29,3
"COG2194",74,56,111,105,86,62,69,148,76,44,32,53,99,86,38,74,73,129,151,205,116,65,17,285,89,59,69,123,294,75
"COG2195",295,209,304,264,245,283,270,241,242,231,234,205,285,212,246,243,247,335,286,312,291,278,220,192,139,217,225,301,157,332
"COG2197",584,665,664,545,220,391,500,520,273,264,171,220,273,305,230,109,136,128,146,109,120,192,55,91,98,70,121,128,129,87
"COG2198",3,3,21,34,5,2,8,4,3,3,4,5,27,1,4,4,8,4,2,30,2,13,14,287,1,1,35,14,184,3
"COG2199",189,245,172,129,425,221,214,118,303,754,389,217,383,156,482,341,311,64,155,229,202,120,317,1055,234,368,294,121,811,146
"COG2200",90,108,61,79,186,82,105,75,156,347,145,79,152,63,332,211,123,43,75,130,114,41,172,809,134,144,156,46,530,60
"COG2201",16,10,4,3,28,16,16,11,13,41,10,5,21,6,34,30,22,4,7,12,16,4,6,22,1,18,10,3,25,11
"COG2202",93,119,103,89,27,19,58,54,24,27,24,27,54,18,19,33,49,24,77,50,49,61,26,438,9,18,71,40,237,4
"COG2203",8,7,3,1,5,2,1,0,5,3,7,4,9,36,8,10,0,0,4,8,4,1,11,27,0,8,5,1,16,6
"COG2204",564,427,593,712,241,454,710,577,400,256,210,327,510,394,256,402,395,644,473,415,519,700,36,220,33,377,434,533,254,637
"COG2205",144,123,107,93,141,166,145,137,111,75,157,179,157,105,130,130,148,71,120,91,86,118,126,152,189,129,131,117,118,181
"COG2206",117,177,48,20,183,98,110,77,108,309,155,63,78,69,194,112,198,25,35,68,76,31,96,45,28,139,31,34,15,57
"COG2207",2151,2891,2431,2553,1532,1973,2198,2983,1474,1691,1401,1614,1562,1535,1385,1896,2097,1726,1953,1602,1908,2533,1282,1147,751,1296,2048,1660,1123,1496
"COG2208",46,60,60,29,71,77,49,34,61,76,113,34,51,111,81,57,49,17,82,38,52,40,110,37,56,113,92,41,58,56
"COG2209",23,22,12,23,23,21,22,10,31,16,11,42,29,13,22,20,10,58,45,19,37,24,7,0,12,24,7,50,8,39
"COG2210",65,59,75,147,40,84,97,125,44,32,31,50,85,41,44,78,46,46,72,41,140,98,8,4,6,36,83,80,16,54
"COG2211",174,187,232,201,270,180,179,211,284,457,258,482,220,156,282,198,323,185,151,270,201,227,417,396,540,305,291,221,258,255
"COG2212",1,0,0,0,0,0,0,0,0,0,0,0,2,0,1,1,0,0,3,0,0,1,0,0,0,0,0,0,0,0
"COG2213",8,4,15,6,1,1,7,23,13,6,10,14,16,3,4,6,42,14,3,14,23,5,25,128,126,3,23,13,79,15
"COG2214",55,55,59,57,48,50,53,48,47,48,44,55,52,52,49,48,61,39,41,42,46,53,60,41,23,65,36,51,59,38
"COG2215",2,0,2,3,0,0,1,0,1,1,0,0,3,0,0,0,0,0,0,0,0,2,2,13,0,0,3,0,4,0
"COG2216",88,80,116,138,46,114,85,104,70,31,46,58,87,67,44,72,93,42,84,47,87,110,15,90,149,35,64,119,78,143
"COG2217",360,403,383,298,425,396,387,297,477,391,525,501,449,441,464,324,467,306,299,367,404,332,568,279,575,448,390,394,347,379
"COG2220",136,127,156,150,94,157,170,120,121,119,92,88,118,159,98,175,151,152,186,162,162,144,45,37,122,116,128,163,75,164
"COG2221",20,10,13,20,16,11,22,12,24,32,28,21,23,9,31,19,27,6,11,12,20,15,27,12,29,8,32,10,8,4
"COG2222",21,41,25,16,36,13,11,11,27,18,52,72,17,16,24,13,28,9,17,31,35,32,56,111,24,14,21,22,69,10
"COG2223",2,1,2,2,0,0,3,2,4,0,6,3,4,1,0,0,0,1,0,6,3,0,4,51,0,0,3,1,42,0
"COG2224",0,0,2,2,0,0,3,1,2,0,0,0,4,0,0,0,0,0,0,4,0,1,2,32,0,0,2,0,25,0
"COG2225",0,2,0,2,0,0,3,0,0,1,2,0,1,0,0,0,0,0,1,6,2,4,11,57,2,1,12,2,78,0
"COG2226",24,33,33,67,32,52,40,73,44,41,20,34,38,30,14,45,52,59,58,64,52,60,19,39,5,40,50,59,47,37
"COG2227",24,17,16,2,5,7,14,10,6,4,7,7,13,9,13,5,4,2,12,6,9,12,3,3,0,4,8,4,13,10
"COG2230",13,16,11,11,6,6,11,13,16,9,15,9,27,11,7,28,29,5,12,19,28,11,45,70,56,15,26,8,44,5
"COG2231",0,1,10,0,0,0,0,0,0,0,1,0,0,0,0,0,0,0,2,0,0,0,12,0,0,0,0,0,0,0
"COG2233",97,108,146,157,163,110,139,115,164,190,187,196,143,79,199,118,156,184,119,188,196,150,282,328,340,155,178,167,254,136
"COG2234",80,102,92,202,69,107,90,192,81,76,85,98,99,88,62,95,117,79,104,80,72,118,125,59,41,100,155,80,62,53
"COG2235",12,3,7,0,5,18,1,0,5,1,6,7,1,15,13,5,2,4,32,10,1,2,36,112,2,4,5,17,77,9
"COG2236",0,0,3,0,0,0,0,0,0,0,1,0,4,1,0,0,0,1,0,0,1,0,0,0,0,0,0,2,0,0
"COG2239",134,121,110,67,177,137,107,55,165,118,118,213,100,72,111,111,143,66,99,74,88,108,112,43,47,148,94,108,45,99
"COG2240",52,66,70,86,56,55,59,60,76,73,52,71,71,33,78,65,94,59,57,64,64,69,83,78,113,63,72,36,62,64
"COG2241",19,22,10,21,14,18,30,23,17,29,19,31,21,10,21,46,60,26,41,38,48,87,48,14,58,46,56,26,13,39
"COG2242",53,34,36,57,30,55,56,54,58,70,62,78,80,43,68,51,67,21,25,38,56,71,51,6,56,50,70,16,18,37
"COG2243",34,35,41,35,23,39,45,35,59,47,35,28,53,24,55,32,55,22,22,26,34,42,33,16,44,19,44,18,9,25
"COG2244",394,393,502,452,405,384,439,457,361,319,367,315,434,540,379,478,460,359,424,399,388,317,409,217,269,411,315,338,331,404
"COG2246",12,18,11,5,25,19,10,7,12,49,31,24,4,23,19,21,6,1,5,16,7,5,28,5,14,33,17,10,19,24
"COG2247",0,0,2,0,0,0,0,0,0,0,1,0,2,0,0,0,1,0,0,0,0,0,15,0,1,0,2,0,0,0
"COG2249",28,19,32,7,9,28,33,25,36,10,10,13,27,22,6,12,7,1,27,10,10,26,13,96,4,7,26,14,49,8
"COG2250",0,0,0,0,0,1,0,0,0,0,1,0,0,0,0,0,0,0,0,0,0,1,0,0,0,0,0,0,0,0
"COG2252",34,58,49,66,101,81,47,37,92,108,105,110,93,70,93,68,90,43,74,114,95,41,208,273,155,126,102,108,155,71
"COG2253",1,0,1,0,0,0,1,0,0,4,0,0,0,2,9,0,0,11,0,10,0,0,0,0,0,0,0,0,0,15
"COG2255",71,79,83,83,108,87,74,51,95,68,88,86,81,136,101,112,85,103,73,69,87,96,98,51,105,120,102,104,75,113
"COG2256",37,27,22,22,28,26,31,18,27,28,41,30,25,46,38,89,95,107,91,107,95,129,137,78,113,147,101,129,110,146
"COG2257",6,5,3,0,9,6,5,3,2,19,4,3,4,2,13,7,12,4,4,1,9,2,2,5,1,1,2,0,1,2
"COG2258",14,16,7,10,15,10,8,10,44,23,42,42,11,9,24,10,17,5,4,18,14,6,36,41,53,23,22,11,12,9
"COG2259",6,14,40,27,9,11,23,40,13,20,9,13,13,18,8,28,12,15,14,27,17,27,9,21,3,9,29,16,46,17
"COG2261",0,0,0,0,0,0,0,0,0,0,0,0,0,0,0,0,0,0,0,0,2,0,3,17,0,0,0,1,10,0
"COG2262",93,88,101,112,103,116,102,102,98,108,108,105,114,80,117,105,93,126,92,81,102,81,137,85,69,110,101,113,88,147
"COG2264",93,70,87,73,100,72,83,74,91,71,81,88,80,53,90,82,76,62,76,66,90,95,62,61,50,91,57,94,57,86
"COG2265",136,137,130,98,206,139,150,110,171,161,205,148,184,168,202,156,171,134,98,155,146,121,262,194,134,182,155,119,164,146
"COG2267",53,35,43,20,63,54,44,21,64,54,69,68,46,37,69,32,61,20,28,53,31,17,106,118,53,60,58,43,91,40
"COG2268",51,82,38,36,50,45,31,27,42,54,42,11,39,28,57,47,65,22,50,37,70,39,17,67,9,30,25,39,149,33
"COG2269",0,0,0,0,0,0,0,0,0,0,0,0,1,0,0,0,2,1,0,8,0,1,3,48,0,1,9,0,40,0
"COG2270",6,15,18,4,20,16,6,13,21,35,33,45,24,20,23,14,16,9,7,21,17,11,47,19,44,41,23,10,26,19
"COG2271",35,45,59,38,21,44,61,30,91,37,34,44,61,43,20,61,22,25,82,81,38,62,7,131,3,33,27,98,126,100
"COG2272",36,21,24,8,46,51,31,23,35,62,72,18,32,67,49,64,23,162,12,46,25,50,89,2,59,61,22,60,23,127
"COG2273",65,146,92,100,67,73,67,94,41,89,73,34,60,51,96,71,84,80,83,90,91,107,3,1,33,72,45,72,57,62
"COG2274",142,186,194,136,150,97,178,189,260,245,131,135,101,213,113,42,56,25,66,23,77,116,20,18,7,25,90,41,56,53
"COG2301",18,34,17,7,10,12,9,10,13,4,29,11,18,9,14,6,16,1,20,15,32,17,36,42,17,5,23,5,16,4
"COG2302",22,32,17,5,40,28,20,19,27,18,69,43,19,49,50,40,39,12,11,35,19,11,48,6,57,47,21,26,13,31
"COG2303",1,0,4,4,0,0,1,0,1,0,1,1,4,1,0,0,0,0,2,3,0,1,2,66,0,1,6,0,35,1
"COG2304",134,114,135,127,109,141,107,138,132,61,58,51,131,88,106,156,75,166,134,119,158,90,36,29,29,92,69,164,85,131
"COG2306",0,0,0,0,0,0,0,0,0,0,0,1,0,0,2,0,0,0,0,0,0,0,0,0,0,7,0,0,0,2
"COG2307",0,0,0,0,0,0,1,0,0,0,0,0,1,1,0,0,0,0,0,4,0,0,17,0,0,0,0,6,7,0
"COG2308",2,0,4,0,0,0,1,0,3,0,1,0,1,2,2,0,0,2,0,8,0,1,21,1,0,3,1,5,7,0
"COG2309",60,44,27,26,66,54,33,39,63,96,114,87,57,69,93,62,73,25,25,48,36,27,95,58,91,56,42,37,30,40
"COG2310",14,4,15,2,16,0,2,3,5,2,11,6,14,6,4,14,5,1,9,3,2,18,16,0,3,14,41,2,1,4
"COG2311",58,67,107,112,33,62,100,108,38,46,28,53,64,40,27,62,74,90,105,70,56,110,11,29,2,20,106,77,89,64
"COG2312",1,0,2,0,0,0,4,3,0,3,0,5,5,1,5,4,8,0,0,16,7,2,2,0,0,0,1,1,6,0
"COG2313",6,1,1,3,1,10,5,1,3,0,1,11,5,3,1,2,0,0,5,4,2,2,0,12,1,9,3,6,18,5
"COG2314",0,0,0,0,2,0,1,0,4,0,1,2,0,1,1,0,0,0,0,7,0,0,2,2,11,0,2,0,1,2
"COG2315",75,46,77,43,49,45,61,73,49,51,52,39,57,57,42,54,51,40,65,58,48,73,47,39,11,29,64,31,51,74
"COG2316",6,7,6,9,11,4,9,9,15,6,21,14,16,11,16,22,21,8,9,17,10,9,12,9,31,12,12,10,6,8
"COG2317",7,15,16,6,18,20,9,10,8,8,19,40,13,10,13,16,11,4,9,10,12,12,14,24,6,37,3,6,18,7
"COG2319",44,26,13,20,4,7,7,5,1,4,2,0,9,6,18,2,6,0,4,1,2,0,0,0,0,0,2,9,2,0
"COG2320",13,13,1,5,4,2,3,2,0,14,10,13,4,10,5,2,7,2,3,6,0,15,9,3,1,2,4,2,7,1
"COG2321",6,0,4,3,10,0,0,3,5,2,1,2,3,2,0,0,0,0,0,6,1,2,3,30,0,0,3,1,17,1
"COG2323",12,14,9,1,27,23,13,4,21,8,42,32,22,97,38,17,14,2,11,20,8,9,24,19,9,46,15,17,32,12
"COG2326",17,34,23,21,32,31,24,26,36,66,25,31,24,25,33,20,39,10,18,30,16,16,36,22,44,33,29,23,47,26
"COG2327",40,52,13,38,24,23,8,40,21,26,33,18,21,79,22,29,51,10,30,28,41,63,19,1,97,15,62,19,33,21
"COG2329",1,0,0,5,0,0,0,0,0,0,0,0,0,1,0,2,3,0,0,0,0,0,2,0,0,0,1,3,2,0
"COG2331",0,0,0,0,0,0,2,1,2,1,0,0,2,0,0,1,0,1,0,1,2,0,5,0,5,0,1,0,1,0
"COG2332",2,0,3,3,0,1,1,2,3,0,0,1,3,0,0,0,1,1,1,1,2,1,0,20,0,1,3,2,12,0
"COG2333",66,73,40,19,102,70,46,55,63,129,138,113,94,186,115,128,82,38,36,89,65,43,161,110,185,135,92,53,66,65
"COG2334",3,4,7,4,3,4,4,4,7,0,13,7,6,1,1,3,0,1,6,2,0,2,13,39,30,5,9,1,31,4
"COG2335",0,0,0,0,1,2,0,0,0,1,0,0,0,0,0,0,0,1,0,0,0,0,0,0,0,0,0,12,0,0
"COG2336",0,0,0,0,0,0,2,1,0,0,0,1,2,0,0,0,0,0,0,3,0,0,1,35,0,0,4,0,11,0
"COG2337",51,81,28,15,84,60,32,42,62,93,70,205,91,64,91,83,48,20,22,46,38,21,81,117,92,81,30,44,35,36
"COG2339",0,12,1,0,11,14,3,0,2,4,3,5,1,26,7,4,3,0,4,12,3,1,7,0,0,8,0,14,0,18
"COG2340",6,3,13,6,25,10,10,8,24,3,27,7,22,7,41,12,2,1,9,10,9,8,8,13,1,26,6,4,3,9
"COG2342",4,0,3,3,0,0,0,0,0,0,0,0,0,0,0,0,0,0,0,0,0,0,0,0,0,0,0,0,0,0
"COG2344",41,56,52,54,79,58,58,72,72,67,76,68,69,49,44,66,59,52,69,82,42,56,56,12,46,69,41,51,34,53
"COG2346",0,0,0,0,0,0,0,0,0,0,0,0,1,0,0,0,0,1,1,0,2,0,0,0,0,0,0,0,0,0
"COG2348",7,1,2,5,7,4,4,1,6,4,42,2,21,155,25,4,3,7,33,21,5,0,55,1,99,25,18,27,47,7
"COG2350",1,0,4,1,2,0,0,0,1,0,0,2,4,0,0,1,1,0,10,0,1,0,1,9,0,0,2,1,4,0
"COG2351",0,2,2,6,4,3,4,0,0,2,1,0,2,0,0,0,0,5,1,4,2,1,0,19,0,1,5,6,11,2
"COG2352",0,0,4,5,1,0,1,2,11,0,16,1,11,0,1,1,1,2,12,17,5,1,89,54,111,2,23,9,72,1
"COG2353",0,0,3,1,0,0,2,1,0,1,2,0,3,0,0,0,3,0,0,3,0,0,1,21,0,0,3,1,21,0
"COG2354",0,0,0,1,0,0,0,0,0,0,1,0,5,0,0,0,0,0,0,1,0,0,3,15,0,0,2,1,17,0
"COG2355",46,75,71,61,59,73,65,58,51,65,77,92,56,72,49,52,63,140,72,67,109,100,44,47,18,71,95,101,21,107
"COG2356",2,4,2,2,80,90,0,3,4,2,0,1,1,1,17,6,3,9,4,43,53,2,0,23,0,5,3,33,9,5
"COG2357",42,49,17,20,73,44,43,43,51,112,107,52,53,66,91,60,82,16,31,57,40,30,158,80,105,64,83,26,33,39
"COG2358",36,44,22,18,36,34,14,8,40,30,50,26,32,32,48,24,22,8,15,10,23,27,24,27,19,42,26,18,10,18
"COG2359",3,0,0,0,3,12,1,2,3,0,4,0,2,16,2,0,5,1,1,0,2,0,1,0,11,6,1,0,3,4
"COG2360",25,15,23,7,1,14,24,13,14,6,2,3,8,10,16,11,11,29,7,10,26,37,0,12,0,8,17,12,16,37
"COG2361",26,21,19,19,19,11,7,8,9,17,3,12,15,7,18,11,6,54,45,11,8,17,2,0,1,17,28,8,3,13
"COG2362",3,0,4,4,4,0,1,0,3,1,8,6,0,4,1,1,2,1,3,4,9,2,7,30,1,11,6,2,6,1
"COG2363",2,0,0,2,0,0,0,4,1,0,1,0,2,0,0,0,1,0,0,1,0,1,0,18,0,0,1,0,12,0
"COG2364",48,37,46,19,59,42,28,20,69,68,103,43,67,38,43,29,50,36,38,49,39,34,85,25,74,61,63,31,31,44
"COG2365",54,58,69,54,34,42,61,49,58,26,35,84,59,30,34,41,41,15,29,27,27,48,91,5,14,25,51,36,29,27
"COG2366",0,0,29,0,0,0,0,0,0,0,0,0,3,0,0,1,0,0,0,9,0,0,0,0,0,0,5,0,0,0
"COG2367",48,78,59,72,58,58,67,65,53,59,53,65,67,52,36,44,57,99,65,61,64,57,43,77,46,44,58,29,15,93
"COG2368",7,0,12,9,3,4,6,2,2,3,3,9,4,8,5,2,2,2,25,39,8,4,5,3,5,2,15,18,5,3
"COG2369",0,0,5,6,12,3,11,4,0,1,8,0,0,11,19,0,0,1,13,4,4,0,0,1,1,0,0,7,13,4
"COG2371",5,0,3,1,9,0,2,2,1,1,2,2,2,4,1,2,3,2,14,2,1,0,6,0,1,5,10,0,1,1
"COG2372",0,0,3,1,0,0,0,0,0,0,0,1,1,0,0,1,0,0,0,2,0,1,0,20,1,0,1,0,10,0
"COG2373",323,330,267,310,169,208,267,216,205,102,69,145,212,144,113,187,159,239,304,146,306,315,24,140,8,120,189,373,243,234
"COG2374",17,1,3,36,9,41,0,79,5,7,8,11,9,1,5,3,0,24,1,1,6,2,0,0,0,2,8,5,0,8
"COG2375",0,0,0,5,1,0,1,1,0,0,1,2,1,0,0,0,0,0,0,0,0,1,0,26,0,0,0,1,17,0
"COG2376",47,23,49,34,18,17,22,28,8,6,17,33,15,38,19,7,35,20,39,42,50,13,33,143,245,20,44,23,58,22
"COG2377",34,3,12,5,9,16,21,5,7,1,5,8,20,8,14,8,8,5,1,5,8,18,1,20,0,16,8,0,19,14
"COG2378",48,43,42,24,34,60,51,31,38,46,37,22,71,29,37,30,36,27,29,53,22,10,18,140,7,31,53,27,37,32
"COG2379",12,21,6,3,24,17,7,4,22,4,24,43,19,14,17,7,4,1,3,3,1,5,8,4,7,5,0,5,8,6
"COG2382",104,66,67,87,73,90,90,67,89,71,41,64,81,66,74,71,73,143,81,51,85,122,23,69,8,55,67,85,55,107
"COG2384",13,19,13,9,37,19,17,18,26,37,29,20,20,24,32,24,33,16,18,26,14,9,46,12,57,32,29,18,14,25
"COG2385",105,107,75,108,110,134,78,114,92,82,140,119,93,137,132,156,132,65,63,75,90,84,108,42,111,125,88,61,33,93
"COG2386",0,0,2,1,0,0,0,1,3,0,0,1,3,1,0,1,6,0,1,2,3,0,1,8,0,0,3,1,11,0
"COG2388",8,7,13,11,0,5,5,4,5,0,5,2,3,7,3,10,19,12,23,18,13,23,2,14,1,5,16,15,30,7
"COG2390",9,13,14,9,8,6,18,26,7,2,26,18,13,10,5,9,25,14,9,35,24,10,41,52,142,13,12,17,50,8
"COG2391",1,0,3,3,0,0,2,6,0,3,5,0,7,1,1,0,1,0,2,2,2,0,1,27,1,1,5,0,17,0
"COG2404",6,0,0,0,1,2,0,0,0,1,1,0,1,1,2,0,0,4,0,0,1,0,0,1,0,0,0,0,0,3
"COG2405",1,0,0,0,1,0,0,0,0,16,5,3,0,0,0,0,1,0,0,0,0,0,0,3,0,1,0,0,1,1
"COG2406",6,11,16,18,1,4,7,5,0,0,0,2,11,1,2,5,11,5,10,5,8,13,0,0,0,2,4,13,6,2
"COG2407",155,181,218,264,158,191,243,167,151,233,156,127,156,129,172,71,62,61,39,52,46,88,37,60,59,68,92,43,28,65
"COG2409",0,0,0,0,0,1,0,0,0,0,0,0,1,0,0,0,0,0,0,0,1,0,50,0,0,0,1,0,0,0
"COG2414",11,25,15,8,11,12,6,6,22,1,30,55,16,12,15,19,17,0,3,14,12,17,23,56,17,10,7,14,53,10
"COG2421",4,3,4,11,9,2,10,19,2,1,2,4,6,0,3,2,12,1,6,0,10,4,0,21,3,2,8,7,7,7
"COG2423",19,11,17,1,29,17,4,9,20,6,12,10,19,8,22,3,3,6,22,16,8,2,9,20,0,21,3,8,5,16
"COG2425",41,50,49,47,14,39,48,57,17,28,6,17,17,21,22,27,43,100,17,35,27,76,10,51,2,12,39,35,37,51
"COG2426",1,1,0,0,3,11,4,1,1,3,0,2,1,1,4,1,1,3,4,6,2,1,0,0,0,5,4,6,4,1
"COG2431",48,57,79,91,36,59,69,96,47,28,34,39,76,43,28,47,66,73,71,58,54,88,6,30,21,23,71,72,33,60
"COG2440",0,0,2,0,0,0,0,1,0,0,1,0,5,1,1,0,0,0,0,4,5,1,1,20,0,0,3,0,18,0
"COG2452",8,3,12,5,5,5,7,13,18,6,28,16,13,5,8,12,7,11,1,14,6,2,58,0,32,3,68,6,3,6
"COG2453",0,0,4,7,0,0,0,1,0,0,0,2,3,0,0,1,0,1,0,1,0,1,0,32,0,0,2,0,28,1
"COG2454",0,0,0,0,0,0,0,0,0,0,0,0,2,0,0,0,0,0,0,0,0,0,3,0,0,0,1,0,0,0
"COG2461",8,12,15,2,11,2,9,14,12,12,30,1,14,4,45,9,21,1,5,6,62,6,84,16,13,13,6,4,4,7
"COG2501",11,10,16,5,13,12,9,4,14,21,20,20,14,15,28,12,12,6,16,23,6,5,34,16,11,22,13,7,9,6
"COG2502",52,75,61,80,71,69,62,54,64,97,54,72,65,30,33,50,44,87,74,69,46,57,89,58,29,62,71,78,40,87
"COG2503",0,0,4,5,0,0,3,2,0,0,2,0,0,0,0,0,2,0,0,0,2,2,0,0,1,0,0,1,0,0
"COG2508",67,92,45,34,111,81,70,49,108,174,211,124,86,77,132,83,140,35,68,88,57,28,256,109,130,139,134,60,46,63
"COG2509",170,134,145,105,173,171,126,89,207,155,202,221,177,236,242,190,154,110,113,134,134,136,152,50,145,211,113,165,69,173
"COG2510",13,10,10,9,23,19,8,2,16,57,17,26,9,36,34,18,5,3,9,7,6,6,19,14,4,17,11,9,6,10
"COG2513",71,14,7,27,9,32,32,12,14,15,10,2,15,11,9,49,22,14,29,10,20,16,0,46,4,5,4,17,24,10
"COG2514",0,0,0,0,0,0,0,0,0,0,0,0,0,0,0,0,0,0,2,0,1,0,0,2,1,0,0,0,2,0
"COG2515",7,10,4,13,7,4,5,1,4,4,7,2,4,12,6,2,1,1,11,17,2,5,6,33,5,3,9,8,25,7
"COG2516",0,0,0,0,0,0,0,0,0,0,0,0,0,32,3,0,0,0,1,0,0,0,0,0,0,3,0,0,0,1
"COG2518",0,0,1,0,0,0,1,0,1,0,0,0,1,1,0,1,0,0,1,2,2,0,1,11,0,0,1,0,7,0
"COG2519",0,0,2,0,0,0,0,0,0,0,1,0,2,0,0,0,0,0,0,5,0,0,17,0,23,2,3,3,7,0
"COG2602",13,9,15,10,16,18,3,27,6,143,14,5,11,12,25,20,11,3,27,17,9,9,43,43,20,5,20,2,4,16
"COG2603",0,0,10,8,0,0,2,1,0,1,1,1,2,0,0,0,0,1,2,4,0,0,8,26,0,0,5,1,15,1
"COG2604",9,14,5,0,3,9,3,17,18,19,28,0,0,3,10,30,7,1,2,4,16,1,0,0,1,1,0,0,2,3
"COG2605",85,100,61,158,54,71,53,111,27,62,58,75,61,51,40,66,67,104,84,39,86,47,46,41,22,39,60,49,16,38
"COG2606",66,35,52,35,70,46,49,42,46,42,48,58,42,84,75,44,46,39,56,66,44,38,51,65,54,56,42,52,79,47
"COG2607",30,43,27,13,59,37,42,28,60,69,85,98,39,27,76,51,62,15,15,43,18,28,46,36,119,62,45,19,10,33
"COG2608",18,23,9,9,32,30,31,10,22,30,53,27,31,31,39,33,70,7,7,7,4,5,68,19,39,33,51,6,4,15
"COG2609",1,1,4,3,0,0,2,1,0,2,2,0,8,0,0,2,2,0,0,3,0,0,6,49,0,0,7,2,24,0
"COG2610",44,52,49,93,32,44,63,43,43,91,26,93,66,40,38,39,88,43,56,70,72,67,84,258,208,27,116,60,193,27
"COG2703",16,8,4,0,29,9,18,15,4,31,21,4,19,1,31,15,26,5,6,7,8,0,6,0,3,10,2,3,0,9
"COG2704",32,42,76,90,36,58,104,82,106,21,54,47,84,50,42,55,70,64,49,47,81,114,9,245,78,24,62,66,85,34
"COG2706",76,46,36,76,39,47,67,91,34,51,53,38,43,49,28,33,76,44,36,53,53,54,38,75,45,50,54,35,54,29
"COG2707",0,0,2,1,0,0,1,2,0,0,0,0,2,0,0,0,9,2,2,3,5,1,7,9,16,0,2,2,5,1
"COG2710",25,23,14,19,10,15,15,17,49,11,39,60,18,19,31,17,10,7,16,48,20,13,53,27,9,20,18,35,10,4
"COG2715",77,57,69,76,75,68,88,60,66,51,62,44,55,71,48,56,75,98,57,39,92,61,24,15,21,41,63,69,25,82
"COG2716",1,0,1,0,0,0,1,0,0,1,0,0,2,0,0,0,0,1,1,2,0,1,1,18,0,0,3,1,16,0
"COG2717",2,4,2,3,5,1,3,0,4,8,6,3,25,2,7,0,8,0,0,9,14,1,5,19,0,4,14,1,15,2
"COG2718",0,0,3,0,0,0,1,1,0,2,1,2,7,0,1,0,0,0,0,2,0,0,3,29,0,0,2,1,25,0
"COG2719",1,0,0,1,0,0,0,0,0,1,0,0,5,0,1,0,1,2,0,2,0,0,3,32,0,0,1,1,14,0
"COG2720",46,44,21,18,38,36,30,6,19,44,102,31,21,152,68,50,33,8,21,38,28,17,46,39,24,101,36,34,18,26
"COG2721",86,77,77,98,90,117,120,80,94,57,90,273,89,82,67,119,93,108,65,108,80,120,67,238,116,95,77,88,88,99
"COG2723",61,81,143,51,151,63,52,52,97,113,277,244,108,70,157,106,58,48,113,90,68,38,320,311,143,160,190,50,173,112
"COG2730",111,165,110,100,169,171,64,45,61,106,91,53,116,150,267,221,66,235,65,100,66,118,79,20,116,161,70,60,41,173
"COG2731",38,53,57,33,34,37,47,46,34,48,53,47,54,45,36,54,64,53,75,57,58,42,22,96,93,38,78,51,85,46
"COG2732",0,0,1,1,2,2,1,0,0,0,0,1,2,0,0,0,0,0,0,0,0,0,2,16,0,0,4,0,15,1
"COG2733",0,0,6,2,0,0,5,28,1,0,13,3,4,10,2,0,14,20,4,32,24,2,5,44,94,0,5,9,20,8
"COG2738",42,46,41,56,56,52,51,72,42,44,42,35,48,34,32,53,50,43,55,57,29,59,43,14,10,55,61,51,36,36
"COG2739",15,15,20,4,30,21,12,18,15,41,41,50,22,25,30,22,17,5,9,26,12,10,36,16,15,27,15,11,7,15
"COG2740",20,12,15,2,28,8,13,6,12,15,31,13,14,29,25,25,19,6,7,15,10,4,28,6,34,24,14,6,0,21
"COG2746",7,5,11,0,5,4,6,7,8,3,7,1,14,6,6,4,28,3,1,7,0,1,8,85,0,3,1,4,28,5
"COG2747",0,0,0,0,0,0,0,0,0,0,0,0,0,0,0,0,0,0,0,0,0,0,2,2,0,0,0,0,0,0
"COG2755",270,329,287,295,272,318,428,442,317,235,209,291,338,243,258,315,361,370,264,246,255,277,151,54,228,248,294,316,116,286
"COG2759",86,111,98,92,118,97,133,92,141,118,131,139,147,146,139,119,126,162,118,128,153,103,143,24,176,171,128,140,86,140
"COG2761",0,0,2,0,2,0,0,0,2,0,0,0,0,1,0,1,0,0,0,2,0,0,18,0,0,1,0,0,19,0
"COG2764",2,1,2,0,1,0,1,2,0,1,1,1,3,0,0,1,0,1,1,3,0,0,2,17,0,0,2,0,6,0
"COG2766",0,0,5,3,0,0,1,0,1,2,0,1,10,0,1,0,0,0,0,6,1,1,7,29,0,0,2,1,17,0
"COG2768",67,42,56,18,73,59,63,42,76,22,59,86,59,52,48,51,51,35,53,57,55,93,58,13,130,58,54,61,43,53
"COG2770",3,0,0,0,0,0,0,0,0,0,0,0,1,0,0,0,3,0,0,0,0,0,2,1,0,0,0,0,0,0
"COG2771",4,0,16,10,2,1,6,5,1,11,8,7,11,3,2,2,2,4,4,38,2,6,9,205,12,2,28,10,165,0
"COG2801",282,301,269,152,300,461,223,230,300,474,313,247,223,474,404,204,280,547,315,651,397,221,409,858,428,299,307,344,1434,206
"COG2804",38,33,26,23,68,28,25,20,47,54,67,17,45,26,87,81,31,15,42,37,30,24,54,119,98,80,37,33,223,47
"COG2805",37,30,17,19,65,27,35,27,35,74,56,18,52,21,62,56,55,18,13,28,26,22,52,46,81,81,24,14,130,51
"COG2807",0,1,2,10,1,4,2,0,3,0,1,1,7,1,0,0,2,1,6,4,15,2,3,51,0,0,9,6,60,11
"COG2812",226,197,194,224,184,293,228,234,218,215,238,193,186,266,227,216,212,221,135,178,227,236,247,112,296,213,230,203,143,254
"COG2813",1,3,4,7,5,0,3,1,1,2,5,7,11,19,2,7,1,2,3,10,4,1,23,66,7,4,5,3,52,0
"COG2814",65,58,46,64,43,41,63,65,48,25,28,27,58,39,76,60,63,81,72,70,79,69,49,158,178,33,51,73,109,60
"COG2815",22,48,24,20,55,38,33,4,41,26,39,32,58,85,54,52,38,9,22,30,23,21,120,37,69,67,65,42,41,30
"COG2816",42,44,43,50,54,51,45,56,63,76,52,45,57,21,45,49,55,55,32,57,33,38,91,52,47,35,42,52,36,51
"COG2818",50,27,45,52,22,51,45,35,32,12,36,15,40,79,26,25,24,21,27,41,22,38,23,42,12,26,30,13,46,28
"COG2819",39,28,22,25,61,24,13,47,39,33,63,97,55,55,25,45,36,14,22,54,22,38,29,0,66,44,27,15,11,36
"COG2820",62,44,73,61,51,52,69,66,70,60,54,59,68,43,38,41,43,62,65,57,63,49,25,50,24,54,49,59,57,53
"COG2821",7,2,8,4,3,3,5,2,7,2,4,0,7,1,0,1,1,3,0,3,5,2,1,31,1,0,6,4,36,0
"COG2822",0,0,2,1,0,0,1,0,0,1,1,2,6,0,0,0,0,0,2,2,0,0,2,24,0,0,2,2,13,0
"COG2823",1,0,10,6,0,1,0,0,4,1,1,5,7,1,0,3,2,2,1,6,5,2,4,40,1,0,6,2,30,0
"COG2824",0,0,7,1,0,0,3,0,0,1,4,1,3,0,0,0,1,0,0,7,5,0,6,21,0,0,2,0,25,0
"COG2825",5,4,8,10,0,0,5,8,4,2,3,5,8,2,1,5,5,2,3,4,6,9,2,25,0,0,10,11,13,0
"COG2826",111,41,157,97,126,67,124,95,194,725,195,418,96,138,130,361,145,114,68,153,93,31,376,71,69,167,121,93,78,132
"COG2827",12,2,8,4,4,3,5,2,4,17,18,12,11,11,7,1,2,3,5,5,8,4,37,20,18,5,11,11,18,3
"COG2828",6,1,2,7,1,7,5,2,4,5,4,8,4,5,3,1,1,0,2,5,3,12,12,27,25,2,8,1,20,0
"COG2829",2,0,4,0,22,1,4,0,1,1,0,2,5,6,0,0,0,2,20,13,2,0,6,18,0,3,6,8,23,1
"COG2830",47,20,34,40,29,35,43,53,24,15,8,21,36,17,5,21,27,23,30,21,22,33,1,0,1,25,31,30,8,25
"COG2831",10,4,14,7,3,2,12,4,0,1,8,22,3,0,27,4,3,4,11,13,5,12,2,0,3,4,5,12,3,3
"COG2832",5,6,5,3,7,3,9,8,2,2,10,4,13,2,8,2,21,4,10,8,3,2,10,25,31,7,8,4,14,3
"COG2834",5,0,5,4,2,3,2,0,2,2,6,4,7,33,8,0,0,2,6,5,4,2,3,16,0,5,7,3,17,3
"COG2835",0,0,1,1,0,0,0,0,0,0,0,0,1,0,0,0,0,0,0,1,0,0,0,6,0,0,0,0,2,0
"COG2836",3,0,1,0,6,5,1,0,1,0,1,6,6,2,0,1,4,1,0,2,0,3,5,0,3,1,5,3,1,1
"COG2837",28,19,26,31,4,7,15,11,1,3,4,3,16,3,7,4,14,2,9,10,10,20,4,41,1,3,11,15,47,0
"COG2839",5,10,10,4,2,19,12,11,8,0,2,6,7,4,1,10,0,4,16,3,11,12,0,0,0,3,3,6,0,7
"COG2840",0,0,7,4,1,0,5,3,3,0,2,1,9,1,0,0,0,2,0,3,4,2,1,39,0,2,4,5,22,1
"COG2841",0,0,0,0,0,0,0,0,0,0,0,0,2,0,0,0,0,0,0,1,0,1,0,8,0,0,0,0,5,0
"COG2842",11,1,4,0,6,10,3,0,2,1,10,3,2,19,7,2,6,4,5,0,2,2,1,3,1,0,0,11,0,38
"COG2843",85,109,94,111,130,96,91,164,93,108,123,71,104,149,92,122,114,33,93,67,64,76,99,13,63,129,74,62,64,72
"COG2844",1,0,6,5,0,2,2,8,8,1,5,7,11,2,1,5,6,2,1,6,7,2,37,76,85,1,11,7,80,0
"COG2845",0,0,0,3,0,0,0,0,2,0,0,0,0,0,0,1,0,0,1,0,0,0,0,0,0,0,0,0,0,0
"COG2846",26,5,22,17,3,26,26,43,11,8,12,7,7,20,12,19,10,13,11,18,6,29,8,19,0,9,15,13,7,35
"COG2848",43,33,44,18,88,57,38,18,77,62,93,86,63,35,67,56,50,111,40,64,43,30,81,19,107,100,50,82,25,53
"COG2849",54,35,36,42,6,42,56,19,94,3,11,30,32,7,7,57,6,11,42,14,28,27,1,0,1,10,7,33,7,14
"COG2850",0,0,0,1,0,0,0,1,1,1,0,0,10,0,0,0,0,0,1,5,1,0,3,23,0,0,5,1,22,0
"COG2851",9,21,5,4,6,3,10,6,9,2,8,5,12,4,8,8,5,4,2,38,8,14,28,12,16,3,8,5,1,1
"COG2852",7,6,5,1,8,9,1,2,5,3,3,28,10,7,4,10,0,2,3,19,4,5,7,6,1,8,2,10,4,9
"COG2853",5,0,4,6,1,2,3,2,5,0,1,3,5,4,0,0,2,3,3,8,8,8,1,39,0,0,3,2,11,0
"COG2854",7,0,6,1,0,1,2,4,4,2,4,2,4,0,0,1,1,3,1,6,6,1,2,16,0,0,1,2,10,0
"COG2855",71,76,102,44,51,57,113,92,67,29,73,48,72,52,64,57,85,111,108,78,61,70,79,57,69,43,57,79,96,101
"COG2856",27,58,19,24,49,47,15,30,36,36,54,44,28,16,47,21,26,119,33,71,57,15,61,75,28,39,43,56,15,19
"COG2859",20,14,19,22,17,26,26,25,28,15,16,13,16,23,24,24,14,62,30,29,38,25,3,8,0,13,10,42,4,56
"COG2860",35,25,39,32,33,35,38,47,45,17,20,28,44,33,19,37,35,29,57,25,31,26,33,66,67,22,35,30,64,40
"COG2861",14,2,4,8,1,3,3,3,7,1,5,10,5,3,3,1,0,5,5,11,5,4,2,36,0,1,6,4,27,3
"COG2862",0,0,1,5,0,0,0,0,0,0,1,1,4,1,0,0,3,2,0,4,3,1,4,29,0,0,4,0,19,0
"COG2864",2,0,10,5,0,3,0,2,2,0,3,2,1,3,0,1,0,1,1,4,2,3,3,40,0,1,6,2,31,0
"COG2865",261,205,241,169,208,175,201,173,158,263,280,184,170,157,216,240,198,155,207,371,234,260,270,17,148,252,175,213,155,144
"COG2866",32,25,27,12,15,49,7,18,30,11,39,12,24,45,61,55,19,5,12,33,20,35,7,21,9,27,28,24,30,26
"COG2867",1,0,1,0,0,0,0,0,0,1,0,0,3,0,0,0,0,0,0,3,0,0,0,12,0,0,3,1,16,1
"COG2868",12,17,10,3,22,12,12,13,9,17,28,5,8,20,15,15,32,8,9,11,13,13,25,6,27,15,8,11,2,8
"COG2869",20,24,31,12,24,19,44,21,32,8,15,25,21,16,15,29,13,62,46,26,34,26,3,1,0,14,23,35,12,22
"COG2870",16,8,35,13,6,18,22,18,12,6,17,17,19,19,25,14,29,16,14,45,21,37,5,49,67,5,10,16,42,28
"COG2871",49,42,62,66,41,61,45,35,43,30,20,32,27,33,21,42,29,93,48,47,68,59,8,0,0,30,40,66,21,43
"COG2872",23,15,22,14,30,19,15,6,36,45,27,54,18,14,22,12,11,3,11,25,15,18,55,30,24,31,30,17,10,22
"COG2873",165,171,149,196,211,189,151,176,227,230,210,231,172,120,216,197,228,210,115,133,191,160,175,53,260,175,215,192,116,225
"COG2875",56,53,55,76,36,54,79,66,89,23,40,61,70,38,26,60,44,28,22,43,36,87,27,7,64,39,60,30,13,38
"COG2876",85,92,68,111,76,84,70,100,90,41,56,137,91,63,84,83,87,101,85,79,102,121,50,22,144,84,97,91,49,93
"COG2877",43,30,65,72,30,47,54,66,44,37,27,29,37,26,29,37,45,76,59,55,46,52,6,22,38,21,32,48,40,65
"COG2878",50,46,68,58,49,73,54,47,58,55,46,70,70,49,59,71,52,80,55,51,49,71,47,42,10,70,50,73,29,59
"COG2879",0,0,3,2,0,0,1,2,1,0,1,0,2,0,0,0,0,0,0,0,0,0,1,25,0,0,0,1,12,0
"COG2882",0,0,1,0,0,0,1,0,1,1,0,0,3,0,0,1,0,0,0,3,0,0,7,22,0,0,3,0,10,0
"COG2884",81,58,56,61,63,89,69,44,91,64,64,82,67,102,79,76,59,97,58,79,69,62,58,37,97,94,73,65,62,74
"COG2885",86,105,137,99,141,135,121,97,109,97,27,69,147,76,60,83,83,220,138,157,173,109,18,148,7,71,124,128,121,146
"COG2887",7,0,1,0,5,0,0,2,3,0,10,0,4,1,1,0,0,0,0,10,0,0,67,0,131,6,11,23,35,2
"COG2890",88,87,70,98,79,71,88,95,88,80,103,82,86,111,93,91,97,93,69,81,93,70,95,83,96,75,85,104,85,96
"COG2891",3,0,3,3,0,1,1,1,5,0,2,1,4,0,0,1,2,2,7,5,3,1,1,25,1,0,1,0,16,1
"COG2893",10,31,21,9,12,10,17,14,8,19,37,74,23,10,10,5,36,25,26,26,30,14,50,75,126,16,53,7,108,11
"COG2894",26,22,18,12,45,17,24,14,33,79,68,23,32,53,58,44,53,13,18,32,18,11,37,38,55,70,31,11,26,23
"COG2895",57,66,64,42,48,83,89,46,62,65,45,40,69,52,82,72,61,41,48,44,41,52,27,31,18,43,58,42,55,41
"COG2896",25,15,25,39,23,21,21,38,31,25,41,46,27,17,16,13,40,13,12,33,31,14,48,43,78,28,25,8,35,15
"COG2897",2,0,5,1,1,2,1,2,6,5,1,2,9,3,0,0,1,0,1,2,3,0,7,17,0,0,1,1,12,0
"COG2898",8,1,1,8,1,6,2,1,8,3,10,2,6,0,0,0,3,3,17,3,7,5,39,5,58,2,13,4,26,2
"COG2900",0,0,0,1,0,0,0,0,0,0,1,1,0,0,0,0,1,0,0,4,0,0,1,13,0,0,1,0,6,0
"COG2901",0,0,3,0,0,0,0,0,1,1,1,0,4,1,0,0,0,0,0,2,1,0,0,19,0,0,2,1,19,0
"COG2904",1,0,1,2,1,1,0,0,2,1,1,1,2,9,0,2,0,2,8,0,6,1,2,51,0,0,1,2,19,0
"COG2906",0,0,0,0,0,0,0,1,1,0,0,0,1,0,0,0,0,0,0,0,0,0,2,11,0,0,1,0,8,0
"COG2907",3,0,0,0,1,0,0,0,1,0,0,0,0,0,0,0,0,0,0,0,0,0,2,0,0,0,0,0,0,0
"COG2908",50,55,67,82,44,76,61,56,46,33,19,33,42,35,39,58,57,84,68,55,68,81,4,32,0,32,54,61,62,66
"COG2909",12,16,8,7,21,24,7,3,22,8,21,18,52,12,13,15,3,4,6,18,4,5,11,51,18,14,33,12,42,18
"COG2910",7,11,6,12,11,13,15,7,3,3,3,4,1,11,3,1,12,6,33,5,2,7,15,2,37,2,11,11,5,7
"COG2911",7,7,27,5,3,8,13,45,6,12,25,20,23,15,15,6,44,35,10,51,55,18,9,61,188,3,13,30,56,24
"COG2912",0,0,3,3,0,0,1,0,1,1,1,0,2,0,0,0,1,0,0,5,1,0,3,29,0,0,2,2,16,1
"COG2913",4,0,5,0,2,0,2,1,1,1,0,0,6,0,0,0,1,0,1,1,1,0,1,19,0,1,1,3,14,0
"COG2914",0,0,2,0,0,0,1,2,0,1,0,0,1,1,0,0,1,0,0,0,0,0,0,12,0,0,3,1,7,0
"COG2915",0,0,1,0,0,0,2,0,0,0,0,0,3,0,0,0,1,0,0,0,0,1,0,13,0,0,1,0,14,0
"COG2916",0,0,7,3,0,0,0,2,0,1,1,1,1,3,0,2,0,0,1,2,7,1,1,55,0,0,3,1,12,0
"COG2917",1,1,7,0,0,0,0,2,1,2,0,0,2,1,0,0,1,1,0,3,4,1,1,23,0,0,1,1,19,2
"COG2918",2,7,5,0,5,0,119,18,3,15,4,2,3,0,3,3,1,15,5,17,24,52,5,41,16,2,8,6,16,7
"COG2919",2,0,3,0,1,0,1,0,2,0,0,1,0,1,0,0,1,0,3,1,3,1,13,7,15,0,1,4,14,0
"COG2920",0,0,4,3,0,0,0,1,1,0,0,0,2,2,0,0,0,1,0,5,0,0,0,18,0,1,1,0,5,0
"COG2921",0,0,1,0,0,0,0,0,0,0,0,0,2,0,0,0,1,1,1,1,3,0,1,12,0,0,2,2,9,0
"COG2922",0,0,2,3,0,0,0,0,0,0,0,0,2,0,0,0,0,0,1,4,0,0,4,16,0,0,5,0,6,0
"COG2923",0,0,2,1,0,0,0,3,0,1,0,1,4,0,1,0,1,0,0,1,0,0,4,24,0,0,1,0,10,0
"COG2924",0,0,0,0,0,0,0,0,0,0,0,0,1,1,0,0,1,0,0,2,0,1,1,16,1,2,1,2,15,0
"COG2925",9,0,3,0,0,1,2,0,7,1,4,0,3,3,1,0,1,3,0,4,7,1,3,26,0,0,3,2,21,1
"COG2926",0,0,4,3,0,0,0,0,1,0,2,1,1,0,0,0,0,0,0,2,0,0,0,16,0,0,1,0,9,0
"COG2927",5,0,1,1,3,1,0,0,2,0,0,1,2,0,1,2,2,0,0,1,1,1,1,21,0,0,2,2,11,0
"COG2928",5,0,3,3,0,0,1,2,0,0,0,0,0,0,0,0,10,4,3,3,1,1,0,0,25,0,0,0,0,2
"COG2929",4,0,0,1,6,1,1,1,1,2,7,0,6,1,2,0,0,0,1,0,0,0,3,6,1,1,0,1,4,0
"COG2931",52,41,26,13,21,12,16,5,2,6,8,18,12,25,9,8,13,6,29,15,33,28,6,0,1,11,15,4,2,4
"COG2932",26,11,21,8,24,13,8,6,15,76,38,22,21,18,25,10,18,3,12,25,11,18,31,15,13,14,22,7,37,16
"COG2933",0,0,3,1,0,0,2,1,0,1,2,0,3,0,0,1,1,1,0,3,0,0,3,16,0,0,3,0,16,0
"COG2935",0,0,0,0,0,0,0,0,2,0,0,0,5,3,0,1,0,0,0,2,0,0,0,0,0,0,0,0,0,1
"COG2936",14,30,16,66,22,17,31,85,20,32,37,27,19,31,8,32,33,65,20,22,30,36,18,7,1,44,52,45,12,16
"COG2937",1,3,8,6,0,0,6,3,1,0,3,5,8,0,0,2,0,1,0,7,1,0,6,91,0,0,10,1,55,0
"COG2938",0,0,0,0,0,0,0,0,0,0,0,0,0,0,0,0,1,0,1,1,0,1,3,11,0,0,1,0,11,0
"COG2939",0,0,0,0,1,0,0,0,0,0,0,0,0,0,0,0,0,0,0,4,0,1,0,0,0,2,0,2,3,0
"COG2942",104,87,136,109,53,87,111,83,99,67,57,68,97,92,60,98,69,153,91,47,55,203,35,57,61,93,102,91,78,149
"COG2943",5,2,5,8,0,0,1,0,0,2,1,4,6,0,0,1,1,0,1,4,1,5,5,80,0,0,6,3,39,0
"COG2944",1,0,5,1,3,0,4,3,3,6,3,19,0,3,4,0,0,0,0,3,0,0,3,5,0,0,1,1,3,1
"COG2945",4,0,2,0,0,0,1,0,0,0,0,0,0,0,0,0,0,3,0,0,0,0,0,0,0,0,0,3,0,1
"COG2946",16,46,34,25,26,8,44,23,23,171,74,76,38,31,29,15,47,6,22,17,17,18,110,131,64,43,69,18,23,13
"COG2947",1,0,0,1,0,0,1,1,1,0,0,2,1,2,1,0,0,3,2,0,3,0,0,0,0,0,1,0,0,0
"COG2948",24,0,6,2,10,0,3,6,1,0,2,4,0,0,0,0,0,2,0,0,0,0,1,0,0,0,16,3,1,0
"COG2949",2,3,4,2,4,2,1,1,0,2,4,1,3,12,10,18,8,2,4,14,4,9,6,22,0,17,5,8,28,7
"COG2951",12,0,6,2,3,1,3,0,3,1,1,3,4,2,2,1,0,0,2,7,4,1,2,25,0,0,3,3,21,1
"COG2954",35,52,33,38,40,47,39,48,56,68,52,28,42,48,44,38,35,83,33,29,41,37,57,8,30,38,43,49,17,45
"COG2956",2,1,3,1,0,1,2,2,5,0,2,2,4,2,0,2,4,2,0,6,3,2,5,26,0,2,2,1,13,1
"COG2957",41,60,76,51,55,70,61,141,78,75,49,33,53,40,44,34,67,99,49,31,64,74,23,0,9,52,57,85,32,37
"COG2958",0,0,0,2,0,2,1,2,0,6,0,27,0,0,2,41,4,0,1,0,1,0,0,0,0,0,0,0,0,0
"COG2959",0,0,0,2,0,0,0,0,1,0,2,0,0,0,0,0,0,0,0,0,0,1,3,14,0,0,0,0,6,0
"COG2960",0,0,1,0,0,0,0,0,0,0,0,0,0,0,0,0,0,0,0,4,1,0,0,14,0,0,0,0,10,0
"COG2961",23,19,25,20,4,8,11,17,8,4,2,6,0,7,5,4,23,2,5,5,3,22,4,29,0,2,11,1,21,1
"COG2962",6,2,3,1,2,4,8,6,4,0,13,9,13,5,5,2,1,3,9,18,4,3,6,22,6,1,7,8,14,3
"COG2963",13,24,68,27,41,48,39,43,41,35,64,33,57,35,35,18,82,59,72,170,46,13,67,504,227,66,60,26,701,36
"COG2964",14,10,29,9,15,28,11,4,15,15,26,16,19,8,7,16,15,5,19,50,21,8,40,64,21,8,30,6,54,16
"COG2965",1,0,2,0,0,1,0,1,2,0,2,2,2,0,0,0,0,0,0,0,2,2,0,17,0,0,1,0,9,1
"COG2966",61,71,89,90,75,80,89,85,120,100,123,88,86,71,68,91,99,117,104,91,103,85,98,72,90,99,100,107,53,97
"COG2967",2,1,1,1,1,0,0,0,0,0,0,0,1,0,0,0,0,0,0,1,0,0,3,13,1,0,3,1,11,0
"COG2968",5,4,4,5,7,7,5,5,2,6,12,8,9,11,3,5,10,4,9,29,10,6,9,59,37,11,13,9,21,3
"COG2969",1,0,2,0,0,0,2,0,2,1,1,4,3,0,0,0,0,2,0,0,3,1,3,17,0,0,3,0,9,0
"COG2971",3,0,3,6,6,3,4,1,5,4,8,6,3,3,4,3,1,1,10,8,4,3,10,2,1,10,6,5,8,6
"COG2972",400,483,327,252,746,404,361,289,530,997,918,549,449,436,697,610,578,112,485,406,385,192,861,700,464,759,549,223,301,351
"COG2973",0,0,1,0,0,0,0,1,0,0,1,0,0,0,0,1,0,0,0,0,0,0,0,2,0,0,0,0,0,0
"COG2974",0,1,4,1,0,0,1,1,2,1,0,0,4,0,0,0,0,0,1,8,0,0,3,31,0,0,1,1,88,1
"COG2975",1,0,0,1,0,1,1,1,0,0,2,0,4,1,0,0,1,1,0,1,0,0,0,4,0,0,1,0,4,0
"COG2976",0,0,5,2,0,1,0,0,6,0,1,2,5,0,0,0,0,1,0,1,4,1,1,11,0,0,2,1,19,0
"COG2977",0,1,3,0,1,0,1,2,0,1,0,5,2,0,0,0,0,1,0,3,0,0,2,12,0,0,0,0,7,7
"COG2978",19,40,57,86,29,26,49,58,27,27,22,25,52,73,22,56,21,30,39,40,38,62,20,94,32,20,48,41,51,21
"COG2979",0,0,0,2,0,0,0,1,0,1,2,0,0,0,0,0,0,0,0,0,0,0,1,3,0,0,2,0,4,0
"COG2980",1,0,2,0,0,0,3,0,1,0,1,0,6,0,0,0,2,3,0,0,1,0,2,3,0,0,1,2,5,1
"COG2981",2,0,4,3,1,0,0,1,0,0,1,1,2,0,0,2,0,2,12,2,1,2,2,14,0,0,1,0,4,1
"COG2982",29,2,8,6,5,0,3,4,0,7,0,2,11,0,0,0,0,0,0,14,1,6,6,123,0,0,16,3,79,0
"COG2983",4,0,2,1,0,0,2,0,0,0,1,0,2,0,0,0,0,0,0,2,0,0,1,15,0,0,0,0,16,0
"COG2984",42,65,44,27,100,66,28,11,94,100,104,120,44,34,90,49,38,26,41,47,57,34,99,26,52,108,42,56,13,59
"COG2985",299,275,311,390,194,285,353,414,302,196,132,187,327,197,175,287,230,468,360,270,379,419,29,84,21,151,263,326,170,331
"COG2986",79,68,112,120,46,65,111,117,74,30,46,68,56,72,45,72,83,41,74,38,86,125,24,33,5,43,104,68,31,43
"COG2987",66,80,78,143,61,79,117,83,75,25,25,63,95,42,51,86,56,27,87,22,78,106,3,20,1,43,73,65,24,52
"COG2988",1,0,0,0,0,0,0,1,0,0,0,0,1,0,0,0,0,0,1,1,0,1,1,19,1,0,2,0,8,0
"COG2989",7,11,4,26,4,3,8,8,1,32,0,7,11,3,5,13,7,54,11,20,8,25,2,26,0,3,21,24,14,36
"COG2990",4,3,4,3,2,0,5,3,1,1,9,6,11,0,2,1,1,1,5,32,6,3,5,43,1,0,7,4,36,0
"COG2991",0,0,1,0,0,0,0,0,0,0,0,0,0,0,0,0,0,0,0,0,0,0,0,0,0,0,0,0,0,0
"COG2992",7,0,5,7,0,0,6,0,0,3,2,2,5,0,0,0,1,3,3,4,1,0,4,40,0,0,2,2,33,0
"COG2994",1,0,0,0,0,0,0,0,0,0,1,0,0,0,0,0,0,0,0,1,0,1,0,0,1,0,1,0,2,0
"COG2995",1,3,5,6,0,0,4,2,2,2,1,2,7,0,0,0,1,1,0,6,1,3,4,75,2,0,9,0,48,0
"COG2996",48,56,72,59,58,55,64,87,61,85,61,30,56,41,71,62,78,89,75,57,84,45,65,15,51,44,71,50,25,57
"COG2998",1,0,0,1,1,3,1,1,1,0,0,1,0,2,0,1,1,0,0,1,2,2,0,0,1,2,0,1,1,0
"COG2999",0,0,0,5,0,0,1,0,0,0,1,0,3,0,0,0,0,0,0,8,0,1,0,16,0,0,3,0,24,1
"COG3001",1,0,1,0,0,0,0,0,0,0,0,0,0,0,0,0,0,1,0,2,0,1,31,14,14,0,2,0,19,0
"COG3004",45,57,54,69,32,45,41,62,30,14,33,33,48,45,12,38,44,30,46,40,41,60,28,42,113,20,60,37,43,27
"COG3005",11,13,24,22,4,12,15,4,6,4,3,2,14,5,3,11,12,1,16,10,7,16,1,42,1,8,18,15,24,7
"COG3006",0,0,2,2,1,0,0,1,0,0,2,1,1,0,0,0,2,0,0,6,0,0,2,28,0,1,3,2,24,0
"COG3007",0,0,0,0,2,2,0,1,1,0,2,1,0,3,4,5,8,4,2,3,2,1,4,0,43,5,14,1,0,8
"COG3008",9,1,6,6,0,0,2,6,6,1,4,7,11,4,2,0,0,0,0,5,0,3,6,32,0,0,3,1,19,0
"COG3009",0,0,0,1,0,0,1,1,0,0,1,0,1,0,0,0,0,0,0,2,1,0,3,28,0,0,2,0,15,0
"COG3010",10,13,14,16,9,10,3,9,18,16,34,25,23,9,18,6,25,7,10,12,24,18,13,35,58,10,26,10,17,17
"COG3012",0,0,3,2,0,3,3,1,1,0,2,0,0,0,2,0,1,2,1,4,3,1,0,25,1,1,3,0,11,1
"COG3013",0,1,6,2,0,0,1,0,3,0,2,1,1,0,0,1,0,0,0,4,0,1,0,22,0,2,2,2,14,0
"COG3014",0,2,2,0,2,1,0,0,0,1,0,1,0,1,0,4,0,1,17,1,0,0,0,0,0,0,0,1,0,0
"COG3015",17,10,19,24,9,7,14,30,9,14,6,3,15,13,11,8,20,41,14,18,29,15,2,17,0,1,24,14,19,31
"COG3016",16,1,22,7,5,5,11,14,4,7,2,9,7,2,8,10,18,5,14,20,33,6,1,0,13,2,6,16,37,5
"COG3017",0,1,4,0,0,0,0,1,2,1,1,1,3,1,0,0,0,0,1,1,0,0,2,13,0,0,2,1,9,0
"COG3019",0,0,1,0,0,0,0,0,0,0,1,0,0,0,0,0,0,1,0,0,0,0,0,0,0,0,0,0,0,0
"COG3021",26,63,49,69,20,42,68,81,57,54,16,28,44,36,24,11,12,38,19,13,16,30,2,9,0,5,19,24,9,18
"COG3022",46,32,50,38,30,50,54,48,38,58,53,44,62,29,36,50,40,72,55,52,55,47,61,48,20,23,47,43,44,54
"COG3023",104,124,106,123,34,87,127,80,39,72,22,74,80,50,58,97,76,117,91,65,82,182,22,29,4,44,114,107,49,164
"COG3024",0,0,1,0,0,0,0,0,2,0,0,0,2,0,0,0,0,1,1,1,1,2,1,0,0,0,0,2,0,0
"COG3025",7,1,7,1,1,7,8,8,1,0,2,8,4,1,6,3,9,3,5,3,11,5,2,30,40,13,4,13,23,5
"COG3026",0,0,2,1,0,0,5,3,0,0,0,1,1,0,0,0,1,0,1,3,1,0,2,24,0,0,3,2,21,1
"COG3027",0,1,4,4,1,6,0,4,2,3,1,2,3,1,4,4,0,0,6,5,1,1,4,25,0,4,1,4,15,4
"COG3028",3,0,3,1,1,0,1,2,3,0,0,2,4,1,1,2,1,2,2,4,4,0,2,19,0,1,3,1,13,0
"COG3029",1,0,3,1,0,0,0,1,1,1,1,0,2,0,0,1,0,0,0,0,0,1,1,22,0,0,1,0,9,0
"COG3030",0,0,1,0,0,0,0,0,0,0,1,0,1,0,0,2,0,0,0,1,0,0,1,18,0,0,2,1,10,0
"COG3031",0,0,1,1,0,0,0,1,0,2,1,0,1,0,0,0,0,1,1,1,0,0,0,30,0,0,4,1,31,0
"COG3033",44,27,41,26,25,29,29,9,24,7,15,14,20,23,17,18,11,16,61,42,6,32,3,70,9,23,26,26,75,23
"COG3034",1,1,1,2,1,3,0,0,4,3,0,2,2,1,0,0,0,1,19,1,2,0,2,23,5,0,3,0,15,3
"COG3036",0,0,0,0,0,0,0,0,0,0,0,0,0,0,0,0,0,0,0,1,0,0,0,8,0,0,0,0,0,0
"COG3037",4,10,10,19,3,2,6,13,0,2,10,6,21,2,0,1,21,7,15,17,8,9,14,32,125,14,25,7,53,2
"COG3038",0,0,8,2,0,0,1,0,0,1,1,1,3,0,0,0,1,0,0,6,0,0,4,64,0,1,6,1,48,1
"COG3039",43,124,83,269,34,25,8,324,80,31,63,50,37,471,26,77,4,11,27,754,2655,69,19,92,8,92,11,51,259,13
"COG3040",19,17,24,27,8,12,14,10,2,9,3,5,21,4,3,13,16,7,26,11,8,23,6,22,0,10,13,18,31,9
"COG3041",17,57,19,3,23,13,6,3,6,19,23,8,15,11,16,1,3,9,6,9,1,5,4,7,0,7,3,5,1,14
"COG3042",0,0,1,1,0,0,0,1,0,0,1,0,2,0,0,1,0,0,0,2,0,0,1,13,0,0,3,0,5,0
"COG3043",0,0,0,4,0,0,1,0,0,0,1,0,5,0,0,1,0,1,0,4,0,2,1,19,1,1,0,2,10,0
"COG3044",15,15,9,10,11,14,6,10,18,28,40,16,25,15,22,9,21,3,13,11,18,10,65,39,9,14,55,1,7,6
"COG3045",1,0,1,2,0,1,0,0,1,0,0,2,1,2,0,0,1,2,0,1,2,1,3,31,0,0,2,0,14,2
"COG3047",0,0,0,1,0,0,0,0,0,0,0,0,0,0,0,0,0,0,1,2,0,0,2,11,0,0,1,0,5,0
"COG3048",9,1,4,7,3,5,0,3,6,2,2,4,8,1,5,0,5,0,4,18,2,8,33,55,1,3,2,13,33,1
"COG3049",95,81,115,82,92,97,76,87,73,95,94,60,102,137,92,113,131,59,95,73,66,100,52,31,34,93,94,103,37,65
"COG3050",0,0,0,1,0,0,0,0,0,0,1,1,2,0,0,0,0,0,0,0,0,1,4,11,0,0,1,0,5,1
"COG3051",22,27,10,19,15,14,21,4,9,11,25,15,18,8,21,4,18,3,5,22,33,35,55,49,35,5,11,13,41,4
"COG3052",0,4,3,3,0,3,3,1,2,2,2,7,4,1,7,0,3,4,2,4,9,6,13,25,7,3,2,3,14,6
"COG3053",14,6,14,6,5,2,10,5,7,10,10,3,10,2,3,1,1,5,3,6,2,6,53,43,8,3,7,2,26,2
"COG3054",0,0,1,1,0,0,3,0,0,0,2,1,0,0,0,0,0,0,0,2,0,4,3,18,0,0,4,0,15,0
"COG3055",8,33,67,61,9,75,47,58,26,12,37,16,51,29,21,31,41,39,22,29,41,46,4,59,62,11,44,28,88,75
"COG3056",0,0,2,3,0,0,4,1,0,1,3,1,1,0,0,0,0,0,0,3,0,0,0,42,1,0,3,0,17,0
"COG3057",0,1,0,1,0,0,1,0,0,0,2,0,1,0,0,0,0,1,0,1,0,0,2,11,0,0,0,0,1,0
"COG3058",1,0,1,2,0,0,0,3,2,1,1,1,4,5,0,1,1,2,0,6,4,2,1,49,1,0,4,4,24,1
"COG3059",10,4,12,14,5,10,8,12,6,5,6,9,3,9,2,28,21,13,26,11,23,28,1,37,1,6,26,21,33,14
"COG3060",0,0,1,1,0,0,0,0,1,1,0,0,2,0,0,0,0,0,0,1,0,1,0,20,0,0,2,0,16,0
"COG3061",0,0,1,0,0,0,0,1,1,0,0,0,1,0,0,0,0,0,0,0,0,0,2,2,0,0,0,0,2,0
"COG3062",0,0,0,1,0,0,2,0,0,0,0,1,0,0,0,0,0,0,0,0,0,0,0,10,0,0,0,0,1,0
"COG3064",0,0,0,0,1,0,0,0,0,0,2,1,0,0,0,0,0,0,0,11,1,1,4,27,0,0,3,2,36,0
"COG3065",0,0,0,2,0,0,0,0,0,0,3,1,2,0,0,0,0,0,1,4,0,1,4,18,0,0,4,1,30,0
"COG3066",0,0,2,1,12,0,3,0,1,1,1,0,3,0,0,0,0,0,0,0,0,1,1,9,0,0,0,0,8,0
"COG3067",1,0,2,0,0,0,0,1,1,1,0,0,3,0,0,0,1,0,0,6,1,0,2,34,1,0,1,0,30,1
"COG3068",1,0,2,1,0,0,1,0,0,2,2,0,1,0,0,0,0,1,0,2,0,0,1,23,0,0,2,1,17,0
"COG3069",66,3,32,35,12,14,17,21,35,40,15,25,35,33,28,14,10,15,14,28,51,24,9,129,3,2,9,25,71,13
"COG3070",11,6,13,3,15,11,6,2,8,43,16,5,7,5,8,8,8,5,6,4,2,3,18,45,3,14,17,5,27,7
"COG3071",0,0,6,5,1,0,0,3,1,1,4,2,1,0,0,1,0,0,2,1,0,0,2,28,0,0,4,2,18,0
"COG3072",0,0,3,4,0,0,5,6,2,2,3,1,9,0,1,3,2,0,0,9,1,4,5,78,0,0,5,2,48,0
"COG3073",0,0,2,3,0,0,0,1,1,0,2,1,1,0,0,0,2,0,0,7,0,0,0,21,0,0,4,0,20,0
"COG3074",0,0,0,0,0,0,0,0,0,0,0,0,1,0,0,0,0,1,0,2,0,0,1,10,0,0,2,1,9,0
"COG3075",1,2,7,2,6,6,15,16,56,3,7,10,18,4,1,11,0,9,27,10,7,2,2,25,1,10,6,19,24,6
"COG3076",0,0,2,1,1,0,0,2,0,0,0,1,4,0,0,0,0,0,0,4,0,3,4,27,1,0,3,0,12,0
"COG3077",10,23,8,1,40,23,12,8,22,49,40,35,14,13,34,19,28,2,5,29,14,14,30,20,33,33,11,14,17,12
"COG3078",0,0,1,0,0,0,0,0,0,0,0,1,0,0,0,0,0,0,0,0,0,0,0,1,0,0,0,0,3,0
"COG3079",1,0,1,2,0,0,2,1,0,0,2,0,1,0,0,0,0,0,0,0,1,3,2,33,0,0,1,1,16,0
"COG3080",0,0,4,1,0,0,1,1,0,0,1,0,1,0,0,0,0,0,0,0,0,2,1,20,0,0,1,1,8,0
"COG3081",0,0,3,4,0,0,1,2,0,0,2,0,3,0,0,0,1,0,0,0,1,0,2,32,0,0,6,0,17,1
"COG3082",1,0,1,0,0,0,0,2,0,0,0,0,0,0,0,1,1,0,0,0,0,1,1,15,0,0,0,1,4,0
"COG3083",20,2,17,5,1,18,11,10,7,2,4,6,20,10,10,12,7,7,20,13,3,11,1,52,2,3,6,8,39,9
"COG3084",0,0,3,1,0,0,2,0,0,1,1,0,3,0,1,1,1,1,0,4,0,0,3,30,0,0,5,0,25,0
"COG3085",0,0,3,0,0,0,1,0,0,0,1,0,2,0,0,0,0,0,0,4,0,2,2,16,0,0,4,0,17,0
"COG3086",1,0,1,2,0,0,0,0,0,0,0,0,1,0,0,0,1,0,2,1,0,2,0,23,0,1,3,0,17,0
"COG3087",1,0,5,3,0,0,2,2,2,0,3,1,4,1,1,0,0,0,0,2,1,1,0,16,0,0,2,0,5,0
"COG3088",1,1,3,2,0,0,2,6,2,0,2,2,6,2,0,0,1,1,0,7,5,4,1,48,0,0,6,2,34,0
"COG3089",0,0,0,0,0,0,0,1,0,0,0,0,0,0,0,1,0,0,0,2,0,0,1,13,0,0,1,1,10,0
"COG3090",44,46,37,45,32,37,35,17,40,72,45,77,51,20,30,20,60,26,34,34,58,29,47,169,86,30,64,12,50,20
"COG3091",1,0,3,2,0,0,0,0,0,0,0,0,1,0,0,0,0,0,2,0,0,1,13,11,0,0,3,0,14,0
"COG3092",0,0,2,1,0,0,2,1,1,0,0,1,2,0,1,1,0,0,0,1,0,0,1,20,0,0,1,0,9,0
"COG3093",24,11,22,51,13,7,34,22,13,13,16,4,8,6,11,8,15,2,13,14,40,18,8,30,4,6,26,8,26,2
"COG3094",0,1,1,2,0,0,1,1,0,0,2,0,2,0,0,0,0,0,0,0,0,0,1,13,0,0,2,1,12,0
"COG3095",0,1,2,1,0,0,2,0,0,0,3,1,1,0,0,0,0,0,0,1,0,0,0,21,1,0,1,0,14,0
"COG3096",1,1,5,4,0,0,5,5,0,3,6,0,9,0,0,1,1,1,0,10,0,0,6,85,2,0,10,4,48,1
"COG3097",0,0,4,2,0,0,0,0,0,0,0,0,0,0,0,0,0,0,0,0,1,0,0,19,0,0,1,0,8,0
"COG3098",0,0,0,0,0,0,0,0,0,0,0,0,2,0,0,0,0,0,1,3,2,0,1,11,0,0,2,0,13,0
"COG3099",0,0,2,1,0,0,1,1,1,0,2,1,2,0,0,0,0,0,0,1,0,0,0,19,0,0,0,0,6,1
"COG3100",0,0,2,1,0,0,0,0,0,0,0,0,1,0,0,0,0,0,0,1,0,1,2,24,0,0,2,1,14,1
"COG3101",0,0,1,1,0,0,0,1,0,0,0,0,2,0,0,0,0,0,0,1,1,1,1,16,0,0,3,1,9,1
"COG3102",0,0,2,0,0,0,0,1,0,0,1,0,0,0,0,1,0,0,0,0,1,0,2,14,0,0,1,0,8,0
"COG3103",13,20,5,13,58,32,40,13,30,25,83,21,23,44,58,12,5,1,4,4,13,5,18,22,10,19,13,2,6,5
"COG3104",34,26,42,35,29,39,31,24,28,13,10,20,30,20,18,99,49,128,154,130,116,103,54,191,3,63,80,128,145,90
"COG3105",0,0,2,2,0,0,1,1,1,0,2,0,0,0,0,0,0,0,0,4,0,0,3,21,0,0,9,0,24,1
"COG3106",0,0,3,2,0,0,1,1,0,0,0,0,4,0,0,1,0,2,1,2,0,0,0,33,0,0,3,2,30,0
"COG3107",0,0,6,6,0,0,1,0,1,1,1,1,8,0,0,0,0,0,2,9,2,0,4,43,0,0,3,0,35,2
"COG3108",0,0,0,2,0,0,0,0,0,0,1,0,0,0,0,0,0,0,0,7,0,0,1,20,0,0,2,0,11,0
"COG3109",0,0,2,0,0,0,0,0,0,0,1,1,4,0,0,0,0,0,0,2,0,0,1,21,0,0,1,0,21,0
"COG3110",0,0,1,1,0,0,0,1,0,1,1,0,3,0,0,0,0,1,0,1,1,1,1,16,0,1,1,0,12,0
"COG3111",9,0,5,0,0,1,0,12,2,2,1,1,1,0,0,0,9,6,0,2,5,0,4,36,17,0,0,3,24,1
"COG3112",0,0,0,0,0,0,0,0,2,0,1,0,0,0,0,0,0,0,0,0,0,0,1,21,0,0,4,0,9,0
"COG3113",0,0,0,0,0,0,0,1,1,1,0,0,5,0,0,0,0,0,0,1,0,0,0,19,0,0,1,0,7,0
"COG3114",0,0,0,0,0,0,0,0,0,0,0,0,0,0,0,0,0,0,0,0,0,0,0,4,0,0,0,0,5,1
"COG3115",0,0,0,0,0,0,0,0,1,0,2,1,0,0,0,0,0,0,0,0,0,1,2,13,0,0,2,0,3,0
"COG3116",0,0,5,0,0,0,1,0,0,0,1,1,1,0,1,0,0,0,0,3,0,1,2,18,0,0,1,0,16,0
"COG3117",2,0,5,2,0,1,0,2,1,2,0,0,8,0,0,1,1,0,1,9,5,3,3,32,2,0,2,4,24,1
"COG3118",0,0,0,0,0,0,3,0,0,0,0,0,0,0,0,0,1,0,0,2,1,2,10,5,1,1,0,6,15,1
"COG3119",1057,1146,997,1319,455,799,851,949,647,342,301,431,826,467,529,659,667,639,980,509,792,1167,86,224,52,387,820,744,588,678
"COG3120",0,0,1,1,0,0,1,0,2,0,1,2,1,0,0,0,0,0,1,3,0,1,1,20,0,0,1,0,12,0
"COG3121",1,1,17,20,0,0,3,5,3,7,4,8,25,0,0,1,0,2,3,46,5,3,16,283,1,0,33,7,206,2
"COG3122",0,1,2,0,0,0,0,0,0,0,0,0,0,0,0,0,0,0,0,6,1,0,0,31,0,0,1,0,21,0
"COG3123",1,0,2,0,0,0,1,0,0,3,0,0,1,0,0,0,0,0,0,1,2,1,0,22,0,0,2,2,9,0
"COG3124",8,1,10,4,0,7,9,0,4,1,3,2,4,1,5,5,1,1,12,5,1,6,2,11,0,1,2,0,11,2
"COG3125",0,0,2,0,0,0,0,0,0,0,0,1,0,0,0,0,0,0,0,3,0,0,2,9,0,0,2,1,5,0
"COG3126",0,0,0,0,0,0,0,0,0,0,0,0,1,0,0,0,0,0,0,0,0,0,1,17,0,0,3,0,6,0
"COG3127",0,1,3,7,0,0,1,0,0,1,0,0,3,0,0,0,1,1,0,3,0,1,3,55,0,0,5,0,36,0
"COG3128",0,0,1,1,0,1,1,0,0,0,0,0,1,0,0,1,0,0,0,2,0,1,0,31,0,0,4,0,15,0
"COG3129",9,9,10,10,0,0,8,6,3,6,5,3,11,4,1,3,7,0,6,10,5,8,1,28,1,1,11,7,14,1
"COG3130",0,0,0,2,0,0,0,0,0,0,0,0,2,0,0,0,0,0,0,1,0,0,0,6,0,0,0,1,3,0
"COG3131",16,0,11,5,3,0,2,3,3,1,0,2,12,0,0,0,0,1,0,10,0,1,5,76,1,0,7,0,61,0
"COG3132",0,0,2,3,0,0,0,1,0,0,0,0,3,0,0,0,0,0,0,4,0,1,0,25,0,0,1,0,22,2
"COG3133",0,0,2,2,0,3,0,1,0,0,0,0,1,0,1,0,0,0,0,1,0,0,0,8,1,0,3,1,20,6
"COG3134",0,0,1,0,0,0,0,0,3,2,0,0,1,0,0,0,0,0,0,5,1,0,3,12,0,0,1,0,15,0
"COG3135",0,0,0,0,0,0,0,0,0,0,0,0,3,0,0,0,0,0,0,0,0,0,0,6,0,0,0,0,1,0
"COG3136",0,0,0,0,0,0,2,0,0,0,0,0,0,0,0,0,0,0,0,1,0,0,1,14,0,0,3,0,3,0
"COG3137",0,0,1,0,0,0,1,0,0,0,0,0,1,0,0,0,0,0,1,3,0,0,2,17,0,0,2,0,8,0
"COG3138",2,1,3,0,0,0,0,0,0,2,0,0,2,0,0,0,0,0,0,3,0,0,4,14,0,0,0,0,12,2
"COG3139",0,0,2,0,0,0,0,0,0,1,0,0,2,0,0,0,0,0,0,1,0,1,2,14,0,0,1,0,5,0
"COG3140",0,0,0,1,0,0,0,1,0,0,1,1,1,0,0,0,0,0,0,1,0,0,0,4,0,0,1,0,5,0
"COG3141",0,0,0,1,0,0,1,0,0,0,0,0,0,0,0,0,0,0,0,1,1,0,1,10,0,0,0,0,14,0
"COG3142",26,42,38,40,41,27,61,39,24,41,40,54,48,23,14,34,28,36,59,27,45,25,55,16,33,32,40,46,26,27
"COG3143",0,0,3,0,0,0,0,0,0,0,0,0,2,0,0,0,0,0,0,1,0,0,1,22,1,0,2,1,20,1
"COG3144",4,4,2,1,16,4,8,4,1,4,2,6,19,0,33,24,26,3,0,9,0,6,8,30,0,5,7,0,20,3
"COG3145",1,0,1,0,0,0,0,2,0,1,0,0,1,0,0,0,0,0,0,3,0,0,3,21,0,0,2,0,18,0
"COG3147",0,0,0,0,0,0,1,1,0,0,0,0,0,0,1,0,0,0,0,0,1,0,1,7,0,0,1,0,9,0
"COG3148",0,0,0,1,0,0,0,1,0,0,0,1,3,0,0,0,0,0,0,1,1,1,0,12,0,0,1,2,8,0
"COG3149",0,0,0,0,0,0,0,0,0,0,0,0,1,0,0,0,0,0,0,2,0,0,1,1,0,1,3,1,5,0
"COG3150",3,3,5,0,1,1,2,3,5,0,0,2,7,3,0,3,4,1,3,6,6,2,2,40,0,1,8,3,34,15
"COG3151",0,0,0,2,0,0,0,0,0,0,0,2,3,0,0,0,0,0,1,0,1,0,1,16,0,0,6,0,20,0
"COG3152",7,10,8,24,20,0,5,15,7,9,16,4,12,8,7,8,30,7,6,11,15,8,11,56,34,13,22,14,36,5
"COG3153",13,16,27,22,17,20,22,11,28,26,11,20,25,14,12,31,12,9,30,13,14,20,6,42,9,15,26,19,28,12
"COG3154",0,0,2,3,0,0,0,0,0,1,0,0,2,0,0,0,0,0,0,1,0,1,0,21,0,0,4,2,12,0
"COG3155",2,1,0,0,3,0,1,0,0,0,0,1,1,1,0,1,0,0,0,0,0,1,3,6,0,0,1,3,4,0
"COG3156",0,0,2,2,0,0,1,0,1,0,1,1,8,0,0,1,1,0,1,0,0,0,3,51,1,0,5,0,38,0
"COG3157",1,0,4,4,0,0,1,2,1,2,0,1,8,0,0,1,1,1,0,14,1,4,6,88,1,0,4,3,59,0
"COG3158",0,4,8,6,26,4,1,0,8,8,8,2,11,5,11,1,0,43,6,30,57,1,123,94,82,7,24,36,88,34
"COG3159",2,0,0,2,0,0,2,0,1,0,2,2,1,0,0,2,0,0,0,1,2,0,3,17,0,0,4,0,11,0
"COG3160",0,0,5,4,0,0,0,1,0,0,0,0,4,0,0,0,0,0,0,0,0,0,2,24,0,0,3,2,15,0
"COG3161",0,0,2,1,0,0,2,0,0,0,0,3,1,0,0,1,0,0,0,5,1,3,1,41,0,0,7,1,25,0
"COG3162",0,0,2,1,0,0,0,0,0,0,2,1,0,0,0,0,0,0,1,3,0,0,1,15,0,0,3,0,10,0
"COG3164",0,0,8,2,0,2,2,0,9,1,2,3,6,0,0,2,4,5,0,17,23,3,4,98,1,1,12,15,64,0
"COG3165",1,0,4,0,0,0,0,0,0,1,1,2,3,1,0,0,0,0,0,1,0,1,4,30,0,0,3,1,19,0
"COG3166",0,0,0,2,0,1,1,1,1,0,1,0,1,0,0,1,0,0,1,8,0,0,2,29,0,0,1,3,14,0
"COG3169",29,15,26,25,15,24,37,35,19,10,11,19,18,24,23,18,15,46,33,28,31,17,2,0,0,11,15,18,10,22
"COG3171",0,0,4,0,0,0,0,0,1,0,0,1,0,0,0,0,0,0,0,0,0,0,1,10,0,0,1,0,3,0
"COG3172",2,0,1,1,0,0,0,0,0,0,2,0,2,0,1,1,1,0,6,4,7,2,8,32,7,2,6,0,18,0
"COG3173",0,2,2,0,4,1,9,1,0,0,4,0,0,2,3,0,0,0,5,5,1,2,0,69,0,5,0,2,39,1
"COG3174",31,53,42,68,17,28,80,60,53,12,15,29,34,39,18,33,42,12,30,15,18,70,2,0,2,7,34,30,8,27
"COG3176",27,37,47,39,20,41,46,54,36,36,15,24,32,23,16,85,74,148,151,98,102,86,10,0,3,43,90,89,68,130
"COG3177",157,142,137,209,154,118,85,206,109,163,142,164,120,344,153,154,167,210,195,226,122,101,143,29,130,181,186,118,106,146
"COG3178",19,12,15,24,16,17,17,26,16,11,4,16,16,9,9,57,39,77,53,46,78,82,2,0,1,29,47,66,12,63
"COG3179",0,1,0,0,0,0,0,0,0,0,0,2,0,0,0,0,1,0,5,19,0,1,1,1,0,0,0,0,12,13
"COG3180",8,4,2,7,2,3,4,1,1,1,0,8,5,2,3,2,1,0,3,3,1,3,0,18,1,1,3,1,6,0
"COG3181",22,24,22,27,25,12,25,16,27,21,10,45,16,15,31,16,29,5,17,14,34,33,23,42,37,11,25,14,1,11
"COG3182",9,5,5,25,8,16,13,11,9,4,6,4,8,6,6,14,11,45,37,13,37,45,3,0,3,13,35,40,4,16
"COG3183",1,0,4,0,16,1,0,0,1,4,1,1,2,1,1,5,4,0,4,0,1,0,2,113,0,9,0,6,68,0
"COG3187",6,7,11,13,12,8,5,9,11,4,2,3,5,5,7,25,18,42,24,27,41,26,2,23,1,18,36,25,11,16
"COG3188",2,4,29,34,1,0,19,9,7,20,8,21,49,1,0,4,3,4,2,112,6,14,44,622,1,1,102,11,509,2
"COG3189",21,12,25,28,12,13,21,26,12,6,4,4,9,15,10,11,14,19,12,28,13,26,18,23,0,8,19,8,19,12
"COG3190",0,0,0,0,0,0,0,0,0,0,0,0,0,0,0,0,0,0,0,1,0,2,0,9,0,0,4,0,9,0
"COG3191",16,4,9,24,19,15,11,1,21,31,32,38,19,15,17,15,5,4,6,13,10,6,28,10,17,15,17,8,8,6
"COG3192",4,5,16,5,2,3,3,0,8,2,16,10,6,5,2,1,2,1,1,10,5,9,10,27,3,7,5,3,20,0
"COG3193",3,2,19,7,2,0,2,3,10,10,8,4,4,4,1,0,0,1,3,1,1,3,6,6,0,0,9,0,3,1
"COG3194",0,0,0,0,0,0,0,0,0,0,0,0,0,0,0,0,0,0,0,1,0,0,0,9,0,0,0,0,9,0
"COG3196",14,11,3,2,7,3,1,3,8,6,6,26,8,4,6,3,3,1,1,6,4,4,12,38,8,4,9,3,19,3
"COG3199",0,0,0,1,1,0,0,0,0,0,1,1,0,0,1,2,0,0,1,0,3,0,0,7,1,0,0,0,0,0
"COG3201",51,24,32,39,30,52,32,58,30,76,18,22,43,23,27,32,32,42,40,41,35,33,20,28,10,14,24,27,28,48
"COG3203",25,4,33,14,0,2,11,14,42,11,2,22,27,21,10,6,16,18,4,26,51,20,15,170,4,1,15,32,138,3
"COG3204",0,0,2,2,0,0,0,0,0,0,0,0,4,0,0,0,0,0,0,0,2,0,0,13,1,0,5,1,12,0
"COG3206",47,93,75,112,79,104,117,92,114,38,42,29,93,55,47,17,16,50,23,31,39,30,7,40,13,5,26,44,29,21
"COG3208",0,1,8,3,4,1,0,3,1,2,0,3,3,0,0,0,0,2,0,2,4,0,0,10,5,1,7,5,1,1
"COG3209",269,285,204,109,174,396,404,110,334,636,167,76,232,269,225,230,118,177,118,219,303,306,113,542,33,311,196,290,619,212
"COG3210",18,26,16,37,4,6,22,1,5,16,7,11,17,4,45,4,9,26,28,6,28,42,3,38,2,22,8,14,15,5
"COG3211",0,0,0,0,0,0,0,0,0,0,0,0,0,0,0,0,0,1,0,0,0,0,3,0,0,0,0,0,0,0
"COG3212",3,0,4,3,6,5,8,5,1,6,2,2,4,6,0,0,9,8,5,8,11,1,16,10,28,7,3,1,2,4
"COG3213",0,0,0,0,0,0,0,0,0,0,1,0,0,0,0,0,0,0,0,0,0,0,0,0,0,0,0,0,0,0
"COG3214",0,0,1,3,0,0,0,0,0,0,2,1,5,0,0,0,0,0,3,4,0,0,0,39,0,0,3,0,29,0
"COG3216",1,0,0,0,1,2,0,0,0,0,0,0,0,0,0,0,0,0,0,0,0,0,0,0,0,0,0,0,3,2
"COG3217",1,0,4,1,0,0,0,1,0,1,0,1,0,0,0,0,0,0,0,5,1,0,2,34,1,0,7,0,28,0
"COG3218",0,0,2,0,0,0,0,0,0,0,0,0,0,0,0,0,0,0,0,0,0,0,0,0,0,0,0,0,0,0
"COG3219",1,1,0,0,0,0,1,0,0,0,1,0,0,0,0,0,0,0,0,0,0,0,0,0,0,0,0,0,0,0
"COG3220",0,0,1,0,0,0,0,0,0,0,0,0,0,0,0,0,0,0,0,0,0,0,0,0,0,0,0,0,0,0
"COG3221",10,4,9,4,9,9,9,6,6,9,8,11,14,7,15,6,2,2,6,22,4,7,39,46,0,12,9,11,12,8
"COG3222",0,0,1,2,0,1,0,0,0,0,1,0,1,1,1,0,1,1,1,2,2,3,0,5,9,0,7,1,0,0
"COG3223",1,0,2,3,0,0,0,1,0,0,2,0,3,0,0,0,1,0,2,5,0,4,2,38,0,0,5,2,13,0
"COG3224",0,0,0,0,0,0,0,0,0,0,0,0,0,0,0,0,0,0,0,0,0,0,1,0,0,0,0,0,1,0
"COG3225",73,83,45,50,83,61,34,31,59,80,96,78,26,107,73,47,44,18,107,45,55,67,76,35,15,109,69,39,62,58
"COG3226",0,0,0,1,0,0,0,0,1,0,0,1,0,0,0,0,0,1,0,2,1,0,0,18,0,0,0,0,13,0
"COG3227",1,0,0,0,8,0,0,0,3,0,0,2,0,0,0,0,0,0,0,0,0,0,3,0,0,0,0,0,0,0
"COG3228",0,0,0,2,0,0,0,0,0,1,1,0,4,0,0,0,0,0,0,1,0,0,1,14,0,0,1,0,15,0
"COG3231",0,5,4,2,1,0,6,2,2,0,0,3,2,0,0,2,1,2,4,0,13,1,2,0,0,1,1,0,2,2
"COG3232",1,0,0,3,0,0,1,0,1,0,0,0,1,0,0,0,0,0,0,3,0,0,0,0,0,0,3,0,0,0
"COG3234",0,0,4,0,0,0,0,0,0,0,0,0,1,0,0,0,0,0,0,1,0,0,0,8,0,0,0,0,6,0
"COG3236",4,2,4,0,8,5,6,2,0,23,9,6,7,8,12,10,1,1,6,11,4,2,3,24,2,10,8,5,22,5
"COG3237",0,0,3,1,0,0,0,1,0,1,0,0,0,0,0,1,0,1,0,1,0,0,1,7,0,0,0,0,6,0
"COG3238",13,7,6,6,8,5,5,7,3,11,15,9,17,6,24,13,18,1,2,13,6,6,30,51,26,7,15,5,10,9
"COG3239",0,0,0,0,0,0,0,0,0,0,0,0,0,0,0,0,0,0,0,0,0,0,0,1,0,0,0,0,0,0
"COG3242",1,0,1,3,0,0,1,0,0,0,0,0,2,0,0,0,0,0,0,2,0,1,1,7,0,0,0,0,8,0
"COG3246",10,4,17,19,2,10,12,4,6,6,2,19,0,14,7,3,2,9,28,15,16,7,3,13,42,6,13,10,7,15
"COG3247",0,0,0,0,1,1,2,1,2,0,1,2,0,0,0,1,0,0,1,9,3,0,9,27,1,2,4,8,35,3
"COG3248",0,0,3,3,0,0,1,0,0,1,0,0,1,0,0,0,1,2,0,2,2,0,0,32,0,0,1,2,20,0
"COG3250",2511,2741,2635,2899,1478,2379,2304,2564,1632,1237,1176,1685,1561,1384,1535,2191,1953,1672,1806,1288,1783,3269,707,483,635,1335,2054,2027,854,2005
"COG3251",0,0,0,1,0,0,0,0,0,0,0,0,0,0,0,0,1,0,0,0,0,0,1,10,0,0,3,0,5,0
"COG3252",0,0,0,2,1,0,1,0,0,0,0,0,0,0,0,0,0,0,1,0,3,1,0,8,0,0,1,0,0,0
"COG3253",0,0,0,0,0,0,0,0,0,0,6,0,0,0,0,0,0,0,0,0,4,0,0,0,0,0,0,0,0,0
"COG3254",10,17,20,31,7,10,18,39,12,14,13,10,9,13,4,14,18,2,7,16,17,12,9,18,3,13,12,17,12,7
"COG3256",1,0,0,0,1,0,4,0,0,0,3,0,0,0,0,0,1,0,0,0,4,3,1,0,1,0,0,0,0,0
"COG3257",1,0,2,5,0,0,0,0,1,1,0,0,3,0,0,2,6,0,2,3,7,1,0,20,0,0,3,3,3,1
"COG3259",0,0,0,0,0,0,0,0,0,0,0,0,0,0,0,0,0,0,0,0,1,0,0,0,0,2,0,0,2,0
"COG3260",2,3,3,4,7,2,3,3,6,2,3,4,14,4,2,4,2,4,7,8,3,3,4,40,2,3,5,7,32,2
"COG3261",6,5,10,6,4,2,5,4,6,1,1,8,14,6,4,6,2,1,4,18,2,9,2,44,1,6,4,10,62,4
"COG3262",0,0,3,1,0,1,4,1,1,0,5,3,8,0,0,0,0,0,1,8,4,3,1,56,0,0,3,0,53,1
"COG3263",74,76,81,100,56,79,64,99,58,85,43,66,70,31,45,70,72,87,98,58,50,67,10,58,91,33,54,68,49,35
"COG3264",28,1,14,20,4,5,4,1,13,4,4,5,12,7,1,4,4,3,3,18,5,10,19,191,3,1,11,10,123,1
"COG3265",0,0,1,0,0,0,1,1,0,0,1,0,2,0,0,0,2,0,0,0,0,0,9,55,7,1,7,4,43,0
"COG3266",0,0,1,6,0,0,1,0,0,0,0,0,1,0,1,1,0,0,0,2,0,1,5,24,0,0,3,0,24,0
"COG3267",2,2,2,8,0,1,1,2,1,2,1,4,3,0,3,5,4,2,2,4,0,3,2,11,6,0,15,8,0,1
"COG3268",0,3,0,0,0,0,0,0,0,1,0,0,0,0,0,2,0,0,0,0,0,0,0,0,0,0,0,0,4,0
"COG3270",1,9,2,0,10,7,7,3,7,13,12,12,4,7,8,26,12,4,5,9,10,9,48,33,14,30,22,11,27,10
"COG3271",1,0,0,0,0,0,0,0,0,0,2,0,0,0,1,0,0,0,0,0,0,0,0,0,0,0,0,0,0,0
"COG3272",1,0,2,3,0,0,2,0,0,1,0,0,6,0,0,0,0,0,0,1,1,0,7,22,0,0,3,0,9,1
"COG3274",66,65,117,170,63,93,109,161,50,63,47,39,81,51,44,62,74,74,102,51,72,115,48,70,16,45,73,59,72,47
"COG3275",199,221,217,205,129,159,201,192,140,104,59,99,181,116,103,134,126,201,213,159,220,174,27,112,11,122,133,177,153,101
"COG3276",8,2,13,21,2,9,11,5,7,4,9,5,5,6,6,3,2,2,10,13,9,7,35,73,3,6,15,6,37,3
"COG3279",372,408,375,253,536,301,318,305,322,739,484,294,349,324,502,431,406,249,321,260,292,276,348,156,155,398,344,217,199,300
"COG3283",1,0,3,3,0,0,5,16,0,1,2,0,6,0,0,2,12,4,2,5,10,3,5,33,46,0,2,1,29,9
"COG3284",8,3,6,6,1,3,8,14,6,1,3,7,6,7,14,4,22,11,5,6,8,11,2,7,99,4,6,10,11,7
"COG3287",3,3,4,0,7,5,4,8,21,7,17,1,9,52,43,10,33,5,0,4,5,2,0,0,0,3,0,1,1,4
"COG3288",12,0,1,2,0,0,2,2,2,0,2,6,4,0,0,0,1,0,0,11,1,1,23,47,42,1,7,6,33,0
"COG3290",17,7,15,16,14,11,12,4,4,4,9,11,24,7,24,12,18,4,12,23,7,24,24,139,1,31,18,15,65,5
"COG3291",5,14,14,11,7,30,6,6,5,6,2,1,11,5,15,44,15,12,97,19,82,25,4,0,7,35,15,35,4,14
"COG3292",2912,3205,2603,2876,1107,1862,2128,2898,1312,1097,664,1020,1285,1469,1197,2015,1861,1906,1619,1131,1788,3204,214,9,100,709,2042,2141,433,1726
"COG3293",52,9,13,23,33,83,10,19,5,47,6,35,4,8,4,13,0,24,54,9,51,1,12,1,6,31,8,27,12,6
"COG3294",3,1,2,0,6,1,0,2,4,11,11,2,2,4,20,6,6,2,0,6,0,0,1,7,4,4,10,0,0,0
"COG3296",0,2,1,0,1,2,0,0,0,0,0,0,0,0,0,0,0,0,10,0,1,0,1,0,0,0,0,0,6,3
"COG3297",0,0,1,3,0,0,1,0,0,0,1,0,2,0,0,0,1,0,0,1,0,1,4,17,0,0,1,1,15,0
"COG3299",19,22,23,5,55,64,8,2,33,14,26,49,8,15,16,1,6,4,1,6,13,10,8,2,8,9,1,3,1,6
"COG3301",7,0,11,0,1,4,4,1,6,2,3,4,3,5,0,2,2,6,0,3,9,3,2,27,1,2,6,2,23,0
"COG3302",0,0,5,5,0,0,1,0,3,1,3,0,2,1,0,0,2,0,0,8,0,1,3,52,0,0,4,2,48,0
"COG3303",38,67,58,72,12,39,25,13,15,14,10,14,22,23,3,33,23,1,39,29,38,76,3,75,2,16,32,29,43,8
"COG3304",13,18,18,25,13,8,23,29,21,19,8,15,22,16,10,24,18,31,14,28,10,15,19,12,31,8,19,19,19,12
"COG3306",0,4,11,4,0,0,1,4,2,0,2,1,0,0,0,1,6,0,10,0,9,2,0,0,0,0,3,1,0,4
"COG3307",12,1,13,3,12,13,3,11,9,7,15,10,9,10,4,2,12,12,3,53,14,19,1,80,58,6,13,5,75,21
"COG3309",0,0,2,1,0,9,6,2,0,0,0,0,0,0,0,1,3,38,8,3,0,1,0,0,0,0,0,6,1,0
"COG3311",0,0,2,2,0,0,2,0,0,1,0,1,1,0,0,0,0,0,0,0,0,0,1,22,0,0,6,1,0,1
"COG3312",1,1,1,1,0,0,0,2,0,1,0,0,3,0,1,0,1,0,1,1,0,0,1,21,1,0,1,0,13,0
"COG3313",0,0,0,1,0,0,0,0,1,0,0,1,0,0,0,0,0,0,0,2,0,0,0,10,0,0,1,0,10,0
"COG3314",31,27,12,18,25,32,18,20,37,65,66,42,52,102,59,38,34,10,23,31,27,17,67,125,42,59,37,21,36,23
"COG3315",29,38,20,8,38,28,22,14,20,22,39,26,18,20,58,33,26,9,20,20,10,26,17,4,8,42,22,14,11,14
"COG3316",2,2,13,7,0,1,8,1,4,2,1,4,38,0,0,3,1,3,4,16,6,5,5,450,0,0,6,3,262,0
"COG3317",1,0,4,1,0,0,3,4,7,0,0,0,2,1,0,0,3,0,0,4,7,0,3,31,0,0,3,7,20,0
"COG3318",0,0,1,2,0,1,1,1,0,0,0,0,2,0,0,0,0,3,1,4,1,3,4,6,0,0,2,1,8,0
"COG3319",1,0,2,2,0,0,4,0,1,0,1,1,1,0,1,2,1,3,0,20,5,10,2,69,0,0,24,13,25,0
"COG3320",8,2,20,6,7,12,11,6,14,20,39,12,19,5,7,3,9,1,10,1,0,6,10,0,27,32,52,2,1,8
"COG3321",0,0,1,12,3,6,6,0,3,2,1,17,1,0,5,0,5,6,3,22,12,4,0,35,2,24,21,26,0,0
"COG3323",41,31,39,31,21,35,39,39,30,12,11,14,43,44,26,29,32,41,53,32,30,27,20,3,58,20,31,25,16,21
"COG3324",16,10,16,16,3,4,7,3,1,8,1,6,2,4,5,1,7,8,27,3,4,7,3,1,0,0,10,9,2,1
"COG3325",66,46,61,40,28,59,63,54,38,18,26,23,35,31,54,59,42,20,23,18,29,96,24,11,2,35,37,20,12,56
"COG3326",7,8,4,5,21,12,17,3,6,19,16,2,6,11,7,12,11,1,1,6,7,3,13,2,1,18,14,3,5,6
"COG3327",1,0,2,0,0,0,0,0,0,0,0,0,1,0,0,1,0,0,0,2,0,0,1,24,0,0,4,0,1,0
"COG3328",149,110,191,79,152,126,143,80,179,272,202,125,127,168,83,131,110,920,207,120,105,89,141,60,126,147,156,108,438,323
"COG3330",0,0,1,0,0,0,0,0,0,0,3,0,0,18,4,6,0,0,0,1,0,0,0,0,0,1,0,0,0,0
"COG3331",12,16,9,4,16,37,12,6,16,27,30,20,13,15,20,10,18,3,11,5,15,2,31,11,7,17,17,12,1,4
"COG3333",57,39,31,51,35,39,24,27,32,20,34,82,33,34,26,26,44,10,15,12,49,46,27,69,44,23,19,20,6,28
"COG3335",18,7,39,23,32,10,19,20,26,74,23,50,8,15,13,43,22,5,26,9,16,6,79,68,34,53,50,4,14,13
"COG3338",0,0,1,0,0,0,0,1,0,0,0,0,0,0,0,0,2,0,3,0,0,0,3,1,0,1,0,0,0,0
"COG3339",2,2,1,2,0,0,2,6,1,0,7,4,0,0,1,1,3,2,3,5,2,1,1,1,11,5,3,4,1,2
"COG3340",25,41,26,15,49,54,43,22,39,117,89,33,75,110,72,41,46,16,19,50,29,14,99,38,31,40,60,41,49,40
"COG3341",41,49,46,37,64,55,60,69,55,47,41,29,57,29,36,51,47,40,45,27,50,30,44,5,32,30,44,41,6,34
"COG3343",0,0,0,0,0,0,0,0,0,0,3,0,0,0,0,0,1,0,4,0,3,0,24,0,2,0,0,0,1,0
"COG3344",243,155,171,95,164,160,235,181,127,269,174,280,144,247,124,419,520,729,663,593,1087,287,326,446,176,461,822,534,398,968
"COG3345",246,197,277,231,203,203,215,189,178,316,234,157,222,140,156,134,244,205,157,144,203,258,416,183,575,204,295,172,135,201
"COG3347",2,0,0,0,4,3,0,2,4,3,3,5,3,3,1,0,2,0,3,5,0,3,7,0,2,2,8,1,2,4
"COG3350",0,0,0,0,0,0,0,1,0,0,1,3,0,0,0,0,1,0,0,0,0,0,0,3,1,0,0,0,0,0
"COG3359",14,24,8,6,32,16,16,11,13,41,21,9,9,10,29,24,21,5,3,11,5,7,12,20,9,29,18,0,2,12
"COG3366",0,1,1,0,0,0,1,0,2,0,0,0,0,1,1,0,0,0,0,0,0,0,0,0,0,0,1,1,0,0
"COG3369",4,8,3,14,5,10,9,0,1,0,0,4,1,4,1,7,2,3,9,5,0,0,0,0,0,3,0,9,8,3
"COG3376",0,0,0,0,0,0,0,0,0,0,0,0,0,0,0,0,0,0,0,0,0,0,1,0,0,0,0,0,0,0
"COG3378",77,92,34,26,113,58,35,36,87,55,111,250,60,48,111,98,79,38,44,47,49,39,120,19,55,93,53,52,61,84
"COG3379",0,1,0,0,0,0,0,0,0,0,0,0,0,0,0,0,0,0,1,2,0,1,0,7,0,0,0,0,1,0
"COG3381",1,0,9,4,0,1,5,2,0,1,0,1,6,2,0,0,0,0,1,4,5,0,1,37,0,0,7,2,44,1
"COG3382",34,30,27,26,15,29,30,23,25,26,14,14,29,16,11,16,18,47,24,18,25,15,6,0,3,9,19,37,6,40
"COG3383",15,2,20,7,26,1,17,18,12,5,5,22,13,12,9,5,26,12,13,8,26,16,6,15,74,34,45,11,6,7
"COG3384",0,0,4,3,0,0,0,1,1,0,1,2,1,0,0,0,0,1,0,13,2,4,6,36,2,0,7,4,16,0
"COG3385",82,303,123,62,352,118,115,87,73,747,62,144,113,89,174,373,102,678,301,439,118,74,77,228,21,411,125,501,199,931
"COG3386",25,22,24,14,16,14,2,8,18,10,10,21,18,15,18,8,23,15,20,8,19,24,19,9,16,6,24,20,12,11
"COG3387",28,19,47,45,10,30,23,42,10,12,19,17,20,81,12,19,22,9,17,12,16,41,2,3,0,24,26,12,10,17
"COG3391",50,84,84,52,25,61,30,21,12,30,3,11,62,39,23,38,21,106,61,75,60,38,10,43,0,36,29,75,99,25
"COG3392",18,1,12,28,7,4,13,53,6,5,11,5,14,7,13,14,44,15,13,41,8,18,1,5,1,14,0,7,43,19
"COG3393",0,0,0,0,3,1,2,1,0,2,12,1,2,0,1,5,11,1,3,0,1,0,3,5,0,4,1,3,1,10
"COG3394",31,14,27,6,14,17,10,1,8,13,32,118,17,12,19,14,3,4,18,24,12,16,18,20,5,3,4,12,25,14
"COG3395",9,24,8,25,10,10,15,25,20,46,11,35,12,10,6,6,21,14,15,11,38,7,20,136,132,9,26,14,68,24
"COG3396",0,0,2,1,0,0,1,2,0,1,0,0,4,0,0,0,1,0,0,1,1,0,8,38,0,0,6,0,0,1
"COG3397",0,1,0,0,4,2,0,0,0,1,0,0,0,0,0,0,0,0,0,1,0,1,7,0,0,1,11,0,1,0
"COG3401",8,4,0,0,60,72,8,2,2,6,9,14,9,2,2,3,1,2,0,1,1,9,0,0,1,28,23,2,2,2
"COG3402",0,4,0,0,3,2,0,16,20,6,0,2,10,4,2,3,2,7,9,2,4,0,2,5,0,11,1,8,1,1
"COG3404",55,29,52,59,36,29,60,40,47,17,32,36,60,35,41,47,27,28,66,47,66,69,20,9,12,29,41,42,26,23
"COG3405",8,7,4,1,12,10,4,5,6,9,10,5,7,5,3,15,8,3,36,25,19,13,48,37,38,14,22,33,33,50
"COG3407",0,0,0,0,0,0,0,0,0,0,0,1,0,0,0,0,0,0,2,0,0,0,18,0,0,0,0,0,3,0
"COG3408",147,133,159,118,93,115,147,134,129,157,96,66,109,138,94,119,102,269,183,105,125,148,59,13,7,147,106,132,35,131
"COG3409",15,42,15,13,85,25,12,6,49,83,66,84,21,46,67,87,18,3,14,19,10,11,35,16,23,60,24,21,27,41
"COG3410",1,1,7,0,2,1,6,0,0,6,10,1,0,23,3,12,10,3,7,5,0,5,1,7,1,8,5,4,8,3
"COG3411",9,0,7,4,4,3,3,2,1,2,0,11,11,6,4,3,3,10,21,12,2,7,1,8,1,4,5,2,7,5
"COG3412",2,0,4,3,0,2,2,0,0,1,0,4,5,0,0,0,7,1,2,7,5,2,0,47,22,1,4,1,27,1
"COG3414",1,5,9,3,0,0,6,12,1,0,8,3,2,0,0,0,10,10,14,6,3,3,3,36,58,2,16,1,19,1
"COG3415",0,0,0,0,0,1,2,0,1,2,0,0,0,0,0,0,0,0,0,0,0,0,0,0,0,0,0,0,0,0
"COG3417",1,3,1,1,1,0,0,0,3,2,0,1,0,2,1,1,0,0,13,2,1,0,0,16,1,0,0,0,14,2
"COG3418",0,0,0,1,0,0,0,0,0,0,0,0,0,0,0,0,0,0,0,1,0,0,1,5,0,0,1,1,4,0
"COG3420",8,0,3,0,0,1,1,0,0,0,1,2,0,3,0,0,0,1,0,1,0,1,0,0,0,0,0,3,0,0
"COG3421",3,0,3,0,7,0,0,0,0,0,0,3,1,0,16,1,30,0,0,0,0,0,0,0,0,15,6,4,1,3
"COG3422",1,0,1,0,0,1,0,1,0,0,0,0,1,0,1,0,1,0,0,4,1,0,0,15,0,0,1,0,12,0
"COG3423",0,0,0,1,0,0,0,0,0,0,0,0,0,0,0,0,0,0,0,2,0,0,3,21,0,0,1,0,8,0
"COG3425",0,0,0,0,0,0,0,0,0,0,3,0,0,0,0,0,0,2,5,0,0,0,20,0,1,0,1,0,1,0
"COG3426",55,47,44,90,63,60,63,49,60,22,28,38,46,32,53,69,42,40,63,46,71,74,19,9,15,72,60,67,26,25
"COG3428",0,2,0,0,3,7,0,1,14,1,1,1,6,6,2,0,0,1,0,1,0,1,0,0,0,1,0,0,0,0
"COG3429",0,0,0,0,0,0,0,0,0,0,1,0,1,0,0,0,0,0,0,6,0,0,18,0,30,0,2,0,12,0
"COG3433",0,0,0,8,0,0,5,0,1,1,1,4,1,0,0,1,1,0,0,13,2,5,2,36,0,1,16,5,20,0
"COG3434",3,0,0,0,4,6,3,1,13,0,13,4,2,3,15,1,4,2,6,3,4,4,0,0,0,23,4,1,1,1
"COG3435",0,0,1,0,0,0,0,0,0,0,0,0,0,0,0,0,0,0,0,0,0,0,0,0,0,0,0,0,0,0
"COG3436",204,284,236,1210,204,281,235,814,436,293,333,289,309,599,131,358,305,582,145,424,1216,272,360,500,105,406,256,165,373,740
"COG3437",221,321,157,116,159,174,88,163,164,121,124,206,151,96,143,137,85,163,76,130,168,154,148,25,58,138,164,123,41,76
"COG3439",4,13,12,26,7,1,16,3,2,0,1,1,10,1,1,5,3,1,34,0,7,12,0,11,1,0,22,9,6,1
"COG3440",15,4,10,0,0,2,2,0,7,5,3,0,3,1,3,0,0,0,0,4,0,0,6,1,4,2,0,0,6,0
"COG3442",9,1,7,4,15,10,3,2,9,8,42,13,7,10,21,15,6,0,7,12,3,2,36,2,33,25,14,9,16,6
"COG3443",6,1,3,1,7,3,1,3,3,3,12,4,7,4,1,0,8,1,10,5,4,0,20,24,9,1,4,0,14,0
"COG3444",18,25,17,22,15,7,13,25,10,16,47,77,15,10,11,10,37,9,21,47,35,8,66,126,150,12,65,16,109,8
"COG3445",0,0,1,0,0,0,0,1,0,0,1,1,0,0,0,0,0,0,0,1,0,0,2,17,0,0,3,0,13,0
"COG3447",0,1,5,2,0,0,1,0,0,3,0,2,6,0,0,1,0,0,0,8,1,0,2,37,0,0,4,1,74,0
"COG3448",1,0,1,3,0,0,3,4,2,0,0,0,0,0,0,0,6,2,0,1,1,1,0,0,24,0,0,0,0,0
"COG3449",75,62,55,67,7,57,84,46,13,13,14,34,36,33,26,50,44,19,43,18,29,66,2,36,3,17,43,30,48,32
"COG3450",0,0,0,2,0,0,0,0,0,0,0,0,0,0,0,0,0,0,0,0,0,0,0,0,0,0,0,0,0,0
"COG3451",631,491,450,445,653,566,596,271,710,553,536,741,470,710,630,612,331,321,429,517,451,638,322,391,281,898,364,637,301,561
"COG3452",15,17,4,1,33,15,19,2,15,28,35,17,13,17,30,38,14,3,9,3,7,5,52,1,4,27,3,2,5,10
"COG3454",1,2,10,2,5,3,1,0,7,0,0,6,3,1,6,2,0,1,2,1,1,1,3,32,0,0,1,3,18,1
"COG3455",0,0,0,0,0,0,0,0,0,0,0,0,0,0,0,0,0,0,0,1,4,0,3,19,0,0,4,1,9,0
"COG3456",0,0,1,3,0,0,0,1,0,0,0,0,0,0,0,0,0,0,0,2,0,1,1,37,0,0,0,0,23,0
"COG3457",4,2,3,2,1,6,0,0,3,0,3,5,6,6,4,0,0,1,3,4,0,3,0,11,0,1,1,1,7,2
"COG3458",67,84,67,115,28,43,60,138,65,34,33,54,45,34,37,43,58,105,53,31,50,98,10,0,0,28,54,50,5,61
"COG3459",69,134,44,19,255,130,73,34,165,286,232,113,75,243,257,225,79,86,40,66,47,53,119,10,25,291,63,51,32,157
"COG3460",0,0,1,0,0,0,0,0,1,0,0,0,1,0,0,0,0,1,0,2,0,0,1,13,0,0,0,0,0,0
"COG3463",6,14,1,0,10,14,9,7,4,17,6,4,4,6,12,2,31,1,5,1,1,5,4,9,0,9,1,3,0,1
"COG3464",135,117,63,356,271,202,143,233,301,455,163,158,75,358,51,259,302,411,110,267,343,244,98,186,21,142,273,196,115,202
"COG3467",59,27,63,36,38,41,56,51,46,90,45,21,50,47,46,47,57,46,46,47,41,54,18,15,44,47,41,41,29,56
"COG3468",103,45,115,53,29,44,59,41,32,27,17,148,112,21,182,59,16,24,61,171,80,94,10,511,11,14,96,156,343,10
"COG3469",0,19,0,0,6,0,0,0,0,0,4,0,0,0,2,1,0,0,0,1,0,0,0,0,0,1,0,3,0,0
"COG3470",2,0,0,1,0,0,0,2,0,0,2,0,0,0,0,0,1,0,0,0,0,0,12,1,10,0,1,2,5,0
"COG3471",0,1,0,0,0,0,0,2,0,0,2,0,0,0,0,0,1,0,0,2,1,0,0,0,0,0,0,0,0,0
"COG3472",49,7,5,0,16,13,1,1,13,40,50,5,7,8,53,38,7,3,10,14,2,11,1,0,8,5,8,9,4,2
"COG3473",0,0,0,2,0,1,0,0,0,0,0,1,0,4,0,0,1,0,1,0,0,0,0,2,0,1,0,0,0,0
"COG3475",105,147,66,61,97,70,93,112,103,121,140,73,124,90,203,151,134,82,94,64,92,76,122,18,60,61,88,49,82,141
"COG3476",10,15,9,14,15,9,9,36,8,16,6,8,13,24,16,9,18,13,1,11,8,7,4,4,3,13,17,3,5,8
"COG3477",0,0,1,2,0,0,1,0,0,1,0,0,0,0,0,0,0,0,0,7,2,0,2,40,0,0,6,0,8,0
"COG3478",2,0,0,0,0,0,2,0,1,0,1,0,0,1,0,0,0,0,1,0,0,1,0,0,0,1,0,0,1,0
"COG3479",0,0,0,0,0,0,0,0,0,0,0,0,0,0,0,0,0,0,0,0,0,0,15,0,0,0,1,0,0,0
"COG3480",0,0,1,0,2,0,0,0,4,0,5,0,2,18,5,0,0,1,2,3,3,0,17,0,18,0,7,2,11,0
"COG3481",34,48,38,18,84,35,25,27,49,54,101,80,32,47,107,48,64,18,28,53,35,19,70,36,106,47,42,25,26,46
"COG3484",2,0,0,0,0,0,0,0,0,0,0,0,0,0,0,0,0,0,0,0,0,0,0,0,0,0,0,0,0,0
"COG3485",0,0,0,0,0,0,0,0,0,0,0,0,0,0,0,0,0,1,0,0,0,0,1,0,0,0,0,0,0,0
"COG3486",0,0,0,0,0,0,0,0,0,0,0,0,0,0,0,0,0,0,0,12,0,7,2,85,0,0,0,0,42,1
"COG3487",40,31,36,16,22,35,18,35,33,6,8,21,18,12,17,24,31,8,31,21,11,20,2,0,0,15,19,21,8,19
"COG3488",40,23,43,24,39,33,39,30,51,21,7,23,27,22,31,33,19,106,44,39,51,54,1,0,3,38,41,62,30,80
"COG3491",0,0,0,0,0,0,0,0,0,0,0,0,0,0,0,0,0,1,0,0,0,0,1,0,0,0,0,0,0,0
"COG3493",3,2,1,13,10,8,3,1,2,2,3,4,6,7,8,0,11,1,3,8,2,32,39,8,41,3,13,6,1,1
"COG3494",6,0,4,7,2,3,6,4,2,0,3,3,2,4,3,1,7,9,0,11,11,2,1,0,53,0,1,7,10,8
"COG3496",0,0,0,0,0,0,0,0,0,0,0,0,0,0,0,0,0,0,0,0,1,0,0,0,0,0,0,0,0,0
"COG3497",28,70,11,42,20,46,3,0,13,22,3,59,17,17,23,6,8,1,32,38,16,9,1,15,2,7,9,16,79,8
"COG3498",18,5,5,6,2,0,2,1,1,0,2,20,3,5,4,1,5,6,0,35,6,0,0,0,2,3,1,5,48,4
"COG3499",0,0,1,2,0,0,0,0,0,0,0,0,4,0,0,0,0,1,0,4,0,1,0,1,0,0,0,0,41,0
"COG3500",31,40,10,26,14,37,4,1,1,14,2,39,12,5,9,6,9,3,44,52,20,5,1,11,1,3,7,1,101,10
"COG3501",111,24,23,39,7,13,148,8,116,9,3,1,66,125,36,16,13,38,36,31,12,12,7,108,1,37,15,13,79,8
"COG3503",5,7,4,0,9,6,2,6,11,11,10,24,10,4,12,6,12,3,3,10,4,5,14,0,2,29,0,7,6,3
"COG3504",6,0,2,3,0,1,0,4,0,0,3,1,0,4,1,0,1,1,0,9,1,0,1,5,7,1,0,0,2,2
"COG3505",417,351,353,332,407,431,569,266,536,447,378,690,400,602,488,411,319,202,364,546,299,436,265,249,173,639,418,515,246,398
"COG3506",21,19,22,19,13,12,16,17,7,12,16,3,7,18,13,7,32,18,15,6,18,11,4,0,31,7,14,24,5,6
"COG3507",651,758,685,652,324,422,748,735,688,371,250,307,392,321,303,352,540,712,392,292,460,885,236,40,393,256,627,521,201,459
"COG3509",1,0,0,0,3,4,1,1,11,11,6,2,0,5,1,11,8,63,4,1,12,0,15,0,0,13,0,10,7,49
"COG3512",8,18,14,3,9,12,2,1,4,39,12,5,8,9,10,14,5,16,14,8,7,2,7,0,9,7,6,12,2,8
"COG3513",82,98,83,43,52,128,26,37,45,127,177,46,22,67,100,134,41,52,65,55,52,73,68,1,18,71,20,44,31,164
"COG3514",0,0,0,0,0,0,0,0,0,1,0,0,0,0,0,0,0,0,0,0,0,0,0,11,0,0,0,0,6,0
"COG3515",0,0,1,5,0,0,0,3,1,2,2,3,10,2,3,0,2,2,0,17,1,2,4,70,0,0,15,2,63,0
"COG3516",0,1,1,5,1,1,2,1,2,1,0,1,2,0,0,1,0,0,1,2,0,0,2,8,0,0,3,0,9,0
"COG3517",0,3,0,5,0,0,1,1,1,1,0,2,6,0,0,1,1,2,0,8,1,2,1,63,1,0,17,0,42,1
"COG3518",0,0,0,0,0,0,0,0,0,0,0,0,0,0,0,0,0,0,0,2,0,0,2,5,0,0,0,0,2,0
"COG3519",0,0,1,5,0,0,2,0,2,1,0,0,3,0,0,1,1,0,1,11,0,2,3,105,0,0,6,1,35,0
"COG3520",1,1,1,3,0,1,0,3,3,0,0,0,2,0,1,1,1,0,1,9,0,0,5,71,0,0,2,1,20,1
"COG3521",2,0,0,1,0,0,1,1,1,0,1,0,0,0,0,0,0,0,1,2,1,0,1,30,0,0,0,0,21,0
"COG3522",1,0,0,3,0,0,4,0,0,0,1,3,1,0,0,2,0,1,0,9,1,1,3,55,0,0,9,4,33,1
"COG3523",5,1,1,3,0,0,4,1,1,0,2,3,1,0,0,2,0,1,0,14,0,4,7,76,0,0,0,1,44,0
"COG3524",0,0,0,1,0,0,2,0,0,0,0,1,0,0,0,0,0,1,0,1,3,3,1,2,0,0,0,1,1,0
"COG3525",513,693,856,1045,297,513,637,912,533,403,317,345,676,407,225,462,588,668,625,444,593,857,128,68,72,341,712,658,430,537
"COG3527",0,0,1,0,0,1,0,0,2,0,1,0,0,0,0,0,0,0,3,6,2,0,4,0,2,1,0,0,1,0
"COG3528",0,0,0,0,0,3,0,0,0,0,0,0,0,0,0,0,0,0,0,0,1,0,0,0,0,0,0,0,16,9
"COG3529",0,0,0,0,0,0,1,0,0,0,0,0,0,0,0,0,0,0,0,0,0,0,0,0,0,0,0,0,1,0
"COG3530",0,0,0,0,0,0,0,0,0,0,0,0,0,0,0,0,0,0,0,1,0,0,0,14,0,0,3,0,8,0
"COG3533",525,625,543,734,206,314,474,646,338,215,212,262,257,266,160,310,419,441,289,241,348,616,177,28,258,183,478,355,157,396
"COG3534",259,287,270,315,151,211,221,203,191,173,108,144,183,158,132,165,175,300,167,148,258,331,167,33,142,124,287,299,96,279
"COG3535",2,2,0,2,0,2,1,0,3,0,3,4,1,1,2,1,0,0,1,5,4,0,25,5,2,3,1,3,4,5
"COG3536",0,0,3,0,0,1,1,0,0,0,0,1,0,2,0,0,2,0,0,2,2,0,0,0,0,0,0,0,0,0
"COG3537",874,962,1128,1446,394,978,933,1288,523,379,310,517,691,530,393,629,870,898,820,414,870,1254,91,5,34,413,694,1036,330,565
"COG3538",134,83,141,123,25,97,137,67,58,39,40,43,96,49,94,67,74,76,110,52,74,143,40,5,45,64,62,73,35,131
"COG3539",1,0,30,18,1,0,10,7,2,10,6,7,26,1,1,2,2,6,1,75,3,2,18,319,1,0,68,9,213,4
"COG3541",3,3,5,7,9,3,3,1,1,3,13,4,3,3,1,5,1,2,4,9,20,4,13,20,1,6,4,2,1,1
"COG3542",9,5,1,2,7,0,4,0,0,0,0,2,0,2,1,0,1,1,0,4,0,0,5,0,1,8,1,3,7,2
"COG3543",8,17,2,0,4,5,2,1,2,3,16,2,3,7,1,1,13,0,3,3,1,6,8,3,6,14,9,5,0,5
"COG3544",0,1,2,1,1,1,3,5,0,0,0,0,0,0,0,0,5,1,4,2,5,0,1,9,23,0,0,1,4,2
"COG3545",0,0,1,0,2,0,0,0,0,0,9,0,0,8,3,0,0,0,0,0,0,0,0,0,0,0,0,0,0,0
"COG3546",19,30,23,13,14,22,25,5,18,12,33,18,16,51,31,19,26,3,16,16,12,10,27,25,15,36,25,18,13,13
"COG3547",198,187,235,212,235,213,164,98,449,327,259,273,379,269,159,210,192,380,314,353,191,200,421,362,150,217,411,284,243,152
"COG3548",0,0,0,0,0,0,0,1,1,0,0,0,0,0,0,0,0,0,3,0,0,0,19,0,1,1,0,0,4,0
"COG3549",0,0,2,2,0,0,4,0,0,0,3,0,1,0,0,0,0,0,2,1,1,0,3,1,0,0,0,1,0,1
"COG3550",107,151,125,43,196,77,109,91,100,219,134,61,140,82,151,225,146,191,193,185,158,159,45,37,17,56,80,139,72,88
"COG3552",0,0,4,0,0,0,0,0,1,0,0,1,0,0,0,0,0,0,0,0,0,0,0,0,0,0,0,0,0,0
"COG3555",0,0,0,0,0,0,0,0,0,0,0,0,0,0,0,0,0,0,0,0,0,0,1,0,0,0,0,0,0,0
"COG3557",2,0,1,0,0,0,0,0,1,0,4,0,0,16,5,0,0,0,2,0,1,0,0,0,1,1,2,0,2,0
"COG3558",0,0,0,0,0,0,0,0,0,0,0,0,0,0,0,0,0,1,0,0,0,0,1,0,0,0,0,0,0,0
"COG3560",35,42,41,41,14,19,48,48,32,17,12,21,36,13,20,25,25,17,32,36,23,44,2,1,16,3,30,31,10,14
"COG3561",23,6,3,3,8,1,4,1,1,16,3,3,8,7,12,2,6,3,13,16,10,0,1,3,3,0,10,10,53,6
"COG3562",0,2,0,3,0,1,1,0,2,0,0,1,0,0,2,1,1,2,0,0,0,0,0,1,2,0,0,2,0,0
"COG3563",0,0,0,6,0,0,2,0,0,0,1,0,0,1,1,0,0,0,0,0,9,2,0,8,0,0,0,2,0,0
"COG3566",3,0,0,3,17,2,16,0,3,1,5,2,0,0,0,0,1,2,4,3,37,7,0,0,3,0,1,0,101,3
"COG3567",9,0,1,2,8,1,10,0,11,0,6,2,0,0,3,0,0,1,0,2,15,4,0,0,0,1,0,0,41,3
"COG3568",40,34,54,91,18,57,63,65,29,15,21,43,55,51,34,138,118,124,145,110,152,194,32,18,8,69,140,115,63,127
"COG3570",0,5,0,3,0,0,4,0,3,0,0,0,0,15,4,3,0,0,0,0,3,0,1,2,0,3,5,0,0,1
"COG3572",3,2,4,1,3,2,1,0,2,1,9,1,4,2,1,5,0,0,1,12,1,1,19,0,49,8,12,7,5,7
"COG3575",0,0,0,0,0,0,0,0,0,0,0,0,0,0,0,0,0,0,2,0,0,0,0,0,0,0,0,0,0,0
"COG3576",0,0,0,0,0,1,0,0,1,0,0,1,1,0,0,0,0,0,0,3,0,2,14,0,19,0,4,1,2,0
"COG3579",69,71,116,120,55,93,134,132,113,67,64,90,106,215,88,100,66,143,110,103,114,148,160,0,106,74,98,105,43,92
"COG3580",147,181,72,42,146,152,99,68,124,152,234,148,128,218,216,148,214,124,49,116,99,95,226,61,347,186,123,108,75,210
"COG3581",134,123,80,70,143,135,102,65,115,141,216,107,109,193,205,153,210,79,53,118,85,65,154,57,309,155,97,79,56,181
"COG3583",8,16,13,0,18,9,17,14,26,5,42,38,18,35,36,19,26,8,4,17,17,13,32,1,65,49,4,14,9,35
"COG3584",26,25,21,11,40,25,17,13,24,10,59,51,30,37,32,16,35,14,10,33,20,13,43,16,76,43,20,17,18,27
"COG3585",0,0,4,1,1,0,1,1,1,1,3,0,0,1,1,0,0,0,0,0,1,0,0,0,0,0,2,0,0,0
"COG3586",5,8,6,12,2,4,6,7,2,0,7,2,9,1,9,40,13,4,0,13,9,0,9,0,28,7,6,12,57,2
"COG3587",7,70,63,48,77,80,73,31,96,48,56,23,62,73,114,33,94,148,37,23,50,64,61,0,95,59,18,56,23,92
"COG3588",2,0,4,1,2,0,0,1,0,0,2,2,2,3,0,0,1,0,3,1,4,0,0,7,1,5,2,0,0,0
"COG3589",2,1,7,0,2,0,1,13,8,2,14,3,6,2,4,0,2,14,0,11,5,0,22,6,42,5,4,5,10,2
"COG3590",20,29,24,25,26,39,33,39,27,22,13,26,29,21,15,88,50,216,119,122,118,122,154,22,70,72,89,155,49,171
"COG3591",2,2,1,0,3,0,0,0,1,7,7,6,2,0,3,3,6,0,0,11,1,1,14,27,9,5,1,2,13,5
"COG3592",0,0,1,0,0,1,0,0,0,0,0,0,2,0,0,0,0,0,0,0,0,0,0,4,0,0,0,1,2,0
"COG3593",22,17,15,55,28,14,16,8,13,33,39,28,22,35,15,15,6,3,14,14,7,1,14,62,1,11,11,3,60,8
"COG3594",70,107,98,66,64,59,46,38,63,51,64,46,35,42,55,118,61,93,37,74,76,55,85,4,15,45,45,36,42,67
"COG3595",0,1,1,0,4,2,1,0,2,0,0,0,0,1,14,8,9,0,0,1,0,0,0,0,0,4,0,5,1,0
"COG3596",0,1,5,4,12,2,2,4,1,1,0,3,6,2,1,0,1,0,3,3,5,4,1,101,1,0,13,2,1,2
"COG3597",0,1,0,0,4,2,0,0,1,0,2,0,1,0,0,1,1,0,0,0,1,1,0,0,2,0,0,0,1,1
"COG3598",12,4,0,0,4,8,4,0,3,3,37,22,5,11,6,0,1,1,0,1,1,1,4,1,18,1,0,0,2,5
"COG3599",0,4,1,0,3,0,1,0,5,2,9,6,3,8,11,16,2,4,11,11,2,3,19,1,7,36,6,6,10,13
"COG3600",6,3,14,0,17,8,7,26,3,30,17,9,1,7,12,4,7,20,10,8,0,14,10,0,1,6,26,8,7,38
"COG3601",34,24,15,7,40,23,22,16,42,44,51,32,36,29,28,26,31,10,13,17,26,13,67,18,44,51,32,25,12,22
"COG3602",6,2,5,9,1,2,0,1,0,1,0,2,0,1,3,0,0,0,0,0,4,4,0,0,0,0,7,0,1,0
"COG3603",0,5,3,0,3,1,0,2,0,1,2,4,4,3,4,2,1,1,1,3,0,0,6,2,2,0,4,2,1,0
"COG3604",31,19,70,28,48,55,60,56,70,25,23,46,81,26,25,27,42,27,26,25,98,84,5,134,2,44,72,50,111,38
"COG3605",6,0,4,1,4,0,0,0,0,1,0,1,2,0,0,1,0,0,0,4,0,2,5,46,0,0,1,2,23,0
"COG3608",29,9,19,17,36,31,11,6,16,17,19,14,22,16,41,21,27,9,5,11,13,19,24,7,26,41,49,9,1,14
"COG3609",3,0,1,0,0,0,0,2,0,0,1,0,1,2,0,2,0,0,0,0,0,0,0,9,0,0,1,1,1,0
"COG3610",32,30,46,38,15,10,13,15,24,39,34,41,21,22,22,27,27,9,21,44,17,28,44,54,14,29,35,16,37,16
"COG3611",1,1,1,0,0,1,1,1,0,0,10,2,0,33,7,2,0,0,5,1,0,0,14,1,3,8,4,0,4,3
"COG3613",1,0,1,0,1,0,0,0,0,0,1,0,0,0,3,2,0,0,0,2,0,1,39,0,2,1,1,4,7,0
"COG3615",0,0,2,1,0,0,1,1,1,1,1,0,3,0,0,0,0,0,4,2,2,0,2,14,0,0,2,0,5,0
"COG3616",6,1,18,14,8,2,1,2,5,1,3,1,11,2,6,3,3,6,15,4,18,3,0,15,2,4,5,8,4,1
"COG3617",32,45,37,21,48,32,29,10,9,28,33,53,54,22,40,8,20,86,24,53,53,12,31,15,25,35,53,80,36,118
"COG3618",1,0,0,0,1,1,0,0,1,2,3,2,0,2,0,1,0,0,0,0,6,0,2,0,0,0,0,0,0,0
"COG3619",32,30,20,13,42,34,16,16,36,57,75,40,32,25,43,42,39,4,13,29,28,11,66,25,29,32,34,16,22,22
"COG3621",0,0,0,0,0,1,0,0,1,0,0,0,1,0,0,0,0,0,0,0,0,0,4,0,0,0,0,0,0,0
"COG3622",7,2,6,7,6,3,6,0,1,3,2,5,11,6,0,0,5,0,12,11,3,6,0,47,0,1,7,3,35,1
"COG3623",3,2,4,14,1,5,3,3,0,0,7,5,5,2,0,2,2,1,3,9,1,3,8,50,1,6,13,2,33,1
"COG3624",0,0,0,2,0,1,0,0,0,0,0,1,2,2,0,0,0,0,0,1,0,0,0,21,0,1,0,0,42,0
"COG3625",2,2,2,1,2,0,1,1,2,0,0,3,1,1,3,4,0,0,1,1,0,4,1,12,0,1,2,7,45,1
"COG3626",2,0,11,2,2,1,0,0,0,0,1,3,4,1,3,2,0,0,3,1,3,5,2,25,0,0,0,5,62,1
"COG3627",2,1,5,1,2,2,3,1,4,0,0,6,4,0,9,2,3,2,1,8,0,3,0,29,1,0,0,6,78,0
"COG3628",9,8,5,5,2,2,2,0,1,0,1,2,3,6,0,0,1,2,7,16,3,1,0,2,0,1,0,1,35,0
"COG3629",9,2,2,0,0,10,6,0,3,4,1,1,3,5,6,1,1,0,1,14,7,2,0,48,0,1,0,5,3,5
"COG3633",23,26,30,5,21,17,12,6,51,9,44,82,40,27,40,19,34,16,9,36,46,23,44,36,139,27,32,18,27,31
"COG3634",74,51,68,112,46,32,77,74,68,24,26,42,78,38,30,70,42,58,64,37,51,70,9,54,5,47,55,56,52,33
"COG3635",43,56,54,55,39,76,60,53,58,30,36,36,74,43,35,53,38,69,38,52,39,81,11,29,15,50,53,84,25,76
"COG3636",4,0,0,0,0,0,0,0,0,0,0,1,1,0,0,0,0,0,0,0,0,0,2,0,0,0,0,0,3,0
"COG3637",5,0,3,7,2,1,2,4,0,1,1,1,3,0,0,1,1,0,1,10,2,1,3,129,0,0,11,0,139,1
"COG3638",9,8,8,1,17,9,4,1,3,6,3,7,13,6,9,8,2,2,5,6,2,5,14,29,1,14,2,13,12,3
"COG3639",12,6,13,3,13,21,1,5,5,5,5,9,26,7,19,9,2,3,11,8,3,2,38,15,0,13,10,25,18,10
"COG3640",26,15,10,5,11,6,11,9,19,18,21,14,23,10,18,8,17,8,2,7,4,4,46,7,7,46,29,11,3,5
"COG3641",18,25,19,8,24,19,18,10,32,10,37,46,38,13,24,27,14,7,10,16,11,12,64,7,25,24,15,8,2,18
"COG3643",29,29,52,44,12,30,39,40,44,6,16,17,35,27,25,28,19,9,37,15,23,64,3,14,1,14,32,20,4,17
"COG3645",40,48,18,23,67,34,14,8,12,26,20,31,30,14,51,22,18,95,26,85,63,8,23,20,17,34,61,56,28,100
"COG3646",15,12,9,9,19,3,3,1,0,10,9,29,21,2,8,15,1,6,23,18,13,14,15,8,18,6,11,4,90,28
"COG3647",0,0,0,1,0,0,0,0,0,0,0,0,1,1,0,0,0,0,0,1,0,0,0,1,0,0,0,0,3,0
"COG3649",20,15,11,1,20,21,28,14,14,16,29,55,13,8,14,28,12,15,13,35,19,23,52,30,6,16,42,12,14,16
"COG3650",0,3,0,0,0,0,0,0,2,1,0,0,0,0,0,0,3,0,0,0,0,1,0,0,1,1,0,1,0,2
"COG3653",20,8,20,41,11,22,9,3,7,3,5,9,3,10,6,5,11,6,20,17,5,13,32,27,3,16,4,15,11,10
"COG3654",10,8,15,24,21,16,8,1,8,14,16,8,4,7,7,3,3,3,4,12,18,2,4,2,1,8,4,5,15,1
"COG3655",25,12,28,11,22,24,19,32,29,44,31,16,18,25,26,36,16,17,22,27,18,7,32,7,12,35,28,13,27,20
"COG3657",0,0,0,0,0,0,0,0,0,0,0,0,0,0,0,0,0,0,0,0,0,0,3,0,0,0,0,0,0,0
"COG3660",0,0,0,0,1,1,0,0,0,0,0,0,0,0,0,0,0,0,0,0,0,0,0,0,0,1,0,3,9,2
"COG3661",20,55,45,47,31,37,51,65,59,29,6,37,46,26,13,59,24,65,58,21,34,83,1,4,1,17,52,83,4,62
"COG3663",30,40,31,44,40,40,38,47,29,36,43,32,51,27,37,41,32,38,35,50,48,29,21,39,24,32,36,45,48,40
"COG3664",58,29,31,27,15,20,2,5,18,59,51,15,12,8,23,7,12,7,23,19,44,17,19,4,4,31,18,13,2,13
"COG3665",1,0,0,0,5,0,0,0,1,0,0,1,0,0,1,0,4,1,1,0,4,1,0,0,1,1,0,0,0,1
"COG3666",414,100,72,394,240,713,278,503,348,121,210,168,389,200,282,59,80,344,73,96,185,50,50,32,22,105,62,103,51,106
"COG3667",0,0,2,0,0,0,0,0,0,0,0,0,0,0,0,0,0,1,0,0,1,0,1,0,0,0,0,0,0,0
"COG3668",3,0,2,1,0,1,0,0,2,3,1,17,0,0,1,0,0,0,1,2,1,0,0,24,4,1,1,0,18,1
"COG3669",305,493,368,650,243,361,337,526,351,248,220,187,396,182,180,327,306,388,394,260,435,512,152,34,35,204,395,343,203,264
"COG3671",0,0,3,0,0,0,0,1,0,0,0,1,2,1,0,0,1,0,0,1,2,0,0,0,0,1,0,0,0,0
"COG3672",0,0,0,1,0,1,0,0,0,0,0,0,1,1,0,0,0,0,0,0,0,0,0,0,0,1,0,0,0,0
"COG3675",0,0,0,0,0,0,3,9,0,0,1,0,0,0,0,0,18,10,1,1,4,3,0,0,52,0,0,0,0,6
"COG3676",10,15,29,3,22,10,18,2,2,13,2,52,4,3,17,4,19,24,23,7,29,22,0,0,2,9,30,27,22,19
"COG3677",33,33,25,13,6,30,13,5,2,8,2,7,32,12,86,17,19,11,42,17,56,12,17,134,19,10,8,2,117,22
"COG3678",0,1,4,3,0,0,1,2,2,0,1,3,2,0,0,0,0,2,0,2,0,1,4,42,0,0,5,0,24,0
"COG3679",2,0,0,0,0,0,0,0,0,0,2,0,0,0,0,0,1,0,5,0,2,0,5,0,1,2,1,0,0,0
"COG3680",0,0,1,4,1,4,0,0,0,0,0,0,2,1,0,0,0,0,0,1,0,0,0,57,0,0,0,0,0,0
"COG3681",91,68,100,120,66,76,94,109,77,71,72,101,93,85,68,83,80,112,99,109,133,92,119,83,90,56,108,91,71,75
"COG3682",36,30,45,15,38,34,31,20,29,62,48,45,26,19,36,11,8,10,4,14,6,5,20,13,3,21,10,8,8,11
"COG3683",0,0,1,0,0,0,0,0,0,0,2,0,0,0,0,0,0,0,0,0,0,0,2,0,0,0,0,0,0,0
"COG3684",0,0,0,2,0,0,1,0,0,0,1,0,1,0,1,1,1,0,3,2,1,0,1,26,1,0,3,2,17,0
"COG3685",1,0,2,1,0,0,0,0,1,1,0,0,4,0,2,0,0,1,0,8,1,0,1,26,0,0,4,0,24,0
"COG3688",50,49,17,18,78,53,48,23,102,59,110,110,56,42,89,65,70,14,22,33,32,25,115,35,73,91,74,32,10,49
"COG3689",15,12,5,5,22,12,10,0,3,7,24,13,9,9,22,19,8,3,6,9,7,5,20,36,14,14,21,2,6,9
"COG3691",0,0,1,2,1,0,0,1,1,0,1,0,3,0,0,0,0,1,0,7,0,0,1,12,0,0,3,1,15,0
"COG3692",0,0,1,0,0,0,0,1,0,0,0,0,1,0,0,0,0,0,0,2,0,0,0,12,0,0,4,0,6,0
"COG3693",41,46,27,25,74,40,54,36,71,51,19,19,19,20,33,58,34,46,59,13,24,53,12,7,13,25,46,47,6,54
"COG3694",4,1,1,6,1,1,1,0,2,0,2,3,3,2,3,1,0,1,5,1,1,0,2,1,3,12,2,5,2,1
"COG3695",30,25,29,26,7,22,26,35,26,14,10,22,16,16,7,32,23,23,25,14,20,35,10,20,15,10,22,11,27,17
"COG3696",206,358,250,391,134,213,302,237,193,81,60,123,209,86,96,161,184,273,346,108,202,302,17,32,14,120,215,322,150,149
"COG3697",12,10,7,6,1,3,6,4,7,3,15,6,4,6,5,6,8,3,2,1,10,11,40,23,22,7,6,6,7,1
"COG3698",0,1,2,1,0,0,0,0,0,1,3,1,4,0,0,0,0,0,0,1,0,0,0,40,0,0,2,0,20,0
"COG3700",0,1,5,3,0,0,0,3,1,0,0,3,2,0,0,1,0,1,0,9,0,1,3,34,0,0,3,0,23,0
"COG3701",2,0,3,1,0,0,1,4,0,0,0,0,1,0,1,1,1,2,4,6,6,0,0,0,17,0,0,3,0,2
"COG3703",0,0,1,2,0,0,0,0,0,0,0,1,1,0,0,0,0,0,0,1,0,0,0,19,0,0,4,0,10,0
"COG3704",0,0,0,0,0,1,0,0,0,0,0,0,0,0,1,0,0,0,0,0,0,0,0,8,0,0,0,0,0,0
"COG3705",29,15,13,7,52,24,33,23,37,42,57,24,27,23,63,13,13,3,4,7,8,3,16,8,22,17,7,2,9,6
"COG3706",1001,1238,883,967,440,636,795,989,396,484,270,341,513,498,461,685,693,491,500,471,690,1093,84,51,60,293,612,622,193,677
"COG3707",3,10,5,5,13,11,8,4,19,9,25,28,8,5,15,12,13,6,3,15,11,8,24,3,56,23,8,26,8,9
"COG3708",17,3,18,4,21,6,8,3,7,29,8,7,7,11,37,6,18,5,15,7,3,3,17,14,1,11,5,5,7,3
"COG3709",1,0,0,0,0,0,0,0,1,0,1,1,1,0,0,0,0,0,0,0,0,0,1,15,0,0,0,0,13,0
"COG3710",1,1,8,8,0,0,5,4,0,2,1,2,2,0,0,1,0,1,0,11,3,2,4,140,0,0,9,1,97,0
"COG3711",43,96,120,74,60,33,54,97,60,105,156,155,78,46,52,33,110,36,116,77,70,47,291,371,461,82,246,36,164,49
"COG3712",709,732,1051,1160,280,481,783,1047,307,377,211,383,558,520,244,534,743,581,805,596,493,838,65,1,28,250,638,532,271,427
"COG3713",0,0,13,4,0,1,5,0,0,0,0,1,2,0,0,1,1,1,5,7,0,3,4,66,0,0,6,2,36,1
"COG3714",0,0,0,2,0,0,0,0,0,0,0,0,0,0,0,1,0,2,0,5,0,2,2,21,0,0,5,2,18,0
"COG3715",16,41,35,24,14,13,25,15,10,15,50,96,18,11,16,13,41,12,29,38,51,38,77,114,195,22,84,20,99,14
"COG3716",20,37,28,21,11,10,20,17,19,19,65,96,23,17,11,21,61,15,28,54,57,18,67,156,193,15,90,21,103,17
"COG3717",51,108,84,71,48,57,87,76,79,50,46,73,65,29,42,74,73,88,54,53,50,120,35,39,28,56,103,67,23,52
"COG3718",4,3,3,0,5,7,10,22,2,3,7,7,7,8,4,3,4,2,2,4,2,0,2,3,13,5,2,2,0,3
"COG3719",0,0,1,2,1,0,0,0,1,0,1,2,3,0,0,0,0,0,0,2,0,2,1,44,0,0,4,3,15,1
"COG3720",0,0,0,1,0,0,3,0,0,0,0,3,0,0,0,0,0,0,0,0,0,2,1,1,0,0,1,0,0,0
"COG3721",0,0,2,0,0,0,7,0,3,0,0,5,0,1,0,1,2,1,0,0,3,3,1,2,0,0,0,5,0,0
"COG3722",0,0,2,3,0,0,2,0,0,1,1,0,9,0,0,0,1,1,0,4,0,2,3,62,0,0,3,2,37,1
"COG3723",7,5,3,7,41,5,23,0,16,4,6,27,3,2,15,33,2,7,22,6,11,10,2,27,3,14,10,9,2,11
"COG3724",0,0,1,0,0,0,0,1,0,0,0,1,1,0,0,0,0,0,1,2,1,0,4,20,1,0,3,1,20,0
"COG3725",1,0,2,1,0,0,0,0,1,1,0,0,2,0,0,0,0,0,0,2,0,2,1,15,0,0,1,0,14,0
"COG3726",1,0,0,2,0,0,1,2,0,0,1,0,1,0,1,0,0,0,0,2,0,0,0,20,0,0,1,0,8,0
"COG3727",35,18,8,18,17,10,16,26,29,23,42,11,13,24,8,5,30,27,29,35,7,27,21,26,24,38,33,24,32,37
"COG3728",1,0,0,0,2,0,3,1,4,6,6,3,2,3,9,5,10,1,3,7,7,8,6,6,3,2,9,2,73,7
"COG3729",0,0,1,1,0,0,0,0,0,0,0,0,1,0,0,0,0,0,0,1,0,0,0,7,0,0,3,0,8,0
"COG3730",0,0,0,3,0,0,5,18,0,0,1,0,1,1,0,0,22,2,2,3,4,1,2,15,76,0,5,1,12,2
"COG3731",1,3,3,1,2,0,1,9,0,0,4,1,0,1,0,0,11,3,2,8,5,0,3,16,50,2,4,3,9,4
"COG3732",1,0,2,1,1,1,3,7,0,2,7,1,4,3,1,0,23,4,3,4,9,1,4,21,93,0,10,2,13,10
"COG3733",0,0,2,0,0,0,0,0,0,1,0,0,4,0,0,0,0,1,1,5,0,0,0,34,1,0,5,0,0,1
"COG3734",2,1,3,10,3,2,4,3,1,1,3,0,4,3,0,2,0,0,0,11,6,4,4,72,1,15,11,9,22,1
"COG3735",23,17,20,14,5,12,16,8,1,11,12,6,17,8,14,11,13,1,15,16,4,28,2,31,0,9,12,6,21,10
"COG3736",3,0,0,0,0,0,0,0,0,0,1,0,0,0,1,0,0,0,0,0,0,0,1,5,0,1,0,0,0,0
"COG3738",1,14,2,0,12,5,1,3,4,7,11,2,6,14,3,2,3,1,7,6,0,0,13,18,2,2,2,1,16,13
"COG3740",1,8,2,5,10,4,14,6,9,3,3,20,8,7,5,0,3,2,6,20,16,8,11,15,60,4,11,7,23,6
"COG3741",4,0,1,0,0,0,0,0,0,0,0,0,1,0,0,0,0,0,2,0,0,0,1,0,0,0,4,0,0,0
"COG3744",1,3,0,0,0,1,0,0,0,2,0,0,0,0,0,0,0,2,3,2,1,0,0,0,0,0,0,1,0,0
"COG3745",0,3,0,0,1,0,0,0,0,0,0,0,0,0,0,0,0,0,0,3,0,0,0,5,0,2,0,2,0,0
"COG3746",13,32,35,52,37,31,38,60,28,11,12,18,25,12,5,44,47,44,39,24,38,32,7,1,1,40,35,31,19,7
"COG3747",18,0,18,3,7,1,7,1,2,15,5,7,0,7,0,0,2,0,15,3,1,1,1,4,1,2,9,3,14,2
"COG3753",0,0,2,2,0,0,0,2,1,0,0,1,1,0,0,0,0,0,0,2,1,0,0,14,0,0,4,0,6,0
"COG3754",23,33,36,23,15,21,18,22,7,19,8,10,14,15,9,92,30,59,53,49,55,27,16,1,0,72,47,53,23,34
"COG3755",0,0,1,0,0,0,0,0,0,0,0,0,1,0,0,0,0,1,0,3,0,0,0,14,0,0,1,0,18,0
"COG3756",0,0,0,0,0,0,0,0,0,0,0,0,0,0,0,0,0,0,0,0,0,0,0,0,0,0,0,0,16,0
"COG3757",82,70,43,30,176,48,70,36,135,202,130,101,120,148,148,115,108,153,48,110,68,33,148,62,89,196,60,72,38,154
"COG3758",0,0,6,5,0,0,0,0,0,2,0,0,2,1,2,0,0,1,2,2,1,2,0,21,0,0,0,3,13,0
"COG3759",0,0,0,0,0,0,0,0,0,0,3,0,0,0,0,0,0,0,2,0,1,0,4,0,1,0,0,0,0,0
"COG3760",24,13,32,13,30,17,17,24,24,22,35,27,16,23,40,28,24,11,25,24,25,23,36,14,29,37,18,23,14,17
"COG3762",2,0,0,0,0,0,0,0,2,1,1,1,0,2,0,0,1,2,7,1,0,0,0,0,0,0,0,1,1,1
"COG3763",0,0,1,0,0,0,0,0,0,0,1,0,0,4,1,0,0,0,1,3,1,0,5,0,1,1,0,0,0,0
"COG3764",10,13,42,11,69,29,15,5,36,73,83,37,40,52,44,38,34,4,20,41,10,6,155,15,155,117,36,32,64,31
"COG3765",0,0,10,6,0,0,1,2,1,2,0,3,3,0,0,2,0,0,2,14,0,2,7,70,1,0,7,1,63,1
"COG3766",0,0,0,2,0,0,0,0,0,1,0,1,1,0,0,0,0,0,0,0,0,0,0,2,0,0,0,1,0,0
"COG3768",0,0,2,6,0,0,1,0,0,0,0,0,2,0,1,0,1,1,0,4,0,0,2,32,0,1,5,0,16,0
"COG3769",0,0,0,0,0,0,1,0,0,0,0,0,1,0,0,0,0,0,0,1,0,0,1,12,0,0,1,0,3,0
"COG3770",0,1,1,1,0,0,0,0,0,0,0,0,3,0,0,0,1,0,0,3,0,1,2,25,0,0,2,1,19,0
"COG3771",0,0,0,1,0,0,0,0,0,0,1,0,2,0,0,0,0,0,0,0,0,0,1,9,0,0,1,0,9,1
"COG3772",3,0,5,4,7,6,8,2,13,1,0,4,36,6,1,3,1,4,2,21,6,3,3,25,5,2,7,1,148,2
"COG3773",47,37,21,9,61,41,38,14,24,43,72,24,33,70,73,50,43,7,12,24,20,10,46,24,21,90,43,11,12,35
"COG3774",33,57,113,76,46,24,58,61,78,74,66,43,55,37,14,55,57,49,51,50,38,55,45,8,7,44,57,56,29,43
"COG3775",33,53,50,66,14,52,83,100,54,39,28,52,68,31,20,46,53,98,41,39,63,58,16,65,144,34,74,41,16,97
"COG3776",0,0,0,0,0,0,0,0,1,0,0,0,2,0,0,0,0,0,0,0,0,0,1,11,0,0,1,0,0,0
"COG3778",0,0,1,0,0,0,0,0,2,1,0,0,0,2,0,1,0,0,0,0,1,0,0,1,0,0,0,0,0,0
"COG3779",0,0,0,1,0,0,0,0,0,0,2,0,4,0,0,0,0,0,0,0,0,0,0,19,0,0,0,0,0,0
"COG3781",0,0,5,1,0,0,1,0,0,0,0,0,0,0,0,0,0,0,0,2,0,1,1,18,0,0,0,4,18,0
"COG3783",0,0,0,1,0,0,1,0,0,0,0,0,2,0,0,0,0,1,1,2,0,0,2,11,0,0,2,0,4,0
"COG3784",1,0,2,1,0,0,1,0,0,0,0,0,0,0,0,0,0,0,0,2,0,1,0,9,1,0,1,0,11,0
"COG3785",0,0,1,0,0,0,0,1,0,1,0,1,0,0,0,0,1,0,0,2,0,1,2,18,0,0,2,0,11,1
"COG3786",7,1,0,1,4,1,5,0,0,3,9,2,5,2,28,2,0,0,2,0,2,0,0,3,2,0,1,1,4,1
"COG3787",1,0,1,0,0,0,0,0,0,0,1,1,4,2,0,1,0,1,2,6,0,0,0,17,0,0,0,5,19,1
"COG3788",0,0,1,1,0,0,2,0,0,0,0,0,2,0,0,0,0,0,0,4,0,1,1,17,0,0,0,0,13,0
"COG3789",0,0,2,1,0,0,0,0,0,0,0,0,0,0,0,0,0,0,0,2,0,0,0,5,0,0,1,0,0,0
"COG3790",0,0,3,0,0,0,0,0,0,0,0,0,0,0,0,0,0,0,0,4,0,1,1,10,0,0,1,0,7,0
"COG3791",1,0,0,0,0,0,0,0,0,0,1,0,0,0,0,0,0,0,0,0,0,0,0,0,0,0,0,0,0,0
"COG3793",0,0,0,0,0,0,0,0,0,0,1,0,0,0,0,0,0,0,0,0,0,0,0,0,0,0,0,0,9,0
"COG3794",0,0,0,0,0,0,1,0,0,0,0,0,0,0,0,0,0,0,0,0,0,0,0,0,0,0,0,0,0,0
"COG3797",0,0,1,0,0,1,1,0,0,0,4,0,0,1,0,1,0,1,2,0,0,1,0,6,0,2,7,4,3,0
"COG3799",0,0,6,4,0,0,2,0,0,0,0,1,0,1,0,0,0,2,1,5,0,9,0,0,1,3,0,2,0,2
"COG3804",3,1,5,4,1,8,0,0,0,7,8,6,8,62,6,12,5,1,8,2,10,2,9,9,9,28,13,6,9,4
"COG3808",23,28,33,35,23,50,46,36,51,17,21,29,32,22,30,98,73,75,117,64,133,176,45,41,18,99,102,141,63,76
"COG3811",0,0,0,2,0,0,0,0,0,0,0,0,0,0,0,0,0,0,0,0,0,0,0,0,0,0,0,0,0,0
"COG3815",0,0,2,3,0,0,0,0,0,0,0,0,0,10,0,3,1,0,5,9,1,0,0,0,1,1,0,2,1,1
"COG3817",3,2,6,7,1,1,4,0,6,3,2,1,0,2,4,2,1,3,1,2,1,1,14,1,5,2,3,4,2,2
"COG3819",3,1,7,9,0,0,1,0,2,2,10,0,1,4,2,0,0,1,1,5,1,2,18,1,4,2,3,0,3,0
"COG3822",19,6,15,3,6,15,10,5,0,3,3,7,8,13,5,7,22,5,19,13,9,10,0,3,0,21,3,10,4,10
"COG3823",0,0,0,0,0,0,0,1,1,0,1,0,0,5,0,2,0,2,24,8,1,4,0,0,0,3,0,13,6,6
"COG3824",0,0,0,0,1,0,1,0,0,0,0,0,0,0,0,0,0,0,0,1,0,0,10,0,0,0,0,3,1,0
"COG3825",5,10,0,0,2,5,1,1,2,0,3,2,4,4,2,1,5,1,8,6,3,1,0,6,0,1,0,2,0,0
"COG3828",0,0,1,0,2,0,1,0,0,0,0,0,0,0,0,1,0,0,3,2,0,0,0,1,0,4,0,1,1,0
"COG3829",71,68,89,131,30,23,75,56,56,85,54,150,55,49,36,37,61,45,87,98,93,72,70,326,247,18,93,55,32,22
"COG3830",77,54,59,76,70,72,81,80,62,61,46,56,63,45,48,72,57,73,54,76,51,57,41,8,30,46,59,90,29,53
"COG3831",2,1,2,7,0,0,0,1,0,4,0,4,4,1,0,7,8,2,6,13,15,22,2,59,0,3,12,12,75,3
"COG3832",0,0,0,0,0,0,0,0,1,0,0,0,0,0,0,0,0,0,0,0,0,0,1,0,0,0,0,0,0,0
"COG3833",16,21,21,10,63,16,47,6,71,99,58,8,23,7,27,21,48,11,3,20,16,8,68,40,45,84,33,9,28,28
"COG3835",7,10,5,8,10,3,7,7,9,2,10,7,14,5,5,2,1,2,14,23,15,3,30,84,7,9,23,2,31,5
"COG3836",6,1,5,9,5,4,5,5,11,3,9,5,5,7,5,0,0,4,9,7,8,3,8,31,0,7,10,12,23,2
"COG3837",4,2,0,0,2,3,0,0,1,0,0,0,0,0,1,0,0,0,2,2,1,1,0,2,0,0,0,0,4,3
"COG3839",24,19,20,21,51,19,19,15,39,31,33,36,20,18,40,70,81,21,56,83,52,56,201,187,77,181,93,79,105,67
"COG3840",0,0,3,1,0,0,0,1,0,0,1,0,1,0,0,0,0,0,0,2,2,2,1,22,0,0,0,1,13,0
"COG3842",119,126,143,130,124,94,116,105,124,96,102,125,118,63,104,124,125,131,88,114,100,124,140,174,103,149,138,136,105,105
"COG3843",174,112,150,43,240,143,95,63,133,230,245,261,110,157,209,137,145,40,116,137,80,58,181,39,141,318,131,98,41,112
"COG3845",74,48,29,32,106,80,59,12,61,34,88,120,63,58,57,65,36,18,53,88,64,34,83,91,51,140,83,75,50,50
"COG3846",2,0,0,0,0,1,0,0,0,0,1,0,0,1,0,0,1,0,0,3,1,0,0,0,5,0,0,0,0,2
"COG3848",12,22,11,2,26,24,9,4,18,16,47,71,8,10,24,10,5,2,5,4,3,7,6,0,2,11,0,6,2,6
"COG3850",3,1,15,11,0,2,6,2,4,0,1,4,17,4,0,3,2,2,0,13,5,2,6,95,1,0,14,7,79,2
"COG3851",2,5,2,0,0,1,6,4,2,7,11,6,3,2,6,1,0,0,1,3,4,1,0,42,0,9,6,3,22,3
"COG3852",5,2,9,15,0,2,6,3,4,2,0,1,21,4,0,2,12,3,1,6,8,2,6,46,1,0,1,5,25,0
"COG3853",22,17,34,4,31,13,9,14,37,24,58,56,30,18,27,43,21,13,17,30,11,6,69,10,55,59,43,17,17,22
"COG3854",27,24,21,11,47,47,19,15,41,31,52,54,39,41,54,44,42,7,16,14,10,11,63,18,23,50,23,17,9,23
"COG3855",137,121,97,119,116,129,113,134,175,141,117,131,123,87,104,128,109,150,124,162,167,113,108,54,159,111,131,138,44,142
"COG3856",1,0,1,0,0,0,0,1,0,0,9,0,3,8,3,3,5,1,2,4,2,0,10,0,20,10,4,3,5,0
"COG3857",73,74,36,27,161,104,95,49,114,138,201,157,119,164,201,123,133,40,45,109,78,52,187,34,280,175,84,75,38,87
"COG3858",44,50,26,26,76,34,36,27,35,107,82,39,46,74,68,39,72,16,36,31,41,17,53,74,46,85,50,14,13,22
"COG3859",18,13,13,4,23,20,18,9,13,23,40,24,26,13,24,16,27,3,12,8,9,9,38,7,13,28,24,12,10,20
"COG3860",0,0,0,0,0,0,0,0,0,1,0,0,2,0,0,0,0,0,1,0,1,0,1,0,0,0,0,0,3,0
"COG3862",6,10,9,10,23,14,5,8,14,18,15,17,12,8,11,9,7,6,5,12,9,7,18,16,13,10,11,10,8,7
"COG3863",0,0,0,0,0,0,0,0,0,0,0,1,1,0,0,0,0,0,0,0,0,0,7,0,0,0,1,0,0,0
"COG3864",4,0,2,0,2,4,1,0,3,1,5,0,4,24,5,0,1,1,1,13,11,1,11,0,2,1,2,11,1,0
"COG3866",14,48,25,2,19,32,11,5,14,24,18,21,51,15,13,42,8,81,20,26,5,9,12,0,1,11,2,19,0,6
"COG3867",53,43,52,33,134,60,64,51,77,226,95,26,27,19,59,37,40,50,43,26,40,40,21,0,118,108,64,23,4,60
"COG3868",3,2,0,0,5,1,8,0,7,0,5,1,1,0,4,2,0,0,0,0,1,1,0,0,2,4,0,1,0,2
"COG3869",12,2,4,8,19,13,7,5,9,4,36,4,14,44,21,24,24,7,3,21,13,4,7,15,58,20,9,18,13,31
"COG3870",3,3,3,3,6,7,4,0,4,6,18,7,2,4,6,5,3,0,7,6,6,3,15,7,6,11,8,5,6,4
"COG3871",31,30,43,71,13,22,35,59,4,16,14,16,17,18,13,24,28,21,25,23,16,27,1,4,2,7,28,12,7,8
"COG3872",32,28,21,13,61,33,16,20,61,50,66,69,40,34,83,48,37,11,22,47,26,18,53,26,70,58,42,29,10,35
"COG3874",3,4,7,0,8,4,5,1,16,3,15,29,12,12,6,9,5,5,0,9,4,4,6,0,6,19,5,10,5,10
"COG3875",22,9,18,19,13,20,26,13,20,18,14,40,24,29,24,15,12,17,32,61,43,20,9,58,79,20,26,37,18,12
"COG3876",63,70,73,86,45,63,74,45,81,20,30,37,61,32,25,62,39,40,93,45,38,48,3,0,2,38,37,68,28,34
"COG3877",2,9,5,0,4,0,7,3,3,2,0,2,2,3,1,1,2,3,13,2,3,2,0,0,0,3,5,1,2,2
"COG3878",2,1,12,0,6,9,1,0,3,1,3,2,4,22,0,0,0,2,8,2,0,6,0,0,0,8,0,1,1,2
"COG3879",1,0,6,1,0,0,2,3,10,5,16,4,11,73,15,6,10,8,1,15,5,0,39,1,97,18,7,7,21,4
"COG3880",11,4,4,5,1,4,8,6,7,8,22,2,8,17,12,1,13,3,4,10,9,4,4,18,32,8,4,4,10,13
"COG3881",0,0,0,0,0,0,0,0,0,0,0,0,0,0,0,0,0,2,0,0,2,0,0,0,14,0,0,0,0,0
"COG3882",8,32,87,8,30,33,14,11,11,7,9,3,5,13,13,7,17,5,3,10,18,41,1,10,0,27,5,7,5,8
"COG3883",3,3,5,3,6,13,2,1,4,0,13,7,13,48,23,4,2,0,2,17,9,1,16,1,4,30,7,6,8,7
"COG3884",61,54,40,51,60,58,53,68,48,75,57,67,55,65,80,66,63,47,51,64,55,35,74,12,21,67,52,46,26,60
"COG3885",8,0,0,2,0,0,1,1,0,1,0,0,2,2,0,0,0,2,1,2,4,2,6,18,0,0,0,2,1,0
"COG3886",16,43,40,14,29,8,32,30,33,75,68,12,48,16,72,41,64,71,24,99,51,36,117,34,126,14,59,20,24,12
"COG3887",56,83,35,24,112,85,62,44,83,124,175,112,92,144,149,73,105,27,46,63,60,35,198,47,223,135,84,47,32,72
"COG3892",0,0,1,1,0,0,0,2,6,0,0,0,0,0,0,0,0,1,1,0,0,0,0,0,0,1,0,0,0,1
"COG3893",21,3,6,1,36,32,3,5,1,1,2,1,7,13,2,10,3,10,50,19,4,2,0,0,0,19,3,18,11,6
"COG3894",21,10,6,7,29,26,20,26,33,31,40,24,11,19,33,27,18,1,8,32,7,7,45,1,10,66,57,21,6,15
"COG3895",0,0,1,0,0,0,0,0,0,1,0,1,0,1,0,0,0,0,0,1,0,0,2,4,0,0,1,0,6,0
"COG3896",0,0,0,0,0,1,0,0,0,0,0,0,0,0,0,0,0,0,0,0,0,0,0,0,0,1,0,0,6,4
"COG3899",3,0,1,0,0,1,0,1,1,1,0,2,1,0,1,2,0,0,1,5,8,2,0,37,0,1,1,3,4,3
"COG3901",1,1,0,0,7,1,0,0,1,2,7,0,2,1,2,0,1,3,1,0,1,0,3,0,0,1,0,1,0,1
"COG3903",0,0,0,1,0,0,0,0,1,0,0,0,0,0,0,0,0,0,0,0,0,0,1,0,0,0,0,0,0,0
"COG3906",0,0,0,0,0,0,0,1,0,0,1,0,0,0,0,0,0,0,4,0,0,0,4,2,2,0,1,0,1,0
"COG3907",2,0,0,0,0,0,1,0,0,0,0,0,0,2,0,1,0,0,0,0,0,0,0,0,0,0,0,0,0,0
"COG3910",15,13,16,4,17,18,7,5,27,77,48,31,25,27,30,8,12,4,12,9,41,6,52,1,13,29,8,12,8,8
"COG3911",0,0,1,0,1,3,0,0,0,0,0,0,0,0,0,0,0,0,11,0,0,0,0,0,0,0,0,4,0,0
"COG3915",0,0,1,0,0,0,0,0,0,0,0,0,0,0,0,0,0,0,0,0,0,0,4,0,0,0,0,0,0,0
"COG3919",26,23,30,38,10,49,6,21,11,3,9,11,23,15,7,28,4,10,15,17,24,9,42,1,0,18,5,19,12,30
"COG3920",2,0,4,0,3,4,6,6,5,1,5,4,4,6,4,1,9,3,14,27,16,4,24,0,100,2,22,11,4,7
"COG3923",0,0,1,0,0,0,1,2,0,0,1,0,2,0,0,0,0,0,0,2,0,0,0,19,0,0,0,2,6,0
"COG3924",0,0,1,1,0,0,1,1,2,0,2,0,3,0,1,0,0,0,0,1,0,1,2,9,0,0,1,0,11,1
"COG3925",0,1,3,1,0,0,2,1,0,1,0,1,0,0,1,0,0,0,0,4,2,2,0,26,0,0,0,2,31,0
"COG3926",15,6,60,8,6,16,12,5,4,14,8,2,8,10,3,16,7,1,0,2,5,10,0,0,0,3,4,13,1,35
"COG3933",11,11,4,19,6,5,21,64,22,16,26,13,7,18,11,11,59,48,20,42,45,4,61,23,390,4,59,15,29,18
"COG3934",16,0,0,0,6,18,0,0,5,0,0,0,3,2,6,0,0,0,0,2,1,1,0,0,0,0,1,4,1,0
"COG3935",31,31,17,13,47,28,29,7,36,37,83,64,34,64,58,44,41,3,20,22,19,15,77,32,24,45,51,23,16,21
"COG3936",0,3,4,0,9,1,1,0,2,6,4,1,4,16,10,1,5,0,8,14,3,0,5,0,0,6,2,0,3,7
"COG3937",2,1,1,1,2,1,3,3,0,5,1,3,1,2,1,3,3,0,1,2,0,0,10,4,1,3,8,1,4,2
"COG3938",2,1,4,6,4,0,1,0,5,3,2,3,4,4,0,3,0,1,2,4,1,2,1,4,1,0,2,1,3,0
"COG3940",71,84,89,98,34,53,67,59,42,34,45,35,82,41,53,32,63,32,35,49,39,76,64,7,119,30,57,64,70,23
"COG3941",13,1,0,4,2,4,0,1,8,1,1,0,0,0,2,0,1,0,3,1,10,1,0,0,0,2,0,0,0,0
"COG3942",2,1,0,0,1,1,0,0,3,0,21,0,0,0,0,0,0,0,28,10,8,0,57,0,54,2,7,7,24,1
"COG3943",127,191,125,137,140,123,78,109,84,97,118,107,91,142,139,228,96,207,174,191,170,110,73,19,26,124,123,140,78,185
"COG3944",32,29,21,4,54,36,35,19,46,80,107,57,32,108,63,26,48,10,16,40,15,10,111,37,93,72,26,28,36,40
"COG3945",0,0,0,0,0,0,3,7,0,0,0,0,2,0,0,0,7,1,1,8,0,0,0,0,19,0,1,1,3,1
"COG3947",4,6,5,0,2,2,3,1,3,2,2,0,1,1,1,8,1,2,3,7,0,2,5,9,0,1,0,6,7,5
"COG3948",23,5,4,2,11,4,1,1,4,16,2,32,10,3,9,4,6,4,1,32,18,2,0,10,0,6,1,3,65,5
"COG3949",9,1,7,2,12,32,6,4,33,2,19,15,23,32,11,5,7,1,12,5,22,5,31,18,21,12,7,17,11,2
"COG3950",51,75,60,142,37,48,64,187,138,76,67,120,73,65,53,90,53,96,48,89,58,77,99,0,25,51,69,43,15,80
"COG3951",1,1,3,2,3,0,1,1,1,2,1,2,7,1,1,0,1,1,1,4,1,2,1,36,0,0,7,6,22,0
"COG3952",1,1,2,2,1,0,2,2,2,2,0,0,2,0,0,0,3,9,5,0,6,1,0,0,0,1,7,2,3,1
"COG3953",0,0,0,0,1,0,0,0,2,1,0,0,0,0,0,0,0,0,0,0,0,0,0,0,0,0,0,0,0,0
"COG3954",1,0,5,2,0,0,1,0,2,0,1,2,3,0,0,1,0,0,0,3,1,1,2,46,0,0,7,0,20,1
"COG3955",1,1,11,0,8,0,14,1,0,0,15,0,2,2,11,9,0,1,11,6,3,0,4,0,2,3,1,7,0,2
"COG3956",36,22,21,23,21,26,20,24,38,21,19,51,41,33,27,43,23,44,27,34,30,29,30,7,77,31,20,49,17,43
"COG3957",32,29,8,5,42,22,23,10,53,25,34,13,15,106,62,18,54,7,16,25,22,12,56,0,61,12,18,14,36,18
"COG3958",42,60,67,25,85,86,72,29,86,81,115,88,39,80,89,80,65,9,31,51,55,65,94,78,36,127,61,38,30,45
"COG3959",35,54,54,50,75,66,70,63,56,84,101,75,32,87,79,74,46,22,33,86,43,46,89,71,21,115,82,29,38,45
"COG3960",0,1,1,2,0,0,2,0,0,0,2,0,4,0,0,0,0,0,0,2,1,1,0,28,0,0,6,2,15,0
"COG3961",5,0,0,0,0,0,0,0,1,0,0,0,0,0,0,0,0,0,0,0,0,0,0,0,0,0,0,1,0,0
"COG3962",4,9,1,2,2,6,4,14,10,4,8,5,6,2,6,3,19,11,4,5,2,1,14,0,91,2,1,6,2,8
"COG3963",0,0,1,0,0,0,0,0,0,0,0,0,0,0,0,0,0,0,2,0,0,0,0,0,0,0,0,0,0,0
"COG3964",19,7,7,13,2,9,2,15,9,1,4,11,12,6,13,5,5,8,7,5,19,11,6,27,50,3,3,8,6,2
"COG3965",1,1,2,0,2,2,3,0,0,5,7,1,5,1,2,8,3,1,4,3,3,0,4,0,0,8,5,2,3,0
"COG3966",3,1,0,0,1,0,2,0,0,1,3,0,3,0,0,2,1,0,3,2,1,0,25,0,1,6,2,2,2,0
"COG3967",1,0,0,0,0,0,0,0,1,0,0,1,0,0,0,0,0,0,0,0,0,1,0,0,0,0,0,0,0,0
"COG3968",245,236,225,275,238,277,313,216,329,226,213,221,274,158,253,274,221,287,255,214,241,302,136,66,61,259,221,307,132,280
"COG3969",105,95,99,103,21,92,81,141,48,35,30,57,79,57,35,130,77,56,81,48,42,90,10,64,6,36,61,49,104,90
"COG3971",0,0,3,3,0,1,0,1,0,2,1,3,5,0,1,1,0,0,1,5,0,1,3,17,0,1,8,0,20,2
"COG3972",73,2,9,3,1,36,3,2,8,21,13,4,0,2,5,4,3,0,2,3,7,1,3,0,124,4,27,3,0,5
"COG3973",62,32,49,80,55,78,49,71,127,50,64,60,51,186,61,39,53,15,43,37,46,54,144,56,78,56,62,23,38,27
"COG3975",0,0,4,0,0,0,0,0,3,0,1,0,9,4,0,1,3,3,0,0,1,0,0,0,0,0,0,2,0,3
"COG3976",16,3,22,11,14,2,7,5,25,9,24,22,9,8,5,21,15,13,2,8,24,9,34,0,0,13,11,11,1,4
"COG3977",0,0,6,3,0,3,2,1,0,2,0,0,5,0,0,0,0,0,0,5,0,1,4,68,1,0,4,1,56,7
"COG3978",0,0,1,2,0,0,0,1,0,0,0,0,1,0,0,0,0,1,0,1,0,0,1,12,0,0,2,0,6,0
"COG3979",3,0,5,0,3,5,0,0,1,0,1,3,7,5,1,0,1,0,0,0,6,0,2,0,0,17,0,2,0,2
"COG3980",9,9,34,8,12,31,23,18,4,4,3,6,12,16,11,27,12,4,11,11,9,20,1,0,0,16,8,12,13,10
"COG3981",5,9,1,3,10,2,5,5,5,14,31,24,6,45,6,12,18,1,5,7,7,6,23,8,15,17,2,6,4,5
"COG4001",38,29,31,50,33,35,27,63,42,67,45,28,19,29,34,61,206,74,91,164,85,141,55,13,228,111,118,103,92,196
"COG4012",0,0,0,1,0,0,0,0,1,0,0,0,1,0,0,0,0,0,0,0,1,0,0,0,0,0,0,0,0,0
"COG4021",1,0,0,0,2,1,1,0,0,1,2,1,0,0,5,0,42,0,1,1,0,2,0,0,12,1,5,0,0,0
"COG4032",10,7,1,0,1,16,9,8,1,3,4,6,3,4,2,1,7,7,25,2,15,2,4,7,2,2,12,2,8,1
"COG4034",0,0,0,0,0,0,0,0,0,3,0,0,0,0,1,0,0,3,0,0,0,0,0,0,0,0,0,0,0,0
"COG4043",1,0,0,0,2,1,2,0,1,1,2,0,0,30,13,4,4,0,0,1,0,0,2,0,0,10,0,0,1,0
"COG4085",1,0,1,0,0,1,0,1,0,1,1,2,0,0,0,0,2,0,1,0,10,0,0,0,0,0,0,8,0,0
"COG4086",5,3,11,4,6,8,7,5,17,17,15,7,14,3,11,11,13,4,3,6,5,5,39,0,13,9,21,1,3,3
"COG4087",1,0,0,0,0,0,0,0,0,0,1,2,0,0,0,0,0,0,0,0,2,0,0,2,0,0,2,0,1,0
"COG4091",0,2,0,4,0,0,2,15,0,2,1,0,0,0,0,0,3,0,2,2,2,0,0,4,25,1,1,0,1,1
"COG4095",3,0,0,0,1,1,0,0,0,0,0,0,0,4,0,0,0,0,0,0,0,0,1,0,0,0,0,0,0,0
"COG4096",69,119,87,174,96,55,85,177,178,169,37,205,100,84,201,140,130,63,102,119,203,91,337,5,212,94,60,102,35,95
"COG4097",0,0,3,1,0,0,1,0,0,1,6,0,2,0,1,0,1,0,2,0,16,1,1,0,2,0,1,5,0,0
"COG4098",0,1,0,0,1,0,1,0,1,0,8,0,0,1,2,1,1,0,6,2,4,1,26,0,1,0,5,0,0,0
"COG4099",19,35,29,35,4,19,35,15,12,16,30,11,16,12,25,14,5,64,25,25,39,32,20,1,1,14,30,31,16,35
"COG4100",33,37,19,15,53,39,24,16,59,57,79,56,42,107,77,48,38,10,27,52,38,23,88,15,61,85,21,34,15,38
"COG4104",5,3,0,1,1,1,3,1,0,1,0,3,7,1,0,0,2,2,6,0,0,0,0,0,0,0,2,0,5,0
"COG4105",10,0,4,2,4,0,0,1,3,2,2,3,6,3,0,3,3,1,1,1,6,3,3,27,0,0,4,3,17,0
"COG4106",1,0,2,4,1,1,1,0,5,0,0,3,5,1,4,0,0,0,1,0,1,1,2,9,1,5,2,2,12,0
"COG4107",1,0,5,2,0,1,0,1,3,0,0,3,5,0,4,0,1,2,0,2,0,2,2,19,1,0,4,2,59,0
"COG4108",102,116,106,64,142,114,100,78,106,128,112,147,102,77,140,97,133,139,92,105,123,111,126,85,122,146,88,91,75,113
"COG4109",0,1,0,0,0,0,0,0,0,0,0,1,0,0,1,0,0,0,6,0,3,0,2,0,1,0,0,2,3,0
"COG4110",0,0,0,0,0,0,0,0,0,0,0,0,0,2,0,0,0,1,4,0,0,0,0,0,0,4,0,0,1,0
"COG4112",0,0,0,0,0,0,1,0,0,0,0,0,0,0,0,0,0,0,0,0,0,0,0,0,0,0,0,0,4,2
"COG4114",0,0,4,3,0,0,2,0,1,0,0,0,2,0,0,1,0,0,0,0,1,0,2,32,0,0,5,0,11,0
"COG4115",24,26,33,2,29,88,39,24,5,39,23,15,11,27,9,47,35,14,35,31,15,11,11,8,13,20,6,11,12,23
"COG4116",0,0,0,0,3,1,1,0,0,0,1,3,0,0,1,0,1,0,2,0,2,2,12,0,0,4,9,0,0,0
"COG4117",0,0,5,3,0,0,1,0,0,0,0,0,3,0,0,0,0,0,0,0,0,0,0,18,0,0,0,0,10,1
"COG4120",47,45,47,19,77,55,31,10,68,93,95,87,47,26,71,35,40,15,27,45,39,37,79,30,45,83,45,50,27,44
"COG4121",26,26,36,28,10,37,33,22,37,21,14,12,26,7,4,19,24,35,32,24,20,29,8,35,1,15,18,28,41,15
"COG4122",64,47,40,65,55,50,54,62,52,58,49,24,57,64,58,60,43,48,62,35,53,64,56,18,48,38,54,54,28,43
"COG4123",62,57,56,40,71,62,68,56,73,66,64,72,82,74,75,69,69,49,74,50,47,32,56,40,70,70,71,52,44,52
"COG4124",30,31,45,39,95,36,20,39,56,34,21,17,26,24,26,40,35,109,31,51,40,83,16,11,4,57,51,44,9,46
"COG4125",0,0,0,0,0,0,0,0,0,0,2,0,0,0,0,0,0,0,0,0,2,0,2,0,0,0,0,0,0,0
"COG4126",7,0,2,0,0,2,7,1,0,1,1,0,1,0,4,2,0,0,1,10,1,1,2,3,2,0,0,5,1,6
"COG4127",1,3,2,0,0,1,0,0,8,7,3,0,0,1,0,0,0,0,1,4,0,2,0,0,1,4,0,0,9,0
"COG4128",0,0,0,0,0,0,0,0,0,0,0,0,4,0,0,0,0,0,0,0,0,0,0,0,0,0,0,0,0,0
"COG4129",7,2,8,7,13,3,11,4,4,2,11,5,5,5,2,6,1,1,3,4,7,8,25,18,2,15,5,2,4,1
"COG4130",0,0,0,0,0,0,0,0,2,0,0,0,0,0,0,0,0,1,0,0,0,0,0,0,0,0,0,0,0,0
"COG4132",0,1,7,0,2,1,0,0,0,0,1,0,1,0,0,1,0,3,0,7,0,4,21,4,0,1,0,8,7,0
"COG4133",3,0,7,0,0,1,2,2,3,0,1,2,0,0,2,0,3,1,0,2,4,1,0,14,0,0,0,1,8,1
"COG4134",1,0,3,0,0,0,2,1,0,0,2,4,1,1,0,3,2,0,0,3,0,2,8,67,0,2,6,2,23,1
"COG4135",1,0,1,3,0,0,0,1,0,0,0,1,5,1,0,0,1,0,0,1,1,0,0,33,0,0,5,1,23,0
"COG4136",0,0,1,0,0,0,2,0,0,0,0,2,1,0,0,0,0,0,0,1,0,0,1,16,0,0,3,0,6,0
"COG4137",1,1,4,1,0,2,0,2,4,2,1,4,8,0,0,0,1,3,0,5,11,2,1,44,0,0,5,2,22,1
"COG4138",0,0,4,0,0,0,0,0,1,0,0,1,2,0,0,0,0,0,0,3,0,0,0,19,0,0,1,1,15,0
"COG4139",1,0,1,0,0,0,0,0,0,0,0,0,0,0,0,0,0,0,0,2,1,2,1,20,0,0,1,3,13,1
"COG4143",0,0,3,6,0,0,2,0,0,0,0,0,1,0,0,0,0,1,1,2,0,2,2,28,0,0,1,0,14,0
"COG4145",6,5,13,7,7,12,7,8,10,3,10,12,12,11,6,10,12,2,11,14,21,10,12,40,57,9,21,11,25,4
"COG4146",71,116,88,149,51,58,87,182,63,113,27,60,47,56,25,67,87,114,72,71,76,138,7,47,4,28,69,59,60,119
"COG4147",0,0,6,3,0,0,1,2,1,0,0,1,4,1,0,0,0,0,1,6,0,1,4,44,0,0,5,1,24,1
"COG4148",1,0,9,2,0,2,2,3,2,0,2,5,7,4,0,3,1,4,2,5,12,3,3,36,0,0,1,0,33,0
"COG4149",11,12,15,11,16,6,12,8,20,18,29,35,18,8,15,6,21,6,9,12,18,16,33,45,43,15,16,14,30,12
"COG4150",0,0,0,1,0,2,1,1,0,1,0,0,0,0,0,0,0,0,0,0,1,1,3,15,0,0,2,1,17,1
"COG4152",21,13,18,3,34,18,6,6,8,6,18,14,24,15,38,26,18,15,48,34,12,2,8,1,0,33,4,29,26,24
"COG4154",3,2,6,7,8,3,5,6,7,7,8,4,3,8,4,5,8,8,4,6,1,1,13,18,12,3,9,9,13,9
"COG4158",11,7,3,4,17,11,3,3,2,11,14,10,5,8,8,8,15,4,4,9,5,6,9,23,15,21,14,4,1,5
"COG4160",0,0,2,6,0,0,0,0,1,1,0,1,2,0,0,0,0,1,0,4,1,2,4,38,0,0,7,1,36,0
"COG4161",0,0,4,4,0,0,0,1,0,0,0,0,0,0,0,0,0,0,1,0,0,0,1,31,0,0,3,0,16,1
"COG4166",59,123,77,25,110,77,35,39,115,77,171,260,115,66,105,78,74,24,46,130,61,60,323,234,299,104,92,86,274,102
"COG4167",0,0,2,2,0,0,0,1,0,1,2,0,3,0,0,0,1,0,1,4,0,0,3,17,0,0,3,0,18,1
"COG4168",0,1,2,2,0,0,1,0,0,0,2,1,2,0,0,0,0,1,0,4,1,1,2,29,0,0,4,2,21,0
"COG4170",0,0,3,2,0,0,4,1,1,0,2,1,2,0,0,0,0,0,0,4,0,0,0,19,0,0,2,0,16,0
"COG4171",0,0,2,1,0,0,0,0,0,0,1,0,0,0,0,0,1,0,0,1,1,1,0,14,0,0,2,1,11,1
"COG4172",10,8,7,4,5,7,4,2,8,3,22,5,6,0,7,4,6,3,5,12,3,7,22,40,5,4,3,9,29,2
"COG4174",4,0,3,1,0,2,0,1,2,1,1,2,4,0,0,0,0,0,0,1,0,0,0,5,0,0,0,1,10,6
"COG4175",36,28,39,69,13,11,37,65,14,21,16,36,61,22,12,36,39,32,26,38,30,52,6,9,2,15,50,28,25,18
"COG4176",19,34,29,44,8,12,49,52,11,12,14,24,39,17,7,23,20,21,17,15,28,41,3,23,2,3,42,23,19,7
"COG4177",12,14,16,7,8,18,7,12,11,9,15,29,9,10,13,19,20,12,31,41,39,23,66,104,112,77,28,45,47,57
"COG4178",5,1,5,2,1,0,4,23,4,1,5,6,22,6,9,1,10,6,2,26,5,7,0,47,64,3,2,11,24,11
"COG4181",0,0,1,3,1,0,1,0,2,1,0,2,1,1,0,0,1,0,0,2,2,0,15,26,25,3,4,0,20,1
"COG4185",14,23,16,31,28,21,7,33,10,53,17,17,15,35,11,31,15,65,26,33,38,12,0,0,3,13,20,11,13,40
"COG4186",17,20,13,15,17,9,9,8,22,11,11,5,6,24,8,10,30,9,17,28,8,2,22,2,21,6,14,10,18,11
"COG4187",7,2,1,1,3,0,4,0,4,4,1,5,2,5,6,4,1,1,5,20,5,1,0,7,12,1,11,4,7,1
"COG4188",0,0,0,1,1,0,1,0,1,0,0,0,0,2,2,0,0,0,1,0,0,0,0,0,0,0,1,0,2,2
"COG4189",5,3,7,5,5,9,4,17,13,21,24,4,12,1,6,3,5,1,9,3,6,1,14,23,70,3,39,1,0,8
"COG4191",37,11,10,14,11,16,24,6,46,5,5,16,21,14,8,12,6,4,7,7,9,15,0,5,0,18,9,2,2,6
"COG4192",0,0,0,0,0,0,0,1,0,0,0,0,0,0,0,0,0,0,0,0,0,0,0,0,0,0,0,1,0,0
"COG4193",3,22,2,0,33,23,23,9,17,44,29,13,11,152,92,48,10,2,3,6,6,2,26,1,5,34,12,5,12,9
"COG4194",0,0,0,0,0,0,0,0,0,0,0,0,1,0,0,0,0,0,0,0,0,0,3,0,0,0,1,0,4,0
"COG4197",0,0,0,0,0,0,0,0,0,0,0,0,0,6,0,0,0,0,0,0,0,0,0,0,0,0,0,0,0,0
"COG4198",83,68,57,57,100,85,79,61,100,37,40,54,68,61,76,91,67,73,76,78,53,57,18,15,11,74,64,89,44,80
"COG4199",4,3,0,36,0,0,15,0,0,0,5,0,0,0,0,0,1,0,3,3,1,0,1,0,0,0,5,0,0,0
"COG4200",4,0,8,1,3,3,2,2,2,8,15,18,4,2,7,8,0,1,2,3,3,2,5,0,2,17,1,5,0,3
"COG4206",442,363,450,408,201,420,442,414,335,208,135,255,410,261,229,318,308,579,566,351,413,577,34,51,218,203,326,489,184,426
"COG4208",1,1,0,0,7,0,2,3,5,4,12,2,6,2,8,12,15,2,2,10,2,5,13,14,9,5,16,3,25,7
"COG4209",70,81,42,9,209,78,80,45,112,127,210,82,60,54,109,83,65,18,168,70,34,25,269,48,35,185,77,35,47,77
"COG4211",16,25,22,10,54,31,15,9,28,67,58,52,12,19,56,36,27,10,17,27,17,17,50,52,18,70,40,14,26,18
"COG4213",12,4,9,8,20,6,12,3,10,14,12,19,12,6,10,5,7,4,6,19,16,4,37,55,37,33,22,11,29,4
"COG4214",5,0,4,14,11,2,3,2,3,8,3,7,5,2,2,1,0,2,2,7,1,0,7,19,11,2,3,5,14,2
"COG4215",1,0,4,1,0,0,2,2,0,0,1,1,4,0,0,0,0,1,0,6,0,1,4,50,0,0,5,2,25,1
"COG4219",70,39,28,18,74,69,56,33,80,172,126,58,38,52,73,61,44,12,41,54,36,24,92,59,44,179,52,39,46,35
"COG4220",0,0,0,0,1,2,1,0,0,0,0,1,1,0,4,1,0,0,0,6,0,2,0,35,0,1,2,0,54,0
"COG4221",34,32,30,49,23,23,42,66,35,21,21,21,32,32,24,47,41,60,51,41,59,50,10,27,18,17,42,38,47,39
"COG4222",0,0,1,2,1,2,0,0,0,5,3,3,4,0,0,1,0,39,13,5,10,1,2,2,0,0,0,2,0,26
"COG4224",9,9,4,2,10,7,2,5,13,27,17,11,11,4,16,9,12,5,8,5,4,7,27,5,6,10,12,5,0,8
"COG4225",112,165,92,137,53,88,104,148,100,55,47,71,64,66,58,288,312,164,204,154,229,410,51,40,29,137,229,215,69,160
"COG4226",7,14,13,0,7,11,3,2,4,3,13,15,1,5,6,1,0,20,2,10,2,2,6,0,3,4,4,4,7,10
"COG4227",9,43,21,67,40,52,8,19,2,29,14,81,58,93,12,114,48,146,87,117,48,10,7,2,29,44,40,127,39,36
"COG4228",0,0,0,0,0,0,1,0,1,1,0,0,0,0,0,2,0,0,2,0,1,0,0,1,0,0,2,3,0,0
"COG4229",1,0,0,0,0,0,0,0,0,0,0,0,0,0,0,0,0,0,0,0,0,0,3,0,0,0,0,0,0,0
"COG4230",0,1,0,3,0,0,0,0,1,3,2,2,3,0,0,1,2,1,1,3,1,1,4,90,1,0,8,2,43,0
"COG4231",93,83,94,136,110,118,117,100,70,50,38,53,90,66,86,128,73,36,69,66,66,103,20,31,9,78,73,78,39,62
"COG4232",99,77,61,72,67,74,41,55,45,38,23,47,53,45,38,42,37,107,118,59,118,68,4,65,0,36,54,88,99,58
"COG4233",11,0,4,0,1,0,0,2,4,0,0,4,2,3,3,0,4,2,1,1,6,1,1,0,0,0,0,1,0,0
"COG4235",1,1,8,4,1,1,1,0,4,0,0,1,1,1,0,1,1,1,1,7,13,6,3,54,1,0,4,8,38,1
"COG4237",3,2,2,2,1,2,1,0,0,0,0,0,8,4,1,2,2,1,4,4,1,4,0,7,0,3,3,7,12,0
"COG4238",0,0,0,1,0,0,1,0,0,1,0,0,1,0,0,0,0,0,0,1,0,0,0,15,0,0,2,0,10,0
"COG4239",1,0,2,4,0,3,1,0,0,0,0,1,3,0,0,1,0,0,0,1,0,0,1,27,0,1,1,0,30,11
"COG4241",1,0,3,0,1,0,1,2,0,2,1,2,5,2,3,1,2,4,5,12,3,3,0,0,10,0,1,4,1,2
"COG4242",0,0,0,0,0,0,0,0,0,0,0,0,1,0,0,0,0,0,0,0,0,0,1,0,0,0,1,0,0,0
"COG4243",0,0,0,0,0,1,0,0,2,0,0,0,0,0,0,0,0,0,0,3,0,0,16,0,26,0,2,3,7,0
"COG4245",2,3,8,14,2,1,1,0,3,1,1,0,6,0,0,2,0,1,7,1,10,13,0,13,0,20,1,4,16,0
"COG4248",7,3,2,12,8,0,1,1,0,1,1,1,5,1,2,3,0,1,2,4,12,2,0,42,0,0,4,4,47,0
"COG4249",19,69,39,1,5,8,13,8,7,2,4,3,14,2,17,11,1,7,3,3,28,0,1,0,0,1,1,10,0,8
"COG4251",0,0,0,0,0,0,0,0,0,0,0,0,0,0,0,3,0,0,1,0,0,0,0,0,1,0,0,0,0,0
"COG4252",2,0,0,0,0,0,0,2,0,0,0,0,0,0,0,23,0,0,2,0,4,1,0,8,0,8,2,0,0,0
"COG4253",1,0,0,0,0,0,0,2,0,0,0,0,0,0,0,0,0,2,0,5,0,0,3,2,0,0,0,3,0,0
"COG4256",0,0,0,0,0,0,0,1,0,0,0,0,0,0,0,1,0,0,0,1,0,0,0,3,0,0,1,1,3,0
"COG4258",13,0,12,2,4,0,0,0,1,0,0,0,1,0,0,0,1,5,0,4,6,0,6,0,0,1,0,17,0,0
"COG4260",24,26,26,7,58,54,26,16,53,55,51,48,36,84,52,38,62,12,15,39,10,13,52,16,14,98,30,33,26,14
"COG4261",21,10,18,47,8,14,15,42,7,7,12,22,12,12,4,20,25,6,6,15,16,24,5,0,1,6,18,14,11,6
"COG4262",0,0,0,2,0,0,0,0,0,0,0,0,0,0,0,0,0,0,0,0,3,0,0,12,0,0,1,0,0,0
"COG4263",3,0,0,0,0,0,0,0,0,0,0,0,0,1,0,0,0,0,0,0,0,1,0,0,0,0,0,0,0,0
"COG4264",2,0,0,0,0,0,0,0,1,0,1,0,0,0,0,0,0,1,1,25,3,0,1,255,1,0,0,3,89,0
"COG4267",15,9,9,8,7,9,0,3,12,8,20,45,8,9,9,3,11,0,4,6,2,2,54,0,54,5,15,1,7,1
"COG4268",21,37,7,7,32,8,7,20,4,120,24,9,2,4,21,4,5,22,1,17,3,0,8,2,10,2,4,9,6,12
"COG4269",0,0,2,2,0,0,4,1,0,0,0,0,4,0,0,0,0,1,0,2,0,0,0,18,0,0,4,0,9,0
"COG4271",0,0,0,0,4,0,0,0,3,4,1,1,0,0,6,1,3,3,10,0,31,0,24,2,0,7,0,7,0,2
"COG4277",21,24,24,22,27,34,19,26,21,26,19,28,29,21,29,69,69,34,67,56,36,52,54,22,28,64,55,65,21,67
"COG4279",0,0,14,0,0,9,0,0,14,1,8,0,7,1,0,0,1,4,1,2,18,0,0,0,0,0,0,2,10,7
"COG4282",0,0,0,0,0,0,0,0,0,0,0,0,0,0,2,0,0,0,0,0,0,1,0,0,0,0,0,1,0,0
"COG4283",8,8,3,1,18,2,8,4,4,30,25,22,13,10,13,2,3,0,4,4,3,1,5,0,0,3,6,1,6,4
"COG4284",13,19,3,0,20,11,15,5,30,56,61,2,14,81,52,38,30,6,1,11,12,7,22,0,46,45,4,15,32,29
"COG4286",12,21,3,1,11,12,5,6,17,56,45,27,9,54,24,16,14,6,3,5,1,3,28,0,11,27,1,5,1,9
"COG4287",0,0,0,0,0,0,0,0,0,0,0,0,0,2,0,0,0,0,0,0,0,0,0,0,0,0,0,1,0,1
"COG4288",1,0,0,0,0,2,0,0,1,0,0,1,0,0,0,0,0,0,0,0,0,0,2,1,1,0,1,0,0,0
"COG4289",98,125,98,112,80,68,91,173,73,42,37,102,60,57,50,141,83,53,85,55,45,152,8,10,17,90,80,68,14,107
"COG4290",0,0,0,0,0,0,0,0,0,0,0,0,0,1,0,0,0,0,0,0,0,0,0,0,0,0,0,0,0,0
"COG4292",2,0,3,0,0,1,1,1,0,1,0,1,0,1,0,0,7,1,8,0,2,6,1,0,1,1,2,4,0,0
"COG4294",0,0,0,0,0,0,0,0,0,0,0,0,1,23,7,0,0,0,0,0,0,0,7,0,0,6,1,0,0,1
"COG4295",14,2,2,7,10,7,3,15,2,31,16,0,12,3,3,2,2,23,1,4,6,0,30,7,3,8,3,0,6,23
"COG4296",18,7,7,1,9,6,3,0,21,4,15,41,1,25,16,20,1,5,7,2,6,4,4,27,1,3,7,2,1,3
"COG4299",42,43,35,36,12,21,48,57,30,18,14,16,30,20,15,77,81,83,98,41,63,107,3,2,2,56,88,72,54,66
"COG4300",0,0,0,0,0,0,0,0,0,0,2,0,0,0,0,0,0,0,0,0,2,0,0,1,0,0,0,0,2,0
"COG4302",1,1,4,6,2,4,1,0,5,2,2,4,1,1,1,0,0,3,1,2,5,3,0,31,0,4,8,3,9,0
"COG4303",2,3,13,7,3,7,10,1,6,4,2,7,5,1,4,1,2,3,0,5,7,0,1,35,0,8,6,3,24,2
"COG4310",19,0,0,0,0,0,0,0,0,0,0,0,0,0,0,1,0,0,1,0,0,1,0,0,0,0,0,0,0,1
"COG4314",3,0,0,0,0,3,1,1,1,0,0,1,4,0,0,0,0,0,0,3,0,0,0,0,0,0,0,0,0,0
"COG4316",0,0,0,0,0,0,1,0,0,0,2,0,0,0,0,0,0,0,0,0,0,0,0,0,0,0,0,0,0,0
"COG4319",0,0,0,0,0,0,0,0,0,0,0,0,0,0,0,0,0,0,1,0,0,0,1,0,0,0,0,0,0,0
"COG4320",0,0,0,0,0,0,0,0,0,0,0,0,0,0,0,0,0,0,0,2,1,0,19,0,0,0,0,5,4,0
"COG4325",0,0,0,0,0,0,0,1,0,1,0,0,3,0,0,0,0,0,0,0,0,1,4,0,0,0,0,0,0,0
"COG4330",0,0,0,0,0,1,0,0,0,0,1,0,0,0,0,0,0,0,3,0,0,0,0,0,0,0,0,0,0,0
"COG4332",13,9,9,13,1,2,6,4,1,3,1,3,0,3,2,3,2,0,0,1,2,2,0,2,0,1,3,1,1,0
"COG4333",11,6,1,0,1,6,0,4,8,3,10,32,6,6,5,0,4,0,4,2,0,3,13,0,3,3,0,7,0,5
"COG4335",1,1,8,13,0,1,2,3,0,4,1,2,0,1,1,1,3,2,11,2,3,13,1,10,0,3,8,2,1,0
"COG4336",4,1,0,0,4,4,0,0,2,2,3,2,3,6,6,4,5,0,0,1,0,0,1,0,1,6,2,1,8,4
"COG4354",85,38,80,27,25,104,133,7,31,20,12,27,83,104,59,93,37,21,19,57,29,69,0,2,1,51,33,15,12,86
"COG4357",1,0,0,0,0,0,0,1,0,0,3,2,0,0,1,0,0,0,0,0,1,1,3,0,0,1,6,0,0,0
"COG4359",5,0,0,0,0,0,0,0,0,0,0,0,0,0,0,0,0,0,0,0,0,0,0,0,0,0,0,0,0,0
"COG4372",1,0,0,0,0,0,4,8,3,1,3,2,0,6,5,0,14,9,3,8,13,5,1,0,69,2,0,3,1,1
"COG4373",0,0,0,0,0,3,0,0,0,0,0,0,0,0,0,1,0,0,0,0,0,0,0,0,1,0,0,0,0,0
"COG4377",8,6,2,0,3,3,2,2,4,4,0,0,8,2,6,5,17,0,1,6,2,2,12,1,2,14,1,2,1,5
"COG4379",0,0,1,0,0,0,0,1,2,1,0,0,1,2,0,0,0,1,0,0,1,0,2,0,0,1,2,2,0,0
"COG4380",0,0,0,0,0,1,0,0,0,0,6,0,0,2,0,0,0,0,0,0,0,0,0,0,0,0,0,0,0,0
"COG4381",0,0,0,0,0,0,0,0,0,0,0,0,0,0,0,0,0,0,2,0,0,0,0,0,0,0,0,1,0,0
"COG4382",0,0,0,0,0,0,0,0,0,0,0,0,0,0,0,0,0,0,0,0,0,1,0,0,0,0,0,0,0,0
"COG4383",0,6,6,0,7,23,58,11,4,35,5,0,9,66,18,19,4,7,41,0,9,30,0,1,1,8,4,26,2,82
"COG4384",0,0,0,0,0,0,0,0,1,0,0,0,2,2,1,0,0,0,0,0,0,0,0,1,0,1,1,0,0,1
"COG4385",8,3,2,6,6,2,6,1,0,0,1,39,4,3,2,0,3,0,1,14,6,2,1,9,1,2,1,3,56,2
"COG4386",0,0,0,0,0,1,0,3,1,1,0,1,0,3,0,1,0,0,0,0,0,0,0,1,0,0,0,1,0,0
"COG4387",0,0,0,0,2,0,1,0,0,0,0,1,1,1,0,1,0,0,0,0,0,0,0,0,0,0,0,0,0,0
"COG4388",1,1,0,1,3,1,0,0,0,0,4,0,0,1,1,0,0,1,0,0,6,0,0,3,1,1,0,0,1,0
"COG4389",0,0,0,0,0,0,1,4,0,0,0,0,0,0,0,0,0,0,0,0,0,0,0,0,0,0,0,0,0,0
"COG4390",0,0,0,0,0,0,1,0,0,0,1,0,0,0,0,0,1,0,0,0,0,0,0,0,0,0,0,0,0,0
"COG4392",1,0,0,0,0,0,1,0,0,0,2,0,0,0,0,0,1,0,2,0,1,0,0,0,1,0,1,0,0,0
"COG4393",0,1,1,0,0,0,0,0,1,0,3,3,3,1,0,1,2,0,0,2,1,0,22,2,41,1,5,4,19,0
"COG4394",1,0,3,2,0,0,2,3,3,0,0,1,1,0,1,0,0,2,0,1,4,1,0,0,0,0,0,2,0,1
"COG4395",0,0,0,2,0,0,0,1,1,0,0,0,0,0,0,0,1,3,0,2,5,1,0,0,2,1,0,2,0,0
"COG4396",1,2,0,0,1,0,0,0,0,0,1,0,0,0,2,0,0,0,0,2,0,0,0,1,0,0,0,0,0,0
"COG4397",0,0,3,2,5,0,0,1,1,0,4,2,0,1,2,0,0,0,3,0,3,0,0,1,1,0,0,1,0,0
"COG4399",0,0,2,3,0,3,0,0,1,1,1,1,0,0,1,1,0,1,1,0,0,3,1,0,0,0,0,6,0,0
"COG4401",0,0,0,0,2,0,0,1,1,0,0,0,0,0,1,0,5,2,0,1,0,0,5,0,22,0,1,0,1,0
"COG4403",14,2,9,7,18,4,5,7,32,90,30,15,2,12,1,5,2,0,3,1,4,1,9,23,25,5,27,0,1,1
"COG4405",0,3,11,1,4,0,0,0,3,0,5,0,1,2,1,2,0,1,1,9,3,1,11,1,0,2,3,0,6,1
"COG4408",0,0,0,0,0,0,1,0,0,0,0,0,0,0,0,0,0,0,0,0,0,3,0,0,0,0,0,0,0,0
"COG4409",38,83,99,123,41,119,69,74,32,45,36,32,63,66,41,27,26,24,25,18,36,30,4,9,2,17,33,25,20,38
"COG4412",34,21,8,0,76,8,2,2,3,10,4,2,4,7,47,8,4,45,14,17,189,11,0,1,1,30,4,27,6,47
"COG4413",20,21,35,14,24,33,31,21,18,4,10,7,10,21,11,16,22,14,21,8,11,39,0,0,2,7,30,9,1,18
"COG4420",0,1,0,0,2,6,1,0,0,1,1,1,1,24,1,0,0,2,0,2,0,0,0,0,1,5,1,1,1,1
"COG4421",2,2,7,0,0,0,6,8,0,0,0,1,0,0,0,0,0,1,0,0,1,4,0,3,3,11,0,0,0,0
"COG4422",96,87,84,97,106,110,121,115,120,54,88,78,71,96,91,138,75,60,76,60,70,97,41,28,38,65,65,51,25,83
"COG4430",16,24,17,38,3,19,13,4,1,7,8,1,11,13,10,12,11,6,7,18,7,20,0,5,4,1,7,3,18,14
"COG4443",2,2,6,3,10,2,5,4,5,11,24,8,9,10,10,7,5,2,3,3,6,0,9,13,6,10,9,3,1,4
"COG4445",0,0,0,0,0,0,0,0,0,0,0,0,0,0,0,0,0,0,0,0,0,0,1,0,0,0,0,0,0,0
"COG4448",2,0,0,0,1,1,2,3,0,0,2,0,0,2,0,0,23,7,6,2,9,0,0,0,59,7,1,0,1,2
"COG4452",20,20,31,20,8,17,13,10,4,6,0,9,6,4,6,10,8,5,35,10,11,28,3,54,1,5,12,20,37,1
"COG4453",0,0,0,0,0,0,0,0,0,0,0,1,0,0,0,0,0,0,0,7,0,0,0,0,0,0,0,0,22,0
"COG4456",0,3,0,0,1,2,0,0,0,2,0,0,0,0,1,0,0,0,0,2,0,0,1,0,0,1,1,0,0,0
"COG4457",0,0,1,5,0,1,1,1,5,2,0,1,0,4,1,0,0,4,1,6,4,1,2,0,1,1,5,0,1,2
"COG4458",0,0,1,5,0,0,2,0,3,1,0,1,0,1,1,1,0,0,0,0,4,3,3,0,1,2,0,0,0,0
"COG4460",0,0,0,0,0,0,0,1,0,0,0,0,0,0,0,0,0,0,0,0,0,0,0,0,0,0,0,0,0,0
"COG4463",4,2,5,0,5,6,1,4,5,7,16,0,4,25,10,12,11,5,7,10,14,6,7,1,24,6,6,6,5,8
"COG4464",39,56,40,80,56,43,40,56,70,53,59,63,41,101,45,43,65,30,30,45,25,41,72,39,29,52,46,30,39,54
"COG4465",9,17,10,3,27,10,12,8,7,42,35,11,20,13,14,8,32,7,19,23,13,9,45,13,43,18,22,4,7,9
"COG4466",0,0,2,0,0,0,0,0,0,1,4,0,0,9,2,3,1,0,1,1,1,0,6,0,1,3,3,3,4,1
"COG4467",0,0,0,0,0,0,0,0,0,0,0,0,0,0,0,0,0,0,0,0,1,0,5,0,2,0,0,0,3,0
"COG4468",29,47,26,18,95,36,56,26,48,77,78,60,35,32,70,42,85,20,34,35,30,23,110,32,143,86,49,50,24,46
"COG4469",0,0,1,0,0,0,0,0,0,0,0,0,0,0,0,0,0,0,4,0,0,0,12,1,0,0,1,0,1,0
"COG4470",1,0,0,0,1,0,0,0,0,0,2,0,0,13,3,0,0,0,1,0,0,0,9,0,1,1,1,0,1,0
"COG4471",0,0,0,0,0,0,0,0,0,0,0,0,0,0,0,0,0,0,0,0,0,0,0,0,0,0,0,0,1,0
"COG4472",16,14,10,5,25,7,9,7,22,34,26,16,12,32,23,10,9,1,1,5,6,2,9,4,5,5,4,6,1,2
"COG4473",1,0,1,0,0,0,0,0,0,1,1,0,0,0,0,0,0,0,3,0,2,0,19,0,1,0,1,0,2,0
"COG4474",11,6,22,4,20,27,12,17,23,9,11,13,21,15,12,28,12,6,15,14,7,33,5,1,4,30,25,15,5,20
"COG4475",16,15,6,3,17,23,8,3,12,7,27,29,9,15,16,14,12,2,7,7,13,3,19,10,16,20,6,16,3,15
"COG4476",0,0,1,0,0,0,0,0,0,1,1,0,0,1,0,0,0,0,0,0,0,0,0,0,0,0,2,0,1,0
"COG4477",1,1,0,0,1,1,0,0,0,0,9,1,3,43,18,3,0,1,9,1,0,0,40,1,1,2,4,1,5,2
"COG4478",3,0,1,0,0,1,3,0,0,3,9,0,5,3,0,4,0,0,3,0,2,0,18,0,7,1,10,2,2,0
"COG4479",0,0,0,0,0,0,0,0,0,0,0,0,0,0,0,1,0,0,1,0,0,0,2,0,0,0,1,0,0,0
"COG4481",6,8,5,6,10,4,4,5,13,8,15,6,5,26,18,12,11,3,4,9,5,1,17,2,20,8,6,6,5,5
"COG4483",0,0,0,1,0,0,0,0,0,0,0,0,0,0,0,0,0,0,0,0,1,0,3,0,0,0,1,0,1,0
"COG4485",63,114,30,21,175,91,82,47,109,113,171,45,150,122,135,82,162,25,38,55,31,38,153,57,54,147,75,24,25,48
"COG4487",0,7,0,0,14,11,1,0,2,0,0,1,2,2,3,0,6,3,3,13,0,1,0,0,2,3,2,0,6,2
"COG4492",21,19,15,9,27,21,11,13,31,46,36,40,23,19,12,9,30,13,9,22,13,18,26,8,32,22,15,19,5,15
"COG4495",2,0,0,0,5,0,0,1,2,36,5,0,0,16,2,1,0,0,3,5,0,0,0,6,0,3,1,1,2,2
"COG4496",17,15,13,4,32,14,13,13,22,29,32,27,18,15,24,22,28,12,9,26,10,7,23,10,27,30,9,11,5,10
"COG4499",0,0,6,0,0,1,0,0,0,0,0,2,0,2,2,0,0,0,2,0,1,2,0,8,2,1,1,0,0,3
"COG4502",2,3,0,0,2,1,0,0,0,0,0,0,0,1,0,0,0,0,0,0,0,1,0,0,0,0,0,1,1,1
"COG4506",16,16,19,4,30,16,19,15,29,38,35,33,21,21,20,17,32,12,23,30,18,12,51,15,42,36,21,11,8,14
"COG4508",0,0,0,0,0,0,0,0,0,0,4,0,3,0,1,0,0,0,0,0,0,0,0,0,0,0,0,0,1,0
"COG4509",43,54,45,18,108,63,61,23,71,95,106,46,49,124,95,45,82,7,35,52,32,20,112,85,47,174,53,45,56,28
"COG4512",1,0,0,0,3,1,0,1,0,5,6,1,6,25,8,0,1,0,0,0,0,0,0,3,0,1,0,0,1,2
"COG4521",2,1,3,0,1,0,0,4,1,4,2,4,12,3,2,3,3,0,2,1,2,1,0,23,0,11,10,3,23,1
"COG4525",0,0,1,1,0,2,0,0,0,0,2,0,1,0,0,0,0,0,0,1,0,0,0,22,0,0,3,1,11,0
"COG4529",1,0,3,4,0,0,1,0,1,0,0,1,2,0,0,1,0,0,0,11,1,0,3,66,0,0,4,1,39,0
"COG4531",1,2,1,0,0,0,1,0,1,0,1,0,3,0,0,1,0,1,1,3,1,1,4,32,0,0,6,2,20,0
"COG4533",0,0,6,8,0,0,1,1,0,2,1,4,11,0,0,0,0,1,0,14,1,2,6,118,0,0,4,1,60,0
"COG4535",4,1,10,8,0,1,1,5,5,1,3,4,4,3,0,1,1,3,1,4,8,3,1,30,1,0,5,3,21,2
"COG4536",6,27,7,45,10,22,15,56,7,35,8,13,7,17,18,18,25,82,21,43,58,14,9,33,2,9,19,20,27,31
"COG4537",0,1,0,0,0,0,0,1,0,0,5,1,0,0,0,0,0,0,5,0,2,0,2,1,0,0,0,0,0,0
"COG4540",1,1,1,1,3,1,4,0,0,0,0,0,2,1,7,2,1,0,0,9,2,0,0,1,0,0,0,0,34,4
"COG4541",0,0,3,0,0,0,0,0,0,0,0,0,0,0,0,0,0,0,0,0,0,0,0,0,0,0,0,0,0,0
"COG4542",0,0,3,0,0,0,2,10,1,4,5,0,1,2,0,0,6,4,2,3,8,0,8,0,44,0,0,2,0,4
"COG4545",0,0,0,0,0,0,0,0,0,0,0,0,0,0,0,0,0,1,0,0,0,2,0,0,0,0,0,0,1,0
"COG4547",2,0,0,1,0,0,0,0,0,0,1,0,0,0,0,0,0,0,0,0,0,0,0,0,0,0,0,0,0,0
"COG4548",5,1,0,7,8,6,3,0,5,3,7,2,5,6,3,6,18,1,6,26,5,4,36,46,3,32,26,13,8,8
"COG4550",0,0,0,0,0,0,0,0,0,0,1,0,0,0,0,0,1,0,0,0,0,0,0,0,1,0,0,0,2,0
"COG4552",42,56,54,37,46,35,41,23,48,43,41,58,48,31,57,49,24,14,63,43,30,35,50,19,16,43,46,52,17,30
"COG4555",0,0,2,4,7,0,0,2,0,1,0,0,0,0,6,18,0,0,2,0,0,0,23,7,2,0,3,0,2,2
"COG4558",0,0,0,0,0,0,0,0,1,0,0,1,0,0,0,0,0,0,0,0,0,1,0,1,0,0,0,0,0,0
"COG4559",0,0,0,3,0,0,0,0,0,0,0,0,0,0,0,0,0,0,0,0,0,0,1,2,0,0,0,1,0,0
"COG4564",10,3,5,0,11,18,0,2,1,13,4,0,8,12,3,18,1,30,37,21,1,0,2,0,0,20,1,48,12,11
"COG4565",2,2,3,11,2,2,3,2,2,3,1,4,6,1,6,4,8,2,1,10,1,14,5,90,0,4,5,2,30,2
"COG4566",20,1,28,1,0,8,6,11,17,0,6,8,11,21,1,2,10,9,6,12,40,7,10,0,1,7,3,18,1,1
"COG4568",0,0,2,0,0,0,0,0,1,0,0,0,0,0,0,0,0,0,0,1,0,0,0,16,0,0,1,0,8,0
"COG4569",0,1,2,1,0,0,0,0,0,0,0,2,5,0,0,0,1,0,1,2,0,0,0,39,0,0,7,0,29,1
"COG4570",6,6,1,4,3,4,6,0,2,0,6,5,4,15,6,5,5,4,0,9,8,1,1,16,6,6,4,0,62,3
"COG4571",0,0,0,1,0,0,2,0,1,1,0,1,0,0,0,0,0,2,0,0,0,0,0,0,0,0,1,0,15,0
"COG4572",0,1,0,1,0,0,0,0,0,0,0,0,0,0,0,0,0,0,0,1,0,0,2,8,0,0,0,0,9,0
"COG4573",2,8,9,4,3,2,0,3,2,4,16,39,8,4,7,1,7,3,3,8,6,11,18,69,5,5,14,4,32,3
"COG4574",0,0,0,1,0,0,0,0,1,0,0,0,0,0,0,0,0,0,0,2,0,0,0,13,0,0,0,1,7,0
"COG4575",0,0,2,1,0,0,3,0,1,2,0,1,6,0,0,0,2,2,0,3,2,0,3,52,1,0,4,3,33,0
"COG4576",2,0,4,4,3,4,3,1,4,4,4,4,2,0,0,1,1,1,3,4,3,3,3,16,1,2,10,3,6,1
"COG4577",7,3,26,24,11,10,10,4,9,30,10,20,8,5,9,3,3,4,6,13,10,6,25,39,7,9,40,8,17,9
"COG4578",0,0,0,0,0,0,1,8,0,0,0,0,1,0,0,0,14,3,1,0,2,2,3,16,43,0,3,1,14,5
"COG4579",1,0,0,0,0,0,1,0,3,1,1,0,3,0,0,0,0,0,0,3,0,1,5,67,0,0,9,0,41,1
"COG4580",1,0,3,0,0,0,4,0,0,2,0,0,5,0,0,2,0,3,0,17,1,2,7,165,0,0,13,2,70,0
"COG4581",3,0,1,0,0,0,0,0,7,1,5,1,1,0,1,0,1,0,0,21,0,2,60,0,114,3,16,17,37,1
"COG4582",3,0,1,3,0,1,0,1,2,0,1,2,6,0,0,1,0,1,0,3,6,2,4,28,0,0,2,1,27,1
"COG4584",139,104,108,522,142,315,40,496,177,77,72,98,392,282,117,310,163,682,271,296,157,373,100,355,20,297,169,185,281,248
"COG4585",50,56,34,22,90,68,59,36,74,57,48,29,50,31,62,32,72,42,97,42,53,19,100,15,218,66,31,67,61,23
"COG4586",2,0,0,7,0,5,2,0,5,0,2,4,1,0,4,0,1,2,7,1,3,0,1,7,5,14,2,4,10,0
"COG4587",0,1,0,4,2,1,2,0,3,0,1,5,3,0,5,6,0,1,11,2,1,0,0,4,5,9,5,7,3,0
"COG4589",7,13,25,15,3,4,5,7,7,1,3,4,10,4,2,7,7,2,3,9,8,16,3,21,0,1,11,14,23,1
"COG4590",0,0,0,0,0,4,0,0,0,1,0,0,0,0,0,0,0,0,0,0,0,0,0,0,0,0,0,0,6,1
"COG4591",86,79,86,119,83,108,100,136,114,60,54,59,81,69,56,94,74,102,149,94,154,79,26,57,4,61,77,152,80,60
"COG4592",0,0,1,0,0,0,2,0,0,2,0,1,0,0,0,0,1,0,0,2,0,0,0,37,0,0,0,0,16,0
"COG4594",0,1,0,1,0,0,0,0,0,0,0,2,0,0,0,0,1,0,0,4,0,0,1,0,0,0,0,0,0,0
"COG4597",5,0,3,0,0,0,1,0,2,2,0,6,8,3,0,0,0,4,0,3,5,1,2,51,0,0,2,3,28,2
"COG4598",0,0,1,1,1,3,1,0,1,0,0,0,1,0,0,0,0,1,1,6,0,0,1,20,0,0,2,0,12,0
"COG4603",43,47,27,34,62,65,45,9,42,26,62,97,32,44,48,42,36,14,40,36,41,21,47,75,39,106,48,49,38,43
"COG4604",3,0,4,3,0,2,3,3,1,4,1,0,3,2,7,4,2,3,4,1,6,3,6,8,1,1,8,0,13,6
"COG4605",6,0,9,7,0,2,4,6,2,2,0,2,5,2,4,6,3,1,2,1,3,2,13,10,5,0,10,2,22,12
"COG4606",1,0,6,7,0,0,6,7,0,7,0,2,4,0,7,6,1,1,2,0,2,7,5,13,0,1,10,2,9,7
"COG4607",1,0,5,12,1,5,0,6,2,6,2,3,4,3,2,4,2,2,4,3,5,2,9,11,1,2,4,1,12,7
"COG4608",95,59,71,63,95,74,55,51,93,74,160,138,76,67,75,84,58,36,56,79,86,69,183,172,163,108,112,53,103,78
"COG4615",2,0,2,3,0,0,2,0,0,1,2,2,2,0,0,0,0,1,0,5,0,0,6,30,0,0,6,1,24,0
"COG4618",0,0,0,0,0,1,1,0,0,0,0,0,0,0,0,0,0,0,0,0,0,0,0,0,0,0,0,0,0,0
"COG4619",1,0,2,1,0,0,0,1,0,0,3,0,0,0,0,0,0,0,0,5,1,0,26,26,30,0,3,1,33,0
"COG4623",47,55,45,51,49,54,75,60,79,25,14,30,78,31,20,35,32,57,64,37,28,87,5,29,1,24,56,56,33,24
"COG4624",225,138,228,231,200,232,162,155,160,206,171,218,205,169,200,155,198,145,216,219,168,182,145,134,149,242,191,170,74,140
"COG4625",15,1,4,11,10,8,0,7,3,1,3,5,8,2,2,3,3,2,0,19,3,13,2,33,1,0,16,2,63,19
"COG4626",30,36,52,35,52,20,55,19,38,58,41,27,27,36,68,14,6,5,17,21,39,4,1,20,15,11,13,14,49,4
"COG4627",0,0,0,0,0,0,0,0,0,0,0,0,1,0,0,0,0,0,0,0,0,0,0,0,0,0,0,0,1,0
"COG4628",0,0,0,0,0,0,0,0,0,0,0,0,0,0,0,0,0,0,0,0,0,0,0,0,0,0,1,0,3,0
"COG4631",1,0,0,0,0,0,0,0,0,0,0,0,0,0,1,0,1,0,0,0,0,0,0,0,0,0,0,0,0,0
"COG4632",64,47,60,108,37,66,54,86,18,21,45,54,32,175,79,85,67,23,52,62,33,90,16,4,84,50,32,31,3,36
"COG4633",1,0,0,2,1,1,1,0,1,0,1,0,0,0,0,1,3,1,4,9,1,0,34,0,10,1,6,3,14,0
"COG4635",6,8,3,0,0,5,3,4,4,1,2,3,1,0,0,2,4,0,2,5,3,0,5,17,0,0,0,2,14,0
"COG4636",15,9,10,2,4,5,4,12,10,33,18,4,18,4,24,11,24,1,2,6,8,4,26,15,17,1,19,4,5,4
"COG4637",25,48,12,41,8,42,6,54,1,39,22,13,28,43,1,3,16,7,7,28,11,30,10,0,5,15,25,5,1,46
"COG4638",1,0,1,1,0,0,1,1,1,1,0,2,3,0,0,0,0,0,0,8,2,2,4,32,0,0,2,0,27,0
"COG4639",2,3,2,0,0,0,0,0,1,0,0,1,0,1,2,2,0,0,2,2,4,0,23,9,0,2,4,4,0,0
"COG4640",1,0,0,0,0,0,0,0,0,1,2,0,2,0,0,0,0,0,3,1,3,0,23,0,1,0,2,0,0,0
"COG4641",43,40,7,30,40,25,34,74,23,37,16,2,60,16,71,48,120,17,8,16,12,11,28,0,3,11,16,7,1,18
"COG4642",33,45,29,46,22,46,25,41,21,43,16,25,39,18,25,34,22,93,36,31,60,26,10,0,4,17,21,37,2,46
"COG4643",12,1,8,17,0,2,1,1,2,0,2,11,6,0,1,2,4,1,2,2,9,1,4,0,2,0,0,3,37,2
"COG4644",2,0,7,10,0,0,4,12,1,0,7,3,10,0,0,1,0,305,1,37,4,0,15,5,0,0,6,27,2,1
"COG4646",396,391,262,228,558,411,322,191,297,373,364,813,254,424,419,257,199,298,243,342,265,377,362,98,247,509,251,412,141,417
"COG4648",1,0,0,2,0,1,0,0,0,0,0,0,0,1,0,0,1,0,0,1,1,0,0,0,0,0,0,2,0,0
"COG4650",2,0,4,7,0,0,5,2,4,0,2,1,2,0,1,0,0,0,0,1,0,0,0,14,0,0,2,1,11,0
"COG4651",7,0,6,8,1,6,2,4,14,3,1,2,7,3,2,0,5,5,1,2,15,2,2,46,0,0,8,3,55,20
"COG4652",1,0,0,0,0,0,1,0,2,0,5,3,0,0,0,0,1,0,1,0,0,1,0,0,0,0,0,3,2,1
"COG4653",17,4,5,4,14,9,1,5,6,7,4,15,10,10,6,8,21,2,3,14,3,10,6,44,5,8,15,15,29,6
"COG4656",101,101,84,99,107,110,115,88,127,110,106,151,123,62,97,104,72,105,102,93,71,102,96,110,39,161,138,129,71,86
"COG4657",54,59,61,34,56,53,52,45,53,54,52,71,55,49,66,63,56,64,56,57,23,34,40,26,22,62,28,51,37,63
"COG4658",82,91,69,58,92,101,94,74,109,97,69,135,75,72,100,90,68,70,76,77,46,93,62,34,30,100,58,120,52,81
"COG4659",51,60,45,59,49,59,64,44,63,57,54,67,61,32,29,53,56,58,43,69,32,77,49,28,27,69,53,65,27,49
"COG4660",65,56,65,71,78,79,68,52,77,82,63,106,67,45,64,71,77,61,43,57,45,70,59,30,20,88,48,64,30,69
"COG4662",1,1,0,3,0,0,1,1,0,0,0,2,0,0,1,0,0,0,1,0,0,1,0,0,1,1,0,2,0,1
"COG4663",1,0,0,0,0,5,0,0,0,3,0,3,0,4,2,0,1,0,0,2,0,0,0,0,1,0,1,0,1,0
"COG4664",3,1,1,1,1,7,0,0,1,0,0,1,2,0,1,0,1,0,0,4,0,2,0,0,0,1,0,3,3,0
"COG4665",2,1,0,0,0,0,0,2,1,0,0,1,0,1,1,2,0,1,2,1,0,2,0,0,0,2,0,0,1,1
"COG4666",26,46,25,28,21,30,15,13,26,15,28,31,21,42,29,10,22,8,19,21,20,32,24,46,28,47,18,44,5,18
"COG4667",63,62,52,63,67,58,60,81,92,102,90,66,82,45,87,81,71,78,65,61,58,62,93,47,37,62,66,52,56,84
"COG4668",4,3,11,4,2,3,11,21,21,2,17,5,14,8,3,3,40,11,10,25,12,6,47,111,143,6,21,18,57,10
"COG4669",0,0,4,1,0,0,1,1,0,0,0,2,0,0,0,1,0,0,1,5,6,0,0,26,0,1,4,0,21,0
"COG4670",4,11,12,14,2,6,11,4,9,11,8,18,8,17,0,6,4,4,6,50,17,13,50,66,22,23,26,8,56,6
"COG4672",0,0,2,2,1,0,1,0,0,0,1,0,39,0,0,0,0,0,0,4,2,2,1,36,2,0,3,1,45,1
"COG4674",0,0,0,0,2,1,0,11,0,0,0,1,0,0,2,2,0,0,0,0,0,1,0,0,0,0,0,2,0,2
"COG4675",0,5,1,0,2,0,0,0,0,0,1,0,1,6,2,0,1,0,0,3,0,0,0,0,0,0,0,0,4,5
"COG4676",0,0,0,1,0,0,0,0,0,0,0,3,3,0,0,0,0,0,0,1,0,0,0,31,0,0,2,0,26,0
"COG4677",121,185,114,153,75,203,163,242,164,113,67,128,185,96,73,146,130,209,102,101,110,152,43,51,14,57,104,164,43,195
"COG4678",0,0,1,0,0,0,0,0,0,0,0,0,0,0,0,0,0,0,0,0,0,0,0,0,0,0,0,0,0,0
"COG4679",2,2,0,1,5,2,3,0,4,4,12,2,0,2,0,0,0,0,3,3,0,2,1,6,0,7,0,1,9,5
"COG4680",10,8,18,12,4,8,13,7,0,11,4,4,5,6,2,5,11,30,2,7,8,2,1,13,0,5,2,3,7,23
"COG4681",1,0,3,1,0,2,2,1,4,1,0,0,3,1,0,1,1,1,0,1,4,0,2,22,0,0,1,2,20,1
"COG4682",1,1,1,1,0,0,0,2,1,1,0,0,1,0,0,1,1,0,0,5,0,0,1,35,0,0,5,0,24,1
"COG4683",0,0,0,1,0,0,1,0,0,0,0,0,0,1,0,0,0,0,0,0,0,0,0,0,0,0,5,0,1,0
"COG4684",3,1,5,5,8,4,6,6,16,38,12,7,9,3,4,3,6,3,5,11,12,0,14,12,1,7,16,7,2,2
"COG4685",0,1,1,3,0,0,2,0,0,0,0,0,3,0,0,0,0,0,0,9,1,1,1,44,0,0,4,3,35,0
"COG4687",0,0,0,0,2,0,0,0,0,0,8,0,2,0,0,1,0,0,2,5,3,0,9,0,3,2,3,0,5,0
"COG4688",0,0,0,0,0,0,0,0,0,0,1,0,1,0,0,0,0,0,2,0,0,0,0,0,0,0,0,2,0,0
"COG4690",85,99,89,74,108,116,90,70,85,69,77,76,92,63,67,70,47,138,125,95,90,79,205,11,102,96,75,128,70,114
"COG4692",72,75,52,145,48,37,58,109,29,35,20,42,20,32,22,96,59,91,34,37,50,110,20,4,9,63,55,93,6,63
"COG4693",1,2,3,3,4,12,0,1,0,0,1,2,1,1,2,0,1,1,1,4,2,1,1,0,0,2,4,1,0,2
"COG4694",1,10,16,1,19,16,39,137,1,11,2,2,12,3,0,18,0,3,4,14,8,26,0,0,1,6,2,4,1,2
"COG4695",7,7,42,15,23,13,9,5,11,37,19,11,27,11,7,11,10,4,31,24,18,12,9,48,40,7,17,12,105,23
"COG4696",2,0,2,1,0,0,0,0,0,0,4,0,1,5,1,3,0,2,8,4,0,0,0,0,0,0,1,6,2,2
"COG4698",0,0,0,0,0,0,0,0,0,0,0,0,0,0,0,0,1,0,1,0,0,0,0,0,0,0,0,1,0,0
"COG4699",0,0,0,0,0,0,0,0,0,0,0,1,0,0,0,0,0,0,1,0,1,0,1,0,1,0,2,0,0,0
"COG4700",0,0,0,0,0,0,0,0,0,0,0,0,0,0,0,0,0,0,0,0,1,0,0,0,0,0,0,0,0,0
"COG4701",0,0,0,0,0,0,0,0,0,0,1,0,0,0,0,0,0,0,0,0,0,0,0,0,0,0,0,0,0,0
"COG4702",7,1,0,0,1,4,7,4,2,2,5,7,4,1,3,1,8,1,4,2,0,2,3,0,2,0,0,2,0,0
"COG4703",1,0,1,0,0,0,0,0,0,0,1,0,0,0,0,0,0,0,1,0,1,0,1,0,0,0,0,0,0,0
"COG4704",1,0,1,0,1,0,1,2,0,0,0,1,0,0,0,4,0,0,4,0,0,0,0,0,0,0,0,6,0,0
"COG4706",0,0,4,0,0,2,0,0,2,0,0,0,1,1,0,0,1,1,0,3,5,0,1,0,0,0,0,2,0,0
"COG4708",18,17,11,7,32,10,14,6,27,25,33,24,19,9,21,15,24,2,9,21,11,14,24,14,13,22,19,10,4,11
"COG4709",7,0,4,2,5,1,2,2,0,4,10,15,2,2,5,3,5,0,4,2,2,2,9,6,3,5,20,0,3,1
"COG4710",2,0,0,0,0,0,0,0,0,0,0,0,0,0,0,0,0,0,0,0,0,0,0,0,0,0,0,0,0,0
"COG4712",1,4,9,4,10,5,22,4,1,0,2,1,0,2,0,2,0,0,3,3,11,12,1,0,0,1,6,4,48,3
"COG4713",12,19,5,5,18,8,4,2,7,22,39,3,22,13,37,32,2,3,8,15,15,3,8,21,14,8,21,8,23,12
"COG4715",0,0,0,0,0,0,0,1,0,0,0,0,0,0,0,0,0,0,3,0,10,0,0,1,0,0,0,0,0,0
"COG4716",35,31,28,19,90,54,37,14,67,47,102,122,39,59,100,69,63,14,15,38,28,24,170,28,73,126,47,33,43,49
"COG4717",11,30,9,19,24,21,10,15,40,65,59,10,9,76,57,29,40,8,10,17,21,13,52,46,35,30,28,17,10,10
"COG4718",0,1,1,6,0,0,2,0,2,1,0,1,29,0,0,0,0,0,0,4,0,1,0,29,0,0,0,1,42,0
"COG4720",9,16,10,2,31,19,5,5,15,26,51,28,18,11,19,24,14,5,12,25,18,8,69,2,34,21,25,14,11,14
"COG4721",0,0,4,5,0,0,3,0,3,0,4,0,6,0,0,0,0,1,1,1,1,1,28,0,46,0,5,5,14,0
"COG4722",0,0,2,0,2,2,0,1,0,1,7,1,2,1,1,1,3,0,2,1,2,1,0,4,2,2,9,0,1,0
"COG4723",0,0,1,2,0,0,2,0,0,0,0,1,26,0,0,0,0,0,0,2,0,1,1,13,0,0,0,0,21,0
"COG4724",18,39,29,1,13,164,3,6,2,13,0,0,4,12,89,9,2,6,25,10,342,1,0,0,3,35,6,43,8,7
"COG4725",44,23,9,3,23,18,12,0,14,32,24,22,20,11,25,38,20,1,538,19,13,7,7,15,20,50,22,17,17,10
"COG4728",13,10,7,3,24,11,14,6,14,39,12,12,15,18,27,10,25,18,3,28,4,4,14,4,17,10,6,12,8,29
"COG4729",2,0,1,0,1,1,0,0,0,0,1,0,0,1,0,0,0,0,2,0,0,0,0,2,0,0,1,0,0,1
"COG4731",0,0,3,0,0,0,0,0,0,0,0,0,0,0,0,0,0,0,0,0,0,0,0,0,0,0,0,0,0,0
"COG4732",15,6,4,9,23,10,12,8,14,27,18,32,8,13,12,7,11,4,3,12,13,4,15,14,7,9,13,8,2,12
"COG4733",5,0,10,19,0,0,4,0,2,5,1,4,112,1,1,0,0,6,1,36,10,8,4,188,5,2,13,3,401,3
"COG4734",36,9,27,13,5,18,30,26,17,39,19,26,13,8,26,8,27,9,23,7,6,61,10,6,9,13,36,17,16,19
"COG4735",16,0,9,0,1,1,0,0,2,1,4,1,8,7,0,6,0,8,15,25,1,2,0,21,0,4,4,1,22,2
"COG4737",0,0,0,2,0,0,1,0,0,0,0,0,0,0,0,0,0,0,0,0,0,1,1,0,0,0,0,0,0,0
"COG4739",20,20,36,41,12,37,33,39,28,8,2,9,24,24,8,28,21,20,16,17,18,41,2,0,1,8,22,19,5,21
"COG4744",13,15,17,13,1,8,21,19,10,12,7,9,15,14,6,15,20,16,11,24,3,17,3,0,0,3,6,7,3,28
"COG4747",29,30,32,46,26,46,45,64,34,28,25,25,26,32,24,9,8,3,8,7,7,9,5,2,1,8,16,13,9,12
"COG4748",13,18,2,5,12,1,14,1,33,3,3,9,17,1,2,16,0,4,2,9,7,2,0,0,0,14,3,3,2,15
"COG4750",26,67,10,50,57,19,40,26,36,120,72,46,40,34,31,26,25,9,12,23,18,10,108,36,116,45,27,11,48,34
"COG4752",0,0,1,2,0,0,0,0,1,0,3,0,0,0,1,1,0,4,1,8,7,5,0,0,1,1,0,3,0,1
"COG4753",721,928,703,883,705,636,681,708,741,708,628,651,607,512,600,678,618,357,829,483,589,706,691,505,316,668,911,601,333,292
"COG4758",0,0,0,0,0,0,0,0,0,0,1,0,0,0,0,0,0,0,4,0,3,0,0,1,1,0,2,0,0,0
"COG4760",1,0,0,0,0,0,0,2,1,0,0,0,0,0,2,1,18,9,0,3,1,1,0,0,26,0,0,1,0,1
"COG4763",0,0,0,2,3,0,0,0,0,0,1,0,0,0,0,3,0,2,2,10,0,0,0,19,0,0,3,4,24,7
"COG4766",0,1,5,7,1,1,3,0,1,0,0,1,4,0,1,0,1,0,0,2,2,0,0,21,1,0,3,2,12,0
"COG4767",36,21,15,8,44,24,24,17,21,68,73,19,32,113,42,50,52,14,14,12,21,15,79,29,11,47,34,6,9,19
"COG4768",0,0,0,0,0,0,0,0,0,0,1,0,0,0,0,0,0,0,0,0,1,0,2,1,0,0,1,0,0,0
"COG4769",1,8,1,3,10,7,7,4,7,10,10,6,6,3,10,20,24,6,10,25,13,16,31,16,34,42,16,14,6,11
"COG4770",1,1,0,0,6,0,0,0,7,1,4,0,1,0,2,0,1,0,0,3,0,6,42,0,51,2,4,9,21,1
"COG4771",383,340,321,391,128,325,466,430,277,98,131,187,301,227,187,233,322,235,322,224,332,395,26,50,188,101,231,261,309,191
"COG4772",2,2,5,25,0,0,6,3,0,0,2,3,7,0,0,2,2,1,0,4,1,0,0,1,0,0,0,1,8,0
"COG4773",0,0,3,1,1,0,2,0,0,1,2,1,2,0,0,0,1,0,0,6,0,2,0,47,0,0,0,1,33,0
"COG4774",0,0,5,4,1,0,2,1,1,0,1,0,5,1,0,1,0,0,0,6,0,2,0,66,0,0,10,1,34,0
"COG4775",123,135,135,136,93,126,144,136,127,77,44,60,109,62,61,105,95,220,126,123,127,149,16,106,63,74,109,180,117,159
"COG4776",2,0,1,0,0,0,1,3,1,0,1,0,2,0,0,0,0,0,1,0,0,0,1,7,0,0,0,0,4,0
"COG4778",3,0,9,4,3,4,1,0,0,1,0,6,5,0,0,1,0,0,1,1,0,4,1,28,0,2,1,6,16,1
"COG4779",0,0,3,1,0,0,0,0,1,0,0,1,1,0,0,1,1,0,0,1,0,1,3,30,0,0,0,1,19,1
"COG4781",0,1,0,0,0,0,0,0,0,0,5,0,0,0,0,0,1,0,3,0,2,0,38,0,0,1,3,0,0,0
"COG4783",15,4,13,0,2,4,7,22,9,2,4,6,13,6,6,2,8,11,3,6,6,1,1,25,22,1,3,2,17,2
"COG4784",16,29,10,16,8,5,8,4,7,16,3,3,10,8,5,5,12,40,1,12,9,8,6,0,2,12,9,17,6,22
"COG4785",1,0,2,0,0,0,1,0,0,0,2,0,0,0,0,1,1,0,2,0,0,0,0,8,0,0,1,1,7,0
"COG4786",32,35,18,7,52,22,25,18,30,57,32,8,23,13,75,47,49,6,19,17,25,8,21,37,9,25,18,7,21,19
"COG4787",0,0,3,1,0,0,1,0,0,0,0,1,3,0,0,0,0,0,0,0,0,1,1,12,0,0,1,0,14,0
"COG4789",0,2,1,6,0,0,1,0,0,0,0,0,0,2,0,1,0,2,3,0,10,3,0,93,0,3,0,0,0,0
"COG4790",0,1,2,3,0,0,0,0,1,1,0,0,0,0,1,0,0,0,0,4,6,1,0,27,0,1,4,1,0,0
"COG4791",0,0,0,1,0,1,4,0,0,2,0,1,1,0,0,0,0,1,0,4,5,0,0,23,0,0,0,0,9,0
"COG4792",0,0,1,3,0,0,0,0,3,0,0,1,1,3,0,0,0,0,0,0,5,0,0,0,0,1,0,0,0,0
"COG4794",0,0,0,0,0,0,0,0,0,0,0,0,1,0,0,0,0,0,0,0,2,0,0,17,0,1,0,0,0,1
"COG4795",0,0,1,4,0,0,1,2,1,1,0,0,5,0,0,1,1,0,0,7,2,1,3,33,0,0,2,1,34,0
"COG4796",5,1,17,3,0,2,3,7,4,6,9,4,11,3,7,6,13,12,25,25,18,7,1,60,49,4,10,15,43,5
"COG4797",0,0,1,0,0,0,0,0,0,0,2,0,0,0,0,0,0,0,0,0,1,1,0,0,0,0,0,0,0,0
"COG4799",183,170,226,202,160,211,218,190,150,159,104,158,191,157,132,178,195,190,167,167,169,302,95,46,125,141,178,188,83,193
"COG4803",0,0,0,0,0,0,1,1,0,0,0,0,0,0,0,0,0,0,0,0,0,2,0,0,0,0,0,0,4,0
"COG4804",113,137,184,192,148,138,181,215,229,304,104,169,178,136,78,132,143,185,208,232,135,181,58,68,30,119,118,143,91,204
"COG4805",33,48,8,16,41,25,38,28,36,36,87,21,36,24,62,24,64,12,20,23,23,9,86,44,36,32,55,9,18,19
"COG4806",53,61,60,103,29,51,56,95,88,30,37,60,52,38,31,56,69,52,47,38,44,69,29,52,2,39,55,65,42,80
"COG4807",0,0,3,1,0,0,1,0,0,0,0,0,0,0,0,0,0,0,0,2,0,1,1,7,0,0,0,0,6,0
"COG4808",0,0,2,0,0,0,0,1,0,0,0,0,2,0,0,0,0,0,0,2,0,0,0,6,0,0,1,0,2,0
"COG4809",2,0,1,0,1,0,0,0,0,0,0,0,0,0,1,0,0,0,0,0,0,0,0,0,0,0,0,0,0,0
"COG4810",7,4,6,8,3,3,4,3,4,8,8,4,4,2,1,1,2,1,5,5,6,3,22,18,4,2,27,4,5,5
"COG4811",0,1,1,0,0,0,0,1,0,1,1,0,1,0,0,0,0,0,0,2,0,0,2,14,0,0,1,1,11,0
"COG4812",0,1,1,2,3,0,4,0,4,0,0,2,3,1,0,1,1,2,1,4,1,0,0,11,1,3,1,0,4,0
"COG4813",3,0,0,0,1,4,0,1,4,0,8,0,2,1,1,0,0,0,0,3,0,0,7,0,0,3,0,1,1,2
"COG4814",0,0,1,0,0,0,0,0,0,0,2,0,1,0,0,0,0,0,1,0,4,0,76,0,0,0,0,0,0,0
"COG4816",3,0,13,8,6,2,9,4,5,6,6,10,9,7,2,3,4,3,3,10,8,7,25,18,1,9,17,3,0,1
"COG4819",2,3,3,5,0,5,4,1,2,5,3,3,3,1,1,0,0,2,0,6,3,4,0,39,0,8,17,1,14,0
"COG4820",4,1,9,12,0,0,2,2,2,1,7,8,7,3,4,1,4,0,5,14,4,10,2,33,4,0,4,1,18,1
"COG4821",19,7,17,0,5,11,9,2,3,0,6,5,7,5,8,3,8,0,10,5,3,11,0,0,4,0,7,4,2,6
"COG4822",57,54,84,73,56,71,103,97,126,60,76,89,117,59,68,73,106,32,75,60,47,96,66,18,48,56,65,30,19,59
"COG4823",127,32,19,40,53,52,24,58,14,94,41,71,44,55,62,55,43,50,53,75,120,16,67,7,1,43,42,35,19,62
"COG4824",6,2,4,5,19,9,4,0,9,9,7,10,10,4,3,3,9,5,19,14,4,1,5,9,17,3,16,2,4,1
"COG4825",0,0,0,0,0,0,0,0,0,0,0,0,0,0,1,0,0,0,0,0,0,0,3,0,0,0,1,0,0,0
"COG4826",31,22,21,4,28,41,15,4,19,11,36,11,6,17,27,3,3,11,14,7,10,4,7,8,4,3,5,17,6,11
"COG4828",12,10,12,13,4,6,9,27,2,9,5,3,3,10,2,8,15,2,8,7,6,15,2,0,0,1,7,2,1,4
"COG4832",11,12,4,4,33,7,10,2,13,21,29,18,8,11,29,13,6,3,11,8,4,1,52,12,4,15,9,7,25,14
"COG4833",96,150,199,184,28,98,139,88,23,72,33,67,64,52,77,73,103,142,89,33,59,259,14,1,6,68,127,100,35,32
"COG4834",1,0,0,0,5,0,0,0,10,4,6,0,0,3,4,2,1,4,4,6,7,10,0,0,3,2,0,1,4,10
"COG4835",0,0,0,0,0,0,0,0,0,0,0,1,0,0,0,0,0,0,2,0,0,0,10,0,0,0,1,0,0,0
"COG4839",0,0,0,0,0,0,0,1,0,0,1,0,0,0,0,0,0,0,2,0,0,0,0,0,1,0,0,0,0,0
"COG4842",2,0,0,0,4,0,1,0,0,2,1,0,1,0,2,0,0,0,4,0,1,0,0,5,0,1,1,0,0,4
"COG4843",0,0,0,0,1,0,1,0,0,0,0,0,0,0,0,0,0,0,0,0,0,0,0,0,0,3,0,0,0,0
"COG4845",56,48,56,51,35,54,71,63,23,29,18,70,49,81,27,34,28,61,76,77,50,37,15,14,28,33,59,38,34,55
"COG4849",1,8,1,0,2,0,0,0,0,0,0,0,0,0,0,0,2,0,0,6,0,2,0,0,0,1,0,10,0,1
"COG4850",0,0,0,0,0,0,0,0,3,0,2,0,0,0,0,0,0,0,0,8,0,0,19,0,44,0,4,6,13,0
"COG4851",0,1,0,0,0,0,0,0,0,1,3,0,1,0,0,1,0,0,0,0,1,0,20,1,0,2,1,1,0,0
"COG4853",0,0,1,0,0,0,0,0,0,0,0,0,0,0,0,0,0,0,0,0,0,0,1,0,0,0,0,0,0,0
"COG4856",29,36,25,9,56,37,34,25,51,42,88,72,39,92,68,37,74,20,23,51,37,27,88,10,78,66,22,35,13,47
"COG4857",3,0,1,10,1,3,1,0,3,0,7,7,2,3,2,0,1,1,0,1,2,1,2,2,0,4,5,0,0,0
"COG4858",0,0,0,0,0,0,0,0,0,0,1,0,0,0,0,0,0,0,2,0,2,0,21,1,2,0,1,0,0,0
"COG4859",8,8,2,0,4,6,3,1,6,1,5,10,6,18,9,4,3,2,2,5,2,3,0,0,2,2,0,8,0,1
"COG4861",8,12,4,0,2,0,0,0,0,0,1,0,0,7,0,0,1,0,7,5,0,0,0,0,0,0,0,10,1,1
"COG4862",16,6,5,7,18,10,17,10,8,48,43,15,21,25,37,30,33,5,7,8,13,6,61,13,9,24,31,1,9,7
"COG4864",42,26,57,73,33,49,56,85,58,20,25,31,70,36,26,46,45,46,69,49,52,69,15,0,39,28,44,69,24,49
"COG4865",0,0,3,7,0,0,4,0,0,1,0,1,0,1,0,0,3,1,3,3,0,7,0,0,0,0,0,0,0,0
"COG4866",59,77,71,71,57,58,71,91,67,50,78,48,54,56,53,58,83,50,82,62,48,80,33,33,74,79,75,74,40,50
"COG4868",27,37,30,15,89,37,40,13,48,53,63,72,31,37,95,33,43,73,32,47,47,21,70,31,24,82,33,46,29,66
"COG4869",11,8,15,8,26,4,15,1,12,13,11,22,9,5,12,10,12,6,11,18,6,6,17,25,5,15,22,6,8,14
"COG4870",22,28,11,11,43,29,33,9,75,43,99,18,48,15,89,48,60,8,10,7,20,15,35,20,27,23,40,16,8,34
"COG4871",0,0,1,0,0,0,0,0,0,0,0,0,0,0,0,0,0,0,0,0,0,0,2,0,0,0,0,0,0,0
"COG4874",5,7,10,23,2,8,11,22,4,5,3,7,3,5,1,12,12,4,2,3,2,19,0,0,1,1,7,0,0,2
"COG4877",2,5,1,0,1,2,1,2,4,4,5,7,1,2,6,4,2,0,1,0,0,2,4,0,2,7,0,0,1,3
"COG4878",8,18,9,3,6,2,0,6,11,9,25,73,4,8,9,4,9,2,2,3,2,3,18,0,61,8,27,1,12,4
"COG4880",14,21,0,1,23,10,3,1,12,33,13,29,5,13,18,12,5,1,14,8,2,4,15,14,1,24,10,9,5,8
"COG4884",0,3,6,4,0,0,2,1,1,0,0,0,4,1,1,0,0,2,1,0,2,3,0,0,0,0,1,0,22,0
"COG4886",80,133,59,64,96,120,117,69,112,62,88,55,92,74,103,152,62,180,185,147,82,57,86,74,14,129,90,226,82,135
"COG4887",3,15,12,29,10,6,14,39,14,15,14,11,9,5,5,5,25,28,8,8,21,23,4,5,38,13,19,5,0,6
"COG4889",27,1,17,19,35,66,19,20,7,5,4,9,2,13,9,2,1,143,19,15,33,9,7,0,10,4,1,49,2,86
"COG4890",0,0,0,0,0,0,0,0,0,0,0,0,0,0,0,0,0,0,0,1,0,0,0,3,0,1,0,0,3,0
"COG4892",0,0,0,0,0,0,0,0,0,0,0,0,0,0,0,0,0,0,0,0,0,0,4,0,0,0,0,0,1,0
"COG4894",12,16,10,2,18,11,9,6,17,10,22,13,6,12,17,11,15,4,6,16,7,7,9,4,7,21,5,5,1,7
"COG4895",0,0,0,0,0,0,0,0,0,0,0,0,0,0,0,0,0,0,0,1,0,0,0,0,0,0,0,0,1,0
"COG4898",0,0,0,0,0,0,0,3,2,2,2,1,0,0,4,0,1,0,0,1,1,1,0,0,0,0,0,1,0,0
"COG4903",0,0,0,0,0,0,0,0,0,0,3,0,0,24,7,0,0,0,0,0,0,0,0,0,0,4,0,0,1,0
"COG4905",53,72,29,26,87,54,59,33,79,95,122,114,82,139,101,73,81,11,36,53,23,25,243,52,185,129,59,42,63,59
"COG4907",1,1,13,10,0,1,2,0,4,0,1,1,1,1,0,1,0,1,0,0,0,8,37,1,2,17,0,0,15,0
"COG4908",0,0,0,0,0,0,0,0,0,0,0,0,0,0,0,0,0,0,6,0,0,0,1,5,0,0,0,0,1,0
"COG4909",5,0,15,17,0,2,5,1,2,1,5,8,4,0,1,1,5,8,4,0,12,6,7,16,1,4,10,0,0,0
"COG4910",1,0,7,4,0,0,1,0,0,1,5,1,1,1,0,0,2,1,2,1,3,0,0,6,3,1,5,0,0,0
"COG4912",48,61,42,43,59,38,44,60,71,76,51,37,58,35,60,52,53,56,61,40,41,37,39,8,16,43,47,64,17,69
"COG4913",40,45,41,114,30,16,6,47,57,23,73,157,52,33,50,47,20,14,9,26,101,13,129,9,157,42,35,15,32,23
"COG4916",5,0,0,17,11,0,0,1,0,0,0,0,0,2,0,0,0,0,0,7,1,0,0,0,0,0,0,0,1,1
"COG4917",5,2,7,6,3,6,4,3,2,8,8,10,13,4,2,2,0,3,4,7,4,7,17,43,2,4,15,2,16,2
"COG4922",0,0,0,0,2,0,0,0,1,0,0,2,1,0,0,6,0,0,2,5,3,0,1,0,1,1,1,5,0,3
"COG4924",6,0,15,36,1,0,0,16,0,3,4,4,5,3,16,5,2,1,1,9,39,0,20,0,24,2,2,4,12,5
"COG4925",20,12,28,5,3,22,23,6,9,4,2,9,11,4,1,8,8,7,9,11,10,25,0,1,13,0,8,8,8,11
"COG4926",0,0,11,0,1,1,1,2,1,1,2,4,1,6,1,2,5,1,3,0,6,9,1,27,6,10,24,1,3,0
"COG4927",0,1,21,3,0,3,2,3,1,35,6,4,3,6,1,1,1,2,14,0,5,0,11,17,0,7,9,0,4,1
"COG4928",10,25,10,4,18,4,0,14,2,33,27,14,11,12,50,47,9,30,7,32,5,8,26,20,4,7,15,14,14,2
"COG4929",2,8,3,8,0,1,6,2,1,3,0,3,2,1,0,1,4,0,1,4,3,6,1,0,0,0,1,3,0,0
"COG4930",34,3,10,0,23,23,12,37,15,16,18,29,15,17,16,16,21,14,4,23,0,4,30,1,29,15,8,43,4,10
"COG4932",146,87,79,57,220,189,59,37,103,260,164,107,111,269,171,227,110,21,120,151,75,63,191,254,308,231,105,111,231,79
"COG4933",1,16,3,0,2,0,0,11,2,1,2,0,0,7,11,3,1,8,6,11,1,4,0,1,0,2,2,11,6,2
"COG4936",4,6,9,0,22,14,14,6,8,5,8,10,13,10,54,25,15,2,4,14,13,6,9,0,1,15,6,1,2,4
"COG4937",17,14,15,24,16,15,5,33,5,19,5,11,17,12,4,14,14,52,21,32,9,8,0,0,0,20,16,25,9,35
"COG4938",7,12,15,3,53,4,45,6,87,23,9,7,36,10,15,8,10,145,11,30,53,6,2,0,4,0,4,32,5,14
"COG4939",0,0,0,0,0,0,1,0,0,0,0,1,0,0,0,0,0,0,0,0,0,0,0,0,0,0,0,0,0,0
"COG4940",5,2,5,1,5,4,4,2,0,0,3,5,2,1,2,3,1,0,3,7,0,4,0,0,1,4,6,7,3,2
"COG4942",9,9,13,16,5,8,10,12,8,5,2,5,9,6,8,24,18,10,55,16,61,28,10,29,2,11,19,39,30,8
"COG4943",1,1,6,5,0,0,3,1,2,3,4,3,12,0,0,0,1,0,0,6,0,0,7,101,1,1,15,0,68,0
"COG4946",164,202,169,427,145,176,187,334,144,96,71,108,174,117,71,206,160,209,199,105,176,164,18,4,6,103,180,226,68,177
"COG4947",4,24,8,1,24,4,0,8,20,5,23,47,10,6,10,17,17,5,6,8,4,17,16,1,37,20,0,13,5,20
"COG4948",84,94,98,130,100,79,114,79,132,69,82,286,112,78,72,79,53,73,91,96,121,107,44,357,141,79,143,90,156,85
"COG4950",1,1,1,1,0,0,0,0,1,0,1,0,1,0,0,0,0,0,0,2,0,0,1,18,1,0,2,0,18,1
"COG4951",29,19,11,35,12,35,32,14,116,40,74,14,15,14,8,14,22,39,11,30,38,13,43,13,3,30,20,12,17,21
"COG4952",0,0,0,1,0,1,1,0,1,1,2,0,0,0,1,1,3,0,2,2,4,1,0,2,1,1,2,3,1,1
"COG4953",44,30,46,68,15,18,30,7,6,9,3,14,31,21,3,21,29,11,57,26,30,33,3,31,3,12,32,54,50,11
"COG4955",0,0,0,0,0,0,0,0,0,0,0,0,0,0,0,0,0,0,0,0,0,0,0,0,0,0,0,0,1,0
"COG4956",3,2,3,1,6,2,4,5,3,5,7,4,7,4,4,12,6,5,2,20,6,2,20,0,43,1,2,10,3,7
"COG4957",0,0,1,0,0,0,0,0,0,0,0,0,0,0,1,0,0,1,0,0,1,0,0,0,0,0,0,0,0,0
"COG4959",0,0,0,1,0,0,2,2,0,0,0,1,0,1,1,0,2,0,0,0,3,0,0,0,11,0,0,0,0,3
"COG4962",65,55,33,25,109,64,51,31,77,80,100,27,52,103,150,54,70,21,22,31,28,28,93,72,78,110,85,27,48,45
"COG4963",8,3,0,0,4,4,2,0,0,0,2,0,1,0,2,1,4,0,0,1,0,0,0,3,0,3,1,1,0,0
"COG4964",0,0,0,0,0,3,0,4,0,0,0,0,1,0,0,0,3,0,0,0,0,0,0,0,0,0,0,1,25,21
"COG4965",14,19,13,3,25,7,16,6,7,12,45,13,27,7,36,18,23,2,1,8,3,2,45,17,15,12,16,6,4,6
"COG4967",0,0,0,3,0,0,0,0,0,0,0,0,1,0,0,0,0,0,0,0,0,1,2,24,0,0,1,0,13,1
"COG4969",0,1,2,2,2,0,1,1,0,0,0,0,4,0,0,0,0,1,0,4,0,0,3,23,0,0,5,0,13,0
"COG4972",15,13,3,1,40,25,12,6,18,24,22,10,29,11,43,31,2,2,3,14,7,2,14,6,8,46,10,5,24,21
"COG4973",50,47,58,36,52,50,39,66,30,42,29,28,90,69,20,39,50,81,52,39,33,43,8,27,1,37,36,44,52,64
"COG4974",503,412,467,455,408,343,557,438,410,649,334,346,458,451,439,433,325,375,594,499,536,459,222,227,136,319,378,572,189,577
"COG4975",0,0,0,0,0,0,0,0,0,0,0,0,0,0,0,0,0,0,0,0,0,0,20,3,0,0,1,0,2,0
"COG4977",297,322,223,167,73,133,87,142,89,75,91,83,92,102,147,111,102,123,191,105,172,188,35,0,8,50,75,148,56,28
"COG4978",23,11,25,23,13,20,20,15,11,18,13,20,24,17,27,26,14,7,49,24,29,18,20,71,37,9,24,17,21,17
"COG4981",0,0,0,0,0,1,0,0,6,0,7,0,7,0,0,0,0,0,0,12,1,0,113,0,203,3,23,16,43,0
"COG4982",0,0,2,0,0,0,0,0,6,0,4,0,1,0,0,0,1,0,0,9,0,0,97,0,168,4,13,20,42,0
"COG4983",5,1,1,1,5,2,7,1,5,5,3,0,1,6,5,10,13,3,2,0,2,3,6,11,2,4,7,7,5,1
"COG4984",7,9,12,13,2,3,8,2,4,3,1,6,5,3,1,2,10,4,6,6,2,29,0,0,0,2,6,5,0,1
"COG4985",9,5,1,0,16,5,7,1,1,11,9,6,10,1,6,7,4,1,2,7,1,4,1,0,0,21,3,1,9,12
"COG4986",0,0,0,0,0,0,0,0,0,0,0,0,0,0,0,0,0,0,0,0,0,0,8,0,2,0,0,0,0,0
"COG4987",0,1,0,3,0,0,5,9,1,0,17,1,5,0,0,1,11,9,3,9,27,2,27,44,70,0,2,2,27,1
"COG4988",17,15,30,12,32,14,17,16,20,18,24,74,32,13,34,6,62,20,16,26,5,11,126,51,201,17,58,33,63,13
"COG4989",8,8,8,4,7,2,3,0,3,13,22,6,15,6,1,3,6,1,12,5,8,3,33,17,10,3,8,5,15,1
"COG4990",6,12,4,1,14,9,8,2,15,12,20,23,21,2,16,15,15,3,6,8,0,3,50,10,5,27,7,11,12,6
"COG4992",126,113,130,153,127,155,151,182,159,136,138,165,110,98,147,138,185,131,119,148,101,130,129,142,150,97,148,119,153,146
"COG4993",1,0,2,4,0,0,1,1,2,0,0,1,6,0,0,0,0,0,2,8,0,1,13,78,0,0,7,0,34,0
"COG4995",9,26,19,9,26,79,1,13,27,7,1,8,0,16,41,92,23,5,10,3,40,77,0,0,0,22,14,27,2,3
"COG4997",5,0,2,1,0,3,0,0,2,1,1,0,4,0,6,0,15,1,2,11,0,0,2,0,0,7,0,0,0,1
"COG4999",778,626,634,349,542,563,468,435,250,507,359,336,336,833,684,637,397,235,421,346,411,537,175,96,62,529,328,456,335,325
"COG5000",130,115,149,180,108,104,140,195,93,73,66,66,118,105,29,29,47,49,44,32,48,63,3,0,4,19,45,51,14,32
"COG5001",140,202,87,141,290,157,158,134,186,361,259,231,206,126,385,270,273,51,105,91,121,60,141,202,72,198,158,64,76,87
"COG5002",1169,1400,1250,1322,480,763,1028,1602,638,541,405,482,616,718,530,858,954,568,756,586,755,1628,178,27,50,393,985,847,207,624
"COG5004",0,0,0,0,0,0,0,0,0,0,0,0,1,0,0,0,0,0,0,2,0,0,0,0,0,0,1,0,7,0
"COG5005",0,0,0,0,0,0,0,1,0,0,0,0,0,0,0,0,0,0,0,0,0,0,0,0,0,1,0,0,0,0
"COG5006",0,0,2,4,0,1,1,1,1,2,2,1,5,2,0,0,0,0,0,2,0,1,8,33,0,0,5,3,14,0
"COG5007",0,0,2,0,0,0,0,0,0,0,1,0,3,0,0,0,0,0,0,0,0,0,2,10,0,0,0,0,6,0
"COG5009",123,83,107,113,131,178,113,165,79,119,68,73,120,88,95,113,97,227,132,142,236,113,66,138,43,106,99,170,119,200
"COG5011",22,12,15,10,35,23,15,18,32,36,39,37,14,19,46,15,29,5,13,22,25,7,27,15,37,41,22,17,8,13
"COG5012",29,46,73,52,12,18,37,43,17,12,30,36,28,28,8,21,35,17,42,19,7,72,8,0,3,34,46,38,25,10
"COG5013",6,2,9,9,1,0,5,7,20,9,17,7,9,5,2,2,2,1,3,13,17,11,9,130,4,1,16,11,105,0
"COG5015",12,7,14,2,20,19,8,12,22,7,33,14,8,12,24,28,19,5,22,13,7,1,29,9,15,24,10,17,12,9
"COG5016",160,176,172,250,187,168,187,266,164,165,121,172,178,120,134,205,178,175,147,141,184,200,97,27,115,161,170,203,55,180
"COG5017",1,1,1,0,5,4,2,8,2,5,7,9,1,55,12,12,14,2,22,6,5,20,8,0,2,4,16,6,2,17
"COG5018",24,31,10,5,42,19,24,4,34,37,43,59,20,8,34,19,34,7,4,32,7,13,41,15,27,21,20,10,2,13
"COG5026",6,8,21,9,6,2,19,18,0,6,2,10,12,2,5,5,26,10,14,20,13,25,0,0,89,1,4,15,6,5
"COG5029",1,0,0,0,0,0,1,1,0,0,0,0,0,0,0,0,0,1,1,0,1,1,0,0,0,0,1,1,0,0
"COG5039",3,3,9,21,6,3,5,54,2,2,2,0,9,12,0,9,3,19,8,7,0,5,1,0,0,3,12,5,0,12
"COG5042",0,0,0,0,1,0,0,0,0,0,0,0,0,0,0,0,0,0,0,0,0,0,0,0,0,2,0,1,0,0
"COG5048",1,0,0,0,11,3,1,0,0,0,0,3,11,0,1,0,0,0,7,0,0,1,0,0,0,0,0,0,0,0
"COG5108",0,0,0,0,2,0,0,0,0,0,0,0,0,4,0,0,0,6,3,0,2,0,64,0,0,1,0,0,1,0
"COG5146",25,19,30,14,8,28,39,36,38,6,10,18,21,17,17,25,11,33,17,15,40,21,0,0,2,6,25,20,14,30
"COG5184",14,12,3,0,106,10,4,1,0,12,62,17,8,148,44,193,1,0,0,13,1,23,2,0,2,75,146,11,18,53
"COG5206",20,10,1,0,0,16,42,1,88,3,3,1,10,15,4,10,0,4,3,7,7,0,0,0,0,0,1,10,1,7
"COG5255",0,1,0,0,0,0,0,0,0,0,0,0,0,0,0,0,0,0,0,1,0,0,0,0,0,0,0,0,0,0
"COG5263",52,44,21,100,43,37,57,15,47,52,103,43,54,40,43,20,31,11,71,70,88,34,163,204,135,43,109,26,88,11
"COG5265",0,0,0,0,0,0,0,0,0,0,2,1,17,0,0,0,0,0,0,0,0,0,0,0,0,0,0,0,0,0
"COG5266",3,1,1,5,0,1,4,5,1,0,2,2,0,2,0,2,0,0,0,1,2,3,2,81,2,1,1,1,28,0
"COG5268",0,0,0,0,0,0,0,0,0,0,0,0,0,0,0,0,0,0,0,0,1,1,0,0,8,0,0,0,0,0
"COG5271",1,0,0,2,0,0,0,0,0,0,0,1,0,0,0,0,2,0,8,2,0,0,0,0,0,0,0,1,0,0
"COG5272",0,0,0,0,0,0,0,0,0,0,0,1,1,0,0,0,0,0,0,0,0,0,0,1,1,0,1,0,0,0
"COG5276",2,0,1,0,1,0,1,1,0,1,4,1,1,1,0,0,0,0,2,1,0,0,3,0,1,0,4,0,0,0
"COG5279",48,55,32,7,106,67,32,19,40,212,105,43,51,88,73,72,64,15,40,27,33,16,70,22,21,94,33,22,15,42
"COG5280",19,11,1,13,19,3,8,7,5,56,13,99,10,10,4,6,1,5,8,18,10,11,2,21,94,14,8,1,170,1
"COG5281",21,8,7,8,7,117,8,2,10,26,9,5,92,1,2,4,1,4,1,25,23,21,6,171,5,2,3,2,214,5
"COG5282",0,0,0,0,0,0,0,0,1,1,1,0,0,0,0,0,0,0,0,6,0,0,33,0,34,0,6,3,14,0
"COG5283",40,78,31,55,84,24,29,23,54,36,33,170,40,53,41,60,16,8,30,50,117,42,55,44,86,60,54,66,195,16
"COG5293",0,0,1,0,5,3,10,0,1,11,5,0,1,1,0,0,0,0,2,0,1,0,3,0,0,3,0,1,6,0
"COG5294",5,0,1,0,0,0,0,0,1,0,0,0,0,0,0,1,0,0,0,0,0,0,0,0,0,0,0,0,2,0
"COG5295",6,5,16,12,2,3,13,6,26,7,43,19,14,10,63,5,53,3,8,38,72,19,8,8,29,0,20,69,4,18
"COG5298",0,0,0,0,0,0,2,0,0,0,2,3,3,0,1,2,0,0,2,3,0,1,0,0,0,1,0,2,2,0
"COG5301",1,1,2,10,1,1,4,5,2,1,1,0,3,1,1,1,1,1,0,24,1,2,0,69,7,1,0,4,101,4
"COG5302",0,0,0,0,0,0,1,0,0,0,2,1,1,0,1,0,0,0,0,0,0,0,0,20,0,0,4,2,14,0
"COG5305",0,0,3,0,22,3,13,4,3,2,11,0,0,32,12,21,7,0,1,6,0,1,2,0,3,37,0,3,2,22
"COG5309",0,1,0,0,2,1,1,0,0,1,4,0,0,0,0,1,0,0,0,2,0,0,0,0,0,2,0,0,0,0
"COG5314",0,0,0,0,0,0,0,1,0,0,0,0,2,0,0,0,0,0,0,0,0,0,0,0,0,0,0,0,0,0
"COG5319",3,0,0,0,0,0,0,0,1,0,0,0,1,3,0,0,3,0,0,0,0,1,0,0,0,0,0,1,0,0
"COG5322",1,4,1,1,0,2,0,0,0,0,0,3,2,0,5,0,1,1,4,1,0,0,0,0,1,0,0,3,0,0
"COG5324",0,0,2,0,0,0,0,0,2,0,2,0,0,0,0,0,0,0,0,3,0,0,0,0,0,3,0,4,4,0
"COG5337",14,34,5,0,21,8,1,6,8,8,23,83,6,10,9,32,6,0,3,12,4,1,30,0,79,6,27,2,18,5
"COG5339",0,2,4,7,0,0,1,2,0,3,1,1,5,0,0,0,0,0,0,5,1,1,2,79,2,0,10,1,59,0
"COG5340",0,0,0,0,0,0,3,2,0,1,0,0,1,0,1,0,1,0,0,7,0,1,0,0,0,9,1,2,3,2
"COG5341",3,1,8,3,6,7,8,0,4,1,2,3,2,2,2,1,4,2,2,15,1,4,7,0,6,7,1,0,1,2
"COG5345",3,0,0,1,1,1,0,1,0,0,0,0,1,0,0,0,0,0,0,0,0,1,0,0,0,0,0,0,0,1
"COG5353",0,0,2,0,0,0,0,0,0,0,1,0,0,0,0,0,0,0,1,0,0,0,0,0,1,0,0,0,1,0
"COG5360",0,4,1,8,2,0,0,0,14,10,0,1,3,1,2,2,0,2,2,4,1,0,0,0,0,0,0,8,6,0
"COG5361",6,30,13,0,11,12,2,1,2,10,3,38,4,3,2,17,4,0,3,12,2,1,3,0,0,9,0,2,1,4
"COG5362",0,2,2,9,7,5,43,0,2,1,6,38,1,0,0,1,0,0,1,4,9,1,0,0,1,4,0,0,3,2
"COG5368",104,91,142,81,28,108,131,80,74,18,36,42,111,95,87,101,75,32,44,22,52,148,2,1,2,36,73,62,28,87
"COG5373",7,5,22,14,3,3,8,4,0,2,1,5,4,5,1,1,12,1,13,0,12,21,0,0,0,0,9,12,0,0
"COG5377",2,8,5,3,11,1,1,1,10,5,1,16,8,3,10,11,10,5,11,17,11,9,28,23,10,38,18,13,8,33
"COG5383",1,0,2,3,0,0,0,0,0,0,1,0,3,0,0,1,0,0,0,2,0,2,1,27,0,1,3,1,21,1
"COG5393",0,0,0,1,0,0,0,0,0,0,0,0,1,0,0,0,0,0,0,0,0,0,3,5,0,0,0,0,3,0
"COG5398",0,0,0,0,0,0,0,0,0,0,0,0,0,0,0,0,0,0,0,0,0,0,3,0,0,0,1,0,0,0
"COG5401",4,0,0,0,2,0,0,0,0,0,4,0,0,32,4,4,0,0,0,0,0,0,0,0,0,4,0,2,0,0
"COG5404",0,0,4,1,0,0,0,0,1,0,0,0,0,0,0,0,0,1,0,3,0,1,1,27,1,0,2,0,22,0
"COG5405",2,0,10,7,2,0,7,12,1,2,3,0,2,2,0,3,15,9,4,8,10,7,4,12,74,1,2,3,14,5
"COG5410",59,10,16,36,35,5,47,29,55,15,30,45,71,10,14,2,5,14,10,9,4,7,0,4,0,9,7,21,26,3
"COG5412",28,1,2,7,36,12,9,5,4,78,31,9,4,21,48,20,16,6,11,5,11,8,64,0,14,23,19,15,13,20
"COG5413",0,0,0,0,0,0,0,1,0,0,0,0,0,0,0,0,0,0,0,0,0,0,0,0,0,0,0,0,0,0
"COG5418",0,0,2,1,0,1,1,1,0,0,0,0,0,0,0,0,0,0,2,0,0,1,0,5,1,0,1,0,0,0
"COG5421",71,5,38,2,1,21,5,30,118,11,17,57,25,63,13,20,3,14,8,95,123,11,36,6,9,11,17,20,7,4
"COG5423",2,1,0,0,0,0,1,0,2,1,0,2,7,3,4,0,1,2,5,8,0,1,0,0,0,2,3,3,0,1
"COG5424",0,0,0,0,0,0,0,0,0,0,0,0,0,0,0,0,0,0,0,0,0,0,1,0,0,0,0,0,0,0
"COG5426",3,0,0,1,2,0,2,0,2,0,3,2,3,3,0,2,0,1,0,2,3,3,0,33,0,0,1,3,0,1
"COG5427",6,2,9,2,1,3,2,3,10,12,27,8,17,11,3,2,2,0,6,5,1,3,20,0,5,4,44,1,1,1
"COG5433",69,46,59,115,29,23,35,126,59,85,12,37,30,51,36,46,48,150,42,62,32,90,25,171,13,22,78,62,147,15
"COG5434",428,668,457,504,334,320,452,623,376,258,169,277,267,262,192,419,418,477,284,259,286,643,123,41,79,249,376,377,66,388
"COG5437",1,1,0,0,0,0,0,2,0,0,0,0,0,0,0,2,0,1,0,0,1,3,0,2,0,0,0,3,0,0
"COG5438",27,24,18,20,21,13,23,21,30,25,31,34,33,54,25,11,17,12,18,18,17,23,103,13,73,39,47,12,7,5
"COG5441",3,0,0,3,3,1,0,0,1,0,9,1,3,3,1,0,1,2,0,4,12,2,2,24,8,8,4,1,3,2
"COG5444",29,3,7,0,2,2,5,1,9,0,8,3,2,3,9,2,24,0,0,1,0,3,14,6,0,12,2,1,0,3
"COG5445",0,1,1,5,0,0,0,0,0,0,2,2,7,0,0,0,0,0,0,4,0,2,0,49,1,0,1,1,32,0
"COG5449",0,0,1,1,0,0,2,0,4,0,0,0,0,0,0,1,0,0,0,0,1,0,0,0,0,0,1,0,0,0
"COG5455",0,0,1,0,0,0,0,0,0,0,0,1,1,0,0,0,1,0,0,0,0,0,2,13,0,0,1,0,7,1
"COG5457",0,0,0,0,0,0,0,0,0,0,0,0,0,0,0,0,0,0,0,1,0,0,0,0,0,0,0,0,5,0
"COG5459",1,0,0,0,0,1,0,0,0,0,2,0,0,21,4,4,0,0,0,0,0,0,0,0,0,4,0,0,0,0
"COG5463",0,1,1,2,0,0,0,2,0,0,0,0,5,0,0,0,0,0,0,3,0,0,1,27,0,0,1,0,11,0
"COG5464",3,3,25,11,1,1,13,8,8,12,23,8,18,0,1,0,3,69,8,19,4,8,2,109,1,6,20,12,198,64
"COG5470",0,0,0,0,0,0,0,0,0,0,0,0,0,1,0,0,0,1,0,0,0,0,0,0,0,0,0,0,0,0
"COG5471",0,0,0,1,0,0,0,0,0,0,0,0,0,0,0,0,1,0,0,5,2,0,0,0,0,0,0,0,1,0
"COG5474",0,1,0,2,4,0,0,0,0,2,0,0,0,0,0,0,0,0,0,1,0,0,0,0,0,0,0,0,7,0
"COG5475",0,0,1,1,0,0,0,0,0,0,0,0,3,0,0,0,0,0,0,2,0,0,0,4,0,0,1,0,7,0
"COG5476",4,3,9,4,2,11,1,1,3,8,0,6,8,2,0,0,1,2,12,4,3,2,4,3,0,2,4,13,6,8
"COG5482",0,0,0,0,3,2,0,1,0,0,0,2,0,0,0,0,0,0,0,0,3,4,0,0,0,0,4,0,0,0
"COG5483",0,3,0,1,0,0,1,0,0,0,0,0,3,1,1,0,18,0,0,0,11,0,3,0,0,2,0,0,1,0
"COG5484",2,2,1,6,10,0,2,1,3,1,4,0,5,1,3,0,2,3,0,11,13,1,1,2,3,0,5,0,104,2
"COG5485",0,0,1,0,0,0,0,0,0,0,0,0,3,0,0,0,0,0,4,1,1,3,0,0,0,1,1,0,2,0
"COG5492",82,112,36,75,156,65,50,72,71,48,83,77,186,341,482,275,118,35,73,68,56,79,57,26,23,98,65,72,38,43
"COG5493",0,0,0,0,0,1,0,0,0,0,0,0,0,8,2,0,0,0,0,0,0,0,0,3,0,1,0,0,0,1
"COG5495",6,15,6,3,11,11,6,8,10,29,12,26,9,7,24,16,15,6,6,30,10,1,8,8,48,13,14,11,7,2
"COG5496",14,13,28,11,23,20,18,16,15,24,29,30,16,28,20,12,26,17,22,19,19,15,19,1,20,14,19,20,9,21
"COG5498",45,127,39,44,65,57,25,42,32,29,43,28,47,18,29,74,41,58,47,54,44,34,8,16,2,44,41,75,17,80
"COG5499",0,0,0,1,0,0,1,0,0,1,0,0,2,0,0,0,0,0,0,5,0,2,0,33,0,0,4,2,12,0
"COG5503",0,0,0,0,0,0,0,0,0,0,0,0,0,1,0,0,1,0,1,0,0,0,4,0,0,0,0,0,0,0
"COG5504",0,0,1,1,5,0,2,1,0,1,1,1,2,1,1,1,0,0,1,0,0,0,0,5,0,0,4,0,2,0
"COG5505",9,6,10,3,7,5,7,3,17,6,10,12,16,6,15,2,1,0,0,3,4,0,2,10,1,1,4,3,2,5
"COG5506",1,0,0,0,0,0,0,0,0,0,4,0,0,0,0,0,0,0,1,0,0,0,3,0,0,0,1,0,0,0
"COG5507",0,0,2,1,0,0,0,0,0,1,0,0,2,0,0,0,1,0,0,5,0,1,0,26,0,0,0,0,11,0
"COG5510",0,0,0,0,0,0,0,0,0,1,0,0,1,0,0,0,0,0,0,0,0,0,3,5,0,0,0,0,3,0
"COG5511",23,11,10,20,12,5,7,0,9,16,2,50,7,9,6,3,2,3,3,46,19,1,1,72,0,8,6,13,108,5
"COG5512",3,0,2,0,1,0,4,13,1,1,2,2,2,1,1,0,10,8,6,16,7,3,18,0,51,1,5,6,10,6
"COG5514",0,0,0,0,0,0,0,0,0,0,0,0,2,0,0,0,0,0,0,0,4,0,0,0,0,0,0,0,0,0
"COG5517",0,0,3,3,0,0,0,1,1,2,0,2,0,0,0,0,0,0,0,0,0,0,0,18,0,0,3,0,12,0
"COG5518",1,5,0,7,3,1,0,0,0,1,0,32,1,0,0,2,1,0,1,10,9,0,0,0,0,1,0,0,69,1
"COG5519",15,0,0,19,6,4,6,2,3,0,7,73,13,0,1,11,1,2,1,9,5,1,0,5,2,9,25,5,39,13
"COG5520",157,189,122,155,122,217,88,207,21,58,61,78,68,85,48,122,132,104,78,68,100,128,58,26,9,83,74,98,21,134
"COG5521",0,0,0,0,0,0,0,0,0,0,0,0,0,0,0,0,0,0,1,0,0,0,0,0,0,0,0,0,1,0
"COG5522",0,4,1,1,3,5,3,3,4,1,2,26,4,2,4,0,4,5,2,0,1,3,3,0,7,4,0,0,9,15
"COG5523",37,50,22,29,53,24,10,20,40,55,61,61,22,28,22,23,21,27,23,33,21,20,56,8,64,42,34,15,17,27
"COG5525",47,6,9,25,14,8,14,1,16,23,4,51,18,11,13,3,8,8,6,71,21,8,1,121,8,8,14,20,199,12
"COG5527",4,2,5,1,2,5,5,1,2,3,7,5,15,9,9,25,2,8,8,13,5,4,39,83,29,64,2,14,36,2
"COG5529",1,0,2,0,0,0,0,0,0,2,1,1,0,0,0,0,0,1,0,7,1,0,6,11,0,0,0,2,24,0
"COG5532",0,0,0,4,0,3,0,0,0,0,0,0,0,0,0,0,0,0,0,0,2,1,0,19,0,0,1,0,6,0
"COG5542",4,7,4,0,8,2,3,1,2,2,2,3,4,4,5,24,3,0,1,12,0,5,0,0,2,55,16,6,9,15
"COG5544",0,0,0,0,0,0,0,1,0,0,0,0,0,0,0,0,0,0,0,1,0,0,0,17,0,0,0,0,7,0
"COG5545",354,353,231,415,190,284,290,230,332,245,206,332,212,517,242,278,191,432,154,242,268,420,168,68,87,205,239,266,53,563
"COG5546",0,0,0,0,2,0,0,0,1,0,0,1,1,0,0,0,0,0,0,0,0,0,5,0,0,2,1,0,0,0
"COG5549",1,0,0,0,1,0,0,0,0,0,2,0,0,0,0,0,0,0,2,0,2,0,17,0,0,0,0,1,0,0
"COG5551",1,0,0,1,1,2,2,0,0,1,4,0,1,2,4,2,7,1,2,12,0,1,0,0,3,4,0,0,3,0
"COG5557",2,2,5,11,0,0,3,2,6,2,0,1,3,3,1,0,0,0,4,4,4,1,0,45,2,2,8,2,30,1
"COG5561",5,2,4,4,4,2,7,7,2,0,0,8,3,3,6,1,5,2,8,14,7,3,1,0,22,3,8,7,2,1
"COG5562",0,1,0,1,0,0,1,1,0,0,0,1,1,0,0,0,0,0,0,6,0,1,1,25,0,0,0,0,25,1
"COG5564",1,0,1,0,2,0,0,0,0,0,0,0,1,2,0,0,0,1,2,0,0,0,0,1,0,2,0,0,1,0
"COG5565",1,0,0,0,0,0,0,0,0,0,0,0,0,0,0,0,0,0,0,0,0,1,0,1,0,0,0,0,0,0
"COG5566",0,0,0,0,0,0,0,0,0,0,0,0,0,0,0,0,0,1,0,0,0,0,0,1,0,0,0,0,0,0
"COG5567",0,0,1,1,0,0,0,0,0,1,0,0,1,0,0,1,0,0,0,3,0,0,6,7,0,0,0,0,11,0
"COG5569",0,0,0,0,0,0,0,0,1,0,0,0,0,0,0,0,0,0,1,1,0,0,0,22,0,0,3,0,13,0
"COG5571",0,0,1,3,0,0,0,0,1,0,1,0,1,0,0,0,0,0,0,3,0,0,3,21,0,0,4,2,14,0
"COG5577",12,9,1,0,12,5,9,5,13,26,12,5,13,5,16,15,15,5,1,4,5,1,12,0,0,5,8,2,0,9
"COG5578",0,0,0,0,1,0,0,0,0,0,0,0,0,0,0,0,1,0,0,0,0,0,0,1,0,0,3,0,2,0
"COG5579",3,3,3,5,0,3,2,3,1,8,2,7,0,4,1,1,1,0,3,0,8,2,0,0,2,4,5,1,0,1
"COG5581",0,0,2,0,0,0,0,0,0,0,0,0,5,0,0,0,0,0,0,2,1,3,2,27,0,0,3,0,15,1
"COG5585",10,11,1,0,20,60,6,1,19,76,20,10,3,3,0,2,18,5,6,7,18,2,0,20,6,11,11,7,0,13
"COG5586",1,0,0,0,0,0,0,0,0,0,0,0,0,0,0,0,0,0,0,0,0,0,0,1,0,0,0,1,3,0
"COG5587",30,36,45,36,29,35,29,61,35,15,14,30,38,36,20,36,29,34,62,35,36,25,1,0,3,36,23,29,19,25
"COG5595",0,0,0,0,0,0,0,2,0,0,1,0,0,0,0,0,0,0,0,0,0,0,0,0,0,0,0,0,0,0
"COG5598",0,2,1,4,0,1,4,0,2,0,0,2,0,1,1,1,0,0,0,0,0,1,0,0,0,2,0,0,0,2
"COG5610",22,20,10,38,37,17,58,99,19,26,81,3,34,9,19,52,13,5,10,8,8,13,1,0,0,9,15,13,6,21
"COG5614",2,0,0,0,1,0,0,0,0,2,0,0,0,2,1,0,0,0,2,0,5,2,0,9,0,1,1,0,29,0
"COG5617",16,21,0,0,17,2,5,2,6,5,10,0,17,9,9,19,19,3,0,1,13,3,7,0,0,9,0,0,0,6
"COG5618",0,2,0,0,1,0,0,0,0,0,1,1,1,0,0,0,0,0,2,0,0,0,3,0,1,1,1,0,0,0
"COG5619",0,0,2,0,1,1,0,0,2,5,1,1,2,1,0,0,2,0,0,0,0,0,1,0,37,0,2,4,0,0
"COG5620",2,3,25,22,6,10,22,25,21,10,8,26,9,6,18,1,30,8,19,12,1,2,1,1,1,12,17,4,11,9
"COG5632",14,15,11,19,29,35,17,13,21,41,49,22,21,33,23,20,16,5,11,62,20,13,66,26,12,37,30,12,40,36
"COG5633",0,0,0,1,0,0,0,1,0,0,1,0,0,0,0,0,0,0,1,1,0,0,1,8,0,0,1,0,7,1
"COG5635",2,47,6,61,9,1,9,31,0,8,33,6,6,9,0,6,3,19,8,21,0,0,0,1,0,0,0,0,0,2
"COG5640",2,0,0,0,0,0,0,0,2,0,0,1,0,0,0,0,3,0,1,0,0,0,0,0,0,0,0,0,0,0
"COG5642",0,0,0,0,0,0,0,0,0,0,0,0,0,0,0,0,0,1,0,0,0,0,0,0,0,0,0,0,0,0
"COG5645",1,0,1,3,0,0,0,0,0,0,1,1,1,0,0,0,0,0,0,1,0,0,0,21,0,1,6,0,13,1
"COG5646",0,0,0,0,0,0,0,0,0,0,0,0,0,0,0,0,0,0,1,0,0,0,0,0,0,0,0,0,0,0
"COG5651",0,0,0,0,0,0,0,0,0,1,0,0,0,0,0,0,0,0,0,0,0,1,0,0,1,0,0,0,0,1
"COG5652",17,18,6,1,29,10,12,4,19,23,24,12,18,30,34,33,21,1,7,11,8,5,23,20,6,35,16,9,6,14
"COG5654",1,0,0,0,0,0,0,0,0,0,0,0,0,0,0,0,0,0,1,0,0,0,0,0,0,0,0,0,0,0
"COG5655",0,0,23,0,23,0,0,5,1,1,2,1,9,0,2,0,5,1,2,9,2,10,26,363,0,0,5,0,204,1
"COG5658",8,13,9,3,8,13,2,12,25,11,35,5,23,8,18,7,21,1,4,4,7,4,28,8,22,18,11,1,2,5
"COG5659",0,0,0,0,0,0,1,1,0,0,0,0,0,0,0,0,0,0,11,0,0,0,0,0,0,0,0,0,0,0
"COG5663",9,2,2,7,2,16,4,4,7,3,11,2,5,72,29,25,10,1,1,0,0,0,3,1,0,7,3,0,1,10
