"","X138_MES_0d2.3","X34_SUR_0d2.1d6","X7_DCM_0d2.1d6","X41_SUR_0d2.1d6","X124_DCM_0d45.0d8","X142_MES_0d2.3","X67_SUR_0d45.0d8","X56_MES_0d2.3","X124_DCM_0d1.0d2","X132_SUR_0d2.3"
"COG0001",4478,2949,2841,3133,5235,5277,2943,4869,1790,3678
"COG0002",2276,2764,1860,3212,2009,2707,2184,2740,1366,3136
"COG0003",154,202,162,135,165,133,103,83,353,52
"COG0004",6231,9125,10642,8891,5441,1351,1586,1259,946,2048
"COG0005",3051,2330,1760,2686,2148,2637,1274,2714,989,2660
"COG0006",13052,12553,10165,10208,9078,13538,10670,11337,4418,9500
"COG0007",1869,675,1575,1077,1800,1866,1169,1596,1005,1067
"COG0008",7468,7366,6588,6545,7721,7971,8169,7415,3098,6780
"COG0009",2200,2926,2188,2850,2126,2680,2933,2684,1202,2995
"COG0010",3905,4603,3990,4764,2812,4418,3854,4272,1770,4248
"COG0011",138,88,46,85,119,61,28,91,97,30
"COG0012",3841,4653,3865,5003,3712,5188,3828,5293,1594,4874
"COG0013",7555,9719,8856,10363,7135,8279,7955,8611,3697,10742
"COG0014",2237,4176,3392,4669,2453,2263,2286,2504,1736,4524
"COG0015",4009,5254,4599,5558,4280,3948,4753,4063,1991,5531
"COG0016",3291,4070,3562,4085,3144,3570,3548,3475,1538,4276
"COG0017",2564,1570,1568,678,2613,3382,2297,3167,560,957
"COG0018",4718,6497,4805,7271,4837,4900,6279,5535,2410,7362
"COG0019",4100,6096,4859,6550,3727,4289,4472,5102,2882,6786
"COG0020",2221,2666,1941,2727,1967,2288,2789,2509,1121,2542
"COG0021",6659,6688,6450,6928,4678,4741,4252,4671,2590,7436
"COG0022",3895,4392,4444,4113,5271,3854,7441,4553,2883,4667
"COG0023",356,259,283,361,321,516,411,471,131,346
"COG0024",2524,3072,3068,3014,2526,2635,2440,3076,1412,3189
"COG0025",1912,945,1431,1451,1700,2261,1009,2907,1352,1476
"COG0026",674,2793,2111,3903,1627,1477,2735,2034,1400,3700
"COG0027",229,587,592,1453,707,202,542,451,801,1250
"COG0028",3655,3431,3463,3313,3978,15224,9938,14249,5975,14069
"COG0029",1620,1507,2490,2274,1951,897,1316,1109,1042,2581
"COG0030",2506,2806,1801,3063,2271,2639,2923,2930,1199,3026
"COG0031",4757,4323,4380,5107,4537,5191,4404,5384,3745,5659
"COG0033",388,630,1030,1834,511,282,105,721,741,1697
"COG0034",4575,5278,5397,5425,4447,4697,5306,4782,2107,6169
"COG0035",576,816,702,1172,664,730,760,664,598,1038
"COG0036",2176,2849,2250,2726,2322,2477,2482,2497,1275,2941
"COG0037",4988,5114,3660,5674,4777,5247,5312,5266,2783,5216
"COG0038",1413,1519,1680,1896,1833,2073,1126,2001,952,1769
"COG0039",2875,3668,3659,3276,2950,3106,3062,2957,1203,3524
"COG0040",1611,1861,1610,1920,1609,1750,1745,2001,834,2145
"COG0041",1395,1834,1699,1808,1439,1570,1557,1561,643,1904
"COG0042",3172,4075,4136,4750,3905,2840,4062,2797,2279,4668
"COG0043",4020,1635,1679,589,5521,4137,891,3257,1144,495
"COG0044",6686,6912,5865,5928,5084,6632,6082,6532,2375,6405
"COG0045",4007,4955,4420,4272,3695,4720,4529,4572,1673,4752
"COG0046",8500,8144,8175,8276,7345,8232,8719,7719,3198,9664
"COG0047",3833,3617,3939,3792,3692,4344,4918,3713,1667,4263
"COG0048",1187,1357,1512,1356,1138,355,301,318,146,369
"COG0049",1613,1788,1643,1571,1506,1761,1758,1651,787,1693
"COG0050",4908,4337,6110,4453,3987,907,1142,744,523,1311
"COG0051",853,1114,1131,1044,968,930,1188,966,503,1150
"COG0052",2479,2880,2737,2788,2349,2585,3039,2696,1271,3044
"COG0053",1941,777,413,395,445,424,184,323,153,61
"COG0054",937,1369,1305,1672,1238,1143,1371,1235,591,1732
"COG0055",3925,5450,6772,5800,3830,3557,4598,3506,2259,6637
"COG0056",4359,6109,7134,6522,4195,4021,5524,3838,2628,7487
"COG0057",4486,5271,5970,5156,4169,4336,5969,4606,2950,6105
"COG0058",1423,2667,2317,2904,1390,1022,246,1284,3838,2277
"COG0059",2457,3431,4105,3842,2689,3028,3237,3084,1632,4166
"COG0060",9148,11161,9374,10920,8211,9285,10384,9776,4211,11225
"COG0061",2719,3121,2589,3523,2720,3501,3050,3658,1487,3834
"COG0062",3367,1700,1311,1858,2279,805,141,692,221,505
"COG0063",3816,2009,1608,2212,2505,3485,1000,3081,1077,2398
"COG0064",3273,4763,4030,5557,3253,3661,3726,4158,1826,5377
"COG0065",3905,6247,6321,6125,4811,4547,4545,4603,2222,6488
"COG0066",1664,2993,2151,2764,2373,2085,2314,2291,1072,2590
"COG0067",6925,12706,12815,13968,7081,7222,9375,7639,5280,13462
"COG0068",389,16,476,35,352,132,15,124,274,104
"COG0069",11095,16417,17646,18003,9680,11490,12325,11432,6613,18132
"COG0070",6100,11858,12341,12255,6804,5908,8576,6856,4818,12037
"COG0071",2065,3245,4065,3904,1709,1929,2383,2461,17224,2222
"COG0072",5800,8360,6352,8922,6123,5898,7390,6384,3230,9154
"COG0073",5325,6863,6579,6668,5537,5210,7780,5270,3332,6539
"COG0074",3179,3639,3719,3124,2964,4302,3105,3700,1274,3408
"COG0075",3780,3107,3523,3897,3844,4209,2306,3717,1756,3808
"COG0076",1951,1346,1647,1872,1767,2165,1759,1666,2206,1750
"COG0077",2160,3246,2759,3381,2164,2485,2784,2402,1304,3524
"COG0078",2819,2997,2404,2595,2485,3143,2123,3042,1233,2919
"COG0079",6044,4769,4008,6273,4407,5251,4119,5998,3530,6114
"COG0080",1409,1559,1350,1536,1204,1487,1372,1406,703,1471
"COG0081",2077,2681,2714,2615,2149,2445,2302,2472,1052,2852
"COG0082",2511,4323,3924,4470,3034,2903,3226,3072,1641,4621
"COG0083",703,524,828,852,846,1323,620,1299,547,863
"COG0084",2575,2520,2414,2681,2438,2595,2961,2631,1565,2617
"COG0085",11459,13791,15669,13409,10889,11905,16763,11467,8071,15082
"COG0086",11578,16114,17917,15677,11609,10476,16664,10775,9243,17805
"COG0087",2172,2642,2421,2576,2155,2445,2313,2616,1087,2741
"COG0088",1827,2417,1945,2408,1859,2016,2154,2198,1003,2261
"COG0089",213,245,195,229,191,890,964,1016,450,930
"COG0090",2579,3169,3437,3283,2351,2618,2673,2572,1222,3536
"COG0091",1129,1378,1342,1299,1084,1200,1247,1205,522,1394
"COG0092",529,642,705,625,543,2190,2486,2183,1079,2743
"COG0093",1046,1317,1549,1320,1034,1197,1120,1135,514,1454
"COG0094",1838,2126,1875,2011,1703,1839,2011,2023,903,2090
"COG0095",1319,475,257,687,562,716,185,833,229,628
"COG0096",1267,1491,1429,1453,1190,1287,1367,1405,641,1580
"COG0097",429,525,502,544,396,1610,1816,1813,912,2160
"COG0098",1689,1866,2300,1879,1604,1701,1683,1600,763,1952
"COG0099",331,353,363,382,296,1466,1410,1479,669,1573
"COG0100",1273,1489,1585,1253,1170,1379,1305,1411,644,1382
"COG0101",1789,3108,2132,2937,2014,1740,3014,1843,1159,2940
"COG0102",1440,1800,1569,1685,1249,1589,1746,1670,757,1704
"COG0103",1189,1541,1348,1500,1210,1274,1404,1289,658,1507
"COG0104",3871,5070,5213,5361,3675,4000,4126,4231,3893,5221
"COG0105",1591,1451,1330,1494,1289,315,340,353,152,404
"COG0106",333,465,398,555,340,1553,1526,1785,850,2195
"COG0107",2041,2439,2448,2678,1978,2071,1674,2243,1196,3016
"COG0108",2079,3913,3399,4578,3048,2484,3175,2783,1979,4373
"COG0109",2737,3917,3230,3962,3012,3662,3211,3374,1603,4278
"COG0110",1817,1068,1106,1040,1865,2166,1658,2378,1474,1246
"COG0111",9688,9179,7700,8755,10220,8553,8757,8066,5336,9186
"COG0112",3998,5049,5214,5329,3990,4363,4538,4266,2667,5381
"COG0113",1807,3087,3219,3875,2487,2325,2621,2537,1255,4012
"COG0114",2488,4760,4305,4892,3505,2812,3659,3078,1844,5192
"COG0115",6397,7094,6373,7467,6816,6955,8001,7096,2945,7810
"COG0116",630,662,1266,1375,1279,733,1574,605,815,1436
"COG0117",1819,3182,2310,3135,2410,1616,2976,1684,1189,3116
"COG0118",1601,2091,1474,2087,1648,1571,1543,1782,942,2347
"COG0119",8546,10309,9981,9844,7494,8707,8392,8123,5030,9953
"COG0120",704,1059,1175,941,1053,1299,1130,1189,530,1155
"COG0121",393,96,245,55,313,306,83,159,243,47
"COG0122",1888,2084,1505,1902,1888,2662,1718,2612,848,1775
"COG0123",2642,4447,3084,3503,2483,2380,2563,1988,1774,3498
"COG0124",3938,5124,3830,5362,3685,4189,4472,4392,1898,5272
"COG0125",1879,2243,1500,2102,1781,1896,1278,1933,798,1995
"COG0126",3442,4635,3654,4824,3338,3923,4279,4071,1666,5041
"COG0127",1911,2578,1907,2817,1917,1768,2152,2105,1119,2920
"COG0128",2841,4533,3405,4667,3560,3803,4221,3900,1901,4985
"COG0129",5601,8447,8894,8404,6697,6591,7252,6518,3156,8749
"COG0130",1929,2187,1853,2196,2245,2308,2676,2230,865,2124
"COG0131",1437,1683,2024,2037,1289,1779,1857,1808,798,2305
"COG0132",581,462,570,722,715,1001,381,1193,384,689
"COG0133",2618,3530,3794,4196,2744,3114,2774,3155,1439,4625
"COG0134",1760,2383,1656,2897,1812,560,483,645,260,773
"COG0135",1215,1838,1377,1790,1323,1299,1781,1246,807,2001
"COG0136",711,982,947,1171,711,3583,3663,3583,1842,4444
"COG0137",2947,3499,3477,3785,2613,3427,2810,3585,1591,3987
"COG0138",4286,5619,4677,5730,4544,3777,5434,3868,3342,6019
"COG0139",899,1291,1324,1658,1029,1142,988,1233,639,1627
"COG0140",379,717,806,1100,571,512,834,632,404,1156
"COG0141",3228,5826,5412,5608,3244,4159,4820,3893,2107,5944
"COG0142",5362,7679,6003,7544,5989,6355,7200,6743,2861,7820
"COG0143",5216,6198,4731,5751,4603,5567,5998,5747,2389,6128
"COG0144",2027,2704,2342,3120,2789,501,707,537,275,761
"COG0145",8985,4042,3154,2653,9804,5812,4500,4829,1294,2505
"COG0146",7044,3334,2310,1940,8276,4927,3149,4061,1197,2049
"COG0147",5219,7181,5685,8060,5165,5544,6181,6174,3145,8437
"COG0148",4076,4891,4130,4808,3955,4436,4251,4387,1965,5093
"COG0149",1968,2672,1868,2682,1943,2028,2487,2440,1066,2739
"COG0150",3089,3451,3091,4163,3049,3361,3468,3691,8071,3921
"COG0151",3734,4870,3682,4820,3635,4422,4345,4191,1678,5105
"COG0152",2683,2678,2533,2593,2484,2654,2898,2640,3389,3056
"COG0153",1447,792,771,492,739,848,1132,801,299,765
"COG0154",11182,12058,10348,11734,14110,12909,8192,11239,4074,12479
"COG0155",2203,1492,1846,2798,2348,2939,1593,2898,1855,2809
"COG0156",3679,3016,3637,3083,4220,4001,4949,4715,1440,3185
"COG0157",1615,1994,1734,2463,1793,1917,1712,2250,966,2405
"COG0158",566,433,503,304,667,570,796,435,327,257
"COG0159",1441,2343,1705,2602,1729,1899,1986,2012,991,2763
"COG0160",4572,2236,1716,1739,3070,3930,3417,2854,1314,1668
"COG0161",6169,5898,5826,5820,5704,6724,5365,5535,2484,6196
"COG0162",3657,4477,3329,4662,3496,3984,4427,3969,1683,4641
"COG0163",1044,427,435,127,915,1004,221,710,428,85
"COG0164",1851,2344,1652,2257,1717,2031,2321,2111,1058,2236
"COG0165",3389,4238,3486,4624,2981,4159,3183,4271,1852,4555
"COG0166",3611,4573,3055,5031,3510,3915,4448,4541,1870,5089
"COG0167",4351,3987,3026,4334,3410,3674,3892,3830,1977,4354
"COG0168",4294,6291,4700,6330,4258,4503,5248,4721,2793,6664
"COG0169",2104,3226,2426,3389,2642,2753,3072,3066,1515,3360
"COG0170",1149,394,197,538,226,430,99,357,203,593
"COG0171",3038,4347,4105,5246,3457,3115,3484,3562,6207,4606
"COG0172",3639,4685,3988,4893,3722,4195,4400,4341,2014,4886
"COG0173",1119,1519,1334,1745,1047,3779,6057,4108,2327,7106
"COG0174",9407,10885,10897,10366,7356,11004,8573,9118,5647,10727
"COG0175",1848,903,2108,1395,2413,2341,1458,2264,3955,1269
"COG0176",1785,3815,4452,4396,1825,1819,1793,2632,14482,3012
"COG0177",2129,2669,2044,2710,2183,2182,2209,2324,1432,2731
"COG0178",2337,2806,2767,2734,2659,8434,12194,9157,4345,12197
"COG0179",3541,3492,3707,3037,4434,4991,4453,4531,1457,3454
"COG0180",3269,4109,3388,4296,3201,3658,3724,3688,1748,4311
"COG0181",1867,3489,2740,3917,2531,2301,3023,2719,1367,4008
"COG0182",2232,1777,1131,1487,1440,595,111,518,222,363
"COG0183",12645,9971,10301,7476,11453,11828,10617,11051,3499,8218
"COG0184",204,248,227,267,226,1211,1172,1179,464,1034
"COG0185",923,1149,1021,988,821,891,944,963,425,1167
"COG0186",695,814,840,749,801,890,907,932,462,780
"COG0187",8347,11176,11594,10892,9563,8168,15313,7990,5873,12062
"COG0188",9382,13343,13929,14135,10833,8927,16977,9633,6810,15464
"COG0189",2668,3415,4193,4770,3122,3903,3270,3956,6675,3905
"COG0190",721,857,794,787,654,3313,2931,3150,1424,3648
"COG0191",1203,1269,1504,1985,1001,773,2018,1037,587,2202
"COG0192",3714,4557,4862,4613,3589,4103,4120,3954,2353,4893
"COG0193",400,492,401,542,420,1353,2130,1467,869,2176
"COG0194",1417,1851,1541,2054,1404,1243,2196,1507,1098,1977
"COG0195",4011,5161,5478,5255,3583,3713,5062,3993,2124,6122
"COG0196",2235,3122,1972,3378,2101,2109,3443,2513,1338,3359
"COG0197",1266,1593,1602,1472,1332,1387,1380,1307,688,1512
"COG0198",805,800,780,901,872,845,1061,942,338,831
"COG0199",398,960,882,997,584,536,980,618,455,941
"COG0200",1223,1523,1320,1432,1318,1516,1562,1461,681,1490
"COG0201",3922,5010,5126,4881,3977,4082,4551,4120,2181,5187
"COG0202",3527,4102,4083,3749,3320,3178,4079,3250,2152,3926
"COG0203",1160,1416,1236,1299,1049,990,1636,1130,590,1460
"COG0204",5396,5982,4713,5555,6173,4694,6588,4197,2938,5354
"COG0205",2302,2266,2197,2002,1969,1904,2994,1752,647,2178
"COG0206",1002,1367,1384,1180,993,4275,3900,4200,2156,5218
"COG0207",818,1341,2161,1273,1680,1093,4032,956,10144,1431
"COG0208",1718,5715,9682,6733,2244,1679,7327,2725,33841,4207
"COG0209",9120,16325,25534,17736,9748,9808,17860,11151,95964,12462
"COG0210",9878,9171,9236,11069,8558,8879,9641,9592,49328,9993
"COG0211",623,924,981,902,688,634,869,669,411,942
"COG0212",1078,1449,1016,1467,1141,1510,1715,1710,691,1570
"COG0213",403,220,153,132,277,895,635,1165,189,623
"COG0214",901,736,625,409,798,738,269,585,223,303
"COG0215",4259,5445,4085,6084,4217,4389,4786,4945,2019,5978
"COG0216",3109,3719,3614,4067,2799,2632,3494,2748,1561,4467
"COG0217",1970,2510,2068,2077,1792,1890,2466,1847,1128,2186
"COG0218",667,830,837,708,1040,827,1792,686,337,912
"COG0219",790,1579,1181,1588,1079,1018,894,915,737,1513
"COG0220",796,1286,1047,1413,1342,871,2099,965,608,1404
"COG0221",203,584,721,1246,510,362,261,732,1530,1209
"COG0222",1045,1307,1212,1400,1035,217,351,243,142,356
"COG0223",3380,4164,3164,4391,3541,3165,3883,3097,4251,4333
"COG0224",2563,3340,3343,3626,2370,2365,3161,2342,1435,3845
"COG0225",1927,2980,2530,3642,2520,2594,3418,2700,1397,4045
"COG0226",653,4067,7696,3185,1359,702,1203,1185,3080,5286
"COG0227",618,1039,763,1103,543,596,993,702,491,1016
"COG0228",1139,1435,1408,1450,989,891,1571,928,495,1439
"COG0229",1663,1920,1939,2021,1627,1811,2450,1704,983,2423
"COG0230",101,132,80,195,60,112,166,121,35,193
"COG0231",1835,2042,2161,2067,1866,1856,1926,1918,1025,2264
"COG0232",1669,2693,1923,2802,1665,1842,2069,2169,1154,2578
"COG0233",1325,1722,1581,1784,1358,1298,1966,1396,720,1936
"COG0234",1145,1217,1321,1403,1068,970,1488,890,6134,1347
"COG0235",1464,2785,2327,2118,2856,2478,1873,2030,1376,2088
"COG0236",766,722,918,797,765,638,1024,726,480,954
"COG0237",1785,2069,1340,2135,1780,1906,2144,1830,838,2124
"COG0238",618,748,534,748,578,589,879,616,304,749
"COG0239",209,268,311,182,418,294,506,271,135,247
"COG0240",2632,3082,2273,2655,2128,2447,3031,2277,1003,2921
"COG0241",306,213,228,166,275,1204,1146,924,459,784
"COG0242",1921,2464,2903,3572,2029,1622,2803,1888,6121,2796
"COG0243",14184,5206,5829,4005,7839,6867,4063,5172,2741,3826
"COG0244",1788,2199,2273,2155,1772,1941,1872,1886,906,2250
"COG0245",1477,2510,1504,2712,1524,1124,1660,1435,1081,2646
"COG0246",81,212,307,168,169,850,1791,844,600,576
"COG0247",10252,8176,6181,5080,5673,7862,6381,5464,1860,4328
"COG0248",1199,2120,2616,2924,2189,1473,2314,1886,1531,3026
"COG0249",4301,4164,4499,5755,4848,3433,7427,3903,2520,5747
"COG0250",2057,2107,2143,2104,1934,1767,2207,1826,915,2067
"COG0251",3509,2799,2403,2097,3798,3453,2947,2770,1099,2252
"COG0252",1022,696,760,269,1369,1731,1375,1432,622,239
"COG0253",1608,3065,2264,3580,1921,1736,2547,2087,1274,3513
"COG0254",629,778,852,839,708,611,968,659,346,941
"COG0255",242,118,181,83,201,165,236,190,109,73
"COG0256",1110,1223,1138,1128,1068,1298,1240,1342,549,1093
"COG0257",13,77,116,33,45,54,51,33,44,35
"COG0258",6384,9948,9032,11956,6542,6400,11044,7369,20888,9640
"COG0259",1099,1699,1463,1732,1134,1197,1953,1168,722,1818
"COG0260",3949,5279,5141,5306,4842,3851,4010,3431,2588,5147
"COG0261",913,1470,1267,1660,1080,1062,1467,1102,539,1747
"COG0262",687,757,829,666,982,806,2021,914,592,851
"COG0263",2038,3554,2910,4367,2170,2124,1923,2477,1592,4258
"COG0264",1987,2407,2393,2639,1976,1793,3124,2056,1186,2782
"COG0265",9471,7593,7323,7376,9764,6650,6510,6573,4664,7807
"COG0266",1687,3590,2137,3329,2560,2151,2203,2756,1855,3135
"COG0267",201,300,285,346,287,214,386,245,192,350
"COG0268",460,850,651,869,526,503,772,540,377,835
"COG0269",353,53,28,13,30,100,45,103,2,14
"COG0270",1373,1740,2317,2364,2235,1409,2390,1364,33644,1449
"COG0271",508,746,636,792,647,523,593,550,288,809
"COG0272",5393,7364,5733,7290,5389,4552,7325,5052,5883,7017
"COG0274",1224,998,837,1177,771,954,979,770,1259,1044
"COG0275",2301,3249,2190,3618,2125,1981,3226,2266,1183,3401
"COG0276",1577,3295,3108,4180,2767,1635,3017,2036,1801,4433
"COG0277",11344,10526,8660,9644,9350,10078,8286,9384,4975,8882
"COG0278",768,1058,830,932,684,750,663,725,435,997
"COG0279",1610,771,812,988,1240,1285,704,1050,1578,1026
"COG0280",2666,5290,5628,4598,3079,3350,4878,4001,1936,4985
"COG0281",2723,4593,5074,3885,3285,3437,4678,3059,2068,4123
"COG0282",520,147,542,63,556,415,196,498,329,49
"COG0283",1613,2261,1820,2517,1560,1527,2092,1705,1024,2547
"COG0284",2261,2621,1958,2608,2147,2189,2505,2284,1142,2571
"COG0285",3220,4403,3184,4434,3173,744,934,796,398,1098
"COG0286",1016,508,1547,757,2226,1687,732,2136,2173,621
"COG0287",2072,3121,2195,3545,2144,2602,2604,2797,1368,3619
"COG0288",125,67,173,57,138,534,876,711,455,238
"COG0289",321,582,449,746,379,1361,2264,1526,1045,2785
"COG0290",1226,1884,1886,2091,1359,1263,1697,1404,722,2114
"COG0291",282,516,548,758,368,316,497,411,206,742
"COG0292",1016,1268,1213,1347,879,227,311,256,128,323
"COG0293",959,1828,1194,1587,1131,1578,1267,1618,665,1491
"COG0294",2674,3135,2302,3561,2470,2631,2685,2973,1339,3527
"COG0295",594,364,388,287,361,462,766,432,287,244
"COG0296",1399,1662,1835,2639,1438,1437,818,2292,1239,2771
"COG0297",1104,1283,1444,1661,1083,1093,1420,1167,948,1811
"COG0298",50,2,52,2,34,20,1,11,20,4
"COG0299",1925,2018,1440,2336,1770,1920,2056,2178,5825,2133
"COG0300",739,1167,838,1146,1108,1205,1879,1469,439,1312
"COG0301",1354,161,109,55,743,1799,82,1696,231,8
"COG0302",469,658,669,718,438,2066,2491,2178,2865,2652
"COG0303",4048,4014,2176,2873,3218,3266,2527,2838,1048,2288
"COG0304",5657,6334,7589,6237,5528,4533,6291,4518,2588,6749
"COG0305",4482,8239,18281,12020,4702,3507,10618,4806,99953,7745
"COG0306",2045,1409,1424,1099,2125,2326,1911,1615,749,1061
"COG0307",1266,2026,1591,2217,1608,1649,2130,1636,898,2242
"COG0308",9684,5781,7266,6190,8023,10947,11964,10296,3774,6170
"COG0309",472,25,259,27,350,177,7,100,142,41
"COG0310",232,393,342,444,26,3,221,37,167,185
"COG0311",629,429,304,215,525,712,154,544,109,207
"COG0312",4240,8017,6966,8571,4097,4288,4110,4375,3455,7508
"COG0313",1721,2762,1687,2890,1890,424,865,489,282,722
"COG0314",1013,962,688,718,828,959,682,822,346,610
"COG0315",1665,1158,885,869,855,1192,724,912,378,710
"COG0316",1827,2552,2831,2745,2157,2400,2589,2131,3472,2570
"COG0317",5653,7658,6959,8986,5605,5300,7563,5278,3780,8768
"COG0318",19949,17206,16698,14747,19083,20303,19146,18743,5657,15739
"COG0319",1038,1390,762,1605,920,972,1317,1073,515,1479
"COG0320",2227,3775,3533,4315,2552,2352,2918,2416,1593,4338
"COG0321",1293,2438,1626,2361,1498,1374,2038,1508,995,2349
"COG0322",4374,7883,5194,8774,5120,4468,7593,5412,2726,8637
"COG0323",2810,1909,1982,1361,3063,2116,3255,1671,772,1358
"COG0324",2668,2983,2132,3192,2161,2070,3082,2273,1242,3105
"COG0325",1843,2285,1580,2611,1702,1539,2281,1756,914,2651
"COG0326",1946,2849,2884,3943,2943,2068,5740,1900,1543,4239
"COG0327",415,401,586,390,612,438,1515,427,396,395
"COG0328",1300,1654,1464,1941,1183,1097,1906,1183,1149,1777
"COG0329",4920,5928,4427,5799,4977,4748,4174,4607,2363,6042
"COG0330",6193,5749,6587,5638,5850,5586,6672,5129,2432,6190
"COG0331",2245,2897,2365,3027,1998,1960,2800,2138,1314,3237
"COG0332",888,598,813,613,922,2825,4962,2749,1408,2960
"COG0333",139,287,271,336,187,204,232,193,119,337
"COG0334",3865,2733,3177,2097,4147,3511,4792,3784,1778,2061
"COG0335",1005,1734,1476,1882,1085,1053,1460,1112,750,1929
"COG0336",1907,2768,2291,3037,1728,1776,2257,1817,1196,3261
"COG0337",2554,4090,2466,4430,2849,2318,3900,2558,1703,4732
"COG0338",551,2115,2706,1904,845,1179,973,1541,11225,949
"COG0339",2739,2301,3323,2667,2836,2620,4325,2787,2450,2745
"COG0340",2126,2382,1498,2437,2135,2574,2559,2728,1044,2450
"COG0341",2462,3271,3030,3380,2288,2409,3821,2661,1526,3708
"COG0342",4561,5531,5493,5798,4585,3898,6226,3976,2576,6323
"COG0343",3442,4303,3683,4102,3550,4212,3133,3935,1684,4246
"COG0344",1711,1600,1022,1692,1174,1206,1002,1108,757,1575
"COG0345",1527,2626,1862,2763,1643,1740,2115,2061,1136,2803
"COG0346",3405,2875,3076,2885,3840,4234,2775,4485,1328,2921
"COG0347",1633,878,1226,1112,1274,897,1520,848,486,1227
"COG0348",2676,247,1005,248,1433,1235,331,775,1201,146
"COG0349",1412,2228,1704,2254,1935,1530,1544,1887,1088,2198
"COG0350",1418,995,876,932,1104,1417,903,1396,505,758
"COG0351",1251,1570,1428,2061,1526,1898,612,2022,1119,2083
"COG0352",1207,1567,1289,2010,1513,1216,1075,1449,1167,1903
"COG0353",1601,1899,1670,2171,1414,1371,1928,1512,738,2530
"COG0354",1274,2288,1502,2283,1477,1436,1358,1600,1085,2046
"COG0355",1050,1405,1074,1358,961,913,943,804,679,1395
"COG0356",2436,3159,3076,3333,2452,2232,3416,2258,1321,3693
"COG0357",1096,1869,1334,2340,1337,1141,2175,1421,814,2184
"COG0358",5987,6406,5128,7075,5296,5391,7641,5566,20619,6621
"COG0359",1370,1553,1335,1662,1290,1185,1698,1266,696,1655
"COG0360",1065,1254,1103,1313,996,980,1404,998,551,1317
"COG0361",946,983,992,967,845,981,983,976,750,980
"COG0362",502,1300,1583,2295,1138,138,295,211,245,548
"COG0363",1810,1375,1355,1463,1338,1374,2175,1583,1046,1472
"COG0364",829,4191,2347,2472,1022,168,470,347,348,527
"COG0365",13204,14625,12914,14170,10394,2940,2507,2846,1399,3739
"COG0366",2557,4648,5789,4977,3950,3970,2690,4059,4149,4438
"COG0367",5215,5167,4093,5197,6151,4772,5727,5141,6615,4686
"COG0368",448,478,318,661,671,683,272,736,341,692
"COG0369",414,1583,1844,1391,2359,1469,463,933,1476,1425
"COG0370",2920,271,572,146,741,1153,2425,1242,168,264
"COG0371",606,634,404,1017,661,1416,221,1347,365,1064
"COG0372",4208,4772,4790,4463,4071,1158,1118,1157,490,1173
"COG0373",2089,1494,1744,2152,2479,3552,3024,3380,1055,2295
"COG0374",390,20,436,26,398,135,10,96,265,62
"COG0375",75,24,112,123,52,16,1,35,45,137
"COG0376",781,3432,4573,4248,2590,2979,3667,2925,2004,5155
"COG0377",1959,1740,1627,1653,1304,1755,822,1512,754,1620
"COG0378",490,548,709,1149,585,548,191,690,373,1249
"COG0379",1675,2515,2572,2836,1969,1779,1244,1939,1219,2920
"COG0380",310,719,636,322,286,501,239,1157,744,455
"COG0381",2502,2293,1503,2394,1744,1754,2124,1813,2834,1956
"COG0382",2751,4099,3161,4796,3470,2691,3490,3066,1647,4834
"COG0383",735,809,381,146,432,236,196,199,865,172
"COG0384",701,582,792,526,966,786,1241,666,319,639
"COG0385",1005,1919,1294,1646,1437,1200,830,1329,1293,1664
"COG0386",611,1794,1448,1890,1398,979,2246,1139,745,1993
"COG0387",88,328,362,95,264,205,134,189,73,44
"COG0388",1973,1334,1235,1610,1716,6866,4201,6941,3223,7348
"COG0389",3946,5073,4820,5625,4542,4592,5289,5177,2332,5859
"COG0390",730,154,56,29,235,505,54,259,18,36
"COG0391",1211,1076,887,1384,963,1355,434,1453,554,1292
"COG0392",1144,318,207,662,816,980,358,1137,239,721
"COG0393",517,228,314,159,450,65,89,71,24,38
"COG0394",1241,1141,1341,1130,1611,1256,1530,1418,662,1037
"COG0395",3896,7121,4383,6125,2402,4052,5409,5111,1685,6350
"COG0396",1823,2787,2354,2904,2044,2093,2006,2390,1254,2565
"COG0397",1098,3715,3687,4100,2858,2106,2782,2013,1570,4367
"COG0398",1300,1761,1645,2015,1574,1374,696,1150,1201,1794
"COG0399",10499,7174,5581,8919,7710,9609,7025,10399,20970,7938
"COG0400",366,448,399,523,365,1139,1164,1186,827,2212
"COG0401",21,4,40,6,34,22,1,3,29,1
"COG0402",4416,3547,3298,2797,4837,5231,3183,4555,1723,2692
"COG0403",5339,7080,9609,9881,4926,3924,6168,4774,3025,9039
"COG0404",20468,30049,26369,26595,12986,21228,23437,17828,7906,24799
"COG0405",7311,5702,5922,5525,9159,6724,6468,5257,2818,6081
"COG0406",1423,2364,1806,2507,1928,1682,1901,1804,1276,2310
"COG0407",592,817,655,919,601,1776,2906,2118,1525,3838
"COG0408",781,2885,2231,3096,1418,1086,2630,1461,1133,3226
"COG0409",196,13,238,27,176,67,8,53,151,31
"COG0410",4943,4882,3822,4453,2511,1067,704,940,425,1033
"COG0411",4413,4920,3407,3775,2181,4019,2629,3632,1399,3351
"COG0412",2944,1685,1388,1434,2779,3029,1261,2704,718,1955
"COG0413",1672,3624,3507,3400,2650,1978,2821,2228,1716,3526
"COG0414",1149,2334,1701,2989,1654,1030,2671,1519,1360,2886
"COG0415",668,10675,8161,13615,6010,1250,9490,3130,4035,13592
"COG0416",725,711,611,765,390,1689,1551,1741,1161,2898
"COG0417",2821,8039,14929,9759,3070,3074,8762,4509,51264,3909
"COG0418",435,973,939,1678,832,451,862,654,704,1554
"COG0419",1940,3185,6693,4750,1921,2283,2875,3429,24872,1490
"COG0420",272,113,154,67,216,1505,313,1530,3304,155
"COG0421",1266,599,587,1105,1318,238,104,266,175,298
"COG0422",1583,1017,1951,1713,1849,1945,707,2043,1146,2042
"COG0423",2364,2522,2166,1991,2852,2970,3698,2753,566,2309
"COG0424",1595,2077,1764,2177,1769,1508,2167,1426,917,2330
"COG0425",681,227,288,178,367,576,345,447,195,168
"COG0426",548,1370,1832,3414,592,42,151,710,1129,3500
"COG0427",528,185,563,154,790,462,77,254,583,91
"COG0428",699,246,446,198,712,451,833,549,183,362
"COG0429",570,669,679,1214,716,720,644,584,627,1067
"COG0430",115,43,6,3,22,29,39,47,49,2
"COG0431",490,703,946,968,1301,1019,729,1266,774,803
"COG0432",1633,1374,912,1408,925,975,401,896,650,1266
"COG0433",1228,468,464,382,845,1715,186,2622,578,182
"COG0434",142,397,260,325,123,158,237,147,158,178
"COG0435",370,679,828,1125,782,498,712,414,625,989
"COG0436",12731,13465,10643,11873,11531,12205,10163,11780,4876,11990
"COG0437",2770,1157,1422,807,2249,2072,2879,1450,246,1271
"COG0438",20311,21233,16721,23482,21472,18995,21947,23358,49776,20711
"COG0439",6282,6470,6178,6217,5917,6548,6695,5766,2518,6949
"COG0440",1126,1688,1484,1640,1178,1410,1310,1505,690,1844
"COG0441",5714,7792,6494,7791,5787,5559,6202,6091,2914,7771
"COG0442",4599,5407,4514,5665,4420,4695,4891,5013,2141,5871
"COG0443",7004,9913,11014,11143,8159,7744,9505,7646,6537,11397
"COG0444",4134,2771,1266,1142,2622,3868,1663,3212,440,1127
"COG0445",4688,5952,6151,6594,4818,3872,6190,3749,2453,7283
"COG0446",12448,10716,11529,9542,6922,11011,10018,9371,3775,8634
"COG0447",1597,720,627,1052,559,495,637,658,340,1137
"COG0448",766,743,891,1438,712,506,164,693,706,1275
"COG0449",5697,6371,6085,6326,4693,5589,5375,5637,6359,6600
"COG0450",1417,789,1169,1292,1464,1344,1041,1533,1285,1201
"COG0451",5614,5910,4970,7571,4891,18254,17354,22629,79370,24839
"COG0452",2728,4375,3604,4495,3254,3113,3610,3353,1977,4519
"COG0454",3463,3578,3935,4018,3994,4414,4367,4749,3092,4154
"COG0455",653,497,429,350,668,703,294,572,287,344
"COG0456",1240,1060,1035,1006,1488,1585,873,1409,711,857
"COG0457",27638,19543,15472,16912,27728,24709,18333,22021,12325,17883
"COG0458",9467,12371,10723,12143,9487,9734,9964,10100,5271,12915
"COG0459",7044,8869,10920,9169,7421,7925,8479,8030,34956,8867
"COG0460",3359,4046,3637,4420,2801,4170,3750,4444,2133,4600
"COG0461",1736,1917,2140,2591,1994,2101,2226,2270,6709,2196
"COG0462",3480,4102,3921,4117,3243,3371,3643,3416,1776,4295
"COG0463",21411,15496,11965,19077,15580,18314,13820,20946,28290,17230
"COG0464",2724,2828,2107,1626,3254,5538,1136,5499,2364,1771
"COG0465",5459,9833,9660,11766,6028,4678,7823,5574,6209,12202
"COG0466",6112,6419,5603,5675,5002,6023,8944,5127,3588,6441
"COG0467",126,851,985,1322,389,73,90,331,478,1384
"COG0468",4070,6631,9234,8482,3992,4149,5467,5044,31013,5790
"COG0469",811,877,812,1018,756,2844,4410,2712,1678,4295
"COG0470",3097,6391,7426,7605,3548,4399,6229,5099,20231,4330
"COG0471",7477,3666,4277,3690,5643,5038,4301,5259,2115,4304
"COG0472",4476,5733,3848,6005,4027,4566,5812,4367,2551,6141
"COG0473",3964,5843,5473,5975,4515,5236,3566,4929,1917,6140
"COG0474",1703,1443,604,393,556,983,158,878,524,230
"COG0475",2289,2160,2652,2382,2662,3679,1000,3552,2313,2033
"COG0476",3127,3083,2089,2879,2783,2839,1704,2904,2634,2900
"COG0477",22659,24219,24007,19811,33111,26384,21264,28717,11961,21313
"COG0478",2,37,5,3,5,0,0,1,6,0
"COG0479",640,815,808,713,727,2942,2535,2840,1798,3079
"COG0480",10444,8364,9551,7408,7848,8642,6888,7538,3717,8412
"COG0481",4691,6546,6210,7930,4371,3990,5905,4622,2341,8149
"COG0482",3386,3788,3115,4230,2870,3730,3511,3692,1637,4355
"COG0483",4316,5076,3904,5680,3722,1072,911,1178,483,1471
"COG0484",4491,4988,4857,4592,4453,5226,5089,5316,3144,4737
"COG0486",3225,4384,3593,5314,3381,2732,4266,2880,1701,5368
"COG0488",5789,4899,7159,4303,7895,6497,12906,6396,4038,4315
"COG0489",4015,4005,4607,4029,4729,5035,5393,5601,1949,4082
"COG0490",1,0,0,0,1,9,0,43,0,0
"COG0491",8654,8941,8627,7709,9688,9859,10075,8782,4404,7654
"COG0492",3901,6588,6134,7445,4851,5088,5527,5869,2781,7872
"COG0493",9316,6094,5735,4838,3537,4808,5041,4312,1548,5392
"COG0494",1258,1154,1090,1017,1458,6307,5517,6196,3087,4381
"COG0495",7405,9800,7795,10260,7587,8212,8948,8951,3733,11009
"COG0496",1300,1383,1319,1394,1554,1276,1893,1155,600,1632
"COG0497",2420,1943,2191,2387,2434,2030,3593,1897,1061,2312
"COG0498",5323,5390,4089,5015,4701,6141,3886,6044,1949,5006
"COG0499",4300,5429,5967,5293,4026,4814,4299,4468,1958,5904
"COG0500",20188,14133,11494,13209,16256,18105,15592,17076,17630,13476
"COG0501",3739,3017,2668,3013,2764,2440,3026,2285,1542,2774
"COG0502",946,527,846,903,1217,1280,546,1495,609,930
"COG0503",1669,1955,1333,1875,1551,1707,1023,1710,2098,1881
"COG0504",4855,6084,5866,6534,4743,4888,5495,5208,2343,6906
"COG0505",3165,4324,3443,4210,3334,3443,3969,3655,1611,4390
"COG0506",2708,1583,2348,1483,2239,2908,4230,2683,2805,1569
"COG0507",1847,1952,2625,2952,2915,2566,4223,5940,2897,2462
"COG0508",4527,10385,10403,10844,6583,6507,9787,8145,3904,11344
"COG0509",1460,1426,1480,1167,1069,902,1072,867,522,1172
"COG0510",611,741,415,661,356,489,957,443,236,425
"COG0511",2459,2291,2536,1670,2754,2097,3223,1464,1143,1862
"COG0512",1808,2971,2255,3452,2150,2097,1840,2561,1006,3370
"COG0513",7804,9393,10551,8059,7858,8726,12644,9528,5311,8199
"COG0514",1280,1226,2513,802,2459,2019,5629,2349,1822,1115
"COG0515",4370,5411,3369,1288,9458,2985,3070,2561,4061,1430
"COG0516",4271,5111,5162,5563,4369,4450,4665,4655,11101,5876
"COG0517",8010,5382,5095,4404,6342,7658,7024,6452,2753,5586
"COG0518",5907,6322,4844,6855,5188,7220,5343,6960,2801,6869
"COG0519",4044,4637,3749,4905,4035,1139,984,1205,511,1319
"COG0520",8812,6987,5887,6742,7263,7081,6127,6862,2643,6795
"COG0521",1612,1247,1014,865,987,1251,810,983,473,721
"COG0522",1877,2409,2253,2785,1861,1952,2265,2106,956,2827
"COG0523",812,3071,3089,4074,3120,928,1804,1490,1005,5860
"COG0524",6583,7608,6795,7893,6520,7447,7808,7557,2798,7986
"COG0525",7096,9592,7813,10495,7284,7088,8701,7767,3371,10675
"COG0526",9107,9080,7258,9100,9995,9238,10987,10438,6321,9378
"COG0527",3656,4782,5359,5839,3989,6699,5381,6667,2586,5978
"COG0528",1598,1650,1718,1786,1937,1786,2056,1679,774,1977
"COG0529",1278,1065,1330,1468,1827,1249,1614,1553,1079,1436
"COG0530",2316,2453,2378,2799,2514,2319,2764,2341,1344,2842
"COG0531",6150,1829,2396,1340,3535,5536,3026,5719,1587,1299
"COG0532",5902,7298,7278,7442,5635,6351,6968,6324,3084,8311
"COG0533",3161,4246,3632,4386,2995,3338,3395,3469,1634,4555
"COG0534",5824,6138,5530,5150,4830,5550,7956,4859,2756,5775
"COG0535",8912,1670,1792,2237,2910,3077,1412,3189,3264,1898
"COG0536",2732,3984,3424,4187,2615,2388,3498,2526,1632,4174
"COG0537",2392,2183,2049,1974,1792,2036,1776,2054,1111,2062
"COG0538",2402,4195,4095,4813,1987,2046,2595,2300,1465,5306
"COG0539",4732,5758,5646,6244,4468,3625,5759,4080,2646,6720
"COG0540",3078,3998,3644,4006,2836,3527,3005,3628,1730,4509
"COG0541",4049,4747,4342,4720,3544,4397,3417,4478,1821,5074
"COG0542",8647,8942,10085,13808,9328,1581,2667,2081,2874,3154
"COG0543",2295,843,871,331,1405,417,269,305,170,58
"COG0544",3536,4450,3736,5221,3424,3088,4865,3630,1804,4743
"COG0545",1688,1225,1759,1296,2194,1804,2898,1739,1008,1599
"COG0546",3506,2573,2494,2714,2811,2615,2453,2457,1615,2818
"COG0547",2487,3110,3012,3211,2717,3030,2455,3070,1710,3348
"COG0548",2299,2641,2770,2935,2428,2768,2465,2462,1395,2977
"COG0549",1024,427,257,147,520,880,105,620,65,106
"COG0550",6577,9556,8351,10556,7106,6075,10229,6264,4351,10360
"COG0551",1904,752,1342,723,2096,976,1592,445,957,806
"COG0552",2728,3299,2758,3322,2641,3138,2615,3143,1420,3211
"COG0553",2947,4019,4759,2296,4707,3764,4828,3907,66766,1504
"COG0554",3429,3672,3075,3060,2418,3063,3524,3139,1708,2977
"COG0555",168,15,57,21,216,137,67,87,113,5
"COG0556",5176,8267,7647,8894,5700,1213,1553,1307,716,2376
"COG0557",3411,4206,3700,5395,3899,3226,6793,3074,2705,5703
"COG0558",3428,2840,2146,2824,2245,2752,2076,3022,991,2589
"COG0559",6183,6077,4909,5875,3304,5339,3380,4661,2375,5820
"COG0560",2209,1678,1564,1133,2050,2012,2270,1684,652,1154
"COG0561",218,287,360,350,350,1331,1167,1934,9804,642
"COG0562",78,234,384,489,99,86,185,402,633,259
"COG0563",1967,2280,2055,2046,1838,395,564,484,295,548
"COG0564",4000,6694,5337,6956,4647,4078,6987,4545,2988,7374
"COG0565",1004,2010,1465,2241,1196,1048,1331,1247,859,2111
"COG0566",2600,4288,3587,5361,3418,3072,5522,3927,2136,5395
"COG0567",2808,7044,7037,7275,4087,3692,8350,4622,2479,8186
"COG0568",6776,10050,10347,11433,8252,5999,8330,6480,14612,11924
"COG0569",4208,4161,3958,3913,3373,3523,3814,3351,1599,4345
"COG0571",1589,2082,1639,2265,1447,1398,3054,1451,1324,2142
"COG0572",844,577,348,764,473,834,654,650,566,755
"COG0573",346,3642,3507,2609,844,313,979,911,492,4495
"COG0574",10941,7848,5892,7166,6472,8952,4656,8259,2994,5821
"COG0575",1831,2085,1387,2132,1837,1649,2507,1786,1033,2197
"COG0576",1779,2321,2135,2387,1857,448,526,475,237,540
"COG0577",5773,5276,5472,5750,7241,5776,6416,6111,2978,5565
"COG0578",1456,2050,1948,1738,1518,1681,2598,1902,1133,1060
"COG0579",2249,1739,1192,3139,2389,2294,1771,2465,1086,2759
"COG0580",941,940,1304,836,1400,1546,1191,1630,492,768
"COG0581",463,3225,3540,2447,1117,589,1157,923,837,4299
"COG0582",12756,4750,9023,5709,7220,7338,3950,9921,39808,4761
"COG0583",9933,5253,12296,6145,11761,11309,12514,7776,11421,5052
"COG0584",2839,2405,2134,1942,2462,2955,2603,2893,1194,2020
"COG0585",715,594,626,192,901,1389,204,1012,371,171
"COG0586",413,486,416,619,528,867,505,1323,355,676
"COG0587",11851,12669,13251,13399,12194,9946,15532,11511,51093,13378
"COG0588",1135,2159,1236,1769,1122,1212,999,1421,711,1950
"COG0589",3271,1387,1501,711,2517,2679,1639,3211,1867,729
"COG0590",1604,1743,1307,1582,1192,1452,1443,1535,762,1543
"COG0591",14428,3632,6411,2617,10243,10795,6695,7015,4241,3403
"COG0592",3943,4917,4057,4832,3599,3926,5751,4288,3083,4903
"COG0593",4825,6842,5132,7100,4832,4351,6379,4801,3044,7055
"COG0594",357,151,270,165,464,312,381,264,164,164
"COG0595",2036,3692,4051,5347,2013,1887,1473,2979,1625,5485
"COG0596",14143,17935,16214,17073,18708,18224,20062,18418,6984,17963
"COG0597",1329,1326,573,1575,1059,1104,1088,1208,599,1298
"COG0598",80,17,40,18,75,538,202,713,274,36
"COG0599",386,259,545,296,727,510,686,597,167,309
"COG0600",2488,2787,2517,2984,2164,3462,2211,3665,1260,3077
"COG0601",5952,5547,4191,4638,5030,6362,5290,5684,1515,4879
"COG0602",1186,829,1344,1291,1304,439,403,453,666,297
"COG0603",1293,857,1065,1418,1276,1623,995,1597,2205,1304
"COG0604",7918,9416,9341,7656,9099,9802,8591,9439,3848,8123
"COG0605",846,637,915,779,1078,302,322,307,296,245
"COG0606",1988,384,653,184,959,837,1265,1019,754,154
"COG0607",2677,3279,3210,2887,4353,3366,4668,3375,1981,3063
"COG0608",1097,598,571,532,796,3453,4126,3506,1725,2361
"COG0609",984,318,764,365,2133,1076,540,1316,844,333
"COG0610",1273,507,1319,715,2190,1885,523,2477,1960,590
"COG0611",1491,2146,1740,2476,1847,2088,2680,2458,992,2381
"COG0612",9001,3388,5496,3995,7172,6255,6730,8946,3021,4517
"COG0613",1069,890,851,1356,1144,1200,519,1302,610,1189
"COG0614",999,1258,1099,1022,2025,1862,1098,1896,973,956
"COG0615",631,468,355,356,473,737,413,611,2330,331
"COG0616",2902,3477,3250,3709,3246,2762,3423,2428,1912,4146
"COG0617",4248,6190,4625,7145,4466,3697,6493,3942,6432,6832
"COG0618",1723,1155,1101,757,1197,757,1380,686,367,729
"COG0619",84,177,103,292,47,117,372,469,392,907
"COG0620",682,364,323,472,626,3299,1185,2911,784,1618
"COG0621",7500,7649,6395,8299,6892,7030,8790,7334,3170,8770
"COG0622",382,144,177,118,327,335,369,193,64,175
"COG0623",1612,3030,2880,3479,2009,1548,2688,1862,1031,3505
"COG0624",10982,10057,8391,7931,8550,10227,9106,9521,3303,7883
"COG0625",3916,6230,6933,6680,8034,5163,6731,4945,3547,7199
"COG0626",1265,1445,1189,1758,984,4838,6334,5654,2237,7081
"COG0627",645,398,702,260,830,736,756,671,326,247
"COG0628",2840,2811,2747,2724,3166,3101,3260,3457,2216,2612
"COG0629",300,418,495,451,401,1531,2065,2091,7554,2044
"COG0630",570,820,457,375,400,331,39,426,70,250
"COG0631",945,773,576,417,916,642,389,704,804,296
"COG0632",1245,788,702,871,1168,875,1355,962,387,983
"COG0633",722,2595,2510,2933,1177,929,1142,1122,2776,2761
"COG0634",921,551,364,453,559,743,898,561,480,319
"COG0635",3181,1581,2012,1934,3115,2437,3778,2430,1244,2028
"COG0636",194,328,421,496,259,153,211,182,217,473
"COG0637",1532,2039,2018,2165,1681,1321,2132,1861,4028,1705
"COG0638",1264,801,391,155,1285,2799,108,2552,257,149
"COG0639",2207,1687,1217,720,2033,1615,2289,1264,1415,2433
"COG0640",1613,473,635,468,1148,1850,723,2972,663,642
"COG0641",886,92,234,93,283,156,264,154,599,53
"COG0642",25642,16680,32924,18812,33306,33808,19784,28847,27823,19836
"COG0643",1447,516,1419,475,2206,1373,292,602,1489,240
"COG0644",7048,7644,6188,7325,6786,8499,3947,8397,3137,6978
"COG0645",188,9,11,31,112,131,10,63,157,15
"COG0646",6165,4303,2873,5282,3610,4317,2266,3899,2072,4853
"COG0647",1124,2339,1236,1988,1032,1162,1526,1617,625,1862
"COG0648",910,652,547,417,723,307,109,233,54,96
"COG0649",4173,4382,3811,4627,2741,3965,2159,3541,1675,4440
"COG0650",477,0,0,0,0,0,0,0,0,0
"COG0651",7074,1291,1157,1562,2442,3912,1308,3555,451,1514
"COG0652",3000,4684,4407,4466,4535,4535,4954,4311,2267,4223
"COG0653",7334,9233,8722,10006,7232,6282,9867,7108,3510,10797
"COG0654",3415,8155,5393,8236,5778,4824,7811,6170,3038,8731
"COG0655",850,279,468,262,513,558,519,687,556,277
"COG0656",1029,907,1269,444,980,1457,692,1710,571,387
"COG0657",3185,3275,3822,2938,6084,3981,4771,4124,1225,2963
"COG0658",1969,306,951,183,1088,985,1329,938,800,92
"COG0659",2182,2546,5146,4309,3316,2830,7475,3283,3073,4309
"COG0661",2671,7753,6731,9133,4636,1002,1446,1471,1092,2309
"COG0662",1845,2697,2450,3474,2296,2154,2175,1933,12879,2893
"COG0663",945,1286,1425,1100,1230,887,1297,862,900,1245
"COG0664",4823,1944,1869,1564,3207,3147,2240,4255,2048,1605
"COG0665",5550,6576,5785,5930,3987,24179,24283,18868,8312,20959
"COG0666",3487,1948,746,725,5688,3733,1327,2433,1363,1233
"COG0667",6403,6670,5770,6085,7890,7967,5710,8742,2366,6753
"COG0668",4523,5057,5791,5228,6300,7209,4434,7366,3582,5079
"COG0669",1284,1607,1109,1870,1156,1114,1726,1190,746,1780
"COG0670",923,2070,1732,2246,1102,1032,1091,1264,1025,2242
"COG0671",1243,656,1310,927,1122,1659,1387,1564,7671,840
"COG0672",724,346,303,211,949,885,667,1381,283,280
"COG0673",17960,15554,14468,15631,23565,4084,3659,4070,1623,4075
"COG0674",10724,2642,1807,1149,3623,4309,1311,3538,475,1246
"COG0675",280,28,193,21,349,756,190,105,1663,22
"COG0676",136,81,250,22,209,160,36,8,217,6
"COG0677",2828,2063,1288,2143,2494,2536,1627,2825,822,2068
"COG0678",754,1614,2147,1749,782,708,952,749,2062,1339
"COG0679",1390,2271,1675,2495,1353,1290,1606,1240,1117,2322
"COG0680",82,0,82,8,86,33,1,22,56,4
"COG0681",2325,3283,2592,3396,2923,632,890,763,637,935
"COG0682",2002,2805,1740,3265,1861,1918,2956,2332,1148,3325
"COG0683",8628,7426,7769,6809,4637,7165,3913,5575,3050,7305
"COG0684",1188,966,1022,673,1514,242,215,240,110,195
"COG0685",3915,2148,2185,2415,1983,2639,2427,2556,888,2461
"COG0686",1868,2422,2849,2363,1497,1700,2987,1816,1275,2284
"COG0687",3547,3300,3450,2872,2350,3973,2730,2691,1628,2906
"COG0688",1646,1762,1443,1580,1328,1571,2222,1585,741,1582
"COG0689",1255,1741,1562,1148,1864,1765,1142,1544,780,1058
"COG0690",147,227,409,335,316,194,383,149,195,367
"COG0691",1374,1530,1225,1589,1129,1020,1791,1269,669,1648
"COG0692",80,153,152,140,133,405,1702,604,666,769
"COG0693",720,325,812,276,1085,1216,1450,1219,722,231
"COG0694",1049,1928,1808,2059,1580,1545,2331,1584,3584,2094
"COG0695",781,1252,2050,1796,1136,1137,1177,1222,1880,1258
"COG0696",1468,1680,1936,2094,1592,1339,3319,1181,892,2476
"COG0697",14441,26145,18594,26363,16031,16220,18490,15254,9628,25457
"COG0698",285,258,228,274,191,670,985,1199,612,1009
"COG0699",452,215,64,44,215,43,265,365,169,16
"COG0700",164,50,65,48,258,163,116,67,118,85
"COG0701",257,93,153,48,224,898,255,584,631,121
"COG0702",4003,4662,3460,5116,4314,4039,4377,5536,2541,4986
"COG0703",1329,2004,1299,2205,1553,1221,2386,1402,797,2221
"COG0704",980,2050,2016,1092,1543,613,164,637,106,471
"COG0705",2885,1625,1875,1218,2646,2845,3547,2365,1053,1385
"COG0706",4774,5827,5262,5664,4372,3760,5473,3869,2215,6310
"COG0707",2655,3299,1826,3933,2193,2237,3768,2517,1215,3638
"COG0708",1900,3220,2419,3067,2363,2224,3122,2452,1428,3343
"COG0709",1350,1819,1450,3453,1372,1043,893,1072,797,3200
"COG0710",580,360,212,86,622,199,17,220,11,34
"COG0711",1381,2741,2126,3398,1550,1371,2310,1852,1132,3349
"COG0712",1296,1957,1585,2177,1283,1325,2015,1541,825,2242
"COG0713",919,940,711,1025,587,855,554,923,399,927
"COG0714",7034,8633,12806,9536,8153,6571,8168,6916,40312,6461
"COG0715",1948,1312,1452,1663,3018,2934,935,3134,1317,2234
"COG0716",257,433,825,689,948,346,240,139,1211,759
"COG0717",1114,2062,2039,2199,1479,1209,1500,1370,1531,2137
"COG0718",161,152,156,200,159,554,392,538,343,805
"COG0719",6159,8338,7568,8837,6868,6862,6587,7671,4201,8445
"COG0720",816,826,1036,1312,1000,750,1409,968,665,1417
"COG0721",610,829,559,827,532,110,197,150,80,198
"COG0722",961,1217,1690,1614,1297,1140,1484,704,836,1805
"COG0723",2292,1912,2325,2054,1523,1620,1304,1809,911,2086
"COG0724",544,1053,1022,797,729,379,422,322,747,900
"COG0725",139,48,104,57,226,591,503,650,206,213
"COG0726",4481,3628,3017,3170,4143,4870,3485,4855,1832,2986
"COG0727",272,175,155,356,184,270,363,227,193,375
"COG0728",2871,4934,3233,5444,2615,2640,3384,3151,2079,5275
"COG0729",781,37,565,142,721,913,122,926,766,51
"COG0730",3185,6156,4766,6275,3532,3279,5158,3898,2412,6133
"COG0731",380,336,237,121,492,886,73,863,78,113
"COG0732",419,170,804,323,1459,966,314,1242,1493,248
"COG0733",2902,2150,2218,2511,2549,2116,1788,1723,1543,2692
"COG0735",1946,3902,2658,4021,2444,1679,3208,2137,1534,3931
"COG0736",712,986,580,957,636,770,741,959,366,783
"COG0737",2399,1422,1427,1046,1434,2317,3344,2590,517,1063
"COG0738",700,194,1460,204,1023,1619,1552,1371,943,441
"COG0739",8751,8739,7993,7152,7254,2004,2753,2178,1434,2022
"COG0740",2232,3316,3659,4255,2383,2056,3541,2509,13530,4073
"COG0741",5277,5807,4552,5342,5404,5600,6471,5303,5380,5200
"COG0742",1379,2052,1053,2037,1365,1248,1942,1285,776,1962
"COG0743",2968,2924,1870,3345,2429,2079,2436,2192,1366,3578
"COG0744",1861,2620,2384,3551,2736,2594,1925,3387,1904,2835
"COG0745",6820,8509,11330,9156,9276,8053,8915,10215,7572,10947
"COG0746",1551,1206,639,732,761,996,851,781,326,489
"COG0747",2195,2129,1592,1742,2192,8084,7167,7294,2522,7330
"COG0748",32,69,57,50,188,198,55,162,190,138
"COG0749",7565,11793,17061,15888,7860,6760,14574,7852,149524,12611
"COG0750",4996,4156,3891,3964,4120,5639,4019,5296,1996,4334
"COG0751",2912,4683,2939,6005,2449,2861,2509,3255,2323,5083
"COG0752",1353,1993,1882,2196,1172,1339,1117,1200,1096,2106
"COG0753",102,0,178,17,139,1113,22,1364,718,13
"COG0754",105,27,253,22,291,148,14,38,192,28
"COG0755",2549,3535,2764,3574,2894,2400,3600,2991,1153,3985
"COG0756",892,1328,1335,1336,771,777,1790,930,6013,1264
"COG0757",1117,1546,1173,1597,1073,1112,1557,1136,666,1723
"COG0758",1570,435,595,205,822,908,1082,1241,589,155
"COG0759",555,644,425,823,438,392,494,516,278,833
"COG0760",1781,1098,1115,876,1862,5612,9466,4848,1966,4455
"COG0761",2456,3350,2839,3729,2285,1874,2240,2097,1368,3830
"COG0762",451,1018,787,1102,594,532,661,604,526,1149
"COG0763",2744,3224,1847,3445,2398,2158,3565,2120,1375,3514
"COG0764",3132,2835,2785,2671,2306,2673,3176,2210,1025,3172
"COG0765",2583,5422,3886,4303,2220,2956,3396,2698,2104,3803
"COG0766",2969,4446,3908,5092,2791,2645,3835,3021,1715,5413
"COG0767",499,727,1010,1105,1280,705,1343,889,616,1202
"COG0768",8761,11948,9972,12867,7729,7470,12424,8208,4810,13233
"COG0769",1385,1350,837,1568,778,3079,5078,3911,2223,6221
"COG0770",2548,2841,2284,3444,2610,541,1128,569,307,787
"COG0771",3007,4026,2471,5300,2529,2503,4572,3004,1676,5178
"COG0772",5731,8059,5454,8458,4968,4906,7519,5442,3524,8576
"COG0773",4528,5384,4458,5760,4272,3975,7090,4163,2393,6089
"COG0774",2802,2921,2580,2981,2363,2210,3367,2043,1177,3586
"COG0775",1047,704,1381,680,969,1041,1578,847,2047,552
"COG0776",1887,2102,1761,2158,1803,1776,2524,1775,1004,2184
"COG0777",2784,3171,2601,3102,2236,2242,2583,2136,1193,3499
"COG0778",3825,3065,3036,2252,4559,3962,4371,3773,1520,2382
"COG0779",589,813,585,841,742,578,1066,538,421,790
"COG0780",752,572,583,860,877,710,851,634,804,762
"COG0781",286,320,225,319,261,1032,2133,1082,608,1437
"COG0782",1493,1523,1607,1404,1682,1386,1762,1380,762,1392
"COG0783",186,29,365,146,308,379,109,445,321,44
"COG0784",7910,1806,12909,2569,14046,14000,3378,7779,12040,1466
"COG0785",838,1730,977,1893,1103,771,882,1465,840,1656
"COG0786",238,246,384,1316,216,131,133,262,128,1208
"COG0787",2045,2090,2212,2630,2091,1659,3400,1834,1050,2716
"COG0788",450,550,999,1119,873,991,515,1220,719,1158
"COG0789",1931,1765,2422,1823,2511,2398,2426,2519,1941,1308
"COG0790",3191,1187,1780,943,5206,2598,1425,2067,1016,1162
"COG0791",678,1627,886,2258,781,898,1559,1297,13639,1847
"COG0792",315,51,184,62,211,271,295,266,133,34
"COG0793",7012,6417,6021,6995,7755,6546,8870,6734,3101,7895
"COG0794",525,601,515,566,430,1983,2849,1906,1340,2830
"COG0795",4668,4911,3250,5159,4295,953,1584,1026,502,1474
"COG0796",1005,626,422,845,772,310,303,442,91,203
"COG0797",766,502,585,371,766,649,325,646,920,357
"COG0798",637,98,491,126,617,501,310,1036,315,228
"COG0799",993,1258,975,1300,890,898,1364,908,447,1412
"COG0800",762,701,948,990,886,621,1133,771,507,870
"COG0801",1407,1719,1402,1686,1323,316,549,369,190,446
"COG0802",297,365,273,376,256,983,1580,1110,645,1522
"COG0803",736,1785,1633,2517,1997,453,985,1046,956,3025
"COG0804",1055,1466,1403,2832,868,1369,496,1530,560,2925
"COG0805",2312,3045,2075,3247,2268,2455,2873,2593,1590,3149
"COG0806",827,893,761,987,896,843,1538,872,400,1129
"COG0807",2250,4476,3965,5151,3465,2361,3631,2909,1858,4984
"COG0809",2244,2117,1901,2638,2394,1834,3403,1653,908,2717
"COG0810",1294,751,1523,785,1581,1203,1391,577,914,1096
"COG0811",3105,3480,4089,3280,4606,3429,4925,2511,1889,3943
"COG0812",2217,3024,2027,3223,2081,2147,3238,2168,1260,3194
"COG0813",20,155,274,111,103,95,278,26,464,46
"COG0814",83,142,49,10,26,185,66,20,172,38
"COG0815",3661,5161,3121,5698,3310,3352,3985,4349,2204,5486
"COG0816",1029,1328,1084,1642,934,786,1399,947,606,1655
"COG0817",998,569,795,657,1013,826,1290,680,503,722
"COG0818",38,34,88,51,64,276,306,125,337,287
"COG0819",223,207,178,727,399,226,47,319,74,752
"COG0820",2025,2009,2180,2087,2489,1981,3390,1970,995,2607
"COG0821",2904,3850,3555,4288,2773,2351,2662,2402,1490,4476
"COG0822",1152,1208,1188,1070,829,1105,1057,1098,1745,1040
"COG0823",9626,4573,4676,3639,6333,7307,4544,5934,2172,4008
"COG0824",2680,3276,2717,3423,2688,2963,3940,2361,1335,3143
"COG0825",2960,3418,2896,3478,2299,2658,2929,2518,1283,4011
"COG0826",3211,792,348,191,846,1119,240,780,1142,59
"COG0827",222,89,86,145,335,410,454,844,1157,115
"COG0828",253,507,373,609,313,270,561,320,382,539
"COG0829",530,768,518,1321,574,662,248,805,361,1182
"COG0830",413,587,396,979,487,533,218,710,258,838
"COG0831",187,258,215,409,254,256,93,307,158,417
"COG0832",205,265,205,428,157,314,104,343,60,406
"COG0833",18,0,2,2,6,4,0,10,14,0
"COG0834",4177,5761,7035,5005,3780,4956,3701,3266,4683,4536
"COG0835",571,139,777,125,894,710,103,101,835,54
"COG0836",2347,2096,1554,2372,2161,2299,1483,2252,1313,2582
"COG0837",621,1077,1011,1441,605,428,1296,607,589,1399
"COG0838",1466,1277,927,1184,889,1093,756,971,519,1116
"COG0839",1722,1681,1330,1779,1105,1499,990,1584,661,1749
"COG0840",6332,951,7343,1566,9049,9537,736,1601,9781,626
"COG0841",3291,3279,5226,3110,4995,17375,18573,14980,13432,13163
"COG0842",3463,3429,3273,3831,3108,4107,2721,4309,2495,3727
"COG0843",6769,7406,8635,7325,5940,1662,1585,1652,914,2010
"COG0845",9553,6089,11481,7274,11693,11100,8660,10584,8722,6888
"COG0846",1516,933,725,722,1199,1656,670,1526,354,802
"COG0847",2758,3140,3198,2970,2918,2816,4527,2760,2726,2950
"COG0848",1080,1350,1375,1260,1482,1300,1256,1029,752,1402
"COG0849",2812,2342,2091,2175,2489,601,842,568,208,640
"COG0850",122,241,368,426,245,208,22,133,417,427
"COG0851",44,80,214,236,84,56,17,56,118,243
"COG0852",1902,1903,1359,1717,1391,1907,1137,1776,766,1674
"COG0853",211,179,358,160,312,161,552,153,57,250
"COG0854",1219,2099,1639,2291,1336,1148,2217,1320,823,2466
"COG0855",670,1945,3063,2818,2057,1371,1712,2252,1607,2983
"COG0856",33,150,154,66,131,84,4,60,7,64
"COG0857",538,388,983,1020,635,621,137,790,818,1061
"COG0858",878,1123,1094,1092,826,802,1400,982,489,1110
"COG0859",5949,4711,2812,4367,3685,5276,3531,4617,2497,4744
"COG0860",2475,1459,1720,1712,2227,484,808,430,311,488
"COG0861",852,1904,1292,2486,1026,1098,1118,1896,1021,2329
"COG0863",3079,4708,5351,6211,2367,747,707,1096,13496,923
"COG0864",54,39,4,11,140,190,28,175,29,23
"COG1001",855,186,346,68,649,2099,804,2306,133,108
"COG1002",836,561,583,447,1611,1071,242,1683,867,458
"COG1003",5543,7421,10095,10338,5173,4058,6065,5042,3025,9520
"COG1004",4180,4982,4450,6116,3351,3763,3984,4567,20730,4904
"COG1005",4065,4040,3202,3879,2860,3976,1948,3649,1446,3657
"COG1006",200,108,107,126,200,254,156,296,66,119
"COG1007",5390,5385,3949,5574,3715,4994,2777,4647,2196,5206
"COG1008",5538,7813,5302,7154,4104,4319,2894,4285,3377,6774
"COG1009",6102,7311,6018,7198,5404,1607,938,1604,976,1554
"COG1010",146,196,195,299,185,819,477,865,685,1301
"COG1011",4285,4393,3186,3560,3948,4048,4135,3588,1673,3708
"COG1012",24425,25708,28875,22780,21089,6377,7340,6248,3446,6039
"COG1013",8215,1530,1060,716,2216,2506,717,2207,594,751
"COG1014",11054,3466,2245,2012,4584,4752,2436,3984,672,2026
"COG1015",360,481,533,461,176,294,649,196,199,241
"COG1017",79,3,127,13,122,162,9,52,213,5
"COG1018",1526,644,2079,838,2379,2446,3413,2412,1555,617
"COG1019",227,212,56,45,279,709,24,555,56,61
"COG1020",399,437,283,225,1177,678,601,1397,444,399
"COG1021",121,4,12,11,74,24,4,32,1,2
"COG1022",8810,7095,5365,7484,4467,5426,4627,5153,3168,6774
"COG1023",146,1936,515,172,115,71,96,225,384,8
"COG1024",20062,17605,17608,14371,21348,17734,20136,15553,5922,15645
"COG1025",1186,605,1078,322,1451,1660,606,524,782,372
"COG1026",975,956,1087,748,1093,418,1586,372,243,920
"COG1027",585,67,28,13,272,1103,319,1182,156,4
"COG1028",38234,40568,37435,36826,46921,39549,38606,40796,16311,38033
"COG1029",170,125,127,95,163,49,68,74,140,77
"COG1030",1894,356,300,194,941,1024,243,576,97,315
"COG1031",108,341,368,133,308,165,16,104,24,95
"COG1032",25244,3439,3770,2939,6298,11994,2595,11726,8647,2255
"COG1033",9251,10125,8795,7311,9547,8657,9197,6262,3257,8058
"COG1034",3571,4524,3484,4338,1877,2962,3065,3046,1445,4080
"COG1035",1001,515,118,194,212,941,117,714,44,129
"COG1036",27,61,44,67,7,16,12,23,7,55
"COG1038",1373,844,1084,960,997,683,1450,1013,404,1132
"COG1039",26,21,25,25,140,27,39,25,1,36
"COG1040",882,92,385,78,475,477,622,412,244,63
"COG1041",175,397,234,92,327,183,70,128,33,102
"COG1042",1001,349,266,241,975,5149,1953,3643,613,794
"COG1043",1854,2223,2211,2288,1726,1416,1992,1347,951,2656
"COG1044",2517,2689,2423,3385,2147,1984,3053,2176,1127,3728
"COG1045",1148,1565,1970,1800,1487,1188,1075,1253,994,2085
"COG1047",1041,480,836,234,1104,1688,630,1342,1195,190
"COG1048",7213,7067,7121,6372,5881,1988,1101,1776,872,1573
"COG1049",795,3160,4548,4499,3143,1334,3054,1134,2160,4913
"COG1051",925,1065,632,737,1182,1226,1048,1278,631,707
"COG1052",2271,3336,3611,3530,3243,2818,2169,3008,2117,4144
"COG1053",9515,11699,11733,10017,9761,9216,8029,8378,3968,11038
"COG1054",648,3306,2490,3379,2099,1652,3571,2020,1177,3240
"COG1055",2838,1335,1321,862,2029,2575,1910,2078,674,1139
"COG1056",192,173,106,60,300,435,26,427,76,31
"COG1057",1344,1798,1118,2010,1316,1209,1825,1397,715,2000
"COG1058",2067,2437,2021,2993,1864,1573,2256,1823,1028,2817
"COG1059",6,2,2,1,1,0,1,1,2,4
"COG1060",843,559,543,417,996,4965,1541,4787,954,1063
"COG1061",508,1379,2268,1680,770,1608,6092,3656,34362,2951
"COG1062",2636,1428,1744,970,2545,2821,1513,2421,1628,872
"COG1063",4900,3184,2745,2605,4974,4656,2826,4498,1444,2266
"COG1064",2280,1578,1934,1222,1622,2933,1312,2901,785,977
"COG1066",2188,1136,2058,1957,1806,1559,3207,1571,2775,1832
"COG1067",758,638,1017,264,1007,758,51,267,563,207
"COG1069",227,147,103,69,306,555,67,430,81,108
"COG1070",1110,2060,2480,2396,2341,1219,2440,2471,847,2654
"COG1071",3871,4416,4652,3865,5532,3977,7258,4463,2339,4306
"COG1072",139,188,152,117,114,100,270,230,34,112
"COG1073",3026,2959,2829,3245,5446,3119,2022,3599,1923,2981
"COG1074",2907,3653,3993,5012,5286,3225,6191,3458,2087,4904
"COG1075",1196,588,576,606,779,737,184,426,739,564
"COG1076",1009,917,757,943,921,1195,1081,943,471,992
"COG1077",2799,3901,4367,3856,2530,2454,3085,2244,1554,4103
"COG1078",141,254,231,269,302,1408,1158,1448,656,1183
"COG1079",1423,2450,1611,2070,1096,1940,1730,1439,721,1681
"COG1080",1063,1042,794,935,1105,535,622,566,468,636
"COG1082",2972,2968,3091,2638,4041,2742,3318,2859,951,2623
"COG1083",1966,1293,880,1531,1418,1206,1019,1542,4579,1764
"COG1084",52,388,232,81,252,133,22,74,53,99
"COG1085",768,266,502,178,548,1305,493,1389,276,294
"COG1086",2840,2180,1589,2559,3046,2943,2160,3252,3645,3090
"COG1087",1577,1463,1589,1720,1363,1417,1759,1463,1881,2096
"COG1088",2905,2282,1910,3078,2279,3122,2957,3720,12332,2582
"COG1089",2539,3306,2694,4159,1907,2135,2214,2641,20028,3411
"COG1090",769,1415,1446,1570,1702,861,1724,1015,717,1468
"COG1091",2521,1508,1257,1645,1681,2001,2554,2377,3157,1538
"COG1092",889,328,1201,342,1592,890,1144,449,851,292
"COG1093",414,313,172,87,394,1055,96,950,70,92
"COG1094",226,313,165,96,231,617,32,553,46,80
"COG1095",295,237,154,59,312,609,33,559,49,56
"COG1096",99,166,133,9,214,323,34,289,36,17
"COG1097",439,256,173,47,283,1153,29,1027,26,67
"COG1098",0,0,0,0,0,0,1,1,1,0
"COG1099",46,15,46,13,234,45,32,36,14,22
"COG1100",306,2052,1263,3545,1146,467,449,1072,1549,3212
"COG1101",70,6,17,9,20,5,16,15,20,13
"COG1102",251,195,94,54,204,609,28,514,27,51
"COG1104",4227,3146,3305,3943,3613,3307,3487,3842,1429,3986
"COG1105",78,3,5,17,17,86,9,109,43,4
"COG1106",7,1,0,12,40,17,1,63,18,9
"COG1107",19,11,1,2,15,0,1,3,1,0
"COG1108",1140,3001,2590,3762,2459,1094,2272,1493,1324,3819
"COG1109",8176,10322,8212,10770,7606,8585,9085,8773,4251,10819
"COG1111",638,656,418,186,894,1290,86,1297,121,172
"COG1112",1281,2413,1295,1311,2255,1203,679,2111,1214,876
"COG1113",1,0,2,1,0,3,1,18,0,0
"COG1114",29,1,1,7,64,40,28,0,16,3
"COG1115",3764,2170,2961,1563,3090,3116,4205,2755,1480,2166
"COG1116",1411,962,1004,1231,1720,511,190,528,175,362
"COG1117",135,569,685,471,276,430,763,711,627,2944
"COG1118",227,24,25,48,116,256,21,319,125,16
"COG1119",632,532,567,817,676,945,285,751,510,693
"COG1120",141,60,96,49,207,769,393,703,384,229
"COG1121",714,2705,2243,3621,1979,876,1495,1271,1173,3578
"COG1122",1008,997,957,1786,461,439,662,771,657,1461
"COG1123",2140,4420,3428,5603,3563,736,1192,781,295,1315
"COG1124",49,0,1,2,7,13,51,36,3,1
"COG1125",116,10,70,28,96,160,82,338,50,46
"COG1126",355,657,579,502,352,1664,2274,1405,1184,1764
"COG1127",487,820,962,1193,1304,608,1393,811,601,1186
"COG1129",1336,2797,2337,2526,2151,1917,2415,3267,576,2782
"COG1131",8649,8165,6352,6873,8430,8561,5860,8573,4024,6461
"COG1132",13503,16819,13520,19125,15660,13417,17494,13839,7794,19640
"COG1133",786,1485,1251,1626,476,659,1072,854,548,1761
"COG1134",828,404,450,365,741,780,358,1043,438,336
"COG1135",265,58,37,35,64,598,48,698,92,49
"COG1136",4985,4909,4602,4929,5412,5527,4985,4906,2165,4871
"COG1137",1827,2251,1881,2589,1704,1703,2456,1680,998,2935
"COG1138",4353,6782,4034,5775,3857,4087,4418,3583,2050,5587
"COG1139",969,121,21,26,272,619,116,415,36,12
"COG1140",3914,44,12,18,237,186,128,197,50,1
"COG1141",8,162,177,269,88,0,18,61,1216,298
"COG1142",386,404,422,916,328,78,55,281,445,897
"COG1143",1999,1631,1678,1889,1345,1832,883,1645,7038,1743
"COG1144",642,1,1,0,25,31,47,27,0,0
"COG1145",2352,521,448,594,570,830,556,607,882,520
"COG1146",2137,1851,1873,1475,1389,2166,1525,2025,1437,1440
"COG1148",2795,86,5,19,32,598,3,196,3,16
"COG1150",704,61,4,6,21,69,0,15,0,12
"COG1151",656,0,1,0,0,0,0,0,5,4
"COG1153",31,4,7,1,49,15,2,3,3,5
"COG1154",4232,5963,6212,6426,4054,3376,5180,3808,2320,6686
"COG1155",196,144,130,54,207,2386,89,1709,110,159
"COG1156",536,456,376,147,703,1321,59,1098,97,117
"COG1157",433,630,858,638,969,720,544,611,459,543
"COG1158",3752,4235,4435,3800,3789,3211,4609,3200,1658,4393
"COG1159",1230,1528,1403,1722,1391,1298,2497,1371,693,1977
"COG1160",2800,2978,2842,3485,2931,2336,4330,2495,1377,3723
"COG1161",317,498,611,252,354,304,200,154,472,312
"COG1162",629,844,1191,1032,1093,907,2270,758,600,1161
"COG1163",527,442,246,130,538,1007,52,924,99,108
"COG1164",1133,1371,1124,1177,2683,2259,1537,2148,262,1226
"COG1165",562,959,669,1727,739,788,1443,1120,392,1710
"COG1166",554,965,1529,2579,1322,910,385,952,1315,2503
"COG1167",1586,1103,1189,1051,2192,1715,2180,1479,1259,1152
"COG1168",574,571,1068,355,919,709,702,538,423,311
"COG1169",464,881,546,2067,532,641,918,985,328,1808
"COG1171",4168,4954,4669,5230,4470,1256,1582,1214,576,1333
"COG1172",1411,3659,2846,3319,2020,1909,2385,2933,645,3623
"COG1173",5628,5646,3797,4243,5109,6100,4942,5663,1273,4571
"COG1174",275,17,124,53,176,253,76,564,76,68
"COG1175",4090,8416,4878,7171,2615,4373,5780,5720,2101,6852
"COG1176",3173,3000,2482,2760,1599,3209,2318,2646,981,2686
"COG1177",2722,2485,2130,2101,1455,2599,1908,2109,812,2180
"COG1178",3663,7272,4810,7574,4181,4135,4999,3019,2535,6856
"COG1179",184,51,258,28,234,152,252,105,234,21
"COG1180",1500,113,19,19,243,947,55,843,37,24
"COG1181",3808,3166,2048,3414,2057,2364,3293,2856,1351,3337
"COG1182",138,544,525,620,255,295,234,326,463,447
"COG1183",2064,2141,1666,1871,1571,1851,2666,1663,803,2028
"COG1184",382,61,15,8,22,56,3,59,24,5
"COG1185",5400,7152,7769,7291,5124,4818,6653,4920,2855,8247
"COG1186",2916,3601,3678,4458,2926,2660,3912,2859,1672,4489
"COG1187",2131,1958,2226,1967,2225,1876,3762,1625,1347,2213
"COG1188",174,154,281,139,318,62,130,71,42,45
"COG1189",489,768,417,1167,680,429,167,725,366,1148
"COG1190",2886,2597,3027,3001,2719,2443,4150,2153,1326,3297
"COG1191",98,132,104,101,214,510,488,344,1411,312
"COG1192",3416,3667,4334,3566,3942,4029,3012,4411,2957,3636
"COG1193",628,1541,1376,2974,1059,716,1661,1265,897,2800
"COG1194",1974,3815,2172,3288,2471,2065,3990,2199,3644,3020
"COG1195",1268,2232,1895,2393,2104,1451,3182,1629,893,2742
"COG1196",7131,10163,8021,10746,6673,7188,5575,7743,3528,9449
"COG1197",6430,6578,5119,7405,6561,5525,9244,5705,2528,7510
"COG1198",5737,7229,5200,7812,5034,4841,6890,5316,2646,8153
"COG1199",4176,2155,2348,2173,3870,2773,2043,2100,2646,2122
"COG1200",4939,6659,4718,7650,4680,4112,5960,4769,2852,7407
"COG1201",1991,3901,3414,4675,4177,4854,1244,6031,1592,4534
"COG1202",2,21,0,5,4,0,0,2,1,0
"COG1203",166,17,9,28,240,635,18,364,280,15
"COG1204",1085,1385,1095,344,1386,2717,192,2673,571,290
"COG1205",776,288,320,153,900,324,246,880,408,89
"COG1206",336,930,716,1340,837,440,512,743,475,1285
"COG1207",1619,3063,2913,3700,2390,1691,2610,2090,1593,3787
"COG1208",6412,4992,3108,5375,3663,4828,3343,5374,7153,5282
"COG1209",2268,1903,1559,2103,1807,2381,3038,2905,3048,1945
"COG1210",1002,1724,1041,1641,1142,1471,1276,1499,745,1538
"COG1211",1879,2718,1570,2982,1746,1520,2034,1825,1108,2931
"COG1212",2205,2485,2013,2491,1728,1727,2462,1646,3045,2761
"COG1213",2623,694,276,680,1099,2025,327,2512,2158,554
"COG1214",1343,1135,1020,1202,1265,1080,1706,1090,543,1185
"COG1215",2341,1282,1616,1711,1819,3588,2164,4538,1158,1605
"COG1216",4606,2097,2008,2179,2969,3747,4044,5043,3892,2336
"COG1217",3909,4438,6854,5012,3575,3507,5764,3864,2025,5533
"COG1218",1463,2281,1936,2409,1861,1570,2461,1706,1156,2459
"COG1219",2885,4028,4279,4748,3324,3150,4391,3049,2672,5037
"COG1220",2617,2673,2573,2465,1941,2217,1256,1976,1257,2574
"COG1221",398,36,497,100,517,282,123,249,357,22
"COG1222",138,557,270,114,343,193,28,119,96,109
"COG1223",0,40,6,5,6,1,0,11,15,3
"COG1224",0,81,7,5,5,0,2,4,35,1
"COG1225",1944,2544,2107,2701,2936,691,538,736,308,696
"COG1226",4747,4540,4256,3137,4788,1164,852,944,886,718
"COG1227",10,140,197,48,65,101,384,28,54,69
"COG1228",9487,3940,5632,2490,7334,8712,9375,7137,1987,2867
"COG1229",53,36,54,39,59,74,81,65,51,131
"COG1230",1943,153,1383,305,1565,2333,277,2663,1207,211
"COG1231",1747,373,336,174,611,240,220,218,80,46
"COG1232",1697,827,392,568,1441,952,440,1123,315,483
"COG1233",6076,7915,6559,8944,5976,3540,7828,5081,2767,9709
"COG1234",2118,2556,2131,2335,2483,2076,2303,1910,903,2385
"COG1235",2302,2114,1890,2025,2610,1610,2254,1491,913,1947
"COG1236",1191,1658,1481,1855,2329,2425,603,2383,1130,1748
"COG1237",60,60,145,69,87,116,153,65,10,138
"COG1238",344,364,334,308,287,1285,1126,1112,726,1280
"COG1239",545,1395,1855,2485,948,695,1553,1077,698,2804
"COG1240",116,581,328,1234,299,120,296,312,202,1203
"COG1241",212,328,206,69,236,2184,179,1988,911,215
"COG1242",347,105,7,33,89,200,41,89,3,46
"COG1243",845,200,108,81,450,1400,644,1331,215,128
"COG1244",87,409,302,148,497,221,23,143,32,112
"COG1245",686,631,408,197,763,1643,89,1546,118,182
"COG1246",695,191,574,109,663,593,377,243,361,75
"COG1247",237,214,234,152,226,373,304,284,71,106
"COG1249",7211,8406,9047,9285,9158,9158,8278,9563,4563,9244
"COG1250",9584,8704,7995,7384,8391,9493,10535,8747,3473,7399
"COG1251",1230,26,716,94,689,791,36,562,792,39
"COG1252",774,2309,2085,4698,2036,1661,840,2435,2325,4266
"COG1253",3714,3320,3048,3660,4030,3936,4891,5037,1794,3793
"COG1254",543,96,49,83,241,632,47,607,80,77
"COG1255",2,0,0,0,0,0,0,0,0,0
"COG1256",637,837,1112,784,1302,920,644,683,572,656
"COG1257",853,938,1415,439,1461,1521,1749,1399,510,595
"COG1258",448,533,355,168,648,1367,92,1399,94,200
"COG1259",731,401,336,275,620,434,924,417,248,285
"COG1260",1663,689,582,578,748,1849,475,1752,492,316
"COG1261",193,165,265,108,298,76,33,26,54,22
"COG1262",7291,2364,3179,1748,6867,5848,4308,5129,1445,2635
"COG1263",18,2,31,1,1,4,0,15,17,0
"COG1264",8,1,27,0,2,1,0,7,15,1
"COG1266",882,873,892,1610,781,614,1042,917,401,1707
"COG1267",873,925,545,832,670,572,653,538,409,814
"COG1268",573,1362,783,1484,437,528,451,726,622,1441
"COG1269",792,716,465,201,1080,2384,113,2042,161,155
"COG1270",756,591,665,1013,831,1166,355,1262,555,1074
"COG1271",1861,34,773,147,1105,999,80,997,800,29
"COG1272",705,127,342,74,250,567,932,491,217,133
"COG1273",30,3,10,8,38,197,4,544,21,2
"COG1274",986,143,95,59,317,467,244,476,28,104
"COG1275",379,2,2,13,16,13,2,83,63,0
"COG1276",50,43,230,73,214,149,9,49,160,39
"COG1277",1411,615,443,419,1998,1049,705,785,230,443
"COG1278",1957,1357,1348,1250,1278,1580,1455,1632,755,1209
"COG1279",188,1026,539,816,451,376,531,363,459,670
"COG1280",2322,3849,2535,3293,2258,2720,3491,2538,1822,3101
"COG1281",200,832,945,1230,766,352,628,477,636,1149
"COG1282",2975,4656,4470,5350,3285,2643,2727,2728,1883,5778
"COG1283",2186,952,796,648,1120,1205,1557,556,1032,281
"COG1284",208,98,260,30,151,294,50,301,193,20
"COG1285",254,5,20,16,61,196,14,227,129,11
"COG1286",183,216,325,184,434,305,860,236,162,243
"COG1287",964,1870,1149,434,2637,2023,81,1848,306,754
"COG1288",188,6,31,40,151,428,237,94,189,25
"COG1289",181,9,40,63,107,595,10,690,295,4
"COG1290",4021,4594,4747,4645,3351,738,671,809,711,1217
"COG1291",1561,886,668,600,1435,1253,546,875,508,556
"COG1292",2292,1165,2649,718,2236,2914,2087,2226,2383,879
"COG1293",840,1455,985,1759,1301,2349,520,2448,809,1476
"COG1294",391,28,630,92,459,599,70,638,551,20
"COG1295",633,441,1060,860,970,1207,895,1469,811,849
"COG1296",55,213,200,214,95,486,719,256,417,705
"COG1297",1687,874,578,362,958,206,38,141,24,129
"COG1298",746,1017,1394,955,1755,1253,975,997,673,889
"COG1299",74,11,45,12,9,78,23,80,89,11
"COG1300",37,7,16,13,137,195,37,393,55,10
"COG1301",2041,1320,1914,1131,2297,1743,2929,1820,867,1548
"COG1302",6,0,8,3,1,0,5,0,0,7
"COG1303",230,157,122,60,244,514,20,509,39,50
"COG1304",2264,4395,4707,4546,3449,2444,2497,2804,1826,4839
"COG1305",3190,1149,1647,1967,2670,2272,390,3475,1183,2084
"COG1306",69,490,323,561,102,67,297,104,265,207
"COG1307",605,134,38,24,330,307,29,190,30,12
"COG1308",167,29,5,4,88,386,11,339,20,11
"COG1309",3292,1394,3546,1470,3751,3573,4061,3271,2876,1194
"COG1310",503,266,243,443,412,818,185,845,14823,86
"COG1311",84,126,99,39,163,225,91,162,330,97
"COG1312",521,325,299,226,1110,508,384,415,119,421
"COG1313",385,2,1,0,128,22,0,19,2,1
"COG1314",125,70,158,83,158,95,102,32,110,67
"COG1315",233,189,339,39,309,555,8,102,284,48
"COG1316",303,765,382,449,203,234,287,716,655,187
"COG1317",271,86,184,51,279,428,41,176,212,44
"COG1319",3578,2004,1338,1087,2354,2653,963,2165,329,768
"COG1320",185,32,49,72,76,146,79,160,65,61
"COG1321",958,829,537,638,998,1704,1186,1742,261,534
"COG1322",2596,4030,3148,3558,2825,2682,3806,2624,1335,3724
"COG1324",579,350,242,483,413,640,63,558,161,426
"COG1325",165,21,4,0,104,123,4,117,6,0
"COG1326",17,156,110,38,112,73,7,28,16,24
"COG1327",883,1441,1373,1568,934,686,1010,847,643,1538
"COG1328",1070,64,35,16,535,1463,114,1315,162,5
"COG1329",517,1547,896,1460,476,517,666,887,464,1299
"COG1330",1105,1385,1214,3494,1223,1455,384,1156,1448,2902
"COG1331",4134,1561,1097,1437,3173,4507,2515,4099,502,1885
"COG1333",16,479,318,1008,218,109,112,1022,357,928
"COG1334",10,2,25,7,32,50,20,9,82,3
"COG1335",2172,986,878,1032,2044,1600,1068,1830,583,979
"COG1336",0,0,0,0,2,0,0,1,0,0
"COG1337",9,0,0,0,0,0,3,0,0,0
"COG1338",279,374,512,358,660,399,376,347,266,310
"COG1339",300,139,87,35,257,701,30,672,29,38
"COG1340",57,270,185,71,229,101,12,76,16,116
"COG1341",0,31,6,0,1,0,0,2,10,0
"COG1343",4,0,0,1,14,28,0,0,3,0
"COG1344",2739,4404,3655,2767,4787,4078,1887,2272,1682,2663
"COG1345",774,814,775,663,1122,1168,364,730,479,676
"COG1346",161,33,215,39,190,219,229,123,242,18
"COG1347",336,440,645,427,683,373,1077,294,233,647
"COG1348",31,669,806,1248,357,69,471,323,426,1216
"COG1349",410,189,764,149,641,606,1040,728,508,109
"COG1350",1913,930,652,765,366,888,505,650,220,609
"COG1351",2650,3998,5299,4379,1687,2875,2422,3398,18910,2756
"COG1352",565,263,437,188,889,1017,137,883,692,131
"COG1353",45,1,0,0,6,1,3,2,1,0
"COG1354",2115,2497,1757,2766,1836,2114,1693,2212,1061,2842
"COG1355",889,70,7,20,147,441,49,399,51,41
"COG1356",5,0,0,0,2,0,0,0,0,0
"COG1357",4675,2484,2040,2755,3783,3859,956,3858,2128,2709
"COG1358",120,170,124,54,202,262,20,177,56,41
"COG1359",230,173,119,108,297,289,169,266,89,142
"COG1360",2201,1338,1373,1208,2210,1949,2483,1552,602,1386
"COG1361",420,31,7,0,306,1310,55,1174,30,0
"COG1362",318,250,161,80,388,258,283,224,138,116
"COG1363",336,380,567,339,948,551,1912,528,217,532
"COG1364",2095,3206,2314,3776,1949,1849,1826,2173,1223,3807
"COG1366",308,153,282,251,278,289,194,192,250,272
"COG1368",1437,627,290,277,520,1555,1714,1093,446,331
"COG1369",24,9,0,1,0,0,0,0,1,0
"COG1370",255,483,251,146,580,624,27,485,64,181
"COG1371",337,54,10,1,175,104,11,116,6,2
"COG1372",803,1495,2510,4095,704,122,2485,728,35084,2786
"COG1373",420,8,148,41,146,152,70,105,92,44
"COG1374",3,11,3,1,1,0,0,0,8,0
"COG1376",480,562,439,226,591,527,430,1196,911,135
"COG1377",380,582,697,536,888,690,524,525,369,465
"COG1378",642,303,157,87,376,734,83,747,47,92
"COG1379",203,9,0,1,17,38,3,24,0,0
"COG1380",15,4,80,12,53,49,5,3,92,12
"COG1381",1669,1860,1186,2107,1340,1270,1502,1350,778,2012
"COG1382",10,2,0,0,1,2,0,0,5,1
"COG1383",7,14,9,6,7,24,2,15,20,11
"COG1384",1736,3847,2267,3567,1712,2414,1383,3042,966,3432
"COG1385",1741,2688,1780,3198,1799,1734,2590,1955,1246,2953
"COG1386",1789,2111,1607,2209,1614,1810,1158,1949,902,2158
"COG1387",684,482,436,189,955,447,145,375,53,126
"COG1388",492,310,207,222,404,347,370,298,362,238
"COG1389",695,760,573,261,1258,1116,147,963,164,274
"COG1390",143,176,101,33,248,323,49,312,26,26
"COG1391",1358,980,1416,803,2181,1633,1371,1585,947,496
"COG1392",1018,279,230,246,502,1089,524,742,172,191
"COG1393",651,459,572,503,832,820,1127,750,368,417
"COG1394",305,248,149,64,328,918,36,761,46,59
"COG1395",32,0,0,0,3,1,0,0,1,0
"COG1396",1761,2375,1667,2144,1194,1706,1757,2783,2236,1903
"COG1397",407,108,113,84,258,267,186,130,152,79
"COG1398",557,869,1734,1381,1503,720,1002,561,2256,1240
"COG1399",721,285,321,178,339,429,308,293,396,79
"COG1400",6,11,4,0,4,6,1,4,8,2
"COG1401",520,253,158,131,586,193,24,85,71,35
"COG1402",769,752,646,930,1576,1327,378,1335,633,956
"COG1403",1459,2166,2239,2496,1274,983,1030,1318,4829,2317
"COG1404",6677,9492,11227,4204,14853,10226,5569,9058,5718,5088
"COG1405",277,253,173,85,335,3296,1276,2852,952,322
"COG1406",56,2,111,6,94,102,1,2,100,9
"COG1407",341,515,515,912,522,788,290,1106,390,826
"COG1408",315,383,401,378,591,631,1503,735,91,458
"COG1409",2394,1649,2236,923,4043,3245,1629,3278,1460,1208
"COG1410",5499,3617,3319,5181,4917,4345,3024,3832,2213,4825
"COG1411",44,75,26,59,75,23,20,30,17,70
"COG1412",40,26,3,3,5,6,0,3,14,4
"COG1413",2655,1330,1160,913,2413,894,370,777,960,941
"COG1414",1375,683,840,469,898,1136,1821,1705,648,395
"COG1415",270,16,25,7,70,120,50,61,6,7
"COG1416",24,5,27,10,21,8,36,17,3,17
"COG1418",907,184,272,98,1115,714,1477,767,112,228
"COG1419",322,218,461,183,721,561,126,247,368,181
"COG1420",1585,842,671,608,957,1012,796,1047,401,620
"COG1422",258,142,109,60,256,598,19,554,25,38
"COG1424",0,0,0,0,0,0,0,0,0,0
"COG1426",899,275,378,183,766,162,59,89,69,66
"COG1427",236,255,174,86,438,272,130,187,40,79
"COG1428",1026,570,668,499,782,773,2685,887,470,768
"COG1429",806,4147,3720,9216,2310,1051,2112,2436,2436,9042
"COG1430",539,598,671,1445,638,516,618,773,3086,678
"COG1431",22,3,37,5,33,53,7,53,13,5
"COG1432",1161,109,445,99,717,823,404,854,345,94
"COG1433",0,0,0,0,0,4,0,1,0,0
"COG1434",219,189,106,144,200,505,515,472,423,574
"COG1435",801,887,1189,840,727,929,2221,824,859,776
"COG1436",34,88,69,29,69,102,4,69,10,22
"COG1437",40,3,15,1,85,87,17,109,5,4
"COG1438",110,215,241,228,106,165,129,60,125,105
"COG1439",194,162,89,36,227,530,27,535,35,46
"COG1440",0,0,1,0,0,0,0,0,0,0
"COG1441",113,229,36,24,42,201,11,84,32,19
"COG1442",32,204,131,351,38,15,349,57,168,136
"COG1443",191,327,339,198,364,152,204,133,9,59
"COG1444",467,72,501,33,402,448,13,70,475,8
"COG1445",81,1,39,8,11,87,10,56,79,1
"COG1446",1817,694,899,544,1315,1579,1405,1174,249,742
"COG1447",0,0,1,0,0,0,0,0,0,0
"COG1448",246,579,809,414,696,416,713,303,420,262
"COG1449",30,329,246,285,65,25,183,140,364,488
"COG1450",2530,1166,2015,1058,3640,2081,1488,1152,932,1181
"COG1451",554,293,446,326,717,605,742,542,373,301
"COG1452",2262,3350,2575,3156,2902,2463,3534,2425,1646,3883
"COG1453",137,244,188,645,172,134,147,628,818,2439
"COG1454",2940,3407,3516,3630,3765,3642,2550,3578,1638,3979
"COG1455",5,4,8,1,6,2,0,0,5,0
"COG1456",414,0,0,0,0,47,0,45,0,0
"COG1457",215,12,47,29,181,262,37,186,200,3
"COG1459",2673,1643,2013,1735,2813,2259,1422,1649,1368,1644
"COG1460",25,20,5,1,12,12,0,11,0,6
"COG1461",659,200,80,24,463,521,55,258,39,36
"COG1462",289,135,1438,494,352,482,749,265,7582,260
"COG1463",281,487,544,879,899,390,316,797,520,857
"COG1464",78,1,7,23,29,29,3,33,86,13
"COG1465",321,247,206,79,321,1114,53,1021,40,74
"COG1466",2250,2511,1595,2966,1807,2084,3316,2133,1076,3011
"COG1467",495,358,242,98,553,1521,127,1397,195,87
"COG1468",42,2,2,5,32,54,1,59,10,0
"COG1469",300,157,378,254,462,421,569,137,317,172
"COG1470",22,8,4,1,60,3,0,1,7,15
"COG1471",324,218,187,56,269,653,23,725,42,68
"COG1472",6042,5023,5869,4360,4736,6103,10716,9992,2546,5709
"COG1473",4962,4083,4760,3936,4296,4462,5567,3597,1633,4164
"COG1474",564,946,640,261,1025,1081,115,1001,97,223
"COG1475",2774,3114,3278,3208,3013,3059,3325,4606,20011,2900
"COG1476",115,228,206,111,111,221,880,211,38,100
"COG1477",1686,735,1335,774,2132,1300,2138,1083,615,937
"COG1478",822,515,381,363,751,1792,655,1795,163,255
"COG1479",899,252,446,243,675,665,312,892,1053,179
"COG1480",1744,1375,1261,1946,1169,880,1648,1064,784,1925
"COG1481",2,1,1,2,1,23,1,110,1,4
"COG1482",215,135,108,75,279,84,33,190,25,22
"COG1483",221,33,109,44,105,134,8,551,73,29
"COG1484",3735,162,1176,193,1629,1089,408,1893,2417,82
"COG1485",493,2312,1263,2144,1254,757,2036,884,805,2114
"COG1486",617,992,407,738,423,312,287,389,87,803
"COG1487",87,23,96,21,160,16,5,18,8,2
"COG1488",639,591,496,520,632,649,366,789,243,444
"COG1489",1109,1249,1051,1670,825,783,654,739,741,1528
"COG1490",788,534,544,411,758,147,266,108,61,91
"COG1491",289,205,178,71,255,623,35,575,35,56
"COG1492",853,758,587,1471,979,1174,483,1198,539,1507
"COG1493",67,110,104,108,284,95,196,112,22,71
"COG1494",932,1939,1577,2170,1001,902,594,1295,970,2235
"COG1495",407,673,571,676,464,469,925,439,331,653
"COG1496",1373,1934,1132,2187,1075,1073,1007,1256,867,1946
"COG1497",7,0,0,0,2,1,0,0,0,0
"COG1498",431,393,251,83,521,1202,64,1164,85,73
"COG1499",84,316,221,85,279,170,15,91,34,103
"COG1500",309,255,155,68,349,754,33,681,39,52
"COG1501",402,263,1107,105,667,932,234,1649,567,108
"COG1502",1113,321,969,365,1243,1413,621,1492,1205,140
"COG1503",494,453,277,120,534,1182,96,1251,76,106
"COG1505",1239,1001,1364,812,1536,1575,2107,1776,532,1123
"COG1506",9144,4508,6586,4942,7671,10280,7325,10256,4087,5612
"COG1507",52,173,172,134,15,66,133,94,85,90
"COG1508",2613,1538,1751,1262,2421,2032,3687,1680,664,1551
"COG1509",1503,97,425,113,1563,1780,334,1346,1266,110
"COG1510",103,16,179,25,221,143,42,57,98,20
"COG1511",5,1,22,1,7,105,3,441,213,11
"COG1512",120,157,116,41,249,229,212,370,274,28
"COG1513",191,122,204,61,142,63,35,29,204,122
"COG1514",218,30,66,17,165,752,74,689,155,56
"COG1515",176,27,6,12,54,74,1,47,23,31
"COG1516",142,141,151,80,254,227,98,126,142,71
"COG1518",121,3,6,11,135,327,14,225,98,14
"COG1519",2807,3435,2124,3186,2715,2629,4579,2250,1277,3288
"COG1520",5107,3160,2295,2520,5885,2982,2897,2619,1104,2456
"COG1521",1605,1981,1314,2367,1373,1311,1902,1417,921,2129
"COG1522",3551,1678,2110,1004,3032,5825,4334,5798,1083,842
"COG1523",1414,1197,2324,2101,1285,1298,217,1614,1525,2253
"COG1524",2844,1664,1470,1150,1970,2185,2102,1996,734,1071
"COG1525",1156,1129,1376,1196,926,691,739,1109,5780,1022
"COG1526",1276,1620,1223,1056,875,1436,1183,1120,270,646
"COG1527",436,369,272,102,549,300,17,322,29,22
"COG1528",29,291,239,542,293,45,243,206,402,487
"COG1529",15597,8762,7059,4647,14192,3138,1085,2505,467,1085
"COG1530",5230,5960,5185,5890,5202,4551,6352,4309,2836,6060
"COG1533",1715,542,279,402,926,1043,298,1177,761,379
"COG1534",137,46,138,41,170,168,209,54,111,33
"COG1535",77,0,2,0,0,8,0,7,2,0
"COG1536",363,222,241,170,360,1264,752,830,401,633
"COG1537",514,346,245,109,470,1379,60,1280,64,119
"COG1538",4582,4842,6017,5839,6155,5968,5548,7234,4393,6028
"COG1539",747,1194,890,1284,731,830,1149,884,613,1175
"COG1540",879,1137,1207,1090,655,1353,818,1077,617,979
"COG1541",2210,850,528,703,1401,1547,825,1301,927,552
"COG1543",3,428,419,1267,258,8,31,233,343,1219
"COG1544",498,431,485,829,395,289,471,467,320,699
"COG1545",774,512,321,260,893,618,281,511,68,261
"COG1546",1902,2027,1724,2429,2017,1696,2167,1774,986,2339
"COG1547",74,182,118,344,224,102,30,141,117,309
"COG1548",92,105,68,103,108,26,34,50,24,92
"COG1549",95,498,333,131,384,229,25,117,34,139
"COG1550",207,0,0,0,12,26,0,18,0,0
"COG1551",230,77,182,71,206,168,77,80,133,77
"COG1552",5,19,11,5,42,7,67,13,9,11
"COG1553",231,49,153,31,136,28,9,13,21,13
"COG1554",59,104,221,81,90,342,786,1054,59,92
"COG1555",427,89,173,36,166,204,422,129,166,37
"COG1556",369,56,13,15,125,223,93,184,24,11
"COG1558",145,199,303,191,340,263,166,193,139,191
"COG1559",1745,1537,1147,1366,1459,1530,2924,1463,536,1281
"COG1560",2481,3118,1875,2726,2120,2407,3962,2018,1076,2864
"COG1561",1342,622,838,541,1293,1005,2423,675,365,674
"COG1562",616,3644,2386,3267,2342,810,2344,1396,1817,3082
"COG1563",0,9,5,10,0,0,6,2,4,7
"COG1564",155,156,69,84,99,382,237,298,160,283
"COG1565",1300,3074,1316,3584,1247,1115,1452,1705,1148,3056
"COG1566",471,207,392,283,974,821,218,920,507,153
"COG1568",10,8,1,6,59,23,0,12,4,5
"COG1569",10,20,4,4,5,2,0,12,5,6
"COG1570",2479,2045,1739,1689,2368,1994,2322,1616,972,1834
"COG1571",436,335,216,82,595,1370,74,1141,67,111
"COG1572",157,376,194,64,172,82,6,84,36,8
"COG1573",2474,3104,1940,3197,2247,2584,1362,2864,2017,2894
"COG1574",5845,1315,2537,831,2745,4524,4030,3279,604,985
"COG1575",302,295,284,431,253,1568,1417,1585,597,1542
"COG1576",304,768,643,848,726,501,1287,512,353,906
"COG1577",382,337,225,108,522,900,66,1035,56,114
"COG1578",12,0,0,0,3,13,0,7,0,0
"COG1579",912,246,147,92,455,505,402,527,34,126
"COG1580",164,7,264,37,279,299,20,118,258,17
"COG1581",216,51,29,23,110,474,30,451,24,2
"COG1582",2,0,0,0,5,4,2,1,0,4
"COG1583",1,0,0,0,2,21,0,0,0,0
"COG1584",3,14,6,0,1,11,1,1,2,0
"COG1585",94,21,24,19,76,70,131,142,18,6
"COG1586",519,1529,1067,1963,538,505,366,692,2627,1347
"COG1587",1573,1682,1232,2428,1799,2194,999,2331,860,2164
"COG1588",17,2,1,0,1,2,4,4,0,0
"COG1589",599,696,843,897,780,703,743,743,520,904
"COG1590",15,24,2,1,3,10,0,6,13,6
"COG1591",46,5,0,0,0,0,0,0,0,0
"COG1592",581,818,725,436,182,455,404,227,166,340
"COG1593",5073,4886,4927,5751,3735,3624,5437,4158,2045,5849
"COG1594",162,216,151,108,200,404,775,368,292,106
"COG1595",3238,1455,2924,1549,4366,3895,5409,5310,2735,1337
"COG1596",2655,1162,1559,1303,2062,1674,2515,1254,1001,1803
"COG1597",1685,1147,1100,622,1382,1722,962,1503,648,543
"COG1598",79,5,8,5,22,25,35,29,3,6
"COG1599",778,623,380,162,732,450,17,423,27,42
"COG1600",2790,2021,1870,1933,2245,2359,2074,1938,1064,1900
"COG1601",186,199,97,48,190,449,35,385,41,68
"COG1602",383,71,27,1,293,1196,47,1201,43,0
"COG1603",18,9,0,0,3,0,0,0,0,1
"COG1604",0,0,0,0,0,0,0,0,0,1
"COG1605",1121,685,1064,568,1190,1062,1182,677,569,657
"COG1606",647,365,436,636,773,403,115,395,282,702
"COG1607",720,341,636,291,844,892,832,844,1507,314
"COG1608",200,223,172,73,378,450,55,432,40,69
"COG1609",2355,1702,3862,1151,2621,3393,4036,6147,2130,991
"COG1610",1096,1271,1129,1263,956,910,1487,1036,475,1301
"COG1611",2662,1447,1389,1591,1889,2293,2349,2151,1181,1498
"COG1612",1978,3273,2396,3719,2322,2224,2527,2233,1504,3776
"COG1613",15,2,13,9,13,34,13,6,57,0
"COG1615",1643,1673,1028,939,1315,3038,730,2897,1582,481
"COG1617",4,0,0,0,2,1,0,0,0,0
"COG1618",119,230,175,71,202,77,10,38,26,70
"COG1619",384,647,541,967,612,637,911,868,635,961
"COG1620",372,135,403,151,520,517,74,187,561,113
"COG1621",519,142,257,151,893,465,127,578,172,278
"COG1622",3457,3986,4483,3959,3199,3165,4144,3130,2002,4131
"COG1623",18,396,239,384,19,6,228,44,190,229
"COG1624",857,673,608,916,712,567,738,559,337,1084
"COG1625",564,579,551,1359,426,400,74,498,408,1373
"COG1626",530,104,298,43,279,781,94,637,275,44
"COG1628",165,12,2,0,1,449,1,498,0,0
"COG1629",29863,18671,49624,16606,37935,35332,35551,32563,23623,22893
"COG1630",185,21,5,0,187,691,22,646,33,0
"COG1631",143,58,77,16,91,82,3,64,6,2
"COG1632",245,222,160,66,259,552,30,431,27,48
"COG1633",52,96,60,76,81,42,80,51,6,80
"COG1634",276,162,143,66,337,878,44,797,42,58
"COG1635",193,31,7,0,182,652,24,563,30,0
"COG1636",144,200,200,179,148,157,584,71,30,225
"COG1637",100,42,19,7,31,115,6,114,5,6
"COG1638",3723,3534,3707,4129,2354,2730,2890,2953,1823,3930
"COG1639",817,50,897,206,1164,654,86,60,921,162
"COG1640",855,1527,1328,1968,699,420,431,450,998,1611
"COG1641",823,659,386,897,956,891,205,1057,492,972
"COG1643",1174,2274,2916,676,2469,1612,2228,1282,2398,633
"COG1644",30,19,17,13,36,325,108,281,71,19
"COG1645",2,1,0,0,0,0,0,0,0,0
"COG1646",654,365,225,156,557,1025,284,872,77,162
"COG1647",416,19,19,29,133,217,58,111,37,10
"COG1648",1321,111,683,126,689,1229,872,920,378,91
"COG1649",1421,412,251,160,505,719,314,735,424,235
"COG1650",394,294,187,86,411,895,36,873,46,85
"COG1651",2028,2046,1795,2021,2410,2835,1859,3680,1095,1998
"COG1652",510,326,615,314,777,545,709,164,1253,212
"COG1653",5019,9927,8439,8157,3147,4835,7110,6533,2733,8525
"COG1654",541,123,305,84,657,1090,448,1077,319,179
"COG1655",25,1,0,0,3,0,0,2,2,0
"COG1656",29,9,0,0,8,51,0,37,9,0
"COG1657",747,201,129,141,820,304,57,229,50,84
"COG1658",50,33,5,10,27,129,4,131,4,7
"COG1659",0,0,7,0,0,0,0,7,0,1
"COG1660",458,617,734,579,633,490,583,514,459,375
"COG1661",395,386,312,727,329,155,49,240,198,712
"COG1662",23,2,3,4,10,2,1,10,2,13
"COG1663",2154,2345,1335,2028,1779,2043,2925,1871,787,2248
"COG1664",823,387,444,415,508,636,619,606,154,452
"COG1665",80,0,1,0,1,8,0,4,3,0
"COG1666",153,224,148,259,163,541,479,534,557,920
"COG1668",780,483,573,251,849,591,1122,534,243,302
"COG1669",12,1,1,2,4,16,0,93,2,3
"COG1670",1972,1005,1355,633,1803,2303,2326,2447,1141,581
"COG1671",167,146,255,128,320,214,223,191,119,115
"COG1672",85,49,48,17,46,33,7,167,45,6
"COG1673",0,1,0,0,11,0,0,0,0,0
"COG1674",5068,5862,5642,5389,5190,4161,6519,5290,2394,5772
"COG1675",231,39,6,0,124,477,29,433,38,1
"COG1676",365,120,72,28,280,970,50,967,37,31
"COG1677",132,177,228,166,272,189,157,168,107,144
"COG1678",1487,857,813,674,1090,1172,1213,952,565,767
"COG1679",385,708,609,358,1132,788,482,582,171,330
"COG1680",9461,6753,7307,5677,11549,10423,12702,10036,3921,7385
"COG1681",28,0,0,0,3,7,0,23,0,0
"COG1682",648,291,385,308,605,697,242,918,278,300
"COG1683",189,110,99,90,478,249,61,86,289,18
"COG1684",293,414,481,365,638,113,94,94,74,101
"COG1685",265,176,160,52,286,834,59,796,28,33
"COG1686",1624,3345,2631,3154,1963,1688,2718,2072,1160,3199
"COG1687",23,1,24,0,4,22,87,17,7,1
"COG1688",0,0,0,0,1,21,0,25,1,1
"COG1690",885,556,305,132,789,810,75,751,158,142
"COG1691",566,344,251,438,626,768,127,738,259,466
"COG1692",1003,1420,884,1453,730,583,633,745,413,1365
"COG1694",1467,2681,3440,2918,1781,1139,2708,1579,7317,1878
"COG1695",284,144,111,62,233,624,402,1084,180,70
"COG1696",803,426,285,360,1092,1019,1255,1265,267,480
"COG1697",653,484,392,130,746,1047,82,990,65,133
"COG1698",85,79,45,24,123,56,5,72,6,3
"COG1699",83,34,29,20,120,148,27,65,11,31
"COG1700",28,0,9,3,47,9,8,3,6,3
"COG1701",186,294,204,94,417,122,14,105,20,22
"COG1702",2506,5386,6378,6330,2646,2082,5562,2894,20487,4691
"COG1703",2219,1986,1206,844,2323,3213,2778,2874,276,984
"COG1704",403,235,269,198,924,300,239,514,138,138
"COG1705",43,36,98,38,86,300,1074,204,1301,225
"COG1706",403,521,666,499,1004,632,449,470,362,431
"COG1707",15,0,0,0,0,6,0,10,0,0
"COG1708",62,17,2,27,48,106,2,842,72,5
"COG1709",56,15,1,2,23,26,0,22,0,12
"COG1711",133,13,1,0,144,360,23,370,22,0
"COG1712",340,140,88,122,515,467,116,443,48,129
"COG1713",44,4,1,1,90,57,5,42,6,0
"COG1714",480,162,287,207,525,553,498,459,267,216
"COG1715",94,16,40,83,118,101,25,88,92,63
"COG1716",411,291,182,153,628,367,140,463,131,130
"COG1717",178,171,163,56,240,491,24,432,30,34
"COG1718",252,357,282,112,464,407,150,322,127,91
"COG1719",36,13,30,16,4,3,2,4,2,0
"COG1720",179,45,201,27,186,127,58,18,158,23
"COG1721",3416,1540,1818,910,3613,2644,2557,2426,715,1051
"COG1722",227,193,243,144,261,204,214,227,227,175
"COG1723",29,38,134,7,80,33,3,12,31,13
"COG1724",2,0,0,0,1,2,2,10,0,0
"COG1725",95,355,473,693,215,157,96,523,292,817
"COG1726",569,898,1151,904,1348,713,2503,547,487,1221
"COG1727",149,142,96,32,178,373,11,315,25,39
"COG1729",2107,1890,1387,1730,1298,379,434,339,172,439
"COG1730",13,17,4,3,13,2,1,4,8,0
"COG1732",216,19,104,38,146,238,112,459,59,66
"COG1733",370,694,810,248,531,634,1456,1050,280,151
"COG1734",1403,1433,1185,1277,1116,1111,1094,957,632,1245
"COG1735",388,63,54,29,337,331,21,271,24,61
"COG1736",468,426,269,120,502,1172,64,1074,72,103
"COG1737",538,305,1023,202,550,519,1816,449,467,218
"COG1738",1185,1692,1385,1496,939,991,1619,1387,863,1744
"COG1739",269,50,202,40,271,310,492,171,252,16
"COG1740",207,5,206,16,207,79,6,68,110,62
"COG1741",1289,2278,2008,2699,1362,2000,1782,2329,1044,2840
"COG1742",186,6,34,12,137,115,18,138,119,9
"COG1743",156,18,137,28,127,130,2,525,71,24
"COG1744",1797,3045,2297,2780,1508,2276,2231,1655,1944,2050
"COG1745",5,0,0,0,2,0,0,0,0,0
"COG1746",535,87,9,6,373,1334,62,1327,41,18
"COG1747",53,5,18,2,103,39,13,27,8,0
"COG1748",922,1401,1581,1110,1692,1122,2681,1114,3094,1318
"COG1749",492,940,1105,804,1145,663,674,384,489,754
"COG1750",80,0,0,0,2,0,0,0,0,0
"COG1752",1727,585,1366,389,1452,1783,2192,1197,1218,374
"COG1754",3276,6638,5048,7334,3115,901,1653,1106,633,1904
"COG1755",17,9,1,26,38,59,7,28,6,27
"COG1756",109,39,5,2,158,338,24,261,42,1
"COG1757",2720,648,2362,389,1937,2320,2481,1352,1389,632
"COG1758",620,1081,1138,1142,655,767,866,890,597,1120
"COG1759",617,330,235,159,468,1741,77,1868,92,63
"COG1760",464,312,676,147,464,803,1030,834,283,92
"COG1761",26,21,4,3,3,7,0,2,4,11
"COG1762",519,238,380,207,653,482,372,630,190,222
"COG1763",411,296,177,298,300,206,230,171,44,278
"COG1764",178,145,416,130,296,506,418,708,308,206
"COG1765",282,275,427,219,400,527,667,461,193,247
"COG1766",577,873,1010,811,1263,882,728,639,600,675
"COG1767",88,101,92,87,76,64,30,42,62,73
"COG1768",3,0,0,0,3,4,0,5,0,0
"COG1769",1,0,0,0,0,0,0,0,0,0
"COG1770",2344,4112,2982,3849,2046,3033,4130,3436,1696,4379
"COG1772",58,67,4,7,47,55,0,22,1,34
"COG1773",140,220,357,378,193,115,262,120,160,334
"COG1774",359,89,208,56,339,273,1124,334,25,104
"COG1775",4524,19,0,0,1,3,0,0,0,2
"COG1776",231,4,599,39,463,287,7,13,519,6
"COG1777",64,182,170,67,150,93,11,64,16,70
"COG1778",974,370,535,334,758,926,884,958,692,489
"COG1779",35,129,103,40,108,55,2,38,19,48
"COG1780",2,0,2,0,0,11,0,78,2,2
"COG1781",252,152,102,53,224,544,27,503,27,44
"COG1782",911,627,424,206,887,2212,96,1905,105,217
"COG1783",10,41,199,68,89,21,638,21,12138,42
"COG1784",113,244,127,80,270,177,7,116,20,57
"COG1785",430,381,1107,379,997,1264,1200,947,632,429
"COG1786",117,217,194,158,234,217,295,184,72,112
"COG1787",25,175,127,736,126,22,42,180,28,605
"COG1788",590,494,525,420,885,646,1036,901,303,358
"COG1791",61,97,73,28,52,68,32,20,205,6
"COG1792",1867,2343,1740,2487,1536,1600,2380,1712,950,2545
"COG1793",1457,2394,3384,4693,1872,2899,2137,4722,14344,3961
"COG1794",426,1143,622,880,432,540,338,632,528,798
"COG1795",82,155,172,147,105,18,48,35,28,142
"COG1796",384,511,670,377,801,353,963,236,550,227
"COG1797",1130,919,684,1342,997,1570,574,1556,484,1374
"COG1798",457,303,203,98,416,1038,41,1026,68,100
"COG1799",69,170,323,441,107,80,39,179,109,443
"COG1801",147,25,229,35,250,343,158,364,213,43
"COG1802",1078,962,1226,664,923,1121,2371,1604,679,417
"COG1803",76,24,201,55,127,92,182,64,141,38
"COG1804",13079,9086,6449,7017,17639,11289,6842,8635,1734,7843
"COG1805",462,832,1301,834,1217,592,2002,699,409,1213
"COG1806",718,1246,878,1189,610,827,556,1004,628,1209
"COG1807",2046,3957,2552,4779,2855,1891,1509,2572,2611,4754
"COG1808",93,432,215,186,406,334,1019,723,673,168
"COG1809",79,163,92,140,235,85,300,67,9,209
"COG1811",31,259,137,268,134,13,212,43,141,155
"COG1812",23,0,0,0,4,4,0,23,2,0
"COG1813",56,102,93,42,101,48,108,26,50,38
"COG1814",564,47,139,44,182,860,136,1028,34,31
"COG1815",167,188,243,201,325,271,191,187,162,180
"COG1816",2075,1246,1657,749,1160,1971,1418,1901,1008,595
"COG1817",443,88,14,30,404,1038,99,1116,55,33
"COG1818",151,20,5,0,109,452,18,533,37,1
"COG1819",735,153,694,151,1103,2045,479,2168,360,210
"COG1820",503,561,706,270,785,914,666,560,546,282
"COG1821",100,77,68,67,42,31,39,36,27,31
"COG1823",27,27,52,24,42,40,84,24,8,23
"COG1824",130,7,11,6,40,156,2,67,2,5
"COG1825",1776,2377,2114,2014,1587,1655,2232,1624,740,2203
"COG1826",231,263,378,405,318,279,191,214,274,459
"COG1828",231,454,415,619,319,287,268,447,1049,601
"COG1829",267,301,166,63,339,763,58,745,38,117
"COG1830",1495,543,518,379,949,2068,260,1936,155,327
"COG1831",64,282,183,103,224,107,16,76,32,91
"COG1832",813,1156,862,1143,651,985,805,995,315,891
"COG1833",550,46,2,18,24,30,3,22,1,11
"COG1834",2159,2899,2880,2557,1613,1706,2965,1705,3652,2533
"COG1835",689,1015,1155,1315,1224,915,1413,1212,913,1162
"COG1836",676,558,331,844,386,365,99,361,262,817
"COG1837",167,24,19,18,130,75,17,80,16,14
"COG1838",1131,498,770,468,905,997,621,646,429,378
"COG1840",2147,4249,3936,4223,2690,2057,3216,1658,1593,4165
"COG1841",417,396,361,225,443,642,422,556,143,259
"COG1842",378,269,660,87,584,624,186,555,712,50
"COG1843",252,344,465,333,483,421,320,272,277,254
"COG1845",3267,3541,3827,3327,2729,2763,3483,2711,1485,3645
"COG1846",1713,1139,1134,1214,1558,1794,1295,2759,976,1065
"COG1847",216,327,296,352,193,188,194,219,141,171
"COG1848",32,1,2,1,17,23,4,67,1,3
"COG1849",7,19,24,9,15,29,2,22,5,29
"COG1850",354,1061,967,2142,445,509,545,670,887,2025
"COG1852",105,11,51,1,283,30,17,8,11,0
"COG1853",477,654,890,1149,650,1543,2812,2273,1941,4565
"COG1854",35,1,14,0,38,9,2,4,26,0
"COG1855",115,351,316,158,434,32,88,23,57,60
"COG1856",393,68,3,12,19,61,0,13,0,9
"COG1857",0,0,0,0,0,3,0,0,0,0
"COG1858",2598,894,881,605,1924,1197,2263,947,587,451
"COG1859",58,205,148,61,182,138,8,66,35,64
"COG1861",1200,625,244,716,1005,1267,279,1311,669,678
"COG1862",581,403,403,364,473,514,864,486,185,367
"COG1863",346,132,129,154,267,314,174,243,104,182
"COG1864",236,121,304,98,275,234,420,172,284,111
"COG1865",10,0,0,4,8,1,0,0,1,2
"COG1866",2745,2402,2463,1670,3355,3510,3806,3450,2074,1926
"COG1867",387,666,408,126,640,989,81,1042,381,131
"COG1868",608,604,705,519,926,856,478,487,302,484
"COG1869",16,0,6,1,5,2,5,34,4,0
"COG1871",76,1,96,21,161,124,4,14,104,7
"COG1872",208,13,24,24,66,150,8,110,23,7
"COG1873",9,14,2,3,8,10,0,2,4,9
"COG1874",181,220,417,181,247,326,1102,2086,68,177
"COG1875",972,625,1113,963,815,1067,696,772,8993,390
"COG1876",98,386,597,768,302,227,506,382,1102,786
"COG1877",134,248,391,198,85,243,168,781,94,433
"COG1878",751,195,189,303,881,219,48,207,21,75
"COG1879",1345,2961,2964,2743,1921,1987,2126,2696,695,3054
"COG1881",629,60,82,54,305,354,60,362,80,94
"COG1882",958,37,24,1,7,44,1,71,13,10
"COG1883",1006,328,524,149,648,787,837,286,349,163
"COG1884",7118,4396,3113,2505,4849,5786,6114,5108,606,2767
"COG1885",0,0,0,0,1,1,0,0,0,0
"COG1886",365,434,233,204,408,681,167,345,169,184
"COG1887",845,89,339,89,313,397,342,505,347,52
"COG1889",283,223,157,74,268,833,29,894,47,51
"COG1890",329,301,207,98,362,209,10,172,24,11
"COG1891",99,90,40,42,197,29,6,18,5,12
"COG1892",8,0,0,0,0,0,0,0,0,0
"COG1893",2165,2169,2032,1816,2569,1874,980,1226,693,1706
"COG1894",5990,5756,4617,4733,2884,4421,3558,3721,1300,3973
"COG1896",526,241,603,191,477,668,314,699,401,123
"COG1897",122,183,186,340,139,611,625,502,491,1145
"COG1898",1546,987,728,1133,953,1231,1171,1670,2651,1163
"COG1899",1489,2179,1545,1641,1414,2709,541,2964,641,1699
"COG1900",1,0,15,0,0,1,0,0,0,0
"COG1901",74,164,122,51,161,63,40,60,10,49
"COG1902",7716,3778,5230,2411,5751,6839,5539,4352,2403,2694
"COG1903",580,531,430,961,692,1234,240,1157,323,889
"COG1904",144,249,378,135,390,366,446,562,184,201
"COG1905",1825,1649,1243,1271,828,1382,1012,1286,512,1292
"COG1906",8,18,73,5,34,0,1,21,257,63
"COG1907",115,97,87,90,124,36,36,52,38,86
"COG1908",762,6,0,0,12,189,2,51,0,0
"COG1909",66,192,144,57,251,234,20,200,29,30
"COG1910",448,303,62,84,255,361,43,215,18,74
"COG1911",32,92,58,27,46,44,9,24,1,19
"COG1912",397,554,452,454,398,342,1177,411,203,364
"COG1913",75,0,0,2,43,0,1,0,0,1
"COG1914",603,866,1284,1317,1451,1207,1921,1498,1044,604
"COG1915",142,5,2,0,51,1100,27,992,33,0
"COG1916",348,493,239,121,428,504,23,239,49,132
"COG1917",562,168,397,164,515,829,338,676,138,186
"COG1918",130,21,12,3,22,40,35,45,6,15
"COG1920",458,194,131,235,361,814,232,761,106,141
"COG1921",1938,1330,714,744,1811,1552,679,1128,401,607
"COG1922",164,422,301,414,208,136,393,241,356,269
"COG1923",125,64,159,75,213,145,159,209,112,64
"COG1924",989,4,2,0,1,85,0,48,1,2
"COG1925",307,160,270,189,328,296,269,172,321,123
"COG1926",55,0,0,0,4,11,0,52,3,0
"COG1927",9,0,0,0,0,7,0,0,0,0
"COG1928",168,45,25,41,25,24,17,84,3,22
"COG1929",337,486,453,440,469,612,595,334,361,294
"COG1930",0,0,0,0,0,0,0,1,0,0
"COG1931",85,34,14,2,122,282,25,243,15,1
"COG1932",2346,2176,1840,1774,1969,2653,2898,2219,707,1931
"COG1933",754,1436,1138,467,1829,617,225,375,838,440
"COG1934",259,116,315,87,312,265,411,184,222,86
"COG1936",244,186,135,55,289,738,25,775,42,61
"COG1937",111,85,152,126,63,240,83,515,47,63
"COG1938",311,558,448,194,740,971,52,856,85,161
"COG1939",41,174,78,267,65,34,18,105,101,264
"COG1940",2804,2790,2146,2039,2111,2786,2139,3567,1216,1771
"COG1941",4,0,0,1,0,1,0,1,0,3
"COG1942",58,55,93,122,49,38,13,40,51,288
"COG1943",814,73,168,49,363,659,166,378,319,44
"COG1944",211,7,12,40,210,270,49,115,293,34
"COG1945",280,30,4,7,130,229,18,292,22,17
"COG1946",576,679,1196,524,983,996,1468,897,480,690
"COG1947",1740,1808,1351,2134,1783,1243,1881,1408,850,2052
"COG1948",447,347,279,195,355,742,380,706,2280,55
"COG1949",464,479,651,362,684,619,612,409,231,459
"COG1950",33,2,9,2,24,16,20,80,13,0
"COG1951",1429,569,818,539,955,953,688,687,452,461
"COG1952",281,218,349,207,425,332,421,281,297,182
"COG1953",767,2312,1550,1626,458,1009,697,1080,1097,1191
"COG1954",0,0,0,0,0,0,0,0,0,0
"COG1955",39,345,164,113,164,34,7,27,37,99
"COG1956",82,136,224,115,232,268,500,250,120,88
"COG1957",903,1135,1471,894,933,1068,1304,993,490,726
"COG1958",199,116,21,1,132,476,23,443,17,4
"COG1959",2144,1086,855,905,977,979,1013,991,457,833
"COG1960",27586,24008,27109,19593,29214,27856,31193,23885,10242,21380
"COG1961",3343,876,1922,1956,1737,1260,2153,3748,9502,1262
"COG1963",14,172,138,280,103,6,24,56,162,284
"COG1964",537,79,166,169,497,820,116,902,288,63
"COG1965",59,65,48,31,26,79,47,29,37,28
"COG1966",1820,122,674,71,1396,1151,240,762,620,58
"COG1967",66,200,193,106,234,150,18,131,27,60
"COG1968",2090,2840,1819,2923,1882,1725,2590,2003,1200,2993
"COG1969",61,0,17,1,49,11,0,0,9,0
"COG1970",44,119,160,162,62,189,449,397,136,120
"COG1971",53,0,139,11,53,88,3,40,77,7
"COG1972",1689,879,1247,658,1694,1315,2353,1261,410,1084
"COG1974",2296,3116,2703,3566,2061,1847,2273,1927,1897,3725
"COG1975",2437,1997,1535,1195,1578,560,340,467,158,222
"COG1976",230,218,156,59,337,187,7,176,9,17
"COG1977",588,215,194,173,653,699,206,626,118,128
"COG1978",8,36,118,110,19,3,266,13,772,87
"COG1979",125,5,246,16,187,185,119,8,198,1
"COG1980",280,20,9,0,224,783,36,782,38,0
"COG1981",515,1147,842,1752,478,565,1317,809,396,1750
"COG1982",140,537,530,1225,487,310,70,240,814,1211
"COG1983",210,1,61,9,74,89,57,21,93,4
"COG1984",1316,1456,1308,1506,967,1893,1070,1555,908,1475
"COG1985",2195,3789,2623,4266,2781,2396,3235,2646,1406,4099
"COG1986",35,20,185,26,112,93,38,13,108,33
"COG1987",86,94,152,84,132,126,74,79,59,91
"COG1988",224,396,378,351,646,248,756,327,185,372
"COG1989",1324,938,682,904,998,973,656,810,566,868
"COG1990",163,161,126,72,169,360,28,315,41,39
"COG1992",351,144,72,56,380,788,68,825,47,21
"COG1993",28,0,0,0,0,4,0,13,0,0
"COG1994",1255,922,601,1316,927,758,339,879,578,1174
"COG1995",1927,3114,2518,3406,2307,2193,3501,2281,1298,3676
"COG1997",59,91,76,32,88,122,4,102,15,26
"COG1998",64,37,12,9,49,118,2,144,19,7
"COG1999",1833,1832,1875,1313,2067,1742,3193,1428,576,1585
"COG2001",1091,1395,1265,1291,1074,1007,1721,954,488,1446
"COG2002",10,50,94,60,24,32,5,10,36,17
"COG2003",956,190,474,123,534,764,541,725,389,96
"COG2004",31,92,28,29,43,7,1,14,9,24
"COG2005",96,55,54,57,143,29,22,9,11,5
"COG2006",1118,18,7,7,333,133,0,86,14,14
"COG2007",164,160,127,54,160,433,22,390,21,21
"COG2008",1493,2056,1752,1422,2002,1539,2195,1321,503,1098
"COG2009",222,293,199,284,119,661,774,757,398,1166
"COG2010",1782,1159,1862,1359,2102,1596,1849,1178,1197,1475
"COG2011",41,3,8,13,23,11,4,20,27,9
"COG2012",121,152,126,72,135,300,373,297,184,74
"COG2013",201,212,174,76,608,311,126,291,70,122
"COG2014",328,10,13,10,97,36,8,29,7,10
"COG2015",1583,1103,1177,1052,918,1102,1489,775,332,1183
"COG2016",151,195,141,69,227,435,16,415,30,42
"COG2017",575,1303,1391,1299,1222,1168,1377,1709,679,1379
"COG2018",0,0,0,0,3,1,0,2,2,0
"COG2019",149,16,6,2,124,108,2,91,5,0
"COG2020",1229,482,547,923,740,804,355,765,437,1016
"COG2021",2279,3396,3322,3300,2029,2732,2844,3038,1276,3692
"COG2022",1036,1406,1539,1835,1156,995,549,1035,876,1838
"COG2023",99,3,2,0,1,289,10,261,2,0
"COG2025",3756,2933,3172,2483,2381,3409,2781,2930,1056,2587
"COG2026",66,17,158,6,66,40,7,21,61,4
"COG2027",1212,923,513,1493,746,1051,844,1153,459,1336
"COG2029",0,1,0,0,0,0,0,0,4,3
"COG2030",2929,2479,2052,1835,2811,2620,2600,2325,769,1838
"COG2031",173,178,365,164,354,288,883,117,264,143
"COG2032",82,192,402,144,174,256,590,303,770,85
"COG2035",621,938,639,733,852,784,2555,827,301,804
"COG2036",95,83,34,18,65,183,60,184,64,23
"COG2037",120,101,153,97,203,43,70,43,24,97
"COG2038",756,750,598,1253,1005,1305,455,1293,595,1287
"COG2039",36,68,47,30,104,81,4,167,17,11
"COG2040",2226,1831,1591,1933,1055,431,330,343,135,489
"COG2041",2165,2185,2044,1359,2614,2124,1626,2402,710,1030
"COG2042",186,187,73,50,195,538,19,510,30,43
"COG2043",123,31,48,25,132,168,48,104,5,26
"COG2044",222,22,2,2,11,30,0,7,6,3
"COG2045",99,305,256,541,392,94,268,223,259,584
"COG2046",2391,1067,1037,1533,1334,2087,1113,1834,582,1515
"COG2047",276,273,150,58,342,633,36,548,46,71
"COG2048",1293,315,197,112,393,304,4,166,41,74
"COG2049",957,1038,813,1050,697,1500,758,1289,654,1027
"COG2050",1411,2128,1474,1942,1567,1612,2037,1811,986,1835
"COG2051",66,20,8,3,49,170,4,180,5,2
"COG2052",2,0,0,0,0,0,0,0,0,0
"COG2053",103,74,72,22,64,216,3,213,11,22
"COG2054",46,40,6,42,24,6,14,11,3,25
"COG2055",2131,3218,2779,2771,3092,2510,2035,1812,1017,2550
"COG2056",111,2,2,20,60,128,38,15,139,1
"COG2057",524,400,514,319,806,626,744,729,327,352
"COG2058",145,89,66,18,141,294,13,255,17,28
"COG2059",250,482,644,549,585,499,707,967,457,1359
"COG2060",13,0,20,9,6,24,0,151,42,0
"COG2061",4,0,0,0,1,0,0,0,0,0
"COG2062",661,586,671,469,687,123,243,132,97,155
"COG2063",239,263,407,294,612,384,244,290,309,222
"COG2064",395,515,277,277,308,260,27,356,60,163
"COG2065",754,639,620,788,603,544,1346,651,314,845
"COG2066",75,27,353,68,142,302,91,272,247,861
"COG2067",480,87,584,159,498,585,271,568,600,131
"COG2068",1203,1005,653,702,765,201,145,200,77,120
"COG2070",2313,3011,2675,2355,3105,3072,4041,2886,644,3044
"COG2071",1108,970,816,855,1237,778,758,666,391,772
"COG2072",3368,4499,4944,4496,7074,4725,5681,5111,1807,5436
"COG2073",768,766,734,1409,833,1566,408,1612,726,1456
"COG2074",290,232,81,66,201,360,11,160,32,63
"COG2075",55,69,28,15,90,43,2,41,3,6
"COG2076",314,1192,1150,1083,482,551,476,659,614,1031
"COG2077",107,33,191,52,334,66,46,45,22,7
"COG2078",420,41,6,10,100,354,36,294,49,28
"COG2079",2215,4454,3166,4187,3769,2237,2103,2585,1260,4211
"COG2080",3922,2115,1676,1014,2281,3252,953,2314,447,920
"COG2081",337,714,1719,1674,996,598,3401,812,752,1465
"COG2082",431,307,334,626,391,723,241,751,160,605
"COG2084",4079,6602,5397,5434,5580,5256,4687,4897,2382,5042
"COG2085",563,177,115,116,514,1161,143,899,71,110
"COG2086",3242,2549,2479,2250,2013,2903,2387,2477,817,2180
"COG2087",42,71,63,142,88,172,221,247,250,534
"COG2088",114,4,19,0,78,6,5,4,69,4
"COG2089",3777,2399,1799,3037,3100,2947,1579,3364,6007,2983
"COG2090",113,11,2,1,80,283,8,376,12,0
"COG2091",192,57,53,24,182,182,58,83,40,13
"COG2092",131,22,6,1,32,88,2,78,3,0
"COG2093",68,42,30,13,78,179,6,142,7,14
"COG2094",352,309,342,623,314,344,170,562,403,456
"COG2095",774,308,545,154,466,817,1591,862,345,156
"COG2096",924,1013,812,620,1207,908,1026,763,292,542
"COG2097",177,120,80,27,156,353,7,336,21,38
"COG2098",12,0,0,0,0,0,0,0,0,0
"COG2099",285,434,349,840,327,147,255,255,260,791
"COG2101",470,290,198,69,425,1147,63,1077,139,68
"COG2102",361,247,168,67,324,756,29,848,68,82
"COG2103",929,535,640,285,742,558,969,473,460,332
"COG2104",143,39,55,66,97,199,59,231,54,79
"COG2105",38,73,90,59,86,13,11,10,195,11
"COG2106",166,11,6,1,188,611,19,737,36,0
"COG2107",326,266,208,87,578,852,197,939,78,78
"COG2108",52,269,213,93,275,140,10,97,29,94
"COG2109",810,840,1112,1923,855,991,534,1152,818,2113
"COG2110",566,310,245,137,443,329,30,310,289,84
"COG2111",885,235,328,318,672,1161,235,1332,442,291
"COG2112",271,43,5,0,410,821,34,817,50,0
"COG2113",2514,3596,3758,3028,1313,4020,2816,2911,1272,2916
"COG2114",7478,7373,7235,6435,8435,6170,5012,4490,14369,6674
"COG2115",283,457,921,495,751,368,941,655,158,782
"COG2116",1429,196,546,70,411,458,67,431,619,20
"COG2118",54,38,24,7,98,148,8,141,18,7
"COG2119",68,198,104,492,124,60,27,258,107,504
"COG2120",1843,964,1015,887,1471,2002,2014,1950,1803,910
"COG2121",1114,426,247,367,709,558,232,356,61,472
"COG2122",80,110,58,88,102,102,80,41,4,79
"COG2123",354,245,184,64,349,873,35,732,50,73
"COG2124",2174,5103,4410,3223,3540,4154,6221,4342,1419,2781
"COG2125",280,193,124,40,209,684,23,536,36,44
"COG2126",4,7,0,1,4,6,1,1,4,4
"COG2127",370,581,777,809,589,417,507,516,727,756
"COG2128",1544,1219,1108,984,1490,1716,990,1288,514,912
"COG2129",187,9,2,1,24,11,37,15,32,4
"COG2130",1164,1711,1679,1297,1968,1603,2650,1309,534,1622
"COG2131",866,430,703,364,517,1143,1115,848,3286,255
"COG2132",1977,308,882,595,1789,3841,549,4946,1067,290
"COG2133",5058,4897,4309,4061,7641,6027,3748,6102,1995,4263
"COG2135",1044,1542,1265,1689,1126,911,649,1082,578,1814
"COG2136",0,45,16,1,3,0,1,1,15,1
"COG2137",738,376,360,259,433,516,530,285,154,310
"COG2138",669,509,468,1205,740,1119,435,1209,262,1198
"COG2139",96,112,83,34,117,232,16,184,22,17
"COG2140",33,54,26,16,57,3,5,17,1,2
"COG2141",13326,7604,7876,4924,18117,17296,6174,14238,2684,4286
"COG2142",113,326,404,352,280,167,325,263,163,328
"COG2143",209,127,173,68,169,159,592,163,33,82
"COG2144",33,36,63,266,6,49,0,68,2,615
"COG2145",37,83,64,166,46,122,17,170,51,162
"COG2146",656,420,812,299,904,1071,317,1006,382,267
"COG2147",173,175,122,48,177,522,20,480,28,42
"COG2148",2791,1647,1320,1669,2247,2227,2398,2794,1371,1473
"COG2149",0,0,2,1,1,27,1,56,7,0
"COG2150",11,0,0,0,4,3,0,0,0,0
"COG2151",1324,896,995,903,1179,371,269,338,262,237
"COG2152",49,8,36,21,73,220,51,554,13,58
"COG2153",117,289,380,274,275,170,886,188,143,314
"COG2154",618,1142,895,1184,853,892,1071,919,649,1229
"COG2155",0,0,0,0,0,0,0,0,0,0
"COG2156",3,0,0,3,4,3,0,24,7,0
"COG2157",0,22,10,0,15,0,0,0,5,7
"COG2159",2927,1519,1144,571,4121,3807,1895,2872,268,681
"COG2160",88,6,74,29,129,317,14,425,62,22
"COG2161",86,19,179,28,106,63,21,106,112,6
"COG2162",80,3,7,5,23,46,31,37,41,4
"COG2163",34,46,4,4,5,0,2,1,24,1
"COG2164",195,75,13,73,200,133,1,163,15,53
"COG2165",468,261,723,244,769,127,50,52,120,70
"COG2166",322,831,994,995,820,468,905,570,1013,927
"COG2167",0,8,0,0,2,0,0,0,0,0
"COG2168",74,12,32,13,30,57,15,26,18,20
"COG2169",332,51,413,62,362,370,155,377,311,35
"COG2170",1437,627,473,913,423,837,130,1046,509,920
"COG2171",1113,2489,2699,2387,1256,1495,2458,1505,886,2583
"COG2172",159,279,169,476,134,187,73,186,174,501
"COG2173",544,378,281,628,342,429,238,459,269,627
"COG2174",16,13,6,1,1,0,1,0,6,1
"COG2175",2843,6478,4426,5947,10331,4906,3702,4452,1896,5978
"COG2176",786,297,170,172,408,433,221,317,490,143
"COG2177",1161,734,884,650,995,925,1702,870,512,560
"COG2178",324,242,62,141,156,775,50,818,128,78
"COG2179",21,145,108,415,77,38,16,121,106,333
"COG2180",939,2,4,12,36,4,35,20,21,1
"COG2181",1634,40,99,43,93,209,300,106,46,49
"COG2182",261,659,517,514,143,246,69,397,190,255
"COG2183",562,357,700,138,825,847,451,454,786,85
"COG2184",53,0,94,14,66,83,3,259,46,3
"COG2185",2447,2831,1980,1722,2911,2673,3950,2972,446,1722
"COG2186",1145,451,817,273,682,882,768,1567,659,129
"COG2187",285,87,9,38,132,276,4,116,151,29
"COG2188",475,227,740,207,358,554,1530,859,347,179
"COG2189",691,278,324,423,605,531,447,632,1497,180
"COG2190",17,0,14,3,12,7,0,4,6,0
"COG2191",39,0,0,0,2,0,0,0,0,2
"COG2192",3724,5917,6371,5724,3060,2928,2199,3676,17465,4417
"COG2193",352,422,590,395,873,296,521,262,326,415
"COG2194",348,15,439,64,460,508,522,125,619,37
"COG2195",555,242,306,178,707,616,1674,715,123,282
"COG2197",2410,745,2277,1059,2546,3056,1946,4438,2523,889
"COG2198",524,21,1278,151,1199,662,100,38,1067,62
"COG2199",6925,310,8794,1222,9785,9417,854,3242,9718,370
"COG2200",2817,131,4193,601,4527,4511,594,1268,4346,192
"COG2201",646,273,572,242,1100,1088,114,828,712,188
"COG2202",8663,904,8061,1875,11323,10354,1804,6806,10544,904
"COG2203",1649,865,2357,1585,2702,3006,590,2870,2519,1439
"COG2204",10026,5544,6540,4940,9222,8172,8462,6709,4734,5262
"COG2205",174,248,121,58,325,447,23,463,526,15
"COG2206",2866,471,1155,264,1832,1907,143,616,1342,216
"COG2207",3206,595,2910,1150,4593,6417,4151,10517,4087,709
"COG2208",1436,2833,1944,3204,2242,1497,1773,1072,1501,3275
"COG2209",382,408,659,422,625,339,1228,216,220,592
"COG2210",533,87,36,6,102,221,134,113,17,14
"COG2211",1844,3010,3653,3202,2688,1692,5749,2016,1256,4104
"COG2212",22,0,7,5,30,49,4,47,33,0
"COG2213",22,582,422,495,23,39,210,267,187,223
"COG2214",1812,2653,2036,3062,1801,1259,1846,1861,1824,2941
"COG2215",73,64,45,34,143,103,121,49,55,22
"COG2216",7,3,11,8,4,21,1,176,61,0
"COG2217",6563,3309,4826,4090,6100,6777,1688,11263,4222,3108
"COG2218",107,178,135,101,128,178,45,117,34,48
"COG2219",478,473,283,127,553,1422,69,1216,87,154
"COG2220",532,915,579,1054,580,2918,1933,3271,2020,3982
"COG2221",892,108,419,149,105,332,89,167,179,135
"COG2222",172,139,113,96,169,235,239,243,90,140
"COG2223",4190,361,211,669,563,415,280,394,756,845
"COG2224",2834,2677,3355,2421,1246,2054,2297,1930,1268,2401
"COG2225",3743,4741,4632,4546,2489,2921,3783,3293,2030,4811
"COG2226",3775,3524,2608,4273,3112,3405,3553,3780,1354,4225
"COG2227",1807,2248,1883,2581,1816,1545,2059,1814,2225,2812
"COG2229",7,0,0,1,7,0,0,0,2,0
"COG2230",1782,5026,2801,4876,3216,2533,2949,2598,1919,4822
"COG2231",301,3,1,0,76,68,0,23,7,2
"COG2232",48,43,56,49,142,27,26,26,24,29
"COG2233",1746,1232,952,620,633,1506,756,1153,721,179
"COG2234",7615,2374,4358,1539,4889,6533,6660,5892,1775,1920
"COG2235",30,3,4,5,42,99,106,86,85,8
"COG2236",660,1450,1288,1466,563,778,1121,777,1289,1323
"COG2237",360,375,300,122,583,1043,37,987,75,93
"COG2238",227,175,123,35,170,399,15,344,20,63
"COG2239",3186,3551,4651,4334,2797,2931,4211,2921,2034,4844
"COG2240",23,87,72,75,105,52,43,159,45,130
"COG2241",388,616,428,928,715,542,489,591,383,928
"COG2242",398,603,450,913,654,971,499,897,385,1014
"COG2243",366,425,424,853,467,847,382,829,265,789
"COG2244",3490,964,1043,714,2857,2616,3809,2835,923,1095
"COG2246",89,9,37,8,24,176,3,70,16,7
"COG2247",10,7,4,0,80,24,2,4,6,0
"COG2249",278,834,817,697,807,506,677,499,846,946
"COG2250",26,25,9,2,25,18,2,11,6,0
"COG2251",398,1261,638,1899,679,611,345,1332,671,1542
"COG2252",1479,2152,2745,1853,1304,1266,1275,980,1258,2341
"COG2253",3,0,1,2,2,1,0,5,3,0
"COG2255",2190,1346,1841,1572,2162,1884,2574,1653,6714,1856
"COG2256",2346,922,1500,1463,1650,1832,2228,1693,763,1297
"COG2257",51,10,104,23,118,89,37,28,83,17
"COG2258",661,487,465,271,555,589,194,511,299,193
"COG2259",102,105,112,64,115,614,181,584,398,321
"COG2260",6,6,0,0,2,7,2,7,1,0
"COG2261",4,1,3,3,9,18,17,74,12,0
"COG2262",2815,2545,2494,1858,2738,3171,4154,2893,1344,1776
"COG2263",69,181,113,76,160,66,3,55,32,65
"COG2264",871,1092,1015,1402,1464,905,1489,997,1703,1276
"COG2265",1894,1231,1843,678,2092,1822,3262,1424,1220,747
"COG2266",92,13,0,0,135,352,17,368,9,0
"COG2267",703,1015,1312,981,1337,847,1410,673,1005,790
"COG2268",448,558,954,444,1300,1226,358,1292,523,305
"COG2269",354,138,450,92,573,105,103,38,59,24
"COG2270",2600,3206,2158,2356,2367,2537,3437,2531,828,2407
"COG2271",228,166,79,17,269,236,124,155,52,31
"COG2272",1589,1688,1502,1432,2003,1495,1883,2554,490,2108
"COG2273",2397,1241,1735,848,1445,1613,2791,1365,700,1215
"COG2274",1543,1383,2301,1665,2272,1217,1485,1728,2321,1162
"COG2301",1264,1591,1462,1534,1783,1873,1584,1941,521,1819
"COG2302",0,71,74,154,41,0,22,157,285,818
"COG2303",7943,9613,10269,10189,10908,8241,9917,7937,4413,10520
"COG2304",5451,1203,1973,942,4631,3597,4294,2366,1362,1385
"COG2306",0,0,0,0,1,18,0,12,0,0
"COG2307",508,757,795,1779,547,465,203,1104,394,2222
"COG2308",697,1444,1807,3239,762,783,320,1661,683,5323
"COG2309",661,1012,777,541,1202,711,382,564,119,595
"COG2310",15,12,13,19,90,162,4,43,135,5
"COG2311",198,452,478,263,472,324,288,681,316,170
"COG2312",38,3,1,9,26,14,22,8,2,0
"COG2313",857,490,317,246,285,657,554,406,42,286
"COG2314",40,33,15,26,78,40,44,48,50,26
"COG2315",57,26,32,21,116,179,99,124,77,23
"COG2316",410,9,10,6,94,134,6,97,4,11
"COG2317",862,1872,1306,2463,1596,582,703,799,639,2431
"COG2318",79,26,89,28,178,115,50,185,58,19
"COG2319",2436,5317,2873,1867,7263,433,264,260,603,733
"COG2320",8,1,0,1,24,26,0,110,11,12
"COG2321",24,9,22,75,48,92,22,218,68,47
"COG2322",453,197,168,142,316,360,633,289,32,226
"COG2323",22,3,89,14,40,237,0,372,33,4
"COG2324",86,41,34,30,61,9,188,19,8,64
"COG2326",163,261,224,150,250,758,1525,835,1236,869
"COG2327",184,189,121,45,109,122,55,419,361,18
"COG2329",299,170,161,249,372,478,201,345,218,258
"COG2331",417,143,133,116,293,290,298,204,156,150
"COG2332",793,1273,805,1147,568,765,956,810,434,1156
"COG2333",1949,37,633,63,1021,741,263,559,400,37
"COG2334",2858,2941,1567,2558,2240,2874,2842,2394,1038,2593
"COG2335",78,816,1097,442,1223,597,1525,973,294,611
"COG2336",4,2,63,1,19,8,0,1,10,0
"COG2337",52,7,61,3,37,84,56,110,43,1
"COG2339",356,248,133,145,130,327,115,207,77,193
"COG2340",69,373,315,408,225,165,526,239,410,241
"COG2342",10,9,2,0,34,31,13,26,6,4
"COG2343",65,121,133,74,296,124,121,253,111,51
"COG2344",216,241,256,267,222,181,122,117,115,135
"COG2345",40,113,62,27,169,43,54,55,182,1
"COG2346",125,52,160,49,249,212,99,240,128,19
"COG2348",71,12,17,19,34,39,1,81,22,23
"COG2350",92,138,173,330,172,165,158,163,172,246
"COG2351",344,543,316,396,246,418,345,409,198,316
"COG2352",2050,4689,4564,5616,2303,2966,3576,3639,2976,5527
"COG2353",351,367,426,290,631,557,1142,652,272,376
"COG2354",150,15,287,47,268,351,184,432,286,14
"COG2355",2926,2362,2764,2208,2561,3014,2579,2683,7664,2308
"COG2356",520,289,725,226,943,875,1390,712,739,353
"COG2357",11,3,2,3,12,42,17,187,9,6
"COG2358",1607,1893,1633,1390,1431,393,324,317,196,333
"COG2359",1,0,0,0,0,0,0,0,2,0
"COG2360",613,402,491,356,625,774,963,608,202,425
"COG2361",31,0,1,4,3,17,0,82,0,0
"COG2362",786,73,70,30,201,354,14,227,10,51
"COG2363",420,65,170,56,332,249,391,175,101,57
"COG2364",371,1307,1036,1231,470,670,855,594,468,941
"COG2365",366,485,316,397,458,440,513,659,83,356
"COG2366",5142,2078,3548,1540,3317,4026,4780,3058,1286,1928
"COG2367",426,387,120,100,310,340,95,743,407,60
"COG2368",1370,680,600,653,1232,2665,590,2230,124,462
"COG2369",44,5,12,9,83,115,9,109,258,3
"COG2370",113,100,110,69,125,51,185,50,39,140
"COG2371",226,286,270,545,230,141,103,190,194,524
"COG2372",59,7,8,15,134,44,3,130,4,0
"COG2373",569,197,284,173,1452,981,548,1619,368,186
"COG2374",572,653,465,186,487,1217,1587,964,754,852
"COG2375",94,61,269,52,408,296,137,653,272,27
"COG2376",380,738,312,696,278,860,483,1466,190,617
"COG2377",1929,2670,1771,2426,1582,1477,2969,1491,1205,2606
"COG2378",1151,156,514,152,993,755,289,1021,627,143
"COG2379",950,657,608,515,947,1226,517,1195,156,421
"COG2380",0,1,0,0,5,0,0,0,0,0
"COG2382",108,29,41,36,356,288,73,792,40,52
"COG2384",2,0,4,1,3,43,52,0,6,0
"COG2385",681,1448,1193,2631,592,210,500,600,1154,2435
"COG2386",1021,561,576,477,754,747,619,541,265,666
"COG2388",39,2,13,16,19,88,6,163,28,6
"COG2389",2,101,38,18,42,0,22,2,173,0
"COG2390",133,164,303,102,134,270,271,470,94,77
"COG2391",877,996,767,349,415,1074,1199,1231,176,237
"COG2401",0,2,1,2,15,9,2,0,582,0
"COG2402",10,1,0,3,8,2,1,0,1,0
"COG2403",970,9,0,0,0,92,0,70,0,0
"COG2404",46,2,41,26,18,20,4,3,191,23
"COG2405",3,0,0,0,5,0,0,0,0,0
"COG2406",108,19,4,0,83,352,14,353,14,0
"COG2407",399,389,227,310,198,354,477,470,24,407
"COG2409",304,689,530,300,889,399,27,1476,109,258
"COG2410",15,0,0,0,23,16,0,10,0,0
"COG2412",79,7,3,0,76,230,10,246,6,0
"COG2413",13,7,1,0,7,18,0,2,5,0
"COG2414",2735,684,153,137,792,743,75,484,54,122
"COG2421",1011,235,213,284,827,897,183,790,256,262
"COG2423",1489,630,511,306,1807,1315,848,946,1539,353
"COG2425",6,50,14,3,30,0,20,3,297,5
"COG2426",9,57,10,1,13,5,42,20,14,78
"COG2428",1,0,0,0,0,0,0,0,0,2
"COG2429",162,15,5,0,186,496,30,597,22,0
"COG2430",14,0,0,0,0,1,6,0,0,0
"COG2431",81,3,0,5,30,2,0,1,11,1
"COG2433",6,21,0,4,0,0,0,0,0,0
"COG2440",14,2,2,1,4,26,0,40,0,0
"COG2442",32,10,0,2,1,5,0,91,3,0
"COG2443",6,61,48,25,57,25,4,22,5,23
"COG2445",3,0,2,0,7,4,2,2,3,2
"COG2450",3,4,0,0,7,2,0,0,0,9
"COG2451",25,11,0,0,0,0,2,1,2,0
"COG2452",20,0,16,1,18,86,116,17,22,0
"COG2453",396,235,146,177,422,583,408,534,224,202
"COG2454",0,0,0,0,3,0,0,0,0,0
"COG2457",21,26,8,11,5,1,3,8,0,3
"COG2461",466,0,1,0,1,1,0,4,1,0
"COG2501",5,75,52,167,61,1,55,67,73,159
"COG2502",6,0,2,0,2,85,0,0,27,0
"COG2503",125,400,363,281,326,151,484,188,158,389
"COG2508",73,3,5,10,10,85,1,436,28,1
"COG2509",124,334,213,260,246,181,1500,149,1184,82
"COG2510",1,0,3,4,2,0,0,4,2,0
"COG2511",624,730,501,228,1024,1370,117,1326,137,193
"COG2512",222,35,10,0,269,794,46,704,34,0
"COG2513",2402,2319,1859,2205,2719,777,352,779,353,516
"COG2514",60,13,12,12,101,183,4,259,4,14
"COG2515",1344,545,626,393,907,1404,1662,1058,346,384
"COG2516",516,120,58,265,22,150,5,106,1,699
"COG2518",2574,1246,1219,1038,1574,1934,1911,1747,391,1115
"COG2519",369,544,304,354,443,670,215,707,177,198
"COG2520",447,774,493,233,689,305,26,263,32,45
"COG2521",1,23,5,0,2,1,3,0,0,1
"COG2522",61,92,51,34,32,20,3,7,2,27
"COG2524",0,0,0,0,0,1,0,1,2,0
"COG2602",20,7,9,7,10,31,15,118,2,3
"COG2603",370,910,536,1358,557,506,650,491,495,1278
"COG2604",212,69,693,120,850,613,54,266,594,106
"COG2605",1209,878,600,941,1082,844,374,844,3713,711
"COG2606",915,1119,676,824,714,765,250,709,582,697
"COG2607",224,336,247,421,370,183,297,221,133,355
"COG2608",95,12,21,19,57,114,4,235,43,5
"COG2609",3068,6762,6189,5945,4715,4797,3616,4412,2332,6037
"COG2610",598,199,778,210,1103,1122,515,804,691,254
"COG2703",667,1,7,12,78,20,0,2,28,5
"COG2704",1,0,5,4,0,0,0,0,1,0
"COG2706",231,186,159,79,1328,480,142,744,67,124
"COG2710",129,1767,2122,3453,1046,131,1168,846,1245,3324
"COG2715",169,60,70,50,255,165,126,80,96,54
"COG2716",190,71,337,65,315,403,238,125,288,45
"COG2717",297,724,462,400,344,57,147,79,68,71
"COG2718",261,27,324,131,368,235,117,51,1733,29
"COG2719",321,24,457,149,377,306,157,62,1786,57
"COG2720",36,107,31,18,74,24,52,21,24,10
"COG2721",1393,3253,3279,2805,1713,1449,1621,1581,968,2656
"COG2723",957,1751,1487,1105,1001,922,969,1070,710,1038
"COG2730",1498,604,424,364,635,629,1186,642,120,754
"COG2731",3,2,1,0,56,1,10,1,1,11
"COG2732",0,0,0,0,0,0,0,0,0,0
"COG2733",127,1,279,15,239,167,51,398,175,3
"COG2738",165,250,315,347,318,210,816,284,45,519
"COG2740",57,177,196,107,192,56,254,187,106,66
"COG2746",283,77,58,157,238,194,69,218,83,129
"COG2747",21,1,1,3,11,13,1,0,21,3
"COG2755",1259,1981,1974,2593,2254,2334,2288,2391,820,3067
"COG2759",2544,3719,3284,3165,1863,2574,2961,2085,968,3046
"COG2761",293,401,427,267,574,467,503,632,188,234
"COG2764",113,0,25,9,69,242,26,163,40,4
"COG2766",408,26,565,209,597,401,227,99,2642,88
"COG2768",351,17,5,0,75,24,0,11,9,0
"COG2770",430,13,21,80,118,182,31,290,135,40
"COG2771",346,134,549,388,499,575,545,1696,387,334
"COG2801",22971,236,3553,939,6610,5924,4401,9404,4141,739
"COG2802",780,1898,1500,1971,1363,985,1250,1104,797,2133
"COG2804",4462,2134,3366,2370,5257,3412,2081,2253,2460,2362
"COG2805",325,198,290,227,422,775,681,774,1112,873
"COG2807",58,5,4,17,17,199,5,213,119,7
"COG2808",143,76,94,39,216,328,71,367,92,25
"COG2810",6,0,0,0,1,6,0,2,0,0
"COG2812",4911,5744,4574,6166,3782,3779,5460,4339,2213,6290
"COG2813",456,204,843,211,637,600,769,345,603,158
"COG2814",405,18,541,109,489,911,108,749,604,13
"COG2815",137,671,561,650,164,109,453,161,240,281
"COG2816",592,829,832,658,1083,752,1044,733,357,722
"COG2818",779,229,576,159,718,760,668,534,436,170
"COG2819",310,169,339,434,586,812,924,457,462,641
"COG2820",168,417,446,441,147,364,1208,371,171,241
"COG2821",328,102,71,110,480,168,190,374,36,104
"COG2822",16,0,0,13,59,64,2,41,79,2
"COG2823",671,909,791,1001,677,720,431,671,653,1075
"COG2824",90,5,112,16,145,219,269,159,110,8
"COG2825",184,123,204,129,278,188,160,93,153,129
"COG2826",2310,197,413,84,799,241,75,154,142,14
"COG2827",410,144,167,159,280,89,52,139,96,33
"COG2828",364,430,775,407,604,386,176,306,312,377
"COG2829",198,9,242,32,217,231,33,232,232,4
"COG2831",385,418,291,524,780,355,221,517,222,691
"COG2832",239,297,345,244,374,281,222,179,248,136
"COG2833",63,140,116,56,158,114,438,165,26,45
"COG2834",462,332,336,279,552,492,490,467,159,272
"COG2835",209,136,133,83,259,297,199,276,58,139
"COG2836",335,44,129,23,191,258,66,175,157,8
"COG2837",91,10,284,25,259,65,3,84,69,6
"COG2838",1085,677,1280,349,1958,1367,2417,1231,601,442
"COG2839",142,42,54,50,53,22,267,99,8,94
"COG2840",274,412,497,276,541,375,552,176,325,227
"COG2841",2,0,3,3,6,1,2,14,20,1
"COG2842",61,1,23,5,34,55,0,160,63,4
"COG2843",206,65,40,31,138,714,306,344,150,226
"COG2844",2489,2558,2422,2088,3568,2672,3821,2060,970,1916
"COG2845",119,11,13,3,76,291,14,69,5,2
"COG2846",411,1,3,7,43,1,14,4,6,1
"COG2847",98,91,90,60,120,367,337,378,230,272
"COG2848",77,13,8,11,19,66,10,36,6,2
"COG2849",4692,1594,1003,874,3284,699,509,513,191,280
"COG2850",224,231,524,118,419,273,472,178,375,79
"COG2851",4,2,0,0,6,78,3,19,105,0
"COG2852",199,14,6,4,67,153,35,601,21,3
"COG2853",1154,1705,1550,1631,1317,1025,1094,1000,692,1746
"COG2854",1016,1319,822,1149,976,953,830,799,580,1237
"COG2855",292,1384,1270,1208,901,548,1335,490,552,1106
"COG2856",130,7,163,26,177,206,3,430,178,8
"COG2857",1587,2260,2423,2343,1695,1505,1858,1734,962,2291
"COG2859",148,72,287,275,292,196,84,320,204,285
"COG2860",221,33,346,56,410,639,204,548,335,15
"COG2861",712,155,342,141,723,449,44,199,240,105
"COG2862",118,157,96,129,149,147,181,83,96,136
"COG2863",982,372,768,398,767,723,810,454,592,430
"COG2864",226,172,90,200,64,73,130,72,56,97
"COG2865",122,9,13,47,231,306,82,403,153,28
"COG2866",2477,1795,1804,811,2864,2339,2708,1973,679,1444
"COG2867",447,641,548,651,448,418,752,512,344,659
"COG2868",0,0,1,0,0,0,0,0,1,2
"COG2869",312,505,758,463,711,414,1473,313,285,681
"COG2870",3414,2660,3358,2908,2578,2179,2725,1839,17541,2087
"COG2871",1197,844,1368,824,1403,825,2353,493,632,1151
"COG2872",436,446,329,408,470,88,35,74,16,100
"COG2873",2198,5277,5869,5655,3453,2788,3772,2654,1922,5996
"COG2874",33,163,78,62,68,14,1,27,10,36
"COG2875",560,496,425,1004,530,777,326,857,379,1033
"COG2876",890,839,706,793,717,602,1619,577,499,663
"COG2877",2024,2263,2114,2206,1631,1718,2451,1565,2316,2407
"COG2878",85,25,94,17,48,228,617,69,117,53
"COG2879",0,0,0,0,0,1,0,14,0,0
"COG2881",0,0,0,0,1,0,0,0,0,0
"COG2882",20,1,8,3,11,17,1,8,40,3
"COG2884",831,623,747,508,847,713,1242,851,399,478
"COG2885",2232,2745,3919,2329,4116,4605,7518,3511,2068,2731
"COG2887",1781,1012,930,762,1142,1242,1310,2082,2514,539
"COG2888",1,2,1,0,11,0,0,0,0,0
"COG2890",745,750,576,728,676,3052,3309,3060,1523,3002
"COG2891",162,75,202,43,169,201,99,94,129,61
"COG2893",60,92,107,72,137,49,172,137,19,61
"COG2894",143,325,598,626,304,182,31,166,584,743
"COG2895",1360,567,1323,806,1640,1183,1459,1231,541,811
"COG2896",2761,2281,1653,1664,1802,2121,1597,2139,1174,1567
"COG2897",2115,2169,1470,1906,2012,3041,1067,3265,786,1738
"COG2898",98,4,7,13,53,71,17,409,125,4
"COG2899",6,64,127,41,70,30,135,180,25,40
"COG2900",19,0,71,1,56,38,0,6,77,0
"COG2901",134,143,185,104,196,144,321,65,106,129
"COG2902",1756,461,1247,304,1662,1875,403,1487,1221,100
"COG2904",187,216,394,237,326,257,560,127,306,294
"COG2905",681,165,479,108,599,820,86,357,787,14
"COG2906",38,5,72,15,67,33,5,4,70,3
"COG2907",503,2995,1890,2738,2119,179,438,149,248,694
"COG2908",1282,1024,1569,854,1121,1283,2218,1023,922,1234
"COG2909",662,12,178,116,604,379,22,314,539,31
"COG2910",5,3,23,3,16,62,39,173,32,1
"COG2911",2405,73,1030,155,1156,1466,32,1671,1065,50
"COG2912",132,22,25,19,254,1149,368,1003,114,94
"COG2913",205,286,370,247,399,262,576,249,151,240
"COG2914",103,3,106,4,117,110,126,29,74,9
"COG2915",164,26,231,48,139,158,266,29,143,44
"COG2916",32,2,71,4,79,56,5,3,58,0
"COG2917",579,1245,618,1209,511,771,824,939,370,1276
"COG2918",690,794,1067,773,939,845,1716,460,539,969
"COG2919",168,43,147,41,190,114,98,69,82,42
"COG2920",202,46,236,66,128,188,207,105,128,68
"COG2921",12,1,16,8,28,120,119,23,74,28
"COG2922",132,26,118,8,122,239,185,68,102,5
"COG2923",48,10,35,5,22,132,42,33,67,35
"COG2924",220,139,231,145,205,211,336,129,105,158
"COG2925",376,807,662,771,303,1634,2065,1566,1180,3404
"COG2926",0,0,0,1,0,0,0,0,0,0
"COG2927",202,162,254,175,305,179,214,185,159,165
"COG2928",1194,1415,1014,1598,989,177,218,228,151,410
"COG2929",31,13,85,5,30,22,12,35,31,8
"COG2930",195,174,140,98,274,218,199,208,34,67
"COG2931",5858,2617,3545,2912,8731,4219,2702,2714,3184,3215
"COG2932",130,72,21,52,113,165,32,235,1086,25
"COG2933",215,12,285,24,367,293,39,54,264,5
"COG2935",584,395,444,342,606,477,525,438,258,232
"COG2936",3330,2293,2592,2033,3911,2539,1509,2347,707,2188
"COG2937",757,388,911,402,948,961,589,285,849,585
"COG2938",115,94,146,96,187,148,179,164,86,76
"COG2939",792,317,609,254,538,976,940,833,401,392
"COG2940",247,1147,617,732,244,248,318,331,715,807
"COG2941",344,1207,1043,1291,651,468,899,620,379,1356
"COG2942",227,175,307,98,325,528,450,484,111,131
"COG2943",332,12,523,79,423,521,25,236,494,22
"COG2944",57,7,125,8,75,53,2,36,79,2
"COG2945",584,1121,818,1106,548,515,538,835,380,1066
"COG2946",7,0,147,0,38,24,1,0,15,0
"COG2947",603,989,864,1071,825,1098,380,1073,531,1035
"COG2948",94,7,26,53,122,147,22,659,96,13
"COG2949",25,4,7,1,19,121,10,152,32,1
"COG2951",1878,2417,1820,2349,1610,1621,2199,1524,1099,2256
"COG2954",203,304,255,410,277,263,224,285,185,389
"COG2956",330,49,90,42,157,811,266,340,293,158
"COG2957",1851,618,783,875,1218,1120,587,947,413,1618
"COG2958",16,1,5,4,11,10,3,2,36,1
"COG2959",330,31,357,59,367,458,207,106,300,77
"COG2960",97,60,128,91,197,117,120,75,108,54
"COG2961",180,45,260,84,154,228,94,82,191,95
"COG2962",786,1366,867,1301,525,934,916,1096,689,1181
"COG2963",827,8,110,38,183,599,590,829,583,45
"COG2964",50,6,6,4,4,78,8,34,3,11
"COG2965",2,0,1,1,1,19,0,0,10,0
"COG2966",88,1,307,16,217,210,15,235,281,5
"COG2967",522,301,309,166,456,471,451,405,158,198
"COG2968",249,70,224,29,352,603,173,602,182,12
"COG2969",144,27,198,32,167,167,204,44,127,20
"COG2971",520,264,396,73,549,499,151,273,562,32
"COG2972",318,33,314,79,464,637,338,1185,350,46
"COG2973",0,0,0,0,0,0,0,0,0,0
"COG2974",223,18,463,68,274,270,132,33,412,40
"COG2975",41,74,82,100,42,25,204,35,22,129
"COG2976",202,66,301,104,298,241,359,92,156,95
"COG2977",86,98,35,28,65,105,44,95,34,39
"COG2978",209,24,577,88,562,529,98,258,404,74
"COG2979",22,1,2,8,31,99,1,35,77,2
"COG2980",198,13,148,13,138,169,73,71,110,24
"COG2981",236,44,236,81,355,315,352,76,193,82
"COG2982",1147,86,229,145,904,763,309,440,318,84
"COG2983",184,166,332,182,257,188,386,157,172,133
"COG2984",196,7,224,35,237,129,10,32,227,24
"COG2985",20,0,2,1,37,38,42,282,12,3
"COG2986",1953,900,963,380,1307,1507,1505,1276,454,478
"COG2987",1708,1197,1042,421,1401,1490,1742,1199,404,574
"COG2988",175,333,773,852,428,186,42,180,653,778
"COG2989",174,183,335,192,397,342,468,432,192,113
"COG2990",0,0,2,1,0,4,0,14,0,0
"COG2991",28,22,41,8,72,36,25,7,64,4
"COG2992",839,1546,1738,1766,819,740,875,782,2959,1615
"COG2993",239,74,184,116,341,435,196,565,245,117
"COG2994",0,2,5,17,11,0,22,3,932,14
"COG2995",148,2,238,20,253,275,13,38,236,4
"COG2996",80,13,260,47,212,223,513,181,197,57
"COG2998",513,567,355,475,403,316,371,249,85,414
"COG2999",18,2,20,2,39,14,1,2,15,8
"COG3000",1633,2606,2929,2487,2922,2052,5321,2418,857,2961
"COG3001",615,405,560,847,622,590,87,709,386,852
"COG3002",252,23,100,48,370,258,39,512,101,37
"COG3004",833,1530,1256,1507,813,1128,544,1610,785,1346
"COG3005",266,50,4,12,41,4,1,2,9,1
"COG3006",1,0,1,0,0,4,0,0,1,0
"COG3007",187,40,456,83,279,226,261,33,214,120
"COG3008",198,12,323,51,344,398,43,69,394,23
"COG3009",74,6,134,11,127,123,9,8,157,5
"COG3010",12,113,82,50,59,16,57,26,212,39
"COG3011",144,458,458,564,461,311,606,290,387,588
"COG3012",93,76,134,20,235,131,104,108,241,19
"COG3013",0,0,0,0,0,2,0,2,0,0
"COG3014",52,8,19,19,205,142,22,91,40,51
"COG3015",2,0,0,2,4,32,1,72,9,1
"COG3016",511,32,23,44,306,144,93,174,65,51
"COG3017",168,21,36,27,169,184,87,53,101,20
"COG3018",267,299,303,170,268,160,103,73,139,162
"COG3019",272,293,797,833,540,447,324,456,429,637
"COG3021",182,62,356,106,326,746,847,649,218,81
"COG3022",557,1018,1012,801,1307,983,2351,809,363,964
"COG3023",945,1485,1983,1607,1129,1224,1633,1159,3918,1483
"COG3024",38,32,127,35,106,79,98,23,71,39
"COG3025",225,13,426,57,304,103,8,23,78,1
"COG3026",165,10,266,46,299,253,138,27,224,12
"COG3027",291,645,247,601,266,290,219,430,242,585
"COG3028",108,18,198,30,186,145,133,26,150,20
"COG3029",61,0,0,0,1,111,0,68,3,0
"COG3030",676,786,583,681,592,698,560,495,388,702
"COG3031",131,79,274,104,246,337,132,62,239,100
"COG3033",973,515,501,465,199,29,250,72,208,202
"COG3034",342,175,159,151,264,382,347,257,116,100
"COG3036",0,0,0,1,1,0,0,0,10,0
"COG3037",0,0,1,0,0,1,0,2,1,2
"COG3038",308,833,776,749,418,415,514,383,431,689
"COG3039",3629,665,596,247,998,498,885,744,715,80
"COG3040",103,125,301,99,473,230,433,76,170,127
"COG3041",16,1,11,3,5,11,2,44,4,1
"COG3042",6,0,1,0,0,0,4,0,1,0
"COG3043",25,0,2,1,1,0,1,2,0,0
"COG3044",453,8,4,4,80,188,0,144,11,8
"COG3045",64,5,116,10,117,121,2,48,124,5
"COG3046",260,5623,3829,6881,2382,606,5165,1887,1829,6399
"COG3047",350,50,306,53,339,350,95,354,300,33
"COG3048",21,1,0,4,1,1,0,1,47,0
"COG3049",32,4,49,7,43,36,120,87,60,1
"COG3050",0,0,0,0,0,0,0,0,0,0
"COG3051",128,0,0,0,5,46,4,44,1,1
"COG3053",22,0,0,0,5,7,0,0,0,1
"COG3054",49,0,2,3,3,24,2,13,0,0
"COG3055",100,28,52,9,390,144,61,152,15,3
"COG3056",0,0,0,0,0,0,0,0,1,0
"COG3057",34,0,133,1,54,72,0,0,94,1
"COG3058",23,0,0,3,1,13,0,25,33,0
"COG3059",31,3,119,7,83,99,3,22,122,0
"COG3060",31,1,107,5,58,10,2,0,23,0
"COG3061",2,0,0,0,0,0,0,0,0,0
"COG3062",9,0,0,0,1,0,0,0,0,0
"COG3063",242,21,267,37,280,305,128,48,285,19
"COG3064",10,1,55,1,31,115,4,1,111,0
"COG3065",35,0,149,4,113,38,1,2,89,1
"COG3066",47,0,152,6,120,30,1,1,42,1
"COG3067",246,500,865,603,581,502,1098,123,326,785
"COG3068",96,2,140,5,118,105,1,6,137,1
"COG3069",1,1,26,14,15,6,164,40,8,9
"COG3070",17,23,10,28,52,32,14,10,28,20
"COG3071",534,110,409,61,520,472,233,136,347,69
"COG3072",361,12,449,59,670,377,6,99,489,9
"COG3073",39,3,207,15,112,105,44,3,127,9
"COG3074",0,0,0,0,0,0,0,0,2,0
"COG3075",31,0,1,0,2,39,0,33,0,0
"COG3076",30,0,90,3,61,48,2,0,73,2
"COG3077",11,0,11,4,7,16,0,66,3,4
"COG3078",4,0,4,0,0,15,0,0,3,0
"COG3079",58,13,53,9,52,242,242,91,149,55
"COG3080",76,0,1,0,7,99,0,57,3,0
"COG3081",150,5,259,28,225,214,6,48,244,9
"COG3082",10,0,38,1,26,21,2,2,23,1
"COG3083",409,82,342,14,255,441,14,154,210,0
"COG3084",0,0,0,0,0,0,0,0,0,0
"COG3085",64,2,211,13,159,115,3,2,216,0
"COG3086",57,2,112,7,78,40,25,2,89,2
"COG3087",165,18,210,25,209,210,92,64,176,44
"COG3088",724,1033,543,922,632,782,793,713,413,928
"COG3089",43,5,64,8,93,65,13,6,79,11
"COG3090",409,367,594,757,329,93,158,162,87,216
"COG3091",51,0,106,4,93,59,34,4,341,6
"COG3092",24,0,66,4,66,74,1,0,90,0
"COG3093",54,2,37,12,46,367,8,256,157,14
"COG3094",49,0,18,5,44,26,2,1,20,1
"COG3095",0,0,0,0,0,7,0,0,0,0
"COG3096",1,0,5,0,1,32,0,1,7,2
"COG3097",0,0,1,0,0,0,0,0,0,0
"COG3098",42,5,15,14,37,57,31,7,33,9
"COG3099",2,0,0,0,0,37,0,1,7,0
"COG3100",62,2,86,8,69,66,21,13,74,3
"COG3101",99,8,178,29,160,103,80,9,159,23
"COG3102",1,1,2,0,0,0,0,1,0,0
"COG3103",87,13,176,14,200,145,32,13,117,3
"COG3104",713,1219,1460,1002,1528,1281,3542,1560,470,1340
"COG3105",51,7,45,22,55,39,67,16,51,30
"COG3106",168,7,361,20,272,288,42,52,343,2
"COG3107",502,119,676,126,700,666,517,191,557,189
"COG3108",24,129,138,162,108,14,218,58,273,48
"COG3109",47,1,179,2,89,93,2,1,135,0
"COG3110",5,1,1,4,16,4,0,0,20,0
"COG3111",25,0,4,1,7,2,0,1,17,0
"COG3112",21,0,19,3,15,38,1,0,17,0
"COG3113",0,0,0,0,0,0,0,0,1,0
"COG3114",1,0,0,0,7,12,0,0,15,1
"COG3115",272,39,426,50,391,357,235,123,264,71
"COG3116",31,2,77,5,67,46,5,1,58,8
"COG3117",120,6,148,20,199,132,42,39,181,11
"COG3118",483,487,665,445,790,492,560,534,375,429
"COG3119",17486,10800,21288,10693,47140,4174,6102,3721,708,3966
"COG3120",0,0,0,0,0,0,0,0,0,0
"COG3121",14,3,4,15,17,74,93,150,59,2
"COG3122",83,4,152,13,125,149,41,10,120,14
"COG3123",58,21,127,29,149,73,128,10,95,24
"COG3124",34,7,63,17,38,266,367,135,143,40
"COG3125",33,0,59,4,65,95,4,54,91,1
"COG3126",24,0,0,4,18,104,9,94,37,0
"COG3127",1848,2594,2203,2363,2234,2405,1935,1924,1011,2628
"COG3128",97,1156,772,1236,431,142,303,368,7989,820
"COG3129",73,27,180,23,148,143,381,6,187,2
"COG3130",52,6,58,9,64,51,20,3,70,8
"COG3131",265,15,418,76,366,665,23,216,466,19
"COG3132",16,3,10,11,79,87,6,7,31,15
"COG3133",11,28,46,29,32,27,73,14,49,51
"COG3134",66,3,30,8,41,50,29,28,46,2
"COG3135",61,25,64,29,108,260,40,79,496,94
"COG3136",2,0,0,1,16,8,0,0,16,0
"COG3137",49,2,81,13,72,274,66,268,329,23
"COG3138",338,90,338,166,404,414,173,256,448,166
"COG3139",45,7,87,13,58,46,34,8,82,6
"COG3141",31,3,117,10,100,85,2,4,119,1
"COG3142",112,178,157,109,221,246,780,161,60,166
"COG3143",109,2,163,20,170,149,1,16,233,4
"COG3144",253,17,450,57,353,370,56,21,551,19
"COG3145",77,103,145,36,105,439,1106,279,1560,228
"COG3146",570,1544,1514,2277,1167,897,1705,1040,838,2329
"COG3147",49,6,149,10,114,133,50,17,124,5
"COG3148",52,4,76,6,71,261,21,6,316,14
"COG3149",28,1,24,3,33,100,22,1,124,7
"COG3150",90,221,248,237,234,126,577,45,163,293
"COG3151",112,81,194,71,193,169,449,66,128,96
"COG3152",357,386,357,300,429,427,570,450,142,332
"COG3153",167,209,117,125,166,180,233,311,54,119
"COG3154",121,0,2,8,35,4,1,1,16,1
"COG3155",634,30,206,49,306,330,27,152,207,54
"COG3156",346,303,492,349,551,109,178,50,64,107
"COG3157",83,6,12,26,69,71,6,13,96,13
"COG3158",26,18,69,36,47,169,88,445,13,5
"COG3159",367,231,402,271,560,347,607,144,242,378
"COG3160",96,1,114,8,166,140,40,9,204,2
"COG3161",183,69,280,126,219,222,503,84,196,162
"COG3162",21,0,2,7,3,11,0,33,2,2
"COG3164",1123,397,1567,351,1589,333,448,92,277,73
"COG3165",204,24,234,56,200,258,112,84,161,37
"COG3166",42,2,40,3,41,163,64,36,150,13
"COG3167",205,8,143,26,235,200,116,32,171,7
"COG3168",139,5,124,16,169,152,74,22,154,5
"COG3169",13,0,3,3,7,11,2,51,5,2
"COG3170",403,122,350,113,599,470,112,64,427,60
"COG3171",3,1,0,4,9,24,1,0,22,0
"COG3172",97,107,119,98,192,167,614,75,90,155
"COG3173",1631,2361,2176,1953,2049,1966,2511,1968,762,2161
"COG3174",76,2,4,26,71,61,1,42,55,8
"COG3175",383,1313,1402,1331,704,536,1079,554,458,1423
"COG3176",417,1300,1539,1193,1112,870,1791,688,724,1071
"COG3177",676,50,405,125,518,413,189,484,405,108
"COG3178",1163,1940,740,1954,1063,1207,1623,1366,698,1927
"COG3179",11,142,371,179,63,31,632,52,2053,87
"COG3180",498,1381,912,1158,439,356,489,432,286,1114
"COG3181",2126,2295,2714,2185,1274,2744,2063,2297,602,2378
"COG3182",634,90,511,178,1866,1907,78,1717,1353,40
"COG3183",156,27,27,31,65,35,24,44,29,36
"COG3184",20,1,14,4,42,19,2,10,24,0
"COG3185",637,392,580,349,667,803,1257,832,340,274
"COG3186",273,193,315,112,673,727,688,764,249,160
"COG3187",119,6,192,22,178,63,2,22,48,0
"COG3188",37,2,5,17,38,245,243,458,169,4
"COG3189",41,1,0,2,11,23,1,22,35,0
"COG3190",34,2,10,12,43,46,3,2,35,4
"COG3191",1203,480,418,311,632,877,461,778,124,309
"COG3192",1,0,0,0,0,1,0,1,0,0
"COG3193",163,191,153,139,258,236,334,173,61,120
"COG3194",367,581,308,386,209,412,370,359,194,252
"COG3195",428,621,321,497,283,527,635,605,185,281
"COG3196",0,0,2,0,2,0,0,1,0,0
"COG3197",12,9,0,4,7,6,2,7,10,0
"COG3198",68,2,109,10,82,94,16,8,120,4
"COG3199",583,544,591,202,703,654,174,327,249,156
"COG3200",1412,2604,2585,2408,1412,1360,1141,1816,970,2568
"COG3201",138,248,387,198,338,369,1201,313,163,297
"COG3202",1182,579,391,332,604,771,1199,478,158,446
"COG3203",83,91,81,136,144,258,296,41,122,60
"COG3204",256,198,958,200,713,316,558,184,492,379
"COG3205",54,3,49,9,73,57,3,39,75,0
"COG3206",1177,692,1153,803,1952,1524,2034,1531,962,931
"COG3207",1,0,0,2,0,1,0,1,1,1
"COG3208",10,57,37,14,71,13,25,52,68,43
"COG3209",281,43,309,210,714,521,50,1735,416,119
"COG3210",502,254,183,295,1604,338,160,338,83,506
"COG3211",819,468,1440,360,1550,1452,549,1039,680,637
"COG3212",4,0,0,2,20,23,0,10,28,1
"COG3213",169,21,0,8,22,159,120,72,111,20
"COG3214",79,20,40,15,71,237,79,294,62,60
"COG3215",66,5,23,15,54,40,44,2,42,3
"COG3216",272,402,440,648,344,180,504,309,319,603
"COG3217",148,169,112,101,107,496,792,495,205,275
"COG3218",37,3,2,15,61,53,9,78,39,9
"COG3219",52,2,146,11,134,122,9,14,111,6
"COG3220",169,8,252,27,352,255,113,93,319,12
"COG3221",1278,1573,1731,1743,1262,1772,921,1762,919,1480
"COG3222",396,372,346,745,591,315,465,424,251,585
"COG3223",37,14,12,24,12,9,12,12,31,25
"COG3224",41,4,40,20,67,30,23,47,67,3
"COG3225",2035,1082,728,801,2536,1821,1235,1330,318,920
"COG3226",11,0,13,11,21,11,4,14,29,11
"COG3227",299,134,363,88,311,503,198,236,289,73
"COG3228",166,25,58,42,441,246,44,465,129,6
"COG3230",5,0,1,2,7,80,1,8,60,3
"COG3231",5,15,3,1,1,2,1,25,0,0
"COG3232",16,6,13,5,16,70,89,40,23,17
"COG3233",25,0,6,1,0,11,1,46,8,1
"COG3234",0,0,0,0,1,0,0,0,0,0
"COG3235",94,1,136,17,135,114,2,3,164,2
"COG3236",60,51,48,17,74,44,115,59,137,9
"COG3237",20,5,61,12,41,95,4,72,56,4
"COG3238",54,126,87,58,115,68,130,184,38,32
"COG3239",1022,3285,3312,4377,2011,1599,3481,2066,1775,4762
"COG3240",52,116,34,47,47,38,23,6,29,3
"COG3241",91,124,263,127,340,186,249,43,147,131
"COG3242",27,6,7,8,20,11,2,3,9,0
"COG3243",2118,512,440,485,759,1213,532,1461,415,322
"COG3245",338,230,353,163,344,328,338,155,208,114
"COG3246",1185,1507,1564,1450,1083,1384,1548,1079,366,1451
"COG3247",12,1,19,16,14,66,6,222,20,2
"COG3248",62,3,165,20,84,147,47,8,179,4
"COG3249",220,119,415,94,415,395,244,91,277,127
"COG3250",3375,1406,2807,911,2036,4183,2651,5803,975,1528
"COG3251",0,1,1,1,7,2,2,4,6,2
"COG3252",102,114,116,112,94,42,59,54,29,105
"COG3253",305,73,70,13,502,519,55,496,40,12
"COG3254",124,96,64,74,112,105,81,163,20,113
"COG3255",74,130,169,162,77,77,264,69,69,136
"COG3256",522,12,8,15,85,37,28,34,48,6
"COG3257",50,116,127,92,92,90,270,67,84,72
"COG3258",75,7,45,19,39,54,29,74,22,17
"COG3259",12,0,0,1,1,0,0,3,1,4
"COG3261",167,0,0,0,0,0,0,2,0,7
"COG3263",683,64,380,74,736,2046,152,1614,491,25
"COG3264",310,145,226,98,351,1215,1634,1053,766,361
"COG3265",176,81,163,73,163,51,55,66,39,12
"COG3266",19,4,23,7,90,59,20,0,37,6
"COG3267",846,231,1104,183,1115,823,311,485,636,164
"COG3268",621,1005,1386,843,1028,742,1938,559,344,1226
"COG3269",21,48,0,1,17,2,0,4,1,0
"COG3270",44,0,3,0,10,79,0,2,15,0
"COG3271",106,2,6,10,43,14,32,16,71,3
"COG3272",171,101,79,69,503,40,17,11,39,7
"COG3273",117,12,14,1,51,168,2,71,1,3
"COG3274",1,0,1,0,3,0,2,1,2,2
"COG3275",219,22,173,70,465,265,206,354,66,24
"COG3276",2218,1561,975,917,1915,2226,696,1773,414,598
"COG3277",1,2,0,0,0,0,0,1,0,0
"COG3278",671,386,634,297,612,854,605,961,572,186
"COG3279",445,53,714,147,864,1450,1299,2557,673,107
"COG3280",4,1,0,3,2,60,0,448,6,4
"COG3281",5,4,21,8,33,460,20,290,17,3
"COG3283",128,4,356,27,189,231,5,5,369,3
"COG3284",403,722,688,426,180,336,860,589,400,105
"COG3285",49,8,20,20,66,490,1,1584,22,18
"COG3287",286,6,539,44,350,253,26,259,401,14
"COG3288",3131,4661,4195,4955,3418,2838,3065,2832,1988,5158
"COG3290",146,145,7,42,11,324,5,78,60,24
"COG3291",4526,3236,2846,1807,3918,3568,8006,2265,1549,2039
"COG3292",2143,742,3525,470,3020,4918,2659,4671,2595,579
"COG3293",1422,15,590,107,897,552,800,1475,403,42
"COG3294",3,0,0,0,0,1,0,0,0,0
"COG3295",78,2,57,23,195,166,3,39,234,3
"COG3296",55,9,80,4,132,172,12,134,73,13
"COG3297",184,28,491,69,336,317,173,73,268,71
"COG3298",386,126,70,39,257,276,96,174,43,49
"COG3299",4,3,16,1,8,5,29,0,31,0
"COG3300",411,14,634,82,611,797,35,217,794,11
"COG3301",68,36,0,9,2,4,0,0,0,0
"COG3302",10,164,212,158,170,17,338,43,20,120
"COG3303",170,0,0,0,1,0,0,0,1,1
"COG3304",12,88,24,20,29,22,52,91,135,10
"COG3305",0,0,0,2,0,0,3,0,17,0
"COG3306",63,754,916,1060,156,105,646,265,4094,441
"COG3307",341,820,841,627,1087,415,719,337,1092,576
"COG3308",40,0,110,5,57,82,10,1,92,3
"COG3309",0,0,0,1,0,0,0,3,0,0
"COG3310",85,18,184,16,118,95,165,10,109,15
"COG3311",90,63,60,34,74,119,24,55,141,20
"COG3312",68,7,99,9,121,64,39,16,100,3
"COG3313",68,189,283,187,196,151,394,81,158,254
"COG3314",96,0,21,18,42,264,14,117,136,9
"COG3315",357,78,128,49,228,243,283,193,59,84
"COG3316",561,20,217,40,74,234,598,435,35,10
"COG3317",237,431,653,405,474,434,850,182,265,542
"COG3318",603,74,41,31,203,336,56,194,69,19
"COG3319",68,1,7,33,151,38,145,132,27,73
"COG3320",321,136,70,71,238,201,44,143,81,35
"COG3321",939,1223,640,393,1420,1130,578,795,562,389
"COG3322",41,0,7,10,30,84,3,40,83,4
"COG3323",71,145,175,121,237,154,831,284,75,197
"COG3324",160,42,185,28,176,308,25,221,157,21
"COG3325",231,182,226,113,227,561,253,266,240,129
"COG3326",43,0,36,11,110,81,2,13,112,2
"COG3327",139,4,30,12,54,106,85,97,10,4
"COG3328",4618,59,265,181,1076,1481,1028,2923,556,131
"COG3329",11,438,626,1194,357,65,217,193,227,952
"COG3330",1,329,526,835,152,2,38,153,314,790
"COG3331",0,1,0,0,4,0,0,2,273,0
"COG3332",384,189,338,210,554,242,159,198,207,277
"COG3333",3262,3798,4100,3860,2020,3875,3693,3469,2576,3924
"COG3334",6,20,15,17,76,8,8,20,7,10
"COG3335",3261,42,310,134,659,495,1157,608,540,79
"COG3336",183,359,414,383,189,395,190,1086,222,194
"COG3338",38,10,17,37,72,11,62,31,23,24
"COG3339",100,151,107,392,139,83,16,240,135,367
"COG3340",183,582,707,939,572,279,949,316,149,1121
"COG3341",7,31,21,27,60,120,338,41,12,20
"COG3342",1030,691,307,268,752,246,87,180,65,106
"COG3344",2356,131,2592,429,2542,369,65,271,768,24
"COG3345",52,8,104,10,103,188,807,270,166,35
"COG3346",400,1742,1088,1820,804,463,1603,549,611,1648
"COG3347",1762,1274,1173,1187,1427,1955,932,2267,684,1047
"COG3349",57,1551,1591,2807,648,264,300,549,1568,2830
"COG3350",24,10,0,6,43,10,0,19,5,0
"COG3354",0,0,0,0,2,0,0,0,0,0
"COG3356",602,69,21,7,379,1520,57,1334,53,18
"COG3357",12,3,0,0,0,0,0,0,0,0
"COG3358",156,72,20,47,112,238,395,339,11,73
"COG3359",77,9,9,18,79,16,0,17,11,43
"COG3360",94,0,1,10,21,33,1,14,37,2
"COG3361",28,140,181,55,226,70,151,247,24,88
"COG3363",1,0,0,0,1,1,0,3,0,0
"COG3364",31,0,0,0,0,1,0,2,0,0
"COG3365",18,0,0,0,0,0,0,2,0,0
"COG3367",1295,755,499,299,790,839,790,616,404,328
"COG3369",16,2,6,1,14,21,76,25,2,2
"COG3371",5,0,0,0,0,6,0,3,1,0
"COG3372",93,7,1,6,15,177,1,85,3,8
"COG3375",53,10,2,8,15,51,4,111,4,2
"COG3376",2,3,1,0,0,27,0,51,0,0
"COG3377",0,0,0,1,0,0,12,1,0,3
"COG3378",1158,550,839,716,277,247,3081,288,8129,426
"COG3379",902,1,1,2,71,68,268,153,8,12
"COG3380",109,1715,777,1856,757,119,731,360,503,1607
"COG3381",356,82,45,89,83,139,49,69,26,52
"COG3382",58,52,4,3,26,20,0,36,1,10
"COG3383",6408,4461,4050,2668,2559,4268,2872,2797,495,1901
"COG3384",507,622,595,236,770,973,80,664,275,209
"COG3385",2456,58,447,75,1473,1203,67,923,961,39
"COG3386",2807,2117,2082,1703,4495,2543,2030,2684,826,2144
"COG3387",290,98,317,158,108,738,163,1538,126,384
"COG3388",2,0,0,0,0,1,0,0,0,0
"COG3389",69,298,279,158,290,138,8,59,30,106
"COG3390",83,260,191,87,193,119,9,58,17,88
"COG3391",6234,1427,1097,633,4508,5140,1857,4008,614,805
"COG3392",124,81,107,129,83,89,37,53,55,17
"COG3393",43,15,9,12,32,4,1,9,1,6
"COG3394",288,70,160,119,109,192,495,146,32,155
"COG3395",122,541,603,1490,400,68,378,557,346,1401
"COG3396",917,769,634,554,1050,1212,1086,825,183,424
"COG3397",18,9,23,4,49,130,35,11,49,20
"COG3398",127,474,306,125,635,337,50,132,55,84
"COG3399",0,0,0,0,12,0,0,0,2,0
"COG3400",7,495,248,445,16,1,276,39,204,214
"COG3401",135,25,32,57,237,40,0,16,38,13
"COG3402",5,3,2,3,8,29,7,144,6,4
"COG3403",26,0,89,12,49,80,1,195,56,1
"COG3404",1168,480,256,168,553,558,786,308,37,272
"COG3405",49,2,272,16,111,33,9,5,22,0
"COG3407",114,170,242,164,223,257,1191,400,37,279
"COG3408",191,62,25,61,401,515,56,542,15,71
"COG3409",224,1414,858,1253,212,320,673,713,1848,567
"COG3410",131,18,9,19,102,23,39,176,76,11
"COG3411",273,247,154,309,217,67,18,61,36,82
"COG3412",0,7,0,1,0,2,0,1,1,2
"COG3413",17,163,38,29,56,38,7,34,2,14
"COG3414",0,0,2,0,0,1,1,0,1,0
"COG3415",583,5,114,20,257,119,196,110,152,12
"COG3416",0,0,8,1,0,0,0,0,0,0
"COG3417",39,14,16,10,122,58,10,36,18,27
"COG3418",8,0,0,3,5,15,1,0,21,0
"COG3419",1759,1484,1958,2177,1930,1773,556,564,1850,1735
"COG3420",206,49,2,14,59,16,20,5,3,2
"COG3421",26,48,10,34,61,84,23,27,57,32
"COG3422",14,32,42,39,32,28,21,45,42,26
"COG3423",2,0,2,1,16,6,0,0,13,0
"COG3424",118,49,94,94,162,273,124,365,50,101
"COG3425",211,202,133,68,247,1474,708,1546,109,347
"COG3426",3,0,0,0,0,1,0,0,0,0
"COG3427",805,742,287,420,661,801,274,664,69,261
"COG3428",103,31,401,96,294,487,140,721,244,124
"COG3429",2,442,352,1059,187,14,49,326,327,1082
"COG3431",3,89,48,12,18,2,4,1,27,0
"COG3433",1,0,1,0,0,2,0,7,0,0
"COG3434",255,3,698,27,531,625,21,36,579,11
"COG3435",169,238,55,89,414,155,20,198,20,97
"COG3436",3478,63,3795,331,3247,1579,391,2942,2670,129
"COG3437",1436,297,2674,490,2831,2015,390,188,2170,348
"COG3439",156,30,23,24,90,148,9,131,47,23
"COG3440",198,149,84,156,160,171,79,225,243,154
"COG3442",8,35,4,0,19,8,1,23,5,0
"COG3443",7,0,10,0,0,3,1,8,2,2
"COG3444",2,0,6,0,0,1,0,4,1,0
"COG3447",96,0,67,20,183,20,0,2,41,0
"COG3448",472,712,570,608,363,516,448,467,417,624
"COG3449",38,0,13,7,65,71,23,195,46,1
"COG3450",170,101,154,226,186,100,262,101,97,256
"COG3451",573,27,446,168,657,1264,111,3394,377,108
"COG3452",350,4,16,49,194,420,4,119,307,8
"COG3453",94,82,306,82,116,88,196,229,70,68
"COG3454",26,24,347,42,90,48,142,63,39,63
"COG3455",83,4,16,24,81,27,3,2,28,1
"COG3456",109,3,1,15,83,99,2,82,87,4
"COG3457",127,0,7,5,10,26,68,48,4,0
"COG3458",146,129,31,19,206,182,67,129,14,27
"COG3459",69,33,12,48,35,64,43,277,39,18
"COG3460",80,30,24,37,26,95,142,53,8,27
"COG3461",5,1,8,1,3,3,0,5,3,2
"COG3463",249,247,83,101,68,237,70,127,166,46
"COG3464",2113,31,194,132,944,975,67,625,536,195
"COG3467",812,78,33,25,217,795,54,674,34,17
"COG3468",7,88,57,76,41,25,61,338,10,55
"COG3469",8,11,2,0,25,16,3,3,9,0
"COG3470",87,55,73,66,260,37,226,44,49,100
"COG3471",8,1,1,16,10,36,1,8,37,2
"COG3472",179,38,120,25,123,120,75,203,27,8
"COG3473",1368,1236,966,1129,1236,1196,1234,1193,364,1032
"COG3474",595,1403,1085,1283,597,548,1281,845,341,1212
"COG3475",339,20,7,14,15,29,146,19,37,15
"COG3476",29,594,514,677,281,166,664,380,237,691
"COG3477",0,0,0,0,0,0,0,0,0,0
"COG3478",68,117,51,26,18,50,65,17,45,1
"COG3479",1,0,0,0,0,3,0,8,0,1
"COG3480",125,374,263,353,56,137,223,244,136,173
"COG3481",1037,75,127,71,386,359,136,197,145,101
"COG3482",0,2,1,11,3,0,12,1,31,2
"COG3483",474,626,604,250,634,866,993,672,210,252
"COG3484",67,337,484,658,100,11,11,51,16,374
"COG3485",329,406,451,415,825,636,464,578,283,350
"COG3486",48,1,0,0,14,83,1,13,69,4
"COG3487",163,31,34,62,340,107,100,57,142,56
"COG3488",247,117,95,160,514,320,89,217,186,197
"COG3489",96,3,9,32,161,51,39,30,89,8
"COG3490",92,11,5,43,132,62,30,30,76,4
"COG3491",1504,2669,1983,1589,2595,2793,2813,2182,1432,1720
"COG3492",298,461,355,318,308,365,306,341,142,235
"COG3493",28,0,0,0,0,22,0,10,19,0
"COG3494",746,1187,515,1160,678,514,598,695,312,1062
"COG3495",212,118,255,104,429,236,220,39,266,110
"COG3496",147,1625,783,1564,1052,406,1088,334,647,1473
"COG3497",753,6038,13075,6731,1117,232,4199,1355,46266,2578
"COG3498",4,0,1,1,8,15,0,2,7,0
"COG3499",1,0,2,1,8,8,2,0,17,0
"COG3500",17,20,45,25,45,162,95,68,42,20
"COG3501",315,34,109,148,381,442,148,130,492,78
"COG3502",52,512,340,255,184,64,385,132,359,232
"COG3503",213,152,323,74,391,530,324,141,467,67
"COG3504",58,4,15,40,72,90,33,561,85,4
"COG3505",332,38,244,184,386,266,14,779,72,11
"COG3506",1,0,7,2,2,5,0,31,0,1
"COG3507",917,166,1023,254,1726,1635,539,2190,622,322
"COG3508",415,341,548,280,791,797,1093,673,315,332
"COG3509",718,1438,2150,1325,2354,1038,2806,849,338,2175
"COG3510",113,90,46,85,174,118,22,133,410,70
"COG3511",0,2,0,2,7,56,0,347,8,5
"COG3512",13,0,1,4,22,5,1,17,1,2
"COG3513",154,13,23,29,184,88,12,705,326,29
"COG3514",1,1,5,0,2,8,0,20,5,0
"COG3515",138,10,21,38,113,139,19,6,189,16
"COG3516",47,4,26,17,70,50,10,10,84,11
"COG3517",150,20,60,59,226,198,16,19,186,34
"COG3518",37,2,5,7,45,52,0,3,50,2
"COG3519",153,25,38,62,211,161,25,15,210,32
"COG3520",81,10,26,30,102,88,16,9,116,12
"COG3521",44,1,1,11,48,9,0,1,12,2
"COG3522",99,14,35,59,151,137,24,16,160,33
"COG3523",321,35,55,126,355,350,27,61,452,40
"COG3524",123,70,343,70,231,179,146,238,296,36
"COG3525",1307,631,1192,562,1058,2352,2721,1786,376,892
"COG3526",36,11,9,9,32,26,2,27,27,5
"COG3527",16,3,63,3,27,10,73,24,0,4
"COG3528",165,24,96,79,182,129,266,225,61,56
"COG3529",44,1,68,14,82,48,18,6,85,8
"COG3530",37,1,49,5,59,100,97,70,59,1
"COG3531",99,13,18,19,132,155,76,57,109,5
"COG3533",460,162,203,158,840,936,76,1775,148,263
"COG3534",159,82,339,164,316,763,200,1175,112,308
"COG3535",259,70,67,49,193,299,76,274,17,57
"COG3536",133,103,161,101,224,179,192,88,61,99
"COG3537",774,305,628,210,887,2071,3213,3434,115,445
"COG3538",5,33,30,23,73,181,190,156,9,35
"COG3539",9,0,0,3,1,13,0,3,81,0
"COG3540",724,1007,1745,782,2197,1181,1935,1081,657,1032
"COG3541",13,1,1,8,23,37,4,263,26,3
"COG3542",37,63,87,138,55,152,89,268,266,506
"COG3543",1,0,0,0,0,0,0,8,0,0
"COG3544",64,161,181,108,126,411,660,1020,104,731
"COG3545",13,1,0,12,21,39,0,74,35,1
"COG3546",12,0,0,0,0,12,0,114,10,0
"COG3547",3025,36,2831,235,2544,648,89,978,448,33
"COG3548",3,2,2,8,11,26,16,99,9,7
"COG3549",135,14,76,22,61,68,3,57,45,3
"COG3550",382,22,1365,131,982,847,91,1416,939,29
"COG3551",145,100,93,44,130,100,39,152,272,48
"COG3552",883,994,635,855,805,960,961,566,241,586
"COG3553",1,0,1,2,0,11,5,15,28,2
"COG3554",0,4,1,3,2,5,6,63,18,0
"COG3555",45,396,430,535,227,103,569,276,2035,300
"COG3556",11,211,188,439,113,19,23,114,229,436
"COG3558",51,12,48,67,63,76,4,23,50,86
"COG3559",2,0,0,0,0,5,0,1,1,0
"COG3560",2,0,0,0,0,0,0,2,2,0
"COG3561",0,0,0,4,1,1,1,9,3,0
"COG3562",74,89,165,82,63,97,179,221,232,86
"COG3563",71,73,121,89,52,79,233,290,166,65
"COG3564",12,47,90,71,32,84,126,203,136,308
"COG3565",129,802,800,675,489,63,225,75,73,164
"COG3566",0,5,34,0,0,2,14,6,48,0
"COG3567",0,2,6,0,0,5,6,11,70,0
"COG3568",1068,234,348,157,1002,920,681,974,294,167
"COG3569",618,293,420,163,577,1835,390,1960,520,154
"COG3570",13,1,18,3,23,3,44,11,0,4
"COG3571",248,51,205,28,308,259,40,131,210,14
"COG3572",2036,2579,1365,2450,852,1509,1169,1963,546,2456
"COG3573",111,3,4,9,38,101,18,243,33,8
"COG3575",28,2,147,8,86,66,5,17,68,6
"COG3576",601,313,334,435,931,1128,498,1112,307,366
"COG3577",163,43,249,51,356,244,161,292,176,25
"COG3579",854,474,407,261,738,582,602,414,65,399
"COG3580",1535,0,7,0,6,80,0,46,1,1
"COG3581",355,0,1,0,0,39,0,26,1,0
"COG3582",2,1,0,0,4,0,1,1,0,0
"COG3583",34,0,1,1,25,11,0,30,2,1
"COG3584",59,10,9,15,14,54,30,68,221,5
"COG3585",2,0,0,1,2,10,0,0,12,0
"COG3586",125,36,14,42,106,52,74,79,126,62
"COG3587",72,13,36,20,166,153,32,106,89,9
"COG3588",1704,2528,2269,3815,1597,1840,1709,1953,2531,3234
"COG3590",390,208,1319,171,773,1164,1018,1658,786,120
"COG3591",14,2,3,4,29,3,0,2,3,9
"COG3592",6,0,0,0,3,6,2,13,0,0
"COG3593",162,9,16,14,158,2007,90,2756,274,22
"COG3594",18,145,33,43,57,19,22,187,51,33
"COG3595",193,1,5,2,10,168,4,15,24,1
"COG3596",0,2,3,10,2,1,6,33,8,5
"COG3597",32,5,10,26,20,6,7,3,10,16
"COG3598",162,59,29,21,120,21,88,45,2918,42
"COG3599",17,210,91,31,86,4,10,11,102,7
"COG3600",6,0,0,3,23,9,2,54,20,1
"COG3602",48,23,109,29,116,66,79,19,72,46
"COG3603",64,1,76,3,35,126,22,38,44,0
"COG3604",752,75,299,78,612,582,148,195,521,120
"COG3605",768,564,1185,343,1186,1149,1157,901,769,271
"COG3607",6,0,0,4,18,17,1,37,5,2
"COG3608",1301,818,1003,286,1805,1680,695,1058,633,276
"COG3609",58,30,163,24,79,72,12,133,82,10
"COG3610",96,1,282,11,207,167,10,3,250,2
"COG3612",0,2,0,0,0,0,0,0,0,0
"COG3613",24,201,180,198,84,38,68,17,38,27
"COG3614",367,8,68,105,316,611,27,317,512,32
"COG3615",9,0,1,0,0,0,0,0,4,0
"COG3616",916,818,639,581,1578,895,741,731,243,568
"COG3617",10,0,6,3,4,7,3,66,24,12
"COG3618",1554,1393,1304,1108,2990,1874,1195,1691,392,1202
"COG3619",3,0,1,10,6,23,1,120,3,0
"COG3620",183,30,26,16,151,401,211,458,28,27
"COG3621",78,392,257,241,233,195,597,278,140,340
"COG3622",676,419,673,313,1097,867,653,648,335,370
"COG3623",235,66,55,69,242,342,245,179,107,61
"COG3624",2,16,61,16,27,9,3,4,16,25
"COG3625",7,12,67,8,18,14,6,9,22,12
"COG3626",16,17,217,16,45,17,13,14,38,46
"COG3627",12,6,170,21,46,24,11,28,35,26
"COG3628",13,168,139,63,15,45,166,119,2852,90
"COG3629",201,2,20,1,4,3,6,8,3,6
"COG3631",68,60,77,39,123,90,148,100,6,67
"COG3633",65,21,173,13,146,62,5,24,226,2
"COG3634",397,49,486,124,733,539,115,531,442,135
"COG3635",1297,78,73,44,875,1759,96,1423,69,31
"COG3636",7,0,1,6,7,10,9,31,15,5
"COG3637",32,5,83,24,106,84,51,335,23,8
"COG3638",635,952,870,1334,579,566,424,639,545,1150
"COG3639",294,334,453,255,286,1848,874,1468,618,852
"COG3640",312,9,0,3,2,7,5,6,1,27
"COG3641",1,0,0,0,0,1,0,0,1,0
"COG3642",295,215,140,73,298,669,28,717,45,57
"COG3643",640,471,316,184,614,427,557,331,40,242
"COG3644",27,0,34,7,26,11,0,35,8,9
"COG3645",12,0,6,0,1,5,0,77,2,0
"COG3646",25,0,1,0,26,12,1,0,45,0
"COG3647",43,7,12,14,45,35,13,48,9,14
"COG3648",2,5,6,0,0,5,0,2,13,4
"COG3649",16,1,4,5,37,32,0,41,16,1
"COG3650",14,7,8,10,71,57,6,30,41,0
"COG3651",252,1068,1023,1154,620,474,696,452,527,1235
"COG3652",2,2,0,5,25,5,0,57,1,0
"COG3653",4955,2308,2086,1185,5314,4773,2710,3334,544,1643
"COG3654",66,1,39,12,36,44,38,72,51,14
"COG3655",50,21,33,8,31,123,36,194,20,15
"COG3656",125,3,313,18,386,204,8,28,364,1
"COG3657",11,2,3,6,13,15,0,19,13,5
"COG3658",142,70,391,116,233,62,22,14,73,19
"COG3659",476,9,369,29,335,365,42,100,207,5
"COG3660",712,1811,875,1810,669,751,762,970,542,1775
"COG3661",91,0,369,13,144,99,2,491,36,6
"COG3662",95,360,222,400,84,196,187,363,180,193
"COG3663",135,27,16,11,81,125,18,210,11,18
"COG3664",166,78,72,102,87,74,91,122,33,107
"COG3665",1864,3475,2297,2962,1053,2292,1904,1847,1095,2212
"COG3666",3101,30,318,92,836,1366,230,1678,810,90
"COG3667",244,12,205,94,362,542,23,747,357,24
"COG3668",108,17,295,45,202,129,26,232,194,5
"COG3669",828,194,679,268,349,1116,1122,1311,76,482
"COG3670",324,1745,1563,1856,971,1039,1435,1078,548,1818
"COG3671",31,0,10,7,26,10,16,52,37,0
"COG3672",113,11,201,26,137,85,5,80,141,20
"COG3673",163,2,95,7,41,211,138,73,28,8
"COG3675",23,21,168,73,41,46,775,68,3377,130
"COG3676",1422,3,16,10,24,77,16,182,14,7
"COG3677",263,20,95,9,38,127,32,49,54,6
"COG3678",42,0,229,10,94,82,6,0,146,0
"COG3679",0,0,0,0,0,0,0,0,0,0
"COG3680",43,44,25,26,40,32,147,24,17,66
"COG3681",2,0,1,0,0,0,0,1,0,0
"COG3682",46,0,72,4,122,200,12,248,95,2
"COG3683",33,10,9,5,41,12,45,18,18,4
"COG3684",242,77,85,65,38,110,318,99,10,80
"COG3685",16,2,13,2,9,64,3,244,6,2
"COG3686",113,194,192,414,182,72,103,139,170,353
"COG3687",290,46,95,102,413,280,361,321,196,33
"COG3688",91,2,10,2,66,10,1,10,0,10
"COG3689",2,102,28,10,19,13,27,115,166,1
"COG3692",0,0,0,3,0,7,0,0,0,1
"COG3693",334,187,1095,364,520,197,764,709,187,801
"COG3694",251,266,169,579,298,30,70,150,200,581
"COG3695",140,153,230,72,261,247,413,142,199,96
"COG3696",4933,205,7255,897,5405,6244,517,7180,4539,466
"COG3698",7,64,56,37,55,45,87,124,14,16
"COG3700",169,23,5,4,60,69,0,27,0,40
"COG3701",29,2,10,31,34,59,3,284,41,10
"COG3702",2,0,2,2,6,18,3,66,0,0
"COG3703",231,215,186,168,411,278,275,161,48,138
"COG3704",19,4,11,8,17,49,146,224,7,3
"COG3705",876,2566,1335,3205,1050,1005,1311,1690,1058,3217
"COG3706",4428,742,4772,1262,4988,5095,949,1856,4743,1362
"COG3707",367,24,441,30,236,76,38,58,63,2
"COG3708",68,1,20,5,56,138,19,361,54,8
"COG3709",4,13,51,18,121,20,24,26,19,15
"COG3710",296,3,629,43,469,619,17,99,429,9
"COG3711",14,0,12,1,1,48,0,284,1,1
"COG3712",658,107,767,182,622,1001,716,1953,687,51
"COG3713",90,28,225,47,204,280,69,255,254,21
"COG3714",64,4,34,8,100,115,33,127,109,0
"COG3716",1,0,1,0,0,1,0,2,0,0
"COG3717",87,3,130,9,102,149,8,183,72,27
"COG3718",363,527,489,423,222,370,740,274,70,429
"COG3719",11,6,39,14,11,45,40,122,17,8
"COG3720",44,4,4,24,196,16,0,63,13,3
"COG3721",0,0,3,1,11,0,0,0,1,1
"COG3723",17,9,8,50,56,35,37,11,1937,16
"COG3724",221,128,496,147,316,257,143,291,286,137
"COG3725",125,18,184,23,134,155,9,12,162,6
"COG3726",16,0,20,7,28,84,2,0,72,1
"COG3727",224,78,55,152,165,29,0,34,23,22
"COG3728",14,14,12,8,11,8,42,18,787,34
"COG3729",0,0,0,0,0,2,0,0,0,0
"COG3730",4,63,80,34,2,0,56,4,61,34
"COG3731",2,53,54,23,1,0,42,5,29,26
"COG3732",2,129,187,74,8,1,30,1,17,23
"COG3733",81,338,332,291,404,328,129,253,55,360
"COG3734",101,249,274,201,213,119,465,222,33,170
"COG3735",240,11,289,58,310,391,210,448,249,37
"COG3736",26,1,9,5,4,25,5,102,8,0
"COG3737",55,71,49,40,137,64,150,71,10,37
"COG3738",10,4,4,12,69,62,21,47,17,5
"COG3739",28,2,13,6,33,51,5,159,49,2
"COG3740",39,98,119,155,54,32,265,155,7179,24
"COG3741",229,353,290,368,437,499,493,496,45,287
"COG3742",1,0,0,0,0,9,0,73,2,0
"COG3743",34,544,432,282,232,84,242,179,54,152
"COG3744",33,28,60,9,58,22,10,8,38,21
"COG3745",43,5,16,23,119,74,8,282,13,5
"COG3746",370,233,123,200,576,350,151,298,234,150
"COG3747",18,0,4,0,9,2,15,1,1248,0
"COG3748",1904,2264,1794,1912,1129,1956,1590,1599,734,1870
"COG3749",31,13,13,8,36,145,271,124,76,25
"COG3750",11,46,61,46,88,27,157,88,25,26
"COG3751",370,411,575,479,450,513,533,431,4235,302
"COG3752",252,1367,1278,975,1294,568,2981,574,266,1264
"COG3753",0,0,1,0,0,0,0,0,0,0
"COG3754",222,150,215,150,101,94,125,356,722,51
"COG3755",3,1,0,6,20,18,2,56,5,1
"COG3756",23,4,4,39,26,2,4,3,1831,15
"COG3757",9,6,6,20,50,60,76,152,306,16
"COG3758",3,3,8,0,34,7,55,6,23,0
"COG3759",3,0,9,0,5,11,1,65,4,1
"COG3760",256,228,124,280,259,200,180,182,50,257
"COG3761",225,515,254,492,223,257,261,404,152,495
"COG3762",19,6,6,14,152,119,43,213,17,23
"COG3764",400,698,424,439,169,170,143,447,287,204
"COG3765",21,15,14,5,9,26,1,19,15,0
"COG3766",7,10,30,9,37,56,6,50,58,29
"COG3768",101,1,174,11,176,49,2,5,40,0
"COG3769",309,695,576,1323,275,86,117,263,354,1445
"COG3770",3,107,150,76,57,15,256,38,12,47
"COG3771",0,0,1,0,0,0,0,0,1,0
"COG3772",66,86,303,213,62,46,269,144,5221,73
"COG3773",189,373,1078,784,261,192,875,746,5017,337
"COG3774",4,32,41,41,25,21,652,57,1306,163
"COG3775",0,0,7,0,0,0,0,0,1,0
"COG3776",0,0,0,0,0,0,0,0,0,0
"COG3777",157,381,265,431,402,168,190,215,64,408
"COG3778",0,0,1,3,4,1,4,4,2,0
"COG3779",9,0,0,1,7,2,0,0,13,1
"COG3781",33,341,82,45,111,273,191,127,115,58
"COG3782",90,14,33,27,176,136,162,150,79,4
"COG3783",3,0,1,0,0,39,0,0,9,0
"COG3784",40,2,5,8,36,44,5,12,35,4
"COG3785",317,843,633,747,310,486,550,675,218,791
"COG3786",238,663,246,705,229,326,313,371,269,698
"COG3787",52,16,9,2,15,50,33,43,2,7
"COG3788",55,86,176,118,118,113,120,69,96,85
"COG3789",27,1,92,10,83,69,6,16,81,1
"COG3791",1442,1754,1271,1664,1648,2000,1436,1739,625,1457
"COG3793",13,0,2,1,21,35,3,0,23,1
"COG3794",943,1702,1246,1575,1511,872,694,902,1549,1387
"COG3795",17,1,5,8,23,33,1,110,34,0
"COG3797",16,0,3,2,16,85,8,133,2,0
"COG3798",5,0,4,6,4,31,0,102,4,0
"COG3799",6,0,0,0,32,2,0,0,0,0
"COG3800",841,2034,1206,1704,381,874,961,1458,547,1569
"COG3801",0,0,0,0,12,0,0,5,0,0
"COG3802",72,12,1,4,144,75,12,97,19,1
"COG3803",337,843,615,587,511,425,577,340,324,445
"COG3804",305,160,56,30,67,133,54,107,23,27
"COG3805",22,8,12,10,80,4,3,19,15,11
"COG3806",201,213,640,223,497,207,425,82,280,227
"COG3807",313,705,340,722,327,296,421,538,231,683
"COG3808",5889,6383,6477,5342,5261,5555,5367,5244,1763,6480
"COG3809",9,2,0,7,11,15,1,82,5,6
"COG3811",3,0,0,1,5,4,1,5,1,1
"COG3812",9,59,66,75,122,100,66,200,22,67
"COG3813",13,0,24,2,21,16,33,25,16,0
"COG3814",107,172,148,188,189,63,253,215,27,155
"COG3815",17,117,41,49,77,26,0,11,12,32
"COG3816",235,351,478,324,469,302,615,275,220,387
"COG3817",14,0,1,2,3,9,1,48,6,0
"COG3818",206,503,302,351,213,158,563,181,119,367
"COG3819",17,0,0,2,2,15,0,49,5,2
"COG3820",382,978,739,1072,375,414,535,668,313,1063
"COG3821",56,6,27,15,69,47,128,23,65,5
"COG3822",47,115,93,97,37,29,81,32,10,87
"COG3823",186,366,298,173,450,494,809,539,72,286
"COG3824",105,6,10,19,86,96,4,204,10,5
"COG3825",484,1145,964,959,1061,879,1164,722,339,1110
"COG3826",5,1,1,2,12,4,1,7,3,3
"COG3827",19,3,8,5,34,4,0,18,0,1
"COG3828",613,233,485,345,1113,482,592,521,73,432
"COG3829",386,6,49,26,240,172,13,110,205,17
"COG3830",464,183,174,112,338,147,203,117,103,99
"COG3831",3,0,0,3,3,3,1,6,0,1
"COG3832",65,0,144,20,97,119,3,277,93,7
"COG3833",104,460,250,374,104,63,45,244,117,198
"COG3835",9,1,0,3,41,45,6,0,83,0
"COG3836",2122,1945,1247,1535,3123,1665,887,1311,1163,1716
"COG3837",156,36,64,39,94,54,85,111,5,29
"COG3838",20,0,5,11,21,32,4,198,27,3
"COG3839",4322,7606,5579,6480,2409,3638,7492,3705,2173,6061
"COG3840",87,145,108,93,111,42,227,40,28,54
"COG3842",5187,7187,5532,7181,4109,5426,5369,4390,2763,6660
"COG3843",109,8,55,68,120,205,11,809,106,40
"COG3844",1035,768,742,379,739,1362,2239,1172,227,429
"COG3845",2351,3958,2312,3402,1728,3106,3017,2415,1145,2641
"COG3846",50,9,13,37,88,87,4,471,101,7
"COG3847",0,0,0,0,0,1,0,0,0,0
"COG3848",0,6,30,1,15,0,29,1,24,0
"COG3850",253,17,25,35,178,68,49,38,90,14
"COG3851",21,2,7,11,19,39,5,2,10,0
"COG3852",761,884,954,804,974,760,1481,585,449,889
"COG3853",20,3,17,20,52,131,5,279,17,4
"COG3854",150,444,179,66,314,112,98,70,547,30
"COG3855",3,0,2,0,3,1,15,1,2,1
"COG3856",0,0,0,0,0,0,0,3,0,0
"COG3857",304,8,5,15,56,15,2,28,1,40
"COG3858",798,158,111,93,181,370,135,209,40,101
"COG3859",21,0,0,0,14,5,0,3,0,0
"COG3860",3,0,0,0,0,0,1,0,0,0
"COG3861",1,0,0,0,0,0,0,0,2,0
"COG3864",216,401,1226,815,359,92,761,163,12472,370
"COG3865",10,19,10,20,19,47,7,89,23,4
"COG3866",47,2,11,7,100,48,15,3,74,1
"COG3867",42,103,80,48,92,200,311,467,11,84
"COG3868",42,3,4,22,110,124,13,29,190,1
"COG3869",364,25,66,28,304,66,60,48,44,35
"COG3870",1,0,0,0,4,0,0,1,0,0
"COG3871",15,3,30,6,25,158,10,333,87,2
"COG3872",711,294,295,310,283,91,56,67,37,56
"COG3874",68,0,0,0,0,10,0,5,0,0
"COG3875",611,236,49,31,930,975,88,999,76,51
"COG3876",2005,509,786,361,1213,1325,1571,1043,330,530
"COG3877",11,0,0,0,9,3,1,11,0,0
"COG3878",3,1,1,0,9,15,0,0,6,0
"COG3879",2,0,2,1,0,0,0,10,1,1
"COG3880",155,8,31,9,145,29,33,32,6,19
"COG3882",1166,158,66,168,428,1318,190,1579,142,263
"COG3883",34,57,5,12,8,16,0,6,1,0
"COG3884",1,33,11,7,7,1,10,5,2,2
"COG3885",3,0,0,0,6,0,0,0,0,0
"COG3886",311,91,239,67,252,167,48,374,296,48
"COG3887",0,0,5,0,0,0,0,1,1,0
"COG3889",553,47,14,0,406,1716,55,1643,58,0
"COG3890",0,0,0,2,1,0,4,1,0,1
"COG3892",219,682,456,562,110,304,553,237,191,369
"COG3893",276,494,550,367,659,252,1035,679,106,274
"COG3894",2569,782,724,395,729,1334,1446,690,71,424
"COG3895",0,0,0,0,0,3,0,9,0,0
"COG3896",37,5,11,2,34,13,52,12,3,16
"COG3897",92,68,45,35,114,50,56,28,47,24
"COG3898",169,563,413,553,518,163,560,265,74,517
"COG3899",481,77,51,18,487,233,66,211,110,55
"COG3900",3,1,0,0,5,7,1,34,0,0
"COG3901",560,139,609,138,771,350,48,162,452,108
"COG3903",11,1,8,0,23,35,4,103,7,13
"COG3904",4,14,15,6,3,13,32,38,17,13
"COG3905",5,0,0,0,0,0,0,1,0,0
"COG3907",119,96,2,27,45,237,4,107,62,21
"COG3908",112,244,93,235,47,97,73,189,84,247
"COG3909",28,530,367,467,98,59,153,71,103,407
"COG3910",35,67,2,10,13,24,8,10,5,9
"COG3911",27,72,62,92,93,168,468,393,37,96
"COG3913",7,1,1,3,21,33,0,0,7,2
"COG3914",1516,1812,720,1888,1699,1278,1085,1603,809,1959
"COG3915",35,1,1,4,17,27,14,15,27,2
"COG3916",11,0,29,4,10,30,38,125,4,2
"COG3917",1006,2202,1377,2107,1462,967,2100,1046,568,2527
"COG3918",0,0,0,0,0,0,0,3,0,0
"COG3919",103,29,38,27,75,35,115,54,35,23
"COG3920",571,307,124,150,380,974,222,2742,167,81
"COG3921",97,10,23,23,79,105,43,345,77,15
"COG3923",0,0,0,0,0,0,0,0,0,0
"COG3926",105,96,331,311,128,76,242,101,4739,135
"COG3930",55,88,57,48,143,423,54,130,108,36
"COG3931",60,60,40,34,54,201,276,375,28,118
"COG3932",44,5,129,24,96,100,27,149,25,9
"COG3934",20,26,10,0,34,176,42,430,68,2
"COG3935",40,17,11,11,23,5,31,33,2731,1
"COG3936",6,0,0,0,0,1,1,0,1,3
"COG3937",0,63,49,9,19,0,12,1,83,3
"COG3938",865,534,461,371,758,1010,918,674,204,318
"COG3940",109,0,77,14,208,556,14,409,120,1
"COG3941",3,20,98,74,62,121,92,14,4368,39
"COG3942",15,0,10,10,7,64,2,173,10,4
"COG3943",79,7,4,22,111,112,38,228,54,5
"COG3944",12,6,0,2,10,22,0,270,0,0
"COG3945",506,20,8,3,301,670,60,610,57,2
"COG3946",3,0,0,2,3,2,0,4,29,0
"COG3947",36,0,0,1,8,5,2,1,2,13
"COG3948",1,0,1,1,3,28,2,7,23,0
"COG3949",291,45,31,14,52,233,100,193,7,20
"COG3950",38,12,26,9,80,31,1,55,24,5
"COG3951",130,65,326,94,254,131,124,37,322,58
"COG3952",117,85,42,100,110,18,32,92,7,24
"COG3953",0,0,0,0,0,8,0,15,0,0
"COG3954",270,519,656,1221,456,283,276,279,582,1132
"COG3955",0,1,0,3,1,0,6,1,1,13
"COG3956",409,330,65,575,207,299,144,266,109,606
"COG3957",355,9,355,59,255,226,7,941,254,22
"COG3958",1349,749,792,750,1114,1738,1249,1665,982,809
"COG3959",1324,805,633,744,1172,1634,1159,1684,1018,786
"COG3960",6,0,7,7,0,2,1,1,43,0
"COG3961",207,8,20,13,229,30,46,7,16,0
"COG3962",1159,2748,2123,2499,587,898,1515,962,500,2486
"COG3963",181,34,33,9,129,97,146,179,26,13
"COG3964",371,189,160,65,853,96,37,96,17,27
"COG3965",36,5,56,8,74,61,0,21,126,1
"COG3967",6,6,0,8,11,52,4,303,5,6
"COG3968",473,92,199,42,122,262,1283,371,67,80
"COG3969",6,23,19,28,6,1,57,6,1039,13
"COG3970",144,243,103,219,463,122,49,354,33,203
"COG3971",789,1271,1678,1254,1796,737,1396,722,447,1358
"COG3972",14,0,2,16,82,56,0,36,60,0
"COG3973",153,88,15,8,36,694,25,354,10,54
"COG3975",586,627,907,291,578,842,700,1011,790,192
"COG3976",4,0,0,0,0,4,0,20,1,2
"COG3977",275,5,79,57,148,107,107,86,23,66
"COG3978",2,0,0,1,1,18,0,0,15,0
"COG3979",953,1635,1286,564,2093,1782,421,688,626,818
"COG3980",798,226,326,187,716,172,45,130,86,48
"COG3981",23,2,15,8,33,14,1,10,7,6
"COG4006",5,0,0,0,0,0,0,0,0,0
"COG4012",155,0,0,0,0,1,0,2,0,0
"COG4021",1,0,0,2,1,0,0,9,17,1
"COG4032",1095,454,239,423,790,735,238,716,216,438
"COG4034",0,15,1,17,4,0,1,0,0,19
"COG4043",3,0,0,5,1,4,8,10,4,11
"COG4044",0,8,0,1,1,0,0,0,0,0
"COG4046",343,30,8,0,224,1004,39,905,30,0
"COG4063",4,0,0,0,0,5,13,0,0,0
"COG4067",247,270,437,284,353,444,237,369,380,165
"COG4083",12,137,131,87,90,37,9,21,21,41
"COG4085",288,1,8,7,11,35,18,18,3,0
"COG4087",1,0,0,3,1,4,0,18,17,0
"COG4088",0,21,3,0,2,0,2,0,1,2
"COG4091",291,1308,823,1145,410,382,539,577,339,900
"COG4092",0,0,0,0,2,0,0,0,5,0
"COG4093",4,0,5,7,1,9,0,17,2,0
"COG4094",107,64,118,172,52,197,185,241,252,572
"COG4095",44,50,108,34,57,64,141,75,91,26
"COG4096",641,348,963,469,1075,963,264,580,847,455
"COG4097",105,6,4,20,90,84,21,216,87,9
"COG4099",730,280,421,182,1425,742,740,505,87,296
"COG4100",3,583,545,1734,172,2,53,329,419,1604
"COG4101",69,126,114,68,252,126,29,104,11,79
"COG4102",1162,1390,1323,982,2581,324,427,290,2713,289
"COG4103",402,395,410,320,462,299,431,207,160,369
"COG4104",29,23,25,41,38,34,18,13,120,14
"COG4105",1709,2064,1479,2005,1743,1565,2286,1598,767,2203
"COG4106",41,70,11,17,118,63,23,25,46,14
"COG4107",8,8,132,25,25,17,8,9,25,22
"COG4108",822,1095,1802,2319,1523,1078,2658,1289,1058,2379
"COG4110",7,1,3,12,45,9,0,4,5,1
"COG4111",12,5,7,13,22,14,0,37,4,12
"COG4112",10,1,39,6,85,20,34,18,16,0
"COG4113",6,0,0,0,7,11,0,8,1,0
"COG4114",20,2,0,4,6,45,1,7,22,0
"COG4115",44,11,87,6,36,8,9,18,12,2
"COG4117",48,5,2,10,38,114,3,207,6,2
"COG4118",5,4,1,2,1,2,2,0,0,0
"COG4119",0,0,1,1,4,15,3,77,8,1
"COG4120",61,0,4,13,18,2,0,3,3,2
"COG4121",394,855,1119,1256,1001,720,1501,552,618,1205
"COG4122",229,342,171,312,178,1582,1129,1732,473,1338
"COG4123",55,83,106,54,118,283,793,283,201,223
"COG4124",28,4,23,9,44,245,12,391,21,6
"COG4125",16,1,1,3,16,11,2,14,46,1
"COG4126",501,257,235,373,352,524,271,359,53,312
"COG4127",20,47,41,17,50,34,22,72,37,4
"COG4128",12,0,2,5,20,22,0,0,5,1
"COG4129",1,0,1,0,0,0,0,1,2,0
"COG4130",30,18,15,22,17,33,53,23,11,9
"COG4132",20,1,0,1,5,4,0,2,40,0
"COG4133",415,608,637,676,653,488,1030,494,245,701
"COG4134",130,185,314,272,161,38,50,23,25,59
"COG4135",96,236,419,315,173,146,133,102,85,250
"COG4136",39,62,133,104,74,33,30,19,28,53
"COG4137",293,77,373,81,327,326,391,87,235,102
"COG4138",13,1,38,0,24,40,1,1,100,1
"COG4139",0,0,1,0,0,0,0,0,0,0
"COG4143",439,727,401,419,358,584,389,395,102,430
"COG4145",556,228,386,148,891,474,483,244,78,206
"COG4146",3806,1420,2678,1023,2501,2336,3140,1772,788,1714
"COG4147",1091,3847,4747,3576,2114,1617,2284,1512,1428,4239
"COG4148",451,144,487,255,849,495,594,328,257,231
"COG4149",482,193,423,198,556,551,440,465,162,170
"COG4150",81,1,4,8,64,48,4,29,105,0
"COG4152",255,125,161,115,242,389,974,731,46,203
"COG4154",151,203,204,330,118,149,156,184,40,349
"COG4158",23,28,12,32,30,25,6,29,12,25
"COG4160",606,720,459,756,288,643,405,716,387,697
"COG4161",0,0,0,0,0,0,0,0,0,0
"COG4166",3108,2186,2033,1853,3873,2586,3185,2159,676,2252
"COG4167",48,1,196,6,113,119,3,3,119,1
"COG4168",0,0,0,0,0,0,0,0,0,0
"COG4170",49,0,228,10,151,125,2,3,172,0
"COG4171",61,0,210,7,102,105,1,2,157,1
"COG4172",1106,1711,1169,1372,1582,1022,1972,970,346,1649
"COG4174",1018,673,556,583,1365,728,727,604,170,629
"COG4175",2146,3092,3181,2726,1187,3078,2888,2520,899,2377
"COG4176",3404,5130,5095,4696,1637,4557,4393,3768,1504,3962
"COG4177",6849,7428,5875,6789,3946,6255,3867,5242,2578,6311
"COG4178",9,947,881,1926,314,12,121,379,766,1865
"COG4181",627,757,741,737,702,755,662,651,337,766
"COG4185",48,3,0,13,35,30,4,121,16,3
"COG4186",6,7,58,20,9,32,131,217,73,7
"COG4187",0,1,0,0,3,1,0,0,1,0
"COG4188",1302,1051,1205,1769,938,720,904,854,969,1510
"COG4189",0,4,3,0,0,2,5,15,0,0
"COG4190",10,0,9,2,7,7,1,25,16,0
"COG4191",391,194,214,126,356,653,829,418,443,103
"COG4193",0,10,26,4,2,0,67,1,0,7
"COG4195",34,89,22,13,39,90,10,35,4,7
"COG4196",416,19,112,88,408,583,13,486,305,31
"COG4198",2156,686,348,462,1046,1513,1108,1282,229,514
"COG4199",0,3,2,0,1,0,12,0,0,0
"COG4200",2,0,0,3,1,4,0,21,1,0
"COG4206",3201,1515,2919,1429,2901,2731,4309,3277,1529,1489
"COG4208",62,4,11,12,52,71,10,45,132,4
"COG4209",16,11,10,19,26,5,19,8,2,19
"COG4213",25,19,82,44,44,63,276,204,22,35
"COG4214",20,33,86,49,50,63,355,268,29,24
"COG4215",581,781,607,833,251,738,397,633,359,854
"COG4219",140,8,219,20,249,248,34,344,214,1
"COG4220",8,2,3,5,3,3,53,6,136,12
"COG4221",1270,923,1368,840,2164,2084,1216,2272,955,776
"COG4222",136,14,417,50,496,286,250,218,250,44
"COG4223",4,91,119,59,81,45,253,33,16,33
"COG4225",266,47,407,21,515,128,18,72,47,5
"COG4226",5,0,6,5,13,9,1,6,1,2
"COG4227",138,103,239,267,252,251,184,676,6492,138
"COG4228",4,4,3,3,8,1,8,2,8,0
"COG4229",48,98,74,24,77,127,13,17,175,3
"COG4230",1398,936,2016,1123,1529,1823,3443,1336,1172,1082
"COG4231",4032,1831,1140,1347,1945,1492,1530,1174,327,1314
"COG4232",2850,2324,2067,1964,3201,2765,4695,2816,973,2545
"COG4233",471,1400,844,1229,1251,580,1523,1123,180,1392
"COG4235",523,317,760,284,886,515,855,283,340,240
"COG4239",269,129,130,115,282,695,629,532,177,510
"COG4240",838,1660,989,1958,627,895,633,1032,860,1851
"COG4241",0,236,147,557,87,2,29,117,224,516
"COG4242",741,56,33,46,316,258,54,255,68,31
"COG4243",59,622,428,1206,196,38,54,512,563,1197
"COG4244",78,41,137,13,177,31,39,83,205,1
"COG4245",80,4,9,2,25,20,10,8,45,2
"COG4246",52,89,44,96,129,91,4,193,23,44
"COG4247",300,356,697,295,485,506,421,502,358,557
"COG4248",51,14,3,10,45,43,29,8,1,7
"COG4249",2288,420,357,374,708,564,203,661,112,363
"COG4251",424,27,1316,102,1024,1399,282,2625,902,45
"COG4252",2874,1492,3049,1750,1630,1093,1373,1085,13689,1823
"COG4253",13,5,1,22,26,51,11,127,36,3
"COG4254",295,115,63,182,238,120,35,83,1392,113
"COG4255",2,2,0,4,38,6,18,3,0,3
"COG4256",0,0,0,0,0,0,0,2,0,0
"COG4257",1219,109,199,35,1275,2491,254,2365,141,33
"COG4258",194,2,1,12,34,262,44,471,67,10
"COG4259",29,1,9,1,12,4,10,10,10,0
"COG4260",53,21,26,58,123,138,56,57,23,26
"COG4261",103,0,0,8,6,79,9,182,39,0
"COG4262",388,12,32,8,330,278,147,142,69,12
"COG4263",290,53,1,33,62,33,133,35,47,8
"COG4264",158,2,20,20,128,38,2,5,60,0
"COG4266",702,1046,397,636,344,802,477,798,279,370
"COG4267",26,1,2,5,33,60,4,1,92,2
"COG4268",202,59,54,73,194,320,105,188,104,61
"COG4269",198,155,40,62,201,276,35,206,75,42
"COG4270",90,289,153,157,270,201,416,242,61,246
"COG4271",19,1,0,6,43,69,7,105,35,0
"COG4273",26,0,0,0,2,1,1,0,4,1
"COG4274",245,448,219,437,150,196,83,259,166,433
"COG4275",33,6,110,12,72,69,41,82,135,2
"COG4276",217,532,358,213,960,84,68,42,19,60
"COG4277",47,4,223,16,131,370,44,450,199,2
"COG4278",40,25,71,19,75,53,5,73,39,29
"COG4279",5,231,81,27,49,1,53,13,299,3
"COG4280",1,0,0,0,0,9,0,13,0,0
"COG4281",75,69,15,37,86,133,29,54,21,51
"COG4282",0,0,0,1,3,4,0,1,0,0
"COG4283",0,0,1,0,2,2,28,5,1,0
"COG4284",437,101,84,41,391,93,90,87,43,87
"COG4285",16,0,0,0,1,1,0,1,0,9
"COG4286",1,8,3,0,0,12,113,8,30,10
"COG4287",869,117,170,72,485,366,356,231,37,115
"COG4288",14,4,17,2,2,4,6,9,0,5
"COG4289",75,0,4,0,28,310,9,260,10,10
"COG4290",0,0,0,0,0,0,0,0,0,0
"COG4291",1,4,11,9,0,12,0,58,1,3
"COG4292",39,0,4,2,36,101,2,10,27,1
"COG4293",148,33,20,12,203,276,17,247,20,6
"COG4294",15,260,1326,896,228,5,1236,87,10400,218
"COG4295",14,0,1,0,12,32,0,7,2,0
"COG4297",1,1,2,1,32,22,0,14,3,0
"COG4298",3,0,0,1,13,13,2,2,2,2
"COG4299",660,246,300,178,403,492,470,453,110,243
"COG4300",1,0,3,3,2,22,0,144,4,2
"COG4301",389,199,221,358,654,1371,215,1721,255,482
"COG4302",32,0,8,5,34,60,16,117,86,1
"COG4303",201,1,59,36,179,137,15,218,152,4
"COG4304",0,0,0,0,0,0,0,0,0,0
"COG4305",0,4,0,0,19,0,0,0,6,0
"COG4307",193,25,74,44,135,240,36,116,65,55
"COG4308",66,60,42,14,48,45,86,54,5,10
"COG4310",670,353,177,442,377,481,128,597,317,398
"COG4311",365,734,667,672,254,397,531,399,226,683
"COG4312",8,2,3,3,33,11,7,49,27,3
"COG4313",39,0,5,8,10,13,2,22,17,8
"COG4314",42,0,1,4,14,5,4,3,18,0
"COG4315",0,3,6,3,6,6,6,11,2,7
"COG4317",0,0,0,0,0,1,0,5,0,0
"COG4318",0,142,55,19,31,6,16,7,233,1
"COG4319",85,9,110,7,128,60,27,27,98,10
"COG4320",57,10,319,22,112,183,3,23,179,9
"COG4321",39,46,47,66,74,24,137,28,35,42
"COG4322",25,5,21,15,18,0,12,1,51,9
"COG4323",84,104,139,100,145,126,217,122,372,135
"COG4324",398,100,51,48,327,387,80,213,104,59
"COG4325",138,8,260,43,297,608,5,823,298,10
"COG4326",3,0,1,1,0,67,0,2,17,0
"COG4327",138,480,518,528,306,222,378,212,223,633
"COG4328",0,6,23,8,33,0,26,2,57,3
"COG4329",1,0,0,1,1,2,0,3,3,0
"COG4330",5,0,0,2,11,49,1,12,0,0
"COG4331",0,0,0,0,0,1,0,0,1,0
"COG4332",0,0,0,0,0,0,0,6,0,0
"COG4333",74,325,267,565,162,124,447,243,252,672
"COG4334",4,0,0,0,5,10,0,60,1,0
"COG4335",7,3,0,8,59,5,73,11,2,3
"COG4336",249,161,250,86,311,229,246,136,72,85
"COG4337",62,481,481,415,424,70,618,69,191,405
"COG4338",3,21,18,36,31,4,66,34,12,51
"COG4339",59,34,12,2,44,43,6,261,23,4
"COG4340",34,10,6,18,46,90,28,61,162,20
"COG4341",797,1383,1081,1271,691,1424,982,1164,450,1222
"COG4347",4,0,0,0,3,2,0,0,0,0
"COG4352",9,11,2,0,1,0,1,0,13,0
"COG4353",0,0,0,0,1,0,0,0,0,0
"COG4354",229,428,187,49,138,5,78,16,535,13
"COG4357",0,0,0,0,4,5,0,0,3,0
"COG4359",54,18,8,0,44,23,0,16,5,0
"COG4360",0,84,45,192,24,2,26,158,294,733
"COG4362",2,17,41,13,52,0,21,1,1,9
"COG4365",104,236,222,213,308,74,474,117,15,98
"COG4370",4,842,736,2522,311,4,93,437,741,2137
"COG4371",1,198,75,18,57,0,37,1,267,0
"COG4372",2,423,272,676,137,1,43,141,393,702
"COG4373",44,1,3,7,97,123,3,44,548,13
"COG4374",1,0,0,0,0,13,6,12,0,0
"COG4377",2,0,0,0,0,0,0,0,0,0
"COG4379",1,1,2,5,6,2,4,8,3,0
"COG4380",31,1,29,10,31,17,18,10,33,2
"COG4381",0,2,0,1,6,2,4,3,3,0
"COG4382",11,0,3,6,43,47,0,14,46,0
"COG4383",49,4,4,9,96,163,39,74,935,10
"COG4384",0,0,3,2,4,4,1,1,5,0
"COG4385",3,1,1,0,12,18,0,2,22,0
"COG4386",5,1,7,4,10,3,10,11,11,0
"COG4387",15,1,0,4,24,22,1,4,27,0
"COG4388",32,4,2,8,56,21,1,46,651,1
"COG4389",3,0,0,3,2,2,0,5,3,0
"COG4390",0,1,1,0,0,0,6,0,2,0
"COG4391",56,23,29,12,45,39,91,39,20,17
"COG4392",5,10,10,1,3,35,19,2,8,13
"COG4393",24,1,0,3,0,12,0,14,1,0
"COG4394",1,5,4,5,31,3,0,1,36,0
"COG4395",446,1198,673,1134,537,453,614,746,426,1152
"COG4396",7,0,0,0,0,22,0,0,3,0
"COG4397",38,1,2,3,54,19,4,30,80,0
"COG4398",453,443,187,103,713,571,104,340,407,55
"COG4399",158,21,271,33,313,210,36,44,169,18
"COG4401",44,263,204,342,139,29,115,74,160,333
"COG4402",23,2,5,1,45,1,8,3,5,4
"COG4403",60,14,7,30,27,25,35,91,18,8
"COG4405",12,23,9,6,25,95,103,41,8,4
"COG4409",295,86,302,108,863,245,445,189,42,143
"COG4412",668,295,216,109,441,1170,228,741,149,553
"COG4413",74,2,1,4,0,1,1,7,0,0
"COG4420",24,25,5,10,25,48,5,175,41,2
"COG4421",491,499,302,648,152,433,201,469,1670,499
"COG4422",29,0,4,5,61,25,4,82,62,4
"COG4423",3,0,0,0,1,3,0,6,0,0
"COG4424",14,0,8,2,15,22,1,35,31,3
"COG4425",6,7,6,23,3,1,4,20,1,1
"COG4427",21,4,23,13,22,37,102,150,14,9
"COG4430",35,3,8,50,52,217,14,299,11,1
"COG4445",215,323,599,707,569,384,613,321,447,689
"COG4446",63,229,213,694,184,125,27,199,163,581
"COG4447",507,407,952,988,781,595,600,673,643,1218
"COG4448",943,1363,1036,1208,955,813,631,902,476,1232
"COG4449",1,1,0,0,0,0,0,1,2,0
"COG4451",22,253,160,534,105,23,35,36,37,140
"COG4452",11,2,5,5,24,185,36,111,59,4
"COG4453",35,2,13,5,8,3,0,4,11,0
"COG4454",144,187,229,290,214,137,41,69,358,270
"COG4455",9,0,4,0,14,23,2,2,9,0
"COG4456",5,9,4,3,7,15,3,8,1,1
"COG4457",43,3,2,5,14,3,58,4,1,3
"COG4458",25,2,1,4,7,1,44,2,0,4
"COG4459",0,0,0,0,1,0,0,0,1,0
"COG4460",3,0,0,0,0,0,0,1,0,0
"COG4461",7,0,14,2,8,6,78,10,2,0
"COG4464",214,52,189,45,264,165,256,139,97,72
"COG4468",57,0,0,0,0,0,0,0,0,0
"COG4469",1,0,1,0,1,0,3,0,0,0
"COG4474",0,2,1,0,1,1,0,0,28,0
"COG4481",7,0,0,0,0,3,0,0,0,0
"COG4485",3,0,3,0,6,0,0,0,0,0
"COG4487",299,787,529,1381,358,142,422,475,555,1299
"COG4496",44,48,31,24,12,20,73,14,6,37
"COG4502",5,1,88,0,10,69,145,76,6,0
"COG4517",133,103,204,99,214,162,294,122,104,148
"COG4518",0,0,0,0,0,0,1,0,0,0
"COG4519",1,0,1,0,2,2,0,1,23,1
"COG4520",48,23,16,14,56,84,74,76,159,63
"COG4521",912,1211,1448,1202,203,975,809,805,390,1118
"COG4525",655,869,756,912,148,864,661,705,275,818
"COG4529",9,136,41,81,103,239,19,260,16,84
"COG4530",1,6,13,14,8,3,39,33,3,57
"COG4531",263,1524,1226,1517,483,311,674,359,509,1722
"COG4533",4,0,2,0,0,0,0,0,1,0
"COG4535",464,451,700,499,580,524,1126,311,280,591
"COG4536",885,1296,1316,1271,1480,818,2068,679,562,1625
"COG4538",2,0,1,0,1,71,0,6,27,0
"COG4539",39,28,97,19,75,77,40,17,137,33
"COG4540",2,0,4,1,6,17,0,10,26,1
"COG4541",0,0,0,0,0,0,1,0,0,0
"COG4542",19,0,0,0,20,21,0,19,0,2
"COG4544",56,62,24,59,194,105,37,243,15,35
"COG4547",1312,3918,2629,3844,1500,1401,2155,2216,1360,4105
"COG4548",882,135,293,87,541,828,655,506,863,141
"COG4549",3,1,3,0,2,7,22,19,9,1
"COG4551",33,1,24,2,43,28,2,2,24,0
"COG4552",130,24,33,12,167,139,4,93,14,23
"COG4553",167,204,204,223,205,98,239,326,38,155
"COG4555",499,478,490,383,542,483,157,413,231,358
"COG4558",33,20,154,77,747,70,29,297,127,23
"COG4559",67,17,56,66,641,86,78,289,141,52
"COG4564",67,1,23,11,168,216,117,1464,85,13
"COG4565",12,24,2,2,1,138,0,37,31,8
"COG4566",121,10,46,50,158,215,68,575,120,17
"COG4567",448,1036,979,987,351,445,426,498,378,950
"COG4568",9,1,19,3,39,17,0,1,51,0
"COG4569",110,72,241,83,191,54,254,88,74,52
"COG4570",11,20,24,19,19,0,58,7,2239,2
"COG4572",2,0,0,0,2,0,0,2,2,0
"COG4573",9,12,44,10,11,114,305,69,33,5
"COG4574",1,0,7,4,24,2,14,0,25,0
"COG4575",8,0,1,0,1,3,0,3,11,0
"COG4576",25,11,8,3,44,23,17,17,3,0
"COG4577",69,289,324,410,342,63,51,123,277,488
"COG4578",0,0,0,0,0,0,0,1,0,0
"COG4579",636,154,604,119,443,1082,806,312,459,96
"COG4580",81,2,1,6,31,13,1,12,57,37
"COG4581",509,1920,1691,3677,980,738,1316,1738,1811,3420
"COG4582",118,58,256,49,180,152,29,87,150,29
"COG4583",481,823,647,772,345,436,763,472,266,740
"COG4584",5713,46,2322,256,2708,1436,547,3258,1843,82
"COG4585",1195,57,708,140,966,1686,243,2202,786,57
"COG4586",292,362,238,691,431,39,86,178,327,681
"COG4587",260,233,204,524,284,37,56,163,188,592
"COG4588",1,0,4,3,10,3,0,47,3,0
"COG4589",24,51,48,51,207,61,122,21,80,55
"COG4590",196,60,684,76,482,416,121,20,542,81
"COG4591",6503,3852,2879,3478,3862,5461,6282,5062,1365,3990
"COG4592",0,0,0,0,7,33,1,2,14,0
"COG4594",3,0,1,0,12,2,0,1,7,0
"COG4597",1313,3081,1998,2619,1249,1370,1439,1480,1246,2298
"COG4598",328,112,132,138,132,440,214,374,140,121
"COG4603",1612,2568,1767,2324,1270,2144,1957,1640,759,1888
"COG4604",6,0,1,1,13,6,0,81,2,0
"COG4605",3,0,2,0,7,10,0,111,4,0
"COG4606",6,0,0,0,7,6,0,122,3,3
"COG4607",27,1,2,5,29,14,0,126,33,2
"COG4608",3778,2150,1079,994,2370,3872,1459,3332,359,964
"COG4615",62,3,22,15,82,99,39,44,73,19
"COG4618",83,38,241,71,148,135,150,81,110,31
"COG4619",66,69,3,21,40,119,10,55,4,12
"COG4623",421,206,656,225,612,588,833,420,497,296
"COG4624",4,9,1,0,3,1,0,1,6,4
"COG4625",72,226,117,221,449,65,86,773,113,258
"COG4626",108,45,67,38,134,158,220,141,6872,20
"COG4627",81,122,63,150,78,53,95,71,310,123
"COG4628",29,0,27,2,47,80,126,6,81,1
"COG4630",1763,1784,954,1199,855,1767,948,1456,652,664
"COG4631",2187,2680,1698,1798,1326,2784,1593,2142,1022,1239
"COG4632",296,61,24,23,141,137,10,213,9,26
"COG4633",68,0,152,8,116,94,1,4,133,5
"COG4634",15,13,1,0,4,0,0,13,2,1
"COG4635",13,194,86,242,343,12,275,148,275,251
"COG4636",19,1,2,1,18,2,1,17,1,3
"COG4637",57,1,13,10,118,77,42,158,85,5
"COG4638",5604,6850,6453,5412,9698,8628,9054,7913,2158,5547
"COG4639",9,121,27,79,49,47,1,97,287,57
"COG4641",202,68,250,71,433,133,121,179,5346,63
"COG4642",4277,2721,854,916,1275,5487,2514,3196,430,1156
"COG4643",394,249,378,462,320,262,219,372,4605,116
"COG4644",1159,88,4652,533,3212,1601,85,1894,2719,100
"COG4645",18,0,69,5,32,31,1,97,6,0
"COG4646",48,9,1822,53,329,159,84,1018,1080,24
"COG4647",41,1,14,1,7,3,1,7,7,5
"COG4648",32,1,0,1,7,7,1,3,7,0
"COG4649",58,134,48,117,176,36,77,87,11,105
"COG4650",50,0,1,6,38,43,0,90,55,0
"COG4651",297,158,491,190,453,335,209,142,314,300
"COG4653",52,35,141,102,127,106,168,293,5456,28
"COG4654",9,13,43,16,103,27,80,13,61,11
"COG4655",5,0,4,7,13,40,3,6,7,1
"COG4656",683,20,530,75,453,634,141,150,486,39
"COG4657",242,21,199,38,166,217,98,58,187,44
"COG4658",536,27,328,77,261,324,158,88,243,61
"COG4659",236,14,244,41,170,235,84,59,165,37
"COG4660",260,15,226,47,177,282,124,68,181,51
"COG4662",445,512,350,433,368,278,326,252,77,402
"COG4663",3823,6257,6043,5229,2470,3095,3871,2693,1992,5405
"COG4664",5091,7832,6652,6667,3272,4167,4930,3764,2231,6517
"COG4665",1945,2670,1878,2171,904,1548,1514,1408,906,2275
"COG4666",3128,3726,2337,2645,2176,2954,2578,2359,1350,2255
"COG4667",196,110,521,167,304,252,123,30,314,162
"COG4668",116,180,152,148,16,103,89,101,164,64
"COG4669",0,1,0,2,25,5,0,20,1,12
"COG4670",292,204,65,116,47,132,42,95,59,123
"COG4671",70,39,72,94,426,31,95,53,255,54
"COG4672",41,60,364,499,68,8,259,43,17949,71
"COG4674",414,336,414,817,413,367,165,389,389,819
"COG4675",20,136,434,236,107,15,170,157,1362,133
"COG4676",80,7,7,2,57,21,7,8,13,1
"COG4677",334,1,305,22,620,442,15,174,708,3
"COG4678",10,274,114,28,34,14,79,2,408,2
"COG4679",38,2,13,6,12,43,1,31,35,5
"COG4680",28,1,92,2,18,25,2,73,21,3
"COG4681",103,3,159,17,159,41,32,35,37,0
"COG4682",8,1,27,2,22,32,2,18,44,0
"COG4683",7,2,0,2,41,10,0,63,17,0
"COG4688",71,1,282,10,150,57,4,6,232,0
"COG4689",12,20,30,18,17,11,17,18,1,22
"COG4690",298,27,33,12,80,44,62,55,12,10
"COG4691",5,0,1,4,6,4,0,10,16,0
"COG4692",378,169,206,19,402,310,74,314,136,19
"COG4693",0,0,0,0,0,0,0,0,0,0
"COG4694",35,2,2,10,40,116,13,68,20,6
"COG4695",177,188,523,470,239,173,999,470,18250,79
"COG4696",9,9,16,7,9,1,45,2,1055,3
"COG4700",117,2,1,2,94,38,22,40,26,0
"COG4701",0,0,2,0,0,45,0,0,15,0
"COG4702",1,0,1,0,0,2,1,9,3,2
"COG4704",117,271,87,135,119,110,499,207,20,160
"COG4705",7,1,23,3,17,28,0,85,8,1
"COG4706",34,1,1,0,3,33,2,11,17,0
"COG4710",14,0,0,0,0,0,3,0,0,0
"COG4711",13,0,0,0,0,0,0,2,0,0
"COG4712",12,6,9,11,25,0,2,0,506,0
"COG4713",1,1,0,2,1,41,1,65,0,1
"COG4714",22,4,18,9,16,11,2,24,44,14
"COG4715",43,1,2,0,5,5,0,5,7,1
"COG4716",12,3,3,10,56,28,2,73,7,1
"COG4717",267,11,101,5,385,113,51,123,34,5
"COG4718",6,10,65,48,13,0,30,2,3995,9
"COG4719",2,0,0,1,11,3,0,0,1,0
"COG4720",0,0,3,0,0,0,0,0,0,0
"COG4721",1,0,0,2,2,24,0,117,1,4
"COG4723",11,19,121,306,52,0,82,16,9259,41
"COG4724",0,0,16,1,3,17,0,60,0,3
"COG4725",40,122,217,229,70,53,139,89,5434,88
"COG4726",0,0,0,2,0,0,0,0,21,0
"COG4727",0,1,0,0,11,2,0,0,1,0
"COG4728",51,6,71,13,105,55,43,5,86,15
"COG4729",2,0,0,0,0,22,0,4,25,0
"COG4731",36,111,85,142,119,221,304,251,45,115
"COG4733",136,180,1702,2044,405,103,1228,192,78529,425
"COG4734",3,2,20,7,17,5,12,7,103,2
"COG4735",2,0,0,3,26,5,1,13,17,0
"COG4736",3,0,24,1,24,20,0,1,35,1
"COG4737",3,2,59,1,25,35,4,22,36,4
"COG4738",3,19,20,4,2,0,0,0,2,5
"COG4741",105,42,68,41,31,99,127,112,403,5
"COG4742",109,0,1,0,0,411,0,358,0,0
"COG4743",18,9,0,0,1,0,0,0,1,0
"COG4744",0,0,0,0,0,3,1,2,8,0
"COG4745",108,106,16,7,193,87,1,39,10,4
"COG4746",0,0,0,0,0,0,0,1,0,0
"COG4747",103,9,42,20,104,31,14,27,3,15
"COG4748",20,26,14,37,49,27,55,255,21,50
"COG4750",34,0,2,1,5,36,21,24,4,3
"COG4752",74,24,3,9,63,37,3,18,3,25
"COG4753",488,37,777,63,709,827,456,812,634,59
"COG4754",0,0,1,2,4,0,0,0,1,2
"COG4757",32,5,54,6,53,158,20,57,223,3
"COG4759",76,62,7,13,39,167,5,63,11,13
"COG4760",579,649,658,494,858,567,800,541,78,717
"COG4762",0,2,1,0,67,29,2,88,2,3
"COG4763",3,0,16,0,6,16,0,26,2,2
"COG4764",569,1197,836,1204,505,674,802,599,448,1209
"COG4765",232,460,238,467,141,236,165,402,173,489
"COG4766",245,5,74,0,41,423,107,284,13,5
"COG4767",1,1,9,6,1,1,2,2,0,1
"COG4769",42,1,1,2,0,26,0,15,0,0
"COG4770",2630,3533,3053,3015,3452,4073,3410,3896,1154,2692
"COG4771",4950,1577,2973,1297,4156,3692,7607,2831,2178,2027
"COG4772",1528,941,3016,1023,2421,1300,4848,847,1629,1572
"COG4773",335,11,562,83,586,689,24,198,862,8
"COG4774",279,1032,1591,927,1187,485,327,461,735,1110
"COG4775",6992,6228,4874,6389,5517,4572,7005,4848,2537,7764
"COG4776",65,4,11,2,9,43,2,7,46,2
"COG4778",7,11,97,27,22,13,30,6,25,11
"COG4779",1,0,0,2,34,23,0,0,20,0
"COG4781",0,0,4,0,4,0,0,0,0,0
"COG4782",10,1,3,9,60,22,86,46,15,6
"COG4783",1082,1181,1265,1151,1542,1245,1942,1085,514,1374
"COG4784",147,67,76,56,134,338,442,589,151,272
"COG4785",47,2,194,5,121,98,2,3,111,0
"COG4786",411,733,702,650,1080,154,126,211,89,139
"COG4787",136,273,410,277,354,214,259,194,258,233
"COG4789",2,1,1,3,66,15,1,60,3,17
"COG4790",0,0,0,1,11,1,0,11,0,5
"COG4791",2,1,0,3,14,4,1,36,3,9
"COG4792",1,0,0,2,19,4,4,4,2,7
"COG4794",1,0,0,0,7,2,0,0,0,1
"COG4795",154,28,413,46,258,240,169,83,241,48
"COG4796",1649,1034,1187,1363,1645,1374,586,947,1033,1365
"COG4797",14,0,0,0,15,0,3,0,0,1
"COG4798",802,428,640,347,642,662,738,507,270,375
"COG4799",6048,6594,5489,4551,8024,7040,6497,5857,1702,5004
"COG4801",0,0,0,0,0,0,0,0,1,0
"COG4802",19,77,36,14,16,19,21,11,123,3
"COG4803",0,1,7,0,0,6,21,6,4,2
"COG4804",17,2,3,6,68,48,4,85,44,3
"COG4805",3004,2006,2982,1849,2422,3198,3381,4420,1601,1842
"COG4806",33,2,46,0,3,5,58,4,0,12
"COG4807",67,5,185,11,121,82,190,14,149,1
"COG4809",13,0,0,0,0,2,0,2,0,0
"COG4813",91,61,33,75,200,49,37,51,26,94
"COG4815",1,0,0,0,6,5,1,66,0,0
"COG4819",6,15,16,33,210,7,0,16,7,7
"COG4821",75,93,57,78,150,87,60,89,16,103
"COG4823",14,2,151,7,101,48,4,34,56,0
"COG4825",3,7,7,0,18,3,0,5,3,1
"COG4826",107,14,5,6,94,46,3,80,8,1
"COG4828",1,0,6,0,1,3,2,7,5,0
"COG4829",13,0,6,0,18,6,0,12,35,0
"COG4830",51,13,10,1,63,164,9,186,12,0
"COG4832",364,2,1,1,3,76,3,175,2,0
"COG4833",4,1,17,0,3,9,133,167,1,0
"COG4834",0,5,33,1,1,4,9,7,22,0
"COG4842",0,0,0,0,0,1,0,2,0,0
"COG4843",15,166,137,156,54,9,104,25,77,101
"COG4845",11,0,1,1,14,124,118,104,16,1
"COG4848",3,0,4,0,3,3,1,0,18,1
"COG4849",26,1,60,7,65,40,2,52,59,0
"COG4850",38,12,30,11,74,320,32,678,37,9
"COG4852",22,78,102,101,138,56,164,47,40,111
"COG4856",8,0,3,0,21,3,0,3,2,0
"COG4857",75,334,174,144,135,174,192,76,108,154
"COG4859",3,1,0,0,4,1,0,5,0,0
"COG4860",22,7,0,4,10,17,0,11,1,5
"COG4861",55,0,59,9,82,44,4,68,54,1
"COG4864",1025,153,268,121,595,393,243,297,34,206
"COG4865",35,1,2,0,16,30,3,11,2,0
"COG4866",8,4,1,0,16,17,0,3,1,1
"COG4867",266,206,274,176,409,417,945,415,46,291
"COG4869",28,4,17,0,132,24,23,19,4,5
"COG4870",107,165,442,153,259,128,426,254,634,157
"COG4872",11,1,1,1,32,19,1,31,4,2
"COG4874",273,405,278,322,481,442,1292,354,206,445
"COG4875",71,56,54,21,157,240,64,193,45,35
"COG4877",13,6,6,3,6,0,1,1,0,0
"COG4878",1,0,2,1,11,42,0,76,5,0
"COG4880",451,652,749,206,958,581,219,236,138,190
"COG4886",3088,1288,860,681,3649,2194,2068,1746,3288,676
"COG4887",60,0,0,0,1,0,0,0,1,0
"COG4888",1,7,3,0,0,0,0,0,0,0
"COG4889",307,1017,1679,1836,445,283,326,573,6635,686
"COG4890",0,0,0,1,8,8,1,2,2,0
"COG4891",0,1,2,1,7,2,10,4,1,2
"COG4892",1,0,1,0,0,1,20,0,0,0
"COG4894",0,1,5,3,5,1,74,2,8,21
"COG4895",1,1,1,0,1,20,35,7,4,0
"COG4898",2,52,19,1,55,62,189,120,6,0
"COG4899",0,0,1,0,7,4,1,0,4,0
"COG4901",0,3,1,0,0,0,0,0,0,0
"COG4902",25,0,15,5,34,12,0,33,12,7
"COG4906",4,7,0,0,1,0,0,1,1,0
"COG4907",35,11,38,18,77,88,55,50,2,18
"COG4908",1,0,0,0,0,0,0,0,0,2
"COG4909",7,41,4,10,57,42,87,12,6,0
"COG4910",1,12,3,2,9,2,7,1,0,0
"COG4911",161,19,5,3,244,378,19,373,18,1
"COG4912",304,22,10,9,42,222,49,157,18,9
"COG4913",73,18,152,90,398,166,20,826,202,70
"COG4916",8,0,0,0,4,17,2,1,12,1
"COG4922",13,2,4,10,54,16,15,42,24,0
"COG4923",27,167,71,82,91,127,190,31,12,53
"COG4924",34,0,28,10,115,64,0,188,78,7
"COG4925",14,3,0,8,9,38,0,8,9,1
"COG4926",0,0,2,0,0,0,0,1,103,0
"COG4927",14,0,2,2,2,28,3,2,12,0
"COG4928",559,45,217,76,275,376,362,804,229,110
"COG4929",19,0,0,4,79,17,2,10,4,3
"COG4930",104,29,96,60,206,22,18,23,88,37
"COG4932",16,0,27,1,11,14,12,20,0,2
"COG4933",1,0,0,1,2,6,0,60,1,0
"COG4934",3,8,7,13,9,33,41,4,15,17
"COG4935",320,825,777,255,910,675,86,284,132,319
"COG4937",9,0,0,0,0,0,0,0,0,0
"COG4938",149,69,45,82,127,32,90,37,83,50
"COG4941",18,3,14,21,56,78,16,331,63,8
"COG4942",211,117,259,113,299,916,2233,833,375,582
"COG4943",89,2,300,14,156,366,2,22,232,3
"COG4944",3,0,0,3,0,13,3,35,1,1
"COG4945",15,934,527,551,153,11,22,60,221,213
"COG4946",595,504,283,94,1084,995,473,759,270,157
"COG4947",0,0,1,0,0,0,1,0,0,0
"COG4948",9250,6455,5419,5629,14169,8322,5548,6751,2650,6483
"COG4949",184,178,190,222,124,63,446,304,95,190
"COG4950",4,13,9,7,47,21,19,28,2,12
"COG4951",99,17,540,39,103,61,53,72,540,32
"COG4952",178,282,410,217,272,246,240,433,91,251
"COG4953",267,67,59,60,475,450,218,314,121,39
"COG4954",7,33,23,44,29,16,13,34,8,29
"COG4955",0,0,3,0,0,0,3,0,0,0
"COG4956",67,502,531,1074,330,62,70,264,380,1192
"COG4957",67,22,19,26,148,54,6,189,18,14
"COG4959",18,1,1,15,25,29,0,195,34,4
"COG4960",8,0,1,5,24,1,0,8,1,0
"COG4961",45,11,64,52,159,88,90,184,187,15
"COG4962",358,221,196,185,422,323,42,1129,125,176
"COG4963",64,2,32,32,115,134,19,326,18,7
"COG4964",112,17,54,56,289,170,32,425,64,87
"COG4965",58,6,26,38,130,117,19,279,34,27
"COG4966",214,9,32,14,126,38,81,17,57,10
"COG4967",26,1,0,6,6,40,19,1,32,1
"COG4968",132,4,23,12,136,151,42,29,94,4
"COG4969",338,23,125,15,227,258,45,84,125,11
"COG4970",168,6,30,17,108,118,62,24,78,4
"COG4972",922,180,468,233,1089,628,269,446,406,182
"COG4973",978,570,782,473,808,785,1013,540,521,575
"COG4974",3324,2359,2269,1943,3072,2889,4515,2723,3585,2079
"COG4976",79,220,179,157,244,112,655,134,52,84
"COG4977",718,402,1144,421,920,891,2539,838,759,285
"COG4978",6,0,0,0,11,0,3,79,3,0
"COG4981",0,0,0,2,1,0,0,6,1,0
"COG4982",1,0,0,2,0,1,0,3,1,4
"COG4983",1037,305,566,329,184,142,418,104,8079,148
"COG4984",2,0,0,2,40,9,0,5,10,0
"COG4985",62,45,132,51,129,202,78,7,182,73
"COG4986",7,0,2,4,12,3,0,2,0,4
"COG4987",283,169,318,51,261,337,10,107,377,14
"COG4988",227,28,309,61,309,357,15,283,347,19
"COG4989",205,225,682,147,424,404,885,200,263,186
"COG4991",2,0,1,1,6,8,0,21,3,0
"COG4992",3219,4613,4131,4423,4089,4462,5542,4735,1771,4863
"COG4993",1877,519,761,254,1274,6553,2705,5169,1246,1201
"COG4994",14,0,1,0,1,9,0,0,4,0
"COG4995",1644,823,309,465,887,1098,299,826,189,476
"COG4997",9,1,15,10,19,23,2,18,316,2
"COG4999",1,0,1,0,0,0,0,0,5,0
"COG5000",2227,3088,1530,2828,1758,2637,3683,3302,1016,3004
"COG5001",6267,365,8863,1379,8814,8483,796,4232,9299,674
"COG5002",724,121,90,112,1061,1475,815,1192,594,132
"COG5004",0,0,0,1,1,3,0,0,0,0
"COG5005",3,0,0,3,3,1,0,11,38,0
"COG5006",45,53,184,15,118,153,12,200,168,4
"COG5007",201,59,95,45,96,131,64,55,71,38
"COG5008",464,16,345,67,468,407,148,72,427,38
"COG5009",4440,5635,4891,5394,4106,3893,6610,4026,2238,6076
"COG5010",21,4,9,11,57,37,6,60,8,2
"COG5011",196,412,207,45,124,6,17,8,141,4
"COG5012",2172,354,388,181,665,222,167,103,17,59
"COG5013",7472,93,18,54,297,91,241,139,114,4
"COG5014",130,14,17,3,31,60,17,29,0,3
"COG5015",0,0,0,1,24,2,0,0,0,0
"COG5016",1427,680,1067,608,1300,1449,1388,581,625,881
"COG5017",6,11,4,2,9,11,28,1,4,4
"COG5018",29,10,0,7,25,15,20,15,45,3
"COG5019",0,1,0,1,0,0,0,0,0,4
"COG5020",5,26,2,78,1,1,85,7,81,12
"COG5021",0,150,30,7,19,2,32,8,119,38
"COG5022",2,190,35,58,33,18,153,27,209,84
"COG5023",5,168,45,32,16,12,12,14,120,80
"COG5024",1,81,19,7,6,0,3,1,15,1
"COG5026",15,0,0,1,0,0,0,2,7,2
"COG5027",0,111,21,3,2,1,5,2,24,6
"COG5028",1,126,26,5,9,0,6,1,59,7
"COG5029",0,10,2,0,32,4,6,9,23,5
"COG5030",1,57,5,8,4,0,1,1,20,4
"COG5031",3,36,112,20,22,24,68,125,76,41
"COG5032",8,1115,237,79,112,16,214,28,527,63
"COG5033",0,14,2,0,3,0,0,0,10,0
"COG5034",0,23,6,2,2,0,3,0,4,1
"COG5035",0,26,3,0,0,0,0,0,25,0
"COG5036",5,54,8,1,3,1,1,0,21,6
"COG5038",0,202,51,2,9,0,2,0,31,2
"COG5039",2,1,0,3,4,37,16,37,6,0
"COG5040",0,42,5,3,2,0,2,1,11,7
"COG5041",0,21,8,0,1,0,1,2,0,3
"COG5042",7,2,30,9,37,64,67,8,78,60
"COG5043",1,208,34,5,17,0,5,0,146,13
"COG5044",0,52,12,2,3,0,4,0,18,6
"COG5045",0,11,0,1,1,0,0,0,10,1
"COG5046",0,8,3,0,3,0,2,0,11,1
"COG5047",0,106,22,3,7,0,11,5,36,5
"COG5048",5,4,5,1,5,1,7,12,113,18
"COG5049",17,296,158,202,54,28,910,44,445,181
"COG5050",59,47,14,5,14,140,8,77,11,6
"COG5051",0,2,1,0,0,0,0,0,0,0
"COG5052",0,5,2,1,0,0,0,2,3,5
"COG5053",2,38,31,44,7,2,193,9,58,46
"COG5054",13,39,48,78,16,11,306,24,147,67
"COG5055",0,1,24,12,4,1,6,4,2253,8
"COG5056",0,0,0,1,0,0,0,1,14,0
"COG5057",0,1,1,0,0,0,0,1,0,1
"COG5058",0,21,4,0,4,0,2,1,29,9
"COG5059",5,1132,190,94,66,3,90,40,537,164
"COG5061",0,80,16,0,6,0,4,3,33,2
"COG5062",0,39,3,1,2,0,1,0,1,2
"COG5063",0,17,3,0,4,0,3,0,0,0
"COG5064",1,75,7,7,7,0,1,3,55,19
"COG5065",0,2,0,0,0,0,0,0,0,0
"COG5066",0,16,4,1,1,0,0,0,0,2
"COG5068",0,24,6,0,1,0,0,0,1,0
"COG5069",0,5,2,6,2,0,0,4,44,7
"COG5070",0,27,3,1,2,0,6,0,11,1
"COG5071",0,34,7,2,3,0,0,3,23,1
"COG5072",0,48,16,3,5,0,67,3,30,0
"COG5074",1,20,9,0,0,0,1,0,17,1
"COG5075",0,26,2,5,1,0,9,0,4,4
"COG5076",1,396,69,13,26,0,24,7,52,18
"COG5077",0,51,12,1,2,0,163,9,108,34
"COG5078",8,286,101,102,52,21,386,41,269,150
"COG5079",1,32,4,0,1,0,2,2,31,3
"COG5080",0,30,5,0,4,0,1,0,15,2
"COG5081",0,0,0,0,0,0,0,0,5,0
"COG5082",0,7,5,0,0,0,1,0,0,1
"COG5083",0,9,4,0,1,3,2,2,25,7
"COG5084",0,19,1,0,1,0,0,0,0,1
"COG5086",0,11,2,0,1,0,0,0,9,0
"COG5088",0,6,0,0,0,0,1,0,0,2
"COG5090",0,36,3,4,5,0,1,0,4,0
"COG5091",0,30,3,0,3,0,1,1,5,0
"COG5092",1,32,41,2,5,0,446,0,21,8
"COG5093",0,1,0,0,0,0,0,0,0,0
"COG5094",0,2,3,0,0,0,0,0,8,0
"COG5095",0,30,4,1,2,1,1,1,12,4
"COG5096",1,250,49,15,18,1,20,4,114,16
"COG5097",0,2,0,0,0,0,1,0,0,0
"COG5098",0,67,21,1,5,0,3,3,32,3
"COG5099",0,73,7,9,6,0,5,0,10,3
"COG5100",0,0,0,0,0,0,0,0,0,0
"COG5101",0,16,7,4,3,0,5,0,29,3
"COG5102",0,10,3,0,0,0,0,0,3,0
"COG5103",0,90,7,3,8,0,0,0,75,4
"COG5104",0,37,15,0,1,0,7,0,0,1
"COG5105",0,14,5,0,2,0,1,1,1,3
"COG5106",0,20,5,1,1,0,3,0,3,3
"COG5107",0,47,11,0,3,0,5,2,17,2
"COG5108",439,845,6485,1970,651,72,320,136,12910,219
"COG5109",0,3,0,0,0,0,0,0,5,0
"COG5110",0,80,26,2,5,0,1,3,17,5
"COG5111",0,38,4,2,2,0,2,0,6,1
"COG5112",0,6,3,0,0,0,1,0,0,1
"COG5113",0,71,19,13,9,0,55,3,50,9
"COG5114",0,25,8,0,4,0,0,0,10,0
"COG5116",0,65,15,3,5,0,8,0,15,5
"COG5117",0,74,14,2,3,0,4,0,13,0
"COG5118",0,18,4,2,1,0,1,1,3,0
"COG5119",0,0,0,0,1,0,3,0,9,0
"COG5120",0,15,1,0,3,0,1,0,0,0
"COG5122",0,12,2,0,1,0,0,0,0,0
"COG5123",0,12,1,0,2,0,1,0,0,0
"COG5124",0,17,2,0,1,0,1,0,9,2
"COG5125",0,0,0,1,0,0,0,0,0,0
"COG5126",12,285,77,47,54,13,33,20,164,107
"COG5127",0,28,6,3,1,0,3,0,7,2
"COG5128",0,13,6,0,5,1,0,0,7,2
"COG5129",0,0,1,0,0,0,0,0,6,0
"COG5132",0,21,2,2,0,0,0,0,0,0
"COG5133",0,11,0,1,2,0,0,0,0,1
"COG5134",0,35,10,1,2,0,3,0,16,2
"COG5135",30,200,295,507,131,58,31,123,145,496
"COG5137",0,14,2,0,2,0,0,1,9,3
"COG5138",0,3,0,0,0,0,0,0,1,1
"COG5139",0,28,2,0,2,0,1,0,11,0
"COG5140",1,49,38,11,14,0,33,3,37,17
"COG5141",0,269,71,2,31,0,24,4,59,8
"COG5142",0,23,4,2,2,0,0,0,0,0
"COG5143",0,43,8,4,7,4,10,3,24,2
"COG5144",0,34,11,0,3,0,2,0,6,0
"COG5145",0,0,0,0,0,0,0,0,4,0
"COG5146",1,11,3,5,0,0,47,0,14,5
"COG5147",0,300,58,15,22,1,25,9,42,27
"COG5148",0,7,2,0,1,0,0,0,0,0
"COG5149",0,0,0,0,0,0,0,0,0,0
"COG5150",0,14,1,0,3,0,1,0,0,0
"COG5151",0,29,5,0,1,0,2,0,2,1
"COG5152",0,31,5,0,5,0,0,1,8,2
"COG5154",0,15,1,3,2,0,2,0,6,4
"COG5155",0,108,6,1,12,0,2,2,51,4
"COG5156",0,16,3,0,1,1,2,0,12,0
"COG5157",0,26,6,0,1,0,4,0,5,0
"COG5158",0,184,43,2,16,0,13,5,82,10
"COG5159",0,68,17,6,4,0,5,1,33,3
"COG5160",2,90,30,7,10,0,15,1,62,17
"COG5161",0,93,14,3,6,1,5,0,38,3
"COG5162",0,7,1,0,2,0,1,0,1,1
"COG5163",0,46,10,0,6,0,2,0,6,4
"COG5164",0,66,13,3,5,1,4,9,14,4
"COG5165",0,43,6,2,4,0,1,1,3,0
"COG5167",0,10,0,0,0,0,0,0,0,0
"COG5169",0,34,8,5,4,0,3,0,7,9
"COG5170",0,41,6,3,0,0,3,1,20,1
"COG5171",0,13,1,0,0,0,0,0,7,0
"COG5173",0,0,0,0,0,0,0,0,58,0
"COG5174",0,0,0,0,0,0,0,0,9,0
"COG5175",0,18,3,0,2,0,0,0,5,0
"COG5176",0,47,10,2,5,0,8,0,17,0
"COG5177",1,58,1,1,3,0,0,0,1,1
"COG5178",0,156,21,9,9,1,6,7,70,13
"COG5179",0,106,13,0,7,1,5,0,58,0
"COG5180",0,8,1,0,2,0,1,0,1,2
"COG5181",0,88,20,2,8,0,2,2,1,3
"COG5182",2,35,7,0,1,0,1,0,18,3
"COG5183",0,2,1,6,2,0,19,0,5,9
"COG5184",579,2341,2728,1150,1946,452,1031,689,18044,1137
"COG5185",0,0,3,4,1,0,0,0,0,0
"COG5186",0,36,10,1,6,0,4,0,19,5
"COG5187",0,43,5,0,2,0,3,0,19,2
"COG5188",0,29,6,0,5,0,1,1,1,0
"COG5190",0,163,22,5,16,1,35,4,27,2
"COG5191",0,31,5,0,1,0,1,0,16,1
"COG5192",0,66,14,2,8,0,2,0,2,4
"COG5193",0,42,15,0,0,1,2,1,3,0
"COG5194",0,8,1,1,0,0,0,0,4,3
"COG5196",0,36,10,0,6,0,2,2,22,5
"COG5197",0,19,6,0,1,1,1,0,0,0
"COG5198",4,32,6,0,7,0,0,0,15,5
"COG5199",0,0,0,2,1,0,0,0,0,0
"COG5200",0,7,1,0,0,0,1,0,8,0
"COG5201",1,19,2,3,1,0,20,2,11,19
"COG5202",0,24,8,0,2,0,4,0,1,1
"COG5204",0,2,0,0,0,0,0,0,0,0
"COG5206",0,26,6,1,5,0,1,2,24,8
"COG5207",0,59,7,4,4,1,1,3,16,2
"COG5208",0,18,5,0,1,0,1,0,7,1
"COG5209",0,26,2,1,2,0,0,0,0,2
"COG5210",0,237,66,17,27,2,18,6,92,44
"COG5211",0,18,3,1,1,0,0,0,0,1
"COG5212",3,2,3,0,9,3,20,0,1,1
"COG5213",0,0,0,0,0,0,0,0,0,1
"COG5214",0,27,8,1,3,0,1,0,3,0
"COG5215",1,38,8,0,4,0,12,1,81,3
"COG5216",0,11,1,2,0,0,1,0,0,2
"COG5217",0,31,2,2,2,0,1,1,0,2
"COG5218",0,64,17,4,2,0,2,0,34,3
"COG5219",0,75,10,0,6,1,7,0,29,1
"COG5220",0,1,1,0,0,0,0,0,0,0
"COG5222",0,42,6,0,4,0,4,1,5,0
"COG5223",0,23,8,0,1,0,2,0,0,1
"COG5224",0,7,1,0,1,0,1,0,0,0
"COG5225",0,1,0,0,0,0,0,1,9,1
"COG5226",11,113,138,40,28,17,841,11,354,47
"COG5227",0,10,1,1,3,0,1,1,0,0
"COG5228",0,3,0,1,1,0,3,1,7,1
"COG5229",0,48,6,1,6,0,2,0,20,2
"COG5230",0,18,3,0,1,0,1,0,1,2
"COG5231",0,32,2,1,3,0,3,3,1,4
"COG5232",0,28,3,0,0,0,2,1,14,1
"COG5233",0,0,0,0,0,0,0,0,0,1
"COG5234",0,111,13,0,7,0,5,9,26,1
"COG5235",0,14,4,0,1,0,0,0,3,1
"COG5236",0,11,0,0,0,0,0,0,9,2
"COG5237",0,4,0,0,0,0,0,0,5,0
"COG5238",0,102,18,6,11,0,15,6,59,8
"COG5239",0,159,33,9,10,0,11,3,60,14
"COG5240",0,49,5,2,2,0,0,1,5,3
"COG5241",1,11,2,0,2,0,1,0,7,0
"COG5242",0,23,6,0,1,0,0,0,3,0
"COG5243",0,31,9,2,3,0,9,4,31,5
"COG5244",0,0,1,7,0,0,0,3,5,6
"COG5245",0,1093,147,54,67,7,58,33,1709,140
"COG5246",0,13,2,1,1,0,1,0,5,0
"COG5247",0,13,4,0,1,0,1,0,0,0
"COG5248",0,13,3,0,1,0,1,0,0,0
"COG5249",0,16,2,0,0,0,1,0,3,0
"COG5250",0,13,1,0,0,0,2,0,0,1
"COG5251",0,14,0,0,3,0,1,0,0,0
"COG5252",0,19,13,0,0,0,7,0,0,0
"COG5253",2,109,28,8,14,5,24,12,85,12
"COG5254",0,0,0,0,0,0,0,0,0,0
"COG5255",29,66,52,54,18,12,116,40,25,16
"COG5256",580,622,461,197,584,1120,72,910,175,165
"COG5257",512,445,273,149,653,1248,99,1036,90,174
"COG5258",1,67,22,49,12,13,210,21,15,89
"COG5259",0,56,10,1,2,0,5,0,14,1
"COG5260",0,345,129,56,46,0,24,14,69,44
"COG5261",0,0,0,0,0,0,0,0,0,5
"COG5262",0,41,10,11,8,5,54,2,19,14
"COG5263",0,0,11,0,0,0,0,1,4,0
"COG5264",2,1,0,0,3,0,0,1,8,10
"COG5265",697,880,1245,699,1014,695,1245,819,422,634
"COG5266",3,2,0,5,26,24,7,1,24,1
"COG5267",1251,1704,1240,1110,1848,1671,1992,1150,217,1376
"COG5268",7,1,1,10,10,13,3,108,18,1
"COG5269",0,35,14,0,1,0,0,0,14,3
"COG5271",48,272,256,69,24,5,51,11,1163,25
"COG5272",25,181,201,57,40,15,672,30,556,105
"COG5273",0,265,65,7,18,1,14,10,61,38
"COG5274",3,237,62,20,30,3,75,16,69,24
"COG5275",0,14,3,0,0,0,2,0,9,1
"COG5276",1715,183,253,178,694,651,494,680,68,271
"COG5277",1,203,43,22,19,7,10,13,103,38
"COG5278",32,3,20,30,27,260,12,213,121,9
"COG5279",75,18,3,7,26,108,50,91,5,11
"COG5280",8,5,14,19,0,1,8,11,27,6
"COG5281",82,32,167,493,251,251,260,319,13742,70
"COG5282",279,137,74,22,116,342,16,332,17,19
"COG5283",56,81,423,127,106,23,160,75,3386,6
"COG5285",3661,4181,2987,2424,6796,6266,4059,4272,968,2635
"COG5290",0,60,14,0,0,0,5,0,1,0
"COG5291",0,36,1,2,3,0,3,3,12,0
"COG5293",10,0,13,7,35,49,16,40,51,1
"COG5295",32,223,269,187,91,191,318,307,3194,170
"COG5296",0,41,7,2,1,0,2,1,22,1
"COG5297",42,16,64,32,7,32,56,177,286,10
"COG5301",197,1451,6491,1716,311,93,2157,309,17053,640
"COG5302",15,1,10,6,36,21,2,2,25,0
"COG5304",3,0,2,1,2,10,3,8,0,2
"COG5305",182,26,36,34,67,191,42,156,58,28
"COG5306",118,42,82,49,205,124,43,129,60,64
"COG5307",0,271,68,8,27,0,25,3,35,9
"COG5308",0,50,11,0,4,0,3,2,6,0
"COG5309",592,79,394,48,49,37,2114,35,4,40
"COG5310",5,5,57,6,22,10,43,38,22,0
"COG5314",34,6,10,26,59,65,5,284,64,2
"COG5316",862,168,137,109,294,513,200,427,27,189
"COG5317",9,2,17,9,20,10,1,38,1,1
"COG5319",266,655,311,757,250,294,395,458,400,654
"COG5321",19,48,67,49,92,49,119,133,28,31
"COG5322",82,412,476,953,239,29,75,192,424,1027
"COG5323",23,23,64,92,27,84,217,327,6181,19
"COG5324",2,0,2,0,0,6,0,21,1,0
"COG5325",0,43,16,1,4,0,5,1,14,4
"COG5328",30,130,114,104,114,49,217,159,18,85
"COG5329",0,98,20,2,7,0,7,1,29,2
"COG5330",68,14,78,79,231,45,12,89,20,14
"COG5331",161,155,182,114,138,142,103,139,85,174
"COG5333",1,42,11,1,3,0,6,1,17,3
"COG5336",148,368,213,346,68,146,90,194,77,344
"COG5337",704,96,121,79,533,1229,1568,856,95,377
"COG5338",6,2,5,0,3,25,3,118,9,5
"COG5339",3,0,0,0,1,11,0,1,9,0
"COG5340",4,0,1,1,6,15,0,56,0,2
"COG5342",22,40,46,46,63,27,103,58,7,62
"COG5343",44,4,4,11,33,85,24,63,49,3
"COG5345",242,33,370,97,382,243,188,40,318,98
"COG5346",0,0,0,0,0,0,0,2,5,1
"COG5347",1,101,19,0,4,2,10,3,31,11
"COG5349",46,70,62,61,95,58,116,248,21,55
"COG5350",73,38,33,108,53,35,18,68,15,159
"COG5351",29,1,22,26,35,38,9,12,19,18
"COG5352",290,909,612,849,284,304,410,491,281,837
"COG5354",0,90,16,2,2,0,4,2,33,3
"COG5360",1028,2937,1082,2825,1152,1147,1431,1797,764,2638
"COG5361",102,58,365,63,136,88,732,247,249,2
"COG5362",112,389,1045,985,310,71,1059,153,45806,602
"COG5368",13,21,24,14,44,351,60,445,21,45
"COG5369",0,0,0,0,0,0,0,0,17,0
"COG5371",1,94,23,5,10,1,6,0,43,4
"COG5373",155,29,167,54,192,60,8,25,47,0
"COG5375",55,34,29,37,94,41,8,114,10,23
"COG5377",109,52,144,102,195,157,81,60,3459,65
"COG5379",6,31,22,3,18,75,70,157,34,33
"COG5380",129,4,3,14,77,82,6,20,124,5
"COG5381",0,1,0,0,9,0,0,1,0,0
"COG5383",8,0,2,7,4,15,8,10,31,4
"COG5384",0,47,5,1,2,0,2,0,4,1
"COG5385",17,11,25,20,44,13,13,29,5,2
"COG5387",61,191,141,197,217,65,282,190,29,126
"COG5388",12,3,12,4,22,10,20,20,5,0
"COG5389",85,129,103,138,146,32,197,105,30,159
"COG5391",0,112,14,9,10,0,2,0,28,3
"COG5393",0,0,0,1,0,0,0,0,0,0
"COG5394",380,174,117,148,167,74,184,176,46,120
"COG5395",9,479,66,78,37,20,185,64,7,88
"COG5397",4,0,0,1,4,5,0,16,1,0
"COG5398",24,404,1018,983,239,28,186,476,2164,838
"COG5400",12,6,7,19,46,55,10,178,3,16
"COG5401",1,2,1,0,4,0,1,0,1,0
"COG5402",41,46,55,171,8,10,45,47,26,173
"COG5403",0,0,4,0,2,1,1,3,0,0
"COG5404",27,2,1,10,21,15,1,1,16,0
"COG5405",1017,1084,1051,926,749,887,481,726,505,1056
"COG5406",1,81,14,3,3,0,6,3,42,4
"COG5407",0,53,9,1,4,0,4,3,11,9
"COG5408",0,0,0,0,0,0,0,0,0,0
"COG5409",0,91,15,0,5,0,2,1,17,3
"COG5410",239,591,1769,1542,553,117,1697,230,67549,758
"COG5411",1,85,25,5,13,0,12,6,58,13
"COG5412",0,6,3,26,5,1,18,15,822,6
"COG5413",1,138,59,17,46,2,28,2,228,1
"COG5419",7,3,6,13,33,16,2,62,25,2
"COG5421",805,2,272,68,703,190,13,78,725,11
"COG5422",0,5,0,2,0,0,0,1,0,1
"COG5423",124,0,0,0,28,11,0,6,0,0
"COG5424",452,406,431,322,629,1033,131,931,250,404
"COG5425",25,8,15,30,18,13,6,51,122,5
"COG5426",80,20,62,8,285,32,50,26,14,9
"COG5427",205,284,37,20,695,286,3,147,62,17
"COG5428",2,0,1,0,0,11,0,0,0,2
"COG5429",76,5,79,19,259,92,111,60,86,6
"COG5430",2,0,2,5,8,43,196,94,54,0
"COG5431",0,0,0,0,2,1,0,0,0,0
"COG5432",0,14,1,0,2,0,0,0,1,0
"COG5433",546,3,788,43,747,178,31,39,943,14
"COG5434",289,57,219,35,305,827,195,453,227,61
"COG5436",45,22,30,88,19,36,31,33,32,89
"COG5437",6,8,18,27,8,14,54,74,798,7
"COG5438",6,6,11,2,22,13,17,13,5,3
"COG5439",1,0,0,0,5,0,0,0,1,0
"COG5440",4,74,43,37,26,3,0,1,2,27
"COG5441",784,90,82,44,283,49,310,71,22,50
"COG5442",4,11,17,21,30,8,6,15,8,8
"COG5443",5,4,6,7,9,18,8,47,5,6
"COG5444",0,0,0,2,13,19,1,49,4,4
"COG5446",130,74,15,19,96,164,50,77,5,18
"COG5447",12,56,72,52,57,13,114,33,7,41
"COG5448",21,3,8,8,18,77,13,318,29,3
"COG5449",18,5,3,14,17,56,22,183,68,1
"COG5450",0,0,1,0,0,0,0,2,0,0
"COG5451",1,0,0,0,0,1,0,4,1,1
"COG5452",79,137,51,140,157,77,67,214,30,129
"COG5453",15,1,1,2,7,19,0,18,9,6
"COG5454",13,11,7,7,15,0,5,10,2,25
"COG5455",1,0,0,1,2,4,0,21,0,0
"COG5456",15,27,5,10,15,5,12,13,2,0
"COG5457",0,0,0,0,1,1,1,10,0,0
"COG5458",26,134,141,127,136,45,179,142,19,89
"COG5459",4,39,28,8,51,9,4,5,3,9
"COG5460",108,2,39,4,45,7,0,4,8,1
"COG5461",8,0,7,1,24,4,8,16,1,0
"COG5462",4,4,4,3,4,1,0,5,0,7
"COG5463",17,4,55,4,33,52,7,11,120,8
"COG5464",21,1,2,6,6,8,2,21,21,0
"COG5465",98,237,190,233,237,91,229,236,29,173
"COG5466",1,0,0,0,0,0,0,4,0,0
"COG5467",203,94,42,164,93,45,4,78,9,34
"COG5468",1,0,6,1,0,1,0,9,1,0
"COG5469",4,36,75,29,27,6,76,14,4,166
"COG5470",351,867,671,965,506,449,531,448,235,1036
"COG5471",0,0,0,0,5,2,1,3,0,0
"COG5472",0,0,1,8,7,1,1,14,1,3
"COG5473",98,2,182,19,131,25,8,9,41,1
"COG5474",0,86,40,14,16,2,21,1,115,1
"COG5476",1177,990,596,646,2587,1096,1035,724,174,784
"COG5477",129,106,96,94,14,54,78,34,45,112
"COG5478",0,0,0,0,1,2,0,16,0,0
"COG5479",362,91,41,23,70,104,21,82,406,24
"COG5480",7,4,9,3,7,9,11,24,3,8
"COG5481",10,1,0,5,4,11,0,42,0,0
"COG5482",61,3,42,4,39,47,257,33,3,6
"COG5483",37,3,8,10,35,24,5,31,5,4
"COG5484",13,0,0,3,20,76,1,12,29,1
"COG5485",64,54,35,39,103,90,287,75,13,71
"COG5486",165,262,192,208,219,199,153,167,42,215
"COG5488",13,100,55,137,170,21,17,54,21,143
"COG5489",28,1,26,21,30,53,1,263,31,7
"COG5490",211,4,6,12,19,16,3,16,2,5
"COG5491",568,96,26,4,504,1660,57,1586,76,5
"COG5492",19,2,10,6,19,23,35,32,56,0
"COG5493",1,0,0,2,5,0,3,2,34,5
"COG5495",143,111,47,47,134,109,307,161,10,100
"COG5496",126,58,17,19,112,63,47,31,2,12
"COG5497",0,0,0,0,0,1,0,6,0,1
"COG5498",125,336,591,205,154,136,806,307,24,362
"COG5499",9,0,21,1,13,49,2,62,38,3
"COG5500",7,74,25,17,17,15,53,17,9,0
"COG5501",148,230,162,258,159,152,198,110,45,189
"COG5502",3,0,0,0,2,25,0,48,1,0
"COG5504",20,0,1,0,0,7,24,13,1,0
"COG5505",306,244,244,145,362,562,1128,532,96,254
"COG5507",34,1,27,5,67,76,7,78,61,2
"COG5508",0,4,0,0,0,0,6,0,0,0
"COG5509",0,0,5,0,1,1,0,1,0,0
"COG5511",125,82,455,226,185,150,284,104,17994,106
"COG5512",5,95,28,11,17,14,17,60,134,2
"COG5513",4,0,19,1,17,6,12,3,8,0
"COG5514",4,36,1,3,27,1,3,7,4,0
"COG5515",5,54,71,36,19,3,78,18,7,24
"COG5516",10,1,2,3,18,0,0,12,4,1
"COG5517",17,7,13,9,91,170,16,335,86,25
"COG5518",8,3,8,17,20,43,111,20,2174,4
"COG5519",185,89,457,100,262,82,429,28,3438,39
"COG5520",159,235,295,147,189,269,1067,674,31,281
"COG5522",267,163,106,141,177,468,1229,371,63,815
"COG5523",10,27,44,50,43,13,172,20,5,99
"COG5524",0,2,0,0,0,0,0,0,0,0
"COG5525",163,105,475,369,284,188,343,210,23655,137
"COG5526",0,0,0,0,0,0,0,0,0,2
"COG5527",70,1,1,1,3,15,28,15,37,1
"COG5528",24,0,8,15,18,22,28,8,27,9
"COG5529",3,0,0,0,1,0,1,0,79,3
"COG5530",9,5,8,0,26,4,0,31,4,0
"COG5531",7,44,98,33,32,15,194,57,93,43
"COG5532",0,0,0,3,2,25,1,0,31,1
"COG5533",11,129,128,104,39,18,726,34,280,101
"COG5534",124,12,24,50,597,237,181,697,131,7
"COG5535",0,46,8,1,3,0,2,1,13,1
"COG5536",0,38,11,0,3,0,6,1,12,0
"COG5537",0,73,20,3,3,0,6,0,39,0
"COG5539",0,41,7,5,4,0,9,1,18,12
"COG5540",3,46,20,20,12,6,46,8,66,27
"COG5541",0,16,5,0,0,0,2,2,2,0
"COG5542",26,37,5,1,6,22,4,15,13,2
"COG5543",0,70,18,0,3,0,4,0,53,6
"COG5545",259,273,456,348,297,432,331,199,13921,559
"COG5549",0,120,40,17,35,1,4,2,191,1
"COG5551",3,0,0,0,0,0,0,0,0,1
"COG5552",6,0,0,0,6,5,0,45,1,1
"COG5553",76,36,48,65,277,77,40,55,13,59
"COG5555",7,3,6,1,10,14,0,2,3,0
"COG5556",0,0,0,0,7,14,0,0,12,0
"COG5557",1188,553,674,421,945,918,1744,705,122,692
"COG5560",1,87,44,15,17,0,93,5,30,21
"COG5562",0,0,0,0,0,2,0,12,0,0
"COG5563",67,18,51,15,98,45,99,38,25,43
"COG5564",121,13,45,4,162,60,74,24,14,6
"COG5565",97,18,411,17,36,18,74,13,2914,17
"COG5566",3,0,0,1,7,11,0,1,11,0
"COG5568",2,0,3,0,0,1,0,5,0,0
"COG5569",2,0,29,21,2,8,1,2,11,0
"COG5570",1,0,0,1,0,0,0,0,0,0
"COG5571",42,0,0,3,2,4,0,4,17,0
"COG5572",27,1,15,3,21,18,32,34,15,3
"COG5573",1,35,1,3,16,9,7,22,0,7
"COG5574",0,16,4,7,0,0,1,1,10,5
"COG5575",0,32,5,0,2,0,0,0,9,1
"COG5576",0,0,0,0,1,0,0,1,1,0
"COG5579",64,7,7,8,34,37,11,77,20,24
"COG5580",0,25,7,0,3,0,8,1,23,0
"COG5581",7,1,0,7,23,23,3,2,44,7
"COG5583",0,0,1,2,7,8,0,0,11,0
"COG5585",4,0,1,9,8,0,6,1,963,0
"COG5586",0,0,0,0,0,2,1,0,0,0
"COG5587",303,39,43,48,112,262,545,360,13,62
"COG5588",189,315,333,180,174,55,38,66,9,63
"COG5589",35,16,28,24,156,31,39,23,47,12
"COG5590",70,286,164,321,249,75,305,221,52,266
"COG5591",13,4,75,4,39,32,7,4,60,0
"COG5593",1,58,1,1,8,0,1,0,16,8
"COG5594",0,221,55,2,13,3,14,4,4,5
"COG5595",3,0,1,0,2,41,0,0,17,1
"COG5596",0,41,4,0,4,0,0,1,10,3
"COG5597",5,12,4,57,12,4,34,34,96,11
"COG5598",6243,2214,2297,1370,1995,4802,4496,2413,210,1080
"COG5599",0,0,0,2,1,0,1,0,0,0
"COG5600",0,25,7,0,1,0,2,0,10,0
"COG5601",0,36,9,0,4,0,1,0,3,1
"COG5602",24,78,16,2,25,20,9,18,23,1
"COG5603",0,14,4,0,0,0,0,0,2,0
"COG5604",0,43,15,1,4,0,8,0,18,1
"COG5605",372,73,57,37,78,249,107,235,27,69
"COG5606",10,1,6,3,10,17,0,18,21,0
"COG5607",42,102,7,12,30,9,4,10,20,10
"COG5608",10,1,0,4,17,18,1,7,34,0
"COG5610",83,9,35,5,39,214,6,102,56,11
"COG5611",5,0,15,0,6,8,2,6,3,0
"COG5613",0,0,2,0,0,0,0,0,0,0
"COG5614",2,0,8,6,5,4,7,8,425,0
"COG5615",17,1,2,4,35,18,1,2,16,3
"COG5616",3056,2767,2448,2311,4004,3241,1838,1867,569,2815
"COG5618",2,2,0,0,6,24,1,76,6,0
"COG5619",4,0,1,4,32,14,0,15,22,0
"COG5620",0,0,0,0,1,26,0,0,7,0
"COG5621",245,267,462,152,553,192,311,95,171,128
"COG5622",7,3,3,15,13,41,0,117,3,4
"COG5623",0,28,8,2,2,0,3,0,6,1
"COG5624",0,16,4,0,0,0,0,0,0,0
"COG5626",22,0,4,1,33,28,12,7,29,5
"COG5628",16,0,0,0,20,2,33,1,0,0
"COG5630",43,59,145,35,11,5,436,1,5,85
"COG5631",4,24,16,26,40,9,11,7,12,14
"COG5632",3,3,13,11,11,1,19,3,205,6
"COG5633",0,1,5,0,7,0,3,1,1,5
"COG5635",164,160,89,655,103,198,20,263,31,607
"COG5636",0,20,1,2,2,0,0,0,0,1
"COG5637",22,145,272,319,84,46,26,303,152,370
"COG5638",0,52,17,0,2,0,4,1,18,2
"COG5639",9,0,2,8,10,15,0,79,15,1
"COG5640",37,68,100,69,319,49,138,89,864,55
"COG5641",0,27,2,0,1,0,4,0,2,0
"COG5642",3,1,3,0,2,60,0,86,68,0
"COG5644",0,46,11,3,5,0,2,0,1,0
"COG5645",0,0,0,1,0,0,0,0,9,0
"COG5646",3,0,0,2,8,35,0,75,4,1
"COG5647",0,157,32,8,16,0,18,3,83,29
"COG5648",1,21,20,14,11,0,171,2,38,17
"COG5649",2,0,0,0,3,0,0,0,0,1
"COG5650",5,2,7,7,4,0,0,1,0,0
"COG5651",7,8,3,7,8,5,84,13,4,29
"COG5652",47,5,0,4,31,22,4,5,0,2
"COG5653",28,32,8,22,63,45,3,59,23,20
"COG5654",17,1,2,5,19,105,2,179,18,0
"COG5655",22,4,0,3,17,9,22,3,20,3
"COG5656",0,67,15,4,6,0,0,2,27,1
"COG5657",1,119,23,3,12,0,3,2,3,6
"COG5658",10,0,21,7,12,34,30,41,5,3
"COG5659",329,1,29,3,9,76,15,130,20,11
"COG5660",544,98,68,25,93,166,55,147,9,48
"COG5661",35,2,2,1,57,6,0,4,6,0
"COG5662",4,4,3,6,29,17,0,54,1,2
"COG5663",40,5,9,9,22,4,18,25,2133,1
"COG5664",0,0,0,0,1,0,0,1,0,0
"COG5665",0,16,5,3,2,0,1,1,4,0
