"","X68_MES_0d45.0d8","X41_DCM_0.0d2","X70_SUR_0d45.0d8","X72_DCM_0d2.3","X132_DCM_0d2.3","X122_SUR_0d45.0d8"
"COG0001",11460,2159,7922,4458,4467,6676
"COG0002",4680,1782,4553,4938,4328,5566
"COG0003",307,24,539,180,214,310
"COG0004",9124,7755,13958,16448,13992,16188
"COG0005",5523,897,4224,4746,4683,5324
"COG0006",30970,2669,20998,24289,22684,15382
"COG0007",3320,3549,1874,1490,1735,3637
"COG0008",15790,7501,15462,14602,15602,13656
"COG0009",4930,2346,5659,5987,5514,5423
"COG0010",8841,1010,8132,5714,5756,5167
"COG0011",91,14,222,87,185,1849
"COG0012",8706,1985,8873,9193,9349,9297
"COG0013",15263,4860,18990,20814,20177,19262
"COG0014",4821,2659,6551,8214,6252,7272
"COG0015",9648,3799,10226,10795,10638,11646
"COG0016",6641,1763,8163,8017,8090,7283
"COG0017",4844,293,4558,2915,5386,2767
"COG0018",10476,3444,12447,13488,13556,15093
"COG0019",8761,5891,10760,13292,10147,9253
"COG0020",4883,1311,4903,3814,4036,3895
"COG0021",11595,3542,11442,14879,12860,13565
"COG0022",10290,3692,11394,10326,13501,11839
"COG0023",710,451,780,505,983,1341
"COG0024",5154,2336,5905,6061,6367,6684
"COG0025",2415,3994,2471,1658,2516,6106
"COG0026",2233,1956,5353,4734,3880,6941
"COG0027",344,2147,1769,951,1236,5669
"COG0028",40696,10079,25793,30112,24843,19447
"COG0029",1811,2789,3983,2339,3232,7446
"COG0030",5241,1584,5738,5734,5924,6618
"COG0031",9681,5768,9933,9246,9396,14172
"COG0033",143,1547,1712,847,1121,6123
"COG0034",9969,3009,11184,10972,10789,12006
"COG0035",1510,1188,1613,1358,1431,3063
"COG0036",4758,1260,5716,5767,5860,6281
"COG0037",9461,4500,10699,11567,11002,10037
"COG0038",3435,1270,3167,2105,2509,6405
"COG0039",6487,1077,7083,7965,7182,3876
"COG0040",2929,1257,3234,2590,1941,2735
"COG0041",3069,776,3480,3721,3466,3751
"COG0042",6334,5095,8789,8049,7881,12909
"COG0043",6765,1345,4386,2992,5497,1900
"COG0044",14297,3311,13389,14680,13866,7446
"COG0045",9822,2237,9763,7436,6350,3603
"COG0046",16421,6507,17969,17586,17502,17786
"COG0047",8297,6179,8890,7889,7570,7420
"COG0048",2430,521,2858,1931,2013,2102
"COG0049",3383,834,3386,2365,2423,2593
"COG0050",8678,3638,8311,9657,8350,9559
"COG0051",1922,655,2203,2211,2162,2795
"COG0052",5158,1563,5550,5806,5922,6271
"COG0053",3667,1811,515,996,1051,237
"COG0054",1465,526,1849,2802,2765,3187
"COG0055",5494,1471,7090,11869,10070,11495
"COG0056",8963,2799,11733,8694,7537,8692
"COG0057",7306,6543,9850,10238,10364,12313
"COG0058",1889,12061,3350,3694,3241,11053
"COG0059",5393,1889,6725,7295,6032,7358
"COG0060",18586,5153,21611,22622,22942,22363
"COG0061",5473,1491,6318,6227,6116,9048
"COG0062",6215,2688,3247,3606,3886,5914
"COG0063",6897,2775,3958,4555,4595,7386
"COG0064",7198,2156,8210,9970,7994,10319
"COG0065",9261,2283,11470,11673,10610,10410
"COG0066",4489,1277,5730,5292,5472,4601
"COG0067",15791,8789,20107,21716,15554,15644
"COG0068",103,122,272,170,82,160
"COG0069",24414,10624,28110,30141,23189,25625
"COG0070",13205,8638,18083,19954,14298,12623
"COG0071",2989,34432,3735,7146,8644,3328
"COG0072",11982,4169,16335,17110,16491,16925
"COG0073",10722,7394,14026,8718,8901,7375
"COG0074",8520,1623,7019,8273,6984,3803
"COG0075",9508,354,7073,4565,5053,11290
"COG0076",5214,2460,3171,2258,3166,6405
"COG0077",4600,1828,5896,4538,3475,4042
"COG0078",5566,1820,5413,5629,5657,6059
"COG0079",10453,5553,9241,10048,8702,13734
"COG0080",2835,929,2854,3186,3017,3445
"COG0081",4647,1348,5037,5291,5526,5231
"COG0082",5888,1821,8210,8626,7602,9272
"COG0083",1750,40,1479,1164,1243,4780
"COG0084",5065,3609,5130,5675,5171,5841
"COG0085",23262,6430,27196,29954,30713,26900
"COG0086",23895,8184,31396,31967,34057,37671
"COG0087",4653,987,5128,5335,5473,5662
"COG0088",3969,937,4348,4677,4831,4505
"COG0089",1294,308,1346,2018,2027,2204
"COG0090",4960,1235,5896,6175,6238,6599
"COG0091",2301,459,2715,2832,2827,2801
"COG0092",4372,1066,5094,5378,5313,6135
"COG0093",2274,609,2620,2713,2633,3000
"COG0094",4028,966,3991,4274,4350,4312
"COG0095",1027,644,946,548,859,3164
"COG0096",2654,853,2859,3112,3143,3338
"COG0097",3355,938,3893,2724,2803,2941
"COG0098",3326,621,3867,3871,4032,4715
"COG0099",2873,690,2903,2930,3111,3247
"COG0100",2495,508,2802,2868,2835,3164
"COG0101",4028,1574,5847,5904,5823,6031
"COG0102",3013,921,3468,3597,3752,3899
"COG0103",2607,753,2970,3120,3075,2808
"COG0104",8137,4630,9763,7380,6624,6973
"COG0105",2620,786,2918,3179,3223,3858
"COG0106",3122,1285,3430,3858,3233,4356
"COG0107",3441,1265,4358,5439,4298,5450
"COG0108",5339,2318,7608,7146,6727,9649
"COG0109",5992,1576,7219,7734,7365,7972
"COG0110",1704,1468,1851,2670,2617,2751
"COG0111",21240,6576,16503,17559,15791,15440
"COG0112",8581,2573,9293,10047,9615,10339
"COG0113",4251,1874,6695,6051,5044,8173
"COG0114",6412,2560,10539,10684,10829,11446
"COG0115",9993,2615,9905,14712,14907,15050
"COG0116",1172,3449,2483,1251,1673,5527
"COG0117",3663,1658,6161,5859,5468,6649
"COG0118",2784,999,3645,4377,3501,4170
"COG0119",16564,11151,17996,20895,17872,14928
"COG0120",1822,1082,2433,1535,2059,3787
"COG0121",205,979,187,157,206,114
"COG0122",4860,912,3951,4300,3811,2230
"COG0123",5281,1444,6605,5862,4508,3858
"COG0124",8792,2252,10109,10454,10026,9635
"COG0125",4072,974,4023,4099,4482,4486
"COG0126",7339,1770,8989,9222,9220,10308
"COG0127",4134,1598,5119,5045,5202,6825
"COG0128",7222,3658,9364,9460,8894,9853
"COG0129",12089,9155,14583,14720,12287,13347
"COG0130",4440,1568,4944,3761,4838,6430
"COG0131",2761,1220,2998,3622,2961,4009
"COG0132",1018,1170,1010,661,781,3272
"COG0133",5819,2900,7075,7380,6152,7264
"COG0134",3929,1486,4720,4684,3928,5551
"COG0135",2689,1203,3532,3449,2846,4458
"COG0136",5777,3192,7537,8445,6987,6741
"COG0137",5866,2357,6296,7449,5780,6739
"COG0138",9279,4223,12278,13200,13034,12675
"COG0139",1994,949,2454,2866,2219,3354
"COG0140",980,856,1596,1532,1186,2770
"COG0141",8440,2693,9296,10369,8255,9563
"COG0142",13117,4208,14719,14749,14273,15462
"COG0143",10700,3555,11817,11853,12545,11164
"COG0144",4429,2527,5759,3435,5066,7115
"COG0145",19117,1336,6816,5123,4865,3664
"COG0146",16007,1272,5339,4037,3811,2852
"COG0147",10571,5388,14919,13744,12399,17020
"COG0148",8274,2403,9328,9982,9798,10411
"COG0149",4125,1440,5057,5266,5168,5429
"COG0150",6935,8391,8066,10323,13768,8501
"COG0151",8689,2450,9712,9671,9349,10147
"COG0152",5644,5030,5738,7708,9257,6009
"COG0153",1868,65,2021,1690,2148,1148
"COG0154",34920,4964,21510,23524,17933,17596
"COG0155",4763,2649,3463,2438,3640,7281
"COG0156",5861,2291,7541,4990,6562,9883
"COG0157",2276,938,2839,4185,4260,6088
"COG0158",736,1626,1016,771,770,825
"COG0159",3890,1354,4708,3213,2764,3638
"COG0160",9681,6028,5982,6040,7371,3557
"COG0161",9932,3890,7844,11953,9904,10624
"COG0162",7731,2413,8982,9134,8972,9716
"COG0163",1578,611,1015,689,1342,487
"COG0164",3988,1215,4723,4944,5006,4165
"COG0165",5384,1606,4919,8486,6815,7630
"COG0166",7077,3250,9459,8869,8320,10601
"COG0167",7270,2770,8049,7759,7651,8994
"COG0168",9425,3780,12528,13465,11421,11126
"COG0169",5306,2068,6045,6619,5892,6790
"COG0170",1425,0,776,624,763,1665
"COG0171",6699,8118,8315,9666,9794,8350
"COG0172",8081,1872,9023,9677,9763,9350
"COG0173",8910,3354,11726,13223,11720,13847
"COG0174",23862,13260,18559,22318,20011,14093
"COG0175",2668,6131,2834,1825,2058,4359
"COG0176",3241,46817,4945,9470,13751,6803
"COG0177",4492,1200,5367,3483,3483,3662
"COG0178",19966,6070,24121,23556,23291,22697
"COG0179",10562,3197,7740,7731,7735,3967
"COG0180",6898,3489,8385,8459,8748,8838
"COG0181",3957,1589,7539,6536,5505,7935
"COG0182",3759,1231,2720,3597,2964,1171
"COG0183",25593,14807,20277,20771,20682,10806
"COG0184",2125,693,2132,2124,2266,2286
"COG0185",1718,378,2076,2207,2334,2279
"COG0186",1592,272,1706,1769,1770,2073
"COG0187",19090,7946,23474,24247,23687,20839
"COG0188",21624,9272,27951,28113,28183,31594
"COG0189",4841,9891,6885,6238,5747,8423
"COG0190",6327,2171,6741,7121,6866,6670
"COG0191",1660,2062,2617,1603,1953,1426
"COG0192",7719,2689,9075,9452,9249,9507
"COG0193",3186,1082,3976,4519,3785,4480
"COG0194",2965,1309,3757,4147,3547,3826
"COG0195",7942,2685,9952,11071,9306,10142
"COG0196",4963,1780,6376,6862,5884,6690
"COG0197",2526,749,3037,3112,3475,3385
"COG0198",1681,403,1818,1621,1990,2383
"COG0199",1002,531,1875,1869,1722,1881
"COG0200",2810,634,2996,3122,3032,3302
"COG0201",8334,2624,9902,10181,10514,10886
"COG0202",6574,1777,7525,7761,7917,7739
"COG0203",2361,668,2500,2942,2710,2502
"COG0204",11055,7087,13244,11968,13278,11837
"COG0205",4607,521,3888,4467,4418,2629
"COG0206",8868,2674,10573,10011,11329,10049
"COG0207",2430,16846,3730,3272,3840,2853
"COG0208",3120,38439,7188,14792,18934,5934
"COG0209",20873,197399,22053,39872,53684,16361
"COG0210",18150,100145,17416,19886,18244,21627
"COG0211",1351,497,1730,2128,1737,2043
"COG0212",2413,1085,2960,3225,2624,2230
"COG0213",2723,1387,2062,1646,2367,1164
"COG0214",2247,35,1200,1533,2349,761
"COG0215",9976,2404,10515,11201,10872,11678
"COG0216",6572,2093,7079,8452,7505,8142
"COG0217",3996,2295,4390,5158,4288,2559
"COG0218",1572,1426,2242,1614,1490,1347
"COG0219",2133,738,2369,2697,2375,2898
"COG0220",1649,1418,3025,2156,2106,4071
"COG0221",242,1939,1349,801,892,4616
"COG0222",2054,892,2351,2649,2497,3217
"COG0223",6717,3485,7788,8469,8047,8376
"COG0224",5609,1386,6592,7342,6291,7557
"COG0225",4794,1526,7298,6654,6221,8763
"COG0226",1105,5087,2824,4456,4429,6607
"COG0227",1182,403,1944,2154,1803,1706
"COG0228",1940,419,2819,3197,2633,3058
"COG0229",3697,865,4600,4513,4014,4495
"COG0230",155,214,319,335,299,103
"COG0231",3776,1041,4103,4534,4371,4614
"COG0232",3502,3695,4672,5666,4270,2143
"COG0233",3052,942,3407,3704,3451,4105
"COG0234",2371,15518,2552,2868,2658,3447
"COG0235",5128,2558,4455,4547,3413,2467
"COG0236",1514,1298,1576,1763,1571,2865
"COG0237",4292,1117,4367,4454,4488,4586
"COG0238",1358,352,1373,1734,1625,1666
"COG0239",584,795,756,378,288,265
"COG0240",5657,1786,6275,6590,5446,3321
"COG0241",2215,719,1853,2138,2656,1546
"COG0242",3968,9408,4807,5906,5815,4959
"COG0243",17509,16990,8629,7994,10157,4084
"COG0244",4010,871,4212,4409,4584,4867
"COG0245",2803,819,4465,5151,4219,6193
"COG0246",606,1410,1573,1354,1376,663
"COG0247",19684,4732,10682,10170,14689,4911
"COG0248",2080,2768,4708,3013,2882,7859
"COG0249",8659,4711,10754,7453,9381,15302
"COG0250",4032,1529,4445,4443,4685,4812
"COG0251",10237,4011,5801,4952,5555,5501
"COG0252",3158,2343,2023,1019,2247,1138
"COG0253",3954,1328,5733,6422,4856,5906
"COG0254",1339,554,1757,2007,1694,1898
"COG0255",449,166,327,305,323,154
"COG0256",2450,527,2474,2550,2641,2717
"COG0257",35,157,126,44,42,34
"COG0258",13621,40301,17569,19238,16361,15912
"COG0259",2275,1277,3277,3947,3131,1899
"COG0260",7973,2625,10126,9837,9542,11239
"COG0261",2191,726,3076,3215,2752,3548
"COG0262",1573,871,2103,1914,2438,1347
"COG0263",4376,1822,5923,7122,5491,6642
"COG0264",4122,1892,4979,5580,4829,5064
"COG0265",16159,5568,15010,15925,15250,18130
"COG0266",4885,2505,6453,6208,5845,7294
"COG0267",551,187,745,555,621,976
"COG0268",1011,643,1497,1694,1424,1770
"COG0269",73,17,40,21,62,16
"COG0270",1683,53153,3898,3960,5067,5519
"COG0271",1128,520,1570,1558,1362,1817
"COG0272",10695,8901,14884,16134,16566,20033
"COG0274",2200,350,1944,1892,2345,3221
"COG0275",4797,1631,5828,6691,5795,6505
"COG0276",3408,1809,7770,7921,6901,9288
"COG0277",24293,9117,17138,17521,15754,18609
"COG0278",1896,720,1862,1968,2039,2016
"COG0279",2460,1626,1790,1638,1792,1110
"COG0280",5864,5927,10593,11030,10021,5044
"COG0281",6359,4964,9338,9164,8643,4365
"COG0282",232,1310,214,234,210,299
"COG0283",3650,1165,4812,4927,4291,6052
"COG0284",4735,1580,5333,5541,5401,5894
"COG0285",7141,2334,8339,9033,8886,8582
"COG0286",977,5640,1920,1414,1598,3401
"COG0287",4946,3546,5761,6446,5117,6054
"COG0288",660,3606,795,488,620,436
"COG0289",2866,1463,4455,4801,3971,5424
"COG0290",3028,1081,3588,4244,3507,4311
"COG0291",595,336,1007,1132,870,1450
"COG0292",2058,542,2282,2745,2334,2603
"COG0293",2553,1214,3134,3380,2985,1555
"COG0294",5428,1639,6104,6120,6350,7784
"COG0295",523,48,399,772,771,401
"COG0296",1822,3693,3457,2340,3019,8641
"COG0297",1866,1490,2944,1926,2523,6988
"COG0298",15,12,32,18,7,10
"COG0299",3859,5688,4355,7272,11287,4814
"COG0300",1477,878,2144,1698,1894,2201
"COG0301",2588,1482,501,396,715,59
"COG0302",3599,3473,4581,4900,4847,5913
"COG0303",8300,1933,5628,5598,6032,3007
"COG0304",10026,7180,13086,12255,10452,11774
"COG0305",8992,327911,11749,12160,14761,10370
"COG0306",4673,2502,4350,2996,4187,2637
"COG0307",3017,1200,4425,3939,4040,5149
"COG0308",17018,5232,15027,13120,16489,18216
"COG0309",382,32,122,204,89,83
"COG0310",18,25,196,652,544,72
"COG0311",994,18,503,972,1507,440
"COG0312",11368,2461,11734,11005,10964,14120
"COG0313",3999,1672,5447,5947,5270,6333
"COG0314",2338,675,1494,1765,1873,647
"COG0315",2662,981,1682,2117,2310,785
"COG0316",5390,4796,4712,5263,4946,5162
"COG0317",7904,5775,9213,14628,13293,17770
"COG0318",45939,22039,32440,32649,27581,20201
"COG0319",2338,793,2803,2857,2625,1532
"COG0320",5229,2520,7381,7675,7446,11249
"COG0321",3484,1048,4461,5121,4867,4775
"COG0322",9929,3427,13961,15084,14001,14832
"COG0323",5377,3445,5285,3519,4219,3241
"COG0324",4833,1749,6031,6811,5816,7043
"COG0325",3573,1208,4621,4999,4787,4931
"COG0326",4723,3525,7623,5104,6463,11049
"COG0327",931,1501,1093,1028,1052,782
"COG0328",2698,1394,3187,3292,3238,4189
"COG0329",13276,2857,9734,11175,9068,8686
"COG0330",12209,3891,11562,13458,11580,10189
"COG0331",4624,3095,5584,6477,5659,6086
"COG0332",5980,2414,6521,5928,6687,7130
"COG0333",350,74,597,678,554,1021
"COG0334",6773,4423,6677,6114,7092,10186
"COG0335",2248,602,3282,3683,3032,4205
"COG0336",3940,1491,5396,6139,5059,7152
"COG0337",5806,2268,7242,7901,6824,8795
"COG0338",864,18556,1272,5904,11044,1418
"COG0339",4213,4089,6308,3929,4131,9572
"COG0340",4601,1270,4751,3222,3477,3718
"COG0341",3207,1111,4810,7127,6369,7058
"COG0342",8021,3491,11176,11896,10544,12082
"COG0343",7549,1831,8641,8589,9042,9344
"COG0344",2518,356,1851,3599,2801,3584
"COG0345",2407,883,2921,5344,4027,4952
"COG0346",9158,4222,6030,5595,5230,3043
"COG0347",1022,477,1514,1697,1633,2792
"COG0348",1297,5532,1084,752,584,397
"COG0349",3792,2277,4019,4322,3367,3990
"COG0350",2637,1853,1763,2306,2208,899
"COG0351",2626,1484,2918,3516,2487,5099
"COG0352",2774,2730,2940,3164,2341,4716
"COG0353",3342,1185,4152,4402,3852,4767
"COG0354",3678,1532,4366,4758,3688,4236
"COG0355",1993,814,2537,2770,2386,2873
"COG0356",3300,1161,4229,6974,6057,6976
"COG0357",2602,1190,3879,3875,3217,4600
"COG0358",11096,22830,13028,13392,13132,15122
"COG0359",2802,742,3104,3642,3164,3603
"COG0360",2159,736,2340,2686,2370,3114
"COG0361",1956,1077,2034,2079,2343,2046
"COG0362",865,80,2509,2098,2078,6243
"COG0363",2588,1558,2655,2402,2675,4167
"COG0364",754,9631,2704,1273,1398,6631
"COG0365",26665,8258,25450,30588,26279,20968
"COG0366",2872,10453,8028,6196,5242,10280
"COG0367",7505,5150,8887,9872,9886,8578
"COG0368",874,570,1149,390,555,2386
"COG0369",1447,3115,5484,1894,4507,8311
"COG0370",2616,1472,591,275,492,389
"COG0371",1341,119,1266,820,1314,4298
"COG0372",9434,3967,9323,6470,6504,6763
"COG0373",4962,2304,4782,2553,2925,7914
"COG0374",88,159,280,175,100,178
"COG0375",33,9,49,28,10,27
"COG0376",4829,2412,8954,9909,7253,4132
"COG0377",3949,530,2725,3323,3457,4036
"COG0378",722,909,1205,760,890,1034
"COG0379",3616,2148,4704,4981,4757,5485
"COG0380",802,2290,609,291,460,308
"COG0381",2844,5126,3606,4695,4737,3770
"COG0382",6429,1646,8754,7448,8368,12558
"COG0383",763,195,578,629,1154,668
"COG0384",1964,1565,1679,1104,1163,1109
"COG0385",2229,2546,3178,4008,3670,1559
"COG0386",2201,2449,3979,3731,3270,4259
"COG0387",728,14,990,308,1083,364
"COG0388",15067,7631,10803,10902,10466,13716
"COG0389",8690,5857,10714,10293,8570,11721
"COG0390",1268,61,127,314,298,101
"COG0391",2545,39,2070,1818,1810,5798
"COG0392",2098,4894,1373,959,1178,3690
"COG0393",814,227,703,618,735,542
"COG0394",2544,1723,2789,2391,2823,2863
"COG0395",8172,1958,8772,8798,8034,4513
"COG0396",4586,217,5056,5795,5813,4588
"COG0397",4490,2452,7683,5817,6554,10007
"COG0398",2033,487,3760,2381,1752,3899
"COG0399",14686,22623,15136,19649,19801,18048
"COG0400",2903,1546,3823,4117,3565,3959
"COG0401",19,212,28,21,13,11
"COG0402",12534,9329,8353,5339,7455,8727
"COG0403",8835,3959,14507,13836,12677,15512
"COG0404",50908,4027,47838,58136,45849,26074
"COG0405",12624,3046,8344,12989,11311,8541
"COG0406",2536,1800,2401,3549,3565,7401
"COG0407",4303,1844,7254,6358,5500,8197
"COG0408",1935,1597,5248,4886,3752,6879
"COG0409",56,60,139,78,45,84
"COG0410",10360,4244,6991,8697,7875,3892
"COG0411",9434,2949,6376,8540,7620,2903
"COG0412",7106,3243,3695,4309,3853,1529
"COG0413",3713,3406,6750,7291,6624,6063
"COG0414",2219,1530,4849,4803,4137,5988
"COG0415",1370,2665,20786,12530,11006,26767
"COG0416",4390,1104,4127,5305,4405,6257
"COG0417",3020,52503,4811,16142,25723,9036
"COG0418",808,1764,2197,1340,1535,5053
"COG0419",3067,34654,2324,7134,16251,3977
"COG0420",1932,4387,501,474,554,494
"COG0421",2743,2311,1372,933,1470,3866
"COG0422",2825,3030,2358,1804,1744,5896
"COG0423",5768,180,6187,5955,7492,4142
"COG0424",3428,2110,4205,4221,3951,4710
"COG0425",614,716,371,551,507,240
"COG0426",257,64,3317,2393,2911,12182
"COG0427",242,2954,324,420,228,268
"COG0428",883,1598,2201,1164,1626,1569
"COG0429",677,1198,936,640,949,3958
"COG0430",100,3,20,2,38,2
"COG0431",1700,1837,2085,829,1178,1964
"COG0432",2268,522,2157,1957,1963,3235
"COG0433",1733,2676,1139,659,867,765
"COG0434",466,0,462,658,603,133
"COG0435",738,1016,1656,791,1047,4767
"COG0436",28113,8672,24354,25395,26054,22536
"COG0437",5887,3196,4075,3443,4075,3430
"COG0438",33282,39984,43597,45322,46092,52961
"COG0439",13058,6113,12715,12238,13237,13218
"COG0440",2507,814,3135,3567,2909,3237
"COG0441",11662,3516,14978,15280,15023,16705
"COG0442",9665,3085,10685,11085,11146,11971
"COG0443",15091,9456,20115,19727,19872,32781
"COG0444",9940,239,2040,2112,2606,698
"COG0445",8667,3390,12537,13095,11461,15601
"COG0446",26089,12155,18245,20265,16171,7598
"COG0447",1297,123,1406,1300,1350,4476
"COG0448",871,124,1732,954,1155,5283
"COG0449",10733,7822,11631,12881,11528,13479
"COG0450",2313,3579,2301,2711,2553,3685
"COG0451",38107,73720,40980,56720,62215,59704
"COG0452",6127,2060,8328,8496,8078,8627
"COG0454",7108,5889,8357,6831,7265,12803
"COG0455",1356,998,852,420,677,520
"COG0456",3000,3084,2062,1234,1473,1707
"COG0457",54304,11069,42457,43940,49168,40455
"COG0458",19331,7415,23099,24770,24237,23492
"COG0459",15312,66298,17768,15971,19023,22912
"COG0460",6546,2528,6964,7779,6413,7391
"COG0461",3883,6628,4808,7968,11248,5771
"COG0462",6984,3738,7688,8165,8050,8060
"COG0463",30808,24005,31163,35546,34912,47586
"COG0464",5591,2688,5153,2436,6438,8061
"COG0465",10978,7542,16772,16950,17061,33146
"COG0466",12622,6921,12124,14593,14284,7582
"COG0467",365,1704,2427,806,1512,7391
"COG0468",8098,39554,9828,14041,16633,10527
"COG0469",6160,2990,7411,6868,6754,10033
"COG0470",7436,33559,9646,8155,13386,6650
"COG0471",7901,4721,6115,8775,10211,12900
"COG0472",8496,2352,10204,11619,9952,10523
"COG0473",9847,2088,9713,6764,5837,6181
"COG0474",2066,4506,1549,695,2145,903
"COG0475",4504,4486,3065,2964,3913,6234
"COG0476",5864,6027,5768,5202,5795,6609
"COG0477",70778,65813,45617,50877,45992,30031
"COG0478",1,0,4,3,47,4
"COG0479",6205,1840,6027,6840,6395,3999
"COG0480",20115,3748,14976,16864,16640,15721
"COG0481",9421,3334,12281,9218,8122,9066
"COG0482",7339,1963,7516,8607,7310,8080
"COG0483",9287,3095,9005,10268,8470,10691
"COG0484",9321,2149,9585,10225,10844,11209
"COG0486",6152,2582,9108,9158,8091,11435
"COG0488",14440,12033,14163,5850,8552,9078
"COG0489",8756,8558,9013,9126,9784,10091
"COG0490",1,1,0,1,4,1
"COG0491",24680,10875,18550,18023,17768,13177
"COG0492",8726,2934,13630,13771,12376,15928
"COG0493",11174,2511,8447,11147,9710,3438
"COG0494",12613,8334,10234,10121,10017,6869
"COG0495",15795,4626,19328,19520,20113,19302
"COG0496",3167,1345,3540,2545,2913,4592
"COG0497",4491,3146,4813,3323,4169,8089
"COG0498",12296,2413,8569,10522,8778,8568
"COG0499",9190,2913,9963,10894,10581,10847
"COG0500",37367,28711,29206,32271,33777,23891
"COG0501",5489,3862,5085,7033,5900,3049
"COG0502",1407,1875,1534,976,1299,4574
"COG0503",3510,2949,3803,2372,2480,2107
"COG0504",10092,2764,12323,12776,12465,13468
"COG0505",6956,2176,8573,8937,8804,9073
"COG0506",3775,3642,3403,4872,4673,3153
"COG0507",3858,7297,5526,2796,4626,6619
"COG0508",13590,7295,19609,21090,17136,16006
"COG0509",2252,1136,2684,2547,2627,3119
"COG0510",1248,6,739,1330,1375,428
"COG0511",4669,3982,3921,4022,4325,4001
"COG0512",4305,1221,5990,3434,3840,3909
"COG0513",17255,13456,19574,16329,20020,14090
"COG0514",2684,4353,4639,2025,2707,2960
"COG0515",7896,8787,5025,5992,10321,3834
"COG0516",9618,10480,10012,11348,10692,10617
"COG0517",14456,7822,11855,11666,12230,7756
"COG0518",14154,3587,12579,12146,12083,13041
"COG0519",8704,2704,9700,9195,8797,10482
"COG0520",17889,4033,15144,14266,17163,16112
"COG0521",2951,1031,1870,2076,2384,908
"COG0522",4084,1032,4906,4922,5060,5853
"COG0523",2132,4373,5513,2791,2888,16644
"COG0524",14067,2775,15010,14485,14032,16399
"COG0525",15963,5060,18641,20452,20142,20848
"COG0526",19391,7776,17790,18595,18962,22506
"COG0527",7950,3647,9040,9497,8440,9898
"COG0528",3467,1315,3809,2934,3650,5689
"COG0529",2621,2235,3125,2327,2828,4275
"COG0530",4665,2286,5388,4648,5601,6801
"COG0531",10427,6567,5463,4189,5882,2660
"COG0532",12090,4771,14930,15173,15373,16779
"COG0533",6614,1679,8122,8828,8085,8666
"COG0534",11546,5811,11500,12296,10768,6441
"COG0535",5946,6286,2820,3297,3189,5698
"COG0536",5632,2230,7177,8258,6623,8702
"COG0537",4153,2561,4009,4256,4198,3897
"COG0538",4739,2294,7800,8729,8524,9091
"COG0539",8981,2643,11464,12018,11159,14008
"COG0540",6867,1775,7252,7422,7624,7084
"COG0541",8576,2642,8898,8834,8175,9514
"COG0542",15285,21522,19654,15416,15753,39701
"COG0543",3057,3757,789,947,1212,355
"COG0544",7524,2459,8590,9857,8340,9716
"COG0545",2988,3484,3958,2998,3773,4661
"COG0546",5272,4454,5603,5228,4977,6461
"COG0547",5729,3121,6368,6246,5679,6728
"COG0548",4785,3900,4722,5327,4308,5521
"COG0549",2133,740,888,783,1377,582
"COG0550",14262,6246,18511,19527,18940,18887
"COG0551",2158,4814,2311,1487,883,1713
"COG0552",5963,1968,6584,6287,6340,7121
"COG0553",4412,119781,4997,4550,6359,4986
"COG0554",6127,2378,5799,7730,6190,2852
"COG0555",455,1091,209,130,188,91
"COG0556",7542,2621,10514,16730,15520,15677
"COG0557",6739,5078,10057,4945,7064,16755
"COG0558",6416,1911,4885,5550,5724,4346
"COG0559",12644,6474,9192,10618,9414,5225
"COG0560",3497,5147,3514,2528,3031,2039
"COG0561",2062,6858,2667,3000,5296,1615
"COG0562",108,1528,273,396,300,712
"COG0563",3864,1735,4369,4622,4675,4630
"COG0564",8270,6756,12344,11942,10485,10550
"COG0565",2283,1363,3988,3886,3517,4852
"COG0566",6630,3006,9206,9113,9613,13273
"COG0567",6488,5497,14571,16072,11416,8344
"COG0568",13596,17008,18720,19619,16346,29197
"COG0569",7721,2405,8512,8725,8695,7528
"COG0571",3313,1240,3912,4722,3887,5034
"COG0572",1810,370,1111,950,1523,1355
"COG0573",695,1027,2017,2629,1751,5425
"COG0574",11518,2794,7355,16658,14617,7758
"COG0575",4003,1324,4570,4390,4684,5894
"COG0576",3843,1358,4491,4745,4501,4637
"COG0577",11037,3638,12983,10736,12759,16356
"COG0578",2688,5056,2967,2415,2245,1786
"COG0579",4621,4500,3449,3330,3929,7635
"COG0580",1993,784,2782,1462,1691,875
"COG0581",898,2311,2265,2653,1687,4840
"COG0582",13042,64842,10129,7833,9707,19162
"COG0583",13930,69171,16185,10222,7558,9864
"COG0584",6891,2306,4113,5270,4940,2402
"COG0585",1749,926,1356,567,1785,626
"COG0586",850,2889,1085,880,829,2799
"COG0587",16149,25005,16955,27379,24175,26796
"COG0588",2877,54,3405,4718,4411,1826
"COG0589",2806,4972,2886,1394,1612,1640
"COG0590",3036,1534,3210,3558,3501,3195
"COG0591",14735,10217,8912,13530,16635,8060
"COG0592",7681,2362,8916,10005,9660,8935
"COG0593",10306,4134,12827,14604,12184,13493
"COG0594",733,576,542,284,195,177
"COG0595",3450,307,6405,7490,5461,10023
"COG0596",44211,18371,36144,37843,34361,35746
"COG0597",2283,1349,2585,3089,2430,2833
"COG0598",464,2975,346,154,180,165
"COG0599",1551,1639,852,711,611,373
"COG0600",6565,7354,4776,5474,4535,2176
"COG0601",10924,830,6415,8561,8848,8506
"COG0602",2633,3788,2491,2072,2922,4202
"COG0603",2717,2918,2158,1757,2710,3731
"COG0604",20535,10062,16177,18009,15515,8734
"COG0605",1375,2871,2205,1457,1649,1906
"COG0606",1395,3485,823,454,288,588
"COG0607",7860,6227,7942,6221,7095,5944
"COG0608",6336,3089,5245,5418,5390,2763
"COG0609",1866,2518,3987,2729,1833,5770
"COG0610",1252,7465,2131,1542,1572,3107
"COG0611",3139,1431,4527,2874,2536,3667
"COG0612",11653,6131,11643,9005,10350,15385
"COG0613",2313,1373,1407,1681,1659,2734
"COG0614",4184,2578,3539,2529,2461,4462
"COG0615",1177,1131,1153,1109,1373,886
"COG0616",5370,4044,7438,7694,5910,7152
"COG0617",6214,5317,7957,12450,11672,15449
"COG0618",2015,105,3195,2217,3182,2042
"COG0619",232,167,1023,888,974,3518
"COG0620",7555,3099,3203,2958,2457,1670
"COG0621",15668,4622,15219,15174,14519,13747
"COG0622",1001,449,374,362,358,244
"COG0623",3481,1538,6038,6183,5262,6023
"COG0624",22988,4922,15954,18036,16503,8388
"COG0625",10505,11396,13034,10844,8777,13418
"COG0626",10988,3427,12203,10725,11466,17434
"COG0627",1311,1499,1317,833,962,560
"COG0628",5860,7912,5910,4289,5232,5535
"COG0629",2703,8976,3557,4089,3361,5251
"COG0630",957,89,2039,294,1488,1335
"COG0631",1409,3941,855,696,965,324
"COG0632",2570,1234,2044,1696,1979,3699
"COG0633",2138,4856,3452,4182,5547,4816
"COG0634",1167,847,552,1098,1328,654
"COG0635",5174,6074,5403,3213,3786,8115
"COG0636",330,336,667,563,686,1849
"COG0637",2604,3856,3393,3291,3367,6598
"COG0638",3029,54,1277,706,2304,586
"COG0639",3316,2410,2598,2046,2855,1648
"COG0640",2151,2816,1472,843,1470,1838
"COG0641",512,373,244,155,105,219
"COG0642",31109,113055,45344,36374,26736,37560
"COG0643",1487,11151,1911,863,897,768
"COG0644",15404,5725,15159,12950,16334,16910
"COG0645",224,1545,92,84,48,31
"COG0646",11018,6088,7104,7932,8612,8423
"COG0647",2577,149,3661,4062,3603,1718
"COG0648",1931,35,1168,1007,1912,553
"COG0649",8722,1158,6297,8887,8336,7128
"COG0650",0,0,0,1,0,11
"COG0651",7369,4348,2410,2231,1874,1985
"COG0652",8567,2413,10690,8313,10088,10947
"COG0653",15558,5436,18569,20624,18406,21066
"COG0654",9962,11089,14853,10088,7854,9860
"COG0655",969,2717,775,516,451,373
"COG0656",2780,2351,1466,1124,2035,808
"COG0657",9310,4013,7455,7378,6150,4259
"COG0658",1104,3911,882,531,249,637
"COG0659",5460,8021,6909,3687,4068,16553
"COG0661",5225,7001,14303,12671,12357,25436
"COG0662",4647,11756,5315,7105,7475,6651
"COG0663",2123,2731,2275,2698,2024,1477
"COG0664",5949,7501,3301,3152,4919,5616
"COG0665",59304,17569,41823,49932,41617,32913
"COG0666",10383,865,3897,3703,4631,1917
"COG0667",17822,5108,12185,14233,13321,10428
"COG0668",9926,8926,11655,10548,10341,9652
"COG0669",2502,925,3086,3346,3095,3610
"COG0670",2061,779,3615,3907,3113,4229
"COG0671",1196,8072,1190,1661,2072,1693
"COG0672",1647,820,473,908,1272,303
"COG0673",43439,1931,32722,33180,30790,28726
"COG0674",10186,356,3423,5226,7049,2222
"COG0675",140,264,289,97,136,101
"COG0676",102,1606,181,63,112,54
"COG0677",3675,1244,4342,4552,4594,4827
"COG0678",1225,1870,2308,2690,2057,1305
"COG0679",2115,5286,4258,3850,3080,4505
"COG0680",7,39,60,33,21,52
"COG0681",5271,1669,6970,6242,6493,8049
"COG0682",4644,1367,5416,5863,5062,6139
"COG0683",16918,8797,11291,12908,12188,6945
"COG0684",3309,1258,1983,1720,1337,1496
"COG0685",6527,2377,4483,5116,4521,5725
"COG0686",3793,348,4351,5542,4636,2599
"COG0687",9132,5084,6118,4221,3588,1687
"COG0688",3303,1530,3336,3889,3611,1824
"COG0689",3113,1273,3141,2505,3035,1724
"COG0690",313,427,591,502,424,1529
"COG0691",2561,921,3009,3478,2951,3461
"COG0692",569,1773,1872,1369,1512,1356
"COG0693",1274,5202,982,692,502,384
"COG0694",3647,2294,4017,3265,4461,2358
"COG0695",1743,2409,2480,2652,2485,2290
"COG0696",2940,2765,4447,2505,3121,9405
"COG0697",35884,15169,45537,49787,41759,33746
"COG0698",1761,582,1825,2442,2017,1230
"COG0699",62,1983,161,83,352,116
"COG0700",455,1172,232,175,140,247
"COG0701",1035,1397,749,713,624,483
"COG0702",7049,1478,10271,8999,10164,14078
"COG0703",2796,981,3871,4234,3605,4619
"COG0704",2516,1344,1790,1928,2353,796
"COG0705",5335,2117,4672,2720,3301,2132
"COG0706",8503,3083,11230,12227,10408,10605
"COG0707",4981,1818,6612,4836,4233,5049
"COG0708",4851,3946,6493,6319,6152,7209
"COG0709",3243,970,2868,2563,3039,6768
"COG0710",1249,553,739,181,534,215
"COG0711",3130,929,5065,5661,4871,7421
"COG0712",3213,794,3903,4451,3936,4528
"COG0713",1909,189,1548,1969,1871,1574
"COG0714",15905,74149,13962,19496,22447,10130
"COG0715",5052,13425,2996,2645,2406,1800
"COG0716",222,551,1359,911,1200,3232
"COG0717",2822,4946,3644,4267,3375,3585
"COG0718",1265,485,1209,1456,1348,1763
"COG0719",14772,812,16633,18264,18482,17614
"COG0720",1949,1033,2231,1657,2374,5467
"COG0721",1055,527,1602,1712,1292,2016
"COG0722",2683,3213,2581,2460,2417,5540
"COG0723",3235,1743,3257,4256,3549,4034
"COG0724",1004,154,2170,752,1291,2911
"COG0725",1575,1829,674,683,495,421
"COG0726",10687,4666,6548,8090,6743,4028
"COG0727",484,1051,496,165,240,1476
"COG0728",5715,4331,8607,9485,7477,9254
"COG0729",631,3951,462,367,267,221
"COG0730",6314,6840,9920,11597,9422,7945
"COG0731",1165,0,802,382,1381,420
"COG0732",546,2889,940,573,744,1368
"COG0733",4492,3964,5285,4259,5528,8029
"COG0735",3567,1767,6374,7466,6133,7159
"COG0736",1431,62,1442,1970,1538,800
"COG0737",5031,2312,3718,2742,3501,2458
"COG0738",743,185,1784,768,701,1002
"COG0739",10129,9750,11463,18235,18906,11332
"COG0740",4682,8554,6168,5986,6137,13552
"COG0741",10148,13871,10732,11714,9969,6522
"COG0742",2893,797,3602,3965,3385,4011
"COG0743",5461,1932,5864,6669,5978,9057
"COG0744",4192,8044,4204,4193,3183,7256
"COG0745",10124,19738,17836,16404,13294,19989
"COG0746",2400,955,1483,1874,2006,563
"COG0747",24679,3988,14218,12665,13581,13666
"COG0748",525,706,1754,964,910,1198
"COG0749",16333,499406,20172,24213,25173,25405
"COG0750",9405,2597,9257,9357,10446,9033
"COG0751",5640,3417,7352,8151,6217,9845
"COG0752",2487,1244,3059,2275,1662,3005
"COG0753",375,4101,660,242,53,93
"COG0754",70,21,210,125,55,52
"COG0755",5482,1019,7234,7181,7379,7743
"COG0756",1997,7741,2387,2793,2641,1295
"COG0757",2717,884,2854,3225,2733,3380
"COG0758",1314,2192,696,410,317,500
"COG0759",759,380,1265,1395,1153,1836
"COG0760",12662,7537,12232,10557,11531,10537
"COG0761",4670,1727,6081,6903,5742,7993
"COG0762",1036,914,1751,1788,1522,2730
"COG0763",4683,2090,6722,6833,6031,8394
"COG0764",5721,2468,5866,6407,6188,5639
"COG0765",7472,5417,8042,10701,11586,6714
"COG0766",5840,2535,8600,9497,8198,9056
"COG0767",1038,2247,2477,1493,1557,4549
"COG0768",16476,6761,22551,25487,22011,24744
"COG0769",6728,4463,10523,11466,9558,11214
"COG0770",4932,2224,6296,5731,5722,9039
"COG0771",5367,2366,8032,8498,7334,9209
"COG0772",10843,4258,14776,16092,13871,17451
"COG0773",8414,4777,11320,11202,10015,11478
"COG0774",5371,1763,6167,6554,6119,7069
"COG0775",1946,4422,1788,1422,1688,1086
"COG0776",3708,1954,4062,4841,3771,4166
"COG0777",5995,2619,5639,5989,5741,7303
"COG0778",7293,3855,7963,6832,7325,7250
"COG0779",1339,796,1656,1373,1236,2642
"COG0780",1678,2344,1584,1067,1052,1987
"COG0781",2340,753,2946,2944,2692,3573
"COG0782",3128,2408,3166,3413,2831,1795
"COG0783",89,1339,233,173,100,172
"COG0784",9790,65925,13087,6477,4021,5315
"COG0785",1478,193,2795,3414,2599,4080
"COG0786",229,684,1315,564,848,5234
"COG0787",3742,3299,4877,2619,2695,4773
"COG0788",577,1561,1003,1229,1325,3365
"COG0789",3811,7434,3897,4308,3316,1960
"COG0790",6004,2583,2973,3702,3422,1708
"COG0791",1416,15787,3324,3551,2924,5104
"COG0792",430,629,181,80,58,99
"COG0793",14049,6541,14401,13569,13604,20670
"COG0794",3997,1842,5123,5690,5237,3120
"COG0795",8721,3599,10787,11653,10675,11113
"COG0796",1608,1488,1924,995,1501,3680
"COG0797",1310,2839,1052,1078,1066,634
"COG0798",744,1541,539,384,325,218
"COG0799",2178,673,2380,2625,2315,2415
"COG0800",1094,1678,1705,793,852,3308
"COG0801",2771,1379,3338,3298,3044,3631
"COG0802",2324,716,2910,3427,2965,3110
"COG0803",1447,717,4115,2945,3458,10587
"COG0804",1975,2240,3128,2073,2162,3238
"COG0805",4796,1743,5602,5724,5564,5583
"COG0806",2030,881,2202,1717,1733,3286
"COG0807",5435,3001,9079,7963,7338,10186
"COG0809",4757,1959,4907,4627,4632,7582
"COG0810",2179,2726,2402,2022,1869,2628
"COG0811",6444,5463,8903,8310,6929,6932
"COG0812",4359,1912,5746,6241,5515,6882
"COG0813",47,69,384,392,373,252
"COG0814",114,41,179,43,201,29
"COG0815",6710,3647,9057,10323,9158,8987
"COG0816",1855,654,2901,3040,2533,3244
"COG0817",1978,1040,1726,1414,1640,2765
"COG0818",379,972,724,364,394,1846
"COG0819",815,677,683,538,550,3795
"COG0820",4764,2933,5114,4028,4420,7035
"COG0821",5917,1915,6859,8490,7311,8895
"COG0822",2812,3148,1819,2364,2129,1334
"COG0823",18887,2492,8619,12466,12299,6345
"COG0824",6530,3427,6343,5441,5512,6791
"COG0825",6712,1562,6268,6851,6298,7287
"COG0826",2154,4605,529,372,582,268
"COG0827",275,675,328,273,364,529
"COG0828",552,587,1019,1093,748,1144
"COG0829",902,1362,1684,1048,1309,1431
"COG0830",727,911,1158,834,937,1043
"COG0831",448,567,550,357,439,445
"COG0832",494,430,517,376,351,471
"COG0833",0,2052,2,6,5,0
"COG0834",9117,16380,10030,11739,12018,9014
"COG0835",679,3329,737,275,339,297
"COG0836",4567,2892,4022,5083,4431,6795
"COG0837",631,1657,2283,1197,1102,4854
"COG0838",3142,413,2133,2757,2646,2036
"COG0839",3429,322,2625,3371,3003,3296
"COG0840",7632,58220,9256,3726,3531,3719
"COG0841",23049,39616,32486,28965,23006,18830
"COG0842",7387,7769,6306,7527,6684,6148
"COG0843",13096,7462,15993,16518,16557,21123
"COG0845",12977,23663,17925,14111,12054,19918
"COG0846",2600,1476,1834,1499,1382,1453
"COG0847",4879,4920,6980,5990,5960,6639
"COG0848",2620,2334,2718,2919,2301,2521
"COG0849",5724,2323,5409,6097,5589,3469
"COG0850",261,1217,675,268,361,2801
"COG0851",80,466,337,129,176,1561
"COG0852",4216,1072,3042,4018,3860,3234
"COG0853",344,826,617,314,424,386
"COG0854",2225,1184,4219,4161,3348,4600
"COG0855",1252,5368,4224,2805,2899,9596
"COG0856",305,0,473,142,605,204
"COG0857",665,3702,1310,573,538,3371
"COG0858",1772,778,2339,2570,2306,2379
"COG0859",11931,2505,8410,11487,9575,4507
"COG0860",3818,2259,4582,3772,3898,6529
"COG0861",1907,4643,3079,3950,3024,3496
"COG0863",5262,45021,6258,16952,21368,5380
"COG0864",147,17,25,46,93,15
"COG1001",1466,38,918,643,872,443
"COG1002",1489,3162,2255,1330,2578,2740
"COG1003",9385,4076,14924,14641,13228,16258
"COG1004",6867,21265,8545,12459,12869,10007
"COG1005",5707,546,4113,7736,7978,7134
"COG1006",525,571,237,175,168,180
"COG1007",11413,1119,8064,10230,10134,8712
"COG1008",11912,1486,9997,11548,11589,16769
"COG1009",14534,7006,11591,14093,13921,12928
"COG1010",868,113,1408,865,1207,7880
"COG1011",10211,1634,7485,9009,7536,4132
"COG1012",54841,33916,54302,56881,52651,34535
"COG1013",6769,294,1988,3126,4288,1342
"COG1014",11202,3232,4368,7010,7683,3416
"COG1015",651,25,792,502,356,220
"COG1017",120,1560,204,97,30,25
"COG1018",3096,9075,2483,1563,1569,1344
"COG1019",786,0,469,129,697,203
"COG1020",1104,10503,1485,971,1129,628
"COG1021",298,1001,49,39,36,13
"COG1022",12390,2887,11885,14063,14806,13430
"COG1023",296,3667,47,214,114,85
"COG1024",45112,20263,37689,25364,24576,13571
"COG1025",2596,2523,1314,994,1538,778
"COG1026",1165,2131,1615,1325,988,1419
"COG1027",1218,2195,61,48,229,66
"COG1028",99206,40738,81510,84213,76580,72144
"COG1029",186,12,201,229,252,105
"COG1030",3202,1116,918,1386,1670,723
"COG1031",355,0,798,339,1215,397
"COG1032",19485,13165,4589,8831,8722,2435
"COG1033",22759,2527,21376,19207,26240,11275
"COG1034",6081,2239,6167,9987,7189,2904
"COG1035",1730,1092,291,593,646,112
"COG1036",13,1,72,79,35,63
"COG1038",820,286,2757,1724,1369,1251
"COG1039",88,0,128,173,84,65
"COG1040",731,1073,339,228,160,199
"COG1041",645,0,1040,309,1292,405
"COG1042",7510,1514,3326,2516,2962,1607
"COG1043",3335,1315,4544,4875,4321,5035
"COG1044",4313,1833,6036,5834,5096,8112
"COG1045",1940,3049,3077,3030,2435,3936
"COG1047",2130,2414,1585,758,1659,620
"COG1048",14310,8966,12205,15655,14580,5299
"COG1049",2151,4299,8403,5851,5059,14330
"COG1051",2629,2063,1783,1778,1930,1181
"COG1052",6058,6255,6758,7934,4854,3685
"COG1053",21182,4982,20669,15748,14342,9291
"COG1054",3430,1725,6889,6713,6320,6385
"COG1055",4726,2453,4290,3530,4793,2500
"COG1056",538,378,416,151,583,235
"COG1057",2846,675,3624,4037,3341,3839
"COG1058",4178,156,4334,5244,5282,6501
"COG1059",1,5,4,10,8,1
"COG1060",7740,7,4213,4489,5468,1991
"COG1061",3505,55490,6651,12748,15756,8068
"COG1062",7340,4534,3168,3513,3818,1787
"COG1063",11289,6294,5290,7410,6108,3643
"COG1064",3089,4244,2224,1689,1566,1478
"COG1066",3614,3253,3957,2459,2837,7220
"COG1067",1644,3932,1880,812,2112,860
"COG1069",729,151,251,219,294,190
"COG1070",2410,1177,5403,3302,3338,7471
"COG1071",10880,3189,11471,10490,13402,11686
"COG1072",104,72,401,389,325,133
"COG1073",6828,5495,6395,7453,5884,3891
"COG1074",7211,5715,12446,5942,10111,10570
"COG1075",1591,1835,1414,1358,1813,5244
"COG1076",2348,1590,1857,2143,1644,940
"COG1077",5633,1841,7759,5304,4492,5378
"COG1078",1836,161,2623,1284,2805,5738
"COG1079",4452,1757,3478,2422,2262,1052
"COG1080",1374,4424,987,1724,1412,684
"COG1082",6547,2407,5252,5361,4330,3139
"COG1083",1860,4784,2539,3555,3124,2835
"COG1084",485,0,830,193,852,267
"COG1085",1120,43,545,546,753,253
"COG1086",4980,7318,5123,4882,5442,7260
"COG1087",2718,3916,3344,3108,3022,5450
"COG1088",5255,15178,4731,7493,7127,5174
"COG1089",4032,16180,5099,8572,8719,7133
"COG1090",2291,1543,3693,2547,3985,5826
"COG1091",3636,8537,2910,2431,2298,2027
"COG1092",1389,5776,1649,671,499,817
"COG1093",1071,0,658,277,1072,338
"COG1094",671,0,630,223,884,269
"COG1095",698,0,526,182,730,238
"COG1096",355,0,177,80,678,94
"COG1097",971,0,407,161,750,213
"COG1098",0,0,1,35,2,0
"COG1099",175,5,108,82,72,80
"COG1100",551,8,2947,2121,4235,16024
"COG1101",3,51,40,23,11,11
"COG1102",701,0,369,162,650,197
"COG1104",6998,2392,6801,6063,6330,11955
"COG1105",91,2060,26,12,26,30
"COG1106",11,3,21,11,15,6
"COG1107",1,0,1,12,2,1
"COG1108",2764,1935,6131,5563,5225,10213
"COG1109",10700,4675,12270,20524,18789,19809
"COG1111",1505,0,1592,517,2076,756
"COG1112",2118,8398,4015,3005,4950,5628
"COG1113",46,7357,1,0,0,4
"COG1114",94,2161,62,15,17,11
"COG1115",6421,4185,6602,5567,5943,4530
"COG1116",3166,6520,2103,1718,1706,981
"COG1117",886,1273,1876,2140,1474,3702
"COG1118",375,1264,170,179,234,50
"COG1119",1693,43,1145,475,674,2331
"COG1120",1383,1029,1961,1198,1066,2923
"COG1121",2006,1695,5211,4959,4546,9428
"COG1122",1273,204,1744,1612,2206,5702
"COG1123",6297,1554,10339,7057,7160,10967
"COG1124",36,7,35,7,9,23
"COG1125",226,100,106,56,54,75
"COG1126",4365,4839,4754,5272,5731,5655
"COG1127",1039,2247,2559,1555,1553,4635
"COG1129",5385,165,4763,5105,4304,2342
"COG1131",18473,8500,14864,15749,17693,13454
"COG1132",32217,12606,34491,33304,36078,48534
"COG1133",1590,838,2323,3024,2164,1094
"COG1134",1298,296,1330,849,1255,1675
"COG1135",396,1745,78,28,84,51
"COG1136",11002,4347,10582,9591,10930,10933
"COG1137",3567,1336,5079,3427,2950,3757
"COG1138",10008,2127,10967,13744,11990,5763
"COG1139",2030,1198,65,66,115,69
"COG1140",579,1142,67,136,157,70
"COG1141",6,0,295,300,254,1681
"COG1142",356,120,904,616,888,4228
"COG1143",3981,399,2574,5186,3387,4063
"COG1144",189,0,0,3,1,1
"COG1145",2169,993,990,592,762,3608
"COG1146",4163,1146,2603,3398,3194,1409
"COG1148",1139,0,18,52,395,32
"COG1150",39,0,8,54,73,1
"COG1151",0,0,0,1,2,92
"COG1153",38,0,9,24,42,6
"COG1154",7586,3497,11052,11540,9738,13308
"COG1155",2241,0,1501,539,2048,679
"COG1156",1463,0,1181,408,1729,530
"COG1157",1406,1376,1346,821,818,973
"COG1158",7905,2363,8195,10160,8453,5137
"COG1159",2554,1621,3657,2558,2865,5235
"COG1160",5766,2849,6583,5947,6109,8842
"COG1161",422,76,962,609,998,3585
"COG1162",2012,1730,2819,1689,1997,4693
"COG1163",1362,0,921,378,1495,401
"COG1164",3613,53,3374,2639,4108,2272
"COG1165",1996,160,2596,1619,2285,7565
"COG1166",772,1828,2955,1946,2055,7898
"COG1167",4112,8006,3069,1919,1628,1780
"COG1168",1273,102,1398,1011,732,731
"COG1169",1612,1054,1931,989,1371,3754
"COG1171",10427,2546,10950,9034,9161,11363
"COG1172",5182,146,5390,5898,4817,2557
"COG1173",15048,985,8988,8041,8243,7744
"COG1174",341,186,156,102,87,102
"COG1175",8540,3252,9653,9787,8674,5293
"COG1176",7591,2068,5366,5841,4741,2145
"COG1177",4100,1277,3088,4587,4064,2045
"COG1178",9489,1918,14049,14270,12738,12559
"COG1179",181,1528,213,124,153,78
"COG1180",1083,626,46,69,222,79
"COG1181",5381,4531,5993,6439,5886,7082
"COG1182",190,689,844,789,465,358
"COG1183",4242,1638,3942,4672,4032,2242
"COG1184",95,49,18,7,49,9
"COG1185",10934,3711,13410,14922,13023,13659
"COG1186",3920,1639,4645,7509,6862,10221
"COG1187",3242,5186,4915,3810,4368,6007
"COG1188",371,865,407,289,197,266
"COG1189",1246,67,1353,1049,1246,3919
"COG1190",6364,2713,5952,6000,6517,8564
"COG1191",1000,1148,872,508,501,604
"COG1192",6891,5198,8587,8319,8111,6859
"COG1193",2369,106,3226,1666,2289,9698
"COG1194",4444,2166,7077,7680,6532,4239
"COG1195",2297,1264,3610,4196,4141,7119
"COG1196",13813,5536,17033,16094,17569,16885
"COG1197",9076,4215,9353,10664,11721,20496
"COG1198",11398,4251,14191,15077,12286,14865
"COG1199",8246,5453,4793,3687,5873,7316
"COG1200",10208,3282,12463,14457,12849,13962
"COG1201",5839,5302,9017,3269,8182,13445
"COG1202",5,0,0,7,0,0
"COG1203",172,2638,231,145,113,142
"COG1204",2793,1673,2309,913,3568,1105
"COG1205",620,395,415,203,318,769
"COG1206",1060,96,1887,918,1268,6631
"COG1207",3725,2498,5739,6428,5082,7814
"COG1208",6379,4237,6035,10825,11232,10660
"COG1209",3895,5350,4076,4441,4079,3888
"COG1210",2253,1666,2930,3005,2336,1656
"COG1211",2582,794,3050,5827,4713,5072
"COG1212",3619,2769,4972,5780,5182,3475
"COG1213",3499,227,860,1999,2118,681
"COG1214",2724,1130,2527,2741,2531,3772
"COG1215",3826,3618,3840,1793,3062,7111
"COG1216",7014,5709,5615,6704,6140,4223
"COG1217",9224,2984,8410,6589,7846,10776
"COG1218",3252,1543,4749,4794,4247,5552
"COG1219",7070,2744,7812,8897,7546,9146
"COG1220",4510,1420,4431,5861,4380,2140
"COG1221",238,1408,367,155,86,177
"COG1222",661,0,990,325,1473,452
"COG1223",5,0,12,6,43,13
"COG1224",0,0,26,13,95,25
"COG1225",5346,1427,6174,3426,4022,6023
"COG1226",8112,8662,7349,5695,7710,10044
"COG1227",27,13,439,40,75,148
"COG1228",20887,1535,11669,12146,14009,8090
"COG1229",236,6,280,290,293,186
"COG1230",2102,5484,1655,978,821,594
"COG1231",2884,118,763,1412,1405,855
"COG1232",3012,178,2179,2494,2697,2613
"COG1233",9912,1685,17789,14554,15541,23753
"COG1234",4843,1128,5281,4325,4799,7040
"COG1235",3988,2408,4910,4777,4911,3120
"COG1236",2521,5243,3292,1324,2464,5419
"COG1237",419,0,243,118,137,228
"COG1238",2435,1235,3239,3268,2850,1551
"COG1239",2073,280,3684,1589,2456,11417
"COG1240",301,123,862,503,569,2506
"COG1241",2538,492,2067,789,3017,1106
"COG1242",547,0,52,80,290,74
"COG1243",1237,0,299,515,1127,225
"COG1244",736,0,1159,389,1392,492
"COG1245",1883,1,1528,596,2284,694
"COG1246",953,2380,492,262,285,182
"COG1247",942,844,477,433,443,185
"COG1249",17450,11173,18068,16411,16087,20374
"COG1250",13930,7944,13092,18902,19948,10541
"COG1251",384,5163,465,369,199,253
"COG1252",1804,2585,4657,3089,3712,10527
"COG1253",7902,5919,7571,6544,7925,12783
"COG1254",858,24,196,325,355,150
"COG1255",0,0,0,3,0,0
"COG1256",1490,2069,1788,1033,937,1363
"COG1257",2245,116,2875,1759,3111,1541
"COG1258",1595,0,1436,445,1860,715
"COG1259",1406,87,880,981,979,679
"COG1260",3521,144,508,1316,1470,453
"COG1261",433,862,301,184,327,180
"COG1262",12415,4972,7135,4784,6160,4929
"COG1263",6,211,1,0,5,0
"COG1264",1,122,2,0,3,0
"COG1266",1503,667,3113,1551,2723,6667
"COG1267",1325,866,1601,1968,1465,841
"COG1268",1187,17,2188,2728,2189,2582
"COG1269",2405,0,1485,637,2471,789
"COG1270",1339,800,1121,576,814,4698
"COG1271",910,4806,632,330,152,243
"COG1272",1159,1150,593,513,705,318
"COG1273",68,882,31,5,30,15
"COG1274",1080,1378,222,603,778,202
"COG1275",52,535,31,9,19,11
"COG1276",140,9,175,103,33,48
"COG1277",3532,1268,1206,1487,1676,1190
"COG1278",3325,3118,2580,2957,2862,1322
"COG1279",704,1114,1666,1957,1745,789
"COG1280",5182,9099,6873,4906,4810,2199
"COG1281",263,1727,1724,767,834,4187
"COG1282",6445,2433,8432,9525,8775,9565
"COG1283",3006,3261,1287,2185,2283,990
"COG1284",464,1128,166,88,202,124
"COG1285",333,944,86,78,36,26
"COG1286",341,696,695,298,378,459
"COG1287",2688,7,4663,1740,6082,2405
"COG1288",294,135,138,44,42,33
"COG1289",227,8209,236,55,50,184
"COG1290",6262,1415,7946,8232,7897,9116
"COG1291",2951,2438,1458,1635,1822,1223
"COG1292",3093,9480,3963,2625,2267,8212
"COG1293",2566,2,3202,1331,3593,7512
"COG1294",271,3467,457,242,126,185
"COG1295",990,2203,1093,930,1371,4034
"COG1296",769,1686,1353,1341,878,646
"COG1297",2884,79,2460,1564,3759,1723
"COG1298",2176,2361,2271,1414,1138,1479
"COG1299",24,2692,57,21,46,26
"COG1300",65,933,55,46,28,50
"COG1301",3497,7798,4008,3610,3395,2721
"COG1302",1,16,0,1,0,0
"COG1303",632,0,486,163,594,214
"COG1304",5725,1684,9210,10772,8361,4567
"COG1305",3499,4573,2984,1819,1807,1339
"COG1306",173,0,251,1003,802,114
"COG1307",1358,49,288,568,494,86
"COG1308",284,0,19,20,146,18
"COG1309",4870,14408,5223,3352,2635,2173
"COG1310",1146,15349,235,448,721,558
"COG1311",945,9,819,410,1475,408
"COG1312",2124,57,830,967,907,824
"COG1313",21,0,0,2,3,14
"COG1314",146,384,324,301,223,84
"COG1315",425,10,249,166,400,191
"COG1316",555,118,386,917,665,196
"COG1317",956,851,207,126,258,107
"COG1319",7389,909,2813,2998,3613,1272
"COG1320",286,556,117,55,59,80
"COG1321",2575,86,1480,1304,2109,907
"COG1322",5984,1678,7332,8169,7604,6483
"COG1324",864,14,796,687,981,1351
"COG1325",222,0,13,20,66,0
"COG1326",211,1,306,130,483,130
"COG1327",1611,661,2213,2575,1934,3520
"COG1328",1058,1910,127,107,282,136
"COG1329",1127,81,1966,3230,2099,988
"COG1330",2906,4797,3393,1511,2894,8519
"COG1331",11270,197,3988,5011,5470,2377
"COG1333",62,61,1301,477,1022,5620
"COG1334",29,210,48,53,27,41
"COG1335",4128,4549,2106,1069,1136,2155
"COG1336",0,0,0,0,2,4
"COG1337",0,0,0,0,0,0
"COG1338",831,827,903,547,448,589
"COG1339",630,0,383,133,553,156
"COG1340",437,0,725,247,1072,425
"COG1341",0,0,1,3,29,0
"COG1343",1,0,3,3,1,14
"COG1344",7692,2812,5584,3813,5330,5046
"COG1345",2470,1534,1313,761,989,1074
"COG1346",166,2185,206,66,68,94
"COG1347",767,666,1473,1318,1319,1264
"COG1348",31,14,1666,783,856,4975
"COG1349",385,1673,621,314,193,355
"COG1350",1957,54,1108,1938,2014,490
"COG1351",5380,25205,4012,9322,12048,5518
"COG1352",796,2835,889,411,404,361
"COG1353",1,0,0,2,1,7
"COG1354",3822,1253,4674,5246,4654,5649
"COG1355",653,13,58,95,172,33
"COG1356",0,0,0,1,0,0
"COG1357",7263,2766,5060,2172,3406,8146
"COG1358",405,0,362,116,567,157
"COG1359",965,167,305,450,399,165
"COG1360",3327,2803,3278,2695,2865,2150
"COG1361",859,0,26,40,161,0
"COG1362",841,1309,249,288,264,83
"COG1363",1574,1948,2008,1288,1431,1474
"COG1364",4583,2240,5281,6892,5403,6711
"COG1366",772,2491,454,346,420,1250
"COG1368",3755,2575,1098,863,1964,648
"COG1369",1,0,0,1,1,0
"COG1370",973,0,1474,455,2052,727
"COG1371",367,0,41,79,303,22
"COG1372",1021,85661,3125,2074,3061,10284
"COG1373",217,46,107,66,69,109
"COG1374",1,0,1,3,12,0
"COG1376",751,2229,1100,499,504,482
"COG1377",1201,1132,1205,782,685,888
"COG1378",797,0,683,226,718,529
"COG1379",228,0,0,8,0,11
"COG1380",35,607,33,12,8,7
"COG1381",3193,1011,3189,3717,3069,4470
"COG1382",6,0,0,0,7,1
"COG1383",76,0,115,48,166,62
"COG1384",3427,160,6398,7089,5807,3027
"COG1385",3856,2422,5136,5540,4710,5802
"COG1386",2139,784,2570,4103,3985,3690
"COG1387",1563,4,1365,554,1003,759
"COG1388",922,1621,822,576,718,562
"COG1389",1174,0,1454,665,2627,1046
"COG1390",425,0,398,141,443,136
"COG1391",3274,5054,2103,756,1135,835
"COG1392",2113,631,673,600,1167,320
"COG1393",1769,1315,1334,1042,1323,653
"COG1394",809,1,497,193,854,242
"COG1395",0,0,0,4,0,1
"COG1396",3077,5359,3524,4276,2870,1532
"COG1397",640,358,197,209,255,166
"COG1398",1820,3483,2318,2150,2613,4507
"COG1399",1197,545,245,422,441,143
"COG1400",28,0,8,3,26,10
"COG1401",661,2045,487,342,767,805
"COG1402",3024,426,1874,1133,1460,3553
"COG1403",2504,4736,3397,4227,3600,4196
"COG1404",18249,4328,29059,16273,37284,17403
"COG1405",3013,657,1951,1154,3346,902
"COG1406",39,7,84,40,4,47
"COG1407",526,677,986,318,304,3200
"COG1408",911,1033,783,859,1141,797
"COG1409",5609,2958,4868,3307,3174,2789
"COG1410",10889,6408,7786,6652,8494,15325
"COG1411",83,3,90,108,143,102
"COG1412",17,0,14,8,58,15
"COG1413",3409,41,2640,2017,2540,5070
"COG1414",1837,8128,1593,1159,968,657
"COG1415",279,0,42,103,114,12
"COG1416",23,0,8,15,13,6
"COG1418",1872,225,709,820,772,440
"COG1419",1006,1235,566,391,448,309
"COG1420",2710,122,1410,1200,1414,769
"COG1422",483,0,447,157,709,215
"COG1426",1410,1497,580,656,770,321
"COG1427",920,0,628,308,720,321
"COG1428",1768,160,2075,1781,2257,1693
"COG1429",2482,491,8846,3490,6045,29133
"COG1430",854,5057,989,1390,1104,1029
"COG1431",14,16,49,19,35,36
"COG1432",2307,2050,697,590,485,333
"COG1433",4,0,0,0,0,18
"COG1434",1105,1385,1243,578,558,846
"COG1435",1951,561,1828,2094,2163,1182
"COG1436",165,0,178,39,199,85
"COG1437",97,0,27,9,31,31
"COG1438",280,40,226,254,137,30
"COG1439",514,0,300,159,493,154
"COG1441",437,0,57,118,348,18
"COG1442",8,31,192,548,573,88
"COG1443",673,84,814,403,853,490
"COG1444",532,162,333,171,105,89
"COG1445",20,1756,26,10,28,14
"COG1446",3700,310,2925,1989,2869,1852
"COG1448",523,2904,1570,633,545,810
"COG1449",207,97,1629,365,450,615
"COG1450",3912,5328,3385,2939,2776,2164
"COG1451",1473,1445,927,637,784,3316
"COG1452",4664,3927,6744,7885,6825,4135
"COG1453",594,1,1562,785,946,8495
"COG1454",6821,6679,6857,8385,6412,3128
"COG1455",0,36,1,3,0,7
"COG1456",77,0,0,1,0,11
"COG1457",392,2042,216,162,198,37
"COG1459",4758,5065,3506,4200,3829,4025
"COG1460",93,0,20,9,94,25
"COG1461",2120,0,333,1114,1035,177
"COG1462",543,9681,620,660,747,935
"COG1463",625,1781,1308,796,883,3495
"COG1464",37,1937,38,11,9,12
"COG1465",948,0,779,299,934,342
"COG1466",4750,1929,5424,5820,5098,6186
"COG1467",1547,8,889,330,1403,412
"COG1468",10,0,7,9,2,17
"COG1469",754,1102,740,427,346,421
"COG1470",28,2,49,7,153,137
"COG1471",626,0,507,115,614,167
"COG1472",9260,4425,14466,11028,11059,9032
"COG1473",11342,388,9520,9187,8917,10092
"COG1474",1760,0,1965,670,2738,945
"COG1475",5262,14639,6356,7286,7152,4033
"COG1476",401,36,319,237,242,153
"COG1477",2752,1183,2736,2389,2463,2234
"COG1478",2038,0,812,918,941,414
"COG1479",502,2584,684,401,651,493
"COG1480",2159,155,3113,3507,4245,6982
"COG1481",1,40,3,0,3,20
"COG1482",550,192,222,292,288,195
"COG1483",114,110,209,60,93,360
"COG1484",1906,5437,1155,696,697,610
"COG1485",1080,2783,3978,3035,2020,1951
"COG1486",925,50,1494,1771,1533,635
"COG1487",111,11,39,37,25,27
"COG1488",1087,4134,1095,894,852,720
"COG1489",1302,515,1494,2726,2090,3344
"COG1490",1503,726,1326,1349,1311,784
"COG1491",683,0,531,182,731,261
"COG1492",1497,2385,1764,752,1300,6199
"COG1493",200,25,291,189,179,197
"COG1494",2050,76,3700,3787,3635,5449
"COG1495",893,1123,1082,1548,1298,552
"COG1496",2281,1287,3079,3950,3140,4081
"COG1497",0,0,0,1,0,0
"COG1498",1061,0,785,300,1145,386
"COG1499",320,0,537,277,1047,382
"COG1500",760,0,576,208,820,264
"COG1501",628,150,485,421,521,393
"COG1502",1692,6110,1542,698,917,1440
"COG1503",1366,0,1015,372,1455,500
"COG1505",2524,391,2619,2445,2255,2568
"COG1506",18933,3202,13917,12526,12311,15032
"COG1507",220,24,104,341,283,26
"COG1508",4261,3071,4775,2457,2766,2161
"COG1509",2085,1078,705,665,651,345
"COG1510",97,14,151,106,36,102
"COG1511",9,316,5,14,32,9
"COG1512",243,849,135,100,142,191
"COG1513",46,311,118,103,135,77
"COG1514",1510,476,285,418,445,197
"COG1515",166,702,42,76,110,59
"COG1516",270,191,141,165,236,135
"COG1518",41,597,59,46,54,81
"COG1519",5465,2227,7153,7774,6333,4219
"COG1520",8792,1999,6339,8466,5871,3811
"COG1521",2939,1304,3644,4148,3444,3676
"COG1522",7104,5636,4514,1553,2792,1378
"COG1523",1314,3018,2808,1485,1674,9874
"COG1524",5185,209,3009,2365,2771,1708
"COG1525",1881,9238,1733,2446,2733,1478
"COG1526",2875,2358,2249,2403,2894,807
"COG1527",1249,0,882,336,1282,411
"COG1528",151,28,773,311,551,2433
"COG1529",36372,2749,11846,13270,15779,4915
"COG1530",9757,8044,10960,11957,11040,12937
"COG1533",2361,2053,1022,892,1189,834
"COG1534",294,531,162,102,149,73
"COG1535",75,441,0,1,0,3
"COG1536",2897,1118,1457,1611,1877,1180
"COG1537",1282,0,799,286,1248,367
"COG1538",8450,18359,13148,11699,10342,13529
"COG1539",1846,1295,2291,2328,1946,1907
"COG1540",2441,1358,2095,2229,1779,678
"COG1541",4056,661,1542,1010,1192,1487
"COG1543",24,0,1204,632,938,6818
"COG1544",403,789,1014,507,488,3058
"COG1545",2401,29,890,1206,996,311
"COG1546",4540,1176,4189,4433,4518,6783
"COG1547",387,0,388,352,478,1563
"COG1548",101,2,172,147,157,123
"COG1549",583,0,1295,415,1803,627
"COG1550",82,0,3,4,5,4
"COG1551",335,587,177,168,174,98
"COG1552",30,0,25,24,108,25
"COG1553",220,652,213,103,124,68
"COG1554",102,218,199,187,174,305
"COG1555",252,637,171,91,74,168
"COG1556",800,507,30,47,116,39
"COG1558",311,296,286,275,292,310
"COG1559",3415,1772,3016,3011,3267,2356
"COG1560",5504,3307,5591,6627,5606,3632
"COG1561",2399,1017,2316,1633,1916,1701
"COG1562",1599,1695,5003,5173,6146,6729
"COG1563",1,0,10,0,0,0
"COG1564",1232,1,916,1119,1567,539
"COG1565",3098,76,4473,5960,4527,6670
"COG1566",889,4492,813,375,316,360
"COG1568",130,0,2,37,1,47
"COG1569",21,327,3,0,5,8
"COG1570",5072,1550,4902,4247,3934,2905
"COG1571",1246,1,900,350,1332,430
"COG1572",387,0,628,182,534,428
"COG1573",5226,2516,4668,6560,5233,4556
"COG1574",12057,308,3221,4019,4413,1675
"COG1575",2588,79,2417,3034,3794,5881
"COG1576",1163,819,2054,832,1043,1907
"COG1577",1019,0,841,380,1329,407
"COG1578",38,0,1,68,4,11
"COG1579",1581,34,514,520,779,332
"COG1580",338,919,223,97,180,89
"COG1581",366,0,126,15,98,38
"COG1582",6,4,2,1,5,5
"COG1583",0,2,1,1,6,4
"COG1584",0,0,0,0,8,5
"COG1585",194,27,24,63,140,19
"COG1586",1079,2906,2228,2971,2234,3042
"COG1587",4196,1388,3352,3701,2967,4314
"COG1588",30,0,1,0,4,0
"COG1589",1267,1361,1679,1425,1537,3409
"COG1590",62,0,27,11,118,23
"COG1591",3,0,0,2,0,0
"COG1592",1066,47,399,497,517,67
"COG1593",8637,3393,10677,10691,8884,5306
"COG1594",341,8,458,477,750,219
"COG1595",5036,5676,4854,4116,4142,3421
"COG1596",2532,2087,4183,3243,3528,5170
"COG1597",3869,1794,2629,2267,3411,1467
"COG1598",67,5,16,3,8,9
"COG1599",1917,1,1253,502,2325,658
"COG1600",7077,2016,3744,3755,3906,5408
"COG1601",498,0,328,125,554,165
"COG1602",1146,0,52,178,843,0
"COG1603",0,0,0,1,4,0
"COG1604",0,0,0,0,2,5
"COG1605",1923,1835,1796,1581,1280,901
"COG1606",1215,0,1018,768,894,3497
"COG1607",1407,2807,1318,856,1448,826
"COG1608",640,0,596,225,791,286
"COG1609",2976,3473,4422,2268,2083,2603
"COG1610",2086,546,2453,3062,2468,1493
"COG1611",4459,4284,3523,2663,3049,4973
"COG1612",5085,1200,6446,6907,6356,6630
"COG1613",73,1996,12,3,18,7
"COG1615",4227,36,803,2599,2427,368
"COG1617",0,0,0,2,0,0
"COG1618",206,0,402,202,730,246
"COG1619",1184,109,1532,857,1160,3757
"COG1620",743,4234,464,277,123,281
"COG1621",1031,20,529,779,510,397
"COG1622",6383,4268,8722,8736,8228,12138
"COG1623",2,40,161,599,556,62
"COG1624",1459,31,2067,1161,1759,4709
"COG1625",1468,3,1383,1053,1407,5204
"COG1626",1539,1399,166,292,368,105
"COG1628",297,0,2,0,2,0
"COG1629",40465,58049,66701,60386,46007,42660
"COG1630",423,0,18,31,119,0
"COG1631",294,0,171,78,383,87
"COG1632",614,0,556,191,725,278
"COG1633",88,10,133,42,109,100
"COG1634",869,0,653,202,787,225
"COG1635",391,0,12,30,101,1
"COG1636",315,558,536,520,302,387
"COG1637",286,20,28,113,141,6
"COG1638",6104,6039,7307,7610,6360,3841
"COG1639",659,5388,773,441,336,599
"COG1640",519,1921,2402,1763,2139,7021
"COG1641",1909,2,1256,1006,1139,4911
"COG1643",1686,8437,3236,1398,2069,1446
"COG1644",345,0,237,151,345,84
"COG1645",0,0,0,0,0,0
"COG1646",1340,64,1021,516,1389,646
"COG1647",665,14,146,143,269,152
"COG1648",2351,2209,466,435,460,146
"COG1649",1737,2,570,779,858,636
"COG1650",1033,0,701,276,1080,352
"COG1651",3800,3455,3938,4162,3085,2012
"COG1652",541,2574,911,448,427,587
"COG1653",8308,3015,11114,12459,10586,5248
"COG1654",920,267,432,398,450,196
"COG1655",7,0,0,4,1,2
"COG1656",14,29,0,2,1,0
"COG1657",1109,0,262,319,330,230
"COG1658",115,0,40,10,124,53
"COG1659",0,0,0,1,3,11
"COG1660",805,1299,817,979,732,439
"COG1661",670,0,988,691,1249,2069
"COG1662",7,4,2,1,9,4
"COG1663",4584,1508,4749,5579,4968,2694
"COG1664",1400,512,952,1079,1021,727
"COG1665",16,1,2,31,98,8
"COG1666",1465,803,1469,1393,1377,2524
"COG1668",1085,173,1506,832,1035,1295
"COG1669",21,12,2,2,8,15
"COG1670",4472,4146,2556,1844,2369,1349
"COG1671",393,622,489,239,150,274
"COG1672",35,8,40,21,5,43
"COG1673",0,0,0,0,1,0
"COG1674",9250,4584,11449,13710,10880,6799
"COG1675",336,0,10,17,73,1
"COG1676",714,0,332,76,353,146
"COG1677",303,387,376,157,137,139
"COG1678",2582,1015,1843,2001,2064,1369
"COG1679",1623,4,1962,711,2132,945
"COG1680",23597,5738,18720,18965,18373,11396
"COG1681",55,0,1,3,0,0
"COG1682",1199,227,1096,672,1011,1269
"COG1683",744,1276,364,231,408,143
"COG1684",931,843,832,511,528,640
"COG1685",820,0,486,193,748,191
"COG1686",2983,4756,5412,5976,4448,2886
"COG1687",65,17,4,2,0,0
"COG1688",1,0,1,0,0,1
"COG1690",1219,119,1086,425,1517,575
"COG1691",1393,1,712,554,630,2300
"COG1692",1350,43,2318,3117,1999,1143
"COG1694",2740,11451,4093,5903,8711,6777
"COG1695",575,909,157,118,156,90
"COG1696",1987,1180,1284,1097,1126,1218
"COG1697",975,0,687,404,1508,569
"COG1698",306,0,151,93,281,73
"COG1699",316,12,76,43,126,81
"COG1700",8,4,49,5,2,1
"COG1701",640,0,701,246,1002,344
"COG1702",4985,20878,7242,12106,14374,8678
"COG1703",6524,332,4502,2996,5668,3073
"COG1704",461,1789,807,460,538,555
"COG1705",227,5141,1126,445,617,614
"COG1706",1167,1154,1148,737,666,775
"COG1707",13,0,0,0,0,0
"COG1708",225,69,75,17,19,12
"COG1709",115,0,23,7,99,18
"COG1711",259,0,16,9,83,0
"COG1712",1186,333,291,256,246,191
"COG1713",272,0,28,92,26,8
"COG1714",981,1670,568,497,449,345
"COG1715",77,78,166,80,132,374
"COG1716",1098,1352,346,352,328,225
"COG1717",560,0,484,157,618,228
"COG1718",752,885,850,267,1151,323
"COG1719",5,0,97,0,2,1
"COG1720",169,1126,231,88,124,79
"COG1721",6790,3548,5031,3293,5798,3023
"COG1722",509,282,445,360,290,284
"COG1723",7,41,79,38,54,23
"COG1724",0,0,4,1,0,0
"COG1725",207,7,572,556,721,3929
"COG1726",1250,1467,3122,2555,2640,2427
"COG1727",396,0,289,112,499,151
"COG1729",3600,1310,3092,4034,3308,1822
"COG1730",23,0,5,8,88,2
"COG1732",338,115,154,94,89,117
"COG1733",794,1030,1005,486,939,541
"COG1734",1499,1152,1547,2782,2193,1231
"COG1735",1737,36,87,257,222,65
"COG1736",1229,0,951,357,1291,422
"COG1737",644,1879,813,393,277,375
"COG1738",2301,202,3256,3468,3033,1934
"COG1739",325,1000,295,257,327,238
"COG1740",50,79,154,101,56,107
"COG1741",3483,4054,4077,2381,2057,1544
"COG1742",248,370,116,44,45,81
"COG1743",114,126,214,77,44,240
"COG1744",5395,4345,3975,4333,4081,2228
"COG1745",0,0,0,3,0,0
"COG1746",1068,2,98,73,488,55
"COG1747",107,0,100,91,68,25
"COG1748",2568,1690,4729,2844,3624,3737
"COG1749",1173,1288,1642,935,829,1119
"COG1750",1,0,0,0,0,0
"COG1752",2760,5988,1645,2014,2232,1258
"COG1754",8003,451,11292,12539,11714,10523
"COG1755",61,2,23,18,6,43
"COG1756",395,0,20,21,81,8
"COG1757",3774,217,3079,2462,2231,1598
"COG1758",1270,568,1811,2370,1825,1520
"COG1759",1249,0,933,145,507,463
"COG1760",937,1510,851,535,591,229
"COG1761",8,0,10,4,53,21
"COG1762",936,633,570,397,461,395
"COG1763",506,36,563,329,362,351
"COG1764",312,1830,620,486,341,172
"COG1765",1048,1760,1049,480,983,472
"COG1766",1393,1839,1732,1031,871,1228
"COG1767",90,942,142,149,169,111
"COG1768",28,0,0,2,1,5
"COG1769",0,0,0,0,0,0
"COG1770",5248,2249,8476,9618,6989,4198
"COG1772",333,0,94,38,342,116
"COG1773",205,403,608,332,516,1835
"COG1774",439,134,484,224,265,204
"COG1775",1,0,0,27,0,28
"COG1776",57,641,224,226,63,90
"COG1777",408,0,536,193,850,266
"COG1778",1510,1680,1142,1189,1477,1273
"COG1779",162,0,375,125,473,160
"COG1780",6,8,6,6,4,3
"COG1781",544,0,395,140,554,179
"COG1782",2148,15,1425,524,2200,730
"COG1783",86,11034,147,152,359,121
"COG1784",566,0,828,320,866,285
"COG1785",878,275,1380,1234,1040,694
"COG1786",477,4,406,114,289,167
"COG1787",64,0,308,49,28,1967
"COG1788",1583,3103,1128,921,745,729
"COG1791",61,553,99,7,13,53
"COG1792",3398,1475,4659,5023,4084,4456
"COG1793",2311,29577,3657,1963,1869,8556
"COG1794",1022,617,1525,2079,1497,731
"COG1795",138,4,184,201,203,177
"COG1796",1334,14,1668,1008,1639,850
"COG1797",1995,651,1796,848,1736,6057
"COG1798",670,0,513,260,1174,352
"COG1799",195,19,628,367,431,2518
"COG1801",231,2343,236,126,86,168
"COG1802",2006,5918,1599,725,805,670
"COG1803",69,79,221,85,110,172
"COG1804",40659,8750,17080,19343,14590,8808
"COG1805",1149,1199,2804,2307,2439,2210
"COG1806",1486,1627,2086,2950,1989,930
"COG1807",3387,1433,7705,6720,6398,16733
"COG1808",310,184,794,138,219,531
"COG1809",476,2,414,285,410,336
"COG1811",69,0,204,645,507,112
"COG1812",1,0,0,3,7,0
"COG1813",134,0,306,202,378,196
"COG1814",1174,553,128,191,235,45
"COG1815",405,752,432,264,271,279
"COG1816",4327,1948,1851,3524,3241,733
"COG1817",721,8,153,179,471,227
"COG1818",347,0,6,26,73,7
"COG1819",1754,962,728,727,994,480
"COG1820",1553,67,1736,1269,1780,579
"COG1821",57,1,60,123,159,73
"COG1823",153,926,90,86,60,25
"COG1824",303,0,29,140,174,0
"COG1825",3974,964,3784,5205,4258,2449
"COG1826",391,1268,544,370,321,1810
"COG1828",764,874,1008,1495,1658,1862
"COG1829",858,0,767,208,906,311
"COG1830",2557,55,1491,774,1498,859
"COG1831",452,0,778,161,664,226
"COG1832",1874,39,2060,2098,1929,1060
"COG1833",85,0,23,12,19,17
"COG1834",4379,746,5556,7200,6267,3066
"COG1835",1326,7988,2596,2961,2110,2348
"COG1836",1200,0,1310,827,1641,3209
"COG1837",306,11,64,196,173,36
"COG1838",2181,2525,709,631,484,295
"COG1840",4744,1334,7644,8180,7232,7955
"COG1841",923,238,774,579,940,457
"COG1842",802,111,972,535,710,296
"COG1843",590,732,688,402,422,458
"COG1845",6032,2322,7879,7844,7504,9832
"COG1846",2732,3246,2465,2445,1860,1159
"COG1847",639,32,253,983,602,88
"COG1848",10,1,2,1,7,6
"COG1849",125,0,204,59,267,103
"COG1850",1224,166,1972,1118,1716,7673
"COG1852",130,0,56,61,16,46
"COG1853",4036,2791,6644,4608,5634,11983
"COG1854",10,36,31,2,3,20
"COG1855",273,0,899,213,683,321
"COG1856",38,0,10,21,100,0
"COG1857",0,0,0,0,0,0
"COG1858",2315,1104,1583,1805,1781,979
"COG1859",375,16,553,198,730,266
"COG1861",1411,449,1344,1748,1519,1366
"COG1862",1274,598,939,887,841,705
"COG1863",746,796,288,223,184,200
"COG1864",234,1329,417,363,331,369
"COG1865",1,0,0,3,0,4
"COG1866",6283,1981,6203,4550,5921,4203
"COG1867",1269,0,1157,427,1465,673
"COG1868",1717,923,1085,733,883,831
"COG1869",5,17,15,0,0,8
"COG1871",47,44,95,37,26,54
"COG1872",492,8,69,16,56,26
"COG1873",43,0,24,9,52,24
"COG1874",231,145,662,152,139,330
"COG1875",1719,9418,975,1496,2323,5996
"COG1876",204,8666,972,623,827,2949
"COG1877",278,1302,364,172,312,159
"COG1878",1469,42,544,510,499,454
"COG1879",4416,192,4515,5105,3878,2427
"COG1881",596,69,156,159,252,42
"COG1882",8,4,9,2,27,62
"COG1883",2027,1105,567,582,722,229
"COG1884",13799,979,10131,8424,12242,7020
"COG1885",2,0,0,1,1,0
"COG1886",1270,485,437,295,739,363
"COG1887",766,52,462,369,480,298
"COG1889",756,0,556,210,744,270
"COG1890",799,0,659,247,978,379
"COG1891",559,1,105,137,124,82
"COG1892",2,0,0,0,0,0
"COG1893",5597,1798,3654,2679,2540,2013
"COG1894",11441,1129,6746,10834,8970,2762
"COG1896",443,182,689,241,261,354
"COG1897",1384,27,1458,839,1055,3889
"COG1898",2562,4250,2178,2917,2469,2196
"COG1899",3702,195,3765,4003,4514,1673
"COG1900",0,0,0,0,0,22
"COG1901",281,0,408,129,465,183
"COG1902",15547,13409,7450,5463,6991,3102
"COG1903",1296,10,1119,782,1177,4132
"COG1904",288,92,605,278,268,325
"COG1905",3517,422,2132,3221,2819,920
"COG1906",0,307,18,149,265,58
"COG1907",107,3,159,175,188,114
"COG1908",302,0,4,4,194,15
"COG1909",243,0,441,196,485,207
"COG1910",1368,140,92,94,267,47
"COG1911",164,0,222,67,319,90
"COG1912",808,46,997,1207,1071,611
"COG1913",0,0,6,5,5,7
"COG1914",1117,1179,3169,1788,2417,7834
"COG1915",668,0,19,19,134,9
"COG1916",1108,16,903,348,1405,426
"COG1917",1375,233,958,701,855,453
"COG1918",112,75,16,11,14,19
"COG1920",1283,3,344,639,607,159
"COG1921",3868,702,1148,2874,2976,938
"COG1922",132,819,479,709,559,334
"COG1923",228,445,257,208,161,120
"COG1924",209,142,6,15,6,4
"COG1925",415,4350,367,289,261,203
"COG1926",15,1142,0,0,16,3
"COG1927",6,0,0,0,0,0
"COG1928",236,58,79,201,220,43
"COG1929",1786,1036,653,1586,1422,340
"COG1931",166,0,79,30,319,4
"COG1932",6137,2931,4420,3260,3598,1649
"COG1933",2311,0,3663,1224,4757,1612
"COG1934",505,763,373,260,212,190
"COG1936",742,0,485,182,707,221
"COG1937",434,1381,114,48,83,76
"COG1938",1176,0,1419,505,1879,634
"COG1939",132,0,314,167,336,1562
"COG1940",4662,350,3328,4754,3946,1754
"COG1941",0,0,1,0,1,12
"COG1942",125,217,211,266,80,90
"COG1943",769,928,414,166,242,151
"COG1944",323,292,290,60,74,91
"COG1945",303,0,31,33,172,35
"COG1946",1662,3012,1704,1789,1410,1101
"COG1947",3576,1381,3491,3974,3674,5795
"COG1948",577,5792,525,178,453,449
"COG1949",1436,1070,1218,967,1301,678
"COG1950",45,0,36,5,4,42
"COG1951",2275,2538,861,712,535,352
"COG1952",404,807,522,385,280,254
"COG1953",1659,1997,2748,4678,3608,1158
"COG1954",1,0,0,0,0,0
"COG1955",186,0,530,135,402,523
"COG1956",263,77,393,271,285,347
"COG1957",2690,677,1497,2581,2634,739
"COG1958",324,0,32,17,168,30
"COG1959",2469,1189,1843,2599,1934,1007
"COG1960",66621,49122,53333,53739,50328,29308
"COG1961",1919,17906,2516,2281,3326,7954
"COG1963",12,0,405,157,277,2029
"COG1964",930,94,90,170,455,350
"COG1965",196,389,69,18,101,40
"COG1966",2620,1432,867,982,871,430
"COG1967",609,0,554,202,992,373
"COG1968",3975,3263,5357,6012,5115,5389
"COG1969",4,7,30,6,7,12
"COG1970",94,899,216,244,203,112
"COG1971",25,25,65,19,8,34
"COG1972",2984,965,3095,2848,2881,2422
"COG1974",4057,2427,5761,6637,5191,7200
"COG1975",5893,2290,3448,3685,4281,1553
"COG1976",779,0,562,198,822,284
"COG1977",840,147,268,446,529,228
"COG1978",9,887,105,128,133,123
"COG1979",74,250,192,86,23,65
"COG1980",594,0,36,93,165,0
"COG1981",972,959,1508,2037,1998,227
"COG1982",204,4114,1533,628,832,5523
"COG1983",92,250,62,39,21,9
"COG1984",3192,4005,2997,4322,3313,1274
"COG1985",4758,1741,7414,6903,6570,9625
"COG1986",48,6,198,150,150,139
"COG1987",181,250,163,87,113,122
"COG1988",424,1074,1195,741,609,928
"COG1989",2325,1274,1724,1930,2122,2092
"COG1990",421,25,455,126,441,219
"COG1992",843,0,328,65,380,256
"COG1993",4,0,0,0,0,2
"COG1994",2639,39,2252,1272,2493,4679
"COG1995",4373,1750,6248,6074,5020,7063
"COG1997",185,0,220,71,312,101
"COG1998",98,0,57,20,67,20
"COG1999",3757,2121,5685,4248,5827,3385
"COG2001",2174,511,2627,3153,2755,1553
"COG2002",22,105,44,102,57,11
"COG2003",809,1296,469,249,201,209
"COG2004",54,0,176,72,206,128
"COG2005",200,674,124,76,82,66
"COG2006",885,0,103,198,187,215
"COG2007",427,0,334,111,552,138
"COG2008",4741,1587,3561,2794,3601,1843
"COG2009",1361,685,1837,2563,1760,879
"COG2010",2666,7509,3336,2265,2180,1644
"COG2011",19,1392,37,10,10,3
"COG2012",331,1,300,279,537,203
"COG2013",823,1123,727,282,898,339
"COG2014",174,4,32,36,27,33
"COG2015",2914,205,2099,2622,2584,1292
"COG2016",495,0,433,149,589,217
"COG2017",1572,270,2862,1854,2073,4207
"COG2018",1,0,0,0,2,2
"COG2019",320,0,36,14,94,34
"COG2020",1717,886,1808,1356,1308,2079
"COG2021",5022,2469,5818,8024,6233,2535
"COG2022",2012,1309,2561,3198,2225,3971
"COG2023",293,0,5,8,2,1
"COG2025",6961,2455,5985,6693,6219,3469
"COG2026",35,24,58,27,16,32
"COG2027",2974,1424,1689,1745,2427,4546
"COG2029",0,214,4,4,0,1
"COG2030",6291,2502,4282,5003,4389,2497
"COG2031",287,2071,730,502,566,513
"COG2032",308,691,305,293,219,226
"COG2035",1645,1109,2310,2096,2323,1431
"COG2036",147,0,55,52,202,56
"COG2037",149,1,184,182,158,109
"COG2038",1295,1020,1858,933,1315,4568
"COG2039",161,0,177,85,216,67
"COG2040",4108,592,2860,3710,2782,1538
"COG2041",5686,1186,3075,3689,2811,1467
"COG2042",499,0,358,109,510,202
"COG2043",388,0,67,96,74,32
"COG2044",15,316,3,18,33,2
"COG2045",512,5,824,577,742,3589
"COG2046",3906,40,2192,1829,2472,5956
"COG2047",790,0,633,203,948,283
"COG2048",916,0,683,415,868,323
"COG2049",2471,3711,2084,2737,2100,954
"COG2050",2393,2548,2641,4168,3531,1935
"COG2051",121,0,18,11,35,14
"COG2052",0,0,0,5,0,2
"COG2053",218,0,158,55,162,85
"COG2054",20,1,37,30,76,41
"COG2055",7866,64,5213,6934,5221,2727
"COG2056",129,2443,95,21,32,8
"COG2057",1322,2668,985,784,625,677
"COG2058",346,0,212,84,325,105
"COG2059",545,2010,619,544,357,716
"COG2060",67,1195,13,6,9,2
"COG2061",0,0,0,1,0,0
"COG2062",893,807,1534,993,1032,927
"COG2063",654,750,708,468,319,452
"COG2064",537,437,849,175,1073,737
"COG2065",1531,590,1459,1510,1654,1409
"COG2066",106,1777,446,248,166,64
"COG2067",390,6426,714,344,222,452
"COG2068",1953,478,1137,1101,1058,404
"COG2070",6738,2470,6099,5741,5867,4180
"COG2071",2101,769,1618,1935,2298,1178
"COG2072",12413,7357,10176,11208,8140,5098
"COG2073",1597,106,1591,1003,1359,7956
"COG2074",1052,0,363,111,466,246
"COG2075",213,0,114,38,232,63
"COG2076",863,989,1877,2437,1825,920
"COG2077",357,650,245,226,309,194
"COG2078",412,24,29,83,133,18
"COG2079",6756,1039,6576,7763,5328,3815
"COG2080",5050,436,1656,2995,4310,1059
"COG2081",822,3460,2341,840,1231,5400
"COG2082",724,40,739,398,700,2251
"COG2084",13019,4534,11336,12163,10093,5677
"COG2085",1381,489,480,466,563,214
"COG2086",5840,1607,5025,5590,5262,2799
"COG2087",311,458,652,240,443,2140
"COG2088",58,473,35,45,20,21
"COG2089",3818,6051,4976,6535,6230,5126
"COG2090",172,0,11,12,46,0
"COG2091",389,488,201,159,184,55
"COG2092",208,0,21,25,126,14
"COG2093",183,0,67,50,130,45
"COG2094",253,38,458,578,689,2178
"COG2095",1541,194,759,848,885,437
"COG2096",2460,1016,1956,1858,2571,1334
"COG2097",324,0,227,78,391,93
"COG2098",0,0,0,1,0,0
"COG2099",310,43,924,365,699,2974
"COG2101",1132,0,602,283,985,269
"COG2102",776,0,537,208,888,266
"COG2103",1260,125,1707,1209,1698,1057
"COG2104",357,304,209,146,208,109
"COG2105",49,873,151,32,84,87
"COG2106",380,0,13,36,131,1
"COG2107",1130,1,778,393,941,408
"COG2108",463,0,798,244,938,234
"COG2109",1237,634,2462,1282,1762,10292
"COG2110",643,282,671,359,783,368
"COG2111",2309,5342,807,487,410,467
"COG2112",553,1,43,48,220,4
"COG2113",8763,236,5177,8010,6218,1950
"COG2114",16830,17484,11607,11355,14354,10564
"COG2115",587,43,2083,1012,1033,990
"COG2116",191,2099,500,428,691,171
"COG2118",127,0,113,25,71,55
"COG2119",125,1116,411,173,317,1361
"COG2120",4957,2159,1942,2601,2696,1737
"COG2121",1388,36,911,1064,1269,713
"COG2122",204,2,103,75,164,57
"COG2123",883,0,589,223,806,281
"COG2124",9686,2468,7487,9995,8587,3355
"COG2125",591,0,398,125,570,189
"COG2126",18,0,11,2,22,8
"COG2127",920,782,1382,977,1000,3458
"COG2128",4802,1080,2131,2365,2164,966
"COG2129",71,63,2,2,19,11
"COG2130",2943,1180,4099,4578,3291,2009
"COG2131",1313,4093,1182,857,1482,780
"COG2132",3166,9238,1310,758,857,545
"COG2133",11953,5053,11410,11920,11384,6913
"COG2135",2508,1968,2623,2461,2314,4062
"COG2136",2,0,5,9,56,8
"COG2137",1335,876,569,712,696,338
"COG2138",1359,124,1102,684,1205,4511
"COG2139",277,0,214,107,383,108
"COG2140",91,0,82,21,82,45
"COG2141",58640,10696,12394,18754,16127,4736
"COG2142",189,348,352,515,458,222
"COG2143",352,47,443,180,185,192
"COG2144",286,1,52,19,10,15
"COG2145",51,654,142,55,38,186
"COG2146",1791,2524,970,970,1073,360
"COG2147",493,0,311,89,374,116
"COG2148",2530,2339,2582,3692,4247,4952
"COG2149",4,35,15,3,1,16
"COG2150",1,0,0,5,0,0
"COG2151",2932,326,2068,2467,2588,1598
"COG2152",92,36,62,26,62,100
"COG2153",249,83,916,558,502,596
"COG2154",2071,426,2463,2334,2335,2507
"COG2155",0,0,0,0,0,0
"COG2156",15,341,5,0,1,0
"COG2157",8,0,18,24,134,10
"COG2159",12136,119,2419,4174,4093,1188
"COG2160",81,15,76,41,52,61
"COG2161",60,45,118,36,17,28
"COG2162",88,5,18,4,8,9
"COG2163",2,0,8,8,40,12
"COG2164",272,0,60,86,50,93
"COG2165",650,1707,733,570,473,980
"COG2166",1010,1317,1986,1745,2021,2978
"COG2167",3,0,7,0,3,1
"COG2168",178,251,36,28,91,9
"COG2169",397,980,296,178,105,103
"COG2170",1150,15,1208,1412,1939,4546
"COG2171",2768,1740,4130,4936,3765,2086
"COG2172",473,1121,508,441,519,1497
"COG2173",1006,55,950,727,1058,2808
"COG2174",1,0,1,3,15,2
"COG2175",12693,1264,10830,15131,11615,4951
"COG2176",1451,462,476,1212,1083,204
"COG2177",1731,1173,1923,1896,2073,1263
"COG2178",611,0,104,299,351,25
"COG2179",125,0,328,150,203,2169
"COG2180",6,478,24,13,2,20
"COG2181",603,658,101,88,211,67
"COG2182",380,1467,295,326,278,433
"COG2183",881,3506,764,336,345,333
"COG2184",26,323,49,11,28,45
"COG2185",5678,503,6228,4167,5679,4188
"COG2186",1562,4132,885,495,304,356
"COG2187",560,1554,119,61,259,43
"COG2188",692,507,570,331,262,366
"COG2189",440,631,633,963,655,931
"COG2190",25,108,23,13,8,1
"COG2191",20,0,0,7,1,56
"COG2192",5703,19615,6423,15361,28658,8399
"COG2193",493,2756,1147,1164,1119,688
"COG2194",815,1033,477,246,94,87
"COG2195",1542,1153,885,485,701,889
"COG2197",2689,8026,2944,1745,1495,4141
"COG2198",603,2977,772,461,196,257
"COG2199",7089,32751,8081,4031,2450,2637
"COG2200",3524,11113,3870,1626,1130,986
"COG2201",922,2826,1060,502,429,412
"COG2202",8085,53700,9723,4828,3342,4468
"COG2203",1986,13582,4196,1609,1482,4414
"COG2204",14834,22317,13104,11217,11144,8246
"COG2205",875,1720,120,84,72,155
"COG2206",2798,2975,1426,1430,1480,939
"COG2207",3927,33262,4762,2231,2035,2575
"COG2208",3097,5019,5055,5500,4934,7077
"COG2209",435,346,1010,1196,1211,1174
"COG2210",460,7,23,28,137,28
"COG2211",2384,1165,7483,6217,4901,9445
"COG2212",55,355,37,3,11,11
"COG2213",10,80,200,853,569,55
"COG2214",2819,2018,4900,2626,2776,5047
"COG2215",116,539,71,166,344,219
"COG2216",52,1199,18,6,11,7
"COG2217",8126,12907,9144,5577,7918,11226
"COG2218",427,4,444,131,468,180
"COG2219",1491,0,1063,412,1665,520
"COG2220",5232,1593,5517,5863,5074,8567
"COG2221",670,125,155,325,525,54
"COG2222",272,29,347,314,323,171
"COG2223",560,4649,536,299,376,233
"COG2224",4228,2535,3855,5672,4674,2056
"COG2225",6121,5094,8056,9994,7247,3987
"COG2226",6809,1746,6819,6622,6232,10650
"COG2227",1959,1560,3105,4917,4608,5160
"COG2229",0,1,1,5,4,3
"COG2230",3851,2638,5442,10717,8561,4143
"COG2231",230,0,13,46,69,19
"COG2232",101,3,97,110,115,48
"COG2233",2912,8398,1684,2035,2075,710
"COG2234",12697,2363,10073,6832,10065,6240
"COG2235",344,1061,89,253,208,108
"COG2236",1683,1133,2333,3173,2374,1159
"COG2237",1163,0,1029,373,1306,445
"COG2238",466,0,420,151,579,205
"COG2239",5355,2773,7783,9072,7650,9444
"COG2240",56,45,131,69,31,72
"COG2241",751,123,1152,420,959,4422
"COG2242",923,41,1136,443,934,4117
"COG2243",998,82,1082,427,781,3528
"COG2244",5280,817,4728,3594,5213,4530
"COG2246",461,0,47,100,138,234
"COG2247",45,0,13,71,71,0
"COG2249",525,1460,1949,2031,1437,1669
"COG2250",57,0,5,41,14,0
"COG2251",937,87,2082,2008,2045,7153
"COG2252",2395,3351,4089,4777,4084,2088
"COG2253",0,3,0,3,0,8
"COG2255",4696,4657,3852,3419,3867,6501
"COG2256",4450,2712,2988,2065,2917,5223
"COG2257",77,280,86,82,25,42
"COG2258",1444,1176,800,750,921,300
"COG2259",956,1206,1127,1130,937,1954
"COG2260",12,0,3,10,34,0
"COG2261",29,490,13,1,4,5
"COG2262",4096,1741,3341,4600,5176,3047
"COG2263",279,57,495,111,367,150
"COG2264",2079,1771,2630,1649,1873,5194
"COG2265",4079,4276,2783,2690,2800,1834
"COG2266",247,0,17,18,79,1
"COG2267",844,4938,2302,1949,1355,1428
"COG2268",2237,89,1967,1438,2173,1093
"COG2269",900,739,418,204,360,189
"COG2270",6382,223,6075,6054,8419,3873
"COG2271",936,2,98,172,341,131
"COG2272",3274,180,4314,3869,2909,3114
"COG2273",1936,252,3337,2300,2990,2634
"COG2274",2064,2828,4252,2606,2578,6496
"COG2301",2820,1249,2174,3619,2409,1722
"COG2302",15,0,794,342,577,3699
"COG2303",23436,6298,19504,18954,15232,22703
"COG2304",7669,3033,5173,4347,5613,3782
"COG2306",56,0,2,1,0,0
"COG2307",394,270,1493,1036,724,220
"COG2308",604,1470,2925,2667,1225,460
"COG2309",1561,4,1470,1294,2163,1241
"COG2310",88,2815,43,21,96,33
"COG2311",486,111,848,851,745,568
"COG2312",127,1269,36,21,38,26
"COG2313",1802,15,731,769,1090,439
"COG2314",78,549,47,44,43,72
"COG2315",174,386,164,189,141,64
"COG2316",532,2,41,59,59,69
"COG2317",1701,30,4164,2270,3812,8464
"COG2318",170,478,106,48,40,30
"COG2319",5478,158,5305,3716,8250,8829
"COG2320",145,0,63,49,103,77
"COG2321",130,1394,116,39,97,192
"COG2322",909,11,723,490,675,548
"COG2323",39,701,77,47,29,22
"COG2324",31,1,124,184,218,139
"COG2326",1363,4003,2047,1528,1963,1575
"COG2327",136,1002,167,182,90,166
"COG2329",1277,25,770,576,425,618
"COG2331",840,406,290,395,364,187
"COG2332",1602,462,2055,2562,1871,1015
"COG2333",1380,3628,535,476,225,213
"COG2334",6815,3249,5942,6507,6189,3274
"COG2335",570,393,3258,942,1849,2441
"COG2336",3,5,0,1,0,1
"COG2337",133,10,10,3,8,5
"COG2339",763,8,438,509,776,437
"COG2340",185,1217,476,749,666,270
"COG2342",31,2,8,32,15,8
"COG2343",233,10,199,90,165,124
"COG2344",746,0,236,585,491,101
"COG2345",121,77,110,86,37,84
"COG2346",292,968,224,151,113,81
"COG2348",54,44,49,69,83,31
"COG2350",269,729,420,249,277,1441
"COG2351",909,1404,951,1084,953,405
"COG2352",4697,4441,8100,7554,6010,14222
"COG2353",936,1579,1195,967,1006,926
"COG2354",169,1640,263,111,62,97
"COG2355",7675,1569,4591,5620,4707,2592
"COG2356",819,1564,1317,889,1299,1073
"COG2357",49,4,15,9,14,11
"COG2358",3359,2331,2919,3568,2904,1382
"COG2359",7,0,0,0,1,2
"COG2360",1546,1293,990,536,641,591
"COG2361",19,27,0,0,3,8
"COG2362",1119,0,80,160,196,58
"COG2363",624,574,297,233,220,143
"COG2364",1787,18,2040,1659,1625,555
"COG2365",1027,102,1041,906,691,530
"COG2366",11265,2326,5250,6673,6736,3524
"COG2367",693,1589,736,489,788,321
"COG2368",5460,10,605,1237,1405,248
"COG2369",56,648,69,56,15,53
"COG2370",75,351,206,493,457,133
"COG2371",239,689,687,333,362,481
"COG2372",204,1,15,33,3,8
"COG2373",1431,460,1286,816,702,1019
"COG2374",1888,1899,2242,2452,3174,1799
"COG2375",273,121,687,420,193,470
"COG2376",1137,144,1055,1706,1415,537
"COG2377",1851,1390,3668,5741,4685,3014
"COG2378",1290,1663,736,690,648,347
"COG2379",1333,1125,1103,674,622,679
"COG2380",0,0,0,5,1,0
"COG2382",379,14,239,195,173,156
"COG2384",24,1,41,4,4,4
"COG2385",454,0,1938,2314,2932,10993
"COG2386",2059,713,1258,1235,1110,680
"COG2388",37,896,33,10,24,10
"COG2389",1,0,31,8,4,33
"COG2390",179,97,252,93,239,146
"COG2391",1975,2153,672,581,931,227
"COG2401",0,43,1,5,2,3
"COG2402",4,0,0,7,0,7
"COG2403",211,0,0,3,0,21
"COG2404",54,102,18,29,39,19
"COG2405",0,22,0,0,0,0
"COG2406",244,0,15,13,78,2
"COG2407",696,35,539,461,640,206
"COG2409",1116,123,2055,1115,2625,844
"COG2410",89,0,0,7,0,0
"COG2412",147,0,5,9,45,0
"COG2413",23,0,8,4,8,11
"COG2414",2654,4,452,269,555,130
"COG2421",3023,1329,612,530,551,356
"COG2423",3897,401,1397,1785,2064,622
"COG2425",4,485,7,4,65,58
"COG2426",30,1,165,93,261,213
"COG2428",0,0,1,1,0,0
"COG2429",377,0,17,23,112,0
"COG2430",28,0,0,0,0,0
"COG2431",10,551,23,11,2,3
"COG2433",0,0,0,0,0,0
"COG2440",29,11,8,9,7,4
"COG2442",13,2,0,6,5,3
"COG2443",98,0,194,73,226,75
"COG2445",9,1,4,3,10,1
"COG2450",13,0,13,12,60,15
"COG2451",0,0,1,1,9,3
"COG2452",46,0,0,17,13,3
"COG2453",776,345,557,391,738,292
"COG2454",0,0,4,1,0,1
"COG2457",3,1,10,7,4,14
"COG2461",1,0,0,2,0,7
"COG2501",23,5,228,52,98,562
"COG2502",53,0,52,0,1,4
"COG2503",269,67,994,711,496,588
"COG2508",16,42,5,7,24,9
"COG2509",221,638,650,204,326,650
"COG2510",3,3,0,2,1,0
"COG2511",1893,0,1911,639,2521,860
"COG2512",579,0,35,30,149,0
"COG2513",5512,3318,4042,5365,3941,2278
"COG2514",644,6,41,40,41,23
"COG2515",3189,1468,1136,1165,1161,834
"COG2516",446,4,60,56,113,15
"COG2518",4087,877,3092,2104,2216,1708
"COG2519",1218,64,721,745,1372,322
"COG2520",1588,0,1798,563,2321,806
"COG2521",11,0,0,0,13,0
"COG2522",99,0,264,11,160,221
"COG2524",1,0,0,0,0,2
"COG2602",33,757,28,13,6,14
"COG2603",1396,1138,1663,1063,1691,5157
"COG2604",589,185,450,400,128,365
"COG2605",2064,2761,1656,2672,3766,1378
"COG2606",1852,1927,1363,2401,2102,532
"COG2607",342,1548,684,436,413,553
"COG2608",119,952,44,25,27,21
"COG2609",12152,4268,11306,13835,12582,6058
"COG2610",1669,2938,1096,1129,1066,515
"COG2703",17,76,33,8,18,73
"COG2704",1,98,1,0,0,1
"COG2706",1896,1105,584,628,577,477
"COG2710",92,47,4366,1454,1803,10275
"COG2715",478,1215,254,174,173,209
"COG2716",571,979,313,207,177,121
"COG2717",512,630,708,798,583,353
"COG2718",210,1730,326,211,121,126
"COG2719",260,2110,456,241,134,131
"COG2720",67,0,157,207,116,84
"COG2721",2798,1544,4608,5318,4060,2120
"COG2723",1128,108,2366,2539,2257,1579
"COG2730",1277,3021,2251,1323,1820,1644
"COG2731",33,27,2,3,7,11
"COG2733",43,1278,85,70,21,39
"COG2738",325,44,654,578,571,600
"COG2740",82,34,373,206,190,184
"COG2746",383,2,318,417,388,258
"COG2747",25,383,12,6,12,6
"COG2755",3894,1102,4756,3692,3885,4991
"COG2759",6315,232,6492,8020,6840,2775
"COG2761",948,641,849,648,580,361
"COG2764",306,1299,38,26,35,25
"COG2766",430,2488,637,359,243,198
"COG2768",306,0,34,177,75,20
"COG2770",354,132,141,43,68,110
"COG2771",552,2040,821,316,375,1549
"COG2801",7760,12958,3973,1659,1416,1572
"COG2802",2352,588,3670,4039,3626,4509
"COG2804",6876,9720,5410,5973,5624,5649
"COG2805",2057,1523,1943,2267,2214,2607
"COG2807",101,1112,97,29,12,18
"COG2808",627,510,145,97,58,70
"COG2810",11,0,2,0,0,3
"COG2812",9307,2452,11125,8724,7586,8147
"COG2813",697,2633,945,414,281,364
"COG2814",791,3422,392,196,166,81
"COG2815",473,1,369,1605,1357,134
"COG2816",1730,1283,1733,1481,1010,1038
"COG2818",1274,1821,699,626,633,335
"COG2819",443,1106,1451,764,508,568
"COG2820",498,52,400,950,942,424
"COG2821",399,67,228,237,113,231
"COG2822",130,9,58,13,51,12
"COG2823",1375,1436,1692,2207,1594,855
"COG2824",103,600,168,71,47,48
"COG2825",498,435,342,271,202,225
"COG2826",772,4378,357,206,279,118
"COG2827",517,742,364,397,326,159
"COG2828",729,2238,653,300,188,419
"COG2829",121,956,232,100,47,42
"COG2831",942,2682,689,451,505,848
"COG2832",504,763,403,867,845,318
"COG2833",216,36,116,15,47,58
"COG2834",998,1256,774,448,420,253
"COG2835",567,173,341,215,166,126
"COG2836",234,697,131,70,122,50
"COG2837",175,1233,252,127,110,85
"COG2838",2714,3786,2703,1293,1521,1653
"COG2839",23,29,301,132,161,74
"COG2840",614,1063,850,518,434,412
"COG2841",7,454,3,3,0,5
"COG2842",53,552,44,7,12,36
"COG2843",1857,877,626,1106,956,565
"COG2844",6113,4511,5283,4127,3928,2660
"COG2845",667,0,47,125,220,4
"COG2846",9,494,29,21,6,56
"COG2847",565,629,643,563,527,356
"COG2848",160,1,35,51,65,23
"COG2849",5530,253,2462,5338,7004,4696
"COG2850",358,2130,398,904,595,177
"COG2851",85,3055,16,1,11,4
"COG2852",59,119,28,36,34,30
"COG2853",1955,2291,3009,3633,2704,1564
"COG2854",1804,1020,2226,2715,1954,1123
"COG2855",759,113,2732,2362,1707,1666
"COG2856",96,1754,118,62,50,100
"COG2857",3716,2046,3742,5454,3993,2272
"COG2859",185,817,519,350,403,1954
"COG2860",439,1269,294,173,168,57
"COG2861",961,725,416,663,703,289
"COG2862",255,577,423,234,136,352
"COG2863",1127,5279,962,817,806,430
"COG2864",144,1108,140,164,86,38
"COG2865",96,406,115,34,104,134
"COG2866",4980,494,6581,3880,7304,4293
"COG2867",839,473,1359,1622,1109,661
"COG2868",0,0,0,0,0,1
"COG2869",826,760,1722,1427,1434,1393
"COG2870",5509,17731,4982,8219,13020,4365
"COG2871",1259,1201,3199,2449,2502,2522
"COG2872",1323,10,1244,792,1263,611
"COG2873",6037,2376,8575,10192,8697,9807
"COG2874",140,0,324,43,163,188
"COG2875",546,32,639,455,876,3294
"COG2876",1516,645,1526,1546,1570,1148
"COG2877",3415,2920,4317,4714,4089,2957
"COG2878",414,955,198,143,117,81
"COG2879",0,107,0,0,0,1
"COG2881",0,0,0,2,0,0
"COG2882",34,451,30,7,20,8
"COG2884",1408,783,1530,1550,1616,966
"COG2885",4452,11422,8202,5860,6338,6395
"COG2887",2985,7534,1763,1924,1901,777
"COG2888",1,0,3,2,18,0
"COG2890",6331,4128,6054,6685,5969,6758
"COG2891",325,534,195,225,192,72
"COG2893",65,40,263,175,185,151
"COG2894",296,1295,999,436,588,3297
"COG2895",2131,2894,2041,1319,1370,1417
"COG2896",5246,2701,3637,4223,4511,1751
"COG2897",5576,2034,3186,3931,3051,1613
"COG2898",43,2333,42,42,22,41
"COG2899",36,1331,343,57,79,170
"COG2900",19,184,32,20,3,9
"COG2901",249,519,288,295,225,224
"COG2902",2353,4939,1106,926,623,410
"COG2904",329,1959,677,563,348,482
"COG2905",531,2247,621,244,146,145
"COG2906",39,511,60,33,16,12
"COG2907",1323,1795,3364,6058,4985,2673
"COG2908",2318,1809,2411,2285,2255,1842
"COG2909",442,4773,437,142,160,155
"COG2910",16,501,24,22,53,6
"COG2911",1606,6650,1181,608,417,460
"COG2912",1809,17,477,388,338,391
"COG2913",513,1166,665,539,404,439
"COG2914",178,521,81,45,33,14
"COG2915",192,1055,151,110,86,44
"COG2916",21,325,52,37,3,15
"COG2917",1604,461,2027,2495,1855,942
"COG2918",1857,2646,1854,1614,1076,1226
"COG2919",213,475,183,155,145,83
"COG2920",494,545,161,173,182,48
"COG2921",193,519,73,52,53,24
"COG2922",285,5,82,132,133,31
"COG2923",157,189,71,103,121,24
"COG2924",503,360,338,353,263,215
"COG2925",3023,1407,4782,6537,4442,2701
"COG2926",0,0,0,0,0,0
"COG2927",331,782,378,297,288,200
"COG2928",1978,39,2607,3145,2700,4443
"COG2929",30,15,37,6,8,16
"COG2930",330,44,334,170,194,198
"COG2931",5650,773,5222,9432,11063,10537
"COG2932",265,913,135,60,53,57
"COG2933",339,1008,283,93,69,63
"COG2935",919,1307,870,497,478,461
"COG2936",8258,189,7796,3090,6552,9322
"COG2937",818,4101,1107,1013,645,439
"COG2938",202,303,256,257,179,122
"COG2939",1157,145,1185,993,1193,834
"COG2940",583,1095,1159,1440,1432,510
"COG2941",1078,988,2107,2631,1816,1125
"COG2942",740,48,328,267,410,250
"COG2943",343,2149,496,222,69,128
"COG2944",48,11,57,30,18,24
"COG2945",1210,1079,1763,2398,1575,899
"COG2946",16,1582,44,23,2,1
"COG2947",1661,489,1944,1882,1871,2489
"COG2948",210,207,131,54,70,46
"COG2949",19,44,20,4,11,14
"COG2951",2972,3896,4382,4928,3665,2433
"COG2954",501,35,809,442,709,2235
"COG2956",1188,74,466,928,1102,542
"COG2957",2636,1154,2083,2435,1933,1037
"COG2958",2,0,4,0,1,1
"COG2959",532,1124,319,108,96,63
"COG2960",136,253,229,117,101,106
"COG2961",187,1409,310,187,183,95
"COG2962",1564,2168,2145,2713,1992,888
"COG2963",511,3166,381,201,175,139
"COG2964",311,38,4,5,117,16
"COG2965",19,0,16,0,3,4
"COG2966",61,93,214,114,18,47
"COG2967",1072,357,646,605,785,374
"COG2968",746,109,242,253,193,63
"COG2969",307,706,152,69,70,51
"COG2971",776,87,469,403,345,185
"COG2972",330,2136,401,228,282,325
"COG2973",0,0,1,0,0,0
"COG2974",203,985,298,112,42,92
"COG2975",81,406,194,155,92,151
"COG2976",459,1003,360,407,346,226
"COG2977",261,1276,116,68,152,28
"COG2978",591,104,536,330,241,230
"COG2979",63,749,42,13,30,17
"COG2980",340,471,134,162,159,52
"COG2981",197,879,308,164,102,198
"COG2982",1320,4101,496,364,325,156
"COG2983",394,998,453,197,126,233
"COG2984",58,112,122,98,33,32
"COG2985",56,61,12,23,35,27
"COG2986",3701,2381,2987,1722,3618,1776
"COG2987",3868,601,3407,2010,4187,2133
"COG2988",91,1397,1089,477,602,4497
"COG2989",190,1775,659,223,152,376
"COG2990",0,0,0,0,0,0
"COG2991",40,164,55,50,36,26
"COG2992",1315,3111,2588,3876,2772,1540
"COG2993",229,1135,317,249,185,178
"COG2994",0,855,9,1,2,25
"COG2995",118,2089,219,67,26,55
"COG2996",137,783,273,156,109,122
"COG2998",535,33,572,589,649,461
"COG2999",8,7,44,50,20,28
"COG3000",4824,1820,7627,6226,6219,3728
"COG3001",954,181,1341,868,1077,3585
"COG3002",577,216,91,41,87,68
"COG3004",1643,287,2367,3563,2354,944
"COG3005",4,547,7,6,3,31
"COG3006",0,0,0,0,0,2
"COG3007",195,18,350,207,110,197
"COG3008",146,3173,352,127,32,105
"COG3009",61,1253,77,46,5,43
"COG3010",27,55,122,43,48,104
"COG3011",601,140,1242,634,1019,1857
"COG3012",182,910,155,66,41,89
"COG3013",0,4,0,1,0,4
"COG3014",217,6,159,127,108,137
"COG3015",0,537,2,1,1,3
"COG3016",406,887,144,110,92,145
"COG3017",316,891,133,100,116,37
"COG3018",242,61,462,321,271,254
"COG3019",558,1579,782,495,393,332
"COG3021",209,2210,761,291,426,551
"COG3022",2664,1492,2722,2243,2298,1835
"COG3023",1598,9958,2605,3455,2662,1578
"COG3024",68,241,141,79,55,66
"COG3025",202,2453,355,179,64,68
"COG3026",191,905,199,129,157,66
"COG3027",663,394,871,1464,975,391
"COG3028",125,811,154,79,65,34
"COG3029",213,2,2,0,2,1
"COG3030",1404,609,1453,1930,1349,645
"COG3031",335,33,274,148,210,90
"COG3033",144,74,292,1131,1001,110
"COG3034",853,520,397,241,411,209
"COG3036",6,156,0,0,0,3
"COG3037",0,54,0,0,0,0
"COG3038",359,2548,956,759,400,323
"COG3039",1940,5339,643,428,671,240
"COG3040",326,1308,444,362,492,353
"COG3041",24,2,6,2,3,1
"COG3042",0,380,0,0,0,0
"COG3043",0,419,0,1,0,7
"COG3044",509,0,13,34,37,38
"COG3045",126,486,121,59,20,41
"COG3046",501,1616,10604,8285,6782,10776
"COG3047",259,2577,354,307,209,104
"COG3048",3,824,3,0,0,3
"COG3049",39,776,97,27,25,67
"COG3050",0,0,0,0,0,0
"COG3051",264,0,2,13,68,0
"COG3053",0,0,0,0,1,1
"COG3054",78,0,1,0,2,4
"COG3055",432,5,237,242,255,177
"COG3056",0,0,0,0,0,0
"COG3057",10,10,53,20,1,1
"COG3058",52,1434,0,0,1,32
"COG3059",44,3,75,21,10,3
"COG3060",10,3,37,26,3,13
"COG3061",0,0,0,0,0,0
"COG3062",1,230,0,0,0,1
"COG3063",277,1179,291,131,153,59
"COG3064",41,9,110,38,4,12
"COG3065",6,13,72,38,6,12
"COG3066",25,6,78,61,6,26
"COG3067",336,103,1285,782,410,1047
"COG3068",31,54,110,24,4,16
"COG3069",2,12,138,13,68,61
"COG3070",70,616,45,49,47,32
"COG3071",725,1220,381,351,425,126
"COG3072",451,2671,313,175,129,97
"COG3073",78,534,114,68,56,42
"COG3074",0,0,0,0,0,0
"COG3075",63,65,5,26,7,4
"COG3076",17,4,64,30,8,15
"COG3077",33,13,23,4,6,1
"COG3078",23,0,30,1,0,3
"COG3079",437,1033,163,155,167,72
"COG3080",231,1,2,2,1,3
"COG3081",157,1006,228,129,49,61
"COG3082",6,4,24,15,3,8
"COG3083",444,14,324,538,485,66
"COG3084",0,0,0,0,0,0
"COG3085",31,10,170,99,17,29
"COG3086",29,432,63,36,8,18
"COG3087",303,610,158,111,129,73
"COG3088",1835,418,1801,2317,1885,966
"COG3089",65,168,71,49,30,19
"COG3090",719,1883,1165,937,633,586
"COG3091",44,543,80,55,23,9
"COG3092",27,5,76,33,3,15
"COG3093",153,440,118,41,63,49
"COG3094",18,1,30,4,3,10
"COG3095",0,0,0,0,1,0
"COG3096",0,0,1,2,2,4
"COG3097",0,0,0,0,0,0
"COG3098",52,297,54,15,31,9
"COG3099",14,0,13,0,1,0
"COG3100",82,507,75,24,16,26
"COG3101",100,592,123,78,35,54
"COG3102",0,0,2,0,5,2
"COG3103",36,467,97,102,24,32
"COG3104",1988,468,3968,2873,2581,2852
"COG3105",80,381,38,16,19,12
"COG3106",185,53,301,139,47,54
"COG3107",718,2346,648,599,495,212
"COG3108",33,736,460,122,95,232
"COG3109",37,9,75,61,2,12
"COG3110",2,10,7,1,0,1
"COG3111",3,531,0,1,0,0
"COG3112",28,2,33,5,1,14
"COG3113",0,0,0,0,0,0
"COG3114",5,81,6,2,6,3
"COG3115",569,1444,326,292,242,118
"COG3116",47,202,42,30,29,14
"COG3117",196,447,122,77,109,28
"COG3118",884,1068,1188,943,837,639
"COG3119",53807,1305,46089,32701,30788,30992
"COG3120",0,0,0,0,0,0
"COG3121",67,2240,21,52,14,8
"COG3122",70,963,112,41,25,22
"COG3123",93,647,288,146,108,1256
"COG3124",251,535,200,97,71,132
"COG3125",63,175,89,44,19,10
"COG3126",107,428,67,3,13,3
"COG3127",4547,4357,4487,3891,3520,2165
"COG3128",271,13626,930,1796,2911,3062
"COG3129",113,895,165,93,53,28
"COG3130",37,34,60,23,14,12
"COG3131",461,1571,495,201,100,106
"COG3132",82,2,65,26,9,57
"COG3133",57,481,109,46,61,116
"COG3134",167,526,27,26,25,4
"COG3135",264,3343,387,227,123,187
"COG3136",30,273,12,5,8,1
"COG3137",205,77,287,180,71,65
"COG3138",308,845,644,275,136,293
"COG3139",38,391,54,28,15,18
"COG3141",47,270,84,38,15,18
"COG3142",446,29,589,526,678,431
"COG3143",133,730,156,56,45,34
"COG3144",237,1411,368,156,77,89
"COG3145",849,3036,542,437,1639,351
"COG3146",1611,1109,3400,2226,2289,6277
"COG3147",106,594,113,63,48,31
"COG3148",179,1169,280,109,53,54
"COG3149",56,469,91,34,34,42
"COG3150",90,1062,479,316,166,432
"COG3151",267,384,315,240,203,126
"COG3152",1034,2725,917,803,1132,648
"COG3153",280,75,345,242,148,166
"COG3154",3,494,29,3,0,26
"COG3155",726,702,213,311,203,182
"COG3156",496,1416,821,762,508,602
"COG3157",96,831,48,31,18,37
"COG3158",150,1404,63,24,87,173
"COG3159",453,663,793,526,503,461
"COG3160",87,510,132,65,28,26
"COG3161",304,830,452,216,156,240
"COG3162",9,877,0,8,8,2
"COG3164",1752,3686,1546,1414,1229,443
"COG3165",506,414,194,153,164,49
"COG3166",196,803,172,62,63,34
"COG3167",203,889,143,91,122,47
"COG3168",183,684,124,75,94,21
"COG3169",33,637,14,5,13,8
"COG3170",398,3686,391,253,243,111
"COG3171",31,338,13,1,10,2
"COG3172",326,456,559,274,396,320
"COG3173",4342,3504,4667,5308,4396,2658
"COG3174",24,1336,40,33,54,34
"COG3175",858,554,2135,2006,1230,1223
"COG3176",1033,1443,2408,2048,1564,1444
"COG3177",580,3251,465,193,408,278
"COG3178",2399,1751,3347,4399,2927,1710
"COG3179",42,1404,56,30,61,427
"COG3180",564,863,1735,1668,1160,782
"COG3181",5048,1614,3205,2914,2507,1575
"COG3182",763,5583,967,969,521,399
"COG3183",77,4,55,46,96,30
"COG3184",45,467,41,18,6,24
"COG3185",1713,3013,1098,949,1526,868
"COG3186",1344,1017,1154,935,1403,1071
"COG3187",142,486,174,60,41,19
"COG3188",255,5728,152,56,33,12
"COG3189",28,418,25,4,6,11
"COG3190",29,241,30,6,16,13
"COG3191",2529,55,1055,1217,1143,648
"COG3192",6,223,0,0,0,0
"COG3193",903,582,233,246,198,124
"COG3194",903,759,803,1058,968,391
"COG3195",1169,514,989,1261,1037,465
"COG3196",0,0,0,0,0,0
"COG3197",8,11,11,4,4,1
"COG3198",70,431,101,49,22,15
"COG3199",1765,15,1380,939,1552,581
"COG3200",2972,1491,4535,6092,4582,2359
"COG3201",390,868,1097,774,808,697
"COG3202",1324,1241,1093,1356,1354,921
"COG3203",156,565,582,450,265,279
"COG3204",471,2836,1558,1068,905,1379
"COG3205",26,602,32,37,12,13
"COG3206",1913,6095,2406,1836,1962,3210
"COG3207",1,0,1,0,0,0
"COG3208",50,420,195,94,138,130
"COG3209",337,1837,610,280,246,577
"COG3210",920,15907,666,921,654,1061
"COG3211",3146,3441,1271,1366,1432,630
"COG3212",64,598,26,8,13,7
"COG3213",110,1500,177,54,42,76
"COG3214",713,27,195,263,281,66
"COG3215",61,518,37,16,40,8
"COG3216",319,1076,1004,593,558,2409
"COG3217",1285,831,1013,1427,1430,489
"COG3218",76,574,40,6,13,14
"COG3219",100,449,123,81,104,29
"COG3220",250,1226,244,180,177,81
"COG3221",3187,2409,2985,2511,2976,4671
"COG3222",454,152,1073,545,590,2810
"COG3223",24,722,83,48,64,49
"COG3224",43,71,77,25,4,84
"COG3225",5573,1708,1965,2596,2817,1735
"COG3226",34,24,28,7,19,2
"COG3227",622,1098,601,124,314,425
"COG3228",314,1012,252,276,254,164
"COG3230",58,389,31,6,9,19
"COG3231",14,60,0,1,0,4
"COG3232",204,254,112,75,62,47
"COG3233",20,628,11,2,2,2
"COG3235",92,718,100,42,29,28
"COG3236",8,46,54,73,112,54
"COG3237",22,226,73,18,5,11
"COG3238",140,837,185,91,124,98
"COG3239",3881,1759,6386,4694,5408,9836
"COG3240",43,1774,116,36,78,30
"COG3241",213,25,574,531,679,562
"COG3242",23,1,12,3,8,6
"COG3243",987,1402,946,457,261,338
"COG3245",794,499,258,326,349,172
"COG3246",3120,64,3354,3486,2913,1494
"COG3247",41,474,26,4,12,18
"COG3248",171,3512,173,15,40,24
"COG3249",455,1058,420,434,369,124
"COG3250",6063,412,4509,3073,4784,2851
"COG3251",3,0,14,6,1,2
"COG3252",86,5,160,156,164,112
"COG3253",951,80,184,236,268,36
"COG3254",257,4,205,272,208,82
"COG3255",119,379,297,396,301,157
"COG3256",51,2750,46,28,27,30
"COG3257",228,27,218,87,175,100
"COG3258",52,798,67,26,23,17
"COG3259",1,0,1,0,0,28
"COG3261",0,0,2,1,0,18
"COG3263",1615,1899,497,343,419,147
"COG3264",2311,3204,2025,1554,1778,1165
"COG3265",399,1068,226,202,171,166
"COG3266",72,1043,46,10,30,20
"COG3267",907,2237,777,752,749,598
"COG3268",1545,106,2654,2481,2566,2008
"COG3269",1,0,11,21,20,7
"COG3270",42,0,59,4,0,39
"COG3271",21,642,21,14,20,3
"COG3272",622,925,307,224,375,134
"COG3273",470,0,28,164,168,0
"COG3274",1,0,0,0,0,4
"COG3275",291,382,484,300,247,222
"COG3276",5559,1333,2368,3013,4072,1165
"COG3277",0,0,1,1,0,1
"COG3278",749,3221,707,509,311,314
"COG3279",433,1887,910,560,506,434
"COG3280",19,1570,2,1,12,8
"COG3281",15,2905,49,1,10,22
"COG3283",102,1350,216,112,16,48
"COG3284",192,5078,422,241,144,177
"COG3285",153,3083,70,11,56,47
"COG3287",205,1054,304,82,63,69
"COG3288",7136,2324,8763,9442,9102,9388
"COG3290",373,340,62,12,30,18
"COG3291",9510,1046,9769,4713,10662,10312
"COG3292",2567,308,2697,3179,3767,2063
"COG3293",631,543,806,389,157,397
"COG3294",5,0,0,0,1,1
"COG3295",103,540,134,65,14,33
"COG3296",131,405,123,76,53,61
"COG3297",208,992,260,256,106,100
"COG3298",885,424,142,193,280,71
"COG3299",10,1105,2,1,2,13
"COG3300",419,5462,668,284,139,143
"COG3301",12,0,2,0,58,0
"COG3302",5,37,393,175,135,229
"COG3303",1,2,5,1,1,41
"COG3304",25,0,49,21,35,42
"COG3305",7,0,0,0,0,1
"COG3306",55,1818,501,1867,2339,1225
"COG3307",988,208,1535,1269,1541,3633
"COG3308",44,348,80,43,12,17
"COG3309",1,0,0,0,2,1
"COG3310",60,34,95,44,30,20
"COG3311",208,191,84,36,115,39
"COG3312",100,606,82,73,48,30
"COG3313",217,1131,516,343,245,333
"COG3314",377,6,136,104,96,24
"COG3315",332,878,201,412,419,208
"COG3316",408,93,123,106,152,41
"COG3317",793,1048,1059,894,651,715
"COG3318",1020,889,174,519,581,180
"COG3319",83,17,133,98,26,157
"COG3320",343,205,173,128,238,180
"COG3321",2349,157,2749,1040,1998,1846
"COG3322",46,2314,52,34,9,23
"COG3323",181,681,827,448,545,668
"COG3324",298,41,162,64,44,67
"COG3325",634,1,779,364,834,537
"COG3326",70,970,69,31,22,11
"COG3327",199,37,15,29,27,23
"COG3328",849,471,663,377,412,410
"COG3329",182,879,949,665,846,4280
"COG3330",34,0,917,466,665,4149
"COG3331",7,329,1,6,0,0
"COG3332",441,1185,411,548,303,197
"COG3333",7557,2478,5267,4823,3741,2842
"COG3334",42,18,52,61,37,41
"COG3335",1181,385,456,302,212,265
"COG3336",574,78,151,893,724,171
"COG3338",17,39,51,49,40,25
"COG3339",93,129,282,161,176,808
"COG3340",735,706,1978,1514,2046,3050
"COG3341",33,28,212,62,88,113
"COG3342",2694,716,519,755,866,544
"COG3344",994,7463,2243,1008,544,940
"COG3345",206,17,197,117,105,118
"COG3346",880,729,2385,1425,721,975
"COG3347",4434,984,2518,3584,3333,1074
"COG3349",301,74,2929,1128,1436,7646
"COG3350",7,2,3,2,5,1
"COG3354",0,0,32,0,0,15
"COG3356",1241,0,88,76,435,69
"COG3357",0,0,0,0,0,0
"COG3358",434,58,303,208,188,224
"COG3359",74,223,32,18,35,112
"COG3360",49,277,31,9,12,14
"COG3361",206,21,611,244,645,425
"COG3363",3,0,0,5,0,0
"COG3364",0,0,0,2,0,0
"COG3365",0,0,0,0,0,0
"COG3367",2557,38,1032,1368,1563,573
"COG3369",156,3,5,2,8,9
"COG3371",5,0,0,0,0,0
"COG3372",467,0,9,9,141,20
"COG3375",125,2,14,9,3,12
"COG3376",5,1,3,0,13,2
"COG3377",0,0,2,1,1,1
"COG3378",642,16894,606,1685,4192,405
"COG3379",263,0,11,36,49,95
"COG3380",127,1018,2169,1450,752,1794
"COG3381",294,64,83,74,119,24
"COG3382",82,24,9,2,12,2
"COG3383",10192,2461,4793,6959,7233,1462
"COG3384",2283,2431,1361,627,2026,561
"COG3385",873,166,1045,827,245,170
"COG3386",8068,1622,5163,4898,4322,2735
"COG3387",303,924,322,251,207,176
"COG3388",0,0,0,2,0,0
"COG3389",448,0,1174,246,1176,504
"COG3390",380,0,715,217,888,369
"COG3391",18515,1952,2504,4086,4202,1900
"COG3392",549,1120,289,333,432,226
"COG3393",52,28,8,7,2,42
"COG3394",561,481,360,279,411,162
"COG3395",362,78,1423,783,927,4385
"COG3396",3595,360,1638,986,1967,1123
"COG3397",107,0,66,35,104,21
"COG3398",920,0,1084,240,1005,546
"COG3399",0,400,0,0,3,1
"COG3400",0,0,153,731,559,58
"COG3401",140,28,135,244,149,89
"COG3402",39,20,13,3,10,14
"COG3403",31,51,51,39,13,13
"COG3404",1728,451,1406,1129,2016,1058
"COG3405",61,9,107,40,6,9
"COG3407",338,87,953,501,665,537
"COG3408",1159,11,178,207,160,185
"COG3409",511,2814,707,2183,1440,325
"COG3410",87,39,89,25,10,10
"COG3411",849,12,185,256,424,52
"COG3412",3,6,0,0,0,1
"COG3413",46,0,162,74,481,109
"COG3414",0,67,1,1,0,0
"COG3415",297,25,220,103,41,186
"COG3417",114,3,87,67,56,88
"COG3418",32,513,15,0,5,2
"COG3419",1715,8825,2544,4157,3827,1270
"COG3420",200,1151,87,38,163,60
"COG3421",52,5,35,52,64,53
"COG3422",36,587,28,13,19,16
"COG3423",1,1,26,8,0,0
"COG3424",316,70,202,45,78,165
"COG3425",2205,2,2107,1351,2523,813
"COG3426",0,0,0,1,0,24
"COG3427",2375,18,821,1218,1151,364
"COG3428",164,50,329,105,58,117
"COG3429",23,25,1029,519,708,4672
"COG3431",43,2,59,0,6,24
"COG3433",0,46,0,0,0,0
"COG3434",203,39,536,281,62,147
"COG3435",517,4,160,138,128,109
"COG3436",1300,6027,2979,1386,413,875
"COG3437",1124,523,2230,1348,653,1623
"COG3439",264,101,106,126,118,91
"COG3440",167,258,336,317,264,1091
"COG3442",10,23,27,62,49,1
"COG3443",7,10,10,3,0,5
"COG3444",4,0,0,0,0,8
"COG3447",10,4,100,45,7,145
"COG3448",953,1926,1182,1681,1181,2352
"COG3449",18,642,69,43,10,20
"COG3450",313,223,285,178,271,1589
"COG3451",653,621,740,279,279,244
"COG3452",250,150,342,74,47,136
"COG3453",154,2031,268,162,82,196
"COG3454",38,819,140,61,29,76
"COG3455",83,643,62,27,24,42
"COG3456",121,915,90,11,22,23
"COG3457",37,26,5,7,15,15
"COG3458",1116,39,94,70,115,106
"COG3459",29,440,23,12,32,30
"COG3460",249,47,80,61,69,79
"COG3461",0,0,1,5,1,4
"COG3463",755,0,189,305,528,289
"COG3464",814,3258,962,503,365,169
"COG3467",962,33,71,194,264,55
"COG3468",46,26,69,146,85,119
"COG3469",8,0,63,27,39,1
"COG3470",121,480,987,522,462,669
"COG3471",141,1078,11,8,21,7
"COG3472",88,310,45,33,96,54
"COG3473",3413,50,2297,2938,2237,937
"COG3474",638,146,1382,2744,1846,878
"COG3475",113,2,49,32,33,38
"COG3476",365,51,1226,1244,718,731
"COG3478",174,1,37,115,138,18
"COG3479",1,0,0,0,1,0
"COG3480",384,40,221,814,650,43
"COG3481",1122,150,381,612,766,424
"COG3482",0,0,1,0,0,3
"COG3483",2150,131,1482,934,2129,1020
"COG3484",59,626,642,789,202,82
"COG3485",1071,1329,647,685,714,599
"COG3486",53,2864,88,9,3,28
"COG3487",157,1383,267,177,209,118
"COG3488",559,1420,937,813,436,224
"COG3489",83,1081,531,334,131,116
"COG3490",92,1003,106,56,82,50
"COG3491",6985,5209,5003,4783,5345,2666
"COG3492",625,322,620,803,715,300
"COG3493",2,137,3,0,0,1
"COG3494",1120,42,1918,2500,1632,909
"COG3495",272,945,349,371,285,155
"COG3496",935,1180,2791,2449,1890,965
"COG3497",820,55077,2761,15779,24991,6135
"COG3498",12,4,9,1,28,0
"COG3499",4,6,8,0,17,1
"COG3500",35,92,149,54,142,103
"COG3501",324,11573,350,189,321,338
"COG3502",248,18,630,406,312,346
"COG3503",579,1838,817,340,389,211
"COG3504",167,116,98,32,63,40
"COG3505",493,638,440,275,230,206
"COG3506",16,0,3,2,5,4
"COG3507",1069,173,1626,1045,1193,1025
"COG3508",1851,1058,1321,1212,1683,1077
"COG3509",2404,802,7175,4415,7204,5164
"COG3510",226,139,239,234,239,175
"COG3511",23,1,13,11,41,7
"COG3512",0,3,3,5,12,14
"COG3513",16,551,30,45,91,105
"COG3514",15,1,1,0,1,1
"COG3515",156,1885,90,42,47,60
"COG3516",59,603,72,45,21,38
"COG3517",222,2037,209,83,62,131
"COG3518",41,464,39,5,7,11
"COG3519",209,2638,185,57,57,91
"COG3520",122,1462,105,44,26,45
"COG3521",35,344,32,11,9,17
"COG3522",148,1930,139,46,51,66
"COG3523",419,5295,322,113,95,188
"COG3524",112,44,259,120,95,98
"COG3525",3834,237,2462,2447,2966,1790
"COG3526",95,272,13,47,42,15
"COG3527",0,1,6,1,1,14
"COG3528",106,1016,172,152,133,65
"COG3529",32,229,46,25,9,12
"COG3530",52,288,76,29,16,13
"COG3531",388,552,82,80,91,24
"COG3533",693,28,413,306,427,436
"COG3534",385,62,326,485,513,292
"COG3535",998,0,207,129,128,35
"COG3536",500,396,237,199,209,134
"COG3537",432,67,2784,938,1496,2116
"COG3538",29,37,339,37,81,240
"COG3539",16,704,1,1,0,2
"COG3540",2262,1530,2967,1918,1469,974
"COG3541",34,4,43,20,26,14
"COG3542",161,22,434,314,252,236
"COG3543",0,2,0,6,0,0
"COG3544",659,131,1380,1256,1016,1231
"COG3545",49,665,18,12,21,9
"COG3546",15,62,8,2,2,0
"COG3547",1687,942,2904,1540,506,741
"COG3548",2,19,36,1,2,34
"COG3549",52,285,46,31,31,22
"COG3550",403,2335,856,270,124,195
"COG3551",88,30,199,142,144,160
"COG3552",2454,32,1112,1928,2099,598
"COG3553",12,741,22,10,0,6
"COG3554",6,7,11,10,3,0
"COG3555",207,4291,456,621,473,575
"COG3556",58,394,375,136,221,1895
"COG3558",36,10,48,35,12,43
"COG3559",1,0,0,1,15,1
"COG3560",1,522,0,1,0,0
"COG3561",7,238,9,6,0,4
"COG3562",60,128,133,25,45,80
"COG3563",69,35,142,13,51,111
"COG3564",18,18,489,473,178,327
"COG3565",546,584,1466,1362,1224,987
"COG3566",0,620,2,0,5,13
"COG3567",1,1267,1,0,1,12
"COG3568",1598,1483,839,357,480,317
"COG3569",1635,1414,649,482,935,353
"COG3570",17,0,10,2,1,4
"COG3571",622,677,236,199,154,94
"COG3572",3325,125,3464,2423,1691,1256
"COG3573",7,111,41,9,19,39
"COG3575",28,1032,42,28,7,12
"COG3576",2111,88,651,805,631,375
"COG3577",395,1079,515,237,740,89
"COG3579",2141,35,1426,1403,2797,1113
"COG3580",236,146,3,6,4,0
"COG3581",96,144,3,6,3,0
"COG3582",0,0,0,2,0,3
"COG3583",11,44,0,4,17,1
"COG3584",22,677,5,11,9,6
"COG3585",16,46,1,2,1,3
"COG3586",109,5,109,99,133,85
"COG3587",138,16,214,92,32,63
"COG3588",3002,4173,3559,6466,5722,7144
"COG3590",627,498,1230,1229,870,406
"COG3591",0,21,19,18,0,24
"COG3592",54,13,0,0,0,0
"COG3593",1355,504,367,229,365,62
"COG3594",17,12,92,36,29,127
"COG3595",146,0,30,19,27,15
"COG3596",1,0,7,3,0,25
"COG3597",14,0,21,40,28,78
"COG3598",52,1970,36,66,66,281
"COG3599",80,1,123,49,21,144
"COG3600",9,5,32,12,3,5
"COG3602",63,38,150,153,105,69
"COG3603",220,21,58,33,109,7
"COG3604",1317,2449,619,624,655,683
"COG3605",1765,3743,1523,688,709,633
"COG3607",27,7,10,3,9,5
"COG3608",3362,1004,2002,793,1906,727
"COG3609",112,42,165,58,169,53
"COG3610",65,15,199,104,13,37
"COG3612",0,0,0,0,0,0
"COG3613",48,45,187,515,462,71
"COG3614",719,2608,425,28,94,106
"COG3615",0,0,0,0,0,1
"COG3616",2324,73,975,1428,1289,1003
"COG3617",19,17,34,3,4,4
"COG3618",6196,88,2609,2433,2261,1719
"COG3619",28,7,4,4,7,2
"COG3620",377,80,161,37,123,154
"COG3621",483,9,655,440,473,438
"COG3622",1816,2126,1431,998,906,766
"COG3623",524,117,114,223,232,158
"COG3624",8,317,28,13,3,18
"COG3625",22,505,49,13,5,25
"COG3626",24,782,60,44,12,36
"COG3627",22,705,79,25,10,39
"COG3628",41,5278,138,1728,3385,199
"COG3629",0,0,7,22,16,7
"COG3631",286,35,225,174,212,71
"COG3633",54,1961,103,99,25,16
"COG3634",335,3871,701,475,409,480
"COG3635",2852,0,183,343,677,141
"COG3636",43,6,17,6,6,1
"COG3637",128,142,69,59,84,36
"COG3638",1541,2167,1595,1019,1241,1965
"COG3639",3243,2959,2972,2609,3449,3936
"COG3640",13,0,1,5,5,17
"COG3641",0,0,0,0,3,0
"COG3642",742,0,473,197,835,269
"COG3643",1584,0,1536,986,2099,1161
"COG3644",9,1,28,11,18,29
"COG3645",14,446,1,0,9,3
"COG3646",3,1166,16,20,7,4
"COG3647",34,1015,59,42,19,84
"COG3648",2,0,5,2,15,10
"COG3649",3,1,5,4,7,33
"COG3650",72,1031,43,13,41,8
"COG3651",1141,203,2030,1910,1900,2208
"COG3652",13,551,2,0,6,6
"COG3653",16449,289,4188,7015,5939,1665
"COG3654",24,22,32,22,16,14
"COG3655",207,29,29,24,85,21
"COG3656",74,430,171,124,21,34
"COG3657",43,6,20,7,1,20
"COG3658",138,708,247,142,95,87
"COG3659",245,2689,186,137,97,95
"COG3660",1398,613,2902,2617,1656,987
"COG3661",48,42,129,77,29,71
"COG3662",391,831,208,755,722,122
"COG3663",422,558,39,42,58,41
"COG3664",257,0,140,334,276,372
"COG3665",5864,1957,3922,5957,4343,1466
"COG3666",1035,6197,713,346,445,318
"COG3667",383,3928,365,185,131,124
"COG3668",109,419,157,99,55,73
"COG3669",1778,51,1057,524,708,623
"COG3670",2440,2945,2798,2799,2887,5559
"COG3671",13,270,27,0,8,4
"COG3672",72,87,115,75,56,37
"COG3673",20,98,87,16,21,8
"COG3675",137,3682,326,1387,2217,339
"COG3676",248,60,16,20,34,32
"COG3677",152,4,60,26,52,10
"COG3678",26,463,50,66,6,6
"COG3679",0,0,0,1,0,0
"COG3680",43,15,145,123,110,207
"COG3681",0,33,0,0,0,1
"COG3682",67,27,107,54,33,36
"COG3683",20,9,23,13,8,7
"COG3684",287,3,225,170,258,92
"COG3685",22,656,21,11,7,4
"COG3686",117,341,541,294,353,2007
"COG3687",485,4017,221,223,215,136
"COG3688",61,0,39,22,27,23
"COG3689",0,0,57,0,9,36
"COG3692",3,0,0,0,0,12
"COG3693",218,144,1910,385,413,741
"COG3694",238,1,913,542,649,2957
"COG3695",352,764,379,207,264,1484
"COG3696",3728,16837,5093,2424,1475,2072
"COG3698",23,39,233,45,25,97
"COG3700",213,0,37,103,188,57
"COG3701",98,48,43,15,26,18
"COG3702",12,25,22,2,6,4
"COG3703",623,54,460,206,231,237
"COG3704",46,43,17,6,17,9
"COG3705",2113,1947,4421,4859,3664,6167
"COG3706",4385,12776,4606,2800,2074,2291
"COG3707",497,2156,226,178,150,87
"COG3708",43,8,65,22,18,13
"COG3709",22,573,57,22,13,26
"COG3710",192,127,513,270,105,202
"COG3711",2,152,0,2,5,7
"COG3712",1039,2789,748,569,672,237
"COG3713",225,46,302,118,59,47
"COG3714",166,27,43,32,14,16
"COG3716",6,0,0,0,0,15
"COG3717",11,31,76,53,26,10
"COG3718",798,72,958,626,781,605
"COG3719",30,17,28,21,31,7
"COG3720",87,28,174,235,126,133
"COG3721",0,1,0,0,1,0
"COG3723",29,4460,25,22,9,102
"COG3724",142,896,632,278,111,367
"COG3725",122,781,191,102,58,28
"COG3726",97,1482,60,4,40,7
"COG3727",156,100,176,179,304,620
"COG3728",55,919,32,25,26,46
"COG3729",2,258,0,0,0,2
"COG3730",2,27,23,238,154,19
"COG3731",1,22,19,166,99,14
"COG3732",1,36,51,398,243,14
"COG3733",984,7,439,886,612,221
"COG3734",174,36,469,182,172,289
"COG3735",299,163,380,177,215,181
"COG3736",6,23,16,1,7,5
"COG3737",193,12,151,141,124,68
"COG3738",53,57,93,79,36,64
"COG3739",50,326,30,20,22,13
"COG3740",66,4392,64,90,565,175
"COG3741",727,74,594,585,488,556
"COG3742",3,0,0,1,0,1
"COG3743",130,164,1131,254,470,845
"COG3744",17,40,51,17,15,31
"COG3745",151,528,84,38,33,34
"COG3746",398,1257,408,380,466,237
"COG3747",5,349,9,2,3,12
"COG3748",4838,1621,3190,5071,4448,1340
"COG3749",249,716,117,57,96,74
"COG3750",36,204,156,46,29,63
"COG3751",450,2989,496,1577,1654,501
"COG3752",1593,483,3477,2060,2453,1813
"COG3753",0,0,0,0,0,2
"COG3754",58,123,154,44,46,213
"COG3755",20,363,15,1,6,7
"COG3756",2,1028,6,9,15,61
"COG3757",45,661,126,89,61,173
"COG3758",77,3,5,0,4,0
"COG3759",2,247,3,4,9,3
"COG3760",519,29,481,320,328,306
"COG3761",408,35,837,1161,847,423
"COG3762",110,759,62,59,53,78
"COG3764",245,30,250,938,725,56
"COG3765",71,1899,33,48,91,10
"COG3766",79,15,111,87,32,67
"COG3768",100,26,206,49,17,26
"COG3769",48,67,1338,1097,632,2772
"COG3770",8,34,298,102,73,153
"COG3771",1,0,0,0,0,0
"COG3772",108,8250,137,204,1813,168
"COG3773",457,11191,540,564,500,1235
"COG3774",71,694,271,233,455,265
"COG3775",1,61,0,0,0,0
"COG3776",0,0,0,0,0,0
"COG3777",435,666,706,344,351,459
"COG3778",8,304,1,0,1,0
"COG3779",1,0,0,0,1,8
"COG3781",78,1197,149,60,258,278
"COG3782",85,1678,135,89,72,79
"COG3783",21,261,28,1,1,1
"COG3784",54,294,37,22,17,9
"COG3785",1245,25,1204,1709,1170,592
"COG3786",540,31,1065,1474,1013,543
"COG3787",152,0,19,11,44,14
"COG3788",102,26,210,162,131,91
"COG3789",92,3,51,25,11,16
"COG3791",4270,1734,3160,3674,2952,1908
"COG3793",10,0,4,1,12,4
"COG3794",1427,4286,3216,2729,4202,3586
"COG3795",35,730,35,16,24,17
"COG3797",3,44,8,8,13,5
"COG3798",23,7,12,0,2,7
"COG3799",17,0,0,0,0,0
"COG3800",1613,84,2603,3526,2500,937
"COG3801",0,2,2,25,48,0
"COG3802",164,35,23,109,48,5
"COG3803",804,943,1118,648,593,553
"COG3804",336,48,228,395,314,53
"COG3805",26,3,27,20,20,20
"COG3806",156,175,682,361,206,226
"COG3807",599,56,1222,1052,780,403
"COG3808",11912,394,11579,14161,14139,7325
"COG3809",17,14,10,8,9,2
"COG3811",2,3,7,3,2,5
"COG3812",212,644,209,64,23,165
"COG3813",14,7,12,9,5,6
"COG3814",124,109,370,245,181,208
"COG3815",157,0,232,68,411,141
"COG3816",459,1059,929,682,443,453
"COG3817",15,27,6,0,2,1
"COG3818",594,5,768,916,956,570
"COG3819",7,32,6,0,1,1
"COG3820",700,71,1684,2282,1468,813
"COG3821",88,723,49,32,26,21
"COG3822",67,7,269,93,69,93
"COG3823",1074,79,1324,764,1489,761
"COG3824",278,24,20,9,25,31
"COG3825",1721,2008,2244,1764,1321,1490
"COG3826",0,1,0,1,6,9
"COG3827",6,23,13,8,4,4
"COG3828",1416,18,1304,1000,948,751
"COG3829",558,3601,191,86,50,202
"COG3830",387,2137,248,212,195,162
"COG3831",1,4,8,5,5,8
"COG3832",80,106,59,72,67,39
"COG3833",255,739,506,192,298,332
"COG3835",84,13,38,9,24,7
"COG3836",8318,305,2934,4141,3270,1714
"COG3837",106,34,49,38,29,21
"COG3838",46,42,33,9,29,12
"COG3839",7842,2976,9110,9248,7257,4534
"COG3840",80,10,345,121,88,139
"COG3842",12996,3475,12766,9218,8272,6720
"COG3843",275,1541,201,37,67,87
"COG3844",2262,155,1028,1417,1731,1152
"COG3845",7089,2964,5607,5974,5397,2461
"COG3846",172,97,74,38,77,45
"COG3847",0,1,1,6,0,2
"COG3848",2,0,110,7,28,118
"COG3850",256,1748,99,42,27,88
"COG3851",36,17,16,9,21,7
"COG3852",1482,1703,1723,1414,1351,980
"COG3853",84,675,44,7,30,12
"COG3854",718,0,404,401,360,344
"COG3855",0,0,0,4,3,0
"COG3857",36,0,20,38,12,24
"COG3858",864,154,382,655,883,234
"COG3859",23,0,0,7,9,17
"COG3860",0,0,0,0,0,0
"COG3861",0,0,0,0,2,1
"COG3864",393,18084,554,761,522,1151
"COG3865",19,54,25,11,28,16
"COG3866",20,1,68,35,170,6
"COG3867",59,1,436,162,284,328
"COG3868",218,24,161,18,33,28
"COG3869",352,0,185,128,160,154
"COG3870",12,0,0,2,1,0
"COG3871",43,455,88,44,37,18
"COG3872",1539,0,307,1151,1001,130
"COG3874",25,0,0,0,0,0
"COG3875",1533,2,244,491,469,186
"COG3876",3158,140,2071,1917,2224,1350
"COG3877",25,0,0,1,2,1
"COG3878",0,1,2,5,3,5
"COG3879",2,87,1,0,1,0
"COG3880",151,0,64,46,46,70
"COG3882",1431,1602,391,490,772,416
"COG3883",10,0,12,162,120,0
"COG3884",5,8,21,7,17,12
"COG3885",0,0,0,2,2,1
"COG3886",160,172,220,209,55,200
"COG3887",0,0,0,0,0,0
"COG3889",1094,0,52,54,229,0
"COG3890",0,0,0,2,3,3
"COG3892",545,12,366,756,569,304
"COG3893",383,172,1378,559,359,556
"COG3894",3819,26,1145,1199,1282,595
"COG3895",1,0,0,0,0,0
"COG3896",14,0,11,16,21,13
"COG3897",103,942,92,66,74,74
"COG3898",259,75,1262,735,543,711
"COG3899",715,32,231,162,618,191
"COG3900",2,0,1,1,0,0
"COG3901",761,2081,457,469,282,168
"COG3903",14,0,19,21,25,75
"COG3904",31,471,27,4,5,14
"COG3905",1,35,0,2,1,1
"COG3907",507,713,42,14,196,17
"COG3908",190,16,386,591,375,166
"COG3909",120,394,584,496,233,103
"COG3910",14,2,5,8,15,12
"COG3911",161,84,428,189,320,231
"COG3913",25,547,22,1,1,17
"COG3914",1885,24,2452,4486,4002,2974
"COG3915",17,25,40,9,6,4
"COG3916",31,15,18,4,16,13
"COG3917",2470,431,3967,4560,3219,2010
"COG3918",1,0,0,1,0,0
"COG3919",128,20,70,63,59,134
"COG3920",1213,2616,574,471,640,373
"COG3921",124,762,92,50,44,33
"COG3923",1,0,1,0,0,0
"COG3926",104,8117,188,194,202,309
"COG3930",298,1131,234,198,323,234
"COG3931",233,28,340,337,252,218
"COG3932",78,715,102,56,33,47
"COG3934",299,3,215,141,142,54
"COG3935",27,2041,9,16,33,19
"COG3936",4,10,0,0,1,0
"COG3937",2,0,33,1,1,17
"COG3938",2513,106,1418,1164,1442,677
"COG3940",50,39,178,50,34,102
"COG3941",45,5535,27,28,34,164
"COG3942",31,35,23,4,36,9
"COG3943",51,368,63,46,26,31
"COG3944",10,1,4,4,4,6
"COG3945",423,4,31,85,159,4
"COG3946",14,0,0,0,1,6
"COG3947",27,0,24,1,1,3
"COG3948",14,7,19,4,62,1
"COG3949",664,2,153,357,272,14
"COG3950",31,926,154,41,75,39
"COG3951",187,1526,274,138,181,139
"COG3952",126,42,128,157,148,109
"COG3953",0,0,0,0,4,1
"COG3954",469,65,1067,675,761,4638
"COG3955",0,0,2,1,6,1
"COG3956",1153,0,333,640,529,1044
"COG3957",139,2640,135,72,156,154
"COG3958",2423,1484,2254,2034,2911,1540
"COG3959",2423,1458,2170,2003,2712,1450
"COG3960",12,1415,4,6,1,8
"COG3961",15,2,65,17,10,72
"COG3962",1909,94,3048,3916,2590,1471
"COG3963",270,27,66,130,62,97
"COG3964",1974,3,638,256,453,406
"COG3965",42,15,70,29,14,0
"COG3967",38,12,36,17,42,12
"COG3968",23,197,140,236,149,299
"COG3969",33,1197,6,31,28,22
"COG3970",400,14,211,428,313,350
"COG3971",2213,100,2711,1574,1146,858
"COG3972",29,126,9,2,1,99
"COG3973",1939,86,150,404,817,41
"COG3975",571,1211,1564,443,686,1149
"COG3976",0,0,0,0,0,0
"COG3977",417,65,138,80,158,67
"COG3978",11,0,12,1,0,1
"COG3979",3825,277,3905,1977,3798,1655
"COG3980",694,79,535,589,519,356
"COG3981",34,7,39,8,38,49
"COG4006",2,0,0,0,0,0
"COG4012",11,0,0,3,0,14
"COG4021",0,0,2,0,1,5
"COG4032",1808,111,676,1048,817,579
"COG4034",0,0,9,6,8,6
"COG4043",0,0,3,7,2,3
"COG4044",0,0,0,0,1,0
"COG4046",691,0,18,33,148,0
"COG4063",27,0,3,1,0,0
"COG4067",586,2251,574,658,781,240
"COG4083",316,0,474,120,726,228
"COG4085",102,0,10,8,36,3
"COG4087",5,0,0,0,0,0
"COG4088",0,0,1,5,19,4
"COG4091",1097,1283,874,1489,1171,579
"COG4092",0,0,0,0,0,1
"COG4093",24,7,26,7,6,6
"COG4094",352,78,749,353,537,2763
"COG4095",144,34,317,302,442,955
"COG4096",644,974,1056,713,823,1697
"COG4097",73,1284,80,42,50,51
"COG4099",1959,14,1340,1008,1532,620
"COG4100",17,0,753,679,800,3835
"COG4101",599,4,339,236,360,121
"COG4102",7283,1701,2643,2456,1901,1168
"COG4103",542,76,838,709,579,466
"COG4104",14,295,42,64,278,40
"COG4105",3431,1430,4378,4771,3997,2296
"COG4106",265,55,43,74,59,19
"COG4107",17,669,54,17,10,35
"COG4108",1474,2693,3343,1929,2088,8126
"COG4110",32,781,9,5,32,7
"COG4111",20,24,13,20,15,20
"COG4112",52,0,46,18,18,24
"COG4113",2,23,0,3,1,6
"COG4114",12,440,17,0,2,3
"COG4115",26,29,45,11,8,7
"COG4117",140,563,30,25,16,19
"COG4118",1,13,2,0,1,0
"COG4119",9,24,6,4,6,16
"COG4120",2,42,14,7,6,6
"COG4121",451,2306,1700,1436,1278,4999
"COG4122",2829,903,2365,3273,2654,1282
"COG4123",277,116,720,452,293,456
"COG4124",63,5,111,5,38,68
"COG4125",36,214,29,7,13,11
"COG4126",740,293,389,339,352,247
"COG4127",71,14,41,59,134,59
"COG4128",33,0,38,0,1,5
"COG4130",46,0,54,47,39,15
"COG4132",2,45,3,1,3,3
"COG4133",914,648,1368,902,623,561
"COG4134",211,23,352,199,121,257
"COG4135",132,10,234,183,100,239
"COG4136",51,8,98,54,25,72
"COG4137",535,1414,335,274,267,118
"COG4138",0,6,55,38,3,19
"COG4139",0,0,0,0,0,0
"COG4143",1425,27,1407,820,942,714
"COG4145",1312,77,831,723,924,188
"COG4146",5213,60,4699,4036,4290,2867
"COG4147",2996,5930,6695,7537,5345,3267
"COG4148",1205,1405,564,401,275,370
"COG4149",1173,1067,508,402,380,286
"COG4150",87,79,77,20,46,9
"COG4152",424,161,676,367,616,497
"COG4154",395,1,501,447,325,224
"COG4158",44,1,50,73,106,60
"COG4160",844,408,859,1838,1456,509
"COG4161",0,0,0,0,0,0
"COG4166",7005,4863,5298,3384,3149,1930
"COG4167",38,2,115,54,19,20
"COG4168",0,0,0,0,0,0
"COG4170",46,9,117,54,7,19
"COG4171",41,7,118,70,11,25
"COG4172",2269,2959,3985,2605,2606,2142
"COG4174",2184,1679,1733,1458,1493,1149
"COG4175",6535,175,4792,6947,5654,1691
"COG4176",10630,165,7598,11445,9055,2691
"COG4177",14527,6561,11006,13194,12218,6202
"COG4178",41,8,1878,1184,1775,7234
"COG4181",1449,1039,1452,1285,963,724
"COG4185",15,27,15,6,21,36
"COG4186",6,155,6,7,6,41
"COG4187",0,4,0,1,1,0
"COG4188",2188,71,2448,1971,2825,5772
"COG4189",0,0,1,1,1,3
"COG4190",4,7,6,1,0,2
"COG4191",631,3829,928,233,225,270
"COG4193",0,0,11,2,0,4
"COG4195",240,5,44,121,112,4
"COG4196",332,176,189,106,145,120
"COG4198",4019,80,1607,3054,2931,952
"COG4199",1,0,2,7,1,0
"COG4200",2,22,4,0,5,0
"COG4206",5712,4947,5430,3407,3465,2469
"COG4208",133,1258,70,15,29,14
"COG4209",60,0,27,31,11,18
"COG4213",115,35,137,72,59,38
"COG4214",88,24,109,82,61,46
"COG4215",1213,651,1365,1224,950,350
"COG4219",170,117,228,127,22,66
"COG4220",1,35,15,23,1,2
"COG4221",3070,2332,2628,2075,2406,3458
"COG4222",136,102,316,149,111,140
"COG4223",29,18,337,51,33,117
"COG4225",555,33,208,273,149,88
"COG4226",28,2,16,6,1,3
"COG4227",260,17474,195,280,331,1083
"COG4228",8,816,1,3,1,3
"COG4229",77,200,150,19,15,66
"COG4230",2326,5435,2900,1994,1167,1840
"COG4231",4199,2836,2982,2822,3141,2286
"COG4232",5519,7256,6351,5996,6243,4505
"COG4233",1242,143,2842,2756,1701,1984
"COG4235",1040,1295,967,556,478,509
"COG4239",1974,1516,1441,1236,1272,849
"COG4240",1361,56,2994,3514,2623,4397
"COG4241",28,0,523,275,425,1474
"COG4242",994,1337,151,182,149,254
"COG4243",53,1,912,483,633,3377
"COG4244",37,343,999,656,833,5329
"COG4245",18,1276,21,20,31,37
"COG4246",96,51,157,111,91,116
"COG4247",409,1432,970,532,382,425
"COG4248",16,1,23,28,112,37
"COG4249",1699,98,903,986,1104,673
"COG4251",741,3509,668,400,239,235
"COG4252",3253,15584,2546,4041,4210,2513
"COG4253",27,7738,8,1,13,11
"COG4254",408,1574,193,412,406,201
"COG4255",10,2,3,20,110,5
"COG4256",4,0,0,2,2,1
"COG4257",2283,16,246,225,697,40
"COG4258",306,3134,136,23,28,21
"COG4259",21,16,21,9,0,13
"COG4260",91,67,179,125,271,441
"COG4261",148,1049,71,17,16,5
"COG4262",627,1,164,86,109,59
"COG4263",11,1685,47,22,13,52
"COG4264",95,5743,161,38,8,40
"COG4266",1723,1749,1369,2107,1926,664
"COG4267",84,29,75,0,26,5
"COG4268",133,910,131,102,76,357
"COG4269",594,50,237,125,196,106
"COG4270",469,24,837,683,1167,520
"COG4271",62,32,41,11,27,9
"COG4273",3,427,12,1,0,0
"COG4274",552,0,525,852,441,379
"COG4275",83,911,111,43,32,28
"COG4276",1313,12,1853,1029,2071,1004
"COG4277",83,2082,113,58,33,25
"COG4278",120,7,59,76,332,73
"COG4279",9,1,56,18,67,76
"COG4280",10,0,0,0,0,1
"COG4281",200,9,76,64,365,60
"COG4282",14,0,32,16,7,2
"COG4283",3,15,0,0,3,0
"COG4284",348,51,133,165,162,127
"COG4285",23,0,2,1,1,1
"COG4286",23,32,71,3,35,7
"COG4287",1038,5,302,661,562,176
"COG4288",2,12,12,3,16,1
"COG4289",479,16,12,10,1,7
"COG4290",0,21,0,1,2,1
"COG4291",6,460,4,0,4,2
"COG4292",11,15,40,9,6,32
"COG4293",334,0,83,60,106,24
"COG4294",16,7158,352,657,790,721
"COG4295",15,0,0,2,0,1
"COG4297",26,465,7,2,14,8
"COG4298",16,6,8,1,5,3
"COG4299",1066,12,1045,961,1284,523
"COG4300",3,4,0,0,2,3
"COG4301",1397,941,698,432,394,265
"COG4302",68,830,103,23,37,46
"COG4303",137,1331,189,54,79,70
"COG4304",8,0,2,0,0,0
"COG4305",0,0,6,4,2,0
"COG4307",94,969,110,95,53,41
"COG4308",51,5,80,178,164,24
"COG4310",607,80,717,1061,868,535
"COG4311",1023,195,1219,1535,1028,509
"COG4312",35,685,0,10,5,7
"COG4313",22,1454,18,16,11,25
"COG4314",6,629,10,2,0,6
"COG4315",33,3,42,37,27,53
"COG4317",1,0,0,0,0,0
"COG4318",8,0,34,2,6,52
"COG4319",43,377,71,97,70,76
"COG4320",30,17,130,83,18,28
"COG4321",43,42,119,49,61,60
"COG4322",12,8,22,28,29,3
"COG4323",202,1017,291,255,180,231
"COG4324",783,580,169,196,365,121
"COG4325",239,2534,324,113,134,96
"COG4326",29,0,39,0,1,0
"COG4327",395,319,989,1082,736,460
"COG4328",4,0,27,10,21,35
"COG4329",1,25,0,0,0,0
"COG4330",0,13,9,1,8,6
"COG4331",0,0,0,0,0,0
"COG4332",0,0,0,0,0,0
"COG4333",312,852,901,406,573,2321
"COG4334",0,0,1,2,7,0
"COG4335",15,5,44,5,13,26
"COG4336",605,572,279,408,349,151
"COG4337",114,10,1320,621,599,890
"COG4338",3,8,58,49,29,133
"COG4339",40,416,41,63,66,9
"COG4340",65,16,43,37,13,11
"COG4341",2110,283,1416,3232,2768,1087
"COG4347",1,0,0,1,0,0
"COG4352",0,0,1,2,16,0
"COG4353",1,0,0,3,0,0
"COG4354",117,1,162,7,18,74
"COG4357",1,0,0,0,0,0
"COG4359",194,0,15,56,28,0
"COG4360",22,0,759,340,589,2946
"COG4362",2,0,88,56,34,127
"COG4365",497,97,1508,786,1025,1081
"COG4370",43,1,1676,743,897,9222
"COG4371",3,0,497,199,411,173
"COG4372",18,0,798,303,493,3735
"COG4373",54,74,114,67,26,14
"COG4374",11,0,0,0,0,3
"COG4377",4,4,1,0,0,4
"COG4379",6,629,0,1,0,3
"COG4380",43,52,49,18,3,15
"COG4381",0,280,0,0,0,0
"COG4382",15,7,21,22,9,4
"COG4383",61,241,106,92,46,34
"COG4384",6,286,0,0,0,2
"COG4385",15,3,7,5,4,0
"COG4386",14,865,3,1,0,3
"COG4387",19,3,31,15,5,2
"COG4388",25,33,68,41,11,9
"COG4389",17,1443,2,5,9,6
"COG4390",0,0,0,0,17,0
"COG4391",83,11,46,76,74,19
"COG4392",18,170,33,4,2,19
"COG4393",28,0,0,0,1,12
"COG4394",23,1106,1,0,15,19
"COG4395",914,1230,2039,2512,1786,966
"COG4396",2,0,0,0,0,0
"COG4397",17,94,65,55,8,8
"COG4398",2011,16,321,270,388,1253
"COG4399",169,90,188,143,54,127
"COG4401",227,0,371,452,462,1491
"COG4402",3,16,20,19,18,28
"COG4403",15,0,51,20,24,173
"COG4405",79,15,27,69,85,5
"COG4409",1305,166,867,277,341,303
"COG4412",4349,49,4014,2320,5867,2521
"COG4413",19,1520,3,4,7,7
"COG4420",25,16,33,48,52,6
"COG4421",943,1064,856,1590,1160,420
"COG4422",53,48,25,7,6,31
"COG4423",0,0,0,0,0,1
"COG4424",19,7,45,15,18,4
"COG4425",0,168,7,5,1,25
"COG4427",61,36,30,10,10,13
"COG4430",11,75,37,40,24,60
"COG4445",459,1197,1035,717,679,2906
"COG4446",276,1,820,368,718,5463
"COG4447",1126,1199,1463,783,894,4563
"COG4448",2093,27,2643,2132,3047,5318
"COG4449",0,0,3,0,0,1
"COG4451",280,0,492,269,357,2117
"COG4452",65,88,77,67,48,77
"COG4453",10,2,6,3,12,0
"COG4454",226,78,617,931,604,356
"COG4455",27,0,35,4,5,1
"COG4456",1,3,4,9,1,1
"COG4457",6,0,18,19,26,20
"COG4458",8,0,13,20,16,24
"COG4459",0,0,0,0,0,0
"COG4460",5,0,0,0,0,0
"COG4461",2,419,2,5,2,0
"COG4464",279,5,413,311,319,416
"COG4468",0,0,0,1,2,0
"COG4469",0,0,0,0,0,0
"COG4474",0,1750,0,3,4,0
"COG4481",24,0,0,0,0,0
"COG4485",1,0,0,0,0,0
"COG4487",471,7,1642,804,1220,6258
"COG4496",59,12,56,47,67,22
"COG4502",1,1,19,92,102,2
"COG4517",313,5,364,312,267,210
"COG4519",9,228,8,3,0,9
"COG4520",191,258,157,98,47,169
"COG4521",2170,11,1762,2635,1867,698
"COG4525",1837,138,1334,2049,1481,486
"COG4529",40,17,139,75,69,112
"COG4530",6,20,85,33,93,34
"COG4531",525,977,1541,3107,2123,1006
"COG4533",0,0,3,0,3,0
"COG4535",1134,1250,1188,970,884,741
"COG4536",1406,1256,2979,2462,1863,1749
"COG4538",30,62,35,0,4,0
"COG4539",107,919,110,69,64,53
"COG4540",8,3,6,0,37,1
"COG4541",0,0,0,1,1,0
"COG4542",172,0,3,10,5,7
"COG4544",251,39,93,109,40,70
"COG4547",2875,710,6375,7686,5114,3266
"COG4548",3222,5385,304,736,371,193
"COG4549",4,6,5,10,16,3
"COG4551",12,34,15,8,1,3
"COG4552",860,43,80,189,89,45
"COG4553",74,172,413,118,87,90
"COG4555",954,51,990,1015,769,724
"COG4558",79,67,1258,981,404,1627
"COG4559",68,719,1033,685,291,1435
"COG4564",43,85,76,42,80,37
"COG4565",156,116,32,5,12,4
"COG4566",213,160,117,45,60,61
"COG4567",790,593,1538,2259,1453,695
"COG4568",5,2,21,11,1,0
"COG4569",84,76,206,214,122,112
"COG4570",64,3718,29,24,32,31
"COG4572",1,0,3,0,2,2
"COG4573",55,4,88,70,48,12
"COG4574",4,0,42,3,12,34
"COG4575",10,352,12,4,0,3
"COG4576",105,1,13,18,22,20
"COG4577",358,0,666,475,663,2329
"COG4579",2200,1703,546,511,628,113
"COG4580",24,1997,25,2,3,11
"COG4581",1978,191,3313,3268,4210,12362
"COG4582",195,7,195,258,230,54
"COG4583",1153,15,1305,1724,1209,571
"COG4584",1211,5331,2062,845,622,1002
"COG4585",792,4207,679,529,491,360
"COG4586",363,0,1172,739,926,4451
"COG4587",273,1,727,504,640,3368
"COG4588",25,8,20,2,2,0
"COG4589",144,1300,196,52,75,45
"COG4590",288,2043,525,200,114,185
"COG4591",10815,4464,8501,9600,8995,5659
"COG4592",14,0,3,0,5,1
"COG4594",4,2,1,1,0,0
"COG4597",3235,1178,4402,6298,5907,5326
"COG4598",720,755,299,87,195,124
"COG4603",4741,1912,3807,4247,3767,1763
"COG4604",4,2,3,12,25,1
"COG4605",3,9,9,0,6,0
"COG4606",5,10,9,0,4,3
"COG4607",12,15,14,2,5,6
"COG4608",9362,232,1829,2870,3580,991
"COG4615",86,25,91,49,34,13
"COG4618",126,495,151,114,42,75
"COG4619",295,0,39,38,31,30
"COG4623",643,3991,845,652,756,427
"COG4624",8,0,7,7,45,50
"COG4625",181,113,407,301,197,548
"COG4626",110,4207,76,42,354,77
"COG4627",146,225,132,173,202,246
"COG4628",33,464,67,14,13,12
"COG4630",3872,2339,2553,3631,3390,1134
"COG4631",5538,3476,3996,5520,5084,1928
"COG4632",251,1,82,191,206,138
"COG4633",34,69,106,52,12,11
"COG4634",6,2,2,2,1,5
"COG4635",24,0,1497,624,270,3505
"COG4636",33,0,1,5,15,6
"COG4637",67,61,62,43,13,26
"COG4638",25039,6584,14028,17040,17664,9400
"COG4639",10,109,39,27,20,432
"COG4641",314,1076,114,185,121,260
"COG4642",12256,2352,2325,2330,6392,1998
"COG4643",378,8638,246,102,202,321
"COG4644",1024,3748,2973,2208,545,1194
"COG4645",15,20,24,11,15,8
"COG4646",42,485,412,119,66,99
"COG4647",6,0,7,5,5,2
"COG4648",80,668,35,2,2,1
"COG4649",68,13,210,253,141,124
"COG4650",63,8,33,6,11,2
"COG4651",341,2715,501,236,145,228
"COG4653",100,2773,97,60,245,131
"COG4654",81,290,69,52,60,22
"COG4655",32,6,19,1,5,7
"COG4656",973,2199,396,213,126,111
"COG4657",343,578,134,68,73,44
"COG4658",464,1056,211,129,91,92
"COG4659",394,681,144,70,67,51
"COG4660",376,669,180,99,65,48
"COG4662",722,45,884,513,583,394
"COG4663",6456,3694,9264,10933,7339,4220
"COG4664",5839,2088,7698,13843,9544,5759
"COG4665",3093,802,3786,4782,3063,2002
"COG4666",6758,4579,5235,7095,5717,2461
"COG4667",137,715,441,328,190,206
"COG4668",42,3961,119,258,156,37
"COG4669",21,0,7,4,3,9
"COG4670",380,0,96,91,257,93
"COG4671",136,231,158,144,57,129
"COG4672",25,15578,87,282,388,484
"COG4674",918,1813,902,497,673,1156
"COG4675",29,1156,88,86,96,475
"COG4676",62,2,17,9,13,89
"COG4677",67,37,312,355,44,20
"COG4678",17,1119,113,84,71,86
"COG4679",25,7,22,6,10,4
"COG4680",33,7,32,3,3,12
"COG4681",189,1069,176,71,35,40
"COG4682",5,31,43,16,4,10
"COG4683",12,1,8,6,5,1
"COG4688",77,3493,185,95,8,76
"COG4689",62,0,15,26,14,7
"COG4690",190,2,18,17,25,30
"COG4691",6,0,3,2,4,2
"COG4692",722,290,213,271,563,87
"COG4693",0,0,0,0,0,1
"COG4694",70,3396,75,3,15,27
"COG4695",248,13547,345,401,1232,402
"COG4696",3,2701,2,29,80,8
"COG4700",157,18,2,2,4,0
"COG4701",10,0,33,1,0,1
"COG4702",2,7,7,1,0,1
"COG4704",159,553,384,362,374,244
"COG4705",14,30,27,5,6,0
"COG4706",74,571,29,4,0,2
"COG4710",0,53,0,0,0,0
"COG4711",0,1,1,0,2,0
"COG4712",15,3392,3,5,11,30
"COG4713",113,3,7,2,1,1
"COG4714",21,0,46,12,27,15
"COG4715",9,0,2,0,7,6
"COG4716",12,144,2,0,31,6
"COG4717",319,28,95,22,26,45
"COG4718",7,3722,17,55,114,32
"COG4719",0,11,15,4,2,0
"COG4720",1,0,0,0,0,0
"COG4721",0,20,0,0,4,2
"COG4723",3,13794,41,115,130,434
"COG4724",1,104,13,10,3,2
"COG4725",102,5219,159,194,217,233
"COG4726",6,476,0,0,0,1
"COG4727",0,0,0,0,8,0
"COG4728",42,448,64,21,10,7
"COG4729",8,331,1,0,1,2
"COG4731",146,997,333,224,145,303
"COG4733",202,86713,531,826,1122,1695
"COG4734",6,1313,24,18,10,42
"COG4735",3,1,52,61,0,2
"COG4736",13,118,14,7,7,6
"COG4737",28,0,21,7,9,11
"COG4738",1,0,51,1,20,21
"COG4741",186,438,106,54,58,37
"COG4742",246,0,0,0,0,0
"COG4743",0,0,4,3,3,4
"COG4744",6,3,4,0,2,1
"COG4745",623,0,102,255,146,4
"COG4746",1,0,0,1,0,0
"COG4747",135,0,54,46,64,62
"COG4748",23,5,77,41,76,286
"COG4750",93,0,7,3,11,49
"COG4752",104,0,18,19,14,22
"COG4753",309,716,566,369,151,282
"COG4754",0,2,6,1,3,2
"COG4757",112,1369,209,53,38,28
"COG4759",377,7,45,109,274,11
"COG4760",1793,461,2213,1565,2378,1456
"COG4762",24,0,5,3,7,4
"COG4763",5,24,8,12,3,8
"COG4764",1143,90,2060,2548,1584,973
"COG4765",478,42,698,1091,714,370
"COG4766",836,1,99,260,354,14
"COG4767",1,0,5,1,2,5
"COG4769",74,0,0,0,18,0
"COG4770",8130,3282,7096,7039,7062,3909
"COG4771",5961,7325,7302,7077,9171,6725
"COG4772",2485,5879,5897,4445,5429,3869
"COG4773",564,4037,538,211,132,97
"COG4774",295,2079,1306,1684,781,1443
"COG4775",10809,4514,13407,13826,13549,16224
"COG4776",17,24,47,5,16,7
"COG4778",13,521,35,19,9,15
"COG4779",41,229,21,9,4,6
"COG4781",0,0,0,0,0,0
"COG4782",14,31,52,36,39,35
"COG4783",1921,2607,2558,2539,2090,1614
"COG4784",733,76,618,687,536,311
"COG4785",36,11,115,60,5,29
"COG4786",1461,953,1421,1070,925,1097
"COG4787",164,786,651,308,166,361
"COG4789",24,2,7,16,1,25
"COG4790",7,1,0,0,0,2
"COG4791",12,0,2,2,2,18
"COG4792",14,2,2,0,1,7
"COG4794",4,0,1,3,0,0
"COG4795",152,1055,241,165,100,80
"COG4796",2831,3674,2343,3227,3184,3521
"COG4797",2,0,0,1,0,16
"COG4798",1169,83,859,1061,907,488
"COG4799",15950,2217,13096,12207,14217,7894
"COG4801",1,0,0,4,0,0
"COG4802",67,0,8,1,15,10
"COG4803",2,1,30,0,1,40
"COG4804",76,332,78,11,14,33
"COG4805",6083,653,4571,5314,4804,3348
"COG4806",31,0,5,0,21,0
"COG4807",40,504,107,65,13,29
"COG4809",13,0,0,0,1,0
"COG4813",170,4,135,131,90,93
"COG4815",6,0,2,2,6,1
"COG4819",67,0,12,14,1,29
"COG4821",273,1,276,312,404,137
"COG4823",16,30,91,37,17,10
"COG4825",17,0,22,33,43,0
"COG4826",133,1,30,33,55,27
"COG4828",3,0,15,0,0,19
"COG4829",15,416,12,9,3,6
"COG4830",128,0,8,7,35,0
"COG4832",51,0,2,8,6,16
"COG4833",2,1,1,0,9,0
"COG4834",0,728,0,0,2,13
"COG4842",0,0,0,0,0,0
"COG4843",29,0,139,328,271,141
"COG4845",19,2,40,11,7,4
"COG4848",0,7,5,0,1,1
"COG4849",10,35,58,35,10,34
"COG4850",55,92,93,27,42,19
"COG4852",117,21,309,238,147,147
"COG4856",4,0,3,11,20,0
"COG4857",247,16,605,251,288,259
"COG4859",0,2,1,7,9,0
"COG4860",77,0,15,9,100,20
"COG4861",12,36,71,40,23,48
"COG4864",1523,1,556,787,1013,661
"COG4865",10,17,0,4,8,0
"COG4866",66,0,3,22,2,16
"COG4867",1262,96,656,515,525,401
"COG4869",116,0,47,36,39,39
"COG4870",68,274,363,448,498,191
"COG4872",35,2,35,9,13,2
"COG4874",529,72,1353,935,888,1015
"COG4875",192,514,86,139,178,59
"COG4877",0,0,25,10,15,0
"COG4878",14,0,8,19,7,9
"COG4880",1975,1,1948,986,2695,849
"COG4886",8065,2168,2522,4459,6673,2786
"COG4887",0,0,1,1,0,0
"COG4888",0,0,0,1,7,0
"COG4889",290,6613,723,2614,3887,2335
"COG4890",0,0,7,8,0,2
"COG4891",8,0,1,1,10,4
"COG4892",0,0,0,0,1,2
"COG4894",9,0,42,10,15,28
"COG4895",18,0,17,5,6,6
"COG4898",30,22,9,7,16,10
"COG4899",3,0,5,0,0,1
"COG4901",0,0,0,0,4,0
"COG4902",3,31,27,15,2,42
"COG4906",0,0,16,6,9,3
"COG4907",221,0,151,152,221,230
"COG4908",1,0,0,0,0,17
"COG4909",23,0,64,62,54,46
"COG4910",1,0,8,10,8,7
"COG4911",525,0,23,39,98,50
"COG4912",335,8,66,426,454,24
"COG4913",44,169,223,80,144,269
"COG4916",9,0,10,2,2,1
"COG4922",26,7,25,12,6,35
"COG4923",14,0,274,311,174,168
"COG4924",20,59,69,27,30,50
"COG4925",7,41,3,5,7,8
"COG4926",0,1,0,1,7,1
"COG4927",13,697,27,3,4,8
"COG4928",140,31,272,292,280,355
"COG4929",65,0,32,16,8,4
"COG4930",67,210,104,37,48,489
"COG4932",26,0,0,13,8,0
"COG4933",2,71,6,3,8,1
"COG4934",7,0,10,19,56,9
"COG4935",1310,1,2142,843,3315,1420
"COG4937",8,0,0,0,0,0
"COG4938",45,2,77,70,103,127
"COG4941",74,1164,31,16,25,29
"COG4942",1470,1414,2274,1446,1852,1340
"COG4943",127,6,224,97,23,22
"COG4944",9,247,0,0,4,3
"COG4945",92,0,1096,215,466,739
"COG4946",2161,181,847,673,901,720
"COG4947",0,1,0,2,0,0
"COG4948",32351,3514,13719,15411,13382,12215
"COG4949",93,415,212,63,61,124
"COG4950",92,0,38,28,25,14
"COG4951",68,1659,170,385,198,44
"COG4952",256,10,785,463,416,386
"COG4953",332,164,397,269,242,277
"COG4954",62,4,53,42,13,44
"COG4955",0,0,7,2,0,0
"COG4956",357,1,1058,505,645,4760
"COG4957",64,38,31,54,28,46
"COG4959",58,368,31,27,34,25
"COG4960",15,10,9,7,2,4
"COG4961",132,260,79,102,83,45
"COG4962",629,1217,847,182,516,486
"COG4963",192,796,96,33,40,52
"COG4964",267,1096,270,106,141,140
"COG4965",168,685,121,48,55,81
"COG4966",157,1437,40,57,100,18
"COG4967",21,514,25,3,6,6
"COG4968",248,753,80,30,76,28
"COG4969",705,298,145,86,157,79
"COG4970",312,1621,73,21,64,28
"COG4972",1409,1684,764,728,861,953
"COG4973",1633,1793,1309,1308,1222,888
"COG4974",6751,6010,5061,4894,5541,3903
"COG4976",340,17,521,440,418,267
"COG4977",1357,3111,1796,480,270,414
"COG4978",0,0,3,6,1,3
"COG4981",1,0,1,9,11,0
"COG4982",1,0,0,1,11,0
"COG4983",224,14905,194,270,812,176
"COG4984",62,1,1,0,0,1
"COG4985",173,1328,245,46,71,103
"COG4986",2,0,3,0,0,1
"COG4987",196,160,318,146,59,82
"COG4988",166,218,379,188,133,96
"COG4989",276,816,623,363,322,312
"COG4991",4,0,13,4,41,0
"COG4992",8150,2875,9673,9182,9678,10082
"COG4993",18259,11723,5326,8833,6470,2075
"COG4994",20,0,4,0,0,0
"COG4995",1296,263,934,548,1204,1810
"COG4997",10,376,3,13,9,9
"COG4999",0,0,1,0,0,0
"COG5000",5135,267,6004,6367,5544,3433
"COG5001",5681,32694,8270,3936,2256,2753
"COG5002",1271,6488,964,574,870,502
"COG5004",2,3,3,0,15,0
"COG5005",1,1,1,2,7,5
"COG5006",91,1230,121,106,100,11
"COG5007",258,621,159,162,181,96
"COG5008",553,1943,318,188,363,79
"COG5009",7637,4593,11586,12577,10915,7173
"COG5010",65,19,35,28,16,11
"COG5011",77,0,230,57,163,132
"COG5012",2191,175,622,752,961,318
"COG5013",302,2995,153,401,440,122
"COG5014",136,3,30,57,44,14
"COG5015",4,0,5,11,5,1
"COG5016",2971,3456,1565,1363,1211,924
"COG5017",5,4,10,4,22,12
"COG5018",71,6,18,13,24,26
"COG5019",0,0,0,1,8,1
"COG5020",7,148,27,15,35,36
"COG5021",17,0,50,68,605,76
"COG5022",26,0,87,99,555,122
"COG5023",14,0,55,54,452,113
"COG5024",1,0,11,19,120,14
"COG5026",10,0,0,1,17,0
"COG5027",2,0,9,11,112,8
"COG5028",4,0,5,18,117,2
"COG5029",57,0,33,19,78,35
"COG5030",0,0,2,0,45,4
"COG5031",29,20,170,13,46,79
"COG5032",32,0,156,126,819,118
"COG5033",0,0,1,2,7,3
"COG5034",1,0,5,8,29,5
"COG5035",0,0,5,4,26,6
"COG5036",3,0,11,18,33,18
"COG5038",2,0,25,24,207,26
"COG5039",6,5,30,3,10,3
"COG5040",1,0,8,18,69,7
"COG5041",0,0,8,2,25,7
"COG5042",21,18,143,158,58,81
"COG5043",1,0,18,15,164,19
"COG5044",3,0,6,5,89,9
"COG5045",0,0,4,0,14,5
"COG5046",1,0,5,4,12,4
"COG5047",5,0,14,8,96,12
"COG5048",12,17,7,14,47,5
"COG5049",69,0,303,356,597,159
"COG5050",361,0,3,5,56,7
"COG5051",0,0,1,2,9,3
"COG5052",1,0,4,7,19,7
"COG5053",10,0,41,105,173,44
"COG5054",17,0,109,193,275,59
"COG5055",1,1149,12,9,23,27
"COG5056",0,0,1,0,6,1
"COG5057",1,0,1,0,14,1
"COG5058",0,0,3,8,40,13
"COG5059",34,0,351,261,1724,428
"COG5061",2,0,1,5,39,4
"COG5062",0,0,1,3,13,2
"COG5063",0,0,1,13,36,0
"COG5064",4,0,36,25,114,36
"COG5065",0,0,5,0,9,0
"COG5066",0,0,12,6,40,14
"COG5068",1,0,1,0,9,0
"COG5069",1,1,18,12,55,22
"COG5070",0,0,0,3,36,2
"COG5071",0,0,1,2,31,7
"COG5072",2,0,1,15,62,3
"COG5074",0,0,3,2,27,4
"COG5075",2,0,3,0,11,12
"COG5076",11,0,65,56,472,62
"COG5077",7,0,38,232,479,29
"COG5078",37,0,244,291,528,189
"COG5079",2,0,9,8,49,2
"COG5080",1,0,2,4,33,6
"COG5082",0,0,2,5,20,3
"COG5083",8,1,4,5,41,6
"COG5084",0,0,1,1,19,1
"COG5086",0,0,0,0,8,0
"COG5088",0,0,0,0,10,3
"COG5090",1,0,1,2,31,0
"COG5091",0,0,0,1,22,1
"COG5092",1,0,8,178,48,1
"COG5093",0,0,2,1,10,3
"COG5094",0,0,1,0,18,0
"COG5095",4,0,1,5,39,4
"COG5096",12,0,59,41,370,51
"COG5097",0,0,2,1,3,4
"COG5098",1,0,1,13,74,5
"COG5099",2,0,5,9,73,5
"COG5100",0,0,1,1,6,3
"COG5101",4,0,13,10,87,17
"COG5102",2,0,1,2,19,0
"COG5103",0,0,3,8,46,5
"COG5104",1,0,0,6,37,0
"COG5105",0,0,0,1,13,1
"COG5106",0,0,2,4,24,1
"COG5107",1,0,3,6,74,0
"COG5108",715,267744,1295,2131,6965,3130
"COG5109",0,0,0,0,4,0
"COG5110",5,0,26,15,114,34
"COG5111",0,0,3,6,34,7
"COG5112",0,0,0,0,8,6
"COG5113",0,0,42,30,85,16
"COG5114",1,0,2,4,38,0
"COG5116",4,0,34,15,98,40
"COG5117",2,0,2,6,42,2
"COG5118",0,0,1,1,21,1
"COG5119",0,0,1,0,0,19
"COG5120",0,0,1,1,4,0
"COG5122",0,0,0,4,14,0
"COG5123",0,0,1,0,7,0
"COG5124",0,0,0,1,21,2
"COG5125",0,0,0,0,0,0
"COG5126",56,1,244,104,702,308
"COG5127",1,0,4,2,39,11
"COG5128",3,0,3,1,15,1
"COG5129",0,0,2,0,1,1
"COG5132",0,0,1,3,19,2
"COG5133",0,0,2,0,14,2
"COG5134",1,0,6,6,26,4
"COG5135",32,4,529,163,234,2139
"COG5137",0,0,2,2,14,1
"COG5138",0,0,0,2,4,0
"COG5139",0,0,3,1,33,0
"COG5140",9,0,16,37,82,26
"COG5141",6,0,19,21,279,8
"COG5142",0,0,3,3,19,5
"COG5143",3,0,10,7,56,11
"COG5144",1,0,3,2,28,3
"COG5145",0,0,1,0,2,0
"COG5146",2,0,8,10,32,0
"COG5147",13,0,82,36,272,39
"COG5148",0,0,0,7,25,0
"COG5149",0,0,0,0,0,0
"COG5150",0,0,0,3,5,0
"COG5151",0,0,6,4,29,6
"COG5152",1,0,10,4,38,5
"COG5154",1,0,9,1,29,3
"COG5155",0,0,47,16,144,67
"COG5156",0,0,4,1,30,5
"COG5157",1,0,2,2,14,1
"COG5158",7,0,42,28,264,57
"COG5159",1,0,6,12,84,14
"COG5160",1,0,23,19,115,23
"COG5161",2,0,1,8,65,3
"COG5162",1,0,0,0,7,0
"COG5163",1,0,1,2,48,3
"COG5164",4,0,24,15,98,37
"COG5165",4,0,9,2,36,1
"COG5167",0,0,0,0,0,0
"COG5169",1,0,15,8,48,18
"COG5170",0,0,3,3,36,10
"COG5171",1,0,0,1,14,0
"COG5173",0,0,4,1,8,2
"COG5174",0,0,0,0,1,0
"COG5175",2,0,0,4,21,0
"COG5176",3,0,17,10,73,16
"COG5177",3,0,5,8,58,2
"COG5178",42,0,16,17,166,9
"COG5179",0,0,1,6,96,2
"COG5180",1,0,0,1,18,0
"COG5181",2,0,7,16,66,5
"COG5182",2,0,1,3,31,3
"COG5183",0,0,15,26,23,14
"COG5184",1771,25122,4654,5167,8420,4251
"COG5185",0,0,0,2,0,1
"COG5186",2,0,2,2,52,8
"COG5187",3,0,13,12,71,7
"COG5188",1,0,12,1,22,7
"COG5190",2,0,20,27,145,15
"COG5191",0,0,3,7,35,7
"COG5192",3,0,7,7,76,5
"COG5193",2,0,2,2,24,0
"COG5194",0,0,1,4,15,4
"COG5196",0,0,5,2,38,8
"COG5197",2,0,1,4,13,0
"COG5198",0,16,4,2,33,2
"COG5199",1,0,2,0,8,4
"COG5200",1,0,4,2,20,9
"COG5201",1,0,16,2,20,5
"COG5202",4,0,2,2,22,0
"COG5204",0,0,1,0,0,1
"COG5206",0,0,9,4,29,3
"COG5207",1,0,11,6,71,4
"COG5208",1,0,2,4,35,8
"COG5209",0,0,9,3,35,9
"COG5210",5,0,31,42,357,40
"COG5211",1,0,0,0,7,0
"COG5212",29,1,27,1,2,5
"COG5213",0,0,1,1,3,2
"COG5214",1,0,3,4,10,4
"COG5215",4,0,27,24,177,34
"COG5216",1,0,0,0,4,2
"COG5217",1,0,0,5,28,0
"COG5218",0,0,7,10,59,3
"COG5219",3,0,3,11,101,2
"COG5220",0,0,0,0,0,0
"COG5222",0,0,1,2,25,0
"COG5223",0,0,0,5,22,1
"COG5224",0,0,0,2,12,0
"COG5225",0,0,10,2,15,3
"COG5226",18,2,170,383,545,24
"COG5227",0,0,10,5,40,17
"COG5228",0,0,8,5,41,10
"COG5229",4,0,2,5,53,5
"COG5230",0,0,0,4,22,0
"COG5231",0,0,7,5,44,4
"COG5232",0,0,8,5,34,4
"COG5233",0,0,0,1,2,1
"COG5234",1,0,41,16,130,36
"COG5235",1,0,1,0,21,3
"COG5236",0,0,0,2,8,0
"COG5237",0,0,1,0,1,0
"COG5238",3,0,9,12,102,7
"COG5239",4,0,10,15,129,14
"COG5240",1,0,19,16,63,22
"COG5241",1,0,0,2,20,1
"COG5242",0,0,6,3,32,4
"COG5243",2,0,2,7,35,0
"COG5244",1,0,3,3,19,5
"COG5245",44,0,488,254,1947,811
"COG5246",0,0,4,2,17,1
"COG5247",0,0,0,0,8,0
"COG5248",0,0,0,1,15,2
"COG5249",0,0,2,1,8,0
"COG5250",0,0,0,0,10,0
"COG5251",0,0,1,0,9,0
"COG5252",3,0,3,4,46,1
"COG5253",8,0,67,29,236,102
"COG5254",0,0,0,0,3,1
"COG5255",65,0,89,109,155,46
"COG5256",1280,0,1119,598,2048,554
"COG5257",1360,0,959,410,1428,509
"COG5258",10,0,37,72,115,50
"COG5259",0,0,3,6,56,0
"COG5260",6,0,517,20,291,269
"COG5261",0,0,0,0,7,0
"COG5262",3,0,35,14,87,29
"COG5263",3,24,0,0,10,0
"COG5264",0,0,3,15,10,6
"COG5265",1021,302,1600,809,585,751
"COG5266",26,32,18,1,8,43
"COG5267",8969,59,2570,2525,1938,1110
"COG5268",25,20,12,8,13,4
"COG5269",0,0,0,1,33,3
"COG5271",28,6405,101,164,378,84
"COG5272",25,256,135,213,465,162
"COG5273",8,0,27,25,269,28
"COG5274",11,5,28,47,250,33
"COG5275",1,0,0,2,8,1
"COG5276",1524,99,790,1053,1336,976
"COG5277",10,0,50,60,281,60
"COG5278",164,2417,196,23,23,90
"COG5279",414,20,39,49,83,89
"COG5280",1,240,7,8,226,5
"COG5281",192,20151,257,460,365,532
"COG5282",988,41,157,444,422,25
"COG5283",87,13447,101,75,799,160
"COG5285",17846,2590,6628,9056,9676,3932
"COG5290",2,0,3,5,65,0
"COG5291",0,0,11,7,55,14
"COG5293",22,0,26,9,70,2
"COG5295",88,4884,175,135,253,219
"COG5296",2,0,3,1,37,0
"COG5297",35,266,27,30,36,20
"COG5301",308,25173,517,1687,3305,1299
"COG5302",4,24,36,6,5,7
"COG5304",6,7,4,0,1,0
"COG5305",527,1,208,178,244,52
"COG5306",186,126,156,83,294,79
"COG5307",16,0,10,33,249,9
"COG5308",0,1,3,3,58,1
"COG5309",131,12,38,43,48,82
"COG5310",23,10,70,9,9,13
"COG5314",114,61,55,25,48,22
"COG5316",1413,21,491,901,1257,564
"COG5317",15,15,22,10,5,4
"COG5319",616,61,1107,1602,1068,591
"COG5321",53,36,180,60,46,77
"COG5322",56,117,1019,392,684,4904
"COG5323",120,2301,66,26,98,73
"COG5324",0,0,3,0,1,0
"COG5325",1,0,8,8,34,3
"COG5328",60,35,321,192,144,157
"COG5329",0,0,11,13,76,3
"COG5330",47,143,87,94,21,56
"COG5331",332,43,323,362,328,229
"COG5333",1,0,4,6,57,20
"COG5336",269,12,500,576,313,114
"COG5337",4316,69,2546,2683,3049,1573
"COG5338",42,79,17,11,5,4
"COG5339",8,1300,6,0,0,7
"COG5340",3,0,1,0,7,18
"COG5342",21,5,157,30,19,65
"COG5343",92,53,42,15,38,11
"COG5345",156,1092,333,199,91,159
"COG5346",0,8,4,0,0,2
"COG5347",5,0,5,10,103,9
"COG5349",52,50,126,108,61,52
"COG5350",85,2,105,144,145,71
"COG5351",12,0,54,28,15,31
"COG5352",616,105,1530,2064,1376,627
"COG5354",1,0,3,11,80,7
"COG5360",2258,110,4632,5804,4036,2394
"COG5361",124,12,476,63,154,459
"COG5362",246,87101,441,672,774,1170
"COG5368",66,25,387,74,72,344
"COG5369",0,0,1,0,3,0
"COG5371",2,0,8,8,84,3
"COG5373",262,1912,247,191,42,73
"COG5375",71,52,59,67,24,49
"COG5377",237,9873,236,150,180,135
"COG5379",245,7,108,65,117,39
"COG5380",82,1889,47,6,23,22
"COG5381",0,0,1,38,1,0
"COG5383",19,17,55,6,6,18
"COG5384",2,0,1,5,40,0
"COG5385",84,72,34,38,11,8
"COG5387",67,46,402,168,132,251
"COG5388",8,31,6,4,6,4
"COG5389",72,29,335,337,190,146
"COG5391",0,0,8,14,86,12
"COG5393",7,329,0,0,0,4
"COG5394",86,79,335,125,126,95
"COG5395",23,48,30,29,37,19
"COG5397",3,9,1,2,0,6
"COG5398",44,1732,886,3536,7627,2814
"COG5400",61,38,28,41,25,14
"COG5401",0,0,1,14,3,0
"COG5402",67,0,77,165,82,35
"COG5403",9,11,5,5,5,0
"COG5404",33,502,12,9,9,5
"COG5405",1786,602,1775,2359,1815,906
"COG5406",1,0,16,10,87,15
"COG5407",2,0,20,12,88,28
"COG5409",2,0,9,5,43,18
"COG5410",428,135596,692,1482,1630,1793
"COG5411",3,0,17,20,140,8
"COG5412",0,647,12,16,4,35
"COG5413",7,0,351,232,474,111
"COG5419",42,25,22,12,15,12
"COG5421",63,4,552,238,24,296
"COG5422",0,0,5,5,24,3
"COG5423",39,0,0,0,2,0
"COG5424",1216,1602,675,1199,1073,511
"COG5425",22,314,15,41,23,13
"COG5426",244,0,90,34,64,61
"COG5427",1730,0,283,950,351,21
"COG5428",4,0,0,1,0,0
"COG5429",72,30,111,100,53,22
"COG5430",50,965,18,3,7,4
"COG5431",0,0,0,2,0,0
"COG5432",0,0,0,0,6,0
"COG5433",159,8,803,329,40,388
"COG5434",73,191,185,167,247,149
"COG5436",186,0,48,124,74,18
"COG5437",23,415,22,12,18,13
"COG5438",9,0,21,36,41,6
"COG5439",0,0,0,17,0,0
"COG5440",23,0,249,18,132,68
"COG5441",225,6,238,107,137,155
"COG5442",8,22,41,20,8,20
"COG5443",26,24,39,48,29,16
"COG5444",8,0,0,4,5,5
"COG5446",382,5,47,49,184,29
"COG5447",15,24,164,79,58,84
"COG5448",78,204,47,14,23,9
"COG5449",70,633,54,10,18,11
"COG5450",2,11,0,0,0,0
"COG5451",4,1,1,0,1,1
"COG5452",184,51,229,388,194,119
"COG5453",61,5,10,1,2,1
"COG5454",13,0,18,14,6,10
"COG5455",3,166,1,0,1,1
"COG5456",12,24,27,5,8,4
"COG5457",4,232,0,6,1,2
"COG5458",69,38,338,222,143,203
"COG5459",44,0,22,11,44,78
"COG5460",40,2,30,21,17,6
"COG5461",21,28,10,7,10,2
"COG5462",13,1,8,13,6,7
"COG5463",16,6,74,68,16,19
"COG5464",20,2,40,4,9,9
"COG5465",129,36,496,376,275,311
"COG5466",2,0,0,0,0,0
"COG5467",389,34,239,596,377,88
"COG5468",2,1,1,3,0,3
"COG5469",6,13,103,33,22,48
"COG5470",1245,180,1626,1831,1350,813
"COG5471",0,0,5,1,0,1
"COG5472",0,5,1,4,1,4
"COG5473",70,18,162,76,27,33
"COG5474",1,0,36,0,1,31
"COG5476",4623,68,1723,1562,1801,1147
"COG5477",80,42,153,196,85,45
"COG5478",9,0,1,0,7,4
"COG5479",391,749,86,179,319,55
"COG5480",2,7,6,9,1,9
"COG5481",12,6,1,1,3,1
"COG5482",125,17,38,15,8,13
"COG5483",15,505,4,12,20,15
"COG5484",40,14,25,7,8,21
"COG5485",311,406,316,142,218,239
"COG5486",589,9,485,351,231,230
"COG5488",51,9,250,143,47,236
"COG5489",63,51,34,32,27,25
"COG5490",14,18,9,18,9,7
"COG5491",1153,0,45,63,312,12
"COG5492",70,38,127,91,110,0
"COG5493",1,3,3,13,1,14
"COG5495",268,19,458,188,205,271
"COG5496",343,0,80,117,94,34
"COG5497",2,1,1,2,0,1
"COG5498",102,15,408,159,378,384
"COG5499",29,299,52,14,11,5
"COG5500",0,16,20,16,27,25
"COG5501",254,95,385,337,423,723
"COG5502",3,0,1,0,3,1
"COG5504",1,0,0,0,1,0
"COG5505",1176,146,836,667,894,754
"COG5507",28,27,51,39,18,21
"COG5508",0,0,2,2,1,0
"COG5509",0,0,0,0,1,0
"COG5511",131,12805,205,376,473,428
"COG5512",5,22,8,5,4,2
"COG5513",4,383,3,7,1,7
"COG5514",4,0,21,46,38,0
"COG5515",6,202,73,23,24,23
"COG5516",7,1,19,6,0,4
"COG5517",433,796,97,85,73,31
"COG5518",48,2161,13,6,19,27
"COG5519",59,11226,207,130,200,149
"COG5520",153,80,631,284,477,514
"COG5522",1626,0,1888,2242,2370,1546
"COG5523",73,0,154,76,94,126
"COG5524",0,0,13,0,0,3
"COG5525",277,16883,270,536,568,542
"COG5526",0,0,2,0,0,0
"COG5527",77,6,47,4,9,9
"COG5528",25,214,15,7,3,7
"COG5529",1,2,0,0,3,0
"COG5530",35,11,13,26,10,1
"COG5531",23,5,75,96,125,62
"COG5532",24,576,16,4,5,5
"COG5533",35,0,129,301,345,116
"COG5534",206,470,99,40,53,66
"COG5535",1,0,2,4,37,4
"COG5536",2,0,8,8,66,5
"COG5537",1,0,3,6,77,3
"COG5539",4,0,7,8,37,13
"COG5540",20,0,35,63,91,27
"COG5541",2,0,1,1,17,1
"COG5542",48,0,1,7,40,1
"COG5543",0,0,2,2,40,1
"COG5545",366,19109,464,929,1155,2939
"COG5549",1,0,42,1,8,46
"COG5551",0,0,0,0,0,0
"COG5552",3,0,0,1,0,2
"COG5553",294,1,119,88,54,49
"COG5555",31,0,80,16,14,34
"COG5556",13,289,4,0,2,0
"COG5557",2565,109,2047,1783,2137,1678
"COG5560",5,0,21,46,131,25
"COG5562",0,0,0,0,2,0
"COG5563",215,2,57,96,67,73
"COG5564",159,5,61,19,77,31
"COG5565",146,17381,55,65,166,20
"COG5566",7,8,2,0,5,3
"COG5568",2,1,4,2,1,1
"COG5569",23,449,5,1,13,13
"COG5571",17,1803,19,3,4,9
"COG5572",21,195,23,7,18,8
"COG5573",28,6,2,9,4,3
"COG5574",1,0,2,4,31,3
"COG5575",1,0,6,6,20,3
"COG5576",0,0,0,0,2,0
"COG5579",64,583,19,11,7,23
"COG5580",1,0,4,1,32,6
"COG5581",56,788,22,10,31,27
"COG5583",18,233,2,3,3,0
"COG5585",2,1898,7,28,0,13
"COG5586",0,0,3,0,0,2
"COG5587",362,50,131,72,52,148
"COG5588",897,2,437,400,270,178
"COG5589",170,20,80,62,32,47
"COG5590",123,45,624,329,268,335
"COG5591",6,15,26,17,5,6
"COG5593",0,0,1,2,43,4
"COG5594",6,0,25,28,237,10
"COG5595",24,0,31,1,0,0
"COG5596",2,0,6,5,55,5
"COG5597",23,112,55,44,160,26
"COG5598",12102,95,3689,2324,3044,2257
"COG5599",0,0,0,0,6,0
"COG5600",2,0,4,7,26,2
"COG5601",0,0,10,3,29,5
"COG5602",54,0,20,16,109,28
"COG5603",0,0,0,0,3,1
"COG5604",1,0,4,7,31,3
"COG5605",590,0,291,821,724,47
"COG5606",20,6,25,15,4,3
"COG5607",14,1,4,6,21,9
"COG5608",32,454,11,6,10,5
"COG5610",28,7,31,20,62,19
"COG5611",12,12,13,8,4,5
"COG5613",0,0,0,0,0,0
"COG5614",6,228,2,4,6,2
"COG5615",12,519,14,1,5,4
"COG5616",8178,291,5613,3313,3441,2808
"COG5618",4,3,30,81,50,2
"COG5619",5,0,0,1,0,30
"COG5620",2,0,1,0,1,0
"COG5621",491,50,525,239,140,315
"COG5622",29,26,32,12,8,8
"COG5623",0,0,5,3,53,3
"COG5624",0,0,0,1,8,0
"COG5626",45,341,31,9,20,8
"COG5628",13,0,5,1,7,1
"COG5630",21,13,85,17,23,17
"COG5631",8,137,44,7,15,9
"COG5632",10,763,38,22,21,14
"COG5633",0,0,5,6,8,11
"COG5635",80,15,450,426,607,1324
"COG5636",6,0,1,1,27,4
"COG5637",42,13,430,185,251,2075
"COG5638",2,0,7,6,35,9
"COG5639",19,21,15,13,14,3
"COG5640",128,1583,312,577,777,188
"COG5641",2,0,0,0,3,0
"COG5642",3,74,18,7,9,4
"COG5644",0,0,0,1,9,1
"COG5645",6,236,0,0,1,0
"COG5646",3,17,6,1,7,7
"COG5647",5,0,37,32,263,31
"COG5648",2,0,26,43,128,30
"COG5649",0,12,1,9,2,5
"COG5650",2,62,4,6,2,55
"COG5651",11,10,101,27,13,75
"COG5652",61,1,26,14,35,12
"COG5653",63,60,102,136,89,44
"COG5654",17,34,23,2,15,16
"COG5655",19,33,45,9,16,33
"COG5656",2,0,3,6,63,6
"COG5657",4,0,38,29,186,26
"COG5658",11,33,10,3,8,8
"COG5659",58,4,20,9,43,11
"COG5660",580,0,210,395,563,234
"COG5661",98,1,36,23,31,15
"COG5662",18,18,17,9,3,4
"COG5663",8,382,4,8,0,2
"COG5664",2,0,2,0,1,0
"COG5665",3,0,9,7,47,23
