"","Sample.1.to.30","Sample.31.to.60","BaseMean","Estimated.dispersion","AbundanceStrata","VariabilityStrata"
"COG0001",NA,-3,43844.7948254965,0.0948972419019688,"3","1"
"COG0006",-3,NA,124919.398481217,0.0963649669264861,"3","1"
"COG0011",-3,NA,976.862968787439,0.947501037454861,"2","2"
"COG0012",NA,-3,50080.9269234847,0.104024163845416,"3","1"
"COG0039",NA,-3,37922.2373946135,0.108653110974869,"3","1"
"COG0046",-3,NA,94739.6967664856,0.066787659707714,"3","1"
"COG0052",NA,-3,31600.0596593038,0.0759205794182494,"3","1"
"COG0057",NA,-3,57620.832669986,0.0424979649005394,"3","1"
"COG0060",NA,-3,116998.497991184,0.0941600484342001,"3","1"
"COG0096",NA,-3,15954.0732277999,0.0908032967268753,"3","1"
"COG0100",-3,NA,15751.8701408964,0.0868199229528074,"3","1"
"COG0101",-3,NA,29383.4717873731,0.121750127119591,"3","1"
"COG0124",-3,NA,53484.1986542961,0.0984916991599672,"3","1"
"COG0137",NA,-3,38751.668244192,0.0754775611742374,"3","1"
"COG0144",-3,NA,26636.2224175612,0.0684028495103467,"3","1"
"COG0148",NA,-3,51676.1673561099,0.0888269408434636,"3","1"
"COG0202",-3,NA,42164.3520848739,0.0645911268527303,"3","1"
"COG0208",NA,-3,80957.7088117286,0.728188279395585,"3","2"
"COG0244",-3,NA,23180.8617891441,0.0844547491507374,"3","1"
"COG0246",-3,NA,8663.58265091949,0.199784309917887,"3","1"
"COG0248",NA,-3,25767.1034763042,0.190333598285825,"3","1"
"COG0270",NA,-3,37778.0188161932,0.702494479437055,"3","2"
"COG0282",-3,NA,2964.26859628291,0.91386281880533,"2","2"
"COG0285",-3,NA,43120.6725524148,0.0959678653593577,"3","1"
"COG0297",NA,-3,13753.0371127399,0.205666259246885,"3","1"
"COG0298",NA,-3,211.559910931927,1.45529760328229,"1","3"
"COG0300",NA,-3,13042.9174743113,0.11372501356542,"3","1"
"COG0310",NA,-3,2191.81789450437,1.24405905346859,"2","2"
"COG0318",NA,-3,190337.269544916,0.0353961521190896,"3","1"
"COG0331",NA,-3,30942.1126614179,0.0925192551632825,"3","1"
"COG0345",-3,NA,26061.4130518137,0.0905536241758278,"3","1"
"COG0348",-3,NA,9365.64467910893,0.94954378626709,"3","2"
"COG0350",NA,-3,12227.8549723195,0.0491710217962587,"3","1"
"COG0357",NA,-3,19975.7696909395,0.101061459706031,"3","1"
"COG0367",NA,-3,61931.4454033594,0.118960298859678,"3","1"
"COG0371",-3,NA,8244.91588565461,0.683523879419839,"3","2"
"COG0398",NA,-3,19457.6079206789,0.0846517883807525,"3","1"
"COG0416",-3,NA,26718.5841825976,0.0945622683841125,"3","1"
"COG0422",-3,NA,16491.5097430868,0.164379654365517,"3","1"
"COG0431",-3,NA,10248.3019139983,0.11146465827551,"3","1"
"COG0433",-3,NA,9726.01078572234,0.689124105673322,"3","2"
"COG0447",-3,NA,8165.91010417446,0.33030102312153,"3","2"
"COG0473",-3,NA,57321.9362391686,0.0742976231073659,"3","1"
"COG0477",-3,NA,283338.458378638,0.0322502002639832,"3","1"
"COG0479",NA,-3,33980.8580637956,0.0771299913469447,"3","1"
"COG0492",NA,-3,70336.8654996498,0.118236370214297,"3","1"
"COG0493",-3,NA,57879.3202259383,0.121711812392343,"3","1"
"COG0514",-3,NA,21089.6722673043,0.270546833597267,"3","1"
"COG0519",NA,-3,51832.4695772435,0.0830116432393543,"3","1"
"COG0522",-3,NA,26360.3578862819,0.0959833987286586,"3","1"
"COG0537",NA,-3,24521.7015363031,0.0556942268927065,"3","1"
"COG0544",-3,NA,48086.1010926243,0.0898752257086164,"3","1"
"COG0557",-3,NA,45912.3108556829,0.0995627027066168,"3","1"
"COG0558",NA,-3,29433.9020445812,0.0816917558095594,"3","1"
"COG0562",NA,-3,3023.82863738481,0.500287760248781,"2","2"
"COG0568",-3,NA,111461.140043078,0.0866841633100909,"3","1"
"COG0571",NA,-3,23399.7459585697,0.114098450140038,"3","1"
"COG0573",-3,NA,18620.4635980673,0.798651158870887,"3","2"
"COG0574",-3,NA,81478.0137929589,0.0992784837345232,"3","1"
"COG0586",-3,NA,7040.17318517555,0.189036866294095,"2","1"
"COG0613",NA,-3,10774.2236773044,0.139004382952602,"3","1"
"COG0618",-3,NA,11318.4869558079,0.199254645843256,"3","1"
"COG0627",-3,NA,6252.43436375268,0.173866145153076,"2","1"
"COG0629",NA,-3,23632.1084189195,0.165956458938673,"3","1"
"COG0632",-3,NA,10503.9030774305,0.0476901111631647,"3","1"
"COG0634",-3,NA,6292.26576541904,0.116904448142961,"2","1"
"COG0635",-3,NA,26037.7468002142,0.0730966397327581,"3","1"
"COG0637",-3,NA,22561.735697121,0.167115623807502,"3","1"
"COG0645",NA,-3,1025.29096447735,1.50874759497933,"2","3"
"COG0656",-3,NA,9754.0733043785,0.151788710481575,"3","1"
"COG0669",NA,-3,16728.0644339227,0.0872358844458554,"3","1"
"COG0690",NA,-3,3302.0514713374,0.187129917919062,"2","1"
"COG0692",-3,NA,8486.80761981293,0.194393744503298,"3","1"
"COG0707",-3,NA,35076.9706792697,0.117101907072219,"3","1"
"COG0729",-3,NA,5428.45668544136,1.40924616132767,"2","2"
"COG0739",-3,NA,98592.1178489066,0.0481984013762382,"3","1"
"COG0745",-3,NA,102634.893547728,0.0653726791385257,"3","1"
"COG0769",-3,NA,56337.2813624197,0.125263273290208,"3","1"
"COG0777",-3,NA,32156.3963498156,0.0874041167550264,"3","1"
"COG0804",NA,-3,14867.8038441531,0.424382512225319,"3","2"
"COG0850",-3,NA,3254.33836754681,0.732718177598607,"2","2"
"COG0857",-3,NA,7378.65248243476,0.456557357209369,"2","2"
"COG0859",NA,-3,52661.5814790977,0.120652659577979,"3","1"
"COG0864",-3,NA,738.696498568095,1.5422971131204,"2","3"
"COG1006",-3,NA,1687.10711096047,0.231998987219823,"2","1"
"COG1011",NA,-3,45736.6100218025,0.0491566282895089,"3","1"
"COG1041",NA,-3,2488.24729344225,1.11990517968288,"2","2"
"COG1061",-3,NA,81673.1794532144,0.879910975669028,"3","2"
"COG1070",NA,-3,22575.4235599425,0.172227648133136,"3","1"
"COG1073",-3,NA,37990.1843468041,0.0442965470355923,"3","1"
"COG1074",-3,NA,44612.1005090247,0.0863217705559984,"3","1"
"COG1083",NA,-3,21076.2811247467,0.237056330723472,"3","1"
"COG1089",NA,-3,46024.8994086574,0.346795757044248,"3","2"
"COG1095",-3,NA,2497.91478326106,1.27269990093467,"2","2"
"COG1099",NA,-3,485.845327813668,0.55222177331073,"1","2"
"COG1115",-3,NA,31897.2922190958,0.0493162333786548,"3","1"
"COG1143",NA,-3,22431.4398995545,0.31925005720178,"3","2"
"COG1160",NA,-3,33688.1916463481,0.0562054868115623,"3","1"
"COG1176",-3,NA,30804.0990661002,0.123863017942365,"3","1"
"COG1179",NA,-3,1638.16626395089,0.911184604853572,"2","2"
"COG1188",-3,NA,2374.31608852001,0.245995461911393,"2","1"
"COG1192",-3,NA,45145.1443775946,0.0296529529422716,"3","1"
"COG1195",NA,-3,24573.4374055306,0.0810750487281874,"3","1"
"COG1200",NA,-3,68313.7896264597,0.103016341228693,"3","1"
"COG1203",NA,-3,1771.95355642651,1.72500056120083,"2","3"
"COG1213",NA,-3,11197.1618384776,0.517384217869474,"3","2"
"COG1228",NA,-3,70621.404140806,0.149115389516398,"3","1"
"COG1229",NA,-3,1560.09545868874,0.349569963602767,"2","2"
"COG1256",NA,-3,9210.66162451224,0.232077309039588,"3","1"
"COG1259",NA,-3,4991.74560043345,0.244949619772883,"2","1"
"COG1280",-3,NA,36974.9830812471,0.0627361846999849,"3","1"
"COG1302",-3,NA,25.6068915324518,1.63084442555209,"1","3"
"COG1314",NA,-3,1330.68310748616,0.310954979546526,"2","2"
"COG1319",NA,-3,17627.1532912588,0.279134693062821,"3","1"
"COG1326",NA,-3,816.477795249604,1.33036993842964,"2","2"
"COG1366",NA,-3,3048.32799446686,0.252103899540095,"2","1"
"COG1387",-3,NA,4171.18615599648,0.510329729229346,"2","2"
"COG1391",NA,-3,13129.4786871422,0.423815556082834,"3","2"
"COG1395",NA,-3,16.9150084249457,6.99589755198012,"1","3"
"COG1408",NA,-3,5476.92813603936,0.215935628933486,"2","1"
"COG1411",-3,NA,543.852995431522,0.365288796523779,"1","2"
"COG1443",NA,-3,3632.05993216674,0.305400299751765,"2","2"
"COG1453",NA,-3,9598.4392536203,1.55520688507648,"3","3"
"COG1459",NA,-3,23585.0785892926,0.0474799049270026,"3","1"
"COG1461",NA,-3,3489.44785688887,1.4941305865665,"2","3"
"COG1474",-3,NA,7278.85228663848,1.24191987258985,"2","2"
"COG1489",-3,NA,13419.4074958729,0.118044709556189,"3","1"
"COG1516",NA,-3,1586.67924310844,0.500477548077878,"2","2"
"COG1526",NA,-3,12541.1640494285,0.181404519844035,"3","1"
"COG1551",-3,NA,1399.3903978159,0.329154555717081,"2","2"
"COG1554",-3,NA,1841.79308346308,0.498373265912792,"2","2"
"COG1558",NA,-3,2292.94028376889,0.223637546682658,"2","1"
"COG1559",-3,NA,17049.3272959051,0.0461011834230889,"3","1"
"COG1576",NA,-3,8029.94325488908,0.129556208137229,"3","1"
"COG1585",NA,-3,550.912496019387,0.850339960959961,"1","2"
"COG1586",NA,-3,16115.5415646144,0.363923170536658,"3","2"
"COG1605",-3,NA,10180.0973319269,0.0659819879697363,"3","1"
"COG1620",-3,NA,3176.64897124638,0.909203548468015,"2","2"
"COG1638",-3,NA,41407.7937896239,0.0978182504480148,"3","1"
"COG1658",NA,-3,362.077382687709,1.75445752497073,"1","3"
"COG1672",NA,-3,397.284674962447,1.20724148014318,"1","2"
"COG1686",-3,NA,30163.2846132128,0.10619993135837,"3","1"
"COG1705",NA,-3,4851.48091099616,0.76488679547008,"2","2"
"COG1707",NA,-3,21.6820298445118,15.1505832406006,"1","3"
"COG1746",NA,-3,3441.55144096906,2.72678706701772,"2","3"
"COG1749",-3,NA,8111.34084189691,0.21915672737344,"3","1"
"COG1750",-3,NA,16.1399402267997,21.3578897274013,"1","3"
"COG1761",-3,NA,129.258951481718,1.09407450671408,"1","2"
"COG1763",-3,NA,2758.23756460567,0.235040039025057,"2","1"
"COG1794",-3,NA,9277.69621412161,0.155441991300405,"3","1"
"COG1802",NA,-3,11260.5576528403,0.536564356326598,"3","2"
"COG1803",-3,NA,1020.71308192273,0.630344846565762,"2","2"
"COG1804",-3,NA,101366.646739159,0.176132503984647,"3","1"
"COG1808",-3,NA,3417.85641443052,0.39684628313294,"2","2"
"COG1809",NA,-3,1824.18405711908,0.467484232649351,"2","2"
"COG1818",-3,NA,1021.56566048423,3.09943885759797,"2","3"
"COG1823",-3,NA,483.25767876719,0.719072307879269,"1","2"
"COG1829",NA,-3,3032.68394186322,1.46715400901624,"2","3"
"COG1832",-3,NA,10649.6992159061,0.225046836606175,"3","1"
"COG1834",NA,-3,31393.6816733625,0.255539947446071,"3","1"
"COG1835",NA,-3,15727.8394217414,0.18200773986332,"3","1"
"COG1838",NA,-3,6747.23637356096,0.375184298444113,"2","2"
"COG1841",NA,-3,4255.69161530687,0.157429757487761,"2","1"
"COG1842",NA,-3,3881.5851310157,0.752322916605763,"2","2"
"COG1845",-3,NA,39492.5607698286,0.0827445679396638,"3","1"
"COG1847",-3,NA,2954.71089398215,0.785355173933996,"2","2"
"COG1854",-3,NA,118.737188441729,2.43415096922423,"1","3"
"COG1883",NA,-3,5385.60593958441,0.344658045619083,"2","2"
"COG1885",NA,-3,3.26512664035858,6.41368834290954,"1","3"
"COG1911",-3,NA,491.058619766309,1.09287332224064,"1","2"
"COG1922",NA,-3,3435.08370991077,0.280689943424143,"2","1"
"COG1926",-3,NA,145.401172497469,2.79460439521598,"1","3"
"COG1929",NA,-3,6099.30103333703,0.219940280128935,"2","1"
"COG1939",-3,NA,1383.50784911932,1.39953610721738,"2","2"
"COG1950",NA,-3,154.1395055391,1.37447006749501,"1","2"
"COG1953",-3,NA,18101.5650749239,0.321818244822632,"3","2"
"COG1993",-3,NA,20.5058408169352,3.78152462163501,"1","3"
"COG1994",-3,NA,10117.4616630115,0.27024035050612,"3","1"
"COG1999",NA,-3,22090.6364032965,0.0635143159471779,"3","1"
"COG2002",-3,NA,453.258280054311,0.826496487445038,"1","2"
"COG2013",-3,NA,2725.6787350526,0.320907934662733,"2","2"
"COG2016",NA,-3,1816.68657217024,1.22938237321941,"2","2"
"COG2018",NA,-3,6.66298297139644,3.92898280664091,"1","3"
"COG2019",-3,NA,1011.06727032777,2.3944605285727,"2","3"
"COG2023",NA,-3,581.797724907569,4.59861725653886,"1","3"
"COG2035",NA,-3,10380.4464129254,0.121306523881156,"3","1"
"COG2037",-3,NA,967.120864369793,0.368200390530439,"2","2"
"COG2041",NA,-3,19163.0821435252,0.0841064418225956,"3","1"
"COG2042",-3,NA,1774.18679690623,1.39413817292914,"2","2"
"COG2044",-3,NA,224.492231773333,2.68093465384576,"1","3"
"COG2054",NA,-3,213.060477523134,0.571306224232686,"1","2"
"COG2057",-3,NA,5756.70747871175,0.157264440980585,"2","1"
"COG2067",-3,NA,4309.0976527111,0.726327053138494,"2","2"
"COG2075",-3,NA,704.555554532957,1.2176740421602,"1","2"
"COG2101",NA,-3,4007.76067084047,1.07584111739759,"2","2"
"COG2121",-3,NA,5277.73701696843,0.308033416973864,"2","2"
"COG2124",NA,-3,44447.8006047109,0.154293208188497,"3","1"
"COG2128",NA,-3,13277.837638977,0.0828595761211539,"3","1"
"COG2130",NA,-3,19015.2490648798,0.086574789390004,"3","1"
"COG2132",NA,-3,18021.9854686222,0.996437846750249,"3","2"
"COG2135",-3,NA,14542.395140935,0.118794781265003,"3","1"
"COG2136",-3,NA,166.768732138267,3.17603962469942,"1","3"
"COG2139",-3,NA,1083.0412792412,1.26135786683497,"2","2"
"COG2167",NA,-3,22.3087897800188,2.07679356598891,"1","3"
"COG2172",-3,NA,2879.90000313624,0.425742251917581,"2","2"
"COG2204",NA,-3,77077.4904089184,0.071566161561288,"3","1"
"COG2206",-3,NA,11426.6261952634,0.75722929590437,"3","2"
"COG2207",NA,-3,36881.2099347863,0.966201724121245,"3","2"
"COG2216",-3,NA,196.074987533176,2.58182531285233,"1","3"
"COG2222",NA,-3,1686.93889827942,0.233967315706659,"2","1"
"COG2233",-3,NA,10755.2005669498,0.259134330413613,"3","1"
"COG2236",NA,-3,15111.9605641304,0.202324318588429,"3","1"
"COG2246",NA,-3,724.795110036718,0.872283416162389,"1","2"
"COG2252",-3,NA,23470.3307483978,0.170094531165552,"3","1"
"COG2267",-3,NA,12282.4816398179,0.208664575639239,"3","1"
"COG2270",-3,NA,29842.6899239205,0.164880786009389,"3","1"
"COG2304",NA,-3,28442.5890981203,0.155605945885626,"3","1"
"COG2313",-3,NA,4543.14258940323,0.329911569308834,"2","2"
"COG2315",NA,-3,898.008601472461,0.543339411282992,"2","2"
"COG2320",-3,NA,267.989091500754,0.666593809316226,"1","2"
"COG2345",NA,-3,697.31942611021,0.862192071789267,"1","2"
"COG2359",-3,NA,10.5197815683049,3.44748063107248,"1","3"
"COG2372",-3,NA,355.112684792612,1.61531996946705,"1","3"
"COG2376",-3,NA,6946.13443581064,0.232641196184573,"2","1"
"COG2430",-3,NA,40.3334762221087,9.37560857446335,"1","3"
"COG2431",NA,-3,172.704147073574,2.00036061643558,"1","3"
"COG2445",-3,NA,60.165959868019,2.66661658394682,"1","3"
"COG2501",NA,-3,810.860452572365,1.30082392977393,"2","2"
"COG2502",NA,-3,96.2344616716509,2.94476080137072,"1","3"
"COG2509",NA,-3,4428.44872366947,0.87898843390114,"2","2"
"COG2602",-3,NA,386.880987679963,2.14002102854603,"1","3"
"COG2607",NA,-3,3266.72260202366,0.235976556518442,"2","1"
"COG2703",-3,NA,475.777948885708,2.19373809452782,"1","3"
"COG2759",NA,-3,35304.3338537826,0.271830306447014,"3","1"
"COG2801",NA,-3,46012.7238317609,1.37244344872905,"3","2"
"COG2807",NA,-3,789.585854931912,2.16780296682316,"2","3"
"COG2808",-3,NA,1467.63275049751,0.924916752481752,"2","2"
"COG2825",NA,-3,2042.03880505238,0.18265058066397,"2","1"
"COG2833",NA,-3,1157.05405877181,0.678076490380803,"2","2"
"COG2841",NA,-3,68.5697366580304,2.36123580459881,"1","3"
"COG2855",NA,-3,12781.9071189628,0.329410861224364,"3","2"
"COG2887",NA,-3,13891.6751658653,0.322595088603759,"3","2"
"COG2900",NA,-3,244.029754673132,2.40959807472796,"1","3"
"COG2902",NA,-3,11570.3860540419,1.06192070475085,"3","2"
"COG2928",NA,-3,14516.3641455271,0.211234424112125,"3","1"
"COG2932",-3,NA,1497.15485755845,1.43432069930455,"2","2"
"COG2941",NA,-3,11619.0174023785,0.280680531491216,"3","1"
"COG2963",-3,NA,6300.03350257309,1.69631503204165,"2","3"
"COG2974",-3,NA,1896.0177501734,1.3273416619485,"2","2"
"COG2982",NA,-3,4901.82276258523,1.04166031294188,"2","2"
"COG2983",-3,NA,2245.88923421843,0.329079468205988,"2","2"
"COG2987",-3,NA,13036.8188516868,0.187505752418744,"3","1"
"COG2998",-3,NA,4093.1931978819,0.198612874846458,"2","1"
"COG3002",NA,-3,1641.93344668322,1.31746848299603,"2","2"
"COG3009",-3,NA,757.281390451802,1.97552435333428,"2","3"
"COG3010",NA,-3,736.728771801749,0.721586141925863,"2","2"
"COG3012",-3,NA,1141.20135911495,0.834288763145665,"2","2"
"COG3013",-3,NA,13.516111522058,3.66011645788423,"1","3"
"COG3015",NA,-3,68.4479608155859,2.7474933274848,"1","3"
"COG3017",NA,-3,1100.33140969223,0.771604539165403,"2","2"
"COG3041",-3,NA,78.6218309403578,1.8764551056029,"1","3"
"COG3053",NA,-3,7.46904206405312,6.944233604144,"1","3"
"COG3054",-3,NA,93.6077950566689,2.8271852692361,"1","3"
"COG3059",NA,-3,382.835525525866,2.43805862062276,"1","3"
"COG3071",-3,NA,3111.67056951115,0.632088487738502,"2","2"
"COG3083",-3,NA,1962.62465443542,1.02286516979012,"2","2"
"COG3098",-3,NA,354.041085234322,1.28735856590476,"1","2"
"COG3099",-3,NA,29.9848064065232,5.37282193339803,"1","3"
"COG3101",NA,-3,950.012433427083,1.11812908055307,"2","2"
"COG3111",-3,NA,28.8330757405357,3.75259575690233,"1","3"
"COG3116",NA,-3,332.749701967463,1.22387365241337,"1","2"
"COG3117",-3,NA,860.578148450645,1.04027859853732,"2","2"
"COG3118",-3,NA,6186.0616398987,0.12573499724962,"2","1"
"COG3126",-3,NA,395.602610224312,2.75517038259104,"1","3"
"COG3128",NA,-3,15801.0609044991,1.51078850784836,"3","3"
"COG3132",-3,NA,253.722934047838,1.07542241914578,"1","2"
"COG3150",NA,-3,2756.83839990576,0.495293728987196,"2","2"
"COG3160",-3,NA,878.417666307554,1.76650502867016,"2","3"
"COG3168",-3,NA,893.553897289396,1.38607100618002,"2","2"
"COG3205",-3,NA,421.138075813947,2.06827019250685,"1","3"
"COG3213",-3,NA,1425.49327188855,1.69694420609553,"2","3"
"COG3220",NA,-3,1880.45426038825,1.35289726864764,"2","2"
"COG3232",-3,NA,518.115259729841,0.304076067577666,"1","2"
"COG3255",NA,-3,1657.01117602921,0.218752955234715,"2","1"
"COG3270",NA,-3,110.287869110022,3.30456545391853,"1","3"
"COG3271",-3,NA,292.721864543469,1.90500953128539,"1","3"
"COG3279",-3,NA,6724.90400678011,1.03776200077501,"2","2"
"COG3293",-3,NA,5407.14412739869,1.37277424298343,"2","2"
"COG3303",NA,-3,120.242967468712,4.4673802845968,"1","3"
"COG3309",-3,NA,2.88702541541449,4.28081711571236,"1","3"
"COG3312",NA,-3,663.663978754706,1.21898674615822,"1","2"
"COG3323",-3,NA,2657.27015624972,0.381426372992128,"2","2"
"COG3338",NA,-3,352.262839989596,0.440304527320772,"1","2"
"COG3350",NA,-3,68.0809497423002,1.75386772370909,"1","3"
"COG3386",-3,NA,26499.8005540253,0.0672166105452501,"3","1"
"COG3387",-3,NA,3547.57516144694,0.677034374404763,"2","2"
"COG3398",-3,NA,3113.46747503692,1.37342487638082,"2","2"
"COG3407",NA,-3,3101.57870644084,0.441906989965673,"2","2"
"COG3454",NA,-3,1941.53665936801,1.84640549903544,"2","3"
"COG3461",-3,NA,35.0308819290548,2.10030698476469,"1","3"
"COG3484",NA,-3,4608.45868816151,1.41123763684591,"2","2"
"COG3495",-3,NA,2195.21298388265,0.418939252888254,"2","2"
"COG3507",NA,-3,6909.23859017285,0.417035469128287,"2","2"
"COG3514",-3,NA,30.8345688913103,1.82608479350686,"1","3"
"COG3524",-3,NA,1508.49897699994,0.969195173635916,"2","2"
"COG3527",-3,NA,109.960809311869,1.58121387349472,"1","3"
"COG3548",NA,-3,124.771327644042,1.15143052005502,"1","2"
"COG3569",-3,NA,6472.27487510978,0.728832550750359,"2","2"
"COG3609",NA,-3,713.203347868749,0.727630864775754,"1","2"
"COG3614",NA,-3,2905.24859815038,2.05282109244202,"2","3"
"COG3623",-3,NA,1677.7012574848,0.382885850575748,"2","2"
"COG3637",NA,-3,823.481438078851,1.62201212486334,"2","3"
"COG3644",-3,NA,120.166210287111,1.12720108984386,"1","2"
"COG3652",NA,-3,61.1966437504215,2.62737786669009,"1","3"
"COG3655",NA,-3,446.374792614655,0.716495710641552,"1","2"
"COG3656",NA,-3,1408.28036475232,2.20953848627158,"2","3"
"COG3665",NA,-3,27610.3195028204,0.166448957875817,"3","1"
"COG3666",NA,-3,8295.86932921904,1.85034867839852,"3","3"
"COG3702",-3,NA,112.806929509358,2.12502539625521,"1","3"
"COG3718",NA,-3,4106.61153422978,0.349296355455184,"2","2"
"COG3735",NA,-3,2157.31212411689,0.771502975588306,"2","2"
"COG3740",NA,-3,2147.24934720545,1.52984617951786,"2","3"
"COG3762",NA,-3,646.782234446567,0.956986548110459,"1","2"
"COG3772",NA,-3,3282.26665117215,1.47694667642926,"2","3"
"COG3773",-3,NA,9998.93341484242,1.11276563392752,"3","2"
"COG3807",-3,NA,6779.637440802,0.246083597398863,"2","1"
"COG3833",NA,-3,2154.91030835171,0.66824910962594,"2","2"
"COG3848",NA,-3,225.982613175716,2.25453533994795,"1","3"
"COG3860",-3,NA,2.23201986275694,6.38840172339154,"1","3"
"COG3868",NA,-3,761.610233762196,2.14107346101049,"2","3"
"COG3871",-3,NA,721.781787102914,1.66792235747119,"1","3"
"COG3898",-3,NA,4319.95180738464,0.367884639824576,"2","2"
"COG3907",NA,-3,824.474806753928,1.34382352871516,"2","2"
"COG3909",-3,NA,2928.39645587689,0.761420941581413,"2","2"
"COG3910",-3,NA,126.713123739592,1.03099199281432,"1","2"
"COG3916",NA,-3,224.166033565956,1.76421298283086,"1","3"
"COG3941",-3,NA,1197.13190465785,2.00901490788229,"2","3"
"COG3954",NA,-3,5911.01211718121,0.626638229629238,"2","2"
"COG3957",-3,NA,2117.53974541513,1.64526035432242,"2","3"
"COG3980",NA,-3,4001.32619940741,0.305592797460202,"2","2"
"COG4046",NA,-3,2274.10529666594,5.20724264333212,"2","3"
"COG4132",-3,NA,109.187632265496,3.68521860685888,"1","3"
"COG4170",-3,NA,616.13885689295,2.42847356578215,"1","3"
"COG4171",NA,-3,563.930785641605,2.45161791449887,"1","3"
"COG4176",-3,NA,49993.9491367459,0.329672733641515,"3","2"
"COG4195",-3,NA,438.460831685229,1.13374640090873,"1","2"
"COG4198",-3,NA,11265.0848036232,0.38701744541849,"3","2"
"COG4213",NA,-3,864.18498875474,0.970973910082726,"2","2"
"COG4223",NA,-3,758.594522209609,0.939814265006764,"2","2"
"COG4232",NA,-3,31672.6536903569,0.0351560878803816,"3","1"
"COG4254",NA,-3,2960.2938871167,0.651904752700559,"2","2"
"COG4269",-3,NA,1511.06115017993,0.542047795300598,"2","2"
"COG4278",-3,NA,371.73514576767,0.652819614678897,"1","2"
"COG4317",NA,-3,3.88709837404104,12.1877117796652,"1","3"
"COG4329",-3,NA,9.95503530295017,3.95924845255228,"1","3"
"COG4337",-3,NA,4101.30625476088,0.689150700506191,"2","2"
"COG4373",-3,NA,662.414548554766,2.32818675206922,"1","3"
"COG4380",-3,NA,234.571492475861,1.33259616955977,"1","2"
"COG4383",-3,NA,965.206352344799,2.20521456395122,"2","3"
"COG4387",NA,-3,118.537065211308,2.47004529064078,"1","3"
"COG4388",NA,-3,321.191649807986,2.44902678102201,"1","3"
"COG4445",-3,NA,4987.61297391716,0.336530936107733,"2","2"
"COG4446",NA,-3,3481.23313948104,0.940979867101123,"2","2"
"COG4449",-3,NA,7.79611100218745,2.3334868463439,"1","3"
"COG4481",-3,NA,14.3065154930162,11.3907001079132,"1","3"
"COG4529",-3,NA,761.356568186134,0.609523315283987,"2","2"
"COG4542",NA,-3,122.666939413423,3.18145344114109,"1","3"
"COG4547",NA,-3,34395.2464316352,0.290820043433919,"3","1"
"COG4558",NA,-3,3358.34978802723,1.19711437539306,"2","2"
"COG4567",NA,-3,9288.90427449704,0.181677397646077,"3","1"
"COG4572",NA,-3,16.2381077758529,2.82108177539695,"1","3"
"COG4584",-3,NA,14456.6774742543,1.7479841342503,"3","3"
"COG4587",-3,NA,2979.96508434285,1.33631661788472,"2","2"
"COG4627",NA,-3,1604.45027524864,0.446949704680236,"2","2"
"COG4634",-3,NA,42.5846198170741,1.27310474218402,"1","2"
"COG4650",-3,NA,245.208556230393,2.69380326740029,"1","3"
"COG4657",-3,NA,1332.96618295109,1.00382513394529,"2","2"
"COG4660",-3,NA,1516.60339035428,1.01498416521955,"2","2"
"COG4667",-3,NA,2325.25183811284,0.58755955298719,"2","2"
"COG4693",-3,NA,3.86545393220548,4.72550166574693,"1","3"
"COG4712",NA,-3,811.231734494064,2.78535498602354,"2","3"
"COG4714",-3,NA,259.033588053041,0.581530261920131,"1","2"
"COG4725",-3,NA,3209.75261573588,1.10586190693976,"2","2"
"COG4729",-3,NA,55.4073203809149,3.28751541024038,"1","3"
"COG4766",-3,NA,1397.56261193517,1.74767230354281,"2","3"
"COG4773",-3,NA,3937.62006411548,2.0731938807648,"2","3"
"COG4783",NA,-3,14986.5972272058,0.0620443439544812,"3","1"
"COG4787",-3,NA,2700.25454338771,0.446449165584244,"2","2"
"COG4804",-3,NA,394.24995660835,2.00930733807877,"1","3"
"COG4877",NA,-3,30.6986613750473,3.11899248095921,"1","3"
"COG4911",-3,NA,988.787202385316,2.64791578702351,"2","3"
"COG4912",NA,-3,1029.56140198856,1.3965767361516,"2","2"
"COG4928",-3,NA,2225.00734688693,0.364013333022435,"2","2"
"COG4935",NA,-3,5912.80594903639,0.56034610326575,"2","2"
"COG4952",NA,-3,2853.97717427903,0.265619433162915,"2","1"
"COG4989",-3,NA,3213.00284525985,0.363958782106395,"2","2"
"COG5011",NA,-3,1615.85097209223,1.73724051366501,"2","3"
"COG5031",NA,-3,575.538202068988,0.896775980930493,"1","2"
"COG5034",-3,NA,61.1386488856491,2.96192569786711,"1","3"
"COG5035",NA,-3,91.8973933691889,3.10726956478596,"1","3"
"COG5036",NA,-3,175.553121660618,2.04944494695394,"1","3"
"COG5045",-3,NA,36.3920622270745,3.31192401115777,"1","3"
"COG5049",NA,-3,2991.78473384149,1.09110710252374,"2","2"
"COG5052",NA,-3,49.6912548125413,2.73745468219266,"1","3"
"COG5053",NA,-3,572.959088435804,1.08316435034866,"1","2"
"COG5079",NA,-3,125.65997908856,3.05549486568742,"1","3"
"COG5092",NA,-3,497.618459166139,2.92193279355141,"1","3"
"COG5102",NA,-3,37.6914137473139,4.9472661988763,"1","3"
"COG5112",-3,NA,22.5884008185967,3.92281543884701,"1","3"
"COG5119",-3,NA,13.8418779551695,5.65129198346716,"1","3"
"COG5137",NA,-3,43.9286130810784,3.07877550419533,"1","3"
"COG5141",-3,NA,706.023772601598,3.38729792702991,"1","3"
"COG5150",NA,-3,29.1281622263764,6.76641250101298,"1","3"
"COG5179",NA,-3,250.524151436254,3.94136807100933,"1","3"
"COG5215",-3,NA,540.681242833883,2.8357892012525,"1","3"
"COG5216",-3,NA,21.3564528328173,3.32160552679647,"1","3"
"COG5248",NA,-3,35.0855554275099,4.8671005982233,"1","3"
"COG5249",-3,NA,37.4827389622135,3.43046909549661,"1","3"
"COG5262",NA,-3,275.826045642586,1.6016457265421,"1","3"
"COG5272",-3,NA,1938.35586047929,1.02869547263119,"2","2"
"COG5290",NA,-3,174.561713723565,5.61611136912302,"1","3"
"COG5307",NA,-3,743.681792983677,3.29785397051369,"2","3"
"COG5331",NA,-3,1703.84257199912,0.114067435182836,"2","1"
"COG5339",-3,NA,93.6632716968533,2.58381599331597,"1","3"
"COG5351",NA,-3,224.403802960362,0.99476161555106,"1","2"
"COG5371",NA,-3,321.732420308635,2.78284174980541,"1","3"
"COG5381",-3,NA,7.4196372618867,3.06238413978227,"1","3"
"COG5388",-3,NA,122.754884278792,1.82468018730584,"1","3"
"COG5427",-3,NA,3155.02491372789,2.35172450909146,"2","3"
"COG5432",NA,-3,33.5693880890389,6.80824989425621,"1","3"
"COG5440",-3,NA,283.234236436904,1.88291929567485,"1","3"
"COG5457",NA,-3,16.44631946356,3.64336313595394,"1","3"
"COG5474",NA,-3,253.913039320021,2.68671014951106,"1","3"
"COG5484",NA,-3,163.021216710226,2.57057470830203,"1","3"
"COG5496",NA,-3,506.263862438319,1.00790115190248,"1","2"
"COG5499",NA,-3,331.077707048103,1.97037345355845,"1","3"
"COG5518",NA,-3,527.446864994572,2.1463024118844,"1","3"
"COG5526",-3,NA,4.0415635995623,6.03730724383981,"1","3"
"COG5537",NA,-3,217.690013853517,3.15287224807135,"1","3"
"COG5563",-3,NA,707.413860770681,0.647378563014769,"1","2"
"COG5580",NA,-3,109.922885866508,2.83193422840286,"1","3"
"COG5585",-3,NA,104.329268178863,2.47688472694984,"1","3"
"COG5618",NA,-3,136.237475620463,1.53887925331712,"1","3"
"COG5624",NA,-3,25.6836885644282,6.08759314954009,"1","3"
"COG5659",-3,NA,430.013032900947,2.37030625286776,"1","3"
"COG5661",NA,-3,211.250467536736,1.43756977640028,"1","2"
