"","X124_SUR_0d2.3","X110_SUR_0d2.3","X38_SUR_0d2.1d6","X67_SUR_0d2.3","X70_MES_0d45.0d8","X96_SUR_0d2.3","X31_SUR_0d2.1d6","X25_DCM_0.0d2","X151_DCM_0d2.3","X137_DCM_0d2.3","X78_SUR_0d2.0d45","X132_SUR_0d2.3","X32_DCM_0d2.1d6","X78_DCM_0d2.3","X110_MES_0d2.3","X132_DCM_0d2.3","X34_SUR_0d2.1d6","X138_SUR_0d2.3","X125_SUR_0d1.0d2","X68_SUR_0d2.0d45","X68_DCM_0d45.0d8","X30_DCM_0d2.1d6","X109_MES_0d2.3","X36_DCM_0d2.1d6","X76_DCM_0.0d2","X124_DCM_0d1.0d2","X122_DCM_0d45.0d8","X132_MES_0d2.3","X9_SUR_0d2.1d6","X99_SUR_0d2.3","X123_DCM_0d2.0d45","X122_MES_0d1.0d2","X25_DCM_0d2.1d6","X70_MES_0d2.0d45","X149_SUR_0d2.3","X76_MES_0d2.3","X122_DCM_0d1.0d2","X41_DCM_0d2.1d6","X111_MES_0d2.3","X58_DCM_0d2.3","X150_DCM_0d2.3","X122_DCM_0d2.3","X133_MES_0d2.3","X76_SUR_0d2.3","X38_OMZ_0d1.0d2","X78_DCM_0d2.0d45","X34_SUR_0d1.0d2","X25_SUR_0.0d2","X68_MES_0d45.0d8","X78_MES_0d45.0d8","X128_SUR_0d2.3","X7_DCM_0d2.1d6","X98_SUR_0d2.3","X76_DCM_0d45.0d8","X122_MES_0d2.0d45","X124_SUR_0d45.0d8","X39_OMZ_0d1.0d2","X62_SUR_0d2.3","X152_SUR_0d2.3","X76_SUR_0d2.0d45","X123_DCM_0d1.0d2","X133_SUR_0d2.3","X140_SUR_0d2.3","X109_SUR_0d2.3","X150_SUR_0d2.3","X66_SUR_0d2.3","X82_SUR_0d2.3","X72_DCM_0d2.3","X138_DCM_0d2.3","X48_SUR_0d1.0d2","X64_MES_0d2.3","X122_MES_0d45.0d8","X68_DCM_0d2.3","X125_DCM_0d1.0d2","X39_DCM_0d2.1d6","X78_SUR_0d2.3","X85_MES_0d2.3","X112_DCM_0d2.3","X70_MES_0d2.3","X70_SUR_0d45.0d8","X25_SUR_0d2.1d6","X102_MES_0d2.3","X142_MES_0d2.3","X67_SUR_0d45.0d8","X123_SUR_0d2.0d45","X122_DCM_0d2.0d45","X76_SUR_0.0d2","X125_DCM_0d2.3","X37_OMZ_0d2.1d6","X124_DCM_0d2.3","X66_DCM_0d2.3","X137_MES_0d2.3","X102_SUR_0d2.3","X70_MES_0.0d2","X72_MES_0.0d2","X124_SUR_0d1.0d2","X42_SUR_0d2.1d6","X148_MES_0d2.3","X123_DCM_0d45.0d8","X111_DCM_0d2.3"
"COG0001",8231,7491,6134,5905,8496,6636,7930,2688,7932,8394,6157,7192,10860,8431,9354,6558,5859,7491,3955,7281,7950,6939,9236,6442,2548,3522,7626,11145,6571,7941,11964,4223,8235,13159,6583,12559,3297,5616,10803,6270,6284,7015,11316,7059,3626,8042,2282,2071,11355,6867,8366,5725,6950,9192,13537,9213,4200,6168,7819,5938,3958,7444,6114,7495,6999,7140,8897,6666,6145,2267,12405,7065,7705,3195,5730,7138,10940,7408,8473,7809,5962,11431,10789,6002,6630,7325,5443,12237,7551,10655,7377,9106,7604,2879,2516,3358,6233,12455,4560,7726
"COG0002",4766,4625,5885,4769,4137,6637,6074,2778,5137,5011,6280,6195,4747,5654,5399,4239,5502,5957,1939,5974,5193,5849,5465,5711,2894,2700,4673,5374,5829,6428,5873,3005,5964,5051,4802,5538,2660,4070,5761,5640,4977,4680,5624,5920,2738,5902,1749,3330,4838,3835,4484,3752,6562,5119,7294,4812,2028,5804,5113,6785,2029,5880,5663,4889,5512,5486,4680,5145,4298,1929,5783,3919,5676,1447,4600,6400,4938,5310,4484,4338,6469,6729,5349,4284,4670,4871,3454,5470,3777,5219,5236,4605,4815,3440,2677,1645,6230,4825,2956,5230
"COG0003",334,301,311,224,508,43,300,215,452,274,100,143,402,376,242,213,431,255,756,108,258,46,203,238,558,628,474,182,34,91,307,587,311,1190,335,327,396,420,186,194,457,325,218,330,491,192,696,74,302,208,507,329,56,412,104,276,375,242,162,87,491,233,317,339,336,211,210,169,381,192,172,156,230,260,308,410,190,234,187,557,42,157,296,196,211,195,234,318,139,285,195,225,231,1319,350,699,219,290,100,129
"COG0004",15140,16690,16677,15526,9464,15636,18333,12066,17117,16559,20652,16694,14903,16029,16279,13963,18215,18291,7249,16841,14600,17165,14657,18451,7741,7712,11438,10541,17017,16014,11644,9406,16509,9914,16957,10714,5851,15876,14078,17681,17095,11431,11988,15044,9876,19035,8174,5539,9054,7155,14006,21199,15328,12215,16954,13132,10763,17348,17201,19078,12442,18635,17959,17966,18349,16323,11964,16298,14772,4837,10793,12468,15282,14154,16958,15677,9878,14257,9716,14094,17218,15043,10941,12917,15204,12342,7010,13212,12733,15214,17201,13246,16080,11225,6904,6859,18538,11051,9681,16869
"COG0005",4804,4139,4854,2983,3536,3987,5508,1981,4954,6464,5049,5314,4858,4777,5426,4731,4674,5386,1489,5093,4798,4163,5141,4242,2226,2009,3907,5763,3302,4445,4715,1330,4609,5478,4764,5658,894,4986,6142,5355,4465,4733,6341,4776,1559,4978,1520,1808,5511,2744,4456,3538,4472,4522,6340,4678,3966,5224,4077,4738,1177,2973,4413,4146,4671,4052,3080,4751,4571,1210,6203,3352,4626,1234,4638,4822,5718,5260,3476,4218,3550,5902,5197,2610,4682,4584,2757,4983,6728,4867,4116,6363,3993,2693,2123,1140,5272,5340,462,5100
"COG0006",20784,24089,22844,22886,21090,21337,20190,9005,23906,30849,25620,18945,22873,22334,28621,22880,25002,19842,7329,26165,21069,21047,30378,24690,8497,8885,14367,31167,19474,19212,21044,8747,20550,18590,24868,26759,10520,24559,31454,22022,21655,21730,29580,18509,10129,24366,7407,11043,30880,20736,21057,20729,21360,18490,28630,13744,13932,22406,23166,23721,7850,20241,20820,22907,23230,25854,23466,24127,26565,5617,30829,22635,20350,5095,20967,20526,29182,20691,20633,20999,21158,30826,27471,21052,24088,23683,9909,25723,25993,22383,25748,27582,23437,11680,8119,6136,21458,26488,13028,24537
"COG0007",1952,1304,1774,2727,4279,1378,2667,4238,1641,5357,898,2037,2133,2322,3396,1817,1353,1893,1850,1303,2860,1338,4327,1439,3415,1977,4351,3405,1683,1549,3486,4385,2549,3566,1124,3623,3784,1331,4166,1934,2058,2079,3479,1994,5065,1239,422,3496,3378,4425,1553,3200,1519,2855,4053,3695,2982,1579,1511,1106,1796,1662,1654,1554,1628,1004,2458,1471,1546,1908,3395,3758,3022,1306,2307,2339,3409,1993,5053,1836,1802,4106,3752,2379,454,967,2839,2869,3284,2161,1078,4436,1222,6719,3587,1732,1710,2467,5462,1670
"COG0008",14553,15357,14269,14712,13460,14464,12805,10138,15750,14525,13401,13849,15377,15340,16117,15451,14686,13827,6166,15716,14915,14725,15590,14341,10217,6401,13208,15981,15510,14589,16035,9177,13399,16805,15944,15653,7985,14253,16892,13633,14372,14055,16538,12682,11027,15984,6341,9459,15862,12639,15533,13241,14118,15135,17375,13848,12871,14017,15993,13239,5953,14699,14948,15747,14899,16026,16094,14549,14913,5860,16235,12795,14128,4372,13216,12939,16377,14228,14346,15388,14578,17123,16114,16541,16357,15688,9505,14829,14783,15916,16070,15063,15711,12865,8680,5492,13285,15869,10727,14344
"COG0009",5742,6210,5923,5515,4560,6194,5188,2377,5774,5002,6796,5896,4967,5578,6003,5607,6111,5901,2466,6816,5490,5961,5459,6292,2880,2445,4873,5561,6310,6210,5150,3230,5117,5781,6037,5382,3150,5659,5928,5917,5520,5638,5666,5613,4349,6390,2041,2168,4913,3927,6071,4385,6332,4838,6419,4939,4206,6221,5810,5935,2354,6013,5804,6085,5865,6677,5968,6058,5508,2017,5478,4369,5380,1811,5234,6013,5425,6004,4469,5692,6630,6118,5425,5817,6702,6128,2971,5015,4203,5571,6167,4666,6167,3554,2369,2220,5993,5420,3559,6036
"COG0010",8276,9003,9026,9075,6608,6056,10618,2111,8798,9294,8496,8584,7108,8403,9597,8611,9372,9222,2877,8806,8879,6505,9448,9521,1912,3740,5385,9432,6544,6864,7202,2739,7345,9624,9227,8277,2538,9580,10397,9508,8767,8132,9885,8373,2193,7864,2880,4797,9011,5298,8304,8143,6767,6353,9849,6913,6154,9422,9203,6611,2505,8035,7622,8015,8885,9221,11118,8502,10244,2120,9995,5760,9087,2650,9609,9540,8455,6854,8449,8178,8148,9543,8828,7815,7633,7477,2305,9376,7825,7994,9292,8867,8352,3878,2010,2133,9251,9841,1933,9218
"COG0011",455,280,254,56,40,25,206,6,61,241,13,42,113,177,132,183,163,436,35,14,260,80,60,114,48,174,664,80,66,322,258,111,527,23,92,85,11,113,62,202,91,229,91,93,7,22,24,4,85,53,452,77,33,205,48,1241,48,162,104,31,30,60,179,309,92,49,22,112,127,81,82,210,312,10,254,91,96,315,35,258,158,55,125,59,3,33,240,110,329,134,68,199,210,2,66,42,140,84,31,412
"COG0012",8867,8891,9150,7678,6879,9258,9332,2988,9937,7600,9794,9672,8981,9381,10247,9427,9148,10143,2774,10564,9343,9138,9616,8519,3197,3257,6860,9922,8604,9621,9056,3753,8218,11656,10040,10130,2834,8670,11026,9600,8604,7770,11564,9028,3936,10743,3425,2554,8705,5251,9304,7887,9886,8383,15215,7788,7748,9895,9737,10559,2698,8691,9060,9155,9481,9756,7544,9187,9595,2617,11315,6306,8970,2121,8009,9448,8762,9242,7551,8820,8544,12409,10389,7969,10007,9278,3670,9146,8145,9984,9722,8171,9108,3899,3097,2340,9756,10708,3315,9115
"COG0013",19036,20591,18908,15123,11965,19982,19953,7030,19410,15590,21770,21194,18295,19660,18636,19756,19284,21254,5894,21648,21568,20063,15428,18473,7896,7293,16037,16828,18827,22145,16734,6958,18714,17074,20307,15910,6614,20102,17654,21261,20128,19278,18013,20005,9079,21420,6961,6269,15332,10255,20003,17134,20654,17846,21143,16287,13880,21475,20393,22333,5741,18899,19548,19969,20770,20419,16272,20854,21540,5393,17766,12294,20499,4328,18296,20062,14925,21311,12468,18873,18060,18363,16621,16087,21552,19254,9459,17408,15565,18984,20807,15140,19950,9032,7256,5496,20988,18891,7717,21254
"COG0014",7679,7396,8328,5748,4608,9883,8357,4140,7430,5890,10277,9045,6369,7854,5847,6149,8401,8678,2624,8509,7210,8882,5281,8942,4000,3392,6220,5119,8133,9171,6252,2699,8355,5055,7377,4785,2682,6506,5286,8495,7685,6911,4308,8363,3567,8376,2458,3368,4805,4196,6879,6598,9971,6554,4775,6043,2683,8763,6871,10229,2643,8340,8527,7511,8346,7873,5019,8333,7478,2294,4808,5747,7645,1851,7387,9238,4856,8516,4276,6643,9416,4876,4477,4712,8557,7464,4447,6435,4307,6677,7640,4542,7647,4570,4073,2213,9661,5086,4469,8469
"COG0015",10630,10828,10559,8998,6286,12316,10713,4434,10541,8630,11486,11363,10357,10633,9512,10531,10296,11400,4363,11604,10592,11301,8661,9897,4361,4081,8308,9082,10769,11765,9865,3487,10064,7087,10553,7799,3385,10404,9262,11258,10052,9538,8872,10605,4279,11706,3693,4902,9516,5768,11161,9197,12682,10113,9364,9816,5661,11169,10705,11975,3194,10234,10447,11030,10872,11034,8226,10892,11278,3084,9049,7010,9958,2824,9757,10807,8613,11107,6403,10029,9920,9255,8054,9736,11988,11046,5010,9976,8870,10467,11180,8414,10426,6363,4032,3259,11224,10428,3423,10763
"COG0016",8119,8319,8029,6580,4998,8503,7870,2988,8621,6541,8954,8590,7951,8166,7752,8427,8300,8732,2490,9013,8400,8354,6832,8283,3131,3079,5712,7062,7915,8588,7906,2887,7690,7574,9009,7105,2384,7744,7604,8316,8022,7464,7891,7973,3821,9450,3125,2438,6548,4241,8192,6908,8962,7194,9580,6660,7521,8779,8454,8536,2522,7990,8123,8287,8670,9017,7156,8112,8502,2159,7755,5031,7825,1887,7251,7984,6586,8158,5259,8163,7588,7969,7031,7084,8687,7914,3815,8081,6861,8388,8805,6618,8382,3644,2972,2197,8359,8404,2720,8512
"COG0017",2777,3038,2403,3378,4386,1371,1798,1389,4729,3557,1167,1793,5233,3940,5482,5432,3193,2167,1056,3811,4401,2023,5039,2044,712,1126,3155,5737,2154,1907,5503,2845,1871,9430,5118,6373,1942,5279,6716,2268,3324,2932,7757,2459,2029,4141,2008,832,4773,3419,4053,3121,1696,4000,10278,2951,6372,2762,4231,1592,1396,2235,2120,2649,3119,4073,3695,2830,4604,1365,7172,3307,3266,812,2203,1587,5150,2921,4821,4553,1112,7555,6710,4634,3300,3243,2007,5614,5445,5221,4171,5140,3187,320,656,1194,1532,7244,3424,2765
"COG0018",12951,13653,13339,11750,7725,14155,13073,4687,13186,10049,14858,14675,11604,13139,12345,13516,13407,14504,4136,15528,13722,13087,10492,12784,5240,4788,10527,10513,12808,14658,11625,4410,12298,10647,13298,9752,4302,12959,11585,14579,12915,12366,11334,13352,6155,14513,4845,4555,10270,6791,14221,9729,14551,12045,12519,12263,10366,14661,13755,16532,3965,13454,14263,13558,13914,14687,11211,13584,13115,3741,10596,8265,13396,3078,12406,13766,10549,14032,7869,12626,12060,11907,9908,12446,15299,13612,6168,11615,9849,12358,14555,9921,13411,6000,4793,3587,15418,12212,4573,13840
"COG0019",11039,11859,12674,10319,8869,14645,10884,7612,11560,10895,16166,13059,9263,11731,10089,10044,12309,13024,5310,14487,10621,14181,9071,13493,9944,5659,8670,9447,13840,13940,9853,6720,12073,7837,12104,8825,6621,10935,9013,12842,12187,11563,7765,12421,8483,13084,4573,5949,8871,8273,10963,10051,14509,9741,8444,8503,8470,13484,11483,16230,5364,13496,12943,11483,12891,12814,10085,13228,11755,4851,9064,8305,11570,4139,10404,13581,7845,13075,8245,10797,15040,8553,8644,8949,14242,12278,10501,10457,8882,10152,12675,8884,12001,10959,8304,4200,13749,9517,6814,13401
"COG0020",5440,5406,5240,4822,3720,5507,4647,2058,5568,4319,5689,5048,4871,5109,5291,6082,5507,5402,1954,6310,5326,5655,4397,4740,2179,2297,4556,4891,5338,5459,4858,2078,4994,4726,5617,4725,2190,5223,5196,5368,5100,5590,5152,4875,2723,6157,1891,1616,4825,3132,6129,3828,5669,4968,5767,4997,4069,5520,5398,6232,1916,4792,5501,5733,5407,5698,4326,5587,5985,1748,5060,3794,5201,1403,4512,5182,4789,5677,3713,5020,4670,5341,4739,5617,7135,5882,3336,4866,4742,4985,5306,4528,5436,2450,2140,1753,5583,5342,2338,5651
"COG0021",13881,13458,13416,9644,8874,15268,14015,5354,12708,14569,16497,14647,11985,13006,12308,12921,13674,14636,4264,14562,13047,14401,11627,13701,5707,5183,12042,10837,13196,14676,10683,4830,13088,9274,12556,9631,5679,12801,11951,14708,12850,14246,10606,13024,6324,15230,4157,4830,11493,7962,4304,4247,5078,4008,3377,3670,3594,4739,4080,5559,1496,4529,4688,4647,4414,4340,2746,4988,4543,1179,3631,3582,4362,1005,4307,4575,3701,5083,3066,3800,4600,3440,3184,2773,5111,5409,2468,3969,5189,4250,4408,4997,4697,2360,1946,1151,4812,3541,2883,5222
"COG0022",10174,10370,8393,11079,5896,7306,9613,4300,10708,8008,7077,9065,12391,9744,9037,13241,8686,9896,6011,9693,11226,8882,7417,7234,6602,5821,9097,8478,9119,8614,9556,3524,7677,6106,11753,6945,3861,12026,8049,8934,10114,9673,7354,8361,3986,10624,10269,5963,10197,5650,12236,8956,7306,11133,5489,11729,7272,9553,11048,6540,6592,8853,9062,10593,9957,9921,13244,10585,12275,6958,8763,6450,8662,3739,9174,8230,9000,10539,4695,11510,6155,6880,7720,14766,12769,10866,7926,9762,9148,10533,10118,7689,10359,4550,4920,7546,7860,11358,2835,10284
"COG0023",147,162,176,195,264,130,258,96,251,160,99,225,216,252,284,323,155,220,131,220,402,192,251,77,37,87,339,252,163,193,210,259,310,450,204,302,214,249,280,216,245,189,354,224,352,179,79,54,241,277,635,559,437,827,1508,814,1292,637,650,430,338,559,539,528,751,527,749,466,823,346,1063,594,1131,243,608,694,743,682,1126,785,306,1125,1083,760,297,385,57,558,683,577,555,787,432,156,32,391,569,953,831,660
"COG0024",2156,2029,1846,1692,1530,2150,2044,1250,2098,1822,2126,2117,2149,1963,1972,2117,2074,2004,839,2102,2166,2089,1726,1872,1078,894,1719,1758,2001,2141,1815,1026,1829,2381,2227,1755,818,2043,1861,1921,2071,1876,1931,1936,1593,2159,711,900,1673,1178,6505,6111,6469,5513,6956,5900,8680,5967,6593,6394,2334,5907,5823,5960,6590,5990,5061,6009,6432,2163,5861,4454,6418,1919,5443,6087,5188,6308,4545,5948,5464,5747,5147,5050,6530,6265,4274,6333,5125,6330,6116,5388,5991,2877,3300,2401,6188,6318,3279,6452
"COG0025",2659,1919,2348,2130,4582,1428,3972,4973,1674,3218,1126,2857,1985,2229,2242,2563,1981,2887,2252,1284,3109,1663,3515,1402,7316,2741,5407,2751,1680,2140,2545,5373,2956,3288,1635,2990,4599,2405,2254,2409,2420,3093,2587,2847,5782,893,1051,3334,2451,4836,2681,2792,1472,3183,1942,5726,3381,2235,1748,1520,2995,1978,2288,2062,2251,1036,1797,1677,2043,4220,2890,4652,3652,1665,2791,2898,2701,2923,4401,2478,1510,2528,4484,2032,1128,1456,6860,2136,3179,1531,1070,3685,1691,6214,5525,2425,2123,2031,6470,2156
"COG0026",5241,5818,6525,5082,3002,6647,7114,2652,4899,1498,6616,7516,3963,5496,4139,3927,5675,7007,2218,6267,5365,6147,3304,5942,3057,2809,4723,2701,6487,7137,3649,2778,5747,4302,4905,3066,2651,4396,2949,6515,5563,3825,3138,6919,2822,5559,1709,2392,2235,2958,5431,4411,6857,4668,4712,6083,1347,6957,5583,7420,1870,6186,6092,5569,5908,5654,5124,4737,4237,2045,2963,3348,5785,1394,5616,7183,2735,5254,3253,5464,6900,4116,3089,5320,5515,3758,3669,3218,807,4537,5350,1504,5620,3534,2736,1982,7093,3019,3243,5322
"COG0027",2122,1396,1893,1003,764,1240,3172,810,793,321,894,2556,1015,1580,511,1212,1195,2437,1569,672,2754,1359,376,1093,1925,1615,3278,327,1372,2108,855,1296,2667,349,792,651,524,730,212,1838,1301,1091,269,2349,1189,469,695,123,340,574,1872,1233,1513,2144,258,4601,245,2081,1209,1168,856,1794,1710,1766,1763,724,1312,999,947,1050,225,1731,2707,721,1796,2431,168,1941,813,1732,1375,229,357,1177,195,521,1466,528,90,836,678,341,1405,1498,694,1196,2213,398,1475,1595
"COG0028",27297,28767,25665,23789,25723,32059,28480,14362,31847,30414,30931,28477,41387,32794,30543,24852,27320,26881,13310,28985,25423,32070,30858,27825,18862,11866,18497,38113,28342,29967,35343,13047,33625,20153,28537,38838,10957,26589,35095,26580,27124,31102,33760,28798,11194,33270,27922,18918,40942,26137,23779,27942,31021,34201,30311,19367,17019,26080,29607,28183,13154,29628,25624,27867,29821,28580,22345,30107,28181,9229,40629,26436,26058,9127,27557,29658,36686,28160,26592,26111,31110,30241,30663,19904,26188,29830,16545,40030,28848,35218,29253,29381,29068,19593,14154,8088,27090,36987,12581,29772
"COG0029",4029,2724,3848,3102,2657,4251,5945,3644,2941,3067,2819,5229,2688,3613,2652,3366,3022,4677,1575,2044,5665,4097,2783,3033,3497,2176,5891,1660,3291,4773,2648,3013,5131,3345,2824,1718,2678,2361,1900,4367,4100,2808,1783,4094,4048,1999,1023,2525,1803,3173,3580,5038,4269,3825,1371,6628,1524,3793,3489,3313,1512,4150,3516,3149,3882,2637,2861,2320,2824,2297,1257,2961,5012,900,4356,4196,2695,3693,3138,3917,3305,2400,1733,2734,1269,1792,4132,1752,2760,2410,2919,2719,2653,2768,2622,1704,3917,1460,4056,3496
"COG0030",5662,5848,5681,4990,3906,6254,5374,1995,5669,5083,6192,5955,5389,5399,5640,6002,5794,5968,2074,6884,6166,5547,4958,5290,2180,2394,4867,5555,5703,6453,5435,2211,4943,5331,5930,5242,2289,5605,5833,5599,5336,5579,5711,5641,2585,6098,1764,2043,5316,3363,6394,3614,6604,5563,6123,5624,3165,6015,5813,7075,1854,5529,5597,5851,5865,6446,4784,5782,5898,2043,5600,4017,5852,1451,4801,6129,4949,5517,3981,5780,5654,5958,5366,5837,6541,6021,2488,5203,4932,5370,6062,4977,5912,2697,1946,1723,6257,5784,2460,5563
"COG0031",10424,9435,8564,7805,7844,10217,11891,7310,9772,9792,8638,11345,9868,10191,10049,9236,8795,10845,7159,8965,10834,10160,9981,7872,8184,7403,9941,10144,9683,10786,9516,5243,10867,10011,9478,9806,6100,9766,10639,9930,9934,9092,10289,10478,6893,9869,5707,6571,9777,7421,9929,8898,10560,10383,11518,12047,6433,9786,10089,8316,6072,9327,8676,9474,9996,8808,7735,9394,9348,5110,10883,8813,10880,5754,9603,10606,9509,10791,8013,10021,8943,10830,10213,8626,8656,9225,9390,9621,9437,10204,9088,9706,9584,5439,7103,5195,9726,10101,5360,9885
"COG0033",1984,1333,2116,274,1398,879,4787,569,505,718,1068,3544,590,1688,537,1048,1204,3074,494,666,3259,1440,615,676,969,1457,3696,361,902,2190,626,1765,3078,616,587,497,1925,1258,143,3053,2070,1328,307,3078,2278,251,336,286,151,1860,1746,2055,1439,2206,410,4463,817,2599,1114,1582,881,1109,1887,1537,1639,231,321,887,923,1618,375,1915,3784,219,3362,3137,176,2468,2260,1694,1009,299,514,215,21,400,2335,345,410,332,328,606,1019,801,947,709,2623,149,3331,1866
"COG0034",11292,11516,10728,10198,7297,12651,11150,3806,10989,10173,12074,12027,9683,10647,11375,10843,10409,11403,3670,11592,12340,12339,9815,11003,4263,4264,8207,9930,12306,12043,9182,5919,10481,10015,11445,9704,3561,10760,11183,11180,11273,9755,11125,11461,6111,11678,3732,3621,9790,6134,11706,10836,12625,9973,12752,10898,10758,11185,11854,12613,3425,12187,10532,11468,11523,11492,11078,10966,11089,3469,10654,7385,11364,3027,10155,10990,9817,11250,7528,11114,10954,11261,9557,10807,11646,11044,5441,9588,9861,10863,11819,10048,11944,5587,3660,3496,11023,10384,4002,11523
"COG0035",1830,1407,1700,1564,1520,1220,2255,537,1320,1332,1128,2146,1292,1465,1534,1401,1697,2030,773,1093,2009,1274,1781,1133,732,1157,2301,1333,1141,1349,1012,1141,1958,1048,1248,1259,1251,1223,1520,1792,1551,1585,1479,1699,1086,946,552,870,1527,1454,1596,1378,1254,1640,1301,2603,660,1722,1384,1057,828,1227,1833,1767,1532,1082,1193,1321,1552,890,1216,1823,1954,551,2044,2125,1400,1925,1380,1520,1139,1631,1386,1505,1160,1268,1279,1014,885,1155,1130,1242,1272,1767,794,669,1929,891,1693,1652
"COG0036",6130,5939,5596,5080,3636,5876,5455,1691,6225,5041,6171,5820,5383,5979,6056,5864,5614,6017,1740,6655,6292,5641,5344,5608,2141,2639,4326,5310,5400,5839,5812,2098,5233,4899,6447,4918,1992,5537,5708,5512,5413,5403,5645,5571,2034,6767,1802,1422,4683,3079,5956,4617,5825,5016,6646,5620,3233,5876,6016,6109,1730,5666,5638,5934,5953,6208,5000,5676,6030,1662,5375,3886,6019,1456,5027,5559,5067,5560,3784,5463,5290,5994,4935,4754,6535,5594,2368,6037,4539,5825,6162,4788,5796,2156,1715,1572,5646,6149,2413,5755
"COG0037",10535,10491,10611,10017,8490,10277,9921,4950,11042,10168,11809,10893,9797,10959,10678,10939,10110,10388,6739,13003,11123,10906,9728,10898,5155,5554,9184,10311,10682,10935,11613,5694,9683,10404,11569,10106,5775,10883,10650,11234,10648,10709,10742,10175,5638,12215,4139,4682,9472,7348,11041,7418,10321,10034,13372,9200,7880,11278,10686,12138,5500,10150,10685,10450,11032,12139,10874,11526,10102,4003,10621,7183,10952,11695,9709,11014,9422,10628,9107,10722,10082,12172,10609,10714,12800,12461,4856,11361,10772,11473,11667,10025,10422,6909,5081,4983,11340,10768,5239,11482
"COG0038",3123,2412,3018,2714,3870,1762,5023,3444,2208,3153,1227,3660,2854,3026,3235,2575,2997,3559,1062,1151,4696,2369,3821,2156,2677,1931,4633,3606,2652,2551,2455,2817,3934,4252,1959,3548,2737,2503,3781,3573,3056,2663,3647,3878,2821,1042,755,3675,3428,4090,2983,3268,2203,3751,2390,6286,1739,3061,2303,1433,1560,2067,2838,2614,2555,1299,2860,2033,2317,2364,3709,4430,5041,611,4446,4002,5020,3279,4277,3134,2894,3177,4152,2257,492,1289,3345,2046,2331,2053,1357,2930,2171,4637,2115,1389,3164,2326,4306,2778
"COG0039",7241,7806,6530,6281,4661,8029,5866,2907,8022,6472,8783,7314,7171,7288,7075,7281,7329,7058,2057,8030,6360,7867,6091,7483,2825,2443,3731,6716,7994,7226,6742,2251,5873,5909,8321,5736,2386,7418,6904,7048,7357,7057,6812,6690,2148,8848,2274,2552,6501,4096,7536,7281,8005,5948,7610,3983,3494,7287,7655,7174,2089,7136,6745,7354,7641,8016,6711,7808,8231,1828,6858,4913,6050,1316,6079,6569,6118,7033,4384,7033,7476,6970,5955,6113,9055,7969,3686,7333,6192,8065,8144,6142,7976,3233,2763,1839,7159,7516,3013,7543
"COG0040",3554,3452,3960,3488,2840,5028,3608,1869,4041,3806,4450,4128,3816,4186,3574,2985,3601,3775,1380,4373,3570,4531,3473,4022,2055,1704,2959,3354,4448,4296,4476,1951,4207,2842,3885,3529,1752,3290,3536,3810,3655,3882,3712,3810,1808,4562,1279,1656,2989,2697,3313,3292,4879,3661,4587,3285,1774,3882,3599,4440,1443,4183,3830,3523,3928,4150,3341,3915,3477,1317,3680,2778,4010,1034,3269,4039,3038,3889,2996,3224,4826,4153,3685,3284,3381,3610,2561,4159,3391,4147,4147,3301,3661,2211,1851,1214,3883,3944,2502,3801
"COG0041",3605,3573,3404,3307,2399,3950,3785,1247,3518,3078,4122,3904,3387,3689,3512,3435,3489,3808,1168,3825,3970,3861,3326,3355,1260,1375,3052,3108,3716,3909,3189,1934,3793,3254,3682,3199,1389,3477,3602,3506,3691,3363,3560,3821,1622,3927,1120,1231,3164,2104,3760,3325,3982,3328,4197,3212,1919,3744,3844,4289,1135,3934,3419,3537,3744,3664,3371,3616,3626,1006,3380,2515,3905,1062,3186,3663,3134,3905,2514,3475,3748,3865,3137,3203,3642,3477,1381,3298,2929,3520,3738,2900,3724,1674,1329,1122,3823,3519,1620,3815
"COG0042",9101,8635,8671,8264,6937,8321,9860,5868,8033,6954,8111,9347,7030,8335,7284,7991,8001,9265,3670,8234,10233,8677,6865,7745,5046,4492,9685,6091,8585,9126,7319,5832,8750,6822,8183,5551,5876,7699,6238,8868,8670,8050,5943,9321,8088,7468,2711,4743,6325,7039,9222,8654,8184,7527,5322,10853,6519,8889,8803,7709,3733,8903,8182,8582,8968,8510,8278,8000,8116,3659,5360,7912,10569,2535,8487,9536,6565,8323,7229,8856,8532,6451,5703,8025,7457,7593,4897,7152,6232,7518,8402,6356,8515,8110,4968,3711,8771,6341,8461,8468
"COG0043",3585,1586,2126,1713,5437,371,2112,2612,5313,6788,468,1014,10676,6444,6360,5504,3203,1129,1665,2948,5515,845,7309,1819,1311,2303,6395,7420,938,1176,8703,3605,6014,8398,5365,7964,2659,3668,7804,1770,2870,5516,9603,1454,3373,4692,861,2332,6924,4583,2386,3212,878,6300,11259,3735,3147,1778,3457,568,1913,1276,1556,1329,2668,3432,1769,2991,4515,1148,8194,4844,4640,1475,2283,1106,6924,2993,6537,4338,1615,9603,8356,1687,1526,3543,628,8736,7431,9102,3816,6933,1164,2640,835,1983,1400,10158,4758,3209
"COG0044",12682,14023,13007,11664,9036,15204,10513,6642,14828,14114,15800,12821,13091,13353,14253,13605,13936,12382,4231,15711,12693,14989,12452,14233,5584,4705,9122,13814,14797,14003,11644,3698,11255,10786,15301,14169,2771,12980,14792,12991,13985,12142,14618,12536,3478,15584,4647,7720,14396,7540,13191,11498,14542,10880,15246,8546,6568,13491,14815,15813,3740,13988,13213,13452,14975,15093,13608,14660,15348,3119,15445,9259,12132,3542,11082,12882,14236,14025,9489,13209,13959,13679,12871,12016,15772,13903,8594,13895,13319,13606,15114,14188,13993,7207,7619,3076,12908,15311,1759,15121
"COG0045",10326,11972,9266,9772,7025,11341,7770,3399,11129,8175,12732,9689,10008,10029,10418,9361,9930,10032,3301,12350,8635,10786,9629,10202,3749,3465,4965,10353,10416,10627,9519,3189,8010,8395,11391,8923,3185,10000,10429,9792,10139,9023,10445,9363,3166,12505,3169,3273,9853,5923,10318,8831,11714,8109,12633,5349,3815,9901,11343,12390,2897,10285,9561,11491,10881,11544,8844,11051,11590,2353,10264,7087,8412,2257,8396,9322,9239,9769,6820,9918,9984,10960,9747,9032,13165,11175,4474,9562,7461,10875,11784,7840,12196,4062,3580,2817,9583,9917,3407,10875
"COG0046",17160,18365,16444,15837,12948,20040,17287,7164,17455,17581,18444,19191,15823,16830,18515,17581,16483,17505,5971,18141,19554,19394,16622,17144,7719,6430,14297,16568,18816,19267,15071,8986,16771,16688,18299,15474,7332,16084,18146,17240,17698,16117,18497,17130,8710,18394,5684,5495,16571,11867,18172,16754,19763,14917,19727,15442,12018,17441,19202,19878,5352,18253,16819,18773,18087,18217,16648,17629,16804,5477,16831,13615,17809,4789,15303,16121,16132,17629,13699,18158,17405,18646,16286,17122,18446,17395,8307,15743,18084,16818,18636,17981,19248,10597,6605,5246,17657,16967,10121,18459
"COG0047",7924,9981,7203,8384,7520,9354,7688,4201,8269,7288,8432,8598,6698,7315,8940,7602,7079,8230,3803,9104,8145,9441,8626,7712,4087,3274,7282,8362,9988,9028,7018,6592,7395,7419,8561,7225,5551,6914,8636,7230,8174,7662,8695,8083,5556,8615,2746,2199,8292,7825,8826,7869,9050,6842,8933,6844,5676,7955,9832,9753,3422,9354,8450,10130,8483,9253,9740,7968,6999,3383,7647,8482,7367,2517,6076,7207,7766,7629,9092,9031,8046,9110,8333,9896,9779,9106,3038,6812,7157,7719,9191,7728,9615,7905,3136,3027,8244,7225,8846,8124
"COG0048",3039,2912,2611,2866,2063,3002,2740,1050,2983,2448,3116,3013,2727,2927,3030,3032,2745,2907,1050,3124,3243,3206,2729,2656,1224,1259,2369,2613,2931,2869,2614,1407,2759,2917,3496,2568,1293,3069,2883,2758,3272,2771,3019,3019,1723,3273,1065,907,2377,1761,3176,3077,2993,2608,3798,2783,2788,2772,2917,3106,1055,2909,2738,2893,3215,2978,3344,2951,3160,1025,2835,2003,3359,752,2526,2916,2623,3072,1844,2841,2676,3216,2737,2434,3165,3026,1610,2714,2380,2843,3120,2513,2951,1639,1098,938,2738,2900,1457,3078
"COG0049",3799,3599,3248,3379,2604,3654,3286,1263,3685,3064,3477,3262,3557,3554,3733,3665,3385,3506,1179,3712,3802,3581,3516,3180,1298,1563,2998,3699,3461,3517,3459,1535,3230,3636,3993,3487,1430,3476,3809,3316,3644,3559,4043,3665,2061,3885,1418,1095,3350,2081,3754,3391,3626,3231,4871,3237,3195,3435,3701,3728,1268,3457,3305,3569,3718,3771,4071,3505,3849,1038,3725,2633,4159,850,3210,3402,3425,3655,2593,3339,3069,4224,3533,3498,3859,3492,1546,3662,3108,3736,3733,3280,3484,1034,1233,1065,3314,3850,1600,3799
"COG0050",9752,9674,8639,9931,6826,10629,9936,5706,8834,10531,9729,10284,8391,8929,8840,8439,8730,9843,3684,7702,8433,10508,8828,8973,5149,4113,8524,8132,9891,9844,7832,5268,8851,6578,9423,6990,5286,7953,8357,9053,8991,8116,7749,9985,7654,9112,2995,4716,8676,7091,9637,12347,10358,8394,6787,8590,6133,9188,8901,9096,3764,9779,9772,9746,9408,8370,11066,9692,9244,3469,7658,7876,9080,2438,8915,9402,8338,9785,6733,8161,8999,7778,7053,8895,9811,10142,5295,8053,9831,8946,9094,9747,9890,5052,5076,3476,8893,8010,6927,9995
"COG0051",2564,2485,2242,2221,1570,2375,2068,980,2343,1810,2477,2405,2125,2323,2186,2153,2267,2291,803,2267,2472,2451,2032,2211,885,1038,1875,1960,2418,2324,2096,1151,2336,2001,2462,1844,1015,2157,2177,2181,2322,2254,2167,2518,1468,2376,795,932,1924,1290,2699,2258,2246,2049,2314,2428,2199,2202,2517,2354,758,2232,2342,2607,2419,2288,2554,2217,2329,753,2017,1656,2528,584,2036,2287,1743,2367,1500,2208,2279,2212,1938,2341,2506,2260,1372,2126,1794,2419,2256,1798,2521,1175,877,796,2231,2147,1258,2399
"COG0052",6315,6111,5434,6004,3948,6310,6032,2423,6113,5267,6055,5942,5487,5836,5672,5899,5814,5754,2005,6499,5915,6548,4907,5452,2385,2507,4531,5411,6248,6325,5470,2306,5801,5175,6432,5027,2090,5609,5503,5564,5850,5922,5437,6148,3216,6366,2145,2190,5144,3393,6335,5375,6456,5385,6277,5584,4814,5969,6328,6102,2029,6039,5993,5992,6559,6373,6887,5744,5999,1825,5478,4180,6270,1489,4934,5919,5075,5994,4101,5712,5743,5583,5166,6192,6561,6120,3118,5822,5556,5901,6567,5125,6045,2888,2352,1743,5821,5667,2379,6306
"COG0053",1104,599,1043,1446,2482,259,707,2049,1124,4021,850,447,1042,761,2915,1006,1599,681,838,922,745,602,4121,989,2385,1143,840,2956,588,265,1059,1235,943,2898,1080,2821,772,1138,3555,981,818,974,3407,733,1666,980,614,1336,3769,1791,673,829,322,729,2059,1237,1457,876,758,812,1085,305,1586,657,818,984,578,988,1412,991,2913,2565,922,706,1303,697,3820,877,2135,442,866,3673,3232,1338,1441,913,3137,1212,3284,867,1044,3676,498,2688,1693,934,852,1555,1280,760
"COG0054",996,913,977,893,718,1002,1045,392,1030,658,956,1171,923,922,816,852,906,1048,407,1005,1109,1049,710,920,388,381,930,781,1079,1059,900,460,966,739,933,702,386,934,738,1035,989,929,797,992,639,1038,293,402,747,564,2961,2633,3207,2777,2772,2759,863,3017,2858,3356,1131,2824,3019,3037,2942,2831,3232,2709,2689,999,2199,1898,3235,899,2879,3105,2403,3032,2154,2932,2880,2402,2141,2967,3118,2659,1396,2672,1603,2883,2823,1907,2861,2211,1201,930,3133,2580,1288,2977
"COG0055",12436,12337,10794,10983,5907,13075,12032,4066,10563,9545,13405,13258,9073,10557,9682,10110,11087,12816,3711,10528,10385,13396,8998,11155,3782,4656,8138,7749,12071,12517,8199,4123,10581,5829,11754,6359,4234,10581,8596,11726,11603,10101,7420,12506,4805,11659,3458,3343,8097,5893,12120,13479,13345,9030,7655,10462,5047,11918,11854,13246,3484,11551,11598,12359,12334,10992,12735,11886,11711,3361,7420,7659,11471,2356,10665,12102,7703,11768,5569,10504,11255,8122,7084,9641,13297,11268,4808,9080,8181,10358,11763,8231,12898,4538,3737,3466,11685,8542,4779,12369
"COG0056",13785,13852,11996,11989,7113,14646,13725,4363,11799,10458,14956,14802,10285,11807,10723,11096,12302,14361,4051,12216,11722,14428,10019,12412,4561,5402,8867,8738,13364,14530,8928,4671,11515,7048,13279,7244,4917,11431,9605,13450,13102,11640,8005,14526,5487,12783,3767,4228,8944,6631,13442,14322,14832,10391,8416,11601,6004,13764,13399,14887,3978,12788,13184,13837,13880,12840,15349,13142,12911,3840,8202,8399,13223,2621,12064,13703,8555,13236,6289,11445,12405,8915,7843,10836,13803,12605,5479,9819,9060,11404,13270,9221,14506,5220,4239,3771,13006,9090,5539,13429
"COG0057",3492,3441,3347,3892,2951,3547,4099,2182,3316,2958,3871,4162,3028,3450,3136,3432,3628,3314,1962,3308,3505,3704,2927,3486,1782,2069,3481,2633,3574,3476,2939,3341,3851,3027,3458,2710,2512,3243,2802,3475,3587,3326,2803,3438,2981,3402,1217,1567,2471,2900,10662,12049,10350,9884,9761,11508,8254,10656,10364,10297,6691,10558,11981,10890,11013,9565,11039,10057,10414,4561,8105,8649,10268,11902,9738,11645,8127,10790,9034,9901,11154,8544,8706,12082,10611,9471,5794,8676,8925,9059,9701,8889,10635,9660,5077,5430,10987,8697,9112,10977
"COG0058",3611,2807,5605,812,3102,2164,7056,1930,1557,2378,1926,4709,2033,3154,2508,3222,5268,5277,12793,1156,5675,2706,2001,4119,2806,7915,6676,2018,1740,3752,1449,4228,5018,1751,1808,2902,8934,9458,1817,7455,3845,2588,2456,4043,2627,902,21403,253,1913,4430,3907,4596,2625,3700,1528,8334,2779,6109,2194,2181,14891,2579,4134,2997,3388,959,303,3764,5505,6116,1984,4034,6173,3123,8247,4471,2980,4391,3477,3348,2165,1582,2061,498,660,1702,4853,979,2965,1176,1120,3070,2449,1558,2064,4166,4564,805,5405,3269
"COG0059",7467,7801,7108,6160,5006,8597,7882,3074,7441,5361,8252,8237,6408,7288,6838,6202,7151,7990,2692,7489,6717,8535,6275,7204,2880,3417,5536,6159,8167,8191,6120,3845,7636,5644,7171,6169,3614,6503,6443,7667,7446,6537,6477,7353,4039,7935,2367,2595,5285,5021,6932,8117,8509,6268,8292,6144,3229,7775,7801,7941,2484,7912,7882,7926,7904,7129,6501,7408,7215,2290,6374,5577,7117,1679,6663,7713,5879,7176,5743,6954,7631,7026,6237,6536,7959,6769,3690,6679,4731,7016,7393,5004,7901,3570,2748,2517,7482,6582,4827,7705
"COG0060",22841,23190,21670,19571,13910,23349,20693,7917,22515,19229,23533,22625,20726,22101,22132,22983,22596,22785,6588,24450,22669,23122,19117,21718,7905,8311,17378,19366,21788,23403,20147,7596,20306,19902,23557,19205,7148,21923,21146,22512,21971,21344,21294,21108,10462,24646,8200,7221,18186,11934,23397,18727,23776,19825,24300,19866,18512,23422,23569,24433,6282,22327,22830,23343,23078,23870,20203,22753,23640,6313,20862,13779,22219,4831,19943,21781,18311,23514,14816,22112,20595,21998,18645,20992,24619,22775,10132,20553,20002,21852,23853,19202,23466,9718,7378,5929,22199,21854,7967,23773
"COG0061",7060,6705,6486,5361,4550,7047,7621,2112,6301,5265,6576,7474,5877,6845,7012,6106,6325,7210,2049,7281,7715,6691,6213,5977,2423,2982,6388,6212,6375,7624,6490,2678,7392,8092,6490,6642,2160,6097,6844,6922,6583,6045,7329,6601,3176,6914,1989,2042,5321,3543,7146,5179,7143,6021,9780,7743,3184,7067,6680,6453,1972,6449,6466,6783,7054,6178,5745,6267,6329,1913,7173,4508,7954,1562,6320,7090,5634,7423,5082,6423,6082,7993,6897,6185,6652,6255,2966,6428,5508,6851,6200,5657,6413,2803,2170,1580,7033,6854,2591,7199
"COG0062",3488,2163,3074,1116,4900,1750,4969,3203,3416,7826,1916,3678,4779,3997,5473,3981,3287,4085,1561,3155,4520,2267,6369,2133,3390,1959,5579,6375,2133,2906,5229,3139,4713,4879,3052,5904,2887,3760,6940,3666,3100,4139,6338,3419,3755,3462,957,2741,6140,4741,3208,2565,2374,5012,5889,5379,4179,3579,2683,2444,1694,2059,2824,2233,3006,2565,1082,3659,4070,1800,6471,5144,4138,1260,3391,3385,5741,4279,5347,3408,2037,6845,6235,1133,2187,3989,3013,5311,6912,3758,2526,7046,1710,3170,2717,1133,3253,5566,4263,3536
"COG0063",4352,3206,3573,1954,5450,3367,5989,3472,3990,8069,3040,4909,5536,4790,6220,4643,3898,5014,1694,3929,5031,3153,6954,2904,3649,2128,6413,7241,3041,4242,6341,3411,5190,5486,3786,6543,3062,4330,7794,4396,3800,5270,7188,4308,3964,4390,1208,3196,6925,5059,4152,3058,3764,5856,6966,6169,4526,4510,3416,3404,1997,3098,3785,3412,3629,3116,1410,4739,4816,2117,7422,5429,4769,1493,3905,4251,6520,5565,5780,4023,2581,7542,6905,1948,2811,5367,3971,6736,7575,4755,3150,7380,2988,4263,3097,1630,4072,7237,4363,4627
"COG0064",10255,9923,9773,7803,5063,10549,10168,3669,8801,7312,11745,10904,8021,9669,8528,8088,9511,11023,2863,10007,8908,10614,7327,9961,3894,3702,6977,7617,9462,10603,7537,2595,9595,7543,9041,7948,1840,8567,8221,10868,9252,8832,8369,9981,3521,10186,2935,2547,7265,3838,9711,7989,10923,7928,10096,8853,5449,10521,8813,11852,2317,9519,10463,10288,9769,9845,7075,10052,9241,2518,8392,5361,9874,2142,9614,10770,7206,10386,5200,8007,9668,8759,7177,7437,10355,9093,4699,8049,7076,9038,9662,6677,9997,4578,3967,2256,10962,7690,776,10283
"COG0065",11806,12118,11950,10051,6418,13169,12348,3660,12941,9119,13381,12986,12459,12485,10645,10306,12592,12666,3682,12087,11409,12227,9143,12665,4175,4540,8184,9660,11450,12469,10660,3519,11605,7711,12932,9283,3140,11707,10074,12281,11929,10044,10398,11255,4051,13677,3647,3445,9194,5700,11291,12721,13372,9764,12217,8733,3551,12228,12666,12907,3416,11495,11456,12266,12438,11792,10438,11654,12298,2782,10247,7046,11248,2772,11756,11567,9484,11498,7109,11172,11568,10383,9132,8931,12189,9830,5435,12333,8226,13385,12052,8072,12422,6379,4522,3218,12269,12098,3909,12079
"COG0066",5122,5517,5687,4576,3141,5398,4959,1577,6016,3911,5635,5203,6446,5930,4960,5584,5956,5519,1793,6112,5832,4873,3984,5847,1843,2008,4079,4427,4722,5450,5343,1719,4775,2931,6338,3968,1639,5822,4621,5427,5376,5435,4561,5074,1918,6068,1733,1298,4512,2905,5560,4242,5641,4972,4828,3898,1767,5687,6052,4694,1573,5012,5214,5416,5833,6304,4906,5482,5583,1379,4376,3187,5460,1304,5163,5234,4156,5025,3196,5794,4995,4578,4114,4555,5363,4683,2131,5366,3892,5896,6258,3574,5357,2817,1937,1515,5553,6266,1976,5078
"COG0067",22797,24384,25183,19308,13274,26458,25608,10649,21670,19585,30455,26827,18585,21950,19273,15688,25764,26007,8571,23399,22051,30055,16766,27135,12485,10550,13331,15833,27461,26731,16905,9525,23597,8905,21608,14532,9454,19191,16383,26461,25037,21191,14554,24349,8841,24894,8488,7363,15958,14197,20225,24966,25767,19045,15341,16606,8561,26548,23725,29917,7068,24614,27214,25762,25805,23483,20392,21393,17010,7009,15102,14386,23169,5502,25608,26342,17266,21040,13766,19988,26011,15991,14508,18618,24991,20574,15272,17604,14201,20423,23653,15035,24405,13587,11999,7392,26969,15277,11432,21785
"COG0068",53,237,61,64,1627,68,152,2185,48,399,33,171,102,67,288,86,35,98,451,58,63,49,651,57,1335,564,980,491,80,39,469,1814,61,546,20,280,2274,66,230,90,374,304,234,398,1299,21,82,1605,102,3786,81,974,41,482,345,512,1469,58,68,97,471,46,89,23,36,11,24,165,177,677,182,1923,141,158,29,349,56,63,1934,221,119,563,272,44,18,349,1493,398,1323,85,19,739,15,2329,1553,315,54,108,5020,22
"COG0069",31097,34213,33313,27464,19727,37158,34800,16049,30204,28061,40383,35893,25478,29488,27967,23260,33162,36941,12026,31573,28092,38036,26428,35123,19051,13412,21450,24308,35994,36779,22795,13284,31860,15357,29537,21725,13447,26836,25644,35151,32621,29170,22393,33002,12517,32169,10635,13132,24251,20827,28816,35424,36231,24847,22911,23163,12885,34746,33319,39049,10647,35170,34532,34212,34101,31899,32235,30382,27079,9852,22908,22174,29959,7554,32991,35729,25900,30112,20212,27567,34679,24332,22943,24855,32904,27737,20674,25085,21405,26962,32332,23060,33877,21313,16887,10279,35874,23168,15904,32183
"COG0070",20338,21456,22897,17558,11587,23176,23069,10414,19800,17328,28210,24199,18522,20927,16020,14251,23857,23387,8263,21553,20960,28995,13738,24183,12418,9497,13131,12902,26872,24115,15362,8887,21873,7488,21041,11673,9634,18050,13298,24192,23595,20163,11910,21582,7947,22962,7840,6750,13020,12991,17612,24914,22609,17760,12947,13564,7240,24273,22573,27030,6838,23524,24550,23261,24279,21219,19284,20034,15876,6519,12558,12183,21816,5032,23168,24015,13546,19068,12038,18322,24408,13296,11855,17216,22498,19361,15504,15933,11997,18410,21909,12810,21218,13107,11657,7006,24399,13033,11265,19746
"COG0071",4349,5799,12013,5199,3254,4100,5949,16538,3938,4555,6183,4514,3961,4220,5298,8810,6415,6495,36751,4106,2967,5194,3622,9926,15103,34285,3091,3538,4516,3721,3579,32424,5403,4558,3911,4210,22033,13565,4265,8156,6324,4662,4458,5535,20620,5031,80197,19674,2953,2595,1355,2757,1324,1098,2205,1025,11881,2625,1407,1961,15050,1906,2784,1820,1657,1313,729,2378,2421,14958,1500,1169,1293,13101,5004,1789,1101,1566,1017,1271,1537,1679,1347,1563,1572,1621,3985,1472,1319,1444,1268,1373,2214,1579,7085,13297,2773,1304,1155,1654
"COG0072",16554,17059,16563,13929,9072,18769,15903,5775,16618,13223,18734,17901,14898,16315,14513,16513,17053,17810,5088,19518,16661,17815,11829,16809,6970,6492,12896,12249,17478,18708,14640,5449,16256,12783,17352,11560,5018,15584,13082,17454,16071,16209,12968,16679,6891,18291,5930,5026,12149,7973,17028,12755,18445,15000,14616,14607,10750,18409,17196,19285,4872,17093,17702,16997,17806,17841,14365,17180,16934,4800,12897,10054,16647,3768,14378,17784,11767,17389,9709,16149,17063,13410,11817,14802,18881,17257,7505,15067,12177,16047,17374,12116,16945,8563,5968,4324,17923,15235,5784,18156
"COG0073",14271,14336,12865,14288,10420,12424,12487,6496,13484,12448,13668,13155,12393,12900,12215,13328,14316,13610,6132,15089,14316,15732,10300,12867,8548,6456,10534,10452,15615,12686,11678,7365,14375,13021,13913,10149,6810,12656,10894,13542,13266,14510,10386,12295,8166,13863,4658,4561,10850,9386,14276,13188,11838,12249,10038,12511,8461,14223,14713,14405,5499,14349,14598,14686,14000,14164,14099,13135,12984,5058,10507,9922,13936,4630,12187,13662,11616,13019,11317,14220,14849,9938,10693,15548,16891,14396,7694,11467,9433,13034,14087,11270,13493,12131,7016,5658,13592,11091,8580,13734
"COG0074",7631,8572,6621,6940,5859,8445,6026,2351,8342,6605,9276,7150,7518,7233,8066,7221,7466,7387,2405,8172,6446,8066,8047,7259,2567,2472,3599,9182,7622,7569,7543,2627,6093,7958,8438,8467,2223,7218,8824,7011,7531,7507,9771,6689,2849,9331,2536,2210,8794,5067,7437,7501,8562,5807,11059,3736,3035,7277,8253,7340,2063,7568,6964,8282,7908,7605,6538,8292,8631,1615,9913,5757,6029,1689,6363,6327,8201,7297,6168,7071,6889,9077,8622,6218,9523,8446,3025,7862,6501,8726,8055,6537,8550,2889,2634,2047,7120,8123,2161,8263
"COG0075",7165,6265,6557,5555,7408,5593,9381,2364,5622,6248,4026,7622,7866,7110,7247,4990,6111,7275,2941,4148,8124,5530,7878,5310,1751,3584,8362,9462,5823,6680,6920,3918,8587,7693,4750,9799,3445,4348,8893,6387,5694,5149,10439,6436,2594,5155,1404,3091,9311,7088,6533,6833,5804,8113,9565,9569,3036,6296,5768,4078,1793,6171,5502,7171,6033,3966,4281,4809,4597,2991,10123,7289,8439,1604,7846,7397,12953,6431,7652,7104,6462,8451,8491,4617,3366,4729,2054,7261,7150,7275,4329,7424,5920,4730,2270,1747,6577,8039,5266,6038
"COG0076",3192,2684,2910,3297,4047,1514,4673,4735,2437,4246,1407,3407,2900,2756,3592,3030,2720,3367,1522,2855,4676,1744,4692,1683,2910,4354,5180,4218,1668,2498,2988,2538,3623,2973,2657,3741,3121,3194,4227,2733,2926,2976,4659,3324,1741,1868,869,4072,5257,4538,3578,3234,1718,3884,3667,5639,3110,3162,2349,1916,2149,2408,2751,2820,3005,1847,3970,2374,2891,1866,3849,5364,4405,3912,3041,3188,4613,3214,3769,3118,1769,4666,4322,3426,2842,2557,3249,2995,4678,2495,1891,3776,2116,1846,3901,1720,3146,3215,4642,2825
"COG0077",6102,6766,6287,5304,4061,8038,6001,2565,6509,4872,7714,6914,4898,6119,5744,5296,6429,6595,2195,7415,6117,7176,5269,6570,2495,2686,4552,5249,7478,7707,5509,2730,6094,4102,6252,4707,2990,5626,5357,6752,6515,5966,5015,6328,3478,7080,2135,2383,4639,4081,6222,5580,8079,5235,6171,5350,2251,6594,6720,6753,2220,7241,6779,6743,6966,6791,5813,6594,5846,1756,5220,4302,6504,1593,5802,6904,4614,6635,4671,5760,7354,5862,4912,5620,7391,6218,2889,5815,4120,5966,6738,4326,6723,3076,2380,1839,6565,5501,3549,6745
"COG0078",5455,4896,5574,4884,4397,6441,5579,2628,6165,5973,6175,5811,6192,5915,6153,5675,5881,5463,2330,6418,5612,6311,5671,5850,2951,2491,5511,6372,5999,6371,6309,3034,5612,5283,5860,6432,2683,5375,7064,5539,5277,5995,6675,5144,3118,6573,1778,2127,5696,4045,5067,4829,6443,5647,7952,4989,3380,5723,5483,5736,2058,5653,5471,4924,5820,6036,4759,5747,5647,2043,6961,4415,5414,1726,4844,5420,5390,6250,4659,5220,6331,6522,6218,4210,5420,6281,3450,6262,5652,5923,5886,5876,5250,3208,3240,1904,5307,6814,2959,6068
"COG0079",9428,9260,10778,8944,9662,12006,11989,6347,9983,12010,10877,12125,9499,11358,10804,8801,9541,11724,13150,11593,11312,10890,10773,10475,8284,7153,10832,10606,9998,12292,10452,7890,11709,10340,9350,11028,7885,9197,11178,11953,9993,9283,11519,11395,7063,10947,11742,6042,10381,9606,9802,7930,12052,11104,13002,10986,9135,11441,9663,11670,8184,10837,10328,9669,10094,10464,8604,9755,9231,7031,11390,10323,11797,4898,10825,11977,10511,11768,10845,9028,11823,12334,10370,8541,8654,9583,8939,10363,12707,10139,10072,12587,9327,8510,7199,7060,11874,10388,8912,10437
"COG0080",3178,2934,3017,2817,2246,3313,3326,1118,2949,2873,3207,3073,3004,3157,3077,3062,3248,3046,1242,2909,3162,3513,2999,2819,1146,1362,2535,2926,3420,3237,2801,1500,3060,3119,3347,2916,1432,2924,3233,3022,2962,3066,3184,3210,2037,3247,1091,1095,2770,1948,3234,2746,3395,2789,3938,2968,3501,2864,3154,3309,1130,2956,2950,3218,3066,3004,2715,3112,3004,1110,3098,2362,3196,1072,2922,3028,2804,3026,2361,2829,2942,3463,2936,2741,3310,3124,1210,2998,2930,2992,2969,2896,2985,1500,1113,1035,2997,2931,1547,3160
"COG0081",5244,5178,5024,4810,3589,5486,5626,2098,5316,4528,5411,5470,5341,5438,5338,5273,5207,5437,1743,5629,5367,5767,4866,4830,2252,2080,4207,4958,5428,5550,4838,2222,5081,4868,5549,4784,2160,5211,5396,5356,5184,5286,5057,5154,3132,5769,1874,1927,4574,3185,5389,5291,5572,4718,6012,4679,4582,5360,5498,5544,1790,5068,5443,5209,5514,5124,4548,5217,5580,1760,5053,3667,5418,1330,5133,5377,4415,5290,3735,4996,4904,5699,4781,4763,5623,5331,2273,5119,4543,5142,5272,4468,5103,2723,2110,1503,5364,5101,2447,5468
"COG0082",8798,9157,8647,6710,4452,9365,9050,2855,8404,6026,9868,9287,7773,8154,7258,7439,8752,9206,2657,8665,8322,8904,6021,8549,2754,3377,5731,6249,8521,8938,6840,2679,8033,5563,8699,5784,2637,8308,6457,9001,8598,6699,6373,8383,2909,9227,2699,2728,5810,4147,9065,7954,9287,6869,7567,7702,2745,9216,8737,10002,2308,8404,8609,9441,8671,8265,6873,8704,8677,2256,6425,5044,8076,1877,7996,8601,6185,8511,4722,8103,7853,6490,5846,6410,9582,8096,3264,7114,4930,8413,8769,5212,9132,3590,2642,2257,9188,7246,3017,8893
"COG0083",577,468,505,255,659,303,792,32,447,331,233,611,601,541,594,412,343,638,140,485,731,477,570,248,92,393,833,788,439,514,787,413,729,1036,394,845,417,302,677,435,495,469,944,460,285,599,142,96,572,580,1852,1719,1021,2175,4051,3516,1268,1506,1623,737,724,1340,1397,1407,1541,815,1349,1132,1278,861,2761,1859,2232,298,1432,1687,1904,2092,2280,1393,910,2860,2682,1221,988,1199,1329,2404,1308,1901,942,1649,1312,115,393,662,1157,2643,2511,1627
"COG0084",5528,5722,5381,5339,5438,5843,4854,2360,5489,4966,5913,5304,4525,5131,5544,5229,4965,5521,2985,6475,5331,5891,5819,5131,2786,3093,5907,5183,5697,5852,5665,4314,5264,6440,5141,5049,4477,4835,5588,5412,5428,5984,5325,4870,5177,5924,2014,2209,5097,5287,5661,4893,5716,5074,6016,5515,4903,5334,5464,6131,3004,5667,5597,5574,5579,5681,5504,5708,5192,2620,5118,5246,5580,2205,4677,5218,4862,5688,5493,5075,5357,6050,5337,5946,6251,6022,2874,5168,5315,5274,5711,5106,5579,4241,2540,2565,5467,4862,5598,5826
"COG0085",30096,28808,28921,36933,18399,32616,27035,11295,28256,24173,34208,30261,26150,28279,27154,30872,27888,29314,16551,30795,27502,33471,24278,29047,12301,16040,21754,24617,32510,31434,25174,12061,27103,24888,32577,23224,13861,27459,26646,29506,29588,28434,26151,29962,15707,32875,11934,10952,23408,15893,29852,31201,32992,25383,30381,23655,23762,28023,30944,34119,13295,32223,29674,30421,31715,31398,29872,29857,31884,9286,25310,18884,31489,11331,26134,29471,24507,29721,18272,27076,29697,27371,23572,33641,33067,30306,14133,27064,24506,28601,32095,24056,32333,14234,10982,13362,28050,27546,13194,30528
"COG0086",35251,32399,32548,36742,17911,34516,33185,11904,30662,25458,35624,35143,27363,31500,27397,34102,32164,34185,18006,33266,34911,35190,23352,31359,12079,18626,27100,22465,33522,35148,25553,11029,32349,20211,35821,20081,13688,32133,24518,33065,33948,31414,23595,35047,14946,32997,15688,10522,23807,15607,34343,36091,35084,28468,23767,32300,25106,32479,34816,35106,12399,34985,33225,34521,36189,33316,35166,32066,35204,11597,22196,19816,38958,10108,31042,34317,23915,34200,17284,31474,30226,24367,21101,33525,34385,31831,14661,27840,25168,29214,34211,23828,36146,14303,11219,13850,31148,27111,13741,34321
"COG0087",5461,5086,5034,4774,3639,5232,5542,2012,5605,4339,5550,5443,5367,5522,5216,5460,5361,5358,1759,5645,5597,5357,4796,4899,2255,2109,4279,4858,5188,5182,4894,2197,4849,5527,5869,5125,1957,5319,5380,5541,5200,5237,5622,5751,2859,5903,2085,1947,4501,2907,5555,4822,5455,4709,6545,4718,5084,5521,5545,5582,1728,4852,5065,5041,5588,5151,5151,5301,5350,1648,5360,3665,5636,1286,5055,5106,4659,5211,3676,5022,4740,5960,4864,4566,5511,5347,2625,5354,4641,5232,5502,4588,5020,2210,1982,1502,5335,5395,2296,5455
"COG0088",4424,4315,4526,4044,3247,4649,4872,1550,4719,3638,4895,4580,4756,4655,4345,4804,4780,4686,1439,5149,4689,4568,3837,4285,1595,1874,3744,4083,4708,4739,4303,1779,4245,4082,4844,4077,1636,4540,4333,4660,4612,4408,4601,4634,2466,5248,1832,1242,4229,2584,4680,3891,4745,4379,5349,3995,4393,4854,4745,4355,1460,4333,4595,4535,4703,4875,4056,4665,4523,1392,4411,3098,4716,1157,4462,4617,3941,4591,3124,4308,4242,4789,4151,4242,4923,4557,1778,4371,3874,4648,4888,3755,4422,1740,1533,1267,4780,4634,1866,4700
"COG0089",1947,2009,1895,2019,1468,1939,1782,566,1963,1721,2128,1869,1855,2156,2001,1999,2099,1964,691,2452,2232,1845,1631,1959,567,838,1581,1839,1919,1847,1746,785,1772,1842,2175,1839,664,1942,1847,1966,1961,1731,1922,2088,929,2268,734,405,1908,1084,2138,1686,1932,1926,2108,1837,1433,1984,2134,2571,653,1876,1983,2008,2150,2318,2291,2026,1857,645,1902,1478,2355,493,1827,2006,1816,2018,1379,1973,1890,2024,1766,2025,2133,1937,648,1723,1852,1896,2182,1663,1951,792,548,581,1884,1905,890,1976
"COG0090",6692,6454,6055,5835,3995,6942,7285,2049,6405,5006,7044,7081,5838,6221,6114,6158,6445,6977,2150,5810,6307,6728,5345,5886,2186,2594,4908,5239,6507,6733,5170,2630,6112,5571,6979,5115,2459,6000,5791,6778,6402,5926,6181,6887,2986,6773,2308,1822,5048,3345,6643,6850,6819,5251,7173,5573,4793,6833,6701,5823,2018,6138,6643,6659,6831,5878,6389,6234,6350,1907,5650,4302,6987,4635,6462,6278,5183,6726,3829,5754,5694,6061,5470,5291,6637,6214,2648,5927,5149,6214,6272,5278,6433,2707,2022,1830,6690,5770,2651,6708
"COG0091",2804,2787,2607,2531,1766,2894,2774,919,2851,2198,2928,2736,2551,2796,2777,2845,2829,2846,906,3013,2923,2953,2286,2542,790,1080,2201,2442,2877,2930,2386,1083,2675,2552,3079,2491,1053,2903,2660,2790,2814,2742,2763,2975,1459,2998,1023,832,2271,1479,2919,2682,3055,2597,3210,2391,2709,2835,2882,3041,863,2777,2645,2815,2821,3055,2849,2897,2946,752,2623,1871,3036,588,2624,2715,2296,2876,1803,2775,2552,2760,2429,2450,3034,2848,1005,2509,2559,2880,2960,2325,2713,961,833,788,2768,2584,1270,2973
"COG0092",5827,5443,5028,5052,3365,5285,5501,1806,5437,4226,5680,5412,5126,5281,4933,5450,5385,5664,1732,5489,5635,5644,4212,4839,1912,2228,4591,4428,5391,5324,4609,1941,4933,4322,5966,4198,1912,5295,4735,5429,5542,5062,4831,5403,2530,6000,2149,1731,4316,2787,5540,5463,5401,4675,5463,5161,4349,5455,5619,5449,1651,5114,5568,5491,5883,5771,5618,5455,5656,1558,4721,3662,6028,1260,5325,5357,4101,5728,3133,5079,4924,4798,4407,5113,5941,5267,2198,5028,4493,5383,5710,4197,5507,2251,1833,1524,5428,5061,2347,5783
"COG0093",2743,2746,2498,2669,1680,2867,2862,839,2742,2139,2894,2844,2483,2868,2546,2724,2588,2900,891,2732,2835,2994,2231,2461,782,1092,2163,2358,2848,2870,2390,1158,2642,2461,2980,2366,1082,2660,2467,2783,2929,2585,2525,2945,1289,2943,1016,674,2277,1509,2973,3002,2957,2389,2879,2376,2348,2636,2961,2764,916,2643,2554,2904,3057,2826,2964,2711,2718,903,2387,1862,3227,619,2585,2842,2374,2871,1612,2618,2662,2534,2329,2358,2850,2636,954,2642,2238,2687,2957,2161,2781,1087,793,787,2743,2601,1312,2918
"COG0094",4378,4325,3975,4205,2886,4681,4030,1370,4286,3681,4375,4171,3981,4355,4176,4411,4248,4223,1411,4748,4481,4519,3617,3998,1478,1764,3389,3808,4434,4394,3969,1708,3770,3383,4631,3803,1745,3912,3936,4310,4345,4246,4109,4603,1902,4581,1618,1201,4040,2362,4387,3661,4452,4068,4515,3798,3749,4240,4550,3789,1354,4282,4219,4248,4680,4660,4486,4187,4560,1264,4044,2942,4810,1043,3986,4475,3669,4493,2820,3963,4099,4275,3601,4057,4709,4320,1746,4086,4271,4188,4732,3667,4248,1759,1438,1317,4040,4280,1928,4432
"COG0095",1072,604,981,293,919,502,1762,635,587,2306,390,1146,749,1037,1299,865,947,1148,68,335,1274,662,1108,591,226,482,2152,1205,463,899,938,329,1650,1205,481,1178,107,290,1608,1133,723,906,1596,1210,277,235,118,773,1047,432,1032,514,589,1215,1679,2469,2153,1128,589,562,206,700,1038,773,823,215,76,564,632,395,1454,1680,1520,56,1117,1301,1485,1412,704,984,643,1338,1341,393,30,392,1314,889,4032,640,255,2790,516,544,382,244,1066,1233,981,1023
"COG0096",3148,3085,2840,2801,2173,3369,2953,965,3008,2610,3008,3160,2730,3035,3011,3139,3004,3083,989,3076,3141,3103,2666,2728,777,1291,2598,2587,2967,3120,2815,1202,2664,2503,3298,2540,1204,2870,2927,3132,3053,2846,2757,3327,1733,3124,1097,936,2631,1730,3287,2784,3271,2869,2923,2869,2638,3143,3004,3443,1043,2897,2968,3077,3261,3146,3247,3119,3166,1007,2653,2100,3404,775,2856,3125,2636,3391,2044,2790,2613,2980,2555,2747,3351,3074,1013,2817,2742,3025,3200,2638,2890,1093,860,877,2914,2923,1378,3162
"COG0097",4277,4188,3928,3877,2655,4336,4051,1403,4154,3420,4387,4381,3733,4101,3802,4199,4281,4268,1469,4336,4143,4435,3277,3678,1240,1805,3148,3303,4182,4290,3717,1625,3827,3020,4538,3265,1523,4220,3464,4233,4159,3748,3601,4459,2010,4618,1656,1232,3393,2321,4422,3873,4305,3537,3825,3805,3367,4154,4237,3653,1316,3875,4226,4163,4328,4346,4559,4243,4196,1267,3337,2618,4476,981,3943,4043,3437,4274,2669,3870,3740,3534,3251,3805,4526,4317,1564,3840,3331,4028,4323,3270,4047,1515,1379,1218,4077,3919,1659,4335
"COG0098",1321,1282,1232,1226,843,1483,1365,502,1349,1022,1309,1275,1337,1289,1300,1397,1251,1358,419,1291,1433,1419,1085,1176,569,516,1057,1209,1278,1395,1220,580,1278,1160,1508,1079,494,1185,1205,1305,1357,1272,1281,1348,679,1423,491,444,1069,734,4303,4458,4205,3452,4464,3743,3958,4021,4150,3703,1234,4040,3739,3859,4209,3841,3860,3846,4134,1287,3630,2711,4497,815,3530,3814,3356,4176,2398,3890,3651,3913,3410,3412,4168,4003,2113,3840,3406,4103,3991,3286,3950,1695,1515,1133,3877,4168,1761,4210
"COG0099",3124,2961,2766,2814,2136,3208,2876,1168,3203,2506,3065,3086,3027,3071,3184,3208,2879,3015,1001,3174,3190,3085,2850,2826,1211,1296,2397,2850,2922,3073,2837,1239,2652,2922,3428,2730,1129,2913,3102,2954,3078,2852,3276,3127,1615,3318,1142,986,2711,1617,3222,2868,3068,2760,3953,2810,2805,2973,3066,3185,1019,2985,3037,3030,3267,3200,3238,3057,3225,876,3055,2170,3408,741,2772,2950,2845,3059,2156,2896,2918,3318,2985,2987,3255,3145,1333,2952,2850,3119,3299,2652,2802,1583,1066,917,2962,3320,1272,3151
"COG0100",3152,2946,2694,2865,2006,3211,2842,1046,3004,2630,3243,2836,2848,2931,3031,2860,2990,2944,1012,2822,3023,3042,2660,2921,958,1290,2179,2792,3092,3026,2462,1281,2811,2948,3249,2695,1197,2784,2925,2751,3087,2823,3024,2985,1755,3131,1119,976,2459,1608,3114,3124,3088,2503,3781,2881,2530,2853,3056,3190,1001,3050,2817,3080,3198,3002,3167,2905,3000,858,2890,2087,3407,693,2587,2923,2637,2956,2124,2803,2916,3185,2727,2541,3046,2991,1049,2981,2670,3046,3094,2676,3036,1165,912,862,2595,2845,1402,3123
"COG0101",5768,6143,6144,5404,3140,6330,5425,1991,5679,4243,6596,5929,5193,5674,4754,5840,6317,6038,1820,6482,6118,6124,3843,6107,2222,2327,4834,3778,5921,6175,4409,1776,5643,3353,6248,3241,1675,5949,3950,6002,6048,5572,3483,5686,2503,6186,1953,1794,4048,2860,6361,4210,6182,5020,3431,5217,2258,6084,6296,6733,1676,5991,5957,6176,6279,6768,5448,6049,5768,1534,3597,3549,6336,1276,5723,6134,4148,5968,2974,5894,5867,3679,3441,5970,6349,5942,2859,4505,3802,4795,6471,3630,6126,2734,2013,1587,6166,4708,2243,6129
"COG0102",3736,3629,3435,3263,2388,3582,3384,1285,3776,2834,3863,3507,3321,3603,3471,3661,3679,3581,1184,3803,3632,3681,2953,3358,1297,1528,2852,3041,3568,3632,3351,1518,3289,3253,3928,3064,1385,3399,3344,3514,3564,3499,3528,3326,1902,3979,1314,1183,2987,2063,3822,3076,3537,3247,3961,3248,2620,3720,3828,3851,1207,3465,3554,3610,3726,3642,3199,3458,3635,1126,3307,2410,3767,834,3182,3563,3016,3485,2355,3541,3326,3557,3143,3520,4055,3529,1539,3443,2956,3505,3664,2849,3458,1552,1237,1061,3528,3430,1544,3738
"COG0103",3236,3125,2815,2805,1885,3170,2976,1174,3266,2619,3230,3252,2786,3028,3007,3117,3084,3189,940,3199,3056,3106,2674,2953,1241,1308,2313,2556,3250,3081,2749,1139,2878,2463,3553,2305,957,3129,2789,3128,3098,3046,2686,2896,1552,3259,1191,1140,2580,1533,3187,2743,3112,2651,3033,2615,2452,3195,3304,3454,952,3088,2969,3236,3335,3374,3573,2953,3110,911,2617,1927,3335,696,2677,2934,2389,2921,1693,2990,2831,2889,2600,2854,3216,2941,1525,2685,2499,3067,3176,2391,3017,1613,1210,845,3034,2882,1178,3158
"COG0104",3526,3498,3386,2779,2028,3512,3463,1408,3359,2718,3887,3659,3014,3095,3213,3361,3387,3439,2609,3525,3307,3764,2751,3270,2062,2621,2741,2870,3331,3400,2965,1472,3186,2584,3630,2670,2101,3504,3075,3655,3316,3118,2980,3284,1480,3814,1856,1219,2799,1911,10554,10132,10409,8556,10304,8726,8093,10761,10332,11604,7317,10004,10470,10605,10642,10010,7824,10697,10829,5087,8663,6623,9435,8866,9240,9769,8183,10501,6455,10083,9756,9030,7860,8582,11802,11181,5874,9584,8753,9834,10211,8380,10709,4280,5522,5668,10725,9691,4265,10724
"COG0105",3154,2999,2829,2642,2188,3127,2984,1214,3122,3161,3096,3056,3094,3075,3126,3278,3042,3078,1005,3207,3649,3334,2713,2750,1329,1200,2951,2792,3044,3347,2888,1315,3128,3046,3166,2771,1201,3003,2871,3183,3180,3286,2938,2923,1896,3079,1048,1134,2646,1824,3328,2730,3126,2915,3266,3178,2979,3187,3188,3393,959,3079,3081,3140,3128,3077,2651,3197,3376,1130,2973,2153,3819,771,2703,3118,2602,3487,2244,3071,2961,3070,2668,2925,3247,3099,1358,2782,3409,3000,3055,3117,3071,1469,1006,934,2961,2874,1405,3424
"COG0106",3947,3730,3846,3376,2484,5316,4565,1903,3937,3650,4566,4432,3364,3928,3731,3254,3691,4495,1286,4285,3756,4685,3706,4001,2042,1742,3221,3283,4606,4681,3821,1705,4541,2542,3685,3243,1462,2750,3751,4174,3668,4002,3502,4036,1614,4123,1103,1827,3074,2387,3585,3173,5022,3616,4004,3829,1640,4398,3621,4868,1396,4136,4103,3757,4070,3862,3317,3996,3530,1397,3495,2610,3969,1091,3458,4427,3231,4119,2855,3430,4747,3729,3241,3038,3881,3895,2465,4098,2741,3883,3733,2852,3843,2494,2008,1171,4139,3688,1633,4279
"COG0107",5193,5059,5176,3813,3175,6447,5638,1693,5259,5144,6393,5929,4345,5269,4786,4365,4669,5734,1878,5663,5028,6544,4574,5574,2338,2347,4243,4098,6045,6234,5171,2296,5656,3601,5316,4116,1846,4356,4545,5426,5244,5686,4505,5475,1595,5754,1564,1687,3417,2882,4756,4880,6096,4538,5953,4727,2179,5377,5021,6389,2087,5392,4895,4790,5490,4801,4527,5328,4882,1645,4639,3190,5070,5860,4404,5760,3803,5631,3421,4514,5931,5019,4218,3231,5140,5626,2792,5855,4213,5609,4900,4231,4958,2350,2187,1772,5433,4574,2141,6091
"COG0108",8219,8137,8078,6146,4088,8565,8708,3899,7435,5334,8676,8840,6405,7520,6284,6541,8041,8571,2779,7986,8124,8605,5374,7651,3605,3822,6031,5164,8085,8533,6304,3104,8442,4009,7749,4770,3664,6756,5647,8321,7397,6312,5135,7892,3606,8164,3529,2880,5251,4006,8486,6732,8393,7024,5737,8228,1926,8869,7933,9094,2857,8091,8458,8187,8138,7981,6036,7196,6650,2559,5199,4771,8102,2521,7141,8202,5009,7343,4104,7596,7936,5811,4987,6268,8785,7479,4231,6382,3825,7464,7806,4322,7879,4138,3186,2462,8811,6402,3114,7614
"COG0109",7440,7692,7696,6358,5564,7853,7932,2259,7934,5948,8478,8519,7601,7720,8058,7337,7584,8294,2866,8835,7723,7099,7380,7475,2477,3263,6003,6939,7367,7586,6844,3860,7040,8567,8100,6934,4103,7234,7764,7851,7608,6959,7879,7645,3908,9003,2544,2224,6177,5254,8052,6562,8150,6861,10695,6566,4222,7893,7645,7246,2837,7279,7639,7796,7917,7785,6559,7499,7696,2377,7745,4922,7245,2098,6881,7907,6072,7664,5477,7132,7144,8772,7602,6272,8485,7565,3091,7328,6103,7956,7694,6003,8002,2898,2284,2470,7977,8425,4020,7845
"COG0110",2744,2604,2114,2870,4037,3355,2036,2907,2775,3136,2688,2436,2387,2753,3325,2536,2172,2436,3986,3144,2420,2893,3383,2540,2344,2878,3128,3624,3473,2927,4260,3293,2153,5024,2835,3906,3404,2456,3456,2145,2482,2917,4049,2337,2817,3486,2771,3267,2510,3194,2832,2196,2829,2451,6026,3214,4139,2256,2271,2711,2980,2700,2413,2639,2430,2305,2752,2640,2280,3170,4123,3813,2372,2961,1677,2233,2748,2590,3825,2711,3134,4505,4383,3324,3087,3244,1983,4359,4258,3901,2347,3624,2560,5490,2531,2697,2296,3601,5314,2562
"COG0111",16990,17534,16265,17074,14491,20651,17906,11996,18079,22516,18163,18175,24199,19364,18775,15691,18612,16846,7980,17953,16984,18417,18453,18640,11702,10530,14343,19526,18824,18542,20933,8373,19403,12154,16815,18070,7732,15584,19572,17910,16237,17782,17693,17217,8761,19348,8577,11088,21252,14603,16463,15391,19373,20928,15745,14684,11993,17432,18466,16883,8435,17919,17297,17838,16829,19239,16970,17428,16030,6134,18842,15030,15964,12863,17115,17879,19497,17809,14057,16451,19759,18311,16967,17188,17129,18746,12143,21080,18914,20873,19239,19879,16901,13073,10136,7289,17782,19106,9074,16865
"COG0112",10190,10448,9342,9238,6856,10266,10771,4370,10215,8292,10763,10923,9683,9509,9597,9563,10038,10861,4573,10046,9592,10269,8639,9648,4374,5394,7887,9180,9968,10017,8818,5190,9506,8946,10258,8583,5455,9392,9359,10914,9899,8959,9784,9794,5036,10876,4450,4891,8594,7139,10216,10462,10370,8898,11664,8757,5526,10862,10231,11061,3797,10059,10284,10745,10107,10121,8684,9919,9953,6836,9628,6764,9578,3581,9292,9557,8918,10154,6818,9307,8965,9404,8909,9073,10808,9976,5037,9428,8118,10207,10397,8148,11019,4664,3985,6263,11012,9887,5351,10253
"COG0113",6974,7409,7084,5451,3952,8203,7353,2641,6290,4289,7719,8175,4515,6152,5666,5146,6132,7821,2253,7184,6569,7402,4833,7063,2842,2563,4805,4624,7329,8116,4906,2889,6867,4990,5693,4560,2503,5358,4904,7113,6656,5206,4973,7063,3032,6513,2036,2582,4273,3684,7403,6337,8192,5091,6010,6757,2219,6925,6884,7265,2468,7612,6789,7483,6990,6772,6547,5959,5358,2100,4869,4237,6753,1646,6221,7377,4568,6829,3979,6722,7217,5297,4607,5238,7154,5481,3216,5314,3375,6338,6814,3980,7451,3406,2627,2104,7389,4487,2943,7153
"COG0114",10515,10830,9363,7046,4828,10882,9258,3835,10043,6291,11240,10380,8373,9187,7940,10825,9548,10923,3558,10749,10226,10908,6131,8742,4326,3632,8309,6287,9365,11097,7997,3444,8638,4217,10302,5277,3600,9763,6750,10179,10377,9852,5808,9096,3557,10640,3104,3667,6355,4900,11525,8501,11056,8607,5818,9290,3865,10410,10770,11606,3257,9821,9505,10421,10435,10186,7685,10736,10775,2925,6153,5778,9697,2529,8173,9671,6045,11035,4864,10486,8430,5511,5732,7457,11749,11037,5235,8325,5363,9238,10267,5638,10798,4874,3945,3230,9744,8495,4138,11601
"COG0115",15063,16000,14180,15839,11241,15165,14559,8288,15554,12764,15540,15583,14952,14890,15006,14782,14744,15513,4719,16285,15213,15152,13576,14073,7913,5750,12447,15150,14952,15387,14591,6713,14790,13046,14724,14119,6065,14521,14611,14646,14177,13802,14837,14345,7445,15794,4641,8401,15125,10428,15617,12741,15539,13896,16642,13686,6777,14689,15894,14461,4760,15791,14422,15763,14899,15815,16697,14920,15294,5206,15117,12381,14699,3345,13777,15050,14097,14819,11226,14746,14966,15706,13884,15884,15928,14744,8561,14762,13235,15783,15820,13226,15497,9098,7258,4337,15404,15694,8365,15494
"COG0116",2318,1938,2079,2257,3074,1206,3324,2531,1082,965,980,2754,1117,1763,1175,1543,1366,2544,1761,804,3076,1757,1288,1309,1785,1613,4568,980,1573,1961,1499,3253,2170,3814,1146,1370,2919,1476,595,2556,2232,1920,933,2814,4116,602,620,1146,1206,3181,2389,2478,1383,2456,990,4905,2026,2258,1802,1159,1687,2190,2160,2008,1962,1120,2867,1241,1314,1605,764,2642,3081,1177,2619,2906,1710,2279,3531,2562,1448,924,1471,3072,463,1031,910,1057,1139,1073,1131,1172,2058,5029,1104,1648,2166,799,4165,1647
"COG0117",6404,6567,6603,5474,3145,6583,5697,1869,5942,4677,6865,6138,5492,5959,4969,5499,6601,6209,2106,6797,5733,6435,3690,6730,2363,2381,5081,3560,6630,6422,4693,2079,5709,3253,6541,3190,2129,5933,3820,5977,5849,5302,3428,5855,2374,6672,2189,1360,3849,2995,2327,1536,2121,1738,1005,1847,604,2238,2026,2466,664,2113,2214,2285,2123,2360,1829,1935,1672,581,1109,1186,1830,473,1907,1938,1404,1956,1070,2102,2169,1235,1076,1953,2543,2156,948,1588,1050,1936,2246,1238,2261,1101,525,620,2088,1518,894,2080
"COG0118",4236,3793,4172,3278,2493,5289,4078,1508,4097,4120,5202,4542,3579,4143,3907,3598,4028,4492,1496,4698,3919,5024,3551,4488,1919,1808,3540,3154,5051,5081,4269,1613,4369,2576,4072,3192,1391,3353,3637,4249,3958,4589,3346,4305,1682,4578,1243,1558,2743,2263,3635,2990,4994,3802,4276,3655,1674,4447,3988,4923,1447,4516,4265,3780,4320,4326,3429,4381,3658,1256,3472,2473,4027,1227,3400,4685,2945,4501,2697,3521,4973,4053,3220,3017,4259,4794,2190,4191,3457,4280,4325,3280,3966,2027,1554,1444,4348,3589,1481,4691
"COG0119",18543,20012,19734,17237,13576,21218,18531,10565,21243,18696,23074,20016,18858,20090,19181,17825,20277,19674,15144,20899,17259,21623,17034,20509,9233,9962,13983,17726,20114,20235,18036,10121,19197,15002,20367,17700,8138,19120,19051,19888,19219,19470,19142,18542,9181,22448,10831,9948,16788,11601,17627,20105,21164,16687,21932,14101,11616,20230,20549,21770,8474,20527,19967,19896,20584,19979,15877,20955,20021,5790,18725,14528,17403,6757,17331,19705,17396,19350,14789,17818,21063,19051,17345,17047,20732,19147,9032,20041,17435,19996,20469,17544,20647,11988,9638,9881,20203,19160,9688,20964
"COG0120",2388,2229,2082,2251,2064,2085,2649,1485,1907,1058,1501,2317,1886,2112,2483,2066,2067,2283,884,1823,2967,1639,2357,1907,1051,1062,2883,2381,1744,2326,1799,1757,2533,2889,2137,2618,1351,2001,2565,1900,2090,1724,2958,2028,1625,1588,558,816,1836,1900,2499,2349,1967,1874,3817,3101,848,1786,2338,1531,798,2170,1984,2455,2163,2123,2121,1458,1915,737,2522,1956,2667,561,2091,2091,2180,1993,2415,2437,1696,2962,2665,2230,1097,1376,492,1726,925,2055,2239,1332,2076,2501,1169,910,1862,2488,2048,2012
"COG0121",123,124,233,230,1243,49,78,360,185,495,73,92,338,231,316,194,208,98,648,189,206,101,643,150,735,450,854,406,144,75,498,1380,115,1591,251,533,1469,300,377,127,320,429,400,129,1424,189,151,388,287,1294,112,485,71,387,492,271,1150,131,87,114,661,88,179,67,116,171,232,141,224,558,354,1199,266,450,148,95,296,149,1006,289,178,511,648,165,103,280,443,344,927,194,169,647,85,1386,308,710,76,371,2371,99
"COG0122",3957,4247,3895,3462,4208,4693,2897,1855,4781,3796,5066,3651,4610,4433,4847,3755,4257,3793,1663,5468,3771,4095,4820,4439,2209,1746,2606,5488,4124,4241,5164,2447,3507,4489,4698,5489,2656,3819,5466,3928,4002,4327,5535,3794,2034,5451,1251,1296,4958,3948,4397,2971,4477,4332,6526,2064,2311,4106,4303,4264,1656,4045,3913,3965,4128,5018,2712,4183,3494,1767,5779,4152,3645,1120,3146,3759,4314,3953,4360,3960,4220,5569,5171,3567,5173,5142,4118,4885,3516,5057,5034,3937,4292,2913,2368,1424,4220,5220,4139,4267
"COG0123",7221,7878,7985,6454,5034,7837,5994,3403,6817,5255,8580,7054,5561,6314,5954,4396,8684,7180,3259,6935,5053,7419,5292,8973,3763,3572,3783,4955,7743,7389,4697,4362,5499,3506,6946,5137,4418,6781,4973,7125,6445,5847,4959,7247,5409,6656,3059,4261,5200,5759,7225,6091,7994,4471,4742,4716,3245,7497,6609,7309,3019,7340,7265,7414,7034,7662,6730,5834,5411,2002,4794,5589,6088,2350,7302,7161,5314,5014,5077,6441,9211,4589,4860,5144,8655,5674,3083,5080,4697,6147,7725,4893,7971,6186,3080,2930,7344,4307,5012,6074
"COG0124",10151,10332,10375,8360,6242,10630,9829,3354,10641,8413,11678,10799,10125,10469,9465,9983,10153,10713,3217,11894,10145,10161,7991,10590,3835,3747,7731,8892,9975,10706,10161,3402,9215,7850,10726,8089,3229,9884,9017,10686,10034,9341,8837,9929,4923,12110,3631,2771,8843,5550,10608,7787,11022,9806,9962,8128,7916,11243,10755,11891,2893,9727,10654,10337,10833,11402,9181,10601,10445,2819,9230,6660,9882,2317,8880,10375,8236,10683,6479,10141,9540,9080,8281,9251,11550,10920,4527,9854,8483,10563,11348,8404,10263,4441,3768,2671,10910,10716,3880,10596
"COG0125",3893,3634,4190,2713,3097,3967,3510,1515,4311,4006,4322,3956,4665,4153,4257,4520,4428,3981,1345,4576,4502,3543,3762,3951,1501,1659,3619,3963,3346,3841,4328,1528,4091,3805,4719,4011,1424,5006,4267,4018,4214,4204,4434,3473,2308,4614,1709,1290,4069,2369,4349,2945,3803,4074,4963,3514,4299,4105,3776,4082,1386,3539,3873,3875,4138,4424,2573,4070,4677,1178,4356,2733,4265,1012,3729,3723,3927,4285,3089,4035,3500,4916,3673,2506,4328,4435,1788,4200,3993,4284,4323,3771,3533,1824,1448,1115,4383,4700,1675,4386
"COG0126",8992,9387,9321,7875,5764,10188,9428,3485,9251,7677,10100,9798,8363,9227,9211,9120,9297,9756,2966,10230,9909,9642,7706,8888,3440,3380,6912,8013,9282,9938,8063,3477,8673,8055,9539,7485,3206,8729,8629,9791,9197,7782,8436,9159,4113,9995,3033,3012,7481,5051,9604,7247,10237,8211,10159,8361,5567,10069,9490,10466,2941,9454,9515,9457,9773,9825,7347,8976,9146,2869,8400,6007,9541,2120,8744,9893,7204,9367,5954,9009,8769,8935,7966,8629,9763,9104,4302,8265,7405,8743,9540,7302,9778,3961,3325,2614,9779,8757,3525,9578
"COG0127",5608,5093,5343,3809,2944,5035,6023,1650,4963,4148,5473,5726,4633,5247,4477,5203,5061,5705,1460,5769,5952,5444,3796,4771,1590,2290,5214,3908,4915,5490,4635,1705,5290,3638,5098,3636,1650,4769,4072,5703,5009,5307,4003,5503,1711,5360,1523,1538,3972,2769,5498,3834,5437,5314,4317,5576,2472,5800,5310,4923,1446,4819,5157,5219,5470,5320,3992,5172,5205,1913,3999,3228,5660,1115,4915,5780,3597,5923,3026,5143,4775,4187,3621,4275,5361,5055,1808,4479,4153,4841,5143,3815,5480,1991,1505,1277,5565,4895,1719,5486
"COG0128",9918,9465,8912,8146,5603,11191,8972,3354,9352,7100,10643,10159,8201,9276,8716,8768,9162,9807,3345,10502,9230,10457,7287,8572,3875,3788,7400,7756,10521,10933,8310,3408,9343,7651,9776,7602,2765,8358,8252,9287,9090,8372,8247,9006,3758,10407,3074,3002,7390,4640,9880,6920,11203,7774,9776,8791,3025,9829,9701,10748,2866,9317,9238,9421,9753,9899,8534,9555,9352,2455,8286,5681,8869,2562,7742,9430,7474,9730,6354,9262,10108,8804,7616,8106,11353,9731,4245,8211,5719,9480,9498,6227,9947,5583,3263,2739,9561,8180,2985,9860
"COG0129",13821,15806,15943,15631,11218,17730,17670,11046,15402,12802,16466,17457,14807,15309,13400,11948,16739,16127,5949,13786,13713,16202,12460,16714,11348,6314,12183,12853,17521,16310,13288,9920,16012,9868,14606,13401,8011,12392,13041,15566,14706,13784,13155,15749,9830,15772,5354,10064,12015,11722,13005,17969,17149,13763,14121,12180,5582,15794,15879,14628,5700,16013,16779,16386,15485,14703,15051,14642,13558,5683,13910,11482,13949,4094,15692,16800,12907,14653,12470,14589,17291,12885,12956,14696,13219,12723,13251,14383,9095,15291,15156,11370,16188,16919,9589,5339,16374,13657,10796,14698
"COG0130",4862,4734,4154,4572,3742,4328,4389,2510,4542,3199,3587,4503,4799,4573,4691,4672,4347,4366,1569,4389,5261,4378,4465,3933,2838,1829,4919,4653,4629,4593,4968,2555,4643,5374,4417,4689,1858,4531,4708,4022,4187,4081,5211,3944,2857,4720,1766,2117,4380,3278,5129,3709,4354,4658,5835,5530,4645,4107,4830,3163,1481,4627,4734,4991,4526,4777,4500,3998,4399,1809,4858,3686,4934,1108,4507,4302,4507,4408,3889,4980,3969,5299,4708,5357,4380,4472,2986,4484,3980,4882,4629,3864,4510,3244,2539,1401,4211,4980,2588,4181
"COG0131",3372,3473,3733,3714,2666,4701,4393,1841,3714,3118,4124,4626,2929,3785,3715,3071,3358,4136,1369,3597,3374,4466,3649,3753,1818,1539,3221,3209,4379,4246,3381,1806,4052,2834,3425,3377,1596,2802,3638,3989,3545,3541,3538,4083,1539,3745,1109,1594,2790,2534,3168,4153,4706,3392,4552,3248,1487,3864,3394,3675,1330,4098,4031,3379,3818,3449,3101,3640,3500,1320,3536,2721,3711,1006,3655,4021,3128,4301,2938,3026,4363,3977,3432,3656,3048,3303,2037,3768,2867,3486,3554,2803,3452,2411,1782,1216,3969,3331,2232,3989
"COG0132",1084,719,1190,791,1481,615,1873,655,774,805,606,1392,780,1181,1387,790,876,1328,616,812,1523,827,1601,648,836,731,2025,1405,695,1097,1529,1523,1567,2356,736,1943,1145,890,1570,1255,1062,897,1921,1194,1709,739,203,148,1010,1397,1056,1094,735,1293,2806,2499,523,1137,844,739,682,885,1000,920,993,622,374,645,688,751,1819,1221,1692,524,1274,1395,1164,1336,1820,989,612,2392,1928,690,184,444,626,1196,813,1066,664,982,690,1144,472,676,1120,1199,1456,881
"COG0133",7429,7838,7212,6003,4971,9693,9263,3177,7447,6111,8870,9340,6884,7748,7016,5983,6990,8394,2676,7543,7526,8787,6392,7180,3600,2877,6096,6260,9125,9145,6852,3191,8360,5221,7352,6529,2607,5903,6655,8347,7665,6707,6915,8191,3681,8273,2184,3045,5877,4214,7082,7605,9861,6627,7881,6149,2177,8329,7771,8801,2516,8108,7607,7709,8082,7213,6789,7242,6848,2381,6994,4975,7849,2232,7346,8233,6378,8293,5183,6892,8621,7163,6304,5586,7538,7013,4333,7409,4485,7508,7245,5348,7528,4067,3363,2369,8275,6841,2810,8376
"COG0134",4721,5008,5054,3708,3645,6076,5472,1926,4496,4036,5581,6044,4181,4875,4540,3913,4738,5610,1707,5800,4957,5227,4207,5052,2161,2124,4320,4475,5585,6272,4575,2427,5093,3544,4459,4347,2649,4090,4615,5482,4682,4708,4474,5602,2917,5071,1462,1714,4032,3559,4789,3430,6059,4663,5313,4566,1985,5448,4839,5864,1748,5163,5442,5173,5236,5305,4009,4617,4177,1645,4523,3883,5220,1211,4477,6002,4354,5288,3989,4663,5557,5049,4555,3937,4792,4437,2353,4500,3103,4316,4852,3585,4849,2508,1857,1487,5717,4234,3315,4802
"COG0135",3568,3710,3781,3324,2615,4966,3569,1589,3087,2899,3965,3992,3079,3466,3101,2987,3667,3797,1360,3718,3441,3950,3062,3775,1806,1642,3601,2796,4390,4806,2950,2001,3817,1672,3072,2397,2345,2876,2778,3645,3292,3527,2433,3615,2337,3530,1136,1509,2807,2973,3812,2675,4985,3174,2344,3667,1464,3843,3504,3663,1271,4056,3780,3776,3652,3668,3554,3408,2994,1190,2414,3281,3673,725,3222,4109,2875,3691,2901,3560,4463,2870,2598,3495,3678,3379,1306,2613,2621,3000,3479,2489,3706,1947,1482,1155,3884,2583,3170,3644
"COG0136",7639,8223,8713,7167,5905,9043,9013,3284,8040,6340,9609,9261,7064,8336,7811,7194,8487,9000,3231,8738,8302,8584,7161,8844,3410,3639,5626,6872,8302,8811,6759,4132,7814,7767,8367,7270,3922,7558,7393,9116,8615,7147,7574,8744,4107,8982,2748,3231,5806,5386,7308,7789,9364,6689,9863,6075,3414,9326,8723,8622,2941,8084,8674,8505,8814,8569,7376,8327,8286,2659,7279,4905,8387,2209,8645,9167,6432,7906,6221,7435,8424,8201,7186,7292,8309,6941,3988,6369,5343,7602,8492,6002,8267,4664,3291,2698,9553,6652,4129,8086
"COG0137",6868,6698,7498,6195,4985,8648,7496,3381,7453,6964,8729,7954,6368,7617,7326,5692,7005,7899,2377,7788,7453,8808,7228,7956,3735,3184,5623,6806,8395,8221,6848,3464,7792,6049,6878,6860,2996,6255,7272,7834,7281,6604,7232,7506,2882,7913,2165,2960,5752,4466,6189,6985,8421,6485,9309,5970,3575,7788,6922,8584,2369,7906,7438,6932,7560,7326,6098,7480,6394,2234,7199,5054,7953,1727,6878,7977,5699,7765,5602,6125,8894,8113,6772,5336,6636,6477,4579,7067,6227,6871,7326,5941,7154,4241,3424,2114,7801,6493,3480,7598
"COG0138",12190,12650,11474,10050,6584,13415,11319,5434,11639,9854,12778,12203,10225,11212,10518,13057,11512,12200,3423,13235,12298,12312,8620,11794,4840,6625,9974,8725,11928,12758,10025,4436,10931,5888,11906,6812,7457,13945,9452,11986,11591,11823,8115,11507,3964,12096,3563,3670,9507,6147,12635,9410,13340,10803,7782,10926,6143,12673,12428,13372,6763,12038,11404,12102,12134,12593,11027,13428,13783,3205,8045,8211,11614,3473,10257,11485,8383,12833,5861,12085,11804,8535,7557,10940,12832,13443,5647,9925,9722,10926,12264,8736,12306,5143,4258,3435,11795,9648,5353,13531
"COG0139",2615,2537,2849,2252,1848,3747,3365,1146,2587,2403,3179,3309,2506,2887,2299,2195,2559,3182,1031,2957,2621,3282,2121,2573,1125,1229,2591,2301,3117,3350,2602,1226,3187,1864,2519,2333,1131,2322,2352,3101,2610,2921,2296,3084,1047,2868,796,1259,2010,1566,2294,2588,3537,2802,3024,2653,1093,3071,2622,3537,966,2971,2769,2439,2899,2739,1832,2866,2363,891,2445,2087,2959,802,2528,3212,2144,3142,1995,2468,3227,2430,2317,2067,2606,2555,1322,2719,1883,2551,2635,2005,2513,1199,881,858,3148,2395,1294,2895
"COG0140",1665,1524,1714,1561,1232,2038,2471,703,1284,1046,1638,2327,1387,1654,986,1258,1435,2098,718,1384,1674,2056,892,1397,790,857,2283,1001,2179,2081,1429,958,2197,665,1142,1031,874,1176,934,1927,1416,1748,935,2097,984,1424,441,758,1025,1150,1530,1619,2025,1915,811,2106,523,1968,1558,1770,626,1802,1887,1600,1634,1370,1660,1510,1403,707,1081,1300,1973,410,1608,2190,1193,2004,1222,1537,2120,784,1092,1695,1126,1429,895,1154,631,1252,1390,752,1407,983,776,605,2040,1083,1281,1765
"COG0141",10651,11444,11964,11229,5763,14435,10708,3512,10979,8538,13934,12011,9119,10661,10790,8175,11695,11275,3238,11524,9470,13060,10731,13108,4097,4217,6773,9070,13210,12668,8177,3958,10890,5554,10834,7912,4088,9513,10212,11293,10358,9015,8638,10816,3099,11605,3265,2893,8382,5569,9889,10991,13600,7867,10325,7731,2986,11413,10481,12980,2886,11613,11014,11021,11586,11501,11175,10251,9433,2441,9089,6810,10024,2067,10606,11800,9224,10084,6041,9224,14207,10837,8059,9857,10689,9443,5688,9054,5957,10279,11771,7034,11844,5818,4078,2604,11609,8481,3706,10951
"COG0142",14936,15600,14831,13400,9749,15393,14914,5661,15213,11753,16269,15545,15115,15283,14582,14422,15085,14986,4400,16752,14921,14746,12383,15278,5627,5450,11501,13526,15316,15689,13854,5692,14013,13451,15666,12955,5037,14225,14181,15156,14232,13952,13951,14983,6287,17001,4551,4759,13113,8345,16009,11997,15666,14267,15937,13205,7168,15929,14951,14608,4421,14762,14618,15684,15277,16266,14133,14813,14776,4326,14016,9805,14422,3243,13500,15273,13198,14832,9705,14743,15319,14392,12791,14414,16110,14844,7775,13832,11379,15062,15755,11320,15716,6629,5443,3864,15420,14690,5745,15174
"COG0143",11689,12359,12014,10920,8332,12582,10911,4902,11810,10274,12352,12237,10949,11519,11976,12539,12231,11807,4213,12942,11988,11893,10348,11634,5056,4801,9377,11127,11621,12198,10959,4727,10566,12060,12403,11044,4233,11068,11962,11724,11175,11479,12055,10592,5399,12877,4499,4433,10771,7099,12371,9639,12378,11089,13431,10426,10638,12387,12121,13409,3934,11590,12323,12509,12104,12998,11197,11693,12063,3466,11611,7781,11247,3076,9823,11634,10940,12139,8892,11954,10540,12005,11032,12094,13291,12190,5904,10761,10896,11647,12442,10727,12137,6322,4779,3843,12275,12104,4535,12370
"COG0144",4716,4095,5092,5692,4222,3671,6990,4909,4558,4086,2654,5825,5416,5163,4015,4953,5253,5572,1867,3329,6548,3826,4009,3975,5732,2126,6703,3628,4829,4911,4025,3829,4742,4387,4868,3260,3073,5604,3948,5363,4603,4236,3658,5924,6083,3041,1244,4809,4543,4013,4679,4574,3953,5991,2719,6420,5855,5219,4724,2928,1922,4872,4428,4444,4859,4669,6678,3525,4391,2921,3178,4762,6271,1170,6177,6157,3785,4826,4370,5884,4839,3995,3971,5675,2570,3493,6355,3344,4832,4085,4591,4238,4046,6153,5171,1695,5153,3586,4595,4127
"COG0145",7462,5070,5669,9625,10292,4406,7740,6327,8611,18950,1827,5004,18926,10280,11783,4903,8131,3944,610,3090,7675,4549,14140,6416,6890,2618,5963,16515,5113,4601,13009,3067,10220,4300,6696,15994,650,5049,15223,5290,3899,7801,13039,5738,2921,4676,1188,5138,18995,11448,4561,6371,4545,12710,6333,8209,7368,4783,6255,1222,1087,5279,6089,5728,4720,6300,8821,5063,4395,1705,15421,8796,7221,1372,8600,5294,15517,4382,9875,6799,6770,13620,11514,8822,2075,6129,6261,18693,21485,14593,6531,17834,4901,7439,4246,1416,5413,13005,1538,4341
"COG0146",6344,3800,4083,7001,8305,3774,6176,5225,6698,14958,1467,4101,16336,8219,9365,3825,6341,3055,528,1788,5861,3751,11401,4649,5856,2378,5002,14017,3795,3756,9533,2109,8286,5090,5126,13597,458,3965,12209,4220,3073,6822,11515,4665,2259,3101,867,5360,15981,9155,3202,4660,3902,10636,5565,6769,6114,3847,4795,977,685,3971,4559,4306,3562,4753,5560,4105,3315,1464,12955,7105,5386,1004,6638,4334,13483,3534,8379,5237,5122,10830,9564,6416,1497,5198,5799,14533,17151,11376,5043,13825,3729,4632,3648,1294,4155,10863,1092,3520
"COG0147",14648,14844,15457,12488,9125,17294,14761,6984,13754,12219,16955,16684,11998,14750,13708,12156,14264,15960,5132,15899,16160,15682,12095,15224,8608,6345,12377,11286,16081,17718,11675,6746,15020,9061,14221,11076,5931,13020,12118,15639,14985,12312,11339,15613,6521,14648,4299,6012,10395,8698,15072,11688,17577,12377,12959,14527,5703,15491,14940,18353,4726,16037,14277,15093,15967,15641,13210,13583,12484,5204,11306,10020,16280,3529,14045,16498,12197,15052,10198,15006,16167,13063,11072,12451,13859,12809,10462,10939,9720,12749,15559,10404,15055,7835,7414,4486,16057,10832,7481,14967
"COG0148",10317,10134,9618,8116,6382,10618,9779,3794,9714,8327,10357,10387,8954,9762,9921,9834,9876,10202,3082,10676,9547,10175,8823,9525,4006,3930,7885,9148,9533,10343,8862,3538,9329,8869,10016,8808,3598,9458,9784,9942,9364,8797,9616,9365,4414,10827,3130,3253,8360,5485,10352,8350,10675,8879,11499,9045,7716,10274,9755,10693,2885,9294,9794,10171,9963,9883,7710,9895,9989,2577,9836,6551,9397,2184,8965,9646,7999,10437,6560,9472,8880,10225,8778,8373,11117,10446,4560,9445,8899,9990,10147,8768,9988,4729,3612,2702,9881,9984,3684,10514
"COG0149",5171,5507,5468,4944,3302,5627,4708,2121,5201,4663,5823,5293,4890,5215,5214,5080,5298,5440,1902,6047,5283,5258,4531,5079,2299,2135,4266,4168,5197,5626,4742,2012,4901,4214,5446,4139,1955,4995,4607,5027,5136,4913,4300,5022,2525,5860,1731,1996,4017,2965,5606,3797,5634,4561,4785,4665,3282,5478,5408,6139,1737,5382,5377,5432,5419,5851,4410,5424,5141,1613,4400,3358,5338,1311,4460,5363,3936,5330,3884,5141,5117,4889,4012,5002,6148,5527,2784,4808,4118,5074,5635,4108,5521,2439,2146,1493,5456,4774,2096,5535
"COG0150",7200,8557,7320,7036,4895,8232,7336,8201,7483,6594,8168,7717,7248,7549,8345,13792,6844,8494,5148,8251,8241,7941,6842,7048,4314,15927,6761,7025,7472,8233,6788,6166,8455,6708,7619,6615,17019,12866,7545,10099,8332,7352,7489,7328,2550,7861,3245,2708,6661,4257,2647,2055,2810,2321,2841,2327,1608,3106,2676,2902,7277,2700,2256,2535,2682,2593,2186,3554,4408,2650,2433,1751,2823,2659,2173,2481,2165,2909,1710,2702,2329,2646,2231,2316,2701,2907,1317,2114,2258,2443,2599,2203,2869,1208,958,3933,3112,2482,970,3229
"COG0151",9507,9551,9558,8263,6472,11227,9210,3244,9584,8262,11096,10268,8889,9554,9819,9385,9401,9768,2994,10761,9747,10346,8959,10082,3572,3433,8338,9287,10418,10750,8240,4321,9159,9216,9998,8616,3518,8957,9834,9740,9354,8166,9627,9615,3338,10566,2894,2866,8788,5781,10150,7168,11387,8552,11261,8940,5141,10064,9868,12139,2856,9971,9279,10113,9791,10140,8847,9593,9564,2713,9593,6849,9311,2120,8349,9636,8554,10065,6873,9604,9897,10351,8649,8746,10223,9894,4319,8393,7971,9148,10141,8183,10300,4300,3284,2725,9563,9182,4081,10072
"COG0152",5584,5751,5855,5597,4007,6118,5116,3653,5995,5879,6100,6070,5875,5938,6215,9328,5519,5674,2025,6416,5994,5973,5740,5755,2916,6695,5261,5691,5737,6106,5935,4080,5456,4796,6148,5253,7568,8997,6274,5975,5477,6202,6052,5651,3121,6721,4571,3199,5638,3586,5899,4891,6267,5753,6538,5284,4011,5934,5870,6571,15838,6306,5593,5640,5841,6176,5100,7636,9453,1753,5849,4108,5577,10796,5402,5679,5583,6271,4210,5731,5628,6423,5579,5834,6103,6880,2947,5812,6049,5873,6222,5705,5819,3563,2466,2142,5499,6006,2275,6076
"COG0153",1402,2072,1425,1815,1784,1678,1053,148,2000,2590,1399,1493,1752,1504,2085,2041,1654,1346,560,2072,1618,1886,1736,1458,247,611,1760,1944,1768,1715,1533,1039,1039,1306,1910,1594,1518,2069,1969,1485,1900,1454,1996,1344,894,1976,622,192,1806,1769,2008,1567,1734,1708,1549,1220,2848,1687,1964,1579,638,1960,1402,1754,1776,1902,2045,1645,2081,631,1741,3250,1526,167,1642,970,2144,1713,1822,2045,1410,1687,1657,2185,2622,2283,1333,1564,3476,1547,1908,2900,1867,129,380,684,1135,1634,4084,1786
"COG0154",24038,23549,20804,18203,21820,26964,25255,14755,24661,21235,25784,25270,35327,26675,22542,18047,24492,24652,7420,20755,20113,24618,23539,24046,14604,8254,16644,30910,23818,25747,26222,10794,27175,16351,22044,32681,8071,18815,27839,22842,20240,22841,26939,25071,10885,25289,7181,15753,35253,23904,21616,20730,27155,27717,23529,17946,12211,23282,21174,25899,6260,24483,22843,23982,21921,22415,18431,23285,19478,6773,32830,22332,20048,5233,21175,24210,28024,22482,22636,21296,25669,23278,25817,16535,22941,24290,14456,31302,21570,29526,22506,21715,23669,26630,16091,5472,25042,29453,9115,21694
"COG0155",4112,2228,4020,3783,5283,3057,7030,4657,2583,6600,1447,5520,3574,4609,5718,3715,2878,4745,2418,1954,5707,2410,6378,2432,4721,3668,9178,4685,2778,3646,4618,5058,7084,6108,2262,5863,3260,2057,6185,3883,2861,3450,6269,4671,6316,1835,638,3040,4618,4825,2781,3732,4103,5921,7536,7469,3283,3820,2857,2257,2279,2677,3594,2894,3198,1550,2390,2521,2834,2922,5365,4410,7065,2269,4362,4868,5123,5680,5602,3503,3103,7547,5880,3282,266,1060,3743,3875,4219,3020,1801,5555,1968,8414,4549,2515,4606,4162,4664,4215
"COG0156",6824,6809,6576,8528,6123,5508,6639,5051,6311,7246,4067,6319,6211,6228,7906,6624,5834,6139,3063,5669,7546,5592,7725,5704,6647,2892,7597,6014,6999,6238,6864,5454,6030,7669,6063,5851,4409,5869,7314,5964,6260,4824,6370,5846,6205,5403,2013,6434,6010,6157,2532,2413,1782,2274,2195,3057,2169,2092,2333,1766,1060,2139,2129,2432,2031,1949,2259,1732,1780,1367,2153,2180,2207,629,2166,1900,2069,2082,1913,2556,1978,2629,2746,3246,2090,1620,2232,1939,2790,2188,2079,2501,2330,2356,1610,1113,1892,2277,2205,1848
"COG0157",4129,3907,4349,3594,3311,4346,4614,2639,4372,3443,4802,4682,4255,4743,4183,4420,4067,5081,1696,4961,5078,4244,3794,4171,2417,1907,4089,3760,3723,4794,4413,2454,4795,4569,4460,4052,1890,4049,4090,5194,4686,4446,4239,4798,2063,4741,1362,1248,3508,2801,4384,3411,4467,4731,5111,4658,1920,4908,4268,4437,1706,4419,4016,3726,4739,4542,3736,4401,4495,1681,4019,2738,4982,1302,4061,4814,3903,4975,3372,4240,4164,4640,3927,3250,3474,3858,2770,4511,3284,4102,4405,3416,3785,2185,1944,1537,5117,4627,2339,4681
"COG0158",746,803,595,1405,1876,542,661,691,758,919,307,530,944,814,615,741,885,567,971,529,734,496,716,647,832,709,1581,817,1058,525,1552,1918,521,1179,998,818,1945,858,516,528,1157,1026,579,867,1857,621,240,568,776,1740,916,921,476,1152,541,1217,1102,584,622,232,1046,632,643,698,633,721,1831,811,782,854,606,1627,1154,812,868,845,913,695,3371,1001,1117,656,1071,1662,326,756,657,962,1062,783,696,1147,811,1548,703,838,497,745,3116,485
"COG0159",4876,5082,4958,4054,3159,6286,5000,2021,4729,3977,5713,5504,4363,4921,4519,4078,4839,5208,1612,5528,5009,5608,4165,5021,2074,1950,4047,3969,5807,6067,4587,2027,5191,3040,4743,4010,1730,4118,4296,4916,4751,4881,4214,4944,2432,5448,1452,1857,3834,2836,4888,3579,6278,4373,4589,4462,1640,5170,4805,5407,1600,5250,5031,4988,5124,5098,4514,4840,4585,1490,4060,3317,5290,1317,4358,5435,3884,5198,3351,4726,5846,4404,3732,4039,5146,4477,2627,4724,2876,4714,4988,3294,4819,2664,1964,1439,5354,4416,2009,5233
"COG0160",5095,5980,3815,5921,5930,2889,3086,5892,5996,7724,3090,3420,5993,4725,7800,7438,4545,3902,2998,5875,5092,3498,7777,4090,4564,2515,5279,8683,3020,3310,5270,4549,2909,5955,5946,7497,2496,6468,9627,4168,4502,5427,8759,3339,6181,5609,2651,6994,9516,4860,5933,3501,3113,5301,6410,4771,7489,4258,6060,3772,3298,3593,4356,5688,4463,5602,5783,6043,6968,2931,8127,6178,3897,7157,5167,2880,8846,5108,6537,5932,2296,7192,7695,6813,6481,7653,7277,5629,11629,6271,5539,8862,5402,8033,4593,2377,3744,7957,1509,5365
"COG0161",11520,12355,11142,12360,10761,11682,13285,9210,12178,14162,11847,12323,13161,12410,14238,10072,11575,12468,5751,10459,11155,11912,15466,12134,6072,4955,10001,14503,11226,11381,11478,7738,13203,10146,11134,14309,4999,10203,15585,12291,10862,10795,15245,12650,5541,11439,4460,11179,15241,9101,10691,11643,11822,10934,15137,10315,4171,11842,11932,11005,4633,12092,10142,12014,11645,11444,14269,11866,11183,4312,14383,11362,11183,5541,12377,13073,15819,11169,11272,11566,14231,16062,13700,10577,9051,10816,6141,12860,10079,12719,12006,12646,12146,11666,6822,5288,11920,11970,4895,11999
"COG0162",8840,9308,9037,8028,5878,10202,8766,3487,9032,7608,10042,9507,8217,9138,8980,8844,8974,9284,2993,10180,9211,9297,8081,8982,3609,3459,7175,8489,9709,10088,8579,3440,8527,7690,9415,7564,3368,8618,8649,9257,8782,8123,8365,8821,4366,9895,3332,3300,7627,4968,9671,6776,10188,8215,10032,7927,7589,9578,9162,10310,2888,9406,9180,9424,9352,9792,8334,9059,8880,2700,8134,6282,8896,2213,8103,9316,7292,9043,5943,8982,9186,9223,8110,8946,10133,9367,4095,8364,7883,9130,9577,7648,9438,4019,3338,2631,9465,8931,3622,9191
"COG0163",937,419,655,467,1484,93,374,958,1010,1919,130,179,1651,1109,1517,1355,824,268,616,621,1352,221,1764,602,512,831,2057,1730,339,170,1779,1377,1221,1826,1073,1935,1016,781,1894,406,717,1210,2115,294,1155,972,242,1223,1500,1368,484,894,137,1397,2554,1100,1278,439,787,147,631,353,539,375,584,749,612,668,1153,390,1863,1429,1122,468,692,315,1493,778,1968,1068,552,2088,1820,492,366,740,249,1665,2093,1452,788,1920,342,974,318,633,260,1866,1870,917
"COG0164",4580,4758,4743,4759,3030,4998,4032,1400,4826,4162,5697,4615,4418,4689,4915,5077,4685,4596,1807,5694,4662,4993,4405,4998,1642,2065,3672,4295,5042,5180,4289,1588,4393,4042,5146,4153,1786,4770,4824,4759,4516,4784,4653,4568,2493,5610,1935,1446,4041,2362,4931,3330,5127,4267,5384,3675,4863,4731,4908,5118,1692,4855,4568,4775,4997,5290,4192,4981,5343,1379,4514,2950,4647,1431,4229,4796,3851,5080,3149,4745,4816,4925,4182,4804,5368,5113,1832,4503,4387,4632,5034,4120,5006,1966,1456,1557,4458,4636,1562,5012
"COG0165",7501,7649,8913,7322,6344,11093,8311,3348,8333,8246,10226,9229,7641,9237,8636,6887,8466,8595,3019,9976,9263,10179,8348,9687,3880,3739,6279,8657,9314,10413,8326,4008,9478,7008,7775,8396,3618,7380,8967,8979,8636,7787,8576,8591,3739,9559,2625,3179,8096,5625,7193,7026,10661,7730,10478,6697,4265,8994,7869,10307,2939,9719,9001,7922,8876,9013,7148,8672,7487,2549,9003,6149,9816,2559,8238,9660,7399,9098,6335,7438,10728,9665,8528,6470,7556,7656,4356,8410,7037,7778,8675,7225,8190,4529,3484,2668,9236,8327,4198,8855
"COG0166",8987,9480,9343,7705,6390,10237,9455,3950,8588,7541,9842,10095,8066,9147,8395,8330,9122,9596,3577,10037,9525,9671,6785,8427,4561,3855,8011,7580,9920,10615,7932,4465,9252,8056,9006,7865,3859,7592,7552,9497,8501,7803,7504,9557,5389,9242,2914,3631,7119,5646,10215,6142,10327,8351,9029,8986,4415,9921,9244,10616,3312,9361,9160,9607,9507,9246,8190,8807,8109,3386,7992,6638,9559,2731,8111,10491,7154,9227,7034,9574,9671,7879,7795,8695,10165,9276,5330,7575,7499,8815,8550,7444,9342,5688,4082,3023,9981,7864,4668,9118
"COG0167",8655,8219,8131,7616,5473,8676,8307,3913,8216,8803,8583,8855,7627,8441,8788,7639,8083,8785,5566,8781,8624,8213,7811,8359,3505,3990,6588,7652,8207,8758,6919,3395,7815,7148,8182,7246,2688,7468,8768,8796,7827,6972,8414,8324,3661,8362,2469,4004,7235,4808,8823,6007,8676,7547,8788,7825,4686,8646,8304,8678,2306,8526,8098,8038,8434,8830,9419,7811,7613,2651,8067,5708,8326,1825,7729,8542,7869,8167,5758,7955,8770,8599,7151,7742,8483,7887,3919,7415,7999,7952,8456,8582,8146,5532,3210,6444,8784,7879,2802,8276
"COG0168",12259,13618,12732,11042,8358,14918,11081,7096,11894,10483,15398,13499,10571,11772,11106,11709,12617,12848,5097,14360,12123,12767,9682,13177,6085,5490,10073,9149,13586,14141,10670,6265,11303,8446,12779,8348,6705,12432,9752,12567,12111,12412,8668,12628,5753,13462,3821,6266,9372,7820,13091,9357,14919,10541,8794,10204,6423,13255,11861,16274,5165,12722,12438,12833,12801,13421,11784,13674,12628,4041,8932,8612,11899,3810,10914,13013,8476,13747,7191,12557,14140,8992,9242,10162,14908,13945,7599,10161,9202,11042,13320,8880,13757,10076,6915,4391,13322,10191,6832,14221
"COG0169",6850,6645,6376,5682,4248,7002,6290,3658,6492,5021,7405,6602,5441,6668,6167,5918,6520,6545,2309,7171,6618,7003,5116,6598,2782,3064,5391,5772,6972,6941,5885,2831,6517,4972,6333,5912,2691,5614,5779,6731,6365,6284,6019,6478,2830,7007,3069,3845,5300,3662,6780,4722,7038,5584,7117,6200,2927,7019,6383,7205,2653,6361,6947,7008,6610,6392,4856,6462,5815,2225,6063,4574,6601,1995,6212,6999,5453,6671,4362,6175,6977,6346,5464,6235,7109,6591,3033,6090,4231,6478,6192,4180,6608,2895,2375,2010,6839,6003,2900,7261
"COG0170",985,605,1119,250,599,395,1203,0,674,1865,504,1044,724,823,963,1221,787,1008,112,1152,1892,718,822,658,0,407,1754,954,378,822,547,15,1126,1288,698,654,43,1173,1228,1154,859,766,1067,828,277,800,168,4,1399,311,966,402,452,1173,592,1941,2602,1016,570,690,58,514,906,708,797,502,119,894,851,185,1011,844,1808,47,1373,1030,740,1434,398,725,421,825,809,226,734,1008,0,395,3949,478,544,2400,581,0,0,221,848,921,69,1319
"COG0171",8440,8281,9718,6715,5143,8844,9804,7878,8487,6410,8931,9330,8060,8632,7021,9606,8839,9765,11236,8714,8607,8435,6090,9056,8148,12403,7220,6596,7566,9183,8010,5361,9109,6786,8154,6255,10331,10919,6534,9983,9490,8415,6591,8820,6941,8909,30017,4440,6758,4817,8386,8139,9269,8339,6921,7876,6713,10210,8304,10151,18284,8147,9586,8397,9254,7846,5395,9853,9898,13404,6456,5241,8690,6737,12170,9043,5650,9136,5053,8208,7227,6638,6227,7050,9833,8403,8595,7743,6968,8404,7818,6322,8653,6164,5816,11980,10094,7542,2922,9340
"COG0172",9485,9523,9570,8251,6132,10596,8912,3569,9734,7933,10718,9914,8659,9401,9345,9472,9371,9960,4012,10694,9537,9809,8306,9149,3582,4069,7116,8553,9592,10730,8843,3478,8728,8897,10028,8311,3146,8776,9270,9650,9263,8594,9378,9059,3884,10753,3684,3290,8278,5226,9964,8060,10754,8424,10941,8233,8638,9901,10228,11267,3384,9295,9486,9881,9705,10441,8311,9739,9631,2789,9076,6059,9207,2493,8008,9396,8082,10019,6477,9046,8674,9888,8540,8809,11473,9779,4312,8826,7822,9817,10396,7998,9642,4485,3273,2896,10114,9441,3316,9866
"COG0173",12894,12839,12665,11077,6805,14312,13856,4811,11333,10559,14017,14600,9891,12062,10398,11779,12417,14155,3869,12948,13383,14284,8644,12661,4916,4559,10465,8483,13249,14660,9510,4061,12389,6960,11733,7515,3991,11327,9266,14016,12851,12227,8252,12711,5326,12346,3860,4192,9128,6171,12812,10526,14476,11243,7341,12341,7777,13872,12573,14702,3749,13152,13797,13433,12908,12251,11533,13036,12045,3144,8183,7926,13284,2929,12733,13708,9619,14073,6523,11865,12327,8275,7357,12139,13609,13045,4313,9906,10137,11189,12226,9644,13537,6360,4137,3427,13620,9214,4528,13789
"COG0174",20208,22464,20670,20021,15939,21057,20918,10632,22649,22340,25259,21328,19562,20613,24114,20132,22036,20262,9916,22872,18744,22892,25073,23150,8527,11346,12922,24517,20951,18882,18753,11312,21045,15568,22301,21837,8420,19971,25466,20453,20174,19132,25306,19493,9564,23553,10132,9961,23572,13603,19326,21693,21394,16525,25416,12971,12100,20453,23204,22868,13017,21670,19451,21277,22281,23263,22897,22384,24077,5591,24372,15521,18973,14162,20136,21278,23018,17957,16215,18602,23365,25912,21730,17075,21078,21470,9559,22968,16767,21470,24182,19652,22709,12716,8751,8859,21589,21386,5278,22580
"COG0175",2663,2121,2551,2802,5233,2394,2721,4955,2179,4812,1371,2577,2315,2795,3778,1970,1822,2597,8391,1825,3430,2284,5131,2196,7042,7958,5208,3123,2944,2489,4281,8506,3565,4777,1936,3789,7546,1949,3905,2231,3003,2736,3908,2507,8327,1687,3315,6985,2628,4600,2411,4254,2453,3203,5126,4615,7477,1968,2255,1544,6305,2844,2325,2578,2148,1871,1861,1795,1927,10394,3586,5324,3535,7708,2823,2462,3150,2454,6038,2845,2758,4934,4557,2939,1106,1626,5728,3199,3732,2870,1922,4301,2105,5117,10237,10695,2315,2857,10777,2146
"COG0176",5175,6099,11448,3811,3523,4735,8708,14307,4699,4010,6430,6209,4556,5301,4478,13572,7661,8751,27601,5042,4889,5037,3235,9435,7445,29078,6195,3506,4880,5316,4765,9102,7244,4424,4228,3815,31426,12639,3441,10709,7690,6415,3611,6697,3859,5433,71115,5762,3165,2991,1860,2935,1632,1617,1629,1839,1361,3457,1733,2033,14560,2173,2767,1961,2304,1278,1262,3022,3562,9725,1291,1547,1932,4271,4997,2456,1097,2476,1308,1656,1649,1179,1249,1178,1513,2133,2234,1631,1076,1562,1290,1178,2049,944,1578,8580,2944,1362,1563,2310
"COG0177",5641,5684,5331,4557,3458,5845,5066,2218,5522,4135,5985,5460,5011,5352,5075,5254,5172,5679,3182,6027,5330,5888,4393,5295,2674,2774,4256,4661,5452,5676,5120,1968,5341,4507,5701,4437,2000,5096,4964,5136,5283,5143,4853,5177,2774,5952,2280,2785,4569,3037,5611,4126,5970,4736,5943,4601,3662,5666,5578,6032,1665,5371,5539,5847,5572,6068,4579,5178,5272,3181,4858,3425,5436,1320,4630,5196,4348,5178,3466,5139,5484,5174,4501,4631,6316,5548,2560,4928,4244,5475,5579,4090,5642,2244,2063,3268,5515,5339,1836,5611
"COG0178",23439,24441,22040,21439,14935,24983,21399,10107,23958,20370,23843,24069,21246,23341,20868,23426,22158,23686,8394,24610,24977,24642,18099,21740,9453,8761,18073,18522,24083,24615,20253,8715,22002,16060,24181,16096,9354,22298,19851,23257,23807,22374,18273,21399,10128,24758,7774,7863,20019,13983,8497,7237,8120,7031,5180,7132,3923,8073,8253,8236,2454,7854,7885,8321,7947,8100,7536,8050,7555,2499,5966,5337,7902,2006,6899,7098,7269,8167,4682,7954,7036,5686,5666,8287,9277,7892,3742,7267,6177,7886,8207,6227,8380,3418,2872,2311,7553,7226,3334,8027
"COG0179",6486,6870,6183,8455,8761,8152,6083,5532,8846,6552,7053,6906,10467,8773,7935,7754,6890,6078,3314,7649,6884,7723,8333,7063,5044,2806,5186,9908,7315,7348,8567,5032,7635,9114,8005,10492,3744,6778,9890,6536,7054,7430,10485,7423,3893,8844,2277,6367,10453,7469,6200,7496,8101,9404,10240,5109,3810,6390,7879,6421,3220,7670,6042,6300,7193,8224,10256,7663,7232,2704,10871,7524,6257,2882,6284,6481,9779,7137,7544,7485,7737,9537,9799,8698,6484,7211,6929,9748,6613,8869,8320,7472,6986,6185,5855,2826,6559,9903,4688,7102
"COG0180",8483,8787,7990,6989,5641,9035,8059,3008,8659,6757,8902,8517,7635,8223,8382,8787,8231,8372,2979,9437,8534,8537,7435,7935,3280,3454,7021,7446,8574,8785,8119,4000,7555,7671,8938,7279,3360,7849,7732,8316,8270,8295,7826,8007,4353,9032,3020,3544,6825,4955,2924,2204,3024,2478,3282,2534,2629,2955,2909,2816,898,2831,2816,2729,2922,2949,2287,2769,2920,857,2614,1782,2710,729,2354,2743,2237,2937,2014,2841,2701,2796,2338,2526,3160,2813,1316,2675,2307,2786,2915,2297,2810,1259,1011,886,2805,2839,1164,2978
"COG0181",7891,8100,7396,6105,4050,8938,7380,2416,6869,4303,8195,8030,4849,6615,6084,5415,6995,8044,2322,8141,7156,7859,4547,7692,2642,2832,5004,4732,8244,9043,5154,2705,7286,6224,6387,4721,2622,5759,4911,7222,6892,5707,5154,7383,3201,7093,2167,2080,4027,3630,8178,5606,9021,5336,7009,6775,2162,7362,7615,7951,2027,8201,7172,8006,7687,7905,6711,6638,6112,2284,5153,4353,7204,1493,6195,7980,4724,7130,4230,7661,8478,5580,4853,6059,8210,5953,2808,5103,3283,6759,7952,3922,8190,3289,2318,2210,7939,4706,3032,7366
"COG0182",3140,2974,3513,1690,2827,3004,2587,779,3763,4565,4271,2891,3387,3701,4300,2934,3599,2820,1143,4232,2862,2875,4192,3910,728,1824,1404,4482,2420,2736,3918,1254,2776,4269,4046,4673,918,3331,5121,3287,3171,3324,5104,2997,1698,4149,963,602,3736,1941,2540,2288,3189,2878,6464,2148,2097,3460,3043,4155,1185,2208,2779,2719,3542,3343,1152,3706,3371,406,5068,2182,3246,1212,2739,3211,3824,3260,3159,2661,3264,5262,4534,1072,3213,3206,297,4747,4427,4132,3395,4466,2949,1595,507,1140,3372,4224,333,3573
"COG0183",18443,18635,15014,21426,23581,18807,16882,25379,22000,23430,17337,16569,26425,20823,22167,20860,20163,16208,10566,17618,18425,16640,22820,18145,24182,7157,16284,23544,17220,16810,20622,21915,18509,23534,20995,25690,13110,19770,23073,16457,18122,18459,26006,17256,20113,21530,6975,17427,25635,25344,18198,20560,18097,22643,25709,14249,14419,16653,19301,16561,8988,17933,16992,17446,17400,19911,22340,20858,22263,11382,24931,21778,15486,8482,15654,15835,23355,17141,22601,20206,16615,23369,23740,21421,21518,22035,21984,23032,24906,23335,20529,25361,18566,35451,22721,9566,16451,24780,16066,18504
"COG0184",2126,2047,2108,2058,1631,2263,1898,758,2197,1908,2022,1979,2199,2194,2317,2272,2107,1970,655,2423,2243,2081,2063,2046,787,844,1824,2360,2277,2172,2101,1034,1909,2784,2256,2409,793,1986,2413,1844,1963,2011,2674,1896,1354,2198,807,858,2113,1336,2325,1714,2236,2076,3144,2044,2185,1985,2214,2293,700,2108,2114,2081,2193,2444,2146,2072,2274,696,2441,1445,2199,587,1835,2055,2002,2113,1824,2182,2096,2739,2379,2370,2065,2043,955,1994,2093,2267,2299,1863,1958,1039,852,582,2060,2486,840,2188
"COG0185",2123,2017,2100,2010,1334,2276,2166,611,2267,1736,2248,2200,2162,2186,2049,2258,2257,2193,693,2283,2405,2157,1722,1951,522,841,1899,1769,2053,2050,1988,902,1882,1924,2429,1800,837,2224,2097,2175,2277,2294,2071,2198,1097,2321,810,591,1639,1068,2241,2109,2208,2025,2474,1957,2049,2093,2279,2332,693,2036,2131,2055,2294,2373,2329,2196,2444,658,1951,1218,2483,530,2123,2123,1898,2327,1361,2130,1816,2256,1860,1813,2161,2093,639,2093,1861,2151,2371,1759,2050,683,549,599,2162,2128,753,2292
"COG0186",626,569,506,575,508,644,522,174,586,456,560,508,526,613,549,613,552,570,210,619,614,615,533,519,168,284,512,634,566,600,570,297,530,610,612,549,311,584,581,523,574,587,605,572,384,641,235,157,526,375,1932,1549,1911,1743,2058,1831,1581,1649,1719,1823,669,1757,1624,1736,1770,1847,1933,1685,1824,578,1819,1425,1901,442,1561,1670,1649,1853,1279,1622,1683,1942,1627,1774,1805,1621,655,1784,1657,1877,1842,1426,1720,608,500,518,1599,1862,1053,1748
"COG0187",24695,24751,22539,31635,15309,27483,21240,11898,23573,18998,26083,24398,20280,21292,21199,23812,22271,23144,11858,23973,21938,24875,19994,23749,13128,11741,18450,18026,26029,25631,20070,11595,21617,14420,24973,15338,12489,28405,19147,23178,23178,23205,16933,22557,14988,24051,8993,10875,19271,14900,24106,23146,26757,20447,15984,19838,19019,22486,27621,25576,10731,26202,24481,25546,24247,29807,25143,24348,24997,9033,16255,18085,21167,7704,20923,22915,18359,22793,14842,23345,23952,18780,16622,31210,30015,25149,14919,19675,18360,22274,28395,17060,27329,14573,12159,13603,22420,19441,14261,23953
"COG0188",29922,28615,27691,33404,16744,31305,29005,13331,26111,21228,29584,31117,22661,25647,23236,28186,26859,29664,12105,27212,29251,30209,20844,26810,14721,13454,24407,19867,29271,30945,21350,11521,28142,15502,28263,17551,12063,31818,20986,28693,27741,26337,19837,27875,15361,27161,10203,11536,21834,16622,29067,28088,31195,24266,17999,28237,20092,28318,31902,30683,10583,30727,29967,29977,29040,32860,28701,28097,29198,10094,18408,19794,28132,7723,25957,28868,22262,28674,16471,27746,26593,19843,17947,33526,33742,28245,17041,21349,20560,25208,31822,19793,30897,17053,13410,14071,28504,20703,13225,29214
"COG0189",6921,7619,9067,7063,8107,7670,7701,14517,6992,4140,8791,7798,5859,6618,6991,5939,6990,7924,15936,7653,6926,8795,7016,8353,12400,13115,7292,6515,8370,7682,5877,13815,8688,11896,6701,7510,11193,9482,6376,7862,8189,6205,7089,7941,15929,7597,15722,19242,4958,7597,7472,8353,7884,5850,10228,7204,21253,7837,6974,8152,14916,7878,8809,7643,7592,7095,6344,6101,6099,20644,6833,8386,7304,13760,8816,8086,4802,6315,8816,7050,9474,8176,7837,6290,6973,5765,10229,5668,3999,6569,7133,4832,8188,10919,9767,20013,8809,6187,11637,6007
"COG0190",7290,7400,6731,6256,4723,7361,6772,2381,7135,6342,7877,7275,6347,6910,7233,6853,6800,7330,2165,7602,6959,7468,6973,6904,2436,2744,5303,6476,7453,7211,6063,2529,6789,6056,7443,6281,2259,6508,7377,6890,6991,6756,7070,6617,2717,7820,2252,1898,6233,3997,7066,6582,7142,6006,8129,5752,3037,7250,7246,6851,2260,6910,7030,7397,7526,7437,6373,7328,7159,1910,6951,5010,6812,1895,5854,6983,6469,7063,4858,6673,7348,7732,6274,6005,7817,7121,2920,6408,5353,6771,7480,6001,7270,2874,2230,2141,6960,7038,2762,7446
"COG0191",2601,2514,3145,3259,1370,2869,5004,1714,2145,2650,2049,4279,1935,2229,2060,2045,2500,3137,1160,1882,3086,3146,1415,2410,1330,1166,1175,1436,3576,2265,1205,1407,2321,1360,2225,1532,790,2226,1366,3261,2526,1354,1736,3833,2104,1741,934,1171,1645,1159,2054,2856,3213,2345,993,2513,1154,3379,3187,2057,906,3346,3424,3072,3097,2160,3632,1664,1930,1380,1349,1182,2743,763,3573,3849,2742,1663,1387,2547,3035,1227,1604,3990,1967,1504,1847,1020,1403,1913,2210,2164,2702,2020,1214,1186,3510,1093,420,1464
"COG0192",9758,9713,9433,8338,5761,10748,9370,3498,9739,8238,10158,9868,8563,8967,9136,9164,9131,9792,4446,9746,9111,10454,8401,9434,3990,4591,7458,8260,10048,10211,8151,3535,8967,8133,9860,7766,3608,8805,8810,9412,9119,8399,8796,8874,3763,10071,4865,3686,7791,5168,9737,9526,10577,7786,10521,8039,6046,9870,9940,9928,4002,10061,9232,9667,9930,9290,8216,9428,9591,2861,8732,5744,8683,2834,8737,9000,7729,9951,5681,8919,9214,9349,8151,8296,10572,9357,4651,8819,7747,9321,9544,7488,10068,4135,3504,3759,9295,9505,3399,10148
"COG0193",4378,4445,4179,4059,2351,4867,3731,2275,3886,3837,4817,4244,3469,3950,3702,3899,3988,4368,1347,4609,3939,4714,3236,4203,1807,1641,3426,3117,4634,4682,3332,1350,4079,2280,3970,2627,1457,3786,3330,4204,4168,4406,2798,3779,1456,4350,1375,1463,3097,2100,4422,3113,4615,3614,2836,4076,2047,4271,4070,4118,1250,4430,4411,4572,4299,4670,4117,4510,4235,1215,2886,2693,3998,1000,3661,4276,2965,4572,2297,3935,4493,3206,2753,4345,4920,4530,1737,3361,3533,3790,4323,3352,4391,2187,1622,1261,4306,3178,1480,4658
"COG0194",4224,4414,4055,4106,2448,4713,3729,1493,3573,3358,4642,3971,3085,3845,3262,3485,3770,3965,1937,4504,3758,4494,2908,4206,1834,2246,3444,2809,4352,4552,3419,1793,3967,2104,3907,2366,2098,4033,2832,3927,3742,4107,2426,3953,2553,4044,1908,1531,2928,2448,4313,3147,4790,3365,2315,3626,2315,4118,3825,4314,1798,4073,4221,4458,4128,4246,3984,4032,3559,1809,2517,2942,3893,1237,3329,4281,2649,4185,2251,3813,4327,2928,2495,4493,4768,4325,2294,3175,2863,3536,3943,2916,4574,1975,1620,1648,4217,2855,2371,4249
"COG0195",3779,3815,3388,3258,2137,4380,3555,1465,3370,3115,4215,4027,2914,3382,3049,3184,3399,3617,1168,3795,3455,4439,2805,3826,1596,1477,2621,2698,4096,4169,2999,1209,3400,2406,3455,2490,1253,2998,2934,3611,3517,3499,2737,3452,1654,3759,1100,1279,2771,1817,10686,11066,13169,8690,8732,9421,5467,11318,11018,12417,3312,11962,10984,11243,11191,10994,10297,10876,10278,2950,8228,6740,10312,2540,9640,11411,7553,10922,6229,9915,12086,8839,7666,10058,12291,11046,5182,9584,8257,9884,11055,8248,11553,4552,4542,2925,10917,8162,3599,11723
"COG0196",6528,6770,6529,6133,3764,7459,5862,2477,6063,5128,7726,6422,5430,6158,5664,5854,6281,6538,2111,7579,5999,6811,4762,6683,2620,2585,4941,4791,7121,7476,5018,2193,6127,3694,6192,4301,2355,5661,4947,6420,6061,5994,4283,6688,3126,6642,1991,1997,5012,3547,6850,3852,7336,5598,4182,5841,2926,6742,6454,7078,1937,6839,6534,6856,6833,7424,5772,6753,5688,1690,4719,4164,6216,1538,5631,7107,4923,6685,3638,6124,7073,4925,4204,7011,7621,7140,3131,4744,4598,5471,6867,4581,6987,3279,2467,1687,6869,4873,2497,6744
"COG0197",3308,3177,2820,2980,2014,3215,3242,906,3235,2513,3182,2896,2939,3193,3137,3365,3100,3072,951,3074,3370,3445,2832,2779,1002,1338,2943,2776,3225,3165,2735,1342,3098,3028,3526,2635,1253,3149,3181,2946,3363,3120,3042,3301,1780,3351,1208,927,2584,1721,3421,3237,3116,2622,3690,2822,3089,3082,3371,3183,1035,2956,3048,3202,3421,3295,3354,3220,3352,894,3036,2134,3656,785,2866,3087,2609,3542,2078,3075,2868,3258,2803,2724,3341,3034,1072,2983,2585,3224,3172,2585,3045,759,947,926,2860,3190,1334,3398
"COG0198",1842,1694,1499,1734,1244,1576,1808,653,1699,1486,1382,1666,1820,1786,1815,1971,1661,1746,540,1696,2173,1506,1745,1373,645,704,1882,1777,1629,1843,1694,796,1713,1698,1838,1718,687,1633,1896,1662,1622,1592,2008,1657,1065,1789,620,702,1652,1109,1992,1547,1638,1902,2216,2131,2037,1618,1843,1577,525,1607,1702,1868,1641,1697,1570,1614,1591,635,1850,1417,2058,343,1806,1713,1738,1857,1434,1849,1328,2093,1770,2066,1711,1665,702,1621,1863,1846,1738,1660,1633,791,639,513,1672,2007,889,1718
"COG0199",2065,2039,1956,2035,1064,2413,1940,681,1922,1178,2181,1881,1375,1951,1453,1769,1920,1996,742,2202,1897,2118,1228,1845,657,973,1460,963,2234,2169,1421,845,2043,1173,2122,916,935,1640,1081,1929,1952,1926,1053,2147,1164,2170,634,605,1004,963,1969,1690,2172,1561,1121,1831,1098,2032,2057,2363,698,2177,2070,2118,2107,2258,2394,1924,1715,650,1006,1030,2352,492,1798,2188,972,1845,945,1844,2075,1254,1037,1928,2053,1903,966,1412,840,1690,2199,899,1997,778,784,570,1914,1295,980,1908
"COG0200",3136,2971,2938,3031,2225,3447,2924,1320,3176,2736,3307,3018,3166,3044,3127,3067,3131,2959,1010,3429,3217,3451,2844,2895,1357,1320,2677,2894,3414,3395,2885,1392,2946,3187,3381,2989,1161,2992,3187,3043,3159,3058,3207,3216,1605,3471,960,972,2663,1789,3322,2545,3384,2976,3796,2971,1638,3075,3140,3540,1005,3286,2964,3276,3167,3322,2893,3254,3063,982,3185,2323,3317,730,2906,3087,2762,3111,2211,2979,3397,3452,3041,3068,3425,3226,1862,2946,2668,3113,3163,2579,3062,1462,1300,902,2927,3053,1300,3392
"COG0201",10472,10225,9770,9110,6343,11148,9746,3618,10363,8429,10743,10445,9360,9925,9489,10523,9985,10659,3508,10402,10671,11196,8673,9363,4117,4301,8701,8598,10427,10934,9283,3908,9414,8026,11262,7892,3905,10186,9091,9902,10289,8844,9146,10332,5136,11198,3867,3119,8278,5612,3613,3396,3654,3033,3540,3039,2955,3316,3536,3484,1123,3339,3308,3519,3586,3378,3579,3285,3449,1055,2924,2327,3607,833,3109,3249,2747,3542,2069,3311,3129,3019,2667,2924,3719,3589,1544,3265,2822,3475,3408,2657,3451,1626,1237,985,3267,3362,1453,3704
"COG0202",8350,7672,8003,8397,5149,8226,7238,3606,7789,7298,8530,7616,7328,7860,7452,7994,8019,7699,3333,8123,7675,8742,6559,7800,3621,4365,6249,6545,8128,8191,6935,3553,7290,6115,8580,6189,4140,7780,7133,7728,7985,7297,6802,7981,5025,8505,3676,4110,6508,4529,8182,7879,8353,7157,7450,6903,7152,7774,7988,8017,3735,8115,7964,8006,8500,8530,8274,7975,8067,2899,6633,5416,8291,3916,7498,7682,6442,7861,4891,7461,7752,7011,6237,8041,8779,7819,4361,7175,7057,7716,8691,7078,8370,3664,3719,2987,7544,7193,3668,8089
"COG0203",3022,2914,2659,2981,1970,3269,2650,1396,2648,2541,3204,2862,2147,2570,2307,2712,2758,2725,969,2910,2379,3342,2070,2804,1344,1192,2093,2254,3353,2963,2420,1212,2576,1953,2759,2112,1183,2382,2264,2742,2713,2861,2175,2850,1541,2879,904,1109,2229,1766,2889,2586,3141,2399,1860,2428,1346,2811,2670,3465,960,3103,3055,2894,2862,2863,2934,2947,2487,1042,2277,2031,2532,718,2474,2760,2486,2800,1696,2551,2975,2027,1968,3083,3270,2830,1622,2393,2507,2463,2873,2291,2953,1629,1292,884,2771,2116,1379,2969
"COG0204",4177,4262,3843,3791,3697,3351,3202,2760,4073,3311,3582,3558,3739,3719,3434,4442,3876,4043,2439,4110,4129,3674,3276,3589,2500,2030,4348,3039,3595,3606,3583,2679,3489,4659,3982,3059,2587,4286,3158,3794,3915,4099,3121,3283,3791,3968,1477,1724,3703,3274,13909,9422,10250,10978,8049,12057,8779,11692,12312,11613,6038,11043,12511,12936,11921,12961,11791,12124,13284,4853,8592,10347,11202,5114,10784,10269,10510,11931,10141,13382,9398,9165,9298,13052,15287,13222,8354,9940,11132,11144,12412,10588,12662,11469,6897,7018,11329,10532,9523,12070
"COG0205",4347,4739,3941,5008,2943,5379,3451,2501,4312,4743,4601,4422,3825,3481,4463,4454,4606,3985,1471,4053,3430,4716,4434,4659,1356,1337,2763,3971,5209,4806,3095,1335,3474,3300,4450,3278,1668,4214,4549,4254,4081,3583,4021,3987,1480,4379,1985,1885,4600,3155,4666,4380,5361,3543,3101,3221,2587,4362,4198,4509,1475,4352,5496,5414,4005,5387,4404,4417,4090,1079,3523,3426,3106,797,4016,3416,5021,4144,2675,3989,4089,4088,3681,5937,5526,4810,1967,3537,4917,4092,4850,4555,5003,2279,1050,1320,4696,4073,2384,4040
"COG0206",10394,10190,9606,8085,6591,10531,9943,3506,10731,8349,10248,10588,10717,9804,9560,11296,10552,10192,3876,10028,10477,10892,7808,9695,4464,4181,7574,9213,10214,10225,9212,3733,9211,8396,11378,8689,3588,10338,9447,9844,10499,10019,9209,9147,5818,10993,4622,3203,9036,5692,10397,11205,10582,8596,10189,8223,11549,10239,10787,10161,3495,9867,9739,10155,10466,9671,8857,10055,10727,3128,9374,7024,9304,2535,8821,9099,8970,10171,7102,10419,9491,8452,8770,7807,10648,10717,5306,10090,8687,10550,10265,8467,10092,4691,4034,3211,9722,11087,4060,11122
"COG0207",3607,3881,4474,7718,2247,3299,2427,8726,3122,1631,3128,2799,2950,2751,3006,3948,2562,2372,23370,2929,3067,3202,2757,4188,8487,20126,2812,2241,3889,3144,2473,6616,3157,2300,3485,1807,12148,3975,2257,2912,3031,3337,2214,3065,5741,3008,15480,10538,2365,2195,3719,4366,3164,2715,1825,2976,9113,2601,3952,2808,15416,4551,3473,3814,3167,4100,5349,3323,3657,10389,1635,2312,2673,14908,3993,2716,2518,2773,2521,3679,3180,2726,2288,7825,3967,3801,6735,2532,1454,3066,3921,1630,4583,2252,10619,16631,2850,2402,2646,2907
"COG0208",7975,11867,22117,15972,3419,7288,11144,28403,7647,5738,11914,8602,5290,7057,7848,18984,11269,12060,77406,7535,5013,9804,5675,18470,22922,67611,5162,3416,9326,6889,4308,22992,11641,3985,7965,2981,42716,25060,4666,16543,13464,7779,3819,10789,38486,8044,161370,43452,3190,3123,8163,19227,7057,4993,4734,4211,54063,15334,9875,9962,68316,13570,15838,10727,10893,10065,8287,14785,16793,83558,3037,3622,7211,55725,28133,10225,3562,8926,3416,7038,8939,5041,3375,14938,9957,8800,16336,4816,2856,6041,8924,3784,14094,3083,15646,83255,14036,3561,3562,9866
"COG0209",24406,31104,53183,41120,15508,21718,34399,99879,26963,20087,33893,25052,25552,25301,26686,53236,33012,32297,187945,24788,18755,28613,21108,53066,77625,191661,17648,21377,25860,20734,21280,77515,34342,20303,26748,20913,121372,62028,22986,42899,35025,27361,23573,29642,49538,30304,353751,114184,21055,12798,23565,50961,21829,20713,28168,14307,76804,40623,29014,30751,209481,35152,40788,29576,30817,27941,25206,39495,45256,192573,21787,14847,21046,227137,65088,28597,22593,27368,15387,22025,26719,23876,19980,35358,30107,29687,56344,24356,19421,25430,27120,18993,37289,18647,76066,195328,37994,23782,9314,29192
"COG0210",18993,19210,21314,17909,18705,19595,22096,99334,17480,20990,21076,20055,17736,17318,19123,17889,18364,20229,87345,19968,17778,20682,20525,19856,119092,97905,18914,18071,18534,19612,18267,67132,20923,19718,16774,18333,43983,19716,18942,20278,18445,20372,18662,22120,74607,19660,93963,170546,18039,19327,19497,18025,19540,18953,19148,19488,99477,19720,17913,23375,73422,19339,21118,19786,18315,17799,16109,19760,19092,194014,18244,19762,18064,55417,21192,19733,17787,19851,17899,17487,19573,19402,17456,19090,21592,20856,117173,17140,22357,17358,17356,19973,21135,22556,209032,127226,21360,16101,21061,18696
"COG0211",2118,1880,1880,1770,1125,2200,1791,693,1828,1449,2267,1985,1544,1675,1509,1749,1814,1880,608,1927,1864,2123,1276,1867,728,793,1493,1355,2078,1944,1517,812,1908,1217,2010,1212,839,1691,1410,1892,1900,1928,1381,1869,1010,1941,540,677,1324,1101,1943,1940,2114,1633,1254,1793,932,1869,1932,2262,586,1995,1817,1962,2104,1872,2137,2120,1954,609,1290,1240,1899,450,1772,1993,1513,2109,1076,1756,2032,1191,1279,1634,2020,1956,763,1503,1343,1747,1919,1366,1940,768,639,589,1903,1483,776,1978
"COG0212",2752,3420,2777,3103,2463,4113,2378,1613,3131,2694,3896,3204,2398,3049,3395,2654,2903,3138,1337,3945,3166,3652,3096,3175,1957,1292,2805,3057,3924,3945,2727,2477,3276,3183,3018,3012,1596,2349,3142,2766,3017,3083,3146,2951,2441,3443,1068,1887,2373,2221,3222,2099,3791,2184,4202,1981,1700,2961,3372,3267,1641,3858,3189,3459,3471,3546,3292,3188,2759,989,3203,2155,3334,3147,2356,3324,2625,3218,2551,2960,3833,3823,3155,3532,3468,3104,2154,2741,2134,2883,3436,2276,3483,2035,1709,1071,3157,2598,1626,3521
"COG0213",1657,1637,1213,1329,1643,1333,1194,3031,1904,3043,673,1170,2308,1516,2469,2355,1662,1127,540,1672,2018,967,2704,1231,2007,364,1945,2291,1168,1144,1831,995,1006,2610,1906,2007,600,1880,2528,1248,1383,1796,2588,1098,1880,1571,376,1981,2631,1426,1721,1248,1410,1804,1960,1764,4914,1248,1602,899,540,1082,1163,1487,1340,1818,1440,1708,1944,860,2118,1638,1135,394,1534,806,1872,1428,1808,2124,1006,2483,1977,1307,1281,2383,2951,1866,4217,2117,1830,3487,1344,2646,2449,610,1024,2494,528,1409
"COG0214",1179,875,1025,578,910,219,688,2,2115,1538,863,617,2820,1657,1585,2460,1447,931,360,1789,1571,606,1348,812,135,406,1019,1852,373,455,2504,131,941,1312,1949,1480,180,2152,1869,1175,1308,1632,2010,500,107,2572,547,3,2394,788,439,395,144,716,757,150,403,362,517,270,128,122,339,282,405,473,91,503,765,88,596,343,358,119,339,139,543,438,287,388,64,580,532,155,621,754,276,894,797,817,523,667,279,2,82,99,331,1113,109,385
"COG0215",10748,11301,10911,8804,7039,10963,11353,3913,11154,8083,11918,12111,11172,11136,10057,11130,11013,11827,3192,11864,10715,10542,8558,10391,4079,4003,8680,9685,10275,11624,10432,3686,9831,8861,11323,9399,3328,10521,9770,11504,10466,9934,10301,11284,4921,12260,4127,3410,9986,6084,11432,8015,11501,11047,11360,9741,7709,11892,10836,12376,3168,10150,11164,11455,11114,11426,9053,11439,11652,3098,10141,7464,10253,2392,10099,11397,9437,11712,7050,10505,9790,10331,9011,9694,12222,11436,4853,10170,9647,10765,11366,8614,10754,4539,3892,2933,12064,10811,3949,11563
"COG0216",8448,8077,7706,6843,4494,9237,8265,2768,7317,7209,8725,8704,6442,7312,6897,7321,7366,8361,2467,8362,7319,8800,6025,7661,2938,3164,6203,6188,8306,8855,6534,2564,7425,4474,7554,5148,2632,7176,6416,8342,7879,7247,5867,7949,3288,8102,2344,2294,6565,4382,8151,7070,9220,6817,5513,7215,4176,8388,7732,9349,2407,8142,8303,8370,8072,7889,6599,8329,7634,2164,5848,5182,7494,1806,7293,8010,6145,8274,4297,6990,7782,5968,5516,7025,9222,8833,3706,6599,6804,7267,7799,6564,8362,3477,2858,2183,8211,6387,2851,8726
"COG0217",5021,4898,4503,4697,3268,5230,3633,1951,4623,4498,5636,4366,4122,4202,4238,4231,4694,4314,2025,5383,3819,5279,4054,5153,2547,2304,2850,3848,5454,4748,4354,2591,3807,3250,4882,3495,2316,3980,4100,4464,4598,4955,3533,4065,2481,5192,1612,1789,4052,3180,4533,4090,4987,3904,3652,3462,2676,4748,5075,5763,1972,5108,5085,5237,4696,5256,4752,5184,4582,1667,3635,3367,3706,1675,4044,4169,3876,4529,3051,4356,5195,3807,3724,5083,5617,5250,2800,4344,4195,4538,5055,3958,5258,2729,2156,1891,4631,4027,2513,4806
"COG0218",1829,2419,1498,2992,1887,2751,1505,1598,1789,1375,1558,1886,1473,1670,1894,1548,1784,1514,958,1626,1783,1956,2007,1928,1877,619,1663,1733,2659,2376,1628,1733,1530,1843,1906,1454,1342,1494,1618,1371,1710,1595,1548,2047,1803,1505,636,1371,1628,1807,2130,1700,2432,1427,1207,1834,829,1393,2213,1192,944,2307,1952,2399,1885,2389,3234,1651,1500,924,1324,1995,1797,645,1666,1885,1884,1424,1918,2180,2235,1885,1662,3748,2009,1880,1464,1418,1005,1805,2378,1135,2474,2471,1634,1091,1622,1330,2216,1548
"COG0219",2550,2552,2908,2231,2204,2705,2762,1445,2606,2279,3183,2913,2634,2782,2419,2377,3065,3068,1157,3041,2479,2861,2578,2726,1161,1476,2385,2272,2556,2725,2604,1541,2855,2049,2598,1952,1842,2533,2286,2893,2641,2584,1996,2617,2052,2713,868,1705,2115,2239,2401,2358,2916,2551,1942,2524,1391,3005,2450,3394,1223,2737,2814,2625,2815,2658,2466,2618,2606,901,2112,2211,2789,726,2552,3119,2257,2568,2412,2327,3147,2287,2069,1826,2711,2511,1042,2216,1565,2313,2675,1828,2448,1035,1148,1142,3102,2103,2328,2747
"COG0220",2873,2880,2469,3584,1930,3182,2709,1790,2221,1589,2152,2777,1846,2495,2046,2184,2394,2428,1045,2048,2969,2613,1857,2452,1925,1196,3288,1647,3372,3273,2383,1654,2784,2015,2292,1574,1450,2035,1502,2337,2546,2118,1581,2604,2035,1614,739,1502,1699,1936,3118,2020,2980,2298,1121,3854,854,2466,2758,2035,926,3239,2757,3030,2708,2757,3874,2110,1897,1236,1428,2039,3364,635,2712,3032,1950,2466,1872,3031,3066,1849,1756,4107,1925,1892,1570,1457,1336,2032,2677,1357,2808,2432,1650,1005,2457,1483,2063,2375
"COG0221",1859,1075,1874,552,978,957,3352,1547,628,453,882,2391,494,1155,489,889,1204,2525,3153,535,2244,1279,477,903,2886,2871,2922,313,883,1697,821,1609,2295,1007,689,494,1733,974,155,1810,1350,1076,266,2072,1478,312,3547,1513,256,1032,1536,1422,1099,1467,320,4018,979,1619,1142,997,1667,1092,1702,1338,1467,338,677,758,910,1529,318,1326,2626,1429,2128,2296,340,1906,1050,1361,1040,310,671,526,209,474,2041,372,289,474,388,341,1040,1321,1709,2131,1965,425,1584,1372
"COG0222",2835,2628,2647,2534,1522,2986,3591,1193,2349,2442,2946,2976,2623,2601,2221,2483,2643,3079,890,2365,2478,2847,1771,2409,1018,1099,2420,1868,2995,2952,2107,1056,2862,1514,2542,1729,734,2316,2066,2860,2607,2518,1798,3087,2421,2729,857,1300,1970,1113,2984,2569,3087,2485,1582,2848,4005,2790,2652,2987,1173,2713,2813,3066,2571,2364,2508,2791,2556,957,1786,1831,2460,1086,2791,2922,2025,2896,1484,2323,2681,1793,1764,2738,2990,2730,1125,2285,2235,2466,2252,2187,2700,1246,1058,872,2927,2109,883,2857
"COG0223",8646,8663,8577,7245,5979,9456,7907,3462,8089,7507,10069,8563,7797,8180,7486,8026,8306,8837,6297,9856,8114,9284,6739,9169,4710,8706,7256,6941,8902,8798,8661,4823,7615,5821,8408,5868,6432,7822,7176,8435,8243,9328,6189,8144,5084,9345,6936,3975,6955,6287,8812,6162,9182,7651,6661,7380,6880,9093,8976,8920,6709,8634,8397,8674,8742,9057,7792,8622,7479,5078,6593,5785,7795,4812,7512,8497,6340,8380,5488,7718,8766,6813,6110,7730,9777,9925,4059,8318,7445,8328,8834,6963,8677,3895,3792,4921,9106,7631,4890,9289
"COG0224",7561,7679,6873,6069,4169,8074,7242,2592,6505,5979,8210,7808,5680,6689,6152,6205,6745,7526,2279,7620,6613,7831,5636,7181,2592,2901,5540,5337,7478,7901,5285,2698,6787,3831,6703,4425,2922,6339,5553,7626,6885,6712,4750,7535,3358,7395,2117,2348,5598,3950,7371,6561,8056,6130,4798,6679,3358,7484,7182,7133,2350,7205,7259,7343,7209,7191,6674,7554,7178,2078,4967,4854,6918,1702,6914,7651,4890,7554,3933,6533,6998,5259,4634,6233,7948,7086,3145,5347,5508,6085,7209,5175,7749,3104,2484,2010,7524,5139,3046,7106
"COG0225",2384,2472,2093,2033,1573,2905,2297,989,2215,1464,2689,2646,1700,2110,2132,2072,1985,2707,866,2420,2414,2671,1881,2026,1176,909,2068,1676,2595,2924,1638,1007,2367,1804,2293,1711,1078,1980,1685,2236,2363,2124,1704,2426,1126,2209,713,731,1648,1475,7682,5090,8704,5258,5977,6980,3105,7262,7504,8108,2429,7299,6828,7686,7762,7220,5955,6657,6350,2291,5148,4249,7400,1550,5466,7578,5672,7384,4371,7448,7289,5776,5219,7025,7515,6347,3574,4686,3775,5890,7083,3760,7225,4469,3310,2358,7459,5277,2663,7490
"COG0226",2498,2050,3041,3096,2612,2459,10857,18900,8626,679,8937,10631,7841,6239,1078,4568,8075,3678,3288,1351,2653,8944,950,1976,6273,6078,6056,1091,7530,2886,2722,4805,12292,2369,10186,1945,7892,4178,430,6651,13317,3044,809,7553,4620,6195,47309,13325,1077,2811,2191,15292,2996,6061,828,4946,1102,7286,7049,7501,7818,1698,4525,2206,11585,1812,933,4467,3656,3847,939,1865,3183,3047,4335,9056,676,3746,2857,2717,8851,534,1439,2439,822,2189,6174,1591,799,1999,1837,884,1889,8566,4949,5448,7645,5479,3210,3296
"COG0227",2039,2136,2074,1824,1169,2200,1916,829,1900,1597,2454,2070,1327,1829,1669,1840,2121,2105,791,2380,1812,2225,1466,2185,844,931,1543,1253,2214,2180,1318,868,1818,1187,1937,1012,882,1773,1310,2115,1927,1972,1186,2054,1104,2078,629,789,1149,1050,2097,1566,2262,1538,1238,1625,826,2162,2035,2868,708,2144,2155,2148,2091,2324,2000,2122,2068,625,1137,1285,1944,523,1729,2273,1024,2068,954,1921,2311,1442,1214,1965,2399,2006,1024,1439,1102,1588,2132,1270,2097,773,833,609,2220,1211,884,2097
"COG0228",3071,3227,2897,2881,1332,3142,2681,1069,2803,2517,3536,2910,2324,2757,2356,2593,3029,3186,903,3105,2723,3672,2024,3000,1021,1073,1996,1797,3474,3019,2098,845,2735,1299,2858,1546,892,2423,1946,2845,2777,2874,1838,2992,1099,3084,1190,1071,1885,1271,3270,2902,3252,2279,1749,2651,1486,3043,3214,3054,783,2938,3297,3410,3008,2934,3286,3171,3228,912,1722,1735,2911,679,2658,2954,1979,2901,1239,2750,3312,1991,1748,2990,3482,3164,1451,2218,2486,2664,3019,2344,3636,1124,1156,729,2916,2180,851,3242
"COG0229",5212,5032,3981,4326,3011,5521,4087,2304,4452,3390,5267,5002,3242,3947,4437,3854,3874,4846,1681,4878,4698,5169,4031,4237,2742,2019,3279,3719,5054,5233,3552,1783,4163,3741,4387,3715,1482,3396,4075,4159,4656,4116,3942,4690,1987,4543,1433,1594,3591,2562,4786,3972,5377,3365,4097,4514,2145,4462,4953,5688,1622,4848,4339,4984,4811,4864,4312,4362,3994,1451,3739,2838,4623,1038,3638,4555,4268,4303,2876,4569,4839,4064,3661,4859,5220,4444,2489,3592,2858,4167,4834,3211,5133,3737,2351,1637,4372,3798,1381,4836
"COG0230",190,298,274,322,156,366,353,221,228,150,319,437,184,269,177,289,268,350,32,328,231,271,144,266,143,59,121,177,327,393,171,201,191,144,272,170,109,202,176,320,266,229,166,388,42,290,101,84,155,129,206,133,415,166,179,144,66,336,301,347,125,225,295,319,311,348,618,338,313,82,150,123,210,48,253,390,164,267,89,332,323,171,205,357,196,281,68,165,74,177,301,188,266,375,182,45,355,212,51,287
"COG0231",4425,4347,3892,3968,3460,4724,4238,1718,4102,3637,4689,4463,4010,4260,4257,4325,4135,4493,1692,4569,4373,4494,4142,4233,1784,1972,3800,4030,4235,4717,4022,2299,4080,3850,4330,3805,2411,3842,4311,4327,4179,4341,4200,4243,2862,4686,1501,1390,3686,3275,4488,4284,4902,4050,4744,4276,3739,4344,4362,4336,1624,4403,4239,4330,4296,4293,3757,4521,4471,1521,3857,3667,4434,1108,4038,4194,3734,4595,3291,4149,4100,4403,3907,3924,4724,4455,1780,4002,3763,4187,4268,3707,4488,2626,1705,1405,4184,3942,3257,4597
"COG0232",4339,5532,5211,4414,3640,6201,3495,2679,5144,4326,6990,5172,4018,4994,4274,4181,5369,5318,2516,6088,3522,5398,3728,5451,3437,2299,2502,3611,5411,5683,4721,2664,3931,2664,5232,3701,3051,4555,3770,5521,5133,4470,3107,4587,4097,6042,2071,3664,3441,3491,4545,4120,6339,3977,3414,2272,2754,5506,5263,7091,2668,5299,5177,5181,5503,5916,4782,5761,5065,1833,3816,3398,3876,1781,4121,5280,3558,5130,3825,4709,5706,3345,3689,4026,6181,4930,4002,4199,3476,4568,5651,3548,5505,3909,3119,2396,5924,3688,2938,5013
"COG0233",4114,3917,3217,3278,2209,4358,3501,1422,3436,3211,3988,3694,2894,3339,3309,3334,3446,3757,1247,3861,3479,4308,3024,3354,1445,1497,3035,2884,4074,4046,3045,1324,3631,2054,3357,2532,1428,3250,3032,3630,3519,3730,2673,3518,1947,3756,1177,1218,3011,2142,3690,3170,4210,3404,2593,3617,1812,3723,3653,3431,1170,3607,3756,3766,3634,3679,3268,3633,3442,1208,2701,2524,3463,888,2873,3720,3065,3980,2150,3466,3759,2987,2501,3878,4305,3982,1823,3100,2846,3460,3694,2856,3918,1708,1363,1139,3865,2800,1538,4071
"COG0234",1007,962,1022,1060,598,921,912,4764,819,992,1029,817,837,873,829,829,845,895,3933,894,856,1119,748,944,4661,4155,663,718,903,913,759,4213,1090,766,869,662,1556,1101,764,893,927,842,682,945,3740,976,4485,7047,843,510,2800,2772,2651,2527,1797,2730,14975,2616,2558,3138,10885,2744,2878,2966,2792,2537,2435,2861,2782,17760,2077,1869,2557,6315,3339,2759,2157,2964,1585,2543,2877,2033,1872,3038,3037,2895,11131,2440,2798,2462,2538,2417,3138,3171,30191,15443,2669,2289,1254,3039
"COG0235",4746,5019,4558,4595,4084,4670,4612,3202,4653,2632,5296,4162,5558,5041,4092,3413,5523,3860,3015,4341,3932,4600,4369,5515,3433,2739,3183,5134,4516,4224,3804,3231,4795,2691,4655,4571,2961,4114,4072,4837,4402,4866,4709,4599,2814,4400,4812,3085,5110,4849,4125,4727,4710,4243,4157,3226,1532,4755,4614,4466,2703,4663,4618,4941,4416,4898,4499,4601,4558,2785,4561,3963,4109,1815,4479,4772,4402,3851,4156,4459,5433,4190,4796,3793,4466,4653,3183,4645,2388,5304,4935,2531,4940,2609,3182,2177,4550,3989,2875,4352
"COG0236",1972,1845,1660,1778,1408,1995,1967,1791,1603,1632,1719,1960,1464,1720,1643,1576,1486,2039,958,1670,1762,1864,1407,1537,939,958,1737,1362,1827,2019,1561,1048,1732,1561,1581,1325,936,1390,1449,1980,1854,1833,1395,1898,1215,1479,907,3001,1531,1162,1972,1783,1913,1670,1109,2835,1179,1860,1747,1970,1180,1959,1655,1852,1834,1615,1760,1672,1539,1238,1355,1372,1771,820,1541,1836,1615,2030,1188,1589,1737,1325,1253,1995,1471,1584,848,1623,1394,1611,1618,1430,2027,1050,833,1041,1742,1400,1046,1936
"COG0237",4427,4424,4403,3727,3107,4680,3743,1543,4309,3694,4582,4269,4180,4536,4433,4520,4294,4208,1474,5261,4763,4346,3896,4132,1555,1683,3575,4168,4520,4457,4363,1590,3886,3601,4367,3843,1636,4087,4406,4283,3866,4321,4289,4101,1696,4846,1497,1552,4371,2594,4798,2614,4656,4460,4693,3852,2613,4313,4330,4195,1354,4208,4122,4325,4361,4939,3612,4343,4064,1312,4263,3263,4535,1130,4016,4569,3991,4555,2956,4334,4447,4631,3772,4472,5190,4984,1774,4159,3744,4377,4773,3626,4442,1569,1397,1126,4342,4625,1753,4318
"COG0238",1526,1599,1352,1685,973,1742,1393,512,1493,1370,1724,1607,1301,1479,1306,1576,1530,1516,614,1891,1498,1723,1265,1278,396,656,1289,1336,1581,1706,1408,685,1444,901,1607,1134,714,1488,1431,1523,1545,1699,1165,1691,926,1785,541,337,1365,980,1679,1050,1805,1464,1136,1397,868,1566,1618,1853,513,1493,1489,1525,1630,1766,1833,1768,1776,554,1195,1143,1618,401,1143,1652,1327,1675,964,1336,1668,1235,1114,1674,2048,1954,530,1304,1295,1508,1696,1273,1631,476,491,462,1621,1272,833,1600
"COG0239",629,762,554,883,802,674,351,766,738,386,378,512,641,584,562,487,560,422,312,654,588,507,582,651,916,277,744,588,547,528,913,739,636,792,613,624,644,499,466,430,595,744,447,467,672,538,259,821,605,960,696,599,575,718,370,452,293,427,619,421,363,702,589,662,608,825,915,539,460,476,532,622,499,119,459,454,554,575,879,782,574,418,588,1066,838,749,778,622,215,742,727,375,666,1100,777,285,387,596,941,426
"COG0240",1826,2223,1940,1988,1325,2372,1529,984,2114,2056,2436,1848,1842,1931,1985,1842,2005,1836,689,2370,1751,2029,1785,2271,935,678,1130,1800,2152,2101,1742,714,1551,1092,2185,1536,732,2029,1854,1797,1932,1840,1732,1949,1037,2226,609,771,1887,1216,6222,4594,6824,4851,4861,3473,3511,5712,6314,6507,1979,6317,5617,6027,6184,7174,6727,6374,5950,1603,5302,4498,5136,1540,4707,5618,5236,5364,3986,6189,6652,5289,5041,6047,6782,6478,3232,5161,5539,5588,7077,5437,6616,3009,2567,2558,5882,5445,2855,5990
"COG0241",1483,1583,1694,1983,2407,2547,1504,1892,2002,3079,1700,1593,2050,1828,2482,2612,1732,1425,1138,2257,1908,2183,2676,1719,732,935,2206,2280,2356,2225,2172,1199,1984,2509,2036,1880,1326,2217,2660,1532,1856,2290,2245,1577,1937,1883,815,2045,2145,1973,1646,1866,2172,1673,1965,1342,2995,1539,1864,1802,1503,1907,1800,1570,1804,2026,1619,2224,2545,949,2100,2454,1683,786,1348,1489,2036,1942,2589,1760,1900,2393,2364,2164,1770,2283,451,2321,2782,1767,2019,2787,1853,616,761,1233,1593,2560,3109,1994
"COG0242",4965,6038,6190,5511,3117,5465,6040,8605,4999,4863,6656,5668,4675,5171,4782,5910,4813,6200,13783,5442,4886,6464,3776,5901,7602,12216,4880,3724,5343,5751,4617,9004,6174,2695,4790,3453,7153,8387,3908,7348,6446,5067,3365,6056,7916,5571,19431,9181,4018,2797,4923,5838,5375,4683,3323,4246,17631,6950,5401,6168,22351,6396,6389,5584,6025,5178,4743,6012,5530,21174,3630,3359,5451,17234,6978,6341,3727,6338,2593,4830,5493,3852,3352,5541,5404,5295,6720,4544,3945,4606,5177,3893,6568,2917,7534,14927,7135,3878,2077,5912
"COG0243",7358,5769,7985,9640,12974,5180,10642,12380,10369,26305,4548,7429,17197,10907,14837,9989,10322,5187,6048,5679,9982,7142,15793,8836,7992,5422,9376,15046,7795,4557,13511,14996,10032,6974,9971,13925,9783,9895,18060,7883,7363,8691,15721,8728,15670,7212,3011,12807,17659,15942,5331,12015,6373,12956,10395,8678,11143,7208,8084,4147,4430,7124,7106,6465,7128,7416,7460,7982,9223,5065,14474,13873,8641,4968,10697,8038,14383,7291,12871,8691,9850,14041,13564,8117,4554,7234,4200,13453,28862,11153,7642,24739,5530,13043,7468,4359,7989,15361,13123,6274
"COG0244",4491,4289,4133,3894,2825,4313,4576,1711,4620,3392,4362,4486,4790,4479,4177,4736,4493,4537,1424,4520,4874,4532,3659,4033,2000,1795,3582,3964,4115,4563,4272,1672,3941,3757,4687,3614,1660,4340,4047,4360,4414,4330,4063,4412,2210,4702,1713,1555,3959,2328,4658,4509,4564,4317,4809,4058,4605,4331,4648,4099,1410,4086,4191,4386,4557,4494,3538,4344,4647,1402,3928,3038,4516,1157,4212,4357,3691,4618,2831,4232,4037,4363,3760,3895,4596,4172,2090,4553,3881,4623,4530,3427,4392,2108,1834,1297,4349,4608,1923,4388
"COG0245",5494,4975,5255,3629,2122,5477,4835,1983,4024,3919,6077,5351,3727,4565,3941,4158,4917,5361,1317,5722,4683,5305,2975,4984,2483,2145,3736,2828,5156,5503,3665,1217,4999,1509,4491,2550,1454,4183,3290,5174,4392,4454,2429,4763,1584,5297,1321,1834,2830,1995,5234,2907,5434,4045,2568,5027,2279,5439,4349,6464,1307,4819,5029,5267,4889,5226,3010,5197,4079,1276,2689,2658,4921,1120,4479,5186,2305,5476,2084,4404,5343,2890,2275,3388,5981,5884,3110,3632,3453,4276,4908,3331,4934,2346,2266,1063,5524,2878,1236,5649
"COG0246",1312,1912,1322,4313,2015,1533,1104,631,1751,419,1468,1235,1311,1201,1006,1329,1755,1248,1309,1212,804,1529,1237,1223,1200,1258,1628,1128,1901,1513,1124,3227,1243,1162,1397,980,3278,1262,581,1324,1828,1480,800,1128,2380,1326,1097,872,586,3390,1606,2475,1561,1250,814,891,1008,1230,1643,1089,1440,1571,1802,1642,1340,1592,3037,1483,1815,1445,829,1971,989,831,1557,1294,702,1293,2900,1679,1957,788,1604,3595,1720,1183,2520,892,476,1195,1467,776,1616,2324,1353,1187,1427,965,4599,1246
"COG0247",8022,9512,12881,13352,10343,5959,10006,5124,14217,23999,9914,8662,17082,11945,17464,14685,16202,7898,4817,10406,10105,9548,16987,15147,4251,3959,7268,17587,10706,6098,13752,5636,9777,7783,13390,15137,3776,13107,21355,11162,10808,10948,16901,7802,3765,13050,4705,5824,19687,10337,8963,12208,7039,13373,12045,5902,14841,11569,11941,9097,4680,10336,13310,10258,10868,13107,11001,10432,13018,2291,16896,12427,7992,3910,12422,7533,18683,9509,11214,10614,10563,15688,15609,12750,11288,9878,2946,15612,25732,11370,13024,22137,10537,5865,3136,4650,10391,19244,6390,8688
"COG0248",4388,4540,4497,3769,5285,4143,7089,5515,3933,1749,3440,5968,3256,3738,2546,2770,4082,5647,2542,2853,4948,9824,2659,3414,6283,3120,6377,2338,9541,4813,3248,5363,9484,5916,6067,2546,5352,3311,1772,4760,7049,3625,2111,5019,5125,2503,1485,4888,2100,5533,4835,5434,4278,4461,2082,7234,2968,4753,4121,3825,2823,4005,5433,4961,6798,2546,3716,3056,3063,3547,2123,5327,4911,1386,5020,5585,2140,4235,4769,4548,10497,2168,2940,4457,2916,2681,5990,2233,2588,2756,2503,2114,4308,6830,5369,2627,5171,2102,8007,3526
"COG0249",9280,8680,10204,14116,7446,6996,13028,7293,7858,7731,7214,11524,9208,9566,7373,9297,8503,10899,5880,6879,12007,8009,6284,7837,7435,5094,12627,6930,9229,9347,8752,5877,8584,7940,9076,7223,5414,8397,6635,11505,9369,8138,6437,11589,6815,6879,2825,7109,8457,7650,3332,3005,2698,4148,1326,4731,2370,3369,3217,2597,1652,3573,3213,3299,3142,2831,3945,2409,2803,1681,2386,2593,3784,1425,3894,4004,3177,3447,2379,3659,2600,1870,2383,5024,2082,2425,2282,2228,2878,2482,2948,2811,3447,3121,2164,1849,3238,2433,2389,2754
"COG0250",4464,4352,4176,3912,3010,4664,4234,1842,4585,4352,4259,4233,4621,4388,4351,4750,4316,4501,1693,4468,4931,4766,3829,4036,2016,1843,3863,3913,4505,4612,4248,1977,4370,3068,4759,3607,1914,4480,4048,4291,4461,4643,3888,4252,2321,4525,1440,1593,3970,2730,4792,4400,4611,4139,4005,4190,3744,4353,4617,3796,1653,4385,4295,4505,4421,4292,3998,4512,4498,1476,3829,3176,4235,1229,3908,4160,3718,4463,2708,4426,4025,3904,3544,4491,4724,4497,2566,4411,4141,4468,4462,4057,4335,2510,2159,1598,4201,4852,1987,4597
"COG0251",5491,5324,4505,5256,6194,4599,4826,4071,6005,6771,4046,4456,7764,5915,6820,5551,5531,4669,2588,4908,5663,4531,7385,4760,2745,2092,5216,8364,4763,4584,6587,3315,5612,3736,5751,8028,2371,5050,8384,4496,4899,5691,7867,4773,2887,5168,1723,4628,10562,6356,5777,4996,4593,6093,5152,5314,3674,4668,5811,4353,2107,4856,4460,5470,5036,5427,5846,4911,5208,1999,8019,7168,4966,2247,4679,4395,8426,4704,5374,5819,4627,7082,6853,5896,5361,5382,3529,7722,6826,6890,5800,6893,5240,3112,2914,2333,4543,7720,4542,4975
"COG0252",495,365,376,695,1008,115,268,230,737,443,132,179,826,713,758,715,443,241,420,505,726,119,830,347,520,410,576,1005,193,161,966,697,307,1259,796,1195,543,630,1010,258,487,529,1111,255,753,738,357,466,1022,900,1567,1549,407,2210,3694,1869,5022,992,1962,494,1176,861,900,1023,1193,1643,2550,1057,1892,1092,3693,1965,1793,1136,1205,521,3293,1019,2881,2073,456,3206,3354,2778,647,1058,1660,3371,1991,2713,1759,2054,1092,1849,694,1000,558,3917,2322,949
"COG0253",6049,6663,6631,4884,3264,7003,6630,1937,5652,4244,7734,7144,4818,5844,5009,4855,6177,6859,1901,6757,5918,6439,4092,6626,2275,2419,4535,4211,6478,7106,4421,2146,6035,2852,5725,3491,2476,4969,4142,6570,6014,5822,3694,6770,2671,6285,1916,1498,3970,3259,6308,4409,7127,5117,3764,5082,2061,7110,6146,6825,1927,6255,6604,6633,6780,6309,5331,6087,5602,1866,3930,3686,5953,1326,5721,7256,3751,6123,3177,5576,6797,4044,3519,5264,6698,6013,2713,4529,2767,5083,6119,3386,6503,2911,2191,1759,7153,4070,2435,6418
"COG0254",1914,1865,1701,1694,1167,2293,1660,723,1666,1499,2069,1828,1340,1668,1541,1718,1587,1795,681,1910,1750,2187,1310,1761,619,705,1604,1320,2001,2142,1353,789,1671,1144,1779,1139,929,1513,1305,1695,1855,1802,1220,1894,829,1831,593,609,1351,1100,1945,1627,2168,1550,1191,1785,810,1747,1862,2285,709,1792,1808,1899,1918,1760,2004,1938,1736,629,1289,1351,1761,542,1555,1960,1290,1829,1019,1712,1699,1320,1184,1870,2105,2110,705,1385,1313,1660,1790,1298,1928,725,649,549,1739,1277,1049,2014
"COG0255",314,242,230,469,420,193,181,281,285,442,149,146,335,316,262,309,221,173,163,209,304,261,319,216,310,189,573,393,305,160,408,435,417,237,228,376,332,194,307,170,239,375,342,264,583,210,72,143,422,445,241,335,187,377,227,286,351,216,314,138,157,366,243,282,222,286,416,289,297,208,361,434,347,129,242,284,379,333,326,364,424,302,314,452,152,292,536,259,525,290,280,431,216,439,389,126,157,270,370,361
"COG0256",2554,2446,2243,2254,2043,2577,2312,791,2662,2213,2528,2250,2454,2560,2765,2761,2417,2408,810,2863,2543,2685,2377,2283,746,1085,2246,2706,2532,2676,2430,1167,2395,3048,2753,2698,972,2424,2688,2482,2540,2554,2941,2377,1502,2819,957,826,2457,1448,2627,2300,2737,2403,3645,2386,2756,2439,2549,2782,837,2487,2398,2529,2459,2780,2133,2485,2521,718,2796,1889,2627,611,2271,2364,2465,2590,2022,2476,2313,3099,2672,2447,2765,2635,887,2475,2465,2539,2654,2319,2405,1066,735,712,2376,2748,1246,2590
"COG0257",57,74,133,154,173,97,70,146,82,25,65,52,41,60,38,37,163,56,95,95,182,166,87,136,83,89,84,72,130,69,81,240,125,92,115,65,335,70,30,50,148,70,41,76,266,45,51,207,24,269,54,230,45,114,30,69,134,74,109,77,104,131,109,93,177,64,231,45,59,175,45,63,214,53,144,103,8,43,157,109,172,54,101,119,32,58,217,21,40,30,77,31,87,44,173,69,70,32,297,37
"COG0258",19455,20003,24501,21997,11839,16213,20556,21850,16955,14561,22456,19426,16283,17568,15948,16346,20021,20203,50250,20404,17238,20524,12863,22683,21520,41886,13428,12992,19359,18068,15004,22114,20560,13350,18863,12223,26516,24634,13733,21960,19081,18749,12853,20296,20930,20841,43906,26628,13583,10440,18409,18084,17080,16301,15441,15078,45335,22395,18671,22789,40844,19678,24173,20619,19291,19449,17641,18982,17814,39999,13309,12857,18283,48651,24415,20105,12947,17854,11287,17540,19420,14339,12852,22287,23722,19836,19098,15926,13879,17432,19100,13685,21000,9814,14558,41824,23522,14098,9576,18276
"COG0259",3440,3942,3146,3466,2186,4553,2731,1396,3698,2938,4554,3662,2739,3277,3173,3029,3390,3575,1346,4085,2649,4116,2743,3630,1822,1406,1979,2351,4179,4038,2344,1591,2795,1997,3676,2249,1704,3238,2695,3535,3332,3670,2331,3688,1936,3778,1172,1709,2314,2162,3748,2891,4406,2572,2461,2024,1223,3779,3594,4058,1300,3972,3480,3967,3614,4045,3613,3881,3707,1019,2351,2282,2841,957,2788,3603,2447,3336,2141,3435,4133,2679,2377,3745,4591,3640,2065,2739,1801,3157,3934,2131,4026,1937,1667,1194,3864,2506,1817,3824
"COG0260",10663,10463,10567,8803,8643,11374,10341,6197,10282,8584,10807,10562,10292,9920,8443,9440,10485,10529,4497,10099,10318,10564,8342,10236,7580,5170,9736,7906,10301,10723,10164,6132,10003,9026,10200,7200,7383,9708,7914,10014,9570,10657,7274,9719,8840,10656,3204,5693,7956,8626,10458,10276,11286,9252,6850,9641,6954,10345,9609,10799,5147,9842,10192,10264,10145,10071,8646,9812,9945,4202,7441,9151,9889,3434,9256,10261,7384,9894,7866,10070,10884,7586,7666,8022,10401,10461,7142,9951,8586,10595,9981,8075,10191,7208,6206,4274,10527,8611,10483,10160
"COG0261",3358,3443,3218,3097,1665,3608,2957,1539,2865,2344,3759,3290,2561,2984,2450,2760,3007,3434,915,3473,2991,3557,2012,3253,1480,1130,2564,2138,3593,3576,2443,995,2934,1659,2992,1803,931,2807,2228,3209,3095,3067,1917,3647,1263,3160,951,1465,2261,1476,3482,2541,3774,2690,1988,3026,1576,3402,3317,3813,802,3527,3231,3404,3303,3554,3696,3151,2975,841,1977,2040,3403,578,2792,3535,1994,3225,1576,3111,3630,2043,1903,2982,3445,3234,1528,2478,2309,2810,3425,2073,3471,1874,1560,743,3290,2226,1000,3205
"COG0262",1873,1957,1889,3691,1454,2071,1194,1502,1826,1301,1756,1721,1808,1638,1813,2442,1463,1485,1493,2004,1851,1803,1807,2166,1558,1142,1657,1459,2342,1923,1753,1465,1326,1691,1898,1312,1670,1667,1640,1530,1735,1948,1452,1778,1927,1959,684,1292,1569,1527,2141,1721,1993,1723,1258,1652,2527,1490,2428,1881,1387,2416,1989,2310,1754,2400,2693,1965,2181,1297,1342,1541,1565,1270,1547,1366,1306,1665,1323,2173,1848,1889,1512,4167,2028,2116,2154,1622,1400,1710,2430,1486,2349,1182,1319,1550,1418,1504,1785,1531
"COG0263",6358,6438,7375,4973,5059,8262,7898,3785,6396,5219,8685,8175,5671,6697,5030,5464,6977,8098,2634,7652,6157,7432,4874,7154,4660,3283,5581,4639,6995,7819,5767,3783,7156,5169,6048,4425,4528,5992,4483,7868,6819,6303,3888,7979,4331,7021,2166,3103,4309,5391,5922,5862,8384,6342,4416,5524,3016,7915,6216,9227,2958,7151,7233,6495,7076,6909,4791,7003,6528,2773,4492,5165,6675,1841,6567,8342,4149,7339,5042,5924,8218,4388,4330,3926,6597,6453,4584,5775,3959,5765,6722,4368,6311,5199,4231,2364,8481,4579,5647,6998
"COG0264",5693,5494,4951,5509,3452,6454,5140,2386,4950,4557,5979,5473,3958,4842,4784,4805,4970,5394,2070,5677,4859,6365,4206,5070,2859,2406,4261,4047,6125,5964,4244,2306,5220,3169,5197,3695,2417,4481,4291,5248,5220,5369,3735,5540,3029,5240,1725,2030,4099,3338,5683,4745,6343,4452,3516,4685,2628,5387,5418,5721,1892,5731,5431,5495,5589,5549,5453,5444,5020,1827,3764,3683,4984,1413,4163,5625,4118,5409,3406,5111,5664,4094,3628,6180,6314,5487,3501,4304,3940,4537,5347,4068,5595,3209,2542,1782,5396,3866,2657,5701
"COG0265",16832,15078,15504,12914,13177,16980,16138,15277,15138,20243,15081,15698,16140,16217,15500,15165,15023,15558,8027,15084,15746,16850,14174,15890,11597,9329,16362,15281,15975,16713,19150,17284,16696,15194,14814,14625,8260,14780,16159,15110,15021,15368,15046,14204,15577,15692,5323,10561,16148,12414,15546,14621,16400,16338,13846,17936,22410,14724,14503,14896,9676,16241,16001,16221,15323,13708,11054,16072,14464,7061,15230,13217,15921,17667,15359,15427,17071,16664,12438,15005,16260,14491,13435,13212,15133,16998,12074,19015,23111,17689,14052,19101,15557,13393,12967,6419,14490,16078,10043,16798
"COG0266",6613,6383,7100,4739,4089,6635,6251,2209,6159,3375,7194,6355,5834,6338,4951,5836,7266,6534,3350,7007,6794,5901,4378,7162,2960,3714,6046,4911,5848,6578,4826,2865,6750,3832,6152,4499,3393,6749,4496,6938,5992,6013,4300,6780,3155,6264,3136,2228,4922,3984,6969,4414,6718,5799,4450,5937,2272,6854,5757,6669,2543,6259,6939,6569,6403,6866,4575,6133,5051,3449,4911,5349,6514,2005,6412,6437,4406,6194,3607,6570,6814,4408,4337,4276,7854,6603,5421,4315,3377,5781,6703,3153,6409,2829,2587,3032,6803,4742,4050,6457
"COG0267",705,635,667,762,561,571,691,323,534,456,498,642,459,547,550,632,625,630,239,527,808,610,549,566,444,387,768,466,644,697,421,464,798,610,599,429,407,470,469,565,666,496,465,748,458,424,219,312,562,567,590,591,521,533,403,1042,360,644,669,549,253,630,736,653,739,547,1029,537,521,364,426,677,962,92,699,797,542,687,470,730,565,544,434,795,445,462,429,303,367,399,545,406,662,683,402,224,621,390,548,651
"COG0268",1525,1490,1666,1497,993,1922,1576,807,1386,1302,1990,1554,1081,1480,1365,1381,1667,1585,586,1983,1560,1830,1242,1752,980,750,1508,992,1517,1859,1200,752,1577,1010,1498,886,754,1476,1190,1676,1526,1583,962,1798,1150,1534,400,934,976,997,1542,1270,1816,1291,985,1494,736,1698,1542,2151,629,1946,1578,1546,1664,1708,1400,1649,1464,609,933,1112,1781,452,1461,1973,992,1777,966,1446,1824,1209,991,1514,1458,1490,1146,1239,1086,1151,1678,1012,1488,1170,979,518,1650,1085,1041,1854
"COG0269",13,30,37,84,50,21,52,414,78,577,11,23,73,57,86,66,82,42,6,36,30,36,68,96,71,3,30,59,7,32,85,26,40,43,33,70,3,20,46,52,42,32,62,27,12,38,6,33,57,40,24,34,13,85,18,18,105,50,98,26,44,97,62,23,46,44,94,14,30,9,97,56,43,5,44,15,139,149,102,48,9,60,163,85,11,9,17,110,643,28,35,553,31,219,101,12,29,98,32,71
"COG0270",4706,3418,6217,6046,3828,2817,4287,24678,3368,2567,4389,2953,3638,3863,2828,5033,3427,3873,48472,3463,2962,3154,3356,5299,33427,67083,4998,2017,2831,3534,4427,30995,3685,3392,4023,2631,39490,8716,2051,3570,4466,4444,2360,5062,14320,4447,39273,40957,1707,3238,3470,4723,2911,3756,4012,4309,19680,3516,3684,4658,71706,3833,4412,3296,3668,3446,3947,3983,4179,64816,2093,3428,4082,156447,6098,4034,1608,3901,2323,3929,3553,2788,2606,4864,5475,4754,26622,4443,3080,4168,3293,3030,4773,5946,49399,71160,4484,2356,6999,3707
"COG0271",1615,1579,1436,1312,1046,1729,1446,865,1368,1228,1617,1539,1311,1443,1301,1443,1477,1550,505,1523,1585,1532,1208,1418,917,576,1572,1061,1486,1636,1287,797,1471,893,1513,968,709,1452,1175,1435,1307,1542,975,1550,894,1455,374,938,1094,955,1552,1236,1778,1278,954,1546,863,1460,1458,1831,509,1460,1366,1590,1489,1632,1353,1585,1437,535,951,1073,1540,373,1310,1661,930,1560,910,1603,1759,1100,1000,1232,1326,1512,735,1244,1379,1413,1636,1150,1355,1082,917,463,1583,1297,780,1698
"COG0272",15558,14897,15728,14700,8014,15297,13292,6934,14256,13060,16766,13970,13476,14238,12645,16638,14716,14658,11081,16112,14801,14821,10387,15342,6884,11545,15516,10328,13403,14852,12779,8889,16867,8298,15155,8764,8820,15172,11285,14971,14446,15993,9848,13838,9299,15527,17403,7652,10953,7132,16612,11418,15149,13555,9510,15322,14369,15221,15143,17984,9689,14247,15428,15318,15313,15862,11673,16004,16078,13671,9925,9774,14342,7078,14028,14793,10830,16653,8077,14981,14177,10316,9121,14718,17336,16264,8463,12400,11660,13414,15234,11245,15757,6842,6664,16513,14975,12562,5509,17150
"COG0274",2263,1948,1942,1880,1330,1150,2433,849,1734,2659,1484,2185,1693,1625,2138,2411,1984,2310,739,1672,2365,1439,2040,1388,1328,2497,2313,1881,1192,1715,1122,553,1959,2105,1674,1417,832,2374,2274,2286,1763,1882,2170,1905,366,1456,1968,1299,2200,837,2274,1629,1381,1617,1537,2833,1610,2157,2114,1433,1112,1450,2057,2200,1907,1659,1180,1847,2413,527,1870,1539,2154,4890,2535,2104,2092,2145,960,1933,1077,1937,1824,2083,1621,1588,1733,1175,3156,1571,1727,2687,1821,1534,775,625,2234,1695,290,2068
"COG0275",6320,6509,6361,5883,3717,7156,6512,2453,5728,5402,7365,6931,5273,6079,5543,5808,6281,6767,2077,6954,6011,7173,4514,6372,2681,2389,5228,4655,6675,7152,5063,2059,6078,3738,6046,4183,2286,5888,4887,7207,6149,6493,4435,6698,2792,6711,2069,2072,4793,3296,6718,4366,7110,5708,4323,5564,2947,7208,6067,6861,1966,6620,6981,6639,6611,6916,5796,6803,5890,1978,4457,4167,6102,1470,6325,7052,4770,6979,3653,5802,6785,4637,3990,6518,7511,7084,3129,5087,4894,5519,6571,4850,6643,3180,2401,1732,7016,4879,2577,6906
"COG0276",8746,8780,7776,6000,3401,8446,7441,2841,7037,4471,8675,8693,4763,6517,5475,6911,6590,8852,2782,8459,7431,8040,3922,7631,3102,3451,6129,3406,7889,8720,5929,2726,7127,3384,6448,3246,3277,7041,3763,7575,7490,7323,3238,7213,3586,7107,2141,2582,3393,3531,8754,6240,8789,5813,3754,7715,2162,7902,7918,8133,2411,8208,8042,8915,8039,7708,7429,7674,8210,2337,3440,4370,7196,1686,6705,7990,3705,8513,3338,7672,7694,3570,3376,6109,9459,7990,3612,5821,2985,7098,7567,3307,8773,3406,2902,2340,8167,4070,3399,8584
"COG0277",17740,16565,19763,18871,19071,15328,19981,14577,18176,25713,16537,17781,21624,19080,20000,15768,21130,17335,8933,16391,17635,16206,21730,20273,13943,9909,18622,22631,17661,16549,18877,15853,18415,15653,17616,22661,13049,16482,22241,18604,16302,18477,21763,18901,14872,17206,5891,14680,23991,21882,16156,17562,16170,21840,17410,19103,13250,19072,16334,16161,8842,17469,19199,17672,17415,17449,17238,17781,16609,7872,22875,21343,17901,7220,20518,18592,24840,17732,17849,17185,20975,19509,20021,16286,17559,17911,23863,21086,21319,17519,17291,22893,16800,16236,15402,8500,18405,22016,19639,16486
"COG0278",1920,1799,1802,1549,1548,2186,1922,936,1849,1745,2176,1972,1644,1775,1812,2040,1997,2009,721,2102,2095,1940,1781,1842,988,856,1828,1915,1909,2184,1612,1047,1966,1536,1935,1687,935,1974,2001,1789,1823,1993,1804,1937,1369,1877,524,590,1909,1416,1891,1582,2226,1589,1402,1600,1188,1911,1924,2411,663,1928,1660,1878,2018,2003,1382,1981,1931,653,1886,1471,2160,615,1584,1960,1995,2018,1633,1838,2167,1667,1521,1226,1889,2107,704,1632,1612,1660,2028,1659,1808,1057,840,616,1992,1744,1097,2106
"COG0279",1906,1765,1904,1292,2464,2215,1903,1752,2096,3307,2081,1995,1967,1910,2564,2692,1612,2027,3881,2677,1950,2071,2658,1977,1550,3160,2257,2688,1986,2091,2933,2281,1659,2756,2123,2548,3740,2453,2922,2167,1958,2706,2687,1858,2514,2190,5025,2869,2362,2108,1797,1623,2008,1747,2951,1675,3425,2089,1912,2038,4520,1599,1777,1437,1940,2056,1681,2350,2519,3760,2547,3456,1762,2345,1928,1894,2081,2073,2336,1864,1799,2893,2512,1353,2257,2767,992,3176,3375,2387,1889,3204,1960,1143,978,3482,2195,2621,4033,2285
"COG0280",9612,11042,9906,10069,6229,11198,8438,6332,11174,8658,13372,9953,8277,10089,9138,9748,10705,10011,4175,11783,8877,12448,7796,11373,7228,3863,5180,6423,12151,9869,6792,4456,7747,6779,12113,5802,4593,10393,7241,10587,11159,10219,6120,10139,7311,10872,3616,7063,5814,5972,9899,11382,11091,7050,7051,5124,4660,11328,12100,12500,3675,11293,8608,10094,11440,11827,12154,11303,11314,3238,6293,5225,8408,2884,8430,10681,6475,9581,5968,10598,12118,7005,6541,9500,10896,9926,8165,8246,4764,8997,11845,6275,11190,8173,7783,3104,9801,8237,4254,11615
"COG0281",7797,8874,7963,9296,7387,8477,7050,6515,9564,6693,10060,8033,8127,8753,7921,8719,9146,8297,4213,9302,7823,9753,7655,9137,7259,4005,5651,6811,9600,7649,7178,6857,6553,7561,10617,5596,7070,9495,6799,8708,9485,9370,6304,8240,6671,8948,3121,7370,6284,7632,8108,9992,8518,7204,6812,4678,7222,9250,9972,9989,4340,9521,7286,8018,9421,9770,11719,9079,9758,3372,6262,7281,7415,2550,6995,8322,6670,8348,6482,9246,9330,6556,6862,9249,8167,8477,5496,7590,7064,7842,9938,6405,8574,9722,6207,3612,7728,7846,8671,9484
"COG0282",179,209,121,329,1449,97,157,2762,167,708,37,91,395,313,304,191,275,152,889,101,213,173,641,189,1717,662,1143,551,270,86,870,1957,174,747,107,700,1883,116,257,199,352,596,497,461,2739,45,128,1329,376,1901,278,1016,80,653,364,799,960,134,72,148,1014,157,288,215,113,61,210,209,184,971,410,1434,292,631,208,168,504,263,2082,346,376,397,852,363,35,279,2342,618,584,301,76,826,135,1377,2351,937,106,393,3077,127
"COG0283",4890,4549,4753,3801,2693,5337,5018,1612,4131,3928,5182,5162,3679,4747,3785,4487,4527,5016,1547,5490,5948,5522,3178,4358,1738,2025,4327,3431,4945,5295,3735,1493,5789,2640,4243,2977,1593,4599,3332,5216,4984,4562,3067,4750,2284,4693,1504,1642,3603,2529,4774,3520,5185,4601,2915,5064,1961,5232,4932,5348,1359,4974,5068,4839,5313,4483,4050,4740,4073,1378,3229,3163,6071,1039,4532,5581,3410,5067,2610,4650,4746,3290,2995,4087,5421,5075,2035,3630,3471,3978,4315,3263,4676,1920,1559,1245,5043,3410,1905,5383
"COG0284",5181,5237,5081,4786,3402,5612,4927,2171,5569,4862,5901,5190,5132,5255,5148,5435,5312,5161,2092,5766,5409,5651,4444,5443,2113,2189,4615,4838,5578,5814,5194,2261,5022,4197,5685,4626,1903,5287,5140,5446,5233,5394,5067,5208,2389,5885,2786,1909,4796,2985,5445,3946,5803,4942,5579,4776,3167,5467,5609,5905,2566,5353,5140,5051,5545,5552,4367,5589,5503,1627,5081,3520,5277,3823,4677,5383,4725,5750,3374,5205,5405,5078,4401,5006,5571,5687,2433,5438,4696,5311,5612,4687,5175,2602,1911,1786,5389,5370,1840,5793
"COG0285",8161,8222,8772,6762,4892,8831,8132,3292,8418,7576,9038,8827,8248,8204,7393,8917,8775,8653,2651,9620,8532,8629,6340,8527,3631,3332,7098,6485,8284,8816,7444,2618,7831,3934,8937,5491,2813,8191,7170,9220,8335,8043,6010,8209,3444,8989,2731,3113,7253,4658,8471,6275,9016,8272,5762,7225,4239,9158,8684,9665,2568,7967,9037,8242,8884,9228,7090,9151,8785,2428,6019,5619,8269,1960,7875,8742,6379,9157,4881,8203,8112,6363,5619,7200,9906,9412,4291,7562,7616,7753,9066,6759,8311,4264,3383,2240,8951,7696,3539,9189
"COG0286",2033,1584,1386,1492,5608,1603,1610,6175,959,1433,1274,1256,898,1332,1458,1632,976,1965,7306,1091,1236,809,2714,1237,5828,4616,7613,1810,1493,1836,4358,7727,927,3087,1061,2898,6124,1376,1160,1166,2933,3257,1566,1889,11126,1252,1118,6314,1114,4884,1865,3046,1342,2398,2472,4831,4111,946,1201,1870,6538,1517,1579,1333,945,964,1125,1378,1630,3733,1584,7726,1331,14359,1185,1341,711,1745,7673,1935,806,1836,3385,1555,1906,2589,7264,2730,2527,2258,981,3238,1260,4643,4295,4254,1249,1626,12544,1719
"COG0287",6047,6454,6460,5076,4322,7499,6194,2217,6025,5004,7592,7068,5431,6272,5694,5203,6150,6722,2526,7520,5787,6913,4889,6716,2831,2691,4927,5227,6836,7362,5391,2808,6065,5310,6131,5256,2673,5545,5229,6858,5907,5834,5368,6409,3380,6923,1980,1700,4857,3794,6230,4381,7471,5158,6205,5218,2535,6790,6437,6737,2258,6697,6569,6453,6349,6851,5347,6382,5996,1750,5266,3978,5955,1851,6143,6609,4837,6465,4852,5857,7232,5696,5131,5183,7422,6182,3042,5267,4192,5749,6643,4111,6634,4851,2826,2056,7189,5408,2713,6428
"COG0288",1011,513,608,1808,1763,618,470,2638,660,775,458,494,703,639,595,618,667,496,946,425,645,994,913,701,2605,968,1169,670,1277,541,871,2247,707,2201,604,843,1300,394,560,586,716,748,722,694,2239,387,239,1651,646,1638,526,1340,648,818,694,1416,848,510,727,466,984,942,840,607,651,640,2000,494,581,1232,603,1557,758,733,887,631,995,544,1509,781,1528,716,1077,1720,385,518,2784,800,920,682,634,881,529,2582,2229,920,473,636,2164,398
"COG0289",5006,5103,4936,4194,2568,6013,5370,2025,4575,3239,6352,5434,4048,4647,3405,3909,4828,5603,1902,5160,4673,5829,2600,5120,2095,2098,3698,2822,5641,5718,3825,1888,5286,2363,4510,2660,2057,3928,2650,5270,4798,4617,2494,5093,2476,4981,1577,1790,2871,2772,4980,3780,5844,4200,2767,4360,1176,5496,4900,5870,1670,5523,5216,5468,5471,4951,4414,4893,4349,1507,2895,2873,4810,1180,4369,5852,2785,4938,2574,4504,5719,2398,2810,4674,5249,4656,2292,3706,2279,4185,4585,2635,5303,2733,1936,1399,5753,3113,2117,5124
"COG0290",3917,3947,4089,3470,2262,4596,4015,1658,3723,3246,4450,4254,3463,3771,3217,3520,3779,4281,1406,4021,3770,4602,2760,4177,1500,1544,2984,2856,4257,4379,3224,1370,3566,2170,3712,2627,1323,3707,3013,4212,3835,3952,2654,4096,1766,4060,1397,1603,3074,2057,4056,3496,4629,3460,2658,3580,1934,4404,3858,3991,1424,4131,3957,4269,4072,4000,3097,4129,3764,1427,2772,2685,3876,1504,3746,4316,2707,4262,2054,3639,4108,2750,2662,3487,4257,3890,1895,3279,2374,3457,3831,2843,4111,1965,1701,1398,4279,3014,1401,4504
"COG0291",1047,1242,1160,945,627,1215,1550,630,1032,765,1394,1494,842,1041,889,912,1012,1566,446,1168,1054,1161,774,1163,475,386,646,665,1188,1470,905,503,826,547,987,614,535,997,736,1412,1155,1106,574,1521,712,1035,299,603,636,649,1147,1055,1459,1017,663,1026,597,1372,1113,1645,414,1134,1065,1089,1134,1175,982,1138,1005,521,650,732,1061,315,1119,1481,485,1132,645,1058,1107,732,690,956,1113,1079,541,978,821,890,1179,636,1286,488,588,345,1395,837,551,1056
"COG0292",2709,2680,2392,2544,1545,3014,2640,993,2407,2336,3098,2656,2211,2606,2255,2394,2595,2769,802,2680,2638,2756,1957,2416,1075,924,2008,2062,2749,2945,2026,840,2415,1583,2760,1770,878,2526,2040,2677,2686,2561,1861,3019,1277,2591,825,998,2033,1464,2665,2387,2937,2191,1803,2370,1230,2751,2770,3126,746,2635,2534,2730,2780,2678,3019,2729,2701,864,1834,1705,2880,583,2462,2900,2083,2693,1371,2323,2637,1941,1802,2339,2757,2534,1118,2105,1976,2215,2671,2099,2613,1151,951,684,2676,1928,887,2622
"COG0293",2958,3296,3164,2937,2564,4024,2582,1591,3593,2409,4108,3142,2898,3336,3627,3066,3636,3018,1362,4194,2941,3401,3243,3872,1783,1332,1683,3256,3546,3515,2795,1824,2699,3184,3800,3170,1540,3429,3556,3085,3119,3165,3424,3179,1697,4094,1014,1572,2441,1998,3119,2321,3891,2355,4633,1543,1320,3371,3295,3656,1327,3401,3003,3074,3389,4043,2827,3297,3354,948,3393,2026,3060,1064,2603,3131,2688,2773,2746,3223,3943,3999,3223,2472,3435,3167,1313,2984,1712,3209,3938,2359,3219,2032,1473,960,3452,3402,1587,3308
"COG0294",2102,2029,2234,1715,1314,2350,2094,900,1979,2037,2449,2349,1933,2121,2066,2113,2082,2334,714,2359,2245,2371,1825,1939,911,855,1865,1862,2290,2462,1948,685,2306,1531,2104,1820,634,2109,2161,2134,2072,1957,1983,2133,751,2232,661,778,1753,1175,6684,4516,7170,5868,7002,6283,2890,6974,6145,7633,1889,6322,6063,6166,6617,6280,4765,6115,5709,1742,5726,4091,6627,1557,5624,6916,5199,6445,4210,6126,6910,6468,5315,5193,7168,5997,3355,5794,5105,6401,6241,5422,5830,3245,2411,1617,7308,5859,2181,6681
"COG0295",816,656,693,1259,989,573,506,536,751,1186,553,457,543,539,867,795,735,538,301,623,603,550,1013,637,704,611,679,748,616,484,624,651,437,1236,694,624,739,806,876,635,652,837,748,473,876,670,238,597,826,876,618,803,530,618,626,828,1284,589,778,494,515,538,701,731,617,734,1242,874,918,447,730,865,525,250,867,533,703,608,807,668,625,893,902,1373,655,871,1146,624,1517,691,741,1247,660,811,702,366,602,627,992,571
"COG0296",3762,2743,4002,1528,2871,2342,7500,2308,1768,2388,2034,5591,1907,2670,2447,3104,3303,5601,878,2145,5339,2612,2129,1954,1543,2504,6419,2062,2182,4053,1556,2782,4836,1597,2443,2350,2393,3198,2112,4203,3377,2673,2202,4747,2398,1609,779,1847,1841,3222,3831,3558,2892,3941,1411,7567,1765,4658,2572,3210,1415,2790,4256,2915,3703,1174,1482,2412,2849,3199,2384,3635,5587,502,4454,4966,3001,4874,3060,3574,2229,1718,2985,1658,1936,1992,4727,1373,1186,1493,1387,2988,2545,1416,1904,1038,4219,1589,4559,3487
"COG0297",3298,2356,2724,2370,2278,1804,4804,874,1686,1948,1372,3603,1628,2292,2072,2570,2554,3541,807,1639,3921,2264,1945,1568,684,1945,4524,1823,2058,2925,1312,1874,3316,1575,2588,1688,2252,2060,1866,2823,2829,2064,1868,3002,1662,1164,687,420,1807,2787,2988,2840,2158,2622,1364,6006,2409,3021,2742,1807,1150,2409,2587,2501,3035,1911,2570,1914,2386,1304,1710,2984,4738,356,3393,3156,2406,3388,2221,3028,1658,1732,2225,2955,1578,1662,1092,1022,2632,1236,1975,2318,2298,824,692,908,2549,1190,3938,2542
"COG0298",4,26,4,4,188,13,15,220,2,49,3,8,11,12,25,13,3,9,52,8,5,3,71,5,111,37,107,42,10,5,45,148,4,50,6,34,175,9,41,8,44,23,33,32,114,3,2,164,18,295,16,80,7,39,48,57,141,8,13,11,59,4,8,3,2,2,4,22,21,60,24,224,22,23,1,55,8,7,281,36,16,56,33,4,3,39,83,51,138,9,2,85,3,200,157,25,2,15,461,1
"COG0299",3914,4690,4356,3726,2824,4497,4044,5788,4077,3883,4481,4358,3951,4246,4470,11408,3956,4352,2286,4608,4471,4147,3453,4140,2591,11537,4952,4011,4180,4374,4186,4295,5136,3676,4141,3861,13997,7560,4031,5365,4177,4975,4133,4240,2376,4531,2130,1713,3740,2618,4634,3007,4552,4131,4578,4112,4342,5133,4754,4448,20802,4065,3999,4099,4709,4506,3396,7094,8762,2749,4204,2837,4442,5555,3439,4287,3669,4921,2985,4421,3974,4134,3801,4122,4050,5657,2676,3933,4046,4122,4166,3785,4369,1866,1776,4368,4612,4198,1853,5751
"COG0300",979,1005,766,1029,621,631,1016,815,767,330,690,892,698,755,703,593,762,706,353,737,699,652,517,877,797,302,505,582,789,688,625,510,552,1451,894,791,150,497,579,732,624,466,878,884,474,903,338,180,498,340,3156,1751,1932,1844,3249,2697,1586,2160,2461,1840,742,2626,2855,3089,1979,2689,3722,1744,1383,1329,2161,1251,2112,819,2131,2289,1974,1540,1379,2078,1853,2388,2403,3687,2652,2306,3448,1844,1326,2743,2708,1604,2998,2121,2198,1065,2358,2164,560,1699
"COG0301",286,103,147,157,2562,4,65,149,995,1466,26,20,1426,1052,2092,689,327,82,865,872,735,46,2281,182,514,474,1028,3113,43,22,2577,1768,637,6233,816,3860,765,472,2993,171,382,656,4016,55,1228,1467,133,43,2568,1197,213,215,8,1109,5820,485,2834,195,385,64,917,20,140,33,320,435,77,387,709,331,3676,1023,570,1040,101,30,2435,428,3051,516,66,4024,3638,147,177,809,131,2157,3066,1732,518,2729,17,298,71,864,90,2875,455,197
"COG0302",4950,5193,5455,4939,3131,4936,5180,3383,4887,3408,5386,5610,4067,4647,4460,4819,4841,5762,6967,5094,4859,5553,3687,5057,2808,5803,4542,3941,5409,5368,4104,5162,5455,3624,4696,4041,4207,5395,4187,5177,4970,4596,4257,5281,3609,5135,4687,5357,3640,2605,5146,5078,5309,4289,5729,4517,4981,5348,5037,4904,7171,5402,5438,5009,5202,4740,4083,4868,5067,5847,4233,3246,4971,10333,4916,5371,3727,5348,3214,4721,5261,4402,4170,4958,5402,4491,2883,4323,3488,4782,4798,3311,5467,887,2236,4952,5576,4391,2283,5427
"COG0303",4971,5563,7042,6244,5440,4557,5655,3495,6273,9291,4453,4633,8047,6601,7293,6165,7696,3863,1716,5342,5812,3841,6885,7833,3352,2069,4261,8091,5306,4063,7610,3156,4855,3451,6388,7315,2518,6403,7871,5351,4708,5452,7195,4586,2572,5693,1975,4142,8470,5618,4570,4481,4812,6928,5387,3999,3845,5362,5397,3584,1876,5433,5321,6057,5032,6794,6371,5538,6033,1743,8037,6726,5579,1525,6665,5090,8352,4863,5873,5626,6101,6433,6573,4981,4142,5613,3431,7965,8115,6449,6403,8313,5784,6692,2954,1115,5533,8645,4633,5403
"COG0304",13263,13839,12221,12598,9054,16823,12457,9689,12083,12398,13440,13638,11146,11751,11128,10460,12504,13493,5316,10592,11655,14397,9922,13525,7372,5051,9700,9288,14502,14808,11319,7254,12418,9956,11870,8885,5645,10573,9658,12185,12679,11273,8814,12103,8803,12207,5124,7654,10053,7920,13803,14849,15801,11230,8017,11383,6250,12324,12152,13019,5207,13746,13503,14163,12652,11503,13255,12416,11620,4771,9004,8661,11246,3752,12145,12010,10515,12352,9438,12965,13614,8808,8912,12477,13357,12728,6265,11212,11043,12393,12081,10630,14315,13046,6813,4811,12840,10101,6273,12881
"COG0305",4760,5213,10093,7763,2429,4068,7842,30878,4302,3809,6333,5158,4552,4656,4295,7190,5416,6425,54903,4219,3668,5905,2956,9504,29375,66733,4074,2772,4839,4333,3316,31793,7716,2525,4119,2684,45554,10651,3006,7965,6306,4648,2588,6771,19038,5429,70958,42129,2996,2166,13346,35760,12494,11880,9478,11004,101042,22794,13070,18912,249315,22127,24383,16026,16302,12127,12549,18387,17608,169439,7966,8774,12998,388486,39184,17501,8832,15674,6333,11703,16310,10084,6902,21529,15517,16709,62387,12993,9576,11934,11888,9072,20009,10159,94782,185162,24575,8582,7007,14896
"COG0306",3545,4250,3323,4438,3745,4267,1890,2250,3311,3688,2410,2047,2993,2950,4809,4267,2863,2905,1902,2949,3795,1489,4787,3879,1814,1524,2954,4983,1916,3434,3930,2748,1900,3521,2620,4541,2411,4218,4857,2254,2235,2972,5272,2380,1762,3118,892,2821,4568,3569,4221,2818,3829,2587,4878,2552,1379,2094,4933,2404,1638,3345,2650,4055,2618,5398,4346,2997,4480,1153,5058,3707,2927,1445,3047,2141,5563,2505,3831,4446,1622,4738,4671,3842,2554,3060,868,3904,3294,4265,5316,3669,3831,4059,1190,1719,2504,4598,3507,3046
"COG0307",4245,4438,4317,3957,2688,4630,3892,1541,4309,2721,4652,4485,3702,4267,3789,4050,4186,4422,1432,4735,4518,4357,3097,4224,1784,1758,3769,3319,4434,4631,3782,1746,4309,3320,4327,3123,1600,3836,3499,4169,4090,3846,3514,4130,2635,4538,1383,1203,3055,2354,4693,3360,4488,4005,3961,4495,1328,4448,4382,4090,1513,4347,4323,4554,4380,4607,3967,4005,3632,1291,3258,2610,4316,1054,3790,4389,3083,4285,3001,4413,4268,3583,3188,4485,4580,3661,1898,3466,2297,4066,4454,2431,4595,2170,1671,1303,4412,3798,1891,4243
"COG0308",13312,14035,12446,19443,20681,8942,11970,10711,14068,17171,8387,12114,11815,11543,17391,16587,11492,12640,7056,15514,14434,11332,18774,9685,13978,7552,20802,16837,12045,11393,14873,14460,11116,22803,12647,16311,14482,13181,19230,11906,14072,14367,18226,11153,15928,13266,4447,9919,16910,18765,15653,14580,9202,15214,19334,19779,17067,13006,14004,10392,9585,11469,13836,13339,12498,12000,21273,13161,13655,9783,18113,26405,13063,4909,11644,11377,19504,14794,23336,15222,7764,19881,21218,24425,17642,15447,19394,14870,18722,13328,12401,20348,14489,10872,11364,7122,10802,17170,31253,12402
"COG0309",74,113,41,24,1120,31,78,1008,138,689,36,70,823,249,262,101,55,63,349,169,77,11,450,36,599,308,692,736,51,18,1060,1008,106,327,44,577,1323,66,310,44,184,369,315,163,807,333,37,765,577,1959,52,546,34,901,384,230,892,34,50,37,384,37,27,16,35,49,13,190,132,473,513,1633,110,169,21,146,305,209,1102,163,26,341,346,15,47,492,618,829,1291,375,58,837,9,1015,676,194,36,696,3280,75
"COG0310",543,649,625,390,12,214,353,72,552,347,818,415,249,285,204,548,855,691,310,537,98,498,8,420,31,329,53,10,323,325,136,25,392,44,517,22,212,701,20,779,585,451,3,214,20,679,455,197,24,12,587,634,310,77,144,84,48,700,457,517,305,308,949,636,552,391,1,656,979,40,6,7,150,164,678,433,3,436,6,194,146,14,2,444,1383,442,67,201,385,399,373,312,612,28,53,217,849,102,21,449
"COG0311",745,584,653,375,721,112,459,2,1289,1016,495,385,1713,1035,1184,1475,854,493,217,1275,1016,378,1055,535,79,250,643,1476,229,269,1667,213,580,1317,1192,1517,114,1328,1566,669,805,1038,1773,354,64,1692,317,1,1544,502,719,623,268,1354,2106,300,883,656,969,567,231,280,639,539,796,919,141,1032,1227,183,1824,725,731,223,618,293,1214,983,744,740,116,1752,1472,368,1254,1322,522,1714,1631,1567,943,1386,519,1,165,178,485,1979,179,789
"COG0312",14341,13150,16263,10860,9815,13159,16893,4724,12522,8345,15916,15171,9416,11427,10831,10984,16226,16195,5399,13070,12041,13914,10114,14682,6468,6774,12534,9488,12263,13643,7580,5797,14083,10368,10995,9090,6365,12051,10552,14856,12843,10333,10149,13039,6359,12852,5503,5872,11529,8259,12563,14276,14384,10053,8593,11445,5265,15006,13245,16193,4410,14003,14518,13683,14154,13191,9905,11359,11446,3897,9512,11037,12095,3308,13995,15204,12271,11648,8042,11791,13308,9288,8643,8237,15260,12537,4627,6631,8529,10993,13329,8561,12939,8941,5870,5095,15918,8224,7674,11493
"COG0313",5741,6255,5832,6005,3422,6818,5437,1959,5431,4291,7184,6092,4627,5526,4886,5259,5520,6109,2192,6689,5337,6557,4057,5914,2555,2361,4513,3827,6408,7076,4687,2036,5407,4018,5836,3254,2229,4733,3949,5724,5492,5585,3412,5847,2636,6234,2055,2130,3970,3041,6459,3457,6830,4859,3483,5537,2602,6174,5995,6537,1947,6738,6105,6464,6015,6916,7174,6077,5434,1712,3526,3697,5528,1587,4860,6300,3505,6072,3031,5671,6428,4135,3417,7364,7274,6396,2872,4308,3349,4972,6335,3423,6574,3344,2215,1762,6005,4152,2421,6183
"COG0314",1456,1543,1845,1747,1501,1078,1438,1037,1851,2678,1237,1311,2104,1785,2018,1888,1910,980,600,1727,1681,1031,2008,1955,894,705,1225,2072,1103,882,2088,874,1286,974,1981,1725,769,1930,2196,1487,1426,1862,2032,1278,797,1713,519,900,2284,1411,1266,1464,1197,1830,1642,1108,1215,1336,1702,1115,638,1481,1351,1611,1551,2016,1861,1714,2065,633,1961,1912,1583,580,1744,1332,2119,1378,1625,1506,1348,1905,1885,1369,1182,1794,1092,2208,2170,1735,1939,2312,1424,859,707,467,1445,2253,1385,1669
"COG0315",1626,1776,2265,1957,1729,1132,1657,1140,2078,3751,1542,1303,2456,2115,2532,2177,2280,1137,554,2148,1983,1164,2548,2484,1047,741,1317,2396,1247,1000,2415,871,1541,1144,2240,2171,655,2279,2795,1769,1746,2025,2272,1482,1010,2168,591,870,2675,1456,1481,1720,1367,2319,1795,1125,1909,1695,1918,1157,662,1543,1606,1788,1725,2318,1835,2044,2417,604,2421,2199,1959,636,2001,1482,2498,1628,1786,1695,1549,2422,2327,1478,1481,2064,1518,2658,3712,2000,2301,3366,1815,1018,917,456,1682,2814,1442,2002
"COG0316",5583,5866,5944,5606,4705,5853,4829,4189,5262,3857,6288,5117,5115,4840,5413,4952,5056,5041,7286,5550,4848,5622,5102,6330,3689,6945,4103,5565,5568,5534,4730,9837,6017,4758,5218,5573,4993,6977,5597,5199,5349,5042,5409,5663,5843,5709,8907,4764,5398,4436,5453,5764,5677,4781,6009,4399,6563,5259,5300,6431,8046,6026,5623,5714,5352,5567,5113,5225,5099,10187,5486,4538,4818,17875,6065,5177,6234,5132,4873,4868,5978,5433,4940,5381,5546,5279,3036,5307,3130,5019,5358,3787,5854,3415,4833,9966,5865,5538,3963,5225
"COG0317",14677,15843,15572,14061,11469,16789,17529,6930,13261,12246,16490,17777,11915,13823,12997,13369,15127,17189,7079,15377,13941,16275,12028,14851,8853,7379,13338,11313,16027,17491,12852,9539,14679,11257,13528,10663,9946,13927,11781,16892,14412,14448,10736,16022,10799,15032,5865,6015,11843,11247,15471,13832,17185,13645,10061,14850,10964,16900,14441,17888,7169,15258,16734,15998,14792,14749,13649,14603,13986,7178,10802,13090,14267,5556,15299,16329,12417,15686,11736,13542,15142,11331,10575,14999,16338,15428,9240,12169,12074,13077,14551,11618,16019,11035,8107,6306,17681,11017,11974,15121
"COG0318",30630,30883,27206,39784,39910,39488,31945,45911,34473,37621,30059,30943,39479,34585,36439,27580,34183,29846,15879,25969,30161,31201,42605,34541,44758,11415,28057,43710,32279,34029,29972,28990,36251,28782,31519,42055,18701,30622,41603,28808,28728,30097,44651,33097,33380,30415,10563,27048,46590,40525,27861,32960,36485,35185,37073,26944,13699,27348,30651,28687,14067,33859,32563,30182,29398,34138,36936,32466,30715,19256,40699,41750,28107,11787,31295,31276,44171,27932,35466,32136,32885,41727,40360,38314,33846,33393,41863,33777,35174,36192,34697,36264,30901,56409,44972,12424,30574,32234,26288,29458
"COG0319",2346,2577,2732,2736,1844,3309,2789,1224,2332,2633,3075,2906,2246,2734,2511,2528,2751,2845,899,2994,2424,2637,2226,2796,1273,1029,2640,2170,2999,3335,2252,990,2651,1728,2581,1909,953,2342,2226,2880,2321,2461,1848,2792,1581,2706,742,1307,2335,1629,2428,1496,3200,2645,1582,1942,1417,2815,2467,3477,863,2741,2704,2590,2461,3143,3077,2796,2451,905,2023,1753,2505,646,2527,2983,2191,3013,1712,2733,3091,2184,1828,2766,2884,2752,1457,1987,2379,2144,2979,2222,2650,1522,1170,740,3256,2220,1186,3008
"COG0320",8455,7963,7974,5688,3777,6717,8899,2661,6932,5450,8011,8622,6069,7051,6036,7491,7574,9119,2276,7577,8309,7832,4993,6435,2628,3239,7717,4904,6831,7679,5547,2244,7636,4239,7214,4352,2439,7476,5202,8689,7609,7564,4908,7636,3136,7319,2326,2058,5128,3564,8282,6821,7163,6735,5152,9137,2878,8749,7723,7121,2243,7211,8107,8148,7950,7195,5707,7771,8175,1999,4713,4664,7942,1743,7599,8135,5133,8971,3853,7334,6413,4931,4521,5915,8240,7390,3389,5698,4886,6414,7238,4721,7759,3017,2563,2176,8401,5864,2482,8421
"COG0321",4741,4873,4824,3796,2495,3949,3966,1815,4489,3098,5365,4542,4085,4434,3659,4967,4754,4870,1628,5369,4565,4681,2980,4163,1928,1975,3663,3076,4204,4286,3466,1453,4172,3093,4891,2586,1551,5053,3148,4839,4621,4407,2882,4140,2071,5221,1780,1902,3472,2229,1671,1032,1372,1353,962,1362,597,1625,1596,1708,498,1528,1661,1756,1675,1570,1351,1656,1712,413,893,1000,1477,359,1554,1586,965,1630,765,1524,1372,1016,918,1393,2115,1796,743,1107,959,1341,1547,922,1679,689,624,409,1710,1224,566,1676
"COG0322",4780,5191,5397,4370,2484,5253,5310,1774,4682,3615,5672,5639,4219,4840,3995,4671,5203,5472,1532,5489,4785,5011,3402,5046,1905,1790,3853,3156,5064,5463,4116,1347,4444,2739,4871,2733,1140,4742,3352,5492,4514,4498,3144,5149,1639,5193,1774,1937,3321,2191,15461,10343,16356,13244,8609,12913,6193,17272,14704,17256,4061,14735,16987,15819,15200,15973,14953,15168,14754,4412,9188,8560,14032,3159,13891,16809,10377,14701,7362,14081,14484,9499,9065,15064,17142,14038,7094,11923,10286,13456,15051,9312,15694,7472,5353,3788,17310,12140,4054,14722
"COG0323",3571,3894,3202,5160,4839,2873,2808,4592,4298,4967,1657,2753,5472,4237,4113,4260,3924,2903,2265,3123,3960,3153,3705,3510,5039,1600,4413,4331,4367,3014,5647,4267,2790,5285,4370,4348,3871,3577,3925,2939,3576,3905,3969,3246,5270,3282,1258,3373,5258,4966,4406,4044,2655,5703,2483,4169,4447,3266,4012,1754,2128,3662,3378,3982,3363,4085,6645,3513,3641,2257,4254,4548,3132,1452,3214,3159,5312,3714,4735,5231,3673,3468,4141,6649,3484,3860,4202,4044,5946,4455,3867,5460,4050,6342,4159,2093,2493,4288,5330,3141
"COG0324",6541,6879,6234,5394,3899,7536,5906,2602,5878,5918,7284,6574,5439,5990,5790,5814,5858,6684,2225,7435,6451,6744,4830,6527,2694,2526,5507,4792,6714,7188,5363,2463,6028,3617,5836,4223,2567,6068,4943,6555,6275,6610,4403,6189,3169,6773,2027,2350,4759,3629,6782,4289,7124,5426,4263,6064,3150,6546,6309,6544,2095,6682,6700,6936,6521,7108,5441,6857,5990,1960,4583,4389,6576,1620,5622,6590,4817,6961,3724,5933,6748,4822,4122,6073,7386,7101,3149,5167,5570,5700,6858,5271,6848,3200,2552,1825,6673,4739,2885,7104
"COG0325",4896,4994,4789,4108,2806,5875,4787,1672,4474,4138,5669,5473,3617,4466,4047,4638,4528,5176,1587,5648,4741,5617,3493,4710,1974,1946,4166,3340,5284,5721,3687,1661,4331,2882,4424,2769,1785,4102,3688,5261,4710,4873,3229,4823,2551,5095,1508,1443,3445,2531,5279,3110,5837,4168,3025,4343,2338,5181,4709,5982,1521,4951,4983,5127,4899,5230,4099,4979,4425,1401,3120,3362,4561,1165,4209,5368,3333,5006,2595,4428,5128,3549,3034,4590,5983,5390,2411,3755,4035,4097,4951,3768,5007,2300,1740,1376,5297,3455,1999,5138
"COG0326",7320,7324,6443,9868,4599,6659,8513,3513,5444,4540,4817,8238,4021,5996,5463,6491,5772,7460,2351,5379,7910,7224,4801,5461,2118,3136,8421,4426,6947,7412,3952,3633,7442,4923,5334,3701,3298,4161,4710,6836,5702,5143,4123,7652,5529,4461,1535,2610,4537,4683,7595,5755,6596,6339,2926,9972,2173,7149,7527,5084,2147,8194,7358,7558,6702,6785,9105,5284,6084,2362,3584,4978,8292,1398,6877,8500,5250,6705,4873,7704,6606,4328,4144,11513,4637,4826,935,3065,3145,4829,6823,3780,7228,3887,1316,2493,6629,3288,4682,6268
"COG0327",299,351,263,635,414,236,168,390,317,235,246,256,203,281,386,329,270,280,379,269,200,316,490,239,252,251,331,306,393,269,331,465,186,282,289,250,434,286,349,304,335,294,334,269,395,259,264,250,308,480,1242,1174,725,790,779,1400,766,919,1065,654,922,1057,1384,1224,890,1102,1949,1068,1114,639,602,979,615,684,737,673,1183,864,1502,1110,624,1324,977,3090,1585,657,1372,624,423,843,993,650,1257,1493,684,792,785,553,1577,762
"COG0328",3654,3424,3610,3892,1990,3318,3777,1112,3226,2733,3637,3665,3018,3182,2925,3249,3321,3861,1866,3401,3584,3366,2480,3302,1199,2166,2722,2608,3149,3592,2661,1190,3165,1713,3413,2136,1755,4334,2479,3744,3406,3262,2450,3351,1477,3296,1653,881,2797,1939,3541,3005,3501,2796,2355,3445,2047,3561,4093,3768,1587,3446,3502,3704,3690,4329,3035,3267,3529,1579,2435,2170,3390,2108,3580,3595,2611,3448,1840,3159,2817,2966,2191,3787,4090,3446,1595,2582,2748,2973,3900,2557,3851,1268,1133,2223,3569,2600,1557,3068
"COG0329",10790,10891,10790,9127,7585,12996,10919,4956,11172,11781,12941,11939,13356,11706,10697,9079,11506,11360,3852,11091,9469,11923,9826,11439,4125,4655,6864,11875,11474,12149,11937,4315,11168,5551,10183,11012,4074,8948,11402,11693,10283,11406,10305,11075,4580,11542,3538,4601,13185,8391,9908,8836,12957,11243,8489,7946,4610,11658,10230,10923,4454,11563,10486,11193,10887,11144,9424,11165,9451,2713,11618,8701,9811,3914,10563,11876,12293,11488,7316,9905,12678,9421,9592,8157,10845,11068,4714,14157,8628,12105,11060,10293,11104,4264,3556,3501,12013,12320,3879,11792
"COG0330",12569,13561,10699,12279,10477,14516,11163,9174,13442,13199,14062,12531,11922,12521,12394,11640,11436,12181,5349,13048,10985,14771,11813,12345,9197,4961,8743,12114,14723,13029,13098,7430,10948,10093,12683,12123,6928,10946,12040,11966,12464,12820,11649,12239,9047,14138,3997,8916,12291,10181,12827,13285,13829,11574,10469,10123,8486,12335,12357,12749,5501,12904,12254,13449,12877,13150,13423,13331,12441,4721,12392,10797,10972,3895,9825,12129,13160,12169,10133,11479,13642,10910,11083,13103,13505,13888,8221,13538,12141,13332,13485,12419,14369,10272,7660,5271,11897,12234,8912,13115
"COG0331",6146,6090,5814,5399,3562,7357,5824,2687,5728,5384,7121,6382,5065,5856,5019,5602,5702,6090,2075,6967,5867,7258,4375,5801,2805,2463,4718,4250,6726,7057,5001,2340,6113,3515,6060,3752,2198,5646,4416,6290,5988,6127,4025,5681,2938,6473,1931,2451,4738,3414,6014,4881,7183,5543,3920,5529,2478,6201,6025,6474,2140,6287,6144,6341,6378,6038,4941,6456,5957,1749,4036,3895,6325,1772,5302,6325,4167,6515,3170,5500,6197,4284,3930,5671,7043,6529,3161,5237,4665,5429,5928,4650,6206,3258,2566,1837,6258,4505,2489,6926
"COG0332",2134,2278,1869,2592,1717,1549,1894,1609,2096,2200,1558,1879,1692,1838,1961,2170,1664,1982,983,1854,2120,1912,1903,1611,1638,903,2320,1773,2048,1900,1814,1605,1773,2112,2027,1554,1543,1981,1687,1937,2019,1950,1855,1674,1888,1860,733,1350,1969,1801,6625,6692,4942,6130,4393,7869,5545,5508,7505,4505,2814,6869,6370,6836,6043,6357,8531,5974,6403,3478,4826,6104,5780,1932,5649,5285,6621,6397,5047,6448,4416,5241,5586,10034,6927,6540,5238,4738,8017,5912,6458,6622,6848,5354,4551,3018,4829,5436,5675,5939
"COG0333",746,712,534,582,385,992,576,367,561,410,818,689,362,607,445,538,584,700,235,757,726,947,416,636,320,238,889,415,927,873,470,251,838,432,567,339,278,622,414,585,690,759,398,665,583,678,183,208,371,337,724,577,947,419,455,719,200,645,742,1014,266,757,635,769,729,725,723,669,616,187,360,422,810,194,424,730,321,724,425,585,943,413,392,473,670,732,341,500,202,495,717,336,665,301,334,190,699,304,331,912
"COG0334",7501,7348,5061,7663,7475,4207,3756,4745,6347,7500,4017,4118,6337,5172,6987,7194,5268,6570,3982,5974,5836,4559,6848,4634,5135,3502,7177,6265,5153,5872,6799,6062,3662,8482,6656,6099,5007,6134,6437,4598,5352,5488,6646,4003,8442,6581,2527,3862,6638,7009,8564,6318,4815,6035,6463,9466,8643,4795,6109,4158,3844,4621,6132,7598,5168,5949,8162,5859,6414,3352,6732,7735,4520,3880,4746,3727,7061,5501,6715,6817,3918,6879,6883,9576,7863,7476,5297,6254,8967,7086,6164,8005,7434,7129,4269,3279,4143,7898,7541,5704
"COG0335",3889,3713,3495,3023,1593,4236,3565,1190,3206,2484,4329,4000,2754,3252,2568,3056,3333,3905,1090,3675,3173,4078,2018,3440,1161,1371,2702,2202,3844,4121,2541,979,3477,1725,3439,1997,988,3022,2238,3572,3337,3407,2053,3832,1257,3590,972,903,2375,1539,3893,2872,4193,2736,2270,3099,1388,3635,3481,3820,959,3582,3405,3552,3709,3635,3772,3664,3268,884,2250,1992,3545,721,3009,3850,2242,3712,1505,3322,3931,2128,1959,2811,4233,3570,1470,2688,2101,3181,3583,2193,3740,1226,1328,882,3869,2416,922,3708
"COG0336",6325,6108,5652,4492,2959,6708,5923,1840,5089,4681,6779,6439,4404,5336,4615,5166,5549,6371,1740,6058,5428,6496,3847,5835,1911,2484,4747,3886,5649,6496,4287,1820,5760,3004,5163,3309,1935,4842,4088,5979,5484,5422,3588,5841,2620,5974,1716,1867,3938,2928,6109,4722,6856,4646,3685,5745,2356,6123,5688,6590,1567,5738,5730,6278,5844,5628,4743,6188,5604,1618,3741,3591,5377,1186,5397,6253,3823,6450,2875,5496,5840,3796,3376,4693,6365,5779,2191,4381,3874,4836,5808,3928,6042,2520,1851,1502,6190,4034,2082,6386
"COG0337",7518,7807,8268,7063,4708,10690,7916,3117,7041,6634,9686,9239,6416,7563,6897,6971,8130,8246,3175,8611,7101,8417,5994,8203,3508,3464,6306,5718,8757,10079,6198,2767,7667,4853,7283,5182,3261,6548,6056,8234,7163,6702,5156,8651,3460,8385,3175,3729,5826,4385,8263,4673,11235,7295,4668,7484,3745,8476,7259,10427,3001,8062,8457,8427,7860,8579,6894,7974,6673,2506,5303,5332,7223,2127,7046,8641,5741,8374,4361,7305,8991,5830,4938,7743,9144,8060,4042,6004,5607,6745,7888,5477,8063,3681,3137,2633,8965,5655,3478,8010
"COG0338",1407,2335,9138,2163,2027,536,3664,9079,1556,675,2560,1773,1500,1832,2317,10983,4352,4269,32013,1664,915,706,1847,6470,6488,22255,2705,1632,969,724,2386,11124,2469,3029,1431,2096,18988,10485,1697,6468,3922,2663,2131,2132,7859,2148,75322,7400,849,1551,526,1768,201,414,1302,324,5230,1880,538,604,10824,954,1808,763,842,428,144,2024,2904,6841,673,481,539,5866,4143,890,366,1038,755,411,181,927,749,634,647,871,1277,644,434,601,420,447,985,315,1938,7705,1432,545,1276,848
"COG0339",5640,5590,5808,7203,8691,5245,5942,6100,4330,4221,3171,5481,3079,4411,4131,4199,4775,5669,4098,3572,6221,4377,5157,4093,6828,4891,9367,4393,3916,5726,4466,7979,6210,10498,4026,3809,9588,4777,3574,5070,5267,5449,3781,5060,9297,2852,1921,3453,4156,9830,5218,6880,5017,5610,3052,8752,6776,4909,5758,3453,4563,5376,6365,5940,5374,4633,7329,3978,4280,4428,3695,9275,6599,1833,5470,5633,4417,5439,7062,6136,3207,4095,5284,8623,4242,3896,6436,3743,5879,3291,4762,5303,5787,7404,6223,4151,4532,3410,14925,4750
"COG0340",1559,1601,1615,1492,1359,1740,1428,576,1583,1320,1692,1485,1604,1692,1702,1717,1509,1551,594,1914,1735,1531,1588,1491,726,727,1509,1713,1603,1780,1689,794,1459,1875,1654,1673,808,1621,1757,1572,1414,1510,1727,1395,899,1843,510,584,1526,1052,5056,3082,5288,4827,5934,4860,2690,4699,4916,4977,1815,4753,4975,5012,4659,5411,4209,4834,4406,1521,5322,3778,4676,1351,4138,4626,4208,4939,4141,4853,4652,5605,4994,5177,5092,5014,2388,4360,4293,4947,5178,4262,4871,2527,1680,1485,4972,4935,2880,4816
"COG0341",2178,2469,2281,2196,1716,2363,1931,1144,2178,1828,2496,2409,1598,1999,1970,2100,2133,2369,975,2455,2153,2674,1832,2221,1067,1045,1953,1560,2675,2450,1788,1245,2120,1423,2143,1399,1618,1886,1633,2292,2419,2240,1439,2289,1517,2300,948,794,1596,1960,7167,6170,7178,5952,4216,6724,6736,7089,7905,6873,2968,7696,7241,7609,7265,7365,7680,7051,6504,2525,4464,4296,6462,1686,5492,7154,5047,7042,5478,7046,6524,4802,4924,7608,7223,7116,3620,5056,5814,5467,7304,5427,7577,4057,3059,2412,6877,5020,5096,7140
"COG0342",11755,12170,10873,10958,7833,13515,11014,6588,10616,10284,12995,12628,8786,10446,9973,10476,10825,11856,4485,12833,10722,13044,9009,11339,5504,5142,9740,7946,12898,12931,9300,5954,10777,7042,10935,6735,7224,9935,8583,11427,11550,11150,7191,11395,7841,12389,4261,4766,8057,8882,12014,11043,13027,9894,7085,11520,10245,11852,12175,14261,4515,12537,12207,12456,12063,12136,11164,12083,10625,4214,7565,7319,10403,2835,9258,11885,7971,11671,8201,11140,11569,8455,7818,12139,13544,12556,6170,9303,9472,10498,12214,9553,12515,7222,5208,4000,12168,8632,8131,11938
"COG0343",8544,8259,8260,6515,5852,7877,8205,2693,9058,6907,8850,8493,7998,8567,8592,9228,8795,8644,2735,9404,9319,8222,7692,7574,2972,3248,7014,8257,7658,8231,8071,3125,7449,9226,9552,7869,2719,9187,8952,8615,8601,7598,9213,7603,3328,9520,2590,2345,7461,4596,8770,7427,7993,7529,11657,7638,4488,8950,8808,9229,2582,7843,7979,8561,8979,8661,7173,8483,8964,1940,8840,5730,8533,2007,7375,8034,7770,8562,6169,8702,7261,9452,8412,6232,9097,8656,2436,8488,6822,8709,9120,7370,8307,3634,2355,2257,8634,9339,3316,8968
"COG0344",2951,2918,3256,2267,2483,3110,2936,1328,3064,3498,3789,3228,3876,3312,2863,2889,3149,3399,1219,3703,3141,2947,2729,3016,1390,1497,3001,3101,2730,3127,4218,1325,3218,1514,3106,3107,1720,3072,3011,3563,3097,3492,2743,3063,1423,4045,1040,1221,3826,2689,3004,2116,3246,3720,2307,2958,1878,3372,2889,3288,1377,3067,3111,2957,3402,3189,1985,3612,2941,872,3103,2751,3204,1024,2907,3543,2970,3840,2219,2688,3297,2539,2462,1940,3702,4004,1214,3833,3711,3268,3128,3344,2870,1911,1275,930,3595,3699,2113,3638
"COG0345",4915,5217,5351,4347,3225,6001,5002,2975,4760,4029,6543,5440,4104,4760,4125,4097,5244,5564,1800,5757,4797,5663,3788,5361,2963,2255,3987,3599,5603,6058,4104,1920,5270,3765,4619,3224,2129,4796,3599,5348,4965,5124,3392,5402,2804,5418,1933,3117,3501,3021,4735,3769,6149,4029,3236,4339,2075,5307,5038,6291,1831,5391,5331,5201,5355,5525,4527,5367,4849,1586,3323,3395,5133,1243,4907,5836,3865,5306,3038,4301,5879,3445,3239,4008,5790,5026,3111,4064,3412,4380,5140,3215,5087,2775,2969,1435,5781,3635,2410,5371
"COG0346",4824,5198,5144,6181,9570,6597,6151,7977,6534,5124,5419,5873,8307,6932,6045,5147,5716,4925,3500,5565,6137,6260,7526,5885,7473,2672,5780,8944,5920,5963,7209,7449,6256,7915,5881,9974,5214,5387,7770,5226,5801,6090,8820,6475,6496,5919,1604,6627,9308,8889,1466,2068,2185,2590,2463,1533,1173,1690,2130,1653,1264,1933,1710,1833,1931,2029,2031,1885,1828,1347,3020,3480,1914,1070,1851,2094,2906,1686,2947,2123,2198,2548,2759,1811,1264,1902,2571,2530,1997,2217,2127,2102,1744,2618,2436,995,1942,2261,3345,1623
"COG0347",2059,1929,1907,2786,1965,2626,2673,2360,2095,3582,1703,2329,1922,2193,2228,1679,1784,2193,1206,1737,2513,2365,2136,1846,1978,1001,2864,1632,2285,2615,2309,1896,2890,1328,1606,1553,1474,1607,2062,1999,2055,1928,1732,2127,1737,1717,628,2059,1524,2001,2022,2533,2415,2394,1373,2571,1707,1865,2276,1763,953,2724,2072,2197,2159,2193,2083,1703,1461,1077,1424,2457,2476,537,2107,2170,1830,2112,1786,2157,2331,1971,1691,3105,1235,1453,1508,1762,3572,2092,2221,3098,1954,2421,1893,1104,2048,1209,2745,1957
"COG0348",815,418,351,712,5200,179,347,5253,594,5275,120,313,1104,762,1879,596,571,425,3347,493,621,283,3372,331,4331,2397,3512,1820,641,113,2295,7453,715,4086,560,2592,7738,564,1675,389,676,1817,1201,568,6821,551,489,4258,1305,7095,497,2028,130,2136,1537,2110,3810,276,346,314,3304,244,555,286,225,618,246,762,620,3175,1188,3800,641,2370,325,304,1088,820,4277,1105,576,2479,2485,654,411,1228,3398,1441,4438,1407,604,4341,210,6978,3737,3259,289,1146,9636,293
"COG0349",4111,3762,4078,3501,3542,5333,4012,3729,4077,3654,4460,4309,4172,4593,3579,3315,4386,4067,1577,4117,4340,4405,3545,4410,4520,2125,3908,3557,4747,4880,4480,2546,4438,2173,4084,3348,2214,3927,3356,4513,4056,4455,3299,4458,3388,4116,1215,3533,3800,3473,3722,3444,5151,4538,2929,3992,1571,4312,3646,4276,1744,4404,3964,3842,4226,4183,3408,4271,3537,2813,3249,3712,4491,1268,3882,4795,3510,4531,3492,4153,5503,3389,3173,3020,3831,4121,4987,3903,2630,4012,3866,2953,3789,4445,4167,1650,4412,3225,3112,4288
"COG0350",1811,1889,1687,1988,2307,1734,1635,2591,2291,2786,2229,1607,2388,2026,2526,2161,2048,1882,1130,2389,1655,2055,2611,1917,2410,946,1526,2671,2100,1539,2680,1988,1865,2673,2287,2797,1605,1938,2712,1879,1852,2453,2512,1755,1742,2553,764,2381,2693,2004,541,585,583,713,959,364,741,684,623,719,373,562,643,633,647,727,694,793,747,396,917,753,532,327,564,551,822,652,724,602,686,902,889,619,748,886,872,946,1164,809,678,929,617,817,741,316,666,970,532,712
"COG0351",3617,3177,3365,1886,3114,4724,3783,1394,3097,2607,4165,4173,3077,3307,3506,2382,3218,4001,1497,4069,2801,3256,3861,3469,2129,2214,3338,3465,3679,4298,4468,2960,2671,3903,3149,3616,2838,3022,3645,3707,3198,3694,3673,3718,2852,4142,1056,1485,2669,3291,3390,2701,4551,3264,5359,4186,1842,3794,2579,4066,1753,3142,3184,3268,3280,3033,2044,3563,2766,1374,3957,3012,3262,1099,2612,3857,2595,4158,4213,2854,3735,4655,3767,1180,3079,3091,1578,4104,2143,3809,2945,2605,3347,2686,1747,1351,4281,3793,3701,3770
"COG0352",3584,2857,3575,2637,3105,4368,3763,2170,2448,2850,3574,3856,2825,3272,2895,2332,3083,3758,1795,3217,3218,3264,3209,3339,2964,2207,4500,2738,3511,4242,3551,3172,3364,1823,2509,2715,2932,2407,2744,3549,3074,3581,2189,3752,2698,2958,1057,2046,2816,3664,999,915,1411,1195,827,1436,577,1119,860,1252,586,1081,1096,906,1030,980,864,978,887,582,835,1046,1117,381,981,1345,825,1290,1178,963,1204,934,854,725,972,1077,756,1053,659,902,862,759,1006,1364,883,490,1310,819,1277,1146
"COG0353",4214,4247,3811,3662,2497,5273,4449,1374,3901,3775,5099,4798,3336,4072,3589,3824,3920,4573,1214,4634,4058,4545,3114,4008,1489,1531,3266,3148,4501,5000,3404,1301,4076,2270,4053,2622,1367,3431,3299,4283,4125,3987,2930,4360,1798,4466,1178,1166,3382,2184,4275,3505,5148,3715,2898,4070,1751,4524,4247,4353,1158,4631,3975,4346,4429,4282,3847,4297,3997,1284,3043,2803,4097,875,3485,4619,3141,4475,2336,4053,4360,3093,2775,3823,4602,4468,1800,3664,3298,3586,4258,3277,4309,1809,1368,1050,4310,3315,1676,4585
"COG0354",4615,4584,4748,3211,3082,5431,3286,2287,4255,3345,5575,4070,4119,4554,3683,3739,4604,4200,1933,5604,4610,5030,3523,4862,2287,2230,3784,3694,4599,5263,4086,2027,4787,2433,4643,3312,2366,4464,3497,4344,4593,4627,3032,4258,3162,4836,1462,1753,3657,3160,1503,921,1713,1304,1050,1245,503,1551,1443,1771,591,1612,1486,1425,1684,1684,1045,1708,1390,441,1121,1007,1777,402,1341,1615,1084,1647,1073,1459,1801,1111,960,907,1610,1658,906,1319,758,1367,1561,858,1413,969,692,486,1535,1238,831,1722
"COG0355",3075,2810,2638,2550,1720,3181,2603,1021,2555,2442,3275,2800,2239,2673,2272,2345,2789,2799,1027,3046,2713,2692,2228,2893,891,1342,1953,1962,2691,3071,2214,1180,2692,1703,2809,1682,1245,2640,2082,2753,2769,2710,1686,3034,1599,2865,792,846,2012,1625,2887,2335,3161,2426,1808,2561,1444,2870,2677,3387,961,2732,2832,2832,3029,2923,3052,2820,2586,820,1776,2055,3242,708,2642,3101,1861,2800,1744,2472,2990,2090,1787,2019,3118,2836,819,2338,2229,2415,2786,2217,2725,1343,944,871,2751,2027,1622,2864
"COG0356",7336,7420,6618,6885,3881,7756,6442,2641,6253,5340,7819,7533,5860,6257,5797,6120,6397,7009,2225,7015,6547,7191,5164,6727,2448,2606,5870,4810,7133,7521,5311,2449,6005,3455,6936,4055,2411,6105,5141,6896,7140,6258,4339,7578,2808,6747,2114,2205,4902,3348,7470,6287,7649,5750,4223,6654,3110,6934,7239,7475,2208,7007,7120,7190,7490,7177,8565,6974,6998,2005,4360,4861,7076,1604,6337,7073,4567,7696,3775,6335,6358,4739,4531,7197,7588,6844,2753,5456,5153,5937,7256,4929,7628,3024,2356,2198,6834,5228,3111,7131
"COG0357",3840,4209,3806,3772,2340,4550,4030,1512,3630,2761,4550,4204,3017,3877,3015,3327,3709,4255,1329,4370,4077,4315,2452,3891,1804,1601,3491,2714,4556,4678,3690,1776,4011,2116,3651,2460,1871,2887,2556,4197,3892,4037,2328,4183,1936,3736,1223,1507,2611,2417,4098,2748,4339,3681,2233,4102,1428,4509,3860,4200,1405,4319,4057,4460,4204,4060,3898,3883,3197,1563,2512,2393,4133,1073,3659,4562,2704,4272,2393,3897,4342,2422,2339,4474,3874,3954,2110,3137,2049,3228,3905,2156,4158,1853,1644,1518,4446,2725,2004,4201
"COG0358",13646,13914,14816,13925,8802,14115,12317,12083,12094,12467,14161,13356,11605,12750,13096,13084,12949,13298,35608,14548,13060,14162,10929,13582,22151,41450,11875,11069,13644,14596,12169,16204,14675,11610,12743,10710,19610,14841,11927,13194,12832,13344,11858,13255,13794,13784,43346,14898,10963,6897,14705,10231,14115,12237,13180,13454,27778,13855,12855,14698,32820,13888,14839,13732,13412,13624,12560,13497,12441,32607,11226,10203,12975,52019,13724,13858,10860,13713,8819,12992,13824,12585,10495,15256,14452,13974,16969,12245,12410,12265,12827,12180,13950,7492,17752,30004,13589,11976,9932,13655
"COG0359",3480,3280,3189,3134,2120,3830,3083,1500,3122,3037,3575,3286,2742,3355,2723,3245,3194,3279,1192,3609,3363,3876,2221,3222,1521,1354,2592,2671,3544,3583,2939,1286,3369,2001,3100,2236,1227,3324,2570,3335,3431,3431,2289,3175,1679,3498,1029,1879,2754,1883,3462,2829,3738,3208,2008,3217,1656,3433,3245,3940,1120,3385,3558,3314,3348,3384,2818,3641,3230,1034,2442,2328,3499,869,3064,3411,2751,3407,1921,3101,3535,2391,2308,3389,4102,3673,1871,2834,3038,3063,3290,2878,3463,1684,1414,1053,3544,2695,1397,3535
"COG0360",2742,2593,2579,2613,1689,2786,2476,1088,2240,2602,2819,2687,2055,2457,2280,2458,2597,2619,996,2844,2474,2964,2005,2695,1202,1126,2393,2110,2842,2722,2166,1112,2467,1619,2466,1831,1102,2379,2086,2597,2459,2453,1913,2806,1399,2578,854,844,2276,1460,2746,2164,2878,2378,1701,2758,1423,2680,2456,3088,869,2490,2677,2643,2496,2714,2649,2695,2459,933,2015,1994,2608,673,2380,2802,2113,2643,1563,2299,2815,1920,1864,2873,3091,2957,1428,2199,2614,2264,2669,2256,2681,1190,1044,754,2695,2033,1220,2760
"COG0361",1981,1859,2024,2152,1429,2118,1892,1027,2123,2016,2136,1990,2165,2069,2168,2277,1959,2059,1302,2087,2024,1982,1969,1926,785,1548,1679,2063,1825,1996,1864,1012,1888,1992,2289,1989,953,2106,2285,1900,2119,2111,2304,1889,1393,2219,1302,852,1874,1136,2089,2168,2150,1881,2490,1752,2559,1964,2099,2169,1365,1942,1915,1889,2105,2082,1799,2082,2316,957,2083,1488,2007,1135,1787,1919,1874,2069,1429,2081,1741,2267,1983,2016,2136,1997,1007,2020,1999,2071,2310,1976,1861,674,808,1180,2003,2339,775,2157
"COG0362",3105,2594,3443,2433,1688,2180,5308,1013,1830,1092,2547,4274,1475,2299,1321,2192,2470,4520,1014,1929,3310,2565,1022,1763,763,1869,3894,917,1907,3592,1247,1628,3852,776,1866,753,2043,2743,790,3657,2923,2000,852,3492,1387,1529,1122,411,892,2154,3274,3157,2619,2617,804,4780,839,3572,2598,2484,1144,2485,3625,3149,3132,1712,1808,2097,2645,1295,776,2200,3781,461,3207,4286,1210,3059,1742,2492,1631,877,1235,2541,2956,1222,2206,1062,695,1519,1823,927,2243,2294,1027,956,3896,729,3332,2715
"COG0363",3277,3084,3250,3359,2034,1768,2864,2477,2511,3333,2071,2928,1669,2359,2990,2666,2675,2957,1470,2990,3136,2642,2729,2699,1998,2068,2945,2278,2681,2456,1863,2358,2498,1400,2360,1968,1390,2253,2836,2655,2572,2235,2451,2665,1553,2243,2547,1699,2621,2063,3271,2660,1729,2504,1812,4271,4615,2967,3149,2446,3092,2705,3663,3277,2757,2608,3550,2331,2507,1458,2056,2312,3095,1479,3342,2741,3539,2756,1964,2533,2192,2765,2598,4181,3300,1856,3770,1553,2753,1952,2524,3526,3013,1576,1985,1177,2535,1714,1885,2737
"COG0364",2660,2288,15168,3849,2244,1945,5502,3277,1368,1524,2089,4280,1105,2293,1259,1442,8225,3954,33934,1171,3272,2155,1149,11392,4562,2847,4776,741,2396,3386,1130,4320,3045,1018,1496,1276,2544,4236,567,3363,2229,1732,940,4083,4463,795,124215,2583,724,2584,2582,4662,2484,2771,706,5370,1992,3445,1958,1979,1888,2748,9844,3425,2407,1350,2580,1245,1298,2732,809,2391,3739,1621,22207,5021,1169,2726,2442,2575,2772,792,1610,3841,1152,741,5013,687,1386,973,1420,1487,2604,3322,3577,4864,3305,700,3271,2048
"COG0365",26951,29015,26971,23807,19640,28498,28256,14639,29095,30063,33403,29448,26452,27853,28929,26282,29475,29491,9325,29623,24622,31107,26478,30207,13360,10742,17777,26386,29363,27827,24003,12183,27664,21961,29571,26088,10903,25631,28712,29882,26842,28401,27063,28498,12949,30561,8747,16197,26781,18538,8678,8633,9970,7878,9059,6641,5365,10173,9095,10766,3302,9416,9155,9404,9519,9561,8592,10171,9668,2296,9387,7297,8178,2510,8494,9817,8634,9827,6310,8337,10600,8855,8064,6905,10130,9824,4274,9689,8971,9411,9546,9294,9888,7506,4027,2811,10203,8957,4077,10227
"COG0366",7286,6264,9363,4869,12414,7606,19535,5961,5717,3009,7733,8724,5621,5830,4314,5343,9317,8915,6389,5356,7267,7474,6974,7903,7491,8254,11689,5093,8450,8585,5822,15566,9834,7534,5961,4933,18116,6326,3363,8103,8552,7581,4129,9027,15891,5704,3337,5236,2918,18955,7184,11647,8521,7984,4469,11576,8182,8799,5882,9351,6792,6707,9542,8030,7100,4431,3581,6315,5979,9431,4331,12225,8520,2387,8569,8546,4125,8282,12450,7926,8351,4728,7934,5564,4972,5107,17431,3764,4080,3453,4584,5023,6101,6410,6779,6367,9354,3600,26442,5507
"COG0367",11909,9739,10813,11271,7898,9533,14758,11009,10832,10300,12314,9244,11214,10511,9626,9981,10548,8703,17364,12262,8269,10638,8939,10913,8847,12991,9325,8775,11114,9667,13730,7970,8104,10115,11395,8935,8944,11231,9117,9537,10088,11688,9650,9233,8408,12765,25371,14552,7637,6939,9414,8408,9942,9572,12573,10395,13727,9570,9354,12271,11160,8409,10264,9262,9796,10290,8154,9922,9113,12337,9090,9161,8127,9930,10572,11306,7809,9404,7701,8857,8219,10590,9328,11320,14514,12541,9031,13819,11665,13562,9659,10321,10121,3501,4218,18058,10033,11167,11033,10055
"COG0368",1380,925,1101,663,801,837,1714,947,903,917,514,1399,1134,1341,1086,796,965,1311,223,814,1611,846,944,730,1145,720,2028,1213,770,1323,1401,877,1749,1718,678,1551,255,680,1206,1228,873,756,1573,1396,1002,961,186,718,873,593,1302,593,966,1351,2317,2873,226,1128,830,575,298,823,1017,904,1008,430,733,523,692,360,1598,787,1693,267,1480,1565,1293,1387,1246,1139,935,1404,1465,518,221,425,704,1030,614,1472,488,913,683,1319,1083,404,1118,1301,233,1024
"COG0369",4843,3778,3121,1416,3178,2043,3700,2121,3217,639,1034,2940,3404,2716,2565,4735,3256,4788,3124,1688,5287,1250,1763,1784,864,2960,6428,1879,1192,3358,2785,4331,2543,1730,3827,1241,4508,4048,1373,2794,3307,3603,1554,3005,4754,1356,1028,1399,1461,3999,5568,3601,2455,3579,1869,6680,1896,2898,3450,1365,2309,2900,2138,3623,3146,2979,4219,1845,4103,2239,1231,4586,4589,1274,2898,2766,2419,3079,3139,5627,1277,1414,2808,993,2153,2313,734,2054,518,3234,3159,781,3016,2594,1327,3458,2337,2524,7649,3348
"COG0370",130,180,195,1055,658,132,114,566,400,1651,62,154,499,405,633,179,185,116,201,313,267,304,678,262,610,122,274,654,525,118,399,162,239,1028,280,544,88,62,764,150,211,130,785,134,328,434,156,401,887,415,605,1211,241,1133,1069,1475,4082,638,913,224,711,986,1039,524,586,435,1696,274,388,1063,2013,3369,826,457,665,458,3020,435,1991,544,865,2115,2166,4806,412,287,2241,1631,7051,1340,508,5531,590,329,822,1037,252,2116,3072,162
"COG0371",1716,1381,1658,530,1155,1014,2634,160,1103,803,888,2142,1387,1726,1897,1301,1252,2145,61,1331,2324,1132,1781,1320,5,674,2994,2270,928,1707,1688,611,2402,3805,1049,2805,53,950,2254,1501,1041,1139,3126,1738,87,1346,283,33,1251,487,1613,870,1206,1589,5580,2954,417,1563,1164,990,167,1234,1609,1722,1466,620,189,806,1057,281,3069,836,2375,157,1714,2137,1543,1920,1572,1336,1271,3267,2745,485,450,763,3,1833,1215,1838,708,1253,1290,80,7,95,1678,2245,99,1873
"COG0372",9404,9444,8791,8537,7876,9378,9477,4879,9899,8612,9416,9652,9660,9599,9887,9914,9653,9450,3920,9701,9920,9701,9293,9038,5343,3941,8102,9344,9177,9361,9003,5345,9274,10254,9938,9592,4636,9428,10402,9451,9506,8780,10080,9132,6383,10423,3073,4949,9371,7278,9709,9587,9273,9424,10871,8863,5096,9480,9597,9587,3681,8848,9635,9604,9814,9441,8060,9776,9924,3331,9858,7820,9319,2716,8982,8913,10096,10146,8320,9432,9059,9896,9301,8638,10355,10160,7053,9620,8338,9734,9718,8688,9645,6434,4708,3644,9426,10303,6123,9990
"COG0373",4812,4654,3826,4586,4725,3408,5270,1846,3686,3208,2613,4436,3184,3778,6041,2945,3117,4547,1661,4061,5198,3345,6006,3116,1629,2116,4614,6170,3611,4007,4624,3420,4782,9227,2548,7363,2255,2367,6572,3457,3337,2334,7885,4232,2560,3530,959,1932,5023,3864,5342,3461,3495,3838,11137,6525,1451,3552,4719,2874,1610,4475,3931,4706,3863,3627,5447,2615,2938,1741,7566,3875,4966,1080,3256,4387,6135,3321,5875,4793,3086,9046,7406,5879,3627,2232,2349,4215,3341,4900,3696,3995,4244,2726,1199,1698,3808,4742,2916,3410
"COG0374",62,197,42,41,1813,75,129,1240,26,346,24,147,60,41,269,117,34,102,334,50,59,15,567,22,837,507,1197,541,68,22,567,1632,33,574,16,283,1973,79,229,66,351,310,232,278,1097,14,69,1005,76,3745,87,954,42,359,399,430,1440,56,58,69,546,37,54,18,26,8,25,158,178,742,176,2821,145,148,19,230,49,42,1918,288,39,659,289,29,20,347,1034,623,1014,86,11,685,26,1670,1217,265,36,65,6389,25
"COG0375",17,15,33,0,232,215,332,150,23,84,28,283,27,25,21,10,61,121,56,26,78,70,79,18,87,76,149,73,111,194,61,230,31,79,29,55,285,9,17,135,119,45,21,200,171,5,15,105,29,444,19,204,226,129,43,70,215,158,34,108,70,37,62,10,67,1,6,31,23,137,29,235,95,28,71,186,15,75,289,47,108,49,36,1,2,36,118,57,247,10,6,131,3,138,148,30,184,11,629,4
"COG0376",3075,3252,2162,2086,2399,4704,2474,2315,2877,112,3784,3331,2092,2434,1500,2466,2281,3388,1398,3240,2533,3380,1215,2470,2525,1337,1939,1687,3491,3883,2047,2015,2129,3374,3002,1634,1980,2490,821,2602,3176,3255,1247,3356,2419,3058,938,1903,1587,2134,8762,9114,12665,5580,6215,4737,2730,8829,8819,11192,4585,9938,8225,8468,9229,8290,8755,10070,8323,4056,5673,7332,7229,2970,6111,8396,4809,8583,7739,8869,10030,3089,5968,7250,11494,10971,5890,7938,983,8221,8551,1470,9028,11010,5554,4265,9267,6852,7983,10714
"COG0377",3435,2876,3241,2112,2346,2619,3702,887,3487,3718,3382,3238,3876,3335,3543,3415,3511,3589,955,3087,3452,3099,3355,2819,899,1526,2479,3991,2460,2826,3429,650,3682,3759,3525,3591,611,3739,4104,3494,3314,3396,4190,2554,705,3848,1056,1227,3932,1817,3106,3371,2843,3370,4812,3029,1941,3382,3060,3250,803,2652,3194,3143,3495,2818,1773,3290,3919,723,4199,2569,3270,782,3171,2853,3734,3743,2109,2738,2650,3937,3560,1615,3684,3199,852,3887,4587,3625,3057,3957,2707,913,819,996,3203,4210,345,3770
"COG0378",604,528,1117,503,1506,1620,3137,1200,1037,1016,976,2512,1167,1575,1084,928,1060,1710,469,884,1764,1443,1435,798,793,707,1454,1060,1290,1910,1210,1509,1883,1483,1014,1273,1095,561,1056,1767,1323,641,1247,2200,1331,1100,266,1360,747,1780,601,1436,1796,1602,1747,1221,692,1716,1020,1125,374,1218,1037,996,1422,618,128,831,654,801,1138,1429,1914,434,1426,2200,760,1612,2059,1174,1496,1697,1119,370,76,298,765,830,1088,801,715,1075,296,1915,988,348,1846,898,2164,817
"COG0379",4937,4340,5122,3366,3278,5815,5750,3002,5185,4527,5807,5906,5114,5362,4483,4826,4804,5621,2348,5381,5301,5385,4042,4772,3506,2496,4332,3603,4745,5639,5296,2812,5550,4304,5551,3740,2363,4756,4143,5533,5294,5079,3784,5161,4432,5583,1719,2278,3630,3327,4412,5016,5654,5486,4592,4466,5599,5739,4844,5591,2045,4695,4602,4188,5569,4985,3634,5094,5334,2086,3928,2847,5431,2482,3999,5264,3669,5646,3337,4704,5016,4186,3477,2466,4116,4304,3869,5793,3443,4969,5176,3944,4302,2938,2820,2203,5519,5250,2663,5665
"COG0380",428,177,373,184,402,429,1589,843,254,174,185,321,343,213,137,135,459,196,361,99,273,646,146,304,1090,508,327,220,937,463,104,666,764,202,277,515,202,163,126,214,360,121,170,466,832,150,205,887,249,399,385,1246,1334,681,332,1727,631,689,1440,613,793,1231,1056,965,1086,565,279,258,306,1133,929,688,1445,1158,1294,1502,624,539,1517,585,1362,334,1073,469,148,103,4693,545,627,261,711,617,546,1140,3988,1222,483,670,301,230
"COG0381",4925,4445,4644,3449,2178,4585,3527,2746,4275,4855,5432,3936,3700,3897,3753,4597,4621,4415,5788,5283,3282,4754,3128,4700,4275,5596,2794,2986,4395,4490,4085,1639,3091,3255,4357,2941,2538,4323,3184,4346,4214,4280,3115,3310,2890,5221,5535,2865,2804,1548,4332,3051,4202,3618,3870,4104,7062,4206,4349,5309,4130,3625,4970,4706,4371,3695,3445,4718,4300,2997,3097,2168,3305,3762,3927,4541,2891,4240,1781,3703,3307,3579,3324,4183,6369,5114,3755,4124,6482,4455,3489,5038,4695,2501,3127,4301,4758,3997,892,4705
"COG0382",8696,8087,8646,6910,4443,8536,10140,3203,7492,6054,8357,9804,8049,8475,6998,8411,8246,9667,2342,8018,9991,7280,5786,7712,3249,3285,8783,5833,6918,9377,6805,2751,8413,3022,8299,4741,2636,8336,6275,8793,7739,7616,5377,9317,3704,7303,2098,3215,6563,4062,8736,6237,9081,8924,4719,10220,3752,9123,8098,7462,2285,8123,7882,8223,8461,8053,6897,7569,7775,2572,5261,6385,9321,1831,8227,9707,5553,9361,4029,8625,7708,5670,5317,7052,6606,7621,3728,6648,5798,7102,8185,5765,8129,3264,3165,2436,9114,7160,4184,8578
"COG0383",2056,562,1887,494,423,133,665,3,840,1711,378,373,1159,566,796,1131,1677,393,69,721,1132,583,337,1711,458,1745,755,652,590,305,500,69,405,247,1069,786,43,1271,641,668,649,564,711,665,150,928,218,26,711,303,763,735,251,1020,267,2788,1993,1018,879,806,107,387,1210,983,678,605,72,655,921,63,763,404,1048,111,1992,710,2300,554,360,602,1170,384,433,407,632,915,3164,544,2476,684,596,1482,1104,5,897,82,272,1054,123,502
"COG0384",1497,1932,1031,1882,2000,1592,1118,2209,1349,1271,1280,1222,1341,1265,1518,1137,1158,1125,882,1250,1303,1450,1495,1142,1969,638,1310,1670,1798,1434,1550,1593,1391,1002,1196,1730,1119,907,1316,1043,1176,1260,1637,1323,2125,1274,447,2974,2012,2231,1772,1569,1376,1241,1105,1506,975,1035,1827,1074,751,1771,1415,2155,1349,1496,2560,1046,924,993,1499,2183,1383,590,1131,1365,1792,989,1559,1678,1555,1372,1627,2405,1373,1374,1892,1191,1196,1556,1523,1011,1832,1054,1598,873,1063,1365,2449,1348
"COG0385",3717,3732,3857,2205,2688,3573,2480,2614,3469,2647,4504,3345,2910,3464,2928,3546,3792,3405,2529,4178,2918,3709,2464,3907,3156,2577,2375,2261,3626,3293,3158,3254,2559,1785,4136,2354,2978,4441,2240,3616,3567,3705,1938,3048,3793,4071,1554,1781,2155,3089,1124,798,1285,1038,735,802,589,1159,1096,1559,726,998,1177,1222,1245,1097,673,1388,1238,430,732,798,1096,637,1055,1049,722,1217,750,1042,1195,751,818,568,1439,1301,1196,1136,539,1161,1180,613,1188,2497,1057,916,1236,826,996,1404
"COG0386",1370,1494,1240,1274,720,1500,1114,432,1127,422,1479,1409,789,1142,833,1099,1221,1298,524,1296,1283,1409,704,1365,334,518,1127,715,1475,1440,819,621,1179,803,1122,553,615,960,617,1184,1205,1211,584,1181,734,1194,369,486,712,849,4306,2853,4336,2727,1865,3605,1119,3809,3845,4245,1660,4312,3888,4427,3891,4266,4527,3682,2975,1259,1740,2252,3845,1235,2878,3974,1937,3576,2406,3758,4365,2151,1892,4703,3970,3918,1488,2480,1318,2914,4081,1204,4330,991,1133,1482,4004,2306,2497,3886
"COG0387",119,132,171,141,71,21,106,67,253,60,19,53,308,172,198,340,225,87,50,107,317,39,116,93,68,55,149,168,69,50,137,23,55,50,316,83,9,323,181,134,236,109,161,101,41,96,70,277,252,64,588,735,119,492,309,234,58,486,881,69,74,325,211,371,585,658,294,320,945,175,389,227,767,88,453,239,355,321,144,1036,370,320,389,269,151,236,251,462,116,447,675,160,302,71,53,98,126,1147,166,417
"COG0388",10848,8835,9988,8281,13364,15109,13588,12994,10879,14963,10649,15216,12777,11712,11655,10291,10484,11780,6606,10119,12124,11133,13232,8952,14518,6326,12746,13483,10967,15085,12547,11232,12905,14298,10130,13991,7971,10215,12759,11458,11041,11643,15073,13465,12077,10707,3435,10781,15026,12824,9772,9788,16276,13356,12579,13716,7889,11291,10009,12874,5768,9509,10440,9998,10726,9303,6828,11026,10567,7407,13391,13543,11872,5020,11247,12085,14977,12476,12789,10660,11514,13671,13918,8337,9968,10252,15303,12429,15879,11654,9392,14042,8556,19179,12957,5731,12432,12691,9950,9868
"COG0389",10514,11119,10222,10383,9126,11341,10877,7223,10445,7191,11076,11734,9361,10416,8490,8569,10064,11500,4538,10668,10284,10728,7581,9886,8144,4631,9556,8961,10879,11908,9307,7877,10000,9185,9886,9338,6874,9252,7637,10718,10292,8908,9059,11503,7160,10819,3378,7679,8732,8567,10955,9667,11954,10000,10218,10405,5064,10973,10475,11726,4856,10649,10875,11171,10782,10500,11160,10209,9330,4865,9206,9872,10250,3034,9335,11440,8172,10375,8763,10808,10625,8414,9073,10541,11067,9571,9545,9416,7843,9778,10492,7641,11360,9135,7605,3927,11267,9053,10159,10633
"COG0390",155,67,135,101,682,42,200,341,339,1219,86,76,506,257,654,339,314,107,37,208,248,58,824,184,190,38,225,1132,24,67,598,82,260,504,311,1011,94,479,994,158,164,271,1340,103,36,328,61,704,1326,655,152,126,44,352,927,282,290,168,221,154,47,89,177,97,149,215,284,322,347,36,1076,828,184,76,217,157,1648,244,681,160,54,920,974,91,391,402,47,388,1227,355,192,1186,111,213,73,19,120,634,127,199
"COG0391",2503,1978,2277,952,1599,1273,3584,425,1894,1810,1525,2705,3039,2649,2197,1877,2055,2954,420,1768,3188,1882,2129,1331,198,1154,3764,2704,1218,2366,2912,644,3694,2896,1569,3236,371,1658,2632,2575,2218,2383,3198,2095,201,2319,523,63,2421,1156,2525,1765,1556,3259,4277,4077,832,2360,1928,1344,562,1579,2252,2338,2232,1156,324,1793,2009,658,3276,1826,3571,353,2690,2875,2318,3208,2292,2089,1366,3006,2613,929,1666,1877,112,2852,2025,2639,1237,2138,1836,205,78,290,2464,3174,434,2339
"COG0392",1068,818,1048,625,1512,675,1895,1608,841,1752,563,1399,2049,1395,1434,1185,585,1532,749,1306,1924,893,1477,212,885,410,2603,2163,632,1192,2312,1463,1547,2069,650,2369,435,1079,1870,1198,959,1394,2160,1174,565,1243,175,410,2259,1203,1471,408,661,2302,2677,2605,1762,1198,1012,841,482,956,723,868,1171,627,437,942,895,650,2483,1223,2021,1266,893,1575,1650,1860,1410,1331,413,1971,2026,699,859,1664,651,2023,2737,1460,690,2222,826,3956,727,825,1281,1991,297,1322
"COG0393",717,713,339,651,595,468,399,391,604,855,463,354,655,545,677,732,475,452,217,574,707,535,680,344,528,145,630,695,567,498,554,281,366,364,633,563,313,580,753,344,565,621,647,407,602,563,148,360,805,1150,819,653,486,731,422,673,1204,436,727,396,219,685,473,602,530,629,969,584,660,337,612,731,437,112,359,328,736,597,742,671,452,579,594,779,926,757,821,621,1149,725,576,973,640,213,552,473,352,771,738,580
"COG0394",2391,2322,2495,2771,2974,2488,2178,2882,2907,2465,2366,2102,2414,2753,2306,2855,2135,2205,1585,2508,3078,3414,2470,2264,2693,1225,3223,2149,3433,2408,2796,2728,3481,2751,3296,2473,1954,2660,2087,2409,3169,2585,2341,2453,3265,2503,850,2122,2569,3125,2595,2634,2408,2782,1813,3026,1749,2161,2643,2495,1566,2182,2601,2577,3035,2587,2265,2596,2241,1903,2013,3052,2909,1079,2637,2473,2546,2518,2532,2920,3284,2189,2452,3265,2234,2197,5189,2503,2578,2582,2594,2521,2202,3400,2436,1534,2095,2911,2940,2337
"COG0395",11101,11479,11930,13237,5118,15665,11100,3931,10034,9471,13038,12928,10473,10007,9629,8139,14273,9809,2425,10106,7198,11768,8728,14287,4021,3522,3746,9412,12910,12606,5341,2208,8653,4020,10026,8929,1569,8506,9512,12765,9767,8628,9322,11755,1105,11565,3439,7829,8134,3826,8999,8951,15377,7059,7617,5069,1229,11707,11202,11190,1564,9568,12111,12600,10115,12186,11926,9074,7843,2080,9195,6155,7284,1584,15279,11282,10703,9699,5530,8823,14857,7789,8012,10890,9243,9630,13468,6361,6204,9803,12529,7438,10362,5170,4975,1853,14117,7794,1017,8522
"COG0396",5342,5120,5500,3839,3388,4493,5147,1805,5735,3873,5707,5268,5087,5589,4616,5833,5481,5654,1956,6137,5707,5642,4011,5024,1990,2492,4079,4372,4749,4685,5123,1686,4999,4463,5968,4417,1826,6047,4557,6064,5666,5716,4691,4679,2256,6281,2239,1611,4730,3004,5411,4758,4774,5013,5519,4352,3464,5908,5620,5664,1685,4847,5599,5489,5661,5492,3658,5962,6177,1448,4762,3615,5631,1692,5387,5205,3681,5689,3485,5061,4772,4583,4197,3964,6864,5559,2349,5465,4401,5400,5409,3963,5216,2467,2067,1659,5658,5547,2164,5774
"COG0397",7788,7943,8051,6447,4577,9055,9133,2953,6910,1631,7622,8813,5373,6928,4321,6360,7608,8280,2381,6519,8146,7169,3665,7839,3697,3036,7576,4581,7552,8521,5301,3352,8349,4325,6852,4400,3248,5864,3391,7671,6930,6047,3658,7699,3216,5803,2013,1228,4591,4495,7408,7355,8285,5801,3876,8103,1404,7987,7889,7018,2166,8145,6930,7623,7692,7863,7061,5908,5993,2241,4269,5946,8216,1369,6818,8590,5257,6385,4789,7627,8004,3272,4313,5556,6116,5841,2767,4722,1506,6081,7920,1776,7957,4807,3033,2255,7669,4110,5782,7600
"COG0398",3312,3407,4113,2026,4692,3976,3466,3531,2995,2393,4381,3708,2582,3470,2776,2581,3503,4740,2445,3752,3506,3314,2912,3840,3883,2399,4349,2725,3278,4676,3335,4988,3555,4575,3088,2643,6156,3055,2174,4007,3954,3594,1964,3912,4471,2999,1182,2684,1966,6532,3852,3355,4321,3282,2164,4688,2896,3902,2739,4382,2359,3685,3008,3526,3442,3132,2599,3496,2927,2125,2159,4033,4183,1221,3366,4005,1803,4160,4687,3779,4426,2373,2813,1447,3131,3110,2302,2786,2034,2459,2843,2603,3524,5431,3810,1656,4016,2203,7198,3656
"COG0399",16638,16333,19486,14700,13656,17286,15945,18087,17328,22488,20717,15782,14193,17479,20055,19558,14298,17314,53522,21188,15309,18574,17090,19075,18032,41967,15724,18879,15950,17104,19361,16422,15499,24223,17468,19279,24807,22796,20372,18130,18463,18465,20870,16458,15957,19859,74018,24256,15181,8901,16123,11098,15940,15107,26852,15500,45593,17443,16794,20579,47434,17957,16149,14632,17963,16741,17318,20003,19428,30282,21265,9996,16697,44596,20304,18459,16423,20317,14107,14986,14090,21921,19270,14035,19250,20628,12761,22445,23699,18692,15667,22417,17412,10281,13868,39701,17230,17781,4664,20996
"COG0400",3764,3864,4033,2956,2645,4074,3885,1713,3826,3284,4649,4467,3820,3966,3071,3612,3877,4324,1339,4590,4134,4426,2478,3975,686,1672,3502,2676,3859,4191,3480,1446,3766,3286,4078,2417,1814,3673,2791,4218,4030,3988,2264,3993,1736,4393,1088,1183,2953,2361,3715,3268,4322,3775,2149,3337,2754,4299,3775,5068,1370,4145,3624,3754,4234,3834,3019,4230,3590,802,2737,2589,3922,930,3580,4399,2587,4487,2080,3828,4351,2190,2402,2346,4003,4190,820,3166,3461,3461,3997,3110,3966,1866,672,1235,4111,2939,2232,4439
"COG0401",7,4,8,0,230,4,0,174,0,4,3,1,8,13,21,9,2,5,123,12,11,0,73,2,84,72,132,42,24,1,61,363,7,271,2,61,248,16,14,3,29,39,22,11,271,2,10,126,18,278,6,80,4,45,48,37,123,2,1,4,103,1,8,7,1,0,8,16,10,121,21,151,15,152,3,5,10,16,199,34,5,29,65,3,1,24,51,38,18,8,0,29,0,206,114,92,5,8,345,3
"COG0402",5825,5956,5466,6730,9613,3098,7726,8132,7401,9318,2775,5228,10029,7292,9510,7526,6985,5628,6368,4700,8286,3833,10414,4781,5921,3480,9877,11393,3605,4849,8108,7106,7272,7200,6986,12960,4454,6435,11309,6015,6305,5998,12061,6623,5390,4513,1912,10073,12687,8388,6102,6765,3550,8221,10015,7930,2516,5628,6148,2609,3950,4576,4923,5489,5766,5387,7466,5390,7830,3363,11517,10363,7419,4294,6995,5859,12834,6595,10448,8213,4407,10437,10570,6444,3843,4586,9215,8460,6485,7416,5209,8889,4670,9004,6769,4073,4872,11073,6414,5811
"COG0403",15109,14803,14366,12199,7333,11438,17940,4882,13350,13509,16604,18349,12306,13140,12540,12649,14524,18814,4458,13192,15741,14410,10459,13529,9136,5962,11190,8350,14151,13864,9014,5285,14201,8924,13592,7188,4992,14738,10756,21712,18437,12317,9371,16626,5357,13586,6814,4752,8791,6416,15381,19266,12578,11954,8667,14523,6609,20452,15152,17792,4016,15462,15229,15134,17007,13796,14155,13780,12430,31082,7982,8436,15855,3102,16094,16569,10080,15357,7775,14387,13546,9846,7796,12302,16436,13477,11489,10636,10732,12165,14192,12407,15703,6103,5354,4612,19830,10257,5558,14002
"COG0404",50258,61286,54589,57543,27273,58156,49541,7752,57187,60574,72766,49873,41428,50461,56776,45700,60161,52623,11187,63237,44350,63766,53731,63794,7313,15865,20024,51895,57987,49588,35144,7841,49881,24502,57379,40472,8971,53684,58572,54403,52615,48433,50600,50915,6530,58569,15806,9014,50457,24294,47772,52847,58345,30413,51735,23418,16119,55400,60320,68778,11065,58008,48240,59048,59710,62603,65913,57468,57353,5544,50505,35226,46134,10429,54891,56944,50274,46435,27251,47890,64739,53078,42789,47117,54321,51266,7092,48948,38161,48178,63688,46593,61140,15361,10876,9402,56873,45623,4577,60156
"COG0405",14237,13663,10009,11725,14406,15060,10708,10807,12901,12599,12025,12180,18594,12694,12138,11199,11498,11009,5547,12066,11002,12272,13058,10991,9355,5664,12709,16088,13236,13428,15555,10483,11648,9854,12066,14981,10670,9470,14198,10298,11124,14102,12594,11743,10300,13704,3976,14252,19226,17317,13661,11784,14695,15233,9080,10875,11253,10402,12779,11649,5806,11519,12461,13800,10693,12520,11372,13107,9844,5202,15292,15593,9349,3261,10433,10482,15078,11451,14141,12681,11266,11321,13260,13067,15608,15733,7181,17637,16784,16538,13018,14719,12914,14241,8725,5109,11522,17923,15468,11752
"COG0406",5157,4320,4534,3439,3205,3174,5457,3112,3832,2580,3529,4675,4286,4199,3314,3507,4690,5020,2061,3197,4627,4107,2787,3305,2694,2525,4884,3396,3672,4204,3730,2558,5525,3007,3480,4056,1608,4324,3072,4607,3892,3441,3828,4310,2603,3681,1520,2632,3759,2835,4741,3619,3452,4696,4468,6385,1794,4545,3955,3161,1499,3517,5205,4644,4140,3109,2586,3523,4071,1927,3546,3089,5232,1347,5228,4890,3729,4271,3047,3790,3318,3458,3359,3840,5005,3288,4719,3389,2593,4470,3016,2728,4259,5933,3231,1727,4697,3241,1288,3702
"COG0407",7702,7720,6905,5908,3846,8362,7032,2796,6480,5697,7988,7737,4806,6090,5585,5375,6554,7677,2585,7559,7049,7799,4422,7199,3169,2935,5267,4055,8139,8228,5240,2869,7117,3508,5884,3666,3067,5532,4351,6879,6595,5805,3371,7225,3722,6309,2056,2793,4344,3840,8010,5099,8295,5391,3708,6781,2226,7317,7350,8033,2346,7834,6863,7874,7307,7743,7279,6410,5746,2582,3650,4335,7130,1628,5917,7632,4008,7031,3583,7328,8199,4319,3407,5821,8284,6497,3579,5002,4157,6010,7243,4767,7971,3908,2880,2365,7110,4266,3505,7447
"COG0408",5551,5740,5877,4900,2495,6771,6300,1920,4535,2111,6871,6229,3454,4947,3392,3722,5604,6462,1801,5631,5583,6502,2296,6285,2436,2257,4662,2169,6535,6661,2795,2369,5858,2740,4580,1898,2298,4626,2276,6050,5544,4445,1830,6178,2379,4699,1636,1781,1890,2395,5670,4510,6901,3816,2397,5300,1693,6181,5415,5949,1791,6265,5935,5949,5737,5479,6153,4945,4591,1571,2086,3116,5795,1224,5620,6625,1924,5441,2512,5223,6459,2053,2198,5086,5080,4451,2013,2776,1270,3906,5407,1744,6254,2945,2095,1787,6441,2053,2828,5909
"COG0409",25,89,28,23,876,41,74,1053,17,199,22,84,40,30,122,45,7,46,227,40,39,10,312,21,553,290,526,251,35,17,244,871,15,228,10,191,1128,41,136,40,192,126,122,154,656,12,41,847,43,1712,68,450,39,214,184,268,743,39,24,32,239,29,31,18,8,4,10,87,111,374,91,980,96,80,3,176,36,33,1057,134,37,288,126,18,9,137,598,191,623,30,5,395,9,1036,774,131,25,64,2478,6
"COG0410",7426,7185,8396,7053,6978,9490,8429,4700,8360,11467,9508,8248,7632,7983,9397,7957,9725,8588,3469,8365,7393,8560,9671,8802,4795,3508,4726,9732,8100,8487,6236,4445,8443,4562,7992,9468,3326,8084,10177,8584,7871,7796,9995,8577,2996,8336,3281,7791,10251,6518,6494,7605,9944,6754,8097,4051,3582,8566,7946,8890,2837,8162,8299,7258,8219,7681,5974,8747,9319,2220,9501,7511,7050,2784,8283,9052,8744,8599,7231,7065,9506,9117,8332,5382,10735,7759,5141,7541,9913,7286,7666,10117,7168,13363,5709,2622,9545,7722,2159,8796
"COG0411",6757,7120,7629,6682,6350,8043,6815,4116,8006,10787,9335,6869,7573,7083,8975,7519,9861,7571,2620,8370,5733,7389,9068,8728,3941,2792,3473,9016,6895,7097,5714,3442,6635,4464,7431,8781,2738,8031,10003,8255,7158,7563,10007,7316,1945,8135,3412,7925,9469,5641,6165,7044,8399,5871,8432,2985,3531,8092,7213,8450,2234,7040,7889,7012,7332,7837,6097,8514,9081,1658,9089,7712,5673,1875,7856,7654,8390,7496,5669,6469,8299,8469,7860,5181,10699,7668,4098,7196,9333,7143,7547,9248,6993,11062,4542,1719,8599,7756,1956,8070
"COG0412",3296,3002,2549,2616,5664,5036,3688,3964,4089,5971,3619,3810,6156,4206,4927,3853,3253,2760,1620,3607,3424,3545,5620,3183,4721,1404,3594,6607,2942,4336,4844,2342,4551,5019,3684,7348,1516,3173,6065,3142,3428,4109,6810,3533,2975,4352,1460,4646,7216,4936,2712,2777,4713,5195,5117,2804,4090,3136,3470,3887,1565,3644,3055,2538,3424,3714,2621,4347,3939,2130,7009,4945,3085,1230,2643,2949,6468,3826,5060,3556,3014,5500,5972,2505,3858,4498,4857,5557,6260,4854,3817,6305,2982,4104,4103,1629,3061,5428,2996,3783
"COG0413",7127,7293,7263,5819,3469,7772,6481,2627,7750,3731,8313,7095,6577,7447,5278,6613,7426,6784,5569,8078,6769,8172,4139,7211,2984,3322,4845,4100,7792,6906,5870,2779,7860,4810,7638,4251,2772,7746,4200,7464,7564,6724,4451,6551,2939,8207,13518,1940,3762,2962,6321,7084,7754,5893,6094,5209,3026,7288,8070,7017,3975,7063,7283,7671,8215,8617,5233,7212,7840,2170,4318,3259,6808,2034,7847,7333,3939,6734,3619,6678,7915,4660,4047,5476,7575,6696,3026,5796,3222,7338,8307,3524,7354,3191,2430,2471,7374,5421,2687,7208
"COG0414",5075,4886,5621,4685,2393,5979,4997,2168,4302,2764,5730,5580,3589,4944,3032,4365,4613,5361,1919,5576,5896,6111,2094,5046,2336,2741,4709,2311,5404,6136,3563,2144,6371,2219,4334,2187,2427,4489,2026,5665,5454,4479,2006,5086,2025,4878,1646,1658,2269,2529,4931,3443,5957,4636,2108,5486,1535,5394,4988,5456,1789,5675,5386,5220,5619,5150,4416,4912,4196,1637,2027,2440,6449,1259,4936,5878,2378,5571,2386,4954,5573,2176,2101,5223,4967,4564,2627,2987,1950,3929,4846,2155,4968,3094,2266,1544,5699,2529,2354,5423
"COG0415",23411,23522,23746,17871,4316,27292,25020,6000,17027,369,21481,27599,13635,17155,7942,10897,21462,26451,6705,17750,20269,18998,1991,21109,5399,8032,12608,1448,22220,27853,6705,6172,16133,5173,16261,1851,6900,14798,482,24044,18075,11331,957,25335,8532,17616,7393,5021,1404,5360,25477,16417,28699,14773,4708,21641,3093,24671,18992,25069,4424,20670,23236,24706,19727,19565,18856,12320,5796,5859,1268,8295,19204,1993,22321,23466,2209,14918,6049,21036,20977,983,2523,18795,24486,13865,5820,3197,529,15777,19036,1026,23007,6251,5390,5492,26224,4788,8356,17531
"COG0416",5354,4615,5199,3500,3315,5505,5995,2416,4674,6332,5901,5769,4560,5072,4561,4451,5201,5705,1798,5389,5717,6095,3951,4791,3007,2288,4756,3923,5030,5658,4558,1833,6038,2297,4606,3768,1889,4696,4480,5902,5306,5100,4002,4984,2022,5322,1525,2613,4371,2954,4575,4651,5386,4823,3588,5448,3709,5666,4551,5667,1812,5221,4993,5019,5615,4608,3501,5320,4499,1422,3990,3789,5752,1423,5192,5804,4352,5905,3219,4305,5747,3982,3410,3260,5365,5337,2458,4427,6417,4428,4303,5800,4548,3487,2401,1628,5818,3847,2225,5815
"COG0417",9012,12327,36105,22837,6572,1603,15330,42758,8719,5244,12989,7781,8560,7904,10679,25768,16228,14347,167592,7484,5758,8343,5270,27919,35893,102120,6763,5639,5860,3641,6209,51516,12725,10697,10061,7284,65141,46471,6565,24145,16956,8154,7680,12252,37947,9534,278674,63233,4610,3262,8516,29830,2619,6033,13842,4259,86353,21199,11688,10937,106818,17201,22679,11552,12787,12035,7059,16210,22628,145754,6952,4543,9000,92023,49015,12019,5542,9230,6782,7060,6955,8611,6233,17355,9684,8165,26082,7189,5408,7781,10291,5829,16618,1917,18801,147792,20646,7618,7355,8729
"COG0418",2205,1901,2477,1881,1663,1885,3938,1334,1090,913,1380,3294,1409,1837,1362,1476,2010,2872,998,983,2562,1677,1577,1671,1958,1393,3652,964,1813,2558,1150,2216,2986,943,1043,897,2027,1402,889,2561,1615,1648,873,2822,2278,787,484,686,844,2030,1994,2060,1977,2176,920,4154,852,2403,1604,1656,972,1875,2183,2394,1757,1066,1817,1395,1497,1347,622,2014,2689,594,2763,3018,833,2467,1934,2103,2183,1451,896,1736,861,1235,1551,796,484,1252,1046,697,1864,2850,1135,1119,2885,451,2798,1970
"COG0419",2792,5430,17147,6793,5838,862,7447,21895,3975,4239,5035,2969,4677,4174,5789,16216,6381,6165,64616,3705,2238,4395,3961,13471,18507,49873,3846,3780,2920,1658,5992,23631,7628,8105,3076,5652,38869,17171,3985,10725,8090,5823,4573,5513,24474,4948,128157,34993,3089,4652,2727,13408,1113,4595,8368,2060,50757,10189,3584,4223,65205,6235,10660,4492,5261,2548,1487,7120,11624,73272,5231,2731,4454,54431,22539,5732,3568,4384,8532,2435,4145,5904,4582,5741,2447,5026,15267,5495,4602,4345,2458,4176,6825,2136,9736,59675,10513,4407,6281,3958
"COG0420",482,262,1277,665,2682,149,311,2755,918,948,157,294,2066,1231,1491,611,879,265,10150,770,603,301,1867,550,3217,6667,835,2178,269,187,2606,3505,662,3961,780,3431,4118,1172,2119,330,669,1455,2976,458,3073,1274,4277,2690,1986,2058,403,1317,167,2041,4189,666,7696,237,509,233,5607,267,731,273,390,378,148,480,653,3060,3176,995,867,7844,1174,394,2164,555,3111,473,349,3037,2960,592,282,776,3279,2823,1954,1650,443,2100,356,1891,2499,5690,366,2633,1287,229
"COG0421",1500,997,1548,1054,2320,722,2883,2944,1087,2276,915,2272,2009,1814,1607,1460,1228,2279,1421,597,2536,1180,1590,925,1732,1516,2502,2109,1016,1524,2871,1909,2478,2118,872,2836,1127,1350,1841,2125,1508,1430,1933,2202,2536,611,702,2018,2745,1891,1690,1138,1088,2670,1008,3602,4803,1689,1077,927,1330,1357,1482,1299,1380,627,436,966,1080,1803,2225,1673,2619,1438,2352,2372,3119,1910,1960,1380,1328,1585,1957,773,248,528,2398,1774,3378,1628,674,1805,1044,2029,1372,1836,1740,2119,458,1403
"COG0422",2510,1924,3104,1565,3782,4292,4405,3312,2049,2293,1761,3986,1863,2756,3209,1810,2087,3642,1974,1876,3745,2510,4290,2488,3814,2260,4908,3359,2401,3861,3819,4245,3971,4207,1459,3700,3560,1723,3740,2973,2616,2167,4136,3109,4482,1685,848,3114,2871,3840,2316,3854,4051,3041,5361,5338,1651,2528,1891,2201,2123,2597,3247,2442,2310,1312,890,1791,1620,2168,3560,3825,4033,1532,3212,3030,3155,3053,4719,2320,1894,5170,4017,1345,722,1075,2993,3350,2631,2482,1403,2752,2164,3564,3229,2096,3003,2986,4757,2332
"COG0423",6078,6548,4649,5251,3200,5686,3522,689,6950,4164,5248,4727,6394,5639,6150,7519,5215,4845,1233,6860,6034,5598,5004,4790,525,1132,3561,6111,5548,5330,6249,805,3996,7120,7061,5332,478,5728,6162,4536,5575,5072,6735,3895,1826,7798,2505,983,5796,2056,6903,4467,5726,5420,8659,4190,7199,4964,7017,5530,953,5870,5687,6588,5730,7269,5040,5991,6660,1259,6413,3456,4735,863,4285,3656,5206,5438,2993,6064,3391,7074,6086,7325,7950,7183,2226,6781,5670,7414,7270,5286,6872,266,681,1295,4671,8056,639,5531
"COG0424",4363,4509,4246,4043,3063,5410,4158,2888,4077,3858,4909,4678,3742,3966,3762,3900,4236,4318,1825,4313,4168,5120,3316,4658,2757,1837,3931,3148,5330,5002,3622,2571,4248,3203,4047,2760,2349,3632,3367,4196,3978,4377,2789,4305,3186,4087,1379,2387,3264,3160,4496,3566,5186,3927,2822,4022,2338,4352,4163,4574,1636,4735,4399,4545,4247,4250,4677,4203,3879,1726,2790,3340,4133,1222,3316,4347,2905,4106,3107,4269,5350,3138,2991,4243,4199,4559,2873,3564,3433,3837,4093,3308,4600,3567,2527,1585,4428,3252,2822,4532
"COG0425",372,340,350,768,1014,450,323,482,561,1181,271,351,653,513,967,442,451,293,462,459,582,444,1049,483,385,427,634,1147,483,397,976,962,556,1355,532,1251,725,374,1254,342,374,576,1294,310,843,462,276,303,879,811,350,536,333,538,1478,365,672,298,485,283,411,433,393,356,399,529,484,488,435,471,1212,707,521,405,370,346,1003,356,1237,557,587,1281,1142,631,253,450,202,791,1384,660,544,1302,338,1205,376,437,369,875,760,353
"COG0426",4386,2542,4366,403,287,1944,9570,75,1039,1219,2141,6866,1386,3539,942,2876,2667,6920,455,1412,8657,3345,81,1916,68,2289,7822,141,1897,4553,578,281,6605,125,1251,287,191,3056,26,6199,4478,2193,129,5313,274,510,404,20,242,417,3466,3714,2822,3950,178,9406,217,5046,2817,2752,299,2937,3840,3148,4107,501,88,2412,2836,1145,164,1129,9047,392,6951,6402,80,6286,467,3255,2147,77,76,265,31,475,46,115,1063,627,824,780,2281,147,75,882,5137,69,206,4854
"COG0427",98,98,50,47,727,46,122,733,104,118,35,43,275,165,113,80,138,87,495,72,74,47,383,56,643,360,499,265,81,49,406,1305,87,322,98,317,1084,87,156,85,184,275,176,118,810,81,71,140,122,1060,318,1204,110,1094,691,1234,1480,206,113,164,1709,127,365,160,130,101,88,428,350,1343,488,3576,287,1195,268,165,464,343,3583,493,157,784,980,151,73,656,787,1048,727,507,100,922,125,2873,1314,2026,204,498,6359,215
"COG0428",1352,1638,618,1301,877,761,477,679,979,1370,464,688,686,792,1361,1664,519,1120,772,772,1094,1171,771,625,727,379,1492,824,1317,980,1020,1058,713,1249,1052,654,554,1017,882,582,1035,1618,875,875,960,690,735,746,835,514,2001,884,745,672,783,1637,3024,582,1740,426,616,1068,829,1370,1064,1268,1505,1201,2003,360,707,1181,1070,575,590,651,716,1254,510,2202,502,691,896,1772,1339,1360,999,1134,1548,1301,1345,1228,1535,2870,680,939,371,1016,1364,1291
"COG0429",1500,1073,1707,1067,1874,879,2895,595,628,870,746,2112,701,1197,850,966,1345,2177,1000,604,1960,1078,1158,938,534,1281,3074,1149,956,1541,1138,1933,2028,2006,558,1114,1962,611,921,1779,1117,1097,918,2005,2458,314,318,763,1055,2052,1427,1388,1139,1705,661,3257,1068,1847,961,1001,1021,1173,1842,1378,1253,386,1467,721,883,1092,885,1813,2225,562,1855,2201,1109,1866,2093,1297,1228,958,1369,1296,124,427,521,599,849,684,429,894,1008,1529,456,1163,1906,548,2740,1290
"COG0430",35,20,16,104,95,6,17,149,131,141,4,6,45,51,27,48,89,27,140,5,46,9,17,21,152,86,33,85,4,6,110,141,112,39,104,91,74,104,11,7,48,23,96,21,156,11,50,293,102,61,48,14,6,17,32,14,734,16,62,8,98,9,12,11,56,141,52,5,37,82,73,18,135,213,85,35,92,3,58,17,12,12,40,91,6,8,160,76,428,24,122,249,23,2,19,163,11,134,44,14
"COG0431",1796,1676,1516,1164,3048,983,1885,1815,1712,397,797,1724,1903,1844,1535,1686,1394,1876,1803,1408,2560,1229,1726,997,1924,1502,3105,1875,1266,1370,2384,2865,1959,3547,1554,2120,2555,1726,1503,1756,1806,1870,1838,1628,2865,1399,693,2046,1645,2975,1960,1906,1250,2241,2391,2824,1329,1641,1704,929,1562,883,1493,1559,1504,1208,1409,1186,1483,1648,2053,2846,2432,1391,1713,1524,1299,1573,3156,2197,1108,1827,2070,1488,1501,1550,2053,1912,543,1933,1262,969,1553,2647,2119,1627,1572,2004,4215,1388
"COG0432",2374,2174,2638,1145,1815,2368,2540,882,2054,3530,2380,2535,1760,2142,2453,1976,2750,2560,832,2378,2285,2126,2169,2411,690,1258,2047,2263,1979,2497,2309,916,2173,1781,2115,1822,1155,2072,2535,2459,2208,1865,1917,2206,1272,2184,769,707,2327,1731,2399,1901,2402,2015,1802,2742,3440,2587,2004,2767,940,1900,2335,2341,2312,1713,765,1944,1906,601,2184,1858,2481,700,2369,2447,1966,2068,1657,2119,1954,2158,1972,762,2427,1740,435,2378,3643,2267,1763,3291,2024,1132,751,697,2626,2262,1286,2007
"COG0433",248,225,328,141,851,163,114,1052,521,510,187,118,588,512,616,275,290,219,613,326,311,59,672,264,2396,363,472,697,114,120,929,1015,189,1216,393,1234,273,310,704,136,466,520,1021,282,1420,569,828,911,553,872,1185,931,462,2391,4062,1216,8635,480,674,816,1424,449,578,550,941,657,699,630,988,3056,3261,1311,844,2074,472,548,1476,789,5337,1162,182,2912,3279,355,635,1049,10291,2923,3468,2210,695,2746,476,4823,5442,1507,525,3398,826,413
"COG0434",547,686,576,443,265,282,397,123,638,280,573,356,526,414,425,602,769,526,257,497,274,474,263,537,122,286,210,487,303,332,273,19,368,300,551,599,144,638,386,678,588,600,518,353,39,692,298,238,513,229,571,551,340,340,361,222,152,635,525,448,212,370,798,735,595,451,234,648,742,32,557,305,277,132,691,522,657,537,339,448,244,245,351,476,977,559,851,373,227,543,459,256,601,4,262,167,651,467,54,601
"COG0435",2088,1620,1946,1795,1910,943,2380,1414,812,471,780,1954,825,1414,811,1095,1371,1955,838,510,2064,1266,907,1413,1523,1276,3316,815,1445,1341,884,2289,2247,2033,793,1155,1700,1074,686,1902,1388,1313,690,1771,2404,308,287,1577,761,2049,1958,1695,964,1651,657,3879,776,1798,1179,735,880,1413,1725,1843,1314,603,2443,768,968,963,807,2243,2436,562,2348,2095,1083,1864,2213,1658,2011,531,1001,1353,357,594,1068,641,583,911,654,628,1540,3037,1606,668,1783,523,3176,1524
"COG0436",24061,23541,24583,21428,18429,22545,23219,13803,27567,26566,23710,24053,28109,26059,25747,26033,26952,24121,8064,26039,25222,24003,24178,25409,11367,9772,19875,26647,23450,22956,25630,9515,22678,19890,27561,25308,7194,25954,27926,24851,23838,23497,26930,22491,12284,26059,8373,14026,28321,17268,23499,21363,23011,25523,25636,21446,15294,25305,25317,22912,7401,22459,24042,23615,25077,25723,20607,25589,26865,6132,27170,18760,23976,8563,24206,23206,26053,25064,19440,24407,23567,25962,24536,20694,24419,25004,12620,27345,28058,26364,25543,25574,23634,21937,12481,6968,23532,30634,8428,25994
"COG0437",3573,3570,2116,4120,3095,2226,2250,2568,3345,6151,1590,2481,4535,3147,4790,3978,2458,2245,878,2513,3017,3648,4021,2364,1702,527,2414,4913,4230,2330,3156,1284,2264,4975,3738,4108,449,2389,5384,2357,3104,2972,4983,2524,630,2881,771,3402,5899,2705,4173,2821,2190,3442,3436,4908,3296,2469,3960,1784,690,3247,2658,3545,3053,3144,5121,3479,3198,701,4743,3494,2304,868,2493,2160,6338,3207,2408,4205,2549,4011,4128,5466,4045,3428,1513,4034,6617,3627,3292,5980,3945,4721,1787,1141,1681,4610,545,2816
"COG0438",50066,43087,45714,37830,37557,42177,42383,40405,41903,40219,47859,41253,41471,44171,38829,46362,42417,44573,101325,47865,45824,47102,34646,42794,53015,99689,53191,35431,45931,45460,44942,41289,48147,37994,46986,36887,58003,52390,34042,44017,47946,46349,35205,41347,48919,46795,78580,44432,33328,36290,46591,32918,42027,44002,40367,55437,80801,44432,41933,49437,73322,38705,47278,44199,46517,40737,32574,44951,43533,46505,37087,38946,46699,95368,42979,44265,34265,50210,37475,43806,43930,36234,37837,43937,54882,49166,56518,44592,44576,45004,39246,40580,43333,35391,35709,63320,45840,39128,42899,49983
"COG0439",12797,12542,11239,12894,11240,13444,14006,7769,13515,11851,12630,14043,13281,12833,13592,13428,12898,13602,6466,12168,13336,13714,12879,11805,8123,4983,10922,13808,12623,14055,11185,9353,12820,13870,13635,14266,5922,12132,14640,12799,12684,11391,14205,13461,9567,12492,3982,4345,13060,9408,13436,12336,13557,12360,14342,12288,5885,12690,13232,12625,5405,12236,12065,13093,13041,13279,12769,12231,12404,4578,13810,9126,13107,5483,11829,12706,14421,12321,13039,12857,11958,13195,13553,13177,11554,12082,5361,12766,9955,12697,13622,11749,12597,19249,6898,5907,12248,14021,5282,12872
"COG0440",3304,3457,3410,2953,2124,3794,3105,1256,3438,2791,4000,3499,2807,3558,3112,2902,3433,3384,1152,3929,3206,3637,2961,3596,1151,1383,2438,2754,3495,3780,2946,1317,3438,2341,3504,2743,1290,3079,3037,3320,3384,3317,2974,3603,1215,3802,1135,1118,2541,1889,3272,2997,3813,2855,3589,2597,1294,3402,3525,3555,1108,3512,3543,3411,3875,3728,2753,3669,3474,844,2974,2268,3535,839,3122,3545,2671,3385,2204,3072,3667,3215,2776,2597,3823,3321,1430,3185,2269,3213,3609,2411,3464,1454,1407,991,3477,3057,1399,3647
"COG0441",15892,15836,14992,12818,8667,16185,14829,5619,15409,12316,16718,15743,13461,14612,13850,15004,15461,16259,4464,16212,15160,15289,11222,15047,5577,5648,11849,11758,14673,15762,13492,4831,13806,11295,15859,11116,4856,14223,12289,15315,14518,14736,12709,14950,7278,16440,5376,5045,11772,7763,15830,12918,16393,13225,13746,13663,11456,15999,16074,17151,4312,14598,15358,16114,16004,16008,13198,15353,16122,4143,12383,9296,14520,3293,13219,15271,11826,15690,9108,14838,14177,12277,10990,12779,16580,15018,6827,14088,12350,15155,16033,11729,15808,6728,5313,4063,15972,13870,5174,15792
"COG0442",11075,11147,10916,9312,7364,11394,11695,3944,10879,9697,11277,11963,9755,10834,10886,11069,10608,11813,3651,11844,11462,11157,9694,9924,4282,4223,9509,9978,10459,11590,10010,3826,10509,10196,11100,9562,3686,10143,11072,11429,10607,10364,10788,10590,5279,11976,4035,3470,9633,6029,11298,9085,11338,10436,12033,10485,9493,11864,11103,11936,3326,10234,11326,11119,11207,11054,9198,10951,11042,3306,10310,7472,10783,2547,9936,11008,9284,11495,7339,10611,9703,11186,9710,9744,12326,11486,5265,10201,10141,10926,11133,10015,10995,4803,3638,3111,11652,10460,4396,11619
"COG0443",23575,20230,21149,20858,13126,19787,24495,10065,18845,15430,21335,22666,16787,20392,18023,19904,19540,23954,9703,19222,23951,22658,15460,18711,7816,13153,21996,15979,20009,22023,16700,10764,23553,16066,20697,14907,10208,19291,16357,21839,21468,19705,16883,23154,16515,19174,7258,9734,14814,12438,22486,22238,20482,18671,19438,26780,25049,22066,22133,20920,9643,20936,20558,21583,22498,19204,19276,19740,21948,9614,16133,14120,25989,10352,20664,23694,16909,22313,13591,19871,19887,17091,15377,18566,19505,17929,8351,16951,14366,18363,19830,14649,20829,9427,7732,9920,20689,17038,11489,23215
"COG0444",2568,2076,3016,3597,5557,1616,3474,3412,4259,6862,1868,2206,7043,4250,6434,3879,5601,1888,942,2834,2713,2176,7314,3687,2357,871,2097,9103,1855,1614,6858,2710,3730,6260,3606,9923,758,3670,8992,2950,2300,3673,10715,2434,640,4330,1269,6361,10057,4894,666,912,659,1793,2859,474,466,925,913,513,348,678,1338,836,833,1147,808,1077,1301,145,3219,1685,756,344,1575,679,3546,1139,1824,677,1029,2898,2580,1129,967,1290,1198,2410,2190,1878,1145,2560,721,1485,841,284,834,2846,398,949
"COG0445",13767,14625,12365,11966,7294,15269,14181,4888,11709,11310,14954,14834,9017,11797,11073,11411,11989,14613,4170,13187,14097,15115,9230,12563,5168,4890,10951,8267,15022,14497,9116,5515,12300,7449,12702,6865,5725,10506,9246,13597,13653,12326,8101,13663,5674,11825,3699,4314,8610,7134,14326,12428,14982,9840,7787,13418,6591,14150,13772,14717,4067,13832,13071,14304,13842,12729,12695,13061,12091,3685,7599,8750,13775,2763,12121,14053,8949,13179,7029,12654,13219,8881,7761,12715,13587,13413,4342,9986,10021,11014,13122,9885,15075,6417,4612,3958,13110,8625,6728,14575
"COG0446",17111,21573,19279,24348,18930,18577,17430,15841,21632,29294,24419,17376,16733,19043,24869,16087,21377,18160,8720,21414,15700,22100,26035,23304,12227,7677,9657,25409,20381,16232,14840,12750,19155,12545,20736,23956,9590,18502,26882,18746,19266,19406,26418,18366,10572,19707,5444,13569,26134,18798,16057,22887,18769,13138,22214,10084,9978,18518,21771,22492,7606,20856,17290,20048,20540,22654,27323,20011,20597,5653,25101,20159,16502,7498,20217,20716,29083,15920,20839,18402,23637,25312,21870,20178,17733,17969,11120,20436,21810,18550,23313,26048,21148,24521,14575,7563,19656,18440,9846,20554
"COG0447",1826,1074,1426,964,854,1033,2965,138,936,3435,923,2303,1448,1390,1533,1334,1509,2328,119,702,2081,1400,987,823,511,669,2501,1070,1361,1677,959,228,2188,1425,980,1279,143,952,1318,1698,1288,1349,1254,1845,195,1002,247,245,1341,823,1626,1278,1270,1992,921,3287,2016,1881,1344,974,187,1402,1666,1321,1521,695,1291,1304,1288,523,1210,1182,1997,117,1657,2038,1685,2203,686,1396,1193,1035,1022,1382,944,1301,1547,770,4050,1052,748,3290,1133,267,478,176,1733,1037,175,1442
"COG0448",1829,1067,1967,517,1588,1061,4139,1045,670,1638,870,2795,855,1364,1094,1128,1519,2946,553,552,2740,1391,1126,828,687,1407,3034,1007,969,1803,764,1364,2860,745,879,1236,1845,1911,986,1953,1584,1185,1056,2387,1335,193,220,65,788,3002,1605,1868,1247,1975,719,4017,1075,2164,1156,1192,784,1530,1767,1300,1791,1436,444,921,1169,1288,1089,1901,3188,170,2066,2711,1625,1749,1703,1742,1306,906,1012,303,30,408,2181,495,1283,527,1022,1570,854,535,846,827,2268,328,3137,1450
"COG0449",12386,12586,12632,10834,8987,14195,12200,5943,12480,11976,14836,13138,10744,12029,12394,11558,12882,13016,6787,13880,12128,13609,11843,12806,7343,12676,11191,11431,13536,14161,11338,8556,12860,11694,12233,11129,9993,12883,12317,12490,12685,12575,11988,12258,7780,13874,7731,5146,10873,7917,12745,11898,14610,10670,14538,11519,10324,12720,11568,14951,12025,12610,13111,12194,13138,11939,9977,12819,12536,5312,12328,9576,12207,14057,11339,13150,10275,13639,8806,11568,13003,12696,11338,10884,14933,13744,7385,12122,12292,12615,11795,11852,12905,6570,7207,6169,13132,11741,6499,13643
"COG0450",2468,1707,2057,1961,3414,1892,2768,4001,1973,2520,2013,2449,1745,2549,2139,2572,1586,2544,2902,2297,2597,1850,2695,1500,5372,2584,3445,2295,1356,2391,3102,3658,2297,3122,2106,2709,2798,2419,2022,2027,2282,2770,2231,2575,3327,2070,2090,3128,2207,3305,2188,2318,2278,2891,1532,3667,2785,2039,2079,2469,3089,1750,1862,1856,2405,1668,1794,2642,2425,3886,2555,2764,2820,2127,2006,2306,2156,3002,2589,2311,1395,2247,2761,2038,1607,2155,3570,2891,3102,1935,1832,2573,1536,4756,3874,3888,2174,2377,3156,2651
"COG0451",47753,45960,60398,35714,28193,48806,53452,63208,44115,50174,58709,49511,44354,47085,44497,62239,46683,55117,158436,51484,45120,50456,35861,56899,58845,159546,42673,39814,43798,49975,47550,48842,49365,33307,44191,40362,106524,73801,40434,60464,55350,51743,39107,50323,36284,50474,274665,58284,37837,23556,46727,39324,47716,42391,44010,48525,91305,57964,43923,54661,175585,48153,54137,43284,51531,40459,36151,56782,58143,138790,41927,28266,48341,129802,73034,55747,37747,56812,27682,41126,41895,40058,36220,34523,50792,51400,42246,49753,52487,46729,39032,45211,49147,19335,34437,144934,60071,44105,12881,58309
"COG0452",8476,8561,8684,7032,5179,9700,8330,3055,8779,6712,9734,9035,7370,8655,7789,8034,8725,8902,2872,9346,8701,9218,6699,8682,3863,3733,6897,6628,8387,9322,7903,3246,8833,6072,8822,6010,3392,7804,6888,9215,8750,7370,6749,8345,3848,9184,2817,2602,6265,4867,8315,7169,9436,7595,8031,7597,3076,9204,8968,9606,2842,9283,8595,8722,9170,9047,7711,8450,8433,2300,6766,5756,8821,2092,7769,8920,6289,8638,5402,8195,8790,7359,6240,7222,8251,7836,4270,7944,5129,8215,9052,5835,8466,4059,3292,2467,8727,7945,4258,8806
"COG0454",8273,7944,7060,7623,10413,7138,9033,12272,6694,6122,6656,8502,6268,7356,7361,7409,7029,8066,6291,7617,9262,7173,7934,6263,9974,6111,11451,7615,7092,8123,7487,10570,8198,10545,7072,8078,10118,6741,6733,7610,8093,8620,7572,8402,11180,6320,3199,16835,7111,11124,8613,7693,7673,7922,6825,11994,7284,7603,7857,7510,6545,7454,7165,7077,7792,7514,8571,6907,7273,6688,7087,10710,9295,4854,7247,8166,7845,7924,11345,8565,6801,7130,8778,8597,6316,6744,10558,6571,6067,6462,7296,6523,7114,11631,9695,6067,7402,6322,15154,7676
"COG0455",523,609,582,653,2310,576,864,1876,664,1104,279,699,802,633,1010,645,1053,691,727,256,426,723,1371,759,1421,526,999,1504,1079,591,1451,1671,802,5041,372,1890,1492,425,1411,662,508,722,1408,928,2630,224,190,1681,1259,1997,670,897,617,853,775,975,3437,611,315,247,719,655,747,673,310,305,770,448,532,798,1644,1520,423,430,809,804,1758,561,1953,843,1410,999,1419,603,278,361,1775,826,1646,724,255,1287,580,826,1311,866,636,1023,2116,450
"COG0456",2112,1831,2075,1817,3430,1582,2191,3481,2090,1941,1516,1796,2997,2418,2434,2122,2158,1795,1447,2096,2385,1695,2790,1987,3553,1465,3115,3201,1861,1712,3240,3360,2608,4095,1897,3753,2520,2105,3004,1802,1911,2664,3537,1821,2729,2409,718,4485,3098,3665,2064,2028,1541,3254,4032,2713,1920,1667,1851,1555,1681,1821,2157,2010,1756,1826,1434,1918,2054,1525,3347,3308,2441,1521,2108,1964,3344,2175,3983,2023,2166,3256,3179,1923,1966,2403,2737,2806,2222,2657,1932,2535,1739,3387,3280,1376,1916,2785,3712,1961
"COG0457",39489,35427,32546,36882,46714,38039,37645,51521,43733,58987,35783,35355,45451,47620,45651,48993,38929,37718,15005,46496,46191,38395,46120,33922,22892,24363,62141,55056,34818,39326,55219,26886,40838,45375,43805,50735,31542,38762,53390,37432,39750,47678,51798,42105,27890,41051,12207,57817,54289,42975,41179,31158,39095,46349,44583,42830,34086,36494,39874,38204,28353,37435,29714,34826,40273,41780,42826,43845,40838,15637,53844,41365,48860,21324,32663,42348,59179,46987,47942,42651,39759,50669,49308,36627,34236,41097,19016,51937,61646,47354,41633,53535,33564,19178,23595,17383,34062,51106,38619,45936
"COG0458",24608,24354,23881,19361,14964,26015,23722,9144,24004,20783,26578,25925,22021,23184,22096,24242,24469,25216,9925,25754,23590,25877,19325,23510,10704,10503,18792,20229,24698,25953,21267,9059,22363,19964,24914,19831,8362,23580,21699,24317,23136,23244,21979,22837,9993,26548,9549,8108,19213,13033,24378,21258,26510,21408,24837,20857,13164,25562,23760,26782,8062,22438,24386,24734,25026,24456,19949,24850,25363,7255,21459,15237,22473,7444,21231,23906,19231,24210,15542,23079,23291,21940,19240,19711,26013,25449,11794,22279,21031,24233,24904,19855,24411,11661,9136,7782,24891,22576,8980,25391
"COG0459",18716,17502,19412,18986,11178,14590,20029,27012,18842,13776,16660,17855,19271,18226,17547,18996,18153,18440,96452,15601,19974,17166,14820,16569,33468,69627,15219,16455,14426,15804,15675,17746,19391,17778,20405,16295,32691,24807,16663,17979,18681,16758,18462,17829,14541,17375,65285,27672,15153,9031,19093,21759,14986,16773,23889,17525,24982,18377,18455,15911,49693,16324,17427,17517,19026,16313,17315,16154,20256,38912,18313,11580,20728,49806,20862,17215,15372,17578,11816,17780,14041,18239,16267,17253,17291,15946,23553,17755,14346,17765,17184,14138,18392,6712,28877,55015,16628,20508,6982,18224
"COG0460",8010,8275,8404,6911,6845,9448,8076,3716,8139,7264,9265,8912,6479,7590,8081,6393,8240,8722,3251,8773,7385,8966,7997,8534,4302,4175,6975,7066,8687,8991,7160,4410,8254,7259,7642,6812,4812,6620,8090,8379,7894,7626,7750,7680,4406,8447,2849,3933,6655,6107,7469,7323,9186,6637,9370,6960,4833,8461,8662,9486,4020,8754,8807,8352,8413,8218,7123,7732,7491,3032,7446,7000,8149,2175,7300,8856,8123,8156,7526,6858,8522,8649,8253,7492,8560,7564,5256,7190,6851,7284,8094,6851,8315,4740,3805,3357,8797,6832,6370,8601
"COG0461",4493,5263,4003,4090,3042,4725,4559,5420,4472,3602,4720,4419,4411,4627,4858,11327,3880,5902,5783,5047,5289,4570,4024,4155,2318,13421,4908,4203,4596,5376,4247,4776,5673,4088,4568,4232,14496,8832,4438,6047,5174,5265,4574,4297,2492,4742,1771,2081,3974,2630,4770,4284,4636,4372,5460,4638,2854,5301,5303,4072,19104,5269,4171,4780,5306,4382,4250,7986,9363,5357,4341,3387,5391,5107,3953,4679,3904,5350,3229,4855,4529,4712,4124,4106,4369,5869,2127,4425,3638,4560,4773,3615,5225,2209,1771,12829,5336,4440,2444,6049
"COG0462",8316,8163,8294,7663,5055,8813,7996,4488,8073,7286,8756,8566,7663,7717,7789,8019,8228,8287,2897,8391,7822,8446,7008,8273,3635,3532,6417,7244,7992,9085,7023,3627,7632,6642,8529,6729,3411,7558,7773,7956,7664,7702,7714,7797,4810,8633,4439,3230,7002,4667,8280,7774,8955,7023,8599,7440,6115,8386,8133,7967,3347,8199,8504,8438,8359,7996,6678,8327,8483,2977,7472,5277,7338,4033,7351,7771,7094,8381,5531,7714,7617,7613,7009,7380,8806,8350,4192,7706,6892,8197,8321,7244,8846,4116,3954,2753,8234,8075,2971,8629
"COG0463",34229,28993,36466,25962,31715,37393,32130,33993,31864,45135,38346,34301,29011,33479,35116,34793,31610,36461,48625,40691,34911,33902,32007,33178,28206,56828,33397,34987,32718,40303,37419,26855,30659,37585,33140,35658,45183,36915,35840,35015,36368,36199,34878,34551,32905,36539,63714,30829,30907,29728,34186,24189,37814,33346,40209,43127,60263,36215,29709,40847,49004,30202,32717,29777,35151,29055,26369,35529,32612,32974,37054,29349,36523,48928,32005,38253,30045,37712,36311,30863,32429,36653,36419,28033,35608,36701,27406,37176,51337,32155,28294,44007,30700,20151,26982,38772,36769,35445,27261,35325
"COG0464",5631,3506,4527,4679,6832,1521,4863,2702,6637,2885,1983,3452,6807,7213,7408,6351,5404,3945,3174,4773,8190,1870,7642,3166,4648,4710,6675,8292,1860,2711,7942,6363,5203,14233,8472,10767,3251,6635,8835,3624,5119,3759,12440,6529,5867,5787,3692,739,5396,4420,5396,4042,1963,5404,19802,7289,10077,3868,5918,2040,2779,2901,3123,3429,5925,5143,6198,2450,6404,4000,11665,5414,11508,3517,5681,5126,6850,4179,8568,5232,1948,13090,10837,2298,1643,2256,3987,8170,5697,7106,5141,6017,3235,3693,2640,3440,2871,10225,6070,3461
"COG0465",23290,17970,21238,18305,10072,17341,28435,7012,15484,13122,20453,24088,14063,17429,13458,17053,19321,23889,7739,15684,20730,20629,11163,17578,6860,12168,21986,10412,18468,20864,11361,6526,22308,9487,18452,9565,6239,21112,11338,21638,18811,16818,9906,21259,8274,15847,7093,6248,11006,9282,20176,19315,18643,16320,9775,27694,9227,21875,20272,20237,5883,18209,20902,20261,21215,18698,14001,16701,19018,6113,10449,10933,23612,4674,21193,23366,11007,19766,8297,16933,17664,10547,9278,15695,17967,15350,8416,12093,11499,13673,18552,11509,18149,7394,6498,8067,20986,11133,6793,20062
"COG0466",12799,13342,12188,17173,11076,15810,10950,8083,12913,14244,17320,12882,10674,12162,13853,14247,13107,12167,8458,14861,9862,16758,13567,14854,8797,7268,8423,12826,17348,14230,11041,7583,11273,14074,13562,11769,7286,10763,14432,12872,12410,13959,12605,13305,8712,14856,4692,7569,12758,9579,12509,11411,15661,9483,11197,8658,8063,12702,13971,18067,6288,15509,13030,13428,13083,14812,13865,14426,14672,4502,12643,9633,10153,6450,9911,13360,13857,12483,10109,12071,16639,12703,12037,17824,14636,15376,6445,12508,12663,12477,14945,12891,14864,12717,7345,7333,12648,12488,6069,13834
"COG0467",2362,1628,2229,269,304,1205,3473,420,1062,383,854,2908,943,1709,767,1529,1746,2952,184,748,3340,1412,68,1148,76,975,2980,195,869,2368,343,200,2817,243,952,210,93,1607,200,2078,2048,1100,253,2063,302,443,416,99,353,184,2645,1899,1417,1938,231,4676,735,2368,1346,1017,90,1495,1503,2020,2207,549,441,781,1487,553,233,685,3100,64,2153,2693,188,2557,121,2360,882,87,176,144,279,419,43,244,399,500,552,277,1376,1710,89,235,2022,532,99,1746
"COG0468",10925,12460,19521,11828,6462,9551,15334,20857,11131,8563,13707,11800,10405,11071,11432,16702,13190,14946,67297,10711,10097,12601,8518,16250,26175,61946,8077,8612,10301,10108,9345,28642,12543,9410,11249,8883,31384,23845,9390,17835,14272,10243,9476,13268,22782,12226,116910,27815,7973,4968,10971,19021,9938,9459,13025,7846,51168,17492,11228,12488,58662,13707,16861,12311,12904,10482,8883,14096,15663,67023,9256,6098,11136,84787,27218,12822,8309,12075,6214,9651,10310,10036,8337,11012,11412,10611,19355,10964,8366,10855,10430,8547,14143,5130,13881,68323,17017,10121,3895,11880
"COG0469",7463,7126,7379,7855,5027,6654,8609,4048,6545,7406,6166,8460,6318,6614,6459,6863,6886,8545,2715,6176,7551,6964,6166,6279,4385,3197,7855,5874,7912,7708,5313,4012,6977,5107,6777,5173,3838,6270,6268,7428,7049,6261,5748,7446,3648,6483,2344,3517,6244,5036,7981,6964,6715,6754,4829,9172,3255,8042,7221,6356,2408,7264,7771,7991,7339,6633,7993,6817,6816,3420,5416,5804,7516,2026,6837,7897,6704,7485,4238,7624,6928,5660,5637,8831,7559,6938,5381,5005,5202,6024,6699,6636,7179,5333,3932,2977,7782,5026,4633,6923
"COG0470",8674,10670,21474,13270,6395,6698,11311,18479,10083,6286,12374,8673,9799,9552,10927,20042,12890,11888,67033,9899,9424,8746,7417,17422,17799,41010,7545,8478,7928,7654,8294,22807,10808,10997,10719,8705,26310,23904,9303,16344,13362,8575,10011,10981,15558,10771,118051,24015,7497,3997,9969,14828,7047,7866,14334,7136,34381,15170,10703,10635,47667,13439,14986,10965,11641,10673,8282,12511,16678,70930,9434,5087,10678,34901,25861,11666,7958,10407,6206,9382,7972,10868,8692,12703,9080,8646,14584,8816,5383,9002,10052,6926,12364,4021,9558,59766,15589,9581,3073,10193
"COG0471",9788,8857,7364,8140,10263,8137,9093,10698,8222,11800,6139,8720,7899,8059,9248,9963,7527,8543,4879,7808,10605,7589,10595,7588,10912,4315,13683,10073,8397,8712,9588,9444,8350,7130,7714,9102,6304,8726,10262,7626,7795,9043,9654,8153,8340,7794,2335,8876,11928,10801,3176,2900,2551,3232,2382,4446,3709,2396,2715,2564,1627,2729,2798,2980,2567,2603,2903,3097,2719,1701,3297,4682,3203,1449,2654,2598,3013,3460,3173,3015,2039,3026,3295,2905,2780,3649,3228,2952,6093,2837,2693,4713,2920,3523,3015,1777,2300,3202,4645,3223
"COG0472",11764,11525,11281,10448,7050,14590,10392,5232,10299,10498,13550,12442,8407,10093,10895,10031,11603,11744,4154,12303,10531,12624,9655,11564,3786,5173,8835,9286,13115,13547,8753,4470,9930,8589,11037,8752,4647,9948,10159,11753,10904,9708,9573,11026,5663,11596,3790,4768,8418,6308,11557,7858,13956,8398,10862,10747,7765,11796,10684,13519,3908,11698,12274,12108,11401,10887,10891,11603,9905,3343,9195,8104,10982,3045,9884,11897,8949,11592,7315,10347,12489,10345,9003,11710,13344,11923,5642,9558,9659,10230,10699,9774,12397,4993,3961,3366,12312,8456,5458,12461
"COG0473",9690,10304,10866,8192,8164,12859,11610,4772,11484,7956,12176,12247,11424,10905,10317,8641,12013,11181,3754,10967,9950,11910,10312,11507,4735,4021,7592,10802,12227,11701,10612,5084,10860,9711,10635,11101,4637,9327,10814,11230,10088,8603,11147,11353,5222,11851,3572,7251,9697,7888,9634,10973,12407,10006,13121,7812,5186,11328,10663,11799,3603,10974,10975,10632,10958,9939,7778,10086,10302,3231,11876,8023,9993,2604,10393,11108,9273,9884,8614,9777,13248,11540,10486,7162,10043,8917,4812,11275,9160,11043,10380,8480,10588,7261,4449,3206,11893,11773,6262,10226
"COG0474",1361,1229,1118,1301,2209,339,1030,5124,2055,2551,208,450,1779,1692,2009,2196,2983,838,1080,555,1784,160,1809,1184,2828,1074,1919,2062,225,309,974,1896,763,2200,2843,2602,892,3109,2033,800,2048,977,2379,1677,2401,564,1658,3713,2071,1510,1829,1210,325,1282,2185,1822,6956,1191,1199,358,949,596,806,838,1945,1655,1649,741,2720,2596,2225,4549,3830,1242,2094,898,2408,1050,1484,1529,426,1822,2078,315,985,924,4953,1378,3611,718,1792,2940,694,2420,3836,1398,635,1487,5152,723
"COG0475",4788,3087,4202,2313,7342,2085,5280,7004,3891,3834,2633,4036,4011,4222,4708,3942,4227,4318,3590,3254,4673,3161,5878,3086,9922,4702,5667,6184,2547,2912,6091,6607,5257,11485,3425,7645,5862,3306,5725,4164,4247,3747,6017,3591,8387,3812,1618,5436,4628,7296,3512,5250,2368,4402,7643,6650,7731,3671,3428,2787,3909,2543,4664,3591,3680,2064,1609,2922,4373,4792,7954,5272,5788,2204,5313,3847,5569,4242,7461,3036,3045,5959,7362,2015,3490,2103,10875,5181,4565,4790,2387,4772,2636,8576,8861,3225,3919,6395,7854,3591
"COG0476",5190,4725,5957,4385,5846,5661,5707,4124,5770,6453,5198,5825,6201,6606,5695,5856,6317,5601,2144,5924,6777,4572,5357,5659,3497,5259,6092,6098,4772,5775,6464,4008,5675,7361,6380,5544,4673,6214,6253,5875,5707,5467,6315,6094,5032,5668,2411,2784,5886,4836,5220,4252,5617,6145,6574,5774,5780,5877,5082,5388,5624,5137,5000,5083,5849,5558,4436,5321,5337,2398,6212,5912,7493,8427,5912,6253,5676,6077,5174,5646,5702,6271,5696,3253,4256,5060,4629,6424,6366,5893,5741,6182,4883,3817,3633,2557,5446,6995,5345,5876
"COG0477",46121,42366,39840,47405,58099,44259,46929,55617,53869,47475,44197,42832,85104,60060,46192,45647,48830,38214,29204,44257,47783,43674,52192,46071,55085,23936,48743,59205,46171,40746,71176,46612,54293,33322,51801,65692,37695,44577,50790,42867,45344,53844,51065,47344,48093,58520,18012,49457,70944,63302,39276,47459,42656,77852,37975,37523,29769,42412,47097,44172,27894,44270,41557,42152,45767,49800,46430,49989,46830,31539,59343,58097,44850,24593,42538,44490,58842,48074,52346,45682,52445,44889,52957,42412,43492,56441,71266,70228,41242,64082,51157,45635,42539,59363,53446,26601,42059,68904,54358,45606
"COG0478",42,22,11,60,3,2,23,0,49,5,2,5,63,56,10,42,92,5,0,2,59,0,3,15,0,13,7,8,5,1,7,4,8,5,103,7,0,130,1,19,70,33,1,61,0,6,31,0,2,1,26,24,3,23,3,16,2,19,49,1,6,8,12,2,73,72,49,13,44,1,2,2,211,1,121,39,10,11,4,2,6,3,1,7,1,10,0,8,15,10,97,12,7,0,0,2,7,17,5,11
"COG0479",6652,6437,6106,5333,4345,6576,5122,2638,6926,5611,7385,6148,6377,6074,6131,6282,6539,6195,3174,6948,5285,6185,5420,6760,2722,3544,3546,6398,6492,6012,6035,2295,5065,5402,6930,5626,2438,6519,6323,6229,6151,5969,6427,6050,2556,7351,3631,2384,6248,3838,6191,6247,6659,5452,7166,3983,2595,6268,6364,7070,2243,6208,6492,6336,6481,6776,5484,6830,7081,2362,6613,5135,4871,1689,5819,5643,5892,5941,4431,5937,6361,6129,5819,5010,8120,6890,2930,6543,5106,6971,7069,5310,6832,3387,2665,4404,6473,7066,3151,6448
"COG0480",16692,16172,15104,14716,15074,17040,16424,8246,16951,20819,16540,16883,16966,16454,18479,16971,16860,16494,6642,15799,16132,17485,18098,15305,6770,7362,15556,18817,16305,16476,17285,8359,14690,18515,17281,17766,8774,16251,20005,16317,16740,16484,20481,15436,11930,17927,5936,7717,19907,13207,16704,19178,16775,16006,19059,14758,17973,16072,16026,16556,6447,16140,16980,16973,16505,15367,14560,16626,17162,5577,19448,15420,16022,4840,15491,15048,20813,17367,15534,14735,15102,18809,17238,14058,17332,17289,8229,19504,22887,17118,16219,21030,16487,7197,6077,5867,15341,20052,11183,17713
"COG0481",13355,13963,13119,11522,7229,16380,15862,5248,12502,10906,15808,16646,10294,12436,11126,12033,13309,16432,4048,13635,12115,15335,9640,12842,4909,4694,9370,9023,14242,16731,9734,3983,12574,7149,12867,8081,4152,11597,9923,15142,13222,12309,8829,14956,5262,13328,4326,4281,9392,6779,4489,4258,5642,3804,2800,3715,1942,5022,4413,5478,1264,4566,4795,4712,4672,4378,4104,4584,4413,1354,2999,2799,3986,982,4192,5042,3210,4842,2288,4152,4235,3004,2677,3877,5100,4356,2091,3427,3105,3870,4485,3317,4966,2088,1565,1232,5341,3246,1679,4811
"COG0482",8375,8305,7857,6978,5652,8820,7845,3284,7656,7667,9293,8683,6313,7380,8403,7307,7691,8572,2597,8817,7290,9099,7913,7871,3912,3184,6484,7860,8924,8512,6361,2743,7807,7496,7697,7040,2640,7058,8369,8125,7735,7213,8176,7906,4039,8296,2445,2703,7302,4733,8087,6440,8794,6934,9743,7472,4908,8381,8112,9417,2473,7900,8122,8274,8513,8250,7017,8617,7937,2294,7746,5405,7455,1809,6980,8342,6954,8815,5633,7628,8267,9025,7337,7272,9630,8716,4112,6425,6909,7361,8052,7226,8443,5657,3543,2278,8386,6692,2733,8802
"COG0483",10564,9817,10423,8781,6955,12061,11035,6067,9616,9848,11789,11495,9737,10053,9085,8609,10297,10839,3021,11006,9994,11165,7947,10374,7217,3803,9220,9420,10975,11552,9449,3734,10902,8067,9366,9408,2939,9298,9271,10760,9512,10099,9384,10216,5424,11077,2784,5416,9176,5513,9851,7768,12124,9597,10834,9017,4781,10852,9680,11580,2944,10483,10178,10159,10211,9925,7868,10098,8867,3249,9890,7928,10247,2448,9593,10775,8488,10626,6692,8993,11598,9123,8694,7384,10770,10865,8150,9502,8995,10257,9893,8779,9626,6864,6184,2827,11799,8973,3683,11064
"COG0484",3673,3424,3137,3462,2484,3189,3359,1104,3700,3086,3301,3199,3763,3920,3696,3698,3348,3259,2057,3605,4053,3467,3135,3208,1203,2120,2441,3479,3153,3179,3770,1330,3250,4361,4159,3740,1403,3653,3626,3405,3550,3141,3963,3388,1525,3938,1166,1161,3145,1855,10864,9585,9488,9479,15421,9453,6834,10127,11620,9800,4905,10673,9669,10499,11213,10786,8715,10482,12213,3641,12022,7109,12663,4631,10003,10089,9939,9646,7872,9509,9319,12071,10501,9991,10997,10093,4956,12419,9761,12062,11213,9172,11289,3914,3422,4751,9356,12532,3735,10533
"COG0486",9803,10039,9203,8083,5163,11124,9955,3873,8324,8138,11094,10804,6199,8610,7843,8077,8566,10724,2965,10266,9238,10614,6718,9451,3375,3397,8219,5948,10618,11111,6732,3648,8391,5403,8664,5021,4079,7205,6834,10507,9347,8417,5627,10188,4096,8853,2656,2871,6121,5066,10324,7051,11083,7702,5346,9985,4667,10533,9345,11490,2829,9610,9825,9975,9667,9622,8329,9088,8554,2752,5575,6302,9465,2046,8760,10704,5974,9770,5022,9026,9760,6398,5549,8523,9763,9898,3016,7233,7111,7847,9425,6863,10245,4600,3299,2729,10299,6076,4506,10039
"COG0488",3943,3456,3273,7302,5661,2461,3250,5678,3819,3718,1756,2847,3764,4242,3647,4272,3322,2892,2759,2441,4810,3071,4160,3161,6379,2626,5999,4110,3641,2878,3997,5316,4783,6286,3833,4546,4361,3288,3284,3077,3595,3741,3670,3657,5371,2196,974,4691,4854,5872,10525,14422,7497,14200,7620,16773,7590,8387,13153,5106,8722,13493,9875,10989,10556,12340,24942,9041,11311,9472,11141,15605,16142,5934,12188,10629,15834,11164,16972,13947,11716,11387,13267,25792,5074,6896,20582,8352,7827,9929,12084,10594,11024,21963,16823,8282,7461,8407,19364,10327
"COG0489",2833,2979,2616,3231,3307,2471,2798,2875,3120,2306,2724,2795,2724,2935,2891,3256,2705,2827,1478,3089,3052,2964,3008,2502,3339,1292,3349,2929,2708,2627,3275,2729,2681,3258,3040,3182,2128,3012,2825,2861,3099,3006,3123,2750,3555,2988,978,3033,2874,3103,9726,9304,7681,8882,10312,10150,6305,8491,8908,8157,4774,8721,9242,9477,8997,8807,8359,9288,9885,4939,9421,10105,8833,3499,7776,8205,9183,9766,10325,9222,7394,9214,10127,10939,10109,9638,9863,9562,7596,9095,8645,7583,9035,11382,9300,3854,8011,9487,10029,9381
"COG0490",3,1,0,1,6,3,0,0,5,1,0,1,0,0,1,4,0,2,0,0,0,0,0,0,150,0,5,6,0,0,5,19,0,5,0,82,0,0,0,0,6,5,41,65,0,1,0,1,1,2,9,0,1,49,3,1,0,0,0,28,3,0,3,0,0,0,0,0,0,87,18,23,0,2,0,3,1,6,2,1,0,0,13,1,0,0,904,5,0,0,0,9,0,0,256,0,0,15,3,0
"COG0491",17392,18476,15745,20126,19828,16729,14142,16192,19120,15841,15604,15158,21381,18398,18352,17628,17932,15425,9435,16580,17017,16040,18999,17319,19107,8656,15387,22292,17557,16170,18397,13494,17575,16016,18671,20909,12036,16698,20376,15249,16148,17427,19896,14838,12631,17791,5911,14276,25083,18867,18016,17126,16520,20639,16632,15049,9292,15527,18073,14756,8577,16765,17340,17954,16925,18660,20000,17925,18123,7985,21071,20812,15295,9527,15541,15314,22255,15977,16210,18522,17151,18698,20160,20213,18324,18253,16291,20836,15744,19240,18793,16148,17710,22267,16545,7894,15736,21388,15544,16915
"COG0492",14951,14763,13413,10166,6956,14855,14836,4133,14210,8591,15811,15387,11729,14198,11022,12591,12984,15350,4930,14315,14668,14965,8696,13108,6946,5725,10880,9610,14147,14809,10183,4507,13635,8893,14404,9067,3352,12444,9622,14181,14193,12315,9879,13882,6379,15373,5028,5640,8760,5909,14911,12310,14668,12512,12404,13145,6457,14898,15197,14493,3820,13622,13751,15058,15110,13647,10213,13749,13319,5842,10693,7339,14381,3033,12256,14217,8561,15139,6436,13786,12795,10138,10103,10919,14750,12776,7780,10865,8316,13497,13879,8192,14533,6358,4717,4869,14314,11692,3024,14854
"COG0493",8114,9542,9977,10622,7212,12943,9887,5321,12157,22975,13653,11026,10112,10525,14189,9579,11890,9291,3542,11248,8445,13128,13714,13323,5729,3144,5194,11179,12533,10595,9232,4534,10728,4764,11697,9979,3685,9104,15096,10290,10724,9727,10922,10480,4307,11772,3657,4640,11038,7465,7550,11221,12382,8377,8545,3901,6242,10477,11689,12968,3041,11681,11040,9140,11414,12201,10778,11087,10513,3758,10608,7985,8846,2634,9079,10120,12058,9261,7323,8546,12667,12092,9641,10169,9766,10236,7486,11064,18341,9419,12409,19206,10271,6679,5101,2855,10970,10833,4276,9968
"COG0494",9434,9527,8417,10907,11717,9958,8660,9891,10996,9387,8978,8750,11954,10438,11159,9906,9503,8614,6891,9861,9703,10153,12179,9301,10980,6272,9684,12386,10388,9416,12111,10088,11071,12076,10710,12741,8797,9626,12155,8743,9494,10935,12981,9533,11821,10710,3914,8587,12444,11471,9019,9226,9786,11003,13317,8292,8628,8438,10190,9016,7303,10134,9475,9647,9533,10639,10838,10162,9979,6502,12372,11716,8755,8491,8716,8797,11753,9121,12382,10077,11012,12779,12599,10843,9357,10863,11382,11502,9820,11620,10371,10231,9774,13824,10271,5579,8955,12003,10638,9002
"COG0495",20366,20616,18996,16335,12146,22122,19425,6719,20231,15502,21807,21699,18064,19609,19260,19763,19360,21100,6204,22473,20805,21208,16667,18166,7121,7493,14879,16855,20932,21625,17688,6990,18523,17486,20815,15904,6458,17817,17944,19952,19360,19232,17847,19559,9003,21458,7098,6388,15736,10446,21192,15898,21672,17458,21881,16858,15420,21330,20718,22397,5695,19350,20055,20206,20936,20568,17431,19508,20899,5745,17936,12360,20325,4467,16250,20321,15782,19584,12654,19778,19412,19696,16309,17975,21981,19724,8559,18427,15759,19834,20689,15010,20219,8446,6777,5385,20518,19970,7005,21086
"COG0496",3351,3154,2892,3013,2065,3124,3614,1540,2824,2495,2313,3255,3164,2540,2720,2934,2932,3169,1004,2513,3844,2796,2685,2510,1876,1169,3405,2519,2884,3468,2682,1108,3000,1656,2877,2166,719,2695,2663,2814,2973,2629,2563,2764,1333,2383,806,1686,3179,1712,3476,2545,2949,3008,2172,4227,1395,2995,3468,2319,859,3366,3056,3337,2999,2784,3037,2410,2876,1141,2158,3159,3251,742,2798,2629,2568,2707,2153,3582,2256,2564,2543,3715,2863,2759,1677,2424,2866,2834,2878,2485,2907,2645,1570,1052,2701,2798,1812,2741
"COG0497",4161,4155,4369,5859,4613,3485,5083,3543,3422,5034,2181,4521,3595,4197,4354,4031,3824,4091,2006,2484,5726,4210,4846,3664,4693,2061,6764,4167,4897,4332,3935,3793,5170,4647,3127,3825,3248,3715,3964,4522,4043,3862,4112,4490,4628,2486,1112,3077,4479,4708,4668,4363,3406,4953,2749,7408,3219,4214,4212,2420,2004,4439,4546,4640,3776,3631,6261,3172,3372,2618,3705,4404,5848,1289,5186,4889,5407,4554,4544,4802,4621,4412,4017,7235,2741,2810,5636,2688,4346,3325,3488,4444,4353,5632,4001,1951,3779,2697,4398,4110
"COG0498",9936,10153,10072,8014,8515,10805,9359,3810,10935,11076,10947,9844,12574,11538,11851,8777,10675,10034,3028,11328,9925,10070,11032,10621,3937,3869,7377,12943,9805,10181,12786,4068,10425,11420,10097,13469,3271,9959,13300,10489,9384,9504,13975,9271,4161,12614,3362,2595,12222,7389,9513,8266,10318,11367,16169,7738,4810,10398,9571,10466,3066,9811,10126,10242,9849,10447,9375,10266,9874,2589,14542,7866,9929,2471,9760,10079,12139,10585,9306,8536,10725,13409,12203,7639,10962,10188,5142,12998,10674,12459,10559,10664,10168,4605,3635,2626,9911,14513,4372,10467
"COG0499",10973,11116,10119,9283,6692,11945,10968,4067,10713,9486,11990,11838,9700,10214,10968,10719,10645,11515,3430,10709,10388,11391,9888,10394,4229,3892,8087,10001,10897,11271,8770,3518,9800,9309,11012,9227,3292,10067,10625,10947,10719,9201,10489,10432,4123,11406,3322,3713,9184,5650,10894,11918,11955,9130,12080,9016,5538,11206,11219,11611,2807,10948,10552,11247,11200,10516,9456,11088,11228,2848,10320,7294,10072,2379,9666,10112,8934,11117,6723,10102,10359,10887,9320,8602,11785,10789,5013,9851,9249,10937,10938,9171,11395,4404,4085,2928,11013,10163,3342,11760
"COG0500",9555,8507,9522,10716,10643,10929,8321,11889,10520,14348,10613,8969,10713,11089,11572,11246,9612,8872,13006,11228,10663,10525,11558,10005,9580,11764,10637,12731,10044,10741,12038,9570,11569,11214,10785,12855,8718,11390,12761,9096,9852,11064,12460,10380,11198,10593,15149,11933,12421,10198,26040,22863,31552,31869,38591,27620,46958,27106,29084,32308,32909,29172,25830,24136,30597,32302,28839,32513,30625,31223,38801,29347,34972,38224,28447,31811,36556,33068,33780,28947,34388,39318,36187,31667,29382,31463,22636,36103,41149,32402,30377,40092,26219,21282,24571,33910,27777,33557,23401,34709
"COG0501",5982,6201,5754,5768,5587,6683,4207,6967,6314,7449,7419,5804,5566,5706,6022,6005,6200,5952,4020,6848,4294,6677,5928,6234,5165,3108,4336,4808,6183,5969,6002,4146,4626,6975,6435,5217,3856,6509,5292,6288,6269,6516,5311,4995,7531,7424,2802,5089,5531,4956,6025,5328,6673,5393,4542,4312,5991,5940,5959,6961,3746,5556,6722,6192,6259,6246,4291,7009,6544,2720,4586,5179,4423,2693,5232,5651,5683,6432,6145,5072,5960,5510,4952,6033,9329,6941,5052,5983,6842,6201,6100,7006,6129,8412,6024,3387,6485,5004,4762,6585
"COG0502",1763,1173,1621,1182,2228,902,2457,2221,1291,1380,838,1862,1290,1792,1806,1216,1037,1963,1144,1120,2282,1133,2317,795,2369,1274,3142,1743,1045,1526,2353,2341,2290,2761,1043,2303,1645,918,1960,1480,1415,1393,2344,1627,2712,1063,311,1172,1400,2104,1575,1674,1089,1912,3103,3799,1211,1397,1330,854,1118,1340,1264,1369,1539,911,702,975,1178,1227,2148,1884,2511,926,1393,1749,1820,1664,2689,1499,1057,3039,2524,1081,363,647,1892,1887,1580,1744,982,1601,1110,3255,1911,1215,1397,1718,2526,1422
"COG0503",3634,3595,3962,2696,2820,3598,3953,1855,3691,3318,3928,3610,4018,3783,3812,3730,3756,3813,4428,3612,3957,3607,3226,3799,2273,4174,3069,3794,3510,3743,3677,2853,3772,3101,3819,3526,3543,3854,3907,3642,3486,3912,3736,3843,2345,3769,2971,2155,3596,2338,3485,2821,3756,3303,4119,2837,4490,3753,3592,3800,4177,3531,3136,3590,3647,3751,2589,3580,3614,2052,3979,2499,3646,3137,3557,3963,2838,3600,2610,3828,3937,3713,3558,2169,3640,3482,1758,3803,3060,3752,3607,3445,3601,1836,1210,4827,3776,4147,1840,3759
"COG0504",12707,12961,12194,10431,7433,13158,12536,4484,12456,9969,13664,13708,11554,12519,11490,12500,12388,13395,3853,13102,13477,12856,9819,12302,4989,4798,9755,10348,11816,13503,10639,4421,11659,10203,12744,9803,3996,12444,11338,13577,12488,11699,11163,11735,5436,13880,4033,3842,10010,6589,4279,3988,4320,3674,4135,3728,2443,4451,4087,4893,1308,4048,4253,4305,4255,4229,3202,4298,4219,1182,3720,2548,4351,1077,4012,4162,3260,4637,2542,4041,3757,3790,3330,3575,4560,4262,2002,3917,3426,4242,4286,3367,4193,1954,1495,1182,4453,4003,1557,4716
"COG0505",8858,9000,8785,7551,5232,9538,7971,3096,8694,7260,9739,8845,7854,8403,8074,8949,8752,8720,2680,9465,8423,9170,6899,8507,3261,3257,7009,7304,8591,9483,7387,3119,7831,6616,9056,6981,2906,8347,7812,8621,8219,7713,7609,8259,3429,9841,2724,2768,7049,4521,9062,6996,9653,7586,8592,8001,4059,8954,8836,9634,2584,8451,8874,9389,8950,9296,7601,9040,9112,2178,7611,5830,8035,1949,7568,8486,7011,8883,5583,8684,8207,7970,7028,7839,9574,9069,3654,7630,6976,8190,9183,6754,8931,3621,3118,2291,8808,8071,3323,9093
"COG0506",4098,5772,4278,7589,7751,3229,2724,6669,3382,5107,3695,3253,3202,2909,6081,4631,3293,2802,4529,4844,4021,2810,6499,4917,8257,5569,4778,5360,4325,3391,3914,7259,1968,8361,4421,4999,6731,5752,5272,3223,4163,5070,5686,3818,7973,3788,2258,5647,5743,7820,5002,4915,2992,3488,5281,3887,4385,3351,4655,3647,5540,4319,4344,5692,3684,5748,9319,5004,6863,4327,4495,6265,3514,17122,3456,3137,6281,3711,7287,5158,2458,6113,5783,8392,4581,5346,10736,3257,5921,3505,5441,5377,6032,6304,6774,4178,3151,3911,8770,4375
"COG0507",4465,3802,5088,7434,7921,3238,5812,9780,3063,2959,3239,4958,2357,4412,3667,4688,3963,5078,3573,2173,5414,3776,6066,3797,10145,5632,10590,4356,4225,3760,5810,11719,7009,4758,2930,6808,7309,2119,3902,4332,5578,4697,4632,6997,10535,1754,5583,8665,3890,8658,3989,5107,3409,5676,2874,8106,7449,4583,4541,4078,14838,5456,5584,4383,3948,3108,7360,2841,4031,7500,5826,6709,6522,8714,5084,6149,5761,5273,8713,5494,4491,3587,5199,8539,1599,2153,21427,2811,3179,2353,3194,4576,3927,12727,11292,3358,4738,3604,12629,4524
"COG0508",19980,22113,19767,20018,11901,22472,19483,9476,20077,9637,25345,22539,16983,19010,14657,16914,20610,21977,6905,22514,17833,24499,12391,20858,13037,7624,13162,13649,24542,21554,14862,8778,18079,11389,20662,12841,8606,18433,12093,21641,21009,18986,12382,20845,9437,21398,6627,9515,13665,12656,7200,6949,7517,5261,4368,5027,2238,7561,7215,8154,2221,7793,7076,7354,7284,7604,8009,7098,6570,2559,4552,4185,5938,1602,6210,6953,4442,6626,4148,6622,8222,3825,4265,6494,7927,6690,6222,5394,3026,6117,7513,2885,7316,4154,3749,2102,7358,5231,2990,7230
"COG0509",2632,2616,2443,2227,1660,1950,2274,1020,2660,3069,2310,2395,2656,2372,2618,2776,2763,2533,1399,2350,2947,2268,2304,2534,818,1029,2310,1907,2240,2277,2134,1187,2440,1879,2735,1680,1035,2851,2557,2533,2715,2524,2141,2176,1297,2325,828,870,2224,1484,2956,2935,2206,2325,2178,2586,1881,2562,2730,2424,956,2450,2441,2564,2794,2621,2607,2476,2821,741,1816,1946,2614,1003,2450,2130,2227,2761,1655,2672,2161,2241,1852,2255,2622,2343,988,2296,3346,2338,2689,3045,2512,1062,903,1019,2284,2549,1285,2498
"COG0510",1218,1499,1419,1495,640,778,686,6,1460,1422,1487,915,907,1060,1321,1430,1489,1151,450,1535,928,1075,1109,1491,140,436,417,1309,954,837,829,72,979,434,1336,989,296,1421,1382,1198,1151,1252,1323,536,138,1511,530,13,1255,537,1394,814,861,544,878,490,249,1093,1512,1161,460,1359,1785,1728,1274,1534,611,1347,1675,61,1105,644,909,208,1498,1038,1391,930,989,697,926,1144,922,1931,2191,1450,26,979,978,1220,1487,1065,1299,19,64,371,1449,1110,124,1298
"COG0511",4526,4115,3441,6348,4637,3651,3941,2936,4563,4788,3799,3701,5136,4369,4684,4370,4725,3700,3324,3981,4392,4361,5350,3868,3176,2285,4751,4837,4139,4069,4966,5115,4976,3642,4341,4144,4172,4247,5158,4007,4328,4256,4199,4316,5390,3690,1301,1157,4556,5364,4162,4920,3662,4978,4023,4690,3062,3950,3909,3976,2479,4103,4374,3873,4034,4560,5992,4052,4144,2313,3799,4738,4752,2366,4054,4077,5262,3918,6553,3813,4680,4496,4255,6489,4683,4302,1875,4199,3795,4570,4719,4270,3981,8077,2788,2943,3394,4069,5742,3824
"COG0512",5410,5494,5719,4084,3691,6754,6050,2343,5508,4592,6185,6586,5432,5827,5469,5899,5832,6306,1938,6152,5952,5376,4759,5444,2334,2044,4199,4691,5526,6485,4503,2374,5051,3390,6378,4653,2401,5154,4874,5976,5706,5093,4748,6353,2478,5878,1610,2163,4279,3415,5839,4408,7162,5066,5129,4609,2315,6191,5935,5707,1878,5363,5173,5377,5996,6474,4536,5280,5297,2097,4842,4222,5428,1167,5234,5899,5196,5595,4028,6173,5641,4856,4323,3809,5602,4908,2664,4642,3270,5449,6323,3981,5297,2230,2404,1611,6695,4760,3509,5469
"COG0513",15920,17648,17574,27817,21916,18223,15476,17574,21747,16949,17538,16543,15564,19396,17295,19884,18434,15196,9757,20492,20129,20615,17128,18489,19749,10652,16381,18094,21803,17308,16936,18021,18955,24208,21610,18022,16128,18056,16291,16085,20167,17331,16869,18754,22005,15889,5418,15176,17464,19864,15184,21139,16655,17129,16922,14959,15719,16627,22536,16052,11293,24618,15166,16154,21131,23524,36339,16367,21196,10687,17427,18726,24280,7741,16911,20411,19963,15523,22947,19398,23959,17211,17460,25582,13388,14497,20870,14927,11971,14543,22722,16721,18991,24996,17219,10101,15471,14277,24211,17126
"COG0514",3938,3914,2757,8482,6020,2808,1560,5190,2815,1757,1285,2050,1683,2465,2613,2791,2465,2261,3160,1465,3087,3162,2898,2703,5876,3582,4728,2641,4466,2714,3093,8585,2439,5028,3367,3311,6335,1974,1630,1772,4005,2913,2150,3364,7226,1311,1207,5783,2691,6619,3572,5033,2482,2733,1578,6041,3765,1918,4506,1110,3619,5027,3066,3937,3168,3608,11412,2057,2366,3515,2361,5559,3558,2433,2938,2630,4129,2042,6097,4736,2956,2320,4121,11332,2186,1710,7685,2051,2060,2380,3580,2722,4602,7770,5441,3143,1509,1781,10760,1867
"COG0515",10498,6265,4728,11643,8622,2029,4264,31434,10270,7374,3019,2977,11076,12995,6124,10385,10923,9896,6064,4122,9429,2673,6137,4472,4695,8080,9529,6025,2659,2204,11031,10157,4517,7613,15720,6689,8216,14231,4914,5174,10654,8905,5918,10553,11068,4259,2802,13134,7851,9279,15858,6730,2358,11525,4042,8131,4519,4771,8838,3082,5610,5587,4486,5427,10913,10204,9954,6142,11361,4600,5806,8680,23528,3851,11698,7487,9373,6412,11057,5052,3441,5712,5908,6016,6025,4616,11837,11373,7069,10148,10882,7721,5411,4844,4285,6640,2746,10887,13678,5212
"COG0516",11507,10751,11453,9570,7494,11418,11502,7497,10625,10412,12540,11455,11134,10460,10554,10722,10654,11111,19907,11103,10453,11370,8891,10684,8794,21946,8158,9798,10864,11227,9168,14619,11490,9069,11491,9084,10472,11805,10040,11171,10874,10077,9814,11239,14002,12123,16956,9093,9726,6200,10764,10119,11541,9480,11053,9281,28370,11020,11293,12502,16640,10462,11487,11232,11113,10340,7514,11272,10067,14234,9826,7273,9745,33463,10897,10397,9640,11120,6859,9984,10123,9713,8525,9291,11536,11264,10781,9906,8438,11334,10824,9139,11272,5445,7262,18207,11559,9969,4447,11593
"COG0517",11567,11873,9858,13235,13118,13918,9047,11133,12879,15585,11118,10949,10960,11095,14618,12382,10913,9858,7299,12142,11122,12880,14769,11838,10145,5380,9648,14714,14721,12222,12309,10104,10251,17130,12806,14958,7584,10451,15703,9600,11096,11531,16651,10850,11106,12187,4867,12673,14446,11548,12012,10256,13179,10039,16239,10414,13738,9645,12408,10977,6673,12686,10709,11552,11269,13094,13973,11685,10166,5187,14782,11211,10139,5019,8872,10249,15800,10328,13542,12221,13675,16316,15526,14124,12035,13042,11061,12568,16874,13189,13064,16032,12090,12293,8959,6661,9703,12377,9828,11308
"COG0518",4395,4505,4440,3599,3470,4604,4317,2010,4334,4554,4786,4542,4060,4312,5219,4138,4166,4460,1384,4730,4898,4488,4831,4611,1990,1894,3503,5059,4187,4549,3639,1895,4295,4587,4333,4700,1395,3944,5421,4376,4202,3898,5570,4199,2006,4485,1410,1724,4712,2807,13498,9849,13570,11109,19061,11973,6688,13215,14133,14751,3562,13691,12100,13441,13442,14075,10473,12264,11911,3755,15794,9946,14336,2995,12285,13331,14630,12066,11376,12622,12835,17763,14357,10610,13722,12818,6679,10718,11669,13281,14189,12914,13339,8282,6300,3687,13878,12504,4427,13172
"COG0519",9838,9961,9546,7737,6876,11388,9630,3876,9480,8773,10874,10426,8844,9674,9946,8752,9421,10065,2988,10718,11007,10611,8805,9857,4427,3923,7356,9552,10655,10917,7983,4279,9612,10371,9750,9253,3383,8771,9947,9939,9736,8167,10375,9761,4950,10646,2971,3344,8729,6006,10099,7711,11308,8687,12888,9299,5010,10016,10068,11704,2493,10497,9399,9791,10096,10087,7989,9356,7804,3077,10167,6953,10677,1817,8795,10089,8696,9512,7376,9666,10006,10657,9334,7925,10534,9582,5595,7167,7973,9726,9988,8643,10289,4933,4124,2639,10007,8937,4288,10007
"COG0520",13891,13741,13492,11460,10964,10907,14730,7633,15596,17658,11819,13727,16462,15303,15632,17424,14386,14702,5019,15489,16780,12444,14089,11509,6475,5380,13548,15312,11453,12221,15778,5415,13271,12376,15633,13423,5216,15568,16700,14853,13653,13086,15808,13231,5698,15778,5101,7839,17611,10621,15285,12079,11575,15685,13783,14083,13885,14714,14454,13426,4453,11942,12991,13528,13982,13856,11099,14249,16480,4965,15678,12067,14682,3904,14272,13167,14942,15834,9997,14985,10562,14761,14327,12275,16514,14368,11199,16556,21206,16444,13904,18265,13272,7782,7221,4990,13082,18351,6633,15339
"COG0521",1757,1815,2272,2127,1954,1267,1802,1220,2160,3640,1529,1461,2447,2245,2693,2417,2478,1237,803,2033,2189,1330,2784,2557,1109,941,1618,2833,1410,1118,2571,1408,1574,1276,2375,2403,1349,2297,3036,1623,1849,2084,2661,1454,1587,2101,607,989,2925,2184,1558,1963,1479,2267,2071,1324,2115,1646,2019,1299,819,1920,1648,1799,1895,2108,2253,2193,2424,799,2679,2409,2043,673,2161,1646,2779,1763,2096,1860,1757,2554,2514,1714,1523,2216,1491,2687,3769,2015,2338,3333,1789,1350,944,551,1740,3008,2027,2077
"COG0522",5170,4959,4737,4766,3292,5354,5655,1731,4990,3907,5365,5478,4761,4798,4557,5080,4909,5754,1641,5324,5425,5135,3988,4285,1776,1985,3888,4170,4906,5496,4108,1800,4538,4279,5411,3921,1765,4651,4415,5200,5007,4602,4457,5621,2749,5171,1692,1333,4053,2555,5365,4699,5525,4476,4971,4661,3944,5315,5148,4991,1584,4943,4885,4985,5420,5390,5280,4730,5154,1597,4266,3289,5719,1135,4475,5412,4052,5148,2992,4907,4612,4478,3941,4632,5511,4932,2215,4450,4058,4712,5273,3889,5011,2177,1732,1439,5371,4744,1903,5059
"COG0523",6111,4239,4693,4332,2491,5604,13129,3380,6190,1353,6171,11792,6850,7636,2022,2854,6040,7219,2051,3005,8682,3856,1661,2815,2310,2051,8174,1919,3420,6919,2778,3495,6018,1296,4822,1970,2135,3520,1316,7366,6764,2822,1641,11705,4640,4414,1361,3619,2151,3101,5974,6274,6381,8923,1454,11065,1089,7921,6885,7518,1483,5045,4595,5087,7761,3447,4008,2759,2565,2421,1641,3683,9118,1529,6030,10965,1426,6542,2502,5477,3075,1469,1928,3744,2147,1299,1526,2070,1065,3912,3716,1255,3668,4583,2150,1915,6652,2038,3475,4156
"COG0524",15827,16509,14128,15498,11627,16013,15564,9268,15967,13276,14934,16184,15353,14580,14487,14042,15502,15939,4476,14897,14453,16353,12887,14109,6583,5597,13070,14997,16168,15187,13239,5834,14618,14172,14241,14325,5683,13033,14780,16113,14841,14284,15438,14035,7015,15417,4732,8105,14078,10057,16081,13826,15855,13490,17635,14267,7017,15402,16013,12726,4286,14502,14788,16964,15439,15638,14078,14477,14412,4564,15629,11881,14356,2580,16036,14813,16448,15471,12671,15090,15696,14886,15076,15450,16288,14617,8225,14029,12237,15618,15500,13303,15824,9865,7646,3903,15951,14974,8500,15116
"COG0525",18560,20068,19300,16527,11680,20231,20035,7038,19429,15874,21021,21227,18175,19506,17435,20312,18814,21336,6118,20818,21171,19369,14842,18565,7521,6789,16845,16065,18269,20713,17232,6485,18437,14524,19473,14336,6207,19127,16412,21433,19673,18697,16258,19248,9093,21081,7047,6434,15865,10172,20430,15611,20658,18236,17053,16994,15260,21206,19607,22372,5955,18533,20224,19773,19989,20280,15903,20588,19920,5732,16118,12352,20448,4450,19161,20007,15240,22024,11633,18703,17036,16327,14199,17514,21588,19547,8604,17236,15319,18541,20456,15195,19707,8063,6886,5237,20978,18029,7497,21707
"COG0526",19882,18506,18085,20259,15197,18316,18117,13855,19278,17418,18893,18511,17802,19791,19016,19250,18305,18874,11808,20494,20091,18094,18206,17494,8441,12849,17819,18420,18417,18755,19773,10433,18706,17774,19432,18097,9648,18291,19339,17649,18079,18005,18721,19175,13160,19542,9435,10203,19673,14054,20613,14555,18322,18941,18160,21782,14951,18681,18919,18647,11230,18632,18547,18344,19415,19234,19447,18351,18089,8845,19127,15919,20785,9434,17601,19139,20860,19931,14845,18162,17059,19874,18615,22243,19532,18749,8257,19723,19365,19442,18784,18276,18903,10576,7986,9843,18104,20153,10743,19098
"COG0527",9139,9800,10112,9310,10392,11100,11518,6328,10401,7234,10577,11872,8467,10414,10417,8392,9727,11270,4721,10778,10583,10925,10723,9607,5058,5114,8850,10529,10846,11254,10524,7613,10386,15845,9833,11179,6589,8877,10836,11365,10550,8906,12165,10222,7008,10914,3513,5690,8051,8513,9327,10642,11173,8841,17205,9143,6052,10701,10265,10668,5709,10917,10453,10028,10420,9953,9415,9497,9834,4594,11868,8300,11053,3126,10007,10998,9723,10385,10953,9088,9854,13751,13446,10624,9793,8432,5948,10064,7231,9786,10184,8074,9902,5801,4663,4496,10960,10841,8921,10149
"COG0528",3993,3631,3262,3648,2832,3584,4199,1942,3379,2834,2611,3790,3726,3381,3438,3716,3298,3644,1182,3020,3910,3202,3009,2792,2193,1526,4030,3491,3507,3599,3532,1945,3572,3980,3521,3436,1608,3170,3368,3136,3253,3124,3833,3052,2749,3506,1100,1826,3471,2595,4214,3606,3506,3632,4500,4833,3230,3252,3690,2746,1186,3458,3701,4057,3480,3257,3624,2887,3431,1400,3628,2868,3476,828,3369,3315,3806,3541,2902,3690,2882,3612,3604,4313,3800,3223,2504,2959,3582,4021,3287,3231,3746,2360,1923,1122,3286,3673,1862,3270
"COG0529",3320,2559,2581,3145,2462,2648,3064,2977,2561,2577,1990,2957,2908,2959,2554,2811,2093,2974,2899,2252,3617,2456,2274,2075,3844,2155,3520,2474,2534,2936,2563,2555,3137,2145,2813,2479,1704,2724,2382,2661,2614,2489,2820,2682,3044,1964,2501,2289,2597,2127,3048,2650,2834,2957,3106,3956,2678,2539,2888,2105,2550,2378,2361,2949,2609,2706,2746,2199,2560,2453,2299,2722,3100,3500,3209,2817,2371,2666,2215,3080,2614,2648,2711,3290,2166,2189,3391,2599,2850,3233,2801,2488,2600,3218,3684,2165,2661,2801,1626,2658
"COG0530",5241,4941,4921,4792,5104,4482,5843,4992,4894,4178,3801,5589,4888,5038,4920,5659,5016,5190,2357,4230,5609,4093,5241,3924,5819,2843,6301,4828,4104,5046,5435,4933,4966,4958,4904,4640,3817,4874,4686,5072,4606,4672,4559,4761,4484,4806,1866,3684,4777,5519,5239,4639,4736,5547,4881,6594,4889,5003,4984,3670,2617,4563,5155,4911,4893,4739,4173,4445,5577,2806,4583,5735,5518,1494,5110,4870,4644,5376,4633,5472,3695,4849,4600,5359,4008,4831,4713,5057,4995,5321,4655,4426,4414,6141,4936,2523,5374,5340,6341,5039
"COG0531",3937,4443,3310,5146,9764,2048,2309,8003,5983,9302,2539,2559,5667,5058,8732,5851,3664,3225,4465,5212,4927,2265,9915,3142,9158,3180,5362,9993,2806,2305,6675,7928,2641,11961,5954,10010,5599,5491,10943,3202,4849,4495,11815,3184,6889,5327,2569,5848,10397,8608,5488,4726,2146,5152,11750,5223,13075,3156,4854,2803,3880,2938,3876,3867,4240,4668,4581,4105,5570,4889,11383,8847,4138,4328,3310,2681,10472,3675,10114,5649,1676,10409,10934,5885,6300,4285,11041,7578,14347,6160,4772,11692,4299,7541,7296,5283,2486,10255,7749,3683
"COG0532",17351,15573,14112,13730,8055,17805,14805,5779,15323,13482,15999,16604,13593,15588,14982,15497,14641,15757,4455,16570,15883,18133,12882,14462,6014,6075,10860,12737,17923,17011,13145,3487,15688,13723,16171,11673,2751,14184,14155,15239,15347,15209,13530,14606,5226,16061,5152,6695,12073,5796,16753,14647,17648,12900,16439,15145,11614,16044,16426,16277,4125,16151,15008,15418,16311,15578,14835,15337,16193,3346,13704,8042,15686,3287,13725,15143,12088,16162,8315,14866,16114,15256,12737,14061,17877,14868,5130,14537,12822,15514,15868,12393,15654,6100,5257,4051,14615,14129,1750,16973
"COG0533",8726,8844,8360,6909,5117,9213,8885,2385,8552,6895,9811,9100,7571,8378,7873,8309,8471,9105,2511,9149,8467,9047,6779,8307,2925,3160,6409,6973,8917,9126,7265,2983,7908,7104,8952,6444,2763,8217,7515,8782,8444,7670,7254,8636,3804,9402,2978,1735,6650,4218,8944,7274,9423,7287,9077,7187,6524,9249,8707,9341,2539,8160,8581,8952,8974,8615,7336,8697,8800,2341,7409,5467,8266,1921,7715,8763,6448,8862,5316,8160,8675,7719,6851,6744,9456,8748,3432,7897,6390,8358,8672,6509,8956,3539,2547,2259,8841,7974,3226,8694
"COG0534",10700,12886,11247,16263,11772,12887,9270,8420,12678,10091,13609,11615,10659,10582,10287,10715,12108,11127,6292,13031,9785,12350,10577,13421,11102,5315,9280,10761,13568,12029,10759,8828,9921,10774,12093,10060,9092,10999,10266,11041,11449,10804,9693,11436,10665,12847,4211,8482,11340,11763,11544,11058,12528,10184,8615,8044,9024,11487,12190,13950,6632,13895,12081,11954,11614,13951,17521,12828,11864,5660,10072,13495,9641,3845,9913,11100,12258,10845,12030,11504,13951,9117,11338,16121,13580,13630,10162,10354,11573,10854,13608,11192,13113,15704,8925,5086,11524,10622,15608,11740
"COG0535",3298,2540,4357,2942,5512,3209,4957,5294,3128,16506,3594,3949,3571,4073,5914,3117,3203,3872,5293,3260,3687,3820,5850,3875,4594,6613,4723,6587,3377,3699,7213,5887,4567,4802,2969,6624,5448,3889,6680,4089,3293,3459,6389,4237,6103,2812,8451,5840,5910,4931,3166,3484,3338,4278,5627,5589,17713,4104,2767,3309,6750,3185,3519,2548,3484,2355,3266,3324,2950,6995,6417,4534,4164,6781,4092,4898,4952,4038,3953,2844,3357,6873,6249,2810,1794,2643,3507,6230,19771,4015,2326,14796,2723,4375,3386,8041,4125,5264,3524,3717
"COG0536",8440,8554,8089,6723,4445,9161,7889,2604,7314,6345,9603,8438,6932,7645,6429,6657,7998,8418,2648,8245,7448,8514,5644,8124,3244,3331,5885,5385,8280,8778,6214,2932,7357,4363,7636,4900,3108,7592,5571,8488,8220,7478,5039,8238,3819,8304,2573,2379,5529,4286,8433,6809,9094,6865,5074,7441,3650,8482,7788,8297,2510,8058,8559,8878,8332,8145,6964,8154,7589,2350,5254,5348,7546,1827,7838,8635,5333,8001,4399,7310,8172,5375,4851,6828,9382,8567,4055,6274,5467,7282,8006,5409,8603,3459,2901,2332,8581,5568,3498,8207
"COG0537",4413,4638,4380,3875,3677,4690,3552,1928,4714,4875,4833,4013,4110,4237,4744,4241,4268,4070,2484,5331,4157,4661,4030,4724,1628,2266,3323,4141,4501,4570,4218,3424,4274,5546,4537,4056,2076,4400,4483,4155,4507,4120,4551,3840,4445,4904,2022,2377,4082,3031,4339,3979,4600,3687,5203,3500,8462,4152,4583,5006,2231,4590,4193,4079,4573,4770,4284,4253,4264,2173,4291,3507,4135,2356,3782,3967,3986,4006,4288,4116,4945,4825,4292,3730,5249,4900,1795,4336,5659,4493,4819,5060,4511,2446,1655,2607,4180,4294,2302,4410
"COG0538",8529,8589,8608,5640,2985,9330,9904,3674,8116,6106,10516,10488,6249,7771,6408,8675,8573,10379,2587,9119,8906,9712,4583,8049,3084,2878,6864,4465,8496,10030,4598,1517,7985,2743,8554,3676,1485,9304,4991,9834,9118,7342,4655,9075,1808,8915,2983,2513,4661,2388,8592,8249,9838,6372,5088,6697,2691,9753,8894,10719,1892,7913,8626,8976,9491,8311,5500,8873,9325,2151,4297,3718,8722,1712,8107,8945,4291,9548,2267,7942,7930,4260,3977,5271,10237,8215,3924,5444,4741,6630,8775,4735,8470,3670,3074,1920,9937,5890,569,9911
"COG0539",13080,12069,11780,10998,6899,14684,12673,5904,11131,10289,13460,13572,9117,11385,9657,11230,11632,12875,4035,12517,11864,14566,8033,11320,5647,5364,10026,8470,13626,13986,9472,3969,12381,7060,11229,7353,3974,10343,8692,12506,11787,12014,8184,12168,5247,11750,3643,5198,8906,6127,12202,11066,14556,10265,7436,12436,5813,12997,12096,13975,3647,12595,12315,12351,12713,11642,10939,12054,11378,3717,7941,7665,12533,2849,10853,12959,8675,12901,6669,11432,13602,8243,7165,11122,13158,12469,6285,9725,9846,10449,11503,9433,12645,6648,5281,3705,12420,8709,4292,13353
"COG0540",2576,2455,2700,1982,1829,2553,3860,912,2440,2017,2900,3027,2339,2506,2421,2456,2686,2650,796,2660,2538,2591,2409,2640,969,1224,1960,2511,2503,2629,2341,1090,2361,2449,2627,2500,1037,2404,2715,2679,2492,2244,2788,2545,1275,2775,874,800,2345,1470,7329,7183,8397,6932,9831,6894,5512,7945,7186,8041,2515,7335,8026,7750,7932,7358,6191,7579,7400,2252,8009,5383,7098,3053,7647,8608,7002,8107,5628,7357,7501,7998,7197,6100,7861,7255,3364,7376,6198,7305,7582,6542,7486,3304,2963,2272,8241,7593,3547,7920
"COG0541",8858,9046,9377,7201,6832,10085,10177,4047,9525,8850,10316,10090,9262,9614,9667,8175,9299,10337,2817,9663,9224,9460,9141,9204,4761,3671,6951,9084,9631,9957,8465,4009,8392,9594,9589,8862,3408,8921,9601,9878,8952,8430,9673,9788,5269,9827,3287,3971,8591,5877,8936,8713,10664,8924,11278,7780,8209,10097,9336,10521,2760,8931,8198,9211,9491,9118,8637,8875,9357,2717,9749,6355,8981,2165,9050,10070,8329,9513,7061,9015,9847,10199,8860,6776,8968,8282,5752,9116,8328,9107,8977,8776,9338,5861,4383,2350,9600,9518,3841,9026
"COG0542",22683,19438,23297,20433,16939,17873,30899,19113,14164,17786,13659,25708,16233,18427,15533,16068,17971,25173,28575,12405,23336,19455,14818,17790,20995,22570,27440,13427,20450,21378,15488,17788,26590,23607,13979,14457,14550,16297,13647,22556,17210,17200,13209,24501,25995,12321,19748,22863,14928,15634,22168,20077,18563,22247,10137,34396,16649,22135,17286,14707,15754,20510,23906,22793,18711,12678,19156,15158,16019,23442,13268,16327,26203,19069,25094,25402,16224,21499,16011,19654,19540,13134,13306,21192,14117,13648,20775,13153,16061,15258,12981,16439,20862,20142,18014,25412,23725,12891,14077,18948
"COG0543",1289,1082,868,2332,3146,552,968,1530,1616,3867,583,392,2246,1922,3156,1180,1676,901,2292,1444,1206,624,3987,1240,1104,1368,2006,3309,675,668,2717,3772,1613,4095,1601,3538,2672,1180,3694,823,1117,1250,4230,804,4548,1499,918,549,3169,2993,1056,1762,564,1947,5002,1092,3083,796,1201,680,1551,744,1228,821,1057,1618,1935,907,1064,1061,3215,2533,1589,1276,1177,620,3034,798,4167,833,888,5001,3255,2101,1893,1355,563,2338,4761,2439,1714,4380,970,2201,835,1819,729,2368,3134,769
"COG0544",9197,9466,9464,8665,5690,9815,9563,4168,8704,8061,10480,9730,7750,9071,7747,8462,8744,10007,3014,10484,9478,10328,6661,9059,4841,3637,7779,7030,9372,9697,8335,3021,9119,5160,8622,6127,3234,8685,7145,10310,9420,9186,6575,9549,4586,9674,2966,3842,7413,5008,9440,7557,10017,8525,6019,8675,4323,10353,9499,11298,3004,9563,9974,9773,9513,10133,8417,10170,8943,3122,6744,6250,9845,2289,9051,9898,7040,9599,5501,8771,9187,6843,6181,9871,10749,9981,5428,7968,7905,8005,9625,6818,9673,5258,4205,2498,10231,7152,3834,9944
"COG0545",3684,3297,2573,4558,3661,2511,3405,2482,3290,3540,2012,3148,2885,3270,3132,3714,2489,3016,1942,2864,3715,3089,3035,2049,2655,1963,4667,2670,3136,2817,3135,3290,2967,3095,3646,2621,3123,2743,2879,2840,3338,3063,2428,3977,3915,2762,894,1979,3067,3518,3776,3589,2494,3827,1790,5105,3365,2897,4069,2339,2321,3545,2758,3135,3423,3274,6245,3045,3329,2566,2618,4358,4189,2016,3276,3607,3611,3501,3465,4006,2451,2513,3610,5755,3561,3294,4294,2768,2784,3105,3426,3445,3427,2076,2468,1959,2269,2826,5226,2829
"COG0546",5600,5352,5481,5703,5086,5536,5431,3526,4912,6727,5472,5641,4615,5426,5707,5016,5177,5311,3887,5337,5741,5713,5581,5608,4450,3313,7250,5443,5441,5503,5504,4471,6299,5370,4741,5635,3552,4580,5862,5499,4768,5841,5356,5594,5163,4925,2051,3920,5268,5409,5095,4915,5379,4901,5306,6221,5607,5118,4970,5870,2704,5959,5448,5408,5207,4976,5927,5083,4786,2532,5534,4485,6007,2180,5353,5707,4977,5808,5286,5612,6399,5899,5303,4961,4205,4889,3842,5905,7771,5532,5008,7058,5195,6202,3950,3814,5257,5310,3740,5958
"COG0547",6997,6616,6928,5237,4981,7658,6522,3168,6036,6024,7102,6794,5609,6692,7244,5819,6267,6364,2431,6915,6502,7375,7077,6984,3173,3524,7140,6306,7467,7358,6458,4027,7934,5438,6001,6364,3581,4992,7115,6085,6221,6205,6934,6217,4801,6605,2003,3018,5742,5310,1967,1980,2481,1894,2612,2141,939,2144,2238,2143,754,2315,2235,2229,2313,2118,1790,2110,1982,732,2226,1755,2481,605,1930,2345,2010,2340,2102,2176,2476,2563,2001,1616,2122,1960,1297,2136,1537,2045,2157,1846,2065,1897,1071,677,2236,1927,1593,2631
"COG0548",4936,4999,5620,5407,5142,6615,5613,3396,5640,5248,6185,6041,4775,5683,5615,4238,5317,5676,2892,5536,5149,6087,5930,6110,3068,2876,5241,5385,6183,6160,5634,4512,6263,4634,4995,5553,4287,4485,5741,5538,5243,5368,5408,5536,5101,5493,1820,2658,4662,5396,4542,5583,6515,5176,6615,4994,2661,5492,5106,5356,2716,6250,5759,5012,5554,5494,5982,5371,5149,2376,5550,5045,5674,2086,4964,5967,5296,5628,5923,4771,6954,6056,5616,4958,4476,4831,3031,5452,3954,5195,5540,4717,5257,5208,2758,2578,5749,5031,5388,5624
"COG0549",625,389,558,273,1124,87,449,170,979,1563,256,240,1125,619,1618,1387,830,468,395,662,774,275,1578,561,212,126,1140,1988,74,155,982,591,326,1552,932,1734,329,1208,2260,537,589,862,2444,295,502,780,151,21,2171,921,748,537,118,921,2080,472,1464,606,726,393,241,190,383,327,579,793,139,821,1280,293,2107,1046,426,327,580,136,1932,831,1138,802,55,1654,1836,184,884,1323,233,1104,2406,841,833,2125,397,257,625,254,323,1877,301,747
"COG0550",19913,19508,19702,19512,10821,19281,20253,8403,18147,14311,21698,20919,16846,17663,15621,18571,18904,20980,8472,19767,18291,20359,14073,19035,8261,8821,15058,13229,19810,20073,14845,9794,17860,11133,18832,11812,8798,18919,13918,21097,18741,18799,12747,19248,11882,19901,7085,6600,14258,10114,19909,16725,20207,16986,11859,17205,16407,20550,20157,23628,7556,19251,20362,19577,19773,20260,15559,19474,19761,6468,12748,11618,17995,5831,17771,19455,13942,18697,11389,18489,18081,13128,12198,20123,22872,20222,9690,14722,14334,16886,19979,13996,20121,10351,6830,7948,21275,15018,9605,19003
"COG0551",2420,2560,1512,2784,4198,1817,1833,2905,1556,2283,2100,1701,3000,1782,1593,837,1447,1525,2389,1698,1703,2025,1964,1695,2534,1897,3188,2299,2535,1806,4412,6285,1663,2961,1291,2570,5837,1600,1109,1309,1740,2667,1361,1998,5800,1809,1217,1628,2079,5577,2592,2857,1701,3049,1343,2589,8836,1379,1687,1792,2496,1771,2000,2600,1440,1859,2244,1489,919,1942,1658,3756,1579,1483,1444,1769,1754,1305,5489,2331,2413,1289,1974,3193,1922,2788,814,3026,5176,2592,1831,3454,2450,5175,1258,2583,1660,2099,9514,1720
"COG0552",6084,6153,6811,5286,5027,6495,6643,2931,6537,5798,6727,6637,6459,6771,6585,6299,6638,6896,2134,6881,7966,6514,5955,6630,2786,2774,6137,6482,6414,6972,6184,2982,6599,7334,6812,6314,2515,6587,6718,6811,6647,6297,6866,6586,4040,6264,2073,2238,5910,3962,6632,5535,6874,6075,8218,6129,6052,7214,6350,6070,2216,6161,5671,6006,6705,6558,5913,6194,6552,1925,6686,4645,7613,1509,6638,6826,6205,7041,5443,6651,6852,6938,6261,5136,5971,5573,3026,6125,5481,6074,6346,5716,5963,3401,2638,1741,6435,6459,3307,6789
"COG0553",9116,4003,9478,13493,10552,2566,6727,117352,6234,5246,4159,2940,11129,6968,5587,6215,8138,3387,123774,3975,6796,4697,6719,8131,139955,133469,9444,5488,4116,2673,7659,77401,8570,14338,9005,9552,55721,11389,5137,4983,6790,6912,7257,8275,62034,5193,104965,206538,4485,8060,4367,9270,2424,7120,9958,9604,78657,4202,6923,4721,99993,6977,7505,5373,6619,7513,6536,4604,7283,222029,6801,6944,12801,85676,13762,4942,5502,3787,9450,4877,6616,8260,7650,9722,6100,5383,122597,6737,5404,6306,7182,5872,7307,18565,238230,168684,3717,5056,13338,3197
"COG0554",7136,7900,6882,6850,5867,6715,10274,3591,7215,8122,8355,5999,6788,6333,6522,6154,7491,5423,2884,8475,5633,8197,5721,7759,4008,3367,4363,6301,7607,6160,5656,3696,6925,5965,7121,5747,3746,6696,6214,6883,6904,7091,5737,5703,4738,8147,2764,3204,6196,5763,6409,5926,7111,5648,5555,4341,4476,6601,7508,7823,2680,7444,7847,8072,6976,7798,5308,7857,7423,2379,6440,6458,5510,1894,6784,6132,5693,6369,6658,5877,7596,5747,6143,6925,8656,8343,5359,6076,7011,6592,7806,7661,7471,4926,3988,2363,6545,6017,5127,7202
"COG0555",101,117,61,139,520,6,31,481,257,162,16,15,308,287,189,220,35,35,731,49,193,37,284,61,369,219,461,317,32,27,261,720,154,189,105,538,342,69,201,105,119,205,301,48,479,126,107,395,468,459,87,106,7,510,130,260,160,42,125,51,465,206,104,101,117,156,274,114,94,202,313,204,165,783,71,68,366,120,293,202,108,136,308,127,3,133,295,368,79,208,170,208,132,1446,481,556,32,329,146,152
"COG0556",15958,17095,15697,12709,8113,17433,17879,5266,16275,12181,18597,18943,14531,16310,12712,15408,16571,18024,5241,17510,16756,17183,10535,15735,6101,5643,11250,10972,16515,17732,13376,4723,15091,8093,16951,9306,4893,16381,11026,18062,16509,14982,10432,16884,6623,17696,5180,4374,11107,7678,16358,15198,18316,14229,10202,13089,6605,18219,16759,19159,4601,15581,16911,17216,17049,16824,13650,16570,17150,4605,10646,9094,15821,3849,16028,16825,10663,16360,8082,16002,15591,9887,9488,12848,17616,15931,7085,13738,11316,15825,17344,10480,17261,7388,5544,4661,18340,13546,5328,17058
"COG0557",10068,9734,9804,11520,6395,7992,10951,7005,6643,6478,6380,10966,4563,7100,7536,7051,8318,10050,3854,5852,9915,7672,7556,8473,6932,5346,11309,6276,9481,10007,5517,6146,9448,6671,6429,5858,5227,5325,6348,8169,7344,5825,6159,10246,12037,4388,2510,5443,6760,6879,3628,2471,2800,2439,1498,5288,1652,2937,2973,2507,1030,3412,3450,3501,2819,2466,3840,1594,1998,1382,1858,2256,3474,753,2849,3727,2514,2384,2433,3410,2866,2223,2153,4619,1869,1521,2236,1426,2341,1776,2405,2114,3381,2908,1968,1141,3014,1483,2077,2391
"COG0558",4876,5077,5020,4431,4999,5453,4783,1967,5685,7223,5849,5245,5563,5386,5975,5651,5618,5326,2071,6152,5338,5119,5722,5032,2457,1965,4454,6291,4900,5199,5031,2289,5067,4844,5656,6260,2490,5659,6563,5597,5094,5499,7224,4711,2633,6350,1782,1664,6512,4166,5161,4272,5395,5244,6590,3737,3653,5474,4971,5272,1865,4995,5403,5084,5313,5544,3646,5731,5727,1544,6476,4439,5022,1509,4444,5215,7931,5545,5204,4800,4875,6390,5676,4054,6443,6056,3105,5500,6570,5627,5657,7057,4951,2272,2323,1996,5937,5650,2542,5609
"COG0559",9470,9521,10753,8745,8400,12852,11483,6267,10769,13867,12433,11690,10025,10201,12109,9647,12296,11193,4379,10003,9243,11662,12612,11318,6655,4641,6176,12568,11245,11724,8033,6130,10883,5552,10193,11898,4222,9993,13377,11177,10327,9271,12155,11790,4778,10356,4109,11108,12690,8198,8292,9531,13087,9265,9898,5889,4483,11205,9898,10203,3449,11015,10761,9803,11039,9715,8254,10534,11132,3117,12250,9047,9027,3316,11074,12117,11475,11381,9241,9105,13336,11438,10693,6533,11690,9007,7448,9543,11108,9441,9657,12465,9129,19822,7764,3153,11926,10649,2790,10835
"COG0560",2672,2787,2578,4295,4013,3029,2522,4494,3561,5041,1998,2266,3874,2964,4660,3179,3424,2234,2346,2756,3206,2364,4650,3160,3990,1362,3167,3606,2963,2714,3874,3995,2677,4347,3265,4597,2562,3504,4628,2361,2771,2891,5059,2770,5896,2745,1093,1812,3581,3532,2911,3174,2608,3118,5112,2468,2609,2295,2843,1915,1888,3258,3182,2849,2565,3614,4781,2477,3359,1779,3774,3303,2499,2009,2782,2131,4539,1993,4706,3631,3085,5051,4020,4441,3257,3060,6241,2962,4146,3679,3492,4455,2495,5621,3670,2199,2379,3592,3369,2136
"COG0561",2614,1906,3515,2645,2241,205,2704,5075,2173,1330,1471,1232,3140,2672,2057,5404,2215,1773,16229,1300,3263,995,1851,3169,7269,19701,4069,2052,1084,434,3467,4753,4355,2769,2341,2586,8531,4989,1877,3808,3172,2800,2312,2229,4308,2080,9284,3026,2053,2200,1623,2980,332,2778,2515,2620,2754,3246,2206,1419,18724,2351,2645,1751,2384,1677,1083,3020,4203,18973,2531,1195,4048,14493,4400,1907,1821,3139,3059,2645,1369,2036,2535,2294,1622,2028,6961,2664,1330,2689,1731,1523,1957,2893,3867,14795,2976,2887,1695,3078
"COG0562",494,413,713,457,211,646,656,183,385,212,712,522,337,434,216,257,506,617,2885,440,327,580,90,601,386,1352,299,149,377,750,323,581,391,192,442,170,377,675,106,587,578,432,143,677,628,407,5017,335,129,174,433,783,603,332,194,422,724,610,328,841,918,448,615,411,517,383,191,392,385,2568,272,223,592,1322,847,647,57,443,57,293,499,94,165,301,509,404,471,355,208,325,388,189,430,89,294,2589,1104,198,241,353
"COG0563",4643,4790,4339,4402,3358,4870,3838,2814,4462,4450,4721,4325,4474,4252,3960,4635,4490,4148,2841,4617,4417,4697,3522,4244,2514,2336,4218,3583,4559,4611,4199,2602,4351,2932,4657,3258,2298,4812,3627,4509,4596,4736,3421,4366,4221,4659,2961,2827,3862,3892,4851,4128,4732,4292,3085,4041,5894,4563,4576,4336,2098,4634,4394,4776,4549,4729,4302,4619,4580,3096,3415,3525,4764,1522,4294,4282,3854,4573,3114,4385,4532,3469,3405,4545,5392,4907,4182,3989,4028,4309,4595,3925,4613,2450,2450,3181,4286,3959,2842,4681
"COG0564",12605,13251,13314,13377,9370,14678,13713,7111,11304,8911,14196,14695,9321,11465,9952,10453,13261,14184,5239,12874,11463,12592,8890,13266,7434,5841,9169,8527,13548,14714,9959,7475,10164,11917,12634,7392,7306,11393,8469,13881,12176,11367,7761,13751,10065,11892,3993,6203,8300,8922,12355,10649,14591,10471,7650,10836,6039,13860,12263,13718,5351,13394,13371,13643,12746,13806,13836,12149,10804,5043,7656,8750,12187,3706,12778,13932,9221,11753,10187,12351,13688,8633,8274,14245,12867,12017,7340,9119,7438,10393,13047,7828,13166,8918,6797,5367,13991,8125,9167,11990
"COG0565",4057,4046,4190,3123,2349,5083,4002,1755,3602,2472,4820,4443,3038,3718,2819,3405,4109,4264,1462,4045,4179,4184,2408,4087,1935,1707,3698,2419,4031,4991,2554,1778,3901,2243,3950,2144,1895,3721,2463,4108,3861,3967,2211,4413,2302,3634,1237,1589,2370,2376,4122,2855,5038,3076,2277,3850,1686,4353,3871,5118,1458,4233,3793,4106,4211,4274,3299,3827,3703,1197,2185,2321,4248,906,3492,4499,1959,3978,2438,3978,4418,2226,2154,2606,3678,3673,1380,2772,1655,3029,4201,1993,3758,2789,1625,1136,4537,2449,2169,4304
"COG0566",9511,9602,9357,8678,5756,8998,11005,4271,8177,5850,8575,10888,7120,8168,6939,9478,8712,10612,3097,9174,10168,9487,5871,7453,5564,4361,10727,5862,9204,10890,6351,4040,9104,7104,8563,5210,4057,8620,5907,9835,9232,8575,6019,10113,5734,8357,3304,3676,6562,5473,10402,7232,9476,8683,5529,11580,5691,10232,9172,9229,3538,9381,9853,9775,9538,8412,9472,9127,9238,4057,5561,7102,9817,2195,8999,10498,6431,10333,5987,9339,8212,6049,6005,11204,10692,8792,8952,6086,5698,7173,8091,5361,9144,4349,5471,3201,9917,5960,4837,9330
"COG0567",14879,18248,13721,16259,7084,18625,12394,7401,14364,9634,20156,16350,10011,13574,12236,11407,14274,15368,5125,16913,11452,17698,9591,16224,8858,4922,6887,7608,19343,16827,8637,5933,11847,8507,15237,6927,5309,11906,8322,15188,15249,13690,7182,16167,7287,15700,4665,7439,6471,6429,15889,14262,18614,8824,8567,9318,4172,16053,16468,19168,4746,17956,14743,17750,15920,17780,18214,16169,13925,4572,7356,8002,12519,3655,12792,15980,7544,13903,7523,14625,19554,8890,7369,16333,17800,13999,11168,9400,4063,12774,17549,6782,18622,9478,7954,4878,15638,8357,5959,16064
"COG0568",23447,20429,21840,17966,12827,23390,25185,14762,17292,16432,22074,23417,15955,19511,15651,16440,19860,22886,28105,19064,21945,24001,14660,20700,15232,29179,20103,13285,21767,24063,15688,12984,23706,11801,17421,12373,20010,17874,13317,22221,19985,20568,12632,21622,14101,18363,17836,12761,13472,12446,20619,20481,23477,18528,12182,25665,16119,21908,18904,21196,21756,21076,21886,21443,20910,18081,15081,19859,17629,10769,12457,14289,23120,23116,21244,23273,13722,21946,12421,18778,23673,13317,11832,16818,18743,19117,11486,16061,13834,17673,17938,13671,20928,12977,15059,15651,22144,13421,11714,22199
"COG0569",8538,9343,8197,7461,6013,10274,7629,3820,8339,8866,9415,8848,7578,7675,8631,8578,8133,8109,3411,9460,8245,9130,7973,8557,3164,3332,6799,7477,9046,9201,8102,4314,7267,5112,8671,6161,4584,8656,7914,8224,8302,8562,6956,7749,4636,9131,2506,3244,7541,5996,9089,7737,9875,7871,6623,6832,5625,8694,8358,10029,3474,8684,8979,8904,8612,9001,7377,8426,8895,2741,7087,6517,7564,2332,6747,7900,6835,8729,5643,8495,8312,7237,7092,7837,10716,9810,3601,8061,8449,8335,8885,8492,9263,5943,3382,2831,8295,8263,4992,9275
"COG0571",4569,4442,4658,6380,2587,5037,3972,1870,4214,3477,5541,4498,3495,4146,3379,3845,4195,4362,2199,4967,4216,4865,2777,4652,1793,2601,3744,3100,4620,5179,3458,1573,4480,2886,4396,2863,1879,5919,3113,4854,4412,4364,2964,4433,2242,4744,1851,1777,3354,2465,4444,3077,4958,3755,2795,4300,2054,4558,5062,5890,2115,5068,4756,4666,4710,6063,4219,4727,4257,1455,2957,2862,4466,1529,4168,5034,3272,4655,2534,3973,4684,2919,2774,6350,5853,4382,2040,3462,3523,3620,5377,3254,4969,2077,1683,2695,4611,2946,1667,4527
"COG0572",1146,782,1109,1006,2110,656,1626,746,998,1616,663,1614,896,1066,1438,1540,1241,1331,887,1033,1090,633,1502,861,751,1123,1887,1731,716,1349,987,773,1120,4030,1076,1590,1080,1173,1728,1151,1014,1051,1985,1256,800,915,607,979,1817,1305,994,686,1139,1397,1279,1416,1638,1399,915,847,969,620,1220,786,897,882,953,947,1138,965,1787,1784,1260,590,1362,1325,2370,1272,1678,1112,587,1365,1691,1304,1305,1132,533,1066,2077,857,898,1932,803,260,847,653,1343,1428,1563,1073
"COG0573",2193,1358,2429,2520,875,2714,7921,2688,8636,497,8723,9163,7123,5578,608,1709,7065,2389,480,1339,2501,7847,464,1675,3632,991,2644,608,6905,2787,1566,952,7693,1017,9256,1154,406,1489,389,4810,8481,1410,582,6174,874,6125,2144,2281,688,1219,1848,7228,3126,4720,369,4305,245,5782,7316,7406,491,1718,3721,1887,9237,1945,483,2721,961,1253,830,1034,2597,266,2822,7757,584,2570,1038,2022,7666,314,683,2084,606,928,4157,1136,385,1421,1896,466,1239,4417,3339,742,6475,4983,443,1769
"COG0574",13192,12021,12948,11300,13185,11360,10956,9360,15911,22168,16842,11841,15170,15090,19043,14747,15757,13230,5961,17181,11268,13074,18638,14046,7177,6188,8661,17749,11449,11660,15801,7547,11537,19838,15585,17592,6172,16330,21034,15191,13542,15313,19588,11442,10019,18923,5561,8245,17621,10963,12951,11688,12278,12901,22956,8210,21244,14968,12775,17845,5716,10829,13010,12049,13991,15142,10762,16754,16462,4120,19469,12442,11465,4352,12709,12079,15896,14248,13411,10733,11610,22133,18167,9449,20435,18310,5763,16803,25093,16784,14837,22910,12950,9241,6634,5247,14866,18106,6344,14765
"COG0575",4664,4416,4103,4180,2806,4218,4101,2004,4172,4415,4129,4317,4055,4197,4235,4660,4381,4509,1725,4778,4691,4340,3733,3710,2037,1999,4433,3611,4338,4573,3796,1766,4446,3131,4420,3116,1916,4281,3849,4282,4067,4330,3405,4101,2244,4425,1397,1848,4053,2718,5106,2842,4364,4345,3186,4987,2593,4457,4264,4467,1592,4137,4134,4547,4508,4444,3811,4389,4182,1492,3278,3420,4550,1220,3736,4386,3577,4661,2812,4605,4242,3755,3235,4896,5395,4897,2725,3588,4236,4028,4294,3894,4458,2291,1890,1409,4220,3793,2300,4767
"COG0576",4722,4735,4575,3980,3106,4891,4434,1690,4785,4105,5067,4539,4301,4899,4637,4460,4494,4641,1528,5460,5516,5392,3889,4632,1725,1870,3868,3975,4946,4835,4567,1605,4868,3342,4837,3473,1669,4271,4048,4924,5039,4906,3788,4444,2265,4990,1403,1566,3661,2709,4712,4041,4908,4302,4162,4094,2607,4925,5076,4799,1422,4739,4786,4646,4993,5206,4128,4670,4752,1346,3935,2946,5413,1084,4262,5042,3646,4661,2952,4520,4981,4261,3573,4306,5088,4699,2008,4360,3779,4493,5098,3810,4634,2228,1639,1256,4711,4408,2032,5036
"COG0577",12281,11258,10406,10567,8926,7395,12253,14123,11273,10140,7681,10858,11797,10747,9884,12715,10624,12101,5340,9392,12867,9380,9949,7998,6761,6129,14328,9895,8663,9773,13019,8140,11910,5566,10395,8762,8644,10661,9298,10810,11144,11268,8685,9617,10936,10197,4057,10489,11137,11501,13241,10979,8244,13452,7165,15135,14564,11616,12399,8774,6815,9859,11785,11635,10984,9935,11595,10853,12133,13202,9109,12871,10640,3187,10283,9321,9251,12169,8686,12889,6793,8772,11611,12823,13687,10935,10355,11762,12723,11650,10312,10220,10915,6336,8376,4961,10458,12617,14002,10790
"COG0578",3750,4041,3900,5142,4315,2614,8048,5428,2775,3283,2548,2195,3115,2387,3057,2290,4077,2359,2456,2596,2402,4541,2971,3813,5298,2320,2927,2856,4757,2440,2201,4523,4428,4737,2710,3772,3401,3340,2373,3041,3081,2462,3167,2734,5341,2531,1663,4528,2680,4232,3260,3879,2355,2455,2631,3804,1845,2869,3293,2151,1792,3339,4191,4511,2611,3192,4286,2442,2675,2486,2853,2873,2295,1681,4420,2669,4301,2021,5123,2946,4796,2555,3417,5132,3621,2923,8598,1667,2212,2923,3102,2851,4132,6867,5376,2622,3254,2045,2841,2293
"COG0579",4194,3312,3986,3022,3436,3794,7009,1715,3725,3785,3346,5644,4258,4452,4326,3959,3443,5718,2029,3474,4842,3680,4711,2419,2056,2244,5676,4780,3140,4981,4742,2620,5344,3906,2912,5418,1475,3157,4875,4861,3282,3198,5480,4968,4075,3800,1248,1850,4805,2958,4119,2627,4462,5141,5721,6768,2806,4658,3403,3947,1726,3756,4485,3682,3779,2904,1879,3369,3742,1965,4984,4131,4833,2043,4566,5127,4843,4439,4867,3466,3076,5549,4411,3495,2953,2845,3105,4341,4334,4394,2948,4205,3000,2781,1888,1713,5224,4205,2192,3689
"COG0580",2243,2240,2063,2208,1882,3942,1320,397,3350,1171,2721,1566,2733,2927,2580,2607,1967,2043,976,3546,2589,4222,2193,2209,610,986,1353,2800,4111,3157,2654,1674,3208,3577,4312,3493,1356,2122,2694,1951,3085,2157,3553,2301,866,3643,635,293,1927,1762,2523,2563,3769,2328,5335,1485,534,1995,2764,2794,721,2497,1893,2344,3344,3303,1868,2241,1679,932,3417,1361,2356,624,1910,1980,2278,2561,1714,2675,3644,3666,3049,2349,2485,2053,2314,3099,1329,3359,3307,1716,2079,368,746,725,1472,3839,1184,2090
"COG0581",2021,1283,2270,2649,2375,2511,7677,3783,7589,463,7857,8820,6529,5402,658,1612,6407,2449,1876,1355,2305,7403,1082,1565,4024,1823,3732,948,6956,2534,2123,3434,7875,1972,8686,1505,2966,1519,437,4679,8341,2091,596,5856,2529,5855,2108,3334,837,2995,1653,7008,2825,4838,712,3942,1117,5477,6048,6922,1608,1613,3646,1725,8447,1858,530,2685,959,2033,951,1793,2506,1112,2713,7028,655,2537,2562,2287,7685,564,1251,2380,605,1163,4171,1361,586,1420,1794,739,1168,4241,3388,1686,6223,4809,3445,1717
"COG0582",9823,7797,12594,9557,28007,9285,13306,53109,7335,24082,7918,9852,10910,8499,12854,9478,9755,10849,55049,6459,8171,9778,15869,10393,64510,79550,22469,13149,10024,11685,12773,44882,15336,20650,6056,19591,64356,9024,14002,9720,10549,11680,15624,14078,33999,6196,34052,65278,12803,27760,8430,18494,9497,13562,11457,17936,30375,9374,6888,8907,94322,12025,8903,7689,7148,5673,10388,7940,7857,76487,14685,28103,8963,210220,10439,10258,19797,10188,23059,10060,12769,13138,14734,7917,5724,9021,55006,11780,25281,8368,5680,26398,7398,25960,82361,76227,10481,9796,38189,8456
"COG0583",9940,12184,11658,25661,49417,12233,10261,50473,8686,10846,9120,10090,9663,10124,12060,7407,10489,9883,37577,9144,10271,10532,23701,13281,43131,22950,32422,16561,13754,11020,22429,69408,11381,38966,7574,22897,59395,9251,10725,9825,14418,20991,15605,13894,68695,6469,10183,59238,14074,58417,8733,24421,11040,16449,15010,15817,24926,8973,9069,9117,32490,13193,12820,10356,8118,9372,30117,10402,8974,28778,12640,40713,11614,31876,11239,11130,12405,9131,50063,16471,16257,15351,22672,24482,6688,12083,36379,13748,10880,9450,9344,16925,10432,74332,42693,33498,11630,8885,86525,8107
"COG0584",4476,4755,4242,5377,6150,4312,3074,5305,5028,5522,4980,4034,4811,4642,5364,4961,4761,4142,2930,5237,3962,4776,6028,4761,4800,2363,3930,6336,4190,3961,4570,4350,3866,6048,4511,6315,3782,4950,6177,4670,4275,5331,5979,4058,4547,5545,1971,4780,6881,5624,4607,4274,4260,5139,4839,3030,3992,4363,4439,4775,2799,4616,5138,4665,4241,5491,4010,5045,4851,2557,6130,5778,3569,2057,4274,3906,7469,4890,6075,4166,4031,5439,5820,5376,6740,6041,8507,4723,5716,5086,5229,5639,4625,5545,4851,2881,4534,5286,4743,4617
"COG0585",653,549,659,615,2138,124,446,1164,1596,844,159,324,1949,1349,1877,1736,1099,443,887,1087,1575,118,1998,484,738,775,1328,2221,220,180,2065,2201,603,3507,1661,2686,1929,1423,2312,478,980,1014,2920,564,2026,1329,755,614,1678,2058,941,1209,183,1457,4260,750,2068,584,971,173,956,330,413,424,752,1087,773,533,1377,601,2647,1641,1115,627,631,318,1799,622,2918,1306,264,3052,2817,453,350,663,247,1906,1037,1512,1087,1356,419,1725,363,1087,417,2804,2859,690
"COG0586",421,335,306,273,398,418,505,125,282,129,276,484,236,386,350,258,329,486,245,283,573,327,325,281,529,230,752,398,298,489,366,513,562,855,289,688,205,281,374,333,303,350,613,495,485,279,135,215,281,275,1325,720,1192,1124,2482,2542,751,977,1012,1020,531,1014,1270,1220,1081,851,699,847,745,1257,1756,787,1795,750,1212,1240,882,1335,1575,1077,791,1647,1855,909,521,899,3152,922,480,1164,925,672,998,2228,1537,658,1108,1426,553,1262
"COG0587",27815,28617,27340,27810,20217,27968,25133,27997,25443,25238,28207,26719,23438,24245,24171,23784,24726,26448,81890,27204,23422,29849,23279,26992,46633,102161,22887,21720,28679,28271,26026,28577,26267,20285,24422,20914,46702,28149,22039,26370,25650,28731,20534,26012,32618,26625,69637,26418,23849,19982,26569,26734,28032,26664,18223,25375,49174,26661,25983,29328,62107,27868,30861,28447,26300,26338,25321,27370,24402,37813,21232,22496,23780,134389,26882,25754,22891,26394,19620,25362,27247,20702,19968,31299,29860,29408,36541,25841,27318,26301,25778,24665,30802,18334,31850,55647,27076,22996,18078,26575
"COG0588",3592,4027,4040,2283,1883,4509,2741,774,4147,3260,5705,3734,3162,3662,3331,4501,4318,3679,1294,5283,3620,3987,2695,4375,1419,1408,1857,2934,3639,4108,3368,1071,3162,1501,4372,2180,1638,4161,3195,3887,3992,3975,2597,3496,2092,5013,1443,631,2889,2096,3943,2566,4774,2922,2755,1337,2059,4140,3870,5732,1092,3690,4125,3819,4314,4716,1891,4617,4523,1121,2681,2047,3453,681,2988,3594,2114,4019,1912,3312,3853,2625,2392,2035,5154,4962,2141,3288,2427,3638,4600,2650,4049,1054,1421,823,4086,3487,1170,4407
"COG0589",3420,2197,2562,2752,6064,1552,1905,7521,2280,4930,876,1482,2937,2975,4315,1716,2840,1608,2927,2150,2466,1676,4840,2607,6088,3753,3241,3629,2850,1354,5009,6377,1773,8510,2758,4999,4518,1294,4635,1556,2204,2196,5107,1683,5869,2982,752,8328,2769,6124,2290,3133,1412,2814,6774,5753,2917,1687,2632,1076,2982,1891,2559,2141,1830,1521,2164,1409,1403,3177,4865,4654,2870,3343,2726,1610,2769,1521,6166,2877,2773,5824,5479,3280,1157,1380,4387,4854,5754,4068,1691,5753,2134,7047,5493,2594,1434,4253,6626,928
"COG0590",3777,3886,3544,2689,2471,2743,3291,1634,3070,3434,3248,2988,2532,3249,3224,3507,3471,3106,1389,3350,3360,2776,2837,3574,1695,1537,2959,3046,2814,2685,2545,1758,2889,2454,3558,2757,1671,3074,2759,3513,3047,3474,2907,2915,1579,3240,1079,1523,2986,2465,3558,2501,2742,2727,2582,3120,1819,3236,3539,2842,1387,2737,3519,3764,3419,3440,2522,3620,4050,1247,2867,2769,3242,1004,3404,3308,3070,3163,2319,3155,2322,2784,2820,2938,3646,3825,2182,2914,3030,3091,3595,3137,3675,2154,1441,1375,3241,2668,1581,3845
"COG0591",8958,9661,8800,11176,22371,5850,5636,15561,14375,21772,6225,6763,14831,13074,16517,16581,7566,6988,10399,16124,13247,8252,20668,8790,12986,8384,20007,19626,8876,7093,19159,20336,8791,24774,13266,16844,20752,12390,21282,8015,11881,15989,19593,6599,18819,15228,4263,12710,22576,24098,10586,12954,6237,16945,17141,11571,25945,7815,11566,8781,11631,7404,8652,8323,9395,10730,13033,13535,13800,8950,19276,23283,10854,7615,7620,5156,19223,13660,24446,13562,5936,18733,21427,13096,12610,16918,9007,20579,31306,15926,11213,28688,9861,19294,11065,10560,4664,21054,30338,12700
"COG0592",9771,9500,9977,11149,6286,10172,8679,3282,9571,8235,11495,9970,8046,9163,9029,9833,9566,9523,4188,11029,9766,10449,7888,10015,3824,5971,7455,8032,9960,9753,8493,4054,9196,8071,10105,7642,5389,10706,8548,10051,9378,8655,8490,8979,4612,10663,4132,2999,7718,4918,9658,8235,10208,8262,9888,8199,7449,10001,10576,11537,4962,9895,10242,9858,10217,11454,8110,10018,10015,4534,8587,6234,9455,3595,9111,10131,7424,9671,6045,8974,10070,8879,7914,11330,12054,10324,4649,8853,9130,9161,10911,8059,10091,4216,3562,4540,9945,8629,4035,10130
"COG0593",13485,14161,13838,12168,8635,15832,12217,7065,12970,11648,16471,14236,10683,12428,11854,12064,13708,13767,5739,15786,12031,14870,10032,14268,6849,6102,9986,9883,14812,14962,11433,5628,12520,7671,13267,8607,6035,12181,10296,13740,13163,13154,9060,12821,6057,14115,4992,6929,10282,7915,14268,10268,15823,11314,8464,11656,6935,14882,13507,16555,5668,13925,14252,14252,14308,15031,12271,14441,12767,4813,8978,9185,12152,4962,11495,13740,9296,13647,8169,13029,14957,10123,8751,12796,16177,14907,7442,11016,10726,11955,14502,10083,14587,6992,6717,5064,14758,10207,6487,14796
"COG0594",168,149,114,249,298,146,89,218,173,232,92,127,212,146,193,104,119,117,124,96,141,134,272,119,313,101,238,208,149,179,362,324,140,206,131,217,307,96,182,134,135,212,192,149,464,143,34,104,224,342,367,484,467,684,480,397,479,331,468,350,539,467,329,464,395,585,836,469,319,473,525,978,337,327,350,486,660,386,903,563,492,775,600,768,317,570,870,742,504,632,524,552,370,1049,792,443,358,472,1381,321
"COG0595",7336,7067,8553,4286,4138,8827,11560,2722,6411,4957,9476,11060,5747,7630,4958,5502,7569,10253,1951,7633,8525,8794,3905,7625,3504,3204,6238,4256,8036,9877,5618,2340,8395,5033,6754,4397,3104,6997,4020,10092,8151,7028,3932,9259,5532,7293,2096,3144,3515,3658,6803,8000,9474,6894,5508,7325,5870,9707,6836,10374,2102,7701,7644,7285,8208,6124,4036,7374,6801,3109,4640,4476,9124,1504,8926,9950,2823,8662,4148,6419,8681,3980,3651,2928,6644,6515,5227,6677,4601,6128,6284,4530,7101,3211,3646,1420,10101,4487,3241,8501
"COG0596",34966,38158,33193,39864,36220,39440,36669,29880,38065,28115,36613,35585,42475,39744,34067,34381,36164,33544,16371,36134,39187,36783,35940,36040,31668,14131,34757,41280,36017,37914,34203,27665,42008,29301,36212,41690,21910,34596,36386,34364,36461,35774,37016,37476,29452,36022,11393,23322,44507,37693,35099,32874,38187,40520,32099,34668,16262,33902,39759,31696,14192,39859,34592,36338,37240,39842,43508,38401,37149,16847,40188,36809,39240,13626,33558,38492,41783,34610,36021,36778,35690,35597,36400,39771,33032,37192,34780,36853,26395,37315,40370,27296,35999,36257,31092,15595,33852,36161,25979,36994
"COG0597",2330,2700,2741,2014,2486,3265,2038,2286,2432,2799,3409,2665,2297,2757,2614,2411,2742,2848,1394,3145,2382,2481,2519,2772,1879,1199,2855,2340,2820,3059,2708,1913,2517,1953,2370,2492,1674,2341,2514,2778,2312,2766,2134,2788,2802,2799,869,1776,2328,2378,2868,1204,3187,2647,1932,2536,2042,2756,2451,3529,1329,2878,2735,2670,2607,2913,2467,2944,2496,1289,2195,2710,2679,1016,2069,3065,2134,3116,2301,2619,3350,2457,2210,2126,3098,3307,2108,2557,2715,2480,2738,2551,2810,3194,2411,1043,3250,2365,2506,2871
"COG0598",48,52,42,158,451,40,19,993,100,108,18,20,52,93,102,57,30,67,339,29,71,38,216,23,961,192,224,131,96,12,150,567,105,725,40,166,251,57,87,41,53,201,197,63,662,17,235,969,154,225,230,341,53,268,326,658,1252,68,94,118,1067,63,257,98,125,167,361,152,214,1033,468,1372,220,659,154,103,614,253,908,382,538,379,1081,414,41,141,2400,421,611,138,162,618,74,5382,2687,986,107,469,1927,83
"COG0599",547,511,373,1305,1392,749,679,1186,868,680,362,592,1469,963,868,637,573,402,550,360,755,782,1266,343,753,312,1218,1327,829,627,1090,1364,1163,624,606,1629,473,440,1049,560,718,853,1120,648,800,560,204,1330,1519,1225,381,1094,728,1379,733,794,591,479,710,349,616,874,398,536,551,648,1231,744,575,444,1307,1853,646,606,506,683,1456,568,2149,786,993,1104,1098,1267,230,699,786,1339,885,1015,754,863,439,762,1032,491,579,932,1394,506
"COG0600",4294,5318,5054,5728,5929,6501,6506,4992,5630,5768,6142,6278,5537,5509,6018,4552,5579,5504,3324,5510,4590,6435,6492,5735,4546,2571,3716,6628,6547,6270,4938,6044,5632,4729,5055,7636,3380,5173,6810,5683,5147,4885,7671,7336,6380,5314,3532,6665,6450,4958,3970,5052,6515,5317,7957,2786,2828,5355,4811,6718,3784,5882,4661,4701,5120,5414,7396,5437,5484,3332,7286,6544,4759,5059,4996,5933,5895,4797,5651,4761,8388,6609,6921,4509,4742,4513,7148,5558,4148,5245,5496,5238,4829,10012,5479,2635,6170,5531,3796,5143
"COG0601",8895,9643,8372,10994,10522,9001,10747,7134,10195,10876,7315,9662,13025,10232,11495,8712,11074,8969,2155,7790,9785,8025,12418,8991,5250,2906,7511,15027,7726,9357,12064,5676,10366,10101,8927,16040,3843,8163,13768,8856,8179,8824,14259,9861,3824,9376,2791,15257,16468,10653,8472,8289,9693,11854,12180,8113,3149,8628,10009,6476,2542,9375,9630,10246,8928,9201,11234,8581,9080,2747,15526,10286,8898,1928,10864,9719,15168,9321,9699,9612,8970,12813,12544,10693,6594,8327,8464,13454,9983,10986,9757,12126,9081,12879,6410,1982,9024,14496,4779,8852
"COG0602",2405,2369,2970,3253,2536,1390,2544,3860,2292,1820,1532,2220,2041,2416,3053,2702,1704,2410,6707,2182,3278,2267,2956,2264,4480,5416,3034,3069,2245,1970,2699,4678,3019,4556,2157,3277,3878,3006,3478,2609,2834,2198,3693,2236,3513,2152,4981,6540,2680,1993,2486,2721,1587,2531,5032,3442,4309,2315,2384,1430,6940,2747,2618,2248,2280,1986,2531,2068,2361,7812,3440,2130,3108,11638,3182,2328,3000,2578,2853,2517,1905,4019,3555,3417,1813,1859,3542,2613,2089,2286,1999,2317,2580,2049,2977,4733,2211,2646,1842,2543
"COG0603",1935,1518,2216,2184,2539,1036,3010,2812,2091,2000,1326,2485,2004,2235,2786,2681,1620,2375,4415,2092,3298,1444,2833,1403,3462,4458,3269,2921,1311,1880,2771,4452,2249,4221,1963,3291,3757,2874,3056,2570,2251,2195,3552,2210,3350,1999,3349,3161,2828,2088,2041,2098,1559,2753,4521,2860,3716,2270,1970,1877,6528,1649,2122,1522,1961,1727,1205,1866,2159,4800,3341,2182,2921,10666,3009,2249,2582,2446,2725,2153,1262,3721,3320,1962,1565,1875,2359,2653,2181,2229,1728,2361,1410,2372,2458,1410,2235,3015,1830,2124
"COG0604",16078,17421,16056,18892,18621,19128,15669,18840,19875,14842,18132,15726,19998,18748,17308,15364,18634,15626,9176,16272,14829,17174,19195,19685,16754,7814,12535,20411,18128,16987,17777,17317,17432,15339,17941,20581,14251,16289,19204,15982,16256,18283,20092,16248,13315,18355,5826,14527,20515,21381,15222,18579,18366,16944,19607,10495,8583,15958,17019,15656,8296,17324,17534,17104,16177,18163,16134,18133,17257,8698,20434,17071,13963,6696,15170,15921,20088,15555,17489,16134,19465,18504,19687,16989,17329,18402,18858,21011,13497,20118,18625,15949,18141,24730,17193,8328,16726,20096,15514,17113
"COG0605",2706,2434,1409,2137,2282,3099,1275,2429,1758,1132,1208,2046,1698,1577,1957,1625,1291,2437,3428,1433,1380,1843,1714,1366,2854,2338,1873,1675,2507,2825,1944,2528,1361,3127,1567,2069,2271,1316,1786,1462,1455,2182,2099,1885,2448,1441,1462,3061,1401,1740,2703,1698,3027,1575,3539,2013,3683,1505,1736,1382,1988,2188,1634,2169,1413,1638,2098,1452,1316,2364,1961,2333,1324,2052,1494,1444,1621,1596,2065,2167,2356,2242,2521,2662,3189,2200,2874,1939,2301,2694,1600,1690,2196,2492,2407,2954,1629,2141,2546,1688
"COG0606",1262,458,853,2140,2827,393,479,4941,397,3292,116,267,677,550,1350,271,815,339,1368,198,570,517,1449,956,4122,1511,1529,1344,1503,236,1053,3191,622,2967,318,2005,2229,227,1044,379,584,972,1617,616,3857,57,291,3756,1422,2757,604,1371,317,981,656,2477,3333,371,459,235,1527,886,953,669,284,125,1893,408,248,1712,1305,2278,683,1065,967,401,3237,409,3162,815,1649,1203,1668,2591,83,380,4868,925,4121,699,155,3680,521,6868,3952,1412,273,758,3496,206
"COG0607",6970,6979,6235,7944,7581,7566,5498,7322,6990,5510,5593,6166,7461,6935,6248,7203,6399,5804,4374,5985,7423,6606,6525,6729,8320,3997,8687,7318,7868,6778,7311,7280,7822,6257,6719,7350,6793,5598,6152,5512,6288,6770,6402,6369,6809,5959,2219,5564,7918,7531,7374,6397,7125,7678,4962,7938,4166,5879,7091,5821,3791,7089,6342,6892,6268,6989,7674,6204,6185,4101,6520,7847,6893,3168,5961,6066,8213,6681,6942,7817,7154,6065,6604,9515,7510,6229,9758,6592,5184,7355,6841,5039,6978,4745,7104,3845,5825,6545,8075,6773
"COG0608",5156,4580,4709,7499,6259,4515,3550,4408,6077,8191,4306,4567,5837,6368,6551,5318,4668,3938,2315,5365,4993,5486,7053,5205,4827,3428,7474,6844,6080,4351,8140,4185,6915,8479,5112,7177,4009,3175,7663,4508,4254,6639,7661,4792,5676,6123,1977,4220,6601,5391,4026,4626,4332,5818,7643,4863,8501,4626,5785,4195,2990,7010,4761,4923,4790,5914,8006,5374,4797,2408,7465,4994,5595,2162,4140,5032,7557,5843,6631,5276,7414,7597,6837,8320,3735,5353,4300,7634,9299,7291,5668,8976,5619,6199,3867,2235,4067,6962,5017,6030
"COG0609",4062,3243,1401,1077,2902,1754,644,4313,1655,1107,435,708,1791,1538,1972,1786,604,2942,2452,1066,1761,379,2026,1174,4251,1708,5179,1576,424,2857,3832,3868,944,2717,655,2396,2622,1121,1119,1159,1372,3920,1550,1406,3266,1302,390,8037,1850,3097,3837,1441,1631,2765,1603,5331,1163,710,1476,569,2037,1751,1170,3307,1046,1313,2107,2776,2699,2098,1779,2908,1523,2291,1082,947,1570,3853,4024,3972,460,1410,2136,1117,3613,4241,5321,2611,1150,3965,1388,1476,2978,7398,3519,2398,843,1779,3664,3405
"COG0610",1905,1414,1227,951,7006,1142,1446,7625,832,1713,817,1081,868,1155,1687,1598,950,1871,5116,1034,1347,691,3234,876,6854,3884,7303,1962,1375,1598,4591,8419,765,3897,814,3890,6138,1340,1512,1084,3644,3463,2002,2195,12449,832,1003,8846,1266,6196,1712,2657,952,2670,2621,5323,5088,832,971,1601,5198,1172,1419,1104,828,709,1111,1570,1554,4107,1784,7174,1643,4208,1032,1192,977,1785,10100,2168,705,2602,3773,1116,1242,2352,10877,2455,2891,1963,756,4182,1175,4682,5348,4722,1069,1636,12116,1632
"COG0611",4843,5276,4818,4460,2956,6238,4443,2157,4128,3333,4972,4822,3988,4751,4302,3895,4344,4811,1621,5256,5243,5069,3726,4924,2284,1952,4124,3994,5498,5548,4417,2203,4882,4002,4668,4127,1887,3892,3877,4481,4776,4001,4192,4730,2231,4900,1486,2041,3187,2795,5105,3506,5667,4083,5775,5264,1146,4502,4939,4806,1451,5334,4801,5171,4939,5275,5155,4298,3594,1533,4269,3026,5363,1071,4281,4843,3478,4504,3545,4388,4851,5132,4219,5377,4789,4253,2712,4061,2334,4563,4956,2963,5027,2060,1869,1419,4815,4071,2394,4853
"COG0612",10736,9482,8385,11075,14872,7516,8664,8046,8831,16110,5077,9076,10116,9264,10166,10325,6576,8511,5336,8668,10563,8809,11841,6946,14082,5954,16828,10550,9090,8851,12701,11136,9887,14670,8707,9693,11350,6936,10442,7806,9126,10954,9145,8720,13717,7188,2350,10121,11732,15860,11286,10895,7698,12797,8092,16249,19582,7642,10833,6356,7121,10049,8516,9430,8988,9151,13372,9120,8527,9391,10684,18685,10741,3833,8301,8490,11403,10470,12169,11501,7269,9968,12485,13157,8774,10629,15244,13182,21669,9766,9374,16915,9732,10586,9457,5057,6943,11777,23100,9343
"COG0613",1716,1339,1945,1013,2309,747,2550,597,1701,1532,1424,2289,2943,2332,1878,1662,1767,2264,1002,1733,1960,1142,1930,1170,832,1247,2323,2342,832,1502,3713,1726,2019,3361,1381,3109,1502,1527,2163,2106,1637,2001,2609,1785,1533,2562,682,282,2317,2161,1610,1617,1072,3619,3522,2307,1491,2102,1392,1396,1070,1248,2222,1639,1745,888,794,1671,1921,824,2860,1785,2009,821,1994,2238,2243,2121,2755,1408,1118,2602,2457,1035,1717,1510,1305,3060,1890,2505,952,1788,1230,1548,627,815,2337,2861,2259,1549
"COG0614",3155,2494,2337,2113,4023,1500,1600,3862,3223,1179,1874,2064,3540,2826,2004,2453,2491,2971,2544,2293,2270,1548,2488,1907,3475,1919,3878,4095,1313,2114,5044,3362,1993,4836,2216,5411,2647,2296,1840,2174,2389,3486,2428,2620,3043,3145,988,6655,4242,3913,3294,2197,1762,3804,2369,3985,1286,1898,2411,1855,2077,2016,2261,2866,2243,2182,2846,2726,2850,2076,5243,2985,2195,2221,2248,2254,4405,3498,3864,3573,1159,1931,3753,2142,4307,3082,4392,4259,1305,4282,2267,1547,2194,5498,2808,2070,2327,4096,3055,3123
"COG0615",1077,953,855,793,1032,800,582,910,1246,1230,1002,681,1021,1084,1376,1399,894,924,4111,1338,1104,803,1124,777,1123,4682,970,1377,590,698,1232,1178,814,1672,1462,1345,2349,1425,1516,824,975,1136,1594,733,833,1361,3980,566,1171,785,1098,662,793,900,2307,729,2627,886,1083,997,3310,932,804,843,992,1103,967,1029,1091,993,1542,1056,1070,4423,849,746,1453,1009,1190,1110,670,1590,1460,782,1251,1333,671,1559,1173,1351,1105,1488,1024,465,602,3342,748,1698,1041,1108
"COG0616",7797,8135,6888,6454,6619,10191,7172,5655,6728,5676,8601,8483,5666,6995,5694,5883,7227,8032,3804,7436,6942,8502,5550,8061,5439,3814,6812,5478,8875,9240,5949,5417,6943,4831,7012,5517,5998,6256,5117,7276,7691,7371,4775,7924,6539,7205,2606,4867,5211,7206,8403,6575,9858,6167,4466,7228,5255,7472,7294,7674,4985,7984,7769,8550,7360,8092,7039,7645,6291,3327,5112,6025,6928,8496,6173,7785,5584,7170,6655,7377,8301,4660,5511,6977,7661,8146,4797,5821,6235,6625,7870,5896,8307,5520,4552,3656,7778,5235,6632,7062
"COG0617",12661,12931,14239,11978,7856,12567,13145,5757,11017,9637,13927,13738,10237,11609,10524,11731,12189,13350,17358,13295,13000,12658,9044,13864,7511,12766,12037,8541,11773,13427,10167,7781,12444,7872,11393,7631,9858,13508,8778,13732,12487,11331,7965,12523,9204,12191,12110,3646,9368,7286,13323,9247,12699,11609,7310,13117,14503,13779,12273,14587,11987,12970,14075,13207,12840,13212,11251,12313,12412,6139,7880,9050,13214,13268,12851,14033,8928,12971,7593,11849,11632,8701,7433,13151,13817,12703,7305,9436,8773,9964,12737,8799,13049,6576,4623,10934,14154,9047,7170,12873
"COG0618",2149,2431,2098,1970,1516,1151,1103,549,2848,3301,1274,1432,2634,1933,2368,3161,2289,1848,1026,2194,2326,1621,1532,1722,607,741,1726,1635,1588,1407,2022,788,981,1879,2963,1197,1269,2733,1868,1755,2429,2036,1716,1117,865,2230,876,603,2016,1740,3281,2154,1207,2206,1255,1876,2382,1952,2448,1328,669,1758,1966,2435,2302,2409,2389,2191,2856,888,1468,1111,1467,400,1636,999,2277,2094,948,3084,646,1465,1513,2742,3576,2417,406,1906,4746,2272,2380,3258,2422,314,397,910,1480,2605,1031,2041
"COG0619",1455,1308,1730,707,244,794,2298,306,675,766,1024,1950,492,949,539,1008,1285,2005,356,833,1497,1078,165,933,245,764,1869,256,594,1360,256,143,1701,173,701,392,215,1163,197,1862,1205,863,287,1508,74,628,420,746,242,143,1495,975,1028,981,266,2505,329,1799,998,1002,349,875,1835,1485,1340,485,45,910,1373,532,354,488,1752,227,1937,1927,258,1521,149,1030,592,177,243,710,1114,476,1017,259,649,482,585,592,1204,78,353,262,1970,285,95,1300
"COG0620",3525,3839,2419,2675,6159,4408,2845,1486,3322,6821,2779,3281,5189,3597,6266,2520,3035,2732,2030,2508,2743,2239,7265,2748,2299,1581,3300,7200,2479,3643,4295,3657,2386,4313,2722,8825,2333,2646,8169,3519,2449,4007,7168,2896,4464,2834,788,650,7737,5790,3063,2387,4368,3595,6078,2301,3403,3212,3267,2920,2487,2584,2747,3529,2572,3430,3606,2819,2319,1428,7835,5233,2482,2338,3797,2739,9786,2684,6178,3103,2468,7294,6793,2308,2472,4117,1282,5476,4984,4569,3513,6500,3023,4021,1352,1628,3878,5474,3467,2716
"COG0621",15783,15850,15423,15274,12030,16615,17153,8706,15000,15656,15396,17757,14433,15482,15782,14716,15601,17215,5119,16876,16400,16755,14038,14880,9278,6347,12960,15362,17148,17433,15001,6981,13699,15764,15276,14792,5780,14323,15651,16765,15359,13269,15396,16061,7655,16158,4732,7972,15773,10975,15467,13080,17231,15830,15138,14773,10215,16918,15931,16170,4666,15928,16540,16528,16007,15765,15497,15332,14655,5530,15727,12243,15910,3737,16111,17240,15471,16500,12114,15245,15074,15476,14078,17466,17723,16504,9854,14013,15694,15576,15631,15341,16214,10171,8498,4826,15940,14892,7615,15260
"COG0622",345,399,281,639,485,647,267,117,509,706,306,301,920,567,670,338,300,318,248,417,424,448,813,430,85,138,249,836,470,480,863,206,327,230,376,871,58,245,820,254,358,426,676,552,54,504,196,9,1099,593,465,316,539,876,554,415,157,270,380,341,121,334,426,336,362,449,611,358,219,149,799,419,369,264,236,369,926,365,450,345,231,806,582,781,521,427,146,1049,539,612,421,667,372,533,59,227,332,766,146,307
"COG0623",6439,6853,6088,5103,2417,7470,6869,3366,5832,4118,6975,7231,5078,5834,4682,5213,6110,7089,1506,5609,5674,6940,3626,5916,2940,2121,4511,3551,7158,7370,4273,1270,6111,2777,5931,3152,958,5186,3634,6427,6158,5542,3236,6320,2624,6025,1855,4059,3563,2197,6373,5967,7198,4870,3379,5591,1271,6756,6101,6320,1250,6437,6286,7177,6605,5755,5280,6179,6058,1636,3440,2893,5931,1191,6078,6873,3333,6916,2203,5980,6630,3434,3194,4969,6380,5541,2567,4537,2957,5446,5875,3272,6826,4249,3092,1335,6799,4082,498,6525
"COG0624",15180,17760,16588,18652,17186,18244,18497,12194,19621,21671,18607,15317,20388,18042,19745,16561,19995,15563,7232,18972,15171,17214,20082,19895,12674,6810,11252,21749,17757,16503,17686,11540,15843,17001,19007,21521,9223,17115,22283,16238,16720,16024,21909,16654,10311,18777,13474,18475,22927,17296,15441,16694,17972,16230,21835,10595,14739,16755,17653,17435,6571,16848,18510,17411,16946,19046,21692,18410,18178,6421,22989,18310,14225,4818,17898,17239,20682,14486,19322,16191,17518,20735,20537,18034,18381,17264,18069,20535,23210,19034,19275,22324,17783,16819,11859,5966,16606,21708,12907,16587
"COG0625",12838,12485,11278,15126,12998,16489,14885,16482,11012,6501,11141,14398,13640,12831,8783,8720,12199,12211,6994,8773,13269,13962,10532,12457,15451,6963,14333,10780,14361,15412,9869,14048,17097,8093,10522,10924,12050,9030,8721,11888,11124,11455,8919,14797,15517,8244,3780,14883,10426,15650,10905,13785,15139,12733,6641,14405,5219,11558,11500,9905,6401,15042,12963,12857,11310,11833,17350,10796,9046,7548,9371,12101,13659,5156,11852,14474,8698,11155,12980,13070,15641,8869,10302,13604,7592,9507,12729,9945,5104,12337,12063,6878,11896,19980,15227,6135,13072,8105,14643,11507
"COG0626",12259,12465,11683,11825,7322,11547,14194,9220,10945,14238,11482,14604,9704,11026,12978,11551,11584,14659,3493,11267,12985,11479,11254,9999,10106,4431,10418,9974,10988,13361,6976,3451,11869,8249,11277,9013,2391,11803,11673,12983,11566,9817,10582,12892,2840,10221,3465,11926,10919,5747,13089,9519,12260,10284,8373,14492,6078,13554,12736,12481,3398,11183,11756,12497,12480,11683,12289,10674,12045,4424,10047,7932,12349,2456,11987,12989,11614,12662,6204,12226,9975,10706,9625,12692,12131,9594,10183,8225,10244,9656,11918,11634,11746,7323,8707,3645,13295,9611,1808,11909
"COG0627",782,1133,633,1553,1890,495,630,2394,1188,766,500,477,897,1016,1062,1020,848,644,978,704,1018,869,1372,816,2631,616,1303,1037,893,614,1110,2073,1372,2285,1002,1250,1601,563,1188,551,974,1194,1169,838,2395,603,271,2179,1272,2075,841,1304,433,1123,676,1008,1064,562,1359,313,974,1441,715,898,919,1228,1878,806,773,974,996,1726,996,755,826,914,1416,701,1848,1297,1042,1045,1547,1585,339,827,2524,798,1153,904,1301,1137,1061,4217,2541,831,466,1170,2228,809
"COG0628",6084,5057,5728,5509,6988,4644,5245,7517,4703,5621,3802,5207,4819,4398,5389,5106,5586,4928,4051,3905,6136,4233,6573,5043,7738,4510,7110,6009,4540,4798,5201,7700,5210,7257,4601,6008,5996,4718,5449,4734,4923,4916,5625,5174,7944,3498,2320,5230,5868,7852,5448,5626,4476,5700,4366,7718,7014,4864,5246,4110,3633,4948,6199,5488,4810,4191,5376,4360,4614,5525,5626,5989,5807,2853,5419,5117,6137,4864,6578,6011,4323,5372,6356,6389,4016,4622,10522,4275,5424,4468,4337,5236,4782,8942,7451,3777,5088,4948,6877,4434
"COG0629",3855,3598,3649,3659,2710,4006,4019,3999,3098,2944,3929,3945,3337,3317,3128,3391,3290,4106,5734,3459,3654,4063,3265,3438,6539,15100,4033,2634,3717,3932,3035,6818,4275,2899,3268,2704,8463,4283,2755,3737,3671,4086,2453,3980,5865,3522,8302,3066,2706,2487,3800,3809,4065,3531,2420,4228,5631,3744,3439,4265,16943,3749,3679,3750,3740,3176,3891,4028,3441,5284,2711,3619,3671,28667,3697,3796,2819,4307,2289,3505,3423,2699,3050,4148,3787,3849,4758,3291,2714,3173,3232,2729,3853,3381,7165,7817,3884,2743,2702,3975
"COG0630",683,899,1260,175,588,207,457,788,1409,842,144,537,1611,993,1035,1413,1613,800,256,419,1181,40,385,986,1450,144,816,566,133,324,885,436,312,493,1031,665,123,1907,631,645,1220,785,619,296,2638,624,1926,717,1021,488,1578,965,256,1760,278,525,11123,1206,403,191,252,398,382,876,1006,637,743,293,1962,709,689,484,539,189,640,215,741,1049,335,2013,14,320,618,66,549,395,2059,814,2391,711,596,1404,546,2449,1434,331,674,1045,365,833
"COG0631",1322,1058,886,1234,2854,396,664,1843,1401,1039,724,570,1304,1452,1150,1448,1472,998,2057,876,1150,600,1100,761,1304,1665,2144,1116,591,431,1582,3108,870,3714,1897,1908,1576,1937,932,950,1586,1413,1443,1471,4079,863,844,1070,1411,1295,1533,1171,383,1376,1342,1101,1141,842,1181,723,1677,756,1242,979,1427,1101,1237,1053,1850,1492,1130,3793,2215,1731,1554,1047,1573,890,4321,854,520,1072,1246,731,1498,1083,2939,1770,1054,1170,1195,1708,885,1509,1125,1878,808,1098,4753,848
"COG0632",1993,1657,1670,2133,1934,1355,2148,1491,1488,2275,874,1892,1967,1878,2047,1985,1543,1921,737,1435,2243,1674,2125,1317,1661,800,2941,2080,1847,1751,2156,1375,2314,1670,1465,1926,996,1300,2070,1663,1559,1872,2084,1705,1837,1401,490,1333,2499,1868,2147,1518,1278,2442,1316,3424,1502,1684,1811,933,708,1681,1883,1730,1504,1496,2462,1621,1611,1130,1846,2182,2230,531,1713,1864,2472,2031,1839,2047,1683,2101,1883,2735,1532,1838,1841,1665,2485,1839,1536,2385,1837,1813,1485,792,1562,1789,1582,1767
"COG0633",4256,3281,7719,2976,1902,4197,6644,3623,3157,2235,3850,5386,2658,3726,2751,5637,5259,5399,9051,2762,4689,4609,2368,6131,1807,5514,3387,2251,4316,4617,1959,2249,5271,1314,3075,1989,4034,6571,2460,5211,4363,2724,2076,5196,1702,2438,25542,3027,2119,1555,2924,5032,4289,3331,1608,5297,2068,5017,3806,3923,9265,4450,5588,4009,4448,2496,1944,4242,5354,4417,2123,1812,5441,2322,8732,6013,1900,4063,1989,3567,4902,2002,1824,2255,1998,2384,1399,1888,1560,2430,2671,1564,3741,883,1359,3809,5115,1790,974,3364
"COG0634",908,857,897,1733,1354,401,720,1097,1068,1620,581,567,1524,961,1254,1289,1047,812,1364,892,784,437,1199,931,1351,902,1034,1355,615,440,1299,760,679,1988,884,1335,701,1378,1405,964,798,1077,1547,803,751,1175,1329,966,1670,908,935,662,393,1597,1180,917,1285,822,730,580,1157,822,1087,1001,781,859,1138,1047,1296,1447,1313,1522,674,955,1125,707,1839,1059,1181,787,672,1215,1493,1857,1295,1188,1802,1162,1945,1179,788,1710,834,1555,1352,801,901,1369,688,882
"COG0635",4616,4532,3520,6165,6006,3176,4505,6075,3509,8103,1976,4149,3670,3993,5878,3688,3202,4238,2580,3186,4702,3500,6098,3417,6819,2464,6570,4632,3960,3883,5060,5819,4397,6398,2686,5243,4357,2421,5584,3685,3758,3700,4820,4272,6578,2594,1002,5040,5127,6229,5401,4148,3121,5465,3010,8350,4066,3721,4376,2384,2778,4721,4403,4697,3522,3719,6382,3189,3166,3431,4615,5707,4553,2040,3891,4151,5873,4365,6091,5415,3687,5163,4961,7228,3556,3131,6554,4007,6104,3873,3598,6324,4375,6670,5863,2826,3093,3759,6494,3606
"COG0636",290,253,235,259,165,185,438,135,182,146,203,306,174,219,187,212,223,318,135,152,275,176,195,146,80,145,357,124,173,248,118,240,300,118,241,104,228,233,148,264,282,171,110,409,228,122,47,70,137,214,954,801,597,655,380,1349,467,742,802,724,369,693,668,732,818,550,1201,591,800,338,209,696,1285,186,875,1038,481,932,538,653,494,514,335,483,391,409,180,245,307,363,591,315,608,216,280,444,740,213,823,765
"COG0637",4304,3531,3987,4271,3333,3615,3827,4524,2898,2790,3137,3457,2892,3187,2930,3341,4099,3611,6549,2878,3950,5055,2733,3496,3379,8040,5640,2631,4642,4456,2936,3416,5021,3363,2721,2937,5568,3862,2478,4051,4067,3756,2693,3732,4897,2634,10361,5508,2592,3490,3585,4038,3397,3486,2154,5421,8469,3855,3407,2876,5578,3987,4205,3820,3736,2961,3832,3382,3251,6437,2804,3443,4655,11331,4632,4188,3720,3672,3992,3362,4616,2296,2633,4449,2801,2819,3500,2237,2508,2879,2753,2995,3614,1219,2452,5863,4040,1899,4052,3531
"COG0638",861,611,746,717,2507,84,607,2,2621,1212,167,305,2898,2388,3815,2324,1604,418,122,1811,2272,46,3693,573,60,484,698,4602,50,226,3950,1187,828,7639,2916,5631,76,2349,4980,618,1211,939,7011,617,907,2437,905,1,3055,1010,1189,831,197,1634,11143,363,4371,741,1625,186,302,262,376,439,1351,1624,569,685,2219,102,6297,1469,2494,393,1074,393,3488,771,3285,1177,51,7169,5642,244,776,792,74,3828,2710,3582,1820,2743,428,24,15,141,415,5049,287,833
"COG0639",3531,2512,2592,4471,3220,2338,1691,3081,2908,3942,2069,4903,2951,3208,2750,2946,3265,1644,2067,2032,2782,1802,3386,2994,3320,2903,2922,2969,2167,1988,2858,3002,2040,2024,3292,3061,2641,2623,2799,1837,2332,2602,3017,4117,5622,1860,917,3323,3192,3629,2682,2465,2027,4050,1830,3697,3598,1961,2801,2792,2103,2855,2786,2584,2427,2927,3870,2029,2627,1619,2727,3599,3694,1549,2800,3388,3864,2011,3552,2522,2223,2534,3224,4533,2001,2309,3220,2555,4142,2458,3096,3852,2557,4833,2796,2630,1494,2664,4139,2041
"COG0640",1041,856,656,1639,4099,494,1436,7511,1037,2135,547,1246,1634,1375,2442,1511,939,666,2215,715,1046,595,2846,767,7415,1318,3411,2579,926,623,1848,4787,1718,3748,881,4566,2558,1027,2994,866,1066,1504,3982,1741,4987,818,463,6559,2179,3686,1275,1294,357,2198,3971,2578,2579,767,732,895,2078,768,809,674,786,565,1427,801,1351,3114,3440,2427,979,1905,833,1333,2360,1348,3816,1409,1233,3590,3515,1531,273,784,9702,1485,2616,1291,577,3053,719,7623,7412,2240,965,2039,3040,1069
"COG0641",438,354,589,574,926,44,141,215,131,2074,73,94,312,215,619,128,191,83,934,72,314,166,552,473,254,1298,339,506,322,49,627,1355,148,1662,146,477,669,200,467,279,345,151,410,157,470,62,731,847,563,1456,166,440,58,286,373,647,1088,283,193,94,2352,418,259,336,138,66,362,147,178,272,404,715,521,3529,449,144,469,133,575,275,491,557,285,542,132,141,178,552,1682,278,80,1833,350,133,299,1414,96,347,1095,63
"COG0642",33937,32659,33397,39297,131116,35967,34333,121648,31764,37873,36850,39669,31366,34305,31552,26650,33656,35559,75769,35309,31794,36089,58370,32462,108810,55874,85915,43602,42558,32707,58583,159601,37096,133459,31067,51736,149131,29943,28407,33767,50170,55992,34778,42532,172511,30015,19644,111865,31226,149780,36044,65756,34261,51922,39253,63279,75416,32914,29016,41733,79308,32653,36828,29718,33401,28291,38205,36120,28744,70986,32383,93777,35544,51523,29049,38299,30947,37983,137009,45688,46312,41511,67427,39768,28238,39796,91933,40376,44018,30521,27759,47513,27863,152405,97192,81926,35774,36541,209260,28762
"COG0643",613,746,517,520,6765,299,747,4934,843,1198,212,430,1307,940,1174,914,1060,678,3980,647,795,593,3542,513,5041,2878,4690,3137,661,273,3081,11465,909,9012,490,3058,11176,1166,1484,796,1435,2324,2051,1043,15882,369,1112,4140,1447,9926,648,2847,306,2230,1781,2722,4169,587,321,447,3807,478,953,504,532,253,300,858,1044,4138,1366,6345,922,2511,1065,557,1759,921,10920,1912,1021,2171,2800,544,754,1914,3054,2119,1245,1069,294,2032,330,6347,3638,4086,597,1443,16533,461
"COG0644",4868,4353,4829,3004,3973,4258,5120,2117,5380,4054,4520,4720,5615,5084,5418,5507,4984,4897,1290,4981,5847,3792,4932,4214,1918,2127,4428,5580,3556,4464,5180,2056,4536,6805,5485,5598,1536,5630,6194,4645,4597,4445,7066,4388,2046,5234,1563,2044,5214,3068,14906,12351,13764,14253,25903,13966,7978,14467,14701,13947,4425,11797,12430,13179,14518,14134,9161,12845,17221,3935,18993,12132,15247,3208,13375,13397,14578,13637,12407,15500,11253,20445,17404,7730,12284,12643,5575,17013,12694,16424,14663,14875,12490,6681,4986,3597,14537,19738,8201,14622
"COG0645",53,16,3,15,601,15,23,1378,45,238,26,17,227,121,60,56,17,57,875,31,59,12,164,3,620,342,508,109,71,28,312,923,31,567,38,555,603,38,51,27,47,301,161,113,639,113,44,1375,220,469,49,16,11,441,191,353,212,5,11,64,475,16,72,30,20,7,16,66,43,320,128,163,41,903,17,39,111,18,215,105,108,49,246,22,3,142,726,193,145,75,13,161,20,399,606,959,36,156,242,8
"COG0646",7387,5624,8489,5112,7116,5092,13127,5574,6918,12873,6262,9740,7647,8862,8701,8692,8441,9112,2760,8244,11398,6433,9035,6692,4069,4175,7472,10043,4681,6932,9052,4081,10156,7996,7457,9138,2752,6816,9968,9274,7342,7057,9230,8121,3823,7227,1862,4890,10864,6872,5870,5759,5432,9437,6687,8673,6944,9501,6926,6964,2728,6197,8574,6187,8603,5610,3346,7952,8793,2817,9854,6673,11523,2675,8708,9402,9102,7618,7704,7044,5334,8625,8441,4586,4588,6505,3000,10735,12967,7259,6291,12549,5219,6603,3748,2760,9102,10052,3334,8911
"COG0647",3726,4190,4281,3844,1641,4225,2883,2873,4248,3096,5137,3580,3580,3922,3118,3549,4460,3843,992,4526,3345,4026,2103,4562,1806,1322,1471,2581,4119,3762,2651,512,2881,1286,4485,2255,666,4178,2420,3985,3870,3837,2418,3501,676,4256,1275,2655,2599,1302,3876,2529,4238,2877,2847,1698,1114,4264,4096,4607,888,3950,3827,4028,4221,4637,4410,4120,4047,788,2721,1971,3498,730,3613,3920,1982,3686,1398,3684,4625,2373,2276,2892,4739,3873,3055,3202,2037,3571,4425,2654,4006,2689,2815,676,4225,2981,336,4110
"COG0648",938,857,951,869,1258,269,502,251,1869,1376,828,557,2328,1676,1982,2015,1270,885,409,1350,1402,539,1742,630,17,434,667,2353,334,419,2139,421,658,3158,1880,2725,264,1525,2584,992,1140,1076,2775,370,348,1974,508,73,1964,777,420,377,155,553,1463,117,689,323,393,200,128,148,307,330,369,451,83,328,587,47,1035,241,316,112,270,173,626,282,487,411,59,997,910,244,426,288,6,795,837,639,478,611,193,44,9,120,304,1027,114,333
"COG0649",7916,6997,8371,5662,5375,6587,9199,2060,8665,8341,9083,8869,8806,8518,8290,8495,8658,9478,2296,8559,8050,7826,7892,7130,2485,3239,5790,8365,6162,7377,7862,1460,8081,8037,8553,7710,1512,8989,9386,9407,8320,7096,9460,7432,1707,9533,2719,2636,8730,3940,7327,7641,7355,7846,10407,5722,3924,9091,7422,9307,2171,6472,8115,7737,8660,7264,4505,8842,9707,1542,9056,5663,7955,1991,8514,8257,7857,9072,4600,6390,6433,9243,7844,4360,9595,7712,2258,8588,9686,8390,7703,8751,6838,2200,2444,1672,9227,9097,895,8863
"COG0650",1,0,0,0,0,0,0,0,0,732,0,1,0,0,54,0,0,0,29,0,0,0,0,23,0,0,0,1,0,0,1,0,0,0,0,0,0,0,3,0,0,0,0,0,17,0,0,0,0,0,18,0,0,0,0,12,175,0,0,0,0,0,2,0,0,0,0,1,1,0,0,1,0,0,0,0,0,0,0,0,0,5,0,0,1,0,0,0,844,2,0,622,0,0,0,12,0,0,0,0
"COG0651",2350,2404,2834,3430,5180,4574,2731,8372,3055,11173,2099,3032,4407,3725,5614,1939,2469,2657,1309,1828,2415,3497,6122,3448,5015,961,2478,7024,4281,3868,3695,4036,3230,7816,2266,8313,1364,1710,7959,2276,1735,2284,8386,2979,2065,2722,629,6400,7473,4266,2318,2305,3995,3333,9447,3037,6037,2136,1926,1640,1565,3552,2946,3799,1809,1798,4994,2233,1699,1155,8723,4742,2417,1187,2906,2981,5476,1841,5552,2310,5797,7896,7955,2896,1651,1590,4138,4910,14604,4150,1929,11839,3058,6278,6507,1972,2940,5436,632,1819
"COG0652",9447,9047,8850,9208,7017,8022,9061,5033,10033,5983,7872,8271,9435,10316,9229,10289,9354,8903,3058,8473,12488,8369,8577,8008,4232,4422,10271,8336,8155,8631,8544,4134,10639,9175,10702,8379,3971,9560,8956,8913,10209,8489,9117,9086,4897,8686,2865,3473,8634,6482,10023,9120,7822,9680,10935,10130,4850,9265,10372,7493,3139,8591,8079,8998,10505,9406,9349,8105,9543,3146,9143,6984,13404,2032,8922,9201,9242,9611,6921,10693,7881,9787,9089,9670,8453,7920,5226,8289,5789,9620,9730,6077,8924,3507,4268,2952,8362,10348,5374,9848
"COG0653",19841,20359,18647,18987,11636,22510,19752,9657,18153,16932,22226,22092,15508,18246,16786,18430,18320,20924,6464,20853,19010,22067,14947,18691,8661,7090,16880,14679,20575,22043,15842,7032,18029,10924,19118,12790,6981,17921,15021,20494,19369,19722,13667,22386,8651,19636,6122,8096,15589,11101,20659,17347,22985,17109,12583,19037,9336,20923,20355,22740,6224,21016,20572,20740,20320,20620,21882,20770,18908,6141,14040,13234,20153,4512,17938,21380,15048,21442,10632,18655,20116,14181,12883,20035,22575,20883,10394,15946,15357,17209,20207,15223,21123,10265,8111,5657,20330,15444,7999,20918
"COG0654",14541,16074,15095,17019,9757,22389,15711,11687,14296,6844,19059,17094,12746,15214,11343,12023,16239,15465,5505,15991,13967,17541,10933,17322,11969,5958,12198,10154,17851,20482,10268,9066,15712,6312,15386,9085,7543,13670,9966,15742,14307,13247,9680,19085,9003,14522,5027,10627,10020,10395,15187,10843,20733,11923,8268,13042,4470,16208,15011,20039,5753,18205,15115,15699,15742,18196,19565,15167,12775,6441,9161,11941,15570,4304,14157,19182,9772,14464,9323,14860,19145,10316,9392,15607,13290,14232,10115,10354,5829,12743,17365,6615,15439,19838,11158,4548,17673,9424,9880,15201
"COG0655",714,725,525,975,1678,647,586,2419,619,1114,602,583,535,609,604,432,539,515,2489,499,546,1019,814,666,3431,1080,1263,812,1001,636,725,2528,1029,901,423,1482,1592,457,535,544,588,677,874,828,2071,387,369,3318,972,1795,552,1011,601,715,657,841,837,447,642,526,1520,1086,685,723,500,692,1136,462,441,2433,738,1231,589,1198,540,755,800,479,1627,784,1151,557,1047,1001,447,592,3625,581,1388,663,614,1270,690,3338,3148,2273,528,494,1424,585
"COG0656",1201,1186,1210,1622,2876,501,1046,1408,1774,1335,872,808,2015,1465,1700,2061,1841,934,1947,1148,1487,809,2358,1162,3223,1133,1978,2835,893,670,1789,3211,1407,1925,1886,2911,3142,1198,2253,1100,1569,1840,2300,1802,2740,1205,1027,1609,2830,3562,1452,2553,599,1807,1708,1074,2265,1067,1787,790,1619,1019,1529,1114,1392,1734,971,1113,1365,1845,2796,2408,1941,1249,1413,1195,2831,1469,3510,1439,867,1916,3111,1387,1270,1586,3331,2095,2032,1426,1829,1818,1284,4105,2324,1491,817,3078,3227,1047
"COG0657",7150,7202,5607,9148,6764,6539,5416,12461,8369,5026,6015,6104,9030,7853,6432,6291,6636,6427,3475,5037,6353,7045,7055,6308,8541,2481,6009,7943,7246,6620,6067,5759,7389,3577,6637,8753,3486,5779,7470,6482,6835,6059,7232,6493,5018,6214,2715,6964,9361,7832,7348,7601,6129,8486,4806,6587,2354,6218,7323,4800,3097,9344,7283,7870,7009,7304,8375,7441,6331,3545,8047,8372,5623,2474,6423,6336,9444,6803,6158,7475,5990,6366,7774,9569,7611,6044,10206,7374,4665,8597,7423,6095,7199,10455,8996,3342,5875,7000,6738,6475
"COG0658",1119,397,684,2325,3284,285,324,5084,320,3338,104,160,579,474,1126,254,595,273,1802,193,557,545,1584,700,5034,1587,1930,1131,1533,179,1284,3968,632,1772,303,1740,3311,254,919,259,687,1290,1237,526,4744,46,339,4723,1146,3870,484,1803,213,1149,658,2588,4176,271,407,271,1712,882,672,548,299,110,1601,529,241,2166,1009,2312,684,1189,614,302,2328,502,3936,846,1658,1157,1874,2746,71,495,6632,1059,4601,686,156,4124,398,4376,4299,1526,181,780,4700,195
"COG0659",8551,6000,7445,14015,8526,4958,11072,11601,4388,4518,3700,8885,3521,5495,5966,4062,5360,8714,5700,3273,8518,6752,7712,5083,12019,6321,11285,4827,7968,7526,4969,10151,8854,9170,3570,5401,6712,4195,5365,7171,6566,4741,5626,8005,10336,2828,2242,10316,5502,9020,6689,10246,5318,7157,4832,16203,5152,6724,6800,4408,4413,9729,7165,7246,6422,4332,14939,3615,3757,5598,4212,9146,9068,4976,8490,8735,6720,6744,7409,6851,7229,6592,5644,14983,2565,3102,12023,2837,3332,3840,4432,4018,6393,14512,9915,5214,6678,3432,10512,5043
"COG0661",16615,14547,16470,14363,8477,15257,20160,7467,12530,7055,14814,18293,10281,14857,10099,12316,15503,18042,4884,13266,19458,14890,8801,14008,10279,8522,16660,6711,13338,17014,8881,8073,17214,13751,14522,7326,7130,18313,7346,17123,15312,12295,6947,18142,6507,11603,4661,5834,5254,8565,15676,13545,15640,12348,9788,20681,5532,17250,15682,15389,5071,14948,14866,15460,16359,15817,11895,12705,14200,6164,7478,9013,22438,3042,17669,19393,5152,15471,7717,14121,14709,9496,7844,11834,11571,10457,8198,8725,4344,10680,14980,5804,13920,13098,8411,6063,16625,7969,9155,15159
"COG0662",5597,5981,7186,4746,4499,5104,6603,7629,4755,4409,6775,5710,4704,5483,5062,7345,5477,6236,21888,5870,5165,5552,4506,6806,9073,25820,5837,4699,5464,6001,5183,8966,6875,3979,5082,4191,17994,8503,4615,7096,6514,5555,4232,6368,5520,5417,32219,6900,4539,4973,5136,4966,5650,4996,3830,5457,7032,7007,5139,6813,23715,6521,6722,5400,5850,4868,3774,7162,6667,21427,4410,4123,5958,20730,8768,6328,4599,6457,4453,5361,5831,4319,4147,4489,4724,5897,6196,4806,3200,5007,4737,3670,6197,3429,7830,20475,7015,4721,4718,7019
"COG0663",2589,2715,2609,2778,2423,2872,2289,2147,2563,2026,3235,2489,2554,2579,2064,1970,2610,2386,1748,2545,2139,2867,2104,2973,2830,1874,1823,1948,3078,2617,2385,2655,2500,2018,2600,2177,2229,2532,2010,2292,2640,2552,1700,2890,2589,2778,1805,1983,2063,2689,2280,3076,2779,2640,1658,2191,1678,2410,2376,3024,2454,2788,2815,2645,2568,2517,3049,2655,2224,1836,1894,2205,2158,1995,2167,2556,2158,2474,2717,2337,3294,1730,1686,2506,2705,2688,3105,2345,1781,2649,2649,1865,2887,2966,2204,1914,2479,2151,2335,2659
"COG0664",4544,2928,3554,4634,6993,2129,4099,9373,3312,10768,1650,3116,4573,3829,6153,4874,3861,3771,3753,2508,4579,2832,7297,3265,10886,4055,6935,5326,2723,2801,5100,8476,5024,8341,3567,6233,4157,3973,7359,3095,3443,4257,6072,3917,8640,2220,1228,9641,5876,6459,4446,3698,2218,5109,3860,7455,7043,3016,2791,2335,3726,2208,3398,3126,3119,2502,2653,3198,4388,4229,5760,5236,5877,4468,4472,3606,6611,4545,6206,3417,3117,6308,6403,4588,2524,3306,8911,4055,11983,3909,2575,9701,2869,13067,9900,6173,2604,4844,4358,3390
"COG0665",45371,52947,48470,57828,35074,46876,46206,16831,48486,59939,55659,41368,42728,45679,57266,41615,52518,46466,14369,48347,40902,47527,57484,56460,12437,16893,25177,57759,44547,42697,37547,15415,45106,25961,48784,48422,12932,45733,61536,46751,43124,43947,57627,44096,13008,47132,13985,23876,59010,32453,42388,46206,47149,32033,53087,30003,15889,46571,49733,51464,13387,48671,42969,50618,48109,52870,62044,49754,51417,10798,55514,41019,42271,13537,50711,49043,59653,39841,34143,42015,51792,56376,48157,48328,43767,44105,13095,50506,39811,45815,53999,48739,53269,27044,15329,14151,48156,47541,9530,52638
"COG0666",4610,3009,1760,4059,7899,2607,2941,3532,7164,7500,1786,2416,5529,7344,6136,6886,4019,3777,2131,1787,5664,1554,7383,2417,1363,2750,6422,8955,1394,1897,5815,2315,3618,5538,6621,9095,2593,3746,9307,3845,4560,4604,8405,6723,3406,2149,1949,1987,10505,6672,8266,1457,2140,5991,2550,5570,3149,2687,4619,1509,2592,2972,1967,2162,5023,4454,6844,5559,6234,1565,8644,6270,11226,1853,3571,4468,16051,5062,5659,3749,2310,6791,7492,2585,1237,2210,1239,5414,4098,4375,4588,7198,2539,614,936,2609,1385,6362,3397,4455
"COG0667",12408,12455,11535,12322,12405,16544,12880,7394,15382,12344,13281,13326,19384,16249,13059,13353,13186,12603,4139,14217,13924,14351,13048,13554,7305,4660,11007,16877,13920,15023,19002,5598,14096,13341,14216,17881,3580,12004,15550,13085,12185,13691,16617,13618,4370,16444,3982,7110,17948,10288,11641,11546,15582,16646,15650,10413,5737,12600,13904,13282,4631,14274,11810,12445,13066,14340,12718,14094,12681,4352,18583,13203,13450,3743,12522,12948,17830,14171,11312,12235,15406,13997,16043,11373,11507,14681,13089,21243,11262,18322,14754,12641,12762,7619,7894,4033,12685,20119,8360,13418
"COG0668",10048,10214,10088,8750,17007,10107,9087,14781,10895,8294,10647,10010,10390,10460,10487,10351,9920,10182,7991,11393,11231,10251,12463,9118,18324,7265,12516,11283,10388,10040,12490,14974,9459,16097,10907,11406,14805,10233,10390,10076,11237,11219,10507,9825,17712,11408,3778,12404,9889,18174,10798,11760,10045,11813,12262,11050,10935,10483,10462,11104,8712,9118,10011,9913,10176,10583,7505,10567,11376,9155,11613,13994,10918,5022,8524,9516,9842,10895,16130,11481,10626,11491,14266,9100,10844,11204,17804,11161,8769,11005,10526,9747,9710,22490,14943,8059,10325,12358,21381,10023
"COG0669",3130,3327,3398,2936,2059,3759,3047,1221,2833,2752,3887,3720,2551,3067,2563,3005,3174,3535,1295,3751,3279,3532,2350,3198,1328,1437,2862,2416,3467,3715,2783,1415,3243,1947,2868,2103,1561,2680,2397,3290,2990,3183,2188,3606,2100,3431,1075,1289,2543,2092,3254,2268,3619,3109,2063,3095,1915,3412,3189,4476,1257,3483,3614,3488,3311,3429,2889,3406,2989,1036,2327,2404,3153,917,2811,3678,2419,3417,2036,3044,3412,2204,2202,3397,3873,3418,1565,2648,2763,2810,3348,2516,3188,1607,1307,1105,3728,2489,1614,3286
"COG0670",4112,3936,4243,2962,1948,4133,4477,2138,3533,3070,5152,4681,2667,3722,3147,3084,4150,4607,1365,3796,3415,4192,2775,4407,2074,2048,2752,2299,4187,4122,2617,1416,4105,1515,3644,2114,1413,3377,2596,4268,3855,3452,1991,4213,2212,3497,1151,1662,2086,1888,3661,3404,4103,2782,2184,3669,1329,4451,3518,4859,1417,4063,3896,3983,4103,3556,3401,3785,3752,1591,2240,2150,3832,1054,3873,4453,1995,4117,2145,3626,5049,2371,2082,2205,3827,3360,1827,2808,1817,3047,3670,2188,3810,2571,1961,1344,4549,2295,1435,4194
"COG0671",1929,2665,2678,2513,2551,2116,1345,4285,2264,1959,2253,1664,1989,1946,2539,2100,1368,1525,20382,2405,1917,2962,2090,2401,7593,15552,1932,2436,2335,1971,2565,4828,2181,4213,2202,2578,7467,3761,2088,1787,2503,2008,2745,1796,3342,2440,12826,4130,1821,2330,2388,2579,2024,1976,3872,1587,3931,1811,2032,1996,9322,2523,2328,2161,2029,2080,2320,1667,1838,9286,2661,1874,2097,11695,3059,1849,1760,1720,2798,1793,2322,2778,3158,2705,2790,2405,5379,2167,2922,2250,2023,2600,2900,1421,4816,18761,1876,2479,2546,1622
"COG0672",87,116,113,356,740,130,132,543,359,393,248,177,252,369,345,409,205,76,280,341,216,426,553,157,1352,187,562,554,419,58,984,665,225,930,435,621,232,268,520,119,178,240,565,132,887,589,115,117,527,355,256,644,210,1071,1426,539,800,421,560,587,1075,286,644,153,522,735,451,840,1072,1392,1580,5188,695,1143,326,352,1317,475,1097,458,1288,1756,1665,1378,176,1091,3368,3211,1443,1981,755,1183,198,2676,1873,925,538,1750,5406,315
"COG0673",10811,10936,10419,9436,7716,12182,9912,8612,11839,12477,10274,11105,15256,12619,11155,10323,10451,10177,4157,10505,9872,11857,10355,10789,3224,4136,8908,12719,11928,11406,12078,2962,9398,7214,10269,11536,2967,8805,12448,11619,10173,10130,12027,9500,2539,11595,4759,5079,14491,7876,31497,28970,34563,39794,27800,30362,22991,32581,35033,30472,10385,33856,31881,37171,32674,32815,25635,33199,26641,10762,37222,26760,26888,8462,34623,28470,46868,34043,22086,32453,32103,31641,32842,30256,30835,30874,16353,44357,35102,40121,32805,36360,33778,6563,10951,11286,32633,40752,14281,30361
"COG0674",3356,2293,3218,2530,5669,1531,2837,2426,6534,22960,2757,2544,8950,5744,11387,6820,5270,2560,962,5186,4944,2735,10430,3873,2523,972,3481,9473,1822,1505,8169,1953,4201,8788,6093,9844,673,5868,13202,3430,3924,5231,11325,1962,1343,7008,1534,970,10215,4540,3661,3647,1831,6595,10602,3009,10943,3447,4299,2979,1240,1760,3780,2347,3907,4815,806,5382,6158,844,10407,5038,3520,1167,3584,1619,9423,4190,5356,3497,1326,11780,8579,2585,4333,6185,2313,9349,21721,7386,4984,21298,2778,578,974,923,2700,10669,890,3576
"COG0675",54,86,207,416,1492,40,88,474,24,334,45,52,203,244,194,129,49,445,2728,48,221,21,2185,38,657,3261,574,375,152,45,1479,1683,83,1834,18,349,2737,112,192,54,28,654,390,293,1738,28,1532,1757,203,503,565,382,80,169,258,215,2826,23,21,31,2534,122,226,40,19,19,112,113,65,414,548,1835,237,3871,78,290,150,91,1310,418,247,238,1587,431,15,212,256,388,941,193,33,374,16,1717,322,1116,43,146,1737,71
"COG0676",137,106,62,220,947,10,42,236,120,41,17,11,132,120,76,117,164,28,608,114,193,10,372,54,196,459,476,220,32,24,322,1415,40,499,264,294,1196,243,72,48,286,350,111,143,1394,15,121,148,115,1211,54,522,5,244,191,261,497,43,144,37,644,119,48,29,190,243,294,79,189,398,118,770,483,456,171,86,93,63,1464,196,34,177,340,68,12,122,82,179,89,80,227,190,37,510,84,593,32,61,2023,32
"COG0677",4770,4296,3927,2910,3467,4673,4006,2204,4711,5791,5146,4040,4654,4731,4750,4572,4107,4667,2111,5524,4067,4068,4262,3890,3361,1733,4219,4349,4321,5255,6078,1646,3218,4963,4810,4665,1550,4326,4559,4149,4070,4874,4760,3735,2119,5851,1786,2014,3694,2283,1633,866,1465,1506,2004,1530,1382,1464,1275,1781,665,1238,1254,1360,1428,1349,1501,1567,1399,557,1668,827,1180,640,982,1421,1219,1372,986,1463,997,1636,1699,1087,2093,2039,1135,2080,2127,2058,1346,1986,1434,1398,771,742,1513,1751,308,1642
"COG0678",2151,3609,5023,2759,2039,2998,2833,3648,2798,2105,3690,2572,1850,2334,1854,2171,3269,2559,6318,2667,1811,3271,1467,4850,2669,4087,1395,1468,3117,2465,1456,3052,3160,1444,2266,1389,3352,4298,1305,3437,3099,2118,1202,3025,2454,2587,11182,5095,1239,2486,2113,4235,2897,1757,1355,1042,2671,3281,2804,3282,3238,4147,3838,3286,2806,3108,2559,2734,2544,9379,1315,2213,2253,3029,4383,2988,1217,1988,1965,2342,3646,1275,1401,1896,2602,2192,2199,1605,1122,1970,2973,1595,4036,2499,2117,8656,3880,1248,3429,2218
"COG0679",3557,4571,4201,3852,3045,4843,4208,4017,3623,3345,4992,4629,3127,3933,3779,3141,4511,4745,2580,4459,3405,4341,4130,4088,3119,2207,3768,2547,4370,4861,2635,4343,3366,2266,3642,2697,3442,3310,3358,4249,4061,4039,2418,4518,3815,3887,1290,5750,2130,3466,3808,3197,4767,3313,2650,3934,1956,4513,3981,4439,2253,3871,3965,4331,4297,3884,4321,3800,3376,1546,2481,3247,3621,2112,3802,5248,1861,4289,3422,4342,5241,3194,2524,3152,3341,3342,2938,2882,2182,3162,3847,2576,3935,6641,3120,2184,4724,2284,3620,4126
"COG0680",21,43,6,0,382,29,0,412,5,69,3,9,3,7,31,22,0,34,101,10,9,0,122,13,204,109,238,120,10,5,127,333,4,146,1,55,435,13,37,7,84,70,30,56,313,1,26,317,5,730,34,167,7,71,94,125,542,2,3,13,129,4,18,3,5,0,6,38,29,181,40,487,35,40,2,53,7,14,410,52,0,100,68,5,2,47,242,118,427,13,1,170,10,407,333,84,1,10,1264,5
"COG0681",6732,6949,6620,6172,4702,7484,6625,3230,6443,4683,6785,6981,5860,6424,5932,6589,6443,7021,3515,6733,6981,7067,5109,5979,3374,4880,6297,5149,7082,7734,5864,3274,6643,6333,6429,5160,3501,6171,5529,6717,6349,6127,5328,6607,4291,6710,2816,2478,5330,4188,7342,5031,7458,6246,6055,7649,3770,6755,6938,6929,3056,6877,7014,7053,6953,6627,5892,6275,6157,2587,5194,4440,6673,8645,5982,7157,5680,6883,4039,6875,6098,5665,5331,6939,7008,6586,4865,5974,4939,6284,6697,4766,6928,3011,2889,3039,6934,5895,3433,6903
"COG0682",5761,5897,6165,5420,3651,6534,6023,2443,5120,4803,6827,6797,4697,5400,4823,5062,5804,6712,1910,6129,5433,5969,4218,5847,2780,2307,4852,4308,6286,6910,4570,2248,5523,4405,5245,4011,2029,5258,4429,6194,5233,5338,3852,6422,2463,5896,1910,2346,4386,3230,6255,3532,6659,5192,3582,5658,3452,6290,5452,6924,1790,6304,6515,6317,5830,5813,5317,6088,4902,2014,4248,4003,5402,1319,5293,6511,4409,6332,3328,5658,6098,4163,3883,5645,6563,6080,3304,4443,4196,4947,5617,4236,6245,3164,2740,1521,6676,4632,2269,5955
"COG0683",11618,11092,12265,10817,12385,13851,15071,9337,13209,19837,15229,14387,13715,12483,15781,12030,14887,14013,5811,11665,11370,13679,16990,13373,9974,6094,8800,16703,12237,13029,10869,9702,12991,11313,12546,16614,6793,11243,17421,13510,12317,11077,16508,14211,8000,12825,5465,14916,16711,12343,10044,15538,14887,11499,12901,7728,8809,13493,12260,14339,5031,12213,12447,10739,12869,10823,9990,13142,13557,4451,16732,11591,11044,4772,12871,13661,15171,13792,13975,11186,15359,15199,14426,7844,13657,11988,10680,12300,18984,12248,11842,17878,10458,26982,11225,4690,14242,14313,5581,13351
"COG0684",2026,2093,1411,1718,2544,2267,1796,1590,1793,2114,1284,1536,3535,2040,1655,1302,1879,1476,1105,1321,1480,1619,1760,1581,1414,896,2092,2650,1986,1974,3167,2260,2043,1032,1670,2414,2142,1386,1792,1382,1613,2275,1652,1817,1887,2038,753,1842,3253,3072,1623,2084,2078,2599,1559,1560,990,1408,1636,1143,1022,1783,1648,1867,1491,1825,1788,1723,1271,1209,2258,3431,1486,530,1781,1515,2481,1858,2582,1997,2250,1615,1867,1688,1569,2461,1544,2742,1728,3054,1834,2174,1760,1814,1219,909,1586,2482,4129,1634
"COG0685",4943,4672,4392,4925,4175,4682,5362,2496,4691,9805,4813,4756,4945,4838,6742,4393,4372,5027,1463,4946,5278,4839,6851,4535,2636,1825,4336,6112,4330,5055,5346,1930,5327,3820,4574,5583,1671,4099,7241,4612,4579,5254,6105,4991,2632,4537,1148,2675,6650,3921,4541,4382,4909,4834,4666,5166,3788,4448,4765,4410,1522,5006,4118,5023,4871,5131,4956,5123,4469,1451,6133,4879,5300,1489,4592,5160,6538,5112,4304,4423,4999,6535,5318,4903,3642,5006,2991,6134,8050,4595,5224,8292,4846,3895,2615,1369,4555,6093,2434,5433
"COG0686",5925,6058,5142,5914,3604,5597,3871,3257,5106,4689,6692,4752,3505,4219,4464,4644,4952,4940,2189,5825,3688,5444,4014,5204,3288,2561,2637,3753,5377,4945,3813,2193,4129,3811,5195,3527,2447,4529,3743,4724,5069,4712,3759,4280,2593,5668,1503,2822,3790,3552,1672,1799,1766,947,1232,1103,795,1554,1872,2018,729,1777,1742,1921,1779,1709,1719,1840,1785,592,1195,1284,1293,570,1529,1662,1516,1552,1212,1452,1789,1198,1220,2006,2446,1822,1400,1459,1264,1613,1759,1229,2035,872,1295,591,1633,1257,933,1925
"COG0687",5909,6984,5770,6477,6393,6830,6212,5683,6642,7722,7313,5911,5366,5977,8131,5389,6599,5905,4852,5626,5065,6233,9699,6583,3694,3328,3558,9337,5823,5776,4788,6101,5651,4288,6644,8115,4121,5724,9236,6063,5928,5214,8739,6447,3839,5991,1801,10043,8892,6651,5230,6876,7050,4303,7113,3364,2780,5791,6693,6552,3063,6838,4978,6581,6386,6447,7541,6410,6842,2263,8172,5788,5095,4663,6527,6829,8530,4888,5443,6147,7251,8532,7907,5336,5371,5555,4616,5696,4975,6122,6867,7087,6502,5571,4091,4515,6307,6196,2887,6245
"COG0688",2918,3399,3321,4065,2920,3499,2465,1851,3778,3832,4092,3130,2763,3500,3923,3703,3331,3070,1770,4372,3132,3446,3798,3971,2729,1441,2321,3431,3532,3292,3045,2141,2892,2965,3970,2879,2059,3151,3835,3249,3597,3627,3193,3096,2031,3889,1439,1264,3381,2890,3299,2874,3486,3025,2839,2050,2426,3349,3474,4004,1612,3693,3394,3136,3679,4330,3379,3874,3638,1636,3167,2754,2905,1179,2491,3245,3399,3506,2816,3277,3897,3710,3178,4399,4129,3650,2176,3627,3508,2976,4143,3507,3520,2650,2089,1510,3246,3425,2375,3590
"COG0689",3347,2750,3117,2564,2900,2212,2314,1771,3340,2107,2168,2144,3808,2877,3163,3283,3607,2212,1216,2456,2950,2186,2862,3057,2021,1482,2343,3601,2706,2080,3458,2266,2175,4482,3396,3743,1789,3359,3275,2412,2601,2631,3776,2030,2765,2981,1283,1392,3165,2427,2946,2963,2164,2927,4766,2558,2937,2428,3079,1980,1171,2673,3096,3373,2579,2894,2538,2386,3193,1114,3680,2689,2482,752,3180,2066,3198,2096,3250,3165,2889,3538,3520,2241,2682,2600,2335,3220,2273,3720,2946,2506,2900,2157,1932,1123,2439,3818,2655,2377
"COG0690",828,732,563,648,636,825,956,414,378,167,567,835,366,458,403,421,429,804,448,382,771,662,407,578,523,443,1060,346,671,840,481,846,696,364,386,347,865,427,271,603,612,579,331,766,1068,309,180,215,279,764,778,778,767,549,333,1254,346,528,587,614,425,846,687,705,601,480,610,508,409,410,227,752,750,279,585,763,327,718,561,627,637,334,371,767,337,455,272,333,250,431,468,224,691,588,283,366,639,291,1171,539
"COG0691",3245,3289,3190,3235,1960,3911,2952,1298,2988,2978,3656,3427,2590,3159,2780,2975,3050,3282,1505,3629,3171,3644,2507,3242,1345,1341,2604,2365,3620,3789,2505,1123,3228,1924,2942,2184,1243,2778,2464,3346,3229,3224,2267,3267,1661,3227,962,1254,2604,1913,3323,2449,3719,2921,2135,2946,1562,3295,3161,3946,1155,3429,3426,3407,3290,3526,2829,3433,2925,1067,2290,2107,3280,796,2879,3483,2404,3361,2139,3129,3364,2429,2166,3466,3685,3393,1670,2552,2618,2785,3373,2527,3339,1889,1335,965,3357,2370,1259,3339
"COG0692",1633,1974,1347,2822,1364,2516,1179,823,1172,408,1516,1590,880,1159,1236,1454,1196,1450,2763,1326,1233,1880,1308,1593,1919,1327,1357,685,2239,2119,952,1579,1293,1578,1350,705,1512,1060,626,1167,1413,1293,630,1806,1884,1425,993,629,541,1379,2033,1343,2166,1082,722,1537,722,1355,1750,1660,895,2011,1666,2043,1341,1891,2406,1314,1397,1292,581,1193,1339,693,1271,1484,767,1354,1257,1800,1654,994,893,3556,1949,1784,2134,698,217,1283,1871,436,2160,1835,971,2118,1362,566,1776,1183
"COG0693",501,539,718,2643,3842,577,532,3494,606,867,621,518,625,729,1016,498,645,372,1932,411,564,632,2164,940,3932,1559,1922,1387,889,462,1923,4196,582,2437,513,1816,3534,605,1000,689,872,1392,1207,842,4203,423,991,3152,1319,4169,421,1555,532,1327,1038,1108,2397,605,465,589,2535,1065,1153,558,463,551,1341,673,467,2130,1428,3277,681,1528,787,581,1244,660,3644,1011,1031,1495,2504,2879,438,640,3280,1352,1516,805,579,1275,451,5013,3400,2140,580,1024,5524,336
"COG0694",4082,4878,3811,4029,3010,4735,3793,3585,4070,2684,4888,4433,3019,3738,3665,6598,3865,4475,3612,4256,3852,4602,2991,3770,2972,7141,3016,3475,4887,4490,3905,4365,4086,3043,4165,3260,7252,5111,3059,4464,4425,4123,3323,4332,2249,3993,1746,2535,3631,2725,4663,3651,4619,2983,3237,3268,2212,4418,4650,4239,12773,4687,4128,4553,4566,4349,4814,4843,5098,3368,3419,3040,3947,5825,3273,4467,4525,4490,2999,4053,4431,3031,3138,4643,4974,4369,2592,3244,2033,3797,4167,2153,4758,3184,4110,6599,4407,3071,2397,4645
"COG0695",2226,2195,3740,2237,3933,1627,3009,5148,2033,1235,2505,2650,2100,2114,1850,2502,2539,2378,5864,2687,2161,2738,2265,2707,4366,3706,3557,1805,2398,1907,2786,4657,3072,3230,2009,1970,4947,3200,1469,2935,2828,3125,1305,2739,5756,2442,8434,5753,1731,4099,2001,4115,2035,2969,1737,2566,5067,2826,1962,3002,3924,2175,2986,2005,2151,2272,2895,2635,2555,7222,1743,3777,2305,2487,4322,2664,1571,2621,4406,2511,2383,1749,2185,2308,2287,3045,3236,2012,1422,1953,2183,1619,2267,5179,3749,5414,3238,1924,6355,2295
"COG0696",4503,4355,3511,5376,2882,3705,5358,2023,2579,2833,1907,4831,2467,3144,3632,3228,3331,4595,1427,1971,4558,3638,3480,2980,1495,1694,5787,2655,4405,4628,1739,1990,4628,3493,2481,2420,1177,2757,3095,3870,3389,2804,2845,4430,1392,1375,899,2373,2955,1816,4731,3835,3637,3244,2216,8095,2646,3837,3959,1929,1448,4399,3895,4806,3774,2734,6493,2560,2719,1239,2291,3791,4620,1106,4259,4867,4385,4432,2420,4416,3864,3059,2502,6596,2638,1833,1088,1714,3395,2401,2685,2831,4226,3298,1069,1768,3489,1818,2767,3561
"COG0697",47000,53449,49341,45456,27775,58579,44643,18043,48548,38208,61108,50752,42668,47445,41745,41291,52530,50207,16635,55892,42668,50865,36704,53327,17169,19134,28556,37335,51311,52382,34706,17335,44537,21872,49501,31797,19018,45365,37644,49545,45927,46226,32584,49932,16783,50610,14295,30440,35796,27722,45499,36978,59723,35972,32912,30195,19703,50750,49360,51309,15480,51828,45261,51143,50852,55475,51451,50311,47048,10968,35158,31126,44123,11927,46047,53568,30815,45482,24476,45683,59023,34459,31921,36979,51700,48123,15219,37966,27064,44587,54182,31012,51373,25024,18110,14639,54862,32235,20920,50330
"COG0698",631,720,816,608,411,711,525,449,711,695,845,671,663,644,603,666,754,672,673,841,503,759,480,823,552,403,359,551,785,755,645,375,554,471,696,472,430,708,520,831,711,798,488,627,491,851,1656,596,529,548,1987,1631,2142,1972,1535,1280,2343,2516,2065,2813,2099,2328,2376,2283,2055,2248,1441,2420,2147,1663,1717,1212,1448,1494,2286,1826,1457,2144,1215,1718,2181,1457,1374,2006,2937,2402,2513,2068,3104,2134,2060,2239,2311,429,1433,1278,2219,1761,880,2162
"COG0699",358,250,120,710,267,37,116,29,346,567,60,41,238,391,185,352,388,150,517,103,348,23,147,123,251,334,238,79,54,55,265,767,55,127,631,350,319,552,51,166,322,163,150,402,383,138,126,14,45,400,317,118,44,212,158,467,271,139,374,142,273,200,101,212,402,460,297,90,430,234,179,167,1144,588,417,296,83,158,219,163,52,74,102,543,71,79,84,113,748,201,441,578,142,434,41,542,59,115,261,107
"COG0700",185,144,95,154,763,114,145,840,144,325,117,173,256,182,226,163,106,176,606,138,170,66,232,153,564,228,748,273,168,166,355,893,84,453,139,425,398,201,289,101,109,167,333,191,519,185,41,266,422,307,208,136,132,316,386,267,334,104,83,218,478,147,80,141,111,91,183,164,120,378,282,1097,129,601,104,89,328,138,410,252,29,207,309,206,153,222,275,416,359,196,94,275,187,1789,514,590,103,247,1494,104
"COG0701",937,435,718,520,2404,145,463,2108,422,1541,215,240,812,524,1042,567,720,402,963,395,561,394,1554,637,1247,1234,1800,1061,592,228,1148,3026,666,2387,468,1120,2944,488,1002,415,611,986,927,482,3910,565,250,3386,988,2848,554,1146,132,1305,650,1667,2930,456,427,409,1523,451,800,533,380,271,611,740,550,1159,998,1708,672,348,649,264,748,771,2449,766,772,1346,1682,532,239,1110,1769,720,1997,712,284,1964,437,2545,1221,954,275,836,3772,351
"COG0702",10998,9608,9448,9297,7038,9266,10895,6379,10027,7432,9646,10122,9123,11373,8002,9998,9383,10451,3319,11104,11958,9787,6805,8555,7986,5136,12278,7223,9171,10029,9316,4653,12299,9538,10211,7834,3908,8796,7013,9865,9430,9914,7166,11636,5408,10247,2639,8132,6954,6601,10774,7008,9650,10771,8399,12523,5549,10077,10194,9918,3231,9334,8830,9427,10646,10010,9908,8994,8442,4003,8338,6356,13817,2688,9372,11160,8483,11569,6595,10241,9203,7431,8282,8787,8706,8875,10213,8400,9251,9600,9712,7766,9005,8295,6815,3124,9558,11468,5111,11721
"COG0703",4145,4161,4159,4191,2118,4753,4059,2216,3785,3210,4770,4363,3525,4004,3256,3652,3851,4366,1294,4650,4185,4338,2582,4272,1556,1593,3365,2691,4608,5007,3528,1588,3997,1584,3830,2389,1695,3655,2706,4424,3924,4055,2373,4496,1896,4143,1257,1945,2716,2215,4175,2681,4666,3893,2243,4021,2543,4355,4093,4598,1601,4630,4429,4292,4220,4514,3934,4192,3614,1129,2404,2598,4113,989,3888,4670,2609,4340,1993,3759,4646,2582,2325,4688,4678,4337,1627,3210,2942,3496,4365,2684,4246,1701,1312,1153,4603,2909,1906,4332
"COG0704",948,713,1158,1652,3094,1226,3195,1971,6145,890,4263,4154,5446,4605,2956,2337,4073,793,1007,2546,2289,3957,3216,1077,1881,796,1548,4113,3611,1011,4221,2513,4056,7307,6175,5484,1490,1883,3847,2415,4576,1463,5455,2871,1785,5957,1326,1612,2469,2268,1112,4055,1435,3824,9155,961,2173,2966,4124,3761,1155,730,1777,841,4746,2249,612,1938,1666,987,5602,1762,1926,929,1422,3250,2879,1249,4034,1850,4230,5781,5128,1266,638,1008,2003,4066,1883,3296,2316,2204,609,2300,1755,1028,2991,7194,2187,912
"COG0705",3780,4248,2970,5127,4920,3464,2249,2769,4300,5174,2635,2867,4739,4002,4575,4905,3408,2918,1962,4036,5060,3468,4674,3261,1941,2145,5061,5065,4069,3312,5057,3349,3510,5167,4413,4798,3495,3960,4944,2857,4055,4565,4960,2899,4576,4086,1426,2158,5220,5358,4450,3682,2996,4646,4692,4909,6221,2947,4458,2554,2487,4315,4041,4009,4026,4203,5591,4050,4361,1807,5182,5229,4132,1453,2879,2825,4581,4341,6124,4748,2827,4800,5616,7065,4402,4292,2508,5000,6212,4617,4180,5763,4190,3164,2332,2875,2587,5766,6086,3997
"COG0706",4052,4306,3828,3706,2212,4644,3741,1671,3897,3696,4640,4245,3175,3616,3694,3479,3992,4028,1432,4235,3453,4507,3284,4032,1744,1524,2989,2698,4489,4483,2951,1573,3458,2179,3912,2302,1652,3595,3084,3917,3835,3871,2377,3776,2139,4011,1186,1505,2765,2256,12188,10476,13810,9193,7563,10114,6640,12298,12292,13844,3972,12356,12279,12654,12320,12734,11512,12421,11778,3709,7626,7978,10597,2824,10226,11998,7512,12009,6556,11283,12939,9103,7445,11133,14216,13089,5571,9820,10098,10812,12735,9791,13605,6326,4617,3746,11867,8991,5883,12691
"COG0707",6674,7406,7131,6490,3862,8205,6574,2524,6078,6169,8222,7438,5001,6359,6054,6312,6708,7384,2161,7834,6589,7636,4871,7170,3130,2553,5967,4991,7624,8191,4930,2199,6662,4251,6562,4184,2289,6232,5267,7660,6408,5817,4716,7027,2541,6888,2313,1950,4979,3606,7631,3796,7954,5239,4321,6593,3169,7614,6656,8473,2123,7421,7499,7490,7026,7490,6394,7125,6076,2270,4623,4518,6902,1516,6456,7503,5004,7416,3825,6510,7696,4941,4392,7558,8323,7342,3510,4784,5412,5549,7079,5170,7524,3503,2703,1819,7954,4679,2676,7500
"COG0708",6188,6481,6237,6188,4002,6970,6187,3549,6202,4481,6477,6599,5450,5879,5357,6172,6429,6227,2567,6624,6309,6293,4792,6301,4333,2729,5616,4599,6621,6904,4847,3683,5861,3578,6455,4596,2815,6230,5016,6123,6169,5891,4493,6522,6126,6043,2272,3084,4912,3644,6419,4807,6745,5390,3885,6117,3275,6255,6620,6755,2526,6495,6161,6455,6626,6780,6683,6444,5946,3364,4605,4362,6375,2011,5595,6575,5458,6343,4156,6570,6809,4442,4415,6262,6285,6359,5229,4408,3455,5349,6765,3857,6354,4338,5001,2150,6300,5216,2358,6200
"COG0709",3597,2573,4214,2113,1865,2596,7792,1941,2544,2653,3017,6288,3644,3770,2516,3056,3488,5895,1174,2190,4513,3737,2481,2399,1309,1516,4508,2625,2815,4093,2133,1225,5634,1245,2025,2514,707,3012,2765,5695,3079,2716,2673,5100,786,2490,940,918,3414,1843,3205,2839,3097,4743,1976,5287,1484,5277,2693,3237,683,3079,4390,3682,3349,1665,2075,2575,2903,1126,2392,2398,4669,731,5346,5514,3231,3531,1848,2913,3209,2372,2070,1953,2827,2382,730,2200,3034,2770,1679,2750,2775,5104,1540,774,5442,2483,336,3296
"COG0710",380,221,387,244,926,33,266,922,960,920,77,239,1032,715,1352,787,720,212,99,492,861,41,1330,294,2,99,393,1622,54,92,1391,264,241,2195,951,1908,29,898,1801,283,506,401,2095,333,56,533,175,618,1268,466,513,416,100,541,2882,307,204,373,602,128,99,195,229,274,461,667,234,263,879,68,2042,432,602,110,390,186,1379,242,1108,713,56,2219,1759,149,177,223,0,1189,1112,1119,619,1110,216,11,6,85,169,1687,146,227
"COG0711",5758,5760,5783,4989,2437,6476,6539,2050,4990,3813,7364,6695,4290,5330,4238,4795,5707,6856,1577,6658,5661,6203,3395,5872,1828,2216,3651,3136,5402,6920,3708,1475,5236,1700,5697,2501,1825,5384,3509,6681,5636,5357,2735,7395,1894,5680,1604,1348,3181,2133,5941,4133,6774,4828,3191,5648,2531,7007,5843,7500,1544,5971,5664,5453,6264,6282,6855,5659,5295,1561,2883,3251,6586,1155,5713,7053,2650,6036,2169,5069,5885,3405,2783,4620,5940,5415,1937,3795,3132,4242,5855,3064,5675,1775,1915,1396,6880,3643,1697,5838
"COG0712",4095,4333,4183,4080,2587,4652,4014,1690,3861,3541,5196,4431,3282,4140,3693,3911,3921,4319,1346,5057,4122,4632,3211,4326,1644,1636,2932,3024,4333,4704,3313,1614,3931,2074,4130,2570,1584,3677,3269,4223,4155,3932,2733,5050,1884,4463,1239,1531,3261,2342,4451,3040,4567,3760,2695,3911,1994,4383,4382,4303,1321,4311,4211,4261,4485,4778,4999,4428,4205,1173,2971,2796,4533,988,3794,5013,2904,4391,2249,3827,4553,3018,2717,4181,4542,4227,1850,3182,2978,3282,4567,2935,4318,1834,1599,1163,4474,3348,1937,4220
"COG0713",1759,1569,1874,1342,1297,1482,1752,499,1823,1780,2152,1848,1805,1929,1910,1843,1974,1914,467,1962,1693,1515,1662,1680,558,720,1360,2080,1377,1667,1717,386,1901,1829,1870,1924,378,2071,2096,2075,1709,1709,2179,1617,397,2225,623,555,2000,1018,1686,1410,1751,1725,2563,1358,733,1888,1662,2340,468,1399,1716,1707,1872,1902,1283,1953,2001,353,2242,1194,1776,352,1789,1837,1664,1977,1155,1501,1644,2056,1955,1119,2066,1692,451,1591,2076,1748,1781,1794,1527,906,594,341,2007,1926,225,1900
"COG0714",14404,16260,24072,16532,13871,12344,16688,38924,15526,13740,16315,13305,16816,14681,15576,22656,17324,17295,101681,13214,11737,15309,12849,22023,42777,80739,11612,14703,13345,11987,14762,51988,17368,16585,13873,15100,50071,30204,14361,21519,17403,14900,14218,15981,33579,15368,140721,44784,15907,11812,14550,25681,12150,13861,14472,10678,63409,20362,14434,13971,94958,18075,21105,16392,15224,14159,13438,19442,20892,92849,14303,13010,12000,134825,31881,14419,16269,14905,11503,13949,13051,13522,13198,16545,14958,15255,33655,16789,14631,16250,14221,13609,18024,14559,42094,98510,19550,15617,10734,14930
"COG0715",2194,1949,1793,2123,6871,4502,5110,8845,2945,3024,1329,4674,5358,3769,3167,2285,2582,2987,5610,1837,3021,2724,4048,1814,7106,2627,4929,4626,3411,5076,5036,9615,3328,5123,2060,7732,5392,2173,4045,3223,2571,3255,5592,5260,10005,2391,3557,9793,5152,6231,1725,2931,4769,5537,5957,3466,3031,2722,2090,2070,5227,3082,2297,2092,2201,1742,2754,2630,2385,4298,5398,4923,2892,7293,2746,3043,3740,3248,6088,3024,3681,4176,5837,1878,1443,2766,9750,4667,2955,4334,1796,3740,1572,14099,8124,4825,3067,4802,4855,1770
"COG0716",2035,1218,1530,511,1883,563,1846,274,799,178,568,1491,530,1186,547,1183,969,1540,3037,996,1808,712,721,844,647,2418,2812,538,431,1070,1570,2277,1450,921,755,326,3020,1002,161,1128,1168,1614,170,1606,2580,960,407,247,197,2321,1550,1619,869,1634,540,3369,1333,1072,1008,737,1638,812,1130,1182,1068,664,1274,911,1135,1492,222,2082,2217,717,1370,1456,297,1601,2259,1437,339,424,666,452,854,1305,241,1084,290,1386,706,419,1087,284,146,1910,1112,339,4432,1341
"COG0717",4275,3931,4738,3595,2238,4970,4205,3040,3881,2786,4793,4342,3558,3896,3053,3336,4169,4429,3724,4105,3832,4891,2735,4609,3476,3054,2962,2850,4329,4633,3508,1787,3957,1239,3819,2572,2030,3670,2674,4300,4003,4177,2598,3840,1972,4131,17318,3414,2814,2230,3741,4165,4742,3589,2580,3463,2865,4308,4012,4058,1907,4335,4354,4246,4376,3883,3312,4240,3895,3118,2602,2510,3963,2137,4513,4337,2473,4324,2258,3710,4653,2562,2385,3057,4336,4139,3584,3456,2310,3866,3906,2256,3972,2684,4764,3061,4407,2770,1565,4296
"COG0718",1383,1192,1363,1100,1031,1400,1513,683,1258,1635,1828,1536,1235,1440,1219,1351,1355,1392,485,1654,1645,1810,1177,1375,803,710,1242,1231,1606,1505,1430,779,1653,750,1266,1143,745,1300,1260,1545,1539,1567,1006,1636,1078,1449,409,381,1211,1114,1274,1411,1505,1526,943,1489,903,1567,1357,2106,523,1415,1245,1219,1490,1319,1144,1523,1340,450,1217,1056,1759,415,1301,1672,1200,1562,1077,1265,1728,1096,1005,770,1253,1404,627,1356,1435,1299,1314,1474,1267,1034,676,506,1436,1172,882,1657
"COG0719",16998,16867,17834,13037,10673,14667,16386,7062,17895,13176,17764,17263,16574,18051,15420,18650,16710,17816,7609,19268,18372,17173,13069,15697,7089,8492,14141,14651,15584,15155,17024,6748,16147,14162,18841,14160,6313,18062,14808,19186,17101,16294,14880,16280,7253,19632,7448,7114,14689,10296,17818,15038,15290,16733,17296,15553,10712,18732,17397,17972,8502,15165,17232,16944,18032,17503,15602,18321,18762,7385,15702,11253,18648,7484,17120,16984,11736,18933,11321,16676,15403,15131,13773,13384,19131,17686,8556,18061,14376,17927,17559,13256,16779,8557,7144,7418,17299,18562,7300,18373
"COG0720",2458,1854,2169,2028,983,1535,3275,1553,1722,1719,1344,2839,1730,2090,1691,2387,1592,2988,405,1737,3313,2091,1297,1399,567,1368,3027,1601,1796,2751,1828,1123,2680,1498,1599,1430,727,1866,1757,2607,2140,1782,1888,2204,763,1623,501,1344,1988,836,2576,2174,1814,2434,1608,4334,2118,2335,2177,1685,1664,1982,1821,2046,2165,1599,1873,1680,1868,882,1676,1332,3044,1938,2681,2677,1897,2935,874,2197,1358,1626,1558,2755,1483,1613,506,1462,1980,1704,1614,1496,1866,734,843,550,2340,2093,184,2299
"COG0721",1687,1728,1744,1467,806,2052,1487,688,1475,1364,1941,1770,1404,1636,1249,1302,1600,1796,605,1924,1622,1684,1138,1804,728,604,1428,1025,1668,1823,1276,475,1629,792,1534,907,382,1420,1020,1708,1676,1670,929,1676,608,1715,474,496,1041,705,561,390,650,472,305,510,277,597,530,704,145,626,556,606,546,640,402,561,513,171,265,292,597,155,498,658,316,594,220,535,641,358,269,491,634,527,232,455,472,492,552,363,580,303,208,136,602,384,39,573
"COG0722",3293,2889,2718,2960,2364,3118,3944,2140,1961,2015,2250,3502,2484,2462,3068,2483,2279,3199,1660,1894,4084,3002,3337,2654,1084,1720,4150,2581,2746,3346,2460,2619,4228,1351,1719,2164,2142,1750,2912,2902,2737,2216,2625,3203,3318,1947,664,352,2739,2913,2982,3342,3027,3058,2153,4707,1083,2545,2532,2435,1224,3141,3239,3259,2630,2207,2523,2481,2180,1212,1968,2665,4103,1230,3280,3105,3064,3633,2836,2489,2895,3088,2370,2959,1498,2336,460,1886,1159,2113,2304,1626,2823,3510,758,1550,2961,1946,2938,3259
"COG0723",4328,4098,3903,3152,2536,4450,4276,2035,3874,4758,4878,4197,3508,3768,3998,3622,3929,4505,1461,4213,3668,4522,3641,3955,2116,1819,3284,3237,4148,4146,3152,2102,4096,3059,4043,3161,2101,3897,3725,3943,3844,3779,3707,3645,1636,4361,1322,1411,3141,2359,3939,4671,4290,3072,4677,3311,2076,4121,3819,4423,1425,3752,4059,4332,4112,3597,2878,4304,4285,1183,3609,2934,3723,1020,3699,4061,2692,4266,2639,3275,4130,4204,3326,2678,4921,4209,2464,3492,4775,4129,3774,4425,4220,2255,2210,1183,4351,3496,1947,4339
"COG0724",2539,1588,1707,1338,1080,1224,3567,50,1680,1163,800,1910,2168,2308,1071,1927,2130,1543,357,861,3648,1478,764,1162,82,1398,2518,805,1175,1564,1050,631,2539,763,2754,595,909,2072,675,1622,2516,1365,750,2313,752,726,372,122,961,1109,2360,1984,1099,1843,526,3428,1300,1570,1951,818,470,1360,1307,1724,2519,1510,1060,1084,1920,563,723,1367,4806,123,2492,2689,1062,2008,847,2172,1148,674,788,817,434,775,244,812,1160,1082,1717,1075,1375,76,81,648,1307,1030,1701,1680
"COG0725",569,386,426,989,1472,330,437,1433,871,1278,175,375,1453,948,1001,459,387,347,657,347,551,339,1503,492,866,419,1046,1394,558,380,1700,1413,863,619,422,1301,1011,413,1111,468,406,856,1159,654,919,648,269,1565,1551,2059,395,878,323,1472,840,793,511,354,515,179,610,579,436,449,385,747,813,688,431,801,1192,2051,506,486,510,565,1595,562,1285,700,657,1395,1207,1019,415,724,1178,1458,864,1050,683,1060,449,1483,900,512,379,1067,2336,394
"COG0726",6269,7255,7318,7493,9068,7137,5560,5211,7738,9771,8210,6044,8235,8225,9210,6872,7252,5825,3290,8875,6091,6770,9834,8342,3366,3614,5546,11373,7190,6569,8998,5314,6443,9471,8117,11314,6098,6701,9998,6846,6678,8164,10175,6257,5837,8050,3636,5692,10575,9360,6403,6053,6597,7056,10838,5356,5499,6622,6688,6833,4292,7212,6256,6630,6948,8283,8650,8134,7459,3030,11549,8598,6398,2905,6210,7106,9728,6715,8895,6577,7658,10522,9843,7017,6928,8349,3445,10527,8122,8601,7984,8847,7127,5154,2821,3087,6795,8725,7279,8132
"COG0727",501,472,468,629,645,335,845,334,281,869,259,676,224,294,562,260,357,704,764,294,584,371,499,174,61,400,483,543,316,550,279,647,274,438,283,540,382,246,520,471,437,301,556,591,478,181,185,330,494,644,198,113,135,183,134,403,91,182,129,115,148,114,141,168,172,88,272,58,105,103,157,273,168,216,145,225,287,113,157,159,90,130,200,283,32,99,31,117,166,64,80,228,123,35,31,205,179,122,193,53
"COG0728",9271,9828,10068,7249,5131,11713,9524,4202,8706,7431,12408,10519,6642,8877,7378,7731,9711,10543,3013,10678,9089,10534,6413,9894,4196,4027,7136,6026,10295,11250,6305,3639,9408,5393,8670,5271,3273,8545,6349,10553,9307,8571,5788,9476,4272,9325,3082,2995,5574,4550,9341,6474,11279,6900,5846,7985,2553,10549,8884,11921,3041,10140,10609,10504,10197,9683,6906,9452,9084,2783,5737,5882,9444,2029,9134,10877,5458,9944,4943,8562,11210,6232,5342,6950,10430,9073,5379,6690,5098,7417,9329,5763,9849,5192,4132,2524,11283,5936,3603,10303
"COG0729",173,158,105,226,3439,165,120,3636,141,797,155,101,235,337,573,251,83,210,2531,285,270,114,1705,92,5595,1526,2461,1090,283,134,1462,4723,105,2042,90,1869,4425,283,569,139,482,1237,986,358,4264,185,359,2491,970,3961,221,1143,91,1065,1101,1087,1751,65,73,394,2234,97,258,129,73,53,80,381,252,2656,1055,2997,251,1905,103,206,631,344,2671,657,292,1014,1765,260,54,633,4480,730,650,217,55,1236,116,5734,4102,2240,173,713,5911,109
"COG0730",10695,12381,11766,10975,6676,14024,10429,5602,11003,7884,15321,12088,9379,10547,8813,9286,12056,12205,5102,12302,9053,12640,7748,12960,5572,5007,6703,6802,13122,12904,7828,6077,9857,5360,11092,6405,5308,10094,7370,11470,11186,10683,5933,11721,5853,11982,3878,5975,6284,6237,10584,9431,13699,7883,7103,7008,4292,11944,11014,13891,4429,12368,12020,11833,11800,11839,11494,11732,10863,3847,6653,8501,9113,3357,10300,11988,6362,10635,6720,9816,15024,6858,6523,10230,13145,10711,4549,9093,5856,9690,11764,6535,11668,6749,5250,4159,13276,7308,8575,11286
"COG0731",454,360,468,275,811,49,297,206,1183,375,100,212,1336,1016,1175,1323,775,281,117,985,1177,12,1035,357,0,156,446,1500,32,128,1426,332,400,2579,1390,1837,42,983,1506,318,621,449,2178,244,345,1127,201,0,1206,367,653,523,113,834,3166,242,1672,388,861,121,144,150,147,306,645,810,397,331,989,79,2111,334,861,155,429,121,981,357,1075,845,21,1898,1759,136,222,325,0,1599,845,1310,965,817,255,11,5,109,295,2364,184,406
"COG0732",888,639,420,480,3905,667,587,3928,371,528,377,456,339,510,644,781,350,767,2922,423,553,303,1390,345,3168,3014,4681,1053,651,684,2770,4710,323,2019,319,1911,4221,582,472,384,1636,1760,792,915,8496,374,444,4269,547,3408,727,1627,484,1336,1128,2600,2560,288,436,757,4581,524,653,496,311,252,463,592,634,2801,781,5479,579,15529,315,476,190,646,4552,908,301,979,1993,574,727,1489,4599,1804,1160,1255,244,1687,456,3162,2662,2632,474,783,8989,706
"COG0733",5496,4782,4732,3485,4861,4358,6143,4129,3908,4368,3666,5449,4533,3971,4144,5557,4453,5374,2895,4381,5678,3022,4756,3893,5220,2985,7183,3861,3525,5105,4388,5406,4381,4497,4302,3740,5636,4502,4127,4527,4071,5094,4005,4930,5165,3746,1405,2058,4582,6336,5838,4611,4681,4685,3343,7201,5081,4733,3880,4467,2728,3630,5209,4895,3953,3791,3404,4174,4526,3110,3418,5345,4417,1978,4511,4340,3772,5184,5220,5307,3215,3691,4406,3569,5236,4749,3851,3856,5724,4182,4023,4561,4504,4926,2938,2857,4554,4778,6686,5060
"COG0735",7040,7303,7583,6369,3167,7811,7650,2766,6766,4272,8732,7967,5758,6755,4445,6112,7405,7813,2487,8327,6228,7803,3244,7705,2314,3087,5022,3271,7522,7907,5463,2771,6288,2707,6466,3111,2688,6178,3214,7732,6820,6744,2639,7497,2787,7175,2288,3317,3548,3451,6991,5435,8097,6258,3257,6357,2912,7804,6866,9342,2480,7525,7318,7486,7221,7570,6591,7370,6650,2140,3142,3949,6708,1873,6573,8045,2902,7233,2777,6399,8155,2876,3398,6334,7903,6757,2488,5662,4274,6030,7158,3698,7653,3321,2595,2098,8078,4858,2687,7357
"COG0736",1582,1804,2069,1630,1270,2296,1280,780,1874,1604,2469,1635,1574,1728,1753,1450,2003,1648,712,2374,1371,1926,1489,2275,635,774,972,1596,1981,2078,1900,726,1504,1473,1778,1484,860,1634,1574,1865,1632,1851,1703,1552,852,2297,797,717,1383,997,1664,1148,2160,1449,1997,754,848,1866,1720,2669,741,1827,2093,1826,1698,2234,1623,2008,1575,581,1743,1263,1396,612,1598,1590,1276,1650,1371,1442,1899,1925,1472,1575,2243,2240,789,1770,1573,1880,1984,1532,1862,678,587,515,2082,1542,917,1684
"COG0737",2716,3399,2503,5743,4043,1921,2504,2312,2920,4042,1950,2155,2430,2410,4002,3400,2780,2339,1589,2554,2856,3267,3900,2867,4769,999,2867,4302,3186,2089,2890,3368,3117,3850,3080,4262,1488,2733,4820,2305,2553,3047,4782,3213,1982,2722,733,3592,4884,2571,1134,861,624,891,937,1010,1006,770,1075,637,642,870,920,953,910,1055,1682,914,967,628,1570,1450,766,455,810,907,1763,893,1229,1279,1357,1308,1668,2149,909,1342,1135,950,1745,900,1056,1694,1060,2762,944,538,708,1131,1065,941
"COG0738",726,1258,632,2186,3740,763,322,1267,759,539,379,778,327,517,1142,801,396,702,1848,733,825,901,2611,524,2387,1985,2348,1674,1440,959,1375,5404,683,2688,767,856,7529,494,909,538,1158,1746,944,917,5019,379,578,982,794,7280,1177,2823,730,1402,1117,1378,3499,677,923,422,3338,1364,983,1172,734,872,3510,746,805,2574,1003,3435,843,476,427,755,1535,1008,2935,1768,748,1682,3339,3102,1167,871,2833,840,1120,552,842,1169,1413,816,2046,2143,391,656,10331,577
"COG0739",17995,18875,17334,18769,14246,19147,12554,15236,16815,17834,17838,15430,13972,14285,18025,18941,17515,14979,12897,18963,14061,18150,15578,18093,18010,11465,14210,14505,20841,17545,14762,11507,12373,16862,16791,13523,12839,16182,15942,15806,15832,16862,14383,16143,14527,17217,25262,15345,15392,13099,18813,15987,18348,14164,13199,15085,18619,16344,17876,18419,11437,17850,18313,18281,16412,18056,20801,18254,16958,11368,14981,14272,12552,19405,16258,14965,14998,16750,12992,17210,18354,17331,15660,22355,22579,21026,25485,14461,21880,16390,17644,18741,19543,15265,18956,11424,15227,15783,12063,17969
"COG0740",8387,6546,8296,8291,3668,6510,9479,6328,5433,5026,6972,8452,5187,6391,5209,6107,6698,8002,20729,5563,8445,7522,4212,6818,9728,27080,7710,4155,6684,7311,4282,8094,9361,3386,6110,4285,11900,8423,4470,7783,7045,6443,4345,7731,9225,5445,15274,7045,4690,3401,7379,7389,6406,6213,4274,10614,18033,7261,6806,6354,18476,7319,8165,7334,7696,5773,5340,6001,6474,9225,4216,4436,9300,38694,8745,8425,4758,7713,3481,6091,7128,4231,4007,7190,6208,5345,7657,4989,4550,5208,5827,4500,7133,3051,6920,16259,7660,4102,2094,7200
"COG0741",3781,3710,3870,4105,4551,4220,2993,4240,3508,3827,4203,3472,3092,3371,3844,3364,3865,3568,3049,4074,2920,3948,4220,4482,5135,3524,3097,3293,4370,3760,3801,3769,3348,6844,3534,3321,4002,3063,3928,3484,3445,3993,3117,3661,4585,3726,2768,3550,3422,3406,10647,9353,12123,9218,8609,9719,11433,11433,10105,13651,11353,11731,11151,10966,10212,11679,13365,11809,9737,9639,10028,12807,8809,15751,9709,11219,10102,10761,11827,10721,13390,11257,11218,12717,11737,11951,11438,11006,10883,10892,11384,11239,11724,20030,13639,9929,11232,9992,13879,11012
"COG0742",3882,3891,3923,3474,2373,4524,3515,1339,3534,3220,4695,3906,3078,3615,3229,3413,3823,3821,1362,4506,3659,4157,2569,4004,1371,1629,3248,2818,4195,4512,3166,1537,3527,2162,3659,2364,1898,3151,2755,3851,3473,3790,2447,3823,1931,3995,1260,1142,2903,2348,4239,2126,4452,3326,2395,3580,1867,4130,3833,4030,1285,3746,4030,3866,4030,4181,3575,4067,3569,1185,2525,2597,3871,867,3384,4380,2653,3941,2223,3610,4291,2783,2395,4052,4285,4141,1539,2846,2892,3280,4003,2779,3970,1786,1199,1016,4139,2809,1962,3880
"COG0743",6904,6199,6050,5097,4000,7948,6635,3008,5330,6631,7024,7116,5238,6042,5949,6110,5876,6682,2027,7265,6528,6732,5428,5824,3078,2706,5972,5296,6615,7725,5656,2245,6552,2754,5534,4696,2515,5050,5780,6062,5606,5827,4750,6991,3482,6383,1656,2703,5433,3749,6851,3975,7878,6190,4444,7443,3627,6490,5493,8288,1936,6057,5952,6194,6229,6079,4446,6523,5483,2018,4943,4826,6700,1531,5219,7046,4597,7460,4109,5863,7159,5322,4183,4841,7157,7779,3597,5416,6131,5564,5741,6281,6065,3485,2710,1754,6679,5122,2921,7083
"COG0744",5161,4138,5128,3763,6220,2771,6859,6250,3334,3095,3392,5709,3501,3545,3598,3172,5030,6219,3999,3012,4572,3663,4698,3163,10511,3954,5657,4135,3555,4472,5044,7154,3426,5989,3280,4331,5596,4919,3784,5678,4165,4624,3751,5135,8290,2834,1640,4623,4184,6092,1521,1526,1119,1704,1268,2565,846,1841,1202,1326,1364,1116,1962,1769,1300,928,1056,1387,1276,1712,1202,1927,1508,1018,1946,1901,1001,1312,1847,1355,1086,1483,1778,1271,1636,1357,3846,1159,1295,1345,943,1020,1224,3203,2951,1468,1948,1072,2377,1021
"COG0745",16325,15133,17043,16915,28325,17802,19983,21527,15837,13059,20071,21997,14208,16969,12794,12962,17276,17361,16645,16052,16659,20062,16396,15328,20131,15358,24046,12738,20758,17516,17791,31828,19976,25549,16682,13853,31179,14656,10360,17657,21240,18349,11220,19789,32977,16508,7790,17002,10034,33854,16507,22700,17355,19770,11900,22387,16810,18101,16542,20512,17123,15564,18353,15838,19196,14320,16361,16634,13181,16948,11298,23812,18430,11550,15741,20799,11113,17975,28160,17713,21629,12457,16102,17983,15405,16219,22876,13895,12209,12805,14051,13071,14807,31095,20155,15638,18554,13700,43654,15543
"COG0746",1101,1553,2397,2283,1468,749,1306,1343,1977,3532,1599,910,2023,1977,2280,1939,2455,777,579,2217,1643,1150,2272,2785,615,591,969,2286,1377,788,2007,1012,1569,1019,2098,1803,942,2175,2550,1557,1609,1365,2135,1141,1322,1931,644,1144,2410,1796,901,1251,900,1668,1597,1024,1826,1530,1812,976,594,1793,1703,1733,1733,2334,2730,1845,1984,366,2081,1268,1609,621,1988,1497,2162,1135,1497,1477,1681,2363,2011,1645,873,1297,371,2018,3434,1447,2288,3070,1918,1297,675,400,1492,2363,791,1389
"COG0747",13512,13707,11818,14707,15698,13369,16381,13785,14726,15472,10580,14657,22639,15966,14594,13781,16258,13416,3939,10549,13229,12426,15863,12728,9072,5146,12061,20663,11298,14022,17884,10631,14663,11781,12615,21953,6636,11201,18143,13275,12070,14340,18167,14988,6081,13178,3822,25788,24600,16500,12907,12911,14474,19428,12219,14065,5375,12683,14416,10062,4302,13211,13130,14283,12965,12115,16081,12725,14071,4657,21291,15268,12890,4205,16021,14479,21336,14267,13940,14298,13106,14305,16087,14126,9064,12888,15743,20208,15639,16894,12690,17552,12918,23457,11255,4259,13684,20979,8055,13285
"COG0748",1590,1478,767,152,506,683,412,500,613,319,171,283,453,474,874,922,577,1039,362,439,837,262,330,714,344,375,1878,481,494,1077,834,432,601,475,419,539,150,540,450,546,651,1415,416,527,329,332,91,912,521,290,1718,586,761,554,352,1134,281,507,647,165,214,634,557,1575,484,687,582,1059,1140,184,458,465,886,291,506,498,742,1359,1242,1791,499,342,382,87,1597,1642,217,539,222,1520,717,450,1419,244,271,369,459,317,459,1472
"COG0749",23641,24253,33673,31424,12855,21393,35147,233218,20658,19890,29462,25209,25298,21942,18985,25049,23256,25180,226383,23375,19580,28169,15631,38560,256214,299165,17798,15218,23743,23415,17918,162392,36388,11822,20693,14362,165982,28344,16080,27217,22791,22175,14015,32257,107756,26078,255872,378928,16355,11754,21774,34306,22225,20357,14461,20229,153560,28834,21731,31733,310683,26916,29293,24368,23452,22129,21822,24053,20628,419039,14259,15416,21612,332016,36096,26638,16194,22900,11487,20561,27549,15661,13536,29384,25130,23525,217321,18249,15116,19023,21575,15361,30825,24854,419464,312047,32478,15000,12150,21752
"COG0750",9331,9289,8383,7379,7179,8933,7801,4044,9887,9298,9341,8531,9578,9583,10609,10176,8632,8844,4291,10912,9743,8876,9144,8276,3730,3957,7400,10625,8911,8948,9970,3944,8387,12763,10502,10602,3377,8680,11524,8528,9045,8648,11980,8036,5063,11145,3580,3841,9286,5521,9658,7681,8922,8814,15452,7894,8426,8727,9652,9360,3090,8531,8700,8947,9411,9825,7226,9264,9554,2771,11894,6747,8793,2567,7274,8479,8924,9715,8615,9154,7927,12366,11112,7862,10410,10013,4639,10433,10741,10403,9894,10434,9397,4594,3387,2952,8535,11565,4014,10139
"COG0751",7588,7660,10030,6610,6129,8630,10740,4342,6647,7235,10437,10444,5415,8317,7083,6335,9393,10166,3373,9403,8074,8575,6793,9603,5270,4720,8164,6198,8406,9653,6546,5308,9437,3848,7155,5721,5569,7302,6208,10038,7773,8051,5354,10429,5514,6912,2440,3248,5592,6141,7753,5863,9121,6979,5380,8108,3895,10683,6920,11317,3846,8026,8849,7915,8668,8177,7539,8125,7104,3192,5812,6119,9239,2374,8275,11601,5678,8332,6635,7394,10508,6479,5455,4947,7143,6570,4227,6216,5075,5841,7561,5713,7642,6935,4470,2724,10922,4954,6154,8858
"COG0752",3579,3374,3914,3111,2652,3692,4599,1961,2984,3405,4227,4193,2599,3450,3341,2593,3989,4152,1632,3304,3383,3858,3334,4030,2153,2166,3373,2751,3867,3928,2902,2436,3776,1664,3297,2642,2701,3243,2950,4215,3482,3584,2476,4060,2301,2981,1021,1780,2571,2806,3124,3869,3885,2888,2580,3896,1834,4321,3035,3972,1729,3448,3653,3435,3698,3118,3552,3312,3154,1264,2655,3016,3611,1210,3483,4480,2663,3612,2965,3054,4697,2958,2634,2238,2982,2825,1627,2977,2219,2639,3251,2826,3362,2878,1908,1385,4114,2258,3154,3688
"COG0753",46,156,161,14,4103,65,27,3371,114,164,50,18,80,234,453,106,18,94,1512,490,273,8,1886,40,5213,1446,2048,944,135,61,1144,5357,91,5136,17,1026,5581,195,472,70,978,1328,504,287,4295,44,175,2025,346,5402,65,1423,34,911,701,393,1884,15,38,286,1922,26,206,66,35,3,109,338,229,1797,911,2398,369,473,48,142,262,499,4737,704,83,1010,2076,49,5,537,4135,527,518,115,28,989,13,6461,5468,1223,59,658,6307,111
"COG0754",96,38,57,51,848,33,81,173,75,80,5,43,255,147,53,41,70,24,326,73,126,65,511,24,115,406,536,247,59,54,477,1059,259,244,45,188,1532,42,77,92,221,333,80,88,933,9,60,208,83,1271,19,511,51,268,176,167,551,43,28,29,517,24,62,14,37,48,7,144,76,426,177,722,162,88,73,36,43,99,1084,192,55,232,301,40,10,174,64,276,128,195,53,226,8,1333,84,432,59,84,2097,43
"COG0755",2302,2613,2475,2180,1232,2647,2315,1158,2515,1873,2597,2582,1960,2224,1988,2419,2247,2507,675,2399,2299,2546,1640,2355,761,784,1952,1704,2524,2610,1831,649,2071,1609,2400,1402,630,2194,1751,2387,2436,2166,1613,2554,1055,2366,769,1033,1839,1116,7953,5500,7663,6171,4290,7345,2534,7671,7669,7423,1877,7534,7332,7857,7986,7562,9156,7138,7290,2202,4913,4554,7281,1495,6143,7706,5406,7457,3379,7189,7091,4695,4584,7286,7575,7071,2784,5444,4819,6436,7632,4884,8076,2538,2055,1839,7240,5856,2313,7526
"COG0756",2503,2749,2919,4357,1394,2990,2075,2831,2877,2138,3830,2536,2136,2286,2214,2765,2587,2455,11258,2935,2076,2850,1481,2951,4791,11842,1239,1708,3010,2643,1695,5465,2085,1316,3072,1686,5015,5261,1590,2691,2710,2477,1723,2475,5012,3012,11277,3215,1900,1094,2529,2646,3018,1704,2023,1337,8183,2742,3358,3659,9004,3173,3072,2762,2934,3586,3077,2873,3043,4273,1738,1369,2070,18266,2930,2564,1753,2122,1131,2424,2803,1740,1447,3765,3697,2755,3174,2142,1995,2336,3381,1735,3312,1591,4494,7277,2561,2178,361,2745
"COG0757",2963,3272,3141,3089,2043,3480,2967,1165,2941,2879,3439,3292,2689,2903,2971,2877,2986,3116,1119,3496,3040,3231,2924,3168,1272,1324,2610,2562,3179,3542,2488,1294,2903,1512,2888,2207,1365,2880,2871,3110,2974,2960,2372,3003,1118,3266,1034,1453,2815,1890,3147,2282,3437,3024,2184,2866,1787,3124,2898,3749,1106,3053,3337,3257,2998,3378,2847,3196,2924,962,2358,2340,2939,792,2639,3235,2411,3333,1919,2729,3231,2992,2256,3315,3699,3340,1485,2294,2435,2565,3270,2369,3133,1528,1314,939,3373,2505,1510,3331
"COG0758",1104,389,746,1839,2385,488,534,2920,310,2873,195,301,595,458,1169,295,840,539,993,221,515,532,1226,907,3217,1172,1480,1282,1291,301,1074,2482,467,2534,343,1938,1641,260,1068,352,738,885,1608,620,2260,104,253,2731,1330,1823,665,1183,340,792,836,1962,2531,386,359,348,1545,728,931,532,267,153,1380,370,321,1810,1420,2218,606,957,901,367,2820,476,2243,695,1376,1221,1794,2100,141,433,4806,856,3460,759,186,3271,492,3942,3293,1105,302,739,2910,187
"COG0759",1337,1356,1413,1033,755,1493,1694,623,1131,1034,1628,1762,1042,1317,1065,1126,1299,1769,530,1507,1334,1493,883,1238,520,566,1165,787,1419,1845,922,481,1203,752,1314,636,473,1202,923,1450,1272,1214,819,1705,417,1306,416,475,786,613,1359,873,1693,1250,761,1444,954,1571,1378,1828,447,1378,1255,1261,1435,1373,1105,1337,1149,455,749,842,1419,478,1258,1775,711,1595,558,1256,1472,844,775,1034,1446,1490,644,979,1545,1121,1310,1097,1350,619,583,487,1688,849,580,1460
"COG0760",3667,3935,2691,4865,3585,3721,2594,3620,3440,4099,2685,2943,3338,3164,3829,3908,2827,2880,1562,3479,3244,3617,3800,3321,3593,1303,3821,3846,4595,3628,4406,2827,2942,4209,3377,3453,2370,2849,3875,2730,3050,3454,3744,2878,3464,3133,1029,3045,4170,3552,12294,9118,10516,10419,8245,13025,10196,8760,11431,8494,4566,11683,10594,11976,9361,11985,15811,10550,9127,5252,10078,11851,8764,3494,7640,8139,13384,9522,10713,12364,10446,11602,10933,19034,11559,13131,9634,10470,15632,11470,11801,12836,12297,13578,9386,4334,8046,10025,10269,9708
"COG0761",7466,6988,7218,5228,3436,7672,7422,2425,6151,5601,8036,7687,5252,6264,5391,5913,6580,7991,2094,7093,6668,7427,4549,6764,2900,2786,5795,4599,6849,7490,5073,2171,6972,2365,5996,4040,2355,5982,4748,7524,6545,6469,3992,7273,2757,6613,1909,1860,4601,3650,7135,5724,7912,5883,4098,6992,2785,7333,6125,7485,1890,6898,7123,7124,6939,6391,4999,6899,6132,2051,4507,4236,7042,1502,6689,7501,4315,7552,3632,6057,7405,4243,3767,4387,7518,6788,3617,5479,5192,5826,6403,5008,6884,3139,2661,1931,7406,4569,2493,7427
"COG0762",2102,1893,2211,1526,1138,2512,2169,763,1639,1180,2280,2283,1185,1715,1270,1420,2100,2208,830,1937,2310,2170,1111,2266,595,1054,1964,1163,2052,2460,1201,1203,2193,781,1826,1148,1052,1707,1112,1970,2025,1696,876,2407,1434,1610,507,516,1074,1293,1932,1540,2212,1582,970,2303,693,2000,1822,2378,760,2055,2099,2000,2153,1887,2101,1738,1597,606,998,1299,2467,548,2042,2457,891,2094,1423,1799,2209,957,1050,1404,1632,1638,530,1231,848,1372,1906,801,1793,947,640,731,2163,1183,1407,1975
"COG0763",6778,7287,6933,6198,3780,7838,6274,3043,5736,6045,7687,7136,4491,6094,6057,6056,6286,6783,2058,7487,6662,7272,4985,6943,1871,2670,5955,4702,7421,7776,4776,2027,6297,4054,5970,3740,2183,5668,5274,6603,6114,5448,4381,6590,3113,6320,1984,2738,4767,3393,7482,3715,7648,5257,3892,7178,3751,6965,6537,8153,1879,7076,6651,7108,6762,7528,6283,6899,5600,1528,4276,4141,6631,1430,5743,7279,4904,7211,3724,6668,7257,5072,4132,7093,7455,7248,1067,4506,5767,5407,7143,5570,7217,3435,2055,1701,6831,4545,2422,7096
"COG0764",2053,2153,1781,1927,1353,2676,1776,2286,2082,2502,2403,2147,1548,1953,2263,2055,1872,2041,614,2379,1898,2409,2076,2031,1619,701,1406,1885,2486,2256,1603,1025,1783,1418,2125,1636,740,1700,2286,1925,2008,1911,1812,1956,935,2107,624,1691,1935,1278,6080,5361,7492,4887,4723,5403,4542,6067,6239,7244,2173,6913,5917,6400,6377,6660,6537,6525,5934,1523,5651,4768,5517,1593,4718,6009,6993,6347,3984,5782,7044,5534,5437,6381,7171,6493,2895,5751,7646,5429,6578,6610,6669,4462,6756,1708,5570,6530,2463,7146
"COG0765",8514,9560,9776,9012,3922,7069,7305,2865,9968,6827,11540,7660,8634,9166,8512,11319,10706,8834,3883,10742,8577,8333,7681,10425,2095,4221,5234,7450,7124,6943,6548,3134,7632,3087,10894,6107,2540,10513,8369,9580,8610,8995,7458,7757,1702,10587,3892,5235,7440,3733,8261,7609,7786,6716,7291,5442,2129,9343,10626,9863,2733,9313,9258,9022,9679,11320,7952,10635,12040,1274,6724,5124,8201,3468,8512,9175,6517,9088,3817,8061,9654,7013,5929,7028,10962,8542,3934,6756,4556,7825,11204,5391,9775,4013,2935,2948,9553,7284,1192,11236
"COG0766",8961,9727,9567,7662,4557,10783,9973,3304,8362,7307,10844,10488,6529,8026,7486,8203,8852,10383,2826,10045,9017,10304,6161,9065,3761,3486,7317,5768,10050,10652,6126,2818,8845,4976,8622,4920,3089,8150,6187,9938,9625,7909,5703,9604,4281,8860,2912,3094,5839,4371,8911,7861,10539,6798,5618,7669,3768,10046,9317,10860,2743,10010,9631,9724,10098,8917,7531,9519,9038,2841,5543,5344,9438,2020,8658,10174,5638,9914,4392,8324,9185,5918,5425,7626,10439,9163,4563,6524,5983,7327,8873,6243,9773,4269,3536,2541,9808,5923,3414,9952
"COG0767",2072,2115,1895,2124,2425,1934,2633,3098,1343,921,1010,2508,1389,1944,1165,1524,1495,2455,1605,1044,2329,1672,1076,1406,3087,1219,3469,866,2202,2145,1400,2632,2108,4003,1348,1466,1899,1421,714,1833,1891,1568,828,2062,2819,923,571,2825,1037,2052,2556,2085,1880,2027,823,4224,1122,1831,1902,1071,1341,2160,1840,2394,1810,1318,2393,1517,1384,1661,894,2286,2410,1317,1893,2110,1030,2061,1747,2467,1963,786,1265,2687,1164,1126,2786,1254,707,1428,1316,887,2090,1500,2897,1555,1700,964,2921,1671
"COG0768",24076,25839,24476,22806,13247,27959,23667,9562,22105,21056,29013,26154,16827,21673,20684,22007,23887,25400,7653,26667,23435,27849,17607,24806,10302,9514,18721,16220,26781,27637,16554,7501,23942,14146,23197,13890,8196,22382,17942,25895,23964,23038,15652,24134,10798,24115,8091,9245,16525,12207,24912,20012,27535,17358,15350,22101,11505,26310,24760,29347,7238,26153,26318,26139,25391,25942,22862,25550,23000,7197,15387,15063,23711,5640,22018,25988,15941,25540,12607,22570,25552,17339,15121,24832,28174,24793,12275,17818,19012,19978,24794,18339,26244,12226,8985,6746,26450,16246,8569,26626
"COG0769",10798,11830,11961,9402,6022,13373,10594,4212,9435,9529,14115,12294,7731,10162,8701,9517,11303,12749,4082,12858,9863,12415,6565,11900,4558,4442,8362,6826,12056,13493,7544,3536,9885,6164,10328,6028,3893,10067,6783,12439,10451,10798,7215,11749,5086,11081,3825,3316,6699,4787,11883,6775,13375,8439,6818,9459,7701,12836,10683,15453,3494,11616,12011,11607,11482,11908,10183,11427,9865,3373,6504,6488,10213,2644,9812,12938,7891,11667,5641,10253,12157,6806,6084,10171,14100,11979,7122,7725,14019,8761,11330,11910,11985,5093,4266,2964,13086,6592,4133,11906
"COG0770",6756,6881,5978,7346,4191,6302,6204,4483,5306,4899,5394,6577,4423,5224,5189,5757,5804,6359,2384,5409,6051,6091,4797,5526,4377,2540,6478,4524,6781,6590,4418,2695,6195,4447,5098,4012,2500,5032,4594,6117,5372,5012,4634,5954,2656,5348,1901,2896,4845,3839,7243,4609,5985,5043,3891,8234,3058,6192,6196,5647,2025,6819,7363,7384,5805,6192,6505,5646,5493,2838,4143,4909,5800,1638,5600,6322,5295,5901,3993,6204,5745,4662,4341,9565,7011,6148,5173,3844,5198,5272,5941,4804,6960,4818,3847,2056,6466,4111,3418,5900
"COG0771",7620,8455,9365,7955,4681,9750,8977,3374,7051,6866,9941,10345,5790,7814,6576,7268,8023,9748,2701,9426,8077,9104,5593,8430,3872,3249,7516,5406,8961,10226,5840,2887,7901,5194,7462,4479,3062,7414,5843,9671,7857,6757,4716,9267,4350,7699,2686,3019,5218,4239,2866,1689,3257,2335,1614,2652,1400,3274,2644,3579,905,2925,2957,3029,2903,3023,2689,2854,2337,920,1693,1738,2773,642,2623,3458,1579,3031,1526,2655,2926,1917,1674,3007,3088,2825,1878,1816,2127,2071,2754,2068,2828,1574,1251,677,3419,1625,1154,2920
"COG0772",16460,16814,16664,14478,8523,18569,15153,5926,13902,13370,18647,17209,10905,14148,13436,13859,16115,16347,5272,17512,14955,17239,11234,16646,6683,6987,13085,10758,17111,17820,10433,5174,14706,8587,14909,9304,5748,14734,11624,16551,15538,13030,10318,15858,7123,15293,5163,5228,10723,7942,16607,10943,18500,11571,9644,15934,7196,16824,15545,19178,4842,16397,17271,17069,16155,16474,14247,16228,14194,4792,10038,10079,15286,3664,15026,16930,10854,16896,8449,14757,16741,10757,9610,15446,18317,15865,8259,10813,12103,12787,15813,11546,16990,7736,6061,4568,17190,10053,5871,17214
"COG0773",11550,13076,11184,12215,7747,14610,10255,4894,9915,9824,13066,12380,7659,9639,10024,9919,10825,11589,4370,11896,10703,12955,9012,12285,5938,4744,9847,8418,13362,14005,8646,5838,10648,8292,10400,7099,5958,9261,8663,11385,11083,9772,7913,11334,6260,10314,3622,3816,8317,7519,12614,9091,14032,8309,7514,11186,5576,11437,11487,14031,4289,13554,12632,13054,11139,12286,13401,10985,9661,4448,7498,8479,10954,3188,9720,11890,8435,11270,8055,11475,12493,8719,7798,14082,12773,11695,6475,8325,8792,9500,11888,8685,13080,7195,4627,4030,11966,7277,7101,11870
"COG0774",6633,6920,6057,6275,3724,8164,5729,2637,6100,6408,7565,7030,4490,5836,6021,6113,5767,6496,2057,7189,5946,7490,5265,6607,1750,2386,5188,5062,7360,7615,4664,2343,5925,3869,6156,4225,2311,5414,5638,6246,5981,6232,4682,6270,3227,6306,1961,2483,5251,3545,6854,5118,7934,4973,4124,6301,4085,6302,6473,7123,1960,7245,6304,6729,6457,6976,6418,6542,5830,1405,4707,4455,5976,1484,4994,6705,5388,6846,3926,6271,7172,5073,4542,6931,7360,6940,1005,4958,5955,5571,6836,5897,6941,3353,1946,1887,6127,4812,2680,6989
"COG0775",1632,1867,1781,2763,3238,990,1334,3163,1450,1920,1129,1053,993,941,1826,1568,1357,1098,4680,1392,1358,1259,2264,1826,3734,4013,2502,2229,1702,1052,2035,4259,1112,2237,1327,2044,5356,1965,1909,1268,1844,1732,1967,1297,4286,1111,3848,3544,1804,3960,1482,2578,911,1496,1647,2018,4125,1383,1619,1012,4398,1921,1671,1628,1290,1596,2573,1440,1820,4547,1862,3644,1417,3216,1935,1173,2223,1236,3214,1785,1637,1755,1999,3194,1160,1749,3703,1499,1705,1228,1620,2144,1731,2645,3306,3642,1238,1637,6387,1527
"COG0776",4451,4583,3936,4854,3649,5780,4051,2714,4184,4755,5496,4327,3476,4290,4285,3825,4313,4491,2041,4886,3708,5069,4247,4651,2742,2008,3471,3749,5158,5213,4610,2941,4067,3632,4217,3475,2590,3773,4088,4167,4066,4648,3390,4766,3515,4680,1466,2491,3765,3156,4443,3608,5699,3447,3340,3814,2521,4443,4425,5683,2175,4948,4231,4479,4357,4960,4668,4759,4135,1570,3393,3979,3808,1673,3311,4765,3711,4385,3585,4127,5186,4232,3595,5062,4931,4542,2595,4032,3821,3986,4805,3531,4664,3104,2828,1631,4499,3500,3331,4560
"COG0777",6257,6550,5836,5191,3994,7086,7061,2231,5626,6713,6721,6922,5077,5551,6179,5800,6365,6457,1955,5953,5522,6966,5203,6276,2402,2304,4855,5948,6597,6932,5191,2197,6264,3384,5641,5642,1953,4769,5948,6272,5568,5929,5791,6395,3640,5865,1803,2157,6163,3914,6066,5177,6939,4938,4184,6163,3599,6681,6030,6261,1887,6244,6328,6246,6156,5847,5633,6078,5637,1585,5931,4518,5472,1573,5350,6373,7375,6253,5947,5670,6752,5002,4683,5313,6195,6232,1875,5585,5755,5563,5911,5759,6578,2935,2137,1570,6389,5628,2428,6425
"COG0778",7951,7874,4769,7750,7291,5794,4799,6871,7565,6106,4827,4682,8698,7172,6721,7235,6018,6330,3819,6157,6917,5082,6459,4871,6559,3061,6943,7052,5092,6584,8021,6280,6676,7042,6579,8151,5341,6578,6489,5316,5897,7271,7292,4914,7100,7563,2371,6317,7253,8154,8428,6124,5973,7340,8150,7315,5565,5004,7303,4054,3356,6821,5712,7458,5721,7265,7525,6917,7214,3756,7245,6236,5848,2661,5450,4927,7636,6457,7057,7931,4861,6822,7678,8833,9743,8343,5815,7345,7248,10170,7360,7278,7012,8988,6305,3342,4910,6696,4950,6650
"COG0779",612,552,509,630,442,552,585,462,405,413,481,544,388,484,490,394,550,550,261,421,611,507,467,502,493,277,666,422,498,576,371,432,702,444,387,404,319,389,429,505,480,478,407,457,545,410,160,399,444,436,1799,1252,1447,1410,1003,2221,874,1417,1518,1367,670,1564,1885,1887,1547,1463,1865,1471,1277,794,1089,1600,1926,462,1725,1801,1327,1504,1453,1648,1742,1398,1123,2097,1555,1284,1348,919,1322,1255,1328,1187,1619,1293,1367,598,1559,988,1424,1519
"COG0780",1770,1629,1461,1509,1800,1126,1693,1646,1316,1284,1203,1560,1265,1378,1438,1531,1131,1517,1170,1740,1826,1356,1553,1187,2516,1576,2539,1555,1395,1492,1618,2010,1638,1575,1215,1501,1951,1726,1436,1428,1531,1756,1453,1597,2296,1315,808,2579,1681,2066,1928,1266,1273,1778,1064,2400,1565,1397,1368,1343,1815,1477,1428,1631,1557,1505,944,1667,1525,1191,1321,1755,1708,1355,1750,1695,1640,1816,1917,1654,1490,1333,1345,1632,1432,1908,1505,1360,1195,1343,1386,1471,1463,2021,1452,1054,1385,1460,2108,1681
"COG0781",2903,3007,2724,3202,1743,2893,2496,1324,2482,2425,2767,2779,2088,2671,2472,2726,2628,2846,999,3252,3401,2851,1990,2652,1229,1197,2680,2221,3132,3116,2360,1174,2899,1716,2555,1949,1100,2592,2172,2746,2791,2669,2012,2778,1472,2891,959,1400,2347,1768,3442,1912,2793,2625,1752,3358,1519,2787,2989,2989,985,3167,2977,3078,2885,3278,3323,2980,2439,1028,2011,1929,3330,733,2583,2941,2307,3344,1592,2992,2718,2074,2159,4245,3429,2921,1365,2155,2348,2336,2963,2178,2898,1592,1231,783,2665,2191,1175,2969
"COG0782",1045,1067,980,1167,1187,1293,817,884,1101,1101,1219,910,1057,1032,1014,920,955,931,558,1214,873,1159,1052,1267,915,513,870,972,1245,1111,1147,947,868,1056,1022,1019,837,877,926,974,1073,1357,940,984,1267,1140,326,765,1025,1273,2971,3070,3788,3324,2359,2377,2330,3070,3154,3911,1856,3581,3076,3390,3084,3441,3453,3529,2878,1669,2913,3069,2456,1306,2535,2888,2857,3197,3211,3214,3818,2650,2773,3504,3454,3895,2501,3443,3011,3343,3396,3127,3425,3304,2108,1965,2862,2965,3287,3101
"COG0783",130,194,146,233,1678,144,181,2216,88,60,54,98,144,166,167,96,79,203,885,144,196,83,615,71,2410,652,876,392,246,69,488,1701,85,1972,73,569,1809,119,159,120,304,512,226,337,2273,33,584,1942,152,1773,207,728,75,426,278,558,855,117,87,154,950,155,243,294,63,23,159,179,135,2392,350,1399,232,482,172,165,135,181,1552,368,197,337,743,203,39,193,2733,308,193,95,38,351,145,1832,2650,908,151,208,2891,59
"COG0784",5042,4945,3222,7232,63504,3804,2473,56814,3590,7597,1694,3053,5044,4638,7202,3982,3600,4785,36886,5753,5927,2241,23141,2723,53847,24363,35381,16258,6170,2908,23209,82481,3410,68274,2202,20958,77267,5264,7219,3411,13383,19582,11334,6769,100262,1565,5546,43625,9571,76807,5245,25943,3016,15522,12927,20525,36171,2094,1898,4158,37746,3382,4578,2555,2011,1676,6772,6346,5463,34900,9205,32019,7451,23087,3017,2775,8401,5911,76363,13124,5423,14240,27929,6596,1676,8903,36440,10255,13780,5823,1998,17015,2084,73768,45753,43032,3581,8867,99883,2368
"COG0785",3271,3361,3764,2617,1459,3389,3237,840,3494,2174,4482,3357,2774,3812,2290,2626,3446,3707,882,4691,3172,3348,1684,3500,960,1629,2152,1607,2728,3273,4075,959,3300,1473,3311,1763,863,3464,1776,3736,3302,2903,1753,3510,452,4790,1086,1155,1574,1186,3325,1947,3544,2757,1923,3197,1822,3693,3126,4541,1014,3119,3241,3278,3500,3334,2348,3462,3096,1028,1873,1630,3656,903,3178,4016,1262,3569,1124,2801,3554,1617,1540,1850,3968,2831,1560,4055,1994,4104,3106,1874,3243,3489,1491,571,3822,2586,346,3451
"COG0786",252,302,358,77,170,283,1045,239,103,119,251,774,138,358,115,291,160,922,210,178,754,331,35,23,6,84,1000,25,195,615,104,126,918,96,66,61,135,290,7,556,297,259,44,678,131,47,42,31,70,58,1331,792,1171,1322,153,2894,576,1715,907,1018,381,1073,1049,1256,1366,136,23,561,780,534,41,457,2324,438,1165,2232,112,1728,140,1296,669,22,266,306,8,209,47,176,1013,182,173,567,876,139,33,644,2031,107,242,1439
"COG0787",5107,5070,4876,5493,3234,5321,5316,2279,3671,4130,4188,5729,3327,3851,4182,4214,4270,5305,1907,3596,4806,4857,3735,4215,2911,1996,5534,3378,5481,5486,3104,2772,4778,3214,3455,3055,2295,3920,3317,5051,4498,3493,3265,4515,3208,3571,1435,2349,3577,3210,5497,4416,5288,3947,2678,6836,2442,4747,4738,4314,1825,5475,5769,5748,4292,4004,5024,3806,3979,2204,2990,3839,4580,1482,4944,5200,3728,4955,3314,4652,4634,3382,3279,6912,4539,4067,3468,2709,4293,3700,3920,3981,5334,3526,2582,1918,5152,2799,3014,4375
"COG0788",1519,1184,1487,925,1897,1921,2431,2252,1321,520,1013,2263,1313,1850,1182,1247,1208,1911,1422,1196,2793,1701,1309,1132,2114,1417,3023,1250,1727,2162,1743,2846,2369,2206,1012,1836,1968,1428,1167,1924,1800,1338,1698,1858,2607,1403,521,1349,864,1931,1437,1971,1724,1989,2617,2962,889,1671,1319,1087,1084,1790,1842,1343,1497,805,924,1141,1228,1537,1647,1910,2977,1279,2011,1970,1089,2040,2239,1515,1382,1982,2012,1029,438,915,2920,1409,547,1596,866,865,1176,2954,2123,1312,1736,1643,2624,1598
"COG0789",3151,3589,3391,4193,9189,2810,2308,9804,3286,2914,3625,2541,3251,3483,3083,3324,3469,3296,5740,3846,2631,3281,4507,3359,9534,3893,5567,3955,3575,2897,4798,10082,2958,6024,3250,5182,8402,3645,2701,3534,4416,4720,3515,3360,11583,3794,1816,7487,3931,10374,3420,4755,2874,4473,3457,3810,4615,3170,3166,3754,5505,3309,4055,3543,3184,3194,3854,4288,3731,5249,3602,7006,2850,4821,2979,3168,3160,3241,8698,3955,3225,3540,4651,4651,4806,4113,10572,3993,3807,3382,3167,3777,3416,13345,9724,5131,3576,3312,12218,3065
"COG0790",3313,1772,2119,3630,5398,1809,2621,3733,3342,5792,1431,2191,5571,3849,4825,3330,2322,2267,2997,1456,2707,1990,6545,2185,6953,2042,4364,5562,2179,2055,6626,4209,3486,2480,2967,5862,3892,2386,6247,2629,2404,3252,5574,4080,5750,2059,699,4897,5952,5757,2832,3521,1778,4354,3647,4020,2287,2035,2345,1193,2776,2778,1913,1741,2440,2755,3971,3697,2735,2819,4998,5675,3937,3534,2774,3422,6756,2782,3985,2995,2960,6030,5194,2900,1179,2405,6165,5669,6061,5855,2803,5371,1619,3349,6299,2801,1679,3631,5042,2478
"COG0791",3377,3629,4063,3008,1235,3400,3497,2614,2878,1824,4648,3685,2019,3336,2385,2897,3182,4074,29073,4303,3568,3720,1599,3579,7581,27282,2885,1373,3271,3700,1729,6760,3744,1074,3359,1341,14913,3722,1636,3999,3538,3011,1275,4552,2331,3506,26603,2063,1430,1025,4143,1714,3543,2630,1496,3910,2241,4227,3321,5081,15153,4019,3579,3430,3793,3500,3493,3570,2793,45851,1461,1396,3819,9027,4288,4360,1526,3783,1106,3320,3554,1451,1801,2974,4153,2996,7456,1662,1492,2269,3155,1485,3706,2556,16154,41840,4220,1748,360,3632
"COG0792",77,90,84,409,707,50,102,885,91,561,31,61,152,128,314,53,112,94,416,42,69,106,473,130,714,274,379,403,326,44,280,723,100,469,37,570,683,76,324,77,97,213,439,125,983,31,57,708,430,860,104,370,47,287,214,311,460,48,72,52,377,137,153,60,53,30,464,103,56,428,421,538,66,313,130,86,777,106,780,186,312,350,538,596,55,96,1017,237,478,147,48,558,73,672,828,259,91,213,925,39
"COG0793",15447,14384,12733,14858,12650,14960,16341,10387,12602,14723,13217,15838,11582,13107,13635,13287,12939,15118,5507,12929,14067,14827,12789,12714,9604,6087,17099,12768,14595,15733,12295,7937,14214,13609,12352,12319,7123,11136,13517,13692,13275,13187,12118,14888,9059,12167,3872,11718,13911,10419,16375,12071,14938,13856,9079,19739,11438,14263,13280,14214,6870,14891,13755,14920,13650,12981,16387,13565,12498,7022,12706,15794,13895,4246,12193,14421,16229,15370,12928,14513,13443,11918,13002,17660,12788,14268,9352,12194,14573,12923,13109,14435,15087,9409,6531,6289,13700,11842,13785,14187
"COG0794",5458,5612,4836,5527,3440,7491,4239,2682,5148,4837,6543,5486,3789,4831,5187,5079,5015,4907,2733,6046,4553,6591,4663,5634,2020,2642,3271,4172,6726,6332,4129,3002,4250,3562,5626,3690,2929,4350,4547,4838,5280,5287,3946,5269,2406,5390,2352,2348,4086,3367,5362,4156,7062,3645,3595,3684,3027,5265,5437,6255,2872,6077,5032,5492,5591,6192,5853,5765,4968,1825,4004,3575,4572,1673,3946,5182,4183,5104,3456,5164,6848,4680,3968,5850,5962,5932,1244,4515,4411,4828,5987,4471,5891,3275,1954,3644,5135,3960,2550,5851
"COG0795",10520,11164,9930,11453,7358,12826,9026,5216,10298,10276,12828,11349,7733,10262,10015,10464,9783,10497,4205,13287,10468,12779,8572,10046,5927,4342,9327,8440,12842,12906,9220,4738,10107,7732,10144,7160,4730,8662,9332,10505,10246,9915,7988,10860,5778,11075,3113,4782,8832,6499,11427,6668,13164,8906,6798,10056,6481,10722,10933,13661,4199,12014,9687,10625,11059,12320,12298,11556,9341,3271,7702,8065,10383,3080,7476,11920,8663,11850,7026,10775,13503,8600,7987,13282,12026,12306,5220,8913,10256,9464,11622,9497,11459,6643,5246,3439,10247,8507,5337,11921
"COG0796",1685,1399,1403,1878,1700,876,1967,1094,1247,1362,737,1695,1060,1605,1794,1470,1159,1765,564,1235,2069,1075,1724,893,1962,715,2656,1923,1086,1466,1602,1378,1884,3534,1269,2450,425,1309,2084,1438,1285,1230,2669,1636,1952,1449,310,855,1563,910,1713,845,1104,1874,3557,3342,1345,1562,1549,918,662,1325,1471,1483,1444,1093,2176,1039,1304,1036,2560,1151,1962,495,1479,1806,1744,1878,1970,1850,971,2709,2650,2459,954,1217,1736,1335,2166,1491,1006,2115,1405,2467,1571,644,1385,1973,341,1403
"COG0797",1296,739,1202,716,1775,894,738,2453,1041,1477,713,780,1263,1070,953,1066,999,722,1205,1059,1083,954,1306,1074,3322,1868,1594,1105,1341,817,1444,2281,1072,1130,1050,1278,2257,875,1004,812,952,1440,1078,816,2932,1004,564,2378,1270,2008,726,1189,828,1328,783,1476,1293,761,999,710,1986,951,920,924,826,970,426,1043,875,1141,954,1495,1080,1883,1132,842,969,915,1833,1022,1624,942,1211,635,820,1515,2957,1144,1539,1202,1008,1496,891,1985,2438,1173,755,1146,2077,881
"COG0798",287,256,156,480,2470,241,609,3155,436,686,141,510,807,518,411,300,181,233,1170,288,389,1092,874,263,2976,629,1706,764,1050,339,1232,2723,2036,2233,401,1462,1538,182,410,237,774,630,979,491,2736,378,172,2681,746,2146,234,951,197,1232,643,1039,1298,172,276,309,1226,347,258,127,526,174,217,414,204,1390,902,1829,366,889,187,391,702,635,2032,537,1060,551,1051,669,73,558,3383,783,1546,547,184,1221,166,3666,2496,1285,204,1041,2729,215
"COG0799",2430,2411,2468,2602,1699,2908,2411,1049,2330,2309,2895,2701,2023,2511,2342,2350,2527,2652,746,2911,2397,2654,1973,2591,968,863,1882,2071,2827,2873,2029,865,2395,2067,2386,1862,806,2170,2203,2420,2455,2270,1938,2534,1239,2633,799,947,2161,1445,2527,1977,3017,2306,1640,2163,1147,2507,2513,3190,744,2726,2602,2445,2503,2720,2603,2598,2377,821,2054,1621,2417,522,2165,2716,2148,2512,1568,2325,2786,1992,1806,2739,2830,2556,1135,1937,2043,2139,2562,2045,2551,1313,1106,658,2495,1980,807,2556
"COG0800",1622,1555,1704,2099,1932,1160,1930,1628,989,1325,753,1723,1058,1274,1071,877,1367,1810,797,652,1740,1329,1124,1347,1420,1105,2760,1106,1609,1655,1424,1868,1651,967,896,1057,1748,934,880,1658,1375,1378,948,1788,1905,507,418,1565,1097,1979,1574,1702,1170,1525,656,2988,1335,1582,1369,718,865,1738,1877,1787,1266,984,1949,815,885,1071,1030,2063,1960,484,2098,1826,1183,1431,1904,1696,1708,946,1174,2330,480,755,2030,983,1670,911,1002,1437,1418,1688,1132,821,1661,874,3413,1264
"COG0801",3475,3767,3331,3818,2445,4545,2854,1599,3300,3035,4015,3524,2684,3139,3126,3090,3459,3458,1613,3837,3317,4132,2879,3567,1191,1606,3356,2727,4230,4050,2916,1881,3607,1762,3084,2364,2230,3093,2946,3467,3461,3482,2554,3333,2165,3546,1308,1493,2838,2676,3549,2781,4356,2896,2305,3418,2089,3474,3730,4041,1477,4049,3825,3707,3593,3944,4509,3411,3032,1070,2376,2763,3292,1026,3094,3621,2952,3584,2793,3387,3770,2906,2521,4441,4082,3542,1158,2780,2716,2918,3786,2847,3832,2196,1152,1450,3654,2396,2437,3362
"COG0802",2909,3241,3112,2903,1982,3582,2820,1161,2853,2638,3468,3183,2542,3020,2505,2925,2856,3094,977,3601,2996,3261,2208,3233,1254,1268,2522,2292,3280,3447,2561,1260,2874,2081,2782,1937,1476,2844,2400,3150,3008,3044,2029,3018,1402,3188,872,1050,2400,1855,3239,2015,3662,2698,1925,2725,1530,3090,3086,3902,1078,3161,3041,3128,3086,3393,2987,3295,2901,985,2138,2088,3088,732,2655,3282,2222,3236,1800,2921,3455,2112,2042,3151,3594,3393,1426,2469,2415,2691,3304,2376,3195,1418,1225,829,3251,2457,1539,3391
"COG0803",4341,3202,4110,2157,731,2047,6331,1009,3134,1507,2482,6036,4537,4250,1648,3488,3587,5798,716,2438,5079,1941,826,2191,490,1844,6116,971,1412,3628,3504,547,4318,438,2979,1058,554,2933,800,4411,3171,3121,862,5096,181,3159,1074,1638,1510,838,4202,3286,3045,5393,654,7604,977,4262,3413,3275,680,3079,3776,4081,3664,1993,2128,2961,2382,1022,1216,1591,5056,417,4228,5007,1340,4790,679,4180,1739,594,901,2033,2082,1929,1683,2908,2348,3757,2152,1363,2967,1820,666,870,4310,3250,570,4430
"COG0804",1456,1258,3154,1158,2234,3313,7276,1161,2353,1961,2896,5653,2901,3580,2581,2131,2823,4445,797,1499,3966,3170,3142,1995,1068,1095,3410,2337,2678,3910,1739,2159,4822,3614,2313,3197,789,1465,2563,4215,3019,1389,3085,4686,1229,1952,649,1784,1882,1427,1416,2828,3561,3350,4365,2884,555,4172,2585,2986,627,2714,2807,2862,3379,1667,261,2063,1486,1161,2820,1871,4259,819,3975,5267,2084,3912,3991,3016,3284,3875,2743,1013,199,583,780,1001,1531,986,1709,2160,844,3083,999,772,4827,2003,1120,2350
"COG0805",1969,1983,1964,1875,1266,2168,2022,839,1890,1618,2248,2168,1806,2009,1814,1900,2046,2079,672,2202,2044,1968,1659,1922,748,1016,1427,1719,1970,2081,1706,1052,1848,1574,1959,1579,764,1804,1840,1974,1958,1805,1774,2076,1052,2170,622,679,1586,1100,5956,4199,6572,5541,6005,5304,3379,6247,6103,6888,8437,5881,6005,6048,6374,6475,6056,5691,5468,1732,5218,3765,6266,25222,5284,6161,4744,6062,3710,5634,5536,5528,4849,5672,6252,5555,2532,5381,4558,5563,6409,4610,5703,2881,2557,1752,6588,5666,2412,5771
"COG0806",2038,2083,1850,2377,1682,2579,2081,1231,1725,1594,1665,2173,1847,1841,1910,1739,1765,1832,706,1732,2538,2240,1947,1796,1443,797,2640,1807,2387,2497,1979,1182,2300,1611,1444,1730,1040,1631,1874,1854,1937,1803,1706,2046,1484,1578,511,969,1959,1562,2355,1528,2486,2160,1300,2802,1002,1747,2065,1589,644,2269,1943,2275,2010,2026,2627,1740,1681,901,1624,1875,2377,490,2074,2264,1963,2033,1756,2189,2153,1803,1725,2976,1637,1918,1695,1423,1526,1831,2035,1638,2141,1678,1269,649,1941,1605,1389,2042
"COG0807",9462,9279,9297,6980,4989,10045,9898,4532,8106,5541,9244,10188,7643,8323,6396,7295,9040,9700,3511,8341,9166,9798,5486,8690,4699,3775,7794,5168,9296,9705,6457,4460,9261,3243,8596,4688,3998,7425,5241,9197,8377,7318,4486,8975,5376,8274,2835,3867,5476,5197,9235,7878,9731,8027,4861,8905,2334,9793,8966,9531,2887,9033,9185,9713,9004,8984,6709,7858,7169,3202,4769,5812,8726,2428,8687,9358,5128,7848,5192,9078,9382,5206,4803,7243,9201,8383,5401,6282,3723,8057,8962,4698,9072,6285,3900,2969,9978,5868,5073,8437
"COG0809",5130,5153,4317,5295,3588,3849,5657,2683,4081,4431,3931,5595,3968,4099,4391,4597,4210,5448,1722,4445,5407,4604,4295,3530,2818,1825,5575,3971,4606,4867,3902,2315,4482,3561,4009,3438,2108,4288,4278,4871,4399,3943,3902,5005,2012,4114,1303,2265,4515,3498,5739,4034,4182,4904,3003,6646,2804,4926,5020,4285,1670,4822,4948,5412,4622,4585,4762,4632,4458,1808,3516,4236,4687,1168,4495,5235,4348,4956,3514,5049,3640,4051,3650,6618,5487,4894,2663,3516,4896,4179,4445,4657,4921,3569,2420,1597,4707,3716,3048,4547
"COG0810",2677,2785,1485,2485,4247,3279,1686,2084,1938,1848,2303,2265,1623,1632,1995,1818,1631,1935,2374,2157,2278,2306,2964,1834,1594,1819,3317,2543,2797,2833,2431,5105,2168,3107,1713,1940,5574,1522,2205,1422,1903,2666,1938,2250,5061,1853,680,892,2219,5419,2682,3038,2830,1914,1816,2591,2813,1418,2602,2026,2726,2919,2193,2593,1944,2479,3564,2114,1455,2116,1659,4164,1991,2284,1229,1766,2507,1830,3482,2493,2208,2286,2444,2832,2282,2935,810,2201,1852,2172,2535,2028,2453,3050,1551,2509,1800,1895,8425,2176
"COG0811",8701,9727,6411,8738,8629,11243,6578,6919,7357,5973,8674,8031,5999,6903,7225,6900,6909,7785,4654,7645,6981,8885,7550,7814,6323,3866,8219,6915,10299,9802,7340,8956,6689,7651,7420,6021,8861,5761,6482,6841,7524,8089,6049,7621,9679,7269,2573,4541,6398,10112,9425,8078,10228,6450,5549,7725,5615,6921,8191,8408,4975,10195,8684,10195,7521,8625,9547,8130,6619,4150,5728,8241,6504,2991,5374,6904,7343,7524,8954,8837,8506,6368,6821,10089,8654,8739,4348,7097,5671,7634,8770,5987,9733,9485,6098,4520,7108,6343,11317,8352
"COG0812",6279,6415,6226,5528,3549,7484,5678,2375,5548,5305,7370,6312,4316,5497,5353,5649,5915,6139,2031,6844,6225,6916,4477,6312,2768,2511,4837,4339,6910,7152,4351,1920,5740,3655,5794,3919,1895,5451,4701,6615,6161,5830,4309,5890,3056,6001,2000,2070,4356,2872,6703,3981,7177,4647,4059,6119,2717,6663,6195,6489,1931,6679,6590,6855,6378,6543,5375,6114,5574,1865,4220,4329,6145,1403,5623,6588,4662,6000,3726,5825,6516,4618,3979,6451,7373,6151,3387,4544,4623,5173,6173,4661,6765,3309,2516,1793,6482,4082,2657,6665
"COG0813",298,351,387,570,230,98,184,396,256,16,197,118,204,258,185,376,312,287,1594,165,199,208,125,362,356,952,157,29,218,114,208,517,288,160,317,68,666,398,47,218,226,371,85,170,54,308,2753,1126,52,110,279,603,98,188,56,215,139,236,331,87,767,314,347,346,228,275,288,373,466,1172,44,75,169,287,608,306,71,353,118,419,249,54,137,566,326,358,242,116,29,216,277,20,379,996,159,2934,230,106,193,436
"COG0814",258,169,57,351,396,84,103,6,193,84,32,65,137,220,95,192,328,27,50,27,324,26,93,71,14,351,83,7,41,51,343,59,64,566,415,40,70,368,20,60,216,279,45,486,361,19,44,22,115,51,200,88,32,89,18,50,1761,83,186,13,346,65,27,66,270,224,316,53,258,13,10,73,686,22,293,280,26,95,233,167,98,32,333,119,27,32,7,19,264,75,278,204,112,10,26,105,25,26,378,124
"COG0815",9570,10099,10709,7474,6285,11793,9598,5180,8835,8460,12060,10937,6717,9172,8173,8967,10178,10554,4847,11130,9009,10887,6757,10683,5654,4381,8946,6661,11184,10888,7241,4578,9290,5865,9169,6912,4394,8094,7396,10613,9369,9297,6321,10348,5665,9733,3427,3767,6864,5225,9890,6131,11416,7781,6037,8270,4649,10788,9377,12557,3849,10523,11090,10837,10388,10187,8073,10361,9383,3666,6920,6397,9376,3320,9091,11252,6597,10702,5463,9054,11388,6398,6561,8023,11328,10329,7538,6900,7533,7728,9913,7417,10556,7236,5048,3909,11265,6836,4112,11029
"COG0816",3019,3174,2973,2612,1420,3630,2768,982,2628,2566,3483,3311,2163,2764,2443,2481,2769,3178,889,3295,2763,3094,2138,3030,1108,1222,2425,1830,3178,3406,1994,955,2615,1250,2904,1494,1016,2495,2062,2959,2864,2754,1706,3103,1429,3127,895,833,1935,1442,3124,2169,3510,2483,1778,2800,1406,3153,2890,4013,903,3084,3193,3172,3074,3199,2841,3117,2455,936,1678,1977,2880,592,2484,3061,1623,3014,1395,2814,3168,1949,1599,2801,3233,2952,1299,2203,2068,2467,3034,2173,3114,1283,1016,688,3282,1969,1130,3021
"COG0817",1679,1514,1373,2097,1527,1134,1714,1171,1342,1929,748,1502,1650,1490,1709,1555,1240,1400,801,1141,1706,1283,1783,1190,1305,1025,2211,1644,1608,1415,1718,1272,1714,1501,1273,1551,1105,1140,1690,1259,1270,1565,1670,1425,1250,1133,483,1261,2053,1538,1779,1473,1141,1876,1115,2515,1208,1287,1577,875,789,1619,1350,1536,1338,1281,2132,1414,1313,860,1554,1694,1557,1172,1446,1524,1967,1625,1474,1710,1354,1703,1537,2670,1330,1532,1591,1370,2028,1549,1275,2085,1525,1649,1596,769,1147,1543,1258,1411
"COG0818",586,520,435,500,967,339,506,360,266,315,264,535,263,468,465,429,316,580,481,406,1046,559,645,308,311,654,1453,529,666,703,380,1419,1135,560,254,428,1536,362,391,316,769,578,412,604,833,144,80,221,345,999,624,618,442,623,439,1353,440,276,587,432,508,559,348,514,601,292,682,357,368,437,411,1092,1199,209,412,795,662,747,1038,759,756,492,559,593,100,279,156,287,225,203,253,349,341,731,193,425,228,284,2006,602
"COG0819",808,688,601,123,475,680,1635,428,383,303,403,1378,864,642,363,543,397,1264,91,346,740,487,257,88,284,135,1698,594,541,979,968,231,550,180,201,794,150,308,324,1131,411,827,330,1112,56,496,77,1094,819,565,396,111,306,467,87,723,32,329,166,152,50,308,203,234,149,127,308,194,124,86,219,214,187,38,225,370,199,493,153,238,183,54,155,24,41,141,88,234,127,225,113,124,173,309,94,28,366,241,106,294
"COG0820",5105,5092,4091,5825,3984,4436,4875,3329,4739,4052,3280,5070,3888,4710,4397,4449,4109,4632,1696,4304,5479,4799,4332,4280,3320,1936,5463,4304,5064,5100,4179,2932,5245,5411,4329,4578,2073,3554,4408,4423,4521,3552,4788,4887,2214,4259,1268,3449,4670,3307,5404,4489,4136,4507,3446,6358,2507,4576,5151,3570,1525,5661,4867,5121,4601,4965,6005,4005,3913,1940,4196,4059,5379,1420,4537,4911,5331,4836,3796,5148,4945,4539,3999,6767,3891,3971,2892,3480,4015,4839,4984,4050,4936,4028,2939,1724,3929,3523,2659,4326
"COG0821",8638,7854,7630,5943,4153,9059,8915,2920,7339,7071,9125,9076,6154,7362,6535,7298,7660,8808,2410,8375,7740,8296,5808,7521,3425,3080,6388,5454,7998,8707,6373,2447,7968,3177,7359,4923,2728,7146,5963,8186,7580,7229,5062,8075,3011,8291,2289,2658,5961,4319,8028,6965,9018,6980,5309,7632,3253,8468,7270,9478,2268,8002,8121,8235,8260,7476,5048,8682,8043,2304,5714,5074,7746,1912,6705,8430,5166,8567,4348,7025,8056,5608,4658,5347,9769,8967,4137,6797,6001,7182,7561,6217,8033,3522,2979,1953,8676,5793,3017,8567
"COG0822",2081,2261,2524,2480,1573,2535,2061,2501,2536,2695,3028,2184,2478,2464,2655,2193,2448,2069,3537,2682,1745,2568,2409,2645,2160,3525,893,2577,2219,2223,2749,3558,3130,1747,2267,2501,1664,3045,2884,2285,2215,2222,2545,2480,2074,2958,5468,3435,2700,1258,1911,2286,2462,2304,2661,1106,5725,2321,2039,3054,4867,2491,2483,2084,2309,2540,2085,2404,2205,4196,2689,1626,1933,7714,2537,2404,2881,2128,1425,1706,2926,2673,2086,2124,2386,2307,2275,2934,2853,2437,2485,2548,2265,928,1944,5332,2487,2743,347,2274
"COG0823",9648,8983,8906,8752,12433,9980,7048,5197,11247,18789,10118,8050,11907,9712,13709,12432,8911,8546,3864,13937,9384,10176,14737,10266,7791,4354,10106,16359,9243,9018,13193,5942,7296,11716,10154,13412,7983,10218,17683,8755,9004,12735,15324,7563,8528,12443,2486,5475,19070,12678,3055,3080,3179,3883,3782,2762,7359,3025,3164,3957,1842,2999,3053,2894,2942,3694,2533,4070,3571,1571,5419,4474,2543,1134,2424,2256,5025,3723,4119,2934,3198,4683,4830,2853,4105,5455,3510,4839,10225,4075,3530,6699,3124,1797,2067,1865,2629,5007,3613,3936
"COG0824",6233,6562,6287,7333,5860,6958,6179,4285,5697,5817,6327,6253,5238,5743,6109,5693,6545,6296,3018,5974,5956,5649,6444,6779,3970,2754,6104,6139,6254,6754,4301,4569,5872,5346,5221,5500,3864,5475,6149,6385,5405,5759,6011,6292,4705,5089,1911,4565,6669,5727,2196,1911,2297,1803,1874,2166,1051,2053,1953,2217,850,2298,2172,2229,1966,2149,2771,1833,1987,890,1839,2092,1878,722,2060,2268,2253,1811,1828,2072,2180,1978,1882,2560,1960,1684,1069,1375,1772,1764,2058,1851,2163,2263,1254,850,2164,1415,1543,1948
"COG0825",6930,6697,6666,5876,4487,8122,7434,2651,6405,7462,8003,7809,5328,6170,6837,6286,6885,7395,1954,7021,6142,7680,6100,7011,2581,2598,5052,6615,7394,7958,5664,2120,6874,3779,6350,6287,2374,5311,6978,6982,6396,6279,6484,7114,3042,6732,1905,2496,6741,4285,6590,5830,8323,5349,5120,6212,3820,7388,6506,7700,1988,7192,6868,6609,6848,6943,6494,6811,6079,1657,6650,4738,6400,1563,5871,7376,8234,7546,4325,6376,7444,5718,5265,5917,6944,7110,2276,6097,6008,5956,6734,6423,7073,3463,2297,1616,7125,6176,2396,7388
"COG0826",1817,304,1273,591,3437,52,640,1260,499,7021,84,136,486,398,3347,597,1670,304,1494,176,632,322,3728,1364,878,2296,1757,2304,534,53,1828,3484,449,4554,759,2694,2274,375,3598,497,561,673,2570,418,3560,151,706,1099,2111,3713,239,654,85,694,2206,2865,5775,698,385,142,1711,194,1250,134,404,204,202,363,527,901,2378,4942,991,1523,1646,358,2758,354,2359,562,1031,3086,2158,499,47,640,621,1080,5979,584,255,6034,48,901,309,1693,241,1284,6284,217
"COG0827",374,266,439,980,983,266,221,1216,286,455,442,192,169,485,375,362,159,271,1412,332,188,155,536,451,2617,2365,718,593,245,258,544,2474,242,487,364,867,4336,895,323,261,208,542,760,652,1516,524,879,502,289,702,454,208,354,749,527,931,1961,155,394,606,1418,379,415,371,292,1496,291,268,596,1073,574,2377,252,2356,302,471,224,378,1193,353,256,500,799,946,411,499,4419,524,491,316,867,455,362,626,2582,2168,292,350,2644,213
"COG0828",1038,1039,1165,1083,628,1380,1163,665,892,580,1418,1105,750,1069,737,719,1028,1157,753,1118,1024,1183,598,1158,575,721,1025,602,1209,1288,674,1057,1151,652,940,555,756,994,552,1038,960,1046,480,1242,1210,990,875,691,530,711,1060,705,1427,876,573,976,1204,1147,1075,1552,638,1191,1062,1129,1034,1211,1159,1117,895,1048,510,768,1060,349,1025,1383,492,1068,664,1061,1205,610,581,1010,981,982,453,678,294,820,1104,437,1119,757,444,1000,1216,604,827,1080
"COG0829",986,596,1798,540,1167,1616,2889,582,1315,1015,1461,2336,1408,2191,1196,1301,1465,1857,456,1294,2286,1567,1330,1097,606,776,1688,1119,1453,2036,1528,1026,2560,1712,1322,1508,422,767,1181,2088,1621,709,1472,2337,927,1409,352,1017,880,737,740,911,1704,1847,1927,1643,256,2092,1381,1363,396,1439,1441,1355,1723,1037,136,1006,697,440,1260,876,2555,482,2235,2647,974,2135,1988,1570,1859,1749,1223,520,96,303,368,1098,793,1070,1072,1138,378,1654,398,331,2289,1166,581,1269
"COG0830",660,433,1209,480,876,1094,2162,441,1025,772,1202,1646,1251,1688,988,965,1150,1348,298,1053,1755,1260,1178,813,365,536,1173,943,1057,1423,1073,839,1912,1419,1035,1124,317,653,1030,1597,1286,536,1218,1744,929,1177,286,699,711,540,168,279,376,457,580,393,78,522,325,384,81,311,364,314,462,262,35,274,209,102,360,281,625,93,491,714,250,511,535,369,449,504,361,139,22,79,62,306,220,264,269,299,99,400,108,92,584,297,156,275
"COG0831",326,202,568,278,459,642,1084,174,516,494,470,795,616,813,657,452,592,705,181,420,869,550,850,380,133,297,490,457,496,710,570,345,872,721,612,656,142,334,628,656,625,248,660,822,446,548,106,327,446,308,274,502,618,649,795,544,115,679,535,515,139,515,473,452,731,365,102,367,230,192,549,344,1046,208,697,814,456,599,737,533,573,995,581,179,32,109,117,471,257,441,380,434,103,473,141,114,773,469,231,383
"COG0832",182,229,457,294,449,558,1083,154,452,459,440,827,678,650,705,390,525,659,169,292,751,562,949,265,156,138,539,622,493,707,404,358,844,919,511,833,141,316,730,711,581,221,756,718,313,360,106,221,510,338,251,453,611,596,1193,377,112,671,463,507,119,441,421,457,605,379,104,373,467,203,761,367,873,159,645,847,455,687,868,520,580,1160,672,186,26,108,119,250,314,178,360,497,130,469,123,91,742,490,196,412
"COG0833",0,0,0,0,4,1,5,8,4,2,17,0,0,6,1,2,0,3,69,0,0,1,9,0,7,23,14,0,3,3,7,19,2,3,0,7,55,0,3,5,0,50,2,4,2,6,2,51,1,8,0,1,2,1,0,0,1,0,10,29,31,12,7,1,0,0,0,5,4,2,2,25,0,18,3,10,5,18,15,2,4,2,2,0,0,1,9,2,0,2,0,18,0,152,4,13,4,14,7,1
"COG0834",10281,11541,11171,10035,11024,9171,8859,9119,11532,9366,13106,8949,9168,10256,10296,12199,11442,10464,10370,11733,9719,11265,10980,11302,6091,9242,9227,9667,9525,8471,9791,19076,10038,10335,11570,9572,12576,12683,9733,10673,10840,11715,9623,9445,12546,11674,10691,10232,9076,12157,9619,13943,9529,8268,10454,8931,10208,10767,11519,11303,12804,11783,10230,10774,11198,11164,9862,11530,13950,5227,8587,9135,9889,19305,10267,10165,8115,10195,9041,9909,12048,8750,9905,7143,11208,10354,5431,9558,6556,9444,11901,7655,11373,11622,5441,10985,10816,9071,11177,12968
"COG0835",70,165,61,62,1160,38,50,502,70,114,25,44,126,92,147,104,89,64,989,83,111,49,516,44,474,542,844,436,91,28,607,1755,88,854,47,455,1927,80,132,67,194,355,263,134,2956,25,161,509,219,1570,239,1508,70,957,925,1147,2335,102,103,193,2507,155,312,119,167,78,137,298,371,2217,456,3113,344,2360,225,179,491,263,4392,819,338,901,1403,243,33,653,722,821,679,349,87,860,203,2504,998,2929,188,516,8702,148
"COG0836",4342,4105,4650,3419,4520,4346,5217,3415,3819,5351,5045,4921,3779,4495,4546,4613,4069,4913,2716,5274,4515,4471,4667,4418,3481,2763,5804,4730,4183,5243,4789,5007,5217,4102,4134,4159,4458,3770,4754,4603,4307,4660,4140,4831,4601,4067,1491,3222,4535,5259,4217,2969,4690,4656,3477,5744,3919,4688,3429,5400,2420,4026,4173,3798,4315,4062,2955,4985,4144,2570,4596,4354,4955,2175,3474,5044,4000,5413,4913,4111,4783,4379,4529,2938,4089,4558,4467,4349,5146,3691,3971,5227,4114,3387,4071,2294,4595,4240,4658,5565
"COG0837",2401,2428,2509,2465,1103,2505,3223,1795,1157,1255,1684,2783,969,1460,1284,1144,2048,2671,559,1170,2636,1870,1044,2141,1758,1181,2979,614,2260,2825,717,1535,2493,606,1269,654,952,1664,706,2044,1644,1356,880,2839,1686,858,591,1510,626,1249,2468,2064,2512,1449,711,3892,692,2175,1733,1549,612,2255,2583,2458,1976,1523,2495,1197,1280,1002,505,1764,2673,375,2379,2977,1090,1756,1257,2239,2182,991,835,2517,845,892,1578,605,943,889,1479,943,2244,943,1559,675,2467,505,1992,1843
"COG0838",746,718,861,597,547,643,706,293,916,1008,896,793,947,850,893,893,832,846,206,960,783,782,795,778,311,373,597,849,701,643,862,166,715,578,848,783,193,899,970,857,817,803,828,688,231,955,268,344,1056,502,2180,1950,2090,2774,2206,1806,1720,2545,2303,2904,714,2089,2192,2165,2546,2565,1639,2719,3051,518,2668,1954,2433,609,2322,2368,2620,2708,1373,2066,2258,2334,2237,1577,3103,2585,820,2518,3684,2348,2562,2994,2018,1171,1087,477,2300,2881,342,2620
"COG0839",3269,2856,3320,2442,2084,3207,3538,1103,3433,3530,3780,3612,3156,3466,3452,2991,3387,3352,743,3785,3457,3174,3272,3190,1080,1290,2259,3378,2779,3064,3185,569,3437,2887,3528,3116,515,3211,3687,3662,3365,3019,3588,3084,917,3781,953,1477,3365,1579,2951,2658,3214,3104,4119,2633,1710,3465,3099,3205,823,2946,2958,2984,3572,3296,2403,3396,3542,569,3697,2124,3803,677,3271,3421,3108,3555,1865,2667,3290,3625,3009,1902,3253,3087,1050,3413,3484,3340,3303,3437,2894,1043,1114,562,3405,3424,289,3651
"COG0840",2572,3841,1545,1091,44053,1102,1680,28165,1534,3822,597,1208,2763,2210,4275,3511,2002,2028,35358,3518,4174,991,15837,1063,30242,19356,30179,11918,3065,1140,19267,61746,2306,46135,889,16625,55333,2957,4469,1516,7151,13891,9539,4614,76937,577,7836,47244,7729,46159,2447,14804,1002,10489,10617,12230,26272,883,723,2396,32766,1077,3055,1153,939,399,1785,3699,3487,25009,4924,32733,4004,30259,1536,1339,3636,2721,48153,9223,2864,8917,19079,1405,436,6512,21460,8618,6585,2861,561,9891,634,37293,17308,36893,2549,4443,82546,1017
"COG0841",30230,31008,26479,35702,54620,32034,22183,62053,25581,24423,28889,26385,23375,25371,25754,22679,25316,25855,32522,26573,24007,30104,35638,30216,51114,26625,38863,27857,34331,28738,33442,65976,24103,43098,25477,28539,64670,22405,22456,25733,29006,33971,21819,27922,69319,24064,10872,40518,22973,69177,28289,42159,30641,28984,22940,34607,32199,25144,27141,29590,34797,31898,28686,30029,25219,28634,37574,28788,25134,29661,22734,47004,24967,20334,23149,25647,24498,26527,52241,32386,34677,25624,34639,36767,27167,29319,43937,28309,16643,26839,29328,24014,32248,74077,45743,33594,24774,24333,90343,26293
"COG0842",6922,6647,6723,5886,10238,7365,6762,7570,7348,7071,8141,7325,6241,7269,7819,6717,7118,7189,5384,8316,7044,7016,9038,6341,6747,4959,8482,8139,7093,7173,7780,8332,7075,10786,7393,9729,6594,7281,8224,7035,7604,7947,9038,7232,7111,8324,2367,6016,7368,10712,6645,6761,7688,7353,10606,7275,5341,6940,7116,7959,5082,6358,6536,6082,7318,7601,6319,7684,7581,4909,8826,11675,7888,4517,6450,7585,6946,7254,9571,6313,7467,9757,8460,5391,6774,8065,7725,7745,6147,7340,7674,7497,5966,7175,7430,4950,7660,7601,12007,7391
"COG0843",16825,16466,14396,13804,11199,14528,15383,7152,15563,17743,16251,15800,14247,14307,16187,16718,14892,17803,6548,15199,15821,14609,15347,14268,9945,7356,16224,12738,14321,17297,12348,9141,13686,11345,16645,11473,9202,15224,15966,15241,15896,15944,12593,15024,8956,16294,5283,5835,13035,10671,16853,17333,14943,13446,14278,17077,9899,15265,15926,15796,6357,13961,15104,16178,16001,14226,15570,16401,18534,5833,12904,10916,15276,4330,13601,14091,12175,18237,9736,16075,13395,13564,13281,12493,16967,15429,10352,13728,15536,15133,15290,14876,16686,13235,7566,5815,14731,15718,8179,17691
"COG0845",16164,15782,13785,15390,32994,13939,13945,46714,12008,17661,11794,13528,11335,13018,14002,11990,12068,14692,20043,12736,14801,14487,20718,13122,34643,17261,29713,15820,16669,13800,20412,41991,15273,21997,11116,17377,39835,10826,12694,13232,15867,18888,12553,15741,47096,10407,5853,33821,13102,44965,15313,23345,13055,18097,12040,26661,23873,12682,13637,12403,21607,14983,14712,14730,12714,12525,16491,14018,11817,21295,13544,32451,15589,13376,12391,14643,13200,15167,34241,17806,16145,15117,22160,17550,11230,15175,30250,15723,15946,13319,12868,17534,14511,44199,31692,19071,13017,13617,59643,13139
"COG0846",1836,1787,1434,1312,2603,1924,1563,1993,1781,2395,1258,1550,2449,1842,2461,1342,1892,1669,981,1220,1532,1383,2648,1691,2033,724,1645,2823,1922,1742,2065,2119,1761,3902,1772,3516,1316,1771,2954,1422,1373,1707,3293,1811,1385,1530,611,1787,2624,2316,1959,1405,1722,2157,3881,1819,1705,1459,1297,1397,871,1227,1687,1877,1447,1498,1423,1459,1545,1041,3387,2578,1522,659,1655,1496,2603,1459,2872,1862,1647,3173,3424,1306,1652,1723,2494,1940,3200,2055,1572,2975,1637,2350,1768,929,1572,2179,1975,1200
"COG0847",6340,7144,6155,7599,8046,6548,5217,3554,6283,5179,6294,5900,5780,5910,5548,5926,6138,5931,6004,7022,6347,6632,5558,6146,4797,5469,7089,4557,6691,6544,5968,7106,5733,6507,6538,4748,7884,6242,4523,5975,6783,7153,4621,6237,8109,6111,4315,2990,4914,7665,6896,6320,6396,6116,4296,5939,6516,6271,7177,6400,5828,6832,6900,7022,6487,7051,8763,6014,5963,5330,4235,8504,6529,5104,5528,6204,5275,6084,7681,7007,6246,4902,5770,9083,7116,6785,5418,5520,4723,5475,6727,5918,7384,5481,4190,5311,5767,4728,12549,6102
"COG0848",2970,2938,2345,2734,3379,4139,2215,2504,2666,2149,3431,2826,2335,2476,2599,2319,2613,2710,1919,2832,2238,3105,3058,3053,2424,1527,3056,2859,3325,3641,2900,3294,2620,2493,2489,2568,3391,2018,2704,2443,2569,3154,2622,2675,4123,2582,920,1456,2558,3693,2821,2871,3793,2351,2330,2493,1776,2325,2586,3413,1848,3415,2973,3091,2541,2819,3004,2955,2385,1774,2537,3186,2147,1272,2058,2647,2934,2815,3405,2668,3487,2465,2526,2418,2756,2928,2000,2805,1676,2819,2996,1993,2942,2998,2199,1609,2705,2424,4368,3129
"COG0849",4954,5574,3909,5885,4638,7119,3831,2838,5191,6512,5296,5014,4972,4881,5835,5519,4470,4618,1895,6146,4553,5847,5464,4745,3491,1648,4043,5731,5976,6366,6198,2747,4339,4739,5354,4967,2741,4241,6109,4291,4799,5399,5051,5013,3687,5840,1486,2492,5782,4197,5645,4105,6675,4987,4073,3927,4047,4543,5448,6134,2194,5787,4998,5815,5037,5838,7355,5905,4773,2063,5314,4314,4204,1701,3710,4438,5376,5795,4524,5528,5532,5095,4846,6794,5970,7162,3072,5878,5875,5397,5793,6057,5522,4897,2982,1750,4572,5581,3546,5795
"COG0850",865,504,775,78,732,304,1082,148,169,136,316,824,280,599,192,367,457,945,592,288,1090,574,365,341,335,848,1876,286,371,719,394,1201,1109,394,199,468,1260,504,101,720,705,729,169,689,1005,101,184,164,245,1296,792,793,326,761,197,2115,505,666,415,362,522,482,638,639,592,66,61,300,407,557,263,414,1285,366,832,1015,139,884,848,711,416,169,387,71,10,178,164,144,147,148,104,184,439,1136,320,495,634,136,981,636
"COG0851",381,291,312,99,260,231,608,55,92,74,149,489,124,297,108,180,147,483,237,153,574,309,80,83,86,255,717,58,185,413,141,442,654,121,99,148,314,239,24,383,334,283,57,410,308,38,53,36,85,359,439,486,251,319,73,1025,135,335,237,195,186,265,264,341,360,54,9,106,166,217,72,175,681,125,414,502,68,431,260,324,216,50,107,35,1,79,57,41,43,67,51,53,230,289,146,207,367,31,248,326
"COG0852",3376,2951,3536,2889,2683,3002,3027,940,4014,3915,3960,3234,4338,4006,3856,3876,3809,3413,1148,4209,3641,3341,3583,3247,1470,1500,2546,4002,2763,3026,3817,838,3568,4299,3989,3885,785,4062,4538,3682,3668,3775,4439,3013,985,4629,1219,1280,4309,1949,3298,2783,3169,3757,4580,2572,2006,3637,3502,3485,1060,2971,3344,3116,3930,3800,2729,4018,4361,740,4475,2567,3598,1166,3332,3447,3662,3690,2270,3027,3215,4260,3839,2334,4358,3718,1339,3887,4358,3874,3718,3920,2995,1072,1223,851,3542,4418,402,3811
"COG0853",519,541,385,758,404,701,294,546,507,329,373,447,437,441,381,406,361,356,160,349,499,546,276,461,403,130,387,251,761,579,362,288,366,538,546,305,119,285,236,332,433,307,248,423,688,390,206,327,340,601,528,694,642,470,187,538,263,308,724,428,179,745,557,564,467,654,853,350,297,406,261,193,360,114,356,335,417,408,436,649,500,241,318,1159,355,431,297,244,521,467,689,368,564,884,648,258,393,294,117,360
"COG0854",4023,4705,4338,4185,2316,5670,4334,1952,3661,2948,5078,5004,2637,3669,3301,3280,4078,4771,1439,4440,4154,4881,2812,4432,1827,1668,3599,2373,5085,5498,2710,1690,4270,2282,3834,2064,1774,3273,2680,4433,4101,3703,2219,4606,2014,3851,1272,1686,2208,2224,4483,3199,5498,3098,2165,4208,1464,4530,4293,5369,1321,4944,4343,4766,4437,4546,4629,4175,3413,1214,2228,2375,4111,1003,3580,4762,2558,4395,2344,4106,4862,2581,2331,4405,4066,3831,1496,2731,2085,3204,4361,2371,4514,2388,1592,1244,4664,2314,2016,4405
"COG0855",4224,3583,4233,2565,3737,3620,7204,5850,3510,983,2583,6084,3103,4141,1950,2922,3924,5166,2519,2253,6629,14541,1990,3018,6154,3199,6684,1415,12650,4511,2287,5083,12306,3984,6903,1936,3962,2726,919,5155,8738,3050,1139,5433,3931,1680,1227,5517,1260,4391,1445,1982,1289,1681,367,2995,604,1521,1346,1249,795,1225,1640,1402,2574,606,891,973,859,1124,465,1202,2294,531,1982,1851,321,1623,1192,1463,4784,444,896,1104,779,527,2607,593,251,690,596,385,1139,2516,2063,868,1491,685,1765,1356
"COG0856",220,127,210,50,90,27,142,0,378,112,37,123,499,233,257,592,322,151,58,192,444,0,139,153,0,17,208,222,5,68,236,7,75,55,435,112,9,423,257,164,258,198,217,94,1,183,78,0,310,100,301,265,59,294,169,88,26,218,300,57,37,59,82,126,243,311,96,127,449,38,180,113,211,16,151,45,238,217,75,485,3,142,158,11,98,119,0,219,74,227,320,80,103,0,0,52,151,510,55,204
"COG0857",557,327,488,79,582,313,909,65,176,341,235,648,369,413,153,284,267,701,463,235,813,334,308,202,178,519,1169,255,247,482,505,762,740,384,132,364,915,277,102,519,427,451,147,601,1249,207,69,61,206,991,1511,1851,1007,2306,570,3842,1307,1476,861,913,1290,1148,1321,1124,1239,187,101,848,745,1450,696,931,2393,1013,1554,2042,582,1990,2888,1353,852,464,1228,291,94,816,2652,725,675,705,250,882,882,717,770,1051,1481,921,2349,1179
"COG0858",2405,2484,2056,2521,1466,2550,1925,935,2247,2076,2604,2312,1786,2275,2090,2248,2148,2194,853,2666,2430,2694,1718,2137,979,1031,2083,1720,2697,2530,1975,1003,2403,1461,2265,1594,896,1753,1815,2323,2486,2507,1532,2374,1354,2403,698,996,1783,1381,2416,2167,2504,2072,1533,2146,1116,2308,2556,2648,803,2781,2426,2363,2566,2635,2719,2568,2471,732,1759,1482,2472,615,2122,2393,1680,2643,1483,2290,2671,1768,1648,2741,2826,2320,1230,1893,1847,1982,2606,1798,2454,1212,993,741,2188,1781,917,2747
"COG0859",8765,8617,9147,7480,8912,10948,6713,4459,10148,13842,12973,9411,8096,9124,12063,9532,9604,8474,3986,12975,7925,11149,12117,10835,2321,4985,5354,12415,11108,10230,10933,2681,8774,12330,10474,10662,2955,8515,13434,9541,9625,9674,11510,8947,5177,11171,5259,4997,12012,5396,8614,5502,11503,7050,9765,5681,8963,10117,8986,11856,5039,9231,8449,7810,10199,10965,5914,11624,9026,1839,11703,8934,8057,4161,7372,9122,11465,9778,8611,8426,12293,12648,10580,7239,11977,11248,1366,10564,13728,9347,10532,11770,9258,4097,2383,3297,9664,9812,3811,10338
"COG0860",4514,4354,3466,5066,3692,2982,4290,3227,3185,4642,2349,3953,3678,3184,3639,3911,2901,3863,2648,3335,4364,3540,3423,2899,3916,2611,5455,3292,3987,3869,3636,3103,3977,3554,3203,2739,2957,3185,3456,3211,3255,3408,3533,3524,3024,2888,1329,3275,3852,3586,4672,3593,3038,4138,2500,6202,4059,3563,4210,2688,2375,4292,3794,4670,3395,3844,4435,3705,3318,1965,2895,4040,3909,1870,3324,3559,3528,4219,3486,4628,3431,3346,3922,6192,3521,4444,3724,2916,5909,3626,3719,5019,4509,4490,3503,2480,3036,2934,3091,3579
"COG0861",3613,3577,4189,3008,1556,4307,4155,1663,3471,2746,5428,4592,2438,3681,2520,2938,3796,4689,1869,4686,3473,4027,1958,4010,2221,2006,2809,2106,3812,4180,2453,1889,3808,1093,3746,2152,1639,3384,2127,4353,3629,3367,1709,4761,1178,3866,1230,2038,1932,1806,3704,2612,4582,2724,2145,3249,1039,4489,3612,5073,1676,3791,3797,3479,4398,3792,3209,3995,3376,1926,2318,1640,4194,1825,3343,4906,1638,3872,1016,3183,4536,1828,2284,2185,4340,3117,3123,2899,1271,2924,3715,2101,3576,1326,2630,1604,4879,2552,899,4449
"COG0863",7023,8625,15435,7193,4553,5937,10278,17964,7760,7235,11194,7693,6788,7252,8534,21291,9261,11676,89827,8343,5173,7460,5924,13541,22775,106912,6141,6337,6666,5685,6082,39494,8852,6365,7480,6493,79566,24246,6709,15318,11081,9726,6812,10113,28013,8825,62028,16027,5200,2537,6894,10490,6251,5039,10137,4225,55937,14129,8265,10085,126473,9882,9715,8009,9756,8005,5070,17032,19312,70718,7102,4345,6348,173624,14260,8654,5543,10489,4057,6320,6835,7245,5755,5492,8972,11025,16295,7803,6744,7322,7215,6786,9460,6180,36731,100389,13778,6286,2077,10884
"COG0864",51,20,12,42,221,1,27,106,189,35,2,31,249,206,175,83,62,5,120,252,127,1,230,23,143,63,63,257,6,6,468,149,81,545,156,359,51,59,271,6,41,56,440,40,179,307,19,184,145,48,56,12,0,130,811,29,34,13,77,30,127,0,11,15,46,92,18,49,84,84,374,49,139,139,9,8,113,30,385,32,3,473,349,50,17,22,148,533,64,452,84,129,6,122,56,65,24,492,22,9
"COG1001",909,952,199,1714,1980,205,276,965,1493,1003,218,209,1138,1162,2532,837,419,367,108,1385,1048,304,2588,247,693,260,736,3267,197,157,1918,1328,761,5231,1223,3872,216,628,3311,293,591,883,4613,368,190,1593,99,1575,1405,721,772,643,219,731,7856,569,409,214,1109,111,416,560,248,551,771,1110,2018,617,881,318,4471,1882,981,265,364,300,2081,500,2299,872,439,5047,3919,1581,542,1122,786,2205,1258,2342,1150,1864,630,2259,697,144,158,2801,1478,780
"COG1002",1563,1101,929,607,3361,905,1113,9474,1359,904,739,918,2143,1308,1498,2555,1092,1332,3325,960,1855,389,2123,671,7550,1752,5290,1516,537,1182,2874,6212,464,1455,1984,2491,3802,2276,1370,930,1235,2483,1960,1240,3464,890,719,5019,1444,5539,1870,1249,917,2248,2720,4146,2679,816,1521,1239,2210,897,887,683,1230,1433,773,1362,2064,2810,1763,7913,1269,2870,925,778,1559,1214,2049,2259,349,1701,2096,444,1339,1967,6923,2650,1337,1815,1499,1420,610,7936,8829,2523,925,2671,10173,1111
"COG1003",15779,15538,15755,12190,7776,11773,19083,5169,14050,13292,17577,18922,12817,13686,12829,13174,15071,19180,4890,13613,16417,14730,10901,15054,10009,6119,11565,8841,14357,14524,9709,5434,14288,9832,13619,7613,5416,15263,11225,22492,19216,12897,9968,17442,4905,13946,7766,4976,9400,6668,16056,19974,12805,12553,9963,14973,6657,20993,15547,18082,4292,15390,15698,15570,17761,14258,14587,14415,13202,32805,8520,8864,15873,3215,17012,17454,10161,16280,8269,14676,13724,10226,8411,12132,17164,14307,12523,11464,11053,12436,14345,12479,16277,6052,5908,4908,20463,10753,5679,14554
"COG1004",9553,10115,14164,8628,7006,9342,10881,16645,8970,8478,12093,9939,7591,9457,9168,12900,10015,10997,46983,10841,7974,11115,7301,13677,17038,40835,8688,7388,10423,10118,8278,14085,11350,8395,9314,8068,29799,17087,7748,12018,11635,10276,7881,10332,12008,10670,73195,17103,6828,5320,9406,9065,9285,7748,9085,8155,24503,12134,8663,11917,57465,10452,12248,9600,10399,8684,5298,12672,12834,39181,8113,6625,9285,42039,17719,10942,6768,11044,6514,8574,10226,7931,7297,7989,11089,11321,14788,9213,9064,8836,8450,8606,11567,6726,11107,37846,12105,7712,4444,11986
"COG1005",7139,6251,7555,4985,5290,5871,7487,1983,8189,7964,7881,7392,8683,8075,8160,8054,7879,7708,1893,7690,7673,6286,7651,6678,2418,3002,5076,8736,5143,6261,7903,1794,6981,8049,8112,8299,1375,8378,9369,8058,7392,6930,9537,6201,1674,9147,2474,2146,8828,4028,6818,6521,6553,7720,10832,5642,3849,7749,6847,7116,1876,5482,7140,6738,7746,7063,4341,7736,8711,1492,9360,5531,7463,1678,7551,6747,7989,8080,4908,6275,5462,8890,7910,3915,8818,7145,2065,8129,9133,8018,7216,8510,6270,2969,2443,1494,7917,9309,948,7984
"COG1006",188,185,244,302,404,343,243,736,210,319,153,254,294,272,247,155,184,204,205,91,190,362,378,248,545,133,279,410,403,297,220,427,244,272,146,496,225,137,386,204,145,238,374,297,477,111,53,654,509,424,156,203,313,308,318,334,318,191,166,122,271,342,269,307,136,134,459,201,128,201,441,390,171,185,208,238,358,177,480,233,569,359,463,284,119,120,582,287,416,250,134,330,235,907,677,294,246,265,92,161
"COG1007",9303,8663,10651,6966,6848,8122,9861,2864,10682,10758,10980,10633,11138,10476,10721,10229,10786,10898,2671,11284,9937,8410,10126,9439,3797,4313,6523,10843,7027,9341,10162,2388,9606,9480,10433,10210,1966,11432,11787,11049,9802,9017,11651,8910,2108,11969,3349,3341,11309,5182,9011,7657,9220,9939,13096,7243,5129,10968,9169,11394,2738,7891,10265,9018,10474,9882,6141,10382,11713,2170,11252,7030,9858,2294,10133,9975,9958,10480,6109,8008,8066,11631,10145,5512,11869,9626,3207,10139,11875,10353,9944,10974,8532,4794,3423,2054,11418,11755,1143,10351
"COG1008",13173,10618,15429,7402,6648,9550,14599,3142,11221,11473,12735,13514,11551,11819,10655,11554,15552,14080,13780,11229,13162,10775,9583,13206,3951,6865,9976,10104,8608,11223,9429,1994,12968,6344,11416,8510,1987,12660,10922,14245,11934,10728,10060,11294,2229,11977,29925,3372,11909,5607,11238,10471,10777,12015,8936,13992,5864,13701,10707,12836,2917,9700,13431,11800,12834,9992,6395,11558,13150,2542,9995,8097,13607,2324,15957,13214,9659,13675,5418,9952,9751,9377,8687,5825,12297,10092,3306,9870,12662,10054,10297,11060,10156,4513,3552,3917,13931,10827,1295,13022
"COG1009",14150,11914,14252,9354,9951,11014,13062,6484,14275,12743,14546,12867,15437,14190,13166,13612,14689,14138,5398,14276,13786,12219,13403,12842,9425,7543,10541,13319,10440,11549,14738,6130,13719,11047,14207,13570,4604,14741,14036,14971,13629,13945,14095,11266,5052,15275,4926,6906,14642,8867,12453,12494,12310,13649,15103,12551,6368,14684,12722,14437,5640,10680,14226,12659,14033,12638,8521,14008,16014,4214,14081,10024,14078,4674,14265,13141,12408,14453,9091,11640,11328,13507,12779,7340,15910,12859,9345,14580,12737,14091,12675,12049,11808,16370,8451,5047,14140,15695,2365,14511
"COG1010",2876,1548,2084,1111,730,1398,3495,579,1205,1098,834,2523,1225,1887,1442,1142,1517,2369,279,1128,3301,1757,1186,1064,664,1398,3118,1239,1248,1795,1200,602,2708,1817,871,1543,114,992,1544,2114,1705,1090,1739,2312,287,963,300,844,879,456,2408,1651,1345,1887,2673,5838,138,1908,1617,1070,251,1550,1744,1941,1891,619,1584,854,1211,470,1783,1188,3633,530,2642,2787,1229,2313,940,1330,1498,1644,1505,939,113,393,507,1054,982,1556,698,1114,1411,823,594,457,1861,1655,82,1605
"COG1011",7282,8105,7585,8046,8373,9306,6217,5303,8715,9491,9260,7425,9999,8493,8348,7511,8838,7166,3474,10122,7406,8192,8803,8893,4698,3336,5730,9690,8936,8281,9641,6007,7971,6643,8476,8741,6194,7954,8843,7498,7888,9362,8027,8856,7366,9732,2768,7660,10261,8774,7350,6281,8959,9912,6963,4569,6702,7795,7597,9328,3592,7826,8151,7288,7927,9600,9504,9233,8405,2916,8965,7474,7146,2232,6718,7982,8905,8454,7911,7486,9719,8065,8333,8305,10499,10547,5347,8875,9599,9409,9369,9011,8011,6797,4956,2667,8094,8725,6624,8376
"COG1012",51602,61168,47796,60888,47603,57149,43297,37237,55512,46805,56274,47451,43650,48430,53681,52751,51030,49170,26288,56874,46754,53703,53879,53277,39710,27905,40169,53451,54131,51463,41548,41436,43541,42553,56185,46614,33667,52515,52212,48211,51930,54357,55723,48716,33926,53466,18861,31808,54382,47934,51964,56982,55801,38869,51854,36200,29491,48290,59102,52470,25908,55324,46030,56081,53863,59277,71620,56682,61370,23568,51183,55568,43928,50887,47381,48625,54735,48126,46581,54495,53642,51696,52092,58904,54567,56116,49239,47438,46544,50597,60637,47974,61230,50619,36111,22661,46792,47558,41595,57106
"COG1013",755,472,674,507,1241,288,573,515,1256,6029,529,526,1758,1110,2589,1425,974,536,223,998,943,547,2101,804,479,404,654,1902,354,286,1599,562,796,1693,1208,2079,143,1088,2848,670,766,858,2342,417,248,1255,257,335,2228,1027,2334,2321,1104,3975,6249,1984,7882,2034,2418,1734,2067,979,2326,1452,2241,2801,472,3188,3571,557,6103,3164,2016,9488,2135,1017,5969,2412,3243,2032,921,7303,5151,1414,2803,3491,980,5626,16512,4363,2915,16228,1580,428,508,686,1738,6318,612,2060
"COG1014",1739,1224,1554,1622,2504,1246,1554,3083,2377,7345,1655,1472,3608,2437,3779,2582,2272,1187,749,2127,1805,1812,3431,2044,2114,452,1391,3788,1799,991,2912,1332,2112,3447,2220,3790,421,2005,4451,1500,1543,2107,3933,1274,1170,2727,643,1636,3758,2178,4860,4503,3631,7871,11314,4623,11275,4570,5458,5103,1589,3158,5673,4264,5042,5693,1858,6997,6444,1286,11334,5937,4564,2577,5949,3889,10073,5420,6283,4358,4358,12128,9671,4837,6829,8552,4452,10830,22953,9413,5909,21635,4022,9377,5575,1794,4705,10377,923,4722
"COG1015",824,950,842,1302,537,336,522,589,801,966,818,500,404,522,845,569,1008,900,420,588,372,715,968,751,730,452,257,499,494,444,331,382,507,367,635,437,370,845,702,936,643,581,617,328,68,719,469,1303,660,363,901,966,358,226,619,445,199,799,873,610,529,627,1314,1291,727,881,944,740,909,125,389,306,348,254,954,708,614,525,372,730,438,914,563,1357,1434,412,703,238,466,584,825,641,1007,1531,456,475,965,208,201,679
"COG1017",27,83,25,10,1279,14,6,1272,5,30,17,11,30,49,110,40,10,36,873,24,98,10,287,10,621,459,428,76,24,16,239,1047,15,463,8,194,776,23,36,18,13,274,113,43,1126,14,107,328,115,1575,32,267,12,193,242,102,469,5,4,41,670,8,42,16,3,2,33,84,49,316,167,127,86,617,3,20,24,11,458,204,26,147,322,10,0,87,206,71,131,25,8,74,10,1949,587,568,20,23,700,6
"COG1018",1583,2092,1929,6170,6889,1662,1186,7575,2567,2797,846,1195,2637,2248,3516,1570,1294,1458,4578,2187,2182,1508,4874,1883,4911,3084,3216,3627,2453,1719,5092,10014,1999,5306,1804,4634,6834,1528,3621,1279,1864,2400,4168,1992,8058,2245,1432,8095,3029,8049,1648,4231,1554,2720,5009,2249,4661,1088,2384,938,3908,2378,1670,1938,1327,2477,9065,1524,1810,4259,3619,3875,2148,3824,1752,1469,3257,1343,7126,2534,2007,5061,4713,6470,1076,1373,6196,4285,2339,4124,2485,3288,2119,13112,4988,4378,1426,3004,8602,1179
"COG1019",100,116,109,95,606,1,69,0,551,178,41,121,516,471,841,700,425,119,23,408,586,11,852,71,0,97,251,1190,3,26,818,277,146,1815,610,1394,22,455,1287,148,215,262,1575,131,27,534,136,0,811,231,263,118,37,513,2551,54,78,186,336,106,67,15,66,68,212,285,39,135,450,12,1433,264,409,91,202,36,708,238,807,486,4,1654,1373,50,70,213,0,801,285,644,325,519,97,2,0,31,128,1644,72,223
"COG1020",456,255,163,564,2618,246,210,2609,314,179,156,240,404,493,379,396,266,284,674,204,349,104,423,163,497,314,320,269,152,212,590,1962,206,1649,492,626,719,359,203,210,376,285,457,540,451,134,171,6900,378,3917,1146,531,561,3261,1431,2979,1236,582,796,635,3098,1581,479,350,1018,998,962,927,1191,1488,1989,1111,2303,2586,1025,872,1686,1161,1872,1456,366,1073,1425,1269,366,548,1966,682,913,1090,943,906,835,2818,1361,2247,392,916,3192,585
"COG1021",20,26,14,26,249,22,43,271,70,122,10,18,229,72,66,47,5,35,18,23,69,70,166,31,658,25,83,184,35,14,145,293,64,180,68,235,25,33,145,33,60,50,310,42,16,25,12,10,258,239,34,22,11,129,111,34,74,15,7,21,98,123,48,12,39,28,82,51,40,70,204,231,37,34,18,25,143,50,150,58,47,153,254,32,7,22,346,204,307,57,38,220,36,1786,556,69,25,292,58,42
"COG1022",12639,12954,14151,9243,9342,12106,13166,4636,13033,18122,15117,13680,12005,12310,13692,14506,14374,14709,5903,15208,13085,13615,11495,12816,5963,6245,11809,11405,12226,13208,10218,5848,11597,9219,13337,10062,6613,14987,12932,14660,13341,13020,11237,12903,5613,13621,5181,6538,12303,10130,13631,10824,12825,11792,9454,11946,14880,15048,12796,15126,4665,11297,13812,13152,13876,12604,8757,14159,16011,4110,11491,11261,12810,3440,13192,14238,10499,14542,8017,11888,12303,10716,10961,9222,15385,13872,6942,10605,21157,10891,12303,19098,12962,11550,4515,5842,14697,12189,8584,14582
"COG1023",212,135,7604,290,143,7,215,740,213,236,432,21,456,318,167,126,3821,61,18420,207,100,71,117,5830,611,771,52,215,80,21,462,131,213,55,166,261,70,1587,144,271,157,227,163,124,774,489,72560,757,277,188,71,1023,19,321,115,118,985,227,989,102,171,325,3573,470,206,502,125,202,261,202,288,134,101,90,10994,468,269,174,147,43,40,72,175,223,115,216,229,312,410,326,520,289,537,50,16,2072,66,360,41,83
"COG1024",34601,35565,27799,38642,36203,36320,31243,33240,40038,38759,31727,31584,49462,38619,35903,36569,35629,30672,15062,33042,34925,33233,37400,33103,32448,11889,28246,40165,33984,33480,35319,27420,35301,27283,38721,38307,19714,34698,39026,30214,33187,37165,38288,34984,26446,37081,11119,27553,44783,39116,34134,35563,35341,42380,32508,25881,20389,30686,37456,30078,13701,34918,31458,34156,32986,40307,41903,38048,37651,15596,37086,37171,29109,14784,30292,31530,40053,31741,33557,37806,32815,36257,35601,40390,38024,40917,28706,38202,37801,42392,40452,38453,35216,50385,32740,13440,31429,39932,27702,33866
"COG1025",777,812,720,1247,4769,320,1092,1339,1032,1583,671,781,1334,914,1893,1553,1251,890,1796,672,883,1038,3055,1193,1736,1551,3010,2838,1037,657,3283,4233,987,2555,824,2987,4753,1268,2554,876,987,2265,2560,1359,4481,1053,286,520,2628,4662,818,2262,559,1763,1714,966,2388,846,511,1182,2794,920,1132,521,611,643,516,993,1397,1345,2593,5397,981,897,1036,768,3189,1054,5460,1400,1798,2155,3224,1251,722,1498,433,1818,2069,1215,696,2035,899,1256,175,2061,658,1892,9309,686
"COG1026",1969,2517,1428,2890,1304,2096,1861,1334,1379,996,2256,1791,1138,1428,1258,966,1867,1422,432,1461,1580,2227,1005,1953,532,492,1326,1272,2587,1919,2299,1263,1724,452,1428,1076,1026,1602,710,1374,1361,1127,1021,2096,1619,1378,357,24,1048,1853,2146,2119,2074,1086,684,1546,471,1459,1862,1870,440,2458,2542,2574,1595,2192,3932,1253,1244,367,740,2269,1728,138,1551,2148,1288,1245,1415,1551,2508,1079,857,3118,1492,2061,141,850,1405,1742,2174,1351,2284,567,70,398,1736,548,3182,1775
"COG1027",49,4,18,687,1233,18,21,56,669,441,24,16,570,646,1242,249,140,57,747,709,370,2,1437,26,286,317,168,1929,14,15,1137,1366,265,3466,567,2688,296,248,1996,11,159,161,3166,157,598,937,75,122,1202,423,104,58,12,383,4967,135,330,13,257,90,382,7,22,13,199,343,154,64,256,429,2662,458,522,833,71,58,1603,36,1425,75,25,3150,2330,619,36,36,1796,1073,753,1085,324,1146,0,277,812,838,29,1602,204,9
"COG1028",81572,80721,71654,79193,76468,80500,80106,78556,87365,76286,77323,76087,106357,88674,75999,76710,81417,75710,35543,77794,80640,78393,77438,77879,69140,32859,71623,89832,77598,79003,85099,57949,88859,56516,81063,88775,40843,74228,80781,75276,77720,82217,83168,77463,53409,85405,28847,57012,99131,78940,76505,74443,79084,93893,70093,74115,41898,73231,82618,72478,35419,80799,74464,79380,79270,84952,77748,84223,77025,36454,87375,83278,76765,27836,74530,78737,87074,78890,72793,81536,80058,74309,78810,76800,85511,92146,72299,91960,71104,93734,85402,75044,78294,88661,70049,31489,75474,89698,55825,80265
"COG1029",172,226,354,199,101,222,203,443,267,332,334,124,150,273,187,236,226,129,137,299,116,258,136,400,117,255,94,161,342,279,203,30,153,72,258,156,83,256,221,185,335,154,150,225,7,235,79,19,206,100,150,289,228,251,113,100,51,125,178,262,120,270,155,163,303,213,92,222,157,56,173,63,160,105,172,240,223,201,113,179,240,148,115,107,265,146,48,324,384,202,179,320,158,230,180,335,239,237,27,208
"COG1030",837,543,724,518,1595,482,591,1671,1229,3263,585,600,1692,1077,1703,1653,729,680,155,1355,1104,712,1890,746,713,183,1119,2467,579,563,1567,476,509,1590,953,2230,226,1320,2466,805,728,1202,2600,395,756,1239,129,928,3314,1589,1021,555,484,1551,1703,1048,1903,719,811,937,238,619,941,589,729,769,27,1393,1114,277,2491,1917,646,186,884,262,2893,1219,1328,891,375,2077,2145,457,1696,1887,241,2088,4094,1296,777,3548,686,1940,582,352,408,2254,370,975
"COG1031",394,442,540,135,151,82,356,0,913,234,97,196,1312,576,545,1220,720,256,140,386,1233,3,312,361,0,50,421,466,47,163,522,19,97,163,1307,215,20,750,543,347,723,504,524,240,127,335,130,0,591,153,697,681,160,513,387,287,858,438,987,154,59,213,155,380,657,875,258,362,724,117,335,175,513,51,305,75,595,299,145,1219,0,279,384,41,267,279,0,502,433,554,937,215,337,0,0,405,254,1318,176,348
"COG1032",6553,4345,9844,5885,16618,3201,7192,10596,8687,50990,5428,4704,8162,9225,20931,8703,6799,4743,16278,9301,8890,6644,21127,8545,7473,17189,7269,24329,4390,3630,23338,16041,9925,22418,8504,25608,9063,9086,26069,6981,7240,7807,28219,5654,18873,9102,23559,14551,19223,10670,3100,7596,3576,8264,32299,7332,55672,6178,6721,4916,25173,6872,6895,3736,6970,4989,2462,8845,9043,10186,27923,10433,10472,30564,10433,7572,17061,7784,18697,4581,6148,28546,23943,5143,2877,5516,5529,20117,56728,11205,5170,46042,4648,2520,7110,18097,5039,18126,5288,7163
"COG1033",17228,17684,16448,17756,17459,17182,12867,10692,23233,21361,19180,16017,19227,17617,22579,26245,20175,16007,9713,21454,19880,18410,21189,17431,4269,6748,17506,21473,16814,16541,20578,10728,15353,15069,22158,17408,10588,22065,24082,17156,19956,19159,20903,15480,15029,20875,6276,2577,22596,16142,18901,17734,17913,18525,16003,12677,11661,18119,19713,20953,8453,17564,16480,16160,19133,23869,18877,19346,22668,5797,19044,20300,15120,6078,12897,13804,24139,18846,17604,21529,16670,20009,17282,18244,20906,21709,2553,19467,19318,19217,23306,19602,16852,5780,3913,7260,16467,24663,20589,19698
"COG1034",7702,8246,8434,7752,4476,9312,6384,3732,8924,9402,11856,8476,6570,7811,8144,7239,9098,8534,2749,9930,5510,9395,7348,9153,4290,2920,2581,6186,8634,8286,5359,1384,7208,4893,9139,5289,1831,8237,8192,9097,8400,8036,6807,7493,2373,9960,3064,4367,6069,3158,7216,6819,9389,5080,6931,2814,4272,9055,7920,11771,2609,8252,8249,8187,9074,9235,7222,9916,9063,1390,6317,4817,6613,2148,7198,8176,6177,7878,3461,6186,9410,7043,5703,6218,11956,8273,3947,6780,7970,7511,9007,7734,8521,4052,4065,1856,9647,6047,517,9210
"COG1035",267,364,531,407,1062,49,383,25,593,2600,437,218,725,521,1344,672,1060,152,54,668,518,254,1573,668,313,107,194,1942,189,129,635,242,468,732,610,1487,45,1285,1776,627,476,348,1983,186,345,570,391,170,1724,805,312,266,117,446,1654,232,482,607,433,308,110,180,731,498,485,604,53,616,927,221,2037,1121,565,81,901,315,1289,442,990,275,343,1665,1881,261,549,469,196,1049,1854,473,631,2208,380,76,168,78,349,1094,45,369
"COG1036",46,69,140,45,22,103,92,83,66,53,112,77,43,69,28,41,111,80,13,70,25,85,21,125,33,18,30,29,183,126,39,1,70,21,56,33,6,122,36,87,79,57,34,110,1,75,20,0,13,13,61,79,172,44,28,41,11,71,35,101,17,72,71,76,57,58,13,56,57,6,29,11,34,22,58,115,9,65,23,71,154,26,26,26,99,44,2,69,52,39,48,63,75,105,34,16,130,32,0,63
"COG1038",2501,2816,1969,3157,1612,3718,1476,2856,1901,4275,1500,2298,1904,1874,2178,1434,1715,1968,1183,1117,1532,2521,1607,2271,3344,824,1858,670,2783,2677,1299,1911,1543,1315,1864,1586,1129,1524,1703,1888,1688,2164,865,1886,1179,1462,418,1885,806,1239,2198,2132,3263,1665,815,2008,1680,1647,2119,1442,1192,2953,2038,3467,1913,1739,3728,1698,1575,1543,816,1166,1476,1135,2868,1826,1142,1533,1705,2807,2911,1244,1418,2870,1279,1830,5873,1177,3172,2447,1793,2887,3058,9496,4681,1292,1913,942,408,1786
"COG1039",97,34,95,56,205,115,44,0,126,89,11,64,102,117,65,80,52,66,0,40,117,41,67,120,0,5,139,72,98,104,80,0,40,786,49,63,2,48,86,105,69,109,72,25,65,2,27,1,98,51,83,82,87,102,18,163,284,44,61,4,4,206,182,125,83,79,0,155,44,4,85,59,130,6,125,21,176,79,48,108,128,71,52,60,2,55,0,126,55,104,65,99,78,0,0,4,38,72,6,72
"COG1040",227,161,160,1018,1401,162,188,1849,139,1454,80,144,287,218,616,167,194,123,718,82,153,194,808,247,1907,507,846,732,725,124,566,1635,260,1019,91,1064,1407,122,573,135,242,530,857,241,2475,35,157,1873,806,1579,195,734,125,440,482,602,1595,86,111,114,813,407,254,143,72,65,841,240,145,927,725,1248,144,534,208,142,1482,197,1378,335,652,684,966,1314,47,205,2156,413,2057,299,71,1703,170,2217,1692,581,142,322,2033,89
"COG1041",426,438,512,223,162,63,308,0,944,334,82,206,1015,623,554,1384,734,295,117,376,1035,12,268,306,0,84,503,517,37,134,489,41,264,146,1063,256,18,1062,521,345,586,602,477,377,167,357,470,0,685,165,739,471,145,619,286,222,1094,477,770,128,83,196,171,274,573,757,417,353,947,177,430,188,660,64,470,203,536,477,141,1033,12,267,329,136,244,381,0,633,483,566,760,329,264,0,0,89,298,1063,152,473
"COG1042",1864,2283,1676,4387,5024,1972,2654,3303,5145,5431,1024,1554,7334,5175,7393,2969,2687,1706,934,3751,3789,1683,9156,1873,1967,1327,1888,8543,2260,1849,7334,2162,3736,9882,3995,9438,1078,2455,10112,1829,2024,3379,11737,2665,2019,4906,545,10706,7605,3688,1810,2071,1753,4666,15065,2652,2478,1833,3542,505,1274,2477,1643,2173,2514,3457,4976,2522,3322,319,10484,4346,3453,1294,2477,2884,7709,1511,6914,3423,2812,12803,10136,3750,1216,2499,890,8115,6680,7716,3618,7284,2278,4589,1853,762,1788,8224,670,2108
"COG1043",5024,5234,4616,4082,2634,5958,4729,2066,4355,4382,5479,5572,3101,4131,4356,4326,4340,4798,1497,4758,4577,5554,3797,4690,1265,1920,4081,3220,5238,5564,3317,2146,4596,2706,4416,2823,1827,4105,4037,4817,4699,4361,3175,4497,2362,4413,1689,1845,3289,2427,4931,4496,5661,3404,2861,4709,2530,4842,4656,5515,1447,5185,4719,5072,4989,4500,4038,4886,4343,1012,3158,2694,4438,1733,4004,4755,3344,5197,2706,4733,5101,3565,3024,4042,5197,4755,690,3607,3618,4150,4466,3601,5168,2230,1394,1468,4695,3334,1536,5576
"COG1044",6307,6501,5675,5633,3646,7576,6774,2702,5247,6007,6884,7590,4039,5402,5482,5156,5469,6703,1921,6281,5830,6989,4859,5627,1744,2222,5438,4361,6790,7346,4306,2064,5941,4318,5680,3778,2127,4839,4935,6111,5563,5526,4251,6369,2829,5682,1696,2499,4415,3047,6724,4621,7430,4771,3909,6818,3225,6798,6040,6740,1911,6303,6078,6480,6215,5805,5734,5838,5106,1480,4231,4238,5859,1517,4706,6847,4838,6041,3601,5895,6521,4591,4061,5986,6525,6126,1190,4591,4878,5041,5620,5301,6527,3326,1822,1813,6696,4224,2654,6633
"COG1045",3659,3360,3237,2784,2979,4736,3790,2273,2892,2950,3838,4137,2219,3077,2827,2470,3226,3779,1796,3127,3666,3988,2897,3519,2183,2046,4130,2362,3830,4257,2314,3192,3729,2100,2844,2155,3364,2861,2440,3391,3572,3012,2063,3798,3796,2730,1046,1916,1947,3743,3106,4045,4484,2669,2194,3652,2015,3399,3347,3599,1643,4006,3347,3246,3408,3172,3442,3196,2516,1690,2179,3328,4154,880,3187,3972,2490,3324,3121,3085,4085,2445,2454,2292,2819,2588,2154,2142,1955,2676,3105,2370,3133,2951,2196,1711,3585,1815,4607,3251
"COG1047",767,670,804,1456,2803,277,607,1669,1656,1047,369,448,1975,1298,2050,1583,1021,524,4361,1039,1481,347,2497,690,2219,2479,1557,2703,338,381,2344,2777,877,4873,1650,3222,2783,1573,2695,621,1157,1313,3383,666,3811,1124,1426,852,2191,2410,921,1559,405,1481,4578,907,4400,654,1332,436,2361,617,589,476,978,1321,1588,715,1454,1166,2954,1629,1128,2483,688,410,2541,682,3406,1519,389,3639,3388,1225,460,707,1497,2028,1669,1787,1432,1770,455,2822,1532,2423,496,2638,2419,608
"COG1048",11650,12565,12953,10075,13302,14050,10184,7946,15422,14945,16769,12256,15296,14599,14559,14714,14240,12355,7410,16746,11586,14880,14844,14244,9822,6980,9625,15208,14172,12262,15940,11128,11288,16353,15711,14858,10624,14550,15422,13485,14012,16172,15889,11913,14136,18046,4903,8353,14069,13128,11655,14252,14331,12772,18465,6276,9298,14098,13836,16591,7509,11902,12628,11300,13784,14285,8380,15669,16671,5597,16368,12603,10995,5490,10675,11253,13047,13372,15427,12252,14604,15618,15802,9002,16265,16485,10182,17329,13976,15283,14547,14930,12505,12127,8427,6712,13740,18187,12894,14257
"COG1049",9347,8339,7226,5808,5136,8831,11137,2516,4535,1425,5978,9842,3665,5987,4651,5195,6341,9058,3885,4241,10243,7040,4704,6543,2677,4372,10348,2747,7510,9501,3142,5843,8871,3321,4640,2093,7028,5249,2472,8234,7705,5449,2251,8838,6728,3395,2032,2610,2066,6981,8753,9325,8679,6202,3081,12374,3081,7582,6662,6037,2785,8597,8565,9372,6777,5943,9728,5900,5258,3374,1543,5330,10708,1492,8933,9226,2787,8131,7283,8391,6268,3987,2484,6074,5265,4498,905,1760,852,4607,6208,1648,8626,4223,1675,3261,8202,1200,9658,7374
"COG1051",1672,1550,1566,1733,1949,1482,1408,2069,1930,1676,1386,1335,2811,1874,1740,2046,2069,1426,1463,1475,1680,1341,1863,1652,1486,1229,1443,2175,1523,1348,2383,1613,1555,1724,1989,2241,1259,2449,1815,1563,1540,1983,2142,1719,3004,1967,2130,2225,2609,1664,1868,1292,1435,2236,1670,1279,2943,1516,1608,1271,1758,1584,1889,1738,1458,1835,1910,1778,2145,2057,2172,1824,1271,1007,1542,1289,2540,1619,2948,1795,1119,1664,2396,2167,2596,2300,1816,1932,2078,2294,1921,1645,1542,1556,2016,1555,1662,2501,652,1602
"COG1052",8274,8466,6272,6053,6077,11125,6690,4218,7464,5557,10973,8459,7231,7151,6304,4904,6584,8278,3921,8500,5329,9297,5581,7099,4389,4146,4309,6259,8654,9766,7572,5537,6861,5668,6543,7061,4899,5309,5468,7428,7297,8188,5579,8675,4890,8445,2623,4411,6112,6304,7329,7230,11016,6178,6573,4382,4494,7562,6786,9983,4429,7709,5680,7275,7552,7679,10018,7679,5510,2652,7274,5501,5956,3521,5491,8128,7126,8008,5829,6707,9704,5372,5601,4332,9074,8624,3473,7951,3783,9199,8044,4871,7455,7578,4642,3841,7807,6524,5269,8279
"COG1053",23329,23141,20893,18588,13079,23376,19851,12557,24196,22155,26304,21551,24279,21954,22025,21287,23113,22337,7245,22156,19276,23230,20091,23537,6816,7916,12921,21279,22490,21728,20663,7189,19213,14244,25324,18705,5662,22028,21419,21040,21948,21030,20375,19976,5953,25083,6905,10043,20753,11966,23191,23633,23706,18714,21813,14234,8196,21766,22645,24678,5893,20756,20794,21593,23073,23241,18802,23382,24105,4094,21554,14757,17568,4453,19409,20085,19184,20536,13185,20622,22348,20329,18438,16641,28838,24361,6991,23430,18806,25240,24560,19801,23459,9248,6316,6234,21159,24030,6897,23776
"COG1054",6252,7320,6943,6328,2803,6999,5693,2137,6349,836,7111,6606,5107,6292,3825,6451,6600,6677,2119,7492,6542,6296,2780,6731,2534,2410,5278,3442,6731,6921,4582,2247,5600,2291,6732,2598,2300,6413,2788,6501,6413,6280,3100,6428,2801,6627,2160,1786,3507,2834,6993,4829,6534,5343,3075,5571,1193,7076,7026,6545,1944,6917,6877,7135,7108,7780,6331,6779,6960,1856,3023,3363,6682,1445,5784,6906,3167,6590,2928,6682,6412,2923,3156,7131,6983,6660,2354,3970,1019,5359,7383,1031,7363,3283,2355,1740,6605,4494,2613,6950
"COG1055",2963,3112,2113,2797,3929,2124,1833,1840,3785,4425,1907,2349,3862,3196,5031,4790,2658,2258,1756,3382,3813,2513,5556,1848,2143,1254,3295,4723,2688,2381,3602,3245,2008,5576,4653,4663,2613,3835,5707,2393,3089,3349,5937,2117,4142,3508,1238,1262,4709,3726,3539,2485,2370,3513,6914,2873,2469,2572,4027,2255,1765,2490,2137,2522,3245,3911,3230,3554,4129,1647,4765,4032,2803,1424,2158,1806,5317,3217,3928,4422,1467,6386,5227,3789,3492,4062,1789,3266,4714,3466,4094,5582,2944,2849,1240,1987,1933,4229,3809,3129
"COG1056",207,155,183,83,448,48,116,36,595,197,57,52,647,524,548,619,330,137,185,457,596,33,648,135,58,171,253,761,33,86,801,248,185,1149,602,716,145,501,758,174,290,336,948,70,788,594,134,161,522,207,311,197,86,369,1617,169,333,197,401,38,199,51,96,131,264,403,127,170,428,120,885,212,343,119,161,77,551,168,1028,424,10,934,831,76,105,154,41,664,397,678,451,438,92,299,28,380,107,1124,107,183
"COG1057",3555,3747,3956,3331,2421,4542,3173,1505,3380,3107,4362,3913,3206,3678,2901,3388,3484,3740,1181,4395,3461,4083,2294,3999,1602,1522,3134,2709,4073,4435,3278,1402,3620,2384,3568,2407,1428,3353,2641,3914,3502,3709,2390,3785,2188,3945,1224,1379,2768,2178,3879,2306,4574,3420,2395,3451,2011,4036,3626,3987,1237,3778,3960,3800,3808,4232,3147,3953,3282,1344,2411,2381,3646,979,3425,4243,2272,4172,2282,3678,4269,2507,2337,3580,4280,4062,1986,3011,3009,3304,3789,2873,4040,1719,1460,1031,4162,2716,1484,3841
"COG1058",5315,4866,5444,4097,2301,4843,5871,1980,5010,4761,5366,5751,5027,5206,3931,5353,4963,5951,1303,5431,5128,5508,3093,4753,1656,1988,4539,3656,5064,5188,4363,636,5467,2154,4586,3310,761,4833,3732,5792,4765,4721,3383,5038,866,5410,1578,1420,4162,1946,5200,4040,5224,5082,3127,5556,2315,5498,4930,5418,1137,4917,5187,5206,5414,4481,3840,5383,5081,1129,3984,3042,5172,904,5283,5519,3902,6275,1907,4310,5029,3081,3201,4487,6180,5312,1711,4736,4915,4717,4359,4264,4989,1283,1658,1106,5576,4328,486,5751
"COG1059",6,4,48,0,2,3,15,3,21,59,10,16,22,31,10,11,22,14,0,19,16,0,0,16,0,6,2,0,1,0,13,92,11,2,17,2,3,8,6,24,9,11,7,3,117,47,264,1,0,2,8,4,0,6,1,0,233,1,5,0,5,0,9,6,6,3,0,3,4,0,0,1,5,41,6,2,1,3,0,3,2,6,0,1,0,2,0,9,59,2,3,27,12,0,3,0,4,1,0,7
"COG1060",3899,3603,3355,2954,5808,1353,2707,2394,6889,4834,2825,2135,8127,6045,7413,5550,4399,3385,1630,5353,4580,2216,7973,2930,350,1984,3339,8971,1489,1813,9097,3183,4060,10798,5980,10276,2305,4917,9645,3703,4279,4417,11874,1980,1244,7374,1502,1149,7783,4648,4056,4108,1761,5911,15640,2860,1239,3261,4542,2173,1901,2123,4034,3614,3782,4718,1899,4517,6088,951,11192,4788,3979,1408,3203,2351,8114,3472,8069,4269,1454,12105,9843,3108,5062,4248,301,9234,5254,8913,4837,6075,3380,200,166,1654,3257,10536,3693,3616
"COG1061",7240,8761,22712,14390,7829,2651,11867,30065,5899,4531,8201,5869,5496,5265,6581,15877,11669,10577,88605,4629,4515,6003,4205,17919,31490,68662,6613,2898,5610,3799,4797,31425,10795,7259,5824,4738,47608,27021,3619,15247,11816,7663,3700,9258,24387,5230,176373,43047,3514,6123,6979,18755,3050,5607,4442,6504,41363,14346,7833,7630,72505,11274,15164,8119,8511,7039,6292,12780,16204,109456,3696,3322,6192,74390,32423,8705,5106,6956,9614,6597,6130,4029,3212,12214,6623,6258,33345,4979,3304,5292,6223,3689,10894,3777,36637,96469,14661,3030,6949,7131
"COG1062",2749,2804,2378,3495,5632,1770,2580,4319,3722,4868,1524,1723,6520,3727,4259,3692,2757,2036,3445,2335,2994,2037,5728,2733,6937,3297,3162,6439,2120,1785,5373,4171,3706,4460,2770,6856,3595,3557,5897,2295,2569,3865,6275,2539,3753,3203,6713,3863,7331,5707,2279,3535,1595,5043,4779,2704,2476,1976,2962,1189,4507,2939,2370,2281,2342,2394,3470,3495,3914,4129,6703,6206,2697,1732,4042,2662,7080,2730,5135,3210,2863,5135,5594,2966,2552,4350,6622,5414,4707,4704,2524,4789,2496,8035,5599,4909,1923,5621,3381,2879
"COG1063",6099,5275,5260,6158,6978,4902,4868,7711,7616,9150,5296,4498,13097,7599,7465,6029,6247,5066,2958,6125,4785,5510,8381,5428,4851,2854,5399,9707,5319,5211,11475,4807,5769,7899,5891,10054,3421,5610,9113,5681,5369,7958,9847,4341,3886,8025,2367,3749,11284,6770,5264,5468,4987,10113,9347,4744,4491,5235,5243,4731,3136,4899,5787,5470,5355,5500,3656,7445,6586,2380,10329,7436,4493,3492,5635,4571,10658,6592,6497,5256,5420,8421,9226,5697,7751,8658,5492,12392,9801,10192,5538,9413,4866,4722,4542,2810,5486,11836,4140,5916
"COG1064",2904,3532,2620,3465,4017,4185,2316,2606,2871,3168,1679,2038,2880,2899,3997,1576,3204,2375,1690,2756,2203,2074,4232,3879,2252,1579,1921,4700,2894,3097,3928,4366,2164,7935,2837,5912,3034,2194,4431,2071,1877,2032,5763,1970,4092,2982,948,2959,3275,3039,2961,3819,3355,2379,8324,1884,3647,2114,2585,1433,1718,2971,3034,2957,2201,2932,4534,1702,2225,1523,6258,3687,2505,1292,2683,1819,3705,1758,4411,2258,3039,5948,5836,2711,2973,2100,1423,4068,5738,4251,2976,4657,2983,2888,1967,1738,2359,4660,4474,1740
"COG1066",3496,3707,3616,5624,3414,2398,4441,4043,2692,3658,1946,3812,2809,3067,3199,2822,2386,3665,8673,2267,4695,3432,3288,2630,6030,5562,4989,2996,3381,3438,3114,3580,4455,2587,2404,2862,4888,3371,2669,3450,3768,2897,3027,3582,4408,1770,3643,4366,3541,3808,3856,4217,2508,3748,2220,6399,4877,3209,3513,1895,4123,3576,3714,3611,3370,2399,5543,2489,2505,6888,2687,3665,4579,3338,4294,4049,3413,3648,3486,4028,2767,2890,3196,6261,1927,2150,5984,2190,4719,2355,2426,4190,3776,4868,4717,3358,2929,2345,3663,3227
"COG1067",776,755,919,225,2749,130,592,3083,1317,709,192,465,2137,1039,1154,2230,1258,682,1796,701,1736,37,1409,657,1340,1152,2252,1421,136,281,1842,2848,287,1498,1643,2003,2967,1940,1243,709,1317,1626,1351,525,4949,685,1096,2340,1656,3847,1284,1986,242,1695,1096,1134,3613,788,1120,344,1735,344,502,616,871,1101,471,794,1917,1226,1140,2077,945,1313,788,232,1326,719,3937,1973,77,999,1548,100,427,962,578,1606,1420,1044,1131,1282,460,1206,647,1811,586,1932,4861,858
"COG1069",169,184,113,163,830,244,219,834,379,417,89,227,372,293,548,292,322,232,121,126,263,281,687,192,607,163,598,810,441,252,527,257,246,543,284,851,214,163,782,243,271,389,831,496,163,118,92,784,725,452,264,189,241,496,470,344,280,166,190,161,415,387,282,283,258,205,110,243,222,210,837,1891,345,96,237,172,1159,408,535,270,385,521,1110,119,29,270,2379,721,382,260,204,465,170,196,707,169,140,927,2288,241
"COG1070",5132,5904,4795,4599,2310,5342,5731,3731,4062,2268,3136,5207,4493,4389,2954,3343,3978,5126,1123,3051,4629,4924,1934,4895,3754,1730,5646,2196,5132,5349,3128,2036,4756,1214,3398,3046,1280,2802,1766,4684,4031,3980,2282,5109,1013,3350,1095,2897,2322,2392,5341,4887,5078,4762,1961,6605,1007,4575,4985,3319,1216,5896,4770,6242,4276,3766,4678,3169,2989,1514,2462,4726,4476,1018,6269,4839,3032,4666,2909,5362,5394,1366,2430,4787,3421,3760,11107,3630,1690,4515,3751,1934,5708,2860,4850,1361,4469,3250,4472,4073
"COG1071",10207,9842,7914,10934,6077,6852,8806,4164,10810,8574,6779,8520,13237,9952,9173,13594,8730,9182,4294,9892,11403,8914,7806,7264,6340,4623,9330,8793,8681,8019,9866,3684,7796,6048,11835,7496,3672,11840,8132,8408,10127,9742,7272,7971,4421,10692,6431,6129,10924,6335,12384,9094,6745,11393,5677,11535,8143,9190,11136,6658,6764,8428,8895,10194,10192,9838,13161,10732,12101,4388,8823,7043,9139,4358,8394,7850,9191,11116,4922,11515,5945,7434,7985,14618,12532,10541,7688,10237,9610,10603,10040,8075,10279,4559,4951,4164,7242,11618,3779,10511
"COG1072",97,109,122,175,37,126,77,268,138,96,76,84,105,153,68,99,124,81,15,98,99,83,58,160,304,22,41,44,152,93,131,62,76,21,162,86,22,138,30,92,137,100,71,102,20,143,44,188,40,37,333,288,273,449,110,247,31,248,404,208,159,341,299,419,354,578,383,427,354,217,166,155,368,45,439,304,172,282,76,399,590,60,226,558,548,352,2184,153,206,314,536,191,399,310,1351,66,239,148,156,239
"COG1073",7277,6862,5321,4301,7197,7289,4775,8290,6774,6722,8194,6025,7996,6892,6052,5885,6076,6910,3988,7426,5562,6230,6001,5590,6198,3829,6545,6454,6236,6714,8308,6187,4555,5059,6653,6542,6082,5620,5551,6288,6917,8186,5270,6424,6893,7367,1942,4883,6675,9138,2666,1910,2361,2562,1589,1915,1642,2093,2174,2542,1558,1847,1941,2252,2246,2213,2076,2440,1885,1322,1984,2820,1955,1097,1729,2126,2601,2451,2740,2060,1999,1793,2152,1348,3030,2397,3924,2991,1780,2789,2231,2000,2108,1385,1585,1560,2370,2223,3822,2328
"COG1074",8072,7852,8710,10306,7813,4866,10348,8527,7544,6699,3683,9600,8184,8126,6955,9993,7220,8901,3941,5175,11910,6098,6468,6070,10224,4130,12911,6207,7140,7320,7010,6762,10015,7597,8572,6312,5055,6305,5457,8122,8051,7458,6143,8739,9180,3698,2370,6707,7235,8179,9206,8075,5726,9643,4301,12260,3140,9002,10052,5112,3435,7914,8695,8217,8414,7802,12319,5911,7459,5201,5234,7321,10480,2490,8682,8872,8004,8491,8436,12355,6470,6446,6487,12598,4958,3840,8311,6174,4391,7028,7972,4841,7190,12202,9380,4562,8140,6626,8078,7743
"COG1075",2024,1309,1795,603,1740,496,1538,688,895,2143,553,1133,944,1022,1213,1940,1221,2454,1173,1200,1934,629,1214,830,1005,1481,3895,1281,475,1564,1171,2011,1186,1995,1011,1191,1923,1823,1269,1301,1071,1727,1345,1084,3329,947,329,852,1563,2163,1910,1136,636,1674,832,4212,2024,1212,755,957,944,689,1302,1327,1048,565,457,1400,1623,777,1062,1372,1934,829,1477,1153,1021,2345,1717,1477,618,1072,1416,428,903,1598,863,832,1811,994,595,2382,1084,3557,997,1007,970,1338,1729,1849
"COG1076",1485,1656,1470,2115,2409,2740,1543,1817,1785,2764,1941,1992,1585,1833,2424,1673,1874,1809,903,1808,1512,1967,2928,1737,1483,854,1665,2742,2133,2458,2096,2075,1791,1862,1924,2313,1956,1635,2680,1650,1841,2083,2397,2124,2145,1730,621,1696,2358,2520,1378,1528,2830,1538,2110,1200,1474,1604,1895,2203,1234,1849,1719,1845,1887,2029,2209,2168,1914,731,2395,2601,1572,675,1560,1933,2431,1653,2427,1886,2205,2866,2410,2135,1186,1924,897,2126,1957,1695,1866,2032,1367,2351,1552,938,1919,1423,3365,1759
"COG1077",7844,7835,7654,6470,4245,8569,8118,2953,7472,6819,8521,8384,5792,6928,6620,6856,7790,8458,2470,7079,7990,8357,5856,7556,2850,3104,6054,5354,7882,8454,5486,2576,7386,4445,7292,4384,2762,7810,5754,7755,8373,6418,5386,6939,3161,7419,2465,2673,5700,3804,8249,8641,8357,5650,5253,7124,3469,7867,7682,8034,2236,7874,7915,8144,8692,6859,6752,7946,8078,2141,5019,5012,7539,1798,7204,7512,5594,7969,4175,7669,7311,5652,4945,6227,8822,7508,2278,6072,5856,6642,7151,5907,7875,3492,2274,2261,7646,5179,2736,8205
"COG1078",2556,1649,2179,1896,1594,1074,2847,1071,2123,592,978,2276,2536,2729,2247,2901,2081,2263,501,1856,4034,1511,1975,1280,485,1315,3440,2348,1375,1797,2185,523,2835,5048,2239,2709,264,2431,2442,2145,2159,1485,3093,2084,417,1920,495,654,1810,940,2771,1921,1268,2592,4540,4671,838,2117,2307,1052,483,1828,1734,1986,2384,1680,2020,1321,2612,592,2888,1124,3777,661,2331,2340,2125,2689,1506,2726,1073,3170,2804,2315,532,754,601,2619,723,2108,1675,1174,1672,601,322,515,1835,3312,353,2023
"COG1079",3913,4526,3924,3682,2851,3817,3618,1402,3821,4142,4038,3472,3878,3308,4761,3311,4882,3708,1620,3164,2632,2925,4853,4140,1645,1394,1787,4192,2803,3301,2360,1624,2693,2439,3466,4015,1057,4104,4761,4171,3149,3226,4436,3031,1023,4183,1457,2593,4398,2187,3641,3189,3842,2851,4707,1942,474,3800,3847,3017,1168,2232,4318,4815,3430,3626,3502,3742,4437,793,3864,3382,2249,1096,5025,3563,4485,3167,2405,3527,2685,4714,3750,3483,4764,3545,3633,2402,2947,3942,3664,3242,4079,2963,1963,1210,4425,2677,429,3377
"COG1080",1557,1463,1820,1257,708,987,1256,1711,1719,2224,1779,1223,1416,1407,1180,1325,1994,1550,1520,1392,709,1375,896,1595,1759,950,751,970,1377,1252,1646,1362,1350,318,1329,1402,830,1816,992,1892,1495,1502,1160,1174,547,1564,983,3049,1396,1069,1607,1548,1197,1255,643,1054,207,1599,1418,1445,866,1266,2453,1789,1512,1231,172,1730,2026,522,972,650,841,992,1618,1195,1375,1294,666,976,1212,817,1071,1245,2803,1031,5228,1548,1783,1858,1237,1739,1466,1523,1666,1186,2022,940,334,1421
"COG1082",5140,5476,5607,6358,5413,6053,4808,5328,5713,6230,4864,5269,7464,6227,5034,4280,5907,4685,1643,4618,3856,6279,4965,6295,1946,1907,4487,6215,6761,5023,5901,3034,4882,2676,4842,5524,3206,4531,5334,5775,4986,5255,5591,4869,2420,5234,1975,3917,6460,5768,4829,6146,5784,6616,3545,3944,3057,5462,5560,4661,1824,5889,5413,5854,4941,5811,4160,5342,3815,2505,5595,6813,3801,891,6902,4268,8676,5216,5101,5284,7356,4366,5372,6511,5107,4949,5445,7930,4522,6453,5632,5600,5481,1573,2268,1467,5455,6396,7575,4392
"COG1083",3202,2569,3235,2076,2095,4445,2913,3376,3069,4138,4410,3425,2791,3234,3090,2977,2693,2939,10278,4351,2622,4148,2449,3510,3803,9339,2667,2559,3802,4202,4251,3258,2621,3014,3394,2431,5259,3943,2859,3058,3187,4211,2378,3385,4984,4103,9767,3580,1796,1779,2677,1760,3891,2782,3570,2503,12243,3297,2678,4731,10406,3098,2912,2392,3234,2987,2647,3491,2650,3664,2750,1853,2886,9185,2586,3662,1757,3398,2158,2604,3581,3069,2508,1959,3839,4672,2293,4746,5152,3842,2876,4013,3073,525,2268,6017,3302,3243,2056,3782
"COG1084",373,333,456,202,133,53,298,0,801,171,96,178,999,606,484,1262,751,273,86,357,1050,13,249,307,0,106,413,376,32,128,454,15,137,124,1124,172,21,1103,442,318,620,415,400,206,30,372,191,0,511,99,627,474,130,611,266,190,365,413,664,133,57,137,157,257,567,738,266,292,942,87,297,179,762,38,422,112,381,408,118,845,10,243,291,37,208,308,0,439,186,443,806,130,256,0,0,104,229,894,137,452
"COG1085",447,563,440,978,2008,774,389,440,915,1139,311,537,853,905,1639,764,483,312,360,1057,697,692,1975,608,197,557,1002,2218,745,612,1638,1649,693,3485,821,2864,1610,496,2139,400,656,758,2957,495,1075,1220,141,51,1119,1824,370,986,698,781,4421,349,978,399,612,316,629,649,407,557,538,634,1192,531,700,631,2879,2424,681,221,665,378,1931,518,2454,549,725,2838,2614,963,360,812,1045,1992,1158,1269,689,1569,644,66,260,328,414,1844,3627,482
"COG1086",5527,4940,5067,3949,5192,6814,5804,7296,5040,5683,6272,6113,4411,5358,5706,5524,4404,5769,7848,6460,5099,5984,5736,5233,7493,7167,6325,5580,6364,7354,6315,4837,4795,7464,5210,5856,4929,6801,5908,4795,4942,5984,6271,5500,5317,5908,8125,6598,5110,4173,5739,3067,6140,5077,7333,6571,7816,5039,4805,6568,8350,5315,4573,4666,4999,4938,5387,5010,4122,4893,5913,3990,4782,12512,4088,5869,4937,5223,4872,5090,5036,6840,5971,4365,5618,6632,5278,6300,4963,6473,4709,5952,5238,6517,6119,6273,5082,5509,2727,5615
"COG1087",3710,3570,3538,3586,3076,4849,3787,3920,2837,3430,3786,4370,2537,3067,3177,3000,2801,3660,4448,3642,3088,4304,2839,3560,3703,3848,4622,2546,4441,4890,2624,3423,3905,3002,3098,2449,3774,2557,2893,3480,3236,3735,2435,3759,3564,3043,2501,7451,2686,3145,3675,3003,4578,3070,2232,4876,3943,3522,3006,3993,3282,4059,3468,3484,3163,3123,3729,3075,2503,6075,2570,3135,3372,2502,2998,3851,2623,3710,2950,3384,4459,2313,2768,3520,3914,3976,4173,2625,3600,2761,2968,3578,3986,3393,3397,4906,3490,2411,3185,3926
"COG1088",5297,5300,6843,5786,4797,5861,4626,8986,5217,5986,6677,5079,4046,5057,6192,7020,4640,5875,24069,6433,4365,5289,5646,6174,7787,24658,4672,6098,5003,5652,6062,8656,4899,6621,5589,6102,17152,10037,6193,6687,6338,5479,6509,6041,6471,5908,44836,7615,5125,3343,1694,1298,1877,1467,2605,1580,3942,2066,1748,2351,8321,2238,1920,1541,1964,1800,1601,2508,2592,6736,2265,1363,1828,7755,3157,1815,1680,2260,1392,1564,1644,2265,2124,1984,1945,2043,2054,1986,1981,1809,1680,2037,1983,1069,1884,7978,1883,1755,1124,2241
"COG1089",6188,6210,7509,5081,3373,6964,7245,9364,5973,6576,8886,6780,4080,6091,5828,8763,6520,7796,32250,7157,4836,6873,4317,7591,11688,40237,5938,4759,5818,6980,4816,9231,6363,3535,6375,4613,19709,12608,5073,8828,8007,7169,4689,6437,7560,6860,55768,7384,3907,2976,5963,5389,6771,4833,5826,5441,18737,8026,6051,8589,31109,5898,7553,5496,7646,5959,4593,8370,8542,19771,5121,4145,5784,39083,8573,7413,4271,7681,3759,5027,5062,4874,4081,4509,7380,6711,8021,6063,5141,5353,5810,5528,7137,2249,7102,27042,8306,4968,2877,8901
"COG1090",3182,2792,2936,2503,2236,1722,3379,1265,3028,1636,1807,2932,3615,3174,2143,3925,2859,3294,1454,2424,4194,2509,1509,1903,1032,1417,4149,1888,2022,2544,3207,1686,3332,2791,3112,2210,1577,3108,1395,3175,3344,2997,1612,2441,1421,2433,1001,610,2272,2287,3747,2850,2043,3914,1327,4775,791,3116,3400,1903,1286,2424,2828,3147,3083,2604,2529,2549,3369,1324,1985,2158,3675,1086,3072,2702,3270,3246,2424,3813,1563,1155,1646,3489,3122,2520,2051,2669,1188,2917,2592,1478,2746,1645,952,1696,2884,2326,2454,2908
"COG1091",3133,3214,3245,4004,3791,4231,2672,3985,3515,5113,3908,3257,2795,3210,4180,3512,2968,3248,7155,4334,2845,3761,3970,3438,3203,6515,3323,3824,4008,3910,3626,4737,3099,4294,3458,3997,3769,4003,4144,3241,3267,4087,3818,3195,5383,3707,7815,3514,3689,3152,1059,779,1219,1049,1602,1095,3329,1112,1120,1275,1598,1317,1268,975,1058,1101,1417,1316,1040,1049,1326,1142,1010,4907,990,1038,1092,1240,1372,1009,1111,1551,1384,1598,1531,1335,1061,1385,1910,1071,1115,1756,1170,791,917,1555,971,1335,1056,1324
"COG1092",945,1009,641,2329,4488,632,597,3495,704,903,366,662,931,957,739,504,574,684,2728,339,796,571,1691,848,3855,1630,2645,1418,1106,612,2581,5746,444,5413,529,1883,4546,497,671,618,1041,1724,1099,1064,5468,157,321,1056,1328,4891,856,2397,595,1549,954,1986,1975,523,554,297,2639,1205,839,967,626,559,2813,654,540,2129,906,2882,866,2407,973,1031,2008,557,5411,1708,1595,1069,1883,2295,215,655,2389,1193,1018,1170,490,1316,873,8079,2813,2627,528,740,6521,459
"COG1093",329,296,389,215,858,50,217,0,960,349,83,155,1143,852,1392,1004,626,230,102,673,877,15,1388,263,0,156,352,1654,33,111,1244,335,269,2637,1009,1954,33,963,1799,257,402,418,2317,167,364,938,446,0,1091,319,514,358,102,639,3781,158,2281,347,627,91,144,130,124,241,506,626,221,237,904,77,2173,321,789,127,329,82,1200,296,1108,706,20,2488,2073,162,163,235,0,1480,917,1062,754,987,166,6,0,98,217,2121,131,339
"COG1094",324,271,384,192,526,35,236,0,772,231,61,122,872,602,885,924,629,174,91,442,790,6,743,278,0,94,282,1028,21,101,682,232,162,1397,929,1189,24,815,1164,248,478,362,1395,205,278,550,304,0,669,185,547,353,100,429,2198,129,1624,279,563,78,62,98,141,245,503,586,212,244,699,67,1314,233,664,82,346,104,780,271,715,580,8,1397,1213,64,143,230,0,807,546,508,628,553,209,3,0,77,175,1304,103,300
"COG1095",230,177,256,140,538,34,180,1,648,253,63,122,791,581,840,786,462,166,50,511,704,13,759,211,2,121,227,1007,21,86,740,275,162,1658,810,1291,23,671,1092,166,339,265,1564,126,329,592,295,0,760,182,387,293,69,431,2496,126,1887,210,462,97,71,91,117,173,393,459,146,184,607,42,1421,240,555,88,270,84,755,200,727,527,4,1500,1265,82,135,184,0,825,636,824,458,640,141,7,0,68,172,1242,80,273
"COG1096",107,95,159,133,266,6,77,0,589,89,29,42,365,365,455,621,285,123,18,382,519,3,406,128,0,70,157,547,6,40,646,70,172,627,418,539,16,680,592,146,181,162,749,33,11,463,88,0,373,121,190,246,49,292,1271,50,64,185,474,28,58,51,73,48,199,461,48,99,499,1,677,164,309,72,225,25,296,200,269,161,2,776,610,58,42,122,0,828,201,633,449,257,46,2,0,36,62,1083,63,258
"COG1097",240,206,282,143,913,21,189,0,710,257,56,138,861,568,1482,762,453,158,60,402,589,4,1404,206,0,53,230,1767,22,72,775,479,163,3000,729,2399,41,651,2029,192,357,260,2733,189,414,609,322,0,1011,310,376,333,90,485,4328,119,2126,250,461,81,85,83,108,157,360,414,157,160,587,58,2446,322,457,89,238,101,1208,222,1209,438,11,2927,2182,64,114,177,0,907,816,744,456,1012,149,11,0,67,180,1727,97,261
"COG1098",6,0,0,0,0,1,2,0,2,1,0,1,1,0,2,2,0,1,4,7,5,4,0,0,0,0,19,0,0,1,4,0,2,0,3,0,1,1,10,1,0,17,0,1,0,0,0,0,0,0,1,0,3,3,2,2,2,0,5,0,0,0,0,0,1,7,0,31,2,1,0,2,3,0,1,0,5,6,0,0,4,1,1,1,3,25,0,0,0,0,2,0,0,0,0,1,1,0,0,1
"COG1099",135,35,73,107,112,53,29,218,143,122,3,50,188,204,78,70,25,46,55,45,94,64,84,74,16,26,112,127,58,70,270,32,102,30,79,140,6,31,96,87,69,81,107,16,14,44,6,42,175,109,31,31,14,75,1,81,8,15,24,1,14,52,35,21,28,22,12,38,7,3,43,28,34,18,41,5,132,39,26,38,14,26,19,28,1,2,19,118,18,72,29,43,30,17,8,65,10,52,8,28
"COG1100",5808,3598,5528,1626,925,2121,8371,11,2553,985,2132,6365,2435,4424,1816,4267,4129,6194,635,2175,8037,2913,821,2142,25,3116,9898,921,2194,4643,1490,568,7516,1574,3372,790,814,3133,953,5434,4089,3041,1065,6257,857,1451,783,23,861,903,1798,853,947,1477,601,3874,658,1828,1316,970,130,1058,1398,1339,1684,587,361,696,1298,469,312,567,3451,74,2066,2582,260,2093,255,1372,852,355,293,291,121,309,0,449,242,669,664,255,972,0,6,231,1795,623,307,1670
"COG1101",4,6,64,24,27,1,18,131,29,20,15,11,62,37,3,10,20,13,45,75,45,88,28,42,85,31,14,10,63,1,45,30,12,28,26,109,55,31,3,38,26,14,35,14,49,14,40,185,0,121,8,32,1,19,2,90,53,39,32,21,23,3,47,2,27,54,0,16,11,47,3,14,31,6,57,31,9,4,31,32,15,5,7,40,2,7,54,8,104,6,46,57,0,117,58,24,51,2,79,23
"COG1102",161,142,187,90,523,27,164,0,582,288,45,93,702,497,839,645,405,127,44,438,520,28,869,204,0,64,179,1052,16,66,699,212,225,1432,559,1308,14,491,1173,167,233,198,1395,136,91,491,90,0,760,239,300,197,50,328,1914,102,502,206,354,63,65,53,137,113,272,354,94,148,532,36,1386,260,317,81,196,52,970,184,703,372,60,1444,1177,60,94,126,0,757,496,632,377,517,92,9,1,47,136,1186,66,172
"COG1104",7428,6475,6635,5892,6289,6011,8681,4057,5725,7427,5358,7874,5792,6462,6765,6536,6225,7761,2320,5405,8156,6560,6430,5331,5400,2833,9389,6446,6221,7186,6176,3932,8112,8682,5183,6662,3209,5479,7042,7265,6333,5528,7561,7329,5215,5463,1949,4379,6940,4626,7550,6562,6006,7481,6777,10393,9185,7057,6421,5929,2677,6567,7282,7253,6612,5332,5321,5924,6337,3450,7277,6207,8164,1604,7236,7663,7638,7981,6159,6951,5422,7085,6720,6880,6032,5968,7374,5159,8972,6017,5381,8327,6315,4297,4073,2601,7246,6066,4719,7008
"COG1105",30,15,0,14,136,19,35,540,28,29,10,9,35,24,47,13,6,51,220,3,13,5,111,3,357,76,78,72,17,7,79,665,8,53,4,159,167,11,56,16,24,73,127,17,175,7,21,703,83,176,59,17,11,108,146,124,49,14,10,21,111,61,40,28,5,1,6,11,6,343,117,122,8,267,12,14,113,17,105,30,37,34,158,14,17,18,265,68,45,20,0,77,17,449,199,304,20,105,74,3
"COG1106",34,10,0,2,67,8,1,139,3,13,5,11,4,4,45,30,6,11,156,5,8,0,47,3,45,41,269,21,3,4,71,115,2,32,0,63,125,9,22,7,17,32,52,5,540,5,86,19,15,84,20,2,5,26,76,262,123,2,1,16,183,1,1,8,0,1,1,8,9,169,37,44,12,142,18,3,10,27,111,12,5,24,31,3,1,34,24,13,33,9,1,45,1,23,15,53,11,23,54,4
"COG1107",0,0,10,0,0,0,2,0,17,9,0,0,127,20,7,0,22,0,1,3,0,0,1,5,0,3,3,4,0,0,33,18,0,18,1,8,0,45,4,2,0,171,4,0,106,41,27,0,0,1,0,0,0,19,15,0,649,1,0,0,20,0,11,0,1,2,0,6,0,0,6,4,0,1,40,0,18,3,2,0,0,2,2,1,0,51,0,40,49,56,0,37,0,0,0,1,3,34,6,0
"COG1108",6476,5538,6511,5106,1755,5909,8282,2236,5936,2121,6593,7563,5981,6650,3283,5194,5977,7606,1564,5599,6936,4464,2169,5289,1393,2710,6163,2303,4115,6478,4545,1575,5952,1876,5517,2608,1164,4707,2185,6902,5738,5157,2399,6637,1164,5939,1707,2756,2726,1790,6067,5141,6236,5984,2721,7939,1242,6767,6130,5715,1271,6075,6110,6521,6616,5066,5498,5637,3694,1422,2527,2730,6711,1160,6369,7531,3368,7288,1867,6071,4296,2192,2063,4576,4891,4040,2703,4440,2925,5682,5123,2201,5612,4123,1608,1333,7052,4437,688,6834
"COG1109",20300,20956,20780,17395,13774,21820,19958,9491,20208,17042,23006,21280,17178,19023,19751,18556,20745,20979,7770,22501,18929,21283,17514,20569,8878,8505,14107,17651,20899,21562,17572,9102,17538,17929,20403,17261,8542,19694,18354,21681,19677,17658,18989,19530,10282,21829,6845,6949,16126,12853,20928,16276,21500,16941,22421,17873,10096,22177,19567,23250,6823,19892,21447,21163,20868,20623,17067,20197,20146,6212,18577,13203,18636,5617,18965,20741,17297,20154,14535,18569,20043,19614,17153,17614,23759,20092,10215,18109,16442,19766,20340,17067,20889,12202,8531,6489,21452,18813,8501,20255
"COG1111",780,610,992,342,1178,114,435,8,1922,613,164,321,2195,1528,2054,2063,1351,490,223,1266,1885,23,1646,751,4,206,767,2296,58,259,1880,574,470,3804,2108,2690,46,1807,2414,546,1010,873,3434,343,936,1521,790,0,1555,489,439,287,80,449,1666,141,1599,214,392,75,70,106,89,169,340,444,165,179,641,59,1038,189,436,68,280,61,631,181,584,524,4,1138,892,61,152,158,1,689,557,688,463,485,152,4,0,67,157,1015,99,233
"COG1112",3810,2492,3804,2743,2740,1904,2806,2667,4078,2943,2002,1810,4190,3959,2708,4798,4671,3067,2391,2801,4749,1347,2451,3166,3951,2482,5865,2054,1633,2255,3992,2641,2234,3638,5616,2802,2166,7310,2223,2825,3849,3871,2480,3892,4647,2845,2303,373,2196,1587,3983,2567,1951,3841,2338,4587,3149,3069,3796,2565,2447,2236,2706,2581,4012,4276,3367,3021,6501,3568,2199,9673,5941,1848,4140,2795,2658,3243,1803,4050,1581,1967,2371,1334,2489,3230,11392,3488,2928,3372,4393,2813,2324,4105,5146,2267,2402,3393,10266,3056
"COG1113",3,0,0,0,34,1,5,9,0,2,37,0,3,13,2,1,0,5,2,0,1,2,6,0,58,2,61,2,1,1,0,342,0,27,0,24,20,6,3,0,1,0,1,1,129,16,2,3,34,7,0,20,0,1,49,0,14,0,0,65,33,0,7,0,0,0,0,0,7,29,6,12,0,117,2,15,34,0,4,1,2,0,6,0,1,4,9,4,1,2,0,25,1,22,5,39,1,3,4,0
"COG1114",21,1,0,249,356,18,5,121,20,23,17,30,8,12,39,29,1,18,503,7,32,1,67,0,75,143,309,37,13,9,207,605,7,189,2,161,307,14,26,13,3,102,49,30,486,6,11,278,99,129,7,9,10,92,97,99,274,12,2,45,240,2,10,7,1,1,434,16,12,185,32,76,26,541,6,18,207,57,98,47,5,45,335,256,1,32,100,30,6,5,2,39,5,234,66,350,20,126,188,13
"COG1115",1942,2177,1642,2297,2470,1652,1181,1945,1821,2069,1424,1508,1383,1478,1829,2015,1464,1380,1192,1973,1744,1716,1886,1750,1690,947,1954,1701,2154,1722,1671,1996,1270,3445,1829,1460,1588,1432,1908,1261,1729,1764,1815,1501,2122,1761,587,1573,2189,2108,6389,6083,4471,4551,3929,6330,6537,4071,6074,4607,3662,5593,5706,6087,4766,5940,7265,5580,4881,3097,4597,6374,4205,2470,4064,4039,5880,4963,6425,6463,4383,4995,6335,8525,7481,6910,4833,4500,8183,5239,6301,7117,7028,9244,4402,3706,3266,5515,7184,5150
"COG1116",1374,1421,1458,1803,4477,2719,3447,4891,2214,1949,897,2819,3382,2490,2370,1761,2033,1849,2633,1406,2256,1991,2918,1474,3772,1425,2938,3570,2496,2775,3194,5172,2404,3910,1667,5395,2850,1772,3124,2332,1710,1930,4527,3527,5425,1720,2352,5826,3136,3740,1069,2106,2798,3437,4847,2020,1702,1966,1690,1224,3009,2604,1709,1541,1497,1409,2190,1799,1650,2625,4150,3926,1985,4220,2050,2302,3405,2121,4344,2159,3221,3322,4082,1564,989,1710,5256,2990,2049,2723,1466,2511,1290,8848,5048,2009,2167,3226,3773,1314
"COG1117",1810,1081,1866,2012,1563,1566,5434,2249,5249,795,5159,5867,5065,4013,624,1495,4888,2019,1046,917,1935,5074,821,1149,2359,1244,3320,750,4281,1968,1873,2101,5486,1387,5477,1144,1792,1064,422,3558,5258,1767,574,4219,1821,3957,1540,2064,821,1835,1439,5445,1982,4082,533,3367,745,4028,4505,4531,1053,1282,2829,1507,5402,1249,462,2068,932,1327,814,1510,2051,690,2165,5117,606,2480,1702,1891,5028,500,871,1532,483,952,2515,1245,857,1368,1377,881,1021,2998,2325,1086,4431,3384,2166,1627
"COG1118",51,25,61,47,508,25,73,322,164,332,62,57,192,200,195,227,44,54,753,160,149,14,339,66,488,272,471,214,18,30,259,818,113,308,84,519,397,155,228,67,117,255,352,140,537,150,121,194,398,490,91,41,34,256,298,133,210,59,94,111,461,43,101,53,70,91,21,165,261,451,291,317,107,670,54,280,142,185,278,155,26,241,463,41,46,335,329,208,187,131,74,285,24,1623,509,536,95,233,153,70
"COG1119",1269,807,1319,617,1960,454,1789,728,747,1282,407,1315,650,930,1605,1033,1094,1266,462,565,1525,712,2188,690,292,1051,2557,1773,471,833,1081,1413,1921,1200,518,1433,1486,654,1929,1136,941,1060,1626,1228,2137,308,175,289,1704,2389,1103,1042,562,1337,1228,2739,750,1260,718,589,678,703,1185,892,872,487,367,651,850,816,1582,2448,1633,151,1201,1287,1907,1348,2717,1159,761,2093,1914,578,307,617,976,878,1138,694,468,1340,665,187,320,475,1215,842,3037,1118
"COG1120",1278,993,819,635,1489,434,423,2122,946,843,294,437,1229,957,1003,1050,493,1144,1088,609,1027,251,1120,589,2454,810,2331,1061,253,755,2074,1630,584,1428,510,1511,768,680,872,528,920,1907,1111,758,1585,785,219,3915,1440,1342,1278,702,380,1772,836,2687,580,415,895,300,926,791,526,1088,646,676,677,1168,1351,963,1181,1264,852,1160,619,645,1142,1859,2500,1917,218,869,1439,752,903,1322,2767,1461,858,1524,622,1109,810,3835,2009,1067,491,1289,1020,1572
"COG1121",5605,5068,6004,3499,1466,5325,8056,1307,5216,1509,6387,7377,5484,5789,2791,4638,5724,7475,1512,5266,6363,4076,1760,4502,1097,2397,5653,1795,3490,6184,3905,1333,4933,1725,5015,2155,1025,4594,1830,6600,5352,4620,1983,6704,1083,5487,1534,2280,2101,1391,5353,4451,6003,5393,2932,6820,331,6589,5465,6626,1148,4628,5492,5731,5998,4725,3360,4984,3402,1333,2112,2197,5978,974,5830,7177,2447,6681,1506,5321,3576,1983,1737,2971,4369,3557,1948,3780,1190,4702,4679,1311,4790,3408,1229,1375,6798,4030,664,5840
"COG1122",2445,1901,2812,1257,779,1134,3820,397,1254,2179,1481,2922,1542,1711,1399,2129,2151,3168,499,1467,3155,1792,853,1420,593,1270,3159,1076,1020,2222,1000,299,2875,705,1125,1156,386,2217,1275,3003,2104,1739,1254,2243,157,1030,640,769,1280,481,2167,1909,1374,1970,768,4036,1622,2898,1830,1807,473,1654,2598,2235,2305,961,556,1575,2627,925,1282,1468,3293,373,2987,3159,1300,2479,658,1696,1012,805,973,1235,1357,1110,1934,1084,2892,949,997,2222,1766,904,598,335,2926,1078,518,2171
"COG1123",8116,10075,8280,8984,4642,10399,11421,5807,7567,4065,7710,10765,6637,8207,6611,6993,8972,10426,1166,7224,9172,8671,5806,7904,4459,2394,6668,6080,8100,11302,5579,3658,8789,4523,7459,5643,2530,6844,5441,9824,8123,6330,5344,10986,1962,6275,1868,11153,6443,4896,9133,7025,10947,7535,4655,9507,1454,9361,10272,7789,1358,10844,7971,10694,8718,8412,12422,7167,7305,2601,5927,5427,9065,925,10863,11297,5792,7924,3294,10566,8123,5523,6008,9222,4907,5473,7443,5497,3655,6826,8407,4194,9409,13762,6510,1029,10249,4801,2066,8048
"COG1124",7,12,0,37,9,0,1,76,3,29,3,2,6,7,6,3,0,2,6,1,2,3,15,0,38,4,3,7,1,3,5,8,7,9,0,24,2,2,6,0,4,2,4,4,2,0,3,221,14,15,11,4,2,29,13,22,7,1,8,6,7,35,11,37,1,2,65,14,14,44,65,22,3,6,4,2,27,7,62,44,10,18,35,109,3,6,192,38,84,9,7,64,89,131,111,9,10,22,13,7
"COG1125",82,43,29,139,305,87,93,181,81,101,28,102,200,138,128,71,28,124,191,53,54,112,265,36,1010,88,109,189,94,67,122,402,301,191,39,382,228,31,156,60,77,234,233,146,241,146,72,315,207,336,95,147,73,283,105,152,56,42,33,71,121,103,80,72,52,49,9,67,31,408,293,226,48,75,75,78,199,92,210,108,111,134,277,137,28,40,1747,155,96,120,40,132,43,1351,550,265,54,183,71,56
"COG1126",4838,5217,4863,5405,2495,3992,3763,2531,5224,4076,5200,3476,4551,4967,4900,5927,5092,4077,2202,5182,4787,4483,4542,5167,1834,2335,3521,3967,4181,3550,3556,2287,4360,1848,5587,3533,1500,5439,4704,4480,4604,5503,4193,3804,1197,5226,1913,3298,4271,2407,4706,4972,4049,3801,3685,4237,1357,4398,5344,4395,1528,4567,4310,4948,4832,5574,5629,5266,6140,828,3776,3204,4506,2214,4453,4645,4525,4946,2232,4759,5422,4021,3170,4470,4595,4435,2741,4358,2752,4319,5482,3054,4993,4066,2184,1870,4122,4204,685,6264
"COG1127",767,708,671,697,785,588,849,1004,445,321,334,821,515,674,395,554,469,804,517,366,760,591,362,506,942,430,1236,270,796,717,502,781,776,1379,479,403,639,509,281,641,576,597,285,753,913,332,199,1012,333,682,2648,1811,1878,2222,745,4353,1059,1898,1910,1021,1264,2202,1931,2450,1873,1382,2228,1482,1422,1448,718,2291,2500,1193,2081,2280,1002,2129,1733,2501,2028,848,1237,2872,1219,1116,2292,1231,766,1524,1368,886,2116,1419,2445,1428,1738,924,3090,1680
"COG1129",5286,5175,5009,5646,2347,6461,5294,5032,5122,3281,5270,5368,5774,5367,4228,4360,5629,4729,991,5360,4233,5224,4621,5883,3886,1113,2437,5335,5304,5345,3332,1079,4535,1991,4780,4457,637,4202,4842,5217,4582,5067,4236,5272,1014,5492,1809,5737,5073,2256,4548,4591,6432,4311,3983,2659,629,4782,6437,5121,747,5186,4128,5592,4715,6276,6292,5144,4335,1734,4904,3103,3886,437,6008,4765,4636,4582,2111,4795,7120,4927,3919,4787,4000,5220,8338,4253,2072,5646,6358,3007,5098,2385,3668,652,5713,4572,625,4514
"COG1131",15257,14109,14131,12743,16816,12684,12304,11797,17526,16067,14726,13030,17724,16542,17236,17905,16156,14084,7880,17642,16515,12701,16798,13848,9016,8055,15684,17453,12084,12662,18036,10492,12590,19372,17967,18174,8659,17216,18242,14607,15624,16628,18233,13326,8636,18035,5001,9373,18645,14825,16052,12692,13395,18258,18260,13827,12917,14809,14499,14193,7673,12630,13437,14011,15193,16677,11965,15776,16796,7219,18494,19988,15539,6436,13202,13053,18308,15732,16098,14855,12084,18300,17049,11799,16860,17165,14585,18025,18087,16727,16734,17750,13860,8579,9323,7489,14249,19764,17079,15323
"COG1132",36229,33908,33797,31565,24060,34145,39937,15662,31509,28081,33389,39046,31979,33664,29126,35966,33691,38256,11407,33145,36703,35035,25973,29950,12856,15585,37527,30410,32792,39755,31889,13735,39057,20196,31855,28308,12516,30364,29338,35419,32439,33908,27770,37569,16474,30967,11027,19548,32305,23956,36880,27121,34690,34924,23107,42261,13819,36753,33649,35312,10567,33179,34342,35391,34714,30798,34161,33407,34642,11578,28729,28505,37491,8827,31865,39515,34863,38171,22757,34885,31775,24977,26228,35153,35417,32232,19591,31373,26171,31568,30517,25412,32621,25859,13897,10582,36220,30304,17856,38183
"COG1133",2791,3317,3192,2847,1111,4859,2451,247,2970,2733,4570,3508,1834,2632,2990,2113,2885,3234,908,3237,1864,3931,2350,3899,197,1110,705,1847,3454,3738,1639,4566,2275,1186,2948,1483,587,2522,2465,3211,2800,2607,1664,2903,2293,3382,1055,570,1639,795,2376,2556,4454,1482,2489,847,4374,3407,2838,4219,1923,3705,2688,2946,3084,3140,3085,3025,2750,487,1903,1130,2192,4512,2489,3143,1619,2789,917,2253,3785,2285,1315,2095,3356,2860,190,2591,1442,2529,3134,2034,3228,250,115,606,3565,1797,128,3575
"COG1134",1223,603,861,599,1574,687,768,2552,789,1685,432,661,1144,1009,1049,1301,706,791,390,553,1143,746,1265,929,1337,854,2389,1337,683,661,1286,1145,1499,2344,685,1443,686,1024,1208,642,850,1193,1370,694,1116,603,260,2697,1375,1456,831,924,595,1311,1551,2091,1437,699,569,586,404,821,558,739,608,427,381,796,1125,879,1428,1704,1160,354,755,574,1086,1440,1289,1354,773,1437,1467,692,727,916,2515,1529,2076,933,460,1487,666,2088,2129,485,641,1376,1497,1460
"COG1135",45,35,26,81,841,18,58,346,225,116,47,78,425,181,602,74,112,24,264,75,112,26,812,37,526,167,151,1020,49,9,233,865,173,2265,213,1516,334,58,1006,43,91,134,1752,214,322,144,206,475,506,466,54,73,12,200,2596,169,109,52,53,117,181,31,84,26,85,51,9,43,51,176,1481,303,43,308,34,156,783,64,997,95,23,1542,1207,88,30,74,1409,110,276,49,69,511,38,1582,442,253,68,1172,224,64
"COG1136",9854,9691,9887,8680,8385,8315,9800,9435,10206,10256,8784,9446,10336,9492,10233,11068,9754,10193,4106,9453,10582,8667,9797,8519,5261,4458,9869,10882,8321,9481,10667,6284,8792,7978,9908,9526,6765,10229,10895,9647,9618,9994,10328,8969,7202,9912,3577,6658,11170,9490,11016,9255,8793,10585,10002,10151,8700,10204,10482,9307,4412,9161,9622,9693,9908,10100,8863,9552,11038,4811,10545,9700,9064,2458,8718,8936,10195,10150,8244,10400,7339,10229,10686,10029,10672,9868,5463,10986,10081,10111,9931,9997,9268,5673,6052,3788,9526,12403,10049,9778
"COG1137",5341,5227,4817,4407,2920,6280,5113,2019,4527,4212,5796,5630,3236,4514,4249,4486,4477,5323,1529,5368,4685,5717,3626,4723,2030,1852,4364,3470,5793,6140,3564,1820,4816,2956,4724,2869,1971,4006,3731,4889,4568,4796,3369,5162,1920,4682,1353,1963,3522,2780,5305,3715,6613,3826,3077,5018,2312,5242,4904,6180,1533,5230,4971,5212,4898,5152,4601,4979,4473,1488,3441,3284,4570,1116,3965,5537,3649,5411,2724,4886,5642,3415,3284,4982,5503,5165,1790,3806,3644,4060,5001,3735,5348,2655,1845,1408,5051,3512,2099,5710
"COG1138",10892,12241,12268,9391,6789,13531,8879,4486,12591,9768,15502,11254,11988,11570,10424,11881,13455,11111,4188,15501,10270,11500,9374,13605,5602,4171,6308,10099,11826,12312,11024,4444,9500,4869,12967,7911,4837,12646,10011,11711,11279,11902,8425,10717,4699,14031,4160,4408,10294,7043,11651,8099,13649,9928,8768,5543,5358,12721,11312,15283,3822,11465,12204,11834,11868,14412,9493,13620,12710,2988,8845,7231,9575,2854,9727,11476,8246,11874,7089,10783,13049,9276,8187,8674,15884,13845,5083,10694,9098,11315,14031,8613,11721,6445,4893,3444,12740,11562,5420,12518
"COG1139",13,21,10,79,343,5,63,292,72,749,9,22,305,103,481,29,80,16,60,12,39,24,567,42,235,30,60,562,12,2,193,188,72,146,45,693,84,22,763,28,23,52,554,32,93,37,16,131,655,471,61,34,17,540,879,305,711,84,62,56,139,13,160,41,59,47,8,60,141,108,1869,966,77,144,89,57,1944,101,958,55,74,1643,1322,212,8,76,386,1129,1723,351,45,1915,7,342,378,57,75,1250,191,50
"COG1140",20,34,22,260,510,14,19,170,121,10927,8,5,201,112,4432,172,80,23,40,65,123,3,4350,148,263,104,382,486,10,3,725,447,81,149,163,544,342,86,3912,19,44,188,1487,18,589,105,44,109,545,543,29,21,5,157,384,195,4074,9,98,27,189,13,35,17,53,109,9,126,136,77,383,1782,81,60,43,24,580,40,310,67,17,3790,424,255,4,240,132,461,8129,273,118,8182,2,376,65,71,7,423,1547,47
"COG1141",777,447,625,105,7,209,847,0,157,62,148,606,155,350,151,285,353,593,522,105,689,275,6,337,3,2429,945,4,159,353,57,349,669,3,215,3,2262,421,0,504,415,394,6,442,11,33,56,2,4,8,591,359,239,304,40,1388,60,446,309,235,2126,285,413,426,445,125,101,289,309,95,7,120,923,637,685,507,2,638,4,310,186,9,2,28,78,228,2,6,21,152,137,13,472,0,2,1741,394,6,25,475
"COG1142",1440,816,1321,126,162,655,2560,262,379,953,614,1872,692,999,543,914,838,1781,198,521,1994,1070,295,605,331,911,2299,308,557,1298,314,161,2091,55,505,236,145,823,362,1680,1167,739,254,1483,582,220,266,213,395,200,417,293,289,367,78,982,164,501,276,230,79,323,348,375,405,65,0,207,205,157,67,177,750,86,585,555,76,569,46,315,167,88,54,44,7,88,72,127,368,145,68,263,255,6,36,56,435,74,9,412
"COG1143",3838,3887,3313,2205,2416,2779,3399,783,3512,3804,3758,3532,3568,3639,4069,3438,3280,5111,8510,3599,3092,3404,3392,2928,1130,14046,3254,4001,2561,3067,3974,3569,3556,3525,3260,3532,13904,3265,4264,3901,3286,4248,4347,2801,741,4255,1079,931,4033,1738,3756,3120,2977,3593,5074,2925,2097,3613,2972,3956,14637,2544,3262,3549,3432,2868,1492,5100,4296,2026,4324,2621,3271,4263,3427,3184,3526,4530,2163,2624,2800,4061,3728,1721,4413,4516,846,3820,4372,4096,2945,4065,3737,811,959,18844,3680,4283,530,5088
"COG1144",0,0,2,68,115,0,0,0,14,2848,0,1,4,8,1300,0,2,0,0,0,3,0,1142,33,0,0,0,130,0,0,71,0,0,12,4,240,0,1,1215,0,1,0,114,1,125,0,0,0,202,128,4,0,0,16,85,2,638,0,3,0,1,0,0,0,1,2,0,4,4,0,205,93,2,4,1,0,143,0,110,0,0,925,70,82,0,0,0,110,1533,28,3,1806,0,0,0,0,0,134,1,0
"COG1145",1084,879,986,1468,1437,343,1557,1629,866,4547,593,1047,1271,1287,1881,744,1021,1199,2141,323,1243,813,1826,919,1309,1778,1057,2013,893,898,1581,1942,998,706,843,2172,1359,829,2014,1065,936,683,1741,1495,733,370,311,2828,2184,1619,1118,899,432,1332,1006,2594,1666,988,882,417,1231,934,913,957,987,726,2245,581,655,367,1899,1558,1430,2811,1382,1938,1881,768,1387,996,1164,1713,1621,1119,199,314,502,1154,5025,737,617,3911,797,3923,1395,4444,990,1364,900,656
"COG1146",2933,3305,3535,3781,2859,3364,2874,2412,4071,4351,4154,2948,3764,3934,4625,3191,3633,2700,3505,4101,2923,3749,4613,3900,1803,2750,1984,4473,3364,3025,3918,1951,3225,4102,3928,4757,1661,3266,5387,3192,3155,2951,5207,3092,2081,4589,1791,3103,4108,1958,2719,3578,3415,3002,6423,1509,2537,3221,3251,4037,3325,3427,3216,2889,3288,3534,3625,3364,3312,2544,5012,2561,3015,3380,2989,3094,4760,2768,2951,2567,3978,5222,4374,3087,3365,3311,1864,4895,4462,4142,3809,4807,3206,3067,1916,3849,3241,4806,972,3448
"COG1148",23,4,27,7,505,0,112,0,219,4858,13,28,213,135,1822,406,194,9,0,16,52,35,1437,222,0,2,29,1294,1,0,151,5,132,449,84,1235,0,42,2159,44,44,36,1395,40,206,56,8,0,1103,454,37,14,1,166,821,37,4327,55,33,20,7,0,67,0,50,27,0,48,281,0,1547,696,35,11,67,28,1640,130,718,17,8,1111,1234,5,6,11,0,418,7971,59,36,5630,0,0,0,3,51,1366,25,64
"COG1150",6,5,13,0,14,0,81,0,70,1217,5,14,106,56,279,83,113,7,0,14,44,37,147,84,0,0,37,55,4,0,52,1,88,9,38,11,3,15,290,35,31,49,117,47,51,30,4,0,27,2,9,9,3,55,69,9,913,40,23,21,8,0,44,0,34,14,0,40,48,0,59,67,38,7,40,22,0,105,11,13,7,123,129,0,1,13,0,94,1749,29,17,1428,0,0,0,1,29,292,12,70
"COG1151",11,4,0,1,0,0,1,0,0,1319,0,3,1,0,78,0,0,9,40,0,2,0,15,34,1,8,0,0,0,1,93,1,1,0,0,0,0,0,11,0,1,0,6,0,24,0,0,0,0,0,53,1,0,0,0,108,179,0,0,0,3,3,7,3,0,0,0,0,35,0,0,3,6,3,0,0,0,0,0,0,2,14,2,0,1,0,0,2,1233,2,0,974,1,24,0,23,0,0,112,0
"COG1153",15,25,10,7,12,36,5,0,22,58,22,13,30,40,10,47,5,11,2,26,18,17,25,24,0,7,18,42,7,34,36,1,7,4,23,21,1,13,35,10,32,20,12,1,0,13,5,0,36,19,16,18,9,55,21,12,19,4,19,16,2,27,11,19,28,28,8,25,19,0,18,18,15,2,14,6,44,20,16,6,7,21,10,13,7,10,0,47,65,49,11,67,6,0,0,4,8,37,7,20
"COG1154",12827,12864,12222,11229,5870,13164,13474,5017,10444,10179,13694,13489,8366,10553,9703,9750,11732,12668,3285,11714,11048,12401,8395,12635,5851,4678,9109,7432,12424,12225,7356,4113,11518,4696,11103,6575,4012,10134,8245,12003,10792,10497,7309,12412,4198,10780,3258,4741,7430,6083,12240,12397,12971,8833,7166,11618,5632,12846,11159,13883,3239,11993,11940,12908,12175,11396,11499,11411,10342,3430,7451,7575,10906,2301,10908,12406,7868,11137,5868,10992,12919,7885,6828,10258,12920,11514,7118,8102,8783,9667,11465,8806,13041,7028,5512,3036,12707,7106,4666,12484
"COG1155",633,598,727,440,1457,94,461,146,2003,602,170,306,2449,1563,2862,2170,1327,516,227,1333,1855,30,2885,504,0,270,689,3741,101,225,2368,820,585,5018,2216,4024,67,1880,4077,536,987,821,4534,398,177,1917,308,98,2292,781,1112,963,234,1216,8594,392,613,758,1357,181,235,250,377,439,1004,1314,462,511,1829,156,5068,705,1385,263,718,249,2072,612,1993,1442,85,5639,4603,167,379,526,1,2632,1511,2395,1371,1831,354,10,3,516,407,3937,276,707
"COG1156",193,150,190,109,347,24,114,26,549,171,33,62,669,469,586,615,347,112,55,416,519,9,607,144,0,65,224,724,16,61,614,170,159,1190,598,849,17,490,783,139,262,198,1038,116,33,576,73,30,491,154,847,724,178,1009,5182,312,484,548,1058,170,175,169,243,373,814,1078,318,443,1473,107,2900,460,1131,232,514,143,1898,492,1469,1096,54,3098,2633,111,255,439,0,2191,1083,1936,1159,1174,347,14,3,346,336,3245,198,607
"COG1157",966,940,1042,1303,2357,1080,1302,3329,812,695,502,1112,1061,990,979,682,1257,1112,1466,312,686,1050,1433,1097,3099,840,1695,1401,1669,1013,1314,2711,1162,2827,539,1809,1962,741,1203,1071,762,1091,1377,1333,2784,294,347,2908,1342,2439,362,544,340,371,309,500,307,302,196,108,419,359,343,367,192,128,377,301,228,436,470,612,212,353,400,421,568,234,875,436,634,358,454,355,134,198,760,306,185,309,127,290,337,1428,937,607,337,311,954,249
"COG1158",9315,9470,7768,8347,5930,10662,6768,4568,9364,8825,10977,8627,7949,8273,8339,8549,8362,8529,3420,9863,7129,10645,7409,8893,4165,3220,5457,7249,10181,9424,8482,3598,7250,6159,9330,6328,3932,7927,7681,8425,8892,8816,6840,7657,4427,10370,2849,4093,7853,5532,9112,8690,10202,7665,6377,5812,4737,8766,9015,10567,3110,9230,9027,9491,9096,9588,8842,10204,9154,2441,7061,6544,6558,2419,6880,7699,7598,8944,5359,8116,9442,7055,6542,9205,12186,11042,5463,8863,7753,9611,9768,7866,10049,4933,4058,2903,8412,7876,4304,9824
"COG1159",3664,3750,3210,3941,2649,4138,3994,2064,2661,2641,2722,3960,2318,2995,2955,2918,3100,3538,1275,2495,3831,3502,2919,3075,2492,1427,3619,2620,4023,4276,2222,2001,3630,2476,2847,2260,1703,2348,2625,3229,2991,2534,2511,3928,2554,2260,843,1899,2473,2612,3833,2879,4013,2892,2141,4749,1027,3172,3670,2527,1115,4042,3718,4012,3339,3411,4497,2690,2702,1594,2194,2920,3700,759,3295,3921,2730,3140,2488,3681,3264,2836,2541,5192,2631,2613,3076,1720,2046,2439,3299,2112,3644,2923,2350,1032,3349,1955,2332,3012
"COG1160",6897,6855,6468,6838,4725,6980,7542,3939,5653,5473,5392,7537,5517,5787,5567,5977,6027,6981,2253,5703,6672,6103,5343,5778,4849,2736,6925,5035,6865,7450,5492,3442,6616,4780,5451,4571,3067,5472,5096,6577,5856,5469,4735,6343,4635,5813,2049,3428,5532,4912,7119,5661,6965,6669,3839,8171,2959,6410,6306,5768,2299,6626,7554,7282,6101,6065,6451,5949,5452,3035,4571,5112,6361,1488,6572,6870,5331,6830,4589,6371,5559,4890,4659,8623,6608,6550,5292,4764,5258,5677,5966,5378,6789,6559,4440,2236,6738,5110,3940,6089
"COG1161",1324,856,701,730,1067,509,915,221,702,493,304,626,599,1125,601,941,1030,650,382,532,2291,867,712,517,177,960,2363,534,530,737,506,861,1845,783,985,592,1154,1389,543,559,1434,963,483,958,1643,185,209,147,415,1259,1116,1299,361,949,379,2554,1786,603,1043,225,559,922,595,768,1451,630,965,558,1102,368,505,1525,2899,104,1247,1279,824,1514,1660,994,715,466,585,352,51,322,61,317,535,281,717,496,606,590,89,398,361,303,2245,1197
"COG1162",782,940,667,1116,800,596,929,459,568,438,449,796,424,641,659,657,555,743,426,564,1074,757,683,576,379,416,1249,566,737,749,474,793,887,549,618,592,732,549,589,777,863,615,668,852,612,378,208,305,642,829,2997,2372,1650,2110,1615,4352,1122,2031,2527,1221,1165,2727,2381,2680,2162,2116,3789,1738,1803,1261,1407,3411,3229,708,2325,2658,2843,2465,2588,2826,1754,1894,1804,4706,1867,1608,1577,1215,883,1453,2101,1142,2494,1819,902,1323,1866,1300,3746,2232
"COG1163",480,365,457,282,826,55,277,1,1336,519,132,223,1653,1208,1434,1436,869,265,114,923,1343,20,1287,313,0,184,471,1648,23,151,1726,386,364,2542,1516,1983,35,1323,2058,350,729,588,2350,198,503,1264,545,0,1345,461,659,524,145,1066,3630,224,2840,436,863,112,147,151,204,285,700,954,313,374,1128,95,2238,434,1062,147,491,122,1327,446,1083,945,11,2600,1991,114,249,469,0,1896,1158,1482,1036,1042,275,8,0,124,289,2385,189,459
"COG1164",3025,2551,2618,3041,2312,2617,2196,1962,3708,2036,1439,2460,5187,3894,3506,4326,2928,2229,332,2839,3703,2153,3027,2418,1076,516,2442,4217,2844,2435,4685,1068,2381,4704,3947,4408,199,3563,4067,2438,2171,2882,5303,2354,666,3462,1298,2598,3621,1446,3219,2323,2544,3652,6784,2749,926,2245,3347,1540,377,2257,2116,2703,2482,3566,2584,2621,3380,317,4741,1709,2963,503,3067,2063,3587,2297,2611,3460,3068,5106,4400,2967,1832,2954,1234,3933,1857,5098,3589,2278,2781,2513,1149,314,2417,4817,596,2419
"COG1165",2693,1898,2418,2009,1348,1498,4609,153,1465,1650,1161,3465,1539,2284,1756,2309,2020,3384,130,1310,3873,1973,1476,1113,530,785,4371,1796,2006,2837,1210,258,3759,2533,1551,1763,108,2034,1762,2886,2179,1918,2086,3065,275,1313,356,456,1955,835,936,462,661,983,502,1937,240,1022,773,506,82,835,874,732,891,400,814,518,696,331,672,692,1425,35,962,1213,954,1069,342,870,577,506,506,978,323,595,734,328,549,444,398,464,682,150,222,74,932,474,79,807
"COG1166",2798,2026,3239,619,3317,1823,5962,1944,954,617,1606,5087,1034,2479,1122,2031,1869,4334,1886,1181,5546,2159,1465,1361,1433,2626,6373,1006,1736,3247,2177,3458,4218,3865,873,1092,4105,1975,531,4508,3225,2507,575,4177,2821,402,382,1297,800,3386,2589,3037,2311,3497,806,6682,1831,3622,1773,2260,2163,2288,3047,2210,2642,451,371,1955,1992,2132,676,2655,5668,1160,4737,4714,355,4186,2669,2787,1859,932,1893,809,145,711,571,880,772,897,625,826,1741,3226,874,1880,4020,553,5012,3075
"COG1167",2613,3337,2077,4487,4701,3095,2191,5045,2290,2330,2014,2226,4179,2469,2838,1671,2310,2070,4917,1527,1996,1981,3433,2721,5027,2517,3178,3682,2893,2692,4343,8047,2369,2660,1741,4591,5354,1335,2684,1838,1713,3088,3328,2805,5255,2130,1468,8147,4145,5554,940,758,917,1519,849,926,658,582,784,772,1246,1023,917,1084,593,801,1313,701,502,1241,1074,1104,620,1609,717,732,1144,650,1170,1039,904,790,1123,1423,546,999,2622,1007,605,1025,846,819,1009,3535,1624,1607,863,1190,2086,640
"COG1168",1069,1112,824,1496,2137,705,991,623,1049,720,498,603,1177,927,973,727,1202,741,747,818,1064,651,1789,1087,437,853,1476,1518,956,707,1280,2211,1119,859,1100,1241,3204,1041,1248,831,1198,1293,1153,909,2237,747,298,940,1271,3827,935,2157,548,1298,1228,1180,1089,786,1171,326,752,1220,1056,1235,948,1242,1627,1024,946,1097,1347,2204,1013,171,1318,817,939,680,2584,1377,992,1332,1439,1496,882,1297,235,1133,911,1188,1235,1021,1118,2029,491,527,654,1052,4158,776
"COG1169",1970,1409,2232,1449,969,1104,4405,92,1149,1314,1136,3510,1331,2203,1449,2006,1765,3171,139,975,3274,1540,1169,1000,408,599,3688,1296,1351,2039,1028,331,3068,1842,1309,1414,100,1792,1398,3440,2057,1533,1574,2844,139,1042,251,289,1587,649,2144,1114,1448,2856,1088,4205,590,3036,1758,1582,258,1824,2398,1684,2033,863,1655,1425,1809,871,1485,1463,3556,138,3513,3415,2400,3443,858,1976,1246,1108,1314,1801,747,1322,1777,805,1328,1054,948,1157,1440,289,525,160,3263,1214,235,2231
"COG1171",11219,11749,9915,11383,8176,11798,11067,6358,10098,8060,9646,10635,8639,9424,10793,9280,10131,10735,3733,10648,10487,9688,10327,10169,6347,4438,9994,10777,10706,11590,8088,6792,9732,8478,9911,9928,5391,8786,10510,9519,8998,9219,10806,10185,5216,9485,2974,7614,10450,8430,10991,9369,11374,8394,10972,10493,5270,9833,11250,9826,3168,10914,9781,11749,10014,11155,13735,9005,9623,4061,10452,8995,10240,2373,10352,10721,11057,8560,8452,11083,9942,10855,10009,11950,10476,10036,6982,9013,7994,10354,11216,8205,11738,7041,6195,3485,10637,10253,7283,10609
"COG1172",6160,6534,6271,6029,2161,8398,7181,3764,5863,3578,7063,7198,6601,6078,4668,4741,7173,6043,859,5978,4508,6445,4355,7727,3240,1246,2405,5111,7080,6613,3331,938,5373,2075,5731,4403,589,4980,4739,6608,5410,5441,4104,6424,788,6775,1977,4036,5058,2199,5398,5854,8256,4463,4077,2660,662,6023,7113,6525,718,6277,5147,6892,5528,6962,6862,5885,4687,1352,4959,3277,4274,482,7456,5733,4780,5383,2033,5563,8587,4291,3871,4737,5004,6237,7344,4705,2093,6543,7053,3019,6387,1421,3214,696,7339,4739,523,5356
"COG1173",8616,8752,7973,10162,9277,8512,10691,7696,9593,9961,6698,9081,12861,9886,11009,8315,10923,8149,1695,7281,8692,7608,11709,8680,4767,2394,6519,13870,7450,8722,11295,5073,9408,10578,8657,14986,2310,8177,13496,8680,7744,8010,14150,9328,3119,9023,2656,13788,14971,8509,7949,7611,9181,10547,12974,7789,2558,8506,9320,5594,1952,8897,9464,9577,8519,8897,9763,8092,8308,2166,14824,8576,7929,1797,10576,9389,14270,8812,8586,8877,8680,12566,11997,10016,6017,7822,7059,11899,9300,11119,9175,11344,8446,12035,5981,1543,8546,13592,2370,7962
"COG1174",114,67,55,207,495,121,133,307,107,145,28,123,252,147,215,88,37,178,273,9,53,168,435,73,1875,133,225,290,153,136,174,740,316,309,40,642,375,40,312,121,93,393,440,292,404,45,127,585,336,581,169,237,77,346,180,260,83,86,41,97,184,218,110,105,62,29,21,91,51,702,471,433,36,141,116,104,351,140,272,140,212,274,457,188,60,57,3112,267,213,237,30,251,75,2273,987,322,106,321,87,85
"COG1175",12300,12799,13622,14219,5420,15788,11971,4044,11289,10162,14721,13626,11337,10670,10320,8639,16818,11663,3080,10804,7787,11757,9339,15614,4388,4183,4387,9647,13134,12954,5892,2635,9042,4211,10962,9420,2018,9685,9994,14449,10814,9511,9925,12297,1210,12720,4361,8135,8563,3946,10482,9553,16052,7565,8259,5908,1225,13789,11708,12514,1816,9929,14323,14301,11126,13150,12682,9847,8601,2874,9875,6709,7533,1730,16262,12209,11473,10368,5757,9891,14566,7951,8430,11503,11597,9925,14140,6902,6936,10702,13154,8169,11499,5908,5289,2187,15663,8602,1332,8962
"COG1176",5108,6425,5524,5910,4469,7070,5333,3763,5903,7465,7184,5316,4720,5478,7496,4837,6169,5208,1973,5962,4446,5979,8483,6543,2703,1948,2314,8024,5381,5745,3721,2401,5338,2805,5665,7103,1490,5149,8301,5619,5188,4537,7729,6078,1222,5652,1620,6707,7461,4049,4702,4954,7283,3598,6164,2775,1716,5423,6270,6738,1457,5930,4621,5890,6088,6273,6806,5820,6137,937,7264,4720,4581,1980,6013,6350,7694,4446,4092,5484,6721,7822,6349,4538,5218,5019,3408,4912,4537,5159,6595,6439,6011,4742,3305,1784,5901,5123,652,5904
"COG1177",4401,5509,4433,4899,3629,5661,4262,3480,5183,6152,5545,4419,4046,4462,6246,4065,4819,4390,1815,4593,3728,4779,6881,5067,2590,1666,2025,6344,4422,4631,3225,2337,4351,2420,4706,5724,1269,4150,6963,4430,4261,3938,6256,4900,1099,4442,1291,5873,6182,3416,3973,4345,5721,2946,4939,2529,1310,4439,5068,4422,1258,5136,3686,5003,4852,5101,5533,4536,4946,991,5789,4044,3811,1850,4756,5068,6247,3526,3240,4850,5848,6398,5210,3868,4078,4111,4017,4209,3613,4388,5249,5508,4869,4285,3301,1600,4719,4227,555,4907
"COG1178",14489,15993,16325,12003,6339,15043,13527,5037,13940,9685,15903,13831,10877,12981,11660,12554,14540,15227,4001,16309,12830,11998,9096,17348,4256,5213,8738,10391,10190,14990,9669,3920,12312,5076,12098,9314,4803,12353,9996,14755,13194,13049,8435,13442,4230,14239,4138,4744,9696,6779,15062,9640,15451,10457,8769,10735,3005,14632,14913,15722,3579,15195,14026,16183,14451,15580,14781,14072,13370,2377,9924,7598,13026,2449,14267,14798,10460,13653,7175,14052,11032,7217,8211,10185,16592,14796,6187,10315,6979,12401,15643,7649,15983,9043,4770,2986,15453,10069,3607,14494
"COG1179",118,111,83,586,1002,73,53,186,182,160,41,47,119,159,239,145,88,56,638,134,218,44,496,97,285,458,612,271,127,49,388,1281,60,1308,158,415,1362,164,130,106,241,390,199,214,1862,7,115,118,194,1307,72,571,58,264,213,270,538,40,145,59,710,229,146,94,161,285,276,121,140,497,161,795,315,696,103,126,247,106,1231,201,196,261,331,451,15,160,94,214,110,127,271,320,83,436,81,554,37,113,1827,68
"COG1180",103,20,28,144,939,33,141,1106,215,2243,20,55,399,232,1367,257,219,76,264,47,105,56,1426,130,289,79,162,1509,16,15,529,620,210,2028,155,1961,95,96,1957,51,76,144,2414,120,2821,54,23,720,1127,497,111,53,27,357,3150,246,7983,63,80,40,161,39,80,33,82,66,74,88,148,212,2139,498,158,125,114,33,1564,120,1144,57,59,2307,1977,118,11,98,241,593,2909,277,79,2771,13,157,161,152,69,1340,173,60
"COG1181",6571,6893,6362,5805,4401,7407,6129,3288,5688,6752,7522,6604,4357,6009,6112,5819,6434,6596,2686,6775,5518,6968,5357,6452,3661,2632,5369,5318,6834,7432,4357,2711,5905,5377,6030,4891,2151,5469,5625,6485,5688,5710,5848,6555,3446,6201,2321,2793,5432,3413,6973,4082,7557,4928,4877,6291,4912,6579,6227,7156,2255,6965,6915,7026,6322,6868,6372,6301,5588,1999,5178,4632,5872,1839,5835,6945,7093,6824,3671,5901,7047,5225,4593,6658,7620,6576,5799,4916,8845,5270,6363,7737,6904,3329,3557,2086,6751,4354,2064,6902
"COG1182",1084,1283,1305,962,990,1522,787,1455,889,204,1591,883,388,812,619,429,1052,1103,1194,1436,602,837,454,1478,1282,895,925,221,1049,1081,603,1555,640,687,819,430,1256,930,172,1061,1331,918,174,836,1704,1061,470,1456,218,1055,899,1095,1298,526,534,380,498,1073,1094,1196,1064,1269,912,1147,1096,1308,1272,850,707,983,176,808,731,919,900,1015,83,443,1243,842,1277,343,538,507,1568,915,943,331,115,789,1251,379,1345,2066,771,1276,1190,256,1428,786
"COG1183",3661,4310,3708,4873,3392,5067,3022,1600,4474,4856,5127,4074,3336,4002,4543,4066,4215,3863,1872,4977,3519,4121,4201,4483,1685,1560,2759,4310,4204,4563,3386,2180,3430,3316,4540,3617,2198,3668,4537,3977,4131,4138,4032,4063,1997,4601,1336,1422,4189,3088,4080,3351,4875,3268,3541,2290,2640,4131,4289,4853,1541,4344,3883,3875,4378,5148,4742,4639,3959,1084,3994,3491,3391,1475,3019,4165,4221,4059,3315,4062,4599,4054,3709,5111,4819,4773,1318,3965,4046,4028,4913,4323,4026,3425,1313,1490,3926,4236,2430,4450
"COG1184",68,24,26,73,165,2,33,101,82,247,6,7,93,71,130,53,104,10,3,5,65,1,85,24,78,45,48,119,6,8,38,23,9,197,161,237,47,161,169,49,71,59,311,121,267,10,30,56,79,198,69,11,7,66,170,45,1458,16,67,6,12,18,16,15,92,67,92,14,79,19,151,199,188,9,112,96,346,31,111,12,14,126,113,4,5,31,29,150,320,49,89,688,21,76,56,11,16,106,40,27
"COG1185",15326,15337,13450,13196,8376,17135,15547,5760,13995,12879,16488,16470,11743,13234,11898,12783,14148,15922,4785,14037,12675,16801,10608,13957,6512,5891,10343,10432,16354,16426,11146,5377,13792,8193,14038,9280,5314,12552,10890,14787,14039,14343,10007,14544,6067,14943,4586,5835,10920,8087,14357,15522,16892,11866,9732,12265,6469,15279,14750,16041,4487,14997,15421,15742,15061,14416,13164,14958,14870,4498,10356,9291,13108,3341,13028,14878,10386,14644,7793,13367,15450,10247,9290,13140,16934,15250,7881,12003,11415,13294,14477,10864,15586,7549,5773,4166,14588,10772,5595,15470
"COG1186",8158,7925,7565,7197,4919,8527,9300,3174,6586,6339,8104,8937,5926,7093,6363,6729,7329,8779,2703,7708,7797,8763,5725,7098,3844,3421,7010,5505,8080,8416,5880,3383,7547,5044,6821,4926,3619,6566,5649,8525,7577,6952,5373,8144,3722,7115,2259,3351,5818,4889,8122,7156,8322,7354,4807,8869,4094,8529,7655,8181,2664,8268,8154,7914,7919,7143,6965,7518,7000,2952,5454,5838,7951,1854,7766,8709,5379,8152,4901,7053,7359,5594,5329,7696,8111,7740,4471,5858,6522,6494,7073,5998,7838,4599,3278,2332,8335,5586,4091,7989
"COG1187",4805,4710,4065,6211,4577,4049,3961,5109,3841,3861,3442,4242,2985,3817,3868,4377,3815,3948,3385,3744,4790,4180,4108,3865,4637,2649,5272,3059,4716,4526,3683,4966,4409,4725,3929,3125,4382,3341,3135,3662,4116,4428,2982,4030,5157,3366,1598,3772,3313,4894,4773,4564,3913,3827,2452,5843,3430,3757,4956,3517,2771,4862,4648,4971,4029,4563,7770,3853,3718,2485,2706,3874,4588,1930,4103,4367,3890,3797,5201,4967,4255,3481,3860,7513,4229,4201,4058,2659,3742,3610,4433,3815,4853,6923,4999,2760,3627,2700,4875,3738
"COG1188",286,357,289,956,759,297,300,722,298,275,138,284,389,342,299,202,281,282,480,156,268,444,415,350,669,327,587,336,540,275,427,970,370,414,200,432,889,220,241,296,324,371,285,352,896,157,167,784,353,900,274,559,225,438,167,433,481,238,326,129,483,575,391,442,265,259,1078,310,230,419,253,628,264,300,338,398,422,292,841,433,544,279,527,1059,188,241,720,283,237,317,267,317,423,922,666,449,266,210,1112,223
"COG1189",1808,1030,1792,362,888,1318,2904,875,942,1263,794,2340,1625,1617,991,1191,1599,2165,159,845,2071,1276,885,992,1257,725,2332,1147,1352,1891,1265,270,2067,1314,851,1214,92,1319,1000,2002,1266,1411,1083,1818,394,841,250,1243,1249,727,1534,859,1492,2063,845,3175,161,1858,1066,973,102,1124,1694,1430,1338,609,123,1022,1164,795,1186,1232,2086,174,2253,2058,1198,1818,628,1282,1478,866,950,288,524,879,2079,1103,979,1177,633,933,1041,377,1149,274,1870,996,121,1542
"COG1190",6702,6695,5526,6259,4700,5981,6420,1898,5605,5167,4990,6637,5116,5498,5754,6434,5293,6532,2390,5722,7160,6398,5505,4766,1821,2664,6378,5571,5740,6651,5315,3036,6670,4640,5288,4832,2938,5450,5638,6131,6504,5706,5453,5815,4157,5614,1965,1309,6347,4562,7153,5995,6027,6149,4182,7930,5577,5715,6547,5468,2249,6125,7134,6848,6188,5741,6293,5929,6073,2150,4991,5275,7193,1624,6176,6063,6471,6538,4543,6051,4088,5234,4888,8223,7341,6393,2995,4909,6254,5329,5820,5350,6742,2505,1435,2413,5910,5420,3891,6256
"COG1191",1404,626,1170,943,1458,613,813,958,552,793,282,630,757,701,708,501,1249,599,1690,208,534,775,978,1116,1323,2849,1029,933,1067,643,1045,1466,836,1766,473,1072,1974,404,857,710,534,765,958,724,1394,183,1247,480,1025,1315,684,989,549,931,542,1731,1068,597,517,194,1414,809,1069,891,431,291,694,501,402,779,916,1202,634,3192,1267,847,1264,497,1650,882,1461,645,959,887,253,398,1164,744,610,862,295,691,754,1385,824,1552,665,693,1629,421
"COG1192",8143,7760,7177,5865,9465,7892,6847,11035,7595,6635,8143,7209,7058,7282,7053,8348,7508,7723,5471,8108,8056,7846,7288,7157,10443,5800,9083,7633,8188,7261,8137,12006,7029,8166,8275,7499,10182,7905,6905,7411,8079,8754,6858,7154,10608,7542,3335,9345,6788,10169,7943,8936,7568,7243,6551,7793,6120,7372,7869,8176,6241,7581,7299,7434,7733,7155,6198,8267,8611,5688,7027,10038,7213,4266,6628,7045,6228,7914,7693,8573,7590,6249,7899,5817,8464,8732,11754,7695,6325,7153,7542,6402,7548,21707,12191,5275,7014,7584,13606,8365
"COG1193",3855,2906,4388,2431,1499,2138,7461,178,2091,1312,1843,5927,2314,3496,1725,2333,3152,5731,514,1494,5296,2603,858,1956,350,1746,5121,1583,2067,4403,2398,204,4270,2910,1805,1707,155,2684,1081,5223,3457,2048,1157,4700,284,1404,867,525,2442,1292,3861,2706,3089,4674,622,7383,580,4707,3274,2631,402,3155,3581,3524,3611,1666,3216,1686,2245,1302,1646,1581,5458,170,5462,5480,2212,4483,854,3264,1771,963,1374,3483,736,1158,896,1338,1395,1495,1742,1167,2995,370,300,555,4689,1760,287,3054
"COG1194",7208,7932,7215,6866,3803,8267,4987,3077,6554,4831,8530,6123,5503,6316,5471,6539,7461,6355,7641,8009,6086,7470,4358,7937,3009,7221,6180,4481,7823,7421,5066,3332,6708,3632,6865,3469,4506,6319,4440,6572,6579,6656,3982,6246,3697,7465,2746,2705,4565,3709,7197,4295,8198,5043,4000,4951,3418,7163,7009,7782,3654,7248,7340,7732,6870,8114,7126,7786,6738,3393,3976,4326,6109,2809,6136,6537,3941,7137,3560,7034,7642,4286,4094,7996,9690,8038,3219,4925,4321,6211,7839,4124,8254,3427,3302,8158,6888,4732,3360,7926
"COG1195",4865,5252,4397,4993,3655,5660,5177,2506,3952,2979,3975,5516,4423,4511,3728,4175,4371,5026,1813,4604,5558,5043,3092,4203,3232,1809,5733,3237,5812,5937,4072,2998,5157,3425,3903,3156,2721,3994,2984,4688,4525,4131,2843,4901,3456,4254,1192,2257,3390,3435,5543,3603,5437,5267,2466,6215,1936,4751,4754,4237,1741,5290,5045,5632,4480,4677,4951,4216,3553,2255,2788,4143,5112,1155,4747,5192,3799,4738,3377,5409,5257,2943,3034,6405,4867,4961,3897,3398,1938,4021,4637,2500,5497,3699,2825,1790,4602,3541,3806,4505
"COG1196",17279,16134,19774,12488,11564,17373,20656,8605,17663,15329,18098,19317,17072,18605,15967,17486,20738,18543,5231,18804,20954,17504,13112,18457,8197,7167,15871,14210,16297,18062,14538,6684,18188,17411,19035,14407,5376,20768,15709,20916,18181,16891,16346,18464,9013,18178,7053,6870,13632,8870,17087,16285,17403,15772,19449,15340,16766,20779,16680,20556,4447,15515,19341,17613,18157,18152,11083,16130,17316,5054,15378,10876,20791,3784,20763,19301,12865,17642,12671,16959,17070,16774,14440,11394,17998,15826,8068,15855,16284,16352,18148,15456,16866,11527,7162,4336,20881,16897,6853,17980
"COG1197",14239,14853,13510,14333,10395,14723,15098,8980,12370,13322,10685,15469,12404,12546,12404,11610,13244,15121,4406,12032,15067,12120,11638,11900,9802,5109,15233,11572,13360,15725,12336,6096,14504,10821,11355,10543,5189,11074,11754,13184,11835,11811,11588,13173,7949,11900,4502,7792,13443,10313,15647,10189,14150,15104,8688,18388,7405,13967,13680,11273,3716,14515,16528,16010,13254,13540,16292,10981,10358,5764,10676,12133,14456,2436,13100,14540,12876,12154,10115,14156,11482,11550,10602,18143,15215,12959,11727,10033,13430,12952,13094,12502,14918,11478,9209,4062,13835,10239,8155,11950
"COG1198",14027,15692,15312,12494,8454,15636,15812,5607,13045,13341,17288,16428,11995,13563,12633,12233,14312,15595,4240,16379,14053,15797,10507,15741,6168,5150,12320,10922,15617,16034,11432,5146,13632,8599,13779,9379,5141,12640,11242,15640,13898,13500,10191,15832,6797,14759,4326,5137,11513,8165,15339,10368,16026,12647,9294,12883,7873,16379,14183,17618,4135,15294,15576,15875,15055,15777,15595,14857,13403,4320,10574,9977,14129,2964,13495,16538,10913,15419,8294,14070,16003,10217,9490,13685,15151,15148,6421,10886,12304,12118,15334,12136,16200,7923,5181,3640,16433,11165,6258,14995
"COG1199",4450,2938,4566,4655,6513,1873,5435,5793,5154,7213,1883,4133,7842,5886,5541,5888,4316,4301,6480,4385,6826,2686,6184,3319,7985,5383,7527,6131,2386,2904,8293,6161,5275,5005,4981,5729,5300,5870,6247,4810,4298,5453,6411,3826,7329,4833,3035,4840,8217,6355,4216,4739,2400,7939,4686,6810,10179,4216,3985,2665,4529,3125,4184,3010,4056,4369,3114,3609,5050,3794,5400,7293,6309,6282,5882,3622,7002,4732,5970,4642,3308,6099,5715,4081,2207,4652,4968,7014,9386,6120,4402,8165,2829,7621,4632,5562,3663,6296,6744,3983
"COG1200",13227,13382,14169,11068,7662,15331,13015,5242,12242,11380,15734,14657,11089,12585,11150,12862,13263,14516,4697,15741,12801,14016,9911,13471,6052,5733,12169,9294,13539,15381,11164,4791,13445,7863,12700,7674,5369,12105,10036,13972,12528,13268,8636,13114,5643,14706,4470,4120,10112,6973,13884,9474,15422,12064,8204,12244,7276,14625,13425,17500,4624,13045,14791,13637,13741,14472,11438,14525,13003,4224,8386,9157,12981,3331,11457,14429,8706,14519,7303,12414,12951,9704,8045,12027,16845,15304,7242,10930,10575,12050,13817,10506,13576,6734,5096,4173,15555,10236,5700,14292
"COG1201",7501,6045,7950,2845,6566,5006,10551,5294,6741,2074,2991,8931,9940,6816,7128,8071,7956,8920,2101,5073,10116,3045,5899,4647,5741,3134,6229,8270,4982,7042,6874,6090,3773,10362,8279,9506,3211,6026,7684,7533,6193,4443,9744,7925,4467,5116,3068,2710,5812,5436,8913,6942,6265,7650,14573,10446,6553,7937,6966,4126,1847,4575,5863,7022,6026,5443,2593,3344,5479,4211,9979,6847,7032,1041,7483,7049,5745,4105,7196,9020,4170,9503,9893,2454,2710,3196,9867,7243,3456,7568,5662,4398,5459,6910,5992,2367,8177,10155,7946,3299
"COG1202",0,0,5,0,3,0,0,0,10,3,1,0,85,12,0,1,36,0,0,1,0,0,1,2,0,2,2,4,0,0,28,1,0,9,0,5,2,65,9,0,2,151,0,0,2,43,31,0,4,1,0,0,0,16,17,0,10,0,0,0,12,0,10,0,1,2,0,10,1,0,15,2,0,4,64,0,23,2,2,0,0,2,14,0,0,37,0,30,15,41,0,0,0,0,0,0,4,28,3,0
"COG1203",62,101,21,21,1274,15,37,559,34,212,9,22,42,126,122,126,35,143,553,237,51,5,306,11,368,520,1254,228,82,38,419,1788,24,909,21,542,562,54,156,72,669,361,205,141,912,5,50,1242,163,593,185,27,27,201,280,296,319,14,31,53,1336,12,130,25,12,15,120,161,85,545,200,2001,153,366,7,61,114,165,2685,224,47,269,1332,26,7,250,398,451,153,37,18,668,12,944,433,1232,35,236,3018,30
"COG1204",1518,999,1315,1215,3179,173,885,1432,3204,820,248,595,3500,2894,3555,3525,2770,818,711,2003,3234,44,3497,946,1079,1098,1524,4725,143,345,3272,3053,745,7088,4288,5308,3658,4325,4557,936,1975,1631,5980,917,1315,2529,1437,2233,2770,2208,1971,2255,401,2402,9562,1069,2594,1279,2372,360,709,441,515,800,2089,2816,1138,885,3249,1037,5613,1297,3376,547,1961,551,3410,1118,4388,2255,118,6054,5525,310,874,787,428,3213,1958,3166,3086,2239,710,548,347,650,789,5449,1966,1186
"COG1205",423,275,308,656,1285,252,218,263,836,1067,94,194,724,556,470,337,578,372,663,208,353,76,813,323,914,840,1834,513,99,234,1411,1340,644,404,638,1127,973,652,453,213,278,741,934,502,210,262,213,683,561,965,325,642,246,754,758,1123,1218,173,610,100,949,257,524,329,259,718,370,230,378,603,820,5213,493,331,521,308,758,261,744,423,59,661,581,482,233,532,360,1666,2562,981,747,1102,219,603,1797,1064,281,531,6225,152
"COG1206",2337,1765,2096,1198,1036,1385,3847,1899,934,822,881,2605,1358,1730,1060,1265,1854,2763,103,623,2488,1472,821,1348,2251,898,3397,931,1566,2290,1120,475,3088,1957,836,1109,119,690,899,1994,1321,1192,947,2225,1003,515,263,2213,1034,743,2202,1483,1494,1935,588,4623,151,2060,1364,907,146,1537,1953,2222,1683,653,1237,932,1137,857,1088,1313,2675,96,2246,2651,1059,2280,614,1978,1910,790,792,1075,244,515,2110,720,662,1094,639,683,1587,2159,2264,157,2074,583,131,1886
"COG1207",7009,6924,6816,5618,3965,7878,7130,3295,5241,3939,7677,7329,5230,5911,4688,5110,6008,7199,2609,6312,5992,7065,4142,6414,3694,3178,6285,3825,7030,7719,5134,3265,6853,3892,5401,3525,3579,5330,3767,6840,5783,6364,3406,6777,4467,6525,2002,2649,3669,3991,6614,5720,7706,5886,3597,6647,2117,6781,6128,7556,2555,6808,7075,7155,6464,6032,4862,6443,5689,2176,3423,4265,6146,1695,5974,7362,3437,6669,3805,5755,7038,3920,3320,5209,6552,6879,4113,4902,2767,5706,5963,3211,6678,4195,3232,2299,7661,4215,4263,6759
"COG1208",9613,9133,11043,7202,7010,10975,9600,6119,10094,13069,12420,10490,9079,10159,11037,11268,9933,10536,13650,12247,10516,10501,9263,11031,5655,14305,7905,10618,8970,11158,10307,4209,9594,10520,9805,10645,7195,11625,11452,10562,10167,9832,11150,9707,5851,11345,24143,7335,9764,4506,10311,6256,10765,8646,12731,8813,17225,10906,9014,12698,12811,8927,9479,8711,10613,9925,7830,10938,10930,9628,11561,6507,10507,15261,10530,10909,9542,11051,7068,8955,9726,11250,9768,6728,10160,10763,4125,10525,15527,9846,9539,12789,8943,2755,3372,12451,11149,10825,1879,11368
"COG1209",4150,4484,4119,4580,3804,5166,3441,2820,4480,4658,4747,4080,3507,4070,4453,4014,3966,4492,5080,4842,3477,4985,3761,4108,2158,6017,3413,4289,4852,4953,4385,3395,3647,5074,4365,4459,3058,4165,4036,4280,4157,3958,4760,4052,2968,4884,6771,2728,3768,3037,4374,3193,4971,3428,5888,3901,4754,4339,4585,4579,4107,5105,4067,4351,4480,4312,5475,4397,4672,2737,4848,3989,3528,11104,3116,3715,3981,4001,3399,4056,4039,4911,4844,6033,5209,4135,3053,4693,5647,4397,4201,4956,5124,2753,2495,5305,4027,4188,3665,4419
"COG1210",2613,3115,3296,2814,2936,4061,2495,2136,3006,2194,4286,2921,2814,3152,3033,2265,3417,3037,1673,3803,2271,3321,2666,4061,2474,1551,1655,2682,3793,3539,3071,2245,2551,3773,3037,3148,2132,2722,2723,2940,2757,3083,2680,3161,3777,3666,1362,1641,2222,2542,2966,2101,3846,2703,3219,1493,1904,3207,2368,3853,1714,3124,2989,3079,3033,3137,2795,2935,2443,1359,3021,1888,2461,1361,2199,3273,2369,2816,3158,2970,4157,2724,2894,2546,3393,3124,3036,3241,1864,3123,2969,2069,3211,3066,2393,1403,3636,2780,1942,3159
"COG1211",5625,5344,5766,4334,2794,6225,5122,2334,4627,4715,6624,5698,4248,4996,4647,4545,5300,5608,1735,6533,4832,5556,3746,5500,2616,2216,4167,3696,5264,6039,4326,1731,4912,2074,4990,3330,2039,5050,4037,5686,4858,4968,3349,5311,2023,5920,1675,1950,3710,2763,5705,3115,6161,4652,3438,4434,2791,5822,4872,6978,1567,5182,5529,5488,5325,5900,3547,5721,4722,1438,3647,3342,5019,1306,4607,5605,3191,5717,2643,4692,5791,3864,3015,4119,7136,6623,3254,4341,4291,4906,5501,4358,5490,2655,2459,1329,6216,3583,2165,5972
"COG1212",5047,5578,6040,5055,3010,6523,4317,2690,5064,5029,6858,5560,3741,4799,5032,5235,4955,4954,8679,6284,4331,6317,4391,6498,2441,6056,3276,3787,6546,5986,3976,3340,4260,3000,5429,3237,4292,5165,4496,5472,5107,5290,3566,5460,2521,5708,11617,3194,3758,2784,1660,1363,2054,1268,1137,1141,1507,1777,1878,2482,2407,2375,1770,1806,1754,1981,1943,1974,1911,1299,1125,1008,1543,1636,1883,1844,1227,1880,979,1634,2228,1582,1103,1644,1983,1906,510,1518,1556,1533,1992,1510,1973,865,575,2742,1773,1312,570,2020
"COG1213",1177,1118,1166,744,2943,924,867,154,1966,4395,1907,1038,1833,1880,3037,2121,1382,1163,1584,2625,1285,921,2916,1243,902,4334,918,4111,580,1213,3753,701,965,4451,1723,5009,980,1350,4072,1347,1281,1750,5486,1047,485,2774,2476,77,3437,1361,1119,553,1099,1618,5002,506,2514,1361,1185,1839,2090,874,1121,978,1386,1492,965,1993,1775,196,5209,1745,1208,6297,1004,1182,6159,1595,3035,886,515,4093,3923,666,1895,2282,1082,2903,5199,2596,1412,4824,1022,63,548,1128,1440,3396,218,1812
"COG1214",2637,2418,2403,2703,2137,2222,2387,1599,2279,2974,1894,2425,2279,2378,2716,2625,2190,2483,1014,2305,2699,2377,2760,2123,1379,1065,3069,2600,2263,2457,2666,1384,2712,2025,2255,2239,1342,2175,2923,2452,2518,2613,2476,2152,2298,2261,858,1582,2777,2137,2752,2112,2152,2625,1771,3502,1859,2314,2544,2024,1044,2276,2880,2426,2336,2383,2493,2648,2435,1108,2279,2599,2728,707,2534,2406,2550,2782,2246,2530,1829,2638,2267,3413,2961,2564,1796,2346,3170,2385,2368,2763,2367,1434,1193,965,2223,2431,1873,2512
"COG1215",3335,2378,2961,4161,4775,1367,3958,4740,2694,2861,1223,3111,2533,3219,4132,3062,2713,3452,2226,2152,4845,1926,4167,1674,6972,2456,4896,4779,1877,2356,3330,6683,3457,8354,2196,6086,2609,3550,4382,3171,3402,2630,6207,3880,3920,2376,1524,2982,3802,5040,1330,1118,531,1419,2480,2237,3123,1033,759,693,723,844,797,926,876,568,832,602,918,1289,2090,1015,1544,734,1206,1155,1686,1215,1282,1263,613,1898,2348,1474,525,708,3246,1219,2044,995,555,1831,685,2804,2419,747,911,1591,769,921
"COG1216",5838,4780,5204,6145,7270,5635,3638,9302,5614,9536,5957,4592,5485,5652,6995,6126,4453,4476,7863,7993,5310,5660,7186,5254,5938,7624,4778,7295,5442,5445,7264,4175,4599,7815,6262,7109,6127,5977,7979,4950,5281,6439,7673,5830,5157,7083,6376,8245,6998,5131,5809,4102,5252,5977,7962,6108,12699,5457,5593,6594,7960,5220,4793,3967,5284,5816,6052,6632,5500,6997,7804,5478,5186,8247,4134,4921,6210,6268,5209,5716,4950,8559,7586,7933,8408,8495,9033,7053,11241,6461,5656,9610,5418,5822,6264,4776,4489,6614,5024,5829
"COG1217",9019,9634,9785,11640,7556,11234,10602,4963,10967,9594,9846,11321,6616,8197,8858,7990,8721,10254,3246,9675,9763,13282,8852,10214,5605,3996,7971,8605,12532,10611,6131,4610,12322,7324,7029,7995,4014,6305,8312,8629,9346,6356,8474,8783,6319,7513,2439,4439,9270,7047,7965,13664,10017,8272,6492,9389,4545,8701,13060,8394,2675,14225,9763,9572,10742,11114,11926,6677,9130,3728,8494,7632,9858,1848,8390,10365,9483,6722,7313,8540,12854,7941,6960,11103,7870,6449,6670,4650,6253,6980,11246,8595,11978,6289,4936,3141,9321,5549,5343,8930
"COG1218",1601,1649,1573,1586,1155,1982,1622,730,1638,1405,1865,1709,1386,1584,1444,1397,1508,1711,594,1810,1697,1646,1353,1551,702,809,1475,1109,1575,1872,1376,810,1636,874,1777,893,1161,1494,1206,1560,1554,1576,1125,1697,884,1623,446,630,1098,1264,5022,3744,5853,3719,3656,4486,2031,4887,5339,5372,1999,4913,4577,5026,5081,5633,4290,4824,4308,1561,2919,4098,5171,1191,4243,5270,3103,4676,3091,4716,5048,4092,3161,4585,4993,4621,1556,4450,2769,4800,5508,3084,4928,2486,1738,1630,4956,3853,4231,5089
"COG1219",9170,9119,9028,8398,5453,9908,9467,5025,8044,7375,9883,9911,6946,8319,7506,7690,8083,9964,6336,8669,8526,10464,6907,9066,4334,5536,7022,6577,9781,9723,7127,4311,8826,5498,8416,5914,4204,7802,7101,9944,9018,7915,6419,8978,4424,8633,3427,6850,7083,5294,8708,8600,9901,7784,6180,8273,4849,9184,8606,9820,4628,9706,9613,9463,8911,8567,7909,8901,8226,5736,6404,5942,8928,4568,8980,9283,7576,9100,5211,7750,9342,6741,6029,8930,9224,8240,5152,7518,5400,7552,8541,6210,9407,4400,4040,6397,9614,6595,4029,9878
"COG1220",4856,5062,4891,3663,4276,6247,4462,3167,5627,6647,7308,5293,3879,5100,5250,4522,5374,5137,2442,6373,3961,6710,4952,5804,3711,2422,3184,5040,5806,5368,5161,3414,4715,2840,5538,4410,3729,4901,5158,5423,5137,5640,4418,5049,4342,5986,1585,2444,4528,4760,4748,5199,6196,4212,4408,2326,4085,5782,4881,7375,2499,5177,4588,4686,5492,5585,4327,5724,5602,1896,4977,4165,4125,2017,4076,5447,4254,5222,4498,4390,6361,4449,4512,2666,6596,5826,3119,5432,6082,5143,5634,5572,5171,4656,3267,2043,5209,4605,3971,6205
"COG1221",111,206,199,236,2005,69,163,1601,35,484,37,68,167,157,237,95,75,75,1448,118,136,130,727,166,2099,739,2163,423,332,66,1045,2551,163,852,69,743,2518,119,208,199,266,605,352,281,2228,10,374,862,240,2239,44,1032,61,525,600,574,912,112,21,124,1493,137,298,275,81,6,75,194,185,1205,326,4908,206,961,160,162,162,85,2353,373,486,409,583,260,25,488,1727,956,340,122,23,463,213,865,1525,985,94,129,7867,38
"COG1222",672,463,519,438,193,57,403,0,1052,257,92,210,1092,874,563,1506,1087,277,143,413,1205,35,310,409,5,184,538,499,49,163,509,25,171,164,1652,275,23,1520,630,383,890,544,500,542,105,432,219,0,664,166,782,542,198,725,320,316,748,520,893,154,75,202,195,304,924,1064,526,317,1278,71,387,238,1469,59,757,302,429,498,158,1023,31,327,377,56,267,371,1,501,449,526,1118,320,328,0,1,139,298,1049,195,524
"COG1223",61,48,11,25,3,9,22,0,47,0,1,1,32,62,15,35,79,12,121,0,33,1,0,19,2,27,13,1,4,3,3,104,4,4,97,1,25,83,0,20,61,23,0,20,5,4,18,0,4,2,61,8,6,24,7,23,14,26,30,2,36,13,12,8,70,52,30,4,74,149,5,2,166,231,75,10,0,23,2,11,3,1,7,4,8,3,0,0,1,14,31,3,26,0,1,155,9,1,10,23
"COG1224",104,76,18,79,6,2,32,0,105,0,3,10,77,125,25,99,151,14,1,5,80,2,5,22,0,78,5,0,5,3,1,16,16,8,187,0,2,205,0,24,100,27,1,77,0,11,23,0,1,2,99,20,4,32,0,17,0,33,64,0,4,12,8,29,124,114,88,14,152,0,3,2,386,1,150,57,3,38,0,25,7,5,0,7,3,0,0,0,0,20,110,1,48,0,0,8,9,0,16,39
"COG1225",6015,4918,5115,4045,4456,5295,5691,3529,6289,3494,5106,5870,6519,6359,5283,6352,5151,5371,1568,6490,7840,5198,5100,4022,2373,2514,6827,5498,4703,5815,5963,2528,6533,7771,5635,5438,2283,5154,5708,5329,5689,5320,5813,5426,3561,6608,1679,1973,5311,3852,5917,4239,5616,6699,7065,7223,2450,5389,6355,5475,1574,4796,4750,5303,6026,5755,3579,5046,4770,1948,5997,4254,7091,1119,5259,5790,4662,6545,4487,6289,4587,6433,5558,4342,4599,5291,3643,5140,3943,6175,5690,3906,4408,2873,2831,1489,5429,6143,3004,5994
"COG1226",7774,6629,7131,6901,13358,4379,7092,12518,6541,8338,4321,5753,6363,6733,7285,7586,8943,6406,6637,4844,7536,6323,8880,7224,13581,6903,12923,7685,5993,5545,7729,11571,7205,11375,6794,9021,11630,7299,7553,6042,7427,7745,7264,6947,13791,4685,3099,10077,8130,13076,7286,8389,4544,8162,5572,10771,10494,6129,5473,4937,7113,5465,7296,7121,6448,5547,7216,5729,7051,6746,7221,12694,9101,3864,7869,6328,8743,7111,13283,7249,7087,6590,9226,6824,4607,6210,12594,5574,9716,5752,5518,9337,6467,14290,11272,6052,5686,5738,17960,6470
"COG1227",223,359,204,886,246,127,96,193,207,11,56,108,120,157,116,77,258,118,72,35,237,96,25,321,88,96,88,7,209,96,118,192,84,203,236,16,71,226,3,153,212,138,22,190,38,26,40,145,44,72,267,428,120,70,8,261,167,155,283,18,147,440,240,318,241,284,985,54,88,14,13,39,253,20,417,231,80,40,129,448,286,10,200,741,50,50,46,12,30,142,234,60,329,1062,236,53,94,25,110,87
"COG1228",10270,12947,7257,14212,17299,6570,6329,19934,12488,15925,5861,5785,12891,9999,14249,14056,7947,6700,4855,12508,11067,7276,16379,8474,21045,4112,13021,17380,8646,6935,13536,9888,7264,12954,12304,14712,12749,10410,16365,6751,10261,12678,16412,7450,10273,11503,2792,15250,20936,18717,13182,11218,6181,12118,11806,10496,20292,7256,11914,6755,7557,8485,9174,10920,9147,12653,19607,12020,11670,8533,17240,21565,8452,3006,6692,5199,20641,9558,16731,11769,5870,14753,17519,18542,14725,15713,22242,15457,26666,12238,13087,18273,12218,7142,20273,6025,5486,20338,23221,11220
"COG1229",249,265,473,288,132,386,275,785,301,336,413,245,205,342,209,292,336,204,85,369,158,320,142,511,237,108,105,238,512,440,256,14,249,78,312,180,26,399,240,249,363,227,208,389,5,293,104,3,231,119,223,431,445,307,157,208,61,265,198,370,75,328,228,240,365,250,98,273,237,15,223,72,208,81,284,329,221,231,143,266,388,164,141,140,375,173,37,467,461,328,230,370,286,624,349,61,402,267,16,284
"COG1230",524,756,487,456,8769,576,261,7795,713,1907,166,411,633,977,1694,825,279,769,3337,463,776,481,3967,328,10867,2467,4377,2762,1192,210,2826,8377,696,5927,338,4526,8066,806,1848,566,1622,2256,2548,962,9244,146,582,5211,2186,10100,777,2726,335,2279,2215,2592,4183,183,654,510,4311,305,1069,405,427,200,541,939,922,4546,2637,5386,1010,1824,393,587,1773,988,7432,1673,652,2773,4631,506,135,1004,9895,1625,3059,691,248,3448,242,13840,9509,2923,333,1735,10973,478
"COG1231",1092,633,714,1624,2054,185,516,1541,1015,2462,444,270,913,881,1861,1409,803,400,758,1051,984,396,2237,776,335,515,1294,2267,204,125,1235,934,685,1446,1518,1637,448,1275,2668,710,1010,1105,2637,862,1816,910,171,540,2818,2348,894,680,178,768,1766,1127,2906,592,995,397,667,635,562,603,860,1366,789,1447,1981,340,2242,3938,1175,1307,871,818,3015,927,1336,752,393,2273,2113,1664,1462,1803,392,1428,4683,1156,1521,3269,714,1477,506,1239,271,1936,3211,975
"COG1232",869,799,492,288,525,455,302,195,760,1291,383,382,860,623,800,898,513,641,205,718,687,267,574,515,333,219,895,801,255,531,1183,98,446,368,521,773,85,806,685,533,529,837,759,318,96,809,190,315,1027,463,3576,756,1380,2966,2238,2293,1043,1280,2014,1495,511,1299,1611,2027,1569,2150,1439,2448,2744,910,2478,2222,1521,361,1412,892,2425,2420,1245,2229,638,2058,1804,930,4711,3543,2492,3257,3765,3261,2033,3330,2392,362,1062,914,1296,2396,424,2519
"COG1233",16834,16744,16868,13477,5120,15708,20514,3153,15953,10613,14874,19571,13877,16003,11208,15723,15451,19059,2870,16414,19936,16327,7327,15074,4462,5614,14979,7836,15061,17958,11292,1602,16822,6048,15549,6407,1528,14854,8367,17260,15861,13659,8584,17908,1763,15570,3978,1746,9750,4304,17994,13133,16543,15166,6659,19810,5252,17899,17551,16243,2332,17876,14975,16598,17751,15105,18174,14347,15432,4679,7563,8684,18686,1857,16946,18544,10484,17144,3588,17630,15232,7029,7484,15469,13549,14619,10527,9890,10981,14230,14994,10939,16694,2076,3902,2963,16501,13265,1282,17687
"COG1234",5747,5533,4728,4157,3153,3926,5405,2698,4726,3922,4088,4844,5780,4520,4408,4763,4962,5135,1455,3792,5162,3725,3844,4425,2067,1853,4498,4733,3894,4474,5355,2225,4657,3571,5196,4290,2124,5051,4283,4624,4493,3999,4730,4448,2995,4283,2007,1634,4897,3709,6131,4255,4331,4335,5327,6009,5002,4660,4815,3790,1149,4203,4869,5725,4930,4514,4161,4512,5052,1328,4502,3322,4820,739,4774,4464,4376,4611,2896,5318,3169,4487,4149,4558,4710,4733,1539,4655,5016,5281,4693,3809,5195,1398,2163,1327,4732,5289,1854,4769
"COG1235",4013,4331,4140,4474,3414,4593,3256,2640,4489,4782,3836,3976,4566,4447,3929,4906,4158,3968,2630,4752,4122,4235,3373,4263,2474,1853,3864,3498,5146,4286,4847,2941,3401,2049,4926,2988,3080,4501,3652,4007,4045,4375,3341,3974,3296,4392,1386,3284,4083,3965,4519,3880,4466,4412,2797,3458,3233,4311,4482,4190,1691,4617,3970,4289,4231,4990,4659,4680,4267,1704,3118,4216,3559,1616,3444,3901,3967,4205,2968,5155,5467,3225,3156,4517,4698,4880,2353,4511,5323,4788,4861,4322,4346,3106,2538,2027,3962,3851,4454,4247
"COG1236",3267,2401,3012,1457,4006,2138,4108,4621,3228,958,1153,3663,3569,3253,3179,2537,3385,3347,2252,2183,3738,1491,3667,1800,4656,2229,3187,3677,2126,2649,4178,4570,1624,5438,3334,4983,3551,2772,3477,3041,2531,1918,4862,3214,5110,2693,1495,3644,2587,4722,1101,1015,802,1199,2280,1874,986,1018,792,431,813,632,800,965,861,668,280,455,702,820,1463,1205,1175,575,1034,915,852,555,1579,1122,586,1577,1630,402,342,408,1224,1325,560,1303,729,769,701,1730,1470,633,1083,1540,1715,448
"COG1237",415,345,124,295,130,430,172,14,267,202,267,197,320,220,270,107,121,275,125,226,159,502,266,125,7,33,91,275,661,359,258,10,356,101,232,179,8,99,333,190,199,121,181,194,2,250,63,5,394,121,377,293,298,151,172,185,45,197,267,229,26,544,173,251,258,331,489,111,72,30,291,199,90,24,124,197,192,119,104,229,502,205,217,304,551,260,2,163,186,314,339,105,306,1,2,73,169,296,42,221
"COG1238",2547,3134,3061,2644,2957,3375,2142,1188,3412,3236,3684,2597,3007,2915,2964,2906,2953,2680,1314,4163,2766,3861,2954,3383,1901,1453,2068,2579,3952,2958,3085,2370,2883,2792,3495,2126,2948,3035,2679,2881,3195,3552,2180,2546,2736,3460,968,1763,2443,3210,2817,2689,3291,2550,2207,1400,2364,2894,3108,3401,1680,3328,2616,2861,3288,4112,2946,3291,2948,1129,2313,2933,2587,890,2319,2722,2067,2912,2851,3254,4519,2666,2381,2253,3432,3572,1535,3084,2703,2832,3740,2837,3003,2437,1316,1265,2929,2972,3848,3221
"COG1239",4101,3684,3618,2696,1242,2850,7095,495,2193,1219,2213,5703,2158,3251,2030,2542,2752,5524,555,2046,5957,3908,1079,1878,532,1417,5326,1676,3267,4617,1125,422,5881,766,1966,2044,132,2531,1454,4266,3764,1983,1696,5487,354,1288,798,536,2074,1114,4687,3571,3310,3797,1122,7956,1088,4194,3918,2594,383,3791,3315,4055,4539,1495,3809,1634,2427,1299,1875,2239,6885,423,4480,5517,3021,4089,1179,3660,2737,998,1520,3036,2203,1035,1081,1253,1408,1616,1529,1189,3454,294,333,829,3952,1558,200,3186
"COG1240",1213,970,1409,632,212,458,3219,25,385,136,593,2383,714,831,328,594,1119,2353,97,59,611,321,62,745,482,397,1988,221,444,1405,394,136,1112,91,487,385,38,903,102,2005,487,643,157,1916,352,226,238,54,317,263,1049,639,1063,1200,120,1963,430,1734,782,899,82,546,1270,1121,571,297,143,507,565,427,328,394,732,98,2101,1815,281,1200,201,902,692,36,232,627,116,161,781,228,423,445,275,256,910,176,166,123,1789,227,29,931
"COG1241",1488,1180,1546,1151,1884,139,815,103,3004,706,256,468,3333,2695,3412,3039,2472,748,955,1556,2942,44,2947,1115,129,1865,1016,3847,116,316,2722,3750,822,6175,3948,4732,206,3820,4062,930,1988,1248,5356,939,1468,2119,3938,59,2531,738,2073,1558,291,1860,8966,572,6090,1219,2219,293,1130,496,666,1005,2160,2572,1054,770,2821,689,4919,903,3546,12420,1913,533,2875,966,2649,2056,66,5325,4362,353,519,664,13,3054,1932,2885,2663,2084,1331,146,465,859,690,5071,381,1199
"COG1242",74,35,48,53,392,25,151,0,156,750,31,75,158,127,407,276,215,73,7,41,102,36,434,101,0,8,73,546,58,42,200,0,105,975,134,565,2,64,627,77,72,70,543,168,73,46,11,1,608,203,99,16,23,140,307,100,64,103,46,30,22,46,142,86,73,70,90,68,188,12,654,267,85,13,89,40,911,163,383,66,128,397,369,92,11,39,0,151,662,95,60,649,39,2,2,10,93,407,94,87
"COG1243",321,214,330,1675,1306,98,214,8,1084,882,427,228,1141,1068,1657,1204,436,230,347,1401,739,257,1769,348,3,394,271,2103,190,196,1974,662,522,4168,1018,3014,164,514,2272,485,446,511,3264,230,681,1658,760,25,1257,383,297,217,178,872,5685,178,3991,252,753,408,605,491,326,220,566,853,219,553,1125,74,3117,427,854,721,411,343,1449,471,1685,329,343,3490,2823,1309,255,505,0,1826,1964,1498,870,1751,334,12,3,377,256,2392,96,354
"COG1244",503,397,510,166,253,62,345,222,975,262,95,243,1180,670,636,1512,852,345,109,405,1161,30,336,377,1,73,593,527,32,157,568,15,156,139,1152,286,34,1139,623,422,605,559,533,242,67,401,200,0,756,209,732,543,144,811,343,327,418,480,777,157,72,168,193,356,610,799,183,365,1052,119,410,257,567,42,420,95,673,486,208,1099,12,337,392,42,254,305,0,555,197,698,864,205,278,0,5,130,317,1209,157,547
"COG1245",687,631,811,418,1442,89,459,1,2089,615,173,319,2321,1768,2368,2294,1229,464,175,1587,2033,30,2294,529,0,229,793,2756,51,228,2293,580,653,4227,2189,3001,58,1866,3069,615,1010,835,3965,338,277,1925,315,0,1953,551,1107,812,214,1334,6268,391,1619,713,1370,219,240,267,273,469,1020,1490,560,574,2060,151,3500,608,1685,255,666,221,1876,671,1709,1491,16,4148,3318,189,382,510,0,2577,1293,1905,1637,1419,432,14,0,178,466,4036,276,789
"COG1246",262,264,247,841,1836,152,306,1027,472,1154,78,155,445,439,810,281,354,181,1173,175,363,314,1335,483,1239,730,1092,1028,406,158,1271,2109,479,1101,261,1199,2116,252,996,295,460,777,1041,334,2567,81,153,185,945,2140,250,1110,155,680,687,556,1105,201,263,139,1154,592,434,240,268,335,902,270,346,807,874,1172,525,692,350,234,1376,267,2407,491,724,919,1290,772,34,253,1102,525,1165,493,388,1200,280,2366,730,1031,159,546,2784,195
"COG1247",338,339,345,709,794,198,212,738,439,566,199,197,675,495,535,451,455,187,201,378,368,162,520,318,522,141,306,679,289,199,525,401,312,584,406,866,116,483,639,338,478,470,721,231,259,418,250,1095,886,487,308,445,171,569,561,314,237,303,369,154,180,279,288,313,337,447,451,433,458,308,861,634,332,198,403,184,1215,323,933,493,325,583,712,697,358,507,1100,484,508,442,423,668,284,700,685,175,295,643,387,276
"COG1249",17217,16786,16348,16333,19777,15021,20177,17938,15805,14262,15413,18892,15996,16282,16135,16252,16684,18727,9248,14444,16842,15648,17627,15184,20397,9266,19551,17265,16780,16742,16677,17725,16629,19631,15284,17787,15881,14497,16114,18155,16894,16774,16587,18578,16816,14449,5103,14780,17334,21074,17210,18102,15650,17562,14233,20981,10451,17865,15998,15855,9566,16081,17278,17608,16185,14386,18139,16594,16451,10580,17059,16729,16567,6668,17206,18412,18176,18378,18935,17987,17244,15334,17849,16430,15108,15816,22734,14402,13302,15887,14713,14419,16664,29220,19131,8665,17582,15355,17919,17002
"COG1250",5562,6268,5006,6750,6262,5161,4725,3775,6312,6969,5682,4820,6113,5726,6850,6626,5811,5124,2957,6581,5770,5320,6971,5549,4235,2252,5195,6744,5321,5051,5416,5086,4438,5935,6484,6374,3766,6115,7124,5035,5545,6115,6822,5694,5020,6025,1830,3875,6916,5948,17710,16235,16390,15430,19431,11980,13056,16097,19736,17381,8305,15815,14745,17546,16963,21032,25096,18814,19549,7791,19161,17105,14754,7435,15808,16208,21090,15750,18863,19302,14954,20855,19211,21252,18427,19257,14032,18055,19181,18326,21251,20842,17699,25598,12377,7376,15745,20471,16421,17627
"COG1251",171,254,91,36,3559,113,39,5138,202,1741,48,74,243,437,946,182,39,161,3258,239,324,138,1307,66,3159,1605,2039,748,463,90,1083,6197,108,1812,95,1603,4385,215,477,205,605,915,895,370,6740,35,483,3790,580,4010,140,1446,67,1047,987,1189,1760,47,88,282,2057,49,228,101,86,64,174,363,227,1801,609,2135,393,2700,62,199,438,319,4115,695,186,875,1496,58,17,484,2044,626,1600,150,56,1929,41,6243,3101,2206,158,542,5723,65
"COG1252",6253,4034,6244,2150,3538,3567,10457,3729,3142,1001,3664,8575,3145,5382,2361,3709,4499,8121,3180,3089,7332,4951,2201,3480,3773,4475,7615,2099,4401,5677,2603,4732,8132,2981,3100,3171,3989,3334,1404,7508,4985,3333,2124,6978,4182,2865,1001,2609,1833,4089,4862,4009,4301,5586,2279,10716,1672,6880,3860,4521,2665,4003,5473,5674,5047,1884,2499,3124,3549,3214,2503,3514,8579,2445,7834,8230,2237,5645,3597,4791,4738,1961,3264,1687,2558,1691,4099,2172,736,3251,1996,1116,4139,8016,3527,2646,7582,2906,4147,4671
"COG1253",7673,6646,6862,6819,6251,4970,8010,3904,6665,6625,4519,7337,8440,7914,7133,8020,6495,7873,2904,6403,9048,6455,6480,5135,4981,3671,9223,7230,5993,6731,8475,4492,8113,7798,6446,7774,3151,7080,6953,7424,6899,6520,8034,6616,5350,6836,2386,3718,8195,5225,8029,6169,5375,9636,8114,11526,5587,7148,7419,4682,2690,6552,7274,7345,7090,5735,7025,6685,7595,4275,8256,6408,8638,2127,7897,7117,7533,8867,5599,7609,5143,7731,8139,9789,6461,6987,8277,7355,9192,7753,5915,7428,7018,3646,3909,2583,6312,8106,4478,7141
"COG1254",316,165,161,102,686,187,129,257,396,970,116,169,405,355,847,390,176,119,63,390,339,134,871,129,174,146,219,1255,199,198,596,261,263,1295,386,1311,75,242,1254,141,213,330,1510,118,200,472,33,477,863,376,61,56,57,110,593,104,373,62,98,28,37,58,56,104,99,99,6,96,85,38,414,150,87,28,52,56,358,89,271,67,71,469,395,34,57,135,71,195,421,188,88,377,80,71,55,23,45,276,33,55
"COG1255",0,0,0,0,0,0,0,0,0,3,0,0,14,3,1,0,0,0,0,0,0,0,0,0,0,0,0,0,0,0,2,0,0,2,0,1,0,1,0,0,0,10,0,0,0,3,0,0,0,0,0,0,0,4,1,0,0,0,0,0,2,0,0,0,1,0,0,3,0,0,2,0,0,0,0,0,5,0,0,0,0,0,0,0,0,4,0,0,2,5,0,0,0,0,0,0,0,3,1,0
"COG1256",1227,1356,1364,1508,3241,1634,1749,4091,1108,853,669,1375,1460,1415,1217,977,1646,1397,1850,407,875,1881,1870,1557,3878,1072,2334,1558,3682,1465,1745,3507,1580,3368,758,2136,2514,1104,1399,1340,1124,1464,1642,1706,3672,437,409,2952,1484,3095,1225,2291,1452,1663,1079,2035,1240,1157,647,414,1653,1433,1440,1489,798,486,1811,1072,824,1647,1576,2850,779,1468,1535,1840,1933,1011,2978,1780,3969,1144,1872,1284,553,770,2852,1149,657,1306,511,1122,1397,4869,3110,2207,1421,1076,4397,1010
"COG1257",1593,2189,1525,2419,2796,1047,1049,664,3080,1328,868,1199,2825,2183,2601,3091,1915,1334,1120,2018,2429,1459,2747,1625,91,1021,2248,2769,1701,1293,2685,2363,1264,3652,2994,2184,3237,2340,2630,1390,2193,1956,3210,1195,2322,2467,805,372,2176,3671,2370,2744,1093,2194,3621,1590,1927,1453,2877,973,1052,1614,1379,1847,1953,2334,2907,1741,2337,1196,2762,2672,1751,362,1472,899,2782,1573,2550,2884,1002,3105,3061,3484,1608,1878,106,2471,1647,2781,2436,1767,2062,147,116,925,990,3833,4659,1686
"COG1258",541,541,639,291,1254,73,413,0,1613,354,138,339,1895,1278,1958,1786,1119,434,175,1158,1619,20,1628,453,0,166,611,2349,56,146,1702,498,406,3601,1777,2889,46,1579,2673,488,865,692,3379,293,63,1410,281,0,1603,467,991,699,172,981,5000,331,179,658,1076,200,185,269,217,460,837,1096,367,451,1424,128,3009,549,1037,189,541,160,1853,475,1633,1410,17,3420,2714,157,383,387,0,1766,637,1689,1144,997,376,12,0,162,446,2823,220,620
"COG1259",1093,1024,926,1194,569,527,459,219,1031,1429,579,581,1313,886,973,1031,850,667,311,947,839,849,723,822,88,501,654,951,898,658,1357,112,551,466,1022,905,124,913,922,737,882,935,990,484,71,1133,409,255,1356,571,1049,680,532,1280,708,1136,788,795,1160,535,238,900,1204,1085,915,957,1222,1004,897,213,979,808,679,212,895,544,1331,923,486,936,553,855,926,1881,1569,1161,132,1076,1879,1141,955,1468,1018,85,85,317,607,1219,165,838
"COG1260",1036,820,1187,1024,2438,247,631,418,1811,2639,1046,576,2432,1611,2302,1518,1365,949,762,1706,1053,736,2442,891,281,996,533,3656,317,390,2986,758,1043,3743,1438,4640,425,1652,3354,1175,1024,1120,4715,420,223,2696,1357,148,3409,1421,889,1108,424,2045,5911,288,1334,1069,974,930,813,499,1430,893,1067,1037,81,1308,1642,1240,4688,1484,990,847,1530,558,3337,1340,2642,552,263,4208,3555,1019,2263,1626,284,2837,3149,2488,1147,3417,876,43,116,1431,1325,3186,280,1228
"COG1261",137,138,131,303,1109,132,255,810,179,318,75,146,218,232,367,268,331,185,774,133,166,215,747,215,621,500,746,543,304,140,570,1462,312,623,101,618,1325,175,631,194,244,432,507,284,1731,62,111,1162,394,1405,99,566,122,366,442,341,632,206,98,73,699,244,283,133,96,82,327,174,219,562,511,963,195,600,243,287,449,131,1418,308,407,484,663,294,43,253,304,317,310,205,83,396,94,1212,387,803,188,391,1937,116
"COG1262",5457,5587,3828,6689,8961,6559,4067,8815,7439,12974,2722,4967,8508,6491,9622,6223,4655,4924,3349,5001,5579,6306,10840,4201,5868,2853,5143,12301,8501,6318,14003,5529,5790,8845,6030,11774,5631,3734,11132,4052,5593,5175,12307,5122,5215,4814,1886,3785,12546,9318,6599,6516,6014,7521,9157,7355,5689,4304,6823,3215,2819,7066,5306,6034,5288,5346,8286,4787,4318,3468,11892,7439,4887,7300,4115,3709,15188,5516,9357,6860,7186,11306,11744,8521,6429,4259,5405,9182,13626,9484,5529,11470,5688,5047,4998,3418,3248,10799,5281,4054
"COG1263",0,6,5,0,2,0,0,3,3,10,0,0,10,2,6,4,2,0,9,0,3,0,21,0,119,25,5,7,2,0,643,46,11,2,0,32,3,2,4,1,1,6,16,2,45,0,7,1,6,30,1,52,0,4,4,12,17,1,2,6,72,2,8,3,0,0,4,1,1,3,6,16,4,39,2,4,63,6,4,3,6,6,13,0,0,0,85,26,9,2,0,25,6,1,32,15,1,8,665,1
"COG1264",0,2,1,0,5,1,0,3,1,3,0,0,7,2,3,2,1,2,17,0,5,0,25,3,71,25,10,1,1,0,555,39,7,2,1,31,0,1,4,0,0,9,21,0,18,0,0,1,4,38,1,41,0,2,3,10,11,2,2,2,70,1,6,3,0,0,5,0,1,2,10,13,4,40,1,5,37,2,3,3,1,4,11,0,1,0,54,24,6,1,0,12,3,2,25,20,1,6,605,1
"COG1266",2298,2338,2416,1842,1023,1961,3917,577,2092,1711,1423,3503,1708,2205,1573,2619,1775,3376,466,2250,4792,2398,923,1120,631,796,4198,1070,1832,2960,1356,668,3325,709,1965,905,213,2186,1293,2835,3103,1826,1032,3030,229,1361,506,749,1463,619,2932,1789,2016,2857,831,4694,1543,2818,2980,1695,506,2553,2112,2445,3343,1788,2244,1549,2038,1167,1173,2007,4434,420,2555,3891,1164,3056,634,3072,1452,935,1264,2173,1032,1461,1683,1200,2424,1312,1917,1893,2071,1346,710,896,2546,1578,1197,2298
"COG1267",1654,1728,1659,1556,1242,2092,1221,780,1757,1908,2382,1638,1351,1850,1682,1477,1839,1628,901,2281,1481,1845,1489,1909,423,807,1157,1374,1917,1902,1516,1042,1552,931,1769,1189,1192,1712,1532,1636,1590,1918,1233,1574,1460,2091,709,689,1371,1325,1681,1079,2057,1501,1144,831,1386,1755,1589,2614,860,1846,1832,1703,1705,2036,1556,1939,1612,394,1290,1283,1482,672,1318,1744,1019,1898,1222,1616,2238,1328,1174,1391,2422,2236,246,1640,1813,1597,1935,1730,1706,879,255,650,1860,1388,1355,1859
"COG1268",2599,2402,2758,1332,806,2684,2339,384,2238,1697,3522,2828,1974,2416,1828,2162,2746,2921,552,2898,2169,2699,1181,2598,206,1230,1843,1396,2716,2889,1622,71,2676,1125,2338,1249,425,2332,1422,2811,2294,2396,1077,2547,198,2728,804,782,1248,613,2518,1654,2911,2027,1384,1968,605,2947,2113,3135,593,2554,2406,2647,2600,2241,1708,2734,2692,294,1513,921,2481,427,2245,3056,1063,2838,766,2097,3234,1142,1061,883,3085,2444,229,2074,1250,2110,2255,1277,2399,121,288,370,3042,1775,177,2862
"COG1269",880,752,794,506,1871,108,558,127,2491,711,187,342,2698,2089,2961,2420,1406,624,273,1705,2169,35,2779,544,0,346,790,3966,78,291,3144,794,701,6376,2400,4664,83,2128,3895,653,1200,951,5273,472,166,2285,320,150,2324,762,1420,924,288,1442,8943,481,709,867,1346,251,264,291,364,483,1081,1489,648,637,2284,153,5139,706,1804,284,779,289,2873,807,2665,1469,73,5442,4578,283,422,619,0,3427,1707,2940,1516,1882,442,25,1,567,480,5022,294,819
"COG1270",1658,1151,1494,895,1981,1174,2616,1290,1039,913,580,2199,1147,1398,1747,827,1163,1787,577,958,1952,1095,1840,702,1761,1139,2824,2073,911,1408,1443,1995,1888,3207,731,2685,1412,588,2076,1654,1075,1098,2654,1879,1514,913,312,1296,1318,1965,1584,1305,1237,1660,4157,3643,723,1557,1117,807,657,1108,1308,1357,1269,473,1225,548,770,927,2668,1894,2211,435,1618,2117,1947,1427,2668,1263,1176,2665,2454,743,126,415,1015,1172,1227,1279,556,1302,922,1615,1504,648,1603,1660,2326,954
"COG1271",170,256,177,237,3820,175,84,4179,170,3893,78,63,244,246,2290,170,74,185,2360,264,222,27,2784,204,4813,1558,2345,1240,318,95,2829,5193,116,2963,36,1692,5035,191,1852,127,688,1186,1038,531,5343,52,294,3437,872,4136,237,1639,66,973,1017,887,3164,42,68,264,2353,52,291,92,56,28,78,343,238,2307,1074,3847,333,1522,99,141,584,305,3910,652,128,2162,1917,174,27,582,5368,1255,2952,630,47,3479,113,5619,4449,2128,153,861,7429,68
"COG1272",382,520,261,1455,1426,385,157,333,499,1237,281,280,360,365,877,811,259,299,455,595,520,622,1090,192,716,449,616,933,770,430,408,1154,380,1597,466,924,1153,589,949,245,554,635,1239,475,1421,455,207,242,1180,1440,555,674,365,499,983,454,1281,247,911,328,717,981,571,543,483,590,1535,533,797,598,894,1310,567,379,321,305,1470,430,1320,577,493,1014,1165,1791,1034,695,1191,325,1552,393,657,1413,730,2181,756,477,203,538,1434,373
"COG1273",8,6,0,6,168,11,5,51,20,31,9,6,30,36,87,17,14,22,59,2,9,2,155,2,1007,39,147,81,4,2,52,582,39,137,3,155,103,12,76,0,29,67,109,53,447,14,77,116,69,118,19,20,7,89,49,29,212,2,7,41,147,6,8,5,2,0,4,6,10,467,214,204,2,94,3,11,53,64,22,24,5,113,342,1,2,4,1227,88,63,29,7,66,5,209,616,30,13,165,38,12
"COG1274",298,110,143,480,605,249,335,15,666,2004,98,181,818,517,685,790,268,182,202,412,435,258,914,150,384,42,296,914,163,189,563,261,621,390,608,814,32,519,862,187,282,658,1384,269,227,482,162,115,1174,466,211,210,163,626,1055,367,318,143,393,114,48,263,214,187,267,442,32,613,731,394,882,1186,392,45,264,115,1207,347,487,207,218,1056,896,429,142,591,2211,903,2001,658,465,1738,124,55,620,14,154,918,45,364
"COG1275",13,8,2,0,240,1,0,309,1,545,12,2,15,6,68,14,2,18,321,8,44,3,39,7,80,115,217,22,15,0,202,353,6,100,0,133,251,13,14,1,1,17,30,18,359,7,33,51,74,40,16,4,1,24,63,61,87,0,1,28,241,1,6,4,1,1,4,6,6,201,19,37,5,375,6,2,28,4,90,35,54,23,30,4,0,30,87,14,428,2,0,596,1,24,50,273,20,8,183,3
"COG1276",62,65,71,23,926,147,118,17,64,31,44,68,82,58,99,27,71,61,286,86,83,110,449,46,58,319,336,218,151,123,234,668,229,325,34,121,1236,69,80,81,203,298,84,131,1179,21,276,15,136,1433,17,173,28,97,42,36,199,32,2,15,107,5,28,10,15,4,8,30,15,164,35,49,42,15,30,34,6,23,281,48,57,62,100,8,8,38,16,83,35,47,8,77,2,36,54,88,46,46,461,8
"COG1277",1345,810,858,1164,1892,876,1109,3773,1575,2581,597,934,3406,2024,1657,1599,1261,1000,664,1037,1249,1212,1889,1077,796,447,1777,2638,1015,1013,3731,759,1508,1749,1060,2550,349,848,2600,1092,909,1751,2243,852,565,1646,366,2290,3498,1789,1179,933,961,3580,1163,1812,1321,924,785,702,593,1327,986,1151,881,947,964,1542,921,388,2575,2096,928,761,1003,721,3010,1755,1474,1138,1296,1652,2048,1379,813,1970,515,3460,2884,2637,961,2654,999,655,979,1040,883,3361,1451,1231
"COG1278",2228,2476,2517,3192,3784,2687,2003,3215,2851,3541,3264,2399,2479,2832,3105,2761,2649,2402,2342,3046,2160,2902,3275,2893,2922,1573,2348,3179,3249,2385,2859,5968,2615,3293,2673,3701,2419,2498,3468,2521,2502,2773,3352,2631,7205,3002,1128,2565,3266,3192,2126,2699,2812,2675,3138,1672,9310,2462,2699,2996,1970,2878,2500,2460,2567,2948,2850,2918,3073,1922,3433,3325,2197,1967,2160,2635,3293,2472,3512,2447,3646,3486,3081,2931,2796,2823,3099,2855,3703,2490,2973,3445,2913,5176,7073,1826,2606,3010,3011,2596
"COG1279",1501,1923,1976,1536,895,2234,1122,241,1671,283,2313,1370,1565,1764,1052,1756,2025,1607,870,2515,1580,1495,881,2115,333,883,1146,788,1472,1841,1615,1159,1278,583,2083,573,1321,2038,644,1574,1641,1792,569,1671,847,1944,516,340,740,1095,1700,977,2166,1315,914,664,433,1473,1696,2148,876,1606,1468,1725,1799,2334,1486,2022,1722,566,607,1182,1600,590,1654,1845,517,1493,828,1626,2013,711,700,1114,2143,1939,291,1442,205,1419,2094,313,1697,971,263,644,1906,1591,1732,2009
"COG1280",5984,7106,6758,7787,5421,6752,5265,4918,7259,6005,8563,6280,6477,6759,6381,7104,7824,6211,4725,7838,5956,6758,5497,7837,4084,3536,4612,5484,6629,6278,6645,5425,5505,4290,7658,5236,4145,6903,5798,7076,6694,7426,5419,6101,3691,7940,2579,8888,5123,4667,6392,4897,7092,5552,5421,3211,3626,7023,6957,6906,4814,6542,6908,7061,6836,8328,7454,7550,7787,2458,5334,6022,5423,5054,6218,6721,5264,6354,4134,6747,7901,4873,5466,6937,7277,6907,3852,6306,4073,6363,8250,4949,7118,7476,4157,4304,7541,6629,6824,7466
"COG1281",1770,1369,1838,1416,1684,1087,3145,2138,699,131,755,2376,816,1220,567,850,1583,2260,983,576,2061,1227,633,1228,2545,1312,3142,319,1536,1619,881,2176,2106,2020,628,596,1742,951,165,1838,1215,1207,285,2122,2277,192,356,1454,289,1712,1572,1961,1210,1543,366,3563,941,1956,1110,715,1029,1566,1775,1697,1408,442,1705,733,823,1391,274,1659,2132,637,2128,2444,319,1475,1671,1649,1812,373,737,1196,212,472,2230,473,223,689,472,336,1274,3222,2290,1079,2021,263,2744,1278
"COG1282",10103,9369,9016,6322,4863,10973,11408,2678,8584,6807,10932,11329,7897,8727,7257,8669,9424,11332,2900,9331,9081,9611,6310,8636,3347,3682,8031,6372,8655,10532,6845,3182,8962,3419,9201,5150,3627,8217,6865,10204,9054,8437,6384,9467,3884,9412,2725,2486,6401,4862,9282,9285,10863,7967,6344,8090,3137,10451,8862,11182,2421,8752,9369,9583,9608,8430,5619,9324,8806,2876,5980,6123,8644,1799,8350,9691,6339,10220,4912,8531,8552,5742,5487,5479,10245,9737,3067,7416,5113,8623,8877,6151,9471,4085,2947,2645,10847,7784,4236,10712
"COG1283",1592,1473,1589,2996,4031,630,891,2392,1644,3193,1161,517,1581,1104,2161,2312,1979,1426,2532,2454,1426,467,2555,1493,1439,2126,2650,2321,447,830,2317,4152,460,5711,1291,2236,3635,2552,2668,1587,1018,2051,2834,841,4170,2005,1085,1495,3150,4161,1558,1666,782,1987,2220,1908,5519,1455,1002,1307,2745,988,2151,1414,872,1898,3010,2237,2504,1496,2131,3681,1017,2570,1739,676,2771,1713,3172,1398,333,2416,2394,3126,3191,3069,1093,2101,6060,1742,1821,4528,1493,1702,1151,2182,1124,2309,4760,1759
"COG1284",36,83,74,103,1015,25,109,444,106,271,42,52,87,63,382,206,206,116,445,98,60,49,646,101,226,381,623,677,80,29,400,1052,129,443,45,620,1284,75,559,78,211,328,533,143,835,40,105,706,465,1086,167,499,27,252,434,254,466,66,19,36,444,26,149,31,40,33,120,98,191,534,711,1643,117,355,86,59,812,150,1100,156,126,479,568,120,18,206,424,364,250,62,27,453,22,872,278,466,76,353,2658,80
"COG1285",38,8,20,39,510,42,24,848,38,423,20,15,44,70,144,36,20,34,253,29,33,40,215,17,1098,248,132,243,10,8,125,451,39,592,26,309,285,25,149,19,25,123,348,76,877,15,123,634,329,313,16,43,11,115,275,188,212,11,29,39,349,19,20,19,13,7,30,73,21,325,230,274,39,250,24,47,221,57,516,91,18,246,382,31,10,57,884,59,658,31,12,476,17,911,903,310,34,120,102,25
"COG1286",535,540,406,1287,678,689,387,1002,446,259,290,500,313,360,346,349,400,472,460,269,427,656,430,489,634,311,554,335,857,593,620,913,472,447,426,385,811,254,262,370,476,407,295,610,1430,241,154,644,314,971,523,632,560,405,307,682,474,403,552,233,522,818,568,557,468,677,1724,317,349,390,253,535,369,363,348,521,450,308,860,709,726,366,551,1646,446,359,438,417,248,467,623,321,535,800,444,412,424,264,1116,292
"COG1287",2817,1814,2153,556,1602,622,1801,2,4157,1457,513,1513,6851,3833,3754,5907,3674,1492,736,2692,5436,179,2707,1599,0,601,3111,3696,358,767,4844,636,1090,4646,6832,3630,156,6451,3954,1985,2753,3170,4849,1268,551,3237,1195,0,2646,793,3722,2316,815,3834,7369,1474,3447,2596,3137,792,516,957,990,1395,2671,3437,1516,1740,4218,306,4508,927,3107,485,2092,609,2598,2365,2127,4581,358,4775,3985,210,1492,2169,0,5233,2972,5584,3688,2144,1214,12,0,678,1264,6731,912,2132
"COG1288",43,49,16,436,730,88,13,287,58,92,23,65,120,45,126,51,14,99,803,34,76,89,448,21,375,367,655,358,46,91,434,1070,40,624,22,544,1579,51,149,33,94,322,224,60,1277,36,75,406,315,590,145,67,57,169,148,311,505,28,71,55,963,68,37,22,46,13,292,47,28,708,179,212,46,574,10,34,182,103,331,125,27,182,891,507,29,95,422,297,186,92,26,149,27,735,1057,686,40,246,804,18
"COG1289",64,136,47,12,615,48,51,539,49,25,53,7,56,156,203,49,27,33,1129,15,76,4,701,13,1702,545,633,129,61,15,402,2142,18,454,23,341,941,59,135,29,67,591,199,114,732,23,324,958,215,481,57,104,15,188,304,188,190,14,65,143,891,70,187,105,27,2,27,53,76,641,421,1246,84,1415,35,88,256,211,410,216,40,259,1281,19,9,126,1322,244,34,60,8,126,19,3559,959,1075,121,290,1391,43
"COG1290",9487,8920,8743,7934,4979,9745,9014,4489,9307,8417,10618,9792,7457,8787,7867,8125,9456,9506,6182,8813,8735,9796,7233,9111,4114,5656,6302,6311,9268,9088,6705,3952,8427,5039,9664,5636,3758,9074,7426,8998,9088,7086,6611,9951,3331,9353,3370,4956,6382,4365,8482,9583,9452,6870,7488,7189,3680,9362,8764,10189,3139,8259,8757,8870,9827,9192,10190,8339,9050,10122,6574,5685,9801,2294,8399,9535,5706,8743,4942,7927,9874,7291,6012,5715,8860,7962,5056,7350,7887,8726,9484,7468,9040,3769,3551,7958,10032,7712,3980,9381
"COG1291",1191,912,1181,1127,3500,868,1523,3932,1412,2415,717,1054,1970,1237,2062,1803,1652,1218,1902,1209,1290,1163,2635,1421,3279,1008,2792,2534,1285,999,2198,2910,1410,5527,988,3177,2119,1628,2870,1289,960,1941,2719,1281,4841,1243,432,3988,2942,2886,1204,1447,864,2148,1649,1816,2740,1159,715,1009,1980,905,1323,967,769,695,823,1595,1488,1396,2774,2540,823,2564,1364,993,3022,1485,3609,1389,1506,2002,2582,1026,1184,2022,2760,1502,3891,1687,737,3293,1075,3739,3244,1687,1102,2395,2336,1372
"COG1292",4502,4062,2226,4214,8295,1996,1980,8122,2661,1856,1897,1785,2230,2363,3015,2276,2442,1947,5561,2327,3183,2312,5752,2525,8791,4872,5548,3449,2810,1999,3674,11385,3031,5881,3031,3999,12317,2348,2631,1597,2366,5494,3527,2564,9738,2078,900,6014,3031,11268,3937,5171,1831,2680,2876,7587,4041,1482,3206,1518,4913,3325,2535,3834,2429,3570,4104,2548,2364,4257,2924,5487,3335,2736,2577,2510,3358,2101,6598,3966,3296,3198,5627,4285,1720,3476,5576,2331,1928,2537,3735,2361,3672,19934,6546,4557,1268,3214,10736,2701
"COG1293",3138,1944,2970,1304,2056,1111,4282,19,3057,993,1048,2945,3584,3508,3346,3631,2784,3124,352,2455,5160,1332,2856,1586,137,1564,4804,3957,986,2128,3037,867,3713,6487,3301,4527,105,4057,4024,2817,2597,2030,5424,2853,434,2505,1203,21,2414,837,3301,1993,1429,3114,9075,5472,2328,3055,3030,1543,360,1677,2191,2125,3106,2376,613,1280,2854,610,5034,1355,4927,408,3296,3131,2906,3147,2715,3223,1144,5534,4745,1057,505,896,457,3263,1600,2948,2221,1865,1568,116,151,362,2899,5021,329,2429
"COG1294",96,191,127,174,2561,144,50,3001,56,882,47,44,69,153,1097,138,50,158,1672,207,161,19,1858,137,3244,1166,1641,655,184,71,985,3450,59,2236,20,889,3484,152,969,90,485,839,400,347,4010,15,200,2230,259,2852,154,1329,47,599,565,569,2374,34,23,167,1615,48,181,65,17,8,65,252,191,1615,490,2444,228,1015,85,95,176,210,2781,483,107,1107,1095,131,23,399,3252,603,742,132,17,989,99,3832,2768,1493,105,325,5395,37
"COG1295",1627,1215,1383,1366,3402,868,2161,3539,854,1004,627,1709,1206,1568,1224,1322,849,1849,1808,1013,2378,1325,1883,751,4008,1682,3312,1508,1160,1605,1765,4138,2440,2794,739,2057,3372,1080,1180,1498,1726,1548,1251,1537,3630,773,562,2909,1533,3595,1652,2162,993,2289,998,3909,1537,1429,1158,875,1962,1299,1289,1370,1320,593,1518,945,987,2319,1558,2103,2512,1239,1575,1784,1755,2055,3188,1739,1001,1274,2421,1798,774,785,3592,1260,1280,918,615,1205,1093,5096,3061,1493,1256,1688,3413,1355
"COG1296",1376,1778,1924,1986,1249,1926,1290,690,1448,628,2121,1381,929,1379,1300,971,1815,1470,895,1967,1033,1446,1383,2246,529,837,878,841,1740,1537,946,1334,1205,1458,1335,941,1311,1464,927,1448,1486,1254,838,1355,1012,1683,564,907,755,1440,1301,1617,1688,978,1180,667,545,1474,1553,1941,671,1828,1405,1457,1581,1800,1982,1241,1140,619,653,1236,1210,416,1458,1677,1042,889,1121,1357,2326,1034,976,1446,1870,1349,1161,654,314,1254,1804,581,1774,1185,607,696,1773,708,1547,1272
"COG1297",1372,1192,1445,451,1301,405,811,45,2084,3290,648,949,2400,1505,2079,3687,1773,1205,338,1644,2158,521,1525,1205,214,208,1908,2012,369,726,1903,136,502,2848,1865,1464,98,2600,2269,1092,1507,1998,2135,713,330,1872,433,97,2858,1359,2247,1164,555,2283,1452,982,2592,1427,1065,1172,278,581,699,957,1329,1353,696,1513,2549,375,2159,1319,1077,182,820,347,2058,1852,952,2438,112,1425,1833,274,1971,2562,124,2217,4052,1843,1323,4018,989,44,109,727,870,3583,387,1706
"COG1298",1569,1623,1552,2154,4219,1711,2059,5638,1350,1163,713,1714,1723,1824,1592,1212,2070,1661,2488,494,1037,1784,2554,1774,5276,1468,2953,2344,2889,1587,2376,4384,2001,4581,901,2857,3471,1185,2004,1570,1268,2062,2361,2103,5819,473,538,5073,2212,4035,1566,2634,1649,2279,1429,2489,1666,1465,841,558,2015,2000,1810,1720,951,693,1868,1366,1073,2274,2189,3363,1010,1945,2003,2032,2979,1321,4438,2289,3242,1673,2417,1931,614,1001,4088,1594,950,1836,645,1526,1643,7023,4799,2953,1726,1609,5063,1233
"COG1299",10,77,41,12,99,17,16,56,81,8,20,30,10,32,64,43,18,62,291,21,20,34,117,47,198,155,81,11,16,48,286,715,14,52,31,139,298,39,11,24,74,166,82,11,153,47,59,234,32,266,22,32,2,14,32,21,14,9,30,12,75,16,42,39,20,17,11,4,13,106,20,27,4,101,10,5,6,6,37,18,6,4,57,12,3,17,39,13,2,3,9,17,22,152,8,82,6,17,139,11
"COG1300",126,10,1,99,188,17,7,994,34,15,7,6,72,69,58,28,12,36,200,1,29,5,117,3,1263,124,127,72,58,7,98,512,20,259,18,235,92,16,53,14,68,129,98,135,311,6,14,567,56,187,84,23,13,191,63,383,550,5,29,56,279,38,14,32,28,30,80,46,15,445,131,150,33,344,17,9,156,124,81,54,14,88,517,56,5,7,2335,103,90,109,28,80,20,1252,1561,387,8,142,62,21
"COG1301",3635,4191,2657,4676,4389,4254,2329,3388,3253,2855,2926,3038,3199,3045,3164,3390,2634,2865,2599,3447,3291,3884,3522,3206,4258,1742,3487,3095,4561,3891,3588,4375,2851,7117,3422,2734,4107,2869,3137,2520,3203,3602,2941,3125,4888,3541,1221,2645,3522,4831,4058,3881,3829,3530,2127,3555,3282,2503,3784,3239,2492,4060,3579,3903,3165,3820,4481,3909,3033,2797,2745,3271,2837,1949,2185,2664,3352,3260,3263,4012,3043,2910,3553,5905,4185,4619,4315,3210,3992,3687,3884,3535,4124,3607,3185,2747,2468,3472,4159,3269
"COG1302",1,1,8,1,3,10,7,0,3,17,13,15,3,1,1,0,2,8,1,0,0,3,2,7,0,0,0,2,19,3,0,4,1,1,0,3,0,1,1,7,6,0,1,5,0,1,2,0,3,4,25,6,3,11,0,3,1,7,0,4,2,37,34,5,11,1,0,2,1,0,4,8,0,6,5,11,30,1,2,1,32,1,1,3,2,0,0,4,1,0,0,14,6,0,1,1,0,0,0,1
"COG1303",178,167,192,85,450,43,134,0,574,151,42,95,569,498,711,595,331,125,36,492,580,0,699,160,0,68,184,953,16,52,666,197,168,1367,591,1105,13,558,943,143,255,248,1279,99,59,560,84,0,616,154,337,223,66,373,1957,103,255,198,368,76,71,71,90,138,268,383,92,153,501,50,1252,187,341,74,169,42,614,208,599,451,1,1280,1166,52,114,134,0,801,284,649,378,423,118,0,0,44,139,1193,72,206
"COG1304",8932,10406,8045,6608,4660,12787,8217,1967,10038,5062,12395,9787,9687,10417,6328,8162,8832,10584,3042,10349,8069,11445,5209,9219,2597,3604,7032,5837,11139,11172,7778,3886,10762,3748,9522,5253,5126,7839,5033,9135,9223,9400,4370,10134,3219,10580,2734,2948,5679,6149,8385,9359,12545,9052,5844,4436,3224,9325,9398,11576,2848,9617,7470,9740,10256,8893,9095,10893,9949,2500,5804,6077,8909,2158,7672,10389,4250,11004,3657,9455,12337,4263,4933,4983,10316,9784,3678,8537,4997,9666,9329,4207,10093,5171,2954,2665,10129,6899,4757,11993
"COG1305",1805,1289,2454,869,5686,3096,4460,7755,2219,3989,1811,4194,3267,3189,2356,1817,2267,3584,4145,1341,3222,2504,3336,1541,6460,2484,4812,3227,2623,3612,4016,9137,3238,6241,1845,4513,4949,2054,2581,2948,2540,2586,3018,4010,9024,1552,937,4342,3458,6913,1723,3227,3397,5152,1900,4194,7889,2829,2024,2595,3708,2441,2884,2157,2448,1528,469,1833,1499,5106,3347,4733,2961,3380,2991,3252,2978,3564,5264,2923,2484,2487,4489,734,653,1532,9528,3554,6771,2242,1589,5803,856,6747,5404,4558,3415,3531,7888,1550
"COG1306",727,726,932,492,44,232,453,0,776,100,1010,402,583,547,312,760,939,857,535,752,226,545,112,576,2,494,122,111,306,384,334,31,441,66,666,97,288,1042,196,1062,821,702,93,197,28,1012,457,0,176,85,718,611,397,285,270,289,79,954,691,858,411,321,1375,890,678,560,1,1038,1455,20,105,106,261,235,941,560,114,728,48,266,142,131,123,598,1857,696,0,447,100,723,546,100,700,0,0,1318,1165,341,87,693
"COG1307",294,78,116,56,681,6,129,206,490,1217,78,21,1408,658,599,692,271,134,35,684,502,96,615,90,628,79,556,969,19,14,1398,104,336,500,494,976,120,504,818,268,302,847,867,58,27,1127,89,9,1389,805,230,73,24,1376,642,200,259,193,265,103,165,47,160,41,248,401,14,742,659,52,885,695,277,115,178,48,995,663,553,282,56,723,636,89,438,1404,249,1226,900,885,467,1110,110,2099,626,85,74,1223,189,467
"COG1308",29,21,17,60,291,3,19,0,198,103,3,19,221,211,376,151,60,8,2,192,123,4,446,8,0,37,33,539,8,10,297,163,110,1084,184,719,12,85,589,25,56,58,814,33,163,293,16,0,291,92,42,5,16,142,1487,8,971,12,67,11,29,3,7,8,78,111,25,25,110,1,792,91,169,30,43,22,379,45,456,19,3,896,774,24,6,46,0,372,317,345,99,374,21,2,0,1,25,513,15,50
"COG1309",3547,3904,2805,7160,15299,3338,2405,21016,2894,3778,2450,2456,3310,3241,3624,2682,2702,2987,10543,2672,2842,2866,6432,3387,15717,5812,9732,5165,3644,2677,6186,20379,3192,11812,2350,7793,15635,2945,3203,2690,3794,5470,5270,3850,21764,2492,1939,17789,4873,16119,3395,7410,2948,5350,4918,6219,7496,2142,3289,2686,8775,4253,3710,3206,2334,3625,7861,3303,3059,8949,3969,12319,2773,7923,2971,2678,4257,2606,15134,5276,3705,4622,7107,8056,2878,4667,14934,4288,4861,3628,3630,5234,3300,33047,15934,9558,2600,3387,21907,2353
"COG1310",671,288,559,516,780,33,539,1319,777,820,236,160,1223,964,1215,698,552,333,32428,577,549,251,1250,355,6952,29620,417,1301,75,170,1361,6437,1049,2041,808,1725,14261,1234,1600,510,632,541,1894,1032,608,905,27149,765,1163,455,446,457,20,838,2855,350,1020,478,494,447,14060,511,500,237,550,438,251,417,588,49715,1758,569,1216,8245,1734,486,1263,442,980,200,190,2097,1657,343,306,494,5296,1339,1178,1216,527,1101,365,70,15735,49881,650,1698,166,287
"COG1311",453,320,617,362,283,41,354,44,1565,481,193,158,1922,1205,598,1531,927,284,429,1176,1540,21,346,331,118,620,574,627,35,189,1835,156,610,218,1451,421,102,1543,609,418,778,719,781,159,806,1521,1530,30,904,240,563,654,91,868,493,216,4532,478,1092,80,332,213,430,221,792,976,148,415,1357,54,559,302,1028,255,582,146,917,442,256,799,19,331,502,180,202,402,35,1938,1025,1897,1170,723,261,73,58,519,336,1205,224,576
"COG1312",1109,921,458,675,808,801,498,632,985,1138,340,779,3050,1178,894,868,599,637,130,599,597,846,780,367,334,245,909,1385,865,913,2137,323,1048,387,566,1092,149,433,1112,716,544,1361,983,540,102,1200,173,768,2109,890,723,675,837,1622,653,843,380,591,879,419,352,733,472,930,639,675,866,931,663,148,1177,801,477,239,770,470,2002,1279,1315,850,959,498,1019,846,734,1192,358,2513,693,2140,686,960,849,1546,334,203,528,2086,747,982
"COG1313",10,1,1,1,33,1,0,0,16,604,0,1,23,17,86,5,3,1,0,0,4,0,33,21,0,2,0,25,0,0,467,0,1,5,2,35,0,0,32,1,1,0,26,3,13,2,0,0,23,9,6,1,1,20,12,16,255,0,8,0,1,2,1,7,1,8,0,5,2,0,32,17,7,2,0,0,78,2,50,0,1,36,37,0,0,0,0,105,1240,131,6,507,0,0,0,1,0,59,10,6
"COG1314",106,201,166,227,432,181,148,261,117,131,164,134,169,203,141,218,155,139,315,132,230,203,218,199,272,186,750,160,245,138,275,625,400,251,152,202,648,140,77,135,195,368,126,209,835,128,58,70,158,598,131,308,171,253,127,189,240,144,136,128,336,158,231,175,162,125,449,293,180,205,124,388,309,217,138,210,152,337,610,312,310,95,173,210,95,296,153,149,136,170,146,148,181,180,89,290,153,99,924,370
"COG1315",147,90,89,16,1787,33,200,15,199,471,38,112,336,139,573,412,367,150,668,134,202,93,1086,180,311,600,795,847,78,52,694,1247,272,1176,68,710,1745,67,887,158,340,763,706,180,1419,69,128,81,666,2054,112,723,55,428,597,540,980,142,51,76,985,32,223,48,55,38,104,176,284,509,760,1607,181,116,164,60,1019,230,2001,344,228,615,1185,11,56,250,39,552,487,184,29,655,31,45,17,1605,111,591,3536,160
"COG1316",1561,666,1468,483,279,205,603,5,688,874,711,368,671,458,540,688,1474,641,342,811,583,655,372,1052,479,1347,351,455,552,257,345,182,508,270,755,547,177,1030,450,897,750,749,672,547,25,814,491,11,564,190,537,738,307,509,593,1315,181,905,708,751,265,400,1708,1050,685,434,4,908,1021,757,607,596,664,205,1558,672,406,602,199,354,675,482,445,505,1577,911,3210,471,428,727,425,684,746,4,856,198,890,406,38,570
"COG1317",78,75,66,89,1463,28,103,632,131,366,25,68,194,112,616,290,192,95,739,112,92,58,916,108,429,448,660,1092,93,29,560,1305,149,1623,42,1333,1257,67,893,86,195,423,1095,134,1908,32,112,329,984,1391,93,401,37,283,686,256,512,77,55,66,646,53,136,42,41,30,206,140,202,435,1119,1113,135,544,68,36,1504,135,1824,181,229,750,845,80,50,264,167,309,329,172,19,549,28,1024,254,825,81,372,1908,57
"COG1319",1979,1756,2989,2140,4203,1161,3032,1310,3696,7857,1555,1678,6677,4116,4486,3617,4100,1547,653,1957,3049,1685,4511,3346,2444,682,2378,6543,1871,1312,4380,1799,3615,2295,3350,6346,1396,3580,5901,2447,2438,3458,5510,2279,1358,2749,881,2043,7411,4762,1794,2722,1282,4842,3636,1582,3123,2555,2166,851,1077,2114,2333,1843,2430,2331,1683,3031,3417,1067,6918,3893,2318,687,3029,2313,5995,2561,4053,2798,2524,4470,5529,1976,2051,3018,2729,6015,7837,4387,2453,7393,1656,3626,1772,487,2319,6641,1360,2780
"COG1320",74,85,61,184,341,259,89,514,70,247,96,128,127,114,125,61,63,95,205,30,77,142,252,77,531,131,166,201,252,192,122,385,86,296,44,341,257,58,143,88,57,202,255,150,564,42,36,384,298,338,83,106,188,176,243,201,122,49,61,66,234,138,107,82,49,48,248,50,56,132,236,268,69,176,84,126,178,73,399,128,297,186,276,138,60,32,311,122,212,82,49,222,67,1038,574,294,116,93,105,55
"COG1321",1536,1391,1246,1790,1707,1163,966,1107,2057,1258,997,1056,2476,1852,2410,2021,1626,1354,529,1769,1550,1007,2270,1216,531,518,816,3001,1068,1064,2315,609,1148,3972,1846,3394,244,1638,2935,1303,1349,1393,3510,953,222,2046,624,1370,2692,1125,1749,1133,1107,2129,4850,1069,711,1280,1631,929,523,1379,1562,1629,1310,1578,1936,1326,2102,457,3790,1338,1215,452,1343,892,3115,1391,1771,1453,1064,3614,3378,2445,2251,1395,1943,2711,2106,2570,1626,2035,1572,572,674,375,1315,3373,289,1222
"COG1322",7832,8592,7293,7211,4771,8484,5889,3264,7789,5751,9005,7338,6286,6790,6786,7752,8092,7531,3059,8788,6585,7882,5667,8171,4036,2669,4998,5674,7905,7977,6035,3085,6257,4864,8015,4964,3257,7724,6118,7604,7323,7044,5262,6773,4213,8342,2457,3313,6009,4753,8153,6216,8657,6033,5309,5780,3972,7910,7983,8555,2727,7343,8073,8468,7606,8844,6937,8069,8320,2453,5334,5052,5761,2076,6317,6941,5487,7262,4670,7254,7613,5249,5320,7617,10314,8349,4645,5906,5863,7134,8643,5421,8388,4376,3766,2455,7827,5881,3475,7724
"COG1324",637,532,667,131,959,457,872,221,676,1345,472,810,834,761,1039,954,653,830,282,677,961,629,1014,385,276,325,1227,1124,480,674,944,527,825,1524,738,1227,687,663,1254,742,614,899,1234,711,689,726,230,203,818,805,814,480,534,870,1558,928,867,758,520,679,350,375,616,632,650,402,16,712,847,344,1329,762,913,153,567,761,845,1065,984,794,538,1216,1204,114,650,737,294,901,1258,794,426,1313,484,69,340,226,935,1068,876,805
"COG1325",6,8,2,32,398,13,1,0,240,62,2,0,232,231,520,72,46,0,1,250,117,0,599,5,0,42,1,749,0,11,397,217,106,1546,178,1039,10,33,776,2,24,4,1120,0,25,341,8,0,374,107,17,10,3,87,1943,3,62,6,73,0,48,0,0,1,36,96,64,17,70,0,1050,116,140,35,3,3,452,0,556,22,0,1261,1026,40,14,3,0,377,229,401,81,322,1,3,0,0,1,597,8,0
"COG1326",143,121,124,45,38,29,123,0,346,38,35,60,561,201,182,530,235,99,36,176,426,5,143,84,0,27,163,175,11,26,215,10,57,45,395,69,3,466,233,157,213,241,147,33,2,157,56,0,207,63,198,214,33,257,152,82,18,179,296,21,22,85,59,80,218,268,121,150,332,21,100,75,206,23,125,32,132,167,38,321,0,136,131,9,95,127,0,194,24,232,289,33,85,0,0,50,129,379,46,144
"COG1327",2928,2677,2842,2133,1405,2976,2907,1147,2293,1988,3321,3179,2140,2579,2039,1892,2722,2912,898,2755,2543,3074,1699,2842,948,1241,2178,1566,2706,3017,2148,1021,2878,1287,2290,1517,1129,2257,1719,2845,2626,2689,1511,2763,1774,2680,852,1075,1630,1437,2768,2683,2983,2330,1421,2954,2097,2896,2588,3458,881,2875,2972,3036,2677,2632,1827,2663,2246,809,1502,1594,2698,654,2487,3053,1448,2792,1437,2277,2949,1636,1323,1924,2538,2570,1045,2174,1710,2350,2649,1642,2745,1362,979,697,3081,1765,1186,2634
"COG1328",31,45,8,185,1521,33,10,117,1005,1159,18,9,881,1180,1520,307,116,23,427,1170,570,0,1758,38,127,344,548,2125,11,16,2203,1370,471,3981,817,3039,432,198,2180,27,140,93,3194,45,560,1764,54,411,1103,455,126,63,10,518,5485,147,1838,11,363,46,665,1,30,11,205,347,14,103,352,346,3128,2174,699,648,19,30,1444,18,1604,118,17,3442,2967,222,22,143,153,2411,1809,1734,410,2004,2,173,35,327,15,2546,2092,7
"COG1329",2465,2611,2774,1733,936,3189,2274,1072,2641,1694,3960,2580,2020,2559,1664,2121,2934,2766,759,3429,1816,3669,1039,3180,1346,926,793,1275,2975,2953,1655,320,2143,1351,2810,1199,543,2573,1212,3106,2670,2806,1101,2589,526,3092,903,1221,1091,633,2468,1884,3332,1576,1634,826,310,3235,2393,3627,785,2549,2586,2558,2886,3020,1852,3208,2768,597,1286,995,1884,545,2343,2980,869,2534,680,2003,3476,1254,1026,1317,3771,2768,1883,2186,1010,2403,2848,1155,2700,996,1487,585,3321,1515,116,2966
"COG1330",2810,1882,3966,851,4379,1547,7172,2272,1142,1809,1646,5619,1120,2826,2156,2931,2758,5066,2277,1325,5234,2322,3162,1533,2436,2794,8689,3083,1577,3309,1740,4241,6354,2339,987,3534,4712,1014,2587,4688,2671,3047,2746,4617,6167,465,564,511,2823,5687,2608,2405,2013,4265,1649,7544,1769,4788,2167,2800,2448,2661,4028,2513,2990,434,358,1578,2304,2512,2722,4662,6062,1594,4077,5317,3401,4314,5960,3460,2214,1987,2796,764,42,932,1574,1367,1298,852,530,2134,1561,5011,1342,2608,5098,1485,7375,3277
"COG1331",3308,3486,2623,3909,6465,3257,2517,2194,5696,6308,3921,3690,6260,5355,6745,5536,3218,3380,692,6628,4195,3495,6919,2978,773,957,2307,10469,3158,3819,9353,739,3632,7684,5262,11117,466,3870,8963,3272,3862,4200,10919,3742,460,6902,941,2874,11272,4586,4206,2041,3960,6353,9426,3379,3062,3755,4499,5274,1230,3732,3475,3354,3969,4528,5149,5058,4128,554,11866,5224,3724,1210,2588,2839,11198,4967,7393,3878,2924,9055,9095,5131,5117,4971,1142,8704,9027,6688,4422,8158,3195,644,706,916,3505,10036,691,4183
"COG1333",1800,1176,1520,925,98,868,2470,303,577,190,840,1925,323,1270,386,949,946,1837,244,756,2638,975,15,728,549,700,2769,72,718,1554,143,380,1970,275,859,435,63,1074,26,1733,1500,726,281,2987,221,173,296,12,56,62,1864,705,884,1265,182,3835,78,1645,1457,879,123,1132,1303,1138,1887,619,2664,497,958,1189,411,700,3741,72,1858,2577,88,2114,83,1273,775,12,232,292,21,186,2187,119,24,231,599,77,759,413,703,153,1509,111,111,1436
"COG1334",23,16,6,20,117,4,7,83,5,5,4,6,21,10,17,12,6,4,79,12,11,7,58,6,32,47,100,49,4,2,70,244,26,44,2,48,240,9,21,7,30,33,23,8,245,3,13,0,8,208,18,211,14,153,93,116,189,10,7,15,197,12,24,10,10,11,136,51,45,234,26,374,38,221,15,16,74,45,606,63,23,114,107,57,9,99,22,100,34,66,7,88,14,147,35,176,29,40,1061,23
"COG1335",1692,1596,1629,1999,4207,1195,2672,2831,1823,3222,854,1934,3286,2536,2146,1713,1913,2021,2163,1208,2343,1358,2746,1473,2347,1237,3753,3366,1377,1705,2516,3764,2368,2285,1627,4566,3032,1890,2663,1928,1555,2432,3463,2222,5121,1202,831,3283,4163,4407,1732,1851,1360,3054,2436,2756,2736,1731,1730,857,1775,1781,1729,1419,1642,1506,2360,1602,1452,2127,3865,2601,2365,1773,2122,2166,3922,1943,3044,2059,1595,2513,3230,2056,1222,1766,2436,3068,4593,2562,1439,3784,1366,4684,2857,2065,1891,2638,3106,1625
"COG1336",0,3,1,0,0,5,0,0,0,0,0,1,0,0,0,1,0,10,0,0,0,0,0,1,0,0,0,3,0,0,0,1,0,0,0,0,0,0,0,0,0,1,0,0,0,0,0,0,0,0,7,0,2,1,0,11,0,0,0,0,0,4,0,0,0,0,0,0,0,0,0,0,0,0,0,1,0,0,0,0,3,0,0,0,0,0,0,1,3,0,0,0,0,0,0,0,0,0,0,0
"COG1337",0,0,0,4,1,0,0,0,0,23,0,0,0,0,4,0,0,0,0,0,0,0,0,1,0,0,0,1,0,0,0,0,0,0,0,4,0,0,1,0,0,0,1,0,0,0,0,0,1,0,0,0,0,0,0,0,1,0,0,0,0,1,0,0,0,0,2,0,0,3,1,0,0,0,0,0,0,0,3,0,0,0,1,7,0,0,0,0,9,0,0,24,0,0,0,0,0,1,1,0
"COG1338",630,611,581,877,1452,694,770,2028,514,364,288,665,673,649,613,440,808,662,873,175,409,689,883,692,1779,532,1089,797,1047,622,869,1618,735,1636,374,989,1093,441,677,677,468,697,847,758,1682,179,208,1817,824,1433,623,977,665,883,505,1046,549,533,312,237,714,716,714,676,354,291,797,538,401,774,805,1167,412,709,763,811,987,474,1624,909,1329,615,850,731,243,381,1366,617,343,690,253,542,705,2477,1766,1071,692,562,1619,453
"COG1339",147,130,152,96,562,27,111,0,566,187,42,71,762,531,907,526,273,104,47,441,476,9,911,125,0,57,227,1067,20,58,795,297,174,1980,614,1462,22,397,1275,155,214,215,1711,45,36,627,62,0,606,183,267,163,32,404,2774,76,160,178,325,41,64,35,52,125,265,338,73,148,408,38,1655,180,326,96,123,44,685,157,821,352,6,1815,1393,56,92,155,0,831,461,783,352,640,77,3,0,40,99,1241,67,204
"COG1340",369,290,384,73,142,44,213,0,654,194,85,246,851,485,373,1030,505,305,118,432,820,14,188,265,0,44,441,274,23,131,438,6,100,106,753,173,23,840,337,295,492,464,337,152,36,421,158,0,411,144,577,337,120,749,211,190,341,384,529,105,51,109,154,298,417,608,145,257,935,85,243,149,368,32,320,78,397,384,125,754,2,180,203,37,197,337,0,435,161,420,533,185,209,0,0,106,240,815,149,452
"COG1341",29,6,8,24,1,3,21,0,28,0,1,1,34,44,4,39,62,0,0,4,30,1,0,6,0,22,7,0,2,1,0,0,4,0,93,4,0,79,0,12,30,5,0,103,0,2,2,0,1,0,10,15,2,19,0,9,0,8,33,0,1,6,0,1,44,16,11,2,42,0,2,0,86,0,56,34,1,6,1,1,6,0,2,3,1,0,0,0,0,6,33,0,8,0,0,1,2,0,1,8
"COG1343",2,7,0,0,8,3,0,31,0,4,0,1,2,7,4,2,0,9,7,2,0,0,12,1,20,6,80,5,1,0,34,95,0,9,1,18,14,0,10,3,2,13,5,4,4,2,0,181,3,16,5,0,3,10,23,20,8,1,0,1,36,3,2,0,0,0,3,5,3,31,2,253,0,5,0,9,0,3,12,3,2,19,60,0,0,16,14,59,11,1,0,12,1,3,27,11,4,4,371,2
"COG1344",4235,3616,4273,4465,11377,5325,7736,5184,4691,5353,2136,5309,6767,5207,6967,5428,8641,5116,4263,1404,2847,5910,9056,6013,5876,3439,7423,9018,7547,4900,6496,8691,6868,15397,2753,9852,8560,3248,9633,5202,3657,5109,9081,7098,9851,1498,1204,7999,7721,10126,3965,7064,4749,6154,5471,6991,4905,4753,2223,1427,5057,5795,5663,4338,2649,1567,6430,3766,4109,4062,9422,10606,2705,4522,5891,6180,12656,4611,11513,5533,9671,6368,8216,3978,1555,2661,4432,5245,4163,5253,1578,6183,3687,7609,5536,5301,5036,5900,14691,4036
"COG1345",966,1051,1021,753,3390,1163,1398,2471,911,1152,511,1321,1249,1036,1774,959,1578,1103,1762,334,642,1075,2480,1275,2182,972,1727,2854,2133,1114,1666,2849,1106,3632,580,3250,2557,812,2337,1094,599,1175,2966,1423,3849,345,612,1966,2555,3337,1040,1634,1148,1342,1639,1709,1252,1022,440,435,1307,1065,1172,1085,579,344,1305,768,890,1505,2803,2598,575,1344,1180,1421,4320,882,4214,1340,2324,1886,2340,750,407,592,1894,1190,1028,1182,340,1489,966,2755,1311,1917,1282,1381,3396,884
"COG1346",74,151,79,542,983,25,22,452,33,44,40,48,37,70,106,70,61,54,891,62,89,30,409,65,516,486,690,210,186,56,317,1612,64,519,14,467,1340,74,66,53,141,324,204,112,1577,11,114,778,182,1218,64,409,22,223,255,261,562,18,33,59,778,156,163,95,28,52,434,86,73,469,125,635,114,603,39,87,174,56,1116,196,370,166,438,426,23,122,314,140,102,56,44,198,98,1288,545,735,46,70,1637,27
"COG1347",1386,1722,973,1775,1089,1903,891,653,1161,667,1206,1213,760,930,898,1352,834,1124,718,1359,1177,1549,799,1173,490,456,1432,639,1765,1651,987,1222,862,1157,1143,573,1279,969,543,939,1172,1175,521,1169,1535,1299,436,251,687,1209,1669,1243,1706,973,555,1462,744,1013,1488,1272,700,1682,1467,1676,1158,1380,2198,1337,1092,552,446,1118,931,419,777,994,839,1198,1283,1525,1126,667,748,2326,1729,1692,174,873,338,1167,1539,595,1786,1095,288,694,945,870,1827,1237
"COG1348",1884,1561,1853,984,45,826,3444,59,531,144,729,2460,675,1052,464,779,1352,2435,56,347,1756,1226,48,1082,555,824,2385,59,969,1732,170,199,1816,15,607,45,26,1023,16,1939,1070,837,110,2053,312,192,229,165,23,67,1786,1739,1216,1247,104,3726,22,1824,1133,691,38,1254,1556,1889,1317,312,63,746,886,497,41,496,1893,40,2033,2425,2,2023,24,1653,1360,72,117,939,159,249,798,31,14,541,376,42,1385,102,296,112,1953,25,34,1569
"COG1349",342,574,674,2201,2256,292,250,2365,315,638,109,166,280,241,513,177,384,230,1305,255,329,183,1261,851,2268,1025,1477,722,491,242,1095,3047,320,1098,146,1094,3288,217,395,247,592,1018,726,571,2140,75,269,4060,379,3085,342,1382,238,905,599,777,1493,192,480,237,1440,858,664,507,184,593,2273,332,240,1167,515,2974,387,730,584,184,704,279,2363,654,630,627,1156,2136,169,439,5920,706,692,333,550,659,550,3869,2608,1225,300,390,5796,211
"COG1350",1498,2091,1763,1076,1083,1196,1433,53,1644,5022,1985,1265,1449,1641,2567,1978,1949,1081,266,2012,1192,1876,2154,1784,69,417,499,2257,1395,1117,1326,100,1514,934,2063,1891,292,2243,2528,1961,1581,1625,2397,791,218,2349,819,24,1934,1157,1293,1342,1222,897,2328,517,2289,1732,1729,1674,402,903,1756,1862,1761,1749,203,1826,2550,85,2139,1379,1222,307,2015,1169,2080,1526,1111,1061,1152,2306,1763,983,1738,2112,33,2196,4508,1781,1874,4309,1918,85,18,225,1488,1797,158,2037
"COG1351",5378,6110,13774,6707,3705,4124,8007,13890,5835,5216,8096,5618,5442,6088,6789,11999,8164,8149,46490,6122,4056,6087,5241,15693,10171,37716,3714,6087,4773,4482,5716,14627,8291,7179,5438,6930,26332,15777,6928,10399,7896,6198,7086,6143,7481,7282,92465,15076,5413,2141,4882,10661,4365,4293,10102,3344,16727,9879,5621,6960,43557,7219,9931,5906,6889,5266,2965,9215,10887,34135,7425,3300,5266,46856,17018,6612,5412,6604,3894,3963,5734,7339,5716,4758,6651,6355,6490,6639,5745,5774,4993,5590,7105,1385,6897,38413,9361,6209,812,7352
"COG1352",264,361,180,233,3420,255,335,4328,387,543,102,261,410,368,645,430,444,403,2446,533,382,242,1646,206,3590,1317,2560,1269,383,189,1766,4386,368,3783,187,1607,4000,335,740,232,1313,1051,960,569,7691,108,392,2587,790,3772,485,953,165,1093,887,1301,2258,186,144,238,2323,170,516,195,235,98,142,430,371,1838,839,2645,417,2031,327,242,727,640,7406,870,512,1073,1876,279,104,663,2665,896,720,366,118,1541,157,5378,3183,3706,273,1244,6103,220
"COG1353",4,2,0,7,2,1,0,0,0,89,0,3,0,0,10,2,0,38,0,0,1,1,2,0,0,2,0,15,0,2,1,1,0,0,0,6,0,0,2,0,1,2,4,0,0,0,0,0,2,2,39,0,5,1,0,5,6,0,0,0,0,12,0,0,0,0,2,1,5,8,16,6,0,1,1,0,1,2,4,0,8,2,3,8,0,1,0,0,26,8,0,88,0,0,0,0,0,4,8,0
"COG1354",5128,5160,5220,3717,3600,5813,5268,1942,4728,4316,6114,5671,3875,5105,4738,4726,5204,5383,1658,6025,4908,4979,4112,5242,2111,2148,4095,4350,4973,5784,4047,2107,5095,5367,4477,4582,1999,4949,4673,5355,4745,4759,4748,5187,2631,5422,1740,1832,4016,2920,5370,3519,6020,4139,5494,4649,4087,5487,4657,6810,1538,5159,5174,5294,4936,5286,3444,5363,4742,1541,4777,3618,5053,1231,4744,5391,4097,5172,3670,4637,5285,4813,4217,3432,5978,5131,2447,4484,4392,4736,5061,4242,4953,2544,1932,1399,5887,4016,2137,5539
"COG1355",75,17,18,114,547,27,118,603,186,1385,15,69,408,127,732,145,142,75,42,41,56,52,734,81,464,119,110,780,27,47,420,190,168,1085,64,1055,49,36,1009,54,48,139,1115,183,1284,49,10,1126,667,304,53,8,14,53,481,53,1833,19,22,11,15,6,20,5,18,8,23,46,45,12,330,101,18,26,22,24,313,48,202,22,16,365,320,33,2,30,144,99,585,63,4,506,8,101,109,14,23,310,16,29
"COG1356",0,0,0,0,0,0,0,0,0,7,0,0,10,2,0,0,0,0,0,0,0,0,0,0,0,0,1,0,0,0,4,0,0,0,0,0,0,0,0,0,1,27,0,0,0,5,0,0,0,0,0,0,0,1,1,0,2,0,0,0,3,0,0,0,1,0,0,0,0,0,0,0,0,0,0,0,0,0,0,0,0,0,0,0,0,7,0,6,7,6,1,7,0,0,0,0,0,4,0,0
"COG1357",6003,3965,5427,2459,5640,3002,7031,7864,4424,8669,2692,5124,6151,5511,6314,5278,4958,6113,1940,4476,7564,3864,6311,4206,2357,4339,7654,7617,3148,4410,9717,2229,6503,7605,4176,8917,2279,4692,7190,4678,4128,4466,8687,5355,3440,3912,1612,11625,7331,4563,5338,3912,3446,6765,9910,9432,3360,4841,5077,2875,2512,3734,3834,4610,4878,3419,2202,3164,5430,2294,9028,5835,7216,5375,5215,5644,6795,5928,6585,4911,4772,8531,7719,1825,1426,2986,1636,7606,10370,6797,3561,8533,3499,1179,2793,1853,4745,5346,3449,4552
"COG1358",232,165,187,156,190,27,142,0,512,164,46,95,585,387,449,648,371,111,48,265,492,8,372,150,0,104,174,502,7,56,510,85,123,498,611,430,12,482,521,123,305,195,650,124,196,400,232,0,411,98,278,243,59,344,871,85,1060,192,372,58,47,78,81,126,287,356,198,145,423,32,535,111,491,60,243,86,380,173,242,392,10,603,530,31,85,105,0,599,342,576,387,296,107,0,0,48,92,973,70,190
"COG1359",316,279,197,358,641,538,258,711,437,440,226,278,660,474,507,374,353,257,372,336,347,341,623,346,571,193,396,784,355,404,743,367,607,258,416,813,178,371,638,253,276,485,616,355,316,425,118,606,951,516,264,224,455,651,440,292,115,254,358,250,272,347,305,212,304,397,174,414,395,175,747,1174,318,357,217,279,874,381,465,255,376,614,520,330,314,451,505,744,363,581,407,483,195,297,782,277,330,717,845,332
"COG1360",2448,2712,2384,4120,4177,3211,2648,6077,2646,4234,1727,2711,3308,2646,3126,2792,2698,2485,2389,2158,2494,3329,3462,2688,4441,1283,3673,3277,4192,3093,3245,3785,2823,5781,2421,3779,2500,2362,3364,2468,2195,3134,3336,2784,4934,2380,875,5937,3290,3929,2792,2755,2959,3402,2203,3454,3280,2387,2499,1686,2051,2912,2668,3048,2122,2409,5172,2701,2482,2039,3352,3077,1882,1778,2812,2693,3653,2724,4274,3231,3775,2795,3978,4954,2137,3387,3406,2331,5183,3122,2360,4349,3151,5785,3928,2417,2435,2837,2922,2423
"COG1361",19,0,1,128,980,0,1,1,502,205,4,0,432,538,1474,132,67,0,3,535,247,1,1715,10,0,67,3,2086,0,0,1074,486,171,3654,428,2480,23,75,2076,7,57,87,2914,0,183,802,25,0,857,316,38,18,0,207,5595,6,1156,5,162,1,104,0,0,0,92,147,1,41,164,0,2941,276,301,116,1,2,1031,2,1427,24,1,3435,2692,120,8,32,1,1405,783,1219,170,958,0,7,0,1,1,1869,22,1
"COG1362",284,85,187,693,630,138,434,853,413,431,144,187,603,433,356,252,544,145,639,114,338,225,592,273,378,288,525,582,214,158,932,954,592,359,427,742,463,528,452,278,267,362,648,464,527,223,113,230,884,662,49,96,53,161,123,95,76,114,72,30,106,87,111,30,88,90,244,97,146,101,150,186,163,203,149,104,275,86,173,68,173,149,182,200,162,116,54,165,157,162,97,139,28,280,38,165,70,118,45,62
"COG1363",1489,1696,833,2711,698,1197,871,820,1418,655,653,1104,2028,1680,1120,1407,793,1075,495,973,1265,1167,693,901,649,377,1041,1161,1496,1220,1586,769,985,333,1633,1044,203,650,852,913,1375,1093,912,1458,296,1275,343,1419,1559,1002,1912,1170,1104,2134,526,2558,1234,962,1730,505,405,1847,1238,1790,1457,1470,3288,1283,940,575,1047,874,1116,853,872,1080,1767,1426,588,1961,824,749,999,3701,1304,1160,707,1556,465,1600,1509,623,1846,681,580,547,667,1532,268,1148
"COG1364",6079,5535,6514,4825,2970,8128,7363,2686,6075,5825,8004,7497,5640,6758,5432,5469,6273,7097,1877,6795,6790,7165,4777,6748,3190,2417,4753,4571,6663,7388,5278,1610,7006,2184,5900,4316,1360,5521,4901,7617,6636,5757,4101,7095,2265,6728,1866,1955,4479,2677,5645,4629,8042,5884,4354,5402,1689,7463,5856,8288,1612,6890,6188,5635,7013,6322,4945,7004,5828,1425,4481,3383,7195,1580,6259,7425,4322,7273,2855,5367,7547,4685,3744,3680,6013,5882,3561,5756,3777,5601,6032,4236,5753,3819,3077,1479,7556,4804,565,7358
"COG1366",182,103,180,120,331,61,221,151,73,150,53,167,98,115,153,152,124,194,192,87,196,131,210,93,290,156,349,205,123,147,140,463,239,200,79,214,287,141,179,134,140,159,253,149,409,45,68,105,245,327,468,530,204,518,654,1208,707,402,356,250,436,450,482,351,377,148,355,327,459,450,496,912,662,509,450,566,698,366,1152,428,447,568,589,370,323,368,562,281,900,288,176,501,271,531,615,924,376,339,939,419
"COG1368",655,793,753,2315,3895,294,690,3178,1164,2999,529,644,802,781,2551,1944,1261,725,2443,1051,1102,557,2971,890,3520,908,2402,3182,457,455,1387,2997,642,6394,804,3449,1594,662,3292,672,1025,1297,3379,794,2257,746,510,1020,3609,1731,916,566,314,1208,2389,1323,2257,665,851,891,2086,1042,1073,810,679,938,2922,869,1308,984,3464,2076,766,2346,594,464,5764,1148,3556,1054,489,2243,3149,3434,818,1418,2034,1183,2699,765,932,3432,1289,5178,2478,3294,629,2417,676,913
"COG1369",3,0,14,9,0,0,2,0,5,37,0,0,22,4,2,4,17,0,0,0,3,1,0,7,1,0,0,0,0,0,2,0,0,3,18,1,0,16,0,0,5,10,0,1,62,4,130,0,0,1,0,0,0,0,1,1,389,1,3,0,0,0,11,2,8,0,30,1,7,0,1,0,20,0,19,2,4,0,2,0,0,0,0,1,0,3,0,2,120,4,1,44,3,0,0,0,0,4,1,0
"COG1370",619,467,705,117,513,82,432,0,1360,338,145,344,1640,1116,1236,2078,1031,511,201,853,1627,20,942,508,0,139,698,1201,46,215,1191,176,279,1407,1732,1121,49,1607,1352,597,833,731,1576,338,32,958,229,0,1005,316,1024,495,245,1087,2067,344,141,616,693,239,105,216,236,473,766,881,345,499,1360,133,1420,257,800,108,561,132,1211,632,665,1514,12,1567,1242,59,398,519,0,1130,445,1336,824,518,377,1,0,174,434,1694,217,652
"COG1371",77,13,10,74,356,2,32,0,253,383,7,21,439,267,579,260,101,13,9,283,261,6,507,23,0,47,107,670,8,6,570,157,72,1195,304,859,8,152,704,38,47,106,933,7,134,322,15,0,430,128,18,13,4,70,558,6,277,10,33,2,19,1,6,1,25,34,4,27,43,2,302,39,80,20,16,6,139,15,150,17,2,397,268,9,6,30,0,167,291,175,42,188,4,0,0,6,10,346,18,21
"COG1372",4070,2825,8387,5760,882,2007,9521,35686,1416,2426,3728,5480,2518,2972,2231,3080,3208,5922,87076,1852,4701,3873,379,5462,38541,69901,4789,500,2007,3684,1036,39290,7808,1001,1581,1092,30965,9121,776,5412,4219,2659,594,6524,28314,2045,70476,52252,1041,439,3123,5011,2430,3252,1648,5952,62364,5456,2945,4408,65135,4614,6059,3418,4010,898,1812,2098,2478,54860,586,1270,5650,134915,10356,5712,1666,3727,407,3039,3448,806,226,4944,1986,1511,27522,2414,3365,1446,902,1494,4295,2403,38622,62606,7314,674,658,3142
"COG1373",70,107,26,131,551,490,35,359,30,706,24,95,92,27,204,61,10,87,509,48,22,38,218,35,531,192,326,352,167,63,249,1272,43,463,21,477,625,62,190,70,218,139,491,118,1568,9,24,626,223,1164,127,284,94,203,213,261,1414,28,28,39,314,97,102,35,26,11,54,72,94,401,289,1120,48,354,39,24,1059,53,1133,94,234,335,314,169,12,119,723,206,700,68,14,652,25,1126,589,243,52,187,1390,9
"COG1374",11,3,6,31,1,1,6,0,19,3,0,2,14,20,5,10,23,1,0,1,24,2,1,5,0,18,1,0,1,0,1,2,2,0,36,0,0,27,0,10,26,2,1,7,4,1,6,0,1,0,6,7,0,12,0,4,77,10,19,0,0,2,6,4,30,23,28,2,21,0,0,0,81,0,21,13,1,3,0,0,6,1,0,2,0,0,0,0,2,2,29,1,5,0,0,1,1,0,3,4
"COG1376",1697,663,1286,965,1342,385,520,2101,560,826,215,255,541,651,689,511,1057,436,637,299,707,365,1021,1135,4665,1830,970,619,680,335,618,2471,422,365,584,1093,990,450,564,511,544,731,909,418,1410,215,266,2057,757,1228,574,840,228,834,509,2546,381,512,773,255,961,669,1143,1088,462,392,726,476,296,1157,914,929,820,915,1503,656,908,437,705,1014,814,646,1047,798,309,328,4413,650,626,738,357,662,712,6765,3738,515,335,802,462,381
"COG1377",891,917,877,1188,2037,1031,1146,2886,839,559,384,910,1019,913,896,692,1136,986,1256,259,597,986,1217,1001,2662,721,1568,1122,1581,916,1182,2066,1030,2339,497,1544,1429,626,1011,941,699,1001,1177,1183,3085,253,307,2698,1127,1777,883,1377,902,1141,725,1339,808,831,471,333,1003,1047,982,1000,521,330,1065,766,602,1136,1176,1811,548,1072,1002,1169,1513,706,2412,1221,1790,888,1171,1037,348,576,2051,765,464,940,352,827,868,3780,2530,1497,954,775,2295,646
"COG1378",368,238,501,186,698,45,253,1,1119,708,147,186,803,745,1105,699,622,344,96,859,872,72,960,403,0,113,311,1185,50,119,985,313,374,2143,996,1491,27,709,1307,306,528,211,2019,136,961,1093,397,0,753,252,693,374,147,645,2924,228,5817,477,487,188,83,39,231,197,515,627,174,217,509,78,1628,279,593,80,371,77,1137,326,885,679,41,1909,1532,142,402,284,0,896,2038,1135,671,1476,169,8,0,117,232,1192,39,420
"COG1379",4,0,4,4,144,0,0,0,2,299,0,0,30,12,38,0,25,20,1,0,2,0,20,14,0,0,11,151,0,0,39,2,0,17,0,328,1,24,61,0,0,9,97,1,370,0,19,0,240,158,27,0,3,18,26,5,2055,0,0,0,1,0,10,0,1,0,0,4,0,0,235,100,0,3,19,0,213,4,116,0,0,16,68,4,0,0,0,98,889,20,0,459,0,0,0,0,0,100,10,0
"COG1380",2,4,8,4,69,0,6,51,2,2,1,9,1,1,11,2,7,4,100,1,1,1,34,8,9,69,26,17,16,5,26,154,5,18,0,25,180,5,5,3,3,23,7,11,150,0,7,119,8,170,3,177,3,92,58,18,151,9,2,17,181,58,36,9,4,5,8,26,15,167,34,34,23,255,14,8,0,29,380,32,104,61,101,14,3,35,9,9,35,11,8,20,29,18,54,218,22,20,430,6
"COG1381",3658,3444,3826,3025,2303,4562,4141,1848,3127,3479,4340,4046,3072,3480,3279,2924,3801,3970,1135,4153,3727,3914,2971,3613,1613,1564,3300,2940,3835,4344,3355,1530,3943,1662,3144,2704,1601,2704,3155,4019,3313,3386,2719,4017,2098,3892,1049,1374,3176,2291,3534,2397,4421,3530,2385,3710,1964,4078,3208,4803,1216,3796,3798,3548,3755,3832,2855,3616,2813,1237,2698,2789,3767,891,3422,4221,2933,3990,2292,3205,4001,3002,2420,2960,3271,3736,1911,2873,3544,3072,3425,3167,3418,1904,1563,916,4168,2811,1914,3896
"COG1382",8,7,0,8,0,2,0,0,1,9,1,3,13,5,7,3,5,0,0,0,6,1,6,2,0,12,4,0,3,0,4,2,2,1,9,1,0,2,8,1,10,26,3,41,40,1,2,0,8,1,10,0,2,7,0,0,183,5,5,0,0,2,0,1,7,0,17,1,5,1,6,0,17,0,3,15,2,4,1,1,4,8,3,0,0,13,0,2,62,10,3,22,4,0,0,2,0,1,0,2
"COG1383",73,67,71,31,24,6,37,0,115,37,13,25,86,74,69,143,118,33,13,65,133,1,54,49,0,40,53,79,5,22,69,6,16,14,116,18,6,197,67,39,74,77,56,57,68,45,93,0,75,18,106,69,17,78,35,30,350,87,98,22,10,31,24,29,51,102,66,37,106,6,58,37,105,11,56,16,32,40,17,125,1,28,65,9,41,48,0,53,81,66,125,52,46,0,0,13,44,151,23,68
"COG1384",5889,6953,7182,4137,2862,7917,5286,2213,7586,4997,9351,6680,6043,7297,5926,5827,7642,6866,1448,8659,5872,7005,4358,8057,2931,2006,2402,4801,6990,7056,5299,1206,5086,4868,7941,4981,994,6930,5310,7134,6563,6232,5254,6431,1385,8406,2550,2252,3572,1799,6087,4491,8282,4688,7964,2378,4280,7988,6672,9238,1400,6504,6237,6681,7114,8628,5123,7073,7099,1166,5769,2448,5828,1203,5782,7239,3163,6329,2921,6646,8376,5892,4768,2934,7437,6072,2685,6015,3757,6650,8256,4298,6836,2517,2742,983,7707,6150,372,7123
"COG1385",1876,1883,1976,1551,981,2091,1796,762,1600,1497,2122,1979,1313,1662,1467,1540,1785,1902,602,1961,1686,1858,1242,1840,732,804,1523,1205,1986,2091,1202,743,1747,1047,1700,1122,726,1435,1364,1926,1678,1772,1072,1886,915,1761,596,647,1358,1018,5716,3491,6161,4314,3360,5314,2218,6003,5463,6401,1689,5760,6152,5979,5561,5629,4876,5641,5006,1637,3587,3469,5443,1415,5131,6184,3434,5624,2910,5113,6377,3708,3275,5326,6076,5496,2517,3697,3712,4358,5489,3498,5561,3400,2165,1621,6260,3681,2175,5485
"COG1386",4189,4042,4228,2873,2910,4812,3902,2466,4184,3720,4926,4321,3304,4099,3929,3915,4377,4401,1500,5058,4003,4346,3435,4155,1931,1791,3121,3600,4046,4408,3619,1862,3856,4949,4314,3816,1662,3922,3868,4163,3975,4166,3942,3942,2011,4839,1512,1892,3257,2367,4220,3225,4714,3390,4759,3110,3737,4424,4158,5138,1313,4076,4079,4021,4183,4283,2787,4238,4117,1066,3886,2715,3874,1080,3400,4129,3206,3899,3011,3840,4267,3920,3610,2326,4918,4067,2035,4150,3751,4205,4286,3746,3802,3608,2401,1216,4586,3996,1605,4386
"COG1387",714,529,627,454,603,337,450,681,1296,1245,155,247,1913,1037,1123,1045,874,427,233,301,1129,230,849,630,269,106,763,1184,289,291,1064,113,398,217,1432,1205,47,622,1369,533,904,767,1089,223,141,282,140,637,1573,738,1023,872,290,1099,504,861,846,636,1004,94,103,674,473,724,883,989,326,583,760,499,1274,688,713,141,531,194,2002,617,608,1280,426,675,909,365,295,318,754,1567,1292,1005,973,1323,525,158,484,153,348,2483,289,511
"COG1388",960,565,758,603,613,367,577,297,625,1134,313,461,508,407,685,713,588,508,682,1096,1177,547,661,732,995,756,695,736,656,331,1004,730,369,420,564,636,360,263,623,507,491,446,670,654,602,365,504,406,943,341,635,388,337,499,1040,1172,411,578,656,413,651,436,659,863,550,526,199,506,436,773,604,827,1070,838,792,569,689,330,291,760,670,730,683,715,481,562,2118,677,1070,573,552,908,751,227,928,658,458,642,188,450
"COG1389",1035,769,1025,539,1235,125,620,247,2331,1078,211,549,2642,1976,2086,2666,1537,659,236,1397,2272,71,1647,749,1,331,1039,2148,100,364,2420,421,542,4368,2643,2170,72,2409,2384,734,1368,1155,3019,569,477,1824,978,699,1820,561,1480,1209,325,1578,4149,647,2628,986,1750,338,225,393,443,692,1365,1742,367,712,2153,168,2594,582,1499,217,963,327,1990,869,1319,2071,55,2994,2369,311,525,718,3,2450,1485,2710,1779,1479,570,15,5,233,648,4004,356,946
"COG1390",134,138,214,177,326,11,115,1,629,147,36,70,598,551,445,434,299,100,46,454,474,9,404,132,0,57,121,518,25,74,787,138,179,872,623,705,8,517,562,143,250,178,817,81,32,655,95,0,429,138,262,210,59,391,1257,78,147,184,376,32,73,80,96,139,259,435,70,142,456,29,789,94,402,77,161,33,483,135,420,416,26,775,673,72,64,98,0,799,328,741,432,348,79,1,0,38,99,821,50,188
"COG1391",1144,1619,1550,2959,5364,1131,1455,7112,1358,2817,660,1026,1913,1496,2292,1097,1913,1110,2613,586,1088,1206,3094,2092,7995,1799,2966,3259,2088,953,4240,6112,1436,4700,855,4302,4698,836,2375,1276,1307,2120,2908,1493,6467,437,631,5403,3310,6077,1036,2746,920,2203,1640,1953,2263,1126,1101,809,2661,1900,1788,1785,888,1022,2702,791,968,3098,3253,4037,971,1806,1928,1360,3831,866,5965,2073,3148,2177,3309,2801,469,901,8980,2468,2498,1982,954,2651,1557,9112,6854,2243,1537,1919,6873,646
"COG1392",701,820,518,1085,1385,559,305,508,910,1865,300,394,735,904,1931,1140,588,480,463,935,893,114,2171,750,464,351,626,2236,145,576,1568,882,261,1441,452,2083,393,589,2432,423,293,956,2406,317,567,1030,170,121,2144,926,629,446,557,738,1953,348,555,392,844,338,542,560,456,775,413,1086,926,687,907,260,2372,900,709,511,659,337,2529,522,1325,731,214,2496,2158,1088,544,852,202,1708,1867,1538,1132,1812,758,1104,300,470,497,1945,212,624
"COG1393",279,284,330,645,730,184,313,592,357,469,183,317,312,377,449,372,288,305,297,292,487,264,649,346,680,243,740,614,340,284,485,628,486,638,294,543,610,331,519,290,348,365,550,299,945,240,125,489,620,786,743,1163,515,1379,1038,1116,1211,851,1069,630,848,1027,1037,803,1007,1138,1880,1007,1023,1092,1462,1584,1433,621,858,903,1652,1125,2191,1383,959,1658,1632,2269,579,984,1567,1024,1341,932,1167,1395,882,2091,1920,848,861,1073,2388,975
"COG1394",247,213,258,187,759,32,194,51,772,237,69,130,894,709,1098,835,457,167,89,560,735,13,1108,206,0,82,248,1504,36,92,905,311,212,2496,900,1624,30,724,1526,197,377,302,2098,151,66,752,104,36,863,278,369,315,73,524,3462,175,271,274,547,90,87,98,127,172,377,561,151,196,689,56,1980,241,547,86,240,72,1017,233,996,521,23,2093,1718,85,133,171,0,1030,584,945,555,664,171,1,0,141,162,1694,111,227
"COG1395",0,0,0,0,0,0,0,0,5,62,0,0,33,5,0,1,2,0,0,0,0,0,2,4,0,1,1,5,0,0,4,0,0,7,0,3,0,0,2,0,1,39,0,0,24,12,0,0,1,1,0,0,0,7,2,0,205,0,0,0,9,0,0,0,2,0,0,9,0,0,2,1,0,0,0,0,2,1,1,0,0,0,4,0,0,22,0,11,174,21,0,82,0,0,0,0,1,9,0,2
"COG1396",3393,4358,4934,4609,4411,5483,3350,8415,3450,5597,5459,3833,3014,3546,4773,2981,4752,4421,6034,5263,2620,4691,4920,5981,7652,4438,3308,3431,5241,4801,3279,7428,3485,2907,3926,3856,4909,4039,4080,4000,3813,4429,3369,4597,6878,4129,4291,11981,3041,3942,3323,3344,5550,2855,3905,1816,4686,4174,3397,6349,4966,3780,4159,4357,3920,4496,5090,4246,3593,5755,3567,4334,3018,5181,4021,3973,2688,3482,3432,3389,5980,4357,3366,3548,4860,4092,7274,3667,3404,3318,4212,4310,4840,11074,8745,5935,4750,2846,4121,4220
"COG1397",140,108,183,444,487,242,243,771,215,803,71,151,459,256,422,259,209,213,460,141,178,168,476,171,166,294,396,500,165,158,669,301,297,281,177,704,373,182,507,134,169,352,598,187,1619,247,352,406,618,469,214,237,233,428,341,321,910,122,150,65,385,340,256,143,174,178,337,192,221,442,533,369,184,225,251,161,745,270,1021,210,240,450,496,424,110,319,133,375,1155,379,183,729,119,236,286,665,143,442,196,101
"COG1398",791,674,1217,713,807,353,1103,1198,581,277,393,798,718,766,444,859,612,894,928,435,1225,548,490,1017,642,1441,1250,489,430,643,777,1428,1187,756,494,525,1528,1008,367,958,926,557,408,742,1510,415,1547,827,580,894,2074,3406,1326,2760,1010,4044,1632,2275,1727,1484,9424,2583,2396,1893,2273,1128,1066,2069,2383,3956,1244,2590,3656,6638,4195,2206,1101,2546,3012,2223,1552,1249,1534,2011,906,1379,1030,1993,885,1647,1205,1066,2056,1673,1917,3813,2602,1346,3583,2487
"COG1399",592,225,401,496,1075,78,301,412,507,1048,169,134,749,318,731,478,480,285,519,398,385,216,894,425,461,695,578,971,221,66,871,984,364,757,362,822,880,423,895,336,349,668,943,265,1388,356,180,87,1274,1106,231,633,88,627,743,596,1115,317,366,352,470,193,469,334,266,359,420,433,465,383,794,971,364,318,521,253,1070,276,1154,270,445,923,797,610,573,635,606,729,1703,536,312,1278,234,846,348,456,338,709,1129,224
"COG1400",10,7,5,20,13,0,7,0,39,11,3,6,25,30,8,24,21,2,3,20,22,0,8,5,0,16,7,14,1,2,17,2,11,10,42,14,0,46,19,11,12,12,19,3,0,20,6,0,33,21,7,16,0,43,17,5,11,5,15,4,3,1,3,1,28,29,3,0,22,1,17,10,48,0,39,3,29,11,9,6,0,9,12,1,4,5,0,11,18,8,27,6,5,0,0,4,14,42,1,7
"COG1401",428,307,338,164,1516,114,226,690,332,782,160,296,439,429,691,774,471,520,622,415,565,87,765,234,898,665,1555,604,160,210,1160,1075,238,947,317,965,708,386,712,365,745,663,691,351,1572,424,171,635,645,3336,531,273,187,972,778,992,1399,264,206,241,798,195,342,273,228,217,303,319,543,629,641,1662,456,477,296,221,811,727,1033,479,84,1065,1527,230,633,584,576,1238,1107,733,200,1308,204,1750,250,712,516,504,3883,626
"COG1402",2490,1403,1797,735,1758,1426,2542,1489,1543,1261,754,1943,3189,2289,1727,1453,1543,1813,407,1164,2497,1398,1926,1152,1060,1274,2984,2540,1300,1804,2424,655,2694,2405,1299,2971,203,1015,2611,1753,1273,1813,2766,1842,1304,1426,257,1246,3044,1493,1519,1139,1446,2686,2759,3588,779,1591,1707,1002,459,1251,1417,1541,1563,902,624,1117,1135,521,2913,1733,2561,450,2044,1824,2677,1925,1883,1809,1432,2480,2567,720,739,1185,3156,3013,1699,2844,933,1472,1240,549,1785,353,1526,3017,283,1575
"COG1403",4007,3898,5097,2781,1906,4236,4824,3828,3596,3634,5084,4615,3249,3744,3391,3623,4390,4945,10944,4107,3367,4555,3251,5372,4317,9529,3062,2556,4095,4279,3166,2558,3950,1430,3634,2219,6948,4149,2876,5105,4116,4029,2429,4146,2314,3800,16850,3250,2472,2024,4557,4615,4418,3172,2191,3416,3048,4687,3495,4573,7780,3895,4592,4001,4186,3593,2148,4227,3802,7853,2585,2727,3603,9288,5615,4354,2680,4299,1916,3377,4529,2697,2073,2127,4126,4181,4079,3275,3358,3269,3407,3130,4211,2293,4451,8070,5229,2727,1630,4227
"COG1404",18010,14286,16073,10866,22266,6359,12838,12296,25631,10735,6591,10092,31652,20140,19571,37815,18913,13383,15289,15266,31141,6363,17295,12200,6630,11542,23684,19412,8254,7752,23170,16608,9596,52211,31496,16749,19101,28944,19015,14313,19930,21916,21722,9998,16720,17274,22278,14876,18290,19842,22964,22305,7461,21422,25818,16291,22754,15803,22262,7850,14816,11482,10156,13107,18363,20840,12769,16208,28463,16598,19119,12789,18812,8163,14306,7062,18277,15942,18628,28747,6314,20133,20395,11236,12210,18130,8082,23258,14802,25253,22101,15154,13266,4583,6247,19292,11150,30083,22150,16008
"COG1405",1405,912,1586,3467,2834,228,758,97,3609,811,1179,579,3582,3099,4308,3290,1881,706,1409,3056,2865,254,4118,1289,258,1858,903,5054,369,445,4176,1586,1256,9187,3954,6592,473,5192,5639,1103,1850,1177,7847,776,832,4109,2979,54,2992,975,1394,1564,495,2136,12788,589,3552,1034,3497,1004,1690,1005,844,912,2088,4084,1053,1235,3160,428,7101,1067,2315,1577,1337,678,3948,1031,3804,1946,321,7994,6537,2682,1762,935,104,4589,1943,4260,3530,2748,1099,74,70,2408,748,6692,396,982
"COG1406",22,38,14,3,460,7,6,211,13,51,1,16,7,1,23,5,4,26,190,46,42,1,162,11,83,203,215,104,14,7,196,370,8,801,0,101,561,29,34,10,81,164,21,21,480,3,13,186,31,489,43,252,6,78,76,112,375,4,2,9,258,1,20,8,6,1,16,39,33,165,49,404,48,36,7,1,50,13,572,80,10,97,148,6,8,90,11,82,138,17,2,167,3,3,13,356,2,23,1026,10
"COG1407",1282,1105,1331,571,1129,1189,1766,872,686,231,606,1631,845,843,1062,359,1155,1562,374,726,1215,814,1043,785,1411,753,821,1094,1254,1543,952,1318,560,2045,559,1500,1039,474,1142,1234,827,460,1572,1346,1068,756,506,737,533,1260,1404,967,1174,1054,2450,2519,1668,1277,723,631,394,917,1183,1515,931,386,338,311,279,764,1563,1304,1270,180,1378,1577,576,579,1372,998,1114,1816,1646,619,335,390,1274,865,663,1124,380,821,1127,1580,1360,263,1547,1139,1642,360
"COG1408",835,1084,1032,2011,631,1326,626,608,1041,521,723,999,909,850,841,1080,777,869,321,1011,749,1101,781,1074,852,170,677,828,1563,1347,685,260,693,454,899,838,146,971,864,741,817,635,839,1033,134,901,555,704,869,654,1219,795,1155,994,521,1224,489,766,1053,814,257,1409,1075,1117,826,992,2509,845,697,507,794,680,547,241,926,890,1316,905,380,833,1089,756,1240,2959,1500,925,2037,729,521,948,996,562,1334,361,554,453,678,926,224,701
"COG1409",4777,4410,3080,3864,6660,2554,2429,4619,4048,4334,2180,2394,4544,4091,5078,3108,3340,2526,2399,2858,3758,3002,5340,3546,5328,2890,4762,5961,3145,2627,4461,5297,3888,6906,3742,6890,3841,2317,5689,2708,3932,3600,6487,3294,5269,2857,1163,4723,5705,6176,3953,4461,2605,4448,6232,4684,2535,2401,3592,2287,2763,3394,3091,4180,3270,3532,3292,3302,2446,2707,6617,5812,3867,2001,3798,2705,7587,3021,8613,4920,3266,6130,6577,3339,3482,3072,4351,4759,3211,5093,3628,5263,4240,10589,5139,2261,1949,5399,6117,2901
"COG1410",7680,5673,7993,5819,8497,4089,13027,7893,6651,12363,3903,10098,7982,8543,8411,8326,7125,9392,3316,6945,11392,4946,9171,5053,7701,4373,11711,9534,5178,6794,9923,5711,10325,8888,6498,8821,4436,5937,9800,8392,6602,6672,9174,8394,7049,6265,1761,7277,10941,8484,7343,6709,4507,10968,6108,13481,6726,8594,6577,5309,3046,6138,8321,6464,7537,4997,4228,6615,7425,4272,8944,8907,11483,2742,7962,8927,10466,8565,8646,7662,5183,8721,8716,6107,3723,5698,6847,9246,12125,7757,5301,11728,5412,8080,6674,3665,8340,9148,6709,7509
"COG1411",116,104,174,84,41,151,100,257,127,115,138,108,66,107,96,126,131,101,39,161,58,112,65,188,46,30,56,86,202,179,115,4,69,24,110,87,18,142,112,106,122,87,110,123,0,103,39,0,86,46,80,46,130,106,60,68,17,95,89,160,35,116,72,78,153,94,40,116,86,12,58,37,85,31,63,123,87,69,41,98,154,63,43,34,132,68,7,148,127,128,90,118,72,137,72,23,129,116,14,91
"COG1412",47,29,8,54,9,4,17,0,70,55,1,8,36,58,27,55,68,9,0,12,56,4,4,16,0,27,10,12,4,1,8,6,16,7,110,13,1,78,13,15,50,37,20,8,40,13,9,0,28,7,37,8,0,23,6,8,290,18,35,3,10,7,5,10,67,57,40,6,58,0,12,9,141,1,56,11,28,24,5,11,9,7,13,5,4,13,0,13,171,19,58,82,18,0,0,6,4,24,7,41
"COG1413",3740,1700,3777,1178,1412,982,2817,3939,2535,5323,926,1921,3383,3415,2729,2605,2697,3148,209,1191,4188,2047,2265,2934,287,1963,3703,2558,1263,1686,2228,322,2942,791,2338,2225,120,1736,2919,2682,2223,2059,2483,2596,271,926,452,770,3376,1369,3774,2305,1071,3772,700,6106,1443,2139,2347,890,190,2227,2833,2431,2445,1772,186,2011,1621,303,2346,1699,4576,202,3825,2729,3820,3083,1274,2728,1968,2057,1795,816,731,1097,225,2756,4325,2533,1853,4636,2080,300,350,479,1403,2818,446,2320
"COG1414",963,1337,1345,4328,2684,1120,1010,4302,1453,2294,970,719,1421,1203,1828,962,1308,800,1726,1088,1101,1323,2399,1703,4685,1310,1818,2069,1301,913,1127,6185,1454,1550,1187,2643,3821,1161,1564,987,1257,1503,2679,1687,2625,899,948,7104,1911,3592,936,1678,1005,1503,2098,1484,1641,894,1706,908,1584,2463,1527,1173,1147,1816,4050,1161,1020,2091,2058,2445,1130,1358,1546,1278,2484,769,2780,1573,2036,2079,2450,3808,529,1092,8122,1073,2379,1152,1830,2314,1315,8820,5616,1425,1002,971,3031,882
"COG1415",36,22,52,142,111,15,45,3,80,420,23,20,111,62,292,122,47,10,5,71,65,53,453,93,5,10,116,239,13,15,117,14,74,114,70,144,11,134,361,37,50,109,299,40,43,92,10,3,285,83,27,50,11,128,234,24,583,24,40,41,11,16,36,11,36,72,27,109,103,2,211,130,43,26,36,36,177,112,114,39,27,390,230,102,58,205,0,161,1114,132,75,598,9,2,5,3,17,158,13,84
"COG1416",32,10,24,84,38,16,54,73,7,29,4,31,43,44,24,17,15,32,26,3,15,27,12,41,163,3,9,43,74,10,25,112,51,24,14,39,23,7,18,11,10,7,44,109,39,6,14,11,45,40,19,47,12,17,9,16,27,17,21,7,11,19,17,13,9,9,25,9,12,13,27,28,20,15,22,30,55,4,25,14,129,17,19,79,15,6,83,25,43,30,12,24,18,68,121,10,12,25,6,6
"COG1418",724,390,219,2066,1282,292,261,761,1032,1551,108,422,2038,1260,799,780,369,407,261,628,709,504,896,320,192,261,714,1468,747,385,3237,281,557,2112,914,1449,180,374,1030,433,521,1125,1046,299,376,1432,173,1082,1936,1036,572,507,265,2020,493,963,1346,369,686,179,579,661,582,379,514,677,2682,779,509,737,1476,822,695,422,317,308,2068,1017,759,735,279,941,1429,2990,263,1018,310,2420,1779,1920,728,1559,579,229,162,231,215,2253,375,436
"COG1419",324,226,229,225,2239,500,379,2439,359,570,145,374,589,426,666,448,445,326,1061,200,272,415,1228,269,1690,696,1210,1089,670,414,1104,2297,511,2943,163,1402,2102,195,932,390,369,745,989,565,2946,103,201,2342,937,2277,276,908,432,763,713,795,993,277,118,183,1036,370,478,256,133,112,583,340,359,861,1090,1509,325,646,276,417,1495,338,2638,536,904,782,1102,213,91,319,911,694,455,533,120,690,159,3477,1695,1223,344,761,3281,259
"COG1420",1757,1374,1699,1829,1747,1552,1302,2089,1546,3212,812,1193,2098,1550,1924,1384,1663,1016,256,1246,1502,1507,1975,1985,2465,708,994,2347,1925,1267,2095,733,1434,1389,1417,2321,156,1080,2503,1146,1030,1471,2419,1124,942,1238,381,2062,2646,1403,1126,1302,1437,1719,1529,1733,1500,1056,1383,749,397,1447,1487,1636,1116,1297,1380,1222,1135,847,2439,1822,1290,214,2029,1361,2341,1043,1301,1408,2274,1919,2146,1554,1007,1549,3239,2031,3653,1923,1315,3157,1529,2934,2671,531,1139,2144,223,1211
"COG1422",232,200,244,64,537,10,138,0,625,125,48,126,679,537,786,759,264,120,60,456,642,8,733,172,0,60,203,910,29,47,711,246,184,1764,691,1224,16,282,1054,124,253,206,1534,126,169,609,228,0,515,170,402,197,83,467,2508,120,942,140,283,74,79,81,79,165,263,297,139,145,378,54,1343,235,376,79,139,69,756,126,767,472,3,1531,1270,31,118,161,0,890,368,761,313,457,121,3,2,57,146,911,74,179
"COG1426",432,357,368,377,1536,650,478,632,515,1961,369,544,921,541,1092,774,509,327,766,646,556,553,1525,416,701,504,1197,1369,808,451,1489,1695,531,1172,396,1127,1525,484,1505,422,471,1057,1102,466,1900,466,133,1346,1440,1779,319,739,456,941,809,563,1233,471,396,395,733,498,484,388,321,447,159,659,490,538,1215,1512,460,510,478,395,968,541,1513,530,1161,1291,1419,472,454,1004,320,1159,1917,874,423,1912,404,700,303,788,417,1001,2111,523
"COG1427",377,280,338,240,376,30,215,330,584,547,71,103,910,481,475,710,474,217,89,237,631,50,433,225,11,70,369,741,33,104,852,9,198,131,646,692,15,614,629,275,415,393,630,204,2,325,117,305,978,437,472,366,78,634,326,368,50,271,420,98,45,189,188,225,419,523,336,316,590,44,693,356,330,99,255,108,705,297,327,595,53,456,536,300,147,244,0,703,470,618,503,438,186,1,5,85,170,836,108,279
"COG1428",2074,2378,1446,3790,832,1691,1033,573,1800,1959,1746,1492,1128,1334,1810,2172,1158,1446,927,1891,1557,2123,1333,1616,441,957,1330,1433,2476,2054,1423,390,1211,880,2092,1074,282,1447,1575,1376,1673,1455,1572,1759,506,1840,694,439,1778,675,2434,1333,1764,1225,989,1985,2126,1378,2638,1741,571,2748,1890,2355,1859,2732,4469,1682,1753,382,1360,1194,1390,390,1080,1543,1796,1724,643,2091,1414,1505,1527,5448,2925,2294,512,1173,2840,1597,2620,2054,2857,986,405,1596,1065,1568,135,1618
"COG1429",11068,7877,11211,4865,1964,7202,23385,2482,3667,2438,5373,18327,3531,7654,3426,6032,8354,16887,1541,3365,14710,7260,1491,4854,3132,5016,12341,2203,6187,11696,1696,3854,13867,1216,3559,2882,661,3875,1855,12273,7082,4053,2116,14440,1559,1513,1322,3347,2331,1593,10260,7394,8617,9613,1526,21917,468,13147,7689,7332,1102,8419,10339,9982,9731,2265,4780,3472,5076,3202,2670,3818,15827,1639,11788,17703,4079,8258,1779,8899,7538,1106,2053,4267,673,1482,3004,1043,1402,3222,2516,1570,7218,5222,2421,1803,14048,1956,389,7372
"COG1430",1233,1526,2484,1164,1231,808,1469,2281,996,994,1535,1423,1168,1196,1067,1143,1179,2136,19347,869,848,990,949,2243,3061,6052,1018,974,1034,867,1190,2159,931,1674,842,1297,4992,2940,933,3207,1641,1076,1122,1949,1735,1356,28180,1492,888,1287,1200,1342,705,1148,1513,1133,2015,2481,999,1317,7873,1239,2303,1687,1190,852,1061,1418,1131,14556,1222,1075,1234,2612,5106,1611,987,1132,1177,883,1056,1053,1102,1233,856,1170,2696,1214,1029,1300,806,1007,2540,1405,1489,10289,2755,1149,1419,1150
"COG1431",12,14,1,5,303,18,0,95,14,13,6,9,4,13,12,38,4,55,182,4,12,0,56,0,21,37,58,39,7,5,42,134,3,141,7,44,99,21,4,0,19,14,66,37,100,3,5,64,17,45,69,83,9,41,21,104,97,4,5,10,111,7,14,4,6,2,15,23,17,425,50,122,19,194,1,3,1,37,93,45,0,78,97,6,0,11,51,41,16,8,4,76,8,67,30,76,8,35,221,8
"COG1432",364,284,156,865,2507,227,227,1174,547,1629,148,166,1281,715,857,465,210,238,920,330,439,306,1274,157,1807,622,1393,1739,326,203,1579,1834,604,1707,319,2075,1438,298,1385,262,477,959,1498,428,1897,594,124,1186,2248,2343,330,917,173,1480,1037,697,2331,163,298,221,1030,310,241,231,265,282,1114,566,353,1108,1850,3459,375,841,219,349,1826,529,2401,688,478,1288,1613,780,200,938,2589,1612,1848,838,316,2234,292,2640,1780,858,136,1342,3883,317
"COG1433",1,0,0,0,0,0,0,0,0,0,0,1,0,0,0,0,0,1,0,0,0,0,4,0,0,0,0,20,0,0,19,0,0,6,0,11,0,0,1,0,2,0,1,0,1,0,0,0,5,2,7,0,0,2,4,17,0,0,0,0,0,0,1,2,0,0,0,0,0,0,17,1,0,0,0,0,1,0,1,0,0,1,3,0,0,0,0,30,1,0,0,6,0,0,0,1,0,41,5,0
"COG1434",1248,1087,1232,983,1447,1164,1195,1184,1039,1762,1018,1175,1193,1105,1088,869,1499,995,500,676,999,1303,1124,1475,1191,800,1651,1201,1720,1072,1424,1069,1172,1620,915,1185,1147,869,1057,1038,935,1084,1110,1323,1701,851,335,1431,1100,1302,1012,826,1319,1164,703,1739,1118,1015,930,844,590,1376,1195,1163,948,944,523,934,908,861,1108,1536,1082,387,1427,1380,1329,972,1598,1164,2265,963,1013,950,841,947,981,894,1961,1216,871,1579,1199,1053,1288,592,1073,854,2200,825
"COG1435",1988,2238,1935,4034,1544,1750,1333,823,1958,1720,1914,1471,1359,1438,2032,2063,1774,1674,2324,2052,1544,1887,2040,1751,1532,1614,1409,1800,2118,1712,1274,952,1330,1771,2237,1407,1759,3112,1937,1889,1856,2123,1915,1625,1127,2022,1832,816,1901,1497,739,819,533,454,533,461,660,572,954,496,604,647,754,823,638,1004,1053,672,805,376,514,594,467,587,640,541,676,598,441,623,501,713,544,1559,938,799,688,468,638,556,886,567,854,329,434,535,566,519,553,601
"COG1436",89,107,109,55,96,15,74,0,189,67,24,57,282,138,195,282,198,64,22,88,239,2,129,102,0,18,91,217,7,30,118,24,32,223,217,167,13,265,218,83,106,114,229,59,22,79,51,0,202,52,165,112,35,162,370,48,73,113,173,26,7,27,40,54,111,169,71,77,278,20,220,79,156,14,104,23,188,101,130,179,3,203,192,11,38,67,0,105,104,107,173,95,63,1,0,17,95,463,37,101
"COG1437",42,5,2,33,58,3,5,172,12,47,0,5,55,63,39,29,13,12,5,4,9,10,43,7,2,14,39,57,2,8,74,22,18,128,13,61,9,10,37,5,20,49,62,1,67,3,11,195,83,58,12,31,1,88,4,37,401,3,8,0,50,13,15,3,13,3,0,7,7,5,69,39,8,9,39,6,108,41,28,33,5,36,151,39,2,1,5,115,84,47,5,51,6,2,1,22,3,75,21,12
"COG1438",160,287,353,231,577,150,170,51,274,147,439,230,235,160,199,138,392,361,252,213,116,214,288,264,56,237,272,288,168,174,290,432,190,271,160,202,697,393,218,348,306,278,214,112,351,319,254,151,267,628,200,461,195,211,348,64,319,324,209,363,309,135,544,409,235,219,9,228,174,170,205,717,129,51,329,241,303,170,595,171,86,295,307,270,503,266,17,273,236,236,211,206,339,17,7,258,459,153,1236,117
"COG1439",218,98,176,108,465,13,121,0,512,122,34,102,622,429,757,516,292,127,44,359,543,5,625,127,0,66,184,907,17,80,570,230,147,1521,613,1109,20,485,988,127,260,235,1212,80,21,480,58,0,429,142,276,190,66,351,1910,95,105,176,348,63,63,50,52,113,290,386,57,176,500,22,1084,212,435,66,176,48,517,161,645,311,7,1304,1073,44,98,139,0,586,265,564,379,380,60,4,0,40,121,856,70,153
"COG1441",150,47,114,173,251,3,157,12,248,241,55,28,265,236,390,316,426,50,12,90,196,61,423,135,14,54,90,527,35,8,141,34,111,227,317,565,23,364,639,117,198,113,556,62,9,148,50,25,452,183,59,72,12,194,289,30,32,128,162,33,21,32,149,34,219,208,59,127,267,5,613,268,425,5,316,73,836,149,271,57,121,353,408,25,352,158,1,66,172,123,211,245,13,82,1,11,67,300,98,111
"COG1442",352,307,401,551,120,206,273,80,420,46,692,337,237,235,142,606,399,456,260,569,109,466,6,267,150,338,244,5,352,375,277,65,335,61,437,50,248,346,19,648,674,464,19,241,289,525,663,108,4,313,339,257,284,177,111,120,254,532,428,574,343,199,600,470,481,350,17,603,703,138,14,63,234,240,571,390,35,482,147,197,260,27,26,702,692,395,467,140,58,288,319,189,356,43,191,194,730,93,150,475
"COG1443",461,751,412,1260,461,412,339,93,876,204,268,405,747,778,1005,933,631,436,100,635,687,560,841,505,158,112,349,942,713,507,822,369,507,1218,980,975,67,629,1118,466,557,404,1380,468,107,850,219,278,669,288,714,702,426,611,1810,631,154,534,916,169,165,673,407,742,612,778,1382,408,657,161,1141,378,646,111,473,458,933,485,508,922,500,1392,1231,1585,297,319,612,885,342,956,804,406,717,644,273,117,378,1698,87,513
"COG1444",149,167,112,141,1921,23,58,407,109,373,14,17,111,151,295,113,134,52,767,163,215,11,1111,66,764,931,1018,709,90,28,806,2322,57,1022,218,675,3278,239,426,91,427,847,378,107,1994,11,143,295,544,3189,85,975,15,497,331,430,1153,47,84,34,1280,39,151,75,112,166,279,194,221,823,485,1816,521,207,165,63,294,122,2283,384,74,640,908,28,12,307,179,550,454,78,198,762,56,1176,224,900,33,175,5114,55
"COG1445",6,44,19,10,113,16,11,60,68,9,13,9,10,21,42,26,6,23,287,8,7,12,114,13,226,158,82,8,11,16,257,721,4,49,11,162,298,17,6,16,62,142,69,5,147,19,37,235,17,263,28,80,2,34,97,41,40,8,113,15,168,46,72,60,57,23,18,7,22,282,100,98,5,327,11,19,27,19,85,37,4,4,180,13,5,22,135,24,3,8,27,55,37,485,31,262,16,26,322,18
"COG1446",1884,2601,1283,1719,2215,1585,1116,1712,2079,2859,1184,1395,1965,1665,2949,2747,1469,1376,630,1728,2039,1355,2835,1333,2255,511,1997,2949,2029,1633,2116,1267,984,1530,2346,2204,1083,1825,3220,1204,1781,1970,3119,1349,1127,1695,645,1646,3560,2449,2854,1765,1559,1773,1911,2260,2823,1418,2670,1232,818,1354,1609,2443,1832,2052,2414,2056,2124,1070,2775,2900,1423,421,1123,1104,3744,1853,1553,2802,919,2645,3130,2661,2300,2179,1912,2260,4270,1877,2161,3540,2705,742,1985,840,1044,3207,2306,2062
"COG1448",899,1014,889,1775,1829,644,739,1612,967,134,377,565,848,827,633,555,1054,756,1087,339,730,508,751,1006,2110,795,1577,466,948,638,1141,2401,826,640,773,649,1918,675,270,666,881,966,399,1021,1959,543,396,956,529,1894,964,1677,478,1098,515,953,683,768,710,277,1096,943,673,1053,756,771,2342,623,778,1056,430,2453,733,971,949,1057,506,681,1613,1549,1171,451,766,1471,447,793,1773,814,202,976,753,354,934,3354,1788,1099,613,605,4073,579
"COG1449",1627,2153,1808,420,95,550,806,1081,1491,260,1327,980,1109,958,932,727,2536,1925,990,557,833,855,63,1516,229,732,446,88,527,764,244,156,565,58,1131,257,317,1918,44,1742,1586,540,149,409,47,1094,1066,493,201,325,2299,1972,686,605,274,828,118,2045,634,1103,248,471,2394,2128,1311,690,14,478,1415,737,107,98,465,105,1684,850,186,921,115,1639,209,47,86,403,3330,565,76,286,174,979,663,113,1915,454,159,842,2031,458,204,722
"COG1450",3169,3065,2023,2646,5969,3998,2330,7185,3107,5445,2164,2480,3066,3049,3660,2769,2424,2290,2747,2316,2708,2876,4604,2769,3023,1837,4580,3897,3194,2888,4664,5889,2717,6642,2349,3782,5292,1701,3993,2350,2459,3527,3420,2349,7979,1895,835,4891,3901,5376,3122,3979,3312,3536,2427,3519,5088,2204,2180,2130,2958,3534,3508,3568,2142,2668,2406,3121,2136,2275,3372,5768,2309,1426,1994,1970,5009,2448,5560,3422,2890,3494,4176,2859,2266,3282,1403,3496,4763,3719,2642,5211,3032,5355,2897,2778,2094,3147,8772,2842
"COG1451",1135,934,600,1341,1805,567,671,1437,871,823,451,548,808,757,1104,795,530,788,991,467,637,616,1274,623,1853,733,1704,1359,826,588,1185,1626,882,2060,516,1433,1386,470,1214,633,808,1037,1191,633,1951,517,506,2038,1423,1810,1257,801,576,1099,921,2360,1160,527,680,454,1042,792,614,947,543,868,1232,611,680,969,1207,2359,611,552,586,622,1685,642,2170,951,862,1196,1208,1455,510,749,1697,1004,904,919,903,1196,826,2156,1621,1054,581,855,2534,644
"COG1452",7427,7393,6136,6815,5744,11472,5485,4945,7039,5768,9438,7975,5126,6457,6243,6993,6481,6521,3683,8454,5647,9821,6141,7911,6129,3277,5304,5219,9834,9812,7089,5236,6992,5946,7035,4713,5344,5497,5571,6678,6758,9064,4471,7497,7256,7335,2099,4026,4668,5748,7213,4971,11178,5278,4780,4444,3081,6855,7173,10262,3764,8463,6634,6647,7071,8506,7272,7935,6169,2831,4328,5555,6091,2717,4763,7629,4473,7140,5321,6663,11185,5593,4815,6808,8740,9568,4779,7418,3851,7231,8181,4289,7682,6663,5031,2780,7308,5641,6013,8016
"COG1453",3134,1607,3470,342,261,1357,6894,2,704,1547,1367,5030,1133,1825,798,951,1985,4499,69,809,3272,1885,337,1157,3,1614,2797,562,1165,3267,942,24,2865,38,735,358,27,1504,364,4047,1855,869,387,3832,72,376,309,9,559,323,2571,1511,2086,2717,177,6686,235,3953,1593,2185,31,1709,2739,2246,2177,373,16,843,880,843,413,933,3522,18,4170,4063,535,2729,229,1593,1247,367,282,284,43,343,1,463,844,847,441,760,1509,0,7,133,3933,334,70,1347
"COG1454",7034,7520,6437,6386,6709,8265,6242,5824,8452,6361,10431,8005,8184,8855,6833,6518,6808,7055,3597,9477,6508,8897,6549,7579,3723,3186,4254,8029,7689,7645,7559,6050,8444,6194,8103,8578,4896,6133,7141,6617,7467,6189,7381,7622,4709,9683,2369,3705,6755,6792,6200,7141,8790,6900,9483,4071,4211,6678,9071,9754,3255,8838,5473,7430,8218,8047,7439,8132,7105,2442,8748,4334,6870,3086,6460,8283,6668,6674,5560,6847,8474,7458,7519,5098,7138,7167,2797,8961,4870,8810,8433,6347,7258,6522,3436,2794,7528,8029,3734,7410
"COG1455",7,8,4,19,4,0,8,681,5,2,0,0,11,7,7,0,3,6,16,1,1,9,36,7,117,7,6,2,0,0,195,13,9,2,2,6,2,1,1,12,4,58,35,0,10,0,1,1541,1,40,1,14,1,7,1,41,30,6,0,0,46,0,19,4,0,1,10,2,1,5,6,3,2,10,12,2,33,3,39,1,6,0,3,4,0,0,40,4,1,6,0,1,3,396,160,18,0,3,201,0
"COG1456",0,0,0,0,82,0,0,0,0,629,0,0,0,0,75,0,0,0,1,0,0,0,50,17,0,0,0,126,0,0,0,1,0,16,0,124,0,0,35,0,0,0,158,0,12,0,0,0,80,29,6,0,0,0,61,9,142,0,0,0,0,0,0,0,0,0,0,4,0,0,68,74,0,0,0,0,126,0,81,0,0,81,79,0,0,0,0,0,898,0,0,718,0,0,0,1,0,1,0,0
"COG1457",54,142,49,77,1162,16,41,595,135,181,10,13,101,79,276,186,25,42,945,186,129,39,553,55,158,365,945,273,77,33,487,1109,137,812,116,600,779,89,359,44,407,472,687,59,1274,53,53,139,377,907,28,79,12,179,558,108,222,15,80,46,511,30,97,23,55,100,466,160,179,285,317,335,170,973,44,26,509,83,2015,202,76,491,575,73,23,449,104,312,197,220,106,480,44,502,48,735,39,386,594,76
"COG1459",4208,3269,2641,3358,6008,4645,3523,7191,3122,5881,3680,3385,3174,3565,4395,3914,3256,4240,2988,3663,3478,3417,5318,3052,3170,2734,5399,4627,3284,4297,4585,6104,2948,6547,3348,4721,5829,3445,4706,3532,3313,4206,4665,3720,8410,3585,992,4054,4663,5829,3882,3812,4371,4311,3542,5062,4821,3568,2806,5059,3365,3895,3796,3790,3064,3287,3558,4126,3707,2724,4178,5872,3277,2096,2904,2985,5821,4014,6629,3434,3725,4535,4492,2866,3820,4624,3050,4038,4451,3836,3279,5670,3252,5986,2923,3141,3774,3686,8367,3950
"COG1460",12,7,2,0,28,4,7,0,35,50,5,22,76,26,39,98,29,12,4,34,49,4,12,3,0,1,37,44,2,20,35,0,18,18,24,48,4,18,59,30,14,39,42,10,24,27,3,0,97,27,30,12,15,75,32,16,174,10,6,6,6,0,5,3,10,17,0,17,36,3,64,27,15,7,9,2,76,67,21,22,1,22,40,0,14,28,0,51,57,34,8,59,1,0,0,4,28,55,6,50
"COG1461",473,98,195,73,750,7,188,0,801,1536,130,61,2175,952,814,1038,402,149,39,893,700,150,903,129,0,90,729,1352,14,24,2113,9,538,501,705,1219,35,865,1278,340,417,1312,1286,92,38,1755,111,0,2044,732,278,148,37,2104,1145,127,272,259,470,170,143,49,214,85,433,611,9,1169,973,7,1234,1106,413,131,309,69,1481,1088,726,349,75,1147,1051,122,883,2202,1,1833,1263,1563,640,1399,180,0,0,65,108,1929,194,628
"COG1462",492,739,1571,2019,1250,80,783,9801,599,317,819,547,418,559,753,796,281,562,15320,505,387,1616,864,987,6875,15213,1014,498,677,280,534,9081,1512,1017,386,551,6562,1471,515,688,1543,759,562,1077,4196,743,8962,14298,568,1316,418,2911,129,684,682,603,4281,518,691,563,8751,1987,940,695,772,606,1146,646,593,19723,503,651,752,10193,1968,724,653,590,1108,667,1028,656,998,1536,350,570,5028,419,462,349,463,726,1630,1093,9579,26616,843,553,1202,643
"COG1463",1553,1039,1313,654,1474,1040,1936,2037,660,538,602,1622,935,1226,599,843,1042,1905,1230,499,1745,1073,678,888,3135,1101,2836,556,1213,1479,912,2112,1611,1898,642,954,1520,828,365,1429,1062,1150,524,1366,1706,439,274,2567,588,1467,1522,1203,1132,1609,420,2964,668,1125,889,647,942,1167,1101,1319,1126,469,528,834,762,1412,560,1309,1919,1172,1516,1669,532,1399,1061,1377,1451,425,757,576,236,595,2581,722,427,962,513,528,1007,987,2220,1072,1324,500,1589,1014
"COG1464",16,5,2,9,150,8,8,340,3,10,10,10,7,31,12,15,7,17,243,10,5,4,83,1,374,158,75,24,23,5,82,528,7,69,3,202,238,11,14,9,3,93,163,60,261,8,196,356,38,259,4,19,8,69,50,122,35,6,19,47,138,8,31,11,2,2,9,13,24,183,35,53,6,303,6,27,34,13,95,42,7,17,44,2,0,20,934,36,3,2,0,26,1,1145,376,267,40,18,156,3
"COG1465",296,248,306,194,886,35,192,0,1115,143,83,169,986,874,1356,934,560,218,79,822,1000,6,1273,247,0,70,281,1707,21,108,933,471,261,3054,1138,2298,23,818,1848,243,505,371,2585,183,43,973,143,0,964,273,475,406,87,613,3999,159,83,358,696,87,131,129,115,241,521,698,206,277,953,65,2237,292,672,125,265,117,1210,251,1192,750,2,2616,2061,109,178,220,1,1152,440,855,679,753,167,10,0,85,178,1958,115,264
"COG1466",4973,5682,5250,5392,3740,6480,5170,2267,5172,5515,6812,6023,4395,5563,5382,5204,4913,5565,1791,7037,6394,6272,4833,5418,1902,2101,5138,4780,6224,6760,5148,2143,5431,3477,5313,3903,2097,4637,4917,5668,5559,5407,4216,6194,2355,5981,1483,2149,4769,3232,5672,3214,6511,5327,3668,5164,2935,5956,5709,6746,1842,5964,4974,5206,5946,6504,5822,5852,4724,1732,4272,4020,6321,1335,4540,6631,4516,6063,3625,5310,6620,4948,4064,6611,5920,5794,2199,4438,4747,4454,5852,4710,5545,3372,2304,1318,5652,4480,2493,6236
"COG1467",385,499,573,371,1385,54,285,12,1478,288,111,205,1456,1141,1994,1441,719,299,345,1068,1288,21,1713,475,5,449,461,2550,39,149,1674,517,415,4303,1363,3124,128,1279,2626,367,670,467,3495,215,76,1353,986,4,1464,436,719,514,135,912,5786,208,261,390,957,133,233,152,259,335,679,967,247,319,1064,621,3378,456,928,224,433,132,1818,400,1756,868,18,3581,3008,231,221,390,3,1894,690,1474,978,1120,479,7,1,350,281,2629,172,437
"COG1468",2,28,0,4,26,5,3,29,3,73,0,0,3,7,20,4,1,4,8,0,0,0,34,4,24,23,139,11,9,3,53,179,2,33,0,34,38,2,28,2,9,26,9,8,13,0,1,248,7,77,8,2,5,15,46,35,96,1,3,3,93,7,3,1,0,0,0,8,6,44,27,401,0,5,0,2,5,26,23,5,2,45,121,0,1,34,14,75,164,6,1,107,0,7,31,18,10,25,536,2
"COG1469",514,652,676,1186,1116,374,292,1494,587,679,288,343,552,529,876,352,300,351,1100,327,458,347,1261,759,2458,618,677,646,468,381,518,1819,385,1631,472,499,1578,609,747,427,538,627,540,509,1238,224,1532,1329,802,1602,154,257,108,203,129,254,234,113,177,66,309,251,194,263,183,215,377,137,101,1039,184,117,165,151,264,124,207,82,159,250,213,317,264,372,86,89,458,174,183,147,215,198,220,915,360,201,133,149,366,118
"COG1470",81,6,1,0,1,3,11,20,68,11,12,47,76,61,42,174,36,37,21,31,73,3,14,2,25,15,34,4,5,14,143,2,44,1,62,4,6,79,18,8,41,29,69,18,2,61,7,3,26,2,69,9,14,129,15,46,65,26,13,12,18,0,8,1,27,25,0,12,173,5,9,8,29,12,5,5,28,52,0,49,4,22,2,0,28,58,10,93,47,121,32,59,1,5,5,32,20,282,28,60
"COG1471",230,206,288,173,563,50,180,0,739,278,57,141,817,614,897,892,430,155,59,589,740,7,776,195,0,90,279,1026,22,104,803,293,210,1531,777,1310,17,638,1149,190,385,266,1576,167,337,734,342,0,618,200,386,337,89,469,2346,126,1933,237,475,78,96,82,118,156,361,522,149,219,676,37,1423,231,541,111,239,68,763,258,724,478,3,1541,1353,52,130,173,0,917,655,831,571,624,163,5,0,54,163,1316,83,305
"COG1472",10979,14450,9882,16891,10967,14680,8032,10588,12005,10521,12381,11501,7155,9916,11163,10673,9837,10358,5092,13641,11776,13193,10938,11785,14458,4984,12617,9002,14837,13755,8640,8667,10110,10471,12354,7520,9186,10243,10146,9352,12326,10597,8829,12873,8308,12225,4120,10009,9394,11333,14360,12018,13933,9375,8741,11582,11810,10679,14580,12897,6991,15167,12482,13821,12091,14366,21267,11015,10430,7142,9928,14295,10785,3289,8306,10888,8472,11843,9705,14457,11446,10089,12452,21688,15724,12643,18156,8059,14125,9106,14073,12780,14229,6131,15187,6105,9558,9342,16498,11886
"COG1473",9706,11262,7886,10068,7368,7947,8982,7238,8451,9356,6814,8283,9409,8376,9285,8953,8248,8775,3239,7935,9489,7762,8990,7796,6415,3180,8523,9265,8524,8234,7624,4203,7868,5330,8379,7937,3670,7868,9518,8614,8857,8117,9049,7672,4847,8336,3021,9449,11302,7352,10915,9518,7621,8553,7149,9446,8031,8403,10475,5960,2532,8719,8832,11472,8429,8401,10738,9190,9091,3197,8941,8922,7999,1560,9329,8164,9963,8690,6818,9604,6991,8495,8964,11129,9878,9677,5878,8289,11999,9374,8863,9751,10825,9964,6265,2763,7930,9895,4979,9921
"COG1474",936,804,1186,516,1008,101,656,0,2580,643,203,414,2912,1928,1953,2718,1796,616,243,1458,2590,28,1477,865,0,226,1032,2264,89,313,2289,313,631,2524,2690,1972,45,2661,2119,777,1414,1003,2876,670,880,1858,1393,0,1742,537,1462,1261,291,1543,4077,445,5208,990,1776,286,216,303,480,729,1417,2025,662,715,2332,192,2569,570,1721,212,1085,283,1698,857,1262,2044,20,2658,2241,204,546,675,0,2403,1619,2437,2082,1264,551,1,2,212,618,4037,348,875
"COG1475",6291,6784,8809,5994,7175,7103,4987,17439,6686,5535,7445,5811,5509,6280,5647,7130,6354,6534,30835,7451,5331,6780,5294,8360,20579,40140,6705,5096,7311,6246,6979,16063,5438,6398,6539,5591,31159,6746,4732,6746,6708,7667,5295,6606,11203,7574,22017,13168,5120,6303,6813,6644,6810,5995,4744,5044,12207,7038,6529,7289,39731,6555,6740,6623,6280,6561,6061,7276,7162,30758,5511,7988,5090,56440,5918,5747,4750,6374,5096,6433,6362,4546,6177,6749,7883,7794,17016,7379,5604,6360,6606,5646,6977,20387,24927,33365,6746,5927,7687,6957
"COG1476",69,128,156,375,127,46,82,118,147,79,91,57,85,69,126,91,159,48,22,117,101,73,145,194,171,28,75,87,86,33,51,63,71,168,123,115,49,108,141,77,118,72,84,63,163,80,47,124,161,113,277,466,134,156,155,207,404,328,645,275,192,337,401,433,378,556,582,222,335,332,307,423,229,45,360,163,492,127,213,297,285,384,439,1750,408,276,643,175,434,221,586,218,599,126,412,76,213,399,503,207
"COG1477",2647,2690,1830,3252,3183,2596,1427,3851,2289,2743,1668,1941,1998,2150,2677,2423,1539,1862,1582,2419,2186,2453,3127,2050,1947,1277,3144,2715,2798,2513,2560,3451,1821,2952,2047,2226,3428,1645,2646,1686,2012,2248,2356,2004,4279,1986,710,2425,2772,4509,2909,2683,2493,2714,1806,3105,3148,1671,2507,1698,1602,3086,2590,2690,2047,2591,3035,2486,1939,1509,2155,3865,1705,836,1544,1676,2714,2158,3399,2736,2074,2846,2583,4307,2972,3060,2057,2404,3669,2602,2553,3051,2868,2999,2639,1698,1522,2122,5529,2111
"COG1478",856,1011,687,1137,1922,502,671,315,1678,864,817,569,1868,1496,2408,980,1034,736,189,1713,1035,772,2434,701,134,323,522,3037,624,587,2489,844,1086,5469,1241,4094,127,915,3273,812,863,999,4197,541,141,2144,364,3,2022,884,889,815,559,1354,6313,434,267,722,1146,613,321,705,1022,1102,830,1130,663,954,1166,248,4186,1051,979,317,824,674,2281,794,2703,846,573,4569,3562,1310,1218,1056,785,2702,1370,2303,1170,1830,993,47,232,116,745,3239,250,892
"COG1479",685,550,434,612,1277,497,363,2759,472,1567,464,332,460,461,906,981,464,599,2337,569,586,365,1077,439,3668,2152,1419,872,707,429,1217,2671,269,1180,488,1400,2505,755,821,395,815,1074,903,615,3254,473,1089,3333,490,2120,749,900,440,900,1001,1649,4858,317,698,659,4703,479,536,470,442,420,584,576,783,1436,864,2896,558,5356,418,407,475,683,2074,686,231,1027,1318,673,736,875,6131,973,2821,886,416,2255,495,3032,4255,2180,456,777,3915,463
"COG1480",3594,3009,3596,2589,1168,1760,3795,1081,2518,3544,2741,3762,1952,2642,2338,4136,2846,3777,769,3082,4085,3583,1546,2160,333,1552,5274,1662,3037,3091,1720,187,4047,2977,2482,1092,415,2901,1968,3504,3131,3415,1698,2547,331,2707,1193,1346,2143,751,1164,835,878,986,356,1867,1063,1273,1090,933,227,961,1374,1177,1264,655,842,1167,1192,163,595,614,1319,113,1075,1168,597,1474,273,977,677,557,573,1084,1066,1094,275,718,1658,730,636,1200,1116,139,91,331,1136,735,66,1296
"COG1481",3,2,4,1,4,10,28,1,5,0,4,4,25,8,6,3,4,18,6,0,0,2,1,1,181,3,11,13,11,4,2,30,5,5,0,95,2,3,4,2,8,7,36,66,0,3,2,2,3,3,5,1,4,11,1,2,0,1,1,7,0,4,12,3,1,0,0,2,0,59,19,15,0,5,6,0,5,2,1,1,5,0,9,0,0,0,361,5,1,1,0,4,1,0,83,2,5,4,2,1
"COG1482",268,134,201,318,538,218,211,485,356,386,99,185,492,347,346,287,240,226,258,183,227,198,519,215,1087,121,332,419,313,193,444,269,212,508,215,529,87,436,417,242,261,295,615,332,281,205,146,642,515,345,304,255,199,517,524,493,240,233,179,186,269,336,492,260,208,140,416,298,359,670,600,620,282,112,350,144,846,407,227,246,228,502,724,326,629,290,2286,418,542,408,165,441,248,164,672,338,186,422,226,212
"COG1483",105,33,58,6,1241,67,95,244,46,163,23,95,56,57,80,87,55,172,88,28,64,20,159,45,1106,129,233,132,14,76,325,256,42,228,14,280,768,84,118,64,22,184,230,265,646,29,45,155,112,238,41,99,13,63,100,105,89,19,12,22,40,4,16,17,5,4,8,27,14,70,141,106,9,18,34,15,18,30,158,75,13,71,106,2,7,43,254,109,124,35,6,97,8,141,77,15,19,39,392,12
"COG1484",268,399,216,752,6576,209,261,3241,423,4306,155,151,1319,1083,1155,633,304,461,5786,437,605,90,2131,432,4167,5001,5664,2022,437,143,4051,9120,555,1695,246,3408,6392,619,1485,319,1286,1730,2027,881,5894,667,1440,1584,1934,7736,341,2360,74,2416,1801,1889,5093,205,150,445,7207,411,468,132,210,118,557,702,705,3859,2516,12988,589,15705,234,292,1846,755,4610,1193,414,1729,2130,781,79,1700,2190,3900,8745,951,146,6390,70,4774,4600,4726,238,1563,24060,263
"COG1485",3748,4754,4661,4203,2206,5994,3184,2254,3714,679,5123,4161,2863,3388,1915,2102,4605,3731,1870,4303,2903,4099,1442,5665,3055,1639,2210,1188,5109,5141,1861,3105,3528,1550,3353,1339,2585,3239,897,3878,3421,2649,939,4052,3207,3686,1407,1871,1103,2397,3871,2689,5652,2356,1579,2037,1140,3945,3765,4652,1457,5203,4367,4521,3832,5184,4805,3123,2536,1607,975,2418,3261,1117,3674,4363,862,2185,2228,3865,6007,992,1390,3822,4273,3237,3173,1464,522,3106,4833,895,4894,3060,2426,1560,4635,1174,3227,2842
"COG1486",1194,1506,1334,608,447,1458,2132,197,1204,1596,1446,1645,2125,1568,1103,1487,2046,1189,149,1260,1165,1311,815,1401,28,163,725,912,1233,1279,1263,45,953,410,1474,739,50,1479,922,1666,1169,1454,826,1183,39,1569,410,9,946,371,1102,717,1524,1206,628,913,484,1323,1072,1255,139,900,1149,1713,1297,1189,175,1817,1431,87,678,627,909,82,1906,1529,1376,1344,414,1545,1670,643,636,595,1236,1749,52,1383,1274,1412,1264,1274,1326,17,17,92,1499,1013,150,1521
"COG1487",40,32,14,28,322,27,37,486,16,160,9,25,91,31,74,32,44,44,274,2,6,22,92,21,327,66,177,104,61,9,419,439,37,154,10,250,115,26,40,45,49,60,197,60,316,6,26,249,109,361,46,164,16,64,52,138,679,31,12,18,218,19,42,20,11,5,23,31,32,96,135,76,24,169,17,20,345,34,312,41,116,45,129,18,1,21,203,48,221,78,4,162,2,1364,304,277,31,76,178,3
"COG1488",990,1166,996,879,812,1105,981,981,1147,1149,714,925,1861,1280,945,881,1215,985,565,737,833,1514,925,1168,1340,495,725,924,1666,1049,1664,1135,1363,394,918,1134,1378,862,1021,866,808,1016,654,1148,3720,1120,391,1069,1167,832,1191,959,1138,1397,444,824,4085,929,764,642,853,1021,1109,1234,814,832,1010,890,818,759,1214,705,919,653,1350,1161,686,1133,1221,1125,1765,578,1295,745,1606,1100,2267,1608,1245,1449,840,1202,1101,3543,1717,483,1016,1693,311,841
"COG1489",869,822,944,528,651,868,1006,274,703,742,1124,1053,547,857,685,716,844,1054,351,1032,1004,1028,514,916,265,483,971,565,813,962,716,474,974,739,747,564,694,766,634,1030,916,911,523,1002,499,796,226,381,625,666,2564,2175,2913,2284,1582,2725,2187,3047,2429,3600,1050,2781,2432,2255,2856,2390,2018,2554,2287,761,1775,2029,3186,702,2483,3343,1390,3032,1974,2295,3128,1643,1591,1288,2314,2247,373,1811,2838,1812,2271,2330,2264,1932,610,881,3114,1572,2246,3015
"COG1490",1269,1386,924,1623,1211,741,743,647,1293,1317,916,764,1374,1113,1364,1231,1099,934,645,1157,1061,984,1447,1024,429,503,1201,1245,1005,814,1475,942,864,810,1293,1128,924,1142,1241,981,1022,1240,1228,872,715,1385,479,610,1526,1226,1308,1047,753,1410,939,1074,1176,1001,1395,866,634,1148,1213,1408,1056,1400,1374,1289,1287,350,1141,1310,926,432,1000,926,1480,1131,1258,1363,739,1439,1231,2179,1699,1591,272,1218,1887,1379,1424,1414,1445,1190,326,632,838,1303,1221,1116
"COG1491",195,213,304,136,519,35,123,2,696,209,51,129,728,509,805,720,401,160,61,519,663,8,745,257,0,58,228,1027,13,51,637,242,193,1557,646,1226,19,570,1091,169,323,279,1495,120,310,577,297,0,710,213,389,275,46,423,2156,130,1699,206,461,62,60,87,86,174,334,475,88,137,478,47,1359,210,376,82,207,62,764,187,714,533,1,1525,1203,64,113,175,0,746,622,737,458,541,136,3,0,57,148,1294,72,229
"COG1492",2201,1609,1936,1180,1422,1647,3743,2253,1250,1655,839,3044,1470,1894,1695,1269,1521,2892,392,934,2734,1364,1470,944,2516,1083,3566,1865,1250,2402,1913,1537,3000,2539,904,2481,414,1047,1796,2118,1278,1261,2310,2485,1955,1003,347,2432,1498,1013,2150,1284,1951,2073,3176,4581,447,2200,1491,1065,557,1667,1806,2022,1712,592,1644,722,1066,948,2465,1309,2848,551,2076,2738,1965,2009,2211,1765,1568,2266,2251,1124,229,421,1796,1461,1497,1842,646,1562,1333,2880,2444,427,2278,1754,330,1643
"COG1493",237,189,251,448,148,271,168,224,252,153,51,160,348,269,174,182,196,158,148,57,174,163,147,280,485,49,249,165,344,167,237,258,200,49,190,166,45,134,164,239,172,172,199,122,198,55,97,278,213,166,76,61,56,112,17,154,12,53,51,11,25,108,94,106,64,55,133,81,23,45,58,50,71,18,85,42,78,59,49,117,118,45,64,137,15,35,160,102,27,108,47,47,77,199,152,73,48,59,16,64
"COG1494",4038,3319,3899,1708,1549,3785,5043,1333,3392,2806,4733,4500,3109,3645,2710,3706,3800,4596,796,3804,4314,4091,1999,3413,1968,1977,2830,2249,3268,4008,2319,580,4098,2078,3853,2029,521,3906,2360,4309,3851,3700,2373,3719,1082,3688,1042,1648,2100,1169,3807,3087,4073,2924,2581,4116,947,4457,3833,4452,825,3583,3235,3369,4283,3288,1371,3784,3858,991,2287,1969,4157,1816,3284,4169,1948,4055,1202,3721,3601,2052,1796,1077,3657,3565,2964,3054,1912,3124,3370,2036,3331,583,2018,751,4295,2534,307,4613
"COG1495",1137,1323,1072,1700,1121,1739,867,1131,1279,833,1715,1260,1124,1347,1177,1242,1296,1296,783,1620,1037,1247,1373,1118,1170,658,924,949,1529,1596,1163,1318,1217,794,1388,857,1133,1274,931,1174,1208,1424,897,1136,1592,1695,507,1070,973,1133,1154,1152,1635,981,952,729,707,1170,1217,1886,803,1038,1533,1482,1263,1412,1557,1652,1473,613,730,1182,1004,612,1188,1242,984,1244,1205,1173,1393,1295,929,1924,1604,1601,961,987,609,1171,1453,705,1046,1962,1261,672,1431,919,1224,1331
"COG1496",3545,3407,4188,2569,2067,3974,3553,1446,3137,3674,4824,3851,2800,3289,3158,3062,3918,3990,1352,4648,3293,4172,2716,3916,1933,1719,2284,2495,3947,4013,2923,1499,3147,2478,3374,2129,1537,3474,2851,4035,3526,3542,2116,3889,2012,3986,1186,1314,2334,2010,3706,2271,4085,2923,2266,3303,1984,4316,3214,5204,1382,3708,3621,3707,3912,3632,2310,4038,3117,1008,2304,2254,3533,1008,3434,4460,1827,3719,2210,3097,4700,2684,2213,2025,4211,4402,1621,2670,2830,2902,3482,3067,3622,2344,1616,1056,4472,2409,1492,3694
"COG1497",0,0,0,0,1,0,0,0,0,0,0,0,23,1,0,0,0,0,0,0,0,0,0,0,0,1,0,1,0,0,5,0,0,0,0,1,0,0,2,0,1,27,1,0,2,2,0,0,0,0,0,0,0,2,0,0,12,0,0,0,3,0,0,0,0,0,0,1,0,0,6,0,0,0,0,0,2,1,1,0,0,1,1,0,0,8,0,4,18,13,0,9,0,0,0,0,0,7,0,0
"COG1498",431,331,392,358,948,49,300,1,1278,351,88,159,1421,1153,1602,1184,735,263,104,942,1230,12,1429,300,0,175,355,1703,34,114,1409,435,389,3315,1482,2160,38,1171,1986,292,641,394,2647,422,93,1193,143,0,1031,304,653,494,119,729,4585,222,654,403,894,110,165,128,133,289,692,861,379,341,1103,72,2575,382,1181,174,439,207,1154,385,1393,771,17,3048,2261,135,181,268,0,1596,786,1449,942,986,234,11,0,97,205,2562,130,404
"COG1499",376,309,436,130,165,44,280,0,715,193,99,194,854,517,462,1115,625,278,91,310,970,17,222,315,0,88,363,379,35,144,386,8,89,123,899,184,18,802,457,305,550,425,394,284,93,374,405,0,435,133,580,480,149,543,309,220,611,370,595,99,55,105,162,253,507,609,180,260,777,62,295,177,584,40,335,130,431,325,145,795,7,239,306,20,186,255,0,391,253,433,644,164,207,0,0,104,278,761,112,376
"COG1500",236,197,303,124,689,22,175,0,792,252,68,106,933,668,1005,874,513,190,57,530,723,9,943,198,0,80,268,1205,25,98,962,301,200,2032,793,1550,19,700,1374,196,409,312,1909,194,410,719,388,0,749,235,385,330,79,556,2849,144,2114,280,463,78,115,96,95,145,419,520,145,197,682,35,1679,265,526,107,292,99,917,246,876,545,6,1886,1528,64,129,218,0,1036,670,834,590,740,146,8,0,78,181,1531,118,293
"COG1501",552,360,313,660,1963,358,243,597,581,983,244,227,379,554,729,535,502,422,1179,276,426,285,1310,392,783,1178,1176,1079,624,295,829,3018,263,1274,648,934,4031,673,728,365,932,823,650,575,2863,142,496,1440,577,2852,652,2176,306,886,559,1125,1943,241,548,258,1214,457,349,349,599,601,548,422,544,1421,1142,893,936,332,560,384,1357,814,2110,511,334,1047,1968,497,114,362,3764,383,650,450,668,906,453,333,754,1929,172,1111,3735,355
"COG1502",1554,957,1205,1081,4719,374,554,4540,843,1336,134,330,738,1007,1280,913,683,778,3478,436,1221,235,2400,783,6297,2525,3195,1627,645,360,1917,6494,603,3717,827,2797,5087,895,1179,548,1204,1630,1988,979,6483,207,898,1699,1713,5150,1642,1850,208,1608,1656,3595,2850,490,617,401,3158,571,831,1146,671,521,813,668,983,3980,1467,4129,1274,3172,676,465,1441,691,3842,1529,699,1678,2718,1253,414,792,7501,1495,1956,826,544,2017,824,7337,4002,3758,487,1406,7162,374
"COG1503",527,399,526,328,1021,65,307,1,1352,480,110,231,1537,1137,1657,1415,868,309,113,920,1264,27,1368,399,1,190,517,1840,53,164,1436,491,438,3313,1518,2491,55,1282,2254,394,668,519,2838,224,696,1180,591,1,1313,363,738,553,160,833,4130,243,3589,502,827,162,147,179,245,315,691,1028,221,358,1235,88,2717,386,1014,204,482,118,1523,458,1375,1023,27,2889,2346,183,230,404,2,1497,1242,1524,1069,1186,287,10,0,125,332,2492,205,549
"COG1505",3103,3892,1956,3371,2890,2780,1835,2863,2279,1962,2860,2206,1790,1903,2678,2296,1875,2060,1186,2411,2356,2410,3032,2316,5327,1034,3010,2329,3300,2598,2114,2619,1565,2084,2270,2056,2628,1790,2479,1705,2316,2843,2403,2404,2773,2295,692,2946,2510,3640,4026,2511,2495,1915,1698,2662,2924,1982,2799,2361,1542,3110,2926,3514,2338,2858,4419,2416,1801,2643,2295,3912,2106,474,1654,2130,3073,2165,1750,2699,2220,2432,3128,4252,3157,3445,4515,2312,2836,2409,2958,2453,3559,1072,3375,1115,1836,2880,5027,2373
"COG1506",13056,14433,10195,11314,20450,9442,10088,15443,12139,15966,9503,11157,11993,10999,13729,12284,8932,11515,8006,14411,13608,8658,16608,8884,20658,8162,17596,15245,9583,10895,12802,14411,9277,14115,11411,13632,19512,10237,14925,10320,12838,15131,14258,10381,14961,12950,4081,13698,18905,23974,16562,13112,9596,13888,12358,15394,21850,10591,12773,11816,12553,9509,11621,13962,11110,10875,13336,12409,9640,12195,15431,27382,11561,3704,10723,8988,17389,12805,18139,14036,6199,13861,20738,14679,22898,16015,19703,14519,23133,13036,11413,17537,13859,5129,16838,8587,9047,17217,35198,12026
"COG1507",258,286,344,207,144,81,139,222,259,116,353,167,130,142,185,236,307,291,177,280,70,212,145,292,85,188,54,150,134,132,68,69,160,182,243,178,149,407,84,330,267,255,212,140,22,330,160,70,206,86,248,290,144,74,287,54,14,284,246,230,117,117,515,323,259,182,68,326,433,114,185,255,120,98,346,171,125,237,108,112,145,162,146,214,730,232,416,82,92,215,189,77,281,133,134,106,323,68,25,265
"COG1508",3782,4170,3022,5221,4165,3288,2662,4126,3981,4673,2376,3076,3192,3257,3844,4189,3101,2853,1931,3772,3464,4005,3670,3303,4417,1360,4020,4011,4913,3612,3928,3133,3056,4330,3569,3856,2969,3253,3860,2954,3522,3261,3653,3227,4165,3155,1065,3751,4233,4179,4242,3497,3129,3659,2373,4274,3364,2969,4252,2524,1800,4367,3673,4118,3421,4578,6126,3748,3318,1977,3614,4070,2889,1351,2867,3107,4770,3301,4181,4776,4161,3393,3928,7364,4276,4200,3882,3366,5187,3805,4356,5022,4152,3644,3568,1927,2497,3640,4133,3366
"COG1509",564,208,230,755,3054,278,274,1674,1304,1957,157,260,1372,1346,1963,651,178,281,2292,932,895,312,2739,285,1961,2514,1693,2820,426,226,3723,2306,907,5938,915,3765,2940,385,2861,427,559,1045,3970,280,2176,1279,363,1308,2129,2465,465,871,177,1293,5510,1131,1194,216,563,200,2364,537,496,304,452,555,491,694,557,717,3298,1818,874,2211,315,245,2544,459,3444,719,586,4107,3546,698,181,545,749,2899,2387,2586,585,2308,256,3488,1139,1472,152,2496,2669,367
"COG1510",110,87,70,118,561,106,53,107,109,217,24,43,88,72,138,49,45,33,196,73,61,34,270,70,115,232,337,193,113,60,219,609,54,328,52,134,788,46,140,33,149,232,114,38,610,15,51,198,125,758,115,356,81,187,131,247,770,21,48,30,246,138,79,78,55,58,36,124,51,323,118,688,84,43,63,30,275,61,555,173,132,206,303,91,21,101,171,194,407,144,63,315,72,139,61,151,26,93,1427,75
"COG1511",4,30,20,3,18,83,3,15,21,1,16,23,2,18,23,35,3,40,155,14,10,1,12,25,359,453,56,32,14,34,28,254,4,16,6,188,526,14,7,3,48,42,102,157,21,9,23,10,9,19,73,55,68,81,39,42,18,6,6,56,646,3,14,17,6,10,8,6,24,868,183,147,24,631,13,35,32,42,14,3,26,0,179,5,0,6,2183,51,4,11,25,60,27,6,543,67,26,98,32,2
"COG1512",611,142,448,470,639,97,104,518,147,295,19,62,129,156,222,130,354,100,248,70,258,114,302,299,1139,570,211,288,212,33,176,400,87,2064,309,280,70,89,210,100,214,160,293,158,751,20,97,432,366,316,220,251,123,242,214,1157,398,123,309,72,203,131,394,224,178,219,733,65,107,433,312,305,399,154,395,175,332,166,196,221,294,265,436,344,44,35,1192,158,258,221,216,245,153,936,652,1264,33,229,115,67
"COG1513",302,112,347,117,415,257,217,261,78,229,27,193,71,259,93,144,216,121,205,57,367,93,171,314,229,416,431,143,188,270,250,717,379,155,132,112,645,25,30,99,224,140,57,199,1099,9,88,602,68,643,36,373,283,297,98,452,244,129,161,94,209,127,251,187,165,31,35,110,58,265,66,433,569,103,326,141,23,462,649,167,302,120,134,78,3,68,126,124,238,90,87,244,91,430,161,159,72,57,1122,171
"COG1514",223,124,152,107,1546,86,147,880,561,1401,112,83,672,572,1039,431,227,142,401,781,495,126,1376,183,974,347,846,1651,95,123,1318,964,305,2299,461,1830,1067,373,1549,165,332,572,1752,170,1094,769,68,833,1554,1578,230,524,86,770,2090,392,1793,151,238,171,495,105,155,100,211,315,28,387,342,557,1867,1537,417,333,130,83,1354,244,1506,295,91,1807,1641,128,188,544,683,1518,2293,918,330,1886,108,308,863,481,119,1531,1670,199
"COG1515",61,22,23,7,127,17,51,160,53,146,40,50,77,49,98,115,58,76,74,39,73,27,116,15,169,51,111,105,0,30,100,254,14,104,77,103,92,120,100,42,54,132,147,32,187,112,23,80,138,108,76,11,22,115,101,112,627,32,22,116,54,17,61,36,44,15,24,62,68,29,172,106,44,22,11,20,112,68,111,42,5,75,160,3,71,94,85,40,387,68,14,266,31,655,156,51,21,116,37,28
"COG1516",152,87,117,162,885,123,259,547,150,237,55,150,279,187,244,214,276,136,671,68,115,221,500,175,234,319,542,490,184,120,409,897,277,914,73,584,733,97,389,221,141,297,444,240,1368,53,74,448,446,768,106,328,137,360,294,302,312,140,66,74,481,144,208,76,67,47,262,149,146,343,447,628,110,566,174,166,608,200,1006,189,400,310,446,175,33,162,184,261,169,203,54,292,59,489,138,647,157,268,1070,155
"COG1518",54,72,8,12,484,32,11,295,45,192,2,21,24,27,90,54,6,61,218,63,20,14,166,8,166,215,464,118,64,26,295,680,12,272,7,251,197,23,68,49,174,143,80,72,348,4,18,457,48,217,53,11,31,108,110,368,308,2,12,18,548,37,64,18,11,1,144,56,49,343,128,816,45,246,6,23,47,83,845,88,59,99,574,16,1,101,185,210,220,73,11,306,10,336,174,436,12,112,1193,13
"COG1519",6558,7987,7000,8079,4789,9437,4956,3338,6794,6887,9108,6681,5204,6599,6771,6382,6840,6386,2519,8708,5685,7729,5959,8319,2300,2538,4250,5664,8765,8267,6536,3305,5688,4438,7143,4444,3414,6012,6232,6752,6429,6203,4929,6675,3661,7552,2286,2748,5600,4484,7537,4246,8794,5300,4670,4410,4099,6949,7236,9186,2458,8039,6798,7631,7097,9096,8923,7739,6210,1602,4968,4838,5772,1676,5287,7211,5187,6767,4590,7256,8939,6000,5162,9141,8730,8229,1171,5793,6198,6430,8372,5915,8293,5097,2390,2336,7046,5378,4099,7320
"COG1520",6361,5945,6297,6509,5793,7206,4480,10176,7738,10331,7203,4947,8374,8346,6641,5850,6156,5211,2334,7286,6231,5935,6450,7528,3538,2251,6394,6781,6133,6257,7660,2644,5561,4142,7485,6752,2939,6369,7315,6018,6502,7376,6277,5494,3734,6952,1879,3346,8767,5991,6188,4495,6734,7867,3769,5227,4836,5619,6156,7472,2395,6465,5650,5948,6965,8220,5334,8490,5657,1666,6449,5594,6764,3503,4935,5807,9129,6516,6326,6381,7539,6169,5882,5941,5871,7154,2576,10920,7406,8293,8042,10679,6136,3998,2806,2336,5617,7732,3792,6991
"COG1521",1252,1370,1463,1114,923,1436,1213,645,1180,1184,1539,1416,1076,1306,1110,1170,1321,1440,573,1455,1125,1408,1000,1320,593,654,1062,900,1436,1431,1101,597,1339,777,1176,861,762,1168,1010,1430,1350,1245,803,1248,660,1410,414,619,886,874,3874,2792,4446,3536,2432,3596,1907,4368,3821,4972,1594,4071,4119,4065,4122,3990,3888,4106,3652,1295,2730,2764,3929,1208,3799,4524,2757,4536,2495,3616,4594,2771,2611,3703,4655,3693,1529,3147,2656,3315,3799,3186,3965,2396,1512,1362,4518,2672,2252,4243
"COG1522",2520,3090,2825,8480,8503,1579,1786,5786,5843,4644,1383,1687,5597,4982,8078,4126,3187,1844,2844,5286,4605,1804,8708,2990,4621,2129,3795,9297,2651,1743,7952,7957,2887,14660,5032,11543,4726,3565,9959,2160,2926,3205,13347,2201,5594,6266,1766,7917,7133,6709,2973,4184,1571,4342,18491,3159,7400,2251,4817,1590,3204,3043,2379,2727,2982,5113,11059,2283,3835,2962,11633,5977,3768,2773,2762,1962,8740,1988,8815,4626,2830,13643,11955,8728,2872,2929,5281,7431,6619,6615,5210,7097,2971,8829,4943,2578,2040,9003,7672,2152
"COG1523",3221,2128,3171,737,4948,1928,5482,1947,982,2046,1385,4513,1121,1959,1780,1636,2341,4197,1564,1234,4135,2483,2393,1512,1387,2951,7111,1995,1785,3225,1801,5263,3906,2988,1230,2096,5720,2071,1495,3546,3358,2770,1994,3786,4809,538,569,138,1278,6597,3079,4767,2261,3410,1688,7482,4326,3395,1848,2218,2438,2180,2905,2654,2526,671,718,1480,1745,3300,2071,6383,4973,414,3815,3752,2629,3406,5944,2764,2129,1539,2617,448,381,1191,4183,1289,3470,792,869,3393,1906,767,1777,2611,3350,570,11199,2401
"COG1524",3545,3297,2566,3527,3491,2127,2196,1733,3547,4692,2040,2048,3506,2757,3845,4153,3407,2920,1341,2941,2782,2253,4035,2861,1805,1394,2635,4370,2662,2205,3584,1752,2176,2570,3349,3747,1844,3381,4598,2674,2777,3629,4528,1862,1753,3303,927,935,5362,3486,3912,2885,2189,3156,3079,2895,5966,2673,2604,2161,1493,2137,3238,3069,2801,3167,3437,3612,4002,1720,4618,4444,2408,1025,3149,1810,5589,3208,2285,3130,1711,3674,4407,4284,4873,4171,2790,4391,8937,3772,3139,5727,3156,1244,1186,1268,2683,4722,3366,2914
"COG1525",674,703,1035,653,512,840,703,2242,632,931,881,670,694,682,725,925,746,753,2700,812,647,836,593,1021,2242,3757,555,594,849,800,809,1480,913,389,755,637,2328,1143,570,719,863,744,587,678,1258,808,4297,1274,595,387,1849,2849,2475,1884,1472,1431,7584,2211,2219,2527,12584,2270,2560,1849,2545,2240,1462,2468,2602,5649,1840,1909,2377,19774,3386,2341,1707,1924,1115,1738,2768,1781,1417,1381,1781,2134,5118,2623,2188,2427,2158,2156,2397,1788,5905,5279,2399,2076,965,2259
"COG1526",1188,2214,3169,3185,2014,1090,1900,760,2817,3565,2344,1382,2467,2699,3418,2839,3203,1235,745,2712,2345,1552,3690,3595,875,550,1303,3228,1678,1017,1925,1546,1916,1124,3071,2299,1217,3087,3900,2301,2191,1801,3205,1400,1198,2289,802,1476,2939,2352,1361,2470,1120,1958,2530,909,1253,2072,2640,1224,737,2638,2405,2545,2509,3507,4061,2462,3172,585,2750,2224,2067,676,2585,2219,2825,1188,1465,2198,1933,3657,2657,2404,784,1354,694,2429,2281,1602,3242,2750,3019,1627,641,493,2063,2878,1763,1790
"COG1527",383,303,455,253,1092,56,306,0,1371,359,93,174,1490,1079,1500,1269,752,275,84,1002,1247,22,1420,295,0,211,433,2000,22,106,1654,475,503,3455,1410,2450,44,1028,2095,316,599,473,2952,244,88,1300,155,0,1295,371,666,543,107,890,4723,205,357,406,919,110,158,143,176,265,580,959,225,325,1101,61,2636,414,859,191,319,141,1697,377,1432,861,5,2815,2466,175,195,346,0,1762,777,1455,1011,991,209,9,0,105,280,2614,139,410
"COG1528",1192,584,874,428,76,379,1201,27,489,212,317,1007,488,775,286,566,536,886,181,476,1311,506,99,319,32,787,1497,96,252,663,566,78,1091,60,531,94,39,227,68,654,565,462,73,765,46,424,94,122,152,89,861,470,457,780,53,2308,138,764,712,361,108,747,557,817,763,288,327,331,517,260,110,311,1744,153,748,1011,315,720,39,736,167,85,107,464,27,132,62,655,61,620,327,51,573,34,77,134,768,506,112,674
"COG1529",9477,6481,11189,9753,23808,4894,14711,9970,16511,31658,6097,8429,36932,19483,19201,15778,17078,6738,4302,8115,12664,8260,21808,13739,12186,3994,12020,31949,8180,5733,21970,12578,19714,11683,13762,33921,10303,13952,26913,10814,10217,16496,26282,10650,8973,12673,3392,13899,36386,26147,6910,14339,5852,24478,17351,8102,15734,10411,9181,4324,5377,8311,10489,6594,9702,9233,7198,13236,14558,6039,35119,22424,10098,4102,13442,9504,31277,12734,21453,11580,12136,19771,25588,8770,8357,14020,13315,28848,36255,22499,9791,31056,6121,23856,8295,3303,10069,31661,13162,11083
"COG1530",12448,12441,11871,12064,9294,14208,11030,7750,10904,11041,13215,12229,8527,11128,11060,10844,11745,11693,5532,12967,10800,14514,10260,12168,8105,5745,11059,9469,14050,13845,10194,7821,11996,8143,11054,8887,7328,10948,10088,12078,11631,12026,9083,11668,8373,11434,4106,6599,9707,9741,12180,10438,14116,9624,8227,12387,6799,12237,11491,13739,5289,12628,13072,12733,11802,12199,12176,11931,11038,4535,8936,10298,11169,3580,10750,12249,10091,12240,10959,11039,13587,9974,9250,12954,13570,12672,8850,9433,10829,10622,12163,10356,12629,7627,6889,4421,11782,8661,10045,12706
"COG1533",787,819,774,620,1574,731,886,3422,1053,3028,492,733,1249,966,1662,1140,1132,839,3127,716,835,655,1892,919,4254,1577,1048,2058,804,746,1627,1239,934,2065,720,2076,733,1024,2331,868,614,890,1898,991,808,682,2220,2692,2462,1415,890,561,745,1366,979,1222,1957,829,629,552,652,655,862,859,637,554,254,982,834,1180,2139,1499,584,654,942,911,1801,975,1186,1025,784,1586,2125,601,612,946,3770,1287,3533,1160,544,3174,737,3403,2947,2498,812,1771,224,867
"COG1534",103,73,64,376,488,71,70,225,203,277,42,52,150,143,342,192,82,59,343,95,85,124,568,109,204,206,364,292,182,60,314,617,202,254,103,248,584,72,429,92,165,224,278,107,487,86,61,59,320,639,84,293,77,246,264,150,237,63,146,37,304,199,100,52,102,201,386,95,125,190,187,411,108,234,74,122,396,124,654,180,274,461,323,392,46,210,64,173,204,161,184,250,77,414,142,238,55,243,842,70
"COG1535",3,5,0,0,48,7,0,1,3,187,0,5,1,2,21,1,0,2,1,0,1,0,10,1,10,2,8,68,4,1,31,100,2,16,0,61,19,0,23,0,2,3,22,1,5,1,0,4,63,52,2,4,5,3,13,18,14,0,0,1,9,2,1,1,0,3,1,3,1,8,61,27,1,12,0,0,28,2,23,0,17,18,34,0,3,0,6,23,137,3,0,117,1,21,1,6,0,15,26,0
"COG1536",1246,1044,1175,1479,2817,1081,1627,3561,1497,2580,643,1303,2299,1394,2093,1882,1706,1325,1228,1087,1233,1410,2538,1386,3245,804,2342,2732,1693,1150,2400,2384,1524,3451,1049,3019,1791,1400,2893,1278,1025,1766,2860,1618,3074,1171,349,3125,2910,2530,1310,1628,1158,2139,1570,1520,2345,1228,774,742,1123,1277,1361,1082,842,820,1208,1631,1471,1165,2891,2593,870,1045,1344,1196,3526,1412,3911,1476,2242,2101,2458,1496,1046,1917,2726,1760,3684,1839,849,3107,1173,3788,3446,1571,1127,2266,2871,1252
"COG1537",354,304,453,207,1122,44,260,2,1264,397,76,212,1290,1072,1706,1231,811,257,80,862,1112,14,1627,323,0,129,361,2261,32,126,1194,475,345,3530,1288,2596,34,1120,2374,315,542,431,3089,201,172,1064,543,0,1249,379,625,498,107,813,5009,165,943,412,768,127,117,141,182,250,588,793,182,310,983,65,3000,404,768,117,425,112,1474,389,1421,836,11,3326,2678,105,194,317,0,1246,970,1129,812,1165,199,5,0,95,263,2475,165,429
"COG1538",11962,12122,10924,10202,16568,12603,10640,25564,10097,9979,11837,11800,8389,10793,9658,10547,10058,11886,12707,12327,11605,12593,11064,10371,25814,8802,16735,8996,13408,12210,11281,22732,11538,14630,10268,9756,18322,10306,7997,11558,11731,11870,7840,12221,25318,10049,5123,18033,8260,18106,12613,11782,11930,11345,8305,14675,12048,11360,11263,13508,11727,11592,11188,11741,11223,11173,9201,11846,10409,14509,8252,13656,11571,9596,9617,11954,7377,12285,13501,13348,12516,8665,11877,11010,12716,12220,21811,10133,9766,9904,11125,9440,11639,26329,20941,11319,11561,9466,21543,11662
"COG1539",2256,2585,2428,2000,1728,2884,2050,895,2156,1642,3083,2380,1962,2096,2030,1862,2443,2458,1162,2873,2105,2542,1799,2662,624,1202,2020,1869,2623,2647,1786,1236,2339,1204,2242,1699,1465,2100,1846,2319,2407,2293,1547,2445,1472,2433,815,1039,1835,1829,2499,1752,2678,1960,1495,1894,1509,2623,2379,3260,1005,2408,2598,2383,2349,2684,2443,2353,2136,783,1796,1585,2256,698,1961,2542,1901,2358,1700,2353,2606,1671,1765,2247,3152,2375,737,1614,1675,1869,2608,1631,2535,727,702,926,2612,1686,1530,2289
"COG1540",2314,2683,2419,1937,1995,3101,1829,1505,2563,2132,3661,1942,1850,2663,2431,2611,2348,2244,1296,4152,2201,2889,2576,2767,983,1177,1281,2643,2457,2497,2494,1432,2177,1566,3028,2134,1463,2489,2585,2211,2718,3142,2248,2364,1118,3450,878,1731,2300,2116,2248,2354,3019,1913,2519,999,1050,2330,3057,3368,1287,2538,1992,2262,2774,3039,2573,3347,3080,727,2680,1888,2388,1102,1971,2530,1938,2703,1969,2215,2828,2320,2559,1629,3446,3123,1390,3170,1590,2412,3134,1863,2596,1708,1145,1007,2401,3068,1675,3177
"COG1541",1134,1141,1158,1596,2554,986,1566,2825,1421,4323,584,1131,2082,1410,2532,1269,1668,1222,10543,351,1044,926,2485,1505,1540,1875,1403,3478,1348,1119,1576,1635,1333,1284,1043,3710,2337,1064,3113,1230,900,1160,3399,1428,711,483,3205,3978,4138,2669,1416,1048,938,1612,1649,1708,2637,1210,783,625,3653,1069,1376,1582,870,882,2060,1024,950,3083,3654,2400,896,1431,1624,1222,3997,1472,2552,1543,1352,2600,3171,1688,696,875,1069,2309,5251,1727,852,4389,1406,5077,1488,2612,1224,2162,381,1034
"COG1543",1796,1120,1567,138,24,1000,3452,1,314,207,742,2361,366,1055,318,907,929,2436,89,508,2330,1063,19,455,1,697,3570,18,747,1980,106,16,2448,7,388,13,26,489,2,1689,1025,955,16,1868,7,144,122,5,24,35,1863,717,1290,1250,76,4511,9,1834,945,876,19,1112,1316,1600,1340,144,1,602,848,344,34,565,2588,3,1547,2427,5,1967,7,1243,845,13,11,83,8,193,0,2,16,260,161,3,1067,1,5,127,1877,5,19,1502
"COG1544",1074,915,1145,970,870,783,1617,1377,402,837,490,1437,356,744,668,488,821,1329,362,375,1149,674,538,686,1501,639,1568,360,1003,1150,488,940,1146,902,367,536,680,598,376,1171,795,672,453,1312,1319,142,187,1426,410,786,1109,933,870,1002,300,2318,580,1227,684,509,418,899,1009,1000,789,352,1104,500,447,842,335,882,1378,265,1360,1503,515,964,687,977,1006,523,557,905,157,223,1953,259,1065,432,343,865,882,1579,1748,402,1239,180,928,726
"COG1545",792,553,741,612,1485,665,704,1397,1292,1113,507,531,2745,1485,952,1077,1065,515,218,820,1077,542,1168,853,622,153,674,1777,391,528,1593,475,1256,545,999,2186,88,1152,1480,656,866,1158,1717,536,209,1330,324,660,2414,1329,582,644,606,2423,1214,705,381,584,645,445,232,499,790,456,741,870,504,1248,1129,265,1769,1653,876,174,757,452,1878,957,1167,902,458,1291,1268,519,1601,1401,569,1899,1940,1545,860,1423,553,487,701,550,564,1490,178,793
"COG1546",4908,4162,4518,3496,2918,4001,5198,2043,4186,4237,4215,4756,4742,4514,3959,4513,4138,5092,1572,4583,4872,4400,3510,3784,1882,2079,4502,3779,3894,4276,4135,1548,4770,2824,4114,3735,1515,4254,3834,4939,4360,4214,3498,4102,1921,4482,1409,1529,4420,2903,4819,3372,4071,4924,2993,5885,2307,4831,4399,4472,1368,4159,4577,4500,4587,3858,3557,4476,4381,1384,3973,3618,4786,1038,4638,4520,4045,4934,2632,4070,3740,3424,3420,4313,5429,4522,2026,4072,4397,4203,3931,3893,4300,1844,1858,1455,4771,3880,1651,4622
"COG1547",529,312,536,77,178,265,877,0,285,262,236,629,254,422,247,468,345,612,31,372,809,335,206,129,0,206,1066,269,223,482,250,5,690,211,236,183,14,410,276,550,396,415,301,488,14,298,40,4,373,101,537,239,278,555,148,951,119,500,317,408,18,272,394,366,446,192,3,364,343,92,272,290,759,20,432,589,315,685,140,422,231,194,207,56,198,356,1,245,163,253,186,203,308,0,0,115,518,308,26,575
"COG1548",152,157,240,134,64,159,185,400,152,146,232,172,100,167,125,145,202,144,46,209,69,163,100,303,82,53,72,104,303,240,168,5,108,52,172,82,24,208,131,164,183,121,128,213,4,163,63,1,85,56,114,139,222,191,84,125,51,151,97,252,49,158,122,136,199,187,38,153,139,7,87,58,120,48,145,212,93,118,61,182,207,98,81,85,167,108,19,207,185,161,140,161,128,211,155,29,217,170,12,154
"COG1549",558,466,591,114,208,86,369,0,1090,201,134,280,1362,776,710,1765,963,410,155,546,1362,31,392,458,0,79,595,517,36,205,582,20,143,190,1308,280,26,1393,726,514,780,693,570,219,44,558,255,0,611,149,872,643,196,874,449,297,167,578,894,192,80,177,224,406,670,946,263,404,1411,91,465,280,643,50,469,136,554,530,174,1218,5,413,433,32,312,418,0,593,189,640,882,204,280,0,0,146,392,1326,190,671
"COG1550",2,0,0,0,57,0,0,0,10,289,0,0,73,9,47,2,0,6,0,0,2,0,40,9,3,1,17,70,0,2,95,1,0,16,1,120,0,0,79,0,2,20,51,0,9,11,1,0,116,80,6,0,1,39,22,3,233,0,1,0,6,0,2,0,2,1,0,8,2,0,115,43,2,5,0,0,85,12,60,1,0,36,43,0,0,24,11,130,645,17,2,372,0,0,2,1,0,91,7,0
"COG1551",148,142,130,140,526,212,175,812,135,351,125,141,196,180,266,176,157,111,252,107,127,178,427,207,312,258,364,380,157,155,353,576,207,630,124,419,539,117,358,137,212,236,336,153,609,126,78,324,325,580,120,386,125,278,250,182,439,104,98,148,566,147,234,111,129,143,153,139,143,182,314,883,114,369,108,103,475,151,585,151,186,326,348,154,111,187,115,352,321,222,120,403,120,520,157,324,142,232,1111,110
"COG1552",32,17,12,234,17,5,16,0,101,6,83,16,49,123,42,90,37,20,8,97,72,10,33,8,0,9,32,15,11,32,98,11,53,34,100,33,10,64,39,25,62,37,39,58,4,131,6,0,23,10,28,21,30,90,51,16,4,19,46,54,17,17,5,10,48,41,55,27,85,3,35,8,108,26,33,65,20,57,16,23,19,49,20,138,11,39,0,95,11,133,49,16,21,0,0,13,13,100,8,24
"COG1553",90,141,132,119,443,86,102,271,159,379,91,80,129,121,272,125,91,78,299,131,65,128,339,159,224,192,239,249,105,96,192,563,216,217,102,257,610,76,292,90,171,156,258,135,832,74,55,67,237,657,107,344,64,169,157,156,270,66,95,103,286,170,78,94,128,96,152,109,124,203,137,380,101,214,74,93,123,68,668,191,132,254,216,79,93,111,77,143,327,98,111,429,101,440,102,264,92,84,802,87
"COG1554",119,405,269,1028,282,148,164,128,316,48,142,209,74,139,260,180,253,352,560,146,95,453,209,272,408,119,193,129,640,210,133,646,108,384,199,324,95,151,123,281,426,188,226,419,53,179,398,279,80,225,424,419,131,190,128,429,317,309,578,146,409,568,567,491,337,245,825,163,192,691,536,212,66,146,166,330,323,399,114,211,194,164,597,1601,293,154,568,128,206,109,236,152,690,210,534,688,173,363,70,184
"COG1555",364,160,245,519,455,109,125,506,97,694,58,65,188,138,280,59,170,78,322,35,147,185,320,279,407,376,322,266,425,54,203,575,127,278,115,330,534,41,218,77,172,246,333,158,480,15,193,299,273,555,169,372,97,223,133,648,932,83,158,59,263,265,262,204,112,53,622,104,57,382,206,188,220,251,256,230,498,130,574,159,410,230,384,775,26,99,605,152,1177,133,63,819,191,726,343,223,54,183,366,52
"COG1556",38,41,20,184,366,6,78,377,127,904,9,18,345,169,718,113,118,23,73,10,46,21,912,48,296,39,94,700,7,4,198,152,98,209,64,913,102,44,1104,46,25,78,708,38,106,75,21,434,775,554,32,17,4,223,304,149,122,37,34,24,38,19,63,19,27,59,83,58,102,65,752,378,51,29,33,37,819,68,358,47,29,878,489,240,6,35,161,352,566,148,42,789,22,142,168,20,29,432,80,45
"COG1558",320,290,304,447,816,306,440,939,278,248,124,323,392,308,363,250,398,322,450,94,253,336,541,360,761,263,573,554,523,335,477,868,367,887,192,667,631,226,447,307,271,362,508,403,1257,79,91,892,443,881,326,621,338,429,331,485,395,287,178,134,404,375,353,334,192,101,317,269,222,497,522,601,195,384,363,395,666,234,947,443,620,360,554,332,116,191,554,286,229,373,131,323,325,1084,752,622,323,283,942,250
"COG1559",3064,3727,2658,4244,2843,3103,2028,2413,2996,3386,2574,2539,2575,2412,3372,3189,3088,2693,1474,3137,2487,3156,3324,2908,2738,1088,2497,3287,3933,2994,2688,2079,2280,3178,2732,2799,1700,3013,3238,2555,2634,2548,3228,2338,3032,2910,1291,2150,3365,2874,3593,2347,2783,2566,2680,2687,2469,2636,3163,2398,1383,3001,3731,3601,2559,3509,4283,3021,2807,1692,2887,2961,2056,926,2490,2375,3406,2632,2884,3031,2708,3243,3010,5786,4690,3912,3036,2348,4146,3051,3321,3602,3514,3784,2495,1540,2804,2577,2007,2733
"COG1560",6007,6798,5861,7147,4400,7124,4454,2963,6077,5795,7878,5826,4704,5646,6579,5672,6237,5479,2717,7645,4906,6760,6192,7107,2299,2112,3767,5580,7188,6737,4760,3086,4993,3702,6093,4856,2948,5456,6073,5844,5502,5731,5296,5739,3829,6678,2067,2401,5492,4449,6465,3812,7021,4559,4749,3938,3361,6170,6273,6961,2379,6723,6774,6925,6016,7750,7241,6453,5612,1561,4879,4277,4926,1913,4783,5983,5968,5683,4745,5659,7364,5895,4821,7791,8037,7216,1218,4587,5105,5380,7253,5028,7132,5205,2457,2275,6151,4997,2678,6424
"COG1561",1799,2383,1233,3246,2359,1686,1088,2152,1677,2366,1311,1388,1488,1538,2096,1841,1350,1244,1149,1871,1643,1864,1918,1480,1570,760,2031,2135,2260,1615,1999,2161,1463,2493,1560,1950,1848,1223,2017,1211,1690,1712,1931,1448,2326,1510,503,1919,2372,2388,2437,1681,1605,1847,1207,2116,2078,1249,2138,1156,1126,2230,1970,2228,1621,2189,3486,1611,1376,869,1889,2072,1382,708,1105,1359,2501,1641,2216,2414,1627,1700,2026,4977,2180,2308,1127,1593,3055,1832,2029,2667,2398,2924,1779,1079,1094,1572,2542,1490
"COG1562",5875,6095,6865,5210,1457,5656,6127,2827,6330,1204,5777,6335,6462,6210,3440,6219,6937,6237,3130,6030,7169,5273,1229,6611,2390,3599,4801,2013,5678,6145,4251,933,5613,1746,6998,1838,1614,6472,1723,6177,6095,5047,1727,6275,758,5366,3131,1464,2468,1299,6867,4580,6130,5777,1778,5577,545,6676,6311,5071,2623,5683,5366,6173,6639,6646,6238,5097,6021,1836,1966,1957,6386,2418,6291,6210,2367,6232,952,7417,5949,1260,1603,4740,5582,4547,2712,3759,1105,5401,6494,1062,6007,1610,1774,2622,6460,4476,598,6253
"COG1563",3,22,28,16,1,1,11,0,6,0,5,15,0,3,8,0,11,0,0,0,28,115,0,11,0,3,0,1,73,16,0,0,35,0,12,0,0,3,0,11,7,0,1,16,1,2,6,0,1,0,1,22,4,2,0,4,0,20,28,8,0,41,25,63,13,5,1,3,0,0,2,0,71,0,12,20,0,2,1,13,103,0,0,6,0,0,0,0,0,0,12,0,34,0,0,0,6,0,0,0
"COG1564",882,851,824,409,564,325,621,5,1029,1058,789,549,1007,773,996,1579,1142,753,324,1040,734,676,755,637,188,285,661,1102,343,410,808,52,496,495,970,819,143,1207,1160,895,819,985,1182,443,233,1096,402,16,1210,368,951,522,513,900,820,409,819,841,783,787,210,520,924,770,800,895,196,1073,1482,148,1061,808,582,204,802,510,1240,1026,516,901,291,784,767,543,1617,1351,320,807,1492,910,859,1241,743,67,155,189,805,970,97,948
"COG1565",5258,5087,6850,3699,1881,5632,6177,1475,4945,4393,7184,6003,4752,5466,4074,4546,6469,6460,1291,6358,4945,5501,3178,6223,1918,2234,4096,3088,5101,6018,3927,502,5590,1395,5342,2549,838,5353,3483,6726,5063,4872,2706,5692,999,6121,1868,1547,3139,1552,5135,2668,6057,5074,3097,5024,1295,7034,5018,7238,1265,5083,6074,5611,5822,5918,3254,6045,4998,997,2829,2587,5549,1053,5773,6876,2598,6055,1553,4518,6095,3511,2288,2866,5912,5282,1626,3938,2816,4334,5346,3062,5299,1774,1747,758,7194,3355,364,5935
"COG1566",440,341,360,475,1935,467,546,2280,385,481,185,365,1293,710,506,325,405,383,2048,133,516,415,1245,268,3653,1097,1653,834,521,454,1610,3181,781,1076,309,1527,2334,262,422,462,489,1145,762,626,2736,153,397,2418,907,2429,278,763,374,1245,462,878,853,318,273,281,1912,388,519,288,221,253,246,401,301,2057,753,867,480,2040,337,523,383,449,933,784,713,584,1654,439,124,413,3488,801,370,900,256,655,199,3771,1783,1925,579,555,1771,258
"COG1568",3,1,1,0,11,1,2,0,9,6,0,5,60,19,5,0,3,33,0,2,4,2,2,0,13,3,19,21,1,4,53,0,3,3,3,19,1,4,10,4,3,41,13,0,1,14,4,0,39,13,63,1,10,195,8,21,28,8,2,5,12,0,12,0,5,3,0,26,0,24,67,37,8,12,21,1,30,55,15,3,1,17,42,0,0,130,52,138,39,98,10,36,1,1,2,3,2,134,26,0
"COG1569",1,4,11,1,11,8,24,1,0,10,1,9,5,1,6,5,36,2,98,1,0,4,8,22,9,14,82,14,14,2,6,128,3,9,4,15,61,9,6,12,4,3,47,8,320,1,7,0,12,20,2,8,3,3,37,6,251,9,0,3,36,5,20,4,1,2,0,1,2,73,16,27,0,116,14,2,39,2,11,1,9,10,5,3,2,11,21,10,60,2,1,17,4,2,2,60,7,4,18,0
"COG1570",4572,4434,3999,4357,4100,5241,3319,3294,4005,5117,3520,3597,4578,4278,4555,3916,4337,3368,1513,3499,3982,3808,4729,4703,3882,1924,5546,4588,4710,4298,4982,2696,4644,4326,3668,4271,2194,3300,4571,3132,3455,4034,4495,3461,3721,3928,1111,2920,5186,4110,4125,3453,4883,4340,3454,3896,2966,3199,3861,3504,1521,4421,4188,4742,3524,4481,4176,4211,3888,2080,4217,4382,3978,930,3765,3402,5214,4174,4116,4836,4912,4393,3945,4487,3558,4748,4452,3975,5364,4595,4174,4908,4327,4626,3455,1520,3527,3927,3464,4626
"COG1571",398,332,390,191,964,59,282,0,1264,339,105,197,1566,977,1725,1283,728,251,121,930,1129,20,1614,280,0,128,450,1983,22,142,1571,453,383,3114,1312,2444,41,942,2230,335,552,459,2778,147,53,1137,206,0,1271,376,657,418,114,868,4968,214,179,383,823,129,138,145,149,249,514,826,144,313,1009,67,2709,354,731,163,325,82,1345,411,1361,929,12,3265,2533,155,201,366,0,1661,566,1670,906,966,168,13,0,92,233,2642,155,480
"COG1572",330,69,145,34,129,102,242,0,446,284,39,15,989,479,272,527,674,284,118,190,613,6,109,64,14,69,496,299,0,102,342,31,117,60,469,228,32,748,233,440,408,368,256,24,99,300,146,0,392,130,534,360,55,678,143,345,260,724,113,51,64,310,66,192,341,197,397,158,1255,27,281,169,256,62,231,23,300,389,141,630,10,100,188,26,185,214,20,433,299,304,167,344,14,0,4,156,320,1265,104,400
"COG1573",5016,5513,6227,3857,4268,6250,5319,4127,5947,5747,7801,5799,5699,6159,5342,5352,6298,5779,2520,7731,5201,5963,5019,6266,4690,4082,3722,5307,5751,5832,5961,4402,5574,3939,6104,5137,3598,5889,5562,6180,5611,5948,5175,5374,3406,7264,2596,4906,5227,4623,4902,4002,6255,5375,5787,3639,5308,6080,5575,7768,4401,5382,5388,5270,6225,6163,3160,6502,5787,2212,5676,4229,5643,4813,5252,6079,4434,6054,3744,4725,6757,5421,5283,2766,6530,6074,4236,6102,5688,5957,5990,5182,5453,4219,5127,2456,6482,5555,2557,6118
"COG1574",2666,3502,2379,7014,7570,1967,2123,3024,5303,9555,1695,1950,5474,3777,7398,4360,2607,1951,1482,4173,3693,2689,9048,3554,3892,1199,4381,9564,3184,2108,5533,3235,3553,5526,4636,7839,2594,3893,10464,2145,3060,4668,11135,2682,3414,4421,1022,3197,11963,7144,2920,5017,1782,5306,7100,2372,8656,1942,3852,1597,2108,3373,2559,2453,3122,4743,8012,3964,4665,2309,9140,10672,2676,1028,2650,2400,12604,3187,6243,3217,2723,8884,9007,8055,3331,6144,5156,6044,14485,4724,4862,10589,3709,1442,3436,1707,1565,8226,7559,3901
"COG1575",3051,2453,2823,1974,1803,1413,3318,509,2561,2021,2191,3221,2368,2518,2970,3832,2640,3622,708,3140,3440,2528,2496,1828,332,1202,3581,2798,1771,2389,2375,667,2981,4124,2420,3032,488,2832,3245,3435,2764,2440,3648,2498,412,3091,944,213,2513,925,3350,2315,1886,3032,4731,4431,1687,3134,2874,2301,680,2193,3352,2861,2762,2023,1389,3021,3743,742,3474,2445,3256,501,3312,2920,2736,3876,1717,2448,1126,3590,3121,2868,3464,3173,1511,2430,3596,2756,2138,2926,2703,231,393,487,2895,2963,1088,3204
"COG1576",1842,1766,1609,2105,1036,1305,1811,1068,1369,670,1268,1794,1195,1521,1276,1682,1534,1755,607,1194,2118,1272,1179,1298,1100,658,2023,996,1531,1774,983,1022,1746,1183,1517,943,814,1282,961,1437,1490,1253,966,1643,1195,928,387,952,1066,1214,1966,1215,1381,1430,672,2645,510,1624,1745,1281,525,1890,1609,1824,1701,1688,2443,1230,1499,678,804,1071,1863,325,1463,1789,1359,1393,1051,2041,1597,927,958,2572,992,1055,835,775,337,1087,1672,581,1752,1244,970,522,1560,1158,1020,1469
"COG1577",393,330,439,182,891,106,323,1,1132,471,160,235,1382,1052,1260,1288,680,332,96,819,1076,45,1142,337,2,105,398,1618,81,175,1367,377,326,2973,1266,1878,39,879,1633,319,584,544,2250,336,108,1100,177,0,1147,325,688,452,144,839,3150,239,302,397,736,163,170,173,247,330,539,769,332,391,1090,68,2002,404,667,156,312,155,1442,434,1011,835,85,2095,1715,107,246,386,5,1547,609,1268,813,751,231,7,44,119,292,2228,180,440
"COG1578",11,3,0,2,14,0,2,0,9,7,2,3,23,26,21,10,3,8,2,18,10,14,18,1,0,0,40,27,0,0,11,0,4,1,4,45,3,2,58,5,3,50,31,2,6,2,2,0,31,21,10,1,1,30,1,9,95,2,21,0,6,0,0,0,7,5,0,87,4,0,43,22,16,1,1,3,54,20,26,3,3,31,23,2,7,53,0,24,23,11,5,19,0,0,0,0,1,20,9,7
"COG1579",589,404,398,459,790,222,289,125,747,1408,360,283,830,586,843,1215,495,395,167,958,568,453,856,389,130,80,504,1317,419,265,989,101,377,570,650,1245,80,803,1026,455,506,813,1314,409,68,971,154,317,1628,570,655,248,231,1001,861,600,1148,455,601,551,189,285,470,447,475,632,471,759,862,224,1326,860,407,196,400,187,1898,865,656,500,274,1018,968,860,1060,1242,750,866,2777,838,591,1767,498,23,207,113,248,1054,107,705
"COG1580",51,86,49,47,1337,20,15,474,80,177,7,31,61,51,229,161,11,46,927,126,101,43,644,35,470,517,734,447,78,27,583,1569,63,1281,28,613,1668,69,349,31,202,393,373,89,2456,23,102,98,343,1562,35,496,21,310,375,294,683,13,20,53,792,33,85,32,15,18,129,98,145,621,383,981,92,616,17,25,388,56,1694,242,122,383,624,38,9,217,184,269,246,83,11,342,37,871,284,779,34,276,2324,34
"COG1581",30,57,68,67,376,1,22,0,317,110,9,14,277,165,607,83,89,19,13,186,113,0,619,53,0,42,9,772,2,1,387,229,141,1450,197,1015,10,74,802,8,77,10,1137,18,195,258,131,0,385,133,93,64,11,63,2206,22,940,41,98,9,63,29,20,64,66,153,21,18,110,8,1064,83,129,67,17,23,463,2,559,95,2,1298,933,56,32,22,0,565,427,441,154,472,53,7,0,8,23,858,18,28
"COG1582",3,0,0,2,1,1,0,26,0,5,0,5,17,3,0,4,1,3,8,0,0,0,2,0,2,1,4,6,1,4,8,0,1,0,0,4,0,1,3,2,0,7,5,0,0,1,1,50,12,3,9,0,1,12,0,22,3,0,0,1,2,0,1,1,0,0,0,1,1,0,5,1,0,1,1,2,8,0,1,1,0,1,5,4,1,1,0,9,3,5,0,2,0,0,0,39,2,13,1,1
"COG1583",0,1,0,1,1,0,0,6,0,1,0,0,0,0,5,4,0,0,38,0,0,0,15,0,3,2,5,3,0,2,1,14,0,4,0,3,10,6,6,0,1,0,4,2,4,0,0,7,0,0,4,0,2,6,4,12,10,0,1,3,9,2,2,0,0,0,1,1,0,162,1,8,0,33,0,0,4,10,1,0,0,15,113,0,0,2,12,2,0,1,0,2,1,6,6,6,5,8,2,1
"COG1584",13,3,1,15,0,0,7,0,9,2,0,0,12,17,7,9,29,0,1,1,16,0,8,8,0,4,3,0,0,0,57,13,1,0,43,2,3,45,1,2,13,0,1,0,0,1,4,0,2,0,0,8,0,12,0,5,3,0,18,0,29,0,2,8,23,29,3,0,13,0,1,0,34,1,27,1,2,5,0,0,1,2,40,3,1,0,1,0,3,1,39,1,1,0,1,8,0,1,61,1
"COG1585",22,20,27,207,155,10,34,425,71,184,6,10,144,69,112,124,40,18,105,31,68,16,131,15,633,43,80,177,40,14,132,141,70,129,25,184,69,48,165,29,20,93,234,24,58,33,15,235,218,136,19,69,11,135,169,42,63,16,55,16,129,25,25,11,15,88,235,61,106,170,132,141,35,139,27,16,301,43,140,26,13,153,148,268,2,49,628,125,135,81,103,183,24,152,605,174,49,109,58,60
"COG1586",2566,2859,4341,1443,812,2381,2871,992,2228,1649,4077,2716,1935,2584,1669,2197,3070,4231,11564,3134,2334,2963,912,3854,2688,5357,1634,1013,2421,2459,1686,1938,2515,922,2719,1092,1916,3612,1076,4018,3358,2531,902,3669,2835,2944,24114,2153,1057,848,2656,2177,2534,2026,1402,2300,5217,4079,2432,4344,1923,2292,3314,2538,3192,2464,1166,2893,2540,12747,1093,873,2796,1189,5115,3457,1034,3247,1094,2179,2978,972,963,723,2950,2356,2265,2052,1019,1926,2374,1218,3154,1145,2352,13195,3749,1614,228,3350
"COG1587",3407,3391,3928,2394,3456,3672,4532,1654,3674,3815,4382,4386,3254,4291,4211,2987,3435,4653,1516,4538,4166,3737,4002,3806,1508,1764,3355,4185,3411,4068,4135,1929,4130,3711,3235,4447,1835,3083,4240,4482,3722,3729,4330,4463,2055,3791,990,963,4240,2927,3745,2527,3694,3986,5308,3606,1578,4494,3604,4687,1587,3307,3946,3444,3875,3723,2209,3555,3290,1218,4622,3266,4422,1162,3882,4730,3861,4038,3500,3419,3774,4701,4314,2097,4012,3073,2237,4149,3100,3755,3346,3290,3241,1454,1394,1121,4287,3808,2076,4043
"COG1588",0,0,8,16,12,0,0,0,44,10,0,0,19,9,22,0,4,1,0,8,11,0,15,2,0,0,0,16,0,0,5,9,16,47,11,24,1,11,32,0,2,10,40,0,30,4,69,0,24,6,0,0,0,2,20,0,54,0,13,0,0,3,2,1,1,9,0,0,0,0,13,2,3,0,0,0,13,0,5,0,0,13,4,4,0,1,0,4,18,3,10,12,0,0,0,0,0,30,0,0
"COG1589",1651,1235,1505,1596,1593,1172,1847,1647,1187,1475,1052,1769,1265,1586,1490,1543,1436,1638,835,1133,2164,1602,1831,1142,2143,1051,2773,1298,1486,1682,1516,1752,2403,1006,1003,1226,1427,1107,1521,1682,1381,1764,1253,1714,2143,927,393,1401,1292,1680,1536,1699,1291,1609,1020,2921,694,1593,1453,1247,876,1469,1380,1493,1484,1323,1758,1439,1287,1001,1132,1822,2212,617,1733,1982,1268,1865,1723,1693,1808,1618,1331,1523,691,1251,2646,1126,1029,1247,1219,1159,1217,1846,1918,740,1495,928,2030,1567
"COG1590",80,18,16,8,20,4,14,0,68,64,8,18,68,68,44,103,153,21,7,32,63,5,10,18,0,26,34,23,4,13,45,6,17,3,140,24,2,199,32,31,63,39,37,60,82,38,32,0,67,9,23,8,15,93,19,23,414,21,12,4,8,0,20,3,49,63,19,7,89,2,38,15,57,7,101,45,48,62,14,21,0,28,35,0,6,19,0,48,155,38,52,110,9,0,0,7,42,34,9,50
"COG1591",0,0,24,0,0,0,0,0,2,38,0,0,14,5,1,0,6,0,0,0,0,0,2,9,0,0,0,2,0,0,7,3,0,2,0,4,0,13,3,0,1,29,1,0,152,3,108,0,1,0,0,1,0,3,1,0,922,0,0,0,1,0,16,2,0,0,0,2,0,0,2,2,0,0,6,0,8,0,4,1,0,2,3,0,0,5,0,6,157,7,0,83,4,0,0,0,0,4,1,0
"COG1592",469,561,1516,1023,443,433,1024,486,991,896,1097,646,846,756,675,498,1588,311,185,718,573,1068,884,1948,171,356,144,868,1159,269,359,92,1367,238,943,780,71,919,1107,911,809,215,981,617,209,858,835,1002,1060,461,165,1482,479,581,568,522,667,957,932,939,169,880,1269,815,932,1167,1022,428,470,200,844,552,657,182,1460,835,754,306,387,392,1463,844,800,800,151,206,132,519,1226,356,1138,1088,825,117,130,250,785,641,40,307
"COG1593",9021,10896,9038,12459,7730,15630,9972,12130,10736,8089,12996,11444,9076,10093,8253,8882,9818,11132,4708,11390,8428,13681,8210,10456,10761,4279,6189,7686,13403,13770,6523,9883,10192,5511,9557,9033,5534,8437,8075,9846,10211,9148,7819,12183,4778,10455,2864,21684,8828,9395,8725,9897,14657,8202,6015,6034,4599,9864,11410,12963,3741,12759,8790,10865,10713,10548,17710,10477,8690,3025,8459,8838,8113,3881,9988,11886,7351,10338,7213,10613,15676,6227,7603,10466,9124,8994,8766,7914,8402,8638,10756,8758,10704,31132,13680,4258,11410,7763,5606,9900
"COG1594",507,223,487,1658,371,108,196,2,680,143,461,199,531,549,508,709,509,201,512,595,517,121,445,430,9,629,199,644,144,184,526,176,211,1107,880,764,180,1806,708,357,462,325,955,331,187,713,570,12,319,112,278,311,167,381,1538,117,1068,262,1110,436,362,387,293,227,587,1466,502,471,984,95,797,100,620,361,431,356,432,250,431,411,124,944,783,1467,894,277,1,571,360,560,1134,371,479,9,1,1037,205,686,63,276
"COG1595",4110,4168,3733,8245,10370,3604,2334,17731,3981,4584,2574,2554,4150,3624,4300,4054,2830,3583,9215,3682,3293,3375,6254,3475,12672,5553,7417,5129,4784,3266,5663,13082,2853,7862,3151,5852,11094,3633,4187,3086,4503,5370,4538,3345,13291,3220,2826,16948,5159,12418,4859,5943,3179,6180,3405,6977,8455,2794,3627,2853,7410,4692,4753,4380,2999,3642,7864,4143,3472,9100,4667,8990,2934,13283,3800,2619,6474,4262,10549,4821,3121,4837,7890,10518,5373,4848,12358,5314,5783,4544,3568,6194,4404,13861,13490,7505,3111,5430,15912,3099
"COG1596",3861,3849,2418,3728,4562,4858,3154,2187,2571,3520,2713,3709,2000,2306,2849,3515,2330,3474,2240,3676,3532,3595,2886,2937,4168,2019,6032,2272,4636,4909,3427,4593,2189,2894,3067,2162,4962,2369,2183,2387,3188,4598,2269,2842,5348,3083,1005,2451,2514,4757,3995,3092,4072,3046,1901,5192,5158,2530,3348,3539,2563,3516,3510,3866,2881,2797,4973,3185,2034,3601,2053,4799,3092,930,1905,2449,2284,3196,4160,4147,2494,2160,3165,5122,4463,5788,4733,3051,5541,3243,2953,5524,4160,5650,3302,1974,2708,2637,7555,3390
"COG1597",1782,1467,1627,1627,3715,551,1370,2414,3085,3348,1249,1114,2863,2027,2974,3475,2249,1438,1519,1971,2465,3529,3472,1352,2539,1285,2602,3099,2990,850,2524,2447,3012,3865,4370,2904,2495,2994,3316,1755,3787,2753,3301,1419,2432,2334,878,2729,3853,3582,2133,2246,721,2798,2499,1884,3171,1825,2274,1320,1810,1027,1725,1630,3296,2133,847,2300,3008,1513,2937,3575,1927,1000,1805,1072,3649,2018,3022,2672,3275,3060,3589,2000,2428,2802,4126,2647,3666,2116,2223,3445,1540,4104,2732,1925,1402,3767,3686,1921
"COG1598",6,5,2,70,78,15,1,144,3,149,0,12,6,14,40,15,11,4,13,0,11,0,37,9,48,5,16,56,33,2,7,11,9,70,1,139,15,8,66,2,7,5,77,15,120,0,31,489,58,53,7,15,4,13,28,28,408,2,1,6,20,11,7,3,3,3,21,13,11,34,89,27,3,15,8,48,177,3,69,22,16,28,54,66,0,3,141,22,246,9,1,159,1,5,45,17,6,23,6,7
"COG1599",657,574,754,376,1576,69,448,1,1972,576,151,373,2144,1641,2389,2310,1320,448,165,1339,1919,32,2185,541,0,237,696,2905,56,219,2157,649,595,4865,2199,3436,48,1866,3163,564,956,791,4112,418,548,1725,693,0,1913,591,1040,772,230,1298,6819,349,2899,628,1386,253,180,248,278,433,1009,1401,413,526,1520,116,3824,645,1402,230,739,209,2204,706,2129,1288,12,4371,3563,164,323,532,0,2402,1384,1911,1477,1666,369,8,1,184,488,3252,231,718
"COG1600",3945,3506,3788,3720,4876,2514,4165,2840,3926,4766,2635,3639,4808,3955,4094,3905,3903,3924,1762,3241,4711,3502,4482,3350,2930,2085,4847,5670,3460,3475,4995,3158,4215,4051,3479,5531,2610,3902,4996,3866,3744,3804,5182,3080,3035,3358,1302,2188,7017,5208,3921,3735,2735,4703,3551,5364,3311,3664,3638,2391,3291,3166,4024,4023,3490,3462,3846,3781,3851,1693,5373,5170,4241,4328,4357,3782,5739,4086,4461,3909,3187,4385,4853,4134,4052,3638,2399,4584,6448,3816,3447,5379,3424,3846,2460,1666,3348,4828,3490,3739
"COG1601",208,148,215,186,347,19,134,0,517,141,57,113,550,479,610,610,386,101,42,357,546,17,548,168,0,87,167,719,32,61,512,152,145,1085,609,781,14,549,814,134,273,208,969,139,251,464,280,0,504,158,274,180,64,343,1604,98,1418,189,356,52,58,86,97,153,272,384,126,115,467,43,912,126,551,53,239,98,532,169,422,326,21,1134,956,99,84,141,0,617,439,514,466,451,107,5,0,44,131,875,68,192
"COG1602",17,19,36,84,1002,0,13,1,746,283,7,0,654,551,1434,820,124,0,2,670,560,0,1505,23,0,88,209,1987,0,0,1147,550,222,3400,428,2552,33,225,2089,25,91,253,2863,0,507,881,26,0,1177,353,55,71,0,224,4743,2,2556,16,221,0,102,3,12,1,134,270,2,201,609,0,2757,380,436,167,26,4,1419,25,1448,58,2,3043,2388,58,10,162,0,1440,917,1042,265,1008,21,13,0,3,2,2004,63,82
"COG1603",6,3,2,4,0,1,4,0,9,18,0,2,35,3,0,10,24,0,0,1,9,1,0,1,0,0,1,0,0,0,3,0,4,0,19,0,5,28,0,2,12,35,1,3,76,3,5,0,0,0,0,0,4,7,0,3,414,0,6,0,4,0,0,0,16,8,19,1,7,0,0,0,16,0,17,4,2,2,0,0,4,0,0,0,2,17,0,3,130,8,7,24,0,0,0,0,1,7,1,0
"COG1604",2,0,0,0,0,2,0,0,0,0,0,0,0,0,0,0,0,18,0,0,0,0,1,0,0,1,1,0,0,0,0,2,0,0,0,0,0,0,0,0,0,0,1,0,0,0,0,0,0,0,34,1,2,0,0,3,1,0,0,0,0,6,0,0,0,0,1,1,1,0,1,1,0,0,0,0,0,0,0,0,0,0,2,0,0,0,0,1,4,1,0,1,0,0,0,0,0,0,1,0
"COG1605",1531,1992,1261,2152,2988,1999,1157,1784,1652,1921,1389,1321,1341,1473,1745,1272,1402,1173,1417,1741,1612,1677,2289,1633,1878,1119,2006,1967,1896,1752,2266,2831,1610,1546,1659,1720,3177,1369,1774,1096,1718,1743,1740,1533,2601,1460,594,1839,1911,3557,1742,2234,1715,1622,1361,1417,1480,1200,1724,1288,1432,2311,1803,1724,1495,2251,2161,1616,1184,1452,1492,2845,1536,783,1226,1256,2013,1226,3399,1803,1660,1933,2015,2438,2056,1711,2197,1719,1659,1633,2188,1871,1775,2192,1512,1406,1220,1580,4956,1405
"COG1606",425,215,354,101,185,211,591,86,285,364,163,417,429,475,261,272,241,481,17,250,708,276,213,138,10,157,705,349,208,345,569,50,719,159,255,356,13,280,275,419,359,279,293,374,17,313,40,29,395,211,969,842,619,1557,924,2527,120,1070,797,518,105,743,901,850,1078,391,39,760,873,199,1035,815,2316,118,1409,1332,1121,1794,560,1002,703,918,729,252,375,645,7,1494,1223,1592,477,1005,644,60,13,76,1026,1470,119,1331
"COG1607",852,871,789,1271,2000,545,552,1616,1105,961,511,614,1169,1007,1139,1543,698,588,3511,1008,1110,586,1513,681,1694,3042,1433,1451,776,612,1596,2788,712,1884,1213,1347,3706,1364,1130,575,1019,1387,1306,871,2965,1152,1715,1398,1499,2677,1070,1346,620,1270,970,1212,2393,676,1132,690,3232,753,673,746,821,969,1387,886,1245,1555,1354,1502,915,3066,674,604,1716,986,2075,1366,549,1164,1740,1626,1049,1241,1420,1424,1300,1288,1058,1278,944,1041,897,2517,529,1612,2792,658
"COG1608",258,227,307,139,438,42,197,0,857,210,77,147,1070,702,758,774,479,194,72,674,875,10,616,209,0,86,320,902,21,87,1017,185,238,1270,970,992,20,779,977,226,441,331,1286,140,38,815,109,0,627,163,445,300,79,625,1664,150,155,265,560,115,95,81,105,174,451,603,166,231,717,50,1150,209,576,114,254,48,751,252,601,551,3,1098,986,90,167,263,0,1104,284,1003,631,436,157,10,0,85,188,1562,113,263
"COG1609",2373,3545,3385,8305,10556,1952,2368,11260,3438,3734,1339,2065,2283,2257,3760,2105,3378,2389,4583,2506,2571,2435,6560,3703,11141,4307,7136,4686,4294,1935,4981,13000,2328,5268,2472,5362,14245,2256,3320,2376,4421,4814,3771,3603,10244,1676,1462,8882,2944,14476,3530,7921,1893,4002,3539,8541,6443,2169,3634,1539,6104,4542,3851,3880,2529,3574,8497,2199,1983,7689,4670,12551,2517,2024,4163,2096,4457,2502,11477,4383,4967,4639,7152,8201,1858,3211,20535,3497,3814,2406,3623,5154,3223,9905,12065,4796,2450,3141,26745,1937
"COG1610",869,972,855,1008,570,1096,682,427,863,895,1130,889,707,828,802,864,869,820,328,1192,661,1079,734,943,379,334,452,697,1085,1043,884,333,783,576,940,578,386,826,699,844,908,955,582,889,504,1035,289,395,689,570,2820,2248,3265,2269,1783,1647,1682,2688,2963,3761,947,3047,2793,2987,2770,3405,3032,3000,2791,789,1969,1730,2153,556,1980,2674,1771,2638,1724,2572,3176,2095,1896,3085,3576,3188,1019,2438,2348,2433,3194,2235,3140,1377,1262,644,2761,2103,1415,2902
"COG1611",3494,3057,3033,3868,4798,2907,3609,3368,2722,4470,2297,3082,2757,3006,4006,3094,2936,2792,2283,2888,3917,2827,4328,2590,3893,2252,4798,4322,3147,3608,3125,4364,3312,5512,2799,4625,2873,2644,4323,2909,2943,2841,4836,2806,5433,2581,747,2610,4568,4063,3424,2830,2871,3254,4627,5283,3622,2848,3124,1991,2123,2932,3428,2848,3082,2821,3596,2700,2841,2379,4181,4263,3826,2120,3261,3184,4871,3078,4488,3475,2892,4859,4573,4660,2702,2796,2975,2860,5479,3023,2977,5001,2760,5741,2873,2485,2650,3338,3596,3114
"COG1612",6580,6661,7073,5440,3937,7624,6744,2247,6257,4728,7777,7527,6373,6336,5629,6343,6614,7319,2410,7353,6731,6423,4878,6665,3160,2919,5814,5084,6579,7004,5373,2935,6668,4479,6692,4159,3289,6235,5326,6876,6121,6130,4644,6573,2702,7342,2056,1887,5040,3998,2251,1520,2512,2044,1606,1924,880,2359,2055,2557,776,2159,2240,2249,2357,2230,1780,2322,1973,728,1554,1508,2151,564,2059,2367,1669,2375,1091,2081,2327,1559,1420,1613,2451,2478,1211,1842,1311,2080,2290,1467,2250,1077,919,697,2584,1991,1155,2360
"COG1613",1,3,1,18,83,2,6,129,7,21,5,2,11,74,6,17,6,8,478,3,4,2,12,2,29,114,93,24,0,11,9,554,0,29,0,58,86,16,3,4,18,9,84,9,256,5,62,49,85,34,1,26,2,52,37,4,51,1,20,44,188,2,6,2,0,0,2,0,6,87,6,25,0,483,2,46,13,4,15,19,1,0,69,19,0,6,29,10,2,2,0,42,0,32,124,315,7,23,26,2
"COG1615",3360,1584,3082,1421,3111,555,1159,47,3666,2156,2053,922,3318,3015,3815,2444,3373,1580,877,3433,2222,1457,4174,2184,876,3172,693,5418,1003,653,5469,1071,2106,7116,3225,6730,519,2616,5163,2085,2148,2229,6961,851,233,4834,1158,132,4273,1781,557,750,252,794,3865,838,272,682,857,507,337,267,1224,611,763,598,1,825,1145,162,2376,743,822,278,1015,561,1402,545,1260,274,404,2451,2080,475,1384,902,1287,2015,1297,1540,678,1117,555,30,506,330,631,1936,142,531
"COG1617",0,0,0,0,2,0,0,0,3,10,0,0,8,3,0,0,0,0,0,0,0,0,0,0,0,0,0,0,0,0,5,0,0,0,2,1,0,0,0,0,0,27,0,0,0,6,0,0,1,0,0,0,0,3,0,0,1,0,0,0,1,0,0,0,0,0,0,1,0,0,1,0,0,0,0,0,0,2,1,0,0,0,0,0,0,1,0,4,9,8,0,6,0,0,0,0,0,5,0,0
"COG1618",230,230,245,60,81,30,186,0,434,250,55,123,632,329,309,685,443,170,53,223,612,9,129,228,0,47,305,282,17,100,295,8,70,66,604,131,15,606,269,203,312,284,258,126,3,217,86,0,360,88,391,351,59,361,176,120,43,293,447,64,34,84,113,199,323,380,170,191,648,59,192,106,266,29,220,85,233,270,88,585,9,152,192,14,144,195,0,323,212,304,361,192,152,0,0,77,167,660,86,253
"COG1619",1979,1144,1927,1457,825,835,2597,162,817,908,687,1847,791,1143,971,1142,1241,1885,383,750,2226,1183,812,1268,1254,1272,2600,796,1028,1545,1121,515,2062,1733,962,710,212,1226,901,1537,1246,1077,881,1762,881,555,263,293,1114,608,1679,1152,1013,1425,356,3807,973,1670,1315,880,617,1422,1599,1311,1378,687,1358,859,945,936,927,957,2301,410,1817,1979,1004,1814,465,1545,1141,782,1311,1831,543,821,1492,631,1284,795,673,874,1294,254,598,538,1523,814,208,1353
"COG1620",269,158,272,102,1750,337,227,631,216,323,72,173,607,464,429,108,221,201,1768,81,188,104,1148,202,256,1137,1357,832,435,269,1018,3042,446,595,102,870,2904,258,607,190,113,788,626,260,2202,178,172,1244,740,2600,152,729,276,870,677,495,1446,189,80,92,1265,110,205,168,86,98,33,290,149,1127,653,1753,208,1361,140,222,513,256,808,449,264,648,987,123,103,370,312,949,457,426,89,436,140,655,335,1421,305,518,4005,165
"COG1621",397,455,404,271,1934,605,532,138,783,1024,382,614,1906,1068,582,511,316,538,411,396,326,1166,758,349,118,365,677,955,849,729,2118,2640,1130,318,287,925,1130,122,496,503,390,999,471,989,400,740,187,613,992,2424,351,601,633,2666,250,649,785,437,464,322,598,1123,432,545,410,315,111,728,255,157,914,624,307,217,373,640,1074,1262,749,531,877,495,889,262,171,679,173,1728,975,1154,325,758,504,261,103,302,295,2060,2335,542
"COG1622",3141,3061,2677,2749,1897,2888,2621,1264,2631,2907,2870,2834,2333,2444,2736,2744,2537,3149,1374,2745,2699,2762,2461,2591,1766,1371,2766,2090,2784,3285,2116,1688,2418,1932,2665,1820,1573,2439,2556,2688,2773,2732,1887,2516,1611,2691,898,1155,2215,1916,9413,9000,8338,7248,6439,9827,5520,8169,8572,8003,3397,8181,8547,9444,8433,7951,9018,8888,9267,3335,5923,6068,7974,2399,7158,7931,6355,9755,5229,8864,7579,6680,6280,8445,8996,8562,5427,6808,7840,7743,8513,7452,9177,7098,4220,3349,8178,7256,4452,9446
"COG1623",617,626,739,368,3,219,309,0,585,19,837,396,221,299,206,558,857,673,396,576,84,558,14,482,0,372,46,6,311,331,123,28,378,22,493,8,228,759,12,743,564,386,4,178,150,681,478,1,1,3,550,542,350,72,152,48,642,718,489,604,270,275,1098,841,507,449,1,651,995,25,7,13,169,194,750,395,11,404,7,156,138,10,3,451,1468,396,8,174,58,410,402,44,598,1,3,205,812,104,34,521
"COG1624",1977,1664,1601,1140,804,1210,2402,418,1250,1764,838,2133,1046,1366,1431,1814,1299,2061,313,1061,2278,1408,1128,1003,96,687,2299,1294,1383,1829,795,114,1901,1449,1144,1051,59,1194,1421,1496,1543,1186,1254,1545,167,835,314,461,1434,586,2292,1238,1405,1596,729,3678,1220,1741,1510,1015,162,1614,1670,1708,1689,923,1230,1173,1496,502,1393,1132,2033,148,1515,1754,1732,1816,600,1967,902,953,1131,1449,1362,1139,262,1010,1930,1027,952,1810,1584,123,93,412,1314,1221,119,1487
"COG1625",1591,1076,1773,157,545,959,3359,1,580,1406,806,2817,849,1514,962,1433,1057,2483,50,1031,3192,1222,854,627,13,825,3308,1004,661,2002,557,19,2706,702,633,696,28,1126,977,2383,1632,1203,1132,2024,31,624,188,2,1482,448,507,385,459,668,316,1276,154,688,351,349,19,363,507,482,497,124,0,363,389,137,321,450,1054,9,791,841,342,879,164,471,248,290,292,42,179,330,1,188,410,220,138,445,331,0,0,30,716,207,16,612
"COG1626",115,113,116,241,1166,81,114,66,237,498,63,96,155,210,561,371,217,133,618,201,326,95,890,116,152,542,576,1394,119,74,548,1440,97,1338,248,1070,1768,212,810,130,202,615,1194,99,1043,131,145,273,1547,1879,189,598,66,361,742,281,951,136,180,88,665,73,110,82,187,159,86,307,246,947,1539,939,357,148,164,96,994,288,782,205,79,885,1520,210,99,368,437,598,647,193,195,888,82,73,346,387,77,903,1653,194
"COG1628",0,0,25,3,408,0,4,0,21,77,0,0,135,13,558,1,29,0,0,17,0,0,555,10,1,1,1,712,0,0,38,233,0,1431,27,1103,9,12,753,2,3,1,1230,0,46,14,191,0,271,126,3,3,0,5,2103,0,246,0,4,1,9,2,17,8,7,3,0,1,1,0,1094,119,0,2,12,0,463,0,635,0,0,1247,904,0,0,6,2,110,288,3,0,446,6,14,1,0,0,474,2,0
"COG1629",53038,61688,38283,63052,123947,56595,39409,135622,51692,39074,45157,46052,39007,42550,45229,46217,37382,40699,56096,54165,52428,59055,68949,47088,136057,46969,95866,53067,68176,52440,59328,153551,55151,72263,57964,43924,155604,48312,42070,35195,71034,69885,41316,46696,137707,49992,17906,74908,40362,163105,54450,98069,50348,56542,40528,50352,82052,35477,55885,47040,70874,58090,47198,54780,50813,58836,72799,60457,46419,80089,39169,120296,49851,29698,30572,36699,42182,47169,149265,66833,50727,50595,70901,71374,52462,73756,124488,50700,56150,46307,63200,62508,56906,66410,118869,58915,36298,49224,245938,50164
"COG1630",11,1,2,67,569,0,3,0,367,95,2,0,254,345,742,110,32,0,1,404,196,0,789,5,0,67,2,1012,0,0,643,307,180,2089,281,1539,10,63,1056,0,51,9,1611,0,39,626,16,0,447,173,27,16,0,144,2747,3,61,4,170,0,72,0,2,0,66,130,0,34,125,0,1572,141,227,76,2,2,668,0,866,19,2,1703,1291,53,3,14,0,713,246,703,130,449,0,12,0,5,0,880,11,2
"COG1631",78,75,51,55,261,3,57,0,270,91,23,55,266,198,481,382,109,73,25,186,229,8,451,36,0,38,80,496,7,21,292,116,99,882,210,608,9,306,667,71,135,103,734,32,42,209,33,0,300,96,137,142,41,155,1413,45,186,89,221,24,35,28,30,52,126,175,25,91,292,25,700,88,180,28,69,20,389,68,336,167,5,892,743,18,42,82,0,345,209,284,193,293,45,0,0,21,53,637,43,131
"COG1632",253,240,271,127,409,39,167,1,677,200,59,106,734,529,763,761,457,224,65,384,617,4,631,222,0,61,228,874,14,83,621,220,130,1317,740,1064,20,650,999,211,313,318,1221,117,339,467,329,0,615,171,425,347,75,411,1894,154,1893,276,445,84,70,81,105,174,361,426,155,186,629,53,1118,190,362,83,301,62,676,214,543,541,3,1237,1037,49,128,200,0,712,550,627,468,536,148,5,0,63,182,1210,88,264
"COG1633",68,61,128,160,49,19,113,243,98,90,42,175,83,111,101,105,175,48,29,80,139,120,62,164,179,15,68,55,253,51,144,212,89,13,91,75,26,217,115,90,97,45,112,161,27,73,26,60,78,61,111,125,49,120,33,75,68,115,48,65,20,65,123,85,85,80,25,44,150,28,79,57,63,7,114,55,60,72,54,122,402,98,72,161,59,26,152,81,245,124,58,125,44,162,279,32,122,49,50,36
"COG1634",79,74,105,39,257,6,76,0,250,78,17,44,350,221,351,238,101,58,17,184,261,2,335,78,0,29,98,463,9,27,317,99,67,789,324,559,6,130,475,73,124,100,646,18,12,227,35,0,297,72,411,319,29,500,3355,150,87,220,494,32,77,111,85,201,375,572,114,233,501,44,1826,262,451,99,236,54,878,226,1029,640,2,2062,1682,82,135,202,0,940,389,885,595,620,151,8,0,66,167,1688,90,281
"COG1635",7,0,2,70,471,0,3,0,388,60,8,0,321,351,757,106,42,0,0,345,177,0,822,6,0,63,0,884,0,0,539,296,157,1998,248,1282,9,59,1071,3,35,10,1566,0,40,478,15,0,406,116,20,6,0,113,2890,4,105,3,107,0,39,0,0,0,74,114,29,35,137,0,1492,139,171,70,0,1,600,1,709,21,0,1762,1249,36,9,8,0,466,218,744,151,484,0,7,0,1,1,915,16,0
"COG1636",629,785,385,932,190,550,478,1,366,385,676,517,258,291,688,281,414,372,181,504,480,492,821,440,145,67,297,274,618,586,159,177,385,170,366,230,60,307,523,361,481,328,318,550,38,453,77,9,321,102,661,414,529,176,313,375,69,365,650,660,130,705,581,780,527,714,919,476,331,46,178,177,431,125,329,443,313,343,113,549,497,710,318,1102,549,551,51,224,290,393,698,314,648,43,16,139,479,195,21,519
"COG1637",41,7,42,25,139,8,40,2,99,224,33,11,143,74,143,142,78,18,3,102,102,3,194,30,109,9,34,193,4,0,97,37,64,127,101,227,1,218,189,35,78,115,307,67,14,126,23,1,268,116,8,6,1,42,96,2,34,10,18,9,6,4,12,1,22,14,0,39,48,33,80,102,18,5,31,2,81,21,32,18,3,70,72,1,94,51,277,28,99,46,14,52,2,1,82,1,16,45,3,18
"COG1638",6454,7874,6713,6834,5867,10210,6900,9184,7235,6005,9348,7814,6159,7035,5857,6274,7083,8427,4941,8133,5586,8985,5932,7705,7522,3602,4474,5431,8409,9518,4841,9749,6320,3992,6739,6459,4766,6431,5585,7956,7196,6807,5651,8392,3502,7265,3446,16261,6040,6881,6222,7246,10271,5591,4642,3834,3763,7319,7813,8387,3842,9185,6222,7652,7459,6705,10468,7667,6977,2654,5969,6644,5573,4782,7510,8052,5196,7408,5033,7453,9791,4511,5416,5535,6631,6038,6678,5769,6431,5928,7233,6280,7648,22137,9460,4412,8519,5546,4504,6864
"COG1639",423,317,249,166,4167,267,156,5039,195,478,34,339,505,251,340,364,93,352,3907,274,333,66,1296,206,1998,1930,3452,968,304,241,1956,5883,235,2666,90,2072,5087,281,351,264,564,1010,803,379,6517,38,488,3784,626,4692,261,1617,137,1097,1099,2494,2382,86,75,210,3209,370,468,214,85,67,114,451,304,2233,378,3985,326,3384,241,123,505,240,5158,827,234,761,1307,143,54,701,896,1231,711,476,74,851,94,2660,894,4786,306,399,8293,164
"COG1640",2970,2362,3215,945,1754,1462,4147,747,1492,1555,1912,3349,1154,1824,1390,2121,2978,3513,1382,1392,2988,2059,903,1871,404,2019,4468,638,1359,2778,998,1990,3109,1037,1664,626,2465,2342,579,3078,2670,2194,644,2300,1800,1466,990,46,472,2396,3195,2557,1871,2045,743,5226,2211,3167,1733,2207,1470,1738,3163,2733,2539,969,181,1804,2729,1315,483,2112,3499,468,3066,2808,529,2951,2223,2327,1430,607,817,889,2250,1318,415,702,2356,1054,1069,2061,2154,599,395,2189,2988,515,4189,2463
"COG1641",1887,998,1575,411,1160,795,2679,295,1279,1397,617,1923,1803,1785,1361,1063,1228,1880,67,1173,2418,1072,1134,737,30,966,2829,2051,730,1678,2356,390,2453,2123,980,2289,43,1200,1666,1577,1128,1221,2463,1561,57,1319,173,57,1910,886,1505,789,1012,2036,3099,3886,175,1592,1125,741,154,1074,1355,1156,1315,665,55,1029,1237,261,2316,1274,2562,167,1694,1808,1886,2042,1246,1290,1010,2176,1773,353,585,920,4,2303,1455,2250,684,1334,921,101,11,345,1384,2441,174,1466
"COG1643",3923,2238,2870,6293,7745,999,2088,8332,2735,1428,583,1341,3244,3181,1675,2051,4417,1246,4900,820,3154,1321,3145,3350,8860,4816,4899,2236,2217,1080,3264,10626,2227,5062,4116,3304,9188,3365,1007,1944,3622,3330,1798,3858,12834,632,1183,4167,1705,8934,1909,5634,997,3665,1648,5071,3796,1861,2657,815,4884,3041,3076,2425,2949,2710,6102,1450,2261,4548,1599,5333,6339,3450,5230,2763,2581,1351,9732,3165,3524,1693,3275,4420,521,1245,9971,1943,1192,1961,3051,2107,2195,13332,6983,4354,1158,1280,12800,1214
"COG1644",136,65,188,284,252,22,66,2,258,86,193,70,323,192,425,341,143,79,161,182,247,42,412,152,1,147,97,469,45,49,342,139,113,798,337,586,67,262,584,151,149,154,742,133,113,248,143,5,342,95,162,145,98,142,1169,56,571,94,231,178,159,152,100,113,173,244,82,150,336,36,622,76,181,156,106,124,305,123,324,241,52,808,604,238,125,131,1,360,240,317,278,266,147,3,0,141,82,529,49,143
"COG1645",0,0,0,0,0,0,0,0,3,0,0,0,16,5,0,1,1,0,0,0,0,0,2,0,0,1,1,0,0,0,2,0,0,1,1,0,2,0,0,0,0,31,0,0,0,4,0,0,0,0,0,0,0,0,0,0,4,0,0,0,3,0,0,0,0,0,0,0,0,0,1,0,0,0,0,0,1,0,0,0,0,0,0,0,0,14,0,5,5,12,0,8,0,0,0,0,0,6,1,0
"COG1646",582,524,535,459,754,157,379,14,1354,820,197,364,1244,932,1482,1352,688,410,151,808,1258,153,1281,450,20,125,669,1577,167,274,1260,284,421,2177,1257,1584,56,1131,1822,465,619,665,2139,410,71,1219,149,51,1405,455,843,504,208,887,3088,462,922,488,802,270,215,305,226,456,660,802,406,552,1121,175,1994,583,719,204,386,212,1314,680,902,993,41,2262,1980,583,420,736,15,1416,1460,1449,916,1454,451,47,9,145,327,2015,162,611
"COG1647",156,48,81,102,422,8,50,379,138,857,12,20,117,123,507,276,31,59,50,93,142,46,362,37,208,74,274,556,31,26,218,107,82,794,99,638,39,80,585,95,82,157,631,25,410,241,54,684,631,226,95,48,13,250,296,159,1100,62,83,19,48,43,93,22,72,93,2,138,186,80,590,276,119,15,58,18,1058,233,298,131,75,357,419,130,60,378,283,177,1703,198,123,871,58,150,163,219,66,368,42,125
"COG1648",328,307,346,1940,2745,207,213,2633,761,4410,332,207,950,802,2543,490,248,213,988,831,484,324,3129,472,2493,759,1161,2194,532,279,1662,2415,699,2572,522,2189,2082,335,3221,278,627,659,2539,413,2730,722,159,1984,2391,2429,169,1274,284,1045,2870,456,2311,178,499,381,1209,368,271,174,406,648,1494,411,385,991,1956,2470,513,859,186,250,1995,289,3096,489,566,3404,2499,1735,346,460,2127,1573,2221,994,625,3409,185,5210,2703,1175,240,1403,3416,232
"COG1649",1286,530,1139,545,935,247,562,1499,712,2774,381,463,998,595,1305,871,896,500,127,974,933,459,1119,1003,395,787,827,1177,507,395,880,141,253,1988,837,877,83,1210,1592,655,491,709,1379,349,232,1180,175,679,1708,557,831,480,326,1055,747,1460,2701,711,615,851,360,440,1036,630,536,623,651,821,596,178,1387,1038,729,141,1127,371,1351,962,576,584,544,1067,1404,642,1280,1290,1029,1033,3633,908,725,3344,737,370,378,313,326,1516,121,633
"COG1650",298,265,356,86,763,38,220,0,888,307,66,178,1029,805,1226,996,551,213,94,659,938,6,1156,282,0,86,317,1479,20,113,1070,356,245,2513,984,1873,29,801,1740,270,466,407,2176,171,304,893,160,0,962,292,521,350,104,624,3486,179,1547,332,635,65,123,126,117,212,464,621,135,265,839,51,2083,301,492,135,276,58,1136,300,1072,777,10,2233,1829,68,222,257,0,1127,756,1105,608,883,155,4,0,85,216,1763,119,325
"COG1651",3904,4085,3929,4081,5761,5828,3160,4413,4628,3704,4876,3992,4138,4718,4885,3207,4090,3914,2222,5126,3424,4697,5643,4660,7007,2193,3742,4758,5257,4816,5820,5492,4138,7875,4250,6034,3904,3369,4940,3914,3831,4646,5504,4297,6029,5426,1501,4438,3684,5415,3902,3622,5367,3951,6997,2863,5214,3849,4096,4461,2844,4493,3828,4141,3820,4822,4060,4270,3717,3261,5650,5695,3689,1953,3278,4113,3993,3687,5008,3871,5781,6149,5705,3710,3989,4618,7733,5796,3928,5521,4539,3949,4095,7521,6220,2292,4395,5461,6232,3870
"COG1652",569,626,552,1584,2287,631,592,1732,475,697,245,450,738,626,504,405,647,508,1502,294,547,522,866,564,3034,2502,1464,656,997,526,1300,3524,607,2738,393,843,2810,458,393,466,577,925,441,594,2053,230,396,1757,521,2378,561,1248,435,908,486,1013,1374,429,457,206,13569,595,614,629,394,386,1479,440,372,1220,410,1703,452,18217,589,624,598,432,2092,923,990,591,1156,1486,252,485,1728,750,832,712,382,978,534,3207,1644,2168,554,350,3611,314
"COG1653",13975,14053,16229,17384,7259,17804,15648,6288,13506,13214,18126,17191,13819,12808,11327,10613,19634,13276,4141,12633,8976,16254,10928,20121,6374,5447,5390,10247,17258,14465,7213,5156,12183,6834,13080,10454,4634,11645,10709,16848,13550,10967,10650,14391,2990,15689,5347,12765,8361,6528,10865,16553,17592,8992,9178,6592,2545,15727,14078,15441,2838,12112,16928,16181,13280,14569,15193,12486,10860,3906,10611,7201,9510,2628,20160,14422,10895,12777,8633,10867,19134,8838,9655,14206,12744,11768,21039,8586,7928,12559,15237,9969,13992,8801,7922,2997,18039,10175,3414,11246
"COG1654",300,226,251,911,2111,758,218,493,633,511,252,376,645,688,1048,443,237,190,823,754,541,432,1743,296,556,620,981,1606,399,369,1485,2035,491,3180,521,2263,1915,443,1643,214,472,752,2334,354,1873,993,119,184,987,1846,251,684,576,739,3382,454,768,145,381,306,875,499,409,152,276,390,579,462,390,553,1982,1382,536,598,255,230,1212,254,2539,413,540,2429,2246,954,327,486,180,1385,647,1181,418,1056,208,1241,264,684,181,1168,2565,188
"COG1655",7,0,0,0,3,0,7,0,0,32,0,2,0,0,6,0,1,6,47,0,0,0,2,0,0,2,2,3,0,0,0,1,5,0,0,6,0,1,9,4,13,2,13,0,0,0,0,0,5,5,6,0,1,0,1,43,0,0,0,0,1,2,0,0,0,0,0,6,1,0,5,4,0,0,0,0,3,0,4,0,0,11,4,0,3,0,0,2,0,2,0,26,1,0,0,174,2,3,3,0
"COG1656",6,5,1,6,67,0,0,0,2,39,2,1,43,13,21,1,16,2,1,1,11,0,21,3,0,15,16,24,0,0,16,21,0,85,16,56,5,2,21,2,9,10,47,35,2,6,2,1,26,15,11,0,0,20,97,1,33,2,5,1,15,0,6,11,6,2,14,2,1,1,53,17,23,3,4,15,112,2,52,1,0,26,75,1,0,5,0,4,104,15,0,53,8,12,3,5,3,13,1,6
"COG1657",107,58,79,72,204,112,108,345,107,487,28,51,301,176,146,106,109,61,1,39,99,45,174,106,79,35,88,273,146,99,431,27,108,44,116,350,9,123,225,68,76,101,209,129,2,39,23,3,357,204,193,243,289,593,242,400,87,196,159,50,109,86,175,158,276,186,98,325,212,29,875,381,437,54,306,435,926,234,528,249,281,586,680,141,68,156,50,1240,1649,874,224,1203,129,53,154,36,227,725,79,159
"COG1658",32,30,86,5,109,15,13,0,39,51,1,18,123,44,173,115,77,50,14,37,76,1,139,57,0,7,74,205,0,13,50,36,17,314,50,208,10,40,258,36,38,49,266,5,9,42,11,0,130,25,74,6,7,106,484,14,67,36,9,7,7,0,24,40,21,36,0,10,53,22,299,48,42,6,45,0,74,59,152,29,1,299,243,8,11,28,0,84,135,33,24,159,18,0,0,15,42,188,11,56
"COG1659",3,3,0,0,0,2,0,0,1,0,0,1,0,2,0,2,0,9,0,0,0,0,0,0,0,1,0,4,0,2,1,1,0,0,0,1,0,0,0,0,1,0,2,2,1,0,0,0,0,2,11,6,0,1,1,24,1,0,0,0,2,0,0,0,4,0,0,0,0,0,2,0,0,2,0,1,3,0,2,0,0,0,3,0,0,0,0,0,1,0,0,1,0,0,0,1,0,1,0,0
"COG1660",861,858,1054,1248,1569,620,877,1056,876,714,847,669,972,769,701,760,1175,902,1113,723,521,934,968,915,1804,915,1044,773,961,742,864,1897,926,1048,723,925,1766,1098,600,1121,915,1108,804,695,2362,811,593,1252,859,1898,774,1521,656,869,875,701,777,887,662,567,1004,697,1329,1066,821,695,1474,1022,1043,980,689,1524,504,637,1157,757,791,658,1683,863,1214,759,1009,1209,1466,876,2218,832,831,942,595,841,901,2333,1229,840,1094,508,2305,725
"COG1661",887,553,1019,179,200,466,1718,2,618,802,515,1396,673,727,519,1254,780,1404,106,673,1533,633,340,419,1,434,1550,452,384,803,474,13,1138,260,738,246,49,813,479,1159,832,830,406,934,40,473,157,2,623,171,331,188,197,328,113,483,220,429,282,277,39,147,293,241,332,164,43,203,345,77,133,117,449,30,313,352,168,307,57,317,111,121,130,41,134,195,3,144,384,169,157,291,147,1,0,31,381,238,33,274
"COG1662",2,9,5,8,5,7,48,0,4,108,3,18,12,16,28,13,4,3,5,0,1,28,22,4,9,5,4,35,58,7,29,8,35,5,0,13,1,2,29,6,1,4,6,53,5,0,5,2,2,8,10,8,36,14,0,12,31,6,8,15,5,13,18,2,1,0,7,2,0,7,2,6,1,6,0,27,28,3,5,0,252,13,16,5,0,1,2,9,65,10,2,44,0,7,2,6,7,12,20,5
"COG1663",4064,4786,4781,5238,3466,5904,3116,2185,4850,5379,5959,4524,3840,4583,5062,4860,4690,4299,1693,6182,3833,5076,4835,5475,1574,1542,2932,4365,5357,5492,4182,1913,3682,3479,4982,3643,2074,4318,5072,4490,4503,4680,4211,4451,2028,5480,1500,2154,4622,3269,4688,2619,5986,3785,3614,2917,3198,4709,4727,5569,1625,5161,4308,4661,4830,6191,6306,5668,4505,1007,4047,3428,4021,1265,3684,4897,4452,4984,3468,4726,5918,4750,3914,5727,5904,5849,963,4270,4825,4326,5716,4623,5144,2955,1727,1404,4656,4181,2170,5153
"COG1664",891,882,777,1415,1125,715,731,1232,931,1813,796,898,830,791,1234,996,807,846,428,822,683,1085,1295,925,1095,311,777,1278,1160,879,1254,529,841,1302,761,1267,317,656,1679,842,726,1052,1277,1022,820,838,220,1158,1471,858,956,912,709,877,966,842,831,856,726,730,508,1006,814,846,688,714,1373,1074,951,498,1356,884,620,450,708,866,1227,1144,978,920,1466,1173,1293,1249,1048,1083,929,1216,1763,1050,684,1603,956,1205,1320,749,796,1281,159,1103
"COG1665",6,0,0,0,8,0,0,153,18,76,2,0,6,5,14,102,0,0,1,36,17,0,35,2,41,3,5,30,0,0,15,1,8,6,16,19,0,2,52,0,13,11,10,0,21,9,0,0,11,2,1,0,0,7,18,19,275,0,9,0,5,0,0,0,15,1,4,27,51,0,12,7,18,0,0,0,15,2,25,1,0,30,19,0,0,10,6,48,268,4,10,156,0,156,55,0,0,20,1,6
"COG1666",1733,1780,2020,1013,1404,1953,1924,465,1437,1272,1735,1938,1268,1546,1209,1344,1914,1803,817,1438,1661,2081,1148,1813,275,1106,2202,1364,1854,2046,1468,1030,2097,885,1200,1359,1146,1431,1184,1813,1533,1598,1183,1602,1031,1510,552,106,1556,1340,1594,1470,1955,1651,1196,1987,509,1722,1649,1562,626,1889,1962,1975,1612,1546,1619,1387,1525,592,1197,1764,1668,452,1892,2014,1460,1698,1526,1369,1998,1091,1103,858,1459,1552,724,1225,1215,1413,1497,1089,1719,401,275,675,1866,1161,1580,1546
"COG1668",1092,1270,692,1587,1398,540,497,2286,1060,1422,657,585,1065,776,1120,1050,959,745,552,1066,999,557,1237,834,1639,519,1313,987,844,712,1001,1393,559,777,1094,723,1716,1116,878,602,1106,998,869,681,1008,776,236,1291,1098,1886,1787,1059,625,1151,693,1608,1883,890,905,985,860,748,807,1078,873,1063,1947,841,919,779,926,1664,680,303,474,575,1596,892,1440,1522,424,951,1291,2227,1787,1135,1190,1118,1561,1008,1044,1658,1041,557,1375,623,546,1315,2659,687
"COG1669",12,5,3,2,22,4,7,4,6,26,0,11,2,5,9,4,6,10,30,0,1,5,11,5,5,3,10,23,24,3,12,41,7,9,0,70,10,4,18,5,10,7,29,38,340,0,16,10,20,19,23,1,11,11,8,63,127,3,0,3,21,8,14,1,1,1,0,6,0,24,50,20,2,12,2,12,20,15,165,2,28,4,41,0,8,4,7,9,65,7,4,35,1,1,7,95,1,13,4,0
"COG1670",1738,1828,1425,4650,6181,1251,1500,6897,2057,3814,1122,1187,3416,2139,3252,2375,1886,1381,3135,1668,2101,1351,4101,1643,5953,2224,3222,4419,2049,1415,3981,5006,1840,4570,1967,4930,4229,1715,3708,1421,1940,3087,4204,1808,4522,1925,1392,7735,4572,5983,1833,2673,1175,3440,3177,2284,4045,1391,1886,1324,3321,1842,1606,1629,1372,1937,3738,1775,1830,3159,4369,4944,1625,3474,1661,1412,4500,1799,5572,2548,1977,3954,4430,4440,1547,2490,8262,3199,4191,2779,1931,4172,1572,5743,6658,2665,1361,3479,6683,1609
"COG1671",285,355,235,539,777,252,346,1009,263,274,113,258,416,388,235,133,275,265,407,98,249,230,380,255,1136,220,532,361,410,237,385,829,365,422,175,449,672,161,277,264,248,369,278,383,761,98,101,618,401,815,255,479,227,475,148,415,306,218,229,97,382,368,245,338,199,205,684,223,138,415,338,665,225,273,323,415,395,185,828,457,557,287,399,455,117,180,810,308,175,366,233,290,345,1166,927,365,270,245,1056,191
"COG1672",27,14,7,13,50,613,35,480,26,72,29,9,56,29,31,4,95,57,179,6,21,5,43,38,220,67,35,90,12,37,150,400,6,12,11,148,476,16,30,44,8,61,44,119,284,27,9,54,51,121,64,78,51,88,59,76,673,26,16,17,36,15,53,18,8,3,4,31,12,58,92,42,12,47,34,57,80,28,42,27,23,29,57,10,11,32,206,111,343,87,3,52,10,62,173,45,43,41,23,5
"COG1673",0,0,0,1,0,0,1,0,1,10,0,0,11,3,0,2,1,0,0,1,0,0,0,1,0,4,0,0,2,1,35,0,0,0,1,0,0,0,0,2,2,0,0,0,0,0,0,0,0,0,1,2,0,0,1,1,0,0,0,0,1,0,1,1,1,0,2,0,1,0,0,0,1,42,1,0,0,1,0,2,1,0,0,0,0,0,0,20,1,33,0,1,0,0,0,0,1,1,1,0
"COG1674",12382,13179,11262,12390,9172,15027,9153,6309,12205,11872,15070,11464,10515,11469,10509,10867,11587,11342,4967,14148,9605,14415,9390,12440,7143,4787,7853,8937,14616,12493,11979,5906,9795,8640,12790,8058,5556,11081,9349,11557,11698,12982,8514,11033,6188,14322,4369,5615,9542,8082,12321,11017,14121,10280,8310,8013,7312,12167,12672,14884,4681,13547,12269,13033,12150,13829,13503,13661,11912,5482,8602,10651,9402,3617,9350,11213,8526,12309,7153,11383,13680,9146,8372,13033,16928,15882,11783,12469,10802,12729,13858,10332,13598,7999,6833,4496,11484,9897,11066,13277
"COG1675",44,10,42,88,364,0,15,0,240,123,3,3,253,248,533,85,77,1,0,228,140,0,635,33,0,64,0,729,0,2,557,169,107,1443,201,1016,11,166,818,11,55,30,1108,46,434,314,269,0,326,125,33,25,0,76,1877,8,2352,18,109,2,41,2,34,7,75,138,23,26,88,0,1089,94,239,76,83,35,474,7,540,14,0,1236,1010,42,13,12,0,682,558,472,157,467,14,4,0,2,4,804,25,3
"COG1676",43,34,60,47,267,9,33,0,231,70,14,18,211,194,418,136,85,15,11,256,170,1,433,35,0,30,50,471,2,8,351,134,67,887,243,766,6,117,531,24,84,71,745,37,95,334,103,0,213,89,223,126,40,416,3827,72,1637,73,389,68,121,21,99,59,244,353,168,62,496,10,2190,216,433,125,149,60,971,140,1183,325,3,2689,2006,96,94,127,0,1016,804,1019,368,867,67,14,0,35,66,1632,59,234
"COG1677",222,251,253,370,761,268,305,427,253,176,103,268,289,289,272,220,314,256,368,76,166,281,349,282,569,222,512,356,415,243,333,653,302,779,146,475,503,217,296,275,202,324,366,347,1235,83,103,484,356,529,245,412,308,333,233,338,303,221,131,85,340,270,301,256,149,107,274,207,162,347,347,531,152,283,301,304,497,209,827,375,506,266,397,318,113,139,398,252,173,248,111,273,234,976,364,430,273,176,789,202
"COG1678",1579,1632,1589,2061,1992,1940,1422,1869,1651,3630,1214,1511,1904,1597,2337,2087,1595,1402,2011,1685,1665,1803,2352,1616,1169,1201,1577,2552,2197,1677,2188,1547,1938,1403,1768,2242,1432,1711,2719,1363,1511,1839,2345,1471,2046,1684,741,2704,2572,1907,553,539,556,581,565,505,714,471,524,378,404,614,637,647,476,564,706,719,594,672,829,651,462,380,500,434,840,558,684,578,718,763,755,836,597,784,261,765,971,591,600,970,649,632,419,751,529,747,517,522
"COG1679",1058,1037,1064,1163,761,377,875,60,2152,682,249,708,2576,1727,1509,2044,1314,734,407,1297,2064,266,1323,964,372,340,899,1497,305,421,2090,553,903,1363,2111,1192,159,1869,1785,782,997,887,2153,730,53,1538,304,14,1663,583,1364,1177,467,1339,2287,744,289,905,1725,258,312,633,621,1029,1090,1630,1229,685,1577,189,1747,914,1335,591,1181,622,1543,685,808,1939,338,1872,1629,975,515,619,199,2292,882,2373,1684,892,946,398,417,450,787,2906,236,853
"COG1680",16413,18944,12582,20218,18352,19949,12066,19050,18982,17710,14542,14784,19932,16918,17795,18291,13560,14190,8337,17047,16942,17985,18451,15848,20736,7970,17781,18830,18472,18661,17086,11640,17118,13598,17391,17396,10113,14499,19100,13469,16898,16257,18136,15739,12429,17868,5895,19029,23715,18702,18291,14864,17873,19347,12563,17031,17123,13620,19601,16461,9102,19625,15708,18778,15999,19087,21302,19025,15613,11612,17760,21728,14022,5453,12109,12842,27222,16734,18073,18742,13562,17092,20986,25297,19020,21321,23590,18172,19816,19700,19803,17700,20887,12674,16904,9152,12238,21431,18795,16396
"COG1681",0,0,0,0,44,0,0,0,8,18,0,0,27,12,5,0,0,0,0,0,0,1,5,2,0,0,1,23,0,0,17,2,1,6,0,66,0,0,21,0,0,6,8,0,4,6,0,0,51,36,0,0,0,26,1,0,37,0,0,0,1,0,0,0,2,4,0,2,0,0,56,16,3,6,0,0,74,1,34,0,0,8,25,0,0,1,0,47,114,6,1,45,0,0,0,0,0,23,5,0
"COG1682",811,539,641,383,1519,481,605,1955,705,1315,325,542,986,876,954,971,536,662,399,516,782,580,1216,699,1157,563,1755,1271,517,615,1027,999,1174,2276,511,1297,911,792,1053,554,691,977,1178,648,1243,499,199,1830,1081,1468,685,776,467,1273,1497,1429,1120,549,400,484,475,659,434,534,551,333,246,655,807,842,1243,1684,829,265,527,492,918,1186,1323,1094,620,1243,1395,500,710,784,2678,1153,1613,747,350,1196,489,1154,1726,437,548,1221,1679,904
"COG1683",257,136,126,183,781,55,100,388,369,191,32,47,601,406,209,366,183,129,1390,151,317,38,267,80,1014,579,805,445,34,65,875,1019,330,1126,295,628,602,258,186,116,240,463,364,93,1994,321,188,53,773,648,242,201,36,776,237,454,345,138,123,58,813,56,117,104,192,230,216,260,255,463,300,196,168,780,109,28,427,266,1063,373,44,201,475,143,152,616,434,404,268,491,218,236,84,2079,737,994,83,633,300,132
"COG1684",549,535,546,791,1385,659,748,2015,554,407,305,664,694,636,624,495,804,618,905,197,434,657,879,635,1621,490,988,880,977,649,774,1405,645,1622,337,1142,932,479,842,630,453,748,879,758,2099,186,202,1669,825,1251,618,901,584,875,511,953,536,534,334,218,732,735,702,636,343,256,632,510,414,709,865,1164,386,739,655,769,1116,532,1602,818,1188,606,887,660,281,372,1250,580,366,635,244,547,568,2276,1689,1054,647,581,1591,453
"COG1685",160,191,299,149,730,14,134,0,728,103,43,58,621,569,1156,744,344,79,46,597,704,0,1149,241,0,64,157,1423,22,62,829,339,193,2441,795,1793,21,306,1568,95,342,201,2026,91,43,721,72,0,792,241,326,307,65,295,3322,123,68,170,550,58,66,102,94,154,314,578,48,160,540,49,1891,239,404,95,112,35,857,99,949,505,2,2272,1804,116,127,113,0,823,334,814,552,544,120,0,0,41,116,1325,69,123
"COG1686",5812,6546,6174,6267,3511,8534,4992,4735,5581,4179,7880,6221,4318,5360,4785,4387,6585,5969,2541,6379,4395,7099,4130,7165,4720,2319,3042,3415,7684,7170,4239,3700,5061,2390,5597,3683,3117,4906,3739,5882,5426,5492,3320,5733,4864,6100,2122,4505,3050,3654,5537,5294,7735,3880,3445,3171,2025,6110,5717,7707,2322,6752,6503,6887,5854,6522,6180,6030,4635,2055,3477,3491,4423,2016,5193,6061,3182,5080,3611,5238,7684,3594,3367,5555,6624,6037,4666,4604,2650,5377,6530,3239,6805,6173,4993,2046,7040,3571,3156,6080
"COG1687",1,0,0,162,25,0,7,1,20,49,1,2,3,1,37,0,0,0,18,1,9,2,72,3,16,14,7,41,10,0,6,18,5,19,1,55,32,1,73,4,1,24,110,7,4,0,2,13,50,55,0,42,0,4,51,30,4,2,29,3,10,5,9,2,2,81,146,6,11,7,25,27,6,5,4,2,126,0,30,5,25,71,28,165,3,6,4,1,0,0,95,24,3,32,0,11,5,7,11,0
"COG1688",0,0,0,1,8,0,0,1,2,1,0,0,1,2,6,0,0,0,0,0,0,0,11,0,1,1,4,1,0,0,13,16,0,15,0,1,3,0,13,0,5,3,1,0,0,0,1,3,0,67,1,0,0,1,1,2,10,0,0,2,6,0,0,0,0,0,0,0,0,57,13,6,0,1,0,1,1,19,8,1,0,2,39,0,0,0,0,2,0,0,0,0,0,0,0,4,2,13,3,2
"COG1690",590,404,594,319,874,97,438,1501,1651,1477,166,311,1778,1340,1294,1590,1086,516,407,1021,1400,52,1129,457,681,323,719,1399,82,186,1972,531,494,1978,1615,1480,225,1218,1416,440,714,741,2014,339,1194,1525,686,1136,1195,437,967,617,232,1000,2610,389,4958,525,1063,286,431,216,298,378,774,1006,272,401,1321,395,1791,496,1045,621,569,172,1388,560,1110,1064,58,1592,1692,192,298,440,469,2130,2454,1990,983,1739,276,217,925,647,391,3211,358,582
"COG1691",1013,455,729,243,802,393,1356,178,868,938,320,855,1132,1086,1083,702,649,923,27,707,1319,551,1040,450,31,531,1494,1551,410,710,1768,365,1535,1728,605,1768,46,569,1359,836,657,711,1868,698,41,819,108,27,1383,593,796,522,501,1150,2621,1818,125,711,710,384,115,593,662,605,706,350,50,573,682,120,1867,779,1408,120,948,801,1421,1008,949,704,565,1895,1471,222,323,534,3,1652,828,1470,352,987,424,43,14,64,621,1792,119,838
"COG1692",2691,2649,2748,1791,962,3744,2392,1061,2631,2739,3941,2911,2321,2732,2082,1950,2924,2768,522,3025,1925,3449,1452,3098,720,822,909,1540,3396,3239,1973,254,2167,811,2838,1399,479,2387,1709,3072,2605,2834,1255,2642,538,3082,724,1223,1380,817,2408,1911,3637,1926,1548,1144,840,3126,2495,3534,646,2965,2528,2643,2907,2781,1765,3021,2416,233,1559,918,2112,495,2135,2946,1169,2738,795,2250,3916,1429,1101,1221,3179,2785,737,2559,1920,2754,2851,2114,2712,1318,1209,420,3063,1721,92,3293
"COG1694",4118,4838,7792,4606,2507,3205,5214,7694,3185,2739,3818,3643,2919,3707,3092,8758,5195,5383,16766,3410,5158,4099,2191,6415,6096,14534,5286,2475,4332,4210,3014,6146,5555,2470,3124,2282,12287,6881,2217,6470,5621,3955,2267,4189,3281,3362,39779,9023,2716,2534,4650,6910,3075,3703,1841,5676,4095,5875,4166,3584,17170,5043,6500,4929,4737,3324,4595,5985,6693,21826,2230,2813,5163,7930,9993,4915,2894,4875,2450,4048,3763,2182,2231,5505,3656,4231,5453,2219,2955,3155,3283,2543,5315,3236,4816,20274,5670,2166,2485,4828
"COG1695",379,161,281,607,662,216,131,1600,307,212,190,135,357,329,571,156,230,133,150,273,239,232,715,243,1459,352,148,802,239,137,615,493,263,1591,319,1313,65,92,801,176,163,159,1107,271,324,419,85,2121,558,402,176,210,223,239,1790,554,230,167,265,272,243,294,259,212,202,200,380,110,197,824,1387,358,355,185,310,169,791,165,653,150,290,1303,1190,792,118,62,2149,578,471,634,244,513,153,980,1328,220,116,924,188,83
"COG1696",1337,1163,962,1628,1945,594,816,2151,1294,1491,892,914,1412,1402,1682,1124,883,944,961,1399,1227,732,1901,993,1530,542,1214,2032,1068,957,2004,1001,746,3605,1243,2224,377,934,2109,692,1110,929,2499,1029,1107,1205,410,2225,1930,1033,1363,587,682,1401,2661,2575,628,840,1128,926,730,1326,897,1053,1045,1151,2086,1093,1053,651,2213,2026,1233,1410,658,895,2221,985,1401,1250,666,2433,2157,2347,1037,1083,996,2071,1876,1548,997,1509,1441,512,1056,3698,724,1351,1199,921
"COG1697",530,407,575,357,1175,75,363,210,1417,832,106,290,1480,1209,1693,1439,958,367,126,923,1414,47,1377,382,21,153,626,2109,59,197,1484,458,394,4010,1459,2505,35,1441,2053,468,766,524,2655,313,299,1052,537,495,1397,465,786,742,170,1017,4039,379,1702,545,953,120,144,194,249,376,801,1058,268,392,1361,76,2622,452,1019,139,582,207,1474,513,1329,1085,32,2768,2120,143,276,378,3,1628,1264,1498,1136,1279,277,14,5,129,326,2706,197,518
"COG1698",71,39,53,38,238,5,57,0,241,50,17,40,291,200,342,242,126,34,20,221,273,3,381,38,0,29,106,423,2,17,366,88,78,742,263,541,11,239,515,53,102,113,658,58,26,265,24,0,310,88,104,107,30,166,1050,44,150,72,204,31,43,19,23,27,125,178,0,70,239,9,622,91,163,39,77,13,234,61,326,173,0,653,573,33,42,63,0,450,165,338,199,205,18,1,0,16,50,577,41,64
"COG1699",70,20,41,47,286,34,62,260,112,244,10,80,162,104,215,141,70,51,30,21,49,37,295,75,43,21,92,282,29,42,206,9,66,762,44,296,12,22,366,77,32,57,298,55,132,42,16,508,349,125,68,61,37,132,149,120,59,42,32,29,20,76,75,28,41,23,1,42,77,40,331,187,31,13,84,27,388,66,207,68,78,225,254,39,21,30,76,163,144,128,25,209,24,23,43,110,57,254,21,45
"COG1700",1,5,15,13,132,5,2,8,2,24,0,2,1,6,24,5,0,22,26,2,17,2,49,3,108,15,7,29,10,2,37,408,7,28,3,39,56,16,9,3,10,8,5,4,180,2,8,12,6,1464,32,16,3,162,2,4,318,1,3,5,15,7,7,1,5,0,29,0,44,102,5,12,47,5,2,3,14,7,39,48,27,116,15,20,0,4,13,31,9,2,2,19,5,260,10,10,5,0,312,0
"COG1701",306,271,338,129,399,26,193,0,871,257,63,181,925,604,748,1040,562,206,94,518,799,7,641,222,0,114,315,832,27,125,1068,111,245,1236,820,774,17,838,812,260,387,393,1174,159,39,627,156,0,645,205,486,409,126,563,1836,172,156,335,569,111,77,115,120,223,412,546,151,265,850,68,963,207,399,102,295,57,605,284,560,657,3,1125,881,105,167,240,0,1076,368,1075,585,434,162,1,0,83,214,1743,122,309
"COG1702",8408,9723,17215,11971,3767,8677,10359,14048,7600,6366,11536,9230,5819,7516,7012,14177,10603,10928,45992,8452,6814,9297,5076,14686,14883,40933,6308,4554,8999,8709,5266,10705,10300,3232,7807,4075,24373,17759,5195,13192,10662,8214,4405,9857,6647,8697,99389,14098,5011,3446,8478,12674,8550,6150,4705,6906,10166,12827,9142,9948,37889,10618,14479,9909,9926,9035,7946,11974,13408,39681,4489,4559,7789,38171,21387,10503,4431,9255,3757,7498,8844,5003,4204,11233,9146,8880,11214,5457,5357,6812,8659,5296,10921,4112,7566,37400,12558,5141,2850,9528
"COG1703",3075,2600,2346,4379,4203,1467,2643,1935,4243,4848,1366,1890,5552,3873,5480,5521,4130,2374,1258,2534,4089,1655,5370,2345,1594,535,2919,6232,1971,1621,3970,1774,2816,7982,4689,6497,315,5027,6751,2317,2840,3172,7482,2620,887,3303,910,2361,6651,2838,4066,2420,1711,3784,6594,3927,2465,2836,3346,1397,832,2302,1994,2546,2644,3627,5168,2912,4300,978,7042,3758,2647,964,2561,2047,8239,3072,3833,4561,1514,6360,6389,5622,2456,3110,1634,4715,5167,4252,3662,5019,2529,2092,1296,1573,2059,6771,679,2668
"COG1704",542,397,417,519,820,262,275,1851,545,719,122,257,769,735,447,517,491,353,657,198,516,246,429,398,2138,316,918,455,376,262,599,1082,332,994,576,783,467,469,362,432,497,684,603,344,1973,280,166,1437,497,835,542,542,253,1134,232,1019,1306,348,291,178,608,456,422,479,417,306,315,436,409,827,380,438,350,677,352,320,519,565,605,761,407,398,653,483,377,354,2393,418,545,765,289,619,417,2153,2113,757,278,473,310,404
"COG1705",437,807,1206,1269,1133,456,204,2147,486,98,295,471,160,358,412,656,307,412,2252,314,476,628,509,545,950,2590,888,275,961,492,484,1957,335,713,545,423,3724,497,171,375,744,541,269,525,1343,264,5191,1410,218,1373,654,788,401,426,277,892,760,422,904,235,4199,819,842,696,597,586,1540,445,515,1165,190,741,405,2867,759,448,317,431,1482,1135,341,292,569,2300,309,339,517,284,79,260,547,258,850,1522,1985,2446,305,221,1782,334
"COG1706",835,805,824,912,2045,837,1069,3426,697,589,346,875,1022,979,867,645,1002,813,1205,228,532,904,1260,850,2584,750,1432,1293,1402,778,1267,2117,998,2320,502,1554,1520,575,987,763,674,930,1245,1065,2722,247,260,3417,1152,1778,267,434,275,365,253,466,274,236,172,82,337,290,266,291,148,118,319,228,191,345,389,559,157,334,293,289,548,196,763,392,541,258,419,286,98,160,674,307,161,356,87,243,245,1208,799,560,259,264,802,214
"COG1707",0,0,0,0,10,0,0,0,0,13,0,0,0,2,12,0,0,0,0,0,0,0,21,0,0,0,0,22,0,0,2,0,0,12,0,20,0,0,30,0,0,0,24,0,0,0,0,0,24,17,0,0,0,1,32,0,0,0,0,0,0,0,0,0,0,0,0,0,0,0,18,10,0,0,0,0,13,0,13,0,0,21,14,0,0,0,0,51,17,1,0,17,0,0,0,0,0,10,0,0
"COG1708",9,8,0,0,388,24,13,483,41,65,16,17,65,50,63,37,32,13,415,7,33,17,134,14,2399,156,217,113,6,5,164,739,12,147,5,294,143,29,63,16,17,158,127,79,749,16,32,59,236,340,20,2,8,215,78,191,252,11,15,83,241,20,23,5,4,5,3,26,69,916,413,238,10,563,9,27,35,55,46,93,11,109,220,8,1,36,3196,85,195,34,13,144,1,283,1617,508,52,156,185,17
"COG1709",16,13,8,0,49,2,11,0,49,82,7,21,114,46,42,144,26,20,1,50,79,5,15,6,0,3,44,88,6,6,73,0,23,29,22,67,5,34,103,27,26,71,86,6,5,56,5,0,120,33,31,0,6,136,46,14,59,15,6,12,5,0,10,0,17,17,0,13,49,8,109,38,47,6,11,2,74,62,45,22,1,37,63,0,3,47,0,127,120,44,18,151,2,0,0,3,51,148,10,77
"COG1711",12,0,1,48,305,0,1,1,273,90,3,0,202,251,358,69,23,0,0,310,141,0,431,4,0,44,1,553,0,0,533,123,148,981,227,699,5,51,599,5,34,46,891,0,35,408,9,0,228,87,8,1,0,33,466,0,63,1,34,0,14,0,0,0,12,45,0,5,14,0,245,21,44,14,0,0,128,0,129,5,0,295,263,15,2,1,0,184,91,202,34,86,0,1,0,0,0,238,6,1
"COG1712",218,165,169,234,677,187,334,302,566,515,105,216,999,711,597,243,257,204,8,472,388,201,626,188,113,90,242,1089,275,270,1273,151,504,1167,463,1374,20,214,855,180,179,281,1414,274,78,733,83,663,1219,518,184,168,215,574,1532,224,158,217,252,51,94,251,139,134,213,262,126,224,296,28,1367,476,396,129,214,330,1028,234,857,257,321,1022,920,211,120,220,53,1239,633,1176,245,703,145,71,193,16,258,1320,61,186
"COG1713",19,7,1,10,154,0,2,0,99,79,2,4,381,163,55,27,10,5,2,35,63,14,70,2,0,11,72,198,0,1,361,3,10,25,51,199,3,9,163,14,30,156,125,1,0,162,1,0,259,146,14,3,0,448,49,28,10,5,29,1,23,1,1,0,24,40,0,84,17,0,205,87,62,26,2,3,231,70,118,18,4,89,104,5,4,146,0,369,68,129,41,91,6,0,0,2,0,354,46,23
"COG1714",605,585,324,846,1291,593,398,1496,359,732,489,457,549,444,776,420,348,430,817,380,432,431,1113,411,1854,539,906,773,513,471,750,1829,552,891,327,1001,1223,315,870,353,397,689,808,590,1155,383,146,674,970,1330,547,593,605,682,599,740,637,306,372,526,885,626,563,572,252,538,715,450,408,734,713,1154,324,763,313,355,863,471,1182,609,472,927,1085,997,412,644,2425,779,686,638,564,902,464,1936,1899,984,533,678,2047,480
"COG1715",169,113,90,41,475,34,181,481,44,224,51,110,71,72,121,123,44,238,171,50,152,51,150,35,576,237,644,127,58,76,199,719,70,209,34,243,405,82,90,152,410,167,151,139,853,35,30,393,68,193,102,93,58,155,121,291,398,123,39,106,295,92,139,103,69,16,107,83,119,87,71,165,178,95,96,115,123,183,782,161,39,119,193,41,36,156,239,64,415,85,19,414,42,1751,485,190,125,88,766,122
"COG1716",421,210,299,205,1196,70,315,1932,469,638,260,224,651,518,547,336,638,587,368,314,363,178,584,350,336,277,577,1120,172,105,673,922,273,3637,385,1251,782,554,722,432,358,531,1065,330,719,326,181,781,1158,1078,692,363,92,674,571,769,411,349,321,289,327,201,478,405,328,254,59,372,469,449,1117,694,297,289,520,217,1641,381,646,326,169,677,742,229,480,343,1798,748,893,682,232,936,226,58,516,570,348,811,411,239
"COG1717",247,160,285,115,411,27,178,0,617,197,58,90,720,425,652,690,391,143,73,344,612,11,591,192,0,44,212,780,17,82,620,160,133,1315,655,981,15,520,986,123,298,273,1124,122,141,437,237,0,590,140,103,85,19,96,557,42,331,67,154,26,21,30,44,53,94,152,46,51,169,14,350,59,140,21,77,21,193,70,177,159,1,377,319,17,42,48,0,227,130,207,153,126,52,0,0,25,49,355,26,93
"COG1718",352,297,430,449,633,58,235,673,1037,283,81,184,1222,815,732,1190,745,234,351,750,1138,9,553,312,355,237,420,750,30,114,1089,524,275,1009,1191,784,201,952,773,281,562,532,963,242,198,834,169,155,841,348,555,549,138,642,1404,179,491,382,654,92,260,179,176,266,548,747,564,259,897,119,787,255,801,399,370,111,920,312,609,885,24,875,755,322,180,271,128,1164,439,1081,772,450,177,1073,281,295,201,1677,164,349
"COG1719",28,19,17,10,5,0,11,0,18,78,3,0,30,13,39,7,39,7,1,1,9,0,10,17,0,5,11,0,1,0,11,0,0,8,59,5,0,2,52,12,63,13,27,3,3,7,5,0,4,0,9,65,0,36,11,9,38,16,3,0,7,14,0,11,34,40,24,1,22,0,14,7,2,0,4,1,2,22,6,96,0,23,4,6,30,10,0,9,75,12,22,97,7,0,0,10,16,47,3,3
"COG1720",116,83,55,115,1088,15,26,74,114,107,15,50,199,155,96,114,108,59,478,107,174,28,342,32,272,340,592,187,56,35,348,880,158,1874,134,312,957,160,73,55,200,325,113,178,1410,33,71,150,151,1045,78,464,20,312,171,236,485,40,50,46,541,64,79,51,73,73,154,121,142,335,116,669,207,373,79,90,103,66,1118,195,87,152,272,125,27,190,83,216,214,123,73,266,31,355,98,573,27,126,1630,54
"COG1721",3237,2823,2753,3787,5528,1738,2065,6450,4608,5643,1134,1949,5990,4331,4370,5743,3129,2439,2077,3265,4515,1787,4390,2539,3741,1420,4576,5407,2081,2120,6238,3713,2120,6039,4707,4898,2839,4178,5068,2524,3182,3762,5029,2275,4454,3496,1016,4218,6675,5372,4178,3674,1941,5501,3059,4499,5454,2630,3897,1759,2335,2982,2481,2816,3018,4344,4236,3360,4429,2562,5096,4697,2882,1831,2472,1366,7052,3558,4601,4982,1560,4066,5500,5192,2885,3382,5760,6132,7549,5120,4296,6414,2947,4549,4250,2255,1890,7009,5184,3006
"COG1722",393,431,303,404,602,560,311,522,394,510,359,322,363,381,449,300,333,290,576,435,428,409,421,371,467,430,473,441,485,438,408,593,408,378,350,394,527,312,395,310,338,412,493,433,956,333,121,489,521,650,407,468,433,399,320,355,388,268,409,322,300,547,362,413,327,555,443,361,290,394,406,651,366,181,305,413,510,307,598,457,501,462,429,420,285,473,522,290,601,377,523,485,429,599,560,606,289,284,727,326
"COG1723",45,32,20,48,476,36,18,59,27,15,10,18,26,62,21,42,84,20,20,72,75,1,42,19,30,54,272,24,20,21,154,68,13,878,105,73,64,101,25,16,198,68,12,176,377,10,20,127,3,78,25,255,18,52,39,48,159,15,38,23,157,10,23,6,64,60,49,42,52,41,17,590,212,23,83,91,6,26,710,74,12,28,58,7,2,68,30,106,2,20,62,135,10,73,13,58,10,34,1073,10
"COG1724",0,0,0,8,1,2,1,69,0,16,0,0,3,1,1,0,0,0,0,0,0,0,4,0,7,0,4,0,0,0,1,7,0,0,0,6,0,1,0,0,4,2,1,0,25,0,0,221,1,4,2,2,2,1,6,4,184,1,0,0,9,2,0,1,0,0,0,1,1,6,2,2,0,1,0,0,2,2,3,2,0,0,0,1,0,0,13,3,52,1,0,13,0,5,10,3,1,2,0,0
"COG1725",1203,763,1102,181,160,768,2028,354,312,274,533,1660,333,794,428,733,634,1602,112,440,1999,1009,258,471,671,552,2355,229,572,1397,224,199,1705,121,307,365,49,870,263,1254,1174,722,288,1177,145,157,89,26,347,134,1192,956,755,918,260,2889,105,1080,723,601,66,790,847,906,1062,161,25,571,646,599,350,574,2035,47,1515,1622,239,1579,104,798,599,266,273,200,79,235,1835,171,230,247,221,200,692,99,537,114,1038,224,63,1316
"COG1726",2791,3499,1978,3622,1994,3638,1655,1581,2260,1097,2291,2547,1573,1750,1809,2742,1858,2202,1478,2827,2399,3211,1467,2407,1152,935,2831,1155,3818,3256,1991,2289,1675,2615,2374,1027,2118,1931,1022,1844,2358,2302,964,2388,2862,2367,902,574,1310,2108,3450,2502,3227,1818,1132,2900,1488,2136,3104,2629,1362,3329,2862,3162,2329,2978,4481,2583,2243,1066,767,2492,1740,971,1565,2104,1644,2325,2358,3100,2325,1221,1398,5176,3677,3515,436,1828,522,2306,3033,1057,3608,2456,691,1624,1973,1555,3659,2359
"COG1727",157,122,163,51,275,18,107,0,448,151,32,59,468,375,515,479,288,113,38,292,475,4,454,128,0,51,158,573,18,54,527,142,124,846,529,641,12,425,631,130,201,199,783,92,204,367,224,0,392,115,279,197,44,247,1203,95,990,143,284,44,46,41,79,109,235,283,65,104,345,20,716,107,289,56,202,49,465,146,358,288,1,881,699,30,79,104,0,577,360,484,295,359,85,6,0,32,89,765,69,171
"COG1729",3597,3762,3152,3381,2636,4646,2857,1958,3581,4920,5103,3624,2949,3341,3959,3133,3804,3532,1366,4678,2799,4730,3698,4060,1487,1428,2198,3339,4517,4097,3616,1675,3100,2700,3692,2895,1843,3402,3760,3665,3349,4206,3192,3640,1859,4229,1117,1522,3487,2578,1163,942,1513,886,1018,717,1160,1322,1130,1506,460,1308,1120,1085,1175,1350,1317,1338,1136,235,1126,922,923,435,895,1242,1103,1257,946,1086,1462,1158,1001,1135,1477,1492,342,1267,1684,1103,1391,1473,1204,861,577,365,1292,1078,615,1391
"COG1730",16,7,17,24,5,1,13,0,41,34,0,1,73,45,22,88,45,8,0,33,51,3,5,13,0,14,31,8,0,1,45,3,8,6,42,9,1,44,20,36,29,48,17,19,16,54,5,0,35,2,20,8,0,105,18,2,129,24,26,0,2,2,21,1,30,32,19,8,29,1,10,3,107,2,41,26,14,43,9,5,0,13,4,1,7,23,0,50,61,23,61,47,4,0,0,1,22,24,5,37
"COG1732",135,55,50,268,437,101,138,214,111,134,40,109,262,159,201,78,34,162,256,16,57,173,407,81,1620,124,180,316,153,103,192,503,342,313,46,521,274,44,309,107,98,283,401,260,399,42,79,409,358,435,154,245,86,285,177,190,91,76,48,82,163,204,85,86,68,28,15,79,43,593,454,390,31,141,91,78,315,96,226,149,201,254,448,201,43,58,2385,252,194,219,36,216,96,1434,784,169,107,291,73,66
"COG1733",563,701,1270,2972,2122,215,359,3201,880,345,310,295,758,615,694,900,1319,441,1123,480,729,368,1005,1598,2983,542,1282,836,677,245,754,2283,391,1305,728,1252,1919,922,590,556,608,716,660,455,3841,477,551,2324,729,3582,649,1632,237,1078,630,843,1192,544,1051,379,1058,1170,939,657,609,1111,3102,523,654,2125,798,928,539,756,758,403,868,501,2207,998,741,755,1344,3017,420,541,3437,593,582,587,1048,502,824,2275,3334,874,357,923,2022,390
"COG1734",2512,2751,2487,2419,2354,3459,2164,1754,2692,2775,3354,2442,2127,2480,2372,2229,2755,2527,1434,3029,2006,2855,2318,2786,1975,1208,1764,2470,2845,2776,2381,1804,2290,2297,2609,2354,1975,2462,2201,2592,2549,2663,2249,2448,2762,2741,922,1270,2278,2487,2389,2269,3199,1989,2095,1312,1607,2778,2584,3336,1298,2924,2708,2679,2580,3050,2038,2829,2599,1049,2206,2190,1996,980,2056,2515,2694,2383,2486,2281,3068,2126,2130,2170,3242,2952,1648,2511,2647,2541,2887,2524,2679,2389,1492,1107,2777,2206,1944,2588
"COG1735",149,48,64,39,748,61,124,28,488,702,36,110,2054,598,398,180,115,72,12,166,172,75,383,65,146,42,184,1410,100,77,2463,33,354,381,162,1514,25,164,671,94,87,536,764,173,36,678,28,5,1659,781,64,89,73,1487,598,97,162,87,99,69,159,133,52,51,98,106,167,266,152,5,1350,660,111,139,92,71,1079,375,614,93,214,426,616,43,80,604,114,2132,703,784,114,697,76,13,37,18,78,2226,424,169
"COG1736",433,357,545,257,901,61,286,0,1163,406,113,216,1334,918,1580,1309,784,289,91,678,1202,11,1403,363,0,170,439,1877,38,142,1257,421,309,2871,1397,2190,26,1020,2115,345,692,470,2692,221,496,814,576,0,1230,382,622,531,142,713,4342,239,2438,436,831,112,99,160,204,292,655,880,305,331,1121,89,2380,386,848,126,442,134,1285,366,1193,893,10,2749,2358,119,234,322,0,1279,979,1352,944,1104,240,9,0,124,267,2324,158,422
"COG1737",592,881,532,3468,2281,588,579,2299,545,739,505,464,397,414,747,314,522,430,1614,487,489,636,1226,844,1513,1031,1499,802,922,512,856,3381,643,998,268,981,2856,321,605,394,723,1083,1148,994,3052,318,400,3340,617,2652,543,2066,548,601,834,549,1340,450,820,320,1728,1359,1019,767,409,1032,3069,402,411,1152,746,2667,548,1174,625,686,1449,333,2655,833,1249,760,995,3710,362,738,1282,616,670,416,1065,792,835,3441,1962,1685,496,296,5190,437
"COG1738",3604,3891,3438,3015,1531,4354,2367,1314,3498,2680,4204,3437,2493,3060,2894,3027,3344,3237,1632,3959,2793,4163,2220,4143,1808,1672,1910,2196,3767,3804,2512,1256,2687,1079,3441,1814,854,2767,2393,3334,3207,3263,2103,3017,917,3927,1442,1698,2285,1178,3526,2778,4120,2479,2110,2649,2034,3356,3870,3885,1608,3716,3575,3651,3592,3922,3051,3547,3126,1118,2037,2218,2815,1364,3001,3150,1685,3328,1167,3232,3741,2087,2051,3300,4463,3924,2074,2937,2987,3091,3818,2455,4445,1361,1033,1504,3200,2761,1310,3535
"COG1739",174,154,84,839,838,60,64,451,151,352,19,38,194,231,235,296,114,99,519,154,246,45,432,82,583,525,687,296,77,71,409,1028,121,516,238,403,1163,237,209,68,239,412,279,344,1211,138,72,669,312,1041,195,420,35,417,219,389,547,85,132,50,638,176,117,135,158,238,1312,216,222,398,272,728,267,385,89,160,359,260,1043,279,46,317,593,1013,47,298,440,257,188,200,242,466,138,1222,360,480,56,251,1641,105
"COG1740",13,37,8,7,303,15,25,284,7,77,5,33,21,11,30,30,5,24,73,2,8,5,110,6,168,85,210,93,7,5,105,270,3,91,7,48,338,11,36,12,47,54,47,54,189,5,14,211,12,593,65,464,30,184,229,278,722,31,29,40,238,28,24,9,14,6,22,77,103,357,98,1856,72,85,5,163,34,18,947,144,33,301,133,13,13,220,590,366,658,39,8,373,8,1094,771,139,27,47,3710,20
"COG1741",4115,4323,4413,3682,4100,4723,5180,4005,4007,2847,4967,5580,3080,3971,3490,3128,4494,5281,2640,4458,3856,4849,3477,3992,4672,2146,2802,3792,5004,4828,2602,4029,3148,4748,4063,3808,3107,3870,3431,5342,4242,3830,3362,5515,4989,4080,1412,4514,3486,4304,4144,3756,4830,3652,3252,2908,3029,5852,3798,5442,2491,4017,4333,4110,4345,3837,4714,3741,2953,2861,3906,3499,3721,1833,4353,5183,4071,3979,4060,3879,5306,2964,3970,3589,4904,3833,4829,2950,2725,3503,3981,2699,4076,4537,3936,2738,5280,3228,3948,4185
"COG1742",36,55,13,45,582,24,5,589,101,159,9,14,34,54,99,45,18,34,345,19,50,0,237,11,816,223,425,259,34,17,241,854,62,156,42,388,766,34,77,21,116,163,239,66,609,8,50,328,237,779,42,54,11,162,191,202,242,8,45,22,304,23,46,27,22,65,16,43,57,379,216,1012,71,179,20,30,423,38,402,109,7,161,237,40,1,106,613,170,257,38,74,295,11,933,705,367,24,128,1540,16
"COG1743",75,53,35,3,1206,60,55,327,130,67,19,44,27,34,84,41,23,174,86,29,59,11,227,37,1044,138,250,126,20,34,411,269,35,181,22,280,723,45,152,68,34,191,168,220,568,42,43,125,97,212,133,248,33,173,279,286,160,39,40,74,213,22,51,28,32,9,16,71,49,182,480,319,46,61,51,42,44,69,451,230,23,193,278,4,47,168,636,589,256,117,22,203,20,428,267,63,45,93,1185,56
"COG1744",4944,5360,4949,4944,4043,4925,4549,2567,4615,5083,4916,4268,4711,3979,5754,4002,6099,4526,3819,3642,3178,3846,5913,5469,2312,3902,2339,4881,3337,4007,2900,6167,3609,3194,4078,5231,2068,5598,5659,5079,4119,3442,5376,4050,2540,5028,8326,4141,5276,2612,4379,4643,4835,3547,6134,2407,2085,4680,4596,4019,2951,3001,5387,5786,4159,4054,4435,4345,5182,4924,4522,4281,2669,4979,6641,4320,5147,3838,2834,4058,3127,5699,4458,4621,5409,3926,4365,3023,3774,4795,4218,4013,5276,3837,2495,5523,5922,3204,674,4212
"COG1745",0,0,0,0,0,0,0,0,2,2,0,0,16,3,0,0,0,0,0,0,0,0,1,0,0,1,1,0,0,0,3,0,0,0,0,0,0,0,1,0,0,34,0,0,0,8,0,0,0,0,0,0,0,4,1,0,0,0,1,0,1,0,0,0,0,0,0,2,0,0,0,0,0,1,0,0,2,1,0,0,0,1,0,0,0,7,0,5,2,7,0,5,0,0,0,0,0,3,1,0
"COG1746",49,16,59,131,1118,4,39,0,866,372,20,36,890,720,1428,452,138,43,11,907,461,6,1612,38,0,73,105,2126,12,18,1686,596,354,3956,541,2675,33,191,2147,60,110,129,3152,19,657,1085,454,0,1010,319,127,14,21,486,5159,32,3597,25,306,9,118,0,58,6,156,315,1,82,297,5,2934,290,488,170,73,9,1238,120,1551,91,3,3459,2680,157,34,99,0,1744,1238,1354,341,1249,19,11,10,11,79,2248,39,112
"COG1747",33,29,37,38,53,6,7,0,99,133,4,2,74,94,98,69,8,37,106,0,76,14,109,37,0,15,76,89,1,7,57,3,18,2,63,73,3,19,124,43,72,44,114,3,1,2,1,0,123,62,103,32,3,83,1,160,4,30,46,0,14,88,50,181,57,60,1,78,36,1,80,66,87,20,27,6,133,41,42,93,15,117,61,35,9,9,0,95,12,86,68,114,82,0,0,471,1,80,21,65
"COG1748",4401,4797,2851,4070,2481,3469,2143,3997,3419,2245,2123,2656,2695,2530,3001,3591,2822,3077,3555,3091,3657,2511,2170,3015,3420,6241,3170,2159,3168,3183,2021,4509,2227,1706,3809,1935,3040,3210,1896,2381,3314,2404,2097,2616,3152,2531,2421,2687,2446,2616,1637,1068,1075,788,741,1341,861,898,1358,709,1387,1116,981,1506,1078,1487,1704,960,1004,660,547,947,978,8298,859,752,844,822,658,1623,736,619,689,1790,1654,1130,1267,750,939,1211,1457,623,1662,928,1225,1168,899,828,1070,1016
"COG1749",1223,1247,1406,1509,2398,1436,1792,3001,1098,678,588,1471,1396,1330,1107,840,1891,1256,1571,347,753,1659,1354,1597,2448,951,1851,1268,3069,1488,1500,2753,1540,2987,660,1747,2136,992,1159,1239,969,1233,1261,1620,2989,383,449,2525,1191,2361,1165,2130,1452,1295,838,1663,954,1131,655,373,1175,1356,1386,1528,776,459,1674,974,790,1132,1283,1647,684,1220,1716,1595,1589,904,2207,1684,3229,908,1338,1351,486,634,1490,948,595,1322,448,932,1303,4262,2689,1834,1416,878,2787,964
"COG1750",0,0,0,0,1,0,0,0,0,150,0,0,0,0,3,0,0,0,0,0,0,0,0,14,0,0,2,0,0,0,14,0,0,0,0,1,0,0,2,0,0,1,3,0,91,0,0,0,4,0,0,0,0,0,2,0,944,0,0,0,2,0,0,0,0,0,0,0,0,0,0,0,0,0,0,0,35,0,1,0,0,0,0,0,0,0,0,1,536,0,0,222,0,0,0,0,0,1,3,0
"COG1752",1490,877,1058,4553,5802,524,773,5844,1494,2120,1067,747,1389,1503,1768,2235,1273,1009,4208,1507,1419,1112,3299,1140,4804,2438,4267,2842,1291,787,2358,6600,997,5307,1889,3475,5863,3498,2159,1046,1775,2155,2779,1373,7994,1558,1086,3533,2837,6462,1251,2812,725,2266,2519,3037,3576,871,2087,1400,3715,1351,993,635,1463,2709,3144,1976,2557,2958,2406,6536,1775,3284,1448,1184,2762,1391,4886,1685,1191,2377,3507,4247,1276,2500,3222,2217,2647,1227,2342,2779,1009,7787,5822,4415,670,2357,9641,868
"COG1754",12134,11413,13984,12387,4465,13549,14553,3859,10932,9472,15172,15084,8897,11259,10134,11446,13107,14413,3367,13230,12479,15546,8407,13463,5152,5058,8246,7568,14617,14217,6558,1510,12908,6348,12069,6102,1779,12518,9093,14239,11986,11016,7581,13564,2290,13172,4286,3713,8007,3582,11486,10094,13952,9719,7448,10126,4511,14458,13287,17087,2517,12823,13007,11796,13367,13004,8959,12705,11789,3575,7498,6092,12618,2359,12423,14164,7859,12156,3461,11492,12426,8568,6824,12645,15184,13084,8028,7657,6680,9790,13034,7892,12827,4378,5142,2582,14659,7566,482,11962
"COG1755",36,14,34,16,59,103,73,61,16,12,7,53,57,43,39,5,30,48,4,4,5,8,44,39,122,7,31,89,44,47,18,10,30,80,7,212,3,21,77,27,11,20,114,92,83,4,4,145,73,41,29,4,95,88,76,41,3,18,4,26,3,24,21,25,6,4,1,10,7,34,161,54,4,4,18,31,226,17,108,37,86,40,89,14,15,11,532,16,23,63,10,41,20,7,163,3,53,32,9,13
"COG1756",21,17,14,100,348,0,11,0,279,62,1,3,370,290,335,80,93,5,1,294,182,0,416,6,0,83,5,745,0,3,636,112,141,1310,249,1051,4,106,506,14,57,8,865,14,11,399,39,0,351,134,51,12,2,128,1509,4,25,11,116,1,41,7,12,3,92,143,31,26,130,0,842,73,260,72,59,15,743,3,514,21,5,834,652,67,8,6,0,727,119,550,167,248,11,5,0,4,1,779,22,9
"COG1757",1825,2567,1385,4164,7124,1509,1051,2492,2344,3570,885,1262,2045,1878,3386,2360,1239,1247,3384,2545,1966,1631,5248,1623,2358,2859,4305,3937,2277,1443,3252,7095,1983,4239,2469,2649,9676,1782,3863,1273,2413,3808,3928,1710,6211,1867,798,1505,3938,9125,2494,4615,1359,2574,3203,2450,7246,1288,2324,1030,4042,1861,1825,2003,1771,2261,3951,2475,2077,2902,3223,8378,1753,1382,1371,1184,4228,1929,5786,2973,1551,4096,4802,4915,3158,2986,1770,3166,6479,2196,2342,4408,2612,3206,1423,3425,734,3147,15668,1931
"COG1758",2256,2120,2284,2034,1270,2835,2059,756,2257,1553,3347,2247,1529,2234,1783,1830,2203,2332,1037,2800,1962,2748,1490,2395,809,1144,1381,1479,2654,2517,1826,978,2249,1793,2387,1516,1069,1956,1544,2256,2198,2337,1705,2271,1257,2643,735,693,1227,1045,1908,2216,2774,1445,2317,1302,1333,2302,2234,3053,897,2479,2089,2142,2525,2329,1845,2384,2026,635,1548,1319,2255,773,1793,2621,1171,2086,1365,1874,2756,1959,1501,1743,2505,2277,854,2208,1043,2281,2336,1338,2292,895,846,901,2368,1731,944,2596
"COG1759",302,452,504,280,1448,98,162,2,1334,386,58,134,1094,1109,2148,551,705,256,88,1039,758,0,1954,506,0,169,188,2432,25,160,1615,856,441,5474,1023,3874,48,586,2893,155,580,153,4097,95,117,1417,158,0,1222,403,738,494,73,482,6857,174,458,430,467,40,197,197,76,398,594,591,423,124,872,110,3986,384,643,215,127,81,1597,196,2109,950,7,4440,3590,118,321,58,0,1740,1224,1711,553,1494,242,15,0,128,201,2551,87,138
"COG1760",365,582,469,2047,1824,154,432,2443,638,1121,145,195,572,569,1518,564,661,311,787,324,500,221,2496,604,3142,573,1101,985,337,131,877,1893,472,2201,498,1109,1465,418,1593,349,565,855,1196,426,1339,511,172,2342,927,1946,295,1278,132,855,786,532,917,381,597,180,1070,541,547,610,400,744,2254,522,561,1112,1136,1687,466,636,621,315,1795,494,1820,828,628,1718,1520,2199,121,668,2643,652,609,469,818,942,511,2823,2584,827,332,957,2615,379
"COG1761",25,19,20,37,10,2,14,0,45,35,3,14,50,41,7,62,51,13,7,16,52,5,14,15,1,9,10,7,5,12,11,4,12,2,56,8,1,36,12,19,21,29,3,7,34,29,7,0,15,1,32,8,10,47,5,9,237,15,24,3,2,2,5,7,33,33,37,4,36,6,9,3,70,4,31,10,17,35,10,14,9,2,3,1,2,11,0,12,94,16,27,64,10,0,0,4,22,22,5,24
"COG1762",445,369,473,809,1009,589,532,1407,551,962,276,421,749,580,668,456,497,448,614,205,359,434,723,568,936,354,765,848,889,455,1126,1208,572,516,308,966,953,301,737,421,463,570,862,500,1295,279,144,1231,902,1135,488,807,534,792,420,773,411,342,370,229,535,697,630,485,355,317,723,394,347,964,967,1003,319,325,431,440,1302,410,1147,567,1253,619,907,691,184,366,1373,759,906,716,272,981,385,1429,1098,592,354,612,1723,303
"COG1763",428,570,523,633,283,720,516,327,485,872,388,610,581,551,553,351,625,454,97,334,336,552,436,619,300,88,324,528,830,623,829,358,455,214,399,488,149,412,506,456,359,482,483,601,51,350,99,316,521,361,440,362,659,456,351,323,218,459,423,288,54,569,500,663,367,434,929,329,303,36,537,370,341,35,633,705,762,337,342,520,1058,378,423,466,297,411,70,413,850,632,431,619,591,945,241,40,596,368,117,354
"COG1764",283,465,294,732,1309,790,203,1199,512,159,449,388,332,443,376,351,285,272,1043,561,431,695,771,348,1857,638,912,403,541,620,640,1648,390,943,333,613,1658,207,267,281,675,943,329,521,1590,443,226,1281,266,1553,364,809,651,645,375,321,717,289,713,522,1041,483,345,463,473,551,680,454,379,985,455,1108,400,702,290,400,196,714,1601,633,500,444,1026,764,456,597,2381,428,224,401,514,317,463,2372,1740,869,292,403,2079,529
"COG1765",551,653,436,966,1199,489,422,1215,809,508,263,461,824,645,869,956,598,465,712,524,841,469,1103,503,1868,385,828,916,728,502,762,1342,547,869,757,971,738,628,844,418,691,738,791,505,1389,451,268,1661,1086,1122,804,786,425,719,583,957,482,495,882,306,638,537,522,522,623,753,1093,496,821,1005,783,893,512,686,412,396,1130,543,1036,1068,683,848,1093,1302,534,369,1727,628,438,638,721,496,594,1543,1228,1026,403,949,892,502
"COG1766",1279,1281,1311,1550,2975,1470,1786,4114,1067,778,580,1322,1341,1302,1192,904,1713,1342,1908,351,820,1328,1699,1506,3505,1191,2146,1538,2209,1334,1711,3347,1468,3499,671,2004,2562,953,1274,1315,987,1505,1506,1598,3686,335,427,3756,1385,2920,1256,2036,1251,1611,1087,1918,1196,1126,633,446,1547,1465,1362,1451,676,488,1559,1027,830,1524,1418,2131,756,1397,1581,1497,1730,895,3263,1736,2560,1134,1621,1475,487,719,2771,1043,668,1297,509,1089,1386,5218,3375,2138,1438,948,3394,949
"COG1767",133,133,244,142,72,223,168,321,173,123,207,143,125,178,113,140,215,117,202,195,86,198,79,264,72,96,110,83,292,234,155,336,115,58,137,79,65,206,134,154,180,115,118,205,130,136,103,0,94,30,91,200,253,186,101,105,90,124,101,174,128,193,148,137,196,157,57,155,121,66,79,49,108,210,135,182,92,125,68,145,188,87,110,86,184,110,6,203,199,168,135,174,153,146,102,148,194,134,30,131
"COG1768",8,0,0,0,6,1,2,0,0,0,0,0,3,5,6,2,0,3,0,0,0,0,8,0,0,1,1,16,0,2,5,0,0,1,0,18,0,0,16,2,0,3,28,2,0,0,0,0,33,18,2,0,1,14,1,10,0,0,0,0,1,0,0,2,0,0,0,2,0,0,17,19,0,0,0,0,33,0,13,2,0,14,9,0,2,1,0,1,0,7,1,2,4,0,0,1,0,16,0,1
"COG1769",2,0,0,0,0,2,0,0,0,0,0,0,0,0,0,0,0,0,0,0,0,0,0,0,0,0,0,2,0,0,0,0,0,0,0,0,0,0,0,0,0,0,0,0,0,0,0,0,0,0,0,0,0,0,0,2,0,0,0,0,0,0,0,0,0,0,1,0,0,0,1,0,0,0,0,0,0,0,0,0,9,0,0,0,0,0,0,0,2,0,0,1,0,0,0,0,0,0,0,1
"COG1770",7712,9650,8091,7759,5874,11428,5910,2371,8912,6692,12276,8953,5280,7580,7238,7116,8197,8635,3693,11452,7016,10141,5913,10108,3987,3522,4667,5403,9200,10290,5643,3448,6187,6330,9428,4765,4455,8159,5821,8892,9300,8664,4572,8180,3976,9734,2938,2186,5165,5161,8610,5896,11173,5524,5528,4058,5686,9486,9094,12421,3650,10056,8829,8614,9571,10772,8336,9605,8448,2951,5656,5865,7320,2493,5911,8712,4866,8539,4898,8330,8801,4982,5981,8012,11921,9251,3928,6725,5269,7043,10361,5869,9906,1388,3499,3035,8360,6441,5825,9308
"COG1772",52,14,41,1,86,9,35,0,124,149,17,63,340,126,134,326,119,52,22,125,191,5,62,6,0,1,133,137,14,56,118,1,62,44,145,79,9,76,217,97,79,113,183,16,5,125,22,0,307,91,81,6,45,323,78,28,54,72,23,25,17,1,30,5,48,66,0,38,100,10,152,98,89,16,60,19,261,225,80,102,8,101,90,0,15,109,0,142,156,79,63,174,7,0,0,21,89,205,28,202
"COG1773",774,612,608,616,232,644,968,491,286,185,412,707,260,533,242,501,378,779,302,308,1015,680,176,419,336,327,966,189,609,794,177,484,1353,132,316,279,155,474,149,614,573,324,227,624,374,201,129,213,216,380,783,628,555,455,173,1352,153,515,545,480,215,677,592,646,645,363,352,328,534,201,111,403,1132,228,611,774,169,657,235,647,567,197,206,532,233,283,182,132,178,243,368,165,561,584,374,251,604,130,236,572
"COG1774",262,326,155,1383,505,116,123,542,265,641,49,222,217,246,354,264,151,183,125,57,240,297,313,200,80,68,285,362,574,186,571,130,116,1441,428,341,48,162,276,156,288,213,327,235,102,100,84,783,416,313,258,373,124,372,125,533,303,287,308,60,170,341,335,331,253,339,2123,205,196,219,309,256,222,158,166,197,787,294,225,409,86,376,526,2254,53,72,120,449,694,311,317,584,408,136,75,101,123,391,83,113
"COG1775",0,1,2,0,0,3,11,0,2,8902,0,3,10,0,1818,0,37,3,2,0,1,1,270,263,1,0,0,0,0,1,1,0,0,0,2,0,0,1,780,3,0,0,30,0,309,0,0,0,2,0,12,0,1,3,3,24,6052,5,0,0,0,0,5,1,0,0,0,24,4,0,2,4,0,2,9,0,0,0,0,0,0,444,5,0,0,0,0,9,12411,11,0,9220,1,0,0,0,5,25,0,0
"COG1776",25,49,39,1,702,7,4,15,6,33,1,4,15,6,48,16,4,22,394,80,28,4,271,9,114,365,519,160,24,4,298,946,15,261,3,168,1217,35,57,22,175,209,42,32,1088,4,41,7,36,1092,31,1249,13,456,478,405,1391,8,2,46,1305,12,69,16,17,1,43,204,134,1019,171,2488,241,567,22,9,127,98,2575,315,48,480,621,12,10,403,98,519,331,61,4,539,14,229,53,1707,33,102,6124,29
"COG1777",195,188,258,65,129,53,118,0,472,146,59,147,398,322,348,840,319,143,60,251,618,7,198,184,0,24,302,326,28,97,296,7,100,87,338,163,10,598,322,174,355,290,280,100,7,268,73,0,398,96,376,317,99,347,192,122,48,237,391,70,36,107,95,189,305,395,152,202,568,60,260,109,270,24,129,58,356,261,126,559,2,185,222,21,144,220,0,331,135,279,411,130,137,0,0,59,197,738,68,296
"COG1778",1105,950,1240,1409,1495,746,951,665,1117,1624,764,949,1089,979,1483,1474,768,790,2214,1265,1103,1235,1709,1110,809,1461,1407,1700,1197,1023,1495,1448,877,2113,1070,1398,1363,1200,1770,814,1016,1088,1768,974,1468,1374,4343,588,1519,1361,1098,1153,778,1269,1925,1405,1734,896,1179,930,2046,956,991,1004,915,1175,1715,1151,1205,1339,1536,1342,991,668,1272,815,1560,1151,1577,1216,922,2006,1810,1813,1267,1403,416,1272,2154,1361,1172,1803,1286,784,429,1429,802,1427,1357,944
"COG1779",179,141,200,28,55,25,142,0,312,103,40,77,455,203,172,485,314,118,47,154,425,5,92,141,0,29,175,113,21,63,180,4,49,50,389,66,8,489,122,132,217,183,124,80,71,114,101,0,188,44,255,230,28,166,104,90,584,197,289,65,21,72,57,109,244,304,83,122,357,31,87,60,208,15,160,56,153,133,46,387,8,68,93,7,103,109,0,189,200,211,311,98,89,0,0,35,116,366,62,157
"COG1780",0,1,0,0,21,4,4,6,6,0,0,1,1,1,4,5,3,8,9,2,0,1,21,0,15,9,10,7,14,2,19,48,2,11,0,29,9,2,3,0,4,11,13,17,9,0,6,36,3,8,14,4,4,13,9,9,20,1,0,3,17,0,14,2,0,0,3,5,0,69,48,28,0,7,0,5,17,7,28,3,3,2,30,0,0,0,27,11,1,1,2,3,1,86,17,3,7,25,20,0
"COG1781",157,123,187,79,468,38,120,1,595,348,40,117,600,409,724,573,280,117,58,403,546,10,716,122,0,54,195,879,21,65,718,210,169,1456,555,993,15,439,987,140,227,190,1425,73,37,512,65,0,537,169,278,182,63,344,2179,85,191,174,361,59,73,51,69,129,261,373,93,134,457,28,1125,171,297,62,146,34,642,162,594,393,0,1373,1119,43,103,125,0,630,431,628,371,575,91,8,0,55,140,1107,142,181
"COG1782",664,493,818,343,1859,251,492,271,2175,759,132,446,2360,1626,2843,2094,1199,517,195,1493,1957,51,2756,638,128,201,808,3566,167,288,2166,775,667,5712,1963,4130,59,1579,3746,560,930,868,5122,264,1025,1811,1119,306,2218,652,1128,908,343,1287,8544,409,5463,686,1330,242,226,429,458,450,962,1366,336,535,1821,161,4763,788,1156,244,668,158,2611,677,2448,1442,108,5003,4326,213,343,562,159,2479,1785,2398,1415,2186,360,1025,95,191,479,4535,255,734
"COG1783",67,62,483,1385,130,16,91,3126,56,11,89,91,116,97,46,359,71,46,12760,47,89,160,23,416,7203,24432,189,27,114,18,130,5788,368,140,72,86,16724,517,8,146,91,187,30,341,2169,137,6875,3800,102,153,18,349,15,246,77,102,2370,251,99,190,26493,390,220,85,71,236,1435,169,46,28165,51,65,155,62988,542,112,206,44,80,142,164,26,36,1235,32,111,3215,245,22,73,209,16,301,1965,13747,17330,70,33,120,287
"COG1784",359,268,355,23,156,64,307,0,478,124,65,122,1020,398,410,876,501,180,97,188,758,4,268,261,0,51,339,364,36,130,446,13,63,162,826,194,14,456,398,211,397,375,458,179,554,252,76,0,538,130,489,274,108,372,383,151,3205,349,348,134,44,110,100,239,308,292,236,295,496,79,305,199,326,24,167,60,404,178,128,763,2,242,344,6,212,253,0,336,594,429,282,229,184,0,0,89,161,1165,90,151
"COG1785",1041,1246,816,1908,4076,766,726,2064,1000,582,635,835,866,847,961,1017,748,780,977,1025,1006,1371,1772,940,2743,1181,2297,1050,2039,785,1674,3690,1037,3927,881,1120,3437,776,888,877,1590,1739,829,1148,4183,821,451,1235,882,3793,1064,2138,623,1088,1042,973,1885,856,1255,655,2063,1181,1155,1176,810,1266,2136,1269,1062,1393,905,4333,918,268,658,698,1092,942,6766,1392,1767,1269,2533,2406,832,1555,2814,1542,687,1093,1356,1118,1152,887,2406,1415,840,1242,8153,920
"COG1786",228,389,334,689,235,111,303,47,484,155,94,258,577,447,362,288,396,173,242,328,399,123,329,415,211,149,154,468,177,170,476,479,275,416,357,367,108,263,381,189,207,155,521,171,26,402,64,9,489,212,210,414,120,294,892,274,49,254,502,31,173,427,232,372,265,412,571,106,348,88,451,292,344,436,439,240,330,83,265,367,179,491,459,575,72,93,122,575,230,534,410,236,391,322,278,288,261,927,41,106
"COG1787",559,480,620,58,173,468,1647,2,205,18,414,1282,73,322,128,49,346,1293,86,402,946,525,24,42,11,56,250,30,292,816,237,50,418,32,109,62,7,368,25,970,501,73,60,992,114,121,66,1,64,36,862,251,514,468,77,1665,65,1038,402,449,52,432,503,639,680,129,7,52,58,256,44,264,849,65,571,1242,96,244,105,310,154,65,29,62,57,123,3,194,19,257,134,57,447,47,40,58,1150,28,124,72
"COG1788",847,858,772,1643,1824,776,921,1943,1042,875,523,787,2018,1374,754,741,949,726,924,518,819,777,1011,867,1759,631,1235,1348,985,816,1615,2375,1092,1554,774,1827,1530,709,826,759,747,1361,970,1172,1345,846,355,3202,1720,2247,813,1083,734,2190,855,1113,990,688,797,346,717,1068,830,855,703,965,2033,921,690,991,1569,1684,748,610,786,995,1337,867,1613,1152,1245,769,1340,2080,642,1014,2219,1624,1286,1309,865,1087,884,2133,1610,600,744,1316,1725,636
"COG1791",347,71,297,66,143,4,55,73,18,94,7,7,25,26,63,18,196,39,178,6,153,51,74,232,210,420,70,52,128,3,62,330,47,158,99,110,123,19,40,46,62,76,65,36,505,5,53,89,55,190,44,129,10,25,50,523,88,81,102,16,161,86,225,155,58,10,6,9,15,52,32,47,145,160,263,62,16,7,316,110,209,43,152,82,0,11,95,32,26,62,22,35,90,676,155,242,11,42,67,12
"COG1792",4422,4829,4891,4313,3044,5866,4520,1833,4394,4216,5612,5127,3418,4340,4198,4186,4788,4982,1781,5599,4794,5446,3699,5272,2049,1933,3871,3512,5494,5680,3548,1956,4778,3174,4542,2988,2081,4271,3821,4822,4889,4691,3230,4811,2516,4694,1550,1952,3522,2732,4841,3374,5653,3533,3160,3925,2505,5151,4743,5269,1623,5432,5158,4818,5133,5158,4543,5032,3904,1425,3050,3190,4918,1197,4339,5333,3547,5161,2978,4714,5552,3525,3183,4726,5463,5067,1745,3810,4107,3955,5077,3746,5133,2810,1817,1546,4974,3351,2317,5266
"COG1793",4682,4228,7147,5148,4646,4677,9683,7864,3188,1690,3563,8164,2891,3777,3908,1746,4778,7496,31524,3363,6508,4818,3831,4280,15480,28278,3436,3590,5418,6477,3405,11989,4621,6612,3154,5468,14892,6633,3557,6834,4938,2810,4893,7423,13422,2765,24467,8992,2269,5193,1436,2252,1838,1588,2518,2215,7172,2216,1294,1349,7033,1909,2050,1796,1611,920,733,688,769,5128,1748,1566,2200,9655,2686,2467,916,1117,1587,1196,1591,1867,1974,1365,655,679,4168,1067,915,1136,846,997,1650,2121,3870,7552,2446,1126,2020,586
"COG1794",1650,1912,2191,1226,1324,2477,1365,575,1861,871,3072,1635,1160,1677,1356,1521,2296,1806,1097,2831,1393,2105,1245,2563,1057,1045,1090,1024,2167,2226,1125,1128,1652,840,1908,1074,1545,2104,1041,1913,1901,1762,975,1913,1144,2378,766,1017,973,1444,1699,1126,2413,1159,1206,617,1084,1952,1593,3028,897,1782,1864,1645,1986,2243,1492,2024,1739,753,1013,1526,1670,466,1366,2177,1062,1604,1277,1585,2802,1092,1126,716,2474,1875,1033,1031,629,1380,1906,905,2052,1088,592,777,2026,1268,1772,2064
"COG1795",180,226,352,151,56,342,291,493,221,119,283,241,182,232,123,191,275,236,34,228,107,298,72,353,96,60,97,103,434,388,137,10,183,40,232,86,24,314,112,218,231,129,116,273,6,225,65,0,128,83,163,352,406,177,63,158,30,192,143,257,40,233,178,200,264,176,60,199,164,15,108,55,131,51,183,265,138,177,64,229,314,83,49,78,204,108,20,218,146,190,157,138,233,299,209,48,336,144,11,198
"COG1796",1066,677,1323,2418,573,381,592,777,1490,603,1237,461,1794,1315,970,1574,1043,557,2033,1045,1312,513,602,1162,324,1098,783,969,662,541,951,367,433,451,2100,904,387,1221,972,981,1303,1019,974,985,468,1007,1010,782,1353,598,1198,1430,548,1149,611,948,1791,791,1592,1264,1461,1513,891,1035,1455,1689,844,955,1940,555,879,518,1152,1033,966,975,1505,702,447,1646,605,616,703,1885,851,584,775,1437,1014,1045,1609,787,1203,229,588,1423,581,2016,201,627
"COG1797",2269,1709,2024,1391,1621,1784,3514,880,1747,2405,1080,2658,1779,2314,2644,1709,1732,2421,349,1609,3073,1574,2374,1211,975,995,3508,2825,1361,2213,2013,1220,3401,3698,1430,3297,342,1368,3245,1994,1605,1112,3667,2439,713,1649,353,1511,2062,1029,2139,1329,1831,2118,5134,4366,328,2093,1877,1271,375,1788,1728,1995,2052,988,1368,918,1529,665,3630,1477,3525,545,2135,2684,2282,1985,2042,1847,1573,3609,2946,1050,419,521,514,2066,1957,1868,1071,2404,1486,2111,714,342,2178,2486,208,1730
"COG1798",352,314,381,191,888,57,242,1,1004,308,92,194,1254,836,1483,1183,606,275,105,745,980,11,1337,263,0,120,337,1627,24,122,1199,455,263,2914,1112,2172,26,923,1877,277,470,405,2613,171,383,915,419,0,1073,309,598,389,125,627,3960,150,1886,362,699,79,130,131,147,266,509,704,171,266,950,79,2367,356,694,141,326,81,1176,282,1276,745,5,2634,2041,86,186,233,0,1343,844,1315,808,970,190,16,0,90,229,2140,136,364
"COG1799",696,464,565,81,115,410,1215,1,242,237,308,825,258,461,248,421,367,959,26,301,1136,631,148,200,69,263,1199,138,378,775,94,27,1227,93,231,138,15,519,137,683,577,377,176,731,4,145,66,9,188,86,682,607,438,542,273,1643,17,628,508,310,15,460,469,608,626,85,1,366,382,188,143,446,1176,16,692,890,170,848,76,598,435,148,163,69,186,258,450,74,185,206,125,121,411,0,107,44,679,79,4,653
"COG1801",121,164,73,205,1026,65,73,121,108,110,69,72,168,86,163,100,43,114,705,101,93,29,438,49,426,395,802,317,132,61,352,1609,143,509,86,389,1188,79,153,74,214,399,278,184,1054,66,107,350,235,1114,157,490,96,278,331,334,662,37,61,77,702,134,97,111,55,97,246,116,91,644,274,945,129,520,67,101,168,129,1015,240,134,220,659,327,25,143,583,356,519,146,112,256,103,430,261,708,68,260,1934,50
"COG1802",897,1158,1453,5179,3478,726,1376,7634,1162,1848,489,876,1441,1066,1762,812,1847,874,2513,334,890,893,2462,2074,6247,1356,2084,1814,1515,666,1368,5464,1242,1942,708,3231,2970,798,1825,1085,953,1266,2562,1607,4526,349,822,11007,2081,3701,848,2528,655,1448,1464,1559,1139,1024,1120,602,2102,2059,1694,1375,726,1240,4876,732,655,1919,1814,2494,752,2345,1925,1078,2158,633,3630,1534,2519,2038,2191,4786,387,669,6506,1238,1301,1028,1156,1705,1121,12226,6679,2460,1365,1241,3734,528
"COG1803",37,31,43,106,132,13,30,62,41,21,13,33,25,21,31,37,25,27,89,20,66,52,81,18,52,123,114,38,73,32,65,193,67,105,41,53,245,13,24,28,61,59,16,69,152,11,129,171,21,234,112,410,59,179,133,327,293,89,160,58,312,150,148,104,99,33,114,50,64,408,103,494,301,149,129,130,45,67,470,174,337,125,213,377,42,71,201,134,69,55,45,134,96,237,98,485,58,233,1175,76
"COG1804",15679,12265,11379,15225,21810,19450,17426,13588,22534,19752,11548,15462,50216,27348,17074,14443,18224,13168,3534,10991,17463,15510,20371,14346,13523,3508,12899,31035,15826,17281,30218,6888,25642,8542,18118,35083,2360,14663,25168,14470,13996,20166,25206,16885,5275,21291,4717,19637,40873,23822,12360,13213,18279,45187,16879,12387,6742,13706,14191,10478,3739,15562,12788,13157,13936,14772,13415,19357,14431,4517,31666,24176,13916,4225,15481,15616,31915,15924,18637,17003,17745,19838,22848,13522,15452,22170,10716,32930,26105,31270,15503,23559,13014,16159,14201,3287,15136,31191,6009,13767
"COG1805",2667,3165,1709,3205,1641,3192,1644,1748,1990,881,2218,2349,1242,1555,1562,2439,1569,2068,1242,2263,2101,2768,1243,2190,1293,817,2345,1000,3245,2906,1741,1961,1459,2256,2124,969,1799,1702,867,1739,2195,1891,881,2346,2467,2161,768,868,1094,1803,3172,2673,2856,1669,1000,2614,1199,1899,2752,2445,1102,2917,2649,3023,2157,2521,3868,2392,1867,1194,749,1703,1613,833,1407,1750,1386,2122,2031,2794,2018,1005,1204,3968,3316,3096,1981,1587,482,2033,2619,959,3154,2038,1281,1419,1742,1538,2590,2218
"COG1806",2272,2374,2455,1692,2072,2939,1818,1309,2553,2235,3829,2344,1588,2555,2450,2129,2545,2577,1353,3596,2035,3002,2584,2795,2121,1330,1315,1620,2678,2498,2059,1517,2079,1981,2831,1608,1604,2248,2077,2668,2647,3012,1497,2477,2183,3014,854,1718,1449,1880,2181,1755,2921,1834,1797,940,1224,2844,2323,3639,1368,2225,2194,2157,2801,3110,1913,3052,2566,1068,1521,1881,2227,1072,1663,2563,1312,2594,1991,2003,3422,2261,1675,1156,3363,2895,1796,2404,1283,2172,2977,1740,2399,1611,1645,1025,2446,1822,1826,3365
"COG1807",8565,7035,8755,3397,4711,7415,9530,4802,4855,5427,7646,9587,4402,7429,4924,6420,7585,8907,2679,6895,9661,8488,4137,7621,3629,5167,14483,3944,9125,9621,6322,3796,12629,3707,5393,3806,4990,5716,3849,7864,6834,7442,3084,8497,4472,5021,2069,5988,3282,6303,8214,5064,7806,6743,3157,14378,2995,7948,5664,8129,2829,6950,7285,7632,7407,5095,3345,6840,5741,3277,3747,6087,10852,1563,7572,10069,3003,11003,4241,7715,11025,3489,3784,3016,5566,6392,2007,4690,4180,5031,5010,4167,6785,4651,4613,2434,8764,3715,6721,10364
"COG1808",1460,667,1161,1384,447,427,331,754,363,311,228,355,179,324,479,227,910,314,352,217,673,529,434,993,2015,1271,799,280,843,460,806,523,231,229,557,423,283,193,213,349,536,202,276,415,1312,176,192,779,312,386,554,444,448,311,244,1999,310,413,980,203,301,802,883,911,568,397,1221,129,175,785,457,432,974,237,1104,512,378,322,228,793,606,418,649,1957,248,161,2227,191,317,416,453,204,771,533,1482,467,221,402,181,155
"COG1809",308,276,228,401,152,938,375,18,314,178,385,415,623,477,197,366,295,226,46,431,374,848,128,215,167,25,181,258,602,695,228,22,410,187,392,200,16,228,208,218,343,239,244,841,12,383,50,17,433,122,458,205,918,814,126,470,68,311,252,409,34,514,240,241,341,317,368,268,152,135,286,194,306,121,294,629,376,462,122,408,655,124,205,589,494,186,247,196,203,368,287,159,273,78,121,28,263,284,63,236
"COG1811",502,503,435,422,45,155,229,1,522,70,535,315,283,288,200,504,528,569,293,415,117,404,48,287,0,283,134,50,218,254,175,12,259,27,399,47,150,476,71,556,512,406,63,173,8,554,293,1,73,63,496,284,242,165,114,182,17,482,372,467,194,182,605,497,436,363,86,622,765,21,49,32,232,116,464,281,161,462,29,221,84,75,37,448,1171,372,0,183,19,419,359,75,408,0,0,320,595,92,38,475
"COG1812",0,0,0,0,0,0,0,0,6,11,0,0,41,5,2,5,1,2,0,0,0,0,1,0,0,2,4,12,0,0,16,7,0,5,0,8,5,1,1,0,0,36,6,0,9,8,0,0,1,0,3,0,0,6,17,0,40,0,0,1,19,0,3,0,0,0,0,9,2,201,11,7,0,2,0,0,7,5,1,0,0,2,9,0,1,20,0,27,35,15,0,28,0,0,0,0,1,29,0,0
"COG1813",191,140,172,215,40,25,132,0,249,136,121,86,288,266,178,370,216,95,79,155,293,41,58,131,1,80,170,75,43,84,175,9,64,26,408,62,47,528,180,148,205,189,97,94,69,230,68,2,147,39,234,186,98,314,52,97,470,147,451,112,62,109,61,122,244,406,79,215,511,33,66,37,177,107,129,103,111,160,34,314,50,88,68,185,133,137,0,204,223,197,421,130,109,2,0,82,111,337,45,155
"COG1814",94,76,120,285,922,42,216,1067,341,753,42,42,819,352,920,223,116,56,109,196,286,47,1189,102,851,88,240,1544,137,27,641,863,162,1605,296,1762,127,188,1452,102,177,310,1852,322,446,287,288,793,1170,969,96,247,35,522,2524,424,1400,64,509,116,160,123,102,56,213,421,254,168,153,563,1879,1023,274,290,140,131,1327,220,1094,127,54,1642,1653,296,26,258,1486,725,1598,242,415,1114,65,3090,1199,62,91,1696,357,52
"COG1815",298,275,314,381,885,331,393,702,319,222,137,266,375,393,325,266,385,305,515,100,232,320,468,395,643,313,598,447,568,319,486,822,374,905,183,627,611,233,363,307,285,396,481,391,1035,105,133,549,421,754,305,486,314,414,304,455,373,269,166,103,445,345,362,367,184,166,383,272,241,446,486,740,186,415,407,418,589,242,1017,452,677,305,503,339,101,181,503,307,213,339,147,321,319,1162,556,552,348,270,1003,275
"COG1816",1578,2251,1958,2723,5013,1411,1265,1394,2436,4948,1970,1189,1958,2083,3561,3198,2530,1376,2554,3406,1888,1488,4330,1872,1666,2024,2661,4568,1641,1224,3026,3428,1707,3054,2814,3908,4460,2834,4084,2071,2800,3395,4266,1695,3809,2486,1231,1340,4274,5537,607,1103,423,662,1176,347,1077,570,836,450,853,462,843,670,812,802,622,1238,1329,754,1418,1834,738,470,718,530,1339,821,1770,577,384,1336,1269,976,752,1049,1206,1254,1452,652,813,1533,687,272,702,705,517,1100,2751,955
"COG1817",180,95,72,155,819,43,75,5,602,263,124,79,608,707,1183,478,161,100,15,817,458,57,1264,106,151,106,206,1440,63,91,1285,378,263,2728,597,2005,28,375,1646,84,160,151,2198,76,67,1078,49,5,731,260,237,25,46,443,3993,265,633,108,216,254,121,37,75,69,192,303,63,170,296,28,2199,282,449,259,135,80,1043,138,1172,115,13,2583,2103,171,274,301,523,1438,948,1134,297,1015,136,12,20,11,74,1336,36,124
"COG1818",15,15,11,32,400,1,5,1,224,48,1,3,214,196,530,94,46,1,0,208,86,1,503,5,0,51,10,711,0,0,477,177,73,1369,171,987,10,62,772,5,40,14,1062,43,23,300,24,0,331,97,13,1,0,29,615,1,13,4,20,0,13,0,3,3,15,27,1,15,34,0,336,37,56,24,9,12,135,1,180,7,1,412,335,10,2,0,0,160,62,151,28,119,3,0,0,0,0,252,3,3
"COG1819",632,441,394,754,2855,363,210,1531,1582,598,262,364,1666,1606,2115,1050,297,393,582,1688,1042,1521,2788,371,1011,754,1016,3162,1671,351,2958,2751,1569,6548,1551,3948,1780,566,3089,381,981,700,4199,687,1829,2074,380,725,1715,2074,715,1496,417,1121,7012,690,1755,371,1042,424,1254,407,397,324,812,975,395,762,859,939,4169,1800,1155,608,358,397,2170,630,3211,748,885,4490,4110,927,589,815,1003,2993,1175,2722,1059,1656,434,420,407,578,269,2875,2932,587
"COG1820",1497,1206,1120,1295,1628,735,617,1036,1053,1198,373,529,1187,1370,1608,1723,1125,559,441,729,1617,754,2181,1050,545,1088,2569,1909,878,565,1025,1731,2257,1037,798,1364,2087,607,1842,856,1011,1493,1608,610,1250,596,294,391,1591,3044,756,1447,571,1480,1311,1373,817,704,1158,338,836,936,1028,1320,941,1043,1060,1188,1655,683,1342,1835,1793,140,1444,647,1883,1924,1626,1656,1268,1818,1746,1239,438,993,1404,937,775,1024,1048,1096,1264,1259,445,610,606,870,3169,2036
"COG1821",87,119,224,151,40,114,127,428,137,139,172,75,81,162,107,150,171,95,41,201,63,163,64,225,67,43,20,89,289,176,110,10,105,39,119,78,15,188,126,144,138,72,81,112,4,141,50,0,90,39,94,119,142,119,89,71,50,99,85,100,35,120,131,120,173,106,42,123,99,7,88,51,99,54,128,162,87,87,60,118,214,89,62,89,189,81,9,163,205,102,108,168,58,212,74,26,158,126,7,115
"COG1823",102,62,32,215,66,28,82,489,137,29,25,39,114,97,79,48,50,41,61,56,70,46,97,48,39,12,26,96,29,40,221,58,305,18,124,47,8,52,111,57,63,37,111,45,2,59,13,13,147,37,52,116,28,89,67,73,49,49,79,16,33,36,49,52,85,127,11,87,61,3,69,86,49,15,61,41,85,59,81,84,72,129,98,197,66,42,4,45,35,123,103,16,100,80,7,8,46,52,127,82
"COG1824",25,7,15,4,251,1,9,0,110,288,7,6,240,82,184,178,19,4,1,127,132,1,302,16,0,8,38,279,3,0,124,2,83,230,125,254,2,219,314,15,47,174,433,17,20,80,7,0,423,173,13,22,2,108,549,11,101,11,92,1,10,1,8,2,53,58,0,125,226,1,259,485,115,3,64,7,340,30,199,31,5,442,325,1,17,137,0,159,425,131,71,282,3,0,0,0,21,184,8,38
"COG1825",4513,4707,4117,4485,2937,5293,3574,1858,4577,3919,5446,4456,4057,4314,4178,4313,4590,4399,1538,4935,3399,5309,3872,4831,2020,1518,2712,3755,5041,4770,4148,1583,3722,2816,4656,3212,1744,4174,4196,4344,4329,4833,3717,4080,2292,5195,1531,1799,4001,2650,4523,4150,5285,3617,3465,2613,2310,4460,4599,5661,1591,4612,4727,4603,4463,4961,4636,5241,4796,1285,3584,3167,3315,1211,3670,4215,3820,4572,2679,3862,4730,3773,3330,4557,6147,5606,2514,4463,3851,4621,4976,3690,4939,2532,1878,1313,4518,3957,1942,4854
"COG1826",579,480,635,410,792,428,1087,724,359,429,477,915,381,622,339,303,506,781,558,389,837,788,514,448,470,552,1090,433,618,623,495,1349,1163,528,286,426,1099,385,367,736,699,560,327,798,1369,208,154,428,396,974,206,251,146,242,110,442,178,243,141,164,176,211,183,194,201,95,179,147,120,182,78,202,307,119,214,303,113,197,422,174,233,131,188,116,50,102,102,122,89,94,89,147,182,309,191,143,215,104,375,165
"COG1828",1028,996,1094,603,467,1066,1173,1815,871,611,1173,1184,873,1138,745,1676,874,1201,278,1014,1237,1064,564,875,573,2148,1211,714,1022,1094,813,499,1625,273,847,689,2412,1501,623,1251,1057,1211,621,1125,211,1019,679,424,786,388,1068,835,1092,1056,575,1337,266,1171,933,1273,2019,1045,919,1002,1140,840,595,1497,1636,340,771,615,1356,731,877,1305,690,1296,386,980,1218,563,514,499,798,1129,687,797,563,817,808,429,1107,296,585,684,1209,730,88,1585
"COG1829",303,273,341,127,680,51,209,0,1066,191,68,213,891,813,994,896,542,174,100,771,991,12,956,214,0,75,306,1227,20,132,1107,235,297,2279,1136,1399,24,882,1196,212,447,343,1929,167,36,968,153,0,808,285,520,316,130,679,2932,180,164,313,442,117,101,103,123,259,447,568,40,200,779,59,1697,263,561,126,298,65,869,316,952,764,5,1738,1560,101,208,204,0,1277,441,916,549,556,186,6,0,85,206,2217,129,305
"COG1830",908,896,950,660,2145,770,701,399,1904,2241,405,711,1996,1668,2989,1536,1128,747,206,1200,1429,557,3061,1005,212,279,616,3504,836,613,2298,838,1033,5857,1702,4422,69,1190,4027,603,1037,999,4914,573,322,1834,263,1365,2497,1080,1193,1035,729,1392,7206,878,1615,712,1137,303,302,814,562,1054,946,1123,631,771,1437,225,4705,1536,1025,349,742,538,2937,775,2394,1507,1176,4957,4129,579,579,683,388,2716,3064,2380,1121,3133,938,307,345,420,647,3457,237,690
"COG1831",352,283,347,69,118,39,253,0,598,146,75,210,836,405,406,900,558,243,109,281,774,11,222,250,0,55,368,303,27,116,405,4,117,86,702,187,19,827,404,260,435,395,343,141,5,260,129,0,440,123,491,354,117,439,221,159,46,373,513,99,48,115,124,253,397,532,139,244,826,66,242,151,341,30,269,79,407,305,129,734,3,190,206,25,170,235,0,351,87,386,556,107,185,0,0,79,199,743,101,358
"COG1832",1983,2216,2104,1940,1250,1795,1753,606,2396,1601,2460,1724,2162,2176,2070,1893,2313,2059,489,2604,1947,1808,1788,2334,365,657,751,1990,1746,1875,1730,351,1737,2035,2375,2034,320,2221,2181,2000,2012,1819,2305,1985,212,2592,659,1566,1846,897,2174,1741,1962,1826,2553,977,917,2142,2343,2562,521,1822,1810,2143,2111,2309,1850,2116,2165,228,2331,1178,1818,404,1863,1979,1764,1613,1209,1984,2074,2039,1994,1547,2413,1819,914,2219,1732,2206,2299,1733,1982,650,504,406,2414,2080,149,2021
"COG1833",7,28,27,3,65,58,47,29,22,1102,30,31,104,33,254,25,109,26,27,9,13,33,124,76,16,2,12,44,26,63,78,5,19,14,17,98,0,15,236,46,26,12,130,44,22,9,7,2,88,44,21,6,49,48,13,8,417,33,12,7,2,5,39,18,26,5,0,12,21,2,88,103,13,1,31,116,40,13,47,27,21,132,87,4,12,9,31,65,1060,43,7,1090,29,29,3,3,44,41,6,18
"COG1834",5458,5973,6329,6026,2124,4994,4360,2579,5796,4776,6951,4900,4378,5165,5186,6461,5755,5339,11337,6925,4820,6021,3876,6883,1308,7267,2584,4028,5446,4648,4117,2181,4862,2142,6771,2820,4496,6634,4490,6455,6174,5301,3938,4947,943,6323,11129,7933,4345,1835,5345,5802,4993,3401,3970,2548,3845,5445,6223,6418,7861,6972,5174,5564,6159,6355,6160,7270,7690,6943,3688,2743,4679,8796,6541,5239,3341,5951,2365,5504,4962,4296,3454,5648,7217,5983,2502,4764,5498,5157,6492,4431,6022,375,1081,12493,5383,4622,484,7110
"COG1835",2300,2418,2400,2673,5064,2948,2379,7777,2225,1303,3473,2273,1585,2440,1729,2062,2035,2669,1432,3504,1988,2367,2381,2866,4980,1761,3175,1410,2948,3196,2918,4849,1926,3373,2074,1939,3737,2193,1305,2465,2683,3253,1502,2614,6655,2742,1062,4071,1251,5943,2489,2318,2494,2413,1823,2961,2212,2370,2116,3563,2126,3383,2377,2477,2431,2248,4423,2922,2472,3183,1358,4247,2330,959,1671,2995,1475,2190,5082,2523,2481,1775,1833,2920,2369,3313,3856,2302,1209,2006,2128,1819,2864,5078,9274,1497,2432,1512,6883,2538
"COG1836",1291,806,1404,269,413,490,2098,0,936,1149,600,1581,1213,1013,935,1517,1122,1670,136,1044,2104,677,684,658,57,537,1858,859,415,1017,613,23,1439,592,1080,573,51,1392,1158,1369,1037,1061,1012,1274,103,794,223,7,1271,293,1334,717,768,1428,632,2354,1766,1446,1106,931,66,710,1045,905,1184,748,277,797,1283,278,857,857,1807,50,1295,1419,728,1454,336,1312,519,717,784,182,558,805,163,524,2689,626,796,1492,726,49,55,114,1272,1167,143,1404
"COG1837",72,36,48,26,173,12,36,0,172,314,40,30,268,127,151,186,54,68,21,144,108,35,169,34,15,33,155,250,15,22,341,24,33,404,94,205,31,104,183,78,63,221,243,58,55,185,17,0,306,116,74,53,15,281,100,50,266,59,68,80,58,29,60,34,77,70,0,182,127,176,231,117,64,27,55,54,233,149,109,61,27,187,146,29,102,294,126,319,407,186,92,318,31,2,30,77,29,359,32,92
"COG1838",632,462,789,1537,2712,562,1038,1721,742,2267,281,711,1645,926,1587,438,973,375,1314,405,741,614,2483,1010,3148,811,1334,1882,1130,434,1222,2603,1165,2810,686,2044,2260,999,1717,694,809,1017,1790,907,3113,312,374,1903,2215,3237,274,1508,563,1402,1576,838,1119,606,570,214,1174,844,1084,667,496,756,686,627,590,1098,1663,2558,690,799,1205,747,1651,400,3044,732,1547,2217,1993,1261,261,462,2457,1151,2069,974,744,2274,554,2781,1771,1060,810,909,3339,250
"COG1840",8699,9261,9213,8016,3680,8846,8449,4655,7787,5904,9074,8135,6197,7517,6388,7276,8581,9066,2837,8623,7217,7629,4964,10238,3543,3151,5327,5202,6573,9146,5904,2613,7422,3181,7137,4879,3186,6532,5371,8449,7424,7422,4195,7916,2955,8299,2765,5147,4802,3804,8506,7854,9039,6321,4543,6685,2044,8431,8633,8863,2514,8750,8552,9472,8382,8445,9647,8327,7607,1737,5113,4052,7263,1952,8388,8303,5196,8439,4158,7632,6589,3603,4286,6506,9525,8180,6376,6548,3698,7656,8877,4642,9495,5774,4071,2082,8917,5757,2269,8724
"COG1841",633,592,486,889,823,558,430,285,950,491,446,469,1069,887,1039,957,760,409,347,764,834,456,941,485,263,281,591,1136,563,515,1018,614,459,1446,923,1364,453,852,1197,473,669,612,1555,502,851,919,402,327,896,647,707,707,547,877,1990,434,1614,484,727,503,293,527,514,603,637,906,835,560,842,279,1296,549,653,263,517,478,1077,528,973,744,476,1398,1298,824,647,678,254,1008,882,986,952,883,553,321,317,285,417,1359,534,573
"COG1842",660,233,526,449,2531,70,240,1384,210,620,41,83,465,542,585,737,493,126,1012,235,831,251,1239,502,1526,1390,2896,1017,317,50,1114,2072,1319,1209,303,1166,2866,181,617,245,660,1248,729,387,2352,67,124,627,801,3076,193,1234,57,985,604,1026,1293,176,352,133,1319,190,459,158,281,119,136,481,626,1270,950,2497,1116,539,571,368,1017,943,2642,940,649,785,1230,423,30,452,2171,727,637,293,174,920,182,386,1282,840,149,636,5021,919
"COG1843",479,482,494,657,1396,544,633,1629,420,360,240,550,528,536,536,415,632,497,845,166,323,537,832,557,1182,534,870,730,875,502,835,1553,657,1888,292,912,1256,355,671,497,391,614,679,646,1683,146,197,1434,597,1381,492,974,496,655,482,718,575,464,250,190,724,571,557,579,299,216,726,438,333,719,747,1013,317,676,600,603,901,420,1488,689,1155,537,799,616,205,302,778,444,335,463,203,498,500,1967,1413,1056,564,460,1722,371
"COG1845",8023,8141,6491,6995,4758,7764,6535,3388,7025,8640,7883,7356,6300,6790,7630,7711,6830,8160,2894,7387,7389,7614,6959,7017,3148,3082,6617,6150,7484,8530,5322,3437,6564,4066,7814,5285,3634,6982,7430,6805,7765,7178,5498,7003,3991,7286,2245,2409,6105,4931,8513,7516,8053,6267,5141,8122,5143,7107,7863,7661,2833,7197,6854,8137,7744,7458,8326,7977,8079,2590,5843,4889,7223,2014,6129,6969,5993,8392,4366,7967,6881,5821,5666,6855,8105,7386,3127,6202,7242,6646,7634,7070,8254,4109,2501,2705,6930,6709,3523,8344
"COG1846",2124,2363,2236,2978,4238,2610,1624,9383,2380,3328,2568,2098,2377,2475,2386,1766,2334,2189,2874,2701,1940,2151,2795,2510,7094,1898,2604,2791,2736,2263,2595,5856,2114,3344,2139,3663,3797,2284,2397,2212,2367,3081,2842,2554,5091,2256,955,10842,2768,4672,2139,2314,2641,2616,2469,2084,3112,2113,2091,2935,2641,2364,2137,2033,2078,2751,3261,2463,2071,3807,2872,3418,1919,2210,1986,2236,2090,2188,3481,2448,2968,2443,3516,2777,2354,2393,7969,2349,3915,2520,2573,3581,2158,9136,8642,2584,2505,2090,3733,2151
"COG1847",534,505,566,373,389,194,380,2,746,552,706,397,934,554,445,606,663,613,328,715,320,484,337,403,75,295,211,457,283,270,754,47,573,566,549,524,195,961,389,809,670,739,495,222,45,1070,329,0,655,271,487,569,295,772,476,148,116,672,514,628,252,258,853,702,631,489,3,947,1156,189,434,433,323,201,710,406,613,717,262,265,148,370,326,407,1356,900,533,785,602,710,487,462,480,1,174,319,823,591,86,585
"COG1848",11,3,6,19,4,10,6,13,12,47,1,8,20,6,27,4,3,10,13,0,2,6,4,4,1,3,6,8,10,1,12,35,13,1,1,14,1,3,7,5,11,11,40,9,7,0,4,1,7,7,11,4,9,6,8,61,54,2,1,10,4,2,4,2,1,0,5,2,4,258,36,37,5,11,3,2,38,6,2,5,35,4,53,8,0,2,72,31,23,23,3,50,6,4,8,7,6,28,4,2
"COG1849",110,78,108,23,36,14,61,0,180,52,18,60,231,108,109,281,177,62,36,87,203,3,67,86,0,14,92,95,12,42,103,6,22,28,175,46,8,195,111,63,125,122,76,43,146,84,108,0,122,33,141,130,34,131,65,60,734,88,162,20,19,33,34,72,99,151,17,50,235,17,50,39,100,6,74,23,113,86,40,183,2,61,59,2,49,75,0,108,147,107,159,78,44,0,0,34,69,167,35,100
"COG1850",3041,1798,2688,2203,723,1224,6209,687,995,1202,1389,4069,1160,1921,1689,1716,2100,4311,570,681,3303,1493,1713,1040,268,1783,3926,1222,1142,2725,310,199,3026,872,1793,969,377,1993,1417,3110,2056,1221,1550,4464,713,423,773,708,1203,491,2581,1907,2016,2201,1274,5476,2565,3264,1889,1766,356,1406,2304,2085,2598,1198,3304,1174,2134,2030,1065,1251,4735,215,3656,3828,1821,3469,557,1973,1301,1539,1022,1080,205,319,117,150,626,595,1252,936,1626,286,541,1158,3472,184,151,2323
"COG1852",78,8,26,40,23,0,17,502,59,279,0,0,162,106,54,20,18,11,1,4,33,35,43,12,5,31,87,63,3,1,114,7,55,3,27,63,0,26,46,45,21,92,44,4,0,1,2,1,124,54,53,86,0,187,2,116,4,24,23,0,2,35,21,40,26,18,0,55,8,1,73,24,20,10,88,14,117,60,30,61,24,50,50,26,4,1,2,205,150,229,20,164,12,1,3,4,3,83,20,40
"COG1853",7003,5066,6524,5110,3866,4320,11653,2548,4208,3567,3824,9070,4897,6331,4138,5636,5477,9027,2349,3664,12015,5548,3878,4383,2230,3815,9343,3724,4800,6462,3511,3579,9514,2564,4207,3346,3157,5158,3517,8033,6866,4676,3435,7564,3720,3123,1422,3139,3993,4248,5641,6890,5193,7466,2682,11015,2731,7128,5758,4295,1775,5521,5959,5860,6531,3886,5819,4622,4783,3307,3549,4811,11771,1317,8843,8343,3861,7349,3416,6734,4780,3581,3316,5682,2673,3452,1815,3000,3624,3785,4047,3634,4799,3409,2495,1862,7232,3030,4173,6467
"COG1854",4,10,1,0,150,0,4,13,1,2,0,0,3,2,7,1,1,5,76,3,4,1,53,0,18,52,179,20,3,1,111,110,0,20,0,25,124,1,16,3,0,78,14,15,36,0,5,69,9,46,2,20,1,17,48,27,33,0,1,1,110,0,15,9,0,0,1,11,7,38,21,574,1,36,2,0,5,0,101,35,1,9,18,1,0,43,10,114,1,7,0,22,1,137,3,112,0,3,917,3
"COG1855",380,344,580,273,42,58,199,0,1275,214,61,89,1330,1056,338,645,682,201,89,867,982,0,72,457,0,105,222,134,20,94,1346,28,345,62,1370,140,14,617,44,234,576,249,160,87,264,1175,710,0,307,83,656,576,61,525,53,186,1798,371,856,35,165,197,230,357,675,946,260,216,754,102,133,9,648,175,319,92,432,138,44,926,8,60,73,154,252,91,0,1549,578,1275,943,263,264,0,0,102,225,1376,87,172
"COG1856",6,3,19,0,18,0,98,0,65,645,15,23,130,69,196,78,165,5,0,11,40,35,156,86,0,0,20,55,0,0,55,0,90,7,45,8,1,12,266,54,27,40,108,36,25,38,1,0,27,6,13,8,1,75,54,6,573,63,14,14,6,0,51,3,28,11,0,29,37,0,82,85,37,4,74,30,0,105,22,15,19,105,134,0,3,15,0,162,1053,41,11,815,0,0,0,0,40,310,14,66
"COG1857",0,0,0,0,0,0,0,0,2,0,0,0,0,0,2,0,0,5,0,0,0,0,0,0,1,0,0,0,0,0,0,0,1,2,0,0,0,1,1,0,2,0,0,0,0,0,0,0,0,0,7,0,0,2,0,0,0,0,1,0,0,0,1,0,0,0,0,0,0,88,0,1,0,0,0,0,0,3,0,0,0,0,6,0,0,0,0,1,0,0,0,1,0,0,0,0,1,8,0,0
"COG1858",1666,1614,1895,4202,2886,464,1296,3332,1593,5460,1318,891,1831,1955,2493,1780,1877,928,1213,1390,1227,887,2197,2377,1097,1224,2178,2517,991,620,2613,2910,1264,3796,1708,2009,3558,1758,2574,1802,1395,1711,2092,1460,3124,1402,498,3027,2338,3502,1590,1801,538,2441,1400,1958,2869,1544,1192,930,1616,1587,1478,1426,1451,1570,5614,1813,1479,969,2095,2763,1165,872,1712,1507,2375,1812,3543,1516,868,2125,2415,4588,1095,1630,1024,2633,4737,2167,1567,4349,1298,3895,1410,1575,1282,2487,3743,1474
"COG1859",238,198,265,71,118,49,165,142,451,114,111,162,583,287,287,722,390,203,145,205,523,18,225,164,10,75,278,307,31,100,343,91,90,103,572,152,39,556,301,211,311,257,329,172,71,231,148,2,373,93,358,331,107,389,207,173,137,254,385,127,89,114,102,149,310,384,131,187,554,102,220,142,263,208,194,66,199,226,111,549,16,157,224,29,122,186,3,335,102,315,436,112,130,2,1,202,164,618,100,263
"COG1861",1674,1205,1471,670,1610,1844,1469,431,1691,2507,2000,1322,1587,1831,2175,1594,1272,1723,941,2275,1405,1597,1897,1780,646,1349,1321,2073,1679,2117,2746,795,1222,3156,1800,2535,833,1601,2439,1551,1384,2161,2562,1670,696,2289,1153,676,1450,663,1485,522,1761,1548,3641,1294,2386,1649,1337,2258,2074,1394,1117,1074,1368,1600,1875,1784,1271,784,2471,733,1474,7738,963,1814,1277,1700,1486,1420,1586,2919,2503,581,1909,2403,385,2724,2785,2642,1587,2569,1252,143,387,1081,1578,2059,146,2028
"COG1862",973,1064,754,1381,1101,1222,632,757,921,1150,835,747,708,743,1115,829,770,744,531,821,743,1011,1261,888,905,369,764,1133,1133,1064,883,858,796,630,776,989,769,721,1125,687,821,937,1052,808,1291,816,337,656,1309,1222,1041,814,1041,830,795,888,839,656,1025,908,499,1203,994,1043,822,1139,1656,884,817,478,962,1057,615,379,716,778,1024,771,1067,927,1059,1169,991,1689,1012,1108,645,758,1145,900,1052,1157,995,833,795,416,703,757,929,892
"COG1863",239,278,312,377,612,532,230,1030,260,619,251,298,445,331,370,178,231,286,378,162,249,357,549,340,804,211,365,541,457,426,348,652,281,343,195,657,332,192,456,257,175,331,538,333,539,184,84,859,726,584,243,242,429,420,379,432,436,260,137,200,420,351,304,390,179,184,496,225,146,179,549,492,187,290,278,307,509,236,629,274,601,448,591,335,184,189,952,376,779,329,187,588,302,1367,1031,436,304,314,137,198
"COG1864",358,395,367,712,470,286,214,397,336,294,183,208,452,391,452,335,215,234,689,221,261,342,554,301,240,560,372,349,449,298,306,663,538,345,346,172,802,642,325,312,382,345,288,378,657,273,2659,1385,240,833,367,591,264,355,150,405,598,279,554,174,928,374,464,416,368,331,614,316,289,639,244,273,301,1376,674,261,362,353,250,433,218,666,471,914,202,288,239,133,475,362,329,359,571,369,235,889,223,200,800,259
"COG1865",20,20,0,5,6,3,0,12,0,8,0,1,0,0,5,1,0,6,13,0,0,0,4,0,5,4,3,3,1,1,15,116,0,12,0,13,13,4,1,0,2,3,3,1,7,0,1,0,1,14,4,0,3,8,2,38,13,0,0,2,4,24,6,1,1,0,123,3,8,5,2,1,0,1,0,0,171,0,22,2,0,10,5,9,1,5,0,6,3,5,0,5,1,46,1,12,1,1,5,1
"COG1866",5138,5413,4290,6739,5352,4675,3708,3079,5466,4700,3907,3901,5631,4748,6914,5998,4707,3891,3607,4924,5324,3814,7153,4925,3758,4216,4741,6448,4571,4283,6042,4602,3497,7032,5652,6886,4266,4981,7309,3812,4192,4680,7228,4064,4334,5332,3356,3347,6219,5075,5947,4916,4520,4839,8204,4774,4280,4323,5290,4100,3607,5250,4672,5162,4256,5912,8882,4455,5276,2590,7161,5068,4037,4730,4319,3532,6451,4132,6186,6042,3658,8058,6961,7364,5691,5674,3358,6107,5889,6182,5941,5736,5601,5164,2472,3350,3879,7086,4957,4289
"COG1867",1295,546,1229,338,878,79,539,0,1463,555,113,277,1708,1135,1667,1450,1333,384,107,824,1592,106,1348,989,0,841,558,1695,278,155,1600,436,427,3107,1834,2153,45,1316,1995,488,838,550,2706,391,166,1033,722,3,1201,370,856,781,173,846,4133,1215,705,683,1240,195,159,299,696,572,894,1026,353,380,1328,63,2361,391,1222,168,1176,291,1325,460,1261,1249,387,2770,2105,196,315,410,0,1760,775,1669,1065,990,434,7,0,156,316,2249,198,581
"COG1868",720,753,848,1105,2261,918,1207,1862,804,1093,374,933,1021,913,1388,865,1247,804,928,288,558,897,1867,1002,1561,538,1380,1968,1460,899,1331,1986,1064,2565,449,2139,1473,563,1757,885,668,889,1915,1139,2307,273,266,1856,1753,2127,766,1337,883,1106,1138,1239,792,792,548,243,839,913,975,883,428,371,803,734,725,859,1939,2028,515,578,1012,1132,2729,714,2374,1064,1769,1343,1650,943,312,514,945,958,929,993,355,1200,785,2785,1111,930,933,1089,2405,680
"COG1869",7,7,5,7,2,0,0,0,7,14,0,1,4,6,6,0,0,6,29,0,0,9,10,1,2,12,2,5,8,5,31,7,9,0,2,13,29,0,6,5,1,39,20,6,23,0,18,20,4,3,9,10,0,4,6,10,3,6,2,2,12,19,5,12,2,0,0,3,3,11,29,4,0,5,3,0,20,6,6,15,5,2,6,9,1,0,2,2,4,7,2,7,19,17,0,9,1,8,25,8
"COG1871",25,63,28,8,443,13,3,99,8,72,3,19,18,35,52,29,8,24,295,46,32,9,244,11,85,189,373,271,44,16,217,1074,11,265,10,124,1077,45,52,13,110,172,96,23,1448,4,99,19,54,968,44,200,6,163,115,207,563,8,1,23,360,15,21,5,13,1,64,29,58,386,33,589,64,218,35,12,26,48,802,103,15,186,244,14,13,93,122,144,130,28,3,126,4,50,103,401,22,54,1756,14
"COG1872",31,31,17,20,388,10,15,250,55,428,3,24,16,23,281,72,27,51,149,33,60,3,224,15,132,47,104,462,17,26,127,146,16,464,50,535,74,15,326,12,47,17,478,36,180,13,15,437,477,223,51,43,22,48,169,63,100,20,18,25,123,23,10,19,39,19,87,19,75,145,424,230,23,159,12,14,533,36,263,67,17,309,292,14,33,22,271,46,284,45,16,354,21,42,138,173,28,92,66,13
"COG1873",21,10,8,1,10,4,10,0,30,18,1,10,64,33,21,55,28,14,2,26,46,1,6,7,0,3,34,12,3,17,30,0,8,8,27,15,1,14,44,21,13,61,32,3,0,26,8,0,38,11,25,2,13,66,12,13,11,11,3,8,6,0,2,8,8,8,0,11,25,3,24,7,15,2,4,0,17,34,15,16,2,19,26,0,5,33,0,34,26,36,7,14,7,0,0,4,25,16,6,41
"COG1874",448,772,630,2222,454,418,341,601,436,463,264,362,301,316,429,141,447,342,188,98,269,496,271,907,568,123,367,236,577,368,337,375,299,104,240,496,212,228,140,303,342,437,244,467,170,140,186,1237,234,273,557,837,395,226,176,919,252,287,648,279,252,1032,428,807,327,581,1925,151,168,644,866,394,256,89,758,425,714,266,204,637,833,200,723,2231,196,128,1374,366,73,362,602,304,795,2110,191,465,346,393,1130,223
"COG1875",2488,1407,2806,1271,2675,465,1807,6277,768,1906,1216,846,746,957,1712,2227,1264,1775,23850,1008,967,1142,2062,2690,8103,18025,2068,1762,1047,662,1070,6230,1917,3250,876,2047,13103,3546,1873,2265,1597,2188,2034,1511,7370,920,12646,4811,1823,2355,2578,2344,487,1196,1541,4530,12370,2144,928,1207,15823,1985,2494,1163,1205,494,460,1433,1779,13107,1877,3001,1299,15171,3146,1375,2407,1352,2874,968,1539,1370,2111,1311,1528,1557,6959,1187,1523,1030,470,2150,1543,3148,5536,15120,1698,1213,3447,941
"COG1876",1106,964,1109,704,617,690,2413,595,560,205,591,1555,407,760,382,809,750,1555,720,472,1259,957,376,525,771,2165,1710,318,969,1145,407,1025,1247,472,473,238,2051,709,166,1181,870,757,226,1442,693,410,1079,253,188,894,1128,1238,744,1032,253,2211,649,1199,960,725,3073,1074,1119,1155,1036,369,999,588,675,1409,265,859,1250,773,1419,1567,345,998,598,979,760,261,474,1022,263,431,1284,282,121,349,426,192,1000,108,523,966,1170,253,1423,745
"COG1877",258,279,291,421,454,1181,436,840,736,296,479,874,351,584,202,349,497,482,233,272,504,1652,329,235,1328,206,214,260,1942,1085,144,604,342,553,608,489,113,458,170,437,939,154,210,1003,293,429,471,1384,292,392,282,759,1100,378,147,295,338,413,1107,436,282,950,333,565,891,539,198,191,275,484,463,322,924,157,566,728,219,438,210,337,596,171,473,310,162,103,2081,248,303,125,604,354,309,395,1289,530,320,396,76,163
"COG1878",549,463,517,429,1172,620,650,554,959,1225,303,655,1473,1186,1065,523,411,567,138,659,707,538,1115,667,866,189,796,1633,530,658,1601,727,673,1893,685,2012,184,356,1366,474,571,826,1777,800,337,880,125,673,1395,899,610,386,537,1185,2464,538,469,385,516,159,190,793,346,509,439,444,551,479,376,297,2027,729,715,180,597,790,1448,547,1797,513,689,1856,1709,413,383,503,869,1823,1746,1502,455,1512,500,354,625,114,518,1829,253,469
"COG1879",5418,5264,5185,5353,2404,6967,5996,4303,4939,3204,5383,5996,5704,5053,3842,4012,5958,5205,1547,4907,3895,5319,4077,6315,3110,1377,2261,4351,5813,5460,3015,1497,4460,2632,4700,4130,885,4073,4253,5256,4433,4708,3717,5308,1398,5160,1739,5610,4293,2341,4455,5898,6605,3969,3670,2656,952,4964,5719,4690,1471,5287,4232,5628,4654,5519,6315,4988,4062,1632,4261,3076,3591,1258,6210,4524,4263,4593,2509,4726,7130,3906,3805,4221,4166,5076,5618,3933,1914,5747,5772,2912,5270,1741,3117,1332,6219,4003,835,4267
"COG1881",112,43,45,121,557,176,196,136,377,980,111,182,477,399,483,225,115,77,422,250,223,309,646,63,892,184,340,604,307,164,683,582,401,810,334,746,227,205,709,109,179,243,816,228,1064,423,123,98,655,526,59,157,167,382,861,242,2241,100,285,144,348,213,89,45,197,176,118,164,170,358,706,337,239,421,99,220,715,139,652,153,147,803,675,121,38,149,896,766,1120,634,203,1084,46,932,529,336,88,939,213,81
"COG1882",53,14,14,40,39,29,13,7,50,1855,5,10,53,46,323,36,96,47,184,1,46,0,54,43,10,30,16,6,6,8,327,49,5,13,136,21,9,122,108,15,100,21,44,8,160,4,11,2,11,43,110,45,7,31,7,161,782,21,34,7,46,9,17,7,60,98,65,11,55,323,43,52,135,14,89,22,9,19,7,7,3,65,85,8,10,2,107,53,1294,9,87,1521,6,5,6,78,2,26,287,3
"COG1883",562,457,372,1648,1886,287,423,852,816,1968,371,333,1143,699,1631,714,638,328,961,673,519,458,2366,509,833,679,1037,1933,349,304,1926,1650,792,1201,434,1623,1782,331,2094,420,472,909,1803,527,2362,887,154,287,1944,2195,566,1044,274,1088,1483,581,914,405,459,417,848,483,881,342,355,888,1304,588,571,555,1561,1701,421,674,439,381,2110,752,2529,574,615,1997,1605,1618,998,950,307,1412,1600,1032,779,1828,259,1950,441,838,311,1335,2604,531
"COG1884",7625,6705,6150,9913,7874,4283,6446,9412,9960,13808,4505,5490,12486,9067,11160,12390,8739,6176,1893,6677,8974,5038,10203,6094,8057,1214,6650,11786,6373,4724,9521,3496,6147,11735,10012,11655,777,10368,12488,6435,6870,7794,13322,6797,1910,8874,1774,9158,13593,6391,8994,6084,5070,10250,11791,8442,8128,6853,8139,5106,1802,6371,5443,6646,6563,8741,11778,8343,10431,2710,12783,8629,6240,1767,6491,5528,14196,7664,6577,10111,5324,11682,11606,12184,7631,9208,7725,10398,16910,10220,8908,14821,6696,7433,9300,2892,5597,13843,1326,7070
"COG1885",0,1,0,0,0,0,0,0,3,1,0,0,14,0,0,0,0,0,0,0,0,0,2,0,0,0,0,2,0,0,2,0,0,2,0,0,0,0,1,0,0,18,1,0,0,6,0,0,3,1,0,0,0,1,4,0,0,0,0,0,6,0,0,0,0,0,0,1,0,0,1,0,0,0,0,0,0,0,0,0,0,0,0,0,0,7,0,3,0,4,0,0,0,0,0,0,0,5,0,0
"COG1886",323,308,353,362,1239,283,670,1055,511,744,160,380,630,476,1060,704,801,431,502,126,277,410,1348,493,779,268,634,1425,605,304,733,900,688,1188,230,1663,746,275,1563,383,286,478,1489,610,1129,160,139,1042,1262,1141,364,451,322,601,833,575,435,439,226,149,434,367,497,315,216,169,307,302,512,467,1557,1006,235,410,502,433,2186,445,1330,418,918,954,1285,346,156,230,537,575,690,500,170,824,276,996,672,705,411,1055,948,336
"COG1887",259,266,234,490,1419,123,103,1029,286,1360,258,82,213,183,721,502,247,215,1307,348,296,107,888,208,819,739,935,728,115,234,765,1827,131,582,256,712,2071,263,835,183,201,692,676,389,1324,302,121,66,801,1731,79,242,42,187,175,75,718,80,97,133,327,62,76,68,80,82,144,118,149,207,216,672,90,560,34,87,173,169,181,146,30,270,271,220,95,221,1114,218,611,87,73,530,79,313,384,386,101,171,1096,160
"COG1889",253,179,236,119,755,29,177,0,727,228,66,93,885,622,991,778,470,172,79,594,690,6,959,223,0,86,269,1332,13,70,959,326,241,2426,817,1710,27,696,1379,191,333,283,1919,112,98,729,114,0,785,266,422,289,71,479,3126,128,489,293,464,78,88,76,78,187,342,501,151,191,723,42,1752,272,531,109,251,49,952,183,1033,574,2,1863,1620,71,134,168,0,989,535,711,539,658,104,5,1,65,167,1407,93,262
"COG1890",348,248,343,154,660,42,217,0,852,275,69,130,1133,708,1104,1046,584,232,82,687,883,13,1087,243,0,127,320,1317,20,111,944,279,184,1732,987,1529,25,895,1518,257,441,374,1821,166,196,752,361,0,804,234,555,374,86,582,2948,163,1144,319,563,78,78,141,139,205,478,627,176,230,857,81,1696,302,645,117,312,87,941,255,854,703,4,1874,1567,67,216,263,0,999,632,946,623,735,176,3,0,81,220,1651,125,342
"COG1891",110,81,147,91,260,65,104,244,187,126,143,110,754,295,110,136,165,81,22,191,104,109,90,142,56,44,84,427,140,115,656,9,71,59,109,522,9,143,247,104,123,279,195,125,9,294,47,0,527,302,73,81,97,810,108,82,63,90,75,158,69,104,87,85,143,91,31,139,86,6,465,189,101,79,70,133,367,138,268,98,137,111,177,40,116,232,8,637,257,303,95,200,45,134,96,20,136,541,103,117
"COG1892",0,0,0,0,0,0,0,0,0,20,0,0,5,2,0,0,0,0,0,0,0,0,0,3,0,0,0,2,0,0,16,0,0,1,0,5,0,0,0,0,0,0,0,0,15,1,0,0,2,1,0,0,0,10,0,0,104,0,0,0,1,0,0,0,0,0,0,0,0,0,3,0,0,0,0,0,1,0,1,0,0,0,1,0,0,0,0,3,197,1,0,21,0,0,0,0,0,22,0,0
"COG1893",1025,947,1137,855,1429,1334,1247,412,1108,1129,1030,1107,2164,1383,979,859,1477,996,555,811,960,1063,1059,1322,576,470,1099,1537,1202,1076,1625,1189,1192,621,1036,1662,1055,938,1244,1143,955,1144,1098,1300,1327,1047,334,420,1812,1861,2668,4004,3834,5521,2347,2367,2876,3277,3057,2463,1747,2948,2989,2990,2748,2948,2428,2738,2244,1352,4395,4984,2592,1079,3757,3574,4384,2723,4746,3705,4471,2631,3726,1973,1874,2849,1655,5197,4726,4190,3063,4345,2430,3453,1230,1890,3768,4462,6000,2148
"COG1894",6888,9058,10697,9505,6185,7593,8125,4099,10347,14967,11722,7774,9815,10042,11199,8815,11419,7499,2345,10321,6755,8915,11613,12327,3594,2595,2687,11526,8516,6892,9002,1625,8511,5558,10983,9008,1637,10760,12523,9845,8979,7714,11186,7010,1833,11420,3418,5447,11197,5477,6294,9274,7756,7426,9518,2894,4224,9642,9206,9954,2412,9328,9483,9861,10057,10823,10238,10659,11246,1320,10784,6703,7225,2289,9594,8808,10303,7208,5648,6677,9406,11263,9372,7089,8568,7964,3023,10445,12149,8383,10934,12065,10452,5571,3557,1619,9712,10361,742,9113
"COG1896",357,480,446,769,1846,255,355,1065,528,508,103,229,533,519,778,252,466,330,616,387,392,242,988,393,1025,759,981,975,470,277,1033,2070,278,2296,412,1340,1909,373,882,316,866,475,1274,352,1367,330,248,908,457,1818,488,1268,267,587,1953,640,1096,346,333,84,1570,487,327,447,359,336,808,258,293,866,1205,1444,508,1554,458,394,600,260,1648,715,561,1521,1285,629,154,288,811,905,891,713,326,1078,375,1560,1268,495,272,865,3233,200
"COG1897",1632,1241,1831,1451,1332,914,3155,1055,868,1070,724,2333,1260,1346,1387,1069,1589,2212,275,499,1767,1064,1610,1093,793,925,2664,1242,1172,1631,879,796,2064,716,734,1104,907,793,1601,1786,1145,1278,1456,1956,1063,457,221,1313,1378,1478,1444,1578,1177,1649,799,3145,625,1858,1127,797,469,1119,1587,1491,1213,747,1221,889,978,551,1119,1736,2007,83,2041,2286,1838,1777,1358,1504,1489,1378,1150,1260,238,614,472,712,712,821,697,948,1085,1272,1202,395,1774,870,1904,1405
"COG1898",2190,2272,2312,2152,2249,3070,1970,3226,2399,3787,3168,2276,1777,2324,3039,2496,1884,2434,6176,3202,2113,2722,3026,2443,2805,5491,2123,2713,2511,2780,2803,3090,2205,2137,2487,2663,3784,2741,3125,2469,2633,2916,2636,2460,2683,2848,8253,2812,2620,1971,2205,1360,2875,2075,3116,2087,5760,2445,2371,3016,6111,2481,2152,1942,2498,2442,2636,2872,2724,3597,2829,2616,2255,3855,1869,2379,2202,2801,2156,2209,2450,3287,2661,2343,2775,2977,3068,2623,3472,2211,2270,3474,2417,1725,2375,5736,2192,2472,2321,2922
"COG1899",2979,3337,3672,1988,2661,3425,2708,681,5175,3138,4995,3406,4154,4735,4868,4612,4409,3572,966,5462,4357,3444,3997,3935,306,1293,1372,4813,3018,3315,4831,1025,2866,6301,5804,5222,657,4730,5287,3782,4090,3436,6160,3341,799,5716,1669,937,3583,1445,3579,3258,3721,2991,9345,1012,4036,4143,4103,4933,1169,2912,2973,2941,4407,4787,2098,4027,4994,821,6236,1703,3672,960,2713,3346,3494,3897,3144,3731,3466,6409,5498,1164,3920,3328,272,5613,2842,4843,4698,3313,3290,126,178,868,3708,6617,402,4379
"COG1900",3,1,0,0,0,0,7,1,0,10,0,0,3,10,1,0,0,1,0,0,0,6,0,0,0,0,0,0,17,0,0,0,8,0,7,0,0,0,0,0,1,0,0,0,0,0,1,2,0,0,1,28,0,0,0,5,1,7,0,0,0,0,47,0,1,0,0,0,0,0,1,0,0,0,0,24,0,0,0,0,80,0,1,0,0,0,0,0,6,0,0,4,0,0,0,0,0,2,0,0
"COG1901",188,139,180,110,88,29,153,23,318,115,27,105,474,210,229,452,310,114,67,149,385,34,115,152,1,33,239,210,17,71,283,18,121,48,410,110,13,357,250,160,259,271,213,161,199,153,62,0,311,90,315,233,50,301,157,113,917,193,285,44,30,65,86,118,237,272,75,127,409,27,170,105,177,31,162,68,183,174,81,377,13,143,143,80,109,159,0,208,177,274,268,141,71,28,4,45,114,203,95,241
"COG1902",5021,6656,5853,10907,15722,6016,6409,12720,7706,14642,4152,5191,8743,6808,12793,6702,7747,4828,6955,4548,6652,5281,16289,8248,10236,4797,7986,14715,6114,5145,8178,15059,7580,10235,6034,15014,13192,6039,15406,5196,5837,7302,15845,6153,16104,4892,2406,11430,15978,19494,4816,10457,5606,8132,10716,4878,7408,5162,6715,4331,5922,6903,6909,5764,4941,7650,12531,5503,6779,5965,13082,14375,5515,4651,6639,5417,18441,5157,17636,7546,6477,14423,13899,11376,4428,6210,8403,8000,11976,7650,7689,14809,6369,14916,10505,5909,5182,8735,16249,5360
"COG1903",1311,866,1389,655,1078,653,2338,365,906,1027,514,1617,1277,1435,1824,1152,1056,1602,58,774,2857,1191,1791,716,356,663,2728,2059,712,1281,1568,377,2715,3025,734,2598,40,770,2229,1631,1184,820,2886,1393,128,867,186,763,1306,608,426,272,298,493,1457,1001,52,469,350,243,47,298,366,343,384,149,277,247,332,129,961,302,924,39,630,579,633,652,496,389,292,908,828,159,24,96,103,554,306,546,161,405,250,45,111,24,488,720,31,548
"COG1904",304,492,324,776,1060,376,331,179,373,164,147,346,345,274,384,316,422,358,390,173,202,596,642,337,772,360,837,431,641,360,427,1363,326,366,199,390,1374,191,332,278,561,422,346,392,1127,104,139,232,288,1714,515,725,328,523,273,623,535,294,234,166,637,667,454,550,308,186,631,278,227,752,422,1825,241,235,434,267,452,371,1148,555,587,439,756,930,179,278,965,435,216,324,182,387,542,249,900,451,241,304,3347,233
"COG1905",2493,2458,2609,2558,2132,2692,2270,2123,3256,3998,3551,2695,2930,2954,3182,2859,3079,2729,924,3267,1920,3238,3056,2908,1842,1000,895,3540,2755,2460,2674,537,2596,1888,2961,3172,619,2758,3838,2929,2865,2809,3554,2392,665,3408,914,2073,3660,1837,2215,2354,2663,2374,2803,967,1269,2877,2631,2834,857,2658,2586,2547,3108,2803,2152,3305,3236,457,3566,2137,2189,846,2450,2648,3903,2776,1859,2104,2962,2951,2806,1862,3390,2972,1529,3130,3816,2706,2784,3595,2597,2303,2286,658,2979,2928,293,3061
"COG1906",16,176,102,1,0,0,0,0,38,7,23,95,0,9,69,285,37,158,45,9,14,0,0,88,12,507,398,4,4,77,36,172,1,0,0,0,1139,113,0,159,27,192,3,14,7,2,457,2,0,0,57,161,0,17,4,23,10,185,35,15,316,206,53,83,35,2,0,160,176,468,2,2,26,23,92,36,0,67,0,20,0,1,0,1,11,300,3,5,17,46,5,26,207,0,3,122,40,1,102,15
"COG1907",139,153,257,163,50,254,177,350,185,186,237,184,180,174,122,191,233,143,47,232,104,186,90,291,56,71,70,111,310,273,173,15,127,47,174,84,23,212,158,168,216,216,147,228,6,187,68,0,92,46,134,151,212,202,97,125,53,154,118,191,72,155,128,117,244,162,50,185,143,14,126,54,142,48,136,200,140,132,80,161,192,104,76,93,226,127,17,270,279,181,132,217,133,196,113,41,229,181,19,158
"COG1908",13,0,0,6,126,0,3,0,84,1781,0,0,103,60,694,207,10,2,0,2,8,0,582,32,0,2,3,370,0,0,39,3,29,106,24,334,0,20,727,2,6,2,369,8,30,15,4,0,276,106,6,2,0,23,65,7,254,1,2,0,1,0,1,0,4,6,0,2,48,0,158,54,2,1,2,0,128,0,44,1,0,134,124,1,0,0,0,53,553,7,3,519,0,0,0,0,0,159,1,0
"COG1909",293,227,289,85,192,37,205,1,594,79,48,32,836,458,375,448,370,144,72,398,557,4,278,228,0,52,164,328,15,86,562,73,143,594,614,450,6,673,384,200,357,198,508,48,28,514,76,0,251,61,124,112,25,85,280,34,56,88,161,10,18,34,37,82,147,142,56,70,221,17,184,22,110,25,64,22,145,42,81,137,1,183,148,17,49,35,0,223,59,227,172,68,37,1,0,23,72,177,23,68
"COG1910",56,44,128,94,722,125,300,206,287,793,116,131,649,418,710,262,549,108,133,82,166,134,780,284,356,44,181,1172,117,96,751,234,250,464,121,1449,125,136,1158,183,127,217,1049,201,146,174,122,763,1328,761,24,39,27,209,193,35,81,66,25,10,33,52,87,24,40,30,50,34,60,17,524,189,41,23,83,60,513,82,265,50,61,177,292,25,8,17,37,298,290,85,19,301,20,175,115,10,53,304,51,40
"COG1911",58,86,115,52,45,21,77,0,202,54,17,49,273,148,118,288,140,43,31,81,250,0,77,62,0,3,89,114,12,38,57,5,30,20,235,60,4,237,130,78,144,78,114,47,14,75,32,0,165,40,137,147,25,157,96,52,204,80,137,21,13,40,43,58,161,158,76,61,219,18,96,56,174,10,89,18,67,85,40,191,4,68,94,10,30,45,0,93,80,101,158,67,51,0,0,28,48,178,30,77
"COG1912",990,1289,866,1514,373,697,614,189,1073,858,986,732,929,872,860,1159,1119,997,442,1008,656,1029,588,814,209,417,370,652,1020,705,790,78,763,331,1164,571,185,1168,568,989,1055,769,645,627,54,1076,548,400,772,385,1391,877,724,695,661,898,227,1032,1326,679,300,939,1417,1407,1034,1058,1450,1233,1568,207,567,665,584,244,935,687,805,867,313,977,378,648,658,2318,2287,933,331,844,875,1042,991,684,1411,172,213,306,918,620,74,975
"COG1913",3,6,2,9,0,0,2,0,4,153,0,4,30,11,11,7,0,35,1,0,5,0,2,0,0,3,31,0,3,3,16,0,4,2,12,1,1,1,1,2,10,28,2,3,10,7,0,0,1,1,40,0,2,15,0,6,31,3,5,3,10,3,0,6,7,10,10,11,4,9,2,1,10,2,1,2,12,3,1,9,1,1,1,10,0,8,1,6,139,27,7,106,0,0,0,4,2,7,4,1
"COG1914",2919,3064,2798,2269,2814,1245,2231,2538,1953,648,847,1276,1295,2189,1665,2509,1772,3071,1310,1973,2759,1527,1775,1785,1845,2130,4429,1284,2024,1890,2403,2879,2070,2673,2082,894,3591,1856,1158,2382,2482,1952,975,1705,2665,1819,806,2056,1098,3510,3626,2551,1096,1990,1139,6344,2288,2436,2798,924,1881,2027,2905,3071,2039,1651,2577,1787,2264,1936,1033,3295,2887,550,2715,1744,1231,2831,3431,3130,1279,1443,2264,3749,1895,1458,1935,2421,1065,2281,1798,1238,2851,942,1649,1676,1853,1463,5430,2644
"COG1915",23,1,3,70,879,0,5,257,432,427,5,0,428,438,1196,132,46,1,1,483,212,1,1267,17,0,71,7,1394,2,0,741,499,199,3081,316,2312,23,74,1745,5,62,62,2522,3,271,698,20,0,686,217,25,24,0,146,4325,22,220,9,139,1,82,0,1,3,82,171,1,23,27,0,2367,226,264,109,0,1,1058,1,1264,25,3,2692,2104,63,9,25,0,976,964,738,158,1101,4,9,2,5,1,1480,26,0
"COG1916",480,384,457,227,456,73,488,13,1028,637,89,259,1121,678,1029,1380,982,302,162,385,1054,78,886,446,47,108,529,1100,62,156,1026,115,330,340,1063,910,85,1065,1268,392,652,578,1109,258,166,385,453,113,1141,405,677,475,153,700,689,291,1086,461,770,145,131,181,308,300,599,761,265,336,1123,86,1132,516,696,64,523,142,1417,515,575,911,124,784,966,44,259,358,36,735,966,699,751,641,234,213,14,388,318,1392,167,520
"COG1917",428,659,190,520,1184,615,340,746,758,1002,377,359,1101,986,854,867,297,309,481,740,846,805,828,191,345,253,1236,1224,980,506,1185,856,1296,1517,692,1477,214,249,1162,263,528,823,1247,368,344,931,162,964,1356,986,652,828,498,1129,1430,769,870,317,617,445,491,424,357,489,531,498,377,689,626,276,1434,1163,855,454,263,353,1134,780,2072,923,642,1213,1760,648,441,549,253,1391,1374,1014,554,966,545,626,441,367,252,1450,862,676
"COG1918",25,51,79,41,57,5,16,0,14,188,5,11,66,16,99,12,37,40,10,0,26,33,95,73,4,13,19,136,11,24,56,9,64,73,17,101,1,152,146,13,24,33,187,15,63,14,24,1,175,62,31,40,5,54,55,52,186,17,17,15,4,39,16,19,26,7,9,14,62,21,143,88,42,3,41,11,155,33,164,29,16,112,101,74,7,27,4,35,283,50,7,242,34,2,2,53,18,62,33,11
"COG1920",450,441,330,415,907,206,353,41,708,558,409,283,1125,726,1074,609,427,452,169,686,389,352,1258,322,8,233,314,1439,193,281,1119,358,610,1723,597,1777,107,595,1540,439,510,600,1796,222,33,941,153,2,1296,563,394,210,264,744,2687,210,111,311,357,302,223,218,388,450,376,490,141,609,635,109,1839,662,428,153,332,308,1206,484,1325,324,232,1908,1709,482,782,687,36,1324,589,1087,570,873,298,31,32,75,552,1671,112,455
"COG1921",2114,1735,1641,1346,2532,594,1628,425,2759,3577,1504,1170,5745,2824,2776,2840,2589,1637,874,2500,1867,1662,2682,1600,107,765,1885,4497,934,941,4842,673,2330,1525,2241,4099,520,2545,3767,2121,1756,2767,3493,1006,477,3742,741,203,5783,2423,1798,1359,760,4486,2648,1108,1914,1947,1652,1456,826,1187,2314,1820,1810,1742,845,2849,2901,229,4384,2674,1353,931,2081,1212,4925,2784,2134,1700,1171,2501,3050,1329,3222,3761,81,4706,4605,4071,1892,3904,1700,1522,96,645,1709,5236,640,2400
"COG1922",933,613,927,787,391,667,427,1073,522,275,943,600,449,445,294,528,889,703,501,716,435,715,233,706,1200,697,454,115,672,477,429,676,476,263,692,187,541,546,135,781,707,641,119,398,649,755,358,1382,117,366,625,583,625,381,241,872,281,806,607,894,607,612,1169,938,670,509,180,773,717,471,150,647,583,235,936,703,148,625,180,481,767,161,310,757,773,636,874,420,213,456,492,220,693,633,522,611,826,263,1065,661
"COG1923",174,172,177,385,474,194,148,703,222,189,97,136,219,245,153,148,146,134,373,142,159,165,318,195,906,224,350,203,258,159,297,684,283,282,150,284,620,144,174,143,214,253,193,177,978,115,90,527,207,504,121,321,124,244,109,297,255,109,152,110,361,227,175,188,144,137,377,192,144,391,196,460,183,413,196,222,200,125,556,256,331,191,315,314,86,160,799,241,171,232,152,196,168,677,634,443,130,163,778,139
"COG1924",4,8,7,2,102,0,8,4,16,7485,10,6,8,15,1481,10,24,3,37,0,3,2,342,171,4,2,64,149,0,2,50,47,5,36,3,128,1,2,806,0,4,20,216,3,294,10,0,1,205,71,16,9,6,16,123,20,3794,2,2,7,16,1,11,1,2,2,0,14,9,1,198,145,6,32,18,7,44,18,56,3,3,491,188,0,0,7,5,57,8009,17,2,7681,1,2,4,19,0,158,9,5
"COG1925",401,331,342,537,751,178,249,605,363,403,245,264,306,290,358,251,351,330,949,198,185,285,538,342,844,686,497,375,275,243,441,1723,322,339,212,700,1121,328,333,317,342,593,400,269,712,253,313,779,398,1037,338,556,243,432,340,416,325,263,260,283,708,345,526,377,293,236,441,319,349,427,407,518,206,1146,365,279,462,271,856,355,384,315,556,476,470,261,704,355,297,409,251,410,290,1439,409,809,320,244,885,264
"COG1926",8,0,0,0,83,2,0,108,0,81,0,3,1,2,10,18,0,13,3,2,2,0,16,3,60,6,38,31,1,0,5,292,1,297,1,73,36,5,12,4,7,31,116,1,110,0,3,313,18,21,23,1,0,1,74,53,122,1,0,2,18,2,8,6,2,0,0,0,9,24,49,14,0,16,1,1,49,1,72,2,0,16,26,0,0,5,110,30,203,0,1,121,1,53,141,6,0,24,3,0
"COG1927",0,0,0,0,10,0,0,0,3,2,0,0,0,1,1,0,0,0,0,0,0,0,5,0,0,0,0,33,0,0,8,0,0,15,0,33,0,0,5,0,0,0,6,0,0,0,1,0,8,8,0,0,0,0,9,0,5,0,0,0,3,0,0,0,0,1,0,0,0,0,39,2,0,2,0,0,6,0,15,0,0,2,10,0,0,0,0,57,17,1,0,14,0,0,0,0,0,77,0,0
"COG1928",56,94,75,94,138,126,158,6,177,260,88,113,84,152,151,192,108,134,9,197,242,58,227,92,289,21,80,169,48,191,83,72,129,21,250,240,8,123,189,120,156,182,314,332,12,107,20,3,210,84,60,47,111,127,78,34,71,116,234,109,23,145,116,45,199,252,63,176,212,204,219,253,257,16,107,222,460,96,71,86,42,177,191,139,31,234,1812,88,346,78,300,257,40,38,539,11,124,286,13,78
"COG1929",1120,1163,855,1116,907,580,429,136,1398,717,1027,635,1523,1110,1285,1479,987,896,1139,1448,805,906,1424,663,283,732,755,1444,781,675,1428,817,738,758,1052,1201,1192,1292,1340,1074,1089,1171,1308,425,497,1782,642,471,1791,861,1262,864,603,1490,1151,643,249,903,1009,890,780,623,1336,1172,1054,1069,593,1464,1606,506,1125,930,652,1023,884,547,1408,1196,762,640,379,1336,1350,1206,3045,1504,1100,1307,561,1342,1082,714,820,478,360,1028,957,1332,368,1199
"COG1931",52,24,35,56,194,0,4,1,303,56,5,1,245,206,363,303,75,3,27,338,219,2,364,23,0,41,21,496,1,0,467,106,100,864,202,600,2,128,536,14,63,27,749,2,15,331,21,0,225,85,52,37,2,77,1252,22,29,12,189,3,41,1,11,43,112,133,6,27,111,0,656,77,171,51,22,3,304,1,311,123,3,802,616,43,28,22,0,513,126,485,147,201,8,0,0,8,4,549,17,24
"COG1932",4062,4842,3349,4827,4215,4879,3335,2830,4720,5924,4365,3866,4037,3786,6421,5283,4325,3719,1623,4429,3957,4373,6775,3880,3193,1397,2858,6039,5166,4241,3829,2440,3324,3367,5054,5465,1883,4540,6443,3829,4119,3789,6151,3874,2491,4400,1570,2467,6142,3954,4601,3775,4887,3238,4720,3067,2458,3761,5048,3910,1598,4656,4636,4922,4299,5046,5185,4880,5454,1497,6192,4304,3548,1299,3634,3730,6472,3786,4422,4497,4241,6224,5366,5827,4779,4522,3891,4144,4018,4210,5230,4898,4736,4019,3204,1469,3781,4699,2471,4538
"COG1933",1660,1460,1975,786,530,201,1174,116,4381,1212,588,859,5075,3652,2019,4774,2839,1117,1501,2810,4373,46,956,1275,413,1696,1660,1684,141,558,4434,298,1423,549,4805,986,296,4313,1695,1283,2593,1929,1799,765,1877,4102,3727,94,2346,608,2639,2237,462,2719,1113,797,10609,1746,2961,594,947,643,1189,1231,2386,2939,745,1299,4188,298,1364,671,2611,593,1633,425,1996,1443,535,3618,31,933,1147,492,852,1177,189,4764,2604,4619,3110,1704,1070,148,74,1410,1053,4886,590,1580
"COG1934",389,266,318,904,864,145,193,883,239,536,149,148,302,279,429,206,297,162,460,193,333,233,726,355,718,425,522,493,311,145,517,1027,343,497,306,485,838,264,498,230,321,352,463,216,812,144,125,409,467,993,64,186,36,105,109,163,126,68,115,44,162,96,90,105,98,110,305,92,59,129,110,243,102,87,114,99,176,46,337,120,158,225,170,262,27,67,130,117,99,99,132,129,69,448,278,134,57,70,422,60
"COG1936",207,207,222,123,646,35,149,1,646,175,49,101,595,584,938,673,343,134,47,484,655,7,890,185,0,72,213,1210,14,75,671,289,152,1968,701,1451,25,570,1301,178,318,312,1675,96,48,632,95,0,712,235,110,83,23,131,976,32,129,59,141,23,25,40,23,55,124,175,34,57,177,8,522,68,156,25,74,20,304,73,296,167,0,578,495,12,48,65,0,212,169,224,172,211,49,1,0,14,52,463,29,93
"COG1937",51,60,135,173,468,83,167,588,142,147,113,131,139,119,207,91,141,115,310,80,57,409,314,201,684,94,262,351,382,71,108,785,322,704,127,644,269,74,284,173,103,95,427,266,719,82,84,367,412,332,69,267,85,181,303,173,176,143,62,190,284,179,314,105,79,80,202,43,63,678,530,396,61,437,141,130,459,96,284,105,463,245,471,168,37,66,1433,187,194,58,104,265,39,520,796,387,321,284,162,31
"COG1938",642,524,740,241,779,71,434,0,1737,327,168,290,1932,1296,1584,1905,1141,454,166,1191,1749,19,1419,491,0,159,580,1607,59,208,1944,368,488,2365,1899,1645,40,1546,1918,464,907,666,2409,271,171,1468,608,0,1172,356,1021,853,186,906,3820,319,1110,669,1345,153,200,252,267,523,906,1225,340,514,1470,119,1900,417,991,227,620,130,1239,497,1098,1400,3,2378,1972,126,351,439,0,2102,758,2037,1347,760,391,2,1,206,421,3075,249,573
"COG1939",488,250,373,67,69,207,763,0,127,158,158,528,126,272,190,310,348,501,7,129,627,215,86,163,0,248,742,148,156,445,28,5,647,69,162,182,10,223,95,373,304,196,186,435,2,40,30,0,143,62,483,172,224,305,84,1132,12,410,311,218,10,296,338,326,368,97,49,147,273,60,148,204,709,2,368,615,279,404,87,298,195,105,70,35,7,61,0,5,36,77,102,72,259,0,1,17,348,28,17,361
"COG1940",4178,4189,5170,5068,4572,3144,3419,3851,4722,5510,4469,3405,5056,4333,4774,3934,5541,3579,1794,5210,3411,3786,4595,5526,3642,2451,3160,5127,3927,2938,4862,2778,3435,6096,4513,5650,2806,4913,5325,4563,4055,4786,6189,3961,2984,5605,1716,4136,4595,3776,4202,4249,3452,4632,6856,3064,3841,4440,4030,4325,1966,3390,4967,4276,4118,4349,3599,4674,4407,1973,5809,5927,3436,1023,5223,3316,4533,4178,4439,3174,4111,5691,5638,4167,6251,5100,12895,4857,6132,4986,4365,5924,3929,2350,4821,1479,4345,5173,5941,3733
"COG1941",11,1,0,0,4,4,0,192,0,6,0,5,0,1,2,1,0,23,5,0,0,0,0,8,1,1,1,1,3,1,0,4,0,19,0,1,2,0,0,1,0,0,3,6,13,0,0,1,0,18,30,1,3,2,12,50,212,0,0,1,2,3,1,4,1,0,0,1,1,1,0,3,0,0,1,2,2,2,5,0,13,3,3,0,0,0,2,0,298,1,0,14,0,1,0,7,0,2,6,0
"COG1942",198,175,127,38,138,718,161,112,352,21,573,475,179,254,71,92,131,264,254,436,213,664,65,135,133,141,153,99,789,591,181,199,391,97,226,129,163,130,66,310,365,175,77,379,113,341,62,73,118,187,187,191,697,216,217,112,35,320,241,606,142,265,198,114,352,267,40,255,69,92,82,347,250,226,75,336,23,309,230,208,868,60,58,31,308,243,80,128,24,183,250,49,173,70,66,233,300,105,352,180
"COG1943",47,48,26,147,593,18,38,581,53,339,8,29,99,63,160,84,47,53,246,43,93,26,340,45,579,207,375,234,48,12,158,493,125,526,34,376,416,40,250,66,105,145,245,49,1195,23,43,347,256,453,216,338,33,332,496,410,2254,88,126,53,1067,163,247,61,86,63,241,153,306,561,778,1494,252,632,114,78,1283,172,1821,394,164,541,1391,386,56,261,1528,394,3339,256,71,1695,103,4505,2000,708,70,421,2051,116
"COG1944",128,80,17,137,1079,172,38,680,43,154,23,67,152,44,104,72,22,49,988,40,119,17,432,10,1466,569,603,129,40,111,248,990,69,1368,10,603,1045,79,64,82,41,572,236,85,1791,36,170,338,304,701,27,24,89,195,204,389,619,46,21,102,988,34,142,75,13,5,100,49,77,413,142,152,61,967,23,29,146,62,1556,286,54,118,510,102,11,111,508,80,116,119,5,242,1,3488,978,937,38,103,291,13
"COG1945",25,8,15,48,256,0,23,1,265,427,7,30,270,268,353,176,46,29,31,211,144,7,313,11,36,47,41,347,2,4,521,90,130,773,223,526,7,57,486,39,44,76,696,11,21,442,19,5,302,104,71,15,16,245,993,12,89,21,95,16,62,0,19,11,75,94,1,31,116,4,616,105,132,74,26,9,357,96,367,32,10,684,535,35,15,67,99,633,500,474,106,457,14,36,25,14,45,678,20,78
"COG1946",1635,1962,1120,2225,2767,2233,1238,3097,1525,629,1481,1408,1498,1392,1328,1390,1383,1362,1537,1165,1373,1878,1939,1556,4889,993,2237,1549,2226,1882,1409,3201,1718,1597,1472,1758,2705,1500,1210,1199,1577,1899,1666,1652,4027,1540,606,1367,1618,3209,1724,2365,1909,1574,1853,1465,1151,1086,1645,1224,1633,2068,1789,1917,1345,1697,2480,1745,1529,1810,1227,3276,1261,987,1198,1187,1538,1295,3137,1707,1724,1592,1973,2965,1651,2106,4376,1346,808,1561,1683,857,1964,5398,4020,1419,1202,1212,4292,1547
"COG1947",4296,3671,3689,3417,2411,4143,4028,1953,3285,3498,3576,4252,3576,3492,3362,3754,3669,4088,1256,3736,4090,3675,3135,3148,2049,1689,4388,3156,3842,4229,3646,1728,4120,1720,3094,2786,1650,3256,3386,3898,3356,3862,3045,3814,2326,3660,1143,2111,3704,2605,4073,2849,4172,4049,2522,4990,1919,4093,3387,3548,1198,3775,4210,3917,3550,3647,2760,3872,3798,1476,3002,3136,4033,989,3534,4014,2917,4045,2630,3639,3871,3238,2712,3727,4294,4422,2789,3159,3903,3574,3564,3507,3622,2630,2037,1212,4214,2969,2114,3790
"COG1948",749,365,662,800,586,143,215,555,818,349,421,127,856,657,982,435,661,328,6649,585,554,103,792,631,1827,4572,206,1093,137,277,793,1258,286,2075,785,1536,1222,899,1095,251,695,406,1664,431,836,834,5900,560,628,191,763,540,195,457,2855,305,3195,355,399,432,2675,472,395,465,634,586,470,154,525,1553,1559,170,566,3928,678,392,885,248,790,571,113,1798,1436,719,384,179,880,819,1085,1041,506,884,457,51,1285,4393,238,1053,89,178
"COG1949",1048,1198,899,1247,1284,1225,792,434,1122,876,884,876,1475,1056,1280,1279,924,833,696,1037,1215,806,1528,1134,564,464,992,1313,1001,1017,1771,1057,1003,1186,1182,1067,1137,1064,1332,736,977,1196,1316,941,1382,1129,346,106,1452,1357,1152,1225,994,1393,1070,662,652,855,1169,856,658,1121,1040,1140,1011,1351,1329,986,1106,693,977,1284,855,439,697,690,1392,899,1327,1202,863,1396,1200,1202,1018,1361,786,1009,827,1256,1310,775,1116,1043,469,598,992,1379,1463,958
"COG1950",18,21,51,52,17,4,3,0,18,37,1,0,31,18,30,5,4,9,6,0,100,14,8,5,52,17,13,24,7,0,32,28,10,4,19,72,6,2,14,2,13,38,34,54,20,13,20,0,23,28,33,23,4,72,17,31,20,6,64,19,4,12,3,12,22,9,49,6,2,155,52,24,153,3,14,40,39,8,12,34,19,8,27,53,0,9,432,31,28,23,13,39,28,1,123,2,3,19,4,4
"COG1951",650,478,921,1633,2889,645,1225,1928,842,2660,378,825,1878,1097,1798,563,1090,485,1335,413,861,671,2816,1208,3256,816,1447,1985,1322,500,1354,2671,1329,3038,716,2068,2354,1001,1903,792,817,1014,1785,1048,3047,311,384,2468,2356,3261,320,1657,700,1472,1468,868,1382,692,585,221,1226,937,1145,744,557,866,751,719,605,1112,1711,2524,832,871,1217,881,1846,424,3210,786,1897,2457,2025,1405,279,476,2533,1262,2633,1060,828,2627,615,2889,1873,1070,971,1086,3347,353
"COG1952",406,449,471,859,937,424,437,1120,440,457,288,366,507,488,425,320,418,357,853,281,347,433,571,489,1450,610,629,488,673,399,683,1283,540,493,346,568,1315,375,409,366,436,554,440,514,1521,301,168,1088,404,1070,122,253,139,177,79,153,166,120,141,116,228,196,135,166,89,127,344,138,121,222,99,241,118,194,133,152,150,94,342,179,262,128,216,257,71,121,392,153,153,144,117,158,152,521,429,233,147,128,438,110
"COG1953",3455,4684,4814,3204,2157,3933,2145,184,3662,2130,5452,2464,1836,3616,2638,3584,4612,3152,2666,5940,2742,3306,1988,5675,171,2267,1707,2156,2880,3249,2585,2037,2925,1605,4685,1940,2989,4828,1783,3402,4182,3965,1800,2884,1638,4323,1461,369,1690,2393,3222,2919,4076,1922,2760,796,720,3474,3814,5296,2077,3652,3233,3404,4346,4861,3064,4617,5243,710,2142,1398,3658,1880,2929,3475,1346,2995,2388,2730,3500,2081,2087,1418,5204,4086,175,3656,742,2896,4742,1639,4836,1051,279,1618,3509,2897,1425,5257
"COG1954",0,0,0,0,1,0,0,0,0,0,1,0,0,0,0,0,0,0,2,0,0,0,0,0,68,0,0,0,0,0,0,0,0,4,0,18,0,0,0,0,0,0,2,17,20,0,20,1,1,0,0,0,0,33,0,1,0,0,0,29,0,0,0,0,0,0,0,0,0,14,0,0,0,0,0,3,0,0,0,0,0,0,1,0,0,0,613,0,0,0,0,1,0,0,127,0,0,0,0,0
"COG1955",299,409,374,50,81,56,145,0,631,142,70,175,604,330,357,397,669,307,105,131,357,7,80,349,0,58,219,148,25,143,354,16,134,18,370,124,15,1191,190,220,448,323,82,98,14,221,166,0,264,96,626,344,78,710,30,171,51,448,139,55,34,132,92,341,360,239,290,126,1056,80,149,97,182,54,258,57,161,380,58,795,2,52,82,8,247,196,0,352,103,328,194,67,196,0,0,143,209,211,196,324
"COG1956",294,339,282,686,741,177,146,658,245,73,183,195,215,192,264,290,207,190,423,379,259,212,443,308,951,288,384,273,380,212,340,752,103,942,178,224,707,247,274,194,248,449,189,192,658,261,159,802,241,684,495,401,217,323,191,436,640,257,304,271,461,317,332,258,203,266,708,251,229,528,260,609,168,242,231,169,239,288,650,367,163,272,554,1017,719,387,857,307,283,249,246,186,345,763,861,545,201,305,1067,197
"COG1957",1886,2279,1933,2556,2060,1275,1390,1162,2434,2110,1834,1472,2386,1742,2036,2647,2277,1661,828,2136,1415,1705,2209,1613,1078,1012,1433,2625,1328,1281,1986,1081,1882,1179,2058,2558,1556,2172,2221,2043,2306,2609,2249,1220,1551,2231,814,1381,2737,2228,1719,2927,1228,1975,2020,850,687,1821,2117,1202,1006,1475,2498,2296,2014,2074,1058,2518,3429,677,2526,2503,1350,489,2369,1384,2785,1806,2613,1382,1240,1857,2206,2574,3252,2357,1745,2371,1346,2174,2110,1961,2092,1421,1532,521,1875,2146,2521,1978
"COG1958",89,64,36,205,379,3,31,0,419,105,5,6,322,381,535,161,191,11,1,288,259,2,579,43,0,30,24,715,1,2,498,164,155,1205,437,874,11,245,749,35,121,25,1056,127,163,380,119,0,320,116,123,33,3,138,1900,23,763,43,228,2,43,21,18,20,174,244,127,35,245,0,1026,84,527,69,142,90,412,53,515,45,7,1191,976,60,10,5,0,565,396,460,245,418,21,3,0,6,6,738,21,24
"COG1959",2038,2018,1867,2228,2185,1900,1609,3176,2212,4438,2532,1708,2046,2184,2648,1936,2102,1933,993,2469,1734,2180,2477,2217,1989,911,1377,2234,2159,1801,2125,1493,1938,2037,2213,2102,1258,2049,2788,1978,2054,2365,2192,1836,2362,2447,618,3118,2462,2054,1917,1874,1877,2079,1742,1348,2997,2056,1896,2630,1100,2115,1915,1786,2068,2371,2165,2470,1922,996,2079,1842,1720,2470,1394,1889,2238,2127,2215,1900,2178,2396,1935,1939,2452,2644,1428,2315,4934,2147,2388,4535,1992,2902,1692,921,2014,2243,1363,2420
"COG1960",49760,52793,39100,59173,58338,52877,42025,68896,53918,48409,45612,43455,62153,50504,51463,50504,48129,44633,31790,42273,46038,46395,57570,47527,70536,20896,43708,59387,46263,47619,46916,53606,48111,43417,51399,58752,35127,47249,54673,42502,45748,48134,59870,47248,52705,50627,16780,50006,67138,63840,48918,53738,50208,55617,49725,41374,27715,40998,51086,43242,24738,50372,47597,50545,44857,54105,56147,53617,54092,29018,54231,61961,38972,21260,41365,43950,61045,43447,55086,52922,42317,53659,55733,62769,57535,58224,59312,50761,50459,56667,56165,50069,52282,88107,69640,28615,42062,52911,47243,46875
"COG1961",2838,1730,2700,4333,4244,1639,3373,12672,1381,4720,1206,2542,2175,1926,2170,3310,1784,3803,17125,867,1997,2116,2095,1844,16460,18939,7340,2135,2075,2807,2984,10076,3625,2468,865,3988,16197,3630,1810,3129,3210,3072,2326,3937,8803,1145,13666,12637,2032,4776,2975,3909,1654,3936,1698,6325,11274,2930,1837,2190,16806,3200,2436,1893,1824,769,4057,2344,2442,21263,2817,4207,2207,24994,3808,2527,2871,3325,2950,2510,2004,1474,2350,4203,970,2088,24114,2477,7703,1882,800,6661,1725,5912,18562,16993,3335,2261,5128,2705
"COG1963",673,313,586,90,9,262,887,1,150,73,200,549,141,271,94,315,371,621,42,189,919,325,11,232,0,324,1044,21,258,470,32,15,906,3,219,6,21,367,5,440,436,260,24,488,21,41,199,0,18,14,534,249,283,329,35,1470,131,466,358,256,21,395,455,443,562,122,62,200,262,167,22,177,977,8,644,629,16,472,5,402,283,15,7,31,12,92,0,34,72,88,134,22,316,0,1,29,390,11,12,498
"COG1964",153,211,637,317,745,49,165,251,900,1332,123,91,643,927,1395,456,149,129,749,874,507,316,1295,523,60,531,95,1425,188,92,1574,507,912,2286,635,1571,171,466,1823,279,229,107,2390,90,1999,1359,692,671,947,375,223,306,92,390,3478,116,5316,232,375,58,501,231,241,187,271,325,75,156,422,1369,2024,355,554,778,445,96,1044,177,1040,81,357,2373,1662,228,171,108,82,2203,786,1568,383,1115,369,70,118,1201,428,2264,99,252
"COG1965",34,29,40,130,189,82,110,97,74,102,20,63,80,83,125,86,137,48,181,14,53,68,143,144,73,77,119,186,62,47,80,260,113,195,69,192,144,93,167,68,33,70,187,95,159,23,32,146,189,89,20,69,65,79,133,46,116,43,23,19,158,62,76,21,41,48,258,20,67,89,199,100,74,171,100,63,375,43,127,60,169,125,193,100,18,23,58,29,102,53,40,114,40,42,57,202,53,95,51,46
"COG1966",641,388,379,533,3399,159,157,779,794,2709,150,92,1180,846,1515,779,256,306,1506,883,789,285,2722,349,923,1262,2277,2400,204,147,2443,3619,565,3422,554,1844,4680,489,2167,448,747,1521,2030,242,3474,618,299,297,2639,4548,459,1318,117,1683,1431,831,3507,292,429,300,1684,537,490,421,447,663,263,1044,599,1344,2115,3104,717,563,361,105,1703,909,2726,848,229,2033,2393,470,598,1430,500,1772,3877,1261,685,3325,306,2268,559,1411,127,1798,6086,517
"COG1967",293,203,345,79,189,45,185,1,641,192,69,96,932,443,425,1043,451,226,103,281,703,14,212,218,0,44,329,445,15,138,500,12,120,164,857,248,17,846,437,285,392,423,520,91,39,342,358,0,591,161,170,128,31,184,107,63,93,79,198,18,19,39,56,61,135,214,14,72,290,11,111,93,109,8,128,21,170,121,76,161,2,78,111,13,55,102,0,185,57,163,164,66,47,0,0,28,70,327,32,163
"COG1968",5461,5832,5551,5191,3205,6089,4847,2226,5245,4707,7002,5973,4446,5461,4917,5163,5657,5898,2034,6940,5263,5860,4057,5926,2381,2451,4735,3891,6152,6267,4539,2344,5230,3140,5294,3311,2200,4742,4362,5545,5312,5334,3627,5625,3186,5921,1899,2221,3916,3063,5885,3550,6153,4559,3396,4948,4156,5934,5409,7061,1947,6120,5944,5995,5816,6010,5516,5890,5187,1744,3688,3559,5501,1515,4860,6176,3770,6013,2872,5460,6177,3960,3630,5280,7057,6223,2878,4563,4484,4826,5761,4231,5874,2711,2379,1696,6081,4134,2241,6254
"COG1969",10,36,2,0,169,8,0,33,3,75,2,4,0,3,40,17,0,12,17,2,3,0,45,3,5,14,130,48,5,2,58,63,0,46,2,16,41,6,14,3,4,31,4,28,51,0,4,125,1,375,5,42,5,12,45,78,253,1,1,4,40,1,6,1,1,0,0,10,22,40,4,553,4,9,0,0,0,3,94,27,0,66,17,0,1,65,17,114,383,10,1,110,2,27,62,21,0,5,934,0
"COG1970",273,301,358,624,405,202,200,1026,294,40,341,243,157,215,180,181,306,318,383,237,187,373,207,289,1198,243,246,82,342,257,176,650,178,599,235,254,311,303,71,285,304,218,120,221,409,274,229,708,87,253,346,301,213,168,138,237,217,277,364,300,323,315,486,336,288,237,266,266,342,389,202,177,273,213,346,233,128,276,151,197,267,103,364,872,561,181,1636,109,34,176,229,73,312,1533,1349,326,368,215,86,186
"COG1971",6,29,15,3,371,8,3,45,8,7,4,8,11,20,34,8,0,14,136,21,34,0,182,8,223,133,240,50,23,4,92,330,14,725,2,61,325,16,31,9,15,214,46,18,306,1,42,49,31,337,7,92,2,12,14,28,58,0,2,3,92,0,12,5,2,0,1,12,6,44,20,215,9,9,0,4,16,9,57,23,5,24,48,1,0,13,88,47,30,3,2,19,0,66,22,79,1,10,299,3
"COG1972",2757,3286,1769,3509,2623,2476,1744,1116,2557,2558,1817,2097,2170,2003,2739,2851,1672,1967,988,2780,2424,2665,2752,1971,2993,836,2635,2579,3070,2397,2693,1587,1750,3055,2753,1857,1895,2055,2713,1738,2386,2544,2578,2002,1547,2545,664,1430,3103,2516,3479,2543,2374,2236,1699,2881,2488,1913,3121,1938,1021,2765,2402,3280,2337,3018,3741,2822,2287,1440,2448,3307,1878,466,1598,1715,2850,2453,2128,3028,1829,2576,2562,4949,3442,3849,2789,2350,3530,2853,3142,3137,3638,938,2066,1071,1533,2827,3317,2700
"COG1974",6798,6695,6356,4764,4169,7870,6548,3225,5846,4759,8088,7327,4817,5808,4681,5280,6279,7088,2652,6788,5508,6856,4028,6349,2742,3770,5237,4059,6650,7585,4673,3332,5890,3595,6131,3703,3700,5368,3847,6619,6144,6294,3706,6531,3649,6955,2332,2836,4104,3700,6630,5462,7849,5051,4046,6011,3806,6869,5928,7956,3928,6440,6593,7042,6465,6237,4635,6657,5837,2063,4059,4576,5676,5657,5169,6969,3790,6698,3480,5880,6795,3682,3720,4395,7426,6576,2823,5012,4938,5601,6134,4590,6762,4185,2562,2657,7150,4337,4261,6957
"COG1975",2606,3309,3498,2982,4418,1373,2715,2243,3663,5617,2295,1680,4471,3900,4587,4282,4075,1979,1707,3335,3140,1709,4783,3912,2012,1284,2762,5526,1920,1540,4263,3150,2703,2864,3805,5158,2450,4201,5259,2952,2988,3891,5004,2200,2410,3594,1113,2191,5878,4680,2719,2940,1342,4005,4004,1790,2634,2831,3093,1621,1602,1971,2819,3058,2756,3518,3645,3664,4429,1605,5584,4711,2631,1564,3611,2556,5716,2785,4450,3497,2714,4382,4820,2816,2752,3859,2579,4683,4657,3603,3471,5254,2785,3251,1380,1269,2527,5589,3633,3551
"COG1976",297,201,293,125,626,34,177,0,772,178,56,151,912,669,963,887,478,193,74,560,724,13,956,229,0,108,300,1252,32,93,932,261,215,2183,821,1524,17,642,1315,212,360,314,1723,111,68,747,398,0,745,264,447,294,94,480,2714,118,386,234,483,85,108,94,129,190,395,492,137,204,728,55,1710,248,507,92,254,37,922,261,832,594,3,1853,1434,52,162,228,0,1046,321,979,519,531,146,4,1,97,162,1577,96,314
"COG1977",393,255,294,386,1031,240,321,288,681,990,158,231,1262,882,955,469,480,253,258,537,486,262,1084,367,170,279,581,1261,315,231,1718,664,520,1566,547,1557,412,366,1344,330,337,659,1716,331,687,1020,133,207,1291,878,270,425,271,1169,2060,342,317,308,373,172,286,310,291,318,356,383,364,436,364,158,1607,1065,429,243,398,285,1358,545,1274,407,373,1470,1288,386,342,557,110,1494,1068,1644,420,1121,285,425,103,177,324,1701,780,319
"COG1978",126,197,264,458,15,278,115,316,118,5,145,207,64,117,71,139,75,154,3024,88,60,302,7,219,777,1520,38,12,336,239,29,221,129,12,98,7,870,243,3,199,154,189,7,193,466,153,689,299,3,4,116,207,226,46,32,54,1216,127,220,146,1118,292,193,212,140,96,220,122,66,765,6,27,43,1323,216,133,6,111,2,107,132,4,4,493,165,129,514,48,24,70,103,10,275,9,445,1232,131,27,18,123
"COG1979",28,66,55,161,999,12,6,65,8,61,13,2,20,71,65,24,5,22,567,90,63,3,361,25,160,397,573,199,49,24,368,1317,34,633,2,211,1478,62,68,34,220,378,74,58,1603,6,39,82,80,1444,17,455,7,224,185,102,598,15,5,55,644,18,40,9,4,5,220,88,71,440,102,1645,99,214,8,40,218,56,1280,191,58,164,411,264,0,198,374,234,158,22,6,301,1,395,102,524,12,60,2724,17
"COG1980",14,0,1,90,692,0,6,0,570,121,8,0,721,673,909,150,36,0,1,522,274,2,1045,10,1,60,30,1112,0,0,1138,420,236,2615,440,1854,23,103,1367,6,84,137,2001,0,81,951,23,0,541,196,35,24,0,540,3489,4,222,4,204,3,99,0,1,0,102,202,0,84,163,0,1804,158,287,165,0,5,782,39,1021,29,1,2221,1641,57,11,111,0,1296,459,821,203,708,0,10,0,2,2,1447,32,10
"COG1981",753,844,2907,2406,1318,1953,3093,1197,2254,1451,3160,3479,1353,2302,1368,2004,2334,1263,612,2841,2529,2838,1551,2568,1234,800,816,1091,2842,1445,1177,1070,2540,1448,2051,1134,1025,1820,1413,2654,2397,1127,996,3012,1282,2283,731,1198,1020,1270,495,1712,2070,2041,647,828,906,2948,2492,3293,800,2335,2643,1253,2805,2177,2349,1980,1864,949,1070,835,2619,629,2252,3661,1214,1639,1200,1520,2946,1295,1189,2480,828,957,1006,1372,830,727,2192,1076,1231,1531,1102,575,3074,1266,1174,1394
"COG1982",1743,1058,1747,144,1798,921,3056,1664,342,227,672,2393,380,1027,397,860,1019,2324,1381,575,2536,1193,609,664,751,1605,3947,390,834,1899,512,3444,2520,2074,407,373,2635,766,129,1668,1115,1250,205,1927,2475,150,325,2029,213,2337,1517,1000,1215,1494,475,4005,978,1747,979,959,1198,1143,1395,1318,1559,178,42,645,915,1315,171,1584,2707,956,1635,2349,107,1621,510,1480,939,279,649,153,9,366,225,246,258,262,238,156,893,3375,736,1500,1775,131,3212,1370
"COG1983",11,25,24,131,395,7,7,270,10,424,7,8,16,10,91,23,4,48,118,35,25,12,167,23,315,148,196,144,56,10,152,406,32,202,13,99,610,26,72,13,92,143,144,38,385,6,15,206,94,537,93,174,4,104,88,75,538,10,6,8,204,20,34,12,9,5,14,39,15,159,72,321,55,38,15,5,226,22,442,58,45,121,168,118,57,80,332,76,398,28,6,430,23,211,474,157,7,22,882,4
"COG1984",2772,3453,3115,2529,3726,4305,2164,3214,3345,2923,4705,2856,2373,3407,3123,3280,2820,2829,2582,5293,2924,3365,3437,3552,3629,1820,2378,3461,3225,3531,3304,4211,2866,2704,3953,3454,2766,3133,3416,2880,3551,3810,3099,3181,3518,4437,1329,1656,3177,3460,2870,2710,4089,2495,3213,1633,1928,3037,3805,4243,2481,3344,2569,2718,3691,3949,3421,4243,3966,1878,3278,2464,3222,2567,2516,3402,2523,3443,4483,2936,3652,3208,3883,2162,3914,4059,2598,3733,1910,2954,3894,2552,3077,10494,3491,2072,3133,3836,2190,4019
"COG1985",7889,7757,8145,6026,3925,8323,7393,2258,6873,5131,8269,8116,6611,7391,5970,6523,7495,7953,2372,8133,7964,7829,4657,7584,2668,2928,6785,4748,7812,8631,5802,2386,7610,4723,7494,4785,2341,7117,4895,7782,7072,6174,5109,7155,2497,7947,2451,2040,4807,3529,8356,5353,8131,6815,5716,7802,1980,7836,7050,8172,2185,7830,7800,7945,7517,8128,5873,6702,6159,1980,4876,4673,7965,1588,7385,7620,5200,7379,4043,7491,7501,5257,4762,6464,8659,7280,3179,5734,3890,6937,7705,4446,7794,3621,2042,1897,8369,6065,2834,7578
"COG1986",119,115,60,55,470,40,25,5,62,24,65,54,58,57,96,157,46,76,226,250,130,74,215,35,4,219,364,123,114,63,215,540,50,226,72,70,795,76,59,39,158,212,62,103,531,106,29,8,47,609,193,362,76,160,162,132,461,77,95,123,312,39,82,63,66,115,26,138,135,284,57,608,86,76,61,45,24,115,579,186,20,112,182,75,342,253,17,122,90,107,90,101,76,1,7,231,45,52,1433,78
"COG1987",123,132,121,208,434,154,193,313,113,129,58,166,149,137,166,121,199,143,323,37,79,148,282,152,207,135,263,217,258,156,257,551,138,543,60,259,428,125,196,142,78,147,200,169,623,42,65,232,184,410,132,286,149,202,147,245,209,114,74,49,209,180,150,147,82,40,203,90,106,214,175,322,83,250,157,150,248,111,496,162,279,191,240,209,50,77,137,138,131,143,47,158,85,538,193,340,140,106,612,101
"COG1988",1116,1066,752,1368,745,842,826,963,995,205,641,756,982,810,516,586,876,805,636,630,771,812,355,909,1227,359,890,228,1209,986,637,912,984,763,985,489,487,617,139,686,852,683,198,841,776,629,248,803,411,634,1227,796,841,723,300,1279,810,773,989,623,486,1115,733,905,862,1109,1193,730,395,446,250,430,659,564,609,966,512,655,424,1150,1171,183,499,1562,1394,746,985,410,269,1128,1073,287,1023,1876,815,830,723,547,339,780
"COG1989",2098,1497,1516,1444,2293,2495,1791,1990,1608,3039,2003,1720,1523,1757,2106,2098,1776,2310,1068,1897,1651,1682,2180,1584,954,1191,2180,2146,1860,2322,1952,1618,1617,2343,1859,2102,1552,1866,2381,1890,1569,1948,2094,1921,2230,1940,526,912,2253,2185,2069,1346,2334,1935,1678,2140,2131,2001,1344,2773,1091,1887,2085,1899,1558,1669,1397,1906,1901,780,2054,2170,1508,1010,1694,1645,2653,1959,2537,1734,1952,1991,1885,1393,2165,2234,1138,1753,2361,1902,1591,2844,1536,1924,1045,929,2147,1787,2331,2034
"COG1990",200,217,301,128,294,29,113,7,557,134,32,89,489,373,567,523,349,141,100,283,474,6,484,200,2,75,157,618,23,92,459,157,107,1001,509,685,9,407,689,123,284,213,906,73,94,357,259,4,443,120,349,271,67,266,1375,114,654,203,287,51,54,101,95,193,294,324,172,126,505,54,797,156,314,67,190,55,382,152,448,486,6,951,761,53,112,98,0,549,303,587,330,347,146,5,1,57,123,727,59,169
"COG1992",150,129,176,132,758,38,74,0,835,374,30,73,639,716,1014,375,293,107,37,782,475,4,974,183,0,107,72,1290,13,66,1508,326,260,2251,621,1781,20,224,1338,95,253,136,1867,26,39,974,65,0,771,277,281,142,33,460,3022,99,94,136,286,12,94,67,27,123,240,297,137,71,385,47,1781,247,448,101,57,25,937,116,1032,348,6,2031,1605,107,129,68,0,1066,621,1116,326,677,90,15,0,44,125,1425,41,95
"COG1993",1,0,0,0,9,0,0,0,5,28,0,0,0,2,11,0,0,2,5,1,1,0,0,0,12,0,1,5,0,0,4,3,1,0,0,3,0,1,3,0,1,0,11,2,43,1,1,0,2,7,1,0,0,5,0,1,4,0,3,1,3,0,1,0,0,1,0,0,0,3,4,2,0,0,0,0,27,0,6,2,0,1,5,0,0,0,115,2,64,2,1,23,0,4,2,1,0,4,1,0
"COG1994",2195,1312,2321,884,1438,964,3029,1098,1637,2663,877,2283,2045,1975,2136,2408,1901,2376,383,1225,3306,1186,2049,1160,858,1193,3454,2061,827,1692,1693,229,2567,1712,1636,1677,257,2061,2299,2160,1543,1674,1821,1941,762,1074,667,1220,2643,1132,2316,1203,1234,2350,1126,4081,2354,2292,1901,1258,433,1120,1666,1493,1871,1287,456,1296,1922,812,1906,1500,3010,460,2281,2332,2501,2252,1088,2317,962,1947,1645,769,657,1391,833,1722,3096,1386,1374,2456,1164,245,472,472,2187,2374,343,2031
"COG1995",6834,7350,6443,6499,3612,9038,6235,2553,5760,4541,8033,7475,4840,6324,5580,4999,6076,6305,2110,6975,6167,8031,4700,7259,2655,2643,5092,4668,8277,8027,4672,2483,6688,3373,5939,4184,2522,4988,4969,6574,6191,5393,4233,6800,2437,6238,1857,2585,4278,3599,7071,5015,8660,5224,4163,6421,1833,6556,6603,7270,1938,7584,6181,7319,6637,6962,7454,6060,5170,1607,4457,3850,6585,1400,5983,7492,4388,6316,3697,6275,8555,4574,4374,6859,6909,5898,2410,4527,3014,5710,6750,3856,7834,3058,2312,1697,6748,4064,2453,7021
"COG1997",95,85,121,29,83,10,95,0,305,80,24,56,338,156,203,299,207,95,23,132,256,3,197,126,0,28,108,159,11,51,273,52,59,293,294,230,11,284,214,98,132,143,283,54,135,188,183,0,167,59,139,149,31,160,433,46,747,134,176,48,25,13,50,78,153,175,33,73,243,17,202,47,148,26,132,18,214,105,144,223,1,289,199,15,60,94,0,300,216,197,195,174,54,2,0,21,76,461,45,97
"COG1998",36,19,22,27,114,4,7,0,101,25,1,12,94,76,154,74,65,24,7,72,72,4,131,13,0,31,20,194,3,18,144,63,43,384,116,269,3,102,223,28,35,26,289,33,32,75,9,0,90,42,41,21,12,45,519,8,337,28,25,1,15,3,11,15,35,63,15,18,83,3,278,48,50,17,37,13,125,23,167,52,5,322,256,7,9,13,0,179,135,132,58,119,16,1,0,10,31,315,9,36
"COG1999",3766,4410,3298,5081,3242,3750,2623,2969,4820,4060,3497,3181,4011,3852,4443,5861,3361,3104,1579,4481,4504,3912,3981,3645,3102,1210,3290,3551,4146,3822,3485,2492,2750,3705,5075,3017,2063,3920,4382,3044,4456,3723,3334,3438,2411,3904,1240,3495,3741,3174,4868,3708,3808,3864,2394,3997,2396,3286,5126,3333,1569,4325,3349,3991,4353,4773,6289,4218,5019,1458,3163,2988,3563,1194,2721,3103,3818,4113,2977,5630,2924,3735,3367,6434,3879,4362,2427,3783,3461,3544,4732,3461,4232,7042,3166,2063,2819,4561,2548,4186
"COG2001",2714,3043,2718,3158,1659,3465,2159,1557,2841,2654,3611,2745,2215,2658,2561,2639,2792,2726,1094,3356,2262,3509,2416,2984,1111,940,1550,2137,3290,3141,2258,1086,2360,1272,2914,1690,1245,2695,2455,2752,2795,2886,2077,2608,1129,3135,1007,1320,2286,1617,2774,2546,3494,1952,2199,1718,1576,3065,3142,3684,1039,3386,3051,3038,2924,3502,3250,3258,2977,787,1900,1764,2093,811,2252,2741,2031,2619,1662,2583,3100,2439,1983,3431,3761,3301,1201,2431,2462,2721,3443,2299,3101,1467,1314,861,2932,2076,1286,2971
"COG2002",69,101,90,11,145,8,43,101,76,32,75,23,38,32,40,53,102,128,134,88,17,22,36,58,88,88,144,5,26,9,37,297,42,64,61,60,116,99,14,108,143,71,11,28,332,88,86,129,24,188,86,178,29,61,40,40,113,99,94,95,69,17,167,105,62,83,3,97,162,86,34,47,41,40,84,47,15,57,333,41,22,13,64,10,180,62,45,15,16,55,67,73,98,748,183,54,132,16,33,51
"COG2003",217,248,187,1012,2321,197,219,3274,150,1573,58,200,366,231,843,224,403,221,1612,108,193,214,1315,343,2395,811,1532,879,617,162,833,2835,244,1293,80,1372,2114,141,624,225,468,680,1027,344,3870,32,219,2159,803,2533,239,966,148,655,710,808,3478,193,102,181,1685,380,403,153,91,63,850,210,233,1543,919,1645,204,1368,246,165,1656,365,2171,506,638,995,1493,1185,71,306,1868,449,2382,282,78,2008,125,2985,2078,1495,246,475,2981,106
"COG2004",88,60,72,20,21,5,63,0,117,87,19,52,232,114,87,208,166,69,21,69,170,7,33,48,0,16,98,31,13,16,82,1,33,17,226,27,2,286,63,70,125,113,51,47,13,108,55,0,55,14,128,64,24,168,22,41,119,107,104,36,12,31,38,45,97,84,10,87,241,12,32,32,130,8,111,27,28,92,15,159,1,22,32,3,44,69,0,82,74,66,126,81,54,0,0,20,87,195,31,103
"COG2005",86,110,54,121,293,95,87,292,117,213,55,68,173,153,126,87,65,63,364,39,104,92,130,62,161,94,324,178,108,113,303,622,228,120,95,242,200,81,112,81,81,86,192,110,389,45,91,395,216,191,49,106,107,220,150,148,115,87,64,39,249,119,90,44,81,73,116,86,65,158,104,148,85,300,60,149,112,79,135,126,152,139,231,137,39,65,116,112,151,182,71,127,68,379,158,258,80,101,49,70
"COG2006",156,36,10,2,295,8,49,0,216,2230,21,27,700,288,314,218,50,84,18,111,156,41,190,40,0,35,237,559,4,54,1060,3,214,55,123,563,9,22,399,73,60,307,364,30,174,374,8,0,863,368,56,24,29,486,162,176,948,53,74,71,41,17,22,13,76,134,1,201,118,2,547,259,117,52,46,11,777,316,244,97,24,188,275,5,84,373,0,804,2399,552,151,1840,21,0,0,30,22,748,118,206
"COG2007",60,41,67,45,128,14,42,0,147,44,13,22,179,140,205,166,118,44,5,111,176,2,169,36,0,22,62,207,3,20,155,63,30,373,187,313,4,168,239,60,88,62,335,51,89,113,90,0,144,49,240,267,48,263,1615,77,1280,190,342,40,43,69,98,92,270,371,129,136,466,32,951,142,348,48,211,62,529,180,488,346,8,1042,785,36,61,114,0,527,418,428,367,411,94,2,0,40,97,843,59,162
"COG2008",2696,3285,3210,4381,2421,2158,2627,2337,3929,2870,2407,2311,5014,3344,3399,3631,3987,2591,1286,2668,3083,2588,3325,3381,2855,955,2304,3671,2413,2274,3829,1517,2681,2467,3496,3427,867,3648,3320,2830,2987,2735,3366,2220,728,3276,1262,3445,4637,2411,2997,3458,2321,3990,2376,2335,1244,2785,3704,2411,1173,2910,3313,3588,3123,3850,5341,2794,3574,1047,3509,2428,2386,1182,3324,2403,4396,2823,1870,3543,2065,2878,3028,4289,2801,2831,3765,3510,3100,3629,3776,2773,3409,2304,2528,1174,2770,4072,774,2524
"COG2009",1911,2233,2293,1713,1224,2584,1711,933,2135,2150,3166,2210,1659,2002,1869,1764,2391,2325,797,2648,1496,2315,1529,2756,939,861,999,1446,2378,2382,1434,709,1858,759,2167,1472,715,2074,1632,2329,2165,1874,1288,2319,1215,2485,791,925,1343,905,1964,1485,2569,1328,1280,906,1387,2425,1953,3272,778,2022,2409,2435,2264,2395,1733,2411,2102,515,1411,1541,1762,573,2030,2399,1394,1954,1175,1780,2683,1385,1312,1379,2651,2104,1043,1450,1771,1639,2466,1907,2384,1079,936,561,2720,1466,1229,2228
"COG2010",3085,2774,2689,3568,4132,3108,3197,4776,2425,2954,2177,2983,2031,2590,2695,2133,2430,2352,3103,1654,2852,2586,3445,2828,4505,2452,4776,2648,2925,2587,2471,6608,3279,3171,2197,3275,3830,1365,2469,2432,2592,2475,2431,2817,4824,1388,1367,5146,2636,4549,2419,3715,2701,3043,2059,4481,2602,2277,2693,2301,2724,3640,3605,2929,2460,2343,2788,2205,1747,2686,2309,3712,2924,2381,2820,2589,3103,2463,3995,3256,2668,2665,3121,3688,1407,1956,3985,2271,2696,2216,2478,2662,2955,6582,3579,3224,2496,2679,5253,2521
"COG2011",10,6,1,4,124,7,14,205,7,1,8,15,6,45,9,10,9,9,151,11,4,1,65,1,297,80,65,15,13,8,72,379,12,69,2,166,211,7,6,16,3,49,75,59,178,4,116,202,12,230,3,12,5,51,53,91,50,2,9,36,97,7,23,17,0,1,2,13,15,118,38,64,12,162,6,18,16,10,90,28,9,17,38,3,1,11,916,23,2,3,0,37,1,885,322,149,30,21,106,0
"COG2012",221,151,373,885,258,105,186,2,417,128,435,153,358,455,447,541,273,203,407,572,476,98,386,302,5,326,190,461,135,168,392,135,189,926,557,608,149,515,540,324,285,255,684,262,100,618,373,22,350,118,272,230,175,349,1202,121,509,220,558,415,247,403,202,203,395,576,160,274,666,76,644,112,444,334,313,312,322,215,321,304,126,743,639,763,186,302,1,418,277,336,606,321,326,3,2,336,151,497,80,234
"COG2013",537,367,296,337,690,103,217,588,688,405,93,186,986,677,571,905,435,294,300,385,929,71,442,238,119,150,576,586,179,164,728,306,239,1912,865,412,81,757,612,394,444,541,650,228,976,473,125,788,846,309,600,388,178,932,379,686,438,336,692,124,218,300,220,362,409,616,429,349,520,214,539,363,634,339,427,128,649,556,269,674,101,489,715,260,209,342,183,689,432,693,673,424,278,126,102,605,295,1026,195,567
"COG2014",51,27,26,19,63,20,46,141,39,571,0,22,154,70,146,22,19,18,6,3,60,48,136,12,0,12,66,136,21,30,87,84,155,2,46,146,5,21,192,33,27,47,90,24,16,8,3,488,165,93,17,23,28,79,3,113,63,14,32,5,2,12,10,6,17,24,0,35,14,1,85,57,60,9,11,19,98,40,54,42,31,185,66,13,4,18,6,139,554,109,24,607,7,8,1,12,32,67,9,28
"COG2015",2439,2482,1692,2831,1746,2763,2102,4003,2523,2534,3098,2543,2530,1832,2148,2530,2257,2148,1487,2294,2286,2853,2234,2749,1752,684,1559,2113,2896,2574,1577,1459,2499,1199,2324,2097,684,2558,1986,2163,2061,2106,2539,2238,1344,2637,956,1151,2830,1751,2373,2271,2794,1455,2801,1330,1310,2084,2649,3109,894,3063,3094,2432,2197,2663,2887,2702,2744,690,1667,2379,1942,1009,1951,1947,2404,1793,2226,1993,2335,2468,2219,2951,3905,3478,906,1712,3126,2563,2818,2366,2175,2737,2292,1142,2578,1867,416,2064
"COG2016",205,155,213,130,339,21,169,0,534,175,48,105,648,430,619,589,385,140,45,358,582,6,499,138,0,59,219,652,16,68,555,149,145,1233,582,824,15,566,757,176,323,270,1100,159,29,447,85,0,476,129,341,252,76,383,1595,86,137,202,439,47,61,82,86,152,346,428,209,182,606,39,935,168,469,68,202,124,468,212,477,424,3,1037,845,34,107,167,0,612,209,559,438,323,113,6,0,55,106,955,83,252
"COG2017",2509,2818,3112,2781,2028,2518,2845,2215,2051,1331,1999,2693,2011,2416,1863,2017,2581,2423,1000,1871,2879,2487,1677,2936,1293,1359,3616,1741,2683,2749,1712,1865,2900,1215,1897,1511,2195,2015,1401,2766,2601,2057,1512,2344,1594,1775,834,2620,1603,2335,2819,2885,2320,2586,1224,3677,1293,2558,2420,1672,1215,3183,2656,3072,2614,2460,3186,1876,1840,1551,1697,3031,3106,602,3450,2743,2150,2690,1773,2927,2643,1300,2281,2865,1607,1697,3137,1623,807,1892,2311,1245,2611,1622,1716,1161,2402,1515,3841,2287
"COG2018",0,0,0,0,4,1,0,0,2,1,0,1,0,14,0,1,0,14,0,0,0,0,0,0,0,2,0,2,0,1,0,2,0,13,0,1,0,0,0,1,0,0,4,3,0,0,0,0,0,2,17,0,1,0,5,0,3,0,2,0,1,1,2,0,0,0,0,3,0,1,1,1,0,0,0,3,7,0,2,0,0,0,2,0,0,3,0,1,0,1,0,0,0,0,0,2,0,1,0,0
"COG2019",27,11,11,47,296,0,21,1,234,66,6,18,239,240,453,169,43,14,1,235,119,4,509,6,9,42,40,560,7,13,521,142,113,1047,176,797,6,57,673,17,34,44,924,7,26,360,9,0,315,99,40,9,17,159,1603,16,77,10,72,3,46,0,13,1,56,92,0,25,118,1,860,101,130,71,14,5,420,72,422,28,3,1082,821,32,11,44,0,606,216,502,87,324,1,16,10,1,41,637,16,57
"COG2020",1292,1442,1134,664,2337,1648,1583,2716,1154,1710,1459,1961,930,1254,1424,1357,954,1846,1042,1718,1822,1351,1663,1017,1792,876,2042,1647,1318,1706,1282,1999,1503,2679,1060,1673,2130,1208,1550,1496,1452,1352,1874,1694,2359,1256,393,1852,1797,2524,1894,1105,1512,1599,1298,2098,2461,1551,1245,2045,1023,1356,1308,1294,1417,1247,545,1384,1057,1301,1506,1946,1713,581,1098,1707,1557,1681,2240,1828,911,1529,1607,731,1668,1919,1366,1081,3357,1127,1215,2317,1256,1245,1687,791,1680,1188,2606,1497
"COG2021",6570,7401,6922,6053,4573,9414,5709,2671,7560,5708,10089,7353,5537,6918,6178,6298,6758,6699,2938,8923,5613,8893,5946,8257,2828,2540,3533,5465,8122,8419,5061,3212,7148,3230,7638,5021,3362,6250,5692,7154,7606,6550,4934,6707,3890,8639,2481,1247,5004,4654,5815,6786,9402,4812,5583,2765,2885,7248,8166,9401,2874,8634,7123,7022,7954,8753,5370,8204,7744,1972,5481,4648,6032,2005,5717,7016,4941,6754,4486,5673,8515,5770,5686,5777,7947,7590,3652,6011,3445,6624,8794,4602,7607,3584,1964,2370,7553,5504,3333,7871
"COG2022",3109,2722,3364,1716,1952,4295,4008,1538,2494,2650,3870,3635,2506,3189,2440,2243,2896,3618,1415,2992,3535,3843,2419,3127,2054,1680,3134,2108,3445,3977,2785,1844,3769,1238,2711,1877,1953,2788,2198,3539,3258,3131,1782,3772,1919,2878,1036,1200,2110,2373,2816,2985,4049,3006,2006,3411,1309,3431,2541,4034,1366,2773,3007,2782,3314,2359,1918,3255,2622,1168,2048,2131,4050,1084,2778,3966,1909,3629,2022,2446,3677,2230,1956,1029,2730,2867,1690,3009,1859,2505,2472,2029,2798,2485,1844,1301,3723,2198,2154,3829
"COG2023",0,3,18,13,292,1,5,0,31,59,1,0,158,4,325,2,24,1,1,18,5,1,362,10,0,2,9,597,0,1,31,129,1,1011,30,715,5,31,488,1,0,19,731,0,74,9,107,0,296,98,1,1,0,4,449,0,141,1,4,0,2,0,5,0,1,4,0,1,0,0,222,23,1,0,4,1,114,3,146,3,0,258,198,6,0,3,0,11,67,3,1,90,0,4,0,1,0,138,2,4
"COG2025",5976,6527,5193,5287,5468,6807,4799,2669,6509,7334,6877,5236,6079,5792,6943,6148,5880,5482,2576,6649,5219,6619,6301,5900,2560,2105,3952,7030,6364,6059,5901,3053,5012,6381,6490,6330,2459,6150,7250,5345,5809,6603,7244,5229,2812,7135,2112,3158,7077,4721,6135,6155,6452,5358,8729,3452,4961,5557,6612,6037,2210,5960,5339,6116,6293,6521,5506,6637,6794,1802,7231,5801,4587,2077,4662,5117,6476,5794,5207,5929,5549,7335,6661,5373,7477,7384,2475,6282,8739,6291,6713,7768,6541,4215,2551,2184,5496,6463,3943,6387
"COG2026",15,34,19,13,376,17,11,221,12,69,4,10,22,28,49,14,34,35,172,21,24,10,88,21,298,125,274,35,24,9,129,274,12,243,5,92,210,14,14,22,119,131,49,38,408,5,34,72,32,259,15,285,8,61,77,82,705,5,5,23,181,23,45,20,4,2,3,29,22,54,52,713,23,143,11,15,35,8,546,78,27,70,65,12,3,65,139,104,204,12,4,152,1,786,258,166,14,23,957,3
"COG2027",1750,1320,2013,1205,2005,1065,2980,982,1693,2569,1139,2612,1464,2027,2045,2400,1846,2566,913,1940,3213,1443,2177,1130,1517,984,3011,2161,1392,1793,1840,1463,2486,2673,1564,2354,638,1696,2626,2030,1593,1478,2586,2427,905,1590,497,1017,3027,1775,1928,1013,1060,2290,1515,3857,1118,2113,1935,1615,646,1672,1989,1687,1975,1295,740,1664,1895,1127,2222,2183,2946,879,1941,2749,2994,2005,1354,1641,1413,2224,2223,1665,1219,1645,2473,1625,2962,1366,1382,2133,1397,4553,1574,585,2326,2324,384,2060
"COG2029",5,8,8,7,61,0,0,119,10,1,2,9,0,6,2,0,0,1,39,10,7,11,0,2,479,39,0,0,0,0,1,38,4,364,5,12,10,24,2,0,28,5,1,3,45,0,45,285,0,0,9,1,0,1,3,3,15,1,1,0,25,13,14,0,16,2,0,0,2,2,0,1,16,7,45,8,5,3,11,8,7,1,0,0,4,0,139,15,0,1,1,2,2,10,118,14,0,1,0,3
"COG2030",4101,4001,3234,4917,5226,4295,4266,4523,4864,4799,3958,3743,6316,4762,4403,4451,4893,3789,1800,3657,3735,4012,4894,3770,5125,1502,3532,5916,4102,3901,4847,4417,5294,3871,4380,6229,2963,4231,5068,4285,4213,4559,5912,4293,5235,4674,1721,4774,6314,5819,3983,4044,4212,5301,5266,3821,3367,4179,4165,3755,1891,4314,4002,4131,3997,4358,5572,5087,5301,2266,5608,6134,3385,1666,3683,3892,5640,3984,5311,4235,3885,4949,5261,5407,4635,4950,4735,5437,5601,5354,4521,5299,4160,9925,5359,1951,3936,4670,4780,4013
"COG2031",446,450,368,1223,1061,358,345,268,483,117,236,293,394,470,315,543,322,302,702,257,399,320,578,370,199,508,875,324,587,413,461,1443,535,592,497,325,1352,356,233,271,432,651,206,657,894,262,131,941,299,1332,476,803,324,595,336,886,600,298,509,110,709,602,309,445,460,627,1363,469,369,512,325,1679,376,643,165,430,293,407,610,684,234,275,593,1652,200,345,97,593,140,461,460,216,504,625,56,768,324,361,2372,340
"COG2032",653,313,606,1192,685,145,284,1481,241,148,321,206,271,267,277,250,415,233,1925,360,298,482,439,433,1333,1579,320,362,635,149,348,1013,367,950,444,290,1058,273,196,377,515,339,224,347,652,282,763,1528,295,964,70,259,54,90,86,250,120,97,161,141,301,147,205,121,131,132,214,85,92,499,106,75,134,210,189,119,74,62,229,101,157,102,177,384,130,86,406,55,28,100,111,52,199,525,438,767,76,77,202,91
"COG2035",1841,2671,1490,3194,1077,1607,1191,1013,2036,1064,1736,1575,1547,1699,1841,2318,1887,1732,1101,1913,1619,2093,1399,1738,760,638,1305,1419,2384,1837,1316,968,1352,1079,2085,1512,566,1802,1430,1743,1975,1508,1592,1544,1308,1931,922,788,1595,991,2626,1147,1558,1709,1323,1984,1340,1903,2513,1492,832,2457,2733,2773,2039,2269,3486,2087,2158,501,1350,1210,1462,823,1625,1595,2155,1818,1263,2330,1451,1313,1556,5205,3123,1733,1449,1202,1482,1587,2330,1029,2630,1560,671,1147,1672,1418,389,1830
"COG2036",179,128,72,281,223,20,81,0,300,77,33,47,211,328,282,189,172,57,162,175,197,30,276,66,3,117,33,273,77,31,238,107,81,638,365,425,22,284,355,80,160,88,473,329,297,206,126,2,129,34,194,37,24,91,849,38,491,80,213,12,88,102,40,63,204,186,280,52,237,18,494,49,608,69,159,211,249,133,268,65,39,546,429,122,142,32,2,304,191,308,208,221,81,2,0,119,20,394,65,101
"COG2037",156,179,261,185,63,319,213,377,193,226,266,167,160,217,139,174,193,154,43,237,105,227,67,298,79,61,92,112,318,313,176,11,134,56,215,112,17,226,149,157,224,132,108,219,3,200,62,4,105,52,43,91,82,74,36,48,12,56,38,64,18,71,50,49,81,57,30,56,44,2,47,21,47,14,58,74,52,44,23,65,70,30,18,27,64,38,2,73,79,76,58,75,61,63,41,13,77,53,7,61
"COG2038",2231,1282,1778,949,1373,1437,3467,2639,1326,1209,827,2525,1763,2031,1826,1310,1553,2368,285,952,2611,1306,1670,1049,2589,1175,3431,2051,1258,2025,2002,1382,2865,3219,1065,2750,295,1180,2118,2006,1275,1323,2596,2355,1816,1243,278,2169,1301,941,1647,1200,1528,2369,4236,3999,368,1885,1473,934,470,1366,1566,1454,1552,651,1017,896,1224,769,2782,1160,2728,411,2215,2585,2158,2370,2034,1830,1322,2728,2495,929,342,642,1630,1653,1247,2027,644,1455,1118,2276,2894,498,2049,1882,290,1755
"COG2039",140,33,129,9,134,11,81,171,143,40,21,17,424,126,111,200,167,57,78,93,249,18,91,108,109,36,90,285,33,6,203,59,54,175,243,140,41,329,195,57,163,113,244,33,63,101,19,24,130,43,135,92,25,113,205,78,49,54,128,13,77,21,14,54,108,132,35,79,370,115,235,125,129,32,43,28,41,87,102,185,6,106,207,8,58,69,97,121,35,193,128,107,39,29,77,124,31,189,55,71
"COG2040",3385,3868,3755,3326,2677,5442,2944,287,3806,4172,4335,3867,3010,3234,3737,2844,3759,3655,943,4506,2764,4070,3423,4538,395,1124,1472,4204,4336,4276,2725,705,3267,2418,3712,3476,1551,3390,4184,3222,3221,3485,4384,3726,1270,4063,1076,664,4140,2729,3321,3218,4996,2881,3875,1458,2601,3277,3441,4183,775,3536,3448,3854,3536,3904,2467,3753,3183,488,4145,3124,2646,556,3389,3487,3584,3026,2235,2963,4792,3538,3335,2990,4388,3872,258,3315,4781,3398,3939,4507,3918,352,287,639,4063,3748,1042,3605
"COG2041",3351,3738,3756,4262,3939,1741,3149,2407,4021,2876,2598,2106,4908,4173,3307,2908,4310,2357,1276,3052,2796,2424,3396,4393,2774,1415,2551,5054,2160,1782,5385,3358,4182,1930,3745,5096,2803,3602,3789,3044,3118,3749,4210,2770,2431,3304,1114,2099,5685,4562,2692,4112,1843,4251,3145,2181,1061,2936,3243,1694,1014,3747,3090,3524,3249,3960,4328,3574,2784,1191,4992,4390,3106,862,3826,3107,4223,2552,4434,2958,3179,3798,4004,3211,2889,3639,3230,4929,3664,4778,4050,3452,3859,6065,2741,901,2799,4151,3083,3622
"COG2042",194,136,199,60,446,12,131,1,512,145,28,56,553,394,689,566,364,129,46,352,524,2,648,127,0,64,178,831,11,64,471,231,102,1375,536,993,16,479,945,154,275,211,1250,69,25,422,69,0,539,149,93,71,9,92,660,27,26,66,91,25,13,24,19,38,88,115,37,29,155,11,399,59,119,16,64,12,210,50,184,125,0,422,327,10,40,44,0,149,98,180,118,137,33,4,0,17,29,351,23,45
"COG2043",61,20,29,143,236,26,128,63,97,241,16,32,294,127,172,76,47,21,1,22,71,89,298,37,13,8,79,484,78,26,178,30,194,69,75,357,5,36,379,70,44,114,361,58,6,45,7,0,369,179,37,120,39,176,200,86,44,46,69,13,1,96,61,24,46,53,20,91,52,5,358,191,67,3,79,55,391,71,217,76,86,351,319,112,13,88,1,391,225,164,55,212,22,0,1,0,49,311,8,60
"COG2044",1,3,9,0,6,0,38,0,32,360,5,11,33,29,95,44,45,1,35,8,14,13,61,35,0,12,22,30,1,0,30,131,40,0,26,3,16,6,105,17,8,33,52,15,47,10,3,0,26,0,5,2,0,20,24,0,396,33,5,7,31,0,27,1,9,7,0,16,13,10,24,35,15,65,19,7,0,47,3,3,6,41,69,0,0,8,0,68,667,15,6,493,0,0,0,64,15,100,1,31
"COG2045",1115,813,771,346,268,503,1642,412,411,282,368,1108,776,813,344,735,541,1237,112,514,1388,601,136,284,290,521,1688,325,457,976,571,91,1365,105,455,400,34,601,286,853,625,609,243,1118,14,334,82,242,453,313,1251,601,614,1175,161,2689,84,918,586,464,91,585,705,860,810,274,347,538,602,488,378,470,1347,113,847,1096,426,1301,191,922,471,184,186,498,435,340,263,556,121,470,286,213,685,827,303,167,873,456,330,958
"COG2046",2937,2071,2720,2415,2480,1286,4123,1541,2486,4676,1623,3082,2378,2880,4301,2534,2149,3107,229,2408,3710,1949,4419,1891,557,1249,3578,4296,1150,2069,2889,1044,3095,3941,2062,4174,239,2334,5045,2938,2267,1924,5115,2740,307,2497,411,1399,4032,1712,2485,2059,1636,3116,5712,4530,2860,2637,2104,1933,387,1808,2140,2336,2406,1856,2960,1829,2129,489,4795,2381,3570,363,3122,3014,3872,2660,2534,2325,1379,5779,4375,2057,1442,2418,278,3346,4887,2970,1935,5077,2042,3122,919,297,2552,3787,233,2492
"COG2047",292,201,310,79,574,28,186,1,859,270,89,149,955,710,875,960,550,157,64,662,767,8,791,232,0,94,294,1072,8,84,913,240,244,1584,876,1235,20,702,1070,239,437,326,1546,111,155,872,328,0,791,284,375,305,58,530,2345,109,1059,239,485,84,85,79,159,146,386,510,108,226,461,44,1359,269,526,85,287,49,849,282,720,546,3,1445,1214,53,485,282,1,1020,633,1042,548,599,125,3,0,87,182,1611,95,323
"COG2048",314,245,355,70,351,42,393,0,704,2191,99,156,1390,604,839,833,625,193,78,313,698,43,550,371,0,77,343,770,23,102,1351,12,362,328,689,587,24,731,945,271,469,542,711,225,184,646,123,1,908,338,381,376,93,1026,447,130,1390,405,514,117,84,108,191,198,410,496,148,416,725,52,736,411,368,73,344,93,586,502,303,701,33,507,645,13,196,541,0,1102,3150,804,531,2538,153,0,2,95,194,1619,174,459
"COG2049",2067,2615,2290,1653,3209,2934,1539,2607,2048,2192,3081,1899,1731,2122,2380,2157,2099,2211,2216,3149,1729,2413,2628,2743,3274,1369,1957,2555,2409,2524,2436,3508,1936,2184,2384,2568,1905,2080,2623,1951,2167,2591,2248,2191,3280,2720,1021,1247,2423,2779,2174,1756,2779,1693,2446,1304,1561,2050,2238,3312,1962,2312,1925,2063,2260,2577,2148,2837,2820,1521,2422,1993,1996,2194,1881,2248,1705,2220,3779,2109,2992,2378,2918,1467,2923,2722,2188,2646,1517,2103,2367,2009,2349,9681,3080,1832,2338,2806,1665,2487
"COG2050",3701,4154,3500,3873,3778,4838,3190,6029,4132,2980,4916,3637,3312,3658,3378,3499,4304,3949,2999,4044,3275,4115,3266,4196,6444,1930,2969,3225,4220,4371,2854,4851,3450,2488,4260,4034,2912,3859,3148,3837,3783,3713,3223,4037,4784,4005,1480,5506,3435,4090,3902,3033,4863,3161,2607,2990,1815,3848,4171,4923,2363,4063,4088,4052,3979,4298,4225,4152,4170,2720,3199,3358,3041,2609,3252,4059,3197,3566,3351,3883,4303,2636,3332,4035,4244,3845,5504,2822,2309,3265,4141,2620,4077,8487,6689,2263,4172,3089,2830,3911
"COG2051",33,9,12,18,166,3,7,0,100,36,1,4,91,91,166,36,57,11,9,101,70,0,173,11,0,15,20,272,0,2,146,61,38,500,104,320,4,82,234,12,27,11,409,13,46,150,12,0,116,41,18,9,0,20,211,6,108,8,24,2,6,1,0,6,9,17,5,5,12,2,126,11,46,7,11,7,59,3,75,5,0,119,124,6,3,1,0,68,46,54,23,48,1,0,0,3,0,106,2,3
"COG2052",0,0,0,0,0,0,2,0,0,5,0,0,1,9,0,0,0,0,0,0,0,0,0,0,0,0,1,0,0,0,6,0,0,0,0,0,0,0,0,1,0,7,0,12,0,7,0,0,0,0,0,0,0,11,0,4,21,0,0,1,1,0,0,0,0,0,0,2,0,0,0,0,0,0,0,32,0,0,0,0,0,0,0,0,0,0,0,12,42,0,0,16,0,0,0,1,0,6,2,3
"COG2053",58,67,89,38,171,14,57,0,246,71,20,34,246,207,317,152,155,54,28,175,189,4,297,63,0,19,69,345,8,31,191,101,76,669,257,504,5,196,416,55,120,69,497,48,173,230,124,0,222,73,116,146,27,126,856,32,847,83,154,27,24,29,45,42,103,135,45,79,169,12,501,65,135,27,82,20,265,73,261,156,0,546,449,12,39,48,0,316,231,195,154,217,49,0,0,24,63,469,32,76
"COG2054",30,18,56,13,20,70,53,96,33,81,18,49,41,54,27,67,75,36,1,39,31,39,17,80,37,4,20,24,124,74,38,0,21,6,43,20,0,65,39,34,27,28,14,54,0,21,4,0,13,15,28,11,66,49,23,33,17,33,10,9,5,13,33,24,41,32,7,39,13,7,26,12,22,6,27,68,9,23,30,37,75,35,15,14,16,15,6,64,117,36,20,97,40,88,30,2,65,41,6,23
"COG2055",5831,6147,5749,5316,3517,6755,5441,2662,6798,4989,7240,5067,9984,7412,6030,5138,6433,5303,1346,6922,4987,6955,5670,6754,1392,1940,2605,6922,6840,5688,7498,640,7131,2143,6398,6151,1115,5458,6281,5825,5672,6534,5545,5086,533,7905,1602,4788,7888,3773,5019,5506,6370,7553,4700,2612,917,5662,6123,5771,1640,6260,5066,5846,6558,6686,5364,6870,5891,542,6889,4041,5310,1371,5613,5879,6930,5958,3418,5408,8368,5211,4973,3924,6025,6674,587,9568,3557,8247,6636,4151,6338,1818,1485,1054,5874,8092,761,6969
"COG2056",14,5,2,90,522,2,11,157,8,23,10,0,24,59,43,22,6,14,591,26,58,1,224,6,205,279,361,57,6,11,206,714,13,347,4,292,498,32,17,19,3,260,117,32,508,10,52,226,133,380,3,6,1,93,133,224,165,0,13,44,458,5,45,19,4,0,38,14,21,204,53,105,20,583,6,35,23,3,278,115,26,31,283,57,0,59,205,34,25,9,1,54,3,597,86,466,26,41,269,3
"COG2057",801,736,628,1509,1520,725,754,1672,847,739,405,673,1787,1123,694,601,757,605,872,438,766,626,1025,699,1399,595,1132,1113,830,683,1351,2030,939,1358,694,1287,1581,635,718,597,654,1237,882,992,1360,719,296,2325,1296,2122,734,954,692,1719,774,948,949,587,711,319,770,975,755,723,544,812,1791,814,581,843,1150,1480,651,668,619,841,1151,729,1341,941,1000,728,1129,1601,548,879,1881,1403,1050,1111,761,986,812,1736,1431,608,654,1067,1639,579
"COG2058",126,47,97,47,240,16,83,0,343,146,24,52,416,297,391,337,214,77,24,207,289,4,457,73,0,34,110,574,4,35,349,123,103,841,359,631,5,272,573,73,161,129,738,41,154,317,166,0,362,115,172,141,38,191,1171,58,823,122,223,28,39,41,37,55,168,179,52,81,277,14,727,101,222,54,135,19,369,70,344,212,2,732,616,18,40,80,0,469,272,362,201,307,47,5,0,16,53,624,43,108
"COG2059",620,646,534,1358,2330,866,2758,1643,650,118,812,2805,790,939,573,346,938,654,1978,498,659,1341,678,542,1997,914,1729,525,1492,888,874,2957,2729,1023,759,1215,1695,522,384,899,1265,719,508,1730,3120,415,511,1183,771,2118,731,1372,702,1435,701,982,752,1106,692,1007,1208,901,1121,849,1432,346,1572,498,327,1431,850,822,684,1567,772,2261,584,485,976,886,1872,472,929,1353,911,440,1806,739,218,574,358,343,660,4497,1612,1361,988,584,1221,376
"COG2060",2,6,0,0,152,6,3,7,3,5,14,1,2,5,10,12,1,11,261,0,6,2,25,0,224,90,34,26,1,4,5,284,0,55,0,93,97,1,5,1,14,7,107,21,354,13,56,65,74,23,8,28,1,40,62,3,38,0,1,38,153,5,4,3,0,0,0,8,4,282,51,26,1,394,0,3,15,18,10,20,1,9,37,0,0,20,294,5,2,2,2,12,0,31,75,310,28,64,22,0
"COG2061",0,0,0,0,0,0,0,0,0,3,0,0,18,6,0,0,0,0,0,0,0,0,0,0,0,0,0,0,0,0,5,0,0,0,1,0,0,1,0,0,0,19,0,0,0,4,0,0,0,0,0,0,0,6,0,0,1,0,0,0,4,0,0,0,1,0,0,0,0,0,0,0,0,0,0,0,0,0,0,0,0,0,0,0,0,8,0,8,6,14,0,1,0,0,0,0,0,5,0,0
"COG2062",1380,1364,1056,1420,1312,1521,1083,1232,1347,954,1004,1207,1277,1048,1119,982,1193,948,684,1051,1097,2931,1036,1282,1248,747,1149,889,3219,1358,1030,1252,2342,800,2106,960,1149,1147,972,868,2034,1042,919,1177,1165,1098,409,1279,930,1867,1441,1257,1362,1340,648,1749,797,974,1263,1195,625,1160,1367,1453,1842,1200,1576,1011,926,764,807,1095,1078,437,1142,970,824,965,1223,1476,3481,824,987,1727,1238,1177,1029,866,858,1069,1132,977,1317,1703,1219,758,930,1077,1650,1041
"COG2063",487,493,459,580,1471,520,562,1747,360,328,205,474,497,482,485,354,496,428,878,166,333,503,876,515,1524,639,1058,892,873,499,805,2043,491,904,249,976,1906,378,448,422,459,656,692,653,2073,121,225,1611,704,1985,143,264,173,232,145,266,247,108,90,69,266,186,152,184,75,50,198,149,121,294,214,336,113,208,169,191,327,113,652,219,312,200,282,197,63,111,394,147,113,186,52,181,147,701,507,338,172,81,840,105
"COG2064",472,516,748,140,820,131,270,2763,889,382,95,367,881,732,663,1070,1009,414,246,346,943,45,301,620,2734,99,636,431,186,197,613,867,276,1256,727,610,239,736,415,422,799,453,532,232,1788,442,893,1149,854,577,938,512,162,1064,254,450,5603,713,277,112,323,223,234,547,674,391,550,195,1016,639,589,374,401,134,374,151,556,625,359,1287,47,267,463,62,375,245,2044,587,1232,433,344,847,359,2309,2923,247,527,932,297,562
"COG2065",1383,1515,1406,1683,793,1090,1608,247,1287,1328,1084,1624,1142,1138,1275,1648,1275,1707,578,1498,1695,1562,1002,938,373,646,2039,1202,1435,1554,1370,429,1030,575,1419,1069,288,1538,1102,1614,1623,1222,1161,1325,628,1328,532,297,1558,817,1640,1176,1191,1400,861,1846,861,1589,1720,1156,475,1554,1788,1626,1619,1270,1789,1508,1602,524,1042,915,1513,542,1477,1599,1322,1862,790,1542,791,971,1117,2705,1796,1438,978,1122,1629,1212,1239,1243,1543,714,445,444,1353,1196,203,1485
"COG2066",63,61,120,228,860,1524,213,609,361,31,804,1659,165,467,121,174,58,194,753,443,321,1084,448,58,1048,491,372,204,546,2007,362,1291,582,750,214,257,1219,97,157,169,580,440,150,1244,1098,460,102,1165,128,1151,70,708,1754,604,235,225,511,122,367,1090,719,362,166,101,444,163,88,238,109,528,235,220,335,557,87,874,227,892,916,415,586,219,548,194,123,198,916,160,126,90,189,317,35,1385,763,883,165,211,949,192
"COG2067",587,617,258,667,1808,222,280,1535,292,253,215,266,207,453,354,220,162,256,2287,285,288,296,863,233,1812,1218,925,612,371,209,925,3177,326,1049,242,1098,3080,305,265,268,579,712,583,357,3820,161,218,1254,393,3106,399,1205,221,658,424,1916,1346,161,248,388,1508,432,316,358,267,156,706,318,377,1317,388,586,373,1833,220,381,220,358,2539,720,523,659,1105,516,270,372,1625,270,445,280,207,650,384,3827,1256,2016,275,343,2309,269
"COG2068",1000,1007,1576,1085,1668,727,1207,1107,1513,2289,1148,962,1863,1574,1419,1775,1912,1008,747,1360,1092,1048,1457,1709,793,671,1048,1895,1146,699,1492,1164,1247,822,1547,1832,1218,1968,1584,1416,1214,1466,1664,957,1232,1449,648,1342,2007,1861,1068,1244,723,1644,1213,722,1443,1273,1135,846,787,838,1422,1092,1194,1457,878,1677,1802,571,2008,1501,960,606,1506,1080,2011,1268,1766,1166,1313,1328,1638,1113,1442,1413,792,1927,2505,1361,1267,2380,898,1081,452,444,1434,2070,1398,1364
"COG2070",6650,7175,4599,7322,5179,9659,5715,9800,6201,4504,5731,6262,5647,5137,6221,6004,5902,5584,2373,4341,5542,5888,6262,6393,10671,1322,4447,6061,7469,7752,3991,3929,6032,4536,5435,6447,1661,5309,5987,4502,4918,4591,6330,6158,5155,5255,1978,7424,6891,5316,6551,5400,8507,5021,5144,5164,1564,4833,6834,5158,1807,7492,6295,7029,5305,7004,8819,5916,6270,3714,5927,4977,4787,1593,4232,5064,7714,4934,5620,6166,5012,5770,5956,8175,5880,6326,8856,4273,4321,6260,7310,4192,7444,7239,10878,1940,5464,5566,1536,5569
"COG2071",1948,1565,1638,1531,1420,1786,1494,1270,1900,2097,1596,1527,2882,2015,1791,2246,1910,1672,1130,1683,1720,1488,1666,1493,714,803,1584,1917,1651,1677,2321,1121,1425,1741,2262,1709,752,2090,2108,1711,1356,2264,1962,1522,1093,2057,684,1933,2103,1102,1708,1680,1851,2139,1813,1347,1453,1601,1888,1391,936,1504,1563,1771,1633,1893,1945,1849,2053,575,1749,1358,1276,886,1833,1601,1704,1642,1021,1648,1400,1743,1697,1450,2128,2293,442,2401,2682,2653,2001,2190,1590,1276,744,988,1818,2367,424,1836
"COG2072",9826,10208,8342,12556,8798,12157,10268,18419,10943,4219,10414,10745,14749,12025,8300,8111,9137,8409,6137,9028,9228,9908,9696,10909,12840,3566,7474,10843,9747,10907,10199,9121,12259,5482,10763,11818,5003,8860,8961,8895,9015,9329,10572,10736,9495,10863,3000,7348,12506,10151,8671,9826,11749,12749,8010,8297,2293,8191,10358,9817,4716,10906,8807,9106,9816,11822,10680,11095,9717,5042,9728,8029,9198,5144,8820,10400,10358,8513,9365,10472,9838,9503,9562,11382,9664,11235,10776,11571,4552,13246,11847,5048,10192,18656,14613,5418,9553,9547,2952,9224
"COG2073",2767,1375,2215,1085,1483,1109,3951,533,1362,1267,875,2896,1541,2225,2120,1359,1492,2474,330,1383,3444,1611,2012,1165,602,1417,3706,2626,1075,2039,1640,816,2979,4051,1093,3384,118,1274,2746,2530,1682,1302,3585,2602,160,1186,279,967,1568,700,2411,1463,1290,2215,5498,5754,158,2252,1593,1200,298,1661,1841,1863,1847,627,1562,994,1366,566,3646,1313,3819,661,2988,2978,2444,2593,1968,1543,1226,3291,3038,853,67,410,479,1626,1271,1709,727,1611,1211,161,434,571,2200,2107,114,1957
"COG2074",188,149,180,45,482,27,225,0,391,651,49,125,649,276,731,434,494,161,55,82,298,61,675,255,0,63,202,991,40,63,358,14,222,281,398,901,2,430,976,193,219,254,908,127,11,143,72,0,1098,392,328,139,47,394,468,129,87,281,167,34,32,79,142,129,194,150,88,117,464,36,964,413,146,23,171,65,1268,281,483,368,97,651,706,41,110,117,0,514,433,291,166,602,92,0,0,64,134,982,66,238
"COG2075",71,52,68,45,149,7,70,0,239,63,13,35,218,164,239,232,132,30,19,134,189,6,205,46,0,32,52,260,7,8,228,61,77,458,238,336,3,222,312,55,99,106,454,79,36,163,24,0,209,61,105,80,25,108,640,38,268,71,133,24,25,32,19,40,107,160,49,42,208,9,375,62,207,32,97,32,217,72,181,125,5,434,335,24,36,51,0,290,140,240,144,124,32,0,0,14,59,360,23,80
"COG2076",2334,2606,2372,1446,1060,2630,1688,604,2153,909,3336,2186,1410,2003,1464,1845,2481,2162,1165,3007,1727,2036,1223,2737,651,1245,991,1104,2134,2096,1340,1435,1761,811,2426,899,1484,2103,930,2111,2177,2045,862,1965,1204,2572,754,667,896,1358,2007,2194,2587,1293,1387,1023,615,2180,2140,3246,979,2343,2037,2132,2428,2530,1695,2376,2249,743,1029,1287,1828,885,1785,2263,765,1853,652,1884,2448,1053,1118,888,3056,2434,423,1668,545,1868,2574,552,2456,2295,578,973,2359,1334,1343,2679
"COG2077",180,90,131,289,697,42,88,127,183,61,145,89,144,168,143,295,66,70,400,241,187,176,402,96,148,236,328,344,172,55,812,626,98,949,144,397,626,107,251,102,228,279,269,103,1112,180,65,80,378,735,139,344,99,262,233,392,335,99,205,190,430,154,111,70,172,178,284,208,190,289,283,205,167,344,154,67,424,165,852,252,212,292,510,273,172,300,89,384,106,343,163,146,112,338,83,458,90,326,568,88
"COG2078",33,11,9,96,356,6,82,184,90,705,12,63,150,41,482,123,84,38,23,27,25,23,538,62,158,94,54,574,20,41,186,144,147,841,53,787,67,48,665,24,36,67,775,94,933,19,10,188,419,168,40,22,23,79,1262,42,3754,41,29,14,105,29,43,6,30,27,28,91,69,21,847,165,53,159,41,51,704,53,506,20,31,862,658,66,6,58,127,137,897,153,17,773,5,99,120,21,31,627,17,35
"COG2079",7330,8228,7276,5097,4063,12732,7783,1862,7866,5102,9885,8639,10787,8040,5900,5283,8995,7680,1875,7783,5768,8797,4519,8441,2910,2493,3226,5947,9656,9798,6070,962,7618,3362,7521,6924,1589,6394,5384,7885,6730,7619,4749,8538,1112,8325,2475,3130,6773,4292,7464,6349,11283,9842,4663,3891,1619,8445,6734,9244,1815,7584,8432,8251,7344,7228,5757,7851,6885,1158,6839,4360,5679,1427,6786,8093,5363,6914,3571,6696,10166,4301,4476,4282,8864,7250,2832,7183,4422,8678,7304,4732,8330,3304,2171,1359,9150,5872,901,7575
"COG2080",623,456,909,766,1811,307,946,679,1231,2859,474,560,1950,1281,1831,1450,1421,496,344,734,1025,578,2108,1089,1073,307,871,2272,618,368,1303,1019,1362,1069,1009,2358,839,1262,2419,813,808,1178,2282,763,695,914,291,850,2652,1778,1529,3215,1103,4721,5488,1527,3678,2387,2141,1081,1266,1953,2450,1536,2149,2063,2197,2990,3789,1431,7368,5859,2295,881,3201,1948,6953,2710,4821,2475,2376,5494,6450,1980,2903,3277,5034,5153,8961,3979,2151,7897,1366,6833,2579,785,2285,6741,2988,2629
"COG2081",1999,1971,2445,6269,2625,1351,3840,3893,1542,453,1204,2923,1065,1825,896,1260,1402,2800,1656,980,3252,2032,860,1593,3846,1529,4418,724,1874,2113,1297,3682,3333,3089,968,1159,2394,1218,283,2582,2092,1495,540,2453,3772,551,517,3385,767,2340,1888,3218,1391,2560,584,4600,1229,2399,2718,1256,1556,4476,2098,2285,2271,2057,8338,870,978,1898,609,2358,3165,1378,2982,3145,1437,2013,2196,2452,2706,532,1255,6806,164,672,3238,728,310,881,1777,546,2265,5706,4065,1439,2379,769,3423,1498
"COG2082",800,647,774,562,666,789,1727,269,722,677,400,1167,700,942,1037,648,605,1156,131,613,1600,711,933,395,267,310,1596,1208,516,920,815,448,1347,1771,462,1564,67,687,1220,1006,793,513,1604,1060,193,651,134,647,742,382,711,657,741,1011,2527,1622,130,892,738,458,123,632,650,751,804,328,689,435,598,245,1716,503,1670,216,1149,1213,1087,1061,930,742,633,1622,1416,495,84,179,174,863,768,962,372,838,593,764,442,128,953,1067,47,969
"COG2084",11307,12298,12059,11733,9086,11981,11275,7363,12611,8417,12936,10213,15123,13625,10576,9999,13378,9210,3087,12463,10472,11909,10396,13598,6430,4664,7912,12708,12260,10398,11904,5090,12758,6774,12059,12637,4208,10093,11038,11237,10771,12341,11206,11450,4925,13256,3183,9816,12838,9515,9338,10896,11682,12211,11057,7285,2528,11022,12673,9545,3389,12312,10679,12007,11630,13185,12077,12121,11024,2552,12825,9954,11100,2935,12660,12677,10909,10433,9498,11383,14923,10730,10828,9348,9633,11646,4969,13690,6476,13106,13279,8259,11393,7311,6449,2733,11144,12126,5554,12303
"COG2085",341,383,248,367,1047,178,361,442,862,673,165,220,1328,953,1249,530,372,336,147,687,512,251,1394,316,300,142,431,1756,225,208,1518,760,653,2241,584,2151,292,360,1887,300,381,603,2232,400,301,1032,97,262,1389,756,352,298,191,1185,2995,285,574,260,486,191,190,250,316,328,287,472,269,477,451,339,2231,692,506,174,300,240,1496,448,1655,457,275,2188,2290,333,332,708,1480,1612,1170,1194,498,1204,296,133,489,173,289,2046,314,380
"COG2086",4795,5361,4556,4479,4757,5380,3994,2298,5499,5993,5760,4237,5262,4793,5912,5407,5130,4531,2182,5742,4403,5331,5614,5257,2289,1665,3474,5540,5149,4734,4937,2679,4030,5307,5636,5680,2023,5271,6171,4469,4951,5326,6325,4413,2302,5880,1727,2452,5817,3690,5027,4790,5329,4624,6956,2842,4283,4617,5415,5758,1938,4764,4762,5214,4996,5588,4938,5577,5734,1642,5949,5200,3941,1826,3995,4401,5385,4712,4383,5082,4403,6327,5606,4636,6049,5995,2014,5130,7333,5221,5685,6635,5387,3845,2283,1931,4725,5430,3243,5418
"COG2087",926,561,772,472,326,675,1362,776,388,538,299,996,501,686,338,482,588,955,137,257,1171,555,288,427,849,496,1352,330,539,901,401,500,1185,228,247,468,146,346,337,744,493,544,306,793,690,272,120,945,293,299,719,568,625,887,213,1708,132,774,584,349,195,757,676,685,693,212,657,255,335,323,369,378,1102,165,713,975,572,700,504,636,629,172,354,451,99,245,590,257,391,495,210,442,414,868,926,166,798,281,132,604
"COG2088",49,5,4,7,71,4,3,141,26,245,2,16,41,46,34,20,6,18,19,21,25,20,11,6,4,157,81,24,5,1,80,36,24,363,26,26,114,25,8,7,25,60,25,5,26,53,24,1,51,20,6,14,0,37,0,10,14,2,5,0,89,2,1,0,7,3,0,20,14,6,3,5,7,79,9,1,8,11,2,11,1,8,2,5,9,25,0,15,93,24,8,57,2,0,3,2,1,23,6,6
"COG2089",6562,5330,6388,3628,4293,7894,6000,4015,6325,7988,8407,6132,5288,6566,6304,6226,5041,6279,12377,8671,5421,7947,5387,6851,4589,12105,5024,5560,7130,7830,8408,4971,4898,7646,6830,6046,6936,6852,6413,6039,6092,7402,5976,6239,7319,8441,11751,4732,3968,3092,5193,3573,6923,5317,9366,5126,17928,6501,6209,8503,14324,5953,5309,4758,6296,6042,5578,6528,5487,5927,6388,3707,5934,15619,4790,6781,3768,6130,4809,5062,6384,7266,6041,3247,7239,8219,3325,9190,9130,7847,5926,7620,5774,933,3124,8995,6134,6768,3564,7362
"COG2090",4,0,1,33,276,0,4,0,173,55,2,0,185,145,315,49,29,0,0,167,66,0,308,4,0,25,2,400,0,0,347,138,73,1006,97,671,6,39,490,1,17,32,812,0,38,230,17,0,185,54,5,4,0,47,1285,1,224,1,65,1,26,0,2,0,24,60,0,17,86,0,650,67,94,42,13,1,270,0,410,12,1,787,594,25,7,11,0,333,196,346,71,284,0,2,0,0,1,432,6,1
"COG2091",136,39,58,122,503,39,50,692,142,359,36,25,286,174,212,152,80,58,41,78,192,71,323,41,558,77,174,244,43,27,150,277,224,1416,155,379,176,68,317,71,114,191,240,69,99,78,159,855,374,424,120,113,28,235,60,277,74,93,182,30,166,85,96,77,126,75,111,139,139,36,244,183,255,32,112,125,323,95,248,173,96,264,310,150,38,95,431,204,191,239,108,286,75,475,846,74,14,178,94,63
"COG2092",10,8,21,25,244,6,13,0,165,87,2,17,137,119,338,130,24,9,5,158,74,2,386,14,0,12,12,405,2,10,105,113,79,848,103,611,8,27,526,15,21,12,738,13,73,194,137,0,246,65,18,12,5,65,1291,5,457,4,57,5,16,4,14,7,43,61,0,17,53,2,665,84,77,11,22,9,278,11,380,25,11,827,613,18,4,20,0,129,251,122,64,289,1,2,0,0,34,447,10,33
"COG2093",33,36,54,21,138,2,23,0,146,27,12,31,148,63,205,155,67,28,8,76,122,4,224,37,0,6,50,274,7,13,165,63,40,509,103,373,5,110,342,34,57,54,432,19,54,60,19,0,161,38,57,51,14,51,758,16,258,44,91,21,22,6,26,42,52,98,13,40,130,10,375,53,55,23,33,14,173,18,194,77,1,419,343,13,20,50,0,177,117,213,86,135,24,2,0,9,18,273,19,38
"COG2094",886,570,854,322,663,442,1279,126,571,398,524,998,530,770,601,714,671,975,420,710,1222,715,494,464,82,714,1587,585,433,669,669,625,1327,1009,491,828,601,517,562,1012,828,651,850,811,589,653,137,223,375,593,861,651,476,698,1425,1757,542,886,647,452,388,554,848,758,838,227,3,573,769,430,845,386,1364,471,1040,929,379,885,503,663,424,812,681,392,239,340,207,761,680,658,289,667,532,112,119,318,953,897,460,789
"COG2095",461,807,696,2751,1756,280,338,1440,847,1957,353,299,505,566,1594,877,595,406,778,858,569,653,1972,784,1265,666,1038,1515,882,323,1204,1277,485,1571,654,1332,1198,785,1704,413,535,825,1580,412,2324,633,221,955,1515,1616,642,1145,275,804,1025,769,1308,509,735,398,876,1074,830,645,486,1062,3325,861,1045,703,1356,1713,493,611,491,368,2194,609,2011,742,682,1826,1604,3111,989,919,1274,980,1340,626,1083,1492,978,1751,1279,828,315,1017,2344,569
"COG2096",1736,1507,1603,1950,1645,922,1284,1090,2353,1728,1119,1144,2745,2114,1735,2498,2009,1363,842,1674,1854,1344,1680,1367,1105,618,1597,2126,1506,1068,2402,1022,1308,1517,2378,1845,861,2120,1939,1520,1667,1821,1934,1201,942,2235,856,932,2456,1699,1810,1683,1177,2267,1345,1455,1551,1597,1715,922,614,1345,1515,1551,1692,2017,1830,1796,2482,708,2004,1674,1525,572,1522,1170,2331,1712,1313,1926,1201,1558,1701,2101,1966,1879,1061,2534,2093,2411,2039,1934,1508,1630,1187,697,1182,2914,1294,1542
"COG2097",126,84,130,53,286,5,86,0,399,157,28,71,516,317,435,401,226,80,39,320,332,7,426,99,0,51,111,504,13,48,453,168,111,989,423,748,10,326,589,93,139,142,815,47,213,446,179,0,323,108,156,162,37,191,1438,50,1067,114,234,35,49,41,69,66,188,248,38,75,248,27,773,123,259,42,139,28,411,99,412,243,2,966,680,23,53,87,0,531,386,436,285,373,66,4,0,31,87,645,21,131
"COG2098",0,0,0,0,1,0,0,0,0,13,0,0,13,0,0,0,0,0,0,0,0,0,0,1,0,0,1,0,0,0,3,0,0,3,0,0,0,0,1,0,0,12,0,0,0,3,0,0,0,0,0,0,0,3,0,0,11,0,0,0,4,0,0,0,0,0,0,3,0,0,1,0,0,0,0,0,0,0,0,0,0,0,0,0,0,1,0,0,34,5,0,22,0,0,0,0,0,0,1,0
"COG2099",1165,809,1076,545,236,873,1876,409,452,588,468,1613,405,753,476,687,911,1503,119,443,1638,779,304,610,344,510,2117,345,669,1142,229,293,1644,163,315,370,64,445,433,1108,779,659,362,1337,195,179,195,657,347,197,994,658,942,931,225,2319,43,1218,941,595,104,1041,957,1012,1003,245,725,380,532,288,398,435,1679,119,1267,1548,617,1279,210,992,702,199,314,495,86,217,223,206,604,411,234,525,753,1287,296,159,1248,316,37,911
"COG2101",340,247,351,316,951,48,225,12,1044,329,117,198,1172,871,1423,995,579,200,279,743,902,14,1473,247,51,330,320,1777,33,91,1248,477,388,3111,1069,2350,79,870,2141,249,457,365,2767,175,403,1150,711,8,1175,344,441,392,120,646,4610,169,2133,314,589,87,217,112,236,205,498,702,203,266,808,65,2567,395,612,221,347,112,1440,312,1339,584,17,2879,2368,136,186,254,14,1369,852,1222,783,1064,194,31,3,252,222,2272,126,310
"COG2102",302,233,298,146,685,37,194,43,754,297,63,123,982,647,974,904,507,175,111,632,782,21,960,206,29,170,311,1170,38,93,1036,358,213,2071,871,1542,49,841,1320,230,376,373,1802,182,336,734,344,36,797,289,458,308,103,534,2727,274,2048,277,477,89,156,78,125,158,389,600,456,233,684,167,1631,280,512,155,306,66,894,300,885,567,26,1865,1549,71,139,228,8,1057,755,791,574,794,148,22,2,232,183,1534,176,321
"COG2103",1574,1421,1129,1333,1266,641,661,592,1204,1701,540,673,889,1210,1310,1632,1127,738,467,966,1531,889,1154,1092,160,986,2835,1081,1223,687,1067,899,1714,950,1320,808,1398,786,1202,739,1191,1450,1010,884,881,984,357,627,1176,1594,450,481,160,414,241,612,574,293,476,195,215,352,405,442,353,368,451,400,460,190,347,517,520,73,430,265,429,485,391,606,323,338,379,629,421,485,140,327,754,367,397,694,500,66,52,208,164,380,789,590
"COG2104",144,131,97,143,323,291,110,516,109,292,151,164,173,171,145,208,96,118,201,121,177,125,226,148,927,114,605,281,213,183,251,295,271,134,88,325,154,72,209,116,110,280,252,294,365,86,70,509,353,297,136,101,251,235,199,194,84,90,122,230,133,139,163,125,118,125,146,160,136,327,284,311,205,193,84,192,251,235,175,208,238,253,416,131,130,184,1077,226,329,146,129,248,112,270,676,187,167,195,232,253
"COG2105",88,108,166,66,173,50,94,359,74,30,38,87,138,90,87,90,161,48,1983,36,102,77,156,136,807,1559,80,100,110,68,150,590,73,141,105,105,946,107,47,113,97,135,52,87,319,57,1356,215,53,212,122,147,48,143,83,81,230,92,44,59,1816,46,190,96,65,47,32,54,95,1592,78,50,58,1361,192,32,45,124,82,157,288,68,108,64,109,68,289,70,94,112,36,34,74,404,337,1599,84,70,340,65
"COG2106",24,10,3,67,488,2,9,0,368,71,9,2,340,362,624,130,27,3,0,406,175,2,697,7,0,80,5,851,1,1,740,230,148,1729,254,1232,7,64,992,4,48,34,1325,56,27,595,11,0,395,134,34,6,2,141,2310,6,53,4,110,0,75,1,1,8,75,149,10,27,97,0,1282,101,235,100,3,25,569,6,708,20,3,1566,1159,55,4,15,0,766,240,647,141,402,1,7,0,2,0,969,21,8
"COG2107",454,311,330,322,756,50,273,339,923,335,105,156,1163,819,1152,906,521,224,109,519,843,49,1139,278,11,144,434,1449,38,129,1187,359,342,2239,1065,1717,33,722,1586,298,534,417,2135,166,33,801,147,298,1128,379,586,440,94,731,3001,488,91,384,641,134,115,183,211,269,490,723,383,385,828,61,1886,377,588,198,287,149,1077,347,983,677,55,2198,1669,385,224,293,5,1314,399,1271,758,615,266,11,4,205,195,1927,141,343
"COG2108",306,312,363,67,87,17,220,0,660,128,78,145,732,370,437,940,517,231,92,233,715,5,247,313,0,70,359,340,30,85,388,32,118,96,744,157,51,897,362,269,453,350,332,168,214,245,127,0,430,86,523,444,98,359,249,159,932,426,567,123,158,150,127,263,468,509,199,268,728,83,241,107,338,39,268,81,286,261,104,779,2,215,247,17,198,243,0,345,80,482,561,99,213,0,3,78,179,871,108,287
"COG2109",3326,2179,2808,1098,1195,1785,5415,1393,1208,1411,1240,4163,1280,2510,1988,1874,1728,4050,370,1128,4616,2394,1663,1327,1248,1535,5952,1645,1571,3347,1314,988,5009,2182,1016,2118,324,1841,1886,3127,2443,1792,2206,3381,577,850,363,1173,1216,736,3032,2160,2253,2771,3256,7478,737,2951,2136,1468,379,2085,2439,2637,2659,692,1108,1221,1659,832,2146,1412,4905,356,3336,3921,1761,3558,1599,2433,1971,2373,2096,1003,156,538,1250,870,1459,1343,732,1408,2036,1354,1363,470,2909,1423,229,2929
"COG2110",336,277,433,128,515,77,372,349,639,913,125,185,910,458,706,770,575,248,685,241,660,82,778,348,478,596,788,621,90,105,784,997,209,289,725,593,746,832,657,303,480,565,633,319,853,277,207,110,625,704,544,527,113,640,517,441,1534,351,491,167,443,200,284,234,428,452,219,338,706,360,524,994,512,576,365,166,533,337,395,635,91,605,650,82,213,339,215,807,1264,520,504,927,175,1369,274,633,277,971,1435,303
"COG2111",530,629,557,531,2474,975,587,3149,542,1213,456,588,913,709,898,396,488,601,1606,265,580,772,1706,688,3894,841,1385,1665,1001,790,860,2701,691,1856,341,2627,1642,398,1318,560,432,1229,1904,914,1829,349,289,2676,2237,2359,478,684,841,1034,1605,1168,1040,414,394,506,1797,758,775,816,369,343,883,524,386,1171,1812,1978,518,1444,610,613,1576,595,2431,814,1300,1500,2215,485,374,431,5060,924,1451,720,332,1203,602,8347,4250,1556,671,807,663,361
"COG2112",24,3,2,72,700,0,10,1,616,107,5,0,693,627,851,219,72,2,1,826,411,0,941,11,0,109,1,1245,0,0,1672,299,274,2545,517,1720,18,142,1261,16,72,12,1898,0,118,1020,21,0,554,201,63,22,0,274,3279,10,663,9,294,2,99,2,0,1,133,233,0,40,178,0,1831,175,453,170,3,4,829,3,1027,31,2,2022,1555,95,14,16,0,1758,412,1500,261,582,1,4,0,3,1,1637,31,4
"COG2113",5633,7419,6986,7856,5205,5466,5610,1476,7392,5783,9841,5681,5405,6694,7603,6254,7073,5469,2886,8638,5148,8141,8384,8692,1415,2548,1775,9116,6460,5042,4856,2112,6288,4539,8228,7172,1833,7286,8133,6543,7020,6348,8708,5937,459,8159,2097,2680,8673,4166,5368,7420,6327,4103,9900,1761,1072,6359,7879,7424,2303,7029,5843,6534,7990,8019,8456,8350,8951,834,8856,6410,5874,3142,6390,6877,6613,5804,6494,5023,7465,8653,8062,5794,6411,6696,2387,7272,3854,5893,8394,4970,6900,2608,1644,2602,6393,6830,594,7911
"COG2114",11860,10626,10872,12150,10896,11310,15532,21285,12519,16573,8497,13419,16567,12042,14662,14313,14610,12275,28909,8663,9632,16035,13333,11661,17040,28503,11639,14745,15441,12865,10501,15485,13513,14937,10127,13270,12389,15452,17460,12300,10362,10335,14905,15443,11391,11566,17212,40124,16925,8624,11973,14162,11998,14720,8929,13169,16556,12377,8430,10505,18363,13855,10971,11414,9197,8540,5391,11350,11092,34532,15284,12198,8567,21651,14045,13329,16801,13246,9783,11669,19749,12063,12238,9897,10614,13849,16310,11406,22279,13739,8408,16346,12292,6858,21860,62002,12846,15359,6342,11130
"COG2115",1449,1993,1119,1548,813,2227,876,1592,1494,482,1009,1512,1152,1153,899,1072,941,1327,359,1192,1183,1751,627,1294,1148,302,1091,536,2222,1843,901,571,788,370,1356,564,537,852,628,1169,1345,893,509,1152,402,1157,311,938,638,565,1762,1906,1976,1137,589,1181,287,1200,1910,1069,384,1889,1384,1974,1521,1387,1886,1072,939,259,553,1830,981,171,1498,1205,824,1084,1067,2011,1679,491,750,1803,1796,1133,2152,1061,307,1398,1511,468,1976,1912,1944,483,1061,792,2183,1062
"COG2116",685,219,640,169,1460,46,159,1053,208,2202,21,30,385,566,613,729,425,84,741,141,679,135,853,594,1098,1235,2106,439,216,26,795,2126,1402,745,353,547,2071,173,371,205,614,766,473,294,2439,18,146,1491,177,2249,59,346,4,302,118,346,286,57,108,25,270,50,172,92,93,25,24,139,154,373,114,501,448,174,230,86,29,453,662,161,166,163,294,41,3,92,346,113,639,53,46,814,72,769,282,212,13,94,1088,244
"COG2118",48,15,23,38,151,12,23,0,206,45,15,17,198,184,179,88,70,20,9,171,138,0,197,17,0,31,27,332,1,13,365,44,52,468,206,309,4,65,218,17,80,41,295,12,18,214,16,0,128,50,39,12,2,32,181,11,20,8,29,0,12,0,3,6,31,20,6,10,38,1,124,17,53,13,6,5,58,5,67,33,0,112,97,6,9,4,0,140,30,148,22,36,5,1,0,3,4,170,8,2
"COG2119",301,320,469,173,364,219,1237,773,190,66,223,985,186,500,131,289,331,898,358,156,802,265,122,47,1205,198,1081,90,246,487,209,519,663,178,357,321,261,469,18,639,384,287,117,755,722,60,81,224,120,330,401,210,394,541,74,897,144,683,370,428,281,260,381,402,495,184,98,151,281,470,86,259,1028,371,564,810,13,413,441,394,347,69,128,56,19,91,991,64,31,75,198,58,250,994,912,330,728,57,357,362
"COG2120",2175,2536,1904,3030,2633,1784,1532,2787,3131,2909,1992,1816,3733,2762,2970,2626,1964,2091,3459,2973,2182,2707,3079,1891,2208,3608,1564,4182,3022,1848,3750,1393,1991,2523,2599,4369,1945,2917,3637,1958,2574,2640,3917,1712,1401,3444,4742,3443,4973,2570,2612,1951,1659,3558,4142,2059,4374,2047,2530,1731,3841,2401,2528,2578,2260,2227,3458,2529,2646,2575,4770,2890,1883,2969,2221,1736,5084,2618,2697,1903,1779,3455,3944,3881,4345,2887,2163,4864,3815,3175,2150,3303,2759,623,1102,3376,1854,4793,472,2421
"COG2121",335,248,287,165,280,350,247,350,371,781,295,343,423,343,395,447,300,298,19,350,310,320,368,266,218,30,264,393,358,331,418,80,270,465,285,313,28,289,482,271,267,348,397,228,82,389,61,341,515,192,856,458,1044,1096,750,707,1218,797,945,902,124,892,729,816,843,1030,141,1111,1036,102,1217,883,638,59,842,691,1251,1032,589,897,1230,1101,1018,469,1071,1653,495,1056,2682,1307,1036,2305,844,203,950,289,812,1147,90,909
"COG2122",68,78,114,194,101,63,209,106,145,264,60,147,259,142,212,150,218,103,2,38,102,109,205,184,50,11,55,228,125,78,129,21,227,64,95,203,7,46,321,120,66,79,197,187,19,42,17,320,229,80,79,112,80,132,135,83,34,114,146,22,8,218,123,85,77,81,281,71,101,8,275,137,111,11,162,188,214,108,98,91,118,152,225,191,35,41,26,179,139,144,71,181,102,697,89,3,174,173,10,111
"COG2123",251,195,316,183,654,25,196,0,832,261,60,142,1003,644,1163,824,525,180,65,522,792,10,1101,211,0,82,314,1349,36,92,983,367,270,2275,924,1739,31,772,1576,197,412,301,2058,302,438,708,394,0,863,275,428,389,78,504,3268,155,2248,320,535,93,79,79,112,189,445,502,202,222,712,50,1938,333,585,101,287,130,960,251,905,560,11,2082,1747,59,164,191,0,1058,741,1019,553,891,117,2,0,82,152,1691,107,297
"COG2124",8706,7886,7777,13017,7429,4657,7174,18063,9874,3567,6616,5558,10533,8756,6692,8694,10047,6967,2835,7268,8056,5766,8178,9042,13296,2797,4147,8067,5924,4637,4947,7764,7871,4691,10233,8220,1806,11896,7451,7700,8607,6432,11074,5268,2696,9277,3424,5596,9747,6455,7479,8908,4680,7365,9635,6736,881,6978,8425,5064,2490,6355,9725,7836,8556,10139,7562,10105,11337,3342,7467,9505,8410,1905,9984,5829,9919,6915,5217,7377,6247,9339,8179,12329,15998,9860,10630,5499,5079,8514,10041,3887,7672,13136,15733,2595,6902,5788,1010,7816
"COG2125",178,156,241,112,509,34,124,0,579,190,47,83,613,482,801,556,384,128,42,385,571,3,814,141,0,67,194,1066,16,68,682,232,157,1736,628,1329,30,503,1182,143,283,199,1483,100,297,536,220,0,639,217,337,225,66,345,2426,96,1635,195,350,54,63,62,100,140,322,368,152,128,451,40,1408,173,395,54,217,62,665,159,741,355,3,1552,1346,57,105,136,0,720,558,666,434,593,111,7,0,43,146,1192,77,161
"COG2126",22,10,22,1,5,2,3,0,42,11,6,7,13,22,10,30,16,3,0,9,24,0,2,6,0,6,8,11,1,2,12,4,10,7,26,15,0,32,13,4,15,11,17,3,24,11,107,0,23,8,11,0,4,14,2,4,117,1,14,4,1,1,15,5,14,12,3,0,20,1,15,6,21,1,31,4,19,9,7,15,0,5,9,0,2,7,0,11,27,10,23,8,8,0,0,0,2,19,2,13
"COG2127",1546,1363,1625,1186,1098,1552,1952,1301,909,660,934,1604,933,1120,983,970,1089,1592,1848,748,1768,1340,931,1407,1207,1459,1960,894,1431,1791,853,1651,2076,1021,760,1007,1044,953,785,1334,1182,1036,880,1419,1707,607,862,1944,978,1058,1371,1510,1414,1228,808,2529,849,1279,1169,933,1033,1679,1463,1611,1312,829,1028,900,908,2113,774,1197,1854,1442,1587,1707,992,1355,1037,1352,1602,848,801,1037,640,731,1173,644,607,921,876,674,1501,1230,996,1887,1429,585,942,1447
"COG2128",1912,1855,1656,2214,3729,2129,2021,3951,2456,2644,1932,1708,3303,2389,2526,2080,2451,1921,1057,1803,1799,2101,3075,1968,2362,973,1759,4074,1642,1943,2325,1880,2612,2096,2186,4646,1635,1961,3619,1991,2122,2406,3984,2001,1919,2022,734,4722,4874,3958,1739,2157,2276,2448,2789,1868,1387,1928,1937,1883,1138,1664,1992,1879,1850,2127,1353,2336,2111,1268,4357,3550,1674,936,2194,1981,4804,1994,3733,2074,2149,2927,3437,2073,2109,2219,1769,2914,2789,2588,2082,3028,1649,3837,3412,1127,2030,2876,2114,2099
"COG2129",8,4,36,122,30,1,17,71,19,227,2,6,45,43,42,15,25,7,22,2,49,3,8,24,46,77,12,46,5,3,37,39,4,69,50,38,78,24,40,7,33,10,32,9,887,2,246,155,61,20,11,8,3,42,32,50,4968,13,29,0,149,3,21,8,38,19,27,7,14,69,55,32,107,215,52,13,17,2,17,4,7,39,23,59,5,0,35,80,642,17,26,356,2,15,43,187,5,21,15,3
"COG2130",4005,3640,2513,4890,3032,4151,3442,3185,4548,1949,3352,3363,4675,4146,2842,3317,3438,3282,1226,3518,3797,3445,3059,3457,2913,1098,3130,3048,3107,3732,3150,2789,4272,1873,4825,2826,2308,3610,2827,3120,3889,3640,2850,3318,2323,4262,895,2053,2823,3044,3144,3225,4088,3801,2081,2548,1055,2887,4368,2636,1386,3331,2998,3567,4138,4903,3639,4513,3555,1310,2708,3473,3588,721,2987,3279,2694,3497,2482,4170,2889,2642,3151,5259,3261,4269,1777,3111,1486,4195,5318,1760,3494,4447,3067,1226,2942,3271,3039,3474
"COG2131",905,1009,1211,2228,1242,496,638,2808,1279,1396,746,540,1263,1280,1740,1526,813,587,7497,1009,1036,643,1448,1061,1329,6684,820,1537,682,535,1186,2549,879,2656,1415,1907,1926,1653,1844,846,1040,835,2217,808,2259,1266,8321,2929,1353,461,1041,1423,532,907,2922,771,5803,715,1059,718,5098,1162,1074,874,967,1152,1367,871,1187,2874,1983,745,833,16364,1573,662,1597,840,1143,1116,481,2334,2221,2286,1240,821,770,1394,2044,1065,1149,1830,1115,1190,1508,5773,927,1845,574,792
"COG2132",735,581,498,1290,7193,654,699,16643,1788,1904,277,627,2056,1931,3550,875,622,755,3280,1435,1085,842,5939,405,18732,2131,3457,4453,1909,335,4138,10948,1200,12001,1319,7541,5197,944,5958,613,1407,1657,7153,1448,9816,1686,849,14625,3200,6452,1094,1789,400,2615,8829,2815,3157,625,950,744,3542,728,942,563,651,581,1161,705,1772,6473,5966,4231,1317,3313,776,930,3995,853,7892,1265,2037,6992,7622,991,212,737,18802,4274,2338,2929,686,3567,444,21409,18008,3461,856,5251,5737,256
"COG2133",10607,10770,9826,7837,10733,10364,7196,8934,12826,9262,11320,8741,11845,12369,10827,11197,9787,9341,4271,12403,10006,10077,11249,10726,7944,4142,9024,11897,10861,9801,12545,7760,9559,11498,12085,12134,7261,9936,11665,9749,10440,10710,12215,8241,5991,12172,3487,4580,12001,10804,11019,8620,10513,11835,12687,8133,6478,10207,10588,11564,4514,9862,10131,10296,10841,11830,7812,12093,9000,4106,12583,10060,9541,3328,7969,8513,13563,10803,9863,11429,10685,11646,12244,7522,12528,11623,8013,15160,8490,14002,11966,10038,10799,7749,6390,3372,9190,14321,9532,11193
"COG2135",3147,3043,3071,1664,1956,3217,3285,2066,2503,2313,3271,3551,2349,2630,2141,2356,2822,3326,1154,2957,2745,3315,1730,2894,2198,1229,3026,2117,3087,3463,1996,1627,3020,1348,2386,2159,1115,2666,1976,3150,2756,2418,2066,2948,1294,2544,838,1683,2405,1916,3180,2592,3403,2547,1994,3386,1395,2991,2410,2963,816,2716,2997,3201,2892,2476,841,2424,2256,1270,2255,2525,2806,686,2781,3094,2177,2892,1848,2649,3103,1674,1759,1412,3273,2255,2662,1870,2303,2326,2312,2214,2829,1925,2113,862,3193,1874,1333,2804
"COG2136",52,38,14,83,1,1,24,0,74,0,0,8,32,73,11,52,94,10,1,9,66,3,2,24,0,33,10,0,4,1,6,2,13,0,155,0,0,132,0,23,70,14,1,23,0,3,13,0,1,0,47,22,8,24,0,11,0,20,61,1,3,7,5,9,95,99,97,4,85,0,3,0,228,0,110,21,4,21,1,10,7,7,0,6,5,1,0,1,0,11,118,0,18,0,0,3,1,1,6,16
"COG2137",580,678,523,866,1048,955,556,494,707,1248,766,583,720,625,1158,740,706,486,534,846,604,700,1497,820,490,322,731,1204,759,769,1050,944,614,850,577,1024,1114,557,1399,539,593,912,1043,727,1510,728,253,434,1334,1405,653,730,845,788,750,477,1245,552,602,809,527,763,883,701,558,953,686,742,555,500,1172,1031,524,309,388,502,1053,568,1325,593,752,1286,1080,1074,678,990,361,913,1643,702,952,1356,712,817,305,456,643,1023,1255,639
"COG2138",1337,983,1414,976,1138,809,3413,682,966,1238,637,2413,1192,1558,1663,1178,1083,2174,96,832,2059,1075,1527,622,565,573,2552,2059,753,1588,1240,414,2610,2715,798,2592,98,800,2097,1806,923,920,2451,1978,496,909,198,723,1354,714,1356,931,1125,1737,3748,3058,166,1806,1112,1015,157,952,1290,1136,1292,565,1065,679,982,405,2703,894,2212,144,1651,2169,1920,1650,1660,1204,972,2471,2336,789,77,279,353,1318,942,1230,602,1266,859,588,524,102,1994,1708,104,1272
"COG2139",109,116,156,52,186,18,72,0,324,65,33,45,355,284,353,394,206,72,24,222,320,0,313,82,0,46,121,393,6,42,378,101,82,582,345,493,11,324,421,106,133,178,564,76,144,325,148,0,290,74,211,142,21,196,843,53,814,122,193,24,39,48,45,84,156,203,35,93,234,11,517,84,255,49,140,40,337,114,234,201,2,674,482,23,37,102,0,506,244,304,228,271,69,2,0,29,59,621,50,112
"COG2140",41,60,9,22,39,0,65,0,89,90,23,20,146,89,57,66,99,54,16,18,57,23,57,39,40,6,37,65,6,13,66,48,47,47,60,61,11,13,58,47,41,62,58,53,35,37,3,0,110,60,62,61,4,124,14,39,179,47,71,6,17,26,49,29,50,34,2,21,38,2,75,41,32,9,34,41,162,90,26,77,5,37,49,38,10,25,44,170,66,75,26,48,49,20,8,8,28,124,13,68
"COG2141",13721,11310,11038,14411,31678,7924,12197,9273,22505,19723,11487,8676,50411,25318,21236,15945,15461,8899,5034,14330,15354,12941,27686,11451,7487,5266,11075,45471,9049,8621,32799,9921,22812,17415,17293,54452,5851,16690,34331,12870,13891,20208,37872,10417,4459,21879,5431,4440,58333,35071,10342,15760,8426,37925,31905,8853,3800,10609,14824,7857,5460,10929,13285,10737,13133,14554,8831,18836,18520,4920,49468,30974,13146,4591,14780,10235,39720,13990,30135,12552,9779,30780,34523,12395,21926,22745,24787,42652,23852,32047,15028,24722,10715,4648,10554,4187,10841,38978,7261,14399
"COG2142",535,630,611,601,533,759,530,638,546,204,587,630,522,452,317,460,676,557,431,401,322,541,356,564,758,328,475,330,718,650,402,702,546,254,539,395,642,536,237,614,481,541,293,553,696,457,286,563,264,630,467,777,623,436,285,338,250,582,499,569,387,537,808,715,460,518,544,554,549,503,251,473,297,277,662,539,204,433,526,499,644,248,362,603,687,442,936,400,151,577,520,197,717,796,843,346,788,352,793,500
"COG2143",285,494,238,789,163,198,200,187,273,395,92,202,262,240,406,205,226,205,122,127,235,355,283,265,365,61,148,269,492,201,165,210,358,62,253,205,39,154,327,222,271,127,177,191,46,84,115,266,372,216,383,348,177,168,38,354,67,186,614,91,36,416,279,466,325,329,1002,157,173,59,230,179,218,41,276,258,175,160,114,453,461,356,347,1152,205,66,367,217,242,262,327,432,518,831,468,95,120,172,20,161
"COG2144",12,0,24,1,121,791,1045,6,44,5,75,1273,83,37,30,11,80,136,83,23,97,171,52,1,254,3,6,214,216,1031,21,101,57,269,13,149,9,24,86,203,83,5,203,485,98,8,67,2,287,136,2,88,1240,169,58,47,50,185,60,199,24,138,80,4,104,3,13,22,11,180,201,105,86,23,82,294,169,52,94,48,268,51,133,2,0,6,95,20,63,4,4,49,4,914,213,13,432,96,15,1
"COG2145",143,139,142,40,181,577,180,171,92,15,137,373,53,100,79,38,139,285,160,21,54,145,127,145,198,99,97,35,491,431,69,164,59,132,75,103,99,87,33,109,78,91,47,281,38,48,37,681,63,94,176,104,542,88,32,130,58,150,62,163,123,189,100,157,68,42,129,47,42,97,95,163,32,95,112,215,59,135,96,144,355,52,262,36,139,30,236,29,43,111,44,31,155,327,104,92,315,84,50,66
"COG2146",806,660,667,764,2000,350,674,2052,1492,818,601,523,1976,1562,1410,1115,849,644,1117,1227,1297,602,1604,537,649,790,891,1960,391,513,1525,1484,1035,2452,1459,2552,1613,1217,1803,771,1020,1210,2482,639,1355,1606,388,1448,1746,1524,696,1649,532,1437,3265,599,604,636,1032,601,892,392,628,663,1059,1066,447,997,959,619,2369,1205,1140,895,770,492,2154,736,2125,1026,462,2289,2138,647,1233,1033,537,1582,1178,1667,1133,1195,634,1000,754,830,626,1873,1379,732
"COG2147",160,142,216,86,385,22,124,0,498,163,27,103,607,345,641,514,359,105,42,320,453,4,591,148,0,41,185,799,13,60,526,197,125,1215,450,915,12,525,837,135,254,200,1129,115,141,386,230,0,540,105,261,202,62,299,1871,87,779,185,321,55,68,44,86,119,233,356,106,117,449,33,1035,178,319,51,191,73,567,136,536,304,0,1185,978,49,86,140,0,582,390,480,371,420,104,2,0,37,108,992,74,156
"COG2148",3913,3490,3355,3672,5304,2998,2935,4497,3038,4844,2882,3033,2956,2742,3587,4352,3320,3456,2397,3769,3128,3144,3948,2999,5318,2797,5838,3674,2864,3439,4370,4240,2992,4696,3139,3751,4608,2972,3527,3348,3705,4226,3641,2469,6358,3353,1313,3899,3886,5399,3788,2606,2905,3656,2602,6353,4833,3193,3015,3072,2854,2981,4159,3693,3063,2772,3971,3721,3546,3531,3850,5796,3165,1532,2902,2924,4074,4255,6372,3934,2037,3316,4547,4635,4116,4617,5247,3315,5795,3253,2730,5501,3410,4704,3867,2247,3265,3381,7689,3742
"COG2149",8,13,22,7,13,4,1,0,3,0,0,1,1,1,15,0,5,13,2,1,16,3,12,5,4,12,8,3,0,0,13,25,2,9,8,19,9,3,2,1,12,1,4,11,18,1,1,0,3,2,15,4,1,3,13,29,5,0,16,1,17,4,7,9,7,0,0,5,2,76,39,18,36,2,15,2,4,4,2,14,16,0,50,5,0,2,18,6,1,0,3,2,8,5,1,6,1,9,8,4
"COG2150",0,0,0,0,4,0,0,0,3,24,0,0,37,4,2,0,0,0,0,0,0,0,2,0,0,0,0,7,0,0,2,0,0,9,2,9,0,1,4,0,0,31,3,0,1,9,0,0,3,1,0,0,0,2,4,0,9,0,0,0,2,0,0,0,0,0,0,3,0,0,21,1,1,0,0,0,9,0,2,0,0,0,3,0,0,5,0,9,26,8,0,24,0,0,0,0,1,11,0,1
"COG2151",1993,2012,2056,2091,2014,1929,1550,1659,2444,2478,2082,1790,2385,2243,2415,2489,1801,1870,2572,2573,1926,2217,2305,2223,1534,2019,1689,2827,2183,1833,2550,1895,1776,2124,2490,2677,1489,2290,2653,1903,2074,2337,3008,1745,1579,2605,1079,1692,2877,2073,670,703,620,790,975,568,690,653,722,757,777,732,565,623,714,758,695,795,719,1045,1006,667,559,844,619,497,811,752,728,702,658,884,916,696,826,915,543,986,1051,896,746,908,748,673,573,1167,609,1115,438,745
"COG2152",33,21,24,103,234,177,51,280,63,93,16,102,105,77,145,74,16,65,42,5,28,46,288,35,132,24,118,88,104,106,101,126,20,178,17,98,38,8,165,54,59,68,98,47,475,10,34,208,86,120,181,70,166,146,57,373,973,27,22,92,235,109,122,31,18,13,373,33,42,174,263,132,10,81,23,27,316,165,53,68,98,156,434,119,13,7,1045,172,198,55,23,188,19,106,294,51,33,260,39,25
"COG2153",263,389,203,402,194,365,155,134,192,41,250,232,104,169,185,170,177,222,122,193,207,281,121,314,62,87,200,94,355,312,142,165,160,139,210,60,222,138,59,181,213,175,86,220,141,166,78,196,75,212,930,799,942,355,391,661,329,580,901,681,366,984,1006,1069,676,972,1292,565,585,350,205,883,528,238,470,647,387,465,541,910,616,310,420,1767,732,691,195,288,221,495,1045,176,1189,171,127,433,584,222,1293,589
"COG2154",2417,2535,2226,2049,1531,2666,2194,1241,2492,1163,2793,2371,2381,2374,1833,2355,2280,2384,1644,2928,2631,2712,1580,2272,907,1321,1781,1985,2601,2645,2164,878,2436,1516,2605,1817,919,2225,1816,2337,2336,2379,2011,2496,1163,2634,887,2181,2004,1408,2530,1808,2614,2188,2013,2135,765,2401,2572,2955,1187,2418,2033,2404,2546,2576,1979,2364,2233,1423,2028,1581,2507,2331,1906,2480,1990,2466,1662,2412,2636,1757,1728,2184,2436,2347,712,2413,1195,2398,2600,1189,2435,987,798,1736,2402,2437,886,2708
"COG2155",0,0,0,1,0,0,0,0,1,3,0,0,4,1,3,0,0,0,0,0,0,0,0,0,0,0,1,0,0,0,4,0,0,0,0,1,0,0,1,0,0,1,2,0,3,0,0,0,0,0,0,0,0,5,0,0,15,0,1,0,0,0,0,0,0,0,0,1,0,13,0,0,0,0,0,0,0,0,0,0,0,0,0,0,0,1,0,0,8,1,0,1,0,0,0,0,3,11,0,0
"COG2156",1,1,0,0,41,0,1,2,3,5,3,1,1,0,4,3,0,8,67,1,1,1,2,0,67,32,13,4,0,0,1,85,1,13,1,29,28,2,2,0,13,3,18,5,123,4,34,24,14,6,2,0,1,15,26,0,9,0,0,16,47,0,1,0,0,0,1,1,1,98,13,6,1,94,1,1,4,5,1,3,0,1,17,0,0,1,98,4,0,0,0,11,0,9,19,78,5,20,7,2
"COG2157",24,32,17,18,1,4,4,0,40,2,12,14,24,52,24,161,48,6,2,26,99,1,1,21,0,11,21,6,2,5,22,0,5,0,53,2,1,55,7,1,35,35,5,36,0,20,8,0,8,0,25,10,6,31,3,4,0,7,47,25,2,5,7,4,40,40,23,22,45,1,1,2,98,0,38,23,1,6,0,22,1,8,1,2,1,10,0,14,3,15,42,5,20,0,0,2,4,6,8,29
"COG2159",2477,1227,2172,3487,6283,1268,2482,5178,4614,4709,1357,1370,12584,5945,4566,4085,3084,1285,499,2357,3723,1642,7292,2609,1800,577,2956,10146,1416,1288,7254,1036,4959,3242,4451,9248,288,3956,8197,2107,2702,4813,8707,1889,605,5383,784,611,12221,5623,1666,2331,1162,8420,6806,2464,1940,1924,2780,947,677,1740,2205,1156,2567,3508,2222,4128,3508,1019,9449,8415,2889,683,2847,1841,9850,3029,5153,2407,1986,7411,7511,3832,3404,5759,2421,9149,6801,7361,3631,5278,1206,699,2212,345,1567,9528,2007,2421
"COG2160",33,108,16,60,435,51,39,60,34,100,9,45,143,34,112,63,8,75,133,74,63,131,199,16,274,108,384,118,207,43,199,250,61,291,33,238,169,18,94,56,60,262,138,214,76,18,15,271,76,173,106,152,23,177,145,166,212,44,32,93,384,43,44,89,11,9,6,45,81,279,208,1312,45,52,18,11,217,119,157,69,25,110,638,63,17,158,1737,325,140,67,17,180,120,49,501,148,66,177,1979,58
"COG2161",27,36,49,65,545,28,29,514,20,85,6,9,35,64,56,20,44,17,290,14,29,34,181,26,465,233,468,98,65,13,176,479,30,205,7,202,592,22,49,21,116,128,83,30,717,4,45,387,47,527,52,353,12,108,101,152,316,16,8,22,286,35,69,40,9,3,55,33,26,245,110,704,54,187,30,26,113,36,659,120,124,100,129,67,0,77,250,118,159,23,6,169,25,1104,267,235,18,52,1054,6
"COG2162",31,6,4,67,80,8,10,329,6,146,9,13,37,6,85,12,2,9,156,2,5,0,124,7,165,84,18,61,17,2,34,186,28,146,3,89,59,3,148,7,4,40,116,10,144,3,13,324,90,82,20,13,5,15,45,61,49,2,8,13,149,4,17,4,0,2,11,5,7,50,49,89,5,269,25,5,78,9,79,21,3,118,104,69,21,10,152,27,55,42,3,120,8,124,165,205,19,16,41,2
"COG2163",48,38,16,71,3,0,17,0,45,43,1,3,45,49,16,30,81,5,0,1,51,0,2,21,0,34,7,0,1,0,0,4,9,1,103,0,0,107,0,11,61,16,0,48,58,6,11,0,2,0,50,11,0,13,0,14,418,19,56,0,2,14,6,9,71,78,73,6,56,0,0,3,165,0,55,26,4,22,1,10,1,3,0,4,3,1,0,0,142,11,73,69,22,0,0,2,2,1,4,17
"COG2164",98,61,89,4,175,90,99,2,80,255,62,113,306,148,154,61,113,108,6,68,49,59,165,89,37,38,54,283,174,119,608,28,99,362,67,401,5,81,214,89,37,119,304,117,21,152,21,1,303,155,52,39,75,288,480,71,297,78,30,35,50,65,58,55,42,58,21,97,43,8,386,110,41,68,60,118,283,133,200,54,178,227,296,1,80,174,8,616,572,533,56,322,77,4,32,5,138,288,35,61
"COG2165",670,788,529,628,2024,1010,670,1054,480,548,525,647,469,570,698,513,526,622,967,412,539,681,1061,640,943,873,1806,1012,820,642,1155,2751,661,1953,496,887,3066,552,739,519,586,1084,692,674,2874,433,652,586,677,2338,265,497,270,243,270,376,406,139,153,192,474,266,305,241,132,148,197,234,132,334,216,825,203,163,171,164,338,205,662,276,251,289,354,204,141,307,128,293,149,203,172,212,220,605,227,421,187,159,1725,180
"COG2166",1858,1958,2048,1454,1316,1275,1720,1913,1526,788,1225,1769,1434,1524,1132,2017,1559,1794,1929,1547,2001,1603,977,1539,1459,1992,2355,934,1747,1767,1203,1781,1807,1215,1681,843,1752,1750,829,1714,1705,1733,843,1529,1559,1427,1317,1793,966,1468,2100,1957,1491,1645,728,2441,1155,1758,1860,1249,1990,1705,1756,1903,1775,1611,1473,1713,1918,2326,840,1463,1927,1668,2052,1730,929,1775,1388,2011,1520,773,955,1820,1688,1550,1396,1119,573,1396,1575,707,1920,1071,1478,2335,1703,1311,1921,1784
"COG2167",9,2,8,0,2,1,4,0,12,1,0,2,6,6,1,1,26,0,0,1,0,0,2,9,0,2,0,3,0,6,0,0,0,6,25,6,0,29,1,1,9,0,1,0,0,2,7,0,1,1,3,3,3,3,1,4,0,7,0,0,0,1,0,7,10,5,1,0,11,2,2,0,2,0,24,0,2,5,5,8,0,1,0,0,6,1,0,0,0,3,3,1,5,1,0,2,4,1,3,1
"COG2168",42,32,65,62,122,47,46,6,72,229,65,32,51,47,158,71,30,28,113,70,47,72,134,63,6,29,68,148,42,47,56,87,110,36,57,134,47,44,196,28,67,25,141,49,116,61,26,4,196,74,29,75,45,63,101,23,34,25,46,91,70,49,27,24,46,59,14,32,68,50,88,75,44,125,30,47,74,28,52,41,51,155,106,29,76,47,3,63,145,56,64,179,26,22,1,63,42,40,23,37
"COG2169",74,117,91,355,1701,77,121,1889,75,345,39,64,185,105,265,98,89,81,750,135,154,127,664,93,2239,593,1051,462,231,70,668,1929,257,857,50,867,1932,96,244,78,379,543,379,359,1649,22,125,1609,369,2145,87,773,101,490,418,326,841,44,56,134,875,155,140,39,48,38,319,173,130,1168,443,1956,190,416,57,106,305,121,1686,329,341,432,731,372,3,266,3254,440,452,153,37,604,83,2428,1556,712,98,212,3752,51
"COG2170",1766,1173,1734,225,913,702,2149,591,718,4386,653,1817,643,1311,2676,1992,1216,1973,279,833,2195,1095,3025,845,349,957,2978,1303,559,1385,818,253,2170,707,817,970,301,1463,3379,1894,1405,1375,2170,1386,319,826,424,399,1200,428,1603,895,926,1543,2003,3308,1590,1541,1084,777,330,923,1429,1279,1454,464,4,1416,2166,511,1300,1512,2467,256,1869,1961,682,2482,802,1199,662,3039,1719,246,860,1271,240,912,3652,790,464,3354,1114,204,341,223,1404,939,111,1902
"COG2171",4639,5479,4690,5009,2815,6361,4275,1923,4797,3055,6503,5150,3334,4066,3697,3816,5022,5049,1903,4840,3498,5778,3248,5407,2488,1758,2228,3177,5900,5461,2773,2264,4284,2972,4869,2972,2168,4365,3177,4840,4850,4310,3046,4650,2861,5100,1795,1619,2735,2665,4493,5234,6090,2727,3458,2261,1381,4858,5158,4939,1804,5229,4979,5393,5092,5008,5453,5018,5040,1437,3135,2932,3548,1324,4097,4719,3127,4214,2943,4131,5698,2853,3045,4978,5722,4484,2938,3375,1936,4023,5318,2501,5505,3295,2208,1612,5222,2968,2294,5021
"COG2172",676,400,660,157,326,375,1218,177,366,512,396,1010,279,405,387,518,451,893,81,535,919,484,358,286,282,338,1204,353,325,722,172,540,790,292,323,275,84,365,515,726,519,403,450,725,272,367,254,433,503,221,656,327,527,672,448,1139,455,798,442,601,32,494,650,494,615,249,108,423,461,265,354,540,942,54,620,941,237,685,183,512,356,420,386,160,489,377,226,123,818,235,253,396,322,781,295,200,780,313,46,566
"COG2173",348,292,347,142,151,196,503,50,201,409,158,401,189,265,271,348,243,419,131,262,550,276,267,167,48,186,617,241,305,365,167,88,498,277,223,182,44,180,261,297,265,318,256,328,102,166,79,99,302,139,1084,556,685,988,499,2065,1064,1077,843,647,251,686,928,959,976,550,235,647,796,494,719,808,1484,238,891,1223,1031,1068,333,1019,588,630,821,471,312,537,309,416,1091,557,522,975,709,244,167,341,985,690,59,954
"COG2174",20,8,5,23,1,1,7,0,15,31,0,0,14,23,6,16,24,1,0,3,29,1,0,9,0,12,3,0,0,0,0,2,4,0,39,0,1,44,0,2,22,4,1,17,33,0,6,0,0,0,11,11,4,8,0,2,168,6,16,0,0,2,3,5,28,24,18,1,22,0,0,0,57,0,33,5,0,13,0,3,2,1,0,0,0,0,0,0,87,2,26,38,13,0,0,1,2,2,5,12
"COG2175",12059,11542,11456,9459,6736,14339,12374,4945,14048,5534,16179,11758,22454,15624,9484,11637,12745,10594,2640,14941,12370,13801,10290,13475,4181,3848,6441,12425,10447,13251,12315,1034,18092,4070,14647,10212,1986,12220,11243,12317,12030,13167,11258,13566,683,14007,4960,4322,12627,6369,9742,8924,15443,13778,9272,6042,1020,11764,13110,15049,2917,12355,10965,10553,13240,15215,5293,15171,13581,1845,11251,7942,12676,2151,11793,13400,11134,11799,6117,10676,12838,10600,9697,7251,12744,13838,2163,15322,4407,19068,15299,5281,10372,1580,4076,2111,13288,11190,814,13398
"COG2176",441,364,415,434,1019,159,347,333,782,965,486,289,1477,727,759,1105,702,508,1289,1227,679,382,752,446,705,1023,802,1118,145,256,1670,417,299,2373,672,857,674,1104,1006,521,471,1168,929,200,534,1402,3203,645,1456,403,509,276,214,1650,652,204,2473,536,524,576,1151,253,625,408,520,660,28,1178,943,526,1142,667,398,2069,460,214,1234,932,684,479,243,709,858,485,991,1751,391,1027,3371,877,628,1713,242,556,390,635,402,1444,303,795
"COG2177",1539,1978,1339,2445,2177,1068,883,1888,1719,1810,1240,1080,1408,1297,1581,2085,1460,1319,1423,1831,1307,1597,1643,1316,2611,1045,1947,1525,1624,1200,1969,2398,1126,2184,1700,1527,2069,1730,1408,1417,1669,1978,1523,1094,2888,1706,812,1752,1744,2316,2051,1781,1064,1552,1397,1807,2236,1400,1882,1085,1411,1638,1877,1802,1513,1762,2607,2057,2024,1430,1381,2246,1086,1000,1394,1159,1688,1546,2133,1933,1000,1540,1874,3414,2922,2164,3054,1370,2789,1685,1582,2176,1928,2837,2212,1173,1196,1266,2700,1453
"COG2178",317,276,331,100,735,110,151,1,631,172,422,160,553,514,886,336,466,334,175,631,230,232,872,256,0,271,53,1299,122,136,812,345,317,2206,466,1705,116,452,1272,319,301,255,1667,97,79,907,230,0,621,294,267,138,154,283,3013,30,459,286,316,247,196,58,535,378,312,269,0,319,616,11,1708,207,278,179,326,247,712,255,921,88,58,1909,1601,94,697,247,0,879,550,674,285,670,307,2,0,118,320,1068,48,263
"COG2179",600,343,513,56,64,251,982,0,131,117,239,659,97,235,142,211,298,755,20,201,752,340,80,157,0,238,754,94,201,527,156,3,660,6,116,92,16,273,83,480,311,251,76,600,1,42,39,2,136,51,548,186,315,362,42,1488,6,541,293,354,10,304,425,421,453,43,0,135,181,121,88,220,811,2,538,796,82,364,57,337,259,88,82,34,6,89,0,25,26,93,60,16,294,0,0,24,533,67,9,300
"COG2180",4,13,0,98,125,5,3,55,2,3460,3,0,3,2,1143,1,2,12,17,0,22,1,1215,35,123,49,154,8,11,1,60,170,2,42,0,94,138,2,933,0,7,24,158,9,165,1,15,56,10,152,5,6,2,16,95,90,1098,1,2,6,73,5,10,8,0,0,1,12,9,28,8,692,2,17,2,3,2,3,53,25,9,1056,20,87,0,51,63,101,1845,12,0,2196,1,183,32,28,5,6,737,0
"COG2181",96,107,123,644,272,85,104,68,209,5491,170,78,97,76,2155,204,94,65,44,136,113,132,2075,215,113,96,171,548,105,120,150,178,166,161,135,323,171,110,2040,88,149,94,1027,113,235,160,53,21,584,328,54,184,152,91,528,130,1478,74,178,174,97,148,70,42,164,275,113,75,222,29,309,972,98,60,88,85,447,56,232,94,115,1932,426,584,126,115,69,248,3024,103,270,3725,84,160,48,58,120,111,704,108
"COG2182",887,899,845,163,404,337,448,53,751,359,845,572,464,409,483,284,1185,1047,406,286,180,712,243,580,562,381,373,454,470,460,409,550,389,404,387,608,250,966,314,929,612,449,601,306,287,693,598,116,555,285,902,1008,539,306,414,252,246,928,324,585,216,349,1259,1148,507,320,164,319,461,425,616,416,153,80,864,458,1119,584,429,473,585,208,494,153,1535,487,465,228,477,703,333,484,808,411,145,273,1102,364,290,365
"COG2183",341,296,198,997,3550,109,319,4435,304,468,57,170,451,479,408,327,735,295,2157,297,512,202,1315,280,3262,1538,2250,1214,220,84,1325,4405,320,4491,509,1826,4230,630,357,271,848,1253,635,505,4702,103,359,2413,874,4018,421,1469,91,1010,822,929,1875,223,246,204,2477,146,492,137,334,313,836,327,429,1658,844,3281,880,1308,600,295,1305,473,4033,747,377,727,1673,824,61,486,2605,904,604,290,382,965,67,4363,3904,2034,248,665,6778,156
"COG2184",15,18,1,9,172,21,4,421,16,102,5,12,6,6,36,34,1,22,276,6,6,5,66,6,240,88,180,44,28,11,137,315,5,32,4,138,146,17,26,9,30,62,53,102,162,1,37,285,24,83,26,207,13,46,66,113,197,0,1,33,224,10,10,4,1,1,7,17,17,177,131,735,9,207,0,8,24,34,108,34,14,39,155,11,2,45,172,122,236,14,0,111,3,350,218,115,13,87,780,9
"COG2185",4983,4430,3520,6645,4343,2656,4205,6322,5438,5423,3065,3478,5881,4756,5531,5781,5602,4035,1408,2712,4584,3311,4948,3681,5881,846,3513,5588,4573,2813,4155,2654,3943,7417,5572,5831,533,5773,5778,4052,3993,4072,6418,4336,1344,4180,1203,5513,5933,3269,5597,3859,3112,4542,5021,5788,2400,4452,4697,2967,1087,4561,3424,4614,3895,4849,7535,4115,4901,1930,5862,4231,3553,1079,4158,3992,7370,3739,3262,6018,3808,5304,5488,7607,3478,3816,5644,4549,5218,5427,4897,5226,4253,6065,6209,2389,3754,5456,783,3588
"COG2186",333,525,698,1705,3725,227,701,4966,428,2102,226,236,803,535,1621,321,915,399,1861,350,479,424,2585,881,4222,1337,1909,1564,722,193,1234,4384,628,1969,343,2408,3128,533,1950,481,731,1451,1744,905,3139,140,600,4627,1589,3580,291,1621,236,1050,1089,783,1426,452,342,339,1854,618,846,549,304,337,1519,492,453,2019,1787,3350,475,1679,919,566,1472,374,3291,951,1328,1928,1819,1555,135,496,5868,1181,1783,454,305,2150,339,5680,5122,1840,524,746,5986,235
"COG2187",47,27,21,16,820,20,154,1004,156,580,24,44,274,118,400,241,214,93,793,35,94,50,485,88,492,315,564,528,87,30,263,888,132,1282,86,839,616,63,546,89,52,324,619,134,623,137,46,1041,535,545,81,19,24,410,391,378,187,78,33,65,461,33,145,44,37,25,11,68,164,289,544,347,65,773,75,72,696,101,379,107,229,336,558,12,7,151,338,223,298,86,30,405,28,339,553,858,86,445,220,65
"COG2188",428,631,530,3042,1275,293,536,2165,658,936,161,343,556,577,1306,269,496,421,1219,303,506,1710,2029,741,2296,724,626,1070,1899,344,657,2675,1509,815,552,874,2060,344,1146,340,602,669,1167,744,1650,159,241,4055,1034,1580,641,1584,310,539,1018,834,923,292,729,158,923,859,510,569,476,1169,2927,303,356,1009,835,680,430,978,757,573,1327,224,1227,896,2503,1889,1147,2988,191,260,1550,272,669,409,1110,957,623,2668,2283,1163,447,297,1724,311
"COG2189",757,570,816,963,1625,633,466,1850,385,698,632,329,562,539,643,648,568,840,2842,417,405,381,1396,779,2763,3027,1535,694,411,617,1591,1590,414,1115,576,1077,3548,1157,550,1002,1412,1241,582,977,1876,572,4790,4298,435,1081,778,634,649,886,891,1205,3935,631,444,939,5413,371,985,639,593,380,351,906,1337,2420,647,759,579,2205,828,614,183,1046,810,643,315,778,1059,913,791,1202,6259,1018,2405,1110,392,1829,543,4070,3201,2114,744,672,1409,979
"COG2190",2,1,2,2,128,0,1,4,0,6,1,0,1,6,4,3,2,0,19,27,17,1,37,1,59,44,77,15,3,1,60,50,2,143,0,36,24,2,12,0,81,58,8,3,27,1,7,6,18,33,1,33,0,9,8,19,63,0,3,0,139,1,17,4,1,0,23,9,2,29,7,39,18,34,2,2,14,2,381,28,10,7,100,3,0,26,42,20,17,3,3,69,0,9,9,99,1,4,216,3
"COG2191",13,0,0,0,0,0,7,0,0,39,0,0,0,0,6,0,0,5,1,0,0,0,1,2,0,1,3,8,0,0,1,0,0,0,0,3,1,0,11,1,0,1,0,0,4,0,0,0,17,5,4,0,0,0,0,27,25,0,0,0,0,0,0,0,0,0,0,5,1,0,0,2,0,0,1,0,2,1,0,0,0,3,0,0,0,2,0,0,150,4,0,80,0,0,0,0,0,0,0,0
"COG2192",7123,9964,20995,6298,4082,6969,12967,22014,8401,9257,12169,8944,7708,9019,8903,28840,11655,9652,42803,9404,6385,8702,5700,19277,16862,34909,7173,6629,7718,7730,8876,12536,13037,5729,7407,6452,24848,25035,7056,13738,11080,9946,6775,9074,5458,9349,91203,32028,5552,2613,6738,12692,7167,6313,9640,5477,15711,11521,8191,10492,43821,15177,13226,8001,10240,6658,5008,15302,20841,40802,6809,3399,8020,34637,24303,10787,5544,13467,3801,6376,8325,7415,5847,4455,7592,9758,12011,10046,8327,8137,6283,7425,11279,1810,14509,42195,13375,7625,1274,15441
"COG2193",1062,1046,833,944,1462,1286,738,1656,1075,467,900,901,941,994,599,1016,896,848,1007,1021,967,758,553,1043,1788,633,1475,453,1007,1096,1447,1795,812,1288,872,654,1450,1012,282,800,949,1210,389,940,2615,1097,393,1561,510,1490,959,1139,1125,1298,407,1054,745,729,888,1027,944,985,1086,1050,810,1098,846,1133,1032,906,318,1133,799,706,712,885,443,850,1603,1085,790,383,580,969,1170,1516,1252,971,405,1253,1049,503,1034,2528,1619,1286,961,756,1921,930
"COG2194",69,166,163,934,2479,64,24,1333,146,443,65,73,57,219,689,104,37,53,1231,349,226,85,1627,71,830,1188,1428,1164,134,115,944,3481,97,1217,69,750,4889,107,756,54,641,780,1131,152,2194,49,350,737,833,2547,65,796,52,515,962,271,1156,66,295,158,1446,260,125,56,155,426,2443,198,194,1348,531,2146,295,477,29,173,748,172,2411,445,169,1114,1133,974,67,586,496,456,480,134,354,969,107,2468,385,1234,82,193,5925,69
"COG2195",681,922,338,2278,761,579,423,1730,695,795,248,548,1218,745,885,732,480,611,457,301,570,598,834,500,300,264,664,1004,847,629,1449,469,519,582,601,1123,223,300,899,561,564,730,813,566,292,536,273,1730,1415,947,329,215,210,534,160,411,318,173,272,84,180,311,231,315,231,170,1133,173,159,65,454,284,110,46,163,214,587,331,231,307,136,236,445,1087,139,185,125,525,317,319,222,303,339,233,67,140,177,526,165,192
"COG2197",2768,1868,2447,3740,9825,1161,2415,7544,1281,3024,763,1782,1338,1797,2501,1486,1601,2168,6129,1263,2888,1846,4923,1700,8081,5079,7739,3536,2534,1430,3734,12489,2537,7112,1099,4291,11716,1617,2477,1872,3072,3800,2771,2630,10766,589,1122,5854,2613,11078,2167,4823,1113,3763,2749,6508,5945,1560,1857,1302,6203,1981,2487,1897,1666,826,4310,1735,1681,5919,3176,10689,3540,4147,2718,2115,3474,3260,10065,3043,2992,3467,6119,3829,557,2202,10206,2740,3863,1406,1012,4219,1455,10596,7496,5263,1562,2112,17874,1725
"COG2198",145,327,222,200,5273,64,15,3132,65,351,37,106,108,130,391,190,46,145,4017,475,278,7,1759,50,882,2151,3757,1195,168,111,2594,6181,113,3190,41,1532,6944,313,384,113,1054,1325,601,325,6372,25,294,2143,516,6634,51,2572,36,1164,1107,937,2707,22,79,248,3155,47,210,47,77,17,75,467,320,2281,446,5103,456,2701,50,65,313,264,6944,864,60,1090,1359,175,5,865,465,1116,587,239,31,1116,29,1353,524,2826,161,408,12808,64
"COG2199",2022,3051,1690,1680,46634,1003,654,30202,1084,3971,484,767,2318,1606,4565,2482,625,1882,32701,3624,3445,479,19111,635,40333,19738,31478,12263,1857,940,17947,60039,1540,32190,736,17206,65732,2669,4546,1360,6698,15391,7922,3389,62686,681,3822,19336,7326,61273,1653,17341,679,12138,10605,11492,25184,450,395,2371,32417,660,2757,880,545,394,2330,4103,3597,25842,5892,37710,4098,22439,774,721,3249,2630,44570,8068,1528,10249,18281,1738,667,7544,30845,9295,8989,2677,529,9781,368,33745,24371,32164,1543,4471,94485,1021
"COG2200",961,1343,684,1213,21655,573,351,20622,430,1103,250,424,1125,934,1951,1162,267,933,15294,1315,1762,280,7862,283,19953,8844,13671,5465,1069,529,8503,27074,902,13298,301,8385,28290,1151,1686,587,2722,6518,3372,1634,31009,220,1758,18059,3593,26549,814,8484,394,5391,4696,4996,11332,179,204,1020,14385,356,1250,479,291,164,888,1735,1482,11720,2469,10876,1756,11151,408,505,1269,1038,20690,3872,722,4443,9001,1255,115,3033,14068,3233,2849,1346,248,3748,197,15686,14338,14435,796,2015,34583,422
"COG2201",118,110,69,99,1442,69,166,1409,158,200,42,109,141,141,220,127,177,161,793,206,165,120,652,81,1159,480,981,524,172,66,622,1785,133,2100,62,599,1754,122,299,97,454,379,340,233,2999,43,146,922,296,1507,532,1175,233,1065,1047,1416,2635,243,164,245,2684,260,469,192,248,117,163,485,435,2132,968,2909,563,1830,384,307,908,704,8533,1078,784,1223,2038,255,98,715,2523,1109,711,419,136,1520,143,5290,2671,3966,354,1278,7541,233
"COG2202",3642,4026,2175,3652,53395,2378,1466,58593,1959,9943,761,1787,3504,3071,6230,3349,1715,3569,40335,4027,4319,1278,18902,1424,54245,21017,35841,12986,3905,1934,17753,75077,2694,50358,1375,18677,66140,3572,5446,1924,8463,15429,9407,5648,78672,799,5322,49103,7975,61070,4744,15835,1617,13688,13089,17273,31576,1027,979,3220,36017,1992,3634,2034,1131,834,3581,4791,4085,33308,6683,38194,5360,31929,1730,1927,4631,4144,51693,9635,3300,10682,20919,3661,600,7701,43628,10193,14134,3822,1100,14384,1107,57180,43650,42359,2792,6713,93840,1353
"COG2203",2393,2355,1983,1150,11943,2254,2893,7581,1315,1319,1440,2815,1363,1994,1886,1393,1651,2998,7336,1247,2905,1840,5743,1716,11980,4922,8266,3175,2560,2636,4099,16514,2222,12193,921,4120,16486,1378,1395,2245,2705,4697,2504,3635,15808,580,1329,5407,2049,17078,2486,4717,2062,4511,2740,6451,6136,1864,1310,1625,7423,1717,2202,2140,1690,676,961,1547,1360,7934,2688,5688,3212,4765,2086,3916,2128,2644,7883,4191,2396,2800,6211,1071,462,1662,12351,1838,2562,1517,683,2351,1545,16124,7503,8191,2507,2297,16553,1759
"COG2204",10365,11682,10155,15618,23822,13064,8915,29044,11475,18331,9799,10693,11038,11231,13458,10855,11056,10698,13161,10735,9408,12484,15832,12268,20233,9458,15508,14777,14647,11382,15171,23163,10190,31277,10146,16453,18698,9533,13855,10517,11214,13202,13675,11214,25905,9348,4170,17871,14834,22231,11690,13014,12090,12894,10365,13524,12899,10190,10622,10563,13122,13075,11628,11266,9995,11246,15731,11304,10110,11401,13519,19234,9060,11443,9421,10157,17231,10421,21804,13207,14668,13213,16377,16938,10460,11124,16355,13387,17839,11841,10772,17509,11664,22334,15113,14188,10069,12818,26857,10207
"COG2205",799,49,551,27,1200,24,125,455,70,81,19,36,61,92,399,71,470,73,1002,16,56,37,628,570,453,1089,784,1078,83,16,415,1556,37,1011,137,1173,1371,77,676,108,124,274,1205,114,1949,22,249,588,913,1295,111,254,15,255,711,1159,514,146,12,114,974,19,454,31,44,11,23,87,61,814,1067,2271,83,842,678,114,1408,119,1070,117,121,546,954,31,26,220,641,360,263,173,10,389,7,550,233,1401,67,264,3221,29
"COG2206",811,681,614,274,7249,230,598,5029,909,3889,378,444,1574,694,1819,1584,877,807,4039,1599,1208,446,3375,639,3938,2682,4680,2577,341,280,4042,6098,621,9325,744,3283,6925,1305,2351,728,1197,2731,2675,774,7286,1220,878,2709,2846,7136,883,2219,255,2460,2022,2638,5648,676,365,915,4185,178,909,369,502,662,206,1393,1376,2807,2045,6780,836,2955,609,223,2077,1176,5893,1386,450,2401,3749,273,973,2598,2243,2286,6476,1413,680,4998,395,7907,2883,4594,436,2008,12864,886
"COG2207",2879,3105,1953,7039,18732,1969,909,28105,1930,1846,844,1452,1383,1648,3414,2005,1249,2014,16722,1537,2119,1849,7804,1986,18990,8151,14543,4435,3475,1667,7843,29075,1300,12216,1457,9587,14958,1545,2888,1584,3453,4594,4269,2943,32836,742,2633,26729,3857,16085,2677,5907,1586,4720,4386,11024,10361,915,1988,2039,16766,3560,3271,2146,1367,1367,8055,2311,1972,11005,4266,18311,2389,16339,1934,1382,5398,4246,24757,4742,2555,4783,13071,8345,1327,2928,15294,5084,1521,2028,1483,4345,1985,37573,19038,18514,1613,5378,32588,1256
"COG2208",5831,4648,3642,4283,4472,5845,6688,6003,3282,3052,5830,6655,3781,4939,3912,4807,5618,7548,3845,5809,6170,4427,3800,3552,2377,3082,7403,2746,4914,6898,3668,4337,4857,4927,4599,2948,3853,5935,3260,5816,5195,4640,2550,6980,6358,4365,1555,4653,3097,3910,6549,3962,5890,4943,3513,11113,2601,6291,3559,8560,2912,5102,5638,5480,4553,3989,3622,5543,4913,2574,2422,5552,6383,3840,5836,5783,4306,5872,4173,4959,4929,3548,2867,3622,6150,4071,3170,3759,2486,3733,3778,2690,3356,3137,1617,9196,7159,3252,6540,5296
"COG2209",447,575,329,638,323,547,235,201,350,231,347,382,241,264,331,429,274,371,183,420,370,477,229,369,140,126,417,194,523,488,315,372,233,380,395,179,330,307,161,313,385,349,143,353,480,342,133,79,236,363,1661,1265,1505,939,540,1422,697,1017,1493,1032,628,1538,1432,1612,1101,1389,2079,1205,1088,521,433,1067,863,471,734,956,812,1105,1144,1514,1008,634,724,2436,1723,1636,203,869,418,1037,1436,662,1712,924,344,717,945,836,1700,1125
"COG2210",57,39,31,272,202,51,84,137,87,1154,26,32,183,64,644,104,237,49,23,24,39,39,780,118,93,26,35,570,14,37,127,5,116,151,45,309,9,21,773,44,61,60,569,39,51,26,6,171,504,165,46,71,22,90,433,54,730,54,84,15,3,30,104,25,30,116,89,38,74,29,391,292,43,6,89,27,301,43,177,31,18,776,447,289,18,30,50,236,1369,106,150,1178,18,64,101,110,43,216,23,32
"COG2211",7075,7599,6114,10991,3631,9693,8273,4678,5780,2943,6396,8254,5485,5954,3966,4902,6139,7486,2025,4611,7610,7450,3385,7179,6588,2474,7429,3009,8269,9304,3467,2957,7866,2474,5879,2491,3384,5116,2845,6518,6813,4717,2839,7585,3478,4538,1720,2983,2400,3350,7261,7189,8614,4959,2728,8381,2689,6386,7116,6111,2148,9332,8054,7798,7114,7087,7250,6148,5258,3381,2328,5667,7373,768,5964,7523,3190,6308,5185,7440,6885,2804,3337,11638,4620,5373,8218,3242,3027,4834,7373,3404,7569,1393,6451,2431,6321,3668,7430,6731
"COG2212",11,12,2,3,184,5,3,141,8,5,2,6,7,13,25,13,5,3,157,10,16,1,99,0,233,72,108,36,10,3,36,215,7,168,1,151,157,7,22,5,8,82,76,26,168,3,13,179,51,163,12,22,3,42,54,82,65,0,1,18,169,4,19,8,0,1,12,8,16,94,55,63,10,165,1,5,19,24,215,36,8,31,90,3,2,15,127,18,8,12,0,19,4,601,205,161,7,22,59,3
"COG2213",718,784,889,407,29,298,498,1,631,23,1120,473,333,446,277,626,1133,807,468,655,128,459,32,680,285,396,64,34,292,316,284,86,329,52,721,173,256,1076,36,902,699,501,130,363,11,921,576,9,13,22,726,792,411,164,165,84,9,782,534,805,359,289,1252,844,671,439,3,933,1430,272,128,56,228,235,856,559,13,592,20,218,112,18,80,404,1483,455,2097,237,16,486,480,59,630,1,522,235,954,138,181,646
"COG2214",5164,4296,5592,3969,2482,4648,6046,4215,3831,3983,5111,5795,3815,4919,3322,4261,5026,5310,3340,4157,6123,5059,2404,4720,4095,3741,6372,2722,4885,5618,3545,1852,6585,1755,4272,2930,1943,3848,2635,5428,5087,4355,2477,5777,2002,3948,1668,6421,2846,2543,4619,3973,4954,4987,2042,6875,2612,5619,4595,5169,2140,4572,5047,4877,5408,3858,3868,4076,3943,4291,2601,3112,7210,2217,5513,6442,2272,5568,2427,4787,5561,2322,2545,3642,3802,3454,3903,3075,3497,3572,3803,3475,4446,2540,3334,3678,5499,2642,2213,5537
"COG2215",172,99,163,262,206,42,58,208,136,63,69,47,231,67,135,292,117,71,276,118,88,74,181,130,259,120,199,149,49,112,168,382,87,122,101,213,202,207,154,62,64,157,132,54,527,126,83,321,191,132,156,110,77,123,103,289,72,67,169,61,177,90,112,55,74,118,181,167,216,153,89,109,57,284,87,52,108,98,121,106,46,119,190,244,250,242,272,124,69,209,127,75,167,881,282,394,55,192,95,131
"COG2216",1,1,0,0,50,2,0,4,0,1,5,0,1,1,2,7,2,8,104,0,3,0,10,0,66,40,10,13,0,2,2,112,0,17,0,31,33,1,2,1,4,4,27,9,126,1,33,23,19,10,13,14,3,45,69,5,27,0,0,51,158,6,4,4,0,0,1,8,5,306,53,28,0,483,0,8,19,17,16,22,1,2,41,2,0,13,314,6,1,5,1,14,1,28,70,424,30,76,18,0
"COG2217",6985,5925,6720,3936,21152,3351,7579,30671,6125,11060,3564,6232,7126,7194,8779,7817,6581,7830,12154,3947,9196,3850,13213,4022,29630,8216,18151,9084,3928,4747,9723,22889,6988,16785,5914,14060,17298,8146,7993,7141,10242,9153,10078,8704,25691,3599,3649,27634,8233,26479,8483,9747,3870,11108,7284,15308,13408,6096,5281,5284,11519,3624,6908,5741,6255,3808,2885,5433,8121,17673,10995,13401,9968,9599,7603,6650,6973,8790,16376,9239,3168,8993,13437,3556,4689,4435,43805,7548,10507,5357,4265,13256,4075,39231,30560,11168,6998,10380,24110,5943
"COG2218",195,196,459,146,149,194,180,320,410,176,204,116,199,307,399,691,336,166,59,311,420,126,359,451,70,72,96,424,276,214,203,12,123,142,362,250,25,429,503,205,355,124,413,148,11,217,78,0,428,143,348,235,234,142,394,187,59,142,259,131,42,243,157,192,377,313,70,192,553,22,366,225,241,53,189,203,327,146,180,429,194,329,378,87,217,120,17,359,247,205,293,192,187,143,78,66,236,806,48,281
"COG2219",507,408,479,304,1200,62,348,2,1471,342,117,299,1753,1179,1774,1729,891,326,153,1029,1429,16,1662,353,0,158,520,2469,39,188,1632,420,417,3868,1583,2862,35,1386,2352,433,736,570,3173,234,62,1258,245,0,1509,493,876,594,151,943,5227,245,178,506,1030,154,145,183,181,292,744,1031,295,385,1432,114,3112,491,1049,165,515,150,1911,481,1539,1117,17,3240,2845,122,273,362,0,1846,581,1524,1062,997,260,11,0,144,329,2881,197,521
"COG2220",6305,6481,7211,4386,5634,5846,7939,1755,5890,5014,8266,7917,4765,5989,5557,4915,6940,7930,3353,7272,6665,6466,5503,7311,2495,3966,5768,6101,5684,6758,5052,4270,6045,6446,5598,5644,5441,6043,5674,7686,6231,5821,4965,7102,3837,6460,3626,2146,5191,7189,6462,4800,6346,5986,5766,6896,4674,8123,6156,7964,3301,6398,7215,6374,6714,6046,4804,5872,5248,3458,6019,6821,6924,2220,6551,7850,7529,6571,4559,5501,6492,5196,5927,3843,6085,5869,3084,5305,3846,5347,6120,4467,5729,3484,2286,3305,7974,5284,7928,5918
"COG2221",275,358,527,372,276,211,341,305,569,2261,586,292,320,324,1221,454,262,224,237,494,242,558,1025,611,102,374,43,938,318,354,226,58,677,157,412,526,278,563,1533,298,588,168,973,492,31,440,810,341,1001,398,184,854,296,155,544,76,203,260,409,619,259,404,231,254,562,337,130,320,526,763,573,527,327,264,387,311,356,209,275,221,389,1045,646,141,441,224,105,443,1643,285,453,1869,360,4,17,378,391,335,19,312
"COG2222",283,336,186,440,589,351,153,160,341,119,155,236,333,243,225,363,256,203,139,414,335,223,351,186,412,169,433,409,234,269,298,541,266,287,275,366,760,217,228,245,253,345,299,184,496,278,112,324,216,993,235,232,336,288,341,128,267,215,378,157,426,319,174,292,261,357,227,256,282,226,287,1045,230,61,307,165,190,279,287,353,254,270,463,455,198,453,766,364,227,328,350,254,337,55,105,305,267,219,1875,309
"COG2223",1169,216,1151,763,1439,826,1652,1160,267,11315,134,1678,334,481,4998,377,890,553,705,84,1261,333,4535,1140,1048,1477,1673,469,329,394,1108,1805,185,642,635,1312,1447,201,3581,706,409,400,1523,1232,2775,59,342,987,562,1449,117,424,1364,712,629,2083,5169,636,413,601,922,254,835,506,432,214,255,295,221,829,428,3945,1818,472,1402,661,468,474,1443,579,603,3955,803,609,9,311,779,777,8677,343,262,8573,218,1979,433,494,1196,216,4766,288
"COG2224",4606,5601,5217,5342,4240,6860,3938,1749,5346,6933,7116,4698,3053,4146,5916,4611,5667,4945,2755,6420,3765,6621,5874,5923,3144,2612,2494,4432,5813,5744,3211,7161,4647,3099,5377,3996,3354,5222,5521,4560,5463,4487,4611,4705,6066,5792,2334,1451,4068,4052,4527,6612,6544,3012,4884,2217,8118,4701,5722,6873,2932,4972,5889,5832,5664,5759,4157,5529,6243,2061,4072,3968,4031,2575,4180,4532,4520,4172,4226,4087,5291,5585,3994,4486,6751,5105,3925,4108,6164,3973,5902,6362,5952,2456,2099,2090,5262,3615,3656,5574
"COG2225",8414,9755,8396,8942,5759,11558,7599,3183,9485,9032,13352,9487,7628,8836,7640,7187,9643,9110,4023,11352,7347,10810,7191,10379,4747,3987,4597,6172,10069,10117,7471,5044,8225,4013,9680,5952,4675,8018,6541,9188,9353,9740,6000,9743,5572,10599,2969,3000,6102,5872,7909,9346,11365,7234,6469,3942,5586,9783,9405,13147,3937,9893,9402,9231,9647,11252,8753,10066,8516,2725,6359,5834,7511,3685,7248,9592,6147,9021,6275,8255,10693,6443,5812,7319,10648,10417,5776,8323,7658,8110,11232,8205,9893,6274,3383,3263,10349,7267,4891,10214
"COG2226",7593,7618,7176,6525,5165,8301,8258,3958,6917,7685,8172,8454,6435,7275,7595,6360,7149,8623,2643,6974,6453,7395,6328,7127,2868,2660,5474,7355,7385,8458,6570,2938,6346,6497,7007,7600,2497,6518,7455,7904,6553,6184,7555,7915,3140,7102,2128,2710,6671,4466,8509,5095,8553,6626,9028,7960,5187,8174,7006,8562,2071,7487,7423,7828,7158,7745,6221,6602,6606,2103,7756,5344,6548,1478,6218,8228,7162,6806,5248,6748,7846,7682,6726,6954,7079,6628,3106,6396,8370,6723,7316,7485,7350,2889,2870,2294,8249,6896,2854,6950
"COG2227",4974,5027,5212,4609,3122,6356,4864,3485,4112,4136,5866,5502,3353,4507,4015,4625,4568,5470,3449,5173,4922,5277,3706,5388,3224,4490,4721,3283,5541,6000,3928,2976,4977,2368,4538,2879,4822,4538,3515,5286,4893,4736,2829,5165,3501,4184,6898,2524,2921,3580,4870,3813,6065,3757,2935,4567,3440,5186,4583,6016,6087,5462,4698,4834,5017,4901,5658,5037,4312,3374,3031,3245,5191,1863,5263,5794,2655,5098,3282,4673,5678,3579,3120,4334,5083,4511,3439,3854,3660,3887,4728,3445,4889,2793,3240,2911,5608,3228,3725,5492
"COG2229",4,25,0,0,1,1,0,21,4,2,1,0,0,16,1,4,0,5,5,0,0,1,0,0,0,4,3,9,0,1,11,105,0,84,0,8,13,5,3,0,4,5,10,0,7,2,0,0,1,28,4,0,1,1,12,19,7,0,5,9,6,4,11,1,2,1,3,1,14,7,1,5,9,3,0,12,10,0,16,1,0,14,2,0,0,5,0,7,0,4,0,5,1,28,0,4,2,0,8,0
"COG2230",8831,9588,9772,8225,4218,13620,7529,6858,10007,4879,13793,9745,9084,9988,6115,8503,10209,9291,3576,12697,7578,11036,5429,11162,6726,3846,5233,5427,10660,11459,8626,4164,8259,3010,10109,4404,4131,9461,4688,10198,9113,9472,3713,9865,4031,11792,3089,4615,5617,5183,8433,5523,13331,9234,5038,4510,2937,10452,8967,14264,3794,9025,8994,9123,9853,12245,7257,10813,8715,2957,4896,4727,8045,3068,7983,9872,3052,9976,4096,8280,12210,4247,4914,5866,11125,10414,5196,9453,3073,8986,11505,3799,9643,8069,5728,3169,10949,8456,3875,10373
"COG2231",41,6,4,0,96,0,4,0,34,488,1,2,229,70,87,55,6,9,9,34,27,6,70,15,3,13,34,176,13,1,245,27,11,16,15,246,5,5,93,17,21,36,77,1,16,60,1,0,233,134,15,5,1,204,62,65,143,9,7,0,38,1,19,6,16,11,0,51,41,0,182,68,10,16,18,2,131,28,73,10,22,54,123,0,3,5,3,326,615,129,9,478,1,0,1,126,1,276,28,11
"COG2232",121,118,211,125,46,214,76,491,148,125,190,61,55,156,92,133,116,50,40,197,84,143,73,220,82,54,64,108,274,168,87,3,80,42,149,70,22,119,116,94,178,82,102,105,1,160,45,0,105,48,33,39,48,57,20,36,0,32,38,51,13,70,33,32,57,38,23,45,33,0,32,13,52,17,38,54,35,19,18,37,65,27,12,18,62,29,6,46,40,46,43,36,33,67,43,11,34,33,4,44
"COG2233",1229,2463,2353,1980,3429,334,1560,755,1622,3178,1178,379,1093,1606,2913,2045,2267,833,1912,1643,1297,615,3425,2853,946,1452,1749,3384,622,443,1850,3380,1035,2317,2048,3016,2730,2110,2985,1674,1686,2128,3304,730,2217,1254,714,1447,2968,3347,1373,1996,279,1103,2914,860,1291,1463,1574,418,1834,823,1722,2082,1599,1546,1414,1988,3156,990,3273,2597,1481,2098,1931,1355,2974,1155,3921,1611,826,3090,3088,1510,1122,1740,718,2312,2304,1309,1693,3798,2198,3512,837,1859,1077,2024,3305,2137
"COG2234",6438,7896,5116,8374,12127,3677,3316,8602,7433,11549,3461,3828,7046,5853,10479,9968,4847,4527,3968,6075,7476,4613,12150,5055,8152,3535,8882,11518,5920,4371,8145,8885,3407,9378,8101,8361,10672,6958,12336,4111,7266,7794,10914,4134,8867,5373,1975,7650,12517,14590,9543,8705,3527,7144,8397,7054,16597,4696,8047,4251,5489,5721,5103,7249,6066,6448,11079,6694,8581,6512,10304,14096,5367,1795,4285,3003,12469,5993,10518,10015,2661,11281,13088,13037,7562,7876,10380,9622,20540,6907,6987,14560,7268,3213,6423,4904,3008,12409,19209,6047
"COG2235",137,41,23,118,232,37,28,198,100,67,12,23,149,151,189,205,43,113,481,200,186,64,255,3,386,174,843,255,31,13,518,600,40,284,116,308,386,179,377,77,73,268,267,17,658,290,33,50,383,283,74,13,10,158,81,91,44,23,25,15,96,9,17,7,20,32,2,78,80,122,57,80,21,170,12,8,52,102,54,30,12,85,63,56,25,215,231,73,27,85,41,44,27,175,322,111,21,111,84,76
"COG2236",2837,3392,3354,2474,1773,3196,2375,1191,2999,1974,4304,2876,1997,2648,2545,2410,2920,2779,3139,3468,2166,3148,1983,3408,822,2478,1431,1824,2898,2813,1620,3092,2819,1209,3075,1626,1947,3338,1964,3083,3189,2793,1697,2869,2480,3483,4198,2352,1666,1435,2645,2613,3247,1652,2360,899,3462,3129,2882,3579,2575,2969,3321,2935,3150,3434,1620,3259,3198,3541,1637,2526,2374,3672,3015,2948,1693,2653,1515,2287,3171,1972,1462,2089,4004,3084,1065,2131,1147,2539,3374,1473,3523,105,483,2536,3172,1698,2322,3386
"COG2237",453,372,519,228,894,56,306,1,1342,282,112,231,1395,1066,1481,1347,791,311,108,900,1343,14,1403,414,0,138,516,1763,40,164,1515,435,333,3113,1411,2213,40,1113,2070,364,589,578,2714,219,59,1278,186,0,1180,361,702,641,115,862,4045,221,184,439,808,158,148,188,187,351,638,879,240,369,1068,83,2385,382,763,166,408,99,1347,431,1261,1011,4,2744,2155,89,282,381,0,1594,537,1531,914,778,253,15,0,107,330,2421,208,532
"COG2238",164,142,186,98,343,22,129,1,550,187,43,105,708,463,604,616,323,120,41,354,552,8,528,148,0,46,224,687,15,78,516,120,106,1022,625,720,14,500,761,142,245,261,967,95,231,540,264,0,484,133,276,235,66,391,1503,86,1460,181,359,54,47,83,78,123,272,326,57,157,554,46,844,167,370,60,168,33,499,182,443,382,3,900,801,39,97,160,0,567,459,460,398,439,114,1,0,58,129,1148,76,230
"COG2239",8635,8517,8104,8257,6639,10044,7911,4729,7152,7015,9794,9683,5320,7162,7219,7540,7297,8994,3766,9585,7868,10077,7068,7945,4380,4113,7913,5807,9995,9671,6267,5231,7930,6850,7633,5176,6110,7162,6343,8552,9037,7485,5598,8295,7040,8537,2427,3931,5573,6446,8646,9195,9651,6172,5480,8409,5855,8557,8029,10848,3823,9104,8123,8623,8821,7881,7878,8981,7990,3852,5605,7113,8131,2349,7126,8946,5819,9285,6360,7882,9080,6107,5974,8470,9750,8815,4417,6068,7018,6619,8042,6890,8611,4720,3791,3389,9104,5310,7843,9516
"COG2240",110,248,290,135,92,475,178,193,127,37,133,205,204,138,77,47,179,99,135,44,103,314,30,433,265,87,115,47,508,300,88,217,223,39,80,93,43,47,18,146,110,94,51,242,369,67,39,628,56,74,120,155,442,111,29,131,24,130,89,37,99,269,252,309,86,90,44,81,46,224,112,96,149,228,335,183,9,47,59,136,563,16,104,80,73,41,177,77,21,176,94,27,319,50,210,161,158,35,45,53
"COG2241",1667,1111,1399,994,567,1138,2421,471,940,897,559,1899,1101,1294,1099,995,1213,1913,157,642,1817,927,897,724,464,749,2170,1025,884,1591,1055,471,1994,1109,616,1128,86,440,1031,1474,826,722,1247,1636,313,675,191,612,730,357,1443,879,1263,1385,1610,3421,104,1485,1112,699,177,1141,1185,1439,1132,464,1275,436,654,378,1368,796,1984,326,1624,1861,1014,1381,649,1225,1091,1118,1082,1011,139,293,279,1023,747,1305,482,802,1023,1270,471,258,1445,1472,81,1050
"COG2242",1736,1000,1396,1035,901,1205,2428,499,956,569,545,1971,999,1315,1378,924,1205,1821,159,728,1730,878,1307,752,433,735,2013,1517,821,1546,1106,603,1922,1931,620,1832,76,417,1703,1393,819,644,1945,1541,258,728,164,827,935,460,1383,892,1184,1278,3097,3224,108,1466,1045,642,190,1037,1252,1423,1082,460,1269,400,616,362,2104,847,1842,321,1684,1757,1515,1246,1120,1177,1026,1984,1873,969,138,263,269,1099,651,1292,487,858,932,1206,451,259,1464,1527,79,1050
"COG2243",1303,1053,1066,844,960,1107,2021,418,957,603,529,1651,945,1274,1303,812,840,1610,300,763,1611,804,1038,558,343,518,1905,1493,781,1264,1005,834,1671,2056,619,1904,154,599,1399,1272,790,650,1842,1456,295,807,168,789,999,504,1371,891,1082,1191,2892,2510,122,1239,1022,609,238,1004,963,1234,947,430,918,407,705,318,2080,694,1670,542,1284,1557,1275,1209,1053,1004,836,1816,1665,732,148,214,226,1110,549,961,529,714,977,1738,464,390,1227,1493,65,953
"COG2244",3462,3465,1940,4865,6819,2408,1602,6733,3042,4772,1661,2223,2846,2742,4382,5225,1871,2444,2459,3642,3321,1963,4894,2053,8325,1790,5717,4921,3033,2660,4754,4032,1460,5089,3561,4486,5439,2797,4735,1894,3321,4132,4558,2601,7736,3038,929,3400,5262,6184,4702,2172,2280,4492,3010,6652,10918,2304,2995,1984,2828,2513,2423,3187,2656,3403,6209,3604,3208,3687,4653,6250,2506,2244,1357,2095,5066,4056,5802,4756,1266,4172,5159,7818,4051,5201,6939,3869,10232,3492,3375,7467,3496,4767,8076,2393,1626,4575,8024,3143
"COG2246",49,47,21,6,270,86,21,32,166,106,36,17,91,70,197,125,20,48,53,214,280,78,370,11,150,40,64,335,68,145,116,38,128,505,60,336,10,156,314,21,145,127,445,87,71,61,4,224,471,174,100,92,62,55,473,181,106,16,153,36,14,77,16,46,171,68,35,158,181,9,342,456,265,19,11,186,308,48,167,53,40,389,353,7,10,68,568,174,271,39,80,160,40,67,173,213,16,398,30,54
"COG2247",29,3,0,1,44,0,8,0,52,12,1,0,143,62,28,80,15,0,1,12,41,0,60,5,488,14,95,52,0,0,211,4,11,28,69,189,0,38,55,3,15,263,150,163,8,57,6,1,46,19,23,5,0,223,79,11,60,3,15,79,15,2,2,0,29,21,0,61,32,0,26,41,31,8,19,1,32,70,15,25,0,49,45,2,10,310,2929,209,25,201,16,20,0,2,759,2,0,158,7,44
"COG2249",2891,2525,1744,1332,1383,3291,1252,2191,1747,399,2182,1865,963,1494,1168,1427,1663,2218,2634,2268,1405,2276,852,2033,1314,1693,1357,661,2227,2918,1585,1350,1657,1340,1786,608,1549,1610,477,1864,1721,2296,598,1961,2759,1939,926,2943,488,2003,2910,1537,3365,1044,1324,1528,916,1907,1971,1966,1259,1965,1655,1847,1805,2197,2197,1990,1537,1520,644,1526,1541,946,1284,1657,643,1980,841,1955,2190,703,954,1376,3942,2646,1036,1277,437,2261,2240,367,2001,761,1900,2659,1608,1102,2465,2658
"COG2250",14,1,7,15,43,0,21,0,51,46,2,2,151,65,20,14,47,3,1,29,28,35,18,27,0,17,12,67,17,0,105,0,55,8,19,86,0,8,32,16,9,46,33,5,1,109,2,0,84,58,1,12,0,182,14,11,18,19,9,4,7,5,25,3,8,8,0,35,11,0,83,22,13,3,22,3,69,52,42,10,72,13,34,9,5,53,0,89,101,69,13,31,0,0,0,1,11,95,15,21
"COG2251",3014,1759,3561,794,1281,1619,4049,821,1445,1448,1889,3130,1379,2303,1238,2105,2500,3239,429,1935,3192,1931,1035,2460,2142,1342,4461,1043,1514,2745,1634,448,3524,1409,1324,1568,287,2203,1102,3221,2203,2307,1136,3046,275,1780,701,67,958,696,2545,1217,1845,2746,1518,5638,659,3067,1861,2447,426,1912,2932,2240,2441,1104,889,2000,2637,1262,1483,3568,3655,300,3688,3392,970,3466,815,2277,1899,1054,1071,719,1468,1969,3807,1248,824,1564,1150,1070,1755,154,2285,370,3143,1219,3035,2743
"COG2252",4548,4583,4123,3411,2433,4747,3689,1144,4787,4576,6039,4782,4014,4076,3694,4078,4436,4802,3425,4849,4212,5619,3162,4588,801,2449,2459,2768,5392,4403,3176,3899,4396,1639,5336,2048,2992,4436,3146,4628,4755,4290,2322,4631,2824,4789,1662,1441,2343,2800,4381,5507,4748,3158,3308,2008,3180,4898,4648,5993,2258,5728,4366,4335,4848,5093,3266,4861,4654,2483,2575,2387,4137,2621,3352,4267,2003,4675,2630,4066,6157,2331,2541,2563,5347,4356,357,4011,2809,4135,5340,3226,4740,1110,296,3645,4509,3860,3169,5691
"COG2253",1,2,0,0,6,13,0,26,0,14,1,0,0,0,2,2,0,7,23,0,0,0,0,0,1,6,10,1,22,0,3,22,0,2,2,2,0,3,0,0,3,0,11,1,17,0,0,86,0,3,5,1,1,1,0,43,56,0,3,0,5,1,1,2,4,0,1,2,2,58,0,11,0,30,0,4,5,0,4,1,0,1,2,0,0,1,30,4,27,0,0,2,1,2,48,7,1,1,1,0
"COG2255",3768,3309,3246,3982,3374,2578,4361,3607,3020,4287,1889,3821,3819,3674,4060,3893,2667,3550,10361,2785,4540,3305,4226,2477,5283,13589,4909,3902,3259,3197,3808,4141,4211,3372,2874,3639,4867,3797,4196,3545,3490,3276,4053,3484,3139,2852,11685,2866,4915,3535,3975,3675,2527,4649,2903,5676,3617,3316,3537,2180,6128,3316,3496,3462,3185,2790,3960,3422,3156,2793,3595,4074,4134,31516,4392,3662,4681,4345,3169,3978,2848,3997,3613,4938,3178,3838,4084,3457,4688,3737,2959,4630,3587,3545,3415,7302,2796,3667,2691,3487
"COG2256",811,654,792,1342,1209,398,1188,1056,593,1479,308,787,887,1019,1073,1042,598,872,463,418,1422,655,1319,616,1188,503,1717,1189,613,647,991,1035,1661,1327,451,1218,572,591,1343,935,825,925,1266,840,836,397,153,1018,1459,1274,2285,3069,1294,4013,2661,5121,2669,2307,2173,1166,1364,2390,2276,2475,2209,1453,4465,1944,2337,2025,3879,3936,4295,1287,3334,2888,4576,3581,3724,2935,2261,3556,3740,4277,369,1639,4047,2737,4903,2057,1492,4662,1849,4212,3282,1359,2212,3080,2903,3233
"COG2257",43,39,43,76,396,42,47,148,42,46,20,45,62,47,48,31,25,49,242,46,47,62,167,37,206,164,276,142,70,47,214,469,85,226,22,184,488,23,59,40,75,124,102,95,487,15,42,58,83,481,23,215,31,107,98,102,214,12,18,15,245,72,41,25,18,14,138,72,27,181,78,386,39,153,28,59,65,51,531,82,122,110,171,84,7,93,71,109,57,76,19,73,23,500,166,240,34,36,797,26
"COG2258",596,778,1050,572,1407,311,540,589,938,1229,657,397,1006,818,970,988,1003,398,812,785,792,412,1040,1146,821,631,943,1367,389,346,1423,1365,599,724,923,1433,1334,1110,1168,693,844,1032,1077,539,1150,758,324,306,1432,1513,673,947,311,965,937,330,807,675,760,631,648,790,733,733,742,879,641,778,977,675,1310,1160,647,706,680,463,1415,524,1221,820,526,984,1119,391,783,996,1312,1336,1128,859,836,1139,814,183,459,563,606,1288,1675,710
"COG2259",1057,1285,760,504,1881,739,377,1345,775,289,1010,610,530,866,767,980,774,898,1226,1219,1288,637,921,930,845,863,1653,1252,471,690,1061,2043,909,1038,885,1183,1992,685,621,721,938,1610,1014,755,2264,854,368,844,1032,2076,1293,830,794,857,1258,1444,843,649,891,1124,1097,701,658,1022,906,732,337,1154,828,914,1105,1694,1507,846,384,686,946,1302,1679,1147,536,878,1295,387,1200,1249,687,1088,658,923,734,436,1192,1545,675,943,663,938,2422,1654
"COG2260",3,2,1,8,14,0,2,0,71,6,0,0,21,50,14,50,16,0,0,100,38,0,17,3,0,5,0,29,0,0,28,6,17,35,42,32,0,16,21,0,11,1,27,7,5,91,4,0,11,7,3,2,0,23,43,1,23,1,25,0,2,0,0,1,26,18,6,9,30,0,45,1,63,0,8,9,13,0,8,5,1,29,27,2,1,0,0,21,18,15,23,14,2,1,0,0,2,63,0,1
"COG2261",4,1,0,19,60,5,3,61,10,0,2,2,6,18,11,10,2,4,67,1,3,2,25,1,381,24,42,19,1,0,13,173,5,65,0,51,42,6,3,1,17,9,29,5,67,0,11,45,22,66,3,6,3,32,17,21,15,2,5,7,53,1,1,1,9,0,0,4,7,142,21,35,0,113,6,9,9,5,13,14,3,17,42,35,0,3,402,13,17,7,0,12,1,156,211,72,9,24,15,3
"COG2262",5379,4944,4778,6637,5130,4215,3214,3431,5551,4708,3852,3459,4942,4678,5888,5092,5071,3729,2171,4917,4449,4552,5989,4951,3715,2574,3613,6362,5098,4193,6211,3414,3955,7258,4943,6284,2868,4297,6500,3895,4616,3998,7153,3365,3390,5188,1866,3379,6180,4341,5105,4880,4060,4315,8040,4678,3092,4128,5713,3455,2106,4741,5534,5265,4459,5557,6610,4696,5070,2040,6514,4835,4151,1394,4587,3447,6752,4088,5274,4987,3955,7320,6678,8303,6168,4946,4665,5298,5565,5691,5643,5512,5225,4339,3423,2047,3588,6096,3671,3964
"COG2263",224,208,251,70,85,19,163,11,374,149,51,130,573,290,229,498,381,137,64,186,499,8,83,183,38,70,233,164,17,93,239,16,69,51,550,96,14,565,195,188,306,292,195,104,77,187,183,7,262,69,298,215,72,326,120,121,551,220,321,81,58,87,85,163,292,387,129,140,432,78,143,80,258,100,217,54,212,226,65,487,4,97,145,19,114,179,22,231,261,266,369,158,156,0,2,54,166,494,78,239
"COG2264",2435,2194,2506,2654,2499,1697,3117,2016,1929,1589,1308,2459,2642,2466,1846,1899,2197,2728,1496,1533,2992,1923,1715,2093,2800,3496,3850,1894,2330,2209,2512,2241,2833,2463,1774,2180,1876,1451,1634,2447,2073,2277,1787,2748,1970,1749,712,1953,2161,2538,2485,2108,1802,3383,1174,4470,1120,2363,1910,1338,1208,2392,2209,2404,2159,1657,3330,1709,1599,1447,1796,2557,2977,821,2684,2942,2411,2622,2511,2608,2376,1686,1838,3002,1005,1909,2383,2343,1404,2195,1639,1512,2109,2877,2448,1430,2299,1768,2810,2061
"COG2265",3098,2454,2406,5532,4849,1503,1649,2433,2855,3464,1306,1582,3340,2574,3194,2855,2493,1578,2366,2422,2872,2400,4075,2415,3378,2531,3817,3512,2804,1752,4440,4612,2294,5072,2867,3312,4376,2481,3470,1739,2622,3150,3300,2220,5527,2647,904,2104,4172,5046,2450,3413,1486,4097,2418,3589,3716,1874,2989,1603,2489,3293,2886,2555,2411,3407,6284,2653,2469,2388,3165,4481,2924,1545,2376,1981,3773,2365,5095,2804,2960,3720,3658,6565,2239,3618,5258,3256,4605,2976,3341,4112,2684,4625,2565,2741,1276,3237,6402,2045
"COG2266",8,0,3,51,297,0,0,1,246,36,1,0,195,293,356,68,41,0,0,320,153,0,416,3,0,30,0,505,0,0,410,119,110,956,183,632,4,34,500,3,35,6,797,0,15,419,9,0,257,80,19,1,0,108,1494,0,29,0,86,1,31,0,0,0,56,108,0,12,62,0,670,78,173,40,1,2,320,0,431,15,0,928,623,39,4,2,0,337,127,408,100,215,0,2,0,0,0,645,13,1
"COG2267",2084,2617,1739,2635,3540,1473,1510,4722,1599,501,1815,1559,1286,1509,1247,1414,2033,1881,2491,1759,1498,1569,1696,1764,4647,1957,2844,1232,2216,1556,2333,4649,1438,4442,1690,1632,4535,1867,763,1707,2026,2164,931,1894,4490,1507,770,3829,878,4195,2405,2637,1500,1574,1166,2154,2009,1657,1807,1431,2385,1961,2207,2654,1711,1995,2661,2001,1907,2582,790,4162,1680,1784,1785,1851,1100,1499,3182,2248,1624,1090,1691,2932,2602,2059,4506,1505,1010,1756,1893,1086,2197,6124,4991,2681,2014,990,7230,1657
"COG2268",379,445,490,354,889,89,238,383,530,222,265,215,524,543,582,730,434,330,416,527,724,238,824,455,568,362,651,873,349,124,641,645,186,359,549,745,741,477,684,288,554,580,533,295,693,357,126,379,785,1113,1585,2013,311,1829,1587,1610,1398,908,2145,750,1427,795,798,1503,1252,1554,1078,1375,1879,1474,2458,2891,2040,1145,1330,650,1719,960,3143,2054,1001,2114,2516,744,688,971,2371,2141,616,1390,1621,1219,1188,380,1175,1297,869,2637,4673,1331
"COG2269",268,192,201,948,1484,174,258,947,341,476,84,184,394,337,678,354,269,197,544,177,231,257,1028,271,691,449,953,904,337,185,669,1202,603,2057,173,930,1432,149,756,251,315,654,843,321,1507,117,83,236,902,1440,210,878,160,569,497,493,728,146,203,100,700,296,327,139,154,357,957,213,321,473,742,1383,187,204,255,229,1352,273,1841,367,532,803,920,929,111,347,277,485,392,493,302,608,184,1397,478,572,155,405,2418,222
"COG2270",5836,6133,5118,5765,3173,4572,4184,3073,6397,5954,5036,4937,6937,5183,5716,8411,6448,5238,1711,5554,5625,5919,4483,4926,2741,1619,3805,5831,6160,4874,5959,974,4217,2281,6792,4791,860,6888,5741,5311,5341,5405,5260,4197,329,6667,2478,2496,6349,2728,6542,4501,4969,5834,4007,3976,2546,5661,6212,4951,1583,5096,6161,6227,5306,6083,5162,6012,7649,1095,5859,3105,4164,1302,5074,3810,5367,5754,2829,6170,4657,4425,5078,6945,7415,6431,3758,6546,5834,6042,6020,5359,5976,2619,3016,1499,5293,7816,975,6183
"COG2271",229,133,99,340,501,29,82,816,416,626,34,64,712,322,379,321,341,155,41,237,252,7,336,116,45,119,207,584,14,22,552,21,42,249,431,836,10,626,510,137,222,183,568,135,166,259,64,2,932,508,283,173,21,478,187,177,257,97,187,26,71,69,79,89,236,387,142,196,281,6,675,370,326,28,249,105,1248,147,413,117,25,367,459,194,267,291,6,688,665,397,380,629,144,6,8,290,48,700,193,182
"COG2272",4734,4998,2628,3367,3451,5453,3478,7124,3646,2457,4255,4141,3323,3256,3337,3051,3330,3560,2337,3065,3478,4238,3171,4120,7431,900,3999,2639,4655,4917,2378,2987,4368,1679,3667,3211,1258,2647,2770,3054,3225,2985,3140,4544,2853,3429,1166,4377,3392,2528,4848,3013,4634,2924,2548,3976,1080,3181,3812,4149,1870,5137,3494,5100,3607,4328,4277,3865,2768,3409,2612,5314,3125,1558,2586,3597,3551,3017,1743,4300,3960,2863,3066,3583,4155,4033,7111,2394,1951,3842,4611,2003,4554,4114,7256,1702,3549,2902,3100,3665
"COG2273",2677,3481,2523,4500,2878,2333,1973,1922,2979,3749,2412,2446,1703,1932,2874,2940,2443,2410,2057,3124,2583,2680,2407,2912,1432,1397,2745,2321,3560,2676,1536,2625,1238,2485,3018,1576,3507,3286,2306,2280,3030,1957,2302,2623,2467,3708,919,1689,1950,3852,3879,3573,2520,2481,1619,3044,5522,2613,3192,2851,1938,2984,3817,3239,2713,2767,5898,2297,2505,1406,2147,3753,2038,467,2471,2047,1909,2121,3319,3318,1995,2021,3069,5554,5076,2732,1600,1463,6918,2171,2805,5480,3367,508,2060,1636,1739,2132,5783,1975
"COG2274",5145,2725,3323,3166,5287,1793,3808,8322,1988,5328,1598,2385,2638,2988,3243,2542,2658,3612,2956,1241,3604,2702,4315,2477,5364,4763,8152,2784,3646,2096,3010,5897,3729,2892,2130,2520,7567,1879,2587,3225,3022,3598,2282,2982,10406,1250,1018,8186,2081,7145,2909,4852,1692,3800,1708,8053,3702,3257,2598,1619,2670,2917,2498,2955,2506,1534,2172,2708,2228,4338,2354,5019,4726,1578,3129,3598,2734,4006,4593,4252,4409,3082,2376,3007,1305,1855,2869,2053,3542,2392,1779,3418,2274,4122,3827,2504,2643,1928,10119,3854
"COG2301",3370,3741,2266,3685,2558,4405,3175,3492,3791,2128,3713,3513,4742,4067,3111,2458,3179,3634,1026,3655,2959,3760,3039,2764,3318,1023,1752,4116,3687,4145,3792,1534,3592,2295,3365,4077,694,2616,3562,2918,3102,2888,4035,3960,805,4021,772,3981,4111,2247,2818,2760,4509,3754,4636,1961,362,2874,3553,3689,900,3874,2724,3919,3465,3271,2661,3608,3100,986,4391,2696,2995,953,2769,3686,3232,3150,2335,3323,3455,3914,3715,3084,3279,3042,2744,4316,2054,4603,3366,2491,4041,2990,3917,992,3385,4135,408,3110
"COG2302",1144,632,1025,93,14,622,2040,0,239,117,510,1557,213,752,220,531,708,1578,22,337,1583,716,12,425,0,548,2003,7,433,993,67,4,1416,6,302,1,17,535,0,1346,801,534,6,1220,6,125,101,4,9,26,1054,556,716,858,40,2488,7,1178,608,604,16,583,987,881,906,109,29,340,490,275,15,311,1694,3,1398,1528,1,1243,4,750,430,7,1,45,6,107,2,1,0,147,160,1,528,0,0,49,1165,7,10,942
"COG2303",20725,21993,18659,20844,18348,23652,20791,11237,19801,16761,21184,21018,22873,19933,16945,15210,18941,21147,8240,18219,17483,22249,16759,19683,14489,8835,18468,20780,21844,24862,17324,13193,22813,12697,17133,21112,11895,15098,16690,19628,17918,19307,16792,19760,11999,18527,6618,14450,23481,21675,6584,6706,7538,6456,4496,7009,2590,6396,7184,6755,2584,7552,6390,7401,6471,6649,7533,6542,5888,2411,6659,6804,5888,1685,6402,6962,6196,6405,5325,6568,7455,5042,5472,6496,5805,5844,3673,6405,3862,7212,6829,4970,7237,7751,4457,2547,6776,5543,5777,7117
"COG2304",3810,3892,2621,6849,8693,2911,2226,7918,4513,9682,1870,2722,5614,4217,6829,5709,2314,3315,3714,3800,4167,2997,8080,2997,6071,2676,6293,7281,4025,3166,7023,6360,2947,7676,4239,6823,6756,3020,7886,2942,3743,4880,7681,3337,8304,3942,1139,4024,7452,9185,4833,3953,2872,5624,5062,6205,8383,2653,4641,2403,3965,4342,3247,4000,3274,4459,7476,4483,3999,4366,6216,8064,3221,3244,2636,2491,9472,3914,7766,5267,2498,7612,7241,8930,3850,4455,5925,6340,11581,5475,4455,10540,4337,2980,3794,3710,1706,6033,11866,3309
"COG2306",1,0,0,0,16,1,0,0,5,9,0,0,25,15,11,0,1,2,0,0,7,0,20,0,0,0,5,24,0,0,25,5,0,13,3,33,0,1,44,2,1,10,26,0,0,11,1,0,53,28,2,0,0,25,19,1,0,0,1,0,1,0,0,0,1,1,0,2,0,0,33,33,0,0,0,0,58,7,16,3,0,32,28,0,0,10,0,60,6,28,4,7,0,0,0,1,0,64,1,1
"COG2307",234,250,1671,625,1357,3944,4377,2852,1095,482,2177,4354,1045,2026,354,709,1471,2676,1940,1029,2337,3072,953,864,2267,785,2060,604,2999,4431,725,4509,3168,748,1152,1200,2007,523,262,2516,1868,478,590,4058,3943,1352,698,1796,413,3537,61,559,1295,911,169,373,348,848,375,846,448,701,641,191,727,228,16,335,64,730,184,363,848,517,659,1208,43,916,645,503,938,195,334,159,9,97,1031,125,160,63,271,200,30,633,796,536,990,190,1242,348
"COG2308",785,318,2515,960,1834,10944,8079,4187,3217,803,7874,10429,3016,4430,466,1183,2992,5040,2442,3365,4384,9179,1245,1339,3569,1340,2845,838,8527,10324,936,5450,6585,1512,3114,1592,2469,1020,383,4790,5236,1067,816,9222,6182,4668,1191,2516,566,4316,348,3548,11185,4668,768,1725,1303,4834,3069,9895,1766,3857,2697,1093,5423,1820,72,2611,287,3059,719,1791,4807,1889,3065,8085,169,6070,2400,2893,7744,815,1559,576,450,800,5054,601,682,486,2036,935,178,2614,3778,2181,6233,1051,4617,1926
"COG2309",1529,1523,1355,932,978,958,1335,795,2149,1427,502,1130,2976,1843,1678,2179,1955,1204,242,933,2099,839,1294,1219,255,222,1590,1877,897,1051,1455,141,1022,612,2113,1724,65,2202,1839,1343,1397,1748,1869,869,355,1114,360,961,2319,992,1660,1564,1040,2021,1141,1208,2595,1298,2069,443,141,1238,1247,1551,1441,1831,599,1234,2033,368,1834,1211,1360,95,1624,849,2513,1266,969,2157,965,1319,1453,787,1064,1583,372,1813,1932,2188,1956,1521,1459,305,404,236,1197,2532,254,1367
"COG2310",35,44,22,19,204,7,16,93,45,76,7,9,17,158,39,120,14,20,1175,5,23,8,82,27,13,288,813,97,33,13,174,848,19,37,33,252,688,9,14,18,27,81,123,50,596,4,17,13,104,105,43,18,6,73,197,101,57,14,67,23,930,25,24,21,20,15,88,14,41,190,19,86,91,1434,35,113,43,34,269,53,23,20,294,18,0,85,76,49,7,21,8,74,23,36,27,1251,40,96,227,18
"COG2311",1017,894,718,480,954,345,373,1308,939,196,641,335,1114,739,485,730,884,646,682,768,652,810,635,546,2595,630,963,482,691,471,820,1043,1028,366,630,461,1153,1378,446,842,789,967,420,357,1009,1183,457,1319,430,1392,991,968,341,1228,412,630,579,733,938,558,793,645,985,816,774,793,456,850,447,1258,442,1694,463,285,886,480,379,787,386,831,493,496,619,543,1994,1258,3132,921,435,1195,837,293,728,458,1558,438,511,639,2434,583
"COG2312",25,14,18,114,77,15,9,371,46,77,18,15,49,26,68,37,15,31,30,26,12,2,168,18,379,40,109,81,11,10,79,344,4,157,28,134,75,15,94,16,23,127,43,30,138,11,24,189,119,65,55,3,13,38,80,106,434,11,53,44,139,38,27,50,26,31,36,17,45,76,65,139,6,108,8,25,184,39,32,24,25,89,220,103,16,40,184,80,508,37,20,112,18,399,59,26,19,114,38,16
"COG2313",727,772,700,1102,844,568,604,541,1004,2086,393,567,869,647,1389,1070,948,507,39,756,749,499,1352,657,396,74,474,1539,626,550,566,176,564,836,804,1247,68,1226,1747,635,567,750,1755,506,61,796,150,1214,1779,651,735,621,548,687,1230,428,477,591,793,376,63,451,632,807,664,969,1240,773,917,77,1452,1203,593,47,992,465,1694,616,802,740,525,1354,1325,1127,968,1181,976,707,1221,816,945,1900,831,875,538,47,646,1044,48,670
"COG2314",29,13,9,29,68,3,4,113,6,22,7,12,39,19,15,15,23,26,112,8,13,32,19,7,147,25,62,19,19,6,42,152,12,46,4,57,73,38,7,9,12,22,22,19,71,20,29,33,24,61,93,16,11,126,54,200,119,64,20,37,173,39,56,49,19,10,63,35,49,208,35,67,33,268,57,73,29,49,57,56,68,21,66,100,26,45,519,59,105,73,13,60,42,460,320,304,48,87,74,44
"COG2315",87,98,38,153,410,31,49,472,123,46,26,42,163,121,110,148,60,43,274,61,127,33,268,36,390,174,300,258,34,28,243,464,83,242,136,197,435,131,169,44,104,204,122,71,364,111,23,376,166,537,108,63,15,234,182,197,242,41,98,29,318,83,38,36,98,120,152,178,134,291,157,465,138,237,27,51,165,132,199,154,18,172,331,209,51,152,351,228,64,147,121,98,46,428,533,241,19,253,773,85
"COG2316",67,61,6,6,220,32,10,1,117,664,17,23,196,122,342,66,12,34,50,128,88,14,349,25,35,7,71,348,26,43,187,11,11,151,63,337,0,47,453,23,36,113,387,24,49,59,10,5,545,219,151,14,30,168,212,85,692,42,20,39,8,2,45,32,34,70,0,67,31,58,418,300,59,26,15,9,434,51,196,37,4,314,343,7,314,76,122,357,910,134,64,797,23,40,33,14,8,367,22,29
"COG2317",4047,2912,4042,1616,767,3126,6018,1906,2591,1953,1725,4907,3619,3502,1987,3726,3678,4746,290,1923,5479,2755,986,2438,445,1358,4692,1465,2587,4096,2327,315,4502,431,2860,1069,122,3582,1378,4154,2969,2693,1179,3997,1102,1464,651,1630,1662,728,4051,2587,3404,3914,989,6527,848,4184,3313,2240,172,2891,3137,3730,3262,2544,1353,2181,3355,769,1261,1552,4738,226,4577,4085,1399,3844,703,4095,2649,931,1196,1455,998,1673,264,1774,1393,2713,2522,1640,2850,1578,558,314,4474,2492,407,3315
"COG2318",87,63,21,93,455,78,54,591,60,37,33,38,234,74,66,43,36,38,204,13,63,91,182,18,385,137,143,163,99,65,160,294,123,224,30,333,203,38,120,68,47,69,283,71,202,17,38,631,162,524,53,177,59,171,88,266,136,29,46,32,236,100,58,30,30,58,143,62,34,209,197,291,88,170,36,59,205,54,186,114,147,166,212,76,7,32,279,127,106,131,39,96,23,667,398,360,61,118,284,20
"COG2319",7703,4691,3840,6836,3679,2794,7831,8474,9097,3958,3113,5502,10391,11828,4316,8423,10628,5227,1944,1858,9567,2575,3319,3054,860,5035,8855,3946,2151,3514,5490,2509,4161,2211,12521,3565,3076,9546,3450,5180,9004,5879,3498,9868,2134,2890,2795,1207,5398,4902,9685,5789,3134,10957,1463,7639,2877,5432,7046,3557,2348,3975,2592,3591,9793,7072,6551,3818,7755,1966,3694,3911,19943,978,8830,8339,7455,7159,5520,5214,2272,2845,3527,2116,1090,1750,315,7008,4217,6323,7764,4961,4025,508,948,3317,3157,4892,5495,5557
"COG2320",46,13,25,3,68,18,15,118,16,64,5,28,65,45,37,84,7,33,49,22,40,4,53,28,2,29,115,63,5,42,123,23,64,19,44,66,16,49,41,33,19,92,51,84,99,16,15,146,158,58,72,5,27,83,13,142,275,29,15,20,85,2,15,10,25,37,41,55,27,76,88,44,75,22,24,26,64,90,37,60,7,45,57,2,5,75,22,41,74,84,37,47,5,64,13,102,9,53,83,40
"COG2321",63,42,73,23,369,37,123,1173,37,62,56,83,30,73,57,112,19,171,358,14,74,7,86,11,1267,145,569,82,60,59,94,655,56,123,10,248,202,81,44,71,28,140,104,115,686,11,50,454,104,182,73,41,49,171,129,181,93,74,47,97,233,22,51,36,39,6,27,52,108,487,92,170,71,345,90,139,25,105,100,95,8,54,160,29,0,48,1220,43,29,25,3,51,35,1275,1245,268,79,100,92,38
"COG2322",474,678,370,833,363,461,285,364,593,852,276,433,574,446,798,718,364,405,107,639,491,549,662,413,127,59,364,688,640,502,354,76,292,393,587,562,27,474,868,393,519,388,687,415,63,474,201,118,897,343,693,362,450,443,444,687,751,447,671,361,125,765,554,642,525,647,986,486,530,126,744,451,373,85,352,265,1140,594,373,750,332,606,719,1310,787,450,169,443,1159,463,560,930,727,83,93,96,249,660,56,519
"COG2323",6,8,6,3,325,22,10,317,40,14,3,3,13,104,70,32,5,23,48,35,13,2,175,1,929,56,174,67,23,7,66,411,12,225,8,164,72,19,72,2,116,95,85,41,183,8,20,270,43,171,16,184,10,96,42,46,116,2,12,32,147,3,17,12,6,0,7,44,6,352,181,146,30,72,7,72,48,120,463,52,5,158,469,3,0,21,873,58,44,23,3,117,3,716,676,47,14,200,69,14
"COG2324",86,112,74,231,65,31,61,1,180,73,84,102,183,122,85,207,80,92,12,248,127,117,21,84,14,25,108,41,127,133,164,6,121,41,131,33,15,208,31,103,122,145,34,79,3,237,24,0,33,14,113,58,67,149,25,88,30,89,146,138,20,191,94,141,114,198,163,183,173,14,18,36,86,16,60,104,79,137,20,154,33,32,21,359,160,277,30,87,149,136,168,156,115,39,23,16,68,149,14,156
"COG2326",1978,1996,1967,2464,1769,2124,1653,3925,1948,969,1652,1730,1760,1456,1490,2015,1994,1432,2247,1812,1864,2256,1223,2175,2505,2416,2068,1160,2217,1852,1525,3055,2287,1150,2298,1321,1912,2327,1504,1445,1982,1512,1302,1960,1861,1757,2019,2446,1389,1799,1886,2096,2125,2094,948,2774,1605,1526,1706,1819,2542,1825,2251,1808,1873,1855,2096,1494,1637,3356,1105,2383,1563,2138,2218,1645,1064,1506,1636,2094,2177,1241,1586,3012,1738,1866,3010,1395,1211,1409,1776,1102,1914,2140,2939,3256,1431,1656,2804,1532
"COG2327",681,122,468,103,415,38,163,190,103,462,38,33,105,106,198,77,375,66,382,177,316,119,231,372,782,679,259,101,256,11,164,582,113,313,202,359,380,120,119,109,123,286,213,284,935,41,119,108,129,167,106,261,28,192,205,827,356,175,319,94,259,132,400,350,132,50,94,188,111,211,269,273,434,96,478,263,104,111,740,172,428,137,222,102,39,188,1895,116,304,123,75,321,204,96,448,394,45,220,238,58
"COG2329",1311,1237,491,503,784,2070,364,667,461,554,461,511,503,468,769,361,352,1219,484,438,426,392,622,512,169,493,564,1080,516,1908,712,374,379,574,329,1163,264,460,839,515,313,952,1038,925,205,379,124,1123,1279,606,1134,313,1917,568,866,653,148,467,389,778,293,890,562,1096,295,573,681,618,489,131,1238,1155,434,276,475,576,1365,815,747,769,438,661,979,356,1720,1145,160,559,396,1168,525,552,954,238,244,589,543,623,506,820
"COG2331",324,400,325,487,425,517,299,393,432,873,396,296,493,406,595,403,297,239,143,424,380,463,598,410,182,315,227,694,409,438,665,404,466,232,312,764,173,269,734,266,293,436,788,342,543,420,329,168,828,385,334,277,460,490,465,236,1328,268,435,357,496,446,428,424,310,465,530,367,316,101,640,509,318,378,269,291,978,275,403,307,477,625,623,615,269,413,277,502,786,482,456,759,411,196,152,109,318,560,67,339
"COG2332",2141,2430,2284,2062,1428,3080,1765,881,2231,1858,3315,2382,1688,2162,1941,1953,2416,2103,923,2841,1689,2684,1806,2605,949,834,1070,1766,2619,2774,1627,912,2069,990,2272,1449,1136,1952,1835,2348,2212,2282,1499,2297,1226,2590,700,764,1582,1320,2136,1627,3015,1571,1568,938,1102,2346,2188,3418,852,2412,2426,2339,2237,2727,2028,2551,2106,570,1610,1386,1791,632,1854,2486,1507,2189,1455,2029,2980,1760,1519,1786,2776,2535,699,1849,1468,1886,2600,1578,2346,1116,861,604,2570,1685,1119,2508
"COG2333",258,181,101,545,2920,98,98,2505,194,3333,40,58,549,471,1060,229,72,177,1324,225,252,214,1345,151,1997,811,1671,1159,359,65,1186,3092,397,2011,80,1689,2619,140,1051,113,519,1003,1128,340,3175,52,329,1223,1392,3437,361,1314,53,1055,626,760,3973,32,97,154,1374,304,214,118,96,51,405,453,182,1253,1004,2144,290,754,73,75,1862,309,3861,517,483,1005,1355,513,61,491,3458,1237,4704,575,73,3969,70,3490,1538,993,56,661,4161,109
"COG2334",5323,6460,5614,5695,5142,6078,3805,2284,5987,5323,6219,5257,5799,5785,6408,6283,5825,5063,2375,7397,5296,5472,6227,6490,3056,2067,3645,6783,5388,5535,4847,3190,4519,5313,6533,5687,2871,5720,7097,5609,5232,6127,6601,4940,4726,6397,1625,2250,6913,4236,6023,3123,6017,4640,5161,3602,4418,5692,6586,5854,2318,5560,4916,5960,5706,7570,7865,6500,6034,2009,6123,4819,4868,2082,5316,5191,6870,5580,5008,5899,6843,5680,5659,5885,7192,6759,2539,4991,5211,5840,7154,5683,5972,3866,2768,1950,5664,5550,2732,6293
"COG2335",2233,2255,1691,2635,797,1951,1128,3257,2284,81,537,1225,1914,1826,1175,1747,1756,1280,826,946,2251,796,602,1430,3278,592,1130,430,1583,1770,796,1211,1046,412,2465,523,991,1021,242,1021,1671,907,279,1612,980,974,428,2626,571,1373,3084,2194,1821,1727,352,2431,715,1324,1999,777,610,1591,1012,2110,1607,2082,4098,999,564,1419,591,608,1748,335,1267,926,1055,1317,403,3392,1038,435,1155,3114,1401,652,3029,389,174,1817,2199,179,2238,1779,3297,740,966,1194,866,1371
"COG2336",1,1,2,0,11,0,0,8,2,7,0,0,0,0,2,0,4,1,9,24,0,0,11,0,14,22,27,5,2,0,17,164,2,28,0,11,82,5,4,1,0,12,9,2,13,0,3,14,3,14,1,90,1,3,4,13,14,0,0,2,19,0,1,4,1,0,2,1,3,10,4,13,0,0,0,0,11,0,18,3,3,2,12,0,0,6,3,6,15,2,1,7,1,10,31,10,0,3,199,0
"COG2337",22,6,8,94,78,18,11,254,9,106,1,7,9,29,57,7,6,5,40,9,7,21,105,10,111,97,61,140,39,2,74,256,8,78,3,95,190,8,91,3,17,14,156,14,89,0,11,164,182,114,11,113,9,19,107,52,253,9,24,4,135,9,15,16,5,45,97,5,20,42,101,81,19,41,16,9,197,22,49,14,37,135,117,92,4,11,63,18,144,16,44,93,5,335,121,37,15,30,289,2
"COG2339",464,510,363,220,421,558,397,1,582,782,526,365,413,441,792,754,526,380,107,619,353,435,695,470,8,151,266,741,291,586,339,11,411,318,499,646,54,431,994,472,468,477,875,412,75,564,111,3,725,262,563,257,604,356,600,231,377,415,530,497,104,454,380,539,493,569,532,521,620,31,729,452,357,81,353,432,956,698,417,442,449,660,584,257,551,545,2,542,702,429,545,932,483,15,11,86,495,677,44,725
"COG2340",748,772,792,851,283,252,332,1452,688,87,744,428,370,500,394,662,742,843,758,609,206,543,197,548,1672,875,323,191,511,344,438,538,365,217,697,308,445,708,134,734,740,553,174,381,244,731,750,919,195,284,881,585,333,271,262,539,288,702,714,614,616,571,1044,1294,678,483,277,789,780,390,240,193,304,806,709,554,225,638,124,474,160,174,307,1037,1461,484,1034,549,233,719,526,129,948,462,1967,828,824,348,111,673
"COG2342",51,5,5,19,56,5,18,192,12,11,4,9,33,33,12,13,10,16,50,8,27,34,36,2,272,8,43,21,1,3,36,23,24,131,23,85,14,21,25,10,8,35,30,45,24,6,6,352,40,34,33,3,9,39,4,216,10,12,3,5,13,1,5,7,8,8,3,46,28,112,51,16,13,79,3,5,27,61,30,17,6,21,40,19,7,18,382,11,55,27,7,13,5,150,243,35,10,21,4,17
"COG2343",269,126,168,274,155,58,200,346,312,152,48,83,562,387,123,147,259,111,51,139,333,179,132,166,331,203,164,187,238,65,425,194,412,30,249,245,82,92,100,135,144,171,168,234,80,273,38,711,240,149,136,259,80,421,59,388,43,175,240,53,85,154,187,235,161,119,97,95,88,261,218,151,375,65,224,210,189,143,119,220,334,87,248,266,76,75,622,415,190,549,174,114,142,453,344,205,120,225,34,101
"COG2344",409,392,482,292,339,105,247,2,538,408,555,278,546,433,315,490,465,427,244,454,202,339,344,346,0,234,160,528,187,185,574,15,350,178,436,550,131,601,428,546,443,490,508,125,4,615,238,5,780,347,377,509,199,519,476,168,34,431,432,377,191,227,665,557,460,351,0,561,779,17,558,392,246,138,495,279,638,437,308,251,115,370,332,290,821,384,2,635,432,508,326,367,438,0,3,124,586,515,74,378
"COG2345",554,105,396,97,60,13,84,370,72,183,1,6,197,117,86,34,249,27,6,9,198,76,62,339,34,359,177,61,121,17,167,65,155,22,156,78,8,5,48,80,108,131,105,47,58,30,75,430,108,73,118,135,14,215,21,707,53,117,149,9,30,166,303,263,95,36,2,83,56,113,81,73,268,29,414,75,175,89,60,125,226,61,115,100,10,39,67,130,78,152,41,80,166,27,57,21,11,90,73,47
"COG2346",111,75,71,234,1022,57,71,1468,109,124,33,34,217,137,139,103,104,178,461,84,97,23,362,48,718,276,603,308,81,30,458,1191,77,956,67,517,1030,168,167,69,154,293,257,158,1507,91,96,1137,320,853,81,323,34,363,367,307,452,46,43,91,559,86,135,65,43,101,169,143,134,581,258,1132,110,333,95,44,319,117,1075,194,87,297,431,219,165,226,837,386,116,194,80,203,51,380,765,478,57,239,1722,40
"COG2348",33,46,52,9,18,94,65,3,86,162,90,40,97,62,50,85,42,55,67,112,50,15,65,65,8,35,91,126,11,78,50,45,18,62,79,47,24,60,82,60,100,121,89,47,7,81,15,8,55,25,41,37,59,66,102,16,30,32,62,54,53,46,30,39,105,58,6,93,69,297,76,42,54,63,32,70,67,99,28,68,10,61,60,5,73,151,11,125,143,73,52,173,18,4,23,34,48,94,8,92
"COG2350",492,292,442,322,508,300,642,604,196,184,189,567,245,345,218,296,297,536,250,218,569,318,266,206,345,361,804,254,296,477,209,589,622,330,201,290,498,244,188,442,349,358,308,528,421,106,89,516,314,513,413,328,298,477,317,1080,214,441,274,229,281,299,381,349,383,179,316,276,282,295,212,600,672,188,396,590,294,424,602,397,306,246,341,338,55,152,196,183,98,204,194,149,278,644,433,249,498,102,696,285
"COG2351",722,1197,1052,860,786,750,741,256,853,1053,919,589,646,957,969,921,1056,622,405,1102,796,637,872,1300,216,404,609,1012,610,656,705,658,620,476,1059,826,612,1011,849,872,853,845,803,735,659,880,248,445,885,819,786,650,760,645,715,416,305,729,920,707,377,602,800,1054,929,981,1161,1055,1270,318,917,695,845,405,1071,940,563,789,731,920,637,909,837,697,627,882,429,973,583,741,1043,806,950,699,261,271,787,802,623,1180
"COG2352",10630,10534,11795,7755,5970,11293,11091,3290,6904,6321,11410,10724,4765,8454,7191,5995,9466,11958,5038,10167,9743,10421,6210,10517,2361,5910,8620,5783,8692,12017,3788,4377,10835,6524,7405,4923,4929,8427,5563,10795,10481,6900,5142,9916,6671,8491,3423,3893,4444,5318,9929,9212,12085,6157,6648,11501,4803,9787,9437,12297,3082,9373,10256,10400,10604,8117,7393,7529,7276,3345,5692,6907,11114,1789,11171,11580,3471,9327,6244,8102,8344,5366,5858,7302,10674,6400,1962,3026,3941,6188,7783,4763,10637,4226,1482,3983,10581,3476,6617,9235
"COG2353",985,1042,669,1546,1702,849,516,2870,880,547,570,778,985,832,804,959,721,772,943,905,788,892,923,716,2596,544,1127,904,1146,821,862,1752,848,2466,781,1050,1319,838,690,738,763,1042,925,1011,3052,832,421,2481,990,1601,1308,869,783,1177,873,1506,961,673,1059,643,877,930,868,983,781,869,2579,929,718,1233,769,1419,590,705,754,706,1065,896,977,1157,627,862,1141,2331,1246,1197,2777,732,607,926,891,535,1099,3606,3478,1061,626,718,1724,772
"COG2354",48,109,60,283,1324,52,23,825,49,47,18,27,30,92,174,59,38,51,770,76,110,22,574,26,1152,566,856,347,77,27,459,1696,47,662,36,496,1734,85,144,39,219,373,214,125,1533,7,103,427,189,1685,50,559,17,330,329,292,715,14,29,66,868,27,70,44,38,12,308,124,68,890,295,1249,126,573,37,95,155,151,1375,278,39,367,792,406,27,207,1197,252,187,75,21,279,30,1741,612,739,61,204,2717,36
"COG2355",4787,5865,4848,5743,4942,6073,3758,3300,5432,4700,5630,4379,5928,5037,5590,4748,4771,4547,3198,5998,4006,5506,6222,5893,6421,15138,3310,7128,5721,5110,5632,2787,4483,3409,5214,5801,4623,5051,6485,4260,4564,5507,5799,4005,1980,5596,6069,2836,7764,5119,4867,5421,5656,4453,5992,2763,3863,4327,5179,5293,7060,5219,4812,5343,4967,5697,6022,5589,5263,1828,7055,6398,3950,6956,4539,4240,6888,4238,4686,4504,5942,6098,6046,5429,5909,5914,3995,7302,5830,5767,5828,5424,6025,1244,2476,2888,4648,7179,5219,5292
"COG2356",698,827,645,2119,2608,462,388,627,870,627,496,612,477,612,982,1219,508,679,1337,448,865,606,1508,715,963,1474,2171,1201,827,569,1516,3851,306,1700,998,923,4256,782,1016,563,671,1263,779,658,2713,587,446,764,788,4610,1195,1426,556,1283,919,1414,1711,622,839,510,2350,730,763,631,667,935,2860,863,1036,1229,940,3777,608,1527,422,698,1295,1044,1073,1325,561,1031,1729,2778,661,1216,1540,1225,930,645,949,875,979,966,707,1942,430,981,6872,626
"COG2357",10,7,5,15,26,27,2,8,3,12,23,14,5,14,14,13,9,20,43,6,8,4,13,7,258,17,28,24,15,14,31,122,0,19,5,125,32,11,16,3,30,43,16,29,82,11,4,13,33,56,32,5,14,25,35,47,137,3,6,48,21,12,8,11,2,8,22,7,7,188,146,54,12,4,6,19,69,14,16,14,3,14,90,36,5,8,473,24,33,19,10,26,3,137,139,170,15,35,13,8
"COG2358",2460,3088,3376,3530,3195,2102,2917,5331,3461,3644,3207,2487,3517,3573,3350,2789,3771,2491,2321,2801,2519,3251,3541,4305,4232,1475,1988,3082,2412,2392,2590,3662,3365,3725,3532,3397,1765,2942,3398,3124,2815,3195,2967,3199,2019,2763,1089,9097,3419,2651,2165,3225,2342,2959,2434,1622,1433,3121,2797,2371,1932,3039,3032,2712,2878,3259,3595,3641,3680,949,3341,2057,2699,4049,3145,3271,2644,3054,2174,2741,3628,2742,3211,2576,2108,2630,2410,3643,2695,2972,3290,3017,3346,8790,4803,1981,2992,3034,687,3689
"COG2359",1,1,0,1,1,0,0,1,0,4,0,1,0,0,2,0,0,2,96,0,0,0,6,0,0,3,0,3,0,0,0,30,0,2,0,1,2,0,1,0,0,0,0,6,32,0,0,0,5,0,8,0,1,0,11,5,113,0,1,0,6,1,0,2,0,0,3,0,0,1,0,4,1,0,0,12,2,0,0,0,0,3,0,0,1,1,2,0,1,0,1,0,1,0,0,21,0,0,0,0
"COG2360",711,869,649,1821,1756,971,708,1533,724,1077,378,818,933,777,1209,609,764,690,618,460,597,818,1690,682,1695,424,954,1516,1295,820,841,1379,804,2404,602,1488,1167,506,1367,626,579,813,1501,828,1596,399,222,1623,1414,1769,765,1047,911,931,1136,868,697,575,800,289,674,901,826,924,573,827,1944,580,519,699,1265,1613,543,469,807,846,1869,583,1814,1006,1294,1554,1525,1998,364,503,1509,785,831,870,752,1066,912,1870,1364,542,719,782,1746,473
"COG2361",1,4,0,0,27,2,2,2,3,34,4,2,1,6,13,4,1,8,53,0,0,5,14,1,34,4,11,10,2,0,7,59,7,5,1,42,32,3,14,2,12,0,33,3,193,1,31,3,21,46,13,1,1,9,5,53,153,2,0,3,32,4,10,5,0,0,2,0,5,29,57,21,1,14,1,3,26,13,28,1,27,3,45,0,1,2,37,5,63,1,0,31,1,23,16,65,8,7,12,0
"COG2362",76,88,159,53,328,25,95,15,271,1416,101,89,537,282,572,257,141,94,6,215,140,66,682,191,0,13,209,708,17,73,469,5,54,323,192,596,5,384,891,130,106,298,692,41,85,336,37,51,1074,407,152,101,54,572,474,61,1363,124,98,145,26,39,92,58,100,115,2,248,253,8,733,384,64,34,139,24,715,177,361,96,30,591,668,24,197,396,0,762,1858,342,123,1578,131,0,0,7,68,951,65,177
"COG2363",234,181,157,570,688,120,88,533,284,564,120,149,320,276,349,305,122,167,427,260,236,267,426,169,257,206,559,424,283,153,524,540,173,472,212,474,532,243,381,165,223,353,421,151,864,259,86,299,621,659,236,390,121,443,304,403,422,159,198,184,410,346,184,177,172,201,723,338,246,264,442,609,164,289,174,164,569,332,802,305,237,365,547,745,196,397,189,362,646,330,242,599,217,698,227,417,84,404,788,213
"COG2364",779,987,877,701,296,825,599,2,883,346,1119,629,641,706,623,799,864,828,225,944,632,789,518,888,39,290,216,586,675,691,428,49,614,234,937,387,167,902,532,853,835,700,543,573,9,966,276,1,602,232,2240,2139,2367,1315,1868,611,122,2430,2830,2913,458,2514,2733,2711,2712,3145,2146,2513,2973,209,1306,1138,1852,346,2245,2216,1666,1889,744,1994,2421,1555,1309,1765,3478,2224,656,1604,667,2205,3175,760,2764,42,185,461,2487,1650,142,2721
"COG2365",812,957,726,968,826,724,787,2226,1101,520,568,707,947,883,622,678,914,771,382,642,867,777,581,829,1435,173,818,878,1015,780,700,671,1015,909,887,1134,187,978,602,689,743,757,868,1208,523,676,191,1336,998,750,263,183,219,328,207,243,77,218,244,120,129,249,246,296,280,396,257,296,310,285,343,319,257,113,240,341,307,219,170,302,427,201,280,318,282,253,567,252,134,279,407,208,270,163,648,104,237,305,44,234
"COG2366",4679,6011,4804,7868,9361,3265,3075,5254,6396,8353,4009,3993,6427,4771,7427,6758,4291,4506,4591,7337,5324,4733,7992,5698,5916,2448,6237,9051,4351,4222,7515,6767,3503,9367,5080,7857,5567,6250,9561,4427,4800,7137,8876,3629,5691,7402,2462,2898,11115,9041,5970,7056,3512,7037,6316,4117,9644,4241,5410,5055,3911,5393,5628,5114,4448,5805,7714,6696,6560,4067,8773,9795,3420,3460,4127,2913,10021,5772,8477,5248,3122,7352,8253,9683,9113,9402,7156,8496,13214,6585,5781,10487,6682,10160,4044,5116,3065,9984,9120,5712
"COG2367",877,318,617,227,482,95,300,785,365,871,99,111,878,674,470,771,796,189,221,360,843,243,684,604,2920,765,2619,530,248,76,792,823,1473,196,379,669,235,146,535,260,313,1059,548,265,605,412,133,1054,680,499,124,83,25,373,85,348,119,107,109,79,85,53,237,130,114,52,2,152,213,356,231,170,360,57,239,114,71,389,105,273,155,126,191,67,184,173,1242,293,196,170,50,297,97,212,301,56,48,324,95,358
"COG2368",582,470,975,1310,3417,486,1002,830,2530,1256,1136,929,2751,2027,2786,1375,1306,744,78,1755,1347,1156,3719,957,614,289,447,5327,612,603,2444,731,1765,4399,1914,6927,205,1562,5025,1205,1143,1027,5751,765,105,2331,604,181,5394,3020,415,1309,747,1429,6870,553,222,1088,1605,832,517,671,1284,808,1274,1489,623,1202,1770,139,7101,2305,1294,449,1203,996,4449,1025,3535,647,701,5259,5132,1297,377,759,344,3629,1974,2771,1486,2534,453,1821,808,75,1451,4045,143,1018
"COG2369",31,55,4,13,742,5,2,130,10,28,6,7,4,10,69,17,5,14,554,9,14,0,116,0,649,486,217,36,43,14,94,915,5,414,3,140,636,24,26,23,22,132,55,20,653,2,38,515,47,771,8,8,0,21,11,35,163,4,2,10,210,6,11,1,0,0,7,16,7,118,27,145,15,327,1,2,4,6,221,24,2,25,88,4,0,17,184,26,13,3,1,11,0,60,170,80,1,11,207,2
"COG2370",308,351,160,541,227,86,123,480,244,358,300,302,335,410,248,459,221,121,151,402,315,151,214,124,263,101,357,111,238,61,470,275,209,89,328,165,136,265,128,153,209,535,96,243,374,416,92,444,100,243,53,71,37,99,55,67,38,50,109,52,55,72,39,100,82,164,183,135,125,57,27,171,76,53,75,213,19,97,31,84,98,45,32,110,54,210,51,144,38,139,131,50,100,93,91,40,43,116,266,123
"COG2371",458,256,709,230,352,786,1175,315,448,514,646,953,506,739,416,513,580,779,238,390,1007,752,573,477,275,425,760,280,697,895,451,468,1105,241,438,292,199,276,346,811,723,318,292,934,599,431,126,522,235,269,347,563,722,712,243,798,142,863,582,661,144,705,663,658,756,355,29,459,254,213,242,371,1054,241,840,1075,127,913,714,724,860,510,272,162,38,137,156,146,348,224,353,455,172,821,237,163,899,226,294,529
"COG2372",9,7,12,3,47,5,49,2,43,63,5,10,416,173,65,8,12,10,9,14,22,29,50,7,86,6,22,113,17,3,380,20,27,26,33,178,0,5,115,8,18,69,129,85,253,140,114,5,203,99,7,8,1,497,82,9,4,7,12,27,6,37,7,10,19,8,0,29,3,87,129,67,15,10,21,17,109,20,46,12,39,78,91,2,2,29,659,277,83,192,6,96,5,19,188,3,31,199,11,2
"COG2373",1108,984,498,1250,1346,499,343,5727,802,1286,148,388,1062,1091,1132,737,364,809,1214,98,651,206,1451,519,4829,731,1215,1240,609,489,1264,1815,463,974,602,1456,355,339,1307,528,566,854,1297,716,906,91,299,4033,1382,1733,1684,526,469,1410,436,3008,1315,350,672,221,1719,818,654,814,525,426,1102,805,485,1169,1287,1099,849,1787,706,369,2617,1215,2680,1246,253,1380,1994,1102,153,156,3645,1405,250,1283,460,953,847,6735,7366,2831,233,1299,522,687
"COG2374",1730,1783,1898,2433,3782,1444,3159,292,2386,2565,1095,1776,2775,2080,2142,3110,5006,2102,1586,1722,2153,1812,2559,3242,1037,1592,3839,2064,1884,1558,2786,3341,2820,2286,2244,1972,4858,3303,2369,2392,2556,2892,1723,3483,5826,1937,680,265,1844,6118,2309,3829,1396,3289,1286,2435,4921,2844,1230,1367,2357,1253,3574,1801,1493,1513,2044,2399,2748,1656,1900,4596,1600,583,2731,1536,1655,2984,6666,2189,1757,1885,2385,3162,3818,3369,427,2125,4414,2337,1428,5479,1746,1706,719,2355,1724,2708,8676,2545
"COG2375",755,793,264,299,1259,283,44,1236,205,35,56,68,102,188,336,211,130,500,666,184,247,42,493,385,1519,529,1030,420,105,681,598,1533,92,1484,64,574,1613,213,178,175,183,721,204,281,1691,117,102,1610,301,1269,691,523,257,371,545,629,545,101,222,91,563,422,408,569,85,263,1021,406,267,904,498,1323,186,221,171,69,159,324,680,676,63,378,605,268,944,835,2056,369,144,613,243,149,532,1849,1498,462,125,180,2324,439
"COG2376",1043,1453,971,1168,659,1476,1507,534,1392,1050,1919,1353,1307,1554,1352,1403,1419,1082,231,1842,1172,1403,1338,1161,1138,397,528,1367,1122,1086,1178,267,1258,640,1717,1158,273,1584,1278,1559,1498,1842,1321,1586,117,1879,301,768,1105,501,1095,639,1543,1123,1193,434,135,1395,1514,1490,501,1674,1034,1630,1483,1373,909,1617,1717,194,1589,677,1305,320,1488,1530,1053,1558,659,1045,1284,1424,1717,845,967,1611,2362,1671,651,1249,1549,696,1209,611,1176,195,1513,1534,114,1673
"COG2377",5258,6216,5397,5188,2966,7593,3905,2373,4813,4224,6917,5303,3534,5039,4251,4720,5421,4961,2087,6385,4912,6451,3146,6397,1908,2426,4718,3085,6894,6413,3772,2375,5867,3323,5392,2692,2612,4211,3307,4796,5127,5094,2775,5395,2996,5485,1796,2128,2760,2914,5462,3606,7135,3675,3037,3785,2677,5289,5491,7035,1987,6283,5494,6049,5615,6116,5865,5778,4777,1319,2824,3082,5106,1475,4284,5348,2759,5764,3094,5621,7022,3140,3121,5960,6474,5802,1337,4060,4314,4427,5963,3828,6274,3671,1865,1529,5515,3543,3091,6834
"COG2378",452,323,251,549,3592,306,265,2064,520,1702,239,302,777,494,923,673,287,398,1531,544,567,324,1831,260,2446,1184,2509,1498,459,238,1399,3110,515,1360,329,1947,2692,701,1139,360,1089,1149,1347,679,3463,394,275,1487,1327,4626,582,1016,254,1209,1529,1378,1419,204,282,288,1996,292,363,236,307,309,336,708,629,1721,1294,4750,623,980,355,251,1049,584,4099,699,418,1571,1611,565,806,1068,4377,1435,1869,750,319,2172,144,3508,3205,1905,277,832,7890,301
"COG2379",849,888,941,1254,1608,874,1158,1303,1353,1408,597,859,1534,1550,1639,689,1289,755,382,1099,961,828,1602,1134,784,317,684,1930,1271,891,1778,1161,1065,4095,1099,2580,208,840,2212,874,767,659,2573,1032,814,1349,251,1868,1280,715,905,1171,930,1156,3936,985,564,823,850,472,311,973,871,998,858,855,1459,676,605,241,2588,657,859,536,1048,1046,1345,613,1527,1149,1533,2805,2488,1112,591,523,906,2025,1807,2053,834,1833,952,1798,920,297,1070,2383,188,671
"COG2380",0,0,0,0,0,0,0,0,5,0,0,0,11,13,0,1,0,0,0,1,3,0,0,0,0,0,1,0,0,0,16,0,0,0,4,0,0,1,0,0,1,10,0,0,0,10,0,0,0,0,0,1,0,118,0,0,0,0,4,0,3,0,0,0,6,2,0,7,7,0,0,0,10,1,0,3,0,3,0,2,0,0,0,0,0,52,0,16,2,16,4,0,0,0,0,0,0,16,4,5
"COG2382",212,195,101,185,234,109,133,581,322,138,41,133,398,320,244,160,55,166,30,9,178,189,369,89,152,73,279,327,118,162,409,130,257,80,107,271,68,50,279,219,105,166,229,134,128,41,20,214,389,346,219,106,95,378,84,393,259,109,125,59,264,202,106,269,120,138,74,156,78,128,370,338,134,30,142,85,449,375,140,211,135,304,558,99,29,74,416,268,185,314,144,141,168,105,127,67,76,383,1081,213
"COG2384",6,0,0,92,135,0,2,1,8,0,2,0,14,20,1,4,2,1,8,7,39,5,15,0,5,21,5,2,3,0,28,2,4,285,16,10,21,0,6,0,4,46,7,0,35,2,1,3,32,2,1,7,0,14,1,6,49,1,21,0,73,36,5,6,2,12,252,4,0,4,5,0,21,4,2,2,92,12,61,37,18,2,87,97,1,0,0,5,12,6,20,12,0,1,2,24,0,9,33,0
"COG2385",4178,2409,4108,1014,549,1956,6253,1,1578,1781,2368,4858,1377,2677,1284,2953,2965,4926,215,2246,6095,2795,383,2076,15,2259,6166,508,1761,3943,661,37,5240,1839,1699,363,254,2942,504,4709,3535,2280,614,3832,198,1610,599,11,663,307,3533,2544,2624,2990,519,8530,714,4301,2558,2742,348,2803,3958,3105,3619,1015,258,2239,2750,772,525,1287,6345,304,5379,5094,578,4655,245,2948,1690,449,412,1052,1175,1522,14,559,1179,1098,1105,1384,2620,5,10,251,4330,740,78,4060
"COG2386",1235,1366,920,1338,1518,1844,1071,866,1404,1894,1131,1311,1867,1282,1539,1168,1126,1019,580,1138,1187,1439,1754,1163,1156,492,1126,1812,1565,1565,1796,1285,1351,935,1067,1840,1045,981,1726,1001,1045,1396,1602,1325,1220,1278,307,963,2039,1810,1183,1146,1608,1555,1066,905,1278,934,1185,1123,657,1620,1168,1317,977,1458,1562,1232,1124,638,1677,1523,956,449,999,1120,1962,1078,1758,1246,1598,1473,1554,1304,1162,1537,809,1654,2142,1566,1445,1884,1291,1808,738,544,1104,1752,1539,1130
"COG2388",8,29,5,16,159,13,6,422,20,55,7,5,17,33,38,19,8,7,151,4,17,2,66,3,544,49,123,47,21,7,77,364,3,76,14,123,70,18,41,5,14,32,47,56,491,15,6,302,39,106,11,23,8,83,43,41,77,2,14,31,143,4,9,4,8,5,7,7,12,320,74,96,34,196,13,18,17,38,187,33,2,51,161,15,8,16,859,34,19,14,5,108,0,389,686,171,10,72,52,4
"COG2389",352,32,312,52,1,0,64,0,16,89,0,2,47,20,26,7,209,5,4,0,70,55,2,275,0,362,68,1,91,0,8,0,41,1,90,1,2,5,0,38,39,20,2,29,6,7,33,2,1,0,31,65,2,46,0,489,7,89,89,4,4,53,186,115,44,10,1,2,2,0,1,6,94,1,309,133,0,8,0,31,136,1,0,34,3,22,0,8,2,43,6,1,67,0,0,6,5,10,2,11
"COG2390",172,372,330,551,628,112,303,844,321,224,83,191,158,163,315,258,324,162,212,171,135,151,370,517,694,205,284,385,326,134,220,716,303,560,104,645,764,93,270,159,363,310,424,400,702,109,192,861,280,843,146,634,89,289,207,216,292,176,327,145,278,693,302,402,180,213,748,100,170,524,416,275,173,79,330,141,423,148,1073,336,626,210,556,521,48,110,1729,145,186,157,221,312,464,426,908,154,232,236,731,166
"COG2391",493,589,1285,2931,2048,221,1112,2269,881,2602,442,501,1182,859,1819,891,2124,384,729,424,611,669,2208,1826,2414,324,732,2101,1180,231,912,1571,1114,2288,781,2640,615,674,2172,832,592,768,2175,744,1426,515,469,2323,1942,1434,428,1626,296,912,1684,552,1053,865,654,455,654,1016,1568,909,676,852,2474,574,905,634,2337,1029,697,602,1702,618,2972,787,2068,593,1959,2092,2182,2327,370,514,2030,946,1639,651,841,1968,701,3933,2184,510,916,1611,341,696
"COG2401",13,2,3,1,1,4,5,481,4,0,4,0,3,9,1,7,7,1,241,0,2,2,3,1,225,1212,1,0,1,1,0,10,7,3,2,14,25,3,0,5,3,4,11,7,12,4,163,440,0,2,6,0,1,8,0,1,22,1,6,5,65,4,2,1,2,2,22,2,6,85,0,0,8,74,4,6,0,3,6,4,3,0,14,3,0,0,57,0,1,16,1,0,6,57,173,204,1,1,2,1
"COG2402",4,0,0,2,1,4,6,0,2,29,0,5,7,9,1,0,3,2,5,0,2,0,0,0,23,1,1,2,3,0,3,0,0,0,2,4,0,0,4,1,4,3,3,13,2,0,0,4,3,5,6,0,9,18,1,15,30,3,1,3,3,0,4,1,2,0,0,14,1,0,2,2,2,6,0,7,13,8,2,3,11,0,1,4,0,1,67,2,44,7,0,18,0,17,28,75,0,0,4,5
"COG2403",2,3,55,0,125,0,0,0,0,1514,0,0,1,1,260,0,13,2,0,1,0,0,129,82,0,2,1,163,0,1,2,5,0,93,0,123,1,14,207,0,0,0,217,0,152,0,526,0,193,57,8,0,2,0,158,8,2119,0,1,0,0,0,39,13,0,0,0,7,1,0,264,203,0,1,34,0,78,0,107,0,0,119,159,0,0,1,0,24,2930,1,0,2032,10,0,0,0,0,109,0,1
"COG2404",14,1,15,7,24,0,15,82,1,20,10,16,27,7,8,16,2,10,104,2,3,13,14,2,58,126,28,14,6,15,19,118,27,17,1,27,69,12,11,15,5,65,7,6,190,5,33,124,21,15,13,63,21,62,31,49,3168,6,1,21,490,24,34,2,5,5,8,31,9,187,58,58,14,433,23,31,41,12,49,13,22,11,38,6,17,73,139,138,66,60,5,83,9,69,401,275,70,69,46,15
"COG2405",0,3,0,0,0,1,0,1,0,1,0,0,0,0,1,0,0,0,0,0,0,0,3,0,4,0,0,0,0,1,0,1,0,0,0,0,1,0,0,0,3,0,0,0,9,0,0,3,0,0,0,0,0,0,2,1,104,0,0,1,0,0,0,0,0,0,0,0,0,0,0,0,0,0,0,0,0,0,0,0,0,0,0,0,1,0,2,0,30,2,0,6,0,3,0,0,0,0,0,0
"COG2406",9,1,0,51,317,0,1,0,258,32,1,0,207,278,410,80,34,1,1,288,150,0,496,1,0,33,14,554,0,0,297,179,105,1168,186,716,10,38,614,4,42,18,931,0,20,391,12,0,243,83,36,7,0,135,1621,23,29,8,90,1,32,0,2,1,32,103,0,21,75,0,785,68,137,59,1,3,415,17,435,16,0,1028,757,49,1,8,0,381,143,146,96,258,0,4,0,1,3,743,7,0
"COG2407",416,367,558,967,328,1089,569,351,689,1166,489,801,762,568,631,634,762,538,86,422,495,734,692,745,35,61,244,683,776,892,334,88,685,190,486,517,11,466,599,755,527,387,752,596,4,498,117,17,682,305,408,530,879,427,360,398,67,658,668,427,32,772,808,597,561,953,521,432,500,47,657,429,444,20,1089,619,964,554,282,584,896,652,669,936,275,359,28,407,677,425,943,707,414,57,39,32,728,518,40,504
"COG2409",1043,760,909,161,454,194,815,663,1882,522,252,486,3588,1714,786,2635,1446,988,290,1009,2161,61,260,634,1100,239,1126,830,95,282,2441,511,626,182,2076,1574,97,2005,503,750,1305,1862,755,1184,27,1874,370,8,1155,613,1627,1090,340,2895,462,498,206,1066,1489,597,339,472,416,688,1143,1467,400,1104,2163,2308,1353,620,1072,210,895,218,1093,1517,386,2030,90,206,731,85,654,2012,6097,2404,822,2189,1577,851,560,12,1583,271,696,2235,492,1079
"COG2410",1,0,0,0,55,0,0,0,14,6,0,0,113,26,6,0,1,0,0,3,3,0,4,2,0,0,2,50,0,0,83,0,1,4,0,114,0,0,27,0,2,11,30,0,4,21,1,0,88,48,0,0,0,113,15,1,14,0,2,0,2,0,0,0,3,1,0,7,0,0,80,25,1,2,0,0,74,0,33,0,0,8,24,0,0,4,0,106,46,28,0,41,0,0,0,0,0,64,5,0
"COG2412",4,3,13,16,182,0,0,0,91,44,2,0,85,134,254,44,21,0,0,132,61,0,283,10,0,21,1,353,0,0,255,94,45,667,101,495,1,36,376,0,13,14,515,0,116,173,64,0,156,49,13,2,0,42,929,1,513,2,39,0,27,0,6,0,23,53,0,8,46,0,533,42,70,24,4,2,219,0,265,4,0,617,459,24,1,6,0,260,197,256,45,206,4,2,0,1,0,403,3,0
"COG2413",14,25,8,0,6,4,1,252,32,96,0,0,5,14,53,1,12,15,1,18,10,0,13,6,2,9,14,10,0,0,20,27,8,0,20,5,3,5,13,1,11,9,6,0,4,12,5,1,21,11,26,5,3,17,6,35,32,2,25,0,19,3,3,26,22,38,4,5,17,2,10,18,18,6,9,0,31,10,6,9,0,8,42,0,35,15,0,37,11,26,29,33,27,0,1,7,0,13,5,20
"COG2414",286,236,330,195,1194,69,810,75,779,5934,122,235,1851,872,2046,574,1254,233,178,151,439,280,1415,760,627,90,347,2236,186,52,1339,139,919,407,534,2458,21,314,2260,351,335,477,1719,497,254,394,108,5,2593,1378,157,280,114,1261,676,212,2465,489,312,96,67,91,470,195,348,261,56,250,428,35,2326,931,380,104,533,304,2613,507,1139,454,291,1294,1497,140,164,336,96,2127,6707,1000,289,5609,177,120,335,38,344,2077,179,290
"COG2421",733,474,355,427,2055,845,656,3726,753,1230,220,568,1743,774,814,627,474,596,981,436,525,484,1058,414,2912,492,1052,2139,600,723,1647,1079,562,981,439,3223,432,657,1459,492,674,802,1704,686,867,472,209,2330,2870,1980,564,395,779,1376,811,754,1712,393,422,440,850,551,427,372,390,342,731,548,405,495,2580,1321,447,1049,523,365,2238,570,2284,576,790,890,1835,346,417,801,2786,2087,2464,1306,391,2150,311,3649,5104,811,431,2556,530,513
"COG2423",1319,1236,956,1972,2196,638,825,1428,2118,3606,707,619,3974,1969,2433,2017,1241,647,1342,2074,1754,680,2588,1007,1139,3127,1247,3197,795,778,2760,1772,1395,1781,1749,3000,1069,1881,3181,841,1022,2487,3225,634,882,2227,1509,2126,3968,2536,1180,1034,672,2549,2329,828,2870,828,1466,654,1416,827,891,992,1151,1613,2947,1778,1707,367,3510,2331,1292,15623,1319,648,3483,1359,1773,1306,924,2445,2626,1671,1769,2767,899,3162,4793,3273,1814,3280,1062,2633,1266,877,701,3545,848,1572
"COG2425",77,20,101,79,11,11,20,113,36,6,28,10,40,74,21,59,86,34,1496,2,40,11,2,38,77,571,41,4,5,12,90,178,2,6,133,5,132,155,0,28,50,40,7,49,381,76,2596,368,11,0,40,27,7,32,22,59,1009,14,35,6,2284,144,66,9,51,60,13,3,51,90,4,14,118,2943,231,57,6,18,49,6,6,4,1,48,8,0,13,82,12,41,45,24,18,2,110,313,6,28,88,17
"COG2426",110,117,94,83,19,2,59,14,434,50,70,128,219,229,77,281,428,215,23,209,459,24,9,44,5,21,87,27,4,22,142,18,96,18,210,11,9,703,5,166,287,67,5,68,82,225,326,82,26,26,89,23,1,70,2,36,161,110,69,11,9,0,17,23,104,82,24,23,45,4,3,3,63,4,101,15,7,73,1,63,3,0,3,30,23,42,9,81,37,39,60,21,6,8,7,14,24,43,12,147
"COG2428",2,0,0,0,0,1,2,0,1,5,0,1,0,2,0,2,0,0,0,0,1,0,1,2,0,0,0,0,1,0,0,1,3,0,0,0,0,0,0,0,0,0,0,5,12,0,0,0,0,0,0,0,1,2,0,0,99,2,0,0,0,0,0,0,0,1,0,1,0,0,0,0,0,0,0,3,0,1,0,0,4,0,0,0,0,0,0,0,30,0,0,6,1,0,0,0,0,1,0,0
"COG2429",9,0,0,73,411,0,6,0,365,66,2,0,321,382,532,123,42,0,0,390,183,0,686,0,0,34,3,757,0,0,668,176,140,1556,291,934,5,50,833,2,42,39,1187,0,24,556,16,0,364,112,35,10,0,136,1926,7,57,5,118,2,71,0,0,0,51,134,0,23,127,0,1147,108,216,75,0,4,473,1,649,17,0,1366,979,51,6,12,0,675,216,555,140,302,0,3,0,0,3,1029,24,1
"COG2430",0,0,0,42,9,0,0,0,55,30,0,0,3,5,5,0,0,0,0,5,0,0,1,0,0,0,0,7,0,0,0,0,60,0,10,16,0,0,2,0,0,0,6,0,1,2,1,0,44,8,0,0,0,0,0,0,16,0,16,0,0,0,0,0,2,43,0,0,0,0,2,0,0,0,0,0,63,0,5,0,1,1,10,35,0,0,0,0,36,0,51,41,0,0,0,0,0,4,0,0
"COG2431",2,3,2,0,57,1,5,31,7,0,8,2,20,29,8,3,4,8,81,3,9,1,85,1,142,80,26,8,6,4,151,109,2,17,2,124,177,5,6,13,0,90,37,8,19,5,27,147,7,202,2,4,3,34,13,130,24,0,5,18,59,3,33,18,2,0,1,16,12,27,32,40,2,16,1,29,6,1,89,15,11,27,18,1,0,6,50,22,1,10,1,24,2,318,21,29,7,13,139,4
"COG2433",0,0,3,0,0,0,1,0,0,12,0,0,1,0,0,0,27,0,0,0,0,0,0,4,0,0,0,0,0,0,0,0,0,0,1,0,0,59,0,3,0,0,1,0,4,0,41,0,0,0,0,0,0,0,0,0,49,2,0,0,0,0,21,1,0,1,0,0,0,0,0,0,0,0,54,0,0,0,0,0,0,0,0,0,0,0,0,0,61,0,0,11,0,0,0,0,4,0,0,0
"COG2440",5,5,2,1,27,1,1,4,4,25,0,0,11,11,42,9,8,4,1,2,12,4,36,1,20,0,14,64,5,1,3,14,4,88,1,72,0,27,54,12,7,18,74,1,3,2,5,6,28,9,23,5,1,5,116,18,3,14,1,0,6,1,2,4,1,0,0,9,41,5,71,14,3,9,6,1,23,5,49,10,5,53,67,1,2,8,73,24,15,6,2,28,4,23,30,1,1,46,6,10
"COG2442",1,5,1,1,13,14,8,6,1,12,3,5,7,3,5,4,17,11,19,0,0,12,12,9,32,6,2,4,7,2,3,28,11,2,3,44,9,2,3,5,7,4,11,6,30,3,4,6,13,17,16,0,3,16,9,17,66,4,0,7,45,13,13,7,2,0,0,1,2,12,50,23,0,36,5,0,24,9,12,3,32,3,10,0,3,2,183,15,89,6,1,31,3,105,132,26,7,2,3,2
"COG2443",60,77,86,38,25,10,67,0,146,17,24,49,206,99,97,209,98,58,21,70,177,1,50,79,0,13,92,92,14,34,102,1,26,21,196,31,2,216,102,53,99,99,87,47,29,80,28,0,103,22,121,101,33,128,65,49,124,87,139,43,13,41,28,54,90,159,76,84,180,16,53,39,100,6,58,16,16,84,31,214,2,58,87,9,40,64,0,81,25,98,143,12,48,0,0,15,38,232,34,64
"COG2445",0,0,0,7,24,0,1,29,3,28,0,0,1,1,2,5,0,8,8,0,0,2,0,1,102,2,3,12,3,0,1,79,2,47,0,16,6,0,1,0,0,3,9,10,274,0,0,2,8,24,2,3,0,5,5,11,87,0,0,2,20,2,1,0,0,1,0,1,0,9,0,2,6,13,0,0,28,3,182,5,4,0,11,7,0,0,35,3,61,5,0,14,0,358,104,99,0,1,5,0
"COG2450",7,0,2,1,1,1,5,0,16,16,0,9,42,21,20,69,13,3,2,24,39,3,5,0,0,4,14,4,2,7,16,0,11,3,12,4,1,15,20,18,14,31,8,7,1,28,1,0,18,3,14,5,2,45,6,14,0,5,6,5,2,0,3,2,11,13,0,3,28,4,6,3,13,3,3,2,5,26,2,14,2,9,6,0,0,12,0,15,6,11,13,17,0,0,0,2,23,29,1,31
"COG2451",8,14,11,12,1,2,4,0,15,29,0,0,3,12,9,11,23,0,0,0,7,1,2,11,0,9,3,0,0,0,0,5,2,0,21,2,0,35,1,1,4,7,0,10,123,0,120,0,2,0,16,4,0,2,1,3,705,2,12,0,1,2,11,9,12,12,14,1,14,0,1,5,39,0,23,10,2,5,1,0,6,1,1,1,1,0,0,0,125,2,11,78,9,0,0,1,0,0,0,7
"COG2452",6,3,73,223,44,4,1,3,8,110,4,4,15,37,15,9,2,0,7,4,7,1,283,2,0,34,16,86,20,3,190,3,5,24,2,40,837,3,67,0,0,271,60,1,200,1,6,0,49,40,3,44,7,8,34,1,300,3,3,1,156,2,20,3,5,2,2,17,10,4,31,22,59,8,1,11,36,2,47,1,4,31,174,222,2,17,0,46,187,15,3,86,6,7,0,20,0,53,32,12
"COG2453",516,543,360,833,675,379,378,194,843,507,247,356,757,851,829,739,503,370,380,627,645,546,806,390,42,428,339,1040,563,355,916,627,679,1457,910,1300,149,391,939,372,506,495,1314,801,785,813,115,246,836,359,560,329,325,572,2076,287,176,345,681,183,342,451,310,568,564,768,679,376,511,165,1316,313,847,536,567,629,799,385,731,542,733,1394,1238,800,218,466,55,1034,691,945,761,727,524,94,80,516,401,981,158,384
"COG2454",0,0,0,0,9,1,0,175,0,0,0,0,0,0,0,0,0,15,6,0,1,0,1,0,0,0,0,0,0,0,2,0,0,0,0,1,0,0,0,0,0,1,0,2,0,0,0,0,0,0,14,0,0,2,0,1,1,0,0,2,0,1,0,0,0,0,0,2,0,2,0,0,0,0,0,0,0,0,1,3,0,1,1,0,0,0,0,3,0,1,0,2,0,0,0,3,0,0,1,0
"COG2457",9,10,47,11,10,3,20,10,5,25,9,11,8,11,6,2,39,12,0,3,3,1,12,44,9,0,9,18,11,8,13,1,9,5,7,10,0,20,6,10,4,8,15,16,1,3,4,0,4,5,10,9,51,13,10,11,15,5,0,8,2,1,23,3,3,12,1,5,2,2,12,0,1,1,9,19,10,9,3,13,10,14,20,6,8,5,6,22,41,6,5,43,11,0,41,0,13,14,1,4
"COG2461",0,0,0,4,0,0,0,0,0,859,0,0,0,0,216,0,0,0,0,0,0,0,92,23,2,1,0,2,0,0,0,0,0,0,0,0,2,0,192,0,1,0,64,0,46,0,0,0,0,1,3,7,0,0,7,4,691,0,0,0,0,0,0,0,0,0,0,1,9,0,4,14,0,0,0,0,0,0,0,0,0,96,1,2,1,1,0,1,1366,4,0,953,0,24,0,0,0,0,0,0
"COG2501",312,172,236,104,7,104,458,140,49,1,113,336,42,182,61,137,166,302,31,62,327,105,3,81,12,146,442,7,92,239,61,18,378,3,78,20,2,47,1,250,138,125,38,332,17,25,42,1,28,17,285,98,163,252,13,617,15,260,123,148,10,200,238,200,213,34,53,98,140,63,15,75,347,19,249,331,107,211,15,201,152,10,6,107,1,18,3,6,1,53,32,6,129,17,7,13,242,6,38,249
"COG2502",1,1,0,0,158,1,0,13,0,5,0,3,2,0,7,1,0,2,40,2,28,0,68,3,204,59,4,1,5,1,17,38,7,228,1,10,146,0,7,1,1,128,12,2,17,0,3,26,56,3,6,3,1,12,4,17,99,0,0,0,211,1,25,2,0,0,30,1,1,0,16,6,1,7,0,2,5,2,90,50,21,6,177,0,0,1,42,1,34,1,2,11,0,35,9,57,0,4,16,2
"COG2503",964,1200,516,822,506,1035,600,903,610,144,873,812,468,589,516,476,817,609,417,924,719,746,451,684,1200,347,672,294,1205,907,440,843,512,372,749,257,962,512,238,509,806,686,260,717,800,785,171,1197,228,996,1159,723,946,636,290,590,327,637,971,685,285,865,945,1166,718,938,507,678,373,471,165,338,622,308,567,575,276,646,670,924,632,344,323,956,1226,1064,1341,255,207,732,904,258,1014,374,1260,366,679,403,756,780
"COG2508",12,40,1,4,39,33,22,237,17,109,1,6,14,14,49,18,4,69,136,1,5,2,19,5,328,52,150,50,16,8,43,242,11,29,2,260,47,18,37,14,25,69,107,202,80,5,9,32,13,80,60,18,14,74,63,28,29,4,9,47,173,18,24,14,5,0,0,10,27,505,227,145,2,227,8,13,19,35,42,4,23,31,164,2,5,14,1406,89,150,9,1,137,5,66,605,167,56,97,59,2
"COG2509",1305,645,1148,2567,967,189,335,851,303,363,121,136,222,350,350,333,676,236,4036,70,654,198,149,945,1182,2371,532,158,453,218,336,969,289,2000,689,241,964,758,84,382,652,243,164,661,911,98,2623,751,246,250,567,472,164,364,158,1852,1128,446,596,127,1825,694,1115,835,523,452,2200,223,297,4700,119,1064,1035,1521,1302,583,1036,221,401,634,705,187,393,2990,166,139,1473,327,156,244,456,183,777,382,731,719,239,229,1573,175
"COG2510",0,1,0,0,7,2,0,28,1,1,1,0,13,1,1,2,3,0,2,0,2,0,0,1,34,6,0,8,1,0,24,1,0,1,0,8,2,0,1,0,0,1,8,2,24,0,18,18,1,2,0,6,1,30,2,1,8,0,0,1,4,2,0,0,0,0,0,5,0,28,2,0,0,3,0,0,0,2,2,1,0,1,3,0,0,0,43,20,3,1,0,1,0,2,26,2,4,6,0,0
"COG2511",299,200,302,127,412,36,196,0,803,240,65,150,849,661,732,851,504,207,93,602,886,7,609,193,0,95,308,793,16,93,995,156,232,1132,844,896,27,643,939,252,359,351,1221,143,261,778,198,0,638,187,1445,1039,252,1426,5005,437,4342,857,1695,240,259,309,322,574,1180,1673,372,694,2164,157,3192,597,1458,322,702,195,1817,733,1566,1889,18,3588,2744,227,450,655,0,3140,1419,2708,1742,1389,471,15,2,213,492,4221,325,829
"COG2512",17,1,1,78,638,0,6,0,424,88,7,0,535,521,793,115,58,0,0,481,252,0,982,7,0,60,3,1109,0,0,949,328,169,2255,369,1640,12,72,1324,4,73,6,1893,0,79,702,21,0,533,191,42,24,0,177,3096,6,408,5,165,1,80,0,0,0,83,175,0,28,98,0,1783,158,289,94,1,5,804,1,954,26,3,1916,1585,84,18,7,0,1018,401,1008,184,556,0,4,0,0,0,939,23,0
"COG2513",4722,4804,4070,3571,4709,5733,3921,2204,5303,5004,5487,4379,5990,5630,5152,3830,4622,4579,2987,6081,4070,4748,5028,4826,2360,2844,2861,6172,4112,4890,6328,2932,4928,6856,5350,7224,2720,4104,5771,4458,4435,5525,6596,4935,2975,6117,2311,4545,5504,4044,4257,3717,5260,5033,8340,2252,3710,4783,4299,5269,2540,4763,4365,4216,4701,5011,3907,5432,4397,1752,7480,3801,4340,2303,3418,4449,5229,4746,4964,4153,4692,6500,6397,2802,5618,5255,2332,6961,4337,6605,5114,5163,4622,2614,1833,1878,4865,6276,2537,5123
"COG2514",29,8,8,17,359,43,38,66,66,40,9,34,270,103,68,28,26,17,55,10,79,27,109,20,116,12,43,407,10,27,175,200,78,181,34,678,24,4,225,28,22,38,351,53,19,38,8,68,616,410,66,32,28,196,161,75,76,24,18,14,62,17,18,17,27,22,3,30,20,177,697,283,48,42,16,25,600,59,324,30,9,104,358,20,3,14,237,234,206,124,21,156,18,154,176,16,36,235,23,25
"COG2515",1188,1085,620,2593,2524,735,930,1618,1249,3049,573,788,1658,1116,2115,1123,984,1023,757,836,859,933,2487,893,601,703,1390,3262,1012,865,1887,2083,1331,1713,931,2406,1537,593,2848,827,915,1619,2732,1192,2357,901,370,2092,3037,2685,1076,1269,808,1262,2218,1121,1667,846,1018,590,997,916,827,1052,814,1113,2832,1136,942,828,2812,3354,780,625,819,815,3011,1207,2757,1098,777,2351,2694,3303,735,1472,430,2293,2003,1555,1114,2896,1113,525,561,866,911,2196,3679,1132
"COG2516",20,6,43,1,193,792,1077,7,154,850,111,1376,167,124,276,135,256,154,83,41,133,219,250,124,268,6,36,371,215,964,101,129,139,277,68,174,11,32,400,242,135,43,434,605,161,58,73,6,395,172,10,35,424,96,44,14,257,74,20,101,11,65,37,1,34,6,0,15,24,69,118,78,41,13,52,118,62,66,40,27,96,75,115,1,0,4,44,51,449,7,10,403,1,327,68,3,164,144,10,29
"COG2518",2460,2848,2255,3523,3258,3110,2051,3455,2583,5338,1836,2276,2810,2173,3963,2270,2394,2058,1090,2002,2588,2404,4209,2550,2832,818,2146,4139,3061,2835,2355,2757,1860,2545,2611,3858,1382,2427,4657,1946,2221,2214,4144,2341,4023,1922,823,2535,4142,2979,2657,2455,2769,2219,3178,2220,5718,2080,2911,1690,961,2841,2234,2984,2301,3014,3920,2049,2107,1131,4175,3092,1952,695,2163,2060,4513,1801,3037,3064,2557,4093,3790,3867,1906,2270,2116,2463,5721,2718,2987,4990,2803,3574,2839,996,2170,3235,1929,2025
"COG2519",631,588,782,451,715,139,466,3,1365,520,556,359,1549,1042,1076,1310,1084,629,325,919,1020,293,957,528,138,371,438,1261,173,275,1323,234,486,1459,1383,1480,153,1377,1286,708,841,862,1744,345,151,1339,689,3,1250,451,803,650,246,968,2431,199,1103,725,976,523,291,297,813,609,840,952,122,699,1198,231,1599,625,748,260,756,361,1042,637,778,748,100,1553,1378,370,1262,649,1062,1558,920,1358,955,809,523,1,260,221,778,2229,194,649
"COG2520",856,717,892,405,978,100,590,0,1870,496,159,365,2185,1367,1866,2327,1560,594,215,1061,1936,18,1543,650,1,202,805,2091,86,267,1374,436,379,2953,2116,2236,63,1954,2224,655,1143,898,2797,473,453,1184,609,0,1545,464,1359,955,259,1291,4163,418,2556,888,1452,238,174,313,350,569,1192,1565,548,545,1626,157,2493,502,1323,150,884,221,1649,751,1340,1794,23,2768,2423,158,427,533,0,1473,1018,1499,1628,1104,493,8,1,215,483,2930,272,726
"COG2521",16,4,6,32,0,0,9,0,25,4,1,0,17,30,4,22,40,0,0,3,37,0,1,8,0,0,1,1,0,1,5,0,0,0,78,0,0,52,0,2,43,2,2,2,0,4,4,0,7,1,3,9,0,8,0,5,1,12,29,0,1,3,5,0,43,25,24,1,14,0,0,0,84,0,51,3,10,3,0,0,0,1,0,2,1,0,0,2,14,5,35,4,0,0,0,3,2,4,4,0
"COG2522",119,122,175,4,38,32,68,0,174,67,19,47,80,104,122,165,172,76,31,71,164,8,29,144,0,14,50,77,15,51,46,8,35,30,168,62,3,86,77,73,203,41,61,20,102,85,146,0,97,26,235,83,33,191,50,62,674,104,62,9,17,27,41,128,159,72,131,11,156,55,109,30,73,1,57,13,44,126,21,284,4,34,59,1,121,40,0,119,201,82,76,127,96,0,0,45,115,71,10,89
"COG2524",0,0,0,13,0,0,0,0,6,0,0,0,14,6,0,1,2,6,16,0,12,0,0,0,0,1,1,0,0,1,9,1,0,1,10,2,0,0,1,0,3,18,2,2,0,5,1,0,0,0,5,5,1,3,0,20,0,0,7,0,8,7,0,0,12,6,1,1,0,0,0,0,40,0,0,2,0,1,1,0,0,0,1,1,1,7,0,6,0,7,6,0,0,0,0,81,0,1,2,0
"COG2602",13,9,4,31,211,25,3,796,8,28,5,6,6,21,33,5,6,14,135,20,21,2,51,9,786,6,33,27,9,5,21,296,1,809,3,102,30,13,43,0,34,44,41,18,185,4,20,449,32,72,15,20,8,36,51,91,212,1,0,16,72,10,12,4,3,0,10,19,7,47,55,65,26,28,10,17,30,52,56,34,1,28,59,39,0,2,523,20,284,11,3,17,4,349,839,32,7,78,7,5
"COG2603",2066,1433,1949,1269,885,1681,2917,1360,1184,864,1052,2443,1131,1475,1524,1697,1773,2487,750,1079,2606,1894,1499,1483,922,992,3401,1255,1775,2175,632,1036,2887,572,1033,1195,461,991,1512,2028,1340,1222,1437,2167,629,674,367,791,1436,914,1985,1163,1699,1691,897,3954,452,2163,1478,1285,371,1946,1983,1964,1663,1024,1671,1141,1425,609,1122,1220,2700,557,2001,2702,1801,1832,1214,1563,2264,1416,1044,1200,821,751,541,427,480,900,1019,573,1486,2167,1242,614,2267,938,218,1721
"COG2604",264,188,266,96,2995,351,192,633,109,315,35,200,197,158,374,135,116,224,883,355,165,243,1297,211,932,1127,1703,1150,554,336,1770,2579,170,1188,79,826,4046,168,619,205,691,776,622,320,2904,45,149,1451,587,4406,123,1448,282,764,819,894,1509,111,53,83,1837,226,216,159,84,53,77,378,223,1103,682,3392,366,599,134,176,472,207,4474,442,358,1103,1246,128,46,523,169,807,497,391,65,693,92,101,510,1846,165,220,7646,94
"COG2605",1296,1511,2349,720,1292,1487,1538,1326,2180,2762,1720,1456,2414,1700,2302,3836,1714,1729,7947,2022,2248,1668,1706,2112,1541,7465,2041,2144,1121,1460,2751,2023,1218,2052,2444,1702,6182,3470,2291,2475,2185,2427,1946,1466,1054,1708,14762,3188,1999,818,1465,1313,1385,1714,2155,1000,3276,2213,2139,1627,10781,1120,1540,1123,2041,1861,963,2688,3569,5845,1986,1817,1796,4861,3423,1470,1833,2174,1007,1639,1055,2021,1758,769,1295,2476,998,2690,2865,1981,1933,2519,1799,87,686,5334,1777,3149,1473,2757
"COG2606",1535,1494,1637,788,1873,1841,1360,453,1926,1903,2467,1411,1838,1796,1757,2101,2350,1563,1653,2639,1423,1541,1818,1688,910,1182,1451,1803,1290,1428,1991,1781,1384,1180,2115,2217,1598,2415,1758,1696,1819,2303,1642,1567,1777,2271,772,603,1868,2212,470,492,609,530,631,382,439,570,578,838,461,392,580,440,611,635,259,802,835,238,545,509,497,487,513,527,458,629,728,439,521,545,583,173,824,728,524,718,539,582,596,501,460,435,253,458,583,633,459,679
"COG2607",230,210,238,233,170,313,181,281,167,111,165,258,243,226,121,121,255,201,143,108,160,219,115,244,259,104,213,120,382,247,159,263,170,97,138,158,114,159,71,192,110,180,81,211,188,133,88,414,115,158,595,449,853,669,306,648,111,540,494,346,317,759,625,924,429,560,659,438,355,304,269,334,386,405,792,724,168,413,304,725,1230,176,377,643,404,592,526,348,212,713,504,275,738,2279,833,324,741,280,152,452
"COG2608",26,23,21,26,297,22,12,205,28,120,11,15,25,57,80,27,32,27,290,4,51,4,149,12,322,82,178,86,20,7,157,601,13,112,47,246,192,71,69,32,48,62,148,138,379,7,40,60,100,247,27,39,13,81,90,118,237,15,19,44,227,6,32,20,35,34,33,21,30,200,177,149,64,346,32,30,108,32,233,46,5,84,216,6,1,26,757,62,396,32,36,208,26,237,298,299,21,71,135,5
"COG2609",11512,11908,11688,9977,8397,12507,10337,4926,13320,5358,15870,11856,11927,11882,10274,12420,13209,12835,4372,14938,10930,12019,10437,13912,5158,4543,7521,10598,11119,11705,10552,4984,9652,8605,14270,9654,5649,13135,10139,12797,12055,12875,10800,11677,4690,13662,3823,3376,12168,8188,11752,12091,12838,9990,9211,5113,2465,13558,11693,15363,4682,10869,11761,10628,12749,14136,12674,13650,14398,2945,10764,9478,9684,3175,9597,10964,12191,11520,8905,11258,12974,9640,9662,7474,14546,13676,5469,12457,5147,11793,14706,5463,12366,5607,4873,3823,12699,13014,6999,13746
"COG2610",723,996,681,716,3046,557,263,2095,1219,701,333,482,835,998,1358,1055,392,508,2881,1024,927,734,1938,599,1680,1450,2496,1660,896,627,1325,3938,696,2840,685,1623,4296,821,1576,667,1196,1331,1542,645,3149,676,657,1452,1717,3688,918,1644,443,1559,1162,976,1510,551,961,562,2122,795,913,923,862,780,391,1111,954,1706,1267,2803,802,2311,621,273,1041,960,3070,1081,429,1431,2350,1012,1215,1130,4504,1067,550,890,744,1280,901,834,2544,2281,339,1220,5512,907
"COG2703",30,63,2,0,178,12,3,202,2,1241,5,5,28,9,133,12,3,24,105,14,13,4,157,28,384,73,57,32,26,6,152,245,4,439,3,233,126,19,55,14,13,72,74,23,121,3,27,22,16,309,21,10,12,24,39,229,116,4,3,14,87,11,39,8,4,1,5,6,47,38,35,81,4,30,1,8,3,10,47,38,3,84,49,0,5,18,82,38,918,23,1,864,3,242,26,233,2,1,373,1
"COG2704",0,0,0,0,0,0,2,1,0,0,0,0,0,0,0,0,0,0,2,0,0,0,1,0,2,1,1,0,0,0,66,4,0,0,0,3,0,0,1,1,0,0,0,1,0,0,0,0,0,0,0,1,0,1,0,1,1,0,10,1,23,3,0,1,0,0,1,0,0,1,2,2,0,19,0,0,12,0,0,0,0,1,0,0,0,0,1,5,0,0,1,1,0,0,1,6,4,0,228,0
"COG2706",609,190,291,345,993,265,354,1182,685,535,64,204,1716,1075,460,574,368,302,62,156,511,221,549,295,193,144,780,1180,177,289,1587,407,517,293,391,1744,57,117,796,503,329,691,856,384,178,412,89,625,1928,1076,471,349,248,1569,232,965,164,309,290,158,169,474,403,537,351,306,92,596,453,372,1617,749,540,188,490,206,2191,720,710,569,314,422,955,263,105,342,1268,2026,424,1385,359,605,411,112,351,84,197,1487,336,459
"COG2710",5853,4419,5117,2315,120,2328,9603,247,1395,442,2036,6577,1560,3165,1309,2726,3675,7000,200,1067,5427,3221,162,3018,1007,2514,7822,254,2577,4752,705,865,5558,67,1509,118,114,2310,129,5233,3040,2413,186,5953,738,553,563,526,93,250,1672,1417,1093,1206,119,3902,31,1682,1076,849,37,1174,1441,1678,1279,258,44,740,895,420,51,510,1991,32,2036,2553,1,2020,16,1511,1051,92,103,758,146,198,602,45,17,452,310,90,1244,96,291,134,1877,42,42,1496
"COG2715",181,132,115,156,762,88,136,827,142,311,132,135,231,136,250,184,126,163,617,128,108,65,269,160,550,214,734,291,165,138,311,835,95,452,154,421,407,253,339,125,112,145,364,166,524,135,42,266,467,298,172,121,129,261,372,317,226,115,69,125,460,148,103,122,93,109,222,171,162,360,330,1198,113,603,116,85,327,110,399,237,35,218,313,252,133,286,268,388,291,236,107,306,177,1858,534,588,92,220,1459,99
"COG2716",133,96,118,515,1322,107,89,538,165,458,31,71,219,207,477,188,125,70,867,169,187,69,891,95,178,552,869,639,179,72,537,1648,225,663,121,446,1689,199,507,101,243,470,476,177,1925,133,61,199,517,1605,62,781,86,514,594,236,779,79,95,63,858,89,90,65,85,179,425,232,158,700,314,1153,221,642,72,110,559,149,1631,280,157,755,735,453,51,331,137,339,311,173,209,431,88,148,103,883,97,192,2610,118
"COG2717",943,1308,1386,1401,851,455,696,635,924,525,1064,547,830,898,693,574,1479,560,553,1030,653,584,658,1659,737,556,597,619,608,454,618,1181,831,389,904,564,1159,1010,575,926,799,902,526,616,972,1011,443,870,548,1274,839,889,408,670,501,448,420,840,961,601,341,1232,1075,1177,876,1480,1621,917,705,560,462,984,690,303,1048,878,551,454,1149,662,723,505,532,961,1139,1015,663,582,428,938,1418,471,1305,1846,560,353,860,571,1287,721
"COG2718",243,126,231,287,1570,48,129,1190,44,154,112,79,162,132,158,136,35,108,4066,131,136,147,549,101,1260,3445,918,351,126,38,613,2523,191,2025,24,581,3331,256,141,102,278,838,281,210,4168,61,1098,1093,219,1920,90,645,28,319,409,395,3558,74,54,103,3240,94,254,78,64,37,190,202,126,1188,186,1089,183,3569,126,103,284,120,1944,350,160,339,457,270,90,451,847,298,224,181,34,423,91,1951,1272,2345,139,126,2710,86
"COG2719",302,133,241,369,2468,68,150,1446,60,191,120,111,189,146,203,147,44,155,4625,198,236,199,713,115,1383,3595,1081,482,162,39,720,3056,231,5305,59,651,4139,348,152,133,291,1044,345,244,4669,70,1146,1258,264,2343,169,906,68,470,430,464,4242,81,68,141,3459,136,282,123,75,59,281,247,142,1501,223,1249,290,4013,189,116,341,135,2121,431,242,405,571,291,116,503,923,429,289,206,56,454,141,2040,1365,2767,180,175,3430,83
"COG2720",136,74,207,77,12,1,127,0,138,160,74,15,363,144,85,114,193,18,5,110,267,7,54,103,2,42,131,66,11,2,111,3,110,16,199,28,3,371,82,100,206,209,56,17,10,251,62,2,64,30,85,66,7,209,78,164,22,94,107,31,11,54,120,32,130,79,79,172,220,14,38,30,220,6,265,38,49,152,16,154,8,70,37,84,472,445,3,153,101,196,92,102,50,0,2,5,105,163,10,109
"COG2721",4548,5891,6282,4507,2332,6793,4971,1187,5730,4067,7679,5476,4433,5292,4245,4135,6500,4966,1427,5964,3692,6436,3697,7451,729,1889,2230,3056,6346,5578,3209,1696,4852,1629,5588,2638,1917,5049,3436,5887,5561,4259,2890,5397,1439,5892,1768,2302,2719,2767,4166,6288,6483,3448,2913,1931,1025,5985,5573,6828,1568,5868,5106,5507,5932,6424,4553,5296,4949,1020,2872,3832,4246,1179,5438,5710,3824,4113,2549,4537,6869,3352,3026,3261,5045,4104,762,4435,2054,4474,6466,3237,5638,542,810,1396,5918,3334,3460,5294
"COG2723",1712,2040,2264,1983,2553,1749,2526,724,2462,1837,2582,2005,2174,1729,1929,2311,3482,2212,1473,2094,1381,1820,1982,2372,659,1481,2363,1434,1442,1938,1773,2477,1277,2851,2045,1062,4014,3330,1273,2582,2748,2196,1578,2077,2502,2491,1003,1058,1166,3315,2232,2823,1886,1968,1322,1329,2333,2547,1580,2934,1710,1643,2328,2105,2049,2058,1118,2584,3033,1831,1134,2580,1201,481,2394,2102,1203,2076,2970,2425,1397,1545,1885,1753,2347,2605,3412,1365,2214,1559,2002,2099,1867,167,951,1933,2330,1263,5780,2046
"COG2730",435,606,318,560,313,442,276,15,570,740,410,537,287,358,500,594,396,473,69,661,522,570,323,404,56,83,444,316,702,500,276,275,135,249,574,252,175,598,508,354,528,333,360,502,130,641,86,32,404,171,2698,878,1741,1275,854,2106,2059,1362,1818,1900,577,1369,1632,1287,1579,1417,2614,1332,1235,362,1000,1294,1067,248,996,1090,1151,1338,452,2175,755,962,1248,2338,3147,1567,858,1006,3298,1122,1370,3588,1501,255,114,273,817,1267,756,1298
"COG2731",19,5,3,13,6,7,3,3,8,5,2,13,61,33,9,18,5,8,3,0,2,2,1,4,3,4,19,12,13,14,80,2,4,0,0,18,0,1,7,13,3,21,7,2,6,4,3,3,30,11,18,2,7,62,2,48,113,3,2,0,3,22,5,4,1,3,9,6,1,0,5,2,1,6,14,1,52,14,5,3,12,3,6,17,5,1,0,30,9,51,1,12,7,0,2,1,0,27,46,0
"COG2733",17,43,50,129,947,25,12,47,21,89,16,6,49,34,112,22,12,23,324,77,28,9,388,10,1091,334,615,255,35,12,309,1271,58,261,4,255,1355,63,104,22,216,266,127,99,1482,5,114,63,68,1438,29,594,9,253,253,141,550,4,9,49,341,6,22,8,5,2,4,80,40,1005,248,1069,83,102,16,19,25,86,987,142,11,255,362,101,0,175,1323,295,130,64,9,250,2,83,388,256,20,91,2628,17
"COG2738",834,873,523,1162,212,1768,628,70,671,315,738,1061,660,657,462,654,511,672,132,574,605,1027,404,527,75,112,401,330,1409,1424,335,162,870,175,755,258,58,460,349,599,601,570,430,1206,585,658,105,228,358,217,743,644,1494,536,291,518,179,525,968,650,139,1148,601,881,682,874,1177,616,438,196,272,406,578,79,486,899,571,699,433,681,1280,391,479,1651,716,772,62,402,193,802,869,206,909,196,43,204,744,445,52,720
"COG2740",404,255,366,504,240,108,243,992,199,130,32,160,295,325,117,218,361,178,34,44,262,201,63,337,1310,190,453,50,376,126,190,268,504,158,161,169,65,131,38,202,172,235,63,191,434,46,79,1087,60,163,240,341,130,325,31,558,36,213,240,42,58,246,326,364,189,168,665,208,171,299,101,147,346,46,468,276,34,262,79,384,471,48,112,465,67,92,1105,160,124,261,173,107,256,940,1238,44,179,99,87,338
"COG2746",98,80,93,44,116,156,78,3,118,227,142,87,143,171,146,142,55,83,20,179,93,153,87,102,14,63,89,118,141,126,254,20,93,124,113,131,64,87,134,104,103,205,128,116,71,146,29,3,112,64,283,122,396,355,469,177,586,326,254,541,244,286,252,153,305,356,397,401,262,19,467,175,329,193,171,414,698,437,275,280,421,359,366,116,358,579,56,863,803,500,317,559,259,7,20,45,346,610,66,520
"COG2747",14,10,1,1,78,3,4,35,2,7,2,1,1,2,4,9,6,4,135,6,3,0,13,1,52,49,92,23,2,4,58,170,0,49,1,82,88,8,4,1,4,4,29,11,151,1,8,3,29,88,3,1,1,23,28,60,33,1,2,13,69,2,3,2,0,0,2,6,11,50,2,19,9,155,1,8,1,1,23,17,0,18,33,2,0,15,22,6,6,1,1,16,2,77,33,99,7,15,65,0
"COG2755",1291,1395,1335,1343,1202,2295,1694,888,1425,760,1462,2097,1223,1378,1213,1355,1336,1754,599,1356,1533,1846,1187,1370,747,587,1605,1136,2254,2130,1002,857,1539,1061,1100,1123,770,990,1261,1437,1436,1077,1210,1756,944,1214,493,492,1329,1195,4514,3897,6367,4108,2401,5147,2365,4353,4775,5121,1796,4915,4553,4928,4392,3898,4005,3755,2789,2408,3465,3653,4219,1082,4218,4679,4506,4757,3976,4922,5651,3298,4558,4735,3313,3071,4115,3043,2025,3253,3802,2247,4465,2887,2241,2118,5238,3581,3692,3607
"COG2759",6668,7191,6955,7128,3253,8068,5954,2216,7893,7132,9550,6193,6947,7117,7282,6878,7700,6174,1367,8331,6612,7512,6501,7774,1680,1950,2554,6658,6707,6944,5521,597,5929,2618,8454,5275,1138,7244,7276,6483,7193,7151,6037,6859,644,8259,1879,2309,6341,3160,6175,6722,8046,4628,6672,2611,1836,6767,8126,8897,1307,7189,5486,6768,7928,8465,7611,7897,8324,498,6308,4128,6384,1251,6045,6965,6496,6579,3133,6568,7510,6398,5250,5703,7141,7566,850,6893,4746,7006,8498,5382,7144,2901,2353,1035,6799,7236,536,8019
"COG2761",233,326,195,451,393,149,177,411,260,89,161,163,380,284,230,179,295,129,205,220,242,204,218,226,505,103,292,319,201,169,252,358,316,234,233,421,327,229,217,177,241,289,248,202,333,186,56,518,310,523,665,811,457,939,498,560,471,463,950,314,422,1234,568,747,647,980,1531,696,554,687,1035,665,805,278,691,617,1234,591,1244,841,1072,600,842,955,599,787,1944,716,402,836,927,432,759,2031,1476,384,535,719,760,586
"COG2764",32,11,1,60,301,9,6,516,37,94,7,4,48,19,138,27,1,31,145,5,21,10,295,7,198,66,58,371,31,9,69,377,14,317,5,334,120,13,341,3,14,83,459,25,157,7,42,201,313,187,48,46,12,60,441,161,58,1,6,31,191,10,15,14,3,26,39,23,5,211,333,354,3,191,5,8,346,48,254,27,32,338,483,39,10,6,179,161,134,44,25,123,2,206,192,403,24,238,83,6
"COG2766",519,210,309,565,3298,97,265,2149,118,273,148,193,395,270,306,219,82,266,6559,326,255,320,863,192,1977,5290,1614,670,239,119,1174,4007,414,6118,87,1141,5112,411,190,201,512,1486,467,380,7052,109,1713,1763,491,3037,246,1099,111,653,619,727,5615,145,148,205,5057,289,461,177,134,93,299,360,248,1914,401,1813,392,5701,305,167,579,188,3227,667,487,529,876,417,164,681,1331,850,451,367,104,791,202,2965,2014,3790,226,483,4448,130
"COG2768",90,5,3,1,67,0,17,0,79,416,11,0,441,150,94,107,37,0,8,96,62,6,37,20,0,26,68,167,0,1,373,3,187,24,62,124,2,28,160,24,23,223,89,13,10,290,5,0,294,90,10,6,0,378,50,18,108,17,22,19,23,0,7,0,35,54,0,160,54,0,178,69,37,19,13,2,138,163,73,33,12,41,78,0,60,418,0,219,687,438,61,568,0,0,0,7,2,314,38,73
"COG2770",149,67,29,42,478,418,80,262,44,581,25,77,97,35,257,66,43,59,578,17,63,174,591,48,989,266,568,283,71,266,420,669,164,303,45,594,564,32,347,80,61,182,380,209,682,34,43,168,304,566,105,55,474,141,389,349,405,89,35,160,414,145,104,107,39,30,115,47,25,433,340,294,48,891,44,62,166,203,439,125,130,342,368,63,81,79,872,687,588,93,45,465,39,927,367,521,98,547,483,61
"COG2771",628,527,597,1147,2439,377,752,6441,272,239,227,640,253,436,366,354,324,779,980,301,752,317,723,501,7934,772,1833,613,566,480,832,4015,656,1636,194,1268,1651,464,211,491,760,940,713,804,3248,115,176,2711,575,2605,622,1220,316,865,511,1683,891,429,360,473,1313,485,579,581,407,186,1271,273,382,1736,911,2331,801,878,706,597,411,653,2575,849,582,416,1140,1020,84,332,7077,635,292,390,212,550,474,11065,7360,1093,553,413,3447,446
"COG2801",1230,1405,929,10932,25270,1708,931,21330,955,31544,336,1473,4240,1837,8453,1386,464,1846,14285,1396,1554,872,9965,1426,23521,8122,15475,9194,2543,1326,9907,30228,2266,25511,1030,17990,24897,1743,5611,1044,5396,6769,8552,6337,40189,197,1664,14618,7680,28384,906,2370,545,1969,1577,2356,7286,141,436,616,5009,1287,719,259,151,103,4483,581,1054,5123,3448,6824,746,3727,159,553,6112,789,6427,1321,1116,2119,3933,2840,61,1070,8709,2029,16715,1110,156,13930,75,12848,6618,3887,345,2029,12396,174
"COG2802",4162,3781,3968,3015,2007,4283,3847,1302,3793,1213,4789,4204,3273,3819,2338,3554,3834,4160,1115,4614,3948,4372,1882,4120,1352,1626,3330,2344,4175,4375,3306,1338,3833,1391,3753,2067,1485,3444,2096,4259,3867,4018,1838,3902,1462,4092,939,1375,2288,1980,3913,2932,4337,3534,2029,3771,1043,4043,3766,4399,1111,3992,3716,3999,4008,4240,2718,4020,3433,1083,2120,2474,4051,837,3504,4385,2150,4187,1623,3601,4788,2041,1928,2649,4236,4102,1128,3150,2002,3407,4006,1452,3827,1272,1241,944,3822,2747,1604,4421
"COG2804",6048,4454,3718,4979,10457,6272,5084,11313,4602,9128,4935,4710,4854,5323,6254,5580,4316,5945,6202,4636,5015,4609,8692,3891,5949,4912,9677,7146,4434,5813,7436,13628,4346,10694,4691,7443,13865,4850,6772,4881,4697,6784,7030,5322,14812,4807,1539,7126,7021,10667,5464,6947,5785,6830,5258,7992,7949,4917,3985,6853,6310,5679,5421,5057,4254,4310,4803,6005,5332,4963,5831,9720,4599,4041,4318,4303,8679,5827,10607,5411,5054,6579,6976,4456,5128,6485,8598,6325,6862,6083,4424,9096,4238,10435,5564,5767,4837,5301,18048,5464
"COG2805",3013,1328,1758,1870,2935,1945,2139,2400,1424,2744,1975,1732,1762,2206,1940,2176,1691,2723,1267,1823,2054,1469,2441,1300,1295,2209,3156,1715,1271,2032,2223,2614,1345,5064,1878,1880,2678,1805,1928,2131,1779,2252,1915,1965,3769,2025,526,1945,2051,2709,2196,2308,1761,2634,1421,3893,1715,2164,1631,2599,1477,2143,1995,2104,1741,1528,1579,2298,2225,1129,1616,2064,2116,964,2070,1790,2459,2347,2574,1929,1733,1967,1630,1323,1763,2170,2550,2277,1783,2254,1621,2520,1509,2206,1244,1233,2014,1828,3462,2201
"COG2807",27,20,3,5,323,11,33,904,11,5,6,8,57,71,42,10,6,18,469,10,49,7,209,4,753,220,95,48,13,3,45,679,22,365,5,256,309,17,21,47,24,317,117,123,230,11,89,600,111,108,19,15,7,101,94,19,74,2,8,44,413,14,107,34,6,0,15,27,11,338,216,117,20,600,5,34,41,26,776,109,36,15,407,7,2,28,1935,25,44,17,1,56,4,700,630,477,46,75,45,5
"COG2808",75,58,49,171,813,46,135,1044,81,191,19,46,240,153,275,77,165,61,363,47,73,69,401,117,1032,158,539,528,199,38,321,841,171,397,41,848,253,37,400,63,163,235,543,153,432,36,70,1196,622,570,71,189,57,288,265,245,227,53,36,55,432,98,114,47,31,42,217,79,52,376,624,1004,94,357,90,58,668,119,831,161,312,324,673,167,16,118,1444,340,187,156,54,380,41,1114,1027,450,76,285,1041,36
"COG2810",1,0,1,0,13,0,0,0,2,11,0,0,0,0,12,1,0,1,0,0,0,0,14,1,5,0,1,13,0,1,2,2,0,3,0,13,0,0,10,0,0,0,17,0,1,0,0,0,11,3,0,0,1,3,8,0,24,0,0,0,0,0,0,0,0,0,0,1,0,0,25,8,1,0,0,0,19,2,12,1,0,4,9,0,0,0,1,4,51,0,0,16,0,5,1,0,0,2,1,0
"COG2812",11497,11989,11644,10268,6706,12779,10830,4160,11305,11093,13972,12680,9469,11104,10314,11177,11543,12287,3385,13947,11643,13102,8506,12013,5221,4447,9446,8544,12383,12880,9489,2879,11358,7178,11503,7647,3150,11213,9204,12883,12028,12369,8277,11433,5284,12784,4056,4316,9503,5824,12161,9010,12708,10330,7808,10535,8955,12794,11835,14430,3462,11735,12623,12162,12282,12815,10033,12941,11728,3485,8526,7519,11839,3089,11272,12385,8661,12720,7300,10893,12400,8754,7634,11116,15169,13392,6768,9702,11775,10500,12449,10361,12361,5950,5022,3305,12671,8997,3818,12988
"COG2813",126,202,134,428,987,122,82,694,122,173,66,85,118,113,259,83,136,134,523,98,143,87,525,108,687,396,585,296,158,118,374,1145,61,645,64,430,1317,153,201,120,225,291,258,193,1514,62,76,259,270,1203,403,1677,307,889,942,938,1727,254,406,304,1768,472,431,474,260,427,1734,404,447,1476,548,2505,431,1067,504,429,833,279,3448,877,405,1225,1291,1552,292,563,2956,602,607,334,451,837,399,4239,2514,1594,343,389,5406,226
"COG2814",95,281,98,144,3165,48,47,1181,110,183,45,27,173,236,351,151,44,66,1831,149,213,23,1373,39,2599,1195,1459,1130,180,53,948,3669,104,2659,31,1719,3370,175,517,111,278,1048,828,373,4666,75,600,2761,1149,3746,97,1081,35,838,640,369,1402,11,42,256,1772,26,218,96,25,19,91,201,226,1726,1037,1507,182,1285,40,105,550,307,1939,578,195,797,1761,197,15,362,4926,699,537,145,26,706,20,3319,2039,1430,145,634,4407,65
"COG2815",1055,1018,967,869,337,186,686,1,1105,411,1341,593,913,815,542,1329,1401,1183,518,1060,478,946,234,663,13,534,325,268,428,408,425,18,865,349,1071,371,333,1725,348,1336,1076,1000,648,372,8,1623,661,1,477,191,1040,1267,392,659,511,159,146,1190,974,1230,419,462,1606,1200,983,880,8,1568,1894,60,279,320,470,206,1247,605,726,1004,266,354,265,210,190,1003,3468,1370,10,524,384,1037,790,291,1042,1,9,305,1386,459,70,1081
"COG2816",1650,1784,1148,1856,2076,2006,1546,1892,1477,815,1482,1456,2102,1535,1299,1106,1752,1316,846,1036,1392,1567,1387,1539,2313,689,1637,1667,1750,1777,1743,1758,1741,972,1273,1881,1753,1145,1376,1254,1331,1606,1285,1800,1449,1465,397,1753,1774,2434,1603,1730,1940,2014,962,1325,734,1377,1442,1344,941,1826,1551,1857,1334,1663,2169,1454,1162,1044,1548,2397,1257,530,1210,1496,1690,1277,1824,1750,1732,1198,1397,2144,1167,1667,2777,1525,778,1746,1709,1098,1582,2446,2157,741,1483,1271,3160,1291
"COG2818",132,129,134,419,827,99,118,752,210,344,86,124,283,196,275,184,135,125,393,139,176,172,451,140,666,304,441,404,237,111,365,946,262,693,157,489,946,153,291,145,227,286,399,214,1056,129,93,772,423,947,398,1200,311,1025,1067,803,2532,286,407,256,1365,587,561,375,350,495,1851,618,668,1160,964,2122,563,750,414,457,1760,504,2758,716,625,1108,1537,1426,473,648,1713,934,2207,586,465,1541,386,2722,2099,1109,301,721,3788,349
"COG2819",834,1011,329,1428,2411,1585,563,549,762,261,811,1187,510,557,699,550,378,1010,1291,624,860,1390,1041,347,647,903,895,842,1131,1417,702,2949,835,1191,550,467,3077,334,383,582,1024,845,336,1082,2478,568,244,1756,483,3615,1083,654,1531,823,392,861,2149,725,1040,935,1293,1353,591,775,883,786,2189,745,609,1429,361,587,768,797,332,1040,823,937,907,1507,774,775,1631,1880,1288,692,872,411,675,586,811,522,984,491,249,1531,993,555,3128,551
"COG2820",707,904,771,1736,382,310,434,65,802,432,840,515,452,471,637,975,854,736,366,622,372,609,539,646,54,379,271,558,501,445,390,104,469,311,755,423,252,795,608,901,806,774,519,511,71,747,390,174,709,336,876,963,426,274,390,556,413,808,976,604,455,559,1140,964,723,923,1490,921,1279,263,510,325,373,297,756,575,816,710,277,594,190,466,720,2239,1191,568,89,506,303,537,884,379,1034,68,59,207,834,558,164,798
"COG2821",252,59,213,474,627,222,246,1570,235,675,93,211,511,356,204,115,244,161,170,152,209,217,272,211,2284,90,375,322,479,177,1022,501,419,1549,135,546,100,169,201,161,148,310,306,197,1064,120,98,1879,386,408,135,136,216,437,144,415,211,132,211,89,142,242,135,126,120,216,423,237,87,531,381,301,190,110,149,199,206,200,218,229,406,297,297,402,95,202,2105,389,809,614,213,554,95,1527,2041,83,223,254,172,103
"COG2822",17,18,0,2,133,3,0,15,3,13,0,3,1,4,19,12,0,8,149,2,9,0,9,0,1,62,109,29,1,5,29,85,0,33,0,80,76,1,3,1,4,11,32,11,178,1,2,3,42,17,52,3,2,94,70,42,84,1,2,44,249,4,12,19,1,2,8,5,108,352,12,71,24,318,1,6,6,8,86,56,1,9,134,8,0,77,92,21,0,20,1,38,36,18,20,245,16,54,75,18
"COG2823",1848,1853,1848,1194,2037,2854,1553,1810,1949,1927,3117,2112,1521,2016,1892,1471,1961,1968,1553,2631,1491,2698,1922,2224,1072,1199,1480,1616,2500,2353,1983,1913,1856,1422,2019,1363,2338,1649,1596,2058,1984,2409,1242,2196,2075,2368,673,1260,1331,2116,1706,1516,2730,1580,1658,792,1178,2166,1678,2741,1511,2138,1785,1716,2066,2186,1668,2212,1792,808,1319,1775,1664,1223,1435,2306,1155,2163,1856,1652,2857,1799,1357,969,2361,2410,1037,1944,973,1811,2077,1439,1879,1169,1416,1172,2224,1319,2663,2371
"COG2824",46,57,20,504,804,23,9,862,20,28,10,12,17,47,72,39,9,43,336,56,68,3,246,7,638,256,424,155,83,14,260,817,27,968,16,284,658,59,49,21,108,246,125,80,962,5,66,851,123,649,62,204,14,172,108,232,379,2,12,69,544,57,54,23,9,22,817,65,57,351,147,700,57,306,15,19,300,84,799,155,75,151,434,524,10,99,709,148,78,32,17,154,19,679,726,377,30,100,1381,19
"COG2825",363,320,321,384,777,373,245,303,214,314,226,239,271,253,276,206,299,153,500,258,241,228,452,307,436,300,527,384,299,272,441,844,275,410,316,337,872,219,338,207,306,428,428,304,1420,256,113,270,446,911,278,402,269,358,288,275,515,175,282,217,445,307,265,296,215,318,407,261,174,322,240,662,272,288,212,273,460,194,979,321,380,354,398,344,277,345,175,298,466,355,313,419,283,726,285,356,231,258,1254,214
"COG2826",206,444,98,702,3560,32,175,824,93,2369,26,104,458,193,876,263,403,128,3170,87,298,66,1277,210,1191,1338,2985,1734,192,80,1706,6814,128,1647,53,2533,5426,173,547,255,134,1262,1090,441,5264,25,268,660,1156,4513,168,865,43,951,863,809,4022,164,119,224,2572,103,393,83,56,20,2291,219,272,1493,1140,1582,263,2659,189,84,2248,186,1905,550,99,899,2041,622,38,472,1398,763,4483,325,41,3617,15,4838,857,2137,220,976,4544,47
"COG2827",257,273,252,411,924,307,233,1400,364,813,461,266,281,336,510,311,261,365,994,382,249,303,872,341,2046,692,580,613,348,324,633,990,314,515,277,791,981,296,542,276,391,534,462,474,1436,318,347,1228,503,1054,275,326,388,447,431,364,1148,218,274,501,842,351,256,177,288,386,448,408,308,786,569,918,327,587,174,395,427,408,918,361,430,697,816,392,277,417,2583,545,848,367,360,874,250,830,1659,737,329,475,1294,373
"COG2828",359,455,626,461,1733,1056,876,1305,431,373,304,690,885,566,377,220,868,498,997,227,371,740,879,792,1307,619,1339,734,1416,818,832,2250,784,835,298,907,1965,294,430,497,464,825,567,876,2693,213,341,1551,634,1844,347,1376,882,805,448,593,749,538,291,276,920,677,820,498,269,347,428,315,264,890,575,2226,345,622,818,726,409,286,1955,626,1566,488,821,395,186,431,771,850,465,554,323,564,417,2566,860,857,724,393,3865,235
"COG2829",39,79,47,84,1197,22,12,720,34,52,14,16,31,89,75,50,10,33,533,91,72,4,530,16,853,478,539,268,42,10,403,1373,25,1502,14,387,1565,75,86,66,186,406,217,81,2008,6,124,244,120,1622,11,439,14,252,178,346,752,7,8,57,785,11,106,28,13,1,43,102,105,495,202,947,103,133,7,37,41,98,1544,231,32,207,477,65,2,152,336,227,134,52,8,270,5,2011,491,469,26,106,2164,14
"COG2831",711,613,874,547,1024,1213,1042,3085,549,454,621,1402,648,732,524,498,853,748,1011,469,753,915,880,694,3172,423,893,813,2039,1322,1790,1153,622,801,338,829,421,569,633,721,713,373,1005,929,3117,349,537,1361,951,796,185,213,314,258,163,390,159,225,144,182,171,258,255,229,183,99,39,182,143,350,207,227,302,366,228,391,194,198,375,233,551,305,243,132,113,77,622,156,306,281,88,200,242,911,695,259,287,144,85,167
"COG2832",639,547,677,462,544,107,296,823,543,573,461,264,729,501,504,812,559,515,627,619,480,296,441,477,625,484,566,500,314,232,902,874,662,688,489,448,810,863,453,488,430,1174,354,183,836,869,341,835,488,738,555,677,245,669,455,307,509,490,446,400,579,354,754,557,450,452,50,886,1009,440,362,282,351,475,524,261,174,687,458,444,357,369,498,407,1369,1217,311,782,394,976,448,381,562,640,764,590,589,765,495,533
"COG2833",145,68,118,995,564,65,88,903,123,133,8,83,276,140,264,88,237,73,96,64,129,60,338,117,574,57,108,122,223,62,134,290,93,1953,138,161,70,148,165,91,62,98,255,97,592,15,104,943,217,170,104,235,47,198,100,160,102,82,153,26,46,242,166,231,69,247,644,29,82,283,140,160,230,48,239,47,367,72,138,121,350,279,243,864,49,22,792,167,77,167,284,138,106,1126,430,55,94,157,58,52
"COG2834",612,590,534,976,1308,637,527,1469,782,852,396,538,748,721,786,617,703,482,627,410,548,596,1046,707,1828,355,841,984,793,592,1067,1424,744,718,523,1054,1051,463,971,510,536,737,958,542,1888,401,196,1278,991,1496,509,694,582,782,589,707,503,501,610,320,580,789,540,585,574,752,861,614,558,709,946,1058,586,440,573,653,1162,490,1464,810,1117,824,968,990,372,567,1607,840,810,769,701,828,513,1730,1637,565,559,868,1418,457
"COG2835",304,279,194,380,499,384,217,341,422,325,215,284,423,423,455,206,304,199,160,378,336,244,510,278,234,127,260,577,327,312,528,428,363,649,311,713,282,262,554,209,248,257,660,246,356,411,81,302,596,602,281,254,337,362,828,256,237,188,293,202,160,340,256,325,292,328,417,326,264,156,672,435,353,133,259,242,558,228,547,353,342,703,611,399,243,275,139,521,507,519,311,448,296,474,339,132,215,560,375,231
"COG2836",59,66,33,89,832,21,22,636,78,584,6,23,35,53,282,136,76,37,410,52,65,6,451,29,313,297,474,342,47,16,332,1059,36,597,9,495,881,40,218,32,130,258,231,48,998,8,75,518,240,1004,84,245,8,184,226,299,1174,21,23,35,541,5,102,16,10,5,36,56,94,409,420,651,67,354,31,22,255,96,1159,149,29,275,514,141,8,105,161,177,664,35,11,594,1,851,181,431,31,337,1348,16
"COG2837",90,148,42,6,1329,45,15,509,76,60,17,23,118,135,130,107,30,93,755,92,119,7,523,10,1533,499,829,352,83,30,432,1753,85,634,36,525,1711,79,145,28,237,446,186,204,1317,64,70,378,187,1455,49,607,18,383,313,317,636,12,48,110,803,24,64,15,34,12,45,125,245,1018,299,1067,118,560,34,59,127,98,1158,304,41,321,643,17,13,283,2145,290,182,178,30,276,23,6552,1260,742,36,151,2265,50
"COG2838",1637,2032,1094,3873,3640,871,1031,789,1723,1962,465,859,2344,1850,2163,1532,1466,983,1331,561,1444,823,2450,1571,1499,1228,2148,2764,1339,903,2899,3422,1575,4223,1609,2926,3231,791,2047,1130,1654,1902,2449,1131,3968,660,453,1067,2744,4255,1972,2500,790,2729,1509,2956,1728,1137,1651,325,1795,2267,1646,1897,1257,1730,4257,1253,1173,1291,2710,3155,1535,1166,1488,1359,3945,1334,4751,2786,1106,2026,2654,4913,514,905,1142,1995,1508,2266,1596,1874,2114,4626,746,1855,712,1592,4843,1120
"COG2839",98,263,120,318,27,200,68,21,153,247,80,172,40,124,150,164,76,133,9,112,113,278,63,131,17,18,56,36,339,198,37,19,61,29,220,26,5,69,46,127,201,72,24,122,6,91,52,88,14,29,169,90,201,72,37,77,53,151,342,66,28,215,184,279,198,188,347,139,147,21,40,27,115,8,111,103,62,125,9,285,130,61,64,548,146,68,13,19,229,72,178,233,247,32,23,15,103,58,12,153
"COG2840",579,653,594,1155,1545,572,564,929,570,596,338,494,625,579,708,373,740,523,708,494,543,639,1237,792,864,669,1038,736,950,508,911,1783,593,924,497,668,1836,469,733,531,673,969,583,555,2076,370,214,770,572,1968,550,987,407,754,602,625,813,486,588,233,943,626,628,658,423,730,1416,527,398,613,570,1482,450,445,726,536,689,458,1812,822,1058,855,870,1057,350,643,458,688,446,725,629,625,583,1768,798,711,527,394,3030,442
"COG2841",2,5,0,0,20,8,0,184,3,4,0,2,3,3,2,1,0,5,104,0,3,0,3,0,137,43,20,7,11,3,4,226,1,4,1,24,29,4,1,2,3,4,5,4,70,0,4,311,10,13,1,2,4,8,23,11,19,2,0,2,58,0,1,3,1,0,0,3,1,22,1,11,2,142,6,2,3,2,11,3,0,0,5,1,0,4,123,6,0,3,0,1,0,43,278,117,5,4,8,0
"COG2842",19,6,0,4,125,7,3,326,15,6,17,6,9,35,14,8,5,14,201,2,14,1,98,1,866,132,105,32,10,11,39,312,8,53,3,147,170,6,21,2,22,99,56,58,53,11,45,610,60,109,16,45,11,50,79,63,46,1,7,54,97,4,24,14,6,0,1,15,15,274,141,85,9,110,0,17,11,11,173,49,10,36,118,8,0,8,702,27,15,23,0,62,3,443,315,54,21,37,50,7
"COG2843",650,476,383,541,956,151,438,369,903,1387,577,432,1798,946,1043,993,529,531,258,617,699,413,1087,554,116,282,1011,1280,440,312,990,102,476,780,854,1333,260,1575,1488,554,569,1284,1471,345,1700,1534,256,47,1913,847,764,328,311,2501,1049,607,615,587,525,848,672,328,399,492,526,487,519,1131,1127,110,1376,1279,536,594,578,296,1450,779,764,626,151,1180,1413,608,1538,1677,46,1189,1978,1158,502,1631,567,35,22,639,297,1451,322,594
"COG2844",4397,5008,4158,6581,6313,4983,4043,6806,4802,4710,3012,3844,5053,4854,5022,3856,5019,3481,2434,3526,4503,4148,5637,5360,6963,1873,4367,6015,5683,4386,6088,5317,4780,5051,4067,6001,4638,3772,5363,3744,3940,4345,5584,3889,6980,3464,1199,4553,6144,6771,4126,4945,4264,5263,3530,4024,2286,3655,4523,2444,2394,5921,5028,5310,3909,5490,6653,4327,3759,2762,5388,5570,4084,1687,4699,4248,6386,3130,6592,5341,6677,5218,5405,7935,3738,3843,4911,4443,4972,5280,5153,4282,5077,8780,6200,2086,3829,3940,6006,3542
"COG2845",53,9,9,14,275,0,8,24,153,142,3,8,188,78,253,205,16,36,10,67,111,2,477,19,156,10,54,517,1,1,132,24,96,200,91,322,1,103,440,14,49,159,495,10,4,57,7,2,704,198,68,32,9,84,760,64,10,8,94,2,11,6,13,2,42,71,0,117,148,31,416,666,72,2,69,5,401,28,225,45,43,597,537,20,33,150,140,169,317,166,70,190,2,18,141,134,11,192,14,61
"COG2846",43,45,2,92,125,15,4,357,5,1190,8,9,7,11,302,5,3,30,53,7,23,0,154,40,117,39,191,19,5,12,55,235,3,49,12,39,147,9,215,2,9,44,70,28,89,6,8,514,15,55,44,2,11,19,85,168,303,1,9,9,97,1,15,5,8,18,63,13,19,60,15,846,26,116,7,19,46,16,40,42,9,143,24,160,2,45,136,102,796,13,6,809,10,118,48,38,11,5,794,4
"COG2847",465,532,490,752,1026,462,566,1250,612,988,402,488,680,641,605,533,699,458,527,392,453,468,764,590,1409,448,719,627,738,477,693,1307,623,761,477,779,1124,502,746,520,599,641,716,724,1538,386,190,1509,559,1362,451,865,511,681,396,560,655,458,456,449,605,547,477,488,447,450,864,542,458,661,507,925,447,370,584,638,541,409,1140,659,958,605,687,640,337,481,1678,613,745,574,477,886,467,1853,1553,527,518,572,1341,450
"COG2848",23,27,14,32,52,13,51,206,37,77,5,10,67,22,74,72,29,20,36,43,50,5,89,10,67,7,48,187,1,14,70,1,11,129,30,78,0,67,86,23,31,70,138,86,2,57,3,0,147,48,31,18,9,66,136,21,64,36,5,15,7,12,3,22,16,14,1,49,59,6,192,81,28,8,30,45,91,26,84,38,6,79,128,15,16,75,12,62,187,48,21,179,20,222,51,8,27,76,16,39
"COG2849",4550,3009,3768,3647,3544,1627,2220,287,5002,7237,2433,2178,4182,3034,6457,7046,3030,2782,2196,5809,4391,2383,6679,3563,894,1392,4916,6193,2263,2331,4492,1173,1502,3900,4218,4337,624,6181,9149,2677,3385,4409,7169,2185,1221,5204,1445,467,8380,2318,4497,2108,2030,4811,4064,7024,10532,2946,3179,3474,4690,2303,3095,2666,2975,4029,3466,5416,4493,1039,5843,5259,2783,4399,3005,1724,6521,4415,3306,3804,1143,7227,5538,4125,6836,8370,536,4793,9475,4934,3962,10166,3267,1242,604,2314,1892,6801,444,4867
"COG2850",251,232,639,1067,1400,184,413,2173,337,118,101,174,454,414,203,627,518,191,1324,126,305,243,662,362,1666,805,846,414,402,146,645,1978,610,1030,259,542,1837,424,208,445,422,543,370,378,2829,122,1279,1974,379,1780,120,961,146,660,286,475,697,347,267,122,1184,336,396,176,274,460,879,913,385,1049,259,1060,456,742,486,351,453,225,1806,391,687,347,524,966,81,348,1288,505,157,419,445,333,204,2043,1407,1034,229,196,2545,153
"COG2851",4,0,0,0,175,1,5,12,5,27,7,0,1,12,24,21,2,5,660,2,2,2,22,1,45,192,112,35,2,15,21,583,0,24,2,142,197,1,9,0,1,22,40,19,100,4,77,12,109,48,1,0,0,60,42,11,13,0,4,33,406,1,0,1,1,0,1,4,10,131,5,23,0,841,1,17,9,21,41,17,0,8,114,3,0,13,163,30,6,4,0,23,1,18,190,626,20,81,61,3
"COG2852",7,9,6,94,143,27,14,490,49,308,7,6,45,8,137,29,33,22,128,7,8,1,226,21,930,50,125,75,14,4,95,293,6,55,12,197,65,21,118,5,24,64,71,41,328,8,19,590,78,170,63,23,14,119,37,133,590,17,5,45,259,11,18,8,0,0,370,38,13,346,233,174,7,187,18,9,645,207,82,34,9,139,304,78,4,11,1376,71,628,27,11,370,3,303,746,126,20,150,31,31
"COG2853",3309,3474,3076,2669,2547,4925,2745,1738,3269,3060,4760,3535,2595,3165,2795,2813,3464,3314,1773,3873,2454,4118,2413,3786,1229,1476,2053,2315,4070,4063,3027,2101,3030,1619,3419,2322,2154,2845,2278,3305,3280,3591,2081,3210,2920,3525,1048,1575,1945,2479,3059,2995,4746,2175,2221,1527,1358,3438,3248,4686,1708,3691,3132,3343,3486,3513,3032,3722,3200,1058,2184,2706,2740,1395,2471,3482,2148,3129,2370,2936,4375,2156,2060,2148,3919,3731,731,3358,2048,3267,3576,2327,3456,2493,1543,1493,3761,2286,3088,3738
"COG2854",2436,2534,2287,1784,1947,3259,1878,1725,2468,2460,3532,2395,1961,2331,2122,2119,2587,2177,1047,3086,2035,3068,1935,2711,1130,1200,1385,2093,2978,2938,2704,1427,2199,1360,2418,1795,1720,2064,2053,2385,2442,2670,1634,2551,2271,2760,756,1435,1793,1834,2285,1643,3206,1725,1703,1212,1383,2648,2292,3295,1248,2757,2328,2354,2555,2840,2093,2671,2276,663,1790,1735,2060,808,1769,2747,1644,2313,1991,2237,3338,1868,1962,1627,2973,2839,612,2370,1974,2449,2747,1939,2406,1079,1598,870,2627,1841,1829,2822
"COG2855",3466,3997,2985,2893,1119,3347,1859,628,2758,598,3150,2323,2246,2252,1748,1673,2813,2745,1085,3074,2306,2787,1205,3357,543,1142,1677,836,3174,2994,1753,1259,2349,1067,2416,627,1897,2363,731,2375,2477,2562,769,2035,1613,3062,792,1148,743,1805,3299,2493,2717,2039,1112,1724,693,2184,3308,2574,810,3650,2409,3636,2661,3906,2953,2376,2118,733,606,1191,2194,190,2556,2450,696,2044,1099,2704,3628,959,1098,2710,3599,3279,1309,1146,489,3163,3853,472,4098,1426,690,698,2315,1291,1493,2793
"COG2856",21,43,40,2,748,56,11,1053,18,48,8,21,20,62,63,43,4,73,375,20,38,2,436,11,574,363,716,207,29,7,294,1439,21,394,9,453,1042,50,82,29,20,211,187,209,1309,9,119,1244,98,835,36,315,21,299,243,344,383,7,9,104,619,13,40,18,12,3,106,52,61,752,324,2293,62,374,11,47,69,81,779,131,21,143,394,8,5,184,2719,386,198,37,6,134,3,1561,1569,420,30,116,2951,15
"COG2857",4714,4693,4493,4552,3289,5354,3955,3279,4773,4049,6149,4739,4821,4569,3916,4004,4826,4684,1867,5007,3447,5358,3901,4976,3240,1955,2607,3455,5278,4623,4339,2196,4523,2941,4991,3221,2151,4407,3452,4727,4672,4987,3176,4004,1959,5774,1695,2209,3563,3052,4186,4725,5217,3839,3331,2468,1593,4717,4446,5592,1757,5181,5002,4813,4706,4817,4304,5281,4777,1432,3242,3375,3508,1264,4302,4519,3485,4487,2815,3771,5276,3611,3143,3911,6309,5785,2735,4550,2883,5049,5029,2976,5021,4398,2924,1826,5049,3872,2252,5014
"COG2859",394,375,419,144,934,177,930,318,105,194,232,589,182,294,202,375,170,986,606,112,458,46,462,67,654,412,1649,266,93,753,390,1255,303,316,119,382,1378,301,130,478,216,576,187,478,1364,60,100,296,182,1215,467,548,309,538,202,1315,531,381,199,274,575,253,403,358,215,67,181,375,469,834,185,991,450,278,428,548,132,826,303,555,79,199,379,156,31,200,792,182,128,108,80,153,341,501,175,363,450,162,1840,578
"COG2860",93,61,66,494,1605,39,38,1148,320,70,22,22,393,437,435,157,108,37,823,392,314,16,930,34,1551,698,730,737,125,18,1087,2073,201,1572,314,1063,2010,253,639,44,355,490,813,122,1887,387,147,888,444,1939,70,686,22,513,1222,330,970,36,127,56,814,38,100,41,108,144,446,179,255,947,843,380,384,496,88,77,478,127,1883,348,120,954,1244,411,23,173,1298,789,287,661,162,472,24,1708,1192,665,49,896,1640,41
"COG2861",392,233,283,182,1415,154,318,2371,437,1125,173,192,948,443,594,699,340,250,660,665,520,287,840,221,1546,491,1322,953,188,189,1015,1351,465,1175,431,867,1699,609,882,318,420,901,787,313,2182,457,127,3249,993,1759,270,647,188,958,577,587,1442,259,202,305,722,128,270,113,242,319,99,644,507,702,689,1542,390,286,300,109,719,560,1585,449,126,747,846,117,444,840,1093,790,1472,780,314,1512,168,749,1803,587,232,724,2241,442
"COG2862",361,421,253,313,427,387,204,76,253,257,262,303,197,276,284,131,265,344,403,163,347,247,257,314,60,214,457,232,372,417,208,528,198,242,337,264,349,257,247,225,263,223,193,284,358,281,139,89,270,179,423,207,394,187,263,438,282,257,368,244,306,249,360,401,281,305,329,240,137,182,130,960,392,341,220,226,103,219,225,398,279,221,287,399,300,319,44,221,223,309,370,243,372,163,52,335,289,125,1214,251
"COG2863",837,1076,789,1610,2187,1281,817,1389,958,1840,1017,914,692,798,1403,813,737,728,1776,904,846,1025,1792,1190,2259,1208,1555,1169,1090,1029,1518,3358,1287,1824,816,1348,2257,653,1248,730,908,1028,1154,1143,2701,775,473,699,1134,2132,785,1578,1076,870,1085,944,1591,584,1064,930,1402,1350,1092,962,915,1113,1441,853,807,1043,943,1996,783,1103,583,818,1184,689,2271,958,1259,1562,1475,1581,722,979,1300,1169,1615,979,1165,1570,1075,3836,1343,2122,771,1027,3191,839
"COG2864",36,75,303,311,232,13,384,475,146,404,160,230,261,249,229,94,313,45,232,39,150,202,236,341,536,94,137,116,328,9,142,646,130,75,147,260,273,147,177,294,158,127,129,314,137,61,69,1172,143,367,45,206,21,190,100,78,86,264,94,68,79,324,309,112,129,93,486,150,139,57,163,112,144,270,403,485,106,78,191,135,370,132,156,298,12,53,182,122,237,60,82,289,102,1879,706,183,281,88,106,117
"COG2865",81,122,20,85,423,153,71,556,30,121,24,42,112,46,153,112,28,72,856,7,43,33,305,13,1240,327,1175,185,69,46,550,1702,66,251,5,500,740,51,125,80,103,189,205,200,1392,16,61,524,92,619,120,24,42,335,289,832,1332,9,18,152,691,146,79,60,9,0,44,58,71,665,279,1349,57,672,14,37,83,141,362,104,155,159,643,138,6,179,3971,215,214,66,5,354,13,599,1148,448,62,210,1348,29
"COG2866",3769,3945,2948,3790,4940,1931,2033,2147,4948,4217,1476,2758,5130,3877,4659,7372,3458,2787,1838,3657,5851,2245,3590,2703,2564,1340,5842,4015,2488,2490,4377,2156,1713,8372,6245,2807,2412,5552,4763,2747,4308,4218,4258,2835,2172,4397,1054,5256,4909,3084,5984,3558,2403,5455,3088,5034,5415,3374,4662,2060,2391,2576,2618,3118,3755,5038,5939,3953,5641,2492,3583,6701,3739,1272,2549,1830,3642,4298,3630,6558,1032,3518,4610,5549,4924,5531,4328,4084,5606,4455,5007,5835,3558,1135,1513,2452,1923,5685,7356,3997
"COG2867",1388,1548,1397,1636,1013,1784,1013,916,1464,1189,1953,1451,975,1331,1318,1075,1387,1440,753,1940,1109,1676,1224,1606,873,671,809,1017,1674,1564,1068,947,1227,593,1436,876,1038,1189,1115,1387,1450,1605,842,1608,1365,1608,427,750,903,1121,1311,1146,1693,980,911,675,683,1487,1428,2131,686,1474,1258,1393,1475,1853,1606,1621,1355,473,817,893,1249,513,1048,1603,723,1308,1133,1350,2042,1208,844,1539,1631,1499,681,1159,777,1250,1739,876,1518,820,754,509,1567,883,1068,1516
"COG2868",0,1,0,0,0,1,0,0,0,0,2,2,0,0,0,0,0,4,5,0,0,0,0,0,0,2,0,0,0,0,1,1,0,0,0,0,1,0,0,0,4,0,0,0,0,0,0,0,0,0,17,2,1,0,0,10,0,0,0,0,0,0,0,2,0,0,0,0,0,0,0,0,0,0,0,4,0,0,0,0,0,0,0,0,1,0,0,0,0,0,0,0,0,0,0,42,0,0,1,0
"COG2869",1548,1928,1138,2064,1216,2132,989,806,1228,576,1320,1410,814,983,1026,1433,995,1294,869,1467,1316,1773,843,1236,508,550,1465,739,1955,1745,1139,1279,906,1485,1277,602,1316,1028,530,1038,1374,1358,560,1395,1709,1268,474,370,825,1340,1889,1472,1827,1046,657,1626,787,1127,1725,1401,774,1868,1662,1865,1288,1722,2546,1470,1192,686,492,1031,994,490,881,1090,865,1253,1287,1817,1325,701,883,2971,1983,1800,234,928,349,1248,1685,554,1973,1166,321,952,1118,924,1708,1291
"COG2870",4695,5296,8564,5450,3881,4144,6129,14805,4932,7828,4815,4095,5116,4544,5970,13116,5514,4781,29862,5025,4335,4232,5090,7763,11659,35033,4632,5050,4768,4133,5575,9388,6844,4391,4686,4205,24761,13995,5929,6708,6460,6150,4945,4722,8354,4594,57679,13174,5510,2420,4811,6647,3823,4129,4072,3814,16184,6365,4570,4919,44888,5619,7218,4462,5344,4560,2859,8234,9162,23608,4724,4030,4232,35518,12475,4754,4991,5662,4296,4866,4176,5031,4412,5391,5407,6576,6743,6154,7675,5266,4453,6900,5969,3018,8619,29112,6408,5294,2804,6603
"COG2871",955,1105,592,1109,914,1170,563,828,692,620,768,769,458,585,648,866,610,764,596,841,768,1010,507,786,642,402,1043,470,1158,1081,711,906,507,1017,757,379,1178,589,322,589,910,796,373,692,806,795,300,396,399,776,3367,2860,3074,1894,1213,2824,2908,1987,2967,2518,1818,2991,2752,3096,2300,2565,3744,2464,2139,1287,798,3438,1709,1009,1454,1866,1757,2215,3430,3155,2018,1241,1632,4682,3631,3488,792,1900,2074,2230,2714,2107,3550,2440,1633,2079,1724,1537,5299,2285
"COG2872",836,864,749,409,601,985,710,204,1089,1119,609,867,1669,1024,917,1243,916,758,140,832,1088,714,747,658,245,134,645,1087,689,896,1280,161,737,364,1069,880,60,1067,1047,747,821,966,940,663,181,944,275,401,1295,585,915,682,1070,1128,859,518,480,783,956,656,93,796,464,876,830,1037,388,863,1234,138,969,775,642,89,720,738,741,806,494,1171,795,787,813,333,589,952,194,986,915,1233,1071,927,784,717,274,130,815,1302,204,830
"COG2873",9657,9994,10182,8293,5298,10617,12290,3298,9668,6640,11654,11833,8527,9477,7564,8502,10515,11329,3098,9306,9343,11738,7281,10377,3787,3887,7286,6499,10684,10594,6697,3721,11555,3409,9632,5046,4814,8461,6981,10654,10024,9021,5954,10427,4000,9748,3243,3613,6078,6178,8662,12055,10812,8046,6178,8011,2342,10780,10341,10634,2903,10722,10467,10621,10573,8965,8196,10186,10036,2986,5833,7758,9365,1551,9566,10894,6013,9853,5253,8418,11125,6625,5600,7724,9912,9177,5257,7812,4053,8701,9589,4742,10510,4149,3840,2445,11226,6148,7355,10931
"COG2874",87,145,184,25,70,22,68,0,261,60,16,80,287,131,145,172,311,133,41,45,166,12,15,152,0,23,78,64,12,44,146,3,72,12,154,117,4,470,80,100,150,138,38,47,1,109,75,0,130,65,275,171,25,285,14,78,14,215,54,21,25,54,32,139,160,111,136,59,362,42,80,49,81,27,112,27,78,161,58,295,0,24,38,3,91,64,0,202,142,111,85,64,75,0,0,53,74,101,85,137
"COG2875",1260,900,1377,769,712,1046,2757,350,947,871,566,2121,1030,1345,1240,855,994,1991,163,798,1796,834,1094,560,311,706,1714,1353,734,1600,1064,502,1696,1753,675,1617,77,598,1511,1510,834,564,1833,1753,222,828,171,618,893,385,1188,901,1244,1309,2806,2588,131,1521,1012,886,160,973,1082,1174,1092,402,1020,498,740,334,1769,656,1827,303,1487,1892,1055,1310,824,941,854,1818,1645,660,80,197,219,1108,844,1249,428,1027,844,892,373,206,1593,1501,68,918
"COG2876",1621,2098,1374,2241,972,1495,1137,808,1709,1751,1671,1416,1080,1335,1678,1454,1646,1658,1361,1666,1074,1745,1162,1255,542,1031,696,1369,1824,1430,1004,422,1060,2119,1719,1508,581,1511,1546,1548,1733,1111,1290,1279,420,1715,2232,1154,1547,966,2192,1522,1501,1058,929,1615,1782,1719,2009,1470,1066,1519,2232,2147,1675,1682,2267,1533,1854,1088,1485,924,1041,906,1537,1413,2191,1534,835,1561,783,1071,1271,3320,3352,1198,377,1334,1733,1552,1581,1551,2097,252,311,1271,1572,1325,188,1530
"COG2877",4761,5140,4823,5040,2966,5912,3929,3075,4457,4601,5709,4593,3207,4036,4278,4146,4494,4537,4036,4838,3702,5541,3756,5617,2560,4574,2730,3475,5849,5104,3369,2806,3838,3189,4898,3014,3142,4342,3975,4474,4497,4587,3392,4450,3027,4682,9803,3843,3426,2776,4524,4248,5659,3152,3219,3214,3638,4865,4862,5005,4858,5532,4901,5063,4709,5102,4898,4790,4079,4635,3425,3095,3818,5211,4640,4419,3540,4296,3046,4305,5476,3557,3342,4949,5101,5011,1737,3920,3935,4124,4993,4100,5424,2553,2333,3844,4694,3443,2300,5083
"COG2878",136,236,274,1197,692,79,166,409,240,903,177,126,144,176,530,123,183,84,445,206,185,254,733,395,398,227,394,501,272,91,380,924,238,374,176,393,728,170,431,173,270,255,421,199,1097,163,109,225,448,894,88,728,123,217,368,206,387,152,299,156,385,441,398,132,179,480,1281,138,159,266,228,544,173,262,170,195,480,108,896,172,439,674,443,1243,130,150,103,204,418,193,484,554,196,767,208,319,176,106,1166,106
"COG2879",0,0,0,0,3,0,0,0,0,0,3,0,0,0,0,1,1,0,11,0,0,0,2,0,2,0,3,0,0,0,1,11,0,0,0,7,0,0,0,0,0,1,2,0,13,0,7,0,4,0,0,0,0,5,0,0,0,0,0,8,0,0,0,0,0,0,0,0,2,22,1,3,0,1,0,0,1,0,2,0,0,0,2,0,0,0,7,0,0,1,0,3,0,0,0,1,1,7,0,0
"COG2881",0,0,0,0,1,0,0,0,1,1,0,0,22,0,0,0,1,0,0,0,0,0,0,0,0,0,1,0,0,0,4,0,0,1,0,2,0,0,0,0,1,27,0,0,0,6,0,0,1,0,0,0,0,6,1,0,17,0,0,0,1,0,0,0,0,0,0,2,0,0,1,0,0,0,0,0,3,0,0,0,0,1,0,0,0,8,0,1,0,10,0,0,0,0,0,0,1,3,0,0
"COG2882",4,1,0,0,48,3,1,103,1,6,2,2,2,3,7,2,1,3,69,2,2,0,19,3,71,24,43,7,5,1,16,97,3,31,1,22,39,7,0,2,1,17,11,1,84,0,8,18,14,17,1,10,0,39,50,11,52,0,2,8,95,1,17,9,1,0,3,0,4,62,28,37,13,197,2,4,19,3,72,25,20,8,34,3,1,14,83,7,3,3,0,14,6,678,166,119,13,10,52,0
"COG2884",1306,1556,1150,1773,1668,909,822,1520,1344,1419,961,920,1243,1097,1259,1633,1168,1080,992,1350,1002,1313,1408,1194,2097,793,1484,1256,1519,1000,1450,1769,915,1688,1291,1234,1616,1481,1212,1250,1295,1466,1273,1056,2011,1349,617,1535,1387,1779,1546,1458,921,1337,1177,1401,1657,1135,1504,1055,1052,1332,1526,1474,1188,1361,1822,1472,1607,1232,1170,1694,857,666,1173,997,1282,1318,1540,1515,1010,1255,1465,2446,2093,1635,2512,1160,2273,1344,1271,1580,1610,2490,1915,849,1084,1155,1925,1191
"COG2885",7086,8077,4481,11966,9963,5922,4009,11429,6379,4437,5152,5336,4020,5276,6518,6195,5562,5830,6597,5854,5432,6602,7200,5652,12444,4018,7344,5151,8423,5725,6431,13274,4726,8174,6499,6019,8709,4555,5291,4762,6768,6173,4906,6464,13960,4754,2644,8893,4354,10187,8848,7642,5595,5337,4804,12103,6139,5543,6765,5094,6330,7180,6342,7243,6044,6517,13884,5734,5555,7023,4879,8871,4981,6754,4327,5574,7216,6150,9771,8133,5096,5537,9092,15270,7912,5168,11016,5179,3787,5518,6485,4176,7908,20222,11385,6877,4511,5662,12578,5378
"COG2887",1470,1961,2077,2711,1815,656,1273,4796,2130,3259,1313,1040,2197,1770,2267,1911,2101,1247,4577,2123,1778,1206,1952,1954,7435,4894,1630,2337,1526,778,1772,3268,1283,2629,1756,2623,2489,2650,2648,1521,1497,2233,2946,1364,4033,2245,5757,3813,2891,1367,1570,1812,735,2266,2576,1170,8575,1608,1724,1495,3865,1295,2179,2151,1495,1658,2807,1922,2015,3182,2985,2039,1243,3327,2397,1126,1966,1563,1266,1716,1686,2471,2432,2583,2276,2603,12155,1827,5626,2234,1578,4103,1863,4411,8267,4611,1523,2486,304,1580
"COG2888",0,0,1,1,0,0,0,0,39,2,1,0,22,73,1,24,2,0,0,92,32,0,0,0,0,4,0,0,0,0,87,0,14,0,41,0,1,10,0,0,7,2,1,0,5,121,2,0,0,0,4,2,0,20,1,1,34,1,14,0,9,0,0,0,11,10,0,1,2,0,2,0,38,9,0,0,0,0,1,5,0,0,0,0,1,2,0,117,7,41,11,1,0,0,0,0,0,26,1,0
"COG2890",6360,6359,6272,5606,5404,6855,5012,3067,6301,6453,6923,5920,5839,6242,6440,6053,5978,6222,2950,7524,6012,6692,6120,6240,3483,3091,6045,6329,6589,6733,6347,4103,6186,5922,6259,5994,3433,6084,6506,5938,5887,6800,6355,6087,4895,7154,2465,2881,6364,5037,6746,4523,6884,6080,6563,5932,5452,6144,5791,6568,2575,6203,6379,6284,6125,6849,5985,6732,6464,2783,6189,5279,5937,1932,5349,6154,6166,6889,5702,6057,6759,6606,6156,6477,7384,7349,4907,6161,6062,6037,6612,5998,6238,4332,3170,2461,6079,6088,4437,6855
"COG2891",183,200,170,185,625,241,141,324,175,248,209,107,179,169,242,180,140,101,363,179,129,184,399,291,338,284,481,305,188,199,376,766,276,330,248,349,712,185,292,127,250,347,290,153,572,141,101,80,351,753,135,436,206,219,227,206,321,86,137,155,446,174,225,127,175,211,112,252,165,215,209,576,156,287,106,158,261,124,719,186,254,355,419,241,210,262,116,326,199,201,208,250,156,677,195,343,129,255,984,150
"COG2893",189,237,199,382,118,82,172,618,202,152,117,131,195,193,122,172,178,138,60,161,178,122,83,214,673,53,137,69,227,127,141,185,204,54,181,131,52,189,71,155,199,126,85,153,158,154,68,659,76,117,175,216,130,184,48,198,25,136,234,97,56,177,119,188,209,265,463,187,180,202,99,76,210,48,173,163,48,162,68,293,178,70,119,338,147,125,634,117,151,230,230,124,210,567,761,33,181,88,27,145
"COG2894",1164,703,988,391,895,584,1881,141,287,155,499,1490,398,826,292,605,649,1490,738,394,1620,778,398,407,354,1130,2291,338,544,1226,452,1453,1486,510,456,495,1396,630,102,1114,1017,768,207,1511,1156,142,221,153,316,1254,329,389,261,370,82,806,174,345,243,188,189,165,291,306,344,74,374,152,217,196,89,166,667,176,412,531,51,450,310,298,181,58,126,32,8,75,66,37,48,69,96,78,179,408,139,255,344,49,349,315
"COG2895",1753,1770,1423,2609,2708,2468,1279,2877,1766,2223,1001,1659,1920,1668,1797,1405,1223,1523,1761,1050,1714,1993,2167,1483,4109,1091,1983,1814,3052,2083,2379,2736,2039,1466,1441,2000,2399,1164,1429,1221,1554,1722,1844,1433,3805,912,448,3955,2060,3209,1827,2704,2268,1898,1675,2300,1343,1042,2108,876,1562,2213,1495,1964,1440,2168,1588,1292,1353,1992,1576,3021,1365,1282,1480,1257,1980,1180,3032,2138,2503,2029,2399,2881,1233,1251,3744,1402,2205,2140,2199,2018,1832,1891,3539,1646,1498,1223,3436,1208
"COG2896",3665,3792,4955,4011,3845,2423,3473,2513,4185,6498,3060,3116,4672,4230,5048,4514,4643,2546,1605,4264,4174,2478,4920,5619,2401,2389,3024,5069,2750,2216,4658,2712,2981,2563,4723,4281,2280,4814,5152,3554,3522,3938,4738,2974,2147,4069,1959,2042,5302,4027,3040,3440,2813,4373,3724,2722,3253,3325,3805,2412,1875,3752,3488,3508,3700,4826,3735,4214,4507,2063,5038,4714,4172,1546,4538,3356,4900,3300,3934,3816,3491,4644,4278,3262,3020,3962,2902,4818,5852,3925,4761,5628,3629,2664,2014,1244,3520,5249,3998,3906
"COG2897",1082,1122,1187,1069,1551,1163,1092,601,1491,1389,1468,1128,1801,1545,1580,989,1454,1189,528,1609,1026,1236,1627,1378,721,494,681,2202,1365,1092,1892,890,1431,2277,1393,2422,628,1029,1984,1213,1180,1323,2343,1421,583,1765,415,566,1756,1250,2920,2904,3768,4473,8631,1775,1570,3833,3319,3580,1619,3337,3462,3086,3610,4080,3118,4047,3400,1136,7515,3539,3457,1463,3247,3973,5715,3728,5349,3066,5587,6605,6177,2136,3548,3721,2654,5600,3667,5449,3896,4423,3460,2502,2020,1427,3844,5595,2035,3738
"COG2898",23,6,1,25,207,32,15,1188,28,27,12,15,14,16,46,31,2,58,451,3,20,9,106,2,588,254,105,69,22,10,73,591,6,31,2,336,238,12,48,25,53,63,116,106,70,3,50,233,43,305,78,14,16,84,67,290,60,3,2,38,296,5,32,18,5,2,56,30,23,443,192,167,16,694,7,13,23,44,119,48,10,65,162,26,5,21,518,62,4,23,2,69,5,2748,471,683,35,83,179,14
"COG2899",202,338,173,254,97,24,95,230,166,9,41,80,60,167,105,56,144,131,36,20,79,34,85,224,1000,37,130,51,103,36,40,121,90,12,115,115,22,94,27,82,129,84,34,56,110,22,45,80,41,83,253,252,29,87,26,260,23,95,205,17,24,204,147,287,116,125,2,56,52,288,77,105,87,45,264,157,29,39,25,339,153,36,93,239,59,28,1122,40,20,132,109,22,287,120,359,25,61,54,46,81
"COG2900",4,15,19,0,238,3,0,2,1,5,0,2,3,5,22,6,0,6,162,20,12,0,89,14,42,139,182,78,9,5,120,354,7,67,1,35,462,11,26,2,60,65,19,13,596,1,7,4,19,352,2,143,1,55,84,20,165,1,0,5,150,3,10,2,2,0,3,25,15,154,25,272,20,108,4,1,1,9,228,32,1,58,57,5,0,53,36,54,45,7,0,40,5,13,12,143,2,11,754,5
"COG2901",377,441,241,510,511,551,188,182,288,236,355,268,150,225,297,236,254,259,327,357,293,345,361,340,188,236,428,302,396,433,361,616,330,263,268,260,651,221,234,210,302,348,258,317,534,254,136,52,254,608,361,374,475,239,230,255,295,192,318,370,345,388,340,404,278,431,695,263,284,209,191,565,284,202,177,301,343,223,524,355,319,301,301,577,349,394,67,268,184,293,424,213,345,438,138,296,267,234,871,272
"COG2902",490,414,258,752,6240,604,508,8363,623,2452,152,211,1230,941,2100,650,897,517,3664,519,674,409,4131,388,11298,2396,4054,2823,822,392,3009,6920,1014,4169,289,4223,7186,489,2830,336,1169,2653,2382,809,10389,333,366,8588,2207,8149,354,2442,300,2047,1974,1678,3103,316,307,450,3819,392,816,214,217,151,2308,1039,490,3745,2877,4813,781,2617,459,385,3283,754,8204,1175,785,2342,3963,757,70,1227,9021,2126,2423,1206,198,3028,80,4271,7836,3851,491,2306,9442,377
"COG2904",705,923,501,857,1072,538,457,711,439,137,534,493,327,412,464,362,393,463,797,612,551,589,623,537,1440,629,933,453,728,539,535,1558,553,625,445,479,1403,525,357,393,663,695,283,529,1906,466,447,1559,306,1494,793,827,476,425,470,579,674,433,596,498,770,780,658,883,501,701,732,603,372,730,288,903,538,450,601,591,369,420,1275,696,741,466,573,1124,587,774,646,374,162,485,694,259,790,1176,601,731,497,338,1821,601
"COG2905",134,241,119,219,3254,76,117,2035,99,252,33,41,130,189,376,134,326,130,2759,190,240,37,1334,153,2609,1627,2103,673,166,155,1241,4357,68,1923,31,1387,4303,213,269,117,386,1213,552,234,4756,37,229,1910,518,3730,57,965,221,733,833,901,1968,83,18,197,2555,62,396,89,30,6,276,254,269,1548,483,2252,238,2118,130,118,207,292,3935,657,449,660,1605,158,56,480,1281,530,692,153,32,739,17,4349,1252,2535,163,365,5417,65
"COG2906",31,33,24,2,250,10,9,171,21,15,3,13,26,26,24,17,13,12,239,35,28,8,95,29,79,150,213,56,27,6,150,441,24,102,36,105,466,25,23,21,44,118,53,28,668,13,23,84,33,371,16,112,10,79,64,62,143,7,12,19,194,11,15,11,7,25,26,35,31,152,20,241,36,169,11,13,28,22,337,42,19,55,70,6,9,62,37,75,31,39,21,53,14,93,35,194,15,31,558,28
"COG2907",4907,5548,5675,4552,1888,7283,4335,3269,5775,926,7139,5291,5396,5769,2365,5039,6159,5251,1981,6997,4381,5892,1538,6509,2063,2066,3203,1858,6515,6247,4717,2330,4795,1606,5671,1298,2766,5600,1099,5495,5048,4976,702,5521,3130,6321,1631,1906,1996,2709,5033,3882,7123,5372,1590,2829,1021,5750,4806,7203,2127,5678,4949,5135,5543,6780,4840,5995,4935,1162,1463,2456,4678,1465,4890,5777,964,5581,2239,4964,7761,711,1653,3443,6143,5702,1241,4843,629,5078,6307,826,5692,4041,2245,1785,6148,4634,3286,5669
"COG2908",2205,2698,1804,2964,2866,2997,2016,5906,2534,2017,2181,2367,1985,1722,2289,2296,1960,1790,2597,2322,1792,9306,2552,2112,2864,1800,2442,2094,8873,2492,1815,2686,7085,2622,4395,2045,2801,1827,2216,1780,3971,2389,2139,2328,3140,2405,1581,11346,2270,2890,2732,3262,2683,2082,1625,2074,2956,1859,2587,2588,2102,2266,2612,2617,3677,2392,2828,2312,1850,1627,1880,2878,1483,1787,1600,1645,2420,2048,2834,2334,9095,2084,2485,4242,2810,2960,2520,1629,2505,2013,2398,2394,2905,2088,2179,1789,1931,2375,3562,2047
"COG2909",211,177,20,13,2453,63,48,2236,52,232,56,65,93,56,255,148,37,336,2596,74,195,7,896,19,2952,1084,1453,531,99,56,1077,3809,34,846,35,1887,1607,176,129,101,30,271,573,419,4095,29,245,732,433,2845,326,375,51,615,516,1724,922,16,22,277,1795,59,191,66,10,4,35,155,227,1617,276,621,227,3182,30,86,134,145,2337,425,19,520,686,36,7,208,4028,306,150,132,7,434,32,3014,1826,2436,130,290,3083,29
"COG2910",7,2,3,17,11,0,2,54,5,16,1,3,7,16,11,26,2,2,54,7,3,5,10,5,10,37,2,6,2,1,20,54,21,34,10,23,14,2,3,2,14,18,24,7,22,33,7,113,6,11,38,49,2,76,38,69,74,7,12,13,132,57,6,9,20,32,171,21,13,187,95,38,19,185,9,6,6,26,21,23,17,5,130,111,7,25,52,18,23,30,35,20,17,102,62,287,15,29,37,9
"COG2911",409,396,200,40,5514,161,127,6401,332,2880,93,69,557,581,1232,402,138,314,3130,502,447,96,2873,154,10865,2087,3535,1634,387,116,2471,7029,168,2807,90,2426,6661,429,1153,226,838,2207,1348,431,6590,195,518,4038,1604,6732,476,2065,104,1658,1450,1579,6035,62,98,419,3104,157,390,132,71,112,149,567,548,3769,1685,5291,398,1777,83,183,611,475,4879,1114,182,1726,2878,81,866,1361,9520,1617,5384,728,116,5069,128,11481,7572,2614,200,1310,10274,237
"COG2912",497,243,200,629,1279,185,243,1079,851,568,58,183,1213,984,1283,327,243,212,180,479,625,206,1525,257,274,225,337,2006,265,216,1876,477,463,2502,591,2559,143,218,1967,291,316,449,2444,250,437,785,116,883,1746,793,431,334,145,1069,3135,859,200,199,345,49,289,435,280,400,338,441,308,363,204,185,2428,644,675,416,347,223,2073,274,1393,449,221,2687,2201,776,62,153,381,1677,717,1521,443,982,330,167,219,348,144,1589,191,248
"COG2913",679,789,478,1153,697,845,470,1045,564,316,485,524,527,568,561,442,592,495,423,482,533,604,678,691,1130,300,697,474,883,758,596,862,614,513,535,551,614,439,475,423,524,584,497,534,1409,427,216,836,525,816,676,696,777,540,367,538,332,429,662,535,496,777,663,777,479,828,1206,549,440,454,339,760,498,284,461,501,487,434,832,686,781,577,527,1210,529,601,901,413,242,615,779,386,776,1135,1205,339,531,350,881,456
"COG2914",40,45,37,279,394,19,36,172,44,203,27,13,86,42,215,48,12,20,250,70,51,38,449,71,135,145,245,202,63,9,210,575,71,223,22,180,510,32,235,40,69,159,206,38,471,18,27,46,172,482,15,217,11,92,163,101,171,18,62,16,265,46,50,11,25,96,356,52,40,170,113,381,55,169,33,26,243,32,509,77,86,333,232,270,20,59,42,110,77,74,89,199,31,283,47,202,17,46,761,16
"COG2915",70,115,136,568,568,60,91,423,133,254,107,89,91,99,374,84,54,67,423,145,83,136,627,162,277,303,395,188,134,109,305,922,159,295,95,240,933,82,293,102,206,282,251,130,778,83,51,109,162,753,39,448,83,160,203,155,377,54,121,116,426,116,121,60,94,226,523,110,106,290,119,579,102,296,62,81,419,97,931,166,212,486,333,557,86,154,67,128,163,99,211,262,89,374,90,380,90,66,1319,94
"COG2916",4,17,27,9,377,2,4,43,1,11,5,5,5,5,24,8,0,6,118,34,12,10,172,23,197,137,200,103,19,3,161,411,13,124,0,92,619,11,29,9,80,107,70,25,387,1,14,5,12,645,0,110,2,107,46,24,217,5,0,10,216,4,26,2,2,0,4,37,19,162,43,340,38,22,6,8,1,19,404,58,33,63,89,5,1,44,50,74,61,4,3,47,10,380,145,89,5,12,926,3
"COG2917",2157,2313,2487,2038,1128,3171,1937,1260,2259,1857,3409,2574,1745,2370,1934,1794,2537,2453,536,2854,1652,2818,1608,2918,1324,768,728,1687,2855,2831,1604,394,1970,820,2289,1452,484,1899,1966,2536,2058,2273,1492,2489,401,2459,635,772,1579,805,1996,1198,3170,1536,1571,869,709,2694,2073,2955,693,2650,2193,2390,2432,2741,2113,2587,2201,472,1722,1013,1832,430,2094,2700,1394,2298,854,1972,3642,1607,1482,1657,2549,2340,1154,1883,1088,1926,2582,1261,2372,1493,1234,326,2825,1749,150,2463
"COG2918",1948,2588,1488,2800,2629,3080,1491,849,1584,1265,2188,1970,1006,1227,2049,1129,1530,1484,1567,1689,1566,1968,2573,2205,1217,1075,1907,1885,2453,2645,1610,2839,1836,1645,1446,1604,2755,1175,1863,1253,1608,1832,1742,2037,2761,1434,644,364,1935,2978,2188,2204,2636,1110,1756,1526,1120,1415,1947,2167,1448,2479,2498,2503,1449,2570,2749,1597,1139,1118,1193,2439,1381,897,1255,1587,2000,1153,2970,1834,2027,2402,1806,3454,1769,2272,421,1320,724,1669,2472,1225,2514,2537,599,1419,1989,1288,3791,1608
"COG2919",131,91,71,184,457,119,80,484,111,237,78,99,203,128,128,95,91,70,298,103,135,156,289,82,317,170,293,241,168,136,277,514,265,300,148,254,545,82,205,75,186,246,259,157,426,92,62,689,202,544,94,266,76,219,133,162,237,45,83,69,239,167,93,95,96,145,230,171,78,203,153,393,111,180,82,108,224,96,544,160,222,214,232,163,81,149,164,212,219,179,145,223,79,475,197,250,77,141,770,93
"COG2920",157,215,239,507,493,152,149,203,242,328,282,122,158,178,407,178,107,113,316,265,134,266,466,268,121,263,247,465,193,228,244,398,258,254,160,324,472,285,506,123,322,189,448,252,663,229,359,276,504,578,118,460,210,189,356,148,238,89,214,238,275,359,110,144,219,284,317,156,181,329,306,445,204,281,181,197,399,117,639,186,279,451,412,392,220,154,60,190,266,155,244,356,168,114,27,400,185,134,650,175
"COG2921",53,36,43,236,342,46,30,191,58,51,30,43,66,62,138,51,31,38,232,57,55,48,302,72,149,154,182,177,62,36,167,430,125,226,40,168,443,35,199,50,64,149,210,105,587,35,37,51,198,393,28,164,38,110,168,81,195,22,46,21,238,73,61,40,33,74,267,62,60,144,95,267,56,157,36,47,204,39,412,75,108,265,211,230,23,71,54,75,34,77,74,83,36,361,88,216,23,41,620,36
"COG2922",43,91,57,332,613,75,15,60,133,369,45,13,88,83,471,167,64,26,169,153,117,31,882,76,122,205,361,426,24,70,305,503,87,322,118,222,775,78,515,31,187,309,521,32,509,107,59,8,383,688,47,288,38,145,453,49,441,20,183,32,339,66,36,55,98,271,433,126,104,179,226,840,125,36,56,22,590,62,619,109,23,846,466,316,41,174,13,237,159,90,277,269,63,94,33,244,23,226,1613,100
"COG2923",20,22,22,38,119,21,29,50,37,107,24,18,27,22,73,45,21,22,99,29,31,33,89,42,17,50,64,93,23,34,54,125,68,67,23,76,93,27,86,40,53,51,94,26,128,23,11,22,74,173,46,256,69,142,125,99,181,51,70,107,212,104,60,51,85,68,77,107,101,152,157,336,115,151,47,64,132,65,377,92,87,246,216,80,82,113,20,133,215,71,49,295,73,126,17,212,70,77,639,91
"COG2924",402,458,357,549,532,622,236,208,319,389,404,330,270,284,436,269,283,257,370,339,311,379,597,564,210,235,515,435,458,427,387,606,461,291,285,448,597,198,462,251,325,417,445,354,703,313,122,60,439,594,386,424,510,250,300,291,242,220,346,365,299,490,336,450,299,468,517,303,229,243,309,679,331,205,241,337,504,217,754,329,407,545,396,606,341,443,71,370,234,343,458,366,379,483,129,285,367,349,947,292
"COG2925",5892,6706,6203,4793,3118,8727,5132,925,5934,4286,9362,6653,3747,5120,5030,4350,6234,6399,2204,7411,4389,7713,4790,7406,684,2360,2921,3600,7495,7212,4000,2377,4866,2142,6168,2728,3204,5423,4127,6445,5772,6218,3398,6326,2714,6923,1897,279,3093,3312,5565,5132,8377,3391,4226,2317,2376,6717,5987,9138,2274,6960,6299,6466,6280,7592,5181,6550,5871,1444,3239,3331,4755,1590,4537,6647,3031,5688,3761,4831,7614,4314,3263,4201,7071,6744,151,4549,2266,5047,7366,3006,6490,935,252,1822,6931,3603,3325,6736
"COG2926",0,0,0,0,0,0,0,0,1,0,0,0,0,0,1,0,0,0,1,0,0,0,0,0,0,1,0,0,0,0,31,0,0,0,0,2,0,0,0,0,0,0,1,0,0,0,0,0,0,0,0,1,0,0,0,0,1,0,0,0,3,0,0,0,0,0,0,0,1,0,0,0,0,0,0,0,0,0,0,0,0,0,0,0,0,0,0,2,0,0,0,0,0,0,0,1,0,0,18,0
"COG2927",286,337,280,444,666,497,305,867,299,347,209,311,392,301,328,298,295,289,414,238,288,345,438,443,932,303,491,294,469,410,445,826,358,340,295,405,681,231,248,238,269,493,318,366,907,240,192,890,334,714,268,461,342,381,228,358,316,218,235,239,461,435,354,358,235,318,458,324,221,404,253,644,260,289,330,261,332,191,771,379,524,310,423,427,235,312,734,352,282,347,301,349,361,1031,874,349,345,308,1081,222
"COG2928",3310,2626,3163,2102,1183,2905,2985,1639,2490,2912,3439,3279,2278,2947,2413,2716,2994,3145,693,3228,3579,3220,1866,3053,1127,1277,2475,1792,2826,3265,2444,477,3271,1019,2650,1484,508,2683,1993,3249,2831,2797,1775,2815,646,2994,770,1526,2067,958,2872,1975,3156,2566,1632,3579,1538,3289,2779,3499,690,2890,2863,2746,3019,2849,1737,3089,2494,413,1796,1365,3593,734,2821,3515,1848,3516,948,2558,3193,1901,1382,1722,3086,2969,718,2331,2911,2538,2827,2470,2698,1806,1370,510,3146,1963,170,3562
"COG2929",7,5,7,31,159,4,8,359,4,28,4,19,6,11,8,6,24,17,54,3,2,9,43,21,161,42,79,34,23,5,55,143,8,91,3,86,88,6,7,19,44,24,56,18,336,2,32,119,30,91,12,150,5,21,32,68,58,5,5,13,58,17,20,4,2,1,6,9,8,50,48,178,7,15,5,5,26,6,97,28,15,15,23,15,4,17,82,34,44,8,1,39,1,386,175,106,4,10,255,3
"COG2930",251,365,231,520,235,177,228,901,324,359,54,135,270,312,284,207,353,160,7,116,212,138,288,282,676,42,188,261,340,164,590,228,171,128,310,300,41,256,227,175,178,239,298,179,28,144,72,708,308,227,326,263,148,247,132,297,32,181,282,35,105,184,181,374,211,273,583,165,199,37,274,241,337,25,289,245,362,154,180,326,265,246,476,454,109,176,324,280,422,422,270,264,294,1501,998,35,189,298,61,247
"COG2931",10235,6759,5828,5544,8568,4346,7880,16145,7432,10429,4419,6440,8252,7891,7736,11045,5177,9192,4859,6068,7635,7007,8529,4903,5661,6322,13733,6973,7779,5539,10336,8625,5806,10614,7229,5486,7440,5345,6794,6738,7289,8973,6342,5052,32705,8896,7017,29207,8665,15588,8553,6753,3793,11494,4237,10822,16393,6463,6853,4680,6575,7166,5793,7615,7095,5505,5777,9484,9438,7441,5802,6343,6536,9888,6079,4506,9669,8546,5910,7915,7065,6678,8337,5369,7073,11718,3839,9385,10758,10593,6113,11257,6403,7361,4183,5491,5262,9509,8573,9027
"COG2932",49,22,47,56,511,43,100,861,51,161,30,44,108,96,122,54,130,49,985,17,39,52,314,78,2418,2193,352,189,156,29,169,871,70,341,14,516,1933,62,166,39,151,179,200,158,1122,23,149,1264,244,348,51,63,41,175,112,127,830,45,30,72,1686,72,95,35,11,24,152,55,30,821,206,305,61,3130,69,70,193,46,317,154,199,207,336,49,6,46,2051,113,333,129,18,277,16,721,1710,1100,99,158,151,21
"COG2933",78,70,28,57,1233,13,15,330,66,128,7,4,78,104,160,72,19,18,690,106,84,28,549,16,690,517,771,323,47,14,775,1316,50,887,53,512,1509,57,155,50,207,412,275,79,1187,9,69,456,298,1437,43,539,8,321,261,270,518,12,43,49,764,25,93,42,57,20,44,98,109,517,257,977,138,512,55,20,190,72,1278,272,39,273,584,98,0,178,368,279,275,179,37,303,31,1566,383,672,32,141,2295,33
"COG2935",541,645,626,1205,1351,433,632,1647,615,790,224,421,754,661,724,468,824,476,603,272,560,411,903,699,1866,501,928,963,822,437,1169,1342,656,685,509,1151,1110,595,838,526,526,631,835,617,1583,316,204,1374,891,1491,495,877,426,865,433,698,557,493,490,176,589,639,617,673,490,575,1319,535,468,744,923,1188,572,458,682,619,1127,405,1552,892,1060,743,878,1030,260,339,1546,668,1027,693,511,977,595,2288,1613,701,516,594,1711,394
"COG2936",1718,1491,1527,1028,1559,672,2036,813,1944,1804,514,1437,3208,1933,1759,2173,1574,1638,376,912,2653,634,1660,1098,452,483,2943,1980,672,1152,2064,906,1465,932,2210,1872,308,1680,1794,1377,1743,1744,1605,1375,307,1061,300,845,2714,1539,6365,5314,2406,7196,3999,7074,4331,4370,6187,1902,1377,3128,3007,4000,4814,4566,5544,3131,4831,1556,5703,8153,5766,531,4065,3845,7192,5458,5924,7606,1967,4654,5009,2993,1726,3679,1302,7910,7008,5626,4751,6352,3644,4635,1274,1053,3875,8057,6872,5002
"COG2937",778,1126,792,925,3346,2949,690,2066,769,483,1002,1140,568,759,870,656,832,1043,2370,1115,922,1175,1753,1281,1856,1689,2360,1445,1306,1941,1867,4875,1008,2295,680,1350,5209,711,909,737,1004,1635,834,1067,4740,671,645,267,815,4275,997,1942,2225,1235,1398,1056,2110,782,538,1498,2441,1017,1514,944,614,929,272,1036,703,1873,749,2987,787,1398,605,731,665,759,3829,1089,866,1277,1890,1119,1546,1185,610,1341,781,738,901,938,1041,5175,1240,2589,1005,1168,7022,619
"COG2938",192,176,164,394,466,208,139,471,216,216,204,164,212,215,240,185,206,134,279,205,204,193,399,176,595,168,374,272,265,245,343,617,230,297,194,299,555,146,273,177,210,346,173,233,1049,182,76,503,203,615,141,342,193,266,192,222,392,181,219,174,318,382,201,185,187,274,448,253,156,375,226,454,239,231,152,233,190,173,610,270,321,231,281,357,156,255,550,266,173,207,282,243,176,718,518,226,194,215,738,177
"COG2939",1013,1461,495,1374,2065,850,526,2173,941,1117,490,810,734,699,1139,1172,703,699,903,1371,1064,619,1618,532,2518,867,1571,1114,844,944,1046,1808,437,1242,1155,902,2254,878,991,630,858,1274,1069,959,1786,774,403,1983,1130,2525,480,402,279,273,343,305,625,269,452,242,458,246,235,389,304,413,686,338,351,502,395,1103,364,122,214,205,279,285,280,419,129,364,658,594,624,414,763,366,455,285,443,362,414,250,694,307,158,353,1538,348
"COG2940",1729,1628,1758,1851,369,1906,1210,663,2021,865,2300,1614,1402,1967,1021,1572,2370,1486,804,2028,1790,1742,604,2117,1295,1397,340,625,1524,1618,637,314,1198,352,2946,528,429,2216,586,1672,2064,1182,550,2265,252,1735,1689,2311,650,299,1527,1266,1974,911,862,418,1128,1779,2020,2259,995,1836,1412,1504,2495,2483,1654,1433,1837,1752,646,533,3314,902,2110,2004,585,1216,323,1124,2041,661,460,596,1797,1252,1020,803,506,1126,2678,557,1757,36,995,1217,1596,677,83,1678
"COG2941",2263,2687,2602,2134,901,3553,2167,629,2380,538,3674,2719,1771,2290,1321,1829,2509,2405,898,2985,1940,3331,988,3099,758,793,1014,1258,3413,3087,1422,956,2487,581,2487,1002,1008,2066,973,2472,2317,2285,933,2642,1015,2717,751,283,1056,1277,2173,2099,3466,1497,1238,991,331,2693,2373,2903,658,3043,2501,2562,2641,2916,1798,2621,2152,676,1056,805,1946,615,1857,2675,791,2264,937,2168,3762,1061,1002,1731,2831,2461,625,1759,472,2034,2864,564,2756,1085,551,587,2852,1458,612,2702
"COG2942",238,189,189,922,823,167,311,985,397,633,57,244,599,422,536,402,359,220,339,219,331,228,699,281,1458,201,398,517,428,170,435,522,433,567,231,582,206,115,536,251,164,420,754,314,289,177,114,813,759,626,263,624,192,540,351,379,388,208,276,73,503,344,360,299,161,409,441,220,203,280,516,507,390,351,309,154,921,318,458,362,633,649,998,905,87,157,1277,443,302,400,402,443,239,605,2297,289,236,509,315,257
"COG2943",92,110,68,29,2594,43,35,3012,64,81,27,34,229,151,169,66,27,71,1276,171,140,55,833,15,2424,982,1368,513,201,57,660,2963,180,1315,29,802,2975,97,188,71,433,729,391,224,1851,55,206,3193,364,2873,43,1061,33,648,578,512,990,18,26,139,1301,50,129,52,25,24,82,268,136,964,243,2358,170,974,15,33,55,175,2165,468,66,367,1154,46,3,416,1814,580,231,181,31,491,37,6002,3173,1130,93,255,4719,42
"COG2944",16,28,11,4,356,19,2,155,5,39,7,4,13,23,27,17,8,19,275,13,18,7,190,7,283,147,245,129,50,4,143,462,16,197,7,94,867,16,18,37,25,200,86,37,851,3,72,267,33,424,13,249,11,57,109,87,306,2,7,43,223,6,29,11,10,0,5,27,35,252,67,379,26,205,11,20,42,27,482,65,90,112,117,5,2,73,137,84,218,20,1,68,0,686,314,197,17,25,964,8
"COG2945",1912,2084,2177,1628,1035,2883,1865,1057,2097,1617,3130,2195,1858,2108,1509,1635,2277,2286,758,2377,1480,2765,1030,2397,1361,744,856,1353,2688,2513,1736,678,1750,819,2250,1357,552,1996,1210,2261,2020,2375,1029,2117,1609,2444,712,964,1150,846,1753,1666,2860,1734,1471,837,649,2420,1910,3016,685,2315,1896,2059,2241,2194,1570,2371,1881,566,1425,876,1666,774,1689,2304,911,2200,1096,1777,3040,1115,1140,1039,2378,2237,1186,2269,1072,1958,2123,1256,2122,1569,1412,558,2440,1464,163,2547
"COG2946",14,2,2,1,173,2,0,2,5,9,0,0,1,31,11,4,0,1,16,73,23,0,21,0,5,27,163,14,6,8,55,12,0,194,0,44,18,11,11,0,152,30,8,7,56,1,1,0,22,401,1,299,0,31,6,4,92,0,9,3,21,0,6,0,0,0,4,21,13,19,17,39,33,3,1,28,37,0,652,42,1,55,30,3,0,27,4,6,4,2,1,114,0,5,83,6,1,3,227,0
"COG2947",1958,1771,2003,1084,1694,2104,2026,884,2211,1141,2383,2187,2054,2326,1937,1928,2027,2190,780,2656,2326,2312,1791,1864,1015,1050,1906,2179,1993,2094,2256,1276,2061,2557,2256,2266,1242,1983,1992,2144,2154,2163,2056,2010,1516,2400,535,625,1698,1681,1902,1662,2186,2057,2950,1855,842,2123,2031,2495,945,1860,1649,1782,2170,1898,841,2019,2084,768,2374,1331,2398,695,1675,2199,1404,2295,1850,1948,2421,2222,2201,700,1763,1848,1009,2390,1098,1980,1928,1263,1773,1279,1013,750,2126,2553,1357,2273
"COG2948",59,18,8,23,586,104,21,4353,61,62,34,20,32,74,102,51,13,68,630,6,31,8,262,1,4881,185,654,181,125,39,304,950,22,189,25,602,352,52,73,13,99,124,245,164,1309,17,52,3619,219,464,89,53,41,267,167,270,170,6,32,146,451,38,33,23,11,1,15,38,55,1120,269,386,17,713,18,41,57,84,237,142,9,142,294,51,1,48,5214,127,69,53,7,167,7,5248,5758,651,62,238,213,28
"COG2949",30,12,3,26,59,6,3,43,15,12,0,9,15,4,53,17,8,11,81,2,6,7,130,5,42,63,55,42,10,13,58,161,15,53,4,26,93,4,24,6,15,84,27,11,12,2,7,166,18,61,20,19,3,20,21,119,50,1,1,7,133,31,23,41,8,12,89,9,6,15,88,37,6,81,2,2,65,52,80,21,14,51,281,21,3,21,41,18,12,9,13,19,5,218,38,149,2,59,65,7
"COG2951",4102,4894,4500,4924,4405,6255,3538,3562,4122,4227,6075,4495,3422,3847,4378,3592,4735,4489,2569,5559,3361,5311,4464,5255,4190,2290,3692,3247,5578,5529,3671,4555,3612,2731,4239,2942,4558,4027,3890,4418,4168,4871,2977,4313,5101,4744,1484,2453,2943,4774,4261,3505,5993,3295,3304,2698,3703,4681,4119,6028,2469,5057,4572,4706,4194,5249,5419,4849,3744,2109,3018,4488,3332,1819,3572,4566,2680,4131,3981,4398,5576,4048,3125,4543,5216,5541,3673,3833,3902,3848,5122,3932,4751,6544,4074,1930,5240,2986,5980,4664
"COG2954",815,652,860,400,386,299,1084,56,495,396,324,819,527,586,477,751,693,865,165,588,1104,561,345,485,103,368,1603,383,488,777,444,193,957,407,494,322,93,793,462,872,783,643,478,710,116,411,149,82,480,255,901,499,423,739,282,1645,498,822,554,523,231,503,748,745,651,304,741,445,675,166,427,918,1061,40,877,819,571,1015,545,833,410,353,494,484,383,515,73,311,635,375,347,429,633,323,141,153,622,494,807,887
"COG2956",612,458,453,648,1869,210,316,907,690,2065,400,285,800,507,1143,1129,395,357,813,1168,611,612,1690,556,875,597,1409,1459,380,344,1268,1440,487,1553,625,1268,1626,786,1605,463,653,1059,1452,346,1885,894,251,221,1793,2039,503,872,285,851,1011,589,2206,386,584,601,895,388,457,288,493,699,284,877,793,542,1296,1819,505,375,363,252,1324,709,2222,708,396,1387,1575,571,1027,1613,317,1108,2770,846,655,2389,480,1897,529,677,304,1110,2406,679
"COG2957",1442,1387,1209,1223,2252,4708,1247,1963,2454,3590,3477,3434,1806,2236,2208,1953,1295,1531,1115,2794,2046,2940,2495,1518,2071,888,2385,2478,2891,4076,2393,2079,1754,1607,2061,2174,2145,1495,2508,1723,2346,2353,1982,3097,1729,3287,392,1420,2625,2682,1376,1567,4989,2500,1686,1186,1851,1664,2047,4550,1220,1770,1091,1130,2349,2271,1800,2522,1697,1172,2135,2178,1796,875,1326,2497,2084,3537,2137,2105,2798,2297,2217,1270,1310,3136,1885,1836,3572,1992,2391,3520,1514,1788,1631,1002,1866,2328,2916,2089
"COG2958",0,8,21,5,5,3,0,0,0,1,0,3,2,0,13,2,5,4,46,2,3,0,31,3,11,61,18,65,11,0,67,95,1,9,0,9,519,20,11,4,0,58,3,0,637,1,4,0,2,38,1,17,0,10,1,4,115,5,0,0,23,3,7,2,1,0,3,1,12,33,3,9,4,16,2,4,16,10,1,3,1,6,21,4,0,0,15,5,72,2,2,5,0,19,2,18,2,4,190,1
"COG2959",133,146,107,420,1562,143,136,684,145,475,67,142,208,205,361,149,56,115,1090,155,188,180,736,135,823,604,931,618,253,134,723,1981,421,967,76,658,1911,103,356,115,273,487,494,282,2379,50,154,200,530,1767,51,751,116,403,402,382,850,67,75,61,939,236,215,73,68,80,492,177,132,611,366,1460,178,584,97,222,483,125,1923,333,384,547,871,377,25,261,292,413,302,252,89,543,123,1927,444,862,96,200,2857,65
"COG2960",208,184,145,316,466,122,150,409,120,153,63,116,229,138,134,112,126,135,288,102,130,111,231,165,358,211,377,165,155,166,293,711,142,263,97,243,567,99,113,150,145,190,99,150,425,64,83,451,135,505,159,288,122,209,147,227,233,114,139,70,345,164,170,223,107,135,352,133,100,203,122,463,127,205,183,121,93,88,404,225,151,146,250,282,106,136,217,204,133,207,133,139,167,841,352,342,169,74,879,84
"COG2961",173,216,124,217,997,371,60,1223,127,49,112,226,212,169,146,193,107,189,642,224,178,152,399,100,1112,413,541,274,278,265,440,1323,178,638,147,464,1088,155,118,168,293,485,219,144,1250,154,134,890,212,1217,180,458,346,255,266,249,503,93,189,148,758,157,188,230,132,207,123,168,163,447,160,802,159,476,203,130,170,158,1086,331,312,186,470,214,135,360,673,201,109,201,214,202,176,2493,1283,589,251,133,1590,164
"COG2962",2097,2445,2489,2521,1974,3094,1711,1399,2391,2626,3600,2421,1654,2294,2733,2065,2639,2647,1365,3518,1778,2568,2861,2967,2047,1384,1199,1891,2554,2596,1792,2118,2005,1495,2475,1726,2191,2257,2367,2597,2481,2505,1798,2351,1619,2705,983,1410,1613,2388,2060,1788,2901,1547,2234,963,1424,2558,2331,3368,1342,2742,2262,2216,2490,3122,2651,2721,2243,1144,1896,2314,1905,1001,1904,2375,1608,2181,1891,2200,3117,2565,1820,1871,3085,2616,2711,1868,1454,1962,2953,1909,2437,1919,1860,1125,2932,1740,2691,2846
"COG2963",173,120,115,1374,3029,122,33,3428,97,4293,47,75,322,282,1017,159,49,208,2422,166,255,123,1321,208,3016,1213,2525,1080,298,113,1411,4655,303,1185,46,2394,4599,239,638,176,849,815,909,277,5414,27,291,1904,715,2740,231,786,92,656,644,1012,3163,29,108,247,1855,358,278,80,41,21,1908,197,212,2285,907,1941,255,2014,42,151,2171,244,2232,541,302,821,1199,1278,5,412,1708,583,7737,252,36,5764,15,6790,2039,1427,137,502,4469,66
"COG2964",22,7,9,17,70,7,25,1,28,104,22,17,10,12,121,111,10,29,13,9,5,10,158,10,25,4,5,197,0,7,149,14,7,120,13,144,2,48,289,23,17,3,193,25,29,47,29,2,294,75,30,5,5,25,63,11,141,24,8,80,18,1,8,11,13,7,11,6,43,13,153,94,5,10,27,6,253,9,47,4,1,155,130,20,41,7,21,12,229,19,6,124,15,1,3,10,18,164,93,1
"COG2965",3,0,4,1,40,4,0,1,2,3,0,4,0,10,3,3,0,0,42,6,10,1,14,3,39,23,4,3,1,1,12,46,1,36,0,1,56,4,1,0,4,25,13,0,44,1,23,4,13,2,3,1,0,5,1,20,63,0,5,0,88,25,10,0,6,7,34,0,1,13,4,7,0,7,0,1,25,0,15,18,7,3,40,1,0,2,6,2,7,1,13,4,2,8,5,68,1,3,20,1
"COG2966",3,14,25,13,412,7,1,51,3,11,2,2,3,12,21,8,1,13,135,40,26,1,146,4,6,173,245,95,18,2,125,409,10,512,0,67,611,12,38,9,89,133,24,32,344,2,11,102,19,519,51,577,7,224,274,106,725,2,2,20,609,10,27,6,8,1,32,108,75,719,213,1360,115,90,10,22,170,80,1209,202,32,239,408,21,0,227,100,318,174,36,8,265,9,11,24,443,11,79,3297,22
"COG2967",557,616,428,657,885,598,378,729,774,987,375,414,774,592,803,759,558,372,414,685,634,556,959,567,881,328,696,950,697,494,724,699,588,765,629,833,642,610,1000,448,574,696,903,339,862,610,169,950,1059,939,521,606,576,753,679,499,727,417,669,477,417,694,502,525,591,633,898,594,601,496,982,953,590,269,459,362,996,579,980,681,526,834,942,884,612,778,741,753,907,771,708,996,625,614,733,369,371,820,918,550
"COG2968",106,57,43,319,1235,35,35,1189,384,287,18,25,808,540,470,221,116,31,301,452,297,32,949,57,1964,366,499,748,115,28,1217,1261,236,953,295,913,1060,122,698,53,218,728,682,72,1480,705,68,678,709,1307,36,454,19,804,1098,177,713,35,185,56,599,32,110,29,74,174,382,223,186,721,791,960,283,232,46,16,554,318,1754,222,155,939,1121,359,36,452,1817,1134,505,711,199,603,26,2062,1526,233,31,1042,1530,101
"COG2969",73,74,53,386,615,39,60,279,90,273,31,50,114,111,290,55,50,48,377,74,83,96,541,72,215,239,309,331,112,39,302,760,205,358,61,308,728,54,254,65,116,228,300,59,1046,36,92,69,353,726,32,412,25,187,233,151,798,34,86,33,379,126,114,43,58,137,476,65,60,229,170,569,97,233,55,64,316,56,816,175,239,410,338,425,45,110,86,193,132,110,143,219,69,540,139,300,47,67,1053,77
"COG2971",816,213,589,305,1440,97,195,441,348,723,27,65,400,364,611,369,496,112,459,153,451,237,948,643,356,1066,1038,1003,310,55,709,1499,183,720,369,851,1818,171,801,318,357,659,901,155,1325,236,114,315,816,2308,228,762,78,648,511,1066,1362,274,398,51,864,254,468,349,271,223,179,418,329,515,756,1435,601,157,715,186,1158,381,1337,444,491,730,1012,316,59,517,692,564,1516,475,230,1065,324,925,119,797,77,442,3164,244
"COG2972",279,249,55,629,1864,119,79,905,137,210,52,99,223,219,334,304,75,133,1448,97,160,180,864,61,3095,654,1411,738,217,95,628,2184,299,889,84,913,1601,131,314,82,290,431,500,334,2847,52,144,1112,342,2037,413,581,87,695,466,1732,964,42,96,231,1453,134,124,137,104,104,182,226,185,2332,555,2070,175,1536,63,161,666,306,1825,408,154,537,1310,672,47,284,3328,585,248,211,130,468,190,1640,1502,1567,100,428,3320,101
"COG2973",0,0,0,0,0,0,1,0,0,0,0,0,0,0,0,0,0,0,0,0,2,0,0,0,1,0,0,0,0,0,24,0,0,0,0,3,0,0,0,0,0,0,0,2,0,0,0,0,0,7,0,0,0,3,0,0,0,0,0,0,3,2,1,1,0,0,0,1,0,0,1,0,1,1,0,0,0,0,0,0,0,0,0,0,0,0,0,4,0,0,0,0,0,0,11,0,0,0,24,0
"COG2974",67,85,133,238,1522,69,96,482,34,109,69,84,104,103,145,46,30,83,1144,92,92,94,615,131,632,800,966,382,178,81,575,2527,144,713,23,504,2980,92,87,102,335,576,274,189,2377,23,153,372,206,2086,44,930,49,414,276,267,1008,54,23,70,1910,157,179,91,24,25,60,102,91,727,168,1060,161,628,77,103,100,79,1309,318,207,266,526,272,11,235,221,208,179,86,16,384,100,1568,366,890,66,105,3419,40
"COG2975",210,281,163,350,29,395,162,30,179,101,239,202,83,116,180,102,167,173,73,176,173,255,170,217,25,40,87,69,261,314,110,98,163,57,153,44,30,124,135,130,150,109,95,205,60,155,72,74,95,21,209,176,367,81,94,115,27,155,203,234,41,267,210,289,208,306,374,152,121,50,55,55,147,74,93,171,155,103,27,179,210,188,53,442,175,184,13,55,54,140,285,77,236,20,27,53,195,58,26,181
"COG2976",314,327,214,643,786,211,215,393,384,387,243,182,278,252,451,350,142,224,509,363,299,317,801,308,403,340,641,459,230,321,545,1007,392,386,273,416,1020,224,483,213,407,517,470,315,1411,260,110,71,467,1046,316,517,163,352,312,331,425,205,355,182,526,366,301,206,295,435,658,386,272,377,251,869,268,355,162,257,519,222,1093,391,380,586,520,675,275,399,145,419,224,370,440,377,253,884,236,458,203,326,1550,285
"COG2977",91,47,86,92,466,81,118,239,118,175,57,67,171,94,229,199,192,52,105,54,60,57,239,127,270,76,112,268,101,49,178,710,114,352,88,322,136,114,308,115,107,81,282,45,120,113,41,342,269,640,56,69,73,211,178,119,114,97,28,32,152,101,134,26,58,37,29,96,159,62,295,156,45,162,133,44,448,113,218,104,111,183,229,97,223,143,90,84,112,105,36,166,30,794,207,119,58,225,147,85
"COG2978",217,175,147,267,2272,126,133,2704,252,184,37,147,402,323,308,253,48,128,840,238,325,171,1011,172,3303,793,1141,694,285,129,966,2346,381,2604,143,652,2839,157,452,205,441,928,414,236,1973,85,97,2611,555,2594,131,1040,126,761,412,488,1254,96,93,63,1390,230,218,157,112,99,102,348,217,1107,570,1872,297,250,105,93,427,244,2849,583,352,642,1001,184,50,351,2353,710,385,376,122,414,216,2777,2684,1043,110,413,4241,182
"COG2979",12,6,4,1,276,1,5,320,3,20,6,0,11,20,27,18,2,6,370,9,13,2,107,1,208,149,243,34,12,6,133,426,6,116,1,200,267,21,22,9,14,79,60,24,357,4,23,449,62,173,2,2,1,53,75,105,138,1,0,24,327,4,32,13,2,0,10,19,10,129,58,73,15,346,4,8,13,9,108,48,6,22,183,2,0,35,200,22,10,10,2,28,1,1000,218,359,16,35,155,4
"COG2980",78,63,44,166,564,52,39,256,155,363,77,44,115,148,223,153,33,50,370,153,131,84,354,87,127,207,355,305,47,87,363,755,224,244,115,265,698,84,304,45,186,246,249,117,682,137,63,5,355,694,15,104,19,61,51,29,117,7,41,14,128,30,12,9,40,47,66,61,36,85,54,170,48,90,21,37,111,33,193,34,47,100,127,51,19,54,8,96,77,51,50,98,14,31,16,115,8,53,386,31
"COG2981",84,65,45,196,345,51,58,350,37,108,20,54,92,64,61,36,28,52,201,33,58,42,133,53,377,120,219,78,68,55,179,416,96,304,33,176,394,37,52,44,79,153,94,94,471,19,31,389,54,406,149,444,151,409,219,569,524,74,83,118,727,227,222,192,74,97,778,163,122,458,208,654,155,536,147,135,449,130,1311,317,267,223,629,686,53,190,1227,272,321,284,111,399,142,1886,931,562,164,126,1529,73
"COG2982",389,73,101,565,2213,188,255,5170,302,1973,96,135,789,492,773,301,170,192,1560,205,319,350,984,205,3361,565,998,958,458,142,1210,2324,719,3926,220,1582,1031,239,920,159,234,635,1019,341,4026,159,366,6793,1409,1577,181,424,110,712,538,944,869,126,152,158,1311,345,278,76,159,150,759,341,227,757,801,700,233,1229,197,254,984,210,1157,505,517,887,1515,621,81,201,2418,619,1870,883,168,1811,79,6774,4682,1103,180,443,607,146
"COG2983",259,317,330,874,781,290,373,873,293,303,141,285,387,293,316,148,333,259,423,73,224,284,511,373,984,385,477,355,424,276,338,897,359,333,164,378,746,171,289,262,200,365,350,359,856,77,90,832,347,887,208,663,240,387,287,377,299,259,314,122,384,365,309,385,163,366,844,190,122,507,250,581,211,288,380,327,389,160,813,455,603,420,393,799,99,149,760,204,143,290,344,288,332,1089,1152,526,294,140,1121,181
"COG2984",45,68,47,15,851,16,24,689,25,107,11,40,60,101,69,48,10,62,538,98,46,11,372,8,332,439,640,274,51,39,409,1213,28,391,12,458,1707,61,75,47,534,193,160,60,2207,4,203,1721,64,1678,37,474,9,268,195,282,675,3,16,36,494,20,36,7,18,3,43,83,76,599,83,208,129,199,15,68,32,54,1831,147,18,229,211,22,13,173,220,100,287,54,3,465,1,255,119,598,43,60,1451,17
"COG2985",18,8,1,53,41,14,0,545,26,99,6,8,38,48,38,48,0,51,30,4,5,0,65,1,22,30,71,27,2,6,200,72,9,161,7,44,10,1,46,5,79,46,24,24,44,12,3,71,65,16,68,5,8,57,10,157,49,2,6,16,114,2,13,18,5,2,65,23,13,231,89,77,2,26,0,12,113,56,26,13,1,27,100,81,4,7,86,31,32,30,5,97,2,3,9,267,3,63,123,22
"COG2986",1628,1617,1212,2314,2759,574,1143,2275,2595,4142,751,912,2347,1844,3300,3553,1909,1232,1080,2057,2778,863,3146,1200,2559,879,2108,3102,698,906,2217,2086,1259,4619,2726,2331,2455,2753,3741,1205,1835,2195,3198,1288,2312,1811,694,4112,3766,3032,2451,1976,772,2311,1923,1940,3090,1518,2083,975,1324,1099,1153,1279,1737,2371,3565,1782,2795,1234,2981,1943,1740,757,1109,1021,3699,1911,1583,2933,475,2714,2894,2870,2319,2192,2138,1947,4375,2078,2377,3966,1492,1129,2399,1507,857,3330,2282,1761
"COG2987",2102,1992,1398,2840,2569,748,1394,1974,2805,3070,810,1201,2917,2125,3001,4076,2325,1399,1017,2032,3104,854,3006,1315,2247,809,2327,3198,898,1082,2184,1602,1150,3494,3328,2272,1677,3041,3520,1383,2098,2311,3168,1526,1882,2013,586,3212,3920,2724,2954,2108,1009,2587,2024,2405,3039,1883,2401,1043,1273,1471,1304,1515,1997,2647,4543,2030,3181,1115,3093,1997,1882,870,1340,1197,3723,2028,1591,3466,381,2681,2976,3520,2641,2411,1749,2102,4266,2320,2662,3314,1935,1139,1836,1320,1081,3371,1916,2041
"COG2988",1335,819,1261,104,1486,654,2133,46,236,165,436,1547,325,758,319,555,630,1457,742,461,1813,821,609,429,358,1300,2770,331,549,1106,625,1699,1665,1496,287,275,2170,638,104,1346,1277,1038,117,1389,1495,107,171,185,101,2046,1342,1633,667,1163,362,3302,884,1201,672,632,833,833,961,1083,996,107,490,467,508,856,197,1985,2095,341,1411,1543,202,1236,1785,1099,578,288,385,84,9,382,114,306,172,204,182,317,649,352,32,941,1212,56,3978,1036
"COG2989",379,607,304,792,856,210,257,2748,288,69,96,203,270,361,211,153,361,363,343,135,245,243,416,312,3402,420,696,315,468,218,422,1511,159,663,190,601,1459,244,80,314,487,535,252,329,2683,78,132,1823,167,1099,406,694,176,492,228,811,517,258,339,154,516,516,329,696,251,226,603,241,248,1091,255,430,247,239,423,297,227,151,2071,730,363,216,675,846,105,185,3123,160,141,375,219,269,428,3244,3153,248,252,176,1100,209
"COG2990",0,0,0,0,0,0,0,1,5,0,0,0,0,1,4,0,0,1,1,0,0,0,4,0,1,0,0,1,0,1,52,0,1,0,0,4,0,1,5,0,0,1,4,0,43,0,45,0,1,3,0,4,0,1,0,0,1,1,0,0,6,0,2,0,0,0,0,0,0,29,18,0,0,2,0,0,1,2,1,0,0,0,14,0,0,0,0,1,0,1,0,0,1,0,0,0,0,6,39,0
"COG2991",10,42,35,64,216,10,25,42,25,12,20,12,34,28,21,29,50,16,150,67,35,22,87,38,118,130,204,98,21,12,155,338,23,105,42,95,425,93,23,24,57,96,34,19,481,29,19,1,40,366,19,105,11,75,66,71,149,22,12,18,170,19,50,12,18,33,6,52,31,132,30,279,34,105,22,14,28,41,261,63,41,66,68,50,25,95,38,81,34,34,38,63,15,282,92,144,18,37,681,25
"COG2992",2958,3512,4079,2498,2220,3918,2635,4787,3186,3863,5206,3262,2234,3150,2987,2857,3022,3252,6074,4409,2286,4898,2504,4103,1918,6175,1526,1945,3994,3508,2713,4381,3885,2419,3408,1407,4809,3589,2227,3758,3555,3763,1390,3444,5464,3877,6210,7224,1336,2593,2751,3385,4084,2343,2328,1111,7606,3979,2848,4924,8668,4153,3312,3062,3485,3785,2656,3845,3067,8174,1593,2002,3012,8368,3185,3884,1376,3546,1975,2662,5544,2362,1455,1813,4029,4007,1176,3065,1796,2901,3576,2036,3850,623,1939,8077,3779,1952,3354,4257
"COG2993",408,308,86,371,1408,171,89,1826,188,402,56,221,186,162,528,206,202,384,683,89,174,50,1017,154,2054,474,655,302,175,137,527,1517,67,2933,75,571,951,98,409,154,239,391,276,162,1353,41,83,2316,237,1121,182,137,35,123,61,296,266,46,26,42,250,57,85,78,27,22,16,78,127,297,112,297,55,231,51,25,76,118,340,119,42,243,310,117,209,54,452,123,91,105,21,176,42,851,543,294,55,201,427,48
"COG2994",20,5,34,58,2,5,18,367,5,0,19,24,25,11,3,1,5,8,1513,1,6,20,0,32,846,1818,15,1,13,12,16,345,15,1,3,0,689,9,1,11,2,12,5,74,64,22,678,1014,0,0,5,22,5,15,3,7,53,13,2,36,2066,13,7,17,1,1,12,6,8,3117,1,2,12,2200,35,15,1,1,0,4,16,1,2,35,9,7,642,8,4,7,1,0,33,26,1024,2135,24,0,13,7
"COG2995",64,60,33,13,1122,13,7,842,10,134,13,12,23,21,107,27,6,39,654,89,83,2,483,9,778,493,564,244,50,13,544,2027,42,663,8,204,1604,48,100,27,197,438,162,73,1278,4,97,716,106,1659,23,486,6,254,215,158,640,5,6,20,788,9,95,26,9,1,49,89,62,531,142,925,105,440,10,4,189,68,1281,200,26,196,519,25,1,166,420,247,193,73,3,244,10,2938,697,693,32,77,2633,17
"COG2996",108,128,86,866,995,161,41,440,118,61,51,98,87,90,124,110,31,82,644,90,110,127,439,79,289,372,590,265,137,171,380,1401,86,1068,61,254,1183,91,117,82,238,357,124,226,2029,23,55,292,149,1124,104,482,150,278,186,204,631,35,133,60,628,374,143,144,96,97,1178,133,80,532,160,706,152,505,89,195,315,153,1402,298,211,207,492,1060,15,119,199,166,96,77,106,194,123,1271,308,549,63,156,1732,56
"COG2998",227,301,290,327,151,394,276,99,260,375,215,249,315,262,286,232,382,216,43,175,172,298,223,354,110,53,166,287,452,321,222,108,280,109,226,269,46,229,328,254,224,239,279,241,20,198,73,181,276,189,666,720,1021,742,491,496,213,732,667,540,82,941,762,1139,700,693,1065,570,565,64,869,532,480,105,985,925,877,535,479,901,1349,583,625,793,571,606,120,772,866,811,602,917,967,1292,386,76,929,649,100,619
"COG2999",15,59,4,4,284,9,6,0,15,3,5,9,10,19,12,26,8,11,11,18,27,3,37,3,0,26,262,20,5,3,148,182,7,156,11,30,69,22,15,15,11,115,11,72,46,1,2,2,8,45,39,36,3,26,47,35,47,11,39,3,100,11,8,5,22,8,12,56,45,27,8,749,64,12,18,29,40,16,77,41,4,42,26,1,8,87,0,137,2,11,9,33,7,0,0,34,0,2,1094,10
"COG3000",6125,8024,5395,9060,4863,7660,4515,4013,6534,2400,5837,5702,5243,5569,4953,6180,5183,5479,2845,6380,6243,5896,4540,6389,5149,1664,5657,4168,6014,6700,4670,4067,4817,4990,5850,3655,2670,5404,4570,4967,5744,5022,4227,5235,7047,6177,1807,2642,4708,4271,6811,5913,7313,5213,3497,5197,2963,4814,7938,5208,2061,7969,5840,8188,6043,7670,11421,6133,5895,3352,3585,5317,5393,2030,5591,5237,4623,5504,3914,7206,4974,4226,4202,10535,6276,7056,5304,4628,3427,6089,7569,2873,8429,3283,4001,3308,5502,5192,4330,5895
"COG3001",1431,985,1282,199,1257,983,1885,493,679,1251,625,1690,765,1179,1340,1116,768,1691,469,752,2086,1024,1646,556,959,816,2650,1078,921,1615,1096,797,2075,685,664,1101,929,804,1153,1478,1335,1320,1070,1835,1638,462,289,681,986,1474,1358,1132,1094,1302,720,3000,572,1299,895,733,546,871,1116,1298,1208,480,80,802,963,759,1004,1645,2235,239,1558,1718,1212,1835,1756,1264,861,1446,1261,194,263,797,869,752,1055,767,548,1117,949,1330,719,608,1328,639,1803,1441
"COG3002",98,22,18,102,513,152,46,1193,114,230,32,77,122,76,277,79,44,114,449,42,84,44,665,9,1353,221,477,510,190,83,1218,867,38,197,13,819,635,35,397,43,52,261,507,329,948,11,161,867,501,791,133,223,78,224,292,483,207,15,33,55,645,117,122,41,22,34,29,26,50,618,545,376,54,260,35,149,484,115,572,94,150,470,512,73,44,47,487,521,95,327,44,115,36,1486,376,1385,54,410,242,20
"COG3004",2373,2772,2904,2064,2253,2953,2090,1536,2759,2350,4472,2799,2232,2856,2392,2322,3050,2883,1335,3780,2000,3135,2243,3223,3327,1574,1791,2009,2957,2591,2919,2544,2321,1625,3197,2149,2509,2719,2018,3084,3367,3229,1661,3003,4003,3617,1015,1754,1706,2793,2349,2517,3060,2488,2054,1109,2130,3172,2525,4673,1738,2751,2520,2381,3092,2974,1552,3514,2844,1783,2269,2171,2407,1179,2136,2964,1738,3361,2293,2361,3285,1999,2265,1130,3880,3459,4833,3145,1847,2540,2914,2270,2755,703,2693,999,3402,2441,3025,3496
"COG3005",17,7,11,4,34,7,34,311,8,653,6,7,34,15,171,3,97,14,21,2,8,18,54,51,81,22,16,4,6,1,203,241,21,65,8,6,36,12,110,20,12,4,5,10,90,2,9,634,5,13,13,9,6,19,23,142,323,22,3,8,28,1,32,5,5,4,1,6,2,20,1,13,7,18,40,5,0,2,16,4,4,80,2,3,2,3,49,20,644,51,6,625,4,28,44,117,18,38,161,0
"COG3006",2,4,0,0,0,5,0,0,0,0,0,1,5,0,0,0,0,1,0,0,0,0,2,0,0,4,1,0,0,0,95,0,1,0,0,1,0,0,1,0,1,0,0,0,2,0,1,0,0,1,8,4,0,0,0,26,5,0,0,0,5,3,0,1,0,0,0,0,0,2,1,0,0,0,0,0,0,0,0,0,0,0,25,0,0,0,0,2,0,1,0,0,0,0,0,1,0,1,72,0
"COG3007",169,179,163,504,1008,310,198,525,149,131,78,236,301,222,141,114,71,194,418,123,126,287,520,265,409,398,687,287,318,271,637,1124,283,645,90,221,1230,112,180,192,354,579,182,338,671,84,61,246,178,1064,121,929,307,565,191,316,550,121,60,72,693,501,362,247,129,64,643,225,144,298,192,1363,122,116,200,244,513,148,1302,352,514,251,427,510,29,267,100,420,139,172,53,312,236,400,53,473,116,129,2782,153
"COG3008",104,75,87,111,1534,78,16,1554,23,180,9,28,82,38,175,30,18,71,970,119,102,27,737,59,1063,829,740,392,116,34,656,3036,70,843,15,296,2364,78,114,56,252,608,219,92,1800,5,167,1373,132,2221,36,709,36,331,279,273,816,18,12,51,1115,65,163,61,23,15,116,115,103,683,256,1074,147,732,28,17,250,97,1735,353,69,260,781,85,0,214,507,276,256,148,17,318,22,4307,879,1059,59,97,3101,39
"COG3009",15,38,33,17,537,24,12,422,6,63,5,11,22,11,62,5,7,10,325,39,26,4,239,11,324,305,311,137,24,22,223,877,11,250,3,89,935,26,37,29,87,274,63,29,686,6,56,238,52,847,6,272,18,124,151,60,366,4,1,15,424,23,73,29,7,0,16,48,36,286,94,515,39,250,17,8,34,33,561,102,32,137,288,21,0,89,148,133,84,52,2,130,6,839,174,378,11,39,1425,10
"COG3010",437,178,352,114,25,145,100,82,81,105,71,74,111,67,104,55,264,69,34,75,201,149,28,296,22,429,53,36,218,83,32,14,150,28,166,29,31,58,24,120,109,52,38,77,10,78,123,43,25,25,100,163,106,40,47,490,26,131,271,44,50,195,293,329,135,144,148,57,71,186,30,48,296,33,365,103,59,40,18,132,328,35,25,122,58,70,22,29,17,135,138,18,291,10,12,73,87,15,24,92
"COG3011",1059,902,1009,874,912,589,1213,1006,845,208,519,1176,704,850,644,1049,907,1069,1040,738,1572,824,677,617,552,771,1416,641,822,910,689,847,1086,849,855,565,1125,927,524,980,1040,775,479,1053,1046,532,390,568,627,1188,349,334,219,418,152,546,131,302,406,246,179,332,328,294,352,282,384,219,276,298,182,240,520,94,375,356,203,374,263,401,195,151,217,392,296,229,98,164,71,202,263,88,324,121,238,256,323,219,456,357
"COG3012",296,70,162,225,621,34,67,272,56,80,11,39,96,94,108,46,163,44,334,59,149,22,275,155,293,464,307,196,89,22,434,808,48,859,135,316,608,74,125,47,137,208,193,267,1116,17,97,323,213,576,74,277,9,136,180,398,279,52,108,32,416,81,178,90,73,37,238,84,66,243,164,478,269,283,221,134,271,32,728,151,108,179,249,207,13,92,432,180,83,154,57,136,70,579,269,360,26,89,1012,13
"COG3013",0,0,0,0,13,0,0,0,0,0,0,0,1,1,0,0,0,0,4,0,0,0,2,0,240,1,1,1,0,1,47,10,1,1,1,13,2,0,1,0,0,0,2,1,6,0,0,0,0,14,0,0,3,3,6,11,1,0,0,1,4,0,0,0,0,0,14,0,1,0,0,3,0,0,0,0,1,0,0,0,0,4,8,0,0,1,195,2,6,0,1,0,0,17,140,1,0,0,39,0
"COG3014",87,29,54,77,385,121,47,134,131,148,10,87,155,143,75,98,23,67,48,11,139,29,146,52,446,78,160,127,31,97,208,89,24,588,63,150,59,27,133,105,64,151,146,39,77,20,4,24,209,230,152,53,74,142,22,307,52,32,49,16,168,95,126,50,70,81,30,136,46,35,126,117,92,41,71,18,291,125,230,152,59,82,305,53,18,18,452,139,95,157,83,137,45,1367,434,85,31,89,114,87
"COG3015",0,6,0,1,8,3,0,12,0,0,3,0,0,24,19,1,0,8,73,0,0,1,19,0,9,15,19,2,3,0,31,235,1,21,0,3,22,2,13,0,2,4,6,1,28,3,3,24,1,3,5,0,1,4,3,4,6,0,0,8,92,1,5,1,1,0,0,5,4,47,19,23,5,40,0,1,8,12,3,1,0,2,71,0,0,2,7,4,3,0,0,3,1,17,3,162,1,10,27,1
"COG3016",235,134,39,126,382,82,50,667,158,617,18,109,179,176,225,100,79,75,450,46,134,62,308,78,266,135,380,305,82,89,719,625,251,277,79,451,372,48,198,76,82,231,319,140,421,60,50,1939,408,462,157,63,92,262,161,482,200,66,117,50,257,111,103,82,106,76,105,111,91,231,261,242,171,409,68,69,285,150,282,149,175,310,332,171,48,95,238,195,927,345,90,652,143,553,315,235,96,192,241,81
"COG3017",59,62,49,146,545,75,45,416,107,256,37,55,115,98,189,112,35,42,340,89,78,89,305,37,396,184,442,247,124,67,331,583,287,313,58,339,380,50,280,55,134,222,219,136,360,45,64,113,293,320,25,128,52,147,143,185,226,28,47,37,447,142,85,51,38,50,352,83,75,151,188,639,81,311,24,110,252,59,908,112,190,238,348,161,22,112,116,264,144,140,67,279,53,974,207,345,27,146,903,60
"COG3018",269,377,352,263,660,313,447,18,300,270,197,304,430,290,295,272,563,376,206,246,255,342,411,440,139,249,597,284,460,252,416,619,348,310,265,289,853,446,310,361,311,437,251,371,618,172,99,10,223,887,312,653,279,349,239,379,1109,385,203,114,359,309,351,406,223,188,547,317,228,281,242,830,218,88,449,424,217,235,595,493,521,323,370,242,180,404,26,344,1435,297,190,514,331,91,44,302,375,250,1721,292
"COG3019",593,730,649,477,2067,877,1356,1799,626,275,598,1261,516,616,519,423,551,605,1255,597,636,1372,1054,498,2347,864,1182,657,1250,833,715,2546,1744,704,527,953,2671,410,353,993,873,759,448,1080,2678,458,320,975,535,2853,680,1627,773,966,497,754,1149,1169,789,724,1069,773,1030,594,702,585,857,471,304,1450,488,878,689,942,790,852,424,450,1974,767,1611,654,907,599,699,609,1804,396,435,488,629,421,630,2968,2051,1096,1454,585,2612,451
"COG3021",293,509,242,1096,1553,237,140,2633,336,284,138,170,145,211,480,423,198,231,606,235,356,305,760,229,1874,497,797,374,487,295,562,1679,208,2746,345,418,1657,204,344,238,565,545,289,357,1740,108,246,1933,250,1524,506,689,204,387,335,852,795,241,511,100,954,576,389,512,348,442,1596,293,356,678,472,1197,335,309,137,368,379,443,1485,758,141,470,1401,1774,165,281,1107,353,243,222,432,440,558,2450,1874,479,141,364,2109,203
"COG3022",2411,2776,1754,3509,2137,2865,1620,1258,2221,1035,1734,1866,2099,2025,2290,2362,1968,1818,1058,2202,2208,2252,2283,2165,1022,735,2146,2314,2915,2477,1981,1783,1781,1919,2103,1886,1544,2051,2271,1743,2047,2103,2150,2230,2397,2186,663,808,2524,2116,2683,2026,2584,2290,1874,2078,997,1917,2592,1820,878,2626,2389,2789,1988,2943,3928,2283,2139,973,1982,2366,1821,718,1696,1853,2743,2038,2274,2761,1992,2310,2026,4636,2795,2952,1185,1634,943,2237,2783,1070,2757,2339,922,1106,1764,1946,2275,2098
"COG3023",3013,3085,3770,3673,2737,4542,2328,5059,2709,2213,4423,3197,2512,2884,2314,2640,3015,2797,7526,3824,2200,3565,2291,4402,5912,7745,2538,2035,3557,3742,2753,5400,2923,1723,2861,1827,5964,3059,1988,3034,2815,3901,1537,3609,3945,3541,6936,6415,1563,2952,2832,3906,4228,2221,2205,1920,3629,3189,2608,4542,8253,4212,2927,2869,2926,3489,3186,3421,2511,9060,1887,3776,2434,14370,2920,3265,1399,2781,2557,2675,4058,2050,2306,3163,3775,3828,4835,2849,1675,2729,3272,2050,3338,1919,6250,8327,3517,2093,5407,3340
"COG3024",114,120,73,145,346,75,57,166,69,25,73,67,70,61,69,60,58,71,139,78,99,84,158,89,82,126,172,98,120,105,150,422,88,437,79,118,471,75,50,44,111,187,50,92,387,54,31,71,58,422,101,216,72,104,101,98,211,57,98,88,205,108,116,110,72,139,197,86,61,142,44,236,88,90,58,82,55,64,337,112,98,90,167,221,80,115,51,103,52,117,151,64,82,91,72,182,80,62,603,74
"COG3025",62,117,86,57,1880,52,70,1005,34,110,31,32,81,97,125,84,28,49,1034,137,139,85,657,34,1057,801,1205,385,122,39,649,2116,132,1006,20,485,2558,93,115,40,317,588,271,184,2900,15,153,1980,217,2188,37,897,51,383,470,323,1060,22,28,102,1245,74,106,42,48,5,40,169,97,928,195,1650,172,679,32,70,155,111,1885,352,208,350,647,66,6,287,603,356,280,71,11,388,30,637,434,947,93,88,3826,18
"COG3026",49,75,62,356,1144,20,62,635,69,118,18,23,98,82,132,167,16,49,748,159,128,67,488,115,688,505,711,276,120,26,458,1584,116,623,34,419,1514,77,159,74,221,333,205,128,2032,23,77,150,181,1714,10,517,8,312,266,283,631,27,66,54,759,161,118,35,68,64,531,133,128,538,157,897,167,499,37,36,233,68,1617,206,197,253,512,320,9,201,238,239,135,109,81,301,33,1509,366,678,57,91,2335,45
"COG3027",976,1053,1250,715,550,1596,842,349,1150,929,2037,1164,879,1206,949,972,1233,1146,507,1750,806,1368,782,1538,366,482,469,737,1011,1377,878,429,991,408,1272,603,429,1126,858,1356,1075,1228,640,1246,745,1440,369,257,701,428,1023,447,1636,745,756,332,530,1448,1023,2184,439,1192,1158,952,1227,1361,811,1530,1084,160,679,426,972,417,784,1351,637,1143,563,896,1473,720,632,484,1461,1231,137,1005,581,990,1350,615,1117,675,289,323,1357,886,108,1311
"COG3028",66,68,81,259,648,30,74,261,47,66,38,39,87,77,77,60,36,36,531,70,83,83,304,114,424,319,473,165,126,38,312,1005,181,388,37,246,1022,53,71,67,133,275,145,66,795,21,75,110,147,833,39,384,35,218,146,170,377,41,49,25,466,153,100,54,45,52,371,80,67,321,79,494,75,328,50,72,206,56,928,154,205,154,320,288,27,110,151,153,100,100,56,154,95,1066,261,440,51,53,1356,41
"COG3029",0,0,0,1,156,0,0,8,4,25,0,0,1,0,90,3,0,0,0,0,1,0,119,5,3,2,1,242,0,0,38,22,0,153,0,248,11,0,189,0,0,1,266,2,3,0,1,16,255,88,1,0,0,1,160,0,56,1,1,0,8,0,4,0,1,1,1,0,0,0,286,153,0,4,0,0,383,0,145,5,0,109,201,0,0,2,4,39,153,1,0,155,0,24,1,1,0,84,37,0
"COG3030",1523,1606,1477,1414,1466,1570,1122,611,1708,1788,2254,1398,1285,1557,1538,1324,1602,1561,606,1978,1274,1655,1563,1698,555,785,811,1508,1417,1459,1662,966,1312,1478,1718,1332,1191,1459,1365,1632,1654,1838,1347,1668,1086,1830,486,641,1423,1443,1292,1180,1579,1153,1376,734,942,1621,1460,2289,683,1521,1368,1407,1652,1836,1714,1909,1621,333,1423,1474,1338,506,1108,1628,1553,1636,1819,1415,1871,1468,1276,1181,1945,1803,306,1724,1670,1527,1771,1386,1421,1619,495,467,1498,1274,1615,1784
"COG3031",158,238,220,265,1432,561,154,996,212,255,126,207,96,126,395,319,167,266,563,112,125,339,637,379,1037,439,679,486,466,381,578,1310,276,2031,79,442,1512,128,445,182,168,388,245,215,1942,78,132,322,306,1464,204,569,374,308,362,219,761,124,60,174,746,203,356,203,77,106,62,183,257,487,302,1319,131,239,130,104,276,147,1210,278,336,438,650,249,128,252,520,372,326,164,90,373,271,1933,1341,644,175,276,2756,119
"COG3033",847,922,872,482,22,109,488,948,875,1264,1066,434,556,503,808,1011,999,960,434,849,320,851,276,681,661,480,451,78,459,369,509,249,541,46,717,74,235,1007,401,1024,864,733,241,132,42,1102,491,516,154,74,820,952,77,383,221,109,273,839,882,354,351,417,1356,1098,854,640,157,1139,1591,71,39,79,272,268,1009,525,67,660,37,296,211,416,60,506,1857,1065,484,492,1946,742,568,1463,893,235,1159,274,1043,322,175,880
"COG3034",328,392,263,617,946,221,235,784,327,682,130,206,345,300,617,389,389,256,494,201,261,258,625,371,967,225,378,895,264,271,362,751,329,1624,211,1144,306,247,875,276,234,198,891,217,602,141,156,420,853,629,343,309,166,300,425,529,321,223,284,143,328,326,313,372,274,262,699,273,278,397,819,480,234,541,347,282,1010,203,603,422,385,611,759,674,135,144,735,383,434,327,220,662,312,1721,889,426,225,346,210,202
"COG3036",0,0,0,0,3,0,0,0,0,0,1,0,0,0,0,0,0,0,44,0,0,0,0,0,2,19,9,0,0,0,10,72,0,4,0,2,12,3,0,0,0,9,0,0,30,0,0,0,2,0,0,0,0,0,9,0,4,0,0,0,26,0,0,0,0,0,0,0,0,21,0,4,2,76,1,1,0,0,0,0,0,0,1,0,0,3,0,0,0,0,0,1,0,3,0,64,2,1,14,0
"COG3037",0,0,0,0,0,1,1,1,0,0,0,1,1,0,0,0,0,9,0,0,0,0,0,0,1,2,3,3,0,1,109,14,1,0,0,1,2,0,3,1,2,0,0,0,5,0,1,0,1,1,1,4,1,0,0,0,4,0,0,0,3,0,1,0,0,0,0,0,0,0,1,0,0,3,0,0,2,0,0,0,0,0,0,0,0,1,0,1,1,0,0,1,0,0,1,2,0,0,45,0
"COG3038",675,1078,1668,1215,1788,2038,912,2198,1120,243,1710,1415,760,801,541,425,1501,948,1354,1082,645,1571,738,2313,2551,926,960,439,1917,1493,740,2463,1141,1022,906,798,2276,1042,212,1261,1006,795,474,1167,3269,987,680,1507,315,1930,710,1451,1789,731,622,546,920,1195,1100,1542,1187,1667,1479,1195,1041,1453,1367,758,416,1196,352,1114,774,951,1276,1137,217,509,1748,919,2185,465,791,989,725,609,1765,341,254,630,1405,323,1130,4177,2547,1138,1523,357,2356,441
"COG3039",270,268,181,1583,5302,70,420,1855,142,6909,61,155,372,521,2003,664,1282,297,5990,183,446,132,1557,554,985,1499,5691,2222,175,267,1756,6558,341,2603,190,5917,3888,494,1364,483,811,562,3188,421,18625,52,317,540,1842,3847,221,1189,66,1436,1728,1417,5547,438,179,453,3126,1080,805,116,139,79,1869,418,372,2759,2616,4684,596,5175,372,188,10318,266,3887,665,228,857,1094,1609,28,912,465,1127,7039,266,95,6399,62,2964,1052,2773,313,934,9416,183
"COG3040",364,222,346,945,857,200,238,765,450,76,354,262,340,340,169,518,279,278,510,446,286,331,367,316,648,395,816,325,292,246,849,1305,249,1147,268,324,1114,426,137,290,357,561,161,386,993,410,112,268,316,1095,333,633,287,604,216,415,436,235,375,357,615,299,282,198,224,449,734,386,309,406,162,724,294,345,263,349,229,319,889,434,267,205,468,879,421,632,240,456,134,453,483,214,351,1556,747,652,193,416,1641,293
"COG3041",2,1,5,13,39,2,2,57,4,9,2,3,4,5,11,6,1,1,4,1,2,0,30,14,41,4,27,15,0,3,13,17,4,8,0,48,12,1,8,1,8,11,26,9,101,3,4,3,33,31,1,15,4,7,8,7,57,0,2,19,17,8,7,4,1,0,11,2,22,42,34,35,0,3,1,2,55,8,14,10,11,28,28,4,0,0,62,4,75,2,0,23,2,23,16,0,4,16,9,4
"COG3042",0,0,0,2,0,0,0,0,0,25,0,0,0,1,0,0,0,0,1,0,0,0,0,0,0,1,0,0,0,0,30,1,0,0,0,0,1,0,0,0,0,9,0,0,1,2,0,0,1,0,0,1,0,0,0,0,33,0,0,3,6,0,4,0,0,0,0,0,0,0,1,0,1,0,0,0,0,0,0,0,1,0,0,8,0,0,2,2,14,0,0,32,0,0,0,2,0,0,23,0
"COG3043",5,1,0,1,7,3,0,92,1,50,1,1,0,0,25,0,1,1,4,0,1,0,19,0,61,0,15,1,0,0,27,95,2,13,1,3,16,1,33,0,2,0,4,3,44,1,7,106,1,3,4,1,0,1,19,15,12,0,0,0,7,1,1,1,0,0,0,0,0,4,1,16,0,4,0,0,0,0,15,1,0,27,0,0,0,7,38,2,59,1,0,62,2,13,25,5,2,2,48,0
"COG3044",57,33,22,6,304,1,30,0,39,883,45,17,200,41,243,62,12,61,0,12,6,38,306,29,0,38,101,381,29,22,260,4,6,160,22,392,3,18,472,50,31,94,593,29,22,16,3,0,549,187,81,6,11,58,250,45,204,40,25,23,12,5,84,26,33,6,0,52,52,0,397,330,30,5,14,15,615,73,277,9,50,391,400,2,3,108,0,143,974,82,6,688,13,0,0,3,7,169,100,26
"COG3045",12,46,27,9,611,7,11,358,12,39,4,10,61,28,61,16,3,8,326,66,62,5,191,10,314,252,324,170,29,9,259,736,28,341,15,164,703,29,75,19,120,170,89,78,599,5,44,288,126,676,9,243,4,145,114,73,319,7,14,19,339,2,15,3,6,2,38,43,39,259,95,548,81,235,10,36,37,35,622,125,17,147,257,11,2,93,245,123,68,44,6,137,1,564,556,341,8,41,1282,8
"COG3046",10774,12129,12323,9704,2236,12498,11887,2831,10346,84,13189,12747,7631,10374,3925,6718,11448,12678,3330,12903,10248,11675,878,11914,3809,3588,5439,516,11811,13227,3200,2845,10550,3576,10530,917,2803,8308,245,12288,10439,7068,477,11661,4457,12358,4244,2170,503,1979,11268,7621,13214,7911,2454,8671,1255,12704,11004,14131,2359,10862,12484,12275,11426,11988,9807,8379,2406,2862,582,3607,10491,1494,10791,12680,815,9582,2475,10626,12115,458,1279,10169,13557,8615,3289,2090,181,7888,11669,473,12047,4623,2912,2630,13522,3199,2751,10573
"COG3047",134,153,119,127,1384,102,43,2589,155,374,64,58,154,222,344,220,95,108,886,190,197,56,787,87,1945,577,873,512,126,45,564,2032,137,831,195,597,2108,238,244,131,314,525,421,96,2174,130,193,1548,282,2033,103,535,64,442,310,463,869,64,153,111,958,132,207,113,148,161,347,320,230,1071,312,1173,269,488,87,97,332,239,1399,353,69,461,699,176,81,240,1553,283,512,127,186,423,57,1786,1714,716,73,155,2778,130
"COG3048",0,0,0,0,9,0,1,1,0,4,4,0,2,1,2,2,2,1,255,2,0,0,17,0,7,90,5,0,2,1,91,126,0,4,1,1,102,0,1,0,1,41,42,2,34,4,6,32,7,0,3,0,0,4,11,1,0,0,3,12,91,0,10,5,0,0,1,1,4,31,1,1,0,305,2,2,3,1,9,6,6,1,9,0,0,1,1,7,4,0,0,9,2,64,0,218,7,3,94,0
"COG3049",60,31,26,252,60,8,6,526,10,73,11,2,13,24,32,15,10,22,307,19,88,21,7,8,58,115,72,19,11,16,57,113,24,5,31,87,38,11,9,15,97,14,47,32,65,20,16,11,45,16,46,95,8,53,7,129,26,8,53,41,165,102,30,23,39,7,72,24,20,29,10,26,117,181,31,15,81,13,20,83,62,12,60,241,13,10,149,11,17,36,19,58,14,50,63,183,7,35,80,13
"COG3050",0,0,0,0,0,0,0,0,0,0,0,0,0,0,0,0,0,0,0,0,0,0,0,0,0,1,0,0,0,0,53,0,0,0,0,0,0,0,0,0,0,0,0,0,0,0,0,0,0,0,0,1,0,0,0,0,0,0,0,0,3,0,0,0,0,0,0,0,0,0,0,0,0,0,0,0,0,0,0,0,0,0,0,0,0,0,0,0,0,0,0,0,0,0,0,0,0,0,29,0
"COG3051",1,1,0,14,96,0,2,0,7,195,3,0,47,3,87,56,2,8,1,4,4,9,60,2,12,1,22,108,0,0,39,0,0,71,4,102,0,9,138,1,5,25,180,0,10,11,0,0,253,60,3,0,0,25,58,6,81,1,1,8,6,0,0,0,1,1,0,14,10,0,138,83,5,3,0,0,295,112,68,1,0,81,101,14,0,32,4,37,270,14,1,288,0,14,0,1,0,122,21,5
"COG3053",22,1,0,0,0,0,0,0,0,0,0,2,0,0,0,0,0,2,7,0,0,0,0,0,0,1,27,2,7,0,69,6,0,0,0,0,23,0,0,0,0,1,0,0,0,0,0,0,0,2,0,0,0,0,0,2,0,0,0,0,6,0,0,0,0,0,0,0,1,0,0,0,0,3,0,0,0,0,0,0,0,0,6,0,0,1,0,5,0,1,0,0,0,0,0,0,0,0,16,0
"COG3054",10,0,0,6,59,0,0,0,4,124,0,0,1,1,35,1,0,5,4,2,5,9,31,1,0,2,5,69,21,0,84,197,9,63,0,93,17,2,55,0,1,2,67,1,2,0,0,0,63,48,0,4,0,5,36,2,13,0,6,1,11,8,5,0,2,2,2,0,10,6,79,34,9,4,0,0,106,1,52,0,57,34,51,9,0,0,0,9,75,2,4,137,0,1,0,1,6,9,54,0
"COG3055",197,77,116,164,263,18,35,71,310,230,35,4,347,387,237,271,66,78,73,32,324,101,248,73,27,31,281,275,12,13,322,56,131,157,218,273,11,44,310,189,220,218,644,15,20,69,79,21,407,192,146,94,4,414,328,320,24,102,127,38,13,293,122,324,171,110,9,222,72,11,336,361,220,87,138,27,597,271,209,235,28,355,317,118,10,36,25,272,101,318,113,214,192,18,16,21,8,490,122,217
"COG3056",0,0,0,0,0,0,0,0,0,0,0,0,1,0,0,0,0,0,2,0,0,0,0,0,0,2,0,0,1,0,41,0,0,0,0,3,0,0,0,0,0,0,0,0,2,0,0,0,0,0,0,2,0,1,0,0,1,0,0,0,3,0,0,0,0,0,1,0,0,0,0,2,0,1,0,0,0,0,0,0,0,0,0,0,0,0,0,3,0,0,0,0,2,0,0,2,0,0,40,0
"COG3057",1,19,14,2,408,4,0,5,1,9,0,5,7,5,24,1,0,2,159,2,31,0,198,3,65,203,90,100,14,0,127,491,12,155,0,37,774,17,30,14,2,163,29,16,437,1,12,8,21,592,0,301,0,58,67,17,312,1,0,1,274,1,9,2,2,0,16,23,23,125,36,63,30,32,4,5,16,21,123,61,16,111,109,1,0,40,14,17,70,5,2,15,2,20,5,198,1,22,672,5
"COG3058",0,1,0,0,39,0,0,0,3,46,0,0,1,4,17,1,0,1,102,0,0,0,19,1,7,43,42,37,0,0,14,297,0,27,1,45,48,2,34,0,1,2,46,0,94,4,0,1,50,33,3,0,0,10,86,4,10,0,0,1,55,1,1,1,2,0,10,0,1,35,35,62,1,187,0,4,57,1,20,0,1,10,38,2,0,9,0,87,76,3,0,36,0,8,1,139,5,37,7,0
"COG3059",1,16,23,3,396,2,1,10,3,10,10,2,6,19,30,4,1,14,255,10,19,1,242,5,28,286,91,129,10,2,130,795,9,168,1,68,936,27,38,8,2,172,61,6,933,2,62,10,42,953,5,271,0,126,79,21,400,1,0,28,237,1,9,5,3,0,9,22,24,293,60,62,41,52,3,3,14,33,90,70,7,131,197,0,1,47,40,17,79,9,4,30,1,8,10,162,8,35,804,10
"COG3060",1,15,19,22,349,3,0,2,2,7,0,1,11,3,24,2,2,4,164,32,32,0,142,4,52,180,203,73,6,5,140,411,5,145,0,36,702,15,43,6,68,146,21,11,398,0,18,5,23,480,1,195,0,74,69,30,275,1,0,4,223,2,9,2,1,0,19,36,21,167,51,319,29,39,3,0,32,16,286,60,6,69,122,26,1,62,6,81,49,6,3,66,0,4,8,166,1,11,986,1
"COG3061",0,0,0,0,0,0,0,0,0,0,0,0,2,0,0,0,0,0,0,0,0,0,2,0,0,2,0,0,0,0,65,0,1,0,0,2,1,0,0,0,0,0,1,0,0,0,0,0,0,0,0,3,0,0,0,0,0,0,0,0,5,0,0,0,0,0,0,1,0,0,0,0,0,0,0,0,0,0,0,0,0,0,0,0,0,0,0,3,1,0,0,0,0,0,0,0,0,1,41,0
"COG3062",0,0,0,0,4,0,1,38,2,18,0,0,0,0,9,0,2,2,1,0,0,0,4,0,44,0,5,0,0,1,19,55,1,13,0,2,12,1,11,0,0,0,0,2,26,1,1,56,0,4,0,0,0,4,10,3,5,0,0,0,1,0,0,1,0,0,0,1,0,5,0,7,2,5,1,0,0,0,0,0,0,17,0,0,0,0,7,2,17,0,0,13,0,3,22,4,0,0,20,0
"COG3063",60,76,90,242,1397,40,61,583,54,209,20,57,123,81,208,176,43,54,610,129,147,53,574,92,466,493,684,392,95,24,523,1439,144,1654,52,452,1675,74,249,60,205,451,251,115,1907,31,58,159,280,1505,34,521,17,261,293,238,773,28,25,42,819,24,109,43,31,14,231,143,135,485,228,1124,150,417,67,54,334,77,1517,263,172,367,568,220,22,200,187,356,267,136,17,405,38,1222,343,710,49,132,2636,49
"COG3064",4,39,25,0,601,6,1,5,1,14,0,0,6,2,40,4,1,5,226,51,47,1,245,4,158,220,306,136,17,4,251,605,23,295,4,83,1014,25,44,15,133,269,57,23,594,1,30,22,44,877,1,382,4,113,96,39,376,1,1,5,425,1,39,6,9,0,25,44,24,269,58,572,58,51,2,3,42,23,658,120,19,121,219,7,0,117,28,128,88,12,1,113,1,22,6,291,3,17,1632,5
"COG3065",8,46,27,1,477,6,1,157,8,16,1,3,17,12,34,20,2,10,124,38,15,1,185,7,170,169,315,134,20,8,274,420,9,178,2,75,702,21,44,11,100,148,24,29,490,1,14,7,4,697,1,329,1,125,98,49,215,5,4,5,210,0,20,1,8,3,4,39,30,174,39,668,52,20,3,1,2,24,654,64,6,84,106,1,0,102,25,163,54,44,4,131,2,217,93,110,4,15,1527,5
"COG3066",13,32,41,4,570,24,3,103,10,15,5,2,37,16,39,3,7,16,231,54,51,2,243,11,151,256,335,152,20,10,276,645,31,301,2,77,1045,26,54,11,124,259,29,22,642,10,26,14,38,788,5,324,4,114,104,61,373,2,5,8,389,9,22,2,2,7,21,63,47,260,55,708,54,53,4,4,49,42,645,125,9,103,232,4,0,131,20,151,76,27,8,127,1,134,65,295,6,46,1814,14
"COG3067",1528,1790,977,1892,1546,2732,1240,220,857,114,1561,1556,469,558,677,422,987,1209,942,904,793,1535,644,1525,563,669,1255,475,1972,2044,842,1443,941,818,592,649,1658,554,197,914,1031,848,240,1345,1364,737,429,95,295,2161,1613,1781,2305,645,468,1140,758,979,1071,1666,863,1834,1740,2099,889,1233,1920,762,525,773,228,1562,779,352,796,1128,330,760,1711,1356,1433,363,928,2214,1437,1135,246,369,161,921,1218,337,1821,1774,455,648,1420,296,3184,985
"COG3068",6,30,16,3,523,6,5,32,1,24,3,3,13,10,51,4,4,6,286,44,43,1,299,20,189,277,331,158,23,6,233,667,20,280,0,143,1124,23,63,20,108,267,65,39,621,3,29,108,34,965,3,303,1,119,136,103,416,2,1,8,390,9,40,12,5,0,57,45,31,235,93,588,52,56,1,2,74,37,554,125,21,131,178,4,0,109,43,124,104,11,6,112,0,235,20,258,13,19,1522,8
"COG3069",25,54,9,236,9,8,8,0,20,2,16,31,2,34,28,60,5,24,11,18,88,63,23,1,1,10,12,18,50,26,98,24,115,16,29,8,16,9,11,9,42,10,7,49,16,6,4,1,2,8,36,48,11,17,10,47,2,16,148,8,14,264,14,98,53,138,574,20,15,48,15,12,93,8,7,67,6,42,3,121,61,17,11,355,6,3,1,3,4,9,128,7,95,0,0,17,28,8,94,22
"COG3070",43,28,19,44,140,28,27,206,40,20,24,28,61,50,34,46,33,48,176,13,47,32,27,18,61,60,147,54,64,41,143,307,73,55,24,89,106,42,44,21,29,19,57,53,179,12,11,451,79,44,43,32,29,54,39,66,56,21,26,13,92,13,29,40,18,32,11,38,27,94,17,55,26,208,26,38,121,34,73,34,24,37,51,34,19,38,67,24,39,56,30,26,35,63,96,185,51,17,187,38
"COG3071",232,190,148,407,1533,174,111,940,337,798,87,146,442,363,477,444,216,107,966,261,305,266,1071,157,973,708,1034,711,216,160,932,2045,671,798,314,843,2091,271,626,173,218,715,708,328,2517,275,198,234,766,2095,117,818,144,528,518,435,905,95,198,89,1057,236,231,107,157,282,736,349,297,634,494,1718,286,621,143,213,872,245,1881,389,380,759,957,494,111,454,317,591,584,434,326,615,129,2262,555,739,97,549,3297,194
"COG3072",113,178,82,11,2296,42,10,575,65,416,16,24,116,63,199,114,17,73,1536,167,127,4,883,26,568,971,1754,863,84,34,1334,3490,31,806,21,1112,3304,125,352,33,392,459,527,167,3311,21,133,23,496,3261,24,895,16,521,691,642,1145,11,8,95,1337,26,84,13,22,12,38,204,192,1139,366,1921,194,1270,29,14,275,101,3294,311,14,697,767,31,5,391,219,477,514,209,15,468,12,1011,273,1370,50,237,4768,32
"COG3073",17,46,37,73,622,12,14,386,13,33,2,20,14,10,57,56,4,21,361,60,46,15,249,43,129,247,425,153,47,7,214,751,26,326,11,139,797,38,74,22,103,203,81,39,1256,7,28,18,72,724,10,346,5,133,171,67,377,7,3,18,404,24,23,5,15,2,288,69,54,313,44,577,68,261,20,6,193,29,935,95,62,116,210,99,6,92,37,135,67,25,6,132,6,142,44,395,23,47,1330,15
"COG3074",0,0,0,0,0,0,0,0,0,0,0,0,0,0,0,0,0,0,0,0,0,0,1,0,0,4,0,0,0,0,43,0,1,0,0,0,0,0,0,0,0,0,0,0,1,0,0,0,0,0,0,2,0,0,0,0,0,0,0,0,6,0,0,0,0,0,0,0,0,0,1,1,0,1,0,0,0,0,0,0,0,0,0,0,0,0,0,0,0,0,0,0,0,0,0,3,0,0,28,0
"COG3075",2,4,0,0,50,0,1,2,15,39,0,0,13,6,39,16,1,0,0,21,18,1,82,0,2,0,17,111,0,0,35,7,3,55,13,59,1,20,112,1,4,24,126,0,0,9,0,0,66,28,7,3,0,5,81,9,7,3,8,0,14,0,2,0,4,8,0,25,29,0,75,28,8,6,1,2,104,16,52,2,0,100,78,0,1,74,0,72,86,7,10,67,0,0,1,3,0,40,1,15
"COG3076",0,36,15,2,333,4,0,2,4,11,1,3,4,2,19,2,0,5,123,35,19,0,125,7,47,129,199,69,8,4,127,340,11,153,0,33,509,14,21,4,68,139,19,11,272,0,12,4,13,454,1,222,2,68,68,22,195,1,0,6,194,0,14,1,2,0,17,28,12,147,28,315,35,22,3,1,16,16,437,55,5,72,81,3,0,59,8,56,58,6,1,63,1,7,5,133,2,7,807,3
"COG3077",4,3,7,2,97,5,7,133,3,1,8,4,14,16,10,8,1,3,10,5,2,2,51,6,205,8,26,20,4,0,9,98,6,73,1,71,19,2,7,13,6,12,50,24,169,3,3,28,40,77,0,20,5,22,9,15,89,1,5,23,30,1,13,2,1,0,7,2,23,80,26,31,1,12,3,3,45,9,44,23,9,20,37,2,0,2,118,6,70,3,0,14,1,861,284,29,7,14,20,4
"COG3078",0,2,0,1,114,0,0,0,0,2,0,0,5,1,5,1,0,0,11,1,34,2,39,5,118,42,7,0,0,0,52,42,9,128,0,7,109,0,6,0,0,51,14,1,14,0,3,11,27,1,0,5,0,2,2,1,50,0,0,0,125,0,11,1,0,0,13,0,1,0,3,6,3,7,0,0,1,0,50,22,10,2,93,0,0,0,22,4,20,0,2,4,1,20,1,32,0,0,41,0
"COG3079",76,103,84,469,828,105,106,434,156,524,54,92,159,135,522,159,82,82,428,125,118,130,794,119,391,298,466,428,168,97,409,998,214,427,162,372,962,103,488,83,138,310,426,205,821,106,62,18,489,1025,71,492,73,241,337,184,431,34,108,45,536,180,125,76,55,227,553,137,119,341,228,822,128,359,110,142,511,80,899,155,279,701,470,435,36,230,128,356,225,133,224,399,86,823,247,449,63,249,1591,94
"COG3080",0,0,0,0,159,0,0,2,5,17,0,0,13,2,78,1,0,0,3,0,1,0,105,4,5,5,4,232,0,0,21,12,1,205,0,269,2,0,206,0,1,5,278,0,10,1,1,12,241,87,0,1,1,6,166,1,106,0,1,0,4,0,4,0,1,2,0,0,0,0,271,159,0,1,1,1,287,0,184,7,0,122,211,0,0,2,0,29,308,2,1,191,0,23,6,3,0,96,18,1
"COG3081",35,108,46,3,1556,28,10,78,16,53,15,8,24,15,109,48,6,16,824,102,97,5,471,8,396,478,956,209,45,20,475,1310,25,629,4,421,1571,71,69,26,161,385,144,119,1982,11,72,148,137,1694,5,489,6,288,320,285,621,5,4,50,921,5,53,18,8,3,49,117,86,580,136,767,153,622,10,20,82,31,2235,252,34,200,422,15,3,196,166,190,98,27,11,254,7,381,61,763,22,76,2582,3
"COG3082",1,3,10,2,190,1,0,2,0,3,0,1,3,0,12,2,1,2,68,16,10,0,56,5,1,47,88,30,7,4,68,172,4,80,0,26,275,5,9,2,49,53,11,12,187,0,8,2,10,235,0,91,0,32,26,6,129,1,0,1,91,1,3,1,0,1,12,6,6,52,15,150,19,14,1,0,2,12,267,32,6,28,41,1,1,26,1,25,23,5,3,45,1,0,2,74,1,4,368,1
"COG3083",48,123,115,40,1207,4,57,482,352,850,28,4,469,223,508,518,156,78,382,582,401,15,840,97,360,398,716,572,28,27,922,1113,132,733,379,369,1466,186,618,115,365,838,462,64,1132,270,72,43,418,1476,130,666,6,422,406,176,690,80,198,25,719,110,151,162,159,326,45,530,315,491,485,1417,313,162,106,29,611,205,1484,331,41,608,842,30,8,603,44,649,399,257,422,718,134,169,32,496,21,747,2896,249
"COG3084",0,0,0,0,0,0,0,0,0,0,0,0,1,0,0,0,0,0,1,0,0,0,0,0,0,0,0,0,0,0,15,0,0,0,0,0,0,0,0,0,0,0,1,0,0,0,0,0,0,1,0,0,0,0,0,0,0,0,0,0,3,0,0,0,0,0,0,0,0,0,0,1,0,1,0,0,0,0,0,0,0,0,0,0,0,0,0,0,0,0,0,0,0,0,0,2,0,1,32,0
"COG3085",6,67,46,2,1205,8,1,9,8,29,2,0,16,6,70,12,2,8,321,101,58,3,423,10,70,437,427,204,45,12,370,1005,13,379,1,109,1643,32,58,15,252,248,48,56,911,7,34,6,32,1713,0,448,4,211,163,65,660,5,0,11,472,5,14,3,6,1,11,104,51,302,105,596,129,73,4,2,7,37,1133,176,21,231,268,8,1,165,16,102,100,18,4,225,1,7,7,296,8,33,1964,10
"COG3086",10,23,23,36,350,8,3,291,2,17,3,3,6,10,38,17,3,10,278,23,20,5,148,17,149,185,307,93,17,4,124,508,7,160,3,162,584,24,31,18,77,82,51,27,544,3,28,27,36,635,4,253,3,94,111,110,204,1,1,19,217,6,12,11,2,1,149,37,22,201,26,306,34,200,7,3,58,14,418,60,34,74,92,48,5,62,56,83,62,13,0,93,9,496,152,209,9,20,976,6
"COG3087",69,80,94,233,745,70,78,215,80,215,36,77,107,99,170,109,36,59,502,115,103,126,406,118,321,331,526,321,138,74,350,1122,288,395,58,344,1306,70,247,84,161,312,243,173,916,37,86,112,317,1118,34,429,58,254,231,133,442,46,78,26,532,157,116,39,75,71,451,96,86,451,221,757,114,289,53,83,336,53,834,164,230,286,429,185,34,151,125,263,203,149,64,325,71,883,277,431,62,150,1699,44
"COG3088",1751,2014,1922,1623,1546,2486,1405,766,2062,1778,2758,1776,1764,2033,1994,1796,1968,1816,820,2699,1576,2080,2002,2291,822,821,999,1909,2097,2412,1769,885,1769,1107,1918,1783,916,1945,1967,1903,1903,2167,1676,1873,1156,2294,680,544,1794,1311,1803,1143,2464,1602,1721,968,1079,1891,1792,2777,822,2040,1978,1965,2019,2412,1907,2366,2007,511,1760,1483,1640,583,1602,2040,1731,1979,1573,1769,2477,1878,1558,1554,2556,2379,621,1797,1786,1847,2229,1424,2015,1139,820,583,2253,1811,989,2069
"COG3089",32,29,22,46,306,19,15,92,20,35,15,21,54,24,39,32,8,23,208,19,36,40,106,16,70,169,265,114,31,18,144,471,72,179,2,85,553,23,35,26,52,128,50,46,405,8,18,6,58,422,28,153,15,104,75,40,182,9,14,17,229,27,21,8,13,7,45,45,33,168,39,345,29,133,16,29,43,33,389,67,42,89,125,52,6,56,28,64,60,32,9,73,10,158,66,180,14,29,743,23
"COG3090",322,457,291,618,376,755,275,721,325,113,519,494,230,279,242,229,288,479,334,463,239,550,260,320,694,276,281,236,615,644,245,746,353,261,261,314,359,199,176,320,395,296,215,480,491,323,134,1289,251,560,1060,1268,2058,757,746,620,392,1012,1269,1816,750,1772,979,1487,1169,1082,2562,951,629,716,823,1188,847,864,870,1159,684,902,1190,1194,2176,409,909,1357,1116,793,1803,560,256,724,1176,547,1427,4093,2317,868,1461,608,1387,787
"COG3091",23,33,27,54,356,4,8,259,32,30,15,5,21,39,55,20,4,18,1029,25,36,2,202,9,180,652,302,89,4,11,187,597,18,114,11,104,778,50,38,22,91,150,37,30,517,10,450,82,46,579,16,184,1,92,94,37,266,16,7,14,544,42,40,39,25,12,254,64,32,256,61,386,53,1304,31,10,97,31,424,77,16,83,125,55,1,79,60,103,37,51,9,90,2,176,48,415,5,24,945,24
"COG3092",2,11,25,1,394,4,0,4,2,6,2,0,3,2,26,1,0,4,143,29,29,1,163,8,78,134,213,77,16,2,139,375,13,180,0,38,587,9,31,5,74,148,20,20,390,0,14,10,27,566,0,159,1,59,55,14,243,2,1,5,246,1,8,0,1,0,11,37,13,160,33,354,40,34,1,0,45,26,394,89,7,70,141,2,0,39,10,75,42,5,4,68,3,15,6,177,2,14,986,4
"COG3093",39,47,19,16,702,41,20,935,24,422,14,30,42,26,107,69,33,51,525,41,29,13,238,17,808,293,586,234,50,19,255,817,43,619,18,545,507,41,80,34,88,211,237,118,886,3,95,403,179,663,88,232,22,135,117,242,390,19,3,36,633,16,93,28,10,2,56,45,41,400,248,682,42,235,31,19,134,74,720,131,52,131,709,33,10,79,522,224,333,85,10,381,9,1265,887,738,31,177,1620,14
"COG3094",11,22,0,9,102,3,0,32,5,152,2,2,22,5,55,0,2,5,27,4,15,6,51,6,93,32,68,11,9,2,91,103,16,123,1,11,89,3,22,5,1,64,27,4,67,0,3,36,24,22,6,30,3,5,19,41,69,1,1,1,127,5,13,4,0,0,12,5,7,9,12,353,3,11,1,0,21,3,274,30,13,27,68,7,1,28,11,65,79,22,0,113,5,80,7,48,0,4,412,1
"COG3095",3,1,0,0,0,0,0,0,0,0,0,1,2,0,1,1,0,1,1,0,0,0,1,0,0,1,0,1,0,0,46,0,0,0,0,4,0,0,0,0,0,0,2,0,2,0,0,0,0,1,0,1,0,0,0,14,5,0,0,0,8,0,0,1,1,0,0,0,0,1,0,0,0,0,0,0,0,1,1,1,0,0,7,0,0,0,0,2,2,0,0,0,0,0,0,0,0,0,35,0
"COG3096",13,9,2,0,1,8,0,2,2,0,0,3,2,0,0,1,0,3,13,0,0,0,3,0,0,10,1,1,6,2,258,1,1,0,0,8,0,0,0,0,0,0,7,5,7,0,0,0,0,1,11,9,5,0,1,86,19,1,1,1,17,2,1,5,0,3,1,2,1,5,1,2,0,2,1,0,1,1,1,2,0,4,70,0,1,0,0,6,3,0,0,0,2,0,0,6,1,7,252,0
"COG3097",0,0,0,0,0,0,0,0,0,0,0,0,0,0,0,0,0,0,0,0,0,0,0,0,0,1,0,0,0,0,31,0,0,0,0,1,0,0,0,0,0,0,1,0,0,0,0,0,0,0,0,2,0,2,0,0,0,0,0,0,4,0,0,0,0,0,0,0,0,0,0,1,3,1,0,0,0,0,0,1,1,0,0,0,0,0,0,1,0,0,0,0,0,0,0,0,0,0,30,0
"COG3098",12,7,20,39,183,8,28,166,14,13,0,8,16,23,34,50,8,17,163,16,20,7,88,48,198,87,169,36,24,6,114,308,10,145,18,108,178,9,33,16,12,94,37,37,142,3,21,55,55,118,8,35,3,36,42,76,75,14,7,2,164,26,53,16,14,6,155,23,29,66,21,203,16,160,33,20,103,7,135,49,52,28,118,43,3,23,85,57,7,20,8,20,20,402,105,190,9,22,304,11
"COG3099",0,0,0,1,50,0,0,1,0,3,0,0,0,0,0,0,0,0,27,0,8,2,6,1,7,18,3,0,0,0,22,23,2,70,0,3,10,0,2,0,0,33,2,0,12,1,0,3,18,1,0,0,0,0,2,2,28,0,0,0,59,0,1,0,0,0,7,0,0,12,0,2,0,14,0,0,0,0,31,15,7,0,46,0,0,0,0,0,9,0,0,2,0,0,0,65,0,3,28,0
"COG3100",27,26,26,49,384,10,24,166,25,97,8,14,38,22,68,10,6,13,201,31,25,30,179,24,149,143,216,85,41,11,143,419,53,197,13,149,475,21,72,37,60,158,61,23,417,3,15,37,82,394,6,162,9,79,71,63,190,9,7,16,236,47,29,14,10,6,130,39,23,142,94,276,39,162,27,13,90,21,475,64,59,99,132,53,5,54,43,108,74,42,12,127,10,346,106,212,10,40,748,15
"COG3101",40,75,50,158,657,15,72,293,41,30,25,38,58,64,62,39,33,42,352,46,57,68,295,74,274,303,400,191,74,35,289,831,86,321,20,245,1119,42,58,69,119,293,86,103,1348,8,30,124,86,1087,31,352,23,189,117,164,369,39,12,32,441,94,71,52,15,11,261,79,74,334,87,494,73,140,46,65,152,65,893,153,164,128,232,149,4,140,97,119,84,59,11,131,40,554,141,227,36,51,1506,45
"COG3102",4,1,0,9,0,0,1,0,10,1,0,0,4,3,3,6,0,1,1,1,3,1,0,0,0,1,7,0,4,2,38,1,2,0,7,2,1,0,0,0,5,10,1,3,5,0,1,0,0,1,10,1,2,2,0,0,9,1,12,0,6,0,1,1,4,3,20,1,4,0,0,0,18,1,0,2,3,5,0,1,4,0,0,0,3,5,0,4,1,1,7,23,6,0,0,0,0,3,40,4
"COG3103",58,58,26,70,541,7,38,21,19,69,3,6,90,55,56,22,34,35,325,55,50,53,251,13,46,276,472,127,49,10,371,869,58,306,27,73,900,61,46,46,114,298,34,45,564,8,30,115,51,721,47,357,5,156,178,75,392,30,11,15,417,11,54,13,13,20,23,95,55,268,59,722,66,242,24,9,75,98,622,172,160,135,265,47,11,188,25,200,163,108,20,173,11,168,5,381,10,50,1736,46
"COG3104",3323,4143,2123,5192,2335,3708,2057,3786,2599,1229,2260,2778,1670,2365,2450,2513,2296,2395,949,2227,2647,2731,2233,2786,4105,931,2634,1828,3867,3264,1785,1735,2090,1387,3107,1610,1904,2025,1861,1995,2997,2598,1837,2716,1457,2217,828,2675,1918,2737,4178,2918,3312,2077,1168,3667,1307,2382,3833,2048,1434,3610,3356,4162,2867,3539,5657,2908,2279,1573,1681,3050,2446,421,1917,2483,3254,2487,2270,3860,2243,2009,2574,6989,3066,2731,3644,1877,950,2472,3502,1115,4335,1100,3948,1126,2079,2211,3662,2675
"COG3105",45,14,22,142,143,55,34,246,31,18,22,51,38,36,34,20,20,24,249,9,13,48,75,61,242,110,137,38,55,44,118,398,91,100,16,135,203,21,38,40,25,75,76,91,173,13,8,34,82,188,19,85,46,62,52,113,35,21,8,21,145,80,69,11,16,11,354,25,14,92,13,55,17,242,49,70,116,23,92,49,121,44,67,164,12,25,94,20,18,54,20,25,31,711,174,213,27,31,108,16
"COG3106",20,73,54,61,1659,18,8,525,14,53,5,4,28,17,129,56,13,27,816,134,104,7,581,22,742,667,1048,377,55,27,627,1825,29,707,8,343,2408,64,131,32,296,524,142,93,1682,5,72,404,178,1783,5,759,6,351,330,159,955,4,9,45,868,20,85,23,14,3,77,105,67,707,211,1527,144,329,10,9,108,73,1656,331,48,349,550,66,2,283,369,339,225,31,3,296,5,2206,600,725,11,102,3674,21
"COG3107",337,365,297,866,2332,764,300,1340,405,799,256,358,558,422,601,504,218,237,1434,482,416,639,1349,420,1462,1079,1638,1024,719,422,1257,3094,952,1383,330,1091,3294,326,699,313,614,1065,654,512,3994,293,238,315,784,3018,218,1401,546,795,753,665,1330,237,284,242,1529,532,430,286,313,263,822,635,429,1050,640,1977,454,934,245,465,704,371,3183,644,1045,838,1227,1038,171,642,492,954,567,526,248,914,388,3432,777,1345,238,537,4642,344
"COG3108",295,451,370,448,118,82,169,579,227,7,134,118,147,220,123,88,213,187,258,70,144,106,9,365,863,535,167,47,210,104,126,443,181,64,136,78,464,377,15,181,173,163,79,223,517,111,544,618,35,85,315,281,78,118,48,331,209,189,265,145,494,266,191,448,169,193,345,135,101,2206,36,77,150,1336,477,237,35,102,343,407,196,31,46,439,128,196,614,82,43,198,161,52,412,725,778,593,262,109,60,169
"COG3109",1,14,8,0,184,2,0,3,2,3,1,3,2,2,16,1,0,1,89,13,15,1,72,3,37,98,101,45,4,1,62,197,6,78,0,21,276,10,14,5,30,67,7,12,200,0,12,2,9,277,3,296,1,110,67,33,281,3,0,5,374,2,14,6,5,0,19,42,38,238,49,481,60,166,3,2,39,32,609,72,14,95,191,2,1,64,14,111,60,19,2,102,4,17,9,308,4,22,1315,3
"COG3110",1,3,1,0,22,0,1,1,2,1,1,1,2,0,3,0,3,2,4,0,4,0,30,0,6,32,6,10,1,0,77,9,1,26,0,32,3,0,1,7,0,3,15,1,21,0,5,0,2,49,1,1,0,8,1,90,11,0,0,1,14,1,0,1,0,0,0,2,4,8,3,18,3,8,0,0,0,0,7,2,0,9,11,0,0,2,1,9,5,1,0,7,1,2,0,15,1,0,133,0
"COG3111",0,0,0,1,4,0,1,0,0,59,2,0,0,0,4,1,1,1,60,0,0,0,19,0,3,29,11,0,11,0,53,51,0,1,0,9,23,2,1,0,5,5,1,0,16,0,3,0,8,10,0,0,0,0,2,0,2,0,0,1,9,0,1,0,0,0,0,1,2,3,1,2,0,27,0,0,0,1,2,0,0,0,0,1,0,1,0,0,1,1,0,18,1,0,0,31,0,1,19,0
"COG3112",3,15,2,0,169,1,0,1,0,2,0,0,2,0,4,5,0,1,36,4,18,1,22,0,3,33,91,8,5,1,90,29,1,107,1,16,46,0,10,3,1,43,10,16,35,2,1,7,13,15,0,48,1,6,10,18,98,0,0,2,131,0,1,1,0,0,13,7,17,27,4,276,1,15,1,0,29,0,63,27,6,14,87,0,1,22,0,73,15,5,2,18,2,2,0,95,0,4,514,1
"COG3113",0,0,0,0,0,0,0,0,0,0,0,0,0,0,0,0,0,0,0,0,0,0,0,0,0,2,0,0,0,0,34,0,1,0,0,0,0,0,0,0,0,0,1,0,0,0,0,0,0,0,0,0,0,0,0,0,0,0,0,0,2,0,0,0,0,0,0,0,0,0,0,0,0,0,0,0,0,0,0,0,0,1,0,0,0,0,0,0,0,0,0,0,0,0,0,1,0,0,23,0
"COG3114",4,3,0,0,35,0,1,0,2,0,0,1,1,0,0,2,0,1,31,1,5,0,14,0,21,25,3,5,1,0,17,36,2,28,1,5,7,2,0,0,0,21,2,3,29,1,2,2,5,6,1,1,1,6,6,8,34,0,0,1,45,0,5,0,0,0,3,1,4,14,1,6,1,40,0,1,2,2,61,9,1,3,22,0,1,4,8,4,7,0,0,2,2,10,0,40,0,0,83,0
"COG3115",263,147,116,379,1363,170,138,595,193,394,106,132,252,190,349,240,79,108,761,236,236,199,860,158,710,544,894,664,275,177,680,1632,387,645,120,618,1801,186,533,119,297,635,423,233,1990,109,93,161,545,2019,142,827,141,409,414,362,659,84,151,104,799,314,167,143,123,163,437,287,261,553,459,1131,252,472,120,196,567,212,2061,339,360,584,741,430,162,358,239,406,180,365,162,464,123,1746,389,695,81,236,2528,130
"COG3116",8,17,11,7,226,29,11,125,29,48,9,20,19,23,36,21,2,14,217,22,25,14,104,8,67,103,205,74,13,34,133,434,87,94,5,74,441,17,53,13,62,79,47,43,381,5,18,2,41,340,5,135,23,85,76,35,158,4,18,15,200,11,20,8,14,6,4,31,33,151,38,251,37,133,12,22,35,15,268,42,23,62,71,18,1,59,19,74,34,20,17,77,14,48,29,189,17,20,673,8
"COG3117",45,43,39,97,673,19,31,317,66,218,6,17,122,58,108,104,23,22,396,98,76,47,294,48,225,310,430,230,26,15,284,818,156,293,47,236,911,53,136,29,137,236,215,53,801,34,66,13,186,819,18,299,10,220,189,139,365,10,75,23,446,64,41,8,64,52,59,102,79,309,132,586,119,274,19,10,253,47,799,112,63,206,311,94,21,113,48,198,156,113,65,249,13,199,58,368,19,118,1355,20
"COG3118",1088,977,893,1177,1729,1164,929,2224,927,935,544,820,1423,1127,756,817,949,817,1019,745,940,1049,1018,925,2623,726,1464,946,1552,903,1299,1813,996,925,961,1139,1978,967,638,878,958,1380,801,1002,1516,774,266,1891,918,2160,838,1346,978,1358,769,1114,779,756,864,413,921,997,848,1218,788,859,1102,1058,789,1105,779,1772,870,798,1244,1042,579,747,1400,1219,1766,800,978,1139,792,1077,2926,1154,740,1232,858,937,1030,3060,2563,906,877,655,2661,776
"COG3119",34121,30114,32039,44846,26920,45124,23189,39136,47351,35931,18636,33043,55573,44277,35214,30861,21474,26427,4367,17076,33512,39067,36623,31351,5220,5710,29597,39948,45834,40070,32684,5471,30719,13121,30646,35147,2142,18861,41117,33988,33841,27708,44863,23100,4649,21063,9561,5716,53668,26478,11388,14117,13491,17046,6926,15996,3573,8634,13000,5943,1329,22359,14628,15269,11894,10298,10805,10846,6479,1573,11846,10998,9762,1379,14468,7486,22542,10395,7157,15366,11382,12351,11208,16280,8498,5802,2142,13669,7727,16527,10226,11107,12863,2515,1472,1628,7047,11198,3260,9524
"COG3120",0,0,0,0,0,0,0,0,1,0,0,0,0,0,0,0,0,0,0,0,0,0,0,0,0,0,0,0,1,0,34,0,0,0,0,0,0,0,0,0,0,0,0,0,0,0,0,0,0,1,0,0,0,0,0,0,0,0,0,0,4,0,0,0,0,0,0,0,1,0,0,2,0,0,0,0,0,0,0,0,0,0,0,0,0,0,0,0,2,0,0,0,0,0,0,0,0,0,23,0
"COG3121",13,4,1,223,131,15,1,48,12,6,7,1,3,45,50,13,2,2,284,20,21,3,262,2,804,113,163,38,6,1,54,326,4,117,1,145,122,6,46,3,4,109,67,25,111,2,76,28,78,196,6,9,3,64,29,22,18,1,15,14,223,8,13,7,4,2,326,75,13,139,91,130,4,378,4,3,21,19,27,20,3,85,150,214,0,47,761,17,14,19,8,33,1,101,568,298,17,67,72,16
"COG3122",22,42,20,82,639,18,8,248,17,75,7,25,19,39,44,31,6,25,414,48,47,23,210,11,242,246,354,153,77,10,246,815,28,396,2,225,787,26,40,26,104,173,83,43,1110,7,32,19,87,802,10,304,13,172,113,127,390,5,3,28,411,23,36,9,8,3,102,43,39,295,50,326,51,280,9,49,106,40,823,133,103,94,317,95,3,86,104,83,75,39,2,135,8,687,188,388,22,41,1051,3
"COG3123",266,261,78,221,398,140,34,83,96,19,56,50,83,118,84,143,28,87,313,84,128,78,139,75,61,200,687,105,131,144,219,573,133,223,27,137,516,36,28,58,109,263,67,71,776,72,50,22,80,518,406,223,106,183,111,775,207,23,86,45,234,217,60,182,61,156,176,169,148,211,33,477,140,168,59,98,55,249,538,275,160,73,154,227,63,139,16,93,44,136,144,63,192,120,38,273,35,33,896,378
"COG3124",112,191,88,528,802,79,65,418,111,155,89,88,142,114,166,72,51,91,419,52,113,201,374,98,300,255,447,274,270,118,302,917,191,378,55,323,822,31,188,67,162,260,180,118,766,44,55,221,214,988,102,430,63,283,142,255,406,54,134,53,477,249,172,155,75,67,661,96,69,355,213,659,95,284,57,113,232,127,693,218,144,233,503,686,63,99,191,197,167,101,82,272,208,947,231,381,56,149,1430,56
"COG3125",9,21,27,7,348,7,1,101,3,12,4,2,7,14,51,12,2,12,312,35,23,1,180,7,126,184,198,100,6,9,129,472,13,182,2,133,616,24,41,10,68,140,58,29,744,1,52,140,70,558,1,134,7,116,61,23,207,1,1,32,274,7,21,8,4,0,7,34,37,256,48,81,30,185,5,11,72,24,435,76,7,89,198,16,0,49,96,38,68,7,0,69,1,344,127,197,15,29,520,5
"COG3126",17,4,1,1,244,4,1,586,1,5,1,3,7,21,15,18,0,5,155,7,46,1,126,5,648,72,56,26,1,5,41,234,9,297,0,136,45,8,25,1,5,136,36,29,137,3,9,412,96,142,0,3,1,48,30,2,112,0,3,13,146,4,19,4,1,0,9,5,12,94,47,62,2,173,4,8,126,16,99,58,10,30,238,14,0,9,384,16,87,8,2,48,0,1095,367,116,7,32,64,1
"COG3127",3895,4725,4527,4240,5213,9396,4110,3596,4503,3602,5817,5294,3566,4299,4108,3369,5029,4611,2574,4525,3332,5920,4962,5881,5122,1984,3529,4446,7395,7645,4402,4339,4888,5424,3973,4409,3923,2942,3789,4322,3932,4198,3990,5494,5754,4257,1588,3380,4672,5525,3908,4592,8861,3375,2793,2903,2152,4299,4472,6898,2353,5328,4872,4490,4036,5519,6101,3964,2260,2169,3781,5018,3449,1528,4152,5142,5678,3835,5782,4462,7889,3986,4707,3681,3427,3865,3916,3688,2393,4163,5285,2998,4502,7886,3220,2411,5033,3957,5628,3508
"COG3128",1131,1142,4320,682,787,470,2571,14473,611,238,1149,1533,859,1019,593,2892,2156,1757,15342,557,1297,907,305,2621,14249,15581,2923,311,435,1173,519,8077,2154,266,455,353,7466,2491,197,2039,1566,1251,154,1935,4030,659,25273,24083,231,1085,1091,1583,837,1311,402,2076,2613,2060,821,1137,17531,1395,2186,1230,1299,430,384,1809,2230,27002,154,523,1826,15165,3554,1847,193,1513,652,928,801,258,261,600,365,888,12491,417,195,415,383,221,1392,1693,24602,19759,2246,251,1128,1166
"COG3129",48,84,36,511,935,2,11,159,55,23,3,3,52,89,78,55,52,12,704,83,115,9,272,23,89,412,451,183,46,16,311,1140,32,490,59,209,1183,123,54,14,209,238,73,49,1574,9,59,129,112,1085,18,362,7,216,183,53,525,12,46,43,551,66,33,12,49,57,1754,74,73,411,75,129,227,514,45,20,342,64,1308,171,39,125,342,705,6,94,89,45,90,27,72,161,14,1271,74,564,17,90,895,23
"COG3130",9,19,18,48,287,5,13,102,4,17,5,7,6,9,21,14,7,9,183,20,15,7,139,15,182,129,175,71,25,11,129,402,17,166,0,121,376,15,20,19,30,112,44,22,617,0,13,47,28,405,5,119,4,64,60,71,157,9,2,12,195,8,35,12,7,0,35,29,20,130,42,230,23,148,16,17,22,8,400,50,48,54,110,35,7,43,64,49,30,21,2,45,12,454,122,154,11,20,567,6
"COG3131",101,138,78,31,2407,34,15,2976,58,95,26,36,156,150,232,81,16,94,1349,162,167,30,830,30,2593,886,1184,475,176,58,583,2875,115,1459,26,812,2581,104,160,89,419,578,501,256,1890,44,317,2822,451,2438,11,300,11,223,159,162,323,4,12,38,491,14,64,28,13,2,21,66,51,358,70,620,46,333,5,18,30,64,694,179,19,137,460,12,1,117,615,166,70,45,8,136,7,2235,1004,409,43,85,1402,18
"COG3132",20,8,26,29,167,31,19,220,17,33,2,31,92,31,27,13,12,19,108,47,31,12,48,38,11,52,96,18,21,35,115,99,37,233,7,31,38,6,25,14,114,98,43,12,34,9,6,2,69,22,13,18,21,60,14,87,69,8,9,2,166,44,54,34,8,3,66,35,4,11,18,33,22,183,25,7,138,17,574,65,38,14,213,16,0,20,5,75,42,67,7,110,4,8,8,133,17,29,92,9
"COG3133",189,209,50,151,140,190,90,27,84,8,166,120,36,71,71,53,91,100,253,142,133,140,47,102,21,86,161,35,192,194,24,291,112,103,101,96,157,44,22,60,110,99,72,134,249,71,58,67,62,50,202,110,163,46,117,87,55,79,173,128,112,225,87,271,135,172,86,41,60,101,40,57,112,221,60,94,48,46,97,115,122,17,61,183,201,74,21,4,0,86,173,13,155,153,12,177,77,24,37,141
"COG3134",27,7,4,70,220,5,8,137,30,124,1,2,46,19,142,23,9,9,250,6,17,14,236,16,167,101,123,122,1,8,35,389,53,147,14,137,140,13,135,7,11,78,167,15,197,4,28,141,137,106,0,26,1,15,65,4,13,1,9,4,53,6,5,1,4,7,41,7,2,28,12,26,4,313,4,1,53,7,35,10,5,60,33,21,0,9,23,15,6,8,9,32,3,186,80,61,1,8,18,6
"COG3135",133,172,227,90,1576,125,207,370,174,143,113,188,243,235,173,123,159,178,1117,122,235,173,740,190,597,880,1284,510,141,135,594,2700,355,695,146,605,2839,153,210,150,326,629,258,337,1919,48,184,460,282,2327,97,672,120,544,483,343,965,121,107,120,1037,231,213,151,134,102,266,214,178,752,311,1644,261,636,205,289,72,170,1477,412,165,379,549,68,56,413,1479,430,200,240,101,389,120,698,589,877,236,123,3869,152
"COG3136",5,1,0,1,104,0,0,11,3,6,1,1,0,14,12,10,0,8,98,3,8,0,10,0,5,23,122,8,1,11,30,61,0,28,2,78,82,4,2,0,1,11,18,2,163,0,4,2,26,15,1,0,0,19,27,14,25,0,1,9,79,2,1,0,0,0,3,1,0,51,1,9,4,78,0,8,0,0,16,11,1,4,31,2,0,8,2,5,1,1,0,7,0,2,2,63,2,18,38,0
"COG3137",94,109,100,137,1467,37,36,418,58,80,12,43,112,86,141,76,29,42,705,160,121,38,687,26,1508,613,768,466,72,44,575,1739,193,1025,21,433,2183,67,209,85,315,588,225,145,2142,39,117,177,191,2131,26,790,23,436,288,246,802,27,23,47,888,93,139,28,31,11,49,182,124,926,282,1302,181,207,36,29,155,148,1973,279,59,389,522,124,32,230,1265,301,253,132,44,352,55,1309,785,786,40,129,3068,47
"COG3138",362,438,385,187,1807,383,208,1117,202,86,308,254,115,190,300,126,216,266,1293,346,356,191,784,343,2079,859,1218,354,269,289,712,1961,166,2100,192,907,2322,215,171,215,351,774,329,342,1938,150,159,1345,284,2184,402,698,292,483,348,813,975,189,405,272,1329,367,488,473,212,367,897,278,234,1109,250,1381,331,1012,195,240,296,191,1427,636,138,308,754,298,253,517,1784,293,215,255,414,354,481,1103,1434,1270,263,169,3085,173
"COG3139",35,24,22,72,304,18,21,155,17,23,10,18,24,31,31,19,11,22,205,18,34,33,106,22,121,146,170,69,51,34,113,435,63,125,13,115,422,24,15,27,43,116,38,52,450,5,11,40,36,392,16,140,17,75,53,82,112,11,10,16,215,33,38,16,11,11,136,26,26,107,30,226,35,139,18,38,31,24,305,56,92,62,73,79,8,43,37,59,29,33,13,50,18,287,75,163,11,23,595,8
"COG3141",7,12,23,2,471,5,0,8,5,13,5,1,8,4,31,10,1,8,265,38,23,0,202,4,49,218,297,122,15,8,155,625,11,229,2,91,848,21,32,7,61,154,27,30,581,1,17,6,47,541,0,203,3,141,99,39,290,1,1,11,316,0,7,1,3,0,23,27,22,242,40,435,39,181,4,0,34,19,334,84,6,85,151,9,2,106,6,67,87,4,4,70,1,9,4,248,11,23,1002,3
"COG3142",387,717,317,1023,163,380,214,151,572,345,286,314,411,386,495,674,333,355,179,729,512,423,401,359,51,98,318,304,521,424,381,52,247,179,596,164,36,470,462,328,436,377,281,253,109,555,190,355,459,166,687,359,314,430,196,462,200,429,756,422,184,493,452,609,442,771,1464,488,528,194,255,200,386,74,284,255,407,480,110,609,173,352,502,1580,869,515,84,288,204,423,758,201,668,41,62,229,174,460,131,500
"COG3143",7,26,5,0,274,3,5,75,2,6,2,4,8,9,19,15,1,5,213,27,13,0,102,2,173,153,197,59,7,3,114,382,8,153,4,87,406,19,8,7,33,94,44,15,561,4,35,51,49,348,3,353,3,157,179,177,505,3,1,38,555,6,63,22,3,2,29,59,56,442,84,694,76,471,7,9,69,33,1169,154,28,155,309,5,3,118,189,155,88,29,5,154,4,1434,331,544,20,55,1678,17
"COG3144",565,146,97,114,1875,59,50,1125,28,75,23,41,59,85,153,60,35,75,1275,113,153,63,814,83,1354,1094,1184,521,139,67,696,2673,75,1060,12,517,3147,105,133,61,390,723,237,132,3241,15,138,294,213,2719,34,891,22,421,469,527,978,32,11,66,1348,74,181,52,26,10,196,168,129,1049,183,1351,166,875,63,72,165,86,2102,332,261,382,709,111,459,317,490,357,257,109,17,478,59,1986,587,1777,55,120,4362,24
"COG3145",777,587,759,1875,1345,341,508,915,831,319,323,469,587,635,437,1810,738,422,1043,450,752,638,762,737,1070,2999,827,832,736,378,598,2721,705,1244,787,816,2708,697,604,441,680,646,665,536,1739,389,1595,941,840,1435,456,1093,322,711,661,893,639,421,848,256,2964,950,897,557,718,715,2005,406,553,1306,655,1186,975,2911,899,608,859,416,1258,596,860,607,892,2349,361,415,585,548,334,510,774,457,599,1820,3006,1030,348,601,1557,383
"COG3146",3625,3477,3518,3090,2102,4269,5126,2391,2166,933,2715,4634,2110,3167,1957,2302,3114,4203,1212,2108,4529,3325,1691,3221,2729,1589,3954,1771,3674,4903,1362,2130,4445,1540,2079,1935,1594,2177,1546,3980,2996,2133,1544,4287,2466,1678,758,2298,1743,2437,3585,2917,4327,3135,1180,5090,775,3627,2999,3017,970,3561,3877,3958,3066,2632,3458,2123,2169,1502,1697,2185,4666,730,4414,4636,1951,3346,2526,3437,3707,1311,1792,3381,1600,1835,2119,1317,812,2083,2630,1094,3290,3139,2262,1081,4195,1371,1888,3093
"COG3147",13,17,10,33,207,10,7,79,10,19,3,5,15,13,25,17,7,2,126,15,14,20,84,6,71,83,119,68,19,3,74,254,29,106,9,53,273,6,32,9,32,79,34,14,232,8,20,9,42,260,10,263,14,184,128,84,361,11,11,27,356,21,39,7,10,11,130,60,47,278,72,545,63,276,13,5,122,63,728,100,89,154,252,91,20,95,75,104,112,81,27,143,21,428,109,360,21,49,1228,22
"COG3148",34,117,65,58,1485,19,19,56,43,63,10,23,54,37,90,54,43,26,926,125,132,12,495,26,119,635,984,327,55,27,605,1845,53,1143,37,356,2087,131,128,30,286,500,152,120,2721,8,113,127,162,1787,13,679,12,303,348,154,917,16,21,56,869,18,54,30,48,21,96,131,124,648,132,1528,228,633,42,47,255,60,2090,301,40,289,480,44,11,263,89,317,180,72,29,380,25,288,72,792,30,88,3496,16
"COG3149",22,50,30,55,408,12,24,43,9,32,9,19,31,22,45,28,6,29,280,23,30,42,177,25,85,230,324,147,53,27,239,666,56,229,7,152,796,16,64,24,86,163,66,52,884,4,23,31,40,650,23,217,17,125,112,148,324,10,2,25,361,42,26,13,6,2,22,40,36,224,49,483,40,214,13,28,56,20,469,87,53,108,230,35,4,71,40,103,62,18,7,121,17,374,27,297,19,40,1100,14
"COG3150",510,812,441,733,711,1104,398,74,283,43,739,567,160,253,293,151,480,513,401,449,366,587,219,608,164,332,484,181,837,867,340,953,392,729,249,128,1061,245,88,370,384,421,128,619,983,422,242,46,84,862,237,176,315,72,73,144,139,132,171,219,160,262,251,232,115,174,363,100,72,109,31,212,113,65,115,190,60,82,271,164,194,51,102,384,157,177,19,44,26,121,206,55,229,186,57,148,222,12,544,142
"COG3151",258,351,168,782,581,331,174,326,233,69,190,213,175,240,185,214,172,124,341,274,294,268,385,270,288,270,463,317,299,276,356,820,357,366,188,295,796,186,234,174,248,337,265,268,932,186,42,84,278,770,199,392,288,234,259,226,293,118,344,177,393,462,281,239,262,421,561,264,213,234,190,487,250,221,158,263,248,157,767,311,334,272,360,938,203,273,89,215,73,218,408,149,317,590,163,365,127,183,1087,215
"COG3152",782,679,756,1027,754,628,832,1423,1222,908,775,678,1337,927,885,1137,749,574,419,1029,1096,554,893,721,930,304,616,875,820,754,1125,564,622,569,1099,823,249,1606,1034,766,937,780,798,849,320,1181,211,698,1058,492,981,687,705,1329,693,664,546,779,986,1056,412,895,651,680,954,994,1082,810,1381,338,822,612,825,536,611,650,940,902,468,922,726,786,836,1097,878,970,712,1212,1071,902,1093,807,747,701,1362,420,599,1910,378,1271
"COG3153",233,293,248,528,335,251,248,1471,236,329,202,216,357,206,250,142,411,290,279,132,167,234,299,264,1541,103,216,344,386,269,313,347,194,126,153,364,105,285,331,229,197,240,242,215,270,136,56,1414,280,279,266,255,257,196,156,362,162,242,288,98,224,455,264,365,242,228,483,232,196,440,270,288,154,281,347,284,119,123,205,318,580,278,390,435,160,141,1614,257,217,241,227,268,284,898,1566,331,192,411,139,164
"COG3154",12,14,1,4,80,1,1,162,1,231,4,3,6,1,101,1,1,8,20,4,16,0,64,2,82,31,146,4,3,3,114,208,2,49,3,66,111,6,35,3,2,24,33,5,52,2,12,113,9,114,4,7,5,13,50,98,48,0,1,3,55,0,13,7,0,0,0,4,7,22,6,630,10,16,2,2,0,0,26,23,7,37,9,4,0,36,67,87,174,3,1,149,7,100,43,40,8,4,705,3
"COG3155",42,28,30,21,391,51,33,44,56,398,25,51,86,43,151,71,14,29,125,128,94,27,269,12,53,127,205,242,40,48,301,343,15,540,40,167,462,61,265,27,75,155,196,96,428,54,23,89,224,368,165,430,141,332,547,238,1326,62,70,148,500,88,132,119,81,96,26,282,233,340,592,1344,159,251,60,88,415,257,1069,200,74,605,696,52,184,421,43,416,1655,255,146,1289,83,168,27,373,91,476,2120,169
"COG3156",768,1052,610,1009,1346,1789,660,1262,602,330,891,867,473,596,558,474,649,634,740,718,700,1077,690,918,1151,546,924,641,1401,1257,738,1796,908,853,634,583,1744,467,414,656,765,779,455,865,1854,644,265,641,474,1774,856,982,1341,667,552,751,761,651,737,782,879,1307,1131,1049,700,853,1366,788,433,657,431,1274,650,355,500,806,721,542,1603,820,1155,582,840,1356,621,952,636,419,278,713,886,433,1070,2637,1313,772,812,261,2456,764
"COG3157",35,32,6,15,212,36,19,88,13,26,6,32,35,39,19,27,16,35,507,5,26,57,59,18,109,178,177,28,37,31,161,525,95,197,17,185,230,47,12,16,15,60,120,30,1065,16,97,45,86,196,23,35,24,75,65,195,228,13,12,33,274,30,26,17,6,2,125,31,22,175,15,74,8,519,18,21,13,27,364,55,81,38,130,11,4,41,71,56,23,40,8,55,17,186,98,412,46,52,143,8
"COG3158",35,62,47,216,205,22,23,79,55,49,21,7,34,89,108,86,28,25,220,63,48,9,198,86,1988,20,235,119,11,7,96,439,68,39,40,272,68,44,102,15,66,83,262,69,691,12,147,100,129,184,60,100,10,152,67,140,93,9,99,83,164,160,75,55,61,101,234,28,48,770,193,294,51,149,31,74,83,89,36,65,13,122,362,153,1,6,2277,71,69,43,92,98,54,171,665,72,52,157,72,20
"COG3159",866,933,503,1088,1093,1300,473,674,554,490,619,766,430,553,618,453,407,539,653,614,642,754,717,722,501,510,831,674,922,1029,971,1362,810,688,463,564,1408,387,509,406,540,793,495,774,1803,427,216,511,502,1384,748,805,1169,529,482,704,552,406,663,657,673,989,781,853,510,793,982,527,469,576,414,1098,557,393,385,639,476,413,1293,752,818,603,659,1232,600,729,168,643,577,713,775,491,968,1229,329,645,561,407,1959,550
"COG3160",18,53,33,84,657,16,8,328,12,34,8,5,21,9,46,22,5,19,454,56,52,32,281,18,348,381,455,171,19,21,275,917,22,377,3,186,1122,27,50,29,121,255,78,42,1226,2,34,71,89,870,8,244,14,148,159,151,378,2,6,16,513,36,78,13,11,6,341,51,47,287,71,595,71,279,4,10,88,31,907,150,52,149,245,72,5,104,144,112,99,35,7,130,4,867,183,457,8,27,1500,10
"COG3161",370,500,180,760,818,394,198,411,196,334,294,275,123,189,553,195,156,245,529,313,269,318,890,174,364,424,627,393,388,298,419,1158,241,417,159,295,1246,141,453,192,305,402,445,312,966,157,110,107,306,1050,377,501,327,254,368,370,543,206,376,224,580,520,360,458,248,491,988,217,181,404,195,898,333,289,166,316,551,192,1009,425,330,816,432,926,237,376,108,204,239,256,446,291,411,792,193,420,231,208,1853,249
"COG3162",1,0,1,0,23,8,0,0,1,33,1,2,3,2,9,12,1,4,12,3,2,0,10,2,5,3,50,13,0,2,21,107,7,18,4,26,24,7,5,0,3,4,29,4,50,4,2,1,13,17,2,1,0,6,20,4,36,0,1,8,6,0,1,1,3,1,3,4,3,44,20,10,3,11,1,3,24,1,9,4,0,9,14,0,0,7,10,23,46,3,6,35,0,9,0,3,6,16,12,2
"COG3164",295,367,319,972,1606,212,235,938,484,525,281,251,323,364,589,384,279,237,1199,496,442,312,1117,481,873,817,1195,713,320,290,899,2339,590,921,504,635,2478,317,629,308,585,942,669,442,2190,339,231,211,624,2122,478,3198,601,1775,1954,1262,3108,655,1510,655,3464,1578,1141,569,1229,2238,3143,1393,1177,2321,1263,4876,1353,2101,734,994,2390,972,6321,1473,1613,2628,2810,3227,668,1808,930,1789,1036,1325,2062,1513,823,6718,1514,2856,755,1091,10604,789
"COG3165",119,138,91,235,821,165,92,399,122,305,68,88,120,130,272,151,61,81,488,155,148,112,500,141,354,361,450,466,119,135,363,1105,247,464,116,396,1069,99,354,89,221,294,430,156,1095,78,104,106,488,955,66,450,83,219,374,199,447,38,118,63,501,228,135,75,103,161,632,119,153,312,250,739,129,253,92,144,522,118,1016,205,222,475,456,227,67,148,116,286,171,150,159,341,109,923,218,421,71,101,1569,78
"COG3166",65,68,23,165,758,28,42,424,33,163,6,34,113,55,119,110,24,30,419,81,70,38,304,15,284,311,469,221,53,11,352,838,87,375,35,302,857,50,147,52,81,269,157,68,1035,16,29,95,213,711,29,289,29,206,161,175,390,23,24,31,522,13,63,33,29,29,44,97,79,270,125,652,87,332,35,30,154,48,891,188,68,183,304,180,11,96,119,264,162,118,27,244,12,863,229,417,29,108,1318,51
"COG3167",30,43,32,185,808,25,18,662,42,233,5,21,104,83,153,93,13,37,537,80,96,22,342,15,327,373,566,286,46,19,352,1075,64,777,47,346,1238,59,165,34,146,302,201,64,1350,12,47,261,209,1008,26,295,5,192,195,171,472,8,30,41,588,17,63,25,25,14,85,85,83,338,137,733,102,373,18,37,251,58,985,157,93,238,399,197,7,142,159,272,301,103,23,338,14,960,282,468,17,102,1568,39
"COG3168",30,33,27,151,650,24,12,347,29,156,8,7,79,43,118,101,9,24,448,50,60,25,282,8,261,324,444,254,46,14,302,872,71,340,27,296,827,42,112,19,96,259,136,39,985,13,35,76,154,863,7,261,6,142,132,161,353,6,18,34,461,12,52,10,27,10,60,73,71,273,114,540,65,302,6,21,194,37,768,149,51,180,284,138,12,142,102,207,151,83,18,266,14,783,215,425,13,94,1293,19
"COG3169",9,1,1,4,81,2,0,29,6,1,4,1,2,14,9,15,1,9,91,3,9,1,29,1,250,8,74,15,0,6,46,134,1,54,0,55,83,8,6,0,12,20,22,15,253,1,25,37,24,62,6,2,1,10,11,19,18,0,0,1,24,0,3,2,0,0,4,2,0,42,11,15,2,13,0,0,1,5,1,9,0,8,8,1,1,5,88,3,1,0,0,6,1,40,49,31,3,12,9,0
"COG3170",38,66,108,75,655,71,45,159,45,126,30,41,45,54,82,75,84,32,416,102,62,75,290,126,513,301,498,245,81,61,347,1111,150,495,35,264,776,49,92,50,217,247,158,104,1048,35,50,28,156,505,85,680,242,449,493,449,912,139,74,258,1665,191,682,142,82,128,344,246,216,888,199,2269,228,1120,205,83,273,227,3404,432,304,463,913,201,103,391,622,721,510,241,149,867,253,3644,991,1695,108,302,5531,107
"COG3171",1,1,0,2,82,0,0,16,2,3,1,0,2,2,11,4,0,3,138,4,10,0,3,0,2,38,85,13,0,2,12,174,1,32,1,42,57,8,1,0,0,5,9,8,149,2,6,0,26,13,0,0,0,21,19,4,36,0,0,10,75,0,0,0,0,0,6,0,3,44,0,14,4,186,2,1,55,1,22,11,0,0,35,1,0,8,11,3,1,0,0,9,0,14,4,122,6,11,21,0
"COG3172",339,476,207,739,270,410,146,77,344,284,204,338,212,284,363,422,205,259,462,315,331,523,213,236,35,181,217,230,751,436,162,373,318,96,381,295,113,221,191,218,409,147,217,302,486,236,145,88,278,197,583,254,371,259,137,465,119,306,626,210,280,553,396,455,389,455,974,313,287,225,141,165,281,513,182,291,303,282,127,514,282,234,352,1262,534,144,59,124,94,248,413,236,628,77,38,655,178,174,38,279
"COG3173",4782,5392,4014,4286,4054,5327,3920,4483,4711,2435,4545,4226,4556,4310,3843,4275,4962,4068,1907,3980,4235,4371,4003,4781,5224,1511,3380,4300,4349,4787,2984,4004,4512,2473,4746,3912,2899,4514,3805,4166,4311,3738,4370,3936,3078,4839,1804,2191,4461,4988,4698,4266,5048,3721,3978,3355,1507,3867,4826,4144,1531,4444,5434,5186,4459,5165,3686,5251,4886,2318,3662,4207,3578,1105,4142,4038,4309,4012,3149,4808,3886,3758,3970,5028,6640,5666,3966,3341,2551,4599,5067,2595,5513,4738,4216,1487,4554,3598,2716,4387
"COG3174",27,61,1,4,241,30,6,837,12,31,7,9,12,20,39,41,5,37,248,8,18,1,120,1,939,89,298,69,9,9,117,595,10,125,5,290,387,38,42,38,18,79,114,36,494,6,40,166,28,408,18,4,14,78,96,288,450,1,2,35,307,10,31,11,2,0,7,36,41,212,26,110,17,119,8,18,8,50,103,42,5,65,117,3,3,58,519,46,43,15,2,84,2,532,496,284,22,57,180,9
"COG3175",2472,2912,2674,2764,1223,3615,2078,1107,2012,740,3311,2831,1548,1748,1722,1249,2592,2562,1032,2386,1664,2763,1464,3106,1354,890,1217,1114,3211,3050,1323,1412,1831,875,1945,906,1353,1863,1071,2462,2154,1943,858,2481,1317,2205,809,1150,878,1421,2366,2758,3327,1246,1517,1179,646,2530,2289,2664,782,3095,2666,2843,2235,2771,3050,2023,1608,802,950,1644,1709,696,2083,2531,771,1626,1104,2065,3545,1308,1066,2170,2762,2243,1077,1272,571,2041,2717,722,3121,1532,1166,831,2814,931,1791,1944
"COG3176",2412,2525,2248,3083,2765,2495,1837,3360,2198,282,1980,2040,1658,1888,1247,1560,2462,1961,1372,1752,1679,6033,1434,2486,2311,1428,2059,1129,6867,2308,1704,3005,4461,4201,2175,1018,2943,1812,1099,2146,2376,2136,894,2066,3658,1751,991,3285,1030,2869,2135,3000,2480,1765,821,2176,1531,2023,2029,1553,1618,2438,2578,2793,2108,1907,2641,2123,1956,1214,1026,2368,1564,778,2466,2363,960,1846,2998,2473,8833,1092,1752,3592,1988,1990,1528,1279,607,2003,1857,738,2583,5337,2800,1449,2403,1176,4202,1809
"COG3177",159,223,76,298,2086,286,68,4977,118,720,61,171,153,235,372,375,95,250,1862,117,284,38,657,49,3629,810,1854,413,262,103,865,3528,125,1440,104,1044,1979,254,309,171,273,532,599,290,6048,95,327,4366,547,1999,304,828,128,602,598,1001,3834,53,89,160,1617,120,261,99,95,54,202,193,227,1343,414,3013,161,1524,59,105,943,329,2680,460,238,503,878,368,52,416,1691,747,1338,177,74,1153,43,4356,4092,1702,160,461,3808,142
"COG3178",3284,4038,4136,3580,2262,5815,2662,2153,3537,3176,5907,3803,2795,3832,3241,2922,4018,3672,1466,5621,3128,4239,2493,5051,2633,1314,1657,2611,4465,4924,3089,1388,3570,2826,3994,2357,1159,3176,2688,3703,3277,3558,2162,3899,2583,4454,1270,1979,2293,1527,3736,1446,5546,2391,2130,1743,1240,4039,3489,5353,1417,4714,3829,3912,3940,5185,4097,4396,3012,942,2347,1602,3395,1138,2775,4353,1925,3737,1906,3236,5204,2568,2331,3166,4442,4476,1989,2934,2170,3225,4800,2300,4287,3160,2162,1041,4401,2808,385,4022
"COG3179",171,320,1638,1638,183,16,293,805,168,43,316,160,73,174,99,81,279,258,5520,16,20,235,105,1475,1172,3935,128,43,702,80,27,970,197,64,53,83,859,265,13,263,98,36,88,115,563,100,5648,2225,42,26,276,753,37,56,69,151,265,299,116,82,588,615,762,487,80,46,410,36,40,4177,34,55,28,424,1722,460,16,28,364,62,459,16,58,1291,133,59,812,19,1,106,42,18,583,228,1539,7592,443,76,38,74
"COG3180",1331,1918,2673,1525,800,2117,1721,1206,1945,1664,2845,2274,1397,1904,1144,1237,2746,1789,634,1912,1227,2699,695,3044,873,594,618,577,2929,1880,1012,888,2049,583,1848,700,502,1626,678,2267,1725,1515,551,2305,341,1922,628,2331,513,383,1460,1767,2149,1084,626,715,405,2449,1687,2440,661,2327,2277,1661,1964,2152,1350,1766,1590,273,696,603,1381,589,2261,2570,618,1627,530,1708,3917,493,674,1078,1633,1493,819,1197,1026,1341,1975,1200,2048,2740,1132,537,2502,994,110,1893
"COG3181",2827,3957,4840,5558,3603,5463,3850,3001,3765,3581,4903,4654,3353,3718,3887,2411,4646,3443,1512,2921,2349,5384,4504,6072,2325,1244,1474,5681,6005,4500,2100,2563,3597,2462,3328,5500,1088,3037,4794,3851,3276,2687,7394,4542,904,3479,1314,6480,5114,3066,2845,5423,5350,2782,4552,1422,1411,3972,3107,3536,1268,4624,4098,3772,3625,3581,4545,2862,3141,615,6318,3233,2339,1124,4584,4616,5665,2639,3597,3225,7112,4171,5359,4119,2975,2237,1881,2297,4141,3056,3540,4292,4270,3306,2727,1250,4670,3080,514,2956
"COG3182",587,598,444,104,6410,132,87,4012,353,329,81,97,355,466,752,484,188,319,4117,536,596,55,2872,319,6813,2734,4685,1852,311,213,2454,9518,404,4232,200,2134,9449,516,822,292,1362,2540,1145,505,9822,124,567,2551,1205,8613,392,1066,81,1924,1703,1289,3605,88,198,383,4754,159,395,254,184,210,297,934,655,4102,1255,4946,753,2225,270,119,820,905,7091,1508,141,1689,3841,118,155,1273,5539,1525,918,1030,245,1478,264,9948,4850,3426,200,1103,12809,444
"COG3183",43,30,63,46,133,100,54,25,52,200,54,35,81,59,95,85,72,25,72,46,36,84,198,60,50,54,88,88,60,41,135,669,50,63,43,106,560,70,110,54,56,90,112,39,235,51,86,86,102,75,24,60,68,94,105,49,242,52,41,52,87,26,55,31,65,50,58,36,62,210,74,108,41,41,65,53,83,45,107,45,54,99,91,47,65,90,52,77,620,83,50,266,36,1366,167,69,60,90,454,39
"COG3184",4,17,4,0,268,3,0,10,6,5,0,1,1,0,6,5,2,10,98,51,25,1,16,2,83,36,205,17,6,5,116,210,4,139,0,24,63,9,12,5,129,49,15,14,76,1,3,7,42,21,6,26,5,23,48,23,19,0,0,7,98,6,11,0,1,0,3,20,9,44,9,486,32,144,4,0,2,1,218,52,9,24,27,1,0,51,77,92,0,12,2,101,1,22,69,113,3,15,651,1
"COG3185",637,739,1058,2029,2129,274,572,2808,868,1012,360,563,826,791,1311,1450,898,558,761,790,1004,381,1684,1282,2202,630,1498,1415,784,364,1181,2107,475,2653,1002,1336,1720,1151,1756,720,850,1134,1753,768,2280,859,328,4148,1761,2028,957,1161,310,1343,953,1202,1388,813,657,537,996,657,916,742,611,983,2713,916,991,1555,1463,1671,706,743,1091,574,1788,1060,1756,1114,558,1489,1583,2420,437,1301,2322,868,1550,732,947,1361,886,2161,1735,780,746,1409,2194,817
"COG3186",848,759,440,998,1759,164,306,1697,820,411,256,297,678,699,1076,1368,429,450,682,854,848,288,1353,532,1606,534,1519,1081,392,249,1159,1304,209,2823,911,847,1189,911,1472,429,752,1378,1230,259,1654,985,173,1478,1396,1582,1205,596,190,1389,798,1381,980,468,720,402,812,417,366,521,546,813,1145,902,937,954,1112,1551,525,548,365,281,1256,1120,1317,1156,203,1130,1515,1450,878,1943,1687,1098,626,921,833,707,803,428,1351,714,298,1335,1836,793
"COG3187",28,35,30,37,858,15,4,241,22,61,15,5,52,38,122,52,9,27,666,73,69,6,387,10,435,429,635,271,48,17,309,1090,10,386,9,442,1331,43,99,18,152,206,157,58,1299,8,49,30,129,1342,19,398,5,245,169,257,533,5,31,57,561,22,32,15,12,8,135,78,45,570,110,214,93,349,15,22,142,80,829,151,20,192,460,24,0,129,262,79,137,22,22,189,27,363,156,465,27,153,1116,20
"COG3188",48,10,5,582,578,57,10,225,48,24,20,7,15,86,182,27,7,10,831,6,56,5,823,2,3178,380,358,119,23,7,198,911,17,625,3,436,376,15,96,5,3,359,190,52,1516,26,160,114,274,550,7,18,3,162,120,58,49,2,16,61,757,7,52,49,7,4,1046,72,28,514,298,400,13,1227,13,17,56,69,143,143,4,292,503,496,12,36,3057,74,52,44,8,95,1,323,2263,954,41,220,214,26
"COG3189",3,2,0,3,71,1,4,89,2,1,2,4,23,7,7,7,1,7,77,2,4,2,36,0,196,63,45,16,2,1,21,211,6,37,3,69,107,3,10,6,13,32,27,9,47,1,8,42,18,115,8,1,0,16,28,61,17,0,3,14,85,2,23,8,0,0,3,6,4,40,23,33,4,127,2,3,28,1,60,17,1,5,40,2,0,4,78,26,2,16,1,15,2,511,139,114,3,12,40,1
"COG3190",2,6,6,1,217,2,9,198,1,7,6,7,6,3,6,18,3,15,139,4,23,7,50,14,124,69,207,37,8,5,77,218,8,147,1,96,140,5,10,6,2,63,24,17,166,5,14,38,35,127,9,25,3,30,65,53,107,2,2,8,149,8,14,5,0,1,15,6,13,68,18,324,4,138,2,6,9,1,113,50,32,20,87,3,0,37,43,77,1,7,2,32,9,328,94,122,12,11,527,2
"COG3191",908,917,606,956,1388,590,676,2174,1399,2218,413,586,2067,1221,1609,1130,936,615,412,1323,1148,520,1554,763,1454,234,876,2055,795,630,1784,582,885,992,1106,1856,199,1054,2109,741,826,1004,2184,631,192,1265,331,2075,2569,1257,861,798,532,1591,1648,854,1221,649,931,365,380,702,614,864,872,1060,1077,1224,1186,351,2209,2657,820,412,826,623,2185,924,1199,1008,837,1577,1814,851,1351,1500,924,2016,2244,1543,997,2203,940,1696,2347,389,503,2213,1457,963
"COG3192",0,0,0,2,16,0,0,1,0,0,0,0,0,0,0,0,0,0,3,0,0,0,0,0,16,0,5,6,0,0,0,85,0,13,0,10,8,2,0,0,0,0,4,0,73,0,0,1,8,4,0,0,0,2,2,0,13,0,0,0,0,0,0,0,0,0,0,0,0,11,11,6,0,0,4,0,24,0,2,0,0,0,1,0,0,1,5,0,0,0,0,0,0,21,79,0,0,1,0,0
"COG3193",212,181,253,669,537,221,321,284,347,152,205,225,667,506,297,213,396,225,312,136,236,302,404,400,310,140,246,753,388,205,515,627,548,240,255,772,180,204,440,231,196,331,563,291,277,418,135,384,922,545,136,338,169,681,322,195,104,240,176,150,186,340,411,191,216,289,563,240,178,221,651,539,221,368,291,331,820,307,646,217,534,371,518,608,136,232,177,497,221,417,275,286,224,645,235,283,273,397,550,182
"COG3194",816,1157,1159,1031,631,359,671,245,836,1212,760,439,673,969,1154,925,1134,553,478,1013,743,464,981,1265,250,366,558,967,439,415,751,502,573,447,1061,792,421,1038,928,808,710,1012,889,612,383,824,269,300,860,506,832,579,351,546,943,363,298,765,877,532,440,609,785,908,784,1021,1164,1070,1232,169,850,498,720,558,865,822,724,631,533,788,539,1107,869,831,888,1029,151,1006,617,813,1084,840,948,606,171,393,747,822,113,1285
"COG3195",765,1202,1411,1486,966,484,852,489,906,1352,955,567,768,1105,1231,1116,1327,633,313,1288,871,480,1144,1624,346,358,555,1272,615,491,848,601,556,586,1193,1102,335,1221,1169,1091,795,1048,1134,737,348,982,390,611,1096,653,894,617,459,592,981,487,296,1015,1047,561,368,658,1012,1196,951,1377,1832,1237,1378,217,1257,566,899,455,1310,1029,877,754,694,924,750,1311,1073,1327,728,1053,252,1064,719,751,1294,980,1095,2127,503,233,994,969,122,1227
"COG3196",0,0,14,0,0,0,0,0,0,0,0,0,0,0,0,0,0,0,0,0,0,0,0,3,23,0,0,3,0,0,1,0,0,0,0,7,40,0,2,0,0,8,1,3,25,0,0,0,0,0,0,4,0,3,1,0,13,0,0,0,7,0,0,0,0,0,0,0,0,1,0,0,0,0,0,0,1,0,0,0,0,0,0,0,0,0,19,0,9,0,0,0,0,0,3,0,0,0,4,0
"COG3197",1,1,5,3,37,1,6,32,3,52,0,2,5,1,7,1,12,3,56,0,7,1,3,8,3,10,33,2,4,0,15,49,4,43,1,13,23,7,2,5,2,11,4,8,55,0,5,9,6,12,2,0,1,3,10,7,23,5,1,5,53,1,11,0,1,0,4,4,3,57,5,10,2,67,4,2,0,1,11,4,3,2,14,8,0,4,4,6,30,3,0,25,0,135,5,63,9,6,10,0
"COG3198",12,38,15,32,515,6,6,238,3,28,4,5,11,12,35,17,3,10,305,36,38,1,199,4,266,227,334,95,21,11,166,702,10,282,3,182,690,27,29,13,105,167,63,33,634,3,52,56,49,674,4,199,2,125,96,106,282,1,2,30,351,6,34,5,4,0,24,49,34,250,51,372,48,255,8,10,50,25,720,85,3,77,171,29,0,74,105,86,51,14,2,105,4,519,108,312,14,23,977,3
"COG3199",741,523,629,494,1746,128,561,190,1166,972,255,303,2114,981,1004,1451,1034,437,776,662,1278,213,1205,511,566,477,1202,1503,233,241,1604,1227,690,1021,1203,1336,1446,1509,1182,595,981,1106,1396,395,1713,981,298,24,1745,1935,781,1289,228,1453,980,498,683,686,838,277,761,342,435,445,690,842,400,886,1331,488,1306,1558,711,560,632,188,1345,786,2123,1367,341,1065,1299,325,968,1292,189,1447,986,1267,860,1138,300,1368,406,758,393,1669,2333,746
"COG3200",4822,4965,4934,3339,2959,5983,4241,2424,5233,4416,7044,5244,3973,5020,4024,4598,5305,4977,1536,6283,3830,6306,3414,5436,3134,1873,2652,3293,5871,5389,3590,2383,3985,2290,5583,2697,2484,5153,3505,5229,5164,5097,2983,5048,2280,6255,1470,2793,2983,2995,4299,4997,6150,3795,3665,2063,2475,5484,4756,6996,1776,5043,4275,4440,5408,5781,3374,6045,5480,1517,3326,3538,4113,1269,4200,5170,2360,5145,2885,4419,6299,3322,2956,2234,6322,5984,4482,4171,3115,4879,5899,3483,5169,2335,3148,1361,5430,3384,3133,5915
"COG3201",807,1284,454,1558,726,760,383,384,852,247,730,633,384,696,656,761,448,529,558,897,894,843,536,580,242,360,641,414,1091,836,431,875,700,387,962,323,804,513,353,481,906,609,394,677,1175,730,295,238,370,804,1129,800,660,518,378,767,489,575,1156,532,556,1211,710,1157,885,1239,1879,804,758,464,287,730,700,391,429,645,623,651,906,1126,670,484,701,2314,991,694,251,354,204,625,1245,244,1127,230,141,638,443,460,1138,734
"COG3202",1492,1664,879,2163,689,1393,899,837,1434,2034,1283,921,970,1077,1349,1333,1158,939,451,1397,1405,1058,1129,1096,465,289,1098,901,1252,1163,874,920,810,569,1457,653,153,1303,1125,804,1033,1242,1068,943,297,1391,224,347,1124,575,1727,745,1116,885,828,879,1746,840,1384,1160,291,1246,1285,1644,1184,1845,1843,1331,1327,180,871,900,1220,758,802,877,1317,993,450,1087,944,1049,1393,2388,1485,2365,266,1034,2086,1329,1890,2267,1447,1463,441,516,827,1583,103,1335
"COG3203",516,680,275,451,359,521,112,182,271,30,239,90,178,336,260,280,202,337,584,382,425,159,193,445,58,247,353,135,60,463,574,426,271,470,284,166,300,414,97,245,292,413,773,215,2209,301,1121,1341,163,119,492,177,349,225,163,306,320,188,408,204,592,598,362,558,280,678,744,416,425,618,41,117,396,615,237,190,40,255,149,593,181,164,445,589,408,360,49,143,95,375,662,84,565,135,36,347,256,94,383,469
"COG3204",1309,1175,450,852,1674,1228,590,197,897,382,369,836,380,542,752,884,396,896,1616,1488,1345,1146,910,236,149,1027,1704,607,1386,1352,766,3616,972,679,989,501,2965,665,557,391,1240,837,411,1398,2613,817,238,10,433,2997,581,612,371,289,226,574,472,214,227,305,472,246,166,357,274,359,709,334,222,365,118,252,402,508,141,145,109,340,698,558,165,197,213,404,1632,384,28,253,253,396,364,232,370,126,112,476,169,188,794,282
"COG3205",4,12,10,1,310,14,6,286,2,7,5,1,7,5,15,19,7,4,226,21,12,1,91,4,344,136,167,72,30,4,149,466,7,142,1,135,377,17,27,11,59,100,56,35,685,1,28,169,31,442,10,115,6,85,52,105,145,1,1,22,237,3,19,2,3,0,3,27,15,211,36,269,34,150,7,6,3,15,405,44,7,67,101,3,0,29,237,66,30,13,3,70,2,419,465,215,10,27,635,2
"COG3206",2323,2183,1248,3380,4784,2455,1854,5280,1345,1604,1507,1902,1408,1453,1618,1960,1334,2010,2365,1910,1730,1622,2675,1873,6340,1922,5171,2102,2040,2526,2982,5417,1194,2912,1718,2207,5139,1759,1596,1404,1996,3014,1663,2070,8472,1665,658,5447,1801,5498,2350,2294,2055,2670,1598,4531,4299,1468,1118,1842,2770,2166,2372,2440,1188,1353,3419,1821,1146,3582,1751,5185,1610,1590,1168,1565,2061,2126,5268,2426,1120,1673,3129,4067,1652,3243,5783,2421,3240,2007,1310,2518,2152,6638,5938,2154,1540,2170,9114,1690
"COG3207",0,0,0,0,24,0,2,0,0,1,1,0,0,0,6,0,0,1,0,3,0,0,1,0,0,2,1,2,0,0,2,0,0,89,0,4,6,0,1,0,3,28,0,2,0,0,1,0,2,3,2,0,0,3,0,1,11,0,0,1,19,0,3,1,0,0,0,0,0,19,2,3,1,0,0,0,20,0,1,5,0,1,2,0,0,0,3,1,0,0,0,19,0,0,0,7,0,0,0,0
"COG3208",188,219,64,137,368,39,133,319,138,12,31,70,147,241,118,164,118,93,113,24,107,24,54,60,23,145,123,54,8,43,63,190,30,92,206,86,124,150,29,96,117,105,161,174,17,15,31,1094,38,485,286,64,33,206,228,170,37,89,154,16,104,89,42,86,148,107,32,85,186,27,93,259,433,221,120,166,23,127,133,186,14,66,43,40,30,73,38,18,20,97,113,13,185,90,21,146,43,12,137,160
"COG3209",433,419,95,128,3662,187,33,7867,229,535,16,260,146,318,321,269,71,942,1433,413,328,68,1241,96,4884,901,1769,756,246,103,1072,4023,151,11565,86,768,2441,334,410,292,711,1153,463,332,7568,32,394,1808,353,3279,1305,595,141,774,328,2683,1789,102,95,159,1940,693,327,169,76,31,272,320,261,3454,632,4930,362,736,126,69,320,540,4696,590,65,514,1062,80,179,404,4803,1065,634,300,64,960,96,1307,1442,1535,164,780,6507,120
"COG3210",963,725,692,424,934,1122,606,2989,678,622,374,1015,853,1194,489,687,516,499,964,373,675,623,698,427,850,156,1281,820,695,982,1427,1112,372,1089,436,951,203,401,588,866,684,638,1145,502,9608,242,4415,860,979,824,765,411,854,1215,353,2722,889,457,398,407,522,885,675,694,559,278,286,915,280,982,624,635,696,312,659,562,948,856,1608,715,941,909,640,300,117,104,612,617,580,958,313,998,519,2310,824,385,464,475,254,578
"COG3211",911,671,719,1154,4208,174,2639,4601,1556,973,649,1259,2999,1597,1487,1344,916,557,2704,1157,1364,3432,2734,769,3337,1424,2800,2805,1814,309,2051,5221,4887,2264,2597,2449,4159,1204,2257,939,2019,1651,2514,820,4850,1307,424,2991,3112,4783,676,2947,272,2462,2507,1329,1746,900,857,983,2110,484,1443,427,1744,1039,183,1344,1224,1968,2261,4745,1114,1929,719,828,1435,1143,3648,1285,2710,2321,2856,1097,696,1757,2855,2113,1275,1461,1183,1306,607,6790,2472,2084,511,3668,6309,915
"COG3212",8,2,0,1,160,0,3,89,1,8,0,4,7,6,12,6,1,2,212,4,7,0,11,0,160,53,155,27,2,5,41,309,1,83,1,96,105,5,3,5,5,3,21,11,202,0,2,4,73,70,1,0,0,29,44,12,47,0,1,20,132,2,8,1,0,0,3,8,4,85,2,29,10,264,0,1,2,3,49,22,1,4,50,2,0,15,81,10,4,0,0,15,3,606,190,160,5,11,45,2
"COG3213",40,77,30,250,661,15,83,945,29,2182,20,32,74,68,1007,38,152,40,210,11,83,25,914,96,1222,210,336,98,26,8,266,962,64,476,10,310,406,40,609,75,27,238,187,70,352,11,42,758,126,752,55,11,14,124,187,317,451,68,9,38,521,9,115,26,6,3,29,39,58,178,82,1276,66,258,64,42,28,38,285,173,54,693,342,199,12,105,612,213,927,47,3,1147,14,1711,696,412,71,56,1565,24
"COG3214",174,52,108,232,432,83,165,1349,238,484,68,109,630,258,294,248,179,83,237,187,240,82,402,133,1005,112,173,485,218,70,408,464,384,246,200,529,125,338,425,140,191,247,619,227,65,211,46,1813,652,335,81,249,101,518,552,238,82,119,126,102,184,147,146,56,109,137,147,275,279,318,498,595,187,296,249,98,537,170,243,184,195,513,509,179,366,298,1828,449,532,425,90,437,53,1611,1333,397,168,382,122,124
"COG3215",13,15,8,104,195,15,21,294,8,78,10,16,40,37,39,45,8,11,244,12,22,30,73,20,151,70,106,42,30,4,64,305,49,131,24,125,158,15,26,11,11,91,63,27,347,7,17,62,56,114,1,47,6,58,35,79,93,4,10,17,169,11,33,7,8,6,16,18,32,83,25,37,22,160,12,18,66,8,229,55,64,25,95,86,9,19,78,57,65,47,8,87,6,495,151,187,18,42,62,10
"COG3216",1002,860,1068,985,813,754,1451,928,526,581,518,1146,426,772,617,566,825,1229,502,465,1160,778,570,844,1121,652,1462,310,977,1021,445,1075,1156,456,426,436,801,752,379,1094,840,682,303,1096,1094,288,171,868,289,910,918,910,771,844,304,2104,393,1021,738,526,418,869,889,1019,794,590,1290,555,539,626,234,881,1256,336,1329,1252,403,833,967,946,1046,463,344,971,244,312,933,322,308,424,535,420,798,1541,675,566,1070,161,1293,766
"COG3217",951,1238,1112,2032,792,608,811,820,1269,1661,1018,607,1088,1383,1409,1375,1211,729,337,1598,1061,746,1232,1337,511,388,570,1253,929,601,1113,733,1049,616,1427,1346,356,1183,1351,945,1081,1305,1163,897,347,1388,290,875,1334,777,948,919,575,1007,1002,686,268,795,1464,531,353,1355,900,1044,1260,1796,1940,1416,1408,358,1260,878,1250,418,1140,1131,1500,1159,1381,1006,1321,1247,997,1541,920,1411,283,895,579,1165,1602,1100,1267,870,409,249,740,1163,270,1486
"COG3218",15,8,6,10,193,16,2,300,16,38,5,10,48,38,25,17,9,15,274,8,25,2,90,0,269,85,225,47,16,9,82,536,1,70,6,215,293,9,31,6,9,52,56,35,288,3,33,655,79,171,14,8,13,84,95,104,56,5,7,16,155,12,13,5,0,1,4,11,13,143,67,74,8,263,5,7,9,13,85,37,4,51,100,10,0,36,216,53,35,36,6,52,3,207,121,171,13,43,76,5
"COG3219",28,28,23,6,710,12,6,452,25,36,10,8,21,28,56,89,5,18,372,86,61,10,222,8,407,234,383,156,42,17,253,771,35,579,32,161,802,27,74,14,124,205,67,45,1197,18,17,20,102,747,16,310,3,146,112,129,293,3,12,26,474,9,35,5,15,7,20,76,71,245,53,651,65,306,4,5,28,32,974,135,55,132,249,18,1,100,119,205,68,35,10,139,2,931,262,535,10,74,1478,10
"COG3220",89,84,47,222,1513,22,21,1381,78,92,19,27,155,125,136,188,18,77,1449,99,139,49,370,27,848,656,791,367,118,41,527,1851,86,1619,87,506,1730,90,171,60,235,390,217,100,2812,22,96,405,258,1268,71,534,20,395,278,293,709,19,36,76,1089,98,86,23,77,37,157,159,114,808,139,865,193,1325,18,22,203,79,1393,280,182,231,471,181,6,213,517,282,131,160,68,265,23,2231,693,1609,41,210,2137,30
"COG3221",2906,2248,2795,2023,3761,1233,4064,3276,2448,2297,1878,3003,2948,2702,2933,2997,3070,3110,2243,1901,3390,5683,3243,1884,2388,1864,3829,3499,3923,1909,2180,3223,6344,6162,2822,4248,1941,2624,3434,3011,2707,2418,4381,2490,3005,1850,1235,5126,3090,2866,2686,3569,1577,3024,5468,3997,1302,2922,2445,1761,1279,1898,2933,2623,2953,1784,1985,2444,3024,1466,3909,3127,3241,1494,2927,2770,3422,2808,3521,2928,4767,3861,3544,1728,2028,1527,2289,1891,2516,2094,1878,2245,1978,5233,3469,1413,3162,3593,2481,2597
"COG3222",1130,889,1049,899,697,511,1642,1230,481,698,418,1245,598,916,477,582,712,1270,376,394,1264,842,365,610,913,480,1889,358,644,1025,754,479,1536,1487,436,494,265,618,317,1079,726,713,293,1033,398,241,214,1051,420,502,1083,628,650,1092,236,2462,227,991,719,512,235,768,873,1017,897,350,999,550,499,505,324,481,1308,270,1043,1264,578,1180,313,1050,734,328,666,917,217,266,729,503,535,650,384,515,768,1664,1028,208,1158,305,169,929
"COG3223",40,47,59,32,26,32,54,10,82,105,45,64,40,62,131,69,47,74,130,122,57,88,217,38,3,52,45,22,86,60,13,176,42,24,46,20,44,25,101,80,57,36,21,27,59,39,8,17,36,30,61,30,67,48,44,30,18,74,92,125,38,36,67,58,37,73,1,45,20,24,8,25,35,121,52,45,26,30,34,94,39,110,16,21,114,45,1,43,68,27,119,85,90,52,3,96,52,15,13,43
"COG3224",66,49,54,59,234,18,6,618,6,4,2,3,7,10,35,6,4,13,157,11,45,11,71,18,178,124,292,31,25,4,146,431,4,85,7,135,233,17,23,14,13,90,61,56,322,5,24,77,29,129,38,116,9,59,143,142,47,15,23,24,150,20,50,22,15,3,12,26,20,122,63,1129,76,170,32,4,19,17,632,85,11,27,62,52,3,98,480,212,2,19,7,32,10,258,173,156,15,19,1462,9
"COG3225",1966,1833,1811,2507,3448,2241,2157,4452,2768,3499,1273,1792,4843,3050,2857,2841,2110,1876,1170,1774,2117,2294,3168,2321,1587,636,3007,4494,2231,2190,5149,1188,2859,3599,1988,4420,746,1670,4358,1957,1580,2780,4008,1870,1043,2412,609,3006,5527,2596,1882,1503,2022,4654,2038,2420,2224,1879,1566,1321,1024,2612,2058,2357,1634,1792,2215,2601,1881,883,4403,4279,1539,1302,1883,1532,5344,2853,2604,1925,2800,3096,3629,2613,1589,3030,782,4767,4726,3701,1823,3686,2040,1385,2100,1867,1718,4453,2929,1986
"COG3226",6,36,24,8,64,61,5,119,18,11,6,38,12,9,6,32,5,25,96,15,20,2,25,28,169,70,16,14,6,30,20,150,7,80,4,78,44,11,4,23,6,10,27,30,751,4,11,5,29,99,5,21,28,15,5,96,28,6,24,30,89,14,17,7,2,12,6,9,8,45,8,29,13,173,17,4,43,3,436,26,19,24,26,7,1,8,82,11,2,10,19,12,5,706,212,157,23,8,51,7
"COG3227",220,378,282,357,1234,132,89,208,449,458,81,157,311,199,379,305,224,150,511,73,143,134,622,205,530,621,360,536,203,156,675,1225,105,1277,168,354,1653,115,386,95,245,686,390,148,1203,110,104,92,591,1551,348,780,70,367,309,637,2243,137,145,99,1067,319,86,110,232,101,486,137,269,558,427,385,103,344,63,72,681,295,604,599,178,382,957,397,124,153,177,523,2178,233,89,701,199,274,91,735,94,480,1885,117
"COG3228",323,90,138,94,536,9,49,526,279,244,11,30,289,244,255,223,47,101,497,9,233,20,342,102,700,239,558,267,25,27,257,703,117,388,114,459,326,114,257,113,124,317,264,40,374,15,34,227,316,487,265,120,11,341,143,686,220,75,123,48,564,73,166,98,125,103,42,254,98,385,279,249,162,589,193,73,430,211,311,276,48,215,497,69,8,21,615,332,121,370,98,292,70,1212,381,522,37,225,125,173
"COG3230",19,18,2,1,210,1,1,89,4,15,4,3,4,8,17,9,0,9,216,8,13,0,51,0,104,140,178,19,5,6,62,276,0,112,0,61,126,4,19,11,8,94,35,20,80,0,37,140,39,36,2,6,1,18,17,7,19,0,0,5,99,0,5,0,0,0,0,1,1,28,2,127,1,85,0,1,0,1,26,13,2,5,68,1,2,15,24,33,9,6,0,13,1,14,8,86,8,16,224,0
"COG3231",5,0,0,1,4,1,22,0,4,8,0,7,18,10,5,2,23,7,1,0,1,5,2,1,1,0,2,9,13,0,3,39,5,2,2,42,5,2,10,7,0,15,13,40,28,3,1,0,6,3,0,3,3,15,6,2,3,1,1,4,2,3,2,0,1,0,0,0,0,61,34,13,0,2,5,7,32,5,10,0,50,3,16,6,0,0,1,13,13,6,1,3,0,0,1,0,3,19,4,1
"COG3232",94,124,46,157,106,27,56,67,95,102,20,34,102,97,118,69,43,37,133,42,105,32,136,56,27,49,86,116,37,19,109,145,49,103,75,103,51,85,195,43,55,139,128,41,194,50,55,71,211,96,25,18,8,39,17,22,21,11,33,3,28,21,17,28,18,37,64,30,19,12,36,27,8,40,31,14,46,12,46,32,20,34,48,68,14,21,2,30,29,46,33,43,31,23,16,40,13,25,12,27
"COG3233",0,2,0,2,63,0,3,46,1,9,3,0,1,7,2,1,2,6,46,1,1,0,23,0,211,15,15,11,1,2,6,175,0,70,0,38,64,0,0,5,4,33,8,7,47,1,7,31,27,50,4,10,0,9,18,1,10,0,0,6,26,0,8,1,1,0,1,3,4,49,9,7,2,23,1,1,10,2,25,11,4,0,19,1,0,6,117,8,9,0,0,18,0,815,212,9,0,7,1,0
"COG3235",17,48,28,3,722,9,1,322,7,28,5,4,19,10,45,30,8,16,488,44,56,3,241,7,114,332,465,156,32,15,193,872,14,322,4,225,1049,27,59,19,109,196,84,44,867,4,38,92,93,897,3,266,2,162,170,162,354,3,1,32,537,5,26,5,6,0,26,44,43,344,69,539,66,378,8,8,7,28,959,98,24,131,217,10,0,105,49,124,60,16,2,119,2,198,27,469,11,43,1399,5
"COG3236",134,102,74,338,164,36,59,345,69,50,36,18,91,109,47,120,96,55,157,100,77,25,119,74,168,256,182,61,30,40,243,147,40,94,97,59,136,102,48,50,70,191,68,130,363,96,87,34,10,80,124,81,32,77,73,125,974,28,101,86,1076,52,73,46,101,82,80,57,186,257,28,506,184,1365,86,74,59,54,326,82,62,58,89,230,76,92,62,162,95,75,85,69,55,39,44,221,17,37,767,23
"COG3237",4,13,8,0,351,9,0,358,9,9,2,11,10,13,26,6,6,26,85,43,21,0,129,2,159,101,193,53,10,4,86,409,4,405,1,78,295,10,21,6,85,72,31,21,335,2,21,237,29,342,21,129,5,69,58,57,116,1,6,18,157,5,37,9,1,0,10,17,12,137,28,329,30,87,9,14,13,41,347,58,3,53,179,5,4,43,127,76,25,10,1,56,1,564,230,127,16,63,557,12
"COG3238",39,34,22,82,110,12,75,37,55,21,5,19,54,51,43,44,68,36,35,14,39,27,43,33,74,33,25,44,33,12,111,98,55,317,18,74,39,22,45,37,44,27,52,40,56,6,8,78,61,42,129,140,38,123,102,153,71,115,104,40,80,121,102,123,106,107,154,81,102,256,141,136,87,128,165,109,207,78,134,198,132,98,155,245,80,52,202,114,124,154,122,63,114,390,244,114,84,87,35,77
"COG3239",6710,6385,7079,6861,2676,7501,10280,2735,5125,2309,5597,9812,5022,6149,3825,5050,6632,7924,2365,4998,8914,7469,3329,5997,3634,3385,6670,3670,7145,8432,2706,2530,8504,2942,4993,3054,1863,5519,3349,7886,6566,4710,3314,7650,4595,4383,1782,2133,3810,3349,6006,6454,7724,5824,2622,8432,1229,7439,6729,5161,1360,6795,6969,7451,7240,5460,5921,4743,5157,2764,2841,3279,9558,893,8531,8577,3637,6815,4632,6508,6886,3359,3227,6820,4011,4416,4039,3200,2064,4425,5666,1998,6409,5003,3966,3382,7986,2868,1414,5895
"COG3240",51,97,111,57,72,26,36,770,88,26,6,24,138,163,59,71,243,81,112,9,59,5,57,104,26,50,147,31,21,3,166,350,32,51,67,45,146,287,17,39,80,153,53,23,181,31,48,1039,38,101,61,57,15,67,78,80,56,99,72,14,71,15,97,44,81,45,312,40,186,117,31,72,24,66,44,46,226,40,54,120,27,54,62,48,24,37,25,46,33,55,35,43,32,141,4,61,30,96,115,31
"COG3241",471,450,332,357,472,407,218,124,495,82,158,286,312,357,257,722,247,312,285,320,354,449,350,313,162,240,668,255,387,394,468,518,434,173,493,117,622,240,151,309,448,544,137,360,464,393,155,39,201,711,636,510,375,431,207,677,275,277,655,159,344,548,358,456,411,515,447,543,540,219,112,710,405,201,342,206,452,433,529,560,293,241,358,527,395,537,139,441,94,431,502,167,519,151,111,319,201,387,1315,480
"COG3242",18,7,3,7,40,7,15,92,21,42,0,2,18,20,20,7,9,3,59,1,9,7,14,0,6,23,55,30,4,6,27,97,52,20,7,26,42,12,14,3,15,14,16,11,285,10,1,130,23,21,7,17,4,30,19,20,21,1,11,2,46,8,6,1,9,9,38,4,5,33,6,16,7,82,2,4,26,5,83,9,8,21,32,3,3,13,3,21,42,25,6,40,2,13,6,41,2,6,28,2
"COG3243",379,497,554,1198,2832,949,824,5314,421,6796,225,656,832,590,4271,263,1035,689,2059,136,377,645,4908,798,6537,891,2359,1371,1293,766,1026,3162,899,2694,308,3012,1770,381,4581,557,351,836,2325,1029,5498,103,463,6126,1042,2068,409,874,779,895,3002,1273,2845,595,419,405,1571,631,884,718,293,206,254,464,221,1891,2010,3992,314,1722,825,640,701,360,2673,1013,1844,4229,2356,1117,67,491,5263,963,3844,581,234,5096,339,7390,6473,1422,808,762,5505,154
"COG3245",253,298,369,697,917,219,328,795,376,619,382,224,385,330,590,334,401,215,603,310,248,290,948,591,453,391,552,768,423,164,572,1364,463,580,319,649,1078,333,738,277,333,389,724,247,1107,336,224,127,811,1197,256,695,195,393,564,394,453,266,272,434,587,197,546,248,262,403,501,336,321,352,518,1046,224,475,310,275,733,235,1269,257,432,900,712,642,276,383,190,499,429,333,385,544,301,1413,381,561,372,445,1494,170
"COG3246",2593,3469,2565,3583,1852,3622,2897,1825,3510,3465,3545,2913,2792,3186,3215,2980,2957,2644,523,3340,2673,3268,3240,3023,1109,708,1382,3106,2648,3126,2097,1168,3056,1390,3374,2570,627,2976,3382,2669,3028,2877,3047,3197,351,3208,618,2993,3156,1727,2499,3041,3737,2227,2555,1573,470,2542,3950,2765,636,2979,2172,3243,3412,3173,3827,3521,3679,348,3135,2192,2809,685,3440,3627,2966,2777,2251,3363,3062,3083,2781,3033,1836,2707,763,3100,2179,2852,3393,2592,2721,3463,1115,420,2949,2844,218,3324
"COG3247",18,7,5,16,67,29,20,208,15,7,4,8,17,14,8,13,3,22,15,1,14,10,15,3,181,50,29,21,7,6,33,79,19,95,3,75,17,8,6,20,30,55,39,60,31,2,12,110,40,48,23,31,8,22,29,40,16,2,3,17,96,24,14,7,13,0,5,4,6,424,100,52,5,12,28,19,9,22,20,36,5,2,126,7,0,6,228,21,23,10,2,22,4,45,114,50,19,29,30,5
"COG3248",21,66,8,79,755,2,9,80,12,49,16,9,30,31,41,32,7,15,975,17,85,16,113,8,250,390,438,61,25,10,158,1123,25,490,12,322,673,30,27,8,15,180,85,31,1089,13,147,162,175,180,8,293,3,105,177,131,279,3,3,52,663,9,48,14,10,2,59,18,30,338,44,103,25,1072,11,19,107,9,301,194,64,80,273,97,6,80,91,35,34,5,3,81,10,323,58,1056,18,61,207,13
"COG3249",244,263,224,451,1423,231,204,628,414,162,199,248,299,306,313,402,181,197,766,296,280,250,755,284,758,546,959,714,311,297,752,1815,457,776,355,684,1908,292,555,234,432,595,437,352,1974,229,110,32,495,2119,155,912,186,492,506,382,661,181,219,151,834,437,264,167,252,391,711,419,341,620,381,1190,288,506,207,297,494,257,1973,423,521,573,730,504,131,533,209,581,211,310,431,329,187,1449,401,603,136,386,2871,202
"COG3250",2482,4120,2684,4354,6700,2965,2075,1340,4424,5286,2526,3148,2828,2553,5431,4621,2879,2842,1814,3813,3326,2930,6425,2791,518,1933,4597,5808,4714,3155,3747,3875,1881,4543,3829,4393,5140,4354,6286,2605,4048,3831,6177,2986,3827,3539,1172,1563,6084,7457,4465,5504,3270,3783,4508,5079,5894,2604,3677,2287,3219,4226,3234,3591,3337,3744,6501,3106,4128,2331,6431,8658,2757,676,2733,2486,8165,3879,6732,4456,2566,5588,8411,5249,4492,5071,572,3277,4971,2748,3756,6925,3802,369,564,1827,1923,4854,10788,3425
"COG3251",0,11,0,9,79,10,0,46,3,0,0,7,4,11,5,3,1,0,36,3,6,0,11,0,9,10,5,3,2,2,8,44,6,7,0,10,17,2,2,0,3,3,1,10,8,0,2,169,4,189,1,3,2,42,6,8,7,2,0,7,22,13,2,2,4,1,1,6,1,9,20,5,12,72,0,10,2,0,21,16,1,2,2,11,0,4,3,2,0,1,2,6,3,43,1,34,1,1,35,1
"COG3252",129,167,274,152,35,221,199,350,181,215,234,215,116,199,115,153,246,146,38,168,84,206,101,256,65,60,75,116,302,243,148,7,131,30,179,85,27,198,162,180,198,122,105,229,5,160,47,1,106,63,125,267,276,187,79,122,30,122,110,194,53,179,131,151,193,129,49,166,124,9,118,38,126,54,135,212,96,107,68,186,232,106,81,87,173,98,22,263,216,174,142,241,160,203,128,38,253,153,19,141
"COG3253",139,52,83,136,549,7,56,170,581,345,39,17,728,634,619,292,162,28,4,440,394,18,864,69,117,86,107,995,5,13,1329,179,249,1076,406,1129,12,280,1036,109,205,234,1275,72,28,727,49,1,945,476,83,129,11,652,1832,121,38,64,406,47,73,76,102,74,213,432,3,198,286,116,1233,472,324,82,165,31,959,120,650,172,29,1331,1053,131,281,230,740,1115,696,1028,384,568,86,3,202,14,53,1084,44,139
"COG3254",187,187,130,140,223,284,153,62,221,155,144,213,407,256,139,197,200,136,31,293,193,208,159,107,68,41,155,249,217,230,332,70,256,108,206,233,52,146,161,218,170,296,202,164,37,355,34,109,286,269,122,120,253,331,173,92,63,157,215,165,59,186,132,197,188,261,227,245,201,67,239,169,211,29,216,117,253,262,249,195,229,144,194,129,168,321,358,319,183,306,257,208,190,31,168,26,230,320,218,233
"COG3255",284,395,227,523,149,264,212,448,371,138,412,285,161,246,228,324,291,356,254,395,247,426,159,217,256,160,199,157,310,285,178,235,269,159,320,180,210,321,163,333,356,326,150,280,577,376,167,321,119,175,330,325,291,151,181,165,63,277,425,368,151,390,334,390,371,357,363,386,415,117,113,116,230,208,243,304,123,312,297,290,182,153,170,581,401,336,197,193,72,245,337,110,299,423,477,201,320,199,63,381
"COG3256",27,16,15,43,157,25,3,1289,63,953,10,13,18,32,170,18,31,109,69,55,29,7,125,39,463,93,151,62,12,9,204,787,26,82,78,319,504,46,107,39,66,21,177,45,223,54,40,1124,54,470,122,19,25,58,97,455,96,1,41,26,322,11,31,15,39,53,4,24,49,83,32,121,15,59,45,15,11,35,150,55,6,98,85,57,2,23,190,28,443,30,47,490,4,817,212,383,19,64,155,2
"COG3257",48,80,76,264,122,41,70,88,60,18,15,41,31,46,49,60,79,39,130,7,59,46,43,88,54,63,97,78,60,40,24,156,47,57,32,105,82,39,25,65,40,41,107,52,85,5,26,187,75,83,142,244,87,94,128,166,78,160,200,32,231,234,218,277,111,130,926,90,159,116,172,152,176,455,377,184,291,57,215,239,314,70,187,589,32,53,93,19,14,102,146,73,209,1107,175,339,166,48,58,74
"COG3258",21,47,34,40,156,41,19,328,82,90,48,31,72,76,67,27,9,46,65,24,40,83,84,43,378,44,84,48,67,66,58,333,60,68,32,134,83,21,45,43,81,37,73,35,177,44,77,338,54,124,28,123,23,60,105,115,45,24,134,44,39,118,61,65,106,48,27,29,14,166,106,83,25,66,27,25,22,36,146,61,30,49,94,67,25,36,278,22,65,68,37,86,90,219,76,33,38,27,67,29
"COG3259",24,6,0,0,10,7,0,282,0,9,0,9,0,3,0,0,0,47,12,0,0,0,2,11,1,5,2,2,4,3,1,9,1,38,4,2,1,6,2,4,6,3,4,10,22,0,0,0,0,23,35,0,8,4,9,153,350,2,3,3,1,3,2,9,1,0,1,1,3,2,2,6,0,1,0,3,6,0,2,1,15,2,6,1,0,3,3,3,475,2,0,17,0,7,5,21,2,7,11,1
"COG3261",0,0,2,0,0,2,2,0,0,1002,0,16,2,0,56,0,1,0,0,0,0,0,0,17,0,0,2,1,0,0,0,0,0,2,1,0,1,0,1,0,0,0,0,1,15,1,0,0,0,8,8,3,1,1,0,8,237,1,0,1,0,0,0,0,0,0,0,3,0,0,0,0,0,0,0,2,0,0,0,7,1,2,0,0,0,0,0,2,1001,1,0,918,0,0,0,0,2,0,0,0
"COG3263",159,154,213,296,3024,29,76,2447,808,480,33,41,849,864,1794,384,130,105,1266,1086,775,127,2806,87,2682,1005,1121,2697,287,24,2028,3502,519,6599,659,3546,2666,332,2756,115,427,723,3602,172,2192,1187,168,1440,1666,2893,189,778,20,853,6248,638,1501,65,504,129,1383,61,215,374,220,258,31,330,380,985,3785,964,823,1092,116,183,1463,376,3262,464,407,4026,4130,229,17,488,1936,1721,884,1272,315,1432,160,3405,2386,1159,68,2768,1894,201
"COG3264",1596,1426,1191,3018,3832,708,827,4920,1542,2018,568,793,1551,1335,1659,1735,1305,1075,2136,1514,1840,1134,2191,1027,5023,1595,3266,1864,1736,673,2249,4316,790,3687,1500,2097,3471,1452,1521,1032,1421,1910,1932,966,4328,1486,522,3660,2281,3475,1619,1903,632,2017,1113,2212,2007,946,1692,859,2113,1448,1140,1500,1246,1562,2725,1541,1370,2035,1557,3490,1746,1766,1490,855,2429,1409,2581,2040,1661,1619,2565,3253,1380,2099,4033,1624,2135,1659,1566,2132,1404,9822,4974,1882,804,2086,4919,1244
"COG3265",132,188,184,388,601,180,151,409,187,194,126,140,183,198,313,166,160,150,386,152,142,197,493,161,427,284,425,420,234,189,325,805,185,377,163,376,840,166,409,176,351,276,411,219,492,138,86,482,401,861,223,295,142,337,258,266,325,149,235,125,325,293,204,209,173,125,288,209,217,431,345,641,187,301,202,196,353,168,867,219,265,362,441,516,85,166,822,232,180,130,131,305,137,367,627,376,128,273,1200,142
"COG3266",32,62,0,16,268,15,5,205,30,40,2,11,14,11,27,33,4,14,334,5,29,16,18,3,48,86,307,38,27,14,333,263,33,171,11,147,186,8,6,0,6,32,51,18,902,2,13,3,71,47,11,31,6,83,65,110,127,0,13,32,256,17,19,6,6,4,88,13,11,153,0,41,21,223,2,6,115,10,720,33,20,53,77,26,4,28,40,35,25,49,8,31,9,158,170,199,6,65,219,3
"COG3267",473,571,585,673,3332,362,398,2778,664,858,340,346,756,480,764,774,507,502,1855,638,534,611,1518,564,2134,1287,2254,1386,374,420,2187,3570,430,1178,547,1327,4540,1043,837,437,1048,1244,983,705,4402,675,253,221,898,4169,621,2062,318,1263,958,859,1919,396,248,717,2067,434,476,238,403,371,770,773,1028,2086,930,2831,496,1088,522,361,852,532,4219,880,491,1183,1512,624,998,1227,1825,1115,1202,855,352,1327,450,1247,846,1821,302,823,7162,469
"COG3268",3050,3239,1893,3009,1786,3763,1829,1298,2689,1009,2681,2394,1517,1937,1835,2531,2031,2170,1398,2685,2235,2918,1576,2612,2339,719,2072,1528,2870,2954,1557,2044,2043,1452,2725,1247,1631,2017,1357,1815,2348,2078,1422,2421,2979,2510,904,370,1606,2147,3077,2742,3561,1741,1362,2264,1555,2100,3155,2934,855,3188,2826,2741,2436,3442,3779,2455,2259,1169,1164,1211,1994,578,1753,1866,1735,1971,2250,2656,2118,1330,1487,3651,3516,3508,1849,1531,1334,2351,3311,1179,3370,5032,1547,955,1914,1924,1320,2411
"COG3269",9,11,47,0,3,0,18,0,11,37,7,1,149,58,10,24,104,26,13,0,15,0,4,16,0,3,28,6,0,1,20,3,5,6,29,7,2,82,2,50,10,110,2,5,14,51,45,0,5,2,55,2,4,118,7,7,149,96,3,7,18,0,12,12,9,31,10,25,33,8,13,1,3,3,74,2,12,47,3,7,0,3,4,0,4,45,0,22,113,45,41,60,13,0,0,4,14,45,3,5
"COG3270",11,1,2,2,196,0,1,0,2,45,0,1,2,0,3,1,0,8,22,3,55,1,32,9,7,30,4,0,0,1,83,7,6,243,0,4,22,0,5,1,0,81,6,0,173,0,1,13,38,3,0,4,0,1,1,38,880,1,2,0,152,0,6,1,2,0,32,6,3,0,1,4,9,4,0,0,23,0,102,78,30,4,162,1,0,2,0,2,226,9,0,90,1,11,0,28,0,4,91,5
"COG3271",12,25,4,57,62,2,4,249,8,32,7,3,4,10,5,20,5,13,190,4,8,9,69,16,155,136,41,44,12,1,44,205,9,33,2,142,186,17,3,10,2,81,56,28,602,3,29,9,19,257,8,15,1,29,18,155,145,2,2,24,249,5,19,5,2,1,12,12,17,59,18,46,10,321,3,9,9,8,474,17,37,42,29,69,4,39,38,24,83,19,0,73,4,149,31,168,7,9,114,3
"COG3272",224,78,116,185,515,62,81,335,423,123,33,36,608,415,137,349,195,129,603,127,329,29,220,75,776,364,669,308,30,68,896,825,375,333,339,471,459,247,113,137,224,392,239,51,1330,340,134,37,554,512,233,161,30,786,172,434,230,137,139,47,514,40,102,103,194,244,199,219,216,296,249,124,158,493,72,28,345,230,766,339,35,140,339,145,144,556,251,510,192,491,269,128,59,1499,515,633,71,599,256,143
"COG3273",29,0,19,10,259,0,8,0,122,327,11,6,223,106,200,145,21,2,2,119,136,0,344,20,0,4,32,344,0,0,145,2,104,231,113,288,2,214,292,22,64,214,482,7,7,112,4,0,485,162,20,29,3,132,552,6,37,9,81,3,17,0,5,2,46,53,0,142,240,0,303,482,87,13,51,5,336,37,169,41,3,416,358,4,31,162,0,193,454,138,56,280,2,0,0,3,24,171,3,45
"COG3274",0,0,0,3,1,0,1,11,0,0,0,1,0,0,0,1,0,0,1,0,0,0,0,0,0,1,2,0,5,0,48,0,0,0,0,0,0,0,0,0,0,0,1,0,2,0,1,0,0,0,2,2,0,0,0,6,1,0,1,1,27,0,0,0,0,1,4,0,1,0,0,11,0,3,1,0,20,6,0,0,1,0,0,6,0,0,0,5,0,1,5,0,0,0,0,1,0,3,141,0
"COG3275",373,273,243,1192,2013,123,64,1156,171,140,80,131,73,97,397,261,63,118,794,153,196,116,1173,260,1208,606,901,896,298,123,768,1968,79,1382,63,556,2275,129,532,83,378,589,300,371,1398,47,161,2399,268,2235,192,329,87,512,426,1929,1737,60,228,176,1795,232,278,129,104,181,1942,290,151,1649,646,1572,262,1283,198,221,1529,748,1763,507,234,734,2452,1737,48,264,2154,536,385,134,187,489,162,1131,1090,1336,91,875,3271,86
"COG3276",2080,1586,2005,1686,2858,611,1687,117,3749,3672,1652,1166,5485,3347,3908,4173,3258,1641,1172,3325,2911,1654,3771,1854,80,862,2340,4758,1052,1015,4179,1306,2504,4110,3366,5122,614,3863,5000,2411,2323,2965,5779,1169,706,4080,998,77,5663,2117,2154,1996,852,4607,5889,1137,2576,2373,2295,1525,1056,1327,2430,1713,2304,2621,1316,2983,3671,329,5794,2835,2189,1201,2355,1418,5736,2687,2843,2280,1275,4758,4608,1528,3455,3540,58,4136,5403,4128,2529,4607,1552,1494,66,850,1852,5360,500,2574
"COG3277",2,2,1,2,0,0,1,0,3,2,1,0,9,2,2,1,2,0,0,0,9,0,0,0,0,0,0,0,0,0,3,0,1,0,5,0,1,0,0,2,9,5,0,23,0,1,2,0,0,0,5,0,0,1,0,0,0,2,4,0,0,0,0,0,2,0,3,5,2,0,0,0,29,0,3,9,0,2,0,3,0,0,0,0,0,3,0,0,4,0,1,5,0,0,0,0,0,2,0,5
"COG3278",758,857,865,1222,2774,312,294,4076,658,1369,557,387,438,459,1327,294,798,774,2143,347,363,209,2080,695,5017,1204,1492,989,424,269,979,3642,312,3857,318,1553,2525,815,882,617,705,896,707,391,3307,381,482,4042,746,2656,1055,1278,306,828,685,1405,1407,498,450,545,1651,616,1239,897,395,466,123,507,314,1819,1078,1743,397,1955,729,335,789,511,2719,756,316,1527,1647,1134,1583,449,3650,654,837,538,461,1311,959,6393,4535,2373,549,1038,3180,354
"COG3279",484,487,325,1995,3833,325,132,3534,296,271,117,227,227,276,700,515,104,232,1897,277,337,251,2080,327,5186,1320,2351,1356,665,257,1350,4291,331,1869,145,1248,4742,312,744,149,776,1265,735,622,4633,82,329,4378,480,5702,401,1345,234,1299,788,2082,2745,93,381,349,3135,456,386,235,221,254,2222,559,429,3754,1210,2945,502,1599,253,307,1648,1084,3164,817,392,1291,2970,2654,95,567,5520,939,613,285,280,923,365,2693,4081,2227,189,1160,6717,223
"COG3280",6,5,0,3,67,17,1,8,14,9,2,9,0,7,16,9,1,34,62,0,0,0,7,0,76,10,82,28,0,4,26,611,0,35,2,109,50,9,10,2,15,31,149,63,332,2,91,7,20,18,41,0,14,13,86,12,39,0,0,19,40,3,4,3,0,1,11,1,7,452,193,115,1,47,1,8,22,27,14,4,0,2,108,1,0,13,158,24,37,3,2,53,2,125,250,21,11,85,13,1
"COG3281",12,6,1,47,159,20,1,24,45,4,5,10,0,6,51,16,6,40,60,7,9,11,101,0,96,30,104,35,1,8,60,612,17,163,6,64,63,14,45,11,42,33,84,28,292,5,16,14,13,172,42,47,11,33,97,181,264,3,9,15,57,17,9,6,24,1,5,5,13,408,178,117,6,53,26,21,39,97,50,51,8,92,974,43,6,18,92,37,11,12,6,34,4,77,359,552,4,169,41,21
"COG3283",26,51,57,9,1209,13,5,239,11,33,11,8,17,17,68,16,4,27,894,119,77,3,477,14,466,686,662,224,41,14,409,1755,26,690,3,186,1822,59,95,19,277,576,100,60,1311,6,60,485,106,1336,5,737,2,263,247,79,730,7,2,20,939,8,59,17,7,0,45,100,55,555,90,1140,115,777,7,3,216,45,1528,207,61,190,442,9,1,210,262,278,170,33,6,274,7,231,140,1105,44,40,2872,12
"COG3284",97,359,648,768,283,15,175,800,265,25,212,57,134,164,128,51,471,93,385,301,130,51,192,829,692,266,303,163,214,27,150,1087,84,209,158,279,1135,302,47,299,264,164,164,105,493,120,216,371,65,310,412,1320,36,397,442,290,559,816,984,301,687,1248,1540,1000,581,1307,3301,255,334,767,387,581,506,903,1644,451,142,79,1720,471,764,207,663,1707,355,320,2436,198,115,274,1345,448,1004,3348,1065,777,758,301,753,232
"COG3285",17,12,1,4,458,55,20,184,61,44,26,8,67,63,163,72,15,52,97,13,23,3,351,4,2931,52,393,166,6,11,160,1511,22,373,4,469,177,37,148,13,49,188,226,199,792,23,78,278,162,403,77,39,17,210,212,118,150,1,18,124,310,8,34,20,5,0,8,16,32,1250,645,495,4,125,12,18,84,216,92,83,6,233,993,2,5,24,3632,163,130,59,9,164,4,1483,1873,102,46,412,106,31
"COG3287",50,265,72,31,1943,23,9,475,59,173,18,22,74,60,187,79,19,78,1029,50,102,7,731,19,627,749,1135,480,84,14,832,2217,38,1639,27,476,2769,91,197,56,30,463,220,138,1977,16,101,242,185,2646,155,1096,14,537,452,251,1076,11,47,93,1040,20,66,24,27,13,43,126,180,765,243,2335,191,643,23,18,279,204,630,292,43,437,478,49,22,282,419,510,270,67,14,282,30,2232,572,742,39,322,5106,54
"COG3288",9898,9157,9257,6740,5056,11182,10228,3092,8703,7361,10596,10527,8288,8585,7501,9135,9434,10348,3085,9974,9518,9898,6443,9035,3523,3917,7444,6856,9040,10464,7132,3427,8844,3835,9470,5635,3565,8299,7136,9589,9026,8756,6690,9120,4320,9657,2606,2807,7044,5288,9518,8276,11027,7894,6531,7774,3435,9992,9042,11013,2675,9109,9052,9357,9791,9079,5947,9359,8524,2755,6509,6251,8941,1941,8322,9787,6706,9773,5210,8604,8945,6075,5727,6102,10328,10227,3348,7525,5410,8841,9044,6371,9436,4727,3103,2633,10215,8016,4021,10377
"COG3290",16,20,56,12,362,7,177,64,60,189,16,40,125,48,326,26,301,67,127,6,23,46,447,128,109,120,42,463,30,7,124,446,73,422,23,458,232,24,409,84,18,224,479,125,150,18,44,233,361,151,42,19,23,59,249,44,111,109,10,23,219,16,201,40,9,17,103,14,24,13,578,217,17,45,136,32,782,24,401,52,163,251,611,5,1,11,70,62,201,26,13,306,2,472,38,67,66,332,101,19
"COG3291",7642,6349,4335,10555,6049,2361,4429,2574,6719,8189,3080,3916,8453,5638,8859,10592,6462,5868,2670,3616,7520,2836,6864,5195,1697,2999,6770,9168,3505,3000,5054,2760,3485,8542,9567,6536,3628,7147,10497,4711,6300,5569,8970,5087,4857,4695,8968,5027,9353,4909,10263,5524,2717,7534,5453,13806,10427,6167,5901,3017,4284,5932,4187,6087,5548,6069,10878,4858,8331,2902,7972,8499,4472,5259,3970,4385,12946,7269,5414,10033,1698,6179,7221,15994,4007,4790,2041,6729,10387,5390,5937,9665,6773,949,819,5177,4144,11791,6949,5718
"COG3292",2059,2094,1755,3571,13032,753,954,6737,2734,3114,1344,1231,2979,1519,3748,3756,1557,1664,5087,3591,2709,1494,7805,1348,4298,5036,7982,5394,1527,1220,5441,11725,944,7983,3187,3327,16780,5180,4849,1445,4181,6467,3552,1791,12449,2473,927,2645,3902,19885,3176,6999,895,4852,3928,4946,11278,1371,1308,3155,8572,1442,2125,1316,1653,1994,5282,3094,3653,5921,4669,10845,2224,2889,1001,679,5330,3335,14841,3911,1084,5282,9664,5277,4104,4643,9769,3824,6528,2375,2105,5303,1569,3311,3250,5915,946,4705,24865,2099
"COG3293",145,519,62,1530,4916,305,116,1379,108,2184,85,108,174,288,606,166,27,276,900,52,304,108,1331,134,1706,840,2779,1043,365,132,1633,3290,255,527,37,2161,2544,149,473,106,295,841,874,1062,2899,40,193,2240,660,4936,291,1182,417,898,739,869,2058,87,207,362,1174,780,180,82,69,52,2784,413,420,2099,1754,10038,345,464,56,291,1170,307,2126,808,608,855,1142,1540,20,703,1887,1896,3797,257,62,2651,43,1035,2356,589,127,786,14652,85
"COG3294",0,0,0,0,2,0,0,0,0,5,0,1,0,0,0,0,0,1,38,0,0,0,2,0,0,0,0,4,0,0,1,0,0,2,0,7,0,0,4,0,0,0,1,0,0,0,0,0,8,4,2,0,0,0,0,0,2,0,0,0,0,0,0,0,0,0,0,0,0,0,0,0,0,0,0,0,9,0,0,0,0,0,1,0,0,0,0,11,0,1,0,5,0,0,0,3,0,7,1,0
"COG3295",22,69,39,5,733,11,3,690,12,26,7,4,10,18,60,19,10,15,483,11,51,0,408,11,810,487,443,296,47,14,286,1501,25,282,3,224,1715,48,75,21,15,341,121,61,1688,3,76,325,97,1506,8,122,12,232,216,82,516,4,2,30,619,47,52,9,7,2,28,57,67,503,116,602,63,163,10,6,9,75,524,134,19,241,319,9,1,137,387,146,159,61,11,92,13,774,922,414,13,61,1919,14
"COG3296",34,26,40,24,491,15,25,131,34,65,5,16,147,52,66,66,18,17,327,25,102,18,169,32,151,179,419,127,12,13,154,493,66,228,85,216,524,37,76,45,22,162,126,87,896,12,28,265,144,365,35,156,18,156,99,109,311,7,41,45,340,41,39,38,16,29,29,54,47,170,114,563,58,268,39,15,246,78,330,106,29,116,286,9,1,79,820,149,113,55,36,91,16,64,274,257,8,80,950,28
"COG3297",104,220,178,386,1065,144,136,608,136,124,81,162,176,92,219,112,73,157,675,137,119,192,550,285,396,598,732,486,338,166,658,1794,171,626,51,371,2008,148,193,136,255,519,262,293,1291,37,81,162,200,1746,106,905,131,377,409,344,850,86,54,88,825,197,268,163,62,82,526,271,112,545,262,1331,138,351,121,221,401,170,1688,275,393,402,642,332,37,330,99,315,223,138,68,307,221,242,71,676,111,121,3225,110
"COG3298",128,75,135,248,500,132,128,381,244,688,60,77,320,248,510,293,294,71,214,168,165,140,560,184,451,97,149,702,61,101,378,74,261,488,238,815,27,128,717,128,128,203,871,84,195,145,36,261,832,397,119,138,70,261,290,173,488,94,201,82,95,161,141,84,172,217,130,179,157,51,697,389,156,61,207,103,1311,129,451,146,84,597,565,214,55,149,413,386,821,329,160,657,100,1001,527,84,101,493,62,134
"COG3299",13,1,5,75,7,2,0,103,0,9,0,1,1,0,0,0,1,0,79,0,0,23,0,0,57,76,23,3,49,0,16,80,2,66,0,0,208,12,1,1,0,72,30,2,159,0,63,108,8,3,1,32,0,0,6,9,636,2,1,0,296,3,19,1,0,0,12,0,0,179,3,10,0,335,55,6,1,0,136,1,5,12,3,74,3,1,52,12,10,5,0,4,1,132,169,36,2,3,7,0
"COG3300",103,186,112,39,3648,48,28,3983,50,169,31,34,52,108,272,143,35,80,2696,250,231,8,1160,35,5153,1657,2734,833,195,61,938,5873,66,1809,19,1179,5283,183,246,57,553,1195,489,252,5157,24,329,3171,433,4869,39,1248,23,917,790,619,1942,20,9,172,2655,25,132,55,23,9,114,271,189,2095,318,3013,337,2297,30,38,69,130,3346,606,67,586,1480,59,2,558,4315,664,451,72,18,662,18,3426,4314,2557,113,252,7259,39
"COG3301",0,2,3,0,5,0,27,0,23,115,3,0,22,22,31,55,80,0,0,30,22,5,9,11,0,1,3,10,0,0,77,0,14,7,18,4,0,3,13,9,7,17,14,0,3,21,1,0,10,2,0,0,0,27,1,0,39,21,4,0,6,0,23,0,11,2,0,4,12,0,8,1,18,2,18,0,6,38,2,0,1,11,4,0,0,4,0,39,215,11,5,95,0,0,0,0,15,50,59,43
"COG3302",278,462,355,769,20,300,285,159,339,14,145,216,313,255,146,133,373,244,10,196,281,323,8,454,172,36,194,9,417,270,107,189,367,5,279,10,22,264,23,250,256,189,6,239,23,146,52,503,7,49,309,379,223,150,27,275,7,283,444,68,15,525,313,461,301,433,815,182,192,26,16,85,224,13,541,330,25,124,13,446,607,7,29,668,133,182,41,81,22,321,450,16,487,143,237,23,263,44,24,253
"COG3303",3,1,0,0,8,7,0,168,0,96,0,0,0,0,22,0,0,5,6,1,0,0,1,2,2,2,0,1,0,1,31,0,0,43,1,3,2,0,7,2,7,0,2,0,7,0,0,152,1,2,23,1,4,1,2,111,632,1,1,0,9,2,3,11,3,0,0,4,6,16,1,1,4,2,0,0,1,0,0,2,0,16,2,0,3,0,0,2,763,4,1,331,1,16,2,223,0,1,98,0
"COG3304",286,53,203,106,17,23,42,16,40,27,17,18,34,32,38,39,153,12,24,49,71,64,24,157,28,264,23,18,43,18,94,42,22,6,79,37,66,23,14,34,42,22,25,36,8,15,29,4,27,12,10,10,15,2,6,129,4,20,28,4,14,17,36,12,20,15,7,6,4,51,24,8,24,10,54,22,14,7,4,17,30,3,10,49,4,12,10,10,21,22,8,11,18,16,1,39,9,4,14,10
"COG3305",0,0,0,2,0,0,0,0,1,0,0,0,0,0,0,0,0,0,116,1,0,0,0,0,0,40,3,0,0,0,1,77,0,0,0,1,22,1,0,0,0,0,0,0,5,1,0,0,6,0,0,0,0,0,6,0,2,0,0,1,51,0,2,0,0,0,0,0,0,17,0,0,0,153,0,0,0,0,0,0,0,0,1,2,0,1,0,1,0,0,0,2,0,0,0,135,1,0,4,0
"COG3306",975,1358,2682,1357,442,630,1819,2957,562,124,1600,946,458,650,557,2358,1526,2320,21002,770,392,552,217,3018,2882,8288,573,57,743,660,352,2333,1173,232,675,92,5977,4365,48,2514,1904,761,69,1386,662,718,30673,1137,93,117,981,1815,669,373,199,675,462,2221,893,1324,11572,1472,2350,1029,1372,621,1059,1876,1963,13284,51,784,890,3461,3898,1532,147,1115,192,760,546,89,201,1212,915,1002,2480,333,34,454,679,152,1872,2540,1424,15901,2075,136,1088,1940
"COG3307",2560,945,2072,1161,1383,753,1924,3118,620,1147,583,1075,1163,1433,1003,1507,1671,1435,778,519,2241,1089,1163,1794,1652,2135,3285,978,1455,1370,1789,1550,2233,1700,990,815,1872,748,955,1196,1280,1489,778,1292,5297,513,351,1323,969,2960,1205,1662,832,2021,526,4492,1121,1223,982,792,712,964,1475,1197,1004,505,609,1267,1133,1046,698,889,2669,682,2207,1618,929,1788,2304,1589,1457,918,794,1366,293,694,941,1145,915,1095,500,798,1114,2075,2689,869,948,630,1743,1933
"COG3308",4,38,17,35,404,7,0,69,1,12,3,4,10,15,33,8,1,7,284,36,33,15,151,16,104,187,324,98,22,6,160,553,24,203,1,79,577,13,26,4,94,155,42,18,523,1,44,31,53,484,2,209,3,89,89,33,206,2,2,11,269,8,23,8,4,0,35,36,24,185,44,312,44,162,3,4,35,19,478,69,22,61,154,24,2,68,30,64,42,5,1,85,12,127,37,275,9,30,877,5
"COG3309",1,0,0,0,0,0,0,0,2,0,0,0,0,0,0,0,0,0,0,0,0,0,1,0,4,1,0,1,0,0,1,1,0,0,0,0,0,0,0,0,0,1,4,0,31,0,0,0,1,1,0,0,0,0,0,0,2,0,0,0,0,1,0,0,0,0,0,0,0,0,1,1,0,0,0,0,0,0,0,0,0,0,1,0,0,0,1,1,0,0,0,2,0,1,2,0,0,1,0,0
"COG3310",29,55,30,325,539,15,17,301,24,26,5,20,38,51,45,19,43,27,275,53,65,16,224,26,204,233,289,145,58,11,210,717,33,431,69,126,904,59,57,23,126,254,82,235,1143,7,83,94,38,860,23,346,8,150,107,91,347,12,23,20,294,48,58,16,47,55,431,48,59,244,78,473,135,51,37,101,92,32,742,131,105,123,180,321,2,63,59,116,89,27,32,122,28,310,31,181,15,26,1314,16
"COG3311",69,27,61,58,377,28,93,137,52,159,17,20,62,45,182,97,105,45,360,10,57,62,223,73,158,304,259,222,48,29,95,665,90,224,30,367,422,34,243,79,30,127,280,88,362,14,180,17,228,443,22,113,19,167,174,112,133,93,29,30,304,54,78,32,16,9,67,31,55,206,276,318,72,322,76,53,467,75,294,88,66,177,206,39,3,42,65,76,114,53,11,178,21,135,65,245,61,102,408,46
"COG3312",43,49,29,63,450,11,9,209,58,31,6,4,25,47,80,52,21,18,413,76,50,21,193,18,71,217,426,163,37,7,219,698,104,213,39,173,684,55,68,11,130,161,89,38,811,39,24,64,83,455,11,237,4,108,141,82,230,5,33,20,337,31,20,21,29,52,83,61,45,208,74,629,66,294,15,5,132,43,656,89,36,126,168,77,15,91,45,123,67,64,52,105,39,182,25,350,8,53,1148,41
"COG3313",193,236,130,173,214,252,93,112,103,5,165,141,66,97,98,86,114,138,184,123,119,173,83,212,52,119,176,98,214,219,136,295,143,117,84,82,278,88,58,105,113,149,56,155,373,111,67,35,81,224,588,570,635,319,284,355,294,311,391,584,380,486,601,656,346,473,434,326,281,433,211,501,326,361,264,387,188,315,864,451,567,214,299,709,622,480,125,205,51,376,511,119,536,543,295,439,493,186,1032,385
"COG3314",2,11,28,36,672,15,13,32,50,75,3,13,56,35,112,95,3,14,516,101,43,23,386,22,51,268,243,213,24,13,347,438,50,526,13,173,255,24,216,13,264,410,372,27,77,16,16,100,337,210,6,28,11,54,203,27,143,8,12,8,399,8,89,28,7,13,24,108,50,77,257,274,56,618,21,18,584,16,1288,122,36,216,576,35,1,91,24,205,121,24,14,252,29,330,18,521,30,428,345,8
"COG3315",416,334,127,515,306,383,161,301,387,571,183,198,338,391,518,430,172,200,216,301,424,383,622,211,380,102,345,606,235,354,345,343,532,336,403,441,95,366,813,174,350,333,699,277,169,341,46,802,462,309,393,223,276,304,403,348,765,151,524,180,170,364,84,193,369,523,763,424,522,56,359,421,412,212,195,164,477,308,678,319,233,736,505,588,263,402,336,392,980,416,528,566,304,1107,313,235,86,566,121,396
"COG3316",80,41,28,1356,568,43,34,2319,70,936,26,28,56,96,323,168,47,32,118,19,63,146,379,79,1410,64,254,326,359,33,163,1392,574,764,37,710,363,61,270,53,46,149,477,127,1575,20,64,1847,409,685,46,458,42,179,73,110,1987,64,86,136,99,185,27,42,30,47,1570,135,77,490,319,351,67,103,33,36,919,137,634,139,438,265,443,1250,15,83,1084,110,868,90,47,1002,33,2824,2635,44,68,206,180,74
"COG3317",1105,1429,904,1587,1375,1978,894,643,802,501,1290,1078,538,608,1109,641,854,899,904,1021,850,1472,1246,1308,295,586,1022,839,1463,1544,811,1494,1130,769,721,755,1286,583,961,751,982,830,810,1149,1679,764,393,151,842,1445,1190,1296,1620,607,852,791,628,724,990,1141,695,1438,1155,1378,922,1362,1675,870,656,562,568,1122,809,647,623,857,943,652,1660,1087,1317,1122,806,1678,1055,1021,111,603,296,777,1278,408,1354,585,107,770,1045,472,2000,891
"COG3318",190,84,55,113,628,33,158,105,259,1066,147,51,551,234,401,646,131,148,322,684,436,296,682,45,222,134,515,769,43,49,716,388,124,652,407,768,246,361,509,186,197,677,767,70,468,502,81,91,1048,441,149,76,56,459,573,209,1243,204,413,243,194,65,167,110,205,318,29,476,507,135,922,538,167,300,71,46,780,467,699,181,28,518,733,76,295,1017,92,379,1473,438,367,1288,124,689,145,218,73,581,194,515
"COG3319",277,95,6,243,786,271,19,1376,31,56,7,124,67,60,103,29,2,175,223,10,32,1,148,5,168,63,69,58,45,33,178,1200,22,704,27,154,154,17,32,8,29,42,81,79,113,3,16,2118,106,2336,179,23,46,461,20,949,146,18,47,37,277,100,55,34,16,10,22,81,92,96,153,113,113,19,11,46,245,61,168,111,9,115,83,256,5,6,187,44,53,98,10,41,66,219,88,214,25,97,660,28
"COG3320",95,33,35,83,158,12,27,469,68,35,20,24,113,90,62,80,80,30,80,10,70,9,113,44,429,59,133,95,13,15,84,374,21,179,106,258,109,141,75,47,66,84,150,33,465,13,40,15,110,306,110,117,44,275,79,775,366,55,149,56,287,130,154,75,237,239,59,126,359,279,240,333,527,80,311,114,455,151,366,178,42,231,363,117,29,55,934,229,209,157,266,332,81,2678,792,172,69,267,361,92
"COG3321",1942,1734,1361,1456,4260,482,1245,10052,2122,1861,360,721,2467,1794,2595,2014,2390,1455,743,454,1456,539,2334,1442,5788,1070,1709,2374,527,581,1716,1586,1090,2886,1607,2950,1028,1605,2497,1066,1475,1634,2589,2214,476,677,324,12736,2351,8130,2983,1284,421,2719,1414,2727,680,1366,1005,262,1126,2088,887,1608,1272,971,3105,1033,1932,355,3036,1515,1616,283,1363,1332,4966,1700,1893,2669,1186,1774,2238,1180,850,736,3950,1578,2050,1966,954,1949,1407,2939,8938,714,595,2844,1994,1370
"COG3322",19,54,4,0,287,8,0,1126,8,35,11,6,4,7,18,5,0,21,444,3,33,0,91,1,1079,170,113,57,10,9,82,926,7,255,0,171,300,25,3,4,3,173,58,30,240,11,22,785,40,144,15,13,9,48,159,82,146,0,2,11,243,1,24,15,2,0,32,30,41,158,10,80,12,564,3,3,23,7,69,39,12,33,165,6,0,52,809,63,21,9,1,43,1,623,1731,399,19,18,518,1
"COG3323",552,818,315,1120,268,406,217,369,475,179,272,421,158,324,520,446,322,427,413,421,424,597,434,339,200,146,396,153,839,487,192,349,256,297,583,182,165,256,300,282,597,266,192,552,142,291,290,596,195,241,991,361,390,262,174,1114,175,449,692,257,216,598,552,742,546,620,1453,373,380,253,161,242,369,347,189,422,405,449,196,838,239,403,302,1572,1004,204,144,162,34,307,476,154,828,520,137,318,227,247,97,367
"COG3324",44,76,24,40,999,71,51,271,24,130,16,41,92,55,117,49,102,86,541,24,59,24,316,48,621,309,469,281,146,36,280,1064,48,626,10,438,773,44,127,53,98,339,216,117,1144,13,56,220,295,887,97,331,38,199,239,284,500,33,11,58,594,28,75,28,13,0,116,75,57,663,268,1007,51,384,69,18,322,112,715,168,142,212,652,43,21,108,701,192,270,39,9,224,18,1220,483,680,52,216,1727,22
"COG3325",282,174,217,180,147,57,84,4,191,201,102,92,81,138,198,291,116,91,123,151,163,121,154,179,38,147,100,135,122,77,178,51,75,283,226,77,75,268,177,99,168,178,175,66,50,177,23,20,211,49,629,482,181,344,298,711,918,327,797,419,944,275,380,500,493,541,403,438,499,147,419,445,367,159,657,198,1395,287,392,787,561,456,1000,513,617,424,86,325,818,404,522,536,660,23,45,965,167,454,415,406
"COG3326",13,16,14,6,525,8,5,290,1,21,11,3,3,29,57,19,2,9,443,12,35,1,180,5,209,219,315,142,19,7,147,814,4,288,6,214,883,20,42,16,9,121,119,62,780,3,30,97,65,713,1,78,3,142,125,75,285,0,2,53,376,4,14,8,5,2,8,29,20,320,49,184,23,334,12,16,24,32,192,72,12,111,204,11,0,61,681,53,67,33,2,49,1,298,295,411,7,33,939,9
"COG3327",24,64,20,151,168,20,18,238,61,135,14,7,88,38,108,22,13,14,18,11,54,14,145,17,220,18,49,124,17,21,71,449,42,73,44,261,102,65,158,24,52,49,158,29,19,11,4,752,181,325,35,47,8,78,33,59,43,6,71,8,60,27,29,31,21,78,291,33,71,248,152,144,46,26,43,17,127,25,110,44,6,173,215,143,24,36,118,154,47,71,53,252,40,946,62,35,15,148,25,33
"COG3328",279,446,235,2102,4456,315,83,2971,191,5527,86,267,817,639,1366,466,86,413,2208,106,253,74,1416,439,4761,1109,2134,1542,459,160,1363,6141,141,1810,91,3939,3355,433,832,292,280,1028,1410,1102,4621,51,292,2385,868,6497,509,542,120,1612,741,2016,6588,80,256,750,1722,218,566,132,76,72,1281,371,358,4374,2749,1552,303,1435,107,412,3431,439,2471,638,158,1089,2993,2109,54,348,17985,1089,15556,565,71,8178,74,8405,7883,1729,310,1380,4232,134
"COG3329",1178,1105,1222,421,259,777,2575,1450,932,116,1032,1993,865,1292,364,858,939,2222,700,960,1950,1213,54,405,186,423,2158,57,645,1494,774,521,2080,305,560,205,290,1217,22,1806,1246,674,169,1448,840,1112,406,184,178,142,1563,1287,934,1159,236,2382,214,1575,938,1026,335,842,1438,1349,1375,521,23,611,865,520,61,450,1935,310,1562,1738,257,1425,128,947,520,9,138,396,1026,336,174,724,28,1104,568,31,925,326,165,486,1988,212,72,1168
"COG3330",1262,795,1117,108,17,463,2397,1,206,218,496,1508,278,956,245,684,689,1537,26,258,2118,937,17,486,0,617,2075,9,522,1022,61,8,2063,7,277,0,21,891,2,1461,1082,520,9,1172,8,118,88,3,22,27,1102,1023,626,901,52,2979,5,1371,683,578,13,763,997,988,962,103,3,463,586,257,10,353,2194,1,1645,1458,0,1413,7,890,607,6,2,68,2,155,0,1,12,169,149,5,671,0,2,61,1251,2,4,1288
"COG3331",2,2,0,0,5,0,2,189,1,1,3,0,3,3,3,3,0,1,484,5,7,1,0,0,64,565,6,1,0,0,0,292,11,1,5,8,320,19,8,1,3,8,8,0,65,0,269,20,7,1,0,3,0,2,2,2,31,0,0,0,109,0,2,0,1,1,0,4,1,6,1,2,4,113,1,0,6,1,0,0,0,1,1,0,0,0,10,1,1,2,0,2,0,3,7,156,0,0,2,0
"COG3332",488,378,312,330,889,1170,448,664,540,1085,577,603,670,545,536,286,430,481,711,327,355,720,722,532,470,419,850,530,590,804,649,1239,857,406,406,627,1107,369,542,448,492,704,382,619,1261,412,233,545,461,1229,347,619,1024,698,348,392,865,401,349,763,505,719,509,359,406,474,518,573,367,462,342,784,374,478,214,405,398,423,1266,367,508,546,506,327,317,548,484,628,630,685,498,825,383,1115,376,483,546,332,1486,379
"COG3333",4980,6793,8742,9729,5661,9626,6362,7128,6617,5447,8383,7891,5996,6159,6340,3734,7534,5422,7053,5172,3982,9624,6756,10494,3599,5059,2171,8052,10573,7501,3401,4923,6904,3778,5524,7598,2624,5262,7056,6713,5932,4579,8289,8032,1587,5768,4440,15131,7555,4423,4521,8243,8983,4755,7363,2270,3109,6809,5559,6554,4110,8679,7373,6434,6289,6261,7007,4765,5077,8113,8816,4894,4134,3697,8431,8171,8097,4415,5112,5338,12866,6773,7737,7580,4954,3654,3142,3971,5819,4967,6073,6421,7431,6813,4115,9403,7752,4856,764,4921
"COG3334",62,14,13,17,94,31,56,508,31,17,4,26,97,65,13,56,38,29,15,11,61,50,9,7,259,23,75,55,60,31,85,43,131,161,40,83,13,28,9,31,44,80,18,45,377,20,5,1179,42,66,27,24,30,95,8,71,44,38,17,7,21,25,18,8,17,17,1,37,26,47,39,38,55,13,30,35,39,45,37,41,32,17,34,14,6,23,237,60,41,87,27,27,7,738,275,12,57,31,15,46
"COG3335",195,394,111,2534,2852,103,145,3066,95,3548,75,168,294,379,642,241,102,345,723,42,206,147,799,307,2222,1064,1418,1490,234,109,931,2600,200,918,142,3159,1711,173,401,124,280,981,1252,510,2391,30,156,2036,1221,3435,413,547,117,712,537,859,2648,106,287,158,1454,760,370,70,146,162,4769,333,376,1232,1939,4448,302,242,130,284,3287,215,1855,430,339,570,968,2352,45,497,1015,1124,8049,427,202,5610,67,5076,2354,754,102,750,6801,125
"COG3336",628,498,628,356,526,316,534,165,662,375,745,438,1007,583,445,640,743,733,378,659,261,491,526,500,811,438,289,642,343,353,879,405,558,273,485,1112,555,890,508,699,699,971,805,743,70,1061,364,14,826,446,629,847,340,894,791,210,86,674,481,748,456,383,992,635,529,463,17,877,993,916,1019,824,238,279,798,398,550,692,370,239,246,425,768,402,1515,933,4048,864,515,799,483,502,478,66,1151,275,972,880,287,614
"COG3338",72,69,52,106,166,50,31,72,30,86,41,51,69,39,48,37,23,38,66,19,31,29,52,43,224,62,52,24,78,52,100,31,51,747,47,49,47,28,47,50,25,73,33,68,70,21,16,122,18,49,109,31,45,37,42,158,95,29,34,38,46,87,38,66,21,10,46,45,21,139,23,38,51,82,67,98,28,27,43,36,69,71,25,117,16,27,126,78,45,88,21,50,37,64,72,214,62,16,35,42
"COG3339",423,258,397,20,153,215,993,902,110,98,227,735,154,307,134,266,297,646,182,259,547,267,182,159,394,256,933,80,186,481,200,321,550,87,103,203,154,238,74,505,289,267,113,497,171,98,60,256,108,189,408,251,332,388,120,986,127,495,229,358,167,260,374,271,355,58,8,204,233,191,100,214,589,91,463,683,81,517,97,286,198,70,155,34,75,113,218,110,75,131,69,94,184,289,456,94,571,114,83,397
"COG3340",1455,1873,1267,1809,739,2196,2117,29,1557,348,1723,2180,1188,1479,1006,2039,1213,1949,415,2012,2589,1710,615,940,27,327,2480,663,1328,2176,942,612,2005,567,1644,445,827,1309,594,1513,1746,1439,579,1666,612,1593,300,53,661,986,1862,1405,2166,1621,552,1937,613,1553,2113,1927,374,2061,1387,1748,1886,1916,1661,1476,1682,463,481,1252,2235,125,1116,1858,893,1824,780,1965,833,648,626,1852,1078,1656,35,918,332,1112,1936,427,1800,72,35,416,1791,905,1562,1902
"COG3341",16,28,9,191,19,20,9,9,24,12,7,15,22,12,26,26,9,22,6,9,23,20,25,19,8,10,22,13,41,26,17,8,4,16,35,8,5,7,11,12,42,22,12,22,0,6,3,61,15,26,158,50,60,29,14,225,97,76,160,26,47,160,93,99,96,115,546,61,76,16,27,42,58,20,38,99,175,111,25,218,11,69,211,730,63,41,39,53,16,38,121,19,107,46,19,55,30,86,15,36
"COG3342",989,425,1019,609,1214,412,3004,821,774,1825,492,811,1831,1026,1357,873,1431,361,123,490,736,371,1807,1289,124,483,737,2274,504,392,1031,434,396,998,955,1700,117,904,2110,554,478,922,2117,661,158,724,287,2246,2650,1139,605,601,452,1291,1503,1146,1295,617,544,437,196,433,1033,452,527,565,928,721,786,140,2254,1369,398,201,1472,1102,2097,722,1029,535,571,1687,1981,648,334,1096,122,1504,2568,1225,614,2261,548,249,337,172,390,1773,168,510
"COG3344",489,764,746,610,13426,334,336,3404,206,2150,185,258,618,502,1148,485,280,805,6087,556,829,138,5164,333,3944,6229,7612,1542,642,282,4863,15809,455,3774,242,4027,16297,743,1284,686,1670,2669,1679,1186,12734,145,1105,2332,1075,14508,824,5208,188,2762,3250,2973,8243,202,284,575,5943,401,500,206,221,81,730,1002,782,7368,2841,16842,963,2894,260,426,1570,766,9079,2210,725,2193,3123,533,104,2256,2117,3347,3880,688,160,3811,131,4611,4789,4223,400,1053,28840,204
"COG3345",144,110,311,1887,755,14,114,92,219,669,13,76,282,261,204,114,44,58,341,168,106,56,521,371,68,357,636,512,124,27,579,1324,91,525,68,291,1750,70,158,108,423,498,273,364,1277,4,41,158,177,1091,159,720,33,434,147,699,594,89,283,24,382,235,201,87,99,470,2335,121,86,230,303,665,157,101,351,147,1126,174,1540,224,186,318,337,1626,29,151,46,265,168,225,441,510,166,1808,74,559,97,226,2114,49
"COG3346",3007,3802,3473,3506,1286,4512,2379,1084,2445,507,3951,3305,2032,2014,1687,1175,3383,3154,1396,2732,1808,2979,1156,4188,1055,1163,1482,939,3813,3789,1132,1769,2339,920,2155,912,1684,2428,888,3193,2376,1752,989,2993,1444,2561,1217,1169,871,1492,3228,2131,3966,1546,1659,1439,605,3222,2609,4088,755,3810,3660,3702,2506,3672,4023,2123,1490,962,699,1982,1886,513,2781,3016,870,1413,1150,2507,4305,1102,931,3319,4342,2356,1292,882,591,2410,3306,638,3797,2330,957,895,3940,833,1982,1997
"COG3347",1758,2851,3064,2209,3427,2551,2254,1197,3135,5067,3117,2094,3253,3135,3508,3296,2661,1840,1534,3266,2456,2303,3810,3438,1027,1358,1917,4481,1992,2132,4056,707,2736,2521,2855,4054,1841,3078,4591,2632,2605,3129,4275,2455,466,3083,11775,630,4329,2933,1838,2319,2523,2972,3321,1329,1171,2454,2983,2735,2544,3060,2356,2925,2914,2767,1867,3650,3450,966,4685,4439,2392,941,4116,2806,4163,2899,3581,2415,2410,3842,4023,1913,1300,2902,3533,4690,3211,2651,2762,3644,2967,166,1151,908,2612,3856,3382,2957
"COG3349",4960,2324,4697,831,171,1741,8188,355,1058,507,1721,5649,1818,2999,870,2074,2996,5347,200,1264,6412,3058,125,2159,30,3080,5811,161,1831,3623,677,65,5604,403,2001,91,147,2641,90,5205,3316,1987,143,4689,92,784,422,50,344,168,3360,3387,2326,3545,189,9299,286,4537,2586,2227,444,2412,3618,3128,3464,682,261,1641,1972,900,182,1042,7142,74,6294,5375,273,4594,185,2832,2143,80,498,585,106,733,7,414,167,1073,906,125,2144,24,3,327,4209,419,171,3577
"COG3350",5,1,3,3,25,0,16,481,9,66,2,6,69,4,23,4,8,0,2,1,1,1,13,8,125,10,9,12,0,1,13,16,1,19,2,60,6,2,31,7,2,4,29,8,5,2,0,14,10,6,1,0,0,8,32,10,13,5,0,5,7,0,8,2,1,0,0,1,1,13,16,21,0,5,4,0,1,3,17,6,1,11,19,3,2,2,87,28,39,36,0,44,0,12,54,4,19,23,3,2
"COG3354",6,0,0,0,0,0,0,0,3,1,3,0,16,1,2,0,0,4,1,0,1,0,0,1,0,0,1,0,1,0,10,0,2,0,0,0,0,9,0,0,4,0,0,0,0,1,0,0,0,0,19,3,0,7,0,9,0,0,0,3,1,0,0,6,4,0,0,0,0,0,0,0,0,2,0,3,0,14,1,19,0,0,0,0,2,0,0,25,0,0,0,0,3,0,0,1,0,3,2,0
"COG3356",74,24,22,111,1233,5,52,0,741,307,30,56,570,790,1679,425,135,52,13,833,436,3,1850,12,0,109,45,2276,13,23,1492,715,243,4441,514,3335,31,150,2572,77,146,146,3657,23,86,1174,29,0,1188,370,126,35,20,463,6375,45,232,33,245,31,128,0,39,3,142,224,0,80,280,3,3370,391,492,180,38,14,1551,169,1772,89,5,4054,3163,77,44,103,0,1891,806,1412,277,1327,5,14,0,10,140,2054,40,160
"COG3357",0,0,3,3,0,0,0,0,0,50,0,0,0,0,2,0,4,3,0,0,0,1,0,0,0,0,0,0,0,0,0,0,3,0,0,0,0,6,0,1,0,0,0,0,6,0,7,0,0,0,12,0,0,0,0,0,18,0,0,0,0,0,0,0,0,0,0,0,0,0,0,0,0,0,6,0,0,0,0,0,2,0,0,0,0,0,0,0,33,0,0,13,0,0,0,0,0,0,0,0
"COG3358",248,347,69,608,195,157,67,135,191,310,112,147,125,134,347,206,158,197,78,462,253,145,333,97,188,25,118,355,186,221,177,65,55,198,237,322,23,177,363,91,193,105,327,233,39,196,49,643,456,201,497,45,152,196,301,349,384,227,194,252,98,148,258,238,187,217,784,189,130,278,452,280,144,68,101,155,457,239,177,315,65,319,445,850,1127,173,1082,319,386,237,219,286,210,52,335,48,74,321,40,130
"COG3359",62,23,35,1,60,18,58,9,31,82,24,77,111,73,32,26,27,99,35,10,12,39,15,69,15,20,48,46,26,67,36,108,34,16,8,63,1,8,35,51,25,33,53,32,263,24,12,3,81,57,77,17,50,98,26,122,963,42,18,71,12,38,17,20,12,15,10,21,10,25,58,48,6,1,51,14,124,25,28,33,50,15,31,0,98,9,16,57,638,98,24,119,67,1,58,274,39,30,15,29
"COG3360",4,0,1,0,54,0,6,31,1,289,2,2,2,3,123,2,0,3,62,4,5,0,149,3,45,24,32,5,1,1,12,99,1,23,2,46,38,1,116,1,4,9,19,6,71,0,6,15,15,38,12,4,3,47,40,45,324,3,1,18,122,4,15,10,2,0,1,3,5,66,37,32,9,183,6,6,43,11,101,35,1,191,80,0,4,10,94,7,144,4,0,434,1,237,181,161,12,28,28,2
"COG3361",356,275,369,262,107,125,223,19,525,43,140,184,363,382,240,674,308,187,84,249,552,59,99,286,105,43,320,125,112,191,240,46,151,41,388,173,28,331,133,187,400,243,128,197,11,260,65,26,207,103,472,359,184,365,55,409,65,214,436,173,64,286,216,301,340,505,413,256,356,149,209,129,324,75,242,92,306,265,67,632,156,77,148,347,427,220,605,159,76,333,504,67,209,22,162,81,137,170,62,242
"COG3363",0,0,0,0,1,0,0,0,2,0,0,0,14,2,0,0,0,0,0,0,0,0,0,0,0,0,0,2,0,0,9,0,0,0,0,0,2,0,0,0,0,13,0,0,0,5,0,0,0,5,0,0,0,22,3,0,0,0,0,0,3,0,0,0,1,0,0,1,0,0,8,1,0,2,0,0,33,0,3,1,0,1,1,0,0,10,0,10,0,16,0,1,0,0,0,0,1,11,1,0
"COG3364",0,0,0,0,0,0,0,0,1,36,0,0,8,2,7,1,0,0,0,0,0,0,0,3,0,1,0,0,0,0,2,2,0,0,0,0,0,1,0,0,0,16,0,0,112,4,0,0,0,0,0,0,0,1,5,0,656,0,0,0,2,0,0,0,0,0,0,1,0,0,1,2,0,1,0,0,0,0,0,0,0,1,0,0,0,5,0,5,126,7,0,66,0,0,0,0,0,5,0,0
"COG3365",0,0,0,0,0,0,0,0,1,17,0,0,20,1,1,0,0,0,0,1,0,0,0,0,0,0,0,0,0,0,3,0,0,1,0,0,0,1,0,0,0,15,1,0,29,10,0,0,0,0,0,0,0,1,1,0,166,0,0,0,3,0,0,0,0,0,0,1,0,0,0,0,0,1,1,0,5,0,1,0,0,0,1,0,0,8,0,3,50,5,0,16,0,0,0,0,0,4,1,0
"COG3367",1677,1082,1241,1252,1403,544,943,863,1386,2381,776,697,1358,1028,1836,1551,1534,858,215,1244,1090,1130,1807,1237,879,819,972,2047,826,655,1311,320,1001,1065,1228,1771,247,938,2316,988,910,989,2325,800,149,1140,427,1391,2639,1035,1049,1020,622,1048,1092,1515,1695,1081,1319,989,324,1112,1209,1095,1021,1153,1767,1345,1401,220,2117,2045,849,100,1391,735,2794,961,1103,1029,982,1697,1719,1672,1676,1314,1029,1226,2797,1298,1129,2626,1129,1675,939,220,556,1853,1204,1159
"COG3369",0,1,1,163,87,5,8,3,58,32,1,6,48,21,27,9,4,4,11,9,71,14,45,4,45,6,3,73,17,11,62,8,24,15,31,145,4,1,44,3,7,12,67,20,6,20,3,5,138,75,6,10,4,60,26,21,21,1,83,0,4,70,2,2,16,93,119,16,2,56,77,46,36,26,1,6,234,5,70,2,63,27,54,160,4,4,168,110,87,16,78,33,1,76,57,0,3,72,7,2
"COG3371",0,0,0,0,9,0,0,0,1,8,0,0,24,0,0,0,0,0,0,1,0,0,7,0,0,0,0,25,0,0,13,0,0,14,0,19,0,0,5,0,0,22,5,0,0,0,0,0,3,2,0,0,0,6,9,0,10,0,0,0,1,0,0,0,0,0,0,0,0,0,30,1,0,3,0,0,0,0,7,0,0,0,7,0,0,7,0,47,16,9,0,17,0,0,0,0,0,54,3,0
"COG3372",20,6,2,11,233,14,33,0,74,208,6,22,76,72,320,147,8,41,1,22,17,20,352,11,0,5,45,531,15,2,85,5,58,233,36,577,1,7,520,19,16,64,539,35,5,25,0,0,468,188,43,5,16,66,325,15,41,11,14,8,10,27,11,6,25,12,1,5,105,8,606,264,24,8,5,27,976,95,354,14,128,301,377,3,0,31,0,99,206,47,12,246,4,0,0,3,4,320,16,59
"COG3375",6,3,12,8,43,5,29,0,28,107,0,2,80,53,44,0,16,7,4,6,11,1,71,5,19,7,20,89,4,0,48,137,3,23,6,107,20,24,116,13,11,28,64,33,0,27,17,1,137,103,11,8,3,58,75,13,0,1,8,6,5,12,11,6,6,4,15,8,1,100,120,69,5,6,41,5,100,17,61,6,4,68,116,11,2,11,33,116,99,45,2,92,6,72,9,3,17,124,8,3
"COG3376",1,16,1,2,5,0,0,0,10,1,2,0,1,9,8,6,5,5,2,0,4,0,21,3,6,0,4,2,0,1,0,17,1,1,8,4,1,0,1,4,9,8,1,1,4,0,3,0,4,2,14,0,0,6,0,3,3,4,7,1,29,0,6,8,6,0,5,1,8,19,33,5,21,1,4,0,9,7,2,4,3,0,34,0,0,0,10,0,2,1,2,0,4,0,2,6,9,2,0,7
"COG3377",1,0,1,66,1,8,2,0,4,2,2,2,0,4,2,4,0,2,0,0,0,1,2,5,0,0,1,0,7,14,0,0,0,3,0,0,0,0,5,1,1,2,2,16,0,0,0,0,2,1,3,0,6,2,1,1,0,2,3,7,0,16,0,0,2,0,66,0,4,0,0,1,11,0,0,4,50,2,3,0,3,0,0,40,0,0,0,0,5,0,2,6,2,0,0,0,1,1,1,0
"COG3378",1242,573,1623,7750,665,591,1564,11951,1084,1731,2202,900,1155,1023,878,4182,1074,1283,10983,1246,558,1307,661,1703,10130,16029,1383,687,1270,717,737,5042,1620,513,1918,829,13328,4967,628,1486,1341,1144,727,1737,2518,1573,16623,11497,656,371,905,1582,886,848,647,639,5102,1353,3373,2075,15792,2429,1550,937,1751,3694,4616,1663,2946,16695,607,560,1195,19309,2183,1584,1239,946,470,575,1609,446,516,5819,2027,1213,8338,905,1793,646,3202,1809,1323,152,15641,13830,1626,824,424,518
"COG3379",67,35,1,505,117,18,8,5,32,2002,0,24,174,109,253,56,7,26,24,3,10,0,165,35,16,25,116,215,2,39,114,40,18,47,25,199,5,9,246,17,24,116,129,82,94,33,4,3,294,172,28,10,21,139,95,200,491,8,9,10,28,35,21,41,7,9,725,49,13,33,202,142,11,31,12,13,433,98,130,18,1,143,162,451,3,44,109,376,1923,94,9,1336,40,129,198,46,17,225,30,19
"COG3380",936,889,1062,641,133,1229,850,439,767,12,1032,1075,601,687,325,233,1174,1081,388,654,491,865,65,1242,422,343,281,42,1271,1129,189,313,644,157,527,115,182,655,17,1060,557,423,60,931,493,716,332,440,55,117,3231,1463,3592,1442,856,1376,184,3292,1904,2975,484,3116,2894,3269,1826,3028,2796,1396,505,700,106,735,1418,477,2905,2557,233,1166,622,2223,4488,113,268,1557,3633,1481,991,296,23,2358,2765,110,2973,814,1040,1004,3575,360,153,1382
"COG3381",17,47,200,135,267,5,211,296,138,478,72,95,122,163,366,112,163,24,86,45,113,148,372,216,290,39,70,320,212,6,464,227,87,158,109,416,160,80,443,146,93,132,336,175,54,53,33,704,322,265,29,79,12,146,184,46,63,154,89,23,32,163,129,54,96,62,191,86,95,19,390,144,110,30,242,293,481,87,237,63,244,280,287,108,12,35,103,199,607,86,66,576,63,1086,355,23,173,278,129,83
"COG3382",4,0,6,0,10,0,15,1,2,22,1,3,31,6,21,3,25,5,0,0,2,3,29,10,3,1,2,17,0,0,13,6,8,7,2,14,1,3,23,14,3,5,21,7,2,1,0,3,24,15,7,11,1,17,54,3,109,40,0,12,2,23,40,3,1,3,1,7,8,10,57,23,7,7,29,16,255,22,40,1,5,80,44,1,0,7,3,76,248,29,1,138,6,22,17,7,25,92,7,7
"COG3383",3002,6069,8223,8447,4852,2942,5692,2696,7834,14750,6496,3990,8788,7683,9765,7059,8862,2940,1086,7259,5259,4887,10489,10101,2021,979,2036,10569,4902,2783,8561,1694,6584,3003,8083,7950,981,8169,11271,6148,5766,4533,9495,3987,872,8224,2329,4259,10474,5064,2746,7885,3322,6918,6880,1861,2669,5700,6921,3836,1546,6717,6421,6940,6668,8281,10265,6859,9051,428,9580,4590,5200,1767,7564,5818,9353,3364,4759,4735,5466,10102,8211,5872,2127,4201,1562,8964,11233,5760,8486,11943,7897,5698,2320,913,5797,9821,914,5068
"COG3384",671,594,652,304,2186,119,564,1893,1205,635,170,393,1911,983,1387,1841,1191,534,892,703,1576,60,1665,448,1771,560,1598,2049,187,258,1238,1909,299,2082,1437,1848,1521,1727,1972,653,1061,1123,2149,487,1872,636,371,1578,2318,2255,941,1092,238,1364,1454,740,670,734,1017,237,900,205,420,363,669,1047,375,591,1653,796,1779,1606,823,578,597,220,2433,794,2385,1339,145,1538,1941,154,271,669,1378,1263,534,888,1087,1021,323,2254,1957,899,499,2358,2046,769
"COG3385",84,450,339,140,6616,74,69,856,176,3067,51,90,227,154,1315,233,137,241,2505,630,465,48,2502,226,442,1911,3432,1825,181,152,3234,5253,156,3452,72,2620,5288,315,917,216,1592,2193,1078,363,7629,33,280,1301,888,14580,228,857,48,1744,1161,712,5240,80,36,198,2889,52,334,120,57,27,139,869,774,1776,2019,2986,887,1159,96,87,3399,432,14845,1080,253,1881,2507,124,30,979,351,1328,5069,440,66,5685,43,1106,367,1339,71,695,10618,154
"COG3386",4729,4418,3780,4253,5197,6188,3429,5280,5695,5935,3926,4334,8479,6307,4788,4329,4228,3344,1952,4126,4412,5117,4931,4456,4049,1621,3542,6391,5395,5175,6649,3117,5381,2765,4382,6575,3005,3170,5771,3941,4026,4836,4988,3702,2968,5068,1387,4364,8080,6456,3813,3970,5683,7496,3390,3846,3366,3666,5099,3543,1928,5347,3993,4552,4518,4837,4339,4843,3591,1798,6669,4967,4272,1684,4651,3803,7569,4602,3763,5240,4915,4448,4976,3846,3852,4608,3732,7355,5272,6957,4726,5584,4456,4240,4514,1974,3774,6620,3688,4010
"COG3387",104,198,245,242,948,1084,250,2066,511,477,483,769,255,396,304,198,205,458,356,291,311,1268,440,196,3406,281,372,338,1815,1105,231,1019,353,2156,174,886,264,108,279,348,643,431,477,827,776,486,514,3115,441,741,213,649,1018,535,279,406,1040,291,723,551,722,855,447,403,558,215,87,240,82,1736,828,513,207,482,208,368,374,496,372,458,469,303,1613,332,185,100,5748,314,1098,149,256,649,296,824,3309,925,290,511,163,163
"COG3388",0,0,0,0,1,0,0,0,0,3,0,0,6,2,0,0,0,0,0,0,0,0,0,0,0,0,0,0,0,0,6,0,0,2,0,5,0,0,1,0,0,20,1,0,0,0,0,0,0,0,0,0,0,2,2,0,0,0,0,0,8,0,0,0,0,0,0,2,0,0,2,0,0,0,0,0,1,0,0,0,0,0,0,0,0,4,1,3,1,4,0,1,0,0,0,0,0,2,0,0
"COG3389",505,492,468,104,143,86,296,0,808,163,92,219,803,532,585,1129,619,377,146,308,892,8,241,366,0,57,437,343,34,187,442,10,121,83,901,150,17,717,456,313,731,455,332,214,52,395,147,0,455,124,895,580,114,558,261,266,304,516,620,124,57,217,158,407,698,602,205,254,829,124,239,147,402,35,284,111,341,381,126,1145,4,243,266,29,312,289,0,469,195,499,602,143,302,0,0,148,270,1113,158,406
"COG3390",285,247,385,83,104,44,205,0,613,168,69,182,787,389,361,906,499,250,89,272,666,16,216,277,0,36,377,305,27,141,326,15,94,94,679,168,13,715,337,276,396,353,314,168,97,254,371,0,380,98,516,362,112,466,208,166,478,309,459,86,37,108,127,237,417,472,154,214,656,67,243,164,351,32,240,70,322,307,116,696,8,186,215,19,168,250,0,361,230,356,500,178,164,0,0,87,281,766,96,330
"COG3391",2838,1890,1549,2874,9565,1562,1851,3231,4682,9447,1083,1671,11682,5820,7340,4168,2693,2324,1603,3437,3085,1813,8147,2060,2173,1264,3678,14074,1744,1619,14117,3080,5011,7853,3161,16512,2030,2100,12120,1789,2100,4621,11896,1701,3188,5401,715,2480,18521,10636,3361,2151,1355,10467,8699,3220,5767,1855,2843,1623,1877,2477,1966,1750,2195,2720,2285,4031,2638,1250,15429,8845,2242,2156,1745,1400,14633,4150,9884,2542,1730,9718,10207,3645,2995,5719,1828,15336,13430,9257,2859,11426,2193,3867,2129,2184,1296,14765,3933,2961
"COG3392",83,51,135,128,119,75,48,95,104,102,125,44,48,106,109,141,53,120,459,102,81,44,119,106,85,153,68,168,45,80,124,155,37,122,132,123,85,107,140,87,81,122,185,99,392,96,125,174,186,102,189,268,244,309,659,216,2797,177,501,390,408,387,359,266,308,526,91,322,300,426,418,475,185,1072,232,276,498,327,292,279,135,527,623,279,275,259,219,286,347,217,514,219,363,118,234,523,211,263,58,215
"COG3393",22,5,27,16,68,53,46,189,13,66,3,52,33,27,19,2,18,29,4,0,4,7,21,46,9,8,12,45,41,29,33,19,26,35,3,55,1,6,56,5,3,12,38,16,47,5,13,4,56,29,42,22,36,29,17,45,10,12,2,9,4,57,51,22,5,0,24,9,2,26,38,27,0,6,15,7,155,22,27,5,18,12,43,16,63,1,44,44,19,30,1,51,6,25,20,3,21,52,2,8
"COG3394",204,513,212,524,346,361,222,84,344,805,219,277,221,234,528,400,129,219,150,309,247,381,454,247,29,64,137,489,421,337,189,13,231,243,382,390,10,140,543,261,341,200,575,232,37,287,85,235,519,203,332,328,299,181,589,207,193,215,695,199,27,445,270,376,391,366,759,272,313,30,430,499,176,23,235,169,542,238,253,337,210,547,390,1060,263,232,30,260,571,270,398,597,400,65,35,68,169,207,43,319
"COG3395",1526,1163,1888,922,220,1305,3459,476,613,377,961,2739,983,1615,438,859,1123,2377,276,570,2829,1592,145,853,485,708,2734,259,1123,2271,625,313,2931,68,466,414,145,1186,171,2372,1645,930,211,2637,182,271,276,1296,369,302,1486,1225,1473,1835,97,3396,117,2100,1117,1267,163,1557,1602,1469,1588,266,1329,692,740,573,324,555,3066,319,2550,2982,298,1879,157,1479,1400,58,132,837,73,351,1741,494,205,485,308,220,1148,514,845,256,2343,394,184,1566
"COG3396",1161,1076,1078,1793,2121,660,1120,1106,1644,1543,441,873,2453,1530,1964,2015,1431,931,299,605,1652,627,2190,1004,722,349,1326,3275,932,738,1316,1398,1205,1117,1774,2846,1031,1875,2785,894,1377,1200,3117,1180,801,761,473,1875,3706,2529,1283,1385,750,1771,2029,1343,416,1021,1325,336,335,890,851,1182,1039,1531,2698,1020,1749,799,2855,2142,1148,254,1196,914,3403,1144,1690,1683,637,2208,2428,2092,521,894,789,1685,1488,1616,1525,1805,1067,2517,464,281,1011,2312,1087,979
"COG3397",14,15,5,143,176,6,26,1,56,23,7,31,86,61,42,94,22,31,108,53,83,16,54,11,14,96,82,49,15,19,259,28,27,288,23,32,64,57,51,76,22,260,52,12,117,84,12,1,126,26,27,51,18,67,8,21,718,41,31,45,384,88,19,17,16,19,175,61,52,41,34,54,31,50,9,3,85,63,131,70,39,27,262,89,28,164,3,52,83,63,21,38,23,51,1,317,30,49,244,52
"COG3398",195,158,206,40,65,38,90,0,426,96,27,33,475,351,233,356,339,118,41,229,351,3,197,163,0,47,164,284,10,78,497,4,103,89,510,196,7,195,278,147,264,141,169,34,11,337,69,0,321,73,872,624,83,758,328,276,170,586,674,47,146,291,186,429,719,795,515,240,860,86,864,193,644,113,332,129,836,347,233,1087,9,491,690,102,382,299,0,1331,269,1682,687,312,328,1,0,150,278,1901,111,289
"COG3399",6,0,0,0,6,0,1,0,1,2,1,0,0,1,9,3,1,0,53,1,0,0,6,0,1,9,115,3,0,0,14,129,0,12,0,2,58,3,1,0,1,4,3,0,129,0,4,2,0,3,0,0,0,0,40,7,25,0,0,0,30,0,0,0,0,0,0,0,0,33,0,25,0,22,0,0,0,0,0,0,0,0,1,0,0,15,0,1,0,3,0,2,0,8,0,22,2,3,19,1
"COG3400",608,635,865,494,4,199,352,0,564,6,898,427,275,351,215,559,923,668,427,679,103,573,8,638,0,442,42,3,321,297,102,18,391,25,585,1,225,892,7,829,628,425,3,185,2,851,490,0,1,2,577,526,293,83,134,54,6,740,525,667,305,309,1277,872,581,476,0,717,1037,31,4,9,193,175,773,426,0,537,3,187,145,8,4,592,1582,454,0,199,1,386,388,4,740,0,1,229,846,85,31,589
"COG3401",12,82,21,0,669,12,17,1,47,213,13,27,280,81,64,162,34,38,16,47,84,66,125,14,0,82,912,131,28,18,352,214,18,69,112,66,177,155,103,46,56,215,86,72,73,84,6,0,114,156,21,82,30,213,209,126,172,40,44,29,281,132,23,2,48,20,3,211,143,81,66,2843,47,53,10,6,158,96,223,128,2,103,82,0,12,449,0,637,117,140,10,197,20,0,1,87,48,79,4133,42
"COG3402",9,2,1,13,56,28,17,65,12,3,2,8,12,16,9,13,2,9,49,2,4,8,27,1,646,14,29,12,11,2,12,116,12,39,1,116,44,6,11,8,10,21,33,58,115,3,3,23,34,50,30,10,14,52,16,42,22,1,2,19,33,21,5,7,0,0,12,2,5,230,65,44,0,27,3,9,55,18,12,17,18,26,57,16,3,2,1152,21,14,7,2,22,3,430,413,19,13,42,10,5
"COG3403",6,12,22,1,342,18,6,640,11,11,0,5,17,13,55,20,7,7,122,51,17,1,224,7,913,129,206,124,25,4,94,470,13,169,4,136,635,20,59,8,89,100,42,26,534,2,25,636,27,746,8,154,6,129,53,41,151,5,5,14,237,4,12,5,3,0,4,36,21,259,130,130,39,45,6,5,13,54,533,50,7,121,168,3,0,37,974,35,83,13,5,106,0,206,1008,100,8,61,549,9
"COG3404",904,938,600,1055,605,380,555,5,1312,1929,405,550,1231,839,1350,2050,916,705,122,1620,1470,464,1028,577,5,72,1060,1156,378,605,893,136,434,767,1538,779,46,1466,1631,677,1051,1074,1460,745,130,1195,237,5,1755,436,1361,552,398,1184,878,1137,1920,966,1005,761,89,492,735,725,991,1259,800,1165,1424,95,1201,913,872,227,566,517,1236,1101,532,1390,113,1151,1016,1525,1662,1605,2,932,3071,1047,1233,2496,870,12,0,151,470,1468,102,1091
"COG3405",6,29,35,113,595,4,2,86,7,19,0,3,15,37,41,13,4,17,314,80,42,2,271,12,359,189,220,190,28,11,137,1020,9,423,2,93,1066,45,38,31,186,169,58,42,868,0,81,5,64,1094,1,514,0,165,108,29,321,0,1,12,338,5,43,5,4,0,23,53,40,364,78,100,86,60,7,6,48,42,316,122,5,132,297,80,0,70,148,22,105,8,3,140,2,1256,398,345,6,45,1004,12
"COG3407",437,1014,386,1371,355,618,271,56,716,334,322,571,361,499,561,695,347,493,162,437,470,930,423,487,26,84,337,322,1153,646,349,143,403,1132,753,259,36,331,327,419,674,457,325,523,112,493,266,243,312,192,811,487,635,341,201,662,253,449,1151,271,149,923,646,894,662,857,1807,530,526,81,323,320,364,26,396,526,691,474,107,926,558,385,572,2409,536,504,62,351,217,417,887,204,1027,114,81,169,259,598,72,507
"COG3408",280,41,85,136,606,98,177,430,198,318,137,98,321,268,281,159,138,149,200,33,111,74,336,84,791,34,341,906,46,105,373,222,82,782,84,917,53,71,351,187,129,228,1006,246,33,49,16,1237,1182,501,69,20,52,143,132,191,36,45,17,68,24,4,85,34,42,13,12,50,21,288,335,178,34,56,59,32,342,72,128,63,21,136,321,46,5,9,877,123,65,101,25,119,14,26,251,11,51,252,52,38
"COG3409",1962,1926,2699,1315,481,411,1269,1917,1907,336,2479,1060,1088,1503,841,1452,2727,2188,4022,1562,500,1519,495,2006,3114,3758,444,445,814,659,471,1775,1572,441,1450,678,1830,3610,352,2157,1829,1563,586,923,676,2407,4267,830,511,898,1924,1737,546,607,945,347,1394,2075,1527,1699,5432,693,3378,2561,1637,1092,221,2138,2578,3667,484,656,634,4124,2762,1536,397,1217,257,749,439,557,589,1379,4980,1380,2799,603,432,1426,1122,381,1851,717,2249,3996,2399,548,343,1365
"COG3410",23,26,18,68,227,27,23,13,20,119,6,17,14,27,40,8,33,51,254,18,23,24,121,18,736,138,38,46,10,27,188,190,7,304,17,147,273,34,14,31,17,100,113,44,81,14,21,21,67,249,32,21,40,35,15,192,403,20,16,34,59,16,71,59,15,18,63,34,53,41,97,81,16,44,17,18,60,20,106,97,1,51,49,82,29,19,728,41,369,58,13,259,41,2009,774,35,36,56,161,12
"COG3411",337,84,532,237,382,226,827,127,450,659,358,652,614,438,556,360,445,453,163,371,713,428,641,298,380,304,220,674,323,182,603,211,344,242,385,530,50,418,761,622,420,210,719,482,136,369,119,129,860,328,107,271,312,711,372,395,405,677,455,448,114,370,439,230,479,338,144,270,221,274,609,418,624,245,542,617,748,249,300,163,277,622,576,188,118,268,389,477,819,313,332,490,123,94,234,244,581,737,63,127
"COG3412",2,1,4,2,1,2,24,0,0,14,2,5,17,5,6,0,37,2,13,0,1,2,4,6,1,2,3,5,1,1,12,4,6,2,1,6,0,4,7,14,0,8,10,21,7,2,3,0,6,3,2,0,6,13,0,2,1,16,0,7,4,7,15,0,1,1,0,0,2,0,3,0,0,2,14,9,15,38,2,0,28,2,0,0,0,3,0,12,20,4,2,6,0,0,1,4,9,5,8,1
"COG3413",48,106,153,15,60,22,89,0,144,25,10,28,78,82,113,488,303,81,14,55,204,1,44,118,1,10,91,111,4,54,69,5,21,47,84,58,2,313,71,97,89,75,125,32,27,43,95,0,63,13,140,78,19,55,75,26,187,115,72,15,3,0,22,76,82,64,11,67,301,41,100,39,81,9,100,10,4,24,53,181,0,28,89,3,39,52,1,59,51,62,78,26,82,0,0,19,47,23,28,36
"COG3414",0,0,1,0,3,0,0,1,0,0,0,0,1,1,0,0,0,2,0,0,0,1,0,0,45,1,4,1,0,0,82,10,0,3,0,29,2,0,0,0,0,0,8,25,3,0,0,1,2,1,2,4,0,14,0,0,1,0,0,8,6,0,0,0,0,0,0,0,1,1,3,2,0,15,0,0,3,0,2,0,0,0,1,0,0,0,306,3,0,0,1,1,0,0,95,5,0,1,74,0
"COG3415",55,104,22,391,1138,18,29,163,16,590,25,26,70,53,131,47,9,52,149,15,44,29,262,26,1275,302,821,235,57,16,464,466,56,470,30,601,328,31,69,54,33,382,150,120,185,6,30,948,252,1321,25,207,15,234,207,250,706,21,35,66,400,146,54,16,34,111,69,100,1291,181,423,3293,64,53,10,26,356,24,520,211,74,120,237,387,21,249,527,587,836,69,126,862,8,4249,1684,200,20,111,4418,24
"COG3417",68,47,13,22,276,42,24,68,58,96,7,71,82,51,43,52,15,42,48,22,65,24,73,8,232,30,90,81,41,36,135,167,14,822,33,100,46,19,57,62,37,80,66,36,554,10,6,13,135,122,84,23,36,90,18,174,100,26,28,6,124,52,67,28,21,36,14,74,32,22,56,51,64,23,18,12,197,61,356,91,55,78,144,18,17,22,217,87,44,99,45,97,24,539,223,67,13,57,76,37
"COG3418",0,0,0,1,90,0,0,24,0,6,0,2,1,0,5,8,0,3,183,2,6,0,7,0,9,40,36,7,1,3,47,221,1,34,0,53,37,9,6,1,3,3,11,3,74,1,4,3,33,19,0,0,0,8,9,3,3,0,1,3,23,1,1,0,1,0,0,1,2,8,0,3,0,76,0,1,0,0,9,8,0,0,20,1,0,0,6,3,1,0,0,5,0,18,2,56,1,4,16,0
"COG3419",3122,3245,1229,2218,4983,4244,3558,3749,1720,4278,4413,3459,2675,2465,3718,3945,3198,5298,4355,3431,2321,2518,4798,1067,1889,3585,3782,2534,1599,4514,5226,7338,2341,3821,3377,2506,7050,4435,2949,3460,2844,4610,1584,4057,10795,3425,1240,312,1664,6404,3077,4049,4525,2807,3311,2013,2884,3891,1641,8071,4941,2428,3634,4058,2246,4217,2350,4269,4951,2360,1328,4510,2295,3238,2794,2286,1500,4019,6106,2537,1963,3560,3508,1195,4652,3462,766,5451,2706,3278,3951,3489,1499,4696,1612,4071,5111,3002,9257,3980
"COG3420",34,81,20,126,206,16,33,589,79,243,17,38,129,80,222,179,105,87,71,83,112,6,177,36,203,74,177,116,15,6,122,334,25,114,46,277,129,64,359,104,45,124,366,39,142,52,36,1059,194,290,79,4,16,228,153,241,110,45,9,34,71,5,82,23,34,48,7,50,113,87,182,143,41,96,37,15,114,274,166,119,5,152,144,190,14,185,250,157,164,58,39,260,33,371,198,62,156,99,118,100
"COG3421",71,86,84,34,93,52,16,8,38,47,72,81,30,35,43,65,100,128,178,57,52,29,94,118,209,113,160,62,58,112,58,234,28,13,62,141,124,53,13,73,50,177,53,60,89,48,41,32,44,86,128,20,40,51,26,90,276,33,37,98,208,30,140,118,37,54,24,76,63,119,10,79,36,103,47,43,6,67,62,41,35,19,180,53,151,45,205,101,178,48,47,49,112,44,37,208,65,116,183,37
"COG3422",20,59,71,76,130,76,36,537,54,8,49,50,23,37,55,26,84,42,309,15,23,64,59,208,369,104,128,33,71,68,42,284,33,53,40,85,129,65,11,39,32,64,20,42,219,37,70,72,29,210,41,64,35,49,39,42,144,38,22,90,157,39,135,71,21,58,10,18,55,130,16,60,13,214,49,39,6,38,30,33,52,49,70,56,43,46,254,17,10,25,49,29,95,124,157,203,49,48,212,47
"COG3423",8,12,2,0,258,0,0,6,2,1,0,0,2,1,16,0,1,0,4,2,5,0,47,0,52,32,42,3,9,0,20,148,0,77,1,9,114,4,3,1,2,33,4,1,54,0,4,27,1,255,1,1,0,24,2,8,40,2,0,1,55,0,6,2,1,0,1,17,9,1,5,102,20,11,0,1,0,1,218,22,0,20,13,1,0,6,35,13,2,2,1,4,1,0,49,30,0,2,160,0
"COG3424",208,203,166,287,382,727,207,444,149,240,69,209,254,230,221,104,107,161,70,18,145,239,221,121,429,100,121,408,448,395,109,214,187,460,96,710,26,101,316,163,108,116,430,347,139,26,56,672,278,197,267,189,679,242,367,302,148,144,200,105,32,364,82,230,125,70,706,84,90,279,558,257,249,90,105,205,1129,166,298,222,479,248,526,245,63,41,1444,106,147,198,74,218,253,131,476,52,186,228,32,121
"COG3425",1004,1208,967,1044,1399,390,710,248,2442,1022,429,672,2836,2002,2496,2460,1527,743,175,1585,2053,622,2093,1044,131,215,1012,2587,585,532,2124,583,1223,3420,2698,3021,74,1975,2864,868,1541,1109,3511,684,131,2075,378,90,2195,867,1488,1066,551,1826,4400,713,489,961,2198,391,306,726,743,973,1516,2165,1185,1336,2146,191,3204,850,1512,223,846,597,2404,1033,1667,2204,413,3546,2960,1398,747,996,206,2468,1313,2270,2183,1488,1135,71,238,206,672,3664,266,1362
"COG3426",2,0,0,0,0,0,0,0,5,7,0,1,0,0,1,0,0,1,0,0,0,0,0,0,5,0,2,1,0,0,5,0,0,0,0,0,0,0,0,0,0,0,0,0,1,0,0,0,0,3,6,0,0,0,0,17,7,0,0,0,3,0,0,0,0,0,0,1,0,0,0,2,0,0,0,0,0,2,0,0,0,0,0,0,1,0,3,1,11,2,0,9,0,30,3,1,0,8,2,0
"COG3427",579,598,1221,663,1280,270,882,346,1176,1661,778,564,1506,1304,1221,1189,1381,475,33,911,863,681,1359,1351,433,175,550,2385,747,484,1149,225,1115,811,1187,2134,162,1323,1686,845,859,1173,1959,706,90,911,334,544,2326,1303,571,626,330,1082,1133,500,523,878,688,356,338,574,822,578,885,884,542,1197,1231,151,2390,974,849,232,1029,1082,2092,877,1170,792,930,1445,1534,541,529,918,225,1828,1565,1160,878,1600,571,1085,385,71,839,1692,85,1161
"COG3428",25,131,136,202,1367,408,111,222,75,55,77,236,79,82,184,55,39,79,418,142,102,221,640,136,2571,467,828,369,505,298,418,1558,116,819,26,516,1654,55,191,138,379,590,190,325,1419,26,70,171,176,1766,46,260,142,136,91,84,267,29,64,50,260,119,81,34,28,24,63,37,32,425,135,514,41,48,50,72,41,51,496,116,37,141,285,79,8,71,1384,103,75,32,26,108,59,531,482,123,42,72,1035,20
"COG3429",1576,875,1545,133,25,815,2767,3,308,179,679,2118,252,819,253,680,905,1958,38,442,1944,921,20,584,164,721,2558,19,623,1566,84,59,2035,8,329,102,20,676,4,1453,939,614,42,1595,13,119,117,7,28,46,1269,785,958,1122,67,3404,7,1526,881,834,11,1075,1221,1168,1297,134,3,528,745,430,64,387,2143,8,1586,2087,29,1599,14,1050,738,6,28,106,6,163,934,14,2,197,162,12,828,1,266,63,1491,20,23,1154
"COG3431",241,31,238,54,76,2,51,2,9,16,1,5,14,5,24,7,170,5,63,6,96,41,3,185,0,273,14,4,84,2,6,42,28,15,98,47,20,1,3,37,24,32,12,41,33,0,21,3,25,2,7,20,1,5,1,95,2,18,36,4,24,21,70,28,9,4,0,0,0,4,2,2,53,18,62,22,14,0,13,19,35,0,6,10,0,0,5,0,1,11,10,0,18,0,1,18,1,1,2,0
"COG3433",1,0,0,0,15,0,0,0,1,0,1,0,0,0,0,0,0,4,1,0,0,0,0,0,6,2,3,2,0,0,27,81,0,8,1,4,10,0,0,1,1,0,0,0,3,0,1,2,1,3,3,2,0,0,14,0,20,0,1,0,7,0,0,0,0,0,0,0,0,6,2,4,0,12,0,1,1,0,1,0,0,0,2,0,0,0,1,2,0,0,0,1,0,11,1,0,0,0,24,0
"COG3434",54,162,155,41,2993,34,23,876,19,85,12,20,76,26,178,61,18,53,1089,326,222,7,1239,42,969,1210,1560,649,95,34,1146,2750,68,1860,7,393,4344,137,221,58,739,1057,225,164,4030,8,188,63,210,3540,15,1402,14,549,475,353,2093,8,7,41,1891,9,167,20,20,13,101,286,179,1209,232,2653,318,257,26,16,133,144,3925,537,79,627,1200,45,1,457,300,576,517,91,22,637,18,1776,572,1565,24,107,6861,60
"COG3435",251,109,150,74,378,89,435,282,315,259,86,211,824,425,157,144,379,103,10,106,232,153,155,227,240,38,278,454,120,145,370,162,279,30,208,696,23,197,271,223,127,289,288,256,208,203,100,561,579,419,151,99,147,494,74,238,24,206,200,64,60,71,197,105,140,231,129,141,117,74,512,264,157,19,303,211,441,131,323,159,248,138,257,53,115,191,138,577,354,575,234,283,101,198,179,37,239,276,42,126
"COG3436",485,789,407,910,15382,453,199,10691,222,3955,116,246,288,561,1403,400,161,888,4429,1269,1232,77,4172,285,4269,5303,10457,3079,1000,467,7778,16727,329,6354,121,5419,10646,947,1529,470,4643,3359,1655,1505,11160,35,678,2824,1265,12574,257,2557,72,862,785,887,2714,42,39,168,2092,126,183,49,30,24,606,441,750,2133,1704,6862,508,734,79,173,678,399,4991,995,158,939,1015,281,9,801,907,1562,1940,261,51,2900,34,10059,1329,1182,110,521,14223,102
"COG3437",1284,1369,830,796,9843,631,613,4164,549,1486,507,676,844,797,1107,692,579,810,5722,1100,865,527,3813,564,3132,4215,7031,2745,1010,600,4716,10902,731,6042,386,2466,13608,1105,1028,724,2432,3578,1407,1089,13927,437,772,7333,1149,13418,1389,5294,418,2827,2154,3279,6527,449,246,816,6264,682,974,626,445,343,660,1371,1038,4796,1102,9737,1120,3194,638,567,1467,1152,13900,2124,1005,2286,3944,754,973,2109,2109,2700,2519,1282,372,2821,410,3372,2109,5644,972,998,25158,440
"COG3439",70,55,69,16,413,34,37,671,59,254,47,35,129,101,154,112,69,88,233,82,114,41,172,61,549,85,329,222,24,26,141,415,50,275,72,404,248,151,134,70,64,160,373,69,93,189,18,496,267,359,154,29,34,242,164,252,158,88,31,123,187,11,84,36,42,41,7,125,91,154,289,180,50,173,56,26,217,148,282,100,22,123,302,25,119,198,340,94,297,84,65,201,67,1183,1068,198,48,201,116,99
"COG3440",481,328,282,193,559,425,339,619,206,402,294,319,208,223,304,266,260,449,355,234,202,214,253,254,925,472,454,157,206,537,386,326,262,346,201,233,235,252,224,301,192,455,234,335,890,224,135,271,163,188,495,172,418,310,246,816,463,243,246,363,257,343,281,393,218,221,404,283,388,374,276,259,223,181,251,321,189,406,535,334,259,273,319,188,369,394,1677,348,799,327,222,445,326,305,721,448,299,183,121,422
"COG3442",28,9,31,3,11,0,18,0,48,1,20,1,114,52,10,56,72,10,3,37,32,2,8,16,116,9,27,10,3,1,48,28,16,5,49,43,5,59,0,31,45,58,47,81,2,89,20,0,7,3,20,22,0,129,17,6,0,22,13,37,17,3,38,1,33,35,0,64,42,152,12,11,26,13,35,88,12,50,0,33,5,1,10,1,237,153,740,60,0,72,17,6,0,0,215,2,17,30,8,38
"COG3443",1,4,1,1,51,2,0,119,1,1,0,2,5,1,5,3,0,1,4,1,4,0,32,0,121,4,8,12,8,0,4,29,0,7,1,15,23,0,0,0,15,28,11,1,11,0,0,52,9,30,4,9,2,9,0,9,7,0,1,2,9,0,14,8,0,0,1,5,4,12,6,11,0,7,1,0,1,3,11,8,1,1,13,1,0,0,114,1,1,1,0,5,1,471,92,7,0,4,4,0
"COG3444",3,0,0,0,4,0,1,0,0,0,0,0,0,0,1,3,0,0,1,0,0,0,3,0,0,1,0,4,0,0,1,0,2,3,0,9,0,0,10,0,0,0,4,0,0,0,0,0,11,7,1,10,0,1,6,3,0,0,0,0,0,1,0,0,0,0,0,0,0,0,11,6,0,0,0,1,5,0,4,0,0,6,5,0,0,0,0,17,1,0,0,1,0,0,0,0,0,2,4,0
"COG3447",11,74,2,1,804,36,1,90,3,23,2,0,2,5,40,8,1,23,11,2,16,0,134,0,326,89,1018,49,17,9,350,349,0,91,1,53,252,1,63,4,12,169,9,99,25,1,3,51,8,87,5,121,15,24,203,154,30,0,0,2,275,2,12,2,1,4,3,41,37,38,52,4053,10,48,0,3,2,2,276,100,0,126,42,1,0,242,90,630,5,45,2,89,2,37,179,78,4,4,5063,2
"COG3448",1805,1835,1400,1246,1390,1721,941,1162,1364,1306,2380,1256,738,1250,1182,1159,1358,1401,1085,1944,1130,1571,834,1587,450,777,1282,987,1316,1596,1034,1176,1093,718,1411,1281,996,1236,833,1368,1410,1714,895,1432,1039,1638,436,700,998,1011,1847,1110,1712,795,1167,1399,549,1479,1475,2361,892,1636,1084,1498,1550,1842,1377,1729,1507,479,1182,838,1241,688,931,1397,762,1539,775,1245,1570,766,1107,893,1826,1943,348,1195,714,1385,1750,928,1606,1086,320,675,1372,976,313,1900
"COG3449",13,15,11,29,318,29,3,377,7,19,2,1,5,5,26,9,1,30,83,67,16,0,91,1,189,97,306,41,13,9,306,272,1,263,3,91,132,10,48,4,205,110,53,41,142,0,89,922,17,60,31,46,2,36,45,42,197,1,0,20,270,2,46,1,2,2,4,50,20,223,77,562,31,29,1,2,10,41,755,63,0,56,149,40,0,82,419,122,12,25,6,156,2,99,52,93,18,49,991,6
"COG3450",381,413,315,502,238,200,598,334,172,464,159,412,208,268,237,247,191,471,395,137,462,303,138,140,214,191,810,229,173,257,178,269,303,157,170,248,144,333,144,396,242,203,218,310,210,99,54,342,299,134,488,302,214,379,172,979,396,320,305,213,207,321,247,368,300,156,927,178,184,190,192,259,486,491,385,488,409,337,141,288,162,129,184,466,47,185,195,209,519,245,174,383,309,276,261,398,363,225,139,267
"COG3451",225,188,45,139,4083,435,79,10115,278,314,153,222,149,274,638,277,50,299,1703,104,223,23,1975,29,12102,761,2493,806,386,136,1493,3445,125,4824,56,2295,1519,187,638,113,1050,846,1119,724,4764,60,404,9988,666,3321,389,948,155,1265,846,1110,2077,52,110,638,2112,142,173,105,58,7,77,300,252,4669,1658,2632,347,1866,49,130,236,907,1437,741,85,1032,2616,223,91,410,18193,661,624,258,35,1294,37,8625,13312,1591,196,1411,2840,135
"COG3452",80,100,12,2,1302,34,18,592,22,52,12,16,44,29,79,43,10,57,1052,27,128,3,438,9,1338,630,699,103,46,36,382,1672,29,1182,6,703,1039,38,78,45,80,637,267,99,544,10,75,1173,266,841,135,20,37,228,181,707,301,5,9,75,1287,15,140,49,5,5,91,56,86,300,83,1169,15,834,12,34,33,97,529,352,44,187,812,17,13,122,1144,279,222,48,6,153,17,2900,549,1383,44,161,1789,11
"COG3453",197,200,159,414,650,111,161,2711,115,44,170,126,140,151,120,112,160,139,270,101,114,155,162,188,2595,159,351,122,353,82,174,1227,147,313,97,318,259,153,59,97,100,165,134,187,688,78,70,1696,127,401,225,616,114,200,126,282,256,112,150,210,252,185,217,210,148,130,355,133,123,370,156,696,84,430,152,139,34,89,342,270,304,86,174,366,113,163,1522,198,60,163,131,93,211,3690,1832,290,162,127,767,110
"COG3454",94,38,33,267,243,80,227,1554,106,49,6,107,228,123,20,28,50,50,284,16,122,3613,31,25,579,80,156,30,3398,86,111,881,2215,64,327,98,155,34,20,94,322,90,61,145,288,9,44,2598,51,165,63,631,102,159,35,134,69,50,82,30,91,175,44,34,260,40,121,68,25,109,61,73,91,267,91,81,22,42,151,132,4446,11,85,277,8,45,375,68,25,99,50,46,15,2809,1188,189,105,81,86,46
"COG3455",40,44,10,19,358,47,19,41,16,33,12,21,47,35,23,23,19,25,612,8,45,60,61,31,124,225,249,43,42,44,210,610,99,325,10,232,249,37,12,24,8,92,95,48,1245,5,111,31,92,200,24,24,20,89,71,224,218,11,31,33,423,28,41,16,9,9,204,17,24,196,5,77,42,586,12,14,3,34,574,99,114,44,194,25,4,40,56,30,30,38,10,64,15,212,103,650,39,47,209,13
"COG3456",25,6,0,1,405,10,5,54,13,40,8,7,12,18,38,30,6,16,548,15,47,2,128,2,493,171,294,53,9,7,177,688,6,351,3,273,324,21,13,12,7,69,104,30,1212,13,41,20,118,349,9,1,5,96,100,236,116,0,13,36,367,9,23,3,1,2,137,18,27,244,52,124,10,486,5,17,8,9,223,84,6,49,212,5,1,33,426,30,36,20,3,67,7,284,270,545,18,46,223,4
"COG3457",9,7,1,102,27,7,0,282,11,66,4,2,42,14,35,17,1,10,35,3,3,5,34,3,13,8,16,44,30,5,72,38,23,15,2,66,6,6,31,3,10,5,58,4,10,7,0,194,76,56,10,12,2,20,18,25,24,0,3,10,26,54,9,3,1,8,151,10,5,22,45,28,4,62,0,0,227,35,25,3,148,32,50,132,2,0,21,35,79,11,9,179,1,48,21,13,1,64,11,6
"COG3458",68,49,74,106,405,16,123,274,206,246,15,36,746,305,207,97,242,76,52,20,89,54,197,166,189,26,112,756,21,15,611,39,153,130,66,934,11,48,385,105,82,200,491,106,9,123,10,15,1141,535,101,74,15,691,147,295,65,88,44,39,35,109,137,63,48,60,7,75,47,132,836,409,51,67,142,46,1178,135,410,96,152,214,463,109,7,181,947,745,237,302,54,356,52,2,305,232,59,675,127,92
"COG3459",22,30,23,77,74,196,19,3774,42,125,17,32,17,25,46,41,72,53,212,3,22,58,105,22,421,83,79,50,142,128,304,345,21,101,24,132,197,99,40,12,128,88,97,49,91,5,75,1111,23,210,60,38,51,67,24,53,113,41,28,17,210,103,133,37,16,12,100,8,33,880,152,191,28,328,62,95,151,36,68,33,213,17,139,78,14,54,383,83,40,34,6,166,8,1564,116,345,41,122,312,18
"COG3460",56,89,34,250,157,51,57,73,48,98,22,52,36,40,127,52,46,65,14,15,62,44,144,52,67,12,56,164,95,68,46,159,76,91,74,201,36,72,159,37,36,45,191,79,17,20,23,281,284,177,84,56,45,45,155,134,36,43,73,24,20,75,68,88,39,76,329,39,57,112,177,200,48,43,45,69,216,60,112,69,45,159,184,251,16,27,87,64,108,49,74,124,102,407,55,13,51,83,12,56
"COG3461",0,2,0,0,0,1,0,64,1,0,0,0,0,0,0,0,1,2,2,1,0,0,5,0,25,2,2,1,0,1,4,6,0,0,0,4,12,3,1,0,3,4,3,2,0,0,0,9,0,4,10,23,3,5,0,45,1,0,0,1,28,1,5,0,2,0,2,3,1,3,1,5,1,2,1,2,0,3,11,2,0,3,4,0,0,1,17,4,5,0,1,2,0,87,66,5,1,12,11,0
"COG3463",502,136,435,144,384,33,335,475,194,759,87,96,299,172,552,516,503,176,10,186,524,138,567,355,2,329,971,703,285,200,162,6,345,345,285,550,14,347,624,247,227,426,788,201,22,156,73,4,780,227,44,64,19,66,219,215,28,100,79,24,8,77,126,86,74,28,4,82,166,4,212,217,220,1,163,135,374,158,122,55,174,212,166,34,174,133,0,70,233,65,39,156,85,0,3,6,47,88,6,120
"COG3464",312,314,83,141,6241,136,68,3521,107,2371,57,335,228,265,850,316,74,246,2734,465,463,15,1697,83,6089,1023,3730,1104,150,93,1511,6078,97,14212,67,2313,3460,346,339,406,1033,744,770,372,8014,30,233,1644,746,4227,625,378,102,884,1162,1230,2750,87,55,216,1963,99,446,156,82,22,92,491,542,2569,1261,1152,594,1523,79,166,858,286,5388,956,81,894,1940,129,140,590,3071,449,2070,232,25,4259,34,14683,4895,1500,165,658,4556,74
"COG3467",48,39,68,127,818,18,81,195,411,1092,85,30,584,452,955,254,135,49,17,426,289,51,1034,140,216,73,137,1221,41,24,795,290,241,1999,337,1694,53,360,1400,121,108,116,1914,76,74,569,39,207,1022,491,86,57,41,408,2577,118,871,133,169,71,67,16,64,29,130,193,38,201,287,239,1769,647,208,93,128,57,1027,98,967,96,43,1850,1484,119,52,218,170,746,2017,666,198,1614,55,150,195,31,79,1093,85,78
"COG3468",56,83,210,209,40,21,195,499,67,18,58,137,149,64,29,77,177,148,9,32,107,52,22,147,634,22,167,19,62,33,129,143,55,41,92,123,13,72,15,107,145,107,23,177,17,26,37,706,38,75,66,106,56,141,23,120,18,132,79,64,81,53,165,82,57,27,12,149,146,96,61,147,137,19,144,108,7,79,5,102,160,15,31,143,24,35,2851,183,3,66,39,86,108,530,169,24,141,92,61,90
"COG3469",182,12,0,23,5,0,4,0,11,11,4,0,8,23,8,39,18,0,17,1,46,1,1,4,1,20,20,21,1,0,100,3,5,21,27,16,13,6,4,2,40,46,17,3,2,1,4,0,11,1,12,0,0,0,2,36,25,0,10,1,29,0,2,1,19,3,68,10,7,0,2,3,25,0,7,0,10,1,0,17,2,3,8,6,0,3,0,2,4,11,4,4,4,0,0,25,0,2,30,1
"COG3470",909,1128,150,242,78,982,69,0,514,270,195,239,176,275,441,460,128,550,124,594,532,332,103,136,6,80,422,78,211,916,283,94,170,57,419,36,59,227,87,213,434,586,120,203,105,384,66,35,124,48,1132,154,950,203,165,700,22,216,814,213,46,747,198,871,512,836,741,568,472,57,57,214,464,46,131,176,169,478,36,1002,111,93,73,404,1070,1031,3,191,113,688,889,112,1058,34,12,101,123,237,31,631
"COG3471",4,1,2,0,179,12,0,127,15,11,7,4,9,30,47,15,0,6,355,5,7,9,42,0,38,87,134,74,8,8,31,401,1,75,3,97,127,5,70,1,10,6,57,11,345,5,22,8,122,41,0,3,2,38,64,12,98,1,13,18,170,0,4,0,3,1,2,7,2,94,20,84,3,365,8,20,25,2,52,25,5,77,90,5,1,17,26,8,5,9,4,17,0,205,54,226,9,27,29,0
"COG3472",56,65,71,71,113,51,48,232,72,270,30,24,81,51,169,154,80,47,52,58,53,75,168,65,280,53,139,153,181,66,220,655,38,223,60,272,57,115,186,58,46,77,253,33,693,55,55,334,84,835,40,266,29,85,357,228,716,35,51,35,70,79,69,53,49,44,174,58,160,112,167,117,31,46,69,42,97,79,141,49,30,289,221,104,68,47,80,92,729,204,43,340,87,333,610,332,56,179,189,75
"COG3473",2262,2566,2459,3338,1851,2777,1980,791,2870,3788,3466,2208,2876,2828,3063,2333,2666,2285,672,3596,2171,2444,2760,2855,325,756,921,3317,2108,2355,2129,379,2679,1181,2838,2919,418,2641,3160,2405,2502,2481,3169,2442,307,2802,733,1424,3371,1726,1981,1882,3016,1896,2557,980,861,2413,2975,3422,556,2687,1939,2237,2830,3324,3396,2892,3011,415,3276,1839,2437,399,2212,2710,3409,2126,1759,2180,2761,2900,2506,2569,2581,2426,378,2873,2823,2850,3258,2991,2491,322,705,407,2575,2471,109,2856
"COG3474",2000,2192,2406,3162,1105,2522,2212,2787,2537,1845,3072,2464,2098,2480,1678,1926,2838,2082,601,2594,1930,2802,1476,2819,2588,717,976,1089,3282,2190,1679,917,2076,735,2644,1051,515,2146,1275,2579,2517,2275,1229,2434,1102,2518,690,3042,934,1135,1825,2182,2566,1682,1167,907,825,2682,2461,2553,591,2792,2169,2316,2588,2510,3051,2810,2290,716,1113,1131,2021,532,2512,2952,900,2343,788,2103,3831,1314,1022,2423,2252,2218,2139,2000,1321,2049,2527,1291,2326,5412,3405,495,2726,1669,472,2585
"COG3475",67,24,30,228,38,12,12,0,29,648,13,28,9,46,201,33,38,17,66,50,27,14,102,41,13,75,25,63,17,18,14,11,17,71,46,65,25,17,128,52,29,22,89,13,43,23,77,0,89,28,41,16,5,42,46,39,376,33,43,15,55,67,21,52,40,62,83,39,24,10,64,62,34,75,22,22,185,36,44,54,31,80,66,305,77,30,3,22,293,33,62,718,79,1,11,63,26,72,10,22
"COG3476",1189,1600,1257,1488,168,1395,948,705,1190,25,2040,1421,706,1065,594,721,1227,1431,420,1395,826,1318,199,1446,1207,433,409,401,1570,1431,613,185,973,141,1118,335,287,970,121,1328,1178,977,134,1456,365,1347,437,611,345,261,1426,1014,1494,647,338,767,102,1392,1156,2036,389,1628,1178,1627,1322,1370,1668,1254,867,460,481,369,1078,272,1004,1448,137,1140,96,1249,1729,109,419,1287,1636,1100,1814,675,31,898,1334,49,1692,257,953,254,1575,746,47,1240
"COG3478",121,136,130,99,88,0,53,0,67,164,70,6,167,79,122,147,226,99,75,95,33,3,112,104,1,73,27,111,9,3,139,17,38,50,93,137,51,198,116,135,62,151,104,4,29,127,109,0,191,74,123,89,1,104,131,15,159,148,62,41,66,62,178,133,73,91,5,120,152,1,147,96,31,64,130,40,98,117,83,30,3,75,97,103,362,193,3,89,93,142,81,127,111,0,0,48,69,161,27,95
"COG3479",0,0,0,1,0,0,0,0,0,0,0,0,0,0,5,0,0,0,0,0,0,0,7,0,0,0,4,0,0,0,2,6,0,3,0,3,3,0,8,0,1,1,0,0,2,0,0,0,1,0,0,0,0,4,0,1,0,0,0,0,3,0,0,0,0,0,0,0,0,0,3,1,0,1,0,0,1,14,0,0,0,2,13,0,0,0,0,1,0,1,1,1,1,0,0,3,0,11,0,1
"COG3480",506,455,604,397,229,159,343,1,636,283,730,348,481,355,340,725,745,595,239,698,278,412,284,397,182,283,99,315,212,219,225,56,423,207,569,373,196,893,270,668,618,534,453,263,16,779,392,5,377,124,412,516,255,288,589,54,21,616,469,555,254,239,810,635,557,440,0,788,1134,121,293,419,296,176,693,333,278,498,181,189,112,388,277,475,1531,661,1278,323,388,526,416,261,548,0,348,147,700,261,34,580
"COG3481",428,189,252,248,648,141,141,867,363,1707,221,191,499,342,666,755,165,230,284,636,433,274,617,225,143,287,782,816,266,193,721,493,115,670,305,731,447,473,783,280,230,616,843,142,887,540,310,573,1165,446,319,232,200,602,513,460,2272,261,305,340,483,276,261,254,285,412,21,593,484,343,765,817,259,422,285,90,904,574,412,408,116,657,638,281,538,1002,111,811,2732,608,410,2145,304,111,66,274,157,768,302,387
"COG3482",73,2,3,15,2,33,7,0,1,18,0,8,0,0,2,4,2,6,1,0,6,10,0,0,0,65,12,0,3,3,3,0,1,0,0,0,0,0,0,7,2,2,1,10,0,0,2,0,0,1,2,1,3,1,0,36,0,3,1,1,0,4,0,0,1,0,0,0,0,1,0,0,3,0,0,3,0,0,1,1,5,0,0,0,0,0,0,3,0,3,0,0,0,0,0,0,0,1,0,0
"COG3483",929,897,910,1422,1524,237,644,500,1549,1066,358,529,1577,978,1562,2167,1229,683,552,935,1659,305,1526,795,748,445,1182,1762,322,421,1033,1119,506,2048,1652,1058,1264,2027,1905,723,1028,1011,1837,847,1343,954,320,1082,2143,2008,1346,1228,388,1409,1180,953,992,906,1298,536,517,612,616,780,965,1447,2251,964,1776,819,1541,1272,863,301,700,469,1721,1073,728,1467,158,1599,1698,1808,798,1074,929,923,1169,955,1491,986,959,1144,380,526,591,2035,1106,895
"COG3484",195,48,147,211,280,3954,1666,1368,900,74,2877,3084,917,1144,52,196,681,969,122,999,594,3196,91,141,989,105,274,102,3146,3134,136,280,1695,118,887,160,109,148,27,903,1406,276,108,2764,224,1599,291,1233,54,165,107,973,3728,941,154,129,68,1018,743,3651,162,668,293,123,1535,527,5,822,52,420,89,496,627,101,334,2231,65,1640,139,638,2861,77,87,143,225,272,1136,168,15,164,592,97,18,477,1177,104,1503,161,733,257
"COG3485",675,633,816,822,1517,578,839,1592,880,267,385,708,1065,993,570,718,730,671,488,226,754,706,1000,761,901,581,1069,1443,705,598,991,1747,818,1482,677,1452,1814,685,872,815,585,799,1126,874,1468,379,339,2516,1565,2335,628,789,533,1249,643,819,742,797,549,254,597,697,757,652,638,489,1087,641,545,672,1525,1595,613,156,816,996,1514,635,1450,967,878,762,1316,871,348,412,1018,897,429,835,483,545,577,1913,1261,332,832,1014,2182,593
"COG3486",19,13,1,8,268,4,4,80,2,9,7,6,9,4,27,6,0,10,346,9,31,1,44,2,83,145,77,10,2,2,68,357,4,381,1,54,210,6,8,1,1,183,19,16,196,8,25,215,49,39,7,1,4,18,37,85,83,0,0,10,186,6,41,14,1,0,17,7,5,77,54,57,6,401,3,1,15,22,151,89,11,5,180,2,0,11,151,13,18,11,1,42,6,300,111,312,8,26,91,5
"COG3487",179,139,125,233,624,32,55,912,179,275,42,100,177,264,121,180,50,139,657,43,141,53,181,114,772,258,510,213,77,49,497,1289,109,544,69,465,502,110,105,104,90,257,179,171,1272,71,57,1297,151,503,105,76,91,424,185,411,342,54,101,81,388,209,124,220,80,94,1000,206,490,277,82,163,111,646,55,108,328,151,1456,279,36,103,191,203,55,108,487,245,36,287,106,160,191,2029,734,527,109,192,332,109
"COG3488",393,560,193,205,714,367,322,1567,366,728,558,385,474,559,379,403,181,402,792,242,265,375,451,209,1049,391,1452,408,212,282,1116,1390,416,702,246,676,502,263,332,454,297,638,387,493,1067,340,103,2831,561,636,275,190,503,689,326,556,427,386,333,696,908,746,361,346,316,284,1250,816,1841,374,363,370,231,684,148,329,758,376,983,877,292,356,615,180,275,287,926,660,268,640,341,408,666,2469,932,1195,312,614,467,979
"COG3489",99,254,2,65,341,15,10,642,31,288,7,12,15,86,116,159,15,47,435,18,63,0,116,3,734,176,888,83,34,15,288,792,11,233,9,331,340,24,50,19,15,271,96,68,411,11,33,1224,97,311,17,7,9,37,31,68,47,1,16,8,85,47,7,22,8,10,168,96,380,64,6,45,23,158,4,18,63,21,71,158,3,13,45,21,4,15,178,35,1,35,11,24,117,511,172,97,15,42,82,148
"COG3490",67,36,19,55,359,16,11,809,27,168,9,8,25,97,43,87,8,21,525,13,46,3,128,3,577,170,297,100,34,18,257,944,9,259,9,325,345,52,53,13,23,134,107,103,571,9,46,1024,75,337,17,8,39,131,118,219,205,8,23,48,259,87,35,27,9,26,679,30,332,203,33,74,36,441,7,45,54,35,698,82,15,30,121,54,11,51,370,89,5,123,36,92,71,1557,511,328,38,82,207,20
"COG3491",4031,5624,4402,5570,5576,3431,4101,2126,5557,2787,4268,3427,5498,5005,4963,5443,5523,2996,3108,5157,4995,4123,5537,5612,2590,2925,4976,6074,3480,3420,4339,7180,4531,4489,5668,6043,3941,5598,5783,3901,4496,4529,5604,4042,3945,4806,3921,1290,6894,4836,4626,3759,3495,4474,4464,3178,1807,4063,5011,3494,3635,4301,4499,4868,4833,5643,5010,4775,5206,3283,5628,7546,4877,4705,4747,4355,5823,4107,4375,5080,3557,5098,5533,5539,4666,5455,3327,5403,2590,4586,5577,3020,4950,1086,2084,4811,3540,5191,5930,4770
"COG3492",638,860,880,806,689,443,609,345,755,636,685,445,645,790,667,712,927,445,292,868,585,590,676,990,414,286,488,718,689,458,696,506,640,347,790,745,404,795,642,625,618,816,609,579,389,688,226,333,687,668,665,707,537,581,577,403,243,599,674,507,338,894,640,810,675,929,889,814,795,237,747,660,623,307,700,665,528,529,707,617,892,623,719,647,619,744,418,820,485,648,905,584,834,532,283,216,689,720,628,743
"COG3493",1,7,1,0,9,0,0,4,0,4,0,0,0,3,18,0,0,5,75,0,0,0,45,0,10,34,6,1,0,0,4,296,0,3,0,5,97,2,1,0,11,96,39,0,106,0,3,47,4,0,2,0,0,0,5,3,18,0,0,0,57,1,23,18,0,0,1,0,3,1,3,5,0,22,4,3,22,0,8,6,2,5,54,0,0,1,2,4,0,2,0,26,0,52,2,20,1,2,6,3
"COG3494",1860,2078,2313,1616,748,2840,1561,1442,2165,2189,3084,2115,1643,2178,1589,1670,2372,2102,473,2931,1581,2678,1077,2520,650,642,725,1261,2752,2428,1845,185,1608,576,2263,1143,365,1989,1269,2265,2012,2087,1056,2026,424,2441,711,1511,1154,562,1887,1028,2814,1484,1200,922,616,2485,1876,3229,534,2200,2005,2117,2383,2692,1300,2614,1813,180,1352,820,1769,501,1603,2432,907,2147,716,1921,3171,1211,1002,1117,2449,2247,477,1931,1601,1934,2431,1465,2182,935,907,398,2481,1382,87,2354
"COG3495",214,182,146,503,1137,188,291,914,279,314,193,224,422,281,246,254,248,186,933,204,206,283,582,228,540,533,1122,312,305,216,683,1388,438,466,150,423,1453,162,349,240,368,493,133,324,1847,204,116,827,321,1907,119,480,271,517,362,308,795,180,224,292,874,278,220,107,165,254,580,353,296,614,200,787,239,647,139,178,34,254,1339,327,340,355,464,438,99,412,232,377,166,398,310,348,132,395,670,899,199,320,2202,190
"COG3496",2628,3164,3368,2706,978,3998,2288,1719,3210,209,4313,3104,2932,3260,1217,2777,3291,2926,1230,4232,2627,3194,679,3662,1036,1252,1780,843,3384,3650,2719,1178,2695,895,3312,621,1604,3046,314,3177,2995,3096,193,3139,2224,3877,928,1437,1010,1451,2813,1605,3844,3016,831,1512,581,3419,2757,4383,1228,3162,2928,2974,3152,4088,2796,3662,2722,609,691,1323,2722,868,2755,3370,317,3237,1234,2822,4301,252,775,2105,3516,3315,612,2457,91,2695,3851,229,3310,2074,1153,948,3487,2552,1875,3347
"COG3497",4493,8171,29481,9539,1047,770,12944,32672,3653,2296,8158,5145,3222,3964,4842,24831,11998,9465,146248,2489,1428,6252,897,22700,29375,92751,5071,642,4414,2013,1826,31023,11365,1205,2687,1012,67051,30516,1098,15926,11542,8071,857,7612,26863,4416,224924,48530,859,628,3941,25927,858,2243,2514,2314,64743,14067,4528,5911,111037,12367,17083,6620,7687,2323,2277,15935,18041,110979,743,1449,3975,87721,40349,8202,1130,7382,1262,2821,4732,1126,461,8327,3793,7211,21390,2979,1293,3184,1956,1470,10968,1700,12874,107796,14903,1239,2273,8391
"COG3498",3,1,3,1,34,0,1,48,3,1,0,1,0,1,2,34,0,3,25,0,1,0,16,30,33,21,25,5,2,1,4,41,45,3,18,49,38,40,2,0,2,110,12,2,7,0,6,88,14,92,1,2,0,10,17,1,4,0,5,2,102,1,3,2,2,0,0,1,5,43,4,10,2,24,1,1,0,17,19,5,1,0,31,0,0,3,24,1,0,0,0,5,0,294,20,33,1,13,9,0
"COG3499",1,1,1,0,26,0,0,33,4,6,1,0,0,2,2,28,0,0,24,0,2,0,17,33,42,36,18,6,1,0,6,24,46,2,12,39,27,56,0,2,2,86,8,5,4,0,14,59,4,24,0,4,0,3,12,3,1,1,2,0,73,1,1,2,0,0,1,0,6,20,1,0,0,13,0,4,0,15,23,7,1,1,15,4,0,1,37,1,0,1,1,3,0,255,16,34,1,10,10,0
"COG3500",36,83,783,136,104,33,100,122,67,20,84,56,63,139,51,168,51,94,104,32,50,275,95,494,67,89,110,26,143,113,35,156,187,60,52,155,92,133,43,81,99,154,30,64,110,120,75,213,22,295,60,78,18,204,63,95,168,70,92,62,189,266,79,75,78,46,113,63,36,196,105,42,27,60,111,63,28,217,116,119,58,45,303,198,27,21,77,20,60,34,34,30,65,701,91,125,74,96,22,65
"COG3501",300,277,117,245,909,178,184,388,226,108,196,164,220,307,150,291,88,252,2412,221,232,530,455,146,665,1021,917,160,315,219,689,3030,458,864,106,888,1435,211,79,265,254,327,602,223,5030,200,1647,477,317,1318,194,204,110,457,415,1458,739,134,249,258,1783,404,263,129,178,88,548,190,164,2189,69,411,161,3119,185,180,70,270,1497,353,360,200,835,277,52,220,352,186,100,189,83,268,203,985,394,2562,288,239,1120,146
"COG3502",1135,896,1094,806,216,593,631,429,593,53,782,510,411,577,368,308,971,375,89,747,678,626,86,1176,264,690,199,191,874,476,173,115,506,522,628,249,59,346,107,574,585,272,152,546,61,559,160,616,259,178,190,219,173,102,50,361,15,167,331,216,11,300,304,298,236,310,405,135,133,29,57,80,262,14,319,267,62,102,45,207,284,38,33,271,150,120,73,44,27,165,304,34,324,162,133,25,174,43,10,136
"COG3503",246,373,254,498,1909,164,166,59,366,384,148,152,357,319,719,393,291,201,824,319,396,196,1422,232,251,917,915,937,202,177,600,2186,135,712,265,392,3225,301,713,252,359,505,550,233,2663,309,165,39,539,2761,236,659,151,804,697,313,1327,195,319,148,983,267,186,268,263,438,322,371,323,863,401,1361,306,581,275,269,426,327,1109,748,122,1193,1109,649,105,404,264,371,418,242,468,420,292,50,261,686,165,195,4157,326
"COG3504",50,17,1,31,463,83,14,3722,39,55,28,32,29,59,76,67,10,71,588,9,27,2,205,2,3723,148,536,141,96,29,136,806,12,203,15,408,284,40,54,11,73,94,194,107,1021,13,42,2642,165,382,25,7,24,79,45,55,52,1,11,45,133,9,8,6,3,1,4,10,9,327,88,113,5,235,4,9,11,14,56,35,4,27,89,14,1,16,1406,42,23,10,4,52,0,979,1446,183,23,56,61,5
"COG3505",170,104,30,122,2003,287,99,12948,224,178,108,93,112,304,468,233,74,329,1500,50,118,14,1356,18,8808,644,1958,561,543,134,742,3158,138,1555,81,1745,948,143,477,45,1146,502,987,544,3633,50,311,12400,497,2315,310,495,169,973,535,975,857,41,125,490,1575,118,163,79,57,6,63,269,153,3490,1248,1569,153,1775,53,164,208,763,972,406,55,695,2192,153,15,290,8465,511,132,139,23,1014,22,12409,11996,1571,212,1096,1199,127
"COG3506",1,0,0,4,2,13,7,6,1,0,0,9,7,2,13,3,1,7,26,0,0,5,24,2,3,1,9,6,13,12,26,4,9,0,1,20,0,1,7,3,10,7,7,8,0,0,0,26,11,5,2,6,13,3,0,1,2,1,2,1,36,44,3,6,2,0,1,2,0,2,28,17,0,3,2,7,38,16,4,2,45,9,20,3,0,1,10,4,1,4,1,1,0,0,2,8,2,1,10,9
"COG3507",707,763,572,822,2630,644,421,3705,1383,930,437,698,823,1237,1031,1162,362,655,370,552,1099,879,1386,534,2220,1301,3206,1055,941,798,1782,1217,484,1399,811,1065,1109,577,1166,630,866,1434,854,785,909,617,230,2408,1123,1386,1372,2043,730,2079,739,2075,1494,606,778,623,2586,1683,654,966,784,744,1006,1119,656,1131,1312,7086,871,1296,490,544,1163,1392,2723,1535,629,1106,3339,1028,362,1027,2293,2806,534,1118,765,1525,1106,909,2608,990,370,1474,10868,936
"COG3508",828,876,572,1767,2024,393,686,1117,1079,692,353,623,1156,1011,1211,1631,678,627,956,879,1314,564,1631,578,722,665,1696,1450,617,486,1374,2069,697,2859,1183,1117,1875,1187,1603,660,893,1309,1477,788,2057,914,232,2419,1850,2231,1078,1091,430,1559,872,1407,1101,667,870,486,1027,739,600,716,664,1073,2655,1180,1233,951,1328,1892,878,972,675,626,1425,1180,1676,1320,408,1353,1694,2248,523,1487,770,1133,859,1035,1062,961,984,1775,393,1034,622,1454,2749,1003
"COG3509",5061,5064,3039,4642,1789,4094,3408,176,5091,1483,3927,4352,3432,4434,3091,7144,2883,3761,880,4448,6185,4726,1908,2944,277,640,4129,2037,5101,4827,2649,603,4150,1338,5484,1345,411,3178,2289,3233,4981,3522,1853,4836,613,4803,816,175,2338,967,5851,4108,4273,4191,1805,4739,797,3635,6743,3749,958,5485,3120,5036,5090,5895,7582,4540,3570,983,1849,3737,4431,472,2670,3953,2162,4702,1046,7234,3420,1767,1951,5632,5119,5304,434,3236,1071,4308,6260,1472,5471,1424,437,1582,3143,4063,3638,4749
"COG3510",219,180,147,61,157,135,152,622,248,191,172,131,183,218,211,205,165,167,382,179,221,237,192,133,188,797,256,264,231,152,319,385,187,269,175,333,655,241,251,216,142,209,294,118,69,148,226,335,199,320,172,90,152,194,409,202,213,176,229,220,1094,102,111,170,182,197,223,228,176,80,278,162,216,895,155,206,227,223,164,222,218,348,232,66,180,116,131,261,323,232,167,189,129,148,215,561,124,237,26,263
"COG3511",20,20,10,2,36,7,22,26,19,14,7,14,2,18,43,48,9,8,15,1,12,29,105,17,236,12,82,39,43,12,41,65,8,76,11,38,19,1,64,7,24,38,203,22,217,7,248,131,16,119,21,2,22,32,4,47,18,10,11,21,98,8,29,10,10,10,16,15,18,156,104,87,45,14,13,19,17,116,3,13,49,43,113,1,3,1,48,26,2,15,10,38,14,3,9,30,16,34,26,14
"COG3512",17,8,0,3,3,6,2,34,2,24,1,7,2,3,9,13,0,10,17,0,1,3,16,2,5,10,11,15,5,12,50,21,7,8,2,6,7,9,6,0,3,4,7,9,15,0,2,43,0,2,9,1,5,17,1,94,38,1,0,7,27,7,0,5,1,1,42,4,2,50,17,11,0,51,4,4,10,28,7,3,17,8,11,7,0,1,11,23,68,18,0,37,4,7,3,3,4,8,6,3
"COG3513",141,90,6,28,44,80,23,627,59,197,7,43,35,24,115,93,22,100,184,8,11,74,180,18,76,667,176,156,235,49,373,218,79,169,26,57,661,42,96,30,35,110,57,84,138,7,66,388,19,32,85,45,55,106,21,867,303,14,18,26,758,84,17,44,24,7,281,49,28,587,218,106,13,642,27,28,73,131,43,41,120,101,197,26,8,99,73,136,426,143,21,237,21,139,41,158,42,98,52,137
"COG3514",3,0,1,0,21,1,0,119,0,1,3,1,2,4,4,0,4,1,14,0,1,1,12,1,12,8,0,3,0,0,0,30,0,1,1,18,3,2,2,2,5,3,24,4,9,1,6,21,8,17,5,10,0,0,4,3,2,3,3,5,2,1,5,1,0,0,8,0,2,31,20,9,1,3,2,1,15,2,19,3,1,0,11,0,0,1,18,3,10,3,0,16,0,43,44,6,2,1,3,0
"COG3515",59,53,13,30,516,34,45,172,39,45,25,36,60,56,38,45,20,48,953,12,57,115,113,27,189,384,385,63,63,53,337,881,132,406,20,391,508,48,19,49,29,118,146,66,1677,17,156,135,151,386,24,49,31,148,148,339,270,23,40,66,691,59,38,16,21,15,228,65,66,359,12,140,56,948,16,40,9,32,790,120,142,63,293,29,15,63,90,95,27,56,14,83,22,332,100,972,73,66,363,33
"COG3516",37,29,11,27,191,28,22,50,19,16,15,17,40,49,14,10,8,26,422,14,32,110,48,16,97,172,156,36,33,26,115,371,140,150,12,138,190,22,7,38,25,56,93,28,816,14,81,77,76,158,28,46,17,65,48,164,124,16,26,15,250,34,34,9,18,12,108,37,21,130,7,59,43,443,19,37,18,21,300,58,112,34,100,27,7,36,58,37,13,53,18,40,25,142,74,409,30,40,128,32
"COG3517",114,139,41,76,685,75,94,221,70,103,35,61,142,131,56,70,34,93,1203,28,160,212,132,35,255,397,443,91,102,94,474,1112,366,815,61,412,551,87,30,70,48,263,260,99,3576,27,197,198,239,405,79,115,67,214,176,567,392,47,78,84,868,120,107,38,45,35,504,76,91,422,39,200,95,1201,61,82,27,67,1635,213,286,165,426,58,18,86,105,146,65,165,42,160,60,519,244,1414,95,117,440,63
"COG3518",14,20,1,15,138,5,0,36,11,7,5,7,7,25,12,7,3,13,285,4,22,12,38,3,67,95,132,19,3,3,91,291,30,109,7,102,161,16,7,5,4,33,69,12,622,2,37,54,49,90,5,6,7,25,45,98,99,1,3,16,192,6,7,1,6,0,93,10,11,108,1,43,23,242,6,10,13,2,255,27,16,28,93,12,1,23,27,27,9,14,2,25,7,78,50,283,2,21,82,4
"COG3519",78,114,27,79,680,69,79,202,51,52,27,61,105,121,55,52,46,95,1237,20,90,191,133,40,219,432,441,82,87,71,391,1206,306,536,16,412,543,81,27,71,50,183,253,82,1898,18,231,202,208,435,49,84,55,172,208,512,344,33,58,88,789,88,85,37,30,23,330,66,62,440,15,167,68,1260,43,66,31,40,997,174,254,87,364,61,12,104,121,102,54,111,31,123,54,425,200,1147,85,71,371,37
"COG3520",54,43,17,38,357,26,28,81,25,43,21,36,42,57,34,35,15,45,581,11,53,110,75,19,134,213,282,51,48,46,164,661,149,312,18,240,335,38,13,29,20,89,109,48,1396,10,122,164,137,252,25,45,25,131,104,239,205,20,25,34,406,35,42,16,12,13,133,26,59,243,11,92,52,662,28,29,22,30,677,106,146,61,190,31,4,59,79,60,24,62,11,63,38,291,107,650,47,49,199,34
"COG3521",25,19,1,0,152,14,6,14,6,9,5,5,11,3,8,12,2,11,209,7,18,1,36,0,71,78,125,18,9,5,89,227,5,142,4,113,139,15,2,0,2,32,40,8,663,3,62,1,39,102,6,3,6,46,26,100,35,0,3,9,154,6,10,1,2,1,1,10,8,99,0,22,13,235,1,6,0,6,289,37,12,22,75,4,1,13,16,10,1,13,4,11,3,81,29,270,6,20,90,2
"COG3522",70,68,20,65,485,61,60,110,40,54,21,51,69,79,47,41,27,59,914,20,97,153,103,37,220,321,386,76,78,63,300,929,228,386,21,343,428,60,26,68,21,104,196,53,1778,12,161,122,145,347,33,86,53,139,150,393,276,29,48,61,575,65,68,36,29,27,249,58,61,308,12,123,76,945,29,40,15,46,756,121,162,58,275,46,8,79,113,87,39,84,32,80,50,372,168,905,75,77,246,40
"COG3523",159,179,46,60,1227,210,89,191,81,143,65,92,145,100,118,85,63,125,2354,36,172,174,310,48,543,931,1000,150,153,182,666,2380,322,997,40,824,1209,142,54,104,48,375,475,162,4439,39,417,321,415,900,70,107,70,301,333,927,746,46,111,120,1691,192,168,65,35,27,580,125,128,881,32,331,133,2486,38,82,19,108,2004,320,329,180,678,56,27,155,307,121,84,128,37,225,88,864,361,2270,187,193,765,93
"COG3524",284,86,242,263,1076,39,108,645,71,70,11,77,53,77,131,86,145,40,297,164,211,206,528,152,779,595,633,335,285,79,378,1086,82,279,93,284,1317,46,136,116,273,325,206,158,1406,33,48,370,116,1579,32,703,43,297,213,495,500,147,164,63,369,230,193,91,94,28,235,128,93,472,247,1213,299,119,191,113,39,140,1068,245,378,257,339,279,4,247,739,310,109,79,55,320,78,3297,876,183,52,174,2856,95
"COG3525",1946,2955,1605,3755,2250,2035,1077,490,2668,2318,1464,1805,1901,1858,3528,2964,1273,1722,1024,2715,2122,2289,4372,1571,392,734,1799,3851,2528,2206,2134,1783,1394,2240,2406,2083,1759,2091,4575,1659,2314,2440,3639,1503,1152,2782,1111,477,3810,3710,2826,2315,1856,2113,3033,1896,3071,1765,3420,1748,1725,2474,1805,2691,2380,3083,4719,2376,2889,1085,3113,2818,1507,393,1626,1215,4263,2470,1598,2473,1193,4208,4706,5206,3718,3009,365,1790,3540,2141,3075,2421,3036,221,189,1643,1144,2904,2761,2433
"COG3526",29,3,22,25,68,29,20,68,36,24,5,14,83,44,38,43,21,8,82,38,26,6,89,23,101,45,54,84,50,9,118,150,22,34,25,101,78,18,50,24,32,77,54,18,29,46,7,55,88,80,13,11,20,80,42,57,34,15,29,13,52,46,58,21,27,21,4,62,40,18,77,32,29,115,20,9,79,55,65,16,42,26,62,14,15,109,27,82,47,96,28,34,11,158,72,62,13,59,75,20
"COG3527",10,2,6,173,0,3,23,1,6,167,1,2,25,11,5,2,4,13,1,0,20,28,3,13,5,1,5,3,68,1,7,28,24,1,55,10,1,1,1,6,35,3,7,4,1,2,2,9,0,18,14,100,0,10,2,50,1,14,40,0,2,28,40,3,33,12,11,2,1,115,7,6,32,3,12,25,0,5,0,4,135,1,27,147,4,3,21,6,3,20,14,34,3,0,8,3,7,16,5,1
"COG3528",129,265,159,292,362,142,56,1850,190,70,94,134,121,108,177,116,83,164,264,85,78,363,227,115,1688,124,192,144,353,119,204,549,123,593,104,401,218,94,103,234,226,132,119,194,1256,110,190,2150,109,619,235,183,123,119,123,221,194,150,291,95,274,266,230,229,185,165,113,163,261,282,143,328,48,66,86,68,167,107,268,191,167,129,308,543,138,145,1086,152,15,186,149,95,289,3257,2047,228,69,112,539,120
"COG3529",7,18,10,35,288,25,2,23,15,12,8,13,6,8,33,14,5,17,221,20,25,21,153,4,82,177,194,79,26,42,94,492,19,164,3,93,524,22,26,14,63,127,39,54,388,2,20,49,27,430,4,131,23,73,100,57,214,5,2,15,234,40,28,6,5,7,135,30,14,129,41,302,29,140,7,22,47,14,468,42,24,64,109,31,3,56,26,47,33,10,7,67,1,120,10,224,20,21,605,6
"COG3530",14,33,17,129,317,4,5,45,16,45,1,3,12,9,43,20,4,7,218,31,34,2,142,5,68,120,187,81,17,4,107,406,10,391,7,99,406,18,32,12,64,94,44,28,692,3,18,71,50,346,22,105,2,85,82,65,167,9,11,14,232,30,17,34,5,2,179,32,31,157,47,203,46,122,13,8,62,38,421,72,8,72,190,174,3,45,77,50,42,20,11,58,20,304,93,152,5,54,562,11
"COG3531",20,21,15,140,557,11,41,63,41,326,11,9,133,72,344,85,32,18,438,79,90,44,606,4,169,206,251,319,50,13,248,646,119,327,43,289,598,35,332,25,163,122,291,67,563,25,61,117,366,714,19,56,11,187,213,86,205,13,28,21,284,17,23,6,26,18,88,98,48,231,198,138,101,397,20,30,252,34,781,96,106,542,341,153,6,74,120,161,111,84,15,336,9,33,134,462,29,104,621,16
"COG3533",409,485,382,193,813,845,254,219,647,825,297,554,775,522,713,459,323,521,406,212,228,527,922,290,97,315,1203,620,777,766,892,527,503,716,300,496,339,163,631,481,362,835,417,455,132,343,439,1417,665,826,579,407,696,920,485,842,905,325,432,304,983,552,493,662,397,284,102,292,432,411,939,2859,200,150,471,343,1547,776,432,374,498,602,1936,162,322,560,264,1452,494,769,315,765,701,91,75,408,332,1297,3385,301
"COG3534",291,387,178,378,621,770,279,1387,402,136,350,680,481,355,431,519,159,377,187,474,308,386,711,210,651,211,958,459,769,657,629,393,379,238,330,365,559,248,463,290,250,600,346,908,234,403,75,1906,377,570,530,719,718,552,447,684,487,262,401,350,496,530,207,416,225,437,593,455,345,451,609,1832,221,115,309,623,735,626,246,335,515,537,1518,430,552,664,665,798,159,510,430,239,299,343,1096,180,396,636,2480,316
"COG3535",137,167,96,180,805,124,124,391,194,661,35,130,403,177,528,201,140,83,14,212,204,85,925,97,239,26,273,781,168,105,433,29,161,364,241,836,21,248,760,93,286,296,593,109,77,190,35,8,992,881,100,140,123,224,293,137,69,81,183,35,58,81,106,168,89,217,554,191,230,152,847,533,241,22,203,61,735,96,1132,181,119,839,633,169,47,332,189,599,408,331,267,655,150,11,28,24,127,636,229,124
"COG3536",227,163,218,426,393,257,256,592,266,403,175,219,423,313,416,227,213,163,306,191,222,264,537,316,342,134,287,373,328,243,386,481,368,308,211,362,206,197,472,205,209,307,358,285,492,191,74,481,517,279,150,280,235,442,215,247,190,168,184,126,276,318,213,172,199,244,346,217,162,129,324,238,189,282,211,297,382,170,435,243,421,518,361,414,141,216,189,312,166,341,245,265,210,259,386,280,232,265,64,178
"COG3537",1185,2207,579,4210,503,1005,506,282,1159,1204,452,913,546,740,1722,1512,658,899,181,322,1170,920,1406,606,874,224,1353,564,1287,1279,789,592,874,624,1653,673,169,527,849,706,1455,949,612,1220,840,287,432,946,471,778,2417,1213,1147,944,380,3286,2108,914,2179,460,1234,2261,1111,2086,1407,1709,7969,880,1109,352,1327,1118,1042,153,564,1075,1716,1643,318,2832,257,1021,4084,6403,1196,262,3632,540,1441,863,1775,1464,3113,265,1050,377,405,1053,345,894
"COG3538",141,207,31,205,41,67,51,12,118,17,19,63,26,66,127,75,67,86,6,10,96,60,71,39,108,25,63,14,70,124,29,54,10,43,228,10,10,19,41,57,165,33,17,53,7,20,28,64,24,66,249,53,47,53,35,424,48,130,129,8,64,98,93,136,107,161,372,43,45,34,69,69,105,11,56,88,112,117,22,323,13,53,348,371,91,17,361,10,9,72,191,33,163,85,100,22,50,76,10,82
"COG3539",4,10,0,0,6,0,1,62,0,0,5,1,3,0,26,2,1,3,330,0,0,0,70,2,10,132,7,1,0,1,5,277,0,2,0,6,179,1,1,0,1,13,13,2,39,3,21,2,23,36,0,0,0,0,19,0,7,0,2,13,248,1,9,14,2,0,0,1,4,57,5,6,0,512,0,1,5,2,2,1,0,0,19,0,0,5,2,5,1,1,0,7,0,27,2,419,11,6,20,1
"COG3540",1860,2734,1953,3045,3634,2764,1605,6741,2583,697,2313,2043,2018,2667,1657,1381,1889,1607,1736,2222,2435,3920,1999,2574,5302,1333,3083,1950,4241,2144,2002,3824,3089,1994,2141,2330,2957,1328,1468,1937,2442,1771,1905,1894,5388,1970,895,3159,2166,5633,1718,3328,2290,3052,1119,2090,1887,1821,2448,1813,1832,3695,2766,2720,2313,2844,1429,1880,1107,2258,1669,4296,2199,716,1709,1808,2564,1556,4164,3049,3691,1626,2227,3819,1696,1419,4825,2298,829,2292,2928,1296,2963,3213,5595,1253,1607,1777,6530,1662
"COG3541",3,3,1,22,168,6,6,403,9,5,8,5,10,11,36,36,3,40,139,2,10,2,102,3,327,62,51,66,6,1,131,150,3,116,2,57,112,3,25,15,26,66,35,34,192,2,37,42,40,70,27,2,3,30,9,11,552,0,5,25,236,15,26,4,6,10,3,22,5,68,92,60,3,226,3,1,38,55,30,41,6,41,82,12,2,9,473,33,51,17,12,40,1,894,281,204,9,53,45,10
"COG3542",546,317,586,177,653,885,1165,690,366,401,570,957,347,404,281,286,447,718,297,544,919,745,369,270,464,537,406,340,684,818,316,835,519,746,387,249,955,309,193,780,677,355,215,827,695,333,117,579,151,926,299,629,923,569,298,500,417,684,608,695,273,708,479,515,716,326,180,312,259,619,240,578,935,176,781,885,167,445,612,407,686,311,292,195,212,362,621,280,339,354,333,358,291,166,584,339,784,206,1306,263
"COG3543",0,0,0,0,0,1,0,26,0,5,0,0,0,5,1,0,0,0,1,0,0,0,0,0,4,0,1,1,0,0,1,3,0,0,0,0,2,0,3,1,7,1,0,0,0,1,1,7,0,7,0,0,1,0,1,1,5,1,0,2,0,0,0,0,1,0,0,2,0,2,7,3,0,0,0,0,0,0,1,0,0,0,4,0,0,0,6,6,6,0,0,10,0,4,22,0,0,4,2,0
"COG3544",2091,2410,998,1105,478,1769,1289,330,1026,545,1610,1520,976,1016,1081,947,1305,1196,436,1175,1281,1374,800,1302,2728,207,1139,660,2026,1817,699,807,1150,256,1400,821,182,917,623,1045,1111,1238,851,1795,658,1205,301,402,637,512,2071,1284,1538,774,701,1269,161,1076,1620,1535,264,1984,1639,2613,1427,1653,1817,1242,849,1514,840,875,1137,225,941,1352,1065,999,260,1371,1686,704,844,1240,1696,2027,4463,964,428,1538,1748,352,2329,310,1514,235,1261,1155,133,1411
"COG3545",1,1,0,0,32,4,0,42,4,6,1,0,0,5,5,2,0,1,78,0,3,0,5,0,56,23,20,14,3,0,13,152,0,12,0,35,29,4,4,1,5,5,21,14,42,2,16,29,16,15,6,0,4,36,65,16,325,0,0,32,173,0,7,0,0,1,2,12,8,238,20,31,2,285,2,6,4,20,24,13,2,5,81,2,1,21,210,34,69,8,0,42,2,39,166,181,18,79,31,3
"COG3546",1,1,0,0,28,0,0,134,2,1,0,0,0,4,9,4,0,6,6,0,1,0,37,0,38,13,21,6,0,1,6,102,1,28,1,41,36,0,6,0,0,20,43,30,179,4,46,16,17,46,1,0,0,14,39,0,4,0,2,1,27,0,11,6,0,0,4,5,4,42,55,15,0,10,0,3,16,7,7,2,3,0,27,1,0,2,37,10,0,1,1,0,0,123,105,7,3,4,3,3
"COG3547",429,1239,355,631,17355,555,79,10615,278,2968,124,271,379,558,1664,473,124,803,4502,800,916,35,5639,245,11754,3432,7872,2810,718,292,4464,13927,231,7790,108,5436,11949,761,1401,459,3115,2706,2236,1669,14018,81,812,4281,1705,27334,1195,5474,328,3669,2295,3477,8368,86,239,776,6680,377,743,191,103,28,939,1527,1131,6723,3015,11446,1641,1974,150,252,1586,1313,15627,2917,214,3149,5464,683,81,1783,9007,2516,6966,490,88,6573,106,33202,12978,3180,235,1765,27917,267
"COG3548",21,26,44,51,10,4,48,6,11,95,0,7,13,3,25,5,8,8,3,3,50,9,11,7,3,19,8,7,5,1,16,42,8,12,3,23,1,3,5,10,12,8,14,14,29,1,24,5,2,23,38,5,8,2,8,56,23,3,32,11,5,31,15,25,10,2,99,2,1,116,40,35,98,6,34,14,2,18,7,35,11,2,54,37,9,2,32,10,3,7,1,15,33,9,7,5,24,23,8,2
"COG3549",8,25,14,14,310,14,13,196,15,137,6,7,41,16,36,28,21,20,144,30,16,7,137,16,158,90,206,101,42,11,77,336,20,454,2,137,239,26,54,25,78,82,80,17,653,6,48,318,46,191,21,156,4,35,52,85,160,11,2,12,174,3,35,14,2,0,43,29,31,139,105,280,39,42,8,7,39,35,555,51,34,71,140,11,4,44,147,81,178,21,9,200,0,299,147,196,11,39,550,8
"COG3550",39,82,50,39,1472,87,15,1235,40,53,23,18,37,70,103,86,14,62,745,127,95,11,576,8,1807,616,1011,253,86,30,695,1959,45,802,12,451,1731,102,163,62,383,353,267,139,1856,6,235,1031,143,1861,225,2758,109,1111,979,1067,2510,32,25,158,2661,73,299,53,50,8,76,399,302,2860,847,6137,490,970,83,92,335,419,6208,815,188,914,1603,141,12,793,3624,1287,501,232,34,1192,28,7293,3914,1608,123,424,14515,77
"COG3551",253,119,220,96,290,45,206,521,168,294,102,86,206,137,142,142,200,107,270,108,163,222,220,134,48,561,355,51,243,116,217,114,99,81,203,138,322,290,114,162,295,178,125,104,385,226,197,568,85,117,167,154,53,246,95,323,544,210,251,216,358,153,113,191,111,181,9,121,132,196,111,141,151,1437,243,60,53,122,255,199,415,79,153,97,109,229,109,135,467,133,192,387,171,45,87,167,96,117,292,118
"COG3552",1442,1349,1549,1697,1373,714,1384,2209,1843,1571,1358,1136,2035,1568,1707,2014,2010,1298,357,1404,1173,1265,1775,1479,1638,471,848,1978,1260,938,1270,624,1929,1023,1588,1938,345,1916,2065,1686,1452,1512,2149,1065,91,1782,603,1628,2463,1140,1196,1359,814,1418,1865,858,769,1461,1444,1160,457,1338,1989,1458,1435,1540,809,2052,2341,134,2049,1919,1013,276,1915,1306,2297,1566,1179,1194,1598,1798,1893,1791,2553,1797,1048,1601,2452,1752,1396,1587,1317,3184,2039,230,1774,2065,160,1432
"COG3553",3,5,5,19,96,3,3,72,12,1,2,2,1,1,1,1,11,2,98,2,8,1,7,17,171,53,30,5,4,3,7,226,3,33,8,42,50,9,3,1,7,4,15,17,145,0,9,113,12,41,2,17,7,12,15,42,23,2,2,9,65,2,6,5,5,7,9,4,5,69,13,23,2,170,23,5,0,2,20,19,2,4,16,23,0,2,131,7,6,2,2,8,0,398,149,105,15,5,23,0
"COG3554",5,0,1,5,14,0,7,171,2,0,1,0,2,7,2,6,1,6,79,0,0,0,1,0,93,30,3,7,1,0,1,57,0,3,0,19,21,1,0,0,2,6,4,8,26,0,5,440,2,7,6,2,0,3,6,0,8,0,0,4,30,0,5,0,0,0,0,4,0,36,28,9,0,132,5,0,0,0,1,11,0,0,3,15,0,4,101,5,0,0,1,1,0,52,38,87,13,8,6,0
"COG3555",878,938,1369,1405,270,329,862,2963,737,129,707,561,435,493,436,494,821,789,5838,426,408,957,157,1249,2271,4078,363,174,625,372,249,2682,913,176,687,226,2114,2624,150,1064,1042,477,160,1165,1852,483,6218,3330,166,159,683,854,393,402,194,1161,3109,1068,992,692,4221,848,976,634,947,1154,997,694,991,7437,146,219,846,3791,1772,966,208,575,123,469,964,142,199,1141,520,415,1512,280,114,429,873,139,1041,428,3694,7790,1251,283,154,534
"COG3556",241,119,214,23,9,97,391,8,52,36,99,304,46,130,37,82,148,315,33,61,256,113,11,88,0,137,356,7,82,174,14,73,232,7,68,12,18,136,10,239,172,87,16,213,25,25,24,0,14,12,584,363,286,478,51,1411,19,664,369,407,47,328,512,515,511,82,37,127,199,163,24,182,874,143,752,893,27,563,15,378,318,42,30,58,10,78,5,6,12,125,124,6,336,47,1,119,710,14,16,441
"COG3558",40,26,31,3,293,211,145,829,31,10,17,167,41,29,43,20,29,54,192,40,78,65,131,3,519,125,112,123,139,177,67,430,33,164,25,126,485,29,23,56,90,68,41,136,429,9,62,687,39,525,9,40,66,37,16,42,51,22,5,19,60,3,21,5,11,3,12,3,6,71,24,31,51,45,11,27,25,12,136,33,36,28,62,4,1,7,89,13,13,13,4,21,2,81,181,49,31,9,164,1
"COG3559",0,0,0,0,25,1,0,0,1,2,0,0,0,3,2,10,0,16,1,0,0,0,0,0,248,1,2,30,0,1,1,8,0,11,0,114,0,0,0,0,1,0,47,90,0,0,0,0,1,4,9,0,1,60,3,1,0,0,1,47,2,2,2,0,0,0,0,0,0,5,4,2,0,0,0,0,9,0,3,1,0,0,6,0,0,0,1638,6,0,0,0,4,0,1,405,3,2,4,2,0
"COG3560",0,1,0,0,0,1,1,0,0,2,3,0,3,16,0,0,0,1,0,0,0,0,3,0,2,3,0,3,2,1,1,93,0,1,0,2,5,0,2,0,0,0,1,0,2,1,0,0,1,5,0,0,1,2,1,5,0,0,0,7,2,0,0,0,0,0,0,0,0,0,1,2,0,3,0,7,4,0,4,0,1,0,1,0,0,1,2,0,0,0,0,1,0,2,0,1,0,0,3,0
"COG3561",0,0,0,2,28,0,4,24,1,0,0,2,2,6,0,2,1,0,1,0,1,0,2,2,8,4,3,12,8,1,3,29,3,22,0,34,1,2,1,1,0,251,7,10,11,0,2,33,7,11,3,4,0,12,13,1,3,1,0,1,4,0,0,1,0,0,0,6,26,171,6,5,2,6,0,0,3,3,23,9,4,0,2,0,0,3,4,3,0,0,0,34,0,62,11,3,4,1,62,1
"COG3562",424,103,292,392,319,153,234,467,50,26,41,194,86,52,92,32,195,108,125,6,207,341,178,247,835,457,107,99,450,171,56,320,139,100,116,189,161,67,51,136,156,134,105,175,1424,12,358,1113,61,224,62,335,141,86,73,536,181,161,205,88,121,296,282,199,138,24,541,11,53,826,169,107,330,1227,259,109,186,56,126,114,542,79,176,407,60,23,724,72,35,90,56,73,218,1449,530,70,100,110,84,32
"COG3563",384,72,230,474,246,37,226,348,67,8,23,131,31,60,57,37,122,93,81,9,207,175,213,168,592,329,159,87,294,142,49,399,81,49,132,160,138,7,32,150,127,180,77,132,865,6,40,365,64,328,52,206,62,95,66,556,35,164,232,54,54,281,225,170,145,18,185,11,23,223,211,99,327,55,258,113,15,56,118,175,421,46,208,468,0,17,502,32,17,41,48,56,138,2333,450,36,92,153,143,24
"COG3564",722,766,357,424,47,1025,397,100,500,102,874,677,252,322,282,184,288,877,272,577,281,837,44,369,88,257,182,44,1015,868,169,113,483,96,361,97,99,210,55,537,561,383,55,642,51,407,92,172,18,58,715,606,947,229,313,305,53,603,450,924,136,864,416,709,586,527,722,460,307,134,67,217,362,55,236,600,21,450,28,494,1091,42,158,208,974,436,601,123,44,527,532,86,800,44,205,163,672,139,19,503
"COG3565",1346,1825,1643,1614,606,1435,1101,381,1409,230,1716,1296,1064,1211,975,1270,1642,1265,703,1622,1191,1565,645,1944,661,577,955,397,1898,1152,751,1743,1222,374,1374,277,787,1295,567,1339,1277,1216,514,1300,565,1600,562,755,534,594,1617,1605,1366,1056,717,949,374,1500,1564,1676,422,1609,1547,1661,1406,1916,1809,1351,1339,884,342,953,925,311,1093,1300,655,1150,290,1453,2108,600,480,1704,2212,1754,701,688,225,1164,1838,228,2021,361,325,698,1539,758,1078,1502
"COG3566",2,6,290,29,2,0,1,42,3,0,3,1,1,1,4,3,14,0,35,3,1,8,3,133,600,78,3,3,123,0,0,197,3,1,24,3,66,6,0,2,38,1,26,9,77,7,486,57,0,1,0,69,0,6,3,3,31,4,50,1,109,66,38,33,10,5,4,0,2,327,12,10,4,50,168,2,0,1,3,1,23,0,8,20,5,0,104,0,2,5,1,1,6,189,110,66,1,3,1,0
"COG3567",8,15,372,12,1,0,4,75,5,0,4,0,0,9,5,0,10,0,73,1,2,3,1,174,672,159,8,4,155,0,7,299,12,2,26,1,104,3,2,11,41,3,29,41,66,5,579,131,1,0,0,72,0,11,5,6,34,9,45,5,391,80,32,56,17,3,10,0,3,429,14,22,2,108,171,5,2,1,2,0,37,1,9,14,5,1,144,2,4,6,2,0,12,219,142,84,1,2,7,1
"COG3568",577,703,631,969,1744,272,362,1481,831,1736,257,302,1051,844,1221,718,491,506,1005,495,660,567,1537,668,1365,618,1226,1381,553,371,962,2019,576,1265,658,1703,1345,626,1465,472,662,865,1527,392,2072,505,300,963,1581,1971,742,705,234,1226,781,1037,1405,420,824,336,1149,544,667,723,576,726,780,580,517,1162,1581,1480,543,734,588,276,1781,785,1784,874,532,1192,1714,1302,544,549,1175,1086,2192,935,675,2103,754,2365,861,1598,307,1146,1687,529
"COG3569",378,284,429,993,2500,76,184,914,1219,607,218,252,1367,1019,2081,942,627,310,650,1012,689,131,2518,431,1922,1044,990,2697,214,138,1957,2055,533,4898,1000,3599,1467,1590,2985,486,609,674,3758,285,1573,1370,428,559,1558,1886,419,821,148,1117,5895,251,1316,465,474,233,1435,356,285,250,498,1190,331,490,1232,847,3832,1991,944,961,410,253,1811,724,3245,626,208,4104,3700,850,360,514,1777,2308,992,1376,882,1525,430,1671,1570,572,368,2717,2464,481
"COG3570",0,1,1,119,43,34,4,242,2,40,2,6,67,5,5,2,3,4,0,0,2,14,7,6,7,1,2,13,47,6,9,7,11,1,2,46,2,2,5,3,13,1,29,3,5,1,1,691,24,22,1,39,10,14,0,2,10,1,1,8,5,0,0,0,0,4,0,2,1,14,22,14,0,2,0,5,77,4,11,6,40,3,6,89,0,0,27,18,46,27,3,19,0,13,15,4,5,15,4,1
"COG3571",157,122,139,98,875,27,66,335,130,358,39,24,423,221,262,166,83,35,471,144,252,47,589,49,504,346,574,539,121,33,434,903,176,540,162,670,961,175,400,50,199,418,452,102,876,142,75,884,612,1080,76,371,27,452,470,271,383,54,148,49,450,59,120,161,81,86,70,180,208,302,474,874,263,335,95,36,490,115,1058,238,179,482,505,66,165,284,315,456,298,287,93,419,103,969,319,398,56,253,1346,74
"COG3572",4075,4524,4842,3325,2190,6145,3792,2079,4126,4387,5981,4830,3402,3772,3469,2577,5137,4698,962,4935,2895,5584,2203,5659,2659,1145,1514,3561,5552,5357,1846,569,3946,1904,4085,3177,433,4013,3225,4733,3721,2497,3502,4433,528,4581,1295,2143,3242,1554,3798,2926,6059,2674,3217,1630,2629,5121,3792,6356,443,4680,4387,4407,4301,5001,3373,3696,2682,817,4072,2395,2945,280,4115,4555,2933,3052,1904,3501,6785,2522,3102,2267,5430,3732,2472,1538,5224,3653,4911,4325,4508,2008,2563,638,5540,2594,172,3318
"COG3573",54,64,3,36,169,33,6,149,18,89,8,12,12,13,52,20,5,23,65,3,14,0,83,1,708,75,76,35,18,10,66,336,10,34,2,352,145,19,9,35,32,41,164,142,43,1,18,142,19,366,27,4,8,102,23,310,39,3,10,72,127,17,43,17,4,13,7,14,41,324,135,99,13,50,6,12,13,21,79,29,5,71,233,33,5,12,2150,48,26,14,5,92,12,1840,829,103,9,52,124,6
"COG3575",10,19,20,6,351,9,10,184,5,22,1,14,12,10,20,6,5,13,237,35,10,2,131,5,67,141,212,97,16,11,215,560,31,134,2,59,557,23,32,8,96,104,19,28,433,4,46,509,29,564,8,294,8,91,88,49,243,3,0,6,180,6,22,4,1,0,2,43,28,260,44,407,26,189,4,2,3,21,505,50,11,83,105,12,0,68,63,93,50,38,2,90,2,136,52,192,21,22,1094,7
"COG3576",779,582,556,1135,2040,695,653,1797,930,598,522,600,1637,1038,1349,662,681,766,882,651,538,636,1570,432,736,637,552,2463,669,678,1690,1707,828,2827,671,3282,1187,770,1943,682,501,869,2497,664,1106,883,351,1844,2153,1985,629,711,644,1329,3305,681,448,666,576,417,619,588,734,738,531,490,796,867,1039,576,2817,878,540,917,707,679,1884,603,1895,717,654,2583,2392,1066,1215,868,651,1607,953,1511,489,1097,546,2764,725,823,856,1712,998,646
"COG3577",113,101,93,346,868,53,99,1446,306,159,40,52,364,243,329,716,62,83,629,141,383,71,510,89,1687,320,840,427,138,58,568,1472,243,322,129,481,1000,242,418,116,260,519,371,123,1185,103,55,449,403,893,87,515,48,342,338,280,387,77,283,67,492,124,88,108,154,146,162,273,445,709,311,685,264,603,95,110,241,170,667,530,125,389,526,319,25,276,1294,416,195,308,220,259,87,1164,1355,530,91,837,1218,173
"COG3579",1324,834,981,1092,805,613,663,22,1562,1809,781,818,2103,1186,1439,2898,960,835,267,1366,1595,786,974,670,8,131,1304,1706,675,699,1143,22,611,701,1885,1143,66,1938,1605,1048,973,1249,1550,590,67,1569,254,7,2188,682,1259,732,770,1723,1047,775,880,881,1709,1022,141,737,698,733,1073,1724,459,1434,1930,108,1410,948,942,107,1035,556,1745,1281,718,1401,432,1089,1162,1202,1197,2028,4,1216,1550,1595,1753,2027,1101,2,2,224,805,2272,214,1353
"COG3580",3,7,4,1,94,1,1,2,16,2632,7,2,0,19,430,3,0,4,48,1,1,1,155,47,2,1,55,133,0,0,40,43,1,49,0,139,0,1,349,0,7,18,204,0,138,15,0,1,210,70,18,13,5,5,113,11,857,0,2,5,17,1,1,1,3,5,0,7,6,1,233,168,0,29,6,8,40,20,79,6,0,183,172,0,0,7,4,46,2048,20,1,2965,3,1,7,21,1,173,15,0
"COG3581",3,6,4,1,47,0,2,4,12,2177,13,0,0,24,346,11,0,0,26,1,0,0,74,40,4,1,27,66,0,2,12,33,4,21,0,71,2,0,189,4,8,9,80,1,99,7,0,1,97,30,5,14,2,10,63,12,573,1,3,9,22,1,1,0,3,5,0,1,4,0,89,61,0,27,3,6,24,8,41,5,0,84,92,0,0,2,7,35,1493,8,2,2714,0,2,7,16,0,75,12,8
"COG3582",2,0,0,4,0,0,0,0,0,3,0,0,39,1,0,1,0,0,1,2,0,0,1,2,0,0,3,5,0,0,3,0,0,0,1,0,0,1,1,0,0,37,0,0,72,3,0,0,0,0,0,0,0,4,0,1,491,0,3,0,1,1,0,2,0,0,0,0,0,0,0,0,1,0,0,0,0,0,0,0,0,0,0,1,1,11,0,6,36,13,1,6,0,0,0,0,0,11,1,1
"COG3583",2,0,0,0,5,1,0,0,10,75,0,1,56,11,14,19,0,13,1,0,0,0,7,1,2,6,35,29,0,0,15,33,7,0,2,17,5,0,23,1,1,35,16,2,3,3,1,1,9,8,10,3,4,33,25,1,2,0,9,3,9,0,4,1,1,2,0,3,7,223,21,20,2,11,0,0,38,29,3,0,1,2,19,0,0,21,5,37,23,20,1,79,0,0,2,0,0,42,0,0
"COG3584",2,16,10,73,22,0,9,220,27,94,20,10,53,38,52,10,19,13,287,2,3,9,64,8,138,426,44,18,17,1,30,224,17,16,19,25,322,73,31,13,32,33,17,8,104,11,1633,396,17,17,4,18,1,57,26,32,145,28,12,9,631,23,29,30,39,6,37,14,10,237,46,25,25,637,41,18,17,37,9,7,17,30,106,53,6,16,62,38,88,11,9,83,12,48,66,266,9,32,7,12
"COG3585",0,0,0,0,10,1,0,18,0,2,0,1,0,0,1,4,0,2,76,0,1,0,0,0,5,29,18,8,1,1,3,89,0,2,0,20,24,0,0,4,0,2,12,7,33,0,13,0,21,5,0,0,3,0,10,1,4,1,0,3,36,0,0,0,0,0,0,1,0,12,2,1,1,100,0,0,0,0,9,3,1,0,21,0,1,2,0,6,0,0,0,2,0,4,9,95,4,10,4,0
"COG3586",151,79,99,76,183,126,68,26,54,205,72,118,57,63,150,115,64,125,441,59,50,66,119,110,281,240,86,136,164,128,165,318,57,125,46,214,92,78,96,68,34,90,121,131,124,80,42,122,104,236,126,33,89,153,118,417,332,78,44,111,184,52,108,89,52,53,101,95,107,333,138,81,62,579,53,41,81,102,147,119,35,106,147,131,249,134,171,146,332,149,66,233,89,111,164,272,77,74,87,97
"COG3587",18,24,18,19,274,37,13,236,22,56,15,6,12,47,54,8,14,35,143,7,24,2,232,11,532,67,255,26,31,32,184,145,8,127,26,224,323,38,57,18,359,67,49,81,216,14,16,854,31,167,37,56,64,414,213,135,546,34,27,237,310,32,64,65,19,36,105,90,128,227,153,252,224,295,55,98,49,120,444,208,21,141,287,65,34,176,6877,73,86,42,36,703,24,2504,2564,440,30,145,425,26
"COG3588",6038,5716,5591,4237,3188,6244,6986,1283,5105,3929,7076,6574,4728,5133,4893,5780,5177,7698,3242,5956,6213,5238,4485,5018,3550,5050,5477,4557,4743,6102,4103,2010,4992,2450,5832,3689,3355,9327,5078,7479,6012,5564,4195,6866,1663,5967,3419,629,4514,3214,5988,4516,6472,5179,3990,5270,2800,7481,5811,7267,2937,5723,5098,5866,6215,5707,3268,6576,6188,16270,4336,3546,6376,1505,5398,6176,4466,6810,3573,5313,4398,4296,3735,3308,5676,6428,3231,4955,4317,4725,5777,3785,5408,1469,2382,6211,8187,4995,2539,6828
"COG3590",656,672,610,1521,3174,215,258,1839,946,309,442,258,588,945,765,911,446,404,1844,869,894,365,2033,514,4441,1531,2052,1242,418,239,1229,4386,878,1493,953,1203,5701,934,663,538,1335,1512,699,649,3990,857,454,1939,605,5470,517,2614,176,1529,776,1028,2671,383,748,432,2277,328,488,426,842,1125,2521,1188,1067,2862,1112,2408,1054,493,375,413,1286,1022,3373,1243,454,1360,2240,1998,589,980,6365,685,679,576,1069,842,580,959,3156,1553,223,795,6578,688
"COG3591",29,19,0,0,31,11,9,194,6,57,1,19,12,17,14,2,7,28,19,3,9,10,1,0,11,7,19,6,5,5,5,15,46,107,5,8,7,14,3,9,3,9,1,20,29,8,6,227,0,54,22,2,7,13,1,96,11,6,5,5,12,8,5,3,4,1,47,14,13,32,5,11,9,2,9,6,11,21,44,21,16,9,7,0,7,9,3,2,15,41,0,42,4,24,77,32,1,12,7,24
"COG3592",0,0,1,5,12,0,0,4,0,24,0,0,1,3,16,0,0,0,1,0,0,0,25,0,52,0,1,16,0,0,15,2,0,2,0,19,0,0,25,0,0,0,18,1,1,0,0,2,41,8,0,0,1,0,8,7,20,0,0,1,0,0,0,0,0,1,0,0,0,0,13,11,0,1,0,1,13,0,8,0,0,13,12,6,0,1,158,13,56,1,0,24,0,50,48,0,0,16,2,0
"COG3593",82,238,40,176,3049,65,22,1833,967,208,32,36,818,1020,2104,401,117,83,638,1174,634,8,2667,24,1600,563,902,2877,84,31,2342,2466,398,5961,665,4330,1768,245,2860,71,506,351,4340,136,2963,1468,100,1675,1383,2746,200,169,35,748,7225,456,1111,25,334,77,1170,30,71,37,201,341,35,185,491,1101,4369,648,741,598,19,64,1713,171,3102,319,35,5066,4045,174,33,171,1195,2213,737,1800,387,1597,19,2597,2663,542,47,2817,1874,26
"COG3594",123,82,127,112,169,63,36,12,107,10,81,67,60,61,40,29,313,64,88,32,72,62,26,138,144,99,137,63,125,83,171,383,17,86,192,148,68,311,17,81,275,137,47,114,262,27,66,22,18,97,93,69,94,81,47,147,79,87,86,106,154,98,151,44,91,146,112,40,106,177,82,81,126,39,147,94,88,36,129,81,42,55,54,47,165,67,538,106,9,68,125,119,73,19,187,211,70,42,380,22
"COG3595",6,9,5,5,111,2,4,6,25,170,19,6,1,5,97,31,4,6,34,17,32,1,93,35,109,44,18,100,7,12,25,25,3,277,4,73,129,9,117,7,17,74,184,0,44,27,2,15,172,49,6,6,10,11,95,18,573,10,3,17,197,16,5,10,2,5,30,13,29,98,116,79,8,32,11,5,114,3,115,33,15,80,322,2,18,24,332,23,1347,12,9,476,25,105,113,35,4,135,9,24
"COG3596",12,1,7,25,17,6,72,3,4,0,1,8,20,8,7,3,2,6,6,1,3,11,22,1,17,14,14,4,44,9,51,32,36,0,3,35,20,1,0,15,4,11,2,47,5,0,5,0,0,15,0,9,21,16,34,9,3,10,6,5,45,29,6,4,2,5,0,2,1,10,20,13,3,2,8,9,0,4,4,4,139,1,3,15,0,7,18,3,1,15,4,3,1,144,8,40,31,39,38,6
"COG3597",75,32,30,15,8,81,88,1,21,70,36,38,37,18,25,29,14,44,25,15,14,72,42,37,0,20,34,22,50,40,22,7,46,10,37,18,19,31,27,35,24,48,22,85,6,30,9,5,7,17,68,14,40,24,46,53,31,52,29,59,15,41,32,32,22,31,14,51,68,5,20,19,17,4,30,34,21,39,6,24,137,13,12,12,51,75,1,24,42,61,29,59,17,1,10,36,51,24,0,55
"COG3598",140,46,90,208,58,42,45,1018,101,166,39,53,116,52,88,53,125,51,3599,11,7,92,55,87,1985,5818,181,59,76,49,89,1632,1127,35,26,70,3595,77,64,53,44,121,73,192,986,38,1536,446,50,83,25,66,68,92,61,232,1554,57,28,95,6610,131,93,31,28,28,132,68,15,2607,69,68,13,20021,119,36,87,57,37,44,81,55,57,191,87,74,1257,353,380,149,25,281,66,36,1678,4844,49,115,100,75
"COG3599",792,161,509,89,136,49,152,9,71,133,40,57,168,62,110,35,414,81,14,137,185,124,22,360,57,713,85,57,240,53,84,10,82,559,226,114,7,90,46,104,103,55,53,46,38,119,85,13,70,49,323,159,41,67,61,819,22,186,230,105,18,112,438,227,109,58,2,50,14,116,56,68,263,14,468,114,73,83,57,125,349,39,33,74,590,81,172,89,42,247,46,27,162,40,72,29,53,65,16,33
"COG3600",6,3,2,0,150,5,0,44,0,14,0,4,2,4,13,5,0,22,13,10,16,1,32,0,166,27,157,11,8,9,77,45,0,164,2,17,29,5,26,3,223,28,7,12,69,0,1,295,5,17,33,1,10,16,35,67,28,1,3,2,59,3,8,4,0,0,1,13,8,25,28,48,22,24,9,1,2,22,158,28,0,16,19,3,4,42,56,18,6,17,0,143,0,38,191,126,8,22,326,1
"COG3602",75,114,105,134,378,90,54,38,116,24,71,79,82,112,77,113,61,77,227,120,147,101,144,74,285,140,261,128,114,114,171,421,181,130,120,138,487,111,53,79,186,184,91,106,287,118,67,79,59,529,70,256,72,153,74,112,189,68,113,82,185,132,98,76,125,168,45,153,93,169,47,444,109,154,67,44,74,106,399,169,100,113,125,169,78,189,866,116,57,87,183,53,76,101,319,177,42,69,889,73
"COG3603",7,14,12,57,423,10,0,7,55,171,3,2,67,31,165,117,2,3,89,74,49,8,266,6,5,95,83,253,14,1,158,261,40,564,17,264,463,24,226,1,61,113,219,15,404,24,7,5,221,580,5,137,3,100,152,23,226,2,9,5,128,13,6,3,16,11,24,36,51,134,239,133,62,18,0,5,350,31,450,59,63,200,261,30,0,64,4,91,139,22,9,178,3,8,1,70,1,202,432,15
"COG3604",646,418,103,140,3140,197,123,854,363,1226,249,255,581,405,730,659,136,430,2150,717,558,189,965,76,732,1030,1675,828,321,307,1378,2185,141,6212,326,1287,1812,271,888,184,231,1118,849,269,3163,555,252,934,1279,1745,721,625,265,953,879,1328,1813,211,149,487,1795,112,351,269,205,261,83,606,328,1033,814,2255,328,1771,139,140,958,671,1194,616,324,781,1275,288,1179,1105,854,1122,1917,694,272,1367,185,1192,630,1937,142,1108,2578,445
"COG3605",918,1037,728,2413,3916,322,949,5735,836,1022,275,466,1115,872,1399,713,1019,639,2039,347,691,705,2456,1035,6419,1558,2340,2153,987,401,1632,4914,1341,2219,598,2660,4523,514,1933,809,989,1478,2045,873,4633,285,301,4383,1783,4576,721,2334,269,1560,1388,1567,1762,635,667,298,2318,1076,1010,924,590,557,3194,639,640,2211,1948,3605,629,1376,1042,777,2847,681,4318,1477,1480,1708,2285,2237,278,694,4886,1069,988,982,516,1383,856,7789,5184,2224,574,1416,6409,521
"COG3607",0,3,0,0,15,2,0,57,1,0,0,2,2,0,3,4,0,2,24,1,0,0,2,0,57,7,7,7,0,0,14,83,0,18,0,13,2,2,2,0,0,3,21,6,40,1,4,3,5,22,7,0,2,36,7,11,23,1,0,13,33,3,9,3,0,0,1,3,3,112,21,27,0,26,5,1,1,19,28,13,0,2,37,0,0,2,209,11,2,6,1,9,0,404,218,62,12,52,10,1
"COG3608",833,784,879,1341,4096,329,883,3411,1556,2219,230,605,2513,1139,2650,1916,1549,660,1209,670,1542,387,4042,1024,3099,1242,2259,3468,470,405,3125,3496,937,3820,1278,3157,3683,1487,3266,860,1239,1825,2815,712,3547,575,431,2812,3326,4882,1048,2044,402,1975,1765,1300,1764,960,1224,325,1883,577,802,650,800,1246,1066,781,1722,1731,3029,3291,966,666,892,508,3211,1177,4252,1867,703,3189,3434,1422,350,908,2356,2371,1986,1655,1278,2543,531,6945,2327,1239,645,3266,6062,847
"COG3609",46,68,67,14,274,26,32,444,89,42,17,31,169,87,102,151,59,49,151,63,124,7,175,47,336,181,191,144,40,31,184,374,19,162,148,138,444,149,101,44,127,187,151,39,983,42,42,245,115,403,29,96,11,54,25,33,67,15,30,15,66,0,14,21,25,22,26,20,43,111,43,41,25,16,15,5,37,30,138,67,5,19,50,2,10,36,131,38,24,30,25,22,13,280,139,45,21,60,169,33
"COG3610",16,53,57,16,1037,11,0,153,5,33,3,3,9,19,65,18,1,25,417,88,80,4,356,5,12,528,655,254,37,8,329,1181,27,643,1,122,1831,43,88,19,238,337,47,52,986,2,26,347,50,1449,11,523,10,196,247,98,703,3,3,11,604,7,32,5,10,0,27,98,93,472,115,1322,109,74,8,14,160,52,1165,194,21,264,354,22,0,202,1,273,192,26,9,253,7,8,15,508,3,46,3211,14
"COG3612",0,17,8,0,0,0,0,0,0,1,0,0,0,1,3,0,2,0,0,0,0,0,0,10,0,0,0,0,0,0,0,0,0,0,1,0,0,0,0,0,0,0,1,0,0,0,0,0,0,0,0,0,0,0,0,0,0,0,0,0,0,0,0,1,0,0,0,0,1,0,0,0,0,0,2,0,0,0,0,2,0,0,0,0,0,0,0,0,0,0,1,1,6,0,0,0,0,0,0,0
"COG3613",329,352,337,551,148,153,192,25,331,18,416,229,269,244,158,536,363,357,246,421,103,272,57,272,151,221,163,37,201,168,179,125,257,205,341,130,194,407,51,372,399,439,51,141,584,430,191,29,36,148,308,374,182,169,113,182,204,331,360,369,287,211,472,443,415,379,184,561,623,126,46,47,170,168,380,259,16,417,270,199,113,56,284,570,784,421,66,158,44,268,327,34,426,82,56,270,415,141,80,441
"COG3614",188,171,9,10,2575,47,15,1341,52,176,34,54,103,57,186,123,22,125,2894,113,255,7,439,18,3012,1010,1366,369,55,74,480,3377,37,2878,24,1307,1271,109,187,39,77,508,627,202,5341,20,528,2258,682,970,64,108,24,460,450,850,783,7,10,163,2067,34,96,26,13,1,85,72,144,1368,264,1550,85,3222,16,27,281,40,898,404,54,385,1143,50,16,180,2650,405,434,77,4,440,30,1305,1242,2902,102,277,1851,21
"COG3615",0,1,0,0,0,0,0,0,0,4,0,0,0,0,0,0,0,1,3,0,1,0,0,0,1,4,3,1,0,0,12,0,0,0,0,3,0,0,1,0,0,2,0,4,0,0,1,0,0,0,0,2,0,1,0,0,3,0,0,0,2,0,0,0,0,0,0,0,0,2,0,0,0,0,0,0,0,0,0,0,0,0,0,0,0,0,5,0,0,0,0,1,1,0,0,0,0,1,4,1
"COG3616",1436,1467,1090,1434,1866,1167,1175,2043,1663,1543,663,1072,3707,1967,1324,1351,1670,1022,853,934,1293,1089,1447,1173,1778,514,1529,2518,1370,1298,3283,1348,1617,968,1135,2850,593,1146,1723,1195,1025,1582,1893,1346,973,1325,581,2223,3389,1856,1351,1199,1040,2996,1410,1514,807,1145,1363,538,856,1305,1256,1380,1056,1183,1265,1514,1391,800,2370,2616,1077,1020,1357,1244,2716,1343,2009,1564,1571,1350,1771,1536,1602,1692,2465,3153,1531,2648,1218,1612,1397,1931,2226,940,1028,2874,1917,1271
"COG3617",10,3,0,18,147,5,2,527,5,6,7,29,5,11,7,4,1,15,61,6,9,6,30,2,136,48,100,10,7,14,15,71,9,79,1,43,184,7,15,5,6,51,5,16,43,2,6,277,15,185,10,9,15,9,14,53,213,1,6,16,112,9,23,8,0,0,3,5,12,257,22,37,1,16,0,10,1,11,13,32,11,0,19,3,1,4,70,17,1,4,0,32,3,96,17,178,18,14,23,2
"COG3618",2604,2178,2095,2751,3725,3453,2750,2519,3211,2799,1424,2698,6879,3772,2803,2204,2847,2251,703,1542,2374,2491,3343,2505,3131,804,2674,5044,2822,3075,4897,1690,3583,1546,2172,5406,1281,1642,4037,2264,1995,3202,3741,2763,1243,2199,831,2270,6180,4106,1923,2609,3237,5116,2182,2241,827,2057,2178,1184,926,3148,2431,2685,1920,2341,3112,2480,1829,1328,4947,4174,2047,692,2840,2303,5720,2550,3259,2654,3458,2881,3573,2465,1585,2613,3787,5751,2410,4647,2406,2973,2379,2860,2970,642,2448,5236,2751,2132
"COG3619",8,2,0,1,44,12,7,91,8,5,0,2,6,6,9,2,1,8,28,0,4,0,38,0,319,7,42,19,3,1,14,66,0,22,1,59,3,3,11,0,11,31,16,16,73,2,42,40,30,31,9,2,0,20,7,9,10,0,6,7,19,2,3,3,0,0,1,2,5,329,40,66,0,28,0,4,2,7,5,12,1,16,52,4,0,4,451,23,0,0,1,17,1,12,81,10,10,30,10,4
"COG3620",142,168,61,307,350,34,36,15,280,103,16,52,180,254,515,110,66,69,76,207,131,6,533,72,25,58,24,648,3,54,416,190,93,1135,226,877,36,56,700,24,103,27,923,61,47,349,13,23,337,163,191,54,62,110,1661,307,377,27,135,23,59,112,26,121,90,115,298,49,130,222,957,182,126,236,28,56,551,15,519,143,2,1033,866,384,27,25,37,568,324,441,113,378,101,21,4,42,47,781,25,24
"COG3621",914,1077,531,1139,493,1132,646,352,633,248,815,671,283,479,825,494,795,665,221,492,739,758,863,891,513,283,497,511,846,969,241,199,497,369,770,376,181,794,585,459,989,407,563,684,700,462,253,169,465,353,888,514,910,276,609,554,373,562,816,565,178,1132,822,996,746,1124,835,449,511,187,321,348,888,67,658,599,463,406,526,663,626,827,391,1228,715,660,661,280,55,498,1120,378,1116,356,360,128,505,248,149,570
"COG3622",325,470,274,465,597,257,247,385,408,411,132,239,500,389,443,320,302,245,349,333,340,286,516,271,195,205,501,504,416,235,556,587,298,324,284,481,497,191,477,252,360,389,499,260,708,383,182,452,604,646,1099,1337,691,1600,964,1047,1380,743,1061,404,732,1276,1060,1419,928,920,1140,976,671,801,1465,1986,784,871,1034,679,1638,1103,1803,1427,1231,1226,1735,1405,1199,1260,371,1490,1379,1523,898,1216,1320,1431,618,795,649,1437,2485,905
"COG3623",215,179,404,506,345,209,124,208,255,541,198,125,324,272,809,256,129,206,81,218,204,144,982,372,214,199,193,783,181,228,402,54,108,251,185,585,145,205,1069,168,178,249,858,112,182,211,551,99,820,274,199,115,181,284,694,232,372,134,216,180,252,177,187,220,162,362,381,270,222,76,625,421,214,270,210,162,1031,204,332,176,111,1080,700,482,314,213,157,397,363,361,366,527,208,11,149,87,120,334,68,191
"COG3624",18,5,9,19,51,18,46,215,20,1,3,29,35,22,2,7,13,10,46,7,20,877,8,8,130,31,44,3,954,14,27,215,562,22,79,20,26,5,3,23,63,23,12,48,46,3,6,471,5,41,2,105,19,33,18,21,12,8,9,9,28,8,8,6,57,11,3,18,8,47,13,18,18,97,9,15,7,11,40,34,1188,1,16,10,1,8,79,6,1,16,13,6,4,548,220,61,25,8,10,7
"COG3625",16,8,5,22,50,20,65,347,37,2,3,33,56,27,5,2,12,15,133,3,21,1278,10,6,190,40,39,5,1123,11,16,275,794,20,111,21,51,9,0,18,121,27,13,55,89,3,20,647,13,44,10,154,26,39,12,32,28,14,14,8,51,20,15,10,77,10,2,20,5,48,8,25,29,123,22,24,8,6,53,39,1476,3,23,10,2,18,98,17,3,22,15,3,3,725,222,72,41,21,17,16
"COG3626",35,15,14,23,139,40,130,671,56,6,8,77,104,79,8,13,36,33,217,5,40,2832,14,10,334,59,67,23,2545,37,58,587,1600,57,280,68,93,14,5,38,219,34,27,99,156,5,21,1170,27,87,20,404,68,102,23,64,55,19,25,16,71,50,16,23,161,28,2,29,14,86,21,44,44,256,47,64,21,17,95,76,3121,0,53,17,1,12,203,35,14,34,21,11,15,1385,544,141,72,30,43,18
"COG3627",41,9,5,18,125,49,98,556,46,0,5,57,87,77,10,16,23,19,195,9,30,2045,24,5,260,62,74,17,1855,29,44,487,1219,46,166,50,92,14,7,21,153,48,22,70,180,2,22,800,19,71,23,300,62,73,32,71,54,15,28,15,68,33,27,16,133,17,3,24,11,77,29,49,43,183,33,50,25,20,69,91,2381,4,45,18,3,16,137,21,3,30,20,11,11,846,441,140,51,41,17,17
"COG3628",165,384,2984,321,89,16,711,1627,176,204,495,175,157,309,288,3342,1214,557,8280,200,72,269,62,1920,2188,5581,524,31,161,86,135,1806,775,78,126,85,3779,2314,57,902,638,534,49,686,1796,311,12792,1949,29,38,181,996,21,170,92,83,5316,836,220,323,8405,307,1138,345,368,99,45,1674,1719,5738,39,54,241,4650,2775,476,52,418,29,164,99,52,107,371,154,488,1530,145,107,177,98,97,439,235,1048,4975,705,78,81,285
"COG3629",14,8,5,10,22,12,4,1201,12,381,5,9,4,17,99,23,0,204,1,4,5,5,77,16,154,5,12,2,0,3,6,5,15,4,5,27,2,7,113,3,21,14,43,16,24,10,2,1222,5,8,223,42,3,50,2,18,107,5,3,15,5,4,9,3,14,7,12,32,11,21,5,20,2,1,11,8,70,31,20,8,1,86,5,8,7,4,356,3,433,13,3,392,2,43,326,3,3,2,7,15
"COG3631",149,117,93,286,168,241,134,620,219,91,154,128,307,206,142,198,104,57,55,163,198,261,190,116,132,16,106,202,207,209,187,186,202,117,224,165,146,181,217,126,159,150,239,205,111,167,37,249,277,108,101,117,348,201,203,141,44,102,218,232,56,171,68,80,205,247,304,186,216,130,197,225,162,25,66,151,240,129,123,227,303,245,186,297,96,173,78,145,164,203,236,95,153,536,110,24,80,136,61,158
"COG3633",38,70,55,4,576,5,8,443,73,32,9,4,12,45,85,32,37,5,490,152,42,0,435,36,73,428,335,208,28,8,275,1267,21,279,49,138,1368,66,85,30,239,233,83,31,951,45,63,117,47,1323,34,376,0,169,203,130,456,6,49,15,335,8,60,40,41,75,5,83,67,372,123,171,122,382,24,48,46,46,1042,110,8,227,167,20,31,150,48,58,118,50,70,192,35,217,19,466,13,64,1241,59
"COG3634",700,526,330,338,2215,204,203,517,418,159,109,299,252,298,477,380,90,416,1406,333,345,82,946,304,2067,837,1482,670,193,298,953,3061,238,2880,104,1155,2322,293,451,263,431,782,789,295,3269,149,238,276,341,2550,623,920,278,691,1074,822,1334,145,262,386,1279,386,231,415,168,372,316,483,519,1490,687,1478,297,909,121,143,243,253,2733,744,109,736,1072,230,1116,542,1894,457,443,757,335,678,582,1136,865,1474,170,271,3427,393
"COG3635",152,26,59,207,1842,11,107,631,1081,1855,39,92,1422,1191,2214,661,152,60,5,951,607,63,2712,69,3,153,307,3261,27,31,2628,542,492,3883,703,3994,39,322,3418,153,229,511,4094,32,449,1373,54,3,2805,1144,129,168,26,1140,5771,247,2238,75,489,47,163,37,97,57,321,404,0,384,507,7,4213,1323,627,200,110,51,3207,256,2181,175,88,4325,3564,216,42,413,0,2527,2598,1770,408,2477,69,11,6,21,70,3020,163,207
"COG3636",1,2,2,22,55,7,6,128,1,4,3,5,22,42,13,7,2,6,74,2,0,4,19,0,298,15,23,14,12,2,8,107,3,80,1,58,54,6,0,6,12,9,17,11,18,1,19,31,30,90,3,6,1,13,13,10,45,1,0,9,61,0,14,4,0,0,2,14,5,33,32,23,1,115,3,9,6,8,25,18,22,3,25,20,1,6,134,1,2,2,0,2,1,829,299,92,9,13,8,0
"COG3637",38,14,1,104,270,35,39,1204,38,54,12,30,168,57,48,91,6,12,43,8,48,3,151,3,2431,42,184,121,61,39,94,285,44,67,12,293,73,29,56,15,53,92,151,95,190,12,22,902,122,191,16,165,31,160,56,144,96,6,34,38,81,179,7,1,13,21,93,57,32,548,166,206,28,55,5,16,51,42,122,70,7,84,173,96,3,28,2082,115,85,147,15,61,2,508,1890,49,35,107,61,20
"COG3638",1677,1455,1941,1028,1350,1007,3153,2411,1387,1445,1450,2371,1436,1552,1406,1883,1856,2285,1321,1297,1978,4662,1285,1237,1587,1090,2186,1237,3184,1558,1228,1441,4664,1450,1573,1600,691,1363,1278,2034,1799,1337,1297,1822,1751,1076,698,3559,1488,1156,1581,1720,1236,1732,1132,2504,470,2144,1513,1437,748,1316,2088,1731,1921,1119,757,1541,1598,855,1345,1212,2095,1012,1924,2264,1574,2026,1229,1555,4043,977,1166,939,1371,787,1670,955,888,1058,1072,1097,1394,4537,2361,852,2372,1479,405,1621
"COG3639",2269,2340,1912,1796,2901,1531,2264,3497,2929,2586,1868,1740,3105,2567,3031,3375,2714,1931,2044,2561,4130,9172,3102,1820,2582,1204,3962,3420,6951,1560,2261,2708,9667,4324,2893,4169,1281,2739,3371,2164,3508,2715,4119,1447,2474,2109,1071,5288,3324,2138,2762,3402,1196,2514,5162,2977,811,1948,2818,1323,1254,2270,2318,2454,3771,2024,1779,2645,3588,850,3837,2230,3729,1591,1921,2132,3253,3034,3140,3037,8211,3524,3590,1653,2591,1718,3020,1941,1932,2183,2023,2344,2205,8395,3783,1379,1919,3577,690,3256
"COG3640",1,10,32,12,14,4,45,6,14,428,6,54,21,9,53,3,24,6,0,3,4,5,22,13,0,2,7,22,4,0,1,4,13,3,3,15,2,17,26,20,5,28,27,48,765,2,310,0,15,4,6,5,3,11,9,6,129,16,24,6,0,14,29,7,7,1,3,5,7,6,17,15,6,0,32,13,8,7,13,0,17,26,9,6,1,29,0,1,750,6,5,535,3,0,0,1,12,37,0,7
"COG3641",0,0,0,0,3,1,0,1,4,1,0,0,0,24,0,2,0,0,0,0,0,1,2,0,0,4,0,2,0,0,0,1,0,0,1,0,0,0,0,0,0,0,1,1,5,0,0,0,1,3,0,0,0,1,0,1,2,1,13,0,0,0,14,0,0,0,0,0,0,0,0,0,0,0,1,18,13,2,3,0,0,0,0,0,0,0,0,0,0,0,0,0,0,0,0,0,0,1,1,1
"COG3642",93,60,104,37,189,6,54,1,258,75,13,45,303,204,329,252,153,57,22,189,238,3,254,67,0,22,88,373,11,24,248,86,73,559,266,486,4,206,461,62,93,128,545,39,108,221,134,0,248,72,415,286,92,445,2646,131,1948,272,560,92,80,84,131,209,366,555,138,191,674,63,1486,238,498,83,245,62,833,255,822,517,4,1750,1435,69,123,206,0,874,651,785,538,651,160,6,0,59,195,1439,88,254
"COG3643",1047,1010,688,835,580,285,546,1,1424,1188,298,481,1424,915,1255,2106,968,669,126,1252,1551,421,846,555,6,107,1064,1118,398,461,963,20,328,702,1651,772,44,1586,1505,685,1020,879,1337,583,21,1097,240,0,1564,421,1588,631,344,1240,809,1044,239,1005,1021,488,73,428,635,803,964,1300,798,987,1434,129,1057,838,914,55,655,377,1105,1048,573,1554,88,1032,909,1046,1691,1376,0,995,813,1231,1357,1235,844,0,0,168,430,1854,151,1127
"COG3644",11,23,7,0,133,16,8,0,4,24,13,9,1,3,20,17,2,13,8,1,4,29,18,15,253,21,181,27,32,28,52,49,25,23,2,33,43,4,19,11,0,26,16,27,7,2,0,2,6,20,17,78,12,23,39,28,13,10,2,12,69,38,6,21,3,1,16,8,12,84,21,620,2,9,10,19,3,9,59,31,38,18,15,1,5,39,180,100,17,8,2,20,27,10,29,18,8,12,695,18
"COG3645",0,0,0,0,53,0,1,6,0,0,1,1,1,1,11,7,1,0,1,1,1,0,12,0,4,3,66,11,5,1,5,45,0,13,0,30,24,3,8,3,0,12,4,0,47,0,2,3,15,36,1,14,0,9,7,3,108,0,0,0,75,0,1,2,0,0,0,5,8,92,12,37,4,2,2,0,2,11,11,2,1,0,9,0,0,5,0,8,1,0,0,11,0,18,16,8,0,5,13,2
"COG3646",2,14,0,1,173,0,7,38,0,3,5,0,5,18,25,9,2,1,43,0,8,0,55,1,3,94,128,5,3,2,35,29,0,42,0,49,281,2,2,6,1,41,9,1,43,0,4,0,4,318,0,3,0,26,30,17,133,2,1,3,68,0,7,1,1,0,10,17,13,61,8,245,26,22,1,6,2,1,321,25,0,10,16,0,0,24,1,19,2,3,0,13,1,34,20,35,2,0,251,0
"COG3647",37,37,29,27,150,32,15,220,22,16,15,31,23,42,27,22,6,20,16,2,12,17,51,29,382,15,70,14,19,27,111,293,17,141,17,126,95,18,30,31,19,29,55,40,106,5,13,547,36,168,18,10,8,20,24,22,89,4,1,9,24,12,33,4,2,2,2,9,7,23,21,11,1,6,10,6,20,2,30,21,9,6,23,7,1,4,60,4,19,7,6,11,7,246,93,10,6,3,21,4
"COG3648",18,25,3,35,11,1,12,0,28,8,0,12,13,23,14,16,12,7,1,3,28,2,2,6,155,30,6,2,0,1,1,6,6,6,35,65,3,0,1,4,27,9,25,53,0,2,6,0,2,5,30,8,2,46,2,0,1,10,24,27,1,3,4,6,40,9,28,3,25,7,1,0,93,2,10,15,1,9,0,6,4,1,5,2,0,0,857,1,12,3,17,8,10,1,242,0,0,3,3,13
"COG3649",4,39,0,0,35,2,1,94,4,5,2,3,2,17,9,7,2,5,8,1,1,1,24,0,31,28,218,19,1,0,77,244,0,31,2,29,47,2,20,8,15,32,14,8,12,0,4,381,0,135,9,6,1,18,46,45,45,1,8,5,83,1,5,2,2,0,2,7,7,19,21,600,1,12,0,8,5,28,14,10,0,29,74,1,3,47,12,118,7,3,0,15,0,3,42,32,7,18,802,2
"COG3650",30,9,20,3,181,2,4,11,42,28,3,2,53,43,32,51,13,12,343,7,61,1,29,18,69,87,184,26,15,8,169,376,14,58,20,136,160,14,14,15,14,21,32,18,364,18,9,6,64,31,12,15,0,76,70,54,52,19,7,21,257,0,12,6,9,5,10,21,12,129,20,44,22,365,45,3,19,7,52,47,7,14,96,13,0,24,216,46,6,73,9,45,13,19,23,250,20,41,176,21
"COG3651",2183,1989,2251,1691,853,2684,2420,244,2048,328,2547,2456,1448,1941,1124,1950,2176,2488,697,2040,2482,2366,906,1988,127,1029,1806,1210,2366,2755,987,567,2295,650,2102,921,947,1716,984,2154,2292,1848,1053,2419,492,1907,611,207,1094,1091,2020,2106,2459,1568,1210,1831,313,2218,2203,2655,473,2446,1991,2031,2429,1899,1744,1889,1609,474,1106,948,2359,261,1746,2480,1245,2035,891,1956,2425,884,989,1416,2257,1597,45,1282,460,1527,2004,429,2150,518,134,567,2277,1332,613,2398
"COG3652",5,1,0,2,22,0,1,72,5,1,5,0,11,6,3,3,2,3,21,0,1,1,3,0,29,2,21,4,0,1,4,144,14,4,0,17,9,3,0,0,2,4,43,9,190,4,27,3,26,11,2,0,1,18,20,3,10,0,0,21,3,2,0,0,0,0,0,0,2,167,22,16,0,21,0,0,0,2,6,2,0,0,26,0,1,4,54,6,0,22,1,8,0,95,7,1,7,11,7,0
"COG3653",4384,3682,3413,5118,6771,3131,3862,11181,7337,8291,2697,3356,14413,7766,6576,5997,4433,2992,1560,4815,5462,3321,9151,4687,3882,1078,3327,12883,3331,3359,10718,1279,8004,4228,6175,11605,542,5230,10584,3665,4162,6745,11103,3757,1026,7560,1596,5435,16213,7795,3522,4216,2735,10283,7438,3217,5832,3587,4966,2634,1117,3626,4074,3036,4218,5735,3512,6913,5805,1296,12307,7809,4067,1688,3971,2894,13895,5641,6178,4104,3495,8943,9403,5570,6221,8877,4232,12808,11667,10909,5911,8937,3562,1097,4205,1878,2809,13877,1571,5005
"COG3654",11,19,16,100,271,13,4,224,15,44,4,22,10,10,23,16,2,9,71,14,8,15,46,11,162,97,125,57,61,14,50,362,20,32,7,54,416,13,26,5,21,61,31,10,199,2,10,473,18,298,24,69,17,42,76,78,139,4,3,8,77,38,15,8,7,2,112,23,14,212,48,350,19,29,7,6,42,11,72,38,78,38,69,89,4,39,313,92,90,19,6,56,7,439,170,121,5,39,514,11
"COG3655",17,23,70,61,119,19,42,288,80,96,4,25,39,28,93,82,54,13,47,47,33,19,152,113,358,31,88,127,47,7,69,133,18,118,25,135,44,68,153,25,25,67,145,38,120,41,17,193,180,109,44,48,18,60,58,73,210,29,34,53,64,14,69,20,26,62,84,39,48,239,165,301,20,55,38,6,216,46,68,29,18,121,189,79,13,70,413,57,213,17,44,87,39,97,322,25,17,118,178,28
"COG3656",52,100,90,8,1099,26,0,1332,4,32,11,5,15,23,113,21,5,28,729,20,64,1,750,21,1027,785,664,462,68,21,459,2411,36,304,7,230,2961,68,145,45,12,448,124,83,2351,5,77,569,70,2885,6,640,7,400,362,107,877,4,0,27,839,72,42,8,5,3,37,101,126,804,176,802,137,175,15,4,2,107,552,170,18,428,359,10,2,198,548,194,271,90,13,112,24,815,1416,550,17,61,3352,32
"COG3657",15,8,1,2,164,9,4,165,0,8,2,7,21,20,7,5,4,8,104,7,7,1,23,1,239,27,21,22,9,0,18,141,3,503,1,73,64,6,4,2,8,4,14,16,64,0,24,48,45,69,16,8,3,21,10,35,65,1,0,8,84,4,11,3,4,0,3,7,7,68,21,26,7,142,4,8,9,16,46,17,18,4,28,1,7,5,119,13,19,3,0,12,2,612,232,125,15,17,20,2
"COG3658",93,185,180,243,1057,152,186,733,90,121,86,134,135,138,125,90,151,108,686,72,105,174,506,196,583,515,619,285,435,133,376,1569,189,462,54,290,1835,105,118,146,160,396,189,261,1754,38,94,595,135,1395,63,759,116,344,223,273,725,121,47,68,713,164,199,138,59,45,128,129,100,571,164,706,142,410,223,200,153,106,1228,256,614,288,394,178,48,196,334,196,158,98,45,254,114,1257,373,590,166,85,2081,69
"COG3659",31,30,26,16,334,6,10,114,31,257,2,0,41,33,91,35,9,6,114,4,39,75,189,20,142,135,222,147,79,19,99,465,37,147,18,72,569,20,59,21,26,98,71,22,364,5,44,5,78,511,109,711,12,294,318,244,1404,61,83,28,590,114,114,12,71,59,7,131,99,682,276,1337,301,129,42,46,177,89,313,194,289,341,782,55,6,171,177,390,1629,131,73,717,25,1255,354,302,26,111,2887,67
"COG3660",3226,3829,3772,2078,1025,4511,2592,1632,2963,2141,5582,3763,2478,3231,2488,2703,3623,3517,723,4682,2577,4242,1599,4195,847,1031,1025,1795,4517,4056,1952,421,2854,848,3479,1535,570,3182,1810,3651,3357,3151,1382,3671,1440,3962,969,1417,1380,911,3430,1639,4716,1903,2014,1361,838,3932,3219,4594,790,3842,3295,3590,3783,4042,2425,3944,3313,292,1816,1119,2869,537,2681,3841,978,3437,948,2767,5208,1550,1546,1540,4345,3790,556,2305,1239,2807,4075,1561,3677,646,1387,493,4102,1881,133,3910
"COG3661",21,68,7,0,812,17,5,1358,31,15,11,6,29,25,77,33,1,36,83,14,15,1,203,0,1144,97,695,90,33,10,194,277,15,251,5,221,181,11,106,6,12,185,63,68,37,6,19,1058,32,208,109,754,13,125,175,177,105,0,3,46,347,5,25,5,7,3,6,69,52,148,192,2127,31,94,1,15,16,87,1223,123,11,140,221,5,7,154,1604,381,7,38,11,110,6,516,1816,123,5,160,2382,18
"COG3662",512,453,571,346,275,208,347,136,593,87,764,378,428,385,293,666,637,678,493,648,255,457,326,352,1360,365,248,283,258,296,235,944,340,240,523,380,279,831,228,623,569,575,448,204,317,734,426,35,384,262,546,413,298,283,570,388,46,571,497,565,452,236,858,616,534,372,4,734,921,622,304,450,217,408,592,390,255,531,287,215,118,418,458,394,1401,566,1865,265,174,512,318,124,487,231,507,385,785,266,92,560
"COG3663",51,67,78,50,326,17,36,513,105,203,24,24,114,140,145,97,56,32,91,47,64,15,188,82,379,24,61,312,27,20,129,137,74,163,96,490,13,113,249,41,73,83,454,82,131,86,53,178,420,293,22,14,5,56,49,28,15,14,12,21,19,7,28,27,9,21,6,18,14,56,130,78,22,18,25,13,168,25,101,17,7,75,79,6,38,47,234,86,107,39,28,96,9,199,238,47,6,83,4,17
"COG3664",294,298,230,172,141,321,171,7,239,1069,444,229,165,353,495,265,187,203,90,389,206,164,371,244,12,68,137,202,171,165,222,61,113,92,277,151,60,307,281,235,256,357,210,217,14,402,98,20,235,231,340,167,312,246,174,2339,144,212,263,301,87,255,135,333,312,242,31,355,402,82,233,260,227,221,236,291,491,325,125,152,92,341,177,170,185,307,17,316,438,199,261,482,191,7,4,79,193,301,19,361
"COG3665",4380,5980,6614,5072,3647,4984,4888,1620,5257,5530,7860,4473,4078,5053,6091,4473,6919,4941,2065,7025,3843,5971,6331,7992,1511,2133,1690,5688,6189,3992,3381,2252,4584,2471,6072,4605,1839,6011,5923,5789,5392,4814,4979,4774,2333,6352,1804,899,5721,3644,4048,4777,4607,2837,5312,1232,1614,5672,5077,7000,1606,4483,5205,5342,6004,6302,6163,6045,5849,1039,5058,3687,4268,2028,5813,5435,5156,3720,3907,3892,6991,6009,4432,3750,5771,4949,1258,5074,3105,4338,6565,4425,6006,3372,1817,1588,6085,4456,809,5817
"COG3666",272,212,73,526,4113,111,49,1756,135,4119,64,120,237,218,1714,448,52,545,5818,355,390,35,2212,174,1533,1615,4675,1272,310,165,1188,9230,148,2819,70,3388,4467,345,1183,101,167,742,1198,369,9826,33,456,3213,1033,7630,475,680,82,1662,1486,1853,4347,36,63,465,3975,92,325,131,59,14,233,345,293,3787,1883,2702,714,5016,98,101,4502,695,4316,698,261,927,2797,430,26,717,1856,673,7675,136,45,5404,64,2576,1558,3127,151,883,4141,144
"COG3667",95,130,39,18,1988,97,26,5124,82,85,50,46,78,194,234,143,20,137,1629,115,134,15,858,11,5612,738,1601,439,166,63,660,3142,74,1376,28,1188,2235,165,185,49,350,616,489,214,4292,36,363,3891,390,2230,129,455,49,619,459,607,963,18,35,227,1337,33,144,52,30,4,51,185,142,1947,430,1323,170,1344,26,88,127,161,2242,371,56,468,1049,41,8,240,4838,332,212,124,18,481,16,4215,4504,1407,99,348,2441,51
"COG3668",37,46,43,40,892,40,20,542,37,42,11,17,60,31,74,56,42,61,445,43,39,3,378,18,1083,357,489,230,80,9,343,993,36,383,7,324,1149,93,95,65,57,246,179,94,1790,8,101,568,104,994,102,592,21,211,185,240,534,9,11,58,536,15,65,20,9,3,15,81,73,610,202,1091,62,271,21,16,78,113,1262,157,46,203,251,50,7,137,859,232,175,39,3,126,5,1907,943,469,49,112,2216,20
"COG3669",629,1552,609,1249,882,1053,504,216,1057,1328,775,914,646,676,1546,740,397,957,161,553,662,1523,1637,673,252,133,510,1393,1623,1121,418,269,472,1227,774,984,71,734,1492,744,1007,546,2069,491,94,933,261,547,1820,670,1209,1322,901,649,1290,960,873,630,1326,690,514,1619,1505,1857,1030,816,1414,469,536,502,1647,1437,442,148,1075,599,1247,690,639,1074,1184,1520,2277,2200,1004,733,382,388,1181,613,789,1516,1704,85,428,168,553,1035,81,539
"COG3670",3360,2577,3902,3267,1671,2000,4965,2095,2622,703,2023,3639,2563,2994,1895,2841,3515,3574,257,2100,4681,2504,2451,3975,1846,1139,4364,2331,1653,3036,1327,388,4313,1163,3168,1835,227,3727,2267,3628,3475,2321,2821,3719,1273,1686,2922,797,2358,1997,2691,2939,2444,2934,1848,4511,249,3368,2926,2369,207,2182,2931,2601,3666,3090,1408,2826,3304,4998,1987,2283,5234,150,4351,3727,2309,4041,2718,2834,2071,2461,2134,2829,2293,2144,1056,1624,687,1960,3185,762,2450,1234,1766,250,3148,2089,514,3126
"COG3671",6,14,3,39,65,10,4,418,1,3,5,4,12,41,17,8,3,12,49,3,5,2,120,1,161,55,62,14,10,1,39,208,2,36,5,79,154,8,6,2,5,48,45,11,136,4,34,418,14,114,2,27,3,18,17,51,40,0,3,11,86,3,21,8,1,1,138,7,16,96,29,28,12,32,1,16,52,2,69,21,5,19,38,35,0,12,211,7,2,17,1,21,0,264,70,95,16,10,33,1
"COG3672",42,66,17,3,518,32,11,751,31,75,8,23,54,25,64,46,15,42,360,59,56,9,252,10,730,286,294,269,75,20,261,801,44,343,13,238,1298,57,79,23,151,255,121,67,2066,7,32,124,67,816,62,333,20,171,107,208,436,4,3,30,272,15,29,15,13,6,17,105,36,374,91,116,81,228,19,18,122,51,1033,104,12,108,157,2,9,85,517,68,258,86,6,155,3,336,517,282,24,58,808,25
"COG3673",32,13,23,273,279,34,7,829,33,175,4,16,44,34,79,28,3,19,112,9,10,43,207,39,1190,57,102,56,108,8,44,381,76,214,4,229,118,14,44,9,11,112,94,32,447,2,13,219,29,370,19,153,17,56,20,124,129,9,22,22,198,114,14,15,8,8,349,10,18,114,62,140,5,69,20,7,115,23,84,88,166,95,404,282,1,7,880,57,250,28,6,119,13,1337,800,225,6,73,46,10
"COG3675",77,210,356,584,161,49,156,844,121,52,181,86,150,107,182,762,71,108,939,101,72,214,107,230,304,2240,231,76,165,68,105,1237,458,66,83,52,2341,1430,45,196,180,246,55,179,804,174,1302,1080,60,184,223,1267,154,213,401,138,3042,519,423,546,8261,1017,664,357,334,839,546,1320,1665,7806,104,812,504,3560,1188,386,150,551,145,302,748,316,99,1415,253,734,807,273,137,268,528,96,580,103,424,6245,626,133,1507,914
"COG3676",15,7,1,25,247,26,4,254,19,2349,2,23,74,151,391,25,8,19,24,2,7,16,197,101,269,20,50,314,96,10,47,123,52,72,5,501,25,7,303,10,5,24,290,22,193,0,11,284,237,216,14,23,19,64,51,64,2500,13,28,24,16,7,15,5,11,18,26,16,14,679,185,128,7,46,6,86,1116,16,204,15,137,213,157,32,1,5,987,38,3968,28,22,2525,2,169,397,8,10,113,30,13
"COG3677",11,25,22,58,237,12,37,13,18,1226,1,13,29,25,572,48,24,12,261,5,51,17,426,47,47,91,57,257,149,5,321,637,37,172,6,383,255,32,605,15,6,146,188,43,252,4,23,52,153,235,12,173,36,66,42,39,540,12,3,10,66,15,33,13,6,2,53,11,35,62,182,336,15,21,14,10,364,70,161,46,120,223,252,79,0,25,10,78,1309,18,5,760,18,48,11,22,2,260,423,21
"COG3678",2,23,41,3,488,4,3,23,3,16,2,5,21,14,49,3,1,8,365,74,26,3,252,10,21,319,237,161,23,6,231,973,17,178,1,68,1294,36,46,6,156,198,46,16,890,3,34,2,28,1104,0,470,0,139,130,30,399,8,0,15,280,3,22,1,3,1,4,54,41,345,65,104,83,129,4,7,14,35,623,58,9,166,119,6,1,83,3,21,116,18,4,136,0,52,11,237,7,21,1055,9
"COG3679",0,0,0,0,0,0,0,0,3,0,0,0,11,1,1,0,0,0,0,0,0,0,0,0,0,0,0,0,0,0,4,0,0,0,0,0,0,0,0,0,0,19,1,0,0,5,0,0,0,0,0,1,0,2,0,0,0,0,0,0,5,0,0,0,0,0,0,2,0,0,1,0,0,0,0,1,0,0,0,0,0,0,0,0,0,6,0,2,0,3,0,0,0,0,0,0,0,4,0,0
"COG3680",136,150,134,279,49,126,91,2,104,96,82,149,112,75,144,118,80,136,50,109,99,59,87,118,21,44,122,33,90,107,88,15,60,23,106,83,55,87,95,73,86,137,68,109,83,86,50,39,34,57,159,49,106,101,80,132,29,61,110,63,51,67,125,184,94,113,240,133,88,60,32,62,91,27,103,104,52,77,23,131,42,137,84,241,159,148,6,51,105,117,87,87,178,41,14,56,82,31,113,95
"COG3681",1,0,0,0,0,1,0,0,0,0,0,1,0,0,0,0,0,0,0,0,2,0,4,0,1,0,2,0,1,3,25,15,0,0,0,1,0,1,0,0,2,0,2,7,3,0,0,0,0,0,7,1,3,0,0,6,2,0,0,0,5,0,0,0,0,0,0,3,0,0,0,1,1,6,0,1,2,0,1,0,0,0,1,0,0,0,0,1,0,0,0,0,3,0,1,4,0,0,33,0
"COG3682",15,50,14,18,525,17,4,1023,15,40,5,4,48,28,49,24,1,39,169,54,27,3,208,9,577,176,304,152,22,13,158,457,14,556,1,197,620,24,67,15,88,169,84,111,567,26,25,240,73,662,48,140,15,189,107,83,363,4,14,47,356,30,28,17,5,1,23,36,18,337,146,556,61,78,7,43,59,84,460,109,14,101,380,14,5,64,949,105,75,27,11,120,30,119,555,151,10,74,1079,24
"COG3683",24,8,8,86,36,13,22,150,7,36,0,7,83,15,54,11,21,3,54,4,9,8,101,10,160,40,17,11,11,10,53,50,58,31,6,43,55,7,66,9,8,74,49,12,84,7,12,249,17,27,15,16,5,35,17,46,19,12,5,6,24,6,25,17,7,5,128,19,6,30,28,33,5,10,11,5,14,5,57,29,18,49,21,71,5,14,180,38,44,60,3,47,11,170,99,18,18,7,25,7
"COG3684",116,113,125,622,103,165,184,86,312,814,126,181,168,187,280,275,185,131,1,220,227,216,265,107,10,18,73,248,112,143,77,6,239,73,224,179,0,253,237,238,157,87,298,158,4,129,32,8,273,119,91,156,139,134,149,103,25,173,459,55,3,218,124,183,206,626,427,177,252,8,180,124,178,5,226,240,442,119,110,190,198,241,203,672,78,103,7,113,363,90,534,325,175,38,17,2,180,145,8,181
"COG3685",4,5,0,1,102,4,2,703,8,3,2,2,14,9,38,14,5,3,14,1,7,0,95,0,575,15,67,21,38,6,26,288,10,21,0,68,72,4,20,1,11,29,32,14,83,0,41,487,26,86,5,35,6,41,32,12,25,1,3,9,134,4,11,16,1,0,4,9,2,153,67,56,7,22,0,4,14,48,26,23,8,17,125,3,2,7,365,22,1,13,5,14,1,881,698,46,11,61,18,3
"COG3686",698,435,622,187,250,347,998,390,213,217,220,759,203,470,216,382,421,722,295,217,900,432,121,295,204,382,1093,86,313,547,147,298,824,100,273,128,182,133,91,514,384,353,184,604,521,128,82,176,101,131,628,373,361,419,101,1472,116,518,414,303,211,477,488,557,512,160,60,287,307,216,76,667,966,318,526,785,163,590,500,509,468,104,189,187,143,194,112,145,142,253,192,132,424,470,244,293,565,116,476,590
"COG3687",171,113,39,709,807,63,42,1839,202,206,44,66,196,248,258,243,94,104,1229,100,131,22,631,71,2994,398,461,383,140,25,285,2006,115,719,172,844,612,201,248,95,86,206,607,167,6150,153,154,415,493,1222,81,191,32,349,188,999,549,22,79,189,769,204,178,29,51,118,846,203,188,663,219,396,135,1003,58,96,454,107,3655,219,58,503,605,752,31,166,1948,302,240,280,145,270,50,6235,2871,1012,72,423,414,63
"COG3688",39,16,31,15,25,53,10,0,59,169,10,29,50,61,43,28,7,19,1,0,60,22,36,40,0,3,48,43,49,37,35,2,11,1,33,30,0,12,47,30,32,30,53,43,2,2,2,1,44,19,25,14,32,48,0,69,5,23,23,8,2,75,75,40,46,26,0,44,8,0,28,28,49,3,27,23,71,23,23,37,73,34,26,9,3,0,0,29,148,43,26,145,21,0,0,5,8,21,8,34
"COG3689",366,49,264,55,11,2,63,0,14,2,0,2,19,13,29,6,194,6,3,0,128,33,2,197,109,341,5,15,91,1,3,13,44,2,95,85,0,1,2,34,39,13,29,120,6,0,33,2,1,2,19,78,3,33,11,415,5,47,113,20,4,46,200,130,56,7,1,0,1,67,54,21,173,2,271,39,1,10,3,54,188,1,25,55,0,1,828,7,0,35,16,4,78,1,209,4,4,18,1,6
"COG3692",0,0,0,0,1,6,0,69,0,1,0,3,0,0,0,1,0,3,0,0,0,0,1,0,2,0,1,0,1,0,2,14,0,1,0,6,3,0,0,0,4,0,5,7,165,0,1,41,1,5,4,1,10,2,0,7,21,0,2,0,2,0,0,1,1,0,1,0,0,2,0,11,0,1,1,2,3,0,0,0,0,2,10,0,1,0,1,1,7,0,0,3,0,15,5,0,0,2,1,0
"COG3693",462,1037,228,1125,1083,2373,486,1541,1104,370,973,1574,281,710,494,472,390,1172,296,554,832,1848,620,384,784,423,1588,246,2565,2303,644,570,462,319,820,325,980,167,254,697,1562,534,255,1446,416,651,387,1310,205,372,1364,2091,2418,593,519,1913,421,742,1761,964,657,2457,1229,946,1620,948,1091,400,312,491,332,3399,678,168,485,1572,508,677,1618,1948,1187,286,380,1517,921,447,984,935,85,339,988,567,820,438,1193,432,629,340,4983,392
"COG3694",926,533,795,116,105,468,1366,274,266,561,351,1134,332,660,273,705,501,1109,42,352,1489,710,52,336,1,388,1968,111,404,1020,305,22,1552,202,270,103,32,315,74,856,609,664,100,796,285,232,76,2,250,87,918,337,521,907,28,2173,309,939,565,458,41,560,677,728,887,195,1,548,627,172,85,301,1628,16,789,1117,240,1419,50,918,439,77,47,117,63,414,6,217,392,360,195,394,518,0,6,200,865,195,42,1061
"COG3695",607,497,276,542,625,272,160,294,258,316,131,223,288,168,429,291,322,280,353,209,301,325,439,308,194,450,406,388,467,275,353,641,225,316,257,383,680,130,358,196,345,283,350,223,522,172,113,122,408,679,691,433,236,315,273,1291,393,241,408,185,325,380,392,524,236,228,707,203,247,298,355,711,244,198,302,207,460,257,726,409,273,362,468,762,377,267,290,288,227,263,248,309,456,385,198,382,126,313,983,224
"COG3696",1703,2013,1104,1180,27381,1340,296,38676,1026,6794,357,857,1164,1979,3630,1583,361,2092,13430,1706,2198,1657,10515,660,28549,9044,15173,6671,3555,650,8111,31629,2573,28569,557,8865,29664,1702,3235,1033,5060,6965,5221,2167,37550,356,2434,20084,3805,35219,2837,14609,720,6549,5537,10867,20345,336,706,1436,15854,953,1765,649,647,474,1032,2451,1949,16248,5578,22248,2966,10144,691,956,4776,3101,27418,5136,2507,6824,12789,1049,354,3516,22290,5438,9371,1700,630,10057,398,28240,23248,13875,826,4104,50104,757
"COG3698",122,205,137,167,153,40,53,568,103,43,36,49,52,93,83,21,125,77,32,11,65,4,59,178,1192,23,134,26,75,29,53,239,28,21,85,105,49,66,29,63,75,81,49,40,173,19,67,404,24,131,185,163,18,104,24,164,29,82,154,29,62,152,105,198,92,88,111,35,35,210,49,129,51,50,176,121,36,43,54,220,20,47,91,183,41,27,1135,22,75,81,73,31,189,1130,1177,29,67,58,43,63
"COG3700",67,32,26,3,88,18,57,0,124,384,78,79,100,56,167,193,50,48,7,251,150,35,148,20,0,3,94,131,13,73,124,0,17,111,101,87,3,217,301,44,82,141,152,68,5,182,3,0,231,53,58,7,46,136,89,21,158,66,51,279,16,19,27,23,69,97,0,100,102,4,141,119,45,10,24,14,74,122,50,45,8,187,130,1,214,233,0,92,161,105,107,394,34,0,0,13,29,164,14,118
"COG3701",8,8,0,0,71,9,2,648,6,3,9,2,8,12,12,9,4,5,121,0,5,0,27,0,626,36,98,36,16,5,35,146,1,26,0,69,56,5,13,3,10,13,29,18,200,1,8,361,38,61,35,23,17,103,75,82,49,1,11,67,193,10,6,7,4,2,6,17,14,441,135,173,11,388,5,11,15,19,83,52,0,38,125,6,0,30,1867,35,21,13,1,66,4,545,2282,360,29,64,95,4
"COG3702",2,2,1,8,54,9,4,101,15,0,3,1,3,10,4,6,1,4,11,1,2,0,20,0,288,12,22,12,4,2,16,71,2,19,2,39,21,5,6,0,7,9,13,7,62,0,5,64,19,39,8,2,3,26,4,15,23,0,8,7,20,3,5,2,1,0,2,1,5,142,29,24,2,27,8,4,7,8,22,19,0,17,33,8,0,1,413,12,6,2,0,9,0,601,242,7,7,26,14,2
"COG3703",312,329,340,645,460,208,457,733,369,308,112,301,664,394,377,236,493,240,68,69,258,274,500,391,656,111,218,598,464,263,332,311,473,270,253,740,168,200,577,289,217,259,570,417,90,73,126,1026,652,484,285,352,218,422,196,409,48,331,226,52,143,401,339,374,228,250,718,184,198,108,632,373,308,38,403,368,663,191,386,446,698,392,558,522,97,147,318,502,251,469,216,368,312,1544,573,174,328,351,79,204
"COG3704",1,3,1,179,102,31,14,105,26,5,7,7,15,26,21,19,3,9,24,0,5,0,89,0,1120,14,104,45,26,7,37,158,8,14,4,123,29,7,27,2,34,37,41,31,480,3,5,75,51,109,6,19,3,76,17,30,31,6,18,22,33,29,8,1,9,0,1,5,11,313,77,93,2,65,9,18,9,22,9,17,3,45,101,266,0,8,2060,89,30,27,3,39,0,107,482,20,23,97,27,6
"COG3705",4825,4658,5473,3429,1824,6013,5602,2403,4024,2784,6497,6311,2938,4579,3296,3725,4937,5800,1429,5585,4870,5365,2731,5544,2605,2099,4073,2573,5133,6156,2481,1413,5457,1369,4363,2154,1081,3698,2583,5741,4657,4031,2204,5836,1625,4337,1432,1848,2089,1469,4543,2729,6293,3637,2625,4966,964,6089,4434,6830,1084,5025,5237,4654,5321,4979,3450,4880,4299,1177,2374,1963,5509,1169,4416,6367,1733,5228,1911,4487,5973,2702,2082,2713,4347,3982,2127,2470,1390,3338,4644,1807,4546,3690,2369,1143,6531,2221,284,5217
"COG3706",2306,2541,1653,1839,20606,4814,1971,14278,1733,4548,1974,2798,2278,1663,3401,2123,1576,2706,13627,2167,2124,2358,9172,1923,10255,9344,13273,7131,3358,3518,8721,25251,2236,13595,1030,8017,27453,2139,4352,1620,3783,6993,5012,3678,29035,1315,2124,16493,4401,27867,726,3180,1239,2127,1728,2481,4650,419,274,1096,4710,655,902,456,310,294,425,866,736,3315,1451,5692,745,3252,425,570,1301,922,8492,1503,915,2005,3471,652,409,1397,2132,2089,2379,750,334,2596,467,5579,2833,4692,847,1258,14299,430
"COG3707",85,116,58,346,1342,36,36,1771,139,490,26,12,128,117,535,170,72,44,529,188,159,18,1216,48,1393,502,783,642,157,36,419,1766,98,638,84,674,1568,230,544,92,304,382,628,219,2160,97,176,1514,462,1901,41,902,55,403,703,352,711,35,120,78,500,57,120,27,48,185,290,189,216,744,435,1391,181,306,61,41,505,104,2189,290,78,1059,552,337,193,293,1603,339,351,158,191,563,6,1935,1668,384,93,154,2497,45
"COG3708",14,33,10,47,257,21,3,100,14,36,4,9,18,7,37,26,4,15,168,5,24,1,139,5,159,110,60,113,18,5,115,390,6,245,5,165,549,27,40,18,10,107,52,31,390,3,13,134,45,491,46,41,9,92,51,100,251,1,3,13,131,14,11,6,3,3,36,22,19,398,191,67,24,36,8,9,22,48,94,53,10,82,257,46,3,33,244,46,71,10,5,43,4,449,199,79,11,76,469,5
"COG3709",76,12,11,59,63,21,69,273,34,1,1,36,153,72,7,11,27,13,88,8,36,876,3,9,230,39,82,2,933,16,54,307,595,47,93,33,59,23,1,27,97,64,14,95,108,6,20,704,27,25,28,118,33,69,44,63,28,28,29,15,31,66,19,18,77,29,55,19,9,53,6,23,41,117,31,37,7,15,22,51,1194,1,30,74,15,40,183,62,2,155,22,6,14,543,273,77,63,41,26,18
"COG3710",77,107,65,19,2721,50,8,1398,28,159,10,23,86,60,82,133,7,58,821,415,118,36,460,20,403,864,2434,389,139,53,1070,1352,77,1813,4,392,1626,104,203,24,971,868,242,209,1358,9,49,360,206,1434,35,1282,46,497,630,496,1882,14,8,51,2384,24,89,7,15,2,143,280,108,737,147,4579,239,489,24,31,79,49,5561,494,51,325,1237,31,3,601,520,1097,345,133,26,974,25,219,275,1655,19,90,8298,31
"COG3711",16,5,0,0,10,13,0,5,11,0,1,1,1,4,4,9,0,10,4,0,0,2,5,0,6,4,13,10,0,6,6,83,2,10,0,83,1,1,3,1,15,24,72,62,4,0,2,0,0,4,11,10,4,10,13,18,4,0,0,7,20,1,2,2,0,2,2,4,1,293,130,53,0,37,0,4,29,15,13,0,0,2,74,0,19,1,75,25,1,8,0,28,0,0,9,12,2,42,6,2
"COG3712",176,589,364,801,3323,290,85,3117,552,818,208,128,241,317,792,686,212,262,2608,636,468,236,1477,300,3340,1339,1939,1330,299,193,925,5274,252,1977,288,1558,4063,608,850,363,1035,1001,835,354,3303,420,444,4895,1025,4564,306,1531,132,1324,1058,504,1724,198,541,439,3042,515,297,298,357,343,545,597,593,3184,1113,1680,487,2722,168,123,1095,792,4257,733,145,1017,2101,1415,316,769,3767,626,850,224,315,1573,593,3280,3584,2714,331,1103,4566,409
"COG3713",39,58,53,153,1182,16,73,460,64,66,18,25,125,113,94,61,54,71,381,103,154,41,403,29,1125,480,487,271,54,19,415,1008,78,1454,46,310,1158,53,99,95,197,447,126,130,1703,58,63,966,214,1195,43,525,13,294,178,187,639,66,60,51,706,42,53,82,44,34,262,116,91,671,193,890,103,138,72,98,95,88,1179,284,69,241,500,154,7,140,1427,276,207,88,45,213,38,423,683,543,73,127,1878,50
"COG3714",9,41,32,60,285,10,3,508,13,74,1,6,13,20,104,21,10,29,232,2,19,13,299,35,897,219,140,283,44,4,156,697,16,139,1,173,1024,34,109,21,14,117,208,25,723,4,31,316,168,963,24,54,6,139,127,132,662,10,5,18,208,16,28,47,7,7,48,35,33,496,127,150,29,79,17,8,259,43,86,44,10,192,217,55,10,67,984,35,597,13,10,112,24,211,750,396,6,45,847,17
"COG3716",5,0,0,0,5,0,0,0,0,0,0,0,0,0,3,0,0,0,0,0,0,0,1,0,0,0,0,10,0,0,2,0,0,2,0,17,0,0,15,1,0,1,5,0,0,0,0,0,10,4,4,9,0,0,12,4,0,0,0,0,1,6,0,0,0,0,0,1,0,2,7,5,0,0,0,0,25,0,11,0,0,7,5,0,1,0,0,25,1,0,0,6,0,0,0,0,0,12,1,0
"COG3717",4,41,35,14,497,38,2,58,52,18,18,53,11,11,68,13,14,27,149,59,20,88,208,9,85,151,356,163,148,40,180,573,25,170,5,84,708,16,62,17,181,150,58,36,432,17,56,76,9,873,15,248,39,132,118,39,285,20,26,21,310,71,36,52,21,13,87,66,35,188,123,199,56,52,8,4,188,82,627,57,93,122,330,38,2,86,96,122,42,16,14,134,59,123,136,228,12,107,1210,25
"COG3718",846,1135,933,1598,517,886,862,507,871,670,522,832,595,606,938,801,1040,921,189,590,579,721,663,1057,68,133,364,863,897,757,332,71,529,477,634,770,43,736,840,804,636,509,1139,713,33,595,482,217,882,319,886,988,793,414,609,608,90,782,953,326,52,822,766,1313,711,922,1365,637,725,215,845,626,432,48,1244,641,1486,512,497,917,1092,679,770,1570,612,651,105,343,332,679,919,696,1058,122,131,154,861,536,61,666
"COG3719",10,8,11,94,143,14,16,172,19,11,14,7,15,15,17,26,9,23,29,7,5,6,60,13,782,36,60,37,51,4,29,240,23,19,11,79,52,8,25,12,12,55,42,24,162,12,14,153,36,107,21,63,14,65,14,30,17,5,13,39,32,44,13,10,2,13,3,19,11,229,73,71,11,40,9,8,21,25,42,32,73,43,91,95,1,10,846,25,17,12,12,27,12,762,545,17,24,51,39,17
"COG3720",200,65,22,17,267,25,4,754,59,24,6,27,51,54,55,122,4,110,393,39,105,12,46,11,440,126,367,55,8,44,309,287,11,131,14,189,144,47,27,44,78,219,110,85,1186,27,65,1027,78,114,100,4,34,201,32,256,43,14,58,43,266,54,35,23,54,108,67,216,111,146,49,68,58,419,27,23,80,242,105,178,23,43,128,17,77,392,300,119,6,326,88,31,78,2013,529,614,51,81,97,112
"COG3721",0,5,5,0,2,0,1,48,0,0,0,2,2,0,0,0,0,0,1,0,1,0,0,16,19,1,0,0,0,0,42,1,0,0,0,0,0,0,0,0,0,0,0,0,1,0,0,0,0,2,2,5,5,2,0,0,2,0,0,0,1,0,0,2,0,0,0,0,0,4,0,0,0,2,2,0,0,6,14,0,0,0,0,0,0,0,2,4,0,15,0,0,11,60,14,0,2,0,36,0
"COG3723",31,41,15,95,99,5,90,191,33,10,48,36,122,38,38,13,8,30,1047,11,12,2,52,10,2126,4009,261,36,5,3,123,2335,4,129,5,53,3564,521,39,72,68,92,31,40,1685,38,1627,65,32,150,4,29,3,57,110,79,1574,114,21,42,6356,89,51,38,56,5,6,23,14,1510,17,984,17,10606,141,39,14,24,15,27,0,22,70,73,6,92,934,241,48,33,9,16,13,283,1792,2159,24,12,1262,7
"COG3724",480,658,403,219,1464,431,289,1247,199,36,248,333,129,165,268,125,243,329,676,283,362,90,674,431,2312,565,877,317,273,319,502,1448,108,1990,212,535,1785,176,126,197,430,682,192,319,1472,166,126,1471,170,1853,477,909,355,365,264,693,663,249,357,282,914,353,541,572,260,424,1143,280,228,851,259,1298,356,441,233,247,206,204,1423,642,73,298,502,299,362,483,2096,332,179,301,437,266,696,822,1770,798,342,217,2810,222
"COG3725",19,74,74,19,860,11,27,482,55,46,101,18,15,49,74,58,40,37,540,167,82,37,214,69,515,330,518,141,44,55,203,901,60,522,50,298,912,76,82,88,215,256,129,90,929,90,60,27,122,850,8,120,4,59,76,50,148,25,6,27,205,10,30,12,23,16,19,38,24,109,17,192,34,149,9,21,37,28,408,65,22,56,106,4,4,49,54,51,24,10,17,78,4,393,87,176,21,13,496,10
"COG3726",11,5,0,4,354,0,1,48,3,34,6,2,2,8,24,49,1,5,544,3,33,9,38,3,28,162,405,39,20,15,113,726,40,198,3,166,333,19,14,0,5,67,53,15,596,5,19,7,122,45,0,33,1,54,132,28,139,0,1,26,396,10,3,4,1,0,25,8,17,208,1,73,17,605,3,5,5,6,104,67,25,2,163,6,0,33,40,24,12,5,0,34,0,38,22,410,17,53,120,2
"COG3727",205,126,201,12,235,101,289,328,146,403,118,206,205,174,223,308,174,339,158,146,257,90,216,98,227,131,179,203,129,237,327,141,78,254,150,225,86,381,211,206,135,232,271,227,94,173,66,277,135,122,267,111,152,319,325,461,410,178,105,159,73,68,156,160,132,91,14,191,276,159,219,173,177,138,222,183,124,231,171,176,58,282,241,7,181,172,198,308,628,276,90,439,99,544,496,142,213,213,49,198
"COG3728",19,13,15,81,132,1,23,501,27,18,13,60,27,26,13,31,24,10,430,13,16,35,19,12,485,1546,80,28,10,5,26,1065,58,136,45,44,1252,22,21,13,14,37,17,39,725,27,795,1210,55,20,5,23,2,27,28,15,1196,25,16,11,3580,15,31,13,13,22,43,27,18,715,35,50,22,2882,22,16,39,4,23,36,51,10,13,86,7,26,348,139,34,20,37,21,19,100,1362,727,30,19,23,3
"COG3729",0,1,0,0,9,0,0,1,0,0,0,0,0,2,2,1,1,2,2,0,0,0,13,0,9,0,12,0,0,0,3,42,1,10,0,1,21,0,1,0,1,2,1,0,30,2,22,5,6,3,0,0,0,0,9,0,1,1,0,1,4,0,5,3,1,0,0,0,1,23,2,9,0,5,0,1,0,0,0,0,2,0,1,2,0,1,13,1,0,0,0,0,0,35,0,1,0,2,0,0
"COG3730",136,150,107,120,1,11,30,0,102,2,86,76,41,87,47,153,133,108,110,171,35,67,3,101,1,100,10,1,42,36,37,6,104,2,184,0,57,272,0,119,134,116,1,15,2,168,67,0,1,1,143,172,35,17,22,11,0,91,93,75,78,76,164,99,126,85,0,251,338,6,0,0,48,72,98,59,1,185,1,21,25,0,0,126,402,90,0,76,0,112,87,0,95,0,1,67,73,28,11,210
"COG3731",93,92,102,83,1,3,24,0,78,0,67,35,25,57,35,108,114,70,59,98,17,70,0,83,0,43,10,0,19,20,18,1,58,6,116,1,31,188,1,84,91,85,0,16,0,109,70,1,0,0,98,99,12,13,18,4,1,60,52,47,60,55,119,82,83,85,0,178,257,3,0,1,44,41,81,38,0,92,0,29,22,2,0,104,260,64,0,28,0,58,91,1,65,0,0,39,61,15,3,156
"COG3732",210,183,242,238,1,32,67,0,182,4,221,114,70,131,74,258,248,166,159,273,52,139,4,228,1,135,10,0,82,67,60,10,168,8,309,0,90,477,0,199,225,233,1,39,3,301,149,2,1,1,222,374,48,22,35,11,2,140,203,160,115,157,344,241,221,166,0,375,530,7,3,3,76,122,202,101,4,259,0,56,49,0,3,247,550,166,0,121,1,144,160,1,202,0,0,65,167,60,11,367
"COG3733",633,775,496,316,401,1212,586,164,654,41,677,711,1102,671,484,615,589,646,163,413,603,462,679,1101,104,130,409,942,647,968,1008,49,789,262,627,782,20,484,790,500,378,827,670,607,139,859,501,8,920,452,481,671,748,883,498,184,47,430,401,790,75,735,901,596,416,513,186,866,573,214,836,383,490,46,365,403,637,613,441,420,426,766,650,221,533,1088,61,1208,37,1168,517,142,893,312,52,94,826,1036,53,644
"COG3734",347,436,367,951,288,258,369,421,302,238,148,387,274,274,226,153,513,356,79,57,237,237,188,455,694,78,222,129,460,280,163,259,326,166,161,235,106,143,102,322,168,251,245,404,80,57,80,657,187,199,348,514,267,287,56,366,45,305,304,75,72,516,408,465,199,382,1072,177,134,143,180,153,184,37,507,396,250,141,165,462,500,131,233,914,142,150,997,193,92,327,343,96,364,1717,696,43,397,225,46,213
"COG3735",239,185,118,441,1303,173,49,1050,158,382,66,98,112,160,249,184,31,168,514,227,205,102,571,159,2523,524,646,500,235,183,478,1253,122,1354,132,472,1578,109,301,113,286,479,288,178,1548,63,89,833,295,1569,204,602,123,443,261,371,872,51,146,121,742,266,115,192,145,120,369,200,176,1174,337,955,224,245,84,125,357,139,1148,399,179,374,760,383,42,168,2944,317,422,173,113,446,145,519,1917,525,73,269,2047,81
"COG3736",8,0,0,10,45,10,0,103,8,7,1,2,2,1,6,6,1,15,8,0,1,0,4,0,288,9,25,7,17,1,6,29,3,10,0,34,9,3,8,0,19,4,21,34,103,2,4,39,9,9,6,19,1,24,5,14,15,0,2,11,12,2,10,1,3,0,0,0,9,159,36,15,1,23,8,4,3,7,23,12,1,1,42,23,0,1,602,21,0,4,1,38,0,620,198,8,8,43,16,2
"COG3737",123,158,131,321,114,52,115,250,139,155,76,72,212,166,118,146,153,67,49,124,113,70,132,126,132,30,84,143,114,104,176,87,117,40,168,152,25,119,154,100,113,129,176,76,237,135,63,403,211,132,137,93,59,138,65,98,31,101,132,64,26,93,84,120,116,136,317,153,126,65,126,128,137,31,154,112,229,86,94,157,190,120,135,240,82,145,95,154,82,201,152,122,109,443,156,15,90,160,22,116
"COG3738",47,71,16,40,92,19,6,423,43,30,13,9,35,99,51,35,12,37,83,31,67,19,49,21,271,32,84,22,18,62,71,115,16,110,73,34,32,36,25,38,61,84,28,52,30,42,14,210,65,44,73,21,38,103,18,58,192,31,79,28,98,70,14,51,58,35,105,71,34,26,30,23,51,428,18,29,88,49,47,99,15,28,123,48,43,75,222,28,8,46,37,20,51,96,512,92,15,22,29,63
"COG3739",6,50,0,2,336,28,7,973,8,19,4,3,14,28,30,15,2,13,175,6,14,1,91,0,845,75,176,57,50,12,58,201,7,57,2,151,141,26,27,2,11,47,39,44,121,3,41,555,69,120,13,37,10,99,25,37,39,0,5,36,294,2,7,1,1,1,4,19,9,282,45,330,5,183,5,10,6,13,99,44,4,42,99,7,1,17,868,61,6,18,0,41,0,184,843,288,9,52,238,3
"COG3740",190,198,181,515,160,34,268,1772,121,90,121,57,230,130,75,523,179,61,12945,56,82,221,54,91,4202,14243,220,112,77,50,148,3862,215,33,32,117,8031,417,31,175,102,145,49,426,855,163,14811,1863,61,123,63,288,23,182,158,136,1457,183,40,189,12597,184,137,157,81,44,232,73,116,19487,65,319,97,18385,467,113,52,60,55,76,108,37,64,474,164,127,2680,196,79,78,28,24,316,1167,6868,18887,135,108,520,192
"COG3741",579,721,558,974,859,530,616,2288,631,490,329,550,746,677,845,459,726,581,72,299,617,455,1261,632,2579,116,535,1104,874,584,468,490,482,1210,629,1120,163,472,1095,554,512,470,1095,761,882,361,196,2878,1068,684,658,581,526,623,765,706,325,588,573,137,201,708,583,750,560,587,1459,564,514,503,984,771,515,81,785,842,1583,383,529,847,815,1201,1013,1010,290,309,2183,427,335,664,558,526,764,1698,2555,85,606,371,102,465
"COG3742",1,0,0,0,1,0,0,1,3,8,0,1,0,1,4,3,0,3,0,0,0,0,3,0,10,2,1,8,0,1,4,15,0,0,0,17,0,1,3,1,0,2,6,11,79,0,1,0,3,0,11,0,2,2,10,7,1,0,0,0,1,1,3,0,1,1,0,0,0,90,47,14,0,0,1,1,1,5,2,0,0,0,11,0,0,0,17,11,9,3,2,13,0,1,34,0,3,5,0,0
"COG3743",613,762,830,560,399,86,269,5400,729,30,122,253,486,455,482,489,1060,677,173,225,470,57,78,765,4124,117,319,160,370,177,251,525,175,116,681,354,121,899,140,415,509,258,122,270,183,339,272,3432,129,488,979,875,160,757,96,526,78,670,242,155,188,372,228,762,394,347,539,235,1324,337,117,189,268,89,534,191,78,476,228,1163,159,82,170,508,441,165,2514,298,14,377,326,67,613,4657,6746,234,474,334,160,492
"COG3744",49,27,50,40,46,33,34,13,22,102,2,29,50,32,20,18,66,33,47,5,14,65,31,56,40,82,53,15,79,30,41,173,50,14,18,36,118,7,15,23,19,34,21,18,290,2,22,30,12,68,15,48,6,9,10,32,27,7,2,1,26,17,25,8,7,4,0,6,4,50,5,6,7,4,17,1,6,5,3,21,75,13,18,12,1,4,15,7,35,14,1,16,4,52,9,18,5,3,64,6
"COG3745",26,8,2,25,357,40,9,2504,36,67,5,5,93,96,52,26,8,33,95,11,31,3,89,3,2332,37,137,95,62,12,132,770,36,150,14,268,126,34,53,19,26,45,102,54,649,4,43,1019,156,363,23,42,21,179,56,98,103,13,18,30,169,8,24,3,9,7,11,28,28,400,162,156,40,84,10,26,60,28,143,78,5,85,151,7,2,12,1981,146,122,82,4,90,2,2466,2679,86,29,106,94,7
"COG3746",316,200,393,204,638,484,393,2079,527,533,224,301,447,683,268,485,439,252,890,238,289,217,462,322,1481,424,427,336,554,357,925,1414,206,469,323,646,506,389,298,319,306,331,324,353,493,262,150,370,434,707,214,264,402,713,176,515,495,285,301,206,719,281,313,247,271,357,299,413,228,500,399,339,263,1332,246,501,372,340,991,429,270,294,764,261,133,155,970,624,549,655,347,592,232,1295,1006,1066,341,529,231,297
"COG3747",14,3,13,34,27,0,4,210,1,2,10,0,53,12,6,7,1,5,1082,0,7,3,18,6,1339,2493,32,9,2,1,23,501,5,11,2,43,1438,6,2,0,10,76,13,36,467,4,575,64,1,27,2,11,2,82,3,20,254,0,1,13,3602,11,2,11,1,1,15,3,1,1086,13,7,2,7498,3,16,19,2,19,10,1,4,8,32,0,16,415,56,3,6,1,16,11,65,774,2300,5,8,39,1
"COG3748",941,1396,1428,1296,1144,993,1204,371,1554,1859,1714,1287,1066,1360,1533,1470,1484,1034,495,1669,1176,1323,1602,1657,263,508,681,1651,1237,940,1213,699,1128,750,1666,1255,678,1480,1677,1442,1348,1335,1481,1221,525,1709,484,390,1579,1180,2861,3685,3106,2969,3980,1306,1603,4140,4087,3995,1510,3206,3994,3758,4209,4617,3834,4972,5118,841,4457,3252,3399,1322,3584,4257,4210,3589,3398,3215,3881,4777,3926,3194,3378,4137,449,4572,3303,3235,4740,4441,3951,1926,603,1082,4298,4169,2468,4785
"COG3749",65,42,76,560,388,99,73,921,84,300,29,54,126,117,390,96,102,60,456,61,51,67,649,105,876,149,252,194,238,89,131,624,111,214,51,324,240,106,356,60,47,127,276,108,841,31,63,856,226,315,62,120,85,218,177,191,577,57,49,54,230,131,69,38,41,144,481,52,79,305,205,191,68,376,59,104,239,35,443,89,204,536,274,504,24,51,695,96,91,89,128,207,24,1267,825,327,93,129,105,28
"COG3750",100,119,97,375,70,75,78,300,72,30,35,55,104,101,52,40,105,61,20,13,66,46,43,110,455,48,83,19,102,68,66,141,103,24,68,79,34,41,24,59,51,63,32,101,128,15,21,265,36,80,106,145,45,99,29,132,23,55,110,26,36,155,66,105,58,85,372,41,25,203,45,65,52,178,104,87,17,40,30,150,134,24,67,323,32,26,437,56,25,87,77,20,136,380,409,16,77,43,22,33
"COG3751",639,843,1174,1092,1466,471,735,4179,729,483,1146,603,576,798,711,1664,884,739,6189,904,653,981,831,1073,2221,8460,1237,770,595,575,1211,2946,755,1365,996,832,8663,2146,667,996,1344,1439,609,1110,2432,840,11832,2820,641,1909,638,1119,600,896,715,640,3103,910,743,1154,10498,947,1138,635,1026,756,782,1509,1440,3345,677,1527,1084,5207,1977,910,598,1093,1479,713,730,791,983,945,630,1369,1363,1007,607,634,730,727,980,1072,1302,4939,806,658,2484,1060
"COG3752",3370,3619,2381,4929,488,2982,1940,1099,3170,593,2931,2542,2521,2286,1855,3663,2921,2506,697,3325,2965,2726,1246,2594,1041,584,1909,1273,2606,2778,2154,390,2189,708,3298,706,267,2803,1382,2479,2796,2675,918,2295,438,3357,1070,350,1610,600,4140,2573,2898,2140,1053,2477,295,2523,3997,2903,397,3098,3208,3430,2907,4024,4475,3177,2850,628,1079,963,2364,280,2237,2028,1232,2700,367,3475,2047,1088,1135,5938,5044,4004,564,2399,642,2886,4103,494,3611,1025,757,630,2418,2405,250,2956
"COG3753",2,0,0,0,0,0,0,0,0,0,0,2,0,0,0,0,0,5,6,0,0,0,0,0,1,0,0,0,0,0,0,0,0,0,0,0,0,0,0,1,2,0,15,0,0,0,0,0,0,0,2,8,1,0,0,13,0,0,0,0,3,0,0,0,0,0,0,0,0,0,0,1,0,0,0,0,0,0,0,0,0,0,0,0,1,0,0,0,0,0,0,0,0,0,0,56,0,0,5,0
"COG3754",1063,90,532,261,541,106,316,545,145,433,83,115,63,93,93,39,291,112,157,87,661,394,58,472,118,1430,278,80,547,117,79,536,143,104,378,176,103,45,42,195,283,88,100,290,459,55,126,833,58,661,101,422,77,277,87,1467,363,284,555,198,227,210,314,191,338,121,214,47,56,426,153,190,1086,295,472,409,121,70,126,130,720,39,165,242,47,89,334,123,291,134,212,287,212,443,256,207,152,106,105,33
"COG3755",6,12,1,0,46,7,4,63,8,1,2,2,8,4,14,1,1,3,22,1,3,1,45,1,376,12,36,8,3,4,47,55,1,7,1,33,12,4,9,5,4,18,14,9,61,2,23,36,18,31,9,1,2,18,8,44,9,3,5,11,30,8,7,10,1,0,2,5,0,116,29,43,2,21,3,3,3,21,9,27,0,16,39,0,0,2,334,11,20,9,2,13,10,83,160,108,7,38,31,11
"COG3756",46,11,15,9,1,10,61,116,15,28,22,24,59,10,3,22,9,121,3374,5,15,7,3,8,859,3655,83,8,30,24,19,645,17,1,16,3,1383,145,5,33,42,79,4,94,1467,18,1400,155,5,5,5,9,6,16,9,14,1117,43,17,28,1991,45,10,22,26,11,16,3,10,2599,1,6,34,4494,56,14,14,10,3,4,31,5,1,8,15,57,539,15,35,27,19,20,60,30,718,3910,20,13,6,89
"COG3757",60,65,33,102,163,30,26,599,69,6,42,39,42,60,60,78,21,65,183,10,30,28,70,61,1455,588,168,37,68,19,110,324,24,300,78,144,645,22,35,32,43,162,42,75,320,14,133,385,49,140,98,21,35,107,23,161,338,35,38,50,928,66,34,104,34,58,120,99,40,343,90,95,38,768,22,77,48,95,40,123,10,42,124,141,10,129,1319,96,35,70,33,32,120,909,1427,178,42,63,31,58
"COG3758",3,3,0,91,24,1,9,16,8,1,3,1,37,6,6,3,5,1,98,0,20,17,28,0,101,48,8,42,5,1,31,88,52,1,11,26,31,7,12,1,2,13,30,1,25,0,19,52,72,56,2,15,2,12,10,6,6,1,17,6,72,25,1,0,0,14,154,0,2,51,41,8,22,142,5,3,92,5,13,4,20,15,21,97,0,3,56,20,0,23,11,3,0,65,94,165,3,10,10,0
"COG3759",1,1,0,6,21,3,0,52,3,0,3,3,2,2,9,14,1,4,27,0,2,0,16,0,129,7,15,18,4,1,9,23,0,16,1,44,6,2,14,6,4,3,21,24,10,1,18,56,1,15,16,10,0,36,2,25,46,2,0,15,40,2,1,1,2,0,34,2,2,30,17,21,0,22,0,0,19,22,1,3,0,3,27,4,1,1,498,5,1,0,2,8,0,47,152,69,2,32,5,5
"COG3760",446,510,466,392,337,649,433,604,394,514,420,508,576,427,473,301,494,435,41,287,310,550,385,549,444,107,242,451,677,596,392,76,469,279,343,538,40,210,459,399,330,460,434,463,299,339,76,912,501,301,467,277,693,355,265,357,254,398,344,385,107,611,393,578,335,387,655,307,271,119,497,383,275,23,525,549,556,333,332,544,839,328,419,330,312,482,384,426,353,529,371,430,504,147,628,64,517,310,46,367
"COG3761",912,931,983,753,375,1246,731,534,1015,812,1432,922,692,959,784,883,1021,946,225,1319,755,1130,579,1081,775,331,332,547,1227,1092,700,206,798,279,1118,502,223,919,635,1071,921,1119,411,950,350,1108,268,629,419,323,871,493,1275,636,646,409,358,1010,935,1541,332,981,887,821,1097,1132,861,1180,923,242,599,403,807,236,708,1012,329,1050,312,850,1291,521,477,535,1172,1096,644,863,538,907,1099,541,916,617,594,151,1075,642,41,1249
"COG3762",88,53,33,74,257,42,13,310,60,20,13,48,81,92,63,37,22,46,113,14,47,39,140,36,890,36,163,64,57,22,118,323,25,785,26,151,58,27,69,41,51,104,116,47,351,7,42,125,107,183,106,10,46,123,52,237,115,22,39,31,121,27,74,68,31,18,102,59,39,252,115,126,52,104,37,58,165,101,84,75,36,92,217,93,17,23,862,91,30,119,15,56,37,886,520,150,16,113,39,21
"COG3764",616,795,946,300,383,212,450,300,962,496,1022,409,523,498,508,748,1465,747,601,633,174,724,419,613,339,550,325,308,286,282,354,436,457,155,709,402,840,1193,325,1018,777,655,421,351,560,1153,738,29,243,798,642,877,361,346,427,196,474,913,643,809,481,337,1545,980,760,496,208,945,1448,614,331,227,237,289,1104,479,373,571,181,268,124,360,316,316,1771,803,868,353,725,646,493,665,842,111,305,315,939,253,776,561
"COG3765",39,78,36,9,45,21,5,506,61,124,102,3,6,39,108,87,35,43,25,129,35,12,112,51,16,30,72,78,1,54,110,39,17,70,72,91,25,58,119,50,83,62,95,32,35,98,24,0,70,68,29,37,9,25,113,6,11,32,56,55,24,9,15,31,86,51,20,47,88,30,92,94,53,52,8,39,149,71,67,36,3,112,61,5,64,76,2,123,32,49,43,69,9,8,3,28,26,85,22,64
"COG3766",60,42,43,23,346,60,101,379,35,23,17,57,145,84,38,37,56,77,98,44,62,68,197,19,258,131,231,125,94,80,192,315,96,82,30,116,518,42,47,91,113,144,40,130,384,13,37,668,75,529,41,252,62,163,76,93,194,56,25,35,145,34,50,47,36,21,7,80,46,134,91,435,86,18,58,93,30,64,351,97,41,75,124,13,19,80,153,144,47,98,23,82,23,156,413,75,56,49,879,42
"COG3768",6,47,41,20,974,5,3,342,15,69,5,4,17,15,87,14,2,8,452,80,70,4,370,12,444,344,615,247,34,10,308,1097,18,452,3,195,1296,27,70,15,170,344,89,46,983,4,39,221,123,1208,2,371,6,176,202,90,573,3,2,25,594,11,61,21,6,3,42,74,48,408,119,929,77,213,11,4,103,52,992,218,30,195,364,34,0,155,248,242,98,26,3,208,2,1284,335,439,6,89,2243,12
"COG3769",1090,728,1618,258,604,3082,2413,780,822,388,2575,2929,735,1534,296,663,1451,2012,312,1348,1609,2412,314,1235,351,699,2070,204,2655,3158,317,879,2228,323,944,230,1056,695,44,1920,1622,650,96,2756,1390,1490,368,505,28,1245,863,1160,3250,1394,178,2261,466,2100,1018,3116,255,1501,1460,1274,1660,747,12,1086,434,591,106,895,1992,71,1564,2766,31,1906,1139,1350,2823,131,218,271,173,266,293,140,544,256,720,493,640,1358,198,234,2433,122,1553,965
"COG3770",177,230,76,581,120,121,158,196,162,4,65,84,108,131,70,90,227,154,8,26,141,142,7,102,249,33,91,15,174,104,78,206,69,21,115,31,51,102,6,173,120,76,18,133,30,59,41,102,6,74,197,317,74,99,13,198,24,139,182,30,14,149,117,283,146,149,961,133,68,19,18,59,112,10,232,176,10,65,32,317,198,1,29,493,53,50,168,14,2,120,110,6,209,1179,328,8,102,35,87,100
"COG3771",0,0,0,0,0,0,0,0,0,0,0,0,0,0,0,0,0,0,0,0,0,0,0,1,0,1,0,0,1,0,29,0,0,0,0,1,0,0,1,0,0,3,0,0,1,0,0,0,0,0,0,1,0,0,0,0,0,0,0,0,6,0,0,0,0,0,0,0,0,0,0,0,0,0,0,0,0,0,0,0,0,0,0,0,0,0,0,0,0,0,0,0,0,0,0,0,0,0,24,0
"COG3772",145,188,730,818,182,84,285,7099,151,155,215,121,138,428,140,1709,155,127,7346,71,79,461,115,692,8238,10225,179,82,149,64,108,2977,1049,84,63,179,4945,791,79,259,446,192,85,401,855,171,8551,5574,128,160,74,589,48,176,101,105,1828,213,223,343,8874,609,415,188,314,59,168,207,209,13281,80,182,180,12335,958,192,89,204,97,116,171,108,112,620,98,148,6376,148,125,93,50,110,401,488,11456,11781,392,103,110,122
"COG3773",693,913,2493,2335,794,317,1242,6123,521,632,914,623,779,644,895,546,756,719,8029,320,266,1035,654,2400,9085,10091,497,327,975,419,309,7972,2350,1353,372,772,4333,2587,652,1039,697,482,361,1384,4329,721,12190,9647,487,477,614,2092,325,536,771,631,4885,1075,563,829,10592,1517,1485,984,511,385,780,536,505,16456,489,599,441,21108,2663,872,476,438,284,588,1475,580,368,1708,469,313,8097,700,346,503,330,476,1354,1664,8685,13115,1902,474,195,569
"COG3774",561,364,823,1575,110,383,293,813,329,60,726,332,301,363,198,471,307,398,2308,478,300,325,90,739,662,2675,181,64,437,398,103,464,317,84,450,55,1399,453,59,429,414,277,86,582,250,395,3092,1036,67,53,484,380,473,218,86,250,964,319,524,683,2273,730,513,462,403,493,301,197,400,1006,84,81,686,2112,595,709,109,274,95,261,487,76,56,1291,358,267,289,143,146,254,464,91,692,162,318,2207,314,84,59,220
"COG3775",1,0,0,1,0,0,0,1,0,1,0,1,2,0,0,0,0,1,75,0,0,0,0,0,0,0,1,1,0,0,1,11,4,0,1,1,0,0,0,0,1,0,1,1,1,0,0,0,3,1,11,6,0,2,0,0,3,0,0,1,5,0,0,0,0,0,0,0,0,0,0,0,0,10,0,0,4,1,0,0,0,0,1,0,0,0,0,0,0,0,0,1,0,34,0,27,1,0,3,0
"COG3776",0,1,0,0,0,0,0,0,0,0,0,0,0,0,0,0,0,0,0,0,1,0,0,0,0,0,0,0,0,0,12,0,0,0,0,0,0,0,0,0,0,0,0,0,2,0,0,0,0,0,0,0,0,0,0,0,0,0,0,0,1,0,0,0,0,0,0,0,0,0,0,2,2,0,0,0,0,0,0,0,1,0,0,0,0,0,0,1,1,0,0,0,0,0,0,0,0,0,26,0
"COG3777",597,796,715,497,277,1049,679,148,548,307,449,824,764,589,537,342,791,616,174,138,412,510,370,829,930,119,438,360,1062,971,317,390,678,145,389,435,78,321,407,623,373,419,431,797,208,273,122,175,380,229,577,521,940,563,276,581,65,660,412,285,111,705,655,903,411,480,323,331,305,343,431,485,333,251,849,855,548,423,239,692,982,283,360,405,263,325,904,308,247,658,361,285,788,579,784,137,832,282,77,377
"COG3778",5,0,0,15,3,0,0,28,0,0,3,1,0,1,0,0,4,0,5,0,0,0,1,0,90,4,8,1,8,1,4,42,0,20,0,4,10,2,1,1,0,53,2,4,45,0,36,8,5,1,1,1,0,2,9,1,23,0,0,0,17,0,1,0,1,0,0,0,0,41,1,13,0,12,0,2,0,0,4,0,0,1,12,4,0,4,21,2,0,1,0,0,0,21,88,5,2,1,8,0
"COG3779",3,0,0,0,2,0,0,0,0,27,2,3,0,0,4,1,0,2,55,0,0,0,0,0,2,24,1,1,0,0,6,52,0,0,1,4,15,1,3,0,4,7,2,2,3,1,0,0,3,3,3,0,0,3,5,34,1,0,0,6,26,19,1,25,0,0,0,0,0,20,1,4,0,93,0,0,0,1,1,0,0,1,2,0,1,2,4,4,0,4,0,16,9,0,16,202,3,13,18,0
"COG3781",385,281,187,578,262,61,182,267,312,32,57,112,253,300,170,270,640,137,220,25,341,86,101,231,91,237,108,86,143,38,90,203,154,318,576,160,148,684,33,141,321,83,118,379,254,36,83,113,70,247,337,125,60,206,110,756,160,173,306,82,203,139,139,162,398,423,446,72,320,166,103,125,886,315,485,307,413,175,95,164,269,120,548,384,35,40,166,68,33,126,463,74,167,121,174,208,111,187,107,85
"COG3782",95,83,37,274,324,17,41,794,59,21,16,9,77,88,69,82,33,55,411,16,53,49,187,31,327,166,292,92,64,19,157,788,62,240,46,260,344,69,36,38,53,154,105,112,1207,8,83,197,106,320,74,70,8,153,98,230,218,35,49,43,313,102,112,59,33,39,438,66,71,181,98,114,70,392,69,109,245,101,593,106,93,71,268,358,8,46,165,71,8,146,45,56,58,1139,247,285,46,117,162,39
"COG3783",0,2,1,0,74,0,0,1,1,2,0,0,5,0,1,0,0,0,28,1,17,0,6,0,2,27,1,0,0,0,41,26,3,96,0,3,11,2,2,0,0,34,4,0,21,0,3,1,7,0,0,1,0,0,2,1,34,0,0,3,72,0,1,0,0,0,10,0,0,14,0,4,1,9,0,1,1,0,38,26,5,1,65,0,0,0,1,2,8,0,1,5,0,0,0,82,0,1,32,0
"COG3784",9,17,1,8,152,5,3,291,7,13,3,3,24,14,9,15,10,5,162,7,22,1,34,6,407,80,79,22,22,5,36,268,13,166,2,111,89,9,7,10,8,37,29,14,457,4,8,137,50,122,11,24,5,35,35,81,83,0,4,11,166,10,15,3,1,6,8,12,14,79,7,37,14,172,7,2,7,4,222,26,9,17,99,19,2,9,144,27,23,17,2,22,7,520,411,215,4,9,46,7
"COG3785",452,483,497,407,290,650,438,159,474,376,751,499,350,480,386,377,512,570,128,600,401,690,304,623,244,162,168,414,593,554,352,56,458,203,516,435,94,447,373,488,493,439,357,478,56,581,139,173,416,242,1304,1305,1966,964,1118,509,377,1782,1448,2354,347,1670,1497,1513,1658,1647,1445,1713,1466,306,1488,683,1210,288,1102,1658,1401,1532,729,1223,2152,888,973,1049,1773,1455,690,1385,589,1258,1685,749,1538,187,696,194,1649,1220,45,1745
"COG3786",403,439,501,275,143,541,300,207,399,279,727,498,313,453,304,358,493,443,106,603,319,556,186,509,134,187,157,202,534,510,263,43,375,117,423,191,103,361,242,436,439,460,168,459,59,513,145,294,183,80,1258,488,1762,803,763,451,357,1545,1194,2359,452,1407,1136,1112,1356,1556,966,1450,1109,134,720,423,1104,292,860,1593,398,1391,358,1171,1886,589,588,604,1717,1458,318,976,543,1043,1381,609,1290,584,670,211,1536,850,67,1591
"COG3787",17,10,9,30,64,1,6,0,40,122,4,8,61,20,106,102,22,19,9,22,28,4,140,2,2,3,43,98,3,17,73,0,38,18,23,77,0,13,171,23,9,49,207,12,3,40,0,0,137,47,27,10,8,61,44,74,24,21,20,5,5,24,9,2,17,38,240,22,21,6,66,113,16,46,4,1,313,50,37,17,5,94,114,55,4,31,0,98,125,31,22,104,2,0,0,5,22,181,14,48
"COG3788",189,214,180,229,455,176,125,392,201,22,173,176,78,140,103,134,134,196,171,182,140,146,256,285,371,210,275,194,305,184,258,427,179,315,149,228,590,104,119,124,218,243,124,173,705,124,73,214,118,726,117,402,166,143,137,181,251,112,189,185,240,263,224,222,194,311,198,176,155,257,132,392,168,38,103,200,77,130,503,213,317,175,198,215,207,199,186,193,81,160,280,118,212,384,462,220,209,158,1038,128
"COG3789",1,14,14,0,413,9,0,3,5,23,3,1,32,6,28,10,2,7,296,32,10,0,207,0,3,181,245,108,14,9,169,402,11,86,1,154,516,17,32,6,65,84,43,24,418,1,11,4,85,460,1,192,1,93,87,36,204,1,0,15,254,5,8,0,4,0,3,21,32,175,55,424,34,289,2,0,40,16,421,50,1,72,134,6,0,59,15,100,40,14,1,89,3,35,14,252,9,39,1033,6
"COG3791",3538,3750,2605,3312,3561,3427,2953,2922,3206,3451,3627,2967,3148,3131,3968,2913,3674,3379,1440,3485,2659,3670,4180,3518,2546,1228,2283,4211,3784,3480,2805,1865,3391,2695,3280,4307,1460,3001,3940,3008,2871,3526,3985,3655,1566,2979,867,2650,4191,3052,3232,2483,3581,2586,3136,2229,1204,2980,3057,3843,1460,2995,2860,3476,3104,3426,2599,3644,3213,1074,4173,3557,2767,1175,2958,3199,4311,3215,3110,3186,4849,3857,3825,2839,3270,3481,2146,3564,2513,3679,3450,2995,2910,2251,2607,1416,3478,3117,2369,3638
"COG3793",4,0,0,10,24,2,3,22,2,36,1,1,19,8,9,12,1,0,121,0,4,0,8,2,70,34,87,17,3,2,19,104,0,0,4,30,72,2,3,0,1,9,22,4,3,0,0,19,11,13,1,2,1,17,17,6,3,1,10,3,102,11,3,0,2,4,5,1,2,22,0,11,7,174,1,0,1,0,32,8,10,1,60,8,2,9,9,4,47,14,4,38,0,21,57,139,2,18,21,0
"COG3794",3822,3183,5442,1620,891,2446,3010,933,2902,1743,2228,2743,4442,2908,2563,4199,3446,2598,9462,2927,3911,2066,1449,4149,956,3133,2316,1509,2019,2742,2722,809,2816,1925,4061,1517,1761,5351,2009,3336,2480,2550,2642,3109,848,2794,29906,703,1476,611,3747,2470,2551,2482,3132,3068,1470,3032,3585,2494,1988,2936,3101,3342,2817,2600,2467,2671,3847,6328,1772,1158,3167,938,6928,2419,1821,2821,1044,3163,1500,2097,1647,1494,2247,2621,393,3686,2150,4091,2764,1956,3175,983,380,4277,3227,4824,294,3389
"COG3795",10,2,0,8,137,11,2,594,4,4,6,2,6,18,16,21,0,24,282,2,7,0,33,0,377,76,89,40,21,10,37,502,4,107,4,127,136,7,13,1,6,22,93,46,177,3,24,65,48,91,10,5,3,50,57,106,41,1,3,29,177,4,17,5,2,0,5,8,7,206,48,43,5,298,3,7,14,29,37,28,3,9,79,7,1,6,477,37,0,13,1,20,1,810,335,336,7,42,52,4
"COG3797",5,2,0,9,59,4,0,108,15,7,3,4,5,4,26,17,0,12,24,3,0,0,65,2,335,12,35,26,18,1,31,43,5,40,2,82,13,4,36,0,5,27,26,32,54,4,3,328,4,56,8,4,2,54,8,44,110,0,2,26,50,3,6,4,0,0,2,5,7,96,55,65,2,21,0,3,56,51,22,14,0,57,186,14,2,1,819,18,40,16,2,35,1,62,370,14,2,89,18,7
"COG3798",2,1,0,0,49,5,2,12,4,0,3,1,2,8,13,3,1,1,17,0,2,0,48,0,226,4,31,15,4,0,15,60,0,6,0,44,8,8,7,0,0,12,19,16,27,3,4,18,23,39,3,13,3,21,10,7,6,0,0,17,23,2,5,2,1,0,0,0,4,134,35,41,0,12,0,5,2,6,4,5,0,31,62,1,0,0,310,12,11,1,2,14,0,23,89,8,7,16,3,1
"COG3799",2,0,0,0,1,0,0,0,2,10,0,0,60,7,1,0,0,0,0,0,0,0,0,0,0,0,0,10,0,0,42,0,0,3,1,8,0,0,3,0,0,0,0,0,0,1,0,0,10,11,0,0,0,16,3,0,2,0,0,0,3,0,0,0,0,0,0,0,0,0,17,2,0,0,0,0,0,0,3,0,0,0,3,0,0,0,0,98,15,15,0,10,0,0,0,0,0,30,4,0
"COG3800",2496,3739,4004,2835,1244,5136,2516,1633,3168,3827,4831,3200,2066,2841,2978,2516,4083,3383,825,4975,2428,4167,2314,4586,2816,1070,776,2033,4233,4314,1743,1001,2825,1078,3563,1766,646,3423,2554,3125,3343,3047,1732,3145,853,3677,1170,3700,1618,1111,2422,2438,5029,1716,2140,715,1201,3371,3504,5003,745,3232,3257,3563,3726,4024,2487,3464,3257,917,2121,1053,2755,611,3235,3258,1123,2821,945,2581,5019,2257,1732,1868,3784,3128,2368,2365,1867,2557,3780,2387,3972,3442,2122,578,3448,2071,116,3719
"COG3801",0,0,0,0,0,0,0,3,14,3,0,0,25,5,2,36,0,4,0,42,28,0,11,0,2,1,4,1,0,0,18,1,22,0,9,0,0,21,5,2,8,21,3,1,1,8,0,0,0,0,2,0,1,12,1,0,2,0,10,0,1,1,0,0,9,14,0,37,43,8,4,3,21,1,0,0,20,9,0,4,0,1,0,0,0,13,2,21,0,16,17,0,0,9,3,0,3,20,0,7
"COG3802",93,5,4,30,93,4,8,356,36,98,7,0,187,100,126,45,27,4,77,59,34,2,215,3,224,47,65,227,3,4,192,38,112,84,30,186,50,12,252,15,12,213,216,16,76,162,69,286,229,119,3,2,1,257,119,20,17,21,9,30,36,3,24,9,18,40,14,112,42,98,166,122,27,24,8,4,230,185,80,53,14,96,202,21,33,224,339,178,67,246,34,94,1,162,113,35,16,102,23,50
"COG3803",1242,1554,1562,1583,1025,817,1067,1336,838,591,794,901,1065,901,1145,584,1619,894,686,700,729,665,1190,1697,847,716,766,944,918,784,679,1193,806,1187,901,921,1082,919,872,1105,804,918,681,900,1789,717,409,1184,821,1257,991,1222,861,743,694,894,513,1015,1070,647,524,1506,1318,1622,858,1371,1434,703,876,516,790,619,809,363,1515,975,890,528,1020,1125,1338,1015,899,1153,947,896,559,523,430,1075,1243,593,1565,1652,1100,500,1102,588,715,806
"COG3804",234,161,158,103,136,26,114,413,280,545,124,54,255,242,230,324,290,162,28,269,242,16,344,158,188,39,98,291,18,21,144,240,184,83,380,187,22,498,254,181,344,181,248,40,197,320,102,6,320,177,219,120,12,217,371,145,58,143,249,70,37,58,188,88,301,324,56,398,424,123,241,318,219,44,237,68,79,230,119,229,7,328,290,135,779,404,75,218,690,265,317,502,88,43,223,29,86,207,14,259
"COG3805",35,15,15,20,22,19,46,59,36,21,1,24,131,71,18,15,19,11,62,8,44,21,13,12,99,40,40,27,38,21,77,139,90,67,19,36,44,14,7,13,17,62,10,37,362,7,9,313,29,34,14,28,31,101,8,43,8,13,27,10,34,30,17,16,23,28,0,28,6,21,15,17,40,95,33,13,6,22,15,30,46,7,7,11,12,17,121,84,29,83,27,26,9,44,62,78,33,21,31,14
"COG3806",538,525,493,987,1455,615,450,2026,403,81,401,424,621,437,246,212,439,374,585,291,366,651,523,562,1185,539,879,355,793,478,637,1476,681,512,324,526,1765,325,161,399,466,590,180,491,2758,345,192,1665,167,2002,371,1347,480,637,320,619,768,341,436,287,678,630,465,514,386,421,1161,375,265,689,199,1220,346,177,533,423,141,301,1112,705,901,253,371,869,387,494,716,429,232,591,399,241,622,1730,1487,492,389,168,3118,316
"COG3807",1297,1356,1434,1083,591,1704,1066,759,1385,1368,2022,1329,1176,1401,1126,1102,1371,1346,290,1884,1084,1627,694,1540,974,455,558,813,1946,1448,999,195,1171,471,1529,705,256,1264,797,1496,1308,1506,518,1321,449,1573,389,943,600,390,1331,754,1662,982,767,601,455,1512,1333,2142,360,1499,1228,1385,1525,1670,1399,1581,1262,283,791,528,1182,283,1108,1690,403,1424,422,1227,2202,697,600,861,1743,1655,921,1167,696,1260,1568,825,1555,878,1038,212,1579,879,60,1640
"COG3808",12964,13321,11070,11404,6582,15058,10409,3526,14547,13458,15033,12789,12999,12217,13768,14140,12574,12008,2951,13682,10847,14632,12205,11925,4118,3583,6487,11769,14224,13499,11768,1555,10651,9908,15353,10910,1711,12753,14266,11598,12509,12332,13942,10574,1473,15932,4223,3886,11798,5085,13184,13144,14885,9737,15985,7428,6645,12046,13849,14326,2651,12638,12348,12907,13195,13348,10899,14122,14785,2137,12627,7053,9958,2431,9760,10072,11827,12515,6627,11500,11695,13722,10860,10960,16776,15263,4151,14209,13093,15176,14385,12967,14092,1189,3452,2728,11988,14442,1108,14096
"COG3809",5,5,0,1,40,10,4,224,3,1,2,4,1,14,4,12,2,16,14,1,2,0,26,3,205,13,19,30,8,3,11,158,3,14,0,54,35,15,7,7,9,8,20,27,7,1,6,64,22,77,13,3,8,19,12,50,8,2,4,12,15,5,6,2,0,0,1,6,12,88,53,34,1,18,4,3,5,7,22,16,0,11,41,0,0,2,139,13,9,1,3,29,1,373,93,11,10,12,40,3
"COG3811",3,0,2,0,12,4,2,58,1,2,3,0,1,2,2,0,0,3,3,0,0,0,1,0,83,2,6,6,10,1,4,24,0,5,0,16,2,3,1,3,7,1,10,5,10,1,0,45,1,8,3,2,5,8,4,14,6,0,0,5,10,2,1,1,0,1,2,1,1,28,3,4,1,4,2,3,1,1,2,6,1,0,6,3,0,0,107,3,0,2,0,3,0,26,70,7,12,2,2,1
"COG3812",358,300,115,163,176,141,166,378,109,10,97,122,107,111,105,53,118,164,38,119,127,190,75,157,747,39,176,167,204,122,93,213,173,37,96,255,35,53,57,135,110,84,101,138,193,68,38,219,177,200,333,124,138,124,88,258,34,134,142,101,76,207,126,343,127,106,227,95,65,342,176,187,94,48,110,170,261,81,105,210,313,62,193,130,206,174,783,51,11,197,106,34,313,156,692,130,128,212,25,170
"COG3813",5,5,0,33,112,11,2,147,2,10,2,1,9,2,8,13,1,5,99,1,4,9,16,1,170,36,121,27,34,9,37,100,7,26,1,40,53,3,7,2,3,20,28,24,110,0,2,127,18,40,2,42,8,23,27,23,36,0,2,7,79,17,7,0,3,0,3,10,5,89,9,230,2,117,0,0,29,3,39,21,42,8,33,60,0,21,134,31,4,11,1,17,1,190,196,67,2,11,302,0
"COG3814",259,365,276,525,185,459,337,795,268,238,166,284,418,333,164,186,364,252,79,151,244,327,118,279,891,68,255,151,619,381,240,229,300,74,242,215,40,226,105,265,172,284,101,274,327,173,68,1084,141,187,281,316,388,332,108,285,50,262,283,129,59,354,238,410,201,316,418,226,150,252,170,151,188,34,358,353,70,199,94,369,687,148,136,479,172,252,991,197,172,345,266,191,395,715,948,46,369,154,28,204
"COG3815",105,105,151,3,10,4,114,0,224,85,45,73,125,160,197,459,229,98,25,115,309,4,120,86,0,25,105,54,18,49,165,5,38,9,346,22,6,169,182,104,136,130,98,45,5,118,67,0,171,45,185,85,41,135,36,59,26,100,134,45,12,13,90,58,96,196,36,75,135,62,24,25,135,8,161,34,200,64,11,232,2,98,38,0,92,87,0,191,28,145,213,37,83,0,1,33,104,183,31,77
"COG3816",754,923,623,978,970,1256,702,1024,676,235,830,751,654,684,498,399,750,647,591,581,653,834,639,800,1206,475,823,573,1004,974,641,1267,775,445,598,619,1243,566,349,704,693,709,373,767,1235,568,233,1083,477,1239,784,884,1076,666,393,610,518,650,765,790,584,1028,850,914,678,916,1267,723,516,574,417,896,680,363,647,724,292,542,1067,880,930,462,599,1222,603,760,974,534,299,697,911,356,834,1492,1186,543,730,364,1446,659
"COG3817",1,2,0,0,18,5,0,1,2,2,6,1,1,6,8,3,2,1,43,1,1,0,20,0,135,16,13,5,0,0,9,22,1,3,0,21,41,2,5,0,1,32,13,8,49,1,42,34,18,11,0,2,1,10,8,9,42,0,1,11,28,0,3,1,1,0,1,0,3,132,23,15,0,14,0,2,4,4,16,8,1,5,17,0,0,0,108,2,0,2,1,10,0,56,8,2,4,14,17,0
"COG3818",998,1086,790,875,269,534,583,573,960,556,1067,698,600,587,672,977,931,796,288,1084,676,788,437,746,450,270,360,471,761,655,393,41,581,234,784,385,114,952,481,692,828,752,478,555,30,1009,316,837,568,193,1155,543,694,342,530,406,127,768,960,1036,156,894,1002,1116,863,1049,677,998,1174,90,410,431,578,120,648,561,388,684,246,800,642,533,353,1070,1701,1269,867,466,316,754,1004,475,1055,160,692,190,813,483,36,804
"COG3819",0,2,0,0,15,1,0,1,4,1,1,0,0,5,6,1,0,2,45,0,0,0,13,0,95,12,7,2,1,2,11,25,0,5,0,13,33,0,12,0,0,43,7,13,35,2,44,28,7,8,1,2,0,13,6,3,31,0,1,9,23,0,2,4,0,0,0,0,2,95,9,13,0,20,0,2,3,4,13,7,0,7,19,0,0,0,61,4,1,0,0,4,0,42,7,6,1,11,8,1
"COG3820",611,668,622,497,199,858,540,440,699,458,1009,715,502,631,436,533,703,737,145,826,473,820,262,743,550,198,229,314,797,755,478,104,488,173,697,269,116,591,349,708,693,716,282,677,205,730,172,489,257,193,1745,1472,2749,1283,1153,736,507,2245,1903,2615,467,2103,1668,1732,2195,2254,1585,2200,1921,504,1055,694,1582,412,1611,2226,557,1973,539,1683,2819,919,853,1030,2307,2036,1590,1646,811,1797,2134,973,2003,1336,1568,279,2238,1218,107,2270
"COG3821",28,39,10,280,301,23,4,386,23,52,5,10,60,29,31,21,10,17,386,12,28,15,87,11,496,125,186,60,47,14,66,500,48,112,14,259,283,21,20,20,17,48,103,62,391,3,35,871,82,220,15,59,14,80,76,136,127,7,5,27,239,52,32,7,5,3,202,23,31,178,44,64,29,343,11,25,63,17,472,55,62,32,77,267,3,30,304,51,20,30,8,64,6,976,457,342,33,56,106,3
"COG3822",162,342,277,183,51,341,113,184,139,95,174,174,83,128,134,40,196,157,32,75,124,164,58,400,139,26,42,73,199,246,28,12,77,48,90,76,7,77,64,149,135,79,71,106,14,115,40,190,78,37,222,196,327,89,83,122,11,153,176,118,13,186,226,361,155,128,305,93,76,36,66,69,96,5,334,154,130,79,59,256,237,67,51,177,112,90,146,36,40,122,125,83,314,65,136,16,192,25,9,88
"COG3823",742,990,528,1081,457,626,499,428,1075,431,333,555,1187,844,907,1444,759,676,230,965,1233,859,715,532,549,126,701,726,941,740,695,336,634,405,1360,511,68,1165,771,695,924,664,798,699,23,720,357,259,1044,421,1140,631,687,767,718,818,198,790,1435,408,195,820,776,836,934,1202,1344,781,1212,279,635,694,841,87,684,568,1007,827,331,1366,514,655,1021,1728,1311,722,666,652,404,795,1234,350,961,188,325,192,499,1298,157,792
"COG3824",30,3,7,6,172,13,20,192,31,155,5,18,172,61,70,17,12,23,21,3,5,2,114,9,533,18,65,203,20,3,105,105,22,80,6,290,13,5,115,11,17,58,213,72,263,26,6,309,284,176,21,24,26,136,190,105,75,11,7,38,47,18,20,5,6,1,0,14,7,267,261,242,6,26,24,11,184,32,110,14,3,125,187,13,6,27,790,150,336,78,7,190,2,88,336,16,26,184,23,5
"COG3825",2107,2453,1609,2200,2104,3163,2178,2415,2003,725,2189,2213,1650,1806,1511,1354,2085,2003,1085,1405,1654,2275,1612,2191,3067,723,1749,1827,2692,2649,1180,2133,2123,1273,1637,2065,1583,1444,1422,1819,1751,1454,1613,2167,2545,1514,672,1878,1676,2349,2115,1938,2919,1650,1263,1769,692,1809,1918,2191,996,2515,2209,2468,1752,2112,2387,1800,1422,1343,1691,2199,1563,802,1473,2154,1780,1464,2504,2248,2192,1287,1772,2409,1597,1847,2385,1192,726,1817,2244,1001,2247,3335,2542,1134,2192,1248,2271,1726
"COG3826",8,1,0,0,1,2,1,44,2,10,2,2,54,3,4,3,0,1,2,0,0,0,4,0,13,4,6,5,14,3,4,6,2,1,3,5,1,4,3,1,5,5,0,3,5,2,2,12,1,2,2,2,2,3,1,33,0,0,0,10,4,2,4,0,1,0,0,1,1,4,5,14,0,0,0,1,1,5,1,0,3,4,3,1,0,1,37,16,2,14,1,16,0,3,8,9,1,28,10,3
"COG3827",17,2,2,0,26,16,9,560,8,40,3,6,19,12,4,3,12,14,4,1,6,0,7,0,381,7,12,12,17,1,19,58,4,12,2,45,5,13,4,4,19,23,6,10,286,1,5,339,9,60,15,16,5,30,5,36,23,5,1,9,23,4,7,1,3,3,0,6,4,73,32,19,7,2,2,7,6,6,24,5,1,5,18,2,5,32,264,12,61,46,3,33,1,145,612,14,4,15,4,3
"COG3828",893,863,761,859,924,1238,518,472,1097,1600,554,858,1439,1012,958,857,485,908,236,600,823,1242,907,556,334,146,929,1007,1319,1162,972,269,681,461,678,1031,77,385,992,938,883,785,1053,537,99,665,274,324,1428,694,1024,1032,1022,1265,373,1208,757,757,879,681,139,1672,767,1576,867,713,387,1006,539,150,937,764,708,212,843,414,1686,1208,904,1347,949,776,893,1126,867,506,1051,1127,918,1130,717,1198,1132,427,495,145,712,1606,244,957
"COG3829",110,117,13,31,1014,22,27,794,80,389,13,40,139,90,288,45,11,98,781,47,75,47,593,22,402,398,569,487,30,24,404,1843,61,1484,28,708,1020,66,385,55,21,441,545,82,306,59,80,385,519,1086,56,24,7,70,145,166,84,8,15,13,183,6,35,19,6,9,9,32,32,85,190,604,17,249,9,14,222,12,255,56,14,150,103,7,1,64,34,195,148,51,7,115,6,271,18,234,14,112,753,16
"COG3830",218,118,149,439,677,174,362,794,263,990,162,214,392,240,564,202,363,214,547,89,147,294,487,251,664,219,440,389,357,230,650,928,302,783,147,705,363,226,512,256,169,179,498,332,1109,179,91,22,381,487,143,300,204,348,312,452,268,206,103,122,375,316,316,148,125,136,668,213,231,277,388,266,80,535,339,276,786,150,776,232,559,430,331,399,424,358,227,226,876,451,112,860,135,1887,507,603,196,222,220,177
"COG3831",8,2,7,0,9,0,2,147,6,12,3,4,0,4,10,4,1,5,8,2,3,0,12,3,97,1,8,7,1,0,4,40,1,5,5,20,9,2,5,0,14,4,9,16,7,3,1,37,2,16,7,1,0,6,6,4,8,1,4,2,3,3,2,0,7,1,1,6,11,4,10,17,2,0,0,4,3,7,3,7,0,7,10,0,5,3,81,5,3,5,2,11,19,262,57,6,4,17,8,8
"COG3832",27,37,21,4,397,44,3,1398,21,63,10,13,35,14,47,60,3,61,204,52,19,3,200,6,1250,191,175,242,52,16,171,704,15,248,4,355,607,33,65,19,129,132,183,160,593,7,32,2287,83,718,149,270,26,204,180,209,238,5,3,112,235,18,31,22,10,0,7,89,33,481,188,209,34,86,15,14,140,98,446,60,30,132,245,7,15,65,2474,70,125,37,10,150,6,879,1616,500,21,229,574,7
"COG3833",516,651,755,105,111,205,343,34,597,126,561,360,436,331,314,273,1052,642,292,246,255,383,114,584,67,219,248,162,199,304,201,240,215,76,374,208,150,754,111,618,610,282,155,202,84,502,448,91,219,113,789,555,287,253,152,159,64,716,274,361,88,174,873,834,481,293,5,190,483,218,273,132,145,50,644,295,139,391,152,529,95,78,148,80,1048,266,72,145,154,343,265,205,591,182,14,240,742,385,144,260
"COG3835",13,5,11,1,232,1,0,32,2,33,0,2,4,3,32,22,2,5,489,7,23,1,25,3,49,174,324,94,2,10,92,427,2,79,4,152,900,9,3,0,1,30,51,17,414,0,9,1,87,59,0,1,0,50,63,32,80,1,1,17,270,1,4,5,0,0,7,9,1,164,3,31,6,447,2,1,1,3,54,31,1,0,108,5,0,30,48,22,59,1,0,27,0,35,26,396,8,27,114,1
"COG3836",3512,2862,2760,2242,3384,3513,3387,1714,3764,4211,3193,3312,9654,5135,3042,3140,3735,2843,2991,2991,2636,3446,2839,3463,1022,2460,2381,6121,3373,3117,8159,1203,4544,1438,3193,6257,1994,2620,4419,3397,2679,4914,4041,3022,409,5446,1233,1228,8386,4246,2441,2546,3585,7550,2610,1844,1358,3411,2775,3284,2253,2811,2631,2795,2771,3051,2856,4097,2694,837,6067,4045,2586,1460,3048,2901,7382,4511,3124,2930,4137,2668,3401,1862,2879,5161,1244,9020,3633,7055,3237,4230,2930,2006,939,2217,3288,7902,2109,3303
"COG3837",48,25,48,216,203,60,69,295,48,336,15,51,239,82,106,40,71,33,20,18,37,72,93,82,462,19,58,80,90,38,79,69,136,607,26,129,20,37,109,76,36,72,80,65,188,16,20,330,94,69,45,148,58,118,29,72,387,43,27,38,38,88,66,31,28,26,121,35,21,234,96,83,31,16,101,45,63,30,50,41,147,65,97,195,29,19,542,118,597,105,19,325,23,60,325,13,46,77,130,24
"COG3838",15,11,1,0,139,24,0,641,10,12,12,6,6,13,24,13,3,14,249,4,9,0,43,0,805,51,176,41,28,7,55,233,1,40,5,130,112,8,24,4,16,34,58,30,344,4,34,321,51,100,21,9,9,78,51,65,29,2,4,47,126,7,8,9,5,1,8,9,7,300,76,96,5,258,3,15,13,13,33,25,2,14,67,1,1,23,899,27,14,16,0,38,1,281,920,203,11,33,40,3
"COG3839",11169,12383,14790,17838,5543,13086,10465,6133,10742,10359,14410,12196,9237,10009,9790,7246,15430,10426,2775,10504,6872,11841,8308,18044,4675,4418,3914,8496,13538,10863,5850,2752,8256,4419,9897,8006,2261,9347,9041,13574,10643,8041,8792,10944,1604,11491,4275,11024,7972,4010,9702,11110,13336,6792,7422,5841,2024,13419,11022,12594,2039,11683,13934,13223,10451,13930,18242,9387,7996,1907,8427,5901,7392,2044,15941,12158,10013,9111,7283,9085,16235,7463,7489,14646,10404,8388,6833,6410,7165,8751,13259,8677,11321,8665,3950,2318,14165,7391,1423,8224
"COG3840",193,329,318,529,112,31,196,145,192,177,129,126,130,201,177,70,310,174,5,73,189,239,36,370,174,44,130,79,182,60,172,132,162,15,169,129,33,192,47,211,144,158,55,134,24,79,50,96,70,140,190,219,21,134,22,230,27,201,293,33,20,335,294,478,194,220,686,128,97,28,86,85,173,17,413,320,36,88,66,352,363,23,64,490,79,69,104,49,87,174,185,139,420,684,157,18,180,50,99,138
"COG3842",13372,15151,14357,12593,8428,14805,13197,7459,13770,13177,15869,13314,11059,12690,13847,12315,14552,14021,4873,15023,11569,13053,13222,15555,6311,5350,8310,13544,11781,13817,10205,5091,12636,5864,12494,11919,4514,12273,13776,13938,12604,12270,12395,13973,4042,13630,4090,11474,12895,8075,13025,11028,15265,10102,11195,9108,3502,14076,14343,15273,3907,14106,13127,14616,13969,14577,13837,13721,13852,2710,12542,9323,11909,3914,13893,14584,13293,12232,8256,12916,13248,11675,11203,10758,15793,13540,9543,11657,8312,12608,14603,10756,14408,9717,6844,3777,15014,11116,2929,14364
"COG3843",116,44,5,3,845,115,7,6800,59,60,42,77,25,102,109,71,10,141,1030,12,61,6,193,4,5354,220,929,186,195,47,237,1557,25,297,40,701,624,51,99,17,152,125,318,164,2179,24,70,3983,250,579,197,107,56,247,237,432,253,20,35,191,638,33,51,29,20,2,25,52,64,1296,406,435,29,1232,24,63,73,93,330,175,19,114,402,20,38,79,4500,126,58,61,7,192,9,6783,8381,663,77,221,280,18
"COG3844",1267,1639,1046,3384,2409,633,1044,1932,1577,2079,612,766,1206,1168,2205,1758,1504,988,435,1171,1248,963,2765,1362,2111,476,1456,3023,1104,770,1103,1391,1071,1754,1369,2220,1413,1632,2957,1037,997,1229,2949,1214,1208,1141,323,1972,3386,2744,1639,1569,640,1316,2302,1335,1563,1078,1656,846,786,1183,1322,1529,1038,1751,3461,1467,1661,898,2604,3150,932,374,1393,957,3488,1143,1586,1558,926,2728,2732,4593,2179,1579,1847,1232,2175,1299,1702,1973,1826,2056,1516,407,791,1828,2808,1101
"COG3845",5786,7355,6526,6247,4992,6184,5280,2502,6205,6278,6621,5220,5962,5489,7272,5418,7996,5807,2658,5456,4036,5171,7081,6912,2755,2222,3178,6858,4491,5276,4017,2575,4455,3862,5686,6583,1682,6404,7347,6649,5143,5235,7050,4663,1886,6782,2406,4336,7056,3438,5508,4536,6426,4791,7210,2987,753,6364,6306,5547,1886,3646,6909,7797,5622,6419,6106,5921,7103,1266,6299,5307,3781,1822,8124,5920,7137,4805,3668,5720,4217,7055,6176,6084,7239,5452,5726,3749,4715,5809,6398,5031,6714,5287,2932,1806,7112,4436,668,5363
"COG3846",63,14,1,3,437,53,6,2942,27,25,19,20,23,54,94,68,11,28,854,7,25,2,137,2,2861,184,796,143,91,26,169,838,6,147,11,402,443,30,45,17,44,72,240,88,1079,9,46,1549,163,321,21,6,7,64,72,41,43,1,1,34,160,4,13,8,3,0,5,14,11,274,68,95,9,319,0,15,8,14,42,21,0,19,60,6,0,34,969,26,8,18,1,35,3,288,1468,267,18,35,80,3
"COG3847",0,0,0,1,0,2,0,7,0,0,0,0,0,0,0,0,0,0,0,0,0,0,0,1,29,0,1,0,0,1,0,20,0,0,0,0,1,0,0,0,0,0,1,9,1,0,0,0,1,3,1,0,4,1,0,0,0,1,0,2,1,1,0,0,0,0,0,5,0,1,0,0,0,1,0,0,1,0,0,0,0,0,3,0,0,0,7,0,7,0,0,0,0,36,21,1,0,1,0,1
"COG3848",74,76,85,75,6,1,31,0,32,213,0,2,155,78,41,31,16,9,2,1,95,22,5,8,0,50,27,3,26,0,21,7,77,10,57,3,1,3,4,19,23,74,7,60,6,15,6,4,1,0,94,62,0,37,5,140,0,22,93,8,6,41,72,51,39,11,0,5,26,0,4,29,211,3,55,220,6,26,0,106,150,10,4,59,0,23,0,8,0,27,15,3,42,0,0,4,0,16,1,17
"COG3850",62,107,18,138,404,92,40,478,85,546,41,26,101,71,266,17,31,40,200,52,100,63,300,61,650,172,466,148,60,77,347,832,111,104,51,387,525,54,210,31,44,115,227,62,127,57,60,119,260,477,31,47,50,125,222,270,199,17,54,48,305,59,74,50,39,40,31,34,100,104,156,1974,86,266,30,18,113,13,345,83,72,219,134,136,26,150,129,386,333,106,52,459,37,1004,163,229,45,89,2171,28
"COG3851",5,3,28,53,126,1,7,691,20,6,0,2,8,54,10,17,11,10,265,47,29,0,39,62,272,83,51,30,6,0,44,190,12,188,7,27,70,23,15,12,9,34,97,3,201,2,32,3,32,34,1,10,0,23,14,14,180,4,49,3,166,78,16,43,30,46,217,8,25,77,7,66,27,98,8,8,26,11,185,19,6,12,258,34,2,25,57,45,54,11,53,9,11,970,403,62,2,13,477,7
"COG3852",1611,1936,1523,2611,2026,2617,1590,2868,1562,1196,1476,1846,1297,1521,1435,1273,1760,1354,1152,1390,1377,1784,1501,2149,2410,954,1759,1560,2350,2292,1417,2361,1892,1221,1307,1730,2110,1130,1406,1386,1452,1371,1394,1724,1966,1170,544,2133,1456,2523,1509,1993,2407,1341,1045,1372,982,1251,1643,1400,1179,2386,1946,1903,1405,1917,2894,1402,1311,1049,1374,2047,1346,767,1434,1685,1659,1170,2484,1835,2315,1363,1619,2943,1290,1415,1590,1247,1130,1559,1859,1271,1927,3517,2311,1031,1657,1018,2830,1344
"COG3853",13,16,26,19,198,20,10,292,25,13,13,6,28,81,64,20,10,21,88,2,7,1,133,3,1351,42,156,62,24,3,171,428,15,48,4,199,111,14,59,1,6,120,67,29,814,9,22,213,79,190,25,36,1,97,46,69,111,3,11,43,123,6,15,13,0,1,4,11,29,425,150,508,2,68,6,35,131,30,95,36,24,75,233,7,1,23,1533,93,54,27,0,54,1,1583,771,52,11,89,280,12
"COG3854",1412,377,887,659,220,47,297,0,438,445,196,89,1509,689,262,331,847,134,68,349,800,170,79,810,0,1082,378,475,314,58,1439,11,382,89,883,569,43,260,278,253,467,750,216,1298,17,756,135,5,750,312,439,365,59,1363,199,1514,98,393,743,148,136,225,615,501,681,402,2845,451,359,20,462,258,1704,98,1137,919,481,555,242,462,590,88,203,175,158,816,1,947,288,903,438,354,396,0,0,121,43,913,213,280
"COG3855",7,0,2,25,0,0,0,0,5,0,0,0,7,1,0,2,5,1,4,0,1,1,1,0,0,1,8,0,0,0,3,0,1,1,0,1,0,16,0,2,0,6,0,0,0,3,2,0,0,0,3,1,0,5,0,11,0,3,1,1,0,3,1,1,3,0,0,2,6,0,2,2,0,0,9,0,11,2,0,1,0,0,2,28,10,20,0,2,1,5,0,1,1,0,0,0,1,4,0,2
"COG3857",25,20,18,25,48,136,17,668,54,785,28,83,105,61,77,9,20,87,3,83,29,61,19,26,1,2,62,52,29,136,71,20,18,9,15,85,4,14,41,55,21,51,26,44,4,47,7,0,58,33,66,15,116,90,15,43,29,90,2,133,6,25,98,61,14,18,2,51,19,6,66,33,20,4,20,15,44,48,35,19,18,18,25,10,104,34,0,95,559,79,17,484,11,5,14,4,27,62,7,30
"COG3858",309,267,347,225,403,98,257,7,556,1350,223,206,613,546,729,917,317,283,170,923,797,446,840,272,163,85,687,798,233,231,477,903,982,733,507,506,157,680,986,276,435,612,915,218,116,740,191,5,1255,524,296,263,131,610,480,511,1886,350,331,356,169,370,289,235,369,458,95,655,511,703,859,542,664,320,255,138,909,678,314,565,178,784,755,274,712,965,181,480,2975,472,499,1843,215,290,314,235,176,882,23,876
"COG3859",13,0,0,0,9,0,2,0,1,31,0,0,29,4,6,7,1,6,0,0,0,0,8,2,0,0,12,24,0,0,22,0,1,17,1,22,0,0,6,1,0,14,11,0,3,1,0,0,25,11,0,0,0,10,10,12,16,2,2,0,1,0,1,0,1,0,0,4,0,0,40,4,0,0,1,0,15,0,15,2,0,2,6,0,0,4,0,58,48,19,1,48,0,0,0,1,0,64,3,2
"COG3860",0,0,0,0,0,0,0,2,0,2,0,0,0,0,0,0,0,0,0,0,0,0,0,0,0,0,2,0,0,0,0,0,0,0,0,0,0,2,0,0,0,0,0,0,8,2,0,0,0,0,0,0,0,2,0,1,29,0,0,0,0,0,0,0,0,0,0,1,0,0,0,0,0,0,0,0,0,1,0,0,0,0,0,3,0,2,0,0,8,0,0,11,0,0,0,0,1,0,0,0
"COG3861",0,0,0,0,2,0,0,0,0,1,0,0,0,27,0,1,0,4,1,0,0,0,1,0,0,2,2,0,0,0,0,0,0,0,0,2,2,0,2,3,0,0,7,0,6,0,0,1,0,2,0,0,0,2,0,0,1,0,2,0,0,0,1,0,0,0,2,0,0,0,0,0,0,0,0,27,8,0,4,1,0,0,1,0,0,0,0,0,0,0,0,0,0,1,0,0,0,0,0,0
"COG3864",1030,929,2168,1910,195,343,1521,8517,467,811,849,803,2073,652,731,550,828,799,29787,331,452,1300,273,1930,15381,25035,580,273,833,512,357,11018,2299,189,574,302,10528,1817,475,1167,789,1164,290,1156,6588,654,12605,13350,377,116,608,2593,465,566,689,580,13245,1102,457,790,17590,1486,1549,1153,573,363,594,757,559,23327,236,365,598,49987,2616,774,533,607,152,535,1198,410,164,1594,774,885,9933,725,442,833,365,636,1986,910,19658,26935,1402,290,178,728
"COG3865",25,7,3,21,63,14,11,498,3,2,2,7,107,15,9,15,35,20,155,3,12,0,37,7,408,64,76,44,15,6,42,396,3,67,4,99,110,12,6,8,14,40,59,21,194,9,18,612,32,123,53,12,14,43,39,133,25,3,6,23,92,4,25,4,3,57,5,11,14,227,40,45,4,194,1,2,13,16,50,20,3,12,79,10,7,5,393,25,6,9,43,17,3,264,234,293,14,84,48,3
"COG3866",28,17,25,29,33,1,2,3,10,23,1,1,34,30,39,191,4,3,221,70,35,0,166,7,4,177,165,176,16,0,79,740,7,39,20,19,883,27,49,6,36,51,28,0,516,2,28,0,16,462,15,29,1,17,65,36,186,1,109,1,353,14,2,2,51,26,14,20,170,297,12,76,118,128,18,2,25,38,24,82,0,92,88,22,0,29,1,52,103,30,18,43,12,67,2,661,8,34,817,11
"COG3867",162,328,140,302,55,109,104,14,295,35,136,155,68,118,187,305,230,150,44,187,225,120,77,199,9,26,231,70,185,163,119,107,78,65,272,152,17,173,58,128,259,134,38,227,23,160,41,20,61,94,397,201,150,176,59,533,330,186,315,104,177,268,265,218,216,299,471,172,208,85,213,125,152,39,125,211,174,236,43,453,70,76,410,631,173,138,49,149,25,128,315,46,356,8,7,50,109,200,62,254
"COG3868",25,35,3,11,767,48,5,733,9,50,6,9,5,17,49,38,9,26,1202,13,42,1,126,2,391,410,226,118,21,20,179,945,7,620,8,326,440,17,35,9,19,152,143,40,346,6,141,278,216,325,29,7,5,125,85,213,88,2,6,51,681,5,68,13,0,0,49,11,27,363,72,125,6,1354,8,13,122,31,214,170,10,61,279,29,2,33,384,98,12,50,0,76,1,600,250,1112,43,124,402,4
"COG3869",175,98,108,132,130,139,54,442,230,693,17,81,310,293,175,152,45,106,41,10,123,61,165,121,3,64,160,196,146,90,222,18,80,27,135,175,6,24,241,163,133,122,185,56,2,27,15,375,320,136,173,126,110,329,22,313,32,79,97,6,19,270,196,172,133,90,24,151,95,11,181,150,182,15,167,48,433,142,109,147,183,147,125,127,7,28,1,376,588,274,100,557,130,10,2,209,36,228,61,141
"COG3870",0,0,0,0,2,0,0,0,13,4,0,0,15,16,1,0,0,0,0,0,2,0,0,0,0,0,2,3,0,0,26,0,0,0,2,3,0,0,0,0,2,14,3,0,0,14,0,0,9,5,0,0,0,67,1,0,0,0,3,0,0,0,6,0,1,1,0,2,0,0,4,0,1,6,0,0,4,0,0,0,0,2,1,0,0,3,0,16,1,3,1,3,0,0,0,0,0,12,1,0
"COG3871",31,45,34,12,365,18,16,505,42,23,5,12,36,76,88,39,7,12,232,42,15,2,310,10,833,180,246,158,29,8,240,745,24,266,6,207,661,28,72,17,137,156,119,48,593,4,20,352,61,684,12,275,5,182,60,84,215,8,14,28,285,5,32,11,8,3,10,44,45,476,158,192,35,91,21,24,34,113,734,80,11,162,320,4,1,42,1017,94,85,60,6,145,4,917,705,224,15,212,476,28
"COG3872",634,514,488,387,600,179,289,1,883,1339,795,337,1188,756,814,1000,583,531,303,1126,393,525,663,351,0,348,504,1100,260,246,1184,22,493,623,743,899,180,1024,1127,678,690,912,1016,204,99,1585,298,0,1536,487,503,537,236,1270,606,95,1049,609,572,556,318,251,746,557,651,715,3,1045,1049,16,1111,667,335,215,528,334,1063,865,479,294,117,694,773,394,1266,1396,0,1051,1329,1003,676,1560,461,0,0,188,642,1527,164,818
"COG3874",0,0,0,0,8,0,0,0,1,102,0,0,0,0,14,0,0,0,0,0,0,0,14,4,0,0,0,12,0,0,0,0,0,28,0,11,0,0,10,0,0,0,25,0,0,0,0,0,25,6,0,0,0,0,4,0,73,0,0,0,0,0,0,0,0,0,0,0,0,0,15,2,0,0,0,0,31,0,14,0,0,13,17,0,0,0,0,3,142,0,0,124,0,0,0,0,0,19,0,0
"COG3875",336,88,93,220,1066,13,245,607,873,919,57,81,1707,1278,1111,452,450,170,15,664,501,177,1330,187,4,154,424,1942,40,30,2096,302,819,2411,609,2391,32,209,1804,250,213,564,2395,144,55,1194,36,76,1527,703,224,120,34,1435,3215,261,276,238,332,88,141,110,205,47,272,441,8,454,325,10,2441,480,561,210,211,79,1808,585,1264,246,216,2407,1935,198,134,485,2,2340,1085,1880,490,1331,89,8,6,36,106,2242,216,298
"COG3876",1296,1784,1143,1989,2528,820,724,664,2111,3188,893,1052,1605,1359,2483,2320,1005,1202,781,2169,1753,1421,2656,1162,1193,668,2051,2684,1383,1219,2130,1481,700,2164,1853,1931,2027,1844,2975,1247,1669,1549,2478,863,1757,1920,444,325,3222,2792,2074,1578,934,1861,1588,1746,4042,1261,1646,1377,909,1434,1457,1526,1398,1765,2202,1896,1755,1095,2540,3078,1234,380,953,702,2659,1782,2083,1967,647,2530,2679,3051,2527,2378,1747,1928,5221,1733,1783,4225,1838,262,646,1224,631,2594,3219,1673
"COG3877",0,0,0,0,3,0,1,0,2,10,0,0,3,0,4,4,0,0,0,1,0,0,8,0,0,0,1,16,0,0,6,4,0,7,1,24,0,0,11,0,0,0,9,3,3,0,1,0,17,12,5,0,0,3,1,0,10,0,0,3,4,0,2,0,0,0,0,0,0,0,21,11,0,1,1,0,14,8,7,1,0,7,19,1,0,0,0,4,44,6,0,17,0,0,0,2,1,7,0,1
"COG3878",20,0,2,0,31,2,1,146,0,1,2,0,1,0,2,4,2,4,23,0,1,0,3,0,3,6,8,18,4,1,43,7,1,29,1,8,57,1,0,0,3,3,3,9,104,1,4,289,1,8,5,2,1,19,7,21,67,0,1,12,48,0,1,0,1,1,0,7,2,55,17,5,2,4,1,1,21,3,4,2,2,1,20,0,0,0,27,2,0,11,0,4,0,40,20,33,1,0,76,0
"COG3879",0,1,0,0,0,0,0,0,1,0,0,0,0,3,0,2,0,17,0,0,0,0,2,0,1,1,4,9,0,1,0,27,1,0,1,12,0,0,2,1,1,0,7,3,1,0,0,0,2,5,12,3,2,4,1,3,2,0,0,2,6,0,3,0,0,0,0,0,1,9,6,3,0,11,0,0,15,0,4,1,0,0,4,0,0,0,5,3,1,0,0,5,1,0,5,6,0,2,1,0
"COG3880",58,15,40,64,62,69,21,244,90,272,10,33,145,105,74,53,12,23,15,1,47,39,58,51,1,14,73,93,63,38,105,1,25,8,49,97,2,11,120,59,41,48,103,13,22,6,6,217,155,87,49,67,40,164,12,150,66,22,40,5,3,128,93,74,48,39,1,48,16,3,117,76,41,8,52,16,242,47,50,73,92,84,74,54,1,14,1,179,242,117,43,230,38,4,2,13,14,79,20,50
"COG3882",334,281,396,386,1471,425,276,140,856,2325,635,498,751,999,1752,754,311,351,110,1221,739,500,1965,602,768,270,597,2228,546,727,1817,833,481,3134,797,2750,137,418,2474,390,452,727,2926,415,371,1296,98,8,1448,662,358,151,445,650,4036,363,1149,394,538,637,262,482,274,330,506,590,513,533,528,601,2909,721,751,450,206,561,1618,546,1588,390,629,2976,2585,349,455,645,509,1885,2723,1483,560,2230,514,87,78,75,325,1682,106,524
"COG3883",29,6,39,0,14,0,53,0,7,44,14,0,179,22,15,109,110,7,5,35,12,0,0,30,0,3,26,5,0,1,10,1,24,29,50,19,2,213,10,51,35,22,17,7,1,42,24,0,6,6,4,12,7,17,88,16,3,45,5,16,14,0,52,4,21,10,0,156,580,0,35,57,13,1,64,4,1,43,20,14,0,3,34,0,345,22,0,10,10,64,16,16,4,0,0,4,45,16,2,14
"COG3884",42,7,13,65,29,8,22,75,24,1,7,8,28,38,2,15,49,20,16,9,48,7,3,12,111,8,6,14,7,4,6,17,1,194,64,41,14,59,2,10,51,0,1,6,46,3,5,203,2,5,43,25,8,20,9,70,19,12,24,4,18,5,7,4,37,39,65,6,21,43,7,2,106,18,60,11,9,8,6,17,16,0,10,22,21,0,250,2,0,9,47,12,5,80,89,19,12,1,5,1
"COG3885",3,1,2,0,0,0,0,0,0,15,0,0,1,0,0,0,0,0,0,0,0,0,0,0,0,0,9,0,0,0,1,1,0,1,0,0,0,0,0,0,0,13,1,1,1,0,0,0,0,0,0,0,0,0,2,5,12,0,0,0,0,0,19,0,0,0,0,4,0,0,0,0,0,0,2,0,0,1,1,0,0,0,0,0,0,8,0,0,19,12,0,18,0,0,0,1,1,0,0,3
"COG3886",80,82,152,75,1056,61,195,369,77,256,87,109,113,98,132,43,195,180,312,298,113,32,448,126,1194,551,591,183,85,134,545,497,90,691,77,454,750,122,131,140,79,623,286,163,708,88,80,97,154,1350,127,453,46,564,134,388,615,123,87,152,650,145,236,110,82,82,269,201,150,369,260,479,108,77,142,103,255,131,3469,224,82,414,342,98,159,242,1168,383,494,215,71,393,56,878,742,366,121,146,1948,54
"COG3887",0,1,1,0,0,0,0,0,0,0,0,0,0,0,0,1,1,0,0,0,0,0,0,0,0,0,0,0,0,0,0,0,0,0,0,0,0,0,0,1,0,0,0,0,0,0,1,0,0,0,0,7,0,0,0,6,0,0,0,0,0,0,41,0,0,0,0,0,0,0,0,0,0,0,2,0,8,0,0,0,0,1,1,0,0,0,0,0,0,0,0,0,0,0,0,0,0,0,0,1
"COG3889",17,1,3,146,1386,0,10,2,852,231,11,0,599,894,1772,245,75,0,2,919,463,0,2046,11,0,121,3,2462,0,0,1607,804,351,5431,642,3641,27,116,2771,8,112,13,4054,0,79,1514,30,0,1152,362,67,28,0,377,7631,6,186,11,309,2,144,0,0,0,192,306,0,56,269,0,3849,330,504,205,3,13,1692,1,2120,48,3,4461,3318,105,27,23,0,2067,742,1578,351,1302,0,17,0,1,2,2724,53,3
"COG3890",7,3,5,8,0,2,5,0,1,0,0,2,0,1,0,0,2,5,0,0,1,2,0,4,0,0,1,0,2,0,0,0,1,0,3,0,0,0,0,0,2,1,0,5,1,0,0,0,0,0,0,0,3,2,0,0,3,4,2,0,0,7,2,0,6,2,0,1,1,1,0,0,2,0,2,5,0,6,0,0,4,0,0,7,0,0,0,1,6,0,1,0,0,0,0,1,2,1,0,0
"COG3892",773,757,826,961,542,413,906,1082,851,275,887,737,519,480,453,588,1380,1011,348,557,236,828,403,760,130,382,215,479,592,471,234,62,505,318,528,724,287,986,526,1089,760,568,628,561,18,733,442,424,507,273,777,868,569,264,496,339,27,1014,792,560,265,458,1224,1083,735,809,458,799,772,73,783,325,252,184,1153,667,1339,628,502,401,622,253,635,1063,1420,498,156,281,240,571,761,330,747,206,257,210,1097,362,84,643
"COG3893",924,1583,1011,2212,790,559,761,3803,943,889,351,607,1073,893,699,394,1023,597,358,810,901,652,331,1074,5448,185,742,276,1484,460,641,1201,737,815,773,665,201,717,299,612,661,698,341,555,2273,427,380,3882,349,748,1145,1163,394,861,204,1064,367,710,1046,309,227,1029,982,1405,753,964,3046,552,421,1194,440,530,696,247,1430,697,135,520,274,1335,1598,304,494,2146,1645,481,4963,551,557,1057,801,560,1264,4428,4825,165,745,448,187,547
"COG3894",856,1003,966,3012,1785,576,1343,681,1556,5753,406,792,2091,1252,3411,1289,1570,794,36,785,1153,775,3760,1267,525,124,702,3192,1056,607,1894,349,1467,1054,1211,2486,96,1167,3907,884,684,1245,3598,1072,189,1061,220,1156,3780,1577,856,1504,539,1390,2563,851,1687,870,1242,261,115,1003,951,1227,815,1440,3180,1212,1361,68,2844,2287,933,126,1605,1202,4330,946,1536,1137,1474,3949,2506,2893,492,1254,349,2022,5215,1549,1403,4885,1163,2222,826,51,838,2401,235,1018
"COG3895",0,0,0,1,1,0,0,1,4,0,0,0,0,0,3,1,0,0,0,0,0,0,0,0,6,0,0,1,1,0,0,2,0,0,0,2,0,0,3,0,5,0,0,2,0,0,0,0,1,3,2,0,0,4,0,1,2,0,0,0,0,0,0,0,0,0,0,1,0,3,5,2,0,2,0,0,0,1,0,0,0,0,2,0,0,0,0,1,0,0,0,0,1,6,35,2,0,3,0,0
"COG3896",18,10,9,146,23,11,18,9,16,51,12,36,43,23,13,24,10,16,4,1,8,59,17,10,121,7,53,39,35,28,28,23,73,7,9,19,7,8,35,24,18,21,21,28,78,5,1,52,21,13,11,47,20,34,10,28,28,22,4,2,53,63,13,5,9,4,10,18,15,61,27,34,3,8,14,34,28,22,9,15,65,11,23,112,1,13,97,32,12,38,7,32,19,24,89,10,13,17,4,22
"COG3897",94,75,35,183,203,44,74,376,81,46,19,60,153,121,27,82,120,55,330,14,89,79,45,39,413,95,228,108,96,59,98,456,110,139,116,219,202,115,6,60,100,59,90,176,1587,16,39,420,110,245,44,76,46,140,79,282,98,54,33,36,230,101,52,37,55,35,77,56,87,147,23,80,122,284,84,86,60,51,569,95,81,48,80,98,12,36,265,51,22,112,47,56,31,739,359,363,46,49,98,43
"COG3898",1003,1123,958,1286,440,1117,962,2004,801,443,454,961,1041,893,490,541,1200,960,50,489,749,883,229,949,1567,145,640,359,1611,972,693,398,689,474,731,364,111,710,245,875,630,802,298,937,508,553,169,2293,246,354,888,746,1031,849,230,903,104,862,926,309,92,958,826,1328,677,836,1496,749,549,166,322,365,651,41,1197,1046,164,610,216,1269,1429,236,284,1152,526,839,1012,546,247,1141,716,333,1080,2347,2121,73,1060,299,74,702
"COG3899",206,124,73,152,645,40,66,223,353,392,49,91,382,362,385,644,149,757,416,211,277,28,645,118,727,221,490,576,125,51,1205,336,117,401,317,1051,357,196,562,122,330,730,862,252,236,373,122,1340,782,547,843,113,42,578,118,690,560,104,212,174,414,126,269,129,261,168,153,173,316,69,1002,494,253,235,138,40,1049,171,700,238,45,298,494,125,92,303,3737,580,1426,514,167,827,29,1134,1170,934,25,1056,309,201
"COG3900",0,0,1,4,2,0,0,0,0,26,0,0,5,2,9,0,0,1,0,0,0,0,5,1,1,0,0,0,0,1,7,0,4,1,1,2,0,1,10,0,2,0,1,3,1,0,0,2,1,0,0,0,0,3,0,0,10,0,0,0,0,0,0,0,1,4,0,0,0,22,7,2,1,1,0,1,0,1,0,0,0,10,10,4,0,0,8,32,36,3,4,10,0,4,0,0,0,5,2,0
"COG3901",710,132,222,89,2263,77,196,1308,425,564,104,252,831,518,359,312,249,122,1064,254,312,175,991,169,559,908,1516,952,428,51,1101,2637,605,738,370,1209,3148,356,494,227,217,717,634,208,2077,407,152,1517,731,3445,130,1222,61,1270,712,730,977,224,250,141,1018,106,157,40,179,593,95,452,273,869,645,2496,315,528,135,202,416,343,767,471,284,681,735,96,371,709,501,774,593,1168,551,555,80,1904,460,825,175,329,5230,174
"COG3903",57,5,1,10,43,13,6,31,21,88,0,16,182,102,49,15,3,132,31,1,6,0,77,4,60,19,53,19,0,5,50,31,2,4,12,102,8,7,76,4,7,27,197,77,9,9,5,20,24,12,144,28,4,87,16,186,61,0,3,5,65,23,12,12,11,4,3,26,4,8,84,40,4,10,5,5,111,19,39,18,2,56,72,8,2,1,32,122,240,131,5,86,23,23,277,41,2,103,39,4
"COG3904",10,14,6,84,122,14,12,192,6,2,4,24,2,8,6,6,22,14,87,2,8,17,11,11,194,33,41,14,33,9,3,295,7,11,4,29,51,8,6,5,7,11,43,13,63,2,8,75,19,61,18,30,15,14,16,23,33,12,15,4,53,46,8,11,5,2,232,2,2,79,21,24,1,148,7,18,18,6,18,39,14,4,24,58,8,13,247,6,2,4,5,11,7,890,193,86,13,15,7,3
"COG3905",1,1,0,1,0,0,1,17,5,7,2,0,1,1,1,0,0,2,2,0,0,1,3,1,28,1,3,0,0,0,1,137,4,6,0,5,7,1,1,2,1,3,6,5,111,0,2,1,1,15,0,0,0,1,2,1,10,0,0,3,2,0,0,2,0,0,0,1,0,2,4,0,0,1,0,1,3,0,134,0,0,1,2,1,0,1,3,1,13,1,0,5,1,30,6,0,1,6,0,0
"COG3907",22,22,31,9,411,4,99,90,129,267,17,28,94,119,413,214,204,46,270,22,53,34,472,75,79,110,238,539,22,8,150,582,110,267,40,604,225,20,602,52,34,102,595,79,293,37,29,56,552,207,23,8,16,103,400,18,85,71,27,21,216,13,113,30,27,12,15,9,125,123,580,271,31,247,72,72,831,72,449,36,96,320,484,16,2,42,49,124,174,49,10,283,17,215,10,315,62,326,45,67
"COG3908",414,486,479,232,160,606,350,235,479,436,948,478,294,520,329,370,542,555,148,732,364,570,160,598,297,170,101,255,459,575,300,41,369,161,577,225,101,454,208,542,539,469,165,480,79,659,159,137,172,117,423,194,643,274,305,125,80,532,464,1047,154,458,456,424,619,585,264,552,513,131,292,181,451,95,304,534,166,523,137,418,578,239,206,137,706,490,310,400,163,403,573,288,420,60,342,89,579,285,18,584
"COG3909",373,706,1041,537,201,1173,660,295,783,28,1181,833,441,586,232,246,1002,637,325,772,417,935,81,1409,202,202,214,65,1050,916,130,424,669,218,555,103,214,562,17,849,655,275,83,677,227,713,281,36,102,90,390,704,1011,352,171,133,126,815,747,1005,284,993,835,754,772,954,426,476,208,150,29,115,482,226,749,892,57,275,79,574,1431,21,122,279,428,207,94,66,53,301,836,34,913,108,142,285,953,101,49,290
"COG3910",9,4,16,10,8,3,86,30,26,69,3,15,74,43,17,12,145,24,7,2,11,18,12,80,3,7,18,14,8,3,62,3,43,4,27,22,0,12,37,45,19,15,38,27,21,7,7,186,16,33,20,5,6,48,13,41,26,47,5,7,16,0,80,6,10,3,0,8,12,44,9,15,7,1,69,14,65,24,6,7,9,19,32,13,4,5,2,27,45,28,4,52,1,1,3,1,37,18,29,9
"COG3911",189,361,140,486,187,302,99,189,230,48,125,222,71,196,250,281,135,185,227,128,216,362,193,185,624,69,219,103,440,314,144,208,97,137,261,209,46,117,95,156,261,131,138,254,94,143,163,457,136,186,364,148,238,174,66,369,165,196,463,130,212,312,297,369,282,374,741,187,205,283,179,182,149,133,137,155,203,264,73,421,164,145,296,1040,218,110,735,106,31,131,327,62,446,455,474,133,136,209,85,213
"COG3913",13,27,0,4,60,4,0,0,9,3,5,4,4,0,4,3,4,9,65,0,7,0,14,0,8,12,24,4,1,7,38,77,0,125,1,8,16,6,2,0,0,24,14,9,713,2,47,0,27,6,5,0,0,5,3,64,32,0,1,9,74,3,4,0,1,1,32,3,1,47,2,14,1,29,1,0,1,12,299,18,2,18,50,1,1,1,1,9,7,13,0,5,3,15,7,124,5,8,24,3
"COG3914",4033,3192,3297,2972,2090,4536,3661,3061,3046,6091,4698,4037,3138,4448,2878,4024,3679,4273,848,4226,3432,3264,2141,3719,1650,1640,7028,3136,2615,5108,2893,229,3547,1706,3611,2844,528,3738,3016,4252,3276,4861,2556,4724,254,3798,975,8315,2910,1538,4006,1431,4834,3350,2451,3409,1224,4472,3066,5581,919,2741,2941,2884,3581,3451,2250,4424,4072,542,3286,1621,4256,669,2715,4430,2293,5809,1962,3540,3670,2527,2530,2282,3907,3098,1285,3361,2988,3661,3286,3532,3278,4539,1660,635,4090,2691,200,5500
"COG3915",6,12,0,42,90,3,4,311,4,5,1,1,24,3,15,7,1,2,132,5,6,1,104,0,235,62,25,14,4,4,46,396,3,59,3,51,181,2,6,7,9,129,57,12,44,2,19,472,13,140,4,1,2,19,25,41,12,0,3,6,67,14,29,22,1,0,42,7,3,34,27,27,2,160,1,9,5,11,67,43,5,1,41,41,0,8,169,8,5,16,1,8,1,1013,242,115,14,32,74,2
"COG3916",10,4,1,77,72,14,1,117,11,11,2,9,2,11,10,10,0,18,23,0,10,9,24,9,691,11,57,37,51,8,31,101,3,15,2,71,17,9,16,1,8,31,36,28,210,3,6,29,27,47,20,59,16,38,12,87,8,0,6,18,27,27,3,6,0,0,31,10,2,178,44,42,2,19,0,7,16,20,22,16,70,30,54,93,0,3,750,11,37,9,0,26,3,102,384,19,4,35,46,4
"COG3917",4254,4692,3989,4059,1830,7625,3822,2604,4312,2829,6021,5211,3654,4150,3082,3146,4264,4223,1476,4313,3459,5405,2449,5266,2298,1137,1855,2650,5425,6220,2418,1323,4577,1330,4326,2337,719,3398,2634,4170,3840,3530,2553,4829,827,4720,1373,2188,2534,1783,4219,2799,7059,2818,2175,2057,1010,4203,4294,5201,724,5079,4663,4435,4267,5608,4819,4338,3103,896,2390,1910,3550,820,3136,4808,3101,3585,1599,3908,5681,2120,2055,4256,4721,4467,1548,3049,1816,4083,5357,2097,4439,3787,2394,920,4943,2783,280,4109
"COG3918",0,0,0,0,0,1,0,11,0,0,0,0,0,0,0,0,0,1,0,0,0,0,0,0,2,0,0,0,0,1,0,0,0,0,0,5,0,0,0,2,1,0,0,4,0,0,0,1,0,0,1,0,0,0,0,0,0,0,0,0,0,0,0,0,0,0,0,1,0,0,3,1,0,1,0,1,0,0,0,0,0,0,0,0,0,0,1,0,0,0,0,1,0,1,1,1,0,0,0,0
"COG3919",71,92,71,224,95,67,103,1001,39,97,60,45,59,83,86,62,50,80,93,39,61,62,76,102,150,65,249,116,119,92,110,100,68,43,49,147,197,48,80,51,52,107,100,43,196,34,24,4,98,124,65,89,50,76,74,139,168,45,22,52,192,61,60,57,65,48,40,70,49,120,131,982,37,49,77,86,87,22,102,67,115,57,67,238,74,142,71,216,133,79,34,144,126,124,18,221,28,74,1054,48
"COG3920",583,425,123,496,2460,418,321,7854,435,1175,130,170,522,394,1140,642,591,305,1231,237,345,63,1816,271,18377,327,1143,1279,360,190,612,4323,256,1056,221,2272,805,548,1468,221,309,716,1900,713,2310,262,209,7042,1287,2507,1587,258,228,1140,1238,2951,849,214,239,471,790,131,413,237,148,147,271,459,594,4201,1631,2087,263,1160,413,232,1522,614,1536,537,76,1624,1998,449,296,401,23059,728,1308,385,149,1263,102,11494,16750,985,352,1216,344,233
"COG3921",21,31,13,92,331,43,38,689,63,66,14,25,47,71,66,51,23,29,318,13,47,20,145,27,2096,149,210,84,62,30,101,637,27,135,16,288,181,45,54,27,27,155,129,110,486,36,43,480,134,253,30,39,35,123,77,87,102,9,23,61,255,30,40,34,14,6,31,41,43,549,148,160,24,358,26,36,27,38,131,91,42,67,241,97,7,37,2104,80,216,53,16,126,13,1862,1628,303,37,132,67,37
"COG3923",0,0,0,0,0,0,0,0,0,0,0,0,1,0,0,0,0,0,0,0,0,0,0,0,0,0,0,0,0,0,27,0,0,0,0,0,0,0,0,0,0,0,0,0,0,0,0,0,0,0,0,0,0,0,0,0,1,0,0,0,4,0,0,0,0,0,0,0,0,0,0,0,0,0,0,0,0,0,0,1,0,0,0,0,0,0,0,2,1,0,0,0,0,0,0,0,0,0,33,0
"COG3926",217,364,811,611,298,143,366,4152,173,121,457,299,291,168,278,215,194,204,8919,214,100,523,136,644,3833,9447,320,63,267,136,192,4678,798,90,169,153,4585,1378,83,374,432,346,93,427,4023,262,9967,5106,87,143,173,709,121,157,193,127,8820,389,169,362,10620,417,511,336,252,148,316,202,203,11353,120,515,254,15621,1153,301,112,173,150,190,408,121,134,459,233,282,2461,387,244,152,142,178,627,934,4768,12318,445,96,911,200
"COG3930",199,133,194,98,693,66,99,895,256,78,123,86,123,169,225,311,171,171,585,244,207,82,296,175,1209,223,607,197,82,100,206,960,46,559,254,432,342,424,250,128,136,213,177,211,613,260,58,78,296,320,244,116,91,366,188,304,818,133,94,226,509,47,142,111,143,167,41,176,213,392,214,321,89,641,138,50,74,229,231,248,52,228,837,80,325,319,1034,133,208,173,153,132,222,243,528,470,117,406,133,166
"COG3931",359,331,273,537,398,283,304,680,390,599,299,269,443,379,661,213,402,293,59,259,357,301,806,294,1176,73,285,368,290,246,286,305,364,800,347,305,65,334,586,326,355,267,398,285,279,305,86,1576,357,230,289,248,319,321,390,395,95,305,422,279,109,309,195,369,324,484,662,339,298,359,311,292,337,60,295,341,185,269,211,466,389,770,374,536,233,225,1062,195,394,400,478,476,268,1144,809,149,266,211,60,272
"COG3932",25,20,10,44,473,58,10,1163,49,21,15,32,39,53,40,30,16,52,270,62,34,24,122,10,1712,67,382,88,121,39,131,735,24,279,10,225,188,33,55,31,174,115,72,102,789,8,44,1145,106,404,21,219,43,169,109,79,204,16,26,32,199,59,25,8,25,6,18,48,34,303,67,799,44,201,28,106,35,47,779,79,75,66,191,47,1,80,1479,143,20,38,5,135,11,1072,1805,112,23,114,795,13
"COG3934",144,84,19,210,729,7,58,19,141,133,1,7,140,143,179,148,214,23,16,35,227,14,256,25,150,150,183,176,17,3,184,133,22,665,321,140,11,266,242,35,163,194,181,83,7,21,31,65,314,171,174,51,1,120,91,121,119,48,118,13,126,76,9,97,142,159,190,131,206,25,289,205,345,37,170,41,364,164,85,213,18,245,323,73,133,137,578,212,40,146,217,200,93,48,59,40,4,247,37,108
"COG3935",17,8,43,51,12,1,44,350,10,52,20,5,106,27,22,21,42,5,1606,10,17,28,22,16,863,5567,60,18,1,2,42,1669,39,22,7,12,4043,45,33,8,13,63,30,40,1610,38,1168,205,21,10,4,26,2,44,21,14,2584,8,8,13,10405,11,49,15,6,11,2,24,15,311,18,17,23,19646,218,11,48,14,10,6,9,15,11,67,11,57,287,108,115,16,8,59,23,21,823,2812,24,40,43,14
"COG3936",1,2,0,0,1,0,0,2,0,0,0,1,1,0,3,0,0,0,1,0,0,0,65,1,18,4,2,0,0,0,1,5,0,11,0,4,8,2,0,0,0,3,0,1,3,1,1,1,3,2,0,0,0,2,1,0,0,0,0,0,5,0,13,6,0,0,1,0,1,1,3,6,0,1,0,0,1,0,3,1,0,0,2,1,0,0,23,0,0,0,0,0,0,111,7,2,0,1,0,0
"COG3937",218,29,166,27,3,0,50,0,7,0,0,7,5,12,16,1,109,8,0,0,67,32,2,118,0,220,8,1,76,0,1,0,25,0,70,0,0,0,0,24,29,2,1,33,0,0,25,0,0,2,11,66,4,11,0,258,1,37,76,3,0,40,136,64,36,8,0,2,2,9,1,3,94,1,126,76,0,1,0,27,142,1,0,31,0,0,0,0,0,18,12,5,48,0,0,5,4,0,6,5
"COG3938",1063,1310,825,1845,1156,506,945,677,1405,1660,496,741,1643,1070,1711,1429,1061,695,496,1228,1227,565,2014,940,878,372,755,2026,556,539,1213,1117,948,1063,1209,1849,329,1096,2351,833,899,1205,2193,612,304,903,229,1461,2574,1340,1094,874,586,1107,1406,1131,1087,861,1332,457,636,831,964,1203,932,1497,2128,1158,1365,350,1911,1618,906,615,1228,679,2431,872,1070,1418,592,1809,2171,1749,936,1315,713,1502,2059,1444,1518,1687,1059,1679,813,614,791,1658,225,1065
"COG3940",27,72,7,43,996,24,3,21,18,28,14,3,3,4,83,40,2,36,97,15,24,0,308,9,36,235,883,160,19,16,290,382,3,698,5,176,314,13,128,12,11,388,75,119,156,5,18,104,68,254,128,164,16,77,227,265,399,3,2,42,819,13,25,19,0,1,1164,48,46,225,203,2779,23,93,0,1,38,118,299,200,2,197,1193,37,14,220,107,593,95,49,4,148,10,67,16,201,4,173,4400,20
"COG3941",91,19,818,194,118,30,220,1921,20,40,45,114,147,36,5,33,32,18,8712,23,33,138,17,945,1690,8960,202,33,59,13,55,4158,465,22,5,206,3474,45,4,15,19,166,55,573,701,58,5347,2632,66,14,17,183,21,96,157,56,1738,19,35,153,5619,160,104,44,11,5,4,23,6,11197,7,60,48,7706,330,25,0,41,63,38,295,1,264,210,44,60,1385,66,15,34,11,35,159,142,2120,12599,84,95,82,39
"COG3942",8,0,1,0,158,12,4,165,14,7,7,2,9,13,23,54,3,6,42,1,4,1,52,0,872,20,69,148,3,0,21,231,4,39,0,148,47,11,9,0,6,44,130,56,166,1,10,265,44,93,8,19,5,76,54,17,21,1,4,59,66,14,20,2,0,0,1,2,9,613,81,85,1,45,2,6,12,25,30,31,4,32,129,2,0,22,1766,52,20,19,6,27,0,790,541,13,24,40,14,4
"COG3943",23,41,4,64,346,75,10,133,21,11,18,9,8,70,68,36,10,30,185,11,45,7,166,3,472,108,415,64,25,12,184,421,20,86,3,261,225,37,36,40,28,109,77,142,439,6,25,105,39,333,35,11,20,106,109,271,193,4,13,51,235,13,43,18,10,11,10,44,35,225,135,756,35,118,5,41,72,65,785,65,31,68,188,62,1,96,436,125,66,29,17,84,3,274,309,84,31,107,900,11
"COG3944",1,11,2,0,10,3,3,0,9,35,2,6,11,4,14,5,13,15,3,0,1,0,2,2,5,2,26,23,1,5,32,47,0,2,1,105,3,0,6,1,5,38,13,84,0,1,24,0,7,7,14,1,3,10,23,8,7,2,0,9,11,2,37,17,0,0,0,5,2,165,143,37,1,17,4,3,8,25,7,1,0,1,42,1,4,9,42,133,18,8,4,42,12,1,7,1,17,84,5,2
"COG3945",20,7,2,91,485,7,9,422,516,610,9,11,346,516,1012,142,54,19,54,534,269,1,1145,20,129,111,40,882,13,2,1082,432,274,1511,395,1109,81,88,1566,5,64,93,1625,7,205,819,29,315,402,178,46,22,16,203,2686,19,1066,12,185,2,124,2,23,9,81,216,2,73,169,11,1247,170,313,130,2,5,559,2,735,37,14,2043,1277,92,14,34,38,1011,1305,1041,259,1076,0,200,45,19,6,1073,83,4
"COG3946",2,1,0,0,4,2,0,0,0,1,3,0,2,0,6,1,0,0,153,0,1,0,14,0,0,52,6,2,0,1,1,159,0,1,0,9,29,0,6,0,0,2,8,2,17,1,2,0,15,1,1,0,0,1,11,1,4,0,0,14,89,0,0,0,0,0,0,0,0,36,1,11,2,207,2,0,3,2,0,1,0,10,13,0,0,2,5,2,0,0,0,7,0,0,0,184,6,1,8,2
"COG3947",3,0,0,0,45,2,0,5,2,26,0,11,2,3,5,0,0,8,1,5,12,0,0,0,49,1,2,1,4,0,2,13,1,200,2,4,0,0,2,0,1,1,4,5,24,0,10,0,7,7,64,0,2,9,3,27,66,0,3,6,8,3,5,1,9,0,20,4,3,15,2,12,11,0,0,1,6,0,18,17,17,3,4,4,15,1,30,0,82,4,3,66,0,36,108,49,0,0,4,1
"COG3948",4,3,10,1,82,1,2,83,2,10,0,1,5,7,7,57,1,3,48,2,5,0,69,51,70,46,45,10,6,1,10,124,70,17,22,97,85,85,3,1,8,126,13,7,6,0,31,178,15,224,5,8,0,9,28,10,17,1,2,0,205,1,16,6,4,0,6,3,9,50,62,19,7,48,3,6,1,20,89,21,3,2,61,5,1,4,69,8,0,0,1,10,0,579,30,69,3,24,15,3
"COG3949",52,88,144,219,246,9,64,220,203,488,86,32,297,217,382,295,103,40,19,331,263,32,423,279,227,13,74,501,15,5,177,38,115,334,288,338,6,232,616,111,168,144,533,38,31,262,31,4,591,212,102,62,13,184,322,68,909,114,240,90,17,44,82,63,219,227,242,380,246,33,612,412,238,17,89,54,605,185,214,135,27,431,486,218,74,179,150,305,1187,148,252,545,104,17,20,18,25,521,6,173
"COG3950",23,96,1,3,684,12,15,358,3,16,8,10,4,9,22,73,19,52,53,7,38,13,99,2,630,57,304,42,27,9,143,728,12,114,13,111,342,12,23,18,14,171,35,106,194,7,135,238,30,159,41,65,11,98,72,61,123,10,5,27,223,4,14,3,5,8,12,44,19,333,62,1032,15,43,4,11,16,32,249,154,118,104,41,5,7,76,367,157,19,26,13,70,1,109,115,166,5,70,1829,2
"COG3951",139,192,201,236,960,106,128,1052,129,46,99,109,109,155,132,154,121,155,938,77,87,168,401,143,523,665,667,257,255,135,484,1467,136,488,62,416,1444,134,104,139,271,314,208,239,1379,43,1174,526,157,1198,122,616,85,293,290,309,453,129,134,96,918,177,199,148,118,55,247,130,132,739,145,700,151,823,188,217,147,101,1390,257,329,237,286,223,44,174,249,175,65,122,53,214,142,1411,746,999,149,128,1814,106
"COG3952",119,113,171,209,66,226,139,209,105,282,90,181,124,122,145,148,172,129,36,85,90,150,188,145,26,29,164,115,319,223,247,67,107,43,79,74,48,101,122,124,76,218,88,167,4,75,30,506,116,76,103,104,203,133,62,110,62,139,72,64,138,178,138,144,82,97,304,142,105,25,180,119,96,12,131,193,113,231,60,146,337,143,267,292,87,192,19,151,243,174,122,173,148,57,46,29,206,126,15,126
"COG3953",0,1,0,0,0,1,0,0,0,0,0,1,0,0,2,4,0,1,0,0,0,0,1,0,0,0,1,8,0,0,0,11,0,0,0,4,0,0,0,0,1,2,1,0,0,0,0,0,0,1,0,0,0,0,0,0,0,0,0,1,0,0,1,0,0,0,0,0,0,18,2,3,0,0,0,1,0,3,0,0,0,0,2,0,0,0,3,0,0,0,0,1,0,0,0,0,0,4,0,0
"COG3954",1480,881,1568,615,1048,778,3406,392,295,469,656,2269,402,854,815,751,980,2197,459,436,1765,933,1149,533,395,1165,2461,595,692,1607,617,1105,1676,544,385,409,1750,647,503,1631,1019,955,596,1880,942,152,193,227,479,1589,1245,1350,1151,1348,569,3352,699,1803,806,740,689,798,1351,1241,1077,307,167,693,775,758,310,1623,1911,110,1578,2003,418,1459,1118,1025,803,923,641,611,29,350,93,319,328,330,294,459,742,525,261,522,1956,82,2837,1086
"COG3955",2,1,1,14,0,0,2,1,1,0,3,27,0,1,0,6,0,6,4,1,2,2,0,0,3,5,2,0,4,8,4,0,1,0,0,2,4,0,1,12,2,3,1,7,0,4,5,2,0,0,0,0,7,10,0,1,0,2,1,2,7,3,12,0,2,1,0,2,0,3,0,0,0,31,0,7,0,5,0,3,13,1,0,18,1,8,1,22,0,3,2,1,7,0,55,2,1,1,0,4
"COG3956",635,517,856,276,586,134,1438,232,477,537,605,1341,965,675,555,560,630,1273,232,507,389,177,539,328,0,235,377,744,149,264,722,13,188,1282,430,737,84,785,811,992,303,556,846,946,81,714,170,0,1128,417,817,146,430,1111,677,595,751,963,425,818,109,164,771,662,301,368,29,632,383,160,821,683,307,68,1049,983,871,589,443,322,84,593,631,298,1027,948,0,793,1589,693,376,842,509,1,5,138,1028,889,53,346
"COG3957",148,286,44,5,719,61,27,3355,46,65,28,31,59,53,155,158,26,127,946,21,82,104,373,11,2513,472,1286,348,160,32,406,1674,41,348,31,1483,1058,108,42,50,89,184,603,389,1731,22,131,1148,120,1368,187,704,31,351,388,1086,421,21,22,202,767,47,164,425,46,8,40,79,121,1386,423,542,144,585,51,69,36,103,1012,133,295,263,503,13,11,159,3897,197,16,48,11,207,257,1833,2877,549,89,196,658,16
"COG3958",2010,2362,1687,1841,1652,2225,1549,1431,2702,2659,1945,1650,2449,2399,3120,2936,1681,1668,1732,2700,2319,2396,2791,1855,1227,1985,1327,3112,2020,2010,3071,1068,1617,3593,3012,3197,1282,2307,3348,1579,2329,2143,3710,1703,1145,2821,4486,1854,2394,916,2425,1546,2081,1859,5215,1541,3905,1842,2696,1782,2432,1995,1552,1985,2279,2400,2739,1978,2446,1555,3703,1283,1976,1797,1599,1651,2634,1873,1870,2183,1640,3995,3340,2351,2380,2085,791,3220,3144,2948,2448,2806,2329,151,787,1928,1586,3707,290,2299
"COG3959",1831,2121,1542,1884,1651,2181,1494,1364,2757,2607,1866,1530,2494,2646,3080,2739,1620,1500,1720,2931,2300,2225,2697,1768,1114,2088,1166,3012,1938,1945,3577,1092,1648,3610,2979,3061,1271,2347,3347,1462,2165,1950,3914,1549,1201,3205,4618,1666,2366,965,2215,1330,1948,1935,5089,1507,3915,1677,2544,1754,2775,1735,1447,1648,2194,2420,2722,1943,2322,1808,3765,1210,2019,1924,1600,1585,2599,1834,1889,2016,1582,3875,3344,2376,2236,1933,720,3663,3053,3286,2450,2829,2180,165,879,1697,1539,4041,256,2163
"COG3960",2,0,0,1,33,0,0,36,0,5,1,0,7,6,1,7,2,19,214,1,1,0,29,0,316,82,44,1,0,4,95,502,0,32,1,21,120,5,0,0,2,16,72,19,240,3,93,1,13,45,8,18,5,3,63,4,23,0,0,8,103,2,9,7,1,0,1,17,3,102,5,28,0,369,4,2,3,0,4,3,0,0,13,3,0,9,56,12,3,0,0,4,0,154,155,270,5,0,108,1
"COG3961",45,52,13,76,175,18,14,747,35,348,11,3,49,149,39,5,20,11,58,1,33,0,32,11,87,54,418,8,12,4,227,193,6,21,42,28,119,21,23,28,20,106,15,8,62,6,27,14,19,27,19,42,10,174,101,112,335,33,22,1,142,47,37,20,21,20,4,15,13,21,10,1810,41,59,50,53,45,40,24,55,43,15,51,69,6,113,20,274,378,130,23,304,9,12,8,57,4,6,1835,11
"COG3962",3603,4147,4318,3839,1510,5065,4461,1068,3566,2514,5563,5082,3174,3297,2514,2497,5508,4446,797,3788,2216,4233,1652,5283,211,1008,1042,2129,4441,4066,1451,128,2512,1350,3561,2171,444,3996,2147,4836,3419,3000,2350,4493,124,4402,1711,409,1980,857,3373,4163,5374,1914,2245,1164,480,5119,3855,6120,436,3169,3739,4181,3760,4268,3652,3895,2783,557,2501,1921,2142,364,4151,3891,3792,3482,1551,3066,4779,1400,1805,2799,4050,3567,217,1943,1328,3258,4268,2292,3921,272,239,572,5386,2175,133,2707
"COG3963",110,66,46,140,134,35,33,589,95,513,17,37,275,153,367,80,58,65,88,45,67,80,487,58,585,52,125,166,76,23,312,234,249,61,77,193,43,60,284,33,55,187,204,52,314,163,19,681,280,152,70,55,22,368,56,183,119,66,62,40,52,65,122,113,42,68,42,112,70,212,163,121,54,72,43,50,295,121,65,64,48,460,204,266,76,147,570,363,370,205,90,303,160,164,366,34,33,335,84,56
"COG3964",369,499,187,258,734,76,362,83,546,678,43,234,2017,740,628,478,481,194,258,153,368,258,620,266,49,135,461,1293,167,201,1472,179,715,197,393,1489,83,94,874,294,268,452,776,255,79,376,153,78,2025,962,379,310,120,1291,445,388,189,263,551,113,282,278,289,415,321,482,569,270,201,100,1265,538,324,283,300,145,1579,347,642,608,208,466,747,368,232,455,65,1961,542,1083,483,722,350,78,62,232,181,1602,217,345
"COG3965",0,15,9,1,128,1,3,60,0,2,2,3,4,9,12,3,6,3,64,1,5,1,99,2,117,74,42,43,9,1,66,239,1,50,2,26,335,4,19,14,0,48,10,5,200,2,10,41,17,375,1,141,0,139,102,51,261,6,6,12,198,4,53,59,3,2,8,36,36,248,140,69,51,49,5,6,23,29,234,59,16,108,93,1,0,65,179,23,84,6,4,52,40,1155,310,165,5,21,861,13
"COG3967",12,25,8,4,58,14,10,17,25,3,5,9,11,36,24,37,10,18,14,1,15,1,54,4,533,7,63,39,12,7,57,92,13,53,20,96,18,9,22,13,21,50,43,37,57,5,41,59,41,61,43,4,3,45,19,11,61,8,12,31,54,14,10,12,19,0,9,20,47,322,122,90,32,21,9,18,14,46,50,26,2,28,91,5,3,2,753,31,0,12,10,24,13,78,185,12,12,75,71,33
"COG3968",320,329,111,1881,280,148,129,1510,328,763,30,183,258,210,254,164,180,176,166,76,222,350,194,158,394,119,220,78,645,115,108,194,159,673,320,125,80,167,110,97,280,176,55,480,145,82,63,1389,18,171,309,421,149,193,41,963,238,127,639,51,221,554,231,281,326,268,2094,241,111,332,154,157,406,239,139,361,579,301,118,129,317,194,571,2519,192,160,243,105,745,156,283,706,475,726,294,496,81,231,69,102
"COG3969",21,40,38,126,6,6,72,82,34,18,34,24,40,34,15,28,41,3,1009,14,15,17,10,32,440,2041,24,22,35,5,18,851,45,20,22,2,1169,189,8,56,33,31,6,73,545,48,3836,367,24,1,4,20,0,32,23,9,1078,45,19,73,2865,19,24,76,20,6,17,36,16,4097,7,35,44,5165,99,25,61,7,1,3,23,11,3,151,13,22,363,44,29,8,8,6,59,4,383,1949,19,14,24,41
"COG3970",406,261,363,147,217,357,485,600,425,312,169,445,1000,592,252,342,531,359,74,182,297,301,237,375,418,82,352,406,497,363,1011,111,541,91,248,446,27,152,346,349,218,562,319,455,119,447,132,1181,619,321,294,248,350,878,107,365,107,414,191,149,100,418,451,409,223,219,138,409,214,167,496,285,260,109,413,361,457,541,177,362,716,199,249,93,165,552,823,887,223,853,247,319,326,168,282,69,481,748,147,321
"COG3971",2266,2448,1982,3406,2255,3450,2328,2450,3196,1253,2789,2770,3522,2975,1518,1785,2529,2445,1123,2859,2127,3291,1291,2246,1539,941,2679,2064,3630,3228,2580,1667,3322,945,2167,2199,1567,1723,1563,2364,2392,2427,1248,2745,1347,2455,615,3017,2205,1674,2110,3311,3288,2937,1374,1667,432,2301,3062,2415,1005,3852,2127,2330,2491,3183,3722,2310,1444,816,1727,4603,2089,868,2181,2847,1742,2025,3265,2814,4492,1216,1341,2770,2170,2495,1364,2873,957,3059,2916,1488,2390,667,1641,870,2563,2014,4731,2052
"COG3972",6,45,0,0,49,3,4,6,2,3,4,1,3,6,21,5,1,19,428,14,6,1,63,0,35,100,521,8,3,2,190,1081,4,51,3,7,262,11,39,7,17,150,4,9,20,1,16,1,29,68,7,4,4,20,161,124,16,5,2,7,281,0,16,2,5,0,0,9,8,382,16,2526,5,715,0,2,2,17,26,7,0,14,130,1,1,167,20,316,0,13,0,8,1,77,3,418,18,18,2507,6
"COG3973",152,49,163,58,1054,10,381,1,595,1378,129,89,697,376,1250,851,673,85,3,331,360,69,1609,312,9,20,217,1751,16,13,831,29,426,829,346,1745,8,631,1882,258,274,377,2110,159,33,376,92,3,1912,759,131,138,33,468,1408,56,98,243,242,62,27,65,346,26,204,204,5,396,886,8,1854,1224,249,30,387,87,2802,312,1052,145,94,1503,1431,67,639,634,7,712,1602,470,180,1137,17,48,5,19,233,1137,48,261
"COG3975",1656,963,1430,1045,1960,335,534,562,784,924,288,379,440,747,931,690,1266,522,849,342,982,546,1297,1217,2969,1602,1345,676,877,454,647,2077,598,1464,954,743,1953,794,552,560,1121,987,603,771,1977,365,409,1395,590,2486,1280,1728,271,871,509,2619,2446,793,752,392,1337,862,1172,1211,833,693,1554,447,783,2109,772,1764,951,574,988,659,736,792,1796,1525,867,758,1805,1421,383,423,3415,748,2420,480,619,1305,976,2699,1109,904,400,764,3268,341
"COG3976",0,0,0,0,4,2,0,0,0,2,0,4,0,0,0,2,0,3,19,0,0,0,0,0,69,4,4,6,0,0,7,17,0,2,0,53,0,0,1,0,0,7,15,57,0,0,1,0,1,1,9,0,4,15,7,2,0,0,1,13,4,0,0,0,0,0,0,0,0,53,14,10,1,0,0,2,0,1,1,1,0,0,12,0,0,3,411,6,0,0,0,3,0,3,136,7,0,6,11,0
"COG3977",57,56,76,244,318,148,113,21,123,761,43,119,163,138,753,179,17,82,74,43,105,81,961,124,141,51,54,353,104,133,360,54,163,149,59,402,96,18,702,64,62,74,417,150,27,29,17,6,433,409,66,133,149,140,143,302,78,46,61,40,55,227,144,177,63,75,872,97,67,32,264,182,72,17,93,146,486,53,291,129,196,962,226,201,4,10,30,233,272,98,76,514,122,160,28,236,86,141,242,54
"COG3978",0,0,0,0,35,0,0,0,0,1,0,0,0,0,1,0,0,0,18,1,10,1,2,0,0,17,0,0,0,0,29,8,3,64,0,1,3,0,0,0,0,15,0,1,6,1,0,1,5,0,0,0,0,0,0,2,27,0,0,0,45,0,1,0,0,0,5,1,0,13,0,3,1,10,0,0,23,0,21,19,4,0,36,0,0,0,0,0,1,1,0,0,0,0,0,41,0,2,28,0
"COG3979",2556,1887,2727,1042,3317,716,1639,967,3681,2041,1397,1647,4335,2656,2829,5689,3317,2234,957,3246,4308,1055,1999,2252,665,1294,3964,2944,681,1365,3871,2108,729,2678,5479,2115,2803,5350,3112,2360,2759,3745,3379,1640,1190,4267,2603,2080,3779,2354,3337,2652,1170,4429,1875,1456,4495,2189,2253,2810,2212,998,1899,1464,2489,2530,972,3038,4213,889,2549,3192,1985,445,2224,482,4142,2904,1865,3768,570,1855,3626,808,3367,4731,3870,3086,2862,3427,2857,2365,1881,153,1024,1502,1559,5269,4447,2822
"COG3980",652,319,321,233,1625,440,460,289,441,1428,357,349,676,612,849,505,461,464,669,776,512,367,1072,367,357,656,1159,1207,535,601,1663,1304,393,1918,574,1325,1496,388,1077,441,522,860,1110,505,1366,648,157,652,707,1190,425,630,437,677,1608,733,818,387,358,527,716,350,332,267,372,476,526,600,397,498,1161,1193,561,733,296,318,699,459,1897,551,481,1402,1326,261,385,939,87,1504,1417,1233,480,1419,307,112,124,846,416,792,2337,494
"COG3981",11,8,1,5,176,7,3,91,12,27,1,11,23,13,15,40,1,21,5,14,14,3,33,1,16,12,110,63,24,10,89,38,1,530,18,39,76,1,23,6,6,25,18,7,67,9,2,197,35,32,8,25,7,28,26,37,67,3,1,0,80,1,7,1,1,1,12,13,27,30,26,314,18,10,12,4,41,8,43,35,0,29,38,3,0,18,1,127,27,23,2,35,0,11,1,16,4,44,514,6
"COG4006",0,0,0,0,2,0,0,0,0,5,0,0,0,0,3,0,0,0,0,0,0,0,5,0,0,0,1,1,0,0,1,0,0,0,0,0,0,0,11,0,0,1,6,0,0,0,0,0,2,2,0,0,0,0,0,0,15,0,0,0,0,0,0,0,0,0,0,1,0,0,0,1,0,0,0,0,0,0,5,0,0,0,2,0,0,0,0,0,14,0,0,4,0,0,0,0,0,2,0,0
"COG4012",2,0,0,0,3,0,0,0,1,332,0,0,1,2,37,0,0,0,0,0,0,0,13,6,0,0,0,16,0,0,7,1,0,0,0,9,0,0,24,0,0,0,4,0,10,0,0,0,7,9,0,1,0,2,5,8,95,0,0,0,0,0,0,0,0,0,0,0,0,0,10,3,0,1,0,0,7,0,4,0,0,9,2,0,0,0,0,48,312,1,0,259,0,0,0,1,0,34,1,0
"COG4021",0,2,0,0,40,0,0,0,3,6,13,1,10,5,6,0,0,15,5,1,1,1,55,1,0,29,5,4,1,14,54,3,0,11,3,1,8,0,4,2,13,75,0,27,48,3,0,0,1,2,8,0,9,4,3,1,313,6,2,5,18,2,7,0,5,0,1,0,1,4,1,2,5,43,6,13,1,10,0,8,5,11,2,0,0,4,0,5,11,3,0,6,1,0,0,0,1,1,9,3
"COG4032",787,742,775,670,1090,1149,811,308,1017,2021,840,869,2207,1270,1124,801,918,744,504,946,832,829,979,849,422,421,595,1621,782,943,1981,193,1090,1107,1043,2130,321,658,1392,760,733,1148,1424,884,188,1217,428,564,1815,1034,204,145,342,521,449,153,409,237,251,275,123,253,195,237,301,320,328,349,200,95,701,327,275,134,252,272,587,319,350,240,299,378,452,163,282,461,64,685,667,505,310,711,280,26,92,87,299,624,63,306
"COG4034",9,1,14,2,0,2,15,0,28,5,10,24,24,39,2,8,18,12,0,22,8,2,0,5,0,2,4,1,1,3,24,0,29,1,42,0,0,4,0,32,15,20,0,9,1,76,3,0,0,0,5,3,3,32,5,1,8,14,18,9,8,2,8,11,23,19,0,13,10,0,0,1,12,4,13,7,0,20,0,2,27,1,0,4,2,34,0,71,5,45,21,3,15,0,0,0,15,23,0,25
"COG4043",3,0,2,12,61,4,2,0,0,3,9,23,1,2,3,4,1,7,5,7,10,3,2,3,1,7,7,3,11,10,11,5,4,299,1,1,5,1,0,9,0,14,9,17,24,0,1,4,0,1,2,0,5,0,6,6,30,0,4,9,13,11,8,8,3,0,0,7,2,65,9,4,5,10,2,12,1,2,11,2,16,2,6,12,1,10,0,12,2,6,4,3,2,0,0,1,10,1,1,3
"COG4044",0,0,4,0,0,0,1,0,0,0,0,0,23,1,0,0,19,0,0,0,0,0,2,1,0,0,1,0,0,0,3,0,0,0,1,0,0,22,0,0,0,32,0,0,0,5,12,0,0,0,0,0,0,3,0,0,0,0,0,0,1,0,4,0,1,0,0,0,0,1,0,0,0,1,13,0,1,0,0,0,0,0,0,0,0,9,0,6,0,11,0,0,0,0,0,0,2,3,0,0
"COG4046",21,0,2,79,860,0,6,0,466,127,4,0,395,513,1146,125,47,0,2,482,249,0,1293,8,0,71,0,1653,0,0,955,470,162,3221,395,2349,13,84,1673,5,61,5,2391,0,82,743,23,0,701,249,35,22,0,164,4291,2,234,6,159,2,85,0,0,0,103,157,0,34,168,0,2391,221,268,122,1,3,1048,1,1228,20,0,2669,2078,79,12,14,0,1230,471,898,169,780,0,12,0,1,0,1559,22,2
"COG4063",0,0,0,38,2,0,0,0,35,7,0,0,0,5,1,0,0,0,0,2,3,0,0,3,0,0,0,5,0,0,0,0,51,2,7,5,0,0,3,0,1,0,10,0,10,3,0,0,30,4,0,0,0,1,0,0,22,0,8,0,0,0,0,0,1,36,0,0,1,0,5,0,0,0,0,0,49,0,1,2,0,1,8,33,0,0,0,1,21,0,41,7,0,0,0,0,0,6,0,0
"COG4067",638,593,496,424,1441,181,287,3494,617,159,467,305,521,398,531,852,561,577,1186,572,500,653,836,443,2292,726,1023,679,1064,224,905,1964,518,1216,610,994,1458,741,604,560,622,786,605,325,2692,541,417,2407,602,1384,562,813,178,547,697,661,868,524,493,511,1024,302,1353,593,525,564,161,657,904,811,532,906,409,1126,524,258,604,415,1360,519,879,614,939,510,890,609,2030,492,287,598,538,323,481,4202,2897,871,586,732,1638,528
"COG4083",179,158,193,60,38,9,135,0,395,78,29,89,257,169,273,731,271,182,65,190,491,0,145,107,0,34,174,103,13,59,148,7,37,31,299,52,11,462,293,160,278,198,179,110,3,126,85,0,321,72,326,282,79,216,64,106,11,208,398,56,29,104,58,128,270,345,157,134,376,37,59,44,235,18,132,23,251,131,23,485,0,148,83,14,146,109,1,137,25,215,379,36,110,0,0,59,165,167,42,167
"COG4085",3,12,5,27,13,0,5,0,12,513,15,4,4,16,175,29,5,7,1,1,14,0,150,4,4,3,1,96,6,2,19,12,2,20,5,27,1,0,277,18,4,5,62,16,0,25,0,0,103,14,12,11,0,19,17,2,62,18,5,9,1,1,5,12,6,5,0,5,7,0,39,30,9,16,8,1,28,22,16,7,1,142,51,27,2,6,0,16,57,11,8,602,47,0,4,1,3,35,5,7
"COG4087",0,0,0,0,2,0,0,0,0,3,2,0,0,0,2,0,0,1,106,0,0,0,9,1,0,37,3,1,0,0,1,74,0,1,0,3,21,0,4,0,2,0,0,0,0,0,0,0,7,0,0,0,1,0,4,2,6,0,0,3,47,0,1,0,0,0,1,0,0,17,4,2,0,180,0,0,0,8,0,1,0,3,7,0,0,2,0,4,23,1,0,15,0,0,0,106,2,4,8,4
"COG4088",20,4,5,49,0,2,13,0,21,0,1,3,22,28,1,18,39,0,1,2,37,0,0,7,0,0,3,0,3,4,0,0,3,1,57,0,0,49,0,7,29,1,0,24,0,2,10,0,1,0,4,9,0,7,0,4,0,7,30,0,1,1,1,1,38,36,31,8,27,0,0,0,92,0,32,34,0,6,2,3,2,0,0,1,3,0,0,0,0,2,34,0,3,0,0,0,0,0,1,1
"COG4091",1512,1833,1630,1344,598,1729,1688,507,1483,516,1892,1774,1541,1259,930,1171,2385,1953,687,1321,676,1647,556,1682,735,711,405,1210,1940,1506,853,439,1372,418,1310,1071,365,1361,553,1889,1460,1034,672,1264,195,1545,698,699,1107,679,1567,1599,1710,851,661,468,132,1768,1233,1492,450,1306,2357,2152,1466,1213,872,1477,1613,163,1368,620,727,317,1979,1573,803,1168,581,923,1842,451,824,1117,2589,1242,295,1338,643,1438,1154,575,1669,423,946,385,2213,1177,116,1355
"COG4092",7,0,0,0,0,11,0,0,0,0,0,0,1,0,1,1,0,3,0,0,0,0,0,0,0,20,0,0,0,0,1,0,0,0,0,2,0,0,0,0,2,1,2,7,0,0,0,0,0,0,1,0,11,0,0,2,0,0,0,0,0,0,0,3,0,0,0,0,0,0,0,0,0,0,0,0,0,0,0,0,0,0,0,0,0,0,0,4,0,0,0,2,0,0,0,0,0,1,0,0
"COG4093",0,12,2,1,89,12,3,129,2,1,0,2,4,3,1,5,0,3,7,2,5,0,0,1,185,7,14,13,10,1,1,169,3,8,0,29,26,6,0,2,13,7,14,18,9,1,3,204,14,66,0,3,1,5,5,9,1,0,0,1,5,1,0,0,0,0,1,4,0,18,2,13,0,1,1,0,1,1,5,6,1,0,6,0,0,0,54,2,0,0,0,1,1,361,42,0,3,2,6,0
"COG4094",1021,564,914,371,394,469,1631,1253,282,1293,416,1167,428,810,649,543,539,1098,288,330,1542,805,564,524,1018,514,1383,321,508,936,169,388,1511,182,298,427,202,349,578,1032,915,312,387,1019,374,127,127,1065,290,313,857,836,485,812,263,2110,327,886,681,477,177,754,749,727,951,145,9,357,422,270,289,450,1768,192,1238,1177,183,990,239,783,636,522,396,378,33,132,795,142,750,217,188,854,489,1411,1221,184,960,321,95,807
"COG4095",376,216,166,179,121,101,76,185,278,167,136,71,114,250,154,443,89,96,23,319,500,257,100,89,101,183,554,115,227,124,94,25,559,91,283,131,32,161,134,73,346,229,155,72,75,201,42,107,142,71,317,195,80,173,68,786,86,79,477,95,72,380,147,261,400,195,178,313,304,16,111,161,536,33,92,236,220,425,85,322,221,102,149,275,115,134,90,62,109,105,191,79,260,59,248,35,78,129,10,490
"COG4096",1090,916,742,474,2620,930,850,2202,594,958,731,862,565,682,877,864,702,1188,2332,616,716,407,1053,628,2004,1642,2841,1296,817,936,1911,3562,478,1969,646,1334,3603,882,771,831,695,1392,1009,992,6151,767,449,1543,673,2253,1058,1852,839,1115,1553,1849,1955,768,744,931,2338,888,1093,901,544,569,796,700,880,1853,1005,5444,666,2072,616,658,580,986,1456,1097,386,1044,1828,517,1255,1480,1496,1640,1085,1380,558,1437,736,2942,1196,2046,862,836,7885,1057
"COG4097",60,78,13,62,283,18,13,747,21,25,15,16,26,120,42,57,9,28,370,10,25,1,123,47,670,168,294,87,10,15,139,634,6,141,29,592,271,45,10,31,42,68,186,262,427,7,47,1239,69,494,81,12,7,153,108,379,110,13,21,106,216,18,30,33,18,9,70,48,64,301,97,151,59,283,27,43,7,41,165,76,5,73,143,60,6,30,1848,71,5,14,7,94,53,577,1093,404,24,66,214,25
"COG4099",808,862,537,955,1158,717,435,2025,1276,1213,431,565,1747,1164,1276,1574,550,562,125,749,1195,876,1482,525,232,159,1065,1626,849,726,1769,187,728,465,1065,1105,68,938,1728,639,833,891,1369,413,201,670,206,739,2089,1321,961,839,602,1603,629,1101,588,701,1091,465,283,1355,868,1064,899,854,829,1052,919,250,1334,1495,814,179,762,334,1639,922,718,1398,511,1499,1449,1503,1076,631,203,1728,1342,1476,852,1262,972,112,81,253,339,1715,922,676
"COG4100",1472,834,2082,93,30,746,4621,0,327,154,901,3231,528,1267,320,730,1210,2954,26,512,2871,1190,12,742,2,797,2527,17,692,1914,80,15,2381,6,396,10,15,1142,4,3048,1468,633,16,2549,13,213,167,4,35,56,1089,1117,1335,1528,51,3183,12,2494,957,1457,12,934,1740,1170,1389,126,4,646,701,508,30,354,3042,2,3324,2802,3,1895,7,1131,766,10,0,94,4,171,0,0,1,223,188,1,777,0,5,54,2720,4,12,1508
"COG4101",159,126,104,86,195,168,230,87,332,57,64,133,768,339,237,390,258,144,23,188,362,135,197,77,86,33,203,435,195,170,767,9,162,96,389,406,12,377,364,178,175,304,285,160,6,285,53,14,605,263,152,275,193,558,178,97,33,147,336,77,52,208,101,170,214,274,403,247,276,23,399,203,206,49,192,156,389,255,196,349,246,185,291,57,74,297,62,562,83,479,309,118,120,8,84,13,150,830,98,186
"COG4102",2511,2935,2640,3667,3312,2965,2048,1981,3194,2650,2563,2478,5846,3850,3035,1950,2910,1774,4863,2598,2245,3031,2704,3186,3616,21567,1701,4924,3400,2500,5134,1502,2654,1024,2463,5915,3586,2613,3962,2480,2534,2396,3363,2018,703,3310,10361,1115,7235,3846,2287,2729,2808,5695,1780,1743,1095,2329,2994,2003,8208,2674,3320,2955,2589,2994,4134,2424,1994,450,5564,3099,1875,23121,2976,2393,6636,2339,2743,2684,2876,2599,2943,3392,2692,2948,1366,5231,1734,4806,3046,2720,2896,342,684,3476,1950,5343,1210,1919
"COG4103",776,907,679,776,761,1256,686,622,703,747,684,822,693,716,603,589,754,678,290,684,646,844,692,778,456,334,704,635,1093,1082,643,791,805,419,649,493,886,588,542,669,683,881,468,704,754,710,198,565,594,1141,698,828,1093,756,373,627,431,613,712,616,391,954,681,993,646,869,926,712,516,330,453,706,579,96,621,769,554,567,957,869,1093,514,625,831,593,871,230,618,879,877,869,724,888,1073,399,286,729,556,1206,675
"COG4104",45,61,116,44,89,20,58,103,44,9,42,34,17,27,26,284,57,65,331,21,23,90,70,109,77,207,65,21,104,40,49,298,130,123,15,85,144,84,13,62,62,59,43,53,328,20,556,147,15,148,59,57,17,44,33,252,182,38,31,55,115,110,85,56,45,11,77,56,96,432,11,41,46,280,101,42,23,75,153,45,92,52,80,34,27,21,55,12,22,28,20,28,38,111,40,575,83,27,105,26
"COG4105",4197,4836,3943,4383,3079,6101,3180,2015,4403,4178,5823,4475,3160,3959,4177,4026,4251,3998,1631,5381,3603,5178,3885,4748,2166,1518,2626,3543,5478,5235,3714,1957,3588,2798,4555,2985,2029,3550,3686,4133,4261,4414,3393,4250,2977,4755,1366,1723,3430,2777,4326,2963,5714,3101,3033,2456,2451,4145,4430,5446,1689,4861,4280,4518,4605,5236,4840,4610,3761,1230,3284,2836,3566,1199,3019,4368,3573,4316,2964,4265,5607,3629,3199,4580,5129,5169,1888,3741,3849,4148,5255,3686,4994,2734,1976,1291,4399,3260,2250,4834
"COG4106",40,19,30,45,109,30,66,409,85,82,16,30,322,128,56,64,133,33,153,61,54,26,49,70,198,93,74,149,26,23,156,84,180,53,44,237,49,22,119,49,21,111,103,96,74,163,53,225,227,147,24,42,28,169,53,50,36,49,39,35,65,23,83,10,45,45,5,60,66,87,179,87,45,171,50,43,200,99,100,52,80,40,129,39,13,167,123,203,108,193,55,93,37,82,239,144,52,221,17,61
"COG4107",23,10,10,24,78,34,104,413,38,3,3,59,85,50,6,9,9,11,152,4,21,1916,14,10,201,51,52,8,1713,32,29,426,1073,34,183,38,69,17,3,21,138,23,20,56,117,3,20,700,16,67,18,270,39,62,23,34,32,18,20,9,44,17,12,17,122,16,2,25,5,50,19,44,23,174,16,32,14,14,76,59,2178,2,35,14,4,9,143,14,1,16,16,6,12,887,297,106,37,20,29,15
"COG4108",3272,2621,3246,4556,2751,1890,6249,3689,1841,1815,1631,4755,1942,2508,2128,2135,2344,4490,1640,1296,4332,2661,2684,1741,4247,2076,5150,1539,2612,3473,1578,3327,4696,2974,1554,1725,2597,1847,1688,3716,2673,2376,1410,4209,4273,880,692,3161,1482,3174,2863,3676,2494,3411,900,6763,1395,3530,2947,1931,1579,3325,3164,3037,2977,1623,4866,1950,1995,2335,1216,2628,4329,1223,3392,4643,1994,3269,3046,3220,2562,2111,2193,5197,1060,1307,3578,1130,759,1738,1601,1397,2582,5787,3703,1905,3702,956,3311,2563
"COG4110",6,5,0,2,67,7,6,31,7,23,4,4,4,51,16,24,4,12,340,0,6,1,11,0,3,75,275,38,17,3,65,228,3,13,5,68,178,3,3,1,4,16,34,7,291,3,6,2,26,34,0,0,1,7,9,9,13,1,2,0,77,7,4,1,2,0,1,3,3,21,2,8,5,154,4,10,5,0,33,8,1,0,30,1,1,10,12,11,1,1,0,12,0,3,2,124,3,9,15,2
"COG4111",17,11,9,0,77,21,8,637,15,6,1,22,72,61,9,11,8,41,7,1,8,24,7,14,542,11,18,34,74,23,32,46,13,217,4,68,9,11,18,11,12,17,29,17,13,11,3,469,25,71,46,17,18,52,11,51,14,9,7,3,35,17,16,16,1,1,1,16,2,43,29,33,12,13,14,24,18,15,29,13,26,18,21,1,12,8,471,72,5,40,1,23,27,181,841,14,11,27,8,15
"COG4112",25,16,31,55,24,4,0,171,20,20,1,1,21,57,33,14,1,12,14,0,22,15,150,13,2,25,108,38,5,4,61,45,15,10,16,22,108,1,34,11,18,33,45,6,109,1,1,2,60,31,21,65,0,76,14,76,380,12,14,2,62,34,12,78,23,11,0,18,6,21,43,331,28,9,5,14,70,20,15,57,6,40,34,59,0,21,12,119,33,43,12,19,24,0,6,13,1,53,487,15
"COG4113",5,2,2,2,1,1,0,3,0,5,0,1,17,1,0,0,1,3,2,0,0,0,2,0,33,1,7,4,0,0,3,12,1,1,1,5,1,2,0,0,0,1,1,2,80,0,0,6,3,1,7,0,0,6,0,14,41,0,0,2,2,1,2,0,0,0,0,3,1,4,5,8,0,4,2,1,1,0,1,1,0,0,12,0,0,0,74,6,23,9,0,6,0,21,19,1,0,4,2,0
"COG4114",0,4,0,2,25,0,1,44,0,2,4,0,3,3,17,3,2,6,145,0,5,0,43,0,94,40,34,1,0,1,6,149,4,22,1,19,118,6,4,2,1,76,11,3,11,1,8,98,11,40,3,1,1,6,14,7,4,0,3,13,66,0,21,7,1,0,3,1,2,21,29,19,4,191,0,2,1,2,45,16,1,5,84,0,0,5,91,4,0,5,0,6,1,260,29,122,19,3,10,2
"COG4115",23,23,23,50,177,17,7,236,9,48,1,2,14,45,24,12,19,8,124,2,10,28,74,27,86,100,137,28,57,8,62,174,29,51,3,88,224,7,20,12,17,46,46,18,128,1,14,226,14,257,42,197,8,44,51,65,224,9,8,9,117,27,36,28,7,0,39,12,11,101,65,147,7,54,24,16,85,27,163,36,77,35,60,51,3,30,66,37,119,18,4,56,18,459,49,63,3,23,293,6
"COG4117",32,8,4,2,100,4,11,57,40,37,6,5,71,36,93,32,7,13,38,6,17,10,126,7,514,14,78,96,8,4,34,164,92,17,13,158,18,21,143,4,14,51,129,18,232,11,29,64,149,99,50,3,7,99,36,103,24,10,9,28,56,0,18,8,8,18,1,36,21,200,142,112,6,31,10,14,92,20,65,36,11,147,258,1,14,16,670,40,60,42,12,45,0,37,236,19,11,59,25,14
"COG4118",0,0,2,1,2,1,12,0,2,9,2,0,9,0,1,0,13,6,0,0,3,2,5,2,44,1,4,4,8,1,2,8,2,1,0,23,6,0,2,2,6,0,7,2,1,1,1,1,6,31,0,3,0,5,4,1,2,1,1,0,0,2,4,2,4,0,0,0,0,0,1,3,7,0,2,3,3,2,1,6,4,2,4,0,0,1,9,2,8,0,0,7,0,35,1,1,1,2,1,1
"COG4119",14,17,8,2,0,8,7,4,11,3,3,2,12,12,7,8,8,6,8,2,5,33,12,15,9,23,10,4,10,4,6,27,11,3,5,20,14,5,5,5,5,10,12,13,40,2,80,2,1,4,11,5,9,9,8,42,101,8,3,4,19,9,39,15,11,6,0,5,2,78,29,14,2,12,22,7,3,6,3,7,22,8,19,2,3,2,3,27,5,16,3,7,34,1,17,5,5,18,6,14
"COG4120",6,2,1,0,32,1,7,130,2,20,3,20,8,45,1,4,1,20,38,1,5,0,30,1,132,24,18,21,3,2,43,40,1,26,2,123,83,7,2,6,5,1,40,9,74,2,52,192,3,128,13,8,1,18,3,93,44,1,7,7,36,3,13,4,1,0,1,9,5,57,5,22,5,19,2,32,9,2,26,10,2,9,13,0,0,1,68,7,91,1,0,56,0,159,43,34,21,1,83,1
"COG4121",2246,2278,2256,2471,2170,1556,2889,2915,1247,388,1322,2319,1033,1691,1039,1223,1713,2392,1329,1146,2537,1677,1142,1732,2014,1221,3752,973,2118,2268,1301,2578,2889,1676,1275,1099,1973,1246,748,1990,1929,1841,758,2480,3434,776,571,2688,694,2182,2297,2254,1580,1829,860,4088,1427,2006,1888,1178,1384,2426,2506,2425,1861,1730,3100,1377,1410,1220,661,2431,2467,768,2090,2773,848,1886,3080,2579,2319,819,1408,2984,1151,1074,1370,1000,295,1143,1615,649,2082,2126,1999,1572,2168,814,3658,1630
"COG4122",2300,2818,2569,1963,1897,3397,1634,342,2862,2158,3744,2677,2071,2761,2836,2575,2680,2512,897,3736,2183,3065,2650,3107,414,984,1170,3276,2874,3000,2411,456,2192,2955,3230,2983,471,2806,3240,2720,2762,2696,3447,2812,324,3511,1225,947,2948,1243,2724,1324,3318,1992,3830,1347,788,2815,2840,4037,723,2738,2508,2542,3062,3398,2378,3381,2901,590,3546,1877,2389,723,1999,2528,3012,3068,1724,2528,2582,3222,3158,2259,3477,3202,947,2406,1805,2324,3341,2061,2990,199,354,527,2781,3100,141,2960
"COG4123",518,686,528,1342,953,585,456,1017,475,288,286,422,561,540,354,326,572,448,368,286,422,374,460,591,666,380,699,394,790,512,868,1107,450,545,478,317,1389,415,197,399,545,514,191,460,1136,304,132,1268,232,1414,527,815,509,583,243,628,597,436,598,210,543,699,480,673,440,613,1745,433,340,477,284,912,474,179,595,534,344,373,845,704,912,291,592,1664,265,388,561,414,455,536,519,388,659,1054,1135,369,434,284,2037,304
"COG4124",47,55,3,37,276,73,12,29,25,40,5,30,5,5,116,40,9,28,25,9,27,21,258,7,23,22,69,51,19,27,75,472,13,248,4,29,100,8,170,5,17,40,45,28,22,1,15,37,64,243,130,35,73,34,61,155,288,14,10,28,193,60,19,11,5,7,43,3,13,52,140,83,5,50,1,8,168,105,54,110,17,184,434,30,161,20,25,40,20,34,12,47,51,182,78,32,11,147,21,49
"COG4125",7,0,0,0,115,1,4,107,2,9,2,1,2,17,6,10,1,6,156,4,6,1,18,0,142,82,30,10,7,2,36,188,11,28,1,80,110,2,2,1,8,46,35,5,86,3,30,50,36,64,3,1,2,38,7,30,11,0,4,14,96,1,14,3,1,0,9,11,1,60,7,16,11,199,0,21,12,4,40,28,3,8,29,4,1,0,110,4,1,6,0,23,0,542,111,138,3,7,71,3
"COG4126",349,429,443,567,790,765,730,894,608,831,254,646,812,562,915,389,584,442,296,181,485,493,1236,526,310,134,586,1208,863,703,555,320,504,503,429,1237,226,288,1161,519,360,583,1267,671,469,188,189,1507,1177,683,315,536,696,618,680,304,379,531,370,148,232,659,475,597,382,369,537,294,288,183,1123,801,355,170,692,748,1326,473,724,588,790,1058,1013,526,159,500,346,526,929,612,373,988,443,404,298,174,675,744,76,389
"COG4127",71,83,145,45,56,21,27,242,149,15,31,19,48,51,74,157,96,46,166,167,62,42,80,84,82,78,118,89,14,26,81,182,17,92,111,102,85,205,75,60,41,65,65,46,61,91,71,10,59,64,101,97,23,73,90,94,19,51,44,60,101,32,80,39,68,106,10,65,86,69,95,87,31,288,62,11,19,61,77,64,8,84,72,29,201,182,34,118,47,88,86,52,65,238,58,206,30,172,59,100
"COG4128",7,8,0,0,52,0,0,1,2,1,0,0,5,5,5,4,0,2,3,1,6,0,6,0,1,5,23,7,6,1,36,10,3,34,0,8,3,4,4,0,0,2,0,0,27,0,0,0,14,11,2,1,0,8,5,44,14,1,3,5,110,2,7,0,0,0,1,0,13,10,2,17,0,5,1,11,21,5,4,30,1,29,30,0,1,0,3,9,0,11,0,11,4,1,2,135,2,29,49,3
"COG4130",52,112,57,169,119,10,28,0,33,9,19,20,75,35,49,55,38,33,26,74,42,9,58,31,4,21,62,60,28,28,42,10,18,28,60,47,17,45,44,37,29,74,36,15,2,71,37,1,56,53,15,10,4,9,11,3,0,9,24,5,7,15,17,49,8,24,97,21,7,2,12,17,15,2,22,6,15,15,20,24,6,13,17,46,15,35,2,24,14,29,20,13,50,1,0,12,20,22,4,9
"COG4132",1,3,1,0,29,0,0,84,0,1,1,0,2,2,4,0,3,6,181,0,1,0,29,0,166,68,11,2,0,1,31,102,1,20,0,87,67,1,0,0,2,33,29,43,20,4,6,36,10,28,4,0,0,46,33,1,2,0,0,33,61,2,4,0,0,0,0,2,2,40,5,2,0,207,0,1,5,3,5,3,2,1,10,0,0,5,1022,5,1,3,0,5,1,57,386,174,5,9,51,0
"COG4133",1323,1593,1183,1891,1242,2290,1113,987,1228,774,1395,1446,1097,1225,1108,928,1262,1229,695,1257,1251,1531,1178,1452,1317,536,1131,1089,1967,1881,1096,1397,1353,648,1141,893,1232,1016,872,1140,1092,1256,981,1278,1620,1183,405,839,859,1473,1431,1274,1989,1001,841,993,545,1091,1261,1130,632,1743,1351,1772,1241,1727,1801,1255,968,686,795,1296,1029,445,1077,1376,869,964,1317,1435,1986,1056,1006,2011,1256,1476,1040,925,573,1315,1648,697,1500,1709,1066,566,1443,766,1649,1164
"COG4134",196,302,404,442,545,530,463,462,227,158,259,551,293,266,223,138,369,386,201,177,208,676,425,352,481,138,305,342,856,479,290,600,443,400,177,299,888,193,144,303,368,279,273,490,559,167,88,1321,201,819,246,649,502,259,154,230,198,350,221,155,164,472,383,397,208,226,755,205,120,198,216,234,215,46,410,542,183,223,988,313,1267,239,301,348,126,171,371,137,98,154,227,251,369,487,344,107,489,146,903,171
"COG4135",174,332,461,280,821,553,382,521,183,40,247,473,251,218,190,106,433,381,323,173,213,345,478,435,617,183,360,413,779,527,241,897,272,534,149,334,1244,134,124,259,418,329,238,523,921,122,104,1552,213,1416,253,836,449,268,151,202,355,304,155,149,229,521,433,422,152,206,611,179,123,328,194,244,193,51,460,616,165,207,1564,398,1115,219,325,283,113,190,451,131,115,111,194,269,418,590,356,149,566,109,1433,121
"COG4136",58,113,119,73,291,80,132,180,44,14,77,121,57,56,68,16,115,84,69,45,33,43,141,117,226,61,142,116,230,62,91,386,53,212,30,121,449,47,36,63,130,135,59,150,372,24,31,357,53,476,77,309,65,102,45,83,141,85,9,36,71,98,115,114,26,21,198,38,34,132,56,93,46,21,121,144,48,57,542,101,380,78,77,85,26,58,180,38,30,42,20,102,145,154,145,67,158,31,504,32
"COG4137",220,226,258,766,1083,210,215,633,330,588,206,172,239,284,683,265,145,175,782,324,222,304,1105,304,576,522,730,552,260,229,549,1349,466,612,219,577,1407,207,682,206,375,513,614,310,1707,197,160,126,555,1397,146,755,173,412,391,343,624,116,298,198,751,386,256,165,268,360,852,258,220,482,320,871,221,536,162,280,625,135,1472,342,556,1018,701,711,201,272,216,359,264,263,388,598,219,1403,368,681,185,162,1845,198
"COG4138",0,7,10,0,150,3,1,0,0,3,0,0,0,0,6,1,1,3,58,2,2,0,76,2,0,54,68,42,7,0,81,206,2,17,0,20,287,8,6,1,3,44,8,14,178,1,5,0,0,255,1,405,2,96,107,36,316,2,0,6,215,0,8,0,3,1,5,24,22,238,45,575,34,31,0,1,0,23,114,48,7,100,86,1,0,79,0,141,50,11,4,30,1,0,2,156,2,16,1600,6
"COG4139",0,0,0,0,0,0,0,0,0,0,0,0,0,0,0,0,0,0,0,0,0,0,2,0,0,1,0,0,0,1,33,0,0,0,1,1,0,0,0,0,0,1,0,1,4,0,0,0,0,0,3,2,0,1,0,0,1,0,0,0,3,0,0,0,0,0,0,0,0,0,0,0,0,0,0,0,0,0,0,0,0,3,0,0,1,0,0,0,0,0,0,0,0,0,0,0,1,0,72,1
"COG4143",1116,1270,1111,953,739,701,875,194,1337,1232,802,856,1051,964,1266,958,1334,882,183,822,937,846,1109,1250,200,198,474,1423,693,747,776,179,935,543,946,1210,86,945,1255,946,1009,815,1332,718,55,996,282,103,1399,661,435,254,306,281,391,213,43,333,446,197,34,335,303,515,355,365,457,287,334,45,437,325,240,17,448,299,483,280,205,483,362,372,353,272,346,357,62,282,327,342,352,317,375,400,95,43,315,303,87,302
"COG4145",465,280,517,1048,797,366,584,1054,843,1027,305,411,1585,1022,822,869,478,340,331,406,683,483,724,793,150,176,885,1046,366,454,1082,248,655,539,923,921,343,732,1007,595,441,626,967,701,513,533,109,5,1262,733,395,786,356,1146,430,546,2094,433,387,188,321,619,369,249,444,495,810,737,553,235,862,617,495,348,601,723,1177,732,476,779,610,644,824,958,106,436,97,1258,2191,923,467,1207,344,134,39,220,264,1766,629,913
"COG4146",3462,4675,3260,5044,4977,3647,2478,1043,4623,6072,3228,3397,3223,3074,4597,4331,2756,3210,1852,5249,3893,4996,4345,3649,730,1599,4597,4693,5545,4020,3265,4375,2482,5114,4009,3001,5624,3598,5066,3256,4842,3959,4560,2923,3701,4484,1802,1352,5273,4641,4465,5466,3633,3758,3145,3312,7635,3229,5146,3665,1842,5206,4112,4721,4203,4413,6295,4036,3743,1817,4053,7068,2752,483,2824,2335,3881,3978,6062,4687,3000,4300,4620,6410,5497,5593,1141,3643,9652,3530,4423,8534,5224,911,299,2086,2093,3950,9020,4032
"COG4147",6783,8350,7045,5084,3100,9429,6603,3803,7291,2327,10489,8627,4775,6736,4829,5524,7684,8368,3250,7653,5453,7961,3980,9169,2703,2811,3439,2945,8219,8205,4574,4276,5890,2266,8118,2501,3607,6337,3188,7770,7936,6043,2917,7375,4725,8010,2917,3066,2975,3777,7013,9622,9053,4389,3691,3347,1893,8239,7587,9813,2655,7978,8031,7675,8210,7777,7809,7514,7403,1806,2481,4357,5634,1864,5924,7017,3074,7116,4236,6813,7514,3263,3242,4379,9245,6750,2802,5095,1427,6197,8234,1751,8813,3355,2759,2571,7689,4706,4330,7629
"COG4148",404,372,452,1188,1676,400,456,1333,499,754,203,412,1154,675,962,289,300,371,836,220,376,373,1625,488,750,533,1212,1152,476,477,1868,1816,651,690,259,1183,1703,230,1088,432,394,644,917,589,1730,394,117,1386,1257,2056,308,946,368,1297,758,710,622,318,407,160,857,629,344,349,231,530,1254,385,256,645,888,2401,349,627,428,577,1142,424,1811,538,690,1408,895,1228,117,651,485,1130,472,784,501,767,354,1927,609,627,427,923,3611,306
"COG4149",440,325,379,842,1228,272,409,994,562,965,215,340,859,597,762,355,376,329,618,292,410,295,1157,420,631,349,917,1026,444,297,1152,1259,753,578,286,987,1060,417,842,355,399,610,990,558,922,458,147,905,1161,1462,287,773,263,916,854,529,473,312,392,188,512,453,343,264,262,518,800,458,426,542,903,1877,342,481,413,601,966,469,1298,472,574,1025,1016,858,485,645,1014,813,812,803,521,802,290,1302,638,424,365,718,1977,307
"COG4150",11,12,1,2,359,3,14,162,5,27,6,3,21,16,36,20,1,8,518,11,31,2,134,1,373,209,341,71,15,13,83,486,2,178,6,305,353,17,9,25,19,26,86,34,371,2,32,142,96,333,5,19,2,103,76,123,91,1,3,45,338,6,30,15,2,0,7,27,29,215,54,72,23,585,1,9,4,11,192,84,6,12,116,13,0,41,190,24,7,3,1,54,0,1306,324,480,13,36,148,3
"COG4152",445,713,271,1122,334,331,204,1028,438,501,317,367,353,387,544,669,242,320,189,419,479,397,511,308,1939,87,489,294,618,455,320,443,277,216,542,448,187,375,382,229,473,382,361,596,246,489,87,1261,432,409,761,325,413,519,187,868,577,402,680,424,362,520,429,468,445,688,1283,384,452,745,444,473,352,168,267,354,598,482,162,726,132,446,732,1792,829,364,2962,312,333,409,660,607,715,483,1594,136,264,507,103,303
"COG4154",478,481,418,384,240,959,472,132,525,348,760,619,391,483,383,361,400,475,34,533,335,737,291,547,95,92,142,512,807,644,202,8,426,233,456,474,22,279,394,551,552,319,522,585,33,612,100,1,410,142,392,426,839,298,366,241,25,466,603,820,25,602,376,609,554,496,521,470,311,47,519,336,355,9,555,605,553,431,245,514,834,308,327,302,375,343,398,280,184,427,479,307,565,9,166,47,598,283,27,335
"COG4158",170,71,26,21,23,123,123,146,62,57,26,55,91,81,52,90,58,110,57,60,63,63,45,44,78,19,51,55,55,102,62,4,77,13,48,55,0,37,39,75,38,78,58,78,38,56,47,197,51,22,105,16,115,69,48,80,6,85,91,32,6,68,48,108,45,67,113,41,56,25,32,60,58,4,79,39,38,137,14,55,114,43,33,29,111,90,75,67,52,143,86,54,78,2,24,17,57,77,6,121
"COG4160",1325,1700,1590,1237,1113,2215,952,432,1685,1584,2458,1407,970,1490,1598,1484,1523,1429,878,2295,1162,1783,1356,1796,409,710,589,1444,1545,1714,1153,930,1351,815,1817,1334,654,1461,1413,1385,1511,1613,1439,1384,406,2067,467,967,1164,894,461,280,715,283,506,129,145,476,544,861,222,601,435,492,637,626,511,618,654,75,493,315,469,284,439,541,484,451,322,422,646,445,453,279,612,555,112,504,343,450,607,382,572,564,174,185,596,450,76,650
"COG4161",0,0,0,0,0,0,0,0,0,0,0,0,0,0,0,0,0,0,0,0,0,0,0,0,0,1,0,0,0,0,15,0,0,0,0,0,0,0,0,0,0,0,0,0,1,0,0,0,0,0,1,0,0,0,0,0,1,0,0,0,4,0,0,0,0,0,0,0,0,0,0,1,0,0,0,0,0,0,0,0,0,0,0,0,0,0,0,0,0,0,0,0,0,0,0,0,0,0,33,0
"COG4166",5361,5231,3648,6773,5250,4769,4081,5003,5418,6441,3215,4483,7491,5480,5495,4646,4543,4087,2282,4011,4482,4415,5673,4247,5175,1337,4191,6461,4846,4448,7934,3573,5670,6164,4708,6042,1624,3835,6112,4207,3765,5402,5584,3637,4479,5439,1139,3991,6938,4094,4498,4007,4449,7036,3841,4135,1494,3841,5140,2984,1584,4712,4631,5508,4108,5613,5942,5052,4296,1633,5517,3926,3745,2135,4693,3377,6358,4837,3932,5336,5200,5124,5238,6329,3662,6613,5766,5623,4733,7425,6030,5201,5265,8140,5405,1952,3965,6115,1554,4772
"COG4167",3,29,21,1,613,5,1,9,7,17,4,1,6,5,39,21,0,7,212,60,40,0,255,9,187,237,350,136,24,2,251,593,17,249,2,107,991,15,45,10,130,242,41,30,648,4,31,16,37,885,2,343,4,152,121,48,404,3,0,6,382,2,32,3,3,0,27,55,35,246,48,629,66,51,2,1,66,31,700,116,17,101,209,6,0,103,21,148,98,15,4,120,1,29,4,304,3,21,1737,7
"COG4168",0,1,0,0,0,0,0,0,0,0,0,0,2,0,0,0,0,0,0,0,0,0,0,0,0,0,0,0,0,0,62,0,2,0,0,2,0,0,0,0,0,0,0,0,1,0,0,0,1,0,1,0,0,0,0,0,2,1,0,0,5,0,0,0,0,0,0,0,0,1,0,1,0,0,0,0,0,0,0,0,0,0,0,0,0,0,0,4,1,0,0,0,0,0,0,2,0,0,53,0
"COG4170",2,39,39,3,699,3,1,8,4,21,2,2,4,2,53,3,0,13,268,76,50,3,339,4,170,348,349,174,22,3,270,815,24,361,2,81,1290,33,67,22,164,303,43,39,879,2,22,22,44,1124,0,429,5,157,144,50,478,2,0,6,460,4,30,4,9,0,37,74,45,332,82,601,69,50,3,2,75,38,839,140,15,157,269,2,1,125,31,135,106,22,4,174,2,23,8,351,5,32,1814,8
"COG4171",5,32,29,3,642,3,2,6,2,24,2,2,5,3,48,5,1,6,275,66,45,2,323,6,177,314,347,142,29,5,232,668,18,326,2,81,1029,22,57,12,133,254,34,31,727,2,19,18,40,965,2,388,0,143,137,46,453,1,0,5,390,1,25,6,9,0,25,67,40,286,69,682,67,53,3,0,60,41,804,107,24,129,229,1,3,119,28,151,102,15,3,124,0,12,7,328,1,32,1809,9
"COG4172",3761,4325,2729,3935,1859,3612,3107,2764,2909,2290,2578,3272,3044,2775,2732,2522,3265,3060,1014,2521,2782,2973,2054,3426,1946,719,2250,2543,3750,3287,2311,1497,2686,1180,2577,2489,804,2416,2531,2823,2465,2757,2110,2996,2891,2545,894,1534,2173,1646,3441,2360,3389,2369,1744,2684,450,2814,3337,2341,655,3504,3387,4649,2642,3405,4443,2673,2196,821,2343,1606,2440,895,3240,3084,2182,2315,2098,4016,3897,1851,2013,4240,2555,3234,1143,2239,1423,3366,3509,1989,4161,6219,1725,786,3203,2249,549,2864
"COG4174",1662,1176,1211,1604,1553,1205,1443,1660,1437,1845,739,1237,2259,1679,1531,1508,1366,1173,586,919,1185,1292,1510,1272,1027,373,1530,2040,1226,1323,1996,977,1606,1793,1360,1915,432,1311,1857,1368,1035,1469,1762,1273,936,1362,277,1157,2237,1288,1333,1107,1279,2115,959,1622,477,1310,1152,867,444,1068,1111,1521,1128,1295,1053,1459,1219,359,1767,1167,990,719,1441,953,2094,1464,1215,1676,1335,1256,1444,1459,1042,1744,549,1664,1693,2185,1230,1779,1293,3040,1010,701,1267,1715,352,1269
"COG4175",4680,6781,6436,8090,3757,5839,4715,1006,6835,5787,9043,4836,4910,6098,6691,5691,6340,4574,1466,8699,4956,7345,7032,7837,1179,1794,1540,6941,5834,4799,4402,1027,5879,3080,6944,5605,1088,6226,7076,5688,6390,4960,6459,5376,555,7710,1601,2319,6470,3092,4446,6361,6321,3692,6919,1699,1432,5264,8013,8235,1409,6868,4977,6096,7276,8442,7611,6790,7660,770,6850,4132,5701,1339,5829,6415,5683,4920,3445,4730,6933,7317,5940,5824,5352,5524,2567,5885,3401,4759,8516,4604,6589,1860,1446,1239,5778,5819,340,6418
"COG4176",8282,10983,10075,11825,5715,8583,8067,1165,10652,8041,14783,7986,7203,9799,10868,8849,10343,8407,2123,13810,7944,11736,11514,12487,1014,2978,2322,11204,9240,7388,6780,891,9347,4739,11545,8668,1641,10675,11216,9423,10380,8760,10903,8635,418,12322,2925,2095,10696,4719,7717,10225,9612,5488,11732,2387,1515,9186,12090,13148,2228,11217,8186,9460,11800,12661,10993,11792,12897,753,10390,6560,8690,1862,9487,10203,9778,8615,5623,7554,10978,11469,9098,8610,9905,9554,1711,10131,5651,8241,13439,6765,10689,1614,1429,1644,9915,9238,418,11108
"COG4177",11132,11447,12499,10364,10125,14102,13122,6980,12811,17134,14410,12862,12365,12362,14455,12256,15235,13557,5024,11537,11247,12698,14980,13241,7218,5263,7731,14304,11780,12604,9217,6234,12126,6819,12211,13587,4629,11660,15534,13537,11875,10684,14566,13299,4624,12103,5262,12076,14584,9182,9957,11786,14506,10186,12101,6374,5609,13107,12273,13425,3976,12490,12547,11614,12442,11574,8957,13113,14007,3251,13989,10471,10679,3881,12981,13611,11729,12775,10537,10872,13874,13482,12777,7914,13506,10821,7843,10812,13378,11449,11705,14642,10913,21420,8376,3655,14017,11648,3134,13352
"COG4178",2947,1577,2654,573,58,1164,5280,327,645,317,1028,3691,734,2269,544,1719,1971,3656,75,686,4115,1708,27,1089,346,1544,4273,39,1013,2534,255,115,3731,18,1138,70,52,1933,15,3483,2255,1258,45,3101,97,420,384,1305,52,84,2264,1796,1709,2266,79,5796,22,2934,1520,1515,97,1406,2274,1968,2203,477,285,1117,1514,618,57,681,5038,41,4156,3657,14,3556,21,1879,1264,27,8,263,45,365,346,101,11,460,672,17,1384,81,161,160,2913,81,113,2598
"COG4181",1264,1581,1479,1512,1658,3161,1328,1066,1407,1012,1801,1559,1129,1397,1256,1029,1581,1464,799,1337,1079,1563,1464,2041,1234,644,1033,1398,2031,2350,1448,1343,1403,1528,1385,1445,1259,961,1199,1346,1167,1266,1305,1669,1519,1218,477,1060,1347,1800,1299,1518,2909,1120,952,1001,652,1389,1415,2182,721,1741,1561,1528,1148,1831,2186,1265,702,638,1332,1622,1084,467,1329,1483,1881,1059,1679,1433,2271,1184,1484,1390,1138,1134,950,1138,756,1433,1765,887,1632,2087,873,741,1550,1358,1679,1132
"COG4185",8,39,1,8,63,9,3,366,3,7,6,5,5,18,29,22,2,6,99,3,8,1,51,0,126,25,127,37,4,4,59,213,1,56,7,63,92,25,34,1,14,40,48,13,211,3,28,40,10,75,14,0,5,30,43,24,69,1,11,4,154,1,16,10,10,6,0,3,11,64,50,512,14,46,4,3,42,41,58,14,1,48,56,10,8,36,76,93,13,11,10,34,8,153,24,48,2,16,566,4
"COG4186",19,24,120,301,27,8,23,242,11,19,6,15,26,3,14,4,11,24,129,0,2,9,12,85,61,137,87,5,12,4,41,153,80,2,1,22,516,19,21,26,27,49,40,32,534,7,107,180,7,28,33,87,8,13,22,20,1321,23,19,13,290,79,39,43,3,13,173,8,2,459,97,50,2,169,83,8,9,14,12,7,42,6,60,305,18,15,72,19,33,12,12,49,111,76,945,156,61,40,102,5
"COG4187",1,1,0,0,0,0,0,191,0,0,0,0,33,17,0,1,1,0,1,0,0,1,0,0,25,4,0,0,0,0,2,1,0,0,0,4,0,2,0,0,1,1,0,2,5,6,4,305,0,1,0,2,0,30,1,9,0,0,0,1,3,0,0,0,0,0,0,0,0,0,0,0,0,1,0,0,0,0,1,1,0,0,1,1,0,0,79,2,1,2,0,0,0,3,37,11,0,4,1,0
"COG4188",3391,1898,3412,1788,1541,1091,3929,989,1629,2396,1484,3158,1385,2028,1829,2915,2122,3193,666,2089,3804,2179,1422,1755,667,1979,4134,1794,1734,2049,1297,1476,3474,1528,1870,1171,1324,2161,1732,2955,2479,2010,1969,2447,1524,1708,551,1083,2127,1437,2506,2458,1582,2422,1266,4989,2368,3038,2552,2028,498,2001,3033,2383,2658,1615,845,2014,2320,751,1512,2076,4088,269,3364,2814,2304,2687,2800,2405,1748,1467,1530,1690,2079,2517,741,1162,3222,1596,1660,3005,2113,2708,449,478,2821,1930,1464,2469
"COG4189",1,1,0,6,0,0,1,112,0,0,0,0,1,0,0,0,3,1,31,0,0,0,1,0,4,0,0,3,1,1,0,2,0,0,0,2,0,4,0,2,17,2,0,5,2,0,4,238,0,3,8,2,0,3,1,1,1,0,0,0,4,2,6,1,0,0,0,2,0,2,1,1,0,0,9,0,0,0,0,1,0,0,1,17,0,0,13,1,0,0,0,2,0,3,7,15,0,0,1,0
"COG4190",3,1,3,0,35,1,0,334,0,5,1,1,0,0,3,0,0,3,16,1,7,0,14,1,127,31,12,7,6,0,15,43,3,4,0,16,61,8,4,2,0,1,12,1,54,1,2,219,5,298,8,7,1,54,1,15,102,1,1,7,19,1,2,0,0,0,2,1,4,41,9,7,4,2,0,1,3,2,12,15,1,16,9,1,0,2,74,2,26,0,0,17,0,69,90,12,0,3,31,0
"COG4191",331,415,348,1758,3483,72,158,3127,277,237,132,193,234,267,264,250,354,261,1664,389,526,93,661,488,2733,920,614,307,170,102,790,2725,155,11998,213,1323,1154,231,218,177,213,908,638,276,2558,106,285,5158,619,921,451,421,105,500,488,803,1087,168,276,241,1386,369,413,385,204,241,2239,208,220,954,428,429,326,1866,519,235,636,153,921,982,415,256,1265,1692,159,242,2185,350,326,376,229,453,245,5528,1878,2167,283,379,790,156
"COG4193",5,8,51,118,0,2,36,0,5,0,3,14,5,23,5,0,20,8,0,0,0,39,0,134,0,0,2,0,28,11,0,0,30,0,3,0,0,4,0,19,9,0,0,23,1,2,4,1,0,0,5,52,6,3,0,17,0,12,6,1,0,32,21,13,8,1,4,0,0,0,0,1,0,0,36,31,0,0,0,10,138,0,0,123,2,2,0,0,0,1,2,0,21,0,2,1,8,0,0,0
"COG4195",50,9,51,12,135,1,87,22,105,93,30,24,174,101,98,105,191,31,3,98,98,21,175,75,31,11,73,208,5,4,90,89,116,104,83,143,12,164,146,78,88,127,236,37,2,95,21,24,284,105,41,48,13,113,271,10,7,68,60,15,6,0,94,4,55,44,2,123,145,1,145,258,62,7,122,17,201,92,112,38,11,183,154,14,202,172,7,111,136,123,56,74,8,513,16,4,56,103,7,68
"COG4196",104,138,25,19,1040,99,57,1587,75,330,23,47,55,115,190,157,34,146,1675,50,67,32,613,8,1330,594,1035,466,291,59,506,3465,122,719,40,943,1539,106,138,36,101,164,409,302,2767,23,279,424,327,1940,28,71,20,165,131,246,262,8,9,57,380,38,36,10,10,1,13,39,35,400,131,155,22,441,5,15,22,76,678,62,87,122,383,10,12,47,382,70,27,30,4,132,5,450,397,516,26,138,657,13
"COG4198",1848,1872,1574,1733,1946,1269,938,286,2401,4075,1769,1036,2702,2600,2660,2926,1405,1107,229,2998,2177,1294,2706,1579,170,435,1268,3449,978,1163,2838,99,1903,1225,2810,2713,262,2718,3339,1627,1884,2455,3483,1082,173,3214,352,742,4101,1696,1730,734,1330,2771,2411,1202,2202,1400,2196,1573,562,1610,1308,1730,2072,2823,1635,3050,3101,219,3258,2350,2042,524,1497,1336,3713,2490,1576,1638,1043,3251,2951,2262,2134,3334,389,2991,5186,2733,2762,4165,1644,146,125,184,1165,3097,201,2740
"COG4199",0,1,0,34,0,0,0,0,0,0,0,0,3,2,1,1,1,0,0,0,1,0,0,0,0,0,2,0,0,0,3,1,0,0,2,0,0,0,1,2,0,0,1,0,0,2,1,0,0,0,0,8,0,2,0,0,0,1,2,0,0,1,0,0,0,3,0,6,0,0,0,0,1,1,0,0,6,11,0,3,0,1,0,33,0,9,0,2,0,2,5,0,2,0,0,0,0,10,1,0
"COG4200",1,2,2,0,7,4,0,4,3,0,0,0,0,3,2,0,0,0,0,0,0,0,4,0,146,1,5,2,0,0,0,6,0,1,1,10,2,2,2,0,0,4,2,12,0,0,0,0,2,2,0,0,7,5,3,10,0,0,0,2,5,0,0,0,0,0,3,2,1,8,7,9,0,6,3,1,3,0,3,1,0,8,4,0,0,1,306,2,0,2,1,6,0,11,14,0,1,6,0,2
"COG4206",3899,5382,4087,6484,7146,2382,2717,6464,4547,6794,3326,3101,3414,4180,5551,5080,3123,3067,5212,3827,3615,4560,5446,4321,6829,3099,5112,5504,5331,3008,5525,7541,3855,5800,5376,5330,5429,3856,5402,3536,5137,5001,5096,4385,7785,3527,3259,5675,5703,6826,4791,5602,2558,4034,3840,5320,7436,3596,4484,2798,4420,4885,4084,4769,4272,5064,10883,5047,4415,4908,5385,5199,3814,4658,3182,3682,5755,4240,7425,5476,3771,5199,5431,8414,4034,4629,6526,6100,6991,4092,5050,6807,5600,5701,4873,5472,2819,4793,6554,4346
"COG4208",11,7,3,6,353,2,3,150,7,31,7,6,14,74,34,33,4,8,774,10,22,1,89,1,245,228,334,64,9,18,61,729,4,145,4,277,342,27,15,16,8,43,132,35,455,2,80,122,135,265,3,22,2,101,89,92,111,1,10,31,393,7,40,8,1,2,3,19,20,179,41,61,19,779,4,37,12,7,120,75,2,18,131,20,0,43,161,21,2,1,1,64,0,823,302,601,23,45,127,3
"COG4209",44,15,20,63,6,59,35,12,25,51,9,48,73,23,20,16,20,40,1,35,29,60,19,19,5,5,21,34,53,52,37,14,63,13,31,22,5,23,15,22,21,34,31,24,1,28,1,0,70,23,24,15,54,38,12,22,6,22,46,13,5,50,12,42,29,38,36,34,12,11,25,28,22,1,50,8,34,41,8,30,78,17,21,48,31,42,1,47,15,59,43,33,36,9,9,1,53,114,3,30
"COG4213",131,50,38,659,168,95,99,859,67,48,15,54,118,82,40,55,38,79,112,14,42,59,64,51,616,43,67,87,109,56,53,116,108,88,32,228,36,17,55,83,78,67,184,224,192,32,102,1086,106,58,94,181,69,144,62,73,22,67,102,61,38,187,31,73,51,41,1090,66,28,344,177,78,49,32,57,65,62,86,71,135,181,48,137,596,55,40,1681,94,18,98,47,49,44,1377,776,84,106,113,39,26
"COG4214",145,51,58,885,203,89,107,875,68,38,16,50,129,63,45,70,53,90,94,25,42,102,52,52,802,55,44,91,105,64,57,97,99,88,28,250,40,30,37,99,48,75,167,240,175,30,124,1068,98,75,69,171,108,147,54,65,22,62,100,76,29,176,35,97,35,38,1529,70,22,323,157,88,51,31,86,77,55,76,81,115,169,41,149,696,49,38,1925,107,7,94,38,42,47,1456,916,55,121,120,24,38
"COG4215",1532,1884,1709,1279,1112,2380,1270,412,1756,1552,2714,1680,994,1603,1551,1488,1664,1730,862,2340,1185,2059,1330,1799,386,732,582,1527,1754,1810,1134,936,1473,799,1858,1349,639,1591,1481,1597,1757,1741,1571,1648,441,2110,490,811,1230,936,1367,1268,2328,861,1773,474,362,1626,1624,2734,674,1807,1311,1672,1950,1811,1665,1894,1887,264,1635,931,1337,847,1299,1720,1294,1541,968,1323,2157,1309,1381,871,2019,1772,339,1574,857,1456,1882,1216,1839,1630,550,643,1830,1471,219,2133
"COG4219",11,74,57,73,1209,13,15,9023,38,132,10,8,63,49,115,26,9,25,444,88,92,7,478,16,3349,408,726,290,80,25,339,1205,59,615,5,393,1562,57,125,21,227,342,116,103,1274,8,45,2383,141,1727,22,444,13,330,244,154,666,10,8,69,711,49,32,26,7,4,59,116,77,1122,257,1615,122,164,10,20,120,83,1290,215,51,260,499,57,2,205,3174,285,313,59,9,329,41,857,3764,464,22,116,3064,25
"COG4220",9,4,25,63,96,3,3,75,2,9,2,31,3,9,10,3,2,2,440,4,5,6,16,83,69,289,76,4,4,20,12,64,2,14,2,25,108,10,10,3,104,13,9,5,23,17,243,44,5,134,1,5,8,38,4,10,24,1,1,12,211,2,4,5,2,0,208,22,2,297,6,26,10,191,2,5,2,3,75,13,0,12,2,93,0,7,45,23,3,0,1,52,14,14,327,615,3,5,27,2
"COG4221",2008,2112,1700,2267,4079,1709,1919,2603,2980,1657,1203,1547,3621,3284,2834,2428,1787,2310,2117,2712,3270,1852,3804,1493,3170,1769,3556,3530,1843,2008,4755,5338,3288,4372,2558,3971,4302,2138,3199,1724,2187,2467,4296,1697,3993,3414,952,2835,3085,5067,2452,2618,1446,3294,4794,3160,1706,1690,2152,1073,2461,1918,1919,2176,2158,1913,1397,2064,2430,2299,3853,3008,3382,2065,1884,2038,2844,2473,3780,2652,1699,4248,4109,2464,2636,2192,3200,4556,1693,4579,2052,2134,2033,3974,1939,2077,1599,4442,4346,2238
"COG4222",131,166,61,431,1618,52,69,760,69,51,17,108,186,98,127,82,29,70,653,93,113,298,516,21,512,532,1464,342,542,39,711,2073,252,1128,84,398,1915,61,125,70,333,553,270,232,1571,12,74,1276,143,1528,36,850,36,375,405,273,861,38,15,75,978,120,124,14,74,20,324,162,109,630,250,3797,130,360,52,73,200,148,1279,272,950,294,586,437,3,413,363,651,142,173,29,307,27,2690,636,736,51,132,5763,39
"COG4223",184,363,193,493,108,18,44,350,176,11,41,59,117,120,129,34,202,88,10,38,128,25,16,241,412,35,77,41,93,56,40,311,83,69,108,77,52,68,9,68,117,48,30,55,15,22,30,829,43,123,228,182,18,65,30,248,6,117,260,13,9,244,171,352,158,231,891,59,43,41,33,46,117,16,260,121,31,20,66,388,34,13,60,453,61,26,266,83,9,119,170,10,301,1014,414,10,92,29,7,69
"COG4225",181,130,153,118,975,38,51,473,329,205,52,42,686,384,249,149,90,87,346,187,179,227,641,112,136,388,764,686,357,53,1010,966,380,460,97,569,1454,74,383,123,399,501,264,70,972,308,149,61,565,1901,71,812,18,1008,363,239,607,87,146,57,611,262,147,194,120,120,39,273,173,587,599,533,185,155,110,41,833,477,1729,205,127,401,1133,189,72,363,156,988,277,542,119,455,170,197,67,527,30,763,2434,186
"COG4226",4,4,11,0,67,6,0,59,1,3,0,2,3,9,3,2,2,3,58,1,5,0,8,0,147,10,12,14,1,0,2,135,2,74,1,41,48,2,7,1,8,2,22,18,123,1,2,9,22,45,2,2,2,13,3,34,22,0,1,7,7,0,8,3,0,0,3,5,8,52,9,8,5,18,0,5,20,5,34,23,2,4,11,1,0,0,73,0,56,3,1,12,1,572,195,91,2,23,42,0
"COG4227",397,217,567,423,593,98,372,6077,168,214,171,268,492,165,215,350,200,354,8019,51,96,173,313,367,10652,13007,1035,213,347,155,407,7687,464,489,70,704,7888,1369,163,392,195,315,293,651,6609,175,9819,8090,223,587,257,518,86,406,340,694,8131,263,107,368,16109,545,304,305,164,151,168,343,123,21781,341,1055,134,25781,1099,191,158,305,334,185,131,168,491,327,234,266,7542,390,167,224,127,196,186,4966,18010,15742,583,326,635,112
"COG4228",9,2,0,23,8,1,0,105,0,2,0,0,0,1,1,0,2,0,21,0,0,0,1,0,187,10,20,1,22,0,10,92,1,36,1,3,28,11,0,6,0,68,4,1,102,3,49,57,6,2,0,7,0,1,10,0,45,0,2,3,43,0,4,0,0,0,0,1,0,60,1,20,0,167,0,0,0,0,2,0,0,0,6,19,0,3,75,2,6,3,0,5,0,178,2199,16,9,0,6,0
"COG4229",339,83,314,43,204,2,59,83,35,98,6,10,30,25,59,18,237,42,123,5,183,107,97,240,301,375,52,49,180,3,89,386,48,230,106,130,170,28,26,58,72,112,76,47,648,2,44,110,60,195,62,143,6,40,42,512,109,63,130,11,218,77,230,148,101,18,3,14,27,45,51,45,309,53,231,63,30,4,438,151,275,46,216,31,3,15,104,23,48,47,39,47,84,1030,225,198,13,37,71,10
"COG4230",2804,3771,2535,6827,5889,2765,2010,5683,1455,2266,2715,2176,1328,1281,3264,1122,1937,1841,3336,2267,2147,1757,4822,3433,7655,2269,3708,2902,3198,2514,2668,6312,1205,2979,1560,2531,6403,1856,2505,1917,2152,3163,2800,2651,7454,1723,778,4797,2303,7645,3094,3800,2426,1836,3193,2514,2819,2034,2469,2509,3351,3340,2886,3875,1824,3351,7617,1991,1671,3338,1881,4200,2118,2049,2051,2373,2744,1451,6144,2797,1980,3931,3561,6623,2306,3117,6187,1532,1892,1930,3352,2421,3656,6332,5696,3456,2536,1406,8900,2141
"COG4231",2815,2706,2658,3063,3328,2662,3130,7034,2857,8886,2934,2646,4461,3070,4533,3290,3743,2123,1458,2227,2469,3283,3560,3401,3980,637,2011,4032,3746,2279,2578,2979,3028,2445,2542,3862,686,2493,4407,2383,2206,2564,3504,2851,2674,2605,868,3953,4209,3055,2741,2329,2789,3198,2330,2437,3630,2544,2774,2908,757,2006,2951,2913,2339,2537,1719,2826,2531,713,3516,2244,2058,1698,3497,3063,3609,2528,2295,3013,3513,3512,3019,3069,3125,3833,2355,3743,8294,3543,2464,8190,2640,8796,4962,1044,2923,2927,299,2373
"COG4232",5761,6651,4286,6676,5383,6819,4035,5166,5799,5222,4773,4947,4787,4992,5550,6078,4661,4470,3518,5977,5452,5712,5805,4920,6634,1974,6293,5204,7047,6256,5230,5657,4753,7444,5608,4914,4113,4800,5348,4056,5296,5709,4972,4656,6659,5463,1659,5485,5420,4786,6802,4178,6216,4979,3812,6059,4576,4575,6261,4911,3273,6007,5556,6461,5238,6697,6732,6013,5185,2891,4908,6064,4527,3231,3884,4439,5686,5364,5312,6305,4995,4710,5652,9191,6522,7472,5114,4976,5777,5512,6806,5451,6479,5320,4885,4118,4239,5412,5403,5309
"COG4233",2928,3118,2226,2603,1265,4134,2169,3012,2432,961,2521,2754,2418,2339,1521,1708,2625,2308,423,2122,2596,2648,1113,2652,4627,383,1809,1295,3731,3231,1534,1013,2587,2693,2452,1284,257,2179,1101,2100,2259,2119,1118,2330,2089,2174,648,4258,1250,912,3003,1695,3675,2026,991,2394,312,2156,2751,2324,422,2967,3030,3473,2541,2972,2166,2636,1787,1079,1325,1143,2257,189,2199,2364,978,2030,682,2888,3105,1130,1151,2951,2193,2818,3893,1501,702,2521,3177,912,3050,2444,3670,980,2719,1102,260,2416
"COG4235",793,855,567,1769,1663,513,620,1855,779,828,332,487,993,884,890,475,674,503,946,345,601,648,1394,731,1332,718,1222,976,726,531,1085,2437,1068,840,527,946,1852,424,928,541,548,855,818,659,2417,277,225,2223,968,1947,556,1388,428,922,696,949,881,486,737,220,993,823,571,815,497,937,2035,549,380,898,692,1710,526,623,710,901,896,343,1878,1046,1253,1128,1001,1766,452,556,795,695,685,1000,878,704,745,2259,988,851,490,355,2880,476
"COG4239",1259,1084,1064,1288,1481,1040,1201,1215,1255,1723,647,1047,1759,1381,1430,1270,1207,1066,544,850,1056,1064,1456,1062,857,357,1284,1866,1122,1100,1755,958,1346,1835,1097,1816,407,1151,1672,1152,867,1178,1618,901,919,1202,226,564,2021,1154,1127,980,1008,1713,974,1204,448,1023,896,676,415,907,918,1331,923,1023,1070,1269,1067,305,1643,1005,833,527,1264,954,1845,1279,1141,1448,1197,1208,1423,1185,957,1566,515,1412,1577,1869,1099,1597,1186,2372,908,545,1040,1484,358,1118
"COG4240",3170,3108,3733,1817,1634,3600,3454,623,2840,1974,4397,3764,1851,3128,1634,2679,3210,3706,926,4285,3535,3391,1231,3615,216,1709,3201,1870,2949,4058,1846,1024,3989,1252,3059,1378,1389,2652,1418,3573,3248,3261,1255,3721,1589,3303,850,33,1366,1619,3047,1764,3733,2411,1780,3162,638,3872,3010,4309,946,3329,3235,2964,3779,3728,1558,3533,2744,648,1679,1910,4075,431,2977,4007,1132,3956,2005,3012,4060,1337,1635,1242,3264,3150,78,1831,862,2174,3433,1765,3107,479,176,710,3852,1735,1731,3773
"COG4241",626,328,720,44,16,255,1374,0,127,86,290,979,134,482,105,441,434,839,9,162,866,483,4,305,0,410,1497,22,259,713,40,4,1186,4,174,19,9,385,1,840,453,376,8,796,3,60,71,1,25,14,407,324,399,530,11,1180,4,829,332,362,8,379,617,311,523,68,0,303,408,157,18,110,1042,1,832,1071,39,973,20,531,329,6,5,47,3,104,0,0,0,84,75,2,229,0,2,23,775,9,8,766
"COG4242",123,230,98,134,476,12,68,208,157,711,20,49,305,208,391,160,133,82,149,85,161,18,531,106,191,144,201,875,24,32,375,513,66,284,136,718,1190,87,624,176,71,240,867,76,710,82,45,39,981,505,252,75,31,254,288,255,971,293,83,30,185,73,129,245,67,111,59,169,90,371,780,492,103,61,101,59,1487,215,464,162,22,475,507,116,48,68,279,601,1655,331,154,1422,264,67,89,301,58,645,506,118
"COG4243",1701,732,1812,191,40,703,3200,1,335,286,640,2389,407,1018,228,714,1218,2043,33,425,2276,981,11,788,217,1185,1978,42,519,1561,163,80,2402,17,505,166,24,532,15,2005,1217,554,109,2043,203,141,304,7,63,47,988,855,1062,1228,105,3124,1095,1932,898,721,64,924,1427,953,1213,170,56,499,540,715,165,331,2536,18,2319,2209,30,1463,9,951,646,13,78,116,59,151,1435,64,275,256,256,120,645,1,401,105,1827,88,49,1105
"COG4244",1152,855,180,65,142,235,68,18,69,234,12,6,40,87,265,873,64,1479,112,108,521,112,88,103,131,384,2315,31,171,1691,142,274,48,39,55,59,252,15,44,82,114,632,37,31,55,30,30,70,40,58,1306,295,25,126,106,3256,123,63,205,22,94,210,101,752,141,73,3,630,835,53,76,470,761,10,143,60,38,1671,52,990,349,53,73,75,2,120,94,11,210,171,90,145,706,139,94,116,5,48,92,1316
"COG4245",19,16,6,22,31,27,19,16,13,61,13,5,13,25,24,38,12,20,77,8,21,12,64,10,63,78,56,22,2,12,23,19,2,23,13,52,15,17,21,26,16,43,38,49,14,11,7,35,25,27,24,23,5,51,27,41,130,11,10,21,24,35,11,20,9,7,16,10,25,5,20,19,22,28,9,35,39,30,138,22,1,24,44,12,7,27,45,20,179,20,9,151,21,21,48,105,8,29,9,29
"COG4246",95,62,30,1,205,142,152,1220,77,37,53,88,177,139,66,82,165,138,98,28,87,144,115,29,1452,57,182,89,177,137,94,352,92,25,75,193,114,124,35,145,80,202,77,173,251,15,28,830,90,262,119,76,110,160,24,195,53,117,67,46,73,84,94,140,79,26,16,115,111,233,157,126,93,45,130,215,43,123,86,161,155,67,140,8,25,53,1072,70,77,128,35,56,91,1415,1661,32,111,87,49,105
"COG4247",739,1195,599,780,1804,858,671,1765,794,286,1132,1086,402,645,589,540,665,565,1085,821,627,1798,813,671,1458,715,1306,558,2170,758,635,2148,1169,1058,1265,520,2039,761,430,501,1382,796,372,817,2198,955,180,937,402,2190,1027,1347,810,734,583,644,963,710,847,1045,1196,712,893,1105,1114,772,704,779,564,1275,465,2147,649,852,454,835,133,704,2507,972,1334,587,1003,889,849,1047,1557,495,285,523,872,614,846,535,1443,1112,684,519,4011,788
"COG4248",42,18,7,51,18,27,22,61,21,45,22,11,25,53,24,120,29,32,9,25,35,15,26,17,244,6,82,33,2,17,95,46,9,14,18,124,5,27,24,37,30,75,118,133,15,29,6,70,12,16,44,5,15,96,33,51,236,26,15,54,18,35,21,27,10,13,28,31,39,18,18,46,19,7,19,57,36,44,12,27,6,46,85,56,25,49,292,26,216,42,19,134,33,6,171,6,15,32,17,48
"COG4249",305,274,240,192,446,380,282,1528,338,1669,383,274,302,317,661,384,290,336,134,275,225,318,499,287,1214,80,226,484,329,280,273,198,277,280,413,618,69,327,715,232,310,287,703,454,340,364,93,927,587,364,1005,677,1045,1026,986,1109,2640,737,977,954,315,907,662,791,874,815,833,936,1049,286,1550,1175,612,200,654,1168,2335,1122,1234,893,1082,1483,1190,431,1079,999,2394,1196,6991,1152,833,5149,632,1482,6283,520,789,1065,701,1014
"COG4251",114,239,209,432,5281,172,60,2888,226,460,41,85,178,177,980,265,48,230,1649,347,250,12,2918,71,6250,1765,2676,1757,476,38,2217,6291,197,6157,54,1562,7009,238,1133,85,634,1426,1220,292,5805,63,400,4277,780,7664,221,2558,52,1350,1203,704,3388,36,39,218,2497,86,195,54,51,20,512,399,341,3272,1867,3520,442,581,74,55,1803,1024,3961,693,81,1803,2837,485,25,704,5848,971,875,279,55,1095,48,3328,4138,1406,89,1477,8861,198
"COG4252",3647,3596,4549,4019,2890,2175,4187,18652,3017,5947,4256,3612,4157,3070,3872,4173,2910,3239,28075,3683,2625,5783,3210,4056,15586,27378,2506,2512,3516,2804,2653,12826,5151,6883,3549,2555,9817,6244,3376,3375,3689,3404,2921,4124,6908,4326,16835,28751,3273,1842,3009,6168,2220,3080,2829,2153,10955,3559,2610,5338,16684,5410,4070,3263,3143,3377,2388,3916,3805,34388,2505,2102,3018,20881,4729,3245,2476,3508,1463,2588,4203,2917,2252,2859,4843,4660,12462,3185,7440,3675,3126,5634,5395,4521,19394,46930,3932,3083,596,4239
"COG4253",1,16,0,12,39,5,9,31,9,6,9,10,4,44,23,9,14,7,192,0,3,3,168,8,454,75,133,21,1,6,123,193,2,12,3,54,59,13,20,30,19,54,170,9,1169,6,984,24,31,91,3,3,2,27,13,19,56,2,11,33,95,2,19,16,0,0,1,2,7,651,42,62,0,239,3,14,18,15,23,10,0,38,98,20,1,6,424,34,14,21,1,47,0,34,164,167,55,39,39,6
"COG4254",466,195,171,90,288,275,339,1011,249,643,530,223,412,358,358,435,196,577,2420,379,294,324,365,250,1164,2757,187,362,55,335,293,580,262,322,351,632,1023,351,399,290,295,377,531,486,301,464,600,934,373,476,453,126,247,298,330,486,191,355,166,810,913,165,372,168,254,192,234,426,395,2852,295,257,310,871,187,328,530,474,330,210,64,340,240,67,586,413,1174,418,789,494,248,551,140,425,1372,3840,483,348,126,536
"COG4255",26,5,7,57,8,13,6,119,7,3,0,5,21,35,25,131,7,4,79,31,14,13,44,9,50,4,10,20,0,1,82,99,14,8,27,27,4,19,48,10,17,25,49,4,95,12,49,0,24,18,10,1,2,16,30,13,30,6,12,6,16,9,2,3,21,10,55,31,28,23,14,27,21,13,1,3,14,24,22,8,3,34,15,41,10,24,8,94,0,53,12,5,6,171,74,14,5,35,15,10
"COG4256",0,0,0,0,0,0,0,0,0,0,0,0,0,0,0,1,0,0,0,0,2,0,0,0,22,0,0,3,0,0,0,4,0,0,1,6,0,0,0,1,6,0,0,4,0,0,0,0,2,0,0,0,0,3,0,0,0,0,0,0,2,0,1,0,0,0,0,1,0,0,1,0,0,0,0,2,0,0,0,0,0,0,0,0,0,0,24,1,0,0,0,0,0,1,8,0,0,2,2,0
"COG4257",172,37,176,526,2232,40,104,1304,2016,1029,28,51,1999,2165,3022,731,235,29,17,2129,1116,96,3266,238,392,281,121,3992,65,26,3335,1029,973,6926,1312,4959,211,326,4309,119,323,146,6419,51,275,3051,68,808,2188,858,205,382,30,1032,10554,163,187,97,840,10,314,137,114,23,457,732,25,223,640,8,5531,721,1284,352,269,75,3174,56,2979,192,210,6802,4996,515,50,51,49,3534,1145,3748,851,2252,64,310,139,34,56,4172,105,60
"COG4258",8,11,3,33,760,3,7,851,28,194,2,21,17,5,239,24,2,81,133,46,64,3,422,4,775,124,172,356,9,22,199,484,10,2307,14,486,483,6,318,7,30,315,453,42,268,9,78,939,319,123,94,2,6,25,290,20,145,3,13,26,488,3,46,21,11,1,35,27,18,91,429,285,44,61,4,5,367,199,383,136,13,296,491,68,4,22,418,58,357,29,10,288,4,742,440,162,11,329,197,32
"COG4259",2,4,3,9,79,0,0,15,5,9,2,2,0,3,9,2,1,5,77,3,10,7,13,1,2,27,48,15,2,2,37,69,8,36,6,51,35,2,13,0,41,17,20,4,84,8,20,2,15,100,5,16,0,39,14,16,71,0,4,4,51,5,2,2,5,9,42,8,0,59,6,28,12,89,0,0,18,3,181,25,18,6,16,9,1,21,2,16,11,2,10,48,3,3,3,122,4,3,99,6
"COG4260",144,114,111,101,218,19,178,493,64,93,66,53,121,118,98,282,47,185,34,35,108,20,116,53,319,39,390,69,34,66,95,234,86,217,71,155,52,124,92,117,59,106,160,193,97,40,47,305,86,187,49,13,8,71,8,127,67,34,38,32,9,36,19,50,28,16,44,45,50,23,33,39,26,8,34,59,36,70,22,63,4,31,90,46,14,11,531,71,73,41,8,46,58,423,197,25,38,56,7,50
"COG4261",0,0,2,16,405,0,0,433,14,93,0,1,17,6,101,18,0,20,72,23,44,1,161,5,305,67,76,147,1,0,98,218,13,1505,13,208,198,3,119,1,14,119,194,11,143,3,55,600,153,86,17,1,3,14,128,9,59,0,3,8,164,1,20,9,0,1,12,18,6,58,179,126,33,25,1,4,267,56,184,65,4,120,154,24,0,7,198,31,141,4,4,143,1,297,222,74,23,104,108,10
"COG4262",66,35,85,370,480,15,40,8,89,665,74,32,248,145,199,107,29,113,78,101,116,54,267,49,9,143,90,442,21,35,1004,23,115,465,40,415,137,11,214,30,23,307,463,26,272,78,78,40,626,259,175,53,8,216,124,82,270,54,49,16,364,76,40,15,29,109,108,60,246,64,400,204,60,28,38,112,748,68,365,152,66,260,522,275,3,28,12,465,768,381,103,629,42,29,9,108,12,257,109,43
"COG4263",35,47,7,221,139,26,55,918,11,461,8,12,33,14,169,14,106,37,109,6,16,2,202,42,300,93,108,43,14,12,51,564,3,116,3,292,186,36,352,37,7,28,280,40,199,6,38,1660,16,398,36,5,9,52,112,386,228,27,5,26,88,11,91,25,0,2,5,39,53,113,31,114,13,99,50,13,4,39,121,59,6,165,57,247,3,25,343,41,385,15,2,337,14,576,273,93,37,39,150,3
"COG4264",61,31,37,8,626,21,14,113,1,27,32,15,23,15,49,3,7,26,514,26,80,2,383,8,301,464,134,56,9,4,199,402,30,1049,6,173,955,29,12,28,3,466,141,38,876,13,151,259,83,487,16,52,14,66,172,562,429,6,4,53,548,7,113,46,7,1,46,35,62,383,83,117,49,83,17,16,115,5,273,147,41,83,369,4,2,108,120,39,93,12,1,184,9,344,431,390,13,12,1140,4
"COG4266",1597,2341,1956,1514,1089,566,1289,145,1635,2382,1552,776,1141,1635,2192,1860,2015,996,392,2116,1256,794,1938,2250,303,579,736,2233,679,744,1403,326,987,916,2017,1582,414,2000,2013,1685,1369,1843,1742,1014,450,1731,543,255,1708,922,563,303,178,305,614,200,174,506,507,235,166,325,459,608,529,758,511,630,862,63,695,276,449,136,538,472,553,420,303,446,256,723,558,318,584,693,109,577,374,524,728,595,676,61,74,83,436,525,85,775
"COG4267",4,3,2,5,384,21,0,161,4,23,5,4,2,0,25,23,4,12,583,9,31,0,58,0,88,207,105,38,1,12,27,396,7,303,6,141,207,2,6,0,4,59,72,22,189,1,84,6,94,99,9,5,2,52,33,87,27,0,6,24,350,1,33,7,3,2,42,5,11,113,7,26,5,624,3,4,5,3,105,81,4,12,104,9,6,15,53,20,1,21,2,32,0,142,70,546,12,50,77,1
"COG4268",173,113,125,124,689,44,79,185,59,152,59,109,85,99,171,70,106,231,168,126,105,33,251,85,416,199,488,185,47,99,308,362,53,1221,59,364,269,125,160,101,83,181,241,165,441,111,47,140,151,1014,124,108,60,276,347,517,272,83,101,87,276,108,141,133,65,57,191,119,142,317,226,757,112,199,93,120,167,146,289,126,18,371,631,176,339,146,226,334,330,227,69,268,110,926,140,164,100,130,1657,90
"COG4269",110,89,107,67,769,74,229,500,160,357,75,98,277,184,433,198,309,100,471,32,133,157,491,197,919,131,488,569,267,70,361,405,232,350,76,829,234,119,562,166,78,206,633,214,723,42,101,944,619,350,71,69,69,323,360,256,399,172,102,70,370,192,206,104,67,52,284,133,149,432,642,406,74,344,229,264,915,158,1014,248,430,422,567,65,16,91,698,198,298,176,52,431,72,286,507,395,146,384,435,155
"COG4270",623,680,463,472,202,697,314,60,880,149,478,529,747,649,476,1157,563,499,185,719,743,546,343,430,55,109,538,390,545,640,467,179,447,206,845,312,51,840,381,468,662,559,403,480,87,742,224,68,520,200,823,359,686,632,260,528,146,517,904,586,121,533,484,623,702,972,512,707,943,128,366,304,568,64,460,362,569,704,168,822,202,314,403,787,1010,929,170,450,171,640,1005,170,687,91,64,180,437,848,84,640
"COG4271",6,3,9,2,242,9,0,173,4,9,22,3,2,8,11,21,1,9,254,46,7,1,41,1,339,94,94,34,6,14,132,87,1,113,2,178,205,5,14,0,1,72,78,73,353,9,15,26,68,137,10,0,3,156,16,48,66,1,1,155,215,6,3,6,2,0,5,11,13,161,44,36,5,153,1,6,22,8,111,38,1,19,99,9,1,10,1592,8,39,10,1,43,2,68,410,130,6,55,97,1
"COG4273",0,0,0,0,19,0,1,13,0,22,1,2,2,3,2,1,0,1,4,0,6,0,7,1,21,5,16,2,2,0,1,133,0,13,0,38,23,1,3,1,0,3,15,1,23,2,3,11,4,50,3,0,0,7,14,1,4,0,0,1,4,1,4,2,0,0,0,1,2,4,1,7,1,8,0,0,1,0,19,8,3,6,6,1,0,4,11,1,1,0,0,18,0,52,4,4,0,3,3,0
"COG4274",956,889,1010,320,358,1221,748,0,582,593,1156,933,542,684,683,448,973,1032,249,830,438,822,488,1031,1,372,190,596,886,1116,455,26,532,301,705,609,159,722,618,898,650,760,510,859,74,828,249,2,577,328,871,498,1272,411,665,313,320,952,548,1410,149,742,682,879,765,707,396,798,592,48,669,434,455,131,655,814,427,743,362,525,1086,489,461,166,1241,792,0,693,441,755,695,568,798,0,1,160,995,587,24,853
"COG4275",15,30,25,46,657,15,7,181,15,40,18,6,23,32,75,32,9,22,736,21,30,2,115,3,280,279,620,46,8,11,126,1053,28,143,1,216,567,33,26,2,3,112,82,45,1066,12,161,166,77,592,6,222,3,119,224,78,227,3,6,48,376,32,22,5,5,2,86,46,28,300,113,166,65,629,3,16,15,5,221,102,6,84,173,61,0,65,178,33,52,12,3,71,4,481,232,487,16,45,462,4
"COG4276",1061,838,762,484,716,296,529,405,1512,800,291,624,2300,1356,943,2185,978,613,202,969,1680,369,580,617,19,139,1064,1007,376,412,2143,35,552,1780,1620,924,95,1286,718,716,959,1240,605,538,112,1180,243,138,1313,501,1273,745,404,2055,382,891,386,803,1302,523,167,499,461,754,996,1179,747,1050,1436,134,992,427,917,147,658,317,1603,1140,473,1739,188,516,600,590,826,1384,15,1976,727,1679,1415,504,667,18,8,295,549,1919,284,1058
"COG4277",6,14,16,41,256,9,1,147,17,5,7,3,6,27,39,7,5,5,159,5,9,1,163,3,465,131,109,88,18,2,82,526,13,50,3,91,499,18,50,8,6,72,53,26,436,4,15,249,43,564,21,490,8,298,180,120,413,4,21,73,470,41,42,13,5,4,11,56,25,810,290,273,49,391,10,38,45,189,190,113,14,235,768,102,1,92,1639,110,148,35,12,80,18,1503,1178,481,30,283,1076,32
"COG4278",60,25,19,5,166,27,29,15,62,81,21,39,137,44,70,338,38,87,165,26,105,22,93,20,120,80,101,95,17,48,68,123,15,64,34,150,104,94,77,20,31,115,112,53,263,60,8,10,109,44,41,156,33,94,48,38,209,41,31,101,189,28,35,29,25,17,5,92,108,138,99,77,47,153,28,6,70,25,53,56,14,83,137,7,48,56,283,67,137,105,24,67,29,13,25,145,45,61,22,25
"COG4279",661,87,623,81,5,2,113,151,24,161,0,2,84,58,68,80,441,10,5,1,231,78,6,604,1,573,225,8,158,2,11,5,69,1,206,16,3,8,2,84,78,96,11,47,3,1,54,319,7,13,64,160,1,33,1,848,3,167,161,8,8,108,445,242,87,17,1,22,55,1,18,17,278,1,631,108,58,10,4,72,308,6,5,76,20,105,0,2,10,77,33,24,168,15,0,18,11,3,2,30
"COG4280",0,0,0,0,3,2,0,0,4,2,0,2,0,1,3,0,0,0,0,0,0,0,8,0,6,0,0,11,0,0,1,0,0,0,0,2,0,0,8,0,0,2,4,0,0,0,0,0,7,4,3,0,1,0,0,12,1,1,0,0,0,0,0,0,0,0,0,0,0,0,16,3,0,0,0,2,0,1,1,0,0,2,9,0,0,0,1,3,1,1,0,5,0,6,1,1,0,12,0,0
"COG4281",80,24,47,87,152,14,119,37,132,145,41,101,134,111,239,367,131,39,101,74,175,20,269,50,85,51,138,278,41,40,165,71,40,95,151,287,51,127,399,61,101,137,323,134,36,83,41,5,319,195,87,35,76,175,167,100,51,65,101,91,37,46,66,16,78,60,9,61,166,101,266,175,109,35,111,48,349,99,126,114,29,208,297,54,19,117,35,165,159,111,78,150,23,244,71,45,54,348,53,87
"COG4282",4,2,4,0,16,0,0,0,5,0,0,0,2,8,2,1,0,0,0,1,7,0,3,3,1,0,3,3,1,0,7,16,1,8,1,5,3,0,3,0,6,3,4,2,2,0,0,1,3,2,8,2,0,20,4,10,15,5,9,6,23,3,15,28,10,2,0,20,6,2,2,2,17,3,8,1,0,11,7,32,1,7,5,3,0,0,25,9,4,9,8,3,7,38,17,9,0,0,8,10
"COG4283",0,0,0,42,6,4,0,2,1,0,0,0,6,1,3,6,0,3,7,0,2,0,3,0,64,1,3,1,2,0,19,6,2,7,0,20,1,0,3,1,11,3,12,1,3,0,0,3,5,0,4,2,3,2,3,18,0,0,1,1,9,18,0,0,0,0,34,0,0,1,2,12,0,5,0,0,1,5,0,0,3,6,2,42,1,0,53,3,1,2,1,2,0,4,15,80,1,6,20,1
"COG4284",232,94,103,288,160,193,128,491,230,887,21,134,254,283,223,158,230,116,59,40,203,82,182,179,3,100,208,281,186,144,645,25,89,25,318,219,8,213,197,142,245,161,268,252,38,20,38,437,382,160,154,173,159,364,66,275,51,97,172,11,22,378,211,201,261,197,131,145,139,20,214,158,526,24,327,178,357,119,133,134,207,251,176,157,27,65,9,361,983,337,229,725,132,2,13,252,58,200,61,90
"COG4285",0,0,0,0,20,6,0,0,3,91,0,27,1,1,12,1,1,2,0,0,0,3,4,7,0,1,0,9,0,5,37,2,0,8,0,7,0,1,9,6,1,1,15,0,136,0,0,0,25,5,1,0,6,3,4,1,105,7,0,1,0,0,8,0,0,0,19,1,0,3,10,8,0,1,1,3,32,6,8,4,0,2,2,0,0,3,0,4,6,6,0,169,0,0,1,0,3,27,6,1
"COG4286",22,7,6,344,248,3,13,70,24,18,0,20,16,23,18,35,42,8,38,2,66,7,68,8,100,50,19,5,18,6,94,214,23,344,70,15,39,75,2,15,24,76,22,70,120,1,57,74,26,45,20,43,1,17,9,8,531,9,20,2,43,49,42,7,22,34,758,7,34,5,4,9,86,40,44,45,68,12,113,76,33,7,25,240,4,1,38,10,18,7,45,21,13,1097,122,52,4,37,39,10
"COG4287",484,468,250,302,453,151,143,462,558,1830,189,238,506,518,1024,577,219,218,190,537,584,404,830,359,26,62,381,860,293,247,517,41,430,387,506,588,17,400,1292,282,429,511,962,242,60,495,155,515,1085,365,514,343,163,619,533,301,1226,279,846,173,32,419,345,379,479,553,47,699,737,31,746,548,407,60,217,153,1092,658,443,276,172,935,727,754,1006,774,30,626,1902,763,590,1885,349,1,13,127,126,722,41,638
"COG4288",21,69,37,20,13,57,0,1,18,34,17,28,4,9,27,9,13,1,0,20,13,24,6,69,1,1,6,9,32,41,4,13,26,14,16,14,3,3,8,14,14,4,13,7,2,16,2,0,5,4,21,28,55,2,21,3,0,16,57,3,0,97,29,49,20,46,4,3,14,13,6,2,5,3,42,14,10,2,7,20,45,7,15,13,18,12,1,3,7,6,52,19,108,4,0,2,3,6,0,17
"COG4289",1,2,0,10,294,86,0,13,20,81,1,21,2,1,145,3,1,2,19,4,0,28,216,2,9,14,26,355,46,11,34,50,9,278,2,327,61,4,137,16,21,15,433,15,97,0,3,55,503,263,3,2,28,4,191,3,44,0,0,3,55,7,1,0,0,0,0,2,1,6,117,228,0,5,0,0,69,17,79,7,12,145,199,11,0,0,2,18,64,3,0,33,0,0,3,27,1,20,3,3
"COG4290",0,0,0,0,1,0,0,0,3,0,0,0,0,27,0,1,1,0,1,0,1,0,1,0,0,3,1,3,0,1,1,9,0,0,0,4,2,0,2,0,0,0,20,0,28,0,17,1,0,5,0,0,1,1,0,0,1,0,7,0,0,0,1,0,0,0,0,0,0,2,0,0,3,3,0,17,10,0,7,0,0,1,1,0,0,0,0,0,0,0,0,1,0,3,1,1,1,1,0,2
"COG4291",1,0,2,1,2,1,7,0,1,0,2,2,1,1,3,0,1,1,1,0,3,9,3,0,10,1,3,0,16,1,1,7,2,0,2,2,1,0,1,2,2,2,8,9,8,0,11,1,3,0,5,27,4,9,6,5,1,22,7,16,1,1,14,3,6,2,1,0,1,103,25,22,25,1,8,38,1,2,0,0,75,12,25,0,0,2,272,4,0,0,2,20,5,0,0,0,1,11,1,2
"COG4292",2,16,0,0,176,5,0,269,4,5,3,0,2,1,9,3,1,11,37,3,2,0,63,0,28,70,155,20,25,1,51,106,7,209,2,28,57,13,6,1,6,75,74,17,32,2,7,105,9,26,6,13,4,12,58,38,104,0,0,9,223,1,25,4,3,2,1,6,7,77,10,742,3,47,0,1,40,6,57,31,1,10,178,1,0,45,4,130,33,18,2,20,1,32,2,59,0,12,908,2
"COG4293",51,22,35,64,228,1,24,112,281,91,11,8,314,333,466,83,56,18,0,272,207,20,516,29,0,41,31,401,2,0,557,104,68,629,240,567,9,84,729,59,82,62,761,4,20,373,20,0,330,167,45,36,1,280,1093,64,53,34,102,6,36,39,29,97,89,100,15,84,73,1,605,115,244,41,79,11,265,26,329,78,22,967,574,30,9,32,0,518,260,495,89,345,45,2,1,2,13,646,12,42
"COG4294",1042,916,2896,2861,23,357,968,6035,590,8,1470,510,524,766,389,797,458,629,26621,583,462,1393,29,2086,7703,20880,360,6,835,372,251,2259,1754,47,867,33,7282,3773,19,1269,1471,806,76,1095,690,963,22672,7263,22,19,483,2532,374,624,177,375,1917,1066,626,866,11466,1592,2233,1040,1016,802,611,633,199,11692,24,63,906,12607,3089,984,16,554,6,513,1006,20,6,2545,792,586,5458,306,7,663,689,77,1858,66,3542,19735,1149,185,99,850
"COG4295",2,2,0,21,10,8,4,159,1,9,0,2,2,6,24,1,1,2,1,0,2,1,68,5,1,2,0,21,4,2,14,0,1,17,0,26,0,3,98,1,0,1,35,9,0,0,0,0,18,11,1,0,1,3,14,1,0,0,6,1,1,3,1,0,0,0,1,0,1,4,19,16,1,0,1,0,50,0,3,0,0,5,22,0,0,0,0,8,6,2,0,11,0,0,2,0,0,10,0,1
"COG4297",3,1,0,0,13,3,2,2,9,9,0,2,71,19,12,13,3,4,0,0,12,4,17,0,8,6,27,12,0,6,36,131,2,4,14,25,17,4,16,5,6,19,9,0,33,2,1,2,26,3,2,3,2,35,30,12,8,2,0,3,16,1,9,3,6,5,2,2,2,14,22,13,18,8,0,0,18,10,8,1,0,4,75,1,2,5,3,77,6,39,7,11,0,47,32,0,2,45,5,5
"COG4298",7,2,0,0,63,1,1,21,3,2,0,1,3,2,7,6,0,5,84,0,4,0,9,0,2,15,84,7,0,2,14,54,0,23,6,37,40,2,2,1,1,7,16,5,76,0,2,1,24,25,3,0,1,17,21,18,10,0,0,9,57,1,2,1,1,0,0,3,1,37,2,10,2,59,0,1,0,0,34,5,0,2,24,6,0,5,14,7,0,7,0,5,0,15,4,62,4,13,19,0
"COG4299",582,1091,642,507,703,477,290,352,1162,1075,573,512,557,716,977,1391,476,550,248,1222,953,602,709,661,375,231,852,753,557,581,649,332,278,777,982,492,185,966,969,613,841,755,750,380,172,1177,269,292,985,360,1041,617,429,815,653,547,1555,601,1281,796,677,676,682,939,850,945,827,947,973,188,786,1667,616,163,580,258,831,818,360,1027,248,737,997,969,1507,1202,507,708,1854,737,993,1484,1083,218,230,656,292,945,1617,906
"COG4300",4,0,0,0,11,5,0,0,4,0,1,1,1,8,3,2,0,17,4,0,0,0,3,0,113,8,7,16,0,3,2,46,2,6,0,94,0,2,4,3,5,12,31,96,2,0,0,0,3,1,21,9,1,33,14,1,0,0,1,27,14,3,5,2,0,0,1,1,1,164,83,29,0,15,0,4,13,7,11,2,0,0,37,3,0,1,675,13,1,7,2,8,0,4,172,3,4,16,11,0
"COG4301",596,234,339,353,1782,1962,594,964,994,1504,599,1010,1101,1122,1495,544,398,611,545,1107,861,1281,1646,300,1429,522,645,1982,2096,1746,1837,1132,1064,4464,840,2748,340,507,1985,479,659,770,2470,1081,919,1135,180,351,1341,739,448,425,1690,983,3746,751,595,527,917,907,603,524,306,418,652,562,99,700,461,657,2542,627,955,686,353,723,1559,980,2060,696,2718,2957,2570,372,306,582,1421,1530,650,1357,514,1116,265,1375,875,611,682,1752,122,481
"COG4302",27,125,3,34,473,5,5,794,13,56,10,4,19,17,68,36,6,20,328,12,34,1,159,6,168,157,476,90,21,7,180,610,4,251,2,249,288,59,54,10,17,139,61,45,958,4,58,237,91,370,9,36,9,80,172,152,329,2,0,33,335,2,37,16,0,1,19,32,62,163,110,1013,20,350,3,7,38,82,618,105,11,111,167,21,8,83,144,167,55,36,3,85,1,516,132,405,28,105,1097,9
"COG4303",38,158,2,42,807,12,8,1022,21,66,18,7,15,25,93,65,11,43,600,17,87,4,288,1,285,295,823,136,56,14,301,969,12,409,3,446,535,77,68,16,16,231,125,91,1245,9,99,464,117,563,24,98,9,121,269,327,429,2,3,68,641,8,54,29,4,4,26,56,92,281,143,1699,24,559,5,14,60,85,991,180,15,154,291,46,8,150,231,321,68,41,2,154,8,814,272,699,46,157,1935,15
"COG4304",0,0,0,1,47,0,0,100,1,0,0,0,0,3,0,0,0,0,5,0,0,0,0,0,2,0,0,0,0,0,1,10,0,6,0,21,9,0,0,0,0,0,1,2,2,0,0,0,11,2,0,0,0,4,0,0,2,0,5,1,3,0,0,0,0,0,0,0,0,13,0,0,1,0,0,5,1,0,3,3,0,1,2,0,1,0,0,0,0,0,0,0,0,0,1,5,3,0,0,0
"COG4305",114,2,0,1,0,0,0,0,0,0,0,0,1,9,1,1,10,0,3,0,2,0,0,1,0,10,1,0,0,0,0,0,1,0,2,0,0,1,0,0,6,2,0,0,0,0,2,0,0,1,6,0,0,0,0,72,0,2,0,0,0,0,2,0,7,0,5,8,0,0,0,0,8,0,5,0,1,0,0,14,0,0,0,1,0,0,0,0,0,22,0,0,1,0,0,14,0,0,0,1
"COG4307",39,29,28,113,603,159,96,1118,101,76,59,132,150,156,90,61,51,122,225,30,72,211,191,24,609,132,357,120,159,157,129,468,311,162,53,374,305,44,42,96,87,97,198,276,761,83,85,160,77,413,57,137,151,297,76,206,156,65,31,71,310,101,107,64,45,22,11,115,36,300,135,813,64,194,79,183,69,169,723,140,225,59,501,71,14,71,380,198,3,59,35,123,7,1059,378,182,71,181,1172,51
"COG4308",87,67,51,161,48,12,53,63,135,123,59,19,180,154,109,153,112,44,15,102,96,25,153,43,148,7,66,80,24,9,89,90,109,25,147,58,9,171,192,56,145,95,154,46,192,164,35,11,47,80,66,95,10,155,97,90,29,51,102,27,7,41,57,37,106,154,58,176,237,94,52,67,117,21,86,41,94,84,47,102,37,190,88,198,214,234,63,133,189,128,147,119,47,42,237,8,44,74,11,98
"COG4310",727,695,786,311,843,1055,856,352,885,1741,1455,849,723,1127,936,965,688,782,699,1416,837,1188,885,936,94,680,556,907,991,1047,1238,188,806,2042,1075,912,458,755,1044,846,817,1176,1083,851,276,1293,396,293,591,291,721,311,1038,785,1486,463,1180,889,783,1534,585,888,704,446,980,1003,831,996,759,93,1107,365,956,472,389,1065,511,981,615,754,1075,1106,945,193,1042,1234,47,1232,1430,1213,893,1378,609,34,115,401,882,968,62,1303
"COG4311",1271,1543,1471,1315,500,1530,1197,233,1399,1078,2063,1330,1032,1251,1086,1046,1358,1408,348,1627,997,1816,852,1598,109,450,377,1093,1617,1349,836,320,1345,457,1395,790,251,1335,1025,1341,1357,1339,961,1392,116,1618,389,412,1063,514,1146,1269,1542,715,1171,440,218,1276,1528,1942,375,1639,1095,1367,1499,1624,1728,1529,1379,115,1052,631,1134,398,1219,1496,1076,1264,534,1211,1805,993,832,1068,1470,1372,104,1271,581,1290,1663,742,1543,452,213,324,1498,960,55,1585
"COG4312",4,0,1,12,69,4,2,497,1,9,4,5,60,4,2,3,1,21,130,1,0,0,5,7,69,57,34,21,1,1,14,282,10,65,0,59,61,4,9,2,4,10,53,8,50,3,5,322,41,24,21,7,3,16,44,40,40,0,1,16,72,6,4,2,1,40,5,12,1,38,41,40,1,221,2,7,40,2,43,2,0,7,29,11,1,12,48,19,82,45,27,17,0,72,43,147,7,6,15,0
"COG4313",17,19,0,4,95,2,7,102,3,31,3,8,5,11,8,8,2,11,137,8,6,24,24,1,9,31,97,20,18,14,20,56,24,99,0,42,23,7,28,59,19,22,51,16,178,2,145,198,25,99,23,12,1,34,20,28,30,4,1,24,122,48,4,12,2,0,2,21,23,87,45,82,4,112,2,3,12,19,474,11,24,4,24,7,3,11,24,30,19,5,1,33,30,74,253,66,5,11,114,7
"COG4314",10,2,0,1,33,2,2,121,1,13,1,2,1,3,3,1,1,6,16,0,0,0,29,0,57,37,31,4,3,1,10,135,1,25,0,69,38,4,4,3,1,11,33,4,51,4,6,85,5,118,1,0,4,13,30,68,18,1,0,2,13,3,3,3,1,0,3,3,7,20,4,17,0,19,2,1,1,1,38,12,1,6,14,4,0,4,63,2,2,3,0,10,2,95,70,19,3,6,34,0
"COG4315",45,13,16,25,8,0,17,71,62,0,5,9,86,85,28,36,8,10,0,23,93,20,18,17,7,14,74,29,11,6,68,6,152,7,68,15,3,95,41,15,46,73,49,17,67,45,24,25,35,5,13,26,4,122,34,44,53,27,29,2,8,6,21,6,39,32,115,60,50,20,16,11,47,5,7,9,163,61,5,33,24,29,9,17,14,32,23,45,3,92,28,3,54,4,32,12,7,36,24,28
"COG4317",0,0,0,0,1,0,0,0,0,1,0,0,0,0,1,0,1,0,0,0,0,0,1,0,1,0,0,1,0,0,5,0,0,0,0,1,0,0,0,0,0,0,1,0,19,0,16,0,2,0,0,0,0,0,0,0,0,0,0,0,0,0,1,0,0,0,0,0,0,11,2,0,0,0,0,0,0,0,0,0,0,0,0,0,0,0,0,0,1,0,0,0,0,2,0,0,0,0,4,0
"COG4318",451,64,372,56,19,0,83,224,16,86,1,4,14,14,32,3,247,10,177,3,113,54,1,271,101,459,102,1,125,0,9,120,39,112,107,1,41,5,0,53,57,21,2,31,24,1,37,1,10,4,25,120,1,7,10,526,7,87,107,6,64,60,253,134,60,11,0,1,1,31,5,8,190,232,371,70,0,7,0,34,241,1,5,41,2,10,22,3,0,46,16,3,92,71,90,203,12,4,9,5
"COG4319",54,59,36,59,370,24,10,144,50,79,29,14,47,62,79,72,27,26,246,64,56,41,187,18,168,173,262,140,24,50,136,633,31,162,32,91,683,39,111,31,91,163,106,43,399,69,32,105,85,538,98,219,25,155,159,72,262,21,43,36,194,41,30,52,25,27,5,75,40,175,57,404,59,165,15,11,130,69,362,104,10,143,137,39,122,132,96,98,83,85,40,146,44,407,228,246,31,68,807,64
"COG4320",9,62,62,6,701,6,36,91,16,36,3,10,22,15,103,16,14,78,433,61,44,58,461,24,65,359,313,265,111,9,212,1172,46,249,13,110,1546,41,81,60,245,241,109,151,1179,6,125,232,42,1362,77,611,5,159,175,103,546,42,15,14,491,13,88,41,46,4,22,90,75,441,156,143,176,86,43,105,17,68,1107,109,115,169,365,7,3,115,59,40,149,18,10,183,6,251,39,717,23,70,1474,21
"COG4321",102,123,110,289,194,109,73,210,87,35,85,120,130,72,39,56,95,66,122,37,73,81,55,104,161,66,177,40,136,74,93,192,96,78,54,122,135,82,18,93,72,102,40,106,121,55,39,345,33,130,92,96,94,90,46,130,63,111,105,99,106,148,91,102,62,78,414,58,59,97,47,261,59,153,139,98,83,33,118,122,183,31,49,274,62,65,120,95,31,91,90,55,84,372,147,126,94,30,355,45
"COG4322",36,1,13,43,0,7,8,50,53,33,6,18,45,64,11,26,3,10,449,5,15,24,1,9,36,123,7,4,4,13,25,29,191,1,20,4,41,10,2,6,28,10,4,15,28,23,111,9,11,12,12,30,6,60,3,17,33,13,25,9,38,28,13,2,24,26,1,23,15,274,2,0,10,3,16,6,7,17,1,21,24,1,0,25,9,6,33,5,49,31,28,12,8,1,24,151,6,12,0,17
"COG4323",343,354,171,308,549,452,179,202,173,100,339,224,171,202,218,190,154,264,1335,296,239,284,218,164,708,706,486,196,334,298,269,802,195,256,185,225,924,283,127,225,260,321,166,241,1174,293,444,160,198,625,335,289,448,288,180,255,598,221,242,405,773,365,323,363,200,288,555,244,192,494,123,583,213,734,177,213,185,178,583,342,263,195,230,383,323,479,545,246,150,258,253,133,383,320,376,743,240,215,963,309
"COG4324",70,29,36,55,330,17,64,40,111,239,10,40,155,107,200,140,78,31,223,19,73,48,258,56,174,63,176,308,35,36,150,274,178,514,55,389,104,23,323,57,50,63,312,50,199,41,41,13,424,241,149,110,59,443,504,359,196,141,137,64,439,84,136,68,122,133,51,183,228,327,929,595,189,533,199,98,1422,236,601,225,242,644,758,177,57,125,264,596,400,388,110,739,79,946,267,618,86,656,174,183
"COG4325",65,61,46,2,1719,70,9,1951,87,53,19,23,51,173,210,119,9,59,1213,106,95,4,666,11,3247,588,1323,416,136,29,557,2184,34,1222,9,680,1578,101,221,15,291,598,317,243,2101,16,83,1575,226,1314,52,588,24,438,371,314,806,14,19,164,1112,15,77,28,9,1,50,115,78,1498,433,1643,106,885,20,79,88,219,1924,282,43,374,1130,29,2,242,5435,362,204,71,16,382,4,2327,2715,947,74,391,2910,49
"COG4326",0,1,5,0,112,1,1,2,1,3,0,2,3,0,4,2,0,0,16,3,27,1,21,1,6,25,2,2,5,0,124,5,5,147,1,4,24,0,1,0,0,71,11,2,126,0,1,4,33,2,0,2,0,0,0,0,171,0,0,0,111,0,2,0,0,0,20,0,2,2,1,7,3,7,0,0,0,0,60,49,12,2,119,0,0,0,0,4,25,1,1,9,2,5,0,31,0,2,96,1
"COG4327",1000,1092,989,672,600,1321,908,669,1082,271,1569,1216,746,969,595,751,1020,1277,524,1336,795,1185,555,1146,499,453,518,368,1034,1210,753,634,722,358,1108,377,747,876,362,1151,1155,983,332,1246,729,1160,368,500,412,678,995,1096,1389,680,500,476,298,1245,1170,1658,422,1168,1042,1037,1181,1335,960,1092,962,349,288,642,854,286,747,1050,432,948,675,989,1084,457,488,710,1299,927,389,602,171,889,1309,201,1127,484,456,362,1200,538,814,1083
"COG4328",76,33,40,60,5,7,13,4,18,2,0,8,23,15,19,15,12,12,18,5,23,42,48,15,2,120,28,4,79,7,36,47,48,0,8,5,228,9,5,29,9,18,10,10,102,0,8,1,3,0,43,35,2,24,2,147,43,24,27,2,56,58,24,138,11,11,0,14,5,98,5,5,25,8,38,10,0,10,7,21,123,1,0,51,1,1,5,22,18,39,10,0,85,5,6,14,4,7,88,12
"COG4329",0,0,0,0,15,0,0,0,1,1,0,0,0,1,2,0,0,3,0,1,0,0,4,0,0,2,4,0,0,0,1,29,0,10,0,3,2,0,1,0,0,2,1,1,5,1,0,0,0,15,1,0,0,1,7,0,0,0,0,0,15,0,0,1,0,0,0,0,0,0,0,0,0,6,0,1,6,0,1,0,0,0,4,0,0,4,6,0,1,0,0,0,1,17,2,5,1,1,7,0
"COG4330",0,0,0,1,7,0,0,3,7,1,0,0,5,0,5,8,0,15,6,1,1,0,20,0,2,2,1,17,0,0,6,12,1,23,0,10,2,3,8,0,0,1,4,1,5,0,0,2,0,35,14,1,2,12,2,3,33,0,2,2,25,0,1,0,0,0,0,2,4,12,5,5,1,8,0,0,23,8,12,3,0,19,109,0,0,1,3,6,0,0,1,7,0,4,2,4,0,16,6,2
"COG4331",0,0,0,0,0,0,1,11,0,0,0,0,0,2,0,0,0,0,0,0,0,0,0,0,6,2,0,1,0,0,0,19,0,0,0,0,6,0,0,0,0,0,0,1,0,0,0,25,1,3,0,0,0,0,0,0,0,0,0,1,1,0,0,0,0,0,0,0,0,1,0,1,0,0,0,0,0,0,0,1,0,0,2,0,0,0,2,0,0,0,0,0,0,4,27,0,7,1,0,0
"COG4332",0,0,0,0,0,0,0,49,0,0,0,0,0,0,0,0,0,1,0,0,0,0,1,0,2,0,0,0,0,0,0,0,0,0,0,0,0,0,0,0,1,0,0,3,1,0,0,322,0,0,1,0,1,0,0,1,0,0,0,0,0,0,0,0,0,0,0,0,0,0,0,1,0,0,0,0,0,0,0,0,0,0,0,0,0,0,3,0,0,0,0,0,0,7,1,0,0,0,0,0
"COG4333",803,836,892,727,309,655,1379,218,436,237,464,1265,367,639,481,522,649,1211,123,368,925,828,323,491,662,559,1048,312,664,922,166,722,1087,168,382,261,200,355,366,1068,670,360,305,1072,403,275,243,270,332,228,928,540,650,806,234,1768,597,1018,778,502,408,750,855,852,895,393,735,404,548,402,278,348,1153,481,1061,1223,439,799,222,918,644,327,229,923,181,259,474,132,157,288,411,151,740,1313,719,122,934,238,161,647
"COG4334",5,3,0,0,3,0,0,5,0,1,0,1,0,1,3,7,0,5,13,2,0,0,3,0,1,2,5,12,0,3,7,19,1,4,1,25,1,0,3,0,2,9,1,22,5,0,2,1,0,12,18,0,0,3,8,17,21,0,0,3,2,2,0,0,0,0,0,1,2,5,38,11,0,0,0,0,0,8,7,2,0,4,10,0,0,0,2,6,2,0,1,3,0,0,0,4,0,4,1,0
"COG4335",55,5,1,161,65,2,3,516,13,12,1,2,23,20,12,12,6,58,144,4,19,2,6,0,160,10,19,19,4,4,92,139,2,196,7,22,19,14,3,2,35,18,49,7,97,1,18,5,23,20,57,4,2,37,11,70,106,3,15,3,35,14,2,2,18,17,9,11,12,37,8,17,30,34,7,4,86,13,82,32,0,5,11,150,3,0,235,29,5,59,12,63,5,320,158,242,5,30,28,1
"COG4336",409,398,344,724,327,222,314,640,431,378,271,176,940,533,309,338,321,198,156,390,295,204,298,473,162,163,208,535,274,188,832,114,498,257,326,635,161,287,304,291,253,575,314,306,94,533,103,330,625,378,227,513,178,647,266,185,113,191,421,164,229,526,219,293,319,525,605,389,455,103,512,248,276,104,333,399,521,388,273,290,503,198,392,549,241,492,98,725,477,728,544,378,248,179,106,238,212,652,103,308
"COG4337",949,1224,1069,1218,553,771,682,302,1049,55,678,820,827,845,529,708,946,743,431,738,952,777,307,1068,25,386,516,320,955,861,429,756,623,90,1218,104,1111,658,108,680,862,519,104,1018,804,901,523,67,116,1190,1169,959,792,951,191,828,387,844,1208,649,288,770,934,1400,1014,1209,921,654,645,473,128,428,1009,59,897,860,48,652,167,1389,702,217,154,1248,837,542,6,193,90,775,1133,57,1368,102,4,315,715,206,1432,627
"COG4338",159,63,39,126,7,113,50,9,37,1,99,59,43,36,38,25,36,67,27,37,24,72,21,29,8,26,43,2,67,92,41,20,46,8,37,23,31,23,5,55,42,49,12,64,44,55,11,22,4,52,155,40,94,26,26,116,35,58,53,130,28,58,55,71,50,59,48,43,11,9,8,30,35,5,20,55,7,33,71,57,43,7,9,155,191,69,5,8,7,75,41,5,37,22,22,28,77,17,28,33
"COG4339",20,17,42,11,58,6,17,117,67,96,31,6,92,64,69,60,59,15,36,64,42,20,125,50,52,36,58,62,15,2,86,59,103,28,55,65,27,74,84,33,58,76,42,12,673,71,47,196,45,119,39,33,10,93,8,46,819,45,28,28,74,1,43,6,25,35,8,68,77,79,92,56,44,15,45,14,79,97,354,23,16,69,98,16,175,132,111,52,98,74,42,123,13,26,112,24,40,49,27,36
"COG4340",39,16,57,48,113,28,27,6,21,4,27,38,53,24,36,17,14,33,162,12,46,40,41,38,55,318,23,14,15,40,111,189,64,157,23,74,141,19,19,30,15,156,77,28,177,29,72,45,63,21,13,15,35,72,24,30,170,22,14,52,325,55,76,22,25,18,52,48,22,39,22,25,17,10243,26,19,125,25,87,57,40,25,154,30,35,33,46,153,34,46,19,37,22,87,29,108,37,43,74,28
"COG4341",2877,3195,2545,2253,1804,3270,2322,819,2859,1147,3270,2437,2012,2574,2588,2726,2821,2456,819,3495,2329,3376,2625,3112,1157,874,1118,3314,2764,2723,2008,361,3213,1400,3298,2672,594,3094,2834,2649,2581,2980,3173,2272,393,3036,789,383,3054,1467,2598,2125,3060,1636,3265,973,276,2551,3035,2588,1028,2195,2486,2948,2878,3417,1867,3123,3677,454,3188,2185,2313,832,2556,2518,3042,2284,1587,2202,3011,2790,2912,1898,3119,3260,897,2864,1326,2749,3520,1301,2576,1006,1097,583,2735,2708,138,3297
"COG4347",0,0,0,0,1,0,0,0,1,4,0,0,33,1,1,0,0,0,0,0,0,0,0,0,0,0,0,5,0,0,3,0,0,2,1,1,1,0,2,0,0,24,0,0,0,2,1,0,1,0,0,0,0,0,1,0,0,0,0,0,8,0,0,0,0,0,0,4,0,0,1,0,0,1,0,0,4,0,0,0,0,1,1,0,0,6,0,4,3,5,0,2,0,0,0,0,0,4,1,0
"COG4352",8,4,3,16,5,0,3,0,14,7,0,0,13,23,6,8,39,0,0,1,26,0,0,8,0,17,1,0,0,0,0,1,0,2,49,0,0,34,0,2,27,1,0,12,0,2,6,0,0,0,9,7,0,6,0,2,4,2,12,2,0,3,1,6,14,34,33,2,17,0,1,0,63,0,24,8,3,2,0,1,0,1,0,1,1,0,0,1,19,4,23,16,6,0,0,1,0,0,5,6
"COG4353",0,0,1,0,0,0,0,0,19,0,1,0,2,4,1,2,0,0,0,10,1,0,0,0,0,1,7,0,0,0,9,0,5,0,4,0,4,0,0,0,7,21,0,0,0,9,1,0,0,0,0,0,0,1,0,0,0,0,7,0,0,0,0,0,0,3,0,4,5,0,0,0,4,0,0,0,0,1,0,0,0,0,0,0,0,35,0,1,0,7,4,0,0,0,0,0,0,1,0,6
"COG4354",1129,202,1069,196,41,0,264,1,73,609,1,28,283,133,155,56,880,82,10,0,375,231,14,783,0,1002,62,51,412,2,210,10,158,10,402,44,2,79,14,152,179,84,45,185,9,7,154,7,89,41,141,324,3,156,10,1474,33,272,430,22,13,209,839,540,225,49,35,5,30,3,56,24,549,4,1081,498,215,25,26,140,814,12,19,182,3,73,0,190,197,195,76,347,329,0,0,26,32,222,60,45
"COG4357",1,0,0,0,0,0,0,0,0,0,0,0,6,0,0,0,0,0,15,0,0,0,0,0,0,5,3,0,1,0,0,5,0,0,0,0,3,0,0,0,0,0,1,0,1,0,0,2,0,1,0,0,0,0,0,0,8,0,0,0,1,0,1,0,0,0,0,0,0,4,0,0,0,13,0,0,0,1,0,0,0,0,3,0,0,1,8,0,0,4,0,0,0,0,0,0,0,0,1,0
"COG4359",22,0,0,0,99,0,11,0,39,63,5,1,290,105,31,26,22,4,2,55,28,4,31,1,0,6,17,168,12,1,253,6,54,36,35,190,2,8,80,7,15,110,70,8,3,184,2,1,214,96,2,6,0,121,18,1,15,4,4,2,3,0,11,0,7,12,0,26,9,0,64,13,10,3,2,6,46,26,26,6,20,13,26,0,6,46,0,63,32,54,9,30,0,0,0,4,0,60,6,15
"COG4360",954,512,1063,87,20,440,1809,49,167,96,455,1549,117,733,136,586,674,1269,21,340,1513,617,8,392,43,576,1619,5,425,1001,53,3,1402,28,232,6,15,203,1,1086,604,381,3,1031,3,86,89,11,13,16,816,295,555,790,21,2218,12,1202,614,535,9,691,1033,802,935,123,0,377,498,248,11,263,1711,4,902,1409,10,968,7,758,488,6,3,57,2,98,8,6,21,123,132,9,470,7,3,45,1191,8,14,847
"COG4362",92,89,38,206,10,119,40,0,57,0,6,55,105,66,37,36,34,105,6,3,58,43,1,47,0,4,64,0,101,68,26,0,13,1,72,2,0,24,0,42,73,39,2,69,2,30,11,1,1,3,207,87,88,82,0,146,0,48,60,6,2,236,82,153,74,101,70,55,54,5,6,16,57,1,44,68,2,38,3,88,115,1,1,179,9,22,0,20,0,68,91,1,165,1,0,16,31,24,5,40
"COG4365",921,1620,596,2037,251,1029,327,138,810,177,458,702,414,700,822,1050,486,787,304,942,788,1142,437,623,218,109,401,405,1482,1034,292,152,421,215,1118,300,63,579,485,601,966,394,462,901,20,657,477,393,509,272,1741,455,929,516,352,1486,209,800,1646,510,167,1334,960,1486,1050,1343,2515,763,711,299,350,397,718,199,487,717,718,772,178,1485,560,526,673,3991,1627,474,516,480,95,563,1228,124,1564,264,180,256,417,577,53,758
"COG4370",2994,1614,3385,203,21,1449,5966,2,545,376,1315,4338,740,1710,500,842,1719,4363,69,918,4093,2039,19,1105,2,1480,3491,21,1181,3122,125,11,3128,12,619,9,25,1701,3,3971,2246,922,17,3630,17,270,261,9,48,62,2575,1430,2004,2207,90,6821,11,3500,1594,1888,29,1764,2578,2246,2301,233,2,722,769,743,41,779,4339,4,4314,4407,2,2698,11,1597,1245,19,7,211,10,361,0,4,2,420,334,10,1496,0,3,143,3700,10,22,1875
"COG4371",575,131,472,102,14,0,91,0,73,91,0,1,118,324,57,405,381,11,1,12,551,127,2,385,0,560,1292,0,149,1,58,8,1055,2,177,1,8,58,0,98,156,393,6,29,7,3,35,1,7,3,32,58,0,69,0,263,1,43,105,3,5,47,139,53,67,20,6,63,93,0,2,8,239,1,144,27,0,174,0,166,134,1,0,8,0,9,0,1,0,30,28,1,46,0,0,4,3,21,6,235
"COG4372",1291,619,1322,100,11,627,1694,0,179,155,418,1367,197,766,225,523,835,1336,35,329,1594,756,10,623,3,817,1463,4,503,1285,54,6,1486,0,295,4,7,606,2,1147,867,373,7,958,12,115,118,4,15,26,1063,596,745,802,36,2906,5,1074,614,442,11,600,1005,982,906,90,2,314,457,202,12,322,1864,5,1478,1548,1,1034,3,812,614,10,2,89,0,117,0,4,1,186,136,3,532,0,1,70,932,14,8,774
"COG4373",38,69,8,1,976,21,0,234,4,14,8,26,5,8,87,47,6,29,274,11,29,0,163,0,916,1100,233,83,25,11,95,1286,1,427,2,221,658,10,23,36,20,180,53,42,241,2,94,826,59,1057,12,11,8,139,45,75,428,11,4,24,1010,4,23,7,3,1,6,94,36,282,59,519,54,1650,3,8,5,18,902,101,0,92,258,9,0,35,621,84,4,42,3,61,4,211,600,313,7,72,771,5
"COG4374",0,0,0,8,27,0,0,0,0,0,3,0,0,1,3,1,0,0,2,0,0,0,3,0,0,0,4,15,0,0,0,9,0,6,0,44,0,0,0,0,0,1,13,0,48,3,3,0,15,14,0,0,0,1,6,1,2,0,2,6,13,0,3,1,0,1,0,0,3,6,28,13,0,0,0,0,7,1,19,0,0,1,20,15,0,0,7,0,4,0,0,3,0,0,2,4,0,13,2,1
"COG4377",0,0,1,0,0,0,0,0,0,1,0,0,26,5,0,0,0,0,48,0,0,0,0,1,0,0,2,3,0,0,4,41,0,0,0,0,5,5,0,0,0,0,8,0,22,0,16,0,12,2,0,2,0,15,1,0,20,0,0,1,2,1,0,0,0,0,0,0,0,2,0,4,0,9,0,0,0,0,1,0,0,0,0,1,0,2,0,23,6,1,0,6,0,0,0,1,0,21,0,0
"COG4379",8,0,0,29,2,0,0,90,0,8,1,0,0,1,1,1,3,0,7,0,0,0,0,0,140,10,19,1,12,0,6,36,0,34,1,4,26,8,1,1,0,77,4,5,89,0,45,91,2,4,0,4,0,0,5,1,38,0,1,3,23,0,2,1,1,0,0,4,0,52,5,18,1,167,1,1,0,1,3,0,0,0,8,10,0,2,75,2,6,0,0,2,0,132,1799,14,8,2,6,0
"COG4380",4,10,5,29,156,1,2,89,9,20,3,1,3,20,17,6,6,3,171,10,29,20,22,1,3,67,129,33,8,3,63,139,7,91,9,78,58,11,19,9,119,22,42,10,123,2,42,12,44,227,5,43,0,73,36,33,105,4,15,5,140,22,9,12,8,16,75,15,16,150,11,66,22,225,3,3,45,2,467,55,25,26,37,35,0,56,9,38,42,14,11,111,5,12,197,251,9,10,279,10
"COG4381",3,0,0,5,1,0,2,39,1,0,0,0,1,0,2,0,0,0,1,0,0,0,0,0,2,5,12,0,9,0,2,6,0,2,0,1,24,1,0,0,0,36,3,0,22,0,19,21,0,0,0,1,0,0,3,0,14,0,0,0,8,0,0,0,0,0,0,0,0,20,6,10,0,3,0,0,0,0,0,0,0,0,3,13,0,1,22,0,0,1,0,2,0,47,757,5,0,0,0,0
"COG4382",12,10,2,0,289,0,1,11,4,19,1,2,0,1,25,13,0,6,55,5,9,0,55,0,313,93,72,34,11,1,32,336,0,117,2,81,130,2,9,6,2,63,22,9,82,0,2,142,22,311,0,3,1,37,12,24,85,0,5,8,141,0,6,2,4,0,3,24,12,90,11,155,18,56,0,5,2,5,298,28,1,31,98,0,0,17,240,26,1,8,0,15,1,29,45,79,1,12,235,1
"COG4383",48,78,16,58,1049,12,6,117,14,30,6,27,8,21,88,48,2,29,1163,15,27,9,198,7,1015,1875,255,109,32,10,101,1003,8,410,6,208,1148,20,23,27,26,208,55,49,463,2,269,561,61,1087,68,13,7,124,48,120,604,9,3,36,1640,15,50,16,1,4,36,80,47,218,59,480,69,2296,72,9,3,35,712,106,13,99,307,72,4,45,966,100,18,33,9,62,4,253,864,901,4,64,692,10
"COG4384",4,0,0,1,1,0,1,41,0,1,1,1,1,0,0,0,0,0,9,0,0,0,0,0,63,11,10,0,7,0,4,28,0,15,0,4,31,6,0,1,0,36,0,3,30,0,20,22,3,1,0,5,0,0,6,0,5,1,0,1,17,0,5,0,0,0,0,1,1,28,3,2,1,14,0,0,0,0,3,2,0,0,6,0,0,0,36,0,2,2,0,2,0,12,109,8,3,0,2,0
"COG4385",0,2,0,0,36,0,1,30,1,3,0,0,3,2,4,5,2,1,29,0,2,0,62,0,31,41,31,11,0,0,2,41,2,6,0,64,51,0,0,2,0,135,15,1,8,0,5,94,19,118,0,1,0,8,16,3,4,0,1,2,142,0,11,9,1,0,7,1,1,29,42,13,1,26,1,1,0,1,72,3,1,2,51,0,0,1,34,0,0,0,1,6,0,266,21,58,1,12,8,1
"COG4386",7,1,0,33,12,0,0,128,2,5,1,0,0,0,2,0,6,1,21,1,0,0,7,0,230,21,30,4,13,1,16,109,0,32,2,9,66,14,1,0,0,112,10,8,133,0,56,40,16,1,0,5,1,0,16,3,657,0,1,6,48,0,6,0,1,0,0,1,2,76,12,15,0,204,0,1,0,1,4,1,0,10,10,25,0,6,127,0,24,0,1,8,1,221,2401,31,17,3,10,0
"COG4387",13,27,0,0,243,2,0,21,2,10,1,2,2,4,16,7,3,5,72,2,4,0,49,0,135,45,62,11,6,2,26,152,2,98,0,53,95,2,6,3,4,49,13,9,75,0,1,104,24,266,0,1,2,28,9,9,51,2,0,5,89,0,10,1,4,0,1,13,9,27,7,125,14,85,1,2,1,3,176,20,1,25,45,6,0,8,103,10,0,9,1,12,1,27,58,63,0,12,184,1
"COG4388",19,46,6,1,614,5,1,33,4,8,2,2,4,10,36,2,7,6,125,4,8,0,79,1,484,1278,113,29,21,0,69,774,1,255,0,146,629,9,17,15,3,108,26,31,176,1,12,29,30,675,0,2,0,33,5,6,74,0,0,2,217,0,8,3,1,0,0,18,6,30,22,83,13,263,0,3,0,1,225,19,0,20,22,0,1,9,126,20,3,3,0,2,0,21,69,563,1,12,141,0
"COG4389",0,1,0,1,13,1,0,109,8,3,6,1,6,105,0,6,2,0,140,1,1,0,0,1,93,8,9,4,4,0,3,185,0,1,1,10,52,24,3,2,0,1,95,1,230,2,123,1,14,35,0,2,0,33,4,0,71,0,12,15,5,1,5,0,0,0,2,4,3,68,2,11,6,36,2,55,23,1,17,1,0,2,0,0,0,1,21,2,3,0,0,2,0,247,14,0,9,0,1,4
"COG4390",4,4,3,17,0,0,2,0,12,0,1,0,4,9,3,15,0,1,0,9,10,1,1,16,0,7,1,0,5,0,6,1,10,0,7,0,0,1,3,0,14,10,1,0,3,6,0,0,1,1,4,1,0,4,0,0,9,0,9,0,0,15,0,1,16,19,45,1,10,0,0,0,17,3,1,1,3,10,0,0,1,0,0,21,0,1,0,18,0,2,12,0,1,0,0,1,0,13,2,14
"COG4391",64,64,51,154,47,39,43,219,83,126,27,37,94,89,86,92,51,37,116,44,73,29,80,66,101,49,33,80,71,47,67,56,52,13,106,41,21,67,99,31,62,75,96,41,86,79,21,196,75,40,56,55,30,65,43,41,16,33,78,9,42,89,33,58,66,117,203,90,72,78,42,80,61,143,61,21,99,44,27,64,70,78,83,119,51,62,94,67,78,89,123,74,38,75,197,85,38,105,18,74
"COG4392",9,17,14,43,58,34,6,0,19,1,7,21,16,24,6,1,11,8,4,6,16,35,4,10,3,13,4,8,25,23,29,2,9,83,3,18,11,1,2,9,3,41,3,16,26,10,24,1,11,4,18,14,11,29,2,9,8,4,6,8,34,25,10,13,5,12,115,3,0,6,16,7,6,4,8,8,59,2,35,30,66,0,54,48,4,0,0,15,12,7,8,4,15,3,0,18,5,20,18,2
"COG4393",2,2,0,0,15,0,0,0,1,25,0,4,0,0,11,0,2,1,0,0,0,0,20,0,0,1,0,22,0,0,5,0,0,9,0,19,6,1,20,1,0,0,21,0,8,0,0,0,27,17,12,1,0,1,48,34,58,1,0,0,2,0,3,3,0,0,1,0,2,0,22,13,0,0,14,0,12,2,5,0,0,13,29,0,2,0,0,24,62,0,0,21,0,0,1,0,4,23,1,0
"COG4394",5,2,13,2,25,0,2,3,0,3,3,1,1,35,8,23,2,10,294,1,2,17,1,37,26,58,40,26,10,0,39,470,17,20,0,10,73,12,1,5,3,1,19,5,251,5,69,0,16,8,4,4,0,11,54,6,39,3,0,7,110,11,15,5,0,1,2,0,1,94,1,25,3,287,6,14,0,3,0,3,36,0,6,0,1,18,4,11,0,35,0,5,4,97,3,311,8,17,10,2
"COG4395",2180,2293,2191,1555,1066,2805,1709,1222,2285,1633,3277,2201,1553,2353,1599,1690,2350,2201,966,2735,1698,2784,1147,2754,1552,862,960,1093,2685,2447,1693,901,1809,797,2361,1051,719,2058,1166,2411,2193,2466,878,2130,1642,2646,740,1514,963,628,2004,1364,2883,1490,1319,922,860,2595,2106,2832,828,2373,2013,2182,2294,2630,1824,2550,2139,628,1111,843,1813,820,1712,2508,600,2190,987,2022,3063,1072,916,1231,2705,2433,1485,1853,917,1960,2400,1096,2211,1238,1484,703,2436,1374,229,2533
"COG4396",0,0,0,0,3,0,0,0,0,12,0,0,0,0,1,0,0,0,0,0,1,0,6,0,1,6,0,0,0,0,0,0,0,3,0,1,0,0,2,0,0,6,4,0,0,0,0,0,0,0,0,0,0,0,2,0,5,0,0,0,3,0,1,0,0,0,0,0,0,3,0,0,0,0,0,0,0,0,1,1,0,0,35,0,0,2,0,0,12,0,0,13,0,0,0,1,0,0,1,0
"COG4397",16,35,8,0,616,8,0,11,3,2,2,1,2,7,28,7,2,9,20,8,15,1,97,0,286,152,90,17,22,2,53,421,0,228,2,99,388,10,7,8,5,93,11,17,191,1,13,36,12,627,2,4,2,54,20,31,219,6,0,6,161,2,12,3,1,1,1,48,16,48,23,290,40,724,1,5,3,4,498,52,0,57,37,4,0,21,193,66,6,17,4,14,1,43,49,78,2,6,423,2
"COG4398",1313,281,777,232,984,46,417,332,497,1149,35,124,1213,573,930,428,887,157,188,150,560,233,1044,767,221,842,290,1759,281,80,1386,186,595,571,513,1772,22,175,1347,319,270,383,1604,328,548,331,156,704,2063,967,536,378,71,895,1007,1952,140,330,465,53,60,245,651,501,284,209,48,270,266,70,1661,1160,638,106,1042,275,2072,363,949,317,572,1056,1092,180,77,410,185,985,1147,1088,222,1012,400,79,190,66,186,1101,79,223
"COG4399",82,62,88,73,931,97,43,413,105,93,20,45,155,129,161,57,32,80,497,99,106,29,421,50,178,373,737,366,106,70,360,1128,36,257,54,366,1437,69,211,67,199,283,197,145,1102,49,73,7,183,1735,94,597,72,344,206,355,615,29,33,43,424,80,111,36,54,68,16,166,91,429,195,1103,138,80,52,193,207,98,1056,180,78,269,407,75,13,186,51,298,153,178,51,288,32,228,34,467,55,121,2529,74
"COG4401",667,428,601,203,60,276,785,110,335,109,470,625,489,497,151,471,480,697,135,347,612,455,37,287,1,335,790,140,261,522,432,10,840,33,273,138,85,318,73,557,467,491,60,427,4,455,180,1,229,92,635,419,339,685,104,1065,15,581,442,383,105,387,572,587,515,212,2,494,405,72,130,178,734,94,606,635,168,745,55,394,244,21,58,235,593,423,5,363,63,412,220,83,406,0,1,93,556,289,63,575
"COG4402",75,11,14,23,6,1,0,988,14,12,0,12,15,59,25,19,5,29,8,1,16,0,12,13,461,12,108,15,2,1,22,11,3,3,21,10,4,3,10,19,20,55,6,5,401,1,1,547,0,2,54,15,1,22,1,205,24,2,6,10,3,32,5,21,29,14,67,19,4,16,25,9,25,114,19,1,54,52,2,27,1,13,1,16,1,4,141,45,18,54,11,12,26,193,743,7,1,282,40,14
"COG4403",66,35,102,110,7,2,44,400,21,406,17,11,65,40,79,20,27,38,17,7,49,10,59,24,553,52,104,5,11,6,65,75,33,13,18,26,2,6,50,63,36,29,21,78,29,12,3,837,15,53,83,20,2,81,6,192,16,97,48,92,25,53,52,50,30,10,1,15,11,6,28,37,79,17,94,78,27,82,21,42,34,46,40,72,7,4,258,92,52,20,15,157,33,203,374,18,49,64,4,45
"COG4405",9,12,3,144,157,3,12,164,48,33,13,6,86,32,34,78,35,3,20,28,40,38,66,11,76,11,22,71,37,1,105,53,85,508,107,63,16,33,36,5,45,81,94,11,44,52,12,137,80,64,10,20,3,48,20,44,67,4,41,7,56,24,43,17,33,61,74,66,24,25,62,76,45,8,14,14,150,43,38,25,42,66,249,224,36,41,85,74,42,53,55,20,17,52,38,21,12,159,48,36
"COG4409",532,747,405,564,430,332,211,1080,776,590,175,274,753,801,602,495,190,410,84,373,583,433,541,337,48,82,466,735,486,437,697,83,342,82,552,592,18,143,570,474,538,367,731,197,23,176,136,31,1341,544,611,629,303,918,228,752,46,329,745,199,30,963,531,1138,599,540,453,403,212,46,700,538,630,134,484,186,1267,454,360,914,254,573,509,807,343,106,51,1398,106,792,554,620,1024,24,24,64,199,856,192,446
"COG4412",1878,1654,1703,487,2124,582,1134,1,3448,4310,716,1165,3977,2899,3164,5648,2312,1402,551,3538,4777,520,1976,1447,98,281,3022,3030,244,909,2917,85,912,1770,3821,2437,127,3711,3423,1729,2316,2961,3396,993,277,3318,472,18,4362,1467,3002,1698,664,4620,1538,1246,5840,1730,2514,1025,438,928,987,1411,2249,2895,954,2264,3971,349,2917,1864,2144,246,1426,539,3806,2919,1630,4097,195,1893,2259,427,1926,3394,27,2562,9163,2823,3196,5877,1181,18,8,540,1205,3828,563,3269
"COG4413",3,0,2,8,20,2,5,0,3,68,1,7,0,6,6,9,4,5,0,0,0,1,1,3,3,1,43,1,5,6,18,7,5,15,3,20,5,4,3,4,19,0,9,39,12,1,0,3,20,7,3,3,9,1,31,2,23,0,3,0,3,4,1,1,0,9,27,2,5,26,13,18,3,2,4,10,34,4,5,0,7,0,2,4,0,6,13,3,101,1,11,61,1,10,4,1,3,14,13,3
"COG4420",22,7,16,9,97,5,40,21,33,23,24,4,46,33,40,44,44,16,247,15,19,3,46,20,177,78,201,37,3,7,47,190,19,38,26,122,110,53,22,30,36,46,49,63,360,45,23,64,24,25,7,4,1,38,18,10,286,7,4,14,52,6,14,4,6,6,1,12,8,54,20,16,10,90,17,4,5,24,15,13,0,12,39,5,33,19,164,9,30,6,6,19,1,10,54,76,17,21,11,11
"COG4421",987,892,1879,577,918,1287,695,1576,1055,2000,1764,895,792,1021,1286,1158,1035,947,5639,1467,731,1346,976,1548,747,3394,398,1103,1033,1150,930,1041,1068,524,1135,1057,2694,1264,1368,1191,1103,1370,986,1284,524,1276,14689,2426,961,583,760,590,1461,751,935,388,1296,1340,862,1828,3266,955,1225,751,1178,1032,362,1534,1219,2196,1255,508,1002,2298,2844,1341,1088,1438,693,836,1505,916,869,417,1205,1627,631,1293,1146,840,880,1359,1225,143,222,4009,1520,1006,101,1721
"COG4422",13,24,31,3,138,15,6,292,7,51,2,7,13,2,45,8,2,16,249,0,6,0,71,19,391,116,107,29,19,9,71,1069,3,67,3,152,108,14,29,10,8,59,67,30,350,1,51,375,55,42,20,1,11,68,88,124,529,2,2,51,277,7,24,20,0,2,2,3,7,338,57,304,4,2529,13,2,18,16,42,28,5,21,72,3,0,23,305,40,233,15,2,74,0,132,574,109,2,34,171,3
"COG4423",0,0,0,0,0,0,0,0,1,3,0,0,0,0,0,1,0,0,3,0,0,0,0,0,0,0,0,0,0,0,2,1,0,0,0,2,0,0,0,0,2,2,2,2,0,0,0,1,0,0,5,0,1,0,0,7,0,0,0,1,0,0,0,0,0,0,0,0,0,4,2,2,0,1,0,2,1,1,0,0,0,0,6,0,0,0,9,1,5,0,0,4,0,1,0,1,0,3,0,0
"COG4424",3,0,4,0,146,2,1,108,3,10,6,5,13,0,18,15,1,6,43,9,23,1,60,1,164,58,82,142,7,2,42,129,2,71,0,38,463,19,17,6,153,29,28,20,104,1,6,61,14,35,1,19,4,17,35,10,30,1,0,2,41,2,4,0,2,0,5,10,10,39,29,33,26,16,1,1,0,33,120,46,3,36,52,4,0,20,382,26,18,2,2,107,0,11,64,21,3,37,192,4
"COG4425",19,1,10,12,4,1,162,40,6,3,2,6,53,10,1,5,8,45,57,0,3,5,0,2,17,2,4,6,15,5,3,80,28,27,1,18,8,1,2,29,25,4,7,28,9,3,1,11,2,3,21,20,2,4,17,9,8,19,14,7,3,110,16,9,4,2,9,8,7,15,6,10,1,16,40,8,12,7,5,10,14,4,7,3,5,8,19,6,0,6,1,7,10,109,9,8,66,10,2,12
"COG4427",8,20,7,169,180,20,8,1059,17,3,3,15,36,29,28,9,9,26,25,1,6,11,75,15,1268,24,65,58,120,16,54,147,17,23,1,189,36,12,28,8,14,42,44,29,338,6,11,472,72,143,14,51,6,102,12,56,35,7,3,12,53,53,20,22,1,0,100,10,7,258,107,130,3,70,8,10,64,17,66,31,111,43,109,190,12,2,1362,40,44,16,2,37,10,1097,1245,21,10,75,51,8
"COG4430",7,40,4,22,154,18,9,616,18,23,11,9,15,15,59,26,6,24,78,4,9,7,114,3,279,22,61,64,26,15,60,129,10,173,4,128,27,11,48,45,28,33,60,53,46,3,10,417,11,111,75,8,22,110,43,185,310,62,2,49,123,10,27,20,1,1,6,24,9,377,116,80,11,90,15,8,48,142,80,35,8,85,448,26,9,6,1150,52,44,18,3,59,7,210,389,217,53,187,56,14
"COG4445",1192,804,1054,972,1149,560,1930,416,539,213,498,1470,517,913,425,725,671,1281,570,439,1396,953,615,602,551,900,2142,523,753,1002,608,1122,1527,644,470,514,1205,488,386,1237,880,941,365,1296,1177,243,149,277,424,1379,956,1285,742,1127,316,2514,656,1123,737,561,717,786,928,942,878,446,954,674,613,610,386,1132,1396,452,1178,1330,682,1234,1430,979,781,402,728,1159,178,403,211,423,132,470,426,275,779,1045,261,711,1128,368,1936,971
"COG4446",1100,767,731,83,237,478,1663,128,306,164,409,1236,247,700,352,749,468,1339,188,365,1417,597,253,173,152,310,1811,208,376,1012,217,212,1518,617,239,204,81,216,269,858,648,586,189,1025,85,129,90,18,236,126,1353,468,561,847,166,3260,66,894,555,530,61,782,608,901,860,149,48,362,609,211,228,559,1668,26,730,1269,241,1085,151,887,417,178,238,60,28,155,54,115,63,238,194,104,614,450,101,164,1060,192,81,992
"COG4447",1777,1092,1241,970,2339,938,2734,1583,647,707,949,2430,647,1360,886,907,846,2262,2028,664,2096,1341,1268,544,1199,1363,4034,1024,858,1451,986,2752,2132,1019,608,1312,2188,1107,940,1728,1457,1126,1022,1964,3519,491,367,765,1119,2109,1630,1927,1191,1695,920,3613,1343,1613,1047,1404,1671,1495,1176,1249,1327,423,1189,787,983,1497,797,2562,2360,1609,1623,1982,1394,1746,2189,1408,791,756,1305,1260,450,706,691,977,518,597,471,768,939,674,731,1284,1543,784,3733,1225
"COG4448",2942,2610,2873,1394,1215,1241,3007,556,2165,2777,1460,2363,2264,2121,2061,3080,2649,2723,454,2014,3445,1547,1347,1882,486,992,3521,1710,1289,1901,1625,293,2494,1073,2404,1447,294,3032,1895,2529,2179,2403,2017,1697,139,1853,691,1123,2077,833,1003,689,450,721,619,1206,263,865,830,387,172,548,796,917,848,599,405,665,954,141,657,590,929,88,927,795,643,944,327,896,480,518,567,464,720,779,103,575,634,755,632,777,703,463,192,134,730,662,85,985
"COG4449",0,2,0,0,6,2,0,11,0,1,0,0,0,2,0,2,0,0,0,0,1,0,1,0,7,4,4,2,0,1,3,2,0,1,0,0,0,0,0,0,0,0,0,4,5,0,0,23,0,8,0,0,3,0,0,9,1,0,0,0,4,0,0,0,0,0,0,1,0,16,0,3,0,1,2,0,0,0,0,1,0,0,1,0,0,1,0,3,0,0,0,0,0,1,0,3,0,0,3,0
"COG4451",672,443,618,479,127,335,1516,88,183,102,347,987,260,469,223,395,479,1095,31,177,723,238,113,218,22,275,905,262,240,870,66,10,662,147,372,215,20,458,153,733,428,309,164,1346,9,87,82,25,274,111,785,317,570,561,173,1438,10,814,460,469,26,355,513,522,560,246,786,292,469,153,246,290,1033,4,875,1066,377,706,122,504,271,93,224,265,27,56,7,4,39,122,276,59,400,24,78,53,751,21,35,453
"COG4452",131,24,44,56,62,17,18,1135,46,59,8,9,78,79,78,41,10,28,311,1,48,30,120,73,601,139,60,64,14,9,51,321,39,85,26,67,91,7,95,46,67,33,123,5,227,7,15,651,81,105,97,22,9,97,27,462,104,30,22,31,195,9,55,90,52,32,26,71,31,74,70,83,46,526,45,23,46,123,50,92,11,106,344,75,17,12,686,48,144,65,32,121,46,406,1067,617,12,90,53,46
"COG4453",3,3,1,0,32,9,1,27,0,7,1,0,5,2,8,18,0,2,68,0,1,0,11,0,42,22,99,10,5,2,15,38,2,9,0,33,51,11,6,1,6,20,23,8,157,0,17,39,7,24,1,5,2,3,4,10,19,1,0,2,23,1,0,0,0,0,0,2,3,14,5,11,1,16,0,0,2,0,6,3,1,1,5,0,0,2,10,6,2,0,0,16,0,3,17,14,0,0,35,0
"COG4454",902,599,364,89,745,522,415,819,624,109,1033,536,457,713,252,618,397,835,1760,1037,559,1100,122,337,872,721,964,147,845,626,497,1621,829,355,762,474,975,534,69,531,699,980,260,801,1155,874,193,1312,238,419,666,440,650,648,515,362,247,649,589,1302,796,258,355,320,746,480,228,962,253,491,80,335,540,1627,252,685,37,879,258,641,1188,42,282,80,1349,1072,475,373,84,754,502,113,344,3492,1229,1213,733,451,228,1018
"COG4455",1,2,2,6,91,2,0,33,3,4,1,0,6,3,2,5,2,0,35,2,16,14,5,2,1,17,9,5,1,1,58,22,9,134,2,2,5,0,1,2,1,23,25,3,15,0,2,73,21,1,1,7,0,3,0,0,2,1,1,0,28,0,1,0,1,0,37,2,1,10,0,2,1,9,2,1,3,1,18,6,1,0,18,1,0,0,0,9,9,4,1,2,3,2,1,39,0,7,5,1
"COG4456",3,2,4,5,3,2,13,41,4,8,2,4,11,10,3,2,32,2,2,0,1,2,8,6,40,1,8,3,5,2,3,31,6,2,1,16,13,10,0,5,9,11,13,15,61,1,1,30,1,16,4,1,3,11,5,2,26,10,0,7,21,0,6,6,1,1,0,1,1,5,3,5,3,4,6,0,2,2,113,2,13,6,20,5,0,1,19,1,13,5,0,6,0,22,32,10,10,2,2,1
"COG4457",17,35,37,86,6,2,9,0,8,45,3,10,9,12,21,37,8,38,7,6,45,5,19,48,0,5,20,10,0,3,6,2,18,1,22,13,2,10,6,9,14,25,24,59,43,4,13,0,11,4,20,3,0,14,4,33,63,39,31,5,5,39,11,38,19,24,131,21,9,2,3,3,54,0,11,15,41,10,4,21,87,6,10,113,5,38,0,2,90,12,18,92,38,1,1,2,12,8,0,32
"COG4458",10,16,18,73,1,0,8,0,8,31,0,5,6,3,19,15,3,22,2,6,43,1,6,32,0,0,21,7,0,4,4,1,11,3,15,9,0,13,18,12,18,14,12,43,37,3,7,0,12,4,10,2,1,15,0,19,51,13,31,4,6,16,9,28,8,12,77,25,11,0,3,3,40,0,10,7,4,6,2,11,81,8,6,78,5,28,1,3,31,15,19,51,16,0,1,3,3,4,2,11
"COG4459",0,0,0,1,0,0,0,0,0,0,0,0,1,0,0,0,0,0,1,0,0,0,1,0,0,0,0,0,0,0,22,0,0,0,0,0,0,0,0,0,0,0,0,0,0,0,0,0,0,0,0,0,0,0,0,0,1,0,0,0,1,0,0,0,0,0,0,0,0,0,0,0,1,0,0,1,0,0,2,0,0,0,0,0,0,0,0,0,5,0,0,0,0,0,0,0,0,0,14,0
"COG4460",0,0,0,0,1,0,0,0,3,3,0,0,4,0,1,0,0,0,0,0,0,0,0,0,0,0,0,0,1,0,0,0,0,0,0,0,0,0,0,0,0,0,0,0,0,0,0,0,3,2,0,0,0,0,0,0,0,0,1,0,0,0,0,0,0,0,0,0,0,0,0,0,0,0,0,0,4,0,3,0,0,0,0,0,0,0,0,0,3,0,0,4,0,0,0,0,0,0,0,0
"COG4461",3,41,0,171,5,0,0,134,0,18,2,0,5,33,2,5,0,4,27,0,0,0,1,0,3,6,2,7,1,0,15,14,1,8,0,3,4,3,1,0,10,34,2,12,131,1,6,1,3,3,4,15,0,2,4,1,6,1,0,3,72,6,0,5,0,0,36,4,2,36,1,3,1,24,3,6,0,5,1,4,8,22,16,155,4,14,11,8,2,9,0,8,0,0,4,136,1,3,11,0
"COG4464",305,235,118,292,468,175,114,45,146,365,105,127,307,231,223,294,88,158,241,239,243,120,252,115,38,211,439,271,145,178,497,502,148,206,292,236,688,188,169,139,295,381,140,273,579,429,43,90,273,892,336,380,158,629,130,579,377,174,165,159,246,204,157,213,175,275,405,303,199,301,242,185,240,146,99,158,323,329,714,395,50,187,276,494,202,507,47,403,434,331,201,400,299,56,38,244,104,444,678,191
"COG4468",0,0,0,0,0,0,0,0,0,159,0,0,1,2,6,3,0,0,0,0,0,0,0,0,0,0,0,0,0,0,1,0,2,0,1,0,0,1,0,1,0,1,0,0,0,0,1,0,0,0,0,2,0,0,0,1,0,0,0,0,0,0,1,0,0,0,0,1,1,0,0,0,0,0,4,0,0,0,0,0,1,0,0,0,0,0,0,1,41,0,0,60,0,0,0,0,1,0,0,0
"COG4469",0,0,0,15,1,1,1,0,0,0,0,0,0,0,2,0,0,0,0,0,0,0,0,0,0,0,0,0,0,1,0,16,0,0,0,3,0,1,0,0,0,2,0,0,17,0,196,0,1,0,0,4,0,0,1,3,18,0,1,0,0,0,0,0,0,0,5,0,0,0,0,2,0,0,0,0,0,0,0,1,0,0,0,11,1,0,0,0,0,0,0,0,0,1,0,0,0,0,0,0
"COG4474",0,6,0,0,1,0,0,8,1,0,0,0,1,0,4,0,0,0,7,0,1,0,0,0,4,52,5,0,0,0,1,29,6,0,0,1,105,7,0,8,0,5,1,0,105,0,9,0,0,0,1,1,0,0,0,0,483,0,1,0,89,0,7,3,0,0,0,12,0,7,0,1,0,54,3,0,2,2,0,0,0,0,1,0,2,2,0,3,1,1,0,0,2,0,42,2,14,2,0,0
"COG4481",0,0,0,0,11,0,0,0,0,10,0,0,2,1,2,0,0,0,0,0,0,0,0,0,0,1,0,11,0,0,6,0,0,1,0,26,0,0,8,0,0,2,12,0,2,0,0,0,26,13,0,0,0,1,3,0,4,0,0,0,0,0,0,0,0,0,0,0,0,0,14,9,0,1,0,0,24,0,2,0,0,4,8,0,0,1,0,16,14,1,0,18,0,0,0,0,0,17,0,0
"COG4485",1,0,0,0,1,0,0,0,0,6,0,0,0,0,3,0,0,0,0,0,0,0,4,1,0,0,0,2,0,0,79,0,0,1,0,2,0,0,4,0,0,0,7,0,0,0,0,0,5,1,0,7,0,0,4,0,11,0,0,0,0,0,0,0,0,0,0,0,0,0,1,2,0,0,0,0,0,0,0,0,0,6,2,0,0,1,0,43,14,3,0,4,0,0,0,0,0,0,2,0
"COG4487",2247,1314,2144,728,322,1348,3292,12,817,907,1081,2613,448,1185,571,1228,1489,2735,170,967,2772,1531,284,1015,32,1139,3162,430,1064,2459,407,94,2347,188,837,398,155,952,352,2108,1350,1111,424,1979,98,418,301,71,532,277,2001,1104,1642,1526,332,4468,232,2102,1433,1336,192,1600,1786,1577,1824,640,1014,803,1110,593,394,713,2753,58,1778,2605,487,1900,512,1737,1105,322,361,855,366,496,36,271,659,645,714,555,1193,81,49,219,2190,246,124,1829
"COG4496",33,54,87,178,24,175,60,20,103,73,93,73,58,87,49,68,75,46,5,58,63,135,53,99,2,9,44,30,144,80,40,5,97,3,87,22,0,68,43,49,63,61,83,98,131,80,14,34,49,17,41,74,108,49,15,27,19,40,75,31,3,147,125,48,74,122,306,47,36,25,39,63,47,0,90,129,99,41,14,56,146,71,52,222,34,89,5,38,66,53,108,45,50,0,3,5,49,90,3,56
"COG4502",13,30,4,245,29,1,1,23,40,1,13,0,2,4,35,111,3,4,12,20,4,2,30,1,10,10,18,11,2,1,15,18,18,30,8,14,9,16,12,5,21,18,9,5,5,7,1,105,2,23,6,162,2,9,0,22,30,6,68,14,37,78,8,8,18,79,1,75,425,4,25,11,4,8,3,6,1,37,5,24,2,22,131,288,15,17,15,11,1,11,59,4,10,25,16,9,2,51,9,34
"COG4517",385,401,246,426,584,375,248,228,279,231,269,285,254,244,317,231,214,251,288,316,320,341,386,309,117,214,492,321,388,366,321,599,369,218,287,301,654,208,305,193,326,308,308,356,485,293,63,69,331,639,326,415,347,261,255,297,256,224,349,242,268,410,351,368,274,503,503,285,212,224,255,598,307,182,229,295,327,215,575,354,381,354,352,637,257,428,60,299,216,321,449,263,370,436,96,297,267,286,1009,300
"COG4519",1,5,0,0,70,0,1,6,0,2,1,0,4,2,4,1,1,3,64,3,0,0,43,0,6,46,82,2,5,0,52,112,1,20,0,12,60,2,9,0,0,29,6,2,25,0,6,34,5,14,1,8,1,1,35,14,8,0,1,1,51,0,9,3,0,0,1,1,3,12,10,444,1,95,0,2,6,0,37,11,3,1,9,1,0,27,4,36,1,2,1,6,1,71,3,48,1,0,474,2
"COG4520",158,116,187,175,144,110,147,625,95,502,80,116,342,169,172,57,158,135,307,38,91,136,110,155,389,318,130,155,162,106,166,543,189,171,102,214,111,154,133,91,106,119,119,157,576,65,207,899,208,117,166,145,114,203,45,209,1351,111,97,74,254,139,108,135,96,53,114,107,79,257,153,100,98,383,184,104,97,78,86,154,189,99,155,190,59,75,306,250,376,307,80,339,115,161,314,496,121,96,15,104
"COG4521",1805,2602,2658,2433,1149,2935,2033,18,2533,2176,3798,2318,1191,2148,2335,1828,2431,2528,551,2992,1552,2822,2324,3118,92,771,360,2182,2269,2409,1085,248,1918,890,2528,1735,397,2178,2589,2485,2432,1704,2190,2341,250,2674,803,16,2143,961,1824,2837,2885,987,2669,352,712,2550,2438,3162,442,2447,2043,2069,2815,2795,2989,2666,3096,173,2232,1522,2051,337,1763,2587,1357,1905,1133,1815,2723,2419,1961,1661,2731,1769,156,1553,1289,1600,2855,1858,2808,231,308,383,2648,1595,41,2707
"COG4525",1494,1953,1990,2003,1016,2248,1348,17,2026,1994,2904,1594,834,1661,2184,1485,1765,1769,454,2384,1237,2173,2307,2259,50,578,325,1854,1949,1889,917,313,1394,777,1964,1473,318,1770,2282,1741,1834,1503,1900,1762,241,2020,544,11,1820,881,1437,1532,2226,814,2135,311,751,1941,1821,2813,406,1699,1408,1605,2066,2301,2031,2096,2268,108,1942,1284,1528,324,1306,1854,1051,1476,973,1346,2349,2377,1822,1351,2232,1545,45,1299,1137,1206,2193,1579,1898,148,157,286,1836,1322,40,2160
"COG4529",134,197,118,55,284,49,171,883,78,24,44,159,171,125,96,56,286,119,24,59,92,114,123,124,207,32,106,32,216,88,93,372,211,113,87,70,69,98,71,118,83,83,80,146,14,21,76,167,30,182,143,110,72,118,32,108,121,146,58,38,118,68,180,318,58,50,29,89,41,41,109,115,114,22,214,134,23,176,76,146,240,79,490,34,93,56,112,84,10,163,51,16,121,1864,262,30,135,290,34,87
"COG4530",73,81,76,96,28,76,60,567,111,0,24,72,39,63,20,58,77,62,6,41,68,79,5,79,399,10,30,13,199,63,23,36,90,10,61,48,8,19,1,47,72,21,15,70,12,37,6,481,5,42,62,84,58,59,6,65,14,53,95,32,37,84,86,117,78,117,9,46,48,56,5,28,60,6,69,42,3,52,19,86,247,7,10,103,55,17,302,40,0,50,92,6,82,139,734,9,68,19,9,42
"COG4531",2532,2855,3021,1964,633,4163,2499,683,3146,746,4712,3506,2119,2853,1641,2210,3126,3183,1126,3883,2008,2138,1214,3554,875,1052,985,690,1778,3514,1766,1024,1530,662,3237,923,828,2324,986,3197,3077,2613,757,3131,798,3595,947,1032,775,698,2259,2586,4167,1797,1235,882,238,3246,2779,4603,842,2870,2596,2610,3280,3392,1540,3141,1398,381,655,996,2371,963,2262,3317,1081,2951,787,2294,1980,936,613,1428,3344,2749,500,2095,419,2500,3438,613,2947,1866,858,781,3216,2056,285,3328
"COG4533",0,3,0,0,0,0,0,0,5,0,0,0,2,0,5,1,0,0,4,9,9,0,5,1,0,2,0,1,3,0,423,2,11,0,0,15,0,1,0,2,6,0,8,0,4,1,0,0,1,2,0,7,1,1,1,0,11,1,8,0,28,0,0,1,4,0,2,2,19,0,1,2,8,3,1,1,14,0,0,1,0,0,1,0,0,0,0,10,5,0,2,3,6,0,0,5,0,3,422,1
"COG4535",1220,1438,932,1803,1394,2041,1013,675,962,907,1398,1191,727,795,1353,862,933,1039,879,1147,998,1275,1708,1361,636,548,1100,1136,1477,1544,1031,1506,1124,800,909,907,1362,695,1225,900,1014,993,1159,1145,1829,1007,443,160,1160,1572,1228,1373,1717,779,880,822,669,934,1199,1205,779,1533,1638,1538,962,1625,1973,941,699,606,747,1376,887,552,739,964,1213,826,1680,1150,1323,1507,1092,2232,1164,1132,208,853,678,974,1567,831,1528,1472,368,764,1241,817,1935,1003
"COG4536",980,1176,869,1277,752,1541,852,1049,831,543,1020,1001,737,732,819,642,889,887,440,789,713,1111,899,1106,761,344,708,599,1422,1314,662,826,804,511,766,516,822,658,645,774,749,739,564,900,888,768,297,913,504,871,2881,2674,4303,2009,1573,2083,1164,2426,2750,2948,1298,3653,3078,3746,2435,3432,3785,2499,2019,1073,1165,2150,2065,879,2378,3060,1792,2006,2551,2861,4271,2277,1662,4066,2417,2875,1536,1822,1262,2709,3312,1400,3344,3931,2573,1151,3107,1423,3069,2392
"COG4538",1,1,1,0,123,1,0,11,0,2,0,0,0,2,1,1,0,0,15,2,24,1,26,1,15,48,2,0,0,0,3,20,6,163,0,4,24,0,3,0,1,65,10,4,62,1,2,36,33,7,2,1,0,3,1,2,52,0,0,1,88,0,5,0,1,0,25,1,0,1,1,3,2,6,0,0,9,0,79,34,7,2,118,0,0,0,8,1,15,4,1,8,1,4,0,20,2,6,6,0
"COG4539",72,59,51,64,402,36,65,65,78,24,28,44,105,69,51,55,67,43,409,98,90,21,217,46,268,266,213,139,41,40,137,719,33,278,105,109,798,71,53,56,130,244,78,117,556,41,75,43,93,762,50,224,47,166,102,86,318,46,50,130,339,64,91,70,47,78,115,76,115,289,75,96,85,201,55,34,118,71,501,113,29,108,163,67,45,121,78,56,62,64,73,111,76,573,170,482,37,60,670,60
"COG4540",3,2,6,0,27,0,0,33,1,5,1,2,2,5,8,37,0,0,27,1,2,0,37,79,26,56,30,5,3,0,3,33,96,11,1,36,37,70,1,1,4,141,10,3,2,1,13,73,5,131,0,6,0,6,18,4,9,0,5,0,85,3,7,9,3,0,2,2,12,36,30,9,1,23,1,0,2,11,43,9,4,0,45,0,1,3,35,5,0,0,0,2,1,197,15,45,0,14,12,1
"COG4541",0,0,0,0,3,0,0,0,1,0,0,0,0,0,0,0,0,1,0,0,1,0,0,0,46,0,0,2,0,1,1,1,0,0,0,10,0,0,0,0,5,1,6,0,1,0,0,0,0,0,0,0,0,0,0,0,1,0,0,1,0,0,0,0,0,0,0,3,0,5,4,0,0,0,0,0,0,1,0,1,0,0,0,0,0,0,31,4,0,3,0,1,0,2,24,0,0,3,0,0
"COG4542",3,1,1,0,88,6,0,0,18,11,1,1,123,62,12,2,3,1,0,5,4,3,14,3,0,0,2,104,0,3,104,1,4,12,11,201,0,2,40,1,7,12,42,1,0,37,0,0,175,84,0,0,6,130,15,4,2,1,5,1,3,0,0,0,7,4,2,9,4,1,151,73,3,3,0,3,99,6,60,9,0,17,42,0,1,2,0,98,35,31,3,31,0,0,0,1,0,94,4,6
"COG4544",143,67,86,112,210,78,231,653,93,100,36,99,303,151,105,56,116,90,41,10,86,57,165,85,1054,33,175,229,65,95,181,312,150,61,64,308,21,44,137,107,40,126,181,136,533,16,26,428,285,265,92,69,95,222,27,166,56,84,39,61,40,88,100,101,49,40,9,97,41,363,244,182,55,36,169,82,131,122,353,103,99,113,219,69,40,85,1107,160,103,247,41,164,114,302,874,19,125,110,23,62
"COG4547",7007,7965,7414,5557,2043,11121,6168,2431,6913,4399,10643,8104,4839,6787,4844,5086,7894,7411,1477,8681,5407,9426,3364,9096,3553,2547,2308,3562,9606,9147,4137,751,7117,1988,7234,3024,1520,6394,3712,7938,6716,7037,2754,7511,1319,7792,3024,2806,2936,1719,6892,5375,10581,4053,3830,2800,2156,8546,7180,10800,2903,8656,7528,7894,7625,8819,6372,7656,6202,1444,3598,2406,5889,4052,6104,8015,2141,6500,1829,6306,9592,3371,2843,4467,8535,7161,3335,5274,2484,6090,8488,3086,8169,3072,3880,1214,8571,3988,234,7609
"COG4548",496,261,127,1406,1577,305,349,2357,632,1532,209,216,2502,943,1602,342,228,249,336,483,413,433,2023,202,907,1679,370,2733,244,342,2617,1755,915,877,388,2799,993,391,2332,335,334,945,2435,289,1158,1431,1220,1128,3184,1693,256,574,227,2068,1745,704,2347,245,388,251,2357,235,207,224,355,749,979,701,338,298,2632,1375,334,1849,300,202,3474,845,1529,277,370,2229,1649,1320,289,1323,492,2183,1351,1585,745,1577,208,705,1009,881,220,1743,402,463
"COG4549",7,8,1,49,13,3,2,430,3,5,0,3,3,5,6,16,1,5,2,16,10,1,7,4,214,13,1,7,0,4,1,9,1,10,2,9,0,1,6,4,12,2,20,12,4,0,1,158,4,11,15,12,1,3,14,13,2,1,6,0,2,26,0,7,7,1,82,8,6,24,12,4,23,1,4,1,4,1,16,6,6,4,16,51,2,0,60,1,3,3,0,6,5,173,235,2,0,2,0,7
"COG4551",2,11,3,10,106,1,5,320,1,7,5,1,8,2,8,2,2,3,53,1,7,0,44,5,269,42,82,19,21,0,73,228,4,25,3,27,115,15,11,2,9,37,11,11,484,2,26,201,6,192,6,52,3,25,33,25,496,0,0,11,87,0,4,3,3,1,15,17,10,61,1,49,10,91,6,5,1,1,34,18,5,15,68,4,0,17,290,29,37,20,0,19,0,183,477,61,10,8,239,4
"COG4552",101,21,31,8,345,30,52,2,164,286,18,28,694,261,128,90,51,51,11,120,108,43,105,43,235,20,112,546,41,25,795,43,223,64,90,733,5,32,321,63,66,296,264,109,11,327,6,60,808,401,65,61,26,619,131,62,100,51,45,71,43,87,22,10,50,63,26,175,54,177,596,275,67,45,36,35,581,283,286,84,69,101,257,6,53,405,1496,503,285,518,83,287,41,0,332,19,17,652,94,135
"COG4553",80,239,341,527,569,442,234,1806,211,79,112,320,181,205,75,70,365,280,168,32,151,157,150,334,2440,98,470,119,570,405,200,715,182,145,130,404,241,149,67,217,176,121,194,423,2222,51,209,2344,89,540,89,464,412,239,130,231,227,247,202,123,254,296,318,451,161,145,181,103,56,645,152,1330,110,129,459,326,30,110,736,405,527,146,213,549,32,103,2306,334,57,160,127,176,204,1970,2339,103,332,140,1757,50
"COG4555",271,214,287,128,344,287,228,139,322,310,294,239,283,302,221,262,362,248,110,365,220,308,269,297,73,141,237,364,397,278,310,226,207,229,326,293,350,318,216,237,337,345,280,234,250,292,66,119,298,479,928,923,887,938,813,585,998,967,568,1234,572,577,765,610,851,853,530,999,855,487,1161,1066,651,233,547,671,861,1014,1244,941,1150,699,1001,339,1168,1053,77,1210,1129,841,765,1030,492,103,28,366,947,1088,1643,942
"COG4558",1918,1651,387,81,432,1128,45,562,328,20,70,50,75,205,560,344,40,1186,404,394,400,26,87,384,456,258,1377,58,30,1690,771,273,43,444,56,275,153,243,33,337,353,1253,133,319,268,227,19,493,74,88,1904,308,945,452,266,1483,205,216,278,167,343,546,357,1652,169,506,558,930,740,169,138,486,314,379,259,86,164,1150,1270,1258,30,57,142,59,2095,2187,1315,361,23,1718,442,138,1500,1128,566,523,171,58,366,1105
"COG4559",1679,1435,256,196,287,1068,75,945,232,86,72,120,79,153,496,258,21,1127,409,237,297,77,82,334,370,265,1165,73,50,1495,627,438,74,290,42,207,231,113,21,309,114,941,108,341,345,117,15,796,67,106,1672,85,887,331,305,1313,166,197,230,136,314,599,298,1440,139,385,962,670,500,212,88,381,190,345,148,131,302,819,539,1031,89,72,188,176,1553,1547,883,220,30,1375,377,79,1390,1015,456,352,154,94,147,913
"COG4564",119,134,10,205,311,24,4,582,59,35,9,22,73,28,154,140,9,43,253,10,25,1,340,3,228,165,573,260,36,4,274,748,29,233,41,283,798,27,174,3,38,182,153,127,258,22,80,798,37,451,87,52,13,129,242,569,544,2,36,71,651,56,40,43,10,45,106,50,49,711,503,327,48,595,7,16,469,297,152,95,6,206,362,255,17,92,404,205,66,89,49,115,39,1766,440,177,40,378,393,52
"COG4565",9,8,16,1,129,5,86,22,26,83,2,26,46,21,146,14,121,25,55,1,21,16,191,63,69,56,16,160,18,1,56,226,23,189,7,173,109,17,176,33,14,96,192,38,63,8,12,91,144,59,17,3,4,29,96,25,50,44,6,9,127,5,91,11,12,6,63,5,8,6,239,82,6,16,60,10,303,17,148,30,54,126,299,1,2,7,33,40,90,15,8,116,1,242,14,30,38,162,61,7
"COG4566",58,29,30,121,485,44,45,1447,53,36,38,37,108,154,81,62,19,56,524,8,61,68,313,15,2825,201,381,127,99,13,229,1051,132,175,24,602,352,48,77,25,20,154,302,134,783,22,216,767,198,667,41,85,17,256,112,393,148,16,46,132,329,39,63,53,10,7,112,34,36,883,279,288,47,544,19,61,91,65,222,111,113,138,401,93,5,29,2989,110,152,94,22,126,43,1263,2035,338,63,153,187,21
"COG4567",604,579,663,409,318,733,527,332,604,467,979,644,420,602,439,489,683,703,254,751,418,811,289,735,246,255,302,278,751,627,401,250,497,253,723,306,211,601,331,672,672,687,296,575,362,711,229,311,260,196,1498,1968,2224,1043,1235,683,573,2253,1819,2351,788,1938,1774,2011,2061,2014,1527,2243,1838,333,1007,1055,1567,698,1587,1962,597,1925,905,1584,2476,915,950,804,2267,2003,442,1728,688,1673,2137,834,1984,1964,951,573,2066,1124,702,2314
"COG4568",6,7,10,0,136,1,1,1,1,5,1,1,3,1,8,6,2,0,86,1,12,1,73,3,1,101,44,67,5,0,77,281,3,26,1,11,440,12,17,5,0,35,8,8,277,0,6,0,4,259,0,24,1,27,33,8,115,0,0,3,75,1,3,1,0,0,21,7,8,100,28,19,12,16,2,2,0,11,27,28,1,43,38,1,0,17,0,3,30,7,1,12,0,2,0,57,2,13,316,3
"COG4569",178,195,217,457,642,147,147,1102,167,46,143,113,122,173,102,128,138,170,386,134,97,151,159,244,348,154,739,97,160,103,333,736,160,261,140,238,383,153,109,142,145,227,145,180,311,123,60,577,92,274,110,450,134,134,253,241,126,109,227,119,706,196,252,116,121,212,261,203,185,336,89,2084,104,455,140,152,61,88,1106,202,165,150,140,540,124,352,252,411,50,169,235,126,218,175,796,295,149,71,2718,106
"COG4570",61,32,129,88,52,0,37,433,11,18,67,14,196,58,49,31,50,14,816,19,14,10,40,139,1261,4562,106,14,1,5,44,2501,62,25,31,27,3209,157,14,30,102,65,6,57,1393,66,1833,269,55,13,15,44,3,103,63,36,1954,36,35,28,5602,26,72,36,18,27,14,29,15,3286,11,40,24,10530,171,54,47,17,49,36,28,23,8,91,12,72,518,77,60,33,17,65,123,106,2500,2022,19,15,49,7
"COG4572",0,0,0,0,24,2,0,0,1,1,0,1,0,5,0,1,2,1,19,0,2,0,0,0,3,1,3,3,0,0,2,21,0,12,0,5,2,1,0,0,0,1,2,0,14,0,0,1,3,8,3,0,1,2,4,17,45,0,0,1,27,1,1,0,1,0,3,0,0,12,0,1,1,10,0,6,4,0,4,6,0,0,1,1,0,0,0,4,1,0,0,1,0,0,3,40,0,4,4,0
"COG4573",28,46,28,622,46,6,24,131,100,40,63,17,23,33,28,56,29,33,31,53,40,47,45,35,291,59,37,38,25,15,29,44,50,182,20,57,47,7,29,29,50,139,40,39,29,32,7,22,56,14,61,90,15,31,15,22,75,34,116,39,171,143,67,54,56,129,74,57,22,21,33,33,40,12,23,37,25,57,15,72,24,20,220,592,18,34,685,27,59,35,119,37,60,8,70,42,13,36,15,60
"COG4574",38,11,36,32,2,0,4,0,14,48,1,0,20,12,10,14,4,2,79,1,56,0,1,12,0,47,8,1,1,1,8,80,20,5,6,2,18,5,1,9,12,2,3,1,17,1,1,0,4,0,24,11,0,25,3,55,1,14,34,1,42,24,5,21,15,7,0,5,2,14,1,2,69,138,27,2,16,4,9,32,5,4,1,30,0,2,0,15,1,33,4,9,28,0,0,110,7,1,7,7
"COG4575",0,0,1,0,25,0,0,6,2,2,0,0,5,8,2,0,3,3,125,1,1,0,21,0,12,25,14,0,0,0,4,163,0,13,1,5,47,8,0,0,1,32,6,0,60,2,31,52,19,15,1,0,0,3,14,3,16,0,0,1,42,0,6,6,0,0,3,1,0,27,11,9,0,113,0,2,4,0,37,4,1,1,3,1,0,5,12,1,0,2,0,1,0,94,2,72,4,3,4,0
"COG4576",16,3,3,23,33,1,7,40,27,45,1,2,56,38,36,21,13,13,12,2,23,9,48,8,2,5,40,84,1,4,46,1,11,6,16,63,0,14,88,16,8,37,75,4,2,3,7,0,100,63,11,32,1,53,36,36,14,9,37,1,3,10,2,16,8,21,11,13,21,0,66,32,12,1,17,3,89,17,27,20,1,50,43,30,6,5,1,144,56,30,22,42,16,1,2,2,3,75,8,17
"COG4577",1018,439,792,96,135,202,1501,157,232,301,284,911,506,658,241,664,573,909,11,143,1067,355,132,400,15,583,2079,200,275,599,218,12,1264,17,276,166,23,184,161,730,440,638,166,802,11,69,87,3,301,159,224,216,147,241,34,662,11,223,173,109,4,128,220,210,196,34,9,145,205,45,55,107,380,1,330,280,107,395,37,225,135,31,41,38,4,33,3,75,46,106,50,53,142,2,3,16,215,50,13,335
"COG4579",251,174,318,1499,2957,188,282,1133,518,1064,158,184,464,315,1549,616,323,158,1539,553,502,269,3103,380,455,880,1340,1953,295,209,786,2722,580,1725,292,1758,2570,715,2265,269,551,1079,2162,416,2273,332,183,901,2222,2742,122,1239,209,652,1941,314,1261,184,317,144,1348,259,437,128,232,653,1665,509,712,930,1720,2854,388,939,385,288,2594,284,2716,540,639,2633,2142,1578,810,758,169,816,1182,325,559,1298,148,514,53,1169,257,760,4125,278
"COG4580",1,1,2,3,106,7,5,27,1,1,2,65,17,7,12,2,2,11,298,4,4,4,66,0,211,112,88,11,6,2,333,699,4,59,1,83,230,6,10,11,0,230,56,4,229,5,24,173,29,119,5,6,3,21,106,11,47,7,1,9,147,1,38,13,1,0,3,5,13,59,25,41,7,329,2,2,47,2,127,29,26,6,22,5,0,21,73,5,5,13,0,17,0,490,36,220,5,24,235,0
"COG4581",5175,3298,5884,3272,1275,2514,8355,49,2789,1463,4337,6999,2525,4296,1881,4145,3885,7114,1766,3041,6349,3577,1278,3092,912,3519,5993,1494,2500,5368,1059,332,6290,1070,3207,1569,798,4312,1307,6609,4667,3089,2211,6499,121,2460,1168,49,2127,874,1474,1106,1167,1605,784,2951,91,1884,1396,1640,472,1496,1618,1417,1689,714,312,1009,1577,607,591,1122,2691,469,2238,2494,569,1943,287,1079,810,545,572,910,795,537,1964,505,447,665,739,381,1176,8,480,534,1932,369,79,1389
"COG4582",105,144,182,108,595,103,74,102,242,176,161,80,123,164,191,235,135,81,307,316,150,126,451,163,195,331,462,269,91,137,412,778,165,192,261,185,1187,174,267,113,265,365,312,116,811,230,107,9,171,1132,85,455,67,220,220,81,400,81,164,168,370,161,113,92,181,213,87,232,179,326,153,893,234,108,90,88,306,148,768,172,86,319,303,59,185,317,33,302,194,175,247,193,121,182,63,305,121,266,1960,152
"COG4583",507,599,532,659,209,627,402,97,549,538,761,429,346,496,516,390,538,487,167,665,374,541,517,551,82,180,162,427,542,529,306,122,480,147,563,284,111,549,422,513,546,498,323,515,29,613,129,243,388,210,1365,1268,1759,844,1041,473,255,1562,1885,1783,388,1728,1243,1572,1704,2191,1879,1743,1585,133,1144,627,1311,421,1365,1585,978,1187,537,1273,1881,1512,885,1500,1806,1592,195,1408,699,1420,2104,1049,1672,857,386,358,1756,1057,49,1805
"COG4584",311,711,292,1042,11419,280,118,4232,129,6520,147,176,313,1035,1356,605,107,722,6032,567,897,29,3198,501,4897,3790,10859,1662,778,281,4695,13105,359,2832,140,4387,8319,562,1017,267,2368,2427,2138,1412,11707,70,925,2430,1266,13999,628,4637,103,2266,2698,3407,7723,55,86,729,6058,606,493,121,137,23,882,799,845,5811,2494,25037,939,4543,106,445,824,611,7734,2029,445,2290,2779,1034,12,2264,2913,5029,13650,404,65,9952,37,6642,3254,4024,263,909,47618,176
"COG4585",311,456,203,491,3682,203,49,2047,361,2445,69,126,321,397,1021,457,119,372,3491,296,294,132,1888,181,4223,1653,2320,1468,403,145,1637,6102,244,1593,148,1780,4932,385,928,150,437,1184,1209,724,4631,155,515,1929,783,4968,1078,1478,144,1518,1032,2331,3732,71,171,497,2962,320,314,217,176,145,326,563,384,3429,1302,3356,400,3088,188,175,1051,1120,2953,647,293,1328,3317,500,103,779,10431,1311,3182,470,167,2267,181,6215,3998,2637,169,1279,6877,188
"COG4586",1553,936,1140,273,132,621,1869,248,404,685,528,1380,459,900,363,906,746,1481,197,538,1998,881,86,500,5,682,2416,180,483,1239,351,33,1851,271,526,137,38,494,105,1158,846,820,155,1120,419,385,133,11,373,117,1307,497,726,1245,81,3194,376,1169,834,640,53,774,906,1043,1267,351,108,751,1016,201,142,423,2212,24,1229,1535,289,1772,97,1219,519,130,80,190,253,529,5,255,507,561,383,476,758,1,6,358,1076,274,46,1338
"COG4587",987,574,809,133,110,444,1469,260,266,462,356,1187,273,707,272,627,460,1130,35,381,1403,680,67,338,1,329,1859,129,338,929,258,12,1081,155,303,104,22,353,71,881,570,531,116,824,354,255,70,1,253,91,301,142,188,286,15,737,80,296,187,133,7,228,210,211,290,50,0,158,193,51,43,101,491,5,261,307,96,447,16,253,103,21,19,39,19,167,0,80,134,108,75,115,192,1,1,72,289,79,21,306
"COG4588",1,0,0,0,69,0,0,37,13,3,2,0,1,31,3,2,0,0,3,1,7,1,3,1,471,4,12,8,2,0,19,55,1,27,0,26,19,3,4,0,0,10,12,22,662,0,3,44,27,33,0,18,1,17,1,0,53,0,5,6,16,0,2,0,1,0,1,3,0,29,29,9,6,8,0,18,12,1,362,19,0,10,11,0,0,0,292,7,1,7,0,8,0,591,173,1,3,4,20,0
"COG4589",100,109,97,207,302,120,79,55,98,47,117,109,197,167,97,155,99,67,427,61,122,86,94,123,14,156,343,86,187,85,175,388,143,737,104,176,195,50,39,64,107,136,115,82,855,54,109,6,159,82,98,104,98,283,72,157,81,65,120,70,268,181,159,97,101,147,264,81,86,198,46,71,125,467,87,124,148,59,76,173,217,46,86,248,68,54,34,141,24,153,126,44,87,20,18,546,107,118,78,67
"COG4590",122,83,88,227,2005,89,142,1510,347,75,50,159,415,221,166,118,103,124,1746,157,226,171,807,39,717,1052,1519,421,256,123,949,3246,347,1215,250,461,3145,124,141,167,528,835,205,160,2515,178,149,1132,309,2057,32,1388,107,621,532,475,1189,87,118,103,1606,110,162,45,271,52,122,211,101,942,195,1808,171,1267,106,92,116,203,1808,500,315,333,827,261,16,343,164,420,284,145,50,383,37,1028,82,1367,123,298,4761,87
"COG4591",7939,9376,7705,10079,8730,9851,5504,5373,9317,13570,9227,7865,6980,8261,11928,9055,7550,7642,3258,11387,7388,9355,11818,8942,4065,2864,5759,11549,9779,9276,8421,4910,6671,10886,9343,10120,4129,7713,13389,7416,8051,7254,12952,7794,5410,10356,2760,4071,10877,7380,9773,5879,9679,6937,11747,6960,8582,8073,9012,10105,3182,9418,8291,8710,8472,10408,10683,9518,8525,2568,11458,8252,6823,2635,5915,7461,12030,8521,8696,8521,8706,13019,11020,12410,11874,10120,3437,8647,13481,8897,10033,13454,9519,5113,3331,3127,7152,9725,5589,9005
"COG4592",1,0,0,0,34,0,0,1,2,12,0,0,0,1,0,5,0,3,37,1,2,0,0,0,2,35,39,11,0,0,32,42,0,6,0,43,38,0,0,0,0,5,14,6,2,0,0,1,14,3,0,0,0,4,2,3,0,0,0,2,83,1,0,0,0,0,0,0,0,3,0,1,0,23,0,0,0,0,6,3,0,0,62,0,0,0,23,1,0,0,0,7,0,0,7,66,0,18,25,0
"COG4594",0,4,2,0,14,1,0,3,0,3,0,0,1,0,0,1,0,3,12,1,1,0,22,1,47,19,9,8,0,0,38,7,0,3,0,13,17,0,7,0,0,1,8,1,12,0,2,3,9,25,0,1,0,5,1,43,3,0,1,2,4,0,2,0,1,0,57,1,2,4,7,24,1,2,0,2,2,0,24,3,0,11,13,1,0,0,8,9,4,1,0,11,1,22,6,4,0,2,88,0
"COG4597",5727,5532,5689,3663,2223,4985,4100,2490,5330,4766,6695,4511,5033,5006,4805,5982,6131,5424,1837,6022,4496,5352,4187,5589,1548,2557,3474,3252,4535,4455,3424,900,4269,1759,6169,2763,1359,6172,4278,5624,5061,5206,3531,4231,540,6296,2018,2505,3167,1612,5358,4084,5237,3948,3791,4029,1890,5656,4993,6322,1463,4283,5871,5444,5429,5471,3003,6164,7256,376,3383,2618,4523,1288,5205,4820,3190,5940,1889,4437,5385,3623,2837,2904,7101,4956,860,4163,2777,4657,5499,3294,5418,2160,1431,1228,5627,3957,435,6664
"COG4598",222,341,266,494,874,299,150,475,220,508,184,260,173,231,582,183,224,198,640,80,126,325,801,368,381,298,336,767,425,244,260,1053,203,552,149,935,467,130,737,148,119,279,1175,201,431,140,96,1039,739,655,280,243,270,193,1004,226,115,163,174,152,354,316,290,423,127,152,643,76,153,181,905,600,87,603,311,214,826,116,740,299,577,732,911,426,164,116,243,235,381,211,143,528,406,1959,426,469,272,432,210,139
"COG4603",4322,5148,4315,4168,3361,4292,3850,1629,4369,4376,4563,3810,4217,3756,5243,3838,5101,4045,1868,3741,2861,3492,5439,4437,1889,1533,2255,4704,3075,3583,2605,1910,3178,2658,3954,4561,1209,4313,5133,4580,3633,3249,4945,3319,1374,4816,1607,3479,4917,2393,3854,3399,4281,3261,5130,2178,581,4192,4384,3731,1359,2633,4416,5448,3920,4215,4209,4097,4943,882,4283,3808,2606,1271,5220,3977,4954,3604,2601,3944,2930,5295,4147,4034,4970,3941,4230,2730,3270,4237,4154,3525,4655,3383,2191,1355,4862,3000,467,3746
"COG4604",2,9,1,0,48,1,1,232,12,2,2,1,9,18,1,22,0,7,12,9,5,0,1,0,204,7,22,12,2,4,126,24,1,110,4,85,8,2,4,1,8,13,37,78,50,50,2,612,3,12,6,1,1,48,7,3,18,1,9,33,31,0,3,13,2,0,1,17,7,48,43,19,2,11,1,16,5,18,8,8,1,0,9,0,0,3,854,19,0,11,1,23,6,64,389,15,1,33,64,5
"COG4605",1,2,0,1,23,3,0,197,11,5,2,4,2,15,2,3,1,2,20,1,2,2,4,0,271,2,15,12,6,1,131,29,1,13,1,101,4,1,4,0,8,11,34,86,41,3,3,368,3,20,14,2,1,42,8,9,10,0,7,47,30,4,3,0,0,0,4,2,4,23,51,14,1,3,0,11,9,13,13,6,0,0,22,0,0,0,1165,15,0,4,2,13,0,66,459,16,1,24,87,0
"COG4606",1,6,0,0,30,1,1,313,8,1,2,1,4,24,2,1,0,4,23,0,0,0,0,0,221,17,17,12,4,2,148,42,1,8,0,102,7,0,5,2,7,13,51,61,46,3,0,765,1,5,11,0,4,50,9,13,11,0,7,31,30,5,4,1,1,0,4,0,3,28,57,20,2,5,0,15,13,9,11,7,0,2,19,1,0,0,1011,21,1,6,1,24,0,69,503,5,1,18,105,3
"COG4607",6,4,1,0,59,6,2,337,9,5,4,2,6,29,15,5,5,1,179,0,2,1,82,3,360,96,29,21,8,4,172,176,3,23,0,152,87,3,4,6,6,53,72,108,57,6,4,886,12,96,14,0,1,57,15,91,27,2,4,46,130,3,21,7,0,0,7,9,7,60,77,36,13,215,2,28,14,10,47,13,6,7,22,1,0,4,1345,18,0,11,1,33,0,232,569,141,5,30,151,1
"COG4608",2298,1767,2369,3208,5320,1675,2837,2951,3919,6692,1530,1918,6294,3679,6039,3591,4204,1772,781,2469,2543,1984,7120,2751,2033,732,2012,8773,1987,1550,6482,2614,3368,5937,3155,9337,636,3011,8868,2600,2180,3236,9850,2026,585,3828,979,5481,9257,4455,1810,2080,1884,4966,8096,1292,1369,2410,2567,1365,827,1683,3274,2082,2240,3088,1895,2795,3408,662,9150,4743,2041,904,3578,1580,9189,3052,5110,1787,2840,8114,7613,2842,2431,3396,2889,6488,6566,4899,3315,7364,1861,3543,2210,801,2461,7783,1089,2366
"COG4615",13,61,2,77,494,15,25,1164,16,77,6,35,67,104,88,39,5,20,344,12,36,22,206,2,200,140,98,79,43,15,76,590,37,69,9,119,278,9,50,22,13,187,82,49,72,10,45,3711,89,1037,34,34,9,225,99,37,93,10,18,24,334,53,73,43,7,13,23,43,28,73,138,96,50,544,1,49,46,31,277,92,26,62,219,76,7,21,293,22,114,75,9,88,25,784,124,372,11,11,251,14
"COG4618",220,57,65,317,328,79,84,3360,65,114,18,73,148,147,74,42,72,73,558,28,41,111,165,129,1475,258,207,64,184,90,294,2435,319,259,34,260,555,69,88,56,75,270,131,160,444,27,95,6409,125,624,89,471,84,190,135,208,123,70,62,64,361,138,82,82,38,28,333,114,19,334,104,182,38,488,77,74,92,47,256,136,260,70,237,350,37,79,1219,201,146,200,27,101,73,3572,2519,518,164,75,251,44
"COG4619",34,22,34,23,154,12,76,215,41,174,27,31,91,58,138,42,161,47,21,5,20,15,207,77,45,10,24,300,1,10,60,8,31,154,22,352,4,13,287,54,44,37,345,34,15,14,8,383,326,117,36,8,19,67,153,46,19,62,17,29,6,33,53,66,19,9,1,41,13,0,357,153,15,1,72,25,471,57,200,46,7,147,258,20,9,28,17,69,148,48,14,124,22,21,25,3,85,205,6,30
"COG4623",238,275,168,439,759,173,127,592,227,62,194,170,98,178,203,247,144,169,487,269,217,238,410,282,693,316,450,298,249,177,407,1060,251,869,230,435,889,159,237,164,277,337,225,254,1059,173,80,203,228,897,685,1310,497,574,896,1088,1205,366,744,532,1592,859,814,725,645,833,1211,708,682,1112,608,1635,622,1314,450,700,1082,501,2658,925,903,794,1196,1606,612,875,1163,911,299,630,858,552,820,5286,1457,1552,403,530,3531,578
"COG4624",16,4,2,4,7,0,5,37,12,7,0,1,10,5,6,13,12,4,24,2,9,1,1,5,58,2,4,2,1,3,1,4,4,1,28,8,1,27,1,2,14,3,1,37,1,0,2,77,3,3,81,14,9,24,3,71,23,9,15,3,14,6,3,3,29,50,43,5,48,3,3,10,78,1,60,59,13,8,4,7,3,0,0,2,4,1,389,5,28,4,61,34,8,43,443,25,2,1,0,9
"COG4625",555,282,388,237,294,461,717,1223,184,170,232,530,316,288,128,170,485,478,281,106,217,331,68,243,1915,216,855,138,472,294,596,463,155,116,233,297,307,405,39,520,307,237,323,568,3484,110,214,81,183,275,391,191,356,438,145,924,200,457,157,217,362,392,414,322,190,56,413,300,245,559,180,385,222,134,433,438,111,305,278,366,572,61,129,199,175,173,8872,256,345,489,105,252,351,1529,662,236,402,204,213,344
"COG4626",97,82,79,487,426,69,61,1078,21,46,62,23,307,77,27,364,99,209,6393,15,61,45,102,65,5545,13664,469,207,155,70,175,3874,78,128,25,298,10909,97,27,52,53,443,167,201,2654,65,6422,1026,124,213,30,136,107,257,66,119,2243,42,36,67,21416,204,108,69,30,24,404,43,52,6301,110,132,36,33155,115,63,95,66,214,96,267,20,263,450,52,126,2181,267,71,91,15,76,130,2538,4127,10344,56,113,237,33
"COG4627",230,189,331,249,98,332,314,402,178,199,406,281,225,206,173,203,245,292,754,222,142,341,98,352,196,699,105,107,245,370,95,232,306,78,208,161,259,309,172,318,206,146,114,247,621,229,1100,1220,149,73,256,141,328,187,176,218,1374,334,160,378,380,248,279,203,216,228,231,184,194,863,146,80,194,494,313,262,174,168,87,183,256,140,103,217,258,185,124,148,268,189,166,206,315,34,306,1023,386,100,18,241
"COG4628",8,28,13,205,293,10,6,82,6,6,3,2,7,6,21,15,0,9,226,9,51,0,98,7,19,158,166,60,20,5,143,327,18,197,5,64,401,9,15,5,12,131,29,21,335,0,18,25,47,284,16,70,1,55,58,32,161,1,16,5,194,17,3,4,14,4,463,17,22,127,21,267,24,132,2,16,229,26,244,80,31,68,143,271,2,44,32,49,45,6,15,31,5,47,17,180,3,26,630,5
"COG4630",2288,3607,3550,2316,3556,1195,2238,856,2763,4944,2597,1458,2130,3025,4114,3396,3536,1714,1365,3508,2386,1264,4098,4236,689,1243,1945,4309,1312,1315,2911,2334,1810,2204,3542,3745,2304,3263,3871,2751,2470,3138,3795,1845,1940,2922,909,1341,3752,3536,2460,1894,1219,2083,3109,1241,2121,2534,2716,1571,1527,1383,2599,3119,2714,3502,3174,3544,4095,868,4145,3027,2719,1318,3081,2690,3853,2304,3552,2568,1533,3979,3461,1920,2263,3259,519,3507,3765,2294,3422,4120,3031,2380,629,989,2406,3263,3101,3670
"COG4631",3982,5771,5086,3646,5175,1897,3650,1108,4276,6347,4073,2433,3330,4711,6401,5194,5271,2800,2054,4947,3745,2045,6767,5958,1086,1999,2969,6570,2269,1972,4330,3398,2645,3229,5254,5664,3461,5106,6367,4414,3963,5192,5673,3163,2837,4356,1459,2206,5507,5513,3854,3489,1861,3055,5022,2000,1978,4056,4322,2561,2186,2050,3744,4969,4141,5067,4592,5466,6879,1226,6644,4696,4115,1961,4838,4230,6010,3670,5321,3961,2422,6327,5474,3104,3710,5000,822,5707,3500,3943,5054,5047,4740,3264,937,1542,3825,5144,4580,6052
"COG4632",110,70,106,23,162,57,48,0,139,590,59,51,172,172,256,213,111,79,16,158,177,63,276,100,151,18,246,289,20,59,195,49,27,134,132,315,35,194,490,104,85,180,351,138,22,187,13,0,397,114,167,42,55,300,135,164,317,67,48,138,36,21,102,103,80,50,10,173,108,128,322,286,127,12,75,26,296,215,150,114,17,297,284,31,204,309,1007,164,312,206,60,662,120,0,298,14,47,255,50,200
"COG4633",16,22,26,1,551,12,2,224,8,30,2,17,7,6,47,12,3,13,241,47,44,1,242,9,119,259,276,175,28,7,202,754,16,301,9,99,1051,29,54,7,113,187,36,35,777,3,30,14,24,987,22,379,6,159,116,92,987,2,0,12,284,6,19,2,9,0,10,52,38,299,66,317,75,38,11,10,2,37,800,90,24,136,165,2,0,87,29,69,220,23,1,156,4,215,100,221,10,35,1334,6
"COG4634",1,8,3,0,5,7,12,2,0,4,2,1,14,3,1,1,40,4,24,0,0,0,5,16,15,3,1,5,0,0,6,8,7,0,3,8,7,6,0,10,4,2,2,12,3,2,2,19,6,7,9,2,4,12,7,1,16,11,0,4,4,16,9,2,1,1,0,1,3,12,7,5,0,32,13,0,19,7,6,4,0,4,6,3,3,1,18,3,30,6,2,17,1,11,15,5,6,4,1,3
"COG4635",2384,2661,370,394,34,1999,389,15,341,27,714,451,192,300,825,280,395,2473,434,616,495,418,38,513,61,522,1567,24,515,2819,460,26,224,80,297,23,189,265,31,541,330,1428,11,586,14,404,101,97,26,34,2770,192,2110,222,578,2223,5,448,611,664,161,1157,578,2168,447,868,1339,629,592,85,35,757,467,49,288,507,51,1544,8,1481,408,16,26,594,2658,1814,62,234,8,1554,821,17,2137,9,23,414,546,46,95,1794
"COG4636",8,2,2,8,36,22,1,160,3,16,1,4,23,7,11,17,2,15,25,0,0,6,9,5,17,2,16,35,0,6,13,26,2,2,0,68,12,4,6,7,2,18,31,6,110,2,1,14,20,17,19,2,5,11,36,3,34,0,1,9,25,1,7,8,1,0,1,2,2,57,44,12,0,49,11,2,67,11,44,1,3,5,5,4,9,5,20,54,24,17,0,27,1,29,82,7,3,128,17,4
"COG4637",27,31,9,104,594,22,23,112,11,10,5,5,33,24,106,10,1,39,448,0,25,6,210,9,1425,157,341,112,34,16,167,314,29,42,4,185,296,3,80,23,16,38,197,31,125,6,21,15,66,1462,49,28,12,317,197,157,160,8,4,35,304,36,35,13,0,3,11,56,23,155,93,157,50,463,12,9,80,51,97,80,14,117,127,86,1,68,1262,103,84,57,7,80,1,214,238,307,16,75,803,8
"COG4638",12372,12425,12449,19262,14099,8323,14082,12616,18553,9286,11634,11179,23770,17417,15276,17667,14177,9546,3233,16592,17590,10818,18834,13664,6301,4268,10045,22078,8918,8792,14235,6071,17736,8100,19064,18881,3805,17203,19541,12593,15107,12301,22079,10820,2957,16333,4503,7222,24960,13496,10629,13098,9417,15083,14610,10341,1715,12089,18917,9720,4320,12619,11290,10223,16729,20707,15065,17156,20037,5974,20666,14402,17324,5177,13509,12810,21952,12082,12590,13937,11258,19282,17512,18472,14273,15127,5129,16786,8172,17353,20743,10196,12235,5612,7927,3762,10461,17477,3215,14822
"COG4639",148,20,95,1,6,19,56,200,4,6,7,27,3,20,4,2,73,82,21,5,14,1,98,55,39,200,42,15,3,38,69,13,17,2,13,7,123,8,2,39,5,73,3,34,27,4,19,9,4,2,165,59,105,80,5,699,287,153,25,84,448,47,238,73,49,3,0,20,14,182,17,55,45,230,273,99,6,82,2,23,24,44,73,1,4,16,1032,24,33,49,5,36,40,4,53,460,135,19,41,27
"COG4641",60,21,43,71,88,67,58,199,48,165,86,46,104,78,65,40,28,44,939,79,51,74,109,51,716,3461,148,107,34,59,256,354,61,53,40,102,877,98,87,38,70,130,87,52,409,60,1144,197,107,64,120,530,196,433,353,395,2877,106,124,176,3916,117,156,91,169,119,127,175,110,460,322,201,188,9180,200,241,297,216,307,112,115,314,287,250,96,339,677,370,599,443,118,272,121,292,853,2586,115,278,1059,154
"COG4642",2110,2037,2063,5598,7376,1382,3223,351,4492,12130,1820,2211,3352,3032,9897,6275,5379,2132,711,2251,2573,2486,10892,3740,365,826,2104,12972,1697,2021,3187,1564,3733,5376,3156,14446,479,2762,16089,2608,2500,2710,14330,2671,1248,2557,761,404,12117,4961,2291,1826,1588,2955,7637,2107,5117,2766,3056,2138,796,3625,3077,1912,2700,2570,7612,2367,4510,399,15466,6782,2992,1466,3340,2238,21401,3370,8350,2325,2348,8489,10666,5024,1618,3051,181,4208,9488,2603,2545,10586,2210,2070,542,941,2064,7912,543,3133
"COG4643",178,180,458,464,1498,101,447,3012,128,503,179,242,359,311,349,216,483,232,7420,57,99,260,512,533,8069,9213,1390,332,304,128,458,3283,458,355,52,880,4067,166,354,332,433,384,503,638,1825,123,8174,6596,367,969,98,768,168,449,421,267,987,278,209,239,5151,261,395,119,108,64,186,110,87,13882,458,1834,160,18519,491,226,926,254,786,236,280,338,570,446,80,342,7610,390,458,189,76,765,122,696,11395,14305,481,297,2388,109
"COG4644",453,1571,678,123,21333,354,95,23249,212,775,206,218,256,381,1548,558,151,758,6226,685,989,73,5535,213,3940,5534,10289,3171,1131,258,4965,17482,445,5493,174,3958,18298,974,1221,488,4733,2694,2229,1424,21630,87,1924,1786,1051,35037,307,9527,163,4162,3911,3245,8263,147,58,918,5731,202,547,143,180,29,399,2178,1563,7134,2202,18326,2565,4114,310,225,231,937,23397,2929,243,4361,3177,184,46,2732,2565,3437,1880,451,86,4441,156,4825,5665,4488,472,1040,40513,198
"COG4645",5,10,7,6,124,11,5,569,26,4,0,4,5,14,13,17,7,8,32,2,7,2,38,3,365,14,38,41,25,7,32,280,10,32,3,60,161,7,14,3,21,11,71,25,237,1,3,870,25,486,15,128,4,36,31,62,117,2,3,7,51,6,13,4,0,0,2,10,17,231,80,33,2,23,4,4,6,20,70,21,6,31,69,3,0,10,420,28,13,11,4,19,1,1392,606,73,8,40,191,4
"COG4646",112,120,146,244,2926,49,9,779,66,15,38,43,71,175,108,110,22,139,883,67,78,5,248,49,2223,2071,504,264,130,34,237,1859,132,224,9,728,4201,91,98,41,109,286,419,362,2496,31,970,900,48,4226,321,3536,34,1324,130,879,1395,35,9,220,1341,97,63,24,12,15,20,168,98,2316,668,2134,180,1587,35,107,22,198,1502,439,13,167,359,211,38,152,2349,288,282,55,18,121,41,394,1667,3436,102,290,2454,31
"COG4647",12,3,1,11,4,2,3,56,5,118,1,6,36,7,22,5,2,8,2,1,3,2,9,5,15,7,6,4,2,3,5,60,20,2,4,4,2,2,10,7,2,13,1,8,6,6,3,23,8,5,4,24,2,14,1,9,74,1,5,1,2,6,8,1,2,4,0,4,8,2,8,4,2,2,5,0,4,5,4,2,1,7,3,7,1,12,7,25,196,22,2,71,0,18,23,3,4,0,0,4
"COG4648",0,1,0,3,195,1,1,145,3,15,0,0,3,1,29,2,2,2,49,10,18,1,67,1,140,34,34,75,0,0,36,116,0,499,2,120,104,4,48,0,1,69,128,2,79,2,27,202,80,33,0,2,1,4,72,1,25,0,0,2,82,0,17,3,1,0,4,4,1,33,79,42,8,13,1,2,104,3,73,29,8,42,74,1,0,4,84,10,37,3,0,44,1,100,94,41,7,42,43,0
"COG4649",202,128,206,161,69,260,242,380,240,114,240,206,354,310,78,148,250,139,11,161,204,213,38,182,259,20,116,74,312,187,174,40,247,46,254,102,7,288,43,232,192,161,59,222,214,233,53,495,81,62,52,29,91,110,5,75,4,73,74,70,3,82,60,59,71,83,6,81,56,39,29,19,55,4,61,85,17,56,11,67,114,13,20,45,50,41,91,36,35,78,81,28,40,20,71,11,70,18,2,52
"COG4650",5,3,34,0,139,12,1,243,8,6,1,3,1,23,10,12,0,9,265,1,5,0,22,1,264,109,58,60,2,0,145,240,0,29,0,69,114,4,32,0,1,36,66,19,181,2,71,534,77,51,3,4,2,14,37,8,111,1,8,15,157,6,6,3,1,0,0,8,9,155,63,36,1,362,1,24,108,7,69,26,1,23,93,1,0,10,351,33,102,24,4,32,0,19,27,283,11,49,77,0
"COG4651",164,281,256,403,1829,548,439,1244,191,92,229,685,375,341,173,137,314,299,990,167,292,633,832,295,663,661,1093,534,692,608,703,2274,549,928,132,813,2130,199,145,303,472,615,462,787,3705,120,205,1199,314,2277,148,1093,541,659,378,495,1102,206,126,252,1156,327,314,307,193,89,62,240,156,955,252,1386,307,465,251,692,408,299,2944,465,781,339,692,425,48,279,617,380,284,192,102,402,220,906,492,868,330,141,3506,130
"COG4653",93,89,126,361,363,78,192,2129,70,37,62,61,337,96,46,247,86,42,8006,46,65,174,109,78,6564,10925,521,223,113,48,280,4243,177,79,13,293,7753,110,52,77,79,379,126,461,2218,77,5886,2058,88,248,54,262,44,305,183,116,1893,91,36,177,16744,123,121,68,41,22,130,37,43,19139,194,757,101,40515,333,51,74,103,167,97,107,55,231,335,64,187,3277,421,108,104,15,83,199,3214,6175,10331,141,141,1107,32
"COG4654",70,44,81,182,231,18,60,72,61,13,22,9,115,92,29,73,40,21,253,9,41,50,36,164,63,116,149,72,28,17,94,285,104,153,32,117,197,68,23,80,43,29,110,41,200,15,58,68,80,31,46,94,15,104,71,80,80,58,30,43,268,80,120,22,31,28,16,32,11,93,19,48,35,351,121,39,74,61,55,66,70,15,72,186,13,22,161,116,0,138,14,31,66,176,105,106,22,268,31,39
"COG4655",6,12,0,0,117,0,3,410,5,3,1,6,0,5,29,7,0,26,12,14,15,0,36,0,282,13,17,20,42,3,11,623,1,84,0,47,41,8,5,16,5,11,36,5,23,1,11,12,34,88,11,8,2,24,7,48,10,0,0,7,39,3,18,22,2,0,0,0,8,52,1,41,0,2,1,4,1,3,8,19,3,3,75,5,0,3,206,7,0,10,0,10,2,138,159,11,10,14,9,2
"COG4656",157,217,147,259,2367,60,84,1369,68,1244,27,79,78,114,971,149,54,83,1513,173,176,79,1942,219,1277,954,1281,1195,175,46,841,3199,120,1550,24,1044,2979,168,1007,131,414,778,1008,177,4649,38,127,498,986,3383,61,982,43,625,1265,557,1266,53,47,102,1355,70,210,75,67,27,864,197,222,996,564,1529,238,1124,126,51,1265,101,3380,415,340,1513,1229,261,43,325,473,376,610,143,42,1017,77,3273,743,1414,98,183,4107,24
"COG4657",77,81,74,201,758,50,63,469,51,605,35,76,87,70,453,84,32,49,468,60,64,76,782,101,436,350,447,419,120,47,317,1085,88,458,27,309,859,55,409,69,101,223,452,140,1308,19,44,170,323,945,36,419,45,178,459,199,440,33,19,28,457,132,85,31,24,20,339,67,87,282,211,660,69,361,77,74,534,43,1007,145,205,700,405,157,18,111,146,154,202,70,19,398,85,920,266,432,54,69,1440,35
"COG4658",101,151,120,362,1162,129,137,778,80,1439,61,123,137,94,825,96,64,93,791,103,96,148,1299,197,708,505,712,623,237,130,497,1653,168,724,43,505,1661,93,682,105,206,361,641,270,2160,31,74,293,457,1603,72,593,111,325,648,361,759,64,45,80,733,225,175,64,55,44,562,123,168,525,298,1022,129,480,118,184,701,103,1701,235,373,1101,675,312,29,196,248,295,640,123,37,912,99,1546,364,679,99,88,2315,63
"COG4659",65,80,72,218,800,86,89,460,65,490,31,75,65,59,476,59,27,56,507,51,61,73,790,106,433,352,465,474,123,75,309,1167,101,393,26,332,1186,49,449,79,131,263,423,161,1486,12,45,184,400,1202,34,459,82,185,388,186,444,36,47,39,487,136,104,29,18,17,330,78,97,341,247,597,79,313,55,112,467,63,996,140,204,766,464,221,17,95,125,120,246,62,30,421,46,890,198,445,64,72,1474,24
"COG4660",63,103,78,274,864,89,67,507,65,718,50,105,87,65,571,67,32,59,546,82,76,87,948,132,500,340,430,507,154,100,322,1169,98,535,23,399,1003,66,504,77,135,285,414,189,1381,26,54,190,377,1078,28,429,73,185,506,234,451,30,24,56,524,159,82,33,26,18,404,96,91,381,249,640,98,365,77,139,472,80,1145,154,284,832,474,254,16,120,157,128,230,69,23,463,67,1094,273,432,69,73,1564,40
"COG4662",677,919,852,776,439,1055,703,308,709,892,639,807,785,753,750,591,952,614,155,492,564,801,648,963,301,141,343,822,1124,894,584,272,622,239,601,770,150,585,856,672,580,608,673,737,83,596,169,700,736,488,692,654,1042,638,388,449,144,608,603,500,79,817,677,1042,593,567,768,493,523,65,733,446,501,72,899,865,729,590,446,917,1126,513,573,635,564,610,90,723,685,776,564,799,905,1035,341,95,879,639,86,586
"COG4663",10400,12254,12023,10479,4717,12782,9926,6484,10322,11924,15247,10714,7824,10107,10190,7304,12607,10228,3946,11035,7612,11360,9577,15170,5811,3959,3556,7355,11347,10613,5911,4218,9170,3945,11622,6896,3271,9580,9720,11277,10243,8125,6833,10615,2664,11645,3538,9275,6469,5132,9740,12356,12767,6274,7696,4633,3953,11181,9992,13075,2669,11235,11131,11359,11377,11974,11206,10935,10507,1453,7170,5037,7911,4427,10075,11259,5808,8518,4707,9120,12858,7807,6182,7660,12003,9031,3842,8091,6907,9571,12293,8321,12525,15038,6301,2931,11256,7102,1521,10494
"COG4664",13485,16307,15131,13914,6626,16602,12135,8034,13422,16357,19740,13079,9543,13123,14188,9452,15775,12492,3920,15010,10031,13916,13099,18989,6863,4538,4619,9953,13946,13959,7401,4036,11470,4936,14872,9410,3637,12362,13134,14223,13432,10860,9131,13117,3492,15023,4360,13770,8722,6457,12535,13225,16354,7709,9504,5787,5154,14354,12844,17184,3211,13519,13316,14280,14825,15390,13825,14105,12869,1549,9865,6688,10653,4899,13331,14788,8131,11048,6297,11817,15575,10895,8250,9761,14930,11726,4242,9972,9511,11728,15508,11762,16163,18562,7194,2734,14541,9043,1576,13573
"COG4665",4594,5651,5347,4121,2286,5940,3875,2466,4661,6331,7142,4608,3177,4242,5336,2986,5187,4336,1726,5661,3279,5106,5189,6352,2127,1811,1540,3713,4943,4830,2492,1496,3793,1563,4806,3256,1363,4128,5283,4885,4485,4121,3332,4694,1314,5336,1505,4526,3121,2282,4296,3830,5572,2562,3682,1873,2037,4902,4144,5444,1232,4602,4694,4872,4953,5389,4421,4494,4308,542,3548,2398,3585,1650,4240,5397,2377,3666,2118,3720,5889,4265,3139,2938,5766,4076,1295,3282,3609,3999,5372,4438,5402,4627,2230,1152,4966,3307,607,4564
"COG4666",4730,6347,6895,7363,5277,3971,5530,6754,6645,7294,6491,4523,6275,6684,6671,5756,7432,4724,3444,6536,4965,5714,7146,8957,6258,2739,3644,6592,4365,4377,5242,6151,6155,3031,6596,6602,3372,6121,6902,6290,5405,6910,5661,6001,2485,5718,2092,16185,6719,5187,4408,5062,4191,5280,4985,2840,2666,6135,5756,4835,3101,5706,5975,5272,5843,6881,6695,7109,7481,1377,6481,4029,4978,5747,6330,6363,5018,5990,4233,5413,7130,5959,5859,5339,4711,5803,3690,6986,5042,5371,7056,5811,6720,18762,5878,2607,5687,6036,1376,7526
"COG4667",305,439,245,171,1347,271,262,39,301,153,496,309,124,218,253,175,195,340,578,329,238,295,601,202,101,649,640,411,174,232,589,1463,220,726,197,303,2432,217,157,335,573,624,168,339,2867,288,150,11,142,2447,348,1036,320,412,331,313,965,324,243,489,756,375,256,272,215,312,285,330,313,630,181,700,343,89,209,379,92,261,2491,461,174,353,543,222,241,427,29,188,394,235,399,427,169,93,38,741,326,102,2927,249
"COG4668",217,264,333,147,182,112,128,92,186,18,361,110,118,148,93,149,320,199,585,187,53,137,142,244,349,328,136,24,103,116,215,1028,115,103,202,284,489,471,17,263,243,372,97,99,201,318,218,323,42,374,215,261,107,97,166,55,45,213,160,244,334,99,494,262,209,163,5,252,375,188,125,83,48,591,331,177,24,165,144,110,41,10,178,153,509,143,542,72,7,157,155,73,157,742,159,478,278,86,185,224
"COG4669",15,2,0,0,7,3,0,0,0,3,1,19,5,2,2,1,0,20,61,0,1,0,3,0,1,2,17,5,0,2,83,74,0,1,1,13,3,6,0,11,1,13,17,0,51,2,7,0,20,2,17,0,2,11,7,9,18,4,0,3,11,2,1,3,0,0,0,4,1,13,9,9,0,16,1,0,1,4,4,1,0,0,6,1,1,5,6,4,2,26,1,4,2,0,3,2,2,29,15,1
"COG4670",91,121,122,81,175,170,254,2,156,542,69,253,204,98,252,230,386,153,279,59,64,228,286,248,190,120,37,406,252,160,167,229,213,188,80,392,76,44,346,227,105,113,383,217,59,64,30,4,396,215,118,124,174,110,231,61,317,265,85,89,129,167,224,158,78,56,135,96,118,66,410,158,54,396,294,131,581,103,213,86,316,192,283,92,138,68,187,248,534,111,55,647,123,9,62,328,225,288,108,56
"COG4671",205,35,82,324,227,92,167,920,121,134,50,68,601,245,85,73,108,50,194,35,188,169,93,53,409,449,218,133,132,80,260,174,442,118,106,185,121,171,82,164,71,209,69,141,71,57,715,2867,134,138,93,100,73,338,15,229,81,101,97,69,531,137,85,61,79,73,145,151,58,1055,139,64,206,865,169,106,95,105,131,197,127,55,79,221,29,142,410,285,264,483,91,103,56,2355,569,584,154,55,39,77
"COG4672",440,224,978,723,35,50,524,2104,99,196,338,140,397,158,184,374,102,306,42939,69,63,328,53,476,9310,36012,192,47,125,160,103,7532,1596,17,83,23,17868,1265,71,457,382,209,34,962,1060,192,52618,1895,37,48,195,702,34,260,104,320,1671,403,146,465,18579,653,655,275,218,100,8,297,96,54722,18,79,150,13418,2251,306,29,186,12,127,231,94,21,515,129,182,6749,148,35,183,74,49,381,68,17726,59985,800,21,86,123
"COG4674",692,357,1063,382,960,1760,2059,732,610,729,614,1681,546,947,758,640,679,1429,740,531,1540,1390,1089,505,1091,800,1276,785,1438,1799,857,1107,1628,538,410,1098,482,271,753,1074,988,565,804,1584,1087,225,221,750,919,890,463,843,1710,1340,283,1370,359,1054,885,770,515,1262,921,747,1086,371,250,508,428,605,709,539,1661,692,1086,1670,673,1284,1816,878,1628,1005,744,359,68,214,1396,506,733,397,445,828,227,2866,1384,608,1200,554,370,750
"COG4675",251,313,711,453,42,42,395,1416,153,367,81,307,286,75,99,100,271,350,4694,26,36,318,27,527,928,2766,90,55,500,134,78,945,1035,80,52,65,1579,504,132,674,191,67,29,198,565,45,6124,2484,28,72,131,898,147,75,52,196,458,622,88,111,3412,818,787,517,145,87,14,72,35,3220,44,76,56,26031,843,116,27,147,711,81,704,25,53,331,103,37,879,108,36,148,71,42,746,299,1493,3907,620,54,110,73
"COG4676",390,4,23,11,42,2,6,0,13,112,0,2,53,8,31,14,16,44,4,3,11,1,20,17,3,32,15,34,73,0,19,3,12,3,8,54,1,15,29,5,8,11,40,0,13,0,5,0,53,15,78,16,0,9,2,275,30,4,9,0,28,2,43,6,10,8,23,10,12,4,28,63,13,1,28,6,36,0,29,18,2,42,36,7,240,0,1,26,240,88,8,185,12,0,0,297,0,11,12,10
"COG4677",18,37,178,12,2397,11,3,57,28,160,3,11,24,24,167,33,6,33,1146,514,133,3,1058,37,65,1394,2036,1007,78,54,894,4341,37,1382,5,504,6516,119,291,23,1413,824,169,142,2720,7,113,21,70,5487,0,229,3,306,255,65,480,2,1,11,393,8,29,0,8,0,10,131,80,571,155,261,138,60,9,1,8,59,1936,98,8,241,266,13,0,194,145,126,147,33,14,372,2,41,16,277,6,51,2265,13
"COG4678",483,71,660,248,27,0,105,473,386,210,98,13,77,104,72,84,616,3,1253,1,259,73,32,507,137,781,95,14,144,1,9,116,97,6,140,33,514,97,1,77,87,77,17,28,74,80,5577,770,13,6,62,217,3,22,3,550,48,119,272,15,441,101,478,178,105,25,1,93,55,48,4,17,434,44,1270,154,0,2,13,121,341,10,28,167,4,25,41,1,5,41,48,5,105,55,67,469,8,19,25,19
"COG4679",12,4,5,0,109,7,2,115,3,6,2,7,6,6,29,5,2,3,64,7,8,0,77,1,29,85,43,19,8,4,43,340,6,128,2,68,129,10,13,3,2,19,69,10,237,1,32,312,22,255,14,27,4,55,30,51,99,2,1,12,112,1,12,4,0,0,8,8,8,126,48,54,9,20,4,5,7,7,83,17,5,26,82,1,4,14,71,10,42,3,0,21,1,85,28,114,3,20,136,3
"COG4680",8,5,8,11,147,5,1,44,7,47,3,7,6,6,20,9,0,11,74,3,5,5,73,3,155,63,30,24,33,7,56,87,3,40,0,44,100,7,11,7,16,37,38,17,101,0,25,144,36,142,20,176,2,59,24,48,164,0,2,10,62,0,14,9,1,0,14,6,5,122,21,24,9,20,1,3,62,12,72,26,49,17,54,8,1,7,143,18,209,5,1,25,1,256,144,51,4,7,306,1
"COG4681",26,49,27,307,776,12,11,386,22,43,7,7,22,39,63,31,2,23,577,56,50,18,292,13,294,414,563,270,57,22,336,1435,62,434,6,367,1416,40,71,21,180,279,137,84,1489,9,85,595,228,985,9,373,18,198,176,203,439,0,5,21,551,69,33,12,12,8,518,67,46,299,149,939,70,326,11,12,206,33,1343,168,51,144,339,303,6,155,144,168,83,47,16,205,9,1332,221,464,15,81,1860,9
"COG4682",7,20,21,5,303,3,0,1,3,5,3,0,3,3,16,8,3,5,63,5,8,1,98,8,5,91,204,77,11,1,98,356,3,30,0,28,535,15,24,7,5,49,14,24,335,3,117,2,3,489,2,278,4,62,59,38,208,0,3,5,100,5,5,0,8,3,3,21,21,113,39,447,24,21,30,2,4,26,69,50,3,86,52,9,0,54,0,89,59,8,2,30,1,0,4,67,1,28,1000,4
"COG4683",0,1,1,0,39,1,2,66,0,1,3,1,3,2,2,3,3,0,78,0,1,0,6,0,39,31,25,2,8,0,114,79,6,4,0,21,43,3,4,5,12,12,8,2,81,0,4,77,11,26,9,1,1,8,12,13,24,1,0,3,55,1,1,1,0,0,0,3,3,47,19,7,1,129,0,1,1,3,5,2,8,0,18,0,0,3,54,2,22,18,1,17,0,14,28,98,1,19,25,0
"COG4688",6,5,32,11,953,9,2,190,4,41,12,4,3,27,26,4,5,27,634,58,71,2,103,8,116,496,690,275,16,35,319,1286,22,391,1,343,1919,34,57,2,723,208,42,75,636,12,40,544,72,1305,5,586,5,351,247,123,474,2,3,57,510,8,27,7,8,1,7,88,39,270,79,329,155,823,3,6,4,18,1675,153,23,138,120,11,1,180,33,109,122,21,6,574,2,136,42,905,27,37,1956,0
"COG4689",16,5,28,38,11,0,54,3,68,33,11,32,90,62,18,14,46,9,4,52,30,4,10,26,3,3,8,46,3,2,85,10,98,11,53,45,2,9,26,55,47,32,20,21,120,110,10,1,68,22,8,54,1,69,11,11,11,19,49,10,14,33,43,11,71,47,1,25,17,1,41,28,36,6,26,18,45,28,19,12,50,5,22,21,1,39,13,105,30,59,32,37,32,1,8,5,30,105,17,32
"COG4690",45,24,33,89,82,10,45,33,70,388,15,23,326,89,71,36,54,42,57,24,34,19,58,67,138,31,84,165,34,20,317,88,31,48,53,165,16,20,92,31,49,130,113,134,21,60,9,12,194,77,53,69,15,92,70,133,139,32,20,4,73,11,25,19,44,17,68,31,11,15,153,76,93,52,51,82,366,62,61,21,30,49,64,113,20,104,123,331,217,123,17,532,6,2,15,228,5,318,62,33
"COG4691",3,3,0,1,12,3,3,39,2,6,3,0,1,5,3,6,0,1,84,2,1,2,14,0,15,29,80,8,10,1,13,90,4,17,0,11,46,0,2,4,1,12,4,7,21,1,18,6,9,18,3,0,2,6,12,26,6,3,0,3,54,0,3,0,1,0,3,4,0,24,2,10,3,85,0,3,1,0,9,2,11,3,11,1,0,9,15,3,6,0,0,6,0,22,16,74,7,2,17,0
"COG4692",370,137,293,633,368,18,262,470,540,824,43,33,766,886,494,558,294,103,24,163,862,256,481,285,409,297,309,463,260,34,334,343,110,361,858,530,43,152,629,342,658,253,577,68,119,161,130,102,779,436,162,368,12,658,165,517,180,249,650,26,113,303,278,212,752,379,121,253,413,30,578,375,1853,33,701,176,823,406,289,199,133,464,639,143,14,159,218,352,220,299,555,794,210,1327,505,67,11,585,65,297
"COG4693",2,5,6,0,0,0,0,0,0,0,0,0,2,0,0,0,1,0,0,0,0,0,0,0,0,1,0,0,0,1,13,0,0,0,0,2,0,0,0,0,0,0,2,0,0,0,0,0,0,0,2,0,2,0,0,13,1,0,0,0,5,2,0,0,0,0,0,0,0,0,0,0,0,1,0,2,0,0,0,0,0,0,0,0,1,0,0,2,0,0,0,0,0,0,0,1,0,0,11,0
"COG4694",67,2,6,4,315,5,2,478,13,13,13,8,9,28,22,10,1,22,131,20,19,0,156,5,449,40,183,40,9,4,37,869,2,214,2,235,287,29,32,0,45,43,90,38,432,9,31,238,63,115,22,5,5,117,72,358,110,1,6,48,116,3,15,2,5,1,234,3,21,369,38,118,4,253,11,4,13,23,36,67,6,71,244,19,0,23,440,16,44,8,2,67,0,265,1078,54,14,90,177,5
"COG4695",349,468,953,2158,692,99,727,6105,326,552,434,138,944,349,391,1166,390,168,26906,163,198,826,245,481,11719,36474,788,298,303,111,429,11971,2353,208,150,537,21109,1454,187,614,429,663,235,1278,6007,428,33633,6029,273,361,165,1106,42,604,435,279,8411,532,183,553,42243,526,533,353,258,164,519,376,306,44689,231,961,343,96594,2037,411,344,282,259,338,626,269,365,1971,309,353,6639,804,236,232,137,162,921,4273,14091,43415,474,262,1261,501
"COG4696",9,18,42,133,2,2,31,1149,7,40,31,12,43,137,18,63,20,14,152,3,3,14,7,38,193,2186,72,2,11,4,34,624,186,1,21,3,2587,116,8,11,2,50,1,27,592,83,461,811,4,2,4,40,5,10,4,1,393,13,13,21,4274,18,58,19,3,7,19,26,22,465,3,7,4,3096,50,47,22,25,0,2,35,5,8,105,9,66,124,23,25,10,4,4,24,21,434,217,28,4,35,28
"COG4700",3,0,6,56,83,0,1,167,8,193,0,0,19,8,76,6,3,2,121,1,4,3,85,9,0,52,7,135,1,0,274,99,7,20,1,97,30,0,114,9,1,3,137,2,19,1,0,0,145,65,0,1,0,2,36,1,0,1,6,0,20,0,4,2,2,1,2,3,0,8,30,21,2,55,2,0,38,1,14,1,2,38,34,13,0,3,0,14,74,26,7,37,0,0,3,42,0,11,7,0
"COG4701",0,0,1,0,90,0,1,0,0,0,0,0,0,0,0,0,0,0,9,1,13,2,9,1,5,30,1,2,0,0,20,0,4,133,0,2,13,0,1,0,0,54,2,0,9,0,0,4,20,1,0,1,0,0,2,1,71,0,1,0,114,0,2,0,0,0,22,1,1,0,0,1,0,1,0,0,36,0,53,36,12,0,88,0,0,1,0,0,14,1,1,3,0,3,0,19,0,0,33,0
"COG4702",9,0,0,2,11,0,0,82,0,0,0,0,2,2,0,1,0,1,15,1,3,0,1,0,91,4,1,8,0,0,4,12,0,18,0,19,2,0,0,0,8,3,8,5,6,0,1,138,1,4,4,1,1,4,2,0,2,0,0,1,5,0,2,1,0,0,0,1,0,8,1,3,1,2,0,0,0,1,3,6,0,0,7,6,0,0,142,0,0,2,0,0,0,38,43,10,4,0,2,2
"COG4704",378,423,448,565,278,454,405,501,374,337,233,282,366,374,245,373,533,249,60,386,348,349,186,565,691,44,263,251,471,366,241,210,278,499,340,256,42,433,197,242,372,347,162,218,259,328,211,525,166,173,336,195,352,307,173,335,103,210,440,202,106,352,166,363,355,544,845,348,336,273,200,227,330,79,370,253,314,324,397,353,359,174,241,971,276,413,773,263,234,337,516,325,386,248,566,119,218,196,77,310
"COG4705",1,1,3,1,126,4,0,76,8,8,4,4,0,40,6,6,5,23,10,3,2,0,21,0,146,19,27,27,3,0,61,50,0,13,0,22,29,3,24,1,5,13,67,8,175,1,154,97,13,23,32,53,0,22,1,3,39,0,2,10,23,2,2,2,0,0,3,1,4,158,37,18,0,21,1,8,9,14,57,25,5,29,48,0,1,5,388,21,3,10,0,15,0,1564,214,11,3,42,26,4
"COG4706",0,1,0,2,157,2,0,134,3,18,0,0,0,1,37,1,0,1,38,7,6,1,48,1,93,32,17,51,0,1,32,86,1,374,0,100,91,1,45,3,2,60,105,10,56,0,19,133,57,24,1,1,1,2,52,2,31,1,0,1,73,1,7,4,0,1,8,3,2,44,68,35,9,17,0,1,144,2,66,31,2,48,59,3,0,6,64,2,19,4,1,41,0,96,101,41,9,9,30,0
"COG4710",0,0,0,1,1,0,0,0,0,3,0,0,0,0,1,0,0,0,3,0,0,0,0,0,1,2,0,0,0,0,0,29,1,0,0,0,7,1,0,0,2,0,0,0,23,0,2,0,0,0,0,0,0,0,0,0,2,0,0,0,0,4,0,0,0,0,0,0,0,5,0,0,0,0,0,0,0,0,1,1,0,0,0,1,0,0,0,0,0,0,0,4,0,3,0,0,0,12,0,0
"COG4711",0,1,0,0,0,1,0,1,0,34,0,0,0,0,1,1,0,0,0,0,0,0,0,2,1,0,0,1,0,0,0,0,0,3,0,0,0,0,1,0,0,0,0,0,10,0,0,1,0,0,0,0,0,3,0,0,39,0,0,0,0,0,0,0,0,0,0,0,0,5,2,1,0,0,0,0,0,0,1,0,0,0,1,0,0,0,0,0,111,0,0,44,0,2,3,0,0,0,1,0
"COG4712",18,7,19,26,19,6,19,272,5,30,13,2,21,8,9,8,8,3,1551,17,8,25,11,24,776,4342,31,19,3,7,48,3347,94,16,13,24,2356,16,7,12,7,60,5,42,1417,14,705,232,27,9,4,13,1,35,19,14,1652,7,11,42,8232,15,12,8,8,16,69,5,0,1322,8,14,38,18025,18,5,18,2,29,8,25,9,4,15,3,24,380,72,45,25,13,9,21,176,2663,3093,12,16,18,3
"COG4713",3,0,3,1,163,0,6,1,3,2,1,1,2,5,29,3,8,0,9,3,0,9,48,1,35,1,3,77,6,1,6,7,1,105,4,118,2,8,59,2,4,0,270,11,2,2,4,4,83,41,0,2,0,12,51,0,0,3,1,8,2,0,2,0,1,0,0,1,0,27,20,49,0,1,0,1,118,0,16,0,4,21,34,0,0,1,63,3,1,3,0,0,2,3,48,0,1,4,0,0
"COG4714",66,35,22,17,25,117,7,14,34,147,47,38,6,24,64,37,14,44,192,39,12,33,73,28,69,80,19,29,24,75,15,171,22,20,21,27,50,29,59,25,29,36,53,32,41,28,11,8,21,18,40,23,108,17,45,61,36,16,46,28,116,40,34,36,21,59,58,23,64,71,28,22,25,280,23,30,45,20,46,38,35,60,31,9,42,37,105,38,48,33,55,103,37,5,43,361,29,19,12,31
"COG4715",0,1,0,0,42,1,0,1,0,22,0,0,1,2,3,5,0,34,0,1,0,0,6,0,5,15,160,24,2,0,13,13,0,2,3,23,20,0,16,0,1,19,7,3,12,0,0,0,7,16,53,2,0,2,10,7,17,0,0,0,97,0,0,0,0,0,4,0,10,6,18,125,0,3,0,2,29,0,12,2,0,3,17,0,1,7,2,67,6,0,1,51,1,9,8,18,0,10,98,3
"COG4716",2,6,0,0,30,0,2,6,19,5,8,0,17,8,6,31,3,5,21,1,1,2,10,0,21,13,18,59,39,2,13,90,2,29,1,54,12,18,9,24,13,4,85,8,98,5,12,7,18,56,0,4,1,32,16,8,33,0,0,49,123,2,8,3,0,0,1,2,11,82,25,15,0,18,3,0,9,4,17,9,3,23,43,5,0,5,71,7,3,40,0,48,1,28,17,46,4,10,9,5
"COG4717",122,8,11,67,452,16,10,1730,40,357,4,4,328,110,125,21,22,12,28,2,53,50,182,15,219,61,122,290,28,6,372,162,49,61,41,350,52,34,205,30,69,146,286,18,27,8,25,385,355,209,32,170,11,180,99,124,173,30,39,6,94,38,46,17,54,26,9,25,32,80,246,156,26,39,226,28,590,49,243,113,26,208,199,88,3,9,139,322,421,335,24,397,8,3686,303,47,4,143,64,21
"COG4718",65,43,170,59,2,0,39,256,12,19,41,12,62,15,35,113,21,36,6815,7,14,75,12,76,934,8054,54,21,3,14,16,1421,460,6,12,1,5144,141,20,34,44,89,2,105,147,16,12847,280,4,5,19,135,1,28,9,19,247,54,11,70,5128,77,71,46,25,6,0,54,33,4203,2,9,27,3336,389,41,4,28,6,22,43,23,0,47,21,47,543,16,7,41,10,5,53,2,1334,9347,93,1,9,35
"COG4719",1,0,0,0,19,0,0,32,3,0,0,0,0,0,0,2,0,0,1,1,1,0,0,0,23,5,2,0,2,0,2,45,0,5,0,1,17,0,1,0,1,1,4,1,139,0,0,26,2,17,2,2,1,13,6,0,41,0,0,0,9,0,0,0,0,0,0,2,0,1,2,4,4,12,1,0,3,9,232,14,0,0,24,0,0,3,26,6,0,6,0,3,0,853,90,3,0,7,4,0
"COG4720",0,0,0,0,1,0,0,0,0,1,0,0,2,1,1,0,0,1,0,0,0,0,1,0,0,0,0,2,1,0,41,0,0,0,0,0,1,0,1,0,0,0,1,0,1,0,0,0,0,0,0,2,0,0,0,0,0,0,0,0,3,0,0,0,0,0,0,0,0,0,1,2,0,1,0,0,4,0,0,0,0,1,0,0,0,0,0,15,0,1,0,6,0,0,0,0,0,20,41,0
"COG4721",1,0,0,0,5,9,0,4,4,1,1,2,0,1,1,6,0,3,3,0,0,2,0,0,106,1,11,7,0,5,10,23,1,3,1,61,0,0,2,0,5,15,33,61,3,0,2,1,0,3,7,0,4,25,8,5,2,0,0,24,8,0,2,0,0,0,0,0,0,191,54,34,0,12,0,3,3,6,4,0,0,0,51,1,0,2,722,6,0,1,1,13,1,2,212,4,13,21,3,1
"COG4723",273,124,521,163,6,2,255,710,24,58,130,90,156,72,52,136,35,148,19790,32,35,91,14,195,4817,18786,86,9,37,92,16,3585,401,2,33,2,8883,626,11,323,200,82,8,542,342,58,23962,531,3,21,36,83,3,27,9,68,178,67,21,118,3227,99,67,41,29,13,0,31,7,10243,4,19,26,1826,322,47,3,26,0,11,21,4,1,48,17,22,1245,10,4,38,6,3,66,3,3441,9905,153,1,17,16
"COG4724",0,0,0,1,55,1,0,4,3,1,0,2,0,0,11,0,0,36,3,1,2,0,24,0,16,0,18,2,9,2,6,29,0,44,0,15,3,1,20,4,6,8,1,1,151,0,0,3,5,1,57,34,0,2,2,10,13,0,1,2,23,0,3,0,1,0,9,14,1,0,23,4,5,14,0,0,21,47,13,10,0,14,27,1,0,0,44,6,12,2,1,2,0,89,45,9,0,21,1,0
"COG4725",288,476,867,388,107,75,314,1985,231,159,395,183,301,272,229,329,236,322,11194,186,156,575,99,617,3965,10910,192,108,185,115,301,4680,557,61,263,170,4390,1019,80,430,383,252,109,540,3725,269,7326,4161,102,160,219,488,81,233,216,144,6761,421,238,421,12297,430,364,320,337,254,220,264,215,10166,70,153,472,10188,1034,347,64,267,47,160,344,102,99,233,316,212,3598,183,158,176,238,80,769,317,6166,15591,435,112,103,210
"COG4726",0,0,0,0,5,0,0,0,0,0,4,0,0,1,0,0,0,0,86,0,0,0,0,0,0,31,17,0,0,0,0,69,0,1,0,19,21,3,0,0,0,0,0,0,128,0,1,0,5,0,0,0,0,0,5,0,18,0,0,0,33,0,0,0,0,0,0,0,0,17,0,11,0,152,1,0,0,0,1,1,0,0,3,0,0,4,0,2,0,0,0,1,0,0,0,105,0,3,0,0
"COG4727",0,0,0,0,0,0,0,0,2,0,0,0,23,3,0,7,1,0,0,0,0,0,0,0,0,0,0,5,0,0,4,0,0,0,0,0,0,0,0,0,0,0,23,0,37,0,49,0,0,0,0,0,0,1,0,1,2,0,0,0,0,0,0,0,0,0,0,0,0,21,0,0,0,0,0,1,0,0,0,0,0,0,0,0,0,0,0,7,0,14,0,0,0,0,0,1,4,0,0,0
"COG4728",28,31,23,60,343,12,14,72,24,17,22,25,23,32,17,19,8,18,250,31,20,18,138,29,87,174,211,106,32,20,118,478,47,150,7,117,550,17,25,20,56,128,54,35,419,14,40,42,52,448,12,149,9,125,62,87,251,10,6,16,235,30,36,4,15,8,94,37,29,185,25,286,45,187,30,34,90,22,459,66,38,62,83,74,8,63,24,76,50,39,13,76,17,97,14,204,17,39,729,10
"COG4729",1,3,0,1,11,1,0,41,2,0,1,0,0,11,11,4,1,1,103,0,1,0,7,1,47,42,16,8,0,0,1,151,0,8,0,6,26,5,1,2,4,3,7,2,60,2,8,6,9,9,0,0,0,8,31,4,16,1,2,0,39,3,4,7,0,0,0,0,1,12,8,13,0,109,0,4,1,0,3,4,0,2,43,0,0,4,32,3,0,1,0,3,0,16,46,90,3,12,7,0
"COG4731",381,408,158,431,275,347,254,403,188,174,218,255,171,240,230,154,197,284,143,136,243,270,158,142,589,84,254,133,385,269,100,325,122,261,222,140,96,168,115,238,202,223,146,375,242,158,122,281,136,190,459,141,300,183,98,348,139,243,250,290,194,291,177,497,203,222,596,213,130,279,145,179,190,89,195,326,347,242,141,331,221,121,411,577,294,227,577,173,60,253,220,144,471,1310,805,216,231,273,46,248
"COG4733",1766,1021,3648,2929,639,166,2525,10530,592,670,1179,863,2859,650,695,1737,377,1482,162184,233,241,1364,314,2152,40503,156597,1357,189,583,860,475,32304,5204,200,328,144,88463,4335,205,2012,1555,1075,186,3913,7663,755,175798,12269,211,1012,939,3483,176,923,440,1355,7382,1630,515,2254,85651,3176,2147,1218,897,256,140,1269,439,249045,76,463,659,68653,7118,1249,122,681,91,477,1002,477,186,2559,721,819,30777,625,203,798,233,195,1907,241,81301,246695,3163,73,1115,575
"COG4734",29,10,19,83,66,5,4,1379,22,8,5,6,13,5,9,7,1,11,518,5,7,16,8,36,1450,794,100,13,90,7,44,391,29,38,6,33,408,12,15,5,127,35,12,13,525,1,115,1074,9,109,12,45,10,43,27,25,285,8,6,7,1020,22,19,4,8,1,1,14,3,770,13,55,19,2534,24,5,14,29,126,18,5,7,17,78,12,22,1016,32,9,26,1,98,8,339,1775,896,5,9,34,1
"COG4735",2,8,3,1,119,0,0,170,0,2,0,0,1,4,12,0,0,0,27,0,3,0,16,0,12,11,62,2,1,0,24,19,0,10,0,6,71,3,2,1,0,9,2,4,103,0,1,47,2,149,0,0,1,48,82,15,61,4,0,3,53,0,3,1,0,0,1,52,7,71,47,17,37,26,0,1,0,1,51,42,0,42,5,2,0,27,33,8,4,1,0,8,0,7,106,32,0,2,206,0
"COG4736",3,2,5,0,105,0,0,2,0,10,2,1,1,1,9,1,1,7,89,12,5,0,44,3,6,53,81,21,3,0,64,171,4,31,1,28,191,7,10,3,23,35,13,7,186,3,7,19,16,199,0,49,3,45,30,23,57,0,1,3,103,1,6,1,1,0,1,11,7,79,11,84,13,67,1,0,6,6,155,12,2,25,33,4,0,17,4,15,10,2,0,22,0,13,8,110,1,7,247,1
"COG4737",3,0,1,1,30,1,0,15,0,3,1,0,1,3,2,2,3,1,57,0,0,0,38,2,22,29,71,20,1,2,17,77,1,23,0,11,138,0,1,0,1,17,13,5,77,0,3,145,4,17,7,111,2,17,59,31,63,1,0,4,107,2,6,12,1,0,1,8,7,43,22,33,7,231,0,0,6,3,42,26,14,10,66,2,0,24,48,10,4,6,1,11,1,94,35,133,9,11,169,1
"COG4738",14,27,11,0,0,0,9,0,48,1,4,1,9,23,21,18,25,1,1,9,26,0,0,10,0,2,1,0,4,0,2,0,4,0,40,1,0,13,0,7,39,0,0,3,0,8,9,0,1,0,11,17,0,2,0,3,2,6,10,4,2,14,0,5,12,6,18,0,4,0,0,0,2,0,1,1,2,0,1,15,0,0,0,0,7,0,0,1,1,1,10,1,1,0,0,1,3,3,1,2
"COG4741",47,56,150,190,113,26,41,113,133,62,83,7,254,117,142,62,72,22,1167,55,89,8,114,132,316,810,51,190,25,8,216,121,41,288,88,222,358,222,155,39,166,114,216,34,198,130,837,73,174,65,48,147,42,243,471,21,627,61,59,18,834,57,212,35,92,58,34,47,82,727,240,54,99,1626,135,46,157,57,147,100,8,303,230,189,13,82,317,219,164,91,50,186,64,37,151,396,35,198,35,40
"COG4742",0,0,0,1,313,0,0,0,2,15,0,0,0,0,370,0,0,0,0,3,0,0,441,5,0,0,0,587,0,0,0,141,0,1147,0,855,6,0,647,0,0,0,883,0,16,0,0,0,218,86,0,1,0,0,1385,0,21,0,1,0,0,0,0,0,0,0,0,0,0,0,927,80,0,0,0,0,362,0,416,0,0,951,775,0,0,2,0,0,124,0,0,213,0,5,0,0,0,125,1,0
"COG4743",3,2,1,0,0,0,0,0,0,2,0,0,2,3,2,0,7,5,1,1,1,0,0,0,0,2,1,0,0,0,2,0,1,0,0,0,0,5,0,0,0,1,0,1,0,2,1,0,0,0,6,0,0,22,1,6,16,2,0,0,2,0,1,5,0,2,0,4,1,2,1,0,3,0,5,0,3,4,0,6,0,0,0,0,0,10,0,11,41,3,1,19,0,0,0,1,1,10,0,9
"COG4744",1,0,0,1,23,0,0,2,2,10,0,0,2,0,3,2,0,1,39,1,0,0,0,1,1,13,13,2,0,3,1,150,1,10,0,18,15,0,1,0,0,4,10,1,14,0,0,6,7,3,2,0,0,1,5,0,18,0,0,4,27,2,2,0,0,0,1,1,0,17,4,4,0,36,0,1,23,0,9,3,1,1,10,0,0,1,3,0,5,0,2,3,0,0,1,29,1,3,4,0
"COG4745",117,24,80,1,263,0,67,0,220,203,70,8,1094,460,104,140,194,42,1,227,176,5,109,35,0,29,120,381,1,2,1139,1,237,283,175,438,21,187,220,106,144,355,177,32,25,777,74,0,588,326,44,35,0,1163,126,23,65,86,38,87,64,0,94,13,115,129,0,255,142,3,483,162,86,57,131,27,333,262,174,111,15,93,176,3,663,508,0,886,206,457,126,216,9,0,0,34,53,828,116,170
"COG4746",0,0,0,0,0,0,1,0,4,0,0,0,14,3,0,0,0,0,0,0,0,0,1,0,0,0,0,2,0,0,3,0,0,1,0,1,0,1,0,0,0,14,0,0,0,4,0,0,0,0,0,0,0,1,1,0,0,0,0,0,1,0,0,0,0,0,0,1,0,0,4,0,0,0,0,0,1,0,0,0,0,0,0,0,0,2,0,2,0,2,0,0,0,0,0,0,0,3,0,0
"COG4747",65,27,41,36,63,53,25,147,46,147,9,37,139,81,65,59,28,26,7,25,67,30,64,46,1,9,62,68,36,50,69,4,36,12,53,65,5,23,80,48,48,46,73,6,0,33,5,31,133,52,39,69,35,146,25,107,11,34,29,7,2,109,69,73,46,28,1,22,38,2,72,43,27,9,45,22,127,48,45,71,42,62,62,43,0,11,2,118,179,85,24,147,49,3,4,3,22,104,9,47
"COG4748",111,85,64,39,114,53,99,165,47,9,90,124,38,50,58,79,62,82,194,63,73,64,121,20,32,39,97,25,55,88,50,99,16,42,42,61,48,24,53,52,52,65,19,149,46,28,22,374,27,20,151,33,79,61,25,208,39,67,77,200,124,38,59,68,45,50,157,45,13,38,68,138,54,89,40,104,26,117,16,67,46,60,56,125,118,40,64,34,45,58,68,34,75,133,88,47,98,79,31,71
"COG4750",17,13,21,64,60,1,5,0,9,152,28,4,41,13,65,6,2,6,3,10,9,1,53,27,0,6,8,58,0,20,21,29,3,106,15,81,6,5,79,6,6,5,88,17,25,16,1,0,94,30,13,5,8,14,48,39,212,6,2,10,37,1,5,13,10,8,11,7,9,0,113,77,8,4,8,14,13,7,59,11,0,43,53,61,22,6,4,7,417,58,6,275,2,0,1,10,6,41,0,4
"COG4752",30,6,12,4,78,0,36,0,60,155,14,37,36,61,56,19,49,27,5,45,22,4,68,9,0,5,14,113,0,3,298,3,52,128,34,98,14,13,60,35,29,25,79,6,30,111,11,0,116,38,32,4,1,67,33,16,21,19,37,20,14,0,27,25,29,33,0,18,14,2,88,48,30,8,32,9,55,34,51,27,29,94,70,1,18,61,0,94,170,120,35,112,17,0,0,8,29,87,11,29
"COG4753",160,282,295,565,3355,108,29,750,123,388,63,133,197,78,440,151,46,154,1178,323,140,227,1529,201,285,1247,2315,998,331,118,1200,2849,99,1671,27,579,4585,153,549,114,732,883,449,168,2795,30,146,722,300,4655,315,1519,65,877,754,1116,1718,59,108,69,1831,518,382,406,49,80,369,363,244,1638,568,4170,336,217,122,33,775,407,3220,535,182,1011,1740,898,298,647,687,941,740,187,88,1033,212,378,357,873,61,333,9040,136
"COG4754",2,0,0,0,0,30,3,0,0,1,19,6,1,1,0,4,0,10,0,0,0,3,1,0,0,1,18,0,17,15,8,8,1,1,2,2,3,0,1,4,0,2,1,18,1,1,0,0,0,0,1,5,6,2,2,3,5,2,12,4,13,16,1,1,1,0,0,1,3,1,0,16,0,0,1,15,0,20,0,5,16,0,0,0,4,1,6,5,0,9,0,0,0,0,1,1,6,11,11,1
"COG4757",17,49,44,24,1115,24,9,219,24,45,12,6,17,96,96,40,14,53,699,71,54,2,453,10,514,465,760,299,65,21,383,2099,20,478,3,281,1716,65,97,29,164,248,130,92,2553,6,70,220,126,1254,51,513,14,288,293,124,600,6,9,56,629,12,50,14,14,2,32,106,60,557,126,1034,87,504,8,58,17,80,1258,161,17,233,315,26,5,172,172,221,164,51,4,202,6,1517,384,538,24,114,2371,19
"COG4759",6,1,6,2,67,1,30,9,62,77,3,12,128,49,89,102,47,4,4,33,40,9,135,22,26,9,20,138,6,1,135,29,42,56,31,144,18,37,156,17,14,44,118,24,2,36,10,32,120,58,29,17,8,274,273,26,33,66,54,6,14,2,74,6,54,53,1,104,265,3,496,221,99,24,75,23,598,83,310,46,49,270,332,3,7,107,29,351,172,117,47,230,1,139,18,11,36,506,47,49
"COG4760",1808,2092,1264,1349,606,2357,1127,125,1880,1015,1465,1497,1657,1425,1749,2383,1450,1438,284,1725,1994,1642,1403,1463,234,178,1382,1462,1746,1956,1290,66,981,576,2009,1040,52,1783,1733,1249,1571,1481,1389,1283,67,1761,539,304,1843,596,2280,1297,2060,1415,947,1339,874,1455,2107,1593,103,1670,1699,1917,1601,2111,1989,1572,1878,402,1332,978,1218,98,1063,981,1558,1465,545,2140,850,1473,1177,1670,2235,2176,1281,1603,1609,1674,2132,1313,2113,90,330,280,1187,2318,222,1486
"COG4762",15,3,1,11,3,9,6,166,13,2,3,4,43,63,3,11,6,12,3,0,20,0,3,3,78,8,17,10,0,4,47,30,1,4,16,64,0,1,4,6,17,21,36,70,0,1,3,2,20,15,33,2,6,86,10,19,2,6,12,22,9,6,2,2,15,12,3,6,9,190,72,44,38,5,11,23,27,21,4,5,0,1,50,1,2,1,625,56,2,37,12,9,0,1,169,2,1,22,13,0
"COG4763",2,46,0,0,32,6,0,1483,5,4,1,4,7,5,7,2,0,1,5,2,3,0,3,0,1054,5,18,19,17,2,15,88,2,7,0,69,14,3,8,0,6,13,10,13,62,0,1,916,5,92,2,9,2,3,2,11,2,0,0,2,9,1,0,0,0,0,0,5,3,12,7,15,1,3,0,1,0,4,9,0,0,10,12,1,2,1,265,2,0,0,0,3,0,135,640,2,2,5,4,0
"COG4764",2218,2764,2350,2054,1260,3649,1800,672,2026,1726,3821,2346,1322,2029,1978,1595,2310,2472,676,2985,1814,2707,1828,2857,614,929,905,1404,2856,2903,1531,916,1859,933,2254,1100,1246,1874,1504,2488,2376,2388,1122,2496,796,2675,740,272,1084,1517,2296,1628,3439,1314,1550,923,1081,2541,2263,3154,820,2593,2472,2595,2543,2890,2361,2653,2070,468,1291,1298,1876,457,1744,2604,967,2359,1327,2036,3015,1585,1220,1732,2777,2676,276,1747,1084,1862,2758,1322,2712,1726,507,597,2732,1363,1502,2606
"COG4765",765,788,903,562,343,1152,656,440,921,874,1407,939,640,902,748,749,905,851,235,1327,637,1295,576,1089,657,337,253,596,1116,1023,629,89,806,259,955,553,212,786,688,973,902,1062,524,1017,295,1096,275,516,455,300,749,411,1165,582,656,236,475,1065,799,1579,315,944,698,680,931,1034,756,1097,851,176,670,349,742,245,593,1017,414,1013,329,700,1495,595,489,337,1133,1106,656,878,611,737,958,634,876,434,664,137,1003,678,28,1194
"COG4766",48,172,11,257,475,0,5,1,310,633,132,17,57,160,801,383,12,11,9,423,238,84,1117,20,8,35,31,1019,33,9,216,17,241,367,242,702,31,85,1064,34,199,227,986,18,13,192,1,0,851,367,57,154,0,105,905,15,95,18,421,28,65,186,4,61,246,365,562,253,557,2,913,301,262,45,4,97,676,116,442,107,59,1187,790,205,49,230,6,328,420,121,369,528,161,14,29,4,0,387,9,300
"COG4767",2,0,3,5,5,0,13,0,0,0,0,0,3,2,0,1,3,1,0,1,1,0,0,2,0,0,2,1,22,0,2,2,7,0,3,4,0,2,1,2,1,0,8,4,4,1,0,0,0,2,0,10,0,2,5,1,3,3,3,4,3,22,5,3,3,0,0,1,1,4,0,3,1,1,12,3,0,1,3,5,3,1,1,6,0,0,4,3,0,2,1,0,2,0,2,0,19,1,2,1
"COG4769",1,0,5,1,41,0,3,0,12,74,1,0,5,1,36,15,0,0,41,26,11,0,55,28,0,0,0,57,0,0,1,0,3,3,3,50,0,0,47,2,12,0,46,0,0,4,0,0,78,28,2,1,0,1,6,2,1,0,8,0,0,10,5,0,5,6,7,0,1,0,15,10,1,0,0,1,5,0,14,0,0,22,16,1,0,0,0,1,37,0,10,13,0,0,0,7,0,0,0,0
"COG4770",6313,7289,5560,6738,7417,6870,6004,8786,7178,4384,5559,5438,7463,6980,6777,7122,7067,5838,3665,6057,6659,5268,7452,6255,10773,2332,4861,8249,7067,5807,6130,6312,5731,6414,7284,8434,4342,6659,7519,5881,5766,6812,8152,6051,5185,6210,2270,9359,8199,7269,6569,6269,6419,6120,7564,5483,2257,5902,7607,4997,2928,6555,6368,7529,5743,6894,9424,7010,7753,3955,8012,6959,5772,2571,5964,6289,8158,4809,6330,7115,6042,7570,7958,6844,6458,6484,10381,7150,4590,7157,7138,4650,6923,17541,9173,3480,6509,8656,5251,6273
"COG4771",6510,7202,3671,9163,7114,3879,2613,1850,6317,9267,3243,4235,5097,4736,6649,9173,3297,4913,5951,7711,6206,6649,5883,3890,3580,4319,8976,4552,6269,5427,7335,8743,2961,5106,6814,4129,5641,6376,5347,4164,6583,7677,4455,3583,7739,7121,4700,3890,6064,6157,8441,5945,4049,6626,4130,8750,13299,4785,8368,5049,10823,6541,5292,5589,5685,7066,13338,7214,6107,3776,4500,8354,3917,6782,3500,2835,5587,7143,6854,7342,2441,5075,7469,15114,11620,10667,3127,7038,14876,7076,7117,10511,7877,4155,2105,7198,2477,6269,10195,5980
"COG4772",1197,1784,1001,2526,1479,1346,607,1402,1418,614,1034,1081,768,1077,1152,1747,617,954,1924,1657,1352,1519,1035,1023,1746,1003,1558,986,1584,1407,1499,2057,787,810,1167,775,2268,1182,860,882,1388,1305,653,1097,1919,1462,1397,1092,833,2134,5019,5982,4213,3667,2262,4342,4176,2512,5936,3720,3784,5834,2986,4529,3964,4933,9546,4515,4558,3429,2078,3866,3587,3428,2552,3008,2450,4160,5381,5912,2515,2803,2641,9578,5677,5108,3539,4280,2330,3495,5054,2847,5792,5266,4485,3032,1917,4134,7573,4437
"COG4773",65,225,124,14,2980,47,31,1522,51,156,50,33,72,82,237,131,12,74,2902,248,252,5,1156,29,1617,1614,1899,680,92,88,873,5277,62,1904,12,849,4317,154,227,155,469,1150,393,204,4530,34,287,2500,538,3171,31,1068,22,725,724,471,1690,15,9,239,2844,20,177,54,24,4,91,238,193,1641,359,1854,246,2114,26,47,63,140,3598,581,77,535,1372,39,4,401,731,443,401,132,20,657,9,3486,1339,2762,130,217,5067,42
"COG4774",782,827,548,183,1103,1073,648,339,383,45,601,775,323,409,320,250,689,621,738,431,346,604,377,782,1187,474,1085,329,874,736,503,1518,522,269,643,285,1731,562,110,497,698,528,142,582,2214,476,381,134,91,1661,2371,3058,2681,1513,1038,1602,1798,1686,755,2170,1928,854,3210,2693,1219,1512,37,1623,817,2729,395,2767,1285,1409,1429,1117,43,1201,1475,1328,1878,770,986,679,2042,2397,3461,979,437,1721,1661,845,2164,2983,2117,2151,2395,527,7642,1280
"COG4775",14366,14292,12172,12823,8804,18418,12608,8803,12656,14887,15275,15561,10086,12462,12537,13858,12431,13933,4399,15473,13222,16377,10420,12858,8744,5011,12990,9840,16193,17217,10930,5278,13007,11882,13024,8585,4746,11853,11773,12878,12855,13735,10046,13258,7062,13555,3950,7084,10995,6894,15455,10002,17731,11571,8385,14745,11229,13665,13345,16916,4215,14471,13430,14112,13670,13902,12653,14294,12000,3888,9507,9726,13042,3318,10691,13562,10975,15217,8403,13411,14993,10190,8941,14322,16432,16355,8498,11579,17413,12267,13444,14906,14772,8832,8954,4192,12722,10878,5866,15318
"COG4776",6,6,3,0,74,3,13,47,3,3,11,8,7,14,18,4,4,8,130,6,6,5,141,4,75,77,16,23,12,8,220,142,11,40,5,19,172,2,8,11,7,173,24,13,20,28,19,282,10,46,1,14,5,12,21,1,151,6,4,1,54,4,44,29,8,3,4,2,9,9,64,25,6,31,10,14,22,9,143,34,21,6,71,4,0,8,56,6,3,1,3,20,3,454,8,32,11,15,130,5
"COG4778",23,13,6,54,77,25,77,356,33,1,2,38,66,41,10,5,15,14,161,4,16,1519,8,10,207,49,39,8,1428,25,32,324,971,35,146,29,63,15,3,21,120,23,16,53,89,4,21,527,18,50,11,220,33,43,30,30,25,18,23,7,57,49,12,17,97,17,61,31,7,56,18,34,29,171,19,24,14,12,74,54,1895,1,32,72,4,9,141,28,5,28,22,6,6,801,306,102,45,21,23,8
"COG4779",19,1,0,1,151,0,0,32,2,12,1,0,2,1,0,7,0,6,53,7,5,0,1,0,6,42,54,13,3,2,56,237,1,44,3,50,54,4,0,1,2,28,17,10,87,1,4,290,40,8,1,0,0,9,24,18,10,0,0,2,78,0,1,1,0,0,2,9,2,27,0,7,1,36,1,1,0,7,21,31,1,1,50,1,6,15,18,1,0,31,0,10,7,24,18,79,0,19,48,11
"COG4781",0,0,0,0,0,0,0,5,0,0,0,0,12,1,0,0,0,0,0,0,0,9,0,0,1,0,1,0,5,0,1,0,21,0,0,0,0,0,0,0,0,8,0,0,0,0,0,5,0,0,0,10,0,0,0,0,0,0,0,0,0,0,0,0,0,0,0,0,0,0,0,0,0,0,0,5,0,0,0,0,13,0,0,0,0,0,1,0,1,6,0,0,0,2,1,0,0,0,0,0
"COG4782",15,24,23,136,158,21,11,884,10,3,0,5,72,25,5,42,9,17,24,10,14,11,9,38,510,30,55,47,60,3,52,296,28,21,8,92,151,10,7,6,33,30,37,32,165,10,6,221,22,121,32,7,13,89,12,126,112,6,16,9,126,13,8,21,20,10,56,41,15,65,28,76,9,21,8,3,178,45,54,40,7,13,49,188,1,21,525,57,14,83,13,20,24,1340,830,238,1,27,350,12
"COG4783",2840,3099,2380,3436,2937,4209,2296,3619,2389,1932,2798,2668,2357,2267,2185,2075,2499,2250,1711,2420,2182,2804,2368,3056,4591,1087,2361,2162,3777,3446,2445,2843,2573,3561,2340,2353,2196,1868,2190,2091,2197,2604,1894,2673,3372,2348,849,3343,1845,3208,2563,2550,3663,2215,1547,2481,1302,2096,2407,2772,1535,3543,2967,3249,2212,2889,3378,2449,1794,1834,1848,2443,1982,1324,1823,2368,2069,2064,3569,2604,3549,1943,2358,3888,2505,2943,3486,2251,1610,2811,2930,1809,2987,3470,3589,1618,2663,2246,3021,2291
"COG4784",697,527,598,986,639,644,676,1830,797,999,611,566,926,762,541,503,557,500,437,641,619,794,674,769,2473,295,565,781,970,794,1069,529,1105,250,711,838,161,651,626,499,690,683,670,859,1100,535,176,1677,781,568,521,708,714,785,403,769,397,450,513,539,271,783,412,420,691,732,1102,703,484,588,752,546,518,558,399,690,872,514,466,642,914,646,682,966,594,663,2561,886,1276,1078,717,864,570,1620,1216,528,576,674,172,572
"COG4785",6,35,25,5,627,5,1,8,1,16,3,1,21,7,37,4,1,8,186,51,49,4,233,6,159,198,319,122,22,2,246,481,17,315,1,64,823,16,40,10,172,239,30,27,623,3,59,17,33,765,3,353,3,120,88,46,361,0,1,9,372,3,27,3,2,0,24,56,25,230,59,641,59,57,1,2,68,22,794,111,22,92,211,2,1,121,27,142,94,15,3,114,3,29,7,286,9,11,1648,4
"COG4786",1091,1062,1135,1303,2130,1214,1459,3691,963,855,499,1145,1250,1147,1112,866,1441,1156,1013,320,802,1107,1450,1212,3020,653,1711,1465,2014,1165,1492,2026,1108,3007,601,1892,1207,787,1374,1119,687,1135,1446,1235,2843,344,296,3335,1388,1767,1148,1415,1061,1458,884,1694,830,1028,665,389,855,1199,1190,1216,596,466,948,1116,730,1204,1641,1735,685,920,1323,1364,1874,905,2048,1396,2078,1010,1439,1103,475,632,2569,963,660,1271,448,942,1151,3348,3086,1341,1152,1032,1855,845
"COG4787",350,493,481,491,986,516,553,515,305,41,237,447,305,349,212,170,533,455,802,92,269,499,460,537,895,521,781,256,929,452,443,1541,404,462,209,344,1364,371,87,387,376,553,175,579,1393,105,162,138,129,1268,360,820,439,472,257,553,468,390,211,135,645,465,441,503,258,156,611,268,226,676,180,864,217,606,543,603,174,270,1163,599,1000,169,406,459,183,278,733,213,102,319,154,182,533,1300,549,829,464,113,1845,284
"COG4789",40,1,1,1,2,19,3,0,2,8,6,36,14,30,9,1,4,52,187,0,0,1,12,3,4,6,49,6,0,9,173,225,2,3,1,29,22,24,3,26,0,22,63,4,136,2,36,0,27,8,53,4,10,19,20,38,72,8,0,8,37,4,2,4,1,2,0,19,5,40,24,18,0,32,0,3,3,12,0,8,0,8,25,0,9,6,24,6,0,63,1,13,3,0,4,2,5,57,28,1
"COG4790",2,0,0,0,1,4,0,0,1,0,1,4,1,0,0,0,0,0,13,0,0,0,0,0,0,1,4,0,0,0,14,24,0,0,0,2,1,4,0,3,0,2,4,1,12,0,3,0,3,0,1,1,2,6,5,1,20,2,1,1,10,0,1,0,0,1,0,0,2,12,9,7,0,10,0,0,0,0,0,0,0,0,6,0,0,0,15,1,0,5,1,6,1,0,0,0,3,8,15,0
"COG4791",11,0,0,0,7,6,0,0,1,6,0,16,3,1,2,0,2,14,78,0,0,0,4,3,0,2,7,1,0,2,59,76,0,0,1,7,9,6,2,7,0,3,7,4,43,0,14,0,11,3,33,0,1,11,7,6,23,1,0,2,8,2,6,0,0,0,0,2,0,13,5,7,0,15,0,0,1,3,2,4,0,2,9,1,1,3,9,3,4,9,1,4,0,0,0,2,3,22,13,1
"COG4792",14,0,1,4,3,6,0,0,0,0,2,21,4,1,0,4,0,4,116,2,0,0,0,0,0,4,16,5,2,1,85,111,0,0,2,4,9,9,0,7,2,3,49,0,63,0,17,0,13,0,1,2,5,10,6,0,42,1,0,1,14,1,1,3,1,0,0,0,0,8,0,11,1,13,1,0,0,7,0,1,0,0,6,3,0,3,1,2,1,6,1,3,3,0,0,1,2,10,27,0
"COG4794",3,1,0,0,2,2,0,0,0,0,0,5,1,0,0,0,0,7,28,0,0,0,1,0,0,1,3,4,0,1,8,23,0,0,0,0,2,3,1,6,0,2,4,0,9,0,6,0,8,0,1,0,0,0,0,2,3,0,0,0,1,0,0,0,0,0,0,1,0,1,1,0,0,1,0,0,0,1,0,1,0,0,0,0,0,0,0,0,0,2,0,0,0,0,0,0,0,2,0,0
"COG4795",104,135,122,264,1121,120,104,669,115,97,74,96,107,137,147,108,47,82,587,124,77,173,461,100,578,480,711,396,189,129,504,1584,205,518,112,375,1834,90,189,110,231,367,207,179,1315,66,69,273,170,1610,78,828,126,330,355,242,683,49,60,85,670,239,130,70,81,81,524,147,124,537,188,1049,116,290,73,164,162,116,1242,235,266,299,449,350,51,249,359,257,186,124,101,259,107,1201,645,577,77,126,2661,94
"COG4796",3094,1766,1744,1891,3833,2841,2745,2572,2009,3917,2946,2598,2221,2499,2815,3252,2090,3583,2191,2923,2537,2030,3343,1536,1750,2072,4309,2436,1652,3279,3028,3339,1739,4854,2536,2422,3231,3463,3151,2743,2348,3359,2715,2454,3769,3232,734,1369,2862,3321,2723,2350,2870,2968,2437,3951,2795,2990,1750,4778,2186,2448,2288,1927,2076,2088,2017,3226,3340,1181,2247,3773,2239,1833,2039,2042,2552,3393,4257,2310,2200,3055,2734,1210,3536,3862,1005,3189,2905,2761,2176,3694,1730,3835,1130,2058,2915,2690,4412,3342
"COG4797",12,1,0,13,2,6,1,36,2,26,0,6,14,0,3,0,0,8,15,0,0,0,1,3,0,0,2,4,0,3,7,5,0,0,0,1,0,0,0,0,11,0,1,0,6,1,0,0,2,3,7,0,4,6,0,47,5,0,0,0,0,7,4,0,3,1,0,2,1,0,2,1,0,0,0,0,1,1,1,0,0,3,1,13,0,0,0,29,38,14,0,29,6,1,0,17,0,2,8,0
"COG4798",951,1029,732,1342,1571,1556,690,2603,1231,1185,699,811,987,917,1110,992,826,668,765,977,884,1020,1547,1069,2569,513,1180,1210,1227,1073,1175,1192,1653,1667,1005,936,1398,790,1157,614,866,1287,1341,887,1902,885,309,1307,1178,1592,268,405,445,345,259,223,515,245,358,252,292,404,323,318,284,448,407,345,259,293,258,640,251,89,171,215,466,230,533,282,370,400,453,542,299,397,636,324,479,387,462,378,408,520,1078,257,259,440,728,281
"COG4799",11699,11205,8602,11706,11214,11969,10632,10269,14233,10147,8733,10004,18956,13225,12815,14287,12936,10543,5423,8477,12394,9358,12854,10025,11394,3474,9359,14548,10228,11121,13409,7203,11286,13290,14223,14581,4436,13567,14663,9871,10753,11889,15572,11371,6145,12273,4099,8843,15900,10137,12614,10981,11542,15207,15251,9581,4855,10149,11991,8537,4133,10347,9898,11499,10600,12071,13183,11975,14084,4933,14342,11413,9791,4123,9682,9457,15146,10158,9590,13067,7977,13953,14165,12548,11334,12571,11183,14252,11030,15677,12636,10472,11266,17218,10804,4892,10055,17467,5364,10490
"COG4801",0,0,0,0,0,0,0,0,2,0,0,0,36,8,0,1,0,0,0,0,0,0,0,0,0,1,0,0,0,0,8,0,1,3,2,3,0,1,2,0,0,32,3,0,0,7,0,0,0,0,0,0,0,4,4,0,0,0,1,0,3,0,0,0,0,0,0,5,0,0,4,1,0,1,0,0,8,0,1,0,0,1,3,0,0,13,0,9,0,11,0,1,0,0,0,0,0,1,0,0
"COG4802",251,11,174,102,64,4,48,0,32,29,0,14,26,40,12,7,131,2,10,0,73,55,3,135,0,254,6,41,74,4,26,3,28,10,95,110,0,12,13,33,46,12,20,62,7,12,18,0,90,61,14,81,9,67,6,354,69,67,70,4,2,25,120,5,63,33,15,6,10,0,69,24,124,3,190,95,75,11,43,13,147,7,29,42,0,1,0,36,36,31,52,28,12,0,0,7,6,30,8,7
"COG4803",36,28,49,45,0,1,4,0,2,1,0,5,4,5,18,1,4,12,3,0,30,21,3,6,0,10,7,2,32,0,1,2,24,0,13,1,2,1,5,2,14,1,2,0,168,0,1,0,0,1,20,57,0,2,0,50,6,5,51,1,2,29,31,100,15,4,0,0,3,7,3,5,55,5,38,14,0,0,0,28,85,5,10,41,0,1,0,6,1,1,9,2,69,0,0,1,1,5,2,7
"COG4804",9,24,0,8,342,30,8,111,17,35,3,3,10,9,39,12,12,74,247,3,32,1,66,2,81,94,285,17,7,17,179,423,4,218,1,149,168,6,30,0,9,45,80,25,286,3,44,85,96,72,85,2,3,83,69,72,109,1,1,31,255,17,8,3,0,3,15,8,2,92,49,1136,4,219,1,6,30,34,125,92,4,17,78,6,4,72,39,172,28,19,7,39,1,99,207,193,7,73,1105,7
"COG4805",5282,5856,3758,5788,7748,3889,3222,8859,3885,4470,4882,3766,3445,3327,4727,4700,3965,4018,3338,4658,3738,4087,6651,4228,14719,3212,5235,5561,4804,3791,4154,6426,2935,6941,4029,5167,8544,4080,4946,3832,4391,6008,5315,3843,8395,4411,1861,5335,6055,8743,5770,6001,3902,3819,3834,3834,7249,3947,4193,4771,4638,4193,5456,5891,3860,4672,7995,5380,4497,5651,5533,9095,3366,1700,3483,3503,6094,4124,6098,4585,3259,5266,6259,6743,6819,6223,16290,4847,7350,4291,4870,5937,6042,2765,11545,3532,4058,5952,12439,4641
"COG4806",6,12,8,158,15,14,2,53,9,62,1,20,15,12,19,16,1,2,41,1,9,0,14,9,1,0,4,14,33,11,10,13,11,3,2,17,12,1,12,5,22,8,25,13,15,0,0,11,29,11,7,95,6,5,1,0,6,8,41,3,0,102,3,6,10,9,275,2,0,3,11,8,11,1,3,14,90,2,11,2,31,4,7,106,0,4,7,21,6,3,10,77,6,2,3,14,0,8,6,2
"COG4807",18,52,32,351,557,12,7,65,21,26,2,6,6,14,65,18,2,22,346,58,44,8,259,8,78,316,366,135,31,11,251,729,29,267,8,85,984,42,56,18,145,190,49,41,673,2,32,76,40,954,15,365,14,133,146,71,346,5,63,12,294,79,41,8,21,47,648,56,42,288,79,614,82,198,9,11,205,54,704,126,15,143,167,470,2,100,202,106,93,24,32,135,30,214,75,302,19,68,1524,15
"COG4809",2,0,2,0,3,0,1,0,3,4,0,0,1,0,1,1,1,6,33,0,1,0,5,0,0,0,1,15,0,0,3,0,0,2,2,10,0,0,13,2,0,0,14,0,0,1,0,0,14,1,4,0,0,3,0,0,1,2,0,0,0,0,0,0,1,1,0,0,0,0,8,5,0,0,2,0,15,1,7,0,0,4,8,0,1,0,0,9,1,2,0,3,0,0,0,5,3,22,0,1
"COG4813",232,170,118,58,92,348,117,18,174,157,95,215,324,240,119,80,113,154,7,110,131,240,133,75,37,43,149,130,224,228,242,51,208,34,118,117,26,87,119,168,104,238,104,114,12,120,31,70,158,71,137,79,309,263,56,138,47,125,177,112,24,147,114,190,130,205,1,122,100,31,138,134,126,24,187,101,150,143,103,152,288,68,82,66,151,190,21,292,140,379,219,160,195,130,69,19,178,276,64,146
"COG4815",2,8,0,0,24,2,6,4,0,0,1,2,0,0,7,6,0,2,2,1,2,1,13,0,14,4,6,6,0,1,6,7,2,2,0,4,2,0,8,1,2,7,2,1,0,0,1,6,6,3,4,1,2,5,5,5,1,0,1,2,38,5,1,2,0,0,0,5,3,2,16,11,2,4,0,0,18,16,24,3,2,4,7,1,0,1,6,3,0,0,1,2,0,10,3,5,1,12,10,3
"COG4819",47,61,7,2,37,13,77,0,31,2,26,21,527,199,8,1,36,6,1,6,18,13,4,6,14,10,43,47,71,58,259,13,88,15,25,89,11,41,12,26,9,86,10,70,17,176,23,0,57,60,8,25,25,296,21,69,9,35,9,7,7,36,80,12,10,16,0,17,17,3,52,27,23,3,44,79,62,4,45,6,156,38,21,1,10,56,2,146,32,268,20,13,33,10,1,5,63,69,14,0
"COG4821",281,374,242,124,157,314,102,11,379,169,168,232,347,294,219,393,196,219,13,390,341,271,189,225,134,40,216,211,336,242,255,15,219,147,312,224,7,259,285,283,278,350,328,101,4,315,84,5,303,112,259,120,263,293,133,184,89,216,379,140,29,257,232,452,307,371,16,335,378,14,213,258,249,8,291,140,323,298,136,288,260,231,190,102,194,472,788,281,236,356,366,171,451,4,192,27,160,231,34,371
"COG4823",4,24,15,2,582,15,13,375,21,5,4,2,17,56,36,21,7,5,74,4,33,2,156,3,126,111,138,46,57,6,220,403,28,121,4,115,329,8,19,14,28,151,61,37,1884,4,27,274,21,675,11,318,5,115,38,34,175,1,3,9,124,0,20,9,4,1,11,64,35,257,54,141,45,24,2,12,13,27,136,95,20,97,68,5,1,30,100,45,73,43,1,43,6,1075,188,162,11,29,421,7
"COG4825",12,3,3,1,5,0,1,0,38,0,3,0,65,42,19,34,8,9,1,10,49,1,23,1,0,3,14,23,0,0,31,4,24,7,45,6,0,26,35,3,22,39,23,1,0,43,4,0,19,16,9,7,0,58,19,4,0,2,21,2,5,1,5,0,15,20,0,32,38,0,11,11,23,1,20,5,8,16,3,23,1,34,20,0,7,70,0,51,3,54,12,5,1,1,0,1,4,42,1,18
"COG4826",65,6,2,3,152,16,18,13,24,221,5,8,164,72,76,53,22,93,4,14,31,40,114,10,167,16,147,93,21,4,71,37,21,60,30,118,3,25,110,24,22,65,96,9,53,23,12,29,141,70,124,6,8,85,35,26,384,29,30,15,10,17,14,16,12,38,6,30,43,52,137,93,26,11,15,4,208,77,53,32,50,83,90,4,16,108,379,76,466,113,54,215,5,116,118,6,11,83,26,22
"COG4828",11,9,21,4,2,0,0,0,4,0,0,0,0,3,14,0,0,0,0,1,29,0,1,1,0,11,3,0,0,0,0,0,3,2,14,0,0,0,0,3,11,0,0,0,1,0,0,0,4,0,9,6,0,1,1,25,0,2,15,0,3,5,4,8,7,0,0,0,0,9,6,3,49,0,28,3,0,0,0,24,13,0,4,6,0,0,0,1,0,3,1,2,9,0,0,1,0,0,0,1
"COG4829",2,1,1,2,42,1,2,17,1,4,6,2,19,8,7,2,6,2,67,1,7,2,48,1,30,66,51,34,10,0,37,314,7,21,3,33,231,9,9,0,2,13,17,11,101,2,32,46,15,138,1,9,0,15,31,44,65,1,3,7,47,0,6,3,2,1,1,5,9,36,27,42,13,20,1,8,5,4,44,11,1,23,10,4,0,15,20,10,1,1,1,17,0,54,10,31,0,4,140,2
"COG4830",14,2,1,22,163,0,6,0,163,22,4,0,124,144,184,49,28,0,0,144,74,0,209,5,0,23,3,268,0,0,184,102,68,592,147,392,4,45,305,3,23,5,471,20,6,241,16,0,109,41,13,10,1,56,792,3,12,0,55,1,16,1,4,3,34,54,14,17,51,0,408,39,121,27,21,16,153,2,222,7,1,468,335,17,4,4,0,196,81,233,67,121,0,2,0,1,1,381,5,2
"COG4832",4,6,1,5,96,9,0,17,3,546,4,0,8,2,227,3,1,7,8,0,0,0,127,36,109,2,10,84,6,2,1,31,4,72,4,137,5,1,272,1,7,11,302,56,49,2,1,13,45,8,9,3,1,28,158,42,999,1,1,32,21,2,1,4,1,1,3,9,4,120,121,226,0,13,2,1,96,10,59,4,0,204,167,8,3,3,642,14,1827,3,1,693,2,28,193,6,5,44,3,1
"COG4833",1,9,0,37,1,1,0,2,7,1,1,2,0,1,3,2,0,2,1,0,2,0,8,0,3,0,3,6,0,0,2,4,3,1,1,3,0,0,6,1,1,3,3,0,0,0,0,14,0,7,4,30,3,3,12,0,5,2,115,4,52,76,0,0,2,39,250,0,3,17,38,33,0,4,0,2,6,33,0,1,1,10,31,240,0,2,12,9,1,3,37,9,66,1,7,8,1,25,5,16
"COG4834",5,7,193,17,2,0,3,42,4,0,0,0,0,3,1,2,5,1,46,0,1,2,3,74,455,48,4,2,79,0,1,171,4,2,19,2,20,5,0,4,22,0,34,4,16,4,302,55,0,0,4,68,0,3,2,1,3,4,24,2,88,33,21,35,7,0,1,0,0,179,8,10,0,41,114,5,0,0,0,1,13,0,4,13,2,0,79,0,0,0,0,0,3,154,97,46,1,1,1,0
"COG4842",0,0,0,0,0,1,0,0,0,0,0,0,0,1,0,0,0,7,0,0,0,0,0,0,0,0,0,4,0,0,0,1,0,0,0,0,0,0,0,0,1,0,1,0,0,0,0,0,1,1,9,1,0,1,1,1,0,0,0,1,1,0,1,1,0,0,0,0,0,0,0,0,0,0,0,0,0,0,1,0,0,0,2,0,0,0,0,3,0,0,0,1,0,0,0,0,0,1,0,0
"COG4843",86,101,95,60,7,37,58,2,101,19,103,57,32,42,42,79,114,105,47,84,39,98,13,51,0,50,44,13,49,38,34,8,42,1,99,11,30,113,9,104,112,66,10,36,1,87,49,0,11,9,354,281,184,43,63,210,15,293,262,276,127,161,357,338,297,232,77,328,423,25,21,46,111,93,225,218,47,245,6,263,50,39,15,246,540,188,6,100,13,207,252,46,292,1,0,95,330,61,11,207
"COG4845",4,10,2,189,157,2,0,22,7,1,1,2,2,3,24,2,0,4,18,7,21,1,50,3,9,30,15,18,3,0,28,25,3,309,4,15,29,2,23,0,0,68,15,0,34,1,0,80,19,43,2,2,0,14,6,21,99,2,1,4,127,1,11,9,1,0,368,5,9,32,29,21,2,22,0,4,38,21,75,50,6,24,242,253,1,5,10,7,17,7,4,26,11,190,9,30,4,12,18,5
"COG4848",1,1,3,1,27,2,0,0,0,1,3,3,0,1,1,1,0,1,42,1,0,0,7,0,0,34,6,82,3,1,9,97,1,0,0,10,383,2,0,0,0,12,1,0,132,0,4,0,0,7,7,8,1,4,4,2,106,0,0,0,12,1,1,0,0,0,0,1,2,35,1,6,0,6,0,1,0,1,2,2,2,7,9,0,0,2,0,9,1,4,0,2,0,0,0,42,0,0,89,0
"COG4849",5,22,5,0,277,0,1,22,3,15,2,1,1,1,15,15,1,7,81,37,8,0,92,0,33,107,286,39,13,9,123,153,0,163,0,133,220,16,24,3,172,66,35,21,355,0,6,35,8,150,3,132,2,53,63,34,120,0,1,7,113,1,18,1,2,0,4,27,17,73,48,756,36,23,0,2,9,35,678,48,3,41,71,2,0,83,19,117,8,10,5,142,1,68,10,36,2,29,1024,2
"COG4850",34,8,5,37,592,25,27,231,46,9,2,11,46,28,109,36,21,31,155,50,55,24,301,2,1560,82,179,95,15,5,98,393,27,1942,13,282,185,29,108,23,51,172,120,142,303,1,24,284,84,274,18,17,5,44,19,31,48,4,3,18,63,6,21,5,12,1,2,11,1,218,115,64,13,46,17,8,19,73,54,50,10,59,222,13,1,4,820,46,23,22,2,24,3,533,355,32,3,106,27,7
"COG4852",236,253,165,314,239,307,160,170,247,29,213,239,237,239,94,161,198,212,41,243,204,243,106,152,192,78,334,69,231,257,216,172,168,348,209,33,51,120,61,250,183,320,23,148,160,193,43,28,88,105,234,209,336,170,85,220,49,192,291,237,79,253,155,324,235,307,128,255,163,129,62,619,189,40,204,239,69,165,53,268,203,52,115,290,140,318,136,280,16,236,299,15,258,431,99,54,188,147,788,207
"COG4856",0,0,0,0,1,0,1,0,31,21,0,0,77,29,4,22,0,27,1,24,11,2,7,0,0,2,33,4,0,0,73,0,3,1,6,3,1,2,9,2,6,73,3,0,0,46,0,0,3,5,42,3,0,124,6,0,3,0,4,0,8,0,0,0,10,5,0,13,7,0,0,1,8,4,0,0,15,24,2,3,0,2,2,0,0,76,0,79,14,32,6,19,0,0,0,1,0,44,2,24
"COG4857",376,549,383,381,310,202,436,35,420,78,194,307,439,448,243,287,609,370,181,136,352,382,204,477,218,216,193,216,307,286,145,175,343,358,426,214,130,359,195,431,398,290,124,383,56,183,92,170,243,137,382,336,224,297,113,391,129,407,544,148,254,398,423,467,485,394,198,214,296,75,158,194,372,67,583,402,158,224,243,521,530,104,339,316,140,160,222,129,135,304,420,84,375,263,211,307,348,134,57,238
"COG4859",2,0,1,1,22,0,0,36,1,0,0,0,1,2,1,4,0,2,1,0,0,0,28,1,79,0,11,6,2,1,1,11,0,21,1,16,2,0,0,6,4,5,8,4,73,0,34,73,0,15,1,0,0,10,0,2,14,1,0,2,7,10,2,1,0,0,0,3,1,44,0,10,0,2,1,0,1,0,11,3,0,5,1,1,0,2,111,3,0,1,0,3,0,20,198,4,0,0,5,0
"COG4860",10,6,6,0,36,3,10,0,29,29,3,14,60,35,36,110,30,12,5,28,50,1,20,2,0,1,29,53,4,7,33,1,19,19,25,30,2,17,56,12,17,34,54,6,2,41,4,0,67,24,20,2,18,96,18,5,22,7,7,9,1,0,6,1,12,17,0,9,39,2,56,25,18,4,14,3,50,59,19,14,1,23,32,0,7,33,0,37,35,24,18,44,1,0,0,2,41,51,9,54
"COG4861",4,24,3,2,340,6,1,18,2,25,3,0,5,4,9,12,0,11,65,74,7,0,80,0,51,111,337,53,18,9,154,178,4,195,1,155,244,16,37,6,151,82,42,26,420,1,6,43,10,207,6,130,7,49,65,45,157,0,0,18,157,3,15,0,0,0,3,31,24,70,40,1003,34,30,0,2,7,34,776,65,2,51,91,3,0,100,31,171,8,14,2,153,1,67,16,45,7,37,1507,10
"COG4864",596,390,452,496,545,330,289,583,733,1874,379,405,765,577,801,1017,282,409,56,760,614,505,846,375,21,69,657,1090,376,371,629,40,234,591,638,704,17,685,1171,457,420,748,1082,251,54,763,97,324,1501,436,677,554,467,865,663,589,1176,472,479,676,50,434,582,416,508,525,26,797,671,161,1029,746,373,73,487,144,1269,830,456,594,262,813,823,474,1321,1106,21,929,2020,825,548,1947,564,6,21,63,230,1086,93,648
"COG4865",3,0,3,3,13,0,10,0,0,36,0,0,27,3,12,6,0,0,0,1,3,3,12,13,0,3,16,7,4,0,18,26,0,2,1,23,3,0,5,3,0,11,6,0,6,2,1,0,7,11,0,1,0,0,0,3,2,0,1,0,27,0,7,0,0,0,1,2,4,1,22,5,2,0,1,0,14,2,12,0,1,6,68,8,0,11,0,0,77,18,0,55,0,0,0,11,1,1,0,1
"COG4866",2,1,0,0,7,0,0,65,5,10,0,0,39,8,4,0,1,0,9,1,2,2,1,0,2,1,5,16,0,0,51,0,2,3,1,13,0,0,13,0,1,17,11,0,0,5,1,159,28,12,15,0,0,133,5,20,5,0,2,0,8,0,1,0,4,2,0,26,1,0,51,31,3,13,1,0,15,47,12,2,0,13,33,0,6,78,1,111,14,47,2,18,0,0,0,18,0,111,17,1
"COG4867",568,899,384,1134,769,737,252,451,897,354,458,500,1049,743,614,530,408,423,230,744,579,823,588,415,154,122,274,766,1088,718,740,112,463,409,555,1040,33,596,661,444,737,629,907,380,30,858,336,363,1282,748,860,536,732,1169,632,571,250,473,1124,432,173,885,575,692,741,708,1681,571,506,207,929,842,419,118,533,339,1390,561,593,636,403,570,862,1957,1848,821,365,1131,696,882,664,532,857,140,162,458,331,1150,105,418
"COG4869",52,19,19,43,32,4,7,174,62,92,2,14,95,102,40,36,12,17,1,2,63,26,34,20,0,7,80,62,4,15,74,3,26,1,39,62,1,6,55,29,32,61,136,10,1,3,7,5,107,50,34,55,10,116,5,96,7,21,30,0,2,22,20,12,36,38,2,40,16,0,55,26,53,2,38,7,157,52,27,44,7,39,32,53,2,0,0,112,21,109,23,66,18,0,1,2,2,89,24,34
"COG4870",473,298,478,921,868,204,303,21,332,104,802,336,323,334,244,476,291,351,915,322,310,243,597,504,167,1248,422,400,400,270,401,1756,261,184,603,185,2709,494,147,376,352,596,126,867,1494,356,2336,57,61,2226,488,970,308,561,277,492,1175,254,589,743,1013,703,437,448,396,342,469,465,629,898,200,200,818,737,482,769,55,394,230,324,365,390,283,835,279,449,118,265,334,235,380,242,549,79,293,1952,257,200,2043,271
"COG4872",33,4,0,5,58,1,2,296,15,7,1,5,99,30,13,7,1,20,7,6,19,1,34,1,337,10,31,40,0,0,69,69,3,111,7,96,9,2,21,16,30,40,31,11,16,54,3,13,33,116,32,1,3,237,9,53,90,0,11,16,36,2,13,0,21,8,0,10,9,20,27,20,9,15,4,0,42,50,50,34,0,13,38,6,4,23,164,28,39,42,11,20,0,1330,343,20,1,32,47,6
"COG4874",1175,1708,556,1608,883,958,607,209,756,461,818,834,521,579,952,923,786,724,460,1040,946,777,1041,670,212,421,725,745,1230,1040,690,1365,489,334,1211,330,1833,662,614,576,795,901,630,843,1416,817,191,511,549,1962,1674,486,1018,509,537,1072,625,746,1254,664,422,996,1065,1525,863,1321,2065,942,758,681,503,544,810,138,595,738,842,807,274,1311,622,839,705,2540,1573,1099,100,547,514,835,1296,267,1411,119,107,293,708,876,1769,1019
"COG4875",76,48,69,190,207,20,66,128,196,26,71,68,268,245,300,176,105,58,77,203,192,98,362,102,98,104,123,387,57,47,325,139,79,707,191,525,67,158,405,101,92,91,568,64,90,273,131,10,174,74,63,103,58,195,921,54,168,67,60,92,151,92,107,42,95,115,12,123,95,110,520,76,112,50,109,119,197,127,267,97,105,626,534,140,61,138,36,352,294,345,95,185,68,96,88,98,61,408,11,107
"COG4877",5,3,7,3,0,0,5,0,10,0,12,2,7,7,8,15,10,0,0,11,17,0,0,3,0,0,3,0,0,0,0,0,6,0,16,0,0,27,0,7,24,2,0,2,1,15,3,0,0,0,1,10,0,5,0,2,0,7,8,3,0,0,7,3,10,19,2,5,20,0,0,0,6,0,7,1,0,3,0,26,0,0,0,1,45,20,0,0,4,7,6,14,2,0,0,0,5,0,0,15
"COG4878",1,2,0,1,143,0,0,6,12,0,1,1,0,3,18,5,0,0,15,1,10,0,81,0,601,10,38,24,13,11,32,90,0,86,0,49,7,2,52,0,15,18,18,13,5,0,0,35,9,12,5,7,3,13,1,22,14,0,1,8,48,6,0,2,0,0,5,27,1,336,37,26,2,11,0,0,9,77,21,11,1,67,68,0,1,2,1241,18,6,8,3,1,2,400,428,20,1,28,5,11
"COG4880",985,840,972,514,1116,37,627,0,1962,980,247,406,2220,1301,1331,2781,1326,696,377,897,2205,150,1046,744,0,244,1763,1520,233,94,1387,223,544,549,2120,862,279,2390,1404,806,1245,1327,1544,415,180,1004,327,0,1949,1128,1623,1501,64,1774,1590,664,1283,856,1408,301,485,465,553,600,1166,1543,785,951,2226,213,1144,3379,1159,153,935,197,1510,958,689,1969,412,1148,1188,437,1231,1271,5,1577,960,1441,1578,873,585,25,5,601,656,2283,3270,1159
"COG4886",3422,2046,2155,4960,4305,1109,2069,3311,3981,5978,1459,1369,4724,4275,4358,6676,2480,1937,3780,2143,3624,1682,3960,2436,1374,6653,5159,5411,1206,1377,5806,1829,2232,4439,4377,4868,6804,8368,6117,2263,2800,4717,5865,4624,1708,3968,11682,1105,8213,3895,3442,1726,1347,6385,2267,3227,6647,2378,3461,2184,6685,2071,1431,1668,3182,3488,4831,4483,4523,4382,5481,4086,5845,4343,3579,2458,7736,4276,2941,2548,1245,4090,4519,4175,1699,6055,2283,5716,8132,4633,3600,7051,2273,799,1389,7005,1191,6027,1262,2991
"COG4887",0,1,0,0,1,2,0,1,0,84,0,0,0,0,21,0,0,2,0,0,0,0,5,5,2,1,0,0,0,2,0,2,0,0,0,0,0,0,20,5,0,0,0,1,3,0,0,0,1,0,3,0,3,0,0,0,26,0,0,0,0,0,0,0,1,0,0,0,0,0,0,1,0,0,0,0,0,1,0,0,0,16,2,0,0,0,0,0,141,0,0,135,1,0,1,0,0,0,0,2
"COG4888",2,2,3,4,0,0,2,0,4,0,0,0,10,8,2,9,11,0,0,1,10,0,0,4,0,0,0,1,0,0,0,0,0,0,16,1,0,19,0,3,5,1,0,0,1,0,0,0,0,0,0,3,0,5,0,1,1,3,4,0,1,0,0,0,4,7,12,0,8,0,2,0,11,0,11,1,2,0,0,0,2,0,0,1,0,0,0,0,2,0,6,1,0,0,0,0,0,2,0,1
"COG4889",1536,1184,3874,816,573,954,2676,5280,632,743,1692,1282,490,832,689,3957,2063,3097,16961,531,604,677,234,3310,4674,13298,1856,304,800,1107,1161,3132,1540,244,722,680,10698,6079,300,3757,2820,1292,348,3415,624,805,37989,3926,290,287,1369,3424,812,1005,376,2602,995,3241,1041,1827,22410,1256,2520,1372,1989,440,726,2567,2755,20077,335,401,1128,7086,5052,2014,471,1627,384,766,496,235,620,719,1090,1861,5098,808,1170,989,466,653,1155,579,1728,14977,3527,550,337,2027
"COG4890",0,3,1,0,24,1,0,0,2,3,2,1,1,1,2,3,0,2,3,16,3,0,4,0,0,9,33,6,4,1,10,31,0,41,0,9,28,3,7,0,50,8,4,0,163,0,0,0,1,45,2,1,3,3,3,3,32,0,0,6,10,0,1,1,0,0,0,9,3,19,2,12,6,0,1,0,0,0,191,8,0,9,6,2,0,7,4,3,1,3,0,25,1,1,1,1,0,0,34,0
"COG4891",10,2,0,17,3,1,0,48,0,1,3,6,12,2,1,9,1,4,5,1,0,1,4,2,9,2,2,11,14,0,13,7,1,5,1,5,5,1,3,4,0,5,1,5,0,11,0,19,5,5,2,1,0,1,2,22,3,2,0,7,7,1,5,3,1,1,7,1,1,2,6,7,0,13,5,0,68,8,6,0,32,4,2,25,45,1,5,18,0,12,4,3,1,2,4,4,2,5,8,0
"COG4892",0,1,0,20,0,1,0,1,0,0,1,1,0,0,0,0,2,1,7,0,0,4,0,0,0,0,1,0,2,1,1,5,0,0,0,0,2,1,0,0,0,0,2,0,1,0,0,4,0,0,5,1,0,0,1,4,3,0,0,2,0,0,10,1,0,0,0,0,0,22,0,1,0,9,0,0,0,0,0,0,1,0,0,37,0,0,3,0,0,1,0,0,1,0,0,1,1,0,1,0
"COG4894",8,5,19,141,3,106,18,1,24,2,7,59,53,19,3,17,9,16,29,2,10,46,5,13,0,26,32,4,71,122,16,20,16,0,10,4,30,5,2,26,23,14,8,31,5,12,7,1,4,2,2,47,108,20,0,32,24,16,100,17,89,51,23,3,25,27,222,14,5,28,2,3,8,11,46,9,40,8,5,43,23,1,4,181,0,0,1,25,17,17,28,7,24,0,0,126,10,13,10,15
"COG4895",3,1,0,77,29,1,8,2,11,7,0,0,22,26,3,10,20,1,6,3,34,1,1,2,12,6,6,5,2,1,4,4,2,36,33,13,9,8,5,4,20,8,25,1,7,4,1,5,20,4,1,4,1,10,7,5,15,6,20,1,12,4,0,4,32,17,45,5,12,11,12,2,85,1,16,7,70,1,17,15,3,16,28,62,0,0,23,2,40,2,12,43,1,7,8,7,0,2,0,0
"COG4898",38,18,27,248,37,11,53,147,35,0,24,8,128,40,23,16,117,11,46,6,9,9,42,27,146,10,29,44,10,0,29,67,76,24,46,62,9,23,29,41,27,35,38,41,9,27,36,178,57,29,22,49,4,51,13,90,65,62,17,28,51,5,35,8,18,119,6,24,6,114,79,48,7,52,49,21,5,39,22,10,21,30,135,363,41,6,639,33,19,43,128,16,1,114,193,27,17,72,13,5
"COG4899",5,0,0,0,12,0,0,8,0,1,0,0,1,0,4,2,1,0,69,0,0,0,10,0,7,7,15,2,6,2,5,19,1,4,0,2,3,1,4,1,0,3,5,1,152,0,0,1,4,4,0,0,0,10,4,3,2,0,2,9,26,0,0,0,0,2,2,0,2,0,0,9,0,68,1,0,0,1,0,5,0,4,7,2,0,0,1,4,0,2,0,1,0,0,0,36,0,6,3,0
"COG4901",2,1,2,9,0,0,1,0,5,0,0,0,4,10,1,7,10,0,0,1,12,0,0,2,0,0,0,0,0,0,0,0,0,0,20,0,0,12,0,1,11,1,0,21,0,2,0,0,0,0,1,4,0,4,0,2,0,1,9,0,1,1,0,0,18,16,8,1,10,0,0,0,38,0,9,7,0,0,0,1,0,0,0,0,0,0,0,0,0,0,19,0,0,0,0,0,0,0,0,0
"COG4902",12,15,0,0,147,13,0,141,0,2,1,11,1,0,4,1,1,7,20,1,5,0,15,1,27,24,155,4,5,6,61,68,0,22,1,77,66,8,3,5,8,22,16,18,4,0,1,373,2,77,47,22,6,10,35,65,5,1,0,11,35,3,9,2,0,0,1,7,7,99,13,650,1,25,0,5,3,3,53,22,0,23,24,1,7,43,37,88,0,3,0,25,3,47,10,23,2,11,830,3
"COG4906",4,15,1,0,0,0,4,0,9,0,0,0,15,2,7,8,21,2,3,0,1,0,0,0,0,1,1,0,0,0,5,0,4,0,3,0,0,65,0,8,1,0,0,2,1,3,6,0,0,0,4,2,0,5,0,0,46,5,0,0,2,0,0,7,0,2,0,8,10,1,0,0,0,0,3,0,0,33,0,16,0,0,0,0,5,2,0,21,10,2,0,12,2,0,0,2,3,2,4,37
"COG4907",164,96,112,77,103,58,22,1,149,105,72,34,124,76,164,250,33,76,5,345,198,172,189,67,1,3,172,135,104,98,145,1,58,132,104,74,5,85,308,94,79,172,215,42,7,190,11,0,232,46,182,55,167,123,115,185,131,81,262,174,8,89,88,39,122,185,1,180,165,0,135,171,120,4,119,39,121,280,67,135,26,197,166,87,264,478,0,137,188,162,169,101,115,0,5,10,66,239,3,269
"COG4908",16,0,0,0,1,1,0,0,0,0,0,7,0,0,0,0,0,34,14,0,0,0,0,0,0,0,2,0,0,0,0,0,0,0,2,0,1,0,0,0,0,0,1,0,0,0,0,0,0,0,24,0,3,0,0,76,0,0,0,0,1,2,2,0,0,0,0,0,2,0,0,3,0,1,0,0,0,0,0,0,0,1,0,0,0,0,0,0,0,0,0,1,2,0,0,9,0,0,7,0
"COG4909",61,57,48,117,10,3,27,0,14,11,8,2,23,39,22,45,81,65,3,1,22,4,4,37,1,9,85,20,2,2,17,7,8,2,22,15,2,42,2,65,11,39,18,7,0,3,15,0,18,8,55,13,1,22,3,92,0,33,35,5,1,35,41,76,29,8,203,72,53,1,11,11,29,1,65,37,46,20,8,55,2,1,112,151,1,22,0,8,0,71,9,11,65,0,0,9,9,9,1,40
"COG4910",17,11,7,43,0,2,4,0,7,0,2,1,3,3,5,15,20,12,0,0,5,1,2,6,0,3,12,0,0,0,3,1,3,1,4,1,0,11,0,12,1,7,1,6,0,1,2,0,2,1,6,2,2,3,0,16,0,7,10,2,0,23,8,20,5,3,65,13,11,0,0,1,3,0,14,4,0,3,1,11,6,0,24,32,0,2,0,1,0,14,4,1,18,0,0,0,3,1,0,12
"COG4911",77,5,7,34,392,2,13,136,177,145,1,2,260,235,416,96,35,12,0,251,111,2,411,11,1,43,40,646,0,1,591,154,83,1050,150,962,5,55,640,15,38,37,895,1,20,324,11,0,490,197,38,8,6,186,1325,62,85,29,69,1,28,1,2,6,42,77,0,48,89,1,916,139,114,49,13,2,586,49,473,21,5,937,727,38,25,7,1,528,314,483,93,329,4,1,2,8,5,618,33,31
"COG4912",27,19,9,103,283,32,50,94,60,674,88,17,218,133,698,439,56,30,48,264,44,16,855,38,133,45,53,337,20,12,156,11,73,163,193,314,89,207,862,92,138,261,774,10,157,221,20,30,340,95,136,12,14,126,476,80,1241,59,49,39,207,14,29,11,123,56,1,428,716,22,385,326,58,181,12,45,485,289,264,46,12,945,422,73,11,120,340,319,911,71,72,703,32,111,86,20,8,224,28,323
"COG4913",114,103,141,58,965,98,103,417,63,29,14,172,87,101,140,137,41,118,967,14,88,76,195,169,143,413,1974,171,147,111,777,987,80,211,19,455,931,88,42,52,93,329,277,118,1474,5,95,139,52,505,121,274,35,150,535,510,318,33,29,33,749,195,337,95,36,22,15,78,53,1123,489,3341,59,388,146,91,29,90,492,211,152,124,329,59,2,355,334,564,4,146,35,230,41,494,47,591,124,147,3965,47
"COG4916",0,1,0,0,30,3,0,1,1,5,0,0,0,4,11,3,0,0,158,2,1,0,12,0,2,27,13,5,0,5,3,37,1,20,0,3,24,3,10,1,2,5,8,15,26,0,0,0,11,20,2,0,1,27,2,7,6,1,0,13,69,0,1,0,0,0,0,1,2,32,7,1,1,156,0,4,2,0,5,12,0,0,29,4,0,1,4,1,0,1,1,6,0,43,5,71,0,13,1,0
"COG4922",11,20,1,16,187,9,2,96,1,5,7,2,34,2,13,6,2,10,78,9,7,3,21,1,167,31,140,25,20,4,130,291,13,384,1,57,89,14,25,2,3,54,29,42,107,2,3,136,15,54,7,5,9,39,67,84,54,0,0,35,80,1,9,3,0,1,8,12,18,42,31,565,6,116,4,1,58,9,50,31,13,27,30,14,3,33,588,80,7,41,2,27,1,455,315,217,6,26,735,0
"COG4923",228,175,135,284,60,54,233,91,194,44,123,101,229,263,95,165,317,185,11,172,185,140,50,261,134,25,226,38,224,86,139,99,167,34,255,26,36,291,29,232,203,144,40,156,4,202,44,175,13,65,216,128,77,177,42,263,48,211,189,61,58,217,204,279,238,299,193,320,199,21,22,502,186,13,194,198,42,222,34,278,187,48,255,350,330,253,228,124,32,178,301,44,223,48,77,30,173,58,697,192
"COG4924",19,32,0,1,341,10,4,109,9,7,4,12,9,26,47,38,2,18,354,2,15,1,81,0,56,143,706,67,12,9,268,383,1,78,3,138,349,25,15,13,18,102,110,39,496,6,36,52,24,164,34,61,8,32,189,120,103,0,6,13,301,6,23,2,1,1,5,17,15,338,135,1182,25,162,2,28,10,17,170,56,2,38,91,0,0,120,103,190,1,26,1,70,3,184,23,261,10,43,1484,3
"COG4925",11,23,1,2,61,0,2,3,4,4,4,2,4,2,3,9,3,16,51,4,2,0,23,1,3,16,24,12,21,4,12,76,2,55,1,15,11,4,5,1,5,35,27,16,75,1,26,1,8,34,19,3,3,17,4,18,41,1,0,3,79,2,7,3,0,1,0,4,7,24,12,10,2,55,0,0,4,7,22,5,4,21,59,0,0,3,2,10,5,5,1,11,1,3,3,25,2,8,14,2
"COG4926",1,5,0,3,0,0,0,538,0,2,1,1,0,0,6,4,0,0,55,1,0,5,1,0,6,203,2,0,0,3,0,31,28,0,0,0,154,0,0,0,0,10,0,0,18,0,4,253,0,0,8,2,0,0,0,2,88,0,1,0,250,10,0,0,0,0,0,1,1,0,0,0,2,74,0,0,0,0,0,0,5,0,0,1,2,4,4,4,2,2,1,2,2,3,5,119,0,0,1,5
"COG4927",0,3,0,1,47,0,0,76,3,3,0,0,4,1,2,2,0,0,8,1,3,0,4,0,69,7,5,8,7,0,19,80,1,6,1,11,17,1,7,0,0,9,2,0,2,2,0,167,8,25,1,4,0,17,15,12,12,0,3,0,11,0,1,2,2,0,1,3,3,3,43,11,6,26,0,1,23,10,36,35,8,6,45,3,0,2,79,78,10,3,1,18,0,1773,168,6,1,65,2,4
"COG4928",423,476,180,453,521,430,80,620,278,831,245,217,138,167,299,264,79,317,405,464,341,98,407,364,620,438,494,230,233,278,377,513,114,783,210,329,685,216,169,131,282,616,217,352,681,191,49,735,214,344,406,423,296,318,201,734,509,128,378,282,560,248,200,407,203,202,314,294,296,921,401,232,259,248,107,205,142,294,1679,389,134,236,808,687,354,599,1257,229,1133,350,242,831,346,233,642,347,190,253,425,258
"COG4929",25,7,17,1,47,0,3,130,13,25,1,6,67,43,28,10,2,19,20,11,19,1,45,16,121,8,34,50,3,0,68,184,6,82,15,44,29,5,26,15,14,61,37,7,19,24,2,10,66,57,28,0,2,121,6,43,78,3,15,3,48,4,13,49,4,11,0,15,11,27,23,25,11,24,5,1,145,12,42,28,1,26,24,4,0,7,40,46,49,50,8,23,13,478,96,71,3,58,33,5
"COG4930",139,113,44,38,198,46,113,263,11,100,27,85,52,47,77,49,34,139,684,13,49,12,99,22,194,167,1153,125,36,97,415,1254,24,100,27,223,546,77,71,82,49,228,101,70,520,11,75,169,86,376,56,152,51,145,275,447,233,66,33,73,353,62,103,38,29,8,54,28,72,373,61,2316,49,389,74,82,55,67,302,127,43,110,67,42,14,219,96,375,124,68,7,245,27,413,67,212,66,46,2979,39
"COG4932",0,0,0,5,5,0,1,0,0,12,0,2,0,1,8,1,0,2,0,0,0,18,3,0,0,0,2,6,6,2,3,1,4,2,1,9,0,0,6,4,0,2,4,0,0,0,0,12,8,5,0,36,17,2,4,6,0,0,4,1,3,8,2,11,0,5,0,16,16,2,103,16,2,0,0,0,1,19,17,0,21,12,38,20,0,3,0,6,9,2,2,38,3,0,1,0,3,75,0,9
"COG4933",1,0,15,0,77,2,1,2,2,1,1,1,0,0,6,6,0,3,6,3,3,0,18,1,19,1,7,13,0,0,3,13,2,378,2,6,2,0,5,0,1,10,1,5,80,1,154,1,1,2,2,0,3,2,0,3,80,0,0,0,56,0,0,0,1,0,10,7,2,0,14,15,6,2,6,3,0,6,8,6,0,3,11,1,0,0,13,3,36,1,0,1,1,13,40,0,0,8,3,0
"COG4934",65,17,33,69,18,15,37,0,25,0,5,25,10,21,8,62,14,39,10,23,15,19,9,37,0,29,25,5,16,13,11,8,36,9,34,4,9,13,3,35,16,30,33,126,1,16,10,0,8,3,27,8,21,20,7,22,1,28,18,7,36,37,41,33,25,22,31,24,36,8,5,0,37,43,35,75,7,24,3,16,37,17,80,68,72,59,0,50,1,24,31,2,18,0,0,17,17,27,14,21
"COG4935",1209,971,1173,363,852,170,857,282,1784,697,297,641,2415,1289,1188,3290,1710,957,513,951,2547,47,880,742,538,270,1489,1231,137,467,1510,375,382,1295,2530,598,212,2218,1144,914,1264,1383,1126,658,180,861,432,72,1353,469,1833,1593,372,1401,918,857,412,930,1783,593,692,694,545,778,1266,1703,633,784,2000,298,966,703,1205,163,1063,284,1180,927,563,2178,97,718,1258,171,613,808,64,1538,876,1490,1727,701,735,152,33,740,730,2692,668,1130
"COG4937",0,0,0,0,1,0,0,0,0,9,0,0,0,0,0,0,0,0,0,0,0,0,0,0,0,0,0,7,0,0,0,0,0,0,0,5,0,0,1,0,0,0,0,0,0,0,0,0,5,2,2,0,0,2,0,0,0,0,0,0,0,0,0,0,0,0,0,1,0,0,5,0,0,0,0,0,0,0,0,0,0,0,0,0,0,0,0,13,20,0,0,4,0,0,0,0,0,14,0,0
"COG4938",220,147,133,138,140,237,106,26,103,174,138,116,61,106,107,145,150,158,110,95,71,145,118,132,60,135,335,51,88,182,204,135,69,253,98,83,205,172,73,159,96,308,133,118,1011,153,148,92,50,599,162,80,163,105,136,283,255,158,83,163,115,138,164,105,110,70,68,105,129,214,50,1139,59,43,129,98,49,93,64,71,83,98,64,167,268,405,60,312,233,192,74,183,74,175,66,110,190,57,1367,218
"COG4941",32,17,0,24,230,18,5,764,12,19,6,10,24,58,24,57,9,41,512,7,10,3,71,0,1053,132,165,90,11,22,75,1018,5,200,8,266,191,28,28,3,32,42,170,130,409,7,52,176,76,161,85,23,14,107,139,227,90,6,7,49,350,13,22,7,4,0,16,12,25,590,114,126,7,425,2,11,77,67,77,47,6,14,175,29,9,23,2359,77,4,33,3,43,5,1688,956,711,26,158,98,12
"COG4942",1317,2026,1012,2809,2252,1166,902,2438,1563,1578,800,1081,1397,1254,1673,1930,881,1127,1400,1679,1392,1438,1578,1209,3142,839,2050,1521,2196,1316,2173,2741,938,2160,1465,1218,2597,1239,1514,976,1519,1523,1120,1328,3431,1185,513,1593,1520,2574,1952,1819,1101,1515,1000,2031,2400,1250,2072,1032,1343,1931,1388,1732,1400,1746,3583,1429,1482,1398,1103,2203,1129,784,1054,1128,1494,1326,2276,2259,1286,1599,1844,4451,1963,1751,2697,1483,2589,1473,1779,1806,2195,3801,2629,1053,783,1447,3546,1134
"COG4943",11,48,48,5,1131,9,1,52,1,33,3,2,16,9,63,32,5,13,530,102,86,6,436,12,131,453,298,265,36,8,249,1187,24,873,0,140,1764,38,82,23,220,444,96,30,1379,2,241,20,94,1806,7,589,11,246,151,95,728,4,2,18,748,4,18,8,14,0,68,76,48,610,89,146,118,123,5,6,48,79,1161,223,32,183,718,6,4,130,45,55,186,20,7,189,4,93,142,555,15,63,1770,14
"COG4944",0,0,0,10,22,0,0,38,3,2,5,0,3,15,5,4,0,1,65,0,0,0,3,0,21,2,23,6,1,0,4,142,0,2,0,17,7,4,5,0,0,1,20,4,104,2,57,2,10,9,0,0,0,2,1,0,8,0,0,4,2,0,1,0,0,0,0,0,1,18,5,4,0,3,0,4,1,0,3,1,2,1,5,2,0,0,9,4,0,0,0,2,0,2,8,0,2,1,0,2
"COG4945",1097,1448,1220,123,10,130,565,0,676,28,475,438,752,566,600,492,1860,1115,665,194,639,50,9,999,1,474,258,24,65,221,120,13,123,14,831,30,141,1334,9,986,832,289,14,199,4,571,741,1,84,19,1703,1055,198,389,165,293,21,1334,225,451,125,50,1634,1415,664,347,1,176,962,139,28,14,306,21,1061,300,21,460,11,1008,30,17,19,46,2640,302,0,87,24,669,338,27,1485,0,0,481,1146,389,49,487
"COG4946",741,409,327,1019,2499,549,456,690,775,1027,211,300,883,794,1405,868,950,570,512,429,516,250,1637,463,1020,483,2187,1847,394,519,1036,732,450,2304,654,2119,622,870,1821,379,1116,1269,2073,505,383,601,113,2177,2207,1163,1104,593,535,1214,1137,1356,1962,475,430,377,1590,651,452,572,521,585,812,634,912,1634,2101,3551,685,494,607,340,3537,652,3720,768,298,1532,2121,946,411,988,2114,1357,591,962,648,1441,666,653,635,1249,263,793,3932,406
"COG4947",0,0,0,4,0,0,0,7,1,0,0,2,0,0,1,0,0,14,27,0,1,0,0,0,6,1,1,0,0,0,20,3,0,0,0,1,2,1,0,0,1,0,0,0,6,0,0,1,0,0,14,2,1,0,0,1,8,0,0,1,0,14,1,0,0,0,0,4,1,20,0,5,0,17,0,0,28,0,0,0,0,0,0,6,0,0,9,2,0,0,0,0,3,1,0,1,0,1,19,0
"COG4948",17131,12189,9711,11845,13611,13687,13858,6821,15979,18999,9259,12907,39508,19748,15385,13334,13101,11799,3286,12229,13453,13139,15848,10254,5141,5328,12801,24068,12837,13564,30592,5679,19475,6659,11657,21121,4036,8620,19752,12683,11178,17414,18931,12722,3065,19299,2948,7993,32650,16032,11434,11138,13897,28882,12301,12775,5999,11923,13336,9401,4213,14154,10485,11909,11805,12990,15301,15303,11297,2934,22178,16639,11980,4092,13284,11905,26843,18473,12627,13696,15785,14046,16760,11275,11427,19466,8485,31227,15338,30056,13826,18106,10967,5343,6552,3691,11250,29134,8249,14135
"COG4949",120,200,442,978,277,417,296,2161,148,367,160,370,111,178,357,40,362,251,532,33,119,225,359,566,2491,202,159,72,697,279,127,1114,170,186,86,320,335,122,421,259,128,52,162,417,658,36,225,2313,87,384,149,425,285,191,109,284,178,278,190,102,307,567,416,289,122,128,1472,63,61,495,135,185,137,722,517,485,230,49,714,216,842,260,122,906,76,34,2566,60,193,118,120,345,240,2036,1330,648,401,69,131,50
"COG4950",23,9,10,35,61,11,34,3,24,2,4,23,172,60,10,21,15,15,0,4,23,18,11,4,3,5,36,60,2,17,131,7,68,7,13,121,2,14,20,31,24,47,37,21,17,15,23,2,96,69,24,20,13,155,9,33,1,19,13,9,7,24,15,20,25,15,3,36,12,86,86,53,30,8,15,27,54,22,52,34,7,9,39,31,2,10,17,77,10,70,17,30,13,1,2,0,18,80,11,20
"COG4951",52,73,98,94,1135,23,62,1680,23,254,132,69,324,33,129,208,36,64,1384,28,71,61,251,66,1623,1046,345,59,46,15,254,1313,85,354,67,148,1110,157,95,87,118,505,40,91,2166,49,1507,1105,58,1807,58,1037,10,411,126,140,2956,49,22,82,1427,83,57,35,25,12,23,352,279,6895,194,145,112,1971,54,77,18,100,271,160,81,201,128,119,38,242,1602,74,442,68,19,270,121,190,1903,644,82,92,1022,55
"COG4952",632,1052,458,521,678,764,411,466,676,258,442,494,466,486,433,435,483,520,75,431,424,609,313,587,317,188,659,240,677,586,450,339,352,218,499,398,285,326,235,546,533,457,271,423,102,433,158,283,242,723,610,789,688,444,353,519,196,446,710,273,245,728,496,1168,574,558,814,428,494,141,390,1576,447,62,625,486,381,474,866,828,609,214,480,426,381,562,273,591,132,601,615,219,1142,118,380,110,438,569,2052,518
"COG4953",346,288,83,400,347,71,115,1884,259,648,62,86,457,263,309,250,130,223,446,65,177,64,336,175,1910,233,491,452,273,133,692,628,122,356,178,487,147,116,362,107,208,481,458,318,960,109,148,1520,374,526,153,38,34,146,78,319,239,41,79,28,212,93,72,68,51,36,167,83,66,286,121,113,70,228,58,37,196,110,390,117,12,122,310,152,21,98,470,150,107,161,40,141,114,843,878,342,31,159,72,74
"COG4954",51,17,17,47,26,61,72,134,14,5,9,54,80,37,23,12,53,63,11,1,24,59,39,25,32,18,74,54,105,81,40,16,64,12,11,59,9,21,37,63,33,32,28,79,60,5,28,451,71,45,47,64,56,45,3,68,12,58,17,14,9,88,26,72,19,10,17,23,3,53,48,28,21,4,65,49,31,32,11,45,86,34,30,19,18,24,36,56,3,48,15,8,34,35,24,16,73,34,32,25
"COG4955",0,1,3,26,0,0,0,0,1,0,1,0,0,2,0,2,0,0,9,20,8,0,0,0,0,0,0,0,0,0,1,0,1,0,2,0,0,4,0,1,5,0,0,0,0,3,0,0,0,0,0,3,0,0,0,0,0,0,10,0,1,3,3,2,28,31,61,2,14,0,0,0,37,0,0,0,0,1,0,4,0,0,0,13,0,0,0,0,0,0,23,0,2,0,0,2,0,0,1,2
"COG4956",1610,936,1644,150,171,809,2907,441,341,254,646,2282,540,1114,294,637,972,2213,65,481,1993,1072,63,598,3,782,1931,230,634,1724,279,34,2056,38,444,298,14,635,95,1641,1067,567,121,1792,23,265,127,417,306,219,1310,996,1116,1535,108,3491,28,1534,873,840,50,1047,1252,1195,1319,128,1,488,605,487,269,551,2163,31,1774,2118,299,1554,151,1028,654,49,120,158,16,211,2,341,151,393,204,165,824,0,8,256,1543,232,37,1067
"COG4957",67,9,16,11,171,41,74,1048,42,137,10,31,254,110,39,34,30,21,74,5,56,19,80,18,1023,35,144,82,68,24,145,234,80,56,37,204,39,37,40,38,37,107,91,76,647,10,17,1021,107,187,31,35,30,179,18,126,64,21,16,42,72,9,26,11,16,9,1,64,40,475,106,100,41,76,29,30,53,53,77,56,28,59,112,8,11,38,964,159,168,157,19,128,0,870,1278,43,53,76,40,19
"COG4959",23,18,2,0,144,36,4,1563,14,10,4,7,11,20,32,36,3,13,215,1,17,0,53,0,1377,63,205,57,33,21,57,329,6,54,5,167,71,18,18,12,26,40,104,49,392,6,21,934,59,135,29,2,17,81,68,86,28,9,5,49,142,12,10,6,5,0,1,13,15,375,91,137,10,249,6,11,15,26,60,36,3,33,82,3,0,11,1364,43,15,17,0,47,3,454,2105,206,16,48,64,2
"COG4960",9,3,0,0,27,5,1,628,8,42,0,0,49,13,7,1,0,10,6,0,3,0,7,0,348,5,10,18,31,1,34,26,3,8,2,45,6,7,9,1,9,6,17,6,3,0,1,289,17,40,10,8,5,31,5,41,14,0,0,1,25,1,4,4,1,2,3,8,3,37,21,23,3,2,4,1,7,5,23,6,0,7,10,0,0,0,205,25,4,29,2,13,0,120,624,5,2,12,3,1
"COG4961",31,66,44,386,369,38,13,3883,50,178,18,23,153,96,50,107,20,89,581,10,45,13,120,14,3096,379,141,146,225,32,295,1178,72,84,30,321,336,49,86,67,49,79,130,88,1985,10,17,2252,117,513,62,135,62,189,74,214,2504,82,17,32,580,58,44,38,17,20,22,100,53,554,138,257,49,1414,53,24,44,46,210,96,21,72,176,208,4,20,2306,494,32,161,18,81,140,2542,5153,520,79,178,183,17
"COG4962",353,292,302,125,1742,179,160,6403,511,372,78,301,486,454,390,558,433,410,674,217,540,47,398,254,6281,264,931,397,249,194,927,1940,165,5217,328,1120,599,347,320,235,465,386,631,409,2337,176,177,3624,655,940,690,390,155,855,277,733,1352,302,134,252,767,167,139,331,263,168,245,157,515,1713,688,582,284,652,146,139,510,396,463,858,77,289,626,87,224,169,7914,685,1105,398,200,810,168,4386,7882,765,258,732,537,272
"COG4963",27,10,4,50,434,48,17,2920,28,76,12,27,115,98,51,28,14,53,146,12,46,2,143,6,3147,50,168,172,109,8,154,795,50,173,15,323,146,34,63,28,52,73,147,107,892,11,43,1429,191,471,10,6,6,59,20,52,38,9,8,19,50,10,14,2,8,1,1,9,8,179,60,77,17,43,4,11,19,24,56,30,6,44,87,11,0,7,806,84,43,31,6,50,1,1032,1203,28,11,54,35,2
"COG4964",61,14,11,31,432,29,22,1481,41,38,7,47,60,79,33,38,19,44,79,36,44,17,77,10,1385,36,104,56,67,14,204,418,35,1034,30,175,123,32,47,27,36,83,63,44,477,11,11,532,114,219,169,117,74,423,74,413,231,50,49,104,375,76,103,86,48,47,71,129,107,709,296,292,93,132,57,56,215,111,345,255,198,140,344,65,55,59,3280,338,189,245,34,200,70,4156,4171,192,70,380,342,55
"COG4965",64,19,6,54,582,50,21,2767,50,51,14,56,125,96,49,53,10,61,135,20,47,12,163,11,2564,67,177,98,115,17,297,824,41,1080,9,329,233,49,58,39,37,114,135,52,770,15,27,1132,172,393,84,45,25,155,48,228,114,16,9,42,253,21,47,30,15,5,42,44,42,479,165,226,44,91,21,27,87,46,206,128,27,99,221,41,24,18,2044,243,109,134,11,122,12,2503,2781,106,25,191,197,16
"COG4966",59,14,2,199,118,44,23,838,45,247,6,18,122,35,110,116,25,29,154,32,48,38,157,9,267,97,105,91,29,5,165,716,105,127,67,213,332,41,136,20,28,89,104,18,497,19,60,40,130,340,16,64,11,69,60,198,70,8,33,17,173,15,62,21,30,15,91,47,50,150,64,89,51,153,24,13,225,26,130,39,55,139,87,149,10,28,77,175,188,98,22,229,12,516,130,266,25,81,97,19
"COG4967",14,1,2,47,83,0,6,35,1,37,0,7,2,1,12,2,6,9,109,3,26,5,35,0,18,72,44,15,4,1,52,252,5,116,4,16,56,6,20,8,1,76,12,2,185,1,22,0,33,25,0,2,1,3,19,3,68,3,1,5,140,0,15,0,1,1,83,4,17,70,4,21,1,186,3,2,132,8,38,36,14,16,108,51,1,12,6,4,16,8,2,30,3,9,30,184,8,9,59,8
"COG4968",30,28,13,98,376,15,17,383,29,155,4,5,69,25,144,67,5,21,359,18,57,19,209,24,115,157,303,227,22,8,269,479,41,287,19,308,308,46,169,13,16,195,264,20,547,12,39,40,261,217,4,46,8,59,180,124,141,4,17,26,374,8,40,12,19,6,42,36,69,106,206,479,29,282,16,8,383,20,199,79,43,151,313,69,9,49,35,149,116,82,20,213,10,296,52,363,14,88,602,28
"COG4969",86,43,48,103,703,46,49,348,86,563,53,17,160,83,358,150,51,32,492,94,115,78,675,30,362,245,356,470,52,39,440,817,226,335,94,539,401,172,630,41,118,182,292,39,595,48,241,108,676,989,72,259,31,239,121,280,857,48,45,63,494,37,121,35,49,44,20,75,68,178,339,664,156,375,63,48,145,55,859,150,93,492,533,84,121,80,142,585,333,172,72,642,23,839,262,317,19,212,975,55
"COG4970",43,28,6,156,463,29,29,542,29,262,5,9,146,36,116,79,11,14,480,25,56,49,136,10,282,170,235,223,72,11,181,487,103,277,24,278,345,33,105,17,12,181,166,19,876,17,27,39,285,217,17,66,8,87,82,162,198,5,20,35,432,41,38,15,16,8,68,27,28,177,89,91,46,387,14,14,233,22,468,77,109,109,229,112,1,36,99,115,192,102,12,271,9,782,225,483,10,88,109,10
"COG4972",817,370,538,636,2114,248,597,2066,603,1696,275,377,780,812,871,854,369,575,935,503,758,342,1372,418,799,823,1963,1280,293,389,1257,1982,401,2187,502,1269,1959,582,1225,549,624,992,1181,440,1886,611,170,1297,1335,2196,588,976,275,1354,639,1421,1386,537,308,476,1087,466,551,463,460,419,193,742,591,1068,1074,2082,648,650,601,396,1404,741,2266,733,361,1143,1266,540,350,1052,1284,1166,1325,966,410,1896,440,1823,824,1212,335,1038,3081,601
"COG4973",1416,1792,1129,1772,1723,1888,999,988,1243,1876,1393,1077,1178,1012,1827,1249,1103,1006,1068,1430,1282,1419,2274,1520,1175,1049,1517,1492,1536,1581,1337,1968,1163,1143,1247,1522,1959,1287,1898,878,1187,1431,1736,1162,1608,1353,948,254,1599,2071,1553,1611,1748,1116,1264,1156,1987,931,1477,1205,1784,1713,1604,1647,1104,1839,1726,1275,1054,1132,1259,1828,1041,2609,864,901,1527,1133,1579,1355,1277,1985,1527,2015,1801,1732,690,1457,1922,1355,1936,1921,1676,1554,608,1218,1148,1255,2318,1304
"COG4974",1639,1685,1359,2200,1810,1734,1131,2532,1685,1880,1352,1299,2015,1477,1794,1864,1516,1275,1864,1635,1312,1672,1786,1503,1865,2282,1817,2039,1875,1585,2010,1686,1229,1953,1599,1925,2668,1419,1950,1428,1482,1625,2050,1266,1743,1822,1172,2007,2270,1582,5684,4636,4814,5688,4022,5630,7693,4278,5117,4062,8596,5430,5790,5166,4249,5425,5902,4789,4462,4334,5903,6305,3263,12793,4345,3584,7528,4914,4812,5069,4186,4809,5858,8954,7134,6672,4765,5110,7432,5562,5305,6576,5193,3429,7711,4428,3990,5759,5478,4345
"COG4976",383,385,262,1286,236,260,360,250,339,192,117,180,540,413,327,359,420,284,76,217,302,263,339,299,407,110,263,282,355,251,268,140,287,527,361,309,47,367,299,425,335,289,395,300,120,172,214,881,316,180,378,330,146,301,228,432,53,356,472,64,101,559,271,469,342,338,1204,434,453,119,239,226,344,1693,416,334,265,329,135,510,550,380,215,1237,151,190,423,331,84,366,329,86,349,176,308,46,322,173,48,417
"COG4977",854,1504,1092,5152,3474,607,854,3625,974,894,350,611,745,788,1208,433,839,670,3140,407,797,933,2056,1230,3869,1512,1726,1392,1391,588,1108,4892,665,2096,563,1786,3980,691,1036,943,998,1585,1153,1262,5608,201,487,4882,1393,4178,784,2197,581,1103,1189,1493,1614,699,1110,336,2277,1756,899,1178,759,882,8142,734,585,2018,1027,1574,802,2766,1277,1100,1826,492,4509,1759,1795,1450,1799,5435,285,518,5426,527,557,781,893,1046,1291,7431,4720,2698,740,628,4047,625
"COG4978",7,1,0,2,0,0,0,0,0,9,0,0,40,13,2,1,2,3,49,0,0,0,1,1,1,3,5,0,0,0,12,2,0,0,4,2,0,0,0,6,5,5,1,4,8,5,0,0,0,0,9,0,2,13,3,45,27,1,0,0,2,1,1,0,3,0,0,4,0,5,35,4,1,0,0,1,5,7,0,1,0,0,2,7,2,0,0,10,40,18,0,10,1,3,0,180,0,5,3,1
"COG4981",0,0,0,0,3,1,3,0,1,0,2,1,0,5,0,6,0,4,0,0,0,0,0,0,0,0,0,4,1,0,0,1,0,1,0,0,0,2,0,3,15,0,3,0,0,3,0,0,1,1,4,0,3,1,1,5,0,2,1,0,1,10,6,0,1,0,3,4,0,1,2,0,0,2,1,7,5,0,2,1,0,1,2,0,0,0,0,3,0,1,0,3,1,0,0,11,7,0,0,0
"COG4982",1,1,2,0,2,5,6,0,4,0,1,5,0,6,0,14,0,147,5,0,2,0,0,1,0,1,0,2,0,1,0,3,0,1,5,2,1,0,0,5,44,0,7,5,0,1,0,0,1,1,168,0,3,1,1,6,1,2,3,0,0,11,3,1,7,0,0,6,1,0,0,0,0,1,1,1,3,3,2,0,0,0,3,0,0,0,0,4,0,1,0,1,0,0,0,19,5,3,9,3
"COG4983",549,242,1286,1420,323,250,512,14207,527,1974,475,319,573,665,472,769,626,261,14018,342,642,561,551,1301,15545,15992,300,364,302,178,306,9091,894,150,610,369,5244,1445,506,569,648,1188,296,808,2920,392,12234,25281,230,199,181,1108,292,465,265,223,4295,484,673,478,13307,745,322,204,785,685,1733,294,712,25393,282,211,1750,11042,1191,453,408,453,274,173,638,354,249,944,303,480,12965,339,1978,326,816,1957,352,1035,31835,19321,569,358,574,175
"COG4984",7,0,0,1,16,0,0,21,3,1,0,1,27,10,18,0,0,11,40,0,1,0,44,0,16,15,15,38,0,0,69,10,1,22,0,26,9,0,38,1,0,40,27,1,9,2,2,10,73,18,17,0,0,9,2,1,7,0,0,0,45,1,1,22,1,0,0,1,0,16,20,14,0,15,0,0,60,19,41,1,0,30,14,2,0,0,8,21,4,29,0,5,4,174,8,107,0,36,22,1
"COG4985",87,15,12,106,660,69,90,827,205,42,38,131,245,154,63,74,63,72,968,24,136,122,141,4,390,359,587,58,128,93,352,1248,205,597,176,219,701,28,22,105,157,351,102,94,712,122,33,101,188,102,16,238,86,236,162,245,286,57,75,66,731,68,95,28,170,29,81,47,32,304,15,99,42,842,85,81,147,93,289,217,212,21,397,149,11,83,79,51,67,91,34,72,16,534,37,728,80,205,259,46
"COG4986",3,2,0,0,2,32,4,0,0,31,22,5,1,1,3,1,1,19,1,0,0,3,2,1,0,1,10,13,31,24,10,5,0,1,1,9,1,0,3,3,1,4,5,10,82,3,69,0,0,1,0,4,6,0,3,1,14,4,7,7,24,23,8,0,1,1,0,2,5,36,3,21,0,3,0,18,2,19,1,6,14,1,3,0,4,0,1,8,9,6,2,25,0,0,0,3,8,15,20,0
"COG4987",65,49,128,3,577,17,32,172,9,26,8,11,16,14,50,14,107,16,315,42,50,17,205,116,232,269,351,91,72,16,165,522,17,268,32,204,647,34,33,30,104,250,69,49,406,1,51,189,67,603,35,626,38,275,298,497,851,96,4,64,1016,22,357,51,27,3,53,164,129,765,254,1592,126,393,366,89,40,57,1808,342,231,273,692,28,4,288,465,327,130,55,8,351,20,971,352,814,41,120,3218,14
"COG4988",40,170,99,23,1953,69,33,595,43,93,30,43,54,65,133,120,53,66,974,166,161,7,564,40,1293,674,1198,327,111,130,600,1837,43,903,26,781,2073,144,95,80,346,781,318,342,2199,21,78,552,192,1859,62,635,45,385,357,354,996,52,15,132,1080,38,184,61,33,45,69,179,173,872,294,1655,170,432,54,53,37,69,1825,384,80,307,680,30,21,267,3858,380,144,64,38,341,11,895,1179,879,61,122,3465,17
"COG4989",330,664,493,1462,1240,218,280,680,464,190,202,327,350,331,429,334,463,322,650,296,369,518,785,610,618,601,766,567,597,298,582,1470,364,570,287,306,2345,414,294,404,579,577,428,288,1697,200,319,527,288,1948,435,1349,227,528,365,442,908,331,599,147,739,606,501,581,354,490,1340,358,447,705,308,1121,305,100,544,287,611,397,1226,569,607,490,770,1825,286,368,682,312,354,310,473,357,641,424,932,761,297,279,3386,289
"COG4991",0,1,0,0,14,0,0,18,16,1,0,1,0,4,7,43,0,3,2,10,11,1,6,0,155,4,16,10,1,1,3,128,0,2,10,11,23,0,6,2,12,11,11,0,8,6,0,3,4,41,3,1,0,9,6,1,7,0,1,2,2,0,0,0,3,2,0,8,40,11,8,14,2,1,0,2,3,8,7,13,0,3,24,0,0,12,97,4,0,5,1,2,0,108,207,1,0,20,2,22
"COG4992",9562,9989,8970,9468,6361,10493,9092,3245,9883,7093,9900,9665,9309,9600,9382,9656,9459,9678,3252,9936,9990,10206,8048,9109,4409,3597,7345,8002,10356,10488,8570,3632,9275,8079,10166,8566,2991,9048,8551,9046,9406,8678,9159,9555,4079,10163,3212,4101,7979,5220,10308,8036,10559,8766,10659,8862,3821,9366,10498,10014,3070,10480,9260,9588,10221,10519,11517,9264,9708,3091,9067,6495,9273,2495,7939,9439,8410,9726,6553,9661,9682,9044,8700,10699,10399,9169,6836,9167,6119,9622,10191,6526,10067,4415,4073,3344,9022,9700,4109,9911
"COG4993",6118,3236,2996,5202,10379,1580,3199,11727,8957,9499,2510,2383,10625,9052,8069,6478,3918,2417,4161,4059,5791,4276,11568,4073,7212,2366,6569,14418,3094,2069,7678,9043,15980,4680,7031,13492,6957,5017,15244,3741,5537,6378,13884,2892,5383,5837,1271,2357,18337,13683,3326,5739,1412,10311,7745,4636,4113,3480,6104,2182,2998,3499,3204,2312,5745,6511,4017,8822,5706,2779,13911,13730,4983,2904,3030,2873,15673,6168,8361,5274,4003,12790,13161,5292,3721,6541,5366,15940,9418,9502,7010,9430,3208,8455,5235,2610,1837,12769,8176,5762
"COG4994",1,0,0,0,12,0,0,0,1,13,0,3,1,0,10,0,0,3,8,0,6,0,22,5,5,12,0,17,0,1,2,1,0,58,0,17,17,0,11,0,0,20,51,1,73,0,1,0,15,10,8,0,0,0,2,3,25,0,0,3,31,0,0,0,1,0,3,0,0,0,5,7,1,1,0,0,51,0,17,3,0,18,63,0,3,0,5,1,43,0,0,32,0,0,10,9,0,4,0,0
"COG4995",245,203,282,234,721,182,491,1741,275,1072,170,321,362,244,560,394,545,423,138,143,298,263,548,318,907,111,1063,457,180,223,407,791,398,406,143,529,182,164,738,295,327,390,519,457,924,184,53,116,416,329,1014,609,581,1364,1274,1966,1463,955,595,844,845,724,1049,566,514,254,320,564,926,2216,1683,4849,1052,625,1092,993,1994,1189,3032,1005,866,1351,2084,606,289,936,4583,1722,4552,791,287,3449,474,819,1629,351,922,2094,5974,800
"COG4997",20,6,26,1,9,2,21,107,9,8,15,4,20,6,20,13,1,7,313,10,15,8,18,11,210,709,22,19,5,4,41,210,35,34,22,20,349,46,20,6,11,61,34,13,416,8,317,155,10,18,8,29,2,6,73,1,982,11,10,13,644,5,33,1,9,7,0,13,18,359,29,7,7,695,48,6,14,9,14,4,6,39,35,7,16,38,192,65,35,75,9,17,20,36,170,284,8,18,2,4
"COG4999",0,2,0,0,1,0,0,0,0,0,0,1,2,0,2,0,1,0,1,0,0,1,2,1,0,5,0,0,2,0,153,2,2,0,0,10,0,0,1,0,0,0,4,0,3,0,0,0,1,0,0,4,0,1,0,0,4,0,0,2,19,0,2,2,0,0,330,0,0,0,0,5,0,2,0,0,0,0,0,0,2,0,0,0,0,0,0,5,1,0,0,0,3,0,0,1,1,0,167,0
"COG5000",5154,6608,5757,6733,4001,7957,3972,3858,6201,6343,7768,6068,4352,5812,6422,5593,6325,5601,1992,7549,4349,7309,5469,6645,4991,2035,2719,5395,7597,7156,5038,1380,4878,5221,6473,5001,1211,4856,6104,6034,5890,5883,5026,5662,2463,6418,1947,4222,5142,2744,6340,2919,7857,4092,4232,4203,2835,6424,6468,7768,2302,6485,5341,5875,6333,7473,7388,6316,5316,2555,5418,3516,5026,1726,4240,6403,5809,5994,3800,5967,7826,5478,5272,7483,6757,5921,5628,5515,4399,5283,7002,4855,6730,4325,4812,1666,6285,5289,580,6542
"COG5001",736,1163,551,551,14572,1003,303,12065,434,1066,353,447,647,515,1411,728,262,696,8897,1185,1162,314,6165,373,16476,6175,9705,3365,874,630,5528,17302,588,8977,205,5029,19454,976,1359,440,2597,5423,2338,1319,22522,282,1247,5637,1943,18467,1611,18122,2005,10673,10032,11662,25112,511,553,2808,30175,914,3193,1043,662,392,1652,3882,3245,24183,5893,38655,3903,16754,736,1123,2773,2506,53967,8252,1961,9385,17031,1656,692,7276,38651,9194,7785,2447,591,9796,542,37708,31136,30315,2005,3811,90086,887
"COG5002",560,363,149,1079,3602,266,197,2664,495,904,170,266,926,515,829,871,248,591,4184,379,509,288,1068,176,3108,1237,3666,1009,650,468,1907,6614,271,2250,376,2151,2765,353,689,329,387,742,952,715,4097,341,229,3796,1271,1937,738,181,225,1213,1316,1036,1410,312,398,642,2907,429,658,366,294,426,1958,582,372,3470,866,1138,409,4074,231,209,1207,640,1102,1005,311,767,2912,1558,739,663,2232,870,1313,812,442,1113,354,16652,4134,3895,269,1410,837,281
"COG5004",0,0,3,0,8,0,0,8,1,3,0,0,0,2,0,19,0,2,5,0,1,0,4,8,2,4,3,1,0,0,1,5,3,0,0,12,11,29,0,0,2,27,3,0,3,0,0,17,2,4,0,0,0,0,4,5,1,0,0,0,17,0,0,2,1,0,0,1,3,3,0,0,0,9,0,0,0,5,4,4,1,0,8,0,0,0,0,0,0,0,0,4,0,2,0,11,0,1,1,0
"COG5005",0,1,0,0,4,0,0,124,0,0,1,1,1,1,0,5,0,0,9,0,1,3,12,0,189,74,4,15,7,0,3,27,2,3,0,13,13,0,1,0,0,8,4,5,12,0,1,31,4,4,0,0,1,7,4,2,25,0,2,3,27,0,2,0,0,0,0,0,0,7,5,4,1,50,0,3,0,6,9,0,6,2,8,0,0,0,135,2,2,6,1,0,0,40,77,138,0,3,7,0
"COG5006",48,33,53,13,489,6,32,3,77,16,39,6,110,80,87,86,107,20,483,40,114,1,277,31,141,336,172,162,13,3,158,840,68,286,78,141,977,134,58,40,72,365,93,100,672,152,72,39,86,930,32,387,5,216,106,45,381,53,42,53,420,6,68,19,47,50,25,111,96,488,144,90,75,498,86,21,24,98,145,105,39,143,367,22,272,199,882,88,106,115,40,52,4,34,219,523,50,85,700,50
"COG5007",130,109,151,156,351,30,106,168,167,354,95,71,146,127,214,185,115,110,208,193,122,121,272,161,127,126,293,208,102,42,219,437,156,199,157,194,339,155,272,143,148,209,228,89,591,179,48,43,279,365,115,228,38,198,154,142,380,108,169,153,270,121,119,74,106,173,198,142,157,118,138,361,96,115,94,121,257,94,440,145,128,234,270,142,210,264,44,182,354,179,173,375,104,320,104,169,98,241,523,114
"COG5008",95,118,67,315,1671,59,62,1551,89,459,21,68,255,139,334,341,31,79,1795,182,157,98,716,47,768,857,1274,575,144,47,838,2876,197,989,110,774,2274,142,419,82,228,519,511,113,3119,42,96,189,522,1967,41,731,43,453,471,483,851,22,48,123,1466,27,170,31,79,43,66,194,210,835,296,1184,194,1574,50,50,431,107,2134,321,241,460,833,324,30,301,265,605,428,300,42,675,27,2069,605,1583,85,266,2900,60
"COG5009",11580,13838,11200,11866,7962,16050,9140,6014,11752,10056,15412,11818,7997,10297,10494,10867,11301,11316,5020,14134,9238,15087,8700,13478,6998,4382,6815,8515,15646,13835,9269,6109,9523,9081,12036,7529,6326,9805,8651,11155,11514,11888,7614,11647,7225,12527,4043,5847,7577,7750,4252,3249,5034,2614,2603,2579,2338,4067,4161,5184,1537,4643,4110,4214,4132,4447,4908,4085,3738,1323,2661,2457,3072,1092,2983,3928,2571,3822,2661,3905,5026,2676,2559,4402,5135,4422,1970,3379,3204,3547,4251,3067,4963,2827,2018,1706,3918,2881,2247,4252
"COG5010",11,14,1,21,122,13,5,993,8,19,1,8,56,36,41,19,8,18,88,14,21,1,52,1,780,17,23,44,53,1,124,342,28,92,10,109,38,16,19,9,24,22,55,35,310,3,16,535,68,152,15,18,10,47,9,41,45,4,12,6,63,7,26,12,3,3,1,14,13,74,40,58,11,23,13,14,17,6,69,35,3,25,56,24,1,10,563,39,56,65,4,29,33,810,1332,38,6,24,81,12
"COG5011",1366,206,1155,194,139,1,268,2,103,595,13,23,343,110,254,231,857,94,48,36,593,283,93,911,0,1255,153,50,484,7,97,24,338,335,520,55,19,276,67,180,278,128,102,179,35,36,90,6,68,34,197,467,6,180,80,1711,90,325,469,28,40,296,769,592,328,65,1,86,194,5,42,120,901,6,1203,516,41,39,76,233,927,117,42,186,57,170,0,107,622,225,141,385,420,0,0,465,50,59,33,44
"COG5012",552,529,459,1578,880,325,535,477,1324,4138,207,415,1952,1264,2377,1036,734,458,120,869,838,626,2398,545,431,163,510,1943,801,343,2083,213,1054,496,959,1373,55,555,2726,480,457,869,1593,494,186,1625,235,1084,2083,822,487,727,300,1687,1238,537,1933,412,793,136,185,608,557,683,542,816,1570,709,767,269,1974,969,658,214,694,509,2027,839,795,624,775,2321,1962,1522,400,947,275,2089,4595,1808,894,4186,617,947,460,119,412,2739,232,671
"COG5013",44,89,39,575,622,24,61,270,293,23655,28,9,395,273,8993,408,223,47,96,169,318,10,8200,305,601,234,945,173,49,10,637,745,246,225,488,518,757,222,6846,72,137,627,2053,44,1423,409,120,238,275,780,36,36,13,262,463,438,8363,33,201,44,404,23,81,31,129,259,15,463,254,170,100,3609,293,108,113,48,556,130,294,173,48,6771,189,477,8,687,328,861,14591,321,342,17077,8,855,149,160,38,970,3890,181
"COG5014",14,9,28,61,66,2,19,0,46,222,6,5,48,43,137,60,26,11,1,47,38,17,218,38,1,2,67,104,3,4,64,3,28,55,45,90,5,90,198,18,18,67,157,23,27,56,7,0,123,52,9,25,1,66,104,13,267,15,16,21,3,4,12,2,25,48,7,60,35,0,114,70,23,6,17,18,108,59,59,27,15,198,122,49,26,111,1,57,576,64,30,347,7,0,1,2,6,64,7,52
"COG5015",1,0,0,0,1,0,0,0,1,0,0,0,30,12,0,8,0,2,0,0,0,0,1,2,0,0,8,7,0,0,15,0,0,0,2,6,0,4,0,2,1,10,7,0,0,0,0,0,4,3,5,0,0,16,0,6,1,0,1,0,1,0,1,0,0,2,0,11,2,0,1,1,3,3,1,0,1,3,0,2,0,0,2,1,0,0,0,7,0,10,0,0,0,0,0,0,0,3,1,3
"COG5016",1731,1963,1067,2627,3310,2678,1218,1683,1657,2625,1347,1712,1910,1292,2638,1255,1374,1404,2538,1661,1390,1565,3598,1562,1687,1312,2428,3021,1869,2161,3057,3944,1887,2060,1170,2628,3425,824,2889,1045,1308,2082,2656,1825,4643,1527,534,429,3023,3675,1841,2188,2229,1791,2681,1394,1669,1155,1251,1707,1925,1965,2005,1763,1126,1922,2489,1342,1231,1296,2260,2945,1188,1856,880,1294,3233,1538,5401,1621,1589,3150,2875,2759,2307,2079,544,2153,2246,2078,1936,2243,1627,3748,880,1985,1262,2212,4404,1412
"COG5017",23,16,1,70,3,11,16,1,22,12,4,12,15,18,7,26,16,3,1,11,25,1,19,5,2,9,34,14,14,6,18,4,6,19,42,4,7,31,4,8,23,25,16,30,142,4,3,31,6,1,23,5,8,12,3,43,29,4,12,5,8,24,6,11,19,22,25,4,16,2,5,6,58,2,19,18,1,5,2,9,5,4,25,43,24,13,2,17,34,9,32,10,8,10,2,1,1,8,14,4
"COG5018",20,24,8,61,141,13,7,55,4,46,4,10,21,29,31,20,19,21,227,1,22,4,92,11,122,98,175,39,6,12,81,335,13,28,8,112,133,13,49,10,15,39,84,58,485,0,206,6,73,154,39,6,11,32,38,135,207,11,10,5,149,9,29,18,7,6,46,23,12,204,27,72,45,172,1,46,20,16,62,26,8,51,40,68,1,22,21,43,29,7,9,62,23,65,42,239,16,25,107,7
"COG5019",3,0,5,0,0,1,3,0,5,0,1,4,0,3,1,9,3,3,0,0,2,0,0,0,0,0,1,0,2,2,0,0,4,0,2,0,0,0,0,0,3,4,0,41,0,0,3,0,0,0,2,0,6,0,0,1,0,1,0,0,0,1,2,0,0,2,18,2,2,1,0,0,25,0,1,38,1,3,0,0,6,0,0,0,0,0,0,0,0,0,2,0,0,0,0,1,0,0,2,1
"COG5020",48,106,29,178,6,19,58,99,51,1,108,25,21,74,17,50,49,63,285,2,10,41,1,10,195,165,14,1,18,22,3,35,18,3,77,4,74,75,2,105,39,28,5,165,27,24,210,125,6,4,111,7,14,14,11,24,10,85,73,119,198,39,69,48,39,101,38,16,52,476,2,1,90,512,99,95,13,65,0,21,3,2,0,147,55,13,169,37,8,34,132,1,216,2,51,368,177,3,5,28
"COG5021",585,219,191,667,23,40,295,0,631,1,13,70,515,650,117,559,1156,49,10,41,596,44,7,218,0,216,92,7,65,67,130,17,97,19,1415,2,14,1647,3,167,700,137,3,792,2,60,157,0,16,6,87,77,26,81,0,42,1,78,167,8,20,31,15,23,282,294,205,25,258,1,4,5,619,0,364,161,18,52,3,15,36,3,1,21,16,2,0,2,0,51,309,4,31,0,0,13,25,7,22,37
"COG5022",457,336,194,524,87,95,273,0,454,9,41,168,259,565,169,516,417,203,17,98,382,61,63,181,0,445,96,21,110,70,30,45,192,48,714,13,25,325,27,215,411,205,12,1837,2,56,77,1,32,5,498,72,104,205,27,64,4,256,415,54,52,210,93,245,560,286,787,104,457,51,19,23,1291,22,515,996,122,248,35,71,203,38,34,332,21,66,0,46,1,115,370,52,271,0,0,47,96,54,100,231
"COG5023",286,233,122,318,56,113,197,0,375,1,21,155,190,438,134,454,295,127,171,12,232,25,17,110,0,286,72,23,132,103,10,52,116,18,593,27,30,321,18,146,335,121,20,1065,25,18,122,1,10,5,367,62,125,117,3,47,35,180,343,35,64,137,60,112,400,305,586,78,395,64,26,17,1020,35,386,449,70,242,75,48,143,19,40,27,17,10,0,33,0,55,362,4,169,0,0,462,47,47,94,204
"COG5024",140,97,36,152,8,13,54,0,138,0,5,19,111,208,54,147,176,16,1,30,153,7,7,47,0,98,11,0,4,9,5,12,21,4,288,1,0,249,0,38,154,44,0,270,1,184,23,0,2,3,102,40,13,53,0,21,0,55,109,5,11,35,8,47,175,149,184,22,140,5,1,2,495,0,188,211,13,50,6,15,26,6,0,17,7,7,0,3,0,28,205,1,68,0,0,10,15,4,23,50
"COG5026",14,12,7,0,19,2,12,0,10,5,16,6,0,6,2,14,1,15,0,0,2,8,2,3,0,23,4,1,20,7,0,4,5,1,7,24,0,1,2,5,4,8,6,55,2,0,2,0,7,9,28,0,5,2,0,0,10,13,5,8,1,3,34,20,20,3,1,1,5,0,16,3,8,0,5,50,26,6,12,2,35,3,4,0,0,0,0,0,36,3,0,21,14,0,0,3,1,1,1,7
"COG5027",94,55,29,144,4,6,46,0,114,0,3,12,108,146,26,110,201,16,1,12,125,8,1,44,0,49,24,0,7,10,2,5,28,3,281,1,2,235,0,35,137,19,0,99,0,10,22,0,3,3,55,32,5,70,0,21,0,43,106,1,7,32,14,21,204,140,180,13,145,1,3,2,429,1,224,77,10,27,2,5,15,4,0,8,10,2,0,1,0,28,187,0,32,0,0,6,4,1,17,26
"COG5028",142,40,30,166,5,3,70,0,113,0,8,10,94,108,26,107,230,14,3,9,157,5,6,47,0,141,11,0,9,9,1,18,13,6,264,0,1,288,0,27,144,21,3,190,0,5,25,0,2,0,70,55,7,42,0,21,0,41,126,2,8,14,9,28,177,182,228,20,138,0,2,6,438,1,190,111,7,14,0,10,10,9,0,17,10,1,0,2,0,27,238,0,50,1,0,6,13,2,9,34
"COG5029",95,32,16,102,9,3,50,231,90,3,3,16,126,155,21,93,99,21,0,5,80,4,12,21,0,53,62,13,5,2,67,9,11,0,162,13,2,138,8,34,88,57,17,136,1,6,12,0,57,19,79,33,9,125,1,72,1,30,77,4,6,36,10,33,134,104,83,35,82,0,21,9,254,9,112,77,77,54,10,25,8,7,9,12,7,1,0,112,0,107,105,3,29,2,4,7,8,26,13,38
"COG5030",57,25,18,77,0,2,16,0,53,0,3,5,43,53,9,47,103,6,2,5,68,2,2,23,0,49,5,0,5,2,2,6,9,0,126,0,0,132,0,14,71,9,0,51,1,6,15,0,0,0,32,23,7,28,0,18,0,26,41,1,2,5,5,13,89,98,65,5,60,0,1,0,162,2,82,43,5,19,0,1,8,1,0,13,5,0,0,1,0,10,97,0,19,0,0,5,2,0,8,15
"COG5031",168,109,172,274,65,41,80,538,51,16,13,92,50,97,68,46,60,47,29,2,190,99,58,98,746,152,65,22,159,31,34,119,88,13,114,53,18,60,15,64,71,34,31,65,138,6,64,120,30,67,102,196,62,82,14,294,10,109,138,19,24,141,125,103,62,39,40,15,39,296,44,71,317,38,157,122,12,37,7,171,359,35,51,149,3,8,1012,24,11,29,56,24,114,43,262,22,38,36,14,47
"COG5032",1665,617,468,1589,51,117,435,3,1260,26,96,161,862,1301,380,1084,2137,170,223,255,1133,81,76,564,6,1020,168,24,163,116,50,109,173,33,2750,9,54,3323,37,395,1304,330,17,1268,8,231,376,1,47,8,828,471,116,536,30,357,22,464,1056,106,73,398,147,432,1623,2450,893,202,1648,57,27,44,3784,84,2104,735,45,366,23,157,177,80,24,366,231,131,0,51,0,295,2778,46,545,0,0,235,142,41,142,404
"COG5033",21,17,2,23,1,0,10,0,20,0,0,0,19,19,6,12,24,0,0,1,25,0,1,3,0,20,0,0,1,0,0,4,0,2,40,0,0,45,0,3,21,9,0,0,0,5,1,0,0,0,11,5,0,7,0,4,0,7,16,0,1,7,1,3,25,27,38,0,22,0,1,0,81,0,26,6,0,2,0,2,0,0,0,2,3,0,0,1,0,3,33,0,1,0,0,1,0,0,2,1
"COG5034",23,18,3,18,0,1,14,0,24,0,0,2,22,23,5,27,36,3,0,1,17,2,1,3,0,9,3,0,1,0,1,1,9,0,48,0,1,36,0,10,17,8,0,2,0,0,8,0,0,0,9,1,0,4,0,3,0,2,9,0,0,1,4,0,9,13,7,1,12,0,0,0,24,0,11,3,1,5,0,2,4,1,0,0,0,0,0,0,0,2,6,0,4,0,0,0,0,1,0,1
"COG5035",48,27,6,40,0,0,19,0,23,0,1,2,25,40,15,35,45,5,0,2,32,0,4,14,0,45,7,0,1,3,1,8,3,0,74,0,0,51,0,12,30,15,0,64,0,2,10,0,1,0,45,9,1,14,0,8,0,17,25,0,0,11,1,15,31,44,30,2,34,0,0,1,164,0,36,37,0,10,0,5,3,6,1,2,2,0,0,0,0,8,49,0,24,0,0,6,2,0,4,17
"COG5036",53,47,18,88,0,1,17,0,69,8,0,19,50,90,23,51,104,13,2,4,61,6,0,15,0,37,13,1,10,0,6,2,17,3,152,0,13,80,0,20,64,48,5,16,1,6,21,0,1,0,67,24,3,10,3,5,3,26,73,0,9,9,12,9,94,90,91,16,61,2,3,0,214,2,91,22,11,34,0,16,21,5,1,9,4,47,0,3,17,23,74,3,28,0,0,3,1,6,6,31
"COG5038",255,116,49,367,0,11,108,0,213,0,5,23,203,250,74,200,398,16,3,17,374,4,8,61,0,213,21,0,11,22,5,26,36,1,644,0,8,517,0,59,285,66,0,68,0,14,37,0,3,0,166,99,15,100,0,50,0,60,263,1,12,32,19,61,356,430,355,24,288,1,2,1,1081,4,357,86,17,40,0,19,28,15,4,26,16,1,0,5,0,45,495,0,94,0,0,18,7,6,33,83
"COG5039",1,13,5,18,125,3,1,0,8,0,9,0,1,7,3,6,3,2,18,0,6,0,51,2,0,13,7,1,1,3,34,59,5,11,6,20,100,1,6,6,5,65,10,20,281,2,39,1,7,65,13,2,0,31,6,4,72,1,8,15,56,1,13,2,4,2,30,7,11,208,6,10,10,3,3,8,8,2,44,31,3,9,73,26,0,2,23,5,17,1,1,5,3,1,2,51,8,10,22,4
"COG5040",49,31,25,49,1,2,32,0,61,0,0,11,37,77,19,82,86,12,0,9,72,6,3,26,0,17,4,0,5,6,4,3,13,6,152,0,3,125,0,20,68,17,0,35,0,6,16,0,0,0,45,22,8,36,0,13,0,27,63,0,3,17,2,11,84,91,66,16,96,0,1,0,203,0,115,25,2,30,1,10,13,3,0,1,0,0,0,1,0,10,91,0,18,0,0,5,12,0,8,13
"COG5041",19,17,12,31,6,2,11,0,25,0,0,4,16,44,6,36,33,4,1,2,30,1,0,9,0,0,4,0,1,1,3,0,7,4,47,0,2,63,0,11,24,9,0,23,0,3,2,0,0,1,19,6,1,16,0,6,0,16,30,0,4,7,2,3,44,39,41,3,42,0,1,0,134,0,47,16,3,23,1,6,2,0,0,4,1,2,0,0,0,3,50,0,11,0,0,2,0,1,0,5
"COG5042",103,102,56,174,526,196,145,394,70,15,52,99,168,124,54,52,39,81,138,71,75,208,237,74,21,191,402,155,170,148,170,459,301,165,54,82,661,43,52,130,205,122,85,163,575,50,15,2,27,820,65,335,177,240,100,176,250,72,43,36,204,106,73,50,54,27,6,138,56,230,45,825,95,24,76,91,42,130,780,152,206,137,119,110,20,153,3,221,56,103,31,165,49,53,4,99,55,34,1802,83
"COG5043",303,129,65,106,0,5,60,0,160,0,1,27,43,89,76,156,402,18,5,6,53,12,8,94,0,303,18,0,13,18,11,28,24,0,299,0,1,743,1,30,141,40,5,439,0,2,54,0,2,1,166,41,21,41,4,57,0,35,44,6,18,24,11,63,148,379,198,19,270,1,2,2,149,4,335,209,18,27,1,12,30,12,0,7,22,0,0,1,0,77,378,0,95,0,0,26,20,4,33,72
"COG5044",22,12,3,33,3,0,15,0,30,0,1,6,17,25,6,24,53,3,1,2,43,5,1,9,0,13,4,0,4,0,3,2,4,2,44,0,0,68,0,12,40,5,0,44,1,1,4,0,0,0,52,27,9,35,0,16,0,32,88,3,3,17,6,13,134,121,119,5,94,4,0,0,288,1,141,76,5,16,1,9,16,8,0,10,3,2,0,2,0,19,153,0,18,0,0,6,10,6,12,26
"COG5045",1,1,0,7,1,0,2,0,5,0,0,0,8,4,2,1,11,0,0,0,8,0,0,2,0,5,1,0,0,0,0,0,0,0,8,0,0,5,0,4,5,2,0,0,0,0,2,0,0,0,7,5,0,3,0,3,0,8,11,0,0,3,0,3,18,17,16,2,15,0,0,0,41,0,22,4,0,6,0,2,0,1,0,0,0,1,0,0,0,1,15,0,6,0,0,0,2,0,0,5
"COG5046",25,8,5,26,0,0,4,0,21,0,1,6,17,19,6,18,31,1,1,1,26,0,1,5,0,14,3,0,0,1,0,1,4,0,47,0,0,46,0,4,23,4,0,7,0,1,2,0,0,0,30,8,2,10,0,4,0,4,22,0,0,7,2,7,28,31,23,3,28,0,0,0,88,0,20,16,1,1,0,2,5,2,0,1,1,0,0,0,0,0,41,0,7,0,0,1,0,0,6,2
"COG5047",101,54,24,223,3,4,54,0,137,0,2,11,81,159,19,88,222,11,1,8,191,3,1,37,0,62,13,0,6,1,5,7,15,4,358,0,1,303,0,21,158,25,3,77,0,9,29,0,6,2,57,65,6,45,0,27,0,57,157,0,2,27,10,14,239,192,218,7,146,0,4,0,572,0,218,67,6,24,1,10,12,5,1,17,8,2,0,0,0,22,223,0,31,0,0,8,6,3,8,30
"COG5048",111,16,10,134,4,9,22,0,64,15,2,18,36,74,9,35,32,9,111,28,156,7,5,10,0,234,18,2,9,29,97,11,10,1,137,3,8,11,7,14,92,8,7,57,4,9,17,0,9,2,28,23,16,16,1,15,39,25,139,3,139,20,6,7,113,51,164,4,26,7,7,5,464,23,45,48,20,20,2,4,9,5,3,16,416,18,0,17,20,36,90,42,10,0,0,495,3,15,91,21
"COG5049",631,350,795,2295,292,233,359,21,479,42,1204,423,485,609,187,899,621,350,1214,521,417,349,110,827,17,886,169,47,490,321,209,68,343,279,1117,75,403,814,85,657,592,413,59,1107,38,684,390,52,76,13,133,104,137,136,30,78,31,111,263,431,222,344,182,177,287,349,199,153,383,96,20,20,433,263,246,358,19,162,12,112,164,29,18,582,131,176,1,86,11,81,315,45,312,2,1,293,127,48,31,85
"COG5050",50,16,11,55,225,5,30,0,93,33,1,9,47,35,180,78,85,4,1,13,30,14,252,21,0,30,19,386,26,4,41,1,27,170,108,446,2,139,431,16,58,28,441,34,2,13,10,0,328,152,26,15,19,40,225,22,7,16,37,7,4,20,4,3,66,76,39,8,69,1,470,186,103,6,82,24,588,32,249,3,103,180,304,9,4,21,0,78,105,28,83,147,14,0,0,1,6,285,11,35
"COG5051",3,1,1,0,0,1,2,0,1,0,0,1,9,14,1,7,4,1,0,1,3,1,0,1,0,0,1,0,0,0,0,0,1,0,13,0,0,2,0,2,3,5,0,26,0,0,0,0,0,0,8,1,3,5,0,0,0,3,5,0,0,2,1,1,6,3,3,1,9,0,0,0,13,0,5,16,1,4,0,3,1,0,0,0,0,0,0,0,0,2,4,0,3,0,0,0,0,0,1,2
"COG5052",17,21,6,25,1,1,11,0,5,0,1,3,15,14,12,12,10,1,1,1,14,1,1,3,0,9,6,0,2,1,0,1,5,0,22,0,0,1,0,5,17,5,1,95,0,1,1,0,1,0,22,3,3,4,0,0,0,18,18,0,1,9,2,7,20,7,25,3,23,0,0,1,63,0,20,56,4,6,0,2,6,1,0,0,0,0,0,0,0,2,11,0,8,0,0,1,1,0,3,7
"COG5053",83,78,181,460,35,60,87,4,79,25,309,84,55,94,31,160,62,97,230,130,78,92,14,176,5,113,44,8,106,117,30,9,79,57,223,11,59,87,8,153,81,64,12,204,6,141,93,6,14,6,42,56,72,46,17,36,10,51,192,284,89,230,94,108,160,215,227,108,205,27,9,4,193,61,96,257,10,76,8,47,116,16,10,375,95,82,1,49,7,45,201,10,227,4,1,188,72,32,17,94
"COG5054",180,105,267,772,74,88,116,5,105,28,483,130,109,184,52,290,81,138,459,230,106,124,22,300,7,312,58,11,218,132,92,23,167,90,251,42,155,127,26,288,136,172,20,263,15,264,107,11,13,7,68,93,195,121,31,89,57,77,261,452,240,404,188,212,246,246,227,193,347,85,19,17,283,246,181,316,20,176,10,97,216,20,20,619,150,188,0,99,20,91,250,30,315,1,0,327,153,51,20,79
"COG5055",24,14,33,15,1,6,99,259,3,1,8,11,64,6,3,31,5,17,2762,3,4,21,0,7,792,4361,35,1,4,38,4,939,12,0,4,0,2881,15,1,16,14,23,3,72,173,4,1635,77,2,0,15,38,5,11,4,25,253,21,3,15,2222,24,24,13,14,5,0,9,6,4804,0,3,15,1844,35,21,0,11,1,8,9,0,1,13,5,18,549,21,0,2,3,0,21,12,2456,5437,36,2,9,10
"COG5056",13,12,0,0,3,2,1,0,1,0,0,4,0,2,5,7,0,1,1,0,0,1,2,0,0,22,3,0,0,0,0,2,3,3,1,0,0,0,0,0,2,4,1,3,0,0,2,0,0,0,10,0,1,1,0,0,0,3,3,0,0,2,0,9,3,3,3,0,4,0,0,3,20,0,0,5,3,3,1,0,2,3,0,0,0,0,0,0,0,1,1,0,8,0,0,1,0,0,2,11
"COG5057",1,0,3,19,0,2,11,0,1,0,1,4,5,9,2,11,3,0,0,0,11,0,0,2,0,0,4,0,2,2,1,0,3,0,20,0,0,1,0,1,6,2,0,12,0,1,1,0,1,0,0,6,1,3,0,0,0,5,9,0,1,3,0,0,11,11,11,0,5,0,0,0,32,0,6,17,2,0,0,1,10,0,0,3,0,0,0,0,0,0,15,0,0,0,0,0,0,2,1,1
"COG5058",14,4,5,17,3,3,4,0,14,0,1,2,3,7,3,7,13,2,0,1,12,1,0,4,0,20,2,0,1,1,1,1,6,0,25,0,0,13,0,5,10,3,2,17,0,4,0,0,0,0,35,5,13,8,0,5,0,19,40,2,0,24,0,10,48,31,71,5,36,0,0,2,141,1,45,47,7,12,1,8,10,1,0,6,1,0,0,0,0,10,38,0,8,0,0,6,8,0,2,10
"COG5059",1619,1340,433,1718,86,137,786,0,1716,6,311,322,1243,2065,584,1746,2248,330,62,108,1676,123,57,516,3,1165,282,9,224,217,32,144,425,49,3516,11,43,2146,9,575,1795,566,21,2188,9,145,321,10,24,9,1900,409,295,565,5,248,9,803,1646,337,88,473,253,574,2204,1745,2513,234,2110,49,37,35,6161,15,2098,1522,144,841,20,380,420,110,3,207,80,46,0,30,6,296,1867,3,862,1,1,169,140,46,196,798
"COG5061",85,32,21,68,3,0,18,0,73,0,2,3,62,55,12,52,135,5,5,4,60,1,5,22,0,57,2,0,3,1,2,8,3,0,160,0,0,193,0,17,84,8,0,76,0,3,12,0,1,0,51,29,1,25,0,23,0,17,39,0,4,4,7,15,93,121,73,5,71,0,1,0,156,0,109,49,0,5,0,2,2,2,0,11,5,2,0,0,0,16,160,0,26,0,0,4,3,0,3,16
"COG5062",13,4,1,9,0,0,3,0,8,0,0,0,10,11,0,3,18,2,0,1,10,0,0,3,0,1,3,0,0,0,0,0,0,0,24,0,0,31,0,7,19,2,0,3,0,0,3,0,0,0,13,8,0,9,1,11,0,12,22,0,1,5,4,4,49,39,49,2,34,0,0,1,75,0,60,26,0,9,0,1,3,0,0,0,2,0,0,0,0,5,39,0,4,0,0,1,2,1,2,4
"COG5063",16,3,9,37,0,4,18,0,18,0,8,1,20,36,2,21,26,9,1,15,30,6,1,10,0,4,5,1,5,2,9,0,6,0,76,1,4,39,1,8,34,9,1,19,0,16,6,0,0,0,2,6,12,13,0,2,0,9,30,11,34,17,2,1,21,19,17,6,30,0,0,0,74,4,43,20,3,6,0,3,8,0,0,9,1,9,0,12,0,7,27,0,2,0,0,3,0,2,5,10
"COG5064",91,91,35,109,6,13,95,0,117,1,15,36,76,137,44,123,149,42,6,65,141,16,5,30,0,89,138,6,22,21,8,7,57,5,246,0,12,76,0,46,131,137,1,220,1,12,23,0,4,1,141,13,22,31,0,8,0,65,116,5,6,33,16,30,161,88,231,35,140,1,2,0,585,2,95,155,34,79,2,26,59,9,3,10,4,168,0,1,0,24,101,1,55,0,0,7,11,3,21,101
"COG5065",2,12,7,0,0,0,3,0,7,0,0,0,2,19,3,7,5,9,0,0,4,0,0,6,0,0,1,0,0,0,0,0,4,0,11,0,0,1,0,2,7,1,0,8,0,0,3,0,0,0,8,0,0,1,0,1,0,9,4,0,0,0,1,1,10,0,7,1,8,0,0,0,13,0,15,1,1,9,0,4,0,0,0,0,0,0,0,0,0,2,2,0,2,0,0,0,0,0,0,5
"COG5066",28,15,7,31,1,7,11,0,40,0,1,5,20,40,6,48,40,5,1,0,25,1,0,10,0,2,9,0,2,2,2,0,7,0,53,0,0,37,0,10,33,11,0,4,0,5,5,0,1,0,33,8,3,14,0,8,0,14,32,1,1,13,3,5,36,47,30,3,45,0,0,0,158,0,35,16,3,34,0,8,8,0,0,2,2,0,0,1,0,4,57,0,12,0,0,0,1,0,1,10
"COG5068",18,0,7,49,0,0,4,0,17,0,1,0,10,19,1,11,60,0,0,2,39,0,0,11,0,1,0,0,0,0,2,0,1,0,72,0,0,76,0,0,33,0,0,4,0,0,6,0,0,0,0,13,0,8,0,4,0,5,16,2,2,7,0,0,33,37,43,0,18,0,0,0,115,0,46,18,2,1,0,0,0,0,0,2,1,0,0,0,0,2,41,0,0,0,0,0,1,0,0,0
"COG5069",96,106,17,13,16,6,32,0,52,1,0,11,13,54,44,70,20,18,3,3,20,5,0,23,0,104,15,0,9,13,0,12,28,6,48,0,1,0,0,31,33,28,2,213,1,2,6,0,0,1,46,0,6,1,0,0,0,14,15,2,1,7,1,16,14,7,36,2,24,0,0,2,48,0,11,45,4,14,2,3,9,4,0,0,0,1,0,1,0,3,5,0,19,0,0,3,5,0,1,13
"COG5070",40,12,10,43,7,0,10,0,35,0,2,4,13,43,9,37,52,1,1,0,36,0,0,8,0,22,5,0,3,2,1,0,4,2,63,0,1,71,0,7,36,8,1,97,1,3,8,0,1,0,16,7,2,12,0,11,0,5,24,0,1,7,3,5,36,56,61,5,25,0,0,0,116,1,50,50,6,10,0,4,11,4,0,8,4,0,0,0,0,12,50,0,11,0,0,4,1,0,4,17
"COG5071",29,24,8,40,0,1,16,0,37,0,1,6,32,37,15,33,93,2,3,6,55,1,0,15,0,42,6,0,1,2,0,2,3,0,113,0,0,82,0,9,46,12,0,79,1,4,5,0,2,0,29,15,2,18,0,7,0,10,40,1,1,7,2,8,75,62,52,5,35,0,1,1,170,1,60,50,3,7,0,8,5,2,0,8,5,2,0,0,0,4,74,0,18,0,0,1,7,0,7,13
"COG5072",37,13,17,141,1,7,25,0,64,0,10,3,43,58,7,48,89,13,9,10,76,5,1,46,0,38,15,0,15,6,12,5,9,4,132,4,14,119,0,34,71,31,1,3,3,11,14,0,1,0,12,24,21,24,2,12,0,10,65,7,14,41,24,13,82,62,77,21,60,6,6,1,218,19,101,27,0,23,0,2,33,6,0,123,14,46,0,13,0,22,94,1,20,0,0,20,21,6,6,9
"COG5074",46,26,11,47,0,0,12,0,28,0,0,2,27,27,9,30,44,1,0,1,34,0,4,11,0,36,2,0,2,0,2,6,0,0,76,1,1,68,0,11,34,12,0,21,0,4,4,0,1,0,33,10,0,18,0,6,0,10,28,0,0,5,4,11,47,42,39,3,42,0,0,0,124,0,48,20,1,5,0,6,0,3,0,6,2,0,0,0,0,7,50,0,21,0,0,3,0,0,3,6
"COG5075",25,9,5,66,0,0,6,0,28,0,3,6,14,13,4,13,40,2,16,1,23,0,1,3,0,14,3,0,5,5,0,1,3,1,136,0,1,59,0,5,19,8,0,16,0,0,3,0,1,0,17,10,3,3,0,10,0,2,27,1,4,10,7,1,20,30,36,2,26,1,0,0,82,1,36,36,11,4,0,10,9,1,0,21,12,0,0,1,0,4,33,0,9,0,0,11,8,2,2,3
"COG5076",343,229,122,583,1,11,187,0,511,1,7,29,363,654,79,413,741,48,12,49,576,19,6,158,0,102,61,1,23,27,7,15,74,0,995,4,7,918,0,148,539,107,1,380,0,46,85,0,12,0,291,159,22,190,2,72,0,178,454,2,34,96,34,65,737,648,447,61,627,3,10,3,1740,2,721,293,11,185,5,73,42,12,2,43,28,0,0,7,0,74,708,0,117,0,0,20,39,12,49,122
"COG5077",242,140,89,632,17,19,164,0,323,2,29,54,265,391,75,465,445,31,13,175,383,25,7,120,3,208,52,3,27,28,16,34,75,7,748,0,9,540,5,115,452,76,2,322,5,77,58,0,6,3,192,114,47,152,1,38,3,116,1020,19,26,100,50,47,570,822,478,218,622,5,7,4,1083,9,437,265,28,89,3,46,67,17,2,312,13,19,0,47,0,44,965,1,108,0,0,19,51,23,52,106
"COG5078",544,343,454,1196,218,168,274,7,464,33,539,273,442,566,173,548,630,258,565,269,455,214,65,376,5,569,153,37,299,238,140,43,193,193,1090,47,228,631,45,457,503,316,40,826,28,393,208,14,46,21,363,181,220,346,65,213,41,317,567,438,417,702,321,397,733,627,692,246,626,119,45,31,1348,590,728,821,47,287,23,226,349,51,46,713,247,301,1,170,18,179,643,58,512,7,0,441,194,84,74,212
"COG5079",40,25,6,50,2,3,41,0,50,0,0,9,68,91,15,57,55,6,0,2,71,7,3,8,0,53,6,0,7,2,0,8,12,2,113,0,0,17,2,19,78,15,1,16,0,4,6,0,0,1,40,18,7,41,0,0,0,17,54,2,5,11,2,13,93,26,44,6,52,0,2,1,183,0,71,26,4,21,0,9,10,5,0,8,0,0,0,2,0,8,50,0,29,0,0,1,0,1,6,40
"COG5080",43,28,12,48,0,1,12,0,38,0,2,5,29,43,9,38,59,2,0,6,42,1,1,18,0,31,4,0,4,2,1,1,4,0,82,0,0,92,0,9,52,8,1,90,0,3,5,0,2,0,39,16,3,14,0,7,0,13,48,1,1,8,2,6,71,51,60,7,45,0,2,0,169,1,57,52,3,12,0,7,7,4,0,6,1,0,0,0,0,10,65,0,20,0,0,3,1,1,6,14
"COG5082",19,10,9,56,0,0,18,0,43,0,1,1,38,53,5,39,54,2,0,1,67,1,0,10,0,0,4,0,1,1,0,0,4,0,110,0,0,56,0,8,62,5,1,2,0,7,6,0,1,0,15,16,1,25,0,0,0,14,49,0,0,2,4,2,60,47,63,4,49,0,0,0,151,0,78,13,8,15,1,2,5,0,0,0,2,0,0,0,0,11,64,1,3,0,0,1,1,0,5,6
"COG5083",41,35,10,61,3,3,23,0,32,3,0,6,45,60,7,44,64,11,2,0,50,2,7,14,0,52,6,2,2,3,12,8,7,0,114,1,5,84,4,11,54,15,2,55,0,7,9,0,2,0,32,11,4,14,0,35,43,17,53,2,29,7,4,13,72,57,47,6,34,0,3,4,127,2,75,37,3,10,2,2,5,6,3,6,2,0,0,2,0,9,80,6,16,0,0,6,0,11,22,14
"COG5084",15,12,3,28,0,1,13,0,23,0,0,1,23,34,4,24,19,2,1,1,21,3,0,12,0,0,4,0,3,1,1,0,3,0,42,0,0,57,2,4,29,3,0,36,0,8,6,0,0,0,1,0,1,2,0,0,0,2,4,2,0,0,0,0,11,4,9,0,10,0,0,0,19,0,14,14,1,3,0,1,0,0,0,0,0,0,0,0,0,0,7,0,0,0,0,0,0,0,0,0
"COG5086",21,2,4,10,0,0,2,0,17,0,1,0,5,11,4,7,25,0,0,0,9,3,0,3,0,14,1,0,0,2,1,2,1,0,17,0,1,42,0,3,10,6,0,37,0,1,4,0,0,0,10,4,1,4,0,3,0,5,9,0,0,1,0,4,14,14,2,0,12,0,0,0,70,0,33,24,0,0,0,1,2,1,0,0,0,0,0,0,0,4,15,0,3,0,0,1,0,0,0,2
"COG5088",4,2,2,9,0,0,2,0,7,0,0,0,7,7,1,4,25,1,0,2,9,2,0,2,0,0,1,0,2,0,0,0,0,0,23,0,1,23,0,3,11,2,0,3,0,1,3,0,0,0,4,1,2,3,0,1,0,5,11,0,0,4,2,0,20,11,19,1,9,0,0,0,45,0,22,1,1,2,0,1,4,0,0,2,0,0,0,0,0,5,6,0,0,0,0,0,0,0,2,3
"COG5090",25,4,6,35,1,0,10,0,34,0,0,0,29,41,2,21,54,3,4,3,33,0,2,8,0,11,0,0,0,0,2,3,2,0,71,0,0,69,0,5,45,3,1,9,0,5,7,0,0,3,4,11,3,15,0,2,0,12,27,1,4,4,2,4,51,20,26,2,35,0,0,0,117,0,41,9,0,5,0,2,0,1,0,4,5,0,0,0,0,8,19,0,2,0,0,6,0,0,2,3
"COG5091",26,20,16,39,3,1,6,0,23,0,0,2,20,33,3,16,46,3,0,1,34,1,0,8,0,16,5,0,2,2,1,2,6,1,62,0,1,60,0,4,24,11,0,32,0,1,7,0,0,0,23,6,2,4,0,1,0,11,17,2,0,2,3,4,32,42,26,2,38,0,0,1,87,0,48,18,0,13,0,5,0,0,0,1,1,1,0,0,0,3,48,0,5,0,0,2,1,1,0,4
"COG5092",49,15,37,1263,42,0,15,0,182,7,31,24,44,52,17,41,90,7,24,26,50,3,1,48,2,43,7,0,10,19,3,2,12,13,239,0,15,581,0,42,103,26,0,20,4,54,20,0,1,0,7,20,1,4,0,6,0,9,185,2,10,4,6,8,68,428,85,46,148,2,1,0,48,3,31,12,5,4,0,1,1,1,0,269,3,17,0,7,0,7,236,1,4,0,0,0,1,9,0,5
"COG5093",0,6,2,2,1,0,0,0,7,0,0,0,3,6,2,5,0,0,0,0,2,0,0,1,0,0,0,0,0,0,0,0,2,0,4,0,0,0,0,1,5,4,0,1,0,0,0,0,0,0,12,0,0,2,0,1,0,4,11,0,0,2,1,2,11,7,16,2,3,0,0,0,34,0,8,2,2,3,0,1,0,0,0,0,0,1,0,0,0,2,2,1,5,0,0,0,0,0,1,8
"COG5094",4,0,1,11,0,0,5,0,9,0,0,0,9,17,7,10,6,1,0,1,15,0,0,2,0,11,1,0,0,1,1,1,0,0,19,0,0,3,0,5,10,4,1,32,0,4,0,0,0,0,9,6,0,11,0,1,0,7,12,0,0,1,1,4,23,9,7,0,12,0,1,0,61,0,13,10,0,2,0,0,0,1,0,1,0,0,0,0,0,0,8,0,7,0,0,0,0,0,0,4
"COG5095",50,17,9,39,0,3,17,0,34,0,1,7,33,28,4,43,76,2,1,3,35,1,2,13,0,33,5,0,4,4,3,3,6,0,83,0,0,80,0,14,42,9,0,80,0,1,12,0,2,0,22,14,2,14,0,11,0,13,30,1,2,5,4,7,62,47,48,1,38,0,0,1,89,1,49,38,0,7,0,1,7,1,0,7,2,0,0,0,0,10,72,0,7,0,0,3,6,1,6,10
"COG5096",351,210,99,458,5,10,157,0,377,0,7,40,289,478,99,381,574,33,9,18,429,10,8,125,0,252,45,1,20,18,13,25,37,2,854,1,9,675,3,114,430,91,4,317,1,37,80,0,9,3,264,121,33,176,0,62,0,163,341,5,19,90,35,83,499,586,472,50,520,1,8,9,1519,4,563,216,16,154,1,61,40,15,5,38,19,4,0,2,0,72,577,0,138,0,0,27,36,10,56,146
"COG5097",3,10,0,0,0,3,1,0,10,0,0,2,4,12,0,4,0,2,0,0,3,1,0,0,0,0,1,0,1,0,0,0,8,1,5,0,0,0,0,5,6,3,0,11,0,1,1,0,0,0,3,0,2,0,0,0,0,3,7,0,0,2,0,0,3,2,0,0,5,0,0,1,7,0,4,3,0,3,0,2,1,0,0,0,0,0,0,0,0,2,2,0,4,0,0,0,0,0,1,4
"COG5098",91,41,23,125,0,0,51,0,79,0,2,8,80,94,13,76,139,3,1,3,122,3,2,19,0,67,6,1,6,6,2,9,8,0,222,0,0,149,0,27,110,23,2,67,0,4,31,0,2,0,40,33,11,37,0,23,0,40,73,1,4,13,10,20,135,150,101,9,92,1,1,2,304,1,153,44,2,21,0,0,9,7,0,14,11,0,0,2,0,16,163,0,21,0,0,4,23,1,11,17
"COG5099",35,8,22,115,1,2,55,0,83,0,4,4,109,103,15,82,125,5,0,5,95,5,0,26,0,17,9,0,2,4,3,2,10,0,214,0,1,138,0,35,96,9,0,201,0,9,15,0,2,1,28,30,7,44,0,9,0,29,69,0,2,9,8,5,127,111,96,13,86,0,3,1,272,0,137,106,4,18,0,5,5,2,0,17,4,0,0,1,0,11,112,0,9,0,0,0,12,3,7,12
"COG5100",3,4,0,0,0,1,5,0,3,0,0,1,0,2,4,7,0,0,0,0,2,1,0,0,0,0,0,0,1,1,0,0,3,0,1,0,0,0,0,2,2,3,0,8,0,0,0,0,0,0,11,0,0,1,0,0,0,1,5,0,1,5,0,1,4,2,1,2,3,0,0,0,28,0,0,3,0,2,0,5,3,0,0,0,0,0,0,0,0,1,1,0,1,0,0,0,0,1,2,4
"COG5101",94,41,26,140,0,9,45,0,103,0,0,8,90,133,30,93,175,16,0,7,105,6,4,29,0,71,16,1,13,9,1,12,17,1,253,0,1,183,2,25,134,31,1,41,0,8,23,0,4,0,77,27,13,38,0,16,0,40,81,3,3,16,16,19,144,159,143,9,124,0,3,5,438,3,141,52,6,37,1,11,13,5,0,11,4,0,0,1,0,25,166,1,37,0,0,8,10,4,14,38
"COG5102",7,8,4,15,0,0,9,0,12,0,0,0,19,27,3,18,24,0,0,1,28,0,1,5,0,16,0,0,0,0,0,0,0,1,43,0,0,28,0,5,23,1,1,1,0,2,3,0,2,0,5,7,0,11,0,1,0,8,19,0,0,3,1,1,30,19,20,3,25,0,1,0,83,0,23,4,0,1,0,0,0,1,0,1,0,0,0,0,0,1,27,0,3,0,0,0,0,0,1,4
"COG5103",130,55,16,35,5,5,8,0,76,0,2,5,22,28,17,47,177,7,2,1,28,4,5,30,0,150,2,0,2,4,1,24,1,5,111,2,1,320,0,12,60,24,0,297,0,0,17,0,1,0,97,14,8,13,0,22,0,10,17,2,6,3,2,32,67,56,73,5,93,0,0,1,94,1,144,115,11,8,0,1,8,12,0,0,10,0,0,1,0,26,60,3,55,0,0,5,23,2,5,47
"COG5104",29,8,10,91,0,0,28,0,49,0,1,7,54,53,5,35,77,0,0,2,57,2,0,11,0,1,3,0,0,1,1,0,5,0,105,1,1,88,0,8,49,1,0,46,0,4,4,0,2,0,0,19,2,28,0,9,0,11,45,1,0,7,1,1,52,61,43,5,31,0,0,0,142,0,87,25,2,6,0,2,8,0,0,14,2,0,0,0,0,6,72,0,1,0,0,3,1,0,6,3
"COG5105",8,2,5,17,3,0,15,0,21,0,0,5,15,32,1,17,22,0,0,3,23,2,1,1,0,1,0,0,0,2,1,1,2,4,54,0,0,38,0,4,28,3,0,6,0,1,1,0,1,1,0,3,4,8,0,1,1,8,21,0,0,7,1,0,29,21,18,3,18,0,0,0,77,0,27,8,1,8,1,0,5,0,0,2,2,0,0,0,0,1,38,0,0,0,0,0,0,0,2,3
"COG5106",28,8,11,30,1,1,19,0,19,0,1,1,24,44,7,20,34,4,0,3,26,0,0,11,0,9,2,0,3,2,0,2,1,0,64,0,1,64,0,10,49,7,0,11,0,4,3,0,3,0,13,13,3,7,0,3,0,12,17,3,0,3,5,2,31,52,29,2,30,0,1,1,96,0,53,17,1,5,0,1,0,1,0,3,0,0,0,0,0,3,49,0,3,0,0,1,3,0,3,8
"COG5107",57,19,17,85,0,2,27,0,66,0,3,1,58,88,16,62,102,1,2,4,78,2,0,23,0,43,5,0,4,1,1,6,10,0,157,0,0,149,0,14,85,15,0,33,0,7,10,0,2,0,20,31,5,33,0,8,0,20,68,0,6,9,1,9,95,89,92,5,65,0,3,0,229,0,100,34,4,11,0,0,5,1,0,10,4,0,0,0,0,9,127,0,11,0,0,6,0,4,2,15
"COG5108",1459,1005,3627,3015,308,183,8836,34574,1799,1095,2005,1656,4427,2709,923,6922,1619,2655,62859,547,1143,812,677,11919,19384,101827,4433,823,842,863,1136,32138,5404,216,1723,629,110365,5816,795,4242,2080,1822,570,3696,6851,2643,43872,15079,717,272,1021,12774,363,1578,743,1342,5478,4801,1046,2180,145803,5444,2272,1149,2050,646,1314,2078,1917,51520,387,593,1317,117965,4096,2190,814,2349,265,1337,1870,603,411,2436,916,4801,11420,1152,601,1113,681,827,1197,222,26959,76263,6125,1043,1153,1493
"COG5109",6,2,0,2,0,0,5,0,0,0,0,1,11,10,4,3,21,1,0,0,7,1,0,1,0,13,2,0,0,2,0,1,4,0,25,0,1,1,0,1,12,2,0,3,0,1,4,0,0,0,13,0,0,4,0,0,0,8,1,0,1,1,3,5,6,4,36,1,1,0,0,0,15,0,8,3,1,0,0,0,0,0,0,0,0,0,0,0,0,0,2,0,5,0,0,0,0,0,1,5
"COG5110",95,81,30,141,0,5,40,0,135,0,0,15,76,161,40,114,161,10,5,10,116,1,4,44,0,37,22,0,5,2,2,11,28,1,250,1,4,221,0,40,121,26,0,126,2,6,33,0,1,2,141,36,4,57,0,20,0,44,126,2,8,19,16,24,147,169,119,12,166,0,2,0,532,1,128,88,6,71,2,40,8,4,0,8,6,0,0,0,0,17,202,1,65,0,0,9,5,2,8,54
"COG5111",29,18,11,38,2,0,17,0,28,0,0,4,21,48,5,31,54,4,0,3,48,3,2,13,0,9,8,0,1,1,2,1,5,2,86,0,2,60,0,13,56,7,0,67,0,5,7,0,0,0,23,10,0,16,0,4,0,17,37,1,1,7,2,6,51,47,41,4,42,1,1,0,153,0,57,32,0,12,2,3,0,2,0,3,1,0,0,2,0,8,61,0,13,0,0,1,2,1,3,8
"COG5112",3,8,1,13,1,1,1,0,10,0,0,1,3,4,1,3,6,2,1,1,12,2,0,1,0,0,5,0,0,3,0,0,4,0,18,0,0,0,0,2,4,3,0,1,0,0,1,0,0,0,8,2,0,1,0,0,0,1,13,0,1,2,0,1,9,5,13,1,6,0,0,0,36,0,2,3,0,5,0,2,2,0,0,1,0,0,0,0,0,2,4,0,5,0,0,0,0,0,1,2
"COG5113",116,30,41,242,85,13,47,0,114,7,29,13,82,116,29,102,150,36,17,28,156,13,4,55,0,114,25,2,16,35,19,8,20,32,219,0,14,174,0,56,126,48,2,120,0,23,34,0,0,1,51,33,37,46,2,35,1,36,127,28,20,63,23,52,162,116,203,33,105,21,3,1,413,6,174,116,12,35,0,31,22,8,0,125,12,63,0,21,7,40,148,1,41,0,0,18,44,7,9,34
"COG5114",27,12,16,47,0,1,17,0,39,0,2,1,33,50,4,51,56,1,0,3,25,1,0,17,0,18,5,0,1,1,0,2,4,0,93,0,0,117,0,7,39,5,1,31,0,3,8,0,1,0,16,12,1,15,0,17,0,7,18,1,0,4,1,4,42,42,46,4,37,0,1,0,122,0,52,22,2,6,0,1,7,1,0,1,2,0,0,0,0,9,64,0,8,0,0,4,2,0,3,8
"COG5116",103,96,22,88,0,6,28,0,145,1,1,7,63,158,45,109,140,11,4,9,98,3,2,26,0,38,21,0,5,3,4,9,17,0,199,0,4,189,2,27,109,34,1,24,0,9,20,0,2,1,120,18,7,43,0,20,0,41,102,0,4,29,7,33,149,135,133,20,153,0,3,4,536,0,97,25,7,73,0,35,14,5,0,6,4,2,0,2,0,10,143,1,65,0,0,8,5,7,11,56
"COG5117",59,14,9,87,0,0,17,0,61,0,2,0,60,65,12,49,105,2,0,8,85,1,1,31,0,18,3,0,1,0,1,7,0,0,156,0,1,160,0,12,70,14,1,29,0,3,13,0,1,1,22,25,0,29,0,12,0,11,41,1,6,7,3,7,100,96,60,8,75,0,1,1,222,0,100,44,0,8,0,3,0,6,0,3,3,1,0,0,0,9,119,0,13,0,0,1,7,0,6,8
"COG5118",13,5,3,39,4,0,18,0,25,0,0,0,19,25,5,24,38,1,0,0,40,0,0,8,0,10,2,0,4,2,0,1,1,2,70,0,0,41,0,11,26,3,0,7,0,1,3,0,0,0,9,14,4,8,0,3,0,9,39,0,0,3,3,2,44,43,28,2,22,1,1,0,145,0,32,3,2,3,1,2,3,1,0,5,0,0,0,0,0,1,43,0,1,0,0,0,7,1,1,8
"COG5119",24,4,21,6,0,0,0,0,1,1,0,0,0,2,5,0,0,0,0,0,0,3,0,4,0,19,1,0,1,0,0,0,14,0,2,0,0,0,0,1,0,0,1,0,1,0,0,0,0,0,11,2,0,0,0,40,1,0,4,0,0,3,0,6,1,0,0,0,0,0,0,5,2,0,12,5,0,0,0,0,1,2,0,6,0,0,0,0,0,3,2,0,2,0,0,0,0,0,0,2
"COG5120",5,1,1,8,4,0,3,0,9,0,1,0,9,14,0,7,28,2,0,1,4,0,0,9,0,0,0,0,0,0,0,1,0,2,22,0,0,34,0,2,8,1,0,16,0,0,4,0,1,0,1,1,0,15,0,3,0,4,7,0,0,5,1,0,11,12,19,1,12,0,0,0,40,0,14,9,1,3,4,0,0,0,0,0,3,0,0,0,0,1,22,0,0,0,0,0,0,1,1,1
"COG5122",1,4,2,3,0,0,3,0,7,0,0,1,4,2,0,3,9,1,0,0,2,1,0,1,0,1,2,0,1,1,0,0,2,0,13,0,0,16,0,0,4,1,0,2,0,0,1,0,0,0,2,9,2,9,0,3,0,6,11,1,1,1,0,0,23,19,14,1,15,0,2,0,53,0,19,4,0,6,0,2,7,0,0,3,2,0,0,0,0,2,29,0,1,0,0,0,0,0,2,5
"COG5123",6,1,2,17,0,0,2,0,14,0,0,0,11,18,1,9,28,0,0,2,13,0,0,2,0,0,1,0,0,0,1,0,0,0,34,0,0,32,0,0,13,1,0,0,0,1,6,0,0,0,0,3,0,8,0,2,0,3,2,0,1,0,0,0,9,26,4,0,11,0,0,0,31,0,12,2,0,3,0,0,0,0,0,3,0,0,0,0,0,2,25,0,0,0,0,1,0,0,0,0
"COG5124",21,4,3,28,0,2,5,0,17,0,0,3,15,21,2,25,22,0,0,4,20,0,0,7,0,9,2,0,1,1,0,1,2,0,32,0,0,30,0,3,13,1,0,2,0,2,5,0,1,1,6,8,1,8,0,2,0,6,16,0,1,6,1,3,21,36,28,4,21,0,0,0,68,0,27,11,0,3,0,1,2,1,0,3,0,0,0,0,0,3,25,0,5,0,0,1,2,0,1,4
"COG5125",0,0,2,0,0,0,1,0,0,0,1,1,0,1,0,0,0,0,0,0,1,0,0,0,0,0,0,0,0,0,0,0,0,0,0,0,0,0,0,1,0,0,0,34,0,0,0,0,0,0,0,0,0,0,0,0,0,1,0,0,0,2,0,0,0,0,0,0,0,0,0,0,8,0,1,15,0,0,0,0,0,0,0,0,0,0,0,0,0,0,0,0,0,0,0,0,2,0,0,0
"COG5126",505,533,248,475,67,107,291,10,783,13,61,246,415,710,215,731,584,195,68,104,551,135,43,232,62,364,149,33,134,164,29,55,222,36,1050,31,22,511,21,262,579,220,26,926,2,143,113,158,49,20,869,200,168,251,17,112,3,330,574,147,38,204,78,324,712,536,981,116,636,23,32,27,1999,12,557,714,148,362,23,246,224,38,19,68,125,25,9,29,2,140,598,18,340,20,95,92,69,71,106,329
"COG5127",38,20,11,66,0,0,13,0,39,0,3,6,36,51,8,32,61,5,0,3,60,1,1,10,0,12,5,0,1,1,1,0,4,0,88,0,1,74,0,17,47,8,0,45,0,3,9,0,0,0,26,17,1,12,0,7,0,9,47,0,0,7,6,5,59,63,64,2,59,0,1,0,160,0,59,42,2,10,0,6,4,0,0,6,3,0,0,0,0,5,94,0,9,0,0,2,6,1,3,16
"COG5128",20,6,4,26,1,1,3,0,12,0,1,3,12,16,7,16,27,3,0,1,35,0,0,4,0,11,3,0,3,0,0,2,9,0,37,0,0,52,0,6,34,2,1,42,0,1,6,0,1,0,6,4,0,14,0,3,0,7,11,0,0,3,0,2,27,35,26,4,37,0,0,0,70,0,29,17,0,1,0,2,2,0,0,2,1,0,0,0,0,2,34,0,2,0,0,0,0,0,1,7
"COG5129",5,10,0,11,4,0,0,0,2,0,0,0,0,7,0,1,0,0,0,0,15,0,0,0,0,11,0,0,0,0,1,1,1,2,3,0,0,0,0,0,5,4,0,18,0,0,0,0,0,1,9,3,0,0,0,0,0,1,12,1,0,1,0,3,11,4,24,1,1,0,0,0,62,1,0,19,1,2,0,1,0,2,0,0,0,0,0,0,0,1,7,0,7,0,0,3,0,0,0,4
"COG5132",18,6,3,33,6,0,6,0,26,0,1,2,22,29,2,20,34,4,0,1,21,0,0,6,0,1,0,0,0,0,1,0,3,3,50,0,0,65,0,8,29,0,1,3,0,0,1,0,0,0,6,6,1,9,0,2,0,9,11,0,1,3,5,0,24,35,35,2,31,0,0,0,78,0,29,3,0,3,0,1,0,0,0,0,0,0,0,1,0,1,37,0,0,0,0,0,3,2,0,3
"COG5133",5,5,1,17,0,2,7,0,14,0,0,1,7,11,2,11,21,1,0,1,24,1,0,6,0,0,2,0,1,3,0,0,2,0,25,0,0,28,0,6,29,1,0,3,0,0,1,0,2,0,4,5,2,8,0,2,0,1,16,0,0,3,1,0,19,24,33,1,15,0,1,0,71,0,21,9,1,1,0,0,4,0,0,2,3,0,0,0,0,4,23,0,1,0,0,0,1,0,1,2
"COG5134",35,24,7,76,4,0,17,0,54,0,2,0,23,57,5,36,80,2,1,3,51,0,3,11,0,39,2,0,0,1,1,8,2,2,108,0,1,100,0,12,42,5,0,114,1,2,4,0,4,2,42,19,0,9,0,5,0,10,33,0,3,2,2,13,45,64,42,4,45,0,1,0,167,1,64,75,1,6,0,8,0,2,0,4,1,1,0,0,0,10,92,0,17,0,0,3,0,1,2,11
"COG5135",221,131,215,34,103,111,438,13,49,1,96,310,33,158,45,80,134,332,33,79,338,150,47,78,63,127,266,31,103,248,36,100,316,50,58,23,153,145,13,282,189,54,9,298,111,21,28,5,9,205,617,674,507,573,76,1365,173,771,428,319,140,496,566,548,657,85,16,140,124,307,32,608,1178,17,774,961,3,405,451,510,366,54,96,37,8,112,84,76,34,96,105,78,359,676,205,119,764,12,1013,430
"COG5137",12,4,7,24,0,0,9,0,17,0,1,1,12,18,7,16,26,2,0,0,27,0,0,6,0,14,4,0,1,0,2,0,5,0,41,0,0,39,0,4,12,3,0,5,0,1,2,0,0,0,10,5,1,10,0,5,0,7,20,0,1,7,2,7,28,22,13,2,16,0,0,1,58,0,24,7,0,4,0,3,4,1,0,1,2,0,0,0,0,7,30,0,7,0,0,1,2,1,2,4
"COG5138",2,1,1,7,0,1,4,0,8,0,0,5,3,8,3,1,7,3,0,0,8,1,0,3,0,1,1,0,0,0,1,0,4,0,10,0,0,0,0,1,6,0,0,9,0,0,1,0,0,0,2,3,1,2,0,0,0,5,2,1,0,0,2,1,8,3,17,0,0,0,0,0,31,0,6,4,0,1,0,1,2,0,0,1,0,0,0,0,0,0,6,0,0,0,0,0,0,0,0,1
"COG5139",21,16,8,57,5,0,9,0,37,0,1,2,29,50,6,26,43,1,0,4,54,0,2,5,0,24,5,0,1,0,2,3,4,2,84,0,1,84,0,8,46,3,0,63,0,4,5,0,0,1,15,13,1,21,0,6,0,11,29,2,0,6,4,5,40,53,57,1,35,0,2,0,117,0,46,28,3,4,0,0,0,3,0,4,2,1,0,0,0,2,60,0,6,1,0,2,0,0,4,8
"COG5140",101,45,77,121,3,37,37,0,82,6,29,26,64,87,14,77,93,22,136,26,83,31,5,64,6,83,24,4,63,33,17,7,30,6,184,2,32,97,2,64,80,48,5,203,3,40,28,1,3,2,43,78,36,50,7,64,10,42,122,46,31,83,65,60,97,134,100,35,104,16,6,7,201,28,122,140,17,28,0,17,44,9,6,67,48,67,0,29,8,49,122,1,55,0,0,106,24,8,10,38
"COG5141",274,73,85,324,0,7,95,0,283,0,4,13,204,300,55,307,489,15,3,18,316,14,6,106,0,125,23,0,9,7,12,9,26,1,750,0,0,912,0,37,331,27,1,65,0,23,53,0,4,5,97,150,19,134,0,77,0,90,252,0,12,42,13,25,452,666,208,23,370,0,3,3,790,0,569,103,1,46,0,6,21,9,0,42,32,1,0,0,1,64,714,1,55,0,0,13,9,4,39,49
"COG5142",23,7,8,24,0,0,12,0,21,0,1,3,22,30,6,16,42,3,0,4,28,0,0,6,0,1,3,0,1,0,0,0,1,0,74,0,1,58,0,4,42,2,0,71,0,2,4,0,1,0,1,2,0,4,0,2,0,4,12,0,0,2,0,1,13,11,10,0,10,0,0,0,21,0,14,10,1,1,0,1,0,0,0,3,0,0,0,0,0,1,10,0,1,0,0,0,0,0,1,2
"COG5143",40,43,28,77,12,7,27,0,75,0,2,8,53,78,25,66,103,13,2,6,84,6,8,21,0,56,7,0,1,3,3,5,21,5,153,4,1,62,0,29,85,20,0,80,0,5,17,0,4,2,57,9,13,17,1,4,0,32,80,3,5,23,9,15,101,68,108,7,75,1,3,5,341,1,79,54,8,23,5,12,11,6,7,17,4,0,0,2,0,17,98,4,37,0,0,3,4,2,3,28
"COG5144",42,12,11,50,0,1,13,0,35,0,5,1,32,34,10,23,62,0,0,3,48,1,0,23,0,11,7,0,3,0,0,3,4,0,94,0,0,73,0,13,50,7,1,3,2,4,12,0,2,0,11,18,1,11,0,4,0,15,37,0,0,2,2,2,66,28,59,6,48,0,1,0,137,0,85,13,3,3,0,0,1,0,0,2,4,0,0,0,0,6,36,0,4,0,0,1,0,2,1,5
"COG5145",4,4,0,2,0,0,0,0,5,0,0,0,0,2,3,2,3,1,0,0,0,0,0,1,0,10,0,0,0,0,0,0,0,0,2,0,0,0,0,0,1,1,0,19,0,0,0,0,0,0,8,0,0,0,0,0,0,1,3,0,0,1,0,6,5,0,5,0,7,0,0,0,4,0,1,15,0,2,0,0,0,2,0,0,0,0,0,0,0,3,1,0,6,0,0,0,0,0,0,2
"COG5146",24,16,27,191,0,51,62,0,51,1,7,10,65,67,14,47,86,28,0,14,107,46,0,26,0,31,2,0,11,54,0,4,33,0,176,0,0,84,0,40,81,12,0,110,0,12,20,0,1,0,13,37,108,29,0,4,0,58,68,19,1,36,19,31,87,114,126,1,50,1,2,0,225,0,80,60,2,25,0,10,25,1,0,106,2,0,0,11,0,6,144,1,11,0,0,4,24,3,7,8
"COG5147",282,232,107,544,5,15,212,0,406,0,16,40,366,527,93,410,556,66,15,39,542,28,15,129,0,90,51,4,36,24,17,9,90,12,941,0,18,756,1,135,495,83,2,884,1,69,85,0,12,5,218,127,43,194,3,54,1,180,455,10,32,81,32,50,649,560,664,53,509,6,6,1,1709,5,580,553,88,121,4,73,45,6,3,69,18,17,1,4,1,56,575,1,86,0,0,23,24,17,55,118
"COG5148",8,4,6,40,0,1,11,0,27,0,0,3,18,31,2,27,22,0,0,6,29,1,1,2,0,6,3,0,2,1,0,1,4,0,52,0,0,12,0,4,26,7,0,29,0,4,2,0,0,0,4,9,5,13,0,0,0,9,23,1,0,7,4,3,38,28,56,5,19,1,0,0,94,0,16,22,1,9,0,1,10,0,0,5,0,0,0,0,0,0,31,0,4,0,0,1,3,1,3,13
"COG5149",0,0,0,11,0,0,0,0,2,0,0,0,0,0,0,0,4,0,0,2,3,0,0,0,0,0,0,0,0,0,0,0,0,0,2,0,0,0,0,0,3,0,0,0,0,0,2,0,0,0,0,0,0,0,0,0,0,1,6,0,0,0,0,0,4,2,13,0,0,0,0,0,14,0,1,0,0,0,0,0,0,0,0,0,0,0,0,0,0,0,2,0,0,0,0,0,0,0,0,0
"COG5150",10,1,4,15,0,0,6,0,18,0,0,0,7,18,2,9,18,0,0,2,18,0,0,5,0,0,1,0,0,0,0,0,1,0,41,0,0,40,0,4,12,0,0,0,0,2,2,0,0,0,0,1,0,0,0,1,0,2,3,0,0,0,0,0,10,12,8,1,4,0,0,0,23,0,2,2,0,1,0,0,0,0,0,0,0,0,0,0,0,0,3,0,0,0,0,0,0,0,0,0
"COG5151",39,8,5,47,1,1,14,0,47,0,1,5,36,33,6,44,52,1,0,4,37,2,1,11,0,7,2,0,1,0,0,0,4,0,83,0,0,68,0,10,47,11,0,67,0,4,2,0,1,0,13,15,1,11,0,5,0,16,44,0,3,5,2,4,44,54,42,0,46,0,0,1,134,1,64,30,0,8,0,3,2,2,0,4,1,0,0,0,0,4,67,0,11,0,0,1,0,1,3,14
"COG5152",35,28,4,46,5,2,7,0,47,0,0,1,28,58,6,40,59,5,0,4,43,2,1,14,0,18,1,0,1,0,1,2,5,4,83,0,1,63,0,16,42,8,1,56,0,1,9,0,1,1,21,3,0,3,0,0,0,4,12,0,0,4,2,3,27,8,8,1,24,0,1,1,51,0,19,15,1,3,0,3,1,1,0,1,0,0,0,0,0,1,21,0,0,0,0,0,0,0,2,4
"COG5154",14,7,2,13,2,0,4,0,11,0,0,1,15,14,4,13,18,3,0,0,19,0,0,6,0,5,3,0,2,0,1,1,1,0,20,0,0,18,1,0,16,5,0,25,0,0,1,0,1,0,26,14,0,17,0,4,0,23,36,3,1,6,3,10,50,32,65,3,43,0,0,1,133,0,45,47,5,18,0,3,6,3,0,5,1,0,0,0,0,6,48,0,12,0,0,1,4,1,1,10
"COG5155",180,180,39,60,2,2,16,0,164,0,0,5,57,167,55,124,232,21,5,1,28,1,1,42,0,97,28,0,1,0,4,21,18,0,182,0,3,387,0,40,100,54,0,85,0,4,40,0,0,0,247,27,4,18,0,37,0,38,93,1,11,15,6,54,128,265,6,10,213,0,1,3,289,0,170,49,1,116,0,43,5,9,0,4,14,1,0,2,0,36,264,0,79,0,0,16,2,2,22,70
"COG5156",21,13,8,25,0,1,16,0,32,0,0,2,23,46,6,24,43,1,0,5,27,0,0,11,0,14,3,0,4,0,0,1,7,0,61,0,0,49,0,12,38,8,0,17,0,6,6,0,0,0,18,6,3,12,0,8,0,11,35,0,2,10,3,2,43,25,16,3,49,0,1,1,103,0,61,19,1,14,0,1,0,1,0,4,1,0,0,0,0,5,30,0,8,0,0,0,0,1,2,10
"COG5157",32,9,10,56,0,0,16,0,31,0,1,2,22,28,7,26,59,1,0,5,33,0,0,11,0,15,1,0,1,2,3,4,3,0,83,0,0,69,0,7,31,6,0,7,0,1,7,0,1,1,7,16,2,11,0,4,0,10,27,0,1,7,2,5,62,47,44,1,39,0,1,0,162,0,52,14,2,6,0,2,0,2,0,3,4,0,0,0,0,7,40,0,7,0,0,1,1,0,2,2
"COG5158",225,169,66,280,3,10,109,0,277,0,4,21,198,300,87,269,369,49,5,21,250,7,5,92,0,157,40,0,9,7,5,32,36,0,570,1,5,465,2,80,289,70,4,354,0,15,47,0,4,0,268,74,10,94,1,33,0,114,304,3,13,53,11,62,355,346,203,21,311,1,1,4,834,4,329,248,9,82,2,46,24,17,0,21,15,0,0,1,0,42,316,0,108,0,0,15,8,3,20,114
"COG5159",67,57,23,113,7,2,41,0,104,0,0,9,56,126,36,100,134,23,7,7,102,1,3,25,0,55,15,0,9,10,1,6,18,3,210,1,0,146,1,33,119,20,1,167,0,12,25,0,1,1,65,26,8,49,0,12,1,45,91,0,3,19,17,21,138,123,93,14,98,0,0,1,330,1,126,102,0,31,0,9,16,3,1,5,2,0,0,0,0,16,162,3,26,0,0,3,11,3,10,36
"COG5160",124,126,45,176,0,48,81,2,139,0,5,40,111,175,47,105,185,15,38,40,168,11,1,52,2,108,23,3,15,97,5,16,36,2,315,2,26,331,1,37,164,36,2,289,0,13,34,0,1,1,118,53,34,53,0,22,0,62,158,1,15,35,14,37,183,247,106,18,174,3,1,7,505,6,240,154,9,55,2,17,57,15,0,49,7,5,0,1,0,22,284,2,72,0,0,6,30,3,24,69
"COG5161",113,46,28,119,0,4,25,0,77,0,4,4,48,61,24,67,197,2,2,6,98,3,3,16,0,67,6,0,0,4,7,9,6,0,191,0,0,272,0,14,92,21,2,17,1,5,36,0,1,0,44,36,5,35,0,23,0,20,57,0,4,8,7,16,93,134,127,5,91,0,0,2,233,0,153,31,0,12,0,3,7,9,1,10,16,0,0,0,1,16,112,0,38,0,0,6,4,0,15,27
"COG5162",3,0,1,18,0,0,4,0,8,0,0,0,13,10,1,6,16,0,0,1,17,0,0,2,0,0,2,0,2,0,0,0,2,0,18,0,0,24,0,1,14,2,0,1,0,1,1,0,0,0,1,4,1,9,0,1,0,5,8,0,0,2,1,0,18,9,13,1,13,0,0,0,53,0,17,3,1,2,0,1,4,0,0,1,1,0,0,0,0,1,11,0,0,0,0,0,1,1,2,1
"COG5163",43,10,16,76,0,2,27,0,59,0,1,2,48,42,8,48,101,1,2,4,65,1,1,20,0,16,2,0,1,4,2,2,1,0,131,1,1,118,0,5,60,6,1,101,0,7,11,0,0,0,8,19,2,18,0,16,0,25,54,0,3,14,2,1,71,86,55,5,44,0,0,0,193,1,73,59,5,12,0,3,3,1,0,6,3,1,0,1,0,8,108,0,6,0,0,4,2,1,6,7
"COG5164",81,55,25,131,16,0,34,0,114,0,1,4,80,144,26,93,143,13,4,7,98,3,1,24,0,20,18,0,6,2,3,6,15,23,235,4,2,144,0,19,113,33,27,130,0,4,19,0,1,2,24,9,1,16,1,4,0,12,28,1,5,9,3,7,58,47,27,4,62,0,3,3,155,1,45,25,0,14,3,11,1,1,2,3,0,0,0,0,0,9,45,0,15,0,0,2,0,1,1,19
"COG5165",38,23,12,64,0,0,16,0,54,0,1,0,43,88,7,33,92,5,2,7,60,0,1,12,0,16,4,0,1,1,1,2,3,0,140,0,1,72,0,18,75,6,1,68,0,6,11,0,3,0,19,17,2,26,0,10,0,28,48,1,2,6,8,8,76,56,61,3,50,0,0,0,197,0,83,30,1,13,0,4,0,3,0,3,6,1,0,1,0,5,53,0,9,0,0,1,3,2,5,7
"COG5167",0,0,0,7,0,0,2,0,6,0,0,0,8,4,0,0,16,0,0,0,21,0,0,0,0,0,0,0,0,0,0,0,0,0,17,0,0,0,0,0,9,0,0,0,0,2,1,0,1,0,0,0,0,0,0,0,0,3,5,0,0,0,0,0,8,1,38,0,0,0,1,0,33,0,3,0,0,0,0,0,0,0,0,2,0,0,0,0,0,0,1,0,0,0,0,0,0,0,0,0
"COG5169",48,37,8,68,1,4,25,0,67,0,2,8,38,55,8,65,66,13,30,2,67,6,2,12,0,13,9,0,10,10,0,3,14,1,86,0,1,58,0,13,72,18,0,152,1,5,12,0,1,2,63,8,6,26,0,8,0,25,72,1,1,18,6,11,68,70,110,5,61,1,0,1,239,1,56,88,8,20,0,13,15,0,0,6,4,0,0,1,0,8,78,1,22,0,0,4,4,0,4,26
"COG5170",40,26,24,53,4,1,21,0,58,0,1,3,31,55,18,33,75,6,2,2,53,0,2,18,0,30,8,0,1,0,1,2,0,3,135,0,2,83,0,15,42,15,1,89,0,5,6,0,1,1,40,17,2,15,1,11,0,19,42,1,2,8,5,8,68,60,62,5,63,0,1,1,155,0,62,29,4,15,0,4,1,3,0,3,5,0,0,0,0,13,63,0,23,0,0,1,3,1,2,13
"COG5171",19,8,0,28,0,2,11,0,20,0,1,2,9,16,7,15,33,7,0,1,22,0,1,4,0,10,3,0,3,3,1,2,9,0,41,0,0,50,0,4,14,2,0,55,0,3,4,0,0,1,9,8,2,8,0,2,0,7,13,0,1,6,0,8,30,31,21,2,15,0,0,0,70,0,38,28,0,3,0,0,1,0,0,2,0,0,0,0,0,4,37,0,5,0,0,7,8,0,4,6
"COG5173",42,32,0,1,0,0,0,0,0,0,0,0,2,3,15,14,0,1,1,0,2,0,5,0,0,111,0,0,0,1,0,17,0,0,7,0,1,0,3,0,1,15,2,2,0,0,0,0,0,0,45,1,0,1,1,0,0,1,0,0,1,1,0,23,2,1,0,2,4,0,0,1,3,0,0,1,0,2,1,1,0,11,1,0,0,0,0,1,0,13,3,0,21,0,0,4,0,0,6,24
"COG5174",14,7,0,0,0,0,0,0,0,0,0,0,0,0,3,1,0,0,0,0,0,0,1,0,0,16,0,0,0,0,0,1,0,0,0,0,0,0,0,0,0,2,0,0,0,0,0,0,0,0,9,0,0,0,0,0,0,0,1,0,0,1,0,7,1,0,0,0,0,0,0,0,0,0,0,0,0,1,0,0,0,1,0,0,0,0,0,0,0,0,0,0,6,0,0,0,0,0,0,6
"COG5175",9,6,4,38,0,0,7,0,20,0,0,1,19,16,3,20,48,0,1,3,39,0,0,7,0,15,1,0,2,0,1,1,0,0,53,1,0,40,1,3,32,9,1,11,0,2,2,0,1,0,1,2,0,1,0,2,0,0,5,0,1,0,1,0,11,6,20,0,6,0,0,0,31,0,9,3,0,0,0,0,0,0,0,0,0,0,0,2,1,0,11,0,1,0,0,1,0,0,2,1
"COG5176",73,45,17,132,0,1,32,0,83,0,1,1,68,97,16,60,87,4,0,7,122,1,0,15,0,34,7,0,1,1,2,6,4,1,214,0,1,117,0,21,83,15,1,40,1,8,10,0,0,3,54,15,0,35,0,13,0,33,99,1,0,13,5,13,113,82,99,4,91,0,2,1,338,0,121,29,0,18,0,7,1,5,0,11,7,0,0,0,0,14,80,1,23,0,0,1,2,0,3,22
"COG5177",53,27,16,87,1,1,30,0,50,0,0,3,72,84,9,50,112,2,0,4,65,2,2,12,0,36,4,0,5,2,3,6,6,0,183,0,0,135,0,16,70,5,1,61,1,5,8,0,0,0,28,12,5,29,0,7,0,20,46,1,5,10,3,12,77,51,76,7,86,0,2,0,196,0,111,32,0,12,0,3,5,3,0,2,5,0,0,0,0,7,62,0,12,0,0,4,0,1,7,17
"COG5178",185,62,65,184,15,12,91,0,199,0,1,20,155,208,42,193,340,23,5,10,185,3,3,59,0,125,19,1,12,13,7,13,17,9,439,2,0,428,2,58,230,34,0,252,0,31,42,0,41,2,102,53,19,102,2,33,0,67,106,4,9,28,11,27,231,167,246,21,244,0,3,4,595,2,321,183,7,30,6,15,32,9,2,8,12,0,0,2,0,45,211,0,57,0,0,10,23,6,22,57
"COG5179",114,33,24,152,0,0,32,0,94,0,1,0,82,99,25,83,187,2,2,9,128,0,1,25,0,97,3,0,0,0,1,13,3,1,250,0,0,271,0,18,127,22,1,170,0,10,20,0,3,0,35,39,1,50,0,21,0,46,95,0,10,7,3,9,162,141,94,10,129,0,1,0,302,1,198,92,0,9,2,5,0,3,0,9,8,0,0,0,0,19,169,0,24,0,0,6,9,1,12,23
"COG5180",16,3,6,32,1,4,18,0,25,0,1,5,33,22,2,32,46,3,0,4,41,0,1,11,0,0,1,0,1,5,0,0,3,0,70,0,0,78,0,5,25,2,2,78,0,1,8,0,1,0,2,8,1,17,0,5,1,10,27,0,0,7,0,0,34,25,33,2,33,0,1,0,117,1,54,35,1,5,0,0,0,0,0,1,4,0,0,0,0,3,26,0,0,0,0,1,1,1,2,1
"COG5181",64,18,29,115,0,2,45,0,89,0,4,10,81,115,12,81,180,9,1,7,101,1,0,30,0,4,7,1,3,1,1,0,8,0,230,1,1,210,0,21,107,7,2,250,0,13,25,0,3,1,22,36,5,31,0,16,0,32,103,3,6,12,14,2,125,126,98,8,104,0,1,0,366,0,158,116,1,14,1,6,5,0,0,16,8,0,0,3,0,12,114,0,7,0,0,3,11,4,4,10
"COG5182",27,15,7,50,0,1,10,0,34,0,0,3,23,26,9,26,58,1,1,4,56,0,0,10,0,34,4,0,0,0,1,3,2,0,97,0,0,98,0,3,37,6,1,53,6,1,6,1,1,0,18,15,2,12,0,9,0,8,43,2,1,6,0,10,44,43,62,6,37,0,0,0,132,0,60,45,3,9,0,3,4,3,0,5,1,0,0,1,0,6,55,0,20,0,0,1,0,2,1,9
"COG5183",27,14,24,47,0,36,2,0,7,0,33,19,2,23,4,23,6,13,86,49,11,12,1,8,0,16,11,0,23,18,0,0,7,0,23,0,7,6,0,8,13,4,1,44,0,45,6,0,1,1,31,2,25,11,1,20,0,6,24,20,6,25,18,27,20,32,14,18,53,11,0,1,8,6,14,22,2,10,0,26,14,6,1,46,20,11,0,1,1,6,29,16,26,0,0,41,9,5,1,9
"COG5184",4013,3623,2957,3677,486,838,3047,17348,5238,1687,1318,2235,4517,3336,3060,8347,4423,2767,4420,1864,4492,1209,1168,2356,976,35702,2729,1229,727,1331,2269,7770,2535,609,6717,672,39630,16883,1717,5934,5859,3111,1435,3473,1763,2229,5178,5113,1753,447,5179,5517,785,2731,1241,2188,1827,5590,6367,1687,46711,1718,2470,3381,5719,5187,3362,5084,6360,3225,990,853,4429,13601,3654,2133,1325,2753,439,4602,1867,1085,925,2087,2779,3145,370,2572,933,3517,5743,1248,2691,61,1149,9859,2881,3476,927,3853
"COG5185",0,1,1,5,0,0,4,0,0,0,0,1,0,1,0,0,2,0,0,0,0,0,0,0,0,0,0,0,0,0,1,0,0,0,5,0,0,0,0,2,1,0,0,0,0,0,1,0,0,0,0,4,0,0,0,0,0,2,0,0,0,0,0,0,0,31,2,0,0,2,0,0,1,0,2,1,0,3,0,0,0,0,0,0,0,0,0,0,0,0,27,0,0,0,0,0,6,0,0,0
"COG5186",53,19,12,66,0,2,22,0,55,0,7,14,42,72,17,56,84,17,1,5,66,3,1,16,0,38,9,1,4,38,3,1,5,1,136,0,1,131,2,19,62,9,3,50,0,4,12,0,2,1,37,17,27,15,1,10,0,26,53,3,8,9,1,12,75,49,80,7,51,3,1,0,207,1,72,59,6,11,0,12,26,2,0,0,2,1,0,5,0,12,51,0,18,0,0,4,1,0,10,16
"COG5187",45,31,10,62,3,2,20,0,66,0,4,7,58,75,23,54,68,6,0,6,88,4,0,24,0,36,8,0,4,5,3,9,13,1,140,0,1,79,0,21,48,16,0,24,0,7,8,0,2,0,63,16,3,39,0,9,0,34,80,1,0,22,10,14,75,66,84,13,71,0,1,0,292,1,85,27,1,24,1,9,7,4,1,7,4,0,0,3,0,15,67,0,27,0,0,3,0,3,7,30
"COG5188",19,15,17,61,0,0,12,0,28,0,2,3,38,42,3,25,62,5,2,1,56,0,0,17,0,2,5,0,1,1,0,0,1,1,118,0,1,84,0,15,50,10,0,68,0,8,6,0,1,0,21,12,3,11,0,6,0,10,49,0,1,11,3,2,68,52,69,7,32,2,2,1,151,0,67,58,1,8,0,6,2,0,0,1,3,0,0,0,0,2,58,0,8,0,0,2,5,0,2,7
"COG5190",189,66,40,267,4,4,71,0,171,5,27,13,174,199,33,139,309,7,7,27,209,8,7,50,0,69,17,0,6,3,7,8,16,3,384,0,1,359,4,37,207,23,1,154,1,53,38,0,4,1,75,50,5,92,0,54,3,68,143,14,14,23,18,30,257,245,243,20,168,6,0,1,577,2,266,110,7,41,0,25,16,4,0,79,67,4,0,4,0,43,255,0,51,0,0,63,12,1,19,38
"COG5191",46,27,9,31,1,0,18,0,28,0,0,0,18,28,15,42,45,3,0,4,27,3,1,8,0,29,7,0,5,2,2,3,3,0,64,0,0,93,0,6,50,9,0,22,0,2,7,0,0,1,36,6,2,16,0,9,0,9,35,0,0,9,0,9,59,38,6,3,53,0,1,2,92,0,44,11,2,5,2,2,1,3,0,2,3,0,0,1,0,8,23,0,27,0,0,5,0,2,7,19
"COG5192",60,22,17,119,0,9,38,0,87,0,4,5,58,77,14,90,134,4,1,8,120,1,0,15,0,2,11,1,4,5,2,2,3,1,183,0,1,190,1,14,105,9,1,34,1,6,16,0,3,0,20,34,7,50,0,17,0,21,66,1,5,17,4,3,107,153,136,8,103,1,2,1,390,0,140,35,0,17,0,4,11,0,1,14,9,0,0,1,0,7,194,0,7,0,0,2,4,5,15,13
"COG5193",17,12,5,76,0,0,17,1,29,0,1,7,31,26,1,20,68,3,0,6,42,1,1,7,0,5,4,0,2,2,0,0,2,0,90,0,0,52,0,9,37,4,1,150,0,2,10,0,4,0,4,3,1,7,0,4,0,3,12,0,1,1,0,1,15,42,22,0,9,0,2,0,44,0,17,23,0,2,0,3,0,0,0,0,1,0,0,0,0,2,32,0,1,0,0,1,1,0,1,0
"COG5194",11,7,4,15,0,1,9,0,10,0,1,8,15,13,2,16,20,4,0,0,13,0,0,4,0,8,1,0,5,5,1,0,5,0,31,0,1,31,0,12,16,3,0,17,0,1,3,0,0,0,9,3,5,9,0,7,0,8,13,1,0,14,2,3,21,16,10,2,9,1,0,0,42,0,24,13,0,9,0,2,3,0,0,1,0,0,0,0,0,6,23,0,4,0,0,1,2,0,2,8
"COG5196",59,39,11,73,7,2,12,0,39,0,1,6,24,43,22,32,65,7,2,1,55,1,1,15,0,49,10,0,2,0,0,7,9,3,88,0,0,87,0,10,52,17,1,91,0,2,9,0,0,0,66,9,2,16,0,6,0,20,54,1,1,12,2,18,63,41,70,4,57,0,0,2,225,0,71,50,7,12,1,15,4,5,1,1,3,1,0,1,0,3,64,0,20,0,0,7,0,0,5,29
"COG5197",16,4,8,39,0,1,8,0,29,0,1,2,18,24,3,7,38,1,0,2,34,2,1,14,0,0,0,0,1,4,1,0,4,0,50,0,0,65,0,6,22,1,1,11,0,3,5,0,0,0,0,13,1,5,0,6,0,5,19,0,1,9,1,1,42,28,25,1,19,0,2,0,106,0,35,6,0,2,0,0,3,0,0,2,3,0,0,0,0,1,38,0,0,0,0,0,0,1,2,1
"COG5198",39,15,8,38,8,4,8,11,32,0,1,8,18,25,5,17,50,3,2,4,46,2,2,9,18,24,6,0,5,6,11,13,5,0,59,22,22,79,0,7,34,15,12,24,4,7,10,0,1,37,21,10,2,13,1,7,1,9,29,2,2,6,3,10,42,62,38,2,29,1,1,3,92,5,45,11,2,10,3,3,4,4,4,0,7,2,8,1,0,5,50,4,14,27,4,1,1,0,10,8
"COG5199",2,3,2,1,0,0,8,0,4,0,1,0,2,9,3,14,7,7,0,0,5,1,0,2,0,1,0,0,1,1,1,0,1,0,7,0,0,0,0,3,8,2,0,40,0,2,1,0,0,0,11,0,0,1,0,1,0,8,6,0,1,1,3,1,6,4,42,0,4,1,1,0,27,0,11,21,8,5,0,1,1,0,0,0,0,0,0,1,0,0,4,0,4,0,0,1,1,1,1,5
"COG5200",21,18,8,28,0,0,3,0,27,0,0,2,22,24,5,16,18,1,1,1,36,0,0,2,0,8,5,0,1,0,0,2,3,0,45,0,0,0,0,7,21,8,0,40,0,3,3,0,0,0,40,0,0,3,0,2,0,9,37,1,0,9,2,6,26,7,56,2,30,0,0,2,114,0,15,16,1,7,0,5,0,0,0,0,0,0,0,0,0,4,9,0,21,0,0,1,0,0,2,10
"COG5201",26,10,7,61,0,3,11,0,19,0,9,19,12,28,3,35,32,10,38,21,13,11,1,9,0,25,3,0,6,9,3,2,10,0,59,0,1,36,1,7,20,5,3,32,0,13,5,0,0,0,20,4,7,12,0,7,0,9,12,13,5,17,7,10,26,58,34,7,38,1,2,6,40,2,15,50,21,8,0,14,16,1,0,59,9,10,0,1,1,4,50,1,10,0,0,6,5,4,1,11
"COG5202",25,0,8,53,4,0,11,0,25,0,1,3,17,27,2,25,52,2,1,0,39,1,0,13,0,1,2,0,2,0,1,0,4,4,92,0,0,82,0,5,37,2,0,8,0,3,7,0,0,1,0,17,2,10,0,6,0,8,29,0,0,6,0,0,44,39,44,3,38,0,0,1,129,0,46,9,0,5,4,1,3,0,0,8,5,0,0,0,0,5,55,0,2,0,0,1,0,1,1,1
"COG5204",4,5,1,11,0,0,1,0,5,0,0,0,4,4,3,1,4,1,0,1,14,0,0,0,0,0,1,0,0,1,0,0,1,0,14,0,0,0,0,0,7,4,0,7,0,1,0,0,0,0,10,3,0,0,0,0,0,1,13,0,0,4,0,1,14,3,11,0,7,0,0,0,44,0,2,3,1,0,0,1,0,0,0,2,0,0,0,0,0,2,12,0,2,0,0,0,0,0,1,6
"COG5206",24,28,8,36,0,0,9,0,29,0,0,21,26,28,13,34,45,0,1,2,36,0,2,13,0,56,6,0,17,1,1,6,4,0,61,0,2,47,0,6,26,14,0,88,0,2,8,0,0,0,46,10,0,7,0,5,0,17,31,0,2,3,6,14,44,26,38,7,39,0,0,1,99,5,45,31,2,4,1,4,3,11,0,4,1,0,0,3,0,14,24,0,27,1,0,5,6,1,2,12
"COG5207",72,26,28,67,1,4,27,0,74,0,2,12,67,103,17,62,136,8,0,1,65,3,0,19,0,28,6,0,3,10,2,4,10,0,172,0,1,130,0,27,78,16,2,59,0,5,13,0,0,0,50,12,8,24,0,11,1,33,37,1,3,5,2,10,103,77,60,7,85,1,1,1,186,0,92,48,3,26,0,8,7,5,1,6,5,1,0,2,0,14,76,0,20,0,0,6,10,2,4,18
"COG5208",21,12,15,35,0,0,11,0,24,0,0,1,19,43,7,30,34,2,0,3,31,0,0,3,0,14,4,0,1,0,1,2,4,0,59,0,1,40,0,12,36,6,0,3,0,2,4,0,0,0,31,4,0,12,0,2,0,13,21,1,6,5,2,2,40,26,31,2,23,0,0,0,101,0,35,6,0,6,0,7,0,2,0,0,4,0,0,0,0,3,25,0,9,0,0,4,0,0,8,15
"COG5209",23,29,13,41,1,1,15,0,43,0,0,2,17,39,10,34,43,5,0,4,33,1,1,10,0,0,3,0,2,2,1,0,15,3,72,0,1,58,0,15,40,14,1,49,0,3,4,0,0,0,40,8,7,12,0,6,0,24,37,1,1,7,5,6,40,35,31,5,52,0,0,0,128,0,32,23,0,22,0,11,4,0,0,3,2,0,0,0,0,4,51,0,12,0,0,0,4,0,6,11
"COG5210",301,147,90,379,17,28,161,0,307,0,8,81,224,349,80,368,486,30,4,27,373,31,11,99,0,203,53,4,47,44,6,26,87,12,736,1,9,608,2,74,377,102,5,457,2,20,43,0,9,8,211,124,65,154,1,56,0,136,366,8,19,75,25,76,470,533,338,39,413,6,5,3,1134,6,558,320,26,123,0,29,106,22,2,28,26,8,0,8,0,44,525,0,133,0,0,20,24,15,68,127
"COG5211",10,1,1,14,0,0,9,0,17,0,0,0,9,15,2,15,40,1,0,1,16,0,1,9,0,0,1,0,0,0,0,0,0,0,38,0,0,44,0,5,15,1,0,2,0,0,6,0,1,0,1,7,1,3,0,5,0,3,8,0,1,1,5,1,14,19,12,0,16,0,0,0,41,0,29,8,0,1,0,1,1,0,0,0,3,0,0,0,0,0,17,0,2,0,0,1,1,0,1,1
"COG5212",5,1,1,24,151,1,4,16,2,97,0,1,18,6,30,1,3,11,65,19,7,0,1,2,0,1,11,8,1,8,16,62,0,787,8,18,7,6,5,6,2,4,26,6,185,0,12,0,26,14,13,9,2,8,3,2,42,5,0,0,15,3,13,0,2,0,0,3,3,8,11,3,11,23,17,3,29,0,16,20,0,5,1,42,1,1,0,64,19,23,1,50,4,0,0,12,6,27,7,2
"COG5213",0,0,3,0,0,1,3,0,5,0,0,1,0,3,1,5,2,1,0,0,0,0,0,1,0,0,1,0,2,1,0,0,1,0,1,0,0,1,0,5,2,2,0,18,0,0,0,0,0,0,2,0,1,0,0,0,0,0,1,0,0,0,0,1,0,0,1,0,0,0,0,0,0,0,0,4,1,0,0,0,0,0,0,0,0,0,0,0,0,0,0,0,0,0,0,0,0,0,0,0
"COG5214",40,24,8,52,0,1,9,0,37,0,1,2,11,20,12,16,71,0,2,2,37,2,0,11,0,22,5,0,4,5,0,3,3,0,61,1,0,85,0,5,46,7,0,24,0,1,8,0,0,0,24,16,2,9,0,6,0,10,47,1,3,6,3,7,43,44,57,3,36,0,1,0,122,0,62,28,15,6,0,1,8,6,0,6,3,0,0,1,0,12,67,0,13,0,0,4,3,0,5,26
"COG5215",219,127,49,193,8,8,77,0,263,0,1,12,150,237,80,215,318,18,4,12,221,3,2,74,0,164,33,3,5,6,7,14,24,6,483,1,1,470,3,72,222,65,2,185,0,19,49,0,6,3,212,46,9,79,1,43,1,88,198,4,20,34,12,55,272,238,222,27,288,1,7,5,740,4,308,111,5,74,2,38,13,19,2,18,17,2,0,6,0,39,264,1,96,0,0,13,7,7,22,89
"COG5216",8,2,1,2,0,1,4,0,11,0,0,3,9,6,1,6,14,0,1,1,6,0,1,2,0,0,0,0,0,0,0,0,1,0,16,0,0,10,0,0,14,3,0,2,0,1,3,0,0,0,3,2,2,2,0,0,0,1,5,0,0,1,0,1,16,7,10,0,15,1,0,0,33,0,16,2,1,5,0,1,1,0,0,0,0,0,0,1,0,0,11,0,3,0,0,2,2,0,0,3
"COG5217",36,1,14,35,5,3,18,0,27,0,0,3,30,16,0,24,58,1,0,5,49,0,0,4,0,0,1,0,0,2,0,1,5,0,82,0,1,97,0,12,47,1,0,38,0,3,8,0,1,0,0,7,0,6,0,7,0,16,23,0,1,5,5,2,53,22,38,3,34,2,2,0,101,0,54,22,1,1,0,0,2,0,0,1,3,0,0,0,0,5,38,0,2,0,0,1,7,1,5,4
"COG5218",85,33,22,77,0,3,50,0,60,0,3,2,56,70,17,83,126,4,1,9,62,1,6,27,0,61,5,0,2,2,4,8,7,0,157,0,1,180,0,18,74,11,0,135,0,2,13,0,2,0,33,25,4,38,0,7,0,28,39,1,8,5,5,16,107,75,57,8,78,0,1,0,144,0,144,80,4,12,0,1,9,2,0,4,7,0,0,0,0,22,108,1,24,0,0,4,3,2,6,22
"COG5219",91,42,24,105,0,0,49,0,83,0,1,1,97,123,18,82,157,0,1,7,117,0,5,31,0,71,9,0,1,0,4,11,4,0,236,0,0,230,0,19,117,11,1,336,1,8,14,0,4,2,46,42,9,68,0,19,0,29,110,2,5,13,8,13,162,114,41,9,129,0,3,1,364,0,211,157,0,15,1,2,1,4,0,15,7,1,0,0,0,16,99,0,27,0,0,6,2,0,8,20
"COG5220",0,0,0,9,0,0,0,0,3,0,0,0,4,3,0,0,7,0,0,1,9,0,0,0,0,0,0,0,1,0,0,0,0,0,7,0,0,0,0,0,4,0,0,0,0,0,1,0,0,0,0,0,0,0,0,0,0,2,2,0,0,1,0,0,2,1,9,0,0,0,0,0,36,0,4,1,0,0,0,0,0,0,0,0,0,0,0,0,0,0,2,0,0,0,0,0,0,0,0,0
"COG5222",23,17,6,55,0,2,16,0,38,0,1,1,35,50,12,34,59,5,0,3,48,0,0,18,0,13,3,0,2,1,1,1,6,0,123,0,0,110,0,11,59,0,0,44,0,3,6,0,0,0,21,25,1,12,0,8,0,20,37,0,1,8,2,0,69,68,40,6,51,0,1,0,151,1,74,31,1,10,0,2,2,1,0,3,2,0,0,0,0,7,63,0,6,0,0,3,1,1,4,7
"COG5223",12,4,8,28,0,1,8,0,20,0,1,2,27,28,2,19,36,5,0,2,27,0,0,16,0,1,1,0,2,0,0,0,2,0,52,1,0,70,0,7,31,1,0,7,0,2,5,0,0,0,1,12,3,16,0,2,0,7,18,0,1,3,6,0,40,56,22,1,33,0,0,0,86,0,45,10,2,6,0,1,1,0,0,1,2,0,0,0,0,0,55,0,0,0,0,1,3,1,1,2
"COG5224",1,1,2,15,0,0,6,0,8,0,1,3,16,28,1,11,11,0,0,1,22,0,0,1,0,0,1,0,1,1,0,0,1,0,31,0,0,3,0,2,11,1,0,2,0,2,0,0,1,0,1,4,0,7,0,0,0,4,24,0,0,1,3,0,18,10,16,1,4,0,1,0,65,0,8,7,0,3,0,0,1,0,0,3,0,0,0,0,0,0,19,0,0,0,0,0,0,0,1,2
"COG5225",14,22,1,0,0,1,6,0,11,0,0,3,5,26,6,15,4,4,0,0,5,0,0,0,0,18,3,0,0,0,0,4,5,0,11,0,0,0,0,5,9,9,0,47,0,0,1,0,0,0,31,0,5,0,0,0,0,6,13,0,2,3,1,7,5,1,0,4,12,0,1,0,28,0,2,38,0,11,1,7,3,2,0,0,0,0,0,1,0,3,4,0,8,0,0,1,0,0,0,15
"COG5226",163,61,182,887,6,11,41,2,158,8,114,40,26,89,42,260,112,33,212,221,67,35,14,174,3,243,20,9,76,35,34,5,46,11,248,5,69,725,8,95,106,77,11,62,11,180,206,5,3,2,249,257,102,50,46,112,36,136,1401,272,334,414,213,135,518,1884,928,591,1554,62,27,23,458,132,390,227,4,142,13,163,126,35,33,1645,1301,303,3,74,9,161,1584,54,744,5,0,1471,131,75,35,239
"COG5227",22,38,9,9,1,0,7,0,36,0,0,2,20,42,24,44,25,5,1,2,11,0,0,8,0,0,4,0,0,1,0,0,9,0,42,0,0,17,0,8,21,21,0,7,0,2,0,0,0,0,66,2,1,8,1,3,0,16,29,0,1,6,7,9,27,17,80,4,42,0,0,0,110,0,30,9,14,28,0,13,2,0,0,2,1,1,0,0,0,7,13,0,23,0,0,4,1,3,3,30
"COG5228",32,26,11,43,0,0,14,0,41,0,1,2,31,61,8,42,63,7,0,2,56,1,2,14,0,14,9,0,2,0,0,2,3,0,102,0,0,80,0,18,56,14,1,36,0,3,8,0,0,1,19,2,0,9,0,3,0,7,20,0,1,2,1,3,19,16,8,4,26,1,1,0,58,0,15,14,1,9,0,4,1,2,0,2,1,0,0,0,0,1,28,0,4,0,0,2,3,0,1,3
"COG5229",43,18,12,37,1,2,28,0,39,0,1,0,39,64,12,57,119,0,1,1,29,4,2,12,0,33,6,0,1,0,1,5,6,0,110,1,0,155,0,11,52,8,0,52,0,6,20,0,1,0,25,10,4,35,0,13,0,17,21,0,6,3,2,12,57,100,72,9,68,0,2,1,84,0,91,38,3,6,1,2,7,2,0,1,4,0,0,0,0,7,90,0,12,0,0,1,2,2,4,11
"COG5230",11,1,1,23,0,0,8,0,16,0,0,3,10,17,2,16,26,0,0,1,29,1,0,3,0,2,0,0,2,0,0,0,3,0,37,0,0,34,0,2,35,0,0,37,0,1,6,0,1,0,1,6,1,8,0,1,0,6,22,0,1,2,0,0,41,23,19,0,13,0,0,0,77,0,28,29,0,6,0,0,1,0,0,0,1,2,0,0,0,3,34,0,0,0,0,0,0,1,2,4
"COG5231",28,14,17,38,0,1,22,0,45,0,0,7,37,68,15,41,45,5,1,0,32,1,0,14,0,3,5,0,1,2,1,0,7,0,104,0,0,102,0,15,51,8,0,37,0,5,8,0,0,0,16,11,2,18,0,4,1,21,43,1,2,7,4,4,64,52,32,7,55,1,2,0,88,0,68,33,0,18,0,7,1,0,0,2,3,0,0,1,0,6,55,0,5,0,0,2,0,0,3,7
"COG5232",30,20,6,37,0,1,13,0,39,0,0,5,29,55,10,36,54,4,0,4,38,5,1,12,0,25,4,1,1,2,1,3,3,0,89,0,1,57,0,12,45,4,0,43,0,3,9,0,0,1,26,10,1,14,0,1,0,11,27,0,0,7,6,8,52,50,35,5,38,0,0,1,144,1,64,23,5,11,0,2,3,3,1,2,3,0,0,0,0,6,52,0,20,1,0,1,3,2,3,14
"COG5233",0,0,0,0,0,0,0,0,0,0,0,1,0,2,0,0,0,0,0,0,0,0,0,0,0,0,0,0,0,0,0,0,0,0,1,0,0,0,0,0,0,1,0,18,0,0,0,0,0,0,2,0,1,0,0,0,0,0,2,0,0,1,0,0,0,0,9,0,2,0,0,0,1,0,0,23,1,0,0,0,1,0,0,0,0,0,0,0,0,0,0,0,0,0,0,0,0,0,0,0
"COG5234",122,133,28,149,5,2,39,0,150,0,3,3,116,191,50,120,190,22,7,6,160,0,7,31,0,64,25,0,3,2,2,14,22,1,298,0,4,229,1,33,138,48,0,91,1,14,25,0,6,0,156,40,1,56,1,16,0,54,144,3,9,31,13,36,172,166,103,20,189,1,2,2,689,0,184,77,0,89,2,40,4,8,0,12,8,2,0,3,0,19,189,0,77,0,0,11,5,1,8,71
"COG5235",22,12,1,25,1,1,11,0,23,0,0,3,8,27,7,25,29,2,1,1,14,1,1,4,0,9,3,0,1,0,1,1,4,0,48,0,0,44,1,8,35,6,0,75,0,1,4,0,0,1,25,15,2,10,0,6,0,12,29,2,1,4,2,5,27,28,17,1,33,0,2,0,73,0,27,29,0,3,0,4,3,1,0,4,3,0,0,0,0,4,33,0,14,0,0,1,0,0,3,12
"COG5236",9,3,0,14,0,0,2,0,4,0,0,2,6,4,7,4,14,1,0,0,9,0,0,0,0,17,1,0,0,0,0,1,2,0,25,0,0,0,0,1,9,2,0,4,0,0,1,0,0,0,8,0,2,1,0,0,0,3,4,0,1,0,0,3,3,3,25,1,2,0,0,0,25,0,1,2,0,0,0,0,3,4,0,2,0,0,0,0,0,0,3,0,7,0,0,1,2,0,2,4
"COG5237",4,5,0,11,0,0,1,0,5,0,0,0,6,9,4,0,18,2,0,0,22,0,0,5,0,11,0,0,1,0,0,1,0,0,20,0,0,1,1,5,12,2,0,0,0,0,2,0,1,0,7,0,0,1,0,0,0,2,7,0,0,0,0,4,9,2,27,0,3,0,2,2,41,0,9,0,0,1,2,2,0,1,0,1,0,0,0,0,0,1,2,0,3,0,0,2,0,0,0,6
"COG5238",159,82,54,172,2,13,75,0,105,0,1,15,103,129,38,99,226,20,15,4,145,6,4,39,0,111,14,2,9,9,8,14,18,1,316,1,2,277,0,35,170,23,0,49,0,17,30,1,6,0,87,38,4,52,0,18,0,41,105,6,10,17,13,42,196,192,171,18,137,3,5,0,405,1,205,30,7,17,0,8,21,10,1,27,10,4,0,0,1,30,204,0,44,0,0,11,6,1,9,22
"COG5239",172,81,56,170,7,16,76,0,192,0,12,22,122,160,33,131,264,42,8,5,145,11,2,47,0,105,14,1,25,22,6,11,32,7,389,1,3,431,1,42,179,26,1,470,0,49,46,0,3,1,96,82,22,63,1,43,0,54,111,10,10,26,17,24,208,252,208,12,191,4,3,3,451,0,275,249,6,39,4,15,23,8,3,23,16,2,0,0,0,36,300,1,58,0,0,13,13,6,25,47
"COG5240",39,46,15,85,1,3,24,0,81,0,2,5,45,91,21,66,70,17,2,3,77,1,0,21,0,9,13,0,2,4,0,0,25,0,122,0,4,97,0,15,84,18,0,104,0,4,17,0,0,1,59,22,5,25,0,9,1,23,62,2,0,23,10,11,89,102,100,16,91,2,2,3,385,1,91,71,9,51,1,17,8,0,1,7,2,1,0,2,0,14,126,1,19,0,0,1,9,4,8,26
"COG5241",8,2,2,28,0,2,5,0,27,0,0,3,15,16,2,18,21,0,0,2,30,0,0,6,0,13,3,0,1,6,2,3,8,0,32,0,0,67,0,3,23,5,0,56,0,3,5,0,0,0,5,4,2,12,0,4,0,8,11,0,3,7,0,2,28,16,25,1,26,0,0,0,106,0,22,34,0,3,0,2,1,3,0,1,2,0,0,0,0,3,20,0,8,0,0,1,0,0,1,5
"COG5242",20,18,6,26,0,0,15,0,23,0,1,0,20,24,13,19,36,1,0,1,22,2,1,7,0,12,4,0,1,0,0,3,4,0,57,0,0,51,0,5,24,12,1,2,0,1,4,0,0,0,26,7,0,11,0,8,0,11,32,0,0,3,3,5,34,38,19,5,38,0,0,0,80,0,42,7,2,3,0,5,2,1,0,1,0,0,0,0,0,7,34,0,7,0,0,4,5,2,6,6
"COG5243",78,20,21,57,0,12,16,0,50,0,10,6,28,46,14,31,95,6,38,2,40,9,0,15,0,58,9,0,7,8,0,5,7,1,101,0,5,125,0,16,36,12,0,53,1,7,14,0,0,0,30,20,56,8,2,16,0,16,32,5,7,14,6,21,57,94,36,12,55,1,1,2,132,4,80,45,1,7,1,0,8,7,0,25,10,8,0,4,0,14,88,9,18,0,0,21,7,1,6,21
"COG5244",8,5,18,2,0,4,10,0,3,0,0,4,2,10,5,17,1,0,1,1,1,5,0,3,0,10,4,0,5,3,0,2,13,0,1,0,0,0,0,4,3,9,0,56,2,0,0,0,0,0,5,3,7,4,0,2,0,3,5,0,0,2,2,2,10,15,6,5,11,3,1,1,13,0,2,38,2,8,0,0,11,0,0,2,0,0,0,0,0,5,6,0,2,0,0,0,8,1,4,5
"COG5245",2436,2440,409,2092,231,139,741,0,1987,4,30,251,1163,2452,990,1942,2057,394,103,83,1834,126,105,443,0,3442,467,24,200,167,43,384,525,123,3827,18,79,1089,29,586,1795,1007,43,1857,10,123,346,0,23,13,3825,287,199,554,17,202,2,813,1915,25,109,460,232,1103,2296,1749,3381,255,2057,10,42,90,7910,41,1505,922,227,1297,40,577,368,226,16,109,55,37,1,58,1,487,2018,2,1684,1,0,293,63,102,291,1001
"COG5246",21,6,4,26,0,7,10,0,16,0,0,5,14,25,14,16,31,4,0,1,24,0,0,12,0,7,1,0,2,5,1,3,3,0,50,0,0,39,0,8,31,5,0,45,0,3,1,0,1,0,18,7,3,9,0,3,0,11,16,1,1,3,1,2,37,24,21,2,30,0,0,1,51,0,41,28,0,5,0,2,13,4,0,1,4,0,0,0,0,6,38,0,5,0,0,2,7,0,1,5
"COG5247",14,4,5,34,0,0,7,0,15,0,1,0,10,23,0,6,39,0,0,2,18,0,0,6,0,0,0,0,0,0,1,0,0,0,42,0,0,49,0,5,20,0,0,1,0,4,3,0,0,0,0,7,0,11,0,4,0,5,14,0,0,1,0,0,31,37,3,1,19,0,1,0,34,0,35,2,0,0,0,1,0,0,0,2,1,0,0,0,0,3,42,0,0,0,0,0,1,1,1,0
"COG5248",7,7,6,24,0,0,8,0,19,0,0,0,17,22,0,15,16,0,1,0,26,0,0,0,0,0,2,0,0,0,0,0,1,0,39,0,1,24,0,2,16,2,0,0,0,2,1,0,0,0,9,4,0,13,0,2,0,8,12,0,1,2,2,0,20,20,9,3,19,0,0,0,72,0,27,2,0,4,0,2,0,0,0,2,1,0,0,0,0,3,36,0,0,0,0,0,1,0,2,0
"COG5249",24,5,1,22,0,0,5,0,17,0,1,2,5,14,3,11,37,1,1,1,5,0,1,3,0,5,1,0,1,0,0,0,1,0,42,0,0,37,0,2,29,5,1,29,0,2,4,0,0,0,7,1,0,6,1,2,0,6,5,0,0,2,4,4,17,22,26,1,20,0,1,0,34,0,28,9,3,1,0,1,2,4,0,7,1,0,0,0,0,2,20,0,3,0,0,2,1,0,1,4
"COG5250",5,0,3,21,0,0,4,0,7,0,0,0,8,16,2,6,22,0,0,0,14,0,0,3,0,0,0,0,0,0,0,0,1,0,29,0,0,31,0,0,12,0,0,0,0,7,4,0,0,0,0,5,0,6,0,3,0,3,5,0,1,0,1,0,11,26,19,1,10,0,0,0,28,0,16,6,0,1,0,0,0,0,0,3,1,0,0,0,0,1,14,0,0,0,0,0,0,0,2,0
"COG5251",12,0,0,18,0,0,3,0,15,0,0,0,10,12,2,11,24,0,0,2,19,0,0,3,0,0,2,0,0,0,1,0,1,0,32,0,0,54,0,1,16,0,0,0,0,0,2,0,1,0,0,2,0,11,0,4,0,2,8,0,1,0,0,0,13,12,14,3,14,0,0,0,59,0,28,8,0,0,0,1,0,0,0,2,1,0,0,0,0,0,23,0,0,0,0,1,0,0,1,1
"COG5252",1,6,7,119,1,0,34,0,47,0,0,0,64,76,3,39,30,0,0,4,83,0,0,12,0,0,1,0,0,1,0,0,1,0,143,0,0,5,0,18,71,4,0,3,0,8,7,0,2,0,1,25,0,33,0,0,0,24,59,0,1,7,10,0,96,153,55,5,46,0,1,0,213,0,64,23,2,9,0,1,0,0,1,14,0,0,0,0,0,1,149,0,0,0,0,0,0,0,2,3
"COG5253",74,87,21,37,12,5,20,1,76,1,2,9,37,103,31,72,63,12,28,2,63,1,10,29,0,59,28,3,8,6,1,6,11,8,118,14,1,100,2,25,81,33,3,139,0,4,17,0,5,1,299,42,15,73,5,36,1,103,208,8,11,75,20,96,274,266,110,42,320,3,15,17,967,3,225,221,42,158,25,76,15,15,11,28,22,4,0,3,4,41,312,15,150,0,0,48,23,9,24,132
"COG5254",1,0,0,1,0,2,0,0,2,0,0,0,0,1,0,3,0,1,0,0,2,1,0,0,0,0,0,0,1,1,0,0,1,0,0,0,0,0,0,0,2,1,0,1,0,0,0,0,0,0,1,0,2,0,0,0,0,1,1,0,0,0,0,0,0,0,6,0,0,0,0,0,2,0,0,2,2,0,0,0,0,0,0,0,0,0,0,0,0,0,1,0,1,0,0,0,0,0,0,0
"COG5255",157,252,297,265,46,1,65,0,167,117,205,27,69,143,139,158,175,54,23,137,59,232,47,370,110,52,26,63,94,23,43,12,99,41,237,90,17,240,60,164,243,101,80,71,1,166,39,4,67,31,177,124,18,35,58,29,5,113,83,116,7,183,137,171,218,256,185,115,190,6,47,81,62,7,260,109,153,32,43,83,101,64,34,202,205,144,108,35,31,116,220,43,149,4,19,19,129,58,7,90
"COG5256",669,559,738,528,949,89,453,0,1650,517,319,351,1852,1542,1789,2013,1257,401,164,1047,1602,71,1526,531,3,375,601,1842,114,254,1613,544,456,2811,1914,2315,95,1724,2203,627,911,766,2725,663,734,1602,762,9,1286,426,1067,919,251,1094,4161,333,3955,621,1197,388,410,303,357,470,980,1116,480,625,1839,121,2611,463,1500,513,826,492,1537,672,1211,1090,119,2744,2261,144,275,526,0,1812,1199,1563,1342,1250,444,22,0,220,441,2777,233,653
"COG5257",482,425,511,339,982,56,343,1,1368,437,127,323,1444,1100,1730,1491,856,361,144,800,1329,21,1719,404,0,187,504,2000,75,225,1513,428,422,2901,1504,2236,36,1291,2190,433,650,520,2914,326,741,1134,620,0,1311,399,811,577,177,867,4583,260,3786,469,918,163,145,254,243,403,692,942,290,383,1120,133,2576,428,925,149,481,218,1463,469,1296,1016,83,3197,2462,248,281,391,0,1717,1118,1667,979,1135,278,9,0,126,307,2784,183,568
"COG5258",102,39,91,377,120,74,108,1,98,5,106,169,70,110,19,140,110,95,105,117,100,70,41,105,1,25,33,5,127,84,27,2,73,51,178,4,13,127,14,205,98,53,3,176,3,144,30,0,10,5,29,42,114,57,29,49,5,64,136,95,21,257,136,136,117,144,122,75,117,64,10,12,224,25,156,169,4,51,17,48,167,7,17,405,50,78,0,45,2,67,145,36,123,0,0,43,123,11,8,25
"COG5259",53,11,8,62,0,0,25,0,61,0,0,0,40,73,6,53,95,2,0,1,53,0,0,17,0,24,3,0,0,1,1,2,2,1,133,0,0,172,0,13,59,5,0,45,0,8,17,0,2,0,22,23,0,41,0,10,0,13,39,1,4,3,2,7,74,96,34,4,66,0,2,0,182,0,119,54,0,4,0,5,1,4,0,5,7,0,0,0,0,13,111,0,7,0,0,1,2,0,5,4
"COG5260",365,340,346,205,10,69,117,0,536,1,27,73,165,303,170,268,655,162,67,60,399,8,7,313,0,158,20,0,37,120,11,24,48,8,694,1,3,629,1,101,557,71,2,225,1,69,96,0,3,2,471,272,67,140,4,123,0,192,300,25,27,196,54,305,572,411,589,20,466,76,2,5,612,3,370,137,28,105,2,493,16,9,0,33,234,11,0,6,1,101,389,1,267,0,0,93,133,18,24,85
"COG5261",1,1,0,2,0,2,11,0,4,0,2,7,0,1,2,8,0,2,0,0,1,3,1,0,0,0,1,0,3,2,0,0,4,0,7,0,0,0,0,0,2,1,0,95,0,0,0,0,0,0,1,2,0,1,0,0,0,1,0,0,1,2,0,0,3,5,0,0,2,0,0,0,3,0,0,45,0,1,0,1,8,0,0,0,0,0,0,0,0,1,8,0,0,0,0,0,0,1,2,3
"COG5262",65,107,29,151,28,15,48,0,90,1,4,31,57,112,37,100,104,22,16,14,57,6,9,29,2,35,23,4,38,21,4,8,29,21,150,4,4,94,12,41,79,37,8,167,65,26,20,0,2,3,84,19,9,35,2,12,24,61,75,10,40,36,16,26,115,73,111,14,85,10,14,1,254,6,87,78,5,51,7,27,30,6,9,116,13,7,1,8,0,10,87,0,37,0,0,17,11,13,57,44
"COG5263",0,0,0,0,1,0,0,3,1,0,0,0,0,0,2,10,0,0,0,0,0,0,3,0,0,5,0,40,0,0,0,171,0,6,1,3,3,1,4,0,0,1,6,0,13,0,1,0,6,1,0,19,0,0,41,0,3,1,0,0,0,0,0,0,0,1,0,0,2,0,8,5,0,655,0,0,2,0,5,0,0,5,1,1,0,0,0,3,2,0,2,0,0,7,24,0,0,4,0,0
"COG5264",5,12,4,3,1,1,3,0,14,4,1,12,3,13,6,8,6,2,3,0,1,6,0,1,0,10,10,1,8,1,4,0,13,0,23,0,15,0,0,4,6,43,0,29,1,0,5,0,1,0,20,0,5,2,0,1,2,0,17,0,8,5,1,4,12,1,9,13,17,2,0,1,26,4,3,18,9,28,0,6,24,0,0,0,0,50,0,0,3,11,1,1,7,0,0,1,1,2,0,9
"COG5265",966,1263,1555,3201,2602,1443,1555,3907,1209,930,621,1255,1240,1309,818,602,1791,949,878,588,1189,1497,1089,1846,3817,865,1753,1084,2460,1191,1227,2649,1476,1053,1159,1709,2603,1165,584,1083,1208,1138,801,1639,3543,434,560,3914,1037,3385,855,2541,1212,1354,560,1377,3420,1098,1318,317,1070,2143,1574,1423,1075,1530,4568,824,635,1589,1027,2181,1445,327,2038,1719,1959,597,3149,1508,3463,806,1304,2593,330,736,3314,1124,917,1160,1565,1190,1256,3468,3420,863,1216,582,4061,607
"COG5266",23,3,0,4,114,0,0,317,2,7,1,2,7,6,7,10,2,3,123,3,6,1,5,2,100,37,40,7,2,4,14,58,3,94,1,91,39,2,0,0,1,6,22,19,66,2,3,593,36,19,1,0,1,16,29,31,20,0,0,22,74,1,4,0,0,0,0,4,3,68,0,7,4,95,0,1,1,3,9,27,1,0,40,4,0,6,176,0,0,7,0,9,1,101,108,108,39,15,21,0
"COG5267",2295,3247,2753,4151,4083,3247,2237,1058,3341,2717,2826,2623,7040,3901,3106,1949,3351,1872,374,3018,2093,3383,2804,3694,289,464,1501,5870,3957,2676,6983,211,2902,1151,2630,7521,172,2317,4221,2578,2401,2661,3639,2361,254,3942,902,955,8880,4784,2194,2487,3157,6329,1968,1260,950,2653,3071,2296,630,2730,3293,3160,2590,3254,4710,2512,2273,403,6738,3602,1822,553,2828,2714,6815,2546,3402,2595,3486,2699,3408,3973,2809,3808,622,5741,2155,4364,3210,2859,3221,278,413,522,2206,6988,1572,1822
"COG5268",7,4,0,0,50,11,1,262,9,9,3,2,4,7,10,9,1,6,129,0,9,1,16,0,267,32,104,15,3,4,18,164,3,21,2,55,56,5,6,1,6,10,38,15,165,1,6,148,23,39,9,6,5,26,28,26,20,0,1,20,87,4,4,4,0,0,0,2,0,131,43,37,1,155,0,4,4,4,16,8,1,6,28,4,0,6,238,11,5,2,1,16,0,62,248,128,8,25,30,1
"COG5269",48,26,14,46,2,1,17,0,30,0,1,1,27,38,8,31,77,1,0,1,36,0,2,15,0,34,3,0,0,2,0,8,0,0,87,0,1,97,1,5,47,14,0,185,0,4,9,0,1,0,39,14,2,16,0,8,0,10,43,2,0,7,4,7,54,59,63,3,56,0,2,1,105,0,80,86,2,4,0,0,0,5,0,1,3,0,0,0,0,9,70,0,17,0,0,2,2,0,8,14
"COG5271",346,290,285,285,26,4,229,1024,323,90,182,46,370,456,234,371,533,110,2027,67,230,104,36,222,1145,2395,30,14,26,21,43,2029,190,17,652,24,960,1268,37,206,488,147,30,139,3098,147,4133,524,37,14,372,536,8,184,41,174,7586,187,249,72,3644,131,259,200,508,254,114,161,480,1427,11,21,782,2795,792,173,57,150,11,95,43,69,11,100,76,46,629,53,138,88,236,141,326,104,1454,2608,105,44,57,197
"COG5272",387,194,235,2176,64,107,213,165,399,60,329,202,341,399,135,463,378,159,1262,137,224,105,61,212,76,1140,103,32,182,132,83,175,156,44,676,48,666,414,53,275,341,283,64,671,111,301,495,169,30,18,261,398,168,206,52,122,812,159,325,291,683,321,179,195,458,456,728,184,427,205,41,60,677,588,411,458,55,222,24,129,213,50,29,1422,333,194,50,145,52,149,432,60,409,2,63,1344,165,114,56,214
"COG5273",228,115,71,413,8,18,141,0,324,0,9,50,247,381,56,266,484,36,5,23,409,18,7,106,0,132,41,0,26,21,4,19,106,6,772,1,1,578,0,92,398,42,1,678,1,34,66,0,9,2,131,96,36,153,1,56,0,133,314,11,11,56,27,47,493,422,471,35,351,0,4,2,1194,2,452,405,25,99,2,22,66,10,0,37,14,2,0,2,0,45,514,0,55,0,0,19,22,7,25,90
"COG5274",274,116,125,471,5,5,98,0,289,5,66,57,218,341,52,235,515,38,42,29,281,23,4,111,5,141,27,7,20,32,29,31,16,3,637,7,25,1019,1,116,318,56,19,150,4,110,91,1,6,2,158,112,31,110,19,87,7,115,234,40,83,94,43,101,400,374,373,34,293,120,17,15,794,45,443,153,12,75,5,38,35,9,7,153,52,24,0,36,4,81,483,1,110,1,0,128,26,12,18,54
"COG5275",10,4,1,32,0,2,4,0,12,0,0,2,16,12,2,5,25,3,0,0,12,0,0,0,0,13,0,0,0,3,0,1,3,0,35,1,0,0,0,1,29,4,0,3,0,2,2,0,1,0,4,6,2,1,0,1,0,5,14,0,1,0,1,1,20,7,46,1,3,0,0,0,73,1,9,8,0,1,0,0,10,1,0,2,0,0,0,0,0,1,7,0,10,0,0,1,0,0,3,3
"COG5276",779,515,285,977,1049,585,584,3775,725,1794,311,614,1033,1068,1137,1333,323,723,483,670,861,576,1147,410,128,136,1222,1207,609,550,1204,535,499,1175,803,1230,106,551,1629,634,525,788,1635,727,1338,861,168,7908,1501,634,851,493,552,1520,967,1348,3156,463,393,259,180,554,431,558,482,478,2200,1032,911,649,1317,1011,535,387,502,582,1599,1193,765,738,424,1051,1238,1021,781,1381,86,1291,6422,929,560,3970,701,96,150,417,402,1486,175,911
"COG5277",275,177,80,262,46,36,179,0,309,1,11,67,230,340,87,320,357,53,26,17,265,31,25,96,0,187,42,12,46,48,10,21,77,31,606,3,3,472,14,104,296,94,11,820,7,21,47,1,14,8,293,74,53,136,15,91,1,177,243,11,34,84,35,71,404,314,352,43,386,7,12,16,938,8,410,421,35,115,26,42,76,23,14,30,14,6,1,6,0,46,310,16,112,0,0,274,50,16,71,151
"COG5278",70,77,10,23,467,21,1,597,43,21,15,16,6,120,104,28,16,43,731,9,65,4,434,10,1256,276,307,86,11,10,144,1106,13,551,6,261,206,43,67,2,33,289,167,49,1480,17,290,1243,177,224,77,34,13,109,178,156,402,1,29,39,559,13,38,40,34,14,53,13,24,505,119,297,31,576,10,50,55,38,148,168,23,178,554,20,9,41,1002,52,92,35,17,70,40,221,386,726,61,119,151,31
"COG5279",74,62,4,74,242,5,7,8,41,62,7,22,26,32,210,87,32,21,88,7,8,10,201,32,8,10,54,472,12,16,33,94,12,228,46,481,11,35,230,12,20,40,479,30,58,14,21,12,392,184,42,11,3,40,189,97,212,14,18,20,32,28,19,36,19,27,88,36,44,43,399,194,16,41,12,28,826,61,331,39,11,208,231,100,3,57,32,65,48,41,32,161,93,34,18,9,7,181,22,6
"COG5280",10,30,62,98,3,0,13,95,3,6,12,28,9,6,25,187,14,6,535,0,4,7,10,35,336,285,1,6,7,1,20,260,31,0,4,9,74,75,1,21,24,351,7,14,841,6,754,141,2,0,14,17,2,4,4,2,1395,8,8,4,426,25,25,16,13,1,1,5,18,288,2,9,2,15265,85,5,10,2,1,8,32,1,3,114,5,0,72,73,23,3,2,32,41,14,268,266,15,7,26,4
"COG5281",309,267,1265,441,1969,45,527,2873,58,59,168,135,273,123,167,368,96,192,20728,57,71,141,253,950,12290,27695,544,192,122,192,303,7785,299,714,38,391,17805,1110,37,528,260,340,149,866,2758,90,40426,1993,185,1759,214,330,15,437,137,407,2116,393,133,460,21570,808,409,262,109,17,120,432,109,43867,195,909,220,11665,1984,191,123,146,1840,301,76,131,489,496,122,156,8869,417,48,177,33,162,236,4409,20364,37605,738,124,1326,193
"COG5282",144,32,127,26,435,9,143,3,353,610,110,24,502,276,454,472,238,45,8,329,378,2,673,105,232,26,127,715,12,4,299,70,250,351,313,593,7,694,607,133,240,380,908,155,21,386,84,1,945,298,98,123,21,374,1035,37,52,104,189,106,41,45,200,18,176,171,2,429,590,210,661,961,264,17,291,54,721,202,348,146,27,843,667,47,805,594,1586,344,790,378,174,491,16,4,379,10,128,374,20,194
"COG5283",245,162,484,1395,220,72,148,3803,59,134,90,27,317,139,60,839,135,112,23511,60,89,43,172,480,7179,27334,382,59,52,37,163,6322,355,114,194,291,19094,955,31,289,140,293,78,347,2595,87,25529,1332,90,549,135,840,15,195,193,141,6030,185,91,117,31805,487,213,348,78,79,206,79,142,11030,335,126,168,36967,760,85,86,231,238,104,39,20,156,1403,258,251,2628,229,92,171,73,59,200,2238,9190,20583,80,105,162,950
"COG5285",6095,6393,6298,9295,8449,5251,6807,2967,9712,6945,5876,5299,15803,10010,9517,9587,8311,4528,1903,7035,7701,6749,12562,8138,1115,1905,5588,16416,4957,5468,9968,993,10103,5271,8618,12950,1044,7821,15191,6242,6424,8576,14707,5620,1011,7311,4439,1580,17864,7478,5310,6054,5211,11002,10596,4257,1896,5701,7974,3978,2295,6574,5850,5671,7271,9428,6747,9114,8674,1419,14283,9390,6679,2007,7068,6036,17828,7856,7946,6740,6367,12959,12698,8153,5690,8262,930,14174,6654,11529,9493,7126,6134,218,609,1292,5241,13295,1317,8186
"COG5290",59,5,15,99,1,0,39,0,100,0,0,0,88,62,12,66,146,0,1,4,95,0,0,30,0,1,5,0,0,0,4,0,0,0,185,0,0,211,0,18,109,2,1,2,0,8,12,0,0,1,0,22,0,40,0,10,0,16,74,0,1,8,5,0,145,72,89,6,97,0,1,0,207,0,134,19,0,9,0,3,1,0,0,12,3,0,0,0,0,11,88,0,0,0,0,1,2,1,7,4
"COG5291",47,31,12,51,0,0,16,0,57,0,0,4,28,60,12,46,66,7,2,6,42,1,2,15,0,33,6,0,5,3,1,4,10,1,105,0,1,82,0,16,38,21,1,79,1,3,9,0,0,0,50,10,6,20,0,7,0,31,45,0,2,3,2,6,72,36,77,5,70,0,0,0,158,1,73,45,3,22,0,10,7,4,0,1,2,0,0,0,0,12,37,0,23,0,0,6,0,3,3,20
"COG5293",2,9,20,19,142,10,0,206,0,10,1,6,2,3,46,50,3,3,259,10,12,0,191,9,110,86,25,176,14,17,27,118,3,44,0,21,270,26,54,20,8,46,54,7,290,0,16,140,24,108,6,21,3,77,71,16,36,0,2,30,119,2,1,1,1,0,8,6,17,109,80,26,25,255,2,4,48,82,95,38,3,84,70,32,0,31,188,17,76,6,1,33,0,112,332,117,4,43,370,12
"COG5295",480,450,568,825,122,154,584,2253,194,61,226,326,226,177,239,292,368,270,5301,116,175,325,181,335,3545,6589,211,46,498,118,143,2906,242,100,148,181,3320,638,64,220,431,251,54,387,2122,127,6481,3199,78,160,200,567,155,104,76,247,2371,229,204,203,7046,750,448,436,329,116,576,144,271,6496,179,196,253,21270,549,389,171,105,44,186,723,125,403,710,1008,170,2737,350,58,175,111,52,547,213,1985,7501,217,131,117,67
"COG5296",35,7,6,74,0,1,12,0,50,0,2,1,31,57,11,30,83,2,0,4,39,0,0,14,0,37,2,0,0,0,1,1,1,0,103,0,1,98,0,8,50,7,1,2,1,3,6,0,1,0,20,18,0,31,0,6,0,18,38,0,0,5,3,8,66,72,38,0,42,0,0,0,135,0,66,11,0,6,0,2,1,1,0,1,2,0,0,1,0,10,73,0,12,0,0,1,2,0,4,9
"COG5297",43,95,131,144,37,8,59,140,28,86,90,6,22,29,83,48,29,58,1484,37,22,26,13,42,187,568,15,32,19,8,34,437,30,25,33,76,201,157,28,125,47,26,86,103,420,54,1018,96,30,4,38,114,8,31,88,16,1681,118,16,33,924,59,144,35,37,36,68,24,43,539,76,67,41,507,114,71,48,32,10,38,8,66,48,94,33,22,163,51,61,28,26,108,92,49,71,1055,47,28,13,34
"COG5301",1106,1846,7135,6056,366,418,3009,9200,1005,713,1854,1245,1095,1028,1041,3216,3019,2144,36966,359,256,1567,289,4642,11146,34266,931,259,1599,669,505,13177,2281,444,872,358,23813,5064,266,4477,1670,1410,224,2072,5632,1274,50911,18922,338,313,812,12787,379,2107,627,555,11069,2622,773,1558,36033,2659,2985,1532,1313,782,405,1631,2219,46097,168,370,508,41772,7974,1863,294,1096,195,520,1478,257,175,4052,1021,1422,7816,1260,280,936,676,438,2554,2550,15487,46410,3777,498,442,1026
"COG5302",3,7,4,2,156,3,2,57,1,10,1,1,5,2,5,4,1,5,30,2,6,3,62,1,35,50,117,12,11,0,59,140,8,22,3,66,85,10,14,10,5,42,32,17,122,2,8,144,4,328,1,18,0,48,27,31,65,1,0,5,60,1,17,1,0,1,0,11,10,29,23,380,10,11,0,1,4,9,58,35,0,36,33,1,0,22,14,59,8,4,1,14,0,44,25,29,1,2,612,0
"COG5304",0,0,0,7,6,2,0,1,2,17,1,4,4,1,3,0,0,2,20,0,1,4,8,0,3,0,3,7,5,1,0,22,3,2,1,27,15,0,1,2,5,3,8,0,2,1,0,3,6,47,3,2,2,9,2,2,3,2,1,3,2,6,8,3,1,1,0,0,0,3,21,5,1,0,3,0,23,0,13,2,15,3,11,4,0,0,1,11,14,1,0,12,1,12,1,14,2,3,1,0
"COG5305",94,107,92,35,379,14,23,530,220,412,82,52,215,123,269,190,50,77,67,208,142,60,386,64,15,137,141,431,24,53,180,41,109,269,136,315,47,232,366,68,116,325,526,102,140,91,12,290,506,173,31,17,21,34,217,51,169,11,42,43,41,35,24,37,29,37,40,56,104,124,128,182,41,13,21,75,155,79,86,66,15,168,115,26,24,70,16,76,202,69,33,116,24,21,25,24,21,80,28,53
"COG5306",51,46,338,127,200,104,93,869,226,230,15,79,376,240,140,258,92,220,158,247,167,147,187,464,507,114,133,231,127,110,416,146,275,369,170,294,126,125,239,98,87,88,365,44,105,188,61,28,189,158,77,133,68,191,199,167,491,49,83,7,203,388,592,129,64,80,7,63,82,37,217,96,172,851,170,40,336,71,256,128,226,136,220,90,4,38,241,515,285,446,85,192,141,1863,567,100,54,337,53,225
"COG5307",244,60,68,412,14,5,136,0,293,0,4,17,287,373,44,265,577,18,3,22,359,5,3,92,0,81,18,1,7,12,9,10,26,7,857,4,4,733,0,77,418,33,3,137,1,36,55,0,5,2,55,118,12,145,0,37,0,116,288,5,10,50,24,22,410,427,261,27,337,2,5,1,1080,0,543,156,5,42,2,5,10,9,2,35,23,0,0,2,0,49,512,1,22,0,0,14,21,5,25,41
"COG5308",46,9,15,65,0,0,22,0,74,0,1,1,80,80,14,52,146,4,0,7,102,0,0,23,0,17,4,0,3,0,2,3,0,0,181,0,0,129,0,26,95,6,1,4,0,10,12,0,3,0,8,15,3,39,0,11,0,32,82,0,6,6,5,5,84,65,46,7,83,1,1,0,239,0,97,20,0,9,0,3,1,1,0,8,5,0,0,0,0,7,69,0,7,0,0,2,6,0,11,6
"COG5309",70,174,245,3281,43,35,99,127,110,741,77,93,104,135,183,58,176,66,264,19,30,249,42,546,654,6,45,71,610,68,83,224,91,24,46,65,24,74,45,103,29,17,94,117,194,78,76,375,115,41,166,830,48,82,29,231,820,73,159,16,15,477,1105,198,25,264,1098,43,16,57,76,54,12,111,305,103,298,42,36,40,684,77,70,4272,277,49,797,48,1181,77,256,1261,368,240,414,18,120,18,30,8
"COG5310",8,10,8,52,148,4,3,5,13,3,0,0,18,20,3,11,13,3,233,5,27,32,4,5,213,46,20,18,14,2,13,287,22,10,22,33,102,5,2,13,40,11,22,13,26,4,31,7,27,18,24,114,7,18,24,69,15,6,15,8,139,22,11,5,46,4,0,13,4,54,9,24,5,463,62,15,4,9,18,78,7,7,21,80,1,11,235,11,3,15,9,21,6,45,278,277,13,21,20,3
"COG5314",28,27,0,0,258,30,2,1554,13,14,16,13,21,40,43,45,2,22,560,4,22,0,122,0,1727,116,499,99,47,20,92,574,5,108,10,250,275,14,24,11,38,58,129,64,788,5,35,868,121,233,47,21,19,104,115,143,95,3,10,81,315,9,19,9,6,1,9,24,9,546,129,173,22,575,3,29,19,24,96,54,3,48,128,6,0,43,1790,51,18,19,0,65,3,491,2303,466,31,71,115,10
"COG5316",542,382,418,370,534,134,302,448,660,1609,418,357,823,356,885,1265,331,373,84,1104,634,468,853,354,282,49,634,1059,295,236,640,73,210,728,582,675,26,865,1202,386,398,725,1154,272,497,806,104,1040,1426,324,547,290,266,659,612,453,1633,411,517,826,63,184,354,231,380,689,21,938,794,176,1067,847,312,61,379,128,1048,784,396,487,160,873,915,331,1108,1432,316,717,2641,716,639,1939,409,129,225,85,276,1010,46,700
"COG5317",8,3,1,2,34,10,1,453,9,7,4,5,15,14,8,6,3,7,13,1,2,1,15,1,343,6,15,14,35,4,12,40,10,36,1,51,9,8,2,1,11,3,17,20,13,0,8,423,11,47,10,23,7,23,3,23,9,0,2,15,26,5,2,1,2,0,1,9,6,88,19,32,2,6,5,0,9,9,19,13,1,14,28,5,1,1,356,17,18,30,2,17,1,147,611,11,12,11,11,3
"COG5319",1221,1371,1397,970,424,1739,995,940,1253,977,1970,1269,1048,1352,963,1087,1362,1308,1105,1807,969,1898,648,1562,741,779,374,737,1833,1501,814,301,1221,326,1403,595,366,1204,752,1420,1301,1359,528,1337,272,1549,456,1561,596,328,414,211,586,275,267,168,166,511,405,694,220,476,418,399,462,512,350,545,341,296,196,143,384,191,346,516,164,404,108,381,702,228,171,265,517,473,292,346,224,375,432,220,523,240,305,315,534,299,15,513
"COG5321",109,181,128,196,106,58,83,710,96,37,32,59,158,96,62,36,93,71,39,13,75,47,52,115,852,45,100,42,148,44,73,188,85,49,61,132,45,65,29,71,63,93,39,84,294,31,29,696,51,118,125,141,59,107,27,143,784,61,107,22,56,104,74,158,59,105,124,47,28,219,66,96,69,30,135,81,21,44,45,196,129,50,89,204,39,38,881,69,51,150,85,41,132,676,918,31,102,71,38,55
"COG5322",1559,852,1423,166,196,687,2804,30,342,188,612,1900,388,894,237,696,842,1998,60,437,1763,919,90,534,109,860,1795,65,548,1415,129,47,1973,520,397,243,118,703,48,1472,926,471,111,1654,115,242,149,15,58,375,1359,933,1003,1129,78,3754,44,1519,767,821,60,909,1159,1149,1208,158,11,423,535,286,42,471,2023,18,1566,2019,5,1257,54,1064,681,62,74,154,56,188,60,29,17,223,214,94,772,147,6,148,1423,61,147,1023
"COG5323",48,49,74,497,247,47,167,1798,71,17,46,47,112,60,63,84,44,28,4602,46,50,178,164,42,3294,12365,253,75,75,30,94,3419,213,43,19,220,7342,122,46,34,54,142,71,424,1334,64,4167,2184,113,219,49,124,33,161,53,88,1431,32,22,190,9946,126,88,53,28,8,199,32,46,17662,173,208,73,15407,251,42,32,55,61,65,90,79,133,458,30,82,2778,177,62,72,19,51,132,1375,2986,8055,91,109,148,26
"COG5324",0,0,0,0,2,0,0,0,0,0,0,0,0,2,15,0,0,0,0,0,0,0,135,0,0,3,24,0,0,0,6,1,0,0,0,2,4,0,1,0,0,89,1,0,3,0,0,0,0,4,0,7,0,1,0,0,2,0,0,0,0,0,8,0,0,0,0,0,2,0,5,7,0,1,0,0,1,2,0,2,0,33,9,0,0,0,0,1,0,0,1,3,0,0,0,0,0,1,4,0
"COG5325",54,27,19,101,2,4,22,0,40,0,1,8,38,47,23,49,90,2,2,2,81,1,1,12,0,33,5,0,8,4,2,4,11,2,137,0,0,104,0,21,65,10,0,48,0,5,11,0,1,0,35,21,9,16,0,8,0,18,63,3,5,19,8,13,77,84,57,5,61,1,1,0,240,1,89,39,2,7,0,6,14,4,0,7,1,0,0,0,0,6,80,0,20,0,0,10,9,0,8,9
"COG5328",236,250,205,398,129,116,202,591,227,44,105,159,248,248,105,158,242,181,30,111,192,141,60,228,740,47,165,64,284,128,137,210,154,33,207,158,48,201,34,185,194,125,56,188,163,137,46,597,76,140,198,265,102,217,23,241,30,182,274,53,53,178,177,294,197,243,532,166,116,226,92,113,185,36,253,196,34,81,62,354,343,44,94,432,128,102,750,96,51,211,240,48,256,609,809,29,173,84,36,122
"COG5329",93,45,29,134,1,2,59,0,99,0,7,9,104,133,21,76,157,11,1,8,139,2,2,30,0,63,8,0,10,7,5,8,13,0,252,0,1,175,1,28,122,25,0,186,1,9,22,0,0,1,60,37,3,40,1,13,1,45,112,3,1,15,7,20,172,136,148,10,98,0,3,3,391,1,176,83,7,22,3,7,13,8,0,9,9,0,0,2,0,15,163,1,27,0,0,6,8,2,16,44
"COG5330",90,12,4,20,143,88,21,3738,33,74,11,20,200,100,22,28,25,50,41,6,34,3,23,13,2109,38,77,50,200,31,94,207,85,208,17,245,29,41,23,16,69,35,66,132,975,8,20,4819,41,264,66,124,71,119,26,207,161,22,8,32,107,8,27,15,15,11,6,95,12,271,53,146,33,44,50,21,36,26,138,61,18,24,77,26,1,17,1724,138,278,222,11,117,11,828,3101,71,63,79,50,6
"COG5331",350,335,269,201,366,406,220,324,312,214,386,331,199,292,242,336,279,332,246,277,259,291,296,528,499,168,270,281,268,379,208,324,302,250,237,351,355,225,218,248,247,361,323,374,396,405,167,202,302,501,302,368,346,324,202,239,518,219,195,387,185,199,343,234,248,347,204,362,282,330,219,283,196,150,181,235,643,317,392,304,210,202,244,200,385,451,468,152,517,294,372,282,270,86,449,229,244,192,389,264
"COG5333",56,46,12,95,0,1,31,0,67,0,3,4,39,98,16,59,64,8,4,7,78,0,2,18,0,32,4,1,0,0,1,1,7,0,136,0,0,85,0,24,98,26,1,140,2,4,8,0,1,0,49,15,1,20,0,5,0,24,70,5,3,11,8,10,95,113,107,6,90,0,3,2,293,2,78,102,7,9,1,8,5,4,0,5,1,1,0,0,0,13,136,0,29,0,0,5,7,1,6,40
"COG5336",574,591,630,323,227,813,574,398,657,479,1255,649,401,642,467,489,770,738,147,992,484,813,370,794,264,189,113,338,686,723,374,35,518,207,766,337,132,701,402,818,743,708,303,622,56,820,205,343,268,182,504,416,873,365,466,132,227,882,657,1204,186,567,601,519,753,772,352,853,789,75,376,192,522,129,529,710,228,654,201,466,848,380,324,180,794,650,208,566,270,526,793,366,635,81,444,93,771,393,13,748
"COG5337",1662,1443,1017,2292,2192,672,877,40,3116,5084,750,775,2444,3035,3069,3091,1017,1029,146,1886,3160,689,2803,880,354,192,2558,3090,459,1006,2236,59,970,763,2402,2844,133,1800,4026,1711,1823,1876,3573,1567,150,1535,294,101,4399,2029,2478,902,692,3155,650,2242,3406,1370,1977,1240,146,1786,1330,1456,1729,2610,2392,2720,1927,148,2911,2236,2595,141,937,1062,4981,2592,1708,2600,284,3033,2371,3149,1773,1839,679,2458,5877,2015,2414,6048,1697,317,200,205,641,2960,436,2473
"COG5338",17,9,2,2,80,11,0,1683,16,12,5,10,7,12,15,6,2,17,23,0,8,1,62,2,1292,20,63,33,50,2,38,65,16,64,3,141,17,12,15,0,17,24,40,25,552,3,11,1530,43,107,24,21,7,48,16,59,71,2,4,10,36,11,12,2,4,0,1,17,5,141,53,68,3,4,4,3,7,14,30,28,16,22,54,6,0,2,1036,46,50,10,4,20,0,351,1612,14,37,51,343,9
"COG5339",0,3,0,1,40,0,0,5,1,4,4,0,5,0,9,3,1,5,12,2,1,4,46,0,102,13,47,4,9,1,121,362,22,30,1,25,103,9,4,0,1,54,27,1,99,11,1,5,10,14,1,0,0,9,58,2,19,0,0,0,59,11,18,6,0,0,26,1,0,16,17,31,0,24,1,0,58,2,2,11,4,5,26,0,2,8,9,3,2,2,0,6,3,85,6,7,1,3,85,0
"COG5340",4,3,0,0,3,28,0,2,6,4,16,3,0,1,2,5,0,8,3,0,0,0,4,1,5,4,14,11,10,6,3,18,0,0,0,18,1,0,1,13,10,12,11,21,8,0,1,0,1,4,9,1,7,9,10,86,33,7,0,4,8,3,3,3,1,1,2,1,2,96,23,22,0,3,0,7,5,16,4,1,6,0,27,0,2,2,32,8,42,4,3,9,1,0,9,6,6,34,8,1
"COG5342",103,169,80,286,33,187,52,111,99,197,98,94,78,59,100,17,106,73,6,39,54,84,54,96,258,14,35,30,126,124,33,35,44,5,43,53,16,45,22,49,88,85,29,73,288,43,8,20,18,30,102,113,177,42,8,113,9,62,101,62,26,140,106,207,74,72,313,27,31,25,33,33,56,10,116,100,4,38,18,147,128,7,85,288,49,22,237,21,7,91,60,51,208,201,261,8,76,25,17,55
"COG5343",14,3,0,35,279,8,2,322,8,15,4,7,8,37,33,26,3,17,411,8,25,0,62,3,379,102,212,54,13,4,35,336,9,270,4,125,178,13,10,10,18,129,76,23,418,1,51,153,98,116,6,3,2,61,69,57,107,0,2,38,261,9,31,8,1,1,56,15,10,151,30,48,4,271,3,9,10,10,101,64,7,2,174,39,1,35,332,28,12,9,2,36,5,1034,453,353,17,40,58,3
"COG5345",149,162,140,442,1174,169,215,1229,111,157,80,207,241,152,126,100,82,162,871,109,148,269,473,192,756,618,840,324,304,213,551,1813,364,699,65,457,1799,111,83,201,245,583,205,340,2515,26,77,1069,167,1589,105,767,170,376,285,391,875,111,57,101,842,298,183,120,59,54,557,220,135,696,110,1231,168,589,179,249,316,145,1588,326,473,239,427,389,22,255,494,271,259,181,75,346,148,1561,531,814,177,93,2681,127
"COG5346",4,1,0,0,7,3,0,3,0,0,0,1,3,0,1,1,1,1,0,0,0,0,3,0,3,8,2,4,0,1,5,14,0,4,0,2,6,0,0,2,1,31,2,2,1,0,7,29,1,0,0,0,2,1,1,28,0,0,0,1,4,0,2,0,0,0,0,0,0,4,9,6,0,5,0,3,1,0,21,5,0,1,0,0,0,0,0,0,0,0,0,1,0,15,1,0,0,0,0,0
"COG5347",94,46,36,192,5,11,67,0,137,4,2,12,106,124,25,115,199,9,1,18,173,6,21,37,0,66,17,7,9,11,7,6,19,3,318,1,2,233,6,27,164,25,2,368,0,17,28,0,7,0,57,44,18,68,7,21,0,39,166,4,6,20,15,23,208,166,225,10,138,1,1,3,552,1,183,228,5,30,5,6,17,9,7,27,11,0,0,4,2,19,146,20,30,0,0,8,6,1,9,40
"COG5349",96,61,105,250,146,141,128,1157,103,85,164,142,157,97,48,42,126,87,45,67,69,137,76,114,1375,50,137,69,271,131,84,246,99,48,72,190,49,80,51,112,105,111,74,190,466,102,27,1132,52,137,72,153,167,146,51,112,53,100,120,203,62,210,95,78,77,144,320,97,73,304,112,141,48,37,77,130,30,90,72,107,250,68,114,202,59,52,1527,102,89,130,107,100,59,702,1244,36,141,85,54,71
"COG5350",234,230,162,42,58,509,119,103,158,227,181,275,237,148,136,161,99,194,9,208,130,283,95,186,103,33,80,120,313,376,142,8,175,55,178,84,10,117,88,143,144,222,67,154,12,253,30,208,99,58,204,78,450,135,120,67,11,113,188,159,10,211,139,271,148,191,17,170,134,38,86,87,114,8,212,170,38,165,48,156,341,101,86,40,187,291,129,149,107,249,199,157,251,36,115,12,233,95,4,156
"COG5351",29,11,5,20,7,33,54,0,26,32,9,46,49,30,9,10,2,23,23,8,37,151,16,5,10,40,43,10,44,59,68,8,298,22,17,30,16,49,6,36,27,45,36,19,222,12,184,2,12,84,3,20,6,12,8,28,23,3,9,5,32,11,5,0,5,10,9,15,29,29,2,8,9,2,2,3,0,13,7,22,46,2,17,2,2,19,0,6,4,18,3,20,4,9,0,7,18,3,11,13
"COG5352",1677,1772,1655,1274,555,2487,1339,811,1746,1081,2767,1746,1220,1840,1080,1352,1747,1833,374,2222,1292,2470,722,1916,1144,530,557,737,2213,2076,1217,364,1530,395,1813,684,346,1540,816,1867,1815,1914,630,1683,1669,2161,545,1017,579,471,1520,1222,2541,1035,1023,582,2324,1878,1766,2616,423,1867,1431,1717,1850,1968,1367,2115,1655,312,829,578,1469,339,1373,1938,524,1866,421,1448,2581,815,685,890,2115,2069,781,1405,568,1527,1950,654,1823,854,1213,270,2027,1122,70,2028
"COG5354",37,16,11,46,0,1,13,0,40,0,0,1,30,42,3,26,68,1,0,1,38,0,1,10,0,15,3,0,0,4,1,0,2,0,86,0,0,66,0,7,29,3,1,34,0,1,1,0,0,0,49,38,9,43,0,19,0,35,65,4,2,11,13,12,162,147,133,9,106,1,4,0,366,0,149,79,4,12,0,6,9,11,0,13,7,0,0,0,0,16,191,0,31,0,0,6,10,2,18,24
"COG5360",4420,5361,5828,4113,1920,6502,3726,2442,4808,3987,7857,5208,3563,5157,4116,4014,5767,5251,1181,7068,3852,5702,2896,6587,3542,1590,2111,2847,6212,5911,3583,660,3891,1688,5371,2407,977,4760,3201,5587,4745,5436,2088,5344,1496,5798,1593,2389,2234,1355,4724,2195,6408,3248,2785,1976,1705,6052,4728,7613,1275,4976,4715,4858,5366,5984,4726,5743,4631,1016,2885,1768,4257,961,4181,6200,1681,5232,1474,4633,7291,2923,2278,2864,6338,6202,2826,3847,2348,4405,5414,2640,5423,4440,3357,686,6082,3243,233,5945
"COG5361",368,279,628,1489,132,45,109,291,156,58,25,13,99,82,216,150,143,74,477,25,525,135,91,367,481,517,162,160,153,16,162,558,175,59,204,202,164,62,33,146,267,137,174,188,998,30,42,361,116,118,291,673,31,162,50,797,74,134,470,95,312,271,162,449,214,73,420,47,62,408,87,124,799,666,428,124,464,30,817,414,508,60,163,1488,34,38,1028,63,69,123,113,98,333,74,125,584,81,86,123,79
"COG5362",1045,711,2602,2405,213,297,2766,58180,659,842,1429,1198,2208,744,413,784,798,541,78239,344,415,1922,247,2283,99301,92158,686,173,1205,357,354,38019,4352,226,367,370,32432,1839,238,927,721,645,171,2948,29074,1162,69834,138474,232,124,387,2130,245,664,560,540,41320,1016,496,1573,61363,1837,1613,927,581,385,794,656,388,148578,198,341,844,61349,4363,908,305,393,485,410,1861,183,160,2034,596,708,82681,592,250,474,326,263,2997,4918,165482,117662,1925,186,294,334
"COG5368",169,219,121,148,200,191,57,325,137,41,25,77,50,82,178,74,92,109,175,11,110,122,245,154,401,38,216,130,162,128,119,300,61,189,162,164,51,54,111,98,154,79,80,64,41,13,46,906,71,236,443,145,115,181,68,728,167,49,118,64,233,188,178,169,146,86,108,89,32,536,211,194,84,184,107,96,150,254,72,380,97,177,656,128,217,14,502,72,15,105,105,88,215,145,177,84,72,259,69,95
"COG5369",10,12,0,0,0,0,0,0,0,0,0,0,0,0,1,3,0,0,0,0,0,0,1,0,0,26,1,0,0,0,0,2,0,0,0,0,0,0,0,0,0,3,0,0,0,0,0,0,0,0,12,0,0,0,0,0,0,0,1,0,0,0,0,6,0,0,0,0,0,0,0,0,2,1,0,0,0,0,0,1,0,2,0,0,0,0,0,0,0,2,0,0,10,0,0,1,0,0,0,5
"COG5371",116,51,23,170,0,4,49,0,122,0,16,4,116,146,24,100,210,5,0,9,204,1,1,27,0,80,28,0,10,3,9,8,4,0,290,1,1,239,2,27,171,24,1,166,0,14,22,0,2,0,51,34,4,57,0,21,0,52,158,0,10,16,9,25,166,125,189,8,125,2,3,10,504,2,188,113,10,25,0,11,10,5,1,15,7,1,0,0,0,37,174,0,30,0,1,7,12,5,23,32
"COG5373",38,24,25,54,949,37,29,318,65,105,13,6,314,146,94,32,38,27,544,249,148,5,426,10,235,396,693,196,73,35,627,581,54,1074,28,347,342,77,234,42,558,379,153,80,377,131,190,125,261,411,109,388,17,242,200,409,539,11,31,59,798,43,48,26,8,14,133,188,105,337,201,354,122,857,7,39,523,172,2375,246,66,200,522,56,33,465,215,767,141,204,29,506,18,156,197,731,30,340,1395,59
"COG5375",45,40,65,23,94,70,73,703,59,118,28,48,158,96,51,29,63,58,16,10,30,65,65,96,1016,18,86,81,203,45,136,95,68,59,25,137,20,73,60,61,17,75,31,97,353,29,13,940,86,118,39,55,42,145,27,88,35,49,25,33,46,73,40,49,11,35,11,75,36,229,93,101,41,27,88,79,16,51,40,60,151,49,92,24,17,42,1034,153,133,89,26,100,68,204,960,29,78,73,22,28
"COG5377",95,104,188,238,1149,22,224,1825,59,185,79,109,134,130,164,214,144,75,4766,51,70,64,309,188,4047,6965,1042,324,59,28,348,5104,325,431,38,502,5400,710,184,153,69,318,169,262,3848,141,3259,1298,261,763,65,243,12,214,349,226,3665,116,74,147,13630,156,123,109,55,43,21,123,81,3970,109,1302,127,18090,307,88,114,66,507,252,181,182,319,183,110,274,1662,485,236,123,41,173,79,2409,3811,7369,152,135,1877,27
"COG5379",111,71,39,221,172,45,61,555,111,29,126,100,149,190,82,134,227,75,40,91,177,114,106,70,577,64,85,136,142,90,77,92,88,401,204,174,20,208,124,97,159,66,140,116,313,126,41,754,228,84,183,130,83,165,58,179,218,62,137,103,37,75,44,30,153,138,170,70,115,262,197,117,314,46,235,104,107,95,81,106,252,106,150,145,58,76,1064,57,36,85,146,117,61,95,156,31,38,171,21,39
"COG5380",39,39,2,3,329,11,3,175,15,26,9,8,17,25,22,44,7,18,518,9,25,1,77,1,454,217,301,78,13,18,146,707,0,204,5,411,348,32,8,17,4,14,99,31,1243,7,28,10,91,425,6,5,13,85,118,217,122,1,6,46,336,10,36,8,2,0,7,21,28,169,8,80,25,646,3,24,10,13,500,53,2,33,163,6,3,48,223,27,2,20,2,53,7,1390,347,405,24,40,235,6
"COG5381",4,1,0,0,0,1,0,0,0,0,0,0,3,1,0,1,0,0,3,3,5,9,1,0,0,2,20,0,0,0,2,1,0,0,0,0,3,0,1,0,1,20,0,0,3,1,0,0,1,0,1,0,0,9,1,2,2,0,7,1,2,0,0,0,0,0,0,35,0,2,0,0,1,0,0,0,0,0,0,0,1,0,0,0,0,26,0,0,0,13,0,1,0,0,0,0,0,0,0,2
"COG5383",28,7,0,6,86,2,6,231,3,2,2,4,7,12,15,4,6,28,35,5,5,4,96,2,134,75,43,7,3,3,9,163,4,66,6,46,97,1,1,1,6,68,16,18,19,1,32,651,22,36,9,1,1,18,33,25,10,1,3,5,31,6,28,13,2,0,5,8,5,71,58,41,7,26,0,6,12,8,132,43,0,8,30,10,0,12,179,7,4,6,1,5,12,437,137,46,23,7,8,6
"COG5384",46,13,21,84,0,0,13,0,55,0,3,0,38,57,12,42,104,0,0,1,46,0,1,10,0,6,4,0,0,0,0,1,2,0,141,1,0,133,0,11,51,4,0,54,0,6,7,0,1,0,18,16,0,30,0,5,0,13,38,0,2,3,2,1,72,83,65,1,56,1,1,0,186,0,88,36,0,16,0,4,2,1,0,5,3,0,0,0,0,7,79,0,5,0,0,1,3,0,7,3
"COG5385",27,4,20,143,173,32,26,993,24,18,10,31,59,52,26,13,11,25,43,5,26,30,71,9,1189,23,107,66,46,8,57,235,50,40,18,177,41,26,32,7,29,65,53,46,169,28,11,1266,58,150,13,56,16,93,14,61,36,6,13,31,55,59,10,18,11,4,55,40,15,249,91,122,24,49,22,20,37,42,75,41,89,41,96,181,3,11,1193,58,56,61,6,45,3,803,1131,37,23,77,17,22
"COG5387",330,400,245,694,190,284,360,946,310,106,122,278,402,348,151,153,437,330,36,88,247,254,76,254,1161,47,250,80,514,269,196,253,237,188,276,157,49,213,52,296,211,197,59,281,438,115,59,1122,73,185,289,320,239,341,47,378,51,268,300,80,51,384,293,439,248,265,765,188,154,254,108,172,294,37,460,363,31,158,84,446,610,55,132,577,109,147,1137,161,107,349,278,106,363,1064,1224,34,332,114,42,211
"COG5388",20,9,0,47,30,18,7,1376,4,1,0,11,25,6,3,6,1,20,6,1,8,0,3,1,621,6,22,15,31,5,20,177,13,10,2,30,25,6,1,1,14,7,9,9,11,0,5,2773,4,59,15,15,13,18,12,58,20,3,0,3,24,19,5,1,2,1,105,13,5,31,4,31,0,4,1,3,3,1,31,8,4,6,26,63,0,2,397,9,5,23,2,7,0,239,880,13,4,17,10,2
"COG5389",287,283,178,422,95,334,240,640,355,302,323,316,325,325,162,177,281,230,21,265,277,330,64,253,469,39,162,85,395,298,210,48,300,155,257,129,19,172,78,270,300,280,97,303,251,341,67,935,71,100,215,214,321,270,68,205,24,280,344,235,44,415,243,283,328,425,527,324,164,77,80,95,284,8,280,340,44,251,80,315,426,72,74,437,131,249,362,187,170,253,397,129,260,181,678,25,306,130,15,221
"COG5391",113,48,27,75,4,3,38,0,91,0,0,8,77,78,21,87,192,10,1,3,63,5,3,39,0,64,14,0,8,5,3,9,13,1,213,0,0,292,2,21,109,20,2,158,1,3,26,0,1,1,47,27,5,48,0,33,1,31,62,0,8,10,8,22,97,124,86,11,139,2,1,0,209,0,166,83,8,18,0,5,12,9,0,6,6,1,0,0,0,16,141,0,29,0,0,8,16,0,10,35
"COG5393",0,0,0,0,8,0,0,0,1,0,1,0,0,1,0,0,0,1,23,0,1,0,0,0,2,2,11,0,0,0,0,81,0,5,0,2,7,2,0,0,0,1,2,0,46,1,5,0,1,1,0,0,0,1,10,0,7,0,0,0,5,0,0,0,0,0,0,0,1,7,0,8,0,8,2,4,0,0,0,0,0,0,0,0,0,4,0,0,0,0,0,1,0,5,0,0,0,2,0,0
"COG5394",113,223,183,389,492,249,266,1192,178,1633,88,275,338,166,956,103,352,226,112,52,135,216,928,241,1109,90,360,69,409,219,201,408,281,799,124,210,150,131,949,169,103,197,163,316,702,56,85,1455,78,211,140,272,227,214,78,218,721,199,149,76,158,265,271,291,139,105,187,134,110,320,128,682,118,63,295,238,75,115,167,350,598,670,162,372,39,122,1074,211,806,191,117,1159,185,1119,1192,201,283,129,856,86
"COG5395",12,10,215,131,26,4,235,188,15,1,7,50,122,13,3,14,323,5,16,35,9,7,7,300,311,5,8,10,32,6,12,25,12,15,13,13,1,79,2,73,8,6,16,34,38,12,92,108,11,29,17,103,24,62,9,71,37,200,43,42,34,67,116,32,29,162,338,34,69,237,19,56,19,49,415,56,17,14,22,27,116,17,40,345,37,6,822,14,10,84,151,16,29,526,902,15,117,39,14,10
"COG5397",5,2,0,0,10,4,1,337,0,13,1,3,0,4,2,0,0,2,1,0,2,0,1,0,54,3,1,5,1,1,2,13,0,5,1,24,4,6,0,2,6,2,19,8,15,0,0,375,4,10,6,0,1,11,0,22,12,0,2,5,2,2,1,1,0,0,1,0,3,15,4,11,0,2,0,0,0,3,38,1,0,0,6,0,0,0,46,8,13,2,0,9,0,891,656,2,4,4,9,2
"COG5398",328,449,503,191,9,165,1145,306,211,147,299,562,217,345,241,2604,270,790,292,143,577,293,21,237,87,1469,990,15,219,361,72,317,950,9,136,31,1841,1323,23,1116,646,480,26,461,32,101,413,353,15,7,1008,2101,635,1062,119,1922,400,3279,1138,835,4551,1552,1371,1300,1820,248,30,3423,5066,2898,76,259,1939,1241,1814,1969,15,2370,23,922,851,30,49,384,171,1183,778,49,17,325,295,46,1210,2,230,1342,2317,107,238,2196
"COG5400",21,10,29,17,112,55,31,179,24,11,14,32,54,59,31,25,12,21,36,9,18,18,80,12,955,11,76,60,30,33,63,225,36,29,14,148,22,12,23,10,11,54,60,58,224,27,10,110,48,111,19,13,37,81,26,77,16,9,13,27,48,29,26,21,7,7,2,35,26,312,107,100,18,38,14,16,37,35,32,36,35,48,133,13,10,29,1084,59,43,62,7,51,17,54,344,12,24,63,36,16
"COG5401",2,0,0,0,0,0,2,0,11,0,0,0,11,6,0,5,6,0,1,11,12,0,0,0,0,3,0,0,0,0,0,0,19,1,14,0,0,10,0,1,14,1,0,0,0,9,4,0,0,0,0,4,0,4,0,4,0,1,7,0,0,0,1,0,4,14,0,9,8,0,0,0,7,0,12,1,0,12,0,2,0,0,0,1,5,2,0,0,0,20,16,0,0,0,0,7,0,2,0,7
"COG5402",167,88,78,58,21,253,194,10,130,129,507,339,93,100,61,82,102,283,55,140,54,351,51,61,140,72,15,38,168,288,30,26,138,26,79,31,32,31,34,299,194,63,60,259,91,277,39,3,66,14,132,90,389,40,68,49,3,313,148,581,28,258,127,140,194,118,132,174,82,107,9,37,57,13,75,228,38,164,8,93,124,36,28,107,200,94,106,17,5,121,142,102,37,16,65,46,380,15,1,103
"COG5403",0,0,0,1,15,2,0,460,0,0,0,0,0,2,0,9,0,2,0,1,3,0,0,0,370,0,1,5,26,1,8,13,0,3,0,28,0,0,0,0,0,4,11,1,2,0,0,247,7,16,1,2,2,7,0,0,4,0,1,1,6,2,1,0,0,0,0,3,0,3,1,3,1,0,0,2,0,1,6,1,0,2,5,0,0,1,284,6,0,3,0,2,0,104,639,2,1,5,5,0
"COG5404",6,0,2,0,101,1,3,21,5,9,2,0,5,1,5,17,5,1,141,2,7,0,27,0,45,37,109,27,4,7,23,219,1,53,1,126,127,6,4,1,1,4,22,14,563,1,7,5,36,124,0,1,0,31,31,55,46,0,0,19,88,2,4,3,1,0,40,10,9,87,1,22,15,164,4,8,5,0,197,12,0,6,34,0,0,16,31,13,1,6,0,14,0,59,18,100,8,17,47,1
"COG5405",1980,2091,1893,1444,1628,2306,1839,1350,2063,2513,3029,2041,1756,2090,2033,1767,2136,2004,919,2500,1698,2596,1900,2262,1411,984,1221,2023,2281,2053,2008,1417,1868,1093,2303,1685,1564,1963,1909,2094,2197,2532,1736,2115,1749,2380,629,1221,1778,1888,1930,2177,2390,1607,1764,935,1447,2202,2054,2761,1021,2189,1796,1928,2211,2106,1654,2417,2228,804,1895,1634,1731,796,1579,2037,1763,2200,1709,1859,2487,1691,1664,1028,2658,2368,1181,2301,2385,2198,2078,2149,2099,1638,1316,773,2034,1811,1483,2516
"COG5406",102,65,32,150,1,4,44,0,102,0,1,3,79,106,24,86,154,4,1,8,125,2,1,30,0,81,12,0,5,5,3,16,4,1,255,0,2,166,1,29,104,29,2,160,2,9,21,0,0,1,85,23,3,44,0,19,0,42,84,2,3,16,14,22,131,136,124,8,118,1,3,3,436,2,154,86,4,27,1,12,5,6,0,10,14,0,0,0,0,27,153,1,48,0,0,5,6,1,9,34
"COG5407",50,51,19,123,1,4,42,0,95,0,2,20,60,121,17,89,89,15,19,6,99,8,2,26,0,23,18,1,6,8,7,2,30,1,178,0,5,119,0,23,121,34,1,109,1,10,13,1,0,1,66,24,9,34,0,10,0,47,100,1,2,21,14,10,104,142,138,12,111,1,1,1,455,1,92,74,9,40,0,31,17,0,0,16,19,7,0,0,0,12,158,0,30,0,0,21,4,5,9,35
"COG5409",84,51,15,106,2,8,24,0,78,0,0,3,67,73,12,36,132,12,2,5,91,2,3,23,0,29,4,0,1,3,1,2,7,0,197,0,0,214,0,17,94,17,0,21,0,6,19,0,1,0,52,28,10,8,0,27,0,40,67,0,3,12,9,16,118,137,198,7,96,1,3,1,299,0,116,20,0,19,0,6,5,1,1,9,9,2,0,0,0,15,134,0,17,0,0,2,4,1,5,17
"COG5410",1631,1069,4263,4022,410,334,4039,89469,1018,1847,2192,1492,4952,1940,731,1533,1086,908,112668,512,639,2931,495,3811,149978,134820,1195,318,1555,519,965,60938,7531,292,543,631,47997,3245,512,1486,1237,1098,231,4488,55054,1898,99090,195988,411,228,582,3455,318,1049,833,820,74784,1499,814,2533,94208,2706,2446,1451,1045,587,1581,1431,681,216151,310,517,1407,116484,6414,1512,533,818,389,719,2792,371,225,3408,876,1126,123499,1143,415,846,485,516,4262,7711,248684,170667,2936,279,524,692
"COG5411",143,69,44,211,10,8,77,0,119,0,5,22,106,145,40,136,182,20,3,4,141,9,6,31,0,102,23,0,7,12,6,11,24,7,322,1,4,255,1,44,169,36,0,484,2,14,24,0,5,0,113,54,10,66,0,22,1,43,139,3,10,28,3,33,183,203,203,18,154,0,1,7,417,2,197,226,18,58,3,20,25,12,0,30,10,2,0,2,0,19,245,0,60,0,0,10,20,9,13,56
"COG5412",17,20,55,48,5,1,17,79,7,3,17,22,23,13,17,3,21,2,545,5,14,12,2,43,498,1695,17,5,12,2,12,376,12,2,8,4,1464,122,1,108,50,18,2,55,391,11,812,154,0,0,12,11,8,23,39,6,818,63,7,25,2683,198,23,15,18,7,4,24,6,1135,3,28,10,1664,132,24,5,39,2,15,33,7,0,34,16,9,126,31,12,13,7,53,20,13,569,774,35,3,2,455
"COG5413",408,145,323,79,7,1,83,0,70,81,4,3,85,260,61,476,278,5,1,6,470,85,4,297,0,450,1335,2,124,0,69,6,650,2,157,0,5,29,0,71,126,373,3,54,7,3,25,2,6,6,56,137,2,236,0,591,0,77,195,3,8,92,290,190,153,70,24,208,385,0,4,11,584,0,350,82,0,553,2,370,277,4,2,66,1,42,0,1,1,67,68,2,131,0,0,6,3,1,12,617
"COG5419",7,10,0,0,29,2,2,448,2,7,1,1,1,2,9,3,1,5,123,0,3,0,5,0,278,18,79,13,12,3,22,116,0,25,3,39,58,8,6,4,10,7,17,6,53,0,3,254,10,33,25,6,9,38,73,72,32,2,4,29,189,5,11,5,3,2,4,15,10,199,30,90,5,489,1,13,6,6,75,26,1,6,35,4,0,21,695,20,2,6,1,40,1,359,1905,262,13,12,71,1
"COG5421",55,299,45,30,3656,54,8,152,10,604,7,30,23,22,341,35,9,77,888,80,120,2,1146,22,38,1412,2706,1126,108,8,1411,2404,14,467,6,1008,5662,73,293,68,19,749,263,290,725,5,70,0,55,7083,139,574,16,971,710,578,2162,29,6,59,1251,17,86,23,7,8,8,229,772,413,724,9252,239,207,5,14,441,91,1457,567,6,551,373,40,5,725,125,1715,763,102,22,1230,12,8,58,643,27,43,15354,36
"COG5422",5,13,7,1,0,5,19,0,17,0,1,2,9,28,6,12,15,10,0,0,4,1,3,10,0,0,5,0,6,3,0,1,14,0,23,1,2,1,0,19,12,7,0,95,1,1,2,0,1,0,29,0,4,5,0,1,0,18,9,1,0,7,2,3,25,3,52,9,18,1,0,0,44,0,32,44,7,12,1,7,5,1,1,0,0,1,0,0,0,2,5,0,2,0,0,0,13,0,1,12
"COG5423",0,0,0,1,6,0,0,0,9,278,0,0,3,4,26,0,0,1,0,3,6,0,8,2,0,2,0,32,0,0,123,0,1,2,2,11,0,0,4,0,1,0,9,0,4,0,0,0,39,17,3,2,0,11,3,0,27,0,4,0,0,1,1,0,0,5,0,0,1,0,11,8,2,1,0,0,37,0,14,0,0,6,15,0,0,0,0,45,273,34,5,194,0,0,0,0,0,29,2,1
"COG5424",632,458,662,413,1601,315,577,351,1257,410,879,831,1220,1078,1177,1081,737,666,568,1129,682,836,1335,738,360,519,873,1858,776,559,1859,1277,693,2346,1058,2132,1280,969,1510,899,683,1286,2186,756,700,1411,223,55,1179,1328,608,914,530,1192,3436,396,419,862,635,968,644,478,628,346,715,783,154,1153,967,357,2344,1349,664,594,448,696,963,1107,1270,737,947,2185,2028,284,1214,1444,165,2165,833,1625,755,842,597,1484,481,435,796,1947,1777,994
"COG5425",13,18,57,9,51,16,34,228,20,22,52,17,63,30,12,24,22,11,98,32,13,22,10,30,200,220,15,11,23,9,23,439,40,40,15,44,128,152,25,46,66,8,13,84,349,39,702,324,25,60,21,34,13,19,33,34,191,46,20,62,481,58,79,16,31,13,8,32,24,164,33,26,41,1842,93,36,62,17,22,21,7,15,18,13,2,10,149,65,33,16,10,31,20,82,205,91,46,50,12,23
"COG5426",88,4,31,88,52,19,57,456,76,69,3,29,203,226,48,68,40,30,4,28,68,81,45,31,115,32,133,119,40,35,201,11,74,42,51,129,1,18,49,27,63,128,146,117,2,23,19,7,233,113,29,113,49,355,34,121,40,23,48,36,6,92,26,13,75,55,35,43,27,6,103,72,34,5,91,38,315,58,41,79,226,54,78,74,5,44,844,357,220,232,39,101,11,2,241,5,25,167,51,25
"COG5427",453,65,215,1,699,0,192,0,594,480,176,23,3437,1117,271,351,570,93,31,573,431,27,191,114,0,120,435,1182,6,3,3668,11,753,455,393,1477,39,554,539,320,323,1540,497,76,66,1614,171,0,1694,918,110,84,0,3458,303,78,142,279,169,206,221,11,271,30,280,330,1,982,308,6,1322,546,244,214,316,56,917,1450,597,307,52,215,542,6,1688,2403,0,2557,430,2136,338,495,24,0,0,64,125,2160,412,474
"COG5428",0,0,0,1,4,0,4,0,1,0,0,3,2,1,1,0,3,0,0,0,0,0,2,0,0,0,0,5,1,0,3,0,0,0,1,14,0,0,1,1,0,0,0,0,0,0,0,0,9,5,0,2,0,0,0,0,1,0,0,0,0,1,0,0,0,0,0,0,0,0,6,3,0,0,0,0,1,0,2,0,3,1,15,0,0,0,0,1,6,2,0,4,0,0,0,0,0,0,0,0
"COG5429",37,49,18,219,556,18,7,1307,70,41,3,12,71,93,92,54,8,45,214,14,77,15,295,19,721,182,256,288,90,3,204,1075,19,720,35,210,1254,43,89,38,50,66,111,68,1407,2,25,1223,75,1518,64,149,17,148,100,158,415,16,31,15,146,67,19,2,33,45,153,92,66,283,77,153,104,59,17,16,88,69,201,97,87,201,158,222,1,59,540,93,130,79,36,73,11,1189,1098,255,27,86,1465,52
"COG5430",1,0,0,383,84,26,1,21,4,1,0,0,1,16,11,4,1,0,352,0,6,1,123,0,330,123,83,21,0,1,13,340,2,13,0,88,108,2,16,0,1,50,48,9,99,6,95,3,51,93,0,6,2,31,33,3,15,0,7,15,155,0,10,2,1,0,1009,3,8,168,50,54,2,622,1,3,17,11,22,19,1,37,126,364,0,10,287,19,8,6,3,7,0,41,98,387,19,48,31,5
"COG5431",0,0,0,0,0,0,0,0,2,0,0,0,10,2,0,1,0,0,0,1,0,0,0,0,0,0,0,0,0,0,3,0,1,1,0,2,0,0,0,0,0,29,1,0,0,6,0,0,0,0,0,0,0,3,1,0,0,0,0,0,0,0,0,0,1,1,0,1,0,0,2,1,0,1,0,0,0,0,0,0,0,0,0,0,0,3,0,2,0,4,0,0,0,0,0,0,0,4,0,0
"COG5432",20,2,2,23,0,0,5,0,15,0,0,1,8,5,0,2,38,0,0,0,24,0,0,9,0,1,0,0,1,1,0,0,1,0,37,0,0,65,0,2,16,0,0,9,0,0,11,0,0,0,0,2,2,2,0,4,0,3,5,0,0,0,1,0,23,33,39,0,9,0,0,0,38,0,35,4,0,0,0,0,0,0,0,2,2,0,0,0,0,0,28,0,0,0,0,1,1,0,2,0
"COG5433",69,362,148,45,4801,68,31,625,15,459,17,29,38,37,273,41,19,191,933,43,328,17,1196,42,156,1850,2608,201,174,58,1621,1419,92,650,7,521,2406,90,210,84,596,1447,143,338,1332,12,52,531,151,3869,244,1700,33,463,1006,600,1706,34,115,51,1340,17,108,55,24,16,39,328,1266,299,771,10495,258,269,31,35,442,84,1862,848,227,603,333,47,1,919,119,1805,881,149,17,1089,28,301,99,1115,7,40,17023,68
"COG5434",106,331,245,228,943,61,63,110,280,351,59,108,124,145,380,247,126,134,525,215,140,268,836,115,230,496,646,548,250,185,390,1739,122,481,149,295,2446,121,387,117,454,399,157,128,1629,94,123,81,88,2784,270,475,59,412,271,189,878,102,308,154,632,332,113,257,222,125,105,139,254,827,356,364,373,139,105,74,100,464,1132,179,100,548,1609,355,163,217,453,191,233,91,147,570,424,215,489,536,49,436,3059,189
"COG5436",132,68,25,63,56,176,68,82,118,124,259,190,70,72,120,69,34,228,53,118,64,287,109,15,79,55,29,127,130,158,43,15,98,106,64,79,21,38,167,109,137,98,156,108,71,136,21,1,182,51,115,64,220,40,103,40,10,120,121,263,14,205,47,116,160,71,83,120,118,23,113,76,49,2,47,144,95,127,38,67,96,96,101,82,171,146,71,36,20,109,90,92,31,6,67,34,237,85,4,134
"COG5437",19,12,30,100,75,15,42,333,17,3,20,13,25,27,7,8,9,9,1340,10,20,53,35,19,658,1558,44,25,31,17,12,428,50,8,4,66,637,22,12,11,12,20,27,111,126,14,1379,272,17,64,16,33,13,37,13,24,50,19,12,50,962,32,29,17,11,9,29,10,3,5454,34,35,25,762,94,12,6,14,24,19,31,16,31,102,16,7,682,17,6,10,8,13,47,654,709,2408,37,32,8,9
"COG5438",36,6,7,16,6,3,11,0,59,19,17,7,123,79,8,45,20,23,7,16,36,7,9,10,0,10,24,24,0,2,76,5,24,1,70,18,0,28,22,13,42,84,39,11,0,40,3,0,8,4,21,21,9,143,5,26,5,9,43,2,22,4,20,0,36,32,1,40,33,9,13,18,21,10,59,11,22,40,7,22,0,5,23,20,33,95,3,96,17,84,26,18,4,0,4,5,9,61,21,19
"COG5439",0,0,0,0,0,0,0,0,0,0,0,0,0,1,1,1,0,0,0,3,1,1,0,0,0,1,16,0,0,0,0,1,0,0,0,1,0,2,0,0,0,16,0,0,1,0,0,0,0,1,0,0,0,10,0,2,3,0,3,0,3,0,0,0,0,0,0,39,0,1,0,0,1,0,0,0,0,1,0,0,1,0,0,0,0,13,0,1,0,3,1,1,0,1,0,0,0,2,0,1
"COG5440",65,50,75,3,2,12,72,0,66,6,20,40,292,93,41,146,133,15,11,39,209,0,0,46,0,8,53,9,6,21,19,2,13,4,248,11,1,163,1,58,134,45,7,70,1,70,22,0,38,6,58,90,51,93,2,21,7,102,24,65,6,2,11,39,90,50,4,13,190,14,14,2,82,2,36,29,13,38,7,248,0,2,8,0,34,13,0,20,13,47,59,1,68,0,0,26,42,86,8,36
"COG5441",225,358,217,799,93,66,202,324,211,1462,74,130,331,255,388,161,180,132,24,54,205,116,163,229,473,47,203,173,89,93,243,35,143,30,158,231,11,218,224,156,93,239,208,217,51,58,28,135,256,96,227,170,66,359,42,260,1166,137,318,58,13,467,160,288,129,227,896,107,152,21,177,109,151,18,283,158,209,165,69,221,229,129,123,655,67,142,1470,326,1847,294,250,1433,380,94,664,17,100,305,70,200
"COG5442",22,8,5,14,62,20,34,492,21,1,0,23,51,30,4,11,14,18,5,1,33,20,5,9,232,10,33,4,35,24,35,97,67,17,10,36,21,10,5,27,18,26,10,20,21,11,7,851,3,61,14,29,21,53,11,38,8,17,12,4,19,19,13,9,12,17,15,22,2,47,8,24,30,10,16,15,1,15,18,41,11,9,14,14,3,19,164,43,10,37,28,14,1,652,433,12,25,16,3,9
"COG5443",32,10,9,21,61,18,39,902,26,6,3,20,59,62,13,22,23,30,10,8,42,40,7,4,649,11,63,41,42,21,62,109,63,19,24,83,29,21,5,19,21,45,41,37,171,8,9,871,26,92,21,56,22,81,10,65,31,14,16,11,39,14,19,4,10,16,6,61,21,56,30,32,37,18,13,19,24,30,52,36,22,14,34,21,5,27,407,36,19,59,26,15,7,554,1007,17,19,38,14,27
"COG5444",12,0,0,0,2,24,0,52,1,0,2,1,0,23,1,5,0,5,15,0,0,0,3,0,5,6,29,19,0,7,155,17,0,15,0,25,75,2,7,28,0,5,19,15,784,1,9,48,3,9,1,0,5,2,1,26,6,7,1,4,23,0,0,0,0,0,0,1,2,18,13,0,1,16,0,4,1,2,76,1,0,1,11,0,0,1,9,4,0,4,1,3,0,0,3,0,8,11,5,0
"COG5446",88,14,37,114,208,11,105,32,126,327,13,28,196,102,313,172,168,28,1,27,97,57,336,85,221,15,75,373,57,17,152,140,200,131,75,399,22,24,485,75,42,65,392,61,37,26,48,46,354,189,26,41,20,114,172,58,25,47,97,13,34,49,58,17,54,78,237,38,109,29,413,208,95,12,74,36,617,73,218,44,61,249,345,106,20,52,151,221,251,114,111,324,17,121,190,16,63,248,25,45
"COG5447",85,159,120,251,35,74,112,389,84,20,32,98,117,111,51,50,114,93,8,14,103,67,10,101,218,18,78,16,167,78,43,78,52,20,75,43,14,55,14,91,60,51,6,92,143,32,18,434,13,57,104,142,83,84,12,110,29,89,114,29,23,138,84,154,64,135,374,73,43,50,18,53,73,7,170,129,1,53,14,155,162,8,19,239,34,31,192,41,5,111,94,24,131,343,406,9,92,25,18,57
"COG5448",10,4,0,31,239,15,7,318,24,7,12,5,4,30,36,16,4,11,97,4,16,1,131,0,1990,71,128,50,40,2,48,351,6,43,1,162,269,16,42,1,5,59,58,35,739,4,35,189,88,154,30,10,9,79,30,68,233,3,2,56,104,4,6,6,2,0,38,6,13,786,122,151,9,112,1,13,13,21,49,51,7,51,158,32,0,4,2442,43,26,11,1,49,10,612,661,47,18,91,52,8
"COG5449",7,2,0,44,256,20,4,311,13,21,5,6,8,30,23,19,5,17,118,7,19,0,44,1,921,119,108,41,48,6,30,305,7,91,2,158,498,10,21,1,13,42,48,26,905,3,13,279,85,145,31,10,12,66,29,73,917,5,6,26,208,1,7,5,0,1,54,13,9,448,99,82,11,115,1,9,12,10,62,50,8,26,134,31,0,2,1104,46,17,5,1,32,3,900,683,113,9,94,74,6
"COG5450",0,1,0,0,5,0,0,1,0,0,0,0,0,1,0,0,0,10,8,0,0,0,0,0,4,0,0,2,0,0,1,7,0,5,0,6,4,0,0,0,3,0,10,0,0,0,1,0,1,0,6,3,0,2,0,2,0,0,0,0,1,0,0,1,0,0,0,0,0,1,0,3,0,5,0,0,32,0,5,0,0,0,0,0,0,0,0,1,0,0,0,0,0,3,12,1,1,0,0,0
"COG5451",1,1,0,0,14,1,0,61,1,0,0,0,0,0,0,3,0,6,0,0,0,0,0,0,52,1,2,6,0,1,0,3,0,0,1,7,0,0,0,1,0,3,12,2,3,0,0,0,6,3,7,0,1,4,2,20,0,0,0,1,0,0,0,1,2,0,1,1,0,2,0,3,0,0,0,1,1,0,1,0,0,1,0,0,0,0,60,1,0,0,0,0,1,3,65,1,0,2,1,0
"COG5452",219,166,275,140,192,328,203,338,350,254,298,317,382,355,275,195,303,214,67,279,241,302,264,257,644,71,158,185,546,291,351,76,309,186,350,267,52,270,278,281,276,315,158,293,475,315,63,847,191,138,244,106,349,316,139,222,378,284,209,293,106,356,216,198,284,334,102,372,204,243,235,155,291,78,203,249,135,281,124,236,609,196,157,151,248,300,743,337,277,330,351,253,187,103,379,37,287,224,33,245
"COG5453",1,1,8,0,40,0,3,35,5,18,7,6,12,11,18,1,3,2,18,0,2,7,66,3,50,11,9,50,1,3,27,18,3,8,3,49,22,2,47,3,3,28,43,4,12,13,3,46,92,51,0,0,3,5,3,3,3,1,2,3,6,0,4,3,1,0,6,1,0,2,16,7,0,3,3,0,14,0,10,2,4,10,14,0,1,0,15,9,1,1,0,2,1,28,33,2,0,3,7,0
"COG5454",8,7,9,15,6,10,18,60,22,20,31,38,42,14,12,7,19,24,6,19,15,19,3,9,59,3,18,15,60,16,17,7,30,10,8,20,2,6,2,31,12,20,8,27,87,15,7,97,18,11,16,10,12,23,7,8,2,27,14,31,2,33,6,13,12,23,9,27,7,12,4,3,7,1,7,18,6,24,7,19,65,4,5,16,33,16,64,13,24,21,19,17,19,6,71,5,24,10,1,16
"COG5455",0,0,0,0,5,0,0,0,0,0,3,0,0,0,0,0,0,0,1,0,0,0,0,0,9,0,1,0,0,0,2,9,0,1,0,11,0,2,1,0,0,2,4,2,1,1,0,0,1,5,0,0,0,8,2,0,0,0,0,6,0,0,1,0,0,0,0,0,1,28,5,4,0,0,0,0,1,1,2,0,0,2,3,0,0,0,16,2,0,2,0,4,0,4,36,0,0,2,1,1
"COG5456",10,3,4,119,73,17,11,713,6,126,1,3,16,8,221,6,53,12,21,3,5,1,332,25,641,14,21,19,17,3,19,156,1,35,3,78,24,10,150,7,10,10,39,22,121,4,3,717,14,83,10,12,8,31,15,42,31,12,3,8,23,3,21,0,5,1,1,5,3,161,24,58,5,18,22,5,4,9,32,24,5,297,43,100,0,2,623,18,19,9,0,85,5,694,756,19,17,27,29,3
"COG5457",1,1,0,0,12,1,0,0,1,1,0,0,0,0,0,1,0,1,0,0,4,0,1,0,61,0,5,3,0,3,2,55,0,3,0,8,7,3,0,0,4,3,4,4,21,0,1,0,1,2,0,0,0,0,3,3,0,0,1,2,1,0,0,0,0,0,0,0,1,5,1,1,0,1,0,0,1,1,0,0,0,0,0,0,0,0,26,2,0,0,0,1,0,1,18,0,0,1,1,0
"COG5458",233,305,209,353,117,208,280,631,237,32,105,209,271,276,120,128,285,220,28,104,225,156,82,245,743,43,207,62,316,179,132,159,157,50,222,132,38,220,51,238,198,152,44,224,272,128,63,761,62,139,225,267,165,241,31,260,37,243,226,60,39,242,209,342,200,289,439,212,169,184,89,150,216,35,274,288,41,162,60,339,353,55,82,312,112,117,715,120,68,210,248,43,313,539,724,31,209,73,33,177
"COG5459",55,9,34,81,67,65,34,1,77,24,0,27,95,81,14,53,104,36,0,6,56,5,26,44,13,5,20,34,21,29,59,1,7,242,128,22,10,137,17,35,66,24,34,10,24,4,17,0,53,41,39,52,49,50,0,84,14,23,47,0,20,57,54,15,76,90,81,12,65,3,37,30,178,3,118,19,79,16,18,16,28,40,18,14,6,4,4,42,4,42,87,35,2,8,51,10,14,45,9,7
"COG5460",4,7,18,2,185,3,2,111,10,204,4,1,9,5,80,7,1,5,65,38,7,4,105,12,5,61,81,90,13,3,99,297,22,106,1,69,343,14,86,4,76,55,48,8,652,0,6,4,52,418,3,99,1,65,40,26,224,2,4,6,65,3,7,1,1,2,6,26,25,96,46,68,33,10,1,2,44,32,457,22,4,77,67,3,0,35,1,24,95,8,5,266,3,9,5,40,1,11,429,4
"COG5461",1,3,0,15,38,4,3,539,6,13,1,1,38,19,4,10,1,2,0,0,12,1,9,0,385,1,17,25,38,1,19,43,24,10,3,46,9,7,14,0,5,5,15,6,12,2,3,330,29,61,10,24,5,34,4,30,10,0,3,4,29,6,2,0,4,5,0,4,2,31,27,29,10,9,3,3,10,4,25,6,1,8,17,12,0,1,299,27,28,27,4,8,0,129,708,7,0,4,12,0
"COG5462",12,1,11,1,10,11,13,41,8,22,0,13,28,10,6,7,9,16,0,1,7,15,4,5,40,5,15,17,44,15,14,3,27,0,7,14,0,2,8,14,8,15,8,13,0,2,4,1,12,16,14,14,18,19,2,27,1,9,7,3,0,20,8,10,6,2,0,9,6,1,17,4,6,2,17,3,5,10,6,2,67,6,6,1,3,3,50,22,43,25,1,24,5,0,31,0,6,10,3,5
"COG5463",26,27,30,29,383,13,52,7,33,25,3,21,119,60,30,13,19,14,150,43,51,30,310,13,6,208,269,122,30,37,238,530,113,123,20,69,756,22,50,44,109,184,26,59,539,3,17,3,22,733,9,391,18,173,99,87,287,16,15,10,265,8,29,6,15,19,4,70,42,222,59,508,94,43,17,15,23,50,532,81,19,117,127,24,2,97,3,132,62,90,17,133,2,76,14,244,24,48,1299,22
"COG5464",8,4,0,3,107,15,8,154,1,1,2,3,15,20,10,7,4,21,64,7,10,1,92,2,253,41,30,13,9,3,17,133,5,66,7,59,49,7,8,45,23,21,40,12,9,4,12,93,44,158,23,4,4,16,13,132,10,1,6,7,89,3,32,16,3,0,3,4,73,15,78,32,11,13,3,3,9,6,178,50,4,10,21,7,6,2,117,12,7,2,3,16,4,960,227,709,2,1,28,3
"COG5465",501,457,346,557,209,504,382,757,410,268,206,367,522,466,231,296,439,347,50,256,372,345,180,347,1012,71,324,201,585,430,340,250,313,93,383,224,57,356,178,388,327,465,138,321,354,340,81,942,126,202,384,373,441,374,140,425,54,340,410,146,71,333,308,537,341,462,574,364,323,298,207,240,312,43,466,339,72,315,121,512,554,153,217,477,255,443,943,293,200,571,456,202,419,851,1021,44,376,199,51,350
"COG5466",0,0,0,0,0,0,0,1,0,0,0,0,0,0,0,0,0,1,0,0,1,0,0,0,7,0,1,1,0,1,1,1,0,1,0,4,0,0,0,0,2,4,4,1,0,0,0,0,0,1,1,0,0,0,1,0,0,0,0,1,1,0,0,0,0,0,0,2,0,1,0,0,0,0,0,1,0,0,0,0,0,0,0,1,0,0,10,0,0,1,0,0,0,0,2,0,0,0,0,0
"COG5467",228,177,125,43,333,417,250,541,280,680,481,292,233,387,405,403,224,330,55,589,316,374,462,136,554,86,168,519,241,392,446,150,252,239,401,450,100,330,542,288,307,552,387,442,311,423,64,682,418,286,79,31,150,101,135,41,64,118,117,224,59,63,54,72,108,82,55,202,157,60,183,58,110,52,49,114,95,211,100,77,63,149,147,13,69,147,194,212,139,85,105,139,36,61,195,8,107,152,12,166
"COG5468",0,0,0,0,0,0,0,0,0,0,0,0,0,1,0,0,0,0,0,0,0,0,0,0,18,0,2,2,0,2,6,0,0,1,0,3,0,0,0,0,2,3,1,0,0,2,0,0,0,0,2,7,1,3,0,3,1,0,0,2,3,0,0,0,0,0,0,2,0,8,1,1,0,1,0,0,0,0,3,1,0,0,3,0,0,0,47,7,0,0,0,3,1,8,82,0,2,4,4,0
"COG5469",61,122,29,148,47,173,109,80,142,0,152,334,41,144,35,19,66,95,5,19,59,48,1,26,55,9,30,6,52,174,13,119,38,9,71,20,29,37,0,52,81,24,2,365,17,81,12,129,4,34,80,133,219,151,7,68,4,79,147,211,6,145,36,146,112,71,65,37,17,25,14,12,52,7,67,324,4,106,13,96,90,1,21,157,13,19,61,7,0,40,61,1,101,436,116,4,77,22,5,54
"COG5470",1587,1695,1589,1319,850,2732,1671,314,1829,961,2742,2077,1588,1786,1233,1335,1780,2015,343,2164,1424,2223,922,1818,161,472,630,1177,1985,2211,1170,190,1799,481,1803,1181,208,1435,1225,1695,1802,1480,946,1982,123,2132,511,700,1292,669,1519,1406,2598,1342,1019,709,260,1819,1905,2911,241,1838,1455,1606,1946,1919,1130,1881,1454,178,1248,895,1429,177,1401,1903,1117,1559,726,1580,2242,897,835,1010,1811,1656,98,1427,721,1596,2009,817,1717,984,298,235,2123,1415,138,1627
"COG5471",4,1,0,4,15,4,0,7,1,0,0,0,0,1,0,0,0,0,2,0,0,0,1,0,40,1,2,1,0,1,2,10,7,1,0,5,1,1,1,0,1,0,3,3,10,0,0,10,0,6,1,0,1,2,0,17,2,0,0,0,1,0,0,0,0,0,0,0,1,10,2,2,0,1,0,0,1,3,3,6,1,0,11,0,0,0,2,2,0,1,1,1,0,2,90,1,0,2,3,1
"COG5472",2,0,1,2,1,5,5,170,2,0,1,3,2,2,0,0,0,2,0,0,1,1,0,0,61,0,1,2,4,3,2,1,10,1,0,8,19,1,0,4,2,0,0,2,2,0,0,53,0,7,6,0,6,17,2,7,23,4,0,3,33,10,4,5,0,0,2,9,0,13,2,2,2,2,5,11,1,10,10,0,4,0,1,4,0,0,125,5,3,7,0,5,2,77,371,5,19,1,7,0
"COG5473",33,38,23,93,733,34,9,906,12,35,1,8,22,13,57,32,0,36,251,59,49,0,287,8,294,264,395,179,53,15,278,700,29,337,2,145,979,31,70,25,145,267,116,81,714,3,32,1643,58,999,41,443,25,165,119,162,409,8,8,15,339,8,28,16,4,2,59,59,42,311,135,784,54,63,14,5,120,30,962,150,20,128,240,86,1,114,315,178,113,30,8,171,8,435,388,203,24,52,1910,13
"COG5474",280,45,269,48,2,1,68,2,6,0,1,4,5,11,40,0,182,8,3,0,104,51,14,205,0,242,12,1,84,1,3,61,33,0,93,1,5,1,14,28,51,4,3,65,5,0,13,3,1,4,21,64,4,4,2,319,2,51,113,5,2,53,147,114,44,6,0,0,1,1,3,24,159,7,217,118,0,6,2,39,172,25,2,50,0,1,0,5,0,29,24,0,91,3,0,3,5,5,4,2
"COG5476",1933,1624,980,1970,1565,1535,1910,2174,1988,2510,726,1566,5063,2141,2348,1781,1931,1351,334,928,1369,1484,2422,1162,1131,360,1506,3043,1579,1514,3038,454,2390,474,1418,2620,138,779,3131,1670,1218,2200,2318,1447,157,1378,522,2738,4540,2003,1337,1164,1509,2836,1068,1341,247,1417,2054,755,265,1253,1388,1756,1340,1784,2464,1566,1519,236,2712,1562,1231,260,1831,987,3754,1730,1358,1785,1628,2100,2184,2156,1117,1794,498,3942,1405,3924,1903,2334,1633,2308,1128,485,1561,2865,370,1637
"COG5477",127,168,198,236,109,101,135,152,174,397,268,255,106,163,145,84,210,183,96,197,93,268,160,240,82,110,54,85,252,147,89,116,190,109,154,123,104,176,152,231,202,210,127,193,63,172,92,170,68,92,150,179,126,88,127,52,130,205,115,212,69,272,241,189,146,155,109,186,170,48,123,87,105,121,161,175,124,190,225,131,402,107,75,152,205,134,71,114,249,100,175,317,164,367,60,71,193,86,45,225
"COG5478",0,0,0,0,3,0,0,0,1,1,0,0,0,1,0,8,0,0,0,0,0,0,0,0,3,0,2,7,0,0,0,6,0,1,0,4,1,1,1,0,1,1,13,0,59,0,1,1,4,2,0,0,0,3,4,0,2,0,0,7,6,4,2,0,0,0,0,0,1,17,7,2,0,3,0,0,0,0,0,2,0,0,11,0,0,2,10,4,1,1,0,4,0,0,0,3,1,6,0,0
"COG5479",117,143,317,65,92,12,92,208,322,710,91,43,548,199,314,325,155,126,774,338,155,80,214,166,234,816,109,294,9,32,323,1365,58,88,432,140,180,364,270,167,136,161,274,32,142,227,722,285,394,109,162,113,29,294,173,44,1019,120,68,114,1046,47,151,70,120,365,0,210,204,186,203,192,75,6674,171,25,306,145,97,87,9,250,209,46,432,236,102,322,1663,195,316,867,41,68,1025,638,43,565,61,157
"COG5480",5,9,17,24,32,17,2,781,6,2,1,16,6,1,4,6,6,15,0,0,4,11,5,9,522,5,23,12,81,17,20,46,3,5,2,43,4,3,2,10,5,8,15,5,11,0,1,325,5,45,22,22,8,16,9,38,18,8,1,4,33,7,15,26,2,0,0,8,1,27,15,19,2,11,9,5,0,4,22,7,20,1,10,22,6,1,401,8,0,21,0,5,32,198,970,8,11,8,13,3
"COG5481",5,0,0,0,12,0,2,4,2,28,1,0,1,4,15,2,1,0,13,0,1,0,21,0,106,1,11,4,2,0,9,19,1,2,0,26,0,3,15,0,0,8,15,4,33,0,0,19,10,12,0,0,0,6,7,2,0,1,2,11,5,1,1,0,0,0,0,1,1,98,19,24,0,10,2,0,10,7,2,0,0,10,15,0,0,1,160,8,6,7,2,27,0,6,34,2,7,11,7,2
"COG5482",7,3,6,553,130,7,31,188,45,191,5,3,60,53,58,6,16,12,20,9,56,60,90,4,124,7,14,81,12,13,32,147,118,9,42,125,33,4,109,15,11,10,78,20,13,13,0,69,148,101,13,81,5,49,3,9,20,16,61,7,8,89,12,0,26,62,605,27,8,11,95,53,46,12,7,22,134,8,78,33,29,90,98,480,3,7,88,76,68,50,62,126,5,752,93,8,6,52,13,9
"COG5483",32,4,9,10,43,19,6,268,10,63,7,20,31,11,35,15,5,9,33,2,1,2,71,5,257,15,42,20,16,7,24,360,25,34,6,49,55,19,15,6,8,18,26,11,74,6,6,203,11,67,2,9,4,5,12,57,19,3,2,4,23,4,7,3,1,0,0,3,4,96,5,15,0,34,1,1,7,9,13,0,9,15,25,2,0,1,115,12,45,7,0,37,5,62,81,5,8,33,6,4
"COG5484",4,0,0,0,90,7,1,62,3,13,2,5,3,4,5,7,1,12,84,2,11,0,45,0,76,68,71,20,3,0,45,116,1,54,4,164,120,0,4,0,1,300,27,24,32,0,40,239,47,67,2,0,3,27,28,17,8,0,8,3,299,0,18,3,0,0,6,4,11,14,10,19,6,74,6,5,2,0,57,21,1,2,155,2,1,9,76,4,17,2,0,15,0,91,31,137,5,38,39,2
"COG5485",274,327,112,320,206,201,104,257,239,83,125,142,221,186,234,190,123,165,77,346,279,305,174,100,69,24,97,228,233,261,168,66,169,107,277,321,16,162,254,88,222,139,223,140,53,271,89,164,305,134,441,75,169,198,127,285,41,178,385,176,19,378,164,309,256,298,665,143,96,36,308,180,207,15,98,135,362,179,171,377,202,172,189,576,578,193,49,213,122,239,295,123,287,108,98,163,102,227,16,159
"COG5486",399,442,389,397,303,389,524,19,448,290,559,426,580,382,412,243,543,457,62,307,300,495,416,467,53,82,179,477,403,505,254,150,429,77,353,489,50,294,563,488,399,224,323,584,14,423,98,5,631,331,381,417,522,359,360,302,32,447,475,449,64,584,297,513,422,368,237,371,300,25,470,397,266,52,433,489,291,328,294,471,659,417,436,327,364,281,28,505,253,399,428,342,391,100,148,50,509,480,20,389
"COG5488",354,304,176,49,60,281,210,631,98,9,112,266,309,198,99,49,235,239,59,78,92,123,17,169,351,38,123,62,386,257,139,81,164,34,124,98,11,148,36,181,88,128,62,211,93,139,71,828,47,61,293,103,302,190,31,248,35,158,110,140,43,112,179,342,77,174,58,144,50,77,60,94,72,14,279,219,27,113,41,260,332,13,49,50,225,178,265,127,30,305,153,22,352,144,570,24,294,68,12,148
"COG5489",17,29,0,2,204,40,6,2225,12,20,22,21,12,53,37,39,6,34,276,2,14,0,94,1,1603,54,226,66,79,18,71,362,3,112,11,231,100,19,28,6,49,32,109,43,807,6,34,1496,78,192,36,50,27,102,65,94,53,1,12,69,171,8,17,6,6,2,9,39,15,457,117,136,11,350,6,25,25,18,64,44,1,30,124,3,1,17,1370,47,21,20,2,62,1,542,2770,181,24,75,50,8
"COG5490",16,6,1,3,24,35,6,258,2,1605,1,5,26,12,427,4,3,10,3,1,5,11,367,10,187,8,7,8,62,16,12,19,12,34,1,42,3,18,532,5,8,3,24,51,175,2,3,751,13,19,5,4,23,13,4,32,643,5,4,10,9,6,9,0,2,0,1,15,10,87,24,19,2,7,11,4,8,4,16,12,99,264,31,3,2,1,145,12,596,18,1,854,1,46,175,14,16,10,4,4
"COG5491",47,23,17,282,1357,4,31,1,997,264,10,8,919,967,1786,297,219,8,1,919,517,3,2110,37,0,162,6,2625,6,4,1706,636,467,5076,861,3271,24,269,2675,31,166,22,3953,143,81,1492,55,0,1066,383,124,64,2,339,7045,16,195,37,424,5,143,8,9,11,265,436,79,63,311,0,3751,338,686,199,73,101,1512,16,2042,45,9,4233,3290,150,20,18,0,1954,772,1827,462,1289,17,13,0,8,15,2983,39,13
"COG5492",4,5,2,61,44,18,17,3,30,11,12,8,96,4,42,122,2,13,11,6,3,68,89,2,36,132,76,65,72,11,35,36,35,30,25,43,158,65,74,7,56,96,62,3,120,7,0,1,64,55,15,15,8,19,19,4,181,6,6,7,159,25,40,30,25,2,28,106,109,4,35,45,11,80,13,6,38,57,44,138,112,62,42,73,0,25,30,66,8,45,1,28,2,138,44,19,2,60,14,2
"COG5493",8,5,13,30,0,6,6,7,2,3,6,12,3,3,3,4,2,35,93,1,1,2,0,4,2,66,10,0,3,2,3,14,7,0,9,0,2,3,0,6,3,1,0,26,14,3,11,3,0,0,11,2,14,4,0,4,51,4,4,7,10,4,10,5,1,9,9,15,6,12,1,0,0,12,16,15,7,5,0,1,3,0,0,8,17,39,0,4,1,6,3,3,4,0,0,177,2,1,1,2
"COG5495",201,381,154,519,130,220,95,12,312,257,146,199,529,248,282,247,191,181,31,159,202,281,109,159,176,24,155,203,417,269,480,59,101,77,282,309,15,263,126,156,283,193,198,225,10,280,94,20,288,175,411,118,242,406,102,360,128,194,269,152,70,341,266,359,251,239,1157,173,251,165,237,172,156,44,168,251,541,203,119,472,96,127,214,706,499,276,921,510,355,292,227,311,280,72,249,48,97,455,86,139
"COG5496",86,15,36,43,85,13,88,73,110,256,22,35,279,155,120,86,126,38,18,30,89,39,119,55,0,10,73,236,18,18,176,8,131,30,81,239,2,134,147,71,54,116,174,30,5,94,32,1,314,178,40,31,20,206,130,92,30,55,52,13,14,40,63,18,54,57,0,107,122,46,236,155,78,17,92,30,270,79,91,61,37,136,127,88,149,109,0,266,271,175,55,237,13,0,3,10,53,203,21,88
"COG5497",0,0,0,0,13,1,0,2,2,0,0,1,0,0,0,0,0,0,8,0,2,1,0,0,108,0,2,7,0,1,4,6,0,0,1,11,0,0,0,1,3,3,11,2,3,1,0,6,0,2,0,0,0,7,0,0,0,0,0,0,2,0,0,0,0,0,0,1,0,1,1,6,0,0,0,1,1,4,1,4,21,0,1,0,0,0,79,2,0,2,0,0,0,10,78,5,0,5,3,0
"COG5498",397,409,713,1598,79,782,416,189,629,149,770,682,202,325,247,402,687,365,35,382,281,946,218,752,241,60,311,210,1555,658,158,190,285,178,601,61,38,480,198,458,429,130,141,677,11,347,160,458,107,57,562,1146,557,160,80,850,102,591,271,249,382,1101,1852,563,428,582,1647,147,150,85,148,219,265,66,824,989,246,307,26,409,1406,125,230,1624,1109,82,744,208,278,336,491,209,692,229,228,108,362,332,103,159
"COG5499",5,4,4,5,258,15,1,245,14,55,6,7,14,6,16,8,1,15,87,13,14,3,68,5,213,63,111,31,33,2,125,111,3,763,2,47,117,2,9,9,5,35,23,14,241,0,64,419,22,155,15,161,4,58,57,29,258,1,5,12,83,2,24,13,2,1,27,12,9,298,36,41,28,25,2,9,42,25,87,37,33,26,104,6,0,47,142,35,242,8,0,59,2,498,188,54,9,15,599,5
"COG5500",33,13,60,122,68,2,60,424,52,2,12,5,44,8,3,25,167,3,7,6,7,5,9,57,374,10,28,21,10,1,22,17,48,10,21,20,54,63,3,85,9,10,10,14,57,10,43,251,2,56,12,73,4,17,8,70,21,95,15,12,36,21,88,10,20,46,4,6,8,45,5,20,5,9,75,11,0,5,48,24,13,18,32,123,48,9,201,18,8,97,44,9,29,117,413,11,16,6,37,8
"COG5501",345,359,508,467,180,341,498,578,404,482,229,336,394,378,229,390,483,402,137,303,338,330,181,591,378,73,215,266,376,351,326,189,392,111,343,292,41,551,216,323,326,315,182,463,188,265,147,605,247,175,257,309,320,327,128,420,514,322,379,193,77,396,343,367,381,313,354,323,289,204,293,168,273,62,499,478,242,336,191,408,626,143,239,380,244,272,236,489,332,344,281,281,319,1054,464,127,694,482,15,293
"COG5502",0,3,1,0,7,5,1,116,2,0,0,1,1,0,11,0,0,1,1,0,3,0,18,0,63,2,16,8,0,0,7,29,0,1,0,8,7,2,5,2,2,4,12,3,4,0,1,86,3,7,3,0,5,4,1,17,1,0,0,0,60,2,5,6,1,0,0,1,0,0,15,13,1,2,2,2,7,5,1,1,0,1,60,0,0,1,100,2,0,1,1,4,0,18,116,13,0,9,2,4
"COG5504",1,0,0,84,1,0,0,71,0,6,0,0,0,1,8,1,0,0,0,0,0,3,2,0,4,0,4,1,0,4,17,1,3,0,0,1,1,0,0,0,0,25,5,0,40,0,28,150,0,1,0,1,0,0,1,12,82,0,1,0,2,22,0,0,0,0,41,1,1,13,6,4,0,0,0,1,7,1,0,1,1,2,16,66,0,9,4,0,5,1,0,35,0,0,0,0,2,8,11,0
"COG5505",695,1010,557,1638,797,486,309,356,791,497,362,487,469,585,955,828,514,536,280,707,735,689,968,664,1237,191,649,800,773,585,473,387,397,986,797,632,198,851,1154,440,637,631,1127,510,187,683,178,598,1094,451,1130,534,533,628,591,1013,711,636,897,515,470,698,618,719,674,814,1641,650,702,580,884,976,610,203,483,492,1130,692,474,830,350,925,1061,2302,1256,766,1060,454,660,632,717,700,1036,271,532,380,299,817,144,618
"COG5507",7,21,8,15,268,6,1,519,14,8,2,4,6,21,33,13,0,15,146,33,21,1,148,0,504,127,217,76,23,3,103,467,9,95,2,106,404,25,42,14,85,83,64,38,411,0,16,636,24,509,15,54,3,104,59,89,150,8,3,15,158,5,8,4,3,2,5,34,28,222,93,332,28,39,5,4,32,28,375,46,6,69,127,8,0,41,458,62,50,11,3,84,1,174,512,100,8,62,592,10
"COG5508",1,1,6,7,0,0,0,0,0,0,0,0,0,2,1,3,7,0,0,2,2,0,0,3,1,0,0,0,0,0,1,2,0,0,2,0,1,9,0,0,0,0,0,2,0,1,2,0,0,0,3,0,0,0,0,0,0,0,0,0,39,1,2,0,0,5,12,2,5,0,0,0,1,10,5,0,0,0,0,1,0,0,0,27,0,0,0,0,0,1,4,0,1,0,0,0,0,0,0,2
"COG5509",0,0,0,0,3,0,0,0,1,0,0,0,0,0,0,0,0,0,0,0,1,0,0,0,33,0,2,2,0,0,1,2,0,0,0,2,0,0,0,0,0,2,3,0,0,0,0,0,1,1,0,6,0,0,0,0,0,0,0,0,1,0,0,0,0,0,0,0,2,0,1,2,0,0,0,0,0,0,0,0,0,0,1,0,0,0,37,4,0,0,0,0,0,1,6,0,0,1,0,0
"COG5511",287,190,474,451,502,95,216,1833,91,280,126,232,281,126,154,491,170,304,17873,67,86,144,187,687,5264,36587,876,81,206,124,227,9542,466,191,99,299,32702,759,120,254,490,659,151,703,2521,130,22062,2176,163,473,398,893,103,232,131,404,3082,180,110,316,35189,543,252,220,212,33,750,385,197,14364,194,188,147,47557,750,129,208,240,365,228,109,67,237,498,97,373,2598,454,192,223,41,313,284,1318,9675,29482,189,109,230,527
"COG5512",243,16,195,22,9,7,55,0,12,26,2,6,26,14,26,5,191,11,5,0,38,26,2,198,77,255,51,13,34,1,23,24,10,13,67,58,0,11,6,38,27,27,26,60,2,0,24,1,5,4,16,48,7,59,11,285,7,48,31,28,6,17,178,86,34,3,0,9,2,76,22,21,47,6,245,91,13,10,3,17,72,11,32,14,4,59,537,34,60,42,12,33,48,2,129,8,8,15,3,5
"COG5513",5,4,1,23,13,0,2,0,5,6,0,2,26,3,4,2,1,1,89,0,3,7,4,2,7,23,36,1,1,0,8,170,17,11,0,8,29,2,9,0,0,15,7,1,33,0,4,1,9,2,2,32,0,5,17,54,14,0,1,0,41,7,6,0,0,2,0,6,1,19,4,13,1,161,6,21,2,6,0,3,7,6,4,32,1,3,0,46,31,9,0,18,2,13,0,86,4,10,5,1
"COG5514",26,5,26,1,4,0,27,0,38,33,17,2,85,63,16,52,67,4,2,25,42,1,5,23,1,6,17,18,0,0,27,1,26,3,52,7,0,68,6,31,42,18,4,3,1,84,22,0,6,0,12,10,0,71,1,7,9,31,9,16,0,2,28,1,23,14,0,39,35,0,5,0,16,2,53,10,23,42,3,24,1,0,5,11,188,98,0,6,40,82,16,7,2,0,0,2,13,15,15,33
"COG5515",69,186,129,172,23,56,66,42,80,14,78,66,80,68,46,25,90,55,9,49,44,39,4,181,24,14,24,2,53,40,23,37,71,10,85,20,16,72,7,111,49,53,7,46,5,81,20,24,2,13,69,155,49,25,20,37,3,74,111,31,3,107,85,153,85,151,155,31,48,6,8,34,41,3,133,61,4,20,14,59,78,5,14,136,50,71,22,16,9,76,147,9,188,159,52,6,98,18,10,51
"COG5516",3,1,2,1,84,4,0,120,0,8,0,0,19,1,11,1,0,4,72,5,9,0,8,1,5,9,107,4,12,9,24,59,0,39,1,19,8,14,16,0,196,22,20,10,64,1,13,174,13,4,4,2,3,18,23,21,37,0,1,0,50,3,8,1,0,0,4,14,0,27,6,38,32,20,4,0,4,3,182,23,0,11,4,0,0,21,3,6,27,5,0,168,2,70,58,90,1,4,46,0
"COG5517",117,16,29,20,541,83,141,647,124,17,12,52,752,284,70,68,55,49,197,27,132,36,173,43,366,145,234,397,46,56,333,713,176,109,114,608,411,66,164,72,68,179,259,117,147,62,70,380,409,587,13,44,24,111,45,83,29,9,12,14,68,6,24,3,24,19,7,27,13,172,169,89,27,50,31,10,86,15,227,31,22,47,99,10,7,37,114,136,25,159,20,40,6,142,234,48,32,136,121,15
"COG5518",15,12,20,349,57,11,4,253,7,61,4,13,2,3,21,41,14,17,4938,2,13,6,30,40,1089,4521,84,14,5,2,36,874,9,34,30,99,2635,20,10,3,11,213,37,119,236,3,2800,419,45,46,4,12,7,21,113,23,389,6,23,10,4894,59,59,24,16,24,69,12,8,5004,9,96,11,5161,38,10,135,5,51,22,3,25,74,202,5,22,980,22,15,17,32,14,10,112,1627,3479,9,21,38,19
"COG5519",125,167,192,857,750,31,410,6239,43,113,288,99,595,354,139,242,201,97,8053,72,101,151,423,166,9520,6753,828,190,87,41,419,3563,519,351,45,205,3799,204,145,187,476,341,157,262,1144,357,4481,10542,56,1496,48,863,22,275,209,230,803,205,74,353,6864,198,279,93,69,30,450,114,112,9706,169,1686,198,5455,297,269,85,144,552,197,139,375,142,855,76,206,6997,447,171,167,34,385,196,554,10792,6219,157,88,3627,75
"COG5520",365,706,647,1812,166,434,316,73,766,195,417,555,177,256,479,463,434,531,125,351,452,651,337,783,161,57,469,218,652,630,217,154,160,94,454,177,120,348,375,461,513,222,257,737,74,428,123,434,169,183,1022,558,601,283,159,751,857,548,903,529,401,1047,1054,453,558,692,2789,307,351,104,285,371,307,129,481,755,591,480,69,639,332,251,589,2171,887,366,499,204,1227,326,681,264,815,223,117,139,303,482,72,401
"COG5522",2070,2181,1281,1765,539,2002,1233,94,1585,2102,1953,1542,1398,1289,1642,2292,1313,1495,156,2360,1810,2039,1062,1438,70,143,1348,1247,2073,1856,1141,11,1095,670,1835,714,46,1713,1257,1349,1531,1592,1269,1395,77,2216,368,256,1619,427,799,274,663,346,277,428,536,491,675,734,40,697,576,761,529,683,644,751,602,45,349,341,411,15,363,463,360,659,132,659,416,376,312,866,919,1008,69,422,809,603,724,811,784,17,25,91,498,496,38,705
"COG5523",115,233,94,175,20,237,95,0,176,36,68,187,44,101,123,80,78,135,10,167,141,201,35,110,0,12,90,23,241,244,49,3,70,27,122,30,3,46,39,103,174,59,68,127,1,99,29,6,76,23,206,86,215,52,54,116,16,173,471,70,2,210,143,219,227,224,396,71,83,16,21,62,116,2,66,124,57,33,16,152,85,42,15,309,142,74,2,57,32,99,176,20,237,5,3,13,93,32,5,64
"COG5524",2,2,14,7,0,1,0,0,5,0,14,0,1,2,4,0,6,1,0,0,1,1,1,6,0,0,11,0,2,0,1,1,1,0,6,2,2,9,0,3,0,2,1,5,0,3,191,0,0,1,0,0,2,0,0,1,1,1,5,3,0,7,20,3,7,1,0,0,2,0,0,0,1,0,23,5,0,0,0,5,1,0,4,2,0,0,0,0,0,0,1,0,3,0,0,1,1,1,0,0
"COG5525",344,251,636,525,876,145,304,1913,123,296,181,276,199,161,209,604,214,333,21943,78,127,193,306,855,4767,47497,1139,179,255,180,259,12524,563,269,163,483,45455,1216,149,344,800,770,312,859,4341,91,30447,2483,249,796,437,1003,125,285,166,432,3957,229,147,372,47052,976,274,255,234,38,1517,525,230,17911,314,229,210,42075,1113,175,305,264,574,266,128,149,388,651,132,492,2570,389,245,251,43,388,385,1161,10276,36348,315,171,565,622
"COG5526",0,0,0,0,26,0,0,0,0,0,0,1,0,0,0,0,0,14,0,0,0,0,0,0,2,0,0,0,0,0,0,0,0,81,1,0,0,0,0,0,0,0,0,0,4,0,0,0,1,0,30,0,0,0,0,1,8,1,0,0,0,4,0,1,1,0,0,0,0,1,0,0,0,0,0,0,0,0,0,2,0,0,0,0,0,0,0,0,4,0,0,1,1,0,0,0,0,0,0,0
"COG5527",3,0,3,50,193,2,2,27,25,48,40,2,3,267,22,10,3,6,18,1,17,9,67,0,59,70,26,48,3,2,16,157,29,75,5,89,73,4,14,0,3,24,97,73,136,24,20,112,59,95,3,7,3,32,91,11,25,0,57,173,53,15,6,10,2,3,70,5,101,282,9,24,6,10,3,170,207,8,71,50,24,13,17,50,6,7,47,4,5,4,3,67,0,572,12,31,4,1,95,0
"COG5528",16,8,4,43,84,25,5,111,6,55,2,11,6,10,11,7,1,19,183,5,2,14,4,8,120,56,40,24,57,11,6,232,6,108,4,93,46,10,7,5,6,2,20,28,332,4,8,194,33,20,7,26,18,27,22,39,26,2,4,9,128,20,8,6,1,0,16,4,4,56,22,20,1,168,4,6,9,5,18,21,95,6,36,52,2,6,94,2,45,7,2,69,4,32,87,159,22,14,15,2
"COG5529",0,0,2,0,1,1,0,35,0,1,1,0,0,0,0,4,0,0,6,0,0,0,1,0,54,145,2,1,0,0,1,23,0,0,0,4,111,0,0,0,0,3,0,1,304,0,192,4,4,0,0,1,0,0,0,10,441,0,0,1,94,0,0,0,0,0,13,0,0,3,0,0,1,439,0,0,25,0,0,0,0,0,0,0,0,0,13,5,0,0,0,3,0,0,15,43,0,0,0,0
"COG5530",23,2,8,1,34,1,2,444,14,14,0,0,18,11,14,15,9,2,1,2,13,0,18,14,369,5,22,17,27,0,16,26,9,1,4,42,6,9,26,6,3,8,33,5,31,1,1,318,27,51,17,15,0,25,1,24,9,9,1,2,35,0,6,1,7,2,0,21,6,14,26,21,9,5,19,2,19,9,19,6,0,26,27,0,0,0,288,23,3,35,8,23,5,151,655,11,0,41,5,16
"COG5531",154,70,170,557,143,78,78,7,104,27,355,73,93,118,44,131,82,69,298,124,59,114,39,110,121,187,58,25,127,73,57,40,70,693,224,47,51,290,24,147,127,108,45,145,96,177,101,30,27,38,53,189,131,78,27,67,40,52,134,238,114,237,108,115,206,385,122,82,162,102,36,26,140,114,140,260,34,79,26,72,90,28,33,405,110,103,108,68,13,70,284,29,166,23,56,279,67,58,25,56
"COG5532",0,1,1,0,118,0,1,66,0,8,1,0,2,1,2,1,0,1,72,3,11,0,24,0,26,46,35,5,1,1,15,71,2,47,3,49,55,1,0,3,2,11,19,11,965,1,4,16,25,15,0,2,0,7,5,16,32,1,0,7,68,0,4,1,0,0,0,4,1,142,2,17,3,56,0,0,0,0,50,20,0,0,49,4,1,2,17,2,9,0,0,2,0,75,10,72,14,21,27,1
"COG5533",447,169,457,1783,99,133,152,9,345,26,700,199,206,317,91,352,263,194,805,354,179,235,52,415,6,594,81,19,268,205,107,42,224,128,569,23,212,421,44,390,329,267,21,485,18,455,219,29,39,11,128,260,229,223,52,153,35,157,468,708,439,646,285,332,476,1000,420,296,497,94,21,23,447,583,402,531,27,220,26,150,289,52,19,1458,358,266,1,147,18,166,815,78,506,8,0,503,189,94,45,149
"COG5534",50,33,13,346,433,75,24,2280,64,56,46,19,29,107,86,59,22,43,678,10,25,17,336,9,1310,247,838,169,128,79,2017,1445,125,193,5,566,343,41,93,11,68,145,285,201,1015,20,155,2031,195,392,59,59,76,216,165,185,252,13,17,189,729,160,41,15,12,0,328,27,69,772,344,443,17,892,18,60,69,127,249,88,48,114,450,339,3,31,1691,125,60,255,5,179,7,4003,1522,487,69,521,408,29
"COG5535",39,13,7,48,0,0,22,0,38,0,1,1,27,68,11,50,87,2,0,8,39,1,2,27,0,26,4,0,1,0,2,0,3,0,122,0,0,108,0,11,75,4,0,2,0,3,8,0,2,0,25,23,0,25,0,8,0,17,39,0,2,10,5,3,61,74,13,4,44,0,1,0,133,0,93,17,1,11,0,2,2,1,0,1,4,0,0,0,0,9,110,0,17,0,0,1,2,0,5,9
"COG5536",43,24,16,76,1,0,27,0,76,0,2,9,55,83,9,56,75,8,1,5,103,2,0,9,0,21,8,0,5,6,0,1,4,0,129,1,0,107,0,20,67,8,1,107,0,5,6,0,1,1,28,27,6,26,0,5,0,29,81,1,1,15,5,10,118,87,65,5,63,0,3,0,265,0,88,77,4,16,0,3,7,0,0,7,5,0,0,0,0,10,82,0,13,0,0,3,3,0,6,10
"COG5537",83,25,15,137,0,3,28,0,86,0,1,2,68,61,21,81,174,3,1,8,104,1,0,17,0,87,3,0,1,2,4,4,2,0,193,0,1,178,0,25,107,20,0,156,0,5,16,0,6,1,49,37,1,33,0,19,0,15,85,1,8,11,2,14,136,143,118,8,87,0,1,0,340,0,140,87,2,11,1,5,4,5,0,8,8,0,0,3,0,21,152,0,20,0,0,5,1,5,7,23
"COG5539",65,23,22,56,0,1,28,0,54,0,4,25,55,39,14,34,75,11,7,5,41,13,0,24,0,38,9,0,16,4,3,7,9,0,109,1,4,82,0,18,58,19,1,71,1,10,5,1,4,2,33,19,6,18,0,19,9,23,36,8,7,47,13,11,54,87,66,8,49,2,1,1,135,2,81,39,4,13,0,7,29,3,0,27,9,2,0,12,0,8,71,1,40,0,1,12,13,1,1,13
"COG5540",125,43,103,182,54,15,56,0,79,10,89,55,95,108,50,92,109,38,56,32,102,26,18,93,1,142,23,8,43,28,32,13,27,33,221,21,27,91,12,44,110,38,5,122,6,78,29,2,14,2,73,54,38,103,21,45,11,30,79,48,89,97,40,53,123,98,117,69,94,17,10,8,264,105,116,100,7,51,17,37,44,21,6,71,56,30,0,47,7,41,116,41,102,1,0,57,35,13,11,45
"COG5541",11,9,3,25,0,0,11,0,21,0,2,5,16,27,5,21,34,3,0,2,26,1,0,5,0,7,5,0,2,0,0,1,2,0,51,0,1,34,0,6,29,3,1,4,0,0,6,0,0,0,13,6,1,11,0,2,0,8,11,0,2,6,0,3,23,33,20,1,22,0,0,0,56,0,31,10,0,3,0,1,2,1,0,2,1,0,0,0,0,2,44,0,2,0,0,1,1,0,2,7
"COG5542",39,8,12,35,23,0,13,0,29,23,0,4,36,47,43,40,52,5,0,2,49,0,34,12,0,25,3,94,1,3,10,4,7,21,97,58,0,99,51,11,50,8,75,78,4,3,9,0,41,28,20,10,3,29,44,6,36,26,26,0,0,3,2,10,53,28,34,3,52,0,69,25,130,1,64,44,108,6,26,3,10,32,63,12,3,0,0,16,59,7,40,36,15,0,0,3,1,32,4,15
"COG5543",115,48,12,92,3,8,21,0,64,0,2,7,32,45,25,45,123,2,0,6,70,2,2,13,0,100,4,0,6,4,3,16,7,0,149,0,0,176,0,9,71,15,0,35,0,7,12,0,1,1,47,35,7,23,0,24,0,13,47,0,2,9,3,13,79,158,58,5,79,0,1,3,237,0,102,28,3,5,0,0,9,5,0,13,7,0,0,2,0,22,161,0,44,1,0,10,10,1,9,37
"COG5545",1833,367,1317,910,434,289,1034,8141,574,408,642,1048,457,1570,397,1086,536,614,16039,97,375,817,285,1201,12117,27957,2489,358,752,486,306,7979,2001,287,306,711,18011,1853,344,571,775,767,537,1607,2089,513,16193,6956,392,269,561,930,324,865,423,3005,3148,540,388,699,21975,1215,608,481,574,101,479,908,623,23692,409,529,510,20619,1546,1537,1185,1037,393,454,883,285,819,714,95,438,8727,330,373,322,123,406,552,236,17980,27350,486,387,236,909
"COG5549",428,40,333,18,1,0,76,0,15,68,0,1,28,16,21,5,257,1,1,13,100,50,1,262,0,395,6,0,107,0,7,4,27,2,97,1,1,3,0,55,18,1,1,57,2,10,35,1,1,1,23,74,5,14,0,549,1,72,99,6,3,58,234,155,44,8,0,1,0,0,3,6,187,3,324,113,0,0,1,38,180,3,0,19,0,0,0,5,0,54,25,3,100,0,0,10,5,1,2,3
"COG5551",0,0,0,0,0,0,0,0,0,4,0,0,1,4,1,0,0,11,0,0,0,0,0,0,0,0,0,1,1,0,3,0,0,0,0,2,0,0,1,0,0,0,0,1,0,0,0,0,1,0,18,0,0,5,0,0,13,0,0,0,0,1,0,0,0,0,0,0,0,0,2,1,0,0,0,0,0,0,2,0,2,0,0,0,0,0,0,0,0,0,0,6,0,0,0,0,0,1,0,0
"COG5552",1,1,0,3,14,5,0,1,3,4,0,0,12,0,4,1,1,1,0,0,0,0,3,0,1,1,2,9,0,0,9,7,4,3,0,26,0,0,2,0,1,6,7,13,0,0,0,0,4,1,4,0,2,4,5,3,8,0,1,2,2,0,1,3,1,0,0,0,0,60,26,12,0,1,0,0,41,3,10,1,0,0,16,3,0,0,10,19,15,4,0,12,0,1,6,0,1,14,1,1
"COG5553",96,53,59,98,202,165,167,20,129,69,65,147,514,279,139,53,94,56,1,24,137,137,188,49,150,24,95,225,98,140,184,6,376,20,110,354,1,25,377,85,70,123,237,206,6,62,11,3,353,227,45,113,146,283,53,92,19,74,69,28,4,149,55,48,76,88,63,90,46,9,248,202,156,16,65,254,241,67,178,130,114,195,192,82,26,82,23,294,112,320,88,173,75,33,84,6,110,118,14,49
"COG5555",16,4,9,2,14,4,6,0,36,15,1,0,19,22,21,10,4,11,8,10,31,1,26,3,0,7,30,14,1,6,17,2,11,3,27,16,5,37,23,17,23,19,16,6,0,8,3,0,30,18,14,16,0,18,2,22,13,45,2,0,3,36,1,26,21,5,0,17,55,2,31,28,14,2,6,8,36,49,12,79,2,15,21,3,7,20,0,19,21,11,8,18,20,0,0,6,2,35,1,24
"COG5556",1,0,0,0,24,0,0,0,1,1,1,1,0,2,0,2,0,1,18,1,4,0,0,0,1,19,17,3,0,0,3,22,0,5,1,9,15,0,0,0,0,3,5,1,24,0,18,1,11,1,1,0,0,1,0,8,4,0,0,5,18,0,0,0,0,0,2,0,0,9,0,0,0,6,0,0,0,0,7,4,1,0,19,1,0,1,10,0,1,0,0,4,0,0,4,30,0,7,5,0
"COG5557",602,641,368,860,424,458,309,240,572,1075,313,438,673,563,915,714,332,412,110,515,459,583,749,387,75,79,377,783,722,502,636,55,392,640,558,650,37,327,980,413,540,479,654,435,50,573,174,293,882,390,2252,1349,1491,2015,1164,2212,908,1261,1993,1064,356,1839,1459,1793,1631,1660,2853,1757,1609,277,2078,1339,1164,343,1024,978,2575,1840,1041,2060,1071,1842,1873,3498,2060,1905,480,2312,1837,1980,1704,2702,2158,203,200,576,874,2414,285,1465
"COG5560",91,42,87,359,8,18,91,3,95,13,45,50,102,128,16,129,135,27,85,28,142,21,5,124,1,59,37,3,37,34,24,2,49,10,246,6,33,364,4,53,143,41,12,124,3,41,93,5,5,2,29,69,32,72,3,31,3,45,165,86,67,59,43,29,182,268,224,49,124,10,5,4,426,41,166,122,8,62,0,22,78,2,2,165,54,53,0,28,4,26,272,1,57,1,0,70,27,15,31,31
"COG5562",0,0,0,0,1,2,0,5,0,1,0,2,0,1,0,1,0,0,1,0,0,0,2,0,5,0,1,0,0,0,0,1,0,0,0,1,0,0,0,0,0,0,0,1,0,0,0,15,0,6,6,0,1,4,7,0,1,0,0,0,2,1,0,2,0,0,0,0,1,0,6,0,0,1,0,0,1,5,0,0,0,3,3,0,2,0,1,0,0,0,0,0,0,1,2,0,0,14,1,0
"COG5563",117,35,63,365,99,85,49,263,84,177,84,86,23,84,109,74,32,36,50,103,99,137,127,52,305,53,11,158,148,58,291,6,120,77,107,116,9,32,168,49,93,18,180,122,23,142,4,385,212,57,30,86,86,88,80,162,91,36,99,205,29,222,36,17,131,78,104,85,344,8,120,120,79,105,21,49,122,74,88,48,453,116,81,165,189,38,804,70,190,151,86,164,52,364,238,31,36,145,11,37
"COG5564",76,76,64,147,77,6,25,28,163,314,12,14,216,131,125,144,34,49,50,84,42,30,91,58,203,24,95,150,6,17,132,20,23,11,62,111,4,14,135,50,42,116,120,11,6,40,5,98,149,57,44,93,12,186,21,66,38,27,55,11,12,156,36,46,47,113,315,32,68,2,110,81,31,11,41,11,131,63,49,65,14,72,111,126,27,63,132,201,192,191,95,170,103,33,169,22,5,188,31,59
"COG5565",21,23,51,172,655,0,77,6015,46,249,60,28,114,57,62,175,46,19,2949,10,22,94,53,37,3486,5736,189,130,25,9,204,19442,331,262,19,294,3977,191,108,41,22,140,65,204,12174,67,4073,5000,134,100,8,830,5,57,136,13,13828,43,36,78,20631,139,26,15,36,6,242,63,20,3862,110,92,26,44381,338,50,83,19,71,40,115,90,36,159,15,147,1890,378,228,42,12,103,113,1047,19292,2557,29,62,97,23
"COG5566",1,0,0,0,10,0,0,7,0,0,0,1,0,1,1,2,1,0,3,0,0,0,6,0,3,14,1,6,0,0,0,6,1,13,0,26,2,3,0,2,5,43,3,0,20,0,0,9,6,13,1,0,0,2,4,1,29,0,0,1,8,0,3,0,0,0,0,1,1,3,2,1,2,0,0,0,0,2,9,1,0,2,26,0,0,0,1,5,1,3,0,2,0,18,1,4,0,1,1,0
"COG5568",1,2,0,0,3,2,1,25,0,1,1,0,0,3,0,1,0,2,0,1,2,1,0,0,34,0,0,3,0,1,0,9,0,0,0,3,1,2,0,2,5,1,2,5,2,1,1,43,2,8,1,4,1,4,1,13,0,1,0,2,5,0,0,0,0,0,0,1,2,17,0,1,0,0,1,1,1,0,2,4,1,0,1,0,0,0,25,7,0,0,0,3,1,4,27,1,0,1,2,0
"COG5569",0,0,4,2,46,0,6,62,2,1,1,9,5,32,3,13,2,0,163,0,2,49,3,7,54,26,33,6,29,1,5,337,84,26,4,41,44,22,2,9,1,3,67,7,108,4,45,16,17,36,1,41,0,26,43,3,61,12,0,6,40,3,4,0,0,0,0,3,2,35,1,27,1,90,18,12,1,4,10,8,114,0,16,1,0,10,44,4,0,2,1,5,0,43,126,76,45,7,6,1
"COG5571",2,2,0,3,57,8,1,4,1,15,3,0,10,61,11,1,2,6,94,0,0,0,36,2,9,38,60,13,0,5,1,419,1,48,1,17,138,4,8,1,2,61,12,14,169,3,6,70,12,28,4,1,6,2,55,11,37,4,0,0,21,0,11,3,0,0,138,3,4,52,3,38,2,43,1,27,14,5,24,20,4,24,15,1,0,12,2,4,30,0,0,29,0,121,0,26,4,7,4,4
"COG5572",12,2,0,78,116,2,3,150,4,6,1,2,25,4,1,15,2,6,79,5,6,9,19,0,116,29,37,26,32,3,18,190,9,41,7,73,51,4,3,5,7,27,35,6,304,3,19,177,11,48,0,31,1,28,10,17,34,0,3,10,41,22,10,5,6,1,52,4,8,113,12,21,9,46,1,1,27,9,50,26,51,3,37,73,0,3,141,4,1,18,1,15,1,457,91,38,3,18,29,0
"COG5573",2,6,10,18,28,19,34,70,7,0,2,10,31,14,4,2,72,7,0,0,2,10,8,30,27,1,23,12,24,9,11,59,7,13,6,35,7,18,10,23,6,22,59,12,10,1,2,19,34,17,15,3,32,27,59,17,9,20,1,5,5,8,24,3,6,1,0,12,4,10,17,59,1,2,26,3,20,19,25,6,39,11,26,7,0,8,8,8,59,16,1,2,1,48,113,2,18,13,10,8
"COG5574",21,11,8,23,0,1,18,0,32,0,3,6,28,27,7,33,36,52,30,7,33,1,0,7,0,28,0,0,6,9,1,0,4,0,71,0,0,40,0,10,29,3,0,12,0,5,9,0,0,0,6,6,10,20,0,8,1,13,24,6,5,2,12,9,48,19,14,3,34,3,1,1,67,0,29,10,0,3,0,1,3,0,0,4,8,1,0,0,0,9,23,0,17,0,0,14,12,1,1,6
"COG5575",36,17,9,47,0,0,15,0,44,0,0,2,36,55,15,42,65,1,0,2,55,1,1,14,0,13,0,0,0,0,0,0,7,0,89,1,2,80,0,18,51,7,0,76,0,8,3,0,0,0,24,8,0,18,0,9,0,14,43,1,1,4,3,4,76,36,33,2,40,0,2,0,181,0,71,37,4,14,0,4,1,1,0,9,4,0,0,2,0,7,50,0,5,0,0,3,0,5,7,4
"COG5576",12,5,0,0,0,0,0,0,1,0,0,0,0,0,2,1,0,0,0,0,0,0,0,0,0,11,0,0,0,0,0,3,0,0,0,0,0,0,0,0,0,2,0,47,0,0,0,0,0,0,4,0,0,0,0,1,0,0,0,2,0,0,0,4,0,0,6,0,1,0,0,0,2,0,0,28,3,0,0,0,0,0,0,0,0,0,0,0,0,0,0,0,5,0,0,1,0,0,0,6
"COG5579",8,2,1,12,39,3,10,17,8,26,0,10,18,11,30,7,6,7,9,6,1,1,38,4,99,13,26,14,0,6,14,62,3,4,6,19,19,12,19,5,1,15,14,5,29,5,12,65,25,23,24,13,25,47,39,42,22,10,2,16,72,17,10,5,7,3,25,12,17,128,74,71,15,65,11,9,32,15,35,22,3,146,73,24,24,26,223,28,171,30,10,118,18,51,230,24,13,32,26,15
"COG5580",20,8,2,20,0,0,8,0,7,0,0,0,11,22,3,11,21,0,0,0,19,0,1,4,0,9,1,0,1,0,0,3,1,0,38,0,1,33,0,4,20,1,0,31,2,1,4,0,0,0,34,15,0,17,0,7,41,12,38,0,2,6,4,10,71,58,67,1,57,0,0,0,120,0,67,25,12,19,0,2,0,4,1,17,1,0,0,1,2,8,74,2,9,0,0,4,0,15,4,16
"COG5581",23,35,0,1,160,12,1,45,11,16,1,9,16,13,16,28,1,7,367,10,10,2,12,0,60,87,193,35,5,9,38,404,0,81,10,105,144,17,3,0,4,14,41,17,969,2,65,5,51,34,10,1,3,57,52,86,91,0,4,25,159,3,3,1,2,0,3,8,12,112,4,32,8,352,0,2,1,5,449,15,0,19,46,4,3,23,23,16,2,11,0,19,6,88,23,238,16,22,43,2
"COG5583",0,0,0,0,35,0,0,1,0,6,0,0,1,0,0,1,0,3,91,2,3,0,2,0,3,33,28,4,0,3,3,131,0,14,0,11,29,1,2,0,0,0,4,3,30,0,4,0,17,1,0,1,0,8,11,2,7,0,0,5,55,0,1,0,0,0,1,0,1,12,0,4,0,139,0,0,0,0,5,1,0,0,14,0,0,1,3,0,0,0,0,5,0,0,0,94,4,5,8,0
"COG5585",51,10,139,10,0,1,7,21,1,0,8,1,0,3,2,1,2,8,1849,0,0,7,11,17,233,1981,17,0,0,5,8,444,4,1,1,0,1395,16,0,6,8,69,1,32,140,6,781,26,0,17,8,13,2,4,4,24,150,6,1,9,1488,2,18,13,2,0,0,15,3,1669,2,5,0,1253,131,1,0,2,0,3,5,0,1,16,32,26,115,2,2,20,0,6,3,2,343,1648,5,0,4,4
"COG5586",1,4,0,4,1,1,0,0,2,1,0,1,3,1,0,1,0,2,1,0,8,0,0,0,6,0,0,0,0,0,0,3,0,0,3,0,0,0,0,0,6,0,0,0,1,0,0,0,2,2,5,0,0,1,1,5,7,0,6,1,1,1,2,0,10,5,0,0,0,1,0,0,9,0,0,0,14,0,0,7,0,0,3,1,0,0,3,0,7,0,5,0,1,6,34,0,0,1,0,0
"COG5587",150,248,113,604,235,151,49,144,167,589,99,118,145,100,278,69,95,125,128,52,65,365,178,140,262,33,79,298,356,166,95,102,118,270,82,259,22,43,239,100,112,99,355,112,67,85,145,261,338,214,189,147,108,114,220,271,318,94,173,93,75,365,139,196,113,181,1161,77,36,327,421,262,61,114,75,91,516,173,172,122,165,240,582,1021,186,82,593,159,258,165,169,566,358,196,207,78,74,293,32,85
"COG5588",415,472,426,386,514,312,601,8,494,361,561,390,656,420,423,236,563,394,54,367,260,603,470,522,47,89,167,705,454,407,337,113,458,99,411,993,37,331,708,542,451,246,370,606,21,433,126,2,900,554,327,579,449,357,335,261,48,453,484,534,80,597,323,495,510,406,203,407,384,17,811,523,312,75,479,481,612,343,478,453,659,418,522,293,362,298,10,577,464,418,464,428,448,55,219,59,495,666,32,419
"COG5589",60,38,17,59,179,20,60,378,62,32,9,25,167,79,34,24,29,10,127,4,53,22,102,30,83,89,225,156,50,28,193,234,139,72,56,122,124,21,68,31,18,162,97,47,62,29,17,758,172,121,25,53,15,142,42,74,32,24,31,13,111,53,37,23,26,40,15,77,48,70,107,524,36,129,38,34,110,60,114,87,60,92,56,64,11,87,68,169,29,133,45,33,13,232,62,93,40,34,583,41
"COG5590",456,549,500,660,216,732,464,954,391,113,362,497,520,434,239,239,539,457,47,292,356,531,126,678,1103,88,361,171,923,620,295,283,441,93,364,229,60,311,97,440,304,373,123,481,409,270,82,933,122,218,496,349,646,461,132,393,67,415,464,197,62,768,496,697,329,509,736,327,175,276,201,266,334,52,630,537,112,321,120,554,928,151,168,587,250,415,1039,262,160,542,460,126,605,1124,1092,42,601,189,28,326
"COG5591",13,13,15,25,159,9,4,332,0,6,3,2,17,7,11,3,8,5,164,7,5,1,102,6,125,121,45,74,17,1,80,436,8,34,3,53,495,13,14,7,2,69,24,16,349,1,24,226,5,423,6,155,1,46,48,84,145,1,1,12,148,3,16,5,4,0,3,20,13,126,27,36,16,135,1,3,2,12,53,19,7,56,46,17,0,20,66,15,31,4,1,17,1,224,139,130,5,13,344,4
"COG5593",78,26,15,41,6,7,23,0,58,0,0,7,47,52,17,44,132,3,1,0,33,2,0,36,0,35,4,0,3,3,0,7,6,2,106,1,1,180,0,17,46,4,0,31,3,3,15,0,4,0,7,2,4,5,0,5,2,6,10,0,2,1,1,1,25,30,11,3,16,1,1,1,23,0,44,7,0,2,0,0,2,1,0,1,3,0,0,0,0,0,26,1,12,0,0,0,1,2,1,6
"COG5594",196,72,69,366,2,9,109,0,275,0,2,13,235,322,52,235,447,12,1,19,354,6,5,75,1,12,29,1,12,9,3,7,14,3,687,0,1,662,2,51,316,37,1,38,1,26,51,0,15,2,76,110,8,140,4,61,0,106,257,1,10,47,14,10,438,468,193,25,338,0,2,2,924,0,426,89,13,59,0,20,20,1,7,21,22,1,0,0,0,43,524,0,19,0,0,8,12,7,26,25
"COG5595",0,0,1,0,84,0,0,0,0,1,2,0,2,1,2,0,0,0,39,2,26,0,18,2,8,45,2,2,0,0,63,24,7,124,0,8,25,1,4,0,1,69,8,0,27,4,5,5,26,0,0,1,0,0,5,1,52,0,0,6,156,0,2,1,0,0,10,1,1,15,1,3,2,18,0,0,2,0,59,29,6,2,93,0,0,1,0,3,20,6,2,3,1,6,1,120,0,2,71,0
"COG5596",41,30,14,53,0,2,21,0,55,0,0,3,48,68,13,52,86,5,0,5,69,1,1,16,0,18,6,0,5,2,0,2,13,0,146,0,2,108,2,20,76,10,0,31,0,7,7,0,3,1,37,16,2,31,0,12,0,21,59,0,1,10,4,10,78,78,50,8,72,0,3,0,200,0,105,50,1,16,0,4,9,2,0,4,1,0,0,0,0,18,88,0,19,0,0,2,1,1,7,16
"COG5597",77,90,27,109,27,11,59,37,52,14,45,12,46,89,27,167,18,52,37,22,66,9,4,22,262,218,30,7,14,11,25,35,17,10,78,16,62,59,8,109,83,45,17,398,1,29,326,146,31,4,35,5,0,15,2,2,0,43,24,18,84,28,33,16,29,10,36,11,33,150,7,2,87,67,17,75,17,27,7,20,9,3,5,24,6,5,91,7,1,3,18,3,11,5,36,87,17,13,5,15
"COG5598",3047,4199,2909,9914,5723,1389,3670,789,3954,13305,955,2156,3445,2716,10830,3067,4431,2534,45,1218,2923,1946,13483,4134,536,414,1605,10518,3074,1430,2607,543,3203,3539,2726,7905,138,3159,13028,2600,1696,2213,12676,2473,425,1178,630,2250,12412,4585,3346,4432,1347,1828,10073,3001,3549,2765,4068,376,167,2689,2895,4407,2177,4324,8635,2264,3499,163,8803,8746,2434,128,5008,3126,11749,1362,5005,3641,4402,13943,9517,9479,1185,1448,385,3654,11543,3322,4188,12099,3920,2185,1906,105,2541,5069,302,2451
"COG5599",0,0,0,6,0,4,2,0,4,0,1,2,6,1,1,8,1,0,0,0,1,7,1,0,0,0,0,0,0,2,0,0,0,1,5,0,0,0,0,1,2,1,0,7,0,1,0,0,0,0,7,0,1,2,0,0,0,0,2,12,0,10,0,3,1,3,34,3,4,0,0,0,7,0,0,1,7,2,0,0,5,1,0,3,0,0,0,1,0,1,1,0,2,0,0,0,8,0,0,3
"COG5600",38,19,12,36,2,1,7,0,37,0,0,1,35,40,9,21,43,1,0,2,40,0,1,7,0,22,4,0,1,0,1,0,0,1,84,0,1,66,0,16,41,11,0,13,0,5,8,0,0,0,32,13,2,11,0,3,1,17,32,1,2,4,2,6,49,42,49,1,36,0,1,3,143,0,56,17,2,14,0,2,4,3,0,4,2,0,0,0,0,2,47,0,10,0,0,4,0,1,2,13
"COG5601",35,14,10,43,0,4,24,0,32,0,1,3,40,38,16,44,66,2,1,1,52,5,0,14,0,8,6,0,2,5,1,3,11,0,93,0,1,86,0,13,42,8,0,26,0,4,5,0,2,0,26,13,5,16,0,9,0,11,41,0,5,18,1,8,46,40,42,4,50,1,1,0,115,0,51,26,2,10,0,3,9,1,0,2,2,0,0,0,0,10,43,0,9,0,0,2,1,0,6,9
"COG5602",109,76,24,112,29,3,27,0,108,24,5,5,91,148,67,98,132,9,3,8,73,2,49,26,0,54,21,55,2,2,105,15,15,8,194,38,9,209,24,37,95,32,35,9,0,24,21,0,42,25,108,37,3,57,19,20,1,28,92,2,56,22,6,33,123,183,78,14,155,1,31,20,356,9,132,22,24,41,22,19,3,54,29,9,8,8,0,27,73,52,196,27,36,0,0,7,5,10,11,48
"COG5603",12,9,3,14,0,0,1,0,10,0,0,0,10,2,2,2,19,2,0,0,11,0,0,4,0,4,0,0,0,0,0,3,0,0,24,0,0,23,0,0,18,0,0,1,0,3,3,0,0,0,10,2,0,1,0,2,0,2,13,0,0,0,2,1,20,22,20,0,3,0,1,0,29,0,16,3,0,4,0,0,0,2,0,1,0,0,0,0,0,1,20,1,8,0,0,1,1,0,1,1
"COG5604",53,17,22,86,0,0,15,0,58,0,0,2,56,61,15,35,93,6,0,4,75,0,2,12,0,30,2,0,2,1,1,2,1,1,108,1,0,126,0,13,67,5,0,32,0,7,12,0,2,0,17,28,3,16,0,10,0,29,52,0,2,5,4,7,94,113,87,4,42,0,1,0,221,0,84,33,5,9,1,4,0,2,0,8,5,0,0,0,0,10,111,0,9,0,0,5,8,0,5,13
"COG5605",127,94,80,259,262,160,171,42,443,1651,451,113,313,578,804,687,164,141,44,754,452,425,850,116,37,68,168,690,70,143,465,26,440,202,747,435,103,447,1037,186,533,709,508,347,125,637,32,2,568,275,103,105,217,405,338,85,589,223,400,495,179,64,39,73,513,365,285,859,829,8,607,197,489,140,99,325,419,800,289,305,82,746,525,205,142,674,4,800,928,316,454,1004,62,21,5,24,107,748,15,780
"COG5606",2,6,2,0,103,10,0,23,0,15,3,0,1,2,10,8,0,2,22,1,7,2,26,0,68,32,35,8,2,4,8,106,3,51,0,30,61,2,3,1,8,6,39,12,140,2,47,40,15,93,2,16,3,23,19,10,38,0,1,4,77,0,5,0,0,0,5,15,3,70,29,19,22,13,2,2,7,0,34,15,3,5,42,1,0,10,29,13,26,4,1,21,1,46,13,14,4,2,96,1
"COG5607",15,8,37,9,26,4,100,3,23,102,12,32,128,34,36,27,270,30,137,1,7,27,31,81,3,34,21,12,19,3,19,129,149,4,10,23,39,11,27,60,12,14,10,58,33,6,10,1,10,15,18,8,12,37,12,38,13,63,12,12,59,39,95,13,14,3,0,6,12,31,7,11,15,261,109,25,5,31,15,12,110,5,18,5,3,10,0,46,49,48,4,50,3,3,1,134,60,46,18,13
"COG5608",6,3,0,2,147,3,0,267,1,10,2,5,4,6,7,9,0,4,201,4,6,0,8,0,153,54,134,16,1,8,53,293,1,63,4,81,97,4,3,11,12,6,20,9,159,3,10,5,38,58,0,0,5,35,41,20,18,0,3,14,112,5,6,0,2,0,3,1,8,95,2,20,2,202,1,1,23,4,64,22,0,1,37,3,0,14,75,5,0,10,0,9,0,622,172,179,9,20,26,0
"COG5610",9,13,28,13,181,10,27,163,11,11,12,12,25,12,6,53,11,21,19,14,24,22,71,18,50,91,262,129,60,44,39,88,12,233,7,66,79,11,29,13,11,154,67,31,89,10,14,619,35,274,5,68,23,135,61,12,113,5,14,36,306,39,17,20,11,11,27,18,22,208,64,129,17,27,17,9,11,23,56,34,63,21,396,9,3,26,87,140,14,31,3,32,6,18,221,54,12,38,133,8
"COG5611",2,13,3,1,129,0,0,50,2,21,1,0,0,1,16,2,0,0,38,0,2,1,40,1,42,7,27,9,6,1,14,36,5,8,0,18,27,4,7,0,0,15,6,5,45,0,7,18,8,163,6,113,0,13,3,12,48,1,1,1,44,1,5,3,0,0,7,18,5,8,2,10,8,5,0,0,3,6,21,18,15,20,23,1,0,0,43,5,6,4,0,21,0,32,14,26,0,2,72,1
"COG5613",0,0,0,0,0,0,0,0,0,0,0,0,0,0,0,0,0,0,0,0,0,0,1,0,0,0,0,0,1,0,14,0,0,0,0,2,0,0,0,0,0,0,3,0,0,0,0,0,1,0,0,1,0,0,0,0,1,0,0,0,3,0,1,0,0,0,0,0,0,0,0,1,0,0,0,0,0,0,0,0,0,0,0,0,0,0,0,4,0,1,0,1,0,0,0,0,0,0,20,0
"COG5614",2,1,6,5,4,1,1,29,1,0,2,0,0,1,0,0,1,0,158,2,1,9,1,3,40,280,4,3,0,0,2,53,4,1,0,3,153,1,0,3,1,6,0,4,22,3,191,38,7,0,2,21,1,5,8,4,108,2,0,7,853,2,9,2,1,1,1,4,1,975,3,2,9,501,41,1,3,2,7,2,9,1,9,23,3,6,111,10,2,5,2,1,13,24,139,920,8,3,8,1
"COG5615",14,0,1,2,44,3,8,182,6,18,4,7,56,31,2,7,3,5,81,5,7,3,8,0,211,48,28,8,7,0,29,182,12,64,6,58,78,6,5,8,7,7,17,18,81,6,23,428,18,67,2,5,10,33,23,43,10,3,3,4,49,3,14,0,4,1,6,3,10,48,0,10,1,123,3,10,2,1,24,9,4,3,42,1,3,14,75,35,6,28,4,12,4,543,173,90,7,14,19,1
"COG5616",4517,4307,2679,3905,6212,6104,5990,3901,4967,5795,3079,5734,5949,5073,6178,5112,5289,4824,922,3129,4260,5560,6728,3140,3188,1156,6651,7457,6120,6240,4701,2400,4644,3434,3350,6557,2583,4663,8967,5102,3515,5018,7099,6667,2642,3489,729,2503,8166,5246,5047,4754,6067,6078,3940,5008,4745,4883,3824,3760,1689,5429,3993,4750,3482,3456,1802,4911,3974,1777,8127,9507,3348,592,4074,5869,8216,5501,5839,5711,7586,5569,6451,3596,3965,5622,4581,5265,8916,5085,3575,6394,4036,3577,3289,1097,4908,6853,11265,4036
"COG5618",1,6,3,0,17,0,1,73,25,2,17,0,25,41,13,55,3,7,7,55,45,14,9,0,131,9,20,7,0,0,40,52,9,25,53,50,4,18,3,9,46,68,21,40,15,53,3,141,7,10,10,2,4,27,7,1,4,5,27,13,20,5,3,5,35,27,12,74,24,4,50,19,33,5,1,17,7,64,31,35,3,2,48,6,0,50,109,55,3,21,28,5,0,32,87,5,2,47,10,54
"COG5619",0,23,0,0,9,0,0,0,1,1,2,0,5,2,6,1,0,1,141,3,0,0,24,0,9,36,121,0,0,1,69,371,1,8,0,5,88,1,8,1,0,56,3,6,2,1,6,1,3,22,0,1,0,8,56,20,1,0,0,1,78,0,7,1,0,0,0,1,2,126,9,778,1,258,0,1,2,1,6,2,0,1,34,0,0,61,1,96,0,2,0,3,0,27,3,144,5,5,819,1
"COG5620",0,0,0,0,14,0,1,1,0,0,0,0,0,1,2,0,0,0,9,0,3,0,8,1,1,8,7,0,1,1,6,0,0,57,0,0,9,0,0,0,0,8,20,1,188,0,177,0,6,1,0,0,0,0,1,0,77,0,0,0,21,0,0,0,0,0,0,0,0,90,1,11,1,3,1,0,0,0,2,3,0,0,48,0,0,0,0,0,8,1,0,1,0,0,0,24,3,0,12,0
"COG5621",335,459,358,722,717,220,425,82,324,243,96,292,716,397,316,128,521,354,313,64,207,277,597,435,154,361,420,581,416,231,1424,855,257,108,174,578,1319,202,231,403,195,394,331,317,1013,203,101,195,542,1403,327,966,233,665,232,644,569,319,273,67,335,443,406,509,222,150,727,243,198,328,397,758,228,71,486,291,417,240,376,512,695,370,348,607,84,227,60,560,287,523,139,236,502,241,89,224,295,341,1890,205
"COG5622",6,8,1,0,85,21,5,436,11,4,4,8,12,17,12,12,8,6,29,1,3,1,45,0,711,13,49,37,12,2,20,134,8,18,1,83,34,16,20,0,2,21,24,20,66,1,8,391,21,61,8,9,8,30,16,52,8,0,3,19,18,0,6,7,3,0,5,6,5,172,59,53,2,28,3,6,13,14,19,22,3,31,77,1,0,2,658,26,11,6,0,14,0,699,605,18,11,42,17,5
"COG5623",35,12,9,40,1,1,19,0,35,0,0,4,27,47,3,29,72,2,0,3,42,3,0,11,0,13,1,0,7,1,0,1,4,0,85,0,0,81,1,8,41,8,0,18,0,4,7,0,0,0,13,6,6,18,1,13,0,15,23,0,3,7,1,5,62,40,61,7,38,0,0,1,119,0,59,18,2,11,0,5,7,0,0,8,2,0,0,0,0,5,50,0,12,0,0,0,2,1,4,8
"COG5624",7,2,3,14,0,0,5,0,16,0,0,0,13,14,2,10,29,0,0,0,16,0,0,3,0,0,0,0,0,0,1,0,0,0,29,0,0,59,0,3,18,2,0,0,0,0,3,0,0,0,0,5,0,8,0,5,0,3,11,0,0,4,0,0,17,15,2,0,15,0,0,0,20,0,24,2,0,0,0,1,0,0,0,3,2,0,0,0,0,2,26,0,0,0,0,0,1,0,1,0
"COG5626",11,3,7,43,128,29,2,85,27,11,6,10,15,10,10,17,2,11,174,3,15,6,30,8,142,59,98,22,28,20,53,208,2,93,5,105,102,6,6,16,7,22,28,10,134,2,8,7,42,104,8,9,13,46,39,53,36,9,7,9,113,38,17,33,7,1,158,20,15,69,5,24,22,178,6,3,48,5,39,47,22,5,39,30,1,14,61,12,0,15,2,24,8,407,116,170,6,28,50,3
"COG5628",1,0,0,53,1,2,1,0,4,33,0,0,7,10,7,6,0,0,0,0,0,2,0,0,0,0,12,7,0,0,18,1,26,0,0,0,2,0,2,0,0,6,12,0,3,1,0,0,5,2,1,0,0,10,0,1,8,0,1,0,12,11,0,0,2,1,2,5,1,0,1,12,2,1,0,0,6,13,0,4,2,0,4,57,0,0,0,9,12,9,0,21,0,0,0,1,0,5,13,0
"COG5630",58,129,184,666,7,282,76,244,195,206,223,138,14,109,108,37,101,67,17,88,61,418,20,299,2,13,22,3,271,232,13,5,201,12,124,9,3,50,66,49,73,34,12,234,10,118,37,543,22,26,68,305,212,27,7,38,39,54,141,101,11,392,417,99,101,315,786,18,47,44,7,11,72,2,141,235,41,39,1,91,288,41,5,969,98,111,1,2,128,42,363,74,172,8,1,26,59,7,2,71
"COG5631",27,25,39,21,52,23,58,224,19,13,6,34,51,14,19,13,41,26,7,3,6,16,4,58,158,16,9,4,64,17,15,162,51,33,15,19,27,16,2,27,6,25,23,41,77,4,54,269,7,32,14,31,22,29,8,43,12,16,7,7,5,32,42,57,18,13,8,7,1,42,1,14,9,15,53,39,7,6,34,46,79,2,13,28,16,2,140,9,2,47,14,15,27,574,184,12,43,6,28,9
"COG5632",47,36,30,38,2,1,17,73,21,9,7,3,12,18,18,20,9,9,701,1,17,2,14,24,199,420,5,13,0,1,4,63,17,13,9,6,284,19,6,17,23,26,8,10,144,2,187,49,10,6,17,18,0,45,0,234,61,11,15,4,374,40,26,61,18,16,7,26,8,228,3,9,25,1385,66,9,10,18,4,32,9,6,5,33,4,3,68,30,1,5,17,7,45,3,226,453,9,4,0,18
"COG5633",11,1,5,3,0,0,1,0,4,0,1,11,1,2,0,5,0,4,0,0,4,1,1,0,0,1,2,0,0,3,31,0,2,0,3,3,0,1,0,1,4,0,0,2,0,0,0,0,0,1,4,3,3,1,0,31,0,3,2,0,1,1,9,0,2,3,0,4,0,0,1,1,1,0,1,0,0,1,0,11,0,0,0,8,0,0,0,1,0,4,1,0,2,0,1,0,1,2,26,5
"COG5635",287,290,459,47,374,177,1488,302,154,214,307,1190,180,562,155,599,293,1145,180,134,484,87,231,45,1388,59,1558,70,22,649,280,258,955,236,162,223,322,394,106,804,206,508,45,1471,221,218,43,1747,103,99,490,165,502,745,77,792,486,801,151,588,57,48,471,366,202,72,38,429,497,744,154,208,519,29,459,1211,96,839,2273,484,70,66,392,31,92,263,1630,159,578,129,97,356,170,311,174,41,933,674,46,778
"COG5636",15,4,6,13,2,1,10,0,27,0,1,0,15,34,1,13,22,1,0,1,19,0,0,6,0,0,4,0,1,1,3,2,0,2,39,10,1,36,1,6,20,5,3,21,0,4,4,0,2,1,11,3,1,5,4,2,0,4,15,0,11,0,2,2,24,9,12,1,14,0,3,1,55,0,28,29,0,1,2,1,2,1,2,3,0,3,0,1,0,8,7,0,8,2,0,0,1,2,0,4
"COG5637",609,383,471,60,86,283,891,202,142,76,220,686,132,327,148,307,291,678,30,191,983,445,77,207,469,311,831,18,267,536,61,151,774,15,158,80,38,375,26,530,513,296,40,557,142,51,51,95,48,115,606,528,354,406,38,1421,10,442,379,316,34,347,357,477,555,76,24,172,286,259,123,247,998,24,578,735,14,621,34,414,302,53,76,45,4,52,470,20,21,79,107,24,329,205,232,26,490,32,25,468
"COG5638",47,22,20,68,4,0,18,0,60,0,1,4,48,76,10,58,103,2,0,6,63,2,0,20,0,27,8,0,0,0,1,0,6,1,132,0,1,123,0,10,61,10,1,82,1,4,16,0,1,1,37,21,0,29,0,13,0,18,74,0,1,12,6,5,97,122,53,5,68,0,0,1,214,0,84,40,1,15,0,10,5,8,0,7,5,0,0,0,0,4,105,0,15,0,0,3,0,2,7,17
"COG5639",5,2,0,0,101,18,3,518,3,6,3,3,4,8,10,10,3,6,144,4,4,0,32,0,418,17,91,28,11,4,35,155,4,42,5,72,61,4,12,0,7,16,37,18,241,2,8,280,30,73,18,5,9,36,29,32,24,1,2,20,93,2,2,2,4,0,4,14,7,166,42,55,3,171,1,4,6,3,17,8,2,21,32,1,0,11,426,12,9,7,0,24,2,125,585,103,5,21,23,2
"COG5640",344,183,179,277,541,19,221,2973,297,94,128,122,223,536,159,808,169,208,2920,184,417,212,181,124,2872,1726,446,139,72,62,561,474,204,1609,399,267,1097,590,109,265,276,388,114,272,414,173,1939,1483,147,370,360,208,44,467,203,295,752,192,214,89,2372,192,211,196,257,273,212,603,471,527,107,167,525,2130,282,193,194,402,181,303,135,99,126,259,176,199,1829,200,150,311,312,93,217,4078,3463,1399,82,243,550,434
"COG5641",23,1,6,32,0,0,3,0,23,0,0,0,4,6,3,5,41,0,0,2,29,0,0,6,0,3,0,0,0,0,1,0,0,0,44,0,0,121,0,1,29,0,0,0,0,1,24,0,1,0,0,9,0,0,0,6,0,3,24,0,1,0,2,0,36,45,27,0,18,0,0,0,83,0,43,3,0,0,0,0,0,1,0,3,5,0,0,0,0,4,41,0,0,0,0,0,0,0,3,0
"COG5642",0,1,5,0,48,4,1,46,2,1,0,0,0,8,8,5,0,1,30,0,0,0,58,0,89,41,21,20,1,0,22,87,1,8,1,21,185,0,7,4,2,24,6,0,19,0,2,97,1,47,0,30,2,38,39,28,77,3,8,8,138,4,24,9,1,0,1,9,4,29,31,59,3,29,1,2,4,37,49,20,2,48,109,0,3,3,192,12,33,8,0,16,1,785,50,146,2,54,65,13
"COG5644",32,2,12,37,0,0,4,0,29,0,0,1,14,8,5,16,68,0,0,0,12,0,0,16,0,1,0,0,0,0,0,0,0,0,71,0,0,100,0,5,27,0,0,4,0,1,14,0,0,0,0,13,1,1,0,14,0,3,6,0,0,0,3,0,16,71,33,1,36,0,0,0,45,0,65,5,0,1,0,0,1,0,0,2,10,0,0,0,0,6,68,0,0,0,0,1,8,0,2,2
"COG5645",0,0,0,0,2,0,0,0,0,0,1,1,0,0,0,0,1,0,46,0,0,0,0,0,2,19,11,0,0,0,0,81,0,8,0,1,10,0,0,0,0,1,2,0,30,0,1,0,5,2,0,0,0,0,15,0,4,0,0,0,11,0,5,0,0,0,0,0,0,7,0,6,0,78,1,1,0,0,0,1,0,0,0,0,0,1,0,1,0,0,0,0,0,1,0,37,1,4,1,0
"COG5646",4,4,0,0,24,7,0,19,12,1,2,5,3,0,9,13,0,12,16,1,0,0,13,0,91,6,7,13,1,5,9,45,2,23,0,63,6,2,13,0,9,8,27,39,10,0,2,48,0,28,56,0,8,30,11,59,23,0,2,22,26,0,4,5,1,0,0,4,7,138,42,28,0,20,0,1,2,22,6,6,0,10,77,1,5,2,654,19,0,4,2,15,0,23,138,11,7,52,10,3
"COG5647",247,153,56,318,75,14,91,0,251,0,15,48,172,313,73,240,329,21,7,11,270,15,8,76,0,163,50,0,27,15,9,18,49,40,546,1,3,438,0,74,267,60,1,311,0,34,51,0,6,1,193,78,20,115,2,70,0,92,252,5,11,74,23,62,305,352,291,27,340,2,2,9,992,6,314,247,19,82,4,36,40,11,0,24,16,4,0,6,0,57,413,0,90,0,0,20,35,5,27,113
"COG5648",80,43,65,290,9,23,91,0,56,6,49,27,45,82,18,113,57,24,82,65,79,42,8,47,0,78,27,11,38,21,15,8,45,2,108,7,45,40,7,78,54,52,10,179,1,48,29,0,2,3,63,48,21,50,11,19,8,30,102,39,46,130,26,19,109,114,71,40,147,13,3,5,177,51,60,83,12,43,5,30,48,3,4,314,36,56,0,27,8,40,109,3,81,2,0,52,40,11,14,22
"COG5649",4,1,0,0,1,2,0,78,0,0,0,5,2,1,2,1,0,6,7,0,0,0,0,0,9,0,2,2,9,1,1,37,0,4,2,9,3,0,0,0,4,2,2,6,0,0,0,207,3,24,7,0,4,4,2,42,1,0,1,2,15,0,3,1,0,0,2,4,3,12,3,4,0,2,0,0,1,3,3,1,1,2,3,0,0,0,26,10,4,2,0,1,1,16,39,9,0,8,6,0
"COG5650",6,2,2,1,1,0,24,0,0,4,0,1,4,0,1,2,4,5,1,0,0,0,0,2,0,1,8,2,1,0,1,5,2,0,0,2,0,0,2,0,0,5,2,4,0,0,1,0,1,0,22,13,2,4,5,36,0,8,6,5,7,36,5,6,3,0,0,3,1,5,4,5,0,6,19,8,9,3,3,5,10,0,3,4,2,3,5,0,13,6,2,19,11,0,5,2,14,1,1,1
"COG5651",50,74,11,92,22,38,15,245,42,12,67,63,1,30,22,21,16,72,13,3,14,28,3,73,500,6,29,16,132,29,9,35,8,3,14,41,2,2,3,18,48,17,28,73,30,15,5,332,8,2,79,11,54,30,2,64,23,13,23,14,5,90,26,54,28,34,147,27,8,6,7,10,9,8,10,62,49,6,7,127,23,1,14,140,11,1,404,8,0,20,20,8,66,112,157,9,37,13,11,25
"COG5652",13,8,4,3,23,1,3,0,40,75,4,1,42,64,42,29,4,2,86,3,29,15,23,4,0,0,36,35,2,5,24,97,7,5,13,31,12,28,56,15,11,29,55,9,117,8,76,0,52,13,9,1,5,30,15,19,52,8,10,6,8,3,14,1,13,24,1,18,10,28,25,22,36,22,6,9,66,12,15,14,5,26,33,3,5,18,0,28,41,22,27,115,2,0,1,0,1,23,3,16
"COG5653",84,54,60,14,77,63,25,614,100,38,122,43,106,113,48,78,55,70,33,185,118,158,45,81,198,42,99,88,107,63,197,113,85,29,77,84,47,83,69,60,89,170,74,108,25,102,22,276,61,71,104,27,99,125,63,152,41,59,57,121,132,52,61,21,107,71,84,131,66,83,92,103,120,63,21,89,52,147,61,100,71,62,80,18,118,262,239,243,41,136,58,29,48,35,313,37,53,142,17,151
"COG5654",4,10,1,1,106,9,2,301,5,2,1,2,3,17,42,15,3,3,60,6,2,0,139,0,330,35,68,28,4,6,39,213,4,96,3,82,67,2,38,5,3,56,48,12,203,0,55,499,15,141,26,4,4,31,23,26,64,1,4,10,193,8,19,21,3,0,31,2,4,93,32,76,2,44,0,6,18,48,116,13,3,67,190,1,4,8,208,14,2,6,4,13,1,664,73,104,1,65,25,5
"COG5655",7,1,4,73,91,5,7,99,2,2,3,4,12,90,6,15,3,2,54,1,51,11,13,2,148,22,56,7,9,4,14,13,463,29,1,21,14,2,0,1,4,8,49,57,23,6,4,328,17,69,1,0,4,18,0,8,14,9,2,5,20,3,14,3,2,0,90,8,131,14,1,20,10,872,12,45,55,6,83,47,418,2,9,47,1,7,103,5,1,11,2,5,0,18,1,20,16,6,10,6
"COG5656",89,49,20,126,1,3,30,0,77,0,5,2,78,105,19,59,145,3,3,4,105,0,2,18,0,74,6,0,2,0,2,6,0,0,208,1,1,199,0,15,89,13,1,83,0,6,13,0,0,0,59,36,1,43,1,15,0,34,80,3,4,13,4,14,112,141,129,9,80,0,0,0,292,0,115,78,8,14,0,3,1,3,0,9,6,0,0,0,0,22,158,0,17,0,0,5,8,0,4,23
"COG5657",111,81,46,164,0,4,76,0,203,0,4,10,170,234,31,169,235,16,5,8,187,4,3,49,0,2,20,1,12,11,8,0,31,1,407,0,1,312,1,67,172,26,2,174,0,17,28,0,5,1,118,52,9,81,0,26,0,75,179,1,6,33,18,25,250,269,135,31,247,1,3,2,572,0,275,122,3,95,0,28,12,2,0,12,9,1,0,1,0,33,234,1,41,0,0,6,18,6,19,45
"COG5658",10,22,1,26,39,6,8,49,26,24,4,5,9,2,23,12,3,13,9,5,3,0,35,4,224,8,29,15,4,11,15,63,8,11,6,26,7,5,14,3,14,21,14,24,6,12,1,134,12,22,43,35,5,17,5,68,27,4,32,5,35,26,6,11,20,11,7,1,4,107,19,87,0,14,1,6,19,17,10,8,2,18,66,41,1,4,488,8,9,6,7,40,12,60,101,12,3,23,35,4
"COG5659",5,5,1,51,100,10,3,61,12,276,4,21,4,7,60,44,2,123,18,1,5,2,40,16,172,34,34,364,2,5,11,100,0,10,6,528,23,1,34,1,40,16,158,77,108,0,30,154,59,95,97,62,4,25,17,34,324,10,2,27,11,44,21,3,5,6,37,13,13,39,600,75,5,24,0,8,73,24,200,12,8,14,123,20,1,4,313,126,826,7,14,584,2,74,76,13,2,187,18,8
"COG5660",87,50,65,43,74,21,24,0,98,284,56,37,127,81,148,195,63,33,8,151,79,83,132,53,0,6,84,149,34,35,100,1,40,131,89,103,2,103,182,71,57,128,156,36,15,137,10,0,210,45,238,130,120,282,371,205,1017,179,233,272,15,103,164,96,174,301,4,407,354,10,451,331,121,22,153,59,300,332,163,178,46,410,373,139,400,659,0,419,1517,263,273,1104,182,0,0,21,76,464,21,280
"COG5661",30,9,10,11,213,0,2,26,52,65,2,2,24,41,35,32,10,4,218,7,70,1,36,8,162,58,146,57,1,11,57,156,17,37,18,136,98,11,42,26,16,57,69,10,136,0,14,7,98,47,3,3,0,23,5,17,10,5,3,2,45,0,0,1,5,14,2,14,3,19,14,14,12,72,6,1,30,6,15,16,2,10,33,3,1,11,53,9,2,11,6,24,1,14,60,56,1,19,16,5
"COG5662",2,1,0,7,37,1,5,214,1,27,2,2,14,7,8,2,2,0,7,1,1,1,2,2,78,4,8,2,14,1,8,131,2,10,0,23,13,1,1,2,3,2,53,35,85,0,41,488,6,23,4,12,4,17,5,15,3,1,0,15,8,0,0,2,0,0,2,11,3,89,24,6,4,0,0,74,4,1,36,9,1,4,17,5,0,2,143,11,22,31,0,6,1,900,288,12,7,3,2,2
"COG5663",17,10,34,33,25,2,27,804,15,15,58,0,22,34,16,0,14,0,1622,10,7,25,17,26,1090,4176,18,10,3,0,33,327,5,17,20,17,310,193,4,9,49,76,6,16,242,25,4777,463,17,12,2,16,0,82,26,3,599,18,11,12,2622,6,234,12,25,7,8,12,3,122,27,6,5,3648,188,44,35,4,12,7,19,2,2,52,1,13,386,48,70,81,5,48,3,183,714,459,4,19,24,2
"COG5664",0,0,0,0,3,0,0,0,1,1,0,0,0,0,0,1,0,0,0,0,3,0,0,0,65,0,3,3,0,0,0,1,0,0,0,3,0,0,0,0,0,1,6,0,0,0,0,0,3,0,0,0,0,1,0,0,0,0,0,1,1,0,0,0,0,0,0,0,0,8,0,1,0,0,0,0,0,0,0,1,0,0,0,0,0,0,63,2,0,1,0,0,0,4,19,0,0,2,0,0
"COG5665",55,43,10,53,5,0,20,0,55,0,0,3,9,43,18,57,38,4,2,4,47,2,0,4,0,26,8,1,4,2,0,6,9,2,83,0,1,45,0,14,46,26,0,131,0,1,5,0,2,0,69,5,4,4,0,5,0,12,57,0,2,11,3,13,53,42,63,3,48,0,1,1,242,1,27,56,7,26,0,14,3,2,0,2,1,1,0,1,0,12,53,0,31,1,0,2,11,3,6,27
