"","NOM005","DLF010","NLM004","NOM012","NLM007","DOM018","NLM001","DOM016","DOF004","NLM022","NLM027","DLM003","NOM015","DOF008","NLF015","NOM027","DLM023","DLM013","DLM001","NOF006","DLF009","DLF008","NOF013","NOF014","DLM016","NLM025","NLM021","DLM018","NOF010","NLM024","NLM032","DOM008","DLM015","DLM022","NOM002","NOF005","NOM029","DLM019","NLF010","DOM010","NOM019","DOM023","DLM021","DLF013","NLM010","NOF002","NOM013","NLM016","NLM009","NOM007","NLM017","NOM020","DLM004","NLM031","DOM003","DLM012","NOM014","NLF001","NOM008","DOM026"
"COG0001",26,21,8,20,8,28,14,18,24,18,16,8,14,15,10,39,18,57,9,12,22,10,14,17,11,10,23,13,2,9,19,13,8,13,35,8,13,19,10,15,41,9,5,23,17,21,17,8,9,14,2,4,7,24,17,13,10,8,7,16
"COG0002",38,32,47,40,39,49,55,34,60,50,35,34,43,37,36,55,60,46,50,36,29,18,40,50,52,48,37,47,44,42,34,52,50,32,38,42,36,30,47,40,48,62,50,39,40,39,47,48,52,36,37,41,45,35,33,52,49,36,47,33
"COG0003",1,10,1,1,5,9,8,7,3,2,0,6,9,5,6,1,11,1,1,13,1,29,15,3,5,3,3,9,3,6,1,3,0,6,5,13,2,7,22,13,4,1,5,16,15,12,11,1,1,0,22,1,3,3,0,1,17,2,13,16
"COG0004",61,49,70,58,23,73,67,31,36,60,58,35,62,66,58,74,63,48,54,45,20,26,41,57,39,68,54,54,64,104,63,27,43,42,64,59,49,62,33,48,60,47,64,56,64,53,61,67,79,48,38,55,26,51,80,51,38,50,49,74
"COG0005",18,33,36,29,19,29,42,23,31,13,20,41,25,32,25,20,16,33,31,23,19,31,38,27,26,35,29,29,38,34,23,31,27,29,24,25,12,14,21,22,41,31,25,23,19,30,30,47,38,45,24,31,26,24,24,8,23,26,28,17
"COG0006",105,105,152,135,109,126,145,148,134,118,118,136,137,108,125,69,133,96,134,118,71,125,106,106,139,155,120,115,113,133,116,126,126,100,105,116,114,89,150,146,125,143,135,131,116,130,113,135,154,113,118,117,151,142,126,78,146,124,145,119
"COG0007",22,11,14,1,9,16,8,22,17,26,26,10,6,19,9,46,21,15,10,7,20,13,8,6,7,9,11,20,7,8,17,7,12,13,43,19,10,14,10,25,19,9,2,14,20,24,17,2,9,8,7,11,4,6,14,12,13,15,3,17
"COG0008",116,145,142,186,143,151,149,111,140,144,111,106,144,130,109,167,160,154,133,114,109,73,120,129,137,186,158,177,135,152,138,112,135,124,153,137,128,157,100,135,151,159,118,140,110,130,120,141,205,120,82,163,97,143,130,158,133,113,128,96
"COG0009",47,68,49,46,81,58,59,71,69,62,56,55,65,57,47,55,47,56,61,57,44,51,56,47,48,44,45,56,50,31,57,52,45,58,58,51,65,56,60,56,71,49,55,79,51,57,55,37,29,56,46,41,63,63,54,65,76,50,39,68
"COG0010",19,25,7,11,20,8,3,11,13,11,18,25,26,24,26,26,27,22,20,16,24,30,12,25,22,18,24,10,16,12,11,27,21,14,13,12,18,36,18,28,12,14,20,12,29,14,12,20,5,10,3,12,11,13,16,11,10,25,9,13
"COG0011",1,0,2,0,1,1,1,0,2,0,3,1,0,7,0,4,5,4,4,1,6,4,0,0,0,2,1,4,0,0,2,1,0,1,3,0,1,2,0,1,0,0,0,2,0,0,2,0,1,1,0,0,0,0,2,21,0,1,1,0
"COG0012",37,69,58,50,71,69,45,55,42,68,61,47,53,63,41,52,60,62,56,50,32,33,44,67,58,53,51,55,52,70,45,36,46,91,42,58,44,58,40,66,60,64,63,54,47,47,58,51,50,72,47,62,33,44,47,51,49,64,45,45
"COG0013",86,121,118,107,121,125,121,120,92,117,111,91,138,113,137,144,122,111,139,99,92,87,70,108,117,92,121,123,109,131,110,109,100,115,97,109,68,144,96,134,109,112,103,123,113,99,121,122,125,121,85,115,118,113,96,119,111,100,139,103
"COG0014",42,53,54,37,61,81,47,57,62,54,54,39,52,41,53,56,55,60,75,52,43,50,38,39,55,46,56,63,54,62,54,57,54,32,49,53,58,48,54,70,66,56,54,62,42,51,42,57,35,28,46,56,38,62,41,61,65,57,63,49
"COG0015",44,65,70,77,68,65,68,71,70,81,82,46,65,61,41,81,71,81,70,48,36,62,64,78,50,67,76,82,63,85,67,57,64,54,81,52,70,60,51,69,73,74,68,74,65,52,72,51,100,69,54,72,55,60,53,71,64,56,45,70
"COG0016",42,63,51,55,55,72,56,44,64,48,44,46,57,49,38,56,49,61,43,41,35,37,41,61,51,45,51,58,46,55,45,40,52,72,50,46,39,51,44,43,37,38,47,49,60,35,52,57,28,64,51,38,44,70,45,55,61,50,47,39
"COG0017",61,71,74,68,68,49,72,83,51,64,75,68,89,70,66,24,95,61,66,55,38,61,68,50,69,56,68,51,76,68,85,54,58,75,45,82,70,75,49,65,69,64,66,67,68,50,58,71,70,75,68,76,57,68,58,24,65,68,67,63
"COG0018",56,87,82,73,88,111,98,80,73,86,91,80,112,87,70,91,85,71,104,60,64,50,68,79,73,85,104,88,85,109,103,56,86,101,78,89,76,90,96,96,107,71,91,83,78,58,76,92,75,93,63,81,74,69,79,112,83,94,85,75
"COG0019",105,79,111,102,106,117,106,112,122,109,93,65,78,87,63,140,99,96,97,100,73,58,85,95,85,122,80,131,94,81,103,91,94,69,113,94,84,73,104,68,89,81,90,91,100,87,98,88,123,117,85,90,60,98,79,95,118,110,81,93
"COG0020",18,48,44,43,29,38,47,42,25,27,56,27,29,48,22,51,38,44,36,36,22,36,32,32,33,54,32,42,33,41,37,25,23,40,42,47,33,31,45,22,49,38,41,32,39,37,50,51,59,36,37,41,30,53,37,55,38,42,32,38
"COG0021",51,39,42,36,50,40,57,50,51,54,56,51,45,26,63,127,36,30,55,43,54,30,33,29,41,61,50,78,59,95,27,63,40,50,44,39,46,35,73,57,72,78,37,26,56,42,70,64,72,43,33,87,42,48,88,73,57,46,36,29
"COG0022",9,20,4,7,9,12,2,16,11,2,27,10,21,3,42,2,8,11,20,33,13,25,24,7,7,3,7,5,6,6,1,31,16,26,1,14,16,5,20,7,6,3,27,20,29,22,5,1,1,2,16,3,19,11,1,2,11,28,10,3
"COG0023",8,3,1,5,6,7,8,10,9,9,1,16,10,1,12,0,7,5,13,16,9,14,6,5,14,1,7,10,6,6,6,8,10,3,4,10,17,4,15,8,2,9,12,5,10,12,4,1,3,4,14,3,21,10,1,1,13,11,10,13
"COG0024",45,69,71,72,78,67,79,66,48,75,59,71,72,67,54,70,65,66,62,53,42,49,70,70,68,74,59,71,61,46,68,53,67,57,72,98,69,70,68,61,64,69,68,78,57,52,76,77,64,99,57,58,72,51,53,46,92,73,75,91
"COG0025",22,9,5,11,9,13,21,11,14,16,47,11,7,47,5,54,5,17,8,2,31,13,5,14,13,7,3,25,4,6,11,10,14,18,17,7,26,6,2,19,5,8,2,10,15,10,7,2,4,13,7,6,4,13,30,101,7,5,7,3
"COG0026",7,0,0,0,3,3,2,0,2,7,34,1,5,21,0,14,1,5,8,2,21,0,0,1,2,1,6,6,4,1,5,1,1,4,4,2,2,3,1,6,3,3,2,3,3,0,3,1,2,0,0,5,2,1,8,40,2,2,2,1
"COG0027",17,16,23,16,24,25,31,27,25,15,6,29,15,14,27,18,9,13,34,35,21,22,23,11,27,35,24,29,32,37,3,32,28,5,9,17,28,0,34,23,19,30,25,15,28,18,20,30,41,18,17,45,30,15,34,33,32,11,27,14
"COG0028",148,73,108,114,106,119,70,122,111,140,209,129,101,154,120,131,120,102,134,120,190,93,109,110,111,122,95,121,116,112,123,121,120,95,157,121,142,95,97,117,85,126,111,131,108,128,91,70,139,89,185,117,77,151,136,189,108,95,123,150
"COG0029",52,23,54,48,67,66,66,78,45,60,25,40,70,44,68,56,33,55,71,56,52,59,52,54,55,60,74,61,48,87,40,49,47,19,62,61,67,42,67,54,50,64,60,57,65,55,37,67,60,44,45,69,52,58,52,37,58,56,59,57
"COG0030",61,68,87,116,53,32,67,80,78,49,78,66,54,85,40,82,70,55,62,35,72,17,55,67,64,74,68,69,53,77,84,44,54,78,43,64,58,58,85,55,72,52,50,68,66,43,109,43,75,87,51,47,62,44,53,94,62,60,47,82
"COG0031",56,73,41,53,63,74,50,46,59,58,85,38,74,58,69,71,71,61,62,72,61,42,57,53,63,68,52,56,56,44,72,57,59,68,51,64,63,63,58,51,57,49,61,48,54,57,64,39,50,44,51,52,41,63,45,65,63,49,49,41
"COG0033",10,1,1,1,0,3,0,3,2,5,12,2,1,16,3,23,0,5,3,2,20,3,0,0,1,12,0,6,0,3,2,3,0,2,0,0,3,1,0,0,0,0,0,2,0,1,0,1,0,0,0,6,1,0,4,23,0,0,0,0
"COG0034",63,90,96,110,98,83,102,101,94,101,84,81,100,75,108,72,88,101,119,83,46,60,86,97,96,120,100,115,106,148,93,94,101,80,75,86,82,84,100,123,90,143,100,121,93,67,90,139,156,126,109,126,89,86,105,87,98,94,92,108
"COG0035",33,47,45,41,40,40,36,31,39,24,36,32,58,58,37,39,46,40,50,26,32,26,28,48,52,47,33,39,61,59,39,29,32,38,42,35,26,38,50,37,49,47,25,31,29,45,38,44,57,40,36,28,40,40,50,46,44,46,47,34
"COG0036",42,68,25,38,32,27,55,33,33,57,56,28,34,42,23,67,39,53,17,29,39,29,27,41,30,47,37,45,38,45,48,24,28,49,57,44,30,32,41,27,44,43,25,36,30,34,51,44,34,44,57,41,43,24,57,49,28,40,35,53
"COG0037",94,118,84,96,104,129,82,94,112,118,111,98,91,120,79,78,84,102,87,88,73,68,104,109,115,81,122,102,83,79,119,86,131,107,128,125,101,116,83,108,110,78,110,112,112,87,78,79,101,126,90,97,92,124,74,81,96,94,83,105
"COG0038",77,53,82,47,95,100,59,97,112,78,99,78,78,98,112,70,76,61,107,91,102,81,69,67,94,52,81,90,86,94,66,98,89,61,77,88,94,43,87,86,64,88,107,93,76,84,70,99,59,89,61,59,103,74,85,134,91,85,87,78
"COG0039",54,43,40,48,63,76,68,91,74,62,68,59,61,66,81,153,51,57,62,59,62,54,50,66,91,74,54,48,62,58,64,82,69,45,84,62,67,52,89,59,61,58,75,69,76,61,80,52,75,74,80,58,77,73,71,119,72,96,83,62
"COG0040",20,27,31,33,30,39,24,33,41,26,17,39,36,27,24,28,47,28,30,39,38,36,35,20,29,43,30,34,36,46,39,34,27,23,30,29,28,22,49,37,38,46,46,40,24,27,31,39,58,18,23,36,41,32,41,31,37,31,32,35
"COG0041",25,21,41,22,32,29,29,34,24,24,29,32,23,27,20,31,23,27,28,11,19,17,19,32,31,28,35,29,16,28,29,22,22,18,24,31,27,31,38,26,33,28,18,34,22,14,20,19,23,33,27,27,31,24,36,28,35,26,36,26
"COG0042",68,70,60,51,78,93,71,82,81,85,79,68,83,79,90,75,90,80,80,66,73,73,77,73,74,76,83,81,64,58,98,82,78,63,79,86,76,70,76,72,68,66,74,87,85,70,80,44,76,68,76,59,65,69,58,65,81,92,66,76
"COG0043",24,9,4,12,2,4,4,13,13,7,12,10,8,12,11,37,10,10,18,8,23,23,9,4,14,2,4,3,6,5,9,4,5,11,11,5,9,7,10,14,6,4,15,9,8,6,11,1,0,2,3,5,4,6,20,8,7,11,8,8
"COG0044",66,57,66,65,77,62,70,65,69,65,68,65,68,51,42,120,76,97,56,51,58,72,43,68,55,60,78,83,77,65,86,81,70,65,108,69,75,75,61,67,88,68,73,71,58,65,76,49,59,68,53,76,47,61,61,81,74,78,58,72
"COG0045",16,5,2,7,3,3,5,8,6,3,0,2,3,10,18,27,9,6,12,20,21,17,6,1,5,11,7,5,3,3,1,13,9,17,5,12,13,9,7,1,9,3,6,7,4,20,3,1,1,0,9,0,10,1,20,34,2,4,9,5
"COG0046",107,110,132,119,123,161,151,137,113,141,130,114,140,139,123,196,118,133,155,106,102,78,117,129,142,151,110,157,126,218,140,107,117,88,121,95,111,117,106,155,154,155,157,141,131,120,120,187,158,145,104,188,106,109,132,142,102,100,121,127
"COG0047",71,103,134,91,125,132,156,109,112,110,111,88,121,117,80,169,121,123,159,88,66,67,83,111,103,146,98,131,134,188,108,73,88,77,87,115,91,127,118,118,145,126,126,103,92,92,115,171,149,149,92,160,103,100,124,122,88,111,106,102
"COG0048",21,41,21,23,6,13,21,19,12,18,29,17,15,26,13,36,12,19,16,8,16,8,5,25,19,23,16,21,14,19,20,12,18,27,25,8,13,29,9,24,22,18,13,34,29,9,32,21,31,23,18,18,15,19,30,33,11,13,14,21
"COG0049",22,36,34,22,32,18,46,20,32,27,27,30,18,33,21,43,23,29,28,25,24,25,24,28,35,23,34,33,19,19,40,26,23,31,36,30,26,28,18,25,35,13,16,23,26,34,46,23,24,36,21,20,18,37,23,35,18,35,30,30
"COG0050",61,78,65,70,71,59,88,78,70,61,66,42,64,72,76,51,64,93,80,33,62,44,41,71,66,82,77,64,63,101,45,55,47,69,62,70,50,85,48,69,86,58,58,47,58,39,59,82,92,83,60,73,62,40,79,61,69,52,73,47
"COG0051",16,27,17,16,18,7,15,15,22,19,22,16,20,22,17,23,23,16,13,18,24,21,18,21,15,8,8,21,20,16,22,18,20,28,18,25,12,26,21,20,18,23,20,17,20,30,25,14,26,27,23,12,10,15,18,27,25,18,15,14
"COG0052",25,46,41,39,34,43,47,47,38,34,29,26,37,29,24,28,25,28,35,22,33,30,27,43,34,51,26,51,41,36,40,28,35,44,25,46,27,40,19,39,38,36,30,33,29,31,32,46,45,49,30,42,28,26,51,40,27,22,36,28
"COG0053",56,51,44,43,38,34,60,58,45,51,39,57,52,47,40,36,45,59,43,38,45,46,37,60,62,49,48,56,40,50,20,15,20,38,32,24,26,37,16,23,42,28,34,26,25,21,36,22,23,22,15,25,38,26,18,16,34,19,15,33
"COG0054",19,15,28,23,12,25,29,18,27,19,7,21,15,10,21,17,11,9,11,25,15,11,15,18,20,36,20,28,20,30,19,21,22,11,17,17,21,8,15,22,17,33,19,19,20,18,16,28,32,9,16,23,16,25,28,9,25,28,27,15
"COG0055",73,63,62,68,74,92,73,62,96,95,83,53,52,95,69,105,80,40,92,41,53,42,52,82,55,80,85,94,61,84,66,54,67,50,112,64,61,67,37,77,74,54,66,64,65,53,58,65,68,67,60,82,33,86,103,96,65,65,47,56
"COG0056",73,76,107,88,108,110,96,94,93,125,87,45,85,110,81,122,113,52,63,50,53,50,63,76,69,73,95,99,87,102,85,60,76,69,117,72,76,80,53,69,87,63,77,63,100,58,83,89,69,63,102,107,39,81,86,80,69,89,68,76
"COG0057",53,83,53,55,49,49,57,39,36,42,50,30,42,56,36,64,56,64,53,42,57,35,37,57,52,70,51,51,51,74,49,33,37,88,46,46,42,88,33,43,60,47,45,55,42,40,52,59,54,64,25,52,33,46,80,59,42,49,60,36
"COG0058",134,159,139,118,132,148,181,142,162,137,194,115,119,177,69,171,157,118,138,87,137,66,126,173,132,133,132,160,132,130,175,86,132,158,165,144,118,143,108,146,141,89,130,156,143,132,164,101,115,151,137,99,76,130,135,170,114,113,116,127
"COG0059",38,34,36,42,64,56,49,48,35,42,55,40,40,49,41,71,35,57,62,38,42,31,54,48,43,45,48,57,49,46,53,42,49,22,38,36,36,31,31,50,43,42,69,54,62,52,44,51,40,35,54,39,51,33,52,104,46,44,42,44
"COG0060",88,159,126,135,125,129,142,107,134,121,130,124,117,169,104,102,121,138,140,99,94,108,120,168,125,130,130,129,150,145,117,110,100,186,130,100,108,143,72,128,151,156,145,135,111,133,111,114,147,154,95,131,85,152,116,118,111,91,100,103
"COG0061",44,42,49,53,44,53,37,40,43,38,38,35,40,45,46,32,43,53,42,36,32,38,31,53,35,50,35,34,34,44,44,39,52,34,37,27,47,51,27,42,50,36,43,30,44,48,30,65,35,44,39,37,29,56,46,42,45,29,34,28
"COG0062",29,41,57,44,41,52,50,46,62,56,29,36,31,35,30,53,28,51,43,36,38,25,39,46,27,73,51,63,47,60,52,36,35,30,46,37,50,33,27,39,56,67,51,33,57,39,47,51,69,48,30,66,35,45,66,52,48,21,30,44
"COG0063",31,42,61,48,54,40,50,51,38,39,55,42,44,59,37,48,49,67,54,50,36,33,39,47,33,64,48,66,49,68,42,43,54,40,51,36,41,49,45,49,56,60,49,40,52,52,29,58,70,58,49,62,41,56,69,55,56,31,28,50
"COG0064",12,54,28,23,19,29,18,19,16,26,47,4,14,49,15,78,27,46,15,6,24,15,16,44,19,23,22,43,12,11,42,4,11,37,39,26,15,34,18,23,32,12,12,31,31,30,43,7,6,29,25,6,12,22,14,63,17,18,14,36
"COG0065",50,37,49,57,58,76,60,50,53,64,65,65,54,67,64,70,56,73,77,46,50,32,50,42,42,48,53,69,66,48,57,66,53,38,75,61,62,45,40,75,68,62,55,61,64,58,59,49,67,44,51,50,53,53,35,69,68,53,50,52
"COG0066",31,16,23,23,33,30,22,25,33,30,20,25,27,23,20,55,25,34,37,21,20,22,27,29,19,30,24,28,25,32,24,25,23,24,23,28,23,24,33,31,26,37,29,40,31,28,24,29,23,15,24,29,33,28,16,53,35,38,31,39
"COG0067",100,89,114,103,67,165,100,96,127,128,60,81,92,106,113,112,119,106,129,84,64,58,122,101,98,129,120,142,88,140,116,75,156,60,156,131,111,67,48,85,103,104,138,93,147,86,66,144,102,81,96,136,56,102,105,136,95,133,95,108
"COG0068",22,13,11,3,8,18,5,21,8,10,13,15,10,14,8,72,6,17,14,5,32,1,4,4,13,2,10,9,7,12,19,9,3,18,26,4,13,9,19,16,8,10,5,22,14,12,17,0,7,3,4,3,5,6,29,6,5,14,1,6
"COG0069",86,82,120,84,70,119,117,93,99,167,58,67,115,117,128,128,121,111,155,106,73,76,106,100,100,119,95,166,114,124,109,72,95,80,139,107,98,82,63,100,111,124,126,91,111,94,105,168,92,97,89,145,44,108,103,114,73,119,91,87
"COG0070",73,80,96,98,60,119,109,79,93,131,47,63,106,104,113,92,115,94,114,82,59,57,92,87,90,128,89,142,97,131,99,66,100,60,118,106,117,64,49,96,98,92,106,99,145,66,76,153,91,78,79,143,54,103,94,142,90,112,103,80
"COG0071",35,51,38,60,32,26,40,32,35,42,24,33,34,32,30,30,40,47,23,18,28,31,34,43,34,44,31,38,36,35,43,18,24,35,46,66,48,44,44,25,44,37,26,29,41,29,41,56,47,67,31,39,51,46,72,25,37,33,28,51
"COG0072",61,115,75,94,70,87,99,81,75,85,91,65,71,94,70,128,83,85,113,63,63,63,79,102,75,96,88,109,71,107,93,64,60,133,92,76,74,107,64,92,102,87,71,99,66,100,99,102,96,106,61,98,49,80,72,102,57,81,72,65
"COG0073",129,200,146,196,138,139,188,140,153,163,164,130,138,189,144,215,153,196,189,124,132,100,133,196,184,198,184,208,152,171,169,140,146,175,187,142,176,243,131,169,190,167,156,172,162,185,158,217,179,191,190,163,109,151,191,149,140,139,175,135
"COG0074",35,9,2,6,1,5,5,16,7,12,8,5,6,8,14,40,2,8,10,6,37,24,10,3,6,9,2,13,8,8,1,19,15,19,4,5,20,15,9,3,3,4,6,6,14,12,4,2,0,3,7,8,11,6,28,30,5,6,5,2
"COG0075",17,12,31,27,19,20,50,47,29,22,13,24,22,29,17,32,17,25,20,34,17,43,17,22,40,37,28,32,36,42,24,43,38,20,38,26,52,13,54,49,31,86,57,27,14,36,19,12,63,18,15,13,35,43,25,7,50,20,32,18
"COG0076",44,9,0,10,33,29,10,29,19,13,12,21,22,0,49,1,17,23,25,42,45,20,25,13,21,1,34,7,25,16,7,36,26,18,10,20,25,10,20,31,16,18,30,38,19,33,9,1,1,3,30,19,38,19,22,17,25,16,23,17
"COG0077",33,53,32,42,43,35,39,36,27,40,33,24,40,43,52,44,52,47,49,31,41,28,41,37,30,33,38,59,38,44,42,36,52,37,36,40,32,48,23,35,45,33,43,38,44,30,32,44,35,25,24,41,26,38,60,54,33,36,26,39
"COG0078",62,72,61,53,69,75,47,54,54,60,63,46,55,56,44,65,80,78,56,37,71,52,47,42,62,45,61,78,51,54,74,45,56,66,71,64,62,59,53,48,57,51,56,58,44,32,64,42,49,28,52,43,48,77,56,57,82,36,65,47
"COG0079",73,94,74,77,96,110,78,89,126,81,63,121,85,107,87,94,123,74,59,103,65,81,92,88,105,86,93,103,126,55,83,129,89,56,103,92,106,68,98,100,80,76,107,75,94,88,143,48,61,99,91,56,89,111,76,69,110,79,85,87
"COG0080",24,39,36,30,25,24,23,25,20,21,19,26,32,27,16,26,24,30,19,24,19,19,10,31,19,35,23,29,18,33,17,18,25,33,26,30,30,34,30,27,39,21,20,21,16,30,38,39,40,37,22,28,24,30,27,26,29,19,25,19
"COG0081",22,47,25,50,44,35,38,42,34,27,28,32,35,38,31,44,38,45,42,25,30,28,34,43,37,22,54,45,33,52,38,26,34,45,34,54,33,44,48,47,40,53,30,34,31,30,50,39,63,50,47,44,35,29,35,44,34,39,38,32
"COG0082",30,35,37,41,54,50,49,37,43,45,44,34,51,41,27,50,49,52,54,24,39,23,29,36,31,44,41,41,42,43,33,34,41,36,31,38,48,49,27,35,46,31,45,43,43,49,40,41,33,59,37,55,32,56,25,53,29,33,30,36
"COG0083",9,6,4,5,3,6,3,4,3,6,9,3,4,10,5,12,11,16,3,0,14,4,5,1,3,1,3,5,3,2,10,5,1,7,7,8,6,24,6,6,8,1,5,10,9,8,7,1,4,8,2,10,1,9,12,49,3,6,6,2
"COG0084",54,56,54,39,59,62,58,66,62,55,52,62,52,60,51,65,39,65,60,65,84,52,48,53,59,56,57,49,57,50,53,57,64,49,65,54,67,59,51,35,62,41,51,71,62,42,59,42,49,64,38,55,57,57,52,68,71,67,51,63
"COG0085",134,195,179,173,192,152,240,202,146,164,208,151,169,178,146,177,187,173,190,124,152,114,148,195,165,186,200,173,173,222,165,142,169,228,203,199,148,198,187,215,194,196,194,180,142,123,163,254,216,171,172,185,167,135,188,213,144,191,182,159
"COG0086",143,204,234,192,151,182,217,145,170,183,207,152,159,171,150,118,168,201,242,122,144,106,130,183,181,217,182,220,168,212,185,128,155,224,134,151,179,224,93,218,199,181,220,181,156,167,139,257,214,178,158,229,113,153,217,173,138,137,143,106
"COG0087",14,13,19,18,20,18,23,17,15,21,19,21,20,16,9,22,14,22,23,16,18,8,12,23,11,15,22,15,16,18,41,27,21,46,36,45,27,50,50,40,43,37,29,34,48,33,46,26,57,50,40,44,34,24,48,59,37,40,28,38
"COG0088",31,60,39,45,35,30,50,36,28,29,37,29,41,41,28,45,31,35,41,37,47,27,32,49,37,30,34,45,34,41,35,37,40,47,35,31,35,47,36,30,49,37,19,34,25,23,38,37,49,47,35,42,32,28,36,31,26,34,36,24
"COG0089",14,24,21,25,24,11,25,22,21,24,17,24,21,22,11,24,20,28,17,16,9,14,7,25,12,18,21,20,12,16,25,15,13,19,13,17,16,28,20,20,25,23,13,25,21,9,24,20,24,17,12,22,17,20,19,27,22,22,20,17
"COG0090",31,53,47,53,32,45,47,38,33,40,54,39,31,55,39,57,41,50,36,24,32,25,27,45,30,54,40,58,35,58,42,21,34,48,46,39,27,56,25,41,44,42,27,41,47,32,34,48,60,39,46,55,24,33,72,44,23,39,26,27
"COG0091",18,38,27,25,24,23,32,27,22,27,19,17,20,27,14,33,30,24,18,20,24,16,24,34,27,27,34,34,22,27,24,15,15,26,22,25,24,19,32,27,29,25,21,23,15,19,29,27,31,43,22,30,20,19,31,38,20,29,21,34
"COG0092",30,38,29,33,38,52,34,40,33,34,37,24,24,43,24,45,25,38,39,22,21,26,33,41,22,42,33,45,24,39,39,22,25,39,33,32,30,53,25,30,47,38,19,40,31,37,35,35,46,50,27,45,25,34,31,49,30,26,32,32
"COG0093",11,28,16,23,17,27,35,16,17,24,39,21,18,28,18,18,7,38,19,13,23,5,13,29,21,21,23,34,12,21,30,13,12,23,31,28,21,33,12,16,26,21,19,23,16,21,26,24,26,25,18,22,18,26,27,27,23,20,20,22
"COG0094",25,47,33,30,37,45,51,32,26,23,43,28,26,35,24,28,35,24,24,35,23,26,22,50,40,33,30,47,28,34,36,24,26,46,21,32,35,31,41,30,26,43,27,35,31,27,35,35,41,48,35,33,32,23,36,48,25,36,39,34
"COG0095",13,22,2,10,1,8,9,14,10,1,27,26,16,18,23,65,8,12,11,14,28,22,7,6,7,8,8,18,4,9,6,17,13,17,14,9,12,18,19,8,10,4,11,7,9,13,8,3,16,19,15,1,12,7,17,47,5,20,6,7
"COG0096",16,42,30,31,20,30,25,17,18,20,17,10,12,21,11,25,24,29,12,21,27,17,13,31,20,38,23,35,17,27,25,13,17,34,28,17,20,26,20,15,21,21,14,27,17,28,24,20,31,52,14,21,16,23,37,36,15,15,13,24
"COG0097",27,51,48,40,22,26,40,20,24,46,33,35,28,38,34,37,28,36,27,16,46,23,27,27,31,31,23,37,26,38,32,20,22,50,34,31,32,48,13,32,31,41,29,30,20,35,36,38,56,39,26,24,20,26,56,51,27,19,41,25
"COG0098",25,42,35,34,27,33,39,30,37,39,31,21,34,38,30,46,41,28,26,19,22,23,24,32,34,41,27,38,30,37,40,25,28,35,42,29,31,38,30,21,34,44,36,26,26,31,52,39,41,40,26,42,30,33,44,43,26,30,28,20
"COG0099",18,27,24,23,21,20,23,21,25,19,27,16,16,24,19,22,18,22,18,17,14,19,18,25,15,22,19,22,15,23,25,16,16,18,25,28,16,20,28,23,27,26,9,14,26,18,24,28,25,30,20,22,13,27,24,25,23,23,23,23
"COG0100",24,29,22,23,26,15,25,20,21,25,28,27,13,22,12,24,21,38,18,19,24,15,11,34,15,28,21,33,34,18,30,10,21,32,22,14,20,19,16,16,21,20,28,27,25,15,22,28,31,40,6,25,7,20,23,28,20,18,19,13
"COG0101",37,48,45,59,47,56,38,58,48,52,52,40,41,56,44,45,54,44,31,24,28,33,50,58,39,48,48,64,52,34,45,27,47,59,59,61,38,54,34,43,64,29,36,57,52,38,52,31,34,55,33,40,38,50,34,56,64,33,41,39
"COG0102",29,42,29,21,19,21,36,14,24,34,25,29,18,26,11,37,32,28,32,16,26,10,14,31,19,38,21,23,18,13,29,16,18,42,21,17,27,24,17,27,24,23,11,17,21,29,37,20,23,39,23,26,22,18,27,29,12,28,21,20
"COG0103",26,29,20,31,23,23,35,25,14,22,29,21,25,35,16,31,19,27,17,24,31,7,16,26,20,42,19,22,27,22,24,22,15,27,17,19,12,21,27,20,21,21,20,19,18,10,31,36,32,27,19,31,36,21,30,34,30,25,19,34
"COG0104",55,67,65,65,79,67,60,54,50,77,85,51,78,79,70,73,68,78,73,41,51,46,65,59,47,75,92,82,80,61,62,40,54,52,83,81,62,55,42,61,82,87,63,61,91,61,53,56,65,71,58,56,46,79,69,83,55,82,58,70
"COG0105",12,7,1,25,12,5,2,12,6,5,12,13,8,3,5,22,6,7,6,7,16,16,6,2,11,4,6,11,8,6,2,8,6,10,7,13,6,2,12,18,8,4,6,8,8,4,9,1,6,21,8,2,14,4,7,6,12,7,5,7
"COG0106",24,19,28,29,29,32,31,41,41,33,29,19,35,23,23,34,32,28,41,31,23,20,27,29,28,27,28,41,31,23,30,24,25,23,35,32,28,15,34,32,30,33,27,28,47,22,35,30,38,27,26,31,28,22,30,41,26,17,33,34
"COG0107",27,32,42,34,24,34,30,25,39,35,40,22,34,31,22,39,41,38,33,26,22,19,37,38,38,32,31,20,33,28,38,28,24,24,47,38,35,20,17,21,33,27,25,23,30,40,28,37,32,24,28,45,15,51,33,50,22,23,30,42
"COG0108",28,36,68,51,45,37,51,72,55,47,11,45,56,29,62,42,36,27,63,43,27,28,31,27,59,51,39,44,44,70,25,40,32,21,34,55,63,20,65,66,39,68,45,34,39,37,47,70,67,28,46,71,45,65,53,9,51,60,55,36
"COG0109",10,4,0,0,0,0,0,0,3,3,0,0,0,0,1,0,1,1,0,3,12,1,0,0,2,0,0,0,2,0,1,0,0,3,0,1,2,0,0,0,1,0,0,1,1,0,0,0,0,1,0,0,0,0,8,3,0,0,0,0
"COG0110",90,88,74,132,137,119,105,142,146,111,83,170,138,88,146,130,105,95,125,210,119,186,166,146,164,110,145,114,152,87,83,112,106,56,64,78,73,33,147,83,59,61,68,76,67,80,92,34,78,49,114,29,113,83,29,55,79,109,69,69
"COG0111",70,89,48,97,76,93,66,83,67,78,73,92,60,90,86,227,87,151,88,61,96,91,89,71,98,92,94,111,72,50,81,75,83,97,95,82,93,122,67,87,106,100,86,111,59,83,73,50,46,72,72,74,49,75,94,139,83,93,86,70
"COG0112",25,50,38,41,55,53,58,51,45,57,34,40,51,62,48,102,56,46,51,37,30,33,40,57,55,63,34,64,67,70,52,49,49,75,53,49,33,49,47,52,77,56,45,50,58,44,51,81,59,58,49,73,45,54,55,56,54,68,30,45
"COG0113",28,9,8,9,8,17,12,6,14,9,14,5,4,16,3,31,7,16,11,5,18,11,5,5,7,5,7,15,3,8,14,4,8,21,11,5,6,7,7,14,12,1,7,8,11,9,15,3,5,9,4,7,4,14,18,5,5,6,7,8
"COG0114",12,15,5,2,8,5,1,11,9,9,11,13,4,12,2,6,2,14,7,6,14,6,4,5,5,9,5,9,4,3,3,13,4,13,5,6,7,30,1,6,8,2,2,3,3,5,3,4,4,2,4,2,4,6,6,12,14,1,8,1
"COG0115",63,57,82,64,60,66,79,65,70,63,83,79,55,52,74,73,72,84,69,62,58,50,59,77,78,58,65,56,66,44,51,49,55,49,66,59,69,64,67,52,65,53,63,62,78,54,66,59,68,55,57,84,56,45,59,67,67,56,60,56
"COG0116",50,37,59,36,42,36,83,38,44,56,69,34,41,50,23,14,39,38,39,13,34,24,45,51,23,54,46,43,39,39,48,21,29,39,54,50,46,38,20,41,47,33,23,33,29,53,32,34,48,67,36,51,30,37,45,19,40,35,36,37
"COG0117",14,12,24,13,18,22,25,14,20,17,5,21,22,19,18,26,16,16,28,13,12,21,16,15,15,19,28,19,15,30,32,32,34,15,43,28,42,22,38,47,43,44,62,39,37,39,35,54,48,22,27,50,27,50,41,33,47,35,49,23
"COG0118",5,9,12,16,8,13,8,25,11,8,7,11,16,11,7,11,13,10,14,15,8,9,4,17,16,10,12,12,13,9,25,29,19,22,26,28,33,13,28,20,29,40,26,28,28,21,33,37,32,16,23,23,39,27,31,36,25,28,33,22
"COG0119",93,82,140,116,83,99,102,105,119,135,55,81,115,99,106,113,119,116,119,118,77,73,128,135,113,88,136,129,125,110,100,120,121,73,116,108,117,83,89,126,113,157,126,97,124,130,132,141,118,80,131,162,81,110,95,125,123,120,150,105
"COG0120",7,13,2,1,3,3,2,8,7,8,19,6,12,10,13,16,3,4,5,5,15,17,18,3,3,7,7,4,5,2,5,11,10,15,0,8,8,2,4,5,3,2,7,4,7,19,4,0,0,0,12,5,8,6,9,44,3,7,6,7
"COG0121",8,3,0,0,0,1,0,2,2,0,3,0,0,2,1,0,1,1,0,2,7,2,0,0,0,2,0,0,0,0,0,1,0,2,2,0,2,0,0,0,2,0,0,0,1,0,0,0,0,0,0,1,2,0,7,1,0,0,0,0
"COG0122",15,20,8,9,18,13,15,16,15,12,10,5,8,13,10,7,12,29,17,4,9,12,10,22,14,9,13,14,8,4,21,3,9,29,16,10,11,25,10,5,21,5,9,15,4,13,17,1,10,15,10,6,4,12,7,0,13,7,10,21
"COG0123",0,1,1,2,2,4,3,3,1,2,2,0,1,0,3,1,1,6,4,2,0,3,1,2,7,1,0,0,1,1,2,2,2,0,1,1,2,1,1,8,1,0,3,0,4,2,3,0,0,1,1,2,1,0,1,1,1,2,4,0
"COG0124",59,93,48,59,81,67,75,72,71,63,66,77,65,55,47,54,40,72,60,42,43,69,38,80,62,82,59,66,59,87,61,61,61,77,55,65,50,75,45,76,69,75,57,67,53,52,55,67,66,72,46,51,65,56,53,56,72,67,69,49
"COG0125",23,27,5,13,9,16,10,15,8,6,24,9,13,26,9,40,21,20,16,1,20,2,8,15,9,26,15,9,6,6,17,5,15,27,14,8,6,23,13,15,24,5,7,9,16,9,20,4,10,13,14,7,7,6,7,23,7,6,6,15
"COG0126",24,38,23,32,34,33,30,24,20,28,32,28,20,23,21,27,25,33,26,25,22,15,29,21,22,17,36,48,27,20,68,48,44,68,38,38,47,68,38,59,61,58,49,46,45,41,62,46,56,62,24,65,55,61,36,56,38,43,45,48
"COG0127",25,26,38,43,39,26,34,32,36,35,50,41,23,48,15,41,32,25,28,17,35,20,25,44,32,37,33,35,25,31,34,20,31,40,39,30,34,33,21,27,33,46,28,35,29,32,30,42,37,49,29,32,32,33,38,54,29,30,30,33
"COG0128",25,22,32,27,23,19,21,26,41,28,30,29,30,26,22,25,25,29,23,18,23,21,17,22,33,28,25,18,20,24,51,22,32,31,48,47,35,62,45,60,42,50,41,50,58,44,44,45,44,38,39,75,44,40,43,45,43,31,43,60
"COG0129",90,55,95,72,104,96,102,93,75,82,82,73,101,86,87,103,110,108,109,77,68,69,96,68,71,92,69,105,82,112,98,87,72,55,103,79,72,48,92,79,88,77,80,84,83,67,60,87,73,61,52,80,79,83,106,85,104,77,80,76
"COG0130",31,43,51,35,36,49,30,27,31,40,36,28,29,49,21,39,36,43,62,22,36,24,28,42,34,35,29,45,26,48,42,17,37,42,25,30,37,42,28,35,33,43,24,38,26,41,31,28,33,40,31,32,25,30,27,59,28,25,33,38
"COG0131",21,18,26,25,23,41,19,27,41,43,24,28,24,22,32,28,41,32,42,32,28,27,37,29,36,20,40,30,32,31,24,24,23,17,45,34,30,14,33,33,26,33,35,29,37,27,23,35,15,22,21,30,37,33,27,26,42,22,34,32
"COG0132",19,5,2,9,14,10,10,23,18,14,5,22,20,14,33,13,11,12,19,24,16,20,15,12,26,9,18,12,16,9,7,26,17,14,20,19,24,4,19,16,17,20,9,17,18,17,17,2,2,8,11,8,18,17,14,5,18,13,23,13
"COG0133",36,28,43,29,31,50,48,33,38,45,36,28,29,46,41,98,29,38,43,30,26,32,42,27,38,46,32,48,44,62,10,21,20,29,19,12,19,16,22,18,23,25,18,27,21,16,19,21,24,15,20,27,15,22,28,29,23,23,18,18
"COG0134",29,24,36,23,27,24,38,27,32,20,31,21,19,25,27,56,25,23,36,24,26,15,24,17,38,41,33,32,32,23,23,29,34,20,34,33,26,16,31,29,38,33,23,28,21,23,32,32,23,22,21,34,30,26,51,49,33,34,17,44
"COG0135",10,3,13,9,7,7,7,10,11,9,10,1,6,11,8,26,2,5,5,7,7,8,8,7,2,13,9,13,14,16,27,13,12,11,20,20,18,9,15,10,15,32,9,15,12,11,26,14,32,8,15,22,19,14,20,27,20,10,9,27
"COG0136",51,50,40,47,37,60,56,25,47,55,39,49,41,60,35,56,42,40,51,38,45,30,33,49,49,62,56,61,52,54,49,40,49,45,34,41,51,46,21,25,49,52,49,36,48,26,39,49,64,56,36,66,32,53,60,68,38,37,38,34
"COG0137",47,47,45,54,80,63,55,49,60,55,53,34,78,45,79,67,74,74,59,38,48,43,52,59,52,72,58,74,64,67,59,32,46,54,61,55,68,54,71,56,66,56,61,46,63,54,55,81,78,47,46,57,44,48,59,44,60,55,52,48
"COG0138",55,56,81,76,63,72,75,71,60,72,71,87,81,64,96,72,69,83,102,74,55,60,82,56,92,75,88,64,98,119,68,92,85,55,61,60,74,50,85,82,78,129,76,75,83,76,85,121,86,76,78,84,82,79,87,62,65,85,73,79
"COG0139",33,34,26,20,27,43,38,37,32,41,18,26,32,24,29,22,35,28,23,31,18,21,32,27,28,19,31,25,20,30,30,35,30,17,22,32,24,16,36,21,21,31,32,32,41,23,25,19,27,19,25,17,31,28,20,26,35,32,31,37
"COG0140",20,16,13,24,31,36,31,34,31,25,11,24,29,16,23,34,29,26,22,28,21,17,27,29,24,11,24,15,26,28,28,35,17,21,29,27,28,13,40,31,19,26,33,27,29,28,28,25,26,32,19,18,34,28,19,11,27,33,39,27
"COG0141",36,29,47,36,36,53,38,37,43,49,26,36,50,33,42,62,60,44,44,43,38,23,40,33,47,57,47,54,48,53,42,35,39,29,37,38,48,35,32,38,45,60,64,34,51,49,38,43,50,19,31,46,62,44,46,58,46,46,42,47
"COG0142",47,64,82,78,61,67,108,76,46,64,50,76,79,52,66,64,57,67,61,64,66,52,74,53,57,117,72,70,74,108,55,79,65,32,45,65,84,53,68,66,52,93,58,56,68,68,91,126,106,93,54,78,66,56,92,58,60,85,60,55
"COG0143",60,121,103,84,84,73,113,96,74,85,91,64,92,133,89,98,81,111,82,53,70,51,72,100,93,92,82,113,85,104,79,62,77,103,110,85,78,115,64,78,95,82,80,109,75,82,96,114,104,100,77,90,51,104,78,105,66,83,80,83
"COG0144",58,87,85,63,67,75,68,57,80,67,94,50,64,108,53,64,78,59,89,50,60,61,57,67,72,55,80,81,72,67,111,53,63,77,98,79,63,92,64,61,108,45,53,73,68,55,65,51,61,73,67,68,66,86,57,43,70,63,57,72
"COG0145",3,5,4,3,6,2,7,11,3,2,8,7,0,0,6,4,8,6,8,1,4,9,1,2,5,3,1,1,7,1,5,9,5,5,31,10,1,4,1,14,6,1,3,8,1,4,4,1,0,4,8,3,0,3,5,36,4,0,5,2
"COG0146",0,0,1,0,3,1,3,2,2,2,0,0,1,0,0,3,0,0,0,1,0,3,2,0,1,0,4,0,2,0,1,0,3,0,0,0,2,0,0,1,2,1,1,0,0,1,2,1,0,2,1,0,0,0,0,0,0,0,2,0
"COG0147",64,41,76,58,67,64,78,64,80,59,63,55,73,56,64,86,50,56,74,83,55,50,48,52,59,86,57,41,56,59,43,78,86,36,60,79,87,46,75,41,65,61,77,70,67,72,56,61,39,64,61,61,90,78,61,76,78,80,68,82
"COG0148",72,57,55,60,74,75,49,67,48,71,69,57,61,65,85,54,55,61,64,55,64,46,73,62,81,72,82,63,53,81,70,78,76,55,73,51,65,61,48,78,51,57,73,47,52,75,56,45,70,88,71,58,44,67,39,57,62,73,56,70
"COG0149",28,52,16,33,47,39,27,24,44,34,46,40,34,51,23,64,40,39,35,29,33,35,31,55,26,17,36,40,23,17,37,30,19,50,35,28,49,44,32,39,49,24,44,33,36,45,43,11,24,23,35,19,19,43,36,55,39,25,41,34
"COG0150",40,38,64,46,46,57,33,32,42,41,56,41,48,39,46,50,40,67,49,41,50,33,36,49,61,46,55,62,50,66,42,26,35,45,45,48,41,50,25,60,57,38,44,61,39,38,53,52,41,50,31,72,40,49,37,59,51,52,48,52
"COG0151",25,22,26,26,34,34,28,29,28,20,28,17,21,28,27,24,18,29,25,22,21,14,23,21,21,38,30,35,18,23,65,35,40,33,49,38,46,48,26,51,61,50,58,59,60,44,36,66,42,46,42,65,46,43,49,69,65,43,35,41
"COG0152",43,35,59,45,49,55,54,31,36,29,35,57,44,40,33,28,54,46,42,26,43,29,35,54,43,48,47,45,49,40,41,45,36,37,35,35,37,37,20,52,39,41,45,54,41,44,43,49,47,45,37,47,43,34,38,30,57,30,43,38
"COG0153",58,55,62,63,62,65,69,50,56,47,51,33,63,53,48,67,72,52,53,50,41,37,62,57,38,44,65,46,62,61,64,42,51,38,47,61,43,69,54,54,67,43,51,71,46,49,51,51,63,82,44,64,54,50,51,56,42,48,46,52
"COG0154",20,49,22,21,13,29,31,26,24,32,69,15,28,52,11,68,17,61,14,9,28,12,26,54,16,22,26,34,11,11,51,7,15,56,49,27,24,42,15,25,48,9,11,19,31,31,27,8,11,27,13,6,10,21,28,73,13,22,12,33
"COG0155",15,4,2,1,4,1,2,8,9,5,20,5,1,17,2,9,4,8,6,3,29,13,2,0,3,1,4,8,0,2,3,5,6,3,11,8,10,2,3,4,3,1,2,3,0,6,2,0,0,0,3,3,1,1,13,11,4,4,1,1
"COG0156",47,37,26,43,113,94,54,108,100,56,8,93,131,17,101,23,67,57,92,101,88,89,77,45,169,53,108,57,114,84,30,105,122,65,39,126,154,55,123,115,77,97,131,68,111,73,60,61,67,77,67,92,259,67,62,21,98,72,125,63
"COG0157",30,23,28,41,34,40,35,27,43,27,22,32,33,32,37,41,23,18,40,38,25,33,24,33,49,37,34,31,43,40,38,46,50,28,27,38,26,28,31,52,35,58,36,42,32,35,34,35,26,59,24,45,39,47,40,26,42,51,44,50
"COG0158",14,4,2,0,4,2,1,1,0,4,3,7,2,2,0,1,2,1,3,3,11,2,0,2,3,1,2,1,2,3,0,3,2,4,0,0,1,0,1,2,2,4,1,1,0,2,0,3,1,2,1,1,5,2,8,3,1,0,0,0
"COG0159",24,18,35,19,28,23,35,23,29,32,25,28,33,36,37,40,13,30,26,25,23,20,20,22,27,47,34,26,26,45,29,32,29,21,37,28,30,24,26,28,19,42,24,33,30,27,23,46,38,26,25,45,35,23,27,32,36,32,34,44
"COG0160",11,7,2,3,0,20,7,6,4,8,3,1,2,9,1,27,1,3,3,2,11,0,1,4,3,4,3,10,0,2,12,4,3,11,15,4,16,1,8,7,9,1,2,9,19,8,19,0,1,17,0,6,4,5,16,49,4,12,1,10
"COG0161",23,10,4,12,42,55,7,50,53,29,10,33,41,9,40,36,26,33,46,42,22,36,20,10,38,16,30,10,35,27,16,39,42,21,26,43,46,19,33,56,13,36,57,32,23,39,22,2,1,19,26,21,53,27,17,8,58,35,51,20
"COG0162",45,72,52,63,60,65,75,48,48,61,62,59,47,69,48,53,56,70,57,52,41,39,61,45,31,74,63,54,55,80,50,58,51,78,45,45,52,49,56,45,52,72,73,55,47,47,59,75,64,65,35,52,35,47,60,66,53,57,38,52
"COG0163",6,9,3,7,1,3,1,9,4,2,5,3,3,6,2,18,8,6,8,0,13,12,2,3,13,1,6,1,8,3,7,1,4,5,11,2,1,2,3,11,5,5,4,3,3,5,15,0,1,0,0,4,2,3,9,2,6,6,4,1
"COG0164",27,36,34,30,33,31,32,25,28,32,32,36,29,30,24,33,19,25,31,26,23,24,27,30,36,32,27,28,32,38,34,24,17,37,30,34,42,21,17,34,38,41,29,32,28,25,35,48,22,43,30,30,36,42,29,29,23,30,28,25
"COG0165",44,42,86,72,59,82,56,75,55,68,67,40,44,63,49,79,66,51,72,50,33,34,66,59,49,74,61,77,58,81,56,71,49,38,65,56,65,65,53,48,69,76,60,51,68,60,53,85,89,51,48,84,63,68,84,65,51,64,47,51
"COG0166",51,76,55,56,80,74,63,70,57,59,93,62,67,75,53,119,82,66,64,60,39,34,48,62,67,76,60,63,54,67,30,38,31,34,30,50,33,40,40,33,34,33,42,36,44,23,40,32,27,52,28,30,23,42,30,40,47,29,22,33
"COG0167",63,47,49,50,51,69,48,73,58,63,71,70,85,70,50,92,52,57,71,73,80,52,61,55,67,39,84,97,57,60,61,56,59,40,46,57,90,37,73,78,73,67,78,66,68,78,67,32,27,54,66,45,81,56,59,145,77,51,64,74
"COG0168",116,104,113,121,174,139,134,118,149,144,137,125,132,140,123,136,149,149,124,119,82,112,133,135,125,111,153,148,118,97,145,122,137,133,156,140,174,143,133,127,162,122,143,135,126,132,128,68,104,106,116,149,140,144,86,108,117,113,124,133
"COG0169",45,43,49,43,46,41,47,50,39,34,60,44,32,53,28,45,51,54,37,39,37,33,23,43,40,56,37,55,35,44,47,40,34,44,51,49,56,51,30,42,43,49,39,44,33,45,44,31,43,49,30,38,41,33,57,49,38,41,37,43
"COG0170",0,0,0,0,0,0,0,0,0,0,0,0,0,0,0,0,0,0,0,0,0,0,0,0,0,0,0,0,0,0,0,0,0,1,0,0,0,0,0,0,0,0,0,0,0,0,0,0,0,0,0,0,0,0,0,0,0,0,0,0
"COG0171",49,69,76,87,70,52,76,57,70,62,54,56,66,58,60,71,77,78,85,50,38,36,63,77,75,64,81,75,78,92,60,61,58,62,74,57,42,84,59,74,86,82,59,70,47,37,88,65,89,80,59,87,51,89,51,75,61,56,40,69
"COG0172",53,75,59,75,61,64,62,61,40,52,75,55,38,56,55,81,75,70,68,35,47,27,46,53,51,63,90,76,48,64,32,20,25,33,38,37,34,32,18,20,37,32,20,28,33,24,30,24,37,48,23,29,14,30,27,41,28,34,13,30
"COG0173",59,108,88,98,57,88,99,71,82,87,84,65,71,83,69,100,56,136,81,71,61,49,67,108,72,81,66,90,82,76,96,38,81,116,88,76,79,110,55,89,75,83,60,117,89,92,85,81,78,109,68,67,54,74,62,80,71,67,63,104
"COG0174",45,54,25,43,57,43,35,31,47,53,79,39,46,85,48,81,50,62,54,30,58,33,49,46,46,36,49,53,32,11,50,26,32,48,51,51,33,59,22,40,56,16,31,42,47,82,41,8,15,21,38,30,23,56,49,100,33,34,48,33
"COG0175",36,31,37,29,34,33,33,57,64,45,11,32,37,14,30,7,41,22,47,35,46,37,31,27,65,21,42,56,35,18,31,51,33,30,36,38,54,25,64,43,24,40,45,58,39,38,55,11,13,33,19,20,50,45,14,7,49,36,27,41
"COG0176",48,29,15,15,40,34,11,31,41,34,45,22,22,34,29,62,15,30,13,35,50,21,20,33,33,13,29,20,28,9,22,33,26,13,31,32,16,25,25,21,15,9,16,33,22,30,20,4,5,15,41,9,32,25,41,56,48,36,24,24
"COG0177",21,45,30,30,48,32,36,24,35,35,34,36,31,26,37,34,39,42,39,20,29,20,29,30,21,33,34,36,33,32,20,13,13,24,9,17,12,21,10,17,14,17,14,18,18,16,19,24,21,17,17,18,17,15,18,19,13,11,19,18
"COG0178",103,171,198,222,183,154,180,176,179,197,126,167,166,145,172,180,167,168,214,140,125,126,140,158,182,213,186,221,184,282,148,153,172,183,139,167,138,198,127,171,205,249,216,166,183,135,165,246,272,187,109,222,161,179,181,232,173,148,139,132
"COG0179",25,24,11,19,30,19,30,25,18,21,11,28,14,20,21,30,28,24,30,41,21,21,22,12,24,23,10,24,18,25,16,27,23,11,11,16,20,10,17,24,26,35,21,22,23,22,12,37,40,19,18,32,26,28,47,44,34,16,26,3
"COG0180",41,64,46,55,52,53,52,62,56,50,69,50,44,68,45,50,44,45,47,44,52,42,56,72,36,70,57,62,53,61,51,44,51,69,52,55,55,50,56,58,59,58,52,58,46,35,59,64,73,72,27,60,53,34,48,72,51,42,47,66
"COG0181",14,4,9,4,9,14,9,9,17,14,21,2,5,10,10,13,13,6,2,2,21,13,5,8,4,3,9,10,6,5,14,5,8,15,12,8,4,7,5,14,13,6,6,7,19,10,14,1,6,3,4,4,3,8,12,10,7,11,6,21
"COG0182",1,11,1,7,4,4,4,9,1,3,6,6,2,1,3,0,2,16,3,2,2,9,1,9,3,2,7,5,3,1,3,9,7,14,12,5,3,11,2,12,19,8,2,12,7,2,3,1,2,4,10,4,1,16,2,5,9,16,3,2
"COG0183",32,12,9,6,20,13,18,9,11,14,19,9,12,24,8,1,16,18,9,4,25,12,2,11,5,12,14,10,6,10,21,15,11,25,26,23,17,20,9,13,33,7,15,12,20,18,21,2,6,18,19,15,11,16,53,18,10,5,22,14
"COG0184",17,18,16,17,5,15,25,17,23,13,21,19,11,15,13,23,18,18,13,20,9,24,13,23,17,20,9,18,9,13,19,16,13,19,19,17,11,16,26,11,12,20,13,10,13,11,19,26,13,19,14,13,27,17,18,12,23,7,18,17
"COG0185",19,15,16,28,22,15,21,19,8,12,22,16,21,9,18,20,15,22,16,17,20,11,9,25,15,10,21,33,14,13,21,16,13,20,7,15,11,19,29,21,15,19,17,11,16,16,17,12,17,30,17,21,26,15,21,18,22,17,17,16
"COG0186",16,27,14,23,8,16,18,10,6,19,19,8,12,25,16,22,24,28,16,10,15,9,12,19,17,18,16,24,11,21,9,8,6,14,9,9,3,15,7,9,4,5,12,6,3,8,10,12,16,15,8,3,4,8,12,11,2,7,4,7
"COG0187",175,184,211,226,187,152,189,194,165,181,193,146,180,184,154,145,175,172,194,115,128,97,153,153,152,197,174,199,171,149,183,140,140,212,183,195,197,242,129,160,177,138,151,166,189,130,179,183,156,184,113,181,141,177,179,181,129,157,138,154
"COG0188",147,216,243,262,229,193,249,181,196,231,235,173,194,243,169,221,211,229,208,148,157,95,173,212,192,208,214,244,225,253,217,146,191,241,182,182,210,251,150,212,226,187,207,205,187,159,214,213,219,218,144,226,147,192,178,266,155,168,182,163
"COG0189",14,11,4,48,3,1,10,2,1,11,4,2,8,4,8,0,5,4,11,17,15,6,13,10,10,8,9,3,3,5,4,2,7,12,4,5,15,7,4,7,11,1,0,9,3,10,3,4,1,4,12,3,6,12,13,1,4,5,6,12
"COG0190",42,46,41,51,48,49,44,49,24,30,45,33,38,40,50,56,34,66,46,47,38,22,33,34,39,49,50,55,48,59,21,15,15,27,19,19,19,28,14,21,24,29,18,20,17,26,22,30,23,25,20,30,9,23,17,27,23,24,19,21
"COG0191",70,79,71,60,52,51,45,63,41,57,103,55,48,112,46,190,68,103,58,36,71,82,47,58,46,58,39,62,61,74,70,59,43,70,89,64,67,94,51,62,76,70,37,67,43,40,59,85,75,66,45,50,47,46,95,82,56,62,54,54
"COG0192",55,68,72,87,75,70,96,50,68,75,95,62,83,75,57,52,61,59,54,44,51,63,45,69,72,71,74,72,78,88,71,57,73,97,97,70,68,69,55,83,80,80,56,63,62,79,69,102,89,58,64,71,53,70,58,82,65,58,68,83
"COG0193",22,63,25,29,38,33,27,19,27,29,42,28,30,31,23,51,35,27,28,25,22,23,25,32,25,27,43,34,40,27,25,16,33,21,28,31,25,30,26,32,38,27,25,31,24,28,23,24,18,33,14,27,20,35,30,30,23,37,18,29
"COG0194",35,45,55,48,39,41,47,39,48,57,55,40,39,51,34,26,32,46,48,41,31,23,34,49,35,47,41,46,33,48,59,44,33,47,60,50,37,39,31,38,37,53,32,52,35,51,41,34,53,44,42,27,31,33,26,70,38,40,26,51
"COG0195",64,74,80,65,52,57,78,55,48,56,76,54,83,55,43,49,64,56,64,41,42,39,58,61,58,74,75,57,62,88,73,47,60,80,36,53,58,73,76,48,74,77,50,55,51,43,59,87,90,48,46,69,76,48,81,61,49,52,62,59
"COG0196",39,36,55,48,29,30,45,29,28,39,45,33,32,35,36,53,42,44,46,17,30,35,30,22,44,52,36,44,23,35,41,35,32,31,25,31,41,51,22,32,29,39,33,37,44,35,39,61,50,42,23,42,21,44,47,50,24,27,32,41
"COG0197",24,36,28,31,24,28,29,23,25,21,18,24,26,31,20,44,30,19,26,27,21,21,22,43,17,35,26,22,31,32,33,28,33,34,35,27,20,25,29,24,30,25,24,26,38,18,26,25,38,40,32,29,22,20,32,15,38,31,25,32
"COG0198",18,35,23,26,15,18,20,12,7,22,37,13,16,23,13,24,16,20,11,10,24,14,18,25,17,31,22,22,18,25,21,14,16,15,13,14,25,21,8,13,22,28,12,10,17,19,22,28,34,27,18,23,14,16,29,34,12,15,12,11
"COG0199",6,8,11,19,8,9,21,12,13,11,13,13,8,10,8,5,9,5,12,13,11,14,8,12,12,17,7,19,17,15,9,14,9,7,4,14,15,10,16,12,12,18,12,18,13,17,21,18,22,9,14,9,9,9,15,6,15,14,8,10
"COG0200",26,24,23,26,25,25,27,25,25,28,27,22,17,27,20,36,23,29,13,18,31,28,24,22,20,24,24,38,21,28,35,13,26,26,19,28,26,32,31,26,25,24,20,30,28,23,48,26,29,30,10,26,17,22,29,28,26,28,29,30
"COG0201",57,80,84,83,80,49,87,49,71,72,86,54,76,80,37,74,66,77,68,43,75,33,61,67,56,73,70,84,63,72,81,49,48,73,49,66,76,75,62,55,76,73,59,64,70,62,96,79,115,80,42,67,73,64,87,86,50,49,55,67
"COG0202",31,65,54,63,54,54,63,45,44,51,54,46,35,47,27,61,48,46,45,40,56,24,41,69,46,85,58,49,38,46,57,43,34,78,53,47,43,58,39,37,50,39,41,50,48,42,68,47,46,72,38,45,44,34,63,58,43,59,48,53
"COG0203",11,24,31,22,15,29,25,36,17,29,31,23,12,21,19,16,16,26,15,14,18,16,14,35,24,20,21,23,20,26,30,20,18,31,25,11,12,22,14,24,25,17,26,23,17,15,32,25,30,30,21,23,26,30,21,13,28,20,18,24
"COG0204",41,39,24,33,35,42,34,45,42,33,36,36,39,36,53,34,48,49,34,52,37,59,27,36,30,42,35,36,26,49,61,113,87,68,62,71,70,60,94,70,74,66,64,56,130,94,65,77,76,73,93,51,120,66,67,78,73,80,74,81
"COG0205",115,128,117,137,231,201,141,149,166,189,130,149,184,153,146,122,177,124,151,147,79,101,153,153,172,122,150,154,155,180,171,156,181,128,152,192,161,148,192,177,153,160,148,161,148,131,135,121,165,167,135,175,205,163,97,75,172,204,149,156
"COG0206",44,73,70,48,84,54,87,78,53,55,65,72,64,54,47,82,53,51,70,38,39,38,64,62,53,75,60,87,53,105,65,51,61,67,50,53,57,65,51,60,66,54,48,46,58,38,63,93,66,68,37,93,45,70,59,56,63,72,53,49
"COG0207",31,29,13,23,25,42,35,27,31,24,30,48,28,34,38,25,12,19,44,24,42,45,32,28,28,23,36,55,41,23,14,20,37,17,7,18,20,13,24,21,20,20,28,18,19,14,23,3,8,16,22,9,19,19,6,21,13,19,28,19
"COG0208",29,14,5,10,30,23,9,19,20,6,47,6,25,38,5,16,28,9,8,13,54,22,18,8,11,4,14,14,7,14,21,32,8,18,10,25,29,5,30,10,14,8,18,17,19,15,13,4,21,4,19,9,20,16,15,47,18,24,20,20
"COG0209",66,44,10,31,79,73,30,99,57,50,66,78,63,52,98,33,33,65,85,84,108,87,59,49,85,16,62,82,61,50,44,109,78,60,26,57,94,40,70,76,72,58,84,64,71,76,47,15,79,82,61,34,61,61,31,100,75,63,71,47
"COG0210",180,249,180,271,161,147,218,209,188,178,177,687,161,222,113,337,216,188,174,189,241,176,167,178,184,214,159,280,226,192,208,127,178,217,166,152,189,221,175,165,196,146,174,187,193,181,204,156,238,211,240,217,118,153,214,428,219,143,123,172
"COG0211",14,20,15,17,8,9,17,15,10,11,14,12,6,12,14,11,8,12,12,12,5,9,10,12,13,12,6,14,12,13,15,11,9,19,11,11,14,14,7,9,15,18,4,15,7,18,16,14,21,17,14,12,15,15,18,24,20,17,2,14
"COG0212",23,28,28,33,21,18,26,29,32,28,28,29,24,31,24,40,26,27,20,26,28,24,30,33,31,29,37,31,30,26,27,36,35,21,21,21,19,25,31,25,36,34,27,35,16,22,31,34,48,20,33,25,22,21,29,39,31,23,23,28
"COG0213",19,50,21,25,7,8,13,12,13,28,28,8,9,16,4,34,20,29,15,5,12,6,12,29,8,10,17,18,10,2,19,5,4,39,17,11,9,32,6,5,27,6,9,6,12,3,9,4,8,23,8,5,6,10,14,5,2,12,10,5
"COG0214",8,5,29,12,13,6,17,20,9,19,20,14,5,14,11,43,8,10,12,3,7,5,3,14,7,17,3,25,13,33,15,3,5,2,21,8,8,15,11,10,10,20,3,11,20,7,20,29,25,25,3,33,3,9,21,28,2,11,1,8
"COG0215",52,92,88,68,74,77,98,79,70,77,82,43,71,81,58,86,68,83,90,44,54,41,61,67,58,62,76,83,81,77,79,39,43,94,57,55,81,75,57,61,73,85,63,60,58,57,58,73,73,57,53,66,53,75,58,75,60,48,60,62
"COG0216",31,47,65,52,25,60,47,37,46,53,37,38,50,32,46,58,47,44,52,28,30,27,49,56,48,55,45,62,55,66,45,37,45,60,52,35,36,66,27,51,72,46,50,68,44,42,60,36,55,63,28,59,28,45,55,44,39,39,28,39
"COG0217",32,62,22,36,42,42,25,40,44,30,37,30,42,34,35,27,46,33,44,39,44,29,35,38,41,34,44,41,34,41,36,32,34,33,20,31,36,33,32,34,39,23,35,38,44,34,44,32,37,48,35,39,32,37,23,48,46,29,37,37
"COG0218",30,48,26,38,28,17,18,15,30,28,28,26,15,23,20,17,25,32,26,20,15,16,22,29,23,29,31,32,21,20,29,18,13,26,31,21,18,24,17,24,34,25,16,25,17,14,28,26,35,40,23,26,18,25,21,19,14,26,14,28
"COG0219",11,16,10,28,13,19,9,7,13,15,29,9,6,34,7,39,22,17,11,8,16,8,9,21,9,18,22,16,10,3,20,6,10,23,18,15,13,18,6,10,15,4,16,16,19,12,22,4,8,21,16,7,8,12,13,28,11,15,6,24
"COG0220",37,38,38,31,39,36,26,40,34,32,42,34,33,42,29,38,42,29,30,29,39,31,27,29,29,40,33,41,24,32,39,31,31,34,35,24,38,34,51,45,34,35,46,37,29,38,37,32,44,46,39,23,46,21,31,41,30,39,32,40
"COG0221",18,29,8,16,3,9,6,2,12,8,2,20,7,10,1,15,3,16,3,1,14,3,3,19,2,6,12,9,4,1,4,3,11,33,9,7,3,29,7,1,16,3,3,15,9,8,11,2,4,6,9,2,3,12,10,21,2,3,3,12
"COG0222",22,27,17,22,24,17,17,15,31,12,22,23,11,26,14,10,9,18,19,8,20,13,9,23,20,21,8,19,23,12,28,11,15,17,12,16,15,13,10,21,14,8,18,10,13,18,20,13,25,34,14,14,12,11,17,18,14,10,12,14
"COG0223",60,72,42,43,51,57,57,54,46,56,43,49,39,48,38,67,44,48,55,40,44,32,52,43,41,76,56,63,44,39,55,35,44,49,47,47,39,50,56,38,59,30,40,47,37,34,48,39,36,45,37,60,41,57,78,54,49,48,36,35
"COG0224",46,43,58,44,48,52,57,46,51,68,62,37,41,65,50,47,64,44,60,40,43,33,41,60,54,76,63,53,52,54,50,28,48,28,76,73,37,47,45,38,55,44,49,37,59,33,39,44,44,49,52,55,45,53,64,49,51,53,56,48
"COG0225",20,11,4,9,22,17,8,19,25,13,19,29,19,15,21,6,6,15,16,30,21,31,21,12,11,18,14,11,10,13,9,33,20,23,5,14,19,16,32,13,24,24,17,22,13,20,15,8,26,13,10,49,28,8,25,10,22,16,20,21
"COG0226",47,41,56,48,47,47,52,56,57,62,53,35,67,61,59,59,68,45,53,39,48,47,47,45,51,51,63,59,42,68,53,49,49,37,57,58,46,81,55,53,52,43,47,38,55,54,59,52,56,47,42,45,59,56,71,77,25,57,40,53
"COG0227",11,18,5,14,9,9,5,4,17,7,13,15,8,3,11,4,8,2,10,13,14,7,9,5,12,16,3,7,14,8,4,7,9,11,0,15,8,6,6,10,8,20,8,16,3,10,12,15,17,3,9,12,8,2,13,8,17,8,9,8
"COG0228",10,22,16,18,18,26,10,17,20,11,17,15,7,16,11,21,12,19,18,12,17,5,7,20,14,18,8,12,16,20,11,20,10,24,10,11,10,20,7,12,16,14,17,22,13,11,14,12,18,15,14,10,8,10,11,28,12,9,13,11
"COG0229",9,9,5,7,15,4,2,16,19,8,18,23,7,9,13,5,12,8,13,19,28,23,16,11,12,7,5,4,16,6,2,13,9,20,4,7,4,14,17,10,14,6,13,9,6,9,5,1,3,7,8,8,16,8,2,8,10,2,18,1
"COG0230",3,5,3,1,2,5,5,5,3,3,2,9,7,6,4,3,4,2,3,15,2,6,1,10,2,1,6,7,6,1,6,9,10,3,3,5,3,4,10,2,3,4,3,9,3,9,9,2,3,9,11,1,5,8,1,3,9,7,3,10
"COG0231",42,54,29,45,27,35,36,36,29,28,42,28,32,35,28,30,25,35,39,26,38,19,31,35,27,49,29,31,30,35,33,29,28,42,25,24,20,39,34,27,36,41,30,43,16,19,38,38,32,32,20,34,26,33,48,47,40,20,37,18
"COG0232",47,37,66,108,53,47,74,44,56,64,31,33,45,39,28,14,55,45,57,34,37,29,36,67,45,63,43,62,40,56,62,32,53,54,50,53,59,65,52,36,73,62,67,49,46,42,47,63,80,42,55,68,40,61,55,43,42,44,53,50
"COG0233",21,43,34,27,30,21,32,40,34,25,27,38,37,31,34,23,34,28,32,16,30,28,36,34,31,41,50,34,34,32,35,25,38,35,23,31,30,35,39,37,31,37,27,30,31,27,40,40,36,36,28,44,36,28,27,38,37,34,24,38
"COG0234",17,25,14,21,14,14,22,13,14,14,20,22,11,12,10,16,12,10,12,12,16,8,16,28,10,16,19,20,17,15,21,19,14,17,23,17,13,20,24,10,17,18,9,15,9,9,28,17,27,19,8,9,23,24,13,18,16,13,19,14
"COG0235",76,67,76,63,59,66,76,50,53,68,58,53,52,57,59,124,48,80,53,59,68,77,57,52,60,55,62,56,44,61,30,77,45,43,65,43,47,53,77,67,65,51,83,52,42,59,57,70,39,45,73,56,46,66,95,64,72,55,71,64
"COG0236",24,28,22,26,27,25,30,17,23,26,27,20,24,25,15,12,28,27,16,31,2,11,22,23,17,36,20,25,14,19,36,10,17,18,22,29,28,18,36,15,18,29,21,21,22,18,28,20,33,34,28,17,35,32,15,10,19,24,18,38
"COG0237",14,17,17,31,22,33,23,26,20,32,28,21,25,28,21,42,29,33,29,20,21,21,22,26,32,42,21,33,23,27,20,14,15,12,12,15,9,12,9,9,13,14,21,13,19,10,14,14,14,14,18,14,13,8,16,14,15,11,15,14
"COG0238",5,5,6,9,5,2,8,5,4,7,8,4,5,6,7,22,5,9,1,5,6,3,6,6,8,9,4,6,7,7,15,4,9,16,11,8,13,7,6,17,16,7,11,12,8,15,18,12,18,24,6,14,12,7,16,17,11,7,8,6
"COG0239",15,8,1,4,9,10,9,8,8,3,19,12,15,10,8,18,12,3,10,20,15,9,7,7,13,6,24,12,12,5,5,17,17,5,5,13,2,5,19,10,6,3,5,10,11,5,6,0,6,3,9,6,24,8,6,22,18,12,14,6
"COG0240",35,54,59,46,34,42,42,41,35,45,48,40,51,46,54,78,38,27,44,42,46,33,41,44,46,51,40,46,57,75,57,48,38,53,41,41,41,48,42,47,43,54,48,33,39,42,40,50,41,53,41,58,40,48,52,51,45,46,44,28
"COG0241",29,20,42,22,19,28,28,45,39,24,5,41,29,5,37,9,45,23,44,43,38,26,33,21,52,178,32,30,40,29,23,40,30,22,28,26,30,14,35,43,34,51,22,30,27,32,37,45,27,12,28,71,68,15,32,6,35,30,34,37
"COG0242",29,40,33,46,40,32,37,30,37,37,57,33,25,65,28,36,22,42,37,30,45,24,37,56,31,47,38,44,29,28,46,30,30,42,33,47,34,46,47,40,45,36,32,45,35,40,47,48,39,40,33,27,29,27,31,90,43,30,28,43
"COG0243",122,18,6,16,15,22,22,32,40,43,26,5,9,12,11,11,12,26,10,16,149,30,3,9,19,5,17,8,20,27,8,32,27,68,16,14,68,22,27,39,48,21,29,16,52,45,23,15,8,12,18,33,68,8,163,66,34,25,26,3
"COG0244",24,30,19,17,25,12,23,24,10,25,33,27,11,40,14,43,19,29,26,10,19,10,14,46,19,26,21,29,17,8,33,16,15,36,30,19,37,25,26,28,26,28,20,31,22,14,33,7,12,18,9,14,18,26,16,46,18,33,13,14
"COG0245",17,22,20,29,30,25,33,24,28,32,15,17,34,27,24,25,32,31,28,27,19,28,21,18,26,42,27,28,36,35,30,26,15,18,21,28,26,34,35,34,32,27,23,28,26,11,30,33,29,25,19,18,28,40,22,15,37,23,20,25
"COG0246",112,63,83,97,86,63,71,52,57,80,69,31,70,51,61,141,85,68,74,66,91,59,83,38,37,63,34,70,86,172,80,47,72,35,107,59,72,28,39,57,63,119,57,65,63,54,80,165,108,31,93,103,44,62,159,46,43,63,95,50
"COG0247",53,29,25,26,41,76,22,54,62,21,46,64,40,4,37,70,26,26,52,46,73,22,39,39,44,63,54,32,44,37,36,68,47,35,15,30,40,38,32,60,24,34,77,26,33,40,31,45,36,27,17,57,48,35,52,13,70,31,32,28
"COG0248",48,32,23,29,28,23,43,47,22,30,44,21,26,43,26,83,23,41,24,25,64,41,19,37,22,26,27,59,39,30,31,38,32,21,56,24,30,26,33,34,47,37,23,24,31,23,41,10,28,22,18,35,26,15,55,74,25,38,26,21
"COG0249",65,67,87,74,74,77,61,72,77,74,55,68,82,55,66,25,63,62,71,51,42,67,70,71,59,76,92,85,66,88,146,111,147,169,131,136,143,158,123,152,162,171,118,125,145,101,127,128,85,168,141,143,146,121,88,63,153,109,131,133
"COG0250",30,40,43,33,41,30,46,35,37,42,52,29,46,42,21,52,26,29,30,25,41,34,30,43,23,53,40,45,42,37,38,35,30,41,25,42,42,47,44,24,60,44,34,34,51,34,41,42,56,38,33,43,31,34,61,60,41,41,30,40
"COG0251",39,45,46,51,30,40,51,41,54,39,21,56,61,21,55,27,36,39,39,50,47,46,31,31,53,36,24,36,54,65,40,42,52,27,26,39,34,31,41,43,61,32,44,45,44,53,39,66,93,25,41,53,45,38,52,40,42,39,55,47
"COG0252",53,37,34,55,67,79,58,66,81,62,59,78,78,51,71,50,61,86,88,79,63,70,69,38,79,31,71,57,70,79,48,99,90,50,49,60,58,58,75,61,57,72,113,79,59,68,53,44,60,62,68,53,95,56,56,59,94,64,93,59
"COG0253",28,39,45,41,39,48,41,29,28,36,47,31,37,47,41,41,39,41,38,35,35,33,27,33,43,44,40,55,51,50,43,38,38,28,67,47,33,43,37,36,36,44,36,40,30,25,40,28,48,45,30,40,31,42,42,59,55,41,33,34
"COG0254",15,20,12,9,9,10,8,10,8,9,9,24,7,13,8,9,6,9,10,17,15,6,14,18,6,11,4,17,2,5,10,11,7,16,13,3,12,5,11,4,16,8,9,15,14,11,6,6,7,14,9,9,10,11,9,11,13,13,7,11
"COG0255",4,16,7,9,9,6,7,2,4,13,9,3,8,15,3,11,12,11,9,1,6,3,5,9,2,5,7,9,5,1,17,3,3,19,5,9,5,11,2,6,8,4,6,11,5,8,5,3,4,6,1,5,2,8,3,13,1,11,6,8
"COG0256",8,24,25,33,26,31,24,23,22,27,25,33,16,36,18,29,24,26,14,15,21,13,22,28,19,21,31,30,24,27,28,14,19,38,30,21,11,24,12,32,28,27,21,20,18,24,23,24,43,41,22,35,15,19,33,30,22,22,22,21
"COG0257",4,0,1,2,1,1,1,0,2,1,0,1,0,2,0,3,3,1,0,2,2,0,0,0,0,0,2,2,1,0,8,0,1,0,1,1,3,1,1,2,1,0,1,2,1,1,2,0,2,2,1,1,0,1,2,5,0,2,0,5
"COG0258",124,120,114,111,105,94,101,92,106,94,80,107,94,124,81,91,93,69,102,77,97,78,98,134,104,176,97,107,113,112,124,87,75,118,87,85,78,110,70,100,130,105,106,100,93,82,96,167,155,130,79,138,68,95,139,130,76,71,72,89
"COG0259",7,2,3,4,3,5,2,9,7,1,1,6,7,3,27,1,3,4,7,22,8,18,7,7,6,7,9,1,13,2,2,15,19,5,0,4,16,4,8,9,3,2,15,6,9,8,5,1,0,1,10,6,10,11,1,2,12,8,9,6
"COG0260",21,3,3,7,3,1,4,9,9,6,12,7,3,3,6,4,7,8,5,3,24,13,1,2,5,28,3,3,1,10,1,5,6,7,6,7,10,9,3,9,5,2,5,5,1,4,14,1,1,6,0,21,5,5,15,10,5,2,8,0
"COG0261",18,38,16,24,20,26,30,17,17,16,13,16,18,32,13,28,17,33,21,12,23,11,14,19,26,24,21,19,16,18,17,24,14,17,15,18,15,31,17,21,22,23,15,20,24,12,20,26,34,20,11,23,13,20,19,22,17,13,14,11
"COG0262",31,25,27,30,21,30,27,28,25,22,34,38,31,31,26,23,14,16,28,31,38,22,26,24,29,26,24,25,27,13,25,29,30,27,30,29,20,45,31,26,25,21,41,30,26,29,26,21,20,31,18,17,30,36,21,56,42,34,30,37
"COG0263",34,33,30,24,40,43,28,39,28,46,41,31,35,33,35,57,36,47,41,25,15,29,42,32,43,23,49,53,33,22,46,31,36,18,39,48,40,46,32,35,51,38,38,39,44,45,29,6,13,20,45,37,51,47,23,42,56,39,40,43
"COG0264",37,71,47,53,42,48,44,53,27,57,54,41,51,53,42,30,42,52,63,33,33,46,48,47,50,43,61,51,44,34,47,38,34,60,39,38,42,61,45,62,59,65,36,45,41,31,42,33,50,69,44,48,54,46,57,43,55,44,57,41
"COG0265",97,92,59,93,82,97,97,71,91,83,147,85,64,108,62,74,78,71,81,76,113,63,65,99,82,94,74,92,80,50,88,78,64,115,92,61,87,117,51,71,101,33,86,81,82,87,82,60,61,108,57,86,58,80,92,88,78,96,43,73
"COG0266",23,9,10,3,3,3,10,9,13,6,12,23,5,14,10,8,15,7,5,13,28,9,16,9,13,9,3,4,11,4,6,19,16,9,5,7,9,1,12,8,9,2,4,6,7,9,11,2,0,2,10,5,4,6,13,10,6,6,10,2
"COG0267",2,5,6,7,6,2,6,5,10,3,6,4,4,5,7,3,2,2,7,8,9,11,4,6,5,8,7,12,2,9,3,11,7,10,2,5,6,3,10,4,5,10,8,7,8,9,9,8,14,8,7,2,14,7,8,10,14,6,5,7
"COG0268",7,16,7,12,5,2,8,7,5,3,11,7,2,8,4,16,5,20,4,2,11,7,3,15,0,12,9,4,5,3,7,5,2,9,11,6,5,10,1,6,7,0,5,2,5,4,14,1,2,13,6,2,4,9,5,12,2,5,3,5
"COG0269",13,1,0,0,0,2,1,1,2,3,1,0,1,4,0,3,0,2,1,1,11,3,0,1,2,2,0,0,2,2,1,1,0,10,0,2,7,2,1,2,2,0,0,1,0,0,0,1,0,1,0,1,1,1,8,2,0,0,1,0
"COG0270",53,67,92,72,25,46,80,48,41,44,28,65,26,48,47,30,37,68,53,51,38,14,42,72,66,77,42,52,50,60,135,19,139,80,125,79,88,100,61,114,108,157,119,135,104,65,395,99,89,234,102,47,110,133,122,101,110,88,196,62
"COG0271",6,0,1,0,0,0,2,0,1,1,0,0,0,0,0,0,1,0,0,0,2,0,0,0,0,0,0,0,0,0,0,0,0,1,0,0,0,0,0,0,0,0,1,0,0,1,0,1,0,0,0,0,1,0,4,0,0,0,1,0
"COG0272",91,107,79,79,49,66,75,103,68,87,108,699,110,107,68,107,90,92,86,89,64,51,52,83,94,115,84,105,78,80,93,77,88,122,68,94,59,136,69,78,106,76,67,93,64,69,113,94,116,112,110,95,60,102,80,100,85,72,62,114
"COG0274",38,27,52,52,43,44,50,49,45,41,42,34,38,40,33,51,30,41,40,40,46,40,29,17,31,35,42,38,42,57,40,36,37,33,25,33,47,30,22,40,44,58,34,36,26,40,31,64,81,54,39,48,32,40,50,23,51,37,34,30
"COG0275",30,63,46,47,49,58,54,47,46,55,69,35,51,52,45,49,53,46,46,44,34,39,45,72,47,53,47,47,58,73,86,40,67,62,71,58,58,50,48,52,63,54,40,55,36,43,55,55,55,65,51,59,50,54,55,56,56,62,37,63
"COG0276",3,1,3,0,3,2,4,4,4,2,16,0,3,1,2,0,1,1,4,6,10,1,0,0,0,0,3,0,3,2,6,1,1,2,1,0,0,1,1,1,2,1,1,0,1,1,0,0,1,0,0,0,3,0,8,3,0,0,2,0
"COG0277",65,20,5,20,19,29,15,36,62,30,23,38,45,22,22,45,23,93,59,36,106,23,19,25,34,31,36,28,18,22,32,75,30,42,16,28,31,40,31,41,21,11,51,27,25,49,11,6,6,13,16,40,26,27,55,28,42,24,35,7
"COG0278",2,0,1,0,0,0,2,1,2,1,2,0,0,1,0,0,0,0,0,0,10,1,0,0,0,1,0,0,0,1,0,1,0,1,0,0,2,0,0,0,0,0,0,0,0,0,0,0,0,0,0,0,0,0,1,1,1,0,0,0
"COG0279",19,7,27,10,7,3,2,23,8,10,8,5,11,6,5,10,19,8,14,8,36,19,5,5,5,53,7,8,9,6,4,2,4,5,5,0,2,4,1,2,4,1,3,1,1,3,8,3,3,2,12,10,9,3,7,4,1,6,7,9
"COG0280",70,76,92,90,134,107,105,124,126,101,48,113,176,57,164,48,93,83,134,123,117,117,111,104,130,90,115,132,136,122,50,131,150,91,79,128,119,74,166,146,83,116,152,111,96,109,101,105,100,127,103,114,160,104,91,85,142,124,179,110
"COG0281",66,41,54,47,106,95,67,90,93,51,65,53,92,52,75,14,76,64,72,69,51,64,53,60,69,62,91,78,80,81,57,95,77,62,66,66,68,60,96,82,71,91,93,73,58,55,64,79,57,76,44,66,85,71,57,31,78,71,90,61
"COG0282",51,58,62,60,42,52,51,51,52,55,70,54,38,85,42,37,54,68,48,24,41,37,54,67,66,72,50,54,62,75,72,24,49,81,55,50,48,62,25,68,58,63,36,60,61,49,60,66,69,80,34,64,39,53,59,65,45,38,43,38
"COG0283",12,23,21,11,13,12,16,17,5,15,10,19,16,21,18,25,16,22,18,11,16,17,21,17,12,14,19,24,6,11,38,26,22,34,31,28,38,33,26,42,30,46,19,34,38,29,27,56,41,29,24,37,26,42,32,78,18,26,18,25
"COG0284",25,46,32,27,49,42,37,44,31,43,32,53,49,41,35,49,47,44,53,36,40,25,38,40,39,37,40,43,42,30,56,40,37,32,45,44,39,27,29,46,56,40,43,51,36,43,50,43,46,45,31,43,48,56,34,61,35,38,43,34
"COG0285",50,67,68,61,48,58,54,53,79,54,105,48,59,70,31,67,74,57,69,39,42,32,43,73,54,63,74,68,56,55,71,41,56,56,61,60,49,52,56,65,85,69,62,64,58,43,75,56,96,66,71,61,56,53,59,57,61,48,49,57
"COG0286",96,160,304,122,101,185,164,135,113,102,121,124,94,134,99,104,134,163,110,71,111,150,106,156,129,195,106,147,117,63,137,78,70,176,96,130,127,178,73,138,126,157,98,104,140,71,161,186,323,154,116,65,126,174,165,69,72,103,83,132
"COG0287",9,14,9,17,6,14,16,11,11,22,14,12,18,14,13,32,25,22,16,8,14,13,11,25,18,13,10,10,7,5,34,15,21,19,31,31,27,46,14,24,40,14,26,29,37,35,27,3,15,16,20,11,13,28,19,52,25,24,22,42
"COG0288",15,6,24,17,15,12,5,13,22,12,14,11,14,11,11,11,8,7,16,14,12,10,16,11,11,7,11,22,19,16,7,14,9,14,5,11,17,5,14,5,7,26,12,10,15,16,7,21,20,3,11,13,16,8,17,22,11,13,11,7
"COG0289",40,30,44,39,45,40,42,41,44,42,53,47,47,33,36,40,37,36,45,34,26,33,35,27,44,38,45,33,34,40,44,36,42,43,42,55,36,37,46,29,40,32,39,44,44,38,40,47,45,66,27,47,45,45,42,45,39,41,36,46
"COG0290",20,47,32,41,20,35,22,27,44,27,32,42,19,27,16,36,24,30,21,25,26,19,17,37,40,35,19,32,21,34,40,18,26,35,26,34,27,41,23,28,36,45,20,28,33,24,37,36,42,39,24,35,33,34,28,28,22,21,26,31
"COG0291",4,11,10,9,10,12,8,5,2,7,6,18,10,3,7,9,6,11,8,5,5,12,3,17,10,8,7,8,9,7,14,8,8,12,8,13,6,10,11,8,9,4,6,12,4,7,7,10,10,15,5,8,14,15,9,8,4,13,4,9
"COG0292",17,33,15,26,20,18,16,16,22,17,24,9,19,16,12,21,20,19,15,17,14,8,15,26,13,31,19,26,13,13,20,12,9,25,24,11,16,20,17,22,19,25,20,18,25,17,24,13,29,27,10,20,15,19,19,9,13,13,15,9
"COG0293",4,2,0,3,0,1,0,4,1,4,1,0,0,0,0,0,0,1,0,3,5,0,0,0,0,7,2,0,1,2,0,1,1,5,0,0,0,1,0,0,0,0,0,0,2,0,1,1,1,0,0,4,1,0,4,1,0,0,0,0
"COG0294",33,23,43,33,18,38,26,34,36,19,29,31,30,20,29,24,23,30,39,26,49,30,24,35,29,48,26,33,33,33,16,29,29,24,14,38,31,14,37,37,35,41,30,25,35,13,32,43,38,42,21,38,35,20,38,35,30,29,37,20
"COG0295",10,16,10,14,5,8,12,9,8,14,17,6,9,16,9,6,9,13,7,6,8,4,3,8,16,12,7,14,10,17,11,23,18,19,14,11,22,31,15,14,29,33,22,12,20,23,19,23,31,31,17,21,16,23,19,14,17,19,20,21
"COG0296",104,97,113,120,140,104,84,96,116,150,122,98,125,122,98,144,89,99,107,65,77,77,102,110,94,74,118,160,96,72,100,59,79,83,112,107,123,94,114,127,99,102,95,100,118,105,93,42,94,137,80,80,61,124,49,112,71,100,91,132
"COG0297",49,62,52,53,62,66,51,53,47,78,68,59,56,55,43,45,70,64,37,48,32,30,46,75,45,58,60,60,45,44,71,42,49,61,73,62,63,61,61,50,57,58,52,65,61,53,54,55,60,55,35,45,49,72,38,30,60,62,51,59
"COG0298",7,1,4,2,1,1,0,4,4,3,3,2,3,4,2,13,1,2,1,1,6,0,0,0,4,1,3,0,1,1,3,2,0,4,4,0,3,1,2,0,1,0,2,5,1,0,2,2,0,0,1,5,3,1,11,2,1,6,0,0
"COG0299",30,26,14,22,38,29,19,28,37,29,35,22,35,29,18,29,34,33,17,28,16,20,21,35,23,10,31,37,18,16,26,30,24,17,31,39,30,34,37,32,31,16,26,32,24,37,25,5,10,19,20,16,39,37,20,11,26,36,25,30
"COG0300",26,36,31,28,42,31,16,41,30,35,36,27,35,28,26,22,29,35,30,29,26,49,38,24,26,27,28,24,26,27,34,25,21,36,45,23,24,53,20,29,36,24,26,37,26,37,38,20,28,51,26,26,33,19,19,34,25,26,36,34
"COG0301",47,40,31,22,25,39,21,17,21,40,46,13,25,38,11,25,35,36,12,6,20,11,32,40,15,29,24,31,18,4,42,11,16,33,35,33,24,62,12,10,33,6,18,25,20,30,24,3,11,30,29,21,6,27,17,12,11,15,16,21
"COG0302",24,21,25,34,16,19,32,21,25,19,20,387,27,13,27,9,14,30,21,30,15,25,17,27,31,44,26,37,36,36,20,16,17,18,18,28,29,21,20,29,27,25,25,18,28,29,36,40,33,21,26,29,22,26,28,23,31,18,32,21
"COG0303",25,13,19,24,30,22,9,25,27,20,29,5,24,43,11,60,46,19,6,7,19,17,18,23,13,7,15,13,15,13,28,9,9,22,31,22,20,12,14,16,13,9,16,13,10,21,15,2,6,12,5,14,10,10,24,20,10,20,13,14
"COG0304",76,38,70,60,100,93,79,121,67,82,71,52,118,100,93,149,60,56,120,96,98,107,80,56,74,106,75,98,85,127,110,59,82,67,73,95,86,75,100,101,80,80,100,73,126,89,86,125,122,75,77,99,119,44,73,228,87,104,78,121
"COG0305",58,82,67,85,110,91,85,85,116,79,112,64,93,91,99,128,104,96,146,70,93,85,91,103,106,82,98,101,89,112,86,93,77,160,68,56,62,93,80,95,71,78,105,115,80,74,68,79,86,89,76,87,70,83,82,113,128,80,104,84
"COG0306",37,11,1,2,20,9,4,20,7,11,8,7,19,5,28,51,6,18,12,21,38,25,14,6,8,1,9,13,9,16,4,25,17,10,19,26,20,10,32,14,12,11,17,16,11,14,11,1,1,4,26,3,15,1,18,25,12,22,19,14
"COG0307",14,20,33,27,25,20,27,32,28,40,6,26,25,16,31,15,19,21,29,22,17,25,16,11,30,23,23,25,31,25,17,20,17,12,21,31,21,6,25,30,25,48,22,28,18,16,20,23,25,17,13,32,17,20,19,7,31,16,29,9
"COG0308",32,9,7,4,19,16,3,18,23,17,58,28,10,66,13,38,6,7,22,8,33,9,14,4,5,25,12,26,16,5,7,17,6,22,6,5,28,12,15,4,16,17,16,5,18,19,8,2,3,3,4,16,20,5,34,104,14,9,14,0
"COG0309",29,14,13,9,6,11,12,16,9,30,28,18,15,31,12,38,11,14,10,4,20,3,14,10,7,8,10,13,8,4,21,4,9,6,34,18,12,12,9,16,11,9,11,15,12,12,18,4,9,19,11,3,4,14,19,7,8,24,2,16
"COG0310",2,2,3,2,4,5,5,5,3,1,18,1,3,4,1,20,7,3,2,1,6,10,1,2,3,4,4,2,5,2,8,0,4,7,12,4,1,4,8,4,4,3,2,6,4,6,7,0,5,0,4,2,1,2,10,8,4,5,2,8
"COG0311",5,4,11,11,0,11,8,12,9,5,14,9,2,11,1,34,5,3,5,4,2,3,5,7,2,20,12,14,8,9,11,0,5,6,19,5,4,11,6,5,3,8,3,6,8,7,11,21,20,14,3,18,2,4,24,37,3,8,0,7
"COG0312",14,24,25,9,39,48,19,30,39,14,12,36,31,24,28,1,22,26,39,57,29,11,33,20,36,46,27,6,14,8,27,34,41,45,12,17,16,37,19,38,23,12,47,15,25,23,4,16,7,27,13,27,28,43,18,1,30,16,30,22
"COG0313",50,68,51,47,56,60,54,54,59,53,54,68,51,56,38,59,60,41,41,50,35,50,43,46,52,52,40,55,48,73,50,59,62,46,49,48,43,46,63,53,49,78,49,50,56,37,50,43,49,54,42,37,55,54,41,60,60,46,58,56
"COG0314",10,0,0,0,0,0,1,0,0,1,1,0,1,1,1,0,0,0,2,0,2,2,0,0,0,0,0,0,1,2,0,0,0,1,0,0,1,0,0,0,2,1,0,0,1,1,1,0,0,0,1,0,1,0,2,3,1,1,2,0
"COG0315",14,5,7,5,8,9,3,6,7,19,21,5,8,18,5,39,14,11,2,2,6,7,5,5,4,2,10,11,4,2,12,4,0,13,23,6,7,11,5,9,7,6,9,10,5,6,8,1,5,2,3,5,3,5,12,4,6,11,5,9
"COG0316",21,9,1,0,3,2,2,1,5,2,4,0,4,3,2,0,1,2,3,0,23,2,0,0,1,8,2,0,0,4,3,3,1,4,0,0,4,0,1,2,2,1,2,0,2,1,1,2,1,1,0,8,1,0,11,1,1,1,2,0
"COG0317",102,143,152,132,132,134,131,136,115,136,105,118,144,121,120,111,129,141,148,127,87,88,103,112,132,177,149,158,153,188,116,112,121,164,112,133,138,136,128,119,165,163,143,135,132,124,123,174,184,133,109,175,121,146,129,128,140,134,137,107
"COG0318",92,138,62,106,101,81,90,94,81,91,33,44,118,60,112,26,95,85,84,110,125,81,85,68,86,104,110,71,104,81,71,105,110,118,76,114,105,127,111,83,115,78,93,89,131,91,100,67,49,86,112,66,110,105,71,30,107,96,137,109
"COG0319",22,33,24,26,27,33,31,30,24,27,30,31,15,28,20,22,23,34,31,17,20,22,26,35,24,30,27,27,24,25,31,26,17,31,31,30,29,27,16,26,32,36,31,37,25,22,33,25,44,38,15,23,18,27,22,34,28,24,22,25
"COG0320",10,8,5,9,37,21,13,24,16,16,7,21,26,4,26,0,17,23,20,23,14,13,13,11,15,2,18,12,10,12,7,19,18,12,8,25,26,9,45,23,14,19,28,17,18,8,17,1,2,8,23,11,35,14,11,4,30,14,20,19
"COG0321",8,7,1,3,16,17,5,14,14,5,0,13,20,1,13,1,9,9,16,24,15,14,8,9,21,1,15,5,13,16,4,29,13,7,6,16,14,3,16,17,16,13,20,15,14,13,16,1,1,6,14,8,23,16,7,1,20,15,14,12
"COG0322",81,109,104,88,68,86,95,76,88,96,88,90,60,73,70,93,78,87,78,76,70,64,77,84,74,111,81,91,69,72,77,67,93,100,85,54,92,87,47,72,93,93,69,102,75,65,74,71,101,82,66,72,58,79,111,109,62,62,58,68
"COG0323",66,81,91,89,85,77,84,71,87,52,75,74,60,64,44,59,55,77,61,60,40,53,50,73,51,72,67,67,69,79,89,67,51,80,56,61,63,64,69,61,78,66,57,68,58,59,84,85,63,120,63,58,73,68,86,36,67,53,68,60
"COG0324",29,66,53,76,47,72,48,68,68,50,47,66,59,30,70,39,49,56,64,68,37,48,56,58,74,76,54,61,79,73,54,59,61,53,39,61,64,67,60,55,60,79,69,41,63,58,62,75,84,74,76,70,74,62,59,40,83,39,62,63
"COG0325",27,37,30,38,27,25,35,27,28,33,23,31,34,39,26,41,43,29,35,31,29,26,29,34,37,48,31,35,29,33,34,26,34,25,35,32,42,35,31,24,34,25,36,44,35,36,37,41,38,35,37,45,26,38,32,46,30,26,21,33
"COG0326",74,76,57,111,87,78,88,79,91,87,41,81,80,53,77,50,79,62,84,75,66,89,74,86,75,85,78,80,97,89,45,48,46,38,50,49,41,46,48,43,40,42,45,60,49,51,49,48,46,39,38,39,48,46,28,19,31,44,41,43
"COG0327",18,19,20,24,36,34,27,25,26,28,30,37,25,41,21,45,36,33,32,27,27,22,19,38,23,37,23,34,36,31,33,34,27,27,31,25,25,41,14,27,38,36,37,31,25,37,23,17,22,29,19,29,38,22,30,58,31,26,25,16
"COG0328",11,30,13,10,5,5,6,1,7,11,13,274,10,6,6,15,15,12,5,10,25,3,2,22,15,66,15,10,7,1,9,3,1,27,8,16,5,30,1,5,27,8,9,16,5,6,26,3,2,16,8,6,1,8,13,18,4,3,7,14
"COG0329",67,99,48,65,90,66,67,86,57,77,89,85,107,76,75,108,96,63,92,58,93,100,80,62,92,70,88,78,63,66,69,91,70,83,71,90,67,67,89,66,74,65,60,78,66,73,82,62,57,86,84,84,97,89,68,74,87,107,77,73
"COG0330",67,65,69,74,60,50,77,45,51,58,86,49,49,67,27,41,69,65,40,39,76,54,40,90,55,82,53,47,41,40,58,46,49,57,46,61,45,90,38,60,68,35,42,47,54,37,57,55,110,63,59,62,44,48,63,61,38,45,40,51
"COG0331",34,24,43,37,40,62,47,53,45,47,61,31,46,75,44,132,67,32,67,43,61,49,32,32,35,57,42,62,38,53,27,11,24,8,29,18,14,21,19,30,29,16,20,24,20,25,17,23,19,20,16,21,15,18,41,117,25,21,15,31
"COG0332",38,40,65,57,76,102,49,74,94,36,64,74,96,36,81,35,53,60,51,72,50,55,59,53,80,96,62,45,84,85,47,72,94,38,64,87,96,32,48,61,64,85,74,50,87,82,44,64,64,49,82,63,82,93,61,30,65,62,90,73
"COG0333",8,7,4,7,3,5,2,4,5,7,7,11,5,7,4,2,2,4,2,6,7,9,7,10,7,6,2,4,6,5,5,6,12,9,6,7,8,5,4,8,5,8,4,9,7,5,13,2,11,10,2,11,13,8,8,4,7,4,11,4
"COG0334",71,77,58,82,97,74,88,100,91,73,67,89,77,71,92,54,83,101,90,90,50,82,96,76,97,71,84,108,82,110,64,92,100,70,86,82,96,100,116,101,84,103,92,99,91,89,81,88,85,106,66,91,91,95,77,67,110,89,97,78
"COG0335",12,30,30,38,14,22,23,14,13,11,17,16,14,19,12,19,20,25,11,20,13,11,9,19,18,24,17,22,16,23,18,12,14,21,15,15,19,19,26,20,23,31,22,24,13,8,30,21,24,21,18,23,16,17,12,18,16,14,15,9
"COG0336",29,44,37,47,32,38,32,32,36,34,41,33,25,46,17,44,34,36,24,20,35,18,29,44,20,52,30,32,40,34,38,21,35,49,32,41,39,53,32,39,50,39,25,39,29,27,25,29,29,32,20,50,23,46,41,62,26,22,26,23
"COG0337",39,42,65,44,55,46,56,49,43,58,47,45,39,44,29,63,42,55,59,40,48,36,42,49,44,65,40,56,44,31,48,37,43,33,31,45,57,64,33,49,50,61,36,47,39,28,52,59,56,39,37,46,35,34,51,64,37,43,45,36
"COG0338",22,69,35,28,26,30,21,8,23,36,13,25,25,15,28,15,44,32,26,11,61,24,32,41,23,45,16,35,37,6,33,36,24,43,12,25,29,31,81,17,28,30,26,49,37,24,43,70,17,21,35,17,32,11,38,6,35,32,12,40
"COG0339",69,46,74,75,102,95,121,115,72,58,4,134,98,14,115,3,65,71,126,125,69,80,95,65,91,137,90,65,130,150,44,108,115,48,26,86,98,25,118,115,87,151,121,80,86,65,64,159,155,85,85,152,106,89,116,17,115,90,126,75
"COG0340",42,44,44,43,56,49,40,45,47,60,64,29,63,49,45,42,71,58,49,31,27,26,43,56,41,50,50,46,46,48,49,47,42,41,53,48,47,51,31,35,54,48,43,43,38,45,46,50,57,57,29,53,33,43,47,38,27,39,36,40
"COG0341",31,50,10,32,44,23,25,20,21,27,25,22,31,47,35,35,52,28,29,25,31,45,40,57,28,25,29,17,32,14,19,12,10,17,32,14,10,16,8,9,16,4,14,14,22,19,20,3,10,16,24,6,12,11,17,12,7,14,14,14
"COG0342",64,79,87,85,103,86,129,83,69,79,50,71,61,45,90,69,71,48,93,78,48,56,81,65,83,126,101,88,75,130,79,76,77,45,96,85,84,50,53,96,70,100,76,47,96,59,58,172,110,80,88,124,51,89,117,29,56,76,94,62
"COG0343",25,62,48,47,41,60,44,54,34,58,62,51,44,60,40,71,45,53,45,40,52,20,39,59,52,47,42,52,48,62,38,49,58,81,52,50,51,56,39,54,54,53,51,46,55,24,54,43,45,50,34,65,33,41,47,66,41,56,50,37
"COG0344",29,30,21,28,20,17,26,16,15,26,36,9,19,35,10,24,19,25,4,13,21,12,11,34,7,12,11,18,10,4,34,12,9,23,23,20,20,51,7,18,25,4,14,18,22,24,29,3,13,28,17,14,4,18,15,16,9,20,9,26
"COG0345",36,40,38,34,49,46,40,36,33,33,37,33,33,34,44,36,43,48,34,34,29,39,38,37,37,32,41,33,35,46,38,37,38,27,31,51,33,30,49,51,27,34,43,36,34,43,31,33,32,25,43,35,63,37,42,43,45,45,39,44
"COG0346",36,39,17,42,51,41,29,71,57,21,59,66,48,23,57,58,60,51,47,67,28,68,43,37,47,30,38,33,47,27,43,73,49,35,43,73,50,24,79,53,33,44,57,55,60,61,61,25,26,40,58,26,86,44,30,25,64,58,58,49
"COG0347",40,42,58,52,28,45,44,28,29,57,36,18,49,45,23,32,61,32,26,17,15,18,31,55,29,63,51,38,37,27,57,15,26,29,49,53,22,56,22,27,39,35,33,39,52,35,28,39,46,30,36,38,23,44,15,38,34,37,36,59
"COG0348",58,28,28,46,41,67,28,54,55,44,40,70,54,41,46,10,37,45,54,48,42,47,68,51,49,33,45,38,64,31,46,57,44,65,32,52,42,38,36,52,32,46,50,55,45,67,40,11,52,28,68,44,23,62,29,19,34,30,53,49
"COG0349",11,1,0,1,4,0,0,0,2,3,1,0,0,9,0,6,0,11,3,4,21,0,0,0,0,9,0,7,1,2,3,0,1,4,1,0,1,2,0,0,3,0,0,1,0,0,1,1,1,0,1,3,0,0,15,24,1,0,0,0
"COG0350",31,30,26,32,30,23,23,20,29,35,35,25,44,29,12,23,32,22,25,25,30,33,19,27,33,26,30,32,32,23,22,25,21,25,28,13,34,26,27,24,29,29,26,34,31,24,34,18,48,24,21,33,34,21,15,22,27,25,29,40
"COG0351",37,34,72,44,38,37,40,31,44,36,51,41,38,38,46,71,38,53,51,29,20,30,25,30,57,69,48,60,52,91,42,26,39,21,45,49,57,20,38,34,33,69,44,34,40,34,47,55,80,47,25,68,35,42,73,51,51,47,38,37
"COG0352",29,34,29,36,24,29,25,35,32,36,30,17,34,38,26,68,35,30,27,16,25,26,41,30,27,53,38,33,39,30,16,12,12,11,28,21,19,9,17,18,15,17,19,13,10,21,17,23,23,18,10,18,9,13,24,58,12,17,15,22
"COG0353",25,45,32,39,22,37,33,34,28,27,34,28,31,42,28,42,35,36,30,19,24,29,28,37,31,38,44,30,38,26,41,22,42,47,45,40,39,43,38,40,47,43,26,27,29,22,32,26,34,36,20,40,30,34,29,36,36,28,22,36
"COG0354",16,3,1,2,1,0,1,3,0,1,1,0,1,2,0,0,2,3,1,3,4,0,0,0,0,0,0,0,4,3,0,0,2,3,0,0,2,0,1,0,0,0,0,1,1,0,0,0,1,0,2,2,2,0,6,1,0,1,1,0
"COG0355",22,5,16,13,16,24,13,14,16,19,29,15,11,18,12,27,32,11,7,11,17,8,10,12,12,18,13,17,15,7,23,14,8,11,20,14,13,10,7,19,7,19,12,19,22,11,13,5,7,22,6,7,12,13,12,17,23,15,16,15
"COG0356",58,34,52,47,48,51,58,37,41,65,50,33,39,48,48,64,53,25,51,31,42,29,40,74,38,60,48,63,46,51,52,32,38,32,88,57,49,63,65,35,52,51,47,26,50,52,61,45,54,39,35,74,42,45,58,59,46,51,47,49
"COG0357",34,40,40,44,29,26,41,24,24,40,56,20,25,48,15,43,34,29,32,21,32,20,29,42,25,38,25,44,26,27,51,17,30,36,32,28,26,39,27,26,38,28,33,42,27,37,37,33,37,36,23,16,19,41,42,65,34,24,30,37
"COG0358",100,175,135,156,175,117,138,113,92,134,112,104,142,122,97,116,244,139,89,113,75,86,101,140,127,179,141,101,119,136,149,91,94,155,128,156,78,184,94,114,165,166,111,130,172,70,185,246,146,151,139,190,134,130,107,107,139,128,133,144
"COG0359",7,18,13,14,15,15,10,11,7,17,21,7,13,13,11,21,17,11,8,9,17,12,12,16,20,13,15,12,13,7,33,19,19,22,29,22,26,30,29,24,30,26,16,23,24,21,39,28,26,40,27,28,32,16,27,33,24,31,12,19
"COG0360",12,30,21,36,17,20,22,16,23,17,23,18,13,21,14,22,13,30,19,14,26,10,19,14,11,15,18,22,24,15,23,10,16,26,21,12,14,18,23,13,22,24,10,19,20,20,22,15,22,37,14,22,17,18,20,23,10,27,12,18
"COG0361",9,27,18,22,23,17,19,13,8,11,25,18,14,19,12,20,14,18,11,12,13,3,10,17,13,13,9,25,16,9,21,19,17,14,11,17,23,16,31,8,13,13,13,21,12,6,20,11,33,21,10,16,17,7,26,18,11,15,21,16
"COG0362",9,9,5,6,26,23,6,30,25,16,27,38,46,37,27,54,18,19,15,22,41,30,19,14,23,1,17,10,22,22,12,27,24,14,12,22,10,18,41,17,11,27,31,19,22,28,17,1,1,10,34,11,38,24,16,61,26,28,25,25
"COG0363",55,40,119,83,88,107,114,83,96,59,53,97,98,73,105,61,69,70,113,129,89,104,87,61,102,111,93,47,108,124,62,120,95,79,51,67,96,54,105,97,66,122,115,85,80,82,71,210,127,86,102,188,103,98,114,97,104,81,109,89
"COG0364",20,9,3,9,21,23,7,26,33,12,23,29,31,26,42,36,20,18,24,44,24,37,30,19,34,0,30,14,34,16,6,39,40,16,13,25,16,6,47,28,14,16,36,25,24,28,13,4,0,9,34,9,45,30,24,43,37,24,35,35
"COG0365",46,49,48,16,32,43,34,44,48,44,7,38,49,4,44,7,26,26,58,57,40,27,31,26,62,52,51,35,41,80,17,67,37,31,6,29,47,32,52,56,37,45,48,36,37,50,36,78,53,36,35,41,38,46,47,14,56,47,42,31
"COG0366",240,281,411,339,178,305,266,258,214,281,341,242,196,522,195,501,226,208,276,202,283,130,221,304,184,381,230,302,321,499,338,192,203,262,349,231,220,274,172,206,218,277,227,303,209,242,215,461,333,380,196,497,192,256,516,689,188,262,207,322
"COG0367",54,82,77,78,58,75,63,63,58,73,59,79,73,90,69,37,60,72,80,35,35,30,60,97,68,67,58,61,51,44,85,58,58,108,91,78,57,73,26,110,66,57,57,67,89,57,46,59,42,74,48,49,48,62,39,35,50,57,60,94
"COG0368",18,15,6,11,18,14,11,15,22,13,10,10,13,12,14,29,32,20,11,14,12,19,7,17,18,5,13,16,10,3,16,12,17,16,27,13,16,25,15,25,21,11,9,8,19,10,16,4,7,6,10,8,10,16,13,12,11,19,10,11
"COG0369",12,3,2,0,1,1,0,1,2,3,7,0,2,1,1,0,0,1,0,2,12,0,0,0,2,1,0,0,1,4,1,1,2,3,0,0,2,0,0,0,3,0,1,0,1,0,0,0,0,0,2,3,0,0,7,0,0,0,1,0
"COG0370",141,166,148,178,108,165,133,95,134,158,106,101,147,101,77,125,173,187,148,91,114,90,121,164,117,158,157,161,115,90,140,88,124,183,171,129,122,223,68,140,170,91,118,142,132,121,124,99,111,156,126,106,81,130,91,50,133,94,108,97
"COG0371",30,42,22,20,23,17,25,25,18,27,55,15,21,48,9,99,19,28,22,9,17,46,15,48,20,11,20,21,21,8,28,11,20,28,60,30,23,34,9,23,29,7,15,32,19,22,36,2,4,21,48,9,9,24,27,14,22,25,6,28
"COG0372",56,50,77,69,55,89,67,54,71,90,58,42,64,74,44,93,61,69,75,54,40,44,42,71,66,71,86,92,71,59,70,61,70,50,82,79,81,81,72,60,60,70,55,85,85,42,64,60,66,54,66,71,57,73,61,74,54,67,73,80
"COG0373",16,8,6,12,5,21,9,8,18,13,22,4,4,11,5,51,13,8,5,2,17,11,2,11,4,7,5,10,3,8,22,2,9,7,20,11,8,10,11,15,9,7,7,8,16,17,24,2,6,8,2,4,6,11,21,9,6,8,0,8
"COG0374",35,0,2,3,12,8,6,25,6,7,11,6,8,0,10,81,4,7,8,5,31,5,2,5,8,1,9,2,2,10,5,10,6,11,10,2,5,3,9,8,9,8,6,2,4,6,3,3,2,0,4,3,10,1,30,5,2,19,7,0
"COG0375",14,13,2,5,7,4,8,11,5,9,5,3,3,6,3,20,4,19,7,5,16,2,5,7,5,8,5,10,5,4,3,4,3,13,6,5,8,13,6,1,4,7,2,6,2,3,13,1,3,2,1,1,6,2,14,4,5,4,1,2
"COG0376",19,1,0,0,0,0,1,2,1,3,0,0,0,1,1,1,0,4,0,4,22,6,1,0,2,2,0,0,0,2,0,2,1,1,0,3,4,0,0,0,0,1,1,0,0,3,0,0,0,0,0,2,0,0,4,5,0,0,0,0
"COG0377",11,2,15,13,8,9,15,15,10,14,2,14,11,4,8,0,5,16,21,20,8,16,11,5,13,16,14,16,17,32,0,16,10,2,4,4,20,2,6,17,9,31,14,7,6,7,12,37,24,11,13,32,18,8,16,1,15,6,8,4
"COG0378",21,11,9,14,10,5,13,15,22,17,15,12,7,20,11,49,9,14,12,4,14,1,1,5,10,17,14,25,4,6,14,4,13,16,25,9,8,16,10,9,13,8,6,11,11,10,16,1,2,6,3,4,1,19,12,6,3,11,6,4
"COG0379",33,31,38,29,26,46,39,35,42,43,13,33,29,24,27,31,15,32,39,45,24,33,36,28,37,33,30,40,35,38,37,45,45,20,25,36,58,10,38,41,30,31,40,35,36,37,29,42,46,37,16,23,39,35,36,28,45,39,32,35
"COG0380",15,6,1,6,14,6,6,19,18,11,2,15,23,1,29,0,10,7,13,34,18,9,5,7,15,2,22,2,17,14,5,22,16,12,10,19,16,1,40,19,14,13,12,19,21,5,7,2,1,2,11,5,25,10,6,5,21,23,22,13
"COG0381",38,60,49,52,56,49,42,87,64,44,43,67,47,30,85,10,43,58,52,70,54,81,82,30,68,55,63,34,92,74,22,37,30,39,20,33,36,30,28,30,25,25,29,27,17,68,28,30,121,27,23,36,34,24,17,5,31,26,37,32
"COG0382",4,19,24,9,1,0,18,11,5,12,3,18,0,2,0,21,3,5,10,2,13,1,4,2,3,26,1,5,15,18,1,4,0,4,9,1,3,11,4,3,8,14,1,6,0,3,14,63,31,18,0,20,0,1,31,3,4,10,7,4
"COG0383",37,98,32,83,20,38,63,37,64,69,45,73,72,67,74,6,44,168,88,111,82,82,85,81,136,30,65,56,88,14,44,51,100,92,67,47,90,122,33,94,102,35,44,77,52,108,36,13,8,22,105,12,34,110,36,52,57,46,73,45
"COG0384",5,4,0,1,3,4,3,1,0,2,7,3,3,1,3,1,1,6,3,0,13,8,0,1,3,1,0,0,1,0,1,3,4,5,2,2,2,11,1,0,4,0,1,2,0,4,1,0,1,1,1,2,1,3,4,0,2,0,4,0
"COG0385",17,2,23,10,6,9,2,7,5,4,17,8,14,23,5,29,6,19,10,7,13,3,8,3,15,44,9,24,12,18,26,8,14,10,36,21,8,7,14,15,15,23,24,15,20,26,26,53,41,12,12,47,6,23,49,61,13,16,22,16
"COG0386",1,8,17,2,8,2,15,12,5,6,7,3,10,1,14,3,2,8,12,14,4,23,9,2,5,17,7,10,7,3,3,11,9,1,3,10,12,3,19,6,4,7,5,6,9,10,9,17,1,13,9,6,18,6,7,2,14,11,8,13
"COG0387",5,2,1,1,1,0,4,0,2,4,0,0,0,5,0,0,0,1,1,4,9,0,0,0,0,0,0,0,2,0,1,1,1,2,0,1,4,0,0,0,0,0,0,1,0,2,0,2,0,1,0,0,1,0,7,2,1,0,2,0
"COG0388",121,104,145,141,106,142,176,130,143,113,63,116,145,67,120,103,115,132,165,142,110,122,113,101,137,150,162,160,169,191,145,130,169,106,109,123,125,120,113,129,141,174,158,155,110,123,140,144,171,131,133,190,139,129,140,110,162,103,148,135
"COG0389",82,95,136,77,48,96,79,67,98,91,109,67,61,113,42,82,98,113,73,58,102,56,60,93,76,62,71,92,75,65,104,74,58,91,89,72,82,125,36,98,84,71,63,83,89,89,85,102,97,102,84,76,63,67,77,167,72,67,36,66
"COG0390",12,7,0,4,4,10,2,4,13,9,6,8,7,23,10,13,4,5,15,12,17,13,13,5,18,1,7,6,11,1,2,11,12,4,4,6,15,4,7,9,3,6,12,11,4,20,4,2,2,14,18,5,16,17,15,32,16,6,18,6
"COG0391",7,37,3,5,1,3,4,11,9,1,18,5,1,14,1,20,7,14,4,2,9,8,4,6,3,4,1,6,2,0,10,7,4,27,6,5,6,8,5,10,12,5,2,5,3,5,5,2,2,13,1,3,1,2,11,10,2,2,2,1
"COG0392",17,13,14,10,11,18,13,11,15,20,109,7,7,62,10,64,7,8,6,9,19,22,13,11,9,6,21,19,1,7,32,3,9,28,12,13,7,13,11,8,3,2,10,21,13,14,21,18,11,22,7,8,6,9,41,100,6,12,2,23
"COG0393",7,10,12,10,10,8,18,18,12,5,16,16,28,11,27,0,14,14,7,26,7,8,5,14,17,7,8,8,7,20,10,17,12,14,9,10,6,4,24,19,14,11,16,19,17,15,23,9,17,6,15,16,17,13,13,9,15,10,18,17
"COG0394",38,41,43,27,62,48,55,45,50,29,39,37,44,79,31,78,28,32,32,33,30,36,33,36,30,29,49,49,50,37,36,50,37,26,60,60,54,33,61,32,31,46,32,56,42,41,57,35,43,35,36,49,35,47,32,112,48,55,56,45
"COG0395",170,245,136,296,138,204,191,97,131,191,278,222,108,441,78,290,191,91,110,82,197,129,140,367,124,64,129,147,126,28,270,66,140,287,395,185,127,236,59,119,149,24,124,151,129,204,161,34,100,225,319,70,49,191,97,572,136,165,120,207
"COG0396",22,44,30,36,22,34,44,26,35,36,25,40,24,14,34,55,20,36,39,24,27,23,27,36,35,30,34,39,25,41,26,24,40,30,44,15,32,52,22,38,31,32,40,31,23,31,37,44,40,41,34,26,28,37,42,33,34,42,32,27
"COG0397",10,1,1,0,1,0,2,1,4,2,2,0,0,3,0,0,0,0,1,2,11,3,0,0,0,2,0,0,0,1,0,1,0,2,0,1,0,0,0,0,0,0,0,0,0,1,0,0,0,0,0,5,1,0,9,3,1,0,1,0
"COG0398",18,41,15,4,5,11,6,6,3,9,8,10,3,10,4,24,13,24,8,3,28,15,3,13,5,8,5,13,11,1,10,9,7,19,11,6,3,15,7,4,12,10,3,5,5,9,13,2,2,8,8,3,4,7,15,3,7,4,4,4
"COG0399",42,69,24,53,36,38,49,75,55,66,32,59,53,22,72,29,53,36,55,56,28,53,69,53,71,56,49,26,46,52,76,148,142,73,84,81,105,61,101,76,80,47,103,90,98,184,71,106,207,107,150,71,121,131,67,25,81,116,117,84
"COG0400",6,0,0,0,0,2,1,0,1,4,6,0,1,8,0,21,0,5,0,2,16,1,1,0,0,0,0,0,0,3,0,0,0,2,0,0,0,0,1,0,2,0,1,1,0,0,1,0,0,1,0,1,2,0,10,20,1,0,0,0
"COG0401",2,0,0,0,0,0,0,0,0,0,0,0,0,0,0,0,0,1,1,0,3,0,0,0,0,0,0,0,0,0,0,0,0,0,0,0,0,0,0,0,0,0,0,0,0,0,0,0,0,0,1,0,0,0,0,0,0,0,0,0
"COG0402",42,48,7,9,16,7,11,24,17,18,42,33,14,36,6,62,27,42,25,8,53,37,10,26,26,8,28,25,12,14,31,51,37,84,70,34,37,89,16,46,72,20,38,65,43,46,55,9,16,21,34,22,33,18,71,107,58,31,34,22
"COG0403",41,22,5,14,47,61,13,47,44,45,2,69,43,7,56,39,32,36,67,53,69,55,34,26,61,9,64,37,30,33,16,53,78,31,17,36,54,28,56,67,37,65,74,59,40,30,38,2,19,31,35,26,51,52,21,8,68,41,57,33
"COG0404",19,25,1,21,22,23,17,21,23,25,8,37,41,6,46,39,30,19,24,39,40,39,21,15,45,13,25,28,24,15,13,44,41,21,17,30,28,22,45,39,21,30,37,26,27,27,33,3,11,22,28,14,34,26,14,4,24,34,36,24
"COG0405",11,5,9,1,5,3,6,6,6,2,5,2,4,1,1,2,5,18,9,2,10,28,4,1,4,15,4,2,7,0,1,7,7,9,0,1,2,12,2,11,9,3,3,1,3,8,2,1,1,4,4,18,2,3,16,2,7,0,0,0
"COG0406",48,74,43,43,62,47,45,43,37,54,124,28,45,133,34,129,82,46,39,19,48,39,47,75,32,51,54,73,44,30,66,28,34,63,62,42,38,73,36,29,49,43,28,49,52,35,50,28,49,53,34,41,27,53,54,190,56,35,43,74
"COG0407",18,12,4,11,6,6,9,17,6,5,15,19,22,7,17,1,12,4,12,13,20,31,23,5,6,7,18,13,8,4,11,32,11,11,2,17,15,8,14,14,14,5,5,16,14,27,9,0,3,3,18,3,26,15,8,7,9,10,34,15
"COG0408",3,0,0,0,0,1,0,0,1,1,0,0,0,0,1,0,0,1,0,1,4,2,0,0,0,0,0,0,0,1,0,0,0,1,0,0,0,0,0,0,0,0,0,0,0,0,0,1,0,0,0,0,0,0,1,3,0,0,0,0
"COG0409",15,5,2,4,5,15,5,5,7,3,7,0,5,8,3,52,2,7,8,4,11,3,1,2,4,1,5,3,4,5,9,15,3,5,10,2,9,6,11,3,4,5,1,13,6,7,7,0,3,3,1,4,3,3,20,6,4,11,3,6
"COG0410",21,41,16,20,11,10,10,18,7,15,34,18,17,22,10,51,31,36,19,6,21,23,21,33,26,20,18,28,10,8,23,12,3,27,14,16,22,49,8,10,20,6,23,17,18,19,22,4,9,12,16,15,2,14,21,43,15,8,13,2
"COG0411",23,35,16,25,23,19,12,12,15,6,29,14,16,31,10,63,26,38,31,5,27,16,21,18,19,13,18,15,13,2,20,11,15,21,25,18,15,44,8,17,29,9,20,23,25,25,16,2,8,16,12,6,8,20,18,48,19,10,21,4
"COG0412",29,2,0,0,2,0,2,3,0,5,6,1,2,0,1,1,0,2,0,3,26,10,0,0,0,2,0,0,0,2,1,4,4,4,0,0,4,1,0,0,2,1,1,3,0,1,0,2,0,1,1,1,1,0,17,3,2,0,3,0
"COG0413",16,16,26,30,30,23,24,26,28,20,4,32,27,8,32,19,20,14,31,25,20,4,22,13,27,30,24,22,20,39,9,32,27,13,27,27,27,10,25,27,32,35,39,20,16,16,28,48,37,28,21,29,25,27,21,4,43,27,21,21
"COG0414",18,28,32,34,21,24,30,25,27,33,18,40,40,12,27,22,19,23,41,36,23,23,20,28,27,40,28,29,28,30,23,34,31,16,28,23,24,17,36,23,33,44,34,23,33,27,33,53,55,39,23,50,32,36,41,10,24,44,36,34
"COG0415",8,2,0,0,0,0,1,3,2,1,2,6,0,1,1,0,0,1,0,2,11,3,0,0,0,5,0,0,0,0,0,4,0,3,1,0,1,0,0,0,0,0,0,0,1,2,0,0,0,2,1,3,0,0,1,3,1,0,1,0
"COG0416",28,44,22,27,26,25,16,23,24,37,49,17,23,44,9,27,34,25,21,6,34,13,18,28,19,25,34,25,11,9,34,5,15,38,34,35,25,63,18,24,38,7,12,25,20,24,38,5,9,27,8,14,10,17,32,16,7,23,9,20
"COG0417",23,3,1,2,0,0,2,4,6,2,1,0,1,4,0,2,0,2,0,0,24,4,0,0,0,0,0,0,2,2,0,6,0,10,0,0,3,0,0,0,0,1,0,1,2,6,0,1,0,0,0,2,0,0,18,2,0,0,0,0
"COG0418",10,1,0,0,1,0,2,1,2,1,4,0,0,3,0,0,0,2,0,0,16,2,0,0,0,0,0,0,0,0,0,3,0,2,0,0,5,0,0,0,2,0,0,0,0,0,0,2,0,0,0,2,0,0,8,3,0,0,0,0
"COG0419",98,81,100,149,107,52,96,125,86,83,116,54,61,91,86,82,95,41,88,84,65,38,82,72,126,96,80,53,98,116,44,34,51,31,36,31,47,25,48,47,42,45,31,68,38,27,69,48,35,60,16,54,33,37,47,26,25,52,22,48
"COG0420",46,59,47,46,53,32,55,72,45,65,72,16,49,55,67,63,64,24,46,29,17,50,43,46,44,33,69,42,42,54,84,54,50,49,68,51,39,65,61,51,85,56,44,53,69,56,55,30,47,63,50,43,37,53,32,32,45,38,47,62
"COG0421",25,13,10,17,22,26,15,13,19,32,26,4,9,21,14,23,14,14,10,5,13,3,20,29,9,7,14,12,18,4,24,1,11,3,50,9,10,18,9,16,11,4,8,5,10,19,11,3,12,14,4,12,3,19,10,14,18,14,3,13
"COG0422",48,30,45,33,52,54,50,57,46,47,29,33,75,51,50,81,52,52,59,48,50,39,48,42,40,51,49,41,59,93,32,36,40,30,56,48,36,16,44,61,48,49,57,51,55,45,36,57,80,52,36,85,50,47,87,86,67,37,57,43
"COG0423",44,79,69,77,59,77,74,67,60,66,21,45,64,59,42,41,88,62,72,58,39,26,67,69,57,85,82,74,83,82,66,51,57,87,61,67,47,79,55,70,74,82,64,71,63,58,62,92,73,67,73,67,73,69,62,60,58,52,80,79
"COG0424",19,35,27,34,27,21,34,31,33,26,13,28,24,33,22,38,26,34,33,32,36,21,26,30,39,30,30,27,37,29,16,46,25,24,34,15,28,32,31,27,37,32,22,31,35,20,24,30,36,26,24,31,36,33,25,42,39,36,15,25
"COG0425",17,10,2,10,56,40,20,55,27,29,7,40,49,8,57,2,31,20,39,49,19,41,52,24,32,13,41,40,48,37,20,48,56,26,22,36,41,14,67,42,24,18,34,26,34,26,33,0,9,53,36,16,79,39,9,11,49,44,65,51
"COG0426",69,78,73,66,79,52,70,50,66,56,76,65,78,59,76,45,75,66,48,43,39,52,58,54,54,55,59,73,54,61,74,51,65,86,63,69,58,75,69,76,71,57,72,67,54,53,77,76,83,79,50,45,57,81,61,34,70,63,46,62
"COG0427",37,42,48,50,70,36,48,71,55,56,8,72,61,17,52,51,52,37,89,36,43,39,53,32,76,47,65,78,62,90,19,28,12,25,22,31,33,12,31,24,37,37,30,27,19,19,43,41,24,18,18,44,20,37,22,3,22,29,29,18
"COG0428",28,53,43,39,11,14,26,14,18,32,24,13,17,26,9,9,27,27,15,5,28,15,17,37,20,34,39,36,23,28,40,8,14,47,20,26,20,25,1,16,33,16,15,20,21,20,29,32,21,39,9,22,7,23,15,9,13,16,11,22
"COG0429",10,3,2,1,1,1,0,6,4,3,3,2,0,2,0,1,1,1,1,1,9,6,0,0,0,1,2,0,0,5,0,2,0,4,0,0,1,0,0,3,0,0,1,0,1,0,1,0,0,0,0,3,1,0,4,1,0,0,0,0
"COG0430",5,0,0,0,0,0,2,1,0,3,0,0,0,0,0,0,0,0,0,0,4,1,0,0,0,0,0,0,2,1,0,0,1,3,0,0,0,0,0,0,0,0,0,0,0,0,1,0,1,0,0,0,1,0,4,0,0,0,0,0
"COG0431",14,4,4,0,0,0,3,3,1,8,68,2,1,18,1,0,0,6,2,3,18,3,0,0,1,0,0,2,0,0,3,2,0,2,0,0,2,0,1,0,0,0,1,1,0,0,0,1,0,0,0,0,1,0,7,5,0,0,1,0
"COG0432",17,9,11,11,30,14,16,8,10,8,4,6,15,8,16,20,6,10,13,12,12,13,8,11,12,8,10,16,12,11,10,15,17,9,4,11,18,9,22,10,5,13,10,10,12,11,7,14,13,3,13,12,22,7,13,2,25,13,17,10
"COG0433",28,21,82,65,40,55,15,13,21,30,26,30,16,64,10,4,5,5,13,17,42,16,37,44,21,38,6,35,27,69,40,5,14,29,12,12,39,31,32,10,57,8,15,15,26,54,32,24,5,28,26,20,22,17,29,17,4,5,54,28
"COG0434",3,4,0,0,13,1,2,6,2,3,0,8,4,11,0,1,2,8,0,0,6,5,2,0,5,0,1,0,1,0,4,3,1,5,1,2,0,8,1,0,6,0,1,2,0,1,3,0,1,2,1,1,3,1,0,2,1,4,1,5
"COG0435",12,2,2,1,1,4,2,1,0,2,1,1,2,6,3,0,1,3,0,1,15,3,0,3,2,2,1,6,3,0,6,2,0,5,0,0,5,4,0,0,4,1,1,3,0,3,0,1,0,3,0,0,0,0,2,2,2,0,0,1
"COG0436",182,218,200,219,241,272,261,237,239,259,246,234,246,215,236,331,214,257,273,233,180,188,212,199,246,215,267,279,255,245,185,256,252,176,191,248,208,183,223,204,254,250,273,211,258,199,216,202,273,250,203,235,271,194,240,370,244,239,240,217
"COG0437",54,6,4,8,17,16,15,25,19,18,13,2,8,13,13,11,19,19,13,12,91,7,2,6,10,3,21,4,6,11,11,13,10,15,3,6,15,6,16,8,18,7,14,6,12,15,6,7,1,6,3,5,20,4,31,16,5,5,6,3
"COG0438",391,487,495,498,479,512,500,599,642,381,338,690,589,351,724,296,555,355,486,893,493,849,818,507,607,487,567,527,698,497,554,936,680,512,345,642,826,474,1049,608,481,637,662,614,537,791,629,634,1201,807,788,525,973,667,370,380,709,825,743,676
"COG0439",43,28,28,33,72,34,37,83,68,63,83,50,69,57,80,78,48,42,34,55,43,70,68,36,50,42,51,42,62,40,63,80,85,53,64,63,66,30,58,54,41,58,54,68,82,56,66,7,72,34,74,33,86,48,31,40,61,67,81,81
"COG0440",18,22,14,24,17,28,27,18,38,31,35,19,28,32,11,36,48,29,15,19,32,14,17,30,25,20,26,20,21,10,28,20,22,24,28,29,18,14,12,18,22,7,27,24,15,30,19,11,9,24,20,22,12,25,25,39,27,31,29,27
"COG0441",115,165,154,125,120,141,180,128,139,152,122,119,106,116,114,159,115,137,134,120,85,94,119,151,129,145,148,154,127,150,152,117,135,178,129,123,119,146,106,130,139,153,146,113,119,123,125,168,156,142,116,132,111,148,136,105,125,130,126,116
"COG0442",66,74,58,65,69,79,65,41,55,106,87,53,52,88,42,83,59,86,71,36,55,27,51,59,53,69,70,90,62,61,75,46,53,89,77,60,56,108,41,72,67,66,68,77,50,54,80,49,55,87,48,50,44,43,58,88,56,57,45,65
"COG0443",59,69,48,113,73,70,56,54,59,73,73,33,46,66,45,64,70,61,46,34,57,21,43,80,55,36,61,84,50,57,123,72,96,127,95,110,111,139,59,101,128,80,103,95,110,183,87,82,72,170,94,84,61,87,118,100,72,95,119,84
"COG0444",83,78,33,48,60,50,32,62,56,74,137,33,52,80,42,128,77,97,41,15,94,65,38,41,49,20,47,56,43,16,79,23,35,75,93,44,50,124,26,54,42,22,42,49,40,42,46,13,20,43,32,23,17,62,48,74,35,33,42,38
"COG0445",94,128,122,98,132,113,104,109,97,102,131,85,117,110,81,89,99,90,90,68,64,73,87,115,94,113,100,80,94,128,122,66,84,103,92,94,100,91,107,132,119,92,80,73,88,76,99,95,103,107,86,112,79,96,106,49,85,106,85,95
"COG0446",68,61,42,41,63,71,36,83,57,54,81,62,68,73,59,47,70,91,44,50,47,66,37,43,60,24,66,63,44,46,132,88,97,150,139,135,100,161,93,164,111,59,101,126,90,73,100,22,50,87,69,44,96,140,76,141,112,145,98,109
"COG0447",20,5,21,19,22,21,18,21,20,11,15,18,16,4,22,0,6,15,27,21,14,11,11,14,12,17,12,14,25,20,9,20,19,10,6,10,24,3,18,12,14,28,20,19,11,17,7,37,34,31,8,33,21,16,14,5,30,16,35,11
"COG0448",79,78,73,87,54,85,67,38,50,91,158,32,48,149,32,125,93,97,34,26,46,30,66,103,55,75,60,98,45,23,103,25,63,64,104,94,47,98,42,70,86,28,36,94,66,72,62,15,39,69,60,27,12,66,55,96,42,77,44,102
"COG0449",85,125,87,88,87,104,79,82,85,94,97,77,92,108,58,91,100,114,92,65,71,49,74,106,74,95,74,109,70,75,115,56,80,97,78,93,62,97,86,91,89,70,110,81,78,77,101,89,116,86,96,75,62,70,93,88,75,67,89,110
"COG0450",14,20,6,12,21,19,12,15,20,21,18,29,26,11,37,31,16,13,20,29,30,27,21,13,21,4,11,14,23,13,18,26,23,15,10,32,27,3,34,25,11,27,16,12,12,25,14,2,3,12,30,6,36,23,14,21,34,30,20,29
"COG0451",165,162,210,249,189,204,234,286,202,194,110,226,265,92,305,133,216,224,243,329,203,318,292,202,273,243,224,166,286,256,203,315,229,208,184,248,255,162,340,216,195,260,231,219,225,369,250,270,214,187,289,186,294,223,187,88,239,281,321,326
"COG0452",50,52,51,36,55,60,61,36,51,54,50,44,53,62,48,62,63,54,53,41,37,39,39,44,49,45,47,66,38,14,65,37,35,47,56,37,46,41,29,59,41,39,59,46,47,46,51,55,39,51,34,29,46,61,28,76,54,54,41,46
"COG0454",180,134,83,134,111,96,108,127,123,149,198,157,129,183,157,127,139,145,127,137,184,208,123,157,125,115,126,138,113,78,147,143,159,147,157,123,159,144,158,122,107,66,102,152,134,175,175,39,59,199,132,77,176,125,87,141,122,162,134,212
"COG0455",1,2,2,2,1,4,0,3,10,9,0,0,3,0,0,0,1,0,0,0,0,0,3,6,3,11,2,1,3,0,4,0,6,1,18,6,6,1,4,3,6,0,1,4,16,1,8,0,6,11,9,6,0,7,3,0,1,6,0,6
"COG0456",26,25,14,18,9,12,19,13,16,26,44,16,14,35,11,27,13,9,14,10,30,29,17,21,13,16,9,14,5,7,10,7,9,20,15,14,9,18,9,6,10,3,4,9,7,10,10,4,6,12,10,3,5,12,10,17,10,9,5,19
"COG0457",158,174,209,246,327,320,292,321,267,233,56,308,296,78,345,106,256,218,347,415,177,309,322,262,280,315,260,313,330,331,147,334,342,174,108,277,335,122,389,317,283,406,327,225,251,200,268,307,419,399,266,331,391,245,229,121,334,228,383,244
"COG0458",132,130,169,180,170,194,194,193,178,189,156,181,184,179,189,153,168,209,235,145,127,138,178,204,174,195,194,159,228,259,165,170,184,113,160,165,210,167,130,181,204,237,207,177,194,200,153,307,302,149,146,265,151,194,181,153,165,196,185,143
"COG0459",59,95,94,56,61,82,87,54,69,83,70,59,77,79,48,71,65,69,79,66,77,39,52,82,78,95,60,87,84,100,73,51,69,98,71,65,69,83,36,63,96,75,81,68,54,92,68,76,82,70,98,68,49,66,85,95,49,45,74,55
"COG0460",78,70,76,62,85,81,78,79,97,83,79,48,81,88,65,67,59,80,91,41,54,54,63,86,67,76,63,96,69,118,64,71,75,65,67,76,81,56,87,65,86,80,72,75,81,74,66,95,106,90,78,79,78,82,86,78,73,58,82,70
"COG0461",20,31,47,40,18,34,40,35,25,31,31,32,34,34,27,41,32,33,26,29,33,15,32,47,33,48,31,37,29,46,30,24,31,21,38,28,49,21,26,29,35,31,27,33,35,21,35,39,46,41,35,35,26,27,24,28,27,26,36,24
"COG0462",35,65,50,58,64,68,77,49,51,69,110,30,54,80,48,80,75,72,67,40,33,33,62,69,51,127,65,60,61,59,74,40,61,54,70,48,46,64,35,49,66,56,51,62,49,50,52,37,64,63,70,58,35,56,64,118,32,46,47,48
"COG0463",507,597,821,735,604,513,826,653,589,517,480,626,630,522,659,378,581,478,509,837,390,675,760,679,672,667,592,611,804,669,761,691,774,556,522,671,702,505,1001,569,656,589,640,540,670,734,713,782,872,828,801,730,722,659,602,467,705,727,711,779
"COG0464",15,22,8,36,10,8,25,8,11,16,30,22,17,21,7,19,21,13,10,5,6,1,20,23,7,41,17,36,9,26,43,14,12,31,15,22,30,15,7,13,43,21,34,28,39,29,50,73,121,30,14,104,35,50,32,64,23,30,10,21
"COG0465",98,152,120,167,95,129,147,99,131,141,153,87,84,167,105,119,146,165,120,86,96,59,98,186,127,105,140,149,114,84,142,91,113,176,160,127,116,211,76,117,134,88,113,121,112,98,125,65,75,128,75,109,47,152,94,152,111,115,98,105
"COG0466",95,96,110,102,70,85,99,78,91,118,66,69,65,99,58,63,71,84,79,43,47,56,91,98,99,138,98,103,93,96,121,67,77,101,119,66,104,137,51,77,112,81,71,92,89,109,90,109,85,120,73,137,58,96,80,38,57,74,29,91
"COG0468",31,66,52,60,46,51,52,52,42,49,63,473,67,49,46,37,60,92,46,61,38,48,40,121,80,53,57,50,51,58,54,25,44,63,45,47,54,71,40,56,65,42,56,51,75,43,121,64,32,47,76,39,46,44,46,58,42,50,35,61
"COG0469",86,77,53,72,70,69,79,62,74,65,71,60,75,64,57,59,86,85,70,62,43,57,73,71,64,81,88,99,56,50,83,55,59,70,69,43,70,56,29,79,59,56,81,65,74,59,66,47,54,71,55,56,55,58,57,63,50,51,74,74
"COG0470",12,18,8,5,15,12,7,11,12,6,27,10,8,27,2,23,19,11,7,6,25,8,7,4,6,20,8,8,2,8,21,7,7,17,3,8,8,3,0,11,13,3,7,11,6,9,7,2,2,9,2,11,3,3,13,43,3,4,5,3
"COG0471",76,81,136,128,128,152,155,168,139,77,73,83,109,63,144,87,195,83,153,142,146,136,120,83,124,138,121,108,107,148,98,170,139,73,71,73,93,81,98,110,110,107,161,89,112,138,111,110,130,124,109,135,101,111,120,103,176,110,121,72
"COG0472",63,110,89,76,82,69,100,70,80,66,78,102,70,89,98,94,89,65,103,80,97,71,96,71,81,84,92,74,115,95,80,99,75,88,70,78,98,83,83,92,100,94,71,74,70,102,105,97,81,97,108,89,65,67,106,119,74,84,98,49
"COG0473",52,41,37,57,46,52,57,56,59,64,45,27,55,39,51,115,49,92,54,52,31,34,52,48,55,39,51,58,55,49,65,63,64,42,78,46,41,45,53,61,60,42,54,63,55,65,54,32,39,28,46,46,55,47,51,55,67,46,64,50
"COG0474",128,254,193,141,162,143,180,159,160,158,325,154,156,285,183,151,110,198,142,134,161,154,187,209,180,146,145,198,133,230,198,142,144,253,208,162,178,187,136,173,136,111,156,143,156,134,156,184,128,245,140,144,150,136,169,313,173,149,149,156
"COG0475",81,65,119,106,133,126,133,143,149,64,53,188,142,84,160,35,100,90,148,179,89,165,123,97,149,99,111,94,154,174,56,188,131,87,59,110,122,50,128,138,101,157,165,114,136,157,103,140,144,100,162,164,167,95,136,47,180,113,141,121
"COG0476",39,19,21,27,11,30,59,18,29,29,18,28,19,24,30,33,19,32,28,34,30,17,24,17,25,48,33,24,16,32,21,32,33,20,32,22,18,11,14,36,38,34,33,36,15,23,35,33,32,28,14,47,18,22,50,45,26,24,27,29
"COG0477",371,154,183,162,166,185,208,246,192,181,286,225,206,259,254,636,131,239,241,272,511,269,158,73,161,220,124,221,222,359,226,555,420,392,269,333,580,205,502,370,319,543,396,368,319,434,320,537,398,218,282,548,401,250,951,1102,336,452,395,270
"COG0479",15,14,28,21,20,10,29,25,14,19,10,28,29,23,36,36,10,4,32,23,23,13,22,8,21,41,16,24,30,66,23,22,21,13,11,19,36,11,25,24,30,48,15,20,19,17,24,63,43,21,20,64,23,15,60,40,23,21,42,14
"COG0480",223,305,395,332,355,330,341,291,375,309,205,290,304,341,278,274,328,352,298,250,190,151,322,324,293,282,282,343,288,288,299,240,431,299,270,285,208,397,318,257,311,270,425,288,280,282,348,421,301,321,276,357,284,300,231,339,258,413,267,293
"COG0481",65,97,76,83,91,92,105,72,64,95,88,55,83,72,82,65,91,87,86,73,67,43,70,69,81,108,86,85,71,85,67,84,85,77,69,73,62,104,57,70,91,86,73,78,73,57,98,81,92,90,56,86,72,72,81,66,80,69,76,61
"COG0482",60,55,56,56,98,76,61,83,94,70,57,81,83,40,80,34,85,82,84,87,51,63,77,75,94,54,98,67,80,79,68,100,96,57,47,81,91,84,101,94,72,84,96,85,82,78,61,55,77,55,73,76,108,78,31,35,100,102,95,72
"COG0483",15,11,3,3,17,17,9,21,19,21,28,21,22,27,20,20,12,12,26,26,27,30,16,17,23,7,8,16,19,15,11,29,24,11,17,16,33,9,21,19,15,12,29,25,12,22,23,3,5,11,12,20,37,15,10,38,28,12,10,7
"COG0484",45,61,60,89,40,51,31,55,52,55,74,48,60,72,39,54,33,56,46,25,47,36,42,49,42,37,60,64,36,29,50,39,50,85,56,31,55,58,31,46,58,58,40,51,39,59,45,48,41,67,26,31,26,37,44,63,36,37,40,55
"COG0486",41,63,57,51,50,58,47,66,69,60,82,62,64,54,64,92,78,62,53,58,40,54,59,59,64,62,64,59,55,43,60,53,68,69,76,62,46,67,73,74,58,48,80,65,62,58,62,32,50,85,64,50,57,53,36,38,65,73,54,71
"COG0488",239,268,311,279,342,337,318,368,382,301,410,317,288,349,287,278,272,298,326,344,237,285,290,283,338,298,355,292,373,380,334,342,358,263,308,310,297,203,355,346,240,356,328,304,332,321,290,313,319,350,289,355,305,326,261,324,384,305,302,296
"COG0489",127,104,117,102,96,146,167,123,131,98,69,122,122,93,147,116,104,130,170,159,142,145,179,90,187,142,154,123,163,172,131,217,150,130,106,115,120,132,151,214,111,155,130,146,141,127,103,198,113,117,142,126,180,145,177,131,146,173,181,136
"COG0490",1,0,1,2,1,1,1,5,1,0,0,0,0,1,1,0,3,1,2,0,0,7,0,3,1,0,0,1,0,1,0,0,1,1,0,1,0,1,1,0,1,1,0,1,1,0,2,2,0,0,1,0,0,0,0,0,0,0,0,0
"COG0491",58,97,57,55,57,41,55,47,58,51,46,53,61,66,53,86,79,78,52,38,53,60,49,71,74,39,58,70,63,45,84,54,58,81,55,53,63,94,40,45,81,45,55,44,37,48,55,40,48,40,38,39,31,75,51,23,56,42,94,54
"COG0492",59,64,49,52,70,53,40,50,48,66,103,42,78,78,39,87,67,66,53,30,62,50,61,40,52,50,55,69,55,49,58,36,63,62,53,60,45,56,29,46,57,42,36,44,40,49,58,38,67,51,45,64,35,49,51,96,44,35,44,49
"COG0493",200,148,190,205,132,189,191,186,172,209,118,106,159,184,150,188,176,204,178,135,162,109,150,148,172,185,196,215,158,288,173,116,155,134,248,174,152,224,135,171,171,184,168,179,151,125,174,188,185,121,121,241,120,187,235,145,173,144,119,149
"COG0494",143,129,80,123,75,68,95,78,98,128,190,59,82,155,50,156,102,126,66,65,132,60,81,139,58,102,82,102,60,39,131,69,87,108,106,110,100,108,82,70,91,42,55,94,85,94,96,49,64,118,115,74,61,90,123,213,53,97,60,121
"COG0495",92,142,123,122,151,142,116,109,107,94,113,109,110,112,107,125,115,115,118,110,74,85,107,139,105,122,113,125,119,150,133,97,110,140,108,119,114,130,130,132,115,128,118,122,119,83,109,150,136,122,78,138,87,116,113,102,104,108,138,92
"COG0496",13,14,32,25,24,30,27,30,23,18,4,21,24,5,31,10,13,14,34,32,12,11,19,17,28,37,16,26,28,55,11,38,26,17,17,14,24,22,21,34,27,26,27,21,23,24,18,32,39,24,20,59,32,16,41,4,29,25,26,17
"COG0497",59,92,55,90,63,63,74,50,55,65,71,56,51,67,65,58,73,72,58,68,63,37,53,49,70,83,70,66,62,63,89,62,60,66,66,55,61,85,53,70,57,72,76,83,66,76,73,75,78,97,51,75,57,66,77,85,58,47,73,64
"COG0498",53,55,38,66,46,80,53,50,71,71,77,62,49,60,40,90,62,65,63,58,43,29,53,69,51,60,73,71,75,79,61,44,60,58,75,70,64,68,64,50,88,78,56,71,69,65,79,61,57,40,38,51,56,63,51,75,63,56,42,51
"COG0499",7,21,2,8,5,3,6,22,14,4,5,23,15,19,27,32,8,35,38,20,47,21,14,20,26,7,22,9,20,4,5,19,19,29,8,12,20,32,20,21,21,9,18,22,18,22,19,3,4,1,22,8,17,2,6,19,6,22,12,6
"COG0500",245,216,134,157,117,140,115,122,149,182,233,116,139,172,119,121,159,165,117,150,198,167,151,181,121,119,147,124,117,89,218,136,166,201,171,150,162,189,103,120,154,57,116,165,157,198,163,78,108,134,187,100,101,131,117,91,88,135,109,184
"COG0501",50,27,44,50,41,40,37,36,24,21,26,49,16,22,34,32,39,21,31,42,42,35,41,21,40,42,35,34,30,40,7,11,18,23,7,15,15,12,16,21,20,27,21,14,15,32,7,18,15,11,16,16,29,16,25,13,18,16,22,10
"COG0502",45,37,27,23,59,84,39,70,65,50,32,72,86,41,94,62,39,39,61,70,21,55,64,48,89,41,93,45,48,26,54,80,105,40,68,49,77,33,60,70,49,52,76,77,69,61,54,4,14,45,51,32,67,84,27,22,90,63,76,63
"COG0503",21,38,33,31,21,21,32,23,34,16,34,23,36,27,20,26,30,15,23,18,17,30,31,17,31,47,26,28,26,31,66,49,39,31,43,51,70,57,48,51,61,67,48,60,54,53,62,57,78,70,50,69,55,62,61,102,46,58,65,60
"COG0504",53,95,57,66,52,66,80,66,60,69,85,61,66,81,57,84,66,93,87,50,66,31,65,71,60,70,62,92,81,80,73,70,60,73,69,90,48,85,60,68,98,76,70,79,67,49,81,72,59,76,44,76,54,71,64,86,60,59,67,61
"COG0505",37,48,42,67,47,52,48,52,38,37,65,43,64,53,33,70,60,71,46,36,43,33,35,43,48,43,40,61,42,49,36,17,29,11,17,27,18,16,20,24,28,19,31,24,16,15,23,28,31,23,21,27,17,26,27,35,22,26,22,14
"COG0506",11,5,5,0,10,7,4,25,7,2,1,5,14,0,22,1,6,9,12,12,19,12,26,4,7,2,9,1,11,18,13,30,17,16,15,25,9,5,62,11,7,14,12,19,31,16,22,2,5,4,26,16,37,10,14,10,32,25,41,32
"COG0507",219,241,270,268,284,230,219,218,220,237,271,197,209,253,160,220,296,172,263,227,150,157,242,293,245,343,217,231,216,183,248,241,174,249,242,236,148,377,172,234,241,200,222,204,199,221,268,327,271,256,239,206,236,229,197,252,250,171,222,336
"COG0508",20,17,3,2,8,4,5,16,14,9,35,17,18,7,21,0,8,13,13,17,32,26,18,2,7,4,8,2,10,8,6,25,22,29,3,8,22,12,6,8,9,5,20,7,9,22,4,3,3,4,11,10,10,9,10,9,10,14,5,5
"COG0509",12,5,2,6,15,13,6,19,7,11,0,20,21,14,16,18,8,9,9,20,13,12,15,8,17,3,14,6,6,12,4,17,17,5,11,16,10,9,21,7,10,17,14,17,16,17,13,2,6,13,9,8,26,6,10,23,13,13,18,10
"COG0510",13,3,24,6,3,24,39,22,16,17,44,5,16,24,11,10,7,3,4,18,20,13,13,8,11,9,5,10,7,0,25,3,9,10,18,24,6,13,3,5,10,2,10,4,32,7,11,16,2,9,3,11,2,6,7,2,12,7,11,13
"COG0511",35,20,34,32,55,42,44,37,28,39,27,26,63,26,54,13,15,27,33,42,16,46,41,17,41,31,36,46,52,59,33,32,45,24,41,56,40,23,74,36,21,50,25,29,44,24,38,47,33,32,39,36,59,20,26,17,43,44,41,59
"COG0512",33,22,21,16,16,36,28,30,25,33,33,16,9,28,20,34,22,11,22,19,39,27,17,19,18,35,15,25,30,29,21,27,30,15,24,20,37,23,26,17,29,35,25,32,18,13,23,33,29,39,25,18,24,22,26,33,34,24,23,38
"COG0513",121,64,98,84,171,127,95,167,168,139,136,146,155,106,123,95,147,99,117,153,128,167,144,78,146,107,147,118,129,158,106,169,130,63,95,161,124,77,192,136,123,128,161,107,167,124,117,82,125,112,127,160,191,148,99,106,160,139,165,132
"COG0514",107,113,185,187,209,213,310,185,208,154,42,205,205,82,232,98,162,138,212,286,122,174,205,131,226,177,189,203,274,300,144,247,222,91,99,184,235,110,274,165,157,316,228,183,185,215,210,293,321,170,188,328,250,169,191,108,249,225,212,231
"COG0515",110,176,191,123,83,96,153,57,72,133,190,39,64,232,57,204,100,139,85,61,150,29,74,171,176,155,143,165,165,32,183,49,116,131,147,102,89,219,107,92,197,85,74,151,184,87,164,101,163,234,61,88,44,126,112,348,94,70,52,133
"COG0516",64,49,71,72,85,78,77,78,57,80,96,67,74,88,76,92,63,62,89,58,81,47,50,64,75,67,72,91,79,100,61,67,59,60,51,63,84,63,53,73,79,87,66,62,74,70,59,95,95,85,54,73,56,52,73,106,64,61,69,57
"COG0517",89,111,117,112,81,88,113,91,70,73,155,75,88,120,78,144,90,100,97,86,116,91,77,71,96,109,85,98,96,146,100,62,74,104,87,85,84,127,77,98,124,124,84,89,79,86,96,147,131,110,57,132,71,62,138,141,77,82,72,86
"COG0518",76,69,70,75,80,63,68,76,76,72,88,55,93,83,95,60,75,69,67,70,59,69,59,62,85,62,81,77,91,95,57,85,81,65,74,100,46,96,87,83,91,95,107,81,99,75,55,63,83,62,55,80,91,84,84,92,106,79,87,91
"COG0519",65,69,55,62,68,70,64,77,66,64,74,68,90,78,110,71,92,55,80,70,63,63,64,61,80,70,81,62,70,103,72,67,100,82,67,105,73,102,78,83,83,82,95,92,90,74,75,54,74,77,55,98,70,69,72,87,119,74,90,89
"COG0520",68,77,50,55,64,68,84,90,53,62,72,49,70,60,52,117,66,85,60,49,63,41,52,48,65,50,68,81,67,78,76,53,47,74,81,62,51,83,71,56,81,60,68,85,40,79,70,72,61,64,51,67,55,67,78,55,49,50,63,57
"COG0521",18,7,12,7,7,16,6,7,9,9,20,8,7,20,7,23,25,12,6,8,13,7,7,4,11,6,7,8,5,1,14,9,3,6,20,13,16,1,0,13,7,5,14,7,6,6,6,1,7,6,2,15,8,3,17,11,7,11,1,12
"COG0522",30,58,43,51,28,38,36,29,38,42,33,31,34,27,22,37,35,44,25,28,30,31,18,39,26,62,25,34,28,42,42,19,29,51,38,28,28,50,21,33,48,44,30,29,25,32,40,36,39,43,26,40,28,25,40,33,29,29,19,32
"COG0523",83,38,43,19,45,43,36,37,33,31,38,12,35,44,35,17,48,27,27,20,27,17,25,37,39,41,29,27,27,31,49,44,19,34,37,37,24,43,37,23,34,20,36,29,54,28,21,31,40,37,23,25,19,37,38,23,42,35,43,39
"COG0524",202,229,240,220,251,223,232,238,233,214,187,188,202,204,213,240,235,189,198,227,215,204,177,209,235,198,198,189,223,305,185,256,218,155,190,194,251,218,268,184,208,242,266,220,197,216,187,232,215,203,201,249,266,216,312,271,267,209,256,196
"COG0525",90,133,67,100,114,129,93,97,95,109,106,85,94,130,87,149,123,118,111,63,95,76,86,108,89,121,121,119,110,119,115,97,89,145,112,92,85,142,82,98,122,114,93,147,110,87,105,103,133,105,88,107,92,111,100,151,82,113,125,92
"COG0526",117,159,292,206,204,140,208,247,216,152,95,315,242,82,205,64,131,119,197,259,173,272,277,142,192,196,184,221,217,310,146,234,176,149,116,180,270,122,362,201,184,278,197,178,218,185,246,327,324,162,217,168,329,191,166,136,244,217,228,261
"COG0527",95,100,104,115,138,133,114,106,121,104,99,122,104,117,120,57,116,113,141,128,90,112,121,110,133,124,101,130,123,188,78,142,116,92,99,106,144,104,126,117,98,159,128,115,125,114,104,177,156,132,131,169,135,122,117,91,130,89,111,96
"COG0528",44,34,36,33,44,48,43,42,37,37,30,33,39,40,22,42,30,47,28,37,33,32,24,35,30,41,29,35,45,54,40,32,30,47,31,33,34,40,36,40,43,49,38,36,37,32,46,61,34,39,46,30,27,28,42,50,37,31,36,29
"COG0529",16,9,2,7,13,18,6,11,21,15,0,8,9,0,13,1,5,12,8,18,6,13,15,16,24,4,6,10,12,7,2,19,9,6,3,5,5,1,10,6,2,4,11,4,7,9,0,1,1,4,7,5,5,10,2,1,13,7,9,3
"COG0530",50,32,25,25,36,41,33,31,35,34,22,37,44,45,30,8,33,40,26,37,29,16,71,48,45,18,31,56,21,7,22,16,16,22,21,22,11,17,16,18,6,5,24,10,22,20,20,3,7,14,18,10,16,23,16,5,21,17,15,18
"COG0531",223,47,37,56,84,83,57,107,108,109,237,93,95,259,79,210,64,105,77,57,279,124,48,46,80,20,95,82,85,76,86,96,82,91,81,84,95,63,98,79,85,62,61,77,60,79,89,17,18,32,53,63,106,59,176,271,90,95,67,80
"COG0532",70,92,80,86,58,76,104,89,66,91,99,88,63,78,74,66,71,96,93,49,51,46,55,93,82,85,71,76,85,142,90,39,35,105,65,64,65,113,46,93,72,96,92,73,64,51,73,84,85,105,59,115,64,62,105,97,68,40,68,61
"COG0533",49,71,40,67,42,54,51,43,43,55,53,47,45,56,29,35,72,65,66,37,39,25,39,59,50,67,48,58,48,44,57,41,35,49,62,40,55,75,40,48,63,39,52,68,53,44,68,48,38,67,41,30,45,51,53,38,43,30,41,55
"COG0534",694,671,705,750,808,820,663,662,721,851,660,574,680,901,670,535,1080,614,575,624,355,608,745,825,779,517,795,787,570,470,994,577,764,576,1038,738,673,791,553,797,755,500,710,724,785,715,653,351,507,705,697,519,502,824,409,398,695,725,654,776
"COG0535",80,77,47,112,85,106,87,79,68,104,65,66,93,49,103,123,73,69,60,89,64,38,125,83,61,84,75,84,83,55,80,49,34,44,61,53,66,30,94,20,42,24,37,36,43,40,45,51,89,43,33,66,55,33,28,7,32,67,24,83
"COG0536",42,70,64,48,57,60,61,48,51,53,48,33,44,55,52,60,43,54,47,35,33,33,50,40,51,56,46,70,57,61,50,36,35,67,42,37,34,62,47,55,51,60,70,38,50,34,49,70,52,45,24,47,48,58,62,63,55,61,44,40
"COG0537",26,43,34,44,40,33,38,33,37,31,38,43,34,39,39,31,32,36,26,48,17,25,30,34,44,37,34,47,35,30,35,30,36,32,33,33,46,25,61,29,29,45,43,40,42,41,37,42,34,53,31,31,37,32,30,41,49,46,43,46
"COG0538",35,36,61,38,39,50,64,49,36,39,32,36,56,35,47,27,45,24,37,44,26,25,41,51,50,72,33,47,50,58,35,26,49,28,31,44,43,36,52,50,47,60,58,31,39,47,32,71,65,42,43,56,40,46,50,52,56,48,54,64
"COG0539",60,87,60,96,87,97,90,93,82,64,73,51,107,62,66,75,78,80,90,67,54,34,52,101,83,81,80,71,74,102,87,72,73,83,79,84,68,117,66,95,113,98,87,77,83,71,93,113,102,96,68,79,70,72,65,66,72,88,69,70
"COG0540",41,42,43,53,56,54,63,35,42,57,46,39,44,36,32,46,52,47,48,36,46,30,30,45,49,74,56,52,54,68,50,33,47,43,60,42,40,47,42,57,50,37,51,38,53,44,42,64,72,44,39,59,33,52,65,48,48,53,39,32
"COG0541",54,64,62,53,82,64,68,79,61,55,63,57,67,70,56,71,64,70,58,57,45,30,49,68,77,77,76,58,50,70,60,66,56,72,61,62,57,79,48,62,66,54,88,55,72,49,48,64,66,59,45,72,60,61,56,69,53,44,60,43
"COG0542",194,280,317,213,274,314,285,232,258,232,301,172,326,312,197,276,304,266,238,179,248,163,201,264,195,233,303,263,230,319,270,200,297,282,240,289,196,327,222,220,288,254,290,265,262,227,237,271,262,292,209,231,204,226,224,291,246,202,215,239
"COG0543",88,69,80,88,115,102,114,83,107,105,53,77,102,78,122,84,106,74,130,84,53,113,79,82,106,76,75,108,113,155,71,101,101,77,78,104,103,102,121,120,82,120,94,97,91,100,95,105,148,95,72,119,94,92,71,54,94,105,91,94
"COG0544",93,100,89,121,121,94,93,76,91,125,88,38,103,108,62,96,124,70,70,50,55,46,104,98,74,91,96,111,81,62,56,26,36,40,39,50,36,47,58,23,44,37,33,31,59,29,45,32,48,51,38,32,29,48,31,31,40,50,40,35
"COG0545",48,27,103,61,80,66,99,82,74,46,7,73,72,30,56,29,33,28,73,82,61,50,62,31,64,107,44,79,92,136,29,69,75,32,26,58,85,11,109,62,52,115,82,80,43,66,43,170,132,162,58,95,108,61,103,79,145,66,109,59
"COG0546",73,72,99,60,46,83,75,82,70,83,86,77,63,78,60,116,70,91,68,73,62,76,67,70,76,98,86,95,87,48,112,62,80,71,90,65,84,92,72,67,109,70,68,72,76,85,87,75,90,101,64,80,59,72,77,71,69,94,61,86
"COG0547",36,18,39,25,25,34,32,37,38,36,27,27,36,35,44,61,23,42,30,21,29,21,30,33,31,41,46,25,37,29,27,27,47,22,40,33,34,25,34,33,42,42,35,30,29,28,23,27,21,18,35,31,44,34,40,43,29,38,43,43
"COG0548",66,42,29,42,44,43,35,42,32,39,26,26,39,44,34,52,47,39,43,38,48,28,37,37,37,32,50,41,48,51,29,35,44,29,48,42,46,37,39,30,40,43,40,41,34,35,43,52,40,33,47,30,26,31,57,45,41,44,34,37
"COG0549",43,20,20,14,12,9,13,21,16,24,28,14,14,41,10,9,15,24,12,13,49,10,11,26,11,10,13,15,6,7,13,15,19,31,25,16,19,23,2,7,9,7,10,19,13,16,18,2,7,18,12,9,4,20,15,20,20,11,5,17
"COG0550",282,216,342,307,371,360,231,261,283,279,211,238,339,248,362,248,379,250,365,222,193,159,220,250,280,235,332,253,253,276,270,268,351,311,292,276,246,353,232,299,295,239,354,275,257,295,255,304,267,273,236,289,273,286,256,225,230,226,373,318
"COG0551",83,65,43,52,42,47,32,22,42,49,80,24,29,93,22,70,45,77,26,18,30,35,42,51,22,50,42,35,29,19,83,20,29,85,77,45,40,89,17,53,65,28,26,57,43,37,48,11,17,51,33,21,14,44,32,36,36,45,33,63
"COG0552",25,57,19,32,32,39,42,39,32,33,45,21,29,50,31,33,33,47,50,26,30,26,39,38,33,62,47,64,32,22,40,30,25,55,25,34,37,40,35,28,47,31,31,35,34,40,35,33,26,40,21,27,24,56,40,71,27,20,27,33
"COG0553",90,95,117,134,164,127,185,83,108,109,98,445,193,138,142,115,198,89,113,102,133,187,147,102,90,155,105,160,225,64,182,75,79,131,78,162,176,114,75,163,158,205,135,123,148,86,175,212,305,132,170,178,169,115,195,152,88,63,132,204
"COG0554",58,51,38,31,39,42,24,39,47,53,56,20,46,74,36,27,48,63,30,32,38,31,35,38,43,36,42,62,25,22,56,20,32,54,62,36,39,64,32,24,37,15,34,44,42,37,42,14,11,31,28,27,22,61,29,29,32,62,40,43
"COG0555",10,8,6,4,4,10,3,5,7,11,11,1,1,7,2,4,8,4,2,0,11,2,2,5,2,3,6,13,1,1,14,0,9,4,15,5,6,4,1,4,7,2,2,6,15,4,4,1,5,12,2,4,2,8,6,5,4,12,4,20
"COG0556",50,116,76,84,73,78,82,66,66,71,67,66,72,81,58,91,76,85,86,60,61,53,73,103,57,78,67,106,69,73,103,39,71,104,73,62,60,91,52,76,84,68,77,87,66,73,97,83,83,96,70,78,52,75,71,96,56,56,55,89
"COG0557",71,85,120,80,95,78,92,87,51,82,100,75,83,75,65,61,69,71,91,52,61,80,84,73,70,116,86,68,114,101,89,51,73,67,75,81,81,56,64,80,101,95,99,64,84,59,107,108,136,87,58,91,73,93,109,37,81,66,78,59
"COG0558",28,44,37,28,25,31,30,17,24,27,40,22,26,38,22,41,37,43,26,24,38,19,33,32,27,20,30,36,27,16,33,15,19,56,47,36,30,55,10,28,29,20,26,24,34,26,33,7,35,50,29,27,23,28,32,66,19,17,20,28
"COG0559",18,50,26,29,34,21,19,21,17,21,42,19,32,28,13,57,43,46,27,12,20,32,20,32,23,33,19,16,11,11,18,12,9,26,28,18,14,72,10,18,17,8,22,16,24,16,29,2,11,18,10,17,11,9,32,41,22,15,33,7
"COG0560",33,36,38,34,20,37,29,30,28,24,17,28,37,31,23,22,28,38,34,26,36,22,30,35,35,33,42,34,36,51,19,17,20,19,13,15,17,13,15,16,13,16,25,18,14,11,12,19,23,13,13,16,16,16,13,12,20,19,18,20
"COG0561",190,140,170,128,148,151,115,120,138,147,359,123,136,264,133,290,176,193,109,112,175,152,132,121,115,94,132,145,95,96,190,100,139,96,196,153,112,121,135,151,103,109,133,189,124,146,125,71,105,140,132,62,114,146,178,214,162,141,117,141
"COG0562",40,33,33,49,61,57,35,49,37,43,60,60,36,51,35,62,41,45,34,28,19,51,46,45,43,26,28,50,74,31,61,35,25,26,45,39,30,21,112,54,60,85,29,50,34,26,59,55,175,35,65,43,41,33,11,55,47,50,55,49
"COG0563",28,49,34,42,36,51,46,32,38,42,48,39,34,39,35,47,40,43,39,35,30,26,28,52,44,39,38,44,30,31,50,36,39,69,45,48,33,45,29,26,51,38,43,43,33,34,36,40,32,42,34,43,21,60,32,54,31,26,49,39
"COG0564",132,197,171,179,154,116,147,160,133,158,175,136,151,126,120,132,160,119,136,117,94,97,135,154,143,180,163,159,157,201,178,111,119,143,129,131,130,153,148,140,203,194,122,141,114,132,165,198,252,159,99,172,135,150,197,150,141,138,145,119
"COG0565",5,3,1,0,0,1,1,3,0,4,2,0,1,0,0,0,0,1,0,1,5,1,1,0,0,0,1,1,1,3,2,2,1,9,0,0,2,0,0,1,0,0,0,0,2,2,3,2,1,1,1,1,2,0,14,6,5,1,2,0
"COG0566",67,106,99,98,123,91,101,101,106,105,93,102,115,126,125,107,109,101,132,88,81,67,97,102,115,76,125,127,83,79,109,73,105,111,103,104,107,102,92,125,109,103,98,115,111,98,102,63,78,120,92,76,99,113,69,171,110,124,106,111
"COG0567",29,5,2,0,6,6,2,1,6,3,1,0,2,1,1,1,2,3,6,8,32,3,1,0,3,3,3,1,0,5,4,7,2,10,0,0,4,3,3,0,5,4,2,1,4,4,0,1,1,4,1,1,3,1,10,2,2,3,4,0
"COG0568",70,101,89,127,63,55,126,53,38,68,65,51,42,65,32,46,34,43,62,30,57,42,32,83,39,231,61,68,87,130,76,28,41,78,48,42,34,80,22,49,84,90,29,41,31,45,68,154,138,97,51,128,30,43,113,51,44,50,25,63
"COG0569",36,47,44,46,56,53,54,48,49,53,66,40,53,69,42,28,59,48,49,41,29,37,55,55,56,40,49,45,45,32,118,75,105,93,105,124,108,126,101,99,109,67,111,100,93,89,105,55,62,98,88,75,83,104,84,89,95,99,115,133
"COG0571",19,28,30,17,15,15,11,14,14,17,22,17,20,16,20,19,17,24,18,12,15,13,16,19,21,26,20,23,23,26,55,33,31,48,33,41,32,45,50,37,47,42,43,26,30,49,54,55,52,33,29,58,30,53,48,56,34,42,39,30
"COG0572",34,45,56,43,25,32,45,35,39,40,18,43,37,28,36,20,44,47,33,41,35,35,35,41,43,44,32,34,47,41,73,82,75,68,57,58,74,69,60,60,92,94,53,68,79,63,71,123,122,100,47,82,60,88,95,26,69,83,63,43
"COG0573",36,26,22,37,35,38,23,39,38,40,39,32,34,41,42,57,38,34,46,37,34,27,39,32,32,14,39,42,38,14,46,26,33,47,33,38,28,53,31,40,35,14,29,36,36,43,24,7,14,33,25,24,35,49,31,47,39,35,26,41
"COG0574",90,182,181,166,128,140,207,134,94,147,65,144,133,86,144,33,123,136,213,131,76,118,125,135,150,180,185,193,194,158,56,71,61,77,55,66,80,95,43,93,97,104,88,86,76,74,66,91,98,101,71,75,59,84,53,11,63,63,74,58
"COG0575",28,33,37,50,34,29,38,23,31,33,46,38,40,37,33,45,30,40,44,35,26,24,32,53,50,51,39,54,45,35,36,28,27,34,29,37,33,28,29,42,49,58,43,40,35,32,31,63,52,38,43,44,38,45,46,40,38,47,48,31
"COG0576",21,42,31,40,24,26,34,31,33,22,19,28,29,33,25,27,23,27,36,26,35,26,23,32,27,34,21,38,30,37,29,23,40,34,26,34,28,31,36,26,39,42,26,17,38,36,29,43,48,35,26,30,32,31,32,26,44,19,16,17
"COG0577",266,339,320,335,348,397,260,308,353,321,581,324,324,450,260,318,371,394,281,262,220,190,329,334,319,241,303,342,267,239,445,278,374,367,380,363,308,415,267,270,287,237,414,355,346,419,267,183,236,360,268,242,267,326,250,560,287,288,326,345
"COG0578",27,6,2,1,13,18,8,26,10,7,21,18,8,4,13,1,11,8,27,13,45,15,3,7,13,3,9,7,12,5,4,18,12,5,3,6,10,8,12,17,6,9,24,20,10,4,6,2,4,4,3,9,14,14,18,9,23,5,19,2
"COG0579",43,27,17,37,11,25,15,21,25,25,15,12,3,25,8,24,31,35,5,9,21,20,13,16,17,9,28,20,14,8,19,12,17,20,25,20,26,36,6,25,19,6,15,27,23,21,13,5,17,17,19,10,11,26,23,11,11,14,14,7
"COG0580",29,16,5,10,10,11,8,11,9,14,52,13,15,24,13,25,7,22,10,15,34,22,14,4,9,4,19,9,5,4,11,24,13,14,10,13,30,9,7,15,11,7,22,12,13,12,9,3,1,13,13,4,14,14,22,59,11,10,6,14
"COG0581",36,31,23,16,42,33,19,27,27,34,42,36,25,49,38,57,34,35,35,35,33,27,33,40,34,22,48,35,32,22,27,19,30,42,40,39,31,49,34,33,40,26,30,41,30,33,25,5,11,27,36,20,29,37,22,68,35,26,23,34
"COG0582",470,637,416,573,507,488,373,419,465,525,451,492,475,448,391,370,585,498,510,341,719,372,451,583,539,353,605,482,354,512,618,454,594,628,496,475,367,702,344,516,569,394,516,806,497,464,701,397,197,678,458,213,302,484,230,361,631,406,423,420
"COG0583",595,355,193,239,260,241,208,232,231,347,485,204,183,402,158,488,356,370,209,177,602,314,176,213,206,211,235,248,211,192,320,238,187,274,325,222,321,293,167,203,291,208,162,195,219,247,268,124,247,220,170,240,212,209,368,281,246,245,156,207
"COG0584",56,63,61,100,93,59,60,46,75,68,67,65,62,88,114,42,78,130,87,99,57,134,83,54,65,34,69,64,64,99,59,92,87,61,54,75,65,99,73,69,69,36,76,88,91,41,83,64,86,33,87,44,78,94,47,62,71,61,71,112
"COG0585",8,1,0,0,1,0,5,0,2,5,2,0,0,1,0,0,2,0,0,0,7,3,0,0,0,0,0,0,2,1,2,3,1,3,0,1,6,1,0,0,0,0,0,0,1,0,0,2,0,0,0,1,0,0,9,1,0,1,2,0
"COG0586",41,17,10,17,18,19,32,27,29,19,19,24,23,21,25,27,19,22,20,39,55,16,9,15,32,30,12,24,22,34,17,34,27,10,4,21,15,13,39,16,17,31,25,23,14,38,21,23,27,11,26,34,28,21,44,62,34,14,23,13
"COG0587",141,191,171,178,173,155,168,151,148,165,159,706,129,170,111,139,135,154,170,175,147,96,114,142,157,172,168,179,133,149,152,124,134,199,152,145,166,179,153,156,160,180,150,149,123,143,127,159,124,186,174,148,120,154,161,163,149,122,153,128
"COG0588",17,13,4,7,13,14,6,24,27,12,14,24,30,19,23,9,8,11,17,24,21,26,11,17,29,4,29,8,24,10,14,19,28,12,9,17,20,13,33,12,18,15,21,21,18,19,19,0,4,11,13,16,41,8,10,28,38,32,23,11
"COG0589",61,46,55,63,57,60,73,86,57,42,47,87,90,35,95,71,54,63,106,91,67,98,49,24,80,79,64,58,104,107,22,97,82,27,24,71,67,29,80,63,59,114,109,79,53,83,60,88,93,38,91,96,110,67,80,104,94,69,88,69
"COG0590",34,49,42,42,32,27,30,40,20,41,24,39,31,26,24,41,30,30,44,22,23,26,30,25,38,49,36,34,34,41,37,25,23,41,35,28,34,25,26,29,31,41,36,26,25,26,44,63,45,39,29,39,42,22,43,22,42,23,33,26
"COG0591",55,132,80,106,100,98,92,120,111,57,57,122,102,83,170,225,103,120,122,135,52,138,132,95,115,77,126,94,104,72,78,109,113,78,90,100,54,91,97,87,116,90,104,118,109,122,103,56,67,65,138,58,123,121,85,103,110,110,101,86
"COG0592",60,104,58,72,59,58,53,52,60,62,94,62,75,73,63,63,65,76,71,50,65,38,42,75,72,48,61,55,66,67,73,55,55,79,77,53,60,73,51,77,87,77,60,78,67,61,66,71,68,76,65,63,88,65,46,77,48,52,47,63
"COG0593",9,30,28,14,10,24,13,24,16,24,4,33,26,11,29,46,12,34,35,36,34,24,14,28,32,26,24,16,16,10,23,35,25,29,17,19,20,21,21,25,26,12,34,48,19,35,18,9,13,20,28,14,28,39,15,39,29,28,34,35
"COG0594",22,22,11,16,11,12,10,11,13,14,35,3,5,22,1,24,13,6,9,4,13,5,10,19,11,15,19,11,6,1,22,8,9,19,18,10,11,22,11,10,24,8,7,18,15,12,19,3,6,15,14,6,4,15,19,11,6,15,1,14
"COG0595",36,82,40,64,32,47,39,34,31,44,103,19,25,105,24,102,60,65,36,12,24,18,35,71,26,20,42,44,14,15,69,15,26,99,69,43,26,80,19,38,48,12,23,49,29,38,60,5,58,41,19,14,8,42,26,119,23,52,16,30
"COG0596",92,64,48,51,39,43,51,48,41,65,122,54,25,116,32,39,64,49,43,32,89,43,42,94,37,55,43,60,22,18,57,25,25,72,77,53,43,117,25,39,54,21,28,42,43,34,44,39,18,51,37,39,66,40,79,112,29,41,16,29
"COG0597",22,24,18,18,21,14,14,12,7,18,33,10,12,35,7,27,16,21,9,7,15,13,18,17,9,22,9,14,13,7,24,7,15,26,34,16,9,29,12,14,17,4,6,16,9,9,26,4,10,30,19,9,7,22,15,38,11,10,4,19
"COG0598",54,59,43,53,38,55,45,65,68,54,66,71,53,65,63,42,33,41,60,49,67,76,65,47,56,55,53,52,55,54,46,65,62,48,61,48,76,25,81,72,41,60,55,58,54,69,75,61,53,73,55,50,89,57,68,54,66,63,64,56
"COG0599",25,18,18,28,18,37,17,37,21,8,26,37,39,25,48,30,15,29,25,23,35,23,35,22,49,22,22,24,32,21,22,35,35,22,21,24,24,13,14,15,35,17,34,25,29,22,40,10,35,22,23,29,19,22,17,26,50,30,23,14
"COG0600",43,26,28,38,33,28,22,25,34,42,34,22,32,50,27,40,55,29,33,10,54,32,20,53,40,24,24,28,33,16,23,14,14,31,21,10,13,14,8,19,13,4,8,16,15,15,15,3,10,22,13,10,7,11,13,32,12,9,8,14
"COG0601",87,89,39,44,73,54,56,75,57,70,143,45,45,159,48,180,69,89,33,23,95,87,41,66,61,25,50,53,40,35,91,35,35,109,106,46,64,135,32,71,50,28,42,60,44,76,54,24,20,53,34,39,21,52,88,180,61,43,51,58
"COG0602",35,40,35,78,33,41,64,45,42,47,51,416,42,38,34,60,41,45,44,29,40,23,40,43,41,61,43,55,43,41,59,40,44,28,24,38,41,45,36,46,52,44,42,39,23,42,77,42,36,29,39,42,46,48,42,48,43,46,36,54
"COG0603",17,10,10,36,33,18,23,27,28,26,11,35,18,13,17,10,13,12,33,27,12,18,18,17,19,31,11,34,22,39,12,29,30,12,15,12,28,17,16,23,17,49,16,15,24,14,63,37,37,31,16,28,31,21,21,8,35,16,26,16
"COG0604",16,8,0,1,0,3,2,5,3,6,50,6,1,14,1,6,1,16,2,7,36,11,0,0,2,1,0,1,2,2,2,4,3,5,2,0,8,2,1,0,3,0,1,7,1,7,0,3,0,1,4,2,5,0,19,42,0,2,0,0
"COG0605",9,13,4,10,13,11,5,13,18,15,8,38,7,5,14,2,10,9,16,18,14,11,17,19,29,4,18,10,13,12,11,17,24,11,5,9,25,10,10,18,12,20,12,10,10,25,16,5,6,13,22,7,12,22,9,3,25,8,14,6
"COG0606",32,41,30,33,49,36,27,31,49,22,20,26,44,29,32,39,33,28,31,19,32,23,25,35,31,30,28,38,28,46,81,55,62,63,66,75,65,63,70,73,79,66,55,55,53,39,58,58,67,66,34,51,55,67,76,73,54,71,67,55
"COG0607",69,34,20,49,83,37,55,76,69,62,49,56,52,21,83,18,59,59,66,101,50,68,56,36,65,57,59,66,75,44,56,64,63,47,38,64,90,36,81,83,56,55,71,69,48,52,67,26,65,89,44,58,88,56,54,24,102,63,105,62
"COG0608",64,78,76,61,49,74,96,79,79,63,65,68,61,66,70,49,69,103,97,55,55,50,54,82,71,78,79,60,69,65,80,75,48,85,67,52,71,79,68,93,78,93,85,75,68,79,84,80,91,70,65,80,54,68,67,33,56,54,76,67
"COG0609",94,54,55,76,71,69,65,78,89,66,87,67,78,86,93,120,59,77,63,76,71,93,55,63,100,48,57,69,64,77,60,68,94,58,93,64,58,94,67,98,67,49,107,65,69,63,70,37,53,60,67,75,54,74,74,31,85,75,56,80
"COG0610",86,124,228,187,158,175,159,129,125,97,114,159,80,101,100,75,136,173,127,106,129,95,109,148,162,201,110,195,124,41,139,66,104,124,105,119,72,165,69,137,147,182,59,134,117,35,133,147,108,219,110,55,142,170,91,40,79,113,119,96
"COG0611",16,19,2,11,14,11,15,19,17,18,8,21,19,2,17,0,3,10,15,21,32,16,16,9,17,22,26,11,21,15,9,19,6,9,0,15,21,10,14,26,16,19,18,22,20,7,12,0,5,6,11,11,18,5,9,4,9,16,18,8
"COG0612",114,148,231,143,160,157,147,199,185,133,86,222,183,62,208,30,166,154,270,247,170,195,190,136,239,180,244,198,225,224,114,200,182,177,46,146,162,140,163,218,170,256,219,197,178,161,158,259,276,270,186,187,234,218,152,43,213,172,221,158
"COG0613",28,51,17,43,37,17,25,18,34,31,15,17,21,27,15,48,36,54,20,10,24,26,11,35,21,14,25,29,18,12,29,14,12,50,34,23,21,35,16,30,18,5,14,35,19,14,23,1,8,28,12,16,5,28,20,51,18,14,9,12
"COG0614",80,67,59,81,104,78,88,102,100,78,89,80,88,63,78,115,87,99,92,91,81,108,65,90,105,51,86,78,90,67,89,90,113,63,102,95,72,118,91,110,76,68,113,82,92,101,85,45,65,76,69,55,69,85,81,29,90,87,81,83
"COG0615",17,16,29,31,11,15,82,19,31,5,24,30,16,34,8,14,14,15,17,22,36,24,22,27,28,58,27,21,33,59,23,40,21,24,14,17,17,12,27,9,35,86,25,20,20,33,27,15,77,7,18,11,4,51,51,14,10,23,42,11
"COG0616",56,25,49,39,35,30,43,53,55,36,5,57,37,4,38,1,28,34,62,51,83,45,49,34,44,90,49,28,49,63,23,50,36,40,13,32,38,24,26,51,36,41,59,53,32,46,34,65,55,36,34,56,58,43,46,12,33,20,57,32
"COG0617",59,52,65,58,51,67,64,54,49,56,66,55,48,71,53,77,48,73,70,56,71,60,48,55,62,81,57,83,45,60,55,40,41,77,62,44,50,61,40,50,64,64,53,62,57,47,55,52,48,58,59,57,64,56,76,78,47,41,50,54
"COG0618",33,64,65,65,47,51,74,40,48,66,43,44,56,41,24,30,55,46,39,32,36,33,50,85,44,54,61,54,63,64,46,39,37,56,60,61,55,53,59,43,65,59,37,43,59,55,62,57,56,73,66,62,40,72,40,20,46,51,43,49
"COG0619",50,80,34,43,34,40,40,31,46,39,155,26,30,117,11,145,77,87,41,18,40,16,26,76,34,26,41,64,23,11,71,19,35,70,69,47,29,103,29,35,51,14,40,54,36,38,49,9,17,48,41,23,18,44,56,130,25,41,22,65
"COG0620",47,25,45,62,41,25,75,39,50,40,122,33,17,73,14,74,20,33,33,17,56,13,15,38,17,46,28,46,37,40,22,16,12,16,19,11,12,14,8,13,22,11,18,20,16,21,15,43,23,36,15,29,9,19,44,49,11,15,13,18
"COG0621",114,219,153,144,181,144,175,184,155,155,80,131,170,128,148,142,159,164,186,136,98,131,141,185,150,180,171,185,165,168,175,141,154,194,131,153,177,188,157,180,173,177,147,140,151,112,147,143,180,219,147,173,156,182,155,97,181,144,176,147
"COG0622",42,47,38,35,42,42,32,23,39,31,48,32,32,46,36,41,55,46,32,23,34,31,28,44,41,45,34,51,35,30,46,27,40,40,35,41,57,36,31,34,33,42,31,39,29,39,25,27,40,49,35,24,39,47,26,17,44,30,30,40
"COG0623",8,5,4,12,9,5,18,10,14,1,5,10,9,3,7,0,4,3,16,10,13,4,8,7,16,7,11,8,7,28,12,24,12,13,2,11,22,7,18,24,8,36,24,21,13,7,15,49,32,17,22,18,29,20,27,3,27,6,20,9
"COG0624",38,53,33,37,67,62,30,45,41,38,60,52,50,47,37,63,45,79,72,48,58,100,30,39,51,51,52,52,68,39,99,118,87,117,71,91,105,149,77,123,146,97,125,123,93,87,81,65,57,61,82,97,106,82,73,123,151,64,109,85
"COG0625",59,9,2,2,2,1,9,7,7,13,21,0,2,12,0,0,3,7,4,6,55,13,0,1,0,5,1,0,1,6,1,7,0,8,1,2,11,2,4,0,4,3,1,1,1,1,3,4,2,1,2,9,0,0,36,11,3,0,5,0
"COG0626",29,25,12,12,18,14,7,14,10,11,46,14,4,40,6,28,7,20,15,5,51,33,5,14,5,17,8,22,9,11,20,15,12,7,12,8,11,9,9,8,15,5,7,32,6,13,5,5,5,15,21,11,9,13,27,72,8,5,3,16
"COG0627",28,16,12,16,25,25,20,26,38,25,26,49,32,39,42,25,25,26,43,42,31,47,29,28,44,8,46,45,30,14,26,42,45,33,18,27,36,32,32,36,20,22,43,22,37,22,12,3,11,23,55,20,66,27,11,73,42,26,72,46
"COG0628",135,124,93,119,80,98,98,75,125,109,105,112,90,128,83,58,107,110,88,95,110,88,85,133,101,82,101,81,88,82,107,101,108,142,85,92,94,115,88,86,101,80,95,104,93,89,102,77,81,121,79,86,98,115,87,86,110,93,125,84
"COG0629",24,34,22,32,19,23,21,15,22,26,37,15,18,18,15,35,21,20,21,21,48,20,16,31,24,9,25,27,22,12,67,29,30,76,54,54,22,90,37,33,60,31,36,51,39,43,62,21,38,59,55,25,26,48,55,86,107,38,26,52
"COG0630",15,0,2,4,2,5,3,2,9,11,0,0,1,5,0,0,1,2,0,0,0,0,0,4,1,2,0,8,2,0,3,3,0,1,7,4,1,2,4,4,3,1,2,0,16,6,2,2,4,3,1,1,0,5,0,9,0,1,5,1
"COG0631",29,59,60,60,17,39,47,18,15,43,41,24,33,85,11,74,41,60,28,22,35,20,32,62,35,64,49,54,42,6,68,20,34,56,39,38,20,65,28,23,66,12,24,61,55,31,43,68,58,70,53,31,21,47,33,86,31,27,37,34
"COG0632",11,34,36,31,35,31,32,33,38,29,39,29,31,26,21,37,33,27,33,24,29,17,32,36,31,22,36,42,25,42,46,26,30,53,31,29,21,26,28,29,34,38,35,37,30,21,26,41,44,34,23,33,30,31,25,33,40,30,32,29
"COG0633",13,4,2,0,2,0,0,4,1,7,3,1,1,1,2,0,2,2,1,4,27,5,0,0,0,0,0,0,1,7,0,1,1,7,0,0,3,0,2,0,0,2,0,2,0,0,0,0,0,0,5,2,0,0,16,7,0,1,2,0
"COG0634",27,39,33,38,32,25,32,33,34,23,30,30,32,41,28,30,29,22,29,28,31,29,21,28,37,32,25,44,34,29,34,25,36,38,28,36,41,29,30,35,29,28,28,40,33,38,41,34,39,32,39,25,41,32,21,53,32,34,29,37
"COG0635",89,117,74,92,76,93,77,92,85,103,77,54,78,98,57,135,100,118,65,62,70,87,57,71,60,96,75,92,72,64,86,80,75,102,93,71,77,97,64,91,86,77,73,94,76,73,93,61,86,92,61,75,72,74,70,73,66,85,55,106
"COG0636",17,32,12,19,24,27,19,13,15,13,16,24,13,14,11,17,18,19,12,21,15,12,14,32,26,16,15,14,14,11,17,12,15,19,29,22,29,26,32,23,24,19,23,32,30,18,26,2,3,10,20,21,26,26,9,7,26,21,13,25
"COG0637",88,75,80,79,83,76,92,85,94,83,69,58,65,108,60,151,100,79,85,73,77,69,88,86,80,63,76,104,80,60,110,57,84,53,110,85,96,57,96,63,76,84,78,82,75,83,73,69,73,54,84,69,99,82,93,87,80,76,76,89
"COG0639",31,13,19,11,27,14,28,19,15,15,24,31,29,42,17,3,13,10,16,24,41,18,26,28,28,14,34,7,18,12,30,23,32,26,17,26,18,25,33,18,14,10,26,13,18,24,25,6,6,9,34,15,34,14,14,8,16,24,19,20
"COG0640",40,47,24,27,22,27,18,18,24,19,49,12,19,48,7,40,30,33,15,16,14,27,28,30,22,21,13,37,6,4,37,15,17,20,30,26,33,31,10,15,38,7,13,12,27,19,20,5,20,24,19,9,9,24,13,34,10,17,15,21
"COG0641",110,106,186,127,100,126,111,87,103,94,107,129,145,89,76,75,82,83,119,128,97,86,109,95,122,261,88,90,111,73,139,143,113,96,134,149,172,97,121,79,131,73,71,84,147,158,148,251,57,115,99,167,158,90,75,54,99,142,85,138
"COG0642",1394,1227,1576,1378,1649,1601,1358,1720,1818,1388,1112,1941,1747,1118,2229,745,1600,1477,1773,2688,1056,2736,2927,1653,1828,1016,1741,1080,1725,1433,1396,2262,2050,1436,1411,1699,1706,1207,2054,1494,1337,1390,1871,1847,2089,2152,1442,1260,965,1308,2339,1288,2530,1649,974,799,1759,1836,1906,1832
"COG0643",28,13,17,5,5,9,20,12,11,49,3,9,7,14,2,3,4,7,4,3,20,6,13,22,7,28,17,13,9,1,13,4,13,9,24,15,13,2,9,13,13,2,4,3,9,13,16,4,8,19,26,17,4,21,12,5,7,19,7,10
"COG0644",36,3,3,0,4,0,6,6,4,7,1,0,1,2,1,1,1,5,1,2,48,6,0,1,1,6,1,3,5,8,2,6,1,15,0,3,11,3,1,2,3,0,1,0,0,5,0,3,0,0,2,3,2,0,18,6,1,0,5,0
"COG0645",0,5,0,1,0,0,0,0,0,1,2,0,0,0,0,0,0,0,0,0,0,0,0,1,0,0,0,0,0,0,0,0,0,0,0,0,0,3,0,0,0,0,0,0,0,0,3,0,1,0,0,0,0,0,0,0,0,0,0,0
"COG0646",107,76,68,82,126,97,112,106,118,124,29,77,117,94,117,122,98,107,108,72,75,68,94,83,77,77,92,95,89,96,94,113,116,60,110,101,87,74,102,103,86,86,119,92,125,108,69,99,91,110,77,96,93,103,83,32,81,85,100,109
"COG0647",12,32,9,20,7,7,7,5,9,6,30,8,9,18,5,34,13,28,17,7,19,12,3,22,9,3,13,14,4,3,12,5,10,21,6,5,7,26,1,5,21,2,3,20,6,5,10,2,3,5,6,6,9,11,21,44,5,4,4,1
"COG0648",26,29,20,20,31,42,28,29,45,37,13,25,36,33,33,26,33,28,25,36,23,37,28,34,40,11,23,29,31,12,33,38,37,42,25,31,30,36,30,24,34,12,33,38,34,30,35,9,13,22,36,12,24,43,13,14,35,44,37,46
"COG0649",20,14,15,28,25,31,37,34,26,27,3,44,39,5,30,1,23,20,41,31,38,22,29,16,38,19,35,33,38,55,12,26,39,15,7,37,38,12,48,48,31,54,49,33,24,35,19,53,43,36,33,41,42,36,16,6,47,24,41,25
"COG0650",7,4,0,1,0,2,2,3,1,6,0,0,1,0,1,0,2,4,1,2,11,2,0,0,2,0,1,0,2,1,0,1,0,8,0,2,5,6,2,5,4,2,3,9,3,3,3,0,1,1,1,6,0,2,13,4,5,1,1,0
"COG0651",42,14,6,18,6,6,11,25,23,20,4,15,16,4,15,3,27,20,19,11,49,40,12,6,24,0,12,7,16,9,3,3,17,21,6,9,20,27,5,27,21,6,19,11,14,15,25,4,2,6,9,8,3,14,26,5,22,7,19,0
"COG0652",51,66,50,49,62,48,63,48,41,51,76,79,43,50,33,40,50,51,40,28,51,31,36,54,48,53,41,35,41,49,48,35,38,61,47,42,53,64,33,37,43,54,35,43,48,44,51,61,69,58,31,55,37,38,45,35,43,34,45,51
"COG0653",113,166,124,127,115,141,175,120,136,150,167,95,129,161,90,104,139,154,155,106,121,79,114,152,144,164,129,153,120,103,143,72,104,153,144,116,98,173,85,113,130,128,117,107,132,107,125,145,98,167,131,122,89,113,104,144,107,89,102,116
"COG0654",43,6,0,9,2,1,6,10,10,16,6,1,5,4,3,0,1,8,6,10,49,10,0,3,0,17,1,0,1,6,3,1,4,10,1,2,14,10,1,0,13,2,1,2,1,3,5,1,0,1,1,26,4,0,42,14,0,14,3,0
"COG0655",41,58,29,44,40,39,24,52,43,55,41,36,37,54,46,67,45,89,42,20,36,54,30,63,49,26,44,40,39,47,64,31,36,54,63,52,37,48,52,58,48,62,32,56,57,43,58,7,19,55,43,26,39,46,30,25,39,62,27,56
"COG0656",69,30,53,37,34,32,21,28,27,23,88,28,53,103,73,46,40,49,54,49,52,60,57,24,25,52,26,30,57,33,50,77,56,27,28,54,40,32,60,28,50,43,30,60,52,39,40,13,13,14,21,34,53,58,44,81,62,50,30,39
"COG0657",80,104,85,103,98,100,94,82,87,91,63,63,90,124,111,76,145,146,84,120,115,90,140,89,85,65,101,85,116,101,90,90,60,70,100,112,80,131,89,79,109,62,89,98,105,138,58,88,64,83,118,63,100,98,51,116,82,85,101,109
"COG0658",41,61,36,36,35,62,46,51,70,54,90,65,37,68,57,85,54,37,74,54,52,42,60,57,52,46,68,75,47,22,38,23,22,29,40,35,30,36,24,30,47,33,20,35,28,28,19,11,15,35,22,21,26,54,8,28,23,25,28,32
"COG0659",61,45,58,53,52,54,73,103,58,105,42,58,73,59,67,44,34,44,58,46,32,49,61,43,78,71,85,64,77,94,51,49,71,30,82,84,66,28,93,66,55,79,58,38,76,48,77,74,74,61,76,84,70,57,67,16,70,84,46,56
"COG0661",16,7,13,2,0,3,3,6,8,9,31,12,11,46,1,86,8,21,7,3,33,13,2,3,4,2,5,7,6,4,14,6,5,25,13,13,7,9,9,6,7,8,5,23,4,5,8,4,3,8,5,4,3,6,39,85,0,14,1,13
"COG0662",46,19,26,22,14,12,16,21,27,56,16,8,11,24,8,16,49,19,6,3,26,33,16,33,11,17,17,26,27,46,22,27,18,16,46,18,32,20,15,28,17,26,10,17,41,19,32,24,43,28,34,40,5,20,34,10,12,36,11,22
"COG0663",45,19,20,17,20,30,25,21,18,22,11,39,20,19,25,22,19,15,23,19,28,15,20,19,23,15,29,24,15,21,25,28,21,14,14,21,29,4,20,18,23,36,32,19,17,27,19,20,12,12,11,27,27,10,32,7,20,12,21,24
"COG0664",100,119,90,118,100,99,85,146,143,77,95,164,105,120,134,72,110,90,111,156,68,154,132,82,121,96,108,115,111,134,99,160,109,105,58,122,127,91,148,169,83,142,105,131,115,156,111,115,127,117,143,70,159,150,107,58,131,102,130,122
"COG0665",73,12,3,10,4,7,10,17,13,21,48,7,10,9,9,3,15,23,7,11,61,10,4,11,13,24,24,17,8,8,23,8,10,36,1,11,33,18,8,5,13,4,5,6,13,15,15,9,3,18,2,18,7,16,35,10,4,9,27,8
"COG0666",42,13,5,31,32,53,20,19,33,15,6,31,12,7,8,2,35,23,42,38,68,40,10,38,23,15,27,12,21,13,19,45,69,9,7,10,11,14,38,40,16,22,71,60,14,8,50,8,9,12,14,8,16,8,24,12,23,4,25,0
"COG0667",91,49,81,70,60,81,63,86,82,72,62,84,71,95,164,101,92,83,76,95,133,117,106,76,105,36,89,84,66,67,74,94,88,68,64,77,93,87,87,59,86,78,66,80,98,62,71,77,30,48,96,65,69,65,77,152,84,108,90,80
"COG0668",90,76,79,80,90,112,81,112,149,69,62,116,113,57,136,50,86,126,112,147,105,127,122,89,96,86,95,86,133,158,37,65,61,34,25,33,63,20,66,65,38,75,53,63,45,68,41,76,68,41,46,56,69,71,37,40,61,52,62,44
"COG0669",20,44,24,32,32,27,35,28,20,32,30,21,29,31,43,23,36,33,29,22,19,22,26,24,35,19,33,36,22,26,21,19,37,42,17,41,18,28,32,23,35,33,26,40,20,26,32,19,42,21,23,31,30,27,31,19,31,48,33,30
"COG0670",24,13,19,11,11,6,19,13,9,16,23,8,3,18,7,12,10,7,20,2,29,14,2,4,8,41,0,20,17,20,15,5,0,2,1,4,16,6,2,13,16,26,0,7,6,10,13,60,46,33,2,18,1,10,47,19,4,9,12,0
"COG0671",53,43,52,44,33,46,34,28,47,52,61,31,26,51,25,16,34,33,41,30,33,32,45,29,38,49,38,51,54,51,56,22,31,47,35,38,50,49,41,31,59,78,46,48,38,21,37,57,85,73,27,61,26,38,69,31,37,25,39,71
"COG0672",12,3,3,0,4,3,2,1,0,2,25,1,0,9,0,18,1,0,4,5,17,5,0,0,2,1,0,3,2,1,2,0,2,2,4,0,2,1,1,0,1,0,2,0,1,0,0,0,1,0,3,1,2,0,12,30,2,1,0,0
"COG0673",164,173,131,130,222,129,219,183,205,170,237,200,197,156,214,152,167,151,176,231,184,236,209,159,225,130,184,158,219,186,148,259,189,302,173,186,178,199,242,189,201,217,185,226,205,190,151,108,161,114,237,114,207,191,126,155,188,140,211,224
"COG0674",45,85,67,88,97,108,99,112,91,69,27,102,106,44,122,85,80,128,138,100,42,71,71,77,137,68,85,119,91,135,129,223,207,164,210,199,152,152,166,217,229,231,239,148,144,165,207,219,196,192,134,213,166,204,194,36,237,180,208,140
"COG0675",101,39,46,204,45,44,42,93,60,33,191,57,16,189,28,658,37,40,38,34,54,17,33,44,67,30,32,139,26,60,101,22,57,26,145,53,49,14,124,111,28,91,23,82,41,36,95,24,117,35,24,18,47,40,107,82,86,134,13,60
"COG0676",11,1,0,2,1,0,1,0,2,1,2,1,1,10,0,9,0,2,3,1,16,2,0,0,0,0,0,4,1,2,0,0,0,5,1,0,2,5,0,0,1,1,0,5,0,4,0,0,0,0,0,1,0,0,9,40,0,0,0,0
"COG0677",22,34,26,42,19,25,16,50,58,21,3,50,26,8,12,0,13,23,27,38,27,49,30,32,54,17,13,9,36,38,18,93,31,43,14,17,36,18,23,51,31,17,60,20,26,49,32,51,30,48,78,25,25,41,26,4,47,45,49,16
"COG0678",0,0,0,0,0,0,0,0,0,0,3,0,0,0,0,0,0,0,1,0,0,0,0,0,0,0,0,0,0,0,0,0,0,0,0,0,0,0,0,0,0,0,0,0,0,0,0,0,1,1,0,0,0,0,0,0,0,0,0,0
"COG0679",51,41,53,56,48,56,45,50,53,66,89,24,37,93,27,167,76,62,53,20,37,37,22,45,31,59,57,86,33,40,86,24,31,39,97,44,69,87,27,39,68,54,44,62,43,43,57,47,44,56,37,49,24,41,78,130,32,40,42,48
"COG0680",9,4,1,1,3,3,5,2,5,4,2,3,5,1,0,16,2,5,2,4,19,0,1,0,3,0,1,2,0,2,3,7,4,6,6,4,2,4,0,4,2,2,5,3,2,4,3,2,1,1,0,3,3,1,9,1,3,3,7,0
"COG0681",77,124,65,77,89,97,70,105,94,78,60,80,95,94,88,47,52,86,80,98,54,64,120,98,109,75,112,117,104,83,96,86,103,114,71,111,127,125,123,104,92,95,108,106,98,116,78,57,70,114,97,98,148,106,73,85,107,95,120,110
"COG0682",20,26,25,22,25,24,27,18,24,25,20,22,23,29,20,36,34,20,17,6,15,10,22,25,14,37,32,31,20,29,53,48,31,43,49,41,46,52,51,37,58,52,26,37,40,37,65,65,58,35,37,48,33,39,58,52,40,51,49,54
"COG0683",38,61,16,35,14,81,17,28,28,30,53,27,22,37,24,71,54,57,29,15,34,37,19,24,31,39,23,27,21,15,25,23,30,49,34,25,20,62,22,32,40,14,101,28,22,22,27,6,9,14,40,30,14,23,33,62,61,18,25,12
"COG0684",13,18,1,7,4,1,3,1,5,1,6,8,3,1,6,0,22,12,7,3,10,18,4,13,5,2,5,5,5,1,3,11,3,7,2,5,6,6,2,3,3,4,8,6,10,6,6,1,1,9,4,5,4,5,7,5,2,15,9,1
"COG0685",43,45,48,39,54,50,51,44,46,40,39,40,55,45,53,38,64,53,48,43,43,27,47,60,43,69,46,41,41,41,61,35,44,32,37,61,41,29,69,39,54,56,43,50,44,47,56,51,43,55,40,47,54,51,58,32,69,52,57,56
"COG0686",12,19,35,26,30,22,25,25,27,6,25,31,24,1,31,27,15,19,26,24,10,19,24,11,35,30,25,16,36,50,12,34,30,15,12,20,13,10,32,16,24,39,39,27,18,28,24,67,30,9,28,25,32,23,42,3,29,37,22,23
"COG0687",61,71,62,76,58,50,62,38,69,46,70,32,42,55,35,23,59,53,36,43,60,29,55,63,66,53,50,42,34,47,53,53,54,54,54,46,53,57,47,40,49,36,55,52,38,53,50,50,16,46,57,51,39,47,59,25,62,49,67,53
"COG0688",16,6,16,8,19,11,15,15,14,9,9,15,7,23,13,8,11,6,12,13,9,22,10,7,19,20,5,14,17,24,24,30,34,19,17,28,20,10,50,30,30,38,27,26,20,18,20,41,32,39,21,50,39,16,26,16,34,37,31,23
"COG0689",10,2,2,1,6,4,4,7,2,7,4,3,3,8,7,20,2,6,5,1,25,9,0,1,1,1,4,3,1,8,6,3,0,8,5,5,3,9,2,7,8,4,2,4,0,6,3,1,2,1,3,1,2,0,11,19,4,5,0,0
"COG0690",2,3,5,0,0,0,0,2,0,1,1,0,0,1,0,0,1,0,1,0,2,0,0,1,0,6,1,1,0,2,0,0,0,1,0,0,1,1,0,1,0,0,1,2,1,0,0,0,0,1,0,2,2,0,0,1,2,2,0,0
"COG0691",22,32,23,31,24,25,34,14,25,19,23,22,21,26,17,20,29,19,26,19,24,20,25,33,21,26,33,35,23,16,26,31,20,28,31,25,20,32,30,23,17,22,25,40,24,14,29,21,32,24,15,15,19,40,18,39,24,27,23,17
"COG0692",20,19,25,20,25,33,21,29,29,28,30,43,11,22,14,34,29,20,25,41,25,16,27,27,30,29,17,40,18,29,16,35,30,20,28,26,37,15,23,41,25,34,24,15,22,18,29,24,29,22,14,45,28,27,43,44,45,20,24,20
"COG0693",50,43,44,30,46,25,43,50,37,40,25,30,47,27,50,11,41,36,44,45,41,37,44,41,26,52,29,43,31,35,53,47,49,24,30,48,33,27,44,36,41,37,44,31,36,47,38,45,38,32,39,36,49,37,39,23,57,53,30,41
"COG0694",1,4,1,1,2,1,1,1,0,2,3,0,0,2,0,0,0,6,0,2,11,1,0,1,0,10,0,0,1,2,1,1,0,3,0,1,3,1,1,1,2,0,0,1,0,1,3,0,0,3,0,5,0,2,6,1,1,0,0,0
"COG0695",4,1,0,0,2,2,2,1,0,3,11,1,0,6,0,11,0,3,1,1,5,1,0,0,0,1,1,3,0,1,3,0,2,2,0,0,2,1,0,0,0,0,0,1,0,0,0,0,1,0,0,1,1,0,10,18,0,0,0,0
"COG0696",68,83,81,74,69,75,117,52,57,73,38,55,84,40,81,42,62,86,91,45,49,42,52,80,82,112,76,76,70,100,76,54,63,65,62,64,59,94,51,89,94,97,82,74,74,44,66,97,96,70,64,95,61,76,79,23,65,64,79,49
"COG0697",198,170,179,150,191,164,228,196,164,145,164,192,180,137,156,241,158,204,206,177,230,182,160,146,187,201,149,205,185,247,138,207,178,177,150,156,202,126,200,191,167,222,149,168,158,131,210,246,182,136,125,261,208,151,255,170,176,175,181,109
"COG0698",22,34,42,41,28,31,30,16,30,39,20,29,18,21,21,36,36,37,37,19,39,29,19,38,20,39,30,42,26,26,46,9,25,36,51,22,35,35,22,24,39,34,29,30,16,38,37,34,31,50,13,38,20,48,28,12,15,32,23,21
"COG0699",19,3,9,4,1,1,2,5,0,9,0,2,1,8,0,0,2,5,7,5,23,3,2,12,3,2,4,9,10,2,1,12,9,3,1,4,12,42,2,0,5,68,3,2,33,11,6,47,0,5,43,1,2,0,16,4,2,5,7,1
"COG0700",26,27,40,35,43,29,33,46,29,28,15,41,41,10,37,18,18,21,51,26,14,36,28,29,33,37,29,29,38,67,26,32,33,23,28,24,41,22,35,34,31,38,30,21,27,22,31,83,61,37,44,58,32,24,61,10,38,33,30,23
"COG0701",21,16,3,5,7,6,25,4,6,9,25,25,7,3,29,17,9,12,11,11,17,29,13,3,12,3,21,24,17,7,9,10,11,14,3,18,19,2,15,17,5,14,8,7,12,27,6,3,25,8,10,4,5,15,23,5,2,21,14,6
"COG0702",13,3,4,0,2,2,3,5,4,2,18,1,2,8,0,0,3,3,7,2,17,1,1,0,2,0,0,0,2,2,14,11,2,14,3,1,7,3,2,0,4,0,3,5,1,9,0,3,2,0,1,4,2,1,24,23,3,0,1,1
"COG0703",50,50,59,37,41,46,39,44,50,43,60,33,41,66,33,51,50,75,35,36,43,28,30,39,44,33,33,51,32,46,56,36,39,24,48,45,43,55,33,24,46,42,43,46,28,46,37,51,46,48,28,42,23,45,56,87,36,39,45,46
"COG0704",51,22,15,23,33,34,27,29,29,27,23,30,37,48,38,42,39,34,27,38,32,25,23,35,30,17,33,26,22,9,46,37,43,38,42,36,25,34,36,42,24,18,29,31,30,30,27,4,10,25,32,18,35,30,18,40,45,46,36,39
"COG0705",25,25,48,36,36,31,41,41,41,24,39,53,49,38,32,21,28,26,60,55,42,53,68,40,59,53,33,36,42,31,29,44,42,19,36,44,39,18,48,39,17,28,40,38,33,55,39,49,47,41,34,26,49,48,28,50,52,30,43,22
"COG0706",78,77,74,84,83,96,85,71,89,83,111,60,64,102,74,64,64,77,63,73,82,43,55,98,75,92,92,71,81,100,77,59,79,58,73,77,82,64,58,67,76,84,91,73,75,61,94,100,92,93,114,81,72,82,71,99,64,81,75,75
"COG0707",62,92,77,56,72,70,63,61,60,78,83,53,55,84,67,96,75,74,66,42,55,41,58,96,50,76,86,62,64,67,86,49,66,90,80,76,55,84,64,68,75,74,70,57,48,63,81,71,67,92,53,62,53,60,54,66,69,73,65,91
"COG0708",27,39,39,39,26,28,41,30,25,28,39,31,26,45,29,58,36,31,26,29,20,20,26,27,35,39,29,37,32,39,35,34,34,49,35,35,34,26,23,20,32,45,40,33,39,31,24,42,26,31,26,32,19,36,36,47,20,32,19,14
"COG0709",22,12,23,8,12,15,5,13,8,11,15,6,7,20,7,26,13,14,5,3,13,7,3,6,9,2,8,11,2,4,21,5,4,11,21,11,7,17,3,10,14,3,9,13,10,10,8,0,8,5,5,7,2,5,13,9,3,7,4,6
"COG0710",14,9,20,10,13,15,9,8,9,9,30,3,6,15,8,12,20,7,13,5,12,1,13,5,9,6,11,16,8,2,29,5,6,11,27,9,6,9,4,6,19,0,11,5,9,5,7,0,6,8,3,6,4,13,8,13,10,5,5,8
"COG0711",23,19,20,17,26,26,18,31,26,23,29,25,23,24,24,36,26,21,21,18,14,14,20,19,30,24,19,20,24,20,29,13,28,12,33,21,19,23,24,28,20,24,30,30,34,28,16,17,13,24,18,25,20,22,27,34,33,25,21,23
"COG0712",18,10,13,13,27,29,14,10,17,29,32,17,10,33,17,43,25,20,12,16,23,10,15,22,19,14,13,11,19,6,22,16,24,10,31,21,17,15,11,23,14,6,13,22,29,25,11,5,12,14,13,12,9,20,23,37,11,18,18,8
"COG0713",3,1,0,2,2,6,7,3,4,2,0,5,4,0,3,0,4,3,5,6,7,7,6,2,6,4,1,3,2,3,3,9,6,2,1,2,2,1,0,13,1,1,9,8,3,7,0,2,3,4,6,2,6,7,0,1,13,1,12,2
"COG0714",102,64,97,86,78,88,80,75,80,87,87,60,89,98,118,74,123,85,88,92,104,77,104,91,104,79,118,90,79,67,106,80,105,83,91,95,95,103,65,89,113,90,97,89,122,132,90,105,91,81,84,65,64,85,83,115,80,81,76,102
"COG0715",42,53,47,41,36,28,44,52,46,45,33,23,42,56,38,59,45,46,31,15,79,43,41,54,48,52,39,56,43,39,55,34,41,67,78,39,31,54,29,50,62,28,24,41,45,47,49,40,58,49,53,39,32,37,49,54,49,25,26,23
"COG0716",30,32,33,38,34,40,28,47,26,26,42,30,37,25,64,30,30,55,25,38,23,29,25,43,33,25,30,25,37,23,70,83,102,56,72,61,68,79,83,57,63,48,80,77,79,68,68,43,46,48,61,39,65,46,53,26,86,96,43,62
"COG0717",8,3,0,0,1,2,5,0,3,0,0,2,1,10,1,37,2,3,2,0,12,0,0,0,7,12,1,4,1,1,4,6,4,4,2,2,1,3,0,0,3,1,3,1,0,8,1,1,3,3,0,1,0,0,13,67,0,0,1,0
"COG0718",10,31,14,15,12,12,12,11,14,13,20,7,10,23,9,21,13,14,11,3,6,3,4,19,7,11,13,9,6,3,14,4,10,29,24,12,6,26,3,10,18,4,7,9,18,14,13,2,7,11,12,12,3,7,5,7,8,9,8,10
"COG0719",69,113,89,102,125,94,133,103,93,90,102,94,101,55,86,97,50,75,120,110,85,87,71,83,96,62,121,118,108,129,105,97,95,82,98,93,93,84,124,100,86,124,83,95,80,86,95,109,104,88,106,120,108,80,125,131,103,113,104,93
"COG0720",15,7,9,18,16,12,28,17,19,17,7,278,12,5,10,8,4,5,6,15,9,7,15,8,15,21,12,18,11,9,10,15,22,9,12,20,22,23,17,23,23,24,11,6,25,14,53,7,2,14,9,13,20,16,8,3,17,12,19,9
"COG0721",5,11,10,8,0,7,6,5,9,16,15,4,2,19,3,13,5,15,5,3,12,4,7,9,8,3,8,11,3,0,17,1,6,15,9,5,0,15,4,9,5,0,2,3,7,11,10,2,4,3,11,3,2,8,4,24,3,4,4,5
"COG0722",44,26,18,14,13,22,21,15,17,31,64,7,12,53,8,53,10,20,13,6,61,11,18,33,13,22,15,31,16,1,31,11,14,27,44,20,23,30,11,15,24,5,17,23,15,18,19,10,7,18,18,25,8,23,44,128,13,7,23,18
"COG0723",2,0,2,2,0,0,4,1,1,5,3,0,3,1,1,1,2,2,3,3,4,2,1,3,2,1,2,0,0,0,9,1,2,10,3,4,6,9,3,4,5,0,3,2,1,1,8,1,2,0,0,1,0,4,0,0,2,1,1,0
"COG0724",8,6,0,5,18,14,4,19,16,12,0,21,14,0,24,1,11,12,15,44,13,15,21,4,31,2,16,2,13,14,11,36,31,8,7,22,18,6,64,18,12,14,20,17,22,21,14,0,2,3,17,6,31,23,0,2,41,20,31,30
"COG0725",13,9,8,4,18,8,9,9,5,11,19,4,12,21,4,29,29,14,8,4,7,11,4,11,5,8,8,12,5,5,17,8,10,16,22,14,11,7,10,11,11,5,8,7,6,5,14,1,6,3,4,9,8,3,14,15,8,12,8,14
"COG0726",113,157,98,108,114,107,115,95,100,91,128,109,99,105,117,102,91,143,90,148,123,99,91,138,122,62,110,81,76,74,109,78,122,131,144,94,107,164,146,93,102,60,105,108,113,110,118,38,83,135,98,77,105,110,61,34,121,126,95,118
"COG0727",2,4,1,1,2,0,2,0,0,2,13,6,2,14,1,4,16,2,1,2,3,1,1,7,2,0,3,1,1,1,4,3,1,3,3,5,2,12,3,1,1,0,2,2,4,8,1,1,0,6,9,1,0,0,3,1,0,2,2,0
"COG0728",13,7,11,3,7,11,5,7,8,6,6,3,2,37,4,25,2,12,6,10,36,12,1,11,7,14,8,5,2,3,3,11,6,4,3,4,5,14,2,9,4,1,3,19,2,3,2,1,2,1,4,12,11,0,19,81,5,6,1,2
"COG0729",25,2,1,0,0,0,0,5,2,6,9,2,4,2,11,1,1,2,5,4,17,10,1,0,2,9,5,0,2,7,2,1,1,0,0,0,7,2,0,20,4,3,8,1,10,1,0,0,2,0,2,9,2,0,15,4,2,3,0,0
"COG0730",22,25,13,16,19,13,17,26,8,6,17,3,13,19,8,63,21,27,8,8,9,18,8,3,10,52,13,15,10,11,14,10,7,7,19,11,11,19,8,14,11,7,7,9,10,13,21,6,3,9,8,23,11,9,11,8,8,15,10,9
"COG0731",7,10,21,18,19,18,24,26,21,18,5,22,23,5,25,2,14,15,12,39,10,35,18,12,34,28,23,25,33,29,12,30,25,11,6,27,34,7,29,22,14,52,24,19,21,20,18,31,32,21,22,29,36,24,17,0,37,24,32,6
"COG0732",43,90,130,103,101,71,96,88,106,45,63,111,60,92,42,32,88,63,67,92,82,65,76,79,101,167,63,106,55,31,74,61,67,78,72,68,67,108,57,102,88,72,40,53,88,33,154,109,356,154,52,30,90,113,95,38,59,88,51,79
"COG0733",36,72,94,60,45,70,79,45,60,62,59,37,41,61,40,33,58,33,39,22,21,39,48,66,48,99,78,51,52,69,137,65,101,121,117,112,96,105,62,104,145,137,101,107,124,107,147,140,208,129,68,131,77,119,127,63,61,78,98,157
"COG0735",35,55,65,55,57,43,65,51,61,50,44,56,47,38,45,28,42,51,43,37,17,39,48,45,44,55,40,63,37,39,43,56,55,38,45,65,47,35,62,46,46,64,48,48,34,51,63,57,63,57,50,38,57,55,29,22,39,44,46,42
"COG0736",6,10,3,4,12,5,3,3,6,4,13,2,5,16,5,25,10,18,3,2,12,8,5,2,2,7,4,5,3,2,4,5,7,6,3,6,9,7,5,4,10,4,6,6,6,3,4,3,0,3,0,3,3,2,9,18,4,1,3,1
"COG0737",91,76,106,75,114,92,119,119,101,111,69,105,122,79,101,44,99,75,136,98,65,87,98,65,110,96,100,90,120,97,52,97,109,59,52,99,123,79,116,76,83,140,94,92,86,89,71,141,138,83,88,143,109,111,102,57,131,93,136,81
"COG0738",62,57,132,121,117,109,196,178,108,98,9,142,156,32,170,105,116,86,159,186,60,157,145,57,167,173,136,150,181,233,50,201,169,64,60,127,197,57,169,151,110,251,162,126,122,157,107,257,182,143,207,171,199,136,131,19,153,157,195,168
"COG0739",131,247,141,160,283,209,184,215,204,189,45,214,229,86,215,100,217,212,250,228,108,168,213,237,287,224,244,176,193,139,174,205,253,230,133,202,242,209,228,260,193,166,268,213,217,166,258,188,89,269,186,169,265,198,161,57,238,220,192,178
"COG0740",53,90,58,71,68,71,61,51,57,62,55,57,60,61,46,50,67,48,67,37,45,38,68,95,71,98,74,66,56,44,73,31,66,86,70,63,40,117,49,47,82,62,102,71,60,37,63,75,45,64,43,76,65,78,45,78,42,60,51,66
"COG0741",85,42,69,45,72,86,50,69,84,72,62,64,60,112,66,38,53,61,61,76,136,41,56,55,55,73,63,72,58,56,50,77,60,61,76,59,93,38,55,59,55,57,68,70,72,68,57,65,47,70,39,76,68,56,64,45,67,52,58,78
"COG0742",23,40,37,26,40,27,35,19,36,29,31,22,34,25,28,30,23,32,24,17,19,23,35,29,30,30,40,29,33,36,30,22,33,31,21,21,36,37,34,27,46,25,23,30,36,15,32,35,37,39,32,25,33,23,27,42,23,20,29,33
"COG0743",46,39,40,52,57,52,58,64,54,43,25,37,61,35,57,50,54,57,60,61,38,42,44,63,66,67,55,62,83,52,49,45,53,39,36,48,51,62,39,49,56,58,65,58,58,52,50,70,52,49,53,58,49,58,51,47,61,56,55,50
"COG0744",74,144,97,74,51,66,63,51,104,94,163,66,58,104,53,73,79,69,75,51,109,62,43,88,42,77,60,102,41,36,130,45,59,114,75,73,70,110,38,63,101,66,60,76,72,70,78,54,62,101,34,62,39,67,73,122,54,58,48,63
"COG0745",518,608,911,667,744,753,800,582,651,618,527,801,692,519,750,375,639,710,805,932,393,884,1026,716,751,718,731,634,703,481,640,872,755,652,685,748,649,660,892,595,538,594,750,699,803,717,619,802,485,531,872,591,917,890,440,444,668,754,718,842
"COG0746",10,0,7,2,0,3,0,7,2,5,10,0,1,0,1,6,0,1,0,3,4,9,3,8,3,0,8,4,0,1,5,0,4,1,11,1,4,5,5,5,1,3,2,2,2,4,4,1,5,1,1,1,5,3,5,2,3,5,2,2
"COG0747",121,135,82,55,39,51,52,115,69,61,149,70,37,183,86,239,68,123,76,27,150,196,43,55,72,30,71,54,63,53,99,35,57,153,111,63,81,142,37,137,86,29,45,97,55,97,74,19,28,43,45,31,38,53,109,311,78,50,43,37
"COG0749",93,135,134,132,109,145,136,95,106,103,78,89,109,137,72,87,91,151,106,77,88,76,76,222,93,430,92,126,122,129,121,62,82,113,70,96,82,147,54,109,149,119,84,107,112,102,154,160,150,119,70,124,81,108,160,126,92,84,106,84
"COG0750",59,97,83,72,72,76,92,57,67,84,74,48,65,69,50,61,93,92,70,45,57,22,52,77,61,84,66,73,68,54,95,40,43,96,72,51,53,107,44,69,97,58,56,76,57,58,70,81,65,102,52,64,42,69,60,36,53,50,56,55
"COG0751",13,5,4,4,8,6,7,18,6,8,48,6,6,20,6,47,7,27,16,5,24,14,3,4,2,23,4,8,5,20,8,5,7,5,11,6,13,10,14,27,19,6,2,5,8,7,11,0,3,5,3,24,4,0,13,6,5,11,1,1
"COG0752",12,6,3,2,4,5,1,8,5,3,26,2,2,8,6,32,8,12,6,2,7,7,1,1,4,14,1,3,3,5,5,3,4,1,2,1,7,6,3,7,7,1,4,5,3,3,5,1,1,4,3,7,0,0,7,5,2,2,1,0
"COG0753",11,4,0,11,6,3,6,15,10,16,9,31,14,5,7,0,4,13,21,10,40,11,6,7,8,2,10,21,12,9,3,17,8,18,2,13,26,9,7,11,14,14,8,6,14,24,8,2,0,3,6,4,10,18,4,6,5,12,10,3
"COG0754",28,10,3,1,4,2,6,3,4,18,13,0,3,6,2,0,1,15,3,8,34,12,2,0,1,3,2,6,5,5,2,2,6,10,3,2,20,0,6,5,7,11,1,0,5,3,2,5,0,1,2,13,3,1,29,11,4,3,2,1
"COG0755",21,20,19,29,20,37,23,48,47,22,0,75,39,2,65,4,34,32,64,70,32,64,65,24,57,36,32,48,80,62,11,54,52,36,11,27,73,8,42,66,26,46,52,43,45,61,34,63,49,45,49,63,60,47,41,3,31,49,63,29
"COG0756",25,31,32,48,14,32,35,25,20,19,26,50,35,39,23,19,16,46,23,68,69,24,27,62,32,131,30,44,25,30,35,26,24,36,27,34,28,38,16,45,61,24,28,20,20,37,75,31,61,39,45,31,28,34,28,37,109,14,33,71
"COG0757",1,18,28,24,15,26,28,17,22,20,1,19,21,9,14,25,9,18,18,18,17,4,21,18,22,41,26,14,15,29,10,21,9,14,17,11,21,22,15,15,16,28,14,22,16,15,25,39,46,29,19,33,16,23,30,18,17,20,22,15
"COG0758",43,47,91,30,49,39,63,72,41,53,40,42,54,33,46,60,55,54,52,42,34,34,38,32,44,52,55,58,55,58,57,45,44,49,58,55,60,34,54,55,59,50,58,49,59,36,45,32,83,105,40,66,49,46,49,47,49,52,48,43
"COG0759",9,14,7,11,16,9,20,20,12,13,18,6,10,14,10,21,16,9,5,9,5,4,8,16,9,13,9,15,6,12,21,15,6,21,10,18,6,9,16,17,8,2,14,13,10,5,11,5,4,24,11,7,14,8,8,9,21,20,12,9
"COG0760",69,61,81,61,51,72,98,78,87,49,40,105,72,41,76,5,48,75,98,79,63,37,60,55,69,124,69,67,89,102,40,93,73,54,29,49,60,53,79,64,68,107,61,52,52,39,72,147,116,62,50,97,90,56,110,18,73,70,57,35
"COG0761",50,48,57,46,49,41,61,46,42,53,28,38,57,48,40,47,54,47,58,38,40,41,53,65,47,70,61,62,48,70,74,32,54,40,40,49,46,93,47,48,66,69,34,60,48,47,65,61,60,56,34,56,41,57,46,47,34,49,56,49
"COG0762",11,3,1,2,0,2,0,2,3,2,5,3,2,4,0,0,1,3,1,1,10,2,1,0,0,10,1,2,2,1,2,2,1,1,0,0,1,1,0,2,2,2,0,2,3,2,1,0,0,0,0,5,2,0,9,13,0,2,0,0
"COG0763",23,20,33,17,25,25,24,42,28,29,5,42,25,4,33,40,14,18,29,28,27,30,17,15,27,42,17,24,44,71,14,26,35,11,9,21,24,9,40,31,29,64,30,21,23,24,31,45,74,27,34,61,53,25,43,9,33,19,39,22
"COG0764",30,28,31,38,38,60,47,32,38,35,28,45,40,29,44,27,30,40,52,37,23,28,40,22,42,60,33,57,46,65,41,52,50,20,23,30,52,32,32,53,45,41,50,37,51,43,47,67,49,60,41,43,28,47,43,19,54,54,55,42
"COG0765",108,107,105,99,84,84,97,46,58,102,259,38,48,218,37,174,79,104,59,32,143,35,56,102,64,90,84,99,79,64,107,30,60,72,88,73,46,130,29,54,132,48,49,64,91,77,87,66,89,64,93,82,30,74,110,263,45,70,43,57
"COG0766",66,102,80,96,63,91,85,61,80,78,109,47,71,101,60,100,112,106,69,38,50,43,55,91,77,74,82,80,62,82,92,61,59,105,86,70,71,105,43,90,92,62,67,84,69,70,83,85,58,104,62,60,54,94,72,92,55,69,61,56
"COG0767",9,13,20,24,22,13,28,26,16,20,5,26,27,3,24,15,10,10,36,20,22,22,26,17,27,42,24,25,23,42,9,32,17,13,21,26,31,8,29,31,27,48,21,15,23,15,23,38,36,25,15,28,34,14,40,6,26,29,22,14
"COG0768",207,330,297,241,234,243,225,216,223,252,232,164,220,305,185,251,299,277,214,157,135,146,220,287,179,282,250,268,224,235,160,82,114,140,142,96,95,140,95,109,138,93,92,112,93,114,140,119,156,149,92,146,90,129,115,103,93,89,108,102
"COG0769",72,138,98,81,81,93,90,65,87,85,132,64,86,105,66,75,71,102,95,57,74,50,68,82,83,103,94,91,71,90,91,52,66,151,100,75,80,115,69,84,106,60,89,97,76,54,89,89,67,98,72,89,60,94,93,155,66,73,78,89
"COG0770",36,52,64,66,61,55,71,42,62,50,25,57,64,37,50,28,46,52,81,69,28,30,43,37,68,62,44,63,59,68,107,120,118,106,70,94,108,86,117,100,98,172,124,102,91,90,99,179,174,115,94,183,109,114,119,80,114,112,147,88
"COG0771",60,65,67,56,61,67,84,70,72,59,77,66,61,64,46,80,59,61,60,47,52,46,39,69,52,66,49,72,54,61,60,44,47,81,71,60,62,82,43,62,63,61,47,50,56,47,78,77,60,75,43,67,52,52,67,76,66,43,66,57
"COG0772",129,158,181,174,129,155,134,114,117,153,149,131,123,170,99,141,155,155,136,83,101,76,104,150,134,146,139,157,109,125,177,87,130,152,168,129,125,175,94,119,162,136,118,161,131,139,167,166,180,173,107,164,96,141,170,110,97,112,91,166
"COG0773",68,90,89,71,81,71,79,75,72,59,77,59,56,73,70,69,66,66,80,61,79,42,64,59,54,92,62,90,65,82,66,67,57,71,54,67,70,61,51,75,71,87,68,76,71,72,58,69,107,83,50,91,48,59,111,67,51,72,66,58
"COG0774",15,16,13,19,11,22,19,12,9,15,0,21,19,2,23,10,10,14,26,17,18,21,16,4,18,22,20,25,14,31,20,48,26,16,4,19,43,17,41,36,35,59,33,24,34,27,34,79,50,39,40,26,45,33,45,5,51,29,44,23
"COG0775",49,39,39,41,60,57,38,57,62,58,61,57,64,37,62,29,51,40,39,61,41,41,48,33,66,39,44,57,60,48,37,55,60,33,46,59,61,26,62,53,50,55,78,41,54,52,44,51,35,53,65,38,62,58,38,62,84,51,65,47
"COG0776",41,49,47,67,47,43,54,57,56,26,26,63,51,18,32,39,43,31,28,52,52,66,53,59,53,71,49,33,69,50,28,77,79,64,29,74,38,38,63,65,37,64,50,72,51,48,55,55,77,72,73,60,65,39,60,25,48,69,42,41
"COG0777",34,17,22,20,22,23,15,25,17,29,44,12,21,51,15,16,28,20,19,7,18,19,13,25,16,23,29,19,8,6,47,10,19,13,54,21,29,26,9,20,14,9,9,23,25,29,20,4,6,25,20,15,6,23,12,25,14,20,5,28
"COG0778",92,107,108,109,102,134,100,115,123,104,93,138,118,84,117,71,81,129,153,117,120,124,102,99,124,162,110,118,138,107,98,162,118,98,97,88,166,109,149,107,132,153,114,127,121,138,115,135,151,107,115,140,127,104,117,81,169,111,135,99
"COG0779",17,25,16,18,10,23,14,8,23,18,29,6,10,20,4,17,14,16,3,6,13,5,8,23,10,16,13,17,7,6,21,4,6,28,10,19,11,34,7,9,16,3,8,21,18,12,13,5,7,15,7,11,4,20,12,9,9,12,6,20
"COG0780",7,4,8,10,4,6,12,17,16,12,6,11,2,4,11,12,7,3,9,11,10,11,12,15,13,9,8,13,8,11,7,22,23,11,11,17,17,16,29,16,12,27,16,17,32,15,17,22,33,17,12,19,23,13,21,1,30,14,13,18
"COG0781",23,31,25,36,23,19,26,29,28,25,30,24,33,26,17,23,33,34,43,29,34,29,34,28,35,29,24,37,35,33,19,30,28,28,23,21,31,32,25,18,39,23,28,31,21,22,39,43,30,48,25,23,27,35,35,40,42,21,19,21
"COG0782",47,37,46,46,27,34,45,32,32,37,47,28,37,56,28,29,43,49,34,31,43,17,21,40,46,60,35,48,39,46,45,26,33,41,42,44,48,38,35,39,49,38,34,43,34,34,34,38,60,53,29,50,31,32,30,36,42,34,40,29
"COG0783",12,3,4,8,10,9,4,17,13,8,18,22,10,15,20,1,5,7,20,22,9,14,18,6,10,5,7,4,10,4,10,24,20,4,2,16,16,4,19,21,19,9,17,11,10,11,13,2,5,11,27,4,14,12,2,13,17,16,15,3
"COG0784",356,212,271,228,282,266,191,307,271,306,279,256,264,346,210,160,407,166,209,223,209,323,455,326,208,168,284,161,258,145,284,245,238,251,409,270,233,192,266,212,221,142,191,271,330,303,295,90,126,258,209,150,263,247,203,119,251,259,277,228
"COG0785",0,6,0,1,1,1,0,1,1,0,13,5,0,0,1,3,6,3,3,2,4,13,2,1,2,0,0,0,2,0,1,0,2,13,1,1,2,2,2,4,0,0,1,1,1,2,1,0,0,0,2,3,0,3,0,3,1,0,1,1
"COG0786",30,17,35,13,24,26,23,21,29,31,17,18,28,10,29,9,16,29,18,19,27,62,30,30,31,10,33,25,18,26,27,30,20,16,26,24,19,18,21,37,16,12,17,10,19,31,23,2,10,7,16,9,21,21,10,6,20,32,19,17
"COG0787",65,101,124,75,70,97,104,65,97,86,48,69,81,59,68,73,73,82,115,78,65,63,63,85,91,98,77,89,77,128,80,88,72,77,62,86,68,82,82,73,104,104,88,93,91,71,92,129,99,99,44,113,89,72,88,68,88,71,82,80
"COG0788",6,4,1,3,17,14,3,11,16,5,2,9,16,1,21,0,10,9,13,27,4,25,13,8,15,10,11,4,11,3,1,14,15,9,5,9,3,3,18,13,4,5,24,15,10,12,6,1,1,2,16,5,33,12,1,4,16,10,18,13
"COG0789",59,95,59,52,42,44,53,53,66,62,120,83,50,102,36,95,58,90,53,30,102,127,47,57,54,39,39,52,41,44,102,48,53,65,95,69,55,71,51,61,48,37,49,63,63,61,84,35,34,37,49,39,41,63,42,120,58,53,53,57
"COG0790",37,49,18,63,35,43,54,20,28,40,7,26,43,16,30,1,12,28,24,25,89,50,51,49,17,110,50,15,19,27,37,27,25,48,34,33,33,58,20,23,81,44,19,52,45,31,55,21,42,37,27,28,23,26,43,5,11,20,23,26
"COG0791",121,119,82,157,113,107,77,70,85,126,138,60,79,180,49,144,159,76,80,37,99,62,80,126,77,48,103,78,77,22,159,55,74,114,221,97,55,126,52,78,89,28,65,109,108,87,85,23,32,72,123,30,49,79,50,88,73,63,76,85
"COG0792",17,27,27,23,20,21,16,22,18,27,9,17,25,24,33,24,16,23,16,17,20,18,21,18,18,24,30,29,24,20,24,15,25,18,16,21,38,25,35,17,25,27,23,22,20,25,25,26,19,11,26,20,21,31,15,20,21,28,21,17
"COG0793",148,154,258,186,312,253,266,320,261,205,34,260,332,58,302,44,191,147,306,286,114,227,274,168,265,272,281,213,331,390,166,306,294,131,139,297,249,113,407,236,207,388,277,214,258,176,227,365,298,221,224,259,385,217,231,44,298,266,324,240
"COG0794",34,17,21,24,24,24,29,26,30,21,7,41,22,6,20,25,17,25,34,27,34,35,22,12,27,41,18,26,37,50,20,36,24,24,19,18,25,18,43,35,20,40,27,24,14,21,34,46,40,11,20,57,31,11,51,8,31,36,20,27
"COG0795",55,36,78,46,44,34,81,68,52,31,12,75,54,5,53,24,38,41,80,79,91,50,30,29,43,113,51,34,80,105,8,31,30,12,7,26,30,10,30,36,28,56,31,21,14,32,33,61,71,34,11,55,23,23,64,4,20,20,31,12
"COG0796",50,34,34,42,55,43,40,43,45,45,54,38,34,51,40,39,36,30,39,31,36,27,33,38,33,54,44,48,40,69,52,38,59,43,32,34,50,54,45,45,53,43,40,43,45,39,54,35,67,66,28,56,39,37,61,49,44,40,49,33
"COG0797",4,5,3,7,1,0,1,2,3,1,0,1,1,2,0,0,0,0,1,1,11,2,1,1,2,11,3,0,5,13,0,2,0,5,0,1,4,0,0,3,5,18,4,1,5,4,9,23,32,0,0,19,4,0,21,2,3,2,2,0
"COG0798",1,6,0,3,3,5,22,1,1,0,1,4,2,16,13,3,6,6,9,18,6,27,6,5,2,1,1,13,16,2,0,1,0,6,0,11,3,4,7,6,2,4,1,9,11,13,4,0,33,1,13,0,5,3,1,15,4,1,4,7
"COG0799",18,20,23,25,13,15,29,8,20,27,21,20,29,27,10,15,22,13,22,21,11,16,26,18,21,28,22,21,20,30,17,22,15,20,17,26,22,36,23,20,28,24,27,25,18,16,24,33,29,22,20,23,29,21,16,29,20,31,25,19
"COG0800",28,37,25,35,45,28,31,29,40,22,29,15,26,28,33,62,28,47,19,23,16,32,29,39,29,23,27,42,30,37,25,28,35,16,31,17,20,24,29,33,37,31,25,31,31,32,22,31,21,22,28,21,28,23,36,18,48,26,39,32
"COG0801",10,18,15,25,14,22,23,17,18,12,30,29,12,9,20,23,13,20,19,15,21,18,14,30,18,34,23,25,16,23,15,25,18,9,4,18,27,12,14,21,16,26,18,20,14,8,26,19,18,16,22,17,19,17,32,38,27,15,29,13
"COG0802",28,43,30,22,18,14,19,25,25,35,34,27,21,31,21,39,24,23,25,16,13,19,18,28,22,39,20,27,22,23,33,14,16,31,22,31,18,27,17,20,26,27,12,25,20,22,35,27,30,29,24,21,16,14,46,41,15,14,19,29
"COG0803",51,41,12,43,61,46,27,39,31,31,80,49,26,51,38,67,21,33,40,27,51,26,27,33,25,36,46,44,33,35,38,37,25,38,29,21,39,35,21,15,30,41,43,45,30,31,44,36,19,24,13,28,27,20,31,78,36,43,24,20
"COG0804",4,5,4,1,1,5,1,8,1,2,26,12,0,8,2,0,2,2,2,2,1,0,0,9,1,15,6,2,4,0,7,0,2,4,6,3,3,10,7,8,3,1,1,5,5,3,5,0,0,3,1,2,3,6,0,7,0,1,0,1
"COG0805",18,16,6,14,30,16,7,16,16,12,15,30,20,16,41,15,19,28,25,27,36,18,29,7,27,31,26,27,7,9,15,23,20,14,9,18,21,10,32,16,7,10,23,19,5,24,15,8,4,37,18,15,23,24,7,32,19,33,31,22
"COG0806",18,43,37,27,18,12,29,15,20,22,19,9,16,26,10,29,13,16,20,9,22,16,13,22,20,23,12,28,18,15,23,8,8,28,21,25,9,32,10,12,23,24,9,26,12,15,29,35,33,37,20,20,12,17,30,39,12,17,12,16
"COG0807",36,25,46,31,39,46,41,45,39,40,8,44,46,20,32,30,36,26,49,39,15,36,28,22,57,66,46,42,44,61,23,35,36,21,41,42,41,16,40,46,46,73,58,38,39,39,39,62,57,32,41,49,44,34,53,12,37,43,50,30
"COG0809",46,60,68,64,84,85,94,79,73,55,44,91,91,35,112,46,58,59,89,65,41,52,71,69,100,107,74,95,103,125,65,81,80,62,64,93,75,69,87,98,81,119,92,73,62,60,78,116,108,92,55,109,102,77,78,18,100,65,99,66
"COG0810",4,0,0,1,2,0,2,6,2,3,10,1,1,1,0,0,1,3,5,1,20,1,1,2,0,10,1,0,2,1,3,6,0,7,0,1,3,1,0,1,0,0,0,0,6,0,2,0,1,1,1,3,1,0,3,0,2,1,1,0
"COG0811",30,26,50,45,53,60,39,53,52,23,18,49,64,4,63,40,42,28,44,65,39,38,41,31,65,59,52,34,63,75,16,74,81,22,24,50,42,15,77,68,52,93,81,44,47,55,65,67,63,40,43,71,80,44,49,16,77,71,75,30
"COG0812",36,48,40,53,41,36,61,33,42,54,44,35,36,40,37,58,39,54,37,39,53,32,44,49,48,60,48,44,33,29,60,27,29,47,32,40,19,38,29,50,57,28,47,50,48,35,35,49,44,58,48,50,44,51,43,55,35,32,31,39
"COG0813",15,22,4,8,23,15,8,7,9,18,30,6,9,8,4,18,20,16,7,5,18,8,9,11,6,2,10,11,8,5,17,10,13,30,16,10,8,26,11,12,9,8,9,8,10,11,11,1,5,18,5,9,4,9,14,1,13,12,10,5
"COG0814",109,24,6,7,5,3,16,8,15,33,12,3,14,23,3,3,7,21,6,17,120,21,3,11,10,4,3,17,7,12,10,18,15,22,11,10,39,5,6,3,8,4,6,8,10,15,15,12,3,6,17,11,6,7,82,16,5,2,8,0
"COG0815",8,7,1,0,5,7,1,3,4,10,2,4,2,2,2,2,2,4,7,1,27,1,1,3,2,19,4,1,3,5,3,0,1,9,0,4,5,5,1,4,12,3,4,11,5,0,6,1,2,4,2,5,3,0,9,2,2,2,2,0
"COG0816",17,33,22,24,23,18,30,19,19,20,31,30,27,29,22,15,20,22,16,28,16,21,10,29,17,31,17,40,20,28,40,32,17,29,21,28,25,24,19,19,23,19,21,17,30,37,27,21,31,26,24,14,19,20,23,33,18,20,24,32
"COG0817",7,23,16,19,18,11,17,20,19,9,4,18,21,8,15,19,17,23,20,16,16,11,9,13,30,33,20,20,23,31,11,19,19,31,6,22,24,31,27,20,20,20,27,18,8,8,15,21,22,16,14,14,25,26,25,19,18,12,20,23
"COG0818",14,10,8,4,14,8,9,12,18,9,12,8,8,6,12,0,8,7,8,11,13,10,4,13,10,7,15,6,9,11,10,9,17,16,6,6,15,8,17,11,12,7,14,9,8,13,9,4,4,7,7,4,10,4,5,4,21,17,19,12
"COG0819",9,11,5,5,0,4,5,4,2,3,6,2,1,15,3,30,2,12,7,0,4,0,0,8,4,6,12,5,2,1,5,0,3,3,0,3,2,1,1,0,6,3,2,4,1,5,6,0,0,4,1,1,0,3,1,18,1,7,0,0
"COG0820",54,66,72,82,29,57,53,61,48,56,54,60,42,54,60,38,50,67,58,45,47,35,58,60,60,85,36,71,46,59,49,42,57,74,41,55,42,89,38,65,58,66,50,56,66,53,109,44,83,81,49,54,35,53,43,51,45,45,67,51
"COG0821",50,45,72,44,86,91,68,67,62,61,22,61,75,44,79,45,48,73,79,61,44,49,62,57,68,69,58,59,68,77,58,91,88,57,54,66,58,56,55,57,64,63,106,55,58,67,59,75,61,54,45,60,59,66,54,60,61,55,83,60
"COG0822",29,81,44,44,27,55,47,31,46,39,43,29,38,31,34,52,38,71,37,22,19,21,36,55,31,48,43,40,35,36,55,30,41,56,60,44,32,65,28,32,55,32,25,57,31,43,41,41,44,57,35,45,26,34,31,38,44,33,39,38
"COG0823",32,19,14,26,8,29,17,19,11,19,16,21,41,20,60,8,28,17,22,75,48,57,60,13,49,28,39,16,36,6,52,66,50,48,32,40,36,9,92,43,21,12,37,20,40,48,12,5,9,14,36,10,21,28,8,26,17,49,56,65
"COG0824",18,19,2,9,21,23,13,21,39,11,19,18,26,8,36,18,14,17,19,26,32,34,12,22,23,24,21,23,15,15,32,26,31,22,20,29,26,15,44,24,17,13,27,26,22,22,32,11,17,18,28,16,43,25,13,8,33,30,21,31
"COG0825",33,26,20,20,26,38,14,32,24,43,43,7,18,37,11,14,30,22,19,9,13,17,18,38,15,22,20,24,16,8,35,5,16,17,63,27,16,21,11,21,15,7,19,24,34,35,29,3,9,22,17,18,10,26,7,26,24,17,10,31
"COG0826",117,168,141,161,134,139,135,118,147,133,119,94,138,125,158,169,141,118,148,108,122,93,104,136,162,140,153,135,129,165,149,114,127,171,144,142,133,186,135,167,147,144,132,128,127,112,164,128,165,153,110,152,111,127,146,127,142,130,124,162
"COG0827",166,112,189,214,248,150,100,115,103,288,126,124,234,168,179,143,338,101,106,143,64,93,157,294,111,135,158,156,223,46,162,52,110,233,213,220,110,292,160,233,194,121,145,192,178,175,130,72,128,242,134,93,129,138,70,142,310,114,93,194
"COG0828",6,13,2,9,6,1,8,3,5,4,7,5,1,17,1,5,11,6,4,1,4,1,2,14,6,4,4,4,2,0,10,1,4,5,7,2,3,9,3,3,4,0,3,5,4,0,9,4,4,6,5,2,1,5,2,1,0,0,2,5
"COG0829",1,3,2,1,0,2,1,3,1,0,6,3,2,5,0,2,0,3,0,0,0,0,3,4,2,12,3,1,4,0,2,0,2,0,7,2,0,9,3,3,0,0,2,0,4,1,3,0,0,0,2,2,0,1,0,2,1,5,0,3
"COG0830",3,2,3,1,1,2,1,6,2,0,9,8,1,1,3,2,1,0,0,0,0,0,1,8,2,8,1,2,2,0,4,0,0,0,5,2,2,4,7,0,0,1,0,1,5,3,3,0,0,0,0,1,0,1,0,2,1,0,0,1
"COG0831",1,1,0,0,2,1,2,3,0,0,3,4,0,2,0,0,0,2,2,0,0,0,0,1,0,3,1,0,0,0,2,0,0,1,0,0,2,5,3,1,0,0,0,1,1,1,4,0,0,0,0,0,0,1,0,0,0,0,0,0
"COG0832",2,1,1,0,1,1,1,2,0,0,8,7,0,2,0,1,1,3,0,0,0,0,0,1,1,7,2,2,1,0,1,0,0,0,5,2,1,8,2,0,0,1,1,1,3,0,3,0,0,0,0,1,0,2,0,0,2,1,0,2
"COG0833",11,7,3,0,2,5,4,7,2,6,52,2,1,13,2,51,0,4,5,3,14,2,0,0,1,5,2,7,1,10,8,4,2,2,2,0,9,0,11,1,5,7,2,2,5,1,5,2,1,1,2,2,1,1,37,22,1,6,2,0
"COG0834",152,128,124,123,117,112,111,77,108,145,304,69,93,245,62,190,125,153,99,63,177,144,79,114,100,147,118,157,93,75,134,74,74,121,133,105,105,131,62,96,172,89,71,102,129,107,118,53,82,80,78,120,65,91,142,257,90,81,74,79
"COG0835",19,11,16,23,7,11,19,16,12,36,1,4,3,11,0,0,5,5,0,4,12,5,12,32,5,24,16,16,13,1,18,2,17,4,45,19,10,6,15,17,25,4,4,3,23,17,24,2,5,23,25,14,2,12,7,2,2,26,5,14
"COG0836",42,32,96,68,45,32,81,66,64,87,11,56,43,21,42,2,75,35,39,46,36,55,51,68,43,93,53,65,94,101,42,58,49,31,53,50,73,27,90,69,54,107,61,32,78,46,50,150,152,89,84,164,69,66,84,9,51,58,44,44
"COG0837",14,2,0,0,1,1,2,2,4,3,3,1,1,0,0,1,0,0,1,2,6,0,0,0,0,10,0,1,3,2,0,3,0,2,0,0,1,2,0,0,1,1,0,0,0,3,0,0,0,0,1,7,0,0,9,4,0,0,0,0
"COG0838",8,10,2,15,9,12,9,14,7,7,0,18,8,0,9,0,2,5,11,14,11,12,10,7,17,12,13,5,22,14,2,21,14,3,4,14,18,4,20,13,12,23,19,8,8,12,16,21,26,16,3,19,22,8,10,2,13,16,17,13
"COG0839",8,10,13,14,18,22,20,26,16,10,0,14,24,2,28,0,16,7,20,11,16,10,12,9,22,22,22,11,21,29,8,19,28,4,6,16,25,6,38,17,14,28,29,16,10,19,17,35,26,13,15,15,27,17,20,1,22,31,27,15
"COG0840",248,134,234,205,108,221,231,174,149,476,6,57,65,60,50,14,29,41,26,75,75,93,178,357,67,203,220,229,139,20,204,31,198,63,739,169,164,38,119,136,120,65,70,32,191,191,185,14,105,265,350,118,37,244,103,23,58,207,26,153
"COG0841",413,222,165,359,731,605,451,776,731,377,56,704,694,105,874,220,498,391,770,751,414,611,639,321,779,218,654,398,585,767,264,850,847,408,251,521,519,256,661,803,389,552,805,539,516,586,397,365,200,387,510,425,759,524,354,120,675,624,780,424
"COG0842",102,75,85,85,137,95,143,157,141,83,124,127,164,37,179,45,107,113,153,177,95,145,125,89,170,131,148,97,155,159,94,206,147,120,71,137,150,67,165,156,145,214,116,104,140,166,152,110,146,122,167,150,205,131,85,34,185,122,188,106
"COG0843",13,6,0,2,1,1,1,0,1,5,5,0,0,3,1,1,0,5,0,0,14,1,0,0,2,0,0,0,0,2,0,3,0,4,0,0,3,0,0,0,0,1,0,0,0,3,40,1,0,0,0,2,0,0,5,5,0,0,1,0
"COG0845",268,261,240,297,520,428,361,552,496,274,102,517,508,97,634,148,371,313,513,632,308,432,489,283,510,301,496,314,465,522,187,619,591,254,225,416,450,178,598,503,318,494,539,377,414,445,344,360,226,321,451,361,638,328,278,103,525,411,572,394
"COG0846",47,62,81,52,52,71,67,30,49,57,63,42,45,94,31,42,105,54,48,28,30,21,38,60,57,77,39,65,42,25,51,30,32,41,63,52,41,62,36,37,62,55,53,57,43,45,57,74,65,50,40,57,35,48,44,62,39,38,55,54
"COG0847",42,33,28,72,39,34,39,42,40,32,65,47,33,45,45,20,33,17,38,67,40,36,29,46,38,89,35,39,52,62,17,46,44,29,16,27,60,24,51,44,33,56,44,42,38,33,29,95,100,43,35,54,63,34,43,15,54,38,52,37
"COG0848",11,2,0,4,3,3,2,9,7,6,13,5,4,2,5,30,1,5,2,1,13,14,0,4,1,17,3,6,3,8,1,4,2,3,5,2,3,5,8,5,4,9,8,1,3,10,6,1,2,3,6,7,9,7,12,3,7,5,5,0
"COG0849",30,42,57,59,19,18,74,43,36,37,37,31,25,25,30,4,16,18,37,26,28,25,25,35,26,77,24,42,45,60,23,39,27,42,27,18,27,17,24,42,44,57,29,19,29,34,45,78,71,36,20,75,30,38,59,13,31,22,33,26
"COG0850",7,20,8,8,7,7,9,11,7,9,11,1,4,5,3,19,3,2,0,4,8,6,14,17,1,5,5,10,4,1,11,2,7,14,21,8,4,1,4,8,8,2,4,4,2,4,11,2,4,11,4,7,3,13,5,5,9,10,0,5
"COG0851",5,4,1,3,1,1,2,1,4,7,1,1,1,0,0,5,1,1,0,0,5,2,0,3,0,1,1,3,0,1,9,0,3,10,9,6,8,1,4,2,2,3,0,1,3,4,3,0,1,4,12,4,0,2,8,0,2,3,1,3
"COG0852",20,13,16,21,35,28,42,41,30,27,3,42,40,7,58,3,26,19,44,29,39,22,27,17,50,18,29,27,45,51,12,46,31,10,8,32,31,9,32,44,24,44,33,35,21,33,27,65,45,34,33,41,46,52,31,8,47,30,48,34
"COG0853",15,11,17,13,7,11,21,13,10,11,7,8,17,8,11,17,6,14,19,15,14,11,13,8,5,23,15,8,17,30,14,14,14,7,15,18,13,6,24,9,23,23,12,12,13,15,19,18,26,13,7,21,22,6,13,6,19,17,16,21
"COG0854",12,5,2,8,22,16,10,24,20,14,3,16,27,5,27,0,17,10,18,27,20,20,21,11,28,8,20,14,19,15,11,34,25,11,7,16,17,7,22,15,12,11,25,20,18,19,24,4,6,8,27,12,28,25,4,1,34,13,28,15
"COG0855",67,54,49,50,75,78,83,96,64,114,38,74,81,80,74,119,95,75,68,69,77,58,78,70,90,39,80,118,63,38,105,100,105,61,97,102,137,67,96,80,72,91,75,86,100,90,79,27,43,55,81,66,94,73,54,107,91,112,75,97
"COG0857",20,3,1,0,1,2,1,4,3,4,2,0,1,14,1,20,0,2,3,4,31,2,0,0,1,19,0,5,2,1,0,3,1,5,0,2,2,1,1,0,0,0,0,4,0,4,1,1,0,0,1,10,3,0,24,49,0,0,1,0
"COG0858",14,31,22,30,18,25,19,24,15,27,22,22,21,31,21,23,34,22,25,26,26,15,17,26,21,27,26,30,23,18,20,22,18,21,27,26,31,20,27,20,27,27,21,21,23,14,21,23,41,38,26,22,26,22,29,38,20,27,16,20
"COG0859",57,35,52,40,47,21,47,53,31,25,33,44,26,12,60,44,25,35,43,35,49,99,27,12,32,83,30,28,40,74,28,33,39,19,10,27,28,18,47,55,36,59,15,24,24,35,50,70,45,36,38,60,55,22,69,12,37,43,18,18
"COG0860",106,85,95,75,64,67,80,63,88,116,111,66,60,106,35,68,47,62,60,44,69,29,54,114,63,64,88,84,57,34,96,56,86,91,127,54,79,95,68,39,73,50,48,103,73,62,102,51,44,94,87,43,43,60,62,44,60,56,39,66
"COG0861",37,15,15,11,3,6,16,20,5,12,13,4,2,21,5,54,2,10,10,8,40,6,0,1,3,55,4,9,24,31,3,8,0,10,13,1,13,4,11,4,8,16,5,1,4,9,8,40,31,12,1,52,8,0,66,45,1,8,0,0
"COG0863",54,57,62,89,37,44,33,33,46,37,16,74,37,24,54,18,66,43,49,95,104,88,29,77,98,20,58,34,38,26,46,45,70,106,31,39,83,120,64,65,60,35,78,77,44,63,68,54,21,98,60,29,39,44,49,23,79,60,43,50
"COG0864",2,0,0,0,2,1,0,2,3,1,1,1,0,1,0,0,3,5,2,2,1,2,0,1,3,0,0,0,0,1,0,1,2,3,3,0,1,2,0,0,2,0,1,1,1,1,0,0,1,1,1,1,2,0,3,3,1,2,0,0
"COG1001",10,17,9,3,12,10,7,21,10,10,11,15,8,14,9,8,13,26,11,5,11,22,10,3,8,7,14,11,9,2,28,17,13,27,36,21,15,41,7,23,30,1,17,33,23,24,26,2,13,20,20,13,18,26,11,24,31,13,26,26
"COG1002",24,69,62,139,72,40,184,64,77,115,66,51,35,97,39,53,97,62,71,85,34,61,55,67,13,43,28,144,95,193,48,72,19,49,15,38,169,36,65,38,90,147,99,59,85,39,115,197,168,126,77,22,47,58,117,72,42,82,80,43
"COG1003",35,21,3,19,56,55,15,54,48,38,5,57,69,11,57,46,30,33,58,47,62,42,46,19,49,10,57,44,50,20,19,60,56,47,19,36,35,23,33,47,35,55,65,52,33,27,37,7,13,29,44,23,55,34,27,10,57,45,50,45
"COG1004",26,44,62,49,66,65,56,81,61,45,49,64,79,58,100,67,80,57,57,132,60,61,71,55,69,104,70,42,58,46,38,125,95,75,30,71,58,38,68,82,55,43,94,62,78,96,75,99,156,78,94,65,86,77,70,56,72,54,64,54
"COG1005",11,18,19,19,20,13,28,21,12,20,1,33,33,5,30,1,13,12,29,25,18,14,21,12,35,23,34,37,37,42,14,18,20,11,8,16,28,10,21,20,21,41,26,20,15,20,22,46,51,15,16,32,20,22,20,3,36,28,34,21
"COG1006",0,1,0,2,0,0,0,0,0,0,0,3,1,0,0,0,3,0,3,0,0,4,0,1,3,0,0,1,1,0,0,0,2,2,1,0,0,1,0,1,0,1,1,1,0,0,3,0,0,1,0,0,1,2,0,0,1,0,1,0
"COG1007",11,14,24,21,34,39,34,33,27,17,2,29,26,2,37,0,17,25,51,53,19,32,35,18,37,34,35,44,39,62,11,32,44,7,8,34,39,7,56,40,33,60,37,31,25,18,35,62,40,31,36,51,64,29,29,5,30,27,38,31
"COG1008",19,15,10,33,24,28,35,28,25,29,0,29,41,3,64,4,15,16,50,42,30,20,26,13,57,44,48,48,42,67,12,36,48,5,5,17,31,9,31,43,32,53,53,30,31,26,23,62,48,36,26,76,32,33,40,6,51,36,70,15
"COG1009",29,21,45,41,30,47,42,40,30,34,8,37,36,5,44,3,23,37,52,28,35,28,26,15,60,47,38,35,65,84,12,29,38,16,11,30,29,16,37,51,42,71,64,47,23,24,26,100,80,24,17,79,53,31,58,9,55,29,55,13
"COG1010",12,11,12,11,28,32,14,10,24,16,17,10,20,13,23,13,26,21,10,13,8,12,18,15,29,6,19,13,12,6,21,4,23,21,17,19,11,21,10,14,16,3,21,12,18,15,16,3,5,8,21,10,6,21,9,4,7,17,20,18
"COG1011",87,66,71,84,101,74,106,86,73,66,89,75,76,106,72,46,82,66,81,99,67,75,70,81,73,100,78,69,116,101,93,101,76,62,69,80,98,61,86,68,63,103,79,85,62,102,72,119,114,91,74,145,104,70,93,80,100,78,79,102
"COG1012",218,125,52,66,114,71,58,82,103,97,229,66,89,172,79,78,68,132,52,67,181,92,59,76,57,37,82,58,67,87,97,83,70,156,91,95,78,95,99,82,82,30,67,116,94,84,71,16,25,64,92,61,75,55,118,201,92,73,59,97
"COG1013",116,150,109,192,161,183,139,183,176,160,49,158,171,92,203,146,133,212,228,167,100,175,125,137,161,154,186,206,170,252,116,176,169,139,180,163,164,163,159,222,184,216,192,150,150,162,170,213,168,177,108,234,149,187,157,33,183,168,177,114
"COG1014",103,173,143,184,219,233,168,205,207,160,58,209,237,94,243,137,153,287,287,217,157,175,162,153,234,168,224,203,209,256,142,245,205,165,163,186,181,165,183,234,229,248,260,189,188,177,197,201,203,220,139,216,190,221,158,27,238,185,276,147
"COG1015",40,20,26,20,27,35,18,14,23,18,38,10,19,29,9,39,33,23,8,5,38,17,26,29,12,12,19,15,8,7,27,20,11,29,39,25,13,39,13,16,20,2,19,12,17,13,22,4,10,17,10,7,5,16,24,24,23,30,12,16
"COG1017",17,1,1,2,1,0,2,2,5,3,0,0,0,7,1,0,0,2,1,4,15,3,0,1,0,1,1,0,4,1,1,5,1,1,1,0,4,0,0,1,2,0,1,1,0,0,0,1,0,0,0,0,3,0,13,5,1,0,0,0
"COG1018",17,5,1,2,0,2,1,0,3,4,8,0,1,2,2,0,1,2,0,1,16,1,0,1,1,2,3,0,0,4,3,6,4,9,0,1,9,2,1,1,4,3,0,0,2,4,0,2,0,0,3,7,4,0,20,10,3,0,3,0
"COG1020",111,57,18,46,47,25,30,38,63,62,257,38,42,62,34,26,40,64,41,38,41,62,25,37,48,40,40,34,18,8,52,95,48,62,60,49,41,34,24,41,23,13,29,84,43,72,45,12,12,29,38,15,28,47,18,92,27,92,31,86
"COG1021",18,4,1,0,0,1,0,3,7,7,9,0,4,2,4,0,1,3,0,1,10,3,0,0,0,1,0,0,2,0,0,4,2,3,0,1,2,0,0,0,1,0,2,2,1,2,0,0,0,0,0,1,1,0,10,6,0,2,3,0
"COG1022",37,53,78,62,82,67,87,71,83,61,7,88,99,49,84,53,42,69,105,87,52,75,72,41,93,81,68,91,90,81,101,175,179,146,64,137,144,76,211,194,98,201,184,118,153,108,118,216,183,142,139,156,201,141,153,229,193,135,178,132
"COG1023",0,0,0,0,0,0,0,0,0,0,2,0,0,7,0,3,0,3,0,0,2,0,0,0,0,0,0,4,0,0,1,0,0,0,1,0,0,1,0,0,0,0,0,1,0,0,0,0,0,0,0,0,0,0,3,5,1,0,0,0
"COG1024",94,29,13,23,18,16,32,20,24,31,32,24,21,22,16,38,41,18,13,16,70,19,25,14,13,15,19,16,18,17,22,11,4,32,24,17,32,21,14,14,31,5,13,13,11,22,13,10,13,10,18,18,14,14,58,14,13,23,21,10
"COG1025",24,2,0,0,0,2,3,1,2,12,6,0,2,4,0,1,0,3,1,6,30,6,0,0,1,0,0,0,2,3,1,2,2,4,0,1,6,0,1,0,2,1,1,3,1,1,0,1,0,1,1,4,6,0,12,2,0,0,0,0
"COG1026",49,31,49,47,59,40,39,34,42,62,44,13,32,75,24,69,68,38,17,11,20,21,45,52,24,33,49,55,31,7,76,27,35,21,80,55,19,74,14,32,46,17,31,19,37,43,37,9,20,36,47,33,17,55,12,21,47,41,13,39
"COG1027",18,20,44,29,23,31,44,35,28,23,18,33,22,21,28,33,23,14,49,29,24,44,20,27,21,53,24,38,20,72,14,24,38,13,20,20,22,9,19,39,26,33,36,22,17,21,15,67,16,41,27,14,56,19,46,36,34,15,26,13
"COG1028",294,212,145,189,266,211,168,241,262,216,212,235,233,189,278,203,251,244,221,263,340,255,255,198,234,167,204,215,210,226,208,248,258,210,205,242,264,208,222,223,242,223,278,223,245,274,231,184,218,189,307,224,208,254,221,215,288,224,200,200
"COG1030",0,5,1,7,4,3,2,12,4,1,1,13,6,1,3,19,6,2,12,2,14,1,3,2,1,0,1,3,2,2,1,13,1,11,3,2,2,9,1,3,5,4,1,4,1,1,9,0,2,2,1,2,2,0,0,1,3,5,3,0
"COG1032",120,149,91,121,129,134,128,150,135,162,138,133,127,125,133,163,170,168,131,139,83,161,135,166,121,78,118,137,104,91,168,141,134,103,166,133,153,169,176,155,143,108,120,149,168,111,130,84,84,147,108,101,154,186,73,61,113,144,84,144
"COG1033",28,43,15,41,34,33,15,12,14,37,21,13,25,40,23,23,31,28,13,10,4,6,19,39,22,12,27,36,17,2,71,11,50,76,91,75,29,98,20,25,53,17,41,51,63,40,37,6,32,50,60,24,21,38,26,20,26,35,34,51
"COG1034",37,49,10,32,17,14,17,35,21,41,44,38,23,38,20,19,16,41,10,21,39,45,24,23,19,10,39,22,25,16,17,28,20,47,46,21,14,48,10,25,31,18,21,29,30,20,22,2,3,11,42,17,30,35,26,23,32,21,10,22
"COG1035",12,35,36,30,13,28,19,21,21,22,3,34,50,40,45,9,30,19,27,59,26,91,48,48,32,52,58,29,18,28,51,29,21,38,23,49,23,35,74,33,45,30,17,55,28,27,62,76,23,67,31,56,27,22,9,40,54,29,54,49
"COG1038",14,30,5,15,27,18,10,29,18,12,39,38,24,13,28,16,29,29,27,16,19,23,18,18,36,7,30,27,26,11,20,22,22,30,15,32,27,15,18,25,29,21,27,35,15,22,26,3,7,11,19,15,23,17,8,18,19,22,14,17
"COG1039",0,6,2,1,1,2,0,3,4,0,20,1,1,0,1,1,1,4,1,0,8,3,3,5,1,0,0,0,0,0,4,0,0,2,0,3,2,1,0,3,2,0,2,1,2,0,6,0,0,4,2,2,1,3,2,4,0,1,0,0
"COG1040",33,35,46,42,35,29,31,42,33,46,49,34,19,44,23,44,46,36,20,37,28,39,19,32,28,41,28,34,28,54,43,26,23,26,33,31,32,35,39,33,33,33,39,49,22,50,39,42,56,30,25,36,32,29,39,43,32,23,31,44
"COG1041",7,1,6,3,0,4,1,3,1,16,0,1,6,2,1,0,1,1,4,5,0,1,2,5,0,2,1,2,0,0,7,0,3,7,12,6,5,6,1,5,2,2,0,1,4,8,2,2,6,0,1,1,1,5,3,0,1,3,0,7
"COG1042",26,15,8,13,30,33,12,29,45,13,1,33,53,13,38,1,19,21,39,39,19,40,24,20,31,4,26,12,40,10,14,59,42,28,4,25,16,4,22,31,9,12,38,17,27,51,11,1,1,11,38,10,33,23,18,14,37,24,42,17
"COG1043",24,14,29,42,46,46,35,47,40,16,10,56,55,2,51,32,32,26,60,39,20,35,31,17,55,29,40,47,34,50,18,41,47,19,16,35,42,15,53,51,35,47,53,30,37,49,33,54,46,37,30,42,47,32,27,4,44,46,60,25
"COG1044",15,7,20,34,39,23,58,41,32,10,8,34,31,5,32,29,14,28,44,43,25,43,19,12,28,37,28,33,45,51,16,35,45,20,10,36,29,8,47,35,23,51,31,29,26,30,39,51,52,43,21,46,40,29,38,10,32,24,44,21
"COG1045",45,46,74,43,53,46,36,38,45,50,35,41,61,31,62,38,36,31,52,50,55,50,60,47,70,52,36,39,50,41,38,49,66,54,45,63,54,46,50,40,61,47,64,55,41,60,51,80,27,63,39,56,62,35,31,18,60,58,59,53
"COG1047",18,14,12,19,4,19,10,17,14,16,11,18,12,5,15,2,12,13,12,17,13,11,10,11,15,15,18,18,14,12,12,15,17,7,17,19,16,5,11,12,9,16,11,10,12,13,16,18,15,16,18,15,18,15,12,10,17,16,15,17
"COG1048",91,53,83,80,83,104,100,79,103,113,89,68,90,105,91,133,92,105,99,64,97,44,57,88,81,75,92,108,57,59,80,73,70,89,124,83,80,81,80,63,95,60,87,79,96,88,63,119,83,75,75,78,61,119,94,119,120,93,65,76
"COG1049",31,3,0,0,0,0,1,3,6,7,4,0,0,3,0,0,2,1,1,5,22,3,1,0,0,24,0,0,0,3,2,9,0,7,1,1,6,0,1,0,0,0,0,2,0,1,0,1,1,1,1,9,1,1,18,5,2,0,1,0
"COG1051",9,19,26,61,36,45,44,45,54,31,45,65,35,47,33,28,17,28,40,47,16,24,46,32,44,46,33,77,59,35,31,41,39,32,20,44,30,33,54,46,22,29,50,33,27,25,34,51,22,42,47,42,51,49,24,47,58,42,38,32
"COG1052",65,60,46,65,74,94,51,76,88,59,68,62,70,31,71,14,67,71,80,80,46,79,59,71,97,44,87,60,52,53,67,75,66,54,45,65,61,73,66,74,50,53,94,63,87,87,71,35,52,84,60,72,83,82,35,42,86,51,72,66
"COG1053",121,57,135,131,199,202,158,168,119,146,104,74,171,135,152,88,146,91,134,60,162,120,74,96,101,118,135,99,148,228,118,102,108,52,128,105,104,105,114,137,131,154,160,109,131,100,111,119,130,101,62,164,200,105,127,131,143,153,174,95
"COG1054",9,1,1,0,0,0,1,1,1,2,14,0,1,4,0,0,0,4,0,0,11,5,0,2,0,0,0,0,1,2,1,1,0,0,1,0,1,0,0,0,0,0,0,1,1,0,0,0,0,1,0,1,0,0,1,1,0,0,0,0
"COG1055",14,16,26,26,11,15,33,24,17,25,8,23,12,13,5,45,7,7,15,6,16,8,8,19,11,36,13,29,11,42,33,6,20,17,46,31,21,26,16,33,57,53,18,20,45,17,38,96,98,61,26,61,9,24,71,6,22,38,11,11
"COG1056",4,4,4,1,1,0,1,0,3,1,21,0,1,4,0,1,0,0,1,0,6,0,0,3,3,3,0,0,1,1,0,2,1,2,0,0,3,14,0,0,1,0,0,2,2,1,0,0,0,0,0,1,2,0,4,1,0,0,2,0
"COG1057",17,30,27,24,35,29,33,25,32,26,25,21,21,37,12,38,33,30,30,22,21,17,23,36,25,29,35,35,23,35,26,26,21,28,29,22,29,39,30,22,41,33,30,34,24,22,33,40,41,29,25,27,28,29,35,35,26,26,33,34
"COG1058",16,8,14,13,16,14,9,14,18,15,39,18,17,18,9,36,37,16,11,10,25,28,15,12,12,8,10,17,15,10,21,13,15,12,18,10,17,17,11,22,27,7,17,30,9,19,28,4,6,10,27,8,14,9,10,5,11,10,6,10
"COG1059",0,0,0,0,0,0,0,0,0,0,1,0,0,0,1,0,0,0,0,0,0,3,0,0,0,0,0,0,0,0,0,0,0,0,0,0,0,0,0,3,0,1,0,0,0,2,0,0,0,0,0,0,0,0,0,0,0,0,0,0
"COG1060",46,31,40,46,62,47,43,98,61,76,44,66,100,24,87,127,57,46,70,66,40,90,49,43,83,37,80,57,90,78,53,51,57,41,89,82,72,38,85,79,45,89,70,75,62,68,91,45,36,34,65,69,90,68,64,30,98,102,70,88
"COG1061",91,78,289,104,81,121,87,88,82,77,146,73,78,97,111,108,118,98,45,92,49,42,108,135,111,316,113,106,103,75,70,25,45,40,41,40,29,29,57,58,38,72,52,27,41,34,86,82,110,65,51,76,44,27,68,51,42,68,48,64
"COG1062",9,2,0,1,0,0,2,1,5,1,1,0,0,9,1,0,0,1,0,0,13,2,0,0,1,1,0,0,1,2,0,4,0,2,0,1,3,0,0,1,0,1,1,0,3,2,0,0,0,1,0,3,0,0,4,2,0,0,1,0
"COG1063",135,93,103,82,59,87,91,46,60,96,144,78,72,155,70,158,84,108,71,81,156,93,62,61,76,74,61,71,95,87,80,58,79,109,80,75,80,101,45,63,73,104,53,85,53,78,69,148,58,52,87,73,72,80,110,100,72,68,84,96
"COG1064",17,5,0,0,1,0,4,11,1,4,19,1,1,2,0,1,1,2,1,8,20,3,11,1,0,0,0,0,2,5,0,4,1,11,1,1,5,7,2,0,0,0,0,0,0,5,1,2,0,2,1,4,13,3,15,8,0,0,1,0
"COG1066",43,61,43,47,56,63,52,55,56,53,67,42,55,63,42,46,60,45,50,51,51,31,51,57,41,62,50,65,52,39,56,45,56,69,58,53,42,57,41,59,68,50,45,60,43,52,51,52,54,71,56,52,42,59,43,64,48,41,59,47
"COG1067",14,28,7,8,5,6,4,7,7,8,4,2,2,20,6,66,5,6,4,3,25,4,1,15,1,16,4,8,1,7,13,1,5,40,14,1,2,13,7,1,21,4,2,1,0,5,15,2,0,13,0,8,1,3,43,4,4,9,3,2
"COG1069",26,11,2,17,1,6,9,2,17,2,9,2,23,6,24,2,9,6,6,5,36,3,1,13,26,3,10,9,10,1,7,3,8,3,1,4,2,4,4,9,0,2,5,8,0,3,0,0,0,1,20,0,5,10,3,1,8,10,8,3
"COG1070",142,159,139,152,150,111,174,143,112,147,139,97,122,184,168,218,108,198,135,131,143,202,147,139,132,157,137,145,131,176,110,160,151,99,157,137,132,155,138,125,153,129,120,128,111,125,117,199,118,78,168,189,143,138,175,212,145,150,134,107
"COG1071",6,14,3,10,4,13,4,14,12,3,30,17,20,0,38,4,5,15,40,23,10,15,22,14,9,3,11,3,7,7,2,24,20,6,6,7,17,17,17,9,3,1,13,16,22,24,6,2,0,1,16,6,14,6,1,4,4,25,8,9
"COG1072",8,2,2,1,2,0,0,0,0,3,26,3,1,17,1,3,0,0,2,1,8,1,0,0,2,8,0,1,0,0,3,1,1,3,1,1,5,0,0,0,1,0,0,3,0,2,2,2,0,1,1,6,0,1,6,9,1,0,1,0
"COG1073",95,79,45,91,147,122,84,146,101,92,79,87,166,84,163,93,131,110,116,156,119,111,127,96,125,73,122,116,115,80,95,146,145,67,74,140,106,117,194,138,105,117,143,125,136,87,90,72,79,128,113,90,174,105,70,88,152,149,144,116
"COG1074",95,152,141,107,112,92,122,90,112,116,180,89,69,112,67,138,123,116,106,58,87,47,87,89,71,115,99,144,89,91,120,64,67,125,102,81,75,159,58,77,117,93,75,99,75,80,94,101,99,140,41,95,61,117,99,57,65,63,53,81
"COG1075",1,9,3,7,0,16,5,3,4,7,0,4,2,3,1,0,10,6,9,3,0,15,0,6,5,7,16,5,3,0,4,0,2,11,0,6,0,31,3,4,8,0,4,1,9,5,9,1,0,8,0,0,0,4,0,1,1,3,3,4
"COG1076",11,8,17,9,23,15,24,30,16,11,3,18,21,4,25,1,13,16,12,21,9,5,10,8,19,14,8,12,25,35,7,28,20,5,6,12,21,5,21,13,16,33,28,14,11,10,8,25,20,22,7,24,18,12,17,7,20,22,33,15
"COG1077",61,80,65,88,88,64,82,76,67,66,60,36,76,74,62,76,69,76,53,48,33,39,64,100,57,74,75,86,69,83,90,51,62,89,84,78,55,67,63,56,63,76,90,68,78,60,66,93,93,63,92,68,55,58,67,44,59,75,70,66
"COG1078",11,20,2,4,25,25,8,18,18,8,16,14,15,23,21,1,16,12,17,28,8,28,24,9,23,5,18,17,15,22,10,32,13,14,6,19,16,18,41,14,9,10,37,21,17,16,10,2,1,13,19,5,35,28,6,10,29,17,21,16
"COG1079",15,44,18,36,22,19,13,20,24,19,50,9,18,22,19,18,39,37,21,11,20,26,17,28,26,11,30,18,12,5,21,14,16,46,23,21,6,73,4,12,46,4,26,25,8,20,26,6,15,18,16,9,10,30,3,16,19,11,16,12
"COG1080",93,67,42,53,70,74,55,31,43,110,83,19,38,112,34,103,85,71,46,14,68,37,45,76,35,57,55,71,29,10,85,29,36,53,82,60,39,43,27,44,55,10,43,56,67,51,43,14,33,57,42,34,21,49,82,104,32,37,24,42
"COG1082",68,75,26,54,115,40,27,63,68,37,114,94,57,94,51,115,62,57,73,53,63,94,57,58,58,19,45,58,44,31,28,46,24,46,35,23,20,35,19,19,32,12,11,29,17,26,33,3,6,16,21,10,28,31,13,22,31,26,37,12
"COG1083",12,18,57,8,14,15,18,32,24,7,2,33,14,3,20,7,13,24,13,20,7,19,8,19,24,13,8,3,12,4,4,23,32,18,22,20,27,8,17,22,22,2,11,7,23,15,27,17,81,21,18,19,18,25,2,5,20,26,32,26
"COG1085",13,5,0,0,1,3,0,4,2,6,19,2,0,24,2,44,1,1,2,1,13,5,0,0,0,13,2,6,1,3,0,3,0,0,5,0,4,3,3,1,2,5,2,2,0,3,4,0,3,0,1,4,1,0,23,49,0,5,0,0
"COG1086",42,79,39,70,81,77,87,118,75,82,68,82,119,68,178,15,78,92,96,122,73,112,120,78,95,68,119,53,90,47,71,132,139,109,87,112,107,107,82,97,63,25,91,94,90,201,62,56,159,80,133,38,105,87,26,30,53,95,131,99
"COG1087",49,74,44,67,43,40,47,66,43,55,64,41,53,64,32,55,55,64,54,35,57,31,45,55,51,49,41,58,54,43,60,33,34,53,46,49,48,44,36,53,70,49,46,59,57,44,53,67,72,63,40,50,50,44,45,67,45,39,37,43
"COG1088",56,43,58,65,46,38,51,58,78,48,35,56,78,55,69,51,55,40,58,77,48,62,68,53,53,66,72,60,54,79,47,63,70,28,49,75,80,53,95,69,54,77,64,66,59,97,76,116,63,60,70,68,56,51,67,60,71,61,79,50
"COG1089",17,21,28,36,39,46,41,52,35,19,1,57,41,4,66,0,30,25,62,44,20,44,46,35,23,38,24,41,39,56,7,43,62,19,19,35,24,9,42,40,21,43,51,37,48,44,40,42,43,12,57,49,48,61,29,3,51,49,58,18
"COG1090",14,6,0,4,5,2,3,10,5,5,0,7,11,2,21,0,4,6,10,16,13,23,9,2,5,8,2,2,7,4,2,8,13,7,2,5,9,1,3,3,4,5,4,6,8,12,4,2,1,0,8,3,8,2,7,2,4,2,5,12
"COG1091",37,32,53,60,44,42,48,56,59,53,43,52,64,44,63,30,58,36,47,61,30,55,63,62,59,29,58,71,50,46,52,56,54,42,58,41,55,61,66,62,44,55,63,42,57,97,39,51,56,34,57,44,40,41,32,44,58,40,79,33
"COG1092",76,87,58,72,76,53,56,77,59,74,48,65,51,43,56,54,64,56,66,44,73,60,46,72,52,76,73,51,62,49,71,38,43,63,51,66,46,84,53,59,77,63,56,72,59,41,60,51,46,72,65,72,55,75,52,20,50,38,44,56
"COG1098",0,9,4,5,4,2,3,1,2,6,16,0,4,6,1,16,7,14,2,0,3,0,6,4,6,4,7,3,6,0,10,3,0,9,1,4,4,10,3,6,6,4,6,4,5,2,5,1,2,6,1,0,0,1,5,7,0,4,5,4
"COG1099",0,0,0,0,0,0,0,0,0,0,0,0,0,0,0,0,0,0,1,0,3,0,0,0,0,1,0,0,0,0,0,0,0,2,0,0,0,1,0,0,2,0,0,0,0,0,0,0,0,0,0,0,0,0,0,0,0,0,0,0
"COG1101",25,25,16,38,26,26,27,12,14,24,63,18,21,36,17,26,45,35,10,13,13,19,17,32,16,16,28,17,20,2,34,2,15,21,29,19,24,58,6,26,32,7,22,29,22,16,14,2,21,16,22,11,14,31,6,12,15,23,8,28
"COG1102",1,0,0,1,0,1,0,0,0,0,0,0,0,0,0,0,1,0,0,0,0,0,0,1,0,0,0,0,0,0,0,0,0,4,1,0,0,0,0,0,0,0,0,0,0,0,0,0,0,4,0,1,0,0,0,0,0,0,0,1
"COG1104",52,109,62,57,59,64,58,43,62,84,108,15,46,85,26,34,78,88,34,26,29,26,48,79,36,45,84,55,31,11,92,19,38,101,114,80,31,124,28,55,74,11,43,63,63,49,64,10,26,65,32,29,13,71,28,49,32,50,27,93
"COG1105",43,31,26,22,29,29,15,12,20,43,66,9,14,38,15,62,43,42,12,9,27,21,20,30,9,9,20,26,14,8,41,6,20,26,37,22,14,23,10,22,18,13,13,33,19,19,29,5,19,28,19,9,9,26,40,30,12,26,9,34
"COG1106",31,71,164,74,104,60,144,65,57,59,46,56,37,23,18,24,56,45,46,33,9,39,38,67,87,98,56,49,93,39,35,31,28,16,25,32,25,8,60,25,17,57,22,44,37,18,28,27,26,40,55,44,52,25,16,17,28,43,33,32
"COG1108",45,38,32,26,49,46,46,36,38,36,61,31,33,44,25,44,22,27,33,28,45,46,31,24,32,44,37,31,32,41,46,56,31,48,20,26,43,24,31,29,33,42,25,46,38,25,42,56,44,23,30,37,31,29,38,53,28,40,38,37
"COG1109",138,209,138,165,141,175,175,178,139,143,171,121,162,188,132,182,185,219,178,119,112,112,149,189,163,164,154,173,151,181,173,94,151,225,228,152,144,206,129,187,198,153,168,179,124,130,184,172,184,205,124,159,132,170,140,91,144,149,153,183
"COG1112",56,89,151,105,125,108,147,171,186,162,19,130,129,74,161,71,70,109,213,206,123,144,149,83,138,124,196,176,185,177,76,164,195,51,108,126,179,67,190,117,147,151,218,161,113,162,127,283,149,200,106,159,161,144,109,173,168,148,201,144
"COG1113",82,21,4,0,1,9,8,4,9,22,98,5,3,69,8,124,1,15,10,10,85,17,2,0,3,3,1,15,3,12,10,20,8,17,18,1,15,9,18,2,5,11,5,7,0,12,8,8,0,1,5,11,7,2,74,126,3,10,4,1
"COG1114",30,22,8,13,21,13,10,16,22,12,46,14,10,48,15,73,29,35,20,3,19,23,10,10,20,7,22,11,11,11,18,23,14,20,20,10,6,25,18,21,21,9,17,20,8,10,16,1,6,8,7,7,3,11,21,39,13,23,6,1
"COG1115",108,78,160,128,135,88,136,103,106,126,100,64,94,127,101,144,109,115,84,63,38,109,79,107,78,133,132,130,100,105,132,78,77,73,135,105,85,125,62,99,131,94,72,85,119,111,104,157,101,79,107,117,63,100,104,38,95,100,93,82
"COG1116",30,38,20,26,18,23,17,34,27,30,33,19,15,37,15,33,38,30,19,9,49,44,23,32,34,12,31,17,23,15,42,21,23,37,55,21,21,39,15,31,22,5,13,23,27,29,18,8,13,18,27,13,12,29,17,16,33,15,13,16
"COG1117",30,30,12,17,31,44,22,35,36,36,57,24,41,53,38,44,41,43,38,35,41,34,25,35,36,16,46,38,28,14,36,24,29,32,47,39,33,39,27,26,37,25,35,28,36,35,39,9,11,13,31,19,33,38,26,43,26,24,22,31
"COG1118",40,12,17,11,26,16,8,15,12,32,25,9,9,35,8,35,31,13,4,7,15,4,13,11,9,5,14,29,7,2,37,11,10,19,46,14,11,16,23,4,11,11,9,21,25,12,25,2,10,8,8,12,5,13,33,13,12,22,5,32
"COG1119",12,12,29,23,26,35,25,26,16,14,17,25,12,6,22,4,12,20,49,36,20,19,20,14,18,44,13,22,33,56,10,25,27,9,9,13,32,2,17,24,19,45,41,17,16,13,18,43,23,9,15,44,30,18,29,20,27,11,26,10
"COG1120",83,50,60,59,47,79,59,85,92,61,60,53,70,49,70,36,72,76,76,58,73,72,53,63,66,44,61,58,57,70,54,64,81,52,67,73,50,71,63,65,58,72,85,79,47,58,68,42,55,46,62,57,56,58,37,26,66,57,52,55
"COG1121",32,36,31,31,45,42,24,32,36,24,56,41,37,41,28,45,25,27,42,22,37,34,35,25,54,33,32,22,34,41,25,35,29,34,32,39,41,29,41,37,30,52,28,36,29,37,34,41,39,21,22,31,37,26,33,44,37,26,50,48
"COG1122",90,178,89,87,75,76,62,70,74,93,309,55,59,175,37,259,119,169,74,33,71,52,46,122,66,58,91,103,37,23,142,47,57,150,157,74,47,177,46,71,107,38,56,131,75,82,67,18,41,91,43,41,33,86,63,274,47,91,38,110
"COG1123",11,8,0,1,7,8,5,3,6,8,7,3,5,33,5,54,7,5,8,1,22,6,5,3,4,2,3,7,7,2,16,8,4,35,10,5,15,15,4,3,18,7,13,19,9,9,6,2,7,6,6,5,7,5,38,177,10,10,6,10
"COG1124",22,5,2,2,5,1,5,3,5,4,7,2,2,3,3,12,1,2,1,2,20,14,1,1,6,0,1,2,4,8,2,3,4,6,5,9,2,1,6,6,3,0,6,1,1,7,0,1,2,2,2,5,4,1,10,10,13,3,5,2
"COG1125",10,5,2,3,2,2,1,7,9,1,41,13,3,1,3,28,2,14,3,0,15,7,2,2,3,2,3,1,3,6,2,4,3,6,1,6,3,2,2,9,0,9,2,10,2,7,5,1,1,3,5,0,1,6,10,7,6,5,2,1
"COG1126",105,87,81,72,63,72,50,47,59,79,171,26,65,166,36,109,84,89,60,27,72,38,54,75,44,69,69,69,54,34,91,33,48,80,66,66,39,115,19,40,92,32,65,61,57,65,64,35,44,64,77,50,23,48,71,165,45,56,24,59
"COG1127",20,16,22,34,33,25,39,32,26,15,6,45,39,3,23,24,17,26,39,31,25,26,20,15,35,45,26,18,34,44,17,30,30,12,12,30,19,14,42,33,24,39,36,24,13,16,29,60,51,22,24,45,47,19,40,8,38,40,34,24
"COG1129",195,125,76,102,95,62,78,71,62,85,195,64,62,136,49,106,106,102,40,44,159,174,56,98,56,107,63,36,65,27,87,71,71,96,157,88,73,153,43,74,97,25,41,81,72,122,83,19,38,57,79,78,32,68,97,155,65,47,62,97
"COG1131",270,325,256,247,196,210,211,174,257,293,464,220,167,335,149,178,203,226,141,192,236,149,230,288,200,158,267,231,170,107,401,209,216,311,324,300,250,302,169,198,233,137,195,258,301,270,313,105,149,266,209,107,160,220,128,217,113,230,175,370
"COG1132",637,668,627,535,529,520,451,366,505,753,975,384,440,901,372,623,724,625,371,284,360,353,529,784,435,339,512,542,350,217,853,293,451,734,899,564,456,1109,334,447,534,218,439,581,601,525,520,250,420,583,447,360,160,550,410,802,307,480,314,657
"COG1133",18,0,0,0,0,0,0,0,1,5,1,0,0,0,0,0,1,0,0,3,14,5,2,0,0,0,0,0,0,1,0,2,0,2,0,0,4,0,0,0,0,0,0,0,1,2,0,1,0,0,3,4,0,0,11,3,0,0,1,0
"COG1134",22,18,14,19,16,13,12,15,17,19,40,8,20,18,20,26,15,14,12,10,5,9,18,16,10,7,17,13,6,6,63,21,27,46,48,26,52,38,56,15,39,13,25,29,33,24,30,5,17,37,17,12,26,38,17,95,24,40,25,36
"COG1135",22,34,20,29,16,17,17,19,18,15,66,18,15,42,12,55,38,51,16,8,11,10,13,31,18,51,24,13,8,10,36,20,9,29,18,11,14,42,12,18,20,12,18,15,20,21,18,4,9,16,23,33,8,14,16,56,15,15,15,11
"COG1136",214,264,294,294,249,276,285,209,279,276,301,190,246,358,181,201,286,266,197,188,198,170,220,284,248,262,247,257,217,248,312,196,214,262,277,275,219,322,184,214,237,204,231,235,279,270,243,253,192,263,233,195,201,214,219,366,231,221,257,312
"COG1137",14,16,19,23,22,12,21,25,18,12,3,33,13,3,22,9,14,10,34,37,23,28,23,11,13,47,22,25,37,53,14,28,25,12,13,15,27,10,40,27,23,37,21,21,20,20,17,37,35,21,10,31,35,18,42,5,24,26,39,12
"COG1138",39,0,4,4,4,2,8,4,4,14,9,1,3,3,4,0,2,5,5,4,43,5,0,3,6,3,7,1,5,7,1,3,3,4,0,2,9,4,9,5,4,2,2,0,7,5,2,0,1,2,0,6,4,1,18,15,4,1,5,0
"COG1139",21,10,25,19,24,13,18,28,21,24,14,11,24,2,31,63,10,10,35,22,17,34,27,12,19,21,19,25,17,66,9,22,15,20,10,16,29,5,31,30,20,44,21,21,15,14,22,44,29,46,20,32,40,10,36,4,21,31,17,30
"COG1140",11,2,0,2,3,0,2,1,1,2,3,0,4,1,2,0,0,1,0,1,15,2,0,2,0,0,0,0,0,1,3,1,1,5,0,2,6,3,2,0,4,0,0,2,2,2,2,1,0,1,4,4,8,0,11,4,4,0,2,0
"COG1141",0,1,0,2,0,2,2,0,0,1,5,0,1,2,1,0,6,1,0,0,0,0,2,0,1,0,2,1,0,0,4,0,0,0,0,0,1,2,1,0,1,0,2,1,3,0,0,0,0,0,0,2,0,3,0,1,0,0,1,0
"COG1142",58,9,4,3,3,0,6,16,8,15,6,17,3,8,4,4,10,5,3,10,75,8,1,8,4,2,3,2,8,11,3,9,1,23,2,6,22,16,0,4,8,2,2,6,5,10,6,5,1,1,4,9,4,0,40,13,1,3,6,4
"COG1143",18,5,10,12,2,6,14,15,11,10,3,23,10,3,13,2,5,13,21,10,20,12,24,4,12,13,10,21,19,17,1,14,10,12,4,8,20,5,7,6,9,19,13,13,8,14,6,16,6,13,22,9,13,11,14,2,13,4,14,6
"COG1144",0,2,0,0,0,4,5,3,0,5,3,1,5,2,2,0,2,1,3,2,1,6,7,4,1,17,3,0,2,2,5,0,3,12,15,1,2,1,2,3,4,1,4,0,4,1,8,0,1,3,1,10,8,4,1,0,0,3,0,0
"COG1145",105,144,71,126,96,100,91,126,110,109,77,112,106,115,114,82,98,184,126,110,80,124,102,99,98,67,116,109,93,57,86,101,96,197,144,100,116,208,86,116,136,57,125,105,83,132,82,52,32,73,96,48,74,129,61,45,102,101,91,98
"COG1146",27,8,6,9,8,12,9,9,18,14,13,14,12,8,12,9,8,8,10,10,18,7,7,7,7,7,16,14,4,19,14,13,8,11,15,11,12,5,6,10,18,16,15,15,13,14,16,13,17,13,13,16,12,11,17,15,10,11,6,15
"COG1148",6,7,3,5,1,4,2,11,2,2,16,14,6,8,5,2,4,13,14,6,4,24,4,10,9,3,8,6,7,5,8,0,4,15,2,3,4,40,4,14,5,3,8,14,5,6,8,1,1,1,2,2,1,8,3,7,5,9,3,9
"COG1149",1,1,0,0,0,0,0,3,1,0,0,0,0,0,1,0,0,1,1,0,0,0,0,0,0,1,1,0,2,5,0,0,0,0,1,1,0,2,0,11,0,1,1,0,1,1,2,0,0,1,0,0,0,0,0,0,0,1,0,0
"COG1150",1,1,1,1,2,0,1,1,4,0,2,10,1,1,1,1,1,1,5,1,3,4,0,0,2,1,3,3,5,1,5,0,0,4,1,0,2,2,2,1,2,2,1,4,1,0,3,0,0,2,2,1,3,2,0,1,1,3,0,1
"COG1151",60,51,67,59,49,50,72,55,54,67,59,45,52,89,61,59,41,38,39,53,38,81,49,57,65,55,58,60,51,83,66,70,51,54,83,75,63,64,62,51,42,63,46,41,67,46,37,86,36,38,56,30,61,71,70,34,53,73,47,62
"COG1152",9,19,4,10,3,2,1,0,1,1,13,1,2,14,1,0,5,5,7,1,3,0,1,4,4,1,1,2,1,0,7,0,6,6,2,3,2,41,0,0,8,2,1,5,5,1,2,2,2,0,2,0,0,3,0,8,2,1,0,6
"COG1154",64,95,141,103,124,115,131,100,105,88,71,90,118,86,96,76,95,88,114,99,64,83,82,118,99,134,118,113,96,125,84,106,91,92,89,96,102,123,85,131,118,154,130,115,98,110,96,123,131,103,80,144,93,129,100,94,102,111,129,100
"COG1155",24,39,20,48,53,59,40,45,53,37,57,50,59,44,55,18,49,76,53,52,20,30,45,41,57,9,52,38,49,19,60,63,66,71,46,73,51,59,47,61,45,37,74,65,42,59,40,4,8,25,35,19,60,49,6,27,67,48,54,64
"COG1156",24,37,14,32,33,36,24,34,38,36,32,43,55,35,53,18,33,65,39,42,21,27,34,38,54,14,51,39,35,20,40,58,52,56,36,41,48,54,34,42,43,35,24,66,40,50,32,7,15,33,35,23,43,47,5,25,43,42,40,71
"COG1157",28,3,16,7,1,13,17,4,12,35,2,1,6,4,3,1,2,2,0,11,14,12,7,18,6,15,7,11,10,2,5,1,7,5,23,11,8,2,4,9,8,5,3,4,10,13,15,1,4,15,15,13,1,8,7,4,4,13,3,8
"COG1158",39,40,38,34,30,34,61,39,36,36,54,47,30,61,32,34,23,26,42,24,49,27,42,32,29,44,35,51,58,34,29,33,35,42,39,28,46,16,22,40,23,64,43,34,39,18,31,62,40,48,38,18,25,29,31,75,50,24,29,21
"COG1159",28,59,59,58,35,37,50,38,31,36,43,35,29,53,38,52,36,43,35,30,23,37,36,43,40,50,46,47,31,45,60,40,36,59,49,31,17,59,15,45,43,29,36,46,47,48,52,51,64,41,35,44,26,46,63,54,45,38,26,26
"COG1160",65,81,87,91,84,74,87,78,69,79,103,88,76,76,106,104,79,83,113,81,67,80,63,68,78,91,99,96,81,83,94,85,96,93,83,111,100,93,96,108,89,94,93,108,110,90,115,87,108,90,70,81,99,90,84,107,67,115,79,94
"COG1161",22,41,17,15,9,23,18,13,18,15,62,14,7,42,8,11,34,18,14,8,9,16,17,30,11,16,19,23,12,8,39,5,22,36,38,19,7,36,9,27,29,5,14,29,18,21,40,3,12,27,14,6,4,27,12,12,9,23,5,23
"COG1162",53,48,52,52,37,35,56,42,42,44,52,44,52,26,35,19,28,54,49,42,38,62,32,44,38,37,45,56,47,59,49,37,45,58,44,55,40,62,38,35,51,56,33,35,41,49,41,58,63,47,53,40,46,44,49,19,25,33,32,57
"COG1164",25,49,42,31,41,36,41,25,32,63,89,24,22,71,21,17,55,37,16,12,20,35,26,46,28,14,41,37,16,9,55,7,21,78,50,30,19,120,7,22,49,12,22,22,35,31,43,5,11,46,23,10,6,31,24,14,17,21,19,22
"COG1165",31,15,34,70,14,24,43,20,29,17,5,28,24,18,19,37,15,22,54,44,31,51,31,11,59,39,9,47,47,61,18,51,30,19,11,23,49,9,54,34,42,62,46,35,21,26,51,110,77,48,45,86,45,27,45,66,44,8,36,24
"COG1166",38,19,31,33,29,46,36,50,40,32,5,46,41,2,56,1,13,19,60,48,45,39,56,17,52,52,32,46,65,79,13,46,57,10,8,30,46,14,51,44,26,56,42,33,17,49,28,84,64,45,33,65,61,33,45,8,52,43,66,19
"COG1167",81,128,67,95,64,60,62,49,64,90,92,42,55,117,28,83,102,123,60,35,81,93,54,101,51,61,66,76,43,11,114,52,63,79,94,71,41,122,31,39,101,15,40,85,81,49,88,14,24,86,68,31,63,79,51,85,45,55,27,80
"COG1168",62,35,55,55,85,72,56,92,66,63,81,80,92,85,106,130,58,65,78,71,84,124,74,52,90,59,86,73,63,90,82,98,117,51,101,92,69,49,94,69,69,89,62,62,66,99,64,72,83,62,86,85,87,81,81,96,101,79,84,69
"COG1169",27,13,28,27,21,15,18,22,22,13,5,19,21,4,22,1,9,17,28,27,18,16,17,17,25,27,14,14,29,28,6,27,17,11,3,10,18,3,17,13,12,43,12,18,16,17,15,29,41,16,17,23,38,11,44,7,18,19,23,18
"COG1171",60,32,49,38,40,31,59,37,34,43,64,38,42,60,33,64,48,53,37,31,36,52,27,40,46,67,36,42,43,43,47,40,36,34,56,47,31,30,42,47,42,26,26,40,33,30,60,44,33,27,32,42,32,16,72,69,50,41,27,57
"COG1172",127,77,41,75,41,34,46,49,27,51,118,29,23,91,34,51,42,84,35,34,69,122,21,51,39,62,33,28,36,21,56,44,40,71,154,41,47,77,20,41,38,16,23,43,49,90,47,8,9,16,45,49,31,42,48,93,60,32,36,58
"COG1173",107,75,56,73,71,69,44,60,57,55,144,36,46,133,34,136,84,89,45,20,93,80,66,62,58,25,58,59,44,24,116,22,43,110,97,55,50,124,47,64,67,13,48,59,34,57,57,9,26,48,38,34,24,52,70,167,43,71,49,48
"COG1174",18,7,1,1,5,1,6,11,5,5,28,12,3,2,4,19,8,23,4,3,23,21,3,4,3,2,3,0,7,10,6,7,3,16,3,6,4,0,2,8,4,4,3,5,7,7,10,1,1,3,5,1,2,5,11,13,9,4,1,2
"COG1175",201,192,150,267,97,194,148,99,108,188,325,146,103,361,58,301,165,82,84,89,239,119,103,332,90,97,106,121,114,22,216,72,129,200,326,150,146,241,45,112,112,23,110,135,134,202,131,44,77,198,253,60,47,151,113,574,90,123,109,208
"COG1176",40,45,42,45,33,40,48,31,42,40,43,22,34,34,33,15,48,28,37,32,26,33,38,52,43,42,41,20,38,45,39,31,36,44,39,31,38,54,29,36,33,49,32,44,27,35,41,36,14,16,44,39,36,48,34,18,32,25,45,35
"COG1177",59,44,48,46,33,48,28,33,43,46,45,20,29,64,34,25,59,36,39,26,36,18,24,44,41,47,31,32,37,32,60,31,34,36,39,31,44,43,20,49,44,40,41,49,27,35,32,39,12,30,39,42,35,42,39,35,33,26,42,44
"COG1178",21,47,19,40,32,28,20,25,11,19,13,18,14,16,16,35,15,38,29,7,34,99,15,28,18,15,20,11,27,10,10,26,13,33,25,21,8,56,9,37,31,10,18,23,18,16,31,7,9,12,19,10,8,11,15,2,37,19,32,8
"COG1179",23,21,16,20,18,12,13,17,18,26,12,14,19,18,17,17,26,12,14,9,11,7,17,10,12,20,15,14,22,17,30,19,26,36,39,38,28,50,34,33,35,37,21,25,24,19,23,41,39,26,19,43,33,32,19,11,32,39,28,37
"COG1180",56,51,55,36,52,39,44,77,53,29,91,59,39,59,32,69,40,58,42,55,92,56,54,52,39,65,37,47,57,34,62,51,41,79,54,65,46,53,43,50,62,100,40,66,35,59,45,113,63,71,33,65,49,49,72,89,41,41,21,39
"COG1181",48,83,70,53,51,63,59,50,46,55,81,58,46,69,63,63,44,65,51,46,63,27,59,63,40,56,44,60,55,52,53,39,53,58,56,55,61,56,42,55,63,62,34,51,52,43,54,61,68,73,40,52,28,48,63,65,36,52,38,52
"COG1182",4,4,2,0,1,1,0,0,0,2,7,1,0,1,2,0,1,4,3,1,6,1,0,3,0,1,4,1,1,0,2,1,1,1,4,0,1,5,1,0,3,0,1,0,0,1,2,0,0,0,1,0,1,0,2,5,2,0,0,1
"COG1183",8,17,23,18,30,27,32,16,29,18,16,28,21,13,32,20,17,20,24,31,17,26,19,12,20,41,32,18,30,39,17,25,26,13,16,33,27,9,42,18,20,46,34,24,17,16,18,49,41,19,26,24,40,19,34,8,41,25,38,30
"COG1184",0,0,0,0,0,0,1,2,1,0,0,1,0,0,0,0,1,1,0,0,2,0,0,1,0,0,0,0,1,0,1,0,0,0,0,0,0,0,0,0,0,0,0,0,1,0,0,0,0,0,0,0,0,0,2,0,0,4,0,2
"COG1185",85,113,98,89,113,110,103,111,96,86,79,74,92,70,90,130,97,95,94,93,72,63,80,100,93,107,117,111,87,116,112,57,89,124,93,93,85,119,92,95,102,123,102,95,87,90,85,76,100,100,94,113,105,68,114,93,73,90,112,99
"COG1186",58,69,69,52,75,57,59,63,49,61,61,42,52,55,70,68,53,49,66,35,47,48,44,48,57,55,80,68,46,53,42,34,57,68,50,52,52,56,39,69,72,64,66,60,44,56,48,66,55,45,50,62,44,50,49,48,53,42,55,69
"COG1187",61,68,52,50,44,41,49,30,43,69,89,40,45,57,32,37,52,66,58,32,58,19,46,57,50,63,55,74,43,43,72,35,28,64,48,32,48,74,23,35,60,25,42,52,44,34,39,38,26,66,45,39,13,54,40,68,41,25,31,47
"COG1188",16,18,15,20,11,12,12,17,14,12,25,21,17,13,13,5,12,10,14,12,10,8,17,12,18,12,15,17,9,18,9,2,9,7,6,6,4,9,10,9,6,5,5,6,3,7,7,12,5,7,5,7,10,10,7,2,12,7,10,9
"COG1189",13,35,26,17,13,25,18,16,21,24,30,10,12,32,12,30,27,24,6,8,14,12,12,21,14,8,20,21,6,5,34,8,12,35,21,17,11,38,11,9,29,8,15,19,15,21,17,3,10,19,27,5,2,24,12,31,8,12,12,17
"COG1190",88,90,67,56,90,86,67,71,72,74,84,62,74,78,74,76,69,90,98,67,88,62,67,71,83,80,89,85,82,109,75,69,73,86,52,90,54,97,63,74,75,77,80,82,47,72,87,84,79,86,54,91,75,65,102,77,69,77,88,94
"COG1191",98,128,67,71,65,69,64,33,64,113,43,29,56,105,27,44,96,75,41,19,33,26,60,119,44,59,81,76,39,3,132,10,54,116,112,66,42,134,27,36,88,10,49,83,67,60,99,15,32,93,38,29,18,96,26,35,33,53,29,89
"COG1192",134,175,162,165,138,87,106,100,116,132,157,71,125,177,50,107,201,107,115,67,179,69,127,146,148,200,129,136,153,121,137,108,75,152,158,168,134,176,88,129,144,213,111,136,127,84,185,223,124,98,79,143,146,122,112,173,90,115,117,152
"COG1193",55,97,115,89,53,86,88,72,67,92,113,101,70,86,89,39,85,80,112,74,35,79,72,70,92,99,79,105,103,93,107,55,76,120,82,68,97,125,35,82,93,115,69,83,92,90,75,95,121,95,60,71,57,113,75,52,58,71,51,74
"COG1194",34,30,42,24,32,27,34,36,34,29,34,33,34,36,18,29,37,25,43,20,32,20,35,28,36,19,35,30,28,30,24,32,25,33,22,25,37,36,27,38,44,39,32,42,33,30,35,34,46,15,32,38,32,28,28,57,32,18,28,30
"COG1195",59,68,49,64,59,70,73,59,62,51,84,51,64,77,47,74,66,53,40,60,58,57,54,70,62,87,54,71,69,44,60,63,60,70,62,59,56,59,58,47,62,63,62,64,48,58,47,71,84,86,53,53,55,58,62,91,55,55,51,69
"COG1196",75,146,49,77,76,58,55,52,67,86,111,27,48,100,32,98,83,111,48,28,28,43,54,93,51,26,74,73,32,19,148,20,44,124,95,78,35,139,28,63,104,22,41,55,64,58,89,14,42,76,32,14,14,62,31,60,25,66,19,65
"COG1197",123,166,139,136,111,157,135,130,122,141,191,107,95,169,106,166,128,163,148,80,120,66,116,129,114,153,128,147,150,160,77,43,50,72,61,78,44,72,34,67,79,70,60,66,72,46,58,70,77,64,33,69,41,53,65,95,40,61,41,53
"COG1198",71,111,99,79,77,92,103,92,84,99,105,77,115,96,82,103,78,106,115,58,69,62,74,97,88,112,109,103,96,103,114,76,78,115,108,89,88,119,57,97,103,121,78,78,97,80,109,93,119,79,75,88,92,85,99,101,79,75,81,93
"COG1199",81,42,30,48,44,33,21,27,50,57,101,16,42,89,16,51,48,45,18,17,78,28,28,51,29,43,40,41,19,18,68,18,20,47,90,34,36,47,16,19,41,15,30,42,40,24,42,7,22,52,20,28,7,43,42,45,23,30,16,37
"COG1200",58,92,109,70,63,94,94,59,82,83,92,61,79,88,57,104,65,82,76,55,62,52,60,63,67,105,70,114,90,96,83,42,51,66,65,66,77,94,49,86,99,82,66,74,71,83,68,94,106,69,60,89,56,86,88,125,66,52,75,63
"COG1201",23,0,1,1,1,6,2,4,5,6,7,1,1,52,1,46,7,25,6,4,44,11,0,8,0,22,1,15,5,2,1,8,0,13,5,2,11,18,1,2,6,0,2,7,3,4,0,1,0,2,0,14,1,2,23,106,2,2,8,1
"COG1203",36,52,37,56,31,34,23,25,43,52,48,37,40,93,33,117,57,37,19,38,21,45,26,47,38,40,48,37,26,52,52,21,36,43,51,35,58,72,24,23,28,101,18,32,36,77,61,32,13,29,22,64,13,18,50,125,13,30,32,22
"COG1204",29,16,45,14,30,13,15,16,48,10,15,48,10,1,6,7,9,5,24,28,16,3,12,16,7,9,27,4,8,11,17,20,16,11,10,8,24,49,17,14,16,16,5,18,16,17,46,28,5,26,11,12,22,2,19,9,21,29,5,10
"COG1205",13,12,148,86,4,13,69,12,15,41,4,6,6,42,31,3,5,8,13,25,17,71,16,19,5,88,9,51,62,33,7,4,10,17,1,2,1,3,1,7,23,23,4,23,0,3,3,43,5,15,8,13,7,3,49,2,2,3,9,0
"COG1206",9,50,13,12,15,13,9,7,13,5,23,7,11,13,4,21,25,32,18,3,8,8,5,18,6,7,11,18,9,3,24,4,3,34,7,9,7,56,3,15,24,4,10,21,14,4,10,3,6,23,0,2,4,18,8,13,5,5,10,11
"COG1207",26,37,10,11,17,12,9,14,11,16,43,6,10,38,12,70,14,60,16,5,36,16,8,22,15,28,12,26,9,9,27,12,11,29,25,11,8,17,6,21,20,7,6,28,18,13,15,7,8,15,2,17,7,15,21,42,11,19,8,14
"COG1208",33,50,28,68,50,54,59,53,54,40,1,53,62,12,69,19,67,56,43,73,17,44,82,44,78,58,55,60,107,39,62,89,60,40,52,53,68,37,100,69,39,61,55,62,55,61,61,43,161,54,65,73,115,62,40,7,68,46,69,59
"COG1209",36,29,28,41,37,43,22,48,43,34,39,46,55,36,67,28,48,29,31,62,30,55,61,39,51,27,50,42,43,55,27,65,61,33,35,49,32,37,53,52,47,69,55,45,43,52,36,93,48,49,53,43,41,40,25,34,53,32,64,33
"COG1210",22,17,19,36,17,12,23,6,9,7,26,4,8,26,8,38,20,27,12,5,29,6,4,3,10,49,11,24,16,36,13,11,15,14,5,15,13,14,7,7,34,30,7,14,11,13,15,31,60,11,4,35,0,5,44,15,5,11,6,12
"COG1211",41,47,73,60,40,58,85,45,58,57,37,58,61,58,56,52,24,33,62,44,37,43,55,31,56,57,47,53,48,69,56,35,44,52,50,54,51,49,45,44,61,57,35,55,57,56,51,70,88,50,44,67,40,43,71,58,34,53,53,53
"COG1212",15,15,21,33,19,24,30,34,21,11,4,22,15,4,38,25,17,13,34,37,22,21,16,13,30,33,21,25,28,39,8,12,17,7,3,6,9,10,18,16,9,25,17,9,8,17,8,11,21,3,11,11,15,10,7,4,20,18,14,8
"COG1213",2,5,0,4,0,2,3,6,4,2,4,20,3,0,7,2,8,1,6,10,14,19,3,5,1,3,2,8,2,9,3,4,7,2,1,10,2,3,1,5,1,1,11,7,3,4,0,0,1,4,6,2,12,4,0,0,25,1,4,5
"COG1214",25,45,37,36,33,31,34,40,33,39,43,21,36,47,31,32,37,38,38,22,31,25,29,31,36,46,44,31,43,40,43,29,38,18,36,35,23,26,33,35,31,40,38,29,30,36,35,62,44,48,33,28,38,32,33,23,34,39,27,33
"COG1215",57,82,38,56,59,41,41,72,74,56,62,80,57,57,81,96,45,62,56,70,123,69,62,33,89,63,51,42,78,26,36,88,74,67,28,55,36,47,67,53,50,64,91,69,59,82,45,38,42,34,69,56,68,73,61,136,84,48,86,57
"COG1216",79,58,102,110,132,126,75,110,110,94,37,143,101,73,103,100,87,87,100,144,58,77,160,101,102,110,98,82,115,113,99,162,120,57,73,103,101,55,138,85,72,98,120,100,125,74,130,109,204,106,118,95,128,91,73,143,126,138,116,97
"COG1217",69,115,76,72,104,98,84,83,73,91,97,60,98,84,70,81,88,75,104,76,88,44,69,98,101,112,102,106,82,99,71,72,74,82,94,89,85,102,88,104,80,87,86,93,78,95,71,102,81,86,82,103,83,83,87,97,78,95,91,87
"COG1218",10,5,3,6,22,11,4,27,21,10,1,21,15,3,17,0,13,11,15,20,15,10,18,10,26,1,17,12,18,5,6,32,12,9,4,15,26,5,24,18,7,17,20,18,18,23,10,3,1,4,22,9,28,32,5,0,18,13,32,17
"COG1219",64,108,92,97,58,90,80,70,81,99,89,54,72,81,58,93,60,76,54,57,61,44,73,107,61,86,80,72,65,70,88,66,58,77,102,87,68,75,58,60,84,69,50,56,69,67,97,68,99,90,73,67,74,83,68,96,55,49,53,64
"COG1220",8,5,2,0,2,1,3,10,4,7,8,1,6,15,5,33,1,4,3,3,23,5,0,1,1,20,2,8,2,4,1,4,4,9,2,0,6,24,8,2,7,8,3,1,0,5,4,2,1,1,2,5,1,1,19,17,1,7,1,0
"COG1221",35,9,16,9,7,8,13,26,6,16,22,8,5,33,7,193,5,20,2,6,32,15,7,18,11,5,0,13,8,18,20,7,11,6,42,11,14,8,33,11,6,19,5,16,3,9,31,5,0,3,43,6,12,18,63,13,11,16,4,17
"COG1225",21,15,20,27,24,16,25,18,22,16,14,23,13,14,10,10,18,17,13,27,18,19,19,15,20,14,18,23,22,23,14,29,19,9,14,18,18,7,20,18,10,23,19,6,21,13,15,10,30,26,17,23,21,17,11,24,29,25,29,24
"COG1226",53,16,10,22,25,23,21,42,33,42,21,10,21,24,30,14,19,26,21,35,90,28,17,21,20,4,14,16,25,25,12,34,26,21,21,23,29,20,57,19,21,16,27,13,14,31,12,3,1,11,34,26,29,14,49,29,32,29,17,28
"COG1227",45,39,38,40,56,37,13,15,39,32,64,10,27,60,27,60,57,29,16,3,17,10,30,35,22,24,30,39,11,6,53,16,23,32,58,45,21,33,18,36,42,11,21,29,35,30,60,4,14,26,11,13,8,28,18,16,21,27,16,24
"COG1228",18,43,19,34,36,50,22,41,39,38,23,29,33,37,51,9,32,59,44,46,22,52,36,47,54,22,27,34,35,20,30,51,53,34,28,44,21,70,42,44,41,22,49,55,42,42,33,8,14,40,45,13,29,39,13,32,56,33,45,27
"COG1230",8,5,0,4,6,5,7,9,17,10,13,17,6,28,3,11,2,3,8,6,10,8,11,3,3,3,7,18,6,1,3,8,8,8,4,2,19,5,6,13,9,18,5,8,11,32,10,4,1,5,8,4,7,1,8,35,4,4,3,1
"COG1232",2,22,2,14,3,21,6,9,5,5,2,22,7,20,6,32,3,26,11,34,22,13,32,8,8,2,22,7,35,1,8,12,7,6,6,1,4,11,10,7,3,1,2,8,7,9,1,0,1,9,7,1,7,7,13,31,2,4,6,2
"COG1233",4,2,1,4,22,1,2,13,4,6,0,2,20,4,8,0,7,7,17,8,10,18,9,1,4,1,6,1,8,10,5,4,6,12,7,22,2,5,17,13,2,4,7,9,13,11,13,29,6,2,14,8,20,2,0,1,8,10,9,14
"COG1234",49,16,55,48,46,41,46,49,39,52,47,40,35,43,31,44,44,27,39,43,25,32,39,49,30,31,24,52,34,43,63,34,30,28,47,41,48,24,34,30,27,51,35,33,46,35,46,43,54,61,31,56,37,39,53,23,37,33,24,34
"COG1235",37,56,55,72,57,56,73,39,70,60,45,51,62,30,65,29,60,47,56,82,55,41,42,82,36,66,78,69,74,77,45,86,67,59,45,55,59,45,71,61,55,99,71,46,61,53,62,83,75,94,64,66,68,52,54,14,69,64,50,49
"COG1236",15,52,14,14,21,16,10,12,9,18,13,6,10,19,8,34,22,26,14,6,8,6,11,27,14,6,10,11,6,2,33,5,9,52,44,28,14,47,13,15,28,10,19,14,23,25,31,3,12,22,33,22,4,24,8,8,12,31,17,23
"COG1237",4,6,1,9,6,6,6,14,12,4,2,14,3,3,8,14,9,3,10,7,7,29,8,6,8,0,4,1,18,5,3,16,7,8,4,9,2,2,5,9,7,41,5,8,12,8,9,20,25,4,11,18,11,6,11,6,6,4,4,6
"COG1238",7,12,12,10,12,11,10,15,11,11,2,15,13,2,13,0,7,11,14,22,7,8,11,7,18,30,8,17,15,18,5,15,18,1,6,17,16,1,15,15,16,30,13,8,12,11,9,24,22,22,16,36,20,15,14,1,14,14,19,8
"COG1239",0,4,2,0,1,2,6,0,0,1,2,1,0,0,0,0,4,4,0,1,0,6,1,5,2,2,1,2,0,0,1,3,2,2,1,1,1,21,0,6,7,2,1,1,3,3,8,0,2,2,2,1,0,3,1,0,0,0,1,1
"COG1240",0,3,2,2,3,5,3,3,1,0,1,0,0,1,0,0,2,5,0,0,1,13,1,9,0,4,2,3,0,1,1,0,3,4,0,0,3,18,1,3,7,1,1,0,3,2,3,0,0,1,2,2,0,1,1,0,1,2,0,0
"COG1242",35,38,37,33,24,39,38,26,34,32,41,28,16,28,28,34,20,35,28,30,11,19,30,33,29,32,28,45,35,18,38,24,49,22,32,26,37,22,29,21,28,36,31,26,33,38,28,31,22,33,48,36,43,38,41,15,39,19,17,29
"COG1243",1,24,3,7,0,1,2,1,3,3,6,6,1,7,2,3,2,31,10,2,5,7,0,16,1,0,2,1,1,3,11,1,4,25,1,5,1,15,0,4,7,0,2,5,4,5,4,1,0,9,3,1,0,8,1,3,4,3,4,2
"COG1246",16,1,0,2,2,0,3,11,4,6,3,4,3,1,1,6,0,4,0,3,25,6,0,0,1,6,4,2,3,2,2,3,6,4,3,4,5,0,2,1,1,3,5,0,1,6,11,2,0,1,1,4,2,0,16,4,0,0,2,0
"COG1247",29,14,15,20,19,22,15,25,24,21,32,17,15,14,10,33,41,15,16,18,13,12,14,20,16,15,21,29,11,7,30,12,9,17,32,25,20,23,26,9,24,21,16,8,16,23,20,2,13,21,21,16,15,26,13,32,34,14,15,21
"COG1249",93,51,16,28,69,87,35,94,95,42,170,81,99,37,123,74,50,75,94,110,96,97,73,56,100,26,61,39,71,36,33,114,98,65,21,66,104,47,84,83,52,48,97,55,74,104,53,11,24,32,90,44,97,57,50,74,95,91,105,57
"COG1250",55,32,12,14,14,17,28,8,22,25,23,10,16,22,15,26,15,40,6,15,44,17,11,19,13,9,19,16,15,10,18,16,8,21,18,18,26,25,5,10,21,5,19,23,19,29,16,4,8,10,13,9,2,19,49,44,5,19,22,5
"COG1251",25,8,3,2,1,0,7,6,5,9,19,3,2,12,3,2,2,13,3,7,22,14,2,1,5,0,1,0,2,2,4,6,4,11,2,10,9,1,1,0,0,1,2,6,1,11,3,0,0,1,5,7,4,2,20,16,2,0,3,1
"COG1252",12,15,11,6,6,10,17,23,15,10,12,17,14,7,23,11,3,7,15,21,13,16,18,6,13,22,9,3,14,33,6,30,28,12,7,15,16,3,12,12,19,12,11,13,16,29,7,33,32,10,12,37,11,9,21,10,9,9,7,5
"COG1253",89,122,129,131,126,114,110,135,127,106,94,128,113,120,86,125,108,125,157,123,128,98,87,126,132,122,112,119,150,135,93,118,116,121,103,107,101,135,118,112,137,134,132,134,110,102,142,131,171,113,99,129,109,125,129,154,117,123,121,93
"COG1254",9,3,9,3,7,10,4,2,2,4,20,7,2,11,2,7,3,3,0,1,5,3,6,3,1,1,2,5,0,0,10,1,3,2,5,9,3,2,2,0,3,2,0,1,4,1,7,1,3,2,0,4,0,5,6,17,1,11,0,5
"COG1256",32,18,31,17,10,24,28,18,38,75,2,3,9,11,2,4,8,3,3,11,18,11,26,42,6,40,16,35,11,2,20,5,23,9,53,28,22,10,11,14,22,11,10,2,39,27,25,7,10,26,16,25,0,19,19,5,7,29,2,25
"COG1257",0,0,3,0,1,0,0,1,0,0,28,1,0,7,0,0,0,4,1,1,0,1,1,0,1,0,2,0,2,0,2,0,0,4,0,0,2,0,0,0,1,0,0,0,1,2,0,0,0,0,0,0,0,0,0,8,0,0,0,0
"COG1259",4,4,2,3,5,3,0,10,8,9,0,18,13,1,14,0,3,8,12,18,6,8,8,8,9,1,12,5,11,3,1,11,11,3,2,7,18,3,7,8,3,9,12,8,16,13,7,4,1,2,14,3,8,14,0,1,8,6,12,9
"COG1260",15,5,23,34,20,20,33,19,22,5,1,12,31,10,29,17,26,15,28,28,5,20,21,10,31,30,27,13,41,59,9,23,20,13,2,20,20,6,36,21,25,53,29,18,21,15,14,58,72,26,34,34,43,23,47,27,31,30,29,19
"COG1261",7,1,0,1,0,0,0,1,0,1,1,0,0,0,0,0,0,0,0,1,6,0,0,0,0,7,0,0,1,1,0,0,0,0,0,0,1,0,0,0,0,0,0,0,0,0,0,0,0,0,0,3,1,1,2,0,0,0,0,0
"COG1262",14,62,113,46,50,38,55,65,47,15,1,51,58,1,91,2,29,25,49,47,63,35,66,20,53,117,51,18,56,59,22,36,50,62,26,42,41,11,56,31,38,55,34,28,82,11,11,128,87,29,29,47,58,16,41,2,49,39,40,29
"COG1263",178,57,98,51,79,87,54,87,105,90,368,56,78,280,69,249,177,93,37,22,178,123,41,57,74,21,65,73,33,44,129,63,39,56,146,102,74,44,45,104,68,35,76,85,99,86,74,20,41,53,61,51,34,74,148,187,59,123,81,97
"COG1264",187,46,76,66,77,86,45,69,102,79,299,60,67,235,39,206,171,98,36,20,160,119,35,63,65,21,42,58,57,36,122,68,40,70,133,71,57,56,39,87,58,33,77,91,83,79,43,15,26,39,35,37,21,66,145,174,44,92,76,62
"COG1266",44,34,55,37,37,37,50,35,45,45,73,35,54,46,30,12,39,25,39,24,45,25,36,42,37,55,41,56,38,48,50,40,44,38,72,53,44,45,56,22,47,44,48,32,60,54,35,65,70,67,34,44,60,53,41,19,39,47,46,56
"COG1267",6,5,27,10,13,12,2,5,14,8,2,7,10,2,14,1,3,9,6,14,3,8,3,4,11,11,5,5,7,23,4,11,10,4,0,4,14,2,7,10,8,15,7,10,7,8,2,15,23,9,15,18,8,16,14,1,12,5,16,10
"COG1268",11,21,15,23,25,19,4,13,12,10,41,9,9,33,8,44,24,19,14,3,12,5,13,26,15,16,16,23,12,5,25,6,11,20,41,17,9,24,7,9,20,3,11,12,20,21,20,2,15,16,11,8,4,20,10,38,9,12,11,27
"COG1269",25,47,25,48,44,54,21,47,48,37,62,61,57,65,46,24,55,80,57,58,30,48,41,48,60,7,40,42,41,21,70,51,51,49,55,53,56,59,42,67,40,36,62,83,40,64,50,7,17,34,45,23,62,48,12,22,72,49,73,85
"COG1270",20,28,14,12,21,35,10,31,36,19,25,25,20,17,38,36,29,29,17,27,13,29,28,25,31,16,14,17,18,7,30,15,34,15,27,25,17,19,24,25,21,11,42,16,32,19,17,2,9,17,13,17,16,24,15,12,35,32,21,15
"COG1271",16,23,27,23,16,39,22,31,25,19,25,38,27,20,41,31,23,34,37,38,37,17,33,16,23,35,31,23,40,65,19,45,47,19,10,15,35,13,26,41,18,37,51,36,30,27,25,44,45,25,22,43,35,36,32,9,48,31,38,13
"COG1272",21,31,27,30,21,26,16,36,19,20,28,11,17,38,19,37,17,19,15,20,20,28,19,24,27,14,21,26,17,35,21,24,23,32,31,26,14,15,28,19,15,15,15,24,31,30,31,22,25,30,24,11,31,18,16,58,27,21,15,24
"COG1273",0,0,0,0,0,0,0,0,0,0,0,0,0,0,0,0,0,0,0,0,0,0,0,2,0,3,0,0,0,0,1,0,0,0,0,0,2,1,0,0,0,0,0,0,0,0,0,0,0,0,0,0,0,0,1,1,0,0,0,3
"COG1274",0,14,2,9,0,1,4,0,4,2,2,2,5,0,0,1,5,25,7,1,11,0,1,18,2,2,14,1,3,0,3,1,2,7,2,1,3,24,0,7,14,1,4,10,7,0,3,4,2,2,0,0,0,4,0,0,1,2,1,0
"COG1275",11,2,0,2,2,1,4,5,6,2,6,3,1,4,1,19,2,2,3,2,9,8,1,1,6,0,1,2,2,5,1,1,1,5,7,3,5,1,7,6,1,6,0,2,1,2,8,0,1,0,2,3,1,0,11,1,3,7,1,0
"COG1276",2,1,0,0,0,1,0,0,4,0,1,0,0,2,0,0,0,3,0,1,4,1,0,0,1,1,0,0,0,2,0,1,0,2,1,0,5,1,0,1,0,0,0,2,1,4,0,0,0,1,1,0,0,0,3,2,1,0,0,0
"COG1277",16,19,7,15,19,13,9,4,20,9,30,23,13,31,19,4,22,16,10,14,12,22,23,16,32,7,31,4,9,3,26,16,6,25,18,16,11,18,11,22,22,5,14,23,12,16,16,1,2,12,18,9,23,15,5,23,15,22,19,18
"COG1278",20,14,5,8,3,6,4,8,5,6,11,4,4,12,1,21,4,9,3,2,15,12,7,4,6,3,4,11,6,3,8,6,5,0,17,4,13,3,2,7,7,1,4,5,8,7,9,2,5,7,5,5,4,8,19,29,6,4,3,6
"COG1279",6,6,1,3,0,0,3,7,1,3,6,4,0,0,1,21,1,4,6,3,4,3,1,1,0,6,3,4,0,1,4,1,0,7,2,1,3,0,0,5,3,0,2,0,2,2,4,2,0,2,3,9,0,1,9,1,2,3,1,0
"COG1280",24,16,3,4,8,23,5,24,12,7,19,15,11,5,16,7,12,16,15,18,25,15,9,8,24,5,12,4,7,1,2,30,14,10,3,11,6,2,9,20,7,3,27,10,7,16,7,6,1,5,6,6,14,15,31,13,27,5,14,4
"COG1281",35,24,26,25,18,22,28,14,21,33,43,13,23,37,17,36,18,37,14,10,17,12,11,27,17,15,23,20,14,8,30,6,18,26,36,25,19,45,16,21,24,7,13,21,22,21,27,4,11,27,15,15,10,23,19,16,17,10,10,17
"COG1282",10,0,1,1,2,2,1,1,3,3,2,0,0,11,0,11,0,0,3,3,8,2,0,0,1,11,0,3,0,0,1,1,1,2,3,0,4,1,1,0,0,0,0,2,0,2,0,2,0,1,0,6,0,0,8,46,1,0,0,0
"COG1283",98,140,175,126,112,126,145,88,97,132,90,101,97,94,90,56,128,70,95,96,56,91,100,116,80,134,93,96,110,128,112,82,112,111,110,117,100,105,120,82,115,120,97,88,126,88,111,171,174,110,95,151,104,118,142,37,89,122,102,96
"COG1284",74,115,121,121,102,113,128,91,102,98,117,101,95,123,90,97,138,102,113,64,60,81,78,111,109,101,105,130,111,137,107,90,77,110,130,123,87,93,91,102,110,118,89,95,107,73,117,113,121,113,80,94,95,118,136,56,116,94,121,89
"COG1285",13,18,15,13,7,0,5,9,4,11,1,12,8,10,6,7,3,3,13,8,9,7,5,12,5,3,8,7,8,11,27,22,7,11,12,13,22,28,16,19,35,16,11,17,5,24,20,33,22,17,15,13,9,12,22,13,16,20,14,10
"COG1286",8,5,2,1,0,2,1,2,4,4,12,4,0,1,4,0,0,0,1,2,11,3,1,0,3,2,2,2,0,2,1,1,0,3,0,0,1,1,2,0,1,3,1,1,3,1,2,0,0,2,0,5,0,1,6,0,0,1,0,0
"COG1287",0,0,0,0,0,1,0,1,0,0,0,0,0,0,0,0,0,0,0,0,0,0,1,0,0,0,0,0,1,0,0,0,0,10,0,0,0,0,0,1,1,0,0,0,0,0,0,0,0,0,0,0,1,0,0,0,0,0,0,0
"COG1288",31,23,14,17,39,13,16,36,25,22,19,27,12,30,31,32,10,43,12,13,62,41,13,19,28,6,11,8,14,12,23,39,31,27,19,21,20,21,8,22,11,3,11,18,22,30,22,2,6,9,16,12,17,14,24,17,62,12,11,14
"COG1289",88,13,1,0,6,4,9,14,17,22,17,1,1,16,6,3,5,5,1,8,85,21,0,1,5,4,2,0,6,15,5,14,2,21,0,0,21,2,2,0,3,1,1,3,0,7,2,7,2,4,3,16,3,0,46,12,1,0,7,0
"COG1290",0,0,0,0,0,0,0,0,0,0,0,0,0,0,2,0,0,0,0,0,0,0,0,0,1,0,0,0,0,0,0,0,0,0,0,0,0,0,0,0,0,0,0,0,0,0,0,0,0,0,0,0,0,0,0,0,0,1,0,0
"COG1291",25,5,6,10,5,13,8,7,9,17,2,5,0,3,0,1,6,2,0,6,10,11,3,13,1,13,10,3,1,1,0,1,8,4,10,2,6,1,8,3,4,3,1,1,10,9,8,0,3,8,12,8,1,10,5,2,0,3,2,7
"COG1292",68,6,16,11,6,14,32,13,13,23,58,6,7,33,6,15,11,24,4,13,44,29,22,7,15,14,7,13,12,7,16,16,12,8,9,11,11,12,5,0,18,6,14,3,14,19,13,3,1,9,9,11,9,3,19,13,16,5,12,17
"COG1293",29,43,34,40,30,38,31,13,27,47,64,14,21,53,18,47,56,35,16,12,6,19,28,39,21,24,32,32,17,3,55,6,27,53,43,29,19,78,13,26,35,12,20,25,34,22,32,15,12,36,18,11,4,32,18,30,13,32,20,39
"COG1294",33,18,27,13,31,30,25,32,36,20,16,33,30,14,52,28,16,24,29,34,34,28,32,26,36,22,33,31,39,35,9,51,28,16,18,25,37,7,53,26,28,47,34,24,23,18,36,17,34,23,14,46,52,25,37,12,39,49,31,15
"COG1295",47,38,25,52,38,46,41,49,47,35,56,50,17,33,43,3,23,39,38,40,29,38,36,35,39,62,33,48,58,61,36,42,44,40,34,31,50,28,31,37,35,57,34,38,31,63,44,55,62,59,27,66,41,37,55,26,35,35,38,36
"COG1296",22,25,30,33,18,22,10,17,20,17,53,9,26,53,8,51,30,23,11,10,20,15,17,38,17,14,18,24,12,5,33,11,13,12,32,16,9,33,10,19,18,12,7,26,17,14,18,4,14,15,14,12,8,26,33,33,17,21,14,16
"COG1297",20,16,55,44,42,52,42,42,35,46,33,40,34,22,53,25,32,51,48,39,26,27,38,20,55,40,40,49,40,61,32,49,29,22,27,29,21,26,34,41,45,54,62,36,50,37,40,60,48,58,27,57,35,48,53,25,48,27,45,21
"COG1298",36,10,13,14,6,10,31,14,12,27,0,10,6,12,8,4,4,5,4,9,14,16,14,28,4,29,16,21,13,0,10,4,22,12,43,17,15,4,8,11,17,5,13,5,28,11,5,0,9,20,13,18,6,16,11,3,4,18,4,8
"COG1299",88,21,43,26,34,31,47,52,32,48,72,15,25,91,22,135,44,75,18,17,79,43,31,50,23,29,13,37,25,22,72,29,29,23,54,32,30,24,25,34,24,10,23,44,36,29,28,18,12,41,26,19,18,32,68,34,20,43,28,53
"COG1300",1,17,7,2,0,1,4,7,9,1,1,4,3,1,6,0,4,1,10,5,3,14,12,5,5,1,2,2,9,1,4,11,9,13,2,5,5,4,1,6,5,0,6,8,2,14,3,10,0,5,15,1,18,2,1,0,7,7,5,5
"COG1301",79,60,81,69,65,56,47,70,69,48,63,63,68,91,72,221,71,72,58,38,54,95,40,41,75,64,65,65,89,107,66,68,56,61,77,63,57,37,53,83,67,77,43,59,57,50,71,60,83,38,61,93,58,57,87,27,49,72,59,58
"COG1302",18,38,16,26,18,23,24,8,22,25,48,8,11,41,5,13,33,30,15,7,6,10,15,30,14,10,14,18,8,1,27,3,11,33,24,23,15,20,8,14,29,8,14,12,17,8,15,4,5,20,17,9,6,20,5,15,14,14,14,14
"COG1304",18,11,6,14,14,19,6,11,12,12,24,11,9,25,6,4,28,23,6,5,16,18,4,8,7,2,13,9,5,6,17,8,8,15,10,12,9,16,5,13,6,2,9,9,11,7,7,2,5,5,7,8,2,5,7,19,6,9,6,5
"COG1305",30,50,40,51,29,39,27,47,42,48,34,53,69,52,25,61,47,61,46,32,30,16,55,54,48,39,43,39,22,44,42,41,38,51,35,49,22,79,21,31,46,9,50,56,59,41,31,23,18,37,47,11,38,41,50,108,56,46,30,34
"COG1306",1,12,3,5,0,0,1,3,1,2,1,7,2,0,2,0,4,1,2,0,4,18,1,6,0,5,3,3,0,7,1,0,4,6,1,0,1,3,0,9,3,2,2,4,1,0,5,0,0,5,3,0,0,2,7,0,3,1,1,0
"COG1307",83,106,74,79,71,82,69,48,76,98,138,38,67,150,39,38,125,84,51,26,33,24,74,112,62,44,83,75,44,13,120,14,58,94,107,78,54,117,30,57,90,9,60,73,82,68,71,20,41,59,80,38,9,86,26,47,29,60,30,75
"COG1309",191,200,68,109,48,80,71,52,69,82,213,84,53,105,43,118,78,126,69,81,170,115,78,114,60,72,90,74,53,36,114,59,76,147,97,62,80,128,59,47,114,36,69,126,85,78,109,39,29,73,84,42,53,65,79,140,35,53,60,114
"COG1310",7,5,3,1,3,1,3,2,21,10,8,0,0,1,0,2,1,1,4,2,4,0,1,4,1,2,2,2,0,1,4,1,1,4,20,4,8,3,1,1,3,0,0,3,8,3,7,0,4,1,1,1,2,0,2,1,5,2,0,4
"COG1312",32,32,44,46,56,51,46,40,61,40,6,34,45,19,34,50,57,50,52,64,27,41,61,25,48,26,29,32,48,63,35,46,57,20,57,39,43,29,27,44,36,41,78,38,48,38,39,51,32,18,52,50,50,61,46,17,70,23,40,28
"COG1313",14,41,16,23,16,13,13,8,13,19,5,4,11,11,13,24,17,33,10,3,7,7,11,25,8,11,17,26,9,4,27,4,6,26,33,14,8,26,13,8,29,6,6,14,20,14,23,3,8,35,19,7,2,13,7,1,14,12,8,18
"COG1314",6,2,5,2,1,1,1,2,2,2,8,3,0,0,2,0,0,2,1,2,4,2,2,0,0,6,1,1,1,3,2,1,0,5,0,1,4,0,1,1,2,1,0,3,1,2,0,2,1,0,1,2,2,1,5,3,1,1,0,0
"COG1315",17,12,15,11,8,6,14,15,29,36,1,3,7,4,5,0,2,5,0,1,1,5,18,28,6,16,9,13,6,1,7,0,23,6,33,12,11,0,15,6,9,4,6,2,16,8,19,2,4,17,21,5,1,20,3,0,4,15,3,16
"COG1316",55,90,52,63,33,51,46,30,50,61,162,40,28,116,23,136,50,78,38,20,30,39,35,63,34,30,43,58,31,8,89,23,33,81,103,43,39,92,32,53,62,16,33,57,45,43,72,17,29,60,43,13,17,49,57,127,38,50,10,71
"COG1317",7,0,5,0,0,1,3,1,6,7,0,0,0,0,1,1,0,0,0,1,13,4,3,1,2,0,3,0,4,1,0,0,1,4,0,2,1,0,0,3,1,0,1,0,1,4,3,0,0,1,0,1,3,0,6,0,1,1,0,2
"COG1319",29,18,18,6,15,25,8,9,14,17,20,10,11,28,12,33,18,19,6,4,17,26,14,15,12,7,10,22,6,3,12,4,3,5,21,9,4,9,2,8,6,3,3,3,7,9,5,1,4,7,6,1,4,5,4,10,11,8,2,5
"COG1320",0,0,0,0,0,0,0,1,1,0,0,0,0,1,0,0,0,1,1,0,0,0,0,1,0,0,0,1,1,0,0,0,1,3,1,0,1,1,0,2,0,0,0,1,0,0,0,1,0,1,0,0,0,0,0,0,0,0,0,0
"COG1321",16,30,21,12,12,13,13,6,14,14,43,8,12,13,2,25,17,18,9,5,16,7,4,32,12,24,13,19,5,5,28,5,15,24,25,23,9,35,7,8,26,3,10,21,15,13,21,3,13,19,13,8,4,15,8,12,6,16,5,22
"COG1322",35,21,27,38,36,35,28,27,39,42,33,33,41,29,33,29,46,24,60,40,44,31,22,20,24,36,32,53,47,43,14,20,20,16,5,12,18,8,15,15,33,31,11,20,20,13,16,31,35,22,19,32,15,21,18,15,13,17,19,15
"COG1323",15,53,30,27,25,29,22,20,17,27,49,14,12,44,14,27,26,23,22,9,6,10,16,40,15,19,23,20,16,9,34,7,17,47,37,21,13,35,6,26,32,5,12,15,29,20,29,2,7,27,24,9,6,22,8,20,9,22,5,21
"COG1324",8,0,0,0,0,1,0,1,0,0,1,0,0,0,0,0,0,0,0,0,6,1,0,1,1,0,0,0,0,0,0,0,0,3,0,0,2,0,0,0,0,0,0,0,1,2,0,0,0,0,1,1,0,0,4,1,1,0,0,0
"COG1327",16,29,17,17,8,17,8,10,10,14,28,2,8,37,3,25,7,22,13,5,16,9,17,25,8,10,14,13,10,6,19,4,8,15,25,12,16,31,9,11,18,6,6,13,15,15,13,6,9,17,6,8,4,18,13,36,2,8,6,18
"COG1328",114,134,111,211,140,115,133,118,116,104,147,116,115,141,126,127,110,149,117,89,112,101,124,172,114,481,152,127,117,106,150,91,130,185,136,125,86,154,107,119,138,102,93,142,101,96,177,119,104,123,147,106,99,115,106,136,112,108,129,109
"COG1329",2,15,3,1,0,0,2,2,0,1,1,4,1,4,2,11,1,4,1,0,7,0,0,4,2,3,2,7,0,1,3,2,1,7,0,1,1,8,0,1,5,0,0,3,2,0,6,0,0,3,0,4,0,2,4,24,0,2,3,1
"COG1330",18,2,6,0,3,1,1,1,6,5,7,0,3,3,4,0,0,2,1,1,23,2,0,0,1,25,3,2,2,10,1,4,0,8,2,1,9,0,2,0,0,0,1,0,0,6,1,2,0,2,1,9,0,0,22,3,0,0,1,0
"COG1331",0,0,0,0,0,0,0,0,0,0,0,5,1,0,0,0,0,4,0,0,0,2,0,1,0,0,0,0,1,0,0,4,0,4,0,0,0,4,0,1,0,1,0,1,1,3,0,0,0,0,0,0,0,1,0,0,0,0,1,0
"COG1332",2,0,2,4,0,0,1,2,4,3,5,1,0,0,2,7,0,7,0,0,0,0,0,0,0,3,3,6,0,0,5,0,0,11,15,2,4,1,0,0,2,0,2,0,0,4,5,0,0,1,8,2,1,0,0,1,0,2,0,0
"COG1333",1,6,1,5,10,5,1,5,9,2,0,15,7,0,8,0,2,3,10,11,3,38,23,4,5,1,2,2,7,6,1,13,2,12,3,5,3,1,7,6,3,2,7,15,13,6,1,0,0,0,6,3,5,1,0,0,6,8,9,8
"COG1335",64,22,13,22,8,19,9,24,23,15,53,12,21,32,9,54,18,19,15,11,47,23,19,32,17,17,26,16,14,5,23,20,12,25,27,28,14,42,7,11,14,14,10,13,18,13,25,7,37,18,9,35,16,14,22,47,21,23,10,16
"COG1336",0,0,0,0,0,0,0,2,0,0,0,1,0,0,0,0,0,1,0,1,0,1,2,3,1,0,0,0,0,0,0,0,0,1,0,0,0,0,0,0,0,0,0,0,0,0,0,0,0,0,1,0,0,0,0,0,0,0,0,1
"COG1337",0,0,2,0,1,0,0,3,0,1,0,3,0,0,2,2,0,2,0,1,0,1,0,1,1,1,1,5,1,0,3,3,2,9,7,3,3,0,0,10,4,4,3,1,2,1,1,0,1,1,4,1,0,0,0,0,0,2,0,0
"COG1338",5,1,5,3,0,2,1,6,2,11,0,0,2,1,0,2,0,1,0,5,4,4,2,3,1,8,4,10,0,0,8,0,10,4,14,6,7,4,4,2,3,3,1,0,15,8,7,0,3,3,4,11,3,7,4,1,1,15,1,6
"COG1342",9,9,6,9,4,8,12,9,6,6,7,6,7,9,2,21,7,2,9,16,2,12,18,7,7,13,15,4,14,1,11,1,5,11,8,5,6,21,5,8,7,7,6,7,7,26,7,2,2,0,4,4,15,14,3,2,10,18,14,4
"COG1343",6,7,8,10,8,8,7,2,6,5,3,3,3,10,6,3,13,7,3,6,1,12,6,8,6,8,18,7,4,5,11,7,7,5,15,4,12,5,7,2,5,19,2,2,6,14,10,11,1,11,12,10,0,8,12,3,9,9,9,8
"COG1344",65,22,60,49,14,17,47,34,48,126,3,7,23,21,15,3,4,6,2,17,8,13,50,56,20,60,43,49,24,1,52,3,31,16,106,57,30,1,20,32,27,8,11,9,35,37,34,4,20,35,52,38,7,57,20,2,10,45,10,36
"COG1345",27,8,11,9,8,5,22,12,11,33,6,4,5,9,3,2,4,2,1,3,15,9,11,16,1,25,10,6,10,0,7,2,13,4,32,11,9,6,5,8,13,4,3,1,29,6,17,0,6,9,40,11,1,12,10,1,3,8,2,11
"COG1346",26,19,31,26,29,34,27,29,33,26,38,34,33,23,19,21,41,15,31,18,15,20,34,25,26,31,30,31,22,32,24,37,22,17,37,39,23,14,24,32,28,37,30,26,44,35,34,51,31,39,21,36,25,34,36,5,27,26,32,22
"COG1347",2,4,6,8,25,16,10,19,13,12,3,27,11,3,29,0,13,7,14,26,4,14,24,13,23,19,14,8,20,21,4,16,27,6,5,19,13,8,26,26,11,18,23,12,10,10,12,23,20,19,16,19,30,13,7,2,27,17,30,15
"COG1348",3,0,6,4,2,12,2,3,1,4,2,2,1,8,0,3,4,2,6,2,0,1,2,1,3,3,3,4,2,0,2,6,3,6,10,13,4,9,6,6,4,1,8,11,8,14,18,0,1,2,4,3,1,5,1,2,3,1,1,11
"COG1349",140,54,44,39,60,38,40,60,54,49,123,36,41,79,32,177,47,88,40,43,127,99,39,42,44,13,37,57,36,28,63,51,40,53,67,58,72,51,67,32,34,34,44,57,44,42,59,9,27,33,44,32,42,51,127,99,58,90,38,57
"COG1350",11,20,25,37,36,18,36,36,32,25,2,32,33,0,31,2,24,19,41,30,13,34,24,19,29,46,47,28,45,54,16,37,37,24,5,22,27,17,27,41,31,68,38,35,28,28,23,42,44,27,21,51,49,36,32,10,49,33,41,32
"COG1351",12,22,25,69,10,8,26,7,10,12,7,3,9,16,4,15,23,29,15,3,3,0,5,29,17,16,25,17,16,14,6,1,8,13,10,10,6,19,4,5,19,15,8,8,7,14,9,45,18,6,12,11,1,12,17,3,2,9,6,11
"COG1352",12,8,8,10,3,7,10,9,7,17,2,4,1,4,0,2,2,2,0,3,10,10,4,28,0,8,9,4,7,0,10,3,2,3,14,7,6,10,6,0,3,2,1,0,13,10,8,2,3,8,13,6,0,7,9,2,2,7,2,10
"COG1353",6,3,10,4,0,1,1,8,2,7,12,2,1,1,2,5,1,7,3,5,1,3,6,5,5,2,9,8,1,0,8,0,3,13,14,3,6,5,0,5,7,1,4,1,7,4,6,0,3,9,21,3,2,0,0,1,2,5,2,4
"COG1354",9,23,4,13,7,3,10,5,12,11,15,1,6,13,2,6,7,8,11,1,7,5,6,9,5,8,10,11,2,3,28,9,8,33,21,14,6,35,6,18,32,2,10,20,7,14,26,4,3,14,14,11,1,16,6,16,7,19,5,23
"COG1355",0,0,0,4,0,0,0,3,0,0,0,0,0,5,0,0,0,1,2,0,1,0,0,0,0,0,0,15,23,0,0,0,0,1,0,0,0,0,0,0,0,29,0,0,0,0,0,15,30,0,0,19,0,0,4,11,0,0,0,0
"COG1357",43,15,5,14,10,26,16,8,16,9,6,9,15,4,15,7,19,18,12,43,87,35,16,30,19,5,18,11,18,2,8,17,15,26,14,17,16,15,15,12,9,4,29,18,24,19,14,9,2,12,33,6,17,13,18,24,28,8,25,16
"COG1358",4,12,7,12,6,7,10,8,12,14,26,6,2,12,2,24,5,19,2,1,2,4,2,7,4,10,8,9,3,3,7,4,8,14,16,6,8,16,8,10,7,1,8,11,10,3,6,4,4,13,3,4,2,10,6,12,10,12,1,8
"COG1359",8,6,1,4,4,6,3,15,7,5,3,16,6,6,5,0,9,8,3,11,19,12,4,4,8,2,2,3,4,1,2,15,13,7,1,7,13,3,3,4,5,11,9,6,5,12,7,4,2,5,11,1,6,6,6,7,7,4,5,8
"COG1360",9,7,13,14,4,5,18,6,4,7,1,7,7,6,5,1,3,4,9,8,8,16,3,15,7,17,6,10,12,26,6,7,11,18,16,15,8,2,7,20,9,28,11,14,13,23,20,53,48,28,14,26,17,16,50,3,9,17,11,10
"COG1361",1,5,2,1,0,2,0,0,4,1,0,0,2,0,1,6,0,3,2,1,0,0,0,1,5,2,0,3,0,0,2,0,0,0,2,0,5,0,0,1,7,1,0,1,0,0,0,2,0,2,0,1,1,3,1,2,0,0,0,0
"COG1362",55,95,93,62,60,55,68,48,44,81,66,31,46,97,22,118,66,76,33,14,19,16,46,47,44,48,57,47,49,44,93,21,28,60,92,53,53,100,35,30,99,55,44,53,59,50,58,45,85,66,56,50,22,58,66,34,28,60,23,59
"COG1363",30,29,19,21,7,17,14,15,14,15,37,15,11,20,13,15,23,71,15,11,26,33,15,46,22,8,17,23,16,3,35,6,15,40,28,19,20,80,7,34,26,6,10,20,15,23,12,11,3,14,16,8,8,23,33,14,28,19,10,32
"COG1364",20,26,24,32,14,38,22,21,21,34,30,14,22,34,16,59,33,30,17,8,17,4,17,41,16,14,38,31,10,11,40,2,22,21,63,20,16,33,14,15,26,8,19,30,29,20,26,8,15,27,24,14,13,26,17,23,18,29,12,25
"COG1366",7,23,6,21,8,12,15,12,14,13,26,4,11,20,1,12,11,15,6,4,6,13,13,20,6,9,6,9,7,1,19,2,13,17,29,12,13,18,8,7,16,1,8,16,6,14,10,0,4,10,4,1,6,12,3,11,4,9,3,20
"COG1368",96,130,154,114,79,99,128,90,82,114,139,145,89,189,85,123,80,133,127,95,87,62,134,110,114,143,115,140,133,131,148,60,71,109,135,87,138,116,74,108,119,153,98,130,125,103,159,165,189,84,86,123,80,117,129,207,84,138,63,133
"COG1372",1,0,0,0,0,1,0,1,0,0,0,905,16,1,0,0,0,17,0,13,0,0,0,27,1,1,0,0,1,0,0,0,0,0,0,6,0,0,0,0,7,1,0,0,1,0,0,0,0,1,46,0,1,1,0,0,0,0,1,2
"COG1373",120,400,876,664,121,162,667,214,173,146,93,245,239,141,216,116,182,187,270,288,125,196,309,303,228,717,187,219,594,870,253,206,143,315,207,280,261,212,188,214,302,768,199,211,220,237,382,1206,1249,510,417,461,254,227,833,292,156,218,205,294
"COG1376",72,40,31,42,29,44,28,15,47,51,82,13,25,116,8,50,25,45,22,12,79,22,39,53,28,26,34,36,14,10,61,16,24,24,81,34,40,57,12,20,23,11,14,24,40,42,39,7,11,42,48,13,12,31,34,83,26,21,3,52
"COG1377",22,8,14,3,1,9,13,11,9,13,4,2,2,13,2,1,6,3,2,11,16,4,5,21,4,15,7,11,4,2,10,2,5,5,21,10,9,4,7,4,12,3,2,2,11,3,14,4,3,16,18,6,4,10,6,7,2,8,1,4
"COG1378",4,2,6,8,2,7,3,2,3,7,7,6,5,4,1,3,3,2,2,2,2,0,2,6,4,1,4,0,1,0,3,0,2,3,4,6,4,0,1,1,2,0,1,6,1,4,4,2,0,2,15,1,0,1,2,5,0,6,1,10
"COG1379",4,14,5,2,3,2,2,7,5,2,14,6,1,5,7,10,4,5,1,0,1,7,2,3,2,0,0,1,4,1,5,1,1,26,6,2,6,1,3,7,7,1,3,4,2,5,3,0,0,13,3,1,1,4,0,7,4,1,1,4
"COG1380",16,18,13,13,9,13,22,22,18,15,10,22,20,13,15,6,12,6,11,10,23,13,16,19,22,25,11,26,24,15,23,20,23,9,18,20,13,7,14,14,16,17,18,7,22,23,15,25,30,21,22,25,13,13,16,6,12,8,19,15
"COG1381",18,37,22,23,11,28,16,11,16,19,48,10,13,36,5,44,27,25,15,7,11,3,11,29,16,18,20,18,10,6,23,6,13,21,26,21,17,20,7,11,25,4,16,24,12,11,17,3,4,19,12,8,1,14,17,33,4,19,9,13
"COG1384",0,0,0,1,0,1,0,1,0,0,0,1,0,0,1,0,5,0,0,0,0,0,0,0,2,0,0,0,0,0,2,0,0,1,1,0,0,0,0,0,0,0,0,0,0,0,0,0,0,0,0,0,0,0,0,0,0,0,0,0
"COG1385",25,36,24,30,22,22,27,30,17,25,32,34,28,35,23,39,43,24,28,19,22,21,25,16,12,36,23,33,27,26,31,16,16,27,24,36,22,27,27,24,25,25,34,21,31,22,28,22,31,28,19,42,20,19,28,36,15,20,17,28
"COG1386",9,22,11,20,10,16,10,10,10,25,31,3,12,21,7,19,17,19,9,4,2,3,17,21,7,7,19,15,5,3,30,5,8,25,24,7,9,20,4,14,20,9,11,17,15,6,20,4,7,18,8,8,4,21,9,20,7,10,5,19
"COG1387",46,48,62,41,46,69,40,52,54,57,54,50,49,55,57,117,62,49,42,50,50,56,47,53,65,54,39,42,44,42,54,54,61,45,75,53,58,68,68,53,48,54,53,52,42,54,70,15,33,45,63,49,50,58,49,32,73,70,61,51
"COG1388",33,73,35,40,26,36,41,43,31,62,52,25,32,50,32,21,57,56,32,23,11,10,34,56,28,19,48,47,34,18,69,16,47,63,76,40,59,66,35,37,46,26,21,50,38,36,39,6,16,42,36,24,36,37,15,27,22,47,22,65
"COG1390",1,4,2,4,0,0,0,1,1,1,1,1,0,6,0,0,0,14,1,1,0,1,0,2,3,0,2,0,3,0,2,2,1,3,0,1,0,6,0,0,2,0,0,0,0,0,0,1,0,1,0,0,0,1,0,0,0,1,0,0
"COG1391",24,4,2,2,3,11,1,4,5,5,8,1,6,30,4,28,5,5,7,4,41,2,0,2,1,23,4,6,5,10,3,2,0,3,5,0,4,9,3,2,1,2,3,5,2,2,1,3,2,0,1,16,5,0,33,49,1,0,4,0
"COG1392",3,5,1,2,8,8,4,25,5,3,5,9,11,4,14,16,7,9,9,15,5,15,4,5,7,5,7,14,4,13,6,18,9,5,8,12,8,6,21,11,6,9,7,11,11,6,17,0,4,2,16,4,16,3,2,20,8,6,6,8
"COG1393",23,25,12,15,14,11,11,13,13,16,51,19,6,19,11,5,19,10,11,8,25,20,12,20,10,10,7,9,9,9,21,5,8,21,13,17,22,16,10,8,17,3,6,16,7,22,7,3,11,15,17,6,8,13,17,16,11,13,3,11
"COG1394",12,29,6,19,6,19,14,8,11,13,22,20,23,23,11,8,19,31,13,12,14,17,6,18,16,6,20,21,13,3,21,19,17,42,12,28,27,34,8,20,15,14,12,24,15,31,9,1,6,14,14,7,8,17,3,11,22,11,17,28
"COG1396",102,179,125,123,79,88,111,60,92,82,168,80,72,111,51,56,91,107,79,59,106,63,68,136,84,64,100,85,74,55,126,39,64,147,81,91,84,153,52,82,108,85,65,101,88,92,110,67,82,129,80,62,62,101,65,99,60,73,53,141
"COG1397",12,21,84,37,30,17,20,11,23,17,12,74,19,9,15,48,18,24,33,8,29,16,17,25,7,16,17,55,23,24,9,25,4,20,7,34,37,40,40,4,50,49,10,10,21,5,41,79,60,19,4,17,15,14,37,27,8,16,25,2
"COG1399",14,26,8,25,6,11,11,5,10,15,32,7,10,30,7,34,20,23,6,7,21,4,4,17,6,19,14,16,3,3,20,5,8,15,13,11,14,25,2,5,19,6,10,15,9,15,18,3,7,7,7,6,5,11,16,37,8,13,5,9
"COG1401",16,30,20,12,12,18,12,13,14,23,21,11,1,9,5,26,14,16,17,12,19,8,16,20,7,95,5,5,16,14,36,35,13,33,33,15,34,42,16,8,50,74,40,36,24,18,25,42,81,78,12,59,26,38,99,14,31,29,43,26
"COG1402",9,5,2,2,17,6,24,17,10,4,15,6,21,9,25,40,13,11,12,12,10,8,10,7,12,1,9,5,13,9,6,17,10,11,15,12,8,15,16,18,9,6,9,8,15,15,9,2,0,4,13,37,13,12,5,40,13,13,13,10
"COG1403",9,3,18,4,1,9,3,7,7,5,14,6,2,6,2,4,8,9,4,9,10,1,2,8,8,5,12,3,18,5,10,4,4,6,18,1,6,8,5,7,3,20,1,2,10,0,26,1,37,6,1,29,7,8,4,8,12,1,5,0
"COG1404",98,118,165,105,139,160,154,158,154,113,144,218,120,148,88,48,103,145,164,174,67,96,162,116,129,137,135,100,135,91,119,108,149,120,140,140,79,190,132,107,108,89,142,115,119,123,126,190,149,128,93,89,132,106,83,66,160,119,112,167
"COG1406",4,1,1,0,4,5,1,1,5,6,0,0,0,2,1,0,0,0,0,0,0,0,2,4,1,4,3,5,1,0,1,0,0,0,4,2,3,1,2,0,1,0,1,0,4,2,2,0,0,2,1,1,0,4,0,0,2,1,0,2
"COG1408",30,55,62,53,51,60,101,65,57,59,45,59,65,53,65,54,55,53,83,75,35,49,87,57,68,74,66,64,80,81,43,72,77,50,39,46,86,48,90,45,71,101,74,56,48,76,62,88,129,55,68,122,71,52,65,22,84,76,57,48
"COG1409",44,143,39,82,95,115,74,112,151,68,43,97,113,40,111,128,96,225,71,119,60,64,82,87,115,49,106,103,76,59,65,117,124,101,102,111,97,104,164,101,132,87,135,131,59,113,102,62,88,97,91,76,122,148,36,84,155,140,157,80
"COG1410",96,87,88,96,106,116,103,125,116,83,47,83,129,67,121,94,98,107,106,115,91,78,86,108,121,75,139,79,106,150,72,145,130,59,90,78,114,66,117,91,82,127,134,106,111,109,85,103,94,98,92,116,131,124,100,28,101,102,123,100
"COG1413",16,2,1,0,1,0,1,0,2,6,0,1,4,1,0,0,0,0,0,3,22,3,6,0,0,0,0,0,0,0,0,1,0,4,0,0,5,0,2,0,2,0,0,1,0,0,0,1,0,0,0,0,0,0,11,4,0,0,1,0
"COG1414",55,33,4,20,21,14,16,21,18,18,19,14,16,41,14,19,6,35,21,8,63,40,7,8,18,19,11,19,17,9,15,19,22,32,18,13,26,15,9,20,18,10,13,33,14,21,14,7,6,6,11,7,15,14,42,86,17,19,11,6
"COG1415",0,0,0,0,0,0,0,0,0,0,0,0,0,0,0,0,0,0,0,0,0,0,0,1,0,1,0,0,0,0,0,0,0,5,0,0,0,0,0,0,0,0,0,0,0,0,0,0,0,0,0,0,0,0,0,0,0,0,0,0
"COG1416",0,0,0,0,0,0,1,1,0,0,0,1,0,0,0,0,0,0,0,0,1,0,0,0,0,0,0,0,0,1,0,0,1,0,0,1,0,0,0,0,1,0,0,0,0,1,0,0,0,0,0,0,0,0,0,0,0,0,0,0
"COG1418",59,111,107,124,103,98,106,86,88,77,122,83,94,105,49,101,93,82,91,63,54,57,78,106,74,104,86,94,115,116,102,71,87,111,71,106,67,97,81,71,104,90,75,95,96,69,92,83,117,116,108,84,72,96,86,92,87,71,86,99
"COG1419",9,5,12,15,4,9,11,2,8,19,0,0,2,5,1,0,0,1,0,0,0,0,5,25,3,30,10,7,6,0,7,0,13,0,15,4,7,1,5,2,5,4,5,1,19,6,13,1,3,9,12,9,0,14,0,0,0,10,2,8
"COG1420",20,57,32,29,31,34,28,14,22,30,50,12,20,52,12,45,35,41,19,7,21,12,18,39,15,23,32,24,15,5,45,8,17,54,48,34,12,55,11,23,40,7,20,25,19,15,33,5,12,34,20,6,7,35,20,51,11,23,6,22
"COG1424",0,5,0,2,1,1,0,0,0,0,2,2,0,5,1,16,0,1,1,0,0,0,0,0,3,2,0,3,0,0,2,1,5,0,2,2,0,3,1,0,3,3,1,0,0,0,3,0,3,0,0,1,0,0,6,0,1,1,0,0
"COG1426",8,4,2,2,0,0,4,4,5,0,30,3,2,11,0,4,1,1,0,0,1,3,1,2,0,23,0,0,0,0,3,0,5,5,0,1,3,0,1,2,0,0,1,0,1,3,3,0,3,2,2,9,3,0,11,9,2,4,3,0
"COG1427",0,2,0,1,0,2,1,2,1,2,0,3,2,1,0,23,0,0,3,0,4,0,0,6,1,0,2,2,2,0,4,0,0,2,3,1,0,0,6,2,6,2,2,3,0,0,13,0,0,2,0,2,2,1,6,0,0,8,0,0
"COG1428",1,9,31,27,1,0,24,2,1,1,15,5,1,20,0,0,0,3,12,0,4,0,0,2,1,37,5,4,16,47,3,0,0,1,0,2,0,4,0,2,11,37,5,2,0,0,7,57,60,23,0,31,1,1,33,10,0,1,0,0
"COG1429",11,37,52,51,46,60,98,66,61,6,12,56,86,8,45,5,44,25,63,82,31,92,51,37,39,76,53,6,54,88,32,60,56,40,21,55,37,27,64,52,62,51,52,24,41,48,68,78,64,28,33,90,52,27,53,9,46,49,76,21
"COG1430",0,1,0,3,1,2,1,0,0,1,0,4,2,0,1,0,0,0,2,0,0,0,6,3,3,2,3,1,0,0,1,0,1,2,0,2,0,4,0,0,5,3,0,0,0,1,2,1,0,2,0,0,2,3,0,0,1,0,0,0
"COG1431",0,0,0,0,0,4,0,0,0,0,3,0,0,0,0,0,0,0,0,0,0,0,0,1,0,0,0,2,1,0,0,0,0,0,0,0,0,0,0,0,0,0,0,0,0,0,0,0,1,0,0,1,0,1,0,1,0,0,0,3
"COG1432",18,5,11,10,7,28,4,13,18,19,7,3,23,17,1,3,9,17,3,14,10,6,10,21,11,5,7,12,9,3,9,3,24,20,20,29,8,9,6,5,23,4,3,9,14,7,21,1,4,6,10,2,12,6,3,3,10,8,6,12
"COG1433",6,1,1,7,3,4,3,7,6,9,14,5,2,9,0,0,5,2,9,14,1,10,6,6,6,2,8,5,6,4,13,0,3,3,2,3,3,2,1,20,5,2,1,3,10,11,2,0,2,1,0,3,14,4,0,3,8,4,12,1
"COG1434",23,25,16,17,12,9,8,11,12,26,27,10,13,30,7,55,13,16,9,11,25,18,15,25,9,6,14,20,4,8,17,9,20,24,31,9,19,37,8,13,20,13,3,23,8,16,15,4,9,15,13,3,7,23,33,29,12,18,6,20
"COG1435",9,6,4,5,9,5,9,4,8,8,8,12,8,11,7,3,14,8,12,14,7,11,11,5,13,6,7,2,11,2,19,14,25,23,7,17,10,23,8,15,12,10,32,19,11,18,14,15,13,18,19,11,29,31,15,13,21,17,21,18
"COG1436",1,3,2,4,1,4,3,0,1,0,6,3,3,3,2,2,1,5,0,0,2,4,0,1,3,0,3,2,1,0,3,3,1,6,0,1,3,10,0,0,7,2,0,7,0,0,5,1,0,1,2,0,1,1,0,4,0,0,0,3
"COG1437",0,0,0,1,0,1,0,0,1,1,0,0,1,2,0,0,1,0,0,0,0,0,0,0,0,0,0,0,0,0,0,0,0,3,1,0,1,0,1,0,1,0,0,1,0,0,2,1,0,2,0,0,0,0,0,2,0,0,0,0
"COG1438",21,25,31,30,18,19,30,12,35,19,39,19,22,17,18,19,19,26,24,26,32,14,30,19,22,25,23,30,17,30,16,10,10,6,7,12,19,19,13,13,10,15,14,15,8,13,13,14,21,14,7,11,10,8,14,14,15,13,18,11
"COG1440",12,8,9,3,3,2,0,4,1,1,14,6,5,7,5,7,13,11,2,4,13,14,5,4,6,5,0,5,3,4,12,2,5,3,9,6,3,0,3,8,2,4,2,4,0,3,4,1,1,0,7,2,0,5,2,9,6,6,3,6
"COG1441",2,2,0,0,0,0,0,0,1,1,1,0,1,1,0,0,1,0,1,1,16,2,0,0,2,0,0,0,1,1,0,0,0,3,0,0,1,0,0,0,0,0,0,0,0,1,0,0,0,1,0,0,0,0,1,2,0,0,0,0
"COG1442",66,31,33,43,29,65,28,36,43,50,134,32,36,90,28,25,21,35,48,23,72,31,55,44,24,49,36,39,46,62,35,32,26,29,20,40,36,55,32,35,43,66,20,14,40,68,79,76,74,59,21,39,38,49,78,115,53,18,24,32
"COG1443",9,6,12,4,3,4,10,7,3,4,0,9,7,0,7,0,5,8,7,10,12,11,8,5,13,8,5,2,14,17,3,15,17,4,1,5,11,7,2,3,8,11,8,4,5,11,3,21,24,2,10,19,13,8,6,2,9,5,7,7
"COG1444",18,2,0,0,1,0,1,1,2,3,1,1,1,0,0,1,0,2,1,4,22,2,0,0,0,0,0,0,0,2,2,3,1,1,1,1,1,0,1,0,0,0,0,1,1,3,0,1,0,1,1,1,2,1,15,2,0,0,1,0
"COG1445",75,21,41,26,24,30,34,41,25,54,76,18,21,62,14,135,37,64,19,11,69,30,22,38,12,31,20,44,19,12,72,18,24,26,87,40,31,16,30,32,34,13,29,29,32,54,24,8,17,39,32,30,14,41,53,30,17,46,21,30
"COG1446",10,1,0,3,12,5,6,15,7,2,4,5,14,10,11,11,4,5,4,11,19,10,9,3,4,0,7,2,3,9,1,15,8,4,4,11,9,1,18,12,7,8,6,3,9,4,2,0,1,1,10,10,22,0,9,33,15,12,18,11
"COG1447",11,9,10,2,1,0,3,5,1,6,7,2,2,7,3,22,10,10,1,5,12,14,2,1,6,4,3,8,0,2,6,1,1,3,6,3,7,3,3,4,5,4,2,5,2,9,4,1,3,1,0,1,2,10,8,10,4,7,11,5
"COG1448",24,3,3,2,8,4,3,16,5,8,7,7,6,4,6,20,7,23,3,7,22,12,2,0,3,14,6,13,1,9,5,7,5,10,6,2,8,7,2,6,13,5,7,3,2,5,6,5,6,4,4,11,1,1,18,6,4,11,3,1
"COG1449",9,12,32,26,15,29,16,23,29,16,0,42,27,2,20,0,8,11,30,30,20,18,19,13,37,26,27,23,27,23,5,24,31,14,2,17,35,11,19,19,20,28,27,18,17,26,23,35,40,47,23,35,32,31,38,1,31,22,39,12
"COG1450",19,0,2,0,0,2,1,2,5,5,2,3,2,2,3,1,0,5,1,3,19,15,0,0,0,0,0,0,2,2,0,5,2,1,0,1,2,0,0,7,0,0,1,0,2,3,0,1,0,0,4,4,1,1,6,3,1,2,2,0
"COG1451",30,51,24,22,24,34,15,36,28,30,21,26,29,28,21,41,29,19,28,15,20,20,36,24,23,33,25,27,24,15,24,11,23,33,37,32,30,33,19,19,28,27,19,27,25,23,27,4,11,18,16,19,27,39,24,39,19,22,25,31
"COG1452",23,4,4,5,4,3,5,7,5,7,6,1,4,2,3,0,2,3,2,5,25,2,0,1,1,29,4,2,5,3,5,2,4,6,3,1,9,3,2,3,5,1,1,1,5,2,2,4,1,1,1,14,3,0,18,8,1,1,4,0
"COG1453",30,32,16,50,29,29,23,52,47,37,18,28,51,34,71,38,41,82,47,45,23,36,59,47,57,9,31,55,28,13,35,57,60,50,42,54,44,69,38,52,52,15,57,36,42,50,46,4,7,24,38,14,34,39,7,5,32,55,51,26
"COG1454",200,165,99,131,133,155,106,129,124,141,197,94,105,215,104,244,137,209,127,91,132,102,92,145,117,92,154,195,102,59,160,88,111,142,192,146,133,143,101,148,161,105,90,165,137,139,135,43,54,119,96,73,117,139,121,232,118,161,89,172
"COG1455",35,28,31,9,8,26,23,11,14,10,92,31,16,68,15,29,33,27,4,11,46,49,20,19,16,12,14,17,15,10,48,13,8,12,30,33,12,8,8,19,14,12,4,18,17,36,19,10,6,7,19,7,9,31,28,51,10,13,20,36
"COG1456",2,6,1,3,2,3,0,0,0,2,14,0,1,11,0,2,1,3,2,0,1,0,2,6,2,2,2,1,0,0,3,0,4,8,1,0,1,18,1,0,4,0,0,7,0,5,1,1,0,1,2,0,0,0,0,0,2,1,0,3
"COG1457",32,17,13,9,8,14,13,13,7,10,30,7,3,38,7,62,10,25,2,4,15,7,6,10,10,8,9,12,4,5,34,18,14,28,19,11,14,12,16,13,12,6,10,17,4,27,21,2,8,6,6,4,5,17,28,89,12,13,4,22
"COG1459",38,38,16,23,21,20,32,13,19,33,46,16,5,28,12,46,9,12,11,6,110,20,15,43,17,20,20,18,14,9,24,16,12,35,28,22,18,26,10,20,27,9,9,11,15,19,37,7,7,27,32,7,8,27,31,21,16,13,8,16
"COG1461",38,46,37,35,30,32,29,31,27,42,68,11,28,46,24,54,48,35,29,12,17,20,24,40,24,28,27,27,15,8,52,10,30,43,62,38,22,88,13,33,46,13,23,38,44,22,32,10,12,38,18,14,7,35,19,19,24,26,14,27
"COG1462",1,0,0,0,0,0,0,1,0,2,0,1,0,0,2,0,0,0,0,0,1,2,1,0,0,2,0,5,0,2,0,1,0,2,0,0,0,0,0,1,0,0,0,1,0,0,2,0,0,0,0,0,0,0,1,1,0,0,0,0
"COG1463",7,3,2,3,1,2,1,7,3,4,5,2,3,0,3,22,2,7,1,2,28,3,5,2,4,14,0,9,2,5,1,7,2,7,2,3,2,8,1,2,4,7,3,1,4,4,5,0,3,2,3,4,2,1,13,3,2,7,5,0
"COG1464",27,46,20,28,22,26,23,24,17,13,65,16,18,51,12,67,20,60,23,5,25,15,10,25,16,56,19,22,14,13,22,19,8,31,22,25,14,41,7,14,31,9,17,9,16,20,26,5,18,19,15,32,14,19,27,74,14,18,13,10
"COG1465",1,0,0,1,0,0,0,1,0,1,0,0,2,0,0,1,0,0,0,0,0,0,0,0,0,0,0,1,0,0,0,0,0,2,0,2,0,1,0,0,0,0,0,0,0,0,0,0,0,2,1,0,1,0,0,0,0,1,0,0
"COG1466",32,53,48,51,36,45,51,40,51,35,56,45,44,33,33,48,42,24,45,43,32,23,45,40,39,43,46,42,32,31,46,39,37,49,36,48,47,41,46,46,44,45,35,34,35,39,39,43,36,63,38,28,44,43,33,51,35,43,38,45
"COG1468",4,10,14,16,9,5,5,0,12,16,9,6,6,25,6,8,11,11,5,5,1,10,8,14,8,7,22,13,8,16,13,5,2,13,24,4,17,14,5,5,8,15,4,5,6,22,9,9,1,18,15,14,0,4,7,4,6,7,2,7
"COG1469",9,5,0,1,1,1,1,4,3,0,3,0,2,1,1,17,3,11,7,2,2,4,0,1,1,0,1,1,1,6,0,1,3,3,3,2,1,2,3,3,3,3,2,0,1,0,8,1,3,1,0,1,1,1,4,0,5,6,4,0
"COG1470",0,2,0,2,2,0,3,2,3,1,0,11,8,0,11,0,2,7,5,12,6,11,10,5,4,2,2,2,6,1,3,8,6,2,2,6,1,3,6,3,5,2,2,11,3,12,1,0,0,2,16,0,10,3,0,0,2,6,10,4
"COG1472",335,375,463,507,363,414,498,419,359,476,264,385,540,488,749,265,395,422,669,678,213,639,662,445,666,369,530,497,646,718,472,463,538,319,421,420,691,414,385,590,427,717,493,533,538,628,362,540,477,279,704,620,546,644,440,462,461,487,652,556
"COG1473",77,41,54,61,75,55,41,86,63,71,120,52,56,83,62,116,56,112,57,22,48,188,50,38,55,26,66,59,63,56,70,74,50,50,51,61,37,80,21,94,71,19,50,54,47,56,60,16,21,21,40,41,44,53,43,83,102,44,35,21
"COG1475",166,160,122,173,156,139,114,138,151,146,137,94,117,198,117,144,240,145,121,112,144,95,132,173,155,123,158,146,136,72,168,116,110,213,143,144,117,253,95,127,167,101,112,186,140,110,165,92,94,148,136,99,129,147,75,138,105,112,103,164
"COG1476",10,12,14,11,8,6,7,6,4,11,30,8,4,20,4,5,7,16,1,5,5,0,3,15,7,8,19,13,6,1,23,8,2,10,27,11,6,18,3,3,9,1,12,8,11,14,15,3,3,7,10,5,1,13,5,14,2,5,2,13
"COG1477",37,45,61,51,52,49,56,41,53,50,52,39,56,57,49,42,36,58,44,52,27,51,60,37,48,68,43,42,59,67,38,22,36,33,41,54,40,55,35,49,42,45,40,47,58,55,54,51,71,44,67,53,48,45,35,26,43,55,49,47
"COG1479",70,78,162,147,76,81,107,82,99,72,39,73,38,94,26,127,43,53,89,108,67,28,32,73,85,120,80,138,154,108,80,64,65,64,40,50,144,81,77,49,91,182,87,99,57,74,107,96,64,255,60,50,97,49,152,167,106,71,66,102
"COG1480",30,31,61,52,39,38,38,67,41,39,1,58,62,1,63,0,29,26,39,59,15,68,37,31,41,62,45,53,72,145,26,69,51,17,30,61,54,25,85,54,36,116,65,42,38,27,57,89,112,50,52,82,101,35,46,7,59,52,70,70
"COG1481",28,38,26,21,17,12,27,8,12,23,37,11,20,32,9,37,22,40,17,5,5,12,12,28,13,17,15,28,6,0,40,5,14,41,35,23,14,46,5,20,22,3,13,18,33,16,35,5,13,21,6,7,8,27,15,50,12,21,4,23
"COG1482",42,36,47,52,40,33,49,44,58,62,60,76,47,44,50,38,64,61,62,67,54,57,50,48,64,59,40,80,69,47,50,55,65,30,54,50,72,36,38,50,59,50,63,63,65,56,54,53,48,43,59,52,69,63,65,24,43,43,40,45
"COG1483",1,0,0,0,0,0,11,1,6,0,0,2,0,0,1,0,14,0,1,0,0,0,5,1,5,6,2,7,47,3,10,0,8,0,0,0,2,3,0,17,0,0,0,0,0,31,3,0,0,0,24,2,0,4,0,0,0,11,1,22
"COG1484",71,101,102,85,189,94,100,138,139,76,93,102,107,95,94,25,139,163,92,79,120,61,77,131,77,55,108,86,153,63,105,114,28,120,101,99,44,151,195,85,92,225,70,101,125,61,73,16,25,99,78,48,127,149,52,94,65,110,142,134
"COG1485",13,1,0,0,0,0,0,0,5,3,3,0,1,0,0,0,0,2,0,1,13,3,0,0,0,0,0,0,0,2,0,1,0,4,0,0,4,0,1,0,0,0,0,2,1,3,0,0,1,0,0,2,0,0,9,2,0,0,0,0
"COG1486",66,31,23,12,14,15,13,13,24,20,52,24,5,47,20,64,26,43,11,11,63,41,8,22,13,8,16,7,10,14,14,15,15,21,33,14,26,36,8,37,18,9,14,31,4,14,17,11,9,3,20,17,13,10,36,34,20,17,8,10
"COG1487",8,11,7,11,0,3,8,3,0,2,2,11,8,2,10,0,0,4,4,7,10,1,2,1,9,0,5,2,4,16,2,8,2,8,0,5,1,1,3,5,3,1,5,1,3,7,1,18,31,0,12,3,2,6,5,6,6,15,9,2
"COG1488",47,56,24,51,41,48,29,44,45,53,122,33,43,59,43,71,49,60,41,24,32,36,43,55,60,207,50,59,36,21,26,13,20,25,22,24,33,34,8,27,30,12,20,21,18,26,22,3,6,15,20,9,17,22,15,49,19,23,16,20
"COG1489",9,6,5,7,2,10,14,6,10,7,8,7,3,6,4,11,10,13,10,3,15,7,4,14,7,1,3,4,11,6,13,4,1,9,6,10,4,7,0,7,4,2,1,12,5,7,4,2,0,4,10,4,4,10,6,1,8,12,5,4
"COG1490",30,28,24,23,35,29,20,20,24,27,29,29,34,26,23,21,20,27,21,25,22,24,17,28,19,23,32,32,29,35,21,21,18,24,30,36,38,35,42,24,26,31,28,29,25,35,30,38,38,28,14,31,40,25,20,31,31,30,27,23
"COG1492",28,37,29,24,67,56,26,50,47,21,24,34,32,35,57,50,51,28,36,40,34,43,32,46,41,12,39,48,36,15,40,48,50,36,47,40,25,30,47,48,37,20,50,23,37,38,34,2,13,26,35,26,37,48,18,12,43,42,61,43
"COG1493",23,28,21,29,16,27,19,19,18,37,31,12,17,26,9,6,33,24,15,6,4,17,21,38,13,8,30,21,10,5,34,5,9,16,45,27,10,41,5,17,28,6,13,25,25,20,16,4,9,22,12,13,3,27,7,9,12,9,7,22
"COG1494",24,2,5,1,1,4,2,5,2,8,8,4,7,8,4,0,3,10,2,3,19,12,1,0,4,14,2,2,3,9,3,2,3,2,1,1,5,2,1,4,7,1,2,1,1,5,4,1,1,1,5,12,2,1,16,1,4,0,4,0
"COG1495",7,3,2,0,3,6,1,0,3,1,5,1,0,1,2,0,2,1,5,0,4,8,1,2,0,5,5,1,1,3,1,2,0,3,0,1,4,0,1,1,2,3,2,0,4,1,0,1,1,1,0,2,5,0,0,5,1,1,2,0
"COG1496",18,15,20,20,24,14,17,18,13,15,6,15,13,9,8,21,8,7,17,10,11,8,7,15,15,22,15,15,16,22,36,20,22,33,37,26,22,33,30,31,28,39,33,36,25,18,33,35,44,29,29,50,31,27,31,33,32,21,27,29
"COG1501",167,196,221,186,173,192,203,168,195,173,118,180,240,244,329,155,152,181,229,309,160,278,255,216,195,167,173,177,233,248,183,244,282,159,204,179,203,201,213,194,164,270,271,242,198,263,178,210,294,131,270,217,261,250,157,249,220,245,286,242
"COG1502",147,112,142,152,127,120,132,108,117,149,112,92,124,127,97,53,112,56,93,107,84,121,144,138,132,122,126,133,117,103,131,100,101,99,162,107,102,87,117,115,143,98,97,95,144,120,134,126,124,122,123,108,118,129,118,63,101,130,92,120
"COG1505",3,9,0,2,2,0,1,3,2,4,0,12,6,1,15,0,5,1,13,9,5,30,13,7,12,6,10,0,11,2,3,6,10,3,2,6,6,6,0,5,4,2,4,18,8,1,9,1,9,26,7,7,22,2,0,0,6,10,1,11
"COG1506",93,95,215,178,292,194,250,239,231,136,8,318,249,32,305,57,151,120,315,245,71,245,246,94,265,253,242,208,338,481,98,299,260,118,104,172,205,75,317,242,182,367,236,205,241,106,215,323,340,170,216,359,359,175,228,119,253,254,302,221
"COG1507",0,0,0,0,0,1,0,0,0,0,0,0,0,11,0,9,0,0,1,0,3,0,0,0,0,0,0,3,0,0,1,0,0,1,0,0,1,0,0,0,0,0,1,0,0,0,0,0,0,0,0,0,0,0,2,27,0,0,0,0
"COG1508",25,26,65,41,49,39,66,63,43,32,10,62,49,14,64,65,35,38,70,48,25,47,28,18,44,74,37,46,63,106,18,64,56,31,24,40,64,27,60,57,47,69,66,50,43,24,37,100,60,28,45,69,54,46,77,15,62,65,70,39
"COG1509",16,20,4,13,17,22,3,25,27,13,5,42,30,2,44,0,19,22,30,46,30,54,29,20,32,4,29,4,25,12,13,28,33,28,7,20,21,14,24,28,24,13,32,36,24,28,19,4,6,4,29,17,40,16,6,3,33,21,19,17
"COG1511",77,50,69,44,35,77,65,24,72,122,168,29,49,197,11,150,83,53,55,13,59,8,49,105,47,27,74,116,35,2,107,19,37,87,138,84,45,74,14,36,54,15,41,74,76,58,49,5,39,83,85,26,15,70,55,384,23,57,20,92
"COG1512",22,24,29,17,37,33,31,24,20,25,12,19,28,17,19,13,42,29,33,25,14,20,32,24,34,26,26,34,30,29,26,25,28,22,24,31,29,29,40,37,19,17,23,13,26,17,14,23,15,28,38,25,26,26,14,5,34,23,28,28
"COG1513",3,0,0,0,0,0,0,0,0,1,0,0,1,0,0,0,1,0,0,1,2,0,0,0,0,0,0,0,0,0,0,0,0,0,0,0,2,0,0,0,0,0,0,0,0,0,0,0,0,0,0,0,0,0,5,0,1,0,0,0
"COG1514",7,1,0,1,1,0,3,3,3,0,1,0,0,1,1,0,0,2,0,1,10,0,0,0,4,0,1,2,1,2,0,1,0,6,0,0,1,4,0,0,0,0,1,0,0,0,0,1,0,0,1,2,1,2,5,3,0,0,0,0
"COG1515",6,2,0,0,0,0,0,1,1,2,2,0,0,1,0,0,0,0,0,0,3,4,0,6,0,1,0,0,1,1,0,0,0,1,0,0,1,8,0,0,0,1,0,0,0,1,0,0,0,0,0,1,1,0,1,0,0,0,1,0
"COG1516",9,0,6,4,0,3,5,3,6,6,1,2,1,0,1,1,1,1,0,3,6,5,2,7,3,19,0,1,1,2,2,2,1,4,11,3,3,2,2,3,4,2,0,1,2,1,3,0,0,5,5,3,1,5,5,2,3,6,1,3
"COG1518",31,54,50,43,26,20,51,20,44,47,43,41,28,51,32,44,47,30,31,20,31,36,19,20,24,67,44,42,24,38,41,35,29,26,54,49,50,32,17,23,35,61,14,18,30,69,39,50,74,41,51,55,12,32,36,29,15,22,45,41
"COG1519",8,12,17,9,21,17,8,25,18,9,3,14,14,2,23,29,15,15,18,16,18,28,17,13,17,18,17,19,22,38,24,48,32,25,15,30,44,13,70,33,26,60,47,26,20,35,39,66,28,13,32,42,62,47,42,7,45,34,53,35
"COG1520",29,22,4,14,48,32,24,44,42,26,8,37,78,7,97,0,43,45,66,91,34,72,60,30,59,25,56,17,42,27,24,71,66,77,23,62,43,57,69,41,53,22,38,42,59,45,43,27,4,18,71,63,79,50,8,11,61,66,56,50
"COG1521",29,31,24,45,22,46,31,34,40,35,24,41,34,45,14,56,56,37,30,25,19,19,15,28,39,14,33,47,32,14,44,22,25,18,36,33,16,54,28,30,36,23,24,39,48,26,36,7,15,39,28,14,21,50,17,47,33,56,16,31
"COG1522",60,49,63,53,47,50,69,37,44,38,21,36,41,28,45,60,37,26,51,49,48,52,63,45,42,79,42,59,50,60,43,57,45,28,47,56,67,30,54,40,43,71,35,46,58,45,61,84,80,69,45,56,58,46,80,41,46,46,37,55
"COG1523",64,42,100,62,87,85,77,94,75,91,124,52,69,169,81,210,57,27,68,67,64,68,79,64,67,93,67,75,78,76,86,81,77,31,129,92,79,30,90,62,51,64,51,76,75,95,70,86,93,85,78,71,69,74,126,288,73,93,59,99
"COG1524",18,38,74,50,63,62,60,83,75,21,1,67,56,16,67,23,52,35,77,81,39,45,51,39,85,52,40,52,84,60,20,108,79,51,22,54,51,20,84,77,57,82,100,48,51,80,47,107,108,91,42,104,79,51,39,51,74,58,80,52
"COG1525",2,2,1,7,0,1,2,5,1,1,1,0,2,0,5,3,0,2,0,2,37,3,0,0,2,2,1,1,1,3,1,1,0,16,0,0,1,6,1,2,6,1,0,0,0,0,2,0,0,0,2,1,2,0,0,4,3,0,0,0
"COG1526",12,3,4,7,6,4,3,5,4,2,12,0,5,2,1,3,9,3,2,1,11,4,2,6,3,1,1,2,3,2,3,4,1,5,5,9,6,1,0,2,3,1,2,4,1,1,0,1,2,1,2,2,4,4,8,5,3,3,2,2
"COG1527",15,15,5,13,8,7,6,5,13,8,40,11,8,39,2,16,21,16,9,3,7,14,15,7,18,2,13,10,7,4,19,12,5,19,21,11,6,29,4,12,10,3,7,23,5,9,13,2,11,6,5,4,8,16,5,18,14,4,6,17
"COG1528",24,26,3,14,26,33,17,44,42,19,5,38,30,6,21,2,28,19,30,42,30,30,16,22,24,13,17,25,27,27,14,30,14,17,16,32,18,9,49,20,25,35,43,21,17,10,32,13,10,34,19,13,60,20,12,7,58,21,46,35
"COG1529",112,56,65,28,66,62,29,61,40,47,112,32,47,101,47,103,74,61,45,27,66,124,25,38,53,16,34,39,35,26,30,29,17,32,69,26,26,23,15,32,18,8,21,26,25,32,15,7,7,5,13,13,11,18,35,23,28,20,20,21
"COG1530",54,52,56,46,40,48,70,49,44,43,32,53,41,28,51,45,29,23,44,42,55,38,27,39,38,48,37,44,63,65,42,51,35,47,38,38,35,39,30,49,40,65,50,28,34,51,52,78,80,55,44,68,36,51,45,55,49,41,40,34
"COG1533",30,44,44,69,63,43,36,37,48,56,31,38,84,39,33,16,47,23,40,28,12,57,67,58,47,44,53,43,37,46,58,60,51,65,71,94,31,45,82,55,36,27,30,70,54,37,50,53,27,75,70,41,87,56,39,23,54,94,38,77
"COG1534",12,12,5,14,6,9,7,10,6,14,13,5,5,10,3,8,7,22,7,5,11,3,9,15,5,10,3,8,9,3,12,0,5,14,4,18,8,15,6,9,15,2,3,15,11,8,11,1,6,11,15,4,1,8,9,9,3,8,7,9
"COG1535",6,3,0,0,0,0,0,2,1,2,2,0,0,1,0,0,0,1,0,1,12,3,0,0,1,0,0,0,0,1,0,1,1,1,0,1,1,0,0,0,0,0,1,1,0,3,0,0,0,0,0,2,0,1,4,4,1,0,0,0
"COG1536",23,10,5,6,5,7,9,7,6,21,3,6,4,11,2,2,4,4,0,1,9,11,5,15,3,15,9,9,11,0,12,2,10,6,18,5,8,2,6,4,7,2,3,0,14,9,7,0,5,5,13,7,2,8,7,2,2,12,4,9
"COG1538",167,117,184,225,377,363,257,423,384,226,27,457,413,26,468,83,216,233,370,466,184,328,338,207,384,215,313,291,418,447,136,445,464,174,127,299,366,102,444,431,256,447,420,299,283,317,261,244,251,269,296,325,472,268,200,62,375,366,390,244
"COG1539",21,21,15,23,13,16,15,15,22,19,21,23,16,13,24,24,12,19,21,26,29,16,21,17,14,30,22,19,20,30,14,24,25,17,19,30,20,10,19,24,18,35,21,16,15,15,18,30,34,19,26,28,21,17,30,36,19,15,19,14
"COG1540",7,5,2,6,5,4,2,1,5,5,14,1,3,1,1,2,7,17,0,3,6,3,4,2,0,0,4,9,0,1,2,1,2,3,0,1,5,4,0,2,3,0,3,1,1,1,1,0,0,1,1,0,1,0,6,9,1,2,0,0
"COG1541",32,33,22,32,59,59,27,62,69,32,23,71,78,9,100,48,51,63,70,101,22,74,79,58,72,48,69,17,36,31,32,89,97,43,30,72,48,56,82,67,46,36,63,55,62,78,37,14,7,22,69,28,78,55,16,17,74,83,90,41
"COG1543",0,21,1,0,0,0,1,0,0,2,0,0,0,0,0,0,0,0,2,0,3,0,0,0,1,0,0,0,0,0,4,0,0,11,0,0,0,0,0,0,0,0,0,0,0,0,1,1,0,5,0,0,0,0,0,0,0,0,0,0
"COG1544",16,33,14,16,8,12,16,15,14,17,35,17,10,38,10,25,13,26,19,6,35,14,16,25,10,20,16,11,11,6,30,11,16,25,25,15,25,23,24,16,22,6,7,15,17,8,26,5,10,29,8,8,11,16,22,34,18,21,5,15
"COG1545",0,0,0,1,0,0,0,0,0,0,2,0,0,0,0,0,0,0,0,0,0,0,0,0,0,0,0,0,0,0,0,0,0,0,1,1,0,0,0,0,0,1,0,0,0,0,0,0,0,0,0,0,0,0,0,0,0,0,0,0
"COG1546",25,32,19,40,23,27,26,21,20,22,39,31,33,29,25,38,38,34,29,26,35,34,23,23,40,41,34,26,30,20,26,27,26,34,28,25,24,36,19,25,35,31,33,33,24,27,34,28,18,34,25,23,16,25,21,32,26,19,22,30
"COG1550",0,0,0,0,0,0,0,0,0,0,0,0,0,2,0,0,1,0,0,0,1,1,0,0,0,0,0,0,0,0,0,0,0,0,0,0,0,0,0,0,0,0,0,0,0,0,0,0,0,0,1,0,0,0,0,0,1,0,0,0
"COG1551",1,3,3,4,1,1,4,0,1,6,0,2,0,2,1,0,2,2,0,0,5,3,1,4,2,1,2,1,1,0,0,1,3,1,2,0,3,1,3,0,1,0,0,0,5,3,0,0,0,1,6,0,2,1,1,1,0,2,0,0
"COG1553",5,0,0,0,1,0,2,1,1,2,2,0,0,2,0,0,0,3,1,0,10,3,0,0,2,2,0,0,0,0,1,0,0,3,0,0,3,0,0,0,0,0,0,0,0,0,0,0,2,0,2,1,1,0,5,2,0,0,1,0
"COG1554",26,18,7,6,20,18,29,23,24,16,22,43,38,19,23,1,14,12,57,38,24,24,36,17,44,9,35,16,23,2,31,35,46,13,21,29,49,43,23,20,14,18,33,15,21,38,11,4,5,6,33,4,14,56,7,24,27,30,43,24
"COG1555",11,31,40,18,29,15,51,32,19,36,26,26,26,24,16,17,11,20,23,20,18,26,23,13,31,34,27,27,43,32,20,19,24,20,24,23,33,12,21,16,28,42,17,26,23,14,23,43,36,40,19,23,24,25,43,40,31,14,20,26
"COG1556",13,0,4,1,12,9,2,7,1,8,10,5,3,1,10,1,1,1,1,3,7,7,6,1,3,1,6,9,5,2,3,1,3,3,0,3,2,0,8,3,4,7,2,2,5,1,6,1,1,2,4,5,12,1,0,1,4,2,2,3
"COG1558",8,6,1,4,6,5,8,2,8,7,0,2,1,2,1,2,0,0,0,1,8,5,4,8,1,15,1,5,3,3,8,1,7,4,5,4,5,0,4,2,5,2,2,1,6,2,7,0,1,6,5,4,0,8,4,2,1,3,1,4
"COG1559",22,45,37,41,41,41,41,49,30,16,51,36,29,18,26,25,32,50,43,39,33,26,31,24,38,59,34,45,32,39,22,38,37,37,14,23,49,46,37,23,44,43,39,40,19,29,28,47,54,49,15,32,21,34,41,45,33,21,36,9
"COG1560",40,20,36,23,16,6,25,25,20,24,17,35,16,4,15,32,10,26,27,20,41,31,17,22,23,36,18,16,37,46,12,23,16,21,18,20,34,15,27,29,27,35,20,23,21,32,27,35,42,25,16,26,30,29,47,7,22,19,23,18
"COG1561",43,56,41,50,32,33,39,47,38,43,16,36,37,23,38,23,36,35,56,19,28,36,37,48,33,56,51,38,36,56,43,42,39,43,35,35,33,38,41,23,48,47,36,36,32,28,44,50,62,37,42,48,32,39,40,15,20,34,32,38
"COG1562",0,0,0,0,0,0,0,0,0,0,0,0,0,0,0,0,0,0,1,0,6,0,0,0,0,12,0,0,0,0,0,0,0,0,0,0,0,3,0,0,1,0,0,0,0,0,0,0,0,0,0,8,0,0,0,0,0,0,0,0
"COG1564",15,21,14,13,18,23,9,30,26,30,38,32,15,26,19,12,23,31,18,13,7,18,23,20,29,12,26,22,23,9,24,25,26,22,18,30,15,10,28,15,21,12,27,28,26,12,13,3,18,26,13,8,31,25,7,7,27,26,26,33
"COG1565",0,0,0,0,0,0,0,0,0,0,0,0,0,0,0,0,0,0,0,0,5,0,0,0,0,0,0,0,0,0,0,0,0,0,0,0,0,0,0,0,2,0,0,0,0,0,0,0,0,0,0,0,0,0,0,0,0,0,0,0
"COG1566",66,22,24,27,17,27,46,34,35,51,16,47,24,13,41,0,18,25,49,44,73,54,32,8,39,30,15,58,28,55,16,56,43,20,5,17,56,12,18,52,15,56,58,27,16,44,12,58,15,40,40,53,59,52,68,14,43,23,74,21
"COG1567",2,1,4,1,0,0,3,4,0,1,6,0,0,0,2,0,0,6,2,0,0,0,0,1,3,1,6,7,1,0,1,0,0,2,4,0,4,1,0,0,3,3,3,0,1,2,0,1,2,1,7,1,0,0,0,0,1,0,0,2
"COG1568",0,0,0,3,0,0,0,4,0,1,0,2,0,0,38,0,0,1,0,9,5,19,15,7,15,0,0,0,11,0,0,0,10,3,2,0,0,0,7,6,1,7,0,13,1,0,1,0,1,3,10,2,2,0,0,0,0,17,23,25
"COG1569",0,0,0,0,0,0,0,0,0,0,0,0,0,0,0,0,2,1,1,2,0,1,0,1,0,0,0,1,0,0,0,0,2,2,1,0,1,1,0,0,1,0,0,1,2,8,0,0,0,0,1,0,2,0,0,0,0,1,0,1
"COG1570",47,70,57,37,60,52,53,66,56,60,54,41,60,43,47,56,62,48,44,45,41,34,34,60,64,55,58,59,48,56,48,49,55,59,55,57,51,51,51,57,68,43,63,59,52,45,53,56,39,49,37,63,64,42,44,59,59,68,52,58
"COG1573",6,27,2,19,25,12,5,13,23,14,16,19,21,20,19,23,20,36,18,25,14,25,19,8,20,11,28,19,12,8,12,20,17,23,12,18,21,30,15,21,23,24,18,16,19,17,13,3,3,16,21,8,24,23,3,23,32,9,20,16
"COG1574",6,8,4,7,7,8,5,9,10,7,4,10,9,30,6,24,9,26,7,5,10,36,0,4,14,1,8,7,4,2,29,5,17,15,18,11,6,42,7,12,18,11,16,16,23,19,29,1,0,5,12,12,10,18,15,69,27,7,14,9
"COG1575",11,9,9,26,14,27,31,21,20,15,22,26,23,19,39,23,16,18,25,25,23,16,31,8,32,42,28,22,24,23,8,35,31,11,5,13,23,11,22,26,17,31,28,17,19,23,16,31,24,35,25,36,27,17,40,43,27,18,35,8
"COG1576",20,32,28,20,37,21,30,22,24,34,27,26,14,28,16,31,19,36,18,29,18,22,18,30,19,42,31,24,19,21,27,26,25,22,29,20,20,27,24,28,27,30,21,26,29,24,27,31,41,28,15,28,23,22,30,42,33,27,24,16
"COG1577",0,2,1,0,0,0,0,0,1,0,42,1,0,10,0,0,0,0,0,0,0,1,0,0,0,0,0,0,0,0,1,0,0,1,0,0,4,1,0,0,0,0,0,0,0,0,0,0,0,0,0,0,0,0,0,6,0,0,0,0
"COG1578",0,0,2,4,0,0,0,0,0,0,1,1,0,5,0,0,3,3,0,0,1,1,1,2,2,0,0,1,0,0,2,0,0,2,0,1,1,1,0,0,0,0,0,0,0,1,1,1,0,1,0,0,0,0,1,1,0,0,0,1
"COG1579",4,10,21,12,15,15,18,17,15,5,0,17,12,2,21,0,11,11,29,27,5,9,14,12,19,17,15,17,16,33,4,22,22,4,5,12,20,3,17,17,19,22,19,12,8,19,17,41,43,26,14,38,26,19,25,0,22,23,19,14
"COG1580",7,0,0,0,0,0,1,0,0,1,0,0,0,0,0,0,0,1,0,1,4,0,0,0,0,17,0,0,0,1,0,1,0,1,0,0,0,0,1,0,0,0,0,0,1,0,0,0,0,0,1,0,1,1,4,1,0,0,0,0
"COG1582",1,4,2,2,0,2,2,1,2,1,0,1,0,1,1,0,0,0,0,0,0,1,2,3,1,0,0,0,0,0,0,0,0,0,1,0,0,0,0,1,0,0,0,0,2,2,1,0,0,5,1,0,0,1,0,0,1,0,0,0
"COG1583",0,2,4,5,0,1,2,1,9,8,1,7,0,2,2,0,0,1,1,0,0,0,0,4,1,0,5,7,0,5,0,0,1,2,0,3,12,2,0,0,1,16,0,4,6,1,1,0,0,2,0,0,0,1,17,0,0,0,0,3
"COG1584",9,1,0,1,2,0,1,3,5,1,0,0,0,2,1,0,0,0,2,0,14,2,1,0,1,0,2,0,1,2,1,3,0,0,0,2,4,0,1,3,0,0,0,0,1,2,0,0,0,0,0,0,0,0,4,4,1,0,1,0
"COG1585",9,23,21,12,6,8,15,2,5,8,16,3,4,13,3,5,6,15,13,6,7,6,10,20,4,6,8,3,6,1,21,0,9,14,16,7,11,17,4,2,13,4,6,18,9,9,15,14,5,15,2,2,2,10,6,4,5,6,5,20
"COG1586",14,7,2,3,2,3,2,3,5,3,9,2,3,2,4,20,3,2,2,3,10,15,0,8,2,3,5,4,1,0,0,4,2,3,7,1,3,8,0,1,3,2,1,1,2,2,4,1,4,5,0,1,0,1,9,2,3,2,2,2
"COG1587",9,4,7,4,9,5,3,9,12,5,14,10,2,4,7,25,10,13,8,1,11,7,1,3,4,3,5,6,2,3,22,8,11,7,30,18,14,8,15,20,15,4,6,13,15,6,25,2,9,4,3,2,11,3,19,14,12,22,6,19
"COG1589",12,13,5,5,1,9,6,4,3,5,29,2,6,10,3,1,4,25,11,3,18,3,2,7,6,18,5,5,4,1,10,1,4,34,6,10,6,21,2,7,9,2,5,15,3,3,3,1,0,11,0,9,2,3,9,7,2,4,3,2
"COG1592",40,79,61,66,56,58,77,69,47,53,43,57,60,52,54,47,77,64,59,54,29,58,54,73,55,56,63,61,66,74,33,32,29,20,22,31,30,33,43,35,29,30,27,32,28,21,33,31,28,32,29,28,17,44,17,6,32,31,30,27
"COG1593",80,49,34,40,118,59,29,69,44,51,37,40,43,58,38,109,96,56,30,16,66,144,40,34,64,12,64,40,46,22,68,49,58,40,111,49,58,41,25,81,53,22,52,54,44,75,64,12,44,24,29,35,33,46,36,30,84,69,85,36
"COG1595",189,339,318,341,317,295,260,332,368,236,104,792,354,171,434,89,252,235,314,534,193,510,424,351,359,259,346,229,368,381,257,496,437,404,211,399,435,262,537,341,310,375,344,356,392,507,343,355,317,316,529,271,577,352,231,138,367,370,352,451
"COG1596",37,32,93,60,64,79,90,73,74,38,11,70,62,8,93,13,56,58,85,114,48,77,76,38,95,94,64,78,81,99,13,100,106,53,23,53,54,30,111,99,39,90,100,76,71,81,68,129,114,81,86,87,105,52,86,10,101,67,117,48
"COG1597",41,90,84,75,46,66,66,62,81,64,78,53,67,86,76,87,64,82,69,50,66,53,49,63,81,51,57,80,69,81,69,61,55,74,68,67,60,87,55,76,88,79,87,78,48,68,80,82,88,79,79,51,52,98,75,117,57,53,69,66
"COG1598",10,6,3,10,13,0,6,3,3,5,7,3,3,6,1,3,11,4,1,4,5,3,2,9,4,5,1,6,1,2,15,3,4,10,7,1,4,7,2,0,1,2,3,2,1,2,6,6,2,9,22,1,3,2,4,6,5,4,2,3
"COG1600",13,9,2,7,5,1,4,15,7,3,17,13,13,7,4,1,1,3,10,9,28,10,13,3,9,5,4,16,12,6,1,8,9,14,2,3,12,6,4,7,10,2,11,10,8,24,6,8,8,10,5,7,4,1,5,4,3,3,5,4
"COG1604",0,0,0,0,0,0,0,0,0,0,0,0,0,0,0,0,0,0,0,0,0,0,0,0,0,0,0,0,0,0,0,0,0,0,0,0,0,0,0,0,0,0,0,0,0,0,0,0,0,1,0,0,0,0,0,0,0,0,0,0
"COG1605",33,21,11,13,23,15,7,12,19,15,9,13,9,11,5,16,33,33,15,8,34,11,13,26,24,35,11,21,9,5,15,6,6,19,2,12,12,41,1,8,22,4,17,29,14,8,23,2,9,14,6,20,4,18,26,16,8,10,11,15
"COG1606",9,6,6,10,7,3,3,17,10,7,9,5,4,6,6,29,10,12,5,1,8,13,4,5,7,7,6,12,6,6,13,1,7,7,14,3,2,20,4,3,13,8,6,1,5,4,13,1,6,9,6,3,3,5,10,2,4,8,2,4
"COG1607",8,2,2,4,4,3,4,5,1,6,12,2,2,3,2,1,9,6,3,1,10,2,4,8,6,3,2,2,1,0,3,2,3,1,4,2,3,1,3,3,3,0,4,0,5,3,6,0,1,1,2,3,1,1,2,4,7,2,2,3
"COG1609",351,298,278,296,176,284,223,198,223,253,412,255,206,638,209,669,227,215,204,261,371,321,206,402,196,187,211,217,224,169,348,189,230,211,452,231,206,352,158,186,161,164,183,276,216,334,228,214,142,216,326,175,193,271,398,1136,191,243,187,310
"COG1610",13,18,16,12,24,21,17,24,17,21,23,11,23,21,24,10,22,16,13,26,14,29,23,18,35,13,15,17,16,12,18,14,17,19,19,20,17,18,27,24,15,11,19,15,18,22,22,4,4,11,22,9,32,24,3,9,23,34,25,21
"COG1611",29,18,19,24,45,32,52,49,27,26,35,35,50,25,27,11,29,32,36,35,31,34,33,33,37,31,29,38,31,26,21,37,21,14,15,29,35,15,56,35,30,37,37,30,33,52,41,14,29,29,35,28,42,29,26,32,45,39,46,41
"COG1613",23,5,10,9,4,11,5,5,10,17,13,1,0,14,1,3,8,3,4,6,8,2,2,5,3,3,8,12,3,2,10,5,4,10,13,13,7,8,5,7,5,2,1,11,12,7,6,1,5,5,8,3,0,15,12,5,2,10,2,6
"COG1614",11,15,3,6,0,1,1,1,3,1,16,1,4,11,1,0,2,5,9,1,2,0,0,5,3,6,3,4,1,0,4,0,3,7,8,3,2,36,0,0,6,0,1,1,1,2,4,1,0,1,0,0,0,2,0,9,1,4,0,1
"COG1615",0,27,2,2,0,1,6,0,0,0,5,0,0,33,0,56,0,2,5,0,16,0,0,7,0,0,1,11,0,0,15,0,0,40,3,0,1,3,0,0,2,0,0,7,0,1,4,1,0,6,0,0,0,0,9,102,0,0,0,1
"COG1618",1,3,0,0,0,1,0,0,2,0,2,1,0,2,0,0,1,0,1,0,0,0,0,1,0,0,0,0,0,0,2,0,1,3,1,0,0,2,0,0,4,0,2,2,0,1,1,0,0,1,1,0,0,4,0,0,0,0,0,0
"COG1619",24,35,19,22,17,30,24,30,26,29,20,22,25,23,24,50,9,14,15,25,17,41,21,24,25,12,27,15,22,7,42,16,35,24,43,18,10,22,17,28,16,7,29,13,13,19,24,5,3,24,38,6,23,34,14,2,25,20,19,40
"COG1620",38,11,15,7,7,10,17,17,12,15,15,14,10,15,23,7,10,16,24,21,39,29,17,2,14,28,14,9,25,31,5,19,14,16,13,13,17,13,13,12,16,26,9,21,16,14,6,36,21,3,11,35,24,11,50,27,7,15,8,10
"COG1621",59,40,95,134,75,75,82,70,86,69,195,50,63,149,109,91,43,46,54,91,24,90,71,66,75,94,74,86,97,101,98,72,85,29,80,74,113,29,104,84,65,180,71,73,70,91,80,135,102,73,95,112,87,68,74,114,89,89,80,84
"COG1622",15,0,0,0,1,0,1,0,2,5,0,0,0,4,0,0,1,2,0,1,14,2,0,0,2,0,0,0,0,4,1,5,0,3,0,1,1,0,1,0,0,1,0,0,0,1,0,1,0,0,2,2,0,0,7,3,0,0,1,0
"COG1623",0,10,1,2,2,1,2,2,4,0,2,3,0,4,4,0,0,6,0,0,2,8,0,7,0,0,0,3,0,1,2,0,0,9,0,3,0,2,0,6,0,0,0,0,0,1,2,0,0,8,0,0,0,0,0,2,3,0,0,0
"COG1624",27,42,43,42,32,45,40,25,30,34,32,35,35,40,32,39,49,33,45,27,24,25,27,46,28,36,37,42,41,41,43,28,13,50,40,28,39,45,19,33,53,45,26,38,32,32,42,43,62,60,35,45,24,28,34,20,20,24,21,37
"COG1625",12,17,9,26,25,21,11,11,15,10,15,11,11,28,2,41,36,30,20,2,6,5,19,31,17,6,16,14,11,2,31,6,8,22,17,22,9,32,6,6,23,6,18,28,19,9,24,0,11,22,27,6,7,16,4,16,10,11,9,13
"COG1626",32,22,3,5,21,22,10,26,11,21,3,28,43,7,68,2,14,19,24,50,50,14,22,15,31,9,33,17,22,14,3,25,18,7,11,5,28,5,14,22,6,7,18,5,17,23,7,0,5,20,15,3,13,19,11,4,16,14,32,17
"COG1629",125,92,287,158,212,171,214,281,222,118,40,248,208,24,245,11,127,119,254,279,204,323,240,89,195,192,181,139,232,406,37,130,103,66,32,84,107,39,139,97,91,122,111,65,99,96,94,161,150,85,92,172,102,96,83,25,103,73,168,74
"COG1633",1,0,0,1,0,2,0,0,0,0,3,2,1,3,0,1,2,2,2,0,13,5,1,9,3,2,0,3,1,0,0,0,1,3,3,3,1,13,1,2,3,0,0,3,0,1,3,0,0,1,2,1,2,0,0,2,0,1,2,0
"COG1635",0,2,0,0,0,0,0,8,0,0,0,5,2,0,2,0,1,1,2,1,2,0,3,0,1,4,1,5,0,2,0,3,1,2,1,1,0,1,0,3,1,0,2,0,0,0,0,2,4,16,5,0,2,2,0,1,1,0,3,1
"COG1636",22,23,21,32,31,27,17,24,25,29,19,12,31,19,16,15,24,35,22,18,23,15,24,23,24,20,30,23,20,13,38,17,20,21,21,26,30,18,16,30,27,26,17,18,21,14,22,17,17,21,17,25,20,26,9,4,23,20,12,23
"COG1637",0,0,0,0,0,2,0,0,0,0,0,0,0,11,0,8,0,0,0,0,2,1,0,0,0,0,0,5,0,0,0,0,0,4,2,0,0,0,0,0,0,0,1,2,1,1,0,0,0,0,0,0,0,0,3,33,0,0,0,0
"COG1638",45,41,28,38,100,59,26,62,51,55,14,36,42,61,40,86,84,40,19,22,55,133,54,27,54,13,47,39,42,17,53,60,36,27,72,39,32,38,28,69,56,19,42,45,41,74,30,14,28,20,27,23,30,39,28,21,71,57,58,25
"COG1640",89,97,107,83,93,120,123,98,91,122,79,58,91,100,84,203,114,104,98,69,99,50,64,96,87,95,100,128,84,71,99,74,79,64,122,85,83,94,97,99,114,62,90,112,107,96,84,102,99,103,67,68,94,89,108,193,95,97,74,93
"COG1641",11,5,7,14,9,9,6,8,9,11,16,7,6,16,10,27,10,15,13,4,11,6,6,7,12,4,10,11,5,3,17,5,9,12,16,4,8,16,11,12,6,5,6,4,7,14,9,1,3,4,4,2,0,8,6,5,11,6,2,7
"COG1643",49,5,47,18,9,8,17,12,10,21,14,2,8,39,3,70,3,6,17,4,106,4,1,2,2,73,9,13,24,73,1,6,3,15,3,1,11,9,1,2,21,20,11,12,1,8,8,58,58,22,4,65,7,0,81,160,1,3,3,0
"COG1647",0,2,2,1,1,0,2,2,0,1,1,2,0,1,0,6,2,3,0,2,1,3,3,3,1,1,0,0,4,2,0,3,2,4,3,1,1,1,0,1,3,2,1,0,0,0,4,0,0,1,0,1,0,1,6,0,4,6,1,1
"COG1648",22,10,7,4,5,7,6,16,9,20,14,8,6,11,4,23,5,12,3,3,12,6,6,4,4,6,9,16,3,4,13,4,8,5,30,9,7,9,9,8,8,9,4,4,7,9,9,0,7,6,6,5,3,9,8,2,8,10,3,12
"COG1649",68,49,66,78,124,116,90,107,106,50,4,116,110,19,136,8,86,79,92,124,39,104,103,80,110,83,85,89,125,111,54,162,113,52,40,108,86,74,131,121,83,149,144,122,97,104,64,132,159,122,131,110,126,115,64,19,133,75,139,120
"COG1651",15,6,2,0,3,7,0,4,10,7,5,3,7,21,4,31,5,6,3,7,28,8,5,0,2,6,3,5,1,1,1,10,3,5,1,1,7,4,7,0,1,2,5,3,5,10,1,2,1,4,5,5,13,1,22,52,6,5,0,6
"COG1652",4,1,2,0,7,4,1,7,3,1,0,9,5,3,5,1,8,6,4,5,3,5,6,9,2,1,6,6,5,1,7,5,8,16,1,5,6,3,0,1,4,2,0,2,0,7,3,0,29,4,2,1,2,11,4,1,4,7,6,1
"COG1653",279,358,220,368,181,327,223,147,163,297,515,290,161,629,92,563,301,142,128,106,252,185,182,489,184,85,196,184,190,50,449,114,207,403,521,271,168,416,92,181,184,50,162,232,220,291,183,30,113,210,455,73,45,225,169,813,179,196,116,313
"COG1654",26,25,18,24,23,26,19,15,12,28,42,12,15,32,11,27,28,25,15,12,10,13,14,29,12,21,20,20,10,1,26,10,6,15,31,23,12,28,7,15,20,10,13,21,17,23,31,6,11,24,9,10,7,12,20,16,14,16,5,21
"COG1655",3,9,8,10,5,6,11,1,9,16,1,0,1,4,0,0,1,1,0,1,0,0,6,16,1,8,1,6,5,0,11,0,4,3,12,3,5,1,6,1,2,2,2,0,8,5,7,0,9,6,12,3,1,6,1,0,0,5,0,3
"COG1657",0,0,0,0,0,0,0,0,0,0,0,1,0,0,0,0,0,0,2,0,0,0,0,0,0,11,0,0,0,0,0,7,0,0,0,0,2,0,1,0,15,0,0,2,0,0,7,0,0,0,1,0,0,0,0,0,0,0,0,0
"COG1658",4,22,4,7,4,7,5,4,8,6,30,7,4,16,4,10,14,12,6,4,1,3,2,5,7,3,3,8,3,0,8,3,3,8,1,3,5,13,3,5,15,5,5,8,9,3,4,1,4,10,3,6,0,9,4,10,1,2,6,2
"COG1659",0,0,1,2,0,0,4,1,3,0,0,0,1,0,0,0,1,0,0,1,1,6,0,1,1,0,0,0,0,2,0,0,3,0,0,0,1,0,1,2,0,0,3,0,0,1,4,0,1,1,3,0,0,0,0,0,4,0,3,0
"COG1660",29,31,53,45,50,50,73,53,48,44,39,35,52,45,48,32,39,46,46,42,30,41,33,51,53,62,48,51,41,40,51,44,48,40,39,48,32,41,45,38,44,42,48,44,39,39,42,64,52,46,31,40,38,60,60,41,56,45,44,44
"COG1661",3,3,2,3,1,2,0,1,2,2,3,0,3,1,2,5,4,2,1,2,2,2,2,3,2,2,4,5,0,0,10,3,2,4,2,14,0,14,3,1,9,0,1,2,2,3,5,3,4,3,2,2,1,1,4,0,12,4,2,6
"COG1662",175,6,0,1,2,0,22,8,26,42,0,0,18,2,7,0,5,5,0,16,243,23,3,0,2,0,1,1,18,24,3,5,3,38,1,3,49,0,3,0,8,2,4,3,0,22,0,4,2,0,8,13,2,0,16,29,7,0,5,0
"COG1663",14,13,24,32,49,32,34,28,23,17,4,20,29,3,28,3,15,15,38,36,14,45,21,16,20,53,33,24,52,71,16,25,24,16,11,24,24,9,43,34,42,70,34,20,26,13,34,54,58,30,19,53,55,19,53,5,45,35,34,26
"COG1664",1,6,1,7,2,1,1,1,6,1,0,11,2,1,2,0,2,1,6,4,6,5,2,9,4,0,4,3,5,0,1,2,2,3,0,0,1,11,2,2,3,1,1,2,2,4,2,0,0,1,13,1,1,0,0,1,1,1,1,1
"COG1666",4,4,1,1,1,0,4,1,1,1,1,2,0,1,1,10,2,7,2,1,3,0,1,1,2,8,2,2,1,3,1,0,0,2,2,2,0,0,0,0,2,0,0,1,0,0,0,0,1,1,0,1,0,0,4,2,0,0,1,0
"COG1668",7,35,9,16,7,10,28,5,17,23,24,27,7,7,2,1,8,5,9,5,10,0,16,33,15,20,25,19,13,8,9,4,7,36,18,8,5,20,4,7,22,8,9,4,34,2,27,5,2,15,6,4,7,15,0,12,8,3,1,7
"COG1669",4,15,17,12,14,3,11,17,7,0,0,10,9,1,14,0,10,5,9,21,4,18,11,13,15,30,6,4,15,6,2,24,6,10,5,4,6,5,30,4,10,10,1,4,12,11,12,15,17,10,19,10,33,2,22,4,20,11,15,11
"COG1670",87,75,69,89,99,80,77,97,80,85,86,87,88,71,70,77,77,67,76,125,97,85,86,93,74,44,95,73,71,62,102,102,79,92,97,93,94,56,130,57,67,63,87,101,76,101,72,36,56,113,108,59,122,82,40,156,98,131,93,94
"COG1671",15,12,15,15,6,22,9,9,4,10,8,0,4,12,3,5,18,9,8,10,15,7,7,9,4,17,5,10,5,1,12,2,6,7,27,8,14,12,5,6,7,5,3,16,11,7,18,2,8,9,6,7,6,2,13,4,0,3,4,10
"COG1672",60,128,536,267,64,73,414,73,71,32,11,98,66,39,80,30,63,58,122,168,34,134,92,58,56,381,83,53,338,613,35,45,41,27,16,32,20,19,27,22,56,202,31,40,40,16,48,417,165,25,92,105,35,48,135,9,46,58,56,44
"COG1674",65,148,140,105,74,69,89,66,85,83,190,70,86,135,71,153,103,96,103,61,68,48,72,146,71,106,94,124,92,123,160,72,83,157,92,97,56,156,59,83,128,85,66,89,103,106,142,91,139,150,61,108,57,87,113,161,58,83,68,129
"COG1677",7,4,1,2,0,1,1,0,0,6,0,0,2,0,0,1,0,1,0,1,3,1,1,3,0,3,2,1,1,0,4,0,3,2,13,3,0,1,0,3,2,2,0,1,5,3,7,0,3,0,4,8,1,4,3,0,1,0,0,4
"COG1678",16,5,0,6,7,10,4,13,12,6,0,15,9,2,19,0,7,6,9,25,21,7,8,6,19,1,6,7,15,13,1,26,16,8,3,11,22,2,17,5,4,15,16,7,7,18,4,3,3,3,13,4,17,9,6,4,17,7,9,13
"COG1679",0,14,2,9,0,1,4,2,0,0,0,0,0,0,0,0,3,16,4,5,3,0,1,9,4,5,3,5,1,0,1,0,0,5,0,1,0,13,0,1,0,1,0,0,2,0,1,1,0,0,6,0,0,2,0,0,0,1,1,0
"COG1680",81,64,58,45,62,103,75,108,134,73,46,116,111,137,101,46,65,105,93,111,73,63,100,95,120,40,86,92,102,61,59,123,132,65,86,72,121,81,94,90,70,71,127,65,129,93,51,58,42,68,102,45,100,114,58,82,102,101,107,85
"COG1682",44,21,28,19,28,17,24,14,31,36,43,15,26,33,29,46,20,39,11,16,24,20,41,39,24,13,22,39,11,2,55,11,26,47,54,27,42,23,29,20,36,10,20,35,35,24,36,9,18,40,11,9,16,33,17,70,18,41,16,30
"COG1683",5,16,8,11,8,7,8,4,5,4,8,3,5,7,3,4,9,7,3,5,2,9,4,8,5,13,7,6,5,3,10,4,3,5,8,6,4,7,0,4,10,1,1,3,3,2,8,1,6,4,6,5,1,3,17,0,2,4,1,1
"COG1684",14,7,6,4,3,6,11,5,8,13,3,4,3,12,1,2,2,6,0,1,11,7,0,11,2,16,7,7,3,2,7,1,4,4,16,2,4,0,5,2,1,4,3,2,5,8,11,1,6,15,3,5,2,7,6,1,4,7,1,4
"COG1686",118,177,73,119,111,83,99,66,86,125,231,45,73,147,37,129,145,92,54,38,85,30,75,128,66,60,90,99,62,15,147,30,57,139,197,106,71,147,33,64,106,29,65,106,97,78,86,18,42,118,72,43,28,110,50,84,62,94,33,104
"COG1687",1,7,9,8,1,7,4,2,5,6,4,1,2,4,0,12,2,7,4,1,3,4,5,14,3,2,7,4,2,0,4,1,6,3,5,5,6,7,2,5,5,2,1,10,9,4,7,4,2,4,6,0,6,3,6,18,9,5,2,2
"COG1688",0,0,0,0,0,0,0,0,0,0,0,0,0,1,0,0,0,1,0,0,0,0,0,1,0,0,0,3,0,0,0,0,0,0,0,0,0,0,0,0,0,1,0,0,0,0,2,0,0,0,0,0,0,0,7,0,0,0,0,0
"COG1690",23,13,3,58,5,7,10,14,7,10,7,20,8,5,30,2,18,10,21,27,29,36,9,32,19,3,16,28,9,5,5,24,18,24,12,10,18,14,6,9,5,6,15,10,14,23,11,23,90,1,34,30,16,5,29,10,8,5,7,19
"COG1691",9,3,7,3,4,6,9,7,10,6,7,4,3,18,8,29,9,17,5,1,3,4,3,9,6,2,9,10,3,7,12,6,1,10,27,4,1,12,6,5,7,5,5,6,3,3,8,0,3,5,2,6,2,3,9,5,7,10,3,9
"COG1692",2,24,4,7,0,4,3,6,1,2,1,8,3,1,3,22,1,16,5,0,5,7,2,9,2,5,4,7,1,4,11,0,3,11,4,2,2,32,5,8,13,3,6,8,1,2,5,4,4,4,2,0,0,6,7,3,1,2,0,5
"COG1694",18,20,21,23,33,20,17,26,25,19,22,251,28,11,35,12,13,20,32,25,20,27,20,22,33,17,40,30,24,18,21,22,25,27,16,25,29,12,37,31,23,31,24,28,28,31,38,19,18,27,31,12,40,22,14,40,36,31,37,23
"COG1695",41,46,26,54,21,41,23,17,28,27,52,21,29,46,10,16,38,28,19,36,26,28,26,47,16,24,31,19,27,12,51,27,22,39,41,41,30,43,17,19,47,23,24,41,37,35,43,6,13,24,21,7,29,34,7,17,24,25,21,36
"COG1696",47,132,80,143,73,75,83,67,121,124,93,76,71,126,63,17,76,61,51,82,29,63,101,151,95,98,121,73,81,94,96,70,95,119,78,111,71,129,45,93,89,61,84,81,119,83,105,58,56,125,65,75,52,112,17,40,57,86,99,82
"COG1699",2,4,5,1,1,4,2,7,3,4,0,2,2,1,1,1,0,0,1,1,0,2,2,5,3,2,4,2,2,0,6,0,4,0,9,7,3,2,4,1,1,0,4,0,4,4,4,1,3,3,12,0,1,3,1,0,1,4,1,4
"COG1700",3,6,11,2,2,2,2,16,1,1,0,5,0,2,15,0,0,0,2,1,2,4,5,5,2,2,1,23,7,56,2,11,1,3,0,0,11,1,7,14,11,2,1,0,1,0,22,30,13,3,7,0,0,9,0,0,0,4,20,0
"COG1702",37,51,43,39,30,42,41,48,49,33,60,29,39,36,29,37,46,47,45,29,33,35,37,54,41,47,42,55,35,57,38,38,37,40,38,41,47,59,40,36,35,47,51,38,50,39,37,35,55,37,32,39,36,47,60,48,40,32,42,38
"COG1703",22,12,4,17,20,30,19,28,37,22,3,30,23,0,26,48,24,14,46,30,21,41,33,17,39,5,23,25,24,19,22,28,32,9,5,17,19,16,40,27,23,36,34,18,18,35,22,4,5,10,25,13,33,20,20,4,39,25,38,23
"COG1704",3,38,23,24,27,33,27,27,30,20,23,30,23,18,27,22,16,34,36,32,17,34,36,24,21,24,24,29,30,36,26,25,29,28,24,15,24,6,32,35,25,27,38,42,23,24,29,27,36,38,32,28,27,15,22,39,37,19,13,11
"COG1705",22,15,82,33,58,15,66,54,27,17,38,46,26,29,59,3,27,18,47,58,33,57,36,37,50,90,41,22,83,58,5,28,38,6,6,11,14,5,21,18,22,21,21,27,15,1,26,98,22,42,16,31,22,13,63,12,44,33,17,13
"COG1706",5,0,0,0,0,0,3,1,1,1,0,0,0,0,0,0,0,0,0,2,17,0,1,0,0,16,0,0,0,0,0,1,0,1,0,0,3,0,0,0,0,0,0,2,1,1,1,1,0,1,0,6,0,0,3,1,0,0,0,0
"COG1708",13,16,1,12,5,1,3,5,5,7,2,19,5,1,6,2,4,10,10,14,28,21,9,8,4,1,1,5,5,0,7,6,7,19,4,4,5,1,10,4,7,4,5,7,8,16,12,2,0,4,15,5,18,8,0,4,3,7,3,8
"COG1712",10,4,2,5,16,12,4,14,2,7,2,4,15,3,19,2,11,3,4,16,1,18,12,5,5,1,6,0,9,11,10,17,7,3,8,12,7,7,26,4,15,4,7,4,11,1,6,0,1,0,11,7,19,11,0,3,13,9,10,12
"COG1713",12,37,17,21,13,11,16,10,8,16,24,7,11,25,13,16,25,27,10,5,7,5,16,17,16,12,12,15,4,1,24,4,8,23,21,19,7,38,7,14,21,3,12,21,19,12,14,2,15,24,7,7,4,17,7,6,6,14,7,27
"COG1714",2,6,5,4,0,0,2,2,3,1,2,3,7,0,16,0,3,8,10,17,4,12,5,3,10,1,7,1,6,2,3,6,10,3,1,5,3,0,6,6,3,1,13,7,9,14,1,6,1,3,16,2,13,8,0,1,8,6,5,6
"COG1715",6,3,5,8,0,4,3,4,3,4,7,5,11,2,1,0,10,1,2,2,12,6,1,3,2,20,3,4,6,1,8,8,0,6,0,9,8,1,3,3,8,5,3,3,4,0,3,4,3,27,1,5,6,6,5,2,1,9,2,5
"COG1716",3,21,12,9,1,4,1,1,2,9,8,2,2,20,0,29,4,8,3,1,17,2,1,14,2,1,11,21,2,0,18,1,3,12,4,4,1,17,4,3,17,1,3,12,10,6,12,2,3,15,0,3,0,4,13,68,1,11,0,5
"COG1719",0,1,0,0,0,0,0,0,0,0,0,0,0,0,0,0,0,0,0,0,0,1,0,0,0,2,0,0,0,0,0,1,0,1,0,0,0,0,0,0,0,0,0,0,0,1,0,0,0,0,0,0,0,0,0,0,0,0,0,0
"COG1720",12,8,16,13,8,8,12,5,4,2,7,5,5,9,2,1,7,7,1,3,11,1,3,7,2,19,5,6,5,16,15,7,4,6,7,7,5,12,3,7,24,20,11,10,14,10,7,42,40,20,0,27,0,12,28,6,3,10,5,5
"COG1721",15,19,49,37,27,29,31,41,43,27,2,48,32,15,59,0,15,18,35,37,19,39,35,27,60,33,41,32,52,46,12,43,55,14,19,26,36,13,38,46,24,39,35,40,32,50,29,59,38,27,59,44,40,49,22,5,42,24,44,41
"COG1722",2,4,1,3,0,1,1,2,1,2,9,3,2,2,1,0,2,3,4,2,4,2,1,3,3,0,0,1,1,2,2,2,1,7,0,2,0,0,0,3,7,1,0,0,0,2,3,0,0,4,0,0,0,0,3,4,1,0,1,0
"COG1724",0,1,2,0,0,2,1,4,0,1,0,1,0,0,0,0,0,0,0,0,0,1,0,0,2,0,0,1,0,0,1,0,3,0,3,0,0,0,0,1,0,0,0,0,0,0,0,1,0,0,1,1,0,0,0,2,0,2,0,0
"COG1725",32,41,42,43,35,27,34,33,38,49,54,30,27,54,17,22,37,24,20,21,15,24,32,50,34,29,48,45,38,20,51,25,27,42,61,57,25,46,21,26,32,22,23,38,38,35,58,25,21,27,37,17,17,39,26,55,29,41,18,46
"COG1726",7,17,28,22,18,22,28,21,11,26,5,32,25,3,23,1,16,20,41,30,15,19,21,20,28,32,18,27,30,43,6,29,24,14,5,14,30,4,16,28,17,42,39,19,19,29,19,49,49,27,26,45,34,19,24,1,31,19,25,25
"COG1728",6,6,7,4,2,3,4,5,4,8,0,1,2,1,0,1,1,0,2,0,0,0,2,10,1,3,3,3,2,0,2,1,3,0,7,3,3,1,1,1,4,2,2,0,6,1,6,0,3,6,13,1,0,3,0,0,3,4,0,7
"COG1729",4,0,1,1,2,3,1,0,2,2,2,0,0,1,0,2,1,1,1,0,9,1,0,1,1,10,1,0,2,1,1,1,0,3,0,1,1,0,0,2,1,0,3,1,3,1,0,1,2,0,1,5,0,0,4,1,1,1,1,0
"COG1732",10,6,0,3,0,1,6,13,3,2,35,15,4,3,5,28,5,15,12,5,13,25,4,2,3,5,0,3,4,6,2,5,3,11,2,1,2,1,1,8,1,6,2,5,4,4,10,4,1,3,5,0,1,2,4,6,7,5,2,3
"COG1733",26,44,30,25,27,22,21,30,34,23,47,26,33,48,39,43,40,23,18,25,22,31,26,34,28,19,24,41,13,23,31,45,21,19,35,46,41,19,33,29,14,28,28,33,31,24,30,16,33,29,25,15,32,40,29,18,18,37,35,29
"COG1734",7,8,8,3,1,2,9,5,1,1,1,10,2,4,0,0,2,4,7,3,11,0,1,3,4,16,0,1,2,4,1,7,1,7,0,0,1,0,1,3,4,1,1,4,3,3,3,13,4,2,0,8,2,0,14,4,0,5,2,1
"COG1735",13,8,0,2,0,1,3,1,2,4,4,1,0,0,1,3,4,1,2,4,11,2,2,1,2,1,2,2,2,2,1,2,2,3,0,3,1,4,0,3,0,1,1,6,0,4,0,1,0,0,2,1,3,5,11,5,0,3,3,3
"COG1737",71,57,45,52,32,52,24,28,33,46,94,47,38,104,29,119,62,74,27,14,73,96,28,38,26,38,32,28,36,27,91,22,30,59,96,56,38,54,35,53,29,20,27,56,22,45,48,14,28,28,36,36,14,33,48,86,34,49,36,47
"COG1738",14,12,13,12,15,19,18,13,17,6,2,28,8,0,9,0,16,14,20,13,6,21,19,8,21,23,13,20,26,33,10,19,11,16,3,12,17,12,12,21,17,31,10,25,6,10,10,35,24,23,10,40,22,9,16,3,16,6,28,16
"COG1739",34,38,26,34,31,31,37,31,27,30,26,28,24,26,32,38,34,35,30,20,21,19,21,31,28,21,30,25,27,25,41,28,22,24,33,24,24,30,34,30,41,29,22,33,25,28,37,41,33,32,20,33,18,31,35,48,41,25,25,23
"COG1740",19,0,4,1,4,3,4,14,5,2,3,8,2,1,4,51,2,9,2,4,28,3,1,0,5,0,5,3,1,7,3,7,7,8,2,2,6,3,7,1,2,5,2,4,3,8,5,2,3,0,3,3,3,0,15,4,1,11,4,0
"COG1741",23,5,3,10,28,15,10,28,15,8,5,19,20,3,23,2,8,17,20,33,44,35,13,13,22,0,13,3,24,11,7,46,34,16,9,21,23,6,21,18,12,13,23,18,18,33,22,1,2,9,27,17,28,12,11,8,37,26,34,11
"COG1742",2,1,0,0,0,0,0,0,0,2,3,0,0,0,1,0,0,0,0,0,2,0,1,0,0,0,0,0,0,0,0,1,0,1,0,0,1,1,0,0,0,0,0,1,0,0,1,0,0,0,1,0,0,0,3,0,0,0,0,0
"COG1743",0,0,1,2,0,0,4,0,10,1,0,0,0,0,1,1,10,0,2,0,0,0,1,1,3,3,0,7,29,1,16,0,13,0,0,0,2,0,0,9,2,0,0,2,0,15,4,0,0,0,28,6,0,2,2,0,0,4,0,13
"COG1744",45,80,56,71,50,61,37,21,44,52,61,23,30,61,26,34,77,57,29,18,23,19,37,44,31,24,60,51,36,7,40,13,36,53,80,38,26,124,8,27,72,4,45,32,40,42,39,6,18,52,40,18,16,53,7,26,57,37,26,33
"COG1747",0,0,0,0,0,0,0,0,0,0,0,0,0,0,0,0,0,0,0,0,11,0,0,0,0,0,1,0,0,0,0,0,0,0,0,0,0,2,0,0,1,0,1,0,0,0,0,0,0,0,0,0,0,0,0,0,0,0,0,0
"COG1748",26,19,34,36,49,50,46,57,31,42,16,30,41,26,37,41,45,26,22,42,22,43,47,29,32,26,53,49,46,38,28,15,25,9,24,24,34,17,19,20,23,27,18,27,30,31,36,26,22,15,18,24,23,22,19,8,23,30,22,19
"COG1749",10,4,9,5,5,11,14,8,17,17,1,4,4,6,2,0,0,0,1,0,10,2,0,15,2,13,11,10,9,0,6,2,8,4,17,8,6,1,3,2,9,2,5,0,16,9,5,1,4,7,18,10,1,9,3,2,4,9,4,3
"COG1751",0,1,0,0,0,0,0,0,0,0,0,0,0,0,0,2,0,1,0,0,0,0,0,0,0,0,0,0,0,0,0,0,0,2,0,0,0,1,0,0,0,0,0,0,0,0,0,0,0,0,0,0,0,0,0,0,0,1,0,0
"COG1752",46,48,46,68,80,46,35,71,86,58,4,107,117,16,101,7,66,63,79,92,64,103,92,50,96,36,95,61,109,72,44,103,101,61,28,86,91,34,80,113,66,100,76,76,69,129,70,35,59,44,104,72,117,84,17,14,88,77,84,83
"COG1754",18,37,70,52,34,36,70,56,43,36,1,64,64,27,56,43,20,32,70,48,37,36,38,23,37,56,41,65,69,122,10,43,44,20,13,41,60,21,55,50,43,110,57,34,55,51,41,149,107,37,39,77,66,60,98,92,63,44,55,48
"COG1755",0,0,0,0,0,0,0,1,0,0,0,0,0,0,0,0,0,0,0,2,2,1,1,0,0,0,0,0,0,0,0,2,2,0,0,0,8,0,0,0,0,0,1,0,0,3,0,0,0,0,1,0,0,0,0,0,0,0,4,0
"COG1757",65,141,126,126,122,98,122,172,117,98,79,104,114,141,110,92,127,100,97,87,53,182,95,79,124,125,106,108,127,212,110,101,141,100,123,118,67,83,102,163,126,203,106,107,93,128,101,238,162,90,109,118,101,118,140,80,136,116,121,92
"COG1758",5,4,0,0,0,1,1,1,4,1,12,1,0,5,0,5,1,2,1,2,9,1,0,0,0,6,0,4,2,0,4,0,2,1,1,0,4,1,0,0,3,0,1,1,0,0,1,1,0,2,1,2,0,1,5,11,1,0,1,0
"COG1760",70,61,60,54,63,45,43,66,58,57,95,63,47,73,42,90,60,61,49,54,66,49,57,40,46,39,44,47,55,59,35,18,23,24,26,26,24,25,18,38,36,20,24,25,22,19,28,22,30,26,29,16,12,21,39,42,30,13,19,19
"COG1762",119,41,49,43,57,64,78,65,56,83,156,51,44,142,35,261,80,74,23,30,133,147,56,49,46,48,24,59,33,42,127,50,41,54,128,68,68,46,69,66,58,30,47,63,41,65,62,16,23,63,42,33,29,67,144,56,32,79,49,83
"COG1763",14,3,2,5,11,2,3,6,2,7,10,0,3,6,2,8,4,3,3,5,12,5,3,8,4,0,4,1,2,3,6,1,5,5,4,7,4,3,2,6,3,1,4,2,1,3,3,2,9,5,1,2,4,7,11,2,6,1,0,7
"COG1764",3,0,0,0,1,0,2,0,0,3,0,0,1,1,0,0,0,1,0,1,7,1,1,0,0,0,1,0,0,2,0,0,1,4,0,0,3,0,0,0,1,0,0,1,0,0,0,1,0,0,1,1,0,0,0,1,0,0,0,0
"COG1765",9,2,0,0,1,0,3,0,2,3,4,3,0,4,1,6,2,1,3,1,11,2,0,1,1,1,1,2,1,3,1,2,1,11,0,1,2,1,0,0,1,0,0,2,2,2,1,2,0,0,0,1,1,0,5,13,0,1,3,0
"COG1766",10,4,4,6,2,4,5,1,1,3,0,0,2,2,3,0,3,1,2,1,3,2,0,12,1,14,2,0,2,0,8,4,11,7,19,2,4,0,3,5,9,1,2,3,6,11,11,0,3,8,20,19,2,4,6,0,0,4,6,5
"COG1767",12,1,1,3,13,0,2,6,5,5,4,2,5,17,6,13,4,5,5,6,7,19,4,2,5,1,0,2,9,3,3,3,2,10,4,2,2,5,2,4,10,2,0,1,3,5,5,2,0,4,3,1,0,4,7,3,12,2,5,6
"COG1768",2,34,10,9,11,5,3,5,9,8,14,1,7,11,5,1,21,29,7,5,2,6,5,15,5,10,12,9,6,2,18,1,4,14,6,7,7,32,0,4,13,1,8,10,3,8,8,6,6,9,3,4,4,8,1,1,6,2,7,9
"COG1770",10,3,0,0,1,2,1,3,3,6,4,0,1,15,0,27,1,4,8,2,19,3,0,0,0,0,0,11,1,1,0,3,1,3,0,0,4,1,0,0,0,0,0,3,0,1,0,0,1,0,0,2,0,1,20,66,1,0,0,0
"COG1773",22,16,11,16,17,13,9,15,10,11,11,8,8,14,9,2,17,15,11,5,13,20,6,11,5,5,7,11,6,9,3,7,2,16,4,1,4,6,1,12,7,4,6,10,1,5,5,3,1,7,4,7,5,8,9,3,5,3,4,4
"COG1774",25,60,53,39,44,26,34,53,36,42,30,24,45,30,29,45,35,63,38,27,21,23,44,33,34,34,53,51,31,39,61,35,36,56,48,45,54,56,39,38,37,31,45,45,35,29,40,32,45,49,39,26,26,37,17,23,41,38,32,42
"COG1775",36,21,17,29,12,15,10,21,25,25,33,10,20,19,12,12,22,33,25,6,12,15,12,13,22,9,22,28,9,8,13,10,12,37,29,29,17,36,7,11,16,6,12,24,14,13,32,7,10,9,8,8,6,29,20,21,20,19,5,14
"COG1776",12,8,13,14,6,12,10,4,12,13,1,9,3,4,4,3,2,1,3,1,3,11,6,24,6,3,8,12,6,1,10,1,8,4,25,15,11,3,6,5,7,0,1,4,13,12,15,2,1,14,21,4,2,7,2,1,1,16,2,13
"COG1778",14,15,11,42,13,14,12,32,19,15,5,34,10,1,18,16,15,19,24,32,22,17,19,13,20,30,16,16,25,22,10,30,22,10,7,13,11,7,23,20,12,22,23,18,12,18,16,25,40,16,28,23,24,17,22,4,25,15,37,15
"COG1780",3,0,6,0,0,0,2,0,2,1,10,2,1,12,0,7,0,1,2,0,8,1,3,1,0,1,0,1,0,0,1,1,0,0,0,0,1,0,0,2,1,1,0,0,0,0,1,0,0,0,0,0,0,0,3,5,0,1,0,0
"COG1781",16,17,14,21,13,24,16,17,23,19,11,21,20,20,14,18,22,11,6,29,22,12,18,22,18,36,18,35,30,15,27,27,26,18,23,17,26,9,26,18,20,26,23,21,24,14,18,26,31,24,36,26,26,23,16,31,23,17,26,30
"COG1782",0,2,0,0,0,0,0,0,0,1,0,0,0,0,0,0,0,0,0,0,0,0,0,1,0,2,1,0,0,0,0,0,0,2,0,0,0,11,0,0,4,0,0,0,2,0,0,0,3,2,0,0,0,0,0,0,0,0,0,0
"COG1783",4,11,9,11,2,8,16,24,6,18,9,10,7,6,12,15,11,132,9,11,63,65,18,25,55,9,22,11,13,14,16,9,17,24,20,14,4,23,6,15,30,3,31,148,20,9,15,10,1,7,9,5,8,9,7,10,145,22,8,14
"COG1785",13,14,1,9,22,16,14,35,28,11,1,32,25,1,25,10,16,11,17,31,19,29,18,13,28,12,16,22,23,13,27,63,50,27,14,38,49,23,53,54,32,40,62,45,45,53,24,3,14,41,59,24,59,50,14,11,37,38,82,30
"COG1786",0,0,0,0,0,0,1,0,0,0,0,0,0,0,0,0,0,4,0,0,0,0,1,0,0,0,0,0,0,0,0,0,0,3,0,1,0,0,0,0,0,0,0,0,0,0,1,0,0,0,0,0,0,0,0,0,0,0,1,0
"COG1787",4,1,2,2,0,0,1,1,2,6,5,1,0,1,3,0,0,0,0,0,1,7,0,3,1,0,2,0,1,0,2,0,0,2,0,1,1,0,1,0,2,1,1,4,2,0,1,0,0,1,0,0,0,1,0,1,0,0,0,0
"COG1788",9,10,1,7,2,2,3,4,8,1,7,7,2,1,4,3,6,7,6,1,10,7,2,1,12,2,5,1,3,7,0,9,0,7,5,3,2,6,1,14,8,1,0,4,3,3,7,0,0,1,1,0,2,5,2,1,3,5,3,1
"COG1791",0,0,0,0,0,0,0,0,0,0,0,0,0,0,0,0,0,0,0,0,0,0,0,0,0,0,0,0,0,0,0,0,0,0,0,0,0,0,0,0,0,0,0,0,0,0,0,0,0,1,0,0,0,0,0,0,0,0,0,0
"COG1792",32,51,60,45,41,40,65,29,39,37,51,55,41,29,43,26,24,51,41,35,25,26,33,67,42,51,35,46,41,59,40,25,33,38,35,48,27,46,38,32,42,47,43,47,38,41,37,58,52,45,38,53,35,49,48,21,42,31,44,41
"COG1793",1,2,1,8,0,0,0,6,1,1,1,9,2,1,12,0,3,0,2,1,2,5,9,1,0,0,2,1,0,1,0,2,1,6,0,2,4,3,2,0,0,5,0,3,0,2,33,0,0,0,5,0,2,1,0,0,0,2,0,4
"COG1794",3,16,4,5,4,11,4,4,6,10,15,5,5,11,3,1,6,18,6,4,8,8,8,5,4,2,1,9,2,3,7,6,2,5,0,3,5,5,1,7,6,5,5,1,13,6,4,0,0,2,4,0,2,4,8,11,6,18,2,6
"COG1797",25,17,24,18,34,33,28,34,44,39,26,18,33,34,19,46,45,22,26,26,10,14,35,27,40,16,22,39,24,17,30,18,31,25,52,20,40,34,24,43,18,30,33,20,30,34,28,4,15,22,25,19,22,39,17,10,31,42,26,25
"COG1799",10,31,14,13,16,13,7,9,12,10,28,5,12,21,4,30,18,13,14,7,5,16,12,12,11,10,6,11,9,0,32,8,5,26,21,14,12,21,10,4,20,5,7,13,13,10,17,1,5,10,12,3,3,15,11,20,10,18,12,9
"COG1801",7,1,0,0,1,0,0,1,1,5,13,0,1,0,0,0,0,1,0,3,3,1,0,0,0,0,1,0,1,1,0,0,0,0,0,0,3,1,1,0,2,2,1,1,1,0,0,0,0,0,0,1,0,0,4,2,3,1,1,0
"COG1802",83,40,43,48,64,64,46,45,38,87,39,21,25,72,27,104,78,34,26,23,44,75,49,39,28,34,35,41,34,19,62,21,39,34,86,46,39,37,36,43,41,20,44,32,45,48,54,13,24,39,33,26,15,41,60,20,46,40,29,31
"COG1803",27,22,9,24,28,25,24,26,37,22,17,32,21,19,26,23,37,26,24,24,12,24,21,32,24,15,34,17,21,8,25,21,19,27,35,26,14,25,25,23,22,15,31,24,27,12,49,4,8,17,26,10,47,24,7,10,41,13,39,31
"COG1804",41,16,5,22,13,11,11,18,11,7,10,10,9,23,4,40,18,36,21,5,57,32,3,19,8,5,11,0,4,10,7,20,12,28,17,12,15,17,3,9,12,2,14,8,4,18,15,5,0,4,26,2,4,14,22,45,12,8,6,1
"COG1805",5,8,21,15,23,25,31,30,13,8,2,31,27,1,37,0,10,5,27,15,6,20,24,6,26,34,24,24,26,45,3,22,20,9,2,20,8,4,15,20,17,29,19,31,13,5,18,33,37,22,12,40,22,13,13,0,19,18,23,19
"COG1806",5,8,3,4,3,6,3,1,3,4,10,1,3,11,1,2,3,8,2,1,5,4,0,1,4,3,2,6,2,2,4,1,1,2,0,1,2,5,3,3,4,3,1,1,2,1,3,1,1,2,2,2,2,1,7,5,0,0,2,0
"COG1807",22,21,49,25,46,46,52,50,46,11,14,61,41,8,35,75,30,28,58,32,47,44,27,26,36,37,40,40,43,58,18,64,31,23,15,25,36,26,53,45,37,48,49,32,30,56,49,62,33,19,31,39,61,26,61,5,62,28,59,33
"COG1808",11,11,3,16,19,33,10,26,44,21,19,43,22,12,24,20,15,22,35,28,9,31,22,16,29,5,25,27,27,21,12,27,22,20,9,14,31,7,39,31,17,26,28,38,32,20,19,0,3,19,16,24,36,31,6,7,37,16,42,16
"COG1811",10,19,7,12,7,11,7,9,5,5,36,5,4,14,5,18,25,27,17,8,18,15,8,5,7,1,2,9,10,2,11,11,7,14,7,4,6,6,5,10,12,4,5,2,8,15,6,8,4,14,8,5,0,2,6,9,13,8,8,7
"COG1814",2,0,1,2,5,1,3,14,4,0,22,15,3,1,2,0,3,0,3,10,10,11,11,2,6,0,1,2,3,2,3,11,4,1,0,4,15,0,3,0,1,1,1,4,9,11,3,0,0,1,4,3,3,1,0,2,4,1,3,1
"COG1815",10,3,4,6,0,4,9,1,2,12,1,2,0,1,1,2,0,4,0,3,15,3,2,11,1,12,2,3,0,1,1,1,2,2,7,5,4,0,3,0,9,2,0,3,4,4,9,1,1,4,7,2,0,4,3,1,2,6,2,3
"COG1816",15,5,7,5,3,13,6,6,13,12,22,5,8,22,0,4,9,4,3,2,9,4,5,7,2,3,6,8,7,0,15,8,15,3,25,15,16,6,3,1,9,14,11,8,6,14,10,0,2,8,6,3,7,5,9,13,6,11,2,11
"COG1817",0,1,0,1,4,7,0,3,4,0,0,14,0,0,0,0,5,3,0,16,0,0,0,4,5,1,0,0,0,0,0,4,6,4,0,0,0,0,6,0,0,1,11,8,1,0,0,0,0,3,0,3,4,3,0,0,11,0,8,0
"COG1819",15,12,5,9,16,6,5,14,8,8,24,17,16,3,23,3,18,14,23,16,4,20,16,15,11,8,12,23,17,14,12,34,19,11,11,22,35,6,35,24,4,20,16,21,17,12,15,13,20,5,20,12,24,13,1,8,18,22,31,25
"COG1820",58,46,29,37,77,70,41,71,62,59,60,56,72,62,52,50,86,51,67,88,62,66,62,42,61,47,48,44,39,38,50,63,53,43,70,72,66,44,58,60,42,36,78,61,55,67,44,13,41,64,64,57,81,53,50,59,76,55,84,83
"COG1823",16,1,4,0,1,1,2,14,7,6,7,2,1,5,4,14,0,7,0,4,13,4,1,0,2,0,0,2,0,2,3,7,1,0,3,0,5,0,3,5,0,3,1,3,3,3,1,1,2,0,2,3,0,2,12,8,2,4,0,0
"COG1825",17,12,18,18,17,27,16,24,19,17,13,21,23,19,18,12,19,11,22,32,18,12,16,19,20,33,19,17,31,18,8,26,29,7,14,19,16,7,30,18,18,30,21,29,17,19,19,38,22,18,21,21,24,17,22,26,30,20,27,12
"COG1826",23,3,4,2,1,3,3,8,1,4,1,1,1,3,1,7,18,4,2,1,20,6,0,0,0,2,4,0,1,3,2,3,1,10,2,0,2,2,3,0,3,1,2,2,4,3,4,1,1,3,0,2,0,0,11,9,1,1,0,0
"COG1827",17,11,7,6,8,13,5,3,12,11,17,4,14,15,6,20,20,7,5,2,2,4,6,6,10,4,4,13,3,2,14,9,4,13,22,15,12,6,9,9,6,8,8,8,13,6,15,0,4,11,4,7,1,14,8,10,10,12,2,11
"COG1830",15,9,0,4,22,10,2,23,20,9,3,17,16,3,15,1,8,7,11,17,10,13,17,5,10,3,12,2,11,15,13,26,27,21,16,31,17,5,35,18,23,17,25,17,24,11,24,7,6,7,24,12,53,6,9,6,50,28,22,33
"COG1832",1,0,2,1,1,1,0,1,1,1,12,1,1,0,0,0,0,0,1,0,5,2,1,0,0,0,0,0,0,0,3,0,2,1,0,0,1,0,1,0,0,0,1,0,1,1,1,0,0,0,0,1,0,0,1,1,0,1,1,0
"COG1834",1,3,1,0,5,2,2,1,1,0,0,0,5,0,6,1,0,5,1,4,4,3,3,1,0,2,4,1,0,2,0,4,5,11,2,2,1,6,5,4,4,1,1,0,3,0,2,1,0,0,0,0,3,4,0,0,6,2,1,2
"COG1835",29,24,20,32,28,38,24,35,66,36,75,55,23,42,50,26,36,39,38,64,78,40,54,21,52,37,32,40,30,12,24,54,45,17,8,23,49,18,33,53,30,38,50,45,28,57,23,26,7,26,49,28,43,48,15,89,35,45,80,34
"COG1837",11,12,6,6,6,8,3,3,4,8,13,3,5,10,1,17,9,8,9,3,6,3,5,11,6,3,4,10,2,3,19,0,7,8,11,6,4,18,2,5,9,1,4,6,7,7,8,1,2,11,7,1,2,10,5,13,7,4,3,8
"COG1838",42,27,57,45,60,46,48,48,54,53,20,49,45,36,26,24,38,31,47,43,41,35,37,34,47,54,57,48,47,104,29,37,28,28,49,42,53,22,62,54,44,62,37,26,48,43,50,52,99,45,46,85,58,33,39,25,47,45,53,47
"COG1840",11,38,12,26,44,18,18,29,10,15,16,25,22,37,17,80,16,32,9,7,26,54,24,28,13,14,21,18,15,10,14,14,11,21,26,15,4,35,15,20,22,16,16,21,14,24,17,6,9,19,22,9,14,13,17,15,34,29,20,7
"COG1841",4,5,3,4,2,2,2,2,2,1,14,4,1,9,0,9,4,8,4,1,6,2,2,10,2,5,4,6,5,3,4,1,3,12,9,9,1,9,2,3,8,1,0,0,10,4,9,2,1,6,7,4,0,3,8,4,3,6,2,0
"COG1842",26,3,4,1,6,2,12,2,7,21,5,3,4,6,2,0,0,1,1,1,5,0,1,11,1,4,2,6,1,0,7,4,2,5,4,1,5,3,3,0,2,1,1,0,16,3,5,4,0,2,2,1,0,2,8,4,5,1,0,1
"COG1843",10,5,7,6,4,6,7,3,4,16,2,0,2,3,0,0,1,3,1,1,7,0,2,9,2,14,6,3,4,2,5,1,3,4,10,2,2,3,2,1,2,1,1,0,10,12,9,0,3,4,6,4,1,5,9,2,2,5,0,2
"COG1845",9,3,0,0,1,0,0,2,1,4,1,1,0,2,1,0,0,2,0,0,4,0,0,0,0,1,0,0,0,1,0,2,0,2,0,0,2,0,0,0,0,0,0,0,0,1,0,0,0,0,0,1,1,0,4,1,0,0,0,0
"COG1846",91,73,68,54,38,58,48,64,79,61,138,65,57,92,51,82,76,49,38,60,43,83,64,75,56,49,54,68,48,21,95,64,47,54,97,78,65,47,62,52,34,29,54,64,57,60,74,13,40,72,49,35,58,78,52,52,86,95,46,78
"COG1847",16,44,28,21,12,22,21,15,24,15,36,10,16,53,14,52,19,34,12,6,20,10,11,35,14,19,19,32,5,4,40,11,17,30,38,18,23,43,10,14,23,6,13,22,15,17,30,4,10,21,15,7,5,27,20,46,14,20,5,20
"COG1850",3,1,0,2,0,0,0,0,1,1,1,2,0,0,0,0,0,0,1,0,1,6,2,0,0,3,1,3,2,0,1,1,0,1,0,0,2,4,0,0,3,0,0,1,0,0,1,0,3,0,0,0,1,1,0,0,0,0,0,0
"COG1852",0,0,0,1,1,0,0,5,2,0,3,3,1,1,1,6,2,5,5,1,0,3,0,0,2,0,0,3,0,3,0,8,5,0,1,0,0,0,2,3,3,1,2,1,2,1,2,2,0,0,3,0,0,2,2,0,1,4,6,2
"COG1853",41,50,40,60,53,30,51,39,28,56,43,55,50,45,40,22,36,48,41,46,32,51,53,55,42,53,40,63,48,48,53,51,53,51,55,54,79,53,44,61,64,75,29,53,58,28,78,45,43,37,53,62,40,44,45,15,45,43,51,59
"COG1854",23,25,24,27,13,15,26,15,16,20,18,19,15,25,13,13,7,16,10,10,14,6,7,25,20,32,14,25,21,25,15,13,16,10,22,11,18,14,15,16,11,39,11,9,13,13,15,28,26,23,10,24,13,19,18,24,17,14,25,13
"COG1857",2,0,6,4,2,3,2,2,9,7,3,0,0,2,0,0,0,1,0,0,1,0,0,4,1,3,5,8,0,0,1,0,1,2,2,1,12,1,0,3,0,0,0,0,12,6,3,0,0,1,0,0,1,1,17,0,0,2,1,0
"COG1858",17,3,2,4,10,3,3,16,8,9,1,25,12,3,6,0,8,3,16,9,39,5,13,5,9,4,8,16,8,11,3,14,7,14,0,7,41,2,6,12,9,14,10,7,11,18,11,0,1,8,8,7,13,3,7,13,5,5,16,1
"COG1859",10,1,0,2,2,0,1,2,0,2,1,1,0,1,1,5,0,1,1,3,10,3,0,15,2,2,0,3,2,0,1,2,4,2,2,0,6,1,0,2,1,0,0,0,3,7,2,3,1,1,0,2,0,5,5,3,2,5,0,3
"COG1861",1,4,0,1,5,11,1,2,3,2,0,11,8,0,8,0,6,3,5,21,10,1,12,5,1,0,7,0,2,1,0,5,3,2,6,6,0,4,3,3,3,2,4,3,12,7,0,0,0,4,3,1,3,10,0,2,3,5,7,0
"COG1862",16,13,5,16,18,15,17,12,16,19,18,14,20,6,10,12,22,13,11,16,9,14,10,12,21,14,11,14,13,14,12,20,12,14,13,16,26,23,32,8,21,20,18,12,10,14,15,13,21,13,9,21,13,20,10,4,17,14,27,19
"COG1863",0,2,1,2,0,0,0,2,0,0,0,0,1,0,0,0,2,0,1,1,1,4,0,3,2,1,0,0,0,1,0,1,0,1,0,2,0,1,0,2,3,0,0,0,1,0,5,0,0,0,0,2,0,1,0,0,3,0,3,0
"COG1864",5,15,35,22,25,35,33,25,20,10,1,46,32,1,25,0,16,21,49,25,13,32,35,30,37,45,19,46,35,51,15,33,35,11,6,14,21,12,19,32,20,47,49,34,27,33,39,69,52,32,28,46,22,41,32,1,33,23,33,27
"COG1865",3,1,4,1,5,0,0,0,0,1,5,0,3,2,0,0,5,1,0,0,0,11,0,1,0,1,0,2,1,2,0,0,4,4,1,0,0,2,1,1,3,2,2,1,0,3,4,0,2,1,3,1,0,1,0,1,1,1,1,1
"COG1866",52,54,91,59,93,59,89,66,65,83,54,48,64,63,58,38,75,53,62,55,35,33,67,66,71,89,77,77,83,120,77,60,56,38,43,64,67,59,78,62,82,101,74,61,55,54,77,119,112,86,56,87,84,42,77,24,61,67,80,89
"COG1868",9,7,5,10,10,8,13,3,8,20,2,5,2,8,0,0,3,1,0,3,8,13,7,23,3,19,6,15,7,1,12,1,9,1,16,4,12,0,8,3,7,3,2,3,9,10,6,4,3,10,11,8,3,11,6,3,2,15,0,5
"COG1869",10,6,0,2,4,2,3,8,3,1,6,3,3,3,4,1,4,3,0,2,6,11,0,1,1,9,2,0,1,1,3,3,2,1,4,0,4,4,2,8,3,0,2,0,2,1,3,2,0,0,4,4,1,1,5,1,2,2,0,2
"COG1871",5,3,4,6,1,1,10,0,2,4,0,1,0,1,1,1,1,1,1,3,0,1,7,8,2,4,2,4,2,0,6,3,4,1,9,0,1,4,3,2,1,0,3,0,3,5,4,0,2,6,8,2,0,7,0,1,0,1,1,4
"COG1872",4,3,1,0,0,0,1,0,1,0,0,0,0,1,0,0,0,0,0,0,6,0,0,0,0,1,2,0,0,0,0,1,0,1,0,0,1,0,0,1,1,1,0,1,0,1,0,1,0,0,0,1,0,0,1,2,0,0,0,0
"COG1873",9,17,6,8,6,3,5,3,7,8,4,2,5,9,1,1,9,4,3,3,2,0,2,11,5,7,7,5,4,0,8,2,4,16,16,6,7,14,2,1,2,0,3,7,11,2,7,0,3,12,6,8,0,7,3,4,0,3,3,5
"COG1874",68,64,113,60,92,112,81,125,96,94,122,97,138,156,126,133,62,113,104,130,80,110,130,66,112,64,109,79,94,119,89,117,95,83,123,131,92,57,154,125,72,101,95,111,125,175,95,80,90,78,157,90,143,121,53,195,121,151,125,142
"COG1875",1,3,2,6,10,13,8,6,17,1,3,13,18,1,13,0,5,4,14,11,5,12,7,12,8,1,7,3,12,4,16,24,26,12,4,23,8,7,14,16,11,7,17,13,11,26,3,1,3,13,27,7,22,23,1,8,22,17,27,14
"COG1876",17,36,27,20,25,20,22,9,23,23,48,12,16,26,7,12,35,22,8,5,10,7,19,29,6,28,24,17,18,5,29,4,9,30,12,24,10,42,9,6,16,4,15,7,41,10,25,3,13,15,18,8,2,25,8,7,6,11,12,22
"COG1877",15,6,0,6,13,14,5,24,21,8,1,11,18,4,62,1,15,11,8,33,15,18,7,8,31,0,15,2,12,13,11,40,21,10,10,26,8,2,50,10,6,11,19,26,26,6,14,2,2,3,18,10,39,8,8,2,20,31,18,22
"COG1878",9,19,8,5,9,11,4,7,14,5,3,3,7,15,2,6,3,16,6,2,1,10,2,5,6,5,8,11,7,8,10,8,9,26,11,9,8,11,4,5,12,5,6,13,6,3,7,1,10,6,4,2,7,14,3,3,9,5,6,10
"COG1879",182,147,120,142,148,123,180,164,135,148,219,119,119,118,107,115,151,108,108,118,121,177,124,131,115,169,127,129,152,147,130,160,123,133,201,135,164,105,96,125,130,137,111,133,97,166,136,158,165,154,140,164,120,108,187,131,140,113,113,158
"COG1881",9,4,1,2,1,3,0,4,3,4,0,0,0,8,4,19,0,2,3,0,21,10,0,2,0,1,1,4,2,6,1,1,1,5,0,0,2,2,0,1,3,5,0,3,0,1,0,1,0,1,2,2,1,1,8,27,0,1,2,1
"COG1882",154,154,117,101,154,129,126,145,126,116,173,115,157,125,124,242,158,154,125,110,159,113,137,120,150,97,137,112,145,121,137,145,126,177,147,157,145,102,132,143,106,136,102,120,104,130,109,104,114,129,97,107,132,110,142,135,130,121,160,127
"COG1883",41,71,42,74,84,108,62,64,76,72,14,78,90,35,96,35,94,83,85,102,26,73,75,75,82,48,78,68,68,54,67,86,98,66,51,80,70,111,81,106,112,72,97,95,94,101,69,44,54,39,89,55,74,99,31,13,92,54,122,61
"COG1884",23,36,13,37,91,58,44,132,92,59,19,112,88,9,116,131,64,45,102,93,74,63,84,45,105,21,55,96,80,57,26,115,94,34,17,71,75,48,89,92,79,96,111,81,68,70,65,11,10,38,72,50,80,70,36,4,103,77,99,59
"COG1886",11,2,8,6,2,4,6,9,13,9,3,1,1,3,0,0,1,3,0,11,7,13,4,4,2,8,5,3,5,2,3,2,3,5,13,4,6,1,0,2,8,1,2,0,7,8,5,0,1,9,10,4,4,9,7,6,2,10,7,6
"COG1887",27,80,64,57,9,32,71,24,45,35,46,29,36,62,17,31,36,27,26,27,48,20,57,43,48,78,62,34,32,49,63,32,24,88,61,35,26,39,10,38,78,48,33,109,44,41,29,28,9,50,28,12,25,62,37,22,22,34,24,51
"COG1892",0,0,0,0,0,0,1,0,3,1,0,0,0,5,0,0,0,0,0,0,0,0,0,0,0,0,0,0,0,0,0,0,0,0,1,0,0,0,0,0,0,0,0,1,0,0,0,0,0,0,0,0,0,0,0,0,0,0,0,0
"COG1893",38,29,14,27,72,37,21,48,51,45,37,21,43,49,28,60,48,47,32,28,29,37,55,32,30,11,48,32,32,19,37,43,60,13,36,46,45,34,48,36,46,38,48,43,38,38,35,4,8,23,31,20,43,44,22,35,53,40,40,29
"COG1894",19,22,16,16,15,15,13,22,15,15,36,18,14,19,18,30,14,27,17,11,22,32,12,32,16,7,19,21,13,8,20,47,43,65,47,31,27,75,22,34,51,19,23,34,33,23,24,4,4,10,48,15,35,39,24,29,46,38,16,32
"COG1895",1,12,12,8,5,3,8,7,5,8,3,10,10,0,23,2,8,8,3,28,1,11,9,9,8,15,11,1,2,10,5,17,8,6,9,5,10,6,12,9,7,6,7,16,16,4,10,28,14,26,20,13,20,11,19,2,17,13,13,14
"COG1896",35,31,15,26,10,16,17,15,11,28,48,10,18,37,9,9,29,29,18,10,33,7,17,14,20,17,25,14,9,7,25,7,13,51,25,28,22,35,8,9,26,4,14,17,27,36,21,4,9,30,6,6,8,29,18,11,14,15,9,22
"COG1897",45,27,32,38,28,36,51,42,37,44,51,24,42,32,27,60,19,49,25,31,37,29,38,34,25,51,32,49,32,36,34,36,36,24,45,36,31,33,22,26,47,42,21,40,30,43,29,42,58,37,34,47,29,44,51,44,28,28,35,40
"COG1898",13,34,73,90,35,25,38,48,52,31,37,45,56,19,61,26,46,41,59,79,45,47,47,45,51,25,51,50,50,55,39,77,68,29,34,48,44,50,63,60,41,54,46,46,44,97,66,80,55,64,62,52,65,41,28,47,59,59,61,65
"COG1899",0,1,0,0,0,0,0,1,0,0,0,6,0,0,1,0,0,0,3,0,1,0,0,1,1,0,1,0,0,0,0,0,0,5,0,0,0,0,0,0,1,1,0,0,0,0,0,0,0,0,0,0,0,0,0,0,0,0,0,0
"COG1900",0,0,0,0,0,1,0,0,0,0,0,9,1,0,0,0,2,0,0,1,0,0,1,1,1,0,3,0,1,0,0,0,0,2,0,1,0,1,0,0,2,1,1,0,1,0,0,0,0,0,1,1,0,1,0,0,0,1,0,0
"COG1902",74,58,27,49,73,63,36,55,75,69,98,58,74,104,55,58,106,107,73,56,102,57,54,55,87,33,99,77,53,19,83,54,58,117,84,72,52,81,33,87,48,35,65,84,36,37,53,10,28,42,49,21,44,90,73,82,60,63,44,67
"COG1903",21,17,24,21,44,41,14,28,40,18,16,20,38,32,56,37,49,25,24,45,14,37,32,23,51,9,22,21,25,10,24,42,59,25,36,34,21,18,41,37,27,11,59,28,42,31,19,2,8,18,50,9,28,45,14,14,47,45,33,33
"COG1904",35,30,33,46,67,54,45,48,52,54,12,25,41,47,44,9,87,47,52,59,24,40,49,49,54,33,24,44,52,70,31,48,57,19,36,39,48,38,54,50,59,48,57,50,46,41,35,57,57,21,70,53,47,48,44,16,55,44,47,31
"COG1905",11,22,5,13,8,5,8,16,17,3,14,15,10,13,11,19,13,31,10,10,17,36,14,11,9,4,20,2,5,6,5,7,6,29,15,15,1,17,18,14,17,2,11,10,4,11,14,6,2,3,7,3,22,11,5,9,15,13,11,18
"COG1906",1,0,2,1,8,2,0,4,6,2,0,2,3,0,0,7,3,2,4,1,0,14,1,6,2,1,2,0,1,3,1,3,7,1,8,2,3,0,4,5,4,2,3,2,5,1,2,3,0,3,1,1,5,2,0,0,9,1,6,0
"COG1908",3,1,1,2,2,1,0,5,0,2,4,1,2,1,4,0,1,0,6,2,3,5,1,5,5,0,2,2,1,2,2,0,0,5,1,1,0,9,2,6,1,0,0,2,1,1,1,1,0,1,1,1,1,2,1,1,1,4,0,3
"COG1910",7,1,1,16,4,2,2,2,4,1,13,1,0,4,2,1,5,1,0,0,0,0,0,0,2,1,1,0,1,2,2,1,3,5,4,1,5,5,1,2,1,1,1,4,2,4,1,0,0,0,1,0,1,2,0,3,2,0,0,1
"COG1912",1,0,2,1,1,0,0,1,0,0,2,1,1,1,0,0,0,0,0,5,1,1,0,0,0,0,0,0,0,0,1,2,0,2,1,0,1,7,0,0,1,0,0,0,0,0,0,0,0,0,2,1,0,0,0,6,1,0,0,0
"COG1913",0,1,11,0,0,0,16,0,0,0,0,0,0,0,0,0,0,0,1,2,0,0,6,0,0,0,0,2,0,0,0,0,0,0,0,0,1,0,1,0,1,0,0,0,0,0,5,2,34,0,0,19,0,0,13,0,0,0,6,0
"COG1914",30,21,13,16,28,33,16,26,38,20,54,31,35,24,28,60,23,30,33,35,34,32,30,17,27,5,20,23,22,13,36,32,28,14,20,28,39,16,27,36,10,26,34,21,24,40,27,7,2,8,19,16,38,29,23,78,33,22,21,27
"COG1915",1,2,1,2,1,0,0,0,2,0,0,2,1,1,0,0,1,5,3,1,5,4,0,0,3,0,0,1,0,0,1,2,1,5,0,2,0,10,0,4,6,0,2,2,1,1,2,0,0,1,1,0,0,1,0,0,0,0,1,0
"COG1917",26,22,23,38,48,60,21,42,42,44,21,47,44,22,47,27,39,48,52,41,33,46,48,48,56,29,49,39,42,35,40,56,61,25,45,36,52,41,38,37,51,25,65,46,46,56,52,12,41,38,48,32,40,49,27,11,49,45,55,56
"COG1918",52,72,61,77,73,92,69,42,73,75,46,75,56,60,30,43,60,67,75,38,41,15,48,65,51,89,53,84,72,79,70,42,55,46,68,57,58,48,28,60,64,73,67,52,47,48,38,78,71,61,39,68,58,81,51,25,79,45,74,39
"COG1921",23,7,5,3,2,2,3,7,3,3,10,4,5,16,3,2,4,6,4,1,15,23,1,3,3,4,3,6,5,5,5,10,4,10,1,2,1,10,1,4,8,1,2,5,4,4,7,2,1,1,1,6,0,3,11,8,1,2,6,2
"COG1922",22,32,40,11,22,16,23,32,15,11,16,30,18,14,43,26,12,24,23,21,14,31,34,17,22,19,25,18,22,13,15,39,20,7,23,16,29,12,43,10,26,19,27,20,21,18,40,23,4,33,12,87,47,16,34,13,43,24,27,27
"COG1923",5,3,3,6,0,0,6,1,1,2,1,5,1,0,4,1,3,2,3,0,7,3,0,4,1,12,0,2,1,3,2,1,0,5,1,1,3,8,1,2,3,1,1,0,0,1,3,3,1,1,0,4,1,2,5,1,1,1,1,1
"COG1924",80,106,101,90,89,73,70,74,69,136,73,27,83,116,43,172,85,101,61,17,49,58,88,76,65,71,95,108,78,88,131,27,50,108,145,93,50,97,53,83,109,56,47,74,89,76,105,37,89,81,52,122,30,87,120,90,56,89,37,82
"COG1925",63,34,25,27,19,29,28,18,19,38,32,10,19,40,15,23,30,18,21,12,59,22,22,37,14,19,14,13,13,20,32,20,15,41,43,18,28,20,13,17,18,9,17,25,26,23,19,7,7,24,29,13,7,19,69,27,18,30,16,33
"COG1928",4,13,2,7,1,2,8,1,3,8,3,0,1,0,0,0,8,5,5,0,0,0,9,8,0,1,19,6,10,0,1,0,7,15,0,2,7,21,1,1,2,0,1,1,4,4,5,0,1,6,9,1,0,7,0,0,1,9,1,1
"COG1929",36,33,19,28,23,23,32,34,31,28,51,35,29,32,18,67,14,26,23,39,37,21,28,26,30,24,29,21,23,22,26,31,34,12,31,24,29,25,17,36,22,17,33,25,26,30,18,37,26,29,49,31,34,31,48,58,36,40,33,34
"COG1930",0,0,0,0,1,0,0,0,1,0,1,0,0,0,1,0,0,1,0,0,0,0,0,0,1,0,0,0,1,0,1,0,0,2,0,0,1,0,0,0,0,0,0,0,0,0,0,0,0,0,0,0,0,0,0,0,0,0,0,0
"COG1932",40,49,37,53,48,58,46,47,50,51,44,38,37,39,39,60,46,50,47,32,32,26,40,55,46,54,50,45,48,29,49,25,28,42,40,44,41,55,61,43,51,42,61,51,53,33,47,36,56,49,31,49,39,57,42,53,49,39,41,49
"COG1934",8,3,0,1,2,1,1,1,1,5,2,0,0,0,0,0,1,1,1,1,8,1,0,1,1,12,0,0,0,4,0,0,2,1,0,1,1,0,0,0,0,2,3,0,1,0,0,0,0,0,1,2,2,0,1,0,2,0,1,0
"COG1937",15,24,13,24,7,17,13,7,4,10,15,7,6,26,2,22,10,23,6,5,18,8,12,11,11,4,8,14,4,7,16,7,8,18,22,14,8,15,9,11,17,3,10,15,7,10,13,4,8,14,5,3,3,8,18,18,9,20,5,12
"COG1939",12,25,15,10,14,7,10,3,15,12,19,5,8,26,5,13,14,8,9,5,3,7,13,24,10,3,12,10,8,3,22,3,16,20,21,10,6,21,7,16,16,7,9,15,8,13,17,2,7,21,15,6,2,12,12,10,6,11,2,16
"COG1940",141,133,186,136,121,156,163,134,151,140,188,183,116,228,137,214,142,123,162,148,216,187,104,138,143,129,120,144,116,117,142,134,134,121,147,98,151,127,105,151,102,94,112,158,126,151,103,159,68,106,156,189,144,130,187,397,133,113,129,123
"COG1941",0,2,0,0,0,0,0,0,0,0,0,0,0,0,0,0,0,0,0,0,0,0,0,0,0,0,0,0,0,0,0,0,0,2,0,0,0,0,0,0,0,0,0,0,0,0,0,0,0,0,0,0,0,0,0,0,0,0,0,0
"COG1942",0,0,1,1,0,1,0,1,1,2,4,0,0,1,1,0,1,0,0,0,0,0,0,2,0,0,0,0,1,1,0,0,0,0,0,0,3,0,0,0,0,0,0,0,0,1,0,1,0,0,0,0,0,0,2,0,0,0,1,0
"COG1943",35,28,25,36,16,17,24,28,19,23,101,33,9,43,31,278,33,95,16,21,60,27,30,46,31,19,24,34,14,22,77,10,24,54,51,23,21,28,53,56,24,16,15,38,25,37,32,5,12,28,24,18,16,35,42,45,32,48,11,27
"COG1944",9,4,1,0,0,0,2,5,7,1,2,16,1,2,0,0,0,2,0,3,15,0,0,1,0,5,0,0,1,2,3,4,1,4,0,0,2,2,3,0,0,0,0,0,4,5,0,0,1,0,0,4,38,0,4,1,1,0,0,0
"COG1945",0,0,1,0,0,1,0,0,0,0,0,0,0,0,0,1,0,0,0,0,1,0,0,1,0,0,0,0,0,0,0,0,1,2,0,2,0,0,0,0,2,0,0,0,1,1,1,0,0,0,1,0,1,0,0,0,0,0,1,0
"COG1946",4,2,0,0,1,0,1,2,5,3,2,0,0,5,0,4,0,1,0,0,8,1,0,0,0,0,0,2,1,0,1,2,0,4,0,1,2,1,0,0,1,0,0,1,0,0,0,1,0,1,1,0,0,0,13,11,0,0,0,0
"COG1947",40,39,49,47,28,28,41,33,47,45,32,31,27,34,24,60,37,27,34,24,31,21,42,44,22,55,38,41,31,31,37,20,31,29,34,34,36,45,29,42,59,47,32,44,34,30,54,33,46,38,23,31,25,42,36,37,26,38,26,29
"COG1949",2,1,0,0,1,3,1,0,0,3,2,0,1,6,0,7,0,1,0,2,7,0,0,0,0,2,1,2,1,1,1,2,0,1,2,0,0,1,0,0,1,1,1,4,1,0,0,1,0,1,0,0,2,0,13,18,3,0,1,0
"COG1950",0,0,0,1,0,0,0,0,0,0,3,0,0,0,0,0,0,5,0,0,1,0,0,0,0,1,0,0,0,0,0,0,0,1,0,0,0,1,0,0,0,0,0,1,0,0,0,0,0,2,0,0,0,0,1,2,0,0,0,0
"COG1951",53,38,64,58,48,41,68,73,47,60,34,63,71,47,37,44,41,44,62,44,44,39,57,43,52,57,56,46,69,117,40,54,44,53,59,46,56,29,56,41,50,72,54,43,61,38,62,51,66,58,53,81,47,55,69,26,40,64,48,49
"COG1952",9,0,2,1,1,1,5,2,3,4,2,1,0,0,0,0,0,2,0,3,7,3,1,0,1,17,1,0,0,1,0,1,1,1,0,0,1,1,3,0,0,0,0,0,1,2,0,0,1,4,0,3,3,0,1,1,2,2,1,2
"COG1953",13,4,0,0,0,1,0,0,0,1,1,7,2,0,2,0,1,5,1,0,14,9,0,3,1,0,0,2,3,2,1,8,1,2,0,1,6,0,1,1,2,1,4,0,2,4,0,0,0,3,2,4,1,0,8,3,0,1,2,3
"COG1954",17,4,4,4,3,4,2,7,3,8,9,6,2,11,2,6,2,4,4,1,8,4,2,3,5,2,2,3,5,1,7,1,1,7,7,4,7,3,3,4,7,0,5,7,3,2,7,2,1,6,2,0,1,9,6,5,3,6,7,2
"COG1956",14,3,6,8,7,8,10,9,9,7,18,9,14,7,9,0,4,9,8,4,6,9,10,8,12,7,7,10,10,4,8,13,17,10,0,4,16,2,8,7,4,12,21,8,4,6,6,13,17,13,5,1,9,17,8,3,17,5,10,2
"COG1957",36,31,8,5,7,5,7,6,15,11,47,7,7,59,3,42,13,23,17,5,40,23,5,20,7,2,11,13,5,5,19,15,5,18,12,8,14,39,2,8,9,1,8,24,9,9,3,2,2,6,7,8,8,5,25,128,13,8,16,15
"COG1959",47,43,30,26,37,45,27,21,25,41,65,18,26,58,17,50,49,45,24,10,39,19,20,46,31,30,28,47,12,11,33,9,12,14,33,19,13,26,5,11,19,3,11,17,15,17,20,7,11,15,20,8,8,17,7,11,5,10,14,24
"COG1960",102,51,54,66,68,66,85,62,47,79,38,67,71,52,68,37,81,73,80,68,100,51,62,49,86,39,66,73,68,86,36,60,61,60,57,72,66,32,55,80,63,82,82,68,67,64,49,49,60,49,63,67,68,69,87,11,60,50,66,33
"COG1961",426,841,337,602,518,483,296,213,347,436,281,243,345,435,234,259,706,376,284,192,206,158,399,692,451,294,403,305,335,67,604,156,197,783,398,485,246,1072,216,311,581,174,342,594,490,359,614,220,192,543,283,145,170,525,129,164,195,369,385,384
"COG1963",4,12,3,8,4,1,8,1,1,4,0,2,2,6,1,3,14,4,3,1,1,7,5,11,0,1,4,2,4,1,5,4,2,9,3,6,3,9,1,7,5,2,1,4,1,8,8,0,1,2,11,0,2,3,4,0,4,3,5,1
"COG1964",7,2,1,0,0,4,0,4,2,1,6,0,0,7,1,1,4,1,0,1,0,0,0,1,1,0,0,0,1,0,5,0,1,10,5,1,2,4,1,1,0,0,0,1,1,1,2,0,0,0,0,1,0,2,0,4,0,0,0,3
"COG1965",4,1,0,0,0,0,1,1,1,2,1,0,0,1,0,0,0,1,2,0,4,0,0,1,0,1,0,0,1,1,1,0,0,1,0,0,0,0,0,0,1,1,2,0,1,0,1,0,0,0,0,0,1,0,2,0,0,0,0,0
"COG1966",80,76,58,75,76,95,68,75,91,101,18,43,67,84,47,129,130,70,76,55,87,52,63,65,62,90,84,90,74,76,85,45,49,60,117,66,55,58,54,58,91,80,72,66,73,77,81,65,68,78,46,84,52,68,73,91,45,58,67,53
"COG1968",44,50,43,43,39,37,42,30,32,55,49,32,48,54,29,44,37,44,44,32,37,21,38,42,48,58,38,44,40,46,51,31,29,60,43,37,47,52,24,46,49,53,38,54,26,45,58,53,58,59,43,40,28,71,56,37,42,38,41,48
"COG1969",10,0,0,0,1,2,1,8,2,3,5,1,2,1,0,29,0,1,2,6,10,2,1,1,5,0,4,2,2,3,3,2,3,3,11,0,2,2,7,2,4,1,1,2,2,0,2,0,0,0,2,1,0,0,13,1,2,8,2,0
"COG1970",16,17,9,18,16,14,15,19,26,5,13,25,15,21,13,25,13,26,21,18,19,15,17,13,14,23,13,7,16,10,12,18,13,23,3,17,6,32,21,9,22,9,20,13,15,16,13,8,15,41,10,14,22,14,10,41,18,17,18,13
"COG1971",18,40,25,25,24,23,27,25,17,28,19,22,33,28,20,15,36,27,25,18,17,23,38,34,20,5,26,22,19,9,29,19,22,26,44,34,35,39,23,20,25,22,23,22,16,34,28,5,15,23,26,19,20,24,5,18,25,22,27,51
"COG1972",24,12,0,1,8,2,4,13,7,6,21,12,3,6,5,40,1,6,5,12,53,9,3,3,2,2,1,2,2,2,1,8,4,9,6,3,6,2,5,7,3,4,1,1,2,6,4,7,1,0,3,6,1,1,20,9,1,5,5,0
"COG1974",60,41,24,32,28,20,35,12,30,41,29,18,30,43,15,43,37,24,17,14,72,4,23,39,35,41,21,42,21,11,48,14,9,44,30,29,33,50,8,31,29,12,15,35,30,30,36,19,14,35,21,20,7,25,40,55,10,23,25,33
"COG1975",42,17,21,7,24,32,12,21,16,30,22,13,14,43,10,76,35,24,13,9,33,25,13,7,13,8,26,19,9,12,40,9,14,21,55,19,18,35,7,16,28,13,18,19,20,14,16,3,11,14,7,13,9,18,45,29,25,21,11,21
"COG1977",3,0,0,0,1,0,0,1,1,0,1,0,1,1,0,0,1,0,1,0,3,0,0,0,1,1,0,0,1,1,0,2,0,0,0,0,0,1,0,1,1,2,0,0,0,0,0,0,0,0,0,0,1,0,1,0,0,1,0,0
"COG1979",32,18,18,16,83,41,27,67,51,56,31,44,60,34,61,51,57,55,47,60,37,73,51,21,64,42,56,39,43,38,45,64,52,34,34,49,32,63,69,63,34,25,44,51,42,40,35,7,12,22,53,43,60,31,35,57,79,55,55,42
"COG1982",129,59,33,48,76,55,51,46,49,91,97,15,40,115,31,107,82,65,39,25,98,65,32,50,33,38,35,47,38,15,34,13,19,25,44,28,23,34,10,17,43,6,19,26,30,24,25,9,15,24,19,17,14,23,44,28,22,26,17,23
"COG1983",1,6,2,7,18,9,2,5,13,6,6,11,11,9,8,1,8,9,10,8,5,6,5,10,14,3,14,6,9,8,4,16,11,11,5,10,4,4,9,5,9,6,12,4,5,2,11,2,0,2,11,6,19,9,1,5,9,6,14,7
"COG1984",14,7,2,5,1,6,1,3,5,7,7,0,4,3,2,6,2,20,2,0,18,2,3,2,7,1,8,5,0,0,5,2,1,6,1,8,7,13,1,1,3,0,2,6,5,4,3,0,5,3,1,0,0,3,8,20,3,2,1,3
"COG1985",44,34,51,43,40,44,51,35,41,47,19,45,47,19,61,45,33,32,44,47,24,39,30,19,39,66,42,54,58,56,33,37,41,18,48,36,37,13,45,46,51,58,56,34,31,45,44,45,47,27,26,55,33,47,30,13,37,44,47,18
"COG1986",5,4,0,0,0,0,2,1,0,2,0,0,0,0,0,0,1,1,0,1,7,0,0,0,2,1,0,1,0,0,1,1,0,3,0,0,1,0,0,0,1,0,0,0,0,2,6,0,0,6,0,1,0,0,6,2,0,0,1,0
"COG1987",9,2,4,4,1,0,2,1,5,9,1,0,0,1,1,1,2,1,1,1,5,2,0,4,1,5,3,2,2,1,4,0,11,2,6,2,4,0,0,2,1,1,0,2,3,3,2,0,0,3,7,3,1,6,1,0,1,5,0,3
"COG1988",17,4,2,1,0,1,2,4,2,5,3,0,0,9,1,1,0,1,0,0,23,7,2,2,4,1,2,2,2,3,4,1,0,8,2,2,4,2,1,1,2,0,1,2,3,3,0,1,0,1,0,1,1,0,10,7,4,1,1,1
"COG1989",20,14,8,17,4,4,9,5,14,14,17,4,1,13,2,15,6,9,7,4,36,5,7,15,2,8,10,4,2,6,9,4,4,17,12,8,11,8,4,0,10,3,2,4,21,8,11,2,2,20,8,2,5,8,24,6,3,13,3,6
"COG1990",1,2,0,2,3,0,0,0,2,1,0,0,1,1,2,1,3,2,0,1,0,0,4,0,1,1,2,1,3,0,4,0,0,3,0,3,1,0,1,0,1,0,3,1,2,0,1,1,1,1,0,1,0,3,0,0,0,0,2,3
"COG1992",1,1,0,0,0,0,0,0,0,0,2,1,0,0,0,0,0,0,0,0,0,0,1,0,0,1,2,1,0,1,0,0,0,0,0,0,0,0,0,0,2,0,0,1,0,0,1,1,0,0,0,0,0,0,0,0,1,1,0,1
"COG1993",0,0,0,0,0,0,1,0,1,0,0,1,0,0,1,0,1,2,1,0,0,0,1,2,1,0,0,0,0,1,0,1,0,0,0,0,0,0,1,3,1,0,1,0,0,0,3,0,0,0,0,0,0,0,0,0,0,0,1,0
"COG1994",2,26,8,7,8,8,7,1,9,6,3,6,8,8,2,11,15,22,8,3,9,4,2,12,5,2,6,10,2,1,14,2,4,44,11,14,3,24,0,6,11,5,5,14,2,7,13,2,9,11,2,2,3,11,3,3,7,3,3,14
"COG1995",22,15,26,32,37,40,24,33,28,21,4,37,25,10,16,33,25,18,34,34,28,23,15,12,27,29,22,35,36,49,21,31,22,12,12,31,22,16,30,22,34,40,37,29,26,22,19,34,41,40,14,47,25,22,28,9,40,25,31,17
"COG2000",2,10,2,8,6,1,4,3,2,2,17,9,5,2,1,2,7,14,3,1,2,3,2,8,1,4,7,1,2,3,4,6,1,26,11,7,1,24,5,6,8,0,0,1,2,1,2,0,0,0,1,1,2,4,0,6,1,1,1,3
"COG2001",20,38,9,20,19,28,16,28,25,19,16,21,20,19,20,11,14,24,21,14,21,16,14,26,25,16,31,29,8,5,11,18,21,33,20,8,21,24,30,13,26,13,30,25,15,30,22,13,6,17,11,15,13,24,8,30,27,27,15,15
"COG2002",27,39,12,30,16,25,19,7,13,28,15,8,9,20,2,7,41,34,9,6,19,3,8,28,16,10,14,11,9,3,24,4,17,39,16,23,10,20,7,11,28,2,3,14,18,15,17,1,8,21,16,4,5,14,1,4,8,15,13,14
"COG2003",57,51,57,42,48,41,40,45,52,60,32,57,32,35,36,40,30,27,37,40,41,36,39,38,23,69,42,28,56,50,56,23,58,58,43,49,49,33,40,40,57,64,34,40,38,45,62,112,81,49,43,63,31,38,60,15,46,51,20,48
"COG2005",6,3,1,3,5,2,0,3,3,1,3,2,2,0,4,2,4,1,5,4,11,1,0,4,2,0,2,0,3,1,3,5,0,10,7,0,4,5,1,2,3,0,4,2,5,3,1,0,1,1,0,3,2,3,8,9,3,5,1,0
"COG2006",6,16,2,11,11,2,3,14,10,3,13,8,7,9,11,53,10,12,13,4,8,16,9,9,8,0,6,4,10,7,9,8,8,6,18,9,6,15,11,3,10,6,3,15,15,20,11,2,2,1,10,4,17,4,8,6,3,16,11,10
"COG2008",40,27,38,30,47,37,21,46,37,39,21,34,31,31,42,56,49,31,28,36,24,46,44,30,33,22,37,25,50,64,30,41,48,20,31,38,28,21,36,36,44,48,51,36,42,30,39,23,58,24,32,25,46,28,22,38,47,36,44,44
"COG2009",4,4,1,1,0,3,1,2,1,3,3,0,0,2,3,19,0,0,1,0,6,2,0,0,3,1,0,1,1,1,0,2,1,0,0,0,0,0,1,0,0,0,0,0,0,1,1,0,0,0,0,1,1,0,4,0,1,4,2,0
"COG2010",0,1,0,0,0,0,0,0,0,0,1,0,0,1,0,0,0,1,0,0,9,0,0,1,0,0,0,0,0,0,0,0,0,0,0,0,0,2,0,0,3,1,0,0,0,0,0,0,0,0,0,1,1,0,0,0,0,0,0,0
"COG2011",19,34,14,14,14,17,10,11,14,13,49,11,15,34,8,45,22,23,10,7,24,16,18,9,7,25,12,20,5,4,20,4,11,17,21,5,8,19,9,12,21,4,9,14,12,7,15,3,3,16,18,18,3,16,18,54,8,16,14,9
"COG2013",7,11,16,5,5,8,13,9,8,13,35,4,4,25,2,19,6,7,7,2,4,7,13,13,7,6,3,4,6,0,9,6,3,9,25,7,10,7,5,6,19,2,3,12,9,10,19,7,10,22,2,2,2,8,18,36,2,10,1,11
"COG2014",0,0,0,0,0,0,0,0,0,0,0,0,0,0,0,0,0,0,0,0,0,0,0,0,0,0,1,0,0,0,0,0,0,3,0,0,0,1,0,0,0,0,0,0,0,0,0,0,0,0,0,0,0,0,0,0,0,0,0,0
"COG2015",21,10,6,10,25,3,7,4,6,16,19,3,9,13,5,4,26,10,4,6,25,14,10,12,4,2,6,9,44,3,14,12,12,14,2,4,17,10,2,4,8,3,17,14,1,7,4,0,4,7,2,6,8,5,7,12,4,3,11,20
"COG2017",92,101,137,103,119,128,115,121,126,102,105,113,133,107,153,123,121,118,141,152,94,135,151,130,142,101,118,125,131,146,111,142,147,74,124,116,109,81,134,108,100,164,124,105,139,128,105,166,161,105,150,122,121,143,141,79,128,145,150,125
"COG2020",3,2,1,0,0,0,0,0,1,0,0,1,1,2,0,1,3,3,1,0,0,0,2,0,1,0,0,3,1,0,1,0,0,1,0,0,1,2,1,0,0,0,0,1,3,0,0,0,2,0,0,0,0,2,0,0,0,0,0,0
"COG2021",0,3,2,0,0,1,0,0,0,1,0,3,1,1,0,0,1,0,5,0,13,0,0,1,1,2,5,2,2,1,2,0,0,5,0,0,0,3,1,1,5,2,1,1,0,0,0,0,1,1,0,0,1,0,0,0,0,1,0,0
"COG2022",21,6,29,15,19,16,17,29,28,24,15,12,35,20,38,41,21,12,25,21,25,16,20,18,17,22,19,26,27,21,9,33,25,10,25,20,20,11,28,34,9,24,18,16,14,18,14,13,12,6,25,25,17,17,23,43,29,21,33,24
"COG2025",28,50,37,58,48,43,35,60,44,46,16,59,56,32,44,60,45,46,71,31,35,31,38,38,56,34,61,53,59,70,42,43,26,46,41,40,61,44,31,62,54,33,57,58,32,41,47,48,38,48,33,50,31,52,38,17,36,39,50,28
"COG2026",8,7,0,1,1,1,1,1,0,3,2,2,0,9,3,3,9,3,1,1,26,2,0,1,2,1,0,0,1,0,5,0,1,1,0,1,1,0,0,0,0,0,0,0,2,2,1,1,1,1,2,0,1,0,3,6,0,1,0,9
"COG2027",31,7,1,9,31,15,12,34,26,22,13,26,33,20,42,28,12,14,23,34,33,29,28,7,21,16,30,31,13,14,6,10,11,9,7,15,14,1,21,20,8,14,12,11,13,18,7,1,7,5,14,8,14,6,3,29,14,19,7,13
"COG2030",3,7,15,9,16,20,18,15,19,12,16,19,16,64,15,108,9,19,26,31,36,21,14,12,13,30,11,33,26,26,9,28,17,5,13,15,19,10,28,22,15,30,22,26,15,20,14,21,23,17,11,20,38,18,48,186,21,22,26,30
"COG2031",3,2,0,2,1,1,5,12,5,2,2,3,0,1,4,1,4,2,2,3,9,7,0,2,2,1,0,3,3,2,0,1,7,16,2,0,5,0,2,9,7,1,2,1,1,5,4,0,0,0,3,1,1,0,15,5,3,1,1,1
"COG2032",10,0,0,0,1,0,0,1,1,1,3,0,0,2,2,0,1,0,0,3,4,5,0,1,0,0,0,0,2,2,0,4,0,1,3,1,0,5,0,1,2,0,0,1,0,0,1,1,0,0,3,0,1,0,6,3,1,1,1,1
"COG2033",1,5,8,2,4,3,1,3,2,0,4,1,4,0,4,9,2,5,1,1,0,0,1,1,2,8,0,2,5,7,13,3,4,13,3,5,4,3,6,6,9,6,2,4,2,3,9,20,21,8,3,12,0,4,21,1,2,5,2,3
"COG2035",3,24,8,14,8,6,6,10,9,13,13,24,5,2,5,25,14,14,9,6,12,9,22,29,11,6,13,14,8,8,11,11,6,29,25,6,15,19,4,19,15,19,5,20,7,6,17,0,2,17,9,9,7,14,2,12,9,5,5,5
"COG2038",45,33,21,16,51,36,21,40,36,26,33,30,37,28,37,79,47,27,29,26,24,24,32,29,36,13,39,35,31,20,37,33,44,29,36,47,28,52,56,34,28,28,31,29,40,32,31,2,12,19,30,11,44,40,35,12,31,48,38,34
"COG2039",1,5,4,3,1,2,5,5,2,2,5,1,1,18,2,21,2,4,3,0,6,3,1,1,3,0,1,5,1,0,3,1,2,2,14,1,3,9,0,2,4,2,4,6,1,0,5,2,1,5,0,1,3,4,4,29,4,4,0,2
"COG2040",2,1,6,1,4,1,2,3,1,1,24,1,3,1,0,3,4,1,4,4,7,1,4,1,1,1,3,6,0,2,7,8,1,3,1,2,10,6,2,4,6,1,1,2,1,18,1,0,2,2,7,4,2,0,6,7,6,3,3,1
"COG2041",8,3,0,0,0,0,0,0,0,2,1,0,0,2,0,0,0,1,0,2,16,1,0,0,0,0,1,0,0,0,1,2,2,1,0,0,1,0,0,0,1,0,0,0,1,2,2,2,0,0,0,0,2,0,7,2,1,0,0,1
"COG2043",0,4,0,1,0,0,0,1,0,0,0,1,0,1,0,0,1,2,0,0,0,0,0,0,5,0,1,0,0,0,0,0,2,3,0,0,0,0,0,0,1,0,1,0,1,1,1,0,0,1,0,1,0,0,0,0,1,1,1,0
"COG2045",1,1,0,1,2,0,0,1,1,0,1,0,0,0,1,1,2,1,1,1,0,5,0,2,0,1,1,1,2,0,0,0,1,4,0,1,0,4,1,1,1,0,0,1,0,2,0,0,0,0,1,0,0,1,0,0,0,0,0,0
"COG2046",0,0,0,0,0,0,0,0,0,0,0,0,0,0,0,0,0,1,0,0,0,0,0,0,0,0,0,0,0,0,0,0,0,0,0,0,0,0,0,0,0,0,0,0,0,0,0,0,0,0,0,0,0,0,0,0,0,1,0,0
"COG2048",3,5,0,3,3,4,2,2,1,1,9,7,0,3,1,1,3,4,3,1,4,8,1,5,0,2,3,1,5,1,7,0,2,12,2,1,2,13,0,8,6,1,0,5,4,4,3,0,0,0,1,1,4,4,1,1,1,1,2,4
"COG2049",6,5,2,5,3,4,4,4,1,16,13,1,3,3,1,5,2,20,1,2,13,1,6,0,2,5,4,5,0,1,4,2,2,2,2,4,10,14,3,2,4,1,2,8,5,2,0,1,2,1,1,1,1,3,8,24,0,6,3,0
"COG2050",23,22,19,26,24,38,16,31,36,22,13,38,26,6,25,36,25,18,38,47,25,21,30,12,46,14,27,21,36,24,9,31,15,9,4,12,18,5,15,16,10,16,13,10,7,26,8,12,21,12,16,15,22,18,16,5,17,13,25,7
"COG2052",2,15,5,6,6,4,0,4,3,4,3,4,6,0,2,6,6,14,3,3,0,2,6,10,2,4,2,5,2,1,8,1,5,11,6,2,5,15,1,2,10,1,5,13,1,3,9,1,2,4,9,1,0,4,2,0,1,7,2,3
"COG2055",29,11,9,1,21,5,3,5,7,17,23,7,8,15,6,40,11,13,8,3,19,12,1,3,10,6,3,5,3,4,1,9,2,6,9,2,8,9,0,3,6,0,0,9,4,4,1,2,0,2,2,6,0,4,7,4,8,1,3,2
"COG2056",0,0,3,0,2,0,1,0,1,1,2,1,0,0,1,0,0,7,1,0,1,2,1,1,1,0,3,4,0,0,0,1,1,0,0,1,0,3,0,2,0,1,0,1,2,0,0,0,1,1,0,0,0,1,0,1,2,3,2,0
"COG2057",3,5,2,2,1,0,1,6,6,3,7,12,2,0,6,5,2,4,5,0,12,5,2,0,2,1,4,6,1,2,3,3,3,5,4,4,3,6,0,8,5,5,1,4,4,3,6,0,0,0,1,3,2,1,6,3,3,4,0,1
"COG2059",37,48,59,71,81,52,72,62,68,56,13,60,61,47,57,52,79,44,71,52,26,92,45,51,65,66,60,51,64,93,53,46,59,49,47,58,38,52,59,41,52,86,60,49,52,42,53,92,100,63,49,84,59,60,47,14,73,43,60,70
"COG2060",10,5,0,9,23,13,10,34,20,12,4,27,30,2,21,27,15,18,15,25,25,23,18,11,27,2,20,13,18,15,15,46,44,27,20,29,40,18,57,51,39,31,46,36,30,47,29,7,2,13,45,76,55,34,24,6,59,43,51,40
"COG2062",0,0,0,0,1,2,0,0,1,2,2,0,0,5,0,4,0,3,0,0,4,0,0,0,0,3,0,0,0,0,0,1,0,0,0,1,3,2,0,0,0,0,0,1,0,0,0,1,1,0,0,0,0,0,5,14,1,0,0,0
"COG2063",4,0,0,0,1,0,0,1,1,1,2,0,0,3,0,0,1,0,0,0,6,4,0,0,0,3,0,0,1,1,0,0,0,1,0,0,1,0,0,0,0,0,0,0,0,1,0,1,0,0,0,4,0,1,2,1,0,0,0,0
"COG2064",0,5,1,0,3,2,9,0,3,7,0,0,6,0,0,0,0,2,0,1,0,0,2,0,0,3,0,1,3,0,1,0,3,6,0,2,2,4,3,0,6,0,0,0,0,0,4,1,1,2,0,0,0,2,0,0,0,0,0,0
"COG2065",3,3,3,3,4,0,0,4,3,1,8,1,2,9,0,15,3,17,1,1,2,2,1,6,3,3,2,3,5,2,0,4,1,4,1,8,0,19,1,1,6,0,0,1,4,1,2,1,0,0,0,1,0,0,7,8,1,4,3,0
"COG2066",36,9,3,13,24,24,12,32,37,18,0,14,36,4,42,1,26,14,23,30,36,22,34,15,49,5,35,6,27,22,10,35,41,13,11,29,21,9,47,40,19,16,36,22,25,30,20,2,8,14,19,13,48,31,12,4,41,25,31,42
"COG2067",14,10,6,14,2,5,10,12,10,9,7,21,11,2,18,0,10,10,11,7,12,27,6,8,9,10,10,12,9,9,3,12,11,4,1,7,15,4,4,21,8,26,10,14,7,10,12,22,50,7,5,40,11,9,15,1,7,5,13,7
"COG2068",9,3,10,10,5,5,3,7,4,1,19,1,3,13,7,20,6,8,2,3,4,14,4,7,6,0,6,7,0,9,15,7,2,9,15,6,4,8,4,16,5,3,2,8,3,11,4,2,2,2,1,1,5,7,6,2,9,5,2,6
"COG2069",4,8,0,5,3,3,1,0,4,2,6,0,1,8,0,1,3,5,3,0,1,0,0,3,3,1,2,2,0,0,5,0,2,4,5,1,0,10,2,0,2,0,0,2,2,0,1,0,1,2,0,0,0,0,0,1,1,1,0,1
"COG2070",41,27,32,53,70,65,43,74,72,64,56,68,75,57,65,97,70,42,56,39,28,41,48,44,55,19,54,50,52,31,68,45,53,36,64,71,45,38,57,64,53,32,63,50,59,59,61,8,20,30,34,31,61,63,20,18,46,74,37,72
"COG2071",35,35,67,39,42,26,51,41,27,30,29,27,38,23,36,14,24,25,39,34,17,17,29,16,30,53,30,61,54,74,23,43,34,19,15,29,47,20,37,41,32,73,17,13,33,15,24,105,66,37,23,63,32,22,71,24,46,35,47,34
"COG2072",4,3,0,0,0,0,0,0,0,0,0,1,0,0,0,0,0,2,0,0,0,0,0,0,0,0,0,0,0,0,0,2,0,0,0,0,0,0,0,0,0,0,0,0,0,0,0,0,0,0,0,1,0,0,0,0,0,0,0,0
"COG2073",21,22,12,20,39,43,15,33,41,17,13,10,31,22,43,33,34,21,13,45,5,21,16,15,20,5,27,17,22,22,19,29,33,14,44,38,7,24,32,31,24,18,33,22,23,8,21,1,16,10,30,13,27,31,12,10,32,24,36,25
"COG2076",29,12,1,15,5,3,2,10,7,9,1,11,7,4,5,27,3,10,9,12,28,18,4,3,4,10,4,8,2,16,1,9,7,9,6,4,4,6,12,14,7,14,3,4,6,8,9,0,3,22,11,5,19,5,25,6,1,13,6,1
"COG2077",4,6,4,5,17,15,6,12,13,11,13,19,17,3,21,2,7,4,12,23,7,12,11,6,20,4,14,8,15,7,11,16,26,10,9,19,19,3,26,19,8,8,18,7,12,16,10,1,2,6,12,10,28,11,6,1,22,17,22,20
"COG2078",0,1,4,5,1,0,1,3,4,1,0,1,0,7,0,0,1,5,11,0,4,4,0,0,0,1,1,20,19,0,0,4,0,3,1,0,0,2,1,0,7,61,0,2,0,0,3,40,56,0,1,46,2,0,20,20,0,0,1,1
"COG2079",8,0,1,3,6,6,3,3,5,8,1,4,6,0,1,8,8,3,6,1,13,4,2,5,11,2,3,2,5,3,0,1,0,8,3,5,5,5,3,4,12,3,1,4,1,2,5,1,4,0,2,3,2,3,6,2,8,2,4,0
"COG2080",49,27,32,9,31,26,15,35,28,31,54,16,13,49,19,35,26,26,17,11,39,45,9,16,13,7,10,17,11,12,31,24,13,35,39,12,15,30,5,28,19,10,14,25,16,23,21,7,5,11,8,4,5,19,39,36,25,16,19,14
"COG2081",60,72,63,59,51,52,46,30,44,72,42,17,42,66,23,58,59,57,39,13,35,13,44,53,35,33,46,71,34,15,81,12,27,65,77,35,32,76,18,28,62,21,30,39,31,33,51,32,56,55,23,26,9,61,35,31,25,39,17,57
"COG2082",12,14,9,13,24,19,10,24,19,12,17,13,16,21,25,28,23,16,10,15,8,19,24,14,22,3,11,5,7,5,15,10,20,15,11,16,14,10,13,4,13,15,20,15,16,18,17,1,6,8,21,5,5,16,2,6,10,21,12,14
"COG2084",40,14,10,15,7,6,10,18,13,14,20,2,20,14,7,78,31,14,11,5,40,17,6,12,6,1,7,11,8,9,13,29,10,14,14,15,11,8,17,11,13,2,6,9,6,16,13,0,1,7,2,7,9,10,39,14,9,14,10,10
"COG2085",3,1,0,0,4,0,0,1,0,0,0,0,0,0,1,0,0,0,0,0,0,3,0,0,0,5,3,1,0,0,0,0,1,3,0,0,0,4,0,0,6,2,0,0,0,0,3,1,5,0,0,0,0,0,0,1,0,0,0,0
"COG2086",30,41,44,30,54,44,21,35,42,19,16,47,48,17,42,52,54,27,41,30,21,31,37,21,43,25,55,40,55,57,35,30,28,33,36,46,48,35,32,48,37,34,52,35,25,41,43,31,43,35,45,41,31,36,40,8,40,51,50,29
"COG2087",28,15,4,12,17,14,17,20,17,6,10,13,15,7,15,10,22,22,14,17,8,13,19,10,19,3,14,21,13,10,18,23,24,13,23,15,9,21,26,17,17,13,11,11,13,23,12,3,7,12,8,8,17,23,13,8,26,17,17,17
"COG2088",14,24,11,15,19,22,10,12,14,32,7,7,15,16,1,12,12,17,9,6,7,12,9,33,15,5,19,9,14,3,19,2,11,21,41,24,14,12,6,9,13,3,5,14,13,30,16,4,9,27,9,2,4,5,6,2,5,15,9,23
"COG2089",8,13,10,12,27,40,16,28,14,14,1,23,36,4,30,4,8,16,20,37,16,27,30,41,16,19,25,5,21,1,16,29,24,21,21,31,11,4,18,35,14,1,19,15,20,23,21,13,124,15,39,9,24,25,1,6,16,22,41,15
"COG2091",31,10,13,4,1,4,10,4,9,18,16,3,3,10,3,1,3,3,1,7,16,9,3,15,5,4,5,5,6,4,18,4,3,14,20,9,12,16,8,6,9,1,4,6,14,8,9,2,4,11,5,5,2,8,17,8,4,4,4,15
"COG2094",0,2,0,0,0,2,0,0,1,0,3,1,1,7,2,1,1,1,2,0,0,4,0,2,2,0,0,2,0,0,0,0,0,3,0,2,0,7,0,0,4,0,0,0,0,0,1,0,1,0,0,0,0,0,0,6,2,0,1,0
"COG2095",38,10,0,18,27,29,17,30,50,30,17,54,26,5,33,2,19,14,21,55,43,33,28,18,33,5,25,17,32,25,25,47,28,8,4,29,51,9,64,33,9,33,29,24,25,17,19,8,11,17,42,14,76,31,13,10,66,28,38,29
"COG2096",10,10,5,7,37,21,9,27,16,11,13,30,27,2,38,14,21,14,16,21,7,33,25,13,25,5,20,18,12,22,16,36,32,13,13,31,25,5,29,32,23,22,30,23,16,23,20,4,17,18,30,14,19,15,5,11,32,26,23,28
"COG2099",28,21,12,13,42,43,12,31,33,27,20,21,36,21,53,41,33,38,15,46,4,29,29,24,39,8,25,12,29,16,30,37,49,12,54,36,30,20,46,42,34,9,39,25,38,29,21,7,18,19,38,15,17,33,6,8,44,43,32,26
"COG2102",0,3,0,3,0,0,0,0,1,4,0,5,1,2,0,0,0,3,3,0,5,0,2,5,2,0,1,2,3,0,3,0,0,2,0,1,0,1,3,5,5,2,12,4,0,0,8,0,1,1,0,0,0,0,0,0,0,2,1,0
"COG2103",13,7,16,23,14,23,12,16,20,10,4,13,22,4,17,20,9,13,24,17,15,18,15,15,15,11,16,3,18,15,10,16,29,6,3,14,3,17,22,12,14,18,15,14,22,14,16,14,15,11,6,17,18,19,22,8,27,22,21,15
"COG2104",3,0,0,0,0,0,1,1,1,1,1,0,0,0,0,1,0,1,0,1,2,1,1,1,1,1,0,0,1,0,0,0,0,0,1,0,2,0,0,0,0,0,0,1,0,0,0,0,0,0,0,1,0,0,2,2,0,0,0,0
"COG2105",6,3,1,0,1,1,0,0,0,1,1,0,0,1,0,0,0,1,0,1,8,1,0,0,0,1,0,0,0,1,0,0,0,0,0,0,1,0,0,0,0,0,0,0,0,0,2,0,1,0,1,0,1,1,4,0,0,0,2,0
"COG2107",0,1,0,0,0,0,0,0,2,1,0,1,1,0,0,0,0,0,3,0,1,0,0,3,1,0,2,1,4,0,2,1,0,0,0,0,0,1,1,3,2,0,3,4,1,0,5,0,0,0,0,0,0,1,0,0,0,0,0,0
"COG2108",0,1,1,4,0,1,2,0,0,1,0,0,1,0,1,0,2,0,0,2,0,2,2,2,1,0,1,1,0,1,0,0,1,3,0,3,0,1,1,2,0,1,0,2,0,0,0,0,0,2,0,1,0,0,0,0,1,0,2,0
"COG2109",21,9,9,14,10,8,10,6,5,16,16,4,11,28,7,43,16,21,3,5,11,13,7,27,7,8,12,8,12,3,18,4,9,7,25,12,4,12,9,18,19,2,7,18,10,7,18,1,11,16,14,4,1,6,10,9,11,13,10,15
"COG2110",32,32,27,39,23,26,25,16,13,24,37,21,22,37,12,19,34,22,32,9,13,13,19,18,13,98,11,24,21,11,31,17,25,23,34,23,6,38,28,11,31,38,14,40,25,29,21,32,14,16,14,17,18,24,14,16,10,21,20,34
"COG2111",1,3,0,3,0,2,0,1,6,1,0,5,0,1,3,2,1,1,5,1,3,6,2,5,5,0,1,1,2,0,0,0,0,5,0,2,0,7,1,5,1,1,2,0,1,0,2,2,0,0,0,1,0,1,0,0,4,1,3,1
"COG2113",10,3,0,6,22,10,2,21,20,5,2,14,5,0,11,0,14,7,1,34,10,4,9,6,8,0,7,1,6,7,5,23,17,9,1,10,15,2,13,7,3,2,15,6,10,32,12,0,0,2,6,5,20,3,11,5,30,14,10,8
"COG2114",1,0,0,0,0,0,0,2,1,1,1,2,0,0,0,0,0,0,0,0,0,2,6,12,4,0,8,0,0,0,0,3,0,0,0,0,0,11,0,0,1,0,0,0,0,0,0,0,0,0,0,0,0,0,0,0,0,0,0,0
"COG2115",16,20,1,9,35,33,15,27,19,14,6,22,22,14,43,21,16,49,32,23,18,6,20,19,20,5,21,34,13,16,9,20,31,10,5,16,37,21,34,19,11,18,35,22,13,15,11,4,1,7,16,13,39,16,21,39,38,20,34,12
"COG2116",51,15,11,19,5,11,18,6,13,21,24,1,11,23,1,4,6,12,9,13,48,10,10,26,8,15,5,18,12,7,16,11,6,13,13,17,17,21,6,9,12,3,7,12,14,14,14,4,3,16,27,10,3,7,25,7,9,6,2,13
"COG2119",1,7,2,3,0,3,2,4,3,4,0,0,2,9,2,17,3,1,0,1,2,0,2,5,0,0,2,6,2,1,5,0,1,2,2,0,0,1,1,0,2,3,2,1,2,1,4,0,0,0,6,0,1,3,2,0,0,8,0,1
"COG2120",8,7,6,7,10,1,2,5,11,1,0,19,4,1,6,2,2,5,5,6,11,5,13,8,14,4,1,0,11,5,7,5,6,5,2,5,1,15,2,4,5,2,4,5,7,11,3,1,0,6,11,0,6,6,7,7,4,1,7,3
"COG2121",1,0,0,0,2,0,0,1,0,0,3,1,0,0,1,0,0,0,0,0,4,6,0,0,0,0,1,0,0,1,0,1,1,3,1,2,2,1,2,5,0,2,0,1,0,1,0,0,0,0,0,1,0,1,0,2,1,0,1,2
"COG2122",0,1,0,0,0,0,0,1,0,0,0,7,0,0,0,0,1,0,1,0,2,0,1,0,2,0,0,0,2,0,0,0,0,3,0,0,0,0,0,0,0,0,0,1,2,1,0,0,0,0,0,0,0,0,0,0,0,0,0,0
"COG2127",3,2,11,3,1,1,9,2,2,3,0,1,3,0,1,1,1,4,4,2,6,0,2,1,6,9,1,3,9,6,0,1,1,0,1,2,3,2,0,2,2,7,1,0,1,3,1,12,13,9,1,8,3,3,6,1,4,2,5,0
"COG2128",6,5,0,0,0,0,0,3,0,5,14,3,0,2,3,0,1,7,0,1,5,3,0,1,0,1,0,0,3,1,0,1,1,3,0,1,3,1,0,1,0,0,0,1,0,1,2,0,0,0,0,7,1,2,3,2,1,0,1,0
"COG2129",5,1,6,11,11,2,5,7,11,8,5,6,2,8,12,6,9,8,2,0,5,1,10,15,2,7,5,6,2,0,13,2,3,11,9,8,4,6,3,5,8,10,6,3,9,7,10,1,2,4,3,6,2,4,2,1,1,5,2,2
"COG2130",8,0,0,0,0,0,0,0,2,0,2,0,0,1,1,0,1,0,0,2,7,3,0,0,0,2,0,0,0,1,0,0,0,0,1,0,1,1,0,0,0,0,0,0,0,1,0,0,0,0,0,1,0,0,3,3,1,1,0,0
"COG2131",12,30,21,92,33,29,31,33,19,17,28,32,21,24,27,27,30,34,33,26,11,14,20,22,27,34,27,19,35,46,9,14,13,19,18,13,15,26,11,17,12,21,15,13,10,9,12,18,27,18,7,10,16,11,19,8,17,15,14,6
"COG2132",24,8,0,0,1,2,2,1,0,7,7,0,1,21,0,0,1,7,1,4,31,5,1,0,3,3,0,1,1,4,0,2,0,3,0,0,2,0,0,1,1,0,0,0,0,5,0,1,0,2,1,4,1,0,2,3,1,0,0,0
"COG2133",6,2,0,0,0,1,1,1,2,1,3,0,1,0,1,0,1,0,1,0,15,4,0,0,2,0,0,1,1,0,0,0,0,2,1,0,2,0,0,0,4,0,1,0,0,3,0,2,0,0,0,0,2,0,8,1,2,0,0,0
"COG2134",13,0,0,0,0,0,0,2,0,1,1,0,1,0,0,0,0,1,0,3,11,2,0,0,0,0,0,0,0,0,0,2,0,2,0,0,2,0,0,0,0,0,0,1,0,1,0,1,0,0,0,1,0,0,5,2,0,0,0,0
"COG2135",0,2,1,3,1,0,0,0,0,2,1,3,2,2,0,0,0,1,3,1,5,1,1,1,1,0,2,2,7,0,4,3,4,0,3,0,2,2,0,6,1,1,2,4,0,8,1,0,0,1,3,2,2,3,3,4,7,3,3,0
"COG2137",9,10,8,8,5,6,6,3,7,5,18,1,3,12,6,3,2,14,10,1,11,8,6,15,3,21,10,5,1,2,5,0,2,15,6,4,6,23,4,10,13,4,5,10,10,2,13,0,2,10,1,6,6,4,7,2,7,3,6,1
"COG2140",0,2,4,3,0,2,5,8,4,1,0,7,9,1,15,0,1,2,6,13,4,0,5,3,22,0,3,3,9,0,0,13,16,1,1,9,2,1,1,6,3,2,8,12,3,19,4,0,0,2,9,0,8,11,1,0,5,10,2,16
"COG2141",27,9,2,0,2,1,4,3,2,9,30,0,2,5,2,0,2,18,3,1,26,8,1,0,6,2,2,0,3,2,0,4,1,7,0,2,4,0,2,0,0,0,0,1,0,4,0,2,0,1,2,9,2,0,11,11,0,0,3,0
"COG2142",5,1,0,0,0,0,0,0,3,1,0,0,0,0,0,0,1,1,1,0,7,0,0,0,0,0,0,0,0,1,0,4,0,1,0,0,0,0,0,0,0,0,0,0,0,2,0,1,0,0,0,0,0,0,3,2,0,0,0,0
"COG2143",0,0,0,0,0,0,0,0,0,0,0,0,0,0,0,0,0,0,0,0,1,0,0,0,0,0,0,0,0,0,1,0,0,1,0,0,0,0,0,0,0,0,0,0,0,0,0,0,0,0,0,0,0,0,0,0,0,0,0,0
"COG2145",21,19,15,17,17,13,22,15,10,20,18,10,20,43,11,47,35,35,11,5,14,5,18,11,7,20,11,26,6,29,28,7,6,18,21,21,11,12,13,17,18,4,13,14,14,17,11,40,44,11,5,16,6,8,36,36,9,21,6,20
"COG2146",3,2,0,0,1,0,1,2,1,2,6,0,0,2,1,0,2,0,0,1,9,2,0,0,1,1,0,0,2,2,0,2,0,2,0,0,1,0,0,0,1,0,0,0,0,1,0,0,0,0,0,2,0,0,5,1,1,0,0,0
"COG2148",109,110,103,137,120,134,93,155,120,104,102,145,104,100,127,89,115,111,100,157,72,178,146,135,103,111,114,95,103,102,165,176,153,102,124,128,120,91,129,128,93,84,130,138,125,164,109,109,189,159,158,108,143,149,74,61,160,130,134,140
"COG2149",11,3,0,0,0,0,1,0,0,0,1,0,0,2,0,0,2,0,1,1,8,1,0,0,0,0,0,0,0,3,0,1,0,0,0,0,2,0,0,0,0,0,0,1,0,0,0,0,0,1,0,0,0,0,7,0,0,0,1,0
"COG2151",4,3,9,13,7,18,10,9,3,7,23,21,10,14,15,8,3,7,15,14,11,15,12,2,8,15,5,13,15,19,3,11,5,3,0,8,18,9,7,11,6,19,14,7,7,12,10,19,32,5,10,18,11,13,27,35,10,5,18,5
"COG2152",27,35,44,53,60,54,63,74,55,48,13,54,79,32,137,6,41,26,45,111,19,120,77,77,85,35,103,33,71,67,39,67,78,34,46,64,53,45,85,58,42,86,41,46,53,96,35,41,44,46,113,76,131,51,17,17,81,62,96,93
"COG2153",4,2,2,2,3,0,5,1,0,5,1,1,1,3,0,0,1,2,1,0,7,4,0,2,2,1,2,0,1,1,1,0,0,2,1,3,1,3,0,3,3,2,7,1,1,0,6,0,0,5,2,2,0,1,5,2,0,2,0,1
"COG2155",5,9,4,7,2,3,3,0,3,2,2,1,1,4,1,0,7,3,1,0,2,1,1,7,0,3,2,2,1,0,10,1,0,9,6,5,2,7,2,5,3,0,5,3,1,2,5,0,3,8,0,1,3,5,0,3,0,2,1,4
"COG2156",11,0,2,4,7,9,3,14,19,13,3,24,14,2,6,19,10,10,14,27,19,17,6,8,14,2,8,11,14,12,4,19,16,7,12,6,12,4,20,14,18,6,10,12,13,10,19,1,0,6,4,22,18,12,11,1,13,8,18,5
"COG2158",2,3,3,6,3,2,0,3,3,0,5,1,0,1,2,2,2,3,1,0,2,1,0,0,2,0,4,1,1,1,7,0,3,5,3,2,5,6,1,2,0,0,1,5,0,3,4,1,0,1,0,1,1,5,0,3,2,3,0,6
"COG2159",5,25,15,16,20,4,7,24,8,5,8,21,7,10,6,24,17,19,6,9,12,9,10,12,16,7,11,18,4,2,10,3,2,11,11,19,12,28,7,7,20,5,10,15,5,9,23,4,5,4,6,5,5,15,5,11,11,16,6,10
"COG2160",27,30,40,41,48,49,38,44,38,26,35,37,54,58,62,83,31,24,53,40,25,42,36,50,53,50,33,46,51,65,13,17,23,9,27,19,17,14,26,25,24,29,17,19,17,13,27,20,28,12,45,27,30,15,33,40,25,18,22,18
"COG2161",13,4,1,2,2,0,2,0,2,2,2,0,1,0,0,1,1,4,2,9,25,1,1,0,4,0,0,1,1,1,2,2,0,8,1,2,1,0,2,0,0,3,2,3,0,7,0,4,0,1,0,2,4,3,8,24,0,0,1,1
"COG2162",3,1,0,2,0,0,0,4,2,4,3,1,2,2,0,1,2,3,1,3,0,2,0,2,5,0,0,0,1,1,0,0,2,1,0,0,4,1,2,1,2,0,0,1,2,2,0,2,0,0,1,1,0,0,6,0,1,2,0,0
"COG2163",0,5,0,0,0,0,1,0,0,0,0,0,0,0,0,0,0,0,2,0,0,0,0,1,0,0,2,0,0,0,0,0,0,0,0,0,0,0,0,0,1,0,0,0,1,0,1,0,0,1,0,0,0,1,0,0,0,0,0,0
"COG2165",19,1,0,5,2,0,1,4,4,4,18,4,5,3,1,2,1,1,1,2,20,9,0,0,3,1,0,0,2,0,3,8,0,6,0,2,2,0,3,2,1,1,3,2,1,3,9,3,1,3,1,5,0,2,11,1,4,1,3,0
"COG2166",18,12,22,4,24,16,16,11,16,10,1,22,17,1,23,0,12,9,13,19,12,20,13,9,15,13,9,8,12,25,10,19,27,10,7,14,14,6,25,19,14,18,20,10,12,13,14,26,35,18,20,27,19,11,24,2,26,19,25,20
"COG2168",5,0,0,0,0,0,0,0,0,1,1,0,1,0,0,0,0,0,0,0,6,0,0,0,0,0,0,0,0,0,0,0,0,0,0,0,1,0,0,0,1,0,0,0,0,1,0,0,0,0,0,1,0,0,1,0,0,0,0,0
"COG2169",7,8,0,6,16,0,5,6,24,6,1,17,12,0,3,0,4,8,19,3,14,15,6,8,13,2,7,1,7,3,1,17,8,14,3,4,3,2,1,5,1,1,5,3,12,2,2,0,1,5,7,5,7,0,13,5,4,2,3,13
"COG2170",7,2,0,0,0,0,2,0,1,2,1,0,1,3,0,0,0,4,0,0,8,0,0,0,2,1,0,0,1,1,0,2,0,1,0,0,9,0,1,0,0,0,0,1,0,0,0,1,0,0,0,3,0,0,5,2,0,0,1,0
"COG2171",6,7,2,3,3,1,4,2,2,0,20,3,4,16,2,12,3,10,10,1,19,7,1,3,4,12,4,6,5,1,1,2,3,5,2,1,5,14,1,2,4,1,1,9,2,1,3,2,0,1,1,6,1,2,6,39,2,3,1,0
"COG2172",10,29,11,24,11,17,19,15,11,21,15,14,11,15,7,8,21,14,13,9,17,16,18,17,9,5,9,11,6,4,6,8,13,16,14,8,5,12,4,3,13,2,6,10,6,13,8,1,1,12,7,6,4,6,1,3,7,12,4,12
"COG2173",9,7,9,13,14,7,18,24,16,6,6,12,32,5,25,2,10,16,16,15,18,19,16,20,24,2,14,3,16,13,13,18,20,7,10,29,16,11,24,11,10,4,18,12,14,18,14,1,3,6,31,10,30,14,5,2,17,19,32,18
"COG2175",11,0,0,0,0,0,0,0,2,3,1,0,0,0,0,0,1,0,0,1,5,1,1,0,1,1,0,0,0,2,0,3,0,1,0,0,0,0,2,0,0,0,0,1,0,0,0,0,0,0,2,1,1,0,3,4,1,0,0,0
"COG2176",49,109,51,37,40,51,37,25,38,58,93,25,25,96,21,78,60,64,23,9,22,15,28,61,30,24,47,56,19,14,146,24,51,164,136,77,63,237,48,54,133,25,39,88,83,65,117,25,44,92,69,37,22,106,73,100,36,66,50,63
"COG2177",33,66,61,48,30,39,51,37,35,47,32,31,44,39,36,46,43,46,40,27,33,34,29,54,55,45,58,67,49,60,56,26,41,42,36,40,41,44,21,38,48,40,31,49,40,30,42,53,43,56,44,40,22,42,59,39,28,39,45,29
"COG2179",10,13,13,18,7,8,8,8,13,11,32,7,7,22,6,5,11,22,10,1,5,5,13,14,12,2,11,9,1,0,19,4,5,11,16,9,3,12,4,3,17,0,8,11,14,4,19,5,4,14,11,1,0,17,2,11,5,6,5,13
"COG2180",8,2,1,2,3,0,1,7,1,3,2,0,0,1,3,0,2,4,1,0,6,2,1,1,1,0,1,1,0,3,0,0,2,3,0,2,1,0,1,0,2,0,2,0,0,1,2,0,0,0,2,2,2,0,2,3,0,0,3,0
"COG2181",5,1,1,0,0,2,1,3,0,1,3,0,2,2,2,2,0,4,2,4,6,1,0,0,3,0,1,2,1,1,3,3,1,4,0,0,3,1,2,0,0,0,0,0,0,2,1,0,0,0,0,2,3,0,5,0,0,2,0,0
"COG2182",42,25,28,41,10,42,36,27,30,64,67,11,14,64,6,15,10,10,11,12,16,4,22,79,17,88,26,40,20,3,38,5,36,17,78,32,14,17,14,10,11,10,16,17,34,39,13,2,8,35,72,53,8,24,14,64,7,27,6,20
"COG2183",72,80,104,64,56,78,82,78,83,83,93,53,71,54,88,106,56,66,79,48,71,61,55,85,77,66,82,91,81,112,90,85,77,98,89,79,61,78,71,89,82,85,74,64,65,63,70,72,105,94,59,66,51,83,78,19,78,68,65,76
"COG2184",13,47,8,31,15,23,22,12,14,19,16,15,10,38,15,8,17,8,13,11,8,13,32,23,4,40,15,11,16,6,13,9,9,22,19,18,17,38,2,12,17,25,20,27,16,20,19,50,22,43,16,17,11,16,51,49,13,11,12,20
"COG2185",33,30,4,40,61,57,35,79,84,47,16,70,60,3,75,87,54,25,73,82,62,60,58,32,69,19,52,77,56,52,30,84,71,28,25,64,72,36,59,81,61,56,93,53,65,56,44,12,9,29,64,38,71,64,30,8,82,64,81,50
"COG2186",37,18,4,20,9,11,14,16,19,27,15,9,15,22,10,32,24,19,5,17,59,27,11,10,14,11,9,16,10,13,30,28,23,35,33,26,44,29,12,26,40,21,21,33,36,36,41,8,21,14,19,24,20,36,70,42,27,22,32,22
"COG2188",76,50,24,43,56,30,27,35,34,41,84,50,24,104,30,123,57,58,28,19,105,101,9,47,29,16,28,31,25,21,58,25,37,19,37,36,30,62,32,34,27,22,27,34,25,42,51,12,9,18,63,15,32,22,55,71,36,40,19,36
"COG2189",11,60,84,38,24,28,50,21,27,37,11,35,41,10,40,39,12,8,32,22,9,9,35,28,13,111,30,78,64,25,45,28,45,31,16,47,14,28,23,5,45,48,28,41,22,53,28,78,69,15,15,55,22,15,54,9,20,21,21,36
"COG2190",64,19,41,26,47,26,24,29,36,36,278,35,24,152,12,67,58,27,19,13,58,49,24,43,35,25,25,40,28,5,60,28,15,32,47,55,38,25,13,17,13,2,36,41,39,43,31,6,11,20,45,12,20,28,69,142,21,32,25,59
"COG2191",1,3,0,6,0,2,0,1,2,0,1,0,2,0,0,0,0,4,0,0,0,0,2,0,2,1,1,0,2,0,0,1,3,5,0,2,2,6,1,0,1,1,4,0,3,2,0,0,0,0,0,1,0,1,0,0,0,2,2,0
"COG2192",0,2,8,0,3,24,6,0,9,1,1,1,0,0,0,0,7,2,1,0,3,0,7,11,0,1,1,0,4,0,6,0,1,5,2,0,0,7,0,1,3,0,2,0,0,6,0,2,1,4,2,0,0,0,0,0,1,0,1,5
"COG2193",16,6,1,4,6,5,2,12,2,6,0,18,14,1,9,1,5,7,5,10,18,3,7,5,8,1,4,0,8,3,2,7,9,2,3,10,6,2,17,3,9,8,9,4,5,2,7,4,1,2,4,9,14,2,5,1,7,14,8,4
"COG2194",114,53,92,43,45,28,82,64,57,44,19,81,38,6,38,55,24,46,64,71,122,46,39,20,40,96,53,28,77,60,21,63,29,41,16,27,70,34,76,25,95,59,44,42,36,41,61,109,55,27,41,69,68,26,138,30,52,29,43,24
"COG2195",92,131,115,145,117,128,135,142,155,96,91,114,131,102,130,66,101,135,162,145,96,104,121,105,147,187,105,140,136,208,101,112,153,95,111,127,152,113,112,158,149,187,162,108,129,138,128,192,180,102,108,152,118,144,129,48,134,111,144,101
"COG2197",145,94,53,124,133,114,124,126,143,115,68,187,177,108,301,171,98,131,211,393,151,344,332,149,189,97,161,166,128,125,93,246,245,109,102,155,257,89,266,179,83,175,170,172,207,181,90,119,77,48,278,108,285,162,139,254,157,233,213,165
"COG2198",94,11,0,0,5,0,9,10,9,20,13,0,3,8,4,1,6,7,4,14,87,16,1,0,2,4,8,0,4,9,1,24,3,30,1,3,18,3,1,4,5,0,1,0,2,14,1,4,2,1,3,9,10,5,66,22,4,4,4,2
"COG2199",364,161,151,152,61,142,172,149,192,297,185,90,71,170,34,114,102,74,50,101,360,239,127,298,77,137,113,116,84,44,183,64,99,133,324,146,155,161,67,84,159,30,74,67,169,173,156,36,62,199,187,98,34,172,224,166,65,147,50,146
"COG2200",239,82,87,43,31,69,101,68,77,133,56,40,37,94,22,85,29,39,28,49,258,160,57,151,19,80,68,53,37,13,85,48,46,70,134,60,70,89,39,40,86,23,41,21,100,98,78,19,23,72,50,31,13,75,133,125,26,64,32,75
"COG2201",16,6,15,13,3,5,11,7,11,19,3,1,0,7,2,0,2,0,2,0,8,16,3,26,3,18,6,5,7,2,7,0,12,4,19,7,8,2,5,6,7,3,4,0,14,7,10,2,4,13,13,9,3,19,6,0,4,14,4,8
"COG2202",109,11,4,18,22,11,18,34,18,38,17,51,26,7,25,6,11,11,14,44,109,52,70,9,21,20,35,1,15,20,6,41,33,56,14,18,36,10,22,11,14,5,18,20,25,54,11,7,2,5,34,15,36,11,64,31,25,17,19,23
"COG2203",10,6,1,0,1,2,3,0,3,4,7,1,2,5,2,0,1,6,0,1,11,7,4,2,1,1,2,0,0,1,5,2,1,2,1,0,2,2,0,1,0,1,0,0,1,2,6,0,0,12,1,5,0,1,15,4,2,1,0,0
"COG2204",151,115,200,158,226,183,189,263,259,140,17,256,271,25,333,15,159,159,297,329,125,243,230,107,268,210,225,160,242,339,103,279,355,161,96,206,240,58,258,287,174,264,306,154,201,224,178,266,168,139,240,317,369,229,142,31,289,201,393,232
"COG2205",57,59,54,54,74,58,59,75,71,78,41,54,57,75,67,101,83,53,63,43,93,42,65,53,59,116,55,66,51,26,78,41,57,76,85,68,54,91,61,69,76,52,61,70,67,69,70,57,83,39,56,66,34,76,43,19,63,51,72,62
"COG2206",43,74,77,62,19,71,62,58,58,124,25,18,26,58,22,19,31,18,11,34,7,28,78,95,27,26,75,51,26,2,88,10,44,29,161,51,47,16,33,50,27,13,16,20,52,35,49,16,38,73,72,28,9,77,27,14,27,69,6,60
"COG2207",749,565,649,709,908,797,639,762,791,712,519,920,989,664,1257,397,808,718,856,1452,588,1401,1441,757,917,531,768,734,886,723,746,1330,1057,646,748,1007,996,516,1478,901,527,858,921,891,974,904,747,649,481,689,1137,777,1502,1041,469,421,888,1358,981,1168
"COG2208",29,58,29,23,13,33,18,28,17,28,41,56,17,51,14,30,22,58,18,11,31,28,40,44,17,27,30,27,23,5,73,14,24,64,59,38,37,57,10,30,43,13,17,38,21,37,16,9,16,35,11,11,20,30,10,19,28,29,15,56
"COG2209",7,8,10,14,11,13,12,11,12,11,1,24,14,14,8,1,28,11,22,11,7,6,23,4,14,27,13,10,25,35,8,12,13,5,3,9,12,8,9,12,11,28,12,11,9,12,6,27,29,23,6,31,5,9,14,0,7,7,17,7
"COG2210",20,5,1,7,43,23,19,43,44,27,0,44,52,2,54,2,32,18,31,47,4,36,30,17,28,10,39,42,45,22,15,52,41,17,11,38,41,6,69,35,20,13,31,28,33,33,33,1,12,49,37,19,80,36,0,7,60,33,72,41
"COG2211",204,220,121,186,113,137,170,119,129,151,233,87,111,227,98,309,241,421,115,86,149,69,102,144,107,200,150,190,92,94,120,77,93,89,250,152,165,177,99,133,188,86,117,208,102,102,124,175,84,87,88,81,71,176,191,288,54,147,133,142
"COG2212",0,0,0,0,0,0,0,0,1,0,1,1,1,1,0,0,0,0,0,0,0,0,0,0,0,0,0,0,0,0,0,0,0,0,0,0,0,0,0,0,1,0,0,0,0,0,0,0,0,0,0,0,0,0,0,0,0,0,0,0
"COG2213",38,8,3,3,0,4,6,9,4,14,27,4,2,10,6,64,7,5,5,9,42,2,3,1,2,2,4,6,7,11,4,9,5,5,21,3,8,2,5,5,4,9,3,3,0,3,8,3,0,1,2,3,4,5,32,30,0,10,1,1
"COG2214",7,22,10,16,11,19,14,20,10,15,6,14,21,17,7,7,11,16,11,10,6,5,15,18,14,11,13,15,8,9,26,28,37,35,30,22,45,29,33,28,23,32,22,33,35,23,18,9,12,27,26,16,26,26,17,14,30,23,24,32
"COG2215",6,2,1,0,1,0,1,0,0,1,1,0,0,5,2,0,0,5,0,1,5,0,0,0,0,0,0,0,0,1,0,1,0,2,0,0,2,0,0,1,0,0,1,1,0,0,0,0,0,0,0,0,0,0,3,1,0,0,0,0
"COG2216",30,21,4,20,28,34,18,49,37,26,7,53,56,7,53,74,31,41,52,60,45,58,36,13,52,13,28,36,27,29,26,46,43,35,21,33,29,14,46,73,46,20,59,32,36,48,40,2,4,21,53,62,50,54,24,11,50,29,34,32
"COG2217",186,230,124,161,215,238,177,173,191,224,289,137,199,283,176,306,251,234,196,169,165,145,221,215,208,181,204,189,159,127,255,149,175,247,243,214,141,294,157,191,206,141,229,242,219,227,186,90,119,182,138,149,161,202,144,210,226,159,117,234
"COG2220",50,61,29,46,48,53,50,46,47,41,26,73,76,25,90,54,43,65,87,58,43,64,70,48,81,54,40,67,53,92,53,118,70,55,30,89,69,34,75,94,59,66,91,59,40,72,53,59,46,51,86,79,67,69,62,13,78,78,78,61
"COG2221",23,7,6,11,4,10,7,12,13,13,30,4,9,8,6,15,4,12,4,1,4,13,8,15,5,6,10,15,7,4,10,6,13,4,35,13,7,15,9,8,8,3,6,15,17,14,9,1,7,7,1,1,1,7,4,6,12,13,2,24
"COG2222",39,21,12,15,54,11,5,11,15,26,40,4,12,27,21,16,45,40,6,3,37,22,23,12,9,5,10,8,11,10,29,10,11,18,24,21,6,16,7,16,17,4,7,19,10,13,13,9,6,12,5,7,7,18,28,16,12,9,14,17
"COG2223",18,3,1,2,2,2,2,0,0,5,13,0,2,3,1,0,0,2,1,4,21,2,0,0,0,1,0,2,0,3,4,0,2,3,0,0,6,0,0,0,1,1,0,0,0,5,0,1,0,0,0,1,4,0,5,4,1,0,0,0
"COG2224",18,1,0,0,0,0,1,1,1,6,1,0,0,1,1,0,1,1,1,0,12,2,0,0,0,0,0,0,0,1,0,2,0,1,0,0,1,0,0,1,0,0,0,1,0,0,0,1,0,1,0,3,1,0,6,1,1,0,0,0
"COG2225",20,0,0,0,0,0,3,1,3,1,3,0,1,1,1,0,0,2,0,1,21,5,0,0,0,0,0,0,1,2,2,6,1,8,0,1,9,0,0,0,0,1,1,2,0,2,0,5,0,0,2,5,1,0,25,6,0,0,2,0
"COG2226",10,24,14,16,19,26,25,27,24,17,13,19,26,17,27,1,15,20,31,21,20,24,20,13,31,25,24,26,23,41,15,27,31,25,6,21,19,20,40,20,31,32,26,11,25,18,20,24,28,20,7,21,29,13,33,5,20,20,30,14
"COG2227",3,6,10,15,1,0,2,2,11,1,2,13,2,0,6,0,4,0,9,21,6,1,11,4,10,1,3,3,5,0,2,2,12,5,0,3,4,1,4,12,1,1,2,1,0,10,2,12,0,0,14,5,4,3,10,0,7,5,9,6
"COG2230",16,8,13,6,7,13,10,13,14,14,23,3,4,18,5,35,2,7,4,4,16,23,9,3,6,6,11,13,1,2,10,9,7,4,13,13,10,6,9,2,11,5,4,8,9,4,17,2,3,7,6,1,2,8,19,32,0,8,2,5
"COG2231",0,0,1,0,0,0,1,0,0,0,2,1,0,7,0,0,0,0,0,0,0,0,0,0,0,0,0,6,0,0,1,0,1,3,0,0,0,0,0,0,0,0,0,0,1,0,0,0,0,0,0,0,0,0,3,0,0,1,0,1
"COG2233",128,89,127,67,105,92,89,95,76,100,135,53,73,122,67,184,87,91,73,50,120,96,66,48,78,103,80,112,90,98,101,59,69,78,115,99,94,73,61,72,93,105,72,82,71,99,84,103,97,76,69,92,73,56,157,156,68,78,48,93
"COG2234",43,67,16,24,77,37,44,68,43,35,39,60,93,49,55,12,40,64,31,70,19,58,50,57,52,20,62,21,54,61,45,57,41,54,42,70,77,37,101,56,63,46,44,44,50,45,45,14,14,29,49,26,102,48,16,24,86,47,65,72
"COG2235",0,11,1,5,1,3,2,3,0,2,7,8,5,9,1,1,1,27,7,1,26,4,1,5,4,5,2,5,1,0,2,3,2,14,0,3,0,22,1,4,20,2,4,9,0,1,21,0,0,1,1,2,2,1,2,9,1,0,1,0
"COG2236",0,0,0,0,0,0,0,0,0,0,0,0,0,0,0,0,0,0,0,0,0,0,0,0,0,0,0,0,0,0,0,0,0,0,1,0,0,0,0,1,0,1,1,1,3,0,0,0,0,0,0,0,0,0,0,0,0,0,0,0
"COG2239",38,63,41,55,52,81,37,39,68,53,44,41,81,58,56,23,92,79,59,54,25,37,66,62,59,32,82,75,43,24,69,47,42,65,57,64,56,85,25,74,49,27,90,55,66,57,38,9,28,63,54,36,33,70,9,29,71,51,72,68
"COG2240",48,31,38,33,42,29,28,28,33,29,47,23,44,42,47,53,33,44,19,28,30,36,21,25,25,24,50,25,36,36,31,28,27,37,32,39,29,37,43,43,39,25,34,39,39,33,33,36,30,24,22,36,35,23,36,35,31,45,27,43
"COG2241",15,22,17,14,43,41,14,32,33,15,29,24,35,36,30,41,50,26,18,33,6,30,25,32,25,8,31,19,24,9,30,26,28,15,57,29,19,19,41,28,32,13,43,18,24,13,18,5,6,6,30,14,20,26,16,14,34,32,16,31
"COG2242",20,27,19,21,28,27,8,35,36,23,25,19,36,32,27,30,38,22,6,31,8,43,29,28,24,8,26,14,22,15,35,19,23,13,50,36,18,20,31,24,23,8,26,23,32,18,34,5,9,10,26,15,19,33,8,12,41,29,19,35
"COG2243",7,13,8,16,24,24,8,21,25,20,17,6,19,17,28,44,16,16,9,24,5,24,21,10,14,7,12,12,16,5,14,22,25,10,35,18,10,8,13,15,8,14,15,13,21,23,18,1,3,4,13,5,8,31,7,8,22,15,25,15
"COG2244",148,179,163,231,142,177,142,177,258,182,230,203,181,219,179,129,187,207,173,259,183,208,221,221,187,174,171,204,244,170,175,257,209,182,212,197,252,185,239,225,166,187,184,186,184,213,287,179,333,176,256,149,209,207,129,107,182,205,286,210
"COG2246",4,15,13,16,7,4,12,5,4,13,16,3,7,20,2,6,12,18,3,4,6,1,5,14,5,9,5,7,2,0,11,0,9,15,9,11,5,14,3,1,9,0,8,8,9,9,6,3,4,9,11,2,4,9,5,18,1,9,5,15
"COG2247",0,0,0,0,0,0,0,0,0,0,0,0,0,12,0,0,0,0,0,0,0,0,0,0,0,0,0,0,0,0,0,0,0,1,0,0,0,0,0,0,0,0,0,6,0,0,0,0,0,0,0,0,0,0,24,0,0,0,0,0
"COG2249",33,11,1,3,5,12,1,9,8,12,34,17,6,6,18,3,7,14,13,23,31,9,9,5,10,9,7,8,7,1,1,19,14,12,2,3,13,5,6,8,8,3,19,13,13,10,4,0,2,7,6,6,10,10,21,17,17,14,13,4
"COG2250",0,0,0,1,0,0,0,0,0,0,0,0,0,0,0,0,0,2,0,0,0,0,1,1,1,0,0,0,0,0,0,0,0,0,0,0,0,0,0,0,0,0,0,0,0,0,0,0,0,0,0,0,0,0,0,0,0,0,1,0
"COG2252",78,64,44,55,25,45,54,28,34,46,91,29,28,95,20,95,56,34,43,19,81,56,26,34,38,45,44,56,27,49,58,28,29,44,62,39,45,62,18,67,41,23,26,32,38,36,53,55,63,54,25,50,15,34,90,112,28,26,26,29
"COG2253",0,3,0,0,0,0,0,0,0,0,0,1,0,0,0,0,0,0,0,0,0,0,0,0,0,25,0,0,0,2,0,0,1,0,0,0,0,0,0,0,0,5,0,0,0,0,0,87,16,0,2,5,1,1,3,0,0,0,0,0
"COG2255",39,42,42,38,39,55,42,47,44,52,40,46,50,40,53,54,40,45,41,30,42,44,45,65,53,51,57,59,44,55,52,26,36,58,43,43,40,45,30,46,65,44,60,47,45,40,41,44,44,44,39,41,33,51,39,54,41,40,42,36
"COG2256",53,72,66,57,54,48,55,52,58,47,61,59,59,79,69,73,48,66,73,49,64,39,37,65,54,56,61,58,51,57,64,45,42,66,53,37,39,73,42,58,65,81,42,63,49,45,55,50,79,47,35,51,28,53,58,67,56,45,42,45
"COG2257",2,0,5,5,0,2,2,2,1,6,0,1,0,0,0,1,1,2,1,1,0,2,2,4,1,9,6,4,1,0,2,0,0,1,2,1,0,0,0,2,0,1,1,0,4,1,2,0,1,2,5,1,0,3,0,0,0,3,0,1
"COG2258",23,7,13,5,7,13,7,9,5,14,15,0,8,16,10,27,22,6,0,6,12,4,8,4,4,2,10,8,6,3,15,5,5,10,23,9,10,7,7,6,1,1,12,3,7,13,8,1,8,8,1,4,2,12,18,7,3,11,2,10
"COG2259",17,5,2,8,11,9,3,9,9,7,2,5,14,4,19,0,2,5,8,17,18,8,9,9,10,2,7,1,8,7,10,10,10,7,1,10,6,4,21,4,3,8,4,7,6,5,6,1,2,1,10,5,29,6,5,2,10,11,8,12
"COG2261",4,3,0,0,0,0,3,0,0,0,7,1,0,3,1,0,0,1,0,0,5,4,0,0,0,0,0,0,0,0,0,0,0,1,0,0,1,0,1,0,0,0,0,0,0,1,0,0,0,0,0,0,1,0,2,8,1,0,1,0
"COG2262",47,34,69,54,44,48,56,61,41,70,67,42,47,57,37,40,67,60,71,44,64,59,37,52,56,62,58,57,60,69,61,40,50,49,48,55,62,68,54,60,54,54,48,59,49,55,48,71,56,71,48,62,49,54,63,68,54,48,48,49
"COG2264",52,32,32,31,40,46,42,37,48,50,41,38,42,38,42,29,45,41,38,31,32,34,35,44,43,36,52,33,31,34,32,37,40,32,43,37,34,36,28,41,40,31,43,40,51,42,33,39,20,53,45,25,42,48,32,19,47,40,35,43
"COG2265",91,101,99,92,83,73,88,71,61,100,140,53,71,130,63,63,68,111,67,61,89,62,80,83,79,98,81,87,63,71,97,50,75,75,122,80,75,111,52,64,78,70,65,76,73,81,82,68,78,88,70,83,41,95,83,99,60,78,40,73
"COG2267",34,46,25,23,22,23,14,11,20,45,40,12,18,47,5,23,41,38,17,15,31,30,19,26,23,21,13,22,16,2,19,3,6,17,18,7,13,13,3,4,17,3,9,12,12,10,13,3,3,8,10,11,3,10,15,33,6,7,12,7
"COG2268",33,3,8,20,7,24,9,16,22,20,14,23,20,9,17,7,10,14,22,15,88,26,28,26,13,123,14,12,18,8,18,17,15,33,17,17,20,14,9,8,21,11,10,16,33,32,10,5,8,27,22,5,16,18,15,12,12,24,17,15
"COG2269",16,2,0,0,2,1,1,0,0,6,4,1,0,1,1,0,0,0,3,3,14,6,1,0,2,0,0,0,1,0,1,0,0,3,0,0,4,1,2,0,0,0,0,0,1,1,0,0,1,0,1,1,2,0,13,4,0,0,0,0
"COG2270",10,9,11,10,14,16,7,6,11,25,7,3,13,30,5,32,30,15,6,3,16,1,12,7,12,6,10,14,5,1,20,4,7,10,14,14,5,9,4,14,10,6,12,4,12,7,12,0,5,12,1,4,3,14,10,62,1,19,9,12
"COG2271",49,21,23,30,16,41,7,10,32,18,32,34,10,5,24,1,18,48,66,58,54,47,30,11,20,16,26,12,31,60,15,38,31,24,3,8,10,23,12,40,35,11,48,29,16,11,33,39,2,15,16,48,31,42,50,13,42,9,20,5
"COG2272",20,25,67,46,27,18,70,24,11,27,19,18,34,64,17,36,9,37,34,21,10,8,12,40,42,77,9,48,38,57,44,12,9,14,10,16,35,21,15,21,42,90,18,21,19,27,15,81,88,23,48,77,6,29,56,38,10,25,18,24
"COG2273",16,21,42,22,33,13,20,51,24,66,3,44,55,2,51,28,22,12,29,68,31,75,85,36,37,23,37,38,29,47,36,36,33,30,60,48,53,45,45,23,27,37,23,37,34,85,26,57,19,34,54,30,43,16,35,6,31,54,50,42
"COG2274",69,79,155,65,51,109,153,91,50,53,55,92,104,36,139,17,65,53,69,113,78,28,94,31,69,275,75,29,118,67,48,83,82,52,46,76,67,28,96,45,111,34,59,59,88,75,107,386,170,35,65,301,111,38,175,40,43,120,95,102
"COG2301",13,9,4,5,21,3,4,11,9,12,22,9,6,18,10,8,3,9,2,3,6,7,12,4,7,6,4,4,11,6,14,3,4,7,6,7,4,10,2,13,11,2,2,2,3,6,12,2,9,15,2,0,3,7,3,6,10,3,7,10
"COG2302",10,16,16,16,8,21,18,13,15,18,32,13,16,27,11,28,32,18,17,9,6,9,12,28,13,8,13,16,8,1,20,3,11,22,27,12,15,33,6,13,19,5,7,14,16,12,12,1,12,20,11,9,5,14,11,14,4,17,5,15
"COG2303",16,6,0,0,1,0,0,0,3,5,5,0,0,2,0,0,0,3,0,3,24,3,0,0,3,1,0,0,1,3,0,2,1,3,0,1,1,0,0,0,0,0,1,1,0,2,0,0,0,0,1,2,0,0,8,0,1,0,0,0
"COG2304",16,46,43,71,39,56,71,74,69,43,15,93,49,14,66,22,32,31,84,76,28,60,56,68,58,64,74,52,58,66,25,86,64,39,31,42,51,48,71,62,64,79,50,44,72,96,44,100,86,95,53,52,92,54,37,33,64,44,54,34
"COG2306",0,0,0,0,0,0,0,0,1,0,0,1,0,0,0,0,1,0,0,0,0,0,0,5,0,0,0,0,0,0,0,0,0,3,0,0,0,0,0,0,0,0,0,0,1,0,0,0,0,1,0,0,0,0,0,0,0,0,0,0
"COG2307",1,1,0,0,0,1,0,0,0,0,0,1,0,8,0,0,0,0,6,0,6,0,0,0,0,0,0,6,0,0,1,0,1,0,0,0,0,0,0,0,0,0,0,2,0,2,0,0,0,0,0,0,0,0,1,26,0,0,0,0
"COG2308",0,9,2,2,0,1,0,2,1,0,1,0,1,6,1,0,0,22,3,0,4,0,0,2,1,0,0,5,1,0,4,0,1,0,0,0,1,0,0,0,1,0,2,4,2,1,2,0,1,1,0,1,2,0,4,32,0,0,1,0
"COG2309",40,47,34,23,26,38,28,28,19,33,56,14,24,64,13,36,33,23,14,10,17,19,25,24,33,12,17,37,17,6,55,8,14,39,45,39,15,35,12,23,42,9,22,23,22,24,34,3,13,25,7,14,3,36,17,19,10,26,12,28
"COG2310",9,2,13,1,5,3,0,3,4,3,9,2,1,4,3,2,2,5,0,0,0,0,2,12,3,0,1,1,1,1,4,3,4,4,16,5,5,2,4,4,11,5,1,3,4,0,7,41,19,64,0,2,1,6,35,8,6,2,0,12
"COG2311",19,17,7,12,24,22,33,35,41,20,3,54,30,5,67,2,27,23,38,44,51,64,44,18,26,29,39,21,38,23,12,74,43,25,7,31,49,6,61,23,26,43,26,30,38,60,36,35,49,37,46,38,69,13,26,12,27,36,40,25
"COG2312",0,1,1,0,0,0,0,10,2,2,0,0,0,2,3,1,3,0,0,0,3,3,0,0,0,3,4,1,5,0,1,32,2,1,7,0,4,2,1,0,0,1,2,0,0,2,0,0,0,0,0,1,3,0,1,0,2,3,0,0
"COG2313",11,6,0,4,0,1,0,4,1,3,0,1,1,1,1,0,1,4,4,3,3,3,0,0,5,2,2,1,1,0,0,1,1,12,0,2,0,16,0,1,6,0,4,2,0,1,4,0,0,0,1,0,1,2,7,9,0,0,2,0
"COG2314",0,0,1,1,0,1,0,0,0,1,2,1,0,2,0,9,1,0,0,1,3,1,0,4,0,8,0,4,1,0,0,0,0,1,2,0,1,3,0,0,0,0,1,2,0,0,0,0,0,0,1,0,1,0,3,15,0,0,2,0
"COG2315",30,23,20,23,16,18,25,30,23,22,35,21,21,21,34,4,12,18,19,44,31,41,27,22,29,13,38,23,26,9,33,38,22,19,32,30,33,15,28,25,22,14,19,22,25,25,24,14,17,21,43,16,32,37,30,12,30,32,28,32
"COG2316",6,18,5,8,6,6,16,7,2,13,9,4,5,6,2,23,5,18,6,1,7,6,1,8,8,3,3,9,4,4,10,6,5,14,13,8,1,16,6,6,12,2,6,3,11,7,18,1,1,5,2,1,1,7,3,5,9,6,1,7
"COG2317",6,12,10,12,14,0,8,7,6,11,1,5,5,9,8,8,30,18,4,4,6,9,4,12,6,1,5,11,3,1,15,2,2,20,12,8,2,21,4,12,7,2,6,3,7,7,7,2,2,5,1,6,1,15,11,3,5,9,3,3
"COG2318",0,2,0,0,0,0,0,0,0,0,0,0,0,0,0,0,0,2,0,0,0,0,0,0,0,0,0,0,0,0,0,0,0,0,0,0,0,0,0,0,0,0,0,0,0,0,0,0,0,0,0,0,0,0,0,0,0,0,0,0
"COG2319",1,3,0,2,0,0,49,16,4,1,0,15,2,1,1,0,2,3,18,10,3,4,14,4,0,50,0,1,3,1,0,13,3,2,1,6,16,4,1,3,0,0,9,0,1,21,3,46,1,42,7,1,0,0,31,0,1,4,3,1
"COG2320",1,3,0,1,0,0,0,3,2,0,3,0,1,7,8,1,8,4,3,2,2,9,3,2,1,0,0,0,2,0,5,2,4,4,1,4,1,5,0,6,2,4,2,5,2,2,2,0,1,2,4,0,0,2,0,1,1,1,5,4
"COG2321",7,0,0,0,2,4,1,1,0,1,4,0,3,0,0,0,2,0,0,1,2,4,0,0,0,1,0,0,0,2,1,1,1,2,0,0,4,0,1,0,0,0,0,0,1,0,0,0,0,0,0,3,3,0,5,4,0,0,3,0
"COG2323",10,38,13,16,16,18,6,1,9,8,18,5,8,11,4,10,21,13,11,3,19,1,6,19,4,10,11,7,4,1,9,1,3,14,0,7,2,13,1,3,9,1,4,9,6,0,9,2,3,7,2,1,3,14,1,1,3,3,1,7
"COG2326",16,12,15,20,9,21,8,23,9,21,9,11,13,12,16,20,10,14,10,10,20,17,12,22,9,9,26,21,12,4,9,11,13,13,34,14,18,23,10,10,15,6,9,19,11,10,15,1,4,12,27,9,15,12,11,48,9,23,5,15
"COG2327",9,12,5,12,7,16,3,13,9,9,8,16,20,9,28,43,8,19,17,10,17,7,20,5,4,21,14,15,13,4,14,6,8,14,10,29,14,21,20,4,21,5,8,9,5,6,14,8,6,14,17,5,11,8,15,31,28,4,5,11
"COG2329",1,0,0,0,2,0,0,0,0,0,0,0,0,0,0,0,0,2,0,0,0,0,0,3,1,0,1,0,1,0,0,0,0,0,0,0,0,1,0,0,0,0,0,1,0,0,0,0,2,0,1,1,0,0,0,0,0,1,0,0
"COG2331",0,0,0,1,1,1,0,0,0,0,0,0,0,0,0,2,0,0,0,0,0,1,0,0,0,0,0,0,1,1,0,0,1,0,0,1,0,0,0,0,0,0,0,0,0,0,0,0,0,0,0,0,0,0,0,8,1,0,0,0
"COG2332",3,2,1,0,1,0,1,0,2,0,1,0,0,1,0,0,0,1,1,0,8,2,1,0,0,1,1,1,0,1,1,2,0,2,0,1,1,0,1,2,2,0,1,1,1,0,0,1,1,1,0,0,0,0,2,2,1,0,1,0
"COG2333",56,80,39,49,21,37,33,33,57,36,84,27,20,64,13,61,50,45,28,28,22,20,33,66,34,25,38,37,20,7,68,18,38,73,79,30,27,66,23,24,61,24,27,55,27,42,60,14,16,33,27,20,15,62,31,34,28,38,18,47
"COG2334",24,2,2,3,0,2,0,2,3,4,4,4,3,8,1,11,2,2,5,4,16,11,0,1,0,1,3,2,0,0,3,0,2,4,1,0,0,0,0,0,0,1,0,0,1,4,1,1,0,0,1,1,2,3,4,13,1,0,1,1
"COG2335",0,0,5,2,0,0,0,0,0,0,0,0,0,0,0,0,0,0,6,0,0,0,0,0,0,0,0,0,1,0,0,0,0,0,0,0,0,0,0,0,0,0,0,0,0,0,1,24,0,3,0,0,0,0,0,0,0,0,0,0
"COG2336",11,0,0,0,0,0,0,0,0,1,0,0,0,0,1,0,0,0,0,0,4,2,0,0,0,0,0,0,0,0,0,0,1,1,0,0,2,1,0,0,0,0,0,0,0,0,0,0,0,0,1,0,1,0,4,3,0,0,0,0
"COG2337",46,37,28,50,110,31,26,10,52,35,21,13,35,28,13,31,90,33,15,15,5,17,45,66,20,16,39,27,13,3,33,80,12,42,34,43,20,60,26,22,30,7,12,47,47,15,29,10,12,24,27,9,4,47,13,9,13,28,58,39
"COG2339",2,12,12,1,0,2,0,3,0,8,8,1,0,2,0,0,4,0,2,0,0,0,7,9,3,1,8,3,0,0,0,1,2,8,0,3,1,8,0,0,5,0,1,2,1,1,0,0,0,4,6,0,0,11,0,0,1,1,1,1
"COG2340",7,17,4,7,1,12,2,4,11,4,3,5,0,7,4,0,1,4,6,1,1,2,3,15,1,2,3,7,1,0,10,0,7,15,16,4,6,14,2,3,6,0,0,1,6,11,9,3,1,8,7,3,2,16,0,0,4,1,2,5
"COG2342",0,0,0,0,0,0,0,0,0,0,0,0,0,0,0,0,0,3,0,0,0,3,0,0,0,0,0,3,0,0,0,0,0,0,0,0,0,0,0,0,0,0,0,0,0,0,0,0,0,1,0,0,0,0,0,0,0,0,0,0
"COG2344",18,39,15,23,44,30,19,26,25,47,25,25,30,24,31,17,31,37,26,20,6,15,34,38,30,14,30,33,23,16,37,33,43,34,27,23,40,43,49,24,33,13,29,32,30,40,22,5,10,32,35,10,31,39,12,10,36,24,33,32
"COG2346",0,0,0,0,0,0,0,0,0,0,0,0,0,0,0,0,0,0,0,0,0,0,0,0,0,0,1,0,0,0,0,0,0,0,0,0,0,0,0,0,0,0,0,1,1,0,0,0,0,0,0,0,0,0,0,0,0,0,0,0
"COG2348",1,15,7,0,1,1,0,1,15,1,62,14,1,36,2,56,3,13,10,0,19,1,1,26,2,5,2,22,2,0,26,1,6,27,5,3,3,29,0,2,12,3,4,18,3,8,9,0,5,18,3,0,2,4,11,98,17,1,6,14
"COG2350",1,0,1,0,0,0,0,1,0,1,2,3,0,0,0,0,1,1,3,1,4,1,0,0,0,0,0,0,0,0,0,1,0,0,0,0,2,0,0,0,0,0,0,0,0,2,1,0,0,0,0,0,0,0,1,0,0,2,1,1
"COG2351",8,4,0,0,0,0,2,0,0,3,3,0,0,1,0,0,0,3,0,1,10,0,0,0,2,1,0,8,0,1,3,1,1,2,0,2,6,0,1,2,1,6,0,0,0,0,0,1,0,0,1,0,0,1,1,3,0,0,4,0
"COG2352",3,4,4,0,1,3,1,1,0,2,21,1,0,18,0,32,0,14,3,1,13,1,0,0,0,2,1,11,0,1,4,1,0,4,3,3,8,9,2,0,3,0,1,9,0,8,1,1,1,1,0,3,3,0,29,129,1,1,0,1
"COG2353",5,1,1,0,1,0,1,1,1,0,0,0,0,0,0,0,0,1,1,2,4,3,0,0,0,0,0,0,0,0,1,0,0,2,0,1,0,0,0,1,2,0,0,0,1,0,2,0,0,0,0,2,0,0,6,1,7,0,1,0
"COG2354",3,0,1,0,0,0,0,1,1,2,0,0,0,0,0,0,0,0,0,1,4,1,0,0,0,0,0,0,0,0,0,1,0,0,0,0,0,0,0,0,0,0,0,0,0,0,0,0,0,0,0,0,1,0,0,1,0,0,0,0
"COG2355",35,37,58,35,47,26,50,45,19,45,17,29,46,21,48,11,35,25,41,35,10,39,32,31,54,43,32,51,50,97,36,34,29,38,22,32,46,36,29,35,44,52,28,12,29,14,26,89,71,51,33,69,36,32,73,22,45,48,45,42
"COG2356",7,10,3,13,0,2,10,7,3,0,3,4,2,2,1,0,1,3,13,3,3,0,5,2,2,12,3,12,13,3,0,0,0,6,0,0,4,3,1,3,2,1,0,4,4,0,1,8,9,12,0,2,0,1,9,0,1,0,6,0
"COG2357",43,38,25,34,32,29,23,20,33,51,80,14,23,77,12,57,25,21,10,12,20,22,38,52,18,21,26,32,11,8,54,15,22,27,81,32,33,37,21,20,14,12,17,22,32,23,31,2,14,28,32,9,8,40,13,65,27,34,13,29
"COG2358",19,29,14,11,34,15,20,24,16,33,12,5,12,23,6,9,16,13,9,1,2,18,26,17,18,13,20,9,21,3,23,7,9,20,26,24,9,31,5,4,17,6,11,17,24,21,19,1,15,14,7,6,8,17,2,4,6,24,16,20
"COG2359",0,5,0,2,0,0,0,0,1,2,0,0,0,1,1,8,0,5,0,0,2,0,0,6,1,0,0,0,2,0,0,1,1,5,3,0,0,2,0,1,0,0,0,1,0,0,20,2,0,3,0,0,0,1,1,0,0,2,0,0
"COG2360",7,3,9,5,0,2,7,4,1,0,0,2,0,0,6,0,1,2,2,8,2,2,7,0,10,9,4,1,7,10,2,9,10,1,0,9,4,0,6,5,9,16,7,1,6,6,6,29,34,3,5,21,4,6,22,3,3,8,6,4
"COG2361",4,18,14,18,4,3,18,3,10,1,3,18,1,2,5,3,2,2,9,6,4,11,15,13,5,12,11,5,3,12,3,8,0,7,1,6,2,4,0,6,11,35,3,4,4,4,7,6,3,23,15,0,3,2,13,0,8,3,9,5
"COG2362",1,0,3,0,1,0,2,2,0,0,2,2,2,4,1,0,1,5,1,0,5,2,1,2,3,4,1,1,0,3,5,2,2,8,0,3,1,9,1,3,2,1,1,2,0,4,1,1,0,0,0,2,1,0,1,1,0,1,1,0
"COG2363",10,2,0,1,1,1,2,0,2,2,0,0,0,1,0,1,0,0,0,0,10,1,0,0,0,1,0,0,2,1,0,1,0,1,0,0,0,0,0,0,0,0,0,0,0,1,0,3,0,0,0,1,1,0,4,1,0,0,1,0
"COG2364",13,21,27,31,22,25,19,26,20,11,19,20,13,38,6,31,18,33,11,13,17,19,23,15,13,12,28,31,15,31,39,4,11,14,41,19,36,14,10,24,25,18,8,22,24,29,27,14,26,34,17,17,24,15,19,3,22,25,21,24
"COG2365",11,15,9,20,20,30,10,25,28,12,25,12,19,42,29,10,50,21,19,45,12,25,35,18,23,9,20,4,28,3,11,13,12,9,6,6,9,12,11,5,10,2,10,14,10,24,3,0,8,8,25,4,16,14,1,9,11,3,12,8
"COG2366",5,0,0,0,7,0,1,1,0,2,0,0,0,0,0,0,0,1,0,0,0,0,0,0,0,0,3,1,0,0,0,0,0,0,0,0,5,0,0,0,3,0,2,0,0,2,0,0,0,0,0,3,0,0,0,0,3,0,0,0
"COG2367",28,25,10,39,42,27,35,35,35,14,75,26,26,19,25,33,42,46,18,132,13,27,33,45,22,2,14,25,26,35,26,37,33,13,17,17,28,11,35,29,34,47,26,35,21,30,36,60,73,16,17,31,34,23,38,17,64,36,54,39
"COG2368",7,5,1,11,5,3,3,6,2,4,3,21,7,3,3,2,1,18,7,4,1,4,3,1,6,3,3,1,6,2,2,15,2,6,2,4,7,1,3,2,5,2,0,9,1,6,6,0,1,2,2,4,1,2,18,6,7,2,3,1
"COG2369",1,4,0,10,1,1,0,1,0,3,3,17,4,0,2,0,0,0,9,20,40,29,1,0,0,0,3,0,3,2,2,0,1,4,0,1,0,9,3,3,1,1,0,10,5,0,5,1,2,3,1,3,3,3,0,1,35,2,1,0
"COG2371",0,4,0,1,2,3,1,0,1,0,4,3,2,1,1,1,1,0,1,1,1,0,0,2,1,10,1,2,2,1,1,0,0,1,2,1,2,2,0,2,0,0,1,0,1,1,0,0,0,1,1,1,0,0,0,1,0,0,0,1
"COG2372",4,3,0,0,0,0,0,0,1,3,0,0,0,2,0,0,0,1,0,0,4,1,0,0,0,0,0,0,0,2,0,2,0,0,0,0,1,0,1,0,0,0,0,0,0,0,0,1,0,0,0,1,0,0,3,2,0,0,2,0
"COG2373",71,51,83,62,102,112,138,165,105,75,13,153,112,13,145,2,73,83,155,149,115,123,157,57,106,87,89,94,149,205,38,175,135,76,29,77,130,42,112,118,66,140,159,114,130,115,50,112,160,107,106,143,137,81,76,20,73,81,100,64
"COG2374",3,0,0,4,28,3,1,10,3,3,7,3,0,0,0,0,7,0,3,1,0,0,0,4,0,0,2,1,7,0,8,0,0,1,0,0,0,0,26,0,9,15,0,6,5,1,0,0,1,1,0,2,30,8,0,0,9,8,3,9
"COG2375",6,2,0,0,0,0,3,0,2,1,2,1,0,1,1,0,0,2,0,2,11,0,0,0,0,0,0,0,0,0,0,1,0,1,0,0,0,0,0,0,0,0,0,0,0,1,0,0,0,0,0,2,0,0,3,1,0,0,0,0
"COG2376",16,25,9,9,7,6,7,23,12,7,55,17,13,10,3,118,10,19,12,9,26,41,10,11,9,3,4,10,9,16,6,12,4,13,16,5,5,2,8,9,7,7,4,4,9,1,16,1,0,1,10,2,3,1,12,12,4,6,3,4
"COG2377",11,4,0,9,0,5,8,6,4,3,6,0,5,2,6,1,4,3,1,4,3,3,1,1,8,15,3,2,7,1,2,6,9,9,0,6,3,11,4,7,5,0,6,4,2,5,2,1,2,0,8,10,3,6,3,3,7,4,13,2
"COG2378",28,15,7,12,12,19,13,12,34,22,4,22,8,3,1,6,6,27,21,19,15,45,21,21,12,18,26,20,24,5,16,3,26,24,4,13,29,26,15,12,19,14,33,29,14,8,27,5,6,17,19,13,17,22,7,13,30,25,5,11
"COG2379",11,9,11,11,14,14,5,4,6,16,0,5,19,3,13,13,29,11,3,1,7,8,11,5,6,5,16,9,3,0,7,3,10,11,3,11,1,13,1,2,9,3,3,10,12,4,4,0,3,6,0,3,0,8,5,0,3,7,5,4
"COG2382",29,32,67,51,46,49,117,37,53,35,6,30,64,15,70,3,19,30,43,37,32,32,37,40,42,46,45,33,69,115,18,51,46,16,48,53,36,13,38,50,25,63,52,16,35,37,22,95,38,33,48,88,32,60,71,4,75,33,53,50
"COG2384",20,17,16,16,5,12,13,9,16,14,18,9,7,23,10,35,9,16,12,6,2,7,11,27,7,8,10,8,5,1,16,6,8,19,29,9,4,35,3,6,13,4,9,10,7,13,13,3,8,15,11,4,5,13,15,7,7,15,3,15
"COG2385",41,70,36,52,80,48,38,51,62,84,51,32,63,46,41,41,67,44,35,28,13,34,53,55,40,27,83,52,24,23,73,36,39,67,91,58,49,69,49,42,65,25,27,35,60,55,49,4,15,39,43,22,41,55,15,10,51,39,51,67
"COG2386",1,0,1,2,1,1,2,2,0,1,2,0,0,0,0,0,0,3,0,0,3,0,0,0,0,1,2,0,1,4,0,1,0,0,0,0,1,0,0,1,0,1,1,1,0,1,0,0,1,0,0,1,0,0,2,0,0,0,0,0
"COG2388",7,8,0,9,7,2,8,13,9,3,3,14,7,1,7,1,7,2,10,14,14,14,10,9,8,4,6,6,1,7,3,16,5,3,2,9,12,0,14,6,8,9,3,3,8,7,11,1,1,5,5,6,11,2,2,1,12,7,8,7
"COG2390",14,17,7,8,8,7,10,19,12,8,24,2,2,21,4,63,6,13,7,4,30,16,2,3,3,3,6,13,1,4,15,10,6,6,20,3,8,4,15,3,6,8,6,12,3,6,18,4,2,2,6,8,2,4,19,14,8,13,3,2
"COG2391",10,0,2,0,4,0,0,1,0,2,7,0,0,1,2,1,0,1,0,1,11,0,0,0,0,0,2,0,2,1,0,0,1,2,1,0,5,0,2,0,0,0,0,1,1,4,1,0,0,2,0,1,0,0,11,3,0,0,1,0
"COG2404",2,0,0,2,0,0,0,0,0,0,13,0,0,2,0,0,0,0,0,0,0,0,0,1,2,0,0,0,0,0,0,0,0,1,0,0,0,0,0,0,0,0,0,0,0,0,0,1,0,0,0,0,0,0,0,0,0,0,5,0
"COG2405",0,0,1,0,0,0,1,1,0,1,0,0,0,0,0,0,0,1,0,0,1,0,0,0,0,0,5,2,0,0,2,0,0,0,0,2,0,0,0,3,0,0,0,0,1,0,0,0,0,0,2,0,0,0,0,0,0,3,0,1
"COG2406",2,0,0,0,0,0,0,8,3,1,0,5,1,0,2,0,0,1,2,9,2,8,3,0,2,0,0,0,5,1,0,11,2,3,1,3,8,1,2,3,1,0,4,4,7,5,2,0,0,0,12,1,5,0,0,0,5,3,5,1
"COG2407",98,79,59,61,72,88,100,72,69,57,52,47,89,67,143,104,62,77,86,95,60,63,68,82,109,98,107,75,88,120,69,75,108,67,102,102,87,104,104,85,66,104,89,80,69,97,60,106,47,62,144,80,78,82,90,27,110,139,135,93
"COG2409",0,0,0,0,0,0,0,0,0,0,0,0,0,28,0,0,0,0,0,0,0,0,0,0,0,1,0,0,0,0,0,1,0,0,0,0,0,0,0,0,0,0,0,0,0,0,0,0,0,0,0,0,0,0,0,21,0,0,0,0
"COG2414",19,6,0,3,29,13,3,9,5,12,1,2,16,12,7,9,18,9,8,5,23,3,12,3,3,2,13,5,12,2,5,3,0,9,1,13,4,7,4,6,3,1,6,5,9,4,1,0,2,2,2,6,7,6,14,6,0,1,7,4
"COG2421",0,1,1,4,1,1,0,7,2,1,3,2,1,0,3,3,1,1,4,1,5,10,1,1,2,0,0,2,2,2,2,3,5,2,2,0,2,3,11,9,1,0,1,0,3,4,4,0,0,1,5,0,1,3,7,2,4,2,3,0
"COG2423",4,9,6,11,1,11,4,5,9,9,10,13,9,3,1,1,6,2,4,2,2,1,7,4,1,3,8,4,5,1,8,0,3,12,4,11,2,9,2,3,7,1,2,1,15,3,7,4,2,0,1,2,1,10,6,1,2,11,1,11
"COG2425",21,25,34,24,7,13,31,19,5,16,1,5,12,6,33,2,6,7,24,38,11,31,23,8,16,27,18,18,35,49,8,22,30,6,5,15,35,4,31,20,10,43,15,13,21,23,13,58,39,6,15,25,30,12,31,9,13,19,14,18
"COG2426",0,7,2,3,0,0,0,0,2,0,11,2,2,0,0,0,2,7,2,1,2,0,0,0,1,2,7,0,0,0,1,0,0,5,0,2,3,11,0,2,7,1,0,5,0,0,2,2,1,2,0,1,0,4,1,1,0,0,1,1
"COG2431",23,18,18,17,28,31,24,29,28,26,8,35,30,5,54,11,20,21,40,42,22,46,21,14,42,19,26,22,24,41,22,43,37,16,8,26,31,9,46,42,15,33,28,28,28,35,23,24,21,19,21,32,53,25,22,5,44,27,41,25
"COG2440",6,0,0,2,0,0,0,1,2,1,3,0,0,0,1,0,0,2,0,1,14,2,0,0,0,0,0,0,1,1,0,0,0,3,0,0,2,1,0,0,1,0,0,0,0,0,1,0,0,0,0,0,0,0,3,0,1,0,0,0
"COG2452",4,7,7,4,6,9,6,3,7,2,21,1,1,34,1,16,3,7,3,0,3,0,7,9,4,0,3,12,4,0,8,0,2,0,2,8,10,1,11,2,4,6,3,13,5,8,3,1,36,2,2,3,4,7,3,1,18,3,0,8
"COG2453",9,1,0,0,0,0,0,0,0,2,0,0,0,0,0,0,0,0,0,0,8,3,0,0,0,0,0,0,0,0,0,0,1,0,0,0,3,1,0,0,1,0,0,0,0,1,0,0,0,0,0,0,0,0,4,0,1,0,0,0
"COG2454",0,0,0,0,1,0,0,0,0,0,0,0,0,1,0,0,0,0,0,0,0,0,0,0,0,0,0,0,0,0,0,0,1,0,0,0,0,0,0,0,0,0,0,0,0,0,0,0,0,0,0,0,0,0,0,0,0,0,0,0
"COG2461",6,10,6,4,2,7,7,11,5,8,53,1,10,34,2,9,1,2,1,3,3,7,7,12,4,9,0,16,3,1,8,1,5,5,14,7,5,3,7,6,7,1,5,2,9,4,6,0,21,46,6,2,0,5,4,10,3,2,1,5
"COG2501",13,8,6,5,8,7,4,4,8,6,26,6,4,16,2,5,11,4,5,4,5,5,6,8,5,1,6,5,5,2,11,3,5,10,9,7,8,10,3,10,8,2,3,6,6,8,5,0,4,8,10,1,6,9,2,9,5,12,4,5
"COG2502",29,25,42,33,38,31,26,28,42,34,49,44,49,39,31,10,45,25,31,22,14,34,32,28,25,50,33,40,46,59,32,34,28,38,28,31,34,40,25,36,28,38,40,22,29,23,14,56,67,23,30,49,22,35,38,16,29,24,28,29
"COG2503",0,2,2,0,4,0,0,2,0,0,8,1,1,0,1,0,0,0,1,0,0,1,0,0,0,0,0,1,1,4,3,0,1,0,0,0,0,0,0,2,0,0,0,0,1,2,0,0,0,0,0,0,0,0,0,1,0,0,0,0
"COG2508",68,63,64,93,30,73,41,32,39,61,112,20,34,111,16,63,59,55,31,24,26,39,38,71,41,20,52,61,31,3,90,22,33,63,134,62,43,91,20,30,44,17,28,52,47,43,49,13,35,60,45,15,20,55,29,66,25,49,16,65
"COG2509",73,94,79,99,90,104,97,70,84,97,32,54,76,89,55,93,119,102,84,56,42,44,71,79,75,63,105,86,57,58,87,46,72,89,82,87,59,105,53,71,94,59,73,97,85,61,104,66,71,97,52,60,49,85,45,30,52,67,65,78
"COG2510",14,10,15,19,2,13,4,3,5,5,4,4,2,6,0,2,10,19,4,3,5,12,2,20,7,14,13,13,1,1,10,4,6,4,15,15,3,19,3,3,16,2,3,3,11,8,6,1,1,9,2,13,0,9,5,2,3,11,2,10
"COG2513",9,7,2,3,0,15,5,15,7,19,0,15,9,0,8,2,0,7,12,20,17,13,5,13,4,0,10,6,9,4,5,26,14,5,14,7,11,8,4,7,8,7,20,22,6,28,4,0,77,4,17,7,6,9,2,1,3,6,11,4
"COG2514",0,0,1,0,0,0,0,0,0,0,9,1,0,0,0,0,0,1,1,0,1,0,0,0,0,0,0,0,0,0,0,0,0,0,0,0,1,0,0,0,0,0,0,0,0,0,0,0,0,0,0,0,0,0,0,1,0,0,0,0
"COG2515",3,7,3,2,1,2,1,6,1,2,8,3,3,3,1,3,2,5,5,1,5,14,4,2,2,3,1,1,2,0,1,7,12,10,1,3,0,7,0,6,4,0,2,3,1,5,2,19,7,0,1,1,2,3,2,2,1,2,6,1
"COG2516",2,3,0,0,0,0,0,0,0,0,0,1,0,0,0,2,0,2,0,0,0,0,0,0,0,0,0,0,0,0,0,0,0,2,0,0,0,0,0,0,0,0,0,0,0,0,0,0,0,0,0,0,0,0,0,0,0,0,0,0
"COG2518",1,0,0,0,0,0,1,2,0,3,1,0,0,1,0,0,0,0,0,0,7,1,1,0,0,0,0,0,2,0,0,0,1,1,0,0,0,2,0,0,0,0,2,0,0,0,0,1,0,0,0,0,0,0,1,0,0,0,0,0
"COG2519",0,0,0,0,0,2,0,1,2,0,0,0,0,9,0,7,0,1,2,0,4,0,0,0,1,0,1,4,0,0,0,0,0,3,2,0,1,0,0,0,0,0,2,2,0,3,0,0,0,0,0,1,1,0,7,27,1,0,0,0
"COG2602",14,3,9,12,8,2,8,19,2,5,16,13,2,15,3,12,11,7,2,1,2,2,11,13,6,0,0,5,0,1,11,2,3,9,19,6,1,7,12,3,5,2,4,4,8,7,14,1,8,7,1,3,3,4,3,16,16,8,4,8
"COG2603",5,0,0,0,0,0,1,5,1,2,3,1,1,2,2,0,0,1,0,0,14,4,0,0,0,0,0,0,1,0,0,1,0,2,0,0,4,0,0,1,0,1,0,0,0,1,0,1,1,0,0,0,0,0,3,1,0,0,0,0
"COG2604",8,1,17,6,5,6,6,4,1,7,1,0,0,0,1,0,0,0,0,3,0,0,4,4,1,38,4,0,1,0,8,0,2,0,47,0,6,0,8,7,7,0,3,1,10,14,8,1,7,17,0,18,3,0,2,0,0,4,0,5
"COG2605",11,5,7,14,26,6,15,23,12,19,5,20,17,10,16,1,16,13,18,15,5,32,27,19,21,10,28,26,23,16,22,28,26,37,32,33,38,4,45,39,35,66,17,33,34,9,33,7,16,38,24,49,102,34,5,7,35,38,36,55
"COG2606",34,27,15,33,23,24,28,24,28,27,29,20,20,20,29,31,26,41,23,16,28,25,25,29,34,29,29,26,22,14,22,14,17,29,24,26,29,32,23,28,29,19,23,24,18,31,31,9,3,22,26,19,18,29,16,26,25,26,21,34
"COG2607",31,32,27,22,16,23,19,15,16,30,22,8,22,30,13,56,42,24,14,9,5,12,27,36,12,13,20,32,13,9,35,7,21,18,38,31,18,27,17,25,28,6,22,37,28,27,27,5,20,34,21,7,6,26,10,14,12,26,7,41
"COG2608",20,14,26,15,10,18,8,7,22,9,29,6,10,38,5,12,17,46,3,5,3,3,15,22,15,19,9,38,6,1,25,8,11,22,26,14,12,44,12,8,18,5,16,23,20,13,11,2,7,14,4,9,5,19,15,11,11,12,4,13
"COG2609",15,6,3,0,2,2,2,0,1,5,5,0,0,4,1,0,1,2,0,2,18,2,0,0,5,2,0,0,1,4,1,1,2,2,0,0,3,1,1,0,0,0,0,0,0,1,0,1,1,1,0,2,0,0,12,0,0,1,0,0
"COG2610",89,17,22,15,38,23,14,44,38,49,22,25,31,44,31,103,43,46,29,30,90,72,24,24,34,10,29,16,33,19,14,34,14,8,27,12,15,10,7,13,7,11,9,16,21,24,10,5,6,11,20,11,21,16,23,27,27,13,15,14
"COG2703",5,7,13,5,2,2,2,1,8,11,0,2,2,1,2,1,1,0,0,2,0,0,4,9,4,6,3,8,1,0,9,1,4,1,20,7,9,1,7,5,5,6,1,0,7,6,7,3,2,6,13,2,0,12,1,1,2,5,0,5
"COG2704",34,18,7,17,53,52,19,33,46,36,14,37,50,6,60,30,26,25,40,54,48,60,16,20,52,22,29,24,25,30,21,44,40,20,35,27,44,14,41,29,25,27,33,27,19,17,24,2,5,8,30,19,52,31,24,19,44,34,49,19
"COG2706",37,17,24,19,25,15,30,34,26,28,22,24,26,27,29,28,11,26,15,21,30,44,33,19,22,18,24,28,26,15,28,23,30,12,38,23,35,18,27,24,16,16,18,26,21,35,28,15,5,20,58,11,35,27,24,10,28,20,20,38
"COG2707",0,2,0,0,1,0,0,2,0,0,10,0,0,1,0,9,0,7,1,0,4,0,0,0,0,0,0,0,0,1,0,0,1,1,3,0,0,0,1,0,0,0,0,0,0,2,1,0,1,0,1,2,0,0,8,7,0,2,1,0
"COG2710",21,10,13,18,7,23,14,17,11,5,14,11,7,25,4,6,20,16,17,5,2,27,18,9,11,2,12,7,6,5,13,10,12,7,19,4,11,11,6,16,4,3,5,12,19,23,30,3,2,5,8,16,3,8,9,8,8,7,5,7
"COG2715",8,15,32,15,18,9,23,20,22,17,4,20,12,11,27,7,6,14,17,17,2,13,22,11,15,17,14,19,21,32,23,27,37,26,16,23,27,29,32,25,22,54,39,27,27,34,32,57,60,29,42,51,36,23,41,11,48,26,38,21
"COG2716",3,0,0,0,1,1,0,0,0,3,1,0,0,0,0,0,2,0,0,1,8,0,0,0,0,0,0,0,1,0,0,1,1,1,0,0,1,0,0,0,0,0,0,0,0,2,0,0,0,0,0,1,0,0,2,1,1,0,0,1
"COG2717",10,1,3,3,2,3,1,3,10,8,1,0,14,5,0,0,2,0,0,1,12,16,1,1,4,1,5,1,1,2,3,1,0,1,8,21,1,0,0,0,1,0,0,1,5,5,3,2,0,1,0,6,0,0,7,3,0,2,7,1
"COG2718",7,0,1,0,0,0,2,0,1,2,2,0,2,1,1,0,0,1,0,4,10,3,0,0,1,1,0,0,0,0,0,3,0,2,1,0,5,1,1,0,0,0,0,0,0,0,0,1,0,1,0,0,0,0,5,0,1,0,2,0
"COG2719",3,5,0,0,0,0,2,0,2,0,0,0,1,7,1,0,1,3,0,1,14,1,0,0,0,0,0,0,1,0,0,2,1,1,1,0,2,0,0,0,0,0,0,0,0,1,0,1,0,0,0,2,0,0,4,3,0,0,0,0
"COG2720",10,33,15,12,10,12,23,16,12,18,11,6,8,29,7,12,13,9,12,5,6,3,20,35,16,8,21,11,10,2,38,10,14,64,34,18,15,60,9,18,17,3,11,19,14,25,11,5,10,34,22,7,6,21,6,3,12,7,5,19
"COG2721",54,52,50,55,52,59,32,54,53,54,27,31,53,41,64,65,129,69,55,42,40,60,30,38,61,17,30,49,53,65,33,59,56,41,40,55,35,30,38,45,44,60,73,45,42,32,46,67,48,23,55,79,25,63,49,11,65,44,70,38
"COG2723",128,73,99,57,29,68,38,40,51,59,137,65,56,145,14,84,115,71,27,18,109,88,36,73,38,32,36,54,40,13,139,27,26,37,94,72,56,53,25,47,51,15,53,74,65,60,66,21,35,26,54,26,8,78,75,111,30,65,65,63
"COG2730",16,55,103,83,6,28,60,15,70,56,22,28,62,30,57,64,36,60,28,38,26,33,69,141,65,64,73,71,109,122,47,21,35,35,42,35,69,101,28,66,70,138,32,36,83,47,58,110,205,54,82,131,39,76,59,102,35,55,104,52
"COG2731",41,16,31,21,16,20,21,25,33,30,17,41,24,16,21,41,31,26,23,19,48,30,21,14,22,25,18,25,20,24,17,27,19,19,18,17,40,13,31,21,17,21,25,21,20,28,31,40,15,16,20,19,24,35,38,12,28,18,28,13
"COG2732",2,4,0,0,0,0,0,0,1,1,0,0,0,2,0,0,0,0,0,0,4,2,0,0,0,0,1,0,0,0,0,0,0,0,0,0,0,0,0,0,1,0,0,0,0,0,0,0,0,0,0,0,0,0,0,0,0,0,0,0
"COG2733",8,10,1,0,3,1,0,2,1,3,9,5,1,1,0,47,1,4,6,1,15,4,0,0,0,3,3,11,1,8,5,5,5,0,7,0,4,6,6,0,8,4,0,1,1,9,7,2,3,0,0,7,0,0,22,2,0,11,2,0
"COG2738",17,27,12,29,34,27,20,20,24,35,17,27,25,15,24,9,19,22,28,18,11,8,20,18,23,9,27,22,21,11,13,16,17,12,7,8,13,15,14,6,18,12,11,13,5,11,11,1,4,17,6,7,16,11,2,5,13,15,11,15
"COG2739",9,19,10,8,16,3,7,8,6,23,18,3,5,20,3,8,14,6,5,3,3,6,9,12,8,4,13,12,7,1,19,4,3,11,12,9,2,21,3,7,22,2,12,2,9,16,13,1,8,16,2,3,2,16,3,6,10,4,7,13
"COG2740",8,23,10,3,3,5,7,6,6,8,12,6,5,12,2,7,5,12,7,3,0,3,4,9,1,7,7,12,2,2,16,3,7,13,8,8,3,11,2,6,11,2,2,7,5,9,19,0,3,6,7,5,3,5,3,3,8,6,3,7
"COG2746",16,1,6,2,5,5,1,4,7,12,0,3,2,2,0,0,0,1,0,0,13,0,3,9,2,9,2,1,7,0,1,0,3,1,8,4,2,1,2,2,5,1,2,4,2,0,2,0,0,8,8,1,0,7,0,6,0,1,0,5
"COG2747",1,0,0,0,0,0,0,0,0,0,0,0,1,0,0,0,0,0,0,0,0,0,0,0,0,0,0,0,0,0,0,0,0,0,0,0,0,0,0,0,0,0,0,0,0,0,0,0,0,0,0,0,0,0,0,0,0,0,0,0
"COG2755",82,108,247,127,205,161,151,159,184,151,59,144,129,78,146,98,139,96,176,202,65,133,166,157,152,128,147,157,154,175,103,177,183,91,163,127,188,104,226,136,141,167,189,97,177,131,137,220,146,98,129,185,200,160,89,45,202,162,183,155
"COG2759",60,94,58,60,54,89,68,57,59,50,79,54,76,84,42,64,62,67,83,49,32,45,47,56,79,64,70,63,49,84,74,46,66,78,55,77,57,90,58,53,77,70,48,66,69,49,67,84,77,63,37,54,46,72,72,86,49,61,41,64
"COG2761",0,1,1,0,1,0,0,0,0,0,2,1,1,6,0,0,0,4,0,0,13,0,0,0,1,1,1,0,0,0,0,0,0,0,0,1,0,0,0,0,0,0,0,0,0,0,0,0,0,0,0,0,0,0,4,2,1,1,0,0
"COG2764",5,0,0,0,0,0,0,0,2,1,0,0,1,0,2,0,1,0,0,2,7,1,0,0,0,0,0,0,1,2,1,1,1,0,0,0,2,0,1,0,0,0,1,1,0,0,0,0,0,0,1,0,0,0,6,0,0,0,2,0
"COG2766",13,2,0,0,0,0,1,4,5,4,2,0,1,7,0,0,0,0,0,2,11,3,0,0,0,2,0,1,2,1,0,2,0,1,2,0,1,1,0,0,0,0,1,0,1,0,0,0,0,0,0,2,0,0,13,2,0,0,0,0
"COG2768",18,22,8,32,30,42,16,31,25,14,19,26,24,31,35,63,42,43,16,15,22,9,24,20,30,2,22,22,26,9,24,26,35,30,32,23,14,31,22,26,29,14,42,29,25,15,27,2,4,25,13,11,29,25,37,24,41,22,32,8
"COG2770",1,3,0,0,0,1,1,0,1,1,9,0,0,1,0,0,0,1,0,0,0,0,0,0,0,1,0,0,0,0,0,0,0,0,0,0,0,0,0,1,0,0,0,0,0,0,0,0,0,1,0,1,0,0,0,1,0,0,0,0
"COG2771",66,16,0,1,3,0,6,4,10,17,8,3,2,1,4,4,2,5,6,19,92,15,1,0,2,6,2,1,5,5,2,9,4,15,3,1,16,2,3,0,3,2,2,7,1,6,2,1,1,5,4,3,8,2,30,16,2,0,2,1
"COG2801",245,137,187,145,163,171,412,202,115,202,171,163,116,238,118,240,120,208,168,101,772,75,158,128,129,233,98,159,144,359,152,181,131,265,150,126,151,250,126,236,221,291,157,122,235,220,222,499,232,171,80,175,106,115,308,267,87,168,154,71
"COG2804",31,51,33,21,9,21,21,18,30,34,49,20,10,33,14,47,8,14,6,7,127,22,12,49,15,16,21,16,14,6,25,13,18,36,24,18,18,19,10,12,37,15,4,9,26,20,36,12,0,34,21,6,4,27,17,19,17,22,4,14
"COG2805",36,21,17,22,10,22,26,14,30,28,16,9,10,26,9,43,8,8,11,7,62,15,13,55,7,8,16,16,10,7,27,6,17,30,30,19,15,42,8,18,23,9,9,3,31,18,24,2,9,25,16,9,6,18,24,11,11,23,7,19
"COG2807",23,6,2,0,2,1,4,0,5,3,27,2,0,0,0,2,1,6,0,4,21,6,0,0,1,2,1,2,4,5,0,3,1,2,1,0,5,1,0,1,2,1,2,0,1,4,0,0,1,0,2,1,0,0,16,5,0,1,1,0
"COG2812",68,108,104,93,78,100,116,94,86,102,107,72,103,112,106,148,81,80,94,124,78,78,87,116,117,112,123,111,119,118,117,99,96,98,113,130,92,116,116,107,86,147,94,94,101,103,131,114,119,127,94,122,100,109,136,100,115,107,110,117
"COG2813",28,6,6,0,2,1,4,6,5,9,21,0,0,6,0,3,2,3,2,3,26,5,1,1,2,16,0,1,4,2,3,7,1,8,1,0,4,6,1,1,2,0,1,1,0,1,0,0,1,0,1,6,1,0,15,24,0,0,2,0
"COG2814",49,30,24,15,30,19,14,32,19,24,31,32,29,27,35,86,22,41,43,23,58,50,16,25,27,47,22,20,42,48,13,35,30,20,13,36,29,8,37,30,29,46,33,42,27,24,25,42,57,31,19,39,27,16,70,58,22,33,25,25
"COG2815",13,36,20,21,17,16,24,9,26,19,54,5,5,48,5,33,11,15,13,5,20,15,15,25,20,7,19,19,13,1,32,6,10,30,26,20,12,23,4,40,14,4,6,25,21,18,18,6,5,33,21,3,2,14,12,77,14,17,1,14
"COG2816",40,32,30,22,18,25,23,29,24,34,21,15,27,30,18,28,24,17,35,25,20,22,31,12,15,21,20,34,28,28,20,34,22,13,26,39,38,28,19,23,18,19,18,16,22,27,17,39,23,25,26,26,23,23,42,61,19,26,13,23
"COG2818",18,17,7,11,15,13,13,17,16,11,24,25,20,9,21,0,7,17,14,11,19,22,12,11,20,3,13,6,16,3,14,29,17,21,6,23,11,4,25,6,8,10,22,18,16,22,19,3,1,7,18,9,20,15,11,11,26,15,30,11
"COG2819",21,15,14,20,26,20,13,20,21,19,20,9,15,22,21,23,41,10,5,12,5,6,23,19,11,11,17,18,14,13,39,17,12,11,19,16,8,16,27,8,17,9,20,18,16,9,11,3,3,10,18,8,10,27,4,6,9,20,31,19
"COG2820",25,25,15,22,26,27,28,29,28,24,30,22,20,10,26,18,32,19,28,35,20,25,21,25,35,22,29,24,27,27,19,29,23,38,23,24,32,24,30,33,27,30,36,21,19,31,39,39,27,33,27,30,23,22,21,13,45,20,33,34
"COG2821",21,4,0,1,2,0,1,4,4,3,2,0,1,1,1,1,2,2,1,0,14,0,0,1,0,2,2,1,3,2,0,2,3,2,0,1,1,1,0,1,4,3,3,1,2,2,2,1,1,0,1,2,4,0,10,3,2,2,0,0
"COG2822",9,2,0,0,0,0,0,0,2,4,10,1,0,0,0,0,1,2,1,0,10,2,0,0,0,2,0,0,2,0,1,3,0,2,0,0,1,0,0,0,0,0,0,1,1,0,0,1,0,0,1,0,0,0,7,1,0,0,1,0
"COG2823",14,4,1,4,1,1,3,5,5,4,1,1,1,3,0,0,1,2,3,2,12,2,0,0,1,5,2,1,0,3,2,1,0,2,0,1,3,0,2,2,3,1,0,0,0,3,0,1,0,1,0,5,3,0,13,3,2,0,2,0
"COG2824",13,0,1,0,0,0,3,1,0,2,10,0,0,4,0,0,0,0,0,2,10,1,0,0,0,0,0,0,0,2,1,1,1,0,0,0,6,0,0,1,1,0,0,0,0,2,0,0,0,0,1,2,0,0,6,4,0,0,1,0
"COG2825",9,3,1,2,0,0,1,4,7,2,5,2,4,1,9,1,1,1,3,4,5,9,2,1,4,10,3,0,3,1,1,3,1,0,0,1,0,0,1,1,1,1,0,5,0,1,0,0,1,0,2,4,4,0,5,1,2,2,0,2
"COG2826",59,44,142,69,40,92,58,37,37,81,141,33,61,187,17,49,183,40,46,41,31,12,23,85,58,71,32,92,41,8,97,23,48,43,134,96,55,192,50,17,78,42,20,44,46,22,94,119,697,75,210,47,9,60,70,104,147,110,18,65
"COG2827",9,9,1,8,8,2,2,3,4,4,18,1,5,13,2,9,5,5,2,1,5,5,3,4,1,5,2,5,3,1,5,2,2,9,4,8,1,4,4,4,7,1,5,3,5,3,5,0,1,7,2,2,0,5,6,9,3,3,1,4
"COG2828",12,1,1,2,7,0,4,8,1,1,2,1,2,6,6,8,2,6,1,3,8,2,3,1,1,2,2,0,2,1,2,4,1,3,7,3,6,0,0,0,2,0,0,0,1,1,1,0,1,1,1,2,9,1,9,3,10,1,3,3
"COG2829",6,4,0,2,5,2,2,4,3,1,5,7,1,0,1,0,1,4,4,3,11,1,1,0,2,0,5,1,0,0,0,5,1,8,1,0,0,2,0,1,3,5,0,2,2,2,3,4,1,2,2,3,2,1,4,1,2,2,0,1
"COG2830",2,3,2,4,5,4,2,8,7,7,1,10,9,1,5,0,3,6,5,6,1,9,8,5,13,6,5,3,3,7,5,18,18,6,4,6,24,4,21,16,5,16,18,13,8,12,8,2,2,2,12,11,21,12,0,1,25,11,13,10
"COG2831",2,4,1,2,10,0,5,4,5,0,9,1,2,4,7,2,11,5,12,2,0,28,0,1,5,12,1,2,1,4,4,4,7,11,1,4,2,0,2,7,3,0,5,1,2,3,5,1,0,1,9,7,3,2,4,0,14,4,1,0
"COG2832",9,4,4,2,0,0,4,3,4,7,15,10,2,4,1,6,2,4,3,1,8,4,3,0,4,2,2,8,2,1,1,2,2,3,7,2,4,0,2,1,0,3,3,1,2,2,0,0,3,0,0,1,0,1,3,3,0,3,0,0
"COG2834",7,3,0,1,3,2,1,2,2,2,1,1,0,3,0,0,1,1,1,0,12,0,0,2,1,11,2,0,1,4,2,0,1,9,1,1,4,2,3,0,3,0,1,0,0,2,1,1,1,5,0,7,3,1,6,4,1,2,0,4
"COG2835",0,0,1,0,1,0,0,0,1,0,0,0,0,0,0,0,0,0,0,0,3,2,0,0,0,0,0,0,0,0,0,0,0,2,0,0,1,0,0,0,0,1,0,0,0,0,1,0,0,0,0,0,3,0,2,2,0,0,0,0
"COG2836",0,0,2,2,8,0,2,1,3,1,2,0,1,2,0,4,1,0,1,0,0,0,0,4,0,2,3,0,3,0,2,0,0,2,0,0,0,1,2,0,7,0,0,1,5,0,3,0,0,2,0,0,5,0,0,0,4,2,0,0
"COG2837",21,3,2,1,3,0,4,4,6,8,33,2,5,4,6,0,6,6,2,18,16,20,6,0,6,1,0,1,2,3,4,18,11,1,2,7,10,1,6,2,2,1,1,5,5,16,1,0,0,0,11,2,17,4,5,7,2,5,5,6
"COG2839",0,0,1,2,4,4,0,4,3,1,0,6,7,1,4,0,6,3,3,6,0,1,5,3,6,0,3,0,0,1,1,1,5,1,1,6,2,1,2,3,2,0,8,6,0,3,1,0,0,4,5,2,7,5,0,0,5,3,4,5
"COG2840",6,2,0,2,1,1,1,2,3,2,2,0,3,2,1,0,1,3,1,1,13,2,0,0,1,7,0,0,0,3,0,1,3,1,0,0,3,0,0,1,1,0,3,0,4,2,0,1,0,0,0,3,3,0,7,3,1,1,0,0
"COG2841",1,0,0,0,0,1,1,1,1,3,1,0,0,0,0,0,0,0,0,2,1,2,0,0,0,0,0,0,0,0,0,0,0,0,0,0,1,0,0,0,0,0,0,0,0,0,0,0,0,1,0,0,0,0,7,0,0,0,0,0
"COG2842",2,5,0,1,0,0,1,5,2,5,0,4,0,0,4,1,2,1,7,1,0,0,4,3,2,1,9,1,3,3,7,1,1,12,0,3,4,1,0,12,0,1,13,2,2,2,6,2,1,3,8,6,3,5,0,0,4,0,2,3
"COG2843",36,55,27,49,51,59,33,42,50,53,49,43,40,45,42,29,36,41,35,66,35,36,64,104,31,17,52,44,40,10,73,34,37,55,54,48,36,70,82,30,57,28,48,49,34,52,41,10,19,27,61,20,58,64,17,55,53,41,42,51
"COG2844",28,5,4,3,2,13,2,0,7,5,11,0,4,17,0,34,1,3,5,3,24,1,0,0,2,17,2,10,5,2,5,3,1,5,1,0,3,3,2,1,6,4,1,1,3,3,0,1,1,2,0,12,4,1,23,65,1,1,5,0
"COG2845",0,0,0,0,0,1,0,1,1,0,0,0,0,0,0,0,0,0,0,0,0,0,0,0,0,0,0,0,0,0,0,0,0,1,0,0,0,0,0,0,0,0,0,0,0,1,0,0,0,0,0,0,0,0,0,0,0,0,0,0
"COG2846",5,9,5,10,10,5,17,5,3,7,2,5,13,4,17,0,1,3,4,13,4,6,6,0,15,3,2,11,13,7,13,21,11,6,4,10,18,4,12,11,6,12,10,4,3,7,4,17,1,3,12,9,14,15,14,5,10,12,14,11
"COG2848",18,47,45,52,25,47,44,16,24,38,66,22,23,43,22,57,62,44,30,11,10,12,20,20,24,27,38,46,36,41,56,6,18,27,38,23,39,46,8,34,36,60,24,38,31,23,33,55,38,29,12,29,8,36,53,52,21,33,7,31
"COG2849",0,9,11,11,44,32,10,13,14,8,3,30,9,0,8,2,11,15,18,13,8,55,16,15,17,2,13,8,7,10,7,10,25,8,5,4,4,1,17,32,2,8,26,31,5,10,2,0,0,13,18,1,16,3,0,0,9,1,10,9
"COG2850",11,5,1,0,1,0,0,1,11,3,4,0,1,0,1,0,0,1,0,4,6,0,0,0,0,1,0,0,3,4,0,1,1,1,0,0,3,0,0,0,0,1,0,2,0,0,0,1,0,1,1,0,0,0,5,3,0,0,8,0
"COG2851",7,2,1,8,7,7,2,2,3,5,0,2,10,15,8,11,3,8,3,2,0,11,3,1,8,2,3,7,3,1,4,2,4,2,9,8,3,1,1,9,2,2,4,4,4,7,7,1,1,3,3,4,4,5,1,0,19,5,5,2
"COG2852",5,6,2,11,2,5,2,1,6,3,0,2,4,8,4,0,13,2,4,2,5,2,3,3,3,2,5,2,3,4,5,2,1,4,1,2,4,11,1,2,10,0,4,8,2,5,2,4,2,4,1,1,2,4,3,1,0,1,4,1
"COG2853",9,1,1,1,1,2,0,2,1,0,3,1,0,2,2,0,0,1,1,2,7,4,1,1,1,5,2,1,0,9,0,2,1,1,0,1,3,0,0,2,1,3,1,1,1,3,0,0,1,0,1,1,5,0,6,1,0,1,0,0
"COG2854",6,0,1,3,1,2,2,4,1,1,2,1,0,0,0,0,0,0,1,3,2,0,0,0,3,10,2,0,2,1,1,0,1,3,0,1,2,2,1,1,3,0,0,0,2,1,0,1,0,0,0,2,1,0,3,0,2,0,2,0
"COG2855",17,18,20,14,28,40,28,31,28,22,46,53,37,24,29,30,15,44,33,62,47,27,43,31,45,24,36,29,45,43,37,61,47,26,8,24,46,28,40,32,42,69,56,45,40,45,35,19,95,45,26,92,35,33,25,52,32,45,23,30
"COG2856",17,16,63,63,7,14,7,9,11,27,28,12,2,32,3,10,21,11,22,30,12,10,31,26,19,37,15,24,9,36,29,6,6,26,7,9,37,29,10,36,13,47,9,19,23,10,29,30,63,60,16,63,7,20,19,24,3,18,14,17
"COG2859",0,10,32,12,11,8,25,18,12,8,0,15,17,1,17,1,7,7,17,12,0,5,6,5,17,22,18,15,8,32,3,12,9,0,3,9,13,5,15,21,11,28,9,9,7,4,17,32,32,27,8,26,15,11,14,0,24,20,23,11
"COG2860",22,17,6,13,23,24,10,20,13,12,17,23,13,14,23,27,16,18,20,22,26,13,7,19,29,4,22,13,18,14,8,27,13,13,16,11,13,17,20,16,13,12,20,31,17,3,12,8,5,16,22,8,26,14,16,24,27,12,29,13
"COG2861",14,3,1,1,6,3,4,0,1,3,4,2,3,1,1,0,2,6,1,5,14,3,0,1,0,5,0,1,3,1,0,5,3,3,3,0,2,4,1,3,2,1,0,2,1,3,3,1,0,1,0,4,0,1,7,2,1,0,3,0
"COG2862",11,2,2,1,0,1,0,1,1,1,3,0,0,0,0,0,0,1,0,1,8,4,0,0,2,0,1,0,1,0,0,3,0,3,0,0,6,0,1,0,0,1,0,0,0,1,0,0,0,0,0,1,0,0,5,1,1,0,1,0
"COG2863",0,0,0,0,0,0,0,0,0,0,0,0,0,0,0,0,0,0,0,0,0,0,0,0,0,0,0,0,0,1,0,0,0,0,0,0,0,0,0,0,0,0,0,0,1,0,0,0,0,0,0,0,0,0,0,0,0,0,0,0
"COG2864",8,1,4,0,4,0,2,7,3,4,2,0,2,2,3,0,1,0,1,1,12,1,0,2,1,2,3,0,1,2,0,3,1,4,0,3,1,2,1,0,2,0,2,0,2,3,1,3,0,0,0,1,2,1,12,4,2,0,0,0
"COG2865",67,125,213,145,88,94,201,109,82,93,71,101,83,156,137,55,72,104,100,91,86,77,98,130,92,196,94,107,145,145,131,108,108,100,114,132,103,88,107,90,102,72,131,127,108,85,147,297,122,242,120,103,124,125,242,128,99,120,68,111
"COG2866",15,31,5,15,0,9,16,6,16,12,14,7,18,4,25,2,6,46,13,22,11,13,14,8,10,5,11,6,9,2,22,5,3,29,22,29,4,30,7,18,20,2,4,10,13,10,10,0,4,9,16,5,4,13,7,4,11,23,26,26
"COG2867",4,0,0,0,0,0,0,0,0,1,1,0,0,1,0,0,0,0,0,0,10,2,0,0,1,0,0,0,1,1,0,0,0,2,0,0,1,0,0,0,0,0,0,0,0,1,0,2,0,0,0,1,1,0,7,2,0,0,1,0
"COG2868",5,10,4,11,8,9,12,6,7,4,7,4,4,9,2,21,5,15,7,3,3,7,9,8,5,8,7,6,1,6,12,5,10,9,19,8,7,11,3,3,7,1,2,7,3,5,11,1,2,12,1,2,5,12,7,4,4,8,0,5
"COG2869",6,5,12,13,13,26,11,18,8,6,2,25,12,2,21,1,9,15,19,20,5,11,12,13,9,28,10,16,16,15,4,18,8,7,1,11,17,4,12,14,6,15,26,13,14,11,7,27,15,11,3,25,10,15,9,4,19,14,12,3
"COG2870",12,7,2,4,8,4,12,11,12,6,14,9,6,2,17,35,11,13,12,3,29,10,3,2,11,55,6,8,8,11,7,15,10,6,6,3,2,8,5,15,8,10,6,3,8,20,10,6,7,0,7,10,4,8,20,6,10,13,11,0
"COG2871",1,4,14,8,5,10,20,16,13,12,1,13,8,1,12,0,6,5,19,9,4,8,14,3,16,10,10,10,16,14,6,28,33,6,4,16,23,8,22,22,17,34,20,19,16,22,22,33,35,35,7,41,21,10,16,8,20,19,33,15
"COG2872",24,13,9,11,18,11,12,17,13,17,30,10,12,34,8,9,28,19,9,8,7,10,11,10,15,7,18,10,13,4,21,8,4,14,19,24,3,17,4,8,14,3,12,12,16,10,13,2,5,10,12,4,5,14,11,13,6,15,7,9
"COG2873",70,84,130,98,102,99,119,89,94,129,82,60,82,88,98,103,117,88,96,87,52,67,89,75,91,139,104,118,114,153,91,85,80,80,131,114,77,69,95,87,98,81,89,115,132,82,94,124,134,108,66,149,86,88,97,91,76,116,93,127
"COG2875",18,18,10,9,41,30,15,44,39,17,10,16,32,12,43,42,42,17,21,28,12,25,32,15,39,4,30,11,15,17,25,38,39,19,26,32,13,21,35,27,25,7,40,13,31,26,21,2,6,14,41,11,18,29,17,9,36,30,38,35
"COG2876",26,29,46,47,61,47,43,45,55,29,17,40,48,32,44,83,70,56,50,40,18,43,37,25,57,24,51,53,47,55,37,48,35,26,34,36,46,43,37,51,51,62,57,39,48,40,37,37,38,44,29,48,35,47,26,7,50,40,65,36
"COG2877",8,13,17,23,24,25,17,27,25,17,9,28,30,3,26,20,14,21,30,19,23,22,24,12,22,29,23,19,15,41,6,21,26,10,4,16,25,6,27,30,20,24,39,18,15,26,17,32,42,11,18,26,40,18,34,12,40,39,30,20
"COG2878",23,27,24,32,30,25,28,29,28,41,7,37,47,22,47,8,39,42,31,23,7,22,28,22,20,40,25,24,36,38,18,33,24,21,32,33,27,29,23,49,29,36,17,18,29,28,30,19,26,18,26,43,13,31,20,8,32,21,30,16
"COG2879",3,2,0,0,0,0,0,0,2,1,2,0,0,1,1,0,1,1,0,1,12,0,0,0,0,0,0,0,0,1,0,1,0,0,0,1,1,0,0,0,0,0,0,0,0,2,0,1,0,0,0,0,0,0,8,0,1,0,1,0
"COG2882",5,0,0,0,0,0,2,0,0,2,0,0,0,0,0,0,0,0,1,2,6,1,0,0,0,8,0,0,0,1,0,0,1,2,0,0,1,0,0,0,0,0,0,0,0,0,0,0,0,0,0,2,0,0,4,1,0,0,0,0
"COG2884",14,50,36,48,30,29,38,37,32,43,26,33,43,30,22,50,41,55,30,35,24,16,37,55,42,27,33,34,38,34,36,33,38,41,40,38,37,40,40,31,45,56,32,48,36,31,32,28,42,51,39,39,23,37,39,54,38,31,48,29
"COG2885",54,51,70,85,59,61,95,73,72,39,23,91,43,11,57,3,39,50,73,73,53,78,37,33,64,165,46,62,122,132,10,93,72,49,17,41,114,22,58,60,66,115,79,59,60,71,67,235,170,50,52,106,100,36,130,19,62,43,81,41
"COG2887",1,0,0,2,0,1,0,0,1,0,8,0,0,44,0,63,0,2,8,6,15,0,0,0,0,0,0,21,1,0,5,0,0,4,1,0,1,4,0,0,4,0,3,11,1,1,0,0,0,3,0,0,0,3,21,129,2,0,0,0
"COG2890",44,57,54,35,42,38,26,51,37,48,51,33,37,41,42,55,42,48,37,28,41,28,40,39,28,58,38,51,49,64,58,51,28,40,35,46,47,45,30,40,41,37,38,38,39,29,45,40,47,45,32,50,27,40,46,60,49,51,39,39
"COG2891",14,2,3,0,2,3,1,1,3,3,12,3,1,1,0,0,1,2,0,2,17,2,1,1,0,9,0,1,2,4,0,2,3,2,0,0,2,2,2,0,2,0,1,1,0,2,0,1,1,0,0,5,3,0,4,3,2,0,0,0
"COG2893",35,18,16,7,14,2,5,8,9,14,87,18,5,25,8,66,31,32,4,6,35,11,17,2,5,2,3,11,5,9,13,5,9,8,18,10,11,2,5,6,5,5,5,0,6,5,9,2,1,3,0,2,3,1,20,14,5,7,3,3
"COG2894",29,42,25,18,5,15,18,13,9,22,19,4,14,17,12,30,18,21,4,7,15,4,6,32,11,21,20,17,18,5,34,7,15,25,29,18,23,28,13,16,10,4,2,16,16,20,15,1,12,20,20,12,4,17,13,8,13,20,3,20
"COG2895",27,11,17,14,26,32,20,35,42,40,23,21,20,19,26,16,18,15,20,20,24,18,32,20,34,12,23,41,15,11,23,39,23,12,40,30,36,14,15,32,15,25,25,40,30,38,5,4,10,31,32,13,25,25,10,9,26,29,27,30
"COG2896",29,7,7,11,25,10,10,16,13,23,24,7,9,23,6,45,20,15,9,5,20,16,8,10,6,8,19,12,6,9,47,6,13,20,40,16,6,10,18,12,9,6,12,8,11,11,11,16,14,5,1,5,8,6,21,16,9,15,5,9
"COG2897",22,1,7,2,2,0,3,1,2,11,12,0,2,6,2,1,2,2,0,2,19,5,0,2,1,3,0,2,2,1,3,0,3,3,2,1,0,0,1,1,1,2,0,1,2,3,1,0,0,0,0,1,4,1,15,1,0,0,0,2
"COG2898",0,3,5,1,2,2,0,0,4,1,50,6,1,13,5,37,3,1,4,2,8,15,2,1,1,0,1,5,2,0,11,1,1,0,5,2,1,2,0,0,0,1,1,2,1,1,2,0,1,0,1,1,5,2,16,47,6,6,0,0
"COG2900",7,1,0,0,0,0,0,0,1,2,2,0,0,0,0,0,0,0,0,1,4,1,0,0,1,0,0,0,0,0,0,1,0,2,0,0,0,0,0,0,0,0,0,0,0,0,0,1,0,0,0,1,0,0,3,0,0,0,0,0
"COG2901",8,0,0,0,1,1,4,1,2,2,1,0,0,0,0,0,0,0,0,1,7,1,0,0,4,0,1,0,0,0,0,3,0,2,0,0,4,0,1,1,0,0,1,0,0,3,0,0,0,0,1,1,0,0,4,1,0,0,0,0
"COG2904",17,1,1,0,2,0,2,2,2,3,0,8,3,2,1,0,0,1,1,2,9,1,0,1,1,11,2,0,0,1,0,2,2,4,0,0,4,0,0,1,1,2,0,0,2,1,1,1,0,0,1,2,0,0,7,2,0,2,1,0
"COG2906",1,0,0,0,0,0,0,0,3,1,0,0,0,0,1,0,0,0,0,0,6,0,0,0,0,0,0,0,0,0,0,0,0,0,0,0,0,1,0,0,0,0,0,0,0,1,0,0,0,0,0,0,0,0,2,0,0,0,1,0
"COG2907",0,1,0,0,0,0,0,0,1,0,0,0,0,1,0,0,0,1,0,0,0,0,0,0,0,0,0,0,0,0,0,0,0,0,0,0,0,0,0,0,0,0,0,0,0,0,0,0,0,0,0,0,0,0,0,0,0,0,0,0
"COG2908",22,5,18,19,25,24,21,37,22,16,2,38,30,0,36,1,21,12,26,31,38,30,32,12,43,32,37,34,31,37,12,40,32,16,9,15,41,10,41,35,20,32,28,20,15,20,18,28,27,20,31,36,46,28,15,3,36,21,40,20
"COG2909",30,22,9,16,2,10,4,3,22,17,10,4,7,5,6,5,6,12,12,6,22,4,11,10,11,5,9,17,2,2,7,3,4,15,3,9,3,19,0,8,13,1,6,15,15,11,10,0,1,13,11,7,1,13,13,7,8,6,6,4
"COG2910",0,4,0,13,1,2,1,3,1,1,1,6,0,7,4,17,1,2,3,4,4,8,8,2,1,12,8,0,4,0,4,6,4,3,1,6,4,6,0,2,5,1,2,3,1,5,4,0,3,0,6,1,7,2,2,2,2,2,2,11
"COG2911",27,12,9,5,11,4,11,16,11,6,15,4,5,6,9,95,11,22,12,5,25,16,3,1,7,39,13,7,4,14,7,5,7,7,25,0,9,8,14,7,15,15,3,4,12,9,22,1,6,9,7,25,2,1,35,13,5,17,5,0
"COG2912",4,1,3,0,0,0,1,0,1,1,1,1,0,1,0,0,0,2,1,5,6,2,0,0,0,0,0,0,0,3,0,3,0,0,1,0,1,0,1,0,0,0,0,0,0,1,0,0,0,0,0,1,1,0,6,1,0,0,0,0
"COG2913",7,0,0,0,0,1,0,2,3,4,1,0,1,1,0,0,0,0,1,0,5,2,0,0,1,4,1,0,2,1,2,0,0,2,0,0,0,0,1,0,1,2,1,0,1,0,0,2,1,3,0,1,0,0,7,0,1,1,2,0
"COG2914",3,1,0,0,0,0,0,0,0,0,2,0,1,1,0,0,0,0,0,0,5,1,0,0,0,0,0,0,0,1,0,0,0,0,0,0,1,0,0,0,0,0,0,1,0,0,0,0,0,1,0,1,2,0,1,0,0,0,0,0
"COG2915",1,1,1,0,0,1,0,0,0,0,0,0,0,0,1,0,0,2,0,0,4,1,0,0,0,4,0,0,0,0,1,0,0,5,0,0,0,0,0,0,0,0,0,0,0,0,0,0,0,0,1,4,1,0,12,0,1,0,1,0
"COG2916",5,5,0,0,1,1,1,0,1,4,0,0,0,1,0,0,1,2,0,2,6,0,0,0,0,3,0,0,0,2,2,2,2,5,0,0,1,0,0,1,0,0,0,0,0,2,0,0,1,0,2,5,0,0,5,2,2,0,4,0
"COG2917",8,1,0,0,1,5,1,0,0,2,3,0,0,0,0,0,1,0,0,0,9,1,0,1,0,5,1,0,1,0,0,0,0,2,0,0,2,0,0,0,0,0,1,0,0,0,0,0,1,1,0,1,2,0,1,1,0,0,0,0
"COG2918",19,0,3,0,2,0,6,25,5,3,36,6,14,5,23,4,0,4,2,0,10,3,2,0,5,1,2,0,1,5,2,3,54,3,1,9,2,1,12,0,0,7,1,2,0,3,5,1,0,7,3,3,1,0,10,3,7,25,10,1
"COG2919",3,0,1,0,0,2,2,1,3,1,21,2,0,6,0,10,0,0,1,1,7,0,0,0,2,2,0,2,0,2,1,0,1,2,0,0,4,2,1,0,1,0,0,1,1,1,2,0,0,0,0,2,0,0,7,27,1,0,0,0
"COG2920",2,2,1,0,0,0,2,0,1,1,0,2,1,0,0,0,0,0,0,0,11,1,1,0,0,3,0,0,2,1,0,0,0,2,0,0,0,0,0,0,0,2,0,0,0,4,0,0,0,2,0,3,1,0,3,0,1,0,0,0
"COG2921",5,3,0,0,0,0,1,0,1,1,0,0,0,0,0,0,0,0,1,1,1,0,0,0,0,0,0,0,0,0,0,3,0,1,0,0,0,0,0,0,2,1,0,1,1,0,0,1,1,0,0,1,2,0,1,2,0,1,0,0
"COG2922",3,2,0,0,0,0,0,0,0,5,1,0,1,0,0,0,0,1,0,0,4,2,0,0,0,0,0,0,0,2,0,1,0,1,0,0,0,0,0,0,1,0,0,1,0,1,0,1,0,0,1,0,0,0,3,0,0,0,0,0
"COG2923",7,2,0,0,1,0,0,0,1,1,2,0,0,1,0,0,0,0,0,1,7,0,0,0,0,0,0,0,0,0,0,1,0,0,0,0,2,0,0,0,0,0,0,0,0,0,0,0,0,0,0,0,0,0,2,0,0,0,0,0
"COG2924",5,0,0,0,1,0,1,0,1,1,0,0,1,1,0,0,0,0,0,2,3,1,0,0,0,0,0,1,2,1,0,0,0,0,0,0,3,0,0,0,0,0,0,1,0,1,0,0,0,0,1,1,0,0,7,0,0,1,0,0
"COG2925",8,0,1,1,3,1,3,1,2,1,3,0,2,0,1,0,2,3,2,4,10,0,0,0,2,1,3,0,2,1,2,1,1,0,0,2,2,1,1,1,1,2,3,1,2,2,2,0,0,2,0,0,3,0,4,1,1,3,1,0
"COG2926",7,1,0,0,1,1,0,2,0,2,2,0,0,2,2,0,0,1,0,0,6,2,0,0,0,0,0,0,0,2,0,0,0,0,0,0,1,0,0,0,0,0,0,0,0,0,0,0,1,0,1,1,0,0,5,0,0,0,1,0
"COG2927",10,0,2,1,0,0,1,1,3,3,0,0,0,0,1,0,0,1,0,1,8,2,0,0,0,1,0,0,1,4,0,0,0,0,0,0,2,0,0,1,2,0,0,0,1,1,0,0,1,0,0,0,0,0,9,0,0,0,0,0
"COG2928",0,0,0,4,0,2,0,3,0,0,0,1,0,0,0,15,0,0,0,0,0,3,0,0,0,0,2,0,0,2,0,0,0,0,3,0,0,1,3,1,1,2,0,0,0,1,0,0,0,0,2,0,0,0,0,0,1,2,0,0
"COG2929",8,16,0,4,1,3,3,0,1,0,1,2,3,4,0,1,0,0,0,1,3,0,0,1,3,5,0,2,3,0,3,0,1,1,0,1,2,4,0,0,0,0,2,0,2,2,0,1,0,3,0,0,3,1,2,1,0,0,6,2
"COG2931",3,3,1,11,1,2,3,2,4,12,2,11,6,4,20,1,7,2,1,17,0,28,17,10,4,3,9,1,5,0,3,11,10,3,1,6,5,12,3,6,2,8,4,8,14,28,5,1,0,4,28,4,1,29,0,0,4,2,6,13
"COG2932",17,12,11,18,8,12,12,16,10,20,39,7,4,19,9,4,11,3,6,5,14,7,9,7,6,11,8,4,7,8,15,7,7,16,30,6,7,11,10,14,15,0,5,13,22,9,6,7,8,17,18,11,6,9,7,9,6,10,4,16
"COG2933",10,3,0,0,0,0,3,0,2,2,5,0,1,2,0,0,0,4,0,0,11,0,0,0,2,0,0,0,0,0,0,0,0,4,0,0,0,0,1,0,0,0,0,0,1,1,0,0,0,0,0,0,0,0,2,2,0,0,0,0
"COG2935",0,0,0,0,0,1,0,0,1,2,0,0,1,0,0,0,0,0,0,0,0,0,0,0,0,1,0,0,0,2,0,0,0,0,0,0,0,0,0,0,0,0,0,0,0,0,0,0,0,0,0,0,0,0,0,0,0,0,0,0
"COG2936",6,19,1,10,15,22,1,17,15,16,0,4,26,13,14,0,8,7,18,18,4,8,11,7,14,3,28,29,14,17,18,15,17,10,15,28,27,14,44,18,22,26,14,7,30,2,12,0,5,6,7,4,24,20,1,3,17,16,10,22
"COG2937",32,5,3,0,0,0,1,2,4,7,8,0,2,2,1,0,3,3,2,4,33,5,1,0,0,31,0,0,1,0,1,5,0,9,1,1,2,1,2,0,0,0,1,1,1,6,0,0,2,2,1,12,1,0,14,5,1,0,2,0
"COG2938",6,1,3,0,0,0,1,0,0,1,2,0,0,0,0,0,0,1,0,1,7,0,0,0,1,0,0,0,0,0,0,0,1,1,0,0,4,0,0,0,0,0,0,0,0,0,0,0,0,0,0,0,0,0,4,0,1,0,0,0
"COG2939",0,0,4,0,0,0,0,0,0,0,0,0,0,0,1,0,0,0,2,0,2,0,0,0,0,0,0,4,1,1,0,0,0,1,0,0,0,0,0,0,0,0,0,0,0,0,0,1,0,0,0,0,0,1,4,0,0,0,0,0
"COG2942",36,19,33,38,47,49,64,30,43,35,20,39,60,17,87,27,20,27,40,78,49,43,44,43,76,38,46,36,61,38,26,64,72,32,39,42,31,20,49,39,32,58,51,18,33,68,24,54,57,15,83,57,45,55,48,64,40,32,51,48
"COG2943",20,4,0,0,1,1,4,0,5,5,2,0,0,1,1,0,0,3,1,0,28,1,0,0,1,1,0,0,1,2,0,4,1,6,1,0,3,0,1,0,3,3,0,0,1,2,0,0,0,0,1,3,1,1,12,7,0,0,1,0
"COG2944",12,7,0,2,1,2,0,2,1,2,0,0,1,0,0,0,10,2,0,4,5,2,0,2,3,1,2,0,1,0,3,1,3,1,3,1,6,2,2,0,1,0,1,1,0,3,0,2,0,6,1,3,2,0,3,7,0,1,0,0
"COG2945",0,0,0,2,0,0,0,0,0,0,0,0,0,0,0,0,0,0,0,0,0,0,0,0,0,0,1,0,0,0,0,0,0,0,0,0,0,0,0,1,0,0,2,0,1,0,0,0,0,0,0,0,0,0,0,0,0,1,0,0
"COG2946",13,6,22,7,26,14,10,8,14,15,83,19,18,55,8,25,39,17,6,2,12,18,13,13,21,15,15,4,8,5,32,22,16,19,33,26,20,8,5,14,11,4,11,37,6,7,11,1,9,26,17,7,8,17,22,24,7,18,3,27
"COG2947",0,0,0,0,0,0,0,0,0,0,0,0,0,0,0,0,0,0,0,1,0,0,1,0,1,0,0,0,1,4,0,0,0,1,0,0,0,0,0,0,1,1,1,0,0,0,0,0,0,0,0,0,0,0,0,0,0,2,0,0
"COG2948",8,0,0,4,2,1,0,0,0,0,1,0,0,1,0,0,1,5,1,0,1,0,0,0,2,0,0,0,1,1,0,0,0,0,0,0,0,0,2,0,3,0,0,0,1,1,3,0,0,2,0,1,0,0,0,2,0,0,1,0
"COG2949",9,9,5,4,0,1,4,1,6,2,3,5,7,1,5,0,0,18,5,12,7,6,6,7,3,21,6,4,2,1,3,5,5,13,0,1,3,5,1,3,9,1,2,8,7,11,8,0,1,3,3,8,5,1,11,2,6,3,3,3
"COG2951",13,4,0,1,1,5,2,3,2,4,2,0,1,1,2,0,2,2,0,1,12,3,0,0,2,7,2,2,1,3,3,1,1,3,0,2,3,2,2,0,0,0,0,0,0,1,1,0,0,1,1,7,2,1,10,5,2,3,1,0
"COG2954",16,16,52,25,26,18,40,19,22,25,6,29,20,30,13,25,15,10,22,9,3,12,31,16,16,29,19,32,34,37,18,19,11,15,17,10,27,20,21,17,22,45,18,15,21,18,28,64,49,27,30,40,23,21,34,31,17,9,24,17
"COG2956",1,2,3,0,0,2,1,2,2,2,3,1,0,1,1,0,0,3,3,1,6,0,0,0,1,14,0,0,2,0,2,1,0,1,0,0,2,0,1,2,0,1,1,1,0,0,1,1,2,1,0,3,1,0,5,3,1,0,1,0
"COG2957",5,10,8,10,7,17,35,17,16,16,1,16,15,6,14,3,10,8,18,10,4,12,20,10,17,12,15,25,22,30,26,36,34,11,26,35,60,17,58,22,14,51,25,21,25,30,25,29,18,80,37,30,47,39,15,5,33,30,26,27
"COG2958",0,0,0,1,0,0,0,0,0,0,0,1,0,0,0,0,1,0,0,0,0,0,1,0,0,0,0,1,0,0,0,0,1,1,5,0,0,1,3,0,1,0,0,0,0,0,0,0,0,0,0,1,0,1,0,0,0,0,0,0
"COG2959",6,3,1,0,2,0,2,0,0,0,2,0,0,2,0,0,0,1,0,0,1,1,0,0,1,15,0,0,0,0,0,0,0,2,1,0,1,0,0,0,0,0,0,0,0,1,0,0,0,2,1,4,1,0,1,0,0,0,0,0
"COG2960",4,0,0,0,0,0,1,1,0,2,0,0,0,1,0,0,0,0,0,2,8,2,0,0,0,0,0,0,0,0,0,2,0,1,0,0,1,1,0,0,0,0,0,0,0,0,0,0,0,0,0,0,0,0,4,0,0,0,0,0
"COG2961",15,4,2,0,2,4,3,2,1,2,2,3,1,1,11,0,0,6,2,8,6,12,7,3,1,12,1,0,1,3,2,13,6,1,1,1,6,0,7,2,1,0,2,3,8,6,0,0,1,3,8,4,6,2,5,5,6,4,1,8
"COG2962",8,5,2,5,3,3,6,8,5,1,8,4,5,0,0,6,5,5,4,2,7,2,1,2,3,2,2,4,2,1,3,1,1,9,1,5,5,0,4,4,8,1,0,0,4,8,8,0,1,1,2,2,7,0,5,5,8,0,0,0
"COG2963",107,15,7,16,30,13,56,31,31,41,33,28,23,42,12,113,14,37,12,21,381,24,17,14,18,5,8,30,11,32,32,42,15,40,31,26,49,8,18,26,31,26,32,21,31,31,40,21,11,55,13,24,18,9,85,69,8,32,7,12
"COG2964",28,22,11,11,9,5,6,4,11,9,9,10,10,11,2,2,5,17,13,4,33,5,4,7,8,6,8,5,8,7,15,9,8,22,7,12,8,16,1,4,16,2,6,9,5,8,11,4,3,5,1,2,5,5,8,12,10,6,4,2
"COG2965",1,1,1,0,1,2,0,0,2,1,2,0,0,0,0,0,0,0,0,3,3,2,0,0,0,1,1,1,0,0,1,0,1,1,0,0,1,1,3,0,0,0,2,1,0,1,0,0,2,0,0,3,0,0,5,2,0,0,1,0
"COG2966",62,36,60,46,65,50,59,47,30,53,57,44,47,54,42,44,46,32,50,44,29,27,40,37,35,44,48,58,50,69,31,20,18,14,24,18,24,23,29,23,31,26,29,21,19,25,28,31,37,36,8,32,25,26,33,8,28,25,23,21
"COG2967",7,0,0,0,1,0,1,0,0,0,0,0,0,1,0,0,1,1,0,0,4,0,1,0,0,1,0,0,0,1,1,0,0,2,0,0,1,0,0,0,0,0,0,0,0,1,0,0,0,0,0,1,1,0,5,3,0,0,0,0
"COG2968",19,11,0,8,5,5,4,4,6,5,0,2,3,0,4,23,1,12,2,2,10,9,1,4,3,7,7,7,0,5,1,2,3,8,9,6,4,15,6,7,1,0,3,4,1,1,10,1,1,4,1,5,2,2,13,5,6,4,1,2
"COG2969",4,2,0,0,2,2,0,3,1,2,1,0,1,1,0,0,2,0,1,0,6,0,0,0,1,8,2,0,1,0,1,1,0,1,0,1,1,0,2,0,0,0,0,0,0,1,1,0,1,0,0,6,0,0,9,2,1,0,0,0
"COG2971",0,1,2,8,1,0,3,5,1,9,2,5,1,8,3,2,4,7,1,0,0,8,1,5,2,0,4,1,1,0,2,3,1,15,11,0,0,14,1,3,6,0,3,4,1,2,2,0,1,5,0,0,1,5,1,5,0,5,1,5
"COG2972",318,339,343,362,202,289,226,192,229,358,578,240,157,419,109,256,257,139,118,155,118,191,260,447,164,148,229,219,175,33,444,120,190,285,487,252,233,206,132,164,203,63,176,208,250,298,245,76,154,361,348,118,104,232,88,298,206,258,141,376
"COG2973",0,1,0,0,1,0,1,0,0,1,0,0,0,0,0,0,0,0,0,0,1,0,0,0,1,0,0,0,0,0,0,0,0,1,0,0,0,0,0,0,0,0,0,0,0,0,0,0,0,0,0,0,0,0,0,2,0,0,0,0
"COG2974",3,2,1,0,0,0,1,1,1,4,2,0,0,0,0,0,0,1,0,1,20,0,0,0,0,5,0,0,0,0,1,2,1,6,0,0,5,0,1,0,0,0,0,0,1,2,0,2,0,1,0,3,0,0,9,11,0,0,0,0
"COG2975",1,0,0,0,2,1,0,0,1,0,2,0,1,0,0,1,0,1,0,0,4,0,0,1,0,0,0,0,0,1,0,1,0,1,0,0,0,0,0,0,0,0,0,0,0,1,0,0,1,0,0,0,0,0,2,0,0,0,0,0
"COG2976",11,3,1,0,1,3,1,4,1,3,1,1,0,0,0,1,1,1,0,2,6,0,0,1,0,12,2,0,0,1,2,0,0,0,0,1,3,0,0,0,0,1,0,0,1,0,0,0,1,2,0,2,1,0,4,4,2,2,0,0
"COG2977",5,1,0,0,0,0,0,0,1,1,1,0,2,0,0,0,0,2,0,2,2,0,0,0,0,0,5,0,0,0,0,2,0,1,0,0,2,0,0,0,1,0,0,0,1,0,7,0,0,0,0,0,0,0,3,3,0,0,0,0
"COG2978",20,12,15,9,20,12,10,22,22,8,9,23,16,16,27,24,13,40,19,17,19,83,11,10,20,22,14,21,17,25,11,44,17,12,7,18,10,4,36,23,12,25,18,21,9,26,13,4,7,9,17,14,39,15,7,5,40,21,20,8
"COG2979",7,1,1,0,1,0,1,2,0,2,0,0,0,1,1,0,0,2,0,1,9,1,0,0,1,1,0,0,0,1,1,2,0,4,0,0,0,0,0,0,0,0,0,0,0,0,0,1,0,0,0,1,0,0,6,3,0,0,0,0
"COG2980",2,1,1,0,3,1,2,4,0,0,1,0,0,1,0,0,1,0,0,0,3,1,0,0,0,9,3,0,1,1,0,1,1,0,0,0,5,0,0,2,2,1,0,1,2,0,0,0,0,0,0,4,0,0,1,0,0,0,1,0
"COG2981",1,2,0,1,0,0,0,3,2,2,5,6,0,2,1,0,0,1,0,0,1,2,1,0,0,9,0,0,0,1,0,1,2,2,0,0,0,0,1,2,0,1,0,0,0,2,1,2,0,1,0,0,0,1,0,0,1,0,0,0
"COG2982",36,5,0,8,2,0,5,4,3,11,6,0,1,5,2,0,1,3,1,7,37,9,0,0,0,2,0,0,3,8,1,5,2,6,1,3,4,2,0,0,1,1,0,1,2,4,0,6,0,1,0,7,2,0,23,4,0,0,2,0
"COG2983",5,1,0,2,0,0,1,1,1,0,1,0,0,0,0,0,0,0,1,2,7,2,0,0,0,0,1,0,0,0,0,1,0,1,0,0,2,0,0,0,0,0,0,0,1,1,0,1,0,0,0,1,0,0,3,1,0,0,1,0
"COG2984",35,53,31,36,22,41,19,21,22,35,59,25,38,35,23,21,55,50,37,13,9,33,36,44,16,16,35,30,17,11,23,5,10,10,28,12,10,27,4,18,15,6,12,22,11,31,32,4,10,12,21,6,4,14,4,7,12,18,8,13
"COG2985",71,61,139,94,162,156,123,176,152,102,10,166,208,22,217,6,75,110,160,195,70,137,140,84,172,135,149,103,183,243,62,242,187,71,57,122,110,50,208,138,111,224,175,110,143,125,113,182,185,136,156,194,237,142,127,18,218,175,220,159
"COG2986",16,25,3,24,58,39,17,50,41,19,13,41,49,10,80,1,27,27,34,59,13,63,32,18,45,9,39,24,30,22,17,52,56,25,17,38,29,17,35,37,23,18,53,30,43,36,27,0,7,28,55,12,69,24,2,22,54,52,56,35
"COG2987",12,21,3,10,54,40,21,53,38,19,13,34,58,8,50,4,32,40,29,48,13,31,43,18,50,13,33,9,28,30,7,49,43,15,13,31,22,23,48,43,23,18,60,18,22,30,18,1,3,21,28,13,40,39,2,11,70,33,59,28
"COG2988",6,0,0,0,0,0,0,0,0,1,0,0,0,1,0,0,1,2,0,0,4,1,0,0,0,0,0,0,0,1,0,0,0,0,0,0,1,0,0,0,0,0,0,0,0,0,0,0,0,0,0,0,0,0,1,0,0,0,0,0
"COG2989",13,8,25,21,1,1,18,4,5,1,3,8,7,3,7,0,3,3,12,6,10,17,6,3,7,30,4,12,22,30,1,6,2,2,2,4,6,3,7,4,9,23,4,14,5,0,12,49,47,1,12,29,10,3,35,3,2,4,6,7
"COG2990",20,3,5,2,2,0,3,5,2,7,5,3,1,1,6,2,3,7,3,1,13,11,1,0,2,2,0,4,3,0,1,5,1,1,0,2,2,1,2,2,2,1,2,1,1,2,3,1,1,1,2,8,0,1,9,1,5,0,1,0
"COG2991",0,0,0,0,0,0,0,0,0,0,1,0,0,0,0,0,0,0,0,0,0,0,0,0,0,0,0,0,0,0,1,0,0,0,0,0,1,0,0,0,0,1,0,0,0,0,0,0,0,0,0,0,0,0,0,0,0,0,0,0
"COG2992",11,1,0,0,1,1,3,0,2,0,1,1,0,2,0,0,0,0,1,1,10,15,0,0,0,0,0,0,1,2,1,0,2,1,0,1,3,1,0,3,1,1,0,0,0,7,0,4,0,0,0,0,0,1,5,1,2,0,0,0
"COG2994",0,0,0,2,0,0,0,0,0,0,0,0,0,0,0,0,1,0,1,1,0,0,0,0,0,0,0,0,0,0,0,0,0,0,1,1,0,0,0,1,0,0,0,0,0,0,1,0,0,0,1,0,0,0,0,0,0,0,0,0
"COG2995",17,5,0,0,1,0,1,4,6,2,5,0,1,0,0,2,0,5,0,2,23,5,1,0,0,16,1,0,0,4,0,1,1,4,0,1,7,1,2,0,0,0,0,2,1,1,0,0,1,1,0,6,1,0,18,7,0,0,1,0
"COG2996",16,19,39,31,41,35,31,41,27,27,57,42,34,32,28,35,17,24,23,34,12,47,28,35,32,37,28,30,36,51,26,38,31,13,36,48,36,10,59,27,19,41,44,27,31,22,36,34,35,39,30,35,36,36,21,19,44,53,31,33
"COG2998",0,0,0,0,0,1,0,0,1,0,0,0,0,0,1,1,0,0,0,0,0,0,0,0,0,0,1,0,0,0,0,0,0,0,1,0,0,0,0,1,2,0,0,0,0,0,0,0,0,0,0,2,0,1,0,0,1,0,0,0
"COG2999",9,0,0,0,0,0,1,3,0,0,0,0,0,0,0,0,0,0,0,0,7,0,0,0,0,0,0,0,0,1,0,1,0,0,0,0,0,1,1,0,0,0,0,0,0,1,0,0,0,0,0,0,1,0,4,1,0,0,0,0
"COG3001",6,3,1,0,1,2,0,1,0,0,2,0,0,19,2,10,1,1,1,0,9,0,0,0,0,0,0,6,0,0,1,2,1,0,0,0,0,0,0,0,0,0,0,0,0,1,0,0,0,0,0,0,0,0,2,14,0,0,0,0
"COG3004",26,13,5,10,22,21,3,32,27,14,11,30,35,15,15,52,13,19,22,36,20,32,30,8,18,7,26,12,16,13,13,33,15,10,14,16,13,10,25,28,18,16,27,14,22,18,18,4,3,9,30,8,29,29,18,22,27,33,27,22
"COG3005",13,3,0,3,7,3,3,7,9,3,3,6,10,2,11,0,0,2,8,9,18,6,8,4,8,0,1,5,1,7,2,5,6,8,2,6,9,1,4,10,1,2,11,6,2,13,1,3,0,2,11,5,8,4,11,2,7,8,10,5
"COG3006",9,1,2,0,0,0,0,1,0,7,6,0,1,0,2,0,0,0,0,0,11,1,0,0,0,0,0,0,1,2,1,4,0,2,0,0,2,0,0,0,1,0,0,0,0,1,0,2,1,0,0,0,0,0,7,3,0,0,1,0
"COG3007",0,4,4,3,1,0,0,2,1,0,5,0,0,5,0,13,1,0,0,0,0,0,1,2,1,6,3,1,0,1,2,1,1,3,12,1,3,0,3,1,0,5,0,0,0,0,1,0,0,0,0,7,2,1,1,2,3,7,0,0
"COG3008",21,6,2,7,2,4,1,6,1,9,7,0,3,8,3,1,3,2,2,5,28,9,0,1,5,27,2,0,0,5,2,5,1,7,0,1,7,1,7,0,1,3,1,1,3,8,0,1,2,1,1,8,5,0,22,5,0,2,1,0
"COG3009",4,1,0,0,0,0,0,0,0,2,2,0,1,0,0,0,0,2,1,0,8,0,0,0,0,10,0,0,0,0,0,2,1,2,0,0,0,0,1,0,0,0,0,0,0,0,0,2,0,0,0,1,0,0,5,2,0,0,0,0
"COG3010",7,11,6,8,11,10,3,14,7,6,18,6,7,4,5,26,13,15,1,5,14,13,9,4,1,5,1,12,4,7,9,9,5,5,20,3,7,6,9,19,14,4,6,5,6,7,6,1,5,8,3,8,2,11,10,7,2,10,1,7
"COG3012",7,0,0,0,2,0,1,1,2,4,3,0,3,1,2,0,0,0,0,1,10,3,1,0,0,0,0,0,0,2,0,2,0,2,0,1,3,0,1,2,1,1,0,0,1,3,1,0,1,0,0,0,1,0,1,3,0,0,0,0
"COG3013",5,2,0,0,0,1,2,0,0,2,0,0,0,0,0,0,0,0,0,2,12,0,0,0,0,0,0,0,1,0,2,1,1,0,0,0,3,0,0,0,0,0,0,1,0,1,0,0,0,0,1,0,0,0,6,1,0,0,2,0
"COG3014",0,0,0,1,0,0,0,0,0,0,0,3,0,0,0,0,0,0,0,0,1,0,0,0,0,0,2,0,1,1,0,0,0,2,0,0,0,0,0,0,0,1,1,1,0,0,0,0,0,0,0,1,1,0,0,0,0,0,0,0
"COG3015",12,3,7,15,9,4,15,9,13,2,3,8,9,3,7,1,7,3,11,11,12,8,6,3,5,14,13,3,19,29,5,8,8,5,3,8,4,4,18,4,6,22,4,2,7,3,18,33,32,11,6,19,28,5,22,3,19,13,7,10
"COG3016",0,3,0,7,0,1,0,21,5,1,0,8,12,2,2,13,4,2,12,3,21,7,0,3,5,11,9,1,5,11,1,5,2,1,5,14,0,1,8,4,8,3,9,3,3,0,10,2,7,1,3,1,2,2,15,1,1,3,12,0
"COG3017",6,0,0,0,0,0,2,1,1,2,4,0,2,1,0,0,0,1,1,2,5,3,0,1,1,7,2,0,0,1,1,0,1,0,0,0,1,0,1,0,0,1,0,0,0,3,0,0,0,1,1,2,1,0,3,3,1,0,0,0
"COG3019",0,0,0,0,0,0,0,0,0,1,0,0,0,0,0,0,0,1,0,0,0,0,0,0,0,0,0,0,0,0,0,0,0,0,0,0,0,0,0,0,0,0,0,0,0,1,0,0,0,0,0,0,0,0,0,0,0,0,0,0
"COG3021",20,11,36,22,13,34,32,32,22,17,2,25,32,3,40,6,13,18,33,42,20,29,33,20,22,37,18,22,29,43,8,33,37,13,2,25,49,7,41,26,15,46,38,21,13,15,21,54,47,29,14,30,24,17,38,6,23,27,18,15
"COG3022",26,9,40,33,24,22,34,27,30,28,51,25,16,22,22,7,15,28,21,23,22,21,26,23,29,22,18,17,28,42,23,25,24,17,25,14,34,3,26,27,9,35,28,20,15,26,26,30,38,33,22,29,19,30,54,21,32,21,15,32
"COG3023",40,29,30,42,25,23,93,25,31,22,5,46,47,8,91,1,43,30,46,71,32,84,60,23,46,61,40,24,75,64,13,73,66,34,15,29,28,29,42,38,26,68,64,37,42,45,26,102,46,11,61,86,72,47,53,8,43,40,52,47
"COG3024",0,0,0,0,1,1,1,1,1,0,0,0,0,0,0,0,0,0,0,0,0,0,0,1,1,1,1,0,0,1,0,0,1,0,0,0,0,0,0,0,0,0,0,0,2,0,0,0,1,0,0,2,0,0,0,0,0,1,0,0
"COG3025",11,2,1,3,2,2,3,5,4,1,2,2,2,2,2,15,7,4,5,6,13,6,1,2,3,1,1,1,1,5,1,1,2,8,1,1,2,9,2,2,2,4,2,3,4,1,10,1,1,1,3,1,0,1,12,1,6,5,2,1
"COG3026",6,1,0,0,0,0,1,0,2,1,1,0,1,0,0,0,0,0,0,1,3,2,0,0,0,0,1,0,0,2,1,2,1,2,0,0,1,1,1,0,0,1,0,1,0,0,0,0,3,0,0,1,0,0,4,0,0,0,0,0
"COG3027",7,3,1,0,1,1,6,0,2,4,1,1,2,1,1,0,5,1,2,1,7,2,0,0,3,1,1,0,2,3,0,1,2,1,0,2,1,2,0,1,0,0,1,2,1,2,2,0,0,0,0,2,1,1,2,0,1,1,0,0
"COG3028",7,1,0,0,2,3,1,2,1,2,2,1,1,2,1,1,2,0,0,2,9,1,0,0,1,11,2,0,0,2,1,1,0,0,0,0,2,1,0,1,1,2,0,0,4,1,1,0,1,1,0,7,2,0,1,1,4,2,2,0
"COG3029",8,1,0,0,0,0,1,0,0,0,1,0,0,1,0,0,0,1,2,0,5,0,0,0,0,7,1,0,0,1,0,1,2,1,0,1,4,0,0,0,0,0,0,0,0,1,0,0,1,0,0,4,0,0,4,2,0,0,0,0
"COG3030",7,0,0,0,0,0,0,0,0,1,0,0,0,0,0,0,0,0,0,1,6,2,0,0,0,5,0,0,0,0,2,2,0,0,0,1,1,0,0,0,0,0,0,0,0,1,0,1,1,0,0,4,0,0,4,0,0,0,0,0
"COG3031",8,0,0,0,2,0,1,0,1,2,0,0,1,0,0,0,0,1,0,0,12,1,1,0,0,0,0,0,0,0,0,4,0,3,1,1,3,0,0,0,0,0,0,0,0,0,0,2,0,0,1,0,1,0,3,0,0,0,2,0
"COG3033",24,5,3,10,6,11,8,11,10,9,2,33,16,1,16,1,8,12,14,22,31,20,17,17,20,5,8,15,16,13,11,3,20,6,1,14,4,14,12,14,11,8,26,6,5,10,7,1,1,1,11,6,13,19,7,4,18,8,13,9
"COG3034",3,0,0,0,2,0,1,5,2,1,1,6,0,0,0,3,1,1,1,0,10,1,0,0,1,11,0,0,0,1,0,2,0,1,1,0,1,0,0,0,3,0,2,0,0,1,0,0,0,0,0,4,1,0,4,0,3,1,0,0
"COG3036",4,0,0,0,1,0,0,0,0,0,0,0,1,3,0,0,0,0,0,1,1,1,0,0,0,0,0,0,0,0,0,0,0,0,0,0,1,0,1,0,0,0,0,0,0,0,0,0,0,0,0,0,0,1,1,1,0,0,0,0
"COG3037",13,14,4,1,5,1,5,9,6,6,19,6,3,9,2,65,5,10,3,2,37,9,4,2,6,1,0,7,2,8,2,4,4,2,10,2,6,4,3,5,1,4,3,3,1,1,3,3,0,2,2,5,3,1,23,7,11,9,0,9
"COG3038",17,0,0,0,2,0,2,0,0,3,3,0,2,0,1,0,1,0,1,5,22,2,0,0,0,1,0,0,2,1,0,0,1,4,0,1,6,0,0,0,1,0,0,0,0,3,0,1,0,0,1,1,1,0,13,3,1,0,0,0
"COG3039",17,12,6,41,55,48,56,10,17,32,11,13,350,13,31,3,22,55,31,0,134,23,58,59,289,53,11,50,19,11,41,204,8,50,16,316,6,62,149,4,22,5,123,11,8,41,14,0,17,21,7,48,11,36,2,17,9,13,183,20
"COG3040",11,4,0,7,6,3,4,7,6,9,4,13,12,3,11,1,5,3,8,13,11,20,7,5,11,2,6,10,7,9,4,16,4,4,1,10,17,3,2,3,6,10,2,6,8,5,6,3,0,1,10,11,12,3,11,4,6,1,8,4
"COG3041",4,11,12,8,2,2,6,1,2,4,6,2,2,3,0,2,3,2,4,1,5,2,20,5,4,10,3,1,2,1,12,3,8,6,4,2,14,11,2,4,14,11,3,6,4,3,19,8,30,11,9,13,7,8,19,1,7,27,6,8
"COG3042",8,1,0,0,0,0,0,0,0,1,0,0,0,2,0,0,0,2,0,1,6,2,0,0,1,0,0,0,0,0,0,0,0,1,0,0,0,0,0,1,0,0,0,0,0,1,0,0,0,0,0,1,0,0,3,3,0,0,1,0
"COG3043",5,0,1,0,0,1,1,0,1,3,0,0,0,0,0,0,0,0,0,0,8,3,0,0,0,0,1,0,1,2,0,0,0,1,0,0,0,0,0,1,0,0,0,0,0,2,0,0,0,0,0,1,0,0,2,2,0,0,0,0
"COG3044",15,4,7,5,10,10,7,12,3,13,33,2,5,25,2,12,8,11,0,4,3,4,4,6,3,6,8,2,6,0,21,3,5,8,31,9,10,1,10,12,6,2,3,18,6,2,12,0,3,15,3,3,5,14,8,5,7,12,2,11
"COG3045",8,2,0,2,1,0,1,2,2,2,0,0,1,1,1,1,1,0,2,1,3,2,0,1,3,0,3,1,0,2,0,1,0,0,0,0,4,0,0,0,0,2,2,0,1,0,0,0,0,0,0,0,1,0,6,1,0,1,2,0
"COG3047",2,2,0,0,0,0,0,2,0,0,1,0,0,0,0,0,0,0,0,0,7,0,0,0,0,0,0,0,0,1,0,0,0,1,0,0,1,0,0,0,0,0,1,0,0,0,0,0,0,1,1,0,0,0,2,0,0,0,0,0
"COG3048",17,6,1,1,1,1,2,5,2,4,3,4,3,12,7,0,0,2,2,5,19,11,0,1,0,2,2,3,5,7,4,0,2,10,0,2,1,7,1,4,3,1,0,0,1,1,1,2,0,2,2,7,0,3,9,1,1,2,0,0
"COG3049",28,22,28,36,31,45,34,58,61,49,35,46,42,16,51,28,23,38,47,55,18,48,45,43,49,12,44,38,41,12,47,58,41,31,45,46,51,32,47,57,36,23,54,43,39,54,37,8,11,34,52,23,66,44,12,41,46,38,40,49
"COG3050",6,0,0,0,1,0,0,0,0,0,0,0,0,0,0,0,0,1,0,0,1,0,0,0,0,0,0,0,0,0,1,0,0,1,0,0,2,0,0,0,0,0,0,0,0,0,0,0,0,0,0,0,0,0,1,2,0,0,0,0
"COG3051",20,8,3,5,30,7,13,14,8,5,11,2,15,29,13,13,7,13,8,3,11,26,12,2,6,2,10,5,12,7,12,15,12,15,4,9,5,12,3,13,12,4,5,2,2,10,3,1,8,12,10,7,4,5,9,6,12,4,14,5
"COG3052",8,1,1,5,2,1,2,7,1,4,4,1,5,6,2,5,4,4,2,3,4,6,4,2,3,0,0,2,2,1,0,2,1,1,2,3,0,1,0,5,4,1,0,1,0,2,1,0,1,9,1,2,1,2,1,1,2,0,0,1
"COG3053",21,7,3,5,13,3,8,10,7,9,1,1,4,28,3,6,2,5,1,3,11,9,5,16,1,7,2,17,5,2,7,6,5,4,2,3,7,6,5,9,10,2,1,2,1,2,3,2,9,27,0,2,2,2,9,5,4,1,4,2
"COG3054",8,2,1,0,0,0,0,1,1,7,0,0,1,0,0,0,0,1,0,1,6,2,1,0,0,0,0,0,0,2,2,0,1,6,0,0,4,0,0,0,1,0,1,1,0,0,0,0,1,0,0,1,2,0,8,3,0,0,1,0
"COG3055",11,4,9,3,8,7,12,16,10,9,0,7,6,1,15,16,2,2,4,12,24,11,8,1,9,1,7,1,7,4,11,21,25,21,4,14,19,4,21,15,10,21,12,14,15,20,13,2,12,14,26,32,25,17,23,5,14,23,30,19
"COG3056",12,2,0,0,0,0,0,1,1,3,0,0,0,2,0,1,0,1,1,0,9,2,0,0,0,0,0,0,2,2,1,1,0,0,0,0,2,0,0,0,0,1,1,0,0,0,0,1,0,0,1,2,0,0,6,0,0,0,1,0
"COG3057",0,2,1,0,0,0,1,0,1,1,1,0,0,0,0,0,0,2,0,1,1,0,0,0,0,0,0,0,0,0,0,1,1,0,0,0,1,0,0,0,0,0,0,0,0,0,0,0,0,0,1,2,0,0,3,1,0,0,0,0
"COG3058",7,2,1,2,3,0,1,6,1,2,3,0,1,1,1,0,1,3,1,1,8,1,2,1,0,0,0,0,0,2,0,3,2,1,1,1,1,0,3,2,1,0,1,1,3,1,1,1,1,0,1,5,5,0,7,3,1,2,0,0
"COG3059",11,3,0,4,17,12,5,18,14,4,0,14,16,0,23,1,10,5,10,27,15,19,17,8,19,0,6,1,12,10,2,11,7,2,3,3,2,1,16,6,3,2,7,3,4,8,7,1,0,1,7,0,9,5,7,2,11,5,5,4
"COG3060",5,0,0,0,2,0,0,0,1,2,1,0,0,0,0,0,1,1,1,1,2,4,0,0,0,1,0,0,1,0,0,0,0,0,0,0,1,0,0,0,0,0,0,0,0,2,0,0,0,0,0,2,0,0,4,1,0,0,0,0
"COG3061",2,0,3,0,0,0,0,0,0,3,3,0,0,2,0,0,0,1,0,1,3,0,0,0,0,0,0,0,1,0,1,0,0,0,0,0,0,0,1,0,0,0,0,1,0,0,0,1,0,0,1,0,1,0,1,1,0,0,0,0
"COG3062",4,0,0,0,0,0,0,0,0,1,0,0,0,0,0,0,0,0,0,0,7,0,0,0,0,0,0,1,0,0,0,1,0,1,0,0,0,0,0,0,0,1,0,0,0,0,0,0,1,0,0,0,0,0,3,2,0,0,0,0
"COG3063",0,0,0,0,0,0,0,0,0,0,0,0,0,0,0,0,0,0,0,0,0,0,0,0,0,0,0,0,0,0,0,0,0,0,0,0,0,0,0,0,0,0,0,0,0,0,0,0,0,1,0,0,0,0,0,0,0,0,0,0
"COG3064",7,0,0,0,1,0,1,0,0,3,5,0,0,2,0,0,0,0,0,0,17,2,0,0,0,7,0,0,0,0,0,0,0,2,0,0,2,0,0,0,0,0,1,0,1,1,0,0,1,0,0,2,0,0,6,1,0,0,0,0
"COG3065",5,1,2,0,2,0,1,3,0,1,2,0,0,0,0,0,0,0,0,2,6,0,0,0,0,0,0,0,0,1,0,0,0,0,0,0,3,0,1,0,0,0,0,0,0,1,0,0,0,0,0,2,0,0,5,1,2,0,0,0
"COG3066",10,1,1,0,0,0,0,0,1,1,2,0,0,2,0,0,0,1,0,1,8,2,0,0,0,9,0,0,0,0,1,0,1,4,0,0,1,0,0,0,0,0,0,0,0,0,0,0,0,0,1,3,0,0,6,2,0,0,0,0
"COG3067",17,5,1,0,0,0,1,0,2,5,5,1,1,1,0,0,1,1,0,0,10,0,0,0,0,22,0,0,3,2,2,3,0,2,0,2,1,0,0,0,0,1,0,0,0,0,0,0,1,1,0,10,0,0,9,3,0,0,1,0
"COG3068",7,2,1,0,1,0,0,0,1,3,1,0,1,2,1,0,0,0,0,2,7,0,0,0,0,10,0,0,1,2,0,4,0,3,0,1,3,1,0,0,0,0,0,1,0,2,0,0,0,0,0,4,0,0,5,1,0,0,2,0
"COG3069",34,3,9,9,9,17,17,21,6,12,7,6,16,5,18,0,19,6,8,15,24,33,3,4,4,7,11,7,19,12,11,9,6,11,6,10,6,5,6,6,18,4,6,5,28,4,14,6,18,8,4,16,19,1,29,9,8,6,16,5
"COG3070",7,10,4,7,6,3,7,1,4,2,11,1,4,7,4,3,4,7,1,4,11,3,12,3,4,4,3,1,3,2,8,2,3,7,8,3,3,7,4,4,2,3,1,2,5,3,1,3,5,7,4,3,2,3,12,6,2,4,3,3
"COG3071",11,2,0,0,2,0,4,0,1,3,5,0,0,1,1,0,0,6,0,1,8,1,1,0,1,0,0,0,0,1,1,2,2,3,0,0,3,3,1,1,1,0,1,0,0,1,0,1,0,1,1,2,0,0,9,4,1,1,0,0
"COG3072",22,5,3,0,1,0,3,7,2,13,10,0,1,3,1,0,2,4,1,0,27,1,0,0,0,43,1,0,8,4,2,2,2,1,0,1,6,2,2,0,3,0,0,3,0,3,0,4,1,0,2,13,1,0,15,3,0,0,1,0
"COG3073",4,1,0,0,2,0,0,1,0,3,3,0,0,1,0,0,1,4,0,3,6,0,1,0,0,0,0,0,1,0,1,0,0,2,0,0,1,0,0,0,1,0,0,0,0,0,0,1,0,0,0,1,0,0,4,2,0,0,0,0
"COG3074",3,1,1,0,0,0,0,2,2,2,1,0,0,0,0,1,0,0,2,0,9,0,0,0,0,0,0,0,0,2,0,2,1,0,0,0,2,1,0,0,0,0,0,0,1,1,0,0,0,1,0,2,1,0,1,1,0,0,0,0
"COG3075",6,7,2,1,11,24,1,11,13,2,4,10,2,0,3,0,8,8,13,14,13,0,1,10,7,4,11,5,2,1,2,12,9,0,0,5,6,6,8,3,1,2,22,5,4,2,0,1,3,3,1,3,6,6,6,5,22,3,10,0
"COG3076",7,2,0,0,1,0,0,1,0,2,4,0,0,0,2,0,0,1,0,1,7,1,0,0,1,0,0,0,0,1,0,1,0,1,0,0,0,0,0,0,0,0,0,0,0,1,0,0,0,1,0,2,0,0,2,1,0,0,0,0
"COG3077",25,25,6,18,5,9,5,10,5,7,5,2,7,16,4,17,12,9,11,7,6,4,8,16,9,19,20,9,6,0,21,3,3,24,14,12,6,18,5,7,17,3,8,9,12,5,26,7,3,15,4,5,3,15,16,11,19,14,10,8
"COG3078",3,0,0,0,0,0,0,0,0,0,1,0,0,1,0,0,0,0,1,1,3,1,0,0,0,0,0,0,0,0,0,0,0,0,0,0,1,0,1,0,0,0,0,0,0,0,0,0,1,0,0,0,1,0,2,0,0,0,0,0
"COG3079",10,4,0,0,0,0,0,0,2,1,2,0,0,1,1,0,0,0,1,2,8,2,1,0,0,0,1,0,1,0,1,2,2,2,0,0,2,1,0,1,1,0,0,1,0,2,0,1,0,1,1,2,1,0,5,1,1,0,0,0
"COG3080",5,0,1,0,1,0,2,0,0,0,1,0,1,1,0,0,0,1,0,2,1,0,0,0,0,2,0,0,0,1,0,0,2,0,0,0,1,0,0,0,0,0,0,0,0,0,0,0,0,0,1,1,1,0,2,4,1,0,0,0
"COG3081",6,3,1,0,2,0,2,0,0,2,0,0,0,2,0,0,0,1,0,1,3,2,0,0,0,0,0,0,0,0,1,2,1,3,0,0,2,0,0,0,2,0,0,0,0,0,0,0,1,0,0,0,1,0,7,5,0,1,0,0
"COG3082",3,1,0,0,0,0,2,0,0,0,1,0,1,1,0,0,0,2,0,0,4,2,1,0,0,1,0,0,0,0,0,0,0,1,0,0,4,0,1,0,0,0,0,0,0,1,0,0,0,1,1,0,0,0,6,3,0,0,0,0
"COG3083",15,6,8,8,7,4,2,10,5,7,3,15,1,1,6,0,3,3,4,7,19,4,3,4,6,15,6,1,9,1,4,7,9,2,1,5,2,1,6,3,3,2,5,2,3,11,5,4,1,6,4,5,9,6,10,2,3,7,16,5
"COG3084",9,1,0,0,0,1,1,1,0,3,1,0,0,0,0,0,0,0,0,1,9,4,0,0,0,0,0,0,1,1,0,1,0,1,0,0,3,0,0,0,0,0,0,0,0,0,0,1,0,0,0,1,0,0,3,0,0,0,0,0
"COG3085",12,2,1,0,0,0,0,3,1,2,1,0,1,0,0,0,0,0,1,1,3,2,0,0,1,6,0,0,0,0,1,1,2,2,0,1,2,0,0,0,0,0,1,0,0,2,0,0,0,0,1,3,1,0,3,1,0,0,1,0
"COG3086",6,1,0,0,1,0,0,0,0,3,1,0,1,0,2,0,0,0,0,0,10,2,0,0,0,0,0,0,0,0,0,0,1,1,0,0,0,1,0,4,0,0,0,1,0,0,0,2,0,0,1,0,0,0,5,1,0,0,0,0
"COG3087",12,1,0,0,0,1,0,0,2,3,2,0,2,3,3,0,0,0,1,0,14,1,0,0,0,0,0,1,1,0,0,3,0,1,0,0,8,0,0,2,1,1,2,0,1,0,0,0,1,1,1,0,2,1,13,1,1,0,0,0
"COG3088",23,0,1,3,2,2,2,3,4,3,1,0,3,0,0,0,0,0,0,2,14,2,1,0,0,1,1,0,3,4,1,1,0,3,1,0,3,0,1,2,2,0,2,0,2,0,1,1,0,0,0,0,0,1,6,1,1,1,1,0
"COG3089",5,1,0,0,0,0,0,1,1,0,1,0,0,0,0,0,0,2,0,1,5,1,0,0,0,0,0,0,1,0,0,0,0,1,0,1,1,0,1,0,0,0,0,0,0,1,0,0,0,0,0,0,0,0,6,1,0,0,0,0
"COG3090",29,15,17,15,29,18,8,24,16,23,13,19,5,25,18,42,36,17,10,9,38,61,22,11,20,9,12,24,12,6,29,21,12,10,33,19,15,16,12,26,13,5,18,24,16,36,22,12,22,16,9,11,9,24,17,3,32,14,41,13
"COG3091",6,1,2,0,0,1,1,1,0,3,14,1,1,6,0,0,0,1,0,0,1,1,0,0,0,0,0,0,1,0,0,0,0,0,0,0,3,0,0,0,0,0,0,1,0,2,0,0,0,1,0,2,2,0,5,5,0,0,0,0
"COG3092",1,0,0,0,0,0,4,0,0,1,2,0,1,2,0,0,0,3,1,0,8,1,1,0,0,7,0,0,0,0,0,1,0,2,0,0,1,0,0,0,0,0,0,0,0,0,0,0,0,0,1,3,0,0,3,1,0,0,0,0
"COG3093",23,6,14,5,4,6,2,7,4,8,6,2,11,8,10,1,2,4,9,19,13,3,10,12,5,21,9,6,10,2,3,4,9,7,0,7,16,0,7,1,0,0,9,0,5,8,2,7,5,6,2,14,3,3,5,4,13,10,0,1
"COG3094",6,0,0,0,0,0,0,0,0,0,2,0,0,0,0,0,0,2,0,0,6,0,2,0,0,0,0,0,1,0,0,0,2,0,0,0,0,0,0,0,0,0,1,0,0,0,0,0,0,0,0,1,3,0,6,0,0,0,0,0
"COG3095",7,2,1,0,1,0,0,1,0,2,2,0,1,2,0,0,1,1,1,2,7,2,0,0,0,0,0,0,0,1,2,1,0,1,0,0,1,0,0,0,0,0,1,1,0,2,0,0,0,2,0,1,0,0,7,2,0,0,1,0
"COG3096",8,4,2,0,1,0,2,2,1,4,5,0,0,3,0,1,0,1,0,0,20,2,1,0,0,0,0,0,1,2,2,2,2,4,1,1,4,2,2,0,2,0,2,1,2,4,0,0,3,3,2,7,3,0,17,4,3,0,4,0
"COG3097",2,0,0,0,0,0,2,1,2,0,0,0,0,0,0,0,0,0,0,0,7,0,0,0,0,0,0,0,1,2,0,1,0,1,0,0,1,0,0,0,0,0,0,2,0,0,0,1,0,0,0,0,1,0,2,1,0,0,1,0
"COG3098",4,0,0,0,0,0,0,1,2,2,0,0,0,1,1,0,0,0,0,0,1,0,0,0,0,4,0,0,1,1,0,1,0,0,0,0,0,0,0,0,0,0,0,0,0,0,0,0,0,0,0,4,0,0,2,0,0,0,0,0
"COG3099",5,0,0,0,0,0,1,0,2,2,0,0,0,1,0,0,0,0,0,3,5,0,0,0,0,0,0,0,2,1,1,1,0,2,0,0,0,0,0,0,0,0,0,0,0,0,0,0,0,0,0,0,0,0,4,1,0,0,0,0
"COG3100",2,1,0,0,1,0,0,0,1,1,0,1,0,1,0,0,0,0,0,1,2,1,0,0,1,3,0,0,1,0,0,1,0,1,0,0,0,0,0,0,0,0,0,1,0,0,0,0,0,0,0,1,0,0,1,0,0,0,0,0
"COG3101",1,1,1,0,0,0,1,2,0,4,0,0,0,0,0,0,0,0,0,1,6,1,0,0,0,1,0,0,0,0,1,1,0,1,0,0,0,0,1,0,0,0,1,0,0,0,0,1,0,1,0,3,0,0,4,0,0,1,0,0
"COG3102",8,1,0,0,0,0,1,1,1,3,3,1,0,0,0,0,0,0,0,0,4,0,0,0,0,0,0,0,2,0,0,0,0,1,0,1,2,0,0,0,0,0,0,0,0,0,0,1,0,2,0,1,0,0,6,2,0,0,1,0
"COG3103",15,32,10,33,12,18,20,10,7,22,22,9,4,30,3,15,16,5,2,9,14,4,8,44,9,8,11,10,7,4,37,2,20,29,42,6,9,24,4,10,10,2,9,12,12,11,22,6,5,24,24,13,9,8,8,6,28,6,9,14
"COG3104",49,33,12,26,34,50,40,39,33,47,18,82,52,29,56,1,30,26,74,81,77,56,43,24,68,30,38,47,39,77,12,71,56,25,8,37,69,13,44,40,29,52,58,41,19,56,28,64,33,51,39,56,61,64,63,25,43,33,56,30
"COG3105",8,2,0,0,0,0,1,0,1,0,1,0,0,1,1,0,1,1,0,0,7,1,0,0,0,0,1,0,0,3,0,0,1,3,0,0,3,1,1,0,0,0,0,1,0,0,0,0,0,0,0,0,0,0,7,3,0,0,0,0
"COG3106",11,5,1,0,1,0,2,2,1,4,4,0,0,2,0,0,0,2,0,1,11,3,0,0,0,1,0,0,0,0,1,1,0,0,0,1,1,0,0,0,0,0,1,0,0,0,0,1,0,0,0,2,1,1,5,2,0,0,1,0
"COG3107",15,7,1,0,2,0,1,4,6,2,4,0,0,0,3,0,0,3,0,1,20,2,0,0,0,11,0,0,2,8,1,0,1,0,1,0,6,1,0,0,0,0,0,0,0,1,0,0,2,0,0,4,0,0,10,4,0,0,0,0
"COG3108",5,0,0,0,1,0,1,0,3,1,2,0,0,0,0,0,0,2,0,0,8,0,0,0,0,0,0,0,0,0,1,1,0,0,1,0,2,0,0,0,2,0,0,0,0,0,0,2,1,2,0,0,1,0,4,0,1,0,0,0
"COG3109",5,0,0,0,2,0,0,2,1,3,5,0,1,0,0,0,0,1,0,0,12,3,0,0,0,6,0,0,1,1,0,3,0,3,0,0,0,0,0,0,0,0,0,0,0,1,0,0,0,1,0,4,1,0,4,2,0,0,0,0
"COG3110",6,0,0,0,1,0,2,0,3,1,0,0,0,1,0,0,0,0,0,2,8,2,0,0,0,0,0,0,0,1,0,1,0,4,0,0,0,1,0,0,0,0,1,0,1,2,0,0,0,0,0,1,0,0,5,3,0,0,0,0
"COG3111",18,1,1,3,1,0,2,1,2,2,5,1,0,1,0,11,1,2,1,1,10,1,1,0,2,0,3,0,1,2,1,1,1,2,2,1,2,0,2,2,3,0,0,1,2,2,0,0,0,1,0,1,1,0,6,2,2,3,0,0
"COG3112",3,0,1,0,1,0,1,0,2,1,1,0,0,0,0,0,0,0,0,1,8,0,0,0,0,0,0,0,0,0,0,0,0,1,0,0,2,0,0,0,0,0,0,0,0,0,0,0,0,0,0,0,0,0,3,0,0,0,1,0
"COG3113",7,0,0,0,1,1,1,2,0,0,3,0,0,0,0,0,0,1,1,1,7,0,0,0,0,0,0,0,0,1,0,0,0,0,0,1,1,0,1,0,0,0,0,0,0,1,0,1,0,0,0,0,0,0,3,1,0,0,0,0
"COG3114",1,0,0,0,0,0,0,0,0,0,0,0,1,0,0,0,0,0,0,0,1,0,0,0,0,0,0,0,0,0,1,0,0,0,0,0,0,0,0,0,0,0,0,0,0,0,0,0,0,0,0,0,0,0,0,1,1,0,0,0
"COG3115",2,3,1,0,2,0,0,0,0,2,5,0,0,0,0,0,0,1,0,1,0,0,0,0,0,10,0,0,0,0,0,0,0,0,0,0,3,0,2,0,0,0,0,0,0,2,0,0,0,0,0,3,0,0,0,1,0,0,0,0
"COG3116",1,2,0,0,0,0,0,1,1,0,1,0,1,1,0,0,0,0,1,0,6,0,0,0,2,0,0,0,0,1,2,1,1,1,0,0,1,0,0,0,0,0,0,1,0,0,0,0,1,0,0,0,0,0,3,1,0,0,0,0
"COG3117",15,0,1,0,1,0,2,2,2,3,2,0,2,0,1,0,1,1,1,1,6,1,0,2,3,9,2,0,0,2,0,4,1,3,1,2,2,1,0,1,1,0,0,2,1,0,0,0,2,2,0,4,2,0,9,4,0,0,2,0
"COG3118",5,0,0,0,0,0,0,0,2,2,2,0,0,3,0,0,0,4,0,1,5,2,0,0,0,13,0,0,0,1,0,0,0,1,0,0,2,0,1,0,0,1,0,1,1,1,0,0,0,0,0,4,0,0,4,21,1,0,0,0
"COG3119",184,121,229,203,335,294,244,430,416,225,45,493,447,42,615,29,213,235,357,627,260,797,611,224,346,131,317,180,330,296,159,592,404,259,117,372,510,159,481,369,182,343,416,378,469,400,216,160,62,175,980,250,670,329,138,62,449,328,523,493
"COG3120",9,2,1,0,1,0,1,0,5,1,0,0,1,1,0,0,1,1,0,1,6,1,0,0,0,0,0,0,0,0,1,2,0,0,0,0,2,0,0,0,0,1,1,0,0,0,0,0,0,0,0,2,0,0,6,0,0,0,0,0
"COG3121",80,10,0,0,1,3,7,10,12,22,12,1,2,8,5,1,2,10,2,14,106,21,1,0,3,3,0,0,4,4,1,8,3,16,0,5,28,1,3,0,3,1,1,5,1,7,0,11,2,2,2,11,3,0,51,10,3,1,5,1
"COG3122",7,1,0,0,0,0,1,1,1,0,0,0,1,0,0,0,0,4,0,0,10,0,1,0,0,0,0,0,0,0,0,0,0,2,0,0,1,0,0,0,1,0,0,0,0,1,0,1,0,1,0,1,0,0,3,0,0,0,1,0
"COG3123",4,1,0,2,0,0,0,1,2,1,1,0,0,1,0,0,0,0,1,0,5,3,0,0,0,0,0,0,0,0,0,0,0,1,0,1,1,2,0,1,0,0,0,0,0,0,0,1,0,0,1,1,0,0,1,1,0,0,0,0
"COG3124",4,0,0,1,0,0,2,1,2,1,1,8,3,0,4,0,0,1,1,3,5,1,0,2,6,0,2,0,2,3,1,0,4,0,1,4,0,1,3,5,0,1,2,0,1,3,3,2,0,0,2,0,2,9,1,0,7,1,2,0
"COG3125",0,1,0,0,1,0,0,0,0,1,0,0,1,1,0,0,0,0,0,0,2,0,0,0,2,0,0,0,0,0,0,0,0,2,0,0,1,0,0,0,0,0,0,0,1,0,0,0,0,0,0,0,0,0,3,1,0,0,0,0
"COG3126",3,1,0,0,0,0,0,0,0,2,0,0,1,0,2,0,0,0,0,0,6,0,0,0,0,0,0,0,0,0,0,0,0,0,0,0,0,0,0,0,0,0,0,0,0,0,0,0,0,0,0,1,0,0,4,1,0,0,0,0
"COG3127",23,4,0,0,0,0,1,1,3,6,0,0,0,1,1,1,1,2,0,0,22,0,0,0,0,2,0,0,0,1,0,1,0,1,0,0,7,0,0,0,1,0,0,0,0,2,0,0,0,0,0,3,1,1,10,6,0,0,1,0
"COG3128",4,1,0,0,0,0,2,1,1,2,0,0,1,1,0,0,0,2,0,1,15,0,0,0,0,1,0,0,0,1,0,0,0,3,0,1,1,0,0,0,0,0,0,1,0,0,0,0,0,0,0,1,0,0,3,1,0,0,1,0
"COG3129",8,2,1,2,1,0,0,7,3,3,2,2,3,0,6,1,4,4,1,12,8,10,6,0,2,1,0,0,2,1,2,13,3,3,1,2,3,1,6,1,0,0,2,7,4,11,0,0,0,1,6,4,14,2,5,0,3,0,3,7
"COG3130",2,0,0,0,0,0,0,0,0,0,0,0,1,1,0,0,0,0,1,0,0,0,0,0,0,0,0,0,0,1,0,0,0,0,0,0,1,0,0,0,0,0,0,0,0,0,0,0,0,0,0,0,0,0,0,1,0,0,0,0
"COG3131",25,2,0,3,1,0,4,3,5,7,4,0,0,0,2,0,0,3,2,2,17,8,0,0,2,1,0,0,0,3,1,4,1,5,0,1,10,1,0,1,0,1,2,3,1,2,0,1,0,0,2,1,0,0,13,8,0,0,0,0
"COG3132",3,2,0,0,1,0,0,2,1,2,0,0,0,1,1,0,0,1,0,0,9,3,0,0,1,0,0,0,0,0,0,0,0,3,0,0,2,0,0,0,1,0,0,1,0,1,0,1,0,0,0,0,0,0,2,4,0,0,0,0
"COG3133",4,1,2,0,0,0,2,0,1,0,1,0,0,0,0,1,0,2,1,0,8,1,0,0,0,0,1,0,0,0,0,1,0,6,0,0,0,1,0,0,0,0,0,1,1,0,0,0,0,0,0,0,0,0,1,2,0,0,0,0
"COG3134",4,1,0,0,1,0,2,0,1,3,1,0,0,1,0,0,0,0,1,0,9,1,0,0,0,0,0,0,0,0,0,1,0,1,0,1,2,0,0,0,0,0,1,0,0,1,0,0,0,0,0,0,0,0,6,2,0,0,1,0
"COG3135",1,1,0,0,0,0,0,1,1,0,2,0,0,0,0,0,0,0,0,0,2,0,0,0,0,0,0,0,0,0,0,0,0,0,0,0,1,0,0,0,0,0,0,0,0,0,0,0,0,0,1,1,0,0,1,0,0,0,0,0
"COG3136",1,0,0,0,0,0,0,1,1,0,0,0,0,0,0,0,0,0,1,0,1,0,0,0,0,0,0,0,0,1,0,0,1,0,0,1,3,0,0,0,0,0,0,0,0,0,0,2,0,0,1,0,1,0,4,2,0,0,0,0
"COG3137",2,2,0,0,0,0,0,0,0,0,0,0,0,0,0,0,0,0,0,0,5,2,0,0,0,0,0,0,0,1,0,0,0,0,0,1,1,0,0,0,0,0,0,0,0,1,0,1,0,0,0,0,0,0,3,3,1,0,0,0
"COG3138",7,2,0,0,0,0,0,1,0,4,2,1,0,1,0,0,0,2,2,1,10,0,0,0,0,1,0,0,0,1,1,1,0,1,0,0,2,0,1,0,0,0,0,0,0,0,0,1,0,0,0,2,0,0,3,5,1,0,0,0
"COG3139",3,0,0,0,0,0,0,0,0,2,0,0,0,0,0,0,0,2,1,1,3,0,0,0,0,0,0,0,1,0,0,1,0,0,0,0,2,0,0,0,0,0,0,1,0,0,0,0,0,0,0,1,0,0,5,0,0,0,0,0
"COG3140",5,0,0,0,0,0,1,0,0,1,0,0,0,0,0,0,0,0,1,0,3,1,0,0,0,0,0,0,0,0,0,0,1,0,0,0,1,0,0,0,0,0,0,0,0,1,0,0,0,0,0,0,0,0,0,0,0,0,0,0
"COG3141",3,0,0,0,0,0,0,2,0,2,0,0,0,1,0,0,0,0,0,0,4,0,0,0,0,0,0,0,0,0,0,0,0,0,0,0,2,0,0,0,1,0,0,0,0,0,0,0,0,0,0,0,0,0,0,0,0,0,0,0
"COG3142",21,9,23,13,29,15,24,28,27,14,31,29,25,25,20,17,27,15,20,16,12,16,13,15,23,9,20,15,20,14,25,32,16,10,14,18,19,15,11,23,8,21,29,14,13,21,11,21,12,15,34,6,36,27,15,7,31,10,19,15
"COG3143",6,0,0,0,0,0,2,1,0,4,2,0,0,0,1,0,0,0,0,1,8,2,0,0,0,4,0,0,1,1,0,1,0,1,0,0,2,0,1,0,0,0,0,0,1,0,0,0,0,0,1,7,1,1,8,0,0,0,0,0
"COG3144",10,3,11,6,4,1,13,3,9,14,1,0,1,4,0,0,1,1,1,6,10,2,2,12,2,2,3,10,4,2,0,1,7,3,12,2,1,1,1,3,12,2,0,2,3,1,5,1,0,7,16,0,2,8,4,2,1,0,0,3
"COG3145",1,0,0,0,0,0,0,0,1,2,0,0,0,0,0,0,0,3,0,0,11,1,0,0,1,0,0,0,0,0,0,0,0,1,0,0,1,0,0,0,0,0,0,0,0,0,0,0,1,0,0,0,0,0,6,3,0,0,0,0
"COG3147",1,3,0,0,0,1,2,1,1,1,2,0,0,0,0,0,0,0,0,0,3,0,0,0,0,0,0,0,0,2,0,0,0,1,0,0,1,0,0,0,0,0,0,1,1,0,0,0,0,0,0,0,0,0,2,0,0,0,0,0
"COG3148",8,1,0,0,0,0,1,1,1,0,1,0,0,0,1,0,0,0,0,0,4,0,0,0,0,0,0,0,1,1,0,0,0,1,0,0,1,0,0,0,0,0,0,0,0,0,0,0,0,0,0,1,0,0,2,0,0,0,1,0
"COG3149",4,0,0,0,0,0,1,1,0,0,0,0,0,0,0,0,0,1,0,0,3,1,0,0,0,0,0,0,0,0,0,1,0,0,0,0,1,0,0,0,0,0,0,0,0,0,0,0,0,0,0,1,0,0,1,2,0,0,0,0
"COG3150",16,2,0,5,2,2,4,2,0,5,2,1,0,2,1,0,1,4,0,2,18,5,1,0,4,9,4,12,4,2,1,3,0,1,0,1,1,0,3,3,3,0,2,0,1,1,0,3,4,2,0,5,3,2,16,4,1,1,7,0
"COG3151",0,0,0,0,0,0,0,0,1,1,0,0,0,0,0,0,0,0,0,1,2,1,0,0,0,0,0,0,1,0,0,2,1,1,0,0,1,0,0,0,0,0,0,0,0,0,0,0,0,0,1,0,0,0,4,3,0,0,1,0
"COG3152",16,9,2,6,3,5,16,10,6,5,30,4,4,6,3,18,4,17,6,9,19,9,6,1,5,8,4,16,1,2,4,10,7,6,8,0,21,2,12,4,1,3,6,2,6,7,3,6,1,1,11,26,6,1,29,17,2,2,1,6
"COG3153",8,9,8,13,13,11,10,7,11,9,7,10,15,10,14,3,6,17,10,19,12,26,10,16,13,11,10,2,12,6,3,21,8,14,7,16,9,13,2,13,3,5,9,6,5,10,4,2,0,2,29,16,12,21,6,4,3,7,13,15
"COG3154",4,1,0,0,1,0,1,2,0,0,1,0,1,1,0,0,0,1,1,2,4,2,0,0,1,0,0,0,0,1,0,0,1,3,0,0,2,0,0,0,0,0,0,0,0,0,0,0,0,0,2,0,0,0,5,2,0,0,0,0
"COG3155",1,2,0,1,0,0,0,1,0,0,2,0,0,2,0,0,1,2,0,1,4,0,0,0,1,0,0,0,0,1,0,0,0,1,1,0,0,2,0,1,0,1,0,0,1,0,0,0,0,0,0,0,0,0,2,1,0,0,0,0
"COG3156",13,1,0,0,0,0,0,1,3,2,0,0,0,0,0,0,0,1,0,1,33,0,0,0,0,0,0,0,0,1,1,1,0,0,0,0,5,0,0,0,0,0,0,0,0,3,0,0,0,0,1,2,0,0,12,1,0,0,2,0
"COG3157",15,7,1,0,0,1,1,1,4,4,2,0,0,3,2,2,0,2,5,9,25,6,0,0,0,2,1,0,1,0,0,10,0,8,0,0,4,0,0,0,0,0,1,1,0,0,0,6,0,0,3,1,3,0,11,8,0,1,1,0
"COG3158",29,9,34,12,1,4,23,11,3,3,20,3,0,53,1,51,1,21,16,3,45,9,1,0,1,33,0,38,9,36,6,6,1,6,2,2,7,7,1,0,12,24,3,25,0,3,7,65,34,25,1,25,5,1,55,149,0,0,1,2
"COG3159",4,0,0,0,1,0,1,0,1,3,3,0,0,0,1,0,1,0,0,1,3,2,1,0,0,0,0,0,0,0,0,0,0,0,0,0,1,0,1,0,0,0,0,0,0,0,1,1,0,0,0,0,2,0,2,0,0,0,0,0
"COG3160",5,3,0,0,0,0,2,1,2,7,2,2,1,1,0,0,0,0,0,4,4,0,0,0,0,4,0,0,0,1,0,2,0,1,1,0,0,0,0,0,1,1,0,0,1,0,0,0,0,0,0,1,0,0,6,1,0,0,0,0
"COG3161",8,1,0,0,1,0,1,1,1,0,1,0,0,2,0,0,0,2,0,1,6,2,0,0,0,0,0,0,0,2,0,0,0,4,0,0,3,0,0,0,0,0,0,1,0,2,0,1,0,0,0,0,1,0,5,1,0,0,0,0
"COG3162",3,2,0,0,0,0,0,2,0,4,1,0,1,1,0,0,1,2,0,3,6,1,0,0,0,0,0,0,0,1,0,1,0,1,0,0,3,0,0,0,0,0,0,0,0,0,0,2,0,0,0,0,1,0,0,1,0,0,0,0
"COG3164",37,9,1,2,2,5,11,3,6,9,4,0,5,6,1,0,0,6,8,2,24,2,1,4,7,5,0,1,8,7,0,6,2,11,1,0,10,2,0,2,3,2,2,0,6,4,0,4,2,4,0,3,6,0,27,6,8,0,4,0
"COG3165",9,0,0,0,1,1,1,1,3,2,0,0,0,2,0,0,0,3,0,0,8,1,0,0,0,0,0,0,0,0,0,1,0,2,0,0,0,1,0,0,0,0,0,1,0,3,0,0,0,0,0,2,0,0,3,3,0,0,0,0
"COG3166",10,1,0,3,0,0,1,2,1,3,0,0,0,0,2,0,1,0,3,0,3,2,0,1,0,0,0,0,1,0,0,0,2,2,0,0,1,0,0,0,0,0,0,2,0,0,1,0,0,0,1,0,0,1,7,0,1,0,0,0
"COG3169",2,4,2,9,9,9,4,17,7,5,0,22,15,1,9,1,3,5,7,14,6,15,6,11,14,9,12,4,17,8,3,11,15,4,5,10,12,6,15,17,6,17,18,10,7,7,13,6,12,11,7,8,17,13,1,2,21,17,18,10
"COG3171",11,0,0,0,1,1,0,2,0,4,1,0,1,0,0,0,0,0,0,1,5,1,0,0,0,0,0,0,0,2,1,3,0,1,0,0,3,0,1,0,0,1,0,1,0,0,0,0,0,0,0,0,0,0,5,1,0,0,0,0
"COG3172",8,2,2,0,1,0,1,1,1,2,14,4,0,4,0,0,0,1,1,0,9,2,0,1,0,1,0,0,1,0,1,5,1,0,0,1,4,7,2,0,0,0,0,0,0,1,0,0,0,0,0,0,0,0,7,8,0,0,0,0
"COG3173",2,0,2,3,0,0,1,0,1,0,5,1,0,0,2,0,3,3,0,1,13,2,1,1,2,10,1,0,1,1,2,0,6,2,0,1,0,5,0,1,1,0,0,3,0,0,1,0,0,0,0,3,2,0,0,2,0,0,1,2
"COG3174",7,4,2,3,16,43,9,23,17,2,0,12,27,2,34,1,12,17,19,34,1,29,14,15,21,0,12,4,13,5,6,40,36,5,7,14,12,1,29,17,6,6,30,28,21,31,9,1,0,9,28,8,36,21,1,4,22,26,29,22
"COG3176",27,37,72,45,50,51,62,67,58,35,1,80,38,7,39,3,25,26,51,52,29,50,50,28,48,94,49,35,57,95,15,42,22,12,8,32,27,6,43,28,34,32,31,17,23,24,21,73,57,26,22,40,32,25,36,1,37,27,39,20
"COG3177",48,114,103,98,81,52,90,54,64,72,56,97,101,63,60,68,82,49,69,74,47,96,46,106,58,166,75,94,92,120,74,49,39,87,73,125,51,61,95,89,62,124,89,49,53,93,125,180,74,64,85,57,112,87,80,146,120,80,79,95
"COG3178",8,7,47,16,30,22,48,37,28,20,0,22,29,1,48,0,20,18,19,25,5,25,23,8,37,53,27,23,27,47,12,21,20,9,10,22,20,6,34,37,19,39,30,22,22,14,15,78,41,27,26,47,23,26,34,4,46,24,25,14
"COG3179",0,0,1,0,0,0,1,0,0,1,0,1,0,0,0,0,0,0,0,0,6,0,0,0,0,0,0,0,0,0,0,1,0,0,0,0,0,0,0,0,2,0,12,0,0,0,7,5,0,0,0,4,0,0,0,0,0,0,0,0
"COG3180",9,2,0,1,1,0,0,0,1,2,2,0,0,0,2,0,3,2,3,2,8,7,2,1,0,0,1,0,1,3,0,2,1,1,0,2,4,0,0,0,1,0,0,1,1,1,1,0,0,1,0,0,1,1,2,2,5,1,2,0
"COG3181",8,6,1,2,7,6,6,8,7,8,1,4,4,7,10,6,7,5,3,9,2,6,10,5,9,1,11,1,10,2,6,12,12,7,6,10,9,10,6,5,13,3,14,22,10,14,9,4,6,6,7,2,14,14,13,5,9,7,13,3
"COG3182",8,3,15,5,8,17,5,25,18,13,12,32,18,2,26,1,10,5,22,21,6,10,12,7,21,2,11,18,20,16,6,32,19,3,4,11,25,2,10,18,5,18,25,12,8,13,6,17,0,12,12,2,28,13,3,1,17,15,18,9
"COG3183",5,0,1,2,0,0,1,0,2,8,0,1,3,1,3,0,2,1,5,1,26,0,0,2,0,0,0,0,17,1,1,1,0,0,1,10,1,2,0,1,3,0,4,0,0,0,15,1,0,7,0,0,5,0,8,0,0,2,0,0
"COG3185",0,1,0,0,0,0,0,0,0,0,1,0,0,0,0,0,0,2,0,0,0,0,0,0,0,0,0,0,0,0,0,0,0,0,0,0,0,0,0,0,0,0,0,0,0,0,0,0,0,0,0,1,0,0,0,0,0,0,0,0
"COG3187",9,4,2,8,16,8,9,9,14,12,0,14,14,1,14,1,11,11,17,25,6,20,15,8,16,1,15,11,11,10,7,15,11,3,4,9,23,1,21,18,7,13,22,14,8,4,6,6,6,11,16,8,26,12,3,4,22,14,19,10
"COG3188",195,18,1,0,3,3,21,18,24,53,30,2,8,17,5,1,8,20,3,29,247,44,0,0,5,11,0,0,9,22,8,32,7,36,4,3,28,5,7,0,5,1,3,15,7,23,0,17,3,3,6,22,16,1,95,50,8,0,3,0
"COG3189",9,3,1,1,7,5,6,5,8,6,2,5,10,8,11,0,4,12,7,11,9,10,11,10,9,3,4,5,3,6,4,12,7,4,4,9,2,1,6,5,4,4,5,10,12,7,6,1,1,3,10,6,14,7,3,5,11,17,10,7
"COG3190",1,0,0,0,0,0,1,0,1,1,0,0,1,0,0,0,0,0,0,1,7,0,0,0,0,0,1,0,0,0,0,0,0,1,0,0,1,0,0,0,0,0,0,0,0,1,0,0,0,0,0,0,0,0,2,0,0,0,1,0
"COG3191",10,7,8,3,6,10,2,4,8,13,4,4,9,16,4,15,20,13,6,2,3,5,4,5,10,8,3,10,13,3,20,4,2,8,4,10,6,18,0,2,8,3,6,6,6,7,5,1,1,4,4,1,1,5,7,17,5,7,2,5
"COG3192",6,4,2,2,1,2,0,2,2,3,1,1,2,3,6,0,5,4,2,2,12,5,0,1,2,2,1,1,2,6,3,0,0,7,3,3,2,15,0,9,2,1,3,2,3,8,2,0,1,0,6,2,0,1,9,4,4,1,0,3
"COG3193",21,0,0,1,2,1,3,7,6,1,15,1,3,5,3,0,5,1,0,3,5,12,3,3,4,0,2,3,2,0,3,1,1,8,5,1,3,1,1,8,2,2,5,4,5,7,1,2,1,1,1,3,2,2,2,6,3,0,2,2
"COG3194",0,0,0,0,0,0,0,0,0,0,0,0,1,0,0,0,0,1,0,1,7,2,0,0,0,0,0,0,0,2,0,0,0,0,0,0,0,0,0,0,0,0,0,1,0,1,0,0,0,0,0,0,0,0,4,1,0,0,0,0
"COG3195",0,1,0,0,0,0,0,0,0,0,0,0,0,0,0,0,0,0,0,0,0,0,0,0,0,1,0,0,0,0,0,0,0,0,0,0,0,0,0,0,0,0,0,0,0,0,0,0,0,0,0,0,0,0,0,0,0,0,0,0
"COG3196",14,1,3,2,5,6,1,6,1,2,2,0,11,2,3,7,11,0,1,0,10,0,5,4,0,1,1,5,3,2,7,0,1,1,2,6,6,0,2,2,10,1,1,3,7,3,2,0,0,0,0,0,1,3,0,0,1,2,4,0
"COG3199",0,0,1,0,0,0,2,0,0,0,0,3,0,0,1,0,0,0,0,0,0,2,0,0,0,0,3,0,0,1,0,0,1,0,0,0,0,1,0,0,0,0,1,0,0,1,0,0,0,0,0,0,0,0,0,0,1,0,2,0
"COG3201",7,7,27,9,18,13,7,27,24,6,2,24,23,14,18,2,9,31,12,22,14,37,16,21,19,12,13,8,20,25,9,37,9,14,13,23,6,11,30,18,10,21,13,17,13,3,73,9,24,20,18,21,34,12,17,22,22,10,24,17
"COG3203",53,12,3,11,16,15,17,29,15,22,19,1,10,13,4,2,7,10,11,14,81,16,2,9,2,45,24,2,8,10,3,11,12,16,2,2,20,2,3,9,12,9,13,5,24,4,4,4,8,1,3,27,31,0,27,17,12,13,13,0
"COG3204",9,0,0,0,0,0,0,0,1,3,0,0,0,0,0,0,0,0,0,4,3,1,0,0,0,0,0,0,0,1,0,0,1,0,0,1,6,0,0,0,1,0,0,0,0,1,0,0,0,0,0,1,0,0,5,2,1,0,1,0
"COG3206",41,28,51,37,37,66,61,72,50,24,16,39,49,2,59,41,18,27,56,37,52,16,49,16,45,48,35,24,65,74,20,60,52,13,13,29,27,10,52,60,27,62,61,25,39,20,30,81,55,67,22,29,32,25,76,3,64,39,83,29
"COG3208",3,0,0,2,0,1,0,0,0,2,5,0,1,0,1,1,4,4,1,0,0,5,0,0,0,0,0,1,0,0,2,2,0,0,4,1,0,5,1,2,1,0,0,0,0,2,1,0,0,1,6,1,0,1,0,2,0,2,1,0
"COG3209",180,72,142,167,83,161,59,77,116,123,43,66,191,50,156,16,39,112,124,161,279,83,149,85,174,44,67,21,122,170,88,74,204,53,77,146,57,82,53,75,75,110,94,91,49,119,22,404,234,52,166,151,231,63,328,57,197,75,81,118
"COG3210",5,8,9,11,1,2,13,13,6,1,18,23,1,1,13,1,6,3,12,10,7,56,16,3,8,25,4,5,20,7,5,12,8,13,1,3,4,20,3,8,1,14,6,6,2,10,4,54,0,9,15,28,8,5,4,7,19,1,9,2
"COG3211",8,0,0,0,0,0,0,0,0,0,2,0,0,2,0,0,0,1,0,0,0,0,0,0,0,0,0,0,0,0,0,0,0,0,0,0,0,0,0,0,0,0,0,0,0,0,0,0,0,0,0,0,0,0,0,0,0,0,0,0
"COG3212",1,6,3,3,1,0,0,0,3,2,3,0,0,9,0,17,2,0,1,1,1,0,0,2,4,2,0,1,2,0,0,0,0,1,3,0,2,3,2,3,2,2,0,0,0,0,0,1,1,0,5,0,0,1,4,7,0,1,1,0
"COG3213",0,0,1,0,1,0,0,0,0,0,2,0,0,0,0,0,0,0,0,0,0,0,0,0,0,0,0,0,0,0,0,0,0,0,0,0,0,0,0,0,0,0,0,0,0,0,0,0,0,0,0,0,0,0,0,0,0,0,0,0
"COG3214",14,0,0,0,0,0,3,1,0,7,3,1,1,0,0,0,1,0,0,0,12,3,0,0,0,0,0,0,0,0,1,2,1,4,1,2,2,2,0,0,0,0,0,0,0,0,0,1,0,1,0,1,0,0,7,5,1,0,0,0
"COG3216",0,0,0,0,0,0,0,0,0,0,0,0,0,0,0,0,0,0,0,0,3,0,0,0,0,0,0,0,0,0,0,0,0,0,0,0,0,0,0,0,0,0,0,0,0,0,0,0,0,0,0,0,0,0,0,0,0,0,0,0
"COG3217",13,1,0,0,0,0,4,0,2,0,0,0,0,2,1,0,0,0,2,2,19,1,1,0,0,1,0,0,0,3,0,0,0,5,0,0,2,0,0,0,1,0,2,1,0,0,0,0,0,0,1,2,2,0,5,2,1,0,1,0
"COG3218",0,0,0,0,0,0,0,0,0,0,0,0,0,0,0,0,0,0,0,0,0,0,0,0,0,0,0,0,0,0,0,0,0,0,0,0,1,0,0,0,0,0,0,0,0,0,0,0,0,0,0,0,0,0,0,0,0,0,0,0
"COG3219",0,0,1,0,0,0,1,0,0,0,0,0,0,0,0,0,0,0,0,0,0,0,0,0,0,0,0,0,0,0,0,0,0,0,0,0,0,0,0,0,0,0,0,0,0,0,0,0,0,0,0,0,0,0,0,0,0,0,0,0
"COG3220",0,0,1,0,2,0,0,0,0,0,0,0,0,0,0,0,0,0,0,0,0,0,0,2,0,0,0,0,0,0,0,0,0,0,0,0,0,0,0,0,0,0,0,0,1,0,0,0,0,0,0,0,0,0,0,0,0,0,0,0
"COG3221",13,15,0,8,4,7,5,6,8,5,3,4,9,15,1,2,10,9,6,0,11,5,4,6,10,0,3,7,3,2,1,3,3,14,8,4,5,12,2,0,7,3,4,4,10,5,2,0,0,2,1,1,1,13,3,19,4,2,1,1
"COG3222",3,0,0,0,4,0,0,2,0,0,1,1,0,0,0,1,0,0,0,0,0,1,0,0,0,0,0,0,1,0,0,1,0,1,0,2,0,1,0,0,0,0,0,3,0,1,0,0,1,1,1,0,3,2,1,1,5,0,1,0
"COG3223",7,1,0,0,0,0,0,1,1,5,0,0,1,1,0,0,1,0,0,0,6,2,0,0,0,0,0,0,0,3,0,4,1,0,0,1,3,1,0,0,0,0,0,0,0,0,0,2,0,2,0,0,0,0,5,3,0,0,1,0
"COG3224",0,1,0,0,0,0,0,0,0,0,0,0,0,0,0,0,0,0,0,0,0,0,0,0,0,0,0,0,0,0,0,0,0,0,0,0,0,0,0,0,0,0,0,0,0,0,0,0,0,0,0,1,0,0,0,0,0,0,0,0
"COG3225",9,10,7,24,8,18,13,1,2,13,11,24,17,13,18,1,26,11,6,15,12,19,16,20,17,7,13,8,17,7,37,24,27,30,44,39,9,34,15,24,27,8,33,32,39,22,23,3,8,28,45,13,40,23,3,22,13,38,19,42
"COG3226",5,0,0,0,0,0,1,2,1,3,1,0,0,2,0,0,1,0,0,1,7,2,0,0,0,1,0,0,1,0,0,2,0,0,0,1,1,0,0,0,1,0,0,0,0,0,0,0,0,0,0,2,0,0,2,2,0,0,0,0
"COG3227",0,0,1,0,0,2,0,0,0,1,3,0,0,0,0,0,1,0,0,0,0,0,0,0,0,0,0,1,0,0,0,0,0,2,0,0,0,15,0,0,0,0,0,0,0,0,0,0,0,0,0,0,0,0,0,0,2,0,0,1
"COG3228",7,1,0,0,0,0,0,1,0,4,0,0,0,1,0,0,0,1,0,0,4,1,0,0,1,0,0,0,0,0,1,0,0,0,0,0,0,0,0,0,0,0,0,1,0,0,0,0,0,0,1,0,1,0,4,2,0,0,0,0
"COG3231",5,1,0,0,2,1,1,0,0,3,0,1,0,0,0,0,1,1,0,0,0,0,3,1,3,0,0,0,1,0,0,0,2,7,0,0,0,1,0,2,1,1,0,0,0,2,2,0,0,3,0,4,2,0,0,2,2,0,1,0
"COG3232",2,0,0,0,0,0,0,0,0,0,0,0,0,1,0,0,0,1,0,0,0,0,0,0,0,0,0,0,0,1,0,0,0,0,0,0,1,0,0,0,0,0,0,0,0,0,0,0,0,0,0,0,0,0,2,0,0,0,0,0
"COG3234",2,0,0,0,0,0,0,0,1,1,0,0,0,0,0,0,1,0,0,0,7,1,1,0,0,0,0,0,0,1,0,1,0,0,0,0,1,0,0,0,0,0,1,1,0,0,0,0,0,0,0,0,1,1,7,3,1,0,0,0
"COG3236",9,2,6,5,11,0,4,5,2,3,12,4,7,1,1,2,1,2,5,1,11,1,1,15,11,8,6,9,2,1,7,2,0,5,7,3,8,15,2,4,9,1,2,2,5,3,7,1,2,6,2,3,0,5,2,4,1,13,1,7
"COG3237",5,1,2,0,0,0,1,1,1,0,5,1,1,2,0,0,0,0,0,2,3,2,0,0,0,0,0,0,0,0,0,0,0,0,0,0,1,0,1,0,0,0,0,0,0,1,0,1,0,0,0,0,0,0,3,0,0,0,0,0
"COG3238",19,4,4,5,5,2,3,5,9,7,23,2,7,18,2,13,4,4,1,1,9,3,1,2,5,0,3,10,2,0,6,1,3,8,11,3,6,7,2,2,4,0,4,5,5,3,4,1,3,2,5,0,2,6,5,30,2,4,1,7
"COG3239",1,2,0,0,0,0,0,0,0,1,0,0,0,0,0,0,0,1,0,0,0,0,0,0,0,0,0,0,0,0,0,2,0,0,0,0,0,0,0,0,0,0,0,0,0,0,0,0,0,0,0,0,0,0,0,0,0,0,0,0
"COG3242",1,0,0,0,0,0,0,2,0,1,1,0,0,1,0,0,0,0,0,0,4,0,0,0,0,0,0,0,0,0,0,1,0,2,0,0,2,0,0,0,0,0,0,1,0,0,0,1,0,0,0,0,0,0,1,1,0,0,0,0
"COG3243",0,0,0,0,0,0,0,0,0,0,0,0,0,0,0,0,0,0,0,0,0,0,0,0,0,0,0,0,0,0,0,0,0,0,0,0,0,0,0,0,0,0,0,0,0,0,0,0,0,0,0,0,0,0,0,0,0,0,0,0
"COG3246",1,1,4,2,2,4,0,6,2,0,0,12,8,1,0,19,17,5,4,2,5,21,2,3,7,2,2,6,7,3,0,6,5,9,3,6,1,8,0,11,9,3,11,9,5,13,7,0,5,2,5,6,0,4,0,1,10,4,8,2
"COG3247",10,4,1,3,2,0,3,0,2,2,0,0,0,6,0,0,0,1,2,1,22,2,0,1,0,0,1,4,1,2,0,0,1,3,0,0,3,2,2,0,4,0,0,2,0,4,1,0,1,0,0,1,2,0,5,19,0,1,0,0
"COG3248",2,1,0,0,0,0,0,2,1,3,0,0,0,0,0,0,2,3,2,2,13,1,0,0,0,0,0,0,0,3,1,2,1,1,0,0,4,0,0,0,0,0,0,1,0,1,0,0,0,0,3,0,0,0,2,2,1,0,0,0
"COG3250",559,476,1113,648,861,891,838,932,765,715,255,879,1154,366,1645,349,837,837,1034,1411,424,1278,1384,629,921,667,924,631,896,1027,593,1201,1053,566,548,903,1055,535,1347,983,760,837,995,988,1205,1002,635,1138,467,551,1404,1023,1431,884,498,400,923,1196,1261,1003
"COG3251",3,1,0,0,0,0,0,1,0,0,0,0,0,1,0,0,0,0,0,0,3,1,0,0,0,0,0,0,0,0,0,0,0,2,0,0,1,0,0,0,0,0,0,0,1,0,0,0,0,0,1,1,0,1,2,0,0,0,0,0
"COG3252",0,0,0,0,0,0,0,0,0,0,0,1,1,0,0,0,0,0,0,1,0,5,0,0,0,0,0,0,1,0,0,0,0,4,0,1,0,0,1,0,0,0,0,0,0,0,0,0,0,0,0,0,0,0,0,0,0,0,1,0
"COG3253",0,0,0,0,0,0,0,0,0,0,3,0,0,0,0,0,0,0,0,0,0,0,0,0,0,0,0,0,0,0,0,0,0,0,0,0,0,0,0,0,0,0,0,0,0,0,0,0,0,0,0,0,0,0,1,1,0,0,0,0
"COG3254",5,11,8,4,8,5,10,3,4,8,2,4,11,3,4,0,2,7,2,9,6,21,7,6,5,0,9,3,2,5,6,14,3,2,5,11,7,5,16,2,5,5,3,3,11,4,11,11,1,1,19,6,13,5,5,5,10,13,8,11
"COG3256",0,0,5,0,1,0,0,0,0,0,7,0,0,2,0,0,0,0,0,0,0,0,0,0,0,0,1,0,1,0,0,2,3,0,0,0,1,0,1,0,0,0,0,0,0,5,0,0,1,0,0,0,0,0,0,2,0,0,0,0
"COG3257",3,0,0,0,0,1,1,1,1,0,0,0,1,0,0,0,0,3,1,3,1,4,0,0,0,0,0,0,0,1,1,3,0,0,4,1,1,0,1,0,1,0,1,0,0,2,1,0,0,1,0,0,0,0,3,3,0,1,3,0
"COG3259",0,2,0,0,0,0,0,0,0,0,0,0,0,0,0,0,0,0,0,0,2,0,0,0,0,0,1,0,0,0,0,0,0,7,0,0,0,0,0,0,0,0,0,0,0,0,0,0,0,0,0,0,0,0,0,0,0,0,0,0
"COG3260",18,2,1,6,2,2,3,5,3,2,2,2,2,0,4,0,4,2,3,3,12,7,3,1,3,1,0,0,3,0,0,0,0,7,0,2,1,2,2,2,2,0,0,2,2,3,2,0,0,0,1,6,1,0,6,1,0,1,3,0
"COG3261",18,7,3,0,6,1,2,7,11,4,4,5,5,4,3,1,2,6,9,5,28,1,4,0,3,2,3,0,2,9,1,5,0,12,4,1,7,6,1,4,3,4,2,8,3,3,7,0,1,2,1,1,1,1,14,3,5,3,3,2
"COG3262",25,2,0,0,2,0,0,3,2,5,4,0,1,0,3,0,0,2,0,1,21,1,0,0,0,0,1,0,2,3,0,2,0,4,0,0,6,8,0,1,0,3,0,0,1,5,0,0,0,0,0,2,2,0,12,5,0,0,0,0
"COG3263",23,19,9,12,39,28,12,61,20,42,2,43,25,6,45,42,25,29,32,35,17,37,45,27,33,33,28,24,34,22,27,37,46,25,39,31,45,16,48,67,29,37,31,28,45,30,40,4,8,19,30,30,35,29,13,7,34,37,32,24
"COG3264",48,3,2,4,3,5,5,9,4,13,12,1,5,4,4,0,3,9,3,4,63,6,1,1,4,37,6,0,4,4,4,6,1,10,1,1,18,1,3,2,6,2,2,7,3,10,1,4,2,4,2,24,2,1,36,9,2,1,4,0
"COG3265",5,0,0,0,0,2,0,3,0,4,1,0,0,7,0,1,1,1,1,1,14,1,0,0,1,0,0,4,1,0,0,1,0,1,0,1,0,0,0,0,0,0,0,2,1,1,0,1,0,0,1,3,0,0,8,14,0,0,1,0
"COG3266",1,0,0,0,0,0,1,1,0,3,2,0,0,0,1,0,0,1,0,0,2,3,0,0,0,0,0,0,1,0,0,0,1,0,1,0,3,0,0,0,0,0,0,0,0,0,0,0,0,0,1,7,0,0,6,3,0,0,0,0
"COG3267",1,1,10,2,6,1,2,2,0,8,3,2,0,2,1,2,0,0,3,1,0,0,3,1,6,14,3,0,2,1,0,1,2,0,8,0,2,0,1,5,0,0,1,4,1,2,4,0,1,2,5,10,4,0,0,16,2,1,0,2
"COG3268",0,0,0,0,0,0,0,0,0,1,0,0,0,0,0,0,0,0,2,0,5,0,2,0,0,0,3,0,2,0,0,0,0,0,0,0,0,0,0,0,0,0,0,0,0,0,4,0,0,0,0,0,0,0,0,0,0,0,0,0
"COG3270",13,14,11,6,22,10,3,2,8,21,23,5,10,20,5,9,29,11,4,4,13,3,16,2,5,3,9,7,8,1,23,5,6,21,17,10,5,6,2,7,14,1,6,11,9,10,8,4,9,10,4,3,3,12,13,10,10,12,2,16
"COG3271",0,1,0,0,0,0,0,0,0,0,0,0,0,0,0,0,0,1,0,0,0,0,0,0,0,0,0,0,0,0,1,0,0,1,0,0,0,0,0,0,0,0,0,0,0,0,1,0,0,0,0,0,0,0,0,0,0,0,0,0
"COG3272",10,0,0,0,0,0,1,2,1,0,1,0,0,1,0,0,0,3,1,3,7,1,0,0,0,0,0,0,1,0,0,0,1,0,0,0,3,0,1,0,0,1,0,1,0,1,0,1,0,0,0,1,0,0,16,0,0,0,0,0
"COG3274",26,46,18,29,37,24,44,54,46,39,4,38,47,24,44,7,22,25,45,51,34,53,44,25,55,15,60,19,51,21,22,48,62,34,37,38,51,15,59,34,53,38,44,39,34,49,43,4,17,42,44,9,68,39,11,13,38,72,62,69
"COG3275",53,38,75,72,80,85,62,109,110,66,13,138,101,12,94,7,61,72,98,149,81,114,94,60,112,81,77,121,97,84,34,148,112,63,29,79,132,24,95,97,67,94,98,75,65,107,51,126,39,72,90,52,147,74,111,12,93,79,122,60
"COG3276",12,4,1,4,5,4,1,8,4,0,10,2,1,23,2,2,3,3,7,0,22,16,0,4,6,1,4,5,6,8,3,11,1,10,6,2,7,13,5,11,5,0,1,7,2,4,2,1,2,2,3,1,0,1,4,5,3,4,3,3
"COG3279",159,180,244,219,143,152,148,128,177,220,211,163,136,153,137,80,163,139,102,192,109,153,211,291,169,127,189,203,118,71,256,143,154,153,172,175,188,142,182,144,175,130,149,172,236,196,169,141,144,228,198,105,156,175,102,115,148,212,178,262
"COG3283",11,1,0,0,0,0,2,8,0,4,0,2,2,2,2,26,0,2,1,0,8,2,0,0,0,0,0,1,0,0,4,2,1,6,4,1,2,0,9,1,0,2,0,1,0,1,3,0,0,0,0,1,1,0,13,2,0,6,0,0
"COG3284",9,3,1,1,1,2,3,14,4,3,2,4,6,4,2,31,11,22,3,1,2,3,1,1,5,1,2,0,3,2,0,2,5,8,7,4,4,2,4,8,3,6,5,1,1,4,7,1,0,2,1,7,3,4,5,2,2,8,0,0
"COG3287",5,3,3,0,3,8,2,6,1,9,0,0,1,0,2,0,0,4,0,3,0,4,1,2,0,2,6,11,3,0,10,0,1,2,32,2,3,5,2,3,9,0,0,1,4,10,6,0,2,1,0,4,0,5,0,0,0,3,1,6
"COG3288",7,2,2,1,3,0,2,1,0,1,3,0,0,16,1,18,3,5,6,2,14,3,1,0,1,18,0,4,2,2,0,2,1,2,0,0,2,3,2,1,0,0,1,2,0,2,0,1,2,1,1,13,3,0,17,41,0,1,2,0
"COG3290",33,13,13,12,4,2,14,9,15,18,8,9,6,6,6,0,4,5,7,8,42,5,5,28,9,4,7,2,8,3,10,8,4,13,6,7,12,12,8,9,8,3,3,3,9,3,15,6,0,15,5,13,2,4,23,8,7,6,8,13
"COG3291",1,10,16,7,10,9,1,22,6,10,2,53,7,0,12,1,8,16,12,10,2,5,22,13,5,5,12,1,1,8,1,14,9,35,28,14,3,5,22,14,11,5,5,26,12,9,12,60,40,87,6,38,12,1,5,1,11,21,9,13
"COG3292",338,364,1010,624,764,638,756,686,615,484,24,707,979,91,1613,52,495,665,981,1775,235,1723,1650,501,898,749,791,584,964,1030,319,1351,1047,443,294,823,957,370,1408,879,458,961,1040,943,1127,781,530,1213,681,248,1331,1153,1611,974,457,112,928,1179,1060,980
"COG3293",6,9,6,9,8,4,12,6,4,45,5,29,1,9,0,1,11,31,12,1,5,1,7,26,19,3,8,20,8,16,4,10,2,30,2,0,67,37,13,47,5,7,9,2,6,12,26,3,26,9,20,2,74,35,0,7,6,4,9,37
"COG3294",1,2,2,3,0,2,2,10,2,5,4,0,0,2,1,4,2,0,0,0,0,0,0,1,1,1,2,1,0,1,2,0,0,1,1,8,1,2,1,0,5,0,0,1,8,0,3,0,0,1,9,2,1,0,0,2,2,5,1,5
"COG3296",0,1,0,0,0,0,0,0,0,0,0,3,1,0,0,0,0,0,0,0,5,0,0,0,1,0,0,0,0,0,0,0,0,1,0,0,0,0,0,0,0,0,1,0,0,0,1,0,0,0,0,1,0,0,0,0,0,0,0,0
"COG3297",3,1,0,0,0,0,1,0,0,2,0,0,1,0,1,0,0,2,0,0,5,1,0,0,0,1,0,0,0,0,0,3,1,3,0,0,0,0,0,0,0,0,0,0,1,0,0,0,0,0,0,1,0,0,3,1,1,0,0,1
"COG3299",14,5,7,8,5,15,0,10,5,10,6,2,13,7,12,19,22,8,10,1,2,20,11,6,7,4,13,10,2,4,11,9,9,33,9,6,4,17,0,4,10,4,3,21,7,18,2,0,8,16,1,9,4,19,3,4,6,12,9,7
"COG3301",6,1,1,5,2,0,2,3,6,4,1,0,2,1,2,0,1,0,3,1,18,4,0,1,1,0,6,0,0,3,1,1,3,1,0,0,0,1,2,1,1,4,2,2,7,2,2,0,1,1,0,1,10,0,10,4,1,4,6,0
"COG3302",13,1,0,0,0,0,1,3,3,5,3,1,1,2,0,0,1,0,0,7,18,1,0,0,1,0,0,0,1,0,0,1,0,4,0,0,2,0,0,0,1,0,0,0,0,2,0,0,0,0,0,1,1,0,16,0,1,0,1,0
"COG3303",23,6,3,9,5,11,19,23,14,14,4,31,17,2,31,0,8,15,10,38,34,36,33,9,17,4,12,9,17,8,1,11,7,10,2,12,6,0,4,12,2,1,4,9,10,13,1,1,0,3,19,4,9,3,5,5,8,5,13,7
"COG3304",6,3,4,6,12,10,6,14,17,5,3,7,13,3,8,16,11,9,9,12,14,10,10,4,6,5,8,6,21,4,6,12,11,9,3,13,9,2,12,6,3,23,8,5,14,16,6,4,1,5,12,13,13,10,5,22,10,4,8,9
"COG3306",3,0,2,0,0,1,0,0,0,0,3,5,3,1,1,0,1,2,0,2,0,6,5,1,1,2,0,1,1,1,1,1,0,2,0,1,1,0,1,2,1,0,0,0,1,0,0,1,1,0,4,0,0,1,0,2,0,8,10,2
"COG3307",10,2,2,3,2,0,2,5,5,4,9,1,0,1,4,23,1,6,0,3,12,5,1,0,4,2,2,6,3,6,5,8,3,5,5,3,12,10,9,7,9,6,7,0,1,6,5,3,1,3,3,4,0,5,19,4,7,1,3,1
"COG3309",0,0,12,0,0,0,0,0,0,1,0,2,1,0,1,0,0,0,1,0,0,0,0,0,0,0,1,0,9,0,0,0,1,0,0,0,35,0,0,0,2,16,0,1,1,0,0,16,0,0,0,0,2,1,0,0,1,1,0,0
"COG3311",4,0,0,0,0,0,1,0,1,2,0,0,0,0,0,0,1,0,0,1,1,0,0,0,1,0,0,0,0,0,1,1,0,0,0,0,2,2,0,0,0,0,1,2,0,1,0,0,0,0,0,2,0,0,4,2,0,0,0,0
"COG3312",9,0,0,0,0,0,1,0,3,3,1,0,0,3,0,0,0,3,0,0,10,2,0,0,0,0,0,0,0,0,0,1,0,2,0,0,0,0,1,0,0,0,0,1,0,1,0,0,0,0,0,2,0,0,2,1,0,0,0,0
"COG3313",6,0,0,0,0,0,2,0,1,1,1,0,0,0,0,0,0,0,0,0,2,0,0,0,0,0,0,0,0,0,0,0,0,1,0,0,1,0,0,0,1,0,0,1,0,0,0,0,0,0,0,0,0,0,1,1,0,0,0,0
"COG3314",28,39,21,15,21,12,17,13,22,19,10,7,12,29,11,17,31,24,10,10,23,14,9,36,12,14,17,17,12,2,29,10,15,33,29,11,11,28,14,8,25,7,8,12,19,16,17,5,0,28,10,5,8,21,14,4,13,24,4,22
"COG3315",10,19,15,14,10,10,16,6,10,14,9,7,10,14,10,6,12,17,7,11,12,5,27,22,6,15,12,14,6,1,26,13,11,9,15,9,4,23,9,9,23,9,8,13,15,22,14,0,4,10,19,6,5,13,2,2,1,23,5,18
"COG3316",36,1,0,1,0,2,9,10,23,4,6,0,2,1,1,0,1,0,3,5,153,6,0,1,5,2,0,1,0,1,2,2,1,12,1,1,3,24,0,0,1,1,3,0,0,6,0,4,2,0,2,2,1,0,1,21,0,2,3,0
"COG3317",11,1,4,1,1,2,2,3,1,2,3,1,2,2,1,0,0,4,4,1,9,2,0,0,0,13,0,0,0,0,1,0,0,3,0,0,1,2,2,1,2,0,3,0,1,1,1,0,0,0,1,7,2,1,5,1,1,1,0,0
"COG3318",4,1,1,0,0,0,0,1,0,3,3,0,1,4,0,1,0,0,0,1,3,1,0,0,0,0,3,0,2,0,1,2,0,1,0,0,0,0,0,1,2,1,0,1,2,1,0,0,0,0,0,0,0,0,1,2,0,2,0,0
"COG3319",29,0,0,0,0,2,3,7,1,11,7,0,1,1,1,1,3,11,6,12,18,1,0,0,1,0,0,0,0,2,2,21,5,5,0,3,5,0,0,0,1,0,1,2,0,1,0,0,0,1,3,3,3,0,10,19,2,1,1,0
"COG3320",6,9,5,9,7,4,1,2,10,2,73,5,4,11,2,11,9,5,1,0,0,0,1,7,1,3,4,8,2,0,21,5,3,13,27,7,15,7,2,1,4,0,1,48,2,12,2,2,5,2,0,2,1,8,0,28,7,10,0,28
"COG3321",35,0,1,0,0,2,1,5,0,3,37,1,2,0,8,2,6,36,20,5,0,4,0,0,3,0,0,1,0,2,0,10,2,4,0,1,0,4,0,5,0,3,3,0,4,0,0,0,0,1,1,2,1,0,0,13,6,6,0,30
"COG3323",6,9,1,9,12,16,6,14,20,16,4,25,11,5,15,27,13,14,18,28,7,11,16,10,16,4,13,12,18,4,6,21,18,7,12,7,18,4,28,13,8,22,18,13,9,23,6,1,5,9,18,10,18,15,7,1,22,15,13,19
"COG3324",1,3,0,0,5,0,0,1,2,3,0,14,3,1,6,0,3,2,4,6,4,10,5,1,3,1,2,0,1,1,0,11,3,2,1,2,3,0,1,7,4,4,9,6,5,2,0,2,0,0,8,2,5,2,1,1,6,5,5,4
"COG3325",4,11,2,5,11,18,13,8,22,16,6,8,37,14,43,0,11,18,8,21,6,6,23,13,24,2,26,1,24,7,17,22,34,7,12,19,8,21,33,25,21,23,18,9,22,22,6,2,1,7,30,3,44,41,1,3,25,24,35,25
"COG3326",2,12,4,5,1,1,17,10,2,4,7,2,5,8,0,1,3,5,6,2,3,1,3,13,3,4,5,3,6,2,9,1,6,7,11,9,4,12,0,1,1,3,1,7,6,0,5,5,5,19,1,5,2,6,11,5,1,3,6,7
"COG3327",2,2,0,0,0,0,0,0,1,3,4,0,0,0,0,0,0,2,0,3,0,1,0,0,0,0,0,0,2,2,0,0,0,0,0,0,3,0,0,0,0,0,0,0,0,4,0,0,0,0,0,1,0,0,4,4,0,0,0,0
"COG3328",60,69,121,55,87,77,56,71,47,116,97,109,54,66,38,76,56,40,53,49,238,114,58,95,101,249,88,162,215,10,83,58,62,59,107,82,68,90,40,66,134,485,33,67,85,152,106,9,85,46,85,195,32,113,188,147,109,89,72,57
"COG3330",0,5,0,0,0,0,1,0,0,0,0,0,0,0,0,0,0,0,0,0,0,0,0,1,0,0,0,1,0,0,1,0,0,1,0,0,0,0,0,0,0,0,0,0,0,0,1,0,0,0,0,0,0,0,0,0,0,0,0,0
"COG3331",8,14,7,3,8,5,12,2,9,10,27,4,4,14,3,4,12,4,6,9,2,1,6,9,4,7,7,7,9,0,15,4,4,11,15,10,8,29,4,2,7,4,5,3,11,11,18,0,0,10,5,3,3,13,6,8,6,5,3,6
"COG3333",17,21,9,18,37,32,12,20,21,20,4,11,27,23,17,17,44,15,7,9,2,25,21,9,31,4,18,12,28,10,13,15,16,12,12,15,21,11,11,19,15,3,20,35,17,24,14,2,13,8,14,17,12,12,16,1,23,23,21,13
"COG3335",21,22,14,39,38,6,7,16,5,15,36,14,11,33,4,13,24,4,3,8,6,10,4,69,20,7,9,6,5,7,11,15,7,29,58,14,15,12,10,3,6,3,7,5,14,5,8,6,2,17,16,5,6,5,1,41,1,13,4,7
"COG3338",0,0,0,0,0,0,0,0,0,0,11,2,0,0,0,0,1,0,0,0,0,0,0,0,0,0,0,0,0,0,1,0,0,0,0,0,0,0,0,0,0,0,0,0,0,0,0,0,0,0,0,0,0,0,0,1,0,0,0,0
"COG3339",0,2,0,1,2,0,0,0,2,0,1,1,0,0,0,9,5,2,2,2,0,1,3,2,2,0,3,2,1,2,4,2,1,2,5,0,1,4,2,0,0,0,1,0,1,0,2,0,1,0,0,0,0,0,1,0,0,2,0,1
"COG3340",33,55,40,29,15,21,19,10,36,33,17,11,14,55,8,17,21,21,11,3,21,19,13,32,16,48,14,23,18,15,33,8,18,16,16,16,8,29,13,12,31,8,23,21,12,6,38,37,18,62,16,15,17,27,23,42,25,30,7,31
"COG3341",10,7,30,14,21,31,23,27,30,17,12,23,20,20,19,18,15,9,24,16,7,15,20,18,23,14,10,29,16,17,25,22,29,9,24,18,30,6,30,26,10,20,21,11,12,21,9,8,7,29,27,9,29,23,13,10,14,17,22,28
"COG3343",0,0,3,0,0,0,0,0,0,0,21,3,0,8,0,1,0,0,0,0,0,0,0,0,0,0,0,0,0,0,1,0,0,4,0,0,0,0,0,0,0,0,0,0,2,0,0,0,1,0,0,0,0,0,1,5,0,1,0,0
"COG3344",115,169,274,145,165,155,227,91,202,272,160,330,117,161,144,79,471,218,283,199,199,297,259,225,206,221,234,354,292,188,280,353,350,259,175,205,157,207,288,378,241,367,522,177,193,137,334,274,357,382,216,440,204,203,215,70,276,204,333,244
"COG3345",105,97,143,95,46,90,90,103,110,97,119,86,73,186,116,301,87,75,98,122,68,113,100,94,87,104,109,114,101,105,116,92,89,79,166,86,113,90,98,107,77,116,82,116,100,154,104,92,108,63,161,85,123,112,96,277,65,146,99,134
"COG3347",3,12,0,2,0,1,0,0,1,0,5,3,1,2,1,0,0,1,0,0,1,0,1,0,1,0,3,0,1,0,0,0,2,1,4,2,1,10,0,0,11,1,0,1,4,1,5,1,0,1,1,0,0,1,0,1,0,0,1,0
"COG3350",0,0,0,0,1,0,1,4,0,0,0,0,0,0,0,1,0,0,0,2,0,1,0,0,0,0,1,0,0,0,0,0,2,0,0,0,1,0,0,0,0,0,0,0,1,0,0,0,1,0,1,0,0,0,0,0,0,0,0,0
"COG3359",9,7,15,15,6,10,16,4,3,18,11,2,9,7,3,6,6,7,1,1,0,5,8,14,3,2,6,8,7,0,12,1,7,4,12,15,8,0,9,6,5,4,2,2,9,7,11,0,1,11,10,2,4,10,6,0,6,8,0,9
"COG3366",0,0,0,0,0,0,1,2,0,0,0,0,2,0,0,1,0,0,0,1,0,0,0,0,0,0,0,1,0,0,0,0,1,0,0,0,2,3,0,1,0,0,0,0,1,2,1,0,0,0,1,1,1,0,0,0,0,0,0,0
"COG3369",0,2,0,1,0,0,0,0,0,1,0,1,2,0,0,0,0,0,2,1,4,6,4,0,2,0,2,0,2,1,1,0,2,4,0,1,0,1,0,2,4,2,0,3,2,1,2,0,0,0,1,1,1,3,0,0,0,0,0,0
"COG3376",0,1,0,0,0,0,1,0,0,0,2,0,0,2,0,0,0,0,0,0,0,0,0,0,0,1,0,0,0,0,0,1,0,0,0,0,1,0,0,0,1,0,0,0,0,0,0,0,0,0,0,0,0,0,0,1,0,0,0,0
"COG3378",20,35,15,14,48,15,9,7,13,27,11,11,15,24,8,17,58,21,10,12,18,16,14,32,24,15,18,17,22,4,47,15,21,69,52,35,16,82,18,16,66,18,38,28,28,14,24,31,94,32,9,23,8,33,20,10,20,33,39,14
"COG3379",0,2,0,1,0,0,3,1,0,0,0,1,0,0,0,0,0,0,0,0,0,0,3,1,1,2,2,1,1,1,0,0,0,0,0,0,0,0,0,1,0,0,0,1,0,1,0,0,0,0,0,0,0,0,0,0,0,0,0,0
"COG3381",17,3,0,0,0,0,1,1,2,2,3,1,1,1,0,0,2,1,0,1,14,0,0,1,0,0,3,0,0,3,0,1,0,0,0,1,2,0,0,2,3,2,1,0,3,1,0,2,0,1,0,1,1,0,14,5,2,0,0,0
"COG3382",6,8,27,11,15,14,11,4,14,9,10,10,11,4,13,1,13,15,22,12,3,14,8,4,13,22,3,11,23,30,6,13,13,8,5,12,9,13,11,10,10,25,17,10,9,14,8,23,32,6,14,16,17,5,21,2,14,7,11,8
"COG3383",4,14,1,14,3,6,8,10,11,3,19,6,8,11,7,40,17,6,5,0,3,13,1,17,6,3,4,2,5,3,1,10,10,13,22,8,1,10,3,13,2,5,2,5,2,4,10,1,1,8,1,3,2,4,12,13,9,11,8,6
"COG3384",8,4,0,0,0,1,2,1,1,7,2,0,1,3,2,0,0,3,1,3,7,3,0,0,0,2,0,6,1,5,1,0,0,1,0,0,4,0,0,0,1,0,0,1,1,1,0,0,1,0,0,1,0,0,7,4,0,0,0,0
"COG3385",99,119,184,181,22,31,371,107,62,182,26,157,45,43,42,12,68,30,244,89,99,25,152,70,27,404,29,215,94,188,44,234,51,144,17,45,80,33,39,118,109,347,148,220,25,156,209,562,317,844,106,588,51,139,238,23,11,87,53,42
"COG3386",11,10,1,8,10,5,3,4,16,11,4,15,9,12,12,9,6,5,7,11,1,15,10,4,6,5,7,4,15,2,7,7,3,9,3,7,4,4,1,4,11,3,3,7,14,7,3,2,1,6,26,2,14,5,2,2,5,6,12,11
"COG3387",2,41,4,7,11,7,5,7,9,8,0,9,4,0,17,1,10,6,9,29,4,8,10,10,34,1,18,4,13,3,8,23,12,25,5,4,10,4,27,15,8,7,14,11,11,0,11,2,0,11,2,5,17,20,0,1,14,28,18,17
"COG3391",18,10,4,5,13,6,4,22,34,22,4,39,27,5,16,2,6,17,48,50,50,66,44,9,15,10,13,20,45,17,5,40,15,31,8,27,30,3,17,24,9,59,21,62,21,24,6,48,15,12,28,78,26,7,23,1,13,12,29,33
"COG3392",2,16,2,3,4,5,1,7,1,3,3,12,9,2,17,0,2,4,3,2,18,8,1,13,15,11,2,12,4,1,7,4,4,2,7,9,6,1,33,7,15,6,4,15,0,3,12,4,1,3,3,3,7,2,0,1,5,11,0,13
"COG3393",1,2,5,1,0,1,1,0,0,1,0,0,1,0,0,0,1,1,0,0,1,0,0,0,0,1,1,1,0,0,3,1,1,3,2,9,2,2,0,0,3,0,1,7,0,1,2,1,3,1,0,0,0,12,0,3,0,0,0,3
"COG3394",13,9,2,16,6,3,2,2,10,5,7,5,12,10,2,0,56,16,9,6,5,2,7,6,12,5,8,13,5,4,20,12,2,10,7,4,3,13,2,8,16,1,8,5,9,3,4,1,1,2,8,3,4,3,8,4,4,4,5,3
"COG3395",24,9,6,8,15,7,6,9,3,12,11,10,8,9,2,60,14,15,8,0,21,37,17,1,6,20,1,6,11,15,14,16,3,8,12,12,9,5,10,4,7,10,8,9,11,20,5,2,8,6,10,13,5,7,26,1,9,15,6,4
"COG3396",3,4,0,0,2,0,1,0,2,0,2,0,0,5,0,0,0,2,0,2,0,3,0,0,0,1,0,0,2,1,0,0,0,0,0,0,1,0,1,0,1,1,0,0,0,0,0,0,0,0,0,0,0,0,10,2,0,0,1,0
"COG3397",0,0,0,0,0,0,0,0,2,0,0,0,1,4,0,0,1,0,0,0,2,0,2,0,0,1,0,1,0,0,0,0,0,0,1,0,0,0,0,0,0,0,0,0,0,0,0,0,0,0,0,0,0,0,0,0,0,0,0,0
"COG3401",4,5,8,2,0,0,0,3,0,5,1,1,0,0,6,0,12,3,1,0,1,0,4,3,0,2,1,2,2,0,5,0,6,10,4,2,3,5,1,0,1,0,5,8,4,0,14,0,1,0,0,0,2,5,0,0,0,4,0,1
"COG3402",0,0,1,1,7,7,2,4,7,4,0,5,0,0,0,0,2,1,3,7,0,0,0,8,2,0,0,7,1,3,3,8,1,1,1,0,5,2,4,3,1,7,0,4,0,0,3,0,0,4,1,0,4,1,0,3,10,0,9,4
"COG3404",19,13,7,28,28,26,22,42,28,13,10,26,28,8,28,10,22,16,15,27,13,26,20,10,29,7,15,19,21,4,19,32,28,11,23,30,16,30,23,24,20,14,41,18,26,13,26,1,3,19,24,14,34,24,4,1,37,13,33,26
"COG3405",15,7,11,25,5,21,19,10,8,13,2,13,8,27,9,21,7,15,14,8,23,1,8,17,3,69,5,7,20,27,9,12,14,9,14,5,2,11,5,12,13,4,27,0,11,8,25,0,78,16,20,87,3,13,32,52,15,11,9,3
"COG3407",0,0,0,0,0,0,0,0,0,0,19,0,0,3,0,1,0,0,0,0,1,1,0,0,0,0,0,0,0,0,1,0,0,0,0,0,0,0,0,0,0,0,0,0,0,0,0,0,0,0,0,0,0,0,1,4,0,0,0,0
"COG3408",23,47,50,58,56,59,61,61,46,37,8,86,59,33,82,3,26,38,48,85,14,32,90,52,67,60,55,58,111,128,39,99,58,42,51,54,77,21,73,78,37,155,67,44,53,44,48,98,104,81,60,66,75,53,57,7,80,64,75,46
"COG3409",17,43,17,25,19,27,13,10,9,28,11,4,14,18,7,21,38,42,18,9,10,9,27,19,14,18,9,19,12,1,41,6,4,61,31,20,16,51,3,12,37,2,27,14,13,15,15,13,6,24,1,6,4,28,11,3,8,13,16,5
"COG3410",7,0,5,5,0,1,51,1,0,19,8,2,3,2,3,1,8,8,3,14,9,1,3,14,2,3,15,7,5,1,9,1,10,9,2,3,23,1,8,2,1,3,0,6,4,1,16,28,0,7,10,10,0,15,2,9,1,3,0,1
"COG3411",0,2,0,4,1,2,1,7,3,1,0,9,3,0,2,1,6,8,5,1,7,2,0,2,3,2,1,0,4,1,0,4,1,2,1,0,0,5,1,1,3,1,1,2,1,0,1,0,1,0,0,1,0,1,0,1,0,1,1,0
"COG3412",13,0,0,0,1,0,2,0,1,7,12,0,1,1,0,11,1,4,1,2,7,7,0,0,0,2,0,0,0,1,1,6,2,3,9,0,3,1,0,2,1,3,0,2,0,5,1,1,0,0,4,3,1,0,3,7,2,0,0,0
"COG3414",9,7,1,0,3,0,4,6,3,0,17,2,2,1,1,35,2,3,0,0,6,16,0,1,2,0,0,5,1,1,3,3,0,3,7,3,0,4,4,3,0,4,1,3,0,6,2,3,0,3,1,0,4,0,11,6,2,6,2,5
"COG3415",0,4,0,0,0,0,0,0,0,0,0,0,0,0,0,0,0,0,0,0,0,0,0,0,0,0,0,0,0,0,0,0,0,0,0,0,0,0,0,0,0,0,0,0,0,0,0,0,0,0,0,0,0,0,0,0,0,0,0,0
"COG3416",0,1,0,0,0,0,0,0,0,0,2,0,0,0,0,0,0,0,0,0,0,0,0,0,0,0,0,0,0,0,0,0,0,0,0,0,0,0,0,0,0,0,0,0,0,0,0,0,0,1,0,1,0,0,0,0,0,0,0,0
"COG3417",8,0,0,0,0,1,1,0,0,1,1,6,0,0,0,0,0,0,0,0,8,0,0,0,0,0,0,0,0,0,0,1,0,3,0,0,2,0,0,0,1,0,0,2,1,2,0,0,0,0,0,0,0,0,2,2,0,0,0,2
"COG3418",4,0,0,0,0,0,0,0,1,0,0,0,0,0,0,0,0,0,0,0,0,0,0,0,0,0,0,0,0,0,0,0,0,2,0,1,0,0,0,0,0,0,0,0,0,0,0,0,0,0,0,0,0,0,2,0,0,0,0,0
"COG3420",0,0,0,0,0,3,1,2,2,0,0,0,0,0,1,0,0,0,2,0,0,0,0,0,0,0,2,2,1,3,0,1,1,0,0,0,0,0,1,1,2,0,1,0,0,0,1,0,0,0,0,1,3,0,0,0,0,0,2,0
"COG3421",0,0,0,0,0,0,0,1,1,3,0,0,0,0,1,0,1,0,3,1,0,0,0,0,0,1,0,2,0,0,0,0,0,2,3,0,3,1,0,0,7,0,1,2,2,3,6,1,0,0,0,4,0,2,1,0,0,0,0,0
"COG3422",3,3,4,0,0,1,0,1,1,1,1,0,0,0,0,0,0,0,0,1,10,0,0,0,0,0,0,0,1,0,0,0,0,2,0,0,1,1,0,0,0,0,0,0,0,0,0,1,1,0,1,1,0,0,1,2,0,0,0,0
"COG3423",6,1,0,0,0,0,2,0,1,0,3,1,0,0,0,0,0,1,0,1,5,0,0,0,0,0,0,0,0,0,0,1,0,4,0,1,2,0,0,0,0,0,0,0,0,0,0,0,0,0,0,0,2,0,4,0,0,0,0,0
"COG3425",0,0,0,0,0,0,0,0,0,0,20,2,0,9,0,1,0,0,0,0,1,1,0,0,0,0,0,0,0,0,1,0,0,7,0,0,0,0,0,0,0,0,0,0,0,0,0,0,0,0,0,0,0,0,0,6,0,0,0,0
"COG3426",12,27,8,23,29,27,24,26,31,25,7,23,27,10,42,5,22,19,27,26,21,22,26,20,28,17,41,27,22,20,17,29,24,35,15,28,39,18,27,29,29,17,34,27,31,26,30,1,6,34,40,23,34,38,0,1,50,22,34,20
"COG3428",0,2,0,1,3,10,2,1,9,1,0,3,0,0,0,0,4,0,1,4,0,0,1,8,3,0,4,0,1,0,0,4,0,1,0,0,0,11,0,3,1,2,0,3,2,1,0,0,1,6,0,0,3,3,0,0,11,2,2,2
"COG3429",0,0,0,0,0,2,0,0,1,0,0,0,0,11,0,8,0,1,1,0,5,0,0,0,0,0,0,1,0,0,0,0,0,0,0,0,0,0,0,0,0,0,0,3,0,0,0,0,0,0,0,0,1,0,7,37,0,0,0,0
"COG3433",22,0,0,0,0,0,0,10,1,5,6,0,1,2,3,0,4,9,1,5,7,2,0,0,0,1,0,0,2,0,1,8,3,6,0,0,3,0,0,0,0,0,0,0,0,1,0,1,0,0,0,1,0,0,14,9,2,0,1,0
"COG3434",1,0,1,2,0,1,2,1,0,3,1,2,0,0,1,0,2,1,0,0,0,0,0,6,0,0,0,1,1,0,2,1,3,4,16,1,2,8,0,1,1,0,0,0,4,6,0,1,3,1,9,0,1,2,2,1,1,5,1,1
"COG3435",0,0,0,0,1,0,0,0,0,0,0,0,0,0,0,0,0,0,0,0,0,0,0,0,0,0,0,0,0,0,0,0,0,0,0,0,0,0,0,0,0,0,0,0,0,1,0,0,0,0,0,0,0,0,0,0,0,0,0,0
"COG3436",102,171,381,151,596,229,115,144,155,98,75,73,278,175,123,67,135,93,77,110,171,126,132,94,128,385,201,64,310,590,159,123,130,114,216,240,203,62,406,299,173,309,228,80,211,196,154,72,967,289,184,400,209,165,188,72,188,154,237,274
"COG3437",83,43,51,62,47,87,93,50,69,88,22,29,70,67,90,28,100,34,82,119,22,97,176,81,67,98,88,55,81,44,67,50,46,50,67,56,62,32,76,50,77,85,68,105,85,71,71,60,30,40,82,34,94,69,66,6,78,62,59,63
"COG3439",2,0,0,0,6,0,0,13,5,1,3,12,3,0,7,1,3,3,2,5,3,11,12,2,8,0,1,0,7,0,0,16,9,5,0,3,8,0,1,3,1,0,4,1,2,10,0,0,0,0,3,1,3,1,0,1,0,4,8,1
"COG3440",2,8,7,10,3,3,0,0,3,4,6,0,1,5,0,5,0,0,0,6,7,0,1,10,1,22,0,1,0,1,3,1,2,4,3,0,5,9,0,0,0,0,1,4,8,7,0,6,12,1,0,9,0,4,5,32,2,0,2,0
"COG3442",6,10,4,2,4,1,6,2,3,1,20,1,6,24,0,12,6,15,11,2,8,1,2,2,7,7,4,12,0,0,12,0,0,23,8,3,2,8,0,4,12,1,1,21,3,2,13,1,2,11,2,0,3,3,10,35,4,4,2,6
"COG3443",7,1,1,1,24,1,2,0,4,3,26,4,2,10,1,5,1,1,0,3,8,2,0,1,2,0,0,2,6,1,6,0,4,2,0,0,5,0,0,0,1,1,0,1,0,2,1,1,2,0,0,2,0,0,5,5,0,0,3,3
"COG3444",41,6,28,7,16,8,7,9,9,15,86,8,2,24,12,69,29,36,11,9,57,10,13,7,9,4,7,14,10,9,26,7,6,16,26,16,16,11,7,9,9,5,8,26,7,4,16,4,2,5,8,2,7,4,51,33,14,18,5,13
"COG3445",4,1,1,0,0,0,1,1,1,0,0,0,1,0,0,0,0,1,0,0,3,2,0,0,2,0,0,0,0,0,1,2,0,0,1,0,1,0,1,0,1,0,0,0,0,0,0,1,0,0,1,0,0,0,3,1,0,0,1,0
"COG3447",17,0,0,0,0,0,2,1,1,2,0,0,0,2,1,0,0,0,0,2,32,1,0,0,1,0,0,0,1,3,0,1,1,3,0,0,3,0,0,0,0,0,0,0,0,1,0,1,0,0,1,1,2,0,3,1,0,0,0,0
"COG3448",0,0,0,0,0,0,2,2,0,0,0,0,0,0,0,12,0,0,0,0,1,0,0,0,2,1,0,0,0,0,1,0,0,0,3,0,0,0,4,0,0,0,0,0,0,1,1,0,0,0,1,1,0,0,0,0,0,2,0,0
"COG3449",10,13,1,10,8,7,15,15,18,1,1,21,19,1,29,1,20,18,15,34,20,40,39,16,23,1,11,3,17,6,7,44,25,14,3,18,39,6,28,16,3,14,28,19,13,75,3,1,1,4,58,5,28,20,10,6,14,25,40,23
"COG3450",0,0,0,0,0,0,0,1,0,0,0,1,0,0,0,0,1,1,0,0,0,0,1,0,0,0,0,0,0,0,0,0,0,0,0,0,1,0,0,0,0,1,0,0,0,0,1,0,0,0,0,0,0,0,0,0,0,0,0,0
"COG3451",166,333,223,320,345,387,196,172,233,305,131,222,420,164,324,124,345,256,306,225,163,176,249,334,286,215,308,195,227,174,233,290,324,447,270,323,123,522,139,405,314,152,340,355,347,268,365,222,132,369,224,221,213,253,200,80,288,309,337,314
"COG3452",14,13,21,19,1,8,14,10,14,21,24,2,2,19,4,3,8,5,2,3,0,1,8,26,7,11,12,14,6,1,19,0,10,1,9,8,4,6,0,2,18,3,2,7,20,3,14,0,3,2,11,4,0,15,6,3,3,13,0,21
"COG3454",8,2,0,0,1,1,4,2,4,0,1,3,1,2,1,0,4,2,4,0,6,2,0,1,1,0,0,0,1,1,0,0,3,1,1,0,3,0,0,2,2,0,0,1,0,3,1,0,0,0,2,3,1,0,13,2,1,0,0,0
"COG3455",2,2,0,0,0,1,0,2,1,2,3,0,0,0,0,0,0,0,0,1,10,2,0,0,0,0,0,0,0,0,0,0,2,2,0,0,0,0,0,0,0,1,0,1,1,0,0,0,0,0,0,0,0,0,0,3,0,0,0,0
"COG3456",2,0,0,0,0,0,0,0,0,0,2,0,0,0,0,0,0,0,0,1,9,2,0,0,0,0,0,0,0,0,0,1,0,1,0,0,0,0,1,0,0,0,0,1,0,0,0,0,0,0,0,0,0,0,0,0,0,0,0,0
"COG3457",6,6,1,0,0,2,3,0,5,3,0,3,2,0,1,0,7,3,2,1,13,3,2,2,1,3,1,0,5,1,1,2,0,11,2,0,5,8,0,1,3,1,2,4,0,4,0,1,1,0,3,0,0,5,7,5,0,6,1,6
"COG3458",5,8,53,15,34,23,17,41,17,13,3,33,39,2,56,1,19,14,15,41,1,65,25,23,24,21,23,14,29,46,18,32,35,12,11,27,41,8,85,50,32,59,34,11,20,17,31,55,18,15,24,49,58,16,16,4,28,38,54,41
"COG3459",43,101,103,105,39,64,99,34,38,84,48,16,50,54,32,12,60,14,23,25,8,0,70,156,33,74,76,32,55,57,109,1,29,127,134,40,30,129,23,28,67,53,36,27,84,49,92,91,88,68,61,86,6,87,61,17,22,46,38,47
"COG3460",0,1,0,0,0,0,0,0,2,0,0,0,0,1,0,0,0,0,0,0,0,1,0,0,0,0,0,0,1,0,0,0,0,0,0,0,1,0,0,0,0,0,0,0,0,0,0,0,0,0,0,2,0,0,1,2,0,0,0,0
"COG3463",3,2,4,3,6,2,9,2,2,4,11,1,2,1,1,0,3,5,0,0,0,2,5,5,5,1,2,7,0,0,3,1,4,3,18,2,6,3,3,5,2,1,4,0,8,2,3,0,1,4,0,0,1,1,0,0,3,4,0,10
"COG3464",78,39,58,64,86,149,71,38,57,183,51,52,249,51,113,12,85,145,85,64,36,190,46,87,102,145,135,135,87,120,87,142,80,67,91,240,40,77,116,72,131,199,188,57,85,55,186,31,509,120,114,143,271,106,54,62,400,36,192,210
"COG3467",10,27,28,20,19,25,17,32,32,17,7,16,23,10,31,21,20,30,23,32,9,26,19,15,21,21,26,19,27,9,25,26,17,20,19,22,22,31,28,26,19,28,22,30,20,23,76,8,14,31,22,20,16,20,16,30,31,39,29,23
"COG3468",142,2,9,35,23,10,52,69,55,41,16,30,26,4,45,6,84,8,49,61,168,154,24,12,71,4,27,4,11,22,17,46,35,78,13,27,25,8,14,74,13,12,36,18,24,21,54,23,3,8,37,17,21,13,74,44,55,19,32,1
"COG3469",0,1,0,0,0,0,0,0,0,0,0,0,8,0,0,0,0,0,0,0,1,0,9,0,0,0,0,0,0,0,1,0,0,1,0,3,0,1,0,0,0,0,0,0,0,1,0,0,0,0,0,0,0,0,0,0,0,0,1,0
"COG3470",0,0,0,0,1,1,0,0,1,0,0,0,0,5,0,6,1,0,3,3,3,1,0,0,0,0,0,3,0,0,2,0,0,0,0,0,0,0,0,0,1,0,0,0,0,0,0,0,0,1,0,0,0,0,3,19,0,0,0,0
"COG3471",0,0,0,0,0,0,0,0,0,0,1,0,0,0,0,0,0,0,0,0,0,0,0,0,0,1,0,0,0,1,2,0,1,0,0,0,1,0,0,0,1,0,1,0,0,0,0,0,1,0,0,0,0,0,0,0,0,0,0,0
"COG3472",5,4,3,9,0,4,4,1,3,5,0,1,3,1,4,4,4,10,4,4,0,0,1,8,2,1,10,2,26,12,16,0,0,7,4,2,36,31,1,1,25,2,6,11,11,2,5,8,1,0,0,2,7,4,1,4,0,12,4,1
"COG3473",0,0,0,0,1,0,0,0,0,0,0,0,1,0,0,0,0,1,0,0,0,0,0,0,0,0,0,0,0,0,0,0,0,1,3,0,0,0,0,0,0,0,1,0,0,0,2,0,0,0,0,0,0,3,0,0,0,0,0,0
"COG3475",41,43,64,41,24,55,61,45,57,59,67,53,22,56,31,26,28,22,21,46,45,54,64,49,45,34,30,62,48,30,57,44,49,43,49,44,51,28,47,27,42,39,34,40,51,30,53,57,56,36,31,38,39,72,40,9,45,56,39,70
"COG3476",6,7,5,9,7,2,0,10,3,7,2,2,5,1,4,2,4,4,2,7,6,4,8,6,2,2,14,4,7,3,2,5,10,9,9,7,4,6,22,5,4,2,3,6,6,1,14,0,1,5,7,3,12,1,1,2,10,12,7,6
"COG3477",6,0,2,0,0,0,0,0,0,2,9,0,0,2,0,0,0,0,0,0,3,0,0,0,0,2,0,0,0,0,0,1,1,0,0,0,1,0,0,0,0,0,0,1,0,1,0,0,0,0,0,0,1,0,4,2,0,0,0,0
"COG3478",0,0,0,0,0,0,0,1,0,0,0,1,0,0,1,0,0,1,0,0,0,0,0,0,0,0,0,0,0,0,1,0,0,0,0,0,0,0,0,0,0,0,0,0,0,0,0,0,0,1,0,0,0,0,0,0,0,0,0,1
"COG3479",1,1,0,0,0,0,0,0,1,0,2,1,0,2,0,0,0,1,3,0,0,0,0,0,0,0,0,0,0,0,0,0,0,0,0,0,0,0,0,0,0,0,0,0,0,0,0,0,0,0,0,0,0,0,0,0,0,0,0,0
"COG3480",0,4,0,1,1,1,0,0,1,0,33,2,0,14,0,5,0,1,2,0,5,0,0,2,0,0,0,4,0,0,1,0,0,0,0,0,0,1,0,0,0,1,1,0,0,0,3,0,0,3,0,0,0,0,3,19,0,0,0,0
"COG3481",23,51,36,32,18,21,29,18,20,30,56,10,13,42,7,38,29,31,13,15,18,18,13,33,19,34,27,26,10,8,15,4,6,23,25,7,11,23,7,10,21,4,5,10,18,7,8,7,5,6,5,6,6,15,6,10,6,12,4,9
"COG3484",0,3,0,0,0,0,0,0,0,0,0,0,0,0,0,0,0,0,0,0,0,0,0,0,0,0,0,0,0,0,0,0,0,0,0,0,0,0,0,0,0,0,0,0,0,0,0,0,0,0,0,0,0,0,0,0,0,0,0,0
"COG3485",1,1,0,0,0,0,0,0,0,0,4,0,0,0,0,0,0,3,0,0,0,0,0,0,1,1,0,0,0,0,0,0,0,0,0,0,0,0,0,0,0,0,0,0,0,0,0,0,0,0,0,3,0,0,0,0,0,1,0,0
"COG3486",15,3,0,0,2,0,0,0,0,4,0,0,0,1,0,0,0,0,0,2,25,6,0,0,0,0,0,0,0,3,0,2,0,3,0,0,0,0,0,4,0,0,1,0,0,0,0,1,0,0,0,0,2,0,0,3,2,0,0,0
"COG3487",1,3,1,9,8,19,6,4,11,2,0,19,21,1,19,0,14,8,21,14,2,15,8,12,12,2,7,4,8,4,1,13,6,5,5,10,3,4,11,11,5,3,12,11,6,16,2,5,3,10,24,2,11,19,0,0,10,6,19,14
"COG3488",5,5,20,18,8,27,27,15,21,17,0,25,12,0,22,3,10,21,38,26,12,16,15,8,18,38,23,14,17,71,7,22,21,14,7,18,12,7,13,34,13,60,14,12,28,9,12,56,63,20,17,32,20,22,36,3,13,17,21,12
"COG3491",2,2,0,0,0,0,1,0,0,0,0,0,0,1,0,0,0,0,0,0,0,0,0,0,1,0,0,0,0,0,0,0,0,0,0,0,1,0,0,0,0,0,0,0,0,0,0,0,0,1,0,0,0,0,0,0,0,0,0,0
"COG3493",6,2,1,1,17,0,1,5,0,1,2,1,8,17,10,21,4,12,2,1,0,12,2,1,7,0,2,0,0,3,1,10,1,0,5,4,3,0,0,5,1,0,1,0,0,5,0,3,0,1,0,5,4,0,1,2,24,3,4,3
"COG3494",1,3,0,3,0,0,2,7,2,0,1,0,2,0,3,21,0,6,3,2,6,8,0,1,1,0,3,3,0,4,2,2,2,1,4,1,1,4,6,7,4,4,2,1,1,3,2,0,0,1,0,0,1,1,10,0,0,4,1,0
"COG3496",0,0,0,0,0,0,0,0,0,0,0,0,0,0,0,0,1,0,0,0,0,0,0,0,0,0,0,0,0,0,0,0,0,0,0,0,0,0,0,0,0,0,0,0,0,0,0,0,0,0,0,1,0,0,0,0,0,0,0,0
"COG3497",8,9,2,2,3,3,0,11,9,9,1,17,9,0,2,1,43,8,9,9,39,13,33,5,9,5,4,0,10,3,0,4,7,28,0,4,5,26,1,6,4,3,4,4,20,10,3,1,29,2,7,2,5,35,11,6,6,4,5,5
"COG3498",2,5,0,0,0,2,1,1,0,2,0,0,1,0,1,1,7,0,0,1,27,1,4,2,0,3,1,2,0,0,0,4,1,5,0,2,1,0,0,0,0,1,3,0,5,6,1,0,0,2,1,4,0,1,15,1,0,1,1,1
"COG3499",1,0,0,0,1,0,0,1,2,1,0,0,1,0,0,0,0,0,0,0,24,1,0,0,1,0,0,0,0,1,0,0,1,2,0,0,1,0,0,0,0,0,0,2,0,1,0,0,1,0,0,1,1,0,4,1,0,0,0,0
"COG3500",1,1,0,2,2,0,2,6,4,6,2,8,0,2,2,0,13,2,1,5,21,5,10,4,2,1,2,2,3,0,2,11,3,15,0,2,5,30,0,2,2,0,3,0,12,7,3,5,15,2,7,5,3,9,3,6,9,0,8,1
"COG3501",26,4,0,2,16,59,15,23,39,16,5,24,78,2,7,5,2,25,10,14,38,21,12,8,25,4,27,8,9,13,2,26,80,16,36,46,14,1,7,1,12,20,35,11,17,13,5,2,33,9,12,4,36,20,12,18,39,2,37,30
"COG3503",7,13,6,5,0,5,5,0,1,9,2,1,3,4,4,0,14,4,2,1,0,2,2,2,1,1,7,7,0,1,7,1,2,3,1,4,4,10,2,3,12,1,6,5,2,0,1,0,1,8,0,2,1,4,0,0,1,1,3,4
"COG3504",10,1,0,1,2,0,1,0,0,3,1,0,0,1,0,0,0,2,0,0,0,0,0,2,3,18,0,1,0,0,1,0,0,1,1,0,0,0,3,2,0,0,0,0,0,1,11,2,1,0,0,0,1,3,0,6,0,0,3,0
"COG3505",161,272,141,247,282,258,127,163,191,233,107,209,227,123,259,107,298,194,258,216,116,135,206,267,241,198,288,159,177,169,188,216,277,335,211,265,187,376,125,249,297,119,317,273,275,217,313,281,123,328,185,172,281,211,144,80,185,175,249,286
"COG3506",3,4,9,1,3,3,2,11,4,8,3,3,8,3,2,16,6,6,3,8,3,13,12,5,1,2,3,14,4,2,6,16,7,4,9,6,28,1,6,5,6,12,2,4,4,5,13,0,26,5,13,4,9,1,2,2,1,5,15,10
"COG3507",122,100,289,193,263,327,226,240,210,233,82,191,278,129,468,198,155,200,222,395,90,350,335,225,211,144,212,236,306,397,140,411,373,74,230,235,226,124,356,224,124,358,396,171,293,222,140,352,253,135,304,298,289,221,201,398,309,359,275,239
"COG3509",5,2,31,1,0,1,3,2,0,1,0,3,0,7,1,0,1,1,6,0,4,0,0,2,0,5,5,3,5,7,2,1,1,1,0,0,0,3,0,5,12,34,3,0,2,0,7,14,45,4,0,1,0,3,12,0,1,0,0,0
"COG3512",5,7,6,4,2,3,4,1,2,5,6,5,5,4,1,6,3,3,4,2,0,7,11,0,2,14,13,7,2,1,8,9,5,3,3,9,6,3,1,5,4,12,1,4,1,12,7,4,13,6,2,0,3,6,1,1,2,5,6,7
"COG3513",32,71,18,46,19,18,26,39,5,42,47,33,54,22,34,16,22,23,31,17,12,55,43,8,46,102,48,34,6,9,76,45,10,29,30,66,27,28,20,17,22,31,7,25,34,77,26,63,164,37,38,19,28,42,8,19,21,23,27,58
"COG3514",1,0,0,0,0,0,0,0,0,0,0,0,0,0,0,0,0,0,0,0,6,1,0,0,0,0,0,0,0,0,0,1,0,0,0,0,0,1,0,0,0,0,0,0,0,0,0,0,0,0,1,2,0,0,1,1,0,0,0,0
"COG3515",11,7,0,0,1,0,3,4,1,5,1,0,1,1,2,0,1,2,1,2,31,6,0,0,1,1,1,0,2,1,1,9,2,7,0,1,0,1,1,0,0,1,2,1,2,3,1,1,0,0,1,5,0,0,6,4,0,0,1,0
"COG3516",0,2,0,0,0,1,0,1,0,0,0,0,1,0,0,0,1,1,0,0,3,1,0,0,0,0,1,0,0,0,0,1,0,1,0,0,0,0,1,0,0,0,1,1,0,1,0,2,0,0,0,0,0,0,4,1,1,0,0,0
"COG3517",11,0,1,0,0,1,2,5,2,0,2,0,0,1,1,0,1,1,0,2,20,4,1,1,0,0,0,0,2,1,1,5,0,5,0,0,3,1,0,0,1,0,1,4,0,1,0,0,2,1,0,1,1,1,12,2,0,0,2,0
"COG3518",2,0,0,0,0,0,0,0,0,0,1,0,0,0,1,0,0,1,0,0,1,0,0,0,0,0,0,0,0,0,0,4,0,1,0,0,0,0,0,0,0,0,0,0,0,0,0,0,0,0,0,0,0,0,1,0,0,0,0,0
"COG3519",5,3,0,0,0,0,0,6,2,2,9,1,0,1,0,0,0,3,2,2,25,3,1,0,0,1,0,0,1,0,2,7,1,4,0,0,1,0,1,0,0,1,1,0,0,2,1,1,0,0,1,3,0,0,4,5,0,0,0,0
"COG3520",5,5,0,0,2,0,1,1,0,0,2,0,1,3,0,0,1,3,1,0,14,1,0,0,0,2,0,0,2,0,0,3,0,7,0,0,3,0,0,0,1,0,0,0,0,1,0,0,0,0,0,0,0,0,0,2,0,0,0,0
"COG3521",1,0,0,0,0,0,0,0,0,2,0,0,0,1,0,0,1,1,0,1,8,1,0,0,0,1,0,0,0,0,0,4,1,1,0,0,0,0,0,0,0,0,0,0,0,0,0,0,0,0,0,2,0,0,0,2,0,0,0,0
"COG3522",6,5,0,0,1,1,0,1,1,1,2,0,1,3,1,0,1,3,0,4,9,4,1,0,1,0,0,0,1,0,0,1,1,1,0,1,0,0,2,0,0,1,0,0,0,5,0,0,0,0,1,3,0,0,0,2,0,0,0,0
"COG3523",11,5,3,0,0,2,1,5,0,2,8,0,0,5,2,0,2,6,1,3,29,3,0,0,0,6,0,0,0,1,0,4,1,11,0,0,2,0,3,0,0,0,0,1,0,0,0,0,0,1,2,2,0,0,9,3,0,1,1,0
"COG3524",1,0,0,0,0,0,0,3,0,0,0,1,1,0,0,0,1,0,1,3,0,3,0,0,0,0,0,0,0,0,0,0,1,1,0,0,1,0,0,1,0,1,1,0,1,0,0,1,0,0,1,0,3,0,0,1,2,0,0,0
"COG3525",131,143,203,154,271,308,322,298,350,184,31,305,330,56,425,26,196,244,345,461,209,415,391,128,300,196,312,158,279,278,164,421,352,210,117,273,476,113,461,283,193,362,292,252,271,383,186,225,92,205,330,237,569,293,130,91,327,299,378,348
"COG3526",0,0,0,0,0,0,0,0,0,0,0,0,0,0,0,0,0,1,0,0,0,0,0,0,0,0,0,0,0,0,0,0,0,0,0,0,0,0,0,0,0,0,0,0,0,0,0,0,0,0,0,0,0,0,0,0,0,0,0,0
"COG3527",0,4,0,0,0,1,0,0,0,0,20,1,0,0,0,0,0,1,0,0,0,0,0,0,0,1,0,1,1,0,0,0,0,0,0,0,0,1,0,1,4,0,0,0,0,0,0,0,0,1,0,1,0,0,0,0,0,0,0,0
"COG3528",0,0,0,0,0,0,0,0,0,0,0,0,0,0,0,0,0,0,0,0,5,0,0,0,0,2,1,0,0,0,0,0,0,0,0,0,0,3,0,0,1,0,0,0,0,0,0,0,0,0,0,0,0,0,0,0,0,0,0,0
"COG3529",3,0,0,0,0,0,0,0,0,0,1,0,0,0,0,0,0,0,0,0,2,1,0,0,0,0,0,1,0,0,0,1,0,2,0,0,0,0,0,0,0,0,0,0,0,0,0,0,0,0,0,0,0,0,2,0,0,1,0,0
"COG3530",3,1,0,0,0,0,0,1,0,0,0,0,0,0,0,0,0,0,0,0,4,0,0,0,0,0,0,0,1,0,0,0,0,0,0,0,0,0,0,0,0,0,0,0,0,0,0,0,0,0,0,0,0,0,0,0,0,0,0,0
"COG3533",70,93,84,92,176,187,112,217,135,100,35,146,254,82,319,151,118,151,198,240,76,163,279,119,158,140,160,143,199,230,96,269,267,80,128,197,179,79,330,191,138,199,213,128,220,137,118,185,184,59,216,232,213,151,137,203,213,354,235,202
"COG3534",53,61,205,112,90,81,151,97,79,53,42,89,92,79,154,76,66,109,147,137,40,86,151,90,103,168,108,95,153,308,68,122,120,60,119,101,108,55,120,70,94,158,140,85,113,100,55,322,241,47,133,187,94,80,192,171,94,143,93,94
"COG3535",1,4,0,0,6,1,1,0,1,0,1,1,0,12,0,0,2,4,0,0,0,0,0,3,1,4,0,0,0,1,0,0,0,11,1,0,0,6,0,1,5,1,1,0,0,1,1,1,0,1,0,0,0,7,1,47,1,0,1,0
"COG3536",1,0,0,0,0,0,1,0,0,0,0,0,0,0,0,0,0,0,0,0,0,0,0,0,1,0,1,1,1,2,0,0,0,0,0,0,0,0,0,0,0,0,3,0,2,0,1,0,0,0,0,0,0,0,0,0,0,0,0,0
"COG3537",112,136,104,164,429,243,302,359,356,272,13,403,416,59,637,8,267,163,476,610,180,681,544,190,475,223,406,263,302,239,141,566,503,192,133,304,582,115,729,436,154,428,335,357,343,465,195,407,89,269,539,286,734,325,127,60,318,399,412,379
"COG3538",13,19,21,26,9,29,55,29,49,17,12,44,52,18,81,21,28,24,41,68,20,72,52,41,75,25,37,20,51,14,21,52,67,13,32,46,60,17,28,44,16,43,35,52,21,51,15,71,9,31,69,41,56,29,19,54,32,58,58,31
"COG3539",115,17,0,0,2,1,9,15,16,23,21,2,4,3,5,1,8,14,2,19,127,20,2,0,3,7,1,0,7,6,4,6,6,16,4,1,21,2,2,0,5,2,3,4,2,12,0,10,1,0,5,16,6,0,55,31,2,0,5,0
"COG3541",4,1,2,5,0,0,1,2,1,3,2,2,1,5,3,0,1,3,2,2,2,9,2,5,2,2,2,1,3,1,3,2,3,11,1,0,2,3,1,3,0,1,0,1,1,5,2,11,14,2,1,18,0,4,15,1,1,2,2,0
"COG3542",0,0,0,3,0,0,0,0,0,0,0,1,3,4,1,0,1,6,2,1,2,0,5,5,2,0,1,0,0,0,0,1,0,4,0,0,0,0,0,2,0,1,0,0,0,0,0,1,0,0,1,0,0,1,0,13,0,0,0,0
"COG3543",3,5,1,5,7,3,1,1,0,6,2,2,2,11,0,3,1,10,3,0,0,1,4,2,3,4,2,3,3,0,6,3,1,5,4,4,1,2,0,4,3,0,3,2,2,2,2,0,2,2,2,1,3,3,2,1,1,2,5,15
"COG3544",1,1,1,0,1,0,0,2,0,0,1,1,1,1,0,18,1,0,1,0,2,5,0,3,0,0,1,0,1,2,0,1,2,1,0,0,1,0,0,1,0,2,0,0,0,3,2,0,0,0,1,1,0,0,2,0,0,1,1,1
"COG3545",0,0,0,0,0,0,0,0,0,0,0,0,0,0,1,0,0,0,0,0,0,0,0,2,0,1,0,1,0,0,6,0,0,0,0,0,0,0,0,0,1,0,0,0,0,0,0,0,0,1,0,0,0,0,0,0,0,0,0,0
"COG3546",5,30,11,13,8,10,7,3,7,10,12,4,11,12,5,6,13,13,5,5,12,9,14,21,14,7,24,10,6,2,11,5,7,26,15,12,6,20,3,14,17,3,3,10,10,24,11,2,5,14,17,4,3,16,0,4,8,4,14,15
"COG3547",94,159,125,192,60,213,366,136,193,151,167,181,81,187,89,75,152,120,129,259,136,123,77,193,122,159,95,142,268,155,135,84,105,160,96,104,63,154,47,114,190,166,85,114,150,163,169,614,212,150,257,97,53,151,149,102,45,110,130,108
"COG3548",0,1,2,0,0,1,0,0,0,0,9,2,0,3,0,0,0,0,0,1,0,2,0,0,0,0,0,0,1,0,0,0,0,6,0,0,1,0,0,0,0,0,0,0,0,0,0,0,0,1,0,1,0,0,0,2,0,0,0,1
"COG3549",0,1,0,1,1,0,0,2,0,0,1,0,0,0,0,1,0,1,0,0,0,0,0,1,1,1,0,0,0,0,0,1,0,7,1,0,2,0,0,0,0,0,0,2,0,0,0,0,0,0,1,0,0,1,0,1,0,1,0,0
"COG3550",52,36,98,66,51,41,96,66,67,57,17,89,116,21,89,10,33,27,49,48,32,50,105,72,89,93,65,35,73,111,45,138,58,47,22,112,37,30,39,112,48,81,44,57,89,60,62,142,149,77,117,60,40,69,121,15,56,173,69,77
"COG3552",0,0,0,2,0,0,0,0,0,0,0,0,0,0,0,0,1,0,0,0,0,0,0,0,0,0,0,1,0,0,1,0,0,7,0,0,0,5,0,0,1,0,1,1,0,0,0,0,0,0,0,0,0,0,0,0,0,0,0,0
"COG3555",0,2,0,0,0,0,0,0,0,0,1,0,0,0,0,0,0,2,0,0,0,0,0,0,0,0,0,0,0,0,0,0,0,0,0,0,0,0,0,0,0,0,0,0,0,0,0,0,0,0,0,0,0,0,0,0,0,0,0,0
"COG3557",1,2,2,1,0,0,0,0,0,0,30,2,0,0,0,0,1,0,0,0,1,0,0,0,0,0,0,0,0,0,1,0,1,2,0,0,0,0,0,0,0,0,0,1,0,0,1,0,0,1,0,0,0,0,1,1,0,0,0,1
"COG3558",0,2,0,0,0,0,0,0,0,0,0,0,0,1,0,0,0,1,0,0,0,0,0,0,0,0,0,0,0,0,0,0,0,0,0,0,0,0,0,0,0,1,0,0,0,0,0,0,0,0,0,1,0,0,0,0,0,0,0,0
"COG3560",6,3,2,8,10,13,7,17,20,4,15,14,13,0,18,18,9,10,21,24,6,26,19,13,14,1,10,2,9,2,4,27,21,10,6,16,10,3,28,14,7,12,22,12,17,22,12,2,2,5,14,3,36,17,5,6,16,16,19,18
"COG3561",12,2,0,9,0,3,1,0,3,0,23,12,0,1,0,1,2,6,5,3,24,3,2,0,13,26,6,2,0,0,1,1,2,5,0,4,1,14,1,5,3,4,1,2,5,4,3,1,0,2,0,1,0,7,4,3,0,1,6,0
"COG3562",5,0,0,0,1,1,1,1,0,0,0,0,1,0,0,0,0,0,2,1,0,3,1,0,0,0,0,0,0,2,0,0,0,3,0,0,1,0,0,0,0,3,1,0,2,1,0,0,0,0,0,2,1,0,0,3,0,2,0,0
"COG3563",5,0,0,0,1,0,0,1,0,0,0,0,0,0,1,0,1,0,5,2,0,3,0,0,0,0,0,0,0,0,0,1,3,3,0,0,0,0,0,0,0,1,1,0,0,2,2,2,1,0,0,0,0,0,0,0,0,0,0,0
"COG3566",0,0,0,5,1,3,0,0,0,2,4,4,2,0,1,1,0,0,0,1,50,0,0,5,1,0,0,0,2,3,4,0,5,1,0,0,0,3,0,1,0,1,0,3,2,0,0,2,0,3,0,8,1,0,0,0,58,0,0,1
"COG3567",1,2,0,6,0,10,0,0,0,1,3,0,2,1,0,1,2,0,0,2,60,0,0,5,2,0,1,0,0,0,2,0,0,0,0,0,0,8,0,0,1,1,0,0,2,1,0,2,0,2,2,3,4,0,0,0,40,0,0,0
"COG3568",37,33,19,47,58,29,27,52,78,30,21,72,78,22,96,8,54,59,55,85,51,156,59,40,88,21,64,27,63,39,32,76,75,38,24,55,66,33,73,77,47,78,91,100,51,58,50,7,25,41,102,28,117,56,7,5,95,58,94,78
"COG3570",8,0,0,0,2,1,0,1,0,6,0,1,0,0,0,0,0,1,0,0,0,0,3,0,1,0,0,0,1,0,0,5,1,0,0,0,0,0,0,0,0,1,0,1,0,0,0,0,0,0,0,5,2,0,1,2,0,1,1,0
"COG3572",2,0,3,2,0,1,0,0,2,1,30,2,1,14,1,22,1,4,2,0,11,1,1,1,0,0,0,4,1,0,6,0,2,0,0,1,1,1,1,7,2,0,0,2,1,4,2,0,0,0,0,0,2,2,7,50,1,3,0,0
"COG3575",0,0,0,0,0,0,0,0,0,0,16,1,0,0,0,0,0,0,0,0,0,1,0,0,0,0,0,0,0,0,0,0,0,0,0,0,0,0,0,0,0,0,0,0,0,0,0,0,0,0,0,0,0,0,0,0,0,0,0,0
"COG3576",0,1,0,0,0,3,0,0,1,0,3,0,0,6,0,2,1,1,0,0,5,0,0,0,0,0,0,1,0,0,0,0,0,0,1,0,0,0,0,0,0,0,0,3,0,0,0,0,0,0,0,0,0,0,4,11,2,0,0,0
"COG3579",12,18,43,33,32,60,45,52,46,40,51,62,50,85,66,40,47,21,71,62,25,41,34,25,57,36,37,56,58,87,33,89,78,22,21,48,66,17,65,48,23,72,70,51,29,46,31,54,43,57,57,57,67,37,49,125,67,50,80,50
"COG3580",61,97,121,73,101,81,62,59,64,112,68,17,51,139,29,177,80,62,46,26,33,45,76,79,52,63,80,105,56,80,72,10,27,43,53,40,30,41,15,31,40,19,21,34,38,39,49,17,43,43,22,59,14,41,47,49,21,27,10,28
"COG3581",62,115,95,67,53,57,55,59,45,90,59,27,46,87,44,168,53,59,42,24,30,43,64,79,45,45,54,85,52,93,110,27,46,86,132,74,34,66,39,53,66,46,36,57,53,75,94,41,95,58,51,122,16,62,67,116,40,53,22,55
"COG3583",10,16,6,10,20,8,2,2,7,6,6,1,12,15,3,29,27,35,18,4,4,4,15,7,6,7,8,17,7,1,20,3,4,20,15,12,7,24,5,8,29,7,11,13,8,8,7,1,14,24,4,4,2,10,8,8,2,11,9,21
"COG3584",18,26,13,20,18,9,19,2,12,13,16,6,15,13,9,41,24,35,13,4,5,17,12,10,12,7,13,14,6,3,12,2,3,12,12,5,4,11,5,2,19,4,7,11,5,9,14,4,3,5,1,3,2,3,7,4,4,3,5,11
"COG3585",3,0,0,1,1,0,0,0,0,0,7,0,0,4,0,0,0,0,0,0,0,0,0,0,0,1,0,1,0,1,0,0,0,0,1,0,0,0,0,0,1,0,0,0,0,0,0,0,0,0,0,0,0,0,0,0,0,0,0,0
"COG3586",0,7,9,0,12,2,6,4,4,1,0,1,2,4,1,12,2,1,6,6,24,3,2,1,3,0,1,2,3,0,5,8,0,9,4,9,17,3,4,4,4,1,1,16,3,17,6,0,0,4,5,0,2,1,20,1,3,6,1,6
"COG3587",14,14,39,26,82,36,18,21,31,8,2,11,81,18,33,53,15,17,33,25,9,19,24,22,20,30,73,29,35,14,33,35,38,16,37,69,19,18,16,13,22,85,31,25,14,35,17,66,99,7,27,59,71,16,44,16,37,28,58,83
"COG3588",0,1,0,0,0,0,2,0,1,0,0,1,0,0,0,0,1,0,1,0,1,2,0,2,0,0,0,0,0,0,0,0,0,8,0,0,0,0,0,0,0,0,0,0,0,0,0,0,0,1,0,0,0,0,0,0,0,0,0,1
"COG3589",9,3,11,3,0,9,0,4,4,3,0,0,0,11,1,15,0,10,6,0,8,3,0,1,0,2,2,3,2,1,2,4,1,0,7,2,0,2,5,4,7,4,1,2,0,1,1,0,1,1,0,1,0,2,3,29,0,1,0,0
"COG3590",14,23,61,63,45,49,90,48,46,27,89,57,65,75,56,30,23,16,80,64,25,44,42,19,52,78,36,58,82,138,24,52,51,20,32,30,40,11,57,44,41,109,48,46,39,41,47,146,113,56,41,123,46,42,127,74,60,45,56,28
"COG3591",5,1,2,0,11,4,1,2,1,7,0,0,0,15,1,0,6,2,2,4,13,0,4,1,4,0,1,2,0,1,3,1,1,5,1,1,3,1,0,0,4,0,1,1,1,4,0,0,8,2,0,1,0,2,6,0,0,0,1,0
"COG3592",2,0,0,0,0,0,0,2,0,1,0,0,0,1,0,1,0,0,0,1,1,0,0,0,0,0,0,0,1,0,1,0,0,0,0,0,1,0,0,0,0,0,0,1,0,1,0,0,0,0,1,0,1,0,3,2,0,0,0,0
"COG3593",29,37,8,12,44,4,50,14,15,12,41,27,12,26,11,9,5,16,8,8,80,16,13,11,6,40,9,25,30,17,21,23,10,14,25,11,51,16,7,14,27,8,7,17,11,12,20,5,102,25,46,52,5,3,17,12,56,10,11,26
"COG3594",29,23,29,25,13,28,27,18,16,25,38,29,18,34,29,7,18,19,29,57,14,54,67,36,29,23,23,11,15,33,30,53,20,28,29,24,29,23,19,44,38,51,34,45,40,34,41,58,42,46,65,8,35,47,27,7,13,55,32,51
"COG3595",1,2,1,1,2,2,2,0,3,4,0,0,0,0,0,0,0,0,2,2,0,0,0,1,0,0,2,0,3,0,1,0,0,1,0,0,0,0,0,5,0,0,0,1,1,0,1,0,0,1,0,0,0,0,0,2,2,1,0,0
"COG3596",2,4,4,0,1,2,6,0,6,10,3,1,0,0,1,0,0,3,2,0,0,8,1,1,0,1,4,0,0,4,1,0,1,0,20,0,2,1,0,0,15,0,2,0,7,3,0,37,0,1,1,12,4,0,10,2,1,1,7,1
"COG3597",0,0,0,0,0,0,0,0,0,3,0,1,1,0,0,0,0,5,0,0,0,0,0,0,0,0,3,0,0,0,0,0,0,0,6,0,0,0,0,0,1,0,0,0,3,0,0,0,1,0,0,2,0,0,1,0,0,2,6,0
"COG3598",2,6,2,1,1,1,1,4,5,7,7,0,0,3,1,15,7,2,0,0,6,1,2,4,0,3,6,0,1,0,12,0,2,4,2,0,0,2,0,0,1,4,0,5,5,4,1,0,0,1,0,0,1,4,0,22,4,1,4,1
"COG3599",3,26,9,10,4,8,7,1,4,4,31,6,3,15,6,5,14,11,5,2,4,1,3,20,3,3,10,6,2,0,17,3,3,19,10,6,4,17,2,2,12,3,9,5,5,5,8,3,4,13,0,1,6,6,5,5,1,0,4,4
"COG3600",1,3,1,2,1,2,10,4,1,3,0,4,1,10,5,0,2,3,7,9,4,7,0,4,8,3,6,4,1,5,11,0,5,4,10,14,3,2,20,9,8,13,4,3,0,8,7,0,5,5,3,34,2,3,9,1,2,13,41,9
"COG3601",21,25,21,13,15,18,9,5,12,16,33,8,15,33,5,17,20,14,8,7,10,12,7,16,11,11,13,25,13,2,32,4,11,15,42,12,10,30,13,7,11,1,14,22,7,26,8,5,5,11,23,4,4,23,13,33,8,11,10,18
"COG3602",0,0,0,0,0,0,0,0,0,0,0,0,1,0,2,0,0,0,0,2,2,0,2,1,0,0,0,0,0,0,0,0,0,0,0,0,0,0,0,0,0,0,3,1,1,0,0,0,0,0,5,0,3,0,0,0,0,0,0,1
"COG3603",1,3,1,2,4,1,1,0,0,0,0,0,0,3,0,1,2,1,0,0,3,2,0,3,3,1,1,3,2,0,0,3,0,1,2,1,0,2,4,1,0,0,3,1,0,0,2,0,0,0,1,0,2,1,0,0,4,0,1,0
"COG3604",46,8,30,18,19,46,18,31,39,19,8,16,52,4,30,1,22,6,28,35,59,20,11,13,31,14,18,19,16,9,14,18,19,28,7,26,17,11,33,41,23,8,35,23,25,26,24,10,14,20,13,25,22,32,47,4,43,29,31,10
"COG3605",11,6,0,2,0,0,2,1,3,5,3,1,0,5,0,0,0,4,2,0,7,2,0,0,1,23,0,0,0,0,0,1,0,1,0,0,4,0,1,0,4,0,0,0,0,0,0,2,0,1,0,7,1,0,11,3,0,0,1,0
"COG3608",17,16,22,17,14,6,11,6,4,13,22,8,6,17,7,25,10,6,2,2,1,15,6,20,11,12,12,6,6,3,17,2,9,7,15,9,10,6,3,17,5,5,2,12,14,7,17,1,2,13,30,7,8,5,1,1,18,9,3,10
"COG3609",4,0,0,1,0,0,1,1,0,0,0,1,0,0,0,0,0,0,0,0,0,0,0,0,0,0,0,0,0,0,0,0,0,0,0,0,0,0,0,1,2,0,0,2,0,0,0,0,0,0,0,0,0,0,0,2,0,0,0,0
"COG3610",26,15,10,10,11,5,6,16,13,10,19,18,18,24,19,15,18,17,11,17,23,21,12,12,13,8,9,9,8,4,14,16,5,15,13,10,19,10,6,18,11,4,26,21,15,20,14,4,8,11,9,11,18,13,7,16,12,7,10,16
"COG3611",0,5,8,2,1,0,2,0,1,0,41,1,0,8,0,0,1,0,0,0,2,1,0,3,0,1,1,0,0,0,3,0,0,6,1,2,1,0,0,1,4,0,0,1,0,1,4,0,0,5,0,1,0,1,5,9,0,1,0,0
"COG3613",0,0,0,2,2,2,0,1,0,1,10,0,0,12,0,2,0,0,0,1,2,0,0,1,0,0,0,4,0,0,0,0,0,5,0,0,1,0,0,0,0,0,0,0,0,0,1,0,0,1,0,0,1,0,1,20,6,1,1,5
"COG3615",5,1,2,0,0,1,0,1,2,1,13,1,1,2,0,0,0,0,1,1,7,0,0,0,0,0,0,0,0,0,4,0,0,2,1,0,2,0,1,0,0,0,0,1,0,0,0,1,1,0,0,1,1,0,5,1,0,0,0,0
"COG3616",1,3,0,0,3,2,5,7,2,5,0,6,1,0,1,3,1,1,5,2,2,7,2,2,2,2,5,0,1,4,1,9,2,2,1,1,2,1,0,7,3,2,5,0,2,4,0,0,1,2,1,3,2,1,2,0,4,7,6,1
"COG3617",6,10,29,37,1,7,39,32,35,25,12,12,7,10,6,14,34,20,31,16,21,24,22,21,21,44,23,16,46,45,27,24,10,46,10,10,23,25,5,52,24,48,8,4,25,10,43,48,52,36,12,51,27,11,43,6,63,3,29,10
"COG3618",3,0,0,0,0,0,0,2,0,0,2,0,1,2,0,0,0,0,0,0,0,5,0,0,1,0,0,0,0,0,1,2,0,0,1,1,0,2,0,0,0,1,0,0,1,3,0,0,0,0,0,0,0,0,0,0,0,0,2,0
"COG3619",11,6,7,4,11,5,7,7,8,14,22,6,10,18,3,8,14,9,3,5,4,5,10,10,10,4,9,13,6,0,32,5,13,18,33,25,16,18,5,13,13,3,10,24,17,15,19,1,11,17,8,5,5,19,9,31,9,9,9,17
"COG3621",1,0,0,0,1,0,0,0,1,0,0,0,0,3,0,0,0,1,0,0,0,0,0,0,0,0,0,0,0,0,0,0,0,0,0,0,0,1,0,0,0,0,0,0,0,0,4,0,1,0,0,0,0,0,0,0,0,0,0,10
"COG3622",22,2,1,1,2,1,3,4,3,3,1,7,2,0,1,0,1,6,5,8,15,2,3,2,2,0,2,1,2,2,0,8,4,3,0,1,1,3,1,2,3,1,3,2,4,1,2,1,0,0,1,1,1,0,12,3,0,1,1,2
"COG3623",20,8,0,3,4,0,2,1,2,1,6,1,2,7,0,2,5,4,0,4,19,5,0,0,2,1,1,0,2,3,2,3,4,3,2,2,2,5,0,1,2,0,0,2,1,3,1,1,1,1,4,2,2,1,6,9,2,0,2,6
"COG3624",4,1,0,0,0,0,3,3,1,1,1,0,0,0,0,0,0,0,0,2,19,0,0,0,1,0,0,0,1,0,0,2,0,2,0,0,1,0,1,1,2,0,0,0,0,0,1,1,0,0,3,0,0,0,4,0,0,0,0,0
"COG3625",6,1,0,1,1,0,2,6,3,0,0,2,0,2,2,0,1,2,2,0,17,0,3,1,3,0,0,0,0,0,0,1,1,4,0,2,2,0,0,4,2,0,2,0,0,0,2,0,0,0,1,1,0,0,6,5,0,1,4,0
"COG3626",5,1,0,3,0,0,2,5,3,3,2,2,3,1,1,0,2,7,2,5,41,0,1,3,0,1,0,0,2,0,0,2,0,15,0,2,2,0,1,2,0,1,3,1,0,1,2,0,0,0,1,1,0,0,3,1,1,0,1,0
"COG3627",6,2,0,1,0,0,1,4,7,3,0,1,3,1,2,0,1,1,2,0,36,1,2,1,1,0,1,1,0,0,0,0,0,10,2,2,3,2,1,1,1,1,5,0,0,1,1,0,0,1,0,2,1,2,3,1,4,2,3,0
"COG3628",0,2,0,1,0,0,1,0,0,1,0,2,1,0,1,0,0,0,0,0,7,0,1,1,1,0,0,0,0,1,0,5,1,6,0,1,0,0,0,0,0,1,0,0,1,0,0,1,0,0,0,0,2,1,5,1,0,0,0,0
"COG3629",1,5,1,1,0,0,1,1,1,1,6,3,3,0,1,0,2,10,1,0,1,5,0,0,3,4,3,5,2,0,0,4,2,0,0,2,0,0,0,0,6,0,1,0,1,0,0,0,0,0,0,0,0,2,0,0,1,0,1,0
"COG3630",0,0,1,0,0,0,0,0,0,0,0,0,0,0,0,0,0,0,0,0,0,0,0,0,0,0,0,0,0,0,0,0,0,0,0,0,0,0,0,0,0,0,0,0,0,0,0,0,0,1,0,0,0,0,0,0,0,0,0,0
"COG3633",21,21,9,10,33,21,13,13,18,21,39,5,12,22,12,62,31,12,8,2,12,9,15,5,9,40,12,20,12,19,21,9,8,6,25,12,16,8,13,13,17,10,9,15,11,9,14,3,6,13,13,25,7,13,23,34,4,11,7,7
"COG3634",26,4,3,11,38,39,5,27,35,21,32,34,38,5,39,4,24,18,25,40,23,22,27,11,25,7,25,18,28,23,12,33,44,16,10,27,29,7,35,29,18,21,30,22,20,26,9,1,5,12,28,16,36,24,6,5,39,22,49,27
"COG3635",11,20,17,21,30,33,18,36,35,22,5,19,35,3,52,4,20,43,38,40,13,36,33,28,29,28,27,26,30,51,12,44,39,38,19,21,22,33,25,28,26,42,40,31,21,36,16,42,33,19,22,37,42,38,18,5,36,20,38,33
"COG3636",0,0,0,0,1,3,0,1,0,0,0,0,0,1,0,0,0,0,0,0,0,0,0,0,0,0,0,1,1,0,0,1,0,0,0,0,0,0,0,0,0,0,0,3,0,0,0,0,0,1,0,1,1,0,4,1,0,0,0,0
"COG3637",13,4,1,0,0,0,2,4,4,4,0,1,2,2,0,0,1,0,1,6,67,4,0,0,0,0,0,0,1,1,0,2,0,6,0,1,1,1,0,0,1,0,0,0,1,3,0,2,0,1,0,2,0,0,7,6,0,0,2,0
"COG3638",4,10,4,4,0,1,3,6,9,9,3,4,1,8,2,1,3,7,4,0,6,4,1,6,5,2,1,1,4,0,2,2,3,6,12,3,2,5,2,1,4,0,2,6,7,2,3,0,0,3,1,2,0,5,1,4,4,4,4,0
"COG3639",10,17,4,3,1,4,8,7,7,11,3,3,3,24,4,2,7,14,9,3,11,2,2,5,6,4,8,1,4,3,5,4,1,13,18,5,2,16,2,5,4,2,7,2,9,3,9,1,0,3,3,5,1,7,9,11,0,2,2,1
"COG3640",9,13,6,12,9,2,6,4,12,9,28,2,3,23,4,1,4,14,4,3,0,0,2,10,7,8,1,11,2,0,7,3,2,3,11,2,6,9,2,1,10,0,1,2,3,1,5,2,0,1,1,0,0,6,0,6,2,2,2,4
"COG3641",14,12,11,6,16,16,1,9,9,15,21,5,13,29,10,9,25,13,4,2,4,7,7,12,9,3,9,7,7,2,10,3,2,10,4,11,2,11,1,3,6,2,5,5,8,10,4,0,1,4,3,6,4,6,2,0,2,1,3,5
"COG3643",3,4,0,3,19,16,6,11,17,5,5,14,24,0,28,1,11,13,11,21,1,17,8,7,21,1,16,6,19,6,6,22,19,13,6,12,5,6,18,22,5,11,32,15,17,13,9,0,0,6,13,6,24,19,1,1,19,18,31,9
"COG3645",23,16,25,49,4,5,27,16,7,11,2,18,8,15,10,8,10,18,27,15,22,15,18,18,29,24,23,17,33,47,15,22,12,17,14,12,12,35,6,34,19,44,6,5,14,13,27,45,99,40,9,46,24,14,34,12,8,2,65,8
"COG3646",5,7,4,2,3,1,2,12,13,3,4,7,2,3,10,10,16,2,2,3,39,2,9,5,12,2,13,0,0,7,13,15,2,3,5,1,1,2,1,1,4,3,2,1,11,2,1,1,39,0,3,0,2,1,6,2,3,3,86,1
"COG3647",1,0,0,0,0,0,0,0,0,1,0,0,0,0,0,0,0,0,1,0,1,0,0,0,0,0,0,0,0,1,0,1,1,0,0,0,0,0,0,0,0,0,0,0,0,1,0,0,0,0,0,0,0,0,2,0,0,0,0,0
"COG3649",7,16,10,15,18,10,6,4,4,9,6,6,6,22,13,5,23,9,3,9,7,11,8,13,6,7,16,4,4,7,10,15,9,15,13,14,7,20,7,6,9,9,5,3,7,9,15,3,1,4,21,15,0,17,16,4,6,2,8,3
"COG3650",0,0,0,0,0,0,0,6,0,2,0,0,0,0,1,0,0,0,0,0,0,0,1,0,0,0,2,0,1,0,0,0,0,0,7,0,0,0,0,0,0,0,0,0,1,0,2,0,1,0,0,0,0,2,0,0,0,0,0,0
"COG3653",5,13,3,7,4,8,5,7,3,8,4,16,5,5,8,5,5,14,8,2,2,32,3,4,7,4,7,6,4,8,0,6,3,10,6,3,2,25,2,13,7,9,9,5,2,6,9,0,1,1,3,5,2,13,1,1,8,5,2,0
"COG3654",11,4,2,5,2,5,12,2,2,4,5,3,4,3,1,0,3,5,5,5,21,4,4,4,6,3,4,17,7,2,12,6,6,9,5,3,2,4,0,7,7,8,4,8,8,0,6,2,6,6,2,4,2,24,1,11,9,7,2,1
"COG3655",12,18,9,22,10,11,10,6,14,10,13,20,8,13,4,5,9,21,6,10,15,10,6,20,15,9,6,19,12,2,23,7,11,24,11,12,20,20,14,10,14,14,10,15,10,12,14,1,3,17,10,1,13,9,6,6,11,16,9,12
"COG3657",0,0,0,0,0,0,0,0,0,0,0,0,0,0,0,0,0,0,0,0,0,0,0,0,0,0,0,0,0,0,0,0,0,0,0,0,0,0,0,0,0,0,0,0,0,0,0,0,0,1,0,0,0,0,0,0,0,0,0,0
"COG3659",1,2,0,0,0,0,0,0,0,0,0,0,0,0,0,0,0,2,0,0,0,0,0,0,0,0,0,0,0,0,0,0,0,0,0,0,0,0,0,0,0,0,0,0,0,0,0,0,0,0,0,0,0,0,0,0,0,0,0,0
"COG3660",0,0,0,3,0,0,0,0,0,0,0,0,0,0,0,0,0,0,0,0,7,0,0,0,0,0,0,0,0,0,0,0,0,0,0,0,0,1,0,0,1,0,1,0,0,0,0,0,0,0,0,0,0,0,0,0,0,0,0,0
"COG3661",5,14,63,23,31,31,30,7,14,9,1,26,31,0,41,0,18,20,36,23,4,50,36,22,9,36,18,21,26,55,7,38,29,5,2,17,33,23,35,14,10,24,27,22,24,11,14,48,46,6,33,51,17,25,27,1,23,19,32,36
"COG3662",0,1,0,0,0,0,0,0,0,0,2,0,0,0,0,0,0,1,0,0,0,0,0,0,0,0,0,0,0,0,0,0,0,0,0,0,0,0,0,0,0,0,0,0,0,0,0,0,0,0,0,0,0,0,0,0,0,0,0,0
"COG3663",20,17,18,12,23,17,26,14,17,15,8,21,18,17,11,12,13,21,26,15,27,16,21,22,12,21,34,32,21,21,18,18,14,18,15,18,18,26,18,8,16,29,21,15,10,18,19,29,23,32,22,21,13,15,30,7,20,24,20,16
"COG3664",20,20,11,9,7,9,2,6,3,7,91,18,5,9,8,3,14,13,6,14,2,0,9,19,3,2,10,5,10,0,31,1,0,13,59,2,25,7,2,2,10,7,8,8,24,17,12,1,3,3,2,2,18,4,1,7,1,6,1,17
"COG3665",0,1,4,0,0,0,0,1,0,3,0,1,0,0,0,0,0,1,0,0,0,1,0,1,0,0,0,0,0,0,0,0,0,4,0,2,0,2,0,0,2,0,2,0,0,0,0,1,0,0,1,0,0,0,0,1,0,4,0,0
"COG3666",41,135,228,158,144,199,302,144,162,54,126,114,88,79,104,27,84,145,142,150,68,50,51,136,109,379,118,258,476,128,93,91,126,157,80,90,173,173,244,123,169,554,345,95,200,55,168,477,435,71,154,658,159,111,97,55,169,61,195,104
"COG3667",0,2,0,0,0,0,0,0,0,0,0,0,0,1,0,0,0,2,0,0,0,0,0,0,0,0,0,0,0,0,0,0,0,0,0,0,0,0,0,0,0,0,0,0,0,0,0,0,0,0,0,1,0,0,0,0,0,0,0,0
"COG3668",12,0,5,2,0,0,0,2,0,1,0,0,1,0,0,1,11,0,0,0,4,0,0,0,0,0,0,0,0,0,0,0,0,1,0,0,0,3,0,0,0,0,0,0,0,0,1,1,0,0,0,0,0,2,0,1,0,1,0,0
"COG3669",114,86,98,114,128,162,122,252,171,160,56,175,186,69,229,15,101,140,173,213,107,200,223,80,170,99,205,103,161,157,138,235,187,163,126,186,273,70,284,178,138,225,136,199,228,182,126,184,49,181,189,109,262,142,77,57,185,175,223,224
"COG3671",0,0,0,0,0,0,1,0,2,0,0,0,0,0,1,0,0,0,0,0,0,0,0,0,0,0,1,0,1,1,0,0,0,0,0,0,0,0,0,1,1,0,0,0,2,0,0,0,0,0,0,0,0,0,0,0,0,0,0,0
"COG3672",0,0,0,0,0,1,0,0,0,0,0,0,1,0,0,1,0,0,0,0,0,0,0,0,0,0,0,1,0,0,0,0,0,0,0,0,0,0,0,0,0,0,0,0,0,0,1,0,0,0,0,0,0,0,0,0,0,0,0,0
"COG3675",0,0,0,0,0,0,1,2,0,0,0,1,0,0,0,18,0,6,1,0,0,0,0,0,0,0,0,2,0,1,1,2,1,0,3,0,0,0,4,0,0,6,0,0,0,0,6,0,0,0,0,0,0,0,6,0,0,8,0,0
"COG3676",5,3,2,3,4,3,3,14,4,1,1,16,6,1,13,0,23,4,12,15,17,11,11,5,35,3,18,2,9,2,4,9,8,4,0,10,5,1,7,4,2,14,13,5,10,0,2,1,0,4,8,3,28,17,0,4,3,34,7,10
"COG3677",56,4,9,1,3,0,12,8,17,5,1,20,8,18,5,5,3,11,2,5,79,5,12,5,3,0,1,11,10,4,1,42,4,44,7,7,9,8,3,6,2,7,6,3,3,22,7,4,7,12,4,2,5,3,12,7,8,20,5,0
"COG3678",8,11,0,0,1,0,1,1,2,4,5,0,0,1,0,0,0,4,0,1,10,2,0,0,2,1,0,0,0,1,2,2,0,1,0,0,2,0,1,0,0,1,0,1,0,1,0,0,0,0,2,3,1,0,15,3,0,0,0,0
"COG3679",0,1,0,0,0,0,0,0,0,0,15,0,0,2,0,0,0,0,0,0,0,0,0,1,0,0,0,0,0,0,0,0,0,1,0,0,2,0,0,0,0,0,0,1,0,0,0,0,0,0,0,0,1,0,1,2,0,0,0,0
"COG3680",5,2,0,0,0,1,5,0,1,2,0,1,0,0,0,0,0,0,0,0,0,0,0,6,0,0,1,5,0,0,0,0,0,0,0,0,1,2,0,1,0,0,0,0,2,0,4,0,7,0,0,0,0,0,0,0,0,0,0,0
"COG3681",40,31,71,48,46,42,41,60,46,45,38,49,53,61,49,42,53,41,48,35,34,55,44,22,53,39,46,49,58,70,30,59,34,40,33,52,40,21,77,61,34,62,36,49,45,39,41,70,52,44,37,49,54,42,50,21,54,39,57,49
"COG3682",12,44,13,20,9,11,12,9,9,19,41,12,8,24,3,6,15,7,9,12,7,8,12,21,12,9,14,16,8,5,21,1,13,20,24,9,16,35,9,8,25,18,14,14,18,28,32,3,9,15,36,7,10,22,1,13,8,15,8,13
"COG3683",0,1,1,0,1,0,0,0,0,0,2,0,0,2,1,0,0,0,0,0,0,0,0,0,1,0,0,0,0,0,0,0,1,0,0,0,0,0,0,1,0,0,0,0,0,1,0,0,0,0,0,2,0,0,0,0,0,0,0,0
"COG3684",11,0,0,0,0,0,2,3,1,2,4,0,0,0,0,0,0,1,1,1,7,3,1,0,0,0,1,0,1,1,0,1,0,2,0,0,0,1,0,0,0,0,0,0,0,0,1,0,0,0,0,1,0,0,5,2,0,0,0,0
"COG3685",10,3,0,0,1,0,0,1,0,1,2,0,1,1,0,0,1,0,1,1,9,1,0,0,0,1,0,0,2,0,0,1,1,3,0,0,6,0,0,0,1,0,0,1,0,1,0,3,1,0,0,0,1,0,7,2,1,0,0,0
"COG3688",38,28,34,37,39,30,28,22,26,49,46,14,28,58,22,32,54,19,19,4,2,7,36,42,21,20,28,43,27,2,60,10,24,41,39,39,18,57,19,19,33,5,28,28,49,26,29,5,20,33,26,17,8,34,19,21,21,16,10,36
"COG3689",6,9,8,10,5,2,6,5,7,2,17,3,7,14,2,5,7,9,0,0,1,13,4,9,9,6,6,6,5,2,9,5,5,3,9,4,4,4,0,4,11,4,6,8,3,4,6,0,2,13,7,1,6,4,1,3,8,2,3,2
"COG3691",3,4,2,0,0,0,1,1,0,1,4,0,0,0,0,0,1,0,0,2,7,0,0,0,0,0,0,0,0,1,1,0,0,0,0,0,3,0,0,0,0,0,0,0,0,0,0,0,1,0,0,1,0,0,6,2,0,0,1,0
"COG3692",2,0,0,0,0,0,0,0,3,0,0,0,0,0,0,0,0,0,0,0,2,0,0,0,0,0,1,0,1,0,0,0,0,0,0,0,2,0,1,0,0,0,0,0,1,1,0,1,0,0,0,0,0,0,6,2,0,0,0,0
"COG3693",11,4,51,23,20,30,23,20,10,13,1,29,11,13,28,1,8,24,28,27,1,14,20,16,13,23,32,17,18,27,9,31,28,5,47,7,34,29,21,16,11,27,46,12,20,18,11,29,29,11,20,21,15,31,39,1,16,36,11,30
"COG3694",2,8,3,2,0,6,0,0,1,1,6,8,0,1,0,1,6,0,3,1,0,2,2,1,0,0,1,2,0,0,0,0,1,13,1,0,3,0,0,6,1,0,0,2,0,5,2,0,0,5,1,0,0,2,4,4,1,0,1,22
"COG3695",10,6,3,7,13,13,4,17,10,9,4,10,18,3,10,5,10,9,7,15,14,10,8,11,12,0,8,3,9,3,4,10,16,6,8,16,7,11,18,11,8,5,10,10,8,9,5,0,0,3,16,7,21,13,5,12,19,12,12,4
"COG3696",43,50,61,64,104,108,102,178,132,67,5,173,98,9,170,2,72,77,128,179,77,134,185,48,146,39,97,70,98,101,32,244,163,76,29,85,127,28,120,120,35,116,119,82,123,186,46,77,35,72,125,46,138,73,51,21,90,88,126,80
"COG3697",10,5,1,1,11,2,3,2,8,6,8,2,6,16,3,9,3,6,2,0,3,7,3,1,3,3,5,3,5,5,11,8,4,2,5,7,0,2,1,8,4,0,3,2,0,3,2,0,4,13,0,0,1,3,3,3,4,2,2,5
"COG3698",7,0,0,0,0,0,0,1,0,2,2,0,0,0,2,0,2,0,0,0,11,0,0,0,0,0,1,0,1,2,1,0,0,3,0,1,0,0,1,0,0,0,0,0,0,0,0,1,0,0,0,0,0,0,8,3,0,0,0,0
"COG3700",9,0,1,0,0,0,0,0,2,0,8,0,1,2,0,0,0,1,0,1,10,6,0,0,0,0,0,0,2,1,0,1,2,1,0,0,2,0,0,0,2,2,0,2,0,3,0,3,0,0,1,1,2,0,3,0,0,0,0,0
"COG3701",1,0,1,1,1,0,0,0,0,0,0,2,0,0,0,12,0,3,1,0,0,0,0,0,1,9,0,1,0,1,0,0,0,0,0,0,1,0,2,0,0,0,0,0,1,0,3,2,0,0,0,3,0,0,1,0,0,0,0,0
"COG3703",6,1,0,0,0,0,0,2,1,2,2,0,2,1,0,1,0,0,0,0,6,0,0,0,0,1,0,0,1,1,0,0,0,3,0,0,1,0,0,0,0,0,0,0,0,0,0,0,0,0,0,0,0,0,0,0,0,0,0,0
"COG3704",1,0,0,0,0,0,0,0,0,1,0,0,0,0,0,0,1,0,0,0,0,0,0,0,0,0,0,0,0,0,0,0,0,0,0,0,0,0,0,0,0,0,0,0,0,0,0,1,0,0,0,0,0,0,0,0,0,0,0,0
"COG3705",14,17,23,23,11,21,18,14,11,24,31,10,10,18,6,21,18,18,16,11,5,10,15,28,9,12,16,24,14,3,30,12,17,14,37,19,17,16,6,9,24,3,9,21,18,15,13,3,8,29,20,4,14,24,15,10,17,11,5,29
"COG3706",163,147,270,263,231,212,154,301,258,191,21,251,345,43,550,24,163,240,321,568,94,621,643,164,333,243,255,172,336,390,82,229,213,65,68,170,162,90,242,123,106,111,192,142,189,160,132,169,188,58,191,201,231,135,114,15,126,240,178,150
"COG3707",7,15,1,7,15,8,5,3,11,3,3,2,6,8,7,26,14,3,8,3,4,7,6,7,6,4,4,8,4,2,13,2,1,12,6,7,4,13,8,3,9,2,4,7,5,10,9,3,3,10,4,6,3,4,7,24,2,7,2,6
"COG3708",5,9,7,9,9,2,4,2,2,6,4,13,5,15,1,1,2,14,5,0,5,6,2,9,5,7,6,1,0,0,6,1,2,15,6,3,1,18,2,3,10,3,6,8,7,6,13,6,3,8,2,0,0,3,0,3,0,1,4,15
"COG3709",6,2,0,0,1,0,0,0,2,2,1,0,0,1,0,1,2,1,0,1,7,0,0,0,0,1,0,0,0,1,0,1,1,2,0,0,3,0,1,0,0,0,0,1,0,0,0,0,0,0,0,1,0,0,1,0,0,0,0,0
"COG3710",27,3,0,0,1,0,2,11,2,3,6,0,2,3,1,0,1,2,1,12,51,12,0,0,0,0,0,0,2,2,1,6,1,1,0,0,2,0,0,0,1,1,0,2,0,2,0,6,2,1,1,4,2,1,25,16,0,0,0,0
"COG3711",34,14,26,11,19,17,16,23,23,18,95,26,14,72,8,106,33,20,8,14,43,82,29,10,23,8,11,18,13,15,95,39,32,38,94,63,47,31,54,25,26,26,34,55,23,38,54,9,22,35,16,22,41,70,105,85,18,71,33,92
"COG3712",104,132,155,195,281,164,135,290,248,137,5,399,351,30,447,12,181,129,284,531,149,640,400,137,323,96,284,133,270,328,112,485,387,281,110,306,356,90,508,266,173,315,325,348,295,397,265,135,93,89,456,201,702,205,72,51,312,396,309,348
"COG3713",17,6,0,0,0,0,3,2,4,6,0,2,2,4,2,1,0,1,0,1,13,1,1,0,0,0,1,0,0,2,3,0,1,3,0,0,5,0,0,3,1,0,0,1,0,3,0,0,0,0,2,0,0,0,10,4,2,1,2,0
"COG3714",3,3,0,0,1,0,0,1,1,2,1,0,0,1,1,0,1,1,0,3,2,1,0,0,0,1,0,0,2,1,0,0,2,1,0,1,3,0,0,0,0,0,0,0,0,0,0,0,0,0,2,1,0,0,8,0,0,0,1,0
"COG3715",38,12,19,15,25,6,13,15,10,16,91,10,20,44,12,101,43,53,11,5,43,29,12,3,9,9,9,24,15,18,28,12,16,15,27,20,13,22,10,18,10,7,6,25,6,11,22,2,4,7,6,8,12,9,64,41,11,29,20,20
"COG3716",54,12,19,11,22,12,14,11,12,18,72,4,12,34,12,107,32,59,8,4,68,40,15,2,10,7,6,24,13,4,29,17,11,17,35,26,32,20,9,21,2,5,5,37,14,17,6,4,7,9,8,11,10,16,60,37,14,22,7,18
"COG3717",30,12,32,28,43,38,17,36,28,33,8,26,30,13,62,17,30,23,31,50,17,36,45,23,24,27,29,23,31,61,30,45,47,9,19,26,33,10,32,35,27,37,44,25,28,37,11,68,36,23,45,40,40,35,16,9,29,53,38,33
"COG3718",3,8,3,5,1,4,7,7,6,4,2,3,1,3,0,34,1,14,1,0,2,2,1,3,2,3,0,1,2,1,1,0,2,6,15,3,1,10,14,2,8,2,4,5,2,0,9,1,0,1,0,3,3,6,12,0,1,7,1,0
"COG3719",10,1,0,0,0,0,2,1,1,2,2,0,0,1,0,0,1,2,3,1,10,5,0,0,0,0,0,0,1,2,0,0,0,4,0,0,1,0,0,0,0,0,0,0,0,2,0,1,0,0,0,1,1,0,4,3,0,0,0,0
"COG3720",1,2,0,0,0,1,0,0,0,0,0,0,0,0,1,0,1,2,2,1,0,1,0,0,0,1,0,0,0,0,0,0,0,0,0,0,0,0,0,1,0,0,0,0,0,1,0,0,0,0,0,0,1,0,0,1,0,0,0,0
"COG3721",0,0,0,0,3,5,0,4,1,0,0,0,1,0,1,0,1,0,2,1,0,4,0,0,2,7,2,0,1,0,1,3,1,2,0,0,0,0,0,1,0,0,1,0,0,0,0,0,0,0,0,3,0,0,0,3,2,2,0,0
"COG3722",10,0,0,0,0,0,3,1,5,3,0,0,0,1,0,0,0,0,2,2,22,2,0,0,2,1,0,0,0,3,1,1,0,0,0,1,4,0,0,0,1,0,0,0,0,0,0,2,0,0,1,3,0,0,9,4,1,0,1,0
"COG3723",11,12,2,5,3,3,1,7,2,4,5,10,1,3,5,4,9,4,5,3,3,3,4,11,12,0,2,5,9,0,1,21,11,9,9,1,2,6,1,4,6,6,7,11,1,2,3,1,1,5,0,9,9,4,0,2,1,4,19,2
"COG3724",13,3,0,0,0,0,1,0,0,2,1,0,1,2,0,0,2,1,0,0,11,3,0,0,0,0,0,0,0,0,0,2,0,2,0,1,1,0,0,0,0,0,0,0,0,0,0,0,0,0,0,3,1,0,8,0,0,0,1,0
"COG3725",6,1,0,0,0,0,1,1,0,0,0,0,1,1,0,0,1,1,2,0,7,1,0,0,0,0,0,0,2,0,0,0,0,2,0,0,2,0,0,0,0,0,0,0,0,2,0,0,0,0,0,2,0,0,2,2,0,0,0,0
"COG3726",4,1,1,0,1,0,1,0,1,1,2,0,1,0,1,0,0,0,0,0,3,1,0,0,0,0,0,0,0,1,2,0,0,1,2,0,0,0,0,0,0,0,0,0,0,0,0,0,0,0,0,1,0,0,1,0,0,0,0,0
"COG3727",14,17,17,12,13,11,7,19,8,14,7,18,9,11,18,13,3,12,11,3,12,17,8,17,13,12,5,12,21,9,17,3,9,15,8,7,19,18,9,9,14,18,25,6,10,8,18,20,9,32,10,8,15,13,9,20,29,12,28,6
"COG3728",4,5,4,9,2,3,1,5,2,1,1,3,0,2,1,2,2,5,0,1,22,0,0,3,1,2,1,6,2,0,9,0,3,8,4,2,2,3,0,0,4,0,0,3,3,2,4,1,0,4,3,4,3,11,1,4,2,2,1,3
"COG3729",3,0,0,0,0,0,0,0,0,0,0,0,0,0,0,0,0,1,0,0,5,0,0,0,0,0,0,0,0,0,0,1,0,0,1,0,1,0,0,0,0,0,0,0,0,0,0,0,0,0,0,0,0,0,1,2,0,0,1,0
"COG3730",5,2,1,0,0,2,1,1,0,3,10,0,2,1,1,48,0,5,2,1,3,1,1,0,2,1,2,1,0,2,2,1,1,2,5,1,2,0,6,0,0,0,0,0,1,0,5,0,0,0,0,2,1,1,18,3,0,3,0,0
"COG3731",2,3,1,0,0,0,0,4,0,0,10,0,2,7,2,22,3,3,2,2,5,1,0,0,0,0,0,2,2,1,2,1,1,2,2,1,2,1,6,1,0,2,0,3,0,0,3,0,0,0,0,2,1,0,12,3,0,3,0,0
"COG3732",8,4,1,0,3,0,0,4,4,0,12,0,0,2,0,44,1,8,2,1,8,2,0,1,2,0,0,7,0,2,1,0,1,2,8,3,2,0,5,1,0,4,0,1,1,2,7,0,0,0,1,1,0,2,23,1,2,7,0,0
"COG3733",7,1,0,0,0,0,3,0,2,6,4,0,0,0,0,0,0,0,0,1,1,1,0,0,0,1,0,0,0,2,0,0,0,0,0,0,6,0,0,0,2,0,0,1,1,1,0,1,0,0,0,4,0,0,5,0,0,0,0,0
"COG3734",18,3,1,6,2,2,3,0,1,3,1,2,3,0,1,0,1,2,0,5,16,5,1,12,2,2,0,1,2,2,2,5,1,7,1,3,2,1,2,2,0,0,0,2,1,2,0,0,1,0,6,3,2,2,8,6,1,1,2,0
"COG3735",4,5,6,8,3,3,4,3,13,6,3,10,8,0,17,1,2,6,6,33,12,18,10,8,9,3,3,14,14,3,4,8,7,5,2,6,7,1,6,9,2,1,9,5,12,13,3,9,1,4,20,2,10,10,6,6,9,9,9,5
"COG3736",0,0,0,3,1,0,0,0,0,2,0,0,0,1,0,0,1,0,0,0,0,0,0,0,0,0,0,0,0,0,0,0,0,0,0,0,0,0,0,0,0,0,0,0,0,2,0,0,0,1,0,0,1,0,0,10,0,0,2,0
"COG3738",8,1,4,2,4,2,6,0,4,4,2,5,0,5,1,0,8,3,0,0,15,0,3,1,0,1,0,3,4,1,4,3,1,4,1,8,3,3,0,0,3,1,7,0,2,1,2,0,2,2,1,4,1,1,5,0,0,4,1,1
"COG3740",4,1,2,2,2,7,2,5,0,2,1,5,3,7,3,26,10,4,8,9,11,6,4,4,2,2,6,5,8,1,1,5,9,17,1,5,1,20,2,0,0,5,4,8,8,8,2,0,0,1,3,3,3,8,0,4,11,5,87,1
"COG3741",0,0,0,1,0,0,0,0,0,0,0,0,0,0,0,0,0,0,0,0,0,0,0,0,0,1,0,0,0,0,0,0,0,0,0,0,0,0,0,0,0,0,0,0,0,0,0,0,0,0,0,0,0,0,0,0,0,0,0,0
"COG3744",0,1,0,0,0,0,0,0,1,0,0,0,0,0,0,0,0,0,1,0,0,0,0,1,1,0,0,0,0,0,0,3,0,0,0,0,0,0,0,4,0,1,1,0,0,0,0,0,0,0,1,0,1,0,0,0,0,0,1,1
"COG3745",0,1,0,0,0,0,0,0,0,1,0,0,3,0,0,0,0,0,1,0,0,0,2,0,0,0,0,0,1,0,0,0,0,0,0,1,1,0,0,0,6,0,0,0,0,0,0,1,1,2,0,0,0,2,0,0,0,0,2,0
"COG3746",6,1,0,13,15,11,2,25,18,8,0,25,20,1,18,0,12,4,17,32,8,18,8,11,10,7,10,6,20,12,7,27,23,5,6,17,55,4,34,11,13,26,21,21,11,20,12,6,1,4,11,4,34,17,0,1,27,19,22,15
"COG3747",1,1,2,1,0,0,3,1,0,3,2,3,0,0,2,0,2,1,0,0,2,3,0,0,1,0,4,1,5,1,2,0,2,3,5,0,0,1,0,1,2,1,1,1,2,0,5,0,0,1,0,4,0,0,1,1,0,0,0,3
"COG3753",9,0,0,0,0,0,0,0,2,2,2,0,0,0,0,0,0,0,0,1,6,1,0,0,0,0,0,0,0,0,0,0,0,2,1,0,2,0,0,0,0,0,0,0,0,1,0,0,0,0,0,1,0,0,6,1,0,0,0,0
"COG3754",18,3,7,28,17,6,15,17,19,8,37,27,26,6,12,3,7,8,22,48,18,40,57,30,7,62,34,17,30,38,29,44,30,14,14,38,42,39,39,25,24,48,17,25,22,9,14,60,13,15,19,19,52,31,21,5,30,28,14,31
"COG3755",14,0,0,0,0,0,1,0,0,3,1,0,0,1,0,0,0,1,0,0,10,0,0,0,0,1,0,0,1,0,0,0,0,0,0,0,2,0,0,0,1,0,0,0,0,0,0,0,0,0,0,0,0,0,2,0,0,0,0,0
"COG3756",0,0,0,0,0,0,0,0,0,1,0,0,0,0,0,0,0,0,0,3,6,1,0,0,0,0,0,0,0,1,0,0,0,0,0,0,0,0,0,0,0,0,0,0,0,0,0,0,0,0,0,0,0,0,0,0,0,0,0,0
"COG3757",60,91,97,105,16,67,64,22,60,58,65,17,29,72,28,34,53,135,41,40,16,29,35,121,45,69,58,77,62,64,61,21,48,72,56,43,45,77,14,15,92,66,32,38,61,59,62,67,112,65,52,51,15,53,61,30,14,34,24,68
"COG3758",6,2,0,0,0,0,0,0,0,4,5,1,0,1,0,0,0,10,1,1,7,1,0,0,0,1,0,1,0,2,0,2,1,6,0,0,2,2,0,0,0,0,0,0,0,2,0,1,0,1,1,3,0,1,1,0,1,0,0,0
"COG3759",0,0,1,0,0,0,0,0,0,0,21,0,0,1,0,2,0,0,0,0,0,0,1,0,0,0,0,3,0,0,0,0,0,0,0,0,0,0,0,0,0,0,0,0,0,0,0,0,0,0,0,0,0,0,0,0,0,0,0,0
"COG3760",10,20,10,13,7,7,7,7,10,14,17,14,16,14,6,17,14,6,5,8,2,12,7,19,13,15,8,9,13,2,16,9,8,6,11,19,24,20,8,7,16,5,12,17,15,13,13,1,11,23,7,4,4,12,3,5,5,16,1,19
"COG3762",0,0,0,3,1,1,0,0,0,0,1,7,0,0,1,0,0,0,0,0,0,0,0,2,0,0,0,0,0,0,0,0,1,1,0,0,0,0,0,0,0,0,0,0,0,0,0,0,0,0,0,0,0,0,0,0,0,0,0,0
"COG3763",0,0,0,0,0,0,0,0,0,0,6,0,0,0,0,1,0,0,0,0,1,1,0,2,0,0,0,0,0,0,0,0,0,1,1,0,0,0,0,0,0,0,0,1,0,0,0,0,0,2,0,0,0,0,1,0,0,0,0,0
"COG3764",18,43,30,26,8,21,12,3,17,14,44,13,15,79,2,77,15,18,17,2,31,4,8,33,15,9,18,41,6,2,29,5,12,93,16,21,10,67,5,10,19,3,18,29,22,34,17,4,13,24,6,7,4,26,26,160,8,18,7,28
"COG3765",26,2,0,0,0,0,1,1,5,7,4,0,1,8,0,0,0,4,2,4,42,4,1,0,2,1,0,0,2,0,0,5,0,7,1,0,7,0,0,0,0,0,2,0,1,4,0,1,1,1,0,3,2,0,13,8,0,0,1,0
"COG3766",4,1,0,0,0,0,0,0,1,2,0,0,0,0,0,0,0,0,1,0,0,3,0,0,0,0,0,0,0,0,0,0,1,2,0,0,0,0,0,0,0,0,0,0,0,0,0,0,0,0,1,0,1,0,1,2,0,0,0,0
"COG3767",0,0,0,0,1,0,0,0,0,0,0,0,0,0,0,0,0,0,0,0,0,0,0,0,0,0,0,0,0,0,0,0,0,0,0,0,1,0,0,0,0,0,0,0,0,0,0,0,0,0,0,0,0,0,0,0,0,0,0,0
"COG3768",9,2,2,0,0,0,2,2,1,4,1,0,1,0,0,0,0,1,0,1,5,0,0,0,0,0,0,0,1,0,0,1,0,1,1,0,0,0,0,0,0,0,0,0,0,0,0,0,1,0,0,0,0,0,6,1,0,0,1,0
"COG3769",1,0,0,0,0,0,1,1,0,3,0,0,0,0,0,0,0,0,0,1,1,0,0,0,0,0,0,0,0,1,1,1,1,0,1,0,0,0,0,0,0,0,0,0,0,1,0,0,0,0,0,0,0,0,2,0,0,0,0,0
"COG3770",7,1,0,0,2,0,0,0,0,2,2,0,0,1,0,0,0,0,0,0,14,1,0,0,0,7,0,0,0,2,0,0,1,1,1,1,2,0,1,0,0,0,0,1,0,1,0,0,0,0,0,3,1,0,7,1,0,0,1,0
"COG3771",0,0,0,0,0,1,0,0,1,1,1,0,0,1,0,0,0,1,0,0,2,1,0,0,0,0,0,0,1,0,0,1,0,0,0,0,0,0,0,0,0,0,1,0,0,1,0,0,0,0,0,0,0,0,2,0,0,0,0,0
"COG3772",8,5,0,2,2,4,2,2,18,4,4,1,1,4,1,1,3,1,0,8,80,8,0,2,1,1,3,1,1,4,1,6,3,10,1,0,0,17,1,3,6,2,1,3,2,1,3,1,0,2,2,0,5,3,12,4,9,1,4,1
"COG3773",26,39,19,31,7,8,37,19,14,34,18,11,6,19,9,7,26,17,5,12,4,7,21,53,18,13,33,22,16,1,36,1,18,26,53,21,16,17,13,9,20,7,13,21,22,12,35,4,7,33,43,4,4,27,7,9,12,14,5,26
"COG3774",23,32,77,28,8,45,25,36,23,19,5,16,18,15,43,1,20,17,28,31,11,33,36,28,36,27,35,34,18,8,40,40,25,17,7,24,79,8,38,30,26,22,20,8,39,32,26,23,10,30,18,40,52,34,14,7,39,28,28,22
"COG3775",21,12,39,26,30,25,16,28,38,21,45,26,23,7,29,76,17,33,24,36,2,46,24,16,29,21,15,24,29,67,17,50,28,7,29,24,48,14,42,23,20,52,41,27,13,25,27,65,38,12,31,46,40,34,48,7,37,37,33,30
"COG3776",2,0,0,0,0,0,0,1,1,1,1,0,0,0,0,0,0,0,0,0,2,0,1,0,0,0,0,0,0,2,0,0,0,0,0,0,0,0,0,0,0,0,0,0,0,0,0,0,0,0,0,0,0,0,2,0,1,0,0,0
"COG3778",1,0,0,0,1,1,0,0,0,0,1,0,0,0,0,0,0,0,0,0,0,0,0,0,0,0,1,0,1,0,0,0,1,0,0,0,0,2,0,1,0,0,1,0,1,0,1,0,0,1,0,9,0,0,0,0,1,0,0,0
"COG3779",1,0,0,0,0,0,0,1,1,0,0,1,0,0,0,0,1,0,0,0,0,0,0,0,0,0,0,0,0,0,0,0,0,4,0,0,0,0,0,0,0,0,0,0,0,0,0,0,0,0,0,0,0,0,0,0,0,0,0,0
"COG3781",8,2,0,0,0,0,0,1,0,1,1,0,0,1,0,0,0,1,0,1,12,0,0,0,0,0,0,0,0,1,0,1,2,2,0,0,3,0,1,0,0,1,0,0,0,1,0,0,0,0,1,2,0,0,4,2,1,0,0,0
"COG3783",4,3,0,0,0,0,0,0,2,1,2,0,0,2,0,0,0,0,0,1,6,1,0,0,0,0,0,0,1,0,0,0,0,2,0,0,2,0,0,0,0,0,0,0,1,0,0,0,0,0,0,0,0,0,1,1,0,0,0,0
"COG3784",6,1,0,0,0,0,0,1,1,0,1,0,0,0,0,0,0,0,0,0,0,0,0,0,0,0,0,0,0,0,0,0,0,0,0,0,1,0,1,0,0,0,0,0,0,1,0,1,0,0,0,0,0,0,0,0,0,0,0,0
"COG3785",4,1,0,0,0,0,1,0,0,0,1,0,1,1,0,0,0,0,0,0,3,0,0,0,0,0,0,0,0,0,0,0,0,1,0,1,0,0,0,0,0,0,0,0,0,1,0,1,0,0,1,0,0,0,7,0,0,0,0,0
"COG3786",0,5,0,2,1,0,1,1,2,8,0,2,0,5,1,3,2,1,1,0,5,3,0,4,0,4,1,1,0,0,3,1,2,1,2,2,0,0,0,0,5,0,3,2,6,0,4,0,0,2,0,2,0,0,0,0,3,3,0,2
"COG3787",7,5,0,1,0,1,0,1,0,1,2,0,1,2,0,0,0,0,2,0,5,0,0,0,0,1,1,0,0,1,1,0,0,1,0,0,1,0,0,0,2,0,1,0,0,1,0,0,0,1,0,1,0,0,0,2,1,1,0,0
"COG3788",6,3,0,1,0,0,0,2,0,1,0,0,0,0,0,0,0,0,0,0,5,2,0,0,0,1,0,0,0,3,0,1,0,2,0,0,2,0,0,0,1,0,0,0,0,5,0,0,0,0,0,1,1,0,4,0,0,0,0,0
"COG3789",8,0,0,0,0,0,0,0,1,1,0,0,0,0,0,0,0,0,0,0,0,1,0,0,0,0,0,0,1,0,0,1,1,2,0,0,2,0,0,0,0,0,0,1,0,3,0,3,0,0,0,1,0,0,3,2,0,0,0,0
"COG3790",3,1,0,0,1,0,1,0,1,2,0,0,0,1,0,0,0,0,1,1,3,2,0,0,0,0,0,0,0,1,1,0,0,0,0,0,0,0,0,0,0,0,0,0,0,0,0,1,0,0,1,1,0,0,3,0,0,0,0,0
"COG3791",1,2,0,0,0,0,0,0,0,0,0,0,0,0,0,0,0,0,0,0,0,0,0,0,0,1,0,0,0,0,0,0,0,0,0,0,0,0,0,0,0,0,0,0,0,0,0,0,0,0,0,0,0,0,0,0,0,0,0,0
"COG3793",2,1,0,0,0,0,0,0,0,0,1,0,0,0,0,0,0,3,0,0,6,0,0,0,0,0,0,0,0,0,0,0,0,0,0,0,0,0,0,0,0,0,0,0,0,0,0,0,0,0,0,0,0,0,0,0,0,0,0,0
"COG3794",0,0,0,0,0,0,0,0,0,0,1,0,0,0,0,0,0,0,0,0,0,0,0,0,0,0,0,0,0,0,0,0,0,0,0,0,0,0,0,0,0,0,0,0,0,0,0,0,1,0,0,0,0,0,0,0,0,0,0,0
"COG3797",0,1,0,0,1,0,1,0,0,0,3,6,0,1,0,0,0,1,0,0,1,1,0,1,0,0,0,0,0,0,0,0,1,2,1,1,2,0,0,0,0,0,0,0,0,0,0,0,0,0,0,0,0,1,0,2,1,0,0,0
"COG3799",0,1,0,0,0,0,0,3,0,0,4,0,0,0,4,0,0,1,0,1,0,9,0,1,1,0,1,1,0,4,0,0,1,2,0,0,0,1,0,10,0,0,0,2,0,0,0,2,0,0,0,1,1,1,0,1,0,0,0,0
"COG3804",1,15,4,2,6,1,6,4,3,5,5,0,0,3,1,1,1,3,2,1,3,5,1,3,3,1,7,2,4,1,11,4,1,16,5,2,1,11,0,3,0,1,0,4,1,3,1,0,0,9,2,0,2,2,0,23,3,3,1,1
"COG3808",7,11,19,25,21,30,38,28,40,24,4,31,28,10,43,7,18,20,42,26,17,28,31,18,46,19,30,26,29,11,23,70,76,59,19,52,54,33,39,63,35,46,81,63,50,42,32,6,16,56,39,27,45,60,23,9,65,40,47,35
"COG3811",0,0,0,0,0,0,0,0,0,0,0,0,0,1,0,0,0,0,0,0,0,1,0,1,0,0,0,0,0,0,0,0,1,0,0,0,0,0,0,0,0,0,0,0,0,0,0,0,0,0,0,0,1,0,0,0,0,0,0,0
"COG3815",0,1,1,0,0,0,0,0,0,0,2,0,1,0,0,0,1,0,0,0,0,0,0,0,0,0,1,0,0,1,0,0,1,2,3,0,0,0,0,0,1,0,0,0,2,1,0,0,0,0,1,0,0,1,0,0,1,0,0,0
"COG3817",2,4,4,1,3,1,2,4,6,4,2,1,1,7,2,4,0,1,1,0,1,3,1,0,0,0,2,2,2,2,4,3,1,0,6,0,0,0,1,7,1,2,0,3,0,6,1,2,0,0,0,0,2,3,5,1,6,0,1,0
"COG3819",1,1,1,2,2,0,1,1,3,2,2,0,0,1,3,3,0,0,1,1,0,2,0,1,0,1,1,0,3,2,3,0,0,0,5,1,1,0,0,4,0,0,0,3,0,0,0,0,0,1,2,2,1,4,2,2,4,1,2,0
"COG3822",1,3,1,3,3,5,3,4,5,0,3,8,4,2,11,0,0,0,4,2,2,4,3,6,6,1,2,1,7,3,1,4,7,10,3,1,3,26,3,0,5,1,8,6,3,3,1,0,0,0,9,1,3,5,0,2,4,0,10,2
"COG3823",0,3,0,0,0,2,0,0,0,0,0,14,3,0,0,0,1,2,4,0,4,0,0,1,6,0,3,1,1,2,3,0,0,1,0,1,0,3,0,2,3,2,2,1,2,0,2,1,0,0,0,4,0,1,0,0,0,1,0,0
"COG3824",0,0,0,0,0,0,0,0,0,0,0,0,0,0,0,0,0,0,0,0,0,0,0,0,0,0,0,0,0,0,0,0,0,0,0,0,0,0,0,0,0,0,0,0,0,0,0,0,0,0,0,0,0,0,0,3,0,0,0,0
"COG3825",0,5,2,2,0,0,4,0,0,0,0,1,4,0,3,0,0,2,1,0,0,0,5,2,5,0,0,1,4,1,1,0,0,1,0,3,0,0,0,0,1,0,4,1,0,2,4,0,0,1,0,1,0,0,0,0,0,1,0,6
"COG3828",0,0,0,0,0,0,0,0,0,0,0,1,0,0,0,0,0,0,0,0,0,0,0,0,1,0,0,0,0,0,0,0,0,0,0,0,1,1,0,0,3,0,0,0,0,0,0,0,0,0,0,0,0,0,0,0,0,0,0,0
"COG3829",25,38,17,13,34,23,17,55,28,15,16,37,27,33,34,106,69,59,27,15,25,157,27,14,33,10,18,17,31,26,34,46,35,50,21,41,36,26,20,54,16,18,19,34,16,61,36,6,5,13,23,19,22,30,28,11,42,38,21,15
"COG3830",18,11,11,21,37,26,26,26,26,27,15,39,35,14,30,20,29,33,37,36,16,22,30,32,28,23,33,14,27,21,20,34,43,22,22,26,38,26,37,41,28,33,43,43,30,25,28,23,8,21,31,19,46,31,16,21,46,29,45,18
"COG3831",17,0,0,1,0,1,1,4,8,5,0,2,4,0,12,1,1,0,10,9,28,32,5,2,3,0,4,0,2,2,1,12,4,5,3,6,20,0,6,5,0,0,4,8,10,5,2,2,0,0,14,4,13,1,17,12,3,3,4,10
"COG3832",0,1,0,0,0,0,0,0,0,0,0,1,0,1,0,0,0,1,0,0,0,0,0,0,0,0,0,0,0,0,0,0,0,0,0,0,0,0,0,0,0,0,0,0,0,0,0,0,0,0,0,1,0,0,0,0,0,0,0,0
"COG3833",24,14,24,27,6,23,13,13,14,28,40,1,6,43,3,18,10,22,1,5,16,5,11,34,8,11,18,15,13,1,29,6,18,6,54,12,19,16,10,14,8,6,11,13,12,14,10,0,10,20,27,14,2,13,10,31,4,13,3,20
"COG3835",14,2,3,8,2,5,3,1,13,15,5,6,2,11,1,9,5,8,1,1,16,21,6,3,3,3,3,10,4,0,8,4,1,1,3,4,1,2,1,4,4,0,0,3,5,4,2,0,0,2,2,1,2,3,4,2,3,0,2,5
"COG3836",12,13,2,4,0,5,2,6,5,3,1,6,1,11,8,1,4,6,7,4,14,14,0,2,2,4,4,3,0,1,3,12,0,3,0,4,8,2,1,5,9,2,1,2,4,7,11,5,2,2,1,4,4,3,9,4,1,2,3,1
"COG3837",0,1,0,1,0,1,0,1,0,0,2,1,0,0,0,0,0,2,0,2,2,0,0,0,0,0,0,0,0,0,0,0,0,0,0,0,0,0,1,0,1,0,1,0,1,0,0,0,0,0,3,1,0,0,0,0,0,0,0,0
"COG3839",43,31,22,30,22,32,28,17,19,34,16,14,13,52,19,24,37,14,15,7,26,23,18,36,20,21,15,22,29,9,58,16,35,64,45,49,32,115,18,47,44,14,37,58,49,30,38,8,19,53,74,40,22,47,29,96,35,35,25,46
"COG3840",6,0,0,0,3,0,2,0,1,3,3,0,0,0,0,0,0,2,0,0,6,1,0,0,0,0,0,0,0,0,0,1,0,3,0,0,3,0,0,0,1,0,0,0,0,2,0,0,1,0,0,2,0,0,5,1,0,0,0,0
"COG3842",54,69,59,69,78,58,81,50,56,70,59,45,65,74,67,52,62,68,71,47,61,87,49,77,53,64,49,57,70,70,55,53,62,62,75,52,49,65,46,66,47,73,63,73,66,62,54,54,23,43,63,67,38,67,65,51,61,58,63,63
"COG3843",72,114,89,100,99,66,56,75,54,128,63,39,54,90,32,69,114,112,50,25,24,38,45,123,59,33,86,59,45,13,119,21,34,120,141,95,36,221,27,53,108,12,53,115,83,80,106,27,40,89,80,29,19,97,35,50,39,78,41,138
"COG3845",22,72,24,66,34,32,35,14,33,25,76,25,27,44,19,33,71,70,45,15,29,24,17,55,21,17,35,24,18,5,51,15,21,84,35,29,16,131,13,24,70,8,24,39,20,29,35,7,9,34,58,9,10,43,7,33,32,23,30,12
"COG3846",1,3,1,0,0,0,0,0,0,0,0,0,0,0,0,11,0,3,1,0,0,0,0,0,2,5,1,1,1,0,0,0,0,4,0,0,1,0,0,0,0,0,0,0,2,0,3,1,0,0,0,1,0,3,1,0,0,0,0,0
"COG3848",10,8,6,11,26,11,7,3,6,11,12,2,15,23,13,4,42,18,12,7,0,4,15,9,11,1,9,8,7,1,26,3,5,3,17,12,7,5,1,11,16,1,10,8,9,9,8,2,8,10,1,9,2,14,5,3,3,14,11,3
"COG3850",25,3,3,3,7,3,3,4,9,10,2,2,0,4,2,1,4,2,3,4,31,5,1,3,0,2,0,0,3,7,1,6,1,5,0,1,8,1,5,5,5,1,1,1,1,2,1,1,1,0,1,5,3,1,20,7,1,1,3,0
"COG3851",9,7,2,0,0,3,5,0,2,4,3,1,1,1,1,0,3,3,3,6,13,1,2,4,0,0,0,0,1,3,5,2,4,7,1,1,4,0,3,1,9,0,0,1,0,0,2,1,0,1,10,7,0,0,9,1,3,1,0,0
"COG3852",12,2,0,0,1,4,0,8,8,1,2,0,1,4,0,0,1,3,5,4,21,2,0,1,4,17,0,2,0,3,0,10,3,3,0,1,11,1,4,1,2,1,4,2,4,17,0,1,0,1,6,6,2,0,11,5,0,6,5,0
"COG3853",10,7,9,8,13,7,4,9,4,6,9,8,5,24,2,10,14,3,3,4,4,3,5,9,3,1,9,6,5,1,17,9,12,36,21,13,11,21,7,6,16,3,8,11,8,4,10,3,5,14,11,4,3,17,9,42,8,14,7,14
"COG3854",21,43,8,18,16,13,25,5,15,23,16,4,12,20,3,11,22,15,5,3,6,5,17,25,12,13,20,14,5,1,30,5,7,26,21,11,15,30,8,15,23,7,12,11,16,10,13,4,9,25,11,4,1,17,2,13,11,9,12,21
"COG3855",48,48,66,60,87,83,75,66,62,58,46,50,78,36,50,63,57,48,81,47,17,48,68,57,82,73,49,58,77,85,67,57,71,51,68,66,75,46,63,77,52,86,80,65,58,64,61,74,94,87,78,74,66,73,63,17,88,59,76,62
"COG3856",0,5,1,1,0,0,0,0,2,0,2,1,0,6,0,18,0,1,2,0,3,0,0,3,0,0,0,2,0,0,4,0,0,5,0,1,1,0,0,0,0,1,0,0,1,3,2,2,0,1,1,1,1,1,2,9,2,1,1,0
"COG3857",43,103,49,55,58,52,51,31,60,87,115,27,49,99,19,124,91,77,38,15,23,7,35,91,39,31,69,75,25,10,98,24,40,106,105,60,51,127,19,32,91,25,42,70,63,41,69,10,28,85,30,23,13,58,29,44,23,52,12,60
"COG3858",22,28,32,10,17,23,22,17,18,31,42,14,26,40,11,14,18,16,8,10,11,19,26,37,16,8,21,38,14,4,36,19,21,38,69,25,23,12,13,28,16,6,15,12,13,27,26,1,7,28,35,5,4,38,11,36,15,23,3,38
"COG3859",11,28,8,14,12,9,6,5,11,8,23,3,7,15,2,9,10,16,10,8,5,2,11,11,12,8,11,5,1,1,18,5,4,16,10,11,7,25,4,8,14,3,7,17,11,15,10,4,5,13,3,4,3,14,2,9,2,8,6,13
"COG3860",0,0,0,0,0,0,0,0,1,0,0,1,0,0,1,0,0,0,0,0,0,0,0,0,0,0,0,0,0,0,0,0,0,2,0,0,0,0,0,0,0,0,0,0,0,3,0,0,0,0,0,0,0,0,0,0,0,0,0,0
"COG3862",4,13,7,17,4,3,3,4,3,7,6,1,3,12,3,6,11,23,5,3,5,8,5,6,6,2,8,8,6,1,8,0,9,9,8,5,4,13,3,7,4,2,7,11,7,7,6,1,6,7,10,0,0,6,3,1,8,10,8,4
"COG3863",0,0,1,0,0,1,0,0,1,0,0,0,0,1,0,0,0,0,0,0,1,0,0,0,0,0,0,0,0,0,0,0,0,0,0,0,0,0,1,0,0,0,0,0,0,0,0,0,0,1,0,0,0,0,0,0,0,0,0,0
"COG3864",2,6,3,6,0,1,0,1,3,1,3,0,0,3,1,4,0,2,2,2,1,0,1,1,4,0,3,1,2,0,3,2,0,1,3,1,0,2,0,3,4,0,0,1,1,3,1,0,0,0,0,0,0,0,0,1,1,2,0,4
"COG3866",7,4,83,33,9,3,4,9,23,11,1,13,3,8,4,0,26,5,9,5,1,13,21,9,1,24,3,70,19,63,11,0,5,0,45,4,2,10,4,8,12,41,2,2,7,14,5,49,0,3,4,4,1,35,46,0,4,10,3,4
"COG3867",24,25,34,41,12,39,44,21,13,40,8,13,18,14,15,73,6,23,23,19,0,30,24,50,19,13,25,22,37,22,46,25,22,14,73,23,18,6,18,31,11,15,6,14,17,51,31,54,45,35,33,35,37,36,41,6,23,31,10,23
"COG3868",4,1,2,2,0,5,2,1,0,1,0,0,1,0,0,0,0,2,0,1,0,0,3,6,1,3,2,0,0,0,2,0,1,0,3,0,1,0,1,0,0,0,0,0,0,4,1,0,2,2,12,1,0,0,0,0,0,0,0,1
"COG3869",6,25,1,5,5,4,4,3,5,12,1,2,1,3,4,22,0,17,1,2,5,3,2,8,3,8,6,6,2,1,13,4,7,14,6,1,4,8,3,4,7,1,7,6,8,8,2,4,2,10,5,1,5,4,3,1,10,7,3,6
"COG3870",0,5,3,2,4,1,2,1,6,3,0,3,1,9,1,3,1,12,1,1,0,1,1,4,2,2,4,2,2,0,4,2,2,5,4,4,1,9,1,0,1,1,1,5,1,7,3,0,0,2,1,0,1,2,4,4,2,0,3,0
"COG3871",3,1,4,3,15,1,5,16,21,2,0,16,18,1,12,1,9,3,5,18,4,30,22,1,8,1,14,1,18,7,12,17,9,6,10,13,10,1,28,9,4,13,17,15,16,13,15,1,2,1,27,3,23,13,0,5,12,19,31,21
"COG3872",29,35,24,30,15,38,19,15,16,26,23,7,24,25,9,26,25,33,18,9,9,16,17,35,18,16,19,25,10,9,33,15,18,28,26,19,13,49,9,18,35,10,13,35,16,21,20,1,6,25,16,7,5,20,8,7,21,20,10,16
"COG3874",0,12,3,6,2,3,5,0,2,4,0,1,3,1,5,2,14,1,4,0,1,0,4,7,1,6,5,2,3,0,3,1,3,14,1,2,1,25,1,4,15,1,6,9,6,5,3,2,6,6,1,0,0,8,0,1,1,4,4,3
"COG3875",8,20,5,12,15,16,2,18,17,4,5,7,14,5,12,38,19,29,12,10,11,23,10,8,9,3,14,15,10,7,8,11,12,23,6,15,6,32,10,18,18,5,9,13,7,6,25,2,8,5,11,1,5,6,10,6,20,3,5,4
"COG3876",5,8,2,13,22,20,7,14,19,10,0,25,14,0,7,1,17,10,19,22,5,12,19,7,16,4,21,7,12,5,17,46,42,17,5,23,41,20,28,28,13,27,43,24,16,38,15,5,1,16,31,12,44,43,1,3,35,18,56,21
"COG3877",1,5,1,3,4,2,0,0,2,1,0,5,0,0,2,0,2,1,1,9,1,2,6,2,0,0,2,0,5,0,0,1,3,4,0,0,2,1,0,1,3,3,0,1,0,3,3,0,0,0,0,0,3,0,0,0,3,3,0,1
"COG3878",0,5,1,2,0,1,0,1,4,1,1,4,1,0,4,0,0,3,0,0,1,0,2,5,2,1,2,1,1,1,0,0,0,0,0,0,0,15,0,8,2,2,1,2,2,2,6,0,0,0,0,0,0,1,0,0,2,1,0,2
"COG3879",0,20,8,2,1,2,7,0,3,0,3,2,0,21,1,49,3,2,4,1,14,0,0,3,4,0,0,12,0,2,14,1,1,16,1,2,0,0,6,2,0,3,5,8,0,2,6,1,0,11,0,2,0,2,26,79,7,2,3,0
"COG3880",1,18,1,7,3,2,4,2,4,6,2,3,1,1,2,9,4,14,1,1,4,1,3,4,3,3,3,8,1,1,8,2,12,13,5,2,2,5,3,3,8,0,2,9,2,11,6,2,3,4,2,0,2,6,2,4,1,3,3,5
"COG3881",0,0,0,0,0,0,1,0,1,0,0,0,0,0,0,11,0,0,0,0,0,0,0,0,0,0,0,1,0,0,0,0,0,0,0,0,0,0,0,0,0,0,0,0,0,0,0,0,0,0,0,0,0,0,3,0,0,0,0,0
"COG3882",2,15,2,10,2,4,4,2,3,5,2,1,14,0,22,0,7,7,0,19,1,3,10,21,2,26,9,7,4,2,7,0,7,3,3,12,23,6,2,3,6,2,2,3,10,23,7,2,0,17,21,5,1,33,0,0,14,17,12,13
"COG3883",3,30,9,4,1,3,5,2,6,4,23,3,3,13,1,0,2,16,4,0,12,3,3,14,2,3,2,6,5,0,14,0,2,46,12,2,5,8,2,3,16,1,2,19,3,0,11,1,4,6,4,0,0,6,2,4,0,2,0,3
"COG3884",17,35,24,37,19,23,34,31,44,34,40,22,45,30,25,8,30,18,26,18,13,20,40,21,30,30,28,34,39,18,32,24,29,25,38,47,35,17,48,23,26,37,23,27,25,32,28,19,36,35,37,18,35,39,21,20,39,34,28,31
"COG3885",1,4,0,1,1,0,2,1,0,1,0,1,0,0,1,0,1,4,0,0,2,4,0,0,0,4,1,1,0,0,0,4,0,2,0,0,1,4,0,2,7,3,1,0,0,0,1,0,0,1,0,0,1,0,0,0,1,0,0,0
"COG3886",6,18,45,25,39,11,14,30,28,36,57,12,13,65,19,59,6,16,11,4,9,21,21,6,13,54,14,48,20,20,41,10,5,24,24,26,7,19,19,38,26,42,9,18,12,17,31,22,97,8,5,60,14,24,42,89,3,25,9,43
"COG3887",50,72,51,57,43,42,29,28,32,63,121,26,41,96,16,103,59,59,29,16,10,20,36,69,33,10,38,54,23,4,90,17,35,58,75,61,36,68,22,35,44,16,21,25,41,38,43,7,20,60,48,19,7,52,34,38,25,40,20,55
"COG3892",0,4,0,0,3,0,0,0,0,1,3,0,1,2,0,0,0,4,0,0,0,0,0,0,1,1,0,0,1,0,0,0,1,4,0,0,2,0,0,0,0,0,1,0,0,0,1,0,0,0,1,1,0,0,0,0,0,0,0,0
"COG3893",1,2,0,1,7,0,1,5,5,0,0,31,10,0,1,0,2,2,7,4,6,1,2,4,1,7,7,3,6,0,0,9,2,5,0,4,0,3,1,7,9,3,8,5,5,0,7,1,4,2,2,1,1,1,0,0,0,4,5,0
"COG3894",18,28,18,17,1,14,7,11,12,17,47,2,9,15,1,7,17,13,12,5,3,1,7,18,11,8,11,8,4,0,18,7,10,14,20,10,6,35,11,7,11,1,3,14,12,12,20,1,3,10,14,5,3,19,3,15,6,3,1,15
"COG3895",2,1,0,0,0,0,0,1,0,0,0,0,0,0,0,0,0,1,0,1,1,0,0,0,0,0,0,0,0,0,0,0,0,2,0,0,1,0,0,0,0,0,0,0,0,0,0,0,0,0,0,0,0,0,1,0,1,0,0,0
"COG3896",0,0,0,0,0,0,0,0,0,0,0,0,0,0,0,0,0,0,0,0,1,0,0,0,0,0,0,0,0,0,0,0,0,1,0,0,0,1,0,0,0,0,1,0,0,0,0,0,0,0,0,0,0,0,0,0,0,0,0,0
"COG3899",0,6,0,2,0,1,1,1,0,0,10,0,1,0,1,0,0,7,0,0,0,11,1,1,0,0,1,3,1,0,1,6,0,0,0,1,0,1,0,1,2,1,1,1,1,0,0,0,0,1,0,0,0,1,0,0,1,0,2,0
"COG3901",1,7,0,5,1,0,0,0,0,1,0,0,1,3,0,0,0,7,1,2,0,0,0,0,1,1,0,0,1,0,3,0,0,5,0,0,0,6,0,0,0,0,0,1,0,2,0,0,0,0,0,0,0,1,0,0,0,0,2,0
"COG3903",0,0,0,0,0,1,0,0,0,0,0,0,0,0,0,0,0,0,0,0,0,0,0,0,0,0,0,0,0,0,0,0,0,0,0,0,0,0,0,0,0,0,0,0,0,0,0,0,0,0,0,0,0,0,0,0,0,0,0,0
"COG3906",1,0,0,0,0,0,0,0,2,0,16,1,0,2,0,0,0,1,0,0,0,0,1,0,0,0,0,2,0,0,2,0,0,0,1,0,1,3,1,0,0,0,0,1,0,0,0,0,0,1,0,0,0,0,2,6,0,0,0,0
"COG3907",0,0,0,0,0,0,0,0,0,0,0,0,0,1,0,0,0,0,0,0,0,0,0,0,0,0,0,0,0,0,0,0,0,0,0,1,0,0,0,0,0,0,0,0,0,0,0,0,1,0,0,0,0,0,0,0,2,0,0,0
"COG3910",10,10,4,19,8,10,3,6,10,16,3,13,5,25,2,5,20,9,7,1,3,0,9,16,5,3,4,8,8,0,17,3,1,19,14,6,9,19,2,3,9,2,8,5,5,11,10,5,6,43,18,1,6,9,1,3,1,7,5,20
"COG3911",0,0,0,0,0,0,0,0,0,0,0,6,1,0,0,0,0,0,0,0,0,2,0,0,0,0,1,0,0,0,0,0,0,1,0,0,0,0,0,0,0,0,0,0,0,0,0,0,0,0,0,0,0,0,0,0,0,1,0,0
"COG3915",1,2,0,0,0,0,0,0,0,0,3,1,0,0,0,0,0,1,0,0,0,0,0,0,0,0,0,0,0,0,0,0,0,0,0,0,0,0,0,0,0,0,0,0,0,0,0,0,0,0,0,0,0,0,0,0,0,0,0,0
"COG3919",2,6,34,10,8,7,26,8,7,5,15,4,13,19,3,0,6,18,11,7,5,2,17,7,5,20,3,3,2,2,1,21,6,15,1,8,1,8,12,4,13,3,12,11,8,18,5,17,1,4,13,1,31,12,4,9,3,2,3,9
"COG3920",1,6,2,3,5,4,2,7,2,2,6,3,0,9,2,55,2,1,6,0,7,13,1,0,0,2,1,8,2,6,6,3,1,2,11,4,0,6,1,4,3,2,0,5,1,9,7,1,2,0,3,2,1,3,10,55,4,8,1,0
"COG3921",1,0,0,0,0,0,0,0,0,0,0,0,0,2,0,0,0,0,0,0,0,0,0,0,0,1,0,0,0,0,0,0,0,0,0,0,0,0,0,0,0,0,0,0,0,0,0,0,0,0,0,1,0,0,0,0,0,0,0,0
"COG3923",2,3,0,0,0,0,0,5,0,1,0,0,0,1,1,0,0,1,1,1,3,0,0,0,0,1,0,0,0,0,1,0,0,2,1,0,3,0,0,0,0,0,0,0,0,1,0,0,0,0,0,1,1,0,1,1,0,0,0,0
"COG3924",3,1,0,0,0,0,0,0,0,0,0,0,0,0,0,0,0,1,0,1,4,1,0,0,0,0,0,0,0,0,0,0,0,2,0,0,1,0,0,0,0,0,0,0,0,0,0,1,0,0,0,3,0,0,0,0,0,0,0,0
"COG3925",7,1,0,0,2,0,2,3,1,2,2,0,0,1,0,1,0,2,0,2,10,2,0,0,0,2,1,0,1,1,0,0,1,2,0,0,1,1,2,0,0,0,0,0,0,0,0,0,2,0,0,0,0,0,6,2,0,0,0,0
"COG3926",0,1,4,3,0,4,3,9,7,0,1,2,3,1,0,0,3,1,9,16,0,0,1,5,0,2,2,1,4,0,10,7,7,4,0,0,2,3,2,1,3,2,1,3,0,3,11,1,1,3,16,1,7,8,0,1,58,3,2,36
"COG3933",22,14,16,4,8,8,4,15,1,4,18,5,3,27,0,183,8,14,3,1,21,13,5,16,9,5,2,10,5,13,13,12,15,5,38,14,9,12,25,6,0,17,9,13,1,3,33,5,5,5,26,4,12,7,54,16,13,23,6,9
"COG3934",1,4,0,0,0,0,0,0,4,1,0,0,0,0,0,0,0,2,0,1,1,0,0,0,0,0,4,1,0,0,0,0,0,1,0,0,0,3,0,0,0,0,2,1,6,3,1,1,0,0,0,0,0,0,0,4,0,1,0,0
"COG3935",14,33,28,27,4,20,15,10,22,20,31,7,8,40,7,12,16,23,13,5,6,6,14,33,16,12,22,14,6,1,29,1,19,28,37,16,15,27,9,17,27,4,16,25,18,9,35,4,8,23,22,9,4,15,9,19,8,18,4,28
"COG3936",3,17,10,0,14,3,2,5,3,1,0,4,0,3,1,0,1,0,1,0,3,0,3,6,0,1,0,6,2,2,1,8,0,9,0,0,0,1,0,0,4,0,0,3,0,0,0,1,0,5,0,0,1,8,1,0,0,0,6,4
"COG3937",4,0,2,1,1,0,0,0,1,1,8,1,1,7,0,2,0,0,1,0,0,0,1,0,1,1,2,0,0,0,1,2,0,4,2,3,3,0,0,0,1,0,0,1,0,1,1,0,0,0,3,0,0,1,1,3,0,1,0,2
"COG3938",4,3,0,1,0,1,0,4,0,1,4,0,4,0,0,1,1,7,2,0,1,0,0,1,1,4,2,3,0,3,1,2,3,4,1,5,1,2,0,1,4,2,0,2,0,1,1,0,0,1,5,0,0,3,2,1,1,1,0,0
"COG3940",7,19,3,17,18,19,8,26,38,21,24,19,23,23,33,56,19,18,23,51,25,32,47,16,20,2,25,25,27,10,34,35,41,11,36,36,37,19,22,37,14,21,35,30,22,91,10,1,3,10,34,4,31,21,13,88,13,27,44,38
"COG3941",2,5,0,1,0,5,1,1,0,12,0,0,1,0,1,0,0,0,1,5,0,0,0,0,2,1,0,0,4,0,0,0,0,0,0,3,0,2,1,2,2,0,2,0,0,0,2,0,1,1,0,0,0,1,0,0,0,2,2,0
"COG3942",0,3,8,0,0,3,0,0,2,1,130,13,0,24,0,32,0,3,5,0,16,0,0,0,0,0,0,9,1,0,9,0,1,0,1,0,2,1,0,0,7,0,2,6,0,1,1,3,0,1,0,1,0,1,14,75,1,0,0,0
"COG3943",39,53,81,58,59,56,83,66,40,49,16,97,76,46,47,8,55,34,60,48,29,55,95,60,95,86,63,66,66,68,65,121,41,82,43,88,63,53,61,43,72,111,58,88,68,47,100,103,145,83,107,113,65,79,81,17,43,97,72,62
"COG3944",22,33,24,17,14,38,13,12,11,31,36,10,12,51,4,42,36,43,13,4,14,11,16,25,13,19,20,33,10,1,54,6,11,21,27,24,14,47,4,19,26,4,14,25,16,20,27,5,13,23,17,6,9,18,14,63,8,24,9,28
"COG3945",0,0,0,0,0,0,1,0,0,0,0,2,0,0,1,12,0,1,0,0,0,3,0,0,0,0,0,3,0,0,0,5,0,0,2,0,0,0,2,0,0,0,0,0,0,0,2,0,0,0,0,0,0,0,1,0,0,2,0,0
"COG3947",2,2,1,3,0,1,2,1,3,2,5,2,1,1,0,0,3,9,2,1,1,1,7,3,0,2,0,1,2,0,4,1,0,9,3,1,0,5,0,2,1,7,5,3,7,7,4,1,4,0,0,4,0,9,0,1,0,1,2,0
"COG3948",1,6,1,0,1,2,1,6,2,5,1,0,1,1,1,1,18,4,1,2,32,1,1,0,0,2,2,0,4,1,0,1,0,7,0,0,1,0,0,1,1,1,1,2,7,4,0,0,0,2,1,1,1,1,4,5,4,0,0,1
"COG3949",6,20,9,4,2,13,4,7,13,2,8,10,5,19,1,11,7,17,6,2,5,8,3,3,5,6,2,3,3,3,16,9,6,11,14,4,5,3,4,2,4,1,4,8,3,22,5,1,1,8,0,0,0,3,0,0,2,2,0,7
"COG3950",12,13,74,20,76,66,62,49,28,30,8,30,32,42,25,12,56,15,26,43,11,27,30,24,38,8,31,35,56,25,34,26,31,7,22,44,57,13,99,35,27,51,35,35,27,38,54,47,86,13,54,58,77,23,5,10,21,57,48,55
"COG3951",14,0,0,3,1,0,6,2,0,6,4,0,0,5,1,0,1,2,4,1,8,2,1,1,0,3,1,0,8,0,0,1,2,0,0,1,5,0,1,1,6,1,1,5,1,0,6,1,0,0,4,9,1,0,3,2,1,1,0,0
"COG3952",0,0,0,2,0,0,0,2,0,2,0,3,1,0,0,1,0,1,1,1,0,0,2,0,3,2,7,0,1,0,0,3,3,0,0,1,1,0,1,2,2,2,1,1,1,13,1,0,0,1,2,1,5,4,0,0,4,0,4,1
"COG3953",0,0,0,0,0,2,0,0,0,0,16,1,0,0,0,0,0,0,0,0,0,0,0,0,0,0,0,0,0,0,0,0,0,0,0,0,0,0,0,0,0,0,0,1,0,0,0,0,0,0,0,0,0,0,11,0,0,0,0,0
"COG3954",15,2,0,0,0,1,0,2,2,3,2,0,0,3,0,0,1,0,0,2,15,1,0,0,0,0,0,0,0,1,0,1,0,1,0,1,5,0,1,0,0,0,0,0,0,1,0,0,0,1,1,2,1,0,10,6,0,0,0,0
"COG3955",1,1,2,6,0,0,1,1,0,0,5,7,0,1,0,0,0,3,1,2,0,0,0,4,1,0,1,4,1,0,4,1,3,4,1,4,3,2,1,2,3,3,0,2,1,1,2,3,0,7,0,0,6,2,0,1,1,4,2,1
"COG3956",8,23,18,16,19,20,21,11,16,22,4,14,17,15,17,17,21,36,30,16,4,9,9,20,18,8,19,22,11,11,2,5,11,5,2,8,11,22,7,4,11,14,8,12,7,8,6,8,16,6,5,8,5,8,9,3,9,5,11,4
"COG3957",16,30,12,13,18,26,8,14,14,23,67,6,6,34,0,32,5,19,8,4,10,1,11,20,9,7,20,32,2,0,17,5,12,16,34,11,14,19,7,5,16,2,5,16,18,15,20,0,4,24,7,3,5,4,11,89,4,18,0,9
"COG3958",32,53,29,24,43,40,22,17,17,38,49,10,27,53,46,16,35,55,36,22,19,20,26,39,42,23,38,39,17,15,63,24,33,55,52,37,22,57,22,31,46,8,27,46,31,36,35,6,15,36,70,18,13,28,18,20,24,51,35,49
"COG3959",30,63,23,38,55,28,33,25,17,26,39,20,31,53,21,16,41,59,18,20,16,35,34,45,30,34,41,40,22,10,50,19,30,52,63,44,18,32,37,36,37,13,30,50,28,33,35,6,13,30,58,19,11,36,9,18,21,46,40,57
"COG3960",7,0,0,0,0,0,0,0,1,3,0,0,0,0,0,0,0,2,0,2,16,4,0,0,0,0,0,0,0,3,0,5,1,6,0,0,2,0,1,0,1,0,0,0,0,1,0,1,0,2,1,2,0,0,10,3,0,0,0,0
"COG3961",0,0,0,0,0,0,0,1,0,0,1,0,0,0,0,0,0,2,0,0,0,0,0,0,0,1,0,0,0,0,0,0,0,0,0,0,1,0,0,0,0,0,0,0,0,0,0,0,0,1,0,1,0,0,0,0,0,0,0,0
"COG3962",1,12,3,10,2,3,1,5,4,2,10,0,2,2,3,53,4,23,5,0,2,0,5,1,5,3,2,2,0,6,2,0,2,7,6,1,4,1,7,3,5,9,2,16,3,1,9,7,1,1,2,1,2,5,9,0,0,6,2,1
"COG3963",0,0,0,0,0,0,0,0,0,0,0,0,0,0,0,1,0,1,0,0,0,0,0,0,0,0,1,1,0,0,0,0,0,0,0,0,0,3,0,0,0,0,0,0,0,0,0,0,0,0,0,0,0,0,0,0,0,0,0,0
"COG3964",1,3,2,6,2,3,1,6,5,1,2,3,3,3,4,22,3,12,5,13,1,15,4,1,3,1,3,5,3,2,2,5,0,4,1,7,1,1,5,5,2,7,0,1,2,0,2,0,0,1,3,1,3,2,0,0,14,0,8,1
"COG3965",1,7,5,4,1,0,1,0,1,0,5,0,0,2,0,0,1,0,4,0,1,0,2,0,4,1,0,2,3,0,4,0,0,3,0,3,1,0,0,0,4,0,1,5,4,3,8,0,0,0,0,0,1,1,2,7,1,1,0,8
"COG3966",0,4,1,0,0,0,7,0,5,0,28,1,0,15,0,0,0,0,2,1,1,1,1,1,3,0,0,0,0,0,0,0,2,0,0,1,2,2,0,0,1,0,0,2,0,1,1,0,0,1,0,0,1,0,1,11,0,0,0,5
"COG3967",0,0,0,0,2,0,0,0,0,1,0,0,0,0,0,0,1,0,0,0,0,0,0,0,0,1,0,0,0,0,0,1,0,0,0,0,0,0,0,0,1,0,0,0,0,0,0,0,0,0,0,1,0,0,0,0,0,0,1,0
"COG3968",90,75,180,121,119,151,135,118,121,105,59,127,136,70,151,27,119,109,142,134,59,90,134,124,125,109,130,122,137,211,101,151,163,106,117,119,97,137,119,151,100,153,157,106,142,100,125,179,163,139,114,132,116,135,123,38,149,113,125,130
"COG3969",20,13,0,22,38,16,23,42,30,16,3,41,44,5,42,2,39,24,39,65,52,52,36,16,38,4,32,10,39,24,17,43,43,34,14,36,28,8,79,33,17,24,59,30,35,44,27,5,3,10,47,20,63,29,8,13,39,41,58,30
"COG3971",12,6,0,0,0,1,1,1,2,1,0,0,5,4,0,0,1,3,0,5,16,0,0,0,1,2,0,0,4,3,2,0,0,1,0,2,1,0,0,0,0,0,0,0,0,0,0,0,0,0,0,2,0,0,13,2,0,0,1,0
"COG3972",14,1,2,1,2,2,1,0,2,2,3,2,1,1,1,75,0,29,3,0,1,0,1,0,7,6,3,2,1,0,10,0,0,0,8,0,2,10,0,5,5,0,1,0,5,0,2,2,1,2,2,13,29,1,3,0,5,7,0,2
"COG3973",23,30,35,44,24,46,15,18,27,14,74,20,27,66,35,42,38,18,6,39,19,24,7,36,35,4,21,27,18,7,48,34,31,35,45,24,19,8,45,18,11,6,14,33,14,25,31,2,4,34,24,7,33,27,21,103,23,19,32,56
"COG3975",1,1,1,0,3,1,0,0,6,2,0,0,1,0,0,0,0,0,1,0,0,0,0,0,1,0,2,0,0,1,0,0,0,0,0,0,0,1,0,0,2,1,3,0,1,0,0,0,0,0,0,2,0,0,0,0,1,0,0,0
"COG3976",6,2,5,11,0,10,4,11,3,3,2,2,2,11,3,1,7,2,9,1,0,21,1,4,7,1,3,4,4,0,11,1,3,2,0,0,3,3,2,6,7,4,4,2,5,4,6,0,3,5,2,6,8,5,2,0,6,9,7,7
"COG3977",22,6,0,0,0,0,4,0,0,3,2,0,1,1,1,0,0,1,1,0,13,7,0,0,0,1,0,0,4,2,1,0,1,7,0,0,4,1,0,0,2,0,1,1,0,4,0,3,0,0,1,3,0,0,13,1,0,0,0,0
"COG3978",2,0,1,0,1,0,0,0,0,1,0,0,0,2,0,0,0,1,0,0,4,0,0,0,0,0,0,0,0,0,0,0,0,0,0,0,2,0,0,0,0,0,0,0,0,0,0,0,0,0,0,0,0,0,1,1,0,0,1,0
"COG3979",5,1,9,0,14,4,3,2,3,2,4,0,1,2,1,0,5,0,0,0,0,0,0,22,0,1,1,4,1,0,0,0,3,0,4,0,1,31,0,7,0,0,0,0,1,0,0,0,0,0,4,1,0,0,0,0,2,1,0,0
"COG3980",1,4,5,4,3,1,11,4,4,4,0,4,2,0,2,0,1,5,1,7,1,5,1,6,10,7,3,0,5,0,3,8,14,10,8,11,2,5,7,16,13,1,4,5,13,11,12,1,0,9,22,10,1,8,2,2,3,12,9,8
"COG3981",4,15,2,4,16,3,3,1,4,4,11,6,6,14,1,8,15,0,1,3,3,7,8,6,7,2,1,4,3,1,20,2,6,20,1,5,1,5,2,4,3,1,5,2,0,0,6,1,2,2,0,1,0,2,5,3,3,2,10,3
"COG4001",33,68,33,86,56,66,26,56,29,42,21,55,67,45,77,107,41,72,40,55,44,23,62,50,40,26,46,77,58,43,73,63,69,57,92,89,0,67,100,30,100,36,64,42,63,52,54,56,128,62,34,105,81,47,36,26,43,101,38,62
"COG4012",0,0,0,0,0,2,0,2,0,0,0,0,0,0,0,0,0,0,0,0,0,0,0,0,0,0,0,0,1,0,0,0,0,1,0,1,0,0,0,0,0,0,0,0,0,0,0,0,0,0,0,0,0,0,0,0,0,0,0,0
"COG4021",0,0,0,1,0,0,0,0,0,0,1,0,0,0,1,2,1,1,0,0,0,0,0,0,2,7,3,0,0,0,1,0,0,7,0,0,0,0,0,0,0,0,0,0,1,0,3,1,0,0,0,1,0,1,2,0,0,0,0,2
"COG4032",0,0,2,2,5,0,7,11,5,3,12,12,6,3,2,0,1,1,2,8,3,2,2,9,1,0,0,0,2,0,4,8,2,4,1,1,5,2,1,3,0,1,9,1,1,10,0,0,0,4,5,6,0,3,0,1,0,3,12,0
"COG4034",0,2,0,3,0,0,0,0,0,0,0,0,1,0,0,0,0,20,0,2,0,0,0,4,0,0,0,0,0,0,0,0,0,0,0,0,0,0,0,0,0,0,0,0,0,0,0,0,0,0,0,0,0,0,0,0,0,0,0,0
"COG4043",0,8,0,1,0,1,0,0,0,0,0,0,0,1,0,0,0,0,2,0,0,0,0,1,0,0,0,1,0,0,0,0,0,11,0,0,0,0,0,0,1,0,0,0,0,0,1,0,0,2,0,0,0,0,0,0,1,0,0,0
"COG4085",0,0,0,1,0,0,2,1,0,0,0,2,1,1,0,0,7,1,4,1,0,0,0,0,1,0,0,0,0,0,0,0,0,2,0,2,0,0,0,0,0,0,0,0,0,1,0,0,5,1,7,0,0,0,0,0,1,2,0,0
"COG4086",2,7,5,3,2,10,3,5,3,7,24,3,5,21,1,4,3,3,1,2,1,0,5,4,3,3,7,4,0,0,6,2,3,5,15,5,7,10,1,6,5,1,0,6,7,6,3,0,4,1,1,2,2,5,5,10,1,8,0,6
"COG4087",0,0,0,0,0,0,0,1,0,0,0,1,1,1,0,0,0,0,0,0,0,1,0,0,1,0,0,0,0,0,0,0,0,4,0,2,0,4,0,0,1,0,0,0,0,0,0,0,1,0,0,0,0,4,0,1,0,0,1,0
"COG4091",1,0,1,0,0,0,0,5,0,0,4,1,0,0,0,40,2,1,0,0,1,3,1,1,1,0,0,0,1,0,0,3,1,0,7,0,0,0,10,0,1,0,0,4,0,3,3,0,0,0,3,0,0,1,4,0,0,2,1,1
"COG4095",0,0,1,0,0,1,0,0,0,0,2,0,0,0,0,0,0,1,0,0,0,0,0,0,0,0,0,0,0,0,0,0,0,0,0,0,0,0,0,0,0,0,0,0,0,0,0,0,0,0,0,0,0,0,0,0,0,0,0,0
"COG4096",37,56,36,31,74,102,54,67,42,26,7,54,45,139,47,108,101,29,57,41,12,61,52,52,42,72,64,72,14,44,29,35,39,48,59,68,45,41,76,63,51,27,62,21,47,26,94,22,45,116,14,29,30,34,106,31,41,64,42,40
"COG4097",0,0,4,0,0,0,1,0,3,0,3,1,0,1,1,0,0,0,2,1,0,0,0,0,1,0,1,0,0,1,0,1,0,0,0,0,5,0,0,1,0,1,1,0,0,0,0,0,0,0,0,0,0,0,1,2,0,1,0,0
"COG4098",0,1,3,0,0,0,0,0,0,0,39,2,0,5,0,0,0,0,1,0,3,3,0,1,0,0,0,2,1,0,3,0,0,0,0,1,0,0,0,0,0,0,0,0,0,1,1,0,0,0,0,0,0,0,1,7,0,0,0,2
"COG4099",9,6,18,17,7,5,3,12,9,12,9,18,14,11,14,2,7,13,18,36,4,7,10,3,17,16,6,18,15,16,15,19,14,6,4,6,17,9,12,8,20,27,7,9,8,9,7,20,42,36,23,21,2,11,7,4,9,8,15,4
"COG4100",20,59,25,30,15,25,21,15,23,29,32,13,14,38,8,37,36,36,13,6,4,2,23,44,10,7,26,23,6,4,39,12,16,45,40,27,12,45,8,19,29,4,12,22,23,17,32,1,7,26,22,9,8,25,15,12,14,29,10,19
"COG4104",1,0,0,0,0,0,0,2,7,1,0,4,1,0,0,0,2,1,0,3,3,2,0,0,2,0,0,0,0,1,2,2,5,0,0,0,4,1,1,1,0,1,0,0,2,8,0,0,3,0,3,0,1,3,0,2,1,0,0,0
"COG4105",7,1,1,2,1,2,4,6,2,3,2,0,2,0,3,0,2,1,0,4,9,2,0,0,1,6,6,1,0,1,0,0,2,4,0,1,2,3,2,3,2,1,1,0,2,1,0,2,1,1,1,8,2,0,4,1,0,2,1,0
"COG4106",4,2,1,0,0,2,0,1,1,1,1,0,1,2,1,0,2,1,1,0,3,1,0,0,0,0,0,2,0,1,0,0,0,2,0,0,2,1,0,0,0,0,1,1,0,1,0,0,0,0,1,2,1,1,1,13,0,0,0,9
"COG4107",4,1,0,0,0,1,3,2,1,3,3,0,0,0,0,0,0,4,3,2,35,1,1,0,1,0,0,0,0,1,0,1,1,5,0,2,1,0,0,1,0,0,1,0,2,0,1,1,0,0,0,1,0,0,4,1,1,0,3,0
"COG4108",66,51,66,65,65,58,74,43,54,58,68,44,53,74,51,66,53,47,56,55,34,51,53,48,67,73,70,81,69,73,68,61,59,28,53,54,59,57,39,52,63,65,49,41,60,46,52,75,88,57,34,80,51,48,52,21,42,53,55,51
"COG4109",0,2,2,0,0,0,0,0,0,0,24,3,0,1,0,0,1,1,1,0,0,1,0,0,0,0,2,0,0,0,2,0,0,1,0,0,1,0,0,0,0,0,0,0,0,0,0,0,0,0,0,0,0,0,0,2,0,0,0,0
"COG4110",1,1,1,0,0,0,0,0,0,0,0,2,0,0,1,0,0,1,0,0,0,0,0,0,0,0,0,0,0,0,0,0,0,0,1,0,0,0,0,0,4,0,0,0,1,0,0,22,0,27,0,0,0,0,13,0,0,0,0,0
"COG4112",0,0,0,0,0,0,0,0,0,0,0,0,0,0,0,0,0,0,0,0,3,0,0,0,4,0,2,0,0,0,0,0,0,0,0,0,0,1,0,0,2,0,0,0,0,0,1,0,0,0,0,0,0,0,0,0,0,0,0,0
"COG4114",4,4,0,0,2,0,0,2,1,4,1,0,0,1,0,0,0,3,1,3,5,0,0,0,0,0,0,0,0,2,2,2,0,2,0,0,2,0,0,0,2,0,0,0,1,1,0,2,0,0,0,2,1,0,5,1,0,0,2,0
"COG4115",3,4,0,5,17,0,0,6,3,2,2,8,10,4,4,5,3,6,2,9,3,0,7,8,16,2,6,5,11,0,10,21,19,8,11,23,32,3,14,28,3,7,29,12,3,7,34,4,4,5,4,5,24,16,4,16,6,5,39,10
"COG4116",3,3,1,0,0,0,1,0,0,0,7,0,0,8,1,2,1,1,0,0,0,0,2,1,0,0,0,4,0,0,2,0,0,2,0,0,2,3,0,0,0,0,0,0,1,0,0,1,0,0,0,0,0,3,4,2,0,0,0,10
"COG4117",4,0,0,0,0,0,2,0,1,1,0,0,0,0,0,0,0,0,0,1,9,1,0,0,0,0,0,0,0,1,0,3,0,3,0,2,3,0,0,0,1,0,0,1,0,0,0,0,0,0,0,0,0,0,7,1,0,0,0,0
"COG4120",26,38,24,45,40,42,27,18,19,41,66,17,39,43,24,22,59,58,21,8,14,15,24,43,21,17,31,23,16,8,23,4,8,8,25,13,13,23,5,13,16,5,9,16,5,11,13,4,6,19,7,7,5,9,3,7,14,13,10,14
"COG4121",26,8,1,6,18,18,5,18,16,17,4,13,11,3,13,0,7,10,16,17,25,7,11,7,17,4,12,9,9,9,7,24,14,9,3,9,26,1,11,6,2,15,26,7,8,12,3,3,1,9,5,9,23,15,13,1,18,7,10,6
"COG4122",14,21,42,24,38,29,45,33,27,36,21,30,24,22,32,23,23,16,28,30,17,37,36,23,24,30,30,26,22,14,36,26,26,26,25,25,28,13,27,27,21,31,23,23,24,27,38,19,20,31,42,10,38,28,26,35,36,28,30,39
"COG4123",27,42,34,43,35,23,28,35,29,38,52,29,39,38,25,47,33,22,26,26,21,26,27,31,37,28,28,39,28,17,42,24,42,39,39,25,20,36,24,31,45,18,32,17,24,25,48,35,31,45,23,26,27,35,28,18,31,24,28,38
"COG4124",4,25,85,30,6,28,15,8,19,18,11,24,6,7,42,2,7,12,23,18,3,25,9,26,22,30,28,27,39,63,11,16,12,12,27,10,44,28,18,5,18,60,5,7,26,30,21,54,72,9,38,57,16,14,35,1,1,9,5,47
"COG4125",0,1,0,0,0,0,0,0,0,0,4,0,0,0,0,0,0,0,0,0,0,0,0,0,0,0,0,0,0,0,3,1,0,0,0,0,0,0,0,0,0,0,0,0,0,0,0,0,0,0,0,1,0,0,0,0,0,0,0,0
"COG4126",0,7,1,2,1,0,1,1,0,1,2,2,0,1,0,0,0,3,0,1,1,1,0,1,4,3,0,0,1,0,1,0,1,3,0,0,0,0,0,0,0,1,0,0,0,0,1,1,0,0,2,0,0,2,0,0,1,0,1,0
"COG4127",0,0,1,0,0,0,0,0,0,1,0,1,1,0,1,1,0,2,0,0,3,0,0,0,0,1,1,3,0,0,3,0,0,0,2,0,0,0,0,1,4,0,0,1,0,0,0,0,0,1,1,0,0,0,1,0,1,3,0,0
"COG4128",0,0,0,0,1,0,0,0,1,0,0,0,0,0,0,0,0,0,0,0,0,0,0,0,0,0,0,0,0,0,1,0,0,0,0,0,0,0,0,0,0,0,0,0,0,0,0,0,0,0,0,0,0,0,0,0,0,0,0,0
"COG4129",2,1,4,5,2,0,7,3,3,13,22,3,1,8,6,1,1,3,1,1,3,7,0,13,1,3,4,1,4,5,0,2,2,0,0,1,0,6,2,1,0,0,0,0,0,0,0,0,1,2,7,0,0,2,4,1,2,2,0,0
"COG4130",2,1,0,0,0,0,0,0,0,0,1,0,0,0,0,0,0,3,0,0,0,0,0,0,0,0,0,0,0,0,0,0,0,0,0,0,0,0,0,0,0,0,0,0,0,0,0,0,0,0,0,0,0,0,0,0,0,0,0,0
"COG4132",1,0,1,0,0,0,0,1,0,0,1,0,0,11,2,0,0,0,0,0,10,0,1,0,0,0,3,3,0,0,0,0,1,2,3,0,0,1,0,6,1,1,0,1,1,2,0,0,0,1,0,1,0,1,3,17,0,0,0,0
"COG4133",4,2,1,0,1,0,2,3,1,2,1,0,1,1,1,0,0,1,0,2,8,0,0,0,0,0,0,0,1,0,2,2,0,1,0,0,1,0,0,1,2,0,2,0,1,1,0,0,1,1,0,2,3,0,1,2,1,0,1,0
"COG4134",11,1,1,0,2,1,4,0,3,4,2,0,1,6,0,0,0,7,0,1,10,1,0,1,0,1,0,0,1,3,2,1,0,2,0,1,1,0,1,3,2,0,0,0,0,0,0,1,0,0,2,5,0,3,5,5,0,0,0,0
"COG4135",11,0,0,0,0,0,3,1,1,3,0,0,0,0,0,0,0,3,0,1,12,3,0,0,0,0,0,0,1,0,0,2,0,2,0,1,3,1,0,0,0,0,0,0,0,0,0,0,0,0,0,1,0,0,6,1,1,0,0,0
"COG4136",4,0,0,0,0,0,0,1,0,1,0,0,1,0,0,0,0,2,0,0,5,1,0,0,0,1,0,0,0,0,0,3,1,2,0,0,1,0,0,0,0,0,0,0,0,0,0,0,0,0,0,0,2,0,2,0,0,0,0,0
"COG4137",7,0,4,0,1,1,1,1,1,4,2,0,2,0,1,0,0,1,1,3,11,0,0,0,2,0,0,0,2,2,0,2,1,3,1,1,2,0,1,1,2,0,1,1,1,1,0,1,1,0,1,2,3,0,9,3,0,1,0,0
"COG4138",8,0,0,0,2,0,0,1,2,5,0,0,0,2,0,0,0,1,1,1,8,2,0,0,0,0,0,0,1,0,1,0,1,1,0,0,3,1,0,0,1,0,0,0,0,0,0,0,0,0,0,2,0,0,3,0,0,0,0,0
"COG4139",4,1,0,0,0,0,0,0,5,3,2,0,0,0,1,0,0,0,0,0,6,1,0,0,2,0,0,0,2,2,0,1,0,1,0,0,1,0,0,0,0,0,0,0,0,1,0,0,0,0,1,2,0,0,6,1,0,0,1,0
"COG4143",10,2,2,0,1,1,0,1,4,4,1,3,0,1,1,1,0,3,0,2,10,7,0,0,0,2,1,0,0,1,0,3,1,4,0,0,0,0,0,4,1,1,0,0,0,3,0,1,2,0,1,1,0,0,2,1,0,0,0,0
"COG4145",14,3,6,9,6,1,12,14,7,3,6,2,14,8,4,28,7,9,5,1,10,11,6,1,10,5,5,4,5,7,6,1,4,2,6,12,8,6,3,13,2,3,3,4,5,8,10,6,0,3,5,2,3,5,16,5,3,2,5,3
"COG4146",33,17,36,40,53,29,45,40,18,20,3,36,60,4,54,2,21,21,37,43,12,73,47,30,37,59,54,37,49,74,15,57,47,11,15,53,15,9,83,43,33,50,38,33,41,31,35,56,57,9,34,72,81,36,38,11,57,78,37,48
"COG4147",17,3,0,0,0,0,4,1,1,6,4,0,1,3,1,0,0,2,3,2,13,1,0,0,0,0,0,0,1,1,0,3,0,2,0,0,3,0,1,0,0,0,1,0,1,2,0,3,0,0,0,4,1,0,9,3,0,0,1,0
"COG4148",10,3,1,0,4,1,1,3,4,4,0,1,2,0,1,0,2,5,2,0,10,1,0,0,3,1,0,0,3,4,1,0,0,1,0,1,1,2,1,0,1,1,0,0,1,1,0,1,1,0,0,3,2,0,4,2,1,0,1,0
"COG4149",22,3,6,3,10,12,6,2,7,14,13,3,8,17,8,23,14,11,11,4,13,3,7,7,6,3,12,15,11,4,13,6,6,10,32,7,9,3,7,8,6,3,2,11,5,7,6,2,7,5,2,8,3,5,10,7,8,9,4,6
"COG4150",0,1,0,0,0,0,1,0,1,2,0,0,0,0,0,0,0,1,0,0,2,0,0,0,0,0,0,0,0,0,0,2,0,3,0,1,1,0,0,0,2,0,0,0,2,0,0,0,0,0,1,0,0,1,4,0,0,0,0,0
"COG4152",8,16,10,14,5,5,11,3,9,10,9,20,6,2,5,0,0,4,14,4,15,0,4,11,8,13,15,25,14,1,6,5,1,17,5,6,4,3,3,10,15,12,12,6,15,1,16,3,3,9,5,4,6,6,0,5,6,4,3,3
"COG4154",5,9,0,3,2,3,3,2,2,3,6,3,1,9,3,12,0,10,4,0,0,5,0,6,4,4,0,4,1,1,4,2,4,5,5,1,3,3,1,2,5,2,1,3,2,1,7,3,3,5,1,0,0,4,1,5,2,4,4,4
"COG4158",11,12,3,8,6,2,5,2,1,10,20,0,2,5,4,8,3,1,2,1,0,3,2,9,1,6,7,0,5,1,3,4,4,1,23,4,2,1,1,2,2,1,0,2,4,10,5,0,1,2,17,7,4,2,2,7,2,2,1,4
"COG4160",16,1,2,0,2,1,1,0,1,3,3,0,2,0,1,0,1,1,0,4,11,6,0,0,0,0,0,0,2,2,1,0,0,3,0,0,2,0,0,0,0,3,0,0,0,4,0,0,2,0,0,3,0,0,7,2,0,0,1,1
"COG4161",16,0,3,0,2,0,0,0,2,2,2,0,0,0,1,0,0,0,0,1,5,1,0,0,0,1,0,0,0,0,0,1,0,1,1,0,2,0,0,0,0,0,0,0,1,1,0,2,0,0,0,1,0,0,3,1,0,0,0,0
"COG4166",120,50,40,48,104,50,35,26,46,68,226,28,62,191,26,158,156,112,34,15,140,45,49,41,40,28,58,57,47,17,83,8,24,66,50,54,32,94,12,23,61,4,49,45,34,36,25,11,30,52,23,25,5,53,72,256,10,43,54,32
"COG4167",6,0,1,0,0,0,1,0,0,1,1,0,0,0,0,0,0,1,0,0,4,0,0,0,0,0,0,0,0,1,0,3,0,2,0,0,2,1,0,0,0,0,0,1,0,1,0,0,1,0,0,1,1,0,12,1,1,0,0,0
"COG4168",9,0,0,0,3,0,0,0,1,4,2,0,1,0,0,0,0,1,2,0,11,0,1,0,0,0,0,0,0,0,0,1,0,0,0,0,0,1,0,0,0,0,0,1,0,1,0,2,0,1,0,0,0,0,6,3,0,0,0,0
"COG4170",5,1,1,0,1,1,1,1,2,2,2,0,0,0,0,0,0,2,1,0,4,0,0,0,0,2,0,0,0,0,0,3,1,1,0,0,0,0,1,1,0,0,0,1,0,0,0,0,0,0,0,2,0,0,8,2,0,0,1,0
"COG4171",5,1,1,0,0,0,2,0,0,0,2,0,1,0,1,0,0,2,1,1,5,0,0,0,1,0,0,0,0,2,0,0,1,0,0,0,1,1,0,0,0,0,0,0,0,0,0,0,0,1,0,0,0,0,4,0,0,0,0,0
"COG4172",15,4,3,5,2,3,1,4,3,2,8,2,3,10,3,8,4,0,4,6,15,5,2,5,5,0,3,2,4,0,13,1,3,3,3,1,4,2,5,6,5,1,2,6,0,4,0,3,3,3,0,5,0,2,8,30,2,0,1,3
"COG4174",4,3,0,3,0,1,2,1,0,2,2,0,0,0,0,0,1,1,0,1,19,3,0,0,1,1,0,0,0,1,0,1,0,7,0,0,2,1,0,0,0,0,0,1,0,1,0,1,0,0,0,0,0,0,3,1,0,0,0,0
"COG4175",9,5,2,7,26,7,5,19,30,4,1,20,21,2,26,0,6,13,9,41,19,32,11,7,17,1,13,2,14,8,8,30,23,12,12,32,15,4,31,21,11,20,23,16,19,34,17,3,0,4,16,14,30,9,9,4,33,20,13,26
"COG4176",4,1,1,4,27,3,3,14,27,10,1,22,11,0,18,0,15,13,6,27,9,24,9,5,20,1,13,2,7,14,6,27,20,11,6,16,12,4,34,12,4,9,20,11,17,26,7,2,0,4,13,8,22,3,2,4,21,13,14,18
"COG4177",25,33,17,26,11,17,19,24,17,20,44,25,17,33,10,54,50,41,19,9,20,26,10,29,19,40,22,22,13,8,8,8,16,37,36,18,12,63,13,18,30,2,19,18,16,26,22,8,9,17,19,24,2,16,26,41,24,18,29,7
"COG4178",6,4,5,3,2,2,3,14,7,4,2,0,0,0,2,39,0,6,8,3,14,7,3,3,2,16,0,3,5,7,3,0,2,3,10,2,4,0,11,6,2,5,6,2,3,2,10,1,3,5,0,8,2,1,10,4,2,16,4,0
"COG4181",6,0,0,0,0,3,0,2,0,5,1,0,0,5,1,22,1,2,0,1,9,2,1,1,0,2,0,3,1,4,0,3,1,1,3,0,2,2,1,0,1,0,1,0,0,1,0,0,0,0,2,1,0,0,13,19,0,0,1,0
"COG4185",4,9,28,9,19,3,25,14,10,2,17,4,14,0,3,1,4,3,6,7,5,13,9,6,12,0,12,3,30,28,4,6,3,8,5,13,1,9,22,13,18,29,5,3,3,2,19,26,54,32,11,27,19,13,10,0,14,11,22,18
"COG4186",8,5,4,9,2,8,6,6,3,3,7,13,7,10,2,7,2,17,8,9,11,2,15,35,10,11,13,4,4,3,2,3,0,4,2,2,4,4,1,3,2,5,0,2,2,1,3,1,0,3,1,3,7,3,1,14,4,2,7,6
"COG4187",2,5,0,3,4,1,4,2,1,0,13,0,1,1,0,5,2,8,1,0,3,2,0,0,2,17,3,3,1,1,2,4,1,0,1,1,1,6,1,1,4,0,1,2,2,1,4,0,0,1,0,9,4,3,0,0,6,0,3,0
"COG4188",0,0,0,0,0,0,0,0,0,0,0,1,0,0,0,0,1,0,0,0,0,0,0,0,0,0,0,0,0,0,0,0,0,2,0,0,0,0,0,0,1,0,1,0,0,1,0,0,0,0,0,0,0,0,0,0,0,1,0,0
"COG4189",6,0,6,0,1,7,4,7,6,3,25,4,1,6,0,33,3,0,1,1,1,4,1,4,2,0,3,2,2,0,14,4,3,2,19,4,4,1,6,3,2,1,3,2,5,5,6,0,5,4,2,1,1,8,1,0,1,16,2,14
"COG4191",1,2,14,5,7,26,1,6,7,1,4,0,9,0,5,0,3,3,2,8,0,0,3,9,13,0,1,0,2,1,1,16,12,3,0,14,7,5,4,4,11,1,14,2,4,11,0,17,1,2,1,2,11,6,2,1,14,11,6,1
"COG4192",1,0,0,0,0,0,1,0,0,0,0,0,0,0,0,0,0,1,1,0,0,0,0,0,0,0,0,0,0,0,0,0,0,0,0,0,0,0,0,0,0,0,0,0,0,0,0,0,0,0,0,1,0,0,0,0,0,0,0,0
"COG4193",12,42,22,27,1,8,29,1,0,10,9,2,6,10,1,4,5,5,2,2,9,0,17,15,4,4,19,3,9,1,17,0,10,31,18,4,3,2,8,7,9,2,7,14,15,11,20,0,3,16,23,7,0,14,1,0,3,4,0,21
"COG4194",0,0,1,0,0,0,0,0,0,0,0,0,0,1,0,0,0,0,0,0,5,0,0,0,0,0,0,2,0,0,0,0,0,1,1,0,0,0,0,0,0,0,0,0,0,0,0,0,0,0,0,0,1,0,0,0,0,0,0,0
"COG4197",0,0,0,1,0,0,0,0,0,2,0,0,0,0,0,0,0,0,0,0,0,1,0,0,0,0,0,0,0,0,0,0,0,0,0,1,0,0,0,0,0,0,0,0,0,0,0,0,0,1,0,0,0,0,0,0,0,0,0,0
"COG4198",17,36,39,32,38,49,49,34,36,33,12,49,30,12,31,11,32,32,38,39,21,23,39,38,34,26,36,43,34,34,9,26,13,11,15,18,17,11,23,22,22,24,16,19,21,19,11,30,33,20,13,14,21,15,12,1,24,13,8,15
"COG4199",0,0,0,0,0,0,0,0,0,0,10,1,1,0,0,1,0,0,0,0,0,0,0,0,0,1,0,0,0,0,4,0,6,0,0,0,0,0,0,0,0,0,0,0,0,0,1,0,2,1,0,0,0,0,0,0,0,0,0,0
"COG4200",3,3,4,4,0,2,1,0,3,3,5,3,0,1,0,4,13,0,1,0,0,0,0,0,0,1,5,3,0,0,10,3,0,0,0,3,3,4,2,2,3,2,6,1,0,3,1,0,3,3,1,1,0,1,0,2,2,3,0,2
"COG4206",84,77,168,151,173,162,187,182,203,96,11,271,228,13,270,89,117,105,229,283,87,218,208,143,291,164,187,212,209,262,60,293,222,122,75,196,146,74,191,225,128,263,273,210,165,137,147,328,222,125,203,281,230,148,152,20,192,183,262,124
"COG4208",12,2,9,5,2,11,5,2,6,14,13,4,1,10,0,2,3,1,1,1,9,0,3,4,0,7,7,10,2,0,11,0,6,9,18,4,7,2,4,2,5,0,5,9,14,4,4,0,9,1,2,2,2,5,3,3,2,6,0,11
"COG4209",45,61,46,104,39,48,35,21,38,57,50,81,21,133,12,23,47,15,25,17,25,6,31,105,36,11,26,43,43,8,105,7,33,111,95,39,30,69,31,32,30,5,31,23,39,50,38,8,30,80,107,18,9,31,15,9,27,45,29,56
"COG4211",24,28,20,26,19,16,19,12,9,27,15,4,18,14,5,7,19,4,2,4,13,9,19,27,11,9,12,13,12,0,28,6,7,22,17,16,15,33,8,15,15,2,14,11,13,13,36,1,9,21,10,11,0,12,14,5,3,19,16,18
"COG4213",7,7,1,4,3,1,1,2,5,2,10,3,2,7,1,11,6,7,1,4,14,8,1,8,2,22,1,1,3,0,7,9,9,2,10,2,10,4,2,8,6,0,1,10,6,3,9,2,0,4,18,16,3,3,5,31,4,1,3,7
"COG4214",25,6,5,2,4,2,2,3,7,5,22,1,5,18,4,9,5,3,4,1,18,9,2,8,2,14,1,3,3,0,2,4,3,3,3,1,3,0,0,0,3,0,1,7,0,5,2,4,1,4,9,10,0,2,14,25,2,0,4,2
"COG4215",7,0,0,0,0,0,4,0,0,6,2,0,0,2,0,0,0,1,1,1,6,0,0,0,0,0,0,0,1,0,0,0,0,4,1,0,2,0,0,0,0,1,0,0,0,2,0,0,1,0,2,0,0,0,8,2,0,0,0,0
"COG4219",36,61,39,61,22,59,48,12,22,47,45,27,12,46,11,25,32,16,18,17,19,14,24,88,29,27,35,16,26,2,78,10,16,43,53,37,42,100,18,19,48,7,10,30,30,63,55,7,12,40,128,13,7,48,8,18,18,11,7,45
"COG4220",5,0,0,0,0,0,0,2,0,1,1,0,1,0,0,0,0,0,0,3,29,0,0,0,0,0,0,0,0,0,0,1,0,4,0,0,2,0,0,0,1,0,1,0,0,0,0,1,0,0,0,0,0,0,2,2,1,0,0,0
"COG4221",5,13,6,5,7,5,11,8,13,5,3,12,16,5,18,4,3,0,13,18,11,12,9,1,8,14,6,6,10,11,9,27,21,7,11,10,16,14,28,17,19,21,16,21,17,21,19,29,21,15,19,21,30,13,26,15,27,25,26,11
"COG4222",1,0,24,10,2,0,9,6,0,4,0,0,2,1,0,0,1,0,1,0,0,0,0,2,0,10,0,11,6,19,0,0,0,0,7,0,0,0,0,5,6,20,0,0,0,0,4,25,20,0,0,10,0,0,18,0,2,6,0,0
"COG4224",2,0,1,3,1,3,3,1,1,6,4,0,3,6,0,3,6,1,1,0,0,2,4,2,4,4,1,1,2,0,4,0,3,6,5,2,2,5,3,2,3,2,2,6,6,10,6,1,0,1,2,1,0,3,4,4,3,2,0,13
"COG4225",52,31,106,69,188,108,61,141,88,102,19,96,159,19,211,11,99,98,114,226,26,167,188,85,110,39,105,88,90,79,68,133,153,63,63,156,127,46,243,116,75,79,141,122,144,108,87,53,25,50,194,117,284,121,3,24,189,125,198,132
"COG4226",5,7,1,10,0,3,1,1,2,3,1,1,2,3,1,1,4,0,1,6,5,2,6,6,1,3,3,0,6,1,7,3,2,3,1,2,0,0,1,1,1,9,0,2,5,7,4,17,15,1,10,10,0,0,0,3,1,1,5,3
"COG4227",14,6,50,26,45,1,10,32,35,14,13,44,38,6,8,16,34,14,53,31,16,15,24,16,34,198,29,15,24,10,2,15,2,21,6,41,47,39,9,37,9,68,20,20,34,2,50,77,0,12,29,125,44,10,300,0,20,24,22,23
"COG4228",0,0,0,0,0,0,0,0,0,0,0,0,0,0,0,0,0,0,1,0,0,0,0,0,0,0,0,0,0,0,0,1,0,0,0,0,0,0,0,0,0,0,0,0,3,0,0,0,0,0,0,7,0,0,0,0,0,0,0,0
"COG4229",0,0,0,0,0,0,0,1,0,0,2,0,0,2,0,0,0,1,0,0,0,0,0,0,0,0,0,0,0,0,0,0,0,0,0,0,0,0,0,0,0,0,0,0,0,0,0,0,0,0,0,0,0,0,0,0,0,0,0,0
"COG4230",15,5,3,0,1,1,3,1,3,3,4,0,2,2,3,0,1,6,0,6,23,1,0,0,0,0,1,0,0,2,1,2,1,4,0,0,2,0,0,0,2,0,0,0,0,1,0,0,0,2,0,2,1,1,21,2,0,0,0,0
"COG4231",11,27,17,33,42,39,35,44,40,24,8,37,70,12,52,7,24,52,44,52,15,33,59,39,57,23,43,42,27,28,27,54,55,47,31,36,23,60,45,42,56,19,54,43,53,42,31,2,11,21,25,34,44,23,3,5,40,34,53,46
"COG4232",33,19,25,22,24,17,38,39,31,23,3,50,44,4,34,3,21,28,38,33,47,29,40,17,30,57,36,36,55,40,19,43,14,21,5,22,34,12,27,31,39,67,29,30,34,29,14,58,43,53,28,43,33,32,41,8,21,14,28,25
"COG4233",1,0,1,2,3,3,0,5,1,2,1,0,1,0,0,0,3,4,2,0,0,0,0,0,2,3,1,0,3,2,0,2,0,0,0,0,0,0,0,0,4,2,0,0,1,0,0,0,0,0,0,1,5,0,0,0,2,1,2,0
"COG4235",19,4,0,2,6,5,2,5,4,11,2,0,0,3,1,0,4,1,2,0,16,4,1,2,2,0,3,1,4,3,1,2,2,1,0,0,5,1,2,3,3,1,2,1,4,0,1,1,1,0,2,2,3,0,10,3,0,2,3,0
"COG4237",2,2,2,2,2,0,0,3,2,2,0,2,1,0,1,0,4,0,4,2,8,0,0,1,5,0,1,0,0,0,0,0,3,2,0,2,2,2,0,1,1,1,1,1,2,0,3,1,0,0,0,1,0,2,2,0,4,0,1,0
"COG4238",1,0,0,0,0,0,1,0,1,2,0,0,0,0,1,0,0,0,0,1,2,1,0,0,0,1,0,0,1,0,0,1,0,2,0,0,1,0,0,0,0,0,0,1,0,1,0,0,0,0,0,0,0,0,3,1,0,0,0,0
"COG4239",10,0,0,1,0,0,0,1,2,2,0,0,1,1,1,0,0,1,1,0,12,2,0,0,0,0,1,0,0,2,0,0,0,2,0,0,2,2,0,0,1,0,0,0,0,0,0,1,0,0,0,0,1,0,8,3,0,0,0,0
"COG4241",1,4,4,1,4,0,2,0,2,0,0,2,2,0,2,9,3,3,1,0,0,4,0,0,6,2,0,3,0,0,1,2,1,0,2,0,0,2,3,1,11,2,3,0,0,0,5,2,1,1,0,0,0,1,2,0,5,3,0,0
"COG4242",0,0,0,0,0,0,0,0,2,0,0,0,0,1,0,0,0,0,0,0,0,0,0,0,0,0,0,0,0,0,0,0,1,0,1,0,0,2,0,0,0,0,0,0,0,0,0,0,0,0,0,0,0,0,0,0,0,0,0,0
"COG4243",0,0,0,0,0,0,0,0,0,0,0,0,0,6,0,8,0,1,3,0,3,1,0,0,0,0,0,3,0,0,0,0,0,0,0,0,0,0,0,0,0,0,0,1,0,0,0,0,0,0,0,1,0,0,3,17,0,1,0,0
"COG4245",4,6,16,0,0,2,0,4,1,1,0,4,0,1,16,0,0,4,0,6,15,0,0,1,0,0,1,0,0,0,0,1,0,2,0,1,1,0,0,0,23,0,1,0,2,0,1,74,14,38,0,1,0,0,46,2,1,2,1,0
"COG4248",18,0,0,0,0,0,1,1,2,4,1,1,0,0,0,0,0,0,2,1,26,0,4,1,0,1,1,0,0,2,0,3,0,7,0,0,2,1,0,0,1,0,0,0,0,2,0,1,0,2,3,1,1,0,8,1,1,0,0,0
"COG4249",0,3,19,4,0,2,12,9,8,2,0,6,2,2,1,0,3,1,5,9,0,0,32,10,12,37,1,10,18,1,4,4,5,3,1,2,22,12,4,1,6,1,0,14,0,1,10,28,12,49,31,4,0,3,2,0,7,1,6,0
"COG4251",0,0,0,0,0,0,0,0,0,1,0,0,0,0,0,0,0,0,0,0,0,0,0,0,0,0,0,0,0,0,0,0,0,0,0,0,1,0,0,0,0,0,0,0,1,2,4,0,0,0,0,0,0,0,0,0,0,0,0,0
"COG4252",0,0,0,0,0,0,1,0,0,1,0,2,0,0,0,0,0,0,0,0,0,3,0,8,0,2,0,0,0,0,0,0,0,0,1,0,0,12,0,0,0,0,0,0,0,0,0,0,0,2,0,0,0,0,0,0,0,0,0,0
"COG4253",1,4,0,0,0,0,0,1,0,0,1,0,0,1,0,0,0,3,0,0,0,0,0,0,0,1,0,0,0,0,0,3,0,1,0,0,0,0,1,0,0,0,0,0,0,0,0,0,0,0,0,1,0,0,0,0,0,0,0,0
"COG4256",1,0,0,0,0,0,1,0,0,0,2,0,0,0,0,0,0,0,0,0,1,0,0,0,0,0,0,0,0,0,0,0,0,3,0,0,0,0,0,0,0,0,0,0,0,0,0,0,0,1,0,0,0,0,0,1,0,0,0,0
"COG4258",0,0,1,0,1,2,0,9,1,0,1,0,2,6,0,0,1,0,7,0,0,0,0,0,0,28,5,1,0,1,0,0,0,1,0,0,0,1,0,1,2,1,0,0,2,0,0,30,0,0,1,1,0,0,0,0,4,1,0,0
"COG4260",18,49,14,18,8,23,20,11,9,26,15,5,13,27,9,11,23,33,12,7,5,6,11,39,18,44,25,27,18,2,15,0,11,18,11,6,4,26,5,5,10,1,4,4,12,8,9,12,4,13,11,2,3,12,8,12,7,4,0,8
"COG4261",1,1,1,0,11,2,2,12,6,2,5,3,17,2,12,0,7,5,10,6,2,17,7,3,7,14,15,1,3,10,11,8,9,6,4,11,5,0,19,10,3,3,10,8,14,9,10,6,5,0,9,7,11,2,0,1,12,15,14,18
"COG4262",0,0,0,0,0,0,0,0,0,1,0,1,0,0,0,0,0,1,0,0,0,9,0,0,0,0,0,0,0,0,0,0,0,0,0,0,0,0,0,0,0,0,0,0,0,0,0,0,0,0,0,0,0,0,0,0,1,0,0,0
"COG4263",0,0,0,0,0,0,2,3,0,0,0,0,0,2,0,0,0,0,0,0,0,1,0,0,0,0,0,1,0,0,0,2,0,0,0,0,0,0,0,0,1,0,0,0,0,0,1,0,0,0,0,0,5,0,0,0,0,0,0,0
"COG4264",22,3,0,0,2,0,0,0,1,4,0,0,1,1,0,0,0,6,3,4,51,8,0,0,1,0,0,0,2,0,0,4,0,5,0,1,0,1,0,0,0,0,0,0,0,1,0,2,0,1,0,0,0,0,0,4,0,0,0,0
"COG4267",10,4,2,1,3,4,4,3,5,7,6,2,1,22,0,30,22,6,0,0,7,18,10,3,4,1,2,6,5,0,8,1,0,1,5,5,7,3,1,4,2,0,3,9,1,5,1,0,3,7,2,2,5,10,11,24,9,4,2,13
"COG4268",14,15,16,25,2,4,4,1,2,21,14,5,2,9,2,22,4,7,13,17,11,0,17,17,2,91,4,7,6,4,8,3,2,10,5,8,1,9,6,8,7,25,4,20,18,5,13,33,12,41,8,26,3,4,21,9,0,4,8,7
"COG4269",18,0,0,0,0,0,1,0,4,5,0,0,1,0,2,0,2,0,0,3,19,5,0,0,0,0,0,0,1,1,4,2,1,3,0,0,6,0,0,0,0,1,0,2,0,1,0,0,0,0,2,0,1,0,7,4,0,0,1,0
"COG4271",1,8,0,2,0,1,1,1,3,3,0,4,0,11,0,0,1,1,5,0,2,0,0,6,2,3,2,2,2,1,1,0,0,10,2,2,1,4,4,1,12,3,4,8,2,1,4,2,41,1,9,51,2,1,0,1,0,0,0,2
"COG4275",0,0,0,0,0,0,0,0,0,0,0,0,0,0,0,0,0,0,0,0,0,0,0,0,0,0,0,0,0,0,0,0,0,0,0,0,0,0,0,0,0,0,0,0,0,0,0,0,0,0,0,0,0,0,0,0,0,0,0,0
"COG4277",24,24,28,33,42,43,27,37,46,47,12,39,38,23,28,18,53,27,29,27,15,23,39,38,40,22,40,36,35,5,32,25,48,20,42,41,35,22,34,31,35,20,37,26,37,33,23,2,7,25,22,24,27,53,2,10,36,30,34,33
"COG4279",1,0,0,0,0,6,0,1,2,0,0,0,2,0,0,0,0,1,2,1,2,0,0,0,2,4,12,0,2,8,1,0,0,0,0,1,2,1,0,2,1,3,2,0,3,0,0,0,0,0,0,0,0,0,3,0,2,1,1,0
"COG4282",0,0,0,0,0,0,0,0,0,0,0,0,0,0,0,0,0,0,0,0,0,0,0,0,0,0,0,0,0,0,0,0,0,0,0,0,0,0,0,0,0,0,0,0,0,0,0,0,0,0,0,0,0,1,0,0,4,0,1,0
"COG4283",6,13,3,8,2,3,3,3,8,8,11,7,2,13,0,1,11,14,2,7,11,0,7,5,3,0,2,11,3,1,10,0,5,6,18,7,4,4,3,3,5,0,4,3,11,4,3,2,12,13,0,0,0,11,1,4,1,6,0,4
"COG4284",10,40,12,12,0,9,24,4,3,26,4,0,1,11,3,20,2,4,2,2,17,0,14,16,5,3,5,7,2,0,41,0,5,33,21,11,6,8,3,6,17,4,7,2,9,14,10,0,4,18,10,3,1,14,9,56,2,15,1,18
"COG4286",11,4,6,6,9,17,5,2,5,14,3,1,9,22,2,8,12,7,3,1,0,0,4,8,0,11,7,5,4,1,27,0,1,3,8,12,4,1,4,7,3,1,6,1,7,5,5,1,12,14,0,11,1,7,5,0,1,7,0,6
"COG4287",0,0,0,0,0,0,0,0,0,0,0,0,0,0,0,0,0,0,0,0,2,0,0,0,0,0,0,0,0,0,0,0,0,0,0,0,0,0,0,0,0,0,0,0,0,0,0,0,0,0,0,0,0,0,0,0,0,0,0,0
"COG4288",0,0,0,0,0,0,0,0,1,0,0,0,2,0,0,1,0,0,0,0,0,0,0,0,0,1,0,0,0,0,0,0,1,0,0,0,0,1,0,0,1,0,1,0,0,0,0,0,0,0,0,0,0,0,0,2,1,0,0,1
"COG4289",29,17,36,38,31,24,25,29,23,27,1,38,54,4,79,5,39,29,16,90,5,72,56,34,30,23,61,16,31,22,18,58,53,32,10,39,42,17,79,29,21,24,31,35,82,25,16,44,6,23,50,47,61,22,1,5,45,66,56,30
"COG4290",0,0,0,0,1,2,0,0,0,1,0,0,1,0,0,0,0,0,0,0,0,0,0,0,0,0,0,1,0,0,0,0,0,0,0,0,0,0,0,0,0,0,0,0,0,0,0,0,0,0,0,0,0,0,0,0,0,0,0,0
"COG4292",0,1,2,0,0,0,0,0,0,1,18,3,0,0,1,0,2,1,6,0,0,1,0,0,2,0,1,0,0,0,0,4,2,1,0,0,2,0,5,0,0,0,2,7,1,0,1,0,0,0,0,0,5,1,0,1,4,4,0,10
"COG4294",0,2,0,0,0,0,1,0,1,0,0,0,0,2,0,0,0,0,0,0,0,0,0,0,0,0,0,0,0,0,0,0,1,3,0,0,0,0,1,0,1,0,0,0,0,1,0,0,0,4,0,1,0,0,0,0,0,0,0,0
"COG4295",7,0,4,8,0,1,5,1,6,6,12,2,1,13,0,0,0,5,2,1,3,1,1,13,2,6,2,4,7,0,6,0,2,0,6,1,2,1,10,4,5,12,0,6,3,1,2,0,9,4,4,0,0,2,1,0,3,3,2,5
"COG4296",3,2,4,1,7,6,7,1,4,0,1,0,1,3,2,4,16,4,1,1,1,1,4,9,3,0,2,1,1,1,4,0,3,0,0,0,0,0,1,2,1,0,2,3,4,2,1,1,1,1,0,0,2,2,1,1,0,1,2,0
"COG4299",17,11,7,10,56,41,38,34,49,16,0,49,50,3,60,0,22,29,28,64,17,57,55,27,52,21,40,23,28,26,17,63,64,17,12,36,27,9,78,34,21,32,82,33,49,64,33,33,4,29,32,23,59,44,11,3,56,50,74,32
"COG4300",0,0,1,0,1,0,0,0,0,0,19,2,0,1,0,0,0,0,0,0,2,3,0,0,0,1,0,0,0,0,1,0,0,0,0,0,2,0,0,0,0,0,0,0,0,0,0,0,1,1,0,0,0,0,0,0,0,0,0,0
"COG4302",1,4,0,1,0,1,1,2,0,0,0,1,0,0,0,0,3,3,0,1,2,0,0,0,1,0,0,0,1,0,0,1,1,0,4,0,1,8,1,2,0,2,2,5,0,5,0,0,0,1,2,1,1,1,6,4,2,0,0,0
"COG4303",16,4,0,6,0,1,2,2,4,4,1,0,5,1,1,0,7,21,2,6,11,3,1,2,4,4,1,1,3,2,0,2,0,5,0,1,2,7,0,1,1,0,0,3,1,3,2,1,0,0,3,0,0,1,6,0,3,2,1,0
"COG4310",0,0,0,0,1,0,1,0,0,0,0,0,0,0,0,0,0,0,0,0,0,0,0,0,2,0,2,0,0,0,0,0,0,0,0,0,0,0,0,5,0,0,0,0,2,0,0,0,0,7,0,5,0,0,0,5,0,0,0,0
"COG4314",0,0,0,0,0,0,1,1,2,1,0,0,0,3,1,0,1,0,1,0,0,0,0,0,0,0,1,0,0,2,0,0,0,0,0,0,0,0,0,2,0,0,2,0,1,0,0,0,0,0,0,0,0,0,0,0,0,0,1,0
"COG4316",0,0,0,0,0,0,0,0,0,0,1,0,0,0,0,0,0,0,0,0,0,0,0,0,0,0,0,0,0,0,0,0,0,0,0,0,0,0,0,0,0,0,0,0,0,0,0,0,0,0,0,0,0,0,0,0,0,0,0,0
"COG4319",0,1,0,0,0,0,0,0,0,0,0,0,0,0,0,0,0,0,0,0,0,0,0,1,0,1,0,0,0,0,0,0,0,0,0,0,0,0,0,0,0,0,0,0,0,0,0,0,0,0,0,0,0,0,0,0,0,0,0,0
"COG4320",0,0,0,0,0,0,0,0,1,0,1,0,0,10,0,0,0,0,1,0,5,0,0,0,0,0,0,3,0,0,2,0,0,0,0,0,0,1,0,0,0,0,1,0,1,0,0,0,0,0,0,0,0,0,1,21,0,0,0,1
"COG4325",2,0,0,0,0,0,1,0,0,1,1,0,0,0,0,0,0,0,0,1,0,0,0,0,1,0,0,0,0,1,0,0,0,0,0,0,1,0,0,0,0,0,0,0,0,0,0,0,0,0,0,1,0,0,0,0,0,0,2,0
"COG4330",0,0,0,0,0,0,0,0,0,0,4,1,0,1,0,0,0,0,0,0,0,0,0,0,0,0,0,0,0,0,0,0,0,0,0,0,0,0,0,0,0,0,0,0,0,0,0,0,0,0,0,0,0,0,0,0,0,0,0,1
"COG4332",0,1,0,0,2,0,0,0,0,0,2,4,0,0,1,0,2,0,0,3,1,15,9,2,2,1,1,0,0,0,1,3,3,0,2,0,1,0,2,1,0,0,0,3,3,2,0,0,0,0,10,1,8,2,0,0,1,3,0,7
"COG4333",2,3,3,5,13,2,3,0,1,1,2,4,3,2,3,4,17,2,3,0,0,12,2,5,2,1,3,1,2,0,1,7,0,2,0,3,0,4,1,1,0,0,4,5,1,1,2,0,2,3,3,5,2,2,0,0,0,4,1,0
"COG4335",1,0,1,2,1,0,0,0,0,0,0,5,1,1,8,0,0,3,3,5,0,22,2,1,0,0,4,0,0,0,2,4,1,0,1,3,3,0,1,0,0,0,1,2,4,0,0,0,0,0,12,0,14,2,0,0,1,1,1,10
"COG4336",2,2,2,1,0,1,1,0,1,0,0,1,0,1,0,0,0,8,0,1,3,0,1,1,3,1,0,4,0,0,2,0,0,3,0,3,7,6,0,2,3,1,0,8,1,0,2,0,0,0,1,0,1,1,1,13,0,2,1,1
"COG4354",11,14,6,28,10,18,25,6,30,16,4,9,22,0,42,1,20,8,8,40,5,4,11,30,39,3,28,5,31,8,5,25,80,9,7,19,6,3,6,53,14,11,36,19,6,55,7,2,4,13,98,3,41,72,0,9,24,27,36,18
"COG4357",0,0,0,0,0,0,0,0,0,0,3,0,1,0,0,0,1,0,0,0,0,0,0,0,0,0,0,0,0,0,1,0,0,0,0,0,0,0,1,0,0,0,0,0,0,0,0,0,0,0,1,0,0,0,0,0,0,0,0,2
"COG4359",0,0,0,2,0,0,0,0,0,0,0,0,1,0,0,0,0,0,0,0,0,0,0,0,1,0,0,0,0,0,0,0,0,0,0,0,0,0,1,0,2,0,0,0,0,0,0,0,0,0,0,0,0,0,0,0,0,0,0,0
"COG4372",0,1,1,0,1,1,4,1,0,0,3,0,0,0,0,40,1,9,1,1,0,0,0,0,0,5,2,10,0,1,5,5,3,0,1,0,0,4,3,1,3,2,0,0,1,0,7,2,0,0,0,2,0,1,5,0,1,4,2,0
"COG4373",0,0,0,0,0,0,0,5,0,0,0,0,0,0,0,0,0,0,0,0,0,0,0,0,2,0,1,0,0,0,0,0,0,0,0,0,0,0,0,1,0,0,1,0,0,0,0,0,0,0,0,0,0,0,0,0,1,0,0,0
"COG4377",5,1,9,12,1,4,3,3,10,14,5,2,5,9,4,0,3,4,0,0,0,2,6,9,0,1,9,9,0,1,3,1,6,4,12,4,4,4,7,3,6,0,5,3,8,2,7,0,3,8,23,1,0,3,1,3,1,2,2,2
"COG4379",9,0,1,0,2,0,1,0,1,0,0,0,2,0,0,0,0,0,0,0,0,0,0,0,0,0,1,0,2,0,0,1,0,2,0,0,1,2,0,0,0,0,1,0,1,0,0,0,0,0,0,4,0,0,0,0,1,2,0,0
"COG4380",0,0,0,0,0,0,0,0,0,0,0,1,0,0,0,0,0,0,0,0,0,0,0,0,0,1,0,9,0,0,0,0,0,0,0,0,0,0,0,0,0,0,0,1,0,0,1,0,0,0,0,0,0,0,0,0,0,0,0,0
"COG4381",3,0,0,0,0,0,0,0,0,0,0,0,0,0,0,0,0,0,3,0,0,0,0,0,0,0,0,0,0,0,0,3,0,0,0,0,0,0,0,0,0,1,0,0,0,0,0,0,0,0,0,0,0,0,0,0,0,1,0,0
"COG4382",0,0,0,0,0,0,0,2,0,0,0,0,0,0,0,0,0,1,0,0,0,0,0,0,0,0,1,0,0,0,0,0,0,0,0,0,0,0,0,0,0,0,0,0,0,0,0,0,0,0,0,0,0,0,0,0,0,0,0,0
"COG4383",4,0,1,1,0,0,0,7,3,1,1,11,2,0,7,0,0,2,10,7,0,1,0,3,3,1,0,1,2,1,3,5,23,5,0,5,1,4,1,4,1,4,10,6,4,1,7,1,2,1,21,41,7,9,0,0,1,2,5,2
"COG4384",4,0,0,0,0,0,0,0,1,0,0,1,0,0,0,0,0,0,0,1,0,0,0,0,0,0,0,0,0,0,0,1,0,0,0,0,0,3,0,0,0,0,0,0,2,0,0,0,0,0,0,1,0,0,0,0,0,0,0,0
"COG4385",0,7,5,0,0,1,2,1,0,9,1,1,2,0,0,0,19,0,4,0,29,3,1,2,2,3,3,0,4,3,0,1,0,3,0,1,3,32,0,1,1,0,0,0,1,5,0,1,0,2,0,0,0,2,5,2,2,2,1,0
"COG4386",0,0,0,0,1,1,1,0,0,0,0,0,0,0,0,0,0,0,1,0,0,0,0,1,0,0,1,2,2,3,0,2,0,0,0,2,0,0,0,0,0,0,1,3,2,1,1,0,0,0,0,11,0,0,0,0,0,2,0,0
"COG4387",0,0,0,0,0,0,0,2,0,0,0,0,1,0,0,1,0,0,0,0,0,0,0,0,0,0,0,0,2,0,0,0,0,0,0,0,0,0,0,0,0,0,0,0,0,0,1,0,0,0,0,0,0,0,0,0,0,0,0,0
"COG4388",0,4,0,0,0,1,0,2,0,6,0,1,0,0,0,1,0,0,0,0,0,0,0,0,0,0,2,0,3,0,2,0,1,0,0,0,1,1,0,3,1,1,0,2,2,1,2,0,1,0,0,1,0,3,0,1,0,1,0,0
"COG4389",0,0,2,0,0,0,0,0,0,0,1,0,0,0,0,0,0,0,0,0,0,0,0,0,0,0,0,0,1,0,1,0,0,0,1,0,0,0,1,0,0,0,0,0,0,0,0,0,0,1,0,0,0,0,0,0,0,0,0,0
"COG4390",0,0,0,0,1,0,0,0,0,0,0,0,0,0,0,0,0,0,0,0,0,0,0,0,0,0,0,0,0,0,0,0,0,0,0,0,0,0,0,0,0,0,0,0,0,0,0,0,0,1,0,0,0,0,0,0,0,0,0,0
"COG4392",0,0,0,0,0,0,0,0,0,0,7,0,0,0,0,1,0,0,0,0,0,0,0,0,0,0,0,0,0,0,0,0,0,0,0,0,0,0,0,0,0,0,0,1,0,0,1,0,0,0,0,0,0,0,0,0,0,0,0,0
"COG4393",0,0,0,0,2,0,0,2,1,1,1,0,0,10,0,20,1,1,2,1,12,3,0,0,0,0,0,7,2,1,1,0,0,0,1,0,0,2,0,0,0,0,0,6,0,3,0,0,1,0,0,0,0,0,10,53,0,0,0,0
"COG4394",0,0,1,1,1,0,0,5,2,1,0,0,2,0,1,1,0,1,1,0,0,7,0,1,0,17,2,1,0,3,0,0,0,0,0,0,0,0,0,2,0,0,0,0,0,1,0,0,0,1,0,3,1,0,0,0,1,0,0,0
"COG4395",0,0,0,5,1,2,0,3,0,0,0,0,1,1,1,0,0,0,2,0,0,0,0,1,0,0,0,0,1,1,1,0,1,1,0,1,0,0,4,1,4,0,0,0,2,0,6,0,1,0,0,0,1,0,0,0,1,4,0,0
"COG4396",0,1,0,0,1,0,0,1,0,0,1,1,0,0,0,0,0,0,0,0,0,0,0,0,0,0,2,0,3,0,1,0,0,0,0,0,0,4,0,1,0,0,0,4,1,0,1,0,0,0,0,0,0,1,0,0,0,0,0,0
"COG4397",0,3,0,0,0,0,1,3,0,1,0,0,1,0,0,1,1,3,1,0,0,1,1,0,0,1,2,0,3,0,1,0,1,0,0,0,0,1,1,3,1,0,0,5,0,1,1,0,4,0,0,0,3,0,0,1,0,1,0,0
"COG4399",0,0,11,0,0,0,0,2,0,0,2,2,0,1,1,0,1,0,2,0,0,1,0,0,0,0,1,0,0,0,0,0,2,0,0,0,0,0,0,5,0,0,0,1,0,1,0,26,0,1,0,0,0,0,0,0,0,0,1,0
"COG4401",0,0,0,0,1,0,0,0,0,1,0,1,0,1,0,9,1,0,0,0,0,0,0,1,0,0,0,1,0,0,0,0,1,0,5,0,0,0,2,0,0,0,0,0,0,0,0,0,0,0,0,0,0,0,2,0,0,1,0,1
"COG4403",5,6,6,3,4,8,1,1,2,0,17,2,1,6,0,7,8,1,0,2,1,10,2,0,4,1,2,2,0,0,16,2,0,4,18,0,3,1,3,0,1,0,1,9,1,4,2,1,4,1,2,0,3,3,39,9,6,17,0,46
"COG4405",1,0,2,1,0,1,0,0,0,2,11,2,0,3,0,0,0,0,1,5,1,1,0,0,0,1,3,1,1,0,3,0,1,8,0,0,1,0,1,0,1,0,1,0,0,1,1,0,1,0,1,1,0,0,0,22,0,1,0,0
"COG4408",0,0,0,0,3,0,0,0,0,0,0,0,0,0,1,0,0,0,0,0,0,0,0,0,0,0,0,0,0,2,0,0,0,0,0,0,0,0,0,1,0,0,0,0,0,0,0,0,0,0,0,0,0,0,0,0,0,0,0,0
"COG4409",11,18,16,20,32,12,62,58,45,24,7,44,25,9,65,5,24,15,44,32,25,67,37,8,47,45,33,16,33,27,18,50,29,36,17,32,43,15,39,36,23,42,40,45,37,56,30,37,51,56,77,42,83,29,17,21,34,32,69,25
"COG4412",0,17,131,47,1,0,45,24,0,6,2,9,5,2,5,0,3,2,16,3,4,0,29,3,2,37,3,70,52,28,2,0,0,2,4,0,0,5,0,3,3,15,3,7,0,2,2,45,32,41,0,45,2,4,9,0,2,0,10,0
"COG4413",1,1,1,0,0,7,3,5,5,1,0,2,3,0,14,0,0,4,1,9,3,6,6,1,12,0,4,2,10,0,2,25,15,1,2,8,18,2,10,10,5,6,17,4,10,15,3,0,0,4,10,2,14,15,0,0,9,21,17,6
"COG4420",0,7,0,5,0,0,1,0,0,0,10,0,0,0,0,2,2,5,0,2,0,0,1,3,1,0,0,0,0,0,2,0,0,6,0,0,0,11,0,0,2,0,0,2,0,0,0,2,0,0,0,1,1,0,0,1,0,0,0,0
"COG4421",0,0,0,0,4,1,0,0,0,0,0,0,0,0,0,1,0,0,0,0,0,0,2,0,0,0,2,1,0,0,0,3,2,0,1,1,24,5,3,0,0,0,0,0,0,0,0,0,0,0,0,0,0,0,0,0,0,0,0,0
"COG4422",27,30,11,35,46,35,18,37,31,32,16,41,83,14,50,19,37,25,33,35,13,39,53,45,34,16,51,28,39,16,35,63,57,34,45,71,29,40,67,48,35,18,53,56,49,27,53,13,15,36,52,45,38,54,20,11,59,61,68,54
"COG4430",0,4,0,3,1,3,8,1,6,4,0,0,8,0,5,4,1,5,1,11,11,21,13,1,12,2,5,4,9,0,2,9,5,2,2,9,5,1,5,6,7,1,3,3,8,7,8,0,0,2,8,1,10,8,1,2,3,8,9,3
"COG4443",1,7,1,5,5,8,6,0,3,4,10,1,0,5,2,3,3,3,3,2,0,2,3,5,1,2,5,7,2,1,3,0,0,2,6,0,5,1,0,1,0,0,3,3,5,5,2,0,2,4,0,0,0,3,1,0,0,0,2,2
"COG4445",0,0,0,0,0,0,0,0,0,1,0,0,0,2,0,0,0,2,0,0,0,0,0,0,0,0,0,0,0,0,0,2,0,0,0,0,0,0,0,0,0,0,0,0,0,0,0,0,0,0,0,0,0,0,0,0,0,0,0,0
"COG4448",0,1,1,0,0,0,3,2,0,0,0,1,0,0,0,30,0,0,0,1,1,0,0,0,0,0,3,2,0,1,0,0,2,0,1,0,0,6,5,0,1,1,1,0,0,0,4,0,0,4,1,0,0,0,5,0,0,8,0,0
"COG4452",16,4,0,7,2,2,4,6,3,6,1,17,4,1,14,0,3,3,2,14,17,27,15,4,7,1,10,1,6,5,1,6,4,13,1,7,8,3,6,6,1,2,2,13,9,12,3,1,1,1,14,6,15,3,9,3,2,6,4,9
"COG4453",0,5,0,0,0,1,1,1,0,1,1,0,0,2,0,0,0,1,0,1,10,0,0,0,0,0,0,0,1,1,0,0,0,0,1,0,1,0,0,0,0,0,0,0,0,0,0,0,0,0,0,1,0,0,0,0,0,0,0,0
"COG4456",2,7,0,0,0,0,1,1,0,0,0,0,1,1,0,3,0,0,0,0,0,0,0,0,0,0,1,1,1,0,0,1,0,1,0,3,0,0,0,0,0,0,0,0,0,1,0,0,0,0,0,0,0,0,0,0,4,0,0,0
"COG4457",0,2,31,0,3,4,0,4,0,2,0,2,0,0,0,0,1,0,0,10,0,0,1,0,2,57,0,1,4,3,0,0,1,2,0,0,2,0,1,2,0,0,3,0,0,2,1,0,0,0,1,14,0,1,0,0,0,0,0,0
"COG4458",0,1,2,1,1,2,0,2,0,0,0,1,1,0,1,0,1,2,0,0,1,0,0,0,0,19,0,0,4,0,0,0,0,0,0,0,2,3,0,1,0,0,1,0,1,1,1,0,0,0,0,11,1,0,1,0,0,0,0,0
"COG4460",1,0,0,0,0,0,0,0,0,0,1,0,0,0,0,0,0,1,0,0,0,0,0,0,0,2,0,0,0,0,0,0,0,0,0,0,1,0,0,0,0,0,0,0,0,0,0,0,0,0,0,0,0,0,0,0,0,0,0,0
"COG4463",4,19,3,4,0,2,0,5,2,1,18,3,1,2,3,17,4,11,6,1,3,0,3,7,1,4,2,5,1,1,8,0,2,7,3,4,4,5,3,2,4,0,1,13,2,2,5,2,2,6,1,0,0,3,0,2,5,2,5,1
"COG4464",22,18,16,24,19,43,21,24,29,23,37,17,18,37,21,14,29,23,19,20,12,11,32,27,20,17,26,9,10,11,39,36,25,22,26,24,37,36,27,12,34,8,25,25,14,20,42,9,26,24,16,25,14,22,20,18,17,35,29,39
"COG4465",11,3,12,14,5,6,12,15,11,16,20,9,4,21,6,25,6,7,4,2,5,4,4,20,2,6,7,11,6,4,19,7,5,5,12,18,12,3,9,2,5,2,5,12,10,7,11,5,3,9,8,4,4,15,5,9,6,8,0,3
"COG4466",0,4,3,1,1,0,0,0,0,0,17,0,0,2,0,0,0,1,1,0,3,0,0,4,0,0,0,0,0,0,6,1,0,6,0,1,1,0,0,0,0,0,0,1,0,0,0,0,0,2,0,0,0,0,0,0,0,0,0,0
"COG4467",0,0,0,0,0,0,0,0,0,0,12,0,0,5,0,1,0,0,0,0,0,0,0,0,0,0,0,0,0,0,1,0,0,0,0,0,0,0,0,0,0,0,0,0,0,0,0,0,0,0,0,0,0,0,0,2,0,0,0,0
"COG4468",34,27,38,26,25,30,18,16,23,34,75,13,21,68,11,66,34,38,21,6,13,13,22,50,18,23,29,41,16,8,44,9,20,26,52,28,26,56,15,41,37,5,20,40,36,39,28,2,19,28,28,9,6,23,12,39,16,25,16,34
"COG4469",0,0,1,0,0,0,0,0,0,0,24,3,0,4,0,1,0,0,0,0,1,1,0,0,0,0,1,0,0,0,0,0,0,2,0,0,0,0,0,0,0,0,0,0,0,0,0,0,0,0,0,0,0,0,0,4,0,0,0,0
"COG4470",0,0,1,0,1,0,0,0,0,0,17,0,0,3,0,1,0,0,0,0,0,0,0,0,0,0,0,0,0,0,1,0,0,1,0,0,1,0,0,0,0,0,0,0,0,0,0,0,0,1,0,0,0,0,0,6,0,0,0,0
"COG4471",0,0,0,0,0,0,0,0,0,0,12,2,0,0,0,0,0,0,0,0,0,0,0,0,0,0,0,0,0,0,1,0,0,0,0,0,0,0,0,0,0,0,0,0,0,0,0,0,0,0,0,0,0,0,0,1,0,0,0,0
"COG4472",8,26,9,14,5,12,9,7,11,10,20,4,4,7,2,12,10,13,4,3,1,4,4,11,8,6,5,13,5,0,11,2,3,8,14,14,7,23,3,3,10,3,4,6,11,14,17,4,10,12,7,4,2,6,6,6,5,2,10,8
"COG4473",0,0,2,0,0,0,0,0,0,0,18,2,0,11,0,0,0,0,0,0,2,1,0,0,0,0,0,0,0,0,0,0,0,0,0,0,2,0,0,0,0,0,0,0,1,0,0,0,0,0,0,0,0,0,0,2,0,0,0,0
"COG4474",2,5,4,6,9,10,4,4,9,9,18,11,8,5,15,0,4,3,8,5,1,2,3,6,16,3,18,4,11,6,5,6,3,9,2,11,2,17,9,5,12,1,6,1,7,0,13,4,1,6,10,5,17,7,0,0,5,1,11,3
"COG4475",5,4,7,5,8,11,3,1,6,8,15,3,12,8,8,14,12,8,8,1,0,6,9,7,5,3,2,7,5,2,17,5,2,10,2,8,3,14,2,3,10,1,8,19,2,5,4,1,1,7,2,5,2,5,1,0,5,3,2,11
"COG4476",0,0,1,0,0,0,0,0,0,0,10,1,0,0,0,0,0,0,0,0,0,0,0,0,0,0,0,0,0,0,2,0,0,0,0,0,0,0,0,0,0,0,0,0,0,0,0,0,0,0,0,0,0,0,0,0,0,0,0,0
"COG4477",1,11,3,1,0,0,0,1,1,0,47,5,0,14,0,1,0,2,0,0,3,1,1,2,0,2,0,3,4,0,6,2,2,11,1,1,2,0,0,1,2,0,0,1,1,1,5,0,0,5,0,1,0,0,1,7,0,0,0,0
"COG4478",1,0,3,0,1,1,0,0,1,1,15,0,0,11,0,2,0,2,1,0,3,1,1,0,0,1,0,1,1,0,3,0,1,1,2,0,2,0,0,1,2,1,0,0,0,0,0,0,1,0,0,0,2,0,2,3,0,0,0,1
"COG4479",0,0,0,0,0,0,0,0,0,0,6,0,0,0,0,0,0,0,0,0,0,0,0,0,0,0,0,0,0,0,1,0,0,0,0,0,1,0,0,0,0,0,0,0,0,0,0,0,0,0,0,0,0,0,0,1,0,0,0,0
"COG4481",6,3,7,5,2,4,8,3,7,6,12,6,2,9,3,15,1,4,2,0,2,0,3,9,6,1,4,4,1,0,10,1,0,4,7,4,6,2,4,2,5,2,2,1,1,2,5,0,1,11,3,1,2,7,2,3,4,4,3,10
"COG4483",0,0,0,0,0,0,0,0,0,0,1,0,0,3,0,0,0,0,0,0,0,0,0,0,0,0,0,0,0,0,0,0,0,0,0,0,2,0,0,0,0,0,0,0,0,0,0,0,0,0,0,0,0,0,0,2,0,0,0,0
"COG4485",50,67,60,65,31,56,66,22,70,84,127,20,34,65,10,31,21,73,14,23,11,7,49,86,29,41,58,90,23,3,90,11,45,37,103,69,58,94,21,35,51,15,17,68,65,45,45,10,19,59,32,16,10,79,18,28,14,34,13,65
"COG4487",1,5,28,0,0,0,0,2,0,3,10,3,1,0,0,0,1,13,3,2,4,0,1,11,0,0,1,13,1,0,3,0,0,1,0,0,2,1,0,0,1,1,0,0,5,0,2,1,0,1,1,2,0,0,26,0,0,0,0,0
"COG4492",9,15,15,9,6,8,9,14,17,14,13,4,6,13,3,17,17,9,8,5,6,5,4,16,13,8,7,10,7,3,18,8,4,6,19,13,8,17,4,10,4,8,6,10,8,5,6,2,1,13,5,3,5,10,5,2,11,9,5,7
"COG4495",0,3,2,0,0,1,0,0,1,7,7,1,0,0,0,0,0,1,0,0,0,0,0,1,1,2,2,1,0,0,2,0,0,0,0,2,0,0,0,0,0,0,1,0,2,0,0,1,1,2,0,0,0,2,0,0,0,1,0,4
"COG4496",5,20,5,18,8,13,9,7,11,10,10,4,6,18,4,10,12,14,7,5,4,6,7,17,4,3,4,11,5,1,11,3,11,10,14,8,12,17,4,9,6,5,8,15,9,6,10,4,5,9,9,4,3,3,1,3,4,5,4,9
"COG4499",0,0,0,0,0,0,0,0,0,0,4,2,0,0,0,1,1,0,0,1,0,3,0,0,0,2,0,0,0,0,0,0,0,0,1,1,0,0,1,0,0,0,0,0,1,0,1,0,0,0,1,0,0,0,3,0,0,0,1,0
"COG4502",2,0,0,0,0,0,0,0,0,0,0,0,0,0,1,0,0,0,0,1,1,2,0,0,0,0,0,0,0,0,0,0,0,7,0,0,0,1,0,0,0,0,0,1,0,0,0,0,0,0,0,0,0,0,0,0,0,1,0,0
"COG4506",14,16,7,18,16,15,7,6,12,22,15,6,6,12,6,17,18,14,4,3,2,5,5,11,6,6,17,9,4,2,20,5,9,11,19,12,11,19,9,13,17,6,9,11,16,16,12,3,9,12,4,4,6,18,6,10,12,7,4,13
"COG4508",0,0,0,0,0,0,0,0,1,1,0,0,0,0,0,0,0,0,0,0,0,0,0,0,0,0,0,0,0,0,1,0,0,2,2,0,0,0,0,0,0,0,0,0,0,0,0,0,0,0,0,0,0,0,0,0,0,0,0,0
"COG4509",10,37,12,30,14,13,12,5,24,19,33,7,17,27,4,14,9,39,16,4,12,6,12,40,19,13,16,20,7,0,41,16,34,87,45,43,29,108,8,31,47,5,13,53,25,32,49,9,19,78,52,8,11,32,12,16,21,17,12,56
"COG4512",1,4,3,1,0,0,2,0,4,0,0,0,0,0,0,0,1,0,0,0,3,0,0,1,3,0,0,5,0,0,4,0,1,7,3,0,2,3,1,0,0,1,0,0,3,0,2,0,0,3,2,0,0,0,0,2,0,0,0,0
"COG4521",16,3,0,5,5,0,2,5,5,1,7,0,0,2,1,1,1,2,1,3,9,1,1,5,1,1,2,0,2,1,3,0,1,8,0,1,3,1,1,4,0,0,1,2,0,3,0,3,0,0,0,4,0,1,5,2,3,2,2,1
"COG4525",3,0,0,0,0,1,1,1,2,0,2,0,0,0,0,0,0,1,0,1,6,1,0,0,0,0,0,0,0,1,1,0,1,2,0,1,2,0,0,0,1,0,0,0,1,0,0,0,2,0,0,1,0,0,3,1,0,0,0,0
"COG4529",9,2,0,0,1,0,3,3,1,4,1,0,1,1,0,0,0,4,0,2,16,3,0,0,0,0,0,0,1,1,0,1,0,3,0,0,6,0,0,0,0,0,0,0,0,1,0,3,0,0,1,1,1,0,6,5,0,0,1,0
"COG4531",5,3,0,0,1,0,2,1,2,4,3,0,0,1,0,0,0,0,0,2,5,1,0,0,1,0,0,0,0,1,2,1,3,1,0,0,1,1,2,0,0,0,0,1,0,1,0,0,1,0,0,0,0,0,7,3,0,0,0,0
"COG4533",19,2,0,0,0,0,4,6,5,6,4,0,0,1,1,0,0,2,0,4,29,1,1,0,2,1,0,0,0,1,0,3,0,3,0,1,8,1,0,0,3,0,1,1,0,3,0,6,1,0,1,1,1,0,15,3,0,1,0,0
"COG4535",14,1,3,0,1,3,4,4,2,1,2,0,2,4,2,0,1,3,0,2,16,7,0,0,1,11,2,1,2,3,1,2,0,5,0,1,2,0,2,1,2,0,0,0,0,4,0,0,0,1,0,9,3,0,6,3,1,2,2,0
"COG4536",14,7,13,14,16,2,40,19,4,19,2,11,8,4,9,1,2,8,10,8,9,12,9,4,7,44,11,24,20,39,3,9,6,5,3,21,37,2,30,13,8,45,5,3,10,0,25,29,42,31,2,21,27,11,32,3,20,14,12,23
"COG4537",1,0,2,0,0,0,0,0,0,0,10,0,0,0,0,0,0,0,0,0,0,0,0,0,0,1,0,0,0,0,1,0,0,0,0,0,0,0,0,0,0,0,0,0,0,0,0,0,0,0,0,0,0,0,3,1,0,0,0,1
"COG4540",0,0,0,0,0,0,0,4,0,1,3,1,0,0,0,0,0,0,1,0,23,0,1,1,2,0,1,0,0,2,0,0,1,0,0,1,0,0,0,0,2,0,5,2,5,0,0,0,0,1,1,0,0,0,1,3,0,0,0,0
"COG4541",0,0,0,0,0,0,0,0,0,0,0,0,0,0,0,0,0,0,2,0,0,0,0,0,0,0,0,0,1,0,0,0,0,0,0,0,0,0,0,0,2,0,1,0,0,0,0,0,0,0,0,0,0,0,0,0,0,0,0,0
"COG4542",1,2,0,0,3,2,1,1,0,0,0,2,0,2,0,22,0,0,0,0,0,0,0,0,0,0,0,0,0,1,3,1,2,0,1,0,0,1,0,0,4,3,0,0,0,1,5,0,1,0,0,0,0,0,7,1,0,4,0,0
"COG4545",0,0,0,0,0,0,0,0,0,0,0,0,0,0,0,0,0,0,0,0,0,1,0,1,1,0,0,0,0,0,0,0,0,0,0,0,1,0,0,1,0,0,0,0,0,0,0,0,0,0,0,0,0,0,0,0,0,0,0,0
"COG4547",0,0,0,0,0,0,1,0,0,0,0,0,0,0,0,0,0,0,0,0,0,0,0,0,0,0,0,0,0,0,0,0,0,0,0,0,0,0,0,0,0,0,0,0,0,0,0,0,0,0,0,0,0,0,0,0,0,0,0,0
"COG4548",13,6,5,18,17,9,7,1,3,4,42,8,3,6,1,6,8,9,6,1,10,1,3,8,12,6,6,5,2,1,15,6,6,34,11,9,7,25,6,7,9,0,3,4,5,7,4,1,3,7,5,2,0,12,0,6,7,4,2,8
"COG4550",0,0,0,0,1,0,0,0,0,0,4,0,0,0,0,2,0,0,0,0,0,0,0,0,0,0,0,0,1,0,0,0,0,0,0,0,0,0,0,0,0,0,0,0,0,0,0,0,0,0,0,0,0,0,0,0,0,0,0,0
"COG4552",4,6,2,14,12,12,10,12,16,13,8,16,8,13,18,2,15,9,10,15,4,11,8,15,6,3,9,8,9,3,20,21,21,24,14,22,16,23,9,13,19,6,21,19,19,31,13,3,4,8,15,9,11,28,3,17,15,15,19,15
"COG4555",0,1,1,2,2,0,3,2,0,0,5,0,0,9,0,0,0,1,1,0,2,0,0,1,0,0,0,0,1,0,1,3,0,3,0,1,0,1,2,0,6,0,0,1,3,0,3,0,0,1,0,0,1,0,0,2,0,0,0,1
"COG4558",0,1,0,0,0,0,0,0,0,0,1,0,0,2,1,0,0,2,0,5,0,4,0,0,1,0,0,0,0,0,0,2,1,2,0,0,1,0,0,0,0,0,0,0,0,0,0,0,0,0,0,1,0,0,0,1,0,0,0,0
"COG4559",0,0,0,0,0,0,0,2,0,0,0,0,0,0,1,0,0,0,0,2,0,2,1,0,0,0,0,0,0,0,0,1,0,4,0,0,0,0,1,0,0,0,0,0,1,0,0,0,0,0,1,1,0,0,0,6,0,0,1,0
"COG4564",2,3,1,6,0,1,3,1,2,6,0,14,4,0,0,0,1,7,17,0,4,0,3,2,6,2,6,13,0,4,3,1,0,1,0,1,19,2,1,18,5,16,2,5,0,0,8,1,0,1,0,0,0,15,0,0,0,1,0,1
"COG4565",27,5,0,0,4,2,1,5,3,6,3,0,2,2,3,1,1,1,3,6,19,5,1,3,3,2,0,1,1,3,0,7,1,7,1,2,6,8,0,0,0,1,0,1,1,7,0,1,0,0,6,2,1,2,16,6,2,1,3,2
"COG4566",1,5,4,8,10,11,4,17,12,5,0,2,4,5,3,1,4,2,10,2,0,1,0,8,7,6,13,4,7,6,1,6,3,4,1,6,3,3,3,5,16,4,5,1,9,0,3,1,4,3,3,1,30,0,0,0,10,6,10,0
"COG4568",3,0,0,0,0,0,0,0,1,0,1,0,0,0,0,0,0,0,0,0,3,1,1,0,0,0,0,0,2,2,0,0,0,2,0,0,2,0,0,0,0,0,0,0,0,0,0,0,0,0,0,1,0,0,2,0,0,0,2,0
"COG4569",8,0,0,0,0,0,0,0,3,5,0,0,1,1,0,0,1,1,0,2,12,3,0,0,0,0,0,0,2,2,0,1,0,2,0,0,5,0,1,0,3,0,0,0,1,2,0,1,0,0,0,2,3,0,12,3,0,0,0,0
"COG4570",9,5,0,3,0,2,2,1,2,1,4,2,1,0,1,4,6,4,1,2,41,1,3,1,1,1,2,1,4,1,4,2,2,3,1,2,1,3,1,1,0,1,0,4,2,4,1,0,0,0,2,2,1,3,4,3,16,0,3,5
"COG4571",9,0,0,0,0,0,0,0,0,3,0,0,0,0,1,0,1,0,1,0,9,3,0,0,0,0,0,0,0,0,0,7,2,1,0,0,0,0,0,0,0,0,0,1,0,0,0,0,0,0,1,0,0,0,0,1,0,0,0,0
"COG4572",3,1,0,0,0,0,0,1,0,0,0,0,0,0,0,0,0,0,0,0,2,0,0,0,0,0,0,0,0,0,0,0,1,0,0,0,1,0,0,0,0,0,0,0,0,0,0,0,0,0,0,0,0,0,0,2,0,0,0,0
"COG4573",22,3,5,5,14,4,2,3,6,4,5,0,10,5,6,6,25,4,2,4,10,2,10,4,4,0,1,2,5,1,4,4,2,11,3,3,9,1,2,1,9,2,2,3,7,3,2,3,0,1,0,1,0,3,12,8,0,3,10,3
"COG4574",6,1,0,0,0,0,1,2,1,1,0,0,0,1,0,0,0,2,0,1,6,0,0,0,0,0,0,0,0,2,0,0,0,2,0,0,1,0,0,0,0,0,0,1,0,0,0,0,0,0,0,0,0,0,3,0,0,0,0,1
"COG4575",19,1,0,0,1,0,1,2,3,4,0,0,0,1,1,0,0,1,2,3,11,3,0,0,0,1,0,0,0,1,0,1,0,2,0,0,2,0,2,0,0,1,0,1,0,0,0,1,0,0,0,1,3,1,15,2,0,0,0,0
"COG4576",4,1,1,3,1,1,3,1,2,1,4,1,2,3,1,1,4,2,2,0,5,3,1,1,4,1,1,1,1,2,0,4,2,1,0,3,0,4,0,1,2,1,3,4,1,4,4,0,1,1,2,2,2,1,1,5,1,1,1,1
"COG4577",10,11,2,4,5,6,6,5,3,5,19,4,3,10,5,3,10,8,4,8,6,13,3,4,7,1,3,4,6,6,7,6,9,9,15,3,4,3,1,19,3,4,4,4,7,13,6,2,4,2,7,2,0,4,7,14,10,0,2,3
"COG4578",5,0,0,0,0,0,0,4,1,2,3,0,0,1,0,19,0,2,2,0,10,0,0,0,0,1,0,1,0,1,0,0,0,1,0,0,1,0,2,1,0,1,0,0,0,1,0,0,0,0,0,0,0,0,1,0,0,4,0,0
"COG4579",19,1,0,0,0,1,1,0,5,7,3,0,0,3,0,0,0,4,0,4,23,3,0,0,0,2,0,0,1,3,2,1,1,0,0,0,2,2,2,0,0,0,0,0,1,4,0,1,0,1,0,4,0,0,15,1,0,0,1,0
"COG4580",53,17,0,0,2,2,6,3,1,7,3,2,5,5,0,1,1,12,2,10,28,13,0,0,2,43,0,0,5,7,1,11,0,7,0,1,8,2,1,0,0,1,1,1,0,1,0,0,1,2,4,37,2,1,24,4,1,0,4,0
"COG4581",0,0,1,0,0,2,0,0,5,1,7,0,1,40,0,60,0,13,7,0,18,0,0,0,1,0,0,17,1,0,2,0,0,0,4,1,0,12,0,0,0,1,1,16,0,0,1,0,0,0,0,1,1,0,16,148,2,0,0,0
"COG4582",3,1,0,0,1,1,1,4,0,2,2,1,0,1,2,1,0,1,1,1,16,3,0,0,0,9,0,0,0,2,1,1,1,2,0,0,3,0,0,0,2,0,0,3,0,1,0,2,0,0,0,3,2,0,5,4,0,0,0,0
"COG4584",44,44,90,34,215,88,105,155,206,49,28,120,195,52,193,13,59,161,95,95,147,50,45,69,40,11,73,73,248,77,26,202,13,63,57,140,60,55,225,112,62,390,92,53,95,48,37,11,8,98,52,75,198,173,46,99,38,86,152,119
"COG4585",18,29,28,27,39,33,48,25,35,22,73,42,5,40,8,104,23,20,23,19,36,11,24,35,12,36,23,62,20,14,27,19,22,7,60,13,60,7,28,18,13,32,24,27,18,40,22,34,3,13,22,17,9,28,42,157,18,26,17,19
"COG4586",1,5,0,2,1,6,0,0,2,0,19,6,0,2,0,4,1,0,1,0,1,6,0,1,2,0,0,6,0,0,1,0,0,20,0,1,8,3,0,1,0,1,0,1,1,0,3,0,1,6,2,0,0,2,2,2,0,1,0,26
"COG4587",0,6,2,3,1,0,1,0,2,0,10,6,0,1,0,2,4,0,3,1,0,5,0,2,0,1,0,5,1,0,1,0,2,16,1,0,0,3,1,2,0,0,0,2,1,3,1,0,0,2,3,0,0,0,2,2,0,0,0,13
"COG4589",3,1,2,2,1,3,1,5,8,4,0,3,2,0,8,0,1,0,5,6,8,18,4,1,1,0,8,0,4,1,2,2,1,0,0,4,12,4,1,2,1,3,5,2,8,5,2,0,1,0,7,2,13,0,4,2,1,3,4,2
"COG4590",0,0,0,0,0,0,0,0,0,0,0,0,0,0,0,0,0,0,0,0,11,0,0,0,0,1,1,0,0,0,0,0,0,0,0,0,0,3,0,0,1,0,2,0,0,0,0,0,0,0,0,0,0,0,0,0,0,0,0,0
"COG4591",35,21,69,52,53,69,63,67,50,37,22,66,48,14,32,1,39,30,75,46,58,53,50,36,35,92,54,58,46,53,19,49,41,17,26,39,56,22,49,67,36,60,55,50,35,38,34,107,49,72,26,42,93,38,56,10,68,38,57,44
"COG4592",4,2,0,0,0,0,3,1,3,3,4,0,0,2,0,0,0,0,0,2,5,0,0,0,0,0,0,0,0,2,1,1,0,3,0,1,0,0,0,0,0,0,0,1,0,1,0,0,0,0,0,0,0,0,1,1,0,0,0,0
"COG4594",2,0,1,0,0,0,0,0,0,1,0,0,0,1,0,0,0,0,0,0,0,0,0,0,0,0,0,0,0,0,1,0,0,0,0,0,0,0,0,0,0,0,0,0,0,0,0,0,1,0,0,0,0,0,0,0,0,0,1,0
"COG4597",8,2,0,1,0,2,1,3,5,3,1,0,0,1,2,0,1,1,3,1,11,2,0,0,1,1,2,0,1,4,0,2,0,4,0,0,5,0,2,0,4,2,0,0,3,3,1,2,0,1,1,0,0,0,5,5,1,2,0,0
"COG4598",7,4,0,0,0,0,0,0,0,3,0,0,0,2,1,0,0,6,0,2,15,0,0,0,1,2,1,0,0,0,0,2,1,3,0,0,2,0,0,0,0,1,0,0,0,2,0,0,0,0,1,0,0,0,6,1,0,0,0,0
"COG4603",22,44,24,29,24,18,23,18,18,20,33,26,14,36,10,22,58,35,23,14,15,20,21,30,17,18,23,19,13,6,29,14,16,42,33,24,22,73,6,21,43,8,22,28,23,25,27,5,21,19,30,14,9,25,4,16,25,16,18,17
"COG4604",1,0,1,2,2,1,2,2,0,2,3,2,0,5,0,2,1,1,0,0,4,0,0,2,0,2,0,8,0,2,0,1,3,1,3,1,5,1,3,2,2,1,0,1,3,0,0,1,0,1,1,0,0,4,0,4,1,0,0,0
"COG4605",0,1,3,2,3,2,0,1,0,4,4,1,2,6,2,1,1,2,0,0,4,3,0,2,0,0,0,6,3,4,0,1,5,0,1,0,0,1,0,1,1,0,0,0,5,0,0,0,0,0,2,1,0,4,0,2,0,0,1,1
"COG4606",2,2,1,0,3,0,0,9,0,1,5,1,1,1,5,1,0,3,0,0,3,0,0,2,3,1,0,4,2,0,0,3,2,0,1,3,1,1,1,4,3,1,0,4,1,1,1,0,0,1,4,0,0,2,0,2,1,1,0,0
"COG4607",1,2,1,1,2,1,2,4,1,3,11,1,4,9,0,0,1,8,1,0,7,1,0,0,2,1,1,4,2,2,1,2,5,2,2,1,4,1,1,4,2,2,0,0,2,0,0,0,0,0,2,0,1,2,0,1,0,0,0,3
"COG4608",62,52,47,35,47,41,31,45,28,41,92,24,38,98,41,77,63,57,32,13,75,75,32,39,46,20,34,30,33,24,39,10,12,39,33,23,11,55,11,23,25,6,9,16,14,22,24,3,5,22,9,10,8,15,12,22,17,17,17,14
"COG4615",10,2,0,0,0,0,0,0,3,3,2,0,0,0,2,0,0,3,0,2,17,2,0,0,0,2,0,0,0,1,0,3,0,0,0,0,2,0,2,0,1,0,1,1,0,1,0,0,1,0,0,1,0,0,9,3,0,0,0,0
"COG4618",0,0,0,4,0,0,0,0,0,0,0,0,0,0,0,0,0,0,0,0,0,0,0,0,0,0,0,0,0,0,0,0,1,0,0,0,0,0,0,0,0,0,0,0,0,0,1,0,0,0,0,0,0,0,0,0,0,0,0,0
"COG4619",10,5,1,0,0,0,1,0,1,5,10,0,0,13,0,15,0,1,1,1,11,1,0,0,0,0,0,0,2,0,4,0,0,1,1,0,0,0,0,0,1,1,1,0,0,2,0,0,0,0,0,0,0,0,8,31,2,0,0,0
"COG4623",25,15,2,13,28,33,7,18,21,20,6,40,32,7,22,2,19,21,16,43,21,21,29,18,22,5,15,21,21,17,8,52,39,11,1,24,33,10,34,23,11,19,36,30,23,23,17,0,2,11,23,12,45,19,15,6,37,28,18,27
"COG4624",66,108,56,105,72,87,56,120,97,123,66,98,84,87,80,78,107,142,84,68,25,111,76,109,97,24,135,84,65,47,89,68,87,122,150,93,81,155,65,109,103,69,76,103,83,99,96,15,21,48,94,46,76,105,21,46,100,99,79,85
"COG4625",6,1,4,3,2,2,2,4,7,3,0,0,0,0,5,1,0,4,1,1,27,7,0,0,0,1,1,4,0,6,1,0,5,1,1,0,4,7,1,4,16,1,1,4,5,7,1,0,3,1,1,0,2,0,0,1,3,0,0,0
"COG4626",10,17,18,16,1,22,16,15,18,31,7,19,12,4,19,33,14,20,21,33,67,19,13,24,45,15,24,31,21,1,27,9,29,68,14,8,13,60,9,2,21,9,17,15,19,25,28,4,3,28,19,18,1,28,15,16,24,16,11,0
"COG4627",0,0,0,0,0,0,0,0,0,0,0,0,0,0,0,0,0,0,0,0,0,0,0,6,0,0,0,0,0,0,0,0,0,1,0,0,0,3,0,0,0,0,0,0,0,0,0,0,0,0,0,0,0,0,0,0,0,0,15,0
"COG4628",0,0,0,0,0,0,0,0,0,0,0,0,0,0,0,0,0,2,0,0,0,0,0,0,0,0,0,0,0,0,0,0,0,0,0,0,0,0,0,0,0,0,0,0,0,0,0,0,0,0,0,0,0,0,0,0,0,0,0,0
"COG4631",0,0,0,2,1,0,0,0,0,0,0,0,0,0,0,0,0,0,0,0,0,0,1,0,0,1,1,0,0,0,0,0,0,0,0,0,0,0,0,0,0,0,0,0,0,0,0,0,0,0,0,0,0,0,0,0,0,0,0,0
"COG4632",10,28,9,22,27,15,13,22,20,10,28,23,48,12,51,42,30,20,21,38,5,63,28,26,32,12,28,25,14,5,31,27,21,25,22,49,14,81,42,24,29,20,11,21,29,47,30,3,6,14,44,8,50,23,3,7,11,33,29,49
"COG4633",1,1,2,0,0,2,0,0,0,0,27,1,1,18,0,6,1,0,4,1,8,0,0,3,0,0,0,5,0,0,5,1,0,1,3,1,1,0,0,0,5,0,1,3,7,1,0,0,1,3,0,0,3,0,11,24,6,0,0,0
"COG4635",6,2,1,1,2,2,0,2,1,3,1,1,1,1,1,0,1,0,1,5,5,8,2,0,4,0,1,1,1,2,0,2,0,2,0,0,4,1,1,1,2,0,2,0,0,1,0,2,3,2,3,0,0,1,5,0,2,0,0,0
"COG4636",12,2,4,3,2,4,4,3,10,11,8,1,1,14,3,6,2,4,1,7,2,4,4,6,4,3,4,9,3,1,16,2,5,5,24,8,7,0,1,6,1,3,2,3,7,2,12,0,0,6,3,2,4,5,3,14,9,7,1,3
"COG4637",6,35,3,12,5,0,15,7,13,4,3,0,21,8,18,0,3,16,6,10,0,0,15,4,16,10,28,6,6,23,9,3,6,3,3,16,3,2,31,17,4,6,1,4,0,0,5,18,6,4,13,5,4,19,0,2,9,13,29,15
"COG4638",8,3,0,0,0,0,0,2,0,3,3,0,1,0,0,0,1,7,0,2,12,4,0,0,1,0,0,0,0,2,0,0,2,0,0,0,1,0,1,0,0,0,1,1,0,2,0,2,0,1,0,4,0,0,8,2,0,1,0,0
"COG4639",4,2,2,2,15,1,0,0,0,0,2,1,0,6,0,1,0,1,2,0,0,0,1,10,1,5,0,2,2,0,1,4,0,10,0,1,0,2,0,1,2,0,0,2,0,0,0,2,0,4,0,0,0,1,0,7,0,0,0,3
"COG4640",0,0,3,0,0,0,0,0,1,0,25,2,0,12,0,1,0,0,0,0,0,0,0,0,0,0,0,0,0,0,1,0,0,0,2,0,1,0,0,0,0,0,0,0,0,0,0,0,0,0,0,0,0,0,0,8,0,0,0,0
"COG4641",25,6,32,12,2,11,18,23,33,59,0,1,7,11,5,1,2,4,0,1,1,11,22,26,5,21,14,39,4,0,9,1,15,0,61,21,35,1,48,2,15,9,9,3,37,27,31,3,22,8,6,18,4,37,9,0,4,8,0,6
"COG4642",5,5,30,29,10,11,11,28,10,10,11,15,25,5,24,0,10,10,24,35,2,21,27,15,21,43,27,38,36,35,2,22,17,9,9,11,21,9,19,22,16,39,14,12,13,26,8,28,53,45,14,28,23,22,33,5,11,7,20,18
"COG4643",21,0,1,3,2,0,4,0,1,6,0,0,1,2,2,0,3,2,0,0,21,0,0,0,2,0,3,0,2,0,1,1,0,4,0,1,0,1,1,0,3,0,1,1,1,2,1,3,0,0,0,2,5,0,18,1,1,1,4,0
"COG4644",32,12,1,0,1,0,5,0,3,102,6,0,0,12,1,0,1,6,9,1,0,15,0,1,6,1,0,0,0,7,2,5,3,31,3,1,0,0,4,180,0,164,2,0,1,8,0,0,0,0,3,10,0,0,12,8,2,0,0,1
"COG4646",134,173,175,244,283,144,102,142,147,291,89,102,278,169,186,112,400,137,203,125,54,134,194,297,169,97,244,156,202,65,201,131,146,278,208,264,111,324,85,338,314,130,190,256,225,172,159,103,272,179,124,209,143,200,100,155,344,175,170,253
"COG4648",0,0,0,0,0,0,0,0,0,0,2,0,0,1,0,0,0,0,0,0,0,0,0,0,0,5,0,0,0,0,0,0,0,0,0,0,0,1,0,0,1,0,0,0,0,0,0,0,0,0,0,0,0,0,0,0,0,0,0,0
"COG4650",8,0,1,0,0,1,1,1,0,2,1,0,0,1,0,0,1,0,0,0,9,1,0,0,0,0,0,0,1,0,0,0,0,2,0,0,4,1,1,1,2,0,0,0,1,3,1,1,0,0,1,0,3,0,6,4,1,0,1,0
"COG4651",23,4,0,3,3,3,2,6,4,7,4,0,1,3,5,0,4,5,5,2,26,3,0,1,1,1,3,0,5,2,0,4,2,4,0,3,5,3,1,2,6,2,3,0,6,1,1,1,0,0,0,7,6,0,10,1,0,1,1,0
"COG4652",0,0,3,0,0,0,0,0,0,0,1,0,0,1,0,0,1,0,1,0,0,0,0,0,0,0,0,0,0,0,4,0,0,0,0,13,1,7,0,0,0,0,0,0,0,0,0,0,0,0,0,0,0,0,0,11,1,0,0,0
"COG4653",4,5,7,1,2,2,2,6,3,2,5,3,3,0,9,2,5,5,12,4,17,4,3,9,6,4,13,6,3,6,3,6,4,13,7,4,4,20,3,8,7,0,4,0,3,2,10,1,2,5,0,9,3,16,1,7,8,5,6,1
"COG4656",63,48,46,60,53,59,49,52,43,51,64,51,56,43,50,23,84,63,62,33,43,41,33,52,64,49,65,63,58,39,59,33,57,57,48,53,52,64,38,73,67,52,52,62,55,42,62,54,24,40,53,47,42,73,35,41,54,34,38,55
"COG4657",25,29,27,30,29,23,26,21,28,27,11,27,33,24,23,10,40,46,33,28,16,18,26,37,28,28,31,36,25,26,15,21,25,23,15,39,31,28,23,34,35,32,30,31,26,30,19,26,22,25,34,25,22,25,22,10,33,18,38,23
"COG4658",17,26,18,30,30,20,13,20,24,14,7,18,33,23,17,9,32,45,23,17,6,14,16,15,26,13,33,29,23,20,53,44,43,42,34,43,33,58,29,45,40,41,58,47,55,27,36,26,29,29,41,45,39,37,19,9,48,42,56,25
"COG4659",24,19,16,23,35,31,24,32,24,32,8,27,42,19,37,4,38,32,25,22,8,21,35,19,36,18,41,30,29,29,13,9,11,11,10,9,14,13,25,12,15,26,7,16,15,16,15,17,16,10,10,18,15,13,7,7,15,15,20,13
"COG4660",31,30,27,45,43,35,28,23,44,37,14,30,45,27,34,9,55,58,27,31,21,16,36,45,48,31,28,37,28,32,33,24,40,36,29,33,39,44,41,39,33,39,41,31,35,30,31,38,26,21,30,31,30,53,19,7,37,46,41,32
"COG4662",1,1,0,2,0,0,0,0,0,0,0,1,0,0,2,0,1,0,0,0,0,0,0,1,0,0,0,0,0,0,0,0,0,0,0,0,0,1,0,0,1,0,0,0,1,1,0,0,0,0,0,0,1,0,0,0,0,1,2,0
"COG4663",0,2,0,0,1,0,0,2,1,1,0,6,0,0,0,0,2,1,0,0,0,0,0,0,1,0,4,1,1,0,0,1,0,0,0,0,0,1,0,1,0,2,1,1,0,0,2,0,0,1,0,0,0,1,0,0,0,0,1,0
"COG4664",1,0,0,1,0,1,0,0,0,0,0,0,0,0,2,0,2,0,0,1,0,0,0,3,3,0,5,0,2,1,1,0,0,4,2,1,0,0,1,0,2,0,2,1,1,1,1,0,0,0,1,0,0,0,0,0,0,0,3,0
"COG4665",0,2,0,1,1,0,0,1,1,0,0,0,0,0,2,0,2,1,0,1,1,0,1,1,0,1,1,0,0,0,0,0,1,0,0,0,0,1,0,0,1,0,0,1,0,1,0,0,0,0,0,1,0,0,0,0,0,1,1,0
"COG4666",9,25,8,13,36,14,8,23,8,10,9,8,29,15,13,11,15,16,12,7,5,16,24,5,16,9,16,10,13,10,10,9,11,14,8,15,14,30,7,15,20,2,10,13,8,9,21,1,6,7,15,8,7,9,6,4,7,6,20,7
"COG4667",34,42,46,36,38,48,42,33,32,58,33,32,28,49,26,32,33,42,26,31,23,32,33,35,47,42,31,48,32,44,49,30,36,18,38,31,29,25,42,42,44,34,25,43,36,41,30,39,54,50,33,42,45,50,41,54,22,37,25,43
"COG4668",41,12,5,7,5,8,11,7,15,10,13,2,0,24,6,67,4,10,9,4,40,8,1,0,9,5,4,0,0,4,7,2,6,10,9,6,12,4,11,6,6,6,3,11,2,4,9,6,4,3,1,6,4,6,41,13,1,15,1,7
"COG4669",2,0,0,0,0,0,0,1,0,1,0,0,0,0,0,1,0,0,0,2,14,2,0,0,1,0,0,0,0,2,0,0,1,0,0,1,1,0,1,0,0,0,1,0,0,1,0,0,0,0,0,0,0,0,4,5,2,0,0,0
"COG4670",31,4,3,3,2,2,6,9,5,8,5,3,4,19,3,8,8,13,6,3,42,22,6,5,13,4,3,11,9,3,1,9,8,16,4,5,5,12,0,14,12,2,3,12,3,8,3,1,0,1,5,3,2,2,23,3,1,3,6,3
"COG4672",2,0,0,1,0,1,0,1,10,2,0,0,0,0,1,2,1,3,0,2,20,3,0,0,0,0,0,0,0,1,0,3,0,5,0,0,0,1,0,0,0,0,0,0,0,0,3,0,0,1,0,0,0,0,1,2,1,0,1,0
"COG4674",0,2,0,0,0,0,0,1,0,0,0,0,0,0,0,0,0,2,1,0,0,0,0,0,0,22,0,2,0,1,2,0,0,1,3,0,0,1,7,0,0,0,0,0,0,2,0,0,0,0,0,1,0,0,0,0,0,0,0,0
"COG4675",0,0,0,0,0,0,1,0,1,1,0,1,0,0,0,0,0,0,0,0,4,0,0,1,0,0,0,0,0,0,0,0,0,3,1,0,2,0,0,0,3,0,1,2,0,0,2,0,0,1,0,1,0,0,0,0,0,0,0,0
"COG4676",4,0,0,0,0,0,1,0,3,0,0,1,0,0,1,0,0,0,2,0,13,3,0,0,0,0,0,0,0,0,0,0,0,0,0,0,4,0,0,0,0,0,0,0,0,1,0,1,0,0,0,1,0,0,4,2,0,0,0,0
"COG4677",49,19,104,68,86,64,25,81,82,84,6,51,65,24,80,9,66,36,66,102,19,111,66,52,57,41,45,92,72,132,33,88,102,20,74,57,43,18,124,48,49,105,110,64,88,18,51,116,137,36,49,125,126,107,39,6,118,89,61,66
"COG4678",2,0,0,0,1,0,0,0,0,0,3,0,0,0,1,0,0,0,0,0,0,4,0,0,0,0,0,0,0,2,0,3,0,0,0,0,0,0,0,0,0,0,0,0,0,0,0,0,0,0,0,0,1,0,2,2,0,0,0,0
"COG4679",10,4,0,4,0,1,0,6,0,1,5,2,0,0,1,1,3,1,0,1,2,0,3,4,3,0,1,2,0,0,3,0,1,1,1,6,1,2,1,0,1,0,3,4,0,3,0,1,0,2,1,3,1,3,0,10,2,0,1,0
"COG4680",4,4,7,2,2,0,5,2,2,2,0,2,1,0,0,0,2,3,2,16,1,9,6,1,5,7,0,2,3,2,0,14,5,3,0,3,2,0,6,2,0,9,5,4,1,2,2,11,2,10,8,1,8,1,3,0,6,7,5,2
"COG4681",3,2,0,0,0,2,2,0,2,2,2,0,3,3,1,1,0,0,0,2,7,1,0,0,0,0,0,0,3,1,0,0,0,2,0,0,1,0,0,2,0,0,1,0,1,5,0,0,0,0,0,1,0,0,6,1,0,0,1,0
"COG4682",14,1,0,0,0,2,5,1,1,2,1,0,0,0,2,0,0,1,0,3,10,4,1,0,0,0,0,0,1,1,0,1,1,2,0,0,3,0,0,0,0,0,0,0,0,1,0,2,0,0,0,1,1,0,5,1,0,0,0,0
"COG4683",0,0,0,0,0,0,0,0,0,0,0,0,0,1,0,0,0,0,0,0,0,1,0,0,1,0,1,2,0,0,0,1,0,0,0,0,1,0,0,0,0,0,0,0,0,0,0,0,0,0,0,1,5,0,0,0,0,0,0,0
"COG4684",5,5,8,3,4,3,1,2,1,5,19,3,3,10,2,1,2,2,3,4,2,3,1,6,5,1,5,3,6,2,5,1,1,7,11,7,2,7,1,2,4,3,1,3,2,11,2,0,0,0,1,3,1,1,3,7,3,7,1,11
"COG4685",15,0,0,0,0,0,4,2,1,2,0,0,1,0,0,0,0,0,0,2,14,1,0,0,0,0,0,0,1,0,0,1,0,0,0,0,0,0,0,0,0,0,0,0,0,2,0,0,0,0,0,2,1,0,10,3,0,0,1,0
"COG4687",0,0,7,1,0,0,0,0,0,0,20,3,0,1,0,1,0,5,0,0,2,0,0,1,1,0,0,3,1,0,2,0,0,0,2,2,0,1,0,0,0,0,0,3,0,0,0,0,0,0,0,0,0,1,2,2,0,0,0,0
"COG4688",2,6,0,0,0,0,0,0,1,0,0,0,0,0,0,0,0,0,0,0,0,0,0,0,0,0,0,0,0,0,0,1,0,0,1,0,0,0,0,0,0,0,0,0,0,0,0,0,0,0,0,0,0,0,0,0,0,0,0,0
"COG4690",21,30,41,57,58,49,52,44,51,39,70,63,41,94,29,60,49,41,55,41,35,26,40,28,44,41,34,54,60,67,38,59,33,25,35,39,53,25,47,45,45,54,73,37,31,36,37,83,96,43,39,57,49,48,49,155,46,26,48,27
"COG4692",12,6,77,18,31,12,12,32,11,41,2,22,45,4,36,3,17,11,58,44,2,51,46,19,20,18,35,50,21,84,9,32,29,6,18,40,69,17,38,8,37,54,14,14,35,6,30,39,2,6,38,62,35,45,1,7,35,46,27,47
"COG4693",2,4,0,2,0,0,0,1,0,0,2,0,0,0,0,0,1,3,0,2,0,5,0,2,0,0,0,0,0,1,0,0,1,1,2,1,0,4,0,3,0,0,2,1,0,0,0,0,0,1,0,2,0,1,0,4,2,3,0,0
"COG4694",7,1,8,7,0,1,2,2,5,3,2,2,3,1,8,0,3,1,0,0,2,19,2,15,3,21,2,17,7,0,1,23,12,2,3,4,1,1,69,0,3,5,1,6,4,22,3,0,0,10,20,0,6,1,0,0,0,15,2,7
"COG4695",10,10,4,8,1,3,5,9,16,8,3,11,3,7,9,18,9,14,7,20,58,11,3,10,8,2,8,7,5,6,11,9,1,27,12,3,5,8,3,4,10,2,8,7,2,7,14,0,7,9,19,9,2,31,4,4,10,5,2,2
"COG4696",0,0,0,1,1,0,0,0,0,0,13,6,2,0,0,0,0,0,1,0,3,0,0,2,0,0,0,0,1,0,1,0,0,0,0,2,1,0,0,3,3,1,1,2,0,0,5,0,0,0,0,1,0,0,0,0,0,1,0,0
"COG4698",0,1,0,0,0,0,0,0,0,0,15,0,0,2,0,0,0,0,1,0,0,1,0,0,0,0,0,0,0,0,1,0,0,0,0,0,0,0,0,0,0,0,0,0,0,0,0,0,0,0,0,0,0,0,0,0,0,0,0,0
"COG4699",0,2,2,0,0,0,0,0,0,0,7,1,0,1,0,0,0,0,0,0,3,1,0,0,0,0,0,0,0,0,3,0,0,0,0,0,0,0,0,0,0,0,0,0,0,0,0,0,0,0,0,0,0,0,0,0,0,0,0,0
"COG4700",0,0,0,0,0,0,0,0,0,0,0,0,0,0,0,0,0,0,0,2,0,1,0,0,0,0,0,0,0,0,0,0,0,0,0,0,0,0,0,0,0,0,0,0,0,0,0,0,0,0,0,0,1,0,0,0,0,0,0,0
"COG4701",0,0,0,0,0,0,0,0,0,0,1,0,0,0,0,0,0,0,0,0,0,0,0,0,0,0,0,0,0,0,0,0,0,0,0,0,1,0,0,0,0,0,0,0,0,0,0,0,0,1,0,0,0,0,0,0,0,0,0,0
"COG4702",3,2,1,0,2,2,0,0,0,1,0,0,1,5,3,1,0,0,0,0,0,1,1,0,0,1,1,3,0,0,2,0,3,1,3,2,1,1,1,0,2,1,0,0,0,0,2,0,0,0,1,0,0,0,0,2,1,0,0,1
"COG4703",0,0,0,0,0,0,0,0,1,0,9,2,0,2,0,1,0,0,0,0,1,0,0,0,0,0,0,0,0,0,0,0,0,0,0,0,0,0,0,0,0,0,0,0,0,0,0,0,0,0,0,0,0,0,2,0,0,0,0,0
"COG4704",0,0,0,0,0,0,0,0,0,1,0,0,0,0,0,0,0,0,3,1,0,0,1,2,0,0,0,0,1,0,0,0,2,0,0,0,0,1,3,0,1,0,0,0,0,0,0,0,0,0,1,0,0,1,0,0,0,0,0,0
"COG4706",0,0,0,0,0,0,0,0,0,0,2,0,0,1,0,0,0,0,0,0,0,0,0,0,1,3,0,0,0,0,0,0,0,0,0,2,0,0,0,0,0,0,0,0,2,0,0,0,0,0,0,0,0,0,0,0,1,0,0,0
"COG4708",12,18,12,10,17,8,6,5,8,15,28,8,5,16,1,6,19,22,7,1,1,3,11,17,9,5,15,7,4,1,15,4,9,11,15,8,6,13,0,5,15,1,7,10,8,10,5,0,3,10,8,4,3,11,2,11,4,7,2,9
"COG4709",2,1,8,1,1,0,1,1,1,1,30,3,0,8,0,1,6,2,0,1,1,0,1,2,1,0,0,4,1,0,5,4,2,1,4,1,4,2,0,4,2,0,1,5,0,2,3,1,2,2,6,3,0,0,3,3,2,2,0,6
"COG4710",0,2,0,0,1,0,0,0,0,0,0,0,0,0,0,0,0,0,0,0,0,0,0,0,0,0,0,0,0,0,0,0,0,0,0,0,0,0,0,0,0,0,0,0,0,0,1,0,0,0,0,0,0,0,0,0,0,0,0,0
"COG4712",2,10,0,3,0,0,0,1,1,0,0,2,1,0,6,0,1,1,1,1,25,14,6,1,2,1,0,1,4,3,0,0,8,2,0,3,0,2,0,2,2,0,0,32,1,2,1,1,0,0,1,1,0,3,0,1,22,2,0,3
"COG4713",2,2,9,1,2,0,1,2,6,7,14,3,4,5,1,1,1,2,0,1,6,2,5,3,1,6,0,3,3,0,15,1,4,12,4,8,3,4,4,4,12,2,4,7,18,5,7,4,4,5,1,1,1,4,2,1,6,8,3,3
"COG4715",0,0,0,0,0,0,0,0,0,0,0,1,0,0,0,0,0,0,0,0,0,0,0,0,0,0,0,0,0,0,0,0,0,1,0,0,0,0,0,2,0,0,0,0,0,0,0,0,0,0,2,0,0,0,0,0,0,2,3,0
"COG4716",36,39,30,41,22,40,21,14,22,38,63,10,11,73,16,38,58,44,11,5,17,13,15,56,16,21,32,48,19,3,62,3,15,17,42,22,15,56,13,15,29,6,22,16,38,24,22,7,17,36,20,14,6,34,25,77,17,14,26,11
"COG4717",15,34,23,3,10,28,7,13,6,10,18,2,3,20,2,18,16,6,10,2,4,14,17,12,7,21,19,18,2,1,25,6,7,13,19,21,18,15,7,10,28,7,6,10,11,19,15,3,14,8,2,6,8,15,3,26,6,22,2,7
"COG4718",4,2,0,0,0,0,0,1,11,1,0,0,2,1,1,0,1,0,0,5,14,3,0,0,0,0,1,0,1,0,0,2,1,3,0,0,0,1,0,0,0,0,1,0,0,1,0,0,0,0,0,1,0,0,2,2,0,0,1,0
"COG4720",6,12,7,9,4,19,9,1,10,17,44,7,7,28,3,19,9,23,6,3,5,5,12,8,10,8,12,13,2,0,14,6,6,8,19,9,9,15,5,8,21,2,5,20,11,12,14,4,2,12,3,3,6,19,7,23,7,9,3,10
"COG4721",0,0,0,1,1,1,0,1,2,0,2,0,0,15,1,12,0,0,5,0,8,1,0,0,0,0,0,5,0,2,0,0,1,0,3,0,0,2,0,6,1,2,0,2,1,0,0,0,0,1,1,0,0,0,12,56,1,0,0,1
"COG4722",11,1,1,2,0,0,1,0,1,0,0,1,0,0,1,3,0,4,0,2,1,1,0,0,2,0,2,2,0,0,5,0,0,3,3,3,1,7,0,0,1,0,0,4,0,3,1,0,0,0,0,0,0,2,0,8,1,0,0,0
"COG4723",13,2,0,0,1,0,2,0,7,4,0,0,0,1,0,0,0,0,0,5,43,3,0,0,1,0,0,0,0,1,2,2,1,7,0,0,0,1,0,0,0,0,0,0,1,1,0,0,0,0,1,0,1,0,0,2,1,0,0,0
"COG4724",1,3,9,4,1,1,2,15,1,7,2,4,1,0,0,2,0,6,5,1,0,1,15,5,0,11,5,5,6,2,0,1,1,9,24,2,2,2,4,8,7,0,0,4,6,11,4,8,73,192,0,8,2,6,10,37,1,11,0,11
"COG4725",6,15,7,10,1,5,4,1,8,5,7,312,8,1,2,9,7,9,8,3,14,1,15,22,9,1,5,17,0,1,10,1,3,18,11,7,5,44,0,6,8,1,7,17,10,2,31,2,2,13,5,1,1,9,1,8,4,7,5,8
"COG4728",9,10,6,12,5,5,7,7,7,6,1,6,17,8,5,12,4,2,5,3,5,1,4,17,6,6,8,7,7,2,6,1,5,6,15,20,12,5,3,3,6,12,4,1,4,5,11,16,11,11,5,15,1,8,3,3,2,7,7,16
"COG4729",0,0,0,0,0,1,1,0,0,2,0,0,0,0,0,0,0,1,0,0,0,0,1,0,1,0,0,2,0,1,0,0,0,0,0,2,0,0,0,0,0,0,0,0,0,0,0,0,0,0,0,0,0,0,0,0,3,0,0,0
"COG4731",0,0,0,0,0,0,0,0,0,0,0,1,0,0,0,0,0,0,0,0,0,0,0,0,0,3,0,0,0,3,0,0,0,0,0,0,0,0,0,0,0,0,0,0,0,0,0,0,0,0,0,0,0,0,0,0,0,0,0,0
"COG4732",12,8,10,8,4,3,2,5,5,8,9,4,10,7,1,5,13,9,7,4,1,7,8,8,8,6,8,6,5,1,5,4,1,6,15,6,4,0,2,5,8,1,14,6,7,4,6,1,6,7,0,7,1,3,3,1,5,7,3,8
"COG4733",34,9,0,8,3,2,4,4,60,11,3,0,0,3,5,2,2,12,1,9,206,20,0,0,1,1,2,0,2,3,0,11,3,29,0,2,1,1,1,0,2,1,4,1,0,7,13,3,0,1,5,10,1,0,14,10,2,0,0,0
"COG4734",3,1,1,7,2,9,3,2,5,7,8,9,4,4,23,10,10,6,7,3,7,3,3,5,10,3,11,3,8,7,11,16,22,10,7,10,9,6,17,5,6,1,14,10,5,3,9,6,8,6,8,1,1,8,0,4,15,7,17,7
"COG4735",8,0,0,2,0,1,0,1,3,2,0,6,1,1,0,0,0,2,0,0,13,1,0,5,3,7,0,1,1,4,0,5,1,3,0,0,10,0,2,2,1,2,3,1,0,3,5,0,0,1,3,5,0,1,4,1,0,1,0,0
"COG4737",0,0,0,0,0,0,0,0,0,0,0,0,1,0,0,0,0,1,0,1,0,2,0,0,0,0,0,0,0,1,0,2,0,0,0,0,0,0,0,0,0,0,0,0,0,0,0,0,0,0,0,0,0,0,0,2,0,0,0,0
"COG4739",3,4,1,5,13,16,3,17,14,7,0,10,10,0,20,1,8,6,10,10,1,8,12,4,21,1,16,8,8,11,5,16,19,5,1,15,15,2,11,11,6,11,20,9,14,23,7,2,1,12,13,5,16,16,0,1,23,16,21,13
"COG4744",0,3,7,4,2,3,10,3,5,0,0,6,14,0,2,0,4,2,5,7,7,1,4,4,7,7,9,0,7,6,4,10,14,3,6,6,9,3,8,4,8,8,6,10,3,16,8,7,10,9,14,5,3,4,7,1,5,9,17,5
"COG4747",11,18,2,4,21,18,9,16,8,8,10,13,16,3,16,5,17,16,15,24,7,13,17,17,19,4,12,14,15,7,7,20,35,10,9,12,12,19,27,20,15,8,20,14,13,18,15,1,1,11,18,8,19,15,2,6,28,14,25,32
"COG4748",0,1,2,7,1,26,0,8,3,1,1,2,11,0,1,1,4,0,5,0,1,17,2,0,4,2,3,5,5,1,3,0,8,1,11,12,1,1,0,1,1,2,22,3,1,3,3,0,0,3,14,1,1,10,2,1,0,6,1,0
"COG4750",12,16,25,34,15,18,29,27,34,33,29,4,27,43,3,70,31,5,7,24,26,15,36,22,16,6,20,15,11,9,45,10,23,16,49,40,31,24,8,12,14,1,12,2,23,37,23,4,50,6,16,20,8,23,6,2,22,24,19,32
"COG4752",0,0,0,0,0,0,0,2,2,0,2,0,0,0,1,1,2,1,1,2,0,2,0,1,1,1,2,1,2,2,1,1,4,0,0,0,0,7,2,1,5,2,0,1,0,0,1,2,2,0,2,2,1,1,0,1,1,0,0,0
"COG4753",239,240,212,319,369,374,232,326,327,264,330,405,307,304,334,161,314,216,317,464,151,577,453,411,314,148,340,200,294,192,340,486,355,273,419,346,318,224,338,263,153,206,322,354,317,385,237,124,96,262,606,137,454,396,104,190,347,311,384,480
"COG4757",0,0,0,0,0,0,0,0,0,0,0,0,0,0,0,0,0,0,0,0,0,0,0,0,0,0,0,0,0,0,0,0,0,0,0,0,0,0,0,0,0,0,0,0,0,0,0,0,0,0,0,0,0,0,0,0,0,0,0,0
"COG4758",0,0,0,0,0,1,0,0,0,0,14,0,0,0,0,0,0,0,0,0,0,0,0,0,0,0,0,0,0,0,2,0,0,0,0,0,0,0,0,0,1,0,0,0,0,0,0,0,0,0,0,0,0,0,0,0,0,0,0,0
"COG4760",0,0,0,0,0,0,0,0,0,0,0,0,0,0,1,17,0,0,0,0,0,0,0,0,0,10,0,2,0,0,1,0,0,0,1,0,0,0,0,1,0,0,0,0,0,0,6,0,0,5,0,4,0,0,4,0,0,4,0,0
"COG4763",7,1,0,1,0,0,2,0,0,3,2,2,1,0,0,1,0,0,2,0,8,1,0,1,0,0,3,0,0,1,0,2,1,1,0,1,2,0,0,3,2,4,0,1,0,0,6,1,2,1,0,0,5,1,3,4,4,0,0,0
"COG4766",6,1,0,0,0,0,2,3,1,3,0,1,0,0,0,0,0,3,2,2,7,2,0,0,2,0,0,0,2,0,0,6,2,3,2,2,0,0,1,0,0,0,0,1,1,0,0,0,0,0,0,1,0,0,4,1,3,0,0,1
"COG4767",18,29,20,14,8,6,14,4,23,19,29,5,6,48,2,10,10,16,7,2,7,10,12,31,13,13,9,15,9,1,46,1,10,20,29,24,12,15,12,11,12,5,6,8,8,23,16,6,6,31,18,6,1,22,7,21,14,19,4,36
"COG4768",0,0,0,0,0,0,0,0,1,0,13,0,0,7,0,0,0,0,0,0,0,0,0,0,0,0,0,0,0,0,1,0,0,0,0,0,0,0,0,0,0,0,0,0,0,0,0,0,0,0,0,0,0,0,0,5,0,0,0,0
"COG4769",14,14,7,17,6,9,5,4,12,12,10,2,6,14,6,19,12,17,7,4,1,6,7,17,14,7,13,15,7,0,22,4,6,5,21,8,8,14,7,10,13,8,6,7,11,12,19,3,6,15,4,3,3,17,1,5,8,12,3,10
"COG4770",0,0,0,2,0,3,0,3,2,6,1,0,2,10,2,41,0,1,5,0,6,0,1,2,0,0,0,9,0,0,1,0,0,1,3,2,1,5,0,0,1,0,5,7,2,0,1,0,5,0,0,0,0,0,11,92,1,0,0,0
"COG4771",65,58,63,57,160,144,94,188,154,67,29,158,173,17,210,101,101,119,125,237,152,143,179,69,190,69,105,79,122,120,53,259,236,77,70,118,123,48,221,165,84,126,209,152,126,184,88,74,81,134,156,126,186,125,88,45,165,165,271,137
"COG4772",9,8,0,0,4,0,1,1,3,1,0,0,2,0,0,0,0,4,2,1,1,1,1,0,0,0,0,0,1,1,0,4,8,1,0,2,5,0,0,0,0,1,1,0,0,11,0,0,0,0,4,0,0,0,0,1,1,2,1,0
"COG4773",19,0,0,0,0,0,1,0,4,5,0,0,1,0,0,0,0,0,1,2,12,1,0,0,0,0,0,0,1,1,0,4,0,4,0,1,5,0,0,0,1,1,0,1,0,2,0,2,0,0,0,0,3,0,11,3,0,0,1,0
"COG4774",24,3,0,0,1,1,3,2,0,5,0,0,1,0,2,0,1,4,1,6,19,2,0,0,2,1,0,0,1,2,1,3,0,4,0,2,4,0,1,0,1,1,0,0,1,2,0,0,1,0,2,0,0,1,14,3,0,0,2,0
"COG4775",46,32,79,61,64,79,97,76,51,39,14,77,53,9,92,34,38,39,78,75,62,73,56,30,51,108,54,62,79,119,17,84,62,33,25,37,91,22,79,87,60,108,88,40,55,56,58,148,141,61,49,107,67,53,100,10,65,71,71,40
"COG4776",1,0,1,0,2,0,0,0,0,1,1,0,0,0,0,0,1,2,0,0,3,0,0,0,2,22,0,0,0,0,0,1,0,3,0,0,1,0,0,0,0,1,0,0,0,1,0,0,3,0,0,11,0,0,0,0,0,0,1,0
"COG4778",7,1,0,2,1,0,3,10,4,2,0,1,0,0,0,0,2,7,1,1,8,2,1,0,4,0,1,0,0,2,2,0,0,0,1,1,2,1,4,1,1,0,3,0,2,0,3,0,0,1,1,1,0,0,4,2,2,0,2,0
"COG4779",8,0,0,0,0,0,1,2,2,1,0,0,2,0,1,0,0,0,1,0,10,0,1,0,0,2,0,0,1,2,0,1,0,2,0,0,1,0,0,0,0,0,1,0,0,0,0,0,0,0,0,2,0,0,8,0,1,0,0,0
"COG4781",0,0,0,0,1,0,0,0,0,0,17,0,0,19,0,0,0,0,0,0,0,1,0,0,0,0,0,0,0,0,1,1,0,0,0,0,0,0,0,0,0,0,0,0,0,0,0,0,0,0,0,0,0,0,0,9,0,0,0,0
"COG4783",14,5,1,3,6,8,6,14,6,11,8,5,5,3,7,33,10,5,4,2,21,2,0,1,7,20,1,5,3,4,2,7,1,4,7,6,1,5,4,6,7,4,2,4,5,6,11,5,1,1,1,10,2,0,22,7,5,12,3,0
"COG4784",3,1,0,5,2,3,1,8,11,11,0,3,5,1,10,1,1,6,7,6,5,2,16,5,3,0,6,10,7,1,0,6,6,1,0,4,36,0,7,3,3,19,4,0,5,24,3,1,1,1,9,3,10,8,0,1,4,2,8,2
"COG4785",0,2,2,0,0,0,0,0,1,3,3,0,0,1,0,0,0,4,2,0,2,0,0,0,1,18,0,0,0,1,1,2,0,1,0,0,0,0,0,0,1,1,0,0,0,1,0,0,0,0,0,7,0,0,2,0,0,0,0,0
"COG4786",30,13,17,18,9,13,25,14,16,24,2,10,13,7,5,1,3,6,3,12,8,7,18,28,7,11,16,17,14,2,14,1,12,10,46,13,10,4,11,15,15,8,11,4,18,17,12,1,8,22,39,9,0,22,8,1,6,17,0,10
"COG4787",7,0,0,0,1,0,0,2,0,1,1,0,0,0,2,0,1,0,0,0,8,1,0,0,1,2,0,0,0,1,0,0,0,1,0,0,1,0,0,0,2,0,0,0,0,0,0,0,0,0,0,6,0,0,2,0,0,0,1,0
"COG4789",1,0,0,0,0,0,0,6,0,0,0,1,0,0,1,0,1,0,0,10,0,4,2,0,1,2,0,0,1,0,0,0,2,0,0,0,0,1,0,0,2,0,0,0,1,1,0,0,0,0,0,1,1,0,1,4,0,0,1,0
"COG4790",5,0,0,0,0,0,2,0,1,1,0,0,0,0,0,0,1,0,0,1,1,2,2,0,0,1,0,0,1,0,0,0,1,0,0,0,0,1,0,1,0,0,0,0,0,0,0,1,0,0,1,0,1,0,0,0,0,0,0,0
"COG4791",0,0,0,0,0,0,0,0,0,0,0,1,0,0,0,1,0,0,0,1,1,1,0,0,0,0,0,0,0,1,0,0,1,0,0,0,0,1,0,1,0,0,0,1,0,1,0,1,0,0,0,0,0,0,0,0,1,0,0,0
"COG4792",0,2,0,0,0,1,0,0,0,0,0,0,0,0,0,0,0,0,0,0,0,0,0,0,0,0,0,0,0,0,0,0,0,0,0,0,0,0,1,1,0,1,1,0,0,1,0,0,0,0,0,1,0,0,0,0,0,1,0,0
"COG4794",2,0,0,0,0,0,0,0,0,0,0,0,0,0,0,0,0,0,0,1,1,1,1,0,0,0,0,0,0,0,0,0,0,0,0,0,0,1,1,1,0,0,0,0,0,0,0,0,0,0,1,0,0,0,0,0,1,0,0,0
"COG4795",18,2,0,0,1,0,3,3,1,6,1,0,0,0,1,2,0,2,0,1,19,2,1,0,0,0,0,0,1,3,0,2,1,4,1,1,4,0,2,0,0,0,0,2,0,1,0,1,1,0,2,2,0,0,8,3,0,0,0,0
"COG4796",17,7,2,3,5,0,5,9,7,5,7,12,5,3,5,19,4,9,3,4,28,6,1,3,12,1,4,4,4,5,2,6,5,7,9,2,5,6,2,2,15,5,3,2,0,1,4,0,1,3,2,4,1,3,20,5,2,6,0,0
"COG4797",0,0,0,0,0,0,0,0,0,0,3,0,0,0,1,0,0,0,0,0,0,0,0,0,0,0,0,0,0,0,0,0,0,0,0,0,0,0,0,0,0,0,0,0,0,0,0,1,0,0,0,0,0,0,0,0,0,0,0,0
"COG4799",41,41,52,61,109,75,77,123,103,72,29,99,116,42,130,67,81,50,109,115,32,74,91,60,102,32,66,86,99,121,83,107,102,57,89,114,91,64,111,121,78,96,96,89,87,92,64,54,67,67,115,81,103,69,45,54,85,107,119,110
"COG4803",0,0,0,0,0,0,0,0,0,0,0,0,0,0,0,1,0,0,0,0,1,0,0,0,1,0,0,0,0,0,0,0,0,1,0,0,0,0,0,0,0,0,0,1,0,1,2,0,0,0,0,0,0,0,0,0,0,0,0,0
"COG4804",26,75,72,104,87,92,205,106,86,36,16,106,76,32,79,12,63,69,76,116,50,101,66,81,84,161,85,45,75,189,58,131,97,50,52,80,79,41,96,97,59,92,110,58,66,53,122,243,162,202,75,92,58,59,196,20,75,100,91,73
"COG4805",28,15,21,21,16,24,21,18,25,25,37,7,14,48,6,24,13,15,4,3,10,8,16,31,14,8,16,21,11,1,49,2,22,14,57,23,24,7,9,12,13,4,9,10,29,24,20,1,3,17,50,4,12,24,13,13,14,3,1,28
"COG4806",17,28,35,16,38,34,26,26,23,23,2,30,22,18,26,2,28,16,29,44,22,31,29,28,56,9,22,22,30,25,18,51,33,13,35,23,38,23,61,30,26,24,22,14,22,34,23,31,9,19,26,37,39,38,15,8,40,32,38,32
"COG4807",3,1,0,0,0,0,1,0,1,1,0,0,0,0,0,0,0,2,0,0,2,5,0,0,0,1,0,0,0,0,1,0,0,0,0,0,0,0,0,4,0,2,0,0,1,0,0,0,0,0,0,2,1,0,1,0,2,0,0,0
"COG4808",7,0,1,0,0,0,1,0,0,1,7,1,0,0,2,0,0,0,0,0,13,3,0,0,0,0,0,0,0,0,0,2,0,1,0,0,1,0,0,0,0,0,0,0,0,1,0,0,0,0,0,0,0,0,3,2,0,0,0,0
"COG4809",0,0,0,1,0,0,0,0,0,0,0,0,0,0,0,0,0,0,0,0,0,0,0,0,0,0,0,0,0,0,1,0,0,0,0,0,0,0,0,0,0,0,0,0,0,0,0,0,0,0,0,0,0,0,0,0,0,0,0,0
"COG4810",6,2,4,1,2,3,2,3,2,4,5,2,2,6,5,2,5,3,1,1,2,5,0,2,3,1,1,0,4,2,3,4,1,4,6,1,3,0,1,4,1,0,2,11,3,4,0,0,0,1,3,1,1,4,5,10,3,2,0,6
"COG4811",0,0,0,0,0,0,0,1,1,0,1,0,0,0,0,0,0,0,1,1,6,0,0,0,0,0,0,0,1,0,0,2,0,1,0,0,4,0,0,0,0,0,0,0,0,2,0,0,0,0,1,0,0,0,3,1,1,0,0,0
"COG4812",4,2,0,1,0,2,1,0,0,2,0,1,1,0,0,0,2,1,0,2,0,0,1,0,2,0,0,0,1,0,0,0,2,3,0,0,2,5,0,0,0,0,1,0,3,3,1,0,1,0,1,0,0,0,1,1,0,1,0,2
"COG4813",1,1,0,0,0,0,0,0,0,0,5,0,0,5,0,0,0,1,0,0,0,0,1,4,2,0,0,0,0,0,3,0,1,4,2,1,0,10,0,1,1,1,0,1,0,0,0,0,0,0,0,0,0,0,0,0,0,0,0,3
"COG4814",0,0,0,0,0,0,0,0,1,0,48,0,0,39,1,2,0,1,0,0,0,0,0,0,0,0,0,0,0,0,0,0,0,0,0,0,0,0,0,0,0,0,0,0,0,1,0,0,0,0,0,0,1,0,0,8,0,0,0,0
"COG4816",18,2,3,2,3,2,1,4,2,5,13,2,4,20,3,1,7,2,0,3,2,14,0,0,2,0,0,2,3,1,5,5,2,7,2,4,5,10,1,8,2,4,2,9,1,6,3,0,0,0,0,3,1,0,3,4,5,1,3,1
"COG4819",8,4,0,4,2,0,3,0,3,3,2,0,3,0,2,0,2,16,1,5,14,1,1,3,3,0,0,1,5,5,0,0,3,7,0,0,1,9,0,1,4,0,1,6,0,4,2,2,1,1,2,5,1,0,6,3,0,0,0,0
"COG4820",15,4,0,1,2,1,2,2,2,1,4,3,2,1,0,2,1,5,2,2,12,15,1,0,2,0,1,0,1,0,2,2,0,4,3,4,2,0,1,3,1,0,0,1,1,3,1,0,0,2,3,4,0,1,5,8,0,1,0,0
"COG4821",0,2,3,0,0,0,2,1,2,0,0,3,3,2,4,1,4,3,1,3,3,2,5,1,6,2,3,7,1,0,4,0,4,4,0,2,0,3,1,2,1,0,1,1,4,1,0,0,0,2,3,0,1,6,0,2,0,3,7,4
"COG4822",21,20,16,31,47,58,16,56,49,20,26,33,39,38,39,33,41,50,25,47,9,17,26,28,47,13,34,16,29,27,40,63,49,23,48,40,34,21,51,36,28,17,53,31,23,26,37,3,11,22,35,14,40,37,9,16,54,50,39,27
"COG4823",15,25,66,27,38,10,26,23,26,20,19,31,30,35,8,0,51,3,27,33,15,15,20,28,16,83,20,27,71,53,21,23,13,13,3,37,12,12,35,12,48,30,10,11,13,13,46,76,123,102,13,76,36,26,49,11,14,23,37,34
"COG4824",2,5,3,7,1,2,8,4,5,3,8,2,1,1,0,7,1,6,2,0,0,12,3,9,2,4,4,3,2,1,4,4,0,17,4,5,1,7,3,1,4,6,1,5,2,4,9,3,0,4,0,0,1,5,2,3,8,4,0,4
"COG4825",0,0,2,0,0,0,0,0,0,0,0,0,0,1,0,0,0,0,0,0,1,0,0,0,0,0,0,0,0,0,0,1,0,0,0,0,0,0,0,0,0,0,0,0,0,0,0,0,0,0,0,0,0,0,0,0,0,0,0,0
"COG4826",4,21,26,9,3,10,38,11,2,5,6,13,7,15,4,3,1,12,25,7,5,2,11,10,9,24,21,6,16,19,22,1,4,28,17,16,5,45,8,11,5,19,5,19,7,5,6,40,28,46,10,30,10,10,13,11,3,11,6,11
"COG4828",2,1,0,2,5,2,1,8,3,2,0,2,4,1,6,1,2,0,3,11,1,7,9,0,3,0,2,0,2,6,2,4,5,3,3,6,7,1,14,1,2,0,5,2,8,8,1,0,0,0,4,1,16,0,0,0,9,6,2,6
"COG4829",0,0,0,0,0,0,0,0,0,0,0,0,0,0,0,0,0,0,0,0,0,0,0,0,0,0,0,0,0,0,0,0,0,0,0,0,0,0,0,0,0,0,0,0,0,0,0,0,0,0,0,0,0,0,0,0,0,0,0,0
"COG4832",6,9,14,7,0,5,2,1,5,5,6,1,3,18,3,1,14,5,3,6,9,0,4,11,2,5,2,15,5,0,10,4,2,12,1,7,4,5,2,1,6,2,3,9,9,0,7,3,4,6,9,4,0,6,2,5,3,2,11,11
"COG4833",14,17,1,19,15,7,12,22,35,51,1,37,74,14,127,2,42,25,55,89,16,201,77,15,45,3,43,41,28,12,11,62,79,14,21,63,56,10,28,41,13,70,44,39,48,80,15,3,2,7,134,5,76,38,2,9,32,48,41,75
"COG4834",0,0,0,5,1,3,1,2,1,1,0,4,0,0,6,1,0,0,0,0,0,0,0,4,1,0,0,1,0,2,0,0,1,0,0,0,0,4,0,0,1,1,0,0,5,2,1,0,0,1,1,3,0,0,0,0,2,1,0,0
"COG4835",1,0,0,0,0,0,0,0,0,0,9,0,0,3,0,0,0,0,0,0,0,0,0,0,0,0,0,0,0,0,0,0,0,0,1,0,0,0,0,0,0,0,0,0,0,0,0,0,0,0,0,0,0,0,0,5,0,0,0,0
"COG4839",0,0,0,0,0,0,0,0,0,0,8,0,0,1,0,0,0,0,0,0,0,0,0,1,0,0,0,0,0,0,0,0,0,0,0,0,0,0,0,0,0,0,0,0,0,0,0,0,0,0,0,0,0,0,0,0,0,0,0,0
"COG4842",1,0,1,0,0,0,0,1,0,0,0,0,3,0,0,0,0,0,0,0,0,0,0,2,1,0,1,0,1,0,0,1,0,1,0,1,0,0,0,0,0,0,0,0,4,0,0,0,0,0,0,0,0,0,0,0,0,3,0,1
"COG4843",0,0,0,0,0,0,0,0,0,0,0,0,0,0,0,0,0,0,0,0,0,0,0,0,0,0,0,0,0,0,0,0,0,2,0,0,0,2,0,0,0,0,0,0,0,0,0,0,0,0,0,0,0,0,0,0,0,0,0,0
"COG4845",16,15,7,28,21,11,16,28,40,22,4,35,16,5,12,10,34,12,27,34,24,23,23,16,38,16,21,20,35,26,17,29,38,23,8,14,34,27,30,28,32,28,44,24,18,31,20,15,2,13,18,21,19,28,34,6,34,35,27,14
"COG4849",2,0,0,0,0,1,0,1,0,0,0,1,0,0,0,0,0,0,6,0,0,0,2,0,0,2,0,0,0,0,0,0,0,0,0,0,0,2,0,0,0,0,0,0,0,0,0,51,8,24,0,0,0,3,19,0,0,0,0,0
"COG4850",0,0,0,0,0,1,0,0,0,0,1,0,0,11,0,31,0,0,3,0,7,0,0,0,0,0,0,2,0,0,0,0,0,0,1,0,1,0,0,0,0,0,0,1,0,0,0,0,0,0,0,0,0,0,3,46,1,0,0,0
"COG4851",2,0,1,1,0,0,1,0,2,0,8,0,0,9,0,0,0,1,0,0,0,1,0,1,0,0,0,0,0,0,0,0,1,1,0,0,0,0,0,1,0,0,0,2,0,0,0,0,0,1,0,0,0,1,2,5,0,1,0,2
"COG4853",0,0,0,0,0,0,0,0,0,0,7,0,0,0,0,0,0,0,0,0,0,0,0,0,0,0,0,0,0,0,0,1,0,0,0,0,0,0,0,0,0,0,0,0,0,0,0,0,0,0,0,0,0,0,0,8,0,0,0,0
"COG4856",35,33,21,29,29,34,19,6,25,34,45,15,28,38,10,39,31,41,14,14,12,11,15,27,18,14,27,22,15,3,44,7,10,33,47,29,17,47,10,19,25,8,21,27,19,22,22,0,11,20,8,11,2,28,19,15,9,15,20,19
"COG4857",0,0,1,2,0,1,0,1,0,1,14,4,0,2,1,1,4,5,3,1,0,11,1,0,4,1,1,0,2,5,3,1,1,0,3,1,2,0,0,1,2,1,1,4,0,3,1,0,1,0,2,0,0,0,0,3,1,0,2,2
"COG4858",0,0,2,0,0,0,0,0,0,0,25,1,0,11,0,0,0,0,0,0,0,0,0,0,0,0,0,0,0,0,0,0,0,0,0,0,0,0,0,0,0,0,0,0,0,0,1,0,0,0,0,0,0,0,1,4,0,0,0,1
"COG4859",1,2,1,3,1,3,1,0,4,2,0,3,1,1,2,1,3,1,2,3,0,0,3,3,2,5,0,3,2,5,5,0,2,0,4,1,2,5,0,4,2,1,1,0,4,3,4,0,0,3,1,2,0,5,0,0,1,4,0,0
"COG4861",0,0,0,0,0,0,0,4,0,6,0,1,0,0,0,0,0,1,8,1,1,0,7,3,2,4,0,1,0,0,1,0,0,0,0,0,0,0,0,2,0,0,0,0,0,0,0,21,3,16,1,0,0,1,9,0,0,0,0,0
"COG4862",10,11,11,9,3,9,8,8,9,12,39,4,2,39,3,3,7,4,1,4,4,3,7,9,5,2,2,9,4,0,22,2,5,11,28,9,12,4,4,6,4,2,4,2,18,7,14,2,8,4,5,4,0,18,4,9,5,15,0,10
"COG4864",14,11,2,10,36,26,14,29,28,19,2,28,26,1,41,17,16,23,37,29,13,16,21,25,30,4,23,11,21,16,14,31,33,16,9,22,24,17,33,22,24,21,38,17,37,30,21,0,2,12,19,18,44,22,7,3,31,18,32,26
"COG4865",0,3,0,0,0,1,0,2,0,0,2,0,0,0,5,0,1,3,1,4,0,7,0,0,0,0,1,0,0,1,0,0,2,4,1,1,0,0,0,6,5,1,0,1,0,2,0,0,0,0,0,1,1,0,0,1,5,0,0,0
"COG4866",24,35,21,22,38,32,18,39,31,28,10,42,36,18,39,28,17,38,42,47,13,45,36,29,36,13,37,42,30,19,17,46,24,38,35,36,35,41,51,47,30,25,23,45,32,43,33,7,10,26,35,10,39,32,8,15,54,33,41,44
"COG4868",28,45,57,50,16,21,39,15,14,27,43,19,28,38,8,13,36,44,22,2,14,10,14,28,21,45,36,31,35,68,38,8,16,28,25,35,18,41,6,24,44,26,17,21,25,26,33,63,62,45,21,48,3,23,32,41,7,12,13,15
"COG4869",12,16,5,7,1,2,6,2,10,6,9,7,4,8,7,1,11,13,12,3,4,16,1,17,2,4,3,6,3,2,1,1,2,12,2,1,4,10,0,6,6,5,3,5,2,7,7,0,3,3,5,0,0,2,0,4,1,2,2,5
"COG4870",23,13,15,34,13,32,25,12,22,45,14,5,8,17,2,12,3,7,6,7,7,2,5,19,12,12,32,22,11,3,55,3,12,19,53,19,19,15,5,21,19,2,4,25,36,32,24,5,24,41,4,10,9,18,1,5,17,16,6,32
"COG4871",0,0,1,0,0,0,0,0,0,0,0,0,0,1,0,0,0,0,0,0,0,0,0,0,0,0,0,0,0,1,0,0,0,0,0,0,0,0,0,0,0,0,0,0,0,0,0,0,0,0,0,0,0,0,0,0,0,0,0,0
"COG4874",0,1,0,0,7,5,1,4,2,2,0,2,12,0,7,0,4,2,0,0,0,4,5,1,1,0,9,0,4,5,0,2,6,0,3,8,1,0,10,4,1,3,1,1,5,1,4,0,1,1,1,2,5,1,0,0,5,12,3,7
"COG4877",0,0,1,1,1,1,0,1,1,2,3,1,3,4,2,2,5,0,0,0,1,0,0,5,0,4,0,3,1,0,0,0,1,2,1,3,0,4,0,0,3,0,2,1,1,2,3,0,0,0,0,0,0,1,0,1,0,2,4,2
"COG4878",7,3,5,7,3,6,6,0,2,7,26,3,4,10,0,26,49,6,0,0,4,9,10,6,3,1,1,8,2,0,14,0,0,1,2,7,0,7,3,0,5,0,3,5,1,7,1,1,0,10,2,2,1,6,5,41,6,1,11,4
"COG4880",9,16,8,8,3,10,5,6,2,10,13,6,6,21,1,4,11,5,3,2,4,2,9,13,8,4,5,4,1,1,7,2,3,18,32,20,6,9,1,1,6,0,6,6,4,5,4,3,3,2,3,0,4,5,3,13,1,8,0,21
"COG4884",2,0,0,0,0,0,1,0,0,1,0,0,0,0,2,0,0,0,0,2,14,8,0,0,0,0,0,0,0,0,0,0,0,0,0,0,0,0,0,1,0,0,0,0,1,0,0,0,0,0,0,0,0,0,4,0,0,0,1,0
"COG4886",27,43,87,66,27,73,40,28,35,58,19,77,43,30,33,3,28,25,99,106,38,62,66,54,53,79,72,63,32,76,38,37,66,68,6,52,51,78,24,33,94,92,114,72,39,38,64,146,23,29,39,115,51,79,91,16,75,42,48,40
"COG4887",5,5,4,3,10,3,5,8,2,15,1,3,13,0,16,27,4,2,5,5,0,3,0,3,6,0,10,9,7,11,6,2,17,3,11,9,13,3,19,5,4,13,5,3,5,3,14,0,1,7,3,7,14,3,2,1,12,10,8,3
"COG4889",12,0,82,6,7,1,93,17,0,11,0,13,40,2,0,0,6,2,26,22,0,0,2,3,3,15,2,1,15,22,1,20,9,4,1,29,59,6,10,2,8,95,7,6,44,22,14,0,0,11,3,7,18,6,70,0,0,32,6,1
"COG4890",1,0,0,0,0,0,1,0,0,0,0,0,0,0,0,0,0,0,0,0,1,0,0,0,0,0,0,0,0,0,0,0,0,0,0,0,0,0,0,0,0,0,0,0,0,0,0,0,0,0,0,0,0,0,0,0,0,0,0,0
"COG4892",0,0,0,0,0,0,1,0,0,0,2,0,0,1,0,0,0,0,0,0,0,0,0,0,0,0,0,0,0,0,0,0,0,0,0,0,0,0,0,0,0,0,0,0,0,0,0,0,0,0,0,0,0,0,0,1,0,0,0,0
"COG4894",6,7,4,8,3,6,8,3,3,15,7,2,1,4,3,5,5,2,4,8,2,2,8,12,5,3,4,7,3,2,8,1,8,5,12,6,5,11,2,3,10,1,6,9,10,3,6,2,1,9,5,1,2,10,2,1,3,4,1,7
"COG4895",0,0,0,0,0,0,0,0,0,0,1,0,0,0,0,0,1,0,0,0,0,0,0,1,0,0,0,0,1,0,0,1,0,0,0,0,0,0,0,0,0,0,0,0,0,0,0,0,0,0,0,0,0,0,0,0,0,0,0,0
"COG4898",0,0,0,0,0,0,0,0,0,0,0,1,0,1,0,0,0,0,0,0,1,0,0,0,0,0,0,0,1,0,1,0,0,1,0,2,1,0,0,0,1,1,0,1,0,0,0,0,1,1,0,0,0,3,0,4,0,0,0,0
"COG4903",0,4,0,0,0,0,0,0,0,0,0,0,0,0,0,0,0,0,0,0,0,0,0,0,0,0,0,0,0,0,1,0,0,1,0,0,0,0,0,0,0,0,0,0,0,0,0,0,0,3,0,0,0,0,0,0,0,0,0,0
"COG4905",41,66,28,38,27,26,39,20,49,54,32,21,44,108,17,76,57,47,13,6,24,10,34,77,29,28,25,39,16,5,83,12,29,71,49,29,25,53,23,24,37,8,23,46,51,37,63,4,13,41,36,18,13,46,34,139,19,21,14,37
"COG4907",0,0,0,0,0,2,1,3,0,0,22,0,1,12,4,0,1,11,2,0,9,8,1,1,0,0,0,6,1,4,1,0,2,10,2,0,1,7,0,7,0,2,0,6,0,4,1,0,0,0,1,0,0,1,11,5,0,2,0,1
"COG4908",0,0,0,0,0,0,0,0,0,0,0,2,0,0,0,0,0,0,0,0,0,0,0,0,0,0,0,0,0,0,0,0,0,4,0,0,0,0,0,0,0,0,0,0,0,1,0,0,0,0,0,0,0,0,0,0,0,0,0,2
"COG4909",5,6,1,0,2,1,0,1,2,3,5,0,1,2,1,1,3,6,0,1,1,15,0,0,2,0,0,0,0,3,6,8,3,2,6,3,3,1,0,12,1,2,1,6,2,1,1,0,0,1,4,5,0,1,0,8,1,0,1,2
"COG4910",1,0,0,1,0,0,0,0,0,0,2,2,1,1,0,0,0,1,0,0,0,2,0,0,1,0,0,0,0,2,1,0,1,0,2,0,1,0,2,0,1,0,0,0,0,2,0,0,0,0,1,2,0,1,0,0,1,1,0,0
"COG4912",12,18,29,25,27,30,32,23,19,11,23,28,30,20,18,6,22,31,18,35,7,17,24,19,30,24,33,19,18,11,33,38,22,23,21,24,27,22,24,20,16,32,18,35,25,20,26,22,23,53,16,33,37,30,13,14,22,19,25,34
"COG4913",21,2,15,11,86,16,8,20,17,12,11,7,37,75,3,75,90,15,8,1,24,7,26,4,17,4,15,25,13,16,40,1,1,14,15,31,17,15,29,19,25,3,21,22,51,9,6,5,9,10,1,13,4,15,17,55,3,8,17,12
"COG4916",0,1,1,0,0,0,0,0,0,0,0,0,0,0,0,0,0,0,0,3,0,0,0,0,0,0,0,0,0,0,0,1,0,1,0,0,0,0,1,0,0,0,0,0,0,0,0,1,0,1,0,0,0,0,0,0,0,0,0,5
"COG4917",11,1,4,2,0,1,2,0,2,4,8,1,2,4,3,1,3,4,0,1,15,3,2,0,3,0,0,0,3,0,10,3,1,3,3,3,4,1,2,2,1,1,0,5,1,3,2,0,0,2,2,3,1,0,2,6,5,1,2,5
"COG4922",0,0,0,0,0,0,0,1,0,2,4,1,0,1,1,0,1,0,1,0,0,0,0,1,3,0,0,0,0,0,1,0,0,0,2,5,0,2,0,0,0,0,0,0,1,0,1,0,0,0,3,0,0,0,0,0,0,0,0,0
"COG4924",0,0,0,0,8,1,1,7,3,0,0,0,2,5,0,9,1,5,1,0,2,3,0,0,6,14,0,3,2,5,0,0,0,0,0,5,7,0,6,4,1,1,0,0,11,1,0,1,0,2,0,10,0,0,2,40,0,3,0,0
"COG4925",5,4,2,5,3,0,4,2,5,0,0,5,3,2,10,5,1,4,6,8,3,7,6,0,1,7,3,0,7,0,0,4,4,2,1,3,3,0,2,3,2,2,3,1,2,9,8,1,0,1,8,2,12,0,4,0,2,3,2,3
"COG4926",30,2,1,6,0,0,1,0,1,3,7,3,7,0,10,5,8,7,0,0,3,4,0,6,0,0,6,0,3,0,1,3,1,17,1,3,1,1,1,3,2,0,0,3,0,3,1,0,0,3,1,2,1,8,0,0,2,0,0,3
"COG4927",0,0,0,15,1,0,4,1,1,1,0,5,1,7,2,0,1,0,2,1,0,9,0,1,0,0,4,0,1,0,3,0,0,4,0,2,3,0,1,1,0,0,1,1,0,0,3,1,1,6,0,0,1,0,0,4,0,0,3,1
"COG4928",9,24,10,11,5,1,11,18,6,12,11,1,0,12,3,1,4,6,8,10,12,31,15,12,5,76,4,4,3,0,12,6,0,32,16,3,29,9,7,11,17,16,5,14,6,0,6,86,18,115,1,81,4,11,34,4,1,12,3,34
"COG4929",1,0,0,1,0,0,0,0,1,0,0,2,1,0,0,0,0,0,0,4,1,10,2,0,1,0,1,0,0,0,0,2,1,2,0,3,0,0,0,1,0,0,1,3,4,3,0,0,0,2,3,0,3,0,0,0,1,1,2,4
"COG4930",4,24,15,23,27,7,26,8,6,7,8,1,11,17,7,21,14,5,19,32,0,5,2,21,4,8,8,11,0,48,16,1,5,11,2,9,13,17,12,14,37,3,36,11,2,3,46,10,12,17,31,7,3,3,1,0,20,11,3,26
"COG4932",54,62,59,110,63,40,62,38,41,80,213,46,47,104,31,175,48,78,58,28,114,45,46,134,51,25,70,83,28,7,83,53,36,102,102,83,49,190,19,79,117,7,32,77,114,83,90,12,7,65,14,11,17,71,39,176,29,44,20,131
"COG4933",0,0,4,2,0,0,1,2,0,1,3,2,1,0,0,0,0,0,4,1,1,2,10,1,0,22,0,2,0,1,3,3,3,1,0,1,1,3,8,0,0,1,1,8,1,2,3,9,0,1,0,2,0,0,21,0,0,0,0,2
"COG4936",12,7,10,4,1,9,10,3,5,9,4,3,2,3,3,0,8,6,0,4,1,12,12,17,1,5,8,9,4,2,7,3,4,5,9,1,6,5,1,8,20,1,3,5,11,7,10,2,1,11,7,3,1,3,3,4,2,6,2,2
"COG4937",3,5,16,14,10,3,27,12,10,7,0,11,9,1,1,0,0,2,10,7,3,4,4,9,6,21,7,15,25,33,4,1,0,2,4,8,24,0,12,5,12,28,4,2,5,0,13,39,32,3,5,29,11,1,23,0,10,6,12,4
"COG4938",5,9,54,8,4,38,2,3,9,12,1,6,4,0,1,2,4,7,15,12,4,0,10,5,16,0,10,6,2,2,11,4,15,1,12,12,0,0,1,6,9,64,0,0,7,18,20,50,99,7,4,0,8,8,0,1,1,12,5,4
"COG4939",0,0,0,0,0,0,0,0,0,0,0,1,0,0,0,0,0,1,1,0,3,0,0,0,0,0,0,0,0,0,0,0,0,2,0,1,0,0,0,0,0,0,0,0,1,0,1,0,0,0,0,0,0,0,0,1,0,0,0,0
"COG4940",1,8,1,7,0,1,3,3,3,0,13,2,1,0,2,0,1,6,5,1,0,3,2,1,3,0,0,2,0,0,0,1,0,12,0,1,1,0,2,3,1,1,2,0,2,0,5,2,0,0,0,0,0,1,0,0,3,1,1,0
"COG4942",9,15,0,8,15,13,2,17,15,10,2,27,12,3,18,2,8,8,23,15,24,21,16,4,9,9,9,10,15,9,8,20,19,8,3,9,15,3,15,16,11,7,26,18,14,20,11,0,12,29,17,6,23,14,3,3,14,6,19,12
"COG4943",25,8,0,0,1,1,3,3,4,5,6,1,1,4,0,1,1,5,2,5,34,4,0,1,1,1,0,0,2,6,0,3,1,4,1,0,13,0,1,0,0,0,0,3,1,1,0,3,1,0,2,4,1,1,20,4,0,0,1,0
"COG4946",42,26,80,33,142,77,93,128,83,71,0,82,136,11,87,2,59,39,133,89,39,81,107,35,92,64,104,64,105,138,46,105,81,39,40,130,102,19,162,81,65,109,90,57,80,78,69,147,66,39,69,112,147,81,53,15,128,87,114,95
"COG4947",19,4,6,10,25,11,5,5,5,9,12,2,12,12,7,16,25,2,2,1,4,2,10,4,7,3,8,11,2,3,19,1,1,2,3,10,2,3,4,6,6,4,9,5,12,3,4,1,4,3,0,6,0,5,7,2,2,4,7,5
"COG4948",75,48,34,52,66,68,76,52,43,44,22,39,58,17,46,55,142,44,54,78,86,113,47,43,48,32,29,45,47,47,39,73,69,43,29,42,53,25,39,54,41,44,51,48,31,53,33,43,25,35,83,64,54,39,58,17,80,35,71,40
"COG4950",2,2,0,0,0,1,1,0,2,5,4,0,0,1,0,0,0,4,0,1,7,2,0,0,0,0,0,0,0,0,0,2,0,2,1,0,0,0,0,0,0,0,0,0,1,0,0,0,0,0,0,0,0,0,6,0,0,0,0,0
"COG4951",3,6,28,5,1,55,5,3,6,2,14,5,2,13,2,3,6,6,10,25,10,0,12,31,9,12,33,27,18,11,30,3,11,16,1,4,18,8,8,28,6,13,30,6,0,18,5,7,36,14,19,34,40,4,30,8,10,14,11,13
"COG4952",0,0,0,0,0,0,4,0,0,0,0,0,1,0,0,0,1,4,0,0,1,1,1,0,4,0,0,0,0,0,3,0,0,0,0,3,0,3,0,1,0,0,1,0,0,1,0,0,1,1,0,1,0,0,0,1,0,0,0,2
"COG4953",13,4,1,9,12,5,2,29,13,6,7,35,13,2,25,0,6,3,25,17,35,44,15,3,10,22,14,2,22,20,2,16,17,18,5,6,20,2,4,18,13,5,14,28,17,36,7,2,1,2,21,19,16,3,10,3,9,10,14,4
"COG4955",0,0,0,0,0,0,0,0,0,0,6,0,0,0,0,0,0,0,0,0,0,0,0,0,0,0,0,0,0,0,0,0,0,0,0,0,0,0,0,0,0,0,0,0,0,0,0,0,0,0,0,0,0,0,1,2,0,0,0,0
"COG4956",2,6,2,3,0,2,1,2,2,3,10,2,0,11,4,34,1,10,6,2,1,1,0,1,7,1,1,3,0,1,1,4,1,5,4,0,1,8,3,2,4,4,1,2,1,0,8,1,1,1,0,1,1,2,5,1,1,4,2,0
"COG4957",0,0,0,0,0,0,0,0,0,0,0,0,0,0,0,0,0,0,0,0,0,0,0,0,0,0,0,0,0,0,0,0,0,0,1,0,1,0,0,0,0,0,1,0,0,2,0,0,0,0,0,1,0,0,0,0,0,0,0,0
"COG4959",1,0,0,0,0,0,0,1,1,0,0,0,0,0,0,5,0,0,0,0,0,0,0,0,1,7,0,0,0,1,0,0,1,0,0,0,0,0,0,0,1,0,0,0,0,0,2,0,0,0,0,2,0,0,2,0,0,0,1,0
"COG4962",23,53,31,41,25,45,35,23,29,53,30,14,43,45,16,37,12,27,11,7,20,11,26,76,29,22,32,37,25,3,48,11,37,38,86,45,28,41,16,25,39,7,11,31,22,37,75,4,14,53,65,12,11,44,25,73,19,23,12,25
"COG4963",0,2,0,0,3,1,2,0,0,1,0,0,5,0,0,0,0,0,4,1,0,0,3,0,0,5,0,1,0,0,0,0,0,1,0,3,3,1,0,0,9,0,0,0,0,0,6,2,0,3,0,0,0,1,0,0,0,0,0,0
"COG4964",0,0,0,0,0,0,0,0,0,0,0,0,0,0,0,0,0,0,0,0,13,0,0,0,0,1,3,0,1,0,0,0,0,2,0,0,0,0,4,0,0,0,1,1,0,0,0,0,0,0,0,0,0,0,0,0,0,0,0,0
"COG4965",9,10,9,4,4,2,7,5,14,17,19,1,8,17,1,2,7,12,0,1,0,2,5,8,7,10,8,12,6,1,15,3,4,9,12,12,14,14,6,2,8,4,3,5,5,8,12,0,3,11,3,1,5,18,5,10,1,6,4,8
"COG4967",4,2,0,0,0,0,0,0,0,0,0,0,1,1,0,1,0,0,1,1,7,0,0,0,0,0,0,0,0,1,1,0,0,0,0,0,4,0,1,0,0,1,0,0,0,0,0,0,0,0,0,1,0,0,3,0,0,0,1,0
"COG4969",11,3,1,0,0,0,1,0,1,3,3,0,0,1,0,0,1,1,1,2,5,2,1,2,0,0,0,0,1,0,0,0,0,2,0,1,2,0,2,0,1,0,0,0,0,2,0,0,1,1,2,1,1,0,4,3,0,0,0,0
"COG4972",3,9,13,10,4,9,8,1,14,23,13,2,4,7,2,1,3,2,4,3,14,7,7,21,5,6,13,9,2,0,7,2,4,6,8,11,2,14,1,4,10,5,4,8,18,6,14,2,2,7,10,5,3,8,0,1,4,15,6,7
"COG4973",12,6,0,12,11,9,22,10,20,11,0,7,11,3,11,0,2,10,12,16,17,8,11,2,11,7,10,11,18,17,14,19,19,13,4,22,88,5,32,18,24,41,19,14,33,49,14,13,32,27,35,36,23,19,26,3,16,35,14,22
"COG4974",100,184,504,198,188,189,162,254,219,177,113,256,178,127,215,49,158,136,292,272,97,138,204,178,242,388,226,178,251,286,177,206,300,124,97,186,220,92,258,273,218,183,222,207,193,201,249,788,280,292,216,260,250,173,454,102,221,244,227,154
"COG4975",0,0,0,0,0,0,0,0,0,0,7,0,0,9,0,0,0,0,0,0,0,0,0,0,0,0,0,5,0,0,0,0,0,0,0,0,0,0,0,0,0,0,0,0,0,0,0,0,0,0,0,0,0,0,0,6,0,0,0,0
"COG4977",42,30,96,38,32,37,21,32,47,42,12,75,48,18,93,2,55,61,69,131,23,143,157,66,54,16,87,43,57,26,27,25,21,45,4,19,9,18,35,18,23,40,26,47,51,26,16,28,4,16,37,15,49,33,6,3,26,26,42,16
"COG4978",10,17,7,8,10,4,11,8,14,1,23,34,6,7,12,21,7,9,4,7,7,51,7,10,12,6,5,4,11,6,11,17,18,26,23,14,5,10,10,16,16,1,7,10,6,13,19,1,5,10,9,7,6,6,5,16,16,7,16,8
"COG4981",0,0,0,0,0,3,0,0,4,0,8,0,0,55,0,107,0,3,12,0,28,1,0,0,1,0,0,8,1,0,2,0,0,0,5,0,0,7,0,0,1,0,1,20,1,1,0,0,0,0,0,0,0,0,11,200,3,0,0,1
"COG4982",0,0,0,0,0,4,0,0,3,0,7,0,0,59,0,109,0,1,9,0,20,0,0,0,0,0,0,14,0,0,3,0,0,0,6,0,1,6,0,0,2,0,1,10,1,0,0,0,2,1,0,0,1,0,18,163,0,0,0,0
"COG4983",5,4,1,2,0,1,1,0,0,0,1,0,2,1,3,2,0,4,6,0,2,0,0,6,4,2,4,1,0,1,5,0,8,10,3,5,6,2,0,0,0,1,0,0,2,1,0,4,2,0,2,1,5,1,0,0,2,1,0,5
"COG4984",0,1,1,4,1,0,0,1,1,0,1,1,5,0,11,0,2,2,3,4,1,16,7,1,2,0,2,1,7,1,0,3,2,1,2,2,1,2,2,1,0,2,7,9,1,6,0,0,0,0,8,0,10,2,0,1,0,3,3,6
"COG4985",3,3,2,6,0,3,7,0,9,6,2,2,0,4,1,2,1,1,3,0,4,0,3,7,3,2,5,5,2,1,2,0,1,3,0,0,0,5,0,4,1,2,2,4,8,0,7,0,1,2,6,0,0,4,2,0,1,2,0,4
"COG4986",0,0,0,0,0,0,0,0,0,0,0,0,0,2,0,0,0,0,0,0,0,0,0,0,0,0,0,0,0,0,0,0,0,0,0,0,0,1,0,0,1,0,0,0,0,0,0,0,0,0,0,0,0,0,0,0,0,0,0,0
"COG4987",12,1,1,0,3,0,2,5,3,4,15,0,0,16,0,39,0,9,1,3,14,2,0,0,1,0,0,0,1,4,4,2,1,4,9,0,6,0,5,0,1,3,0,1,2,1,0,0,0,1,0,0,1,0,13,18,0,14,1,0
"COG4988",27,19,22,9,20,10,19,8,13,16,46,9,7,79,5,98,45,17,12,3,29,5,10,12,8,5,6,22,4,5,15,6,8,17,46,15,16,14,1,9,10,9,11,14,8,10,16,2,5,11,3,8,6,11,31,134,14,22,6,14
"COG4989",5,2,2,4,1,1,2,3,6,5,32,6,0,13,2,2,8,3,0,2,11,4,5,1,8,7,1,7,2,0,8,6,2,5,5,8,10,8,2,4,1,1,2,4,4,3,1,4,0,2,2,7,1,2,12,22,0,2,1,8
"COG4990",7,1,4,6,1,3,0,0,10,9,0,3,2,20,0,1,8,4,3,1,3,0,2,9,1,2,2,5,2,0,8,0,4,4,2,8,1,12,3,2,4,1,4,5,6,11,8,2,4,22,2,3,0,10,0,2,0,2,1,14
"COG4992",75,65,35,45,69,59,68,99,80,79,50,62,99,49,72,83,97,68,62,57,69,40,68,51,54,46,85,84,73,90,71,66,60,52,65,75,67,52,96,55,71,56,69,73,65,45,62,36,38,47,53,79,78,60,64,80,75,78,76,93
"COG4993",14,5,0,0,1,0,1,0,2,7,4,0,1,3,0,0,3,4,0,3,22,5,0,0,0,1,0,0,1,1,0,4,0,1,0,0,1,0,1,0,1,0,1,0,1,1,0,3,0,0,1,4,0,0,11,2,0,0,1,0
"COG4995",1,7,0,9,4,12,18,24,1,1,0,11,23,1,36,0,3,5,14,30,1,12,10,3,4,11,14,52,5,1,1,5,2,1,0,17,7,7,4,41,5,1,1,10,6,0,4,22,36,112,6,0,10,39,0,1,4,3,44,6
"COG4997",1,1,0,3,0,1,0,0,1,0,0,1,0,1,0,0,1,1,0,2,1,0,0,2,0,2,0,0,0,0,0,0,0,2,0,0,0,0,0,0,1,0,0,0,3,1,5,0,0,9,0,0,0,1,0,0,0,1,1,0
"COG4999",186,187,212,266,185,129,183,236,167,237,96,236,250,72,272,41,163,183,183,263,167,155,315,317,250,131,331,152,267,140,166,216,235,192,140,267,8,196,213,235,221,109,172,239,305,267,277,102,152,335,321,147,222,241,56,61,163,263,253,285
"COG5000",18,24,36,25,77,40,48,80,82,41,5,78,99,6,90,0,46,26,72,105,24,91,54,40,91,36,68,37,63,58,17,83,61,46,28,67,49,14,89,57,40,69,66,41,79,63,42,57,36,19,73,50,110,58,43,20,79,58,95,75
"COG5001",113,106,128,95,67,102,99,96,106,160,97,50,63,65,35,48,94,53,35,37,31,172,76,156,47,84,107,84,59,8,122,39,79,46,282,68,77,71,56,60,119,17,43,55,95,90,130,14,53,77,145,42,17,110,46,43,64,84,38,91
"COG5002",170,201,214,276,281,291,243,335,298,245,64,377,558,87,864,33,246,306,419,785,96,623,724,223,451,287,436,277,389,392,195,654,534,179,180,483,428,171,792,455,177,297,477,283,472,287,239,372,268,163,464,378,558,523,146,82,466,720,435,458
"COG5004",1,0,0,0,0,0,0,0,1,1,0,0,0,0,2,0,0,0,0,0,8,0,0,0,0,0,0,0,0,0,0,0,0,2,0,0,1,0,0,0,0,0,0,0,0,0,0,0,0,0,0,0,0,0,4,1,0,0,0,0
"COG5005",0,3,0,0,1,0,0,0,0,0,0,1,0,0,0,0,0,0,0,0,0,4,0,0,0,0,2,0,3,0,0,0,0,0,0,0,0,1,0,0,0,0,0,2,0,0,1,0,0,0,0,0,0,0,0,0,0,0,1,0
"COG5006",15,3,0,0,0,0,1,2,0,1,1,0,0,1,0,0,1,2,2,2,11,2,0,0,2,0,0,0,0,1,0,3,2,1,1,0,6,1,0,0,0,1,0,1,0,2,0,0,0,0,1,1,1,1,3,11,0,0,2,0
"COG5007",4,1,0,0,2,0,1,0,1,1,1,0,0,0,0,0,0,0,0,0,5,1,0,0,0,0,0,0,0,0,1,0,0,1,0,0,5,0,0,0,0,1,0,0,0,1,0,2,0,0,0,0,0,0,4,0,0,0,0,0
"COG5009",60,39,100,67,61,44,102,72,50,69,35,72,57,33,62,16,32,36,78,52,64,35,52,57,55,128,48,68,98,148,27,66,57,36,59,49,70,18,77,73,64,134,66,47,49,49,79,158,134,98,63,122,64,74,117,35,73,48,62,43
"COG5011",9,15,12,18,12,11,10,10,9,11,10,12,7,15,4,19,13,15,15,2,4,5,10,12,9,4,13,14,8,0,26,7,8,10,23,9,7,23,7,15,19,2,9,15,17,9,19,5,3,19,3,2,4,16,5,4,11,7,9,16
"COG5012",9,14,2,7,12,13,2,13,10,5,23,36,15,3,32,2,9,13,9,32,6,35,15,11,14,2,7,6,10,10,10,33,18,22,8,17,16,30,20,19,2,5,15,7,18,28,5,0,2,4,18,4,16,9,1,8,8,13,16,18
"COG5013",39,9,3,6,7,6,7,7,3,15,27,1,3,3,2,4,6,6,2,5,44,8,0,1,2,2,1,9,1,7,10,5,5,9,2,3,6,1,3,0,5,2,3,3,3,9,1,0,0,1,2,6,3,0,28,9,3,1,6,0
"COG5015",6,6,6,7,0,5,3,4,1,3,5,3,3,7,2,7,1,1,4,3,1,3,2,1,1,3,7,5,1,0,12,1,4,9,38,9,5,6,3,5,4,3,8,8,6,16,5,5,2,8,10,5,0,2,2,3,5,8,6,11
"COG5016",60,79,51,70,116,99,77,102,71,65,17,82,97,37,99,55,83,70,89,94,24,63,65,67,106,63,103,74,73,101,65,111,100,62,92,119,64,75,136,92,62,79,80,96,61,79,74,91,84,79,100,80,102,78,54,21,130,99,127,108
"COG5017",6,11,3,1,1,1,2,0,0,1,7,3,5,2,12,0,4,3,3,0,0,5,2,7,4,2,5,1,4,0,4,3,0,3,2,3,0,1,4,1,1,1,6,2,1,4,1,1,1,9,16,2,10,2,0,0,2,7,1,2
"COG5018",15,11,16,18,11,14,18,6,18,19,16,2,20,16,6,8,27,6,5,9,0,9,7,24,13,6,7,12,5,3,5,0,11,1,7,11,1,4,3,7,2,1,6,7,6,4,9,2,0,10,12,1,4,11,0,2,2,5,10,3
"COG5026",2,0,0,4,3,0,1,10,2,1,0,5,3,0,10,44,6,5,8,11,4,12,8,4,1,0,4,5,3,4,2,9,3,3,9,4,17,3,10,1,2,5,7,5,2,18,9,0,0,1,8,1,8,2,5,1,1,10,2,6
"COG5029",0,0,0,0,0,0,0,0,0,0,0,1,0,0,1,0,0,0,4,0,0,0,0,0,0,0,0,0,1,0,0,7,0,0,0,0,2,0,0,0,0,1,2,0,0,0,0,0,0,0,3,0,0,0,0,0,0,1,0,0
"COG5039",2,1,1,6,20,0,2,4,6,1,3,1,3,1,1,0,0,1,4,7,1,10,3,6,3,0,1,25,18,4,0,0,1,1,0,0,4,1,27,3,4,10,0,8,2,0,7,11,0,1,12,2,2,3,0,0,1,8,18,2
"COG5042",0,0,0,0,0,0,0,0,0,0,0,0,0,1,0,0,0,0,1,0,0,0,0,0,0,0,0,0,0,0,0,0,0,0,0,0,0,0,0,0,0,0,0,0,0,0,0,0,0,0,0,0,0,0,0,0,0,0,0,0
"COG5048",0,0,0,1,0,0,0,0,6,0,0,3,0,0,0,0,0,0,0,0,0,0,2,2,0,0,0,0,0,0,2,0,1,0,0,0,0,4,1,19,0,0,0,0,2,0,0,0,0,0,1,0,0,0,0,0,0,1,0,0
"COG5108",17,1,0,5,0,0,6,9,0,0,0,4,0,36,0,0,0,27,0,0,0,0,0,0,0,0,0,1,0,0,0,3,0,0,7,0,1,0,0,0,0,10,0,0,0,0,0,0,0,0,0,0,0,0,8,0,0,0,0,0
"COG5146",4,4,2,4,8,8,10,7,4,3,0,11,4,0,13,2,3,6,11,7,6,1,4,4,5,5,4,1,6,16,8,14,20,4,3,7,6,4,16,20,10,20,26,8,5,7,6,33,14,16,9,17,20,18,18,1,17,10,22,7
"COG5184",9,31,24,50,10,0,7,0,15,6,10,1,2,0,12,1,30,6,4,0,11,0,14,18,0,6,9,16,21,1,106,0,9,18,14,6,2,23,8,2,9,0,13,7,18,8,49,1,4,60,2,1,2,20,1,1,8,10,3,0
"COG5206",0,5,0,2,1,36,0,2,2,0,0,2,5,0,1,0,0,4,3,1,0,0,5,2,9,0,5,0,1,0,1,3,13,0,0,1,0,0,2,7,1,3,65,1,0,0,0,2,0,0,17,10,13,4,0,0,33,1,3,0
"COG5255",0,0,0,0,0,0,0,0,0,0,0,0,0,0,0,0,0,0,0,0,0,0,0,0,0,0,1,0,0,0,0,0,0,0,0,0,0,0,0,0,0,0,0,0,0,0,0,0,0,1,0,0,0,0,0,0,0,0,0,0
"COG5263",35,29,72,18,44,16,19,20,24,15,324,31,9,73,24,61,24,33,13,2,44,66,26,30,33,4,24,15,21,13,63,28,21,16,77,10,21,20,8,24,15,2,18,14,16,44,35,2,8,10,22,15,15,52,6,22,84,20,23,20
"COG5265",0,0,0,0,0,0,0,4,4,0,0,0,0,0,0,0,1,0,0,10,0,0,0,0,0,0,0,0,0,0,0,0,0,0,1,0,1,0,0,0,0,0,1,0,0,0,0,0,0,0,0,0,0,0,0,2,0,0,3,0
"COG5266",2,1,1,3,2,1,3,4,0,2,1,0,1,3,2,0,0,0,0,0,12,5,0,0,1,0,1,0,1,1,0,1,2,1,0,0,1,2,3,2,4,0,0,1,2,2,2,1,1,1,1,5,3,0,0,0,1,1,0,0
"COG5268",0,0,0,0,0,0,0,0,0,0,0,0,0,0,0,1,0,0,0,0,0,0,0,0,0,5,0,0,0,0,0,0,0,0,0,0,0,0,0,0,0,0,1,0,0,0,1,0,0,0,0,2,0,0,0,0,0,0,0,0
"COG5271",0,0,0,60,0,0,0,0,0,0,0,8,1,0,0,0,0,0,0,0,0,0,0,0,0,0,0,0,0,0,0,0,1,0,0,0,1,0,0,1,0,0,0,3,0,0,0,0,0,0,0,0,0,0,0,0,0,0,0,0
"COG5272",0,0,0,0,0,0,0,2,1,0,0,0,0,0,0,0,0,0,0,0,0,2,0,1,0,1,0,0,0,0,0,0,0,0,0,0,0,1,0,0,0,0,0,0,0,0,0,0,0,0,0,0,0,0,0,0,0,0,0,0
"COG5276",0,1,1,0,0,1,0,0,0,0,0,0,2,3,1,0,0,2,0,0,0,0,0,1,1,0,1,2,0,0,3,0,0,1,0,4,0,0,0,0,0,0,0,1,1,0,3,0,0,1,1,1,0,1,0,0,2,0,0,0
"COG5279",29,46,33,33,24,19,24,18,31,68,21,22,12,41,9,5,25,29,16,15,7,4,35,60,21,16,43,26,15,0,61,8,22,52,50,24,13,62,11,25,21,4,22,22,39,11,38,1,22,53,30,10,13,32,7,14,19,33,7,53
"COG5280",3,11,6,4,1,1,6,1,1,54,5,6,1,0,1,49,51,1,3,0,84,1,5,9,4,3,7,5,12,2,11,0,3,17,16,6,2,5,5,6,1,4,0,5,3,0,16,3,0,1,0,1,0,9,0,0,2,12,7,0
"COG5281",20,0,1,1,2,14,2,7,38,13,5,2,2,0,11,1,2,2,1,9,96,16,2,2,5,2,1,2,8,5,7,7,2,38,1,1,1,9,0,5,2,1,0,5,6,7,1,5,0,2,0,7,2,0,22,8,7,0,2,0
"COG5282",0,0,0,0,0,2,0,0,0,0,3,0,0,15,0,17,0,0,2,0,5,0,0,0,0,0,0,4,0,0,0,0,0,0,1,0,0,2,0,0,0,0,1,4,1,0,0,0,0,0,0,0,0,0,5,46,1,0,0,0
"COG5283",42,21,5,20,1,27,14,28,24,7,32,12,11,30,17,48,99,15,25,6,95,59,28,73,55,78,49,16,22,8,19,14,12,83,15,7,9,32,14,13,10,6,13,51,32,12,16,7,1,44,2,9,35,22,55,43,6,33,7,25
"COG5285",0,0,0,0,0,0,0,0,0,0,0,0,0,0,0,0,0,4,0,0,0,0,0,0,1,0,0,0,0,0,0,0,0,0,0,0,0,0,0,0,0,0,0,0,0,0,0,0,0,0,0,0,0,0,0,0,0,0,0,0
"COG5293",2,1,0,0,0,0,0,0,0,0,16,2,0,1,0,0,0,0,0,16,2,0,0,1,1,0,0,0,2,0,2,1,4,7,0,2,0,0,0,0,0,0,0,1,2,2,5,0,0,4,0,0,0,2,0,8,0,0,0,6
"COG5294",0,0,0,0,0,0,0,0,0,1,0,0,0,0,0,0,0,0,0,0,0,0,0,0,0,0,0,0,0,0,0,0,0,0,0,0,0,0,0,0,0,0,0,0,0,0,0,0,0,1,0,0,0,0,0,4,0,0,0,0
"COG5295",28,13,8,5,22,15,9,12,5,8,47,6,4,0,10,24,8,25,32,7,1,9,4,3,4,2,1,8,3,1,31,30,11,15,12,10,5,1,1,11,4,2,3,4,2,7,3,2,4,4,12,4,2,4,5,21,11,2,4,0
"COG5298",0,0,0,0,0,0,0,0,3,0,13,0,1,0,0,0,0,0,2,0,1,5,0,0,0,0,0,0,0,0,0,0,1,0,4,1,0,0,0,6,0,0,0,1,4,0,0,0,0,4,1,0,0,0,0,0,2,0,0,0
"COG5301",8,0,0,0,5,2,1,0,1,3,0,0,0,0,0,4,3,0,1,1,52,6,1,10,3,0,0,0,0,3,0,3,1,10,1,0,3,0,3,4,2,0,2,1,0,1,2,0,1,0,0,2,2,1,20,18,1,1,0,0
"COG5302",0,0,0,0,0,0,0,1,0,0,2,0,0,0,0,0,0,0,1,1,11,2,0,0,1,0,0,0,0,0,0,2,0,0,0,1,0,0,0,0,0,0,0,0,0,0,0,0,0,0,0,0,1,0,0,0,0,0,0,0
"COG5305",3,6,3,5,0,0,14,0,0,6,1,1,1,0,0,2,2,0,2,2,0,0,0,10,3,2,2,3,2,0,10,0,6,13,2,1,2,2,2,1,5,0,9,8,2,5,2,1,7,8,7,1,3,2,0,0,1,1,6,12
"COG5309",0,0,1,0,0,0,0,0,0,0,0,0,1,0,1,0,0,0,0,0,0,0,2,3,0,0,0,0,0,0,2,0,0,0,0,1,0,1,0,1,0,0,1,0,1,1,0,0,0,2,0,0,0,0,0,0,0,1,0,2
"COG5314",1,0,0,0,0,1,0,0,0,0,0,0,0,0,0,0,0,0,0,0,0,0,0,0,0,0,2,0,0,0,0,0,0,2,0,1,0,0,0,0,0,0,0,0,0,0,0,1,0,0,0,0,0,0,0,0,0,0,0,0
"COG5319",0,0,0,0,0,2,0,1,0,0,0,0,0,0,1,0,1,1,0,0,0,1,0,0,1,0,1,0,0,1,0,0,0,0,0,0,0,0,0,0,0,1,0,0,0,0,0,0,0,1,0,0,1,0,0,0,0,1,0,0
"COG5322",0,0,0,1,1,0,2,3,0,0,0,3,1,0,1,0,1,0,5,0,0,2,0,1,4,0,1,0,0,0,0,0,0,2,0,3,0,0,0,4,0,0,2,0,2,0,2,1,0,0,0,3,0,0,2,0,0,0,0,0
"COG5324",0,0,0,0,6,0,0,0,0,1,5,0,0,0,0,0,0,0,1,0,2,0,0,1,0,0,1,7,0,0,0,1,0,0,0,0,0,0,0,1,0,0,0,1,0,0,3,1,2,4,0,0,1,2,1,20,0,1,0,0
"COG5337",5,2,6,6,2,1,1,0,5,7,8,2,11,14,1,56,44,3,0,1,8,0,13,10,2,1,5,2,8,0,7,0,0,0,3,9,1,5,1,1,4,0,4,8,1,9,1,1,2,6,0,1,0,5,16,36,3,2,10,6
"COG5339",27,3,0,0,0,1,2,1,3,7,5,0,0,0,1,0,0,2,3,5,33,3,0,0,0,2,0,0,2,4,0,7,1,7,0,1,14,0,0,0,1,0,0,0,0,2,0,1,1,1,3,0,1,1,17,3,1,0,1,0
"COG5340",2,0,0,6,0,0,6,1,0,1,0,0,0,0,2,0,0,1,0,0,1,0,0,6,1,1,0,6,0,0,0,0,5,0,1,0,1,0,0,0,0,0,0,0,1,0,1,1,0,0,0,0,0,0,0,0,0,0,0,1
"COG5341",0,6,5,5,1,0,2,3,2,4,4,3,0,4,2,5,4,7,2,0,1,2,0,6,3,2,5,3,0,2,0,1,2,2,1,4,1,7,2,2,3,2,0,0,0,1,2,0,1,2,0,0,4,3,1,2,4,1,0,1
"COG5345",0,0,0,1,0,2,0,0,0,0,0,0,2,0,0,0,0,0,0,0,0,0,0,0,0,11,0,0,0,0,0,0,0,0,0,0,0,0,0,0,1,0,0,0,0,1,0,0,0,0,0,6,0,0,0,0,0,2,0,0
"COG5353",0,0,0,0,1,0,0,0,0,0,11,1,0,0,0,0,0,0,0,0,0,0,0,0,0,0,0,0,0,0,0,0,0,0,0,0,0,0,0,0,0,0,0,0,0,0,0,0,0,0,0,0,0,0,0,0,0,0,0,0
"COG5360",1,0,0,0,2,7,0,2,1,0,0,1,1,0,0,0,1,1,0,4,2,1,1,1,1,0,0,0,4,2,0,0,0,1,0,1,0,0,0,1,0,1,0,0,3,0,3,0,0,0,0,2,5,0,0,0,1,0,0,1
"COG5361",1,4,2,3,0,5,0,0,0,8,0,0,14,0,1,0,11,4,1,0,1,0,12,0,0,3,2,0,1,1,0,0,2,1,0,2,1,7,0,1,4,0,0,5,1,0,1,1,0,1,0,1,1,1,0,0,0,0,2,0
"COG5362",0,0,0,0,0,2,1,2,0,1,1,1,0,0,0,0,16,0,0,2,1,0,2,2,3,0,3,1,1,0,2,0,14,6,0,0,0,2,0,0,0,0,0,2,0,0,0,1,0,0,0,1,7,0,0,0,0,0,174,0
"COG5368",11,9,13,10,27,34,11,24,52,25,1,25,37,1,76,3,20,19,22,63,12,16,45,24,74,1,24,12,27,25,22,69,61,14,14,25,53,15,37,25,11,19,37,37,33,46,17,3,1,7,48,7,48,54,0,0,40,61,85,15
"COG5373",2,4,0,3,2,0,0,4,9,0,0,12,2,2,12,0,0,4,5,12,1,21,8,1,1,0,3,0,0,0,0,9,4,1,1,2,4,1,2,3,0,0,5,6,5,2,0,0,0,1,3,0,16,1,0,1,3,6,1,4
"COG5377",12,14,9,25,18,6,5,7,9,4,16,7,8,15,1,11,27,10,10,2,4,7,11,22,8,4,3,7,1,1,8,8,1,12,5,11,6,17,2,4,17,3,7,9,4,5,9,11,7,20,14,15,3,11,0,0,7,4,7,8
"COG5383",7,0,0,0,3,0,1,2,0,2,2,0,0,1,0,0,1,0,0,1,7,1,0,0,0,0,0,0,0,1,1,1,1,2,1,1,3,0,0,0,1,0,0,1,0,1,0,0,0,0,0,0,0,0,7,3,0,0,0,0
"COG5393",3,1,0,0,0,0,0,3,0,0,1,0,0,0,0,0,0,0,0,0,3,0,0,0,0,0,0,0,0,0,0,0,0,0,0,0,1,0,0,0,1,0,0,0,0,0,0,1,0,0,0,0,0,0,1,0,1,0,0,0
"COG5398",0,0,1,0,0,0,0,0,0,0,0,0,0,2,0,0,0,0,0,0,0,0,0,0,0,1,0,0,0,0,0,0,0,0,0,0,0,0,0,0,0,0,0,0,0,0,0,0,1,0,0,0,0,0,0,0,0,0,0,0
"COG5401",0,2,0,0,0,0,0,0,0,0,0,0,0,0,0,0,0,0,1,0,0,0,0,2,0,1,1,0,0,0,1,0,0,6,0,0,0,8,0,0,2,0,0,0,0,0,4,0,0,4,0,0,0,0,0,0,0,0,0,1
"COG5404",5,2,0,0,1,0,2,0,0,2,3,0,0,3,1,0,0,1,1,0,10,2,0,0,0,0,0,0,0,0,0,2,0,4,0,0,1,0,0,0,0,1,0,0,0,1,0,1,0,0,0,2,0,0,3,2,0,0,1,0
"COG5405",8,2,1,1,1,0,0,4,1,1,6,1,0,6,3,36,0,3,3,0,6,2,0,3,3,6,0,1,2,3,0,0,2,5,3,0,1,4,2,2,4,3,0,0,0,0,1,0,1,0,1,1,0,0,2,1,0,1,0,0
"COG5410",12,4,4,4,4,28,3,5,40,0,6,17,12,0,6,0,21,5,21,22,27,1,8,24,18,2,23,2,3,3,20,0,30,69,16,14,1,12,11,15,13,10,1,12,14,5,11,7,0,5,7,3,16,8,3,0,5,9,172,44
"COG5412",3,17,9,6,4,10,3,1,3,10,2,5,5,38,6,12,10,6,10,0,7,1,1,28,5,6,15,2,2,0,21,4,3,42,19,12,6,21,4,30,26,8,2,13,4,6,7,4,4,12,1,6,2,6,8,3,14,10,3,0
"COG5413",0,0,1,0,1,0,0,0,0,0,0,0,0,0,0,0,0,0,0,0,0,0,0,0,0,0,0,0,0,0,0,0,0,0,0,0,1,0,2,0,0,0,0,0,0,0,0,0,0,0,0,0,0,0,0,0,0,0,0,0
"COG5418",3,1,0,0,0,1,0,2,0,0,3,0,1,0,0,0,0,0,0,0,0,1,1,0,1,0,0,0,0,1,1,2,0,2,0,1,0,0,1,0,0,0,0,2,0,0,0,0,0,0,0,0,0,2,0,0,0,1,0,0
"COG5421",5,4,11,38,24,49,30,18,18,31,8,4,16,14,0,6,32,5,12,5,8,2,4,28,4,140,18,28,44,26,10,6,0,3,4,14,6,23,18,16,24,10,1,4,6,0,31,6,31,10,4,59,49,5,10,7,26,2,11,2
"COG5423",0,0,0,0,1,1,0,1,5,0,0,1,1,0,3,1,2,2,2,0,0,1,0,0,0,1,0,1,1,0,0,0,1,1,0,1,1,1,1,1,4,1,2,0,0,1,0,0,1,0,0,0,0,0,0,0,3,0,0,1
"COG5424",0,0,0,0,0,0,0,0,0,0,0,0,0,0,0,0,0,0,0,0,0,0,0,0,0,0,0,0,0,0,0,0,0,0,0,0,0,0,0,0,0,0,0,0,0,0,0,0,0,0,0,0,0,0,0,0,0,0,0,0
"COG5426",8,1,0,0,1,0,2,3,1,0,1,0,0,0,2,1,1,0,2,0,0,5,0,0,4,1,1,0,0,0,0,1,1,0,0,1,0,0,0,0,0,0,0,0,0,2,0,0,0,0,0,0,0,1,0,4,0,0,0,0
"COG5427",8,0,5,3,6,1,1,0,6,1,33,1,4,12,2,5,7,3,0,3,1,0,0,0,4,1,0,0,1,0,21,6,2,0,3,3,5,0,1,1,0,1,0,6,6,6,5,0,1,1,4,0,0,5,2,18,3,2,1,15
"COG5433",61,50,2,151,39,28,102,18,10,57,6,29,41,9,43,7,24,87,30,23,96,38,27,25,17,6,32,73,70,100,6,41,5,3,16,21,18,7,27,9,6,40,13,13,2,20,13,17,28,38,23,23,21,9,72,4,13,21,12,28
"COG5434",63,77,308,202,255,170,143,182,135,168,32,153,243,68,309,35,154,154,184,305,29,197,326,152,183,83,155,209,194,277,104,226,248,58,146,199,232,76,317,168,142,271,221,136,248,90,142,352,137,77,283,267,277,175,91,40,199,307,193,218
"COG5437",0,0,0,0,0,1,0,3,0,5,0,0,2,0,0,1,0,0,2,1,0,0,0,1,1,1,0,0,0,0,0,0,0,0,1,0,0,0,0,4,0,0,2,0,0,1,3,2,0,2,0,0,0,1,0,0,0,0,1,0
"COG5438",13,7,16,14,9,14,7,17,22,17,41,7,5,57,9,38,14,13,8,2,7,12,16,12,11,4,5,9,4,2,12,9,7,11,17,13,7,16,5,11,7,4,4,19,8,10,12,1,0,8,7,4,7,2,11,18,6,18,4,14
"COG5441",0,0,0,0,2,0,0,5,2,0,0,1,1,2,1,2,1,1,1,0,0,10,0,1,0,1,0,0,0,0,1,2,0,0,2,1,0,0,0,0,1,0,0,1,2,2,3,0,2,2,0,0,1,0,0,0,5,2,1,1
"COG5444",4,2,2,0,5,1,2,1,0,0,2,0,4,6,1,0,0,0,0,2,0,3,1,7,1,3,1,0,0,0,5,1,0,0,1,3,1,5,5,1,2,0,0,0,3,1,0,0,1,7,0,1,0,1,0,4,0,3,3,6
"COG5445",15,0,0,0,0,0,3,2,3,1,0,0,0,0,0,0,0,0,1,2,19,2,0,0,0,0,0,0,1,0,0,3,0,3,0,0,1,0,0,0,0,1,0,0,0,1,0,0,0,0,0,1,1,0,13,1,2,0,0,0
"COG5449",0,0,0,0,0,1,0,0,0,0,0,0,0,0,0,0,0,0,0,1,0,0,0,0,1,0,0,0,0,0,0,0,1,0,0,0,0,0,0,0,2,0,0,0,0,0,0,0,0,0,0,0,0,0,0,0,0,0,0,0
"COG5455",2,0,0,0,0,0,0,0,1,1,0,0,0,0,0,0,0,0,0,0,4,1,0,0,0,0,0,0,0,1,0,0,0,0,0,0,0,0,1,0,0,0,0,0,0,2,0,0,0,0,0,1,0,0,5,1,0,0,0,0
"COG5457",0,0,0,0,0,0,0,0,0,0,0,0,0,1,0,0,0,1,0,0,0,0,0,0,0,0,0,0,0,0,0,0,0,0,0,0,1,0,0,0,0,0,0,0,0,0,0,0,0,0,0,0,0,0,1,0,0,0,0,0
"COG5459",1,2,1,0,0,0,1,0,0,0,0,0,0,0,0,0,0,0,0,0,0,0,0,2,0,0,0,0,0,0,1,0,0,0,0,0,0,0,0,0,0,0,0,0,0,0,0,0,0,0,0,0,0,1,0,0,0,0,0,0
"COG5463",6,1,0,0,1,0,2,2,1,3,0,0,0,3,0,0,1,0,0,1,4,2,0,0,0,0,0,0,0,2,0,1,0,2,0,0,0,0,0,0,0,0,0,0,1,0,0,1,0,0,0,0,0,0,1,3,0,0,0,0
"COG5464",33,14,45,6,2,1,17,7,5,12,3,4,3,1,5,0,1,5,5,14,87,13,0,1,2,44,1,3,17,19,4,13,5,30,1,3,13,2,6,0,11,28,7,3,4,3,5,68,17,11,1,45,5,0,39,12,2,5,2,0
"COG5470",0,0,0,0,0,0,0,0,0,0,0,0,0,0,0,0,0,0,0,0,0,0,0,0,0,0,0,0,0,0,0,0,0,0,0,0,0,0,0,0,0,0,0,0,0,0,0,0,0,0,0,0,0,0,0,0,0,0,0,0
"COG5471",1,0,0,0,0,0,0,0,0,2,0,1,0,0,0,0,0,0,0,0,0,0,0,0,0,0,0,0,0,0,0,0,0,0,0,0,0,0,1,1,0,0,0,0,0,0,1,0,0,0,0,0,0,0,0,2,2,0,0,0
"COG5474",1,0,0,0,0,0,0,0,0,0,0,0,0,0,0,0,0,0,0,0,2,0,1,0,0,0,0,1,0,0,0,0,0,0,0,2,0,0,0,0,0,0,0,0,0,0,0,0,0,0,0,0,0,0,0,0,0,1,0,0
"COG5475",1,0,0,0,0,0,0,0,0,0,0,0,0,0,0,0,0,0,1,1,1,2,0,0,0,0,0,0,1,0,0,1,0,0,0,0,1,0,0,0,1,0,0,0,0,0,0,0,0,0,0,1,0,1,1,1,0,0,0,0
"COG5476",2,4,12,2,4,1,2,2,3,0,8,5,5,4,1,0,0,3,7,2,3,1,3,1,7,0,0,2,0,4,0,12,1,5,4,3,0,3,0,2,2,1,0,6,18,0,1,0,0,0,1,1,4,1,6,4,1,0,1,1
"COG5482",0,0,0,0,1,0,0,0,1,0,0,0,0,0,0,0,0,0,0,0,0,0,0,2,0,0,0,0,0,0,0,0,0,0,2,1,0,0,0,0,0,0,1,0,0,0,1,0,1,0,0,0,0,0,0,0,1,0,0,1
"COG5483",0,0,0,0,0,0,1,1,1,0,0,0,10,0,0,0,0,0,0,0,0,0,1,0,2,18,0,0,1,0,0,0,0,0,0,3,1,0,0,0,0,0,0,2,0,0,0,0,3,0,0,0,8,0,0,0,0,3,0,0
"COG5484",4,1,1,0,4,2,2,2,4,5,4,0,0,0,0,0,0,0,0,0,49,1,2,1,1,3,1,0,2,0,2,0,1,10,0,1,4,2,2,1,1,3,2,1,5,4,3,0,0,0,1,0,3,4,19,5,1,1,0,0
"COG5485",2,0,0,0,0,0,1,0,3,0,0,0,0,0,0,0,0,2,0,0,0,0,0,0,0,1,0,0,0,0,0,0,0,0,0,0,1,0,0,0,0,0,0,0,0,0,0,0,0,0,0,0,0,0,1,0,0,1,0,0
"COG5492",52,63,73,39,55,36,95,26,90,84,19,46,25,47,46,12,44,15,54,17,16,31,63,130,45,59,39,41,31,6,36,50,25,64,67,33,42,24,47,30,112,21,45,93,137,33,88,20,23,35,40,20,16,36,17,12,28,34,24,63
"COG5493",0,0,0,0,0,0,0,0,0,0,0,0,0,1,0,0,0,0,0,0,0,0,0,0,0,0,0,0,0,0,0,0,0,1,0,0,0,0,0,0,0,0,0,0,0,0,0,0,0,0,1,0,0,0,0,0,0,0,0,0
"COG5495",3,6,6,7,6,9,8,14,7,9,5,3,8,0,2,22,9,5,7,1,4,5,11,6,8,12,8,1,4,2,7,2,2,8,26,10,4,0,3,4,3,3,5,2,6,4,11,1,2,5,4,6,3,4,8,0,4,8,3,10
"COG5496",9,12,7,10,12,13,11,12,11,10,2,13,18,3,14,5,23,4,9,8,7,7,8,5,2,9,12,16,10,4,13,3,3,10,9,8,9,17,13,12,12,6,7,10,12,9,6,0,10,5,4,8,5,9,8,1,10,16,7,11
"COG5498",3,10,27,22,10,16,77,15,28,9,2,21,60,1,7,0,8,24,36,26,8,45,55,13,39,35,9,15,29,74,14,22,15,13,6,48,13,30,21,35,22,27,18,28,11,19,30,40,61,14,24,52,33,33,28,2,7,12,19,40
"COG5499",8,0,0,0,0,0,0,1,0,0,0,0,0,0,0,0,2,0,0,0,10,1,0,0,0,0,0,0,0,1,0,0,0,3,0,0,4,0,0,0,0,0,0,0,0,0,0,0,0,0,1,1,0,0,6,3,1,0,1,0
"COG5503",0,0,0,0,0,0,0,0,0,0,8,0,0,1,0,0,0,0,0,0,0,0,0,0,0,0,0,0,0,0,0,0,0,0,0,0,0,0,0,0,0,0,0,0,0,0,0,0,0,0,0,0,0,0,0,1,0,0,0,0
"COG5504",0,2,1,0,0,0,0,0,3,0,2,1,1,0,2,0,0,1,0,0,0,0,1,1,0,0,0,0,2,0,0,0,2,1,0,0,0,0,0,1,1,0,0,0,0,0,0,0,0,0,0,0,0,4,0,0,0,1,1,0
"COG5505",2,1,6,1,3,6,3,1,13,11,0,0,4,6,1,2,2,4,3,2,2,14,2,6,6,1,6,0,3,0,5,3,3,5,1,4,6,4,0,2,3,1,8,2,12,9,1,1,4,4,1,6,3,8,1,0,5,6,2,4
"COG5506",0,0,0,0,0,0,0,0,0,0,7,1,0,0,0,0,0,0,0,0,1,0,0,0,0,0,0,0,0,0,0,0,0,0,0,0,0,1,0,0,0,0,0,0,0,0,0,0,0,0,0,0,0,0,0,0,0,0,0,0
"COG5507",5,0,0,0,0,0,1,1,0,0,0,0,0,0,0,0,0,0,0,0,5,0,0,0,0,0,0,0,0,0,0,0,0,1,0,0,2,0,0,0,0,0,0,0,0,1,0,0,0,0,0,0,0,0,5,2,0,0,1,0
"COG5510",2,0,0,0,0,0,1,0,1,0,0,0,0,0,0,0,0,2,0,1,0,0,0,0,0,0,0,0,0,0,0,0,0,0,0,0,0,0,0,0,0,0,0,0,0,0,0,0,0,0,0,1,0,0,2,0,0,0,0,0
"COG5511",11,9,1,4,2,6,4,9,4,15,1,1,4,1,2,2,43,3,3,6,56,11,3,0,3,1,6,4,7,3,2,5,5,18,1,2,1,57,0,2,7,2,3,5,8,4,6,1,0,3,0,4,2,12,0,5,2,1,3,1
"COG5512",0,0,5,1,1,1,2,4,3,0,0,2,0,14,2,22,1,1,3,0,6,7,1,1,1,1,1,7,0,7,2,2,1,0,2,0,0,1,9,3,3,4,0,1,0,0,9,1,1,1,0,0,0,0,1,20,2,6,1,0
"COG5514",0,0,1,0,1,0,0,0,1,0,0,0,0,0,0,0,0,0,0,0,0,0,0,0,0,1,0,0,2,1,0,0,0,0,0,0,1,0,0,0,1,0,0,0,0,0,0,0,1,0,0,0,0,0,0,0,0,0,0,0
"COG5517",6,2,0,0,0,0,0,2,1,0,0,0,0,0,0,0,0,2,0,0,2,0,0,0,0,0,0,0,0,0,0,0,1,0,0,0,1,0,1,0,0,0,0,0,0,2,0,0,0,0,0,0,0,0,3,2,0,0,1,0
"COG5518",7,3,0,0,2,0,0,0,2,3,2,2,0,0,0,0,23,0,0,0,34,1,1,1,0,0,0,2,0,2,0,2,0,8,0,0,2,0,0,0,0,0,0,1,1,1,2,0,2,1,2,0,0,0,15,1,0,1,3,2
"COG5519",3,0,1,1,1,4,0,3,5,5,0,2,0,0,2,4,29,46,0,1,17,6,0,0,4,2,12,4,3,3,0,0,1,8,5,0,4,6,4,1,8,0,9,4,12,2,1,2,0,1,1,1,1,5,1,3,97,10,0,1
"COG5520",8,7,6,18,32,2,8,24,17,20,0,19,25,16,27,2,11,18,22,39,8,68,48,23,23,11,27,22,34,21,32,66,46,41,31,37,65,24,91,37,30,72,31,30,53,55,61,83,7,5,48,110,117,44,11,13,31,43,48,62
"COG5521",0,0,0,0,0,0,0,0,0,0,2,0,0,0,0,0,0,0,1,0,0,0,0,0,0,0,0,0,0,0,0,0,0,0,0,0,0,0,0,0,0,0,0,0,0,0,0,0,0,0,0,0,0,0,0,2,0,0,0,0
"COG5522",1,2,0,2,1,5,0,0,1,2,0,1,0,2,0,2,3,0,0,0,3,0,2,0,0,1,1,1,0,0,0,0,1,0,4,3,0,3,1,2,3,0,0,0,0,1,1,0,1,3,0,0,0,5,0,2,0,1,1,1
"COG5523",7,37,18,22,13,15,7,9,11,22,29,11,26,24,10,39,35,17,9,15,8,14,17,18,11,10,10,24,14,8,37,4,5,12,23,21,24,20,10,10,20,14,20,28,33,16,21,4,10,23,21,7,13,18,15,37,10,19,25,19
"COG5525",28,10,2,16,3,5,3,22,10,22,4,1,5,0,3,2,35,4,6,4,99,17,4,2,6,10,5,4,4,3,2,9,3,24,0,4,7,50,0,2,4,5,10,7,17,9,8,5,0,3,10,3,0,4,12,16,8,7,3,2
"COG5527",4,2,6,21,7,5,1,5,34,15,17,3,0,21,0,14,19,20,13,0,27,4,6,31,9,1,0,11,1,1,16,2,11,6,19,8,11,15,0,0,10,4,5,6,5,13,12,1,2,19,0,0,7,5,5,11,1,7,165,2
"COG5529",7,2,0,0,0,0,2,1,0,0,3,0,0,1,1,0,0,5,2,2,8,3,0,0,0,0,0,0,0,1,1,4,0,12,0,0,2,0,0,0,0,1,0,1,0,1,0,2,0,0,0,0,0,0,7,2,0,0,0,0
"COG5532",7,0,0,0,0,0,0,1,0,4,0,0,0,0,0,0,0,0,0,0,7,0,0,0,0,0,0,0,0,0,0,3,0,8,1,0,0,0,0,0,0,0,0,0,1,0,0,0,0,1,1,0,0,0,2,0,0,0,0,0
"COG5542",4,12,8,13,1,5,7,0,6,0,0,0,4,1,0,1,10,5,7,2,3,0,15,8,2,3,9,3,8,1,6,1,7,17,3,4,7,22,1,2,8,0,3,3,8,5,5,0,2,9,11,0,0,7,1,1,3,5,2,3
"COG5544",2,1,0,0,0,0,1,0,1,1,1,0,1,1,0,0,0,0,0,1,3,0,0,0,0,1,0,0,0,2,0,0,0,1,0,0,1,0,0,0,0,0,1,0,0,0,0,1,0,0,0,0,0,0,3,0,0,0,0,0
"COG5545",94,99,223,137,163,150,176,98,111,76,36,81,222,99,224,35,160,102,112,190,28,163,180,91,165,158,123,93,174,185,94,142,171,95,70,171,62,108,107,236,160,241,185,139,144,194,136,218,256,95,186,355,142,162,159,34,136,107,173,169
"COG5546",0,0,0,0,1,0,1,0,0,0,0,0,0,2,0,0,0,0,0,0,0,0,0,0,1,0,0,1,0,0,0,0,0,0,0,0,0,0,0,0,0,0,0,0,0,0,0,0,0,0,0,0,0,0,0,0,0,0,0,1
"COG5549",0,0,0,0,0,0,0,0,0,0,12,0,0,7,0,0,0,0,0,0,0,1,0,0,0,0,0,0,0,0,0,0,0,0,0,0,0,0,0,0,0,0,0,0,0,0,1,0,0,0,0,0,0,0,0,5,0,0,0,1
"COG5551",0,1,1,1,0,0,1,0,1,2,3,2,0,2,2,2,3,1,2,0,2,0,0,1,0,0,1,6,0,0,4,0,5,3,8,1,5,2,1,2,3,1,1,0,1,4,6,0,3,4,0,0,2,1,0,1,1,0,0,1
"COG5553",0,1,0,0,0,0,0,0,0,0,3,0,0,0,0,0,0,0,0,0,0,0,0,0,0,0,0,0,0,0,0,0,0,0,0,0,0,0,0,0,0,0,0,0,0,0,0,0,0,0,0,0,0,0,0,0,0,0,0,0
"COG5557",15,2,0,1,3,1,2,4,3,1,1,1,2,1,1,0,4,1,2,2,16,4,0,0,1,0,1,1,2,4,1,2,0,8,0,0,4,2,3,2,2,0,0,3,1,3,2,1,1,0,1,0,0,1,6,3,1,0,2,0
"COG5561",2,0,1,3,1,1,3,3,4,1,1,6,1,1,1,8,3,4,2,0,1,8,2,2,1,1,0,1,3,1,0,0,0,0,0,0,1,0,1,2,0,0,2,1,1,0,4,2,0,2,1,1,3,1,1,0,1,3,2,2
"COG5562",3,2,0,0,0,0,0,2,0,0,0,0,0,0,0,0,0,0,1,0,8,1,0,0,0,0,0,0,0,1,0,0,1,0,0,1,1,0,0,0,0,0,0,1,1,0,0,0,0,0,1,0,0,0,4,0,1,0,0,0
"COG5564",0,1,0,0,0,0,0,1,0,1,1,2,1,0,0,0,4,0,0,0,0,0,0,1,0,0,0,0,0,0,0,0,1,0,0,1,2,2,0,0,0,0,0,1,1,0,0,0,0,0,0,0,0,0,0,0,0,0,0,0
"COG5565",0,0,0,0,0,0,0,0,0,0,0,0,0,0,0,0,0,0,0,0,0,0,0,0,0,0,0,0,0,0,0,0,0,3,0,0,0,0,0,0,0,0,0,0,0,0,0,0,0,0,0,0,0,0,0,1,0,0,0,0
"COG5566",0,0,0,0,0,0,0,0,0,0,0,0,0,0,0,0,0,0,0,0,0,0,0,0,0,0,0,0,0,0,0,0,0,0,0,0,0,0,0,0,0,0,0,0,0,0,0,0,0,0,0,0,0,0,0,1,0,0,0,0
"COG5567",4,3,0,0,0,0,1,0,1,0,1,0,1,1,1,0,0,0,0,1,3,0,1,0,0,0,0,0,0,0,0,0,0,1,0,0,1,1,0,0,0,0,1,0,0,0,0,0,0,0,0,0,0,0,1,2,0,0,0,0
"COG5569",5,4,0,1,0,0,1,0,0,0,0,0,0,0,0,0,0,0,1,1,6,1,0,0,0,0,0,0,1,0,1,0,0,0,0,0,2,0,0,0,0,0,0,0,0,2,0,0,0,0,0,1,0,0,0,3,0,0,0,0
"COG5571",2,1,0,0,0,0,0,0,0,2,1,0,0,1,1,0,0,0,1,0,4,0,0,0,0,0,0,0,0,1,0,2,0,1,0,0,1,0,0,0,0,0,0,0,0,2,0,0,0,0,1,0,0,0,8,1,0,0,1,0
"COG5577",7,2,5,7,1,5,5,3,6,6,6,0,0,3,0,0,0,1,1,2,0,0,7,7,1,2,6,4,0,0,2,0,2,2,6,6,1,0,2,0,7,5,3,1,6,6,5,0,1,9,2,2,0,4,0,1,0,1,0,5
"COG5578",0,0,0,0,0,0,0,0,0,0,4,0,0,0,0,0,0,0,0,0,1,0,0,0,0,0,0,0,0,0,0,0,0,1,0,0,0,0,0,0,0,0,0,0,0,0,0,0,0,0,0,0,0,0,0,1,0,0,0,0
"COG5579",1,1,1,2,0,0,0,0,0,1,5,1,0,0,0,3,0,4,4,0,0,7,3,0,1,19,1,5,2,1,1,1,2,2,0,2,1,1,2,0,1,0,1,0,0,0,5,5,1,11,0,5,6,1,9,0,4,1,1,0
"COG5581",7,0,0,0,0,0,2,0,3,3,0,0,0,1,0,0,1,0,2,1,10,0,0,0,0,0,0,0,1,0,0,0,2,4,0,0,0,0,0,0,0,0,0,0,0,2,0,1,0,0,0,0,0,0,4,0,0,0,0,0
"COG5585",4,3,10,4,2,7,2,8,1,23,14,1,7,1,1,2,3,5,1,1,2,6,6,6,3,3,1,5,0,2,12,0,2,24,4,12,5,2,1,6,4,3,2,3,1,2,5,1,6,8,1,1,2,5,3,5,17,15,7,11
"COG5586",0,1,0,0,0,0,0,0,0,0,0,0,0,0,0,0,0,0,0,0,0,0,0,1,0,0,0,0,0,1,0,0,0,4,0,0,0,0,0,0,0,0,0,0,0,0,0,0,0,1,0,1,0,0,0,0,0,0,0,0
"COG5587",5,16,2,14,15,15,13,15,26,15,0,22,16,3,13,1,11,9,22,41,17,19,7,12,23,15,13,24,15,12,7,21,16,16,4,20,17,22,24,27,13,15,23,27,18,14,11,3,1,6,13,6,27,27,0,2,8,12,17,19
"COG5595",0,0,0,0,2,0,0,0,0,0,0,1,0,0,0,0,0,0,0,0,0,0,0,0,0,0,0,0,0,0,0,0,0,0,0,0,0,0,0,0,0,1,0,0,0,0,0,0,1,0,0,0,0,0,0,0,0,0,0,0
"COG5598",1,3,0,0,0,0,0,4,0,0,0,0,1,0,2,1,2,0,0,1,0,0,0,1,3,0,0,0,0,0,0,0,1,3,0,0,2,0,0,0,0,0,2,0,1,3,2,0,0,0,0,0,1,0,0,0,0,1,0,0
"COG5606",1,0,0,0,0,0,0,3,0,0,1,0,0,1,0,0,0,0,0,0,0,0,0,0,0,0,0,0,0,0,0,0,0,0,0,0,0,0,0,0,0,0,0,0,0,0,0,0,0,0,0,0,0,0,0,6,0,0,0,0
"COG5610",23,16,12,33,0,11,6,4,26,5,11,5,2,0,8,0,1,7,4,1,2,19,16,19,6,9,18,14,4,5,43,7,28,9,30,6,5,11,42,18,8,3,30,11,22,3,8,1,3,26,23,9,7,20,0,3,32,9,10,2
"COG5614",1,0,0,2,0,0,0,0,0,0,0,0,1,0,0,0,2,3,0,1,12,0,0,1,0,2,0,2,0,0,0,0,0,0,0,1,1,0,0,0,2,0,0,0,0,0,0,0,1,1,0,1,0,0,0,4,0,3,0,0
"COG5617",9,5,5,7,0,7,3,0,9,14,1,0,1,6,0,0,0,1,0,0,0,0,24,3,3,10,13,4,0,0,5,0,5,0,9,2,3,6,3,0,2,1,4,0,10,2,4,0,0,2,5,1,0,10,2,0,0,2,0,4
"COG5618",0,1,0,1,0,0,0,1,0,0,1,0,0,1,0,1,0,2,0,0,0,0,0,0,0,13,0,0,0,0,0,0,0,0,2,0,0,0,0,0,0,0,0,0,0,0,1,0,0,0,0,7,0,0,0,0,0,0,0,0
"COG5619",0,0,0,0,0,2,0,0,0,1,3,1,0,1,0,16,0,0,1,0,0,0,0,0,0,0,1,2,0,0,0,0,0,0,1,0,1,0,0,0,2,0,2,1,0,0,0,1,0,0,0,1,0,1,0,0,0,1,0,1
"COG5620",1,7,0,4,10,5,5,1,4,8,2,7,2,0,1,0,6,9,3,0,4,6,1,6,13,4,1,1,1,5,0,0,9,2,0,6,2,1,17,0,2,1,5,9,5,2,8,2,3,10,2,3,11,1,0,0,7,0,1,3
"COG5632",9,9,7,8,7,10,7,3,9,15,16,4,4,33,5,9,9,8,11,6,25,6,11,20,17,4,11,14,9,3,23,5,8,14,16,21,5,19,8,7,18,3,6,4,6,14,9,4,5,12,11,3,4,13,4,17,15,9,4,13
"COG5633",3,0,2,0,1,0,0,0,1,1,2,0,0,1,1,0,0,0,0,0,4,0,0,0,0,0,0,0,0,1,1,1,1,0,0,0,0,0,0,0,0,0,0,0,0,0,0,1,0,1,0,0,1,0,1,3,0,0,0,0
"COG5635",0,28,23,54,9,0,0,5,3,11,0,12,4,0,0,0,1,8,0,19,3,10,21,1,0,1,4,1,0,11,23,0,1,2,1,5,0,5,16,2,2,16,0,1,4,0,3,20,3,14,2,3,1,14,0,5,14,14,1,2
"COG5640",2,0,0,0,0,0,0,2,0,0,0,0,0,0,0,0,0,0,0,3,2,0,0,0,0,0,0,0,0,1,0,0,0,0,0,0,0,1,0,0,0,0,0,0,0,0,0,0,0,0,0,0,0,0,0,1,0,0,0,0
"COG5642",0,0,0,0,0,0,0,0,0,0,0,0,0,0,0,0,0,1,0,0,0,0,0,0,0,0,0,0,0,0,0,0,0,0,0,0,0,0,0,0,0,0,0,0,0,0,0,0,0,0,0,0,0,0,2,0,0,0,0,0
"COG5645",6,3,0,0,0,0,1,0,0,0,0,0,1,0,0,0,1,5,0,0,6,1,1,0,1,0,0,0,0,3,1,1,1,0,0,0,3,0,0,0,0,0,0,0,0,1,0,0,0,0,0,1,0,0,2,0,0,0,1,0
"COG5646",0,0,0,0,0,0,0,0,0,0,0,0,0,0,0,0,1,0,0,0,0,0,0,0,0,0,0,0,0,0,0,0,0,0,0,0,0,0,0,0,1,0,0,0,0,0,0,0,0,0,0,0,0,1,0,0,0,0,0,0
"COG5651",0,0,0,0,0,0,1,1,0,1,0,0,0,0,2,1,0,0,0,0,0,0,0,0,0,0,0,1,0,0,0,0,0,0,0,0,0,0,0,0,0,0,0,0,0,0,0,0,0,0,0,0,0,0,0,0,0,0,0,0
"COG5652",5,2,4,13,2,5,6,2,3,6,7,4,4,11,0,6,4,3,1,3,2,3,7,8,5,1,5,5,1,0,17,3,5,5,23,11,5,13,2,3,9,3,4,8,13,7,14,4,2,12,5,3,0,6,2,1,3,6,3,13
"COG5654",1,0,0,0,0,0,0,0,0,0,0,0,0,0,0,0,0,1,0,0,0,0,0,0,0,0,0,0,0,0,0,0,0,0,0,0,0,0,0,0,0,0,0,0,0,0,0,0,0,0,0,0,0,0,0,0,0,0,0,0
"COG5655",41,1,2,0,0,1,2,13,5,7,5,0,3,13,5,1,0,7,0,15,107,0,0,0,1,0,0,1,0,5,2,0,1,20,0,5,1,3,1,2,0,0,3,0,0,0,0,2,0,0,4,1,1,0,0,11,1,0,4,0
"COG5658",10,5,6,5,2,14,4,2,2,8,6,5,5,16,0,10,4,8,6,1,2,6,2,7,5,2,5,8,1,0,15,4,2,19,16,4,1,5,2,3,3,1,5,12,3,9,3,1,1,6,5,5,2,14,2,19,2,1,2,6
"COG5659",0,0,0,0,0,0,0,0,0,0,0,4,0,0,0,1,0,0,0,0,0,0,0,0,0,0,0,0,0,0,0,0,0,0,0,0,0,0,1,0,0,0,0,0,0,0,0,0,0,0,0,0,0,1,0,0,0,0,0,0
"COG5663",1,3,1,0,1,1,0,2,3,0,0,2,0,2,0,0,3,3,0,4,1,0,1,6,9,2,2,2,3,1,10,2,3,1,1,2,0,1,0,2,2,0,3,2,2,6,2,0,0,10,6,1,1,4,0,0,3,2,6,1
