"","X137_SUR_0d2.3","X68_MES_0d45.0d8","X123_DCM_0d2.3","X68_SUR_0d2.0d45","X66_DCM_0.0d2","X125_DCM_0d2.0d45","X133_DCM_0d2.3","X111_DCM_0d2.3","X48_SUR_0d2.1d6","X85_SUR_0d2.3"
"COG0001",3662,5698,6079,3621,1639,3379,3340,3792,3635,4428
"COG0002",2410,2321,2972,2913,1415,2413,2425,2673,3562,3478
"COG0003",119,154,155,57,914,128,220,63,75,6
"COG0004",9394,4668,6828,8350,3441,7833,8748,8372,8734,5370
"COG0005",2347,2758,2717,2475,1730,2281,1522,2511,2671,1910
"COG0006",11708,15452,12052,13076,4362,12771,10449,12438,9772,13068
"COG0007",730,1669,1478,642,1181,281,673,881,1110,752
"COG0008",7456,8076,7987,7825,4302,7494,7219,7246,6672,8052
"COG0009",3006,2533,2671,3342,1318,3163,2750,3036,3031,4158
"COG0010",4294,4578,4602,4624,1613,4080,3976,4583,4793,3357
"COG0011",205,57,115,6,0,9,53,176,100,8
"COG0012",4777,4343,4728,5200,1576,5153,4265,4655,5262,4112
"COG0013",10477,7737,9316,10834,4077,10844,9139,10472,10940,8114
"COG0014",4150,2409,3426,4306,954,4449,3613,4155,4729,3293
"COG0015",5840,4794,5359,5787,2189,6099,5000,5638,5841,4340
"COG0016",4435,3296,4357,4418,1271,4203,3713,4124,4466,4243
"COG0017",1472,2381,2918,1959,1272,587,548,443,194,439
"COG0018",7056,5149,6163,7747,2492,7725,6169,6865,8098,5852
"COG0019",6180,4441,5458,7247,3217,6947,5757,6598,6652,6533
"COG0020",2920,2406,2629,3094,1093,3520,2488,2817,2790,2506
"COG0021",7352,5728,5967,7168,2996,8183,6487,7777,7293,4764
"COG0022",5489,5114,5194,4937,7734,5288,5090,5158,3879,4195
"COG0023",237,353,301,328,157,199,332,335,384,414
"COG0024",3221,2514,3219,3147,1314,1124,959,1038,1078,875
"COG0025",1041,1164,982,587,1533,370,859,1086,1321,1115
"COG0026",999,367,634,1069,566,2641,2525,2685,4015,2795
"COG0027",942,172,324,334,586,96,577,830,1480,503
"COG0028",14549,20339,19615,14345,6438,13827,13464,14928,13630,9579
"COG0029",1629,952,1075,1063,1931,992,1675,1681,2634,1835
"COG0030",2880,2569,2783,3411,1243,3467,2465,2861,3413,2516
"COG0031",1688,1585,1605,1464,1095,3842,4339,4806,5285,4025
"COG0033",888,69,84,332,210,35,443,990,1884,30
"COG0034",5873,4985,5086,5763,2257,5890,5901,5773,5837,5837
"COG0035",311,229,147,182,230,546,593,802,1232,546
"COG0036",2935,2366,3116,3484,1034,3048,2641,2967,2875,2732
"COG0037",5021,4730,5864,6445,2765,6434,4969,5771,6028,6729
"COG0038",1097,1734,1177,574,819,412,959,1410,2063,1941
"COG0039",3968,3238,3955,4140,1832,1406,1245,1270,1078,1095
"COG0040",1845,1433,2303,2228,1189,1824,1693,2020,2069,1436
"COG0041",1833,1567,1768,1912,699,1813,1777,1900,1912,1654
"COG0042",1418,1068,1198,1380,803,3322,3965,4359,4911,4429
"COG0043",655,3404,4375,1495,536,1176,1468,1650,412,894
"COG0044",7232,7217,7174,7709,2176,7581,6750,7528,6216,6675
"COG0045",6026,4868,5083,6242,1868,6877,4858,5477,4474,3716
"COG0046",9555,8300,7875,9109,4071,9466,9020,9149,9350,8000
"COG0047",4622,4151,3433,4408,2061,4323,4113,4204,4437,4315
"COG0048",1531,1172,1461,1491,565,1614,1450,1541,1359,1871
"COG0049",1832,1688,1884,1907,588,2046,1790,1901,1510,1930
"COG0050",4995,4377,4274,3846,3028,4614,4738,4952,4422,6027
"COG0051",1261,941,1151,1124,427,1266,1158,1090,1119,1300
"COG0052",3184,2605,3024,3238,1313,3293,2795,3021,3006,3016
"COG0053",369,1944,582,449,1719,552,412,398,239,587
"COG0054",1503,1129,1350,1546,657,1561,1285,1583,1740,1681
"COG0055",6686,4059,4657,5403,2193,2149,1935,2075,1902,1925
"COG0056",7287,4475,5112,6078,2410,7003,6060,6659,6667,7169
"COG0057",5518,3638,4286,5007,3749,4872,5374,5478,5061,5649
"COG0058",1752,958,415,558,2692,744,1029,1662,2424,15
"COG0059",4049,2704,3438,3678,1530,3715,3553,3940,3929,3713
"COG0060",11849,9244,10731,12229,4531,12417,10612,11944,11200,9511
"COG0061",3404,2633,3473,3521,1261,3110,2901,3628,3923,3103
"COG0062",1303,3045,2653,1609,1899,431,402,620,616,243
"COG0063",1740,3482,3326,1970,1949,1529,1540,2344,2466,793
"COG0064",1902,1156,1385,1639,695,5271,4200,5205,6083,3775
"COG0065",6550,4660,6212,6059,2101,6616,5577,6048,6111,6497
"COG0066",2889,2266,2762,3087,910,3075,2483,2587,2642,2572
"COG0067",12680,8111,9244,11777,6285,12919,10742,10743,13703,9409
"COG0068",9,45,29,23,388,9,52,14,12,13
"COG0069",17803,12137,12664,15896,7896,5992,5396,5242,6031,5781
"COG0070",11395,6528,8264,10617,6140,12236,10245,9811,12020,9350
"COG0071",2931,1536,2062,2127,7744,2463,4449,2416,2087,406
"COG0072",8910,5954,7925,9793,3588,9403,7613,9041,9581,7459
"COG0073",7228,5404,5888,7273,6056,8198,6903,6976,6692,8275
"COG0074",4457,4343,4378,4156,1367,4121,3663,4210,3092,3041
"COG0075",3265,4560,3580,2143,1464,1593,2639,3093,4054,1934
"COG0076",1376,2641,1176,1436,1590,768,1249,1339,1999,1683
"COG0077",3503,2320,2967,3721,1459,3168,3197,3298,3495,3358
"COG0078",2639,2958,3259,3287,1595,2578,2657,3113,2718,3058
"COG0079",4948,5133,5353,5702,4727,4609,4670,5218,6822,5299
"COG0080",1632,1392,1554,1447,529,1697,1560,1656,1594,1220
"COG0081",2757,2387,2749,2720,1077,2880,2412,2737,2738,2137
"COG0082",4844,2928,3891,4297,1511,4738,3871,4432,4436,3266
"COG0083",861,872,1160,698,617,231,522,816,898,774
"COG0084",2935,2482,2770,3137,1541,3044,2564,2815,2837,3497
"COG0085",15908,11640,14335,15599,6136,17094,19340,15167,13522,13749
"COG0086",18151,11949,14113,16607,6582,17522,21124,17196,16053,15061
"COG0087",2689,2320,2764,2825,967,2925,2585,2784,2695,2201
"COG0088",2280,2015,2262,2636,481,2536,2165,2381,2486,2126
"COG0089",1034,973,916,1215,303,1237,957,997,990,877
"COG0090",3530,2486,3055,2975,1151,3069,2941,3327,3389,2820
"COG0091",1463,1157,1279,1492,407,1604,1426,1505,1402,1208
"COG0092",2918,2179,2582,2747,951,2925,2703,2897,2746,2719
"COG0093",1474,1164,1357,1403,402,1538,1306,1467,1313,1354
"COG0094",2202,1961,2072,2488,761,2533,2100,2263,2055,2331
"COG0095",393,549,494,188,183,59,190,578,739,385
"COG0096",1555,1254,1530,1636,408,573,453,549,485,565
"COG0097",2126,1735,1954,2152,721,2412,2025,2187,2218,2017
"COG0098",2178,1621,2021,1939,694,2137,1992,2156,1913,1881
"COG0099",1620,1372,1556,1536,546,1682,1378,1504,1496,1361
"COG0100",1537,1286,1540,1421,521,1623,1471,1547,1279,1387
"COG0101",3142,2047,2451,3241,1077,3225,2857,3031,3176,3062
"COG0102",1933,1490,1768,1911,679,2091,1718,1892,1832,1506
"COG0103",1661,1225,1521,1591,593,1703,1508,1565,1594,1506
"COG0104",5677,3991,4889,5390,2376,6099,5127,5565,5319,3507
"COG0105",1558,1328,1553,1566,623,519,470,628,537,396
"COG0106",1978,1573,2117,2166,997,1853,1795,2013,2280,2024
"COG0107",2596,1736,2943,2813,1330,2687,2176,3007,2853,3205
"COG0108",4275,2647,3373,4170,1759,4385,3612,3772,4667,3135
"COG0109",4038,3080,3797,4309,1335,3827,3387,3886,4071,4461
"COG0110",435,453,705,545,432,1632,1097,1304,1233,2169
"COG0111",8524,10395,10673,9033,6011,7914,8420,8323,9068,8708
"COG0112",5682,4155,4999,4901,2381,5271,5395,5132,5301,3384
"COG0113",3778,2094,2907,3571,1423,3266,3165,3525,4094,3037
"COG0114",5575,3126,4521,5462,2276,6220,4667,5796,5086,3649
"COG0115",7758,7403,7670,8225,3815,7561,7625,7738,7994,6789
"COG0116",1063,542,442,410,1816,57,316,271,497,693
"COG0117",3382,1974,2584,3285,1400,3785,2968,3071,3149,2355
"COG0118",1969,1357,2225,2381,1024,2263,1751,2309,2245,2399
"COG0119",10282,8260,10379,10405,5926,11112,9951,10453,9818,8438
"COG0120",1071,943,898,843,409,781,1003,943,1260,1399
"COG0121",25,162,85,110,230,95,64,56,30,123
"COG0122",2103,2382,2493,2722,1154,2943,2007,2131,1967,1212
"COG0123",3747,2599,2540,3506,1887,3869,3261,2901,3277,2945
"COG0124",5396,4575,5143,5928,1952,5897,4719,5228,5611,5252
"COG0125",2102,2012,2378,2295,834,2555,1729,2153,2142,1634
"COG0126",4888,3713,4314,5117,1728,1664,1422,1590,1600,1276
"COG0127",2688,1963,2477,2916,829,2785,2249,2797,3082,2199
"COG0128",4947,3602,4447,5284,2156,1824,1431,1625,1709,1648
"COG0129",8147,6020,7691,7082,4362,6464,7357,7462,8459,7427
"COG0130",2361,2138,2277,2242,1143,1847,2198,2082,2279,1818
"COG0131",1810,1371,1913,1736,1075,1620,1671,2031,2149,1529
"COG0132",528,512,726,387,529,121,334,439,747,594
"COG0133",3774,2895,3873,3746,1861,3540,3368,4117,4506,4046
"COG0134",2322,1993,2330,2884,1064,2391,2155,2476,3284,2529
"COG0135",1790,1339,1353,1937,917,1965,1765,1847,2117,2220
"COG0136",4386,2738,3508,4368,2089,4007,3700,4166,4856,4016
"COG0137",3658,2860,3730,3841,1601,3484,3360,3818,4072,3447
"COG0138",6255,4709,5267,6649,2331,6392,6074,6557,6120,6630
"COG0139",1405,1045,1404,1413,716,1330,1210,1570,1811,1111
"COG0140",921,513,640,673,567,653,731,904,1250,923
"COG0141",5872,4117,4782,5701,2047,5888,5087,5480,5627,6033
"COG0142",7727,6385,7263,8293,2844,7303,6694,7534,7991,6755
"COG0143",6158,5498,5681,6525,2937,6797,5665,5949,6362,5590
"COG0144",1921,2171,1700,1661,2360,1493,2350,2138,3328,2886
"COG0145",2266,9601,8210,1612,1087,1347,2634,2112,2829,2779
"COG0146",574,2644,2093,327,295,1038,1970,1726,2172,1969
"COG0147",7295,5350,6084,8034,4066,7649,6768,7611,8573,5836
"COG0148",5331,4168,4803,5360,2018,5862,4450,5184,5096,3652
"COG0149",2728,2050,2515,3086,1102,3209,2536,2774,2761,2501
"COG0150",4209,3454,3596,4142,2720,3925,5456,4838,3809,3280
"COG0151",4953,4413,4550,5421,1830,5482,4787,5118,4974,5207
"COG0152",2961,2793,3082,3303,1732,3029,3349,3187,2801,2670
"COG0153",793,893,599,1035,128,996,877,809,415,292
"COG0154",12366,17288,15115,10438,8462,12361,10485,10994,13094,8491
"COG0155",1257,2337,2083,957,1445,177,1175,2131,3565,1237
"COG0156",3718,2992,3202,2870,4050,2683,3330,2816,3128,2804
"COG0157",709,557,737,797,442,1952,2067,2290,2640,2256
"COG0158",390,358,511,251,1751,167,355,260,318,1334
"COG0159",2434,1939,2518,2835,1164,2430,2156,2543,2754,2244
"COG0160",2541,4846,2835,2963,3282,3048,2508,2677,1422,1901
"COG0161",5713,7497,6509,5301,3180,4887,5572,6138,6132,7984
"COG0162",4736,3809,4588,5116,1844,5052,4320,4648,4779,4824
"COG0163",169,765,826,325,203,243,367,469,69,375
"COG0164",2495,2042,2347,2852,758,2760,2696,2432,2292,1923
"COG0165",4101,3921,4411,4951,2001,3997,3910,4626,4616,4032
"COG0166",4460,3552,4018,5125,2089,4843,4043,4590,5513,4677
"COG0167",3952,3636,3846,4447,1640,4368,3867,4096,4488,5117
"COG0168",6383,4758,5586,7269,2917,7717,6036,7129,6912,6340
"COG0169",3394,2693,3132,3536,1430,3549,2999,3600,3647,2987
"COG0170",412,709,245,573,0,376,305,683,574,7
"COG0171",4431,3358,4263,4248,3959,4718,4504,4455,4914,2241
"COG0172",5056,4118,4806,5427,1961,5684,4600,4918,5142,4978
"COG0173",6958,4541,5355,6477,2674,6493,6135,7035,7728,5896
"COG0174",11044,11929,11332,11461,5267,11432,10672,11234,9838,13791
"COG0175",1064,1336,1660,921,2623,629,1189,1042,1408,1095
"COG0176",3030,1642,2481,2651,3810,2544,4282,3520,2868,2335
"COG0177",3059,2217,2552,2962,1769,3100,2467,2828,2881,2234
"COG0178",12761,9886,11253,12414,6799,13318,11241,12044,11426,11197
"COG0179",3490,5293,4678,3928,2478,3335,3902,3557,3118,3653
"COG0180",4468,3566,4270,4642,1543,4122,3995,4478,4348,3851
"COG0181",4129,2079,2813,4105,1329,3801,3485,3661,4352,3316
"COG0182",1476,1896,2477,2194,1088,1841,1134,1765,1388,830
"COG0183",8611,13002,11267,8728,10322,10141,9435,9313,7942,10468
"COG0184",1069,1144,1145,1158,451,352,326,361,343,395
"COG0185",1130,794,1079,1238,284,1330,1086,1143,1126,902
"COG0186",917,836,873,922,247,901,854,905,833,809
"COG0187",12540,9574,10478,11901,6512,13106,14797,12011,11295,11802
"COG0188",15190,10662,11178,13577,7133,14783,16314,14540,15248,12657
"COG0189",3587,2440,2549,3739,6784,3484,4578,2935,4412,2367
"COG0190",3740,3154,3427,3866,1330,3486,3473,3752,3623,3295
"COG0191",1187,790,547,890,511,727,1072,748,2057,2182
"COG0192",5074,3934,4666,4808,2089,5347,4888,4950,4675,3904
"COG0193",2372,1625,1841,2276,813,2419,1932,2342,2179,2470
"COG0194",2118,1399,1719,2325,929,2464,1934,2136,2200,1987
"COG0195",5926,4000,4948,5666,2045,6032,5373,5711,5725,5649
"COG0196",3252,2461,2652,3763,1238,3117,3003,3342,3533,3466
"COG0197",1639,1320,1588,1649,422,1649,1557,1722,1519,1576
"COG0198",858,870,823,835,341,825,814,804,896,860
"COG0199",1098,491,706,1070,314,1074,1005,935,1055,1264
"COG0200",1528,1472,1547,1687,323,1785,1616,1634,1628,1278
"COG0201",5545,4234,5162,5205,1946,5649,4940,5469,4893,4400
"COG0202",4327,3334,3750,4175,1615,4002,4195,4025,3708,3634
"COG0203",1562,1173,1281,1514,842,1527,1438,1464,1504,1381
"COG0204",6547,5529,5133,6185,4383,7744,5622,6098,5379,5578
"COG0205",2525,2284,1700,2027,2096,2508,2350,2024,2201,2441
"COG0206",5469,4560,5112,5066,2292,5648,4966,5430,4660,4121
"COG0207",2042,1170,1180,1453,4811,1536,3196,1444,1249,1878
"COG0208",5838,1621,2539,3538,13104,4121,11123,4972,3313,3435
"COG0209",16072,10545,12299,12638,39193,14615,28443,14465,10616,11361
"COG0210",10041,8984,8695,10039,42787,10672,9868,9583,10547,8669
"COG0211",1047,685,833,980,322,1043,955,966,946,994
"COG0212",1561,1211,1499,1976,834,1959,1620,1754,1650,1868
"COG0213",657,1330,872,839,1714,830,643,714,440,803
"COG0214",612,1166,1380,890,0,932,576,635,289,13
"COG0215",5890,4975,5363,6009,2067,5877,4915,5931,6268,4466
"COG0216",4380,3253,3482,4189,1529,4595,3728,4445,4412,3376
"COG0217",2374,1984,2330,2654,1220,2874,2333,2404,2102,2343
"COG0218",956,779,737,822,910,813,1008,750,937,1603
"COG0219",1395,1006,1300,1535,291,1514,1193,1365,1560,1503
"COG0220",1294,842,979,953,1123,860,1272,1183,1510,1567
"COG0221",726,108,332,287,1537,150,421,672,1278,626
"COG0222",1432,1037,1157,1170,516,1467,1238,1393,1539,1366
"COG0223",4335,3454,4650,4955,2552,4413,4145,4643,4756,5009
"COG0224",3970,2731,2879,3737,1335,3302,3367,3613,3721,3614
"COG0225",3721,2485,2700,3640,1410,3855,3103,3735,4196,3459
"COG0226",458,191,336,265,675,344,1261,1665,2746,115
"COG0227",1122,593,679,1206,449,1218,909,1088,1231,1244
"COG0228",1697,892,1221,1559,374,1725,1469,1566,1488,1789
"COG0229",2387,1836,2018,2562,1410,2569,2111,2395,2436,2194
"COG0230",128,77,106,141,75,95,109,135,192,322
"COG0231",2252,1915,2058,2263,893,2444,2183,2331,2228,2013
"COG0232",2681,1693,2391,3215,1071,3137,2424,2512,2733,2518
"COG0233",2010,1541,1581,1850,809,2139,1610,1901,1879,1666
"COG0234",1555,1207,1241,1250,6949,1510,1632,1540,1297,1266
"COG0235",2315,2517,2186,2216,1304,2423,2078,2204,2237,1885
"COG0236",964,736,805,818,379,759,902,998,881,790
"COG0237",2151,2213,2255,2585,775,2750,2023,2170,2451,2013
"COG0238",820,643,746,923,245,1000,748,768,845,775
"COG0239",317,302,412,320,447,362,317,210,250,390
"COG0240",3087,2833,2839,3516,1303,3302,3205,3113,2743,3487
"COG0241",787,1104,1152,1090,341,975,1415,979,889,1128
"COG0242",2934,2008,2476,2671,4065,2770,3624,2968,2753,2303
"COG0243",2507,8781,6639,2786,3172,2267,3534,3136,4167,2997
"COG0244",2227,1953,2356,2286,795,2383,2148,2216,2202,1632
"COG0245",2588,1383,1936,2811,779,2898,2082,2900,3019,1591
"COG0246",283,109,128,176,515,928,702,625,536,696
"COG0247",5341,9823,7833,5146,3639,5495,6573,4407,3545,7199
"COG0248",2268,1071,1125,1442,3365,1244,1924,1800,3154,1204
"COG0249",4816,4271,3815,3418,5575,3015,6423,4009,5999,5310
"COG0250",2283,2059,2295,2280,940,2410,2053,2358,2131,1900
"COG0251",2643,5121,3500,2575,1851,2851,2539,2586,2294,2483
"COG0252",519,1570,1525,841,1210,608,718,495,206,1576
"COG0253",3455,1972,2469,3279,1110,2997,2635,3119,3879,2994
"COG0254",1040,695,711,899,228,1067,862,984,947,880
"COG0255",96,222,181,86,182,105,202,163,71,200
"COG0256",1257,1180,1306,1437,406,1453,1276,1245,1274,1141
"COG0257",25,12,10,41,15,28,29,17,42,45
"COG0258",10506,6817,7770,10183,13670,11364,11795,9126,11123,7761
"COG0259",1992,1228,1306,1976,963,849,626,626,639,571
"COG0260",5147,4047,5207,5172,1528,5693,4575,5133,5486,4175
"COG0261",1807,1095,1278,1660,770,1760,1555,1603,1730,1740
"COG0262",1028,733,736,984,925,1048,2011,787,675,1350
"COG0263",3459,2181,3088,3785,1004,3525,3120,3536,4576,3629
"COG0264",2848,2079,2218,2865,1321,2763,2532,2877,2929,2806
"COG0265",7890,8416,10283,7450,5965,7505,7401,8490,7660,5292
"COG0266",3173,2553,2392,3548,1553,3542,3064,3267,3443,1995
"COG0267",335,273,188,267,149,208,255,298,398,345
"COG0268",749,499,671,980,317,898,883,912,934,1108
"COG0269",10,35,42,19,29,12,44,39,3,220
"COG0270",1842,849,2104,1672,10466,2420,3215,1854,1729,1923
"COG0271",698,561,681,763,263,782,650,885,889,406
"COG0272",8021,5555,6547,8039,3447,9050,8762,8649,7168,7103
"COG0274",1087,1116,648,771,1316,888,866,965,1103,1066
"COG0275",3358,2455,2717,3490,1316,3115,3061,3546,3754,3013
"COG0276",4639,1770,3113,4229,1519,4716,3585,4465,4324,4050
"COG0277",8356,12022,9902,8122,5984,7760,8873,8449,9288,9822
"COG0278",957,894,811,992,199,1098,839,1035,996,943
"COG0279",807,1190,1425,1316,750,1284,972,1113,919,1471
"COG0280",5370,2951,4131,5851,2494,6343,5312,5840,4464,7474
"COG0281",4410,3214,3830,4643,2786,4965,4785,4744,3532,6298
"COG0282",65,187,161,59,1239,12,26,14,7,177
"COG0283",2384,1841,1909,2620,948,2580,2128,2594,2869,2325
"COG0284",2729,2448,2861,2958,1173,2932,2705,2835,2692,2212
"COG0285",4455,3663,3931,4786,1745,5088,4052,4521,4575,3895
"COG0286",713,525,1250,574,6311,909,962,810,670,485
"COG0287",3135,2371,2770,3639,1857,3045,3016,3191,3803,3178
"COG0288",225,335,298,203,1162,234,496,201,215,1350
"COG0289",2849,1409,1991,2719,1014,2689,2364,2634,2885,2380
"COG0290",2208,1511,1789,2060,682,2107,1889,2139,2094,2058
"COG0291",675,303,497,570,228,189,153,153,281,185
"COG0292",1455,1067,1218,1300,527,1430,1218,1335,1459,1523
"COG0293",1530,1257,1600,2008,468,2027,1575,1684,1612,1573
"COG0294",1052,894,1040,1196,379,3377,2988,3338,3672,2784
"COG0295",371,428,287,346,583,367,325,285,218,618
"COG0296",1644,936,509,1080,4655,545,1013,1723,2839,893
"COG0297",1388,933,382,856,2039,407,1017,1318,1787,1431
"COG0298",0,6,5,6,40,2,7,0,2,3
"COG0299",2196,1891,2228,2449,1762,2198,3080,2911,2381,1878
"COG0300",1175,704,876,1109,2034,1100,1225,884,1415,2282
"COG0301",6,438,374,133,70,102,100,99,3,32
"COG0302",2908,1687,2191,2562,2248,2809,2944,2648,2783,2636
"COG0303",2602,4077,4151,2728,1215,2551,2814,2724,2780,2205
"COG0304",2393,1697,1988,1749,1015,6806,6285,6465,6648,7630
"COG0305",8880,4437,5818,6164,31105,7947,14136,7510,7268,4787
"COG0306",1720,2245,2119,1379,1271,1883,2511,1520,1417,2191
"COG0307",2268,1525,1930,2389,875,2395,2083,2235,2294,2019
"COG0308",7298,8661,6140,7736,18204,2342,2194,1963,1822,4052
"COG0309",2,273,309,78,183,4,11,11,0,2
"COG0310",393,8,107,272,23,532,306,223,288,2
"COG0311",371,751,850,703,0,601,332,412,160,11
"COG0312",2632,1821,1183,2147,593,8227,6913,5846,7858,4087
"COG0313",3112,1999,2436,3364,1374,3129,2914,3085,3214,3791
"COG0314",700,1155,1158,811,254,821,838,863,726,1296
"COG0315",853,1322,1365,1035,279,1013,900,961,793,1433
"COG0316",2898,2707,2520,2734,1829,1018,1115,911,919,919
"COG0317",8304,5938,6314,7674,4220,2618,2525,2610,3195,2176
"COG0318",14399,23457,16207,12957,14120,14413,15735,14819,16621,19300
"COG0319",1172,1149,1094,1630,580,1504,1345,1518,1708,1939
"COG0320",4462,2688,3065,3759,1395,3796,3410,4259,4451,2483
"COG0321",2507,1745,1814,2667,1013,3010,2282,2463,2497,2219
"COG0322",8121,4966,6485,8255,3775,8368,6570,7321,9365,8213
"COG0323",1773,2694,2158,1518,2782,1588,2023,1440,1325,2269
"COG0324",3504,2455,2752,3645,1440,3279,2982,3516,3517,2495
"COG0325",2548,1768,1995,2795,1097,3047,2215,2686,2844,2696
"COG0326",3510,2390,1643,2689,831,745,1320,1062,1430,1228
"COG0327",591,503,446,427,1129,510,541,396,291,1139
"COG0328",1855,1335,1409,1652,851,1911,1898,1543,1950,1431
"COG0329",5611,6668,6586,5577,1711,4997,5001,6011,6184,5242
"COG0330",6826,6123,6765,6544,5641,6481,5990,6633,6145,7504
"COG0331",3177,2324,2842,3431,1246,3077,3003,3481,3405,2723
"COG0332",3201,3034,2608,2790,2141,3053,3534,3065,2573,4025
"COG0333",385,171,255,373,76,396,314,433,339,439
"COG0334",3918,3340,3155,3046,4755,3582,2951,2784,1874,3468
"COG0335",2029,1197,1436,1898,513,2156,1563,1869,1969,2270
"COG0336",3230,1994,2303,2964,974,3168,2690,3216,3169,2070
"COG0337",3943,2911,3203,4363,1739,4357,3643,3974,4632,4049
"COG0338",1077,407,993,801,4737,765,3616,1387,596,219
"COG0339",3053,2166,1510,1890,1724,1981,2675,2225,2712,4058
"COG0340",2460,2297,2371,2931,1151,2709,2271,2429,2671,2361
"COG0341",3760,2320,2693,3732,1655,3276,3529,3516,3502,3989
"COG0342",6311,4013,4888,6389,3261,6288,5567,5940,6330,6232
"COG0343",4495,3720,4425,4798,1511,4699,3730,4397,4297,3767
"COG0344",1646,1913,1979,1865,703,1978,1371,1779,1747,980
"COG0345",2567,1836,2168,2842,1444,2921,2277,2726,2950,2922
"COG0346",2439,4702,3422,2779,3855,2124,2669,2412,2974,2455
"COG0347",973,824,1010,838,1477,683,1146,920,1199,721
"COG0348",91,645,574,230,2775,133,201,171,86,714
"COG0349",1895,1877,2201,2064,1938,2117,1837,2164,2488,1727
"COG0350",926,1300,1518,1202,1029,1249,870,1072,833,1115
"COG0351",1782,1378,2232,2045,508,1524,1271,1815,2290,1438
"COG0352",1550,1408,1589,1612,739,1532,1317,1734,2306,1909
"COG0353",2216,1644,1816,2299,854,743,662,706,770,734
"COG0354",2320,1840,1983,2833,602,2447,2149,2614,2393,1305
"COG0355",499,330,393,505,160,1537,1300,1448,1444,1186
"COG0356",3754,2405,2829,3522,1438,3269,3367,3535,3464,3608
"COG0357",2104,1282,1764,2180,850,1969,1758,2130,2443,2348
"COG0358",7089,5551,6101,7229,10093,7035,7313,6841,7013,5792
"COG0359",1781,1353,1479,1783,750,1977,1555,1757,1803,1520
"COG0360",1364,1117,1116,1445,528,1465,1151,1392,1399,1340
"COG0361",987,1040,1125,1069,362,1099,1240,1063,1019,920
"COG0362",1626,442,535,939,422,1095,1099,1296,2280,940
"COG0363",1525,1281,901,1474,2367,1352,1393,1380,1400,1715
"COG0364",1264,379,337,579,1424,779,1023,1062,2345,1270
"COG0365",14761,13214,14109,14889,5227,15379,13584,15485,14516,12990
"COG0366",3623,1493,1376,2709,5411,2463,2858,2788,5054,326
"COG0367",5341,3850,7089,6096,4024,7236,5169,5119,4512,4350
"COG0368",517,440,677,364,258,132,360,530,843,480
"COG0369",1701,720,856,834,1200,1937,1418,1601,1507,3035
"COG0370",183,1352,543,428,248,53,190,28,15,574
"COG0371",823,639,932,652,12,254,379,939,1077,8
"COG0372",5035,4576,4695,4994,2453,1740,1534,1674,1555,1367
"COG0373",2187,2559,2318,2072,1656,1575,1795,1653,2547,2810
"COG0374",5,42,32,30,292,10,45,15,7,9
"COG0375",3,16,9,12,21,0,10,3,176,0
"COG0376",4087,2363,3624,4836,3595,5891,3973,5182,5081,3778
"COG0377",1778,1966,2201,1546,429,1960,1516,1812,1572,945
"COG0378",490,362,551,420,332,36,342,426,1391,21
"COG0379",2471,1872,2947,2689,1804,2412,2183,2811,2903,2305
"COG0380",95,127,43,55,185,48,453,120,303,58
"COG0381",2519,1410,2151,2615,3845,3279,1978,2392,2203,2792
"COG0382",4066,3226,3506,3935,838,3363,3893,4307,4965,4480
"COG0383",256,341,272,353,2,501,377,229,71,17
"COG0384",748,990,659,577,974,604,737,636,591,848
"COG0385",1787,1104,1758,2074,1785,2002,1517,2132,1539,1546
"COG0386",2122,1094,1293,2059,766,2040,1844,1975,2102,2744
"COG0387",150,345,223,127,11,231,288,193,44,25
"COG0388",4816,7479,6294,5096,6102,4817,4688,5053,6980,2547
"COG0389",5745,4317,4683,5379,5599,5445,5000,5455,6189,5660
"COG0390",29,680,316,90,122,119,73,89,13,327
"COG0391",1372,1288,1486,961,28,584,750,1195,1466,74
"COG0392",521,1050,993,628,381,376,378,663,807,136
"COG0393",295,404,288,327,313,316,306,290,191,354
"COG0394",1127,1272,1392,1275,986,1257,1176,1139,1020,1065
"COG0395",5692,4113,3553,4996,1052,4661,4387,4342,5644,4526
"COG0396",2944,2352,2803,3087,1073,3287,2556,2902,2637,2105
"COG0397",4050,2266,2788,3247,892,3638,3444,3863,4417,5561
"COG0398",1711,995,1503,1899,1229,1814,1534,1783,2145,1226
"COG0399",8021,7411,11444,10435,13573,3674,3004,3420,2902,3917
"COG0400",1960,1468,1756,2207,1294,2205,1968,2234,2013,1741
"COG0401",1,19,6,10,73,5,2,1,2,1
"COG0402",2621,6267,4091,2383,2243,2165,3161,2916,2779,3280
"COG0403",8224,4423,5077,6699,4753,7793,7387,6980,8222,6342
"COG0404",30005,25254,23644,31173,3806,30773,26789,29942,25415,34225
"COG0405",6296,9615,7973,5970,5386,7252,5726,6015,5988,3964
"COG0406",2479,1846,1871,1713,1438,2309,1682,1843,2706,1104
"COG0407",3866,2120,2785,3809,1660,3994,3393,3769,3893,3672
"COG0408",2967,1023,1445,2806,1308,2411,2572,2979,3476,3465
"COG0409",4,30,13,20,178,9,21,6,4,10
"COG0410",3953,5270,3819,4193,1699,5189,3892,4176,4427,1965
"COG0411",3761,4702,3563,4049,1404,4967,3566,4153,3834,2372
"COG0412",1359,3664,2832,1827,2056,1634,1760,1931,1566,1282
"COG0413",1357,612,1016,1368,572,3731,3400,3593,3211,3172
"COG0414",2556,1179,1705,2795,1217,2307,2289,2760,3077,2328
"COG0415",12333,679,2513,8823,3581,13547,9662,8677,14356,7933
"COG0416",2614,2152,2355,2722,1418,2654,2355,3041,3032,1743
"COG0417",6985,2293,3498,3714,28155,4886,17979,4451,2540,1349
"COG0418",1019,381,391,481,511,98,206,364,617,386
"COG0419",2593,1567,2752,1826,10012,1601,8568,2042,1260,451
"COG0420",122,995,1261,390,1376,258,293,131,103,34
"COG0421",646,1375,1407,294,995,165,680,704,1167,103
"COG0422",1351,1449,1805,915,928,471,948,1304,2038,168
"COG0423",3179,2931,3282,3540,1227,3792,3071,2843,1982,1742
"COG0424",2288,1688,1893,2126,1141,2511,2017,2318,2226,2536
"COG0425",157,441,432,231,238,179,230,178,164,199
"COG0426",1750,118,220,753,52,55,1015,2410,3978,4
"COG0427",52,191,366,105,1613,113,80,109,61,55
"COG0428",746,392,496,397,1633,736,542,647,234,349
"COG0429",682,521,387,310,1043,101,380,608,1304,1173
"COG0430",2,52,48,5,2,0,11,6,1,8
"COG0431",799,868,906,731,974,784,600,691,919,414
"COG0432",1239,1161,1192,1212,503,1264,852,958,1278,456
"COG0433",256,860,1415,578,2403,351,342,223,202,141
"COG0434",383,253,226,296,1,508,203,309,251,109
"COG0435",889,364,289,265,574,271,562,771,1129,545
"COG0436",12452,13956,14574,13011,5896,13031,11205,12966,11726,11583
"COG0437",1786,2927,1806,1290,3112,1235,1585,1387,768,2284
"COG0438",22928,16889,22404,23815,32841,28268,21107,25026,23026,21745
"COG0439",6706,6437,6715,6109,5106,6278,6170,6410,6792,5052
"COG0440",1734,1212,1662,1944,700,1860,1566,1809,1785,1331
"COG0441",8422,5881,7186,8194,2970,8406,6881,7943,8206,7078
"COG0442",5909,4925,5274,5965,2260,5886,5058,5694,6306,4595
"COG0443",11628,7596,8860,9561,5304,9701,11157,11687,11658,9095
"COG0444",1096,4989,3652,1345,859,1443,1294,1426,825,654
"COG0445",7336,4426,5105,6708,2989,6821,6133,7310,7173,6710
"COG0446",10120,13070,9160,10495,5394,9885,10001,10541,8834,13918
"COG0447",756,654,480,393,649,286,542,741,1176,628
"COG0448",717,388,139,303,1105,48,463,733,1534,559
"COG0449",6714,5252,6237,6762,3530,7211,6207,6678,6727,5500
"COG0450",950,1111,1570,1120,1219,760,830,1321,1237,1213
"COG0451",24933,19044,26916,25400,32572,24831,28395,28913,25985,22126
"COG0452",4465,3103,4195,4533,1681,4479,4218,4401,4673,3597
"COG0454",3716,3579,2764,3822,2904,3225,3549,3797,4256,5952
"COG0455",241,644,598,124,746,179,289,240,357,508
"COG0456",891,1524,1369,1108,2282,937,856,985,1011,580
"COG0457",16775,27372,27545,23323,19160,19252,17899,23351,18872,25837
"COG0458",13135,9708,11475,12898,5189,13354,11269,12800,12636,9031
"COG0459",9541,7667,9002,7909,19652,8965,10207,8920,8553,7229
"COG0460",4243,3282,3649,4244,3525,4743,3899,4223,4587,5662
"COG0461",2579,1992,2321,2452,1682,2334,3411,3077,2329,2061
"COG0462",4513,3542,3988,4177,1869,4000,4257,4252,4023,3680
"COG0463",16365,15222,19320,20416,16887,18140,14130,17762,19056,17740
"COG0464",1728,2752,4177,2360,2467,1095,2279,1802,1615,1633
"COG0465",10522,5474,6374,7746,7124,8408,9771,10142,12220,7103
"COG0466",6790,6262,6450,7315,4815,8269,9296,6848,5989,7216
"COG0467",1078,174,156,384,268,301,580,857,1424,0
"COG0468",6743,4017,5354,5408,13470,5771,8972,5951,5554,3844
"COG0469",3705,3083,2582,3049,2197,3318,3479,3385,4313,3811
"COG0470",5567,3788,4575,5068,11734,4793,10411,5100,4173,3952
"COG0471",4289,5760,4455,3866,6159,4014,3974,4935,4189,2635
"COG0472",5912,4235,4878,6212,2818,6505,5183,6209,6496,5665
"COG0473",5429,4989,5811,5568,2975,5222,4654,4997,6069,5073
"COG0474",362,1076,492,283,937,390,572,354,184,263
"COG0475",1900,2331,2936,1691,3733,1734,1391,1724,1955,987
"COG0476",2534,2963,3305,2908,1429,2545,2465,2961,3075,2203
"COG0477",20038,35550,34734,22167,19456,22716,21990,22916,19843,20612
"COG0478",3,1,4,3,0,0,16,9,1,8
"COG0479",3372,3112,3368,3519,1511,3922,3063,3255,2810,2820
"COG0480",8882,9881,9644,8019,5050,8796,7692,8808,7435,8635
"COG0481",7759,4592,5564,6805,2657,7168,6394,7177,8348,6786
"COG0482",4475,3656,3381,4359,1859,4680,3722,4433,4257,3486
"COG0483",5181,4474,5187,5686,3219,1860,1505,1866,2048,1048
"COG0484",5732,4762,6630,5521,2168,5664,5953,5290,4454,3880
"COG0486",5040,3036,3795,4930,1892,4939,4113,5134,5908,5151
"COG0488",4530,7286,4738,3557,9367,2764,7880,5272,4120,11854
"COG0489",4617,4517,4823,4484,3536,4781,4440,4682,3954,3809
"COG0490",0,0,4,0,0,0,0,0,0,1
"COG0491",2847,4209,3366,2777,2574,8725,8524,8453,7832,8104
"COG0492",7709,4417,5875,7328,3797,6827,6157,7441,7586,5994
"COG0493",4829,5534,5614,5620,1489,5142,5215,5083,5035,4881
"COG0494",4422,6311,5848,4867,4631,5048,4743,4570,4345,5517
"COG0495",10422,7956,9636,10992,3831,11531,9298,10425,10536,11663
"COG0496",1496,1551,1314,1206,1210,1246,1543,1442,1524,1284
"COG0497",2050,2347,1578,1254,2490,1174,2075,2119,2503,3359
"COG0498",5139,6096,6829,5560,3006,5417,4379,5145,5235,4935
"COG0499",6045,4596,5217,5447,1915,6007,5175,5813,5550,4187
"COG0500",11907,18784,18474,16849,15006,15316,16194,17229,13450,18652
"COG0501",3301,2702,3251,3490,2677,4250,2923,3377,2678,2013
"COG0502",762,707,1077,585,1269,156,520,687,949,629
"COG0503",1741,1771,1929,1786,1548,2063,1781,1866,1870,1164
"COG0504",6789,5102,5782,6554,2288,6935,6647,6915,6898,4426
"COG0505",4772,3525,4063,4698,1752,4884,4247,4557,4506,4587
"COG0506",1998,2793,1566,2411,2362,2161,2370,2136,1561,5004
"COG0507",1886,1897,2557,1094,3443,785,2797,2281,2827,5821
"COG0508",11397,6729,8021,11178,8007,11524,10770,10780,10795,11480
"COG0509",1406,1120,1227,1131,461,1345,1305,1254,1100,1674
"COG0510",754,616,481,744,11,322,257,205,160,33
"COG0511",1988,2277,2389,1926,1598,1898,2006,1964,1815,3004
"COG0512",2657,2080,2459,3148,956,3356,2504,2716,3685,1465
"COG0513",8263,8700,7531,10191,10072,7244,12488,8518,8026,19917
"COG0514",1599,1331,757,769,7159,822,2813,883,709,5299
"COG0515",2194,3990,5965,2078,6660,2428,5207,2552,903,2860
"COG0516",5908,4852,5205,5651,4739,6419,5688,5719,5662,3308
"COG0517",5402,7247,6310,6079,6594,5941,5653,5552,5048,7698
"COG0518",6771,7040,5569,6893,2950,7212,6049,6585,7170,5306
"COG0519",5080,4357,4045,5259,2223,5154,4594,4829,5407,3617
"COG0520",7244,8895,8467,7789,5127,7422,6521,7570,6772,5826
"COG0521",928,1436,1400,1022,327,926,926,1008,808,1242
"COG0522",2723,2112,2380,2612,876,2758,2264,2566,2865,2319
"COG0523",2786,1072,1138,1538,743,1102,1580,2174,4320,436
"COG0524",8115,7148,6960,7444,3330,6973,7031,7442,8230,6702
"COG0525",10317,8197,9025,10570,3866,10450,8806,10908,11317,7139
"COG0526",9389,9538,9801,10219,9997,9943,9342,9405,9303,10909
"COG0527",5024,4059,5190,5386,5326,5135,4685,5129,5978,6707
"COG0528",1845,1737,1767,1621,986,1664,1661,1671,1803,1507
"COG0529",1367,1357,1239,1148,2508,1142,1263,1309,1446,1461
"COG0530",2554,2301,2679,2130,2884,1894,2246,2429,3033,1868
"COG0531",2088,5162,3397,2673,9395,2753,2222,1814,935,1941
"COG0532",8352,6109,7470,8120,3621,8924,7640,8567,7604,8625
"COG0533",4578,3186,3969,4611,1423,4779,3901,4387,4607,3762
"COG0534",6180,5753,4815,6461,5894,6945,6556,6079,5781,8735
"COG0535",1470,3019,3794,1636,3095,947,1839,1827,2280,2321
"COG0536",4553,2855,3241,4179,1410,4111,3692,4014,4324,4089
"COG0537",2300,2129,2224,2562,939,2680,2366,2206,1910,1955
"COG0538",4688,2310,3045,4540,742,5183,3829,4804,5284,3042
"COG0539",6370,4564,5095,6176,3249,6760,5404,6527,6664,5685
"COG0540",4024,3539,3844,4104,1312,3340,3529,3909,4201,3024
"COG0541",1547,1363,1491,1576,743,4598,4079,4565,4935,5291
"COG0542",11577,7501,6986,6300,12492,6317,9659,9328,14597,7013
"COG0543",524,1577,1242,737,577,686,554,371,178,1334
"COG0544",5172,3639,4213,5349,2263,5063,4422,4911,5404,4912
"COG0545",1636,1484,1272,1447,1614,1096,1899,1438,1261,3245
"COG0546",2511,2644,2782,2609,1821,2614,2620,3108,2825,2637
"COG0547",3214,3038,3453,3457,1635,2751,2981,3793,3517,2524
"COG0548",2524,2449,2823,2824,1423,2086,2612,2746,3028,4213
"COG0549",229,1079,526,359,190,405,238,383,102,1
"COG0550",10631,7135,7559,9880,4328,11325,10785,9393,10700,9882
"COG0551",916,1115,1561,842,1118,1065,903,862,941,1232
"COG0552",3192,2859,3152,3422,1478,2638,2842,3445,3333,2878
"COG0553",2000,2201,3058,2045,50699,2317,5259,1618,1449,3496
"COG0554",3712,3201,3061,4264,2140,4265,3471,3723,2838,2248
"COG0555",28,189,123,28,259,8,91,66,10,26
"COG0556",9064,5605,7230,8846,3126,9020,7460,8544,9407,6310
"COG0557",4646,3361,2336,3030,3446,2790,4643,3717,6217,5466
"COG0558",2721,3248,2813,2966,1232,3544,2561,2826,2979,1815
"COG0559",5305,6230,5048,5077,2644,5386,4775,5348,5825,2900
"COG0560",1141,1825,1750,1383,1135,1404,1525,1121,1235,2786
"COG0561",1046,1013,1551,683,2663,689,1976,1497,332,668
"COG0562",337,59,194,226,255,233,288,152,343,130
"COG0563",746,699,701,746,335,2681,2536,2275,2241,2745
"COG0564",6297,4166,4915,6241,4300,5747,6029,6068,7730,8773
"COG0565",1963,1120,1461,2149,602,2122,1892,2139,2573,1499
"COG0566",4769,3251,3293,4595,3152,4619,4280,4721,5618,5250
"COG0567",8856,3256,4874,8390,4852,9013,7859,8115,7632,9901
"COG0568",11126,6858,8215,9427,6253,3182,3258,3745,4061,3115
"COG0569",4478,3749,4032,4817,2111,5089,4226,4741,4366,4429
"COG0571",2404,1565,1837,2424,1526,2697,2640,2240,2359,2333
"COG0572",369,964,509,535,661,388,450,513,918,697
"COG0573",834,348,731,645,911,319,562,896,2469,53
"COG0574",7319,8835,8979,8260,4025,9716,6182,7531,6048,4320
"COG0575",2298,1996,1899,2406,1000,2505,1909,2341,2276,2737
"COG0576",2413,1886,2438,2829,1003,2656,2157,2580,2377,2255
"COG0577",6006,5462,6054,4628,19051,6207,5513,5529,5376,3808
"COG0578",1797,1391,918,1290,2810,1402,1936,1160,1331,1565
"COG0579",1966,2361,2323,1662,1734,1391,1613,1871,3342,940
"COG0580",1122,996,1478,1773,1009,1259,1257,1130,857,636
"COG0581",812,450,786,625,1105,318,619,887,2369,99
"COG0582",3897,6509,4916,3177,18803,3421,4483,4165,4551,3695
"COG0583",4332,6949,4403,4582,15785,3436,6047,3986,5185,12673
"COG0584",2320,3506,2263,2642,1927,3098,2401,2309,2026,1966
"COG0585",74,306,298,182,122,420,384,342,125,566
"COG0586",583,450,494,371,1415,252,453,614,791,204
"COG0587",14617,12233,12893,13588,17561,15199,14074,13352,13428,13542
"COG0588",2052,1342,1839,2644,211,3024,1738,2233,1803,1167
"COG0589",974,1352,2246,1096,4674,578,955,469,619,1198
"COG0590",1831,1523,1403,1739,1100,2032,1351,1956,1584,1171
"COG0591",4049,11018,8985,7972,10518,6039,5240,6433,1826,7638
"COG0592",5224,3883,4518,5573,2471,5614,5419,4982,5076,3863
"COG0593",7388,4915,6070,7897,2846,7994,6561,7307,7759,6141
"COG0594",185,350,388,178,251,177,233,162,175,597
"COG0595",4141,1768,3157,3767,766,3562,3254,4115,5777,2446
"COG0596",17604,22001,17955,18156,11554,15371,18179,18508,18478,22016
"COG0597",1306,1075,1311,1597,610,1731,1243,1509,1630,1306
"COG0598",35,230,171,48,1788,26,62,41,21,17
"COG0599",183,743,504,195,960,118,362,271,294,636
"COG0600",2363,3133,2659,2698,1870,2643,2602,2513,3223,2902
"COG0601",4749,8150,6415,3940,2068,3458,4850,4395,4745,3229
"COG0602",1394,1371,1284,1084,2977,823,1637,1231,1120,1214
"COG0603",912,1435,1350,1041,1839,775,1045,1057,1397,878
"COG0604",8354,10192,10131,8143,7560,8347,8663,8497,8170,7875
"COG0605",1140,679,886,682,1644,1745,978,793,788,737
"COG0606",232,669,331,90,2351,76,307,86,79,1528
"COG0607",3193,3925,3398,3016,3548,3509,3448,3550,3014,3507
"COG0608",2131,3196,4048,2657,2690,2213,3389,2992,2059,4803
"COG0609",1438,937,1443,471,1292,574,279,571,185,621
"COG0610",677,640,1234,497,4823,630,853,790,566,541
"COG0611",2432,1608,2242,2640,1353,2070,2276,2337,2666,2751
"COG0612",4745,5825,5363,4311,8308,3687,4953,4659,4102,8434
"COG0613",929,1244,1628,833,1282,657,625,765,1287,801
"COG0614",1577,2044,2232,1161,1577,1711,1243,1553,964,2326
"COG0615",550,634,676,657,475,748,621,579,308,587
"COG0616",4006,2661,2908,3787,1589,3484,3492,3489,4236,3505
"COG0617",6667,4568,4971,6790,4446,6779,6582,6426,7459,6142
"COG0618",1345,1017,970,1097,793,1517,1112,952,513,1226
"COG0619",867,125,178,433,34,529,503,689,1108,4
"COG0620",1628,3859,2179,1386,849,1551,1349,1331,1684,1552
"COG0621",7963,7822,7500,8391,3048,2622,2394,2497,2879,2412
"COG0622",181,525,464,232,427,184,187,146,166,255
"COG0623",3446,1857,2556,2728,1516,3191,2823,3349,3580,2135
"COG0624",8578,11288,10280,9560,5023,9819,8377,8404,7788,8072
"COG0625",1940,1659,1543,1477,1359,4325,5872,5534,7699,4704
"COG0626",6865,5425,4158,5480,5602,6002,5305,5974,7179,5988
"COG0627",360,631,400,332,672,171,687,452,202,802
"COG0628",2375,2930,2243,1972,4422,2141,2261,2192,2792,2722
"COG0629",2049,1364,1622,1659,1834,1869,1796,1954,2089,1863
"COG0630",402,465,423,223,308,569,499,422,212,5
"COG0631",457,736,699,462,588,605,582,397,223,580
"COG0632",913,1180,973,675,807,544,808,904,957,1233
"COG0633",1765,1071,1152,1374,896,1314,2032,1747,3169,667
"COG0634",500,863,620,460,973,561,544,421,386,827
"COG0635",2209,2522,2073,1563,3700,1115,2063,1808,1839,2839
"COG0636",372,161,136,218,77,227,348,367,456,642
"COG0637",1949,1254,1239,1508,2154,1638,2006,1814,1918,1342
"COG0638",265,1558,2187,955,2,455,395,403,114,79
"COG0639",1001,1543,1164,939,1507,949,1822,1074,739,2229
"COG0640",310,1122,670,373,2832,199,464,538,197,215
"COG0641",114,286,176,48,321,46,312,23,19,37
"COG0642",14111,15611,16176,18072,76461,15131,15813,14482,17205,21080
"COG0643",264,699,841,340,3280,496,609,251,204,406
"COG0644",6925,7776,8243,7278,3338,7633,6076,7294,7517,3903
"COG0645",4,132,108,18,229,10,9,5,6,0
"COG0646",2964,5450,5223,4182,2202,2720,2447,4430,5372,1149
"COG0647",1945,1298,1677,2367,1005,2477,1989,2025,1905,1529
"COG0648",547,956,1235,691,24,810,488,498,278,7
"COG0649",4228,4338,4748,4267,1361,1620,1183,1463,1476,964
"COG0650",1,0,0,0,0,0,1,0,0,0
"COG0651",1315,3707,2300,999,4798,866,1093,911,1750,1141
"COG0652",4454,4349,4365,4240,2984,4181,4986,5113,4245,4594
"COG0653",10643,7776,8071,10478,5233,10708,9500,10473,10981,10471
"COG0654",7328,5048,5380,8025,3876,7478,7711,7537,9586,8390
"COG0655",299,457,228,279,1103,287,439,282,233,671
"COG0656",634,1380,928,558,1354,675,1025,536,239,630
"COG0657",3416,4642,3207,2486,4214,3176,4082,3244,3019,1337
"COG0658",176,571,339,112,3030,79,282,94,73,1687
"COG0659",3391,2791,1822,1596,5376,1145,4174,2600,4190,11488
"COG0661",7771,2637,4797,6620,4462,5920,7588,7490,10058,5914
"COG0662",3179,2302,2675,3020,3998,2790,3882,3407,3014,2514
"COG0663",391,384,417,470,568,1375,1269,1237,1214,1629
"COG0664",1478,2823,2360,1314,3282,1066,1417,1585,1439,1408
"COG0665",25153,29455,24208,24303,7777,25355,23359,25990,21347,33093
"COG0666",1208,5227,3306,850,1533,663,3468,2184,532,3764
"COG0667",6185,9003,10428,7090,4388,5745,6485,6813,6653,6886
"COG0668",5152,4917,5260,5762,9061,5673,4898,5032,5195,3661
"COG0669",1639,1279,1330,1844,711,1910,1489,1616,2031,1534
"COG0670",2259,1046,1561,1936,1060,1909,1839,2209,2191,1854
"COG0671",963,895,1115,1155,3185,1041,1801,800,705,1199
"COG0672",81,832,1416,501,555,124,266,171,177,446
"COG0673",16167,21638,19943,15740,10720,14471,15096,15290,15709,10619
"COG0674",1518,5096,4653,2464,230,2452,1760,1782,964,70
"COG0675",6,113,101,28,488,29,72,32,27,17
"COG0676",6,39,12,49,108,8,74,20,5,156
"COG0677",2142,1837,3358,2744,1557,3281,1707,2534,2636,2955
"COG0678",1775,584,719,1319,1186,1399,2579,1102,1362,1685
"COG0679",2162,1113,1338,2313,1245,1594,1707,2122,2512,1207
"COG0680",1,3,2,9,74,3,8,2,1,3
"COG0681",3578,2658,2987,3452,1693,3373,3212,3402,3678,2623
"COG0682",3011,2365,2351,3148,1994,2846,2841,2970,3720,3065
"COG0683",6158,8183,6633,5858,3672,7334,5818,6571,6393,4497
"COG0684",811,1582,1364,651,343,750,868,826,961,492
"COG0685",2419,3330,3012,2539,1390,1880,2171,2770,2508,2255
"COG0686",3025,1947,2238,2946,2654,3441,2383,2740,2187,2795
"COG0687",3179,4457,2797,2751,1311,3212,2896,3198,2741,3597
"COG0688",1719,1733,1742,2198,1062,1999,1811,1769,1491,1870
"COG0689",464,555,585,391,157,1501,1369,1171,1024,954
"COG0690",360,134,186,217,119,182,331,287,432,366
"COG0691",1764,1315,1311,1898,728,1835,1567,1644,1821,1495
"COG0692",878,293,327,677,578,783,1040,634,793,1372
"COG0693",176,662,643,210,1304,140,440,146,198,610
"COG0694",2391,1826,2082,2079,1398,2489,2393,2396,2069,2362
"COG0695",1135,812,981,1334,1417,1305,1390,1222,1579,1335
"COG0696",2220,1440,847,959,1876,807,1888,1749,2273,3709
"COG0697",25885,17982,19060,27831,7097,24508,23594,25195,26696,24586
"COG0698",1175,871,1124,1266,698,1471,1093,1061,930,764
"COG0699",114,31,122,54,139,67,243,57,21,28
"COG0700",115,220,101,72,310,108,60,54,42,182
"COG0701",176,482,338,200,1277,200,223,174,48,314
"COG0702",4714,3379,4747,5595,5056,4313,5039,5962,5414,5157
"COG0703",2091,1348,1718,2278,671,2211,1958,2074,2536,2017
"COG0704",338,1215,2035,1201,461,511,443,466,941,55
"COG0705",1943,2562,2493,2048,2648,1909,1990,1995,1245,2564
"COG0706",6480,4215,4967,6306,2757,6673,5671,6364,6123,5516
"COG0707",3586,2481,2564,3942,1467,3972,3330,3773,4398,3501
"COG0708",3114,2473,2624,3213,1636,3108,3073,3144,3315,3153
"COG0709",583,564,405,376,233,1111,1396,1707,3692,1439
"COG0710",143,652,807,266,0,218,180,125,49,3
"COG0711",3142,1588,2106,3313,431,3136,2445,2885,3554,3253
"COG0712",2222,1563,1670,2499,757,714,653,737,732,878
"COG0713",848,986,974,1001,506,1115,887,949,1017,872
"COG0714",8140,7902,8214,6686,19385,7256,12053,7476,6113,5855
"COG0715",819,2511,2240,931,3053,560,1179,873,2100,904
"COG0716",695,93,486,542,203,443,482,626,723,694
"COG0717",2211,1421,1955,2062,1808,2339,1982,2148,2212,1428
"COG0718",703,660,765,844,218,636,657,819,726,867
"COG0719",9257,7281,9059,9594,4288,9440,8361,9203,8492,6741
"COG0720",1194,960,942,889,751,650,932,1212,1447,1236
"COG0721",900,544,696,928,402,898,825,867,953,584
"COG0722",1350,1352,929,888,677,786,1255,1615,1797,1992
"COG0723",2288,1560,1936,2163,582,2405,2105,2179,2141,1428
"COG0724",819,545,427,416,197,408,751,838,772,203
"COG0725",163,788,759,187,326,169,311,201,229,422
"COG0726",3361,5305,4976,4340,2132,3986,3171,4097,3157,4893
"COG0727",245,275,112,151,92,80,134,75,408,624
"COG0728",5066,2769,3542,5270,1035,5579,4441,5057,5920,4229
"COG0729",23,510,202,148,1421,49,86,41,55,9
"COG0730",6206,3177,4455,6112,2408,6990,5264,5779,6334,5296
"COG0731",184,568,770,479,1,293,255,200,64,15
"COG0732",247,275,769,207,3263,391,272,380,269,197
"COG0733",2330,2317,1905,2174,3416,2438,1932,2473,2600,1737
"COG0735",3700,1730,2813,4217,1306,4068,3422,3736,4254,2872
"COG0736",868,713,942,1203,146,1316,780,899,952,849
"COG0737",1351,2519,1304,1307,1234,1335,1369,1339,1048,2380
"COG0738",576,376,198,397,1178,165,505,289,168,2409
"COG0739",8887,7721,7519,9451,10091,10431,8569,9030,7106,11060
"COG0740",3938,2420,2476,2730,4705,2994,4219,3683,4127,2431
"COG0741",5481,5249,5618,6107,7569,6217,5435,5553,5378,6513
"COG0742",1832,1391,1600,2143,858,2338,1729,1957,2244,2071
"COG0743",3032,2777,2949,3765,1517,3637,2685,3551,3868,2986
"COG0744",2530,2115,2121,1489,2744,2181,1786,1488,3439,1136
"COG0745",2616,1698,2210,2602,3110,7703,6945,7878,9299,8568
"COG0746",765,1196,1156,1123,306,372,934,655,539,2701
"COG0747",6746,12134,9773,5139,4627,5215,6837,6599,6576,3890
"COG0748",674,257,332,222,57,828,395,726,307,525
"COG0749",12962,8078,9115,11577,83611,12486,17168,10768,13653,9626
"COG0750",1601,1566,1746,1853,963,5258,4277,5009,4298,3640
"COG0751",4081,2847,3411,4676,1318,4101,3390,4439,6145,4225
"COG0752",1899,1225,1539,1704,616,1483,1476,1951,2189,1824
"COG0753",9,199,180,235,1265,19,109,42,12,11
"COG0754",8,42,92,40,121,9,46,21,35,0
"COG0755",3826,2716,3032,3735,1156,3765,3444,3653,3588,4255
"COG0756",1469,948,1092,1443,2714,2001,2121,1365,1207,1392
"COG0757",1701,1394,1230,1704,587,1784,1413,1698,1807,1617
"COG0758",240,657,316,108,1490,104,292,99,93,1119
"COG0759",599,365,545,755,337,805,598,755,949,819
"COG0760",5551,6240,6115,5297,8778,5090,5309,4831,4247,8852
"COG0761",3698,2283,2769,3508,1542,3425,3052,3808,4066,2471
"COG0762",955,544,628,960,257,902,706,987,1346,863
"COG0763",3450,2337,2490,3880,699,3810,3042,3466,3684,3490
"COG0764",3266,2848,2903,3442,1755,3693,3078,3474,2972,3749
"COG0765",5059,3769,3768,5413,915,5974,4869,5782,4081,3338
"COG0766",4995,2918,3417,4895,1826,5019,4259,4925,5352,3606
"COG0767",1131,505,524,503,1255,400,868,861,1121,837
"COG0768",13145,8201,9463,13372,5403,13739,11745,13242,13462,11673
"COG0769",5832,3391,4131,6459,2586,6845,5206,5984,6956,5761
"COG0770",1146,821,730,950,683,3159,3149,2851,3643,2986
"COG0771",4099,2603,2968,4728,1862,1569,1292,1419,1805,1478
"COG0772",8413,5374,5898,8679,3385,8487,7341,8505,8891,7988
"COG0773",6219,4205,4332,5932,2630,6133,5717,5943,6471,7071
"COG0774",3439,2621,2666,3686,675,3443,3156,3607,3212,3445
"COG0775",740,954,653,680,2285,634,1357,666,582,731
"COG0776",2209,1859,2253,2510,2162,2757,2247,2295,2351,2555
"COG0777",3251,3191,2771,3019,1333,2714,2745,3252,3405,3376
"COG0778",3617,3647,3843,3129,3266,4594,3389,3460,2308,3844
"COG0779",824,638,566,703,698,792,800,773,943,600
"COG0780",772,860,688,864,1171,664,809,865,910,525
"COG0781",1504,1198,1145,1632,750,1491,1416,1495,1436,1741
"COG0782",1512,1515,1687,1787,1225,1699,1593,1561,1344,2037
"COG0783",68,95,68,60,978,25,60,16,37,206
"COG0784",1017,4678,4269,2898,26518,1297,2655,1145,1307,3979
"COG0785",1668,730,2318,2308,430,1969,1435,1736,1871,720
"COG0786",651,102,78,255,93,31,302,713,1465,8
"COG0787",2848,1877,1539,1908,1144,1950,2265,2104,2905,2065
"COG0788",609,407,716,585,654,179,636,803,1298,1026
"COG0789",1725,1914,1823,1914,2995,2298,1965,1487,1571,1469
"COG0790",723,2946,3313,795,1063,750,1432,1273,806,2273
"COG0791",1948,713,957,2167,1809,1985,1740,1825,1957,1749
"COG0792",41,249,69,15,425,20,63,21,32,159
"COG0793",7441,7076,5850,6488,9473,6160,6446,7071,7587,8281
"COG0794",2640,1989,2265,3088,834,3025,2633,3046,2555,3622
"COG0795",5312,4490,4833,6498,3522,6400,5187,5955,5800,7142
"COG0796",780,750,688,640,1094,340,671,740,881,707
"COG0797",403,613,579,501,1028,438,482,422,369,282
"COG0798",57,346,373,131,1575,68,144,114,68,12
"COG0799",1184,1072,1021,1458,496,1324,1192,1276,1443,1153
"COG0800",696,552,500,351,755,295,686,600,1108,998
"COG0801",1964,1379,1427,1839,789,2024,1820,1718,1878,2925
"COG0802",567,408,439,612,182,1821,1484,1658,1747,1628
"COG0803",2084,720,1740,1256,366,1131,1467,2141,2631,1333
"COG0804",1423,1007,785,769,562,104,842,1136,2896,31
"COG0805",3025,2360,2778,3297,1196,3113,2768,2938,3381,2686
"COG0806",1000,1000,855,875,755,800,1011,954,1059,1425
"COG0807",4758,2713,3299,4169,2097,4613,3969,4302,5446,2529
"COG0809",912,748,653,700,810,2179,2370,2281,2670,2256
"COG0810",1091,1123,813,1037,653,1226,1120,1118,1147,1541
"COG0811",4260,3128,3370,3824,2933,4157,4041,4126,4004,4955
"COG0812",3342,2157,2424,3376,1323,3103,2855,3290,3438,2773
"COG0813",193,35,77,81,208,121,390,221,72,46
"COG0814",9,19,1,7,1,3,122,59,6,78
"COG0815",4994,3439,3815,5537,2574,5837,4717,5380,5821,4243
"COG0816",1691,945,1054,1677,498,1625,1394,1520,1705,1649
"COG0817",836,1131,772,550,714,443,692,663,642,1026
"COG0818",248,188,96,171,103,84,216,299,145,681
"COG0819",441,393,370,199,149,62,303,469,830,323
"COG0820",2458,2418,2025,2192,1735,1680,2512,2194,2492,2904
"COG0821",4423,2871,3502,4257,1629,4576,3636,4325,4584,2396
"COG0822",1028,1384,1506,1357,614,1305,1651,1124,1102,1282
"COG0823",4438,9502,7097,6904,18234,6403,4992,5965,3624,4243
"COG0824",3266,3259,2112,2922,1763,3122,2994,2834,3648,4923
"COG0825",3488,3375,3094,3609,1474,3235,3248,3755,3884,3761
"COG0826",30,1007,464,88,490,92,146,93,34,7
"COG0827",199,139,173,166,4979,112,97,37,34,43
"COG0828",526,272,317,570,212,515,543,573,679,595
"COG0829",622,429,708,596,305,47,511,597,1415,11
"COG0830",478,319,546,477,188,26,343,395,1018,12
"COG0831",246,241,300,207,82,17,159,194,464,12
"COG0832",243,269,212,148,80,17,149,202,426,6
"COG0833",0,0,1,0,6,1,0,1,0,0
"COG0834",6046,4518,4895,5669,2999,6041,6143,6479,4533,5049
"COG0835",45,312,284,140,1088,17,41,30,14,61
"COG0836",2240,2173,2495,2577,1457,2091,2002,2825,2680,1911
"COG0837",1116,331,281,586,355,389,832,912,1728,1069
"COG0838",371,529,451,485,291,1573,1175,1325,1148,1206
"COG0839",1622,1746,1858,1887,497,1720,1433,1819,1740,1572
"COG0840",283,3902,2651,1816,15172,678,1091,513,584,542
"COG0841",13743,11573,12440,13591,40929,14111,14627,12855,12147,18011
"COG0842",3270,3577,3499,4258,3733,3730,3312,3547,3831,3488
"COG0843",8775,6457,7043,7447,4108,8247,7424,8818,7031,11804
"COG0845",6805,6555,6861,6302,23483,5241,6748,6553,6835,7359
"COG0846",846,1344,949,647,972,841,651,668,892,693
"COG0847",3359,2413,2301,3453,1700,3634,3125,3132,2969,5432
"COG0848",1356,1235,1432,1372,692,1573,1370,1488,1418,1526
"COG0849",2501,2878,3139,3088,1842,2820,2691,2805,2350,3950
"COG0850",337,153,75,131,192,19,139,308,480,2
"COG0851",191,37,24,80,73,8,74,144,252,6
"COG0852",1708,2147,2205,2196,579,2251,1661,1985,1675,1518
"COG0853",235,179,168,177,416,286,327,199,192,195
"COG0854",2247,1037,1393,2261,984,2059,2050,2178,2641,2430
"COG0855",1837,608,762,1130,3334,599,1530,2096,3084,688
"COG0856",70,160,117,89,0,156,111,117,49,0
"COG0857",729,354,449,318,264,76,358,581,1070,883
"COG0858",1210,921,969,1368,453,1386,1362,1343,1151,1601
"COG0859",4132,6114,6242,6472,1226,5465,4233,5114,4370,4545
"COG0860",2082,1878,1581,1653,2137,1579,1874,1798,1836,2488
"COG0861",1940,995,1372,2388,1141,2252,1608,2198,2647,1415
"COG0863",4503,2679,3825,4195,7357,4543,7680,5454,3295,1973
"COG0864",8,82,257,143,56,38,17,7,0,0
"COG1001",89,271,315,232,133,264,351,390,123,1100
"COG1002",423,730,1008,478,4738,958,662,558,411,337
"COG1003",8635,4698,5431,6832,4822,8196,7413,7142,8881,7629
"COG1004",5467,3413,4575,5501,10067,5749,6787,6013,5045,3394
"COG1005",3728,4448,4646,3925,1817,4343,3247,3994,3711,2558
"COG1006",90,252,134,54,347,60,100,75,137,81
"COG1007",5131,5618,5797,5603,2854,2117,1388,1751,1802,1290
"COG1008",6571,5824,5536,5716,3056,6632,5161,6489,7058,3987
"COG1009",2392,2474,2805,2323,2067,8159,6152,7400,6397,5107
"COG1010",1123,438,683,558,161,97,533,850,1343,236
"COG1011",3779,5073,4667,5148,1816,4756,3657,4164,3964,4277
"COG1012",28778,27528,22651,28245,18206,30192,28088,28489,22083,37171
"COG1013",954,3272,2772,1494,150,1447,1058,1004,649,31
"COG1014",2040,5657,5076,3251,1511,3081,2353,2409,2148,314
"COG1015",665,331,163,275,1075,647,453,331,381,557
"COG1017",1,69,11,15,257,10,1,6,2,2
"COG1018",850,1463,2006,1105,2141,462,1476,546,719,3521
"COG1019",86,389,392,219,0,22,31,44,1,0
"COG1020",344,589,583,294,1481,226,485,287,207,600
"COG1021",7,136,61,9,213,1,23,18,2,42
"COG1022",7148,6136,5402,7530,4677,8218,5988,7328,7163,5193
"COG1023",61,136,162,86,826,325,255,53,12,29
"COG1024",16285,22737,18853,16388,15215,17724,16912,16880,15991,18660
"COG1025",321,1331,1167,327,374,584,460,357,201,137
"COG1026",1010,531,916,733,190,793,1099,820,967,2153
"COG1027",2,598,567,356,147,11,47,5,8,298
"COG1028",38274,49735,45534,38839,25087,38527,39672,40001,39613,33729
"COG1029",84,98,133,141,51,103,138,112,97,167
"COG1030",339,1588,856,684,1155,622,368,487,160,4
"COG1031",165,314,258,174,0,306,252,146,92,0
"COG1032",1697,9609,12810,4660,5039,1450,3722,3551,2620,3628
"COG1033",2854,3810,3428,3570,1471,12438,9935,9771,7105,10478
"COG1034",4519,3109,3597,5023,2082,5876,4028,4622,4024,5388
"COG1035",135,876,428,347,21,130,117,156,71,43
"COG1036",46,5,34,41,14,41,36,31,54,91
"COG1038",1236,430,618,592,1631,647,1083,939,959,1892
"COG1039",34,44,51,17,0,2,50,34,16,0
"COG1040",87,409,134,44,964,18,127,40,44,605
"COG1041",202,316,266,162,0,331,282,191,66,19
"COG1042",889,3708,3961,1807,1063,503,1256,1051,1098,2595
"COG1043",2544,1638,1946,2417,546,923,695,946,830,645
"COG1044",3342,2202,2319,3287,801,3056,2716,3294,3693,3876
"COG1045",1753,954,1059,1538,653,1675,1481,1753,2021,1711
"COG1047",253,1104,1071,537,1409,513,482,307,155,1384
"COG1048",6640,7089,8515,8360,5494,8928,6312,7126,5611,4030
"COG1049",4195,1089,942,2207,972,2524,3352,3625,5590,5255
"COG1051",801,1250,1178,726,1237,1116,922,813,666,746
"COG1052",3990,3010,4046,4337,2366,4802,3411,4118,3949,5696
"COG1053",12158,10530,12364,11044,2938,14723,10628,11814,9685,9260
"COG1054",3569,1724,2275,3740,1396,3333,3285,3421,3422,2534
"COG1055",1399,2458,1886,1702,738,1630,1658,1582,769,1674
"COG1056",64,245,427,248,66,163,89,96,29,5
"COG1057",1860,1409,1573,2168,733,2114,1727,1975,2101,1637
"COG1058",2770,2056,2531,2592,1300,2962,2283,2905,2912,1846
"COG1059",12,1,7,9,0,5,5,7,4,0
"COG1060",1903,3792,5174,2651,13,2670,2006,1750,1210,231
"COG1061",4401,1746,2260,2396,12005,3124,10588,3537,2563,3869
"COG1062",936,3661,2837,1121,1585,899,1648,1429,934,1094
"COG1063",2590,5697,6367,3124,2887,3488,2881,2941,2447,1664
"COG1064",1376,1668,2038,1412,724,1372,1347,854,1160,2338
"COG1066",1794,1807,1322,1146,4929,861,1812,1654,1733,2519
"COG1067",292,786,551,351,569,567,481,417,145,3
"COG1069",23,129,102,20,430,38,79,125,62,95
"COG1070",2597,1159,1451,1520,1781,1475,2066,2067,2347,1112
"COG1071",5461,5337,5242,4902,7646,5435,5089,5253,3505,4578
"COG1072",156,52,158,134,132,150,189,123,113,103
"COG1073",3364,3360,3911,3676,3799,3992,2896,3398,3151,4186
"COG1074",3513,3597,3172,2585,4927,2472,3934,3786,5070,4993
"COG1075",799,807,450,611,1194,494,390,967,610,125
"COG1076",767,1180,1001,925,496,738,741,898,997,1432
"COG1077",4160,2807,3263,3621,1548,4228,3556,4179,3977,3141
"COG1078",1028,846,1140,874,1046,513,1338,1052,1228,848
"COG1079",2358,2186,1429,1545,588,2219,1495,1656,1797,1401
"COG1080",309,209,320,251,530,1284,763,742,738,345
"COG1082",2515,3267,3202,2274,1646,2162,2547,2182,2550,1348
"COG1083",1314,878,2342,2162,2219,2147,1428,1946,1883,2403
"COG1084",171,249,236,158,0,301,227,223,65,11
"COG1085",219,609,804,512,114,169,207,258,207,224
"COG1086",2531,2556,3297,3272,4672,3126,2429,2859,3116,4855
"COG1087",1837,1349,1300,1882,2040,1582,1752,1929,2249,1817
"COG1088",2734,2582,3246,3288,5748,3260,3220,3434,2545,2834
"COG1089",3569,1982,2889,3530,6622,3951,4481,4511,3467,3893
"COG1090",1688,1155,1510,1162,1003,1292,1411,1489,1452,1537
"COG1091",1601,1832,1935,2149,2635,1940,1706,1959,1468,2322
"COG1092",324,683,789,210,1415,140,490,208,234,1510
"COG1093",130,504,674,319,0,212,179,175,49,3
"COG1094",131,356,335,187,0,170,171,137,48,15
"COG1095",94,364,424,258,0,153,145,124,51,14
"COG1096",38,208,390,199,0,63,78,127,3,5
"COG1097",94,474,466,208,0,207,127,124,48,5
"COG1098",0,0,1,5,0,4,2,1,0,0
"COG1099",19,79,122,24,4,6,61,33,16,10
"COG1100",2168,434,799,1110,18,379,1422,2507,4014,261
"COG1101",1,0,2,32,64,1,5,10,2,2
"COG1102",61,351,408,208,0,108,82,83,42,0
"COG1104",3585,3512,3048,2639,2859,2650,2964,3521,4338,1881
"COG1105",8,39,35,2,133,12,12,1,1,0
"COG1106",4,11,8,0,11,9,2,1,6,1
"COG1107",0,1,18,1,0,0,0,0,0,0
"COG1108",3384,1390,2479,2731,766,2302,2523,3268,3775,3117
"COG1109",10912,7944,9369,11428,4938,11877,8934,10112,10864,9992
"COG1111",315,816,1009,647,7,632,442,379,137,28
"COG1112",1556,1018,1767,1439,2799,1419,1927,1493,1014,1808
"COG1113",0,28,0,0,27,0,0,0,3,1
"COG1114",4,59,4,6,111,2,3,1,4,266
"COG1115",2826,3098,2168,2835,4297,2913,2783,2577,1778,4009
"COG1116",557,1652,1464,718,1740,449,898,613,1411,581
"COG1117",666,426,760,464,752,276,483,804,1864,71
"COG1118",22,177,95,73,311,36,28,52,25,1
"COG1119",477,835,445,252,30,101,323,581,831,215
"COG1120",496,730,905,305,640,448,511,714,244,692
"COG1121",3140,1076,2209,2613,587,2519,2135,2875,3782,2049
"COG1122",1275,616,561,742,103,236,264,346,617,69
"COG1123",4903,3234,2995,3657,1984,2757,4669,3909,5896,2988
"COG1124",14,30,11,0,45,0,14,9,2,2
"COG1125",18,98,95,32,188,19,42,23,27,2
"COG1126",2758,2140,2181,2498,827,2645,2384,3131,1666,1538
"COG1127",1093,478,551,579,1174,426,884,846,1165,910
"COG1129",2445,2634,1966,2716,693,2304,2431,2324,2519,3711
"COG1131",7233,9149,8607,8787,6385,8139,7157,7689,6640,6359
"COG1132",17928,15961,16658,16745,8324,17447,15735,19092,20546,19114
"COG1133",1588,883,1228,1654,25,1839,1506,1705,1654,2205
"COG1134",347,666,636,285,456,389,441,677,336,222
"COG1135",24,276,53,34,218,31,19,40,12,1
"COG1136",4937,5475,5468,4788,4406,5407,4810,4960,4841,3344
"COG1137",2617,1775,1941,2593,1153,2841,2199,2762,2959,2938
"COG1138",6092,5031,5828,7585,3417,8088,5432,6116,5735,4221
"COG1139",13,1000,394,4,143,16,12,31,8,1
"COG1140",4,316,397,23,109,15,23,19,5,1
"COG1141",255,5,24,66,0,12,127,259,314,13
"COG1142",595,161,202,256,106,46,324,631,1057,12
"COG1143",2151,1995,2341,1784,646,2232,1463,2479,1817,1304
"COG1144",0,110,35,0,0,4,0,0,0,0
"COG1145",470,1052,769,152,598,92,353,349,519,503
"COG1146",1512,2069,2412,2103,1551,614,597,613,462,585
"COG1148",1,560,170,10,0,12,5,29,3,0
"COG1150",0,13,79,10,0,5,3,53,1,0
"COG1151",1,0,0,0,0,0,1,0,0,0
"COG1153",3,20,23,12,0,5,11,6,2,0
"COG1154",6486,3719,4219,5778,2817,6070,5541,6215,6790,5922
"COG1155",249,1156,1360,705,3,490,375,345,100,7
"COG1156",236,755,1063,606,1,371,316,293,109,9
"COG1157",457,674,530,136,1707,265,444,368,616,730
"COG1158",4915,3785,4639,4931,3050,5867,4417,4936,3880,4865
"COG1159",1781,1302,1162,1235,1242,970,1650,1476,2064,2004
"COG1160",3475,2918,2567,2755,2184,2873,3014,3107,4002,2888
"COG1161",153,70,35,85,46,27,370,583,237,601
"COG1162",1185,1005,557,809,1087,207,410,339,414,702
"COG1163",163,660,938,468,0,292,264,275,76,7
"COG1164",1280,1736,2334,1366,1695,454,421,417,387,78
"COG1165",1275,985,533,668,1350,277,969,1223,1986,1175
"COG1166",1242,373,653,532,885,111,769,1608,2959,22
"COG1167",1169,2021,1765,731,1893,880,1312,892,1271,2082
"COG1168",378,608,460,447,291,331,507,376,344,444
"COG1169",823,778,473,526,1194,180,765,1138,2361,728
"COG1171",5544,5199,4169,5373,3411,4787,5135,5271,5675,6008
"COG1172",3029,2572,2096,2896,540,2628,2953,2726,3187,3964
"COG1173",4267,7512,6141,3627,1856,3078,4519,3986,4230,2632
"COG1174",35,165,96,12,336,25,83,32,53,3
"COG1175",6657,4315,3620,5412,1194,6329,5023,4491,6316,5228
"COG1176",2926,3734,2366,2963,919,3027,2688,2890,2513,4082
"COG1177",2385,3112,1984,2322,784,2171,2180,2405,2130,2407
"COG1178",8024,4951,5582,8212,2745,8678,6560,7243,7461,5792
"COG1179",21,97,58,62,153,13,124,29,6,590
"COG1180",7,551,272,26,155,13,30,30,4,5
"COG1181",3463,2673,2486,3409,2036,3518,3161,3371,3672,3895
"COG1182",595,110,185,704,423,917,597,397,549,878
"COG1183",2023,2109,1956,2606,1169,784,687,719,631,731
"COG1184",8,47,16,2,31,1,32,13,3,14
"COG1185",8094,5476,6274,6925,3418,7907,7060,7790,7558,8007
"COG1186",4123,3036,3058,3769,1644,3671,3694,4003,4607,3785
"COG1187",2285,1647,1429,1863,2080,1828,2247,1835,2021,3906
"COG1188",132,150,121,88,219,73,196,93,162,629
"COG1189",699,613,655,421,156,213,383,790,1296,6
"COG1190",3596,3172,2508,2810,2051,3017,2909,3260,3206,2896
"COG1191",310,543,414,109,977,207,336,229,325,449
"COG1192",3832,3481,3911,4030,3857,4224,3458,4167,3478,3162
"COG1193",1753,1197,1060,733,1926,334,1306,1575,3374,1508
"COG1194",3836,2263,2701,3942,1717,4349,3448,4067,3276,3945
"COG1195",2447,1638,1754,2246,1588,1918,2266,2307,2913,2094
"COG1196",8791,6778,8053,9486,5100,9350,7580,9199,10879,4506
"COG1197",7525,6767,5646,5895,5018,6378,6147,5940,8107,7750
"COG1198",7544,5865,6136,7951,3414,7729,6710,7651,8851,8065
"COG1199",1623,4025,3574,2221,4159,1567,2243,2088,2175,2544
"COG1200",7121,5223,5772,7836,3167,7827,6558,6944,8085,6510
"COG1201",3432,2940,3276,2555,3201,2755,2281,1655,5030,183
"COG1202",0,3,13,0,0,0,0,0,0,0
"COG1203",2,90,41,105,697,11,109,16,15,20
"COG1204",461,1387,1587,942,420,788,687,579,185,88
"COG1205",108,272,533,113,84,150,145,79,131,145
"COG1206",1097,523,545,319,473,166,552,897,1474,91
"COG1207",3649,1815,2628,3300,906,3570,2895,3333,4249,2127
"COG1208",4796,4832,5777,5920,4096,5773,4663,5847,5528,5052
"COG1209",2215,1932,2312,2448,2588,2484,2354,2240,2001,3005
"COG1210",1457,1139,1576,1909,672,1786,1329,1538,1896,1479
"COG1211",2878,1859,2321,3351,998,3580,2302,2981,3294,1813
"COG1212",2730,1846,2319,3197,1166,3115,3037,3082,2701,3375
"COG1213",648,1762,1957,1314,676,1139,455,901,589,653
"COG1214",1391,1442,1314,1163,892,1240,1293,1300,1244,1079
"COG1215",1361,1929,1639,1144,1923,768,1178,1391,1776,1433
"COG1216",2349,3408,3574,3971,4657,3411,2726,2892,2158,3291
"COG1217",1701,1597,922,1594,905,4092,6424,4320,5391,6634
"COG1218",2425,1688,2207,2760,1062,2514,2271,2453,2685,1992
"COG1219",4831,3530,3787,4411,2365,1586,1613,1610,1688,1556
"COG1220",2644,2204,2842,3176,2050,3521,2329,3050,2321,2603
"COG1221",50,123,75,62,498,18,65,19,14,6
"COG1222",167,324,239,187,1,332,322,267,85,49
"COG1223",12,4,3,2,0,0,13,13,3,1
"COG1224",14,0,5,2,0,0,32,31,4,9
"COG1225",2706,2585,2938,3282,1719,2487,2312,3001,2882,1895
"COG1226",3301,4048,2736,2455,9876,2561,3159,3318,2970,3006
"COG1227",98,21,9,16,123,25,186,76,31,49
"COG1228",4664,10421,6645,6182,21774,6108,5748,5541,2544,11805
"COG1229",133,111,192,152,70,162,177,137,130,253
"COG1230",49,323,291,77,1793,111,224,242,128,282
"COG1231",376,1429,624,474,212,512,831,516,62,373
"COG1232",1263,1569,1729,1167,998,2010,875,1197,580,514
"COG1233",8382,4998,6110,8368,6228,7080,7820,8809,9356,11542
"COG1234",2634,2415,2700,1910,1292,2326,2020,2387,2584,1625
"COG1235",2040,1960,2263,2338,2465,2373,2200,2140,2051,3127
"COG1236",437,431,580,361,818,783,841,664,1975,43
"COG1237",91,196,117,124,0,179,200,109,154,98
"COG1238",1398,1208,1488,2025,475,1843,1587,1586,1222,1414
"COG1239",2050,1046,594,949,1232,566,1425,1660,2731,1958
"COG1240",509,187,109,25,39,75,495,451,1309,299
"COG1241",514,1322,1530,827,1168,687,930,610,205,116
"COG1242",24,267,88,18,0,12,31,46,17,18
"COG1243",154,682,1078,661,5,239,1217,194,44,73
"COG1244",183,383,276,205,0,344,254,299,96,0
"COG1245",238,886,1142,773,0,556,418,428,118,29
"COG1246",69,487,389,90,442,32,216,110,44,553
"COG1247",119,445,259,177,361,46,84,44,39,42
"COG1249",8792,8618,8059,7290,10562,7606,7674,8597,9298,8031
"COG1250",8421,10421,8591,9948,9557,3198,2910,2921,2425,3911
"COG1251",21,297,78,117,1581,24,83,36,26,12
"COG1252",2645,893,1178,1561,2111,1287,1490,2372,5015,619
"COG1253",3783,3997,3847,3252,3848,2585,3274,3681,3491,2631
"COG1254",89,400,336,201,163,76,96,112,82,4
"COG1255",0,0,3,0,0,0,0,0,0,0
"COG1256",594,766,633,216,2064,384,581,473,733,964
"COG1257",920,1116,1194,1030,377,992,1136,860,320,1674
"COG1258",247,828,895,544,0,478,340,305,119,10
"COG1259",506,736,654,483,488,565,561,394,204,552
"COG1260",625,1751,1588,867,1114,1050,567,580,329,13
"COG1261",54,207,159,51,233,58,119,57,93,119
"COG1262",2462,6302,6937,2468,6303,1877,2854,2076,1775,4249
"COG1263",2,0,4,0,0,1,0,0,0,0
"COG1264",0,0,0,0,1,5,0,0,0,0
"COG1266",1170,743,578,1104,933,489,1017,1206,1919,936
"COG1267",835,676,797,1139,421,1275,807,976,882,860
"COG1268",1351,601,1004,1403,95,1645,1082,1443,1570,835
"COG1269",318,1237,1628,882,2,202,130,147,52,10
"COG1270",232,226,186,153,91,88,372,493,1181,536
"COG1271",36,441,983,135,1134,30,73,31,44,8
"COG1272",273,588,98,307,503,259,548,182,75,947
"COG1273",0,31,36,3,140,3,3,6,1,0
"COG1274",51,622,406,220,1,75,175,176,48,17
"COG1275",3,32,5,2,82,1,0,2,3,0
"COG1276",12,61,80,38,46,0,4,3,18,0
"COG1277",419,1729,1734,555,281,482,625,636,408,533
"COG1278",1303,1621,1508,1567,1517,1561,1515,1308,1077,1682
"COG1279",803,364,751,1270,195,1324,823,957,829,775
"COG1280",3341,2584,3305,3887,1596,4573,3237,3708,3158,3318
"COG1281",788,141,209,277,1433,126,509,658,1407,573
"COG1282",5075,3151,3966,4750,1977,5475,4204,5349,5530,2711
"COG1283",894,1501,870,1253,768,1420,832,882,369,949
"COG1284",13,216,91,65,726,15,36,35,10,9
"COG1285",5,170,54,13,242,16,26,11,7,6
"COG1286",217,169,250,162,232,196,323,124,209,1064
"COG1287",853,1281,2615,1322,0,2215,1209,1127,322,54
"COG1288",13,169,89,15,523,15,40,5,29,4
"COG1289",10,106,58,5,676,11,57,24,16,515
"COG1290",4846,3157,4084,4522,1091,4743,4188,4647,4932,4819
"COG1291",496,1525,963,575,2326,709,587,668,443,498
"COG1292",1761,1506,1035,1200,4449,957,1630,1353,832,1653
"COG1293",1159,1254,1666,1239,1169,659,909,1305,1910,8
"COG1294",31,122,164,103,762,11,54,21,19,8
"COG1295",718,712,644,513,1869,124,504,716,885,658
"COG1296",830,390,386,967,265,1079,792,645,792,1182
"COG1297",623,1436,988,855,1301,1342,739,842,212,18
"COG1298",753,1111,819,249,2764,396,759,576,961,1280
"COG1299",19,17,10,18,154,8,23,11,11,10
"COG1300",6,36,45,0,942,5,14,8,2,11
"COG1301",1846,1682,1626,1708,1774,1742,1865,1645,1294,2037
"COG1302",1,0,0,0,0,1,2,2,0,0
"COG1303",52,276,386,227,0,172,99,108,29,0
"COG1304",5118,2841,4408,5099,1886,5131,4138,5887,4989,3688
"COG1305",685,1706,1609,648,1633,375,772,748,2056,231
"COG1306",515,86,286,385,0,827,313,347,323,0
"COG1307",81,661,627,318,273,122,91,193,18,2
"COG1308",4,119,187,113,0,12,34,23,2,5
"COG1309",1167,2390,1422,1372,7021,1457,2071,1172,1137,3558
"COG1310",164,584,713,275,994,124,357,144,139,27
"COG1311",154,412,1031,578,717,292,355,308,41,7
"COG1312",410,1010,1034,315,1018,113,122,160,85,86
"COG1313",0,10,248,1,0,0,1,4,0,0
"COG1314",68,71,70,56,89,30,39,72,25,105
"COG1315",35,348,163,63,37,45,103,76,13,3
"COG1316",508,282,288,406,3,211,129,85,95,0
"COG1317",12,524,182,63,192,48,44,25,15,12
"COG1319",808,3565,2856,1061,469,799,1049,1337,995,370
"COG1320",28,162,50,10,367,12,18,12,26,5
"COG1321",810,1265,1271,932,664,1112,727,636,494,808
"COG1322",4345,2896,3173,4292,1986,4935,3809,3935,3711,3810
"COG1324",375,409,478,347,315,400,125,422,468,3
"COG1325",0,194,233,143,0,1,4,1,0,0
"COG1326",45,109,117,76,0,121,84,67,18,0
"COG1327",1476,836,1044,1399,272,1379,1266,1364,1636,712
"COG1328",0,175,363,191,16,8,12,4,2,1
"COG1329",1455,563,1127,1792,210,1891,1233,1561,1502,1275
"COG1330",1175,1431,498,654,3395,100,867,1640,3630,588
"COG1331",1651,5506,5059,3161,1758,2248,2032,2165,1463,2154
"COG1333",764,34,74,402,53,27,511,703,1140,768
"COG1334",9,24,39,20,31,10,13,9,1,5
"COG1335",223,650,406,178,399,448,871,817,1137,921
"COG1336",0,0,0,0,0,0,1,0,0,0
"COG1337",0,0,0,0,0,0,0,0,0,0
"COG1338",277,409,305,90,1085,56,98,70,132,138
"COG1339",72,328,412,245,0,153,85,84,30,0
"COG1340",134,189,211,172,0,312,148,246,55,0
"COG1341",0,0,3,0,0,0,12,7,0,8
"COG1343",0,0,3,2,0,1,0,1,1,0
"COG1344",1808,3823,2601,631,4139,1001,1883,2044,2961,2497
"COG1345",479,1249,634,156,1689,293,402,402,750,1584
"COG1346",22,76,17,24,297,20,42,28,26,398
"COG1347",773,365,380,652,259,716,667,593,545,979
"COG1348",875,12,77,198,34,94,491,818,1390,0
"COG1349",119,191,153,118,712,80,384,99,64,876
"COG1350",1037,974,979,1016,37,916,391,1020,566,5
"COG1351",3521,2684,3475,3092,6015,3331,5929,3573,2572,1171
"COG1352",79,388,542,239,1665,98,215,111,99,107
"COG1353",0,1,0,0,0,0,0,0,0,0
"COG1354",2692,1940,2234,2991,1104,2946,2400,2728,2980,1665
"COG1355",9,334,257,13,1039,10,7,15,4,1
"COG1356",0,0,1,0,0,0,0,0,0,0
"COG1357",2321,3656,4851,2250,928,1193,2427,2345,2718,1130
"COG1358",68,190,302,134,0,106,108,93,25,17
"COG1359",110,480,329,171,136,155,189,142,173,110
"COG1360",1305,1674,1355,1056,3123,965,1396,1166,1215,2209
"COG1361",0,411,660,283,0,5,1,1,0,0
"COG1362",32,402,466,53,243,36,37,21,22,257
"COG1363",775,799,845,527,1037,352,860,541,333,1237
"COG1364",3068,2230,3188,3477,767,3322,2875,3684,4077,3145
"COG1366",180,358,145,154,983,103,175,226,267,272
"COG1368",369,1873,599,535,1042,477,547,419,319,2963
"COG1369",0,0,0,0,0,0,0,0,0,2
"COG1370",254,505,615,443,0,546,299,349,88,0
"COG1371",1,198,238,129,0,51,40,31,3,2
"COG1372",2192,525,796,870,16946,1124,3606,1651,3405,104
"COG1373",10,96,34,26,154,18,127,4,32,18
"COG1374",1,0,0,0,0,0,13,3,0,2
"COG1376",273,385,335,145,1128,89,368,190,171,198
"COG1377",353,584,405,154,1534,225,447,346,583,774
"COG1378",148,401,498,442,0,337,134,210,77,0
"COG1379",0,156,22,0,0,0,0,0,0,0
"COG1380",5,15,6,2,11,3,12,1,5,0
"COG1381",1768,1583,1589,2009,863,1858,1659,1979,2368,1595
"COG1382",0,7,4,0,0,0,2,1,0,1
"COG1383",3,18,6,8,0,42,28,31,5,3
"COG1384",3445,1847,3167,4392,498,4199,2945,3454,3664,3085
"COG1385",2798,1986,2004,2862,1142,2937,2513,2726,3377,2375
"COG1386",2092,1652,2022,2491,1225,2647,1862,2196,2311,1271
"COG1387",274,814,603,164,1372,410,349,275,142,8
"COG1388",351,481,398,516,256,223,206,207,264,47
"COG1389",373,875,1385,683,1,733,534,456,137,4
"COG1390",60,223,366,232,0,97,96,100,17,2
"COG1391",594,1693,1665,295,1869,277,757,308,576,919
"COG1392",310,1060,858,470,223,333,340,322,244,757
"COG1393",361,932,624,451,680,302,578,490,530,876
"COG1394",36,132,175,97,0,162,135,117,43,6
"COG1395",0,0,13,0,0,0,0,0,0,0
"COG1396",2131,1572,1550,2619,2507,2550,1647,2078,2035,1414
"COG1397",85,314,273,65,125,83,132,59,78,210
"COG1398",1067,942,1099,649,929,534,1609,1203,1178,409
"COG1399",138,608,357,224,174,240,145,108,93,376
"COG1400",0,13,7,6,0,1,10,1,1,0
"COG1401",198,333,374,218,270,358,314,283,120,292
"COG1402",683,1513,1381,603,674,290,556,756,998,110
"COG1403",2275,1232,1698,2021,2102,2261,1847,2169,2199,1049
"COG1404",7522,9255,11252,7518,4183,11957,9793,7923,3448,4426
"COG1405",475,1488,2462,1510,1355,751,1605,490,159,77
"COG1406",1,20,8,21,6,10,14,5,1,0
"COG1407",653,249,381,387,716,211,260,175,965,46
"COG1408",447,467,317,558,109,166,176,108,141,614
"COG1409",1669,2827,2176,1441,1447,1217,1771,1460,987,1731
"COG1410",3328,5455,4959,3537,4000,1720,2764,3827,5338,1807
"COG1411",35,56,73,68,11,69,60,55,75,95
"COG1412",7,10,7,4,0,3,30,17,3,18
"COG1413",1006,1730,1294,564,29,505,1176,1154,810,47
"COG1414",461,925,404,586,1346,321,1196,464,363,1985
"COG1415",12,128,65,28,0,29,25,46,1,25
"COG1416",11,10,12,0,28,2,10,4,4,86
"COG1418",233,957,1460,355,591,149,369,219,122,1718
"COG1419",92,503,318,94,601,81,137,119,149,715
"COG1420",551,1383,1193,570,489,413,644,603,562,169
"COG1422",101,241,416,251,0,194,95,93,53,0
"COG1426",180,685,590,331,250,179,231,232,205,81
"COG1427",133,493,413,119,0,198,189,133,51,13
"COG1428",1078,854,652,971,980,984,1295,786,557,2396
"COG1429",4928,1265,836,1703,717,509,2737,3671,10420,2836
"COG1430",852,442,624,478,1883,661,711,602,570,187
"COG1431",1,3,8,4,108,0,9,1,2,5
"COG1432",106,1078,634,178,1126,113,221,157,44,400
"COG1433",1,5,5,1,0,0,1,0,0,0
"COG1434",483,523,585,347,255,434,528,466,576,361
"COG1435",1114,936,689,936,1032,1281,1317,965,761,1143
"COG1436",45,74,70,53,0,70,64,48,19,0
"COG1437",1,36,30,4,0,5,9,6,1,0
"COG1438",231,151,85,117,8,251,192,76,147,2
"COG1439",65,230,292,183,0,150,69,92,22,0
"COG1441",9,229,82,43,9,59,75,53,11,4
"COG1442",288,6,123,267,13,288,222,244,250,43
"COG1443",306,338,493,357,89,135,382,255,158,474
"COG1444",13,262,124,88,245,6,80,24,4,483
"COG1445",8,15,14,10,147,1,10,9,3,4
"COG1446",1122,1824,1096,909,1829,813,820,1027,538,1227
"COG1448",431,279,256,157,602,253,482,270,322,540
"COG1449",1306,86,131,254,83,1835,526,379,581,2
"COG1450",1171,1971,1812,1147,968,1151,1458,1441,1149,1432
"COG1451",575,730,443,229,1008,335,460,286,258,475
"COG1452",3323,2321,3854,4101,1410,5029,3377,4122,4006,5412
"COG1453",1286,283,446,442,0,41,485,719,3051,1
"COG1454",3551,3454,4106,4827,1441,4029,3639,3732,3399,3793
"COG1455",1,0,0,0,49,0,0,0,0,1
"COG1456",0,37,0,0,0,0,0,0,0,0
"COG1457",7,178,139,109,238,35,61,38,8,58
"COG1459",1573,2301,1882,1830,2149,2022,1758,1971,2066,2175
"COG1460",10,39,14,16,0,18,26,27,0,0
"COG1461",42,363,316,140,0,280,161,340,10,4
"COG1462",437,275,194,242,3321,169,1581,324,277,309
"COG1463",206,110,116,85,149,157,466,532,867,110
"COG1464",2,14,3,2,194,1,2,1,3,2
"COG1465",119,485,581,346,0,166,161,146,52,0
"COG1466",2572,2417,2500,3591,1406,2680,2605,3183,3213,3709
"COG1467",218,716,879,564,6,296,352,244,60,1068
"COG1468",0,5,2,1,2,0,2,2,4,1
"COG1469",289,385,239,139,2027,110,436,187,151,469
"COG1470",4,17,60,24,0,20,98,40,3,0
"COG1471",102,337,463,274,0,178,175,145,39,9
"COG1472",6369,4692,3884,6697,7309,6037,7012,5941,4732,8161
"COG1473",4909,5757,4059,3958,4015,4409,4541,4893,4297,3406
"COG1474",403,919,1233,747,0,694,552,429,171,38
"COG1475",3389,2604,3381,3752,4944,3551,3395,3319,2917,2890
"COG1476",141,212,70,155,264,63,76,37,17,132
"COG1477",1130,1432,971,1179,795,1019,1290,1052,891,1563
"COG1478",561,1027,1265,816,2,569,512,428,300,169
"COG1479",284,235,403,299,888,377,597,247,166,195
"COG1480",1975,1097,987,1429,1978,1556,1259,1949,1907,1511
"COG1481",2,2,8,0,1,0,7,0,2,1
"COG1482",56,291,215,99,103,119,151,121,46,491
"COG1483",30,59,134,14,43,44,10,33,56,7
"COG1484",102,964,852,216,1716,80,196,111,89,133
"COG1485",2175,517,720,2121,701,2533,2048,1523,2393,2463
"COG1486",692,503,697,623,44,494,334,690,775,11
"COG1487",5,59,264,3,210,4,13,4,11,4
"COG1488",542,555,811,370,1540,418,445,417,556,160
"COG1489",1262,909,1096,1556,330,1373,1194,1490,1657,1218
"COG1490",585,808,671,596,589,726,682,571,367,939
"COG1491",71,353,326,244,0,48,49,36,7,0
"COG1492",993,764,877,443,538,148,578,830,1571,1009
"COG1493",98,113,136,31,744,32,111,79,84,103
"COG1494",619,340,511,691,109,1983,1521,2284,2232,801
"COG1495",640,489,537,819,396,826,581,657,715,1044
"COG1496",1810,1130,1532,2298,891,2344,1546,1786,2290,1909
"COG1497",0,0,2,0,0,0,0,0,0,0
"COG1498",183,516,837,451,0,202,236,207,55,26
"COG1499",61,74,76,48,0,238,198,206,58,8
"COG1500",110,396,502,275,0,201,149,154,44,2
"COG1501",111,314,217,128,1680,71,359,172,63,1095
"COG1502",118,295,130,50,1200,347,442,202,189,106
"COG1503",172,639,770,474,0,363,300,259,84,11
"COG1505",1220,1213,915,1203,627,1650,1320,1183,940,2350
"COG1506",6793,9525,5638,7284,22857,7606,5617,6150,4887,6380
"COG1507",67,26,17,54,9,318,112,138,104,47
"COG1508",1877,2093,1824,1850,2141,1681,2046,1665,1241,2794
"COG1509",113,1060,1763,492,839,135,238,183,63,263
"COG1510",17,51,31,29,419,10,45,36,15,237
"COG1511",5,2,41,9,27,0,4,1,2,3
"COG1512",74,156,64,32,808,12,90,30,15,393
"COG1513",30,32,77,31,81,4,76,85,94,3
"COG1514",48,801,588,367,541,36,25,41,20,2
"COG1515",3,70,43,25,105,47,20,22,10,1
"COG1516",22,233,142,35,132,26,61,75,72,301
"COG1518",8,28,68,29,156,8,41,5,4,54
"COG1519",3475,2759,3283,4440,913,4549,3573,3639,3625,4594
"COG1520",2613,4427,4296,3630,884,3534,3155,3532,2788,3679
"COG1521",2074,1412,1680,2128,988,2329,1852,2188,2160,2081
"COG1522",1195,3581,3534,2703,2410,1344,1910,1093,805,5494
"COG1523",1363,702,212,579,1518,294,827,1209,2304,21
"COG1524",1576,2728,2006,1439,1033,2231,1342,1440,1228,1455
"COG1525",1026,901,1301,1180,2042,1221,1337,1097,965,544
"COG1526",1162,1431,1157,1344,280,492,1394,910,730,2896
"COG1527",160,652,897,493,0,280,208,196,67,4
"COG1528",424,76,278,204,57,30,247,335,584,22
"COG1529",3093,18344,13350,3999,2724,3362,4280,5588,4152,3638
"COG1530",6235,4822,5054,6504,3437,6710,5749,6392,6239,7063
"COG1533",378,1195,803,329,2027,365,408,466,446,13
"COG1534",26,159,100,37,94,21,117,45,17,491
"COG1535",0,33,9,0,1,0,9,1,0,0
"COG1536",468,1457,1094,579,3052,563,623,621,516,659
"COG1537",146,662,604,440,0,270,245,220,77,3
"COG1538",5856,4134,4811,6219,12765,6077,5397,5777,6049,3948
"COG1539",1241,959,808,1521,362,1550,1119,1230,1379,1418
"COG1540",1199,1170,1534,2010,833,1627,1091,1600,1102,1559
"COG1541",637,2033,887,182,1578,584,503,509,654,433
"COG1543",930,18,22,268,0,21,307,759,1333,0
"COG1544",523,184,105,174,317,85,296,321,810,468
"COG1545",260,1190,855,418,89,435,404,424,287,68
"COG1546",2380,2288,2156,2252,1498,2503,1963,2335,2552,1462
"COG1547",216,197,106,182,0,110,108,289,429,0
"COG1548",57,57,86,106,28,27,23,20,41,58
"COG1549",186,305,271,332,0,449,306,344,94,0
"COG1550",0,49,38,0,1,0,0,2,0,0
"COG1551",47,174,108,59,124,60,85,68,54,156
"COG1552",16,12,48,47,0,10,85,23,1,7
"COG1553",37,124,46,46,109,52,66,50,37,53
"COG1554",175,58,57,71,28,79,220,91,95,102
"COG1555",77,117,69,17,529,26,101,28,26,108
"COG1556",6,371,173,10,55,8,6,23,6,23
"COG1558",135,242,166,45,512,74,151,111,182,203
"COG1559",1701,1793,1376,1565,1599,1860,1619,1369,1363,2178
"COG1560",3157,2664,2554,3811,963,3423,3118,3124,3044,3911
"COG1561",928,1272,732,887,1147,676,1117,794,610,1879
"COG1562",3077,1243,2072,2926,1239,2833,2870,3212,3286,2991
"COG1563",13,0,0,0,0,0,19,0,0,0
"COG1564",459,631,454,540,446,779,461,453,275,93
"COG1565",2779,1525,2219,3191,354,3136,2437,2972,3645,2159
"COG1566",136,441,455,70,839,106,164,143,292,19
"COG1568",2,68,83,5,0,2,2,0,1,0
"COG1569",0,11,0,1,4,2,2,0,4,0
"COG1570",1836,2518,2383,1785,1708,2037,2199,2369,1855,2387
"COG1571",146,628,880,441,0,297,230,237,59,0
"COG1572",78,193,189,79,0,291,173,193,21,0
"COG1573",2688,2626,3309,3939,1442,3540,2581,3060,3113,1669
"COG1574",1205,5868,2800,2134,1933,1371,2335,1957,702,6050
"COG1575",1653,1262,1296,1537,796,1550,1219,1588,1618,680
"COG1576",820,562,446,600,301,585,772,713,952,866
"COG1577",163,552,802,375,0,293,211,251,52,191
"COG1578",2,22,9,11,0,11,1,2,0,0
"COG1579",81,264,190,157,15,365,251,331,75,143
"COG1580",4,169,110,69,245,11,34,19,22,273
"COG1581",25,185,264,103,0,23,17,19,9,0
"COG1582",0,3,2,0,0,0,1,0,1,0
"COG1583",0,0,1,0,4,2,1,0,2,1
"COG1584",0,0,0,0,0,0,2,1,0,0
"COG1585",3,110,87,16,73,12,31,31,10,36
"COG1586",1616,534,1017,1547,1029,1636,1252,1709,1452,735
"COG1587",1779,2027,2132,2236,786,1952,1480,1996,2507,1309
"COG1588",3,22,3,4,0,0,1,1,0,0
"COG1589",695,613,660,589,478,433,702,819,949,964
"COG1590",2,31,25,19,0,24,21,32,3,6
"COG1591",4,0,6,0,0,0,0,0,0,0
"COG1592",373,535,251,365,73,121,602,152,183,1111
"COG1593",5169,4308,3904,5812,5423,4882,5202,4904,5985,6746
"COG1594",144,186,303,301,272,226,609,133,70,95
"COG1595",1862,2589,1967,1906,7453,1911,2201,1569,1234,4638
"COG1596",1723,1260,1438,1818,5764,2027,1309,1655,1884,2014
"COG1597",302,626,409,321,467,1060,995,968,484,862
"COG1598",0,33,4,0,27,1,3,7,4,1
"COG1599",244,962,1192,678,0,482,404,375,109,48
"COG1600",2037,3501,2270,1651,1480,1497,1760,1842,1770,1363
"COG1601",66,234,293,149,0,120,117,94,26,8
"COG1602",1,606,688,355,0,10,28,34,0,0
"COG1603",0,0,4,0,0,0,0,2,0,4
"COG1604",0,0,0,0,0,0,0,0,0,1
"COG1605",800,959,888,932,2195,736,932,659,721,1077
"COG1606",482,626,934,405,45,94,306,603,773,0
"COG1607",371,725,628,520,1111,477,499,335,158,902
"COG1608",96,323,543,361,0,176,174,145,44,3
"COG1609",1270,1575,938,1253,8165,881,2048,955,926,3547
"COG1610",1449,1034,1328,1810,590,1760,1418,1496,1339,1722
"COG1611",1185,2283,1429,1440,2090,1132,1292,1485,1513,1939
"COG1612",3359,2444,2766,3754,1519,3811,3023,3593,3929,2619
"COG1613",1,30,0,3,17,1,2,2,1,0
"COG1615",1171,2176,3152,1794,122,1761,974,809,539,1
"COG1617",0,0,4,1,0,0,0,1,0,0
"COG1618",111,167,153,112,0,192,153,112,42,0
"COG1619",750,551,439,407,835,231,496,687,1023,963
"COG1620",85,381,294,40,428,54,29,84,168,4
"COG1621",156,522,982,181,56,84,230,260,214,16
"COG1622",4847,3229,3482,4144,2178,4148,4012,4707,4101,6819
"COG1623",486,1,104,259,1,637,299,246,254,0
"COG1624",299,255,191,160,186,451,630,769,878,688
"COG1625",788,684,315,480,0,114,445,1026,1583,0
"COG1626",46,748,248,105,40,77,64,99,28,19
"COG1628",3,134,21,7,0,0,0,0,0,0
"COG1629",23436,20310,19105,26998,43448,26263,28550,24868,20124,42954
"COG1630",0,231,373,200,0,4,0,0,0,0
"COG1631",34,149,156,87,1,62,49,57,17,0
"COG1632",107,309,375,195,0,235,138,138,53,7
"COG1633",55,39,50,26,73,69,28,19,32,7
"COG1634",80,436,484,281,0,173,163,137,40,0
"COG1635",0,231,325,161,0,5,2,0,0,7
"COG1636",275,159,79,254,13,331,295,259,286,390
"COG1637",4,150,70,56,2,40,29,24,4,1
"COG1638",3845,3006,2564,3985,4135,1049,1240,1158,1361,1184
"COG1639",55,289,352,124,1006,56,175,68,94,14
"COG1640",1610,263,292,730,1230,1350,834,1224,1765,3
"COG1641",712,961,1119,545,67,168,411,739,1057,5
"COG1643",715,888,688,405,2634,252,1575,612,430,2980
"COG1644",63,185,179,115,4,108,185,58,25,5
"COG1645",0,0,3,0,0,0,0,0,0,0
"COG1646",276,659,701,427,46,394,297,288,108,29
"COG1647",29,321,115,37,112,38,37,59,2,0
"COG1648",63,1148,706,392,739,143,244,131,75,751
"COG1649",303,771,431,497,674,570,381,300,81,663
"COG1650",116,481,578,349,0,224,181,156,58,0
"COG1651",1865,1889,2865,2532,2070,2145,1825,1960,2178,2071
"COG1652",265,254,315,152,696,109,317,155,284,531
"COG1653",7697,4275,4714,6039,1942,6987,6071,5601,6985,7160
"COG1654",52,494,611,378,240,47,67,34,34,246
"COG1655",0,3,0,0,0,0,2,0,0,0
"COG1656",0,6,6,0,3,0,1,5,2,0
"COG1657",61,567,659,52,13,49,70,67,135,14
"COG1658",14,63,21,21,0,32,27,38,8,0
"COG1659",0,0,0,0,0,0,1,0,0,1
"COG1660",525,409,354,352,499,578,465,361,481,598
"COG1661",142,94,74,115,0,266,220,382,857,1
"COG1662",0,1,9,0,0,2,11,6,7,0
"COG1663",2157,2354,2346,3107,597,2824,2470,2525,2209,3639
"COG1664",400,706,721,397,1449,445,435,506,415,456
"COG1665",0,2,14,19,14,0,1,5,0,120
"COG1666",318,257,237,232,130,767,839,816,1057,1166
"COG1668",542,512,386,554,1361,710,523,344,258,1232
"COG1669",0,11,4,0,0,0,1,0,3,0
"COG1670",638,2198,1451,809,1774,808,1105,764,482,1688
"COG1671",144,214,151,44,241,46,148,98,142,304
"COG1672",5,23,50,1,4,9,3,0,3,9
"COG1673",0,0,22,1,0,0,0,0,1,0
"COG1674",6664,4624,6065,6932,3652,8295,6158,6538,5378,7436
"COG1675",5,188,307,136,0,5,23,4,0,1
"COG1676",74,348,555,370,0,69,78,124,7,0
"COG1677",97,169,121,40,376,62,90,83,162,252
"COG1678",977,1287,1100,817,517,793,1065,829,715,866
"COG1679",428,801,1162,613,99,590,612,428,323,172
"COG1680",8311,11868,8778,8431,11209,7980,9134,8106,6321,12436
"COG1681",0,31,18,0,0,0,0,0,0,0
"COG1682",245,589,488,279,300,274,357,474,270,191
"COG1683",38,372,297,64,478,61,85,71,35,53
"COG1684",284,430,279,101,988,144,285,266,349,461
"COG1685",106,403,463,261,0,113,95,61,46,0
"COG1686",1107,502,789,1087,432,3536,2898,3024,3394,2505
"COG1687",1,31,0,1,8,0,21,1,0,1
"COG1688",0,0,0,0,1,1,0,2,1,0
"COG1690",198,568,1200,505,406,395,294,266,112,37
"COG1691",313,683,897,339,31,77,208,447,461,1
"COG1692",1310,662,1251,1470,724,1470,1257,1561,1461,895
"COG1694",2353,1378,1412,1664,3186,1489,3291,2406,2086,1614
"COG1695",67,268,297,148,249,78,149,40,52,391
"COG1696",580,989,1048,661,514,565,607,482,427,842
"COG1697",198,717,796,473,0,349,364,279,78,4
"COG1698",22,142,211,105,0,38,40,32,15,0
"COG1699",12,167,116,12,14,5,9,12,5,0
"COG1700",1,6,0,1,51,2,3,1,0,21
"COG1701",117,310,543,256,0,266,214,156,60,0
"COG1702",1782,825,1068,1446,2937,4165,7599,4764,4489,3571
"COG1703",1448,3252,2298,1276,3960,1692,1534,1377,733,3103
"COG1704",172,237,226,106,881,185,244,180,110,312
"COG1705",299,117,114,177,442,146,492,183,128,619
"COG1706",360,609,471,125,1476,246,336,360,453,678
"COG1707",0,7,1,0,0,0,0,0,0,0
"COG1708",1,124,46,4,189,3,8,14,15,1
"COG1709",3,64,36,18,0,27,24,34,3,0
"COG1711",0,122,250,158,0,2,0,0,0,0
"COG1712",68,537,656,240,5,69,116,90,161,22
"COG1713",2,131,132,18,0,12,4,8,0,0
"COG1714",200,463,259,182,931,233,290,223,260,606
"COG1715",47,40,28,32,227,6,17,21,29,2
"COG1716",173,568,360,160,25,214,160,110,76,16
"COG1717",95,300,377,170,0,163,148,123,40,8
"COG1718",135,418,603,381,197,229,211,160,44,584
"COG1719",1,1,0,0,0,1,8,2,0,0
"COG1720",14,59,61,41,151,12,58,27,6,132
"COG1721",462,1084,951,542,1111,1426,1811,1558,725,2048
"COG1722",167,276,155,199,145,168,236,185,166,208
"COG1723",2,4,40,36,2,0,21,10,2,9
"COG1724",0,0,0,0,3,0,0,0,1,0
"COG1725",544,158,115,227,646,41,277,628,827,1
"COG1726",1526,663,745,1411,617,1505,1441,1125,1118,2033
"COG1727",45,208,268,146,0,93,81,90,14,10
"COG1729",1811,1662,1977,2322,575,2293,1842,2052,1943,1843
"COG1730",2,15,17,13,0,8,17,28,0,6
"COG1732",40,169,107,9,232,26,67,37,43,0
"COG1733",284,389,250,248,779,305,792,194,131,1482
"COG1734",1320,1142,1385,1543,1022,1790,1222,1315,1347,1124
"COG1735",41,797,1149,85,1,42,37,97,35,24
"COG1736",143,608,625,384,0,326,254,177,78,10
"COG1737",103,112,46,79,226,171,618,206,202,1845
"COG1738",1955,1141,1286,2054,1117,2083,1811,1886,1576,1249
"COG1739",62,132,61,88,692,19,128,67,12,637
"COG1740",3,26,18,11,192,4,32,8,5,16
"COG1741",2199,1710,1277,2221,1286,2335,1737,2070,2800,2129
"COG1742",7,135,76,6,169,4,20,12,2,11
"COG1743",16,62,170,15,31,29,5,32,38,14
"COG1744",3026,2688,1653,1856,972,2909,1894,2085,2195,1685
"COG1745",0,0,1,0,0,0,0,0,0,0
"COG1746",14,494,811,447,22,15,9,15,2,0
"COG1747",15,54,33,1,0,1,24,33,0,0
"COG1748",2262,1211,851,1506,940,1944,1852,1586,1331,2220
"COG1749",211,188,181,77,709,288,563,472,794,892
"COG1750",0,0,10,0,0,0,0,0,0,0
"COG1752",517,1398,610,772,3009,583,1399,467,199,1072
"COG1754",6547,3994,3915,6627,2912,7257,7215,6139,7869,5028
"COG1755",9,39,6,1,1,15,7,9,40,1
"COG1756",7,154,360,139,0,0,1,3,0,1
"COG1757",944,1973,904,1214,2986,993,1246,988,320,3366
"COG1758",1259,645,1022,1371,210,1452,1140,1273,1247,885
"COG1759",174,578,858,500,0,60,59,25,38,0
"COG1760",190,468,309,159,723,100,403,205,90,1783
"COG1761",5,5,10,6,0,12,21,9,4,3
"COG1762",166,454,402,99,613,103,250,147,230,383
"COG1763",252,277,407,161,209,128,190,177,318,893
"COG1764",171,169,171,271,1147,158,207,248,113,66
"COG1765",286,531,347,245,1193,95,106,95,53,248
"COG1766",580,691,639,162,2296,332,542,440,765,867
"COG1767",60,47,94,82,42,96,96,63,86,133
"COG1768",0,25,4,0,0,0,0,1,0,0
"COG1769",0,0,0,0,0,0,0,0,0,3
"COG1770",4754,2610,3253,5818,813,5717,4611,4652,4277,5384
"COG1772",11,158,51,63,0,83,102,103,14,0
"COG1773",343,82,75,159,156,122,274,286,384,344
"COG1774",152,206,310,34,94,31,226,53,55,1365
"COG1775",1,0,0,0,0,0,0,0,0,0
"COG1776",4,55,53,120,144,16,33,11,2,1
"COG1777",101,211,137,123,0,145,128,155,46,1
"COG1778",520,743,650,642,556,594,573,474,386,1187
"COG1779",74,81,83,76,0,138,74,91,39,1
"COG1780",0,1,5,0,8,0,1,1,3,0
"COG1781",83,272,354,216,0,117,97,97,30,1
"COG1782",258,1062,1273,736,80,539,372,399,144,0
"COG1783",105,44,70,27,3027,14,309,138,42,77
"COG1784",120,273,217,100,0,281,93,71,71,0
"COG1785",440,415,501,501,1254,479,715,460,368,718
"COG1786",146,248,293,174,88,39,241,73,119,168
"COG1787",385,33,116,191,0,29,45,28,818,17
"COG1788",433,858,718,266,1020,238,534,300,434,833
"COG1791",42,38,25,3,134,2,47,7,1,1
"COG1792",2470,1720,1887,2879,1126,2344,2226,2474,2698,2680
"COG1793",2782,1218,1538,1596,10577,1037,2785,948,4867,401
"COG1794",901,496,549,1523,187,1477,777,1043,801,1366
"COG1795",108,62,82,116,46,118,120,100,122,96
"COG1796",516,631,585,507,1506,807,1523,324,215,100
"COG1797",1002,1043,1093,814,403,250,643,873,1427,294
"COG1798",136,561,638,375,0,233,174,173,73,3
"COG1799",354,118,62,138,0,37,170,312,477,0
"COG1801",61,122,53,62,1770,33,54,30,30,14
"COG1802",456,1110,384,182,2365,71,291,86,127,485
"COG1803",34,26,29,21,531,19,107,32,21,4
"COG1804",6015,20442,17011,5538,3091,6426,6792,7034,8574,5467
"COG1805",1384,536,685,1128,552,1285,1310,1122,988,2025
"COG1806",1184,761,1153,1915,493,619,322,527,368,553
"COG1807",3687,1655,2851,3411,1097,3197,2918,5243,5466,2759
"COG1808",352,168,353,118,396,90,329,90,88,895
"COG1809",171,212,111,188,623,112,174,132,141,38
"COG1811",340,33,123,211,0,167,66,74,71,2
"COG1812",0,0,16,0,0,0,1,1,4,0
"COG1813",65,70,107,87,131,133,180,83,33,3
"COG1814",21,627,333,73,313,6,35,5,5,83
"COG1815",140,237,160,56,241,79,132,136,195,278
"COG1816",1075,2142,1479,1667,1102,1064,1127,1457,562,1075
"COG1817",57,387,678,432,1,131,38,63,22,11
"COG1818",4,157,242,103,1,1,8,5,0,4
"COG1819",235,844,1406,817,879,293,245,262,114,227
"COG1820",445,754,451,361,138,230,689,1063,225,619
"COG1821",52,44,80,88,18,61,67,66,68,153
"COG1823",22,97,21,28,17,26,34,40,22,3
"COG1824",2,228,73,64,0,13,10,22,8,0
"COG1825",2415,2048,2298,2491,976,2957,2210,2420,2096,2829
"COG1826",310,237,162,191,205,108,194,251,472,282
"COG1828",632,377,483,566,484,455,739,755,603,227
"COG1829",151,413,655,384,0,216,176,148,67,0
"COG1830",475,1314,1396,596,969,415,430,360,339,50
"COG1831",139,250,222,115,0,215,183,185,45,0
"COG1832",1080,896,1110,1356,394,1408,972,957,1072,1028
"COG1833",7,44,26,4,0,3,8,6,20,0
"COG1834",3026,2170,2582,3556,2025,3632,3295,3607,2164,2540
"COG1835",1185,629,1211,1659,2657,1506,1467,1279,1241,3359
"COG1836",491,599,309,492,543,449,445,646,854,4
"COG1837",24,165,151,64,1,60,52,43,9,0
"COG1838",179,1117,460,174,641,132,299,134,373,603
"COG1840",4784,2326,3537,4292,1998,4532,4029,4333,4286,4499
"COG1841",270,485,531,407,75,425,359,258,211,433
"COG1842",50,420,252,102,241,29,293,420,27,20
"COG1843",267,288,255,81,826,147,259,195,279,359
"COG1845",4421,3035,3093,3774,1093,3860,3553,4084,3562,5557
"COG1846",943,1389,1067,1321,2007,1266,1200,1147,1105,1029
"COG1847",403,283,396,378,0,583,256,278,247,1
"COG1848",0,1,13,0,23,0,8,2,4,2
"COG1849",41,64,46,45,0,82,56,48,30,0
"COG1850",360,227,61,119,232,97,668,1190,2204,1074
"COG1852",6,80,85,0,0,2,7,18,0,0
"COG1853",2896,2041,1467,1921,1046,1435,2469,3185,4888,2629
"COG1854",0,4,2,1,28,1,0,1,1,1
"COG1855",170,125,713,414,1,265,170,101,76,0
"COG1856",0,12,88,7,0,6,1,34,0,0
"COG1857",0,0,0,0,0,0,1,0,0,0
"COG1858",696,1117,1234,708,577,734,724,778,286,3025
"COG1859",91,214,179,102,0,214,151,146,41,1
"COG1861",563,734,1514,1146,247,1099,571,969,833,1460
"COG1862",455,635,417,402,428,537,509,432,368,697
"COG1863",131,366,188,63,734,101,123,86,206,116
"COG1864",170,122,98,127,175,79,232,133,62,58
"COG1865",0,1,1,0,0,3,4,1,1,285
"COG1866",2552,3147,2999,2305,3637,940,925,705,659,1239
"COG1867",268,616,861,417,0,361,345,246,81,6
"COG1868",392,878,612,134,1106,219,393,334,529,626
"COG1869",5,2,3,0,0,0,2,2,1,0
"COG1871",2,24,42,29,340,10,12,14,4,53
"COG1872",11,264,31,6,12,15,20,1,11,1
"COG1873",1,18,10,16,0,9,14,15,3,0
"COG1874",286,119,148,43,122,107,396,105,153,1046
"COG1875",631,875,406,457,4243,242,434,120,94,29
"COG1876",515,94,127,228,166,110,365,370,832,345
"COG1877",147,144,72,138,184,39,299,77,210,40
"COG1878",193,711,881,354,136,208,267,233,372,127
"COG1879",2571,2187,1789,2342,649,2020,2433,2157,2605,3297
"COG1881",13,300,375,130,197,30,56,43,35,89
"COG1882",3,4,23,2,274,4,23,2,0,4
"COG1883",253,1022,825,376,375,228,344,270,116,985
"COG1884",3630,6901,5324,3337,7356,4328,4051,3520,2272,6029
"COG1885",0,0,2,0,0,0,0,0,0,0
"COG1886",125,672,378,78,863,123,143,205,203,234
"COG1887",186,361,195,179,135,193,170,242,49,263
"COG1889",91,380,472,301,0,221,122,145,39,8
"COG1890",102,417,496,322,0,238,172,164,76,7
"COG1891",38,236,286,96,16,65,49,55,67,112
"COG1892",0,1,16,0,0,0,0,0,0,0
"COG1893",1347,2726,2272,1132,542,1247,1309,1082,1821,779
"COG1894",5229,5526,5877,5156,1850,4390,4800,4494,3850,9053
"COG1896",159,228,347,174,318,88,252,88,173,179
"COG1897",744,692,346,277,211,157,495,684,1260,496
"COG1898",1073,1361,1466,1594,1711,1547,1156,1407,1191,1844
"COG1899",1777,1858,2933,2745,189,2429,1688,2087,1534,1394
"COG1900",0,0,0,0,0,0,0,0,0,0
"COG1901",72,130,111,72,1,179,90,116,41,3
"COG1902",863,2613,1238,800,1298,2472,3648,2712,2600,5838
"COG1903",597,686,862,352,63,61,340,810,983,200
"COG1904",194,129,100,98,1244,73,229,114,100,319
"COG1905",1460,1837,1722,1546,707,1821,1411,1496,1276,1656
"COG1906",22,0,42,6,13,4,99,13,23,0
"COG1907",58,64,127,98,17,92,75,86,119,144
"COG1908",1,171,36,0,0,2,3,1,0,0
"COG1909",81,112,310,186,0,204,108,96,65,1
"COG1910",21,705,435,45,109,28,33,75,30,14
"COG1911",34,76,45,48,0,60,62,48,13,0
"COG1912",704,384,442,499,595,724,618,494,327,696
"COG1913",2,1,6,0,0,0,4,1,0,14
"COG1914",1502,572,1083,989,3979,216,409,463,378,493
"COG1915",0,336,481,239,0,2,2,3,0,0
"COG1916",59,184,175,68,13,351,212,258,64,2
"COG1917",195,685,605,399,833,146,260,363,98,112
"COG1918",8,88,18,1,0,5,18,3,19,2
"COG1920",215,667,677,346,0,380,257,234,216,46
"COG1921",1008,2912,2369,1254,186,500,306,367,182,43
"COG1922",424,53,184,375,338,449,291,289,331,205
"COG1923",76,124,93,58,150,66,89,87,63,182
"COG1924",0,108,39,1,0,0,4,1,0,0
"COG1925",187,231,171,113,524,248,185,131,152,244
"COG1926",2,3,3,0,28,3,1,1,0,0
"COG1927",0,2,7,0,0,0,0,0,0,0
"COG1928",17,113,57,97,7,23,96,33,49,21
"COG1929",629,887,645,721,151,1084,539,593,323,637
"COG1931",12,135,275,131,0,24,4,3,0,0
"COG1932",2223,3025,2203,2186,1677,2396,2466,2286,1775,2403
"COG1933",688,1139,2406,1352,2500,1374,1037,769,255,0
"COG1934",115,252,157,104,251,59,190,81,61,663
"COG1936",84,336,386,259,0,186,124,131,26,9
"COG1937",36,241,63,42,162,21,56,21,117,165
"COG1938",252,598,1066,568,1,389,291,277,111,0
"COG1939",195,75,17,70,0,8,62,180,299,0
"COG1940",2183,2210,2271,2571,3061,2374,2008,1849,1689,1619
"COG1941",0,0,0,0,0,0,0,0,0,0
"COG1942",94,56,81,229,34,141,89,67,132,25
"COG1943",21,405,132,60,1755,22,87,55,16,24
"COG1944",6,151,24,17,668,28,28,6,13,279
"COG1945",13,149,310,100,266,30,30,39,7,0
"COG1946",705,804,575,623,1052,657,943,781,659,1732
"COG1947",2022,1763,1752,1864,1163,1685,1650,1830,2316,1414
"COG1948",222,276,445,294,1867,529,338,77,91,35
"COG1949",513,694,710,490,179,598,589,494,463,943
"COG1950",5,14,10,0,0,0,13,2,2,1
"COG1951",220,1166,475,254,659,121,433,148,417,660
"COG1952",166,186,237,140,343,173,307,171,207,474
"COG1953",650,275,565,1004,130,3214,1951,2730,1472,1115
"COG1954",0,0,0,0,0,0,0,0,0,0
"COG1955",161,130,175,69,0,230,146,146,76,0
"COG1956",156,120,111,199,558,214,140,88,48,435
"COG1957",1172,1332,1189,1102,266,1069,1250,996,743,226
"COG1958",24,151,286,144,0,4,35,14,1,23
"COG1959",890,1192,1253,1254,1177,1278,1122,1201,950,953
"COG1960",24592,33507,24460,20966,24436,27148,25316,23268,21400,30177
"COG1961",969,1011,1094,449,4343,577,1567,1334,1381,786
"COG1963",270,5,24,93,0,9,136,250,300,7
"COG1964",115,452,951,446,92,64,227,131,72,4
"COG1965",12,97,19,11,40,15,30,18,13,204
"COG1966",136,1322,857,435,1547,288,288,264,28,50
"COG1967",135,308,242,171,0,275,186,232,47,0
"COG1968",2976,1986,2413,3566,1236,3322,2692,3082,3011,2616
"COG1969",1,0,3,3,19,1,1,1,0,2
"COG1970",173,37,73,118,643,263,174,91,108,87
"COG1971",1,13,9,11,57,1,1,1,0,0
"COG1972",1428,1465,1177,1350,1379,1336,1461,1287,793,1437
"COG1974",3665,2105,2583,3452,1470,3875,2948,3483,3855,2757
"COG1975",1343,2861,2372,1686,629,1508,1047,1804,858,1922
"COG1976",104,396,505,295,0,223,127,139,45,2
"COG1977",119,638,779,277,109,134,167,178,146,233
"COG1978",103,2,26,54,209,128,180,58,59,16
"COG1979",4,52,26,47,37,7,25,10,0,290
"COG1980",0,280,624,271,1,5,4,3,0,0
"COG1981",561,494,655,1440,311,270,1067,723,1728,1421
"COG1982",770,110,49,314,504,30,320,728,1369,6
"COG1983",9,48,11,22,625,12,16,8,1,1
"COG1984",1499,1564,1750,2646,2228,1752,1332,1941,1467,2147
"COG1985",4023,2425,3113,3992,1543,4122,3600,3783,4298,2451
"COG1986",63,24,18,126,3,88,55,41,12,11
"COG1987",63,97,93,25,243,13,19,15,22,50
"COG1988",447,227,243,303,1304,444,438,378,402,1053
"COG1989",806,1159,917,917,343,1102,811,1026,1212,869
"COG1990",108,203,287,138,3,160,120,87,24,1
"COG1992",51,432,715,423,0,71,77,51,32,0
"COG1993",0,4,1,1,1,0,1,0,0,0
"COG1994",827,1373,872,637,739,573,647,1032,1441,373
"COG1995",3424,2179,2476,3501,1343,1149,1016,1120,1240,1303
"COG1997",40,80,123,69,0,93,59,46,11,4
"COG1998",12,55,80,27,0,11,13,18,0,0
"COG1999",1991,1834,1908,2269,2766,2076,2230,2144,1255,3667
"COG2001",1516,1134,1276,1708,671,1781,1492,1504,1292,1792
"COG2002",68,11,13,50,109,85,16,21,38,0
"COG2003",53,391,152,57,1956,39,124,54,80,829
"COG2004",32,26,45,32,0,64,43,46,15,2
"COG2005",24,104,119,17,88,28,49,30,41,3
"COG2006",20,399,466,62,0,28,32,78,8,0
"COG2007",67,235,256,150,0,138,70,81,20,17
"COG2008",1661,2246,1883,1368,1467,1461,1916,1309,1066,3135
"COG2009",1193,670,799,1264,235,1496,991,1137,1296,1202
"COG2010",983,1317,1025,820,2791,745,1442,1296,1494,1526
"COG2011",1,14,5,0,138,1,1,0,0,0
"COG2012",105,154,219,268,8,188,487,118,43,37
"COG2013",175,409,348,202,79,256,346,284,36,158
"COG2014",1,93,53,4,0,7,12,4,16,0
"COG2015",1139,1376,839,1127,746,1557,1330,1016,1350,1651
"COG2016",77,247,269,170,1,151,129,101,30,8
"COG2017",1298,771,612,983,1021,728,1255,1150,1236,1576
"COG2018",0,1,0,0,1,0,1,0,0,0
"COG2019",4,176,269,110,18,28,34,29,0,0
"COG2020",638,881,514,845,1216,712,599,776,1039,81
"COG2021",3609,2514,3035,4649,1582,4220,3824,3893,3347,4276
"COG2022",1505,1076,1570,1464,512,1557,1252,1887,2063,1303
"COG2023",1,134,11,7,0,0,0,1,0,0
"COG2025",3302,3471,3240,3313,1523,3276,2964,3159,2429,2362
"COG2026",0,20,11,6,79,4,10,1,0,10
"COG2027",824,1504,1023,983,1696,572,735,1025,1602,99
"COG2029",4,0,0,5,199,0,3,2,0,0
"COG2030",1996,3076,2487,1828,2989,2103,2127,1999,1955,2011
"COG2031",249,144,175,111,131,118,331,171,167,298
"COG2032",198,155,169,143,1321,249,321,156,66,354
"COG2035",1177,860,700,991,1202,1197,1147,931,728,2088
"COG2036",35,67,155,81,1,11,66,45,7,96
"COG2037",76,54,114,105,19,81,110,111,99,146
"COG2038",272,231,341,160,184,173,528,861,1473,639
"COG2039",29,72,64,36,4,78,57,28,6,1
"COG2040",1861,2077,1694,2187,149,2077,1627,1741,1897,1151
"COG2041",1755,2807,2868,1536,818,1533,1829,1831,1076,1658
"COG2042",44,248,249,186,0,45,29,31,7,1
"COG2043",7,185,137,11,9,8,7,6,11,0
"COG2044",0,10,32,8,0,3,1,16,1,0
"COG2045",529,233,259,245,643,97,236,504,639,25
"COG2046",1164,1960,1564,1159,393,845,993,1253,1575,1425
"COG2047",101,403,492,294,0,231,133,148,47,0
"COG2048",124,463,709,160,0,185,142,241,36,0
"COG2049",1018,1270,1223,1644,1930,1565,1007,1231,1106,1266
"COG2050",2026,1723,1552,2050,2408,2479,1984,2002,1944,2120
"COG2051",9,57,64,59,0,11,1,1,0,2
"COG2052",0,0,5,0,0,0,1,2,0,0
"COG2053",38,101,119,100,0,47,38,40,19,4
"COG2054",22,17,23,20,10,4,1,6,7,29
"COG2055",3005,3988,4541,3521,303,3194,3000,3414,2524,2899
"COG2056",2,65,8,6,253,5,9,2,4,0
"COG2057",346,679,562,240,871,235,467,309,385,706
"COG2058",23,170,232,119,0,56,49,57,20,4
"COG2059",358,424,280,237,857,177,249,180,440,188
"COG2060",2,35,5,1,43,1,0,1,0,1
"COG2061",0,0,4,0,0,0,0,0,0,0
"COG2062",628,463,443,545,725,577,496,506,512,739
"COG2063",74,108,58,27,273,130,185,167,295,373
"COG2064",256,426,242,158,499,328,346,246,154,6
"COG2065",788,726,632,798,888,628,734,784,740,960
"COG2066",55,60,106,223,297,99,145,89,76,441
"COG2067",118,184,118,145,734,146,216,145,116,480
"COG2068",191,321,266,226,57,717,495,672,538,731
"COG2070",3119,3385,2355,2199,2015,2720,3542,2819,3118,3596
"COG2071",872,1094,1153,869,888,1215,856,879,888,671
"COG2072",4563,6256,5532,4586,3649,4847,4883,4552,5339,5934
"COG2073",993,799,879,730,104,69,482,988,1592,255
"COG2074",65,548,262,49,0,130,57,122,32,11
"COG2075",19,105,130,64,0,45,35,42,14,9
"COG2076",1296,441,788,1482,276,1709,1023,1322,1180,821
"COG2077",54,193,286,117,132,83,94,36,17,258
"COG2078",4,215,114,17,28,11,16,19,4,1
"COG2079",4168,3433,3638,3973,421,4611,3399,3904,4728,2088
"COG2080",208,1258,836,388,211,938,1028,1329,955,738
"COG2081",1031,407,396,461,2203,94,2210,809,1607,4348
"COG2082",396,390,472,289,93,45,261,469,727,129
"COG2084",5524,6539,6606,6182,1476,4957,5830,6194,5303,4200
"COG2085",204,724,890,360,74,143,186,219,102,68
"COG2086",2677,2942,2613,2777,1348,3247,2343,2660,2149,2389
"COG2087",353,145,135,140,195,58,252,294,587,322
"COG2088",8,39,37,10,1,10,9,5,0,0
"COG2089",2669,1994,4625,4359,2698,3884,2599,3730,3416,4784
"COG2090",0,102,175,86,0,0,2,0,0,0
"COG2091",16,187,80,45,194,11,71,30,7,9
"COG2092",2,136,76,76,0,9,19,16,4,0
"COG2093",11,90,87,42,0,35,24,19,11,0
"COG2094",428,182,375,329,417,187,278,380,555,1
"COG2095",350,762,497,421,725,336,796,310,97,1965
"COG2096",888,1277,1278,875,648,1075,926,819,515,587
"COG2097",53,164,221,141,0,96,75,56,14,2
"COG2098",0,1,1,0,0,0,0,0,0,0
"COG2099",520,149,154,231,132,67,318,501,914,160
"COG2101",109,574,730,357,117,219,258,155,43,31
"COG2102",86,388,531,314,8,211,141,169,48,29
"COG2103",567,576,466,500,666,382,709,876,256,631
"COG2104",58,186,110,50,131,74,82,137,93,29
"COG2105",49,19,30,22,209,44,59,21,17,10
"COG2106",3,192,357,192,0,3,5,3,0,6
"COG2107",161,574,631,285,0,224,209,160,59,12
"COG2108",139,225,205,127,0,262,162,162,63,0
"COG2109",1500,629,631,596,285,113,672,1449,2261,685
"COG2110",146,323,348,134,249,256,184,135,87,40
"COG2111",236,1158,388,135,1917,185,262,188,314,212
"COG2112",1,309,843,395,0,8,3,2,0,0
"COG2113",3429,4442,3493,4469,902,3590,3468,3920,2473,4373
"COG2114",5441,8442,5667,4323,15170,6500,7190,5531,7430,911
"COG2115",779,326,380,571,1368,617,740,502,491,145
"COG2116",71,95,143,76,413,6,174,393,16,5
"COG2118",6,67,216,83,0,7,14,6,6,1
"COG2119",201,58,42,81,221,7,42,58,187,6
"COG2120",449,819,714,531,504,1354,1433,1178,878,2007
"COG2121",432,742,662,548,109,589,433,470,404,52
"COG2122",28,115,75,14,35,24,66,57,109,23
"COG2123",101,459,517,263,0,183,154,160,37,16
"COG2124",3978,4794,3244,3658,2742,5284,4341,3724,3007,2296
"COG2125",71,309,355,225,0,129,91,84,37,5
"COG2126",5,5,2,3,0,2,4,3,0,0
"COG2127",768,455,398,355,382,317,736,711,851,442
"COG2128",853,2440,1215,939,1030,1040,913,1039,1013,928
"COG2129",3,9,5,0,11,0,5,2,0,3
"COG2130",1573,1461,1669,1737,919,1593,1864,1655,1657,1913
"COG2131",539,673,613,473,803,463,1092,398,187,473
"COG2132",156,1615,2045,699,7612,163,443,154,312,509
"COG2133",5059,6148,6942,6101,7326,2064,1535,1926,1463,1092
"COG2135",540,383,291,486,454,1696,1225,1442,1706,114
"COG2136",8,0,3,3,0,1,13,10,0,15
"COG2137",263,698,469,443,641,392,338,319,293,422
"COG2138",646,712,676,434,128,68,412,669,1423,352
"COG2139",27,139,203,118,0,67,66,73,10,8
"COG2140",21,40,69,18,2,13,32,33,4,1
"COG2141",5585,29210,18415,7254,2815,2644,2283,2420,1464,1120
"COG2142",352,139,211,184,181,122,98,75,114,20
"COG2143",155,177,81,66,795,87,196,70,71,237
"COG2144",1,150,11,7,40,0,7,0,593,0
"COG2145",86,26,14,8,51,55,45,31,238,121
"COG2146",329,940,741,639,259,539,327,358,273,262
"COG2147",58,228,301,158,0,95,90,86,23,8
"COG2148",1885,2021,1787,1895,2054,1999,1505,1884,1600,2190
"COG2149",6,3,7,0,3,0,4,2,2,1
"COG2150",0,1,2,0,0,0,0,0,0,0
"COG2151",1049,1448,1347,1229,1094,428,389,358,274,374
"COG2152",8,52,51,5,48,7,35,8,26,567
"COG2153",438,118,95,319,331,364,409,291,349,617
"COG2154",421,334,391,471,169,1394,1130,1382,1177,1034
"COG2155",0,0,2,2,0,0,2,0,0,0
"COG2156",0,8,0,0,12,2,1,1,1,0
"COG2157",3,5,8,13,0,0,12,16,0,3
"COG2159",612,6161,4207,1242,926,1014,1431,1189,654,743
"COG2160",19,47,68,31,1041,17,16,35,22,3
"COG2161",7,24,15,3,572,10,14,4,0,19
"COG2162",2,59,5,1,39,5,0,0,3,5
"COG2163",8,0,4,1,0,0,13,13,0,7
"COG2164",26,146,301,36,0,39,13,37,76,0
"COG2165",298,330,261,201,410,270,373,272,260,396
"COG2166",343,158,191,249,315,801,939,851,836,400
"COG2167",1,1,0,0,0,3,1,2,1,1
"COG2168",14,88,30,40,18,21,24,16,11,0
"COG2169",16,185,108,72,483,19,71,33,28,30
"COG2170",767,626,435,441,138,398,405,957,1026,1
"COG2171",2760,1417,1705,2462,1231,2438,2534,2524,2382,2532
"COG2172",263,284,64,284,392,182,169,298,547,4
"COG2173",478,546,262,383,65,167,293,501,713,521
"COG2174",0,0,0,0,0,0,7,4,0,2
"COG2175",5291,6274,7554,7605,645,6782,5783,6561,5942,3796
"COG2176",250,736,719,624,410,550,468,425,116,5
"COG2177",959,878,824,983,1220,932,1027,719,425,1605
"COG2178",209,352,411,339,0,320,16,132,99,0
"COG2179",256,64,54,95,0,17,67,124,453,0
"COG2180",0,3,1,0,27,0,1,0,0,0
"COG2181",50,279,56,64,69,60,107,53,39,316
"COG2182",179,92,41,43,55,801,300,192,324,43
"COG2183",38,438,221,123,2928,86,187,80,33,1225
"COG2184",2,8,26,2,421,8,8,4,4,7
"COG2185",2271,3005,2470,1402,5645,2384,2426,1842,1683,3586
"COG2186",142,789,233,182,1201,90,284,106,158,496
"COG2187",11,257,145,27,209,10,15,33,12,4
"COG2188",232,539,141,126,1785,113,545,148,157,2535
"COG2189",387,235,624,221,2167,442,395,517,323,57
"COG2190",0,8,1,8,1,6,5,1,0,0
"COG2191",0,7,0,0,0,2,0,0,0,0
"COG2192",5087,2707,5493,4619,11683,4712,12086,7681,3929,4532
"COG2193",424,244,604,531,584,607,508,502,521,677
"COG2194",20,399,121,144,362,41,222,42,19,1046
"COG2195",462,724,593,148,311,227,443,262,189,1967
"COG2197",261,417,298,231,2194,297,1019,856,938,1793
"COG2198",6,260,428,253,532,43,99,25,20,30
"COG2199",251,3547,1865,1862,11054,681,899,525,320,991
"COG2200",130,1744,1025,656,5827,215,366,212,218,121
"COG2201",77,462,582,294,2650,75,262,119,132,110
"COG2202",514,3933,2925,2003,40351,759,1422,669,802,3404
"COG2203",981,1058,1009,614,9520,289,718,903,1657,898
"COG2204",5120,7404,6323,5481,10622,5407,5801,5109,4929,8338
"COG2205",9,442,104,13,249,25,5,12,9,5
"COG2206",237,1383,867,821,2520,582,334,397,97,232
"COG2207",608,1898,1099,808,8632,502,1375,602,472,6839
"COG2208",2624,1524,1758,2934,10817,2440,2307,2627,4055,1295
"COG2209",691,313,334,638,237,740,666,600,527,1123
"COG2210",11,251,72,17,310,6,17,5,4,116
"COG2211",1197,383,587,786,607,2376,3675,3223,4024,2926
"COG2212",0,28,7,9,101,2,1,1,1,0
"COG2213",522,13,155,311,0,790,318,320,274,3
"COG2214",2406,1376,1790,2139,1222,1872,2528,2843,3023,1621
"COG2215",36,91,39,62,125,148,67,76,19,3
"COG2216",0,27,4,1,37,1,0,3,4,1
"COG2217",3072,3973,3573,1986,18977,2914,2512,2899,3349,485
"COG2218",111,228,134,154,21,114,119,137,85,151
"COG2219",171,731,936,534,0,364,299,265,91,5
"COG2220",3310,2615,2432,3443,3474,3090,2639,2953,4331,2620
"COG2221",139,512,162,227,80,203,213,159,90,2
"COG2222",151,127,93,183,69,100,153,158,108,14
"COG2223",105,295,315,36,557,9,126,147,1086,35
"COG2224",975,676,659,1064,219,3391,2906,2771,2520,2082
"COG2225",4850,3038,3964,5635,1182,5513,4604,5106,4850,4857
"COG2226",3962,3344,3450,3567,3587,3961,3258,3385,4725,3487
"COG2227",2262,1469,1941,2639,1546,2472,2355,2647,3017,4108
"COG2229",2,2,0,0,1,0,2,0,0,7
"COG2230",4756,2845,4772,6483,1790,6149,4352,5306,5125,5729
"COG2231",2,127,123,12,0,0,1,8,1,0
"COG2232",50,55,59,114,29,97,77,69,29,141
"COG2233",1045,1493,1040,824,582,792,482,1143,293,683
"COG2234",3196,6395,3888,2973,9762,3697,3560,3019,1228,7113
"COG2235",21,164,136,107,1245,17,12,34,1,0
"COG2236",548,291,301,551,221,2161,1531,1625,1405,956
"COG2237",182,552,864,429,1,336,203,274,70,0
"COG2238",70,237,295,189,0,142,91,91,33,5
"COG2239",4503,2786,3077,4643,2160,4620,4162,4855,4621,4314
"COG2240",35,14,19,7,15,30,60,30,59,15
"COG2241",714,387,505,303,148,110,434,536,1016,248
"COG2242",673,506,614,400,127,101,397,511,1046,237
"COG2243",604,470,573,363,170,93,336,456,897,149
"COG2244",1857,2648,1886,1757,6582,1753,1532,1510,745,2180
"COG2246",42,236,54,101,8,4,21,16,8,40
"COG2247",0,26,157,6,0,17,2,17,0,0
"COG2249",404,88,228,365,143,1876,906,1268,603,1191
"COG2250",2,54,45,22,0,5,7,9,1,0
"COG2251",1273,456,733,951,111,617,819,1393,1928,1066
"COG2252",2306,1239,1944,2477,605,3035,2558,2699,2089,2215
"COG2253",0,1,1,0,76,0,0,0,0,0
"COG2255",1800,2420,1790,1354,2381,1166,1769,1744,1797,1780
"COG2256",372,727,455,205,648,207,1312,1567,1290,2554
"COG2257",11,53,40,21,70,12,22,18,12,14
"COG2258",305,720,645,375,105,486,396,352,157,735
"COG2259",567,545,537,575,524,595,321,814,348,81
"COG2260",0,8,8,41,0,0,0,0,0,4
"COG2261",1,15,5,0,53,0,13,4,2,0
"COG2262",2664,2929,2906,2427,1852,2635,2758,1925,1594,3349
"COG2263",98,125,118,93,49,76,42,38,7,1
"COG2264",1103,1055,1024,787,1224,498,1022,1055,1454,2067
"COG2265",1082,2070,1643,1334,1957,963,1620,965,626,2985
"COG2266",0,130,185,171,0,2,0,0,0,0
"COG2267",401,136,254,298,603,1019,1102,775,934,1771
"COG2268",545,1208,910,824,89,531,670,639,363,688
"COG2269",59,459,210,85,292,54,183,115,50,704
"COG2270",3266,3233,3334,2728,1471,4134,2977,3026,2339,1471
"COG2271",70,508,258,135,0,117,118,87,13,30
"COG2272",1866,1746,1147,1542,1801,714,602,564,679,767
"COG2273",1532,952,550,1540,1275,1938,1472,1015,747,2550
"COG2274",1218,1050,906,602,1045,265,450,631,449,72
"COG2301",1824,2062,2209,1904,646,1599,1548,1506,1832,497
"COG2302",478,7,18,163,0,10,164,421,859,0
"COG2303",10819,11633,9154,9183,7496,3067,3391,3541,3487,4100
"COG2304",1712,3777,2959,1959,2846,1537,2588,1664,798,3524
"COG2306",0,27,16,1,0,0,1,0,0,0
"COG2307",298,216,98,518,718,34,310,567,2204,8
"COG2308",572,256,183,1694,935,225,589,996,4302,17
"COG2309",691,1174,875,433,815,745,731,694,521,32
"COG2310",4,14,6,0,6,20,23,15,6,12
"COG2311",423,234,401,388,303,898,367,297,162,264
"COG2312",3,65,28,11,86,22,54,3,9,1
"COG2313",340,885,391,367,103,394,376,353,236,337
"COG2314",26,27,39,8,133,41,23,19,21,3
"COG2315",19,88,75,28,298,44,21,31,15,169
"COG2316",23,275,129,64,423,45,7,15,12,0
"COG2317",634,248,390,314,77,893,1268,1633,2820,153
"COG2318",2,25,10,4,31,3,26,8,16,5
"COG2319",1896,2778,2713,883,4755,898,2857,2914,1687,1144
"COG2320",7,72,29,4,1,16,4,12,8,0
"COG2321",31,53,34,9,317,5,8,28,51,1
"COG2322",296,456,225,305,582,243,303,275,118,466
"COG2323",2,21,30,21,123,0,7,10,1,1
"COG2324",96,17,98,113,5,81,86,86,22,294
"COG2326",874,734,617,941,1400,829,1365,785,633,1115
"COG2327",66,69,61,79,22,26,79,35,16,9
"COG2329",519,616,309,238,98,871,299,421,381,382
"COG2331",154,442,312,196,41,157,190,144,139,352
"COG2332",1145,751,966,1442,271,1461,1096,1184,1214,952
"COG2333",25,665,370,120,2441,57,139,60,9,428
"COG2334",2766,3376,2643,3720,1021,2975,2781,3153,2526,4133
"COG2335",955,276,316,487,1777,1011,1135,730,505,2140
"COG2336",0,2,1,9,3,0,0,0,0,0
"COG2337",5,54,32,2,200,1,16,2,7,9
"COG2339",229,366,247,362,8,318,238,345,164,440
"COG2340",600,98,279,337,552,611,409,345,309,113
"COG2342",2,22,21,7,768,19,7,10,3,2
"COG2343",68,125,247,80,430,46,71,45,49,9
"COG2344",295,398,279,218,0,438,213,236,151,0
"COG2345",52,67,67,3,66,5,80,26,3,1
"COG2346",13,177,138,40,204,36,55,26,20,22
"COG2348",33,19,65,44,1,46,40,34,27,12
"COG2350",202,139,61,115,142,33,118,140,328,204
"COG2351",481,482,424,542,154,414,314,566,344,295
"COG2352",5573,2295,1622,5069,2948,6212,4394,4560,5593,3336
"COG2353",517,489,317,519,1597,432,459,370,263,918
"COG2354",21,79,38,45,377,16,40,10,19,21
"COG2355",2747,3817,3067,3113,1678,2818,2464,2636,2005,3562
"COG2356",460,408,397,224,3381,316,446,320,197,1993
"COG2357",1,13,8,1,5,5,34,6,7,4
"COG2358",1451,1684,1655,1455,1621,1185,1494,1784,1306,1961
"COG2359",0,1,0,0,0,0,1,0,0,2
"COG2360",332,781,337,228,988,201,408,246,400,1278
"COG2361",0,15,2,1,9,0,0,0,0,0
"COG2362",11,155,96,32,0,119,61,95,14,0
"COG2363",88,311,194,127,389,110,157,105,45,426
"COG2364",1524,858,842,1484,27,1875,1412,1384,998,1290
"COG2365",437,521,421,283,216,323,372,394,510,481
"COG2366",2769,5552,3742,3560,5034,3390,3367,2926,1321,4205
"COG2367",128,338,477,197,258,80,249,579,20,3
"COG2368",403,2633,1580,884,202,180,712,491,594,88
"COG2369",2,21,16,7,103,0,28,4,0,1
"COG2370",143,51,176,222,73,98,132,211,53,22
"COG2371",308,111,167,226,119,21,191,242,552,1
"COG2372",8,99,146,8,7,4,15,1,7,0
"COG2373",344,674,629,39,1611,121,437,341,116,114
"COG2374",867,894,968,869,2374,1427,974,1301,342,446
"COG2375",259,125,165,104,339,354,219,262,113,132
"COG2376",617,537,811,895,56,504,642,884,659,347
"COG2377",2765,1427,1994,3213,1576,3152,2933,3390,2715,3056
"COG2378",74,670,358,287,1550,88,83,61,25,10
"COG2379",403,638,1035,534,1251,320,406,354,564,115
"COG2380",0,0,26,6,0,0,0,1,0,0
"COG2382",79,186,151,6,335,15,80,90,43,102
"COG2384",0,10,2,2,0,3,13,0,1,188
"COG2385",1686,365,446,1090,1,578,1155,1977,2762,45
"COG2386",566,1038,885,610,318,639,691,531,650,643
"COG2388",1,24,23,3,208,2,7,6,5,3
"COG2389",30,0,7,0,0,1,15,2,0,0
"COG2390",136,136,67,69,138,31,220,81,117,171
"COG2391",294,983,601,229,757,233,667,359,213,547
"COG2401",1,1,0,1,34,2,1,2,0,0
"COG2402",2,2,1,0,245,0,0,1,1,0
"COG2403",5,107,2,0,0,0,0,0,0,0
"COG2404",4,27,36,2,172,10,19,5,6,1
"COG2405",0,0,0,0,18,0,2,0,0,0
"COG2406",1,103,166,174,0,0,1,0,0,0
"COG2407",221,343,208,195,8,176,288,257,280,203
"COG2409",408,579,1187,492,0,789,441,550,185,22
"COG2410",0,37,28,1,0,0,0,0,0,0
"COG2412",2,93,119,65,0,1,0,0,0,0
"COG2413",8,8,8,6,0,17,2,7,0,17
"COG2414",105,1266,845,84,40,96,119,152,52,4
"COG2421",167,1505,932,239,1527,70,77,81,81,68
"COG2423",443,1993,1525,1022,649,590,688,778,267,868
"COG2425",0,1,5,2,17,20,13,8,2,0
"COG2426",42,10,84,99,1,80,108,205,8,39
"COG2428",1,0,0,0,0,0,0,0,0,1
"COG2429",0,201,366,202,0,4,2,0,0,0
"COG2430",0,18,0,7,0,0,0,0,0,0
"COG2431",0,3,31,3,62,0,0,3,2,0
"COG2433",0,0,0,0,0,0,0,0,0,0
"COG2440",3,10,3,0,161,1,1,4,1,0
"COG2442",1,9,4,0,467,0,3,1,0,0
"COG2443",34,42,48,28,0,76,39,26,5,0
"COG2445",0,4,1,0,35,0,0,0,1,0
"COG2450",1,10,8,13,0,11,18,22,3,0
"COG2451",1,0,1,0,0,0,2,3,0,5
"COG2452",1,21,14,1,2,1,6,5,2,0
"COG2453",250,397,519,361,48,116,311,208,187,161
"COG2454",0,0,1,0,0,0,0,0,0,0
"COG2457",8,5,12,0,3,5,1,2,6,0
"COG2461",1,0,0,0,0,0,1,0,0,0
"COG2501",127,11,9,19,3,2,21,34,75,14
"COG2502",2,24,0,0,22,0,0,0,1,0
"COG2503",426,123,145,389,796,377,362,369,366,58
"COG2508",9,14,31,0,4,1,9,5,7,3
"COG2509",277,112,61,37,2111,63,552,78,84,1540
"COG2510",0,2,20,0,0,0,0,0,0,0
"COG2511",375,934,1508,934,0,657,442,443,153,0
"COG2512",0,271,521,257,0,6,1,0,0,0
"COG2513",772,907,1157,1000,246,2714,2038,2510,2392,2145
"COG2514",26,308,124,5,322,1,11,11,19,3
"COG2515",436,1631,931,397,208,413,502,524,371,1526
"COG2516",2,214,114,25,38,8,6,31,576,0
"COG2518",1222,1967,1170,1025,1193,1163,1406,1026,1038,1645
"COG2519",401,646,709,496,0,627,382,327,249,2
"COG2520",332,784,779,550,0,591,460,368,120,13
"COG2521",0,8,2,0,0,0,7,0,0,0
"COG2522",60,53,26,38,0,74,60,48,30,0
"COG2524",0,0,3,0,0,0,2,0,0,0
"COG2602",3,16,17,14,138,0,10,1,2,1
"COG2603",944,680,299,542,445,394,747,833,1511,1214
"COG2604",55,286,497,165,47,36,101,55,152,14
"COG2605",698,1068,1526,1028,1139,885,1064,1381,654,535
"COG2606",788,940,1108,1311,515,1333,687,998,736,736
"COG2607",320,178,247,201,383,200,255,250,458,58
"COG2608",5,55,68,4,82,2,12,2,9,1
"COG2609",5981,6043,6158,7299,1298,2699,2067,2263,1894,3238
"COG2610",342,876,366,502,504,344,501,454,137,33
"COG2703",1,6,8,4,60,11,6,1,3,2
"COG2704",1,3,0,0,0,0,6,0,4,0
"COG2706",118,954,822,73,25,47,303,247,80,214
"COG2710",2494,40,308,538,95,265,1383,2097,3943,2
"COG2715",107,219,131,60,314,101,65,58,36,175
"COG2716",28,296,75,73,113,39,78,51,46,407
"COG2717",580,279,277,608,257,698,638,354,217,976
"COG2718",22,113,106,64,943,122,134,43,40,6
"COG2719",9,48,46,35,347,123,145,49,40,7
"COG2720",20,34,78,55,0,27,26,21,2,6
"COG2721",2863,1343,2007,3082,1358,2829,2732,2715,2726,2313
"COG2723",1173,554,606,986,102,1480,1024,1027,814,359
"COG2730",870,648,450,992,2058,1059,654,644,272,862
"COG2731",5,17,20,0,0,1,8,0,1,7
"COG2733",1,23,33,60,76,3,34,15,6,4
"COG2738",385,167,173,308,74,354,413,327,488,527
"COG2740",105,32,78,23,216,26,186,204,92,59
"COG2746",25,69,125,104,0,222,104,259,197,368
"COG2747",0,9,2,2,42,2,1,0,2,0
"COG2755",2124,1961,1520,1955,2440,1678,2105,1847,2892,1545
"COG2759",3522,3155,3627,4220,495,4224,3400,4044,2910,3901
"COG2761",245,470,342,286,810,270,652,290,267,863
"COG2764",2,146,26,1,304,4,5,5,4,2
"COG2766",49,249,253,159,1554,209,203,59,82,15
"COG2768",0,154,171,57,0,26,18,53,0,0
"COG2770",25,161,86,17,380,46,40,34,48,100
"COG2771",231,277,130,193,2223,44,246,181,299,687
"COG2801",183,3811,2669,688,6976,264,1600,279,259,2242
"COG2802",2040,1192,1707,2400,297,2321,1778,2251,2041,1578
"COG2804",2140,3675,3015,2448,3245,2755,2521,2722,2691,3249
"COG2805",880,1001,1017,917,1242,836,908,1059,1108,1103
"COG2807",1,59,18,3,297,2,26,2,5,1
"COG2808",22,320,125,34,669,24,51,19,21,16
"COG2810",0,2,1,0,0,0,0,1,0,0
"COG2812",6449,4694,4985,6882,3510,7014,5821,6533,6451,4153
"COG2813",160,385,162,172,1705,91,310,112,188,986
"COG2814",8,635,227,77,1698,28,37,38,20,7
"COG2815",722,229,325,540,521,1319,533,537,423,1
"COG2816",687,867,730,548,558,582,781,675,832,617
"COG2818",149,616,310,216,1063,160,291,151,131,982
"COG2819",436,217,174,326,3242,495,529,269,499,676
"COG2820",603,343,265,302,53,574,537,366,258,667
"COG2821",55,193,495,76,381,73,111,57,96,87
"COG2822",5,60,9,5,104,4,5,9,2,0
"COG2823",898,680,950,1225,382,1462,842,1171,1062,1605
"COG2824",7,55,32,31,217,7,38,9,8,841
"COG2825",134,232,136,132,382,59,52,21,41,143
"COG2826",24,556,507,40,1046,70,46,41,38,160
"COG2827",118,244,280,198,2628,217,185,182,149,141
"COG2828",233,356,215,99,486,120,213,105,365,172
"COG2829",2,61,72,51,325,14,18,13,5,3
"COG2831",304,439,828,255,679,199,174,261,587,90
"COG2832",378,250,419,303,193,630,391,285,162,57
"COG2833",47,103,65,41,146,14,109,26,30,539
"COG2834",225,469,516,214,424,188,337,257,264,344
"COG2835",108,303,263,211,106,117,128,124,122,142
"COG2836",3,135,67,18,560,18,19,16,7,8
"COG2837",7,86,83,50,462,22,33,24,4,4
"COG2838",880,1362,1169,251,2818,293,1056,491,277,1971
"COG2839",101,7,12,51,264,45,89,81,44,105
"COG2840",272,288,256,244,339,218,300,237,235,751
"COG2841",1,2,0,0,32,0,1,0,3,1
"COG2842",1,28,8,1,172,3,6,3,8,5
"COG2843",310,920,559,332,19,531,253,270,80,54
"COG2844",2077,3032,2937,1763,1764,1630,2406,1804,2212,2177
"COG2845",0,124,29,8,5,20,16,34,3,0
"COG2846",10,6,4,2,714,2,2,1,1,0
"COG2847",170,305,297,165,591,190,233,219,235,308
"COG2848",11,72,43,28,21,5,10,25,14,5
"COG2849",1820,4257,2267,2902,500,3300,1883,2398,712,1898
"COG2850",64,196,188,65,585,58,245,88,65,730
"COG2851",0,53,3,1,18,3,0,1,2,0
"COG2852",2,36,28,4,1008,2,5,13,2,1408
"COG2853",1587,986,1743,1893,481,2122,1560,1926,1910,1488
"COG2854",1080,897,1364,1587,354,566,387,458,438,497
"COG2855",1713,331,670,1531,237,2193,1684,1343,1316,1282
"COG2856",3,59,39,8,1140,4,5,10,22,2
"COG2857",2512,1824,2293,2509,1473,3146,2387,2461,2197,2620
"COG2859",288,83,66,65,667,12,87,289,314,32
"COG2860",8,248,396,188,924,30,45,20,12,314
"COG2861",75,461,333,297,373,222,162,227,80,117
"COG2862",62,47,27,31,34,171,127,130,212,96
"COG2863",433,569,624,467,691,413,561,440,429,1321
"COG2864",27,68,32,15,291,7,68,75,93,89
"COG2865",8,47,184,4,1977,28,35,8,16,19
"COG2866",1915,2492,1862,1764,3490,2528,2218,1955,710,2927
"COG2867",716,400,571,879,207,934,689,773,743,1024
"COG2868",0,0,0,0,0,0,1,0,0,0
"COG2869",862,432,394,738,281,790,789,640,628,1280
"COG2870",2837,2718,3117,2448,6085,2656,4823,3334,1711,2077
"COG2871",1546,636,738,1296,678,1386,1358,1146,1040,1959
"COG2872",409,634,525,383,92,500,396,453,417,27
"COG2873",5389,3105,3914,4653,1910,4954,4644,5741,5756,3389
"COG2874",70,61,82,16,0,84,45,71,32,0
"COG2875",607,429,576,390,125,76,303,477,1161,209
"COG2876",1251,755,671,819,420,985,905,751,579,1127
"COG2877",2523,1810,1942,2496,1161,2322,2718,2377,2367,2566
"COG2878",84,250,107,104,142,58,227,72,48,972
"COG2879",0,2,0,0,0,0,0,0,0,0
"COG2881",0,0,1,0,0,0,0,0,0,0
"COG2882",0,21,0,3,112,1,1,0,0,0
"COG2884",832,729,631,681,934,896,748,619,435,1145
"COG2885",3873,2386,2595,2922,5477,2763,3347,2612,2075,4263
"COG2887",984,1421,991,1000,1755,1087,1172,769,540,202
"COG2888",0,0,50,36,0,0,0,0,0,0
"COG2890",3107,3040,3274,3768,1681,3448,2892,3276,3107,4121
"COG2891",72,169,100,96,150,88,91,69,40,131
"COG2893",66,38,77,76,118,77,122,80,71,127
"COG2894",446,152,111,187,238,15,292,472,753,297
"COG2895",809,1072,964,549,2278,751,1084,620,790,1249
"COG2896",1759,2625,2497,2086,659,1649,1974,1937,1817,1792
"COG2897",1609,2749,3054,2305,527,1735,1565,1965,2029,1133
"COG2898",3,24,15,2,142,1,2,1,2,0
"COG2899",113,18,30,12,78,25,103,48,24,0
"COG2900",1,7,2,8,11,3,7,0,1,0
"COG2901",146,151,163,156,82,157,173,144,173,567
"COG2902",76,1168,909,263,1999,167,239,174,108,2201
"COG2904",289,151,154,316,991,295,335,289,328,412
"COG2905",12,246,59,96,1106,59,33,24,24,235
"COG2906",2,21,15,17,47,9,10,7,7,36
"COG2907",2632,981,2647,3514,774,3397,2555,2838,2981,3617
"COG2908",427,392,240,362,602,1235,1106,978,980,1326
"COG2909",11,229,229,33,1312,42,17,15,32,69
"COG2910",1,7,9,16,12,4,27,8,2,14
"COG2911",58,786,542,237,5665,285,224,109,40,15
"COG2912",125,846,958,232,613,28,178,107,57,31
"COG2913",307,270,244,226,318,256,387,234,287,516
"COG2914",9,88,44,35,57,10,50,2,9,373
"COG2915",33,101,76,78,126,51,100,38,17,777
"COG2916",1,9,9,19,66,2,10,1,1,0
"COG2917",1161,812,1031,1402,281,1428,1036,1214,1373,1227
"COG2918",951,927,529,788,597,907,974,842,1192,2221
"COG2919",39,107,99,51,115,54,66,40,26,206
"COG2920",66,248,89,115,242,98,199,95,54,351
"COG2921",4,39,10,11,18,6,36,16,9,359
"COG2922",13,188,62,72,19,20,79,44,1,497
"COG2923",15,104,35,60,47,48,55,33,17,34
"COG2924",161,238,162,163,110,210,192,149,183,312
"COG2925",3318,1506,2137,3778,317,3933,2988,3356,3587,3253
"COG2926",0,0,0,1,0,0,0,0,0,0
"COG2927",176,158,162,101,210,132,179,118,211,310
"COG2928",1449,1007,1456,1605,708,1600,1366,1749,1699,1008
"COG2929",0,10,23,0,49,0,4,1,1,0
"COG2930",137,175,286,60,291,64,140,126,73,54
"COG2931",3361,4389,4553,3056,2783,3949,3916,4527,2861,2546
"COG2932",6,118,56,12,321,11,39,9,33,98
"COG2933",7,136,168,46,350,9,49,9,5,2
"COG2935",250,470,455,149,500,130,313,191,304,457
"COG2936",2210,3905,3063,1421,2002,2221,2329,2492,2199,2870
"COG2937",463,376,496,535,891,410,404,295,639,23
"COG2938",91,86,131,121,128,83,162,84,86,191
"COG2939",500,562,340,646,1576,511,460,554,313,441
"COG2940",753,309,394,1009,303,966,886,805,759,594
"COG2941",1296,530,931,1468,196,502,426,501,479,402
"COG2942",106,359,177,100,164,57,164,154,91,277
"COG2943",8,185,86,104,1084,7,64,22,21,3
"COG2944",0,12,5,0,42,10,1,4,4,2
"COG2945",1086,582,1082,1229,339,1341,1007,1237,1168,908
"COG2946",0,11,5,36,0,0,12,0,0,0
"COG2947",966,879,1194,1287,607,1007,789,1127,1086,612
"COG2948",5,120,124,5,985,10,31,19,15,7
"COG2949",1,6,7,3,83,0,9,8,7,11
"COG2951",2144,1469,1701,2790,1893,2738,2199,2343,2628,2954
"COG2954",406,249,180,302,63,216,320,411,440,398
"COG2956",260,825,475,560,389,489,317,322,79,305
"COG2957",589,1269,958,1377,1343,789,834,1048,978,259
"COG2958",0,0,2,0,8,2,6,2,0,19
"COG2959",18,281,188,83,367,18,108,20,33,518
"COG2960",101,62,77,48,141,52,89,47,91,85
"COG2961",84,92,67,94,448,66,74,70,107,22
"COG2962",1173,765,925,1740,371,1614,1279,1481,1310,1188
"COG2963",23,351,294,73,1062,37,156,39,29,290
"COG2964",3,165,15,5,0,41,4,0,1,0
"COG2965",0,13,0,0,1,0,5,0,0,0
"COG2966",6,27,31,55,6,6,46,11,0,16
"COG2967",246,539,323,312,168,260,335,310,158,617
"COG2968",7,360,500,228,435,18,65,52,11,325
"COG2969",11,172,58,45,132,19,77,37,14,481
"COG2971",127,411,181,80,116,33,197,119,24,21
"COG2972",96,159,108,43,564,67,104,44,31,63
"COG2973",0,0,0,0,0,0,0,0,0,0
"COG2974",20,83,29,45,443,16,77,20,29,6
"COG2975",102,35,36,96,4,99,115,87,118,199
"COG2976",78,237,211,189,193,125,209,149,144,647
"COG2977",12,137,110,28,119,69,56,36,24,8
"COG2978",51,263,248,124,734,9,86,88,47,7
"COG2979",1,28,4,3,190,4,3,2,2,0
"COG2980",25,177,112,85,53,36,47,43,9,295
"COG2981",63,105,106,46,459,43,109,40,53,640
"COG2982",24,682,460,118,1350,47,185,75,62,272
"COG2983",125,208,85,46,276,18,72,26,58,192
"COG2984",7,20,21,50,182,10,44,4,20,3
"COG2985",1,37,31,2,4,0,15,16,0,10
"COG2986",828,1818,908,1032,1710,1072,925,914,260,2695
"COG2987",995,1899,1016,1014,1755,1246,1212,978,338,3202
"COG2988",550,56,39,258,121,25,251,524,861,430
"COG2989",193,99,74,56,775,72,232,93,154,71
"COG2990",0,0,0,0,1,0,0,0,0,0
"COG2991",2,21,33,32,30,17,17,12,3,0
"COG2992",1708,670,1374,2295,1249,2203,2239,2141,1697,2122
"COG2993",101,114,156,36,2161,292,69,77,102,8
"COG2994",3,0,5,0,246,11,8,0,19,3
"COG2995",4,49,65,47,416,1,22,9,7,3
"COG2996",39,69,52,37,248,17,124,30,30,877
"COG2998",426,420,374,263,186,264,351,308,470,338
"COG2999",8,3,7,3,0,5,5,9,1,4
"COG3000",3378,2385,2323,3130,1959,2594,3818,2922,2903,5581
"COG3001",585,449,500,378,800,132,343,751,1060,89
"COG3002",11,251,599,15,503,19,52,6,23,15
"COG3004",1303,891,1561,1954,1265,1880,1416,1690,1466,1318
"COG3005",1,11,22,1,25,6,3,1,0,1
"COG3006",0,0,0,0,0,0,0,1,0,0
"COG3007",58,95,100,50,123,26,145,75,83,1053
"COG3008",2,73,62,63,509,12,58,21,9,4
"COG3009",0,38,32,17,156,4,8,3,9,0
"COG3010",76,18,11,50,25,35,124,40,33,29
"COG3011",440,309,240,405,201,306,388,492,640,574
"COG3012",25,92,165,29,133,19,54,4,4,215
"COG3013",0,0,0,0,1,0,0,0,0,0
"COG3014",10,99,47,5,1181,9,50,50,19,4
"COG3015",0,0,0,0,94,1,1,2,1,0
"COG3016",52,218,293,24,200,31,54,49,35,30
"COG3017",11,161,97,44,183,15,51,20,13,384
"COG3018",162,111,111,133,30,111,128,157,158,288
"COG3019",240,308,191,283,1346,275,356,222,828,430
"COG3021",268,87,145,114,690,58,263,94,71,691
"COG3022",1206,1243,902,1111,413,1140,1211,1081,975,1937
"COG3023",1536,783,1301,1982,2284,731,680,581,550,523
"COG3024",54,24,39,46,49,57,41,43,33,111
"COG3025",20,114,43,64,315,14,42,16,13,42
"COG3026",5,104,61,71,294,5,80,16,8,460
"COG3027",540,330,499,852,103,870,554,617,616,738
"COG3028",25,66,34,42,158,14,84,13,11,338
"COG3029",0,110,1,0,4,0,0,0,0,0
"COG3030",727,695,879,978,260,1058,720,908,685,991
"COG3031",134,150,148,77,324,71,73,70,106,21
"COG3033",633,84,284,412,126,918,422,472,326,17
"COG3034",128,437,186,90,260,68,168,85,110,168
"COG3036",0,4,0,0,3,1,0,0,0,1
"COG3037",0,0,2,0,0,0,0,0,0,0
"COG3038",565,142,141,576,784,418,669,203,746,356
"COG3039",11,303,45,20,452,149,255,79,36,279
"COG3040",168,163,387,215,304,252,208,154,64,597
"COG3041",0,5,4,0,13,0,2,2,1,0
"COG3042",0,0,1,0,0,0,0,0,0,0
"COG3043",0,0,0,0,21,0,0,0,0,0
"COG3044",7,268,79,6,0,5,24,17,1,0
"COG3045",1,49,22,19,105,3,15,1,1,6
"COG3046",6198,279,1419,6488,2181,6693,5140,5336,6968,6453
"COG3047",36,140,87,81,426,54,77,51,32,11
"COG3048",0,3,0,0,4,2,1,1,1,0
"COG3049",8,12,2,2,7,9,30,5,4,13
"COG3050",0,0,0,0,0,0,1,0,0,0
"COG3051",1,128,20,4,0,0,4,3,0,0
"COG3053",0,0,0,0,0,0,0,0,0,0
"COG3054",0,35,3,0,0,1,4,1,1,0
"COG3055",43,218,144,24,1,19,114,94,4,2
"COG3056",0,0,0,0,0,0,0,1,0,0
"COG3057",1,6,5,1,7,0,7,2,0,0
"COG3058",0,27,14,0,15,1,1,0,1,0
"COG3059",0,12,9,5,5,3,3,5,0,1
"COG3060",0,9,10,13,8,2,9,1,0,1
"COG3061",0,0,0,0,0,0,0,0,0,0
"COG3062",0,0,0,0,4,0,0,0,0,0
"COG3063",3,138,105,75,248,17,44,25,10,240
"COG3064",1,23,7,20,15,2,24,1,0,1
"COG3065",3,7,49,30,35,3,8,4,0,0
"COG3066",1,18,15,25,22,5,17,7,0,118
"COG3067",773,149,177,439,355,820,714,550,858,745
"COG3068",3,24,11,24,70,2,12,3,1,115
"COG3069",13,1,9,7,1,2,124,17,9,8
"COG3070",17,39,13,2,172,10,10,10,36,1
"COG3071",43,356,275,127,386,81,121,98,40,765
"COG3072",4,230,266,75,374,36,53,12,13,4
"COG3073",1,39,18,30,67,4,28,4,3,82
"COG3074",0,0,0,0,0,0,0,1,0,0
"COG3075",0,37,24,9,1,0,5,7,0,7
"COG3076",0,8,3,14,7,5,12,2,0,0
"COG3077",0,16,8,1,119,0,4,3,1,0
"COG3078",0,13,0,0,13,0,4,0,1,1
"COG3079",10,76,46,22,55,27,97,45,19,650
"COG3080",0,125,6,1,0,0,0,0,0,0
"COG3081",1,74,16,52,199,12,13,4,5,3
"COG3082",0,5,0,10,1,0,5,1,0,1
"COG3083",25,203,245,312,32,27,138,127,4,3
"COG3084",0,0,0,0,0,0,0,0,0,0
"COG3085",0,21,12,38,8,4,30,4,0,3
"COG3086",0,21,3,12,97,6,10,3,1,111
"COG3087",12,157,80,59,162,13,63,16,26,412
"COG3088",913,918,905,1409,279,1400,910,1068,992,1061
"COG3089",2,22,18,12,30,5,8,16,8,32
"COG3090",668,357,239,632,1059,635,663,367,841,1293
"COG3091",2,22,41,10,88,2,5,3,1,95
"COG3092",1,10,7,14,7,2,8,5,0,1
"COG3093",7,95,33,14,382,6,10,8,8,11
"COG3094",0,9,10,2,13,3,5,1,0,0
"COG3095",1,0,1,0,0,0,0,0,0,0
"COG3096",1,0,0,0,0,0,0,0,0,1
"COG3097",0,0,0,0,0,0,0,0,0,0
"COG3098",2,25,8,10,89,6,13,2,9,125
"COG3099",0,4,0,0,0,0,0,0,0,1
"COG3100",4,28,18,7,68,6,11,7,9,206
"COG3101",6,18,13,8,52,9,36,24,12,234
"COG3102",3,0,2,0,0,1,3,1,0,2
"COG3103",6,19,71,33,57,23,19,24,3,0
"COG3104",1830,1004,834,1197,2001,1234,1639,1336,1198,3029
"COG3105",4,42,32,1,129,3,10,1,4,81
"COG3106",3,99,33,79,398,6,28,13,4,5
"COG3107",32,132,134,72,204,95,199,166,91,1177
"COG3108",164,24,34,28,161,16,52,31,32,24
"COG3109",1,18,4,24,11,3,19,2,0,1
"COG3110",0,1,0,2,1,0,0,0,0,0
"COG3111",0,1,11,0,0,0,4,0,1,0
"COG3112",0,7,1,3,2,1,0,0,0,0
"COG3113",0,0,0,0,0,0,0,0,0,0
"COG3114",0,4,0,0,7,0,1,0,1,0
"COG3115",57,272,163,122,318,71,118,84,45,457
"COG3116",1,6,7,5,4,10,15,3,4,28
"COG3117",4,93,52,61,80,7,28,11,7,122
"COG3118",439,464,463,368,662,319,434,376,460,93
"COG3119",14172,26996,17524,8682,1003,7848,21965,14079,10442,8277
"COG3120",0,0,0,0,0,0,0,0,0,0
"COG3121",2,39,17,9,35,16,2,6,2,9
"COG3122",2,42,28,24,150,2,3,0,0,34
"COG3123",137,56,14,41,51,31,104,182,24,303
"COG3124",65,115,42,27,228,22,92,34,24,397
"COG3125",1,39,11,19,61,6,6,7,2,190
"COG3126",0,57,3,3,237,0,0,1,0,1
"COG3127",1995,2247,2109,2341,3454,2180,2367,1703,2728,4256
"COG3128",549,140,256,308,4429,256,1369,599,928,126
"COG3129",3,53,46,34,135,8,36,9,1,701
"COG3130",0,18,15,6,77,6,9,1,5,0
"COG3131",2,212,82,106,1127,3,57,29,16,7
"COG3132",2,33,28,25,6,1,21,4,9,1
"COG3133",70,25,3,69,56,108,82,61,51,83
"COG3134",2,57,9,2,126,3,29,7,2,72
"COG3135",50,122,81,67,268,43,88,73,130,148
"COG3136",1,27,0,5,25,0,0,0,1,0
"COG3137",6,108,82,66,238,16,45,26,9,4
"COG3138",183,133,114,167,512,115,155,89,171,631
"COG3139",5,18,5,7,79,4,16,5,1,40
"COG3141",3,18,7,16,17,2,5,2,1,0
"COG3142",271,237,166,379,67,273,336,235,88,566
"COG3143",0,62,34,36,220,8,21,5,5,3
"COG3144",4,31,47,17,158,31,70,22,12,798
"COG3145",232,445,275,202,377,192,437,177,150,1134
"COG3146",1674,843,624,1068,731,896,1448,1482,2760,1196
"COG3147",6,58,36,32,112,1,35,14,3,204
"COG3148",8,82,24,75,140,24,27,6,7,10
"COG3149",3,17,20,15,74,6,16,7,9,0
"COG3150",300,57,28,247,111,270,251,228,376,572
"COG3151",107,128,100,158,130,89,179,117,74,201
"COG3152",305,556,546,516,157,614,553,649,266,496
"COG3153",132,145,113,73,260,105,193,83,98,95
"COG3154",0,5,2,0,41,0,0,0,0,0
"COG3155",34,351,290,175,65,94,55,97,33,6
"COG3156",365,246,203,351,387,289,474,376,519,814
"COG3157",7,55,56,2,53,5,15,3,9,12
"COG3158",49,80,21,18,114,12,83,9,11,81
"COG3159",322,264,325,291,234,323,309,296,354,490
"COG3160",4,50,28,20,168,1,13,3,0,107
"COG3161",171,156,79,140,153,173,186,141,151,704
"COG3162",0,5,7,5,14,0,0,1,0,0
"COG3164",269,896,787,780,1287,281,1163,412,260,2648
"COG3165",31,255,80,85,199,32,98,39,23,648
"COG3166",10,113,78,35,165,7,29,25,15,184
"COG3167",10,101,76,38,189,9,18,12,7,123
"COG3168",3,111,48,28,145,0,4,2,1,4
"COG3169",1,17,22,1,45,1,4,1,1,7
"COG3170",140,214,235,147,515,22,47,17,10,12
"COG3171",1,15,0,1,35,0,0,0,0,0
"COG3172",198,142,93,173,44,111,240,147,92,531
"COG3173",2340,2288,1688,2144,1043,2644,2189,2215,2421,2142
"COG3174",2,4,3,1,191,7,9,0,5,3
"COG3175",1357,415,624,1166,350,1518,1305,1011,1370,2300
"COG3176",1365,548,619,821,856,856,988,984,1186,1474
"COG3177",23,295,177,58,1265,35,22,26,12,11
"COG3178",1791,1170,1689,2764,596,2213,1956,1974,2216,2041
"COG3179",414,28,9,18,678,46,594,47,42,9
"COG3180",926,308,672,918,405,933,979,945,1115,772
"COG3181",1960,2588,1354,1413,693,1525,1850,1452,1994,2240
"COG3182",93,556,461,272,1726,113,236,230,41,219
"COG3183",20,53,43,31,142,19,21,18,33,56
"COG3184",1,17,13,20,11,0,11,0,2,0
"COG3185",420,909,443,369,1422,321,483,370,215,1245
"COG3186",351,663,415,416,754,450,357,396,74,1231
"COG3187",5,61,31,36,175,16,29,11,6,22
"COG3188",6,104,55,6,130,35,7,17,9,37
"COG3189",2,14,3,1,340,1,4,1,0,1
"COG3190",0,23,3,0,54,3,1,2,2,0
"COG3191",379,1251,913,636,1268,474,386,523,287,653
"COG3192",0,1,0,0,13,0,0,0,0,0
"COG3193",101,408,222,89,106,79,94,81,152,198
"COG3194",478,443,524,492,156,563,357,626,313,214
"COG3195",533,575,488,655,288,515,334,616,412,393
"COG3196",0,2,0,0,0,0,0,0,0,0
"COG3197",0,5,1,1,17,0,1,0,0,1
"COG3198",2,43,6,19,120,1,8,3,3,0
"COG3199",215,896,673,356,213,515,310,376,108,117
"COG3200",2681,1476,2156,3102,1594,3433,2483,2840,2493,1671
"COG3201",478,205,177,487,535,390,561,376,259,961
"COG3202",594,554,547,630,218,274,280,243,135,424
"COG3203",70,22,26,68,31,158,294,205,192,56
"COG3204",704,223,225,752,226,685,476,434,205,233
"COG3205",0,24,19,6,116,0,5,3,3,0
"COG3206",1004,929,959,973,2203,918,769,906,1166,1322
"COG3207",0,1,0,1,0,0,0,0,0,0
"COG3208",69,19,19,13,16,19,58,87,15,13
"COG3209",44,185,220,206,1048,154,208,48,28,39
"COG3210",173,458,666,192,5287,99,211,294,246,98
"COG3211",98,517,245,190,375,409,395,409,119,123
"COG3212",0,31,1,2,124,1,2,0,2,0
"COG3213",14,46,29,4,304,17,7,14,6,3
"COG3214",26,368,229,92,280,75,56,50,46,11
"COG3215",2,35,32,4,95,2,2,5,6,3
"COG3216",446,149,163,226,298,115,368,410,711,592
"COG3217",461,647,526,764,222,481,670,776,378,842
"COG3218",2,31,21,2,108,6,3,1,3,0
"COG3219",0,42,48,42,137,0,8,6,2,105
"COG3220",5,125,77,51,429,21,40,12,6,104
"COG3221",1391,1590,1082,978,893,1307,1056,1227,1663,541
"COG3222",488,212,350,180,772,121,328,512,755,639
"COG3223",65,14,7,36,9,68,32,18,20,2
"COG3224",5,16,4,10,63,2,15,3,0,3
"COG3225",907,2727,2408,877,593,840,991,951,966,1140
"COG3226",3,11,1,8,86,1,10,2,5,1
"COG3227",54,291,147,27,1455,53,81,63,55,992
"COG3228",34,147,83,14,283,22,88,96,15,2
"COG3230",1,34,5,2,52,5,5,0,1,0
"COG3231",0,3,7,1,4,0,0,1,3,0
"COG3232",37,100,44,19,12,28,58,24,15,27
"COG3233",0,13,0,1,118,0,1,0,0,0
"COG3235",2,40,10,20,100,2,9,2,1,1
"COG3236",25,3,36,54,12,46,145,11,4,52
"COG3237",1,16,7,23,89,1,8,4,3,0
"COG3238",46,76,121,28,77,48,81,31,27,30
"COG3239",3516,1894,1410,2580,1849,1653,2979,2861,4835,2323
"COG3240",13,20,16,3,44,10,83,23,15,3
"COG3241",226,101,183,164,436,208,280,241,91,548
"COG3242",0,12,5,1,10,1,4,1,1,9
"COG3243",219,511,162,71,1697,88,215,84,473,37
"COG3245",121,387,259,168,208,142,198,91,138,415
"COG3246",1394,1642,1480,1654,433,1121,1477,1576,1347,1385
"COG3247",2,20,11,1,15,1,20,1,6,1
"COG3248",2,96,4,8,163,15,12,5,2,0
"COG3249",62,221,225,157,321,80,180,136,62,897
"COG3250",512,1056,420,589,1573,1743,2018,1662,774,3236
"COG3251",0,3,2,1,0,0,3,0,0,0
"COG3252",28,17,41,38,8,93,90,93,104,145
"COG3253",19,460,722,247,1,55,73,51,10,1
"COG3254",92,124,157,150,4,59,66,120,100,54
"COG3255",204,70,108,186,113,210,245,189,137,198
"COG3256",4,27,92,22,262,4,22,0,1,2
"COG3257",34,31,5,3,73,29,115,45,69,96
"COG3258",12,4,7,3,15,8,54,13,10,5
"COG3259",0,0,0,0,0,0,1,0,0,0
"COG3261",1,0,1,0,0,0,1,0,0,0
"COG3263",62,883,967,540,890,24,89,105,12,2
"COG3264",188,351,278,228,838,557,972,592,312,843
"COG3265",70,203,81,61,118,62,123,62,60,36
"COG3266",0,40,68,2,113,13,6,3,1,126
"COG3267",178,445,527,348,379,171,87,75,36,188
"COG3268",1332,790,823,1323,1641,1604,1484,1172,1004,2162
"COG3269",15,0,16,3,0,25,2,6,11,0
"COG3270",0,19,4,1,3,1,12,2,0,0
"COG3271",3,20,1,3,33,8,5,2,5,0
"COG3272",38,325,311,75,337,45,72,81,30,23
"COG3273",0,225,76,64,0,10,9,22,4,0
"COG3274",0,0,4,0,0,0,0,0,0,19
"COG3275",44,132,128,75,3197,42,149,58,44,1835
"COG3276",938,2748,2212,1666,181,1761,1009,1351,616,9
"COG3277",1,0,2,0,0,0,1,1,0,0
"COG3278",447,357,264,166,2850,719,428,188,211,13
"COG3279",140,231,223,150,4060,74,296,99,79,1581
"COG3280",7,11,20,0,54,1,8,2,2,6
"COG3281",1,9,25,1,59,0,8,9,6,3
"COG3283",4,49,18,62,198,10,34,8,1,5
"COG3284",464,94,77,434,638,159,694,93,117,1521
"COG3285",5,92,87,3,531,0,8,13,8,4
"COG3287",14,81,49,35,311,29,24,30,1,26
"COG3288",4812,3577,4058,5025,2027,5605,4216,5345,5296,3207
"COG3290",6,201,25,4,104,22,11,7,24,123
"COG3291",4526,4787,2567,1744,4687,2950,3857,2887,1427,2340
"COG3292",897,1900,1144,1895,15700,1873,1375,1018,280,1151
"COG3293",30,316,247,32,450,53,237,45,33,297
"COG3294",0,1,2,0,0,0,1,0,0,0
"COG3295",4,46,11,7,155,9,10,14,3,1
"COG3296",18,51,18,12,68,7,8,16,2,231
"COG3297",64,91,121,50,110,42,97,60,48,505
"COG3298",36,416,218,91,701,46,86,65,24,38
"COG3299",0,1,3,0,7,0,26,0,1,0
"COG3300",5,225,56,145,1090,20,41,36,21,4
"COG3301",1,7,19,6,0,4,0,17,1,0
"COG3302",169,7,47,79,72,56,249,107,170,211
"COG3303",1,0,2,0,0,1,2,0,0,0
"COG3304",11,10,33,19,189,5,6,8,1,24
"COG3305",0,2,0,0,0,0,0,0,1,0
"COG3306",959,53,180,390,1964,499,1828,1039,339,251
"COG3307",590,484,670,258,1392,264,580,953,833,489
"COG3308",0,23,10,18,48,2,13,3,2,19
"COG3309",0,0,0,0,0,0,0,0,0,0
"COG3310",10,21,14,23,77,4,35,3,5,217
"COG3311",13,104,27,5,95,1,9,3,3,10
"COG3312",9,53,21,33,89,11,37,20,2,32
"COG3313",246,132,84,198,161,320,188,215,291,87
"COG3314",4,189,114,44,60,2,40,4,2,1
"COG3315",88,232,179,146,134,41,79,55,24,85
"COG3316",8,204,64,17,652,35,171,36,19,125
"COG3317",530,417,281,504,202,165,208,150,207,335
"COG3318",89,527,259,312,172,181,53,262,8,41
"COG3319",19,44,14,5,122,1,7,3,1,0
"COG3320",25,184,72,13,433,17,94,47,19,467
"COG3321",623,1171,1081,200,1310,673,1021,699,211,536
"COG3322",0,6,3,0,84,2,1,0,4,6
"COG3323",385,94,70,228,283,220,273,189,120,846
"COG3324",14,138,39,22,601,11,13,7,10,16
"COG3325",232,322,110,212,135,144,71,68,31,17
"COG3326",0,35,9,3,117,6,0,5,1,1
"COG3327",7,87,54,8,114,8,42,17,6,34
"COG3328",16,140,174,17,916,32,111,78,89,108
"COG3329",284,27,141,138,44,380,354,593,1167,2
"COG3330",554,10,24,161,0,13,273,647,878,0
"COG3331",0,3,0,2,39,6,7,3,0,0
"COG3332",180,226,290,158,718,235,252,193,254,594
"COG3333",3437,3819,2350,2608,1895,2819,3512,2527,3335,2112
"COG3334",8,19,42,8,60,11,20,15,26,7
"COG3335",49,602,163,18,377,34,261,81,28,317
"COG3336",372,442,453,331,65,618,300,294,279,10
"COG3338",19,8,38,9,5,16,55,20,26,23
"COG3339",175,51,61,131,128,29,89,217,433,1
"COG3340",947,355,419,957,68,700,861,919,1039,1079
"COG3341",75,17,26,7,40,15,58,12,18,515
"COG3342",237,1248,597,275,101,238,216,246,138,231
"COG3344",72,533,802,280,1559,105,252,124,122,282
"COG3345",12,95,112,90,90,14,216,24,13,931
"COG3346",1701,414,490,1350,435,2136,1702,1022,1926,2396
"COG3347",1172,2210,2274,1592,413,723,1206,1473,1105,571
"COG3349",1619,143,250,618,11,236,936,1765,3046,134
"COG3350",1,7,16,0,4,1,12,2,0,0
"COG3354",1,0,2,0,0,0,0,0,0,0
"COG3356",7,569,821,442,0,58,44,61,7,0
"COG3357",0,0,0,0,0,0,0,0,0,0
"COG3358",143,233,89,239,38,122,83,70,34,501
"COG3359",16,32,21,3,2,41,25,17,11,0
"COG3360",1,21,3,2,78,2,8,2,3,0
"COG3361",140,99,104,124,13,225,220,93,35,553
"COG3363",0,1,21,0,0,0,0,0,0,0
"COG3364",0,0,0,0,0,0,0,0,0,0
"COG3365",0,0,1,0,0,0,0,0,0,0
"COG3367",476,1221,684,591,187,590,678,593,192,522
"COG3369",0,81,34,3,476,3,33,1,1,0
"COG3371",0,3,8,0,0,0,0,0,0,0
"COG3372",3,244,72,10,0,1,15,34,5,0
"COG3375",6,59,33,4,45,1,9,1,0,1
"COG3376",4,4,0,0,0,0,3,0,0,8
"COG3377",1,0,1,0,0,0,6,0,5,34
"COG3378",206,105,162,203,1823,638,2963,267,207,627
"COG3379",18,166,59,1,1,0,1,3,0,127
"COG3380",1521,78,237,1039,1012,1957,1363,700,1740,2329
"COG3381",18,155,183,17,142,2,49,53,58,39
"COG3382",1,44,26,0,6,3,3,3,1,0
"COG3383",3410,4985,5052,3698,2054,1049,3574,2511,1864,8872
"COG3384",66,371,183,99,194,451,377,383,136,19
"COG3385",28,451,959,302,462,43,170,87,30,3
"COG3386",1865,4105,3410,2087,1556,1608,2284,2017,1747,2058
"COG3387",122,236,133,122,455,70,441,86,177,15
"COG3388",0,0,2,0,0,0,0,0,0,0
"COG3389",216,224,238,145,0,462,264,218,80,0
"COG3390",115,194,174,136,0,179,204,182,55,0
"COG3391",894,9308,7445,1705,4420,380,469,463,164,1022
"COG3392",144,275,117,166,126,198,355,115,99,70
"COG3393",4,22,19,0,1,2,9,5,13,301
"COG3394",146,296,105,140,582,112,231,146,83,354
"COG3395",673,183,311,321,124,25,160,244,582,33
"COG3396",563,1853,755,291,1614,469,683,544,489,402
"COG3397",4,54,28,19,6,18,47,32,4,2
"COG3398",222,440,705,399,0,415,314,153,70,0
"COG3399",0,1,0,1,6,0,0,0,0,0
"COG3400",521,0,129,317,0,772,325,280,321,0
"COG3401",3,46,73,32,0,8,16,21,3,6
"COG3402",1,6,12,0,394,2,4,2,4,79
"COG3403",0,24,25,30,127,2,13,5,1,1
"COG3404",478,879,441,828,6,643,393,575,160,366
"COG3405",0,39,15,35,116,2,13,4,0,0
"COG3407",434,163,191,202,205,212,422,277,132,1128
"COG3408",36,575,196,11,9,5,10,13,17,1
"COG3409",1544,253,395,785,616,2112,516,675,841,3
"COG3410",37,42,55,19,93,15,16,2,20,24
"COG3411",82,419,334,172,44,91,135,62,349,72
"COG3412",1,1,9,0,0,1,0,2,1,0
"COG3413",33,28,32,24,0,50,19,19,30,0
"COG3414",1,0,0,0,0,0,0,0,0,0
"COG3415",10,143,37,13,55,6,46,9,7,15
"COG3417",3,15,8,3,154,18,25,17,5,1
"COG3418",1,22,0,0,18,0,5,1,1,0
"COG3419",1814,887,2940,1695,1004,2105,1127,2081,2887,1351
"COG3420",17,83,35,45,230,12,95,63,9,0
"COG3421",81,26,24,26,26,60,20,29,27,38
"COG3422",40,16,12,12,131,35,26,25,55,0
"COG3423",0,1,1,1,3,0,0,0,0,0
"COG3424",100,155,50,18,866,54,132,51,101,969
"COG3425",556,1147,1211,801,8,664,759,625,204,238
"COG3426",1,0,1,0,3,0,0,0,0,0
"COG3427",257,1226,777,452,120,198,273,527,355,200
"COG3428",44,75,61,56,1243,10,87,27,48,499
"COG3429",632,12,49,204,0,13,255,601,1188,1
"COG3431",25,24,0,1,4,0,24,3,0,0
"COG3433",1,1,0,0,3,0,0,0,0,0
"COG3434",1,42,21,45,104,15,80,30,5,1
"COG3435",61,276,232,40,28,48,97,84,81,13
"COG3436",69,647,2014,590,3562,95,528,160,70,173
"COG3437",311,562,809,536,3188,614,440,236,318,531
"COG3439",16,127,52,59,803,64,23,37,12,2
"COG3440",224,87,178,105,159,148,121,186,218,254
"COG3442",0,5,46,19,0,49,7,14,2,0
"COG3443",0,5,2,0,54,0,2,0,1,0
"COG3444",0,5,0,0,0,0,0,0,0,0
"COG3447",0,4,18,7,16,0,6,3,0,8
"COG3448",868,498,574,978,320,1056,730,936,605,1581
"COG3449",0,5,50,30,14,1,23,8,3,0
"COG3450",213,150,73,61,71,49,149,115,248,738
"COG3451",31,289,542,50,1968,53,127,74,53,34
"COG3452",1,39,5,5,131,22,10,5,9,4
"COG3453",24,21,12,23,208,64,121,59,80,70
"COG3454",17,37,46,4,333,9,45,22,54,13
"COG3455",9,42,64,6,95,7,7,6,28,13
"COG3456",2,51,40,4,117,6,5,8,10,7
"COG3457",3,24,27,4,0,0,26,1,0,103
"COG3458",22,578,330,9,0,15,45,48,7,3
"COG3459",3,12,15,2,141,1,17,10,10,4
"COG3460",36,154,20,6,205,11,39,25,29,60
"COG3461",0,0,3,0,7,1,3,0,0,0
"COG3463",85,401,95,109,1,100,136,176,48,0
"COG3464",36,384,448,232,2990,124,122,36,66,16
"COG3467",13,455,404,209,41,66,21,43,14,1
"COG3468",44,18,98,18,104,23,25,27,94,7
"COG3469",1,8,5,0,0,0,9,0,0,11
"COG3470",449,60,134,290,9,507,291,277,109,74
"COG3471",0,59,5,4,60,1,0,0,8,2
"COG3472",31,37,74,30,126,28,38,28,17,48
"COG3473",1196,1696,1278,1763,112,1602,1292,1474,1209,1919
"COG3474",1136,441,1023,1290,706,1291,1251,1282,1307,768
"COG3475",26,39,9,30,3,22,45,11,14,5
"COG3476",755,167,358,714,525,884,717,628,838,1077
"COG3478",82,95,75,34,0,181,108,54,8,0
"COG3479",0,0,1,0,0,0,0,0,0,0
"COG3480",388,155,163,307,1,591,279,287,235,0
"COG3481",138,608,328,303,77,250,150,211,37,1
"COG3482",3,0,0,0,0,0,0,0,0,0
"COG3483",504,1071,503,453,700,672,591,467,161,1078
"COG3484",26,10,10,175,40,101,94,144,1113,2
"COG3485",272,827,395,113,297,204,303,293,495,75
"COG3486",0,28,6,4,68,1,12,3,1,0
"COG3487",57,95,133,29,375,23,130,41,31,1020
"COG3488",170,241,570,104,348,251,472,499,97,1147
"COG3489",53,46,85,9,234,8,158,245,13,185
"COG3490",5,50,74,7,256,12,57,6,4,254
"COG3491",2169,3561,2275,2696,741,1925,2277,2294,1501,1067
"COG3492",354,302,399,397,108,391,368,396,270,406
"COG3493",0,2,0,0,18,0,0,1,0,0
"COG3494",1020,553,1122,1538,162,1399,954,1248,1227,670
"COG3495",47,152,203,106,193,76,167,112,70,104
"COG3496",1469,492,1365,2154,370,1951,1412,1719,1698,2125
"COG3497",4038,398,1466,1330,19761,3006,13522,4237,1593,275
"COG3498",2,8,3,0,19,0,3,1,0,0
"COG3499",2,2,2,0,22,0,1,0,0,0
"COG3500",69,20,16,17,139,9,72,32,32,3
"COG3501",149,174,173,115,434,43,150,63,89,40
"COG3502",406,137,82,376,77,322,515,214,239,305
"COG3503",122,278,86,130,39,103,336,160,48,50
"COG3504",3,82,46,6,723,4,18,7,18,5
"COG3505",36,259,207,35,2484,22,152,56,49,28
"COG3506",1,5,1,0,0,1,9,3,5,0
"COG3507",344,610,659,256,4866,214,515,436,149,43
"COG3508",459,931,570,453,1233,328,590,516,273,1278
"COG3509",2504,1201,1346,2178,196,2195,2819,2388,1599,1173
"COG3510",65,112,169,95,88,104,77,126,81,245
"COG3511",9,8,16,1,9,1,14,16,1,7
"COG3512",0,0,14,1,6,0,3,1,1,28
"COG3513",25,11,106,4,21,14,30,72,12,160
"COG3514",0,3,0,1,7,0,0,0,0,0
"COG3515",10,80,54,6,171,10,19,14,27,12
"COG3516",5,34,26,6,54,5,14,24,15,9
"COG3517",16,120,144,12,162,26,37,23,36,28
"COG3518",0,19,20,4,26,2,0,2,2,4
"COG3519",22,105,75,7,171,20,32,31,28,28
"COG3520",6,60,51,5,114,1,5,2,5,5
"COG3521",1,25,19,2,51,6,0,1,2,2
"COG3522",1,25,22,5,42,15,28,25,36,23
"COG3523",28,193,159,15,423,34,42,47,88,41
"COG3524",16,47,50,82,327,5,111,58,27,3
"COG3525",1140,1977,973,1382,2641,1271,1390,1265,567,2289
"COG3526",2,43,22,16,37,5,20,10,2,3
"COG3527",1,0,6,0,0,0,26,0,0,7
"COG3528",71,51,70,47,509,70,113,50,39,83
"COG3529",0,17,5,13,39,2,15,4,6,103
"COG3530",4,24,7,12,162,4,9,5,1,148
"COG3531",1,182,75,39,30,6,19,7,1,142
"COG3533",233,318,423,109,221,152,204,156,168,26
"COG3534",156,202,251,226,1451,152,130,143,167,153
"COG3535",61,487,238,92,2,37,96,67,49,88
"COG3536",72,255,210,86,122,64,132,83,85,351
"COG3537",382,64,86,46,569,124,1216,487,161,4630
"COG3538",115,13,19,12,2,10,83,54,20,768
"COG3539",0,8,1,1,0,2,1,1,0,0
"COG3540",1115,1141,816,1125,957,549,1248,831,833,826
"COG3541",3,23,18,2,118,1,9,5,2,5
"COG3542",187,72,124,232,406,133,191,117,513,23
"COG3543",0,0,0,0,0,1,1,0,0,0
"COG3544",910,360,482,564,239,843,767,739,792,1248
"COG3545",0,36,9,2,12,1,0,1,7,0
"COG3546",1,8,3,1,50,0,0,0,3,0
"COG3547",62,847,448,380,9500,130,438,146,63,99
"COG3548",20,0,13,1,36,0,20,3,2,1
"COG3549",4,27,14,15,271,2,7,3,1,1
"COG3550",10,203,308,217,3078,26,156,36,39,21
"COG3551",59,50,45,66,114,96,64,57,34,0
"COG3552",756,1195,841,677,472,1023,806,746,750,152
"COG3553",0,10,0,0,39,1,0,0,0,0
"COG3554",0,4,1,0,22,1,0,0,0,1
"COG3555",328,87,138,200,1724,271,603,244,267,578
"COG3556",291,32,14,98,4,8,114,223,496,10
"COG3558",2,25,11,23,88,2,9,5,70,4
"COG3559",1,0,0,0,0,0,0,0,1,0
"COG3560",0,0,0,0,0,0,0,0,0,0
"COG3561",0,2,1,0,5,0,0,0,2,0
"COG3562",55,31,12,2,226,30,88,14,73,17
"COG3563",28,41,12,1,307,0,73,12,46,5
"COG3564",419,7,94,262,14,553,353,286,368,363
"COG3565",942,252,316,831,417,1019,872,784,701,893
"COG3566",4,1,1,0,11,0,74,0,0,0
"COG3567",19,0,3,2,43,4,91,0,0,0
"COG3568",233,766,479,258,917,297,350,275,110,564
"COG3569",122,826,1074,480,448,197,621,260,80,93
"COG3570",0,15,0,0,0,2,2,0,0,0
"COG3571",33,310,150,67,193,43,75,37,9,97
"COG3572",2247,1650,932,2476,469,3072,2086,1611,2616,905
"COG3573",1,6,21,0,158,3,18,1,2,1
"COG3575",1,19,34,22,15,0,14,2,1,1
"COG3576",346,1036,877,291,309,449,298,302,498,359
"COG3577",33,187,193,90,320,24,94,101,30,118
"COG3579",575,1074,581,687,4,326,200,223,84,31
"COG3580",0,101,36,0,1,1,1,0,0,0
"COG3581",0,66,21,0,0,1,2,3,0,0
"COG3582",0,0,3,1,0,3,1,0,0,0
"COG3583",1,7,17,0,0,0,0,0,5,0
"COG3584",19,10,16,2,119,2,7,9,1,2
"COG3585",0,9,1,0,0,1,0,0,0,0
"COG3586",52,53,91,35,72,88,39,51,59,71
"COG3587",43,66,153,13,547,9,22,6,7,16
"COG3588",3096,2263,2380,3034,709,968,930,1123,1199,589
"COG3590",255,308,300,420,417,442,408,316,91,2207
"COG3591",4,0,3,2,7,6,6,25,3,59
"COG3592",0,18,4,0,474,0,0,0,0,0
"COG3593",8,702,970,582,670,30,52,7,13,5
"COG3594",18,7,45,15,8,31,39,19,22,136
"COG3595",4,70,10,6,22,14,4,10,2,0
"COG3596",1,1,1,0,8,1,19,2,7,0
"COG3597",12,4,13,16,0,12,6,2,8,12
"COG3598",8,20,46,4,153,59,29,36,25,9
"COG3599",103,38,17,77,450,89,48,26,12,1
"COG3600",0,2,14,6,70,6,24,1,3,0
"COG3602",29,30,29,62,48,43,67,42,23,31
"COG3603",3,124,70,27,4,3,6,8,0,7
"COG3604",140,635,537,332,1429,314,105,240,40,11
"COG3605",324,890,468,164,1650,162,500,268,219,1158
"COG3607",0,15,18,0,58,0,0,0,0,0
"COG3608",283,1654,1431,324,1677,487,432,416,148,360
"COG3609",26,61,47,45,139,20,22,42,22,3
"COG3610",2,17,15,45,7,7,35,12,0,8
"COG3612",1,0,0,0,0,0,0,0,0,0
"COG3613",231,26,95,219,188,313,207,228,161,28
"COG3614",7,401,70,48,575,28,15,15,16,2
"COG3615",0,0,0,0,0,0,2,1,0,1
"COG3616",545,1703,1533,455,1320,467,614,671,577,180
"COG3617",2,15,2,2,41,0,5,1,9,0
"COG3618",1123,3077,2452,758,462,654,1324,1005,1420,951
"COG3619",0,11,11,0,8,0,1,1,4,0
"COG3620",96,186,245,108,66,42,30,9,23,74
"COG3621",466,205,104,239,29,292,459,309,393,392
"COG3622",450,953,618,425,830,340,482,444,291,159
"COG3623",85,413,209,97,85,131,128,107,81,116
"COG3624",3,1,8,0,63,1,5,5,5,1
"COG3625",3,2,10,2,73,1,4,7,13,1
"COG3626",13,18,20,4,156,2,13,12,23,10
"COG3627",6,9,12,0,141,1,15,5,23,4
"COG3628",135,23,87,77,994,192,667,146,73,6
"COG3629",0,0,6,3,0,0,1,2,1,1
"COG3631",39,132,96,92,81,70,76,85,30,111
"COG3633",33,27,22,75,97,27,44,36,3,0
"COG3634",237,198,175,149,434,186,90,66,27,9
"COG3635",39,1449,1428,459,1,28,73,91,28,0
"COG3636",1,13,1,2,158,0,0,1,6,1
"COG3637",1,22,15,2,81,5,56,11,7,15
"COG3638",832,792,657,650,646,735,600,804,1360,329
"COG3639",1344,1589,1253,1261,1160,1354,1130,1586,789,452
"COG3640",8,6,2,1,0,3,4,3,3,4
"COG3641",0,1,0,0,0,0,0,0,0,0
"COG3642",98,370,424,261,0,204,152,148,37,2
"COG3643",516,810,507,625,0,658,491,574,137,304
"COG3644",7,9,8,0,0,1,11,8,1,1
"COG3645",0,9,1,0,1,0,0,0,0,0
"COG3646",1,2,3,1,2,1,0,0,1,7
"COG3647",19,14,38,2,102,3,8,6,9,3
"COG3648",6,2,1,2,0,0,15,3,0,0
"COG3649",0,3,1,1,1,1,9,0,2,1
"COG3650",1,32,7,3,61,6,7,9,5,2
"COG3651",1111,537,632,1058,121,1146,997,1204,1268,902
"COG3652",0,7,1,0,35,0,2,0,1,0
"COG3653",1573,8249,6167,2392,692,2130,2387,2485,1587,2784
"COG3654",1,12,8,2,58,1,12,6,6,12
"COG3655",4,86,23,16,58,21,20,10,2,150
"COG3656",4,39,23,7,200,7,10,19,4,0
"COG3657",1,21,8,5,76,3,1,0,0,0
"COG3658",48,80,34,43,203,26,54,31,64,3
"COG3659",8,118,49,2,1228,15,49,43,8,2
"COG3660",1679,700,1272,2388,188,1995,1589,1929,2112,1594
"COG3661",1,26,24,5,1716,6,2,5,2,10
"COG3662",317,212,182,326,56,490,250,294,255,2
"COG3663",5,72,36,5,55,37,31,28,9,58
"COG3664",90,142,146,185,2,85,79,172,85,8
"COG3665",2926,2934,2342,3609,644,3563,2021,2883,2525,3442
"COG3666",20,561,206,176,3351,113,52,73,36,19
"COG3667",15,231,128,56,1712,18,33,22,25,107
"COG3668",1,45,35,20,856,9,9,8,9,5
"COG3669",704,872,208,278,964,426,592,258,243,84
"COG3670",1324,1222,814,1050,1054,785,1249,1551,2080,329
"COG3671",0,4,11,0,81,1,1,0,2,228
"COG3672",5,34,28,28,135,18,26,8,5,9
"COG3673",3,14,22,3,182,3,35,3,9,26
"COG3675",334,81,84,157,840,113,1294,502,91,83
"COG3676",5,117,22,0,99,2,4,4,4,34
"COG3677",2,57,18,5,19,3,13,11,5,8
"COG3678",4,14,3,36,10,4,16,10,1,0
"COG3679",0,0,4,0,0,0,0,0,0,0
"COG3680",58,15,40,63,8,59,51,59,77,118
"COG3681",0,0,0,0,1,0,0,0,0,0
"COG3682",7,34,35,20,293,4,5,10,2,0
"COG3683",0,15,11,2,59,4,4,5,0,4
"COG3684",38,157,38,109,4,40,157,84,68,93
"COG3685",0,18,16,0,168,0,3,3,2,0
"COG3686",275,67,55,90,113,79,185,257,430,42
"COG3687",3,86,22,16,341,33,106,34,12,519
"COG3688",12,32,18,1,0,9,16,8,4,0
"COG3689",12,0,0,0,0,0,30,2,0,0
"COG3692",0,1,0,0,3,0,1,0,0,1
"COG3693",393,94,118,277,4344,128,669,161,334,343
"COG3694",357,104,124,194,0,24,192,532,659,0
"COG3695",255,173,111,125,239,115,171,106,54,528
"COG3696",186,1849,1347,842,18977,358,777,368,260,398
"COG3698",74,9,30,7,184,3,36,8,7,39
"COG3700",13,112,49,121,0,129,18,59,6,0
"COG3701",1,46,13,0,342,4,12,1,9,3
"COG3702",1,4,5,0,67,0,1,0,2,0
"COG3703",136,310,177,32,239,58,164,103,197,122
"COG3704",1,25,24,0,73,1,3,0,7,3
"COG3705",2449,1071,1547,2782,748,2428,2020,2630,3746,1433
"COG3706",644,2218,1712,1070,4307,980,990,648,1243,383
"COG3707",1,257,77,87,488,59,79,24,12,210
"COG3708",1,20,10,6,54,4,1,2,4,7
"COG3709",5,8,30,2,75,3,22,7,16,7
"COG3710",8,106,57,199,86,2,77,4,7,10
"COG3711",0,0,14,0,0,2,0,2,1,0
"COG3712",129,497,188,301,1333,130,395,202,34,935
"COG3713",14,106,107,59,173,17,45,22,32,76
"COG3714",11,76,18,3,89,2,7,8,1,5
"COG3716",0,0,1,0,0,0,0,0,0,0
"COG3717",13,7,15,29,678,6,25,14,6,118
"COG3718",516,489,208,281,50,258,372,348,475,1000
"COG3719",2,20,19,5,122,6,14,4,3,3
"COG3720",38,47,126,36,192,26,34,48,16,20
"COG3721",1,0,3,0,4,0,0,0,3,0
"COG3723",52,12,22,4,405,2,29,2,6,0
"COG3724",209,82,103,141,355,198,192,121,190,691
"COG3725",20,69,17,96,185,6,30,17,6,1
"COG3726",1,48,8,2,122,6,0,0,1,2
"COG3727",87,79,175,66,78,90,31,93,117,18
"COG3728",9,28,29,6,392,4,22,5,4,2
"COG3729",0,0,0,0,20,0,0,0,2,0
"COG3730",63,1,37,95,0,197,92,97,35,0
"COG3731",43,0,29,57,0,116,70,76,25,0
"COG3732",42,0,25,46,0,252,179,149,57,0
"COG3733",347,491,588,192,37,270,268,347,488,16
"COG3734",196,102,82,32,155,68,189,110,233,573
"COG3735",56,147,108,103,393,18,96,49,33,70
"COG3736",3,7,9,0,52,0,4,0,4,3
"COG3737",51,98,95,61,40,49,68,54,42,60
"COG3738",20,42,29,11,52,7,25,20,8,44
"COG3739",0,33,8,2,91,3,5,3,5,0
"COG3740",58,24,74,34,861,164,250,101,64,6
"COG3741",321,552,200,152,525,145,295,256,446,475
"COG3742",1,0,5,0,2,0,0,0,2,0
"COG3743",351,70,142,99,1008,300,389,242,149,67
"COG3744",9,6,8,3,237,2,15,8,11,2
"COG3745",3,77,37,3,454,2,17,1,12,5
"COG3746",111,224,455,115,407,84,128,152,150,268
"COG3747",3,0,26,0,65,1,12,2,0,0
"COG3748",1877,2343,2299,2486,394,1778,1591,2414,1889,1552
"COG3749",5,42,23,12,111,10,57,14,42,322
"COG3750",15,1,16,0,21,14,56,22,42,26
"COG3751",406,316,518,498,2149,425,937,534,264,636
"COG3752",1734,788,1203,1682,147,1742,1896,1490,1143,3104
"COG3753",0,0,0,0,0,0,0,0,0,0
"COG3754",70,21,27,52,50,33,155,14,76,68
"COG3755",1,12,15,0,36,1,0,3,2,0
"COG3756",14,0,2,8,66,5,21,54,11,2
"COG3757",68,26,49,4,179,9,28,30,10,15
"COG3758",0,31,12,0,6,2,9,0,1,338
"COG3759",0,0,11,0,0,0,0,2,1,0
"COG3760",198,257,211,168,54,218,175,184,290,137
"COG3761",483,201,461,633,116,771,466,658,549,368
"COG3762",17,55,35,10,428,1,4,4,0,58
"COG3764",693,109,206,310,52,870,355,258,265,158
"COG3765",22,33,43,44,7,38,12,33,3,15
"COG3766",27,31,34,23,48,6,16,19,62,1
"COG3768",2,75,22,42,218,4,13,10,0,2
"COG3769",684,19,68,696,153,85,357,492,1582,1
"COG3770",96,5,16,22,118,27,99,46,68,107
"COG3771",0,0,0,0,0,0,0,0,0,0
"COG3772",83,61,50,53,2264,60,372,67,120,15
"COG3773",644,250,227,148,2344,210,1372,303,376,115
"COG3774",250,28,82,260,310,209,605,95,151,183
"COG3775",0,1,0,0,5,2,1,0,0,0
"COG3776",0,0,0,0,0,0,0,0,0,0
"COG3777",360,175,196,83,105,114,241,168,499,17
"COG3778",0,2,3,0,15,0,0,0,0,0
"COG3779",0,3,3,0,0,2,3,0,0,0
"COG3781",86,47,31,10,10,15,96,50,31,150
"COG3782",20,46,15,7,264,3,25,17,9,694
"COG3783",0,9,0,0,1,0,0,0,0,0
"COG3784",1,18,3,3,128,6,7,5,1,1
"COG3785",729,573,648,948,112,922,703,857,857,686
"COG3786",579,268,539,989,121,942,545,782,727,868
"COG3787",7,74,48,8,0,17,41,24,3,139
"COG3788",135,54,85,63,107,83,112,67,148,38
"COG3789",2,48,25,25,7,0,7,3,1,2
"COG3791",1483,2132,1560,1686,578,2045,1267,1805,1836,1336
"COG3793",0,4,1,0,6,0,3,1,0,2
"COG3794",1606,709,1637,1502,885,2131,1622,1689,1215,832
"COG3795",0,8,1,0,26,0,2,2,2,2
"COG3797",0,2,13,2,47,0,0,4,3,1
"COG3798",1,9,5,0,11,1,0,1,0,0
"COG3799",0,6,17,0,0,0,0,0,0,0
"COG3800",1853,802,1177,2525,461,2006,1376,1910,1602,348
"COG3801",0,0,11,19,11,0,1,9,0,0
"COG3802",0,102,86,30,72,17,15,26,4,1
"COG3803",783,430,274,378,293,566,700,391,531,619
"COG3804",53,171,108,101,2,179,86,117,20,135
"COG3805",9,16,33,2,8,9,15,10,17,1
"COG3806",217,86,120,163,361,176,263,168,245,277
"COG3807",680,303,645,916,179,353,244,258,254,230
"COG3808",7039,5902,7476,6752,2296,8547,6421,7187,5480,5701
"COG3809",1,12,6,0,56,2,2,1,3,0
"COG3811",0,2,0,0,1,0,1,0,2,0
"COG3812",113,108,49,54,72,113,47,73,74,238
"COG3813",0,13,2,0,51,1,3,0,0,1
"COG3814",137,40,111,79,149,91,149,106,214,30
"COG3815",59,104,104,63,214,94,64,34,18,0
"COG3816",396,226,251,286,325,365,465,317,407,211
"COG3817",0,5,4,0,3,1,0,0,1,0
"COG3818",553,286,234,513,405,877,459,440,317,253
"COG3819",0,4,3,0,4,0,0,0,0,0
"COG3820",997,364,894,1195,290,1325,879,1175,1079,723
"COG3821",4,42,19,4,185,5,11,0,4,93
"COG3822",133,21,7,41,33,41,59,51,93,27
"COG3823",438,538,339,469,95,389,448,449,211,886
"COG3824",6,133,65,2,39,3,17,2,13,2
"COG3825",1071,820,545,682,768,999,1018,896,1334,950
"COG3826",0,0,1,0,18,0,0,0,1,0
"COG3827",1,7,11,0,83,6,1,1,1,0
"COG3828",453,742,568,305,3256,232,541,463,309,14
"COG3829",1,87,32,6,59,13,32,24,5,11
"COG3830",59,210,279,42,352,107,110,108,92,626
"COG3831",1,1,1,3,38,2,4,2,1,2
"COG3832",4,43,47,18,774,5,16,8,4,3
"COG3833",514,133,85,109,37,490,252,137,256,1
"COG3835",0,39,3,3,83,3,0,1,3,0
"COG3836",1380,4114,4158,1504,271,1562,1260,1672,1714,803
"COG3837",4,40,35,8,29,24,25,6,26,3
"COG3838",1,25,6,3,121,0,7,4,4,2
"COG3839",6073,3801,3512,5243,1650,6069,5686,4046,5546,8419
"COG3840",154,39,42,38,54,48,117,76,75,161
"COG3842",7417,6593,6056,7503,2747,2588,2064,2451,2312,2143
"COG3843",10,119,55,4,1545,19,35,6,19,8
"COG3844",705,1724,480,611,444,710,946,575,303,1647
"COG3845",3709,3628,2195,2784,1013,3762,2394,2646,3047,2208
"COG3846",4,73,33,3,595,8,11,6,6,3
"COG3847",0,0,0,0,0,0,0,0,0,0
"COG3848",22,0,8,0,0,0,6,3,0,0
"COG3850",6,131,50,30,159,16,23,18,10,3
"COG3851",6,14,1,17,116,2,16,0,2,101
"COG3852",812,734,620,671,713,725,939,672,972,1157
"COG3853",4,39,29,2,247,3,12,8,2,0
"COG3854",184,401,578,183,0,94,205,165,17,708
"COG3855",4,0,0,0,0,1,16,0,0,0
"COG3857",16,21,66,45,0,12,3,8,29,1
"COG3858",144,633,237,485,125,101,85,158,26,6
"COG3859",0,4,12,0,0,1,0,2,0,0
"COG3860",0,0,0,0,0,0,0,0,0,0
"COG3861",0,0,0,0,0,0,0,0,0,0
"COG3864",794,210,292,190,5023,573,1340,366,610,113
"COG3865",2,10,16,2,58,10,5,1,2,0
"COG3866",1,10,11,39,7,4,311,10,0,3
"COG3867",131,35,65,84,0,61,121,141,46,64
"COG3868",1,100,66,11,741,7,1,4,4,0
"COG3869",42,163,139,5,0,8,95,77,19,23
"COG3870",0,6,10,0,0,0,0,0,0,0
"COG3871",4,27,66,16,205,3,18,16,2,0
"COG3872",391,776,621,478,0,512,277,358,216,0
"COG3874",0,17,0,0,0,0,0,0,0,0
"COG3875",55,793,1091,320,0,62,74,139,11,4
"COG3876",784,1612,1079,1066,875,972,833,852,281,876
"COG3877",0,16,2,0,0,2,0,0,0,0
"COG3878",0,0,1,0,0,0,1,0,2,2
"COG3879",0,0,1,0,1,0,1,0,0,0
"COG3880",15,87,59,0,0,1,43,28,7,0
"COG3882",157,728,985,686,67,194,193,298,208,493
"COG3883",0,2,17,11,0,46,1,14,11,0
"COG3884",0,2,1,3,22,5,9,0,3,1
"COG3885",0,0,0,0,0,0,1,0,0,0
"COG3886",58,102,94,169,213,74,43,27,29,155
"COG3887",0,0,0,0,0,0,0,0,0,0
"COG3889",0,595,916,465,0,1,0,0,0,0
"COG3890",1,0,0,0,0,0,0,0,0,2
"COG3892",550,239,184,288,43,570,322,280,486,880
"COG3893",487,184,323,409,898,292,567,293,311,262
"COG3894",430,1915,978,371,299,267,685,486,406,2093
"COG3895",0,0,0,0,1,0,1,0,0,0
"COG3896",3,16,16,1,2,6,11,21,2,0
"COG3897",11,55,24,7,160,13,30,29,31,14
"COG3898",511,138,312,256,405,266,385,365,686,142
"COG3899",41,347,684,114,359,76,132,95,12,30
"COG3900",0,1,8,0,2,0,0,0,0,0
"COG3901",41,357,273,140,462,73,94,80,61,7
"COG3903",2,11,20,0,8,0,49,4,0,1
"COG3904",4,20,4,1,76,0,22,8,3,57
"COG3905",0,0,1,0,37,0,0,0,0,0
"COG3907",7,268,91,17,64,14,7,30,10,1
"COG3908",220,106,196,421,33,440,211,285,257,306
"COG3909",415,58,57,370,55,245,433,150,439,262
"COG3910",3,6,13,0,0,10,2,9,1,0
"COG3911",134,64,45,78,103,67,154,121,70,429
"COG3913",0,4,10,0,0,0,3,1,1,1
"COG3914",1571,1405,1720,2140,2831,2212,1541,2798,2218,2057
"COG3915",0,5,1,0,68,0,4,0,3,0
"COG3916",0,7,4,0,15,0,7,2,1,253
"COG3917",2318,1257,1501,2118,673,2688,2119,2153,2574,1932
"COG3918",0,0,0,0,0,0,0,0,0,0
"COG3919",31,54,33,23,3,36,48,21,27,22
"COG3920",62,640,317,98,26138,190,119,113,59,61
"COG3921",5,54,38,9,327,3,13,26,6,9
"COG3923",0,0,0,0,0,0,0,0,0,0
"COG3926",78,18,25,41,754,108,499,108,104,8
"COG3930",122,147,83,118,370,200,61,93,23,1
"COG3931",47,49,67,59,88,161,221,128,136,159
"COG3932",2,46,42,31,350,5,12,3,10,23
"COG3934",3,57,20,7,125,55,70,44,0,684
"COG3935",2,19,21,7,220,6,29,3,0,0
"COG3936",0,3,0,0,38,0,1,0,0,0
"COG3937",18,0,0,0,0,3,29,0,1,0
"COG3938",490,1292,686,609,379,408,579,517,288,941
"COG3940",6,28,34,7,17,12,3,12,2,366
"COG3941",22,26,10,7,317,39,124,21,51,1
"COG3942",1,13,21,1,93,0,3,0,11,0
"COG3943",0,21,43,4,163,8,11,6,7,4
"COG3944",4,10,35,0,0,4,0,0,4,0
"COG3945",0,211,550,246,36,8,4,3,1,2
"COG3946",0,7,0,0,0,0,0,0,1,0
"COG3947",0,16,1,6,0,4,5,0,0,2
"COG3948",2,7,1,0,36,3,3,1,0,0
"COG3949",22,317,151,163,3,38,67,89,8,259
"COG3950",2,8,6,5,85,8,5,1,3,7
"COG3951",66,78,84,37,285,29,99,40,81,198
"COG3952",73,47,100,26,32,43,47,67,119,75
"COG3953",0,0,3,0,0,0,0,0,0,1
"COG3954",658,219,114,217,134,27,251,528,1385,746
"COG3955",0,0,3,1,0,1,1,3,3,0
"COG3956",372,553,333,240,0,550,220,184,667,0
"COG3957",82,75,67,11,855,24,16,9,33,7
"COG3958",1008,1263,1799,1337,820,1058,1031,1130,761,1479
"COG3959",861,1162,2036,1482,845,1019,965,1075,700,1322
"COG3960",1,4,4,0,60,0,0,0,3,2
"COG3961",2,10,44,0,10,5,19,3,1,0
"COG3962",2182,947,953,1855,113,2329,1552,1259,2566,1885
"COG3963",25,113,156,29,437,8,61,37,14,160
"COG3964",158,989,790,76,16,87,262,177,54,154
"COG3965",2,23,7,5,171,4,12,3,1,0
"COG3967",15,24,17,1,5,0,13,14,2,4
"COG3968",68,7,60,46,218,65,289,52,41,1659
"COG3969",15,13,13,10,200,7,24,20,30,28
"COG3970",154,312,473,80,35,38,47,55,96,7
"COG3971",1177,1077,1219,1351,503,1090,1670,1080,1378,907
"COG3972",1,14,11,10,34,3,1,2,9,0
"COG3973",19,1005,480,149,8,147,110,150,33,0
"COG3975",500,294,209,154,1804,257,443,164,186,115
"COG3976",0,0,6,0,0,0,2,1,0,0
"COG3977",23,181,146,25,63,0,63,31,39,784
"COG3978",0,5,0,0,0,0,0,0,0,0
"COG3979",879,1888,1578,1565,51,2617,1403,1418,369,318
"COG3980",161,349,766,379,199,245,168,233,230,516
"COG3981",5,31,27,10,0,2,4,1,9,1
"COG4006",0,3,0,0,0,0,0,0,0,0
"COG4012",0,8,6,0,0,0,0,0,0,0
"COG4021",1,0,3,0,0,0,1,1,4,7
"COG4032",365,881,1013,470,95,469,363,458,463,563
"COG4034",7,0,17,11,0,7,3,7,10,0
"COG4043",1,0,6,3,13,1,3,0,1,0
"COG4044",0,0,4,0,0,0,0,0,0,0
"COG4046",0,366,527,236,0,4,1,1,0,0
"COG4063",0,8,0,3,0,0,0,0,0,0
"COG4067",307,302,260,287,1181,511,274,240,184,7
"COG4083",27,62,16,31,0,142,104,110,33,0
"COG4085",3,57,12,2,1434,3,0,0,0,0
"COG4087",0,1,1,0,0,2,0,0,0,0
"COG4088",0,1,0,1,0,0,7,3,0,0
"COG4091",1042,585,644,657,137,1310,702,709,953,245
"COG4092",1,0,1,0,0,0,1,0,0,0
"COG4093",0,10,2,0,90,0,1,0,1,0
"COG4094",411,197,57,163,324,27,265,402,634,4
"COG4095",144,67,49,199,33,41,209,211,18,83
"COG4096",432,324,573,333,4013,546,308,516,440,461
"COG4097",7,33,18,5,250,20,7,10,11,4
"COG4099",334,1056,894,367,523,395,543,394,137,65
"COG4100",613,8,23,249,0,18,309,780,2058,4
"COG4101",76,272,377,91,1,87,86,105,54,7
"COG4102",1324,3658,2414,1336,1781,1021,1241,907,814,1925
"COG4103",412,276,276,350,188,397,370,312,431,281
"COG4104",22,10,4,9,43,20,68,9,17,9
"COG4105",2186,1663,1975,2679,1209,2609,2185,2413,2111,2855
"COG4106",5,130,60,29,43,15,17,40,5,6
"COG4107",7,7,10,0,117,2,4,1,4,2
"COG4108",1382,731,634,619,2444,321,1338,1299,2558,2389
"COG4110",1,19,7,1,3,9,4,1,4,1
"COG4111",8,13,16,0,91,6,10,3,9,1
"COG4112",9,45,24,0,0,0,2,4,1,0
"COG4113",0,1,2,0,31,0,0,0,0,1
"COG4114",1,7,1,2,62,0,2,2,1,0
"COG4115",4,5,8,2,274,3,9,4,2,3
"COG4117",0,33,10,0,14,5,8,8,2,0
"COG4118",1,1,0,0,2,0,0,0,0,0
"COG4119",2,6,5,2,5,3,0,6,0,0
"COG4120",1,1,0,0,57,4,0,0,3,0
"COG4121",1027,372,436,573,1244,433,945,874,1430,1426
"COG4122",1407,1438,1359,1850,536,1821,1222,1481,1293,711
"COG4123",291,121,261,143,261,52,97,42,93,206
"COG4124",7,29,15,5,62,54,21,31,9,13
"COG4125",0,2,0,0,32,4,1,0,3,0
"COG4126",226,604,340,113,156,94,211,229,429,90
"COG4127",46,36,40,77,22,87,55,50,9,4
"COG4128",0,15,1,1,1,1,1,1,0,0
"COG4130",49,35,23,32,3,23,27,28,16,2
"COG4132",0,1,0,0,9,0,2,0,0,0
"COG4133",713,473,481,621,345,663,763,543,830,731
"COG4134",132,102,82,100,87,60,134,86,306,119
"COG4135",168,100,44,89,139,67,106,60,339,97
"COG4136",48,33,8,22,50,21,21,22,68,31
"COG4137",52,274,176,182,323,103,199,107,75,924
"COG4138",0,4,9,4,0,0,0,0,0,2
"COG4139",0,0,0,0,0,0,0,0,0,0
"COG4143",544,663,440,409,102,527,501,456,346,333
"COG4145",98,673,616,183,126,87,296,408,137,368
"COG4146",1870,2534,1348,2641,1659,2199,2319,1955,1048,2247
"COG4147",4443,1515,2741,3796,2106,4469,3493,3840,3381,5016
"COG4148",120,630,691,105,455,72,264,158,252,883
"COG4149",133,569,478,144,323,170,257,151,179,376
"COG4150",0,47,2,6,279,2,3,1,6,1
"COG4152",258,202,169,204,914,199,329,145,74,522
"COG4154",259,195,134,274,2,211,229,165,284,169
"COG4158",56,26,31,37,0,51,37,59,43,3
"COG4160",775,611,785,1186,317,376,217,318,263,242
"COG4161",0,0,0,0,0,0,0,0,0,0
"COG4166",2356,3531,3858,1982,1782,2041,2372,2274,2076,1393
"COG4167",0,19,15,39,23,2,6,4,1,1
"COG4168",1,0,0,0,0,0,0,0,0,0
"COG4170",4,22,10,32,18,4,23,4,1,2
"COG4171",1,20,8,33,13,1,20,5,1,1
"COG4172",1813,1157,1211,1286,904,1467,1595,1477,1801,1044
"COG4174",655,1128,937,473,521,594,579,648,632,110
"COG4175",1035,1086,922,1464,187,3433,3425,3188,2191,4398
"COG4176",5107,5224,4841,6898,452,5884,5317,5590,3914,5354
"COG4177",6401,7249,5653,5824,2656,7413,5725,6571,6857,2841
"COG4178",1078,28,78,342,35,55,619,1229,2113,55
"COG4181",677,685,678,622,973,714,805,562,856,1311
"COG4185",2,5,10,5,77,3,5,4,1,1
"COG4186",40,4,6,2,73,6,62,2,12,1
"COG4187",0,0,4,0,44,0,0,0,0,0
"COG4188",1175,1145,572,979,305,1015,1219,1275,1853,887
"COG4189",0,0,0,0,1,0,6,0,0,0
"COG4190",0,6,1,1,25,0,0,0,0,0
"COG4191",102,365,143,164,971,108,213,59,59,566
"COG4193",6,0,0,0,0,2,15,0,2,0
"COG4195",4,123,52,46,33,59,21,34,5,0
"COG4196",7,158,53,25,529,25,21,20,27,13
"COG4198",756,2049,1608,1532,924,1152,831,1364,380,734
"COG4199",0,0,0,0,0,0,0,0,0,0
"COG4200",0,1,4,0,3,0,0,0,0,1
"COG4206",2300,2829,2734,1891,3083,1690,2862,2152,1196,5960
"COG4208",1,67,7,1,203,4,3,3,5,0
"COG4209",23,32,21,17,3,11,9,14,35,2
"COG4213",44,56,27,9,190,27,61,19,51,142
"COG4214",38,39,41,10,184,32,74,22,37,162
"COG4215",942,626,756,1088,360,1143,736,1023,835,806
"COG4219",6,80,38,48,443,3,34,9,7,1
"COG4220",0,0,3,3,3,2,9,0,5,1
"COG4221",1041,1517,2280,1393,1827,704,996,1095,790,868
"COG4222",3,68,66,56,331,24,63,21,12,162
"COG4223",117,17,14,10,144,8,41,10,15,22
"COG4225",44,277,359,100,2172,24,107,77,15,200
"COG4226",0,12,0,0,66,0,4,1,0,0
"COG4227",94,100,137,24,2373,103,123,59,81,17
"COG4228",0,3,4,0,29,0,0,0,0,0
"COG4229",45,32,21,1,181,3,46,9,1,0
"COG4230",1225,1212,824,1105,1588,1310,1691,1042,1356,4961
"COG4231",1071,2106,1709,1119,1378,1197,1176,1119,1569,303
"COG4232",2768,2658,2440,3054,3109,2772,2871,2689,2443,3717
"COG4233",1308,642,745,1048,728,1094,1170,1182,1644,272
"COG4235",308,509,367,183,548,233,374,217,239,542
"COG4239",560,927,947,433,517,489,501,564,471,92
"COG4240",1637,730,1020,2080,79,1596,1352,1971,2131,1130
"COG4241",203,13,18,91,1,5,106,362,588,0
"COG4242",130,487,223,38,558,31,51,50,7,86
"COG4243",469,27,61,199,0,16,324,562,1419,5
"COG4244",584,26,43,50,61,20,177,646,11,0
"COG4245",4,13,16,5,4,7,8,20,7,8
"COG4246",40,48,41,14,318,16,37,45,88,4
"COG4247",328,203,173,394,229,398,316,373,348,129
"COG4248",14,8,12,9,1,7,14,14,5,23
"COG4249",481,824,441,465,2519,483,388,556,400,684
"COG4251",16,430,670,216,1105,28,89,108,27,1794
"COG4252",1925,1631,1538,1845,7605,2614,3811,2181,1878,927
"COG4253",0,10,72,0,20,0,5,3,9,4
"COG4254",104,201,191,187,1985,293,66,236,264,98
"COG4255",3,14,49,13,20,1,8,2,0,26
"COG4256",0,0,0,0,0,0,0,0,0,0
"COG4257",15,1161,1792,1012,52,30,87,21,14,4
"COG4258",2,55,9,7,118,6,1,3,20,82
"COG4259",2,6,8,4,20,2,13,1,5,18
"COG4260",104,33,42,21,191,13,71,66,58,41
"COG4261",0,57,10,9,141,1,1,6,0,18
"COG4262",8,322,542,37,45,3,146,20,3,40
"COG4263",6,5,9,1,267,3,4,2,7,3
"COG4264",3,53,11,19,136,5,26,2,7,11
"COG4266",937,844,868,1064,126,959,605,1210,505,726
"COG4267",0,44,2,7,58,3,1,1,4,0
"COG4268",81,80,96,59,66,98,33,45,61,136
"COG4269",30,283,145,28,195,33,64,69,46,97
"COG4270",330,250,226,388,271,438,346,349,165,180
"COG4271",0,35,50,36,642,0,0,0,0,0
"COG4273",0,1,0,0,3,0,1,0,0,0
"COG4274",534,286,357,398,1,749,323,411,487,618
"COG4275",0,36,6,6,133,8,11,2,0,4
"COG4276",440,647,994,519,41,698,409,553,153,350
"COG4277",2,44,49,5,243,5,10,17,6,2
"COG4278",29,68,36,22,11,46,14,14,8,1
"COG4279",45,10,7,0,0,7,45,19,1,0
"COG4280",0,4,1,0,0,0,1,0,0,0
"COG4281",15,148,81,35,29,37,24,58,17,9
"COG4282",2,2,2,0,0,0,3,4,1,0
"COG4283",1,3,2,0,264,0,4,1,0,1
"COG4284",47,193,328,16,1,25,103,35,26,28
"COG4285",0,12,7,0,0,0,0,1,1,66
"COG4286",1,13,5,2,81,3,25,1,2,69
"COG4287",67,203,99,111,0,230,286,310,65,2
"COG4288",23,1,1,9,1,7,11,3,3,0
"COG4289",0,265,7,2,5,0,4,3,1,0
"COG4290",0,1,0,1,0,0,0,0,0,0
"COG4291",0,4,1,0,0,0,2,3,1,1
"COG4292",0,8,5,1,15,0,0,0,0,0
"COG4293",18,171,274,112,0,8,13,18,5,0
"COG4294",766,11,170,302,6372,611,1920,396,200,44
"COG4295",0,7,5,0,0,0,20,0,1,9
"COG4297",0,16,24,0,58,1,0,1,0,0
"COG4298",0,12,4,1,12,2,0,0,0,0
"COG4299",370,510,285,599,19,581,409,448,119,42
"COG4300",2,1,9,0,1,0,2,0,1,1
"COG4301",147,666,839,579,1049,138,229,228,408,37
"COG4302",0,54,20,6,165,10,2,3,5,0
"COG4303",4,56,25,12,215,20,2,7,14,2
"COG4304",0,6,0,0,3,0,1,0,0,0
"COG4305",0,0,2,0,0,0,2,0,0,0
"COG4307",24,41,25,18,208,6,13,20,30,6
"COG4308",18,21,53,62,1,30,18,15,8,38
"COG4310",321,327,725,717,57,593,294,640,503,840
"COG4311",742,498,585,848,65,859,662,770,660,1105
"COG4312",1,23,5,0,30,2,2,0,2,0
"COG4313",7,12,2,6,19,1,6,1,8,0
"COG4314",0,3,1,2,55,1,1,1,0,0
"COG4315",5,13,30,15,20,4,13,14,6,275
"COG4317",0,0,0,0,0,0,0,0,0,0
"COG4318",29,4,1,0,7,0,17,2,0,0
"COG4319",25,38,33,39,39,30,20,39,12,0
"COG4320",8,14,12,37,64,6,21,20,1,16
"COG4321",45,15,20,21,91,35,65,16,37,84
"COG4322",2,4,20,1,98,8,41,3,6,0
"COG4323",43,34,20,46,77,216,177,152,132,167
"COG4324",31,584,296,39,215,41,76,91,31,7
"COG4325",4,123,142,72,682,10,44,30,16,3
"COG4326",0,16,0,0,3,0,0,0,0,0
"COG4327",555,191,385,664,321,663,489,506,562,781
"COG4328",34,3,1,3,1,0,20,3,5,0
"COG4329",0,0,0,0,9,0,0,0,0,0
"COG4330",0,0,4,0,22,0,0,0,1,0
"COG4331",0,0,0,0,6,0,0,0,1,0
"COG4332",0,0,0,0,0,0,0,0,0,0
"COG4333",352,155,103,168,631,105,248,352,633,329
"COG4334",0,1,2,0,0,1,0,0,0,0
"COG4335",0,11,42,4,39,4,6,1,1,2
"COG4336",199,290,370,164,49,183,263,157,87,470
"COG4337",563,70,126,355,69,411,562,289,439,22
"COG4338",43,2,10,13,1,90,21,20,43,13
"COG4339",0,20,34,33,0,23,21,15,6,7
"COG4340",13,34,36,8,45,19,35,20,13,8
"COG4341",1430,1552,1423,1772,225,1813,1065,1649,1220,1198
"COG4347",0,0,4,0,0,0,0,0,0,0
"COG4352",0,1,0,1,0,0,4,2,0,6
"COG4353",0,0,4,6,0,0,0,2,0,0
"COG4354",111,44,98,1,0,0,41,5,3,5
"COG4357",0,0,0,0,2,0,1,0,0,0
"COG4359",0,110,77,27,0,9,9,13,0,0
"COG4360",122,1,3,53,0,13,202,428,924,0
"COG4362",81,0,15,4,0,10,44,12,10,5
"COG4365",668,238,188,494,1197,357,603,323,211,1001
"COG4370",1197,21,65,433,0,55,418,944,2840,0
"COG4371",45,3,16,4,0,0,206,374,0,0
"COG4372",465,12,19,205,0,12,230,361,740,0
"COG4373",0,25,17,6,79,1,2,1,1,0
"COG4374",0,1,0,0,0,0,0,0,0,0
"COG4377",0,2,2,0,0,0,0,0,0,0
"COG4379",0,3,4,0,28,1,0,0,0,0
"COG4380",5,22,30,4,48,1,24,4,4,59
"COG4381",0,0,0,0,12,0,0,0,0,0
"COG4382",0,6,1,5,4,0,1,0,0,0
"COG4383",7,10,4,1,69,4,11,4,1,0
"COG4384",0,4,1,0,11,0,0,0,0,0
"COG4385",0,9,2,0,15,0,0,1,0,0
"COG4386",0,7,3,1,35,1,0,0,1,1
"COG4387",0,6,5,2,6,0,0,0,0,1
"COG4388",0,10,25,1,21,0,2,1,3,0
"COG4389",0,9,0,0,44,0,0,1,0,0
"COG4390",0,0,15,8,0,1,8,5,0,12
"COG4391",33,38,37,27,9,40,54,41,16,72
"COG4392",5,6,11,2,0,2,11,1,10,194
"COG4393",1,10,0,0,0,0,13,0,10,3
"COG4394",1,11,18,1,38,0,2,0,0,0
"COG4395",1200,490,940,1416,387,1492,980,1294,1148,879
"COG4396",0,0,0,0,0,0,0,0,0,0
"COG4397",0,8,8,1,26,0,2,0,0,0
"COG4398",231,1000,722,66,42,70,158,143,55,11
"COG4399",16,80,54,45,63,3,12,11,7,2
"COG4401",331,119,191,179,0,293,184,269,399,0
"COG4402",3,0,9,0,41,2,4,7,0,4
"COG4403",21,9,41,3,95,4,37,24,22,4
"COG4405",1,35,33,10,12,5,20,7,2,5
"COG4409",350,613,452,161,6,102,311,199,103,52
"COG4412",766,2183,1458,1703,6,1765,1023,1712,404,118
"COG4413",0,9,0,0,7,0,4,2,0,6
"COG4420",2,5,9,2,15,40,12,12,2,0
"COG4421",458,447,662,758,748,720,572,897,574,252
"COG4422",3,24,4,2,231,2,2,2,4,1
"COG4423",1,0,2,0,0,0,0,0,0,1
"COG4424",1,9,7,6,4,0,14,5,0,0
"COG4425",4,1,0,1,19,8,39,6,8,0
"COG4427",8,37,29,0,186,1,14,4,8,0
"COG4430",5,9,29,4,1108,5,4,7,9,3
"COG4445",484,210,234,202,253,92,323,451,752,697
"COG4446",519,143,90,190,59,48,239,488,799,81
"COG4447",628,544,295,349,692,91,152,191,347,246
"COG4448",1356,1045,920,982,205,1245,946,1433,1113,157
"COG4449",0,1,0,0,0,0,0,0,1,1
"COG4451",306,136,31,71,8,19,134,230,564,306
"COG4452",10,29,27,3,1067,9,20,22,6,8
"COG4453",0,2,1,0,2,0,0,1,0,0
"COG4454",219,120,219,528,515,830,81,463,351,124
"COG4455",0,16,25,2,0,1,0,2,0,10
"COG4456",0,2,0,2,2,1,0,0,0,0
"COG4457",11,8,4,5,0,4,19,21,0,71
"COG4458",10,2,7,3,0,4,8,3,1,45
"COG4459",0,0,0,0,0,0,0,0,0,0
"COG4460",0,0,0,0,0,0,1,0,0,0
"COG4461",0,1,12,0,0,8,2,0,7,6
"COG4464",129,135,181,125,4,105,115,82,56,97
"COG4468",0,0,0,0,0,1,0,0,0,0
"COG4469",0,0,0,0,0,0,0,0,0,0
"COG4474",2,0,0,0,0,0,0,0,0,0
"COG4481",0,10,1,0,0,0,0,0,0,0
"COG4485",0,1,64,0,0,0,0,0,0,0
"COG4487",833,237,186,500,4,266,526,917,1598,1361
"COG4496",31,33,26,31,0,27,58,21,21,74
"COG4502",7,1,7,5,1,14,144,23,0,0
"COG4517",141,165,143,176,98,150,162,126,133,315
"COG4519",0,6,0,1,15,0,0,0,0,0
"COG4520",48,102,103,28,84,37,72,43,82,4
"COG4521",1320,1060,784,1472,114,1270,1278,1355,1153,1976
"COG4525",1024,958,656,1251,88,1273,846,1089,862,1136
"COG4529",100,20,52,18,189,54,50,51,59,2
"COG4530",37,2,11,16,59,29,32,30,36,0
"COG4531",1581,400,1055,1928,390,1831,1236,1703,1460,733
"COG4533",1,2,1,2,0,2,0,1,0,32
"COG4535",640,583,413,564,294,537,659,521,687,819
"COG4536",1485,686,898,1151,838,1367,1383,1174,1617,1592
"COG4538",0,13,0,2,5,0,0,0,0,1
"COG4539",25,36,20,51,74,51,34,30,6,187
"COG4540",0,1,1,1,21,2,4,0,1,0
"COG4541",0,0,0,0,0,0,0,0,0,0
"COG4542",0,29,13,2,0,0,1,1,5,0
"COG4544",33,143,84,3,161,22,39,35,39,2
"COG4547",3991,1425,2738,4408,597,4643,3553,3793,4352,3081
"COG4548",111,1581,1113,258,497,158,281,251,111,1178
"COG4549",2,1,0,6,47,1,8,6,0,2
"COG4551",1,4,25,1,44,0,3,0,1,0
"COG4552",6,427,329,69,0,35,30,65,7,3
"COG4553",130,44,45,27,468,12,108,33,257,13
"COG4555",306,464,495,547,26,600,307,472,419,372
"COG4558",699,42,347,180,91,856,239,555,216,419
"COG4559",631,38,224,118,110,785,208,457,173,751
"COG4564",24,16,84,4,1489,17,30,29,5,918
"COG4565",2,80,15,3,56,5,3,6,4,62
"COG4566",12,126,63,4,442,2,7,3,8,42
"COG4567",1040,335,841,1158,283,1215,825,1230,976,729
"COG4568",0,2,3,1,0,0,0,0,0,0
"COG4569",94,44,78,69,192,61,136,55,57,129
"COG4570",26,39,18,4,217,12,98,6,7,0
"COG4572",0,1,1,0,2,1,0,0,0,0
"COG4573",17,22,24,22,3,11,84,30,20,31
"COG4574",6,0,0,0,0,0,11,4,1,0
"COG4575",1,8,0,0,20,2,0,0,2,0
"COG4576",4,65,28,1,0,4,10,6,1,1
"COG4577",309,155,136,60,1,13,230,500,444,1
"COG4579",43,1095,253,245,206,145,222,130,60,1718
"COG4580",1,14,44,0,142,0,0,0,1,0
"COG4581",2395,997,804,1436,28,1295,3064,2246,3863,97
"COG4582",47,111,123,142,39,73,110,86,25,147
"COG4583",843,547,697,1107,152,999,811,824,807,642
"COG4584",43,622,317,255,2608,74,288,71,115,146
"COG4585",84,405,475,163,6745,122,127,91,44,127
"COG4586",613,169,167,250,2,135,275,715,822,19
"COG4587",419,149,106,175,1,41,221,425,646,0
"COG4588",1,2,1,0,15,0,0,0,0,0
"COG4589",15,26,28,7,23,37,79,34,63,8
"COG4590",18,139,120,81,373,19,112,47,39,58
"COG4591",4380,5357,4388,5654,4591,5173,4412,4431,3628,4662
"COG4592",0,8,0,0,1,0,0,0,0,0
"COG4594",0,3,0,0,2,1,0,0,1,72
"COG4597",3105,1597,2133,2950,563,3828,2253,3261,2402,1761
"COG4598",127,372,94,42,395,77,82,61,140,181
"COG4603",2576,2388,1509,1805,696,2613,1696,1875,1994,1477
"COG4604",4,1,44,5,2,1,1,4,2,0
"COG4605",0,1,28,0,17,1,1,0,1,0
"COG4606",0,2,33,0,15,0,1,2,0,0
"COG4607",0,2,17,0,8,0,1,0,1,0
"COG4608",961,4637,3511,1270,669,1194,1275,1226,790,620
"COG4615",1,40,13,8,1447,3,34,8,6,9
"COG4618",17,63,43,10,761,32,53,20,38,390
"COG4619",27,169,50,5,97,19,20,16,7,2
"COG4623",367,332,356,400,1953,401,414,312,194,959
"COG4624",4,6,3,0,0,2,9,5,2,9
"COG4625",125,81,285,51,585,129,90,170,198,293
"COG4626",12,45,140,9,743,38,162,13,15,4
"COG4627",148,69,76,116,73,142,103,135,197,236
"COG4628",0,17,7,4,23,6,12,2,0,230
"COG4630",1307,1855,1626,1676,549,1525,741,1855,965,1130
"COG4631",2334,2718,2561,2592,725,2420,1183,3094,1567,1720
"COG4632",15,65,44,31,1,103,44,119,11,0
"COG4633",0,14,21,25,238,3,10,6,4,0
"COG4634",2,4,1,0,27,1,3,0,2,0
"COG4635",912,9,183,292,1,1598,338,928,430,1386
"COG4636",1,11,13,0,4,0,3,3,1,1
"COG4637",1,31,35,2,322,5,10,3,2,2
"COG4638",5512,12305,8825,8230,1695,6157,8446,7370,5117,5431
"COG4639",26,5,14,12,21,4,25,18,99,0
"COG4641",28,171,292,105,439,23,31,29,24,45
"COG4642",992,6005,2458,1122,318,1152,1676,1602,842,1853
"COG4643",77,197,104,28,1610,34,73,17,60,8
"COG4644",64,478,493,347,1803,100,452,96,126,68
"COG4645",1,13,13,0,144,0,6,0,3,0
"COG4646",8,15,62,30,5550,30,134,17,17,6
"COG4647",1,1,2,1,5,2,5,1,1,0
"COG4648",0,23,0,2,34,0,0,1,0,1
"COG4649",54,28,102,70,27,71,75,68,103,43
"COG4650",0,45,63,3,4,0,6,0,0,0
"COG4651",94,155,84,70,1515,52,109,62,341,4
"COG4653",28,45,137,29,1025,39,125,13,60,15
"COG4654",10,37,49,10,44,7,43,12,4,11
"COG4655",0,13,4,5,23,1,3,0,1,0
"COG4656",15,471,111,81,669,40,64,8,11,1039
"COG4657",13,166,52,33,190,18,38,19,23,401
"COG4658",16,246,60,53,299,15,74,30,44,710
"COG4659",7,213,43,28,186,19,42,9,33,419
"COG4660",13,200,40,32,214,15,36,18,19,552
"COG4662",352,368,344,253,124,264,290,316,416,181
"COG4663",6118,3241,3976,5455,2328,6292,5119,5309,4940,6149
"COG4664",7691,4307,4794,7425,2630,8170,6197,6837,6392,6829
"COG4665",2693,1505,1595,2862,790,3066,2011,2290,2216,2992
"COG4666",2897,3367,3356,3338,2838,2931,2895,3722,2280,4671
"COG4667",153,56,38,159,34,179,181,126,170,89
"COG4668",140,16,44,103,201,222,111,101,84,0
"COG4669",2,11,39,0,0,1,5,0,0,0
"COG4670",69,192,94,19,1,32,11,11,29,16
"COG4671",34,60,167,28,191,24,127,29,51,6
"COG4672",111,13,69,41,1608,117,516,71,191,0
"COG4674",448,415,360,274,398,33,344,343,871,74
"COG4675",439,21,39,11,351,41,113,13,26,2
"COG4676",1,24,4,1,0,4,10,6,0,5
"COG4677",9,45,35,274,3137,12,137,19,3,1
"COG4678",43,4,0,1,93,7,137,8,0,0
"COG4679",1,16,5,2,63,1,0,0,3,0
"COG4680",0,23,3,2,110,0,1,1,3,0
"COG4681",6,130,41,32,238,6,47,1,5,294
"COG4682",1,3,11,0,0,0,1,1,0,0
"COG4683",1,5,63,0,2,0,1,0,0,1
"COG4688",3,38,23,34,86,8,83,1,1,2
"COG4689",16,26,48,30,1,3,3,6,2,0
"COG4690",12,100,138,12,6,5,6,13,6,14
"COG4691",1,1,1,0,30,1,0,0,1,0
"COG4692",64,380,199,78,183,8,239,143,6,7
"COG4693",0,0,0,0,0,1,1,0,0,0
"COG4694",6,24,12,10,186,2,4,2,2,0
"COG4695",132,122,282,93,2353,301,1359,281,152,14
"COG4696",11,3,14,0,54,5,26,17,11,7
"COG4700",0,32,49,0,0,0,20,0,0,6
"COG4701",0,11,0,1,6,0,0,0,1,65
"COG4702",0,1,0,1,21,0,0,0,0,0
"COG4704",174,76,118,191,388,172,189,182,100,303
"COG4705",0,2,13,2,28,0,1,3,0,0
"COG4706",0,29,0,3,25,0,0,0,1,0
"COG4710",0,0,0,1,5,0,1,0,0,0
"COG4711",0,0,0,0,0,0,0,0,0,0
"COG4712",8,10,32,9,210,9,5,1,3,6
"COG4713",1,50,2,1,0,0,1,0,13,0
"COG4714",11,10,14,15,0,7,7,5,3,19
"COG4715",0,4,1,0,0,0,0,1,0,1
"COG4716",1,6,1,2,10,1,9,2,1,1
"COG4717",2,223,160,5,211,1,15,18,3,9
"COG4718",15,1,4,9,175,21,78,13,6,0
"COG4719",0,1,3,1,64,0,0,0,0,0
"COG4720",0,1,5,0,0,0,0,0,0,0
"COG4721",0,0,6,0,0,0,0,0,3,0
"COG4723",72,0,13,16,732,55,76,25,112,1
"COG4724",1,2,1,0,0,0,0,1,0,6
"COG4725",128,49,174,107,1405,170,605,117,78,59
"COG4726",0,4,0,0,0,0,0,0,1,0
"COG4727",0,0,2,0,0,0,0,0,0,0
"COG4728",3,30,22,10,46,8,14,8,6,148
"COG4729",0,3,0,0,15,0,3,0,0,0
"COG4731",155,69,73,79,197,129,107,119,145,779
"COG4733",602,97,259,120,6599,522,1879,269,684,28
"COG4734",2,0,1,0,83,4,41,0,1,2
"COG4735",0,2,4,0,19,2,1,0,0,1
"COG4736",1,3,0,6,8,4,1,0,0,0
"COG4737",0,14,4,2,22,3,1,0,1,1
"COG4738",8,1,6,1,0,2,11,4,0,0
"COG4741",34,79,89,39,416,24,77,20,7,1
"COG4742",0,107,1,1,0,0,0,0,0,0
"COG4743",1,1,2,4,0,4,0,15,0,0
"COG4744",0,6,1,0,0,0,1,0,0,0
"COG4745",22,322,485,100,0,115,47,92,5,0
"COG4746",0,1,2,0,0,0,0,0,0,0
"COG4747",14,71,43,8,0,4,19,6,5,0
"COG4748",68,12,33,32,45,33,16,32,72,91
"COG4750",5,54,5,6,0,11,2,3,2,8
"COG4752",17,56,166,30,0,14,6,10,19,0
"COG4753",49,153,108,163,368,27,182,69,30,151
"COG4754",0,0,3,0,0,0,0,0,0,0
"COG4757",2,37,49,37,224,6,12,9,6,1
"COG4759",7,195,217,49,44,14,5,26,8,0
"COG4760",960,888,696,795,1,1001,922,755,642,803
"COG4762",0,10,28,1,0,0,3,1,1,2
"COG4763",0,1,4,0,185,4,3,0,0,0
"COG4764",1258,596,828,1486,278,1518,1123,1333,1284,1235
"COG4765",405,227,470,647,72,704,419,569,549,452
"COG4766",35,430,156,207,1,54,121,160,0,528
"COG4767",0,1,1,0,0,1,15,0,5,0
"COG4769",0,32,2,10,0,1,7,0,0,20
"COG4770",3097,4062,3438,3101,2596,3515,2832,3028,3480,3795
"COG4771",3230,3024,3110,3801,3762,4210,3496,3034,1044,5160
"COG4772",2429,1249,1999,2448,3861,2058,3130,2239,859,4159
"COG4773",6,293,117,112,966,35,77,21,12,79
"COG4774",324,42,142,191,180,1067,276,663,1369,2
"COG4775",7119,5421,6054,7541,5591,8154,6540,7694,7108,7670
"COG4776",0,3,1,0,119,0,6,5,2,6
"COG4778",5,6,14,4,112,3,15,6,15,1
"COG4779",2,22,6,3,14,0,3,1,0,0
"COG4781",0,0,1,0,0,0,0,0,0,0
"COG4782",4,11,5,3,236,0,4,2,0,15
"COG4783",1249,911,1182,1217,1839,1355,1406,1198,1503,1353
"COG4784",223,355,553,300,1552,260,367,300,238,869
"COG4785",1,19,6,35,16,0,14,5,0,2
"COG4786",459,654,654,155,1864,295,500,423,634,508
"COG4787",192,85,95,56,210,113,219,147,309,423
"COG4789",1,19,81,1,0,3,7,2,3,0
"COG4790",1,5,29,0,1,0,2,0,0,0
"COG4791",0,6,16,0,0,0,0,0,2,0
"COG4792",0,4,46,0,0,0,1,0,0,0
"COG4794",0,2,1,0,0,1,1,0,0,0
"COG4795",34,91,89,76,224,24,106,50,41,257
"COG4796",1016,1446,1386,1515,2229,1838,1085,1593,1580,1500
"COG4797",0,1,4,0,0,0,0,0,0,0
"COG4798",447,589,511,481,417,449,576,434,422,569
"COG4799",5462,7996,7652,4180,5313,6247,5529,5135,5109,4985
"COG4801",0,0,11,0,0,0,0,0,0,0
"COG4802",3,34,17,2,0,0,3,1,0,5
"COG4803",23,0,1,0,0,1,30,3,2,0
"COG4804",1,37,61,3,132,7,3,5,2,4
"COG4805",2661,3081,1735,2326,2808,3281,2631,2400,1947,4651
"COG4806",0,22,3,1,0,0,15,0,0,0
"COG4807",6,23,36,29,48,3,54,4,2,352
"COG4809",1,4,4,0,0,0,0,1,1,0
"COG4813",86,84,132,44,31,21,23,21,34,0
"COG4815",0,6,2,0,0,0,0,1,0,0
"COG4819",9,36,116,3,3,6,4,1,11,0
"COG4821",143,119,133,201,0,94,104,175,67,2
"COG4823",0,6,63,4,80,4,2,3,3,2
"COG4825",0,7,25,4,0,3,4,13,0,0
"COG4826",15,63,35,4,899,23,16,10,2,0
"COG4828",1,1,1,1,0,0,6,2,0,0
"COG4829",0,7,2,0,13,0,1,0,1,2
"COG4830",0,64,96,80,0,0,0,0,0,2
"COG4832",0,15,8,0,0,0,0,0,0,0
"COG4833",0,0,3,2,1,0,29,5,0,7
"COG4834",7,0,0,0,16,1,49,0,0,0
"COG4842",1,0,0,0,0,0,0,0,0,0
"COG4843",236,26,61,105,511,222,122,116,121,50
"COG4845",8,11,1,6,0,2,4,0,2,30
"COG4848",0,0,0,0,0,0,1,0,0,0
"COG4849",1,4,5,28,27,0,20,0,0,1
"COG4850",4,37,46,31,365,1,15,10,4,0
"COG4852",116,53,104,88,51,115,116,104,90,34
"COG4856",0,2,36,8,0,0,7,17,0,0
"COG4857",167,121,60,62,58,80,245,119,165,19
"COG4859",0,1,0,0,0,0,1,0,1,0
"COG4860",1,36,14,16,0,8,13,8,5,0
"COG4861",1,4,6,37,27,1,15,4,0,0
"COG4864",240,772,341,382,0,413,206,334,79,1
"COG4865",0,4,7,1,0,0,0,1,0,0
"COG4866",1,43,72,4,0,4,0,1,0,0
"COG4867",342,662,467,351,955,441,444,187,127,882
"COG4869",3,15,16,0,0,0,16,17,0,0
"COG4870",212,44,123,190,1090,127,810,128,92,231
"COG4872",0,20,24,7,147,0,6,3,1,0
"COG4874",626,252,243,526,77,431,526,513,406,1122
"COG4875",29,87,205,113,96,54,49,45,23,1
"COG4877",1,0,0,7,0,8,8,7,0,0
"COG4878",0,4,1,0,961,2,2,2,5,2
"COG4880",326,997,666,445,2,818,508,534,102,150
"COG4886",1203,4097,2305,1123,2959,1053,1879,1595,352,761
"COG4887",0,0,0,0,0,0,1,0,0,2
"COG4888",0,0,1,0,0,0,0,0,0,2
"COG4889",737,168,515,255,4217,581,1879,1040,667,384
"COG4890",0,2,0,8,0,0,7,0,0,0
"COG4891",0,2,3,0,0,23,3,0,1,4
"COG4892",0,0,0,0,0,1,0,0,0,0
"COG4894",0,10,11,3,0,1,15,3,23,45
"COG4895",0,7,2,2,109,1,13,0,0,18
"COG4898",0,29,14,4,263,28,11,3,3,0
"COG4899",0,4,0,0,0,0,0,0,0,0
"COG4901",0,0,0,1,0,0,0,0,0,0
"COG4902",1,1,6,1,14,1,2,0,0,3
"COG4906",1,0,4,0,0,1,3,12,0,0
"COG4907",32,124,64,175,1357,141,40,163,2,0
"COG4908",0,0,0,0,0,0,1,0,0,0
"COG4909",28,13,3,0,0,10,23,29,6,22
"COG4910",6,0,2,0,0,2,8,8,1,7
"COG4911",4,253,300,116,0,5,6,16,0,0
"COG4912",6,68,34,49,206,17,9,156,2,0
"COG4913",19,21,182,3,322,19,73,25,77,11
"COG4916",0,7,1,0,0,0,0,0,2,1
"COG4922",3,15,7,0,322,1,2,0,0,4
"COG4923",35,2,18,19,160,103,133,97,68,32
"COG4924",0,4,63,3,108,8,2,3,11,2
"COG4925",0,5,3,2,0,3,1,1,0,1
"COG4926",0,0,2,0,43,1,60,2,0,0
"COG4927",0,10,36,1,165,0,0,0,0,2
"COG4928",182,104,125,273,120,164,141,149,102,310
"COG4929",4,33,28,6,54,0,1,1,0,0
"COG4930",14,34,92,7,456,11,35,23,38,50
"COG4932",0,10,5,0,0,0,21,8,0,0
"COG4933",0,0,1,5,18,0,0,0,0,0
"COG4934",33,3,19,13,0,15,13,13,8,33
"COG4935",471,647,706,450,62,1045,566,630,224,107
"COG4937",0,5,1,0,0,0,0,0,0,0
"COG4938",64,29,71,44,104,152,91,92,87,70
"COG4941",1,48,20,3,1070,9,5,2,8,0
"COG4942",859,753,835,846,1755,659,990,613,345,2073
"COG4943",4,48,10,40,49,5,28,6,2,2
"COG4944",0,8,0,1,4,0,0,0,1,0
"COG4945",782,29,61,99,0,1354,111,265,310,0
"COG4946",209,1084,331,196,4619,160,260,204,93,617
"COG4947",1,0,0,0,2,0,2,0,1,0
"COG4948",5867,16359,15391,6062,3471,5951,6434,7026,5895,6428
"COG4949",90,42,43,22,465,32,163,17,252,519
"COG4950",4,43,40,3,0,6,8,7,11,7
"COG4951",19,31,48,18,371,37,254,28,5,5
"COG4952",400,126,179,232,43,207,288,254,222,95
"COG4953",118,172,320,28,706,44,138,96,43,39
"COG4954",28,39,20,1,20,3,10,8,22,0
"COG4955",3,0,2,12,0,2,18,2,0,5
"COG4956",681,160,146,215,0,22,267,563,1240,1
"COG4957",4,38,65,1,174,6,12,15,22,0
"COG4959",0,26,23,0,271,3,14,4,4,1
"COG4960",0,12,11,0,54,0,1,0,0,0
"COG4961",75,62,92,4,749,2,57,17,48,5
"COG4962",38,109,118,38,379,201,170,133,97,10
"COG4963",4,88,57,5,585,0,23,6,25,3
"COG4964",25,145,203,43,667,47,61,33,26,9
"COG4965",5,78,87,19,471,9,29,14,8,2
"COG4966",3,70,101,13,89,7,8,6,3,257
"COG4967",1,15,0,4,6,1,1,3,4,150
"COG4968",1,99,91,9,66,6,4,15,3,11
"COG4969",18,325,178,31,168,58,41,22,3,3
"COG4970",0,150,69,7,152,7,5,5,3,139
"COG4972",201,681,478,250,378,267,228,324,168,474
"COG4973",231,252,205,224,297,619,796,655,647,734
"COG4974",2436,3344,2783,2450,5913,2628,2768,2198,1649,2444
"COG4976",142,180,122,102,86,97,265,212,135,348
"COG4977",435,681,183,169,1129,164,840,309,280,2157
"COG4978",0,0,3,0,0,1,4,0,0,1
"COG4981",0,1,0,0,0,0,8,0,1,1
"COG4982",1,0,2,0,0,0,10,3,1,0
"COG4983",136,105,226,192,5033,218,679,96,160,222
"COG4984",0,32,22,1,14,0,0,0,0,0
"COG4985",5,92,80,16,195,14,50,25,40,38
"COG4986",0,0,5,0,0,3,0,0,0,0
"COG4987",17,95,32,54,277,14,34,6,27,6
"COG4988",15,101,39,75,315,23,42,19,24,6
"COG4989",226,145,105,151,173,107,353,148,101,378
"COG4991",1,2,2,4,34,0,1,6,0,0
"COG4992",4811,3966,4675,5024,4539,5112,4794,5004,4590,5640
"COG4993",1235,9003,5749,2034,1971,1731,2793,2884,887,3041
"COG4994",0,1,0,0,0,2,4,0,0,0
"COG4995",305,611,505,239,5119,235,266,354,381,346
"COG4997",4,6,21,6,45,14,3,2,4,0
"COG4999",0,0,0,0,0,0,0,1,1,0
"COG5000",3140,2625,3025,3923,4883,3717,2892,3253,3091,3721
"COG5001",282,2831,2353,1862,11655,621,895,461,724,262
"COG5002",214,617,757,165,2588,322,270,153,126,1094
"COG5004",0,1,0,0,0,0,0,0,0,0
"COG5005",0,3,2,1,20,0,0,0,0,0
"COG5006",0,31,48,29,9,44,16,33,4,1
"COG5007",56,140,87,73,60,120,77,48,31,143
"COG5008",7,270,255,76,502,28,43,30,36,11
"COG5009",6673,3919,5137,7129,3609,2494,2004,2033,1888,2563
"COG5010",1,38,12,3,181,1,6,6,2,1
"COG5011",159,24,49,12,0,20,133,19,10,0
"COG5012",232,1063,1168,462,96,176,323,294,169,849
"COG5013",2,132,256,93,278,26,60,73,6,1
"COG5014",2,52,35,25,1,36,12,20,2,22
"COG5015",0,3,7,0,0,0,0,1,0,0
"COG5016",793,1416,1203,873,869,807,765,728,854,1729
"COG5017",1,2,2,2,5,0,9,2,0,4
"COG5018",3,36,9,1,61,7,8,2,4,18
"COG5019",1,0,0,0,0,0,3,0,0,5
"COG5020",59,2,5,2,50,18,46,14,18,49
"COG5021",61,4,114,17,0,3,193,69,15,201
"COG5022",131,7,36,38,0,10,70,41,13,99
"COG5023",60,10,22,7,0,3,132,119,24,152
"COG5024",4,0,1,4,0,0,41,23,8,56
"COG5026",4,3,2,0,0,0,5,8,0,3
"COG5027",5,1,4,6,0,0,26,14,0,26
"COG5028",4,1,0,1,0,2,41,22,2,27
"COG5029",16,32,30,5,0,2,35,18,8,8
"COG5030",4,0,0,1,0,0,15,8,0,10
"COG5031",28,18,21,1,31,2,67,26,21,2
"COG5032",46,8,15,33,3,102,479,218,35,190
"COG5033",1,0,0,0,0,0,10,6,0,5
"COG5034",4,0,0,0,0,0,10,5,0,7
"COG5035",6,1,1,1,0,0,12,11,0,9
"COG5036",10,3,3,5,0,0,20,14,0,0
"COG5038",19,3,8,11,0,2,28,14,0,12
"COG5039",11,5,2,0,0,0,1,0,1,10
"COG5040",7,1,4,5,0,0,22,8,5,17
"COG5041",7,0,1,0,0,0,8,6,0,9
"COG5042",17,8,30,37,5,7,29,50,33,2
"COG5043",11,1,8,2,0,1,41,39,4,83
"COG5044",6,2,2,4,0,0,29,17,2,31
"COG5045",5,0,1,0,0,0,6,2,1,1
"COG5046",1,0,0,0,0,0,8,1,0,2
"COG5047",4,1,1,4,0,2,36,17,4,18
"COG5048",3,0,55,15,2,11,41,6,0,48
"COG5049",256,35,167,251,29,404,1324,151,102,125
"COG5050",1,172,46,3,0,2,11,18,3,5
"COG5051",3,0,0,0,0,0,5,0,0,6
"COG5052",3,0,1,0,0,0,11,3,1,6
"COG5053",72,3,27,77,6,91,198,38,21,65
"COG5054",37,3,20,42,6,149,413,31,51,38
"COG5055",12,2,3,1,69,0,14,6,4,1
"COG5056",1,0,0,0,0,0,5,7,0,8
"COG5057",0,1,1,0,0,0,4,3,0,16
"COG5058",1,0,0,2,1,1,24,8,0,20
"COG5059",331,14,61,46,2,9,624,422,38,606
"COG5061",8,1,2,0,0,0,18,13,0,8
"COG5062",3,1,0,0,0,0,6,0,0,3
"COG5063",0,2,11,10,0,2,15,5,0,8
"COG5064",22,3,6,18,0,1,38,39,3,83
"COG5065",1,0,0,0,0,0,1,0,0,3
"COG5066",2,0,2,0,0,0,13,9,0,4
"COG5068",0,0,0,1,0,0,3,1,0,6
"COG5069",14,0,2,2,0,0,31,23,8,67
"COG5070",3,1,1,2,0,0,14,5,0,16
"COG5071",7,1,0,2,0,0,13,12,2,15
"COG5072",3,1,8,5,0,6,30,3,5,0
"COG5074",6,0,0,1,0,0,18,3,0,9
"COG5075",1,1,0,2,0,7,12,2,1,6
"COG5076",66,4,23,30,0,0,152,70,6,73
"COG5077",23,6,23,70,263,8,206,64,19,100
"COG5078",192,18,109,105,16,205,574,134,87,143
"COG5079",3,1,1,1,0,0,14,12,0,13
"COG5080",5,1,1,1,0,0,14,5,0,13
"COG5082",1,1,1,0,0,0,9,2,0,16
"COG5083",6,3,9,2,0,0,13,4,1,4
"COG5084",0,0,0,0,0,0,6,0,0,3
"COG5086",0,0,0,0,0,0,3,2,0,3
"COG5088",0,0,0,1,0,0,4,0,0,2
"COG5090",1,0,1,0,0,2,8,1,1,0
"COG5091",2,0,1,1,0,0,6,2,1,0
"COG5092",7,1,3,11,237,14,85,9,2,20
"COG5093",2,0,0,0,0,0,2,1,0,2
"COG5094",1,0,0,0,0,0,10,0,0,2
"COG5095",5,1,3,2,0,0,6,5,0,6
"COG5096",46,0,14,14,0,1,136,67,11,69
"COG5097",2,0,1,0,0,0,3,3,0,0
"COG5098",0,1,4,2,0,0,32,13,3,7
"COG5099",2,1,4,6,0,0,24,5,4,16
"COG5100",3,0,0,0,0,0,1,1,0,1
"COG5101",9,0,3,6,0,0,14,7,0,1
"COG5102",0,0,0,0,0,0,4,2,0,0
"COG5103",5,0,1,0,0,1,11,18,4,29
"COG5104",0,0,0,2,0,0,6,4,0,3
"COG5105",0,0,0,0,0,0,4,0,0,6
"COG5106",1,1,2,2,0,0,12,4,0,0
"COG5107",3,0,4,4,0,0,15,6,0,4
"COG5108",820,332,583,261,4017,808,1894,689,542,145
"COG5109",2,0,0,0,0,0,3,0,0,9
"COG5110",20,3,1,3,0,1,42,30,0,20
"COG5111",5,0,0,2,0,0,13,5,1,6
"COG5112",4,0,0,1,0,0,2,1,0,0
"COG5113",8,2,9,24,0,26,83,20,13,41
"COG5114",1,1,0,1,0,0,9,5,1,6
"COG5116",23,0,4,3,0,0,45,24,0,23
"COG5117",1,0,0,2,0,0,18,3,1,1
"COG5118",2,1,0,1,0,1,3,2,4,1
"COG5119",4,0,0,0,0,0,1,0,0,0
"COG5120",0,0,0,2,0,0,4,0,0,0
"COG5122",0,0,0,0,0,0,6,4,0,5
"COG5123",0,0,0,0,0,0,4,0,0,0
"COG5124",1,0,1,0,0,0,5,3,0,3
"COG5125",1,0,0,0,0,0,0,0,0,0
"COG5126",67,9,10,16,0,70,215,141,26,414
"COG5127",3,0,2,0,0,0,11,6,2,5
"COG5128",2,0,2,0,0,0,2,4,0,4
"COG5129",1,0,1,1,0,0,5,2,0,5
"COG5132",0,0,1,1,0,0,5,2,1,6
"COG5133",1,0,1,1,0,0,1,0,0,0
"COG5134",0,0,0,1,0,0,14,4,0,9
"COG5135",282,14,12,141,61,8,146,215,620,2
"COG5137",2,0,0,0,0,0,6,3,0,3
"COG5138",1,1,0,0,0,0,0,0,0,0
"COG5139",0,0,0,1,0,0,11,7,0,6
"COG5140",35,1,13,13,5,46,32,14,11,25
"COG5141",6,0,8,9,0,1,61,18,0,17
"COG5142",1,0,1,2,0,0,5,2,1,10
"COG5143",8,1,3,2,0,1,16,17,2,25
"COG5144",1,0,0,0,0,0,8,2,0,14
"COG5145",2,0,0,0,0,0,2,0,0,3
"COG5146",4,1,1,4,0,1,34,3,39,12
"COG5147",39,2,17,23,0,5,119,52,10,1418
"COG5148",1,0,1,2,0,0,3,4,1,12
"COG5149",0,1,0,0,0,0,0,0,0,0
"COG5150",0,0,0,0,0,0,3,0,0,0
"COG5151",2,0,1,3,0,0,15,6,0,4
"COG5152",4,0,0,4,0,0,16,6,0,3
"COG5154",1,1,3,2,0,0,3,6,3,10
"COG5155",46,0,6,1,0,1,35,28,0,7
"COG5156",4,0,2,1,0,0,11,7,0,5
"COG5157",0,1,2,2,0,1,12,3,0,4
"COG5158",35,4,9,11,0,2,98,49,3,40
"COG5159",11,0,3,10,0,1,35,11,1,7
"COG5160",25,2,5,20,0,1,65,33,7,32
"COG5161",5,0,6,1,0,0,16,10,3,0
"COG5162",0,0,0,1,0,0,4,2,0,5
"COG5163",3,0,0,0,0,1,9,2,0,16
"COG5164",24,1,0,1,0,0,34,24,0,4
"COG5165",3,2,1,2,0,1,21,4,0,4
"COG5167",0,0,0,0,0,0,0,0,0,0
"COG5169",7,1,0,1,0,1,27,15,1,41
"COG5170",5,0,1,0,0,0,17,4,0,13
"COG5171",2,1,0,1,0,0,5,0,0,0
"COG5173",4,0,1,0,0,0,10,8,0,0
"COG5174",0,0,0,0,0,0,0,1,0,0
"COG5175",1,0,3,1,0,0,7,0,1,2
"COG5176",10,2,2,0,0,0,28,11,1,11
"COG5177",2,0,2,4,0,2,28,11,0,0
"COG5178",14,28,4,7,0,1,43,27,5,38
"COG5179",5,3,0,2,0,1,41,10,2,0
"COG5180",0,0,0,1,0,0,3,2,0,1
"COG5181",4,2,2,1,0,0,33,9,4,10
"COG5182",6,0,1,3,0,0,9,5,0,14
"COG5183",8,0,1,24,0,18,103,3,9,2
"COG5184",1312,943,1200,967,3886,782,878,666,207,109
"COG5185",0,0,0,0,0,0,0,0,2,0
"COG5186",2,4,1,1,0,0,21,8,1,17
"COG5187",13,1,7,5,0,0,20,9,0,10
"COG5188",13,1,2,2,0,0,13,5,3,5
"COG5190",10,3,3,19,0,9,54,30,9,57
"COG5191",4,0,1,2,0,0,8,10,0,4
"COG5192",3,0,3,8,0,0,20,5,1,0
"COG5193",1,0,0,1,0,0,5,4,2,9
"COG5194",2,0,1,0,0,1,9,0,1,3
"COG5196",11,0,0,0,0,0,14,9,0,17
"COG5197",0,2,1,0,0,0,1,0,0,0
"COG5198",2,0,0,4,12,2,8,6,0,4
"COG5199",4,0,0,0,0,0,3,2,3,27
"COG5200",7,0,1,0,0,0,7,8,0,2
"COG5201",2,0,1,4,0,5,35,0,0,1362
"COG5202",0,0,0,0,0,0,10,0,0,0
"COG5204",5,0,0,1,0,0,3,3,0,2
"COG5206",2,0,2,0,0,0,7,4,1,8
"COG5207",7,0,3,4,0,0,15,12,1,16
"COG5208",2,0,0,0,0,0,11,5,0,8
"COG5209",6,0,0,1,0,0,11,6,1,3
"COG5210",33,0,14,7,0,2,115,56,3,126
"COG5211",0,0,1,0,0,0,1,1,0,1
"COG5212",2,18,7,6,0,1,5,0,2,0
"COG5213",0,0,0,0,0,0,0,0,0,2
"COG5214",1,0,1,2,0,0,8,6,0,18
"COG5215",35,3,10,11,0,3,74,53,1,31
"COG5216",0,0,0,0,0,0,3,0,0,2
"COG5217",0,1,0,1,0,0,4,2,2,20
"COG5218",4,1,1,1,0,0,22,12,1,6
"COG5219",3,1,0,4,0,0,30,8,0,5
"COG5220",0,0,0,0,0,0,0,0,0,12
"COG5222",4,0,2,1,0,0,12,7,0,4
"COG5223",0,0,1,1,0,1,4,2,1,3
"COG5224",0,0,0,0,0,0,5,0,0,0
"COG5225",5,0,0,0,0,0,4,7,0,1
"COG5226",99,20,49,317,532,194,1129,119,24,58
"COG5227",12,0,2,1,0,0,12,8,0,36
"COG5228",7,0,3,3,0,0,26,9,1,10
"COG5229",5,0,2,0,0,0,13,12,0,16
"COG5230",1,0,1,0,0,0,7,1,0,0
"COG5231",4,0,2,0,0,0,11,7,0,2
"COG5232",3,3,1,0,0,0,13,6,0,8
"COG5233",0,0,0,0,0,0,1,0,0,9
"COG5234",28,1,5,8,0,1,48,40,0,6
"COG5235",2,1,0,0,0,0,10,4,0,2
"COG5236",0,0,0,0,0,0,3,2,0,10
"COG5237",0,1,0,0,0,0,2,1,0,0
"COG5238",16,2,2,6,0,5,42,17,4,24
"COG5239",13,4,4,9,0,4,48,25,4,29
"COG5240",19,1,4,0,0,0,17,17,3,24
"COG5241",0,0,1,1,0,0,4,6,0,2
"COG5242",7,1,0,1,0,0,8,2,2,5
"COG5243",6,0,3,3,0,3,27,11,0,6
"COG5244",1,0,0,0,0,0,2,2,3,11
"COG5245",564,21,81,57,0,10,833,476,19,988
"COG5246",2,0,0,0,0,0,3,3,0,1
"COG5247",0,0,0,1,0,0,4,0,0,0
"COG5248",1,0,0,0,0,0,2,2,0,0
"COG5249",1,0,0,2,0,0,4,0,0,8
"COG5250",0,0,0,0,0,0,1,0,0,0
"COG5251",0,0,1,0,0,0,5,0,0,1
"COG5252",0,0,1,2,0,0,8,0,0,3
"COG5253",62,3,10,4,5,5,28,31,3,13
"COG5254",0,0,0,0,0,0,0,0,0,8
"COG5255",93,35,14,63,0,148,120,51,13,8
"COG5256",90,212,319,178,0,394,783,378,105,39
"COG5257",187,670,778,421,0,344,323,260,96,17
"COG5258",39,2,21,39,0,110,114,20,47,11
"COG5259",2,0,0,1,0,0,14,1,0,3
"COG5260",140,3,10,37,0,127,143,52,47,68
"COG5261",0,0,0,0,0,0,0,0,0,3
"COG5262",21,2,6,4,0,5,42,27,5,69
"COG5263",0,4,0,0,28,0,0,0,0,0
"COG5264",6,0,3,0,0,0,5,0,0,8
"COG5265",519,515,378,304,813,173,947,337,664,3296
"COG5266",0,12,1,2,37,0,0,0,1,0
"COG5267",1390,4443,3055,1502,1051,985,1099,904,840,1664
"COG5268",0,17,4,0,44,2,2,1,2,2
"COG5269",1,1,0,2,0,1,10,4,0,12
"COG5271",84,16,42,41,822,25,293,93,17,5
"COG5272",109,12,94,69,81,148,535,110,39,87
"COG5273",18,3,15,14,0,2,98,41,6,91
"COG5274",36,3,19,6,18,13,114,18,20,39
"COG5275",1,0,0,1,0,0,3,1,0,1
"COG5276",368,762,663,340,923,148,315,431,190,709
"COG5277",40,2,18,4,0,4,104,85,14,115
"COG5278",22,93,24,4,163,4,7,15,6,0
"COG5279",62,184,20,8,15,3,16,8,2,39
"COG5280",6,0,14,1,117,5,73,4,3,4
"COG5281",146,83,121,28,1310,55,377,107,137,143
"COG5282",9,506,184,193,0,145,106,100,18,2
"COG5283",77,47,79,34,2456,315,447,433,17,1
"COG5285",2816,8755,6514,3419,909,2609,3506,4170,2516,3592
"COG5290",0,2,1,1,0,1,23,1,0,0
"COG5291",7,0,1,1,0,0,8,4,0,1
"COG5293",0,15,8,5,3,3,0,7,0,0
"COG5295",231,42,70,57,850,333,311,36,32,138
"COG5296",1,0,0,2,0,0,20,3,0,3
"COG5297",45,15,20,18,234,35,93,17,3,37
"COG5301",867,133,375,170,3619,1000,3166,500,321,23
"COG5302",0,0,2,2,11,0,0,1,1,1
"COG5304",1,2,0,0,2,0,2,0,1,0
"COG5305",15,77,41,43,0,50,70,90,34,7
"COG5306",42,107,239,96,200,10,88,145,26,2
"COG5307",2,0,3,4,0,0,101,18,3,24
"COG5308",2,0,0,1,0,0,18,6,2,2
"COG5309",20,25,6,3,48,11,221,7,12,765
"COG5310",0,21,5,4,28,4,13,1,1,1
"COG5314",4,47,25,0,341,6,8,4,10,3
"COG5316",276,724,322,513,61,501,184,356,68,4
"COG5317",0,0,2,0,22,1,2,2,2,0
"COG5319",650,260,575,910,247,971,652,706,719,636
"COG5321",58,29,36,5,138,15,60,21,31,28
"COG5322",665,32,32,232,56,54,297,542,1163,3
"COG5323",15,61,47,20,574,19,73,12,55,6
"COG5324",0,0,4,0,0,0,0,0,0,0
"COG5325",7,1,3,2,0,1,11,13,2,5
"COG5328",100,51,57,56,144,69,130,63,92,50
"COG5329",13,1,2,2,0,1,38,22,0,17
"COG5330",8,26,37,10,418,1,13,3,19,9
"COG5331",178,150,108,111,34,232,133,151,139,236
"COG5333",7,0,1,2,0,1,30,19,0,19
"COG5336",353,116,276,464,43,422,277,397,336,335
"COG5337",672,2163,1280,959,1609,629,986,1253,245,229
"COG5338",3,24,18,0,190,1,7,2,7,0
"COG5339",1,7,13,1,35,0,1,1,3,50
"COG5340",0,0,9,0,100,1,0,1,1,0
"COG5342",69,13,11,22,42,18,66,27,52,38
"COG5343",0,45,8,3,260,1,3,1,3,1
"COG5345",10,30,27,14,116,36,98,64,79,577
"COG5346",0,0,0,0,0,0,0,0,0,0
"COG5347",9,8,5,7,0,0,34,20,1,31
"COG5349",33,21,42,31,201,30,97,33,56,46
"COG5350",85,47,77,102,15,94,59,79,118,10
"COG5351",5,4,6,3,0,5,8,25,37,8
"COG5352",881,292,813,1154,316,1243,836,1017,914,864
"COG5354",5,1,4,3,0,0,27,23,0,12
"COG5360",2531,1112,2023,3433,1630,1132,679,1021,981,880
"COG5361",48,17,13,5,3,6,322,35,15,20
"COG5362",424,140,189,184,33582,376,1441,161,731,67
"COG5368",105,30,48,5,13,14,12,17,13,104
"COG5369",2,0,0,0,0,0,3,5,0,0
"COG5371",8,2,3,8,0,1,34,13,1,12
"COG5373",4,121,155,116,137,28,54,35,5,22
"COG5375",26,30,69,7,115,8,22,14,23,2
"COG5377",121,110,98,21,2037,58,112,17,19,74
"COG5379",17,106,46,30,4,37,73,17,22,3
"COG5380",0,35,3,8,265,4,8,1,0,0
"COG5381",0,0,0,3,0,2,1,2,0,0
"COG5383",5,12,5,1,77,13,7,1,4,1
"COG5384",1,1,1,4,0,0,9,4,0,2
"COG5385",5,34,34,7,194,10,15,6,10,3
"COG5387",138,29,84,26,235,64,149,89,178,86
"COG5388",1,3,3,0,123,0,3,0,1,0
"COG5389",109,28,98,142,90,98,196,117,122,77
"COG5391",6,0,3,1,0,0,29,13,3,31
"COG5393",0,1,0,0,6,0,0,0,0,0
"COG5394",96,32,87,25,234,26,79,38,163,24
"COG5395",26,10,15,45,134,11,24,4,28,229
"COG5397",0,1,0,0,18,0,5,0,0,0
"COG5398",723,24,142,205,187,98,2024,1054,836,16
"COG5400",6,26,50,7,38,5,9,6,13,1
"COG5401",0,0,3,9,0,4,4,2,0,0
"COG5402",106,31,21,51,7,144,89,54,149,47
"COG5403",0,3,2,0,59,0,1,0,0,3
"COG5404",0,15,1,1,48,2,0,1,3,53
"COG5405",1054,955,1145,1239,654,1326,868,1214,881,982
"COG5406",17,1,2,3,0,0,36,23,1,9
"COG5407",19,0,3,4,0,2,38,9,0,29
"COG5409",13,0,3,2,0,0,26,7,0,1
"COG5410",768,214,535,262,48763,512,2144,321,913,136
"COG5411",13,3,3,2,0,1,47,23,4,78
"COG5412",4,0,5,5,83,15,13,220,9,0
"COG5413",40,2,26,3,0,0,146,316,0,0
"COG5419",3,15,11,1,222,2,5,1,4,2
"COG5421",2,29,47,51,2,8,15,14,7,7
"COG5422",7,0,0,0,0,0,2,1,1,8
"COG5423",0,13,78,2,0,0,0,0,0,0
"COG5424",291,611,993,603,186,547,318,504,319,48
"COG5425",9,9,20,14,88,1,87,18,4,5
"COG5426",4,120,112,4,438,8,31,12,9,8
"COG5427",49,883,1266,305,0,349,132,225,10,0
"COG5428",0,3,4,0,0,0,0,0,0,0
"COG5429",2,37,33,7,219,0,26,23,4,47
"COG5430",0,30,7,0,9,3,0,3,1,26
"COG5431",0,0,1,0,0,0,0,0,0,0
"COG5432",0,0,1,1,0,0,0,0,0,0
"COG5433",5,75,78,15,20,6,64,29,29,25
"COG5434",130,50,65,111,2164,53,144,101,24,30
"COG5436",72,76,40,53,7,127,67,56,111,29
"COG5437",4,12,11,5,194,5,11,1,19,4
"COG5438",2,8,47,5,0,7,5,21,6,0
"COG5439",0,0,0,0,0,4,1,1,0,0
"COG5440",12,9,15,23,0,42,20,27,17,0
"COG5441",98,122,135,34,18,43,241,100,50,137
"COG5442",7,2,14,2,76,9,7,4,14,1
"COG5443",1,9,25,4,151,4,12,10,12,3
"COG5444",3,2,111,0,0,1,0,0,1,0
"COG5446",6,176,104,21,62,9,39,33,21,93
"COG5447",56,5,26,14,80,28,45,24,56,33
"COG5448",1,58,17,5,177,2,4,7,5,1
"COG5449",0,39,14,3,128,0,1,0,1,0
"COG5450",0,0,0,0,0,0,0,0,0,0
"COG5451",1,1,0,0,5,0,2,0,1,0
"COG5452",15,36,60,55,21,170,136,127,127,26
"COG5453",4,31,2,1,31,1,0,0,3,38
"COG5454",11,7,6,15,5,18,14,11,14,1
"COG5455",0,3,0,0,0,1,0,0,2,0
"COG5456",0,4,6,2,165,2,2,0,1,4
"COG5457",0,1,0,0,5,0,1,0,0,0
"COG5458",117,32,71,44,113,62,118,81,171,41
"COG5459",2,24,50,6,2,5,16,2,9,0
"COG5460",0,24,3,17,0,3,5,0,0,0
"COG5461",0,13,13,0,68,0,1,0,1,0
"COG5462",4,9,8,0,2,3,3,2,9,0
"COG5463",4,11,49,18,1,1,3,3,6,0
"COG5464",0,17,2,3,198,0,11,1,1,0
"COG5465",219,68,183,131,186,152,176,207,215,48
"COG5466",0,0,0,0,0,0,0,0,0,0
"COG5467",77,197,275,259,90,147,102,237,152,37
"COG5468",0,1,1,0,2,0,1,0,0,0
"COG5469",51,3,5,9,59,12,54,23,59,3
"COG5470",258,240,234,339,31,1039,767,816,1110,407
"COG5471",0,0,0,0,0,0,0,0,0,0
"COG5472",1,0,1,0,34,1,7,0,5,0
"COG5473",4,31,13,38,177,2,30,7,2,15
"COG5474",16,1,2,0,0,0,34,2,1,0
"COG5476",758,2249,1672,503,298,600,713,804,658,535
"COG5477",108,53,66,89,43,105,111,102,78,6
"COG5478",0,4,1,0,0,0,0,1,0,0
"COG5479",46,182,192,181,84,168,119,76,9,0
"COG5480",5,2,5,0,109,3,6,0,5,0
"COG5481",0,12,2,0,3,1,0,2,1,0
"COG5482",2,73,19,4,93,2,47,8,1,59
"COG5483",6,9,23,0,65,3,7,5,4,0
"COG5484",0,20,2,0,20,0,1,0,3,0
"COG5485",175,159,122,172,36,141,179,71,41,262
"COG5486",185,290,237,150,73,196,269,169,228,150
"COG5488",108,32,45,28,74,94,43,62,194,2
"COG5489",3,42,18,0,347,2,17,7,5,7
"COG5490",2,6,4,2,22,0,2,2,3,4
"COG5491",2,576,992,461,0,7,17,12,0,19
"COG5492",0,12,7,2,1,1,5,1,1,24
"COG5493",5,0,3,0,2,6,45,1,0,8
"COG5495",149,127,264,89,620,84,95,71,44,871
"COG5496",18,166,120,14,0,36,32,42,13,0
"COG5497",0,0,1,0,3,1,1,1,0,0
"COG5498",232,66,56,206,2864,236,364,72,139,1142
"COG5499",2,10,33,2,86,3,2,3,3,3
"COG5500",3,1,5,2,72,37,44,1,0,0
"COG5501",173,142,228,157,167,117,162,167,261,180
"COG5502",0,1,4,0,3,0,2,1,0,0
"COG5504",0,1,0,0,0,0,2,0,2,0
"COG5505",480,617,221,358,1212,416,430,330,137,1133
"COG5507",1,11,6,20,71,1,10,5,6,1
"COG5508",1,0,1,1,0,0,11,3,0,0
"COG5509",0,0,1,0,0,0,0,0,0,0
"COG5511",144,71,114,32,822,27,318,246,58,30
"COG5512",23,1,19,0,0,0,6,0,2,2
"COG5513",3,6,8,0,8,1,2,0,0,0
"COG5514",2,3,6,16,0,33,10,11,1,0
"COG5515",78,3,7,21,20,28,51,30,22,69
"COG5516",0,3,1,3,11,0,14,0,0,0
"COG5517",10,199,157,18,106,10,18,10,36,4
"COG5518",10,28,6,2,760,9,98,4,4,1
"COG5519",34,25,47,43,2901,152,211,41,38,22
"COG5520",255,68,93,160,2365,313,375,180,110,1515
"COG5522",920,771,582,1166,446,1328,916,1038,802,740
"COG5523",67,38,17,80,4,55,91,34,58,42
"COG5524",2,0,0,0,0,0,1,0,0,0
"COG5525",180,123,96,32,876,63,445,343,88,45
"COG5526",0,0,0,1,0,0,0,0,0,0
"COG5527",0,20,2,1,67,0,2,1,0,10
"COG5528",3,18,2,1,32,0,2,0,3,0
"COG5529",0,0,0,0,0,0,0,0,0,47
"COG5530",2,15,8,1,85,0,6,6,0,1
"COG5531",99,15,33,55,80,116,226,22,12,34
"COG5532",1,7,1,0,37,0,0,0,3,0
"COG5533",188,18,80,148,97,215,678,83,70,133
"COG5534",4,104,1224,7,527,9,40,10,9,115
"COG5535",2,1,0,2,0,0,15,5,0,7
"COG5536",5,1,1,1,0,1,21,8,0,16
"COG5537",2,2,1,2,0,0,32,13,1,27
"COG5539",7,3,2,3,0,2,20,11,4,20
"COG5540",15,5,31,10,7,40,104,23,9,17
"COG5541",2,0,0,0,0,0,3,2,0,0
"COG5542",4,32,7,0,0,0,19,8,0,0
"COG5543",4,2,2,3,0,0,28,19,1,10
"COG5545",363,182,138,46,3485,97,819,435,222,46
"COG5549",38,0,3,4,0,0,38,4,1,0
"COG5551",0,0,1,0,0,0,0,0,0,0
"COG5552",0,1,5,0,0,0,0,0,0,0
"COG5553",27,169,132,11,9,11,48,32,54,3
"COG5555",6,15,6,3,0,10,16,18,1,0
"COG5556",0,5,0,0,280,0,0,0,0,0
"COG5557",997,1318,1008,739,1075,667,906,761,313,1193
"COG5560",14,3,12,13,115,17,134,17,2,32
"COG5562",0,0,0,0,0,0,0,0,0,0
"COG5563",6,43,55,17,3,65,65,10,8,201
"COG5564",20,87,91,35,2,17,105,38,5,31
"COG5565",8,48,144,1,694,12,53,8,15,6
"COG5566",0,3,0,0,7,0,1,0,0,0
"COG5568",0,1,0,0,2,0,0,0,1,0
"COG5569",0,4,1,0,6,1,0,0,8,0
"COG5571",2,6,0,1,32,0,1,0,1,0
"COG5572",0,4,3,0,90,0,7,0,1,0
"COG5573",2,10,3,0,26,0,2,2,0,0
"COG5574",2,0,2,5,0,16,5,3,2,1
"COG5575",2,0,2,0,0,0,11,2,0,5
"COG5576",1,0,1,0,0,0,1,1,0,13
"COG5579",9,28,15,4,41,0,2,8,10,17
"COG5580",5,0,1,1,0,0,16,2,0,10
"COG5581",1,35,4,1,57,5,0,0,1,0
"COG5583",0,13,2,1,2,0,0,0,1,0
"COG5585",2,0,4,1,14,5,3,1,0,0
"COG5586",0,0,0,0,2,0,0,0,0,0
"COG5587",105,188,52,27,46,74,158,44,32,594
"COG5588",205,432,269,202,52,205,303,201,181,134
"COG5589",7,99,52,6,46,2,30,24,10,2
"COG5590",274,62,158,157,204,140,257,171,359,111
"COG5591",0,5,3,5,38,0,0,1,2,2
"COG5593",2,1,5,0,0,0,7,13,0,0
"COG5594",15,5,7,5,0,1,101,15,0,27
"COG5595",0,9,0,0,1,0,0,0,0,0
"COG5596",9,1,1,3,0,0,17,5,0,1
"COG5597",22,11,23,8,91,2,38,21,8,58
"COG5598",1628,6222,1750,659,328,639,1903,1216,1276,3740
"COG5599",0,0,0,0,0,0,1,0,1,16
"COG5600",3,0,1,0,0,0,5,5,0,14
"COG5601",4,1,0,1,0,0,14,3,0,6
"COG5602",11,28,38,3,0,0,44,21,2,44
"COG5603",2,0,0,0,0,0,3,3,0,1
"COG5604",2,0,0,2,0,1,16,5,2,19
"COG5605",30,295,352,363,4,66,73,374,47,236
"COG5606",0,7,3,1,19,0,1,0,1,2
"COG5607",5,9,21,0,0,7,2,9,5,0
"COG5608",0,20,21,2,88,3,4,1,1,0
"COG5610",3,2,5,1,3,4,18,1,11,15
"COG5611",0,4,1,0,32,0,1,2,1,3
"COG5613",1,0,0,0,0,0,1,0,0,0
"COG5614",2,1,2,1,30,2,2,0,0,0
"COG5615",0,11,17,2,97,1,2,1,2,52
"COG5616",2030,4077,2305,1503,3365,2257,1759,2142,3165,547
"COG5618",0,0,7,15,10,0,2,18,0,0
"COG5619",0,2,2,5,11,0,0,0,0,0
"COG5620",0,1,0,0,0,0,0,0,2,0
"COG5621",186,271,535,32,988,74,143,103,146,224
"COG5622",0,12,12,0,138,0,3,3,2,1
"COG5623",4,0,3,2,0,0,8,4,0,1
"COG5624",0,0,0,0,0,0,3,0,0,0
"COG5626",2,4,6,0,21,2,8,5,2,164
"COG5628",0,3,3,0,0,0,6,0,0,80
"COG5630",74,7,4,55,0,11,49,11,6,53
"COG5631",24,3,6,2,84,5,6,4,13,1
"COG5632",14,8,4,1,64,3,11,9,1,0
"COG5633",0,0,0,0,0,0,0,2,0,0
"COG5635",189,50,83,71,38,44,135,383,711,2
"COG5636",2,1,2,0,0,0,1,2,1,5
"COG5637",93,9,7,46,151,9,117,227,330,3
"COG5638",8,1,7,2,0,0,24,7,0,6
"COG5639",1,9,5,0,99,0,2,5,0,0
"COG5640",110,92,157,89,1267,77,191,186,38,18
"COG5641",0,1,0,0,0,0,3,0,0,0
"COG5642",0,1,6,1,78,0,0,2,0,0
"COG5644",1,0,0,0,0,1,1,0,6,0
"COG5645",0,2,0,0,3,0,0,0,0,0
"COG5646",0,1,7,1,24,2,1,3,0,3
"COG5647",44,1,6,8,0,1,103,47,7,64
"COG5648",26,2,17,44,3,24,120,13,7,30
"COG5649",0,0,2,0,0,0,1,0,0,0
"COG5650",4,1,1,0,1,1,11,3,1,0
"COG5651",61,5,1,2,38,8,25,9,12,1
"COG5652",2,31,12,5,0,0,6,7,3,0
"COG5653",20,33,136,95,26,75,25,69,20,99
"COG5654",1,12,10,1,105,2,2,5,2,1
"COG5655",0,13,3,2,24,7,2,1,0,0
"COG5656",4,1,3,4,0,0,47,13,0,17
"COG5657",17,2,4,5,0,0,69,21,5,16
"COG5658",0,3,3,0,372,1,14,1,2,21
"COG5659",2,39,16,2,17,0,7,5,0,0
"COG5660",85,245,182,224,0,195,117,137,22,0
"COG5661",4,55,14,2,50,4,8,13,2,0
"COG5662",0,8,1,0,118,0,0,1,0,0
"COG5663",1,9,24,4,185,19,13,0,2,4
"COG5664",0,0,1,0,0,0,0,0,0,0
"COG5665",13,2,4,2,0,0,22,15,3,23
