"","X82_DCM_0d2.3","X149_MES_0d2.3","X125_SUR_0d2.3","X67_SUR_0d2.0d45","X137_SUR_0d2.3","X42_DCM_0d2.1d6","X141_SUR_0d2.3","X38_OMZ_0d2.1d6","X18_SUR_0d2.1d6","X102_SUR_0d2.3","X111_DCM_0d2.3","X68_SUR_0d2.3"
"COG0001",443,619,344,195,309,331,296,392,352,400,373,402
"COG0002",232,284,232,296,223,213,282,250,309,218,262,297
"COG0003",19,8,16,3,10,12,13,7,8,13,3,12
"COG0004",598,531,831,1015,960,784,767,848,877,796,842,752
"COG0005",161,304,267,102,245,275,232,351,228,187,254,229
"COG0006",1307,1576,1154,1310,1129,1299,1025,1564,1027,1169,1265,1011
"COG0007",103,155,61,66,54,58,85,260,102,56,72,135
"COG0008",700,781,705,646,769,670,778,723,686,824,758,757
"COG0009",287,277,315,357,300,278,333,266,299,274,302,253
"COG0010",587,543,447,420,435,433,402,461,354,423,477,457
"COG0011",1,3,10,1,16,7,15,9,3,12,21,18
"COG0012",350,560,478,444,486,439,359,407,438,491,443,444
"COG0013",787,918,963,985,1008,986,973,791,1053,994,1080,967
"COG0014",283,236,405,483,421,329,399,332,418,358,451,404
"COG0015",427,448,567,602,602,521,473,485,543,529,574,520
"COG0016",376,398,398,408,490,399,366,369,429,422,418,388
"COG0017",208,319,172,90,141,201,117,196,124,155,139,136
"COG0018",602,529,719,732,709,634,687,558,767,705,715,627
"COG0019",520,445,622,771,626,529,613,512,647,590,670,622
"COG0020",84,90,98,109,84,93,265,186,277,270,275,244
"COG0021",427,536,707,719,681,727,681,776,760,702,787,624
"COG0022",576,439,545,361,548,600,426,381,447,510,503,404
"COG0023",43,61,16,8,21,36,21,21,30,24,34,41
"COG0024",257,281,323,290,356,309,308,294,279,316,306,296
"COG0025",74,157,87,23,103,102,75,122,96,89,132,204
"COG0026",258,150,267,304,315,201,297,88,308,283,260,276
"COG0027",60,12,62,18,96,37,89,2,98,72,90,124
"COG0028",1135,1977,1412,1362,1401,1403,1400,1583,1569,1452,1507,1422
"COG0029",161,53,159,88,185,127,196,136,264,133,151,230
"COG0030",280,278,288,301,288,266,260,257,310,306,295,288
"COG0031",374,558,448,317,534,533,489,536,515,443,482,575
"COG0033",13,6,42,2,94,75,81,18,133,49,94,162
"COG0034",590,483,557,535,609,510,572,479,609,621,592,544
"COG0035",55,55,77,73,86,83,110,71,73,64,86,86
"COG0036",272,277,335,303,307,276,107,86,96,83,101,88
"COG0037",584,549,591,700,499,543,467,529,549,488,592,486
"COG0038",129,153,130,21,123,148,201,91,148,98,144,226
"COG0039",338,327,424,383,384,347,355,334,336,393,366,319
"COG0040",167,194,170,195,182,193,198,199,222,191,205,218
"COG0041",177,171,191,172,156,150,182,170,206,185,177,170
"COG0042",427,274,383,330,436,350,440,376,443,428,401,525
"COG0043",116,373,115,26,65,175,48,107,33,23,60,61
"COG0044",650,829,717,755,748,653,613,680,715,749,773,618
"COG0045",460,574,620,582,584,479,386,393,528,599,531,432
"COG0046",856,834,910,807,934,794,881,897,972,938,912,842
"COG0047",465,390,391,344,463,302,430,345,413,448,412,400
"COG0048",162,158,161,165,145,134,52,49,41,47,59,63
"COG0049",177,211,180,184,177,182,179,153,182,166,209,236
"COG0050",506,361,495,467,483,447,382,522,446,497,490,498
"COG0051",118,117,115,130,123,101,115,95,117,133,131,117
"COG0052",325,270,293,315,327,294,304,297,319,276,315,367
"COG0053",33,146,53,98,43,58,94,204,28,29,39,49
"COG0054",182,111,140,143,155,148,160,88,161,140,163,144
"COG0055",599,375,604,616,690,554,524,461,550,639,600,634
"COG0056",720,419,725,701,755,631,647,559,624,714,677,726
"COG0057",548,429,573,533,561,450,626,430,509,531,565,482
"COG0058",17,73,144,6,176,605,147,131,224,121,174,276
"COG0059",310,326,406,395,403,319,367,293,403,400,360,371
"COG0060",1020,1051,1160,1186,1233,1126,1130,981,1176,1118,1193,1063
"COG0061",311,375,330,308,343,330,362,298,356,319,337,432
"COG0062",49,333,156,40,135,172,51,116,67,23,66,65
"COG0063",25,147,61,31,63,66,172,438,205,165,232,215
"COG0064",414,412,570,585,567,513,534,430,529,513,545,453
"COG0065",580,557,661,644,660,624,497,461,631,656,607,539
"COG0066",287,218,278,285,286,315,284,217,238,258,242,260
"COG0067",1090,756,1242,1434,1315,976,1374,1019,1455,1182,1067,1155
"COG0068",4,8,7,0,0,0,4,33,1,0,0,12
"COG0069",1688,1256,1766,1963,1766,1307,1738,1466,1800,1688,1645,1491
"COG0070",969,690,1133,1387,1122,978,1233,789,1343,1042,1007,1052
"COG0071",102,202,207,243,272,721,267,188,246,306,246,200
"COG0072",702,640,861,948,888,763,890,598,894,866,894,848
"COG0073",700,502,761,895,731,608,749,566,757,684,696,738
"COG0074",321,504,417,444,440,390,332,353,385,436,420,315
"COG0075",222,463,262,136,346,226,323,281,317,309,279,423
"COG0076",193,185,111,51,144,151,144,235,110,91,133,212
"COG0077",311,261,353,361,318,309,346,262,372,333,345,320
"COG0078",275,361,296,242,274,250,288,262,321,241,282,283
"COG0079",452,573,447,464,449,517,441,634,529,440,559,585
"COG0080",47,57,69,42,52,42,151,148,175,167,132,182
"COG0081",239,253,302,271,254,259,243,243,277,258,271,311
"COG0082",343,339,477,447,486,409,354,262,443,454,443,402
"COG0083",58,160,65,25,77,52,102,42,94,66,69,124
"COG0084",291,248,291,336,273,254,295,268,315,269,273,288
"COG0085",1455,1202,1549,3117,1644,1437,1366,1292,1484,1611,1539,1626
"COG0086",1601,1147,1724,2803,1754,1678,1571,1257,1700,1755,1755,2057
"COG0087",65,110,92,93,110,75,260,223,264,250,278,314
"COG0088",205,213,230,252,251,252,251,184,245,209,242,216
"COG0089",105,118,95,116,91,93,104,76,103,95,99,127
"COG0090",104,90,106,113,96,65,300,267,356,314,334,360
"COG0091",160,120,153,134,106,141,125,117,140,126,153,158
"COG0092",280,235,295,324,295,278,281,228,277,264,304,311
"COG0093",152,110,173,150,139,142,135,126,129,149,138,159
"COG0094",68,83,74,72,83,75,212,206,230,217,218,256
"COG0095",3,70,27,3,30,18,44,158,51,12,56,97
"COG0096",143,155,180,154,159,148,142,154,131,171,155,181
"COG0097",243,175,209,199,218,217,207,169,215,201,194,238
"COG0098",174,187,213,223,214,173,196,186,189,213,247,230
"COG0099",158,162,145,146,154,138,136,141,162,160,158,177
"COG0100",140,149,189,160,170,125,177,138,149,147,137,169
"COG0101",268,197,305,295,309,323,334,236,286,337,319,323
"COG0102",159,143,205,221,160,174,198,147,173,194,194,184
"COG0103",189,145,169,162,163,163,166,125,160,138,143,196
"COG0104",404,432,539,630,517,523,429,430,541,576,568,497
"COG0105",131,151,176,171,179,152,135,175,189,172,199,164
"COG0106",161,191,178,199,200,128,198,199,241,172,187,194
"COG0107",214,249,251,250,288,215,271,254,295,257,316,259
"COG0108",298,260,417,415,411,355,343,247,397,394,401,386
"COG0109",379,428,419,430,381,368,378,301,359,373,394,395
"COG0110",151,191,158,135,122,124,121,214,105,140,134,115
"COG0111",847,941,845,831,892,897,916,1042,893,808,818,811
"COG0112",456,502,496,613,623,459,420,386,498,519,497,475
"COG0113",346,234,340,307,366,250,315,234,393,363,343,379
"COG0114",429,349,564,495,577,454,398,289,578,548,594,472
"COG0115",857,775,747,814,822,740,261,246,266,277,238,205
"COG0116",125,36,70,33,88,81,99,41,112,103,90,140
"COG0117",78,62,104,118,116,124,321,213,299,348,296,280
"COG0118",167,196,197,218,198,183,218,223,241,162,225,212
"COG0119",844,988,1062,1058,1016,974,989,935,1018,1041,1088,905
"COG0120",109,131,91,75,124,102,97,43,117,110,87,147
"COG0121",8,18,7,2,2,10,9,32,7,4,4,15
"COG0122",138,271,240,270,227,204,233,171,189,250,200,188
"COG0123",314,203,442,345,404,303,417,293,306,384,274,328
"COG0124",502,522,549,426,545,483,471,410,539,565,539,498
"COG0125",147,209,191,197,197,229,189,223,253,164,243,208
"COG0126",415,423,445,478,466,460,405,438,503,492,439,455
"COG0127",224,228,238,239,286,249,246,217,282,282,270,299
"COG0128",442,411,494,540,496,461,431,338,505,453,513,463
"COG0129",770,721,707,891,808,616,887,558,771,817,749,722
"COG0130",77,82,82,60,71,67,234,155,233,227,222,245
"COG0131",161,184,171,203,189,137,197,166,202,178,192,182
"COG0132",24,89,42,37,42,43,54,32,44,36,57,77
"COG0133",349,326,382,314,360,321,314,309,425,386,415,358
"COG0134",216,229,216,231,223,226,316,159,275,259,263,274
"COG0135",186,123,182,204,197,151,201,156,212,174,199,213
"COG0136",413,392,446,453,438,420,407,311,423,417,415,417
"COG0137",301,353,402,365,379,320,351,351,397,334,380,386
"COG0138",542,429,578,506,642,737,597,546,624,634,679,593
"COG0139",90,127,138,151,142,108,161,110,196,134,141,156
"COG0140",85,47,83,59,71,71,96,38,99,76,75,88
"COG0141",183,177,218,204,189,169,568,441,631,597,545,523
"COG0142",694,735,799,729,789,727,766,591,738,797,793,694
"COG0143",569,590,586,632,602,601,618,481,606,589,583,546
"COG0144",323,160,189,102,163,227,214,186,209,231,224,302
"COG0145",403,748,251,88,197,299,473,929,212,213,220,395
"COG0146",272,620,187,73,166,218,120,242,61,60,64,91
"COG0147",694,584,713,735,786,697,739,666,867,735,694,788
"COG0148",414,491,539,480,513,414,370,491,526,480,539,483
"COG0149",225,237,285,332,270,239,262,268,283,256,249,293
"COG0150",321,383,350,394,415,927,341,371,445,436,481,381
"COG0151",485,478,509,505,491,462,403,411,486,506,492,468
"COG0152",252,321,315,283,306,396,80,94,122,108,105,107
"COG0153",101,83,74,30,85,84,67,116,87,104,88,70
"COG0154",915,1672,1222,913,1186,1078,1210,985,1223,1191,1142,1034
"COG0155",98,277,107,76,155,119,247,380,142,101,241,346
"COG0156",311,324,298,303,396,250,283,461,330,366,294,343
"COG0157",237,226,198,229,237,206,187,193,252,194,210,232
"COG0158",85,36,46,15,40,42,47,44,24,46,26,64
"COG0159",244,199,217,246,252,237,272,202,271,255,266,259
"COG0160",241,396,253,198,260,298,248,463,209,255,248,192
"COG0161",742,703,535,336,578,525,531,663,551,571,613,562
"COG0162",461,449,493,511,489,438,423,403,505,427,470,447
"COG0163",34,84,33,4,16,30,40,93,17,20,58,57
"COG0164",223,243,255,383,240,259,247,200,239,264,232,214
"COG0165",374,484,367,455,390,416,438,436,503,430,380,453
"COG0166",394,396,471,415,440,414,401,393,485,466,469,495
"COG0167",506,382,385,383,410,356,385,515,397,427,385,415
"COG0168",618,464,684,762,644,652,613,535,687,641,713,594
"COG0169",238,318,336,351,343,335,358,239,334,320,394,312
"COG0170",4,43,36,11,37,77,59,132,61,33,78,67
"COG0171",290,335,414,423,453,584,470,299,475,457,440,447
"COG0172",453,452,501,588,520,441,416,400,514,502,493,494
"COG0173",567,446,659,685,710,621,668,562,651,687,729,583
"COG0174",1249,1349,1121,1015,1112,1035,981,1092,1037,1079,1137,952
"COG0175",84,174,120,77,98,107,131,251,120,96,102,162
"COG0176",175,179,250,163,320,932,278,173,368,321,359,326
"COG0177",235,231,299,275,286,242,266,220,310,288,287,242
"COG0178",1208,888,1207,1070,1200,1228,1223,905,1297,1263,1203,1110
"COG0179",529,544,349,342,339,315,360,312,384,345,342,318
"COG0180",335,427,407,424,448,383,436,353,429,435,491,399
"COG0181",364,271,398,328,424,264,365,239,408,400,379,358
"COG0182",76,268,172,132,168,177,164,237,131,141,165,170
"COG0183",1109,1215,963,717,825,990,863,1160,887,895,937,714
"COG0184",105,131,116,107,110,111,101,77,90,93,120,104
"COG0185",95,95,112,114,106,78,109,89,105,121,132,134
"COG0186",113,78,86,93,94,90,79,66,86,95,77,95
"COG0187",1283,781,1197,2397,1253,1146,1140,967,1201,1370,1192,1018
"COG0188",1499,928,1404,2417,1559,1343,1440,969,1495,1538,1489,1396
"COG0189",323,347,368,415,388,316,388,167,402,433,316,407
"COG0190",310,365,362,360,389,352,317,339,372,378,353,316
"COG0191",146,66,101,58,112,95,49,30,37,47,26,46
"COG0192",446,449,482,491,526,418,416,430,495,472,497,436
"COG0193",222,134,213,249,232,198,261,185,224,223,232,199
"COG0194",188,128,213,235,199,177,212,152,228,228,213,212
"COG0195",502,413,555,615,591,457,570,431,602,559,540,559
"COG0196",297,229,360,395,337,288,367,273,351,343,347,339
"COG0197",169,142,148,165,157,147,154,133,164,146,176,183
"COG0198",80,90,83,66,100,95,74,85,92,80,81,124
"COG0199",120,67,100,110,127,82,89,61,95,85,96,133
"COG0200",138,185,147,188,138,150,163,141,165,153,170,163
"COG0201",556,472,556,537,559,539,397,466,548,545,572,632
"COG0202",401,346,425,569,419,373,394,387,407,421,398,458
"COG0203",129,110,151,183,171,129,143,122,147,120,171,114
"COG0204",584,443,690,597,649,639,621,501,602,619,597,515
"COG0205",232,160,222,286,238,180,191,259,216,267,190,144
"COG0206",457,504,576,443,554,525,479,423,533,514,538,427
"COG0207",229,96,148,502,205,146,156,72,167,232,144,139
"COG0208",396,160,400,1067,572,1296,381,342,550,648,483,325
"COG0209",1191,1100,1241,2653,1634,3232,1300,1053,1485,1907,1441,1121
"COG0210",787,844,985,1044,1005,1047,1057,1182,972,996,928,898
"COG0211",84,72,115,89,114,86,113,77,85,101,86,127
"COG0212",142,150,163,209,142,151,160,142,191,179,178,178
"COG0213",80,117,75,26,68,127,46,184,48,77,59,50
"COG0214",33,82,62,77,55,108,33,77,61,44,55,43
"COG0215",482,519,580,544,608,537,485,398,500,544,560,455
"COG0216",342,315,412,441,426,410,358,416,380,396,400,358
"COG0217",214,183,254,274,263,190,264,235,235,267,245,166
"COG0218",169,71,69,62,97,63,122,80,99,139,82,79
"COG0219",126,96,134,159,138,130,159,123,139,129,159,157
"COG0220",173,68,104,79,119,102,163,62,129,171,124,187
"COG0221",34,19,53,22,90,49,84,19,73,48,72,126
"COG0222",121,78,149,151,153,105,147,133,154,151,133,122
"COG0223",394,352,435,442,437,370,435,383,441,455,430,399
"COG0224",331,250,371,337,418,327,391,313,373,370,373,320
"COG0225",296,280,322,335,381,313,349,220,402,379,388,384
"COG0226",32,34,75,129,122,390,491,20,567,110,163,144
"COG0227",109,52,105,127,108,82,125,71,105,97,105,83
"COG0228",164,88,171,134,183,126,189,109,154,190,149,146
"COG0229",224,208,264,218,241,159,249,177,257,228,255,205
"COG0230",38,4,8,12,13,15,18,4,8,8,10,17
"COG0231",192,212,208,207,240,212,214,186,226,239,226,202
"COG0232",231,158,276,396,266,237,226,233,255,253,256,196
"COG0233",145,145,199,191,212,188,188,178,179,183,213,170
"COG0234",104,96,146,143,142,155,159,138,144,171,137,153
"COG0235",202,246,231,239,231,197,87,33,71,89,66,60
"COG0236",87,79,86,60,86,75,77,81,96,94,108,93
"COG0237",193,226,241,227,201,197,194,207,231,208,220,189
"COG0238",67,50,86,114,83,76,85,67,89,85,73,84
"COG0239",48,31,21,47,26,17,30,11,39,27,23,22
"COG0240",110,80,116,97,104,92,302,303,287,341,300,253
"COG0241",90,93,71,150,74,74,57,183,97,81,122,87
"COG0242",265,178,249,270,305,370,267,245,318,303,279,283
"COG0243",388,685,284,156,230,513,543,1411,353,250,327,423
"COG0244",171,211,254,213,246,201,222,178,235,235,229,241
"COG0245",149,136,279,282,272,222,229,231,246,263,269,248
"COG0246",164,45,94,349,70,72,69,25,65,85,58,46
"COG0247",616,914,453,914,520,671,591,1395,440,527,426,361
"COG0248",172,117,191,136,241,191,519,80,482,201,195,257
"COG0249",549,334,386,958,505,358,503,341,417,483,418,497
"COG0250",196,198,222,198,212,232,211,189,216,208,223,222
"COG0251",295,375,256,231,262,228,286,347,257,273,261,250
"COG0252",140,166,74,40,59,70,54,92,35,61,37,85
"COG0253",270,195,318,312,353,283,98,71,96,116,120,108
"COG0254",96,67,103,97,115,80,94,61,96,95,94,89
"COG0255",21,21,11,18,11,10,18,13,8,8,17,14
"COG0256",107,156,133,137,134,132,146,122,136,130,125,109
"COG0257",11,1,1,1,4,2,14,1,16,4,1,5
"COG0258",821,648,981,1292,1078,1108,1047,718,945,1073,886,932
"COG0259",193,121,206,230,223,142,186,135,180,184,168,121
"COG0260",491,377,577,555,575,513,499,435,508,507,528,527
"COG0261",168,109,166,204,168,140,150,137,197,189,176,182
"COG0262",143,49,98,254,104,59,92,60,87,124,79,70
"COG0263",220,205,326,398,345,302,267,231,363,289,304,371
"COG0264",256,225,297,281,266,218,284,258,298,268,269,270
"COG0265",549,780,829,721,804,774,755,1115,830,747,805,806
"COG0266",239,243,325,285,345,311,365,178,365,328,340,317
"COG0267",34,19,17,17,28,16,35,16,34,32,28,46
"COG0268",63,60,69,102,61,74,82,65,86,76,88,84
"COG0269",2,4,0,15,1,0,1,35,0,2,1,3
"COG0270",173,117,251,453,202,328,156,175,134,242,178,182
"COG0271",76,64,63,56,65,66,74,58,82,56,91,68
"COG0272",601,493,828,1151,781,784,822,628,733,789,883,656
"COG0274",72,90,115,123,128,128,90,143,104,88,120,105
"COG0275",270,227,318,420,376,314,354,255,374,344,316,329
"COG0276",386,190,444,406,447,393,336,236,407,417,418,363
"COG0277",868,1112,780,847,858,876,1076,1213,802,858,846,909
"COG0278",93,113,83,76,87,72,89,98,101,100,110,104
"COG0279",81,130,104,85,68,134,70,189,113,119,116,76
"COG0280",646,361,579,636,564,445,455,479,549,539,583,396
"COG0281",588,357,525,535,434,409,406,448,419,441,479,372
"COG0282",4,12,9,1,2,4,18,22,5,4,5,13
"COG0283",198,171,237,236,229,266,275,188,322,246,259,324
"COG0284",236,239,261,278,318,279,287,251,277,270,281,249
"COG0285",366,321,434,431,452,410,371,395,466,428,457,407
"COG0286",55,54,110,186,74,57,47,90,56,46,98,54
"COG0287",71,89,124,140,94,88,353,240,363,329,289,324
"COG0288",78,30,28,37,24,14,52,54,27,19,31,47
"COG0289",237,134,289,295,278,200,254,124,260,283,238,255
"COG0290",158,140,211,221,213,213,189,176,202,211,179,229
"COG0291",55,36,53,62,69,43,60,56,57,58,49,66
"COG0292",137,104,119,147,136,121,140,102,129,145,134,145
"COG0293",163,200,175,189,156,151,54,42,56,39,49,51
"COG0294",249,307,354,415,312,307,307,275,342,272,318,306
"COG0295",45,36,31,42,41,45,54,70,23,36,35,25
"COG0296",81,84,110,7,167,161,186,65,155,126,182,323
"COG0297",118,74,106,35,137,93,148,100,117,103,121,264
"COG0298",0,0,0,0,0,0,0,8,0,2,0,2
"COG0299",152,207,201,190,227,482,212,185,222,200,280,250
"COG0300",151,94,126,95,130,68,132,39,114,152,82,98
"COG0301",2,174,13,15,3,33,3,94,12,0,14,29
"COG0302",223,212,266,266,284,250,254,178,267,259,289,270
"COG0303",292,400,245,349,269,352,305,494,205,307,274,316
"COG0304",633,491,708,524,756,512,556,572,640,685,636,545
"COG0305",539,376,768,1029,899,1598,752,574,955,1003,734,569
"COG0306",249,244,166,158,172,132,64,153,84,200,162,136
"COG0307",182,152,225,255,252,178,259,121,215,233,187,242
"COG0308",988,921,671,610,716,568,657,825,595,731,606,704
"COG0309",4,24,0,0,2,5,0,13,2,0,3,2
"COG0310",0,0,49,117,50,36,38,30,23,26,31,8
"COG0311",16,71,38,50,42,74,24,60,32,25,51,33
"COG0312",582,449,777,1006,780,682,661,411,669,639,566,629
"COG0313",363,180,295,352,322,268,332,252,333,317,296,313
"COG0314",88,111,70,118,70,96,83,127,56,77,66,78
"COG0315",28,38,27,42,23,39,97,170,77,87,97,98
"COG0316",245,261,265,283,294,280,257,186,287,293,266,242
"COG0317",682,520,736,925,816,703,801,632,762,821,747,741
"COG0318",1864,2146,1422,1050,1461,1640,1689,1837,1598,1560,1402,1360
"COG0319",157,110,126,119,116,124,144,140,125,146,150,126
"COG0320",265,254,442,364,426,350,402,272,388,415,434,382
"COG0321",233,154,245,270,260,264,270,159,261,229,228,206
"COG0322",746,454,801,752,803,745,783,591,746,792,715,703
"COG0323",290,198,183,62,146,156,220,207,149,203,165,136
"COG0324",292,218,310,353,360,343,303,288,362,352,341,317
"COG0325",218,180,305,301,242,196,245,221,249,237,255,234
"COG0326",128,54,88,118,107,49,423,205,322,370,310,465
"COG0327",86,28,62,98,49,41,63,25,35,66,42,30
"COG0328",179,107,153,390,183,208,185,138,164,191,169,169
"COG0329",482,566,555,569,604,517,589,558,514,551,575,494
"COG0330",685,640,711,622,693,568,587,695,628,708,657,480
"COG0331",269,192,313,343,322,300,329,265,331,323,360,290
"COG0332",384,269,307,258,348,287,282,316,270,363,286,236
"COG0333",35,18,37,31,27,31,35,29,51,35,36,54
"COG0334",409,318,355,278,434,286,263,382,201,355,263,207
"COG0335",163,113,205,184,201,163,176,121,182,191,162,191
"COG0336",227,186,312,282,332,266,293,248,327,315,323,288
"COG0337",359,246,401,459,412,352,364,345,409,376,416,383
"COG0338",20,89,69,204,109,758,81,36,113,140,144,96
"COG0339",331,146,216,327,294,218,258,174,268,263,233,351
"COG0340",199,269,252,264,231,267,254,195,258,265,233,234
"COG0341",392,230,359,380,399,268,404,310,353,382,371,334
"COG0342",541,383,610,639,645,491,701,526,626,622,574,508
"COG0343",142,135,166,147,153,164,354,320,417,407,464,402
"COG0344",134,160,187,195,171,182,179,188,182,166,154,153
"COG0345",233,189,249,297,258,259,279,220,317,237,269,254
"COG0346",94,135,69,68,77,92,328,242,295,237,232,307
"COG0347",124,78,84,72,99,89,110,160,114,101,78,120
"COG0348",17,39,39,31,5,29,59,249,18,11,18,31
"COG0349",160,169,183,182,189,185,229,185,215,161,205,200
"COG0350",106,149,105,95,89,100,86,141,100,85,103,54
"COG0351",131,195,172,191,222,163,152,128,161,154,190,162
"COG0352",146,130,153,182,164,115,182,142,192,140,154,192
"COG0353",215,151,212,198,245,187,237,159,216,210,234,220
"COG0354",173,138,238,237,223,229,227,149,241,221,229,299
"COG0355",154,104,141,157,141,156,138,130,144,121,163,166
"COG0356",337,252,389,346,379,315,115,84,137,138,136,139
"COG0357",177,106,213,189,207,149,229,128,249,209,213,211
"COG0358",592,587,663,730,748,677,733,690,694,755,680,673
"COG0359",54,49,73,50,66,64,200,160,172,174,155,132
"COG0360",146,96,119,146,136,127,132,139,156,133,136,110
"COG0361",99,111,99,126,105,108,96,112,104,93,117,98
"COG0362",89,36,153,212,155,154,127,19,124,112,128,194
"COG0363",164,131,147,138,138,103,215,120,122,144,163,153
"COG0364",110,38,114,91,125,58,212,55,109,143,101,214
"COG0365",1287,1418,1366,1541,1584,1293,1505,1655,1366,1433,1512,1283
"COG0366",162,179,310,191,372,274,556,127,367,268,279,435
"COG0367",452,429,675,1087,501,515,524,622,484,494,465,398
"COG0368",27,84,35,14,58,39,67,49,54,28,46,92
"COG0369",209,63,247,7,189,142,61,7,106,160,170,200
"COG0370",65,98,29,82,22,20,82,225,37,36,6,38
"COG0371",7,152,61,5,88,63,69,25,51,64,91,113
"COG0372",154,197,172,146,181,165,422,407,483,512,500,470
"COG0373",284,372,185,148,229,124,165,167,176,185,187,264
"COG0374",4,8,0,2,2,0,1,20,0,0,1,4
"COG0375",2,3,0,0,0,1,13,9,3,0,0,7
"COG0376",432,267,559,200,366,320,416,20,443,474,496,372
"COG0377",97,206,187,181,171,202,141,200,172,135,185,174
"COG0378",2,50,16,7,43,28,88,66,85,14,41,96
"COG0379",196,193,235,247,194,242,197,234,265,199,277,248
"COG0380",8,42,21,17,31,16,102,18,108,28,6,81
"COG0381",183,151,298,381,256,224,209,262,206,227,241,184
"COG0382",367,317,396,278,427,382,425,285,438,366,422,488
"COG0383",3,43,44,6,18,43,143,88,23,56,30,40
"COG0384",123,66,68,40,92,40,76,43,77,98,60,75
"COG0385",106,116,211,239,180,177,210,128,169,159,203,183
"COG0386",216,101,203,182,210,119,201,62,209,218,166,190
"COG0387",32,22,24,1,14,26,14,3,10,17,16,27
"COG0388",335,654,551,351,491,582,633,675,568,421,530,589
"COG0389",512,471,521,511,582,478,466,349,565,543,493,519
"COG0390",15,55,5,0,6,33,11,50,7,3,6,11
"COG0391",16,138,109,80,126,109,100,82,128,95,122,172
"COG0392",16,142,57,11,53,63,23,116,80,41,54,98
"COG0393",47,26,47,21,32,33,19,36,22,30,33,22
"COG0394",112,109,119,111,114,157,174,132,151,92,114,140
"COG0395",547,431,508,495,601,508,579,325,457,563,414,355
"COG0396",208,287,321,325,296,299,302,221,265,253,292,231
"COG0397",416,199,391,374,426,247,355,47,372,364,401,452
"COG0398",142,124,166,147,198,137,180,118,172,179,183,234
"COG0399",966,1152,990,1072,748,946,216,427,303,261,343,271
"COG0400",157,129,192,184,201,198,205,166,225,196,232,225
"COG0401",1,0,1,0,0,0,0,0,0,0,0,2
"COG0402",438,554,239,223,271,340,272,368,253,228,301,323
"COG0403",718,382,741,675,805,829,818,653,927,789,737,740
"COG0404",3533,2769,2725,2992,2996,2798,2763,3038,2699,2981,2917,2336
"COG0405",570,759,623,563,623,540,713,637,593,678,607,487
"COG0406",106,180,253,210,247,275,72,42,76,61,61,86
"COG0407",410,194,403,284,387,277,297,316,389,396,404,417
"COG0408",296,116,272,282,284,248,320,111,326,313,310,295
"COG0409",0,5,2,0,0,0,1,9,0,3,1,2
"COG0410",288,499,446,478,422,437,448,638,392,376,463,366
"COG0411",316,497,473,434,366,413,416,602,347,347,407,270
"COG0412",133,363,167,124,123,155,163,424,222,137,183,146
"COG0413",250,224,346,496,406,410,387,208,377,381,349,342
"COG0414",226,106,240,330,243,249,267,109,352,249,273,309
"COG0415",894,67,1236,975,1202,706,1087,21,1071,1201,895,989
"COG0416",196,232,250,334,253,286,237,299,279,224,310,260
"COG0417",355,313,439,1974,674,2138,298,199,535,843,411,450
"COG0418",88,35,73,33,97,90,106,39,97,93,115,136
"COG0419",58,218,148,336,248,965,46,67,95,119,77,85
"COG0420",11,126,31,44,20,44,27,66,12,20,7,42
"COG0421",10,41,16,20,27,31,70,131,95,45,55,106
"COG0422",51,166,103,91,142,100,115,134,141,109,135,185
"COG0423",82,104,121,100,96,107,233,181,285,328,284,248
"COG0424",223,155,238,219,208,202,201,196,239,256,215,201
"COG0425",25,55,14,22,15,19,21,58,19,14,23,25
"COG0426",3,12,99,2,186,183,230,67,278,125,219,355
"COG0427",3,18,16,0,2,17,12,35,10,7,15,12
"COG0428",72,44,83,41,74,46,58,53,58,79,61,43
"COG0429",57,49,53,10,61,32,73,38,51,38,64,100
"COG0430",1,2,0,2,0,1,0,16,1,1,0,5
"COG0431",71,90,82,27,75,86,86,8,74,77,65,112
"COG0432",38,116,122,113,121,96,116,225,119,104,83,116
"COG0433",63,171,33,19,32,32,16,97,17,24,27,29
"COG0434",14,23,41,56,38,33,43,12,17,28,28,13
"COG0435",121,35,75,8,75,54,122,24,90,86,84,121
"COG0436",1042,1369,1244,1152,1285,1258,1184,1357,1191,1228,1346,1159
"COG0437",201,207,177,108,176,132,57,130,55,49,53,49
"COG0438",1749,1833,2547,2856,2304,2493,2248,1974,2567,2205,2474,2231
"COG0439",621,690,637,755,692,589,558,526,664,618,671,624
"COG0440",130,156,191,213,173,164,174,151,177,161,187,212
"COG0441",693,608,790,772,856,741,289,230,259,257,273,223
"COG0442",444,502,578,536,547,514,511,494,578,526,562,553
"COG0443",917,818,1081,1473,1164,980,954,716,1055,1073,1197,1303
"COG0444",139,463,123,148,103,212,173,316,111,128,140,126
"COG0445",649,372,701,592,781,503,633,526,732,785,756,651
"COG0446",1421,1233,996,968,1035,878,1020,1609,884,1071,1036,806
"COG0447",45,66,54,10,94,45,95,196,89,62,61,118
"COG0448",24,40,44,1,68,77,32,23,32,13,34,49
"COG0449",497,587,681,751,687,682,663,626,679,623,651,619
"COG0450",75,98,105,61,81,102,98,152,94,71,139,152
"COG0451",1978,2117,2602,2536,2455,3844,2084,2774,2753,2469,3002,2402
"COG0452",433,380,387,488,417,421,375,328,498,404,421,457
"COG0454",392,352,341,371,363,302,424,328,374,354,396,460
"COG0455",25,74,36,2,21,12,15,21,9,6,11,6
"COG0456",59,152,94,84,85,130,119,104,97,105,106,114
"COG0457",2074,2708,1958,1572,1627,1812,1643,2670,1950,1820,2347,2359
"COG0458",1021,1071,1218,1171,1294,1159,1197,1079,1244,1237,1278,1114
"COG0459",240,311,294,299,338,344,787,688,823,924,927,1087
"COG0460",353,353,401,460,422,323,383,347,425,397,426,401
"COG0461",238,204,188,215,268,632,199,184,271,262,295,252
"COG0462",352,362,427,461,425,391,394,384,395,446,440,387
"COG0463",1369,1973,1784,1802,1636,1820,1609,2508,1829,1560,1757,1803
"COG0464",86,179,54,84,66,78,191,175,131,167,184,646
"COG0465",679,494,1009,1314,1001,973,1045,692,983,901,991,1279
"COG0466",706,621,705,1345,680,502,618,776,625,774,723,547
"COG0467",49,8,73,1,115,76,84,12,113,72,89,150
"COG0468",451,496,551,574,739,1152,484,420,628,693,614,547
"COG0469",117,99,125,117,130,131,354,258,348,365,338,399
"COG0470",423,475,489,888,519,1193,478,249,551,596,492,516
"COG0471",364,470,434,230,425,441,400,622,452,425,497,445
"COG0472",540,481,611,646,656,534,580,584,619,637,633,566
"COG0473",401,572,522,533,536,473,488,432,566,514,486,515
"COG0474",122,126,62,9,43,129,39,138,23,37,37,183
"COG0475",64,379,221,235,193,205,222,200,198,121,169,299
"COG0476",242,301,262,217,280,328,262,284,293,232,304,374
"COG0477",2301,2824,2174,1799,2040,2463,2137,2183,2371,2154,2269,2108
"COG0478",4,0,0,0,1,1,0,2,0,1,1,9
"COG0479",335,359,360,359,349,333,309,258,302,332,313,274
"COG0480",712,907,865,848,789,817,751,1023,793,879,922,800
"COG0481",583,463,732,742,782,604,697,563,661,736,709,672
"COG0482",338,427,437,445,385,411,364,366,443,405,452,360
"COG0483",456,511,531,547,530,480,515,432,565,487,570,516
"COG0484",425,650,531,800,518,588,418,478,509,565,550,559
"COG0486",384,264,461,392,555,303,430,413,504,503,530,510
"COG0488",1147,503,360,476,469,476,638,416,498,554,521,797
"COG0489",158,166,144,183,182,154,313,396,453,494,477,412
"COG0490",0,2,0,0,0,0,0,0,0,0,0,0
"COG0491",1032,1116,856,862,825,811,958,768,784,846,842,786
"COG0492",176,173,248,216,271,210,631,423,744,713,758,708
"COG0493",585,535,430,630,437,434,172,384,169,163,157,131
"COG0494",543,581,466,487,456,482,527,439,531,458,458,449
"COG0495",924,893,971,980,1060,843,320,257,353,349,360,347
"COG0496",144,113,122,84,146,126,187,114,146,138,130,175
"COG0497",303,167,177,128,182,211,273,236,214,220,178,254
"COG0498",465,732,512,526,536,533,483,562,553,499,564,487
"COG0499",472,532,586,499,624,529,446,479,542,585,604,508
"COG0500",1486,1985,1478,2010,1245,1502,1325,2185,1553,1340,1724,1719
"COG0501",223,226,388,525,317,352,118,136,104,113,121,65
"COG0502",34,97,59,39,85,43,62,88,72,51,79,100
"COG0503",148,220,191,139,177,227,182,178,189,182,201,188
"COG0504",497,537,659,672,662,610,603,506,674,681,658,598
"COG0505",404,387,451,446,481,408,114,126,134,162,149,146
"COG0506",487,200,212,362,188,221,185,320,169,301,199,167
"COG0507",331,228,154,326,169,99,265,165,173,201,226,349
"COG0508",1212,687,1151,1272,1146,917,1057,509,1026,1081,1083,927
"COG0509",136,104,140,120,139,147,127,151,120,134,122,128
"COG0510",22,48,69,134,65,59,49,35,55,58,68,52
"COG0511",326,192,197,205,186,193,204,213,207,199,188,230
"COG0512",257,250,331,229,281,243,271,238,270,273,283,257
"COG0513",640,300,243,397,270,274,818,776,961,907,879,1257
"COG0514",525,125,155,163,159,62,194,73,109,247,96,187
"COG0515",427,245,372,571,239,572,197,284,143,259,255,1098
"COG0516",375,488,585,525,621,571,446,465,584,640,568,493
"COG0517",649,750,579,564,543,503,566,774,564,575,589,531
"COG0518",544,809,686,640,690,610,654,651,671,650,628,656
"COG0519",413,516,537,401,522,424,471,368,567,503,515,495
"COG0520",556,699,681,553,727,829,633,919,666,610,780,696
"COG0521",114,127,98,115,82,122,118,214,61,96,94,97
"COG0522",244,206,279,255,251,228,239,175,250,250,243,272
"COG0523",174,63,211,34,264,192,255,62,300,160,190,462
"COG0524",717,828,802,687,811,667,776,593,789,801,737,661
"COG0525",842,801,994,1040,1104,1061,972,847,1007,959,1042,919
"COG0526",936,910,998,1036,950,877,930,833,913,949,916,1089
"COG0527",488,590,509,577,527,455,480,383,554,535,498,536
"COG0528",157,167,180,143,196,159,196,135,177,182,157,174
"COG0529",133,133,145,97,141,132,110,111,116,158,131,153
"COG0530",216,228,220,195,250,245,236,233,209,230,277,262
"COG0531",215,558,269,194,212,233,199,492,144,219,182,189
"COG0532",728,712,878,822,809,673,758,706,841,756,882,790
"COG0533",369,387,458,400,477,422,379,323,467,439,438,414
"COG0534",805,519,589,684,649,562,501,481,586,575,613,490
"COG0535",152,382,125,125,169,187,160,907,180,156,179,201
"COG0536",333,255,395,447,451,390,418,331,447,459,405,383
"COG0537",221,249,239,274,226,201,185,303,244,234,249,198
"COG0538",308,211,452,426,465,447,366,305,477,407,439,394
"COG0539",519,421,672,615,663,583,658,511,632,648,671,674
"COG0540",332,450,356,397,377,352,407,281,359,379,391,346
"COG0541",441,500,426,376,493,458,435,464,469,461,428,444
"COG0542",785,648,875,714,1244,870,1138,801,1024,993,951,1450
"COG0543",96,139,70,113,69,43,57,223,29,58,39,71
"COG0544",472,324,473,549,508,476,458,431,541,514,456,453
"COG0545",89,37,42,42,46,42,162,131,153,171,154,208
"COG0546",288,281,229,272,251,228,293,405,262,239,316,311
"COG0547",258,304,335,318,307,223,386,321,355,331,415,347
"COG0548",318,275,257,328,217,255,303,238,299,262,308,298
"COG0549",14,100,34,20,18,57,13,101,14,16,44,16
"COG0550",831,634,945,1610,1066,947,958,758,990,1028,927,895
"COG0551",107,78,108,90,89,82,96,161,92,105,91,75
"COG0552",302,386,350,260,322,314,344,313,331,319,338,348
"COG0553",273,286,265,805,225,394,445,209,172,351,155,635
"COG0554",276,288,354,443,378,337,388,355,349,393,355,287
"COG0555",10,16,6,5,3,0,4,2,2,7,6,12
"COG0556",783,516,883,844,932,861,781,573,818,837,852,790
"COG0557",534,284,372,352,469,190,562,292,434,504,377,533
"COG0558",208,311,271,313,281,350,237,351,274,218,258,242
"COG0559",384,625,549,573,528,514,590,745,524,476,567,437
"COG0560",237,192,122,107,111,181,151,301,128,122,111,112
"COG0561",71,131,85,65,100,304,116,56,100,107,160,179
"COG0562",11,6,20,52,39,29,13,16,34,35,17,25
"COG0563",233,185,255,263,257,218,232,197,233,237,222,236
"COG0564",688,362,581,686,630,548,675,456,642,667,597,621
"COG0565",199,119,217,168,182,194,182,133,194,203,210,214
"COG0566",451,295,506,437,483,440,502,304,441,520,467,467
"COG0567",868,434,883,813,842,607,807,448,734,952,803,686
"COG0568",742,649,995,978,1077,934,1129,850,1095,1033,1127,1193
"COG0569",382,330,453,436,434,449,386,465,476,468,432,338
"COG0571",204,150,226,654,224,202,222,158,249,242,233,228
"COG0572",37,78,36,29,35,60,64,75,34,34,47,79
"COG0573",19,42,81,128,99,121,375,13,435,64,84,117
"COG0574",577,1036,754,913,709,899,613,1355,673,621,791,554
"COG0575",182,161,227,233,216,194,255,244,278,240,221,253
"COG0576",216,191,254,253,255,225,242,233,272,208,246,227
"COG0577",639,461,584,402,610,563,508,497,511,551,528,509
"COG0578",210,131,146,299,176,165,258,166,150,201,103,132
"COG0579",95,238,188,150,214,157,179,178,192,141,172,236
"COG0580",124,154,117,91,121,102,207,54,147,87,103,106
"COG0581",28,36,66,136,86,106,374,10,382,46,82,144
"COG0582",453,668,444,382,372,407,418,1504,487,392,422,430
"COG0583",1341,521,403,497,435,422,694,585,480,518,419,676
"COG0584",221,304,272,343,243,283,221,258,234,232,246,172
"COG0585",44,117,51,6,28,57,14,35,30,20,26,40
"COG0586",40,74,54,29,72,46,67,10,71,42,65,84
"COG0587",1269,1055,1354,1458,1413,1391,1466,1379,1320,1597,1306,1219
"COG0588",108,137,219,299,211,212,174,160,215,209,232,184
"COG0589",96,226,147,35,101,48,238,227,80,125,53,166
"COG0590",151,148,197,153,212,191,195,153,137,184,180,166
"COG0591",607,1033,441,291,415,554,418,1098,459,503,652,479
"COG0592",397,394,477,1045,507,536,428,404,511,540,519,422
"COG0593",606,455,740,832,780,611,654,613,740,785,747,651
"COG0594",42,23,15,14,19,15,26,20,17,17,16,13
"COG0595",216,240,389,373,429,370,393,284,476,361,387,425
"COG0596",2080,2051,1652,1658,1759,1804,1807,1395,1910,1780,1787,1951
"COG0597",133,121,146,130,139,131,138,137,141,123,116,143
"COG0598",24,20,8,9,0,3,21,20,3,3,1,7
"COG0599",58,59,17,8,21,17,31,26,40,19,32,29
"COG0600",388,379,247,234,224,271,300,284,273,262,260,262
"COG0601",602,760,438,492,445,426,486,494,451,445,429,468
"COG0602",38,58,27,38,46,67,109,87,147,118,116,136
"COG0603",54,170,70,83,99,104,86,92,111,66,122,93
"COG0604",769,1042,929,895,845,752,867,688,861,927,875,700
"COG0605",112,105,141,58,99,50,100,76,61,122,78,64
"COG0606",69,53,30,21,25,6,83,177,16,36,9,39
"COG0607",370,314,337,284,353,261,382,275,342,373,336,345
"COG0608",393,372,202,382,237,173,318,467,223,296,284,301
"COG0609",101,64,163,3,128,85,35,58,23,157,153,86
"COG0610",60,80,92,85,68,61,49,136,51,41,69,74
"COG0611",253,199,203,259,244,204,228,130,269,255,227,231
"COG0612",615,543,464,372,459,347,488,796,424,476,476,514
"COG0613",71,145,74,118,101,88,87,78,84,65,89,97
"COG0614",128,211,202,149,147,110,97,64,94,108,164,111
"COG0615",50,72,68,53,53,60,19,50,33,35,53,49
"COG0616",384,247,371,327,393,284,375,241,407,416,333,342
"COG0617",581,396,633,797,657,671,198,176,240,230,218,219
"COG0618",117,71,145,121,139,121,98,178,86,103,118,64
"COG0619",2,15,64,115,80,68,81,23,65,55,63,97
"COG0620",201,353,180,113,146,191,172,319,92,170,137,131
"COG0621",770,752,812,659,777,756,817,784,872,811,787,804
"COG0622",37,35,14,24,16,15,17,23,28,12,14,20
"COG0623",275,193,325,268,363,293,334,179,356,346,317,342
"COG0624",1104,1135,870,885,891,802,849,1119,834,886,855,717
"COG0625",812,465,499,354,555,443,700,245,686,641,589,775
"COG0626",643,521,630,581,703,595,490,700,610,611,602,597
"COG0627",78,54,31,31,35,30,34,38,42,59,47,43
"COG0628",274,255,264,181,256,249,311,260,247,239,217,296
"COG0629",155,139,175,189,206,222,180,137,238,177,216,195
"COG0630",69,34,49,5,37,57,4,58,25,28,42,16
"COG0631",49,45,61,68,53,83,31,74,40,41,42,110
"COG0632",100,85,67,50,89,67,104,94,92,90,93,102
"COG0633",98,108,171,100,186,370,251,136,242,184,172,309
"COG0634",49,60,39,66,41,91,21,24,7,16,18,7
"COG0635",296,209,191,128,228,145,188,417,179,244,167,256
"COG0636",45,12,37,23,37,32,30,19,50,37,40,66
"COG0637",163,134,201,218,190,177,263,129,215,152,203,249
"COG0638",41,287,49,20,28,91,15,72,18,22,55,124
"COG0639",66,47,40,51,36,38,181,173,100,138,115,194
"COG0640",64,136,41,27,26,42,68,99,36,40,52,59
"COG0641",9,20,6,18,15,7,22,102,7,26,2,32
"COG0642",1873,1557,1632,1559,1374,1390,1958,1898,1794,1372,1446,1851
"COG0643",6,56,54,6,23,22,31,52,12,18,29,47
"COG0644",530,917,730,553,660,760,587,604,652,630,741,758
"COG0645",0,6,1,1,0,0,9,7,0,0,0,1
"COG0646",175,499,338,212,269,325,387,635,355,238,448,642
"COG0647",218,136,211,237,204,202,221,179,165,189,209,175
"COG0648",31,158,56,120,61,71,28,82,34,32,53,35
"COG0649",234,434,456,528,422,511,320,467,449,337,441,366
"COG0650",0,0,0,0,0,0,0,37,0,0,0,0
"COG0651",242,405,107,55,126,65,210,583,125,147,92,125
"COG0652",457,453,439,353,440,478,446,294,468,446,489,618
"COG0653",1053,735,937,1072,1029,970,991,877,1079,1102,1063,1033
"COG0654",1008,463,748,728,783,694,751,359,821,827,808,810
"COG0655",46,34,41,49,36,23,47,74,29,38,28,39
"COG0656",56,119,67,114,56,70,57,55,59,63,64,92
"COG0657",375,410,321,360,353,302,341,186,346,349,338,252
"COG0658",51,43,37,20,17,7,71,195,11,19,9,44
"COG0659",735,223,296,377,364,242,458,268,338,331,254,462
"COG0661",621,380,681,1037,744,800,814,363,768,685,746,1094
"COG0662",176,222,279,249,333,441,261,249,275,303,345,294
"COG0663",151,92,160,134,132,113,171,83,133,122,133,99
"COG0664",98,279,195,62,157,201,250,497,164,161,185,285
"COG0665",3184,2967,2507,2511,2474,2429,2210,2874,2132,2630,2637,2041
"COG0666",246,395,146,207,126,153,104,169,87,132,228,570
"COG0667",652,900,577,543,688,666,607,495,688,642,677,677
"COG0668",460,560,591,556,505,509,406,420,499,485,518,564
"COG0669",127,107,177,178,160,165,214,138,168,164,174,155
"COG0670",187,132,216,212,207,205,219,170,194,188,205,202
"COG0671",98,152,83,75,91,90,98,105,127,139,69,102
"COG0672",22,73,13,47,10,58,11,20,21,3,3,7
"COG0673",1309,1947,1587,1314,1569,1506,1757,1509,1555,1706,1522,1333
"COG0674",63,507,180,190,173,325,122,1140,183,121,188,166
"COG0675",9,6,5,50,1,1,10,22,1,0,3,8
"COG0676",10,2,2,6,1,9,2,3,3,5,0,25
"COG0677",79,86,106,75,57,76,156,319,185,222,234,191
"COG0678",142,58,106,182,167,163,134,81,148,225,107,129
"COG0679",220,144,188,202,220,116,230,169,215,182,240,208
"COG0680",0,1,2,0,1,0,0,14,0,0,0,1
"COG0681",286,274,338,358,375,288,373,259,359,333,371,317
"COG0682",263,192,265,352,283,258,349,228,328,303,325,274
"COG0683",523,814,719,658,566,647,559,1196,644,530,713,571
"COG0684",76,104,73,58,94,77,98,65,74,83,88,72
"COG0685",261,352,250,203,247,223,224,446,229,249,267,264
"COG0686",301,209,335,354,291,252,249,231,229,305,258,182
"COG0687",404,419,344,221,294,257,265,337,273,320,302,241
"COG0688",202,179,164,224,158,153,158,190,180,175,187,152
"COG0689",150,176,157,138,132,155,133,91,109,135,118,99
"COG0690",23,14,34,19,39,27,40,7,45,29,16,49
"COG0691",153,123,169,184,170,150,177,167,186,194,148,169
"COG0692",114,28,76,118,89,36,110,17,76,118,62,68
"COG0693",62,62,20,56,17,30,62,67,19,26,25,38
"COG0694",229,163,227,243,246,275,190,158,245,248,216,195
"COG0695",142,67,116,115,128,154,118,74,135,129,136,135
"COG0696",301,98,151,119,225,129,294,136,196,185,186,228
"COG0697",2630,1832,2589,2861,2568,2277,2687,1921,2498,2545,2597,2367
"COG0698",80,61,107,127,122,120,106,133,103,124,92,67
"COG0699",16,3,13,30,11,14,1,16,3,8,7,54
"COG0700",14,8,11,4,4,6,7,22,2,12,8,9
"COG0701",26,39,28,3,27,33,64,70,17,24,15,39
"COG0702",486,453,491,426,442,422,451,390,455,474,539,695
"COG0703",203,137,215,238,229,184,262,161,235,198,238,211
"COG0704",45,260,42,84,30,100,190,64,193,40,52,102
"COG0705",280,253,188,136,186,195,235,262,213,205,212,206
"COG0706",543,439,604,626,647,525,632,579,638,636,640,521
"COG0707",339,236,336,437,353,375,343,290,370,333,396,333
"COG0708",337,247,304,332,286,289,349,216,300,323,331,327
"COG0709",102,133,143,97,173,187,200,149,207,145,150,229
"COG0710",15,100,24,8,8,31,4,39,6,7,15,25
"COG0711",326,162,305,323,295,298,294,227,336,294,280,380
"COG0712",225,153,188,254,232,173,237,188,218,199,207,241
"COG0713",76,100,117,122,97,111,67,100,82,71,94,117
"COG0714",600,647,781,726,779,1579,670,707,794,928,769,593
"COG0715",44,73,25,22,30,49,164,133,182,84,87,154
"COG0716",48,5,63,4,76,48,17,5,50,49,59,109
"COG0717",161,126,220,241,189,189,233,131,232,191,233,231
"COG0718",69,52,51,65,68,78,69,80,91,70,68,81
"COG0719",748,789,946,856,880,964,840,703,891,831,928,956
"COG0720",78,75,87,63,132,94,103,72,155,84,113,154
"COG0721",23,11,25,28,29,35,92,74,90,77,108,81
"COG0722",148,105,113,93,156,69,141,87,174,157,138,161
"COG0723",150,172,215,242,201,198,207,249,219,216,208,201
"COG0724",64,32,89,13,84,79,77,45,95,65,88,194
"COG0725",44,57,14,14,19,37,35,52,36,24,29,33
"COG0726",470,550,393,416,317,321,333,488,319,354,423,336
"COG0727",43,15,15,3,25,5,20,45,17,19,6,24
"COG0728",374,313,495,653,476,483,520,360,520,503,504,511
"COG0729",3,48,14,2,2,12,16,14,11,5,11,11
"COG0730",570,342,619,709,589,505,656,402,577,594,563,450
"COG0731",34,109,29,20,18,38,5,26,12,9,15,28
"COG0732",21,24,52,56,26,17,23,54,21,25,31,33
"COG0733",194,174,222,99,228,194,196,199,212,204,247,204
"COG0735",347,161,395,420,366,307,417,186,381,357,332,356
"COG0736",94,86,99,121,82,87,90,69,85,93,75,80
"COG0737",245,215,132,83,143,111,223,186,140,144,135,111
"COG0738",137,53,30,31,59,10,51,20,39,73,25,39
"COG0739",1029,770,964,851,862,840,1013,1018,837,1018,889,657
"COG0740",237,216,356,519,376,388,379,243,417,362,381,455
"COG0741",681,503,600,616,570,454,667,616,543,577,495,431
"COG0742",181,146,200,207,195,179,221,182,218,216,205,197
"COG0743",282,242,341,305,302,251,300,365,344,301,336,369
"COG0744",126,199,245,255,259,285,267,175,187,189,142,232
"COG0745",764,542,759,850,750,740,1160,645,1016,767,811,935
"COG0746",49,40,20,48,27,35,104,173,69,85,71,76
"COG0747",713,926,672,430,685,615,736,750,590,610,659,675
"COG0748",36,24,83,1,64,33,29,5,17,69,70,33
"COG0749",997,723,1187,1396,1288,1479,1521,934,1293,1572,1075,1072
"COG0750",403,607,488,445,458,437,393,462,500,471,464,437
"COG0751",423,314,394,445,434,336,476,418,391,404,443,468
"COG0752",165,129,182,193,191,159,238,198,185,151,195,181
"COG0753",6,44,4,1,0,7,2,19,0,1,9,16
"COG0754",2,4,3,0,0,4,5,4,6,0,1,13
"COG0755",412,270,354,325,411,312,388,271,359,421,360,402
"COG0756",143,88,182,405,156,175,150,107,149,178,156,120
"COG0757",132,110,148,166,145,161,196,146,173,144,155,135
"COG0758",48,61,22,13,22,5,58,155,9,26,12,42
"COG0759",51,48,63,52,57,70,83,65,74,69,79,63
"COG0760",778,477,480,412,521,410,548,665,486,606,416,432
"COG0761",288,211,343,361,368,317,378,320,368,340,380,364
"COG0762",90,53,91,82,87,65,122,60,120,92,123,131
"COG0763",317,239,339,346,352,282,332,354,339,362,355,347
"COG0764",371,325,315,289,307,260,291,372,292,333,340,306
"COG0765",450,340,527,676,503,541,431,364,386,467,632,413
"COG0766",348,290,534,495,488,415,404,340,518,503,516,471
"COG0767",104,34,88,54,107,64,118,33,100,91,82,129
"COG0768",1162,765,1280,1549,1360,1118,1421,1070,1349,1321,1376,1140
"COG0769",532,346,598,676,654,535,201,216,212,205,186,153
"COG0770",123,61,95,97,107,77,330,215,288,363,282,269
"COG0771",410,269,392,533,388,404,441,368,457,420,441,457
"COG0772",716,551,829,981,797,761,823,691,859,827,857,801
"COG0773",681,391,546,677,636,501,596,505,662,641,582,536
"COG0774",293,246,354,349,351,263,287,333,361,368,358,315
"COG0775",121,91,63,100,88,126,87,76,68,73,71,67
"COG0776",246,167,212,249,246,191,66,96,89,72,80,79
"COG0777",319,285,313,278,349,241,322,359,317,346,298,293
"COG0778",348,348,433,263,371,330,281,283,294,344,334,298
"COG0779",90,57,70,83,68,72,87,74,98,79,76,117
"COG0780",48,56,57,61,83,67,87,47,73,72,81,73
"COG0781",143,71,168,155,152,133,157,130,161,143,143,138
"COG0782",156,156,167,167,149,149,168,156,169,175,158,108
"COG0783",6,15,13,9,6,2,9,9,12,11,2,18
"COG0784",346,411,185,111,103,130,206,451,109,87,128,413
"COG0785",137,116,218,184,161,190,192,125,200,151,166,181
"COG0786",3,6,32,3,67,58,31,21,67,43,68,109
"COG0787",90,45,68,77,105,71,233,195,242,261,236,235
"COG0788",38,66,34,21,82,81,85,18,103,45,57,144
"COG0789",188,176,211,320,167,196,61,59,57,50,50,34
"COG0790",183,252,120,71,71,111,133,270,93,79,123,200
"COG0791",175,77,160,174,170,184,218,97,225,208,188,188
"COG0792",17,18,4,2,4,1,7,38,2,4,1,10
"COG0793",741,652,643,532,754,541,672,743,711,745,664,776
"COG0794",269,206,290,315,262,229,302,240,287,306,287,234
"COG0795",645,420,553,606,511,454,547,533,627,566,616,541
"COG0796",96,143,62,30,81,57,82,64,83,75,68,98
"COG0797",26,46,49,34,39,55,66,60,46,51,41,45
"COG0798",16,30,13,5,6,13,71,63,72,9,8,15
"COG0799",142,108,129,133,141,110,147,104,149,103,118,126
"COG0800",70,41,58,51,74,62,128,49,68,89,65,92
"COG0801",219,121,166,222,175,159,190,174,182,189,188,171
"COG0802",155,114,145,182,154,153,173,136,171,168,194,151
"COG0803",100,63,157,112,202,163,162,74,139,144,231,259
"COG0804",9,142,35,22,144,104,195,97,178,35,139,209
"COG0805",290,276,305,312,290,264,322,251,309,285,303,342
"COG0806",110,102,101,53,102,93,137,87,120,117,90,130
"COG0807",349,227,467,448,473,400,459,225,446,431,447,470
"COG0809",238,201,237,230,293,213,240,216,252,277,215,263
"COG0810",179,85,126,97,114,71,90,60,116,130,91,99
"COG0811",516,284,414,338,419,302,399,244,402,518,392,340
"COG0812",285,208,320,351,306,300,363,253,370,309,314,294
"COG0813",12,1,10,59,21,52,9,0,4,14,21,14
"COG0814",11,1,10,0,5,11,1,6,3,11,7,21
"COG0815",401,347,529,607,491,492,543,446,520,549,516,460
"COG0816",150,99,160,155,171,133,183,116,169,161,149,129
"COG0817",90,75,75,50,83,77,88,98,78,82,58,81
"COG0818",20,21,21,7,25,17,22,0,15,9,6,23
"COG0819",56,36,23,3,44,18,13,21,30,24,44,43
"COG0820",297,183,207,153,232,189,226,140,281,234,215,308
"COG0821",276,297,448,476,465,370,337,373,410,405,421,381
"COG0822",94,144,114,146,109,151,125,166,109,110,105,99
"COG0823",380,808,521,469,415,572,444,1242,442,497,559,396
"COG0824",405,234,301,309,328,269,357,282,311,345,270,268
"COG0825",326,319,347,327,360,294,330,316,404,364,401,333
"COG0826",9,110,22,8,4,11,121,392,2,2,6,47
"COG0827",18,21,22,150,21,18,8,22,10,24,17,11
"COG0828",65,27,44,59,42,37,54,25,70,60,55,44
"COG0829",6,64,18,8,70,53,131,46,85,21,63,140
"COG0830",3,62,16,5,50,30,80,55,60,16,42,110
"COG0831",5,23,5,5,21,12,38,25,21,4,20,63
"COG0832",2,37,6,7,25,16,22,30,32,5,22,42
"COG0833",0,0,0,0,0,0,0,0,0,0,0,0
"COG0834",487,471,615,769,573,587,470,472,440,575,640,472
"COG0835",8,27,11,7,3,3,15,24,6,8,12,19
"COG0836",156,240,235,197,212,202,212,298,201,208,286,249
"COG0837",114,31,75,46,125,68,135,60,101,121,88,154
"COG0838",93,128,129,160,119,158,45,51,42,31,40,44
"COG0839",146,203,166,198,190,175,140,196,172,131,159,168
"COG0840",72,199,119,38,29,89,111,213,31,30,47,226
"COG0841",1863,1153,1469,1303,1425,944,1658,933,1373,1579,1289,1360
"COG0842",352,437,352,336,344,424,342,354,390,292,349,409
"COG0843",814,728,893,793,927,779,733,830,689,834,865,762
"COG0845",863,668,772,551,699,516,817,755,709,716,647,810
"COG0846",73,190,69,17,84,107,97,134,84,77,68,76
"COG0847",448,227,336,289,355,293,319,215,318,372,332,325
"COG0848",166,155,137,121,137,98,137,115,140,158,136,134
"COG0849",367,242,252,254,280,189,227,330,267,286,302,212
"COG0850",1,6,27,1,37,26,48,1,34,19,38,69
"COG0851",0,3,8,0,14,15,13,0,19,8,23,26
"COG0852",123,256,199,236,165,195,157,214,188,169,188,179
"COG0853",15,3,9,8,4,1,23,11,29,21,23,18
"COG0854",227,115,209,249,226,161,264,151,242,241,236,204
"COG0855",112,65,160,50,169,138,246,11,198,75,81,108
"COG0856",8,9,26,1,14,19,2,2,6,0,5,10
"COG0857",6,27,53,4,63,57,59,18,65,52,72,124
"COG0858",161,85,129,165,123,84,122,103,135,104,132,124
"COG0859",334,597,461,569,425,460,193,268,174,144,169,156
"COG0860",204,155,184,145,208,190,188,235,169,244,209,185
"COG0861",176,135,211,216,183,165,193,114,217,191,211,233
"COG0863",245,348,421,562,462,1669,366,424,456,485,565,347
"COG0864",1,21,4,3,1,3,2,4,0,0,0,7
"COG1001",84,198,33,16,24,25,11,71,10,36,31,42
"COG1002",75,83,129,65,52,104,18,61,28,30,72,54
"COG1003",728,457,783,705,845,878,772,654,897,830,725,740
"COG1004",320,402,471,565,542,839,417,412,594,647,603,459
"COG1005",242,483,408,426,348,474,298,442,330,307,428,382
"COG1006",6,5,4,2,5,1,9,19,7,8,7,12
"COG1007",348,590,562,661,523,594,483,577,450,435,544,486
"COG1008",113,179,207,227,242,223,693,615,604,507,619,651
"COG1009",173,229,258,260,235,265,719,670,633,634,704,723
"COG1010",80,97,88,19,125,66,123,57,124,72,75,194
"COG1011",507,428,370,356,350,418,434,514,423,402,425,393
"COG1012",3600,2637,2839,2909,2863,2560,2370,2340,2416,3051,2746,2278
"COG1013",31,309,123,104,87,195,76,855,84,77,117,90
"COG1014",104,570,263,267,204,374,286,1090,285,224,240,232
"COG1015",58,21,57,101,79,45,31,47,31,52,45,19
"COG1017",4,1,0,1,0,0,3,1,0,0,1,3
"COG1018",148,51,22,42,25,19,99,188,65,111,52,126
"COG1019",4,88,7,4,12,9,0,5,8,2,8,15
"COG1020",64,34,36,23,40,37,27,39,24,30,29,75
"COG1021",2,14,3,1,1,2,1,25,2,2,1,2
"COG1022",483,532,748,823,761,776,246,349,250,196,243,211
"COG1023",4,14,28,27,6,14,24,5,3,30,7,3
"COG1024",2139,1893,1815,1142,1645,1833,1664,1820,1725,1740,1694,1418
"COG1025",29,95,51,36,30,56,38,98,40,39,30,45
"COG1026",217,44,89,70,96,51,106,58,106,108,91,81
"COG1027",7,120,4,25,0,6,3,24,5,0,0,23
"COG1028",3951,4357,3832,3381,3734,4156,4058,3438,4131,3970,3969,3800
"COG1029",5,6,20,33,8,7,13,11,20,8,13,10
"COG1030",3,127,42,16,30,86,34,158,45,40,51,24
"COG1031",34,17,26,0,18,31,6,12,11,10,8,24
"COG1032",145,1363,179,213,178,408,459,2888,329,228,421,522
"COG1033",1069,925,992,909,818,953,784,1034,952,803,942,678
"COG1034",379,358,525,727,452,429,449,482,420,394,436,322
"COG1035",1,109,11,24,18,66,48,136,17,16,20,26
"COG1036",3,2,5,9,2,3,0,0,0,0,3,0
"COG1038",181,38,97,34,136,71,42,73,33,53,31,18
"COG1039",0,2,4,1,0,3,6,1,7,2,2,5
"COG1040",32,34,10,7,8,3,14,91,3,6,7,7
"COG1041",40,25,35,10,22,44,4,17,20,13,18,35
"COG1042",224,546,85,77,89,125,161,292,96,124,101,181
"COG1043",204,173,271,195,239,170,257,208,254,278,285,238
"COG1044",278,226,320,304,303,215,301,288,319,307,343,320
"COG1045",147,107,187,126,178,148,167,176,199,167,172,202
"COG1047",96,157,40,53,18,51,13,48,31,24,27,59
"COG1048",484,812,730,816,667,757,579,748,627,627,724,553
"COG1049",511,72,354,169,382,243,433,73,416,427,398,462
"COG1051",75,95,76,74,78,114,82,80,63,73,83,64
"COG1052",505,297,504,347,424,264,390,261,384,376,416,260
"COG1053",996,1126,1364,1134,1224,1025,1106,1072,1054,1202,1210,941
"COG1054",340,184,337,359,362,319,318,31,311,336,317,321
"COG1055",177,235,182,71,136,170,126,212,128,145,155,128
"COG1056",6,13,4,2,3,3,5,11,7,5,7,11
"COG1057",143,114,202,223,189,183,231,164,194,213,213,207
"COG1058",182,211,270,239,246,267,260,213,294,257,281,241
"COG1059",0,0,0,0,0,0,1,3,3,1,0,0
"COG1060",140,570,260,250,192,269,140,206,164,180,201,190
"COG1061",311,121,325,1000,437,1367,354,162,411,552,377,290
"COG1062",164,315,115,54,91,247,127,260,114,129,134,138
"COG1063",186,521,347,433,235,356,294,402,258,261,309,225
"COG1064",242,277,145,171,158,122,134,207,108,151,90,126
"COG1066",226,133,127,114,198,161,156,211,179,189,165,215
"COG1067",47,46,56,2,33,66,5,30,23,27,40,28
"COG1069",4,54,5,1,5,1,5,17,4,7,7,6
"COG1070",210,118,203,56,230,140,239,59,210,287,211,232
"COG1071",651,456,581,402,569,565,466,438,423,557,525,442
"COG1072",26,5,17,15,15,20,21,13,17,16,14,19
"COG1073",296,272,386,314,326,333,317,304,328,328,348,288
"COG1074",578,274,327,197,377,259,171,91,136,137,120,182
"COG1075",22,56,67,9,94,97,98,71,48,60,93,104
"COG1076",105,113,75,54,51,96,107,146,90,63,99,79
"COG1077",142,93,150,119,138,156,299,318,427,420,449,343
"COG1078",96,145,110,51,120,123,77,17,117,97,95,191
"COG1079",151,209,201,181,223,239,213,223,130,217,170,119
"COG1080",7,46,125,219,98,85,95,70,69,73,67,44
"COG1082",200,249,256,168,256,227,366,204,229,262,200,174
"COG1083",141,128,169,151,120,157,125,268,161,153,166,151
"COG1084",25,12,27,0,16,38,6,8,8,6,17,25
"COG1085",50,123,20,12,18,18,26,52,27,31,31,35
"COG1086",244,296,303,259,233,301,249,265,279,290,288,270
"COG1087",162,122,184,171,171,113,189,200,198,203,196,147
"COG1088",278,316,276,436,263,493,253,339,303,291,332,300
"COG1089",274,259,386,482,384,619,211,265,323,380,441,286
"COG1090",126,76,156,149,171,165,151,62,158,130,151,171
"COG1091",216,222,183,226,165,166,173,313,186,169,208,168
"COG1092",138,39,37,15,28,18,57,46,13,37,20,42
"COG1093",20,111,19,7,12,27,7,25,6,7,28,33
"COG1094",19,51,20,5,17,21,4,3,1,4,6,11
"COG1095",14,50,13,6,11,17,1,8,7,7,16,18
"COG1096",1,34,4,2,3,17,1,4,2,0,19,16
"COG1097",10,133,22,4,7,17,2,24,7,8,9,17
"COG1098",0,0,0,0,0,0,0,0,0,0,0,0
"COG1099",1,8,2,0,3,0,4,3,3,1,3,10
"COG1100",21,15,61,14,68,53,217,20,207,142,265,518
"COG1101",0,0,0,5,1,0,3,1,6,1,1,1
"COG1102",11,69,13,5,5,18,5,20,5,7,18,14
"COG1104",256,342,337,296,350,305,105,110,104,110,123,145
"COG1105",1,9,2,1,0,0,1,1,1,0,0,1
"COG1106",0,1,8,0,0,0,2,0,0,0,1,0
"COG1107",0,0,0,0,0,0,0,0,0,0,0,0
"COG1108",293,127,342,237,337,251,300,127,272,289,330,360
"COG1109",926,948,1051,1129,1061,1001,1058,839,1034,1015,949,855
"COG1111",67,145,70,11,22,78,7,30,28,19,29,45
"COG1112",201,104,170,120,157,307,95,189,119,105,132,257
"COG1113",0,0,0,0,0,0,0,0,0,0,0,0
"COG1114",12,12,1,1,0,0,0,0,0,0,0,0
"COG1115",331,239,282,220,279,186,319,262,231,342,292,216
"COG1116",83,180,81,35,64,106,109,106,102,62,64,92
"COG1117",16,35,63,82,63,80,263,30,262,53,78,118
"COG1118",0,14,7,3,1,10,3,6,5,1,8,5
"COG1119",21,51,44,14,44,30,69,78,47,40,65,82
"COG1120",41,62,49,10,36,60,30,35,14,53,81,41
"COG1121",152,87,288,146,310,229,289,72,249,244,346,296
"COG1122",16,49,105,160,137,128,123,120,126,95,128,169
"COG1123",569,289,396,246,491,354,503,185,462,446,405,482
"COG1124",0,1,1,0,1,0,0,5,0,0,1,1
"COG1125",1,13,4,0,2,4,5,0,10,6,2,2
"COG1126",318,205,258,283,269,266,240,221,196,258,357,201
"COG1127",104,38,86,53,106,69,115,57,84,110,86,98
"COG1129",317,224,224,230,242,269,263,146,207,266,217,205
"COG1131",654,914,828,686,736,768,650,772,698,677,757,755
"COG1132",1693,1433,1853,1667,1848,1639,1804,1306,1809,1574,1914,1856
"COG1133",143,96,191,238,165,101,158,166,166,170,180,130
"COG1134",31,66,43,8,34,54,44,97,39,40,76,47
"COG1135",1,69,2,5,1,4,2,9,2,1,3,4
"COG1136",461,523,534,463,519,485,466,471,457,466,448,457
"COG1137",197,160,237,260,252,207,278,205,238,257,247,263
"COG1138",530,456,685,683,570,651,563,543,583,579,614,481
"COG1139",0,81,3,3,4,2,14,116,4,3,4,5
"COG1140",2,21,1,1,0,8,4,562,0,0,2,6
"COG1141",2,0,16,0,23,24,13,0,28,26,29,50
"COG1142",0,9,43,2,66,64,60,41,83,31,66,110
"COG1143",94,242,196,208,209,186,175,209,150,210,274,181
"COG1144",0,8,0,3,0,0,0,172,0,0,0,0
"COG1145",91,82,27,17,42,43,66,298,43,49,32,71
"COG1146",189,266,146,196,163,146,176,241,157,159,167,134
"COG1148",0,79,0,0,0,0,0,136,0,0,1,0
"COG1150",0,13,2,0,0,0,0,29,0,0,1,2
"COG1151",0,0,0,0,0,0,0,70,0,0,0,1
"COG1153",0,1,0,3,1,0,0,2,1,0,2,1
"COG1154",575,366,591,545,653,516,660,577,604,631,599,552
"COG1155",40,244,52,18,27,53,8,38,31,27,45,47
"COG1156",29,151,22,9,11,50,3,25,14,13,40,35
"COG1157",47,65,48,11,56,24,17,10,9,16,13,12
"COG1158",424,365,573,460,484,403,404,440,420,518,483,354
"COG1159",202,106,146,104,191,107,208,106,180,186,147,173
"COG1160",328,261,297,283,356,270,333,270,359,352,282,311
"COG1161",34,28,32,4,49,60,50,23,62,35,58,122
"COG1162",178,71,105,81,105,100,151,41,111,116,104,147
"COG1163",11,41,5,2,7,13,4,29,17,15,22,58
"COG1164",127,256,127,76,143,180,149,60,126,119,123,161
"COG1165",113,95,75,21,117,125,142,98,150,86,133,178
"COG1166",20,21,84,8,134,111,157,21,161,71,160,239
"COG1167",200,138,96,63,119,74,114,103,133,142,80,109
"COG1168",71,75,31,9,48,71,56,38,43,59,37,47
"COG1169",77,75,45,18,92,110,90,63,121,61,103,142
"COG1171",697,541,552,422,553,405,545,375,491,592,538,498
"COG1172",356,227,292,277,268,316,295,127,247,329,247,227
"COG1173",150,269,140,126,134,155,443,445,392,409,401,443
"COG1174",1,25,1,0,1,2,4,3,6,5,6,2
"COG1175",580,452,621,640,660,577,761,391,462,597,421,384
"COG1176",366,385,273,279,287,268,258,378,256,328,289,264
"COG1177",81,109,74,61,74,60,254,264,211,247,239,204
"COG1178",771,504,756,810,792,705,702,444,634,771,724,677
"COG1179",13,1,5,18,3,6,6,5,2,1,4,23
"COG1180",3,92,1,2,0,5,5,112,2,1,4,6
"COG1181",277,263,342,380,336,309,132,129,100,99,100,88
"COG1182",68,11,61,109,58,37,21,4,13,18,15,14
"COG1183",218,219,230,246,199,167,71,75,60,58,88,61
"COG1184",1,7,5,2,1,2,0,9,0,1,2,7
"COG1185",606,504,779,821,739,698,783,592,756,779,766,686
"COG1186",375,304,392,399,407,346,406,327,401,394,419,391
"COG1187",394,112,209,201,207,174,254,172,228,256,175,243
"COG1188",39,18,17,8,17,12,26,12,16,23,6,14
"COG1189",4,46,62,4,57,81,100,52,78,59,78,111
"COG1190",304,262,304,334,350,316,321,255,362,323,309,316
"COG1191",22,49,27,13,28,14,35,15,5,6,10,16
"COG1192",325,355,441,390,377,384,373,328,399,373,419,381
"COG1193",154,84,103,24,188,171,153,51,157,141,168,244
"COG1194",333,202,396,448,382,292,352,254,368,416,409,322
"COG1195",239,157,180,138,240,221,246,103,279,252,206,253
"COG1196",613,778,900,772,877,996,954,702,982,829,890,917
"COG1197",815,560,642,425,729,544,786,603,703,773,616,744
"COG1198",757,558,676,671,758,709,732,614,772,802,838,679
"COG1199",186,252,170,119,191,295,169,391,228,132,206,290
"COG1200",624,442,680,788,715,660,781,577,726,695,797,650
"COG1201",200,517,341,37,320,269,317,75,237,316,152,332
"COG1202",0,2,0,0,0,0,1,1,0,0,0,0
"COG1203",4,9,9,2,2,1,7,7,5,1,1,10
"COG1204",33,88,27,4,15,41,20,47,41,41,59,142
"COG1205",28,19,25,38,8,25,13,71,8,7,13,15
"COG1206",49,43,79,15,108,39,99,39,72,73,103,152
"COG1207",241,159,342,380,375,305,323,178,415,350,344,306
"COG1208",472,559,536,526,456,647,410,693,565,427,569,557
"COG1209",261,231,269,258,244,230,229,272,243,265,231,151
"COG1210",162,163,165,180,156,124,161,138,162,169,168,142
"COG1211",181,195,282,329,254,272,242,249,301,286,253,276
"COG1212",302,179,271,312,275,226,263,290,299,311,298,215
"COG1213",51,232,75,36,57,81,46,236,62,57,82,56
"COG1214",110,102,120,119,127,123,47,57,41,36,53,43
"COG1215",127,263,135,155,145,155,109,162,135,97,135,184
"COG1216",289,360,295,252,258,314,316,517,311,255,327,273
"COG1217",633,360,437,783,525,308,428,450,627,556,416,511
"COG1218",231,163,267,263,219,231,218,191,244,257,248,273
"COG1219",419,345,429,523,449,401,424,343,494,486,494,388
"COG1220",229,257,301,297,260,243,225,359,264,252,303,242
"COG1221",6,12,6,1,2,2,30,14,1,5,2,13
"COG1222",38,16,34,1,22,43,2,11,11,14,29,72
"COG1223",3,0,0,0,1,2,0,0,0,0,0,6
"COG1224",5,0,2,0,2,7,0,0,0,5,2,30
"COG1225",196,298,273,179,289,249,240,153,324,237,302,349
"COG1226",330,367,294,187,349,281,397,493,305,352,329,460
"COG1227",43,4,8,12,6,7,4,0,0,7,0,4
"COG1228",942,869,531,332,419,456,517,816,416,624,580,358
"COG1229",8,14,13,35,16,16,16,13,11,5,12,15
"COG1230",32,131,20,7,11,29,33,110,18,11,25,41
"COG1231",39,122,47,72,29,58,30,152,24,33,42,57
"COG1232",31,40,63,8,40,51,36,170,62,117,112,60
"COG1233",904,423,794,506,821,763,878,404,886,851,877,996
"COG1234",232,228,266,152,275,250,78,56,74,105,72,72
"COG1235",231,141,218,205,203,202,212,226,232,206,219,155
"COG1236",77,217,138,25,121,109,133,40,95,94,60,190
"COG1237",18,13,25,4,5,5,16,4,18,19,11,5
"COG1238",180,139,138,215,153,162,138,174,158,178,157,130
"COG1239",137,84,119,36,219,136,192,44,218,169,163,387
"COG1240",5,13,48,4,61,48,63,4,20,57,43,36
"COG1241",76,248,78,24,57,103,12,37,36,74,64,160
"COG1242",8,24,0,0,2,1,6,41,0,2,5,3
"COG1243",5,162,15,236,14,13,4,51,11,11,24,40
"COG1244",16,20,28,2,18,39,7,11,21,16,30,24
"COG1245",52,212,45,16,25,66,8,22,25,17,42,68
"COG1246",42,38,15,25,14,7,16,52,18,13,5,43
"COG1247",20,48,8,38,7,30,24,30,10,6,15,18
"COG1249",921,860,752,604,947,767,811,704,790,889,833,825
"COG1250",1243,950,961,740,853,894,859,1055,777,874,868,657
"COG1251",9,24,10,3,3,9,10,125,1,5,4,28
"COG1252",122,132,185,59,237,223,300,19,306,207,235,449
"COG1253",323,425,340,293,389,445,385,342,363,329,349,391
"COG1254",2,77,9,8,7,12,12,49,6,7,9,5
"COG1255",0,0,0,0,0,0,0,0,0,0,0,0
"COG1256",76,62,61,9,57,39,83,24,59,58,43,40
"COG1257",122,122,94,40,93,93,65,53,72,114,85,66
"COG1258",39,172,42,13,25,67,6,14,18,17,22,47
"COG1259",55,45,66,75,46,52,60,78,54,42,42,40
"COG1260",4,228,45,104,58,118,31,170,53,46,68,45
"COG1261",10,29,7,1,5,3,10,13,5,6,2,9
"COG1262",350,599,239,98,236,156,333,542,273,280,241,242
"COG1263",0,1,0,0,0,0,0,0,0,0,1,0
"COG1264",0,0,0,0,1,1,0,0,0,1,0,0
"COG1266",109,56,98,19,108,99,95,67,190,121,115,232
"COG1267",94,61,98,87,86,91,107,88,97,95,108,63
"COG1268",106,94,136,142,133,115,139,97,127,99,148,135
"COG1269",52,268,64,19,23,76,11,45,25,25,39,94
"COG1270",49,131,52,11,56,30,58,51,77,42,46,98
"COG1271",6,49,7,7,0,7,9,229,6,3,1,22
"COG1272",76,49,24,73,22,27,26,66,28,45,19,29
"COG1273",0,17,0,0,0,1,0,1,0,0,0,1
"COG1274",1,39,8,6,6,51,14,89,17,7,17,24
"COG1275",0,0,5,0,0,0,0,10,0,0,0,0
"COG1276",1,5,3,0,1,3,1,0,3,1,0,1
"COG1277",56,119,45,28,41,51,14,36,14,12,23,22
"COG1278",117,168,136,195,122,117,129,212,132,138,127,100
"COG1279",69,37,96,125,58,98,89,9,84,91,105,77
"COG1280",411,273,374,477,342,347,373,303,347,353,339,291
"COG1281",70,10,47,10,77,36,109,7,75,80,56,105
"COG1282",310,319,517,451,476,410,431,331,456,464,511,450
"COG1283",151,99,116,115,88,139,33,198,30,76,82,36
"COG1284",7,34,2,0,1,5,6,9,1,0,4,3
"COG1285",4,15,7,5,1,2,3,27,1,0,2,3
"COG1286",78,11,33,31,19,6,37,15,31,32,13,22
"COG1287",178,240,243,12,89,245,23,75,60,56,90,126
"COG1288",13,6,3,2,1,1,6,4,4,2,0,5
"COG1289",1,16,1,0,0,2,4,2,1,1,4,1
"COG1290",446,366,514,451,464,410,380,439,435,453,513,541
"COG1291",35,120,69,7,47,81,66,143,45,61,66,43
"COG1292",208,139,145,67,167,79,206,55,109,212,134,150
"COG1293",45,292,116,86,108,140,36,25,43,24,55,80
"COG1294",6,16,4,15,3,2,11,107,2,6,2,19
"COG1295",77,82,49,24,84,68,82,56,80,71,76,120
"COG1296",101,35,89,131,75,90,83,38,74,77,65,64
"COG1297",66,107,107,21,59,115,21,141,69,50,76,45
"COG1298",84,110,79,15,62,52,123,62,62,83,54,67
"COG1299",0,0,1,4,0,1,1,0,3,3,2,0
"COG1300",3,9,4,0,1,1,3,2,1,0,0,2
"COG1301",221,128,217,180,166,133,144,108,181,204,173,155
"COG1302",0,0,0,0,0,0,1,0,0,0,0,0
"COG1303",8,73,11,7,4,18,2,3,10,2,13,10
"COG1304",424,297,490,363,491,406,394,312,513,507,596,460
"COG1305",26,163,71,20,78,100,141,230,177,44,72,146
"COG1306",0,3,59,162,63,57,10,3,11,12,10,1
"COG1307",2,47,10,1,7,44,5,37,17,8,28,14
"COG1308",0,15,1,0,0,1,0,3,2,1,5,11
"COG1309",328,163,129,117,125,118,161,221,114,162,131,140
"COG1310",14,76,18,4,18,62,22,36,15,12,12,67
"COG1311",5,20,31,21,10,63,4,30,30,14,26,43
"COG1312",39,74,33,18,35,44,21,35,58,46,62,37
"COG1313",0,0,0,0,0,0,0,47,0,0,0,0
"COG1314",24,0,5,5,2,10,8,3,12,8,29,12
"COG1315",3,35,11,2,1,2,11,25,4,1,14,9
"COG1316",0,19,67,90,51,76,101,29,33,40,24,35
"COG1317",6,43,7,1,0,2,2,19,1,1,3,6
"COG1319",75,375,94,38,75,218,161,375,96,87,143,97
"COG1320",10,10,5,3,2,2,5,10,6,1,3,2
"COG1321",99,177,122,126,60,78,50,77,57,78,62,59
"COG1322",371,277,452,442,429,386,367,298,381,443,356,292
"COG1324",2,63,46,4,40,31,30,78,43,29,36,48
"COG1325",2,46,0,2,0,3,1,5,2,0,0,7
"COG1326",16,6,10,0,4,29,2,0,7,9,10,10
"COG1327",82,70,118,143,156,119,158,113,158,141,154,119
"COG1328",0,147,1,14,0,5,1,63,3,0,0,39
"COG1329",34,21,47,65,49,38,150,76,148,117,157,89
"COG1330",18,99,77,5,128,59,200,105,179,81,178,342
"COG1331",207,584,189,156,182,212,211,335,209,161,223,176
"COG1333",64,1,46,27,70,65,51,0,88,40,60,247
"COG1334",8,3,2,0,0,0,0,0,0,1,2,3
"COG1335",36,70,27,14,14,21,89,156,89,74,100,117
"COG1336",0,0,0,0,0,0,0,0,0,0,0,0
"COG1337",0,0,0,0,0,0,0,0,0,0,0,0
"COG1338",39,39,33,7,33,24,42,22,25,30,14,30
"COG1339",10,86,17,3,6,18,0,7,10,3,7,17
"COG1340",25,9,24,0,12,24,1,2,9,9,22,18
"COG1341",0,0,3,0,0,2,0,0,1,1,0,2
"COG1343",0,0,0,0,0,0,0,0,0,0,0,0
"COG1344",242,415,200,41,136,105,298,274,219,178,214,153
"COG1345",49,117,54,9,37,23,60,63,38,44,28,40
"COG1346",29,3,7,40,4,2,6,3,3,5,0,3
"COG1347",96,30,49,44,64,35,74,26,74,85,74,34
"COG1348",2,1,50,1,79,55,110,0,66,55,89,100
"COG1349",118,20,20,31,15,5,19,29,8,31,7,20
"COG1350",12,108,92,169,107,118,61,249,77,81,116,58
"COG1351",48,134,98,161,113,283,303,279,336,379,359,255
"COG1352",6,61,10,3,8,9,19,29,8,16,9,36
"COG1353",0,1,0,0,0,0,0,3,0,0,0,0
"COG1354",198,222,257,272,237,251,272,185,276,274,306,234
"COG1355",2,49,3,1,0,4,1,64,3,2,3,5
"COG1356",0,0,0,0,0,0,0,1,0,0,0,0
"COG1357",132,439,191,148,245,248,257,511,215,162,252,389
"COG1358",8,10,3,1,2,11,1,12,7,3,11,19
"COG1359",10,44,11,5,12,19,19,16,24,11,19,21
"COG1360",215,158,143,63,135,123,162,199,115,146,109,95
"COG1361",0,173,1,9,0,1,1,21,3,0,0,12
"COG1362",42,18,8,1,0,30,20,28,13,9,8,18
"COG1363",152,53,65,45,71,22,77,18,78,100,44,55
"COG1364",81,89,118,138,109,99,267,334,362,290,350,317
"COG1366",19,21,22,7,18,24,35,30,19,16,15,46
"COG1368",140,151,51,44,35,27,54,126,26,73,34,30
"COG1369",0,0,0,0,0,0,0,1,0,0,0,0
"COG1370",28,82,45,2,33,55,6,9,34,21,30,26
"COG1371",1,50,6,4,0,7,1,32,1,0,2,11
"COG1372",45,8,148,309,233,300,224,96,215,215,159,286
"COG1373",0,15,1,1,1,1,3,27,0,0,0,1
"COG1374",2,0,0,0,0,2,0,0,0,0,0,2
"COG1376",33,48,33,12,26,31,102,30,24,38,18,53
"COG1377",48,55,38,9,39,26,66,29,37,40,20,40
"COG1378",18,77,25,12,8,27,6,47,17,15,23,22
"COG1379",0,4,0,0,0,0,0,49,0,0,0,0
"COG1380",3,0,0,2,0,0,2,0,0,0,0,0
"COG1381",154,150,174,165,191,154,219,205,237,187,202,210
"COG1382",0,0,1,0,0,0,0,0,0,0,0,0
"COG1383",7,1,2,0,3,6,0,1,2,1,2,4
"COG1384",322,321,360,359,341,339,284,293,334,332,349,305
"COG1385",227,171,285,302,301,213,308,248,327,266,257,273
"COG1386",154,203,236,277,228,189,196,208,218,203,205,196
"COG1387",39,66,44,4,33,28,17,46,18,32,27,37
"COG1388",12,45,31,11,39,14,50,53,24,28,32,44
"COG1389",38,134,62,10,32,87,10,47,34,30,50,55
"COG1390",5,47,7,7,4,11,3,8,5,4,7,24
"COG1391",114,141,34,27,53,23,140,142,38,79,39,61
"COG1392",47,119,30,31,31,30,14,73,7,33,35,33
"COG1393",83,77,42,38,33,47,56,53,58,35,43,82
"COG1394",17,87,21,5,12,33,4,15,10,9,7,19
"COG1395",0,2,0,0,0,0,0,0,0,0,0,0
"COG1396",274,176,212,241,193,176,216,319,181,241,219,155
"COG1397",20,29,5,18,8,15,10,55,12,8,4,8
"COG1398",63,56,82,80,106,177,103,34,136,89,128,144
"COG1399",34,43,19,20,16,39,37,62,13,10,8,24
"COG1400",0,0,0,0,0,2,0,0,0,0,0,2
"COG1401",11,31,34,8,18,17,12,35,12,10,36,20
"COG1402",21,169,61,8,80,66,114,62,77,46,70,115
"COG1403",127,137,214,237,202,247,197,183,216,224,194,189
"COG1404",273,290,369,83,257,431,329,495,620,644,844,770
"COG1405",77,353,67,467,51,125,21,44,38,48,54,100
"COG1406",0,2,2,0,0,1,0,5,0,0,1,4
"COG1407",11,71,51,9,55,27,53,22,50,37,12,63
"COG1408",97,38,67,25,45,49,53,29,49,63,34,28
"COG1409",47,94,65,27,41,38,168,156,141,209,139,208
"COG1410",188,442,279,147,309,302,362,503,315,274,354,580
"COG1411",3,3,1,9,4,5,10,4,7,2,3,2
"COG1412",1,0,1,0,0,4,0,1,0,3,0,9
"COG1413",8,131,113,10,107,102,216,181,87,108,121,220
"COG1414",172,96,47,132,39,66,67,128,52,67,42,58
"COG1415",0,11,2,3,0,2,2,43,2,0,1,1
"COG1416",0,1,2,1,1,0,1,2,1,1,0,1
"COG1418",110,72,28,21,30,29,41,84,22,26,25,36
"COG1419",23,52,14,4,8,7,20,22,12,6,16,13
"COG1420",44,96,69,56,61,73,115,147,56,64,67,80
"COG1422",15,73,21,4,8,5,4,7,5,4,6,18
"COG1426",7,54,22,7,8,34,35,73,15,13,22,25
"COG1427",25,28,22,2,22,24,8,17,15,8,13,16
"COG1428",194,61,71,223,88,66,95,97,88,124,75,64
"COG1429",195,101,350,32,470,214,508,71,455,364,328,864
"COG1430",60,66,60,28,82,128,70,40,76,114,62,57
"COG1431",0,2,1,0,0,0,0,0,0,0,1,0
"COG1432",44,105,13,14,14,21,11,79,18,9,11,19
"COG1433",0,1,0,0,0,0,0,0,0,0,0,0
"COG1434",24,53,45,42,41,46,40,33,19,22,10,25
"COG1435",140,72,104,317,124,135,100,80,84,125,90,71
"COG1436",7,11,3,0,6,7,0,2,1,8,3,8
"COG1437",0,1,1,0,0,0,1,2,0,0,1,1
"COG1438",0,7,5,19,7,11,18,8,17,17,2,9
"COG1439",3,44,13,2,8,11,1,10,8,7,9,17
"COG1441",1,27,2,1,0,20,3,17,2,0,6,19
"COG1442",1,1,25,126,32,36,19,1,29,15,30,11
"COG1443",58,77,19,24,27,23,30,6,27,36,24,31
"COG1444",4,6,1,0,1,1,2,6,3,0,3,20
"COG1445",2,3,2,0,2,0,2,1,0,1,1,1
"COG1446",104,140,96,49,105,74,101,125,74,120,92,81
"COG1448",46,4,11,3,10,12,51,4,34,66,26,32
"COG1449",1,3,142,51,119,72,67,17,46,97,32,16
"COG1450",123,154,117,87,110,76,144,201,150,176,156,130
"COG1451",75,56,46,41,63,20,27,47,43,37,27,28
"COG1452",406,212,412,429,318,248,370,356,436,355,412,313
"COG1453",0,7,18,0,37,34,110,35,145,75,76,197
"COG1454",391,477,376,385,348,312,297,304,409,394,348,354
"COG1455",1,0,0,0,0,0,0,0,0,0,0,1
"COG1456",0,6,0,0,0,0,0,37,0,0,0,0
"COG1457",17,14,7,0,1,7,2,1,0,1,0,3
"COG1459",200,167,190,203,148,169,194,290,165,152,209,163
"COG1460",0,2,2,0,1,0,0,2,0,0,4,1
"COG1461",1,77,19,4,14,69,9,55,26,7,24,17
"COG1462",49,20,14,55,38,38,28,14,48,104,43,44
"COG1463",23,36,47,12,50,51,73,17,66,52,45,96
"COG1464",1,3,1,0,0,0,0,0,0,0,0,0
"COG1465",23,113,18,9,17,31,1,11,4,5,13,26
"COG1466",322,209,278,286,239,251,259,276,309,278,291,318
"COG1467",13,178,26,30,21,39,4,17,15,29,22,36
"COG1468",0,1,1,0,0,0,0,5,0,0,0,0
"COG1469",55,24,27,48,30,15,25,50,18,42,20,25
"COG1470",0,0,5,0,3,5,0,2,2,1,3,1
"COG1471",18,77,16,8,13,25,1,13,10,6,15,21
"COG1472",983,448,550,590,613,477,661,525,625,707,620,546
"COG1473",451,469,456,439,461,406,454,437,404,492,475,400
"COG1474",51,145,55,13,46,84,11,44,27,24,34,77
"COG1475",305,354,361,337,321,339,332,278,337,350,342,260
"COG1476",32,18,13,54,17,11,18,20,11,23,4,5
"COG1477",126,101,126,88,134,75,135,123,112,144,125,100
"COG1478",36,225,49,79,56,51,55,41,49,35,47,50
"COG1479",40,37,33,52,29,42,16,120,13,12,30,28
"COG1480",92,78,164,152,179,163,200,166,191,204,178,193
"COG1481",0,0,1,0,0,0,0,0,1,0,0,0
"COG1482",30,38,16,5,8,35,18,23,14,15,8,14
"COG1483",1,6,4,0,4,1,7,16,2,2,5,3
"COG1484",21,90,17,4,12,19,20,348,13,2,20,27
"COG1485",241,38,206,253,223,162,193,25,229,240,166,165
"COG1486",11,31,43,8,64,95,79,62,53,53,100,49
"COG1487",2,7,1,1,1,2,4,3,0,0,1,3
"COG1488",44,62,42,11,54,34,86,52,61,71,51,41
"COG1489",119,100,131,143,115,126,147,125,176,128,142,164
"COG1490",68,59,64,64,64,70,39,58,53,70,59,67
"COG1491",8,76,14,3,8,21,1,19,12,4,12,14
"COG1492",75,135,63,16,108,62,113,83,86,73,74,143
"COG1493",24,14,13,4,9,5,11,3,6,12,8,14
"COG1494",113,107,208,158,183,202,162,141,205,180,206,164
"COG1495",78,37,67,80,68,55,70,40,62,58,68,46
"COG1496",118,109,168,252,190,208,206,183,222,185,192,200
"COG1497",0,0,0,0,0,0,0,0,0,0,0,0
"COG1498",23,141,30,7,13,37,7,14,11,10,21,53
"COG1499",25,16,24,1,16,38,2,8,9,9,18,26
"COG1500",19,78,14,5,3,27,1,17,14,4,18,19
"COG1501",31,62,19,3,17,23,22,20,9,27,17,36
"COG1502",57,68,60,12,47,45,66,76,8,43,17,62
"COG1503",20,127,29,12,25,48,5,28,16,10,22,40
"COG1505",200,129,131,95,117,74,137,80,100,161,122,105
"COG1506",566,728,682,357,649,506,527,733,532,676,618,541
"COG1507",0,9,17,37,12,21,16,5,6,18,8,1
"COG1508",263,198,191,186,205,148,190,233,168,189,167,158
"COG1509",25,165,15,20,10,19,18,65,19,17,16,53
"COG1510",3,4,6,1,1,1,3,10,2,3,2,2
"COG1511",0,0,0,0,0,0,0,0,0,0,1,2
"COG1512",32,25,19,1,10,2,52,9,1,7,3,14
"COG1513",1,2,5,0,4,1,34,15,10,4,11,32
"COG1514",3,95,8,5,1,17,7,73,6,4,7,18
"COG1515",0,10,4,0,1,9,2,14,1,2,2,2
"COG1516",7,26,6,1,4,2,11,10,3,2,3,5
"COG1518",6,5,6,0,1,0,3,19,0,0,0,1
"COG1519",480,270,372,436,358,318,359,340,367,388,379,334
"COG1520",273,332,305,331,251,331,311,413,282,318,333,328
"COG1521",62,54,69,77,67,72,219,166,230,207,202,184
"COG1522",493,587,130,133,112,127,155,269,92,158,92,183
"COG1523",27,56,95,2,126,113,149,132,122,110,122,234
"COG1524",133,220,179,151,168,206,138,293,128,161,155,129
"COG1525",72,96,101,121,105,139,108,144,136,135,122,156
"COG1526",240,159,47,205,122,145,105,173,66,164,89,117
"COG1527",23,128,31,10,25,33,3,14,16,5,23,46
"COG1528",22,6,44,16,46,12,21,0,36,31,32,91
"COG1529",364,1749,335,136,305,816,709,1504,451,304,541,521
"COG1530",601,474,647,729,639,552,236,209,209,200,171,201
"COG1533",8,92,33,11,34,57,46,142,36,49,44,35
"COG1534",19,7,2,29,5,4,4,24,4,3,7,6
"COG1535",1,0,0,0,0,0,0,3,0,0,1,0
"COG1536",12,43,18,1,16,21,76,147,54,48,59,41
"COG1537",19,165,24,7,12,37,5,26,12,10,29,33
"COG1538",499,420,539,569,590,481,509,482,659,582,559,600
"COG1539",141,74,128,134,116,110,53,32,43,46,40,35
"COG1540",145,153,154,166,119,121,139,108,119,126,146,136
"COG1541",102,174,68,20,58,52,80,287,43,75,36,51
"COG1543",0,0,56,1,89,37,57,0,68,45,83,126
"COG1544",44,14,30,19,42,29,82,53,51,52,43,75
"COG1545",39,78,26,15,23,61,41,66,46,28,43,32
"COG1546",171,181,221,184,251,245,222,208,227,204,228,239
"COG1547",0,15,21,2,32,21,18,10,27,13,23,32
"COG1548",4,5,3,13,9,14,8,10,6,7,12,2
"COG1549",41,10,37,0,23,36,1,4,5,7,6,11
"COG1550",0,7,0,0,0,0,1,15,0,0,0,1
"COG1551",0,6,0,2,4,1,9,20,14,11,5,3
"COG1552",0,1,0,43,1,0,0,0,2,1,4,5
"COG1553",19,7,4,14,5,4,3,24,7,8,8,3
"COG1554",36,22,17,40,11,5,39,4,7,38,7,5
"COG1555",24,14,11,6,7,2,30,53,4,8,2,13
"COG1556",2,36,0,8,3,0,2,43,0,1,1,5
"COG1558",15,24,13,4,6,3,19,8,11,11,22,5
"COG1559",198,123,172,190,175,135,159,208,142,206,130,100
"COG1560",395,264,328,401,317,304,350,335,360,383,313,268
"COG1561",174,78,82,82,100,67,99,108,100,103,78,83
"COG1562",345,88,362,237,272,318,312,45,324,279,313,327
"COG1563",0,0,0,0,1,3,1,0,0,0,0,0
"COG1564",13,48,59,53,42,77,19,54,47,52,51,27
"COG1565",192,150,323,320,282,313,254,226,299,247,313,312
"COG1566",9,38,16,7,11,14,38,22,28,7,18,15
"COG1568",0,2,0,0,0,1,1,4,0,1,0,1
"COG1569",0,1,0,0,0,0,1,1,0,0,0,0
"COG1570",243,222,179,143,198,185,54,78,68,71,77,55
"COG1571",9,133,27,13,12,27,6,11,17,11,32,22
"COG1572",34,11,38,1,10,19,1,5,5,2,14,3
"COG1573",178,304,289,409,310,335,266,314,312,261,297,294
"COG1574",391,449,147,107,119,204,140,474,148,190,187,161
"COG1575",48,159,127,186,147,172,126,108,165,122,160,150
"COG1576",133,46,63,52,80,46,64,36,87,83,70,105
"COG1577",24,103,18,4,18,40,5,21,8,12,29,28
"COG1578",0,1,3,1,0,0,0,0,0,0,1,0
"COG1579",25,55,29,11,21,55,21,82,27,26,34,21
"COG1580",5,15,2,2,1,1,0,9,1,1,1,10
"COG1581",6,52,1,5,1,3,2,14,1,1,0,2
"COG1582",0,0,1,0,0,0,0,0,0,0,0,0
"COG1583",0,2,0,0,0,0,0,0,0,0,0,0
"COG1584",1,0,0,0,0,2,0,0,0,0,0,2
"COG1585",15,4,1,7,0,5,2,6,1,1,1,1
"COG1586",78,45,136,171,170,157,127,85,163,158,180,132
"COG1587",113,227,172,205,160,186,179,174,207,170,226,222
"COG1588",1,1,0,2,0,0,0,1,0,0,0,0
"COG1589",94,58,73,64,89,50,104,55,93,52,93,103
"COG1590",2,3,1,0,2,8,0,1,0,0,0,0
"COG1591",0,0,0,0,0,0,0,7,0,0,0,0
"COG1592",51,42,11,67,45,40,88,51,52,38,16,39
"COG1593",869,429,466,356,567,477,501,386,609,515,467,434
"COG1594",30,24,18,256,14,33,3,9,9,21,15,35
"COG1595",352,247,196,196,211,172,218,200,155,214,129,145
"COG1596",222,110,145,112,175,112,147,195,178,223,161,172
"COG1597",49,154,104,92,80,156,198,149,197,90,101,83
"COG1598",1,3,0,0,0,0,0,4,0,0,0,0
"COG1599",46,180,50,9,30,69,5,30,17,23,45,48
"COG1600",191,238,176,141,163,221,241,274,187,189,199,185
"COG1601",20,44,10,5,3,14,1,10,3,5,9,27
"COG1602",0,137,0,5,2,11,2,18,6,2,2,20
"COG1603",0,0,0,0,0,0,0,7,0,0,0,0
"COG1604",0,0,0,0,0,0,0,0,0,0,0,0
"COG1605",105,78,78,73,89,58,64,78,80,89,74,84
"COG1606",0,58,27,6,53,72,44,52,92,41,55,114
"COG1607",62,51,47,22,60,65,40,52,48,55,47,41
"COG1608",17,72,22,9,7,29,1,5,6,9,18,23
"COG1609",395,175,131,111,146,79,161,134,118,165,99,138
"COG1610",133,100,138,181,149,119,33,38,57,43,53,35
"COG1611",165,200,167,117,131,126,181,213,159,149,137,226
"COG1612",286,239,342,418,322,314,307,229,371,304,366,347
"COG1613",0,1,0,4,0,0,0,0,0,0,0,0
"COG1615",0,336,176,275,118,152,194,125,56,87,68,122
"COG1617",0,0,0,0,0,0,0,0,0,0,0,0
"COG1618",13,7,20,2,12,29,0,6,12,7,20,11
"COG1619",59,53,58,14,68,69,108,56,76,57,72,123
"COG1620",4,27,4,1,3,12,8,15,7,8,7,11
"COG1621",11,42,13,3,13,16,16,22,49,14,23,11
"COG1622",496,337,432,470,430,356,373,455,384,448,477,371
"COG1623",1,0,56,95,51,43,40,1,25,23,23,6
"COG1624",75,72,75,32,110,64,100,86,68,60,64,88
"COG1625",0,43,47,1,69,93,72,42,98,44,119,140
"COG1626",4,74,10,3,2,10,5,12,3,4,13,14
"COG1628",0,44,0,0,0,0,0,9,0,0,0,0
"COG1629",3612,1774,2367,1682,2466,2207,2333,1545,2922,2775,2493,2513
"COG1630",0,64,0,2,0,1,0,5,0,0,0,10
"COG1631",1,34,6,0,4,4,0,8,2,6,4,7
"COG1632",23,69,24,6,15,30,1,18,7,2,25,15
"COG1633",0,3,5,2,1,4,10,20,6,1,3,0
"COG1634",16,97,17,8,6,8,2,10,13,11,18,25
"COG1635",2,69,1,2,0,3,0,6,1,0,0,13
"COG1636",50,12,37,43,18,12,12,10,8,9,4,8
"COG1637",0,10,2,0,0,22,7,11,3,0,3,0
"COG1638",524,320,338,222,387,317,387,292,324,333,324,263
"COG1639",3,16,29,6,6,8,20,22,5,5,5,16
"COG1640",6,19,141,117,174,136,136,90,110,99,128,169
"COG1641",5,116,38,11,72,84,21,14,22,21,20,58
"COG1643",257,54,83,92,68,98,189,48,53,110,54,285
"COG1644",8,42,10,48,7,15,1,5,7,5,7,8
"COG1645",0,0,0,0,0,0,0,0,0,0,0,0
"COG1646",27,110,26,5,21,43,10,40,14,19,38,33
"COG1647",0,25,5,5,2,6,2,87,5,3,5,5
"COG1648",67,95,4,63,9,14,18,208,19,15,19,33
"COG1649",31,75,37,12,34,62,61,138,25,36,29,45
"COG1650",16,89,23,6,14,23,2,18,12,9,5,28
"COG1651",218,271,195,243,201,169,234,206,177,209,191,183
"COG1652",54,13,29,12,26,15,41,24,23,22,16,30
"COG1653",709,515,715,741,767,712,836,456,590,668,585,514
"COG1654",25,83,15,36,2,20,10,13,14,13,12,22
"COG1655",0,0,1,0,0,0,2,0,0,0,0,0
"COG1656",0,1,1,0,0,0,0,4,0,0,0,0
"COG1657",2,39,16,0,8,7,14,63,9,5,6,16
"COG1658",0,9,1,0,1,3,0,2,1,1,4,0
"COG1659",0,0,0,0,0,0,0,0,0,0,0,0
"COG1660",73,26,58,88,52,66,67,44,37,36,31,27
"COG1661",10,18,45,4,42,43,32,41,40,27,36,66
"COG1662",2,1,0,0,0,0,0,10,0,0,0,0
"COG1663",291,210,246,331,230,228,252,249,256,255,224,195
"COG1664",53,77,41,48,35,34,61,104,41,47,51,32
"COG1665",0,0,0,0,0,0,0,7,0,0,1,0
"COG1666",34,18,27,46,25,34,120,45,100,91,70,87
"COG1668",86,47,66,24,46,55,39,50,34,49,39,37
"COG1669",0,2,0,0,0,0,2,2,0,0,0,0
"COG1670",152,213,84,204,65,93,131,207,70,82,77,74
"COG1671",37,21,9,4,18,6,20,10,14,17,6,17
"COG1672",0,1,0,0,2,0,0,20,0,0,1,0
"COG1673",1,0,1,0,0,0,0,0,0,0,0,0
"COG1674",677,438,728,757,632,562,583,635,642,680,655,469
"COG1675",0,47,0,4,0,9,0,16,0,0,0,5
"COG1676",12,90,4,8,8,9,3,23,8,3,7,22
"COG1677",7,11,9,4,9,10,32,13,10,12,11,14
"COG1678",26,38,30,12,37,24,91,161,100,105,83,62
"COG1679",66,104,83,21,44,85,24,42,30,54,41,48
"COG1680",938,953,750,480,802,721,711,703,911,1070,768,712
"COG1681",0,2,0,0,0,0,0,8,0,0,0,0
"COG1682",23,73,41,7,28,45,34,86,38,21,52,36
"COG1683",21,19,9,4,3,21,0,6,7,3,8,7
"COG1684",28,33,30,8,12,18,61,24,22,29,20,22
"COG1685",7,85,13,3,7,10,2,8,7,4,5,13
"COG1686",343,186,322,390,336,252,284,195,312,340,303,280
"COG1687",13,1,0,2,0,0,0,3,0,0,0,0
"COG1688",0,2,0,0,0,0,1,0,0,0,1,0
"COG1690",25,108,42,8,14,43,12,89,26,11,24,51
"COG1691",1,87,17,6,39,23,26,27,48,26,43,73
"COG1692",76,92,162,167,128,124,143,149,132,128,150,94
"COG1694",181,110,140,129,241,468,261,114,276,264,233,249
"COG1695",16,75,16,17,6,4,33,15,11,9,7,19
"COG1696",95,112,65,36,50,53,60,62,56,67,39,57
"COG1697",31,118,30,3,19,50,5,42,15,15,34,43
"COG1698",0,31,5,1,2,6,1,5,2,2,3,11
"COG1699",0,17,1,0,0,1,6,13,0,2,1,5
"COG1700",0,1,0,0,0,0,0,0,1,0,0,1
"COG1701",20,67,26,6,11,30,2,4,3,3,3,4
"COG1702",362,235,429,788,508,886,447,298,522,563,468,394
"COG1703",247,354,211,51,146,203,37,74,32,36,43,45
"COG1704",17,21,26,5,18,18,22,23,24,23,25,21
"COG1705",63,5,28,20,34,8,35,4,29,47,18,29
"COG1706",39,54,47,6,34,24,52,23,34,38,31,23
"COG1707",0,1,0,0,0,0,0,0,0,0,0,0
"COG1708",0,12,0,0,0,2,1,6,0,0,0,0
"COG1709",0,1,2,0,1,1,0,7,2,0,2,1
"COG1711",1,43,0,7,0,4,0,5,1,0,0,11
"COG1712",3,68,15,8,11,7,2,6,2,3,2,6
"COG1713",0,13,2,0,0,1,2,1,0,0,0,0
"COG1714",30,35,31,30,19,22,36,33,25,25,22,15
"COG1715",3,6,3,0,9,4,6,24,2,4,8,3
"COG1716",3,46,15,21,25,50,25,38,17,10,15,12
"COG1717",6,59,18,4,12,26,3,13,8,7,7,15
"COG1718",37,42,20,7,19,31,2,9,10,13,16,32
"COG1719",1,0,1,0,0,1,0,3,0,0,1,0
"COG1720",3,2,4,0,1,7,3,3,1,2,2,17
"COG1721",224,235,140,74,119,157,143,277,127,130,144,142
"COG1722",20,18,26,10,20,11,17,14,23,15,26,16
"COG1723",2,0,2,0,1,2,0,1,0,1,0,17
"COG1724",0,0,0,0,0,0,0,0,0,0,0,0
"COG1725",1,18,29,1,52,51,43,6,80,28,67,87
"COG1726",207,47,128,119,159,94,112,25,146,202,124,86
"COG1727",7,32,8,4,6,15,0,7,4,5,10,12
"COG1729",221,158,214,234,168,174,209,284,184,162,205,132
"COG1730",2,0,2,0,0,0,0,5,0,0,0,2
"COG1732",1,20,2,1,4,2,4,6,7,5,5,4
"COG1733",168,44,26,144,29,32,35,24,26,50,21,34
"COG1734",109,121,139,155,135,128,136,167,126,120,121,110
"COG1735",10,61,2,1,4,16,2,33,13,3,14,5
"COG1736",31,120,32,6,17,38,2,24,18,12,18,39
"COG1737",160,17,24,68,24,11,51,26,33,39,26,22
"COG1738",147,131,188,180,163,126,217,150,205,226,182,143
"COG1739",66,11,8,12,11,12,4,6,3,8,9,15
"COG1740",2,4,3,1,1,0,1,11,0,0,2,4
"COG1741",243,183,209,158,203,170,95,50,83,76,75,63
"COG1742",4,9,2,1,0,0,2,12,0,0,0,3
"COG1743",0,8,3,1,2,2,1,10,0,2,2,0
"COG1744",202,227,315,271,291,304,216,298,147,291,227,146
"COG1745",0,0,0,0,0,0,0,0,0,0,0,0
"COG1746",0,139,2,8,1,8,0,7,2,0,2,14
"COG1747",0,1,0,0,0,0,2,1,4,3,4,9
"COG1748",243,97,236,75,228,111,142,101,146,248,164,155
"COG1749",68,73,66,15,56,37,69,36,56,66,57,41
"COG1750",0,0,0,0,0,0,0,14,0,0,0,0
"COG1752",134,112,67,356,51,127,42,109,67,53,43,78
"COG1754",412,438,657,1099,709,650,755,523,658,671,613,620
"COG1755",0,8,2,0,3,0,2,0,1,1,3,0
"COG1756",2,43,0,3,0,4,0,4,0,0,0,8
"COG1757",155,177,81,47,112,78,102,210,86,101,103,89
"COG1758",99,91,140,176,128,106,110,73,151,125,140,113
"COG1759",47,212,14,9,19,17,2,23,9,11,4,23
"COG1760",103,69,20,23,19,16,23,72,4,26,21,15
"COG1761",0,0,2,1,1,0,0,4,3,1,2,4
"COG1762",29,34,27,14,14,17,34,57,16,22,19,16
"COG1763",30,21,23,20,28,24,28,44,24,25,26,20
"COG1764",29,18,13,12,19,9,12,8,26,17,25,21
"COG1765",45,61,32,20,24,27,31,27,29,19,32,27
"COG1766",77,73,55,17,69,43,91,37,51,63,43,32
"COG1767",6,7,9,19,6,3,5,6,4,4,13,6
"COG1768",0,3,1,0,0,0,0,0,0,0,0,0
"COG1769",0,0,0,0,0,0,0,0,0,0,0,0
"COG1770",399,317,465,585,504,377,431,384,471,479,457,355
"COG1772",0,3,5,0,3,0,1,3,9,0,8,2
"COG1773",23,7,26,17,32,28,31,9,51,23,25,51
"COG1774",102,14,10,16,10,3,27,35,8,19,9,12
"COG1775",0,0,0,0,0,0,1,545,0,0,0,0
"COG1776",5,5,1,0,0,3,2,5,0,0,0,14
"COG1777",18,16,12,0,18,13,0,3,7,6,21,6
"COG1778",65,81,49,38,49,38,56,84,72,61,41,48
"COG1779",13,9,11,0,9,14,2,8,3,1,5,6
"COG1780",0,2,1,0,0,0,0,0,1,0,0,0
"COG1781",5,19,0,1,2,2,0,11,8,7,8,10
"COG1782",33,228,40,12,27,70,7,48,26,14,36,54
"COG1783",37,2,4,10,7,5,23,0,4,28,14,12
"COG1784",24,26,32,0,9,17,2,6,4,6,4,2
"COG1785",130,39,60,50,53,30,59,12,57,64,48,48
"COG1786",25,26,6,7,10,17,10,11,4,17,6,18
"COG1787",0,1,8,0,16,8,13,0,42,16,3,43
"COG1788",102,66,57,24,35,38,57,63,43,44,23,35
"COG1791",0,1,8,2,3,1,21,0,2,4,0,7
"COG1792",241,164,248,288,264,232,245,254,285,265,281,251
"COG1793",97,238,168,251,271,191,239,124,285,254,101,318
"COG1794",93,59,115,113,88,87,82,49,129,101,106,105
"COG1795",7,2,17,26,6,8,9,5,10,11,15,11
"COG1796",49,45,61,325,61,64,20,28,29,69,34,48
"COG1797",60,159,80,34,95,64,95,126,84,52,89,178
"COG1798",13,108,27,8,8,32,4,5,3,6,6,7
"COG1799",0,7,15,1,44,45,31,8,36,25,30,55
"COG1801",7,13,6,7,4,1,5,21,2,10,1,3
"COG1802",82,30,19,21,16,11,112,103,37,47,26,47
"COG1803",5,7,6,5,1,0,13,1,3,6,2,21
"COG1804",573,1489,656,227,558,928,767,929,871,678,679,627
"COG1805",167,40,113,92,131,82,122,31,118,178,110,71
"COG1806",113,94,157,178,132,117,42,38,48,34,54,37
"COG1807",189,192,400,203,390,314,488,289,349,351,515,596
"COG1808",38,24,29,21,36,7,70,9,13,34,10,48
"COG1809",19,11,14,6,21,8,9,4,12,2,5,4
"COG1811",2,1,39,91,33,33,6,0,1,8,11,8
"COG1812",0,2,0,0,0,0,0,0,0,0,0,0
"COG1813",11,5,9,36,4,25,2,5,8,3,9,8
"COG1814",9,102,8,7,2,12,1,21,0,0,1,5
"COG1815",21,20,15,1,9,9,21,7,9,8,15,12
"COG1816",113,197,117,224,90,137,84,219,80,102,165,99
"COG1817",2,102,13,9,8,16,3,22,5,9,5,23
"COG1818",0,48,1,2,0,2,0,0,1,0,0,6
"COG1819",40,223,25,39,23,19,68,35,85,20,27,54
"COG1820",73,63,33,23,40,31,69,43,43,80,94,95
"COG1821",3,4,8,14,6,7,7,8,10,2,8,3
"COG1823",1,0,0,1,2,0,4,0,5,2,4,2
"COG1824",1,15,2,0,0,35,1,30,1,0,6,4
"COG1825",238,186,256,288,243,234,227,186,240,241,241,200
"COG1826",20,11,25,13,25,10,24,13,47,34,23,49
"COG1828",26,31,53,42,63,88,49,21,48,59,76,68
"COG1829",3,94,31,8,16,23,4,6,9,14,15,32
"COG1830",57,242,39,27,40,59,29,101,37,53,45,61
"COG1831",18,10,18,1,14,28,1,4,13,12,22,11
"COG1832",22,35,40,54,27,42,98,117,83,92,111,81
"COG1833",0,5,0,0,0,0,2,48,2,0,1,0
"COG1834",297,184,325,377,287,331,236,253,272,314,327,229
"COG1835",82,17,55,83,46,32,103,63,126,126,120,133
"COG1836",16,55,45,3,66,74,67,91,46,29,66,84
"COG1837",0,2,1,1,0,5,0,12,3,0,7,3
"COG1838",37,90,23,43,12,69,24,48,7,9,6,9
"COG1840",487,261,448,470,510,359,344,262,345,482,419,421
"COG1841",33,67,43,35,27,36,31,28,47,31,25,24
"COG1842",7,38,17,1,3,3,54,21,9,13,55,58
"COG1843",38,33,18,10,31,12,43,10,29,28,21,15
"COG1845",440,310,475,346,431,318,352,454,376,412,404,345
"COG1846",151,125,113,109,81,113,118,190,114,121,119,98
"COG1847",0,18,35,89,34,51,7,16,11,11,12,4
"COG1848",0,1,0,0,0,1,3,1,0,0,0,2
"COG1849",1,5,7,0,4,6,0,3,4,3,3,4
"COG1850",103,45,74,26,108,90,84,56,89,84,112,269
"COG1852",0,0,1,0,0,0,3,9,0,0,0,1
"COG1853",90,51,73,32,87,113,385,156,419,228,283,477
"COG1854",1,0,0,0,0,0,0,1,0,0,0,0
"COG1855",25,15,29,10,16,15,3,25,4,17,13,25
"COG1856",0,7,2,0,2,0,2,50,1,0,1,1
"COG1857",0,0,0,0,0,0,0,0,0,0,0,0
"COG1858",278,110,94,50,81,78,103,159,53,74,61,51
"COG1859",16,11,22,1,7,20,2,1,5,1,3,3
"COG1861",103,132,91,78,68,89,66,144,87,63,105,84
"COG1862",91,46,53,60,50,38,23,10,20,18,12,6
"COG1863",12,20,14,3,10,8,18,32,10,8,14,5
"COG1864",40,14,14,26,20,26,26,16,19,26,21,10
"COG1865",11,0,0,0,0,0,0,0,0,0,0,0
"COG1866",436,345,259,163,255,210,69,75,77,90,64,56
"COG1867",37,107,44,6,30,34,45,26,21,17,22,66
"COG1868",32,91,31,6,37,25,56,52,29,44,29,27
"COG1869",0,0,0,0,0,0,0,1,0,1,1,0
"COG1871",2,1,1,2,0,1,3,2,1,0,1,2
"COG1872",8,14,2,0,0,1,0,2,0,0,0,0
"COG1873",0,0,1,0,0,0,1,0,1,0,3,1
"COG1874",88,13,21,31,26,10,31,1,22,41,4,17
"COG1875",23,84,84,49,61,243,90,74,64,63,49,66
"COG1876",44,10,25,10,38,33,65,0,61,34,36,51
"COG1877",12,32,8,9,16,11,13,3,9,8,4,11
"COG1878",21,103,26,7,30,14,33,49,20,24,15,31
"COG1879",326,182,250,202,243,230,282,115,225,259,215,193
"COG1881",4,37,8,2,0,8,4,11,8,1,1,2
"COG1882",5,2,1,0,0,2,1,33,0,0,0,8
"COG1883",74,83,15,41,30,17,29,117,40,11,25,21
"COG1884",180,242,139,42,123,165,369,682,314,361,344,283
"COG1885",0,0,0,0,0,0,0,0,0,0,0,0
"COG1886",11,62,21,4,14,11,25,38,15,11,13,13
"COG1887",15,26,13,10,17,9,2,48,5,15,28,9
"COG1889",12,88,16,4,8,12,2,11,9,6,13,23
"COG1890",18,87,22,2,13,24,3,21,5,11,13,31
"COG1891",1,30,4,13,3,0,3,6,3,0,5,5
"COG1892",0,0,0,0,0,0,0,3,0,0,0,0
"COG1893",124,212,171,97,153,168,246,172,139,143,107,148
"COG1894",598,594,422,783,503,590,391,709,427,521,433,371
"COG1896",43,68,13,12,10,14,21,26,7,19,7,25
"COG1897",58,50,47,16,64,39,93,42,61,59,70,90
"COG1898",115,148,119,115,104,145,136,238,129,123,136,128
"COG1899",154,302,194,231,170,219,124,150,159,147,232,185
"COG1900",0,0,0,0,0,0,3,2,0,0,0,0
"COG1901",8,12,19,1,2,11,4,1,11,5,18,1
"COG1902",617,647,272,195,287,291,335,658,257,329,261,276
"COG1903",41,131,44,6,50,53,63,33,83,51,93,103
"COG1904",31,16,13,12,21,9,21,8,19,26,12,11
"COG1905",105,177,151,237,144,149,145,190,124,117,163,86
"COG1906",0,0,2,0,1,11,0,1,2,7,0,2
"COG1907",6,10,11,22,5,5,4,8,3,8,11,6
"COG1908",0,23,0,0,0,0,1,97,0,0,0,0
"COG1909",24,30,18,1,9,17,2,6,5,5,10,10
"COG1910",3,64,4,0,4,4,14,63,3,1,4,9
"COG1911",5,3,5,0,2,7,3,1,1,0,4,4
"COG1912",74,27,82,94,79,59,74,41,37,82,44,23
"COG1913",0,0,0,0,0,1,0,6,0,0,0,0
"COG1914",92,72,107,80,145,72,151,28,66,136,131,137
"COG1915",0,132,1,7,0,5,1,19,1,1,0,8
"COG1916",25,66,20,2,11,34,9,37,12,19,31,23
"COG1917",11,18,8,3,11,8,36,48,33,24,53,55
"COG1918",1,4,1,1,1,2,2,15,0,1,0,1
"COG1920",8,110,27,41,29,46,21,15,20,17,25,24
"COG1921",48,238,118,119,99,126,70,158,116,85,126,78
"COG1922",3,8,34,96,44,31,66,9,44,30,31,35
"COG1923",17,12,6,0,5,5,14,13,4,12,9,9
"COG1924",0,17,0,0,0,0,0,300,0,0,0,0
"COG1925",12,9,22,27,15,18,9,1,4,5,4,4
"COG1926",0,2,0,0,0,0,1,7,0,0,0,0
"COG1927",0,1,0,0,0,0,0,1,0,0,0,0
"COG1928",3,9,1,3,2,6,5,5,8,1,6,13
"COG1929",46,49,77,116,68,72,38,40,49,36,63,28
"COG1931",0,29,5,8,0,2,0,1,3,0,0,7
"COG1932",229,323,206,192,217,235,192,321,196,218,220,179
"COG1933",83,70,116,46,55,142,17,60,49,37,84,107
"COG1934",39,18,8,10,7,10,31,28,9,14,7,18
"COG1936",12,77,16,3,7,26,1,13,7,3,11,13
"COG1937",9,24,1,8,5,2,9,6,16,1,1,3
"COG1938",40,102,31,8,22,50,8,15,23,26,25,39
"COG1939",1,4,12,1,18,12,20,3,22,15,18,27
"COG1940",202,267,253,309,187,305,246,281,199,184,170,171
"COG1941",0,0,0,0,0,0,0,4,0,0,0,0
"COG1942",2,6,11,5,9,8,15,2,36,4,5,18
"COG1943",11,25,4,8,2,3,9,96,6,3,6,14
"COG1944",5,2,4,6,3,2,3,1,1,1,0,6
"COG1945",0,25,3,1,0,5,0,10,5,0,3,10
"COG1946",139,68,82,56,63,67,89,21,80,102,77,63
"COG1947",45,44,71,63,60,44,204,194,198,198,172,207
"COG1948",10,20,19,37,10,11,14,31,8,23,10,35
"COG1949",94,48,49,33,45,49,36,50,55,56,48,40
"COG1950",2,1,0,1,0,0,0,0,0,1,0,12
"COG1951",47,80,33,43,29,53,73,162,29,43,10,44
"COG1952",53,17,29,28,19,16,28,20,22,25,11,17
"COG1953",188,117,260,411,170,199,149,42,182,221,282,183
"COG1954",0,0,0,0,0,0,0,0,0,0,0,0
"COG1955",28,4,23,0,20,45,0,4,9,12,16,8
"COG1956",35,13,23,10,13,13,19,9,7,15,11,9
"COG1957",58,105,99,306,114,126,89,67,88,107,85,81
"COG1958",4,64,0,7,3,7,1,4,0,0,2,20
"COG1959",38,31,38,57,30,28,96,214,108,93,105,105
"COG1960",2841,2869,2597,2043,2470,2529,2115,2202,2421,2574,2354,1862
"COG1961",158,105,104,40,111,168,98,330,136,84,133,118
"COG1963",1,1,21,0,24,16,20,1,19,12,21,61
"COG1964",2,101,14,24,11,19,1,54,19,12,9,22
"COG1965",9,14,2,1,1,1,1,4,4,3,1,4
"COG1966",15,87,26,39,20,29,29,137,17,14,27,28
"COG1967",5,18,23,0,12,33,1,5,11,6,31,12
"COG1968",262,206,329,357,286,224,314,250,316,297,301,297
"COG1969",0,0,0,0,0,0,0,11,0,0,0,0
"COG1970",8,11,31,50,18,23,22,0,10,6,13,15
"COG1971",2,2,0,1,0,0,1,2,0,0,0,2
"COG1972",163,128,133,92,161,109,139,117,126,172,136,81
"COG1974",236,216,352,396,351,300,313,268,329,387,372,297
"COG1975",187,277,154,58,128,202,158,251,102,136,170,125
"COG1976",8,70,21,3,11,17,0,3,11,7,15,23
"COG1977",26,71,12,10,9,26,28,40,13,10,18,24
"COG1978",11,1,12,10,8,13,10,0,14,12,2,3
"COG1979",6,1,1,3,0,0,0,4,0,0,3,8
"COG1980",0,79,0,10,0,6,1,11,2,0,1,9
"COG1981",100,64,26,122,56,110,120,86,145,60,72,150
"COG1982",2,4,51,0,74,36,20,1,27,9,16,53
"COG1983",0,4,0,0,0,0,3,19,0,1,0,0
"COG1984",180,191,194,219,166,162,148,144,166,143,193,162
"COG1985",290,247,406,415,401,365,372,249,430,393,424,392
"COG1986",1,2,8,9,9,1,5,1,4,1,5,3
"COG1987",7,12,7,2,6,8,9,3,6,4,7,13
"COG1988",60,23,51,40,46,23,29,4,18,11,5,10
"COG1989",85,94,94,91,66,75,117,153,81,81,104,82
"COG1990",15,37,13,5,5,13,1,13,6,5,11,9
"COG1992",23,80,11,12,7,4,2,14,7,5,5,17
"COG1993",0,0,0,0,0,0,0,4,0,0,0,0
"COG1994",34,109,104,23,83,115,68,120,90,52,86,138
"COG1995",384,249,382,341,380,285,107,54,136,144,108,98
"COG1997",1,12,8,2,1,10,0,6,6,1,4,4
"COG1998",2,8,4,1,1,2,1,1,0,1,0,3
"COG1999",292,166,191,193,223,168,185,167,201,244,223,171
"COG2001",176,108,153,184,157,126,46,46,52,55,54,36
"COG2002",1,2,6,0,5,3,1,0,3,5,1,2
"COG2003",39,39,15,5,4,4,17,92,8,7,5,11
"COG2004",4,0,9,0,1,9,0,2,5,1,8,6
"COG2005",5,9,1,2,3,0,8,6,5,2,4,4
"COG2006",0,28,2,0,1,5,1,93,8,1,8,7
"COG2007",10,40,7,1,5,9,2,9,8,3,4,13
"COG2008",265,165,157,240,159,178,162,175,139,158,133,113
"COG2009",95,70,123,154,132,109,106,107,113,124,115,91
"COG2010",122,134,109,99,111,62,143,133,146,142,123,158
"COG2011",0,1,1,0,1,1,0,0,0,0,0,0
"COG2012",5,28,7,140,10,16,1,6,10,9,9,13
"COG2013",30,35,33,8,14,29,11,13,10,12,30,23
"COG2014",0,4,2,0,0,4,1,35,2,0,1,5
"COG2015",131,91,122,83,128,191,105,149,153,118,111,82
"COG2016",13,45,10,4,11,20,2,7,5,2,10,18
"COG2017",136,77,101,106,134,123,144,37,151,139,121,156
"COG2018",0,0,0,0,0,0,0,0,0,0,0,0
"COG2019",0,56,2,2,0,3,2,9,2,0,3,3
"COG2020",13,27,29,10,23,26,48,104,86,64,71,90
"COG2021",302,323,364,541,361,354,93,87,140,142,148,89
"COG2022",114,102,163,162,152,143,60,54,56,45,59,60
"COG2023",0,30,0,2,0,1,0,0,0,0,0,0
"COG2025",275,341,305,310,296,323,282,397,334,313,327,249
"COG2026",1,0,0,0,1,0,0,7,0,0,0,2
"COG2027",42,121,74,48,90,99,74,146,107,68,97,151
"COG2029",0,0,1,0,0,1,0,0,0,0,0,0
"COG2030",223,310,232,150,183,256,260,216,246,209,191,157
"COG2031",38,11,38,9,19,11,22,1,14,18,9,13
"COG2032",37,15,17,116,21,7,45,4,19,28,10,19
"COG2035",170,72,119,130,128,97,128,49,112,129,93,63
"COG2036",12,37,5,23,4,8,3,9,0,6,5,34
"COG2037",9,9,10,27,6,10,7,5,10,12,9,8
"COG2038",44,139,72,7,73,59,74,56,96,49,79,124
"COG2039",1,6,14,0,3,17,4,0,3,2,5,3
"COG2040",146,216,189,201,206,175,191,220,195,190,188,127
"COG2041",200,273,169,199,163,174,162,134,120,195,174,154
"COG2042",10,59,13,5,3,22,3,6,4,3,6,11
"COG2043",2,17,1,1,1,1,5,11,4,2,5,2
"COG2044",0,2,1,0,0,0,0,17,1,0,1,0
"COG2045",20,13,31,9,64,35,45,4,47,36,62,85
"COG2046",135,243,103,73,105,123,98,252,120,95,137,184
"COG2047",11,72,16,2,13,21,2,8,4,2,4,8
"COG2048",13,40,22,0,9,34,9,132,15,9,17,9
"COG2049",95,128,134,129,105,112,119,110,118,111,127,89
"COG2050",224,200,228,226,211,176,190,171,196,211,196,167
"COG2051",1,17,1,0,1,1,0,6,0,0,0,2
"COG2052",0,0,0,0,0,0,0,0,0,0,0,0
"COG2053",4,24,2,2,3,6,2,10,3,2,1,4
"COG2054",0,1,3,2,3,3,0,5,4,0,1,1
"COG2055",292,388,282,289,336,281,271,200,318,316,338,255
"COG2056",0,0,3,0,0,0,0,0,0,0,0,4
"COG2057",75,66,34,18,30,26,40,48,41,23,17,49
"COG2058",14,37,9,3,2,11,0,7,6,2,5,7
"COG2059",69,33,33,19,38,16,94,3,94,34,19,31
"COG2060",0,1,0,0,0,1,0,0,0,0,0,0
"COG2061",0,0,0,0,0,0,0,0,0,0,0,0
"COG2062",81,48,44,32,69,52,156,24,139,60,49,50
"COG2063",26,29,22,4,23,15,41,7,17,20,10,14
"COG2064",54,32,34,4,27,19,3,32,19,22,21,14
"COG2065",102,59,58,68,79,97,117,63,77,88,62,81
"COG2066",1,12,2,28,5,5,10,1,54,3,6,27
"COG2067",38,18,25,24,10,8,12,6,8,23,11,17
"COG2068",47,94,63,74,54,93,80,90,61,49,65,47
"COG2070",440,307,302,231,332,256,259,256,306,381,272,224
"COG2071",78,106,108,73,81,107,104,102,79,79,90,50
"COG2072",563,545,469,436,469,525,517,159,525,525,496,513
"COG2073",80,197,69,16,91,90,103,60,117,72,95,168
"COG2074",5,64,17,0,6,14,3,21,3,5,13,5
"COG2075",7,13,4,3,1,9,3,3,3,0,6,14
"COG2076",110,56,140,136,129,108,122,45,107,113,122,97
"COG2077",17,18,11,19,5,6,5,8,5,6,4,5
"COG2078",0,21,0,0,0,5,1,33,0,2,0,1
"COG2079",303,339,454,446,406,304,419,308,402,417,392,322
"COG2080",93,342,81,36,67,241,166,434,112,65,142,108
"COG2081",407,25,79,222,94,58,104,7,121,100,59,139
"COG2082",28,80,22,5,31,47,37,42,54,27,54,78
"COG2084",623,619,518,588,548,542,711,343,518,594,620,571
"COG2085",18,131,17,15,23,26,17,43,19,15,26,16
"COG2086",253,293,266,264,271,302,262,387,220,290,253,225
"COG2087",22,19,16,2,36,24,45,36,43,18,32,67
"COG2088",0,2,3,1,0,2,0,4,0,0,1,1
"COG2089",302,322,351,353,258,263,264,494,308,294,349,310
"COG2090",0,28,0,0,0,2,0,3,0,0,0,2
"COG2091",4,7,4,1,3,7,9,6,1,5,2,21
"COG2092",0,34,2,2,1,0,0,5,1,0,2,2
"COG2093",3,31,2,0,2,4,0,3,3,4,4,4
"COG2094",1,32,26,56,44,30,31,24,50,23,41,55
"COG2095",164,67,31,102,38,31,13,23,5,17,8,6
"COG2096",113,113,95,84,77,113,63,97,68,75,78,68
"COG2097",2,32,10,2,4,16,2,7,5,5,8,15
"COG2098",0,0,0,0,0,0,0,0,0,0,0,0
"COG2099",34,13,33,5,39,34,37,30,54,42,60,88
"COG2101",12,130,30,16,15,33,1,8,4,3,6,10
"COG2102",30,94,13,9,9,25,3,19,8,8,13,21
"COG2103",70,49,45,25,54,39,97,73,57,60,104,83
"COG2104",5,16,8,12,7,10,10,21,8,4,9,21
"COG2105",2,2,3,2,7,3,9,2,1,5,3,1
"COG2106",0,74,1,6,0,1,0,4,1,0,0,10
"COG2107",14,95,27,11,11,28,11,12,14,13,13,25
"COG2108",26,11,17,1,15,29,1,4,10,7,11,5
"COG2109",51,115,80,17,152,103,157,55,152,91,151,257
"COG2110",17,29,25,0,10,32,7,46,16,10,14,17
"COG2111",44,70,24,11,33,11,36,61,30,31,12,29
"COG2112",0,87,1,8,0,4,0,8,0,0,0,22
"COG2113",463,485,374,460,341,386,325,270,340,332,363,322
"COG2114",180,779,575,171,533,690,769,1044,643,640,515,430
"COG2115",89,28,66,24,72,42,78,12,65,114,49,44
"COG2116",2,9,12,1,8,3,46,62,10,11,32,46
"COG2118",4,23,1,3,1,1,1,1,3,1,0,8
"COG2119",8,7,12,1,8,21,13,2,10,8,14,49
"COG2120",48,68,43,45,49,60,149,152,117,133,112,100
"COG2121",7,60,33,25,31,45,44,104,56,44,60,36
"COG2122",7,12,7,3,2,2,9,12,5,4,6,7
"COG2123",11,104,21,4,8,23,0,19,10,5,18,33
"COG2124",345,420,421,439,395,614,437,187,386,405,398,379
"COG2125",17,63,17,2,5,20,1,15,11,7,5,25
"COG2126",0,1,0,0,0,0,0,2,1,0,0,2
"COG2127",43,44,73,36,85,50,88,30,91,57,79,98
"COG2128",59,211,97,61,87,126,122,115,94,73,106,91
"COG2129",2,2,0,3,0,1,3,28,0,0,0,2
"COG2130",179,138,157,86,175,177,151,38,181,186,180,171
"COG2131",63,82,42,137,50,55,44,61,37,78,32,40
"COG2132",45,330,41,47,15,21,25,19,10,5,2,23
"COG2133",410,615,518,460,483,493,451,450,468,555,575,480
"COG2135",48,78,153,169,168,128,148,114,153,139,149,127
"COG2136",5,0,1,0,1,3,0,0,0,1,1,14
"COG2137",42,51,24,24,29,26,31,86,23,37,38,24
"COG2138",45,148,46,14,67,49,59,33,66,55,65,124
"COG2139",2,32,2,3,2,9,0,3,1,2,3,4
"COG2140",0,4,2,0,0,1,0,6,0,2,2,4
"COG2141",472,2323,730,789,589,1118,687,781,741,507,741,653
"COG2142",29,11,33,46,39,40,33,5,29,33,20,22
"COG2143",56,18,12,10,12,7,14,10,11,16,9,11
"COG2144",1,10,0,1,0,1,11,4,9,1,0,4
"COG2145",7,3,10,1,9,3,13,2,8,5,2,3
"COG2146",23,120,61,58,27,51,35,42,35,37,46,58
"COG2147",13,39,11,5,6,9,1,14,5,5,4,19
"COG2148",177,164,173,301,184,140,59,69,55,63,63,49
"COG2149",0,1,1,0,1,0,0,0,0,0,0,0
"COG2150",0,1,0,0,0,0,0,1,0,0,0,0
"COG2151",100,172,103,98,97,114,107,128,102,120,113,80
"COG2152",20,15,0,2,0,1,1,10,1,0,1,0
"COG2153",43,8,30,34,45,18,50,10,36,60,32,24
"COG2154",98,94,131,104,120,115,113,66,124,134,132,146
"COG2155",0,0,0,0,0,0,0,1,0,0,0,0
"COG2156",0,0,0,1,0,0,0,0,0,0,0,0
"COG2157",0,0,0,0,0,4,1,0,1,3,4,11
"COG2159",111,487,110,47,62,236,161,213,127,65,132,142
"COG2160",1,6,1,0,1,6,3,2,5,7,7,3
"COG2161",3,3,2,1,0,0,6,1,0,1,0,3
"COG2162",1,5,0,0,0,0,0,5,0,1,0,1
"COG2163",4,0,4,0,1,7,1,1,0,1,1,13
"COG2164",0,14,7,1,6,9,7,19,3,2,4,2
"COG2165",42,32,30,12,26,15,43,25,26,38,25,30
"COG2166",68,37,84,69,93,70,88,28,81,81,81,101
"COG2167",1,0,0,0,1,2,0,0,0,0,0,0
"COG2168",0,1,3,8,2,2,1,10,4,0,1,2
"COG2169",12,17,7,4,1,4,2,4,4,1,1,3
"COG2170",0,81,51,13,64,96,61,196,72,49,96,113
"COG2171",287,181,256,336,265,228,254,128,214,313,242,187
"COG2172",5,24,18,2,15,23,33,32,22,14,20,39
"COG2173",9,44,24,8,61,32,52,26,49,41,48,79
"COG2174",0,0,0,0,0,3,0,1,1,0,0,3
"COG2175",263,602,611,465,555,669,609,266,669,528,650,653
"COG2176",2,46,34,98,26,70,20,97,23,11,41,19
"COG2177",107,71,94,137,99,113,113,95,91,100,66,41
"COG2178",0,90,26,12,13,27,6,9,14,10,9,12
"COG2179",0,5,20,1,15,12,34,4,25,15,19,38
"COG2180",0,0,1,0,0,1,0,144,0,0,0,0
"COG2181",4,17,3,25,3,3,2,230,2,5,2,4
"COG2182",5,16,69,30,80,41,38,16,32,39,16,10
"COG2183",26,26,15,10,7,12,10,19,3,4,13,33
"COG2184",0,1,0,0,0,0,0,3,0,1,0,0
"COG2185",324,276,281,70,260,259,248,267,192,201,193,143
"COG2186",51,83,13,6,19,21,44,123,10,23,9,22
"COG2187",1,31,6,0,0,1,7,32,2,2,5,2
"COG2188",143,41,28,52,22,10,83,53,45,41,20,25
"COG2189",19,44,39,112,39,129,21,74,36,31,46,21
"COG2190",0,0,0,0,0,0,0,1,0,0,0,0
"COG2191",0,0,2,0,0,0,0,12,0,0,0,0
"COG2192",276,401,425,336,499,1423,368,460,466,553,770,413
"COG2193",34,22,45,34,38,37,42,14,43,48,55,50
"COG2194",129,17,5,24,1,5,5,17,3,2,3,21
"COG2195",32,26,10,14,11,8,37,28,36,55,32,18
"COG2197",202,123,99,64,67,89,186,139,76,68,75,173
"COG2198",8,17,3,3,1,8,3,18,2,1,2,33
"COG2199",123,208,113,83,27,87,81,211,31,26,45,222
"COG2200",13,61,13,0,2,11,47,50,20,17,21,96
"COG2201",6,52,15,5,14,9,21,28,15,8,18,44
"COG2202",163,307,170,60,42,93,176,551,64,50,61,265
"COG2203",41,87,95,15,99,54,57,28,29,24,38,53
"COG2204",256,242,178,163,184,158,607,880,544,618,539,448
"COG2205",2,46,9,1,0,0,42,7,0,0,1,2
"COG2206",7,83,40,6,15,45,26,192,27,18,33,43
"COG2207",361,195,112,78,76,39,168,56,63,116,80,156
"COG2208",185,134,356,300,258,347,340,110,231,167,265,269
"COG2209",85,25,79,39,72,33,50,23,59,80,49,38
"COG2210",6,42,1,5,1,1,4,58,0,0,1,5
"COG2211",389,126,323,209,350,253,305,64,377,399,333,385
"COG2212",1,1,1,1,1,0,1,1,0,0,0,1
"COG2213",1,0,68,103,54,46,23,0,26,37,36,6
"COG2214",202,141,207,177,268,159,290,190,253,223,265,375
"COG2215",1,3,4,6,1,4,6,3,1,8,7,2
"COG2216",1,0,0,0,0,2,0,0,0,0,0,0
"COG2217",201,444,377,262,308,396,321,484,295,198,289,423
"COG2218",5,15,11,14,11,10,13,1,3,11,14,15
"COG2219",27,166,28,10,22,48,4,12,13,20,23,49
"COG2220",247,281,328,286,352,292,329,243,355,287,283,383
"COG2221",12,31,16,52,9,20,12,95,30,17,11,15
"COG2222",4,16,12,6,13,17,13,4,12,12,19,17
"COG2223",9,12,19,12,13,8,83,626,11,9,21,93
"COG2224",241,200,270,531,291,265,225,357,273,278,270,220
"COG2225",438,316,480,669,486,408,482,406,451,454,493,391
"COG2226",334,395,402,387,400,320,369,424,369,347,334,338
"COG2227",294,174,254,241,241,223,275,227,277,228,265,270
"COG2229",0,0,0,0,0,0,0,0,0,0,0,0
"COG2230",434,307,542,619,466,475,416,244,510,487,524,434
"COG2231",0,12,1,0,0,0,0,18,0,1,1,0
"COG2232",3,1,3,17,8,8,7,3,4,7,4,2
"COG2233",65,160,92,47,107,104,66,133,38,110,99,71
"COG2234",518,499,328,194,308,252,265,619,232,347,302,255
"COG2235",2,9,6,0,4,9,3,3,5,2,5,4
"COG2236",92,74,197,188,166,175,143,108,146,170,188,131
"COG2237",28,125,26,6,23,30,1,7,16,12,26,28
"COG2238",1,48,19,2,10,18,2,20,3,4,17,13
"COG2239",136,104,142,203,137,129,392,398,500,409,498,379
"COG2240",5,4,10,2,8,2,12,1,11,16,1,7
"COG2241",50,80,56,7,77,26,66,44,61,41,47,109
"COG2242",45,90,49,9,50,17,68,19,60,57,56,95
"COG2243",39,84,33,15,68,41,47,29,48,51,56,85
"COG2244",107,94,66,26,50,36,136,309,138,184,159,108
"COG2246",0,14,5,2,3,20,0,12,13,3,4,10
"COG2247",0,3,1,0,0,2,0,0,1,0,0,1
"COG2249",115,29,149,111,94,63,86,19,97,105,152,70
"COG2250",0,4,0,0,0,1,1,3,3,0,2,0
"COG2251",52,68,95,81,109,141,181,63,133,77,156,196
"COG2252",176,167,269,313,219,180,169,239,297,233,256,184
"COG2253",0,0,0,0,0,0,0,1,0,0,0,0
"COG2255",204,171,149,77,192,191,173,207,189,191,172,204
"COG2256",200,186,83,80,92,114,152,237,140,99,153,198
"COG2257",4,4,4,0,1,1,1,0,2,2,2,2
"COG2258",36,57,43,36,40,37,29,67,32,45,37,29
"COG2259",13,57,58,31,52,45,19,22,26,66,90,57
"COG2260",0,1,0,0,0,1,0,0,0,0,0,0
"COG2261",0,1,0,0,0,0,0,0,0,0,0,0
"COG2262",361,339,230,303,259,219,88,85,57,91,59,72
"COG2263",19,4,18,0,6,20,0,8,5,7,17,14
"COG2264",166,87,101,68,110,74,122,89,150,100,107,163
"COG2265",315,142,109,113,118,116,131,213,137,142,104,153
"COG2266",0,38,0,8,0,1,0,3,0,0,0,12
"COG2267",152,37,103,128,101,71,108,26,106,125,77,95
"COG2268",72,106,61,37,51,55,50,18,34,61,55,88
"COG2269",54,32,7,16,11,7,14,20,18,12,7,14
"COG2270",237,323,346,343,306,303,238,294,284,323,301,179
"COG2271",3,13,2,3,3,4,2,25,0,4,4,19
"COG2272",223,139,191,78,211,152,164,55,227,246,197,151
"COG2273",292,117,131,91,151,156,144,181,125,172,101,113
"COG2274",35,37,49,20,45,28,258,179,111,133,195,244
"COG2301",97,237,211,147,201,163,49,24,59,71,62,34
"COG2302",1,0,41,0,49,47,55,0,47,27,54,82
"COG2303",1212,957,1062,903,1106,770,1053,636,1138,1106,1060,906
"COG2304",328,324,186,219,172,149,174,447,151,243,167,154
"COG2306",0,0,0,0,0,0,0,0,0,0,0,0
"COG2307",5,14,9,72,21,25,123,25,154,3,56,132
"COG2308",7,51,30,118,70,76,232,28,438,8,88,219
"COG2309",49,81,66,6,77,118,53,69,55,87,67,49
"COG2310",6,7,2,0,1,1,0,1,2,0,1,3
"COG2311",28,23,61,36,36,69,37,14,30,39,33,25
"COG2312",3,7,1,6,0,1,0,21,0,1,0,0
"COG2313",18,25,13,3,11,22,39,73,27,36,24,33
"COG2314",2,4,5,0,6,6,2,1,2,1,2,3
"COG2315",4,18,1,1,0,9,2,2,2,0,5,8
"COG2316",0,25,3,0,2,1,2,33,3,1,4,1
"COG2317",99,68,152,13,187,183,187,63,169,150,168,235
"COG2318",4,7,4,2,0,2,7,4,4,2,3,4
"COG2319",301,184,304,35,192,304,164,171,162,206,287,856
"COG2320",4,1,0,0,0,1,0,1,1,0,2,3
"COG2321",4,8,2,1,1,5,0,1,1,0,2,2
"COG2322",40,34,20,8,24,22,44,48,29,39,22,17
"COG2323",0,14,0,1,0,0,2,1,0,1,2,2
"COG2324",9,3,1,6,10,12,5,4,11,3,3,4
"COG2326",96,71,84,67,85,99,154,36,106,92,80,89
"COG2327",3,11,15,3,11,9,31,16,1,15,1,24
"COG2329",34,50,78,12,57,41,26,21,20,46,42,28
"COG2331",27,30,18,26,14,13,24,33,31,20,18,13
"COG2332",101,89,127,172,107,119,36,38,37,31,33,23
"COG2333",24,42,7,1,1,7,5,191,4,4,5,14
"COG2334",385,314,315,309,290,310,306,271,246,314,301,231
"COG2335",215,43,109,28,102,26,44,6,56,107,60,91
"COG2336",0,0,0,0,0,0,0,2,0,0,0,0
"COG2337",6,2,1,2,0,0,1,7,1,0,0,0
"COG2339",31,38,28,23,19,13,9,24,3,9,12,11
"COG2340",12,23,56,127,55,37,28,4,24,39,39,14
"COG2342",0,2,5,0,0,1,0,0,3,0,1,2
"COG2343",4,9,11,2,4,2,29,7,7,8,6,23
"COG2344",0,24,38,47,35,37,20,21,28,22,17,10
"COG2345",0,4,4,1,3,0,36,3,2,7,2,19
"COG2346",7,11,4,6,0,4,10,5,6,0,1,5
"COG2348",1,4,1,1,4,3,0,2,0,1,8,1
"COG2350",18,13,16,6,18,13,21,4,21,15,24,33
"COG2351",68,44,46,19,43,46,22,14,8,14,23,16
"COG2352",361,278,527,749,574,420,556,337,630,541,462,500
"COG2353",111,36,55,56,43,45,59,25,41,57,41,27
"COG2354",13,13,1,0,0,3,1,5,2,3,1,5
"COG2355",320,358,248,277,282,240,209,219,263,304,275,191
"COG2356",127,39,35,70,48,26,34,41,25,49,39,31
"COG2357",1,2,1,1,1,0,2,0,0,0,0,1
"COG2358",187,183,140,172,151,122,179,177,148,150,172,145
"COG2359",1,0,1,0,0,0,0,1,0,0,0,0
"COG2360",31,17,9,5,15,10,51,74,37,42,24,25
"COG2361",0,1,2,0,0,0,0,2,0,0,0,0
"COG2362",0,60,6,1,6,17,2,54,7,5,7,3
"COG2363",35,21,9,6,8,15,12,30,9,12,9,9
"COG2364",131,78,183,232,154,162,109,58,130,132,147,113
"COG2365",36,35,46,20,36,49,53,15,42,48,32,32
"COG2366",334,431,274,364,280,305,237,437,256,362,283,175
"COG2367",0,25,24,0,16,3,51,18,14,13,55,59
"COG2368",31,346,21,128,44,73,61,61,47,18,49,60
"COG2369",3,3,2,0,0,0,4,1,0,0,0,3
"COG2370",23,9,9,34,20,17,5,5,14,15,18,13
"COG2371",1,16,7,3,24,12,47,31,29,10,32,49
"COG2372",0,4,1,1,1,0,1,2,3,0,0,0
"COG2373",57,76,62,7,35,7,36,70,13,36,37,43
"COG2374",95,81,86,25,76,181,110,144,67,98,112,69
"COG2375",46,17,36,5,26,7,1,0,2,11,9,1
"COG2376",46,69,47,81,62,53,48,58,53,50,89,49
"COG2377",319,161,282,320,269,192,290,205,278,317,369,263
"COG2378",21,55,25,3,5,45,17,88,23,6,17,30
"COG2379",71,134,35,36,34,26,56,86,34,42,30,45
"COG2380",0,0,0,0,0,0,0,0,0,0,0,0
"COG2382",3,22,4,0,7,2,10,2,4,7,8,6
"COG2384",8,0,0,1,0,0,1,0,0,0,0,2
"COG2385",14,14,138,106,167,185,254,52,229,125,220,289
"COG2386",82,90,58,38,70,50,69,94,79,74,57,49
"COG2388",1,6,0,0,0,1,1,0,0,0,0,3
"COG2389",0,0,4,0,2,0,28,0,1,5,0,4
"COG2390",33,16,10,10,13,6,16,7,6,19,8,11
"COG2391",130,102,30,115,26,21,74,141,29,50,37,38
"COG2401",1,0,0,0,0,1,2,0,0,1,0,1
"COG2402",0,0,0,0,0,0,2,1,0,0,0,0
"COG2403",0,17,0,0,0,0,2,107,0,0,0,0
"COG2404",0,2,0,3,0,5,0,5,1,0,0,0
"COG2405",0,0,0,0,0,0,0,0,0,0,0,0
"COG2406",0,28,0,6,0,1,2,1,0,0,0,3
"COG2407",43,39,16,28,19,22,32,20,30,18,24,21
"COG2409",38,41,69,3,29,83,11,32,41,36,55,40
"COG2410",0,2,0,0,0,0,0,0,0,0,0,0
"COG2412",0,19,1,3,0,1,0,3,1,0,0,4
"COG2413",0,0,0,0,0,0,1,4,0,0,2,0
"COG2414",5,119,13,2,9,14,20,342,16,9,15,12
"COG2421",36,111,35,8,20,36,42,74,18,21,17,21
"COG2423",134,161,58,20,36,103,54,233,48,64,54,63
"COG2425",1,0,0,2,0,1,1,0,0,2,0,2
"COG2426",2,3,6,1,14,15,1,2,5,2,19,7
"COG2428",0,0,0,0,0,0,0,1,0,0,0,0
"COG2429",0,62,0,7,0,5,0,6,1,0,0,12
"COG2430",0,0,0,3,0,0,0,2,0,0,0,1
"COG2431",1,0,0,1,0,0,0,0,0,0,0,0
"COG2433",0,0,0,0,0,1,1,1,0,0,0,0
"COG2440",0,3,0,0,1,0,0,0,1,1,0,0
"COG2442",0,0,0,0,0,0,0,2,0,0,0,0
"COG2443",8,3,7,0,6,8,0,1,3,1,3,2
"COG2445",0,0,0,0,0,0,0,1,0,0,0,0
"COG2450",0,0,1,0,0,0,0,0,1,0,1,0
"COG2451",0,0,1,0,0,2,0,3,0,0,0,2
"COG2452",0,3,0,35,0,0,0,5,0,1,0,0
"COG2453",28,64,17,40,25,19,38,23,23,25,27,46
"COG2454",0,0,0,0,0,0,0,0,0,0,0,0
"COG2457",0,0,0,0,0,1,0,0,0,1,1,0
"COG2461",0,0,0,0,0,0,0,52,0,0,0,0
"COG2501",2,1,11,0,10,3,17,0,8,9,14,24
"COG2502",0,0,0,0,0,0,0,0,0,0,0,0
"COG2503",23,9,47,22,51,17,50,9,45,56,37,33
"COG2508",0,3,0,0,1,0,1,8,0,0,0,1
"COG2509",92,6,23,40,25,11,93,9,10,46,9,57
"COG2510",0,0,0,0,0,0,0,2,0,0,0,0
"COG2511",45,140,55,15,43,95,5,30,42,25,45,46
"COG2512",0,72,0,8,0,1,0,13,0,0,0,14
"COG2513",221,372,285,209,206,190,197,225,231,224,242,218
"COG2514",0,31,2,0,0,1,2,15,2,1,0,2
"COG2515",126,136,49,24,49,36,61,119,42,63,62,38
"COG2516",1,22,3,1,0,1,11,59,6,1,3,7
"COG2518",200,193,114,113,110,105,137,312,121,138,90,86
"COG2519",10,69,49,66,42,74,23,28,28,19,28,35
"COG2520",69,135,69,7,33,61,3,23,24,24,36,54
"COG2521",3,0,0,0,0,2,0,1,0,0,0,2
"COG2522",9,6,6,0,6,0,2,6,5,4,8,1
"COG2524",1,0,0,0,0,0,0,0,0,0,0,0
"COG2602",0,3,0,0,0,0,0,5,0,0,0,3
"COG2603",76,53,59,21,88,46,112,39,102,62,99,134
"COG2604",6,27,6,0,3,3,16,20,12,4,4,21
"COG2605",73,99,97,56,84,188,47,174,89,95,155,78
"COG2606",53,71,111,95,74,118,94,112,90,65,84,73
"COG2607",23,14,26,10,31,16,47,9,22,35,24,16
"COG2608",2,8,2,0,1,0,2,4,1,2,1,3
"COG2609",699,584,717,688,630,601,582,268,546,607,739,511
"COG2610",23,48,45,30,37,22,47,14,36,42,48,33
"COG2703",0,1,2,0,1,0,0,48,0,1,1,0
"COG2704",0,0,0,0,0,0,0,0,0,0,0,0
"COG2706",3,74,11,3,10,13,17,12,15,16,25,29
"COG2710",3,6,147,9,234,116,251,9,172,178,212,328
"COG2715",15,18,10,2,9,9,5,18,4,6,4,4
"COG2716",21,16,4,5,1,10,3,32,5,3,6,10
"COG2717",91,28,60,110,63,51,54,14,40,65,40,39
"COG2718",6,7,7,10,1,19,5,10,4,3,3,9
"COG2719",11,7,9,14,2,24,6,11,6,5,6,4
"COG2720",5,1,12,0,2,24,11,3,4,3,4,8
"COG2721",241,143,253,354,305,245,284,206,275,304,298,190
"COG2723",69,41,119,123,120,135,107,86,102,82,114,48
"COG2730",44,16,25,9,20,29,69,104,74,78,68,54
"COG2731",0,1,0,0,0,0,1,2,0,0,0,0
"COG2733",2,7,1,0,0,0,2,3,1,0,0,6
"COG2738",65,17,34,27,32,27,38,7,48,43,31,34
"COG2740",32,5,12,2,9,3,34,4,6,8,19,13
"COG2746",3,10,6,3,4,5,9,41,26,12,32,17
"COG2747",0,0,1,0,0,0,0,0,0,0,0,0
"COG2755",190,182,171,138,215,140,90,27,83,56,65,68
"COG2759",366,354,376,376,363,362,268,364,342,357,402,301
"COG2761",97,46,34,83,23,40,52,15,24,42,34,39
"COG2764",3,23,2,0,1,0,7,3,0,1,0,1
"COG2766",9,12,16,31,6,26,6,19,4,12,5,20
"COG2768",0,7,1,0,0,4,0,30,7,0,5,2
"COG2770",4,21,11,3,3,1,4,24,6,3,4,2
"COG2771",52,35,16,7,27,20,39,3,14,28,18,36
"COG2801",430,323,54,45,20,24,104,2113,35,12,28,99
"COG2802",146,133,205,223,191,193,204,56,214,190,217,212
"COG2804",268,283,304,240,201,202,325,375,213,200,263,250
"COG2805",89,71,104,127,101,96,148,139,78,86,102,103
"COG2807",0,1,0,0,0,0,3,1,1,0,0,1
"COG2808",11,26,2,0,1,1,6,3,1,0,0,3
"COG2810",0,0,0,0,0,0,0,3,0,0,0,0
"COG2812",513,435,646,736,645,601,624,595,739,601,625,567
"COG2813",80,17,21,13,12,20,21,54,14,24,7,27
"COG2814",4,51,2,1,0,3,9,5,2,1,4,6
"COG2815",1,8,98,206,68,125,59,12,48,56,63,15
"COG2816",117,70,64,49,89,46,80,39,76,95,78,58
"COG2818",85,30,21,9,17,31,25,86,22,15,12,27
"COG2819",81,26,47,38,42,27,39,17,67,45,36,39
"COG2820",27,7,22,43,26,12,42,17,24,53,32,17
"COG2821",18,20,19,31,7,13,16,44,11,3,11,17
"COG2822",0,2,2,0,0,0,0,0,0,0,1,3
"COG2823",86,69,132,119,98,70,91,95,102,109,115,80
"COG2824",25,12,1,4,0,1,1,1,1,3,2,6
"COG2825",18,19,13,18,16,10,12,11,4,14,12,16
"COG2826",64,42,15,2,3,2,16,207,3,0,4,11
"COG2827",22,28,18,14,10,9,14,68,22,12,28,16
"COG2828",22,27,17,8,15,7,36,25,22,20,13,22
"COG2829",2,3,3,2,0,3,0,1,0,0,1,1
"COG2831",4,33,35,13,24,21,69,26,47,27,28,43
"COG2832",3,22,48,51,30,71,21,13,21,39,26,12
"COG2833",10,3,1,2,1,1,10,11,4,3,1,11
"COG2834",44,46,28,29,20,26,34,39,28,26,22,36
"COG2835",21,31,6,13,13,14,17,16,14,12,13,17
"COG2836",5,19,2,1,0,1,2,39,1,0,3,1
"COG2837",4,8,1,1,0,6,1,4,0,0,2,9
"COG2838",176,131,65,26,84,19,88,82,45,90,39,80
"COG2839",19,2,7,5,16,2,8,14,7,16,9,10
"COG2840",64,24,24,32,33,27,24,29,24,35,24,24
"COG2841",0,0,0,0,0,0,0,0,0,0,0,0
"COG2842",0,2,2,0,1,1,1,0,0,0,2,1
"COG2843",27,65,26,10,37,122,32,98,25,30,34,16
"COG2844",319,271,158,205,198,169,284,221,198,239,178,214
"COG2845",0,21,2,0,0,15,0,16,0,0,1,0
"COG2846",1,0,2,3,1,0,3,38,0,0,0,0
"COG2847",33,22,21,9,26,22,34,48,19,20,23,25
"COG2848",0,10,0,1,0,2,0,7,0,2,4,0
"COG2849",166,312,284,69,179,240,133,418,153,162,264,130
"COG2850",44,6,6,19,6,48,10,5,13,8,4,19
"COG2851",0,1,1,0,0,0,0,0,0,0,0,0
"COG2852",12,9,1,2,1,1,2,31,0,0,2,1
"COG2853",154,132,205,198,182,152,157,148,192,181,162,133
"COG2854",117,87,146,160,112,117,124,154,155,110,156,105
"COG2855",173,25,177,220,197,122,123,28,147,217,132,114
"COG2856",2,5,2,3,1,3,1,6,1,0,1,1
"COG2857",225,197,319,355,233,246,233,150,232,239,231,182
"COG2859",9,12,18,3,25,21,6,4,9,18,26,31
"COG2860",22,33,6,9,1,9,6,4,0,3,3,19
"COG2861",4,39,12,2,4,33,8,50,28,11,17,12
"COG2862",22,16,22,4,25,9,12,20,17,13,15,22
"COG2863",62,55,37,83,44,30,45,85,42,54,46,40
"COG2864",27,6,1,5,1,10,23,21,6,3,8,13
"COG2865",9,13,8,0,1,1,7,5,0,2,1,3
"COG2866",282,188,245,81,180,241,151,189,169,172,206,153
"COG2867",31,21,21,42,19,23,80,68,93,78,86,55
"COG2868",0,0,0,0,0,0,0,0,0,0,0,0
"COG2869",104,18,76,60,67,52,84,18,88,92,73,63
"COG2870",130,235,231,252,271,706,203,372,278,301,359,213
"COG2871",173,27,126,93,152,83,129,87,122,181,98,89
"COG2872",22,55,40,6,35,69,28,51,46,35,41,38
"COG2873",411,312,516,545,550,448,424,317,524,519,540,473
"COG2874",17,4,4,1,7,14,0,4,11,10,12,2
"COG2875",35,92,21,5,51,32,79,29,44,36,54,83
"COG2876",99,72,101,167,125,59,106,89,65,97,71,55
"COG2877",264,187,257,282,231,200,264,255,255,291,243,193
"COG2878",70,12,8,48,8,3,17,56,9,11,7,11
"COG2879",0,0,0,0,0,0,0,0,0,0,0,0
"COG2881",0,1,0,0,0,0,0,0,0,0,0,0
"COG2882",2,1,1,0,0,1,0,0,0,3,0,0
"COG2884",85,58,68,74,66,72,87,90,64,75,50,35
"COG2885",621,273,417,254,418,198,370,217,273,371,263,242
"COG2887",114,135,87,109,98,147,94,227,75,97,79,66
"COG2888",0,0,0,0,0,2,0,0,0,0,0,0
"COG2890",128,95,115,142,101,104,350,317,341,312,316,288
"COG2891",1,2,2,3,5,0,9,11,7,6,10,10
"COG2893",11,9,9,8,10,14,9,6,8,11,4,7
"COG2894",43,7,30,0,45,31,56,5,35,29,57,109
"COG2895",61,86,80,70,89,77,73,80,78,114,66,65
"COG2896",68,88,67,97,53,73,221,330,126,221,170,194
"COG2897",164,376,151,245,164,166,218,213,186,150,182,169
"COG2898",5,9,2,0,1,1,0,0,0,0,0,0
"COG2899",0,6,10,0,12,5,10,1,3,9,9,6
"COG2900",0,0,0,0,0,0,0,2,0,0,0,1
"COG2901",25,10,19,23,22,5,16,6,18,13,9,6
"COG2902",100,144,34,17,6,22,17,41,8,0,2,13
"COG2904",41,11,32,32,17,23,31,5,29,36,24,22
"COG2905",6,14,5,32,0,4,7,12,2,2,1,15
"COG2906",0,0,3,0,0,0,0,1,0,0,2,2
"COG2907",253,98,306,309,261,286,238,35,306,319,259,224
"COG2908",132,88,111,111,116,74,324,94,318,152,91,74
"COG2909",7,6,9,2,0,5,7,8,0,2,1,3
"COG2910",4,4,0,0,1,0,0,1,1,3,1,1
"COG2911",7,85,19,3,6,27,5,156,5,5,11,27
"COG2912",18,121,13,12,12,9,36,25,12,20,13,35
"COG2913",55,18,19,41,37,18,33,19,32,43,28,20
"COG2914",27,4,0,4,0,1,3,9,1,0,1,1
"COG2915",17,6,6,16,4,4,9,14,1,2,8,5
"COG2916",0,2,0,0,0,0,1,0,0,0,0,1
"COG2917",103,86,126,133,116,104,145,104,118,120,138,108
"COG2918",153,53,80,95,117,52,85,49,113,127,83,69
"COG2919",9,11,8,5,11,2,6,3,4,7,2,12
"COG2920",18,16,6,47,2,5,3,29,15,8,6,8
"COG2921",10,6,2,9,0,1,0,2,4,2,2,8
"COG2922",28,9,0,6,3,4,1,22,0,5,5,9
"COG2923",4,5,1,13,2,1,3,13,7,3,4,2
"COG2924",24,11,10,19,19,10,15,15,16,28,17,15
"COG2925",307,186,349,351,386,256,276,216,346,335,352,245
"COG2926",0,0,0,0,0,0,0,0,0,0,0,0
"COG2927",22,10,13,11,13,10,17,11,21,22,14,24
"COG2928",83,95,141,178,160,163,174,161,185,157,185,149
"COG2929",0,0,0,0,0,0,0,3,0,0,0,0
"COG2930",24,11,8,8,16,15,22,12,4,9,19,17
"COG2931",264,318,381,204,325,313,302,440,421,318,468,313
"COG2932",5,12,4,3,0,2,6,10,2,2,1,4
"COG2933",2,5,6,1,0,2,2,12,0,2,2,8
"COG2935",63,35,18,13,31,21,47,58,21,38,17,31
"COG2936",347,303,282,32,229,216,147,217,178,188,238,289
"COG2937",22,31,35,8,48,26,48,35,51,41,36,54
"COG2938",28,8,8,15,12,9,11,10,10,12,4,12
"COG2939",112,53,66,27,46,35,51,35,26,64,54,59
"COG2940",95,34,83,144,84,80,91,26,93,79,74,153
"COG2941",93,66,128,167,133,100,146,17,146,158,144,105
"COG2942",20,34,2,9,11,3,12,19,9,11,15,19
"COG2943",2,10,6,1,0,1,3,6,7,3,2,16
"COG2944",0,1,1,0,0,0,0,8,0,0,0,2
"COG2945",95,82,131,136,98,106,113,96,111,104,123,87
"COG2946",0,0,0,0,1,0,0,0,0,0,0,0
"COG2947",49,148,93,88,95,77,95,66,118,85,120,119
"COG2948",3,25,2,1,1,2,3,2,1,1,1,5
"COG2949",4,2,4,0,1,0,2,0,0,0,0,1
"COG2951",284,142,232,260,219,189,279,253,256,252,260,172
"COG2954",45,22,33,3,29,28,31,14,38,30,47,41
"COG2956",12,61,29,50,28,35,19,105,26,18,31,24
"COG2957",84,87,74,48,62,67,65,109,147,80,125,84
"COG2958",0,0,1,0,0,2,0,0,0,0,0,0
"COG2959",28,10,6,3,0,3,3,16,12,5,2,8
"COG2960",20,5,10,5,7,4,13,4,3,8,3,5
"COG2961",8,13,2,3,13,11,5,3,5,10,9,12
"COG2962",145,92,117,183,119,129,151,150,134,127,148,109
"COG2963",82,36,15,6,2,5,10,313,3,0,4,14
"COG2964",0,5,2,0,1,1,1,7,1,0,0,0
"COG2965",1,0,0,1,0,0,0,0,0,0,0,0
"COG2966",3,5,1,0,0,1,0,3,0,0,1,5
"COG2967",48,52,20,21,27,26,17,36,27,37,34,32
"COG2968",17,43,2,5,0,8,2,14,3,4,1,17
"COG2969",21,9,1,8,2,0,5,11,5,2,8,8
"COG2971",5,29,14,7,11,8,60,26,10,18,21,30
"COG2972",9,23,33,0,12,6,13,9,4,15,5,7
"COG2973",0,0,0,0,0,0,0,0,0,0,0,0
"COG2974",5,1,2,2,3,3,5,1,4,4,2,5
"COG2975",22,3,5,14,13,7,15,7,18,8,12,11
"COG2976",31,16,12,14,7,11,12,13,11,9,16,15
"COG2977",0,11,7,0,0,4,7,8,1,0,2,4
"COG2978",5,25,5,1,3,8,8,16,9,13,13,21
"COG2979",1,0,1,0,0,0,2,0,0,0,0,0
"COG2980",7,8,6,4,1,3,4,10,4,2,5,6
"COG2981",26,12,14,4,11,4,10,9,6,4,3,11
"COG2982",32,28,6,9,1,13,17,92,20,4,13,12
"COG2983",38,13,13,9,18,9,23,14,5,16,10,8
"COG2984",0,2,8,0,0,2,2,6,0,0,0,14
"COG2985",9,1,1,0,0,0,1,1,1,0,0,0
"COG2986",172,134,82,21,76,94,61,183,59,79,91,75
"COG2987",207,149,106,22,103,116,76,177,85,79,93,81
"COG2988",22,1,26,3,56,39,49,5,70,35,51,114
"COG2989",7,5,3,0,6,1,28,6,10,20,11,20
"COG2990",0,1,0,0,0,0,0,0,0,0,0,0
"COG2991",1,0,0,0,0,2,1,0,1,0,0,4
"COG2992",136,81,186,246,176,139,149,217,206,196,221,150
"COG2993",7,19,33,15,6,1,12,38,2,9,2,8
"COG2994",1,0,1,0,0,0,3,0,1,2,1,1
"COG2995",3,3,0,0,0,2,3,2,0,2,0,8
"COG2996",44,10,6,9,3,0,5,1,9,6,1,11
"COG2998",40,33,22,24,41,24,42,39,30,57,34,28
"COG2999",0,0,1,0,1,0,0,0,0,0,0,4
"COG3000",578,199,292,244,339,265,272,101,305,388,299,265
"COG3001",4,38,57,4,52,48,51,65,68,65,78,119
"COG3002",0,27,4,1,1,0,4,19,0,1,2,1
"COG3004",92,111,164,262,122,152,139,180,155,139,144,134
"COG3005",1,1,0,0,0,0,1,29,0,0,0,0
"COG3006",0,0,0,0,0,0,0,0,0,0,0,0
"COG3007",25,4,6,3,5,4,10,2,9,17,6,10
"COG3008",7,7,0,12,0,1,4,8,1,1,2,8
"COG3009",1,0,0,0,0,1,2,2,1,0,0,1
"COG3010",13,1,11,2,11,5,29,0,4,19,4,25
"COG3011",41,37,37,20,34,43,52,10,52,49,42,67
"COG3012",13,5,2,1,1,0,15,7,3,1,0,15
"COG3013",0,0,0,0,0,0,0,0,0,0,0,0
"COG3014",0,2,7,0,1,2,1,2,1,2,0,5
"COG3015",0,0,0,0,0,0,0,0,0,0,0,0
"COG3016",7,15,17,1,5,3,3,49,3,6,2,6
"COG3017",13,9,3,5,0,2,3,8,9,0,1,7
"COG3018",16,11,13,2,16,23,21,53,14,23,14,13
"COG3019",41,24,31,18,14,21,16,2,31,6,10,11
"COG3021",74,22,21,12,20,5,19,9,19,30,12,14
"COG3022",173,103,91,86,129,101,119,51,99,152,94,79
"COG3023",164,104,183,237,147,141,167,112,182,140,172,147
"COG3024",7,6,5,7,1,5,8,1,6,6,3,3
"COG3025",3,5,0,0,0,1,1,0,2,0,0,3
"COG3026",25,5,2,14,1,1,4,2,1,1,0,13
"COG3027",45,40,66,92,54,54,79,54,52,52,49,53
"COG3028",10,5,2,8,1,4,2,2,2,0,0,0
"COG3029",0,10,0,0,0,0,0,5,0,0,0,0
"COG3030",71,80,104,94,65,72,71,115,75,65,90,75
"COG3031",1,20,8,5,11,3,5,25,18,10,6,3
"COG3033",4,4,54,98,65,70,41,46,43,45,47,10
"COG3034",39,33,14,8,11,5,14,38,11,18,9,10
"COG3036",0,0,0,0,0,0,0,0,0,0,0,0
"COG3037",0,0,0,0,0,0,0,0,0,0,1,0
"COG3038",67,12,29,91,58,56,87,11,79,73,13,33
"COG3039",58,52,10,7,4,12,5,121,0,1,1,5
"COG3040",34,9,11,37,21,17,9,7,15,11,14,15
"COG3041",0,0,0,0,0,0,1,7,0,0,0,0
"COG3042",0,0,0,0,0,0,0,0,0,0,0,0
"COG3043",0,0,0,0,0,0,0,2,0,0,0,0
"COG3044",0,28,3,0,0,0,1,58,4,1,4,1
"COG3045",1,7,2,0,0,0,0,3,0,0,1,3
"COG3046",539,33,585,695,625,424,617,5,598,588,509,565
"COG3047",14,10,5,5,5,6,4,12,5,4,8,10
"COG3048",0,0,0,0,0,0,0,0,0,0,0,0
"COG3049",0,0,4,3,0,0,4,1,1,1,0,7
"COG3050",0,0,0,0,0,0,0,0,0,0,0,0
"COG3051",0,6,0,0,1,0,0,7,1,0,0,0
"COG3053",0,0,0,0,0,0,0,0,0,0,0,0
"COG3054",0,4,0,0,0,0,0,1,0,0,0,0
"COG3055",0,17,12,0,4,0,7,5,11,14,11,13
"COG3056",0,0,0,0,0,0,0,0,0,0,0,0
"COG3057",2,0,0,0,0,0,0,0,0,0,0,0
"COG3058",0,3,0,0,0,0,0,3,0,0,0,0
"COG3059",0,1,0,0,0,0,0,2,0,0,0,2
"COG3060",1,0,0,0,0,1,0,3,1,0,0,2
"COG3061",0,0,0,0,0,0,0,0,0,0,0,0
"COG3062",0,0,0,0,0,0,0,3,0,0,0,0
"COG3063",4,1,0,2,0,2,7,12,0,2,2,6
"COG3064",0,0,0,0,0,0,0,1,0,0,1,4
"COG3065",0,1,0,0,1,0,0,0,0,1,1,2
"COG3066",1,0,0,0,0,0,0,1,0,0,0,9
"COG3067",81,14,84,61,81,26,50,2,71,90,52,42
"COG3068",6,0,0,0,0,1,0,1,0,1,0,3
"COG3069",32,0,0,1,0,1,0,0,2,7,4,5
"COG3070",0,3,1,0,1,0,9,1,3,3,1,1
"COG3071",19,24,11,4,7,14,7,20,18,5,13,12
"COG3072",1,19,4,6,0,6,0,16,0,2,0,9
"COG3073",9,1,0,1,1,1,0,1,0,0,1,4
"COG3074",0,0,0,0,0,0,0,0,0,0,0,0
"COG3075",0,2,0,0,0,2,0,9,0,0,0,0
"COG3076",0,1,0,0,0,0,0,0,0,0,1,2
"COG3077",0,3,0,0,0,0,1,5,0,0,0,0
"COG3078",0,0,0,1,0,0,0,0,0,0,0,0
"COG3079",20,15,0,5,2,6,4,24,5,3,3,13
"COG3080",0,22,0,0,0,0,0,4,0,0,0,0
"COG3081",5,4,5,0,0,0,0,2,0,1,1,10
"COG3082",1,0,0,0,0,0,0,0,0,0,0,3
"COG3083",4,26,5,2,3,11,7,3,6,10,14,9
"COG3084",0,0,0,0,0,0,0,0,0,0,0,0
"COG3085",2,1,1,0,0,0,0,2,0,0,0,0
"COG3086",6,2,0,1,0,0,0,3,0,1,0,1
"COG3087",15,8,1,12,0,1,5,8,8,1,4,8
"COG3088",128,102,121,133,96,100,35,43,35,40,31,33
"COG3089",2,0,0,0,0,0,1,0,5,1,0,3
"COG3090",129,47,51,66,70,36,58,11,61,80,47,35
"COG3091",11,1,3,0,0,1,0,1,1,0,1,6
"COG3092",2,1,0,0,0,1,0,1,0,0,0,0
"COG3093",3,7,1,1,0,0,4,16,2,0,1,4
"COG3094",0,0,0,0,0,0,0,10,0,1,0,0
"COG3095",0,0,0,0,0,0,0,0,0,0,0,0
"COG3096",0,0,0,0,0,0,0,0,0,0,0,0
"COG3097",0,0,0,0,0,0,0,0,0,0,0,0
"COG3098",11,0,2,2,0,0,0,0,0,1,0,0
"COG3099",0,0,0,0,0,0,0,0,0,0,0,0
"COG3100",9,1,0,0,1,0,1,8,2,0,0,1
"COG3101",17,0,3,3,1,1,3,0,5,2,1,1
"COG3102",1,0,0,0,1,0,0,0,0,0,0,1
"COG3103",0,3,3,2,1,2,2,5,3,1,3,2
"COG3104",293,75,167,115,176,83,157,22,130,204,132,132
"COG3105",16,4,2,3,0,1,4,1,2,0,0,0
"COG3106",2,3,1,1,0,1,1,1,1,0,3,6
"COG3107",51,25,8,20,16,19,17,34,30,19,13,28
"COG3108",12,6,12,2,22,9,14,4,9,19,6,3
"COG3109",1,0,0,0,0,0,0,0,0,0,0,4
"COG3110",0,0,0,0,0,0,0,1,0,0,0,0
"COG3111",0,0,0,0,0,0,0,0,0,0,0,0
"COG3112",0,0,1,0,0,0,0,0,0,0,0,0
"COG3113",0,0,0,0,0,0,0,0,0,0,0,0
"COG3114",0,0,0,0,0,0,0,0,0,0,0,0
"COG3115",25,22,9,4,9,10,2,3,4,0,3,5
"COG3116",0,3,1,1,0,0,2,0,2,0,1,2
"COG3117",2,6,1,3,0,0,3,11,3,1,2,4
"COG3118",59,30,54,12,40,55,66,39,47,49,35,45
"COG3119",1418,1804,1189,523,1426,968,1984,873,1777,1920,1443,1564
"COG3120",0,0,0,0,0,0,0,0,0,0,0,0
"COG3121",22,2,1,1,0,3,0,0,1,0,1,0
"COG3122",2,1,0,1,0,0,2,1,2,0,0,1
"COG3123",12,1,11,7,14,2,1,0,4,11,17,9
"COG3124",30,10,5,5,5,2,4,10,2,13,2,5
"COG3125",0,3,0,1,0,2,1,1,0,0,1,1
"COG3126",0,6,0,1,0,1,1,2,0,0,0,1
"COG3127",332,194,199,241,208,169,289,140,253,226,160,205
"COG3128",10,9,50,22,70,162,54,3,42,67,52,82
"COG3129",94,2,2,4,0,3,1,4,0,3,1,19
"COG3130",0,0,0,0,0,0,1,0,0,0,0,1
"COG3131",3,12,1,5,0,2,8,6,4,1,0,16
"COG3132",2,1,1,0,0,0,2,0,1,1,0,4
"COG3133",5,2,8,3,14,0,6,0,7,3,8,4
"COG3134",9,0,0,1,0,2,0,5,1,1,1,1
"COG3135",14,7,6,0,5,6,11,3,10,3,7,27
"COG3136",0,0,0,0,0,0,0,0,0,0,0,0
"COG3137",2,11,3,1,1,3,3,4,4,4,1,6
"COG3138",42,9,25,11,19,1,10,5,13,28,4,17
"COG3139",3,2,0,0,1,1,3,0,1,0,0,1
"COG3141",0,0,0,0,0,0,0,2,0,0,1,3
"COG3142",66,11,23,23,32,19,33,5,25,31,29,17
"COG3143",2,1,1,2,0,1,0,1,0,1,1,4
"COG3144",8,4,7,2,1,2,5,2,2,3,2,7
"COG3145",114,43,15,72,25,29,50,12,22,29,19,52
"COG3146",55,28,38,32,53,46,167,23,204,153,157,212
"COG3147",11,3,2,1,1,1,2,3,6,3,0,4
"COG3148",3,3,2,1,0,1,0,1,1,0,0,8
"COG3149",2,4,1,0,0,1,0,0,1,0,1,0
"COG3150",50,3,19,25,29,6,24,5,30,28,25,18
"COG3151",10,2,3,7,2,2,13,0,9,14,8,8
"COG3152",52,52,62,56,42,56,17,62,41,30,51,40
"COG3153",26,16,11,3,9,12,18,7,16,18,9,12
"COG3154",0,0,0,0,0,0,1,15,0,1,1,0
"COG3155",2,26,5,0,3,9,1,25,2,2,3,1
"COG3156",68,16,26,34,45,14,41,12,63,45,47,24
"COG3157",10,2,2,0,3,0,0,0,5,3,1,2
"COG3158",15,10,2,19,2,2,4,2,0,4,3,1
"COG3159",19,10,10,10,11,6,18,29,34,52,31,32
"COG3160",14,0,0,0,1,2,3,3,0,0,1,4
"COG3161",54,15,12,28,20,3,12,14,19,24,10,17
"COG3162",0,1,0,0,0,1,1,3,0,0,0,1
"COG3164",155,64,34,102,29,42,48,68,49,30,32,80
"COG3165",35,17,4,11,4,4,5,12,5,3,3,7
"COG3166",0,1,3,0,0,0,5,8,0,0,2,5
"COG3167",4,5,1,2,2,3,4,14,0,3,1,6
"COG3168",5,3,2,0,0,3,3,5,0,1,1,3
"COG3169",0,1,2,0,0,0,0,0,0,1,0,0
"COG3170",10,7,6,6,13,7,15,19,5,11,7,15
"COG3171",0,0,1,0,0,0,0,0,0,0,0,0
"COG3172",39,9,20,14,23,4,31,6,22,35,9,11
"COG3173",187,183,237,190,222,251,185,95,230,279,242,199
"COG3174",2,2,2,0,0,0,2,5,0,1,0,0
"COG3175",140,50,122,168,131,91,142,50,141,176,94,94
"COG3176",29,18,40,12,30,33,255,18,198,118,96,69
"COG3177",10,20,11,6,3,4,7,67,13,1,5,13
"COG3178",208,130,190,285,194,163,208,139,225,205,179,172
"COG3179",7,3,3,68,36,2,18,1,5,31,11,2
"COG3180",64,41,88,129,87,63,116,98,125,85,105,58
"COG3181",198,317,163,231,184,142,248,206,181,206,123,142
"COG3182",20,40,17,2,9,25,12,20,8,15,25,36
"COG3183",2,5,3,2,6,6,3,18,1,1,2,2
"COG3184",0,0,0,1,0,0,0,0,0,0,0,0
"COG3185",116,65,32,24,39,58,62,78,22,42,51,36
"COG3186",61,63,39,20,38,32,10,27,22,30,46,19
"COG3187",7,3,3,1,0,2,1,2,0,0,2,6
"COG3188",51,19,3,5,0,5,1,1,0,0,0,0
"COG3189",0,0,0,0,0,0,0,0,0,0,0,0
"COG3190",0,0,0,1,0,0,1,0,0,1,0,2
"COG3191",43,101,51,9,28,49,42,86,28,40,48,28
"COG3192",0,0,0,0,0,1,0,0,0,0,0,0
"COG3193",30,32,10,11,9,17,21,11,11,7,6,10
"COG3194",60,50,62,51,49,60,34,60,15,55,64,36
"COG3195",104,81,51,24,43,52,67,69,27,49,56,41
"COG3196",0,0,0,0,0,0,0,1,0,0,0,0
"COG3197",0,0,0,1,0,0,0,4,0,0,0,0
"COG3198",1,1,2,1,0,0,0,2,0,0,0,5
"COG3199",27,65,43,2,16,74,15,41,36,12,37,34
"COG3200",179,173,287,270,297,283,201,268,236,241,313,212
"COG3201",76,24,28,43,44,21,45,3,48,66,36,35
"COG3202",94,54,53,67,59,65,49,98,61,82,49,53
"COG3203",32,6,27,20,22,13,7,2,8,32,28,18
"COG3204",89,20,73,10,85,26,55,26,62,54,40,74
"COG3205",1,1,2,0,0,0,0,0,0,0,0,1
"COG3206",160,106,129,131,124,74,67,126,99,106,90,60
"COG3207",0,0,0,0,0,0,0,0,0,0,0,0
"COG3208",1,1,6,1,4,4,2,1,0,5,8,20
"COG3209",16,17,13,5,5,7,9,19,11,9,4,12
"COG3210",7,22,34,24,19,8,39,12,36,22,20,32
"COG3211",17,93,40,22,26,66,211,56,147,31,38,46
"COG3212",0,0,0,1,0,0,0,0,0,1,0,1
"COG3213",0,1,1,1,0,0,1,71,0,1,1,1
"COG3214",8,28,4,0,1,32,12,32,8,6,5,6
"COG3215",1,1,0,0,0,0,4,2,1,0,0,4
"COG3216",45,16,46,16,32,39,54,30,47,38,48,50
"COG3217",27,18,21,29,11,25,69,61,37,60,71,65
"COG3218",0,3,0,0,0,0,1,1,0,1,1,0
"COG3219",3,1,1,0,0,1,1,2,1,0,0,4
"COG3220",2,10,1,0,0,3,4,6,1,1,2,10
"COG3221",105,199,152,97,153,129,221,102,228,100,139,138
"COG3222",44,21,33,9,47,31,66,23,37,36,57,63
"COG3223",1,0,3,3,3,3,3,8,5,3,1,0
"COG3224",0,3,3,0,0,0,7,1,0,0,1,3
"COG3225",110,232,91,59,94,78,116,165,122,88,100,85
"COG3226",0,0,0,0,0,0,0,0,1,1,0,3
"COG3227",12,16,19,1,8,2,5,54,9,8,5,5
"COG3228",5,19,12,1,2,6,11,6,5,3,10,10
"COG3230",0,2,0,0,0,0,0,0,0,1,0,0
"COG3231",0,0,0,0,0,0,0,1,0,0,0,0
"COG3232",9,7,3,2,3,6,4,7,1,5,4,1
"COG3233",0,0,0,0,0,0,0,0,0,0,0,0
"COG3235",0,1,3,1,0,1,1,1,0,0,0,1
"COG3236",1,0,1,15,0,1,1,0,0,3,0,11
"COG3237",1,3,0,0,0,0,1,0,0,0,0,4
"COG3238",9,6,6,3,3,0,4,7,7,7,4,3
"COG3239",271,144,217,186,357,330,319,107,395,378,272,514
"COG3240",17,1,3,0,0,5,1,1,1,2,3,0
"COG3241",11,12,20,14,26,13,25,0,22,21,19,14
"COG3242",0,0,0,0,0,0,0,0,1,0,0,2
"COG3243",10,92,14,9,28,10,59,395,25,13,4,20
"COG3245",23,25,17,22,17,22,23,22,7,12,7,11
"COG3246",181,182,148,104,146,165,151,147,159,141,163,133
"COG3247",0,2,0,0,0,1,0,0,0,0,1,0
"COG3248",3,3,0,0,0,0,2,4,1,0,1,2
"COG3249",28,19,10,7,3,13,10,8,14,15,13,12
"COG3250",252,294,154,81,170,179,153,179,134,199,174,128
"COG3251",0,0,0,0,0,0,0,0,0,0,0,0
"COG3252",3,12,8,25,6,7,5,5,11,6,14,6
"COG3253",0,68,2,5,1,17,10,36,5,3,8,12
"COG3254",11,11,12,5,10,14,7,2,5,14,17,6
"COG3255",22,5,20,29,24,16,13,7,16,18,19,6
"COG3256",0,2,1,3,0,1,7,27,0,0,0,3
"COG3257",12,5,1,1,0,0,18,0,4,11,10,10
"COG3258",0,4,2,5,0,0,0,2,2,2,1,2
"COG3259",0,2,0,0,0,0,0,9,0,0,1,0
"COG3261",0,0,0,0,0,0,0,54,0,0,0,0
"COG3263",4,173,13,9,6,19,13,22,3,12,13,50
"COG3264",128,91,76,54,58,76,85,72,45,67,58,84
"COG3265",15,15,4,11,7,12,14,3,8,9,8,12
"COG3266",2,0,1,1,0,0,0,3,4,0,1,0
"COG3267",22,42,22,10,12,58,15,50,30,18,23,19
"COG3268",186,80,141,110,149,90,87,59,156,152,124,101
"COG3269",0,0,5,0,3,5,0,3,1,0,0,0
"COG3270",0,0,1,0,1,0,1,2,0,0,0,0
"COG3271",0,0,1,0,1,1,0,3,0,0,0,1
"COG3272",16,18,8,4,6,11,2,8,8,1,5,4
"COG3273",0,14,1,0,0,25,1,26,2,0,1,2
"COG3274",0,0,0,0,0,0,0,0,1,0,0,0
"COG3275",81,44,38,16,1,1,24,7,3,9,11,12
"COG3276",68,296,131,94,89,201,82,207,92,93,104,112
"COG3277",0,0,0,0,0,0,0,0,0,0,0,2
"COG3278",13,53,72,144,52,28,33,82,16,29,19,26
"COG3279",80,57,29,18,12,7,25,21,10,17,13,32
"COG3280",0,6,1,0,0,1,0,2,0,0,1,0
"COG3281",0,12,1,0,0,0,3,1,0,2,1,1
"COG3283",3,0,2,1,0,2,1,3,0,0,2,9
"COG3284",180,15,19,92,38,44,76,1,10,52,10,37
"COG3285",0,22,0,1,1,0,1,5,0,0,0,1
"COG3287",2,5,2,0,1,5,1,3,7,2,1,4
"COG3288",321,267,536,466,474,403,395,316,485,448,548,458
"COG3290",4,23,1,1,0,0,2,11,0,0,2,0
"COG3291",611,447,519,121,419,334,199,371,211,329,298,163
"COG3292",239,219,151,38,90,207,70,205,75,84,105,99
"COG3293",93,42,4,9,4,4,17,181,3,6,7,11
"COG3294",0,0,0,0,0,0,0,1,0,0,0,0
"COG3295",5,2,0,1,0,1,1,0,0,0,0,1
"COG3296",3,5,1,0,3,1,1,4,1,2,3,5
"COG3297",27,7,8,0,4,9,3,1,4,7,6,9
"COG3298",4,31,5,17,3,7,7,28,5,4,5,9
"COG3299",0,0,0,2,0,0,0,0,0,0,0,0
"COG3300",7,17,1,1,1,3,8,6,1,1,4,13
"COG3301",0,0,0,0,0,0,0,4,0,0,2,2
"COG3302",50,3,11,13,18,12,41,0,9,22,11,14
"COG3303",0,0,1,0,1,0,0,5,0,0,0,0
"COG3304",0,1,3,0,1,1,10,3,1,0,1,3
"COG3305",0,0,0,0,0,0,0,0,0,0,0,0
"COG3306",46,1,51,161,103,272,31,4,64,86,101,46
"COG3307",26,31,53,15,63,34,119,68,67,42,109,133
"COG3308",0,0,1,5,0,0,0,0,1,1,0,3
"COG3309",0,1,0,0,0,0,0,0,0,0,0,0
"COG3310",19,0,1,0,0,2,0,2,2,0,0,2
"COG3311",2,4,6,1,2,2,3,11,3,1,2,10
"COG3312",3,3,3,1,2,1,0,1,3,2,6,3
"COG3313",17,5,18,19,35,1,26,2,31,24,25,21
"COG3314",2,16,1,0,2,1,5,2,4,2,0,3
"COG3315",40,19,12,8,6,27,9,26,16,14,14,16
"COG3316",73,21,4,5,0,2,7,30,15,1,3,8
"COG3317",98,27,46,63,69,29,41,44,63,63,37,37
"COG3318",0,39,3,4,8,15,4,68,28,2,20,11
"COG3319",5,4,2,0,1,2,0,2,1,2,1,5
"COG3320",3,13,5,3,3,11,8,9,0,3,3,23
"COG3321",189,144,83,14,76,63,37,144,33,86,76,78
"COG3322",0,2,0,0,0,1,2,0,0,0,0,1
"COG3323",75,9,31,14,47,7,39,11,21,45,12,16
"COG3324",2,6,1,0,0,0,2,8,3,0,0,5
"COG3325",17,21,30,7,17,35,30,31,12,26,15,24
"COG3326",3,0,1,0,0,1,0,0,0,0,1,1
"COG3327",19,5,1,1,0,1,1,0,0,2,3,2
"COG3328",41,59,23,17,0,11,16,732,3,4,6,14
"COG3329",0,6,82,80,92,67,29,0,83,54,55,98
"COG3330",0,0,32,0,38,80,57,0,71,43,60,97
"COG3331",0,0,0,0,0,1,2,0,0,0,0,0
"COG3332",20,20,36,2,20,21,16,82,44,14,15,17
"COG3333",334,450,270,391,336,239,413,270,329,368,251,223
"COG3334",0,1,5,1,1,4,2,3,4,0,3,4
"COG3335",147,37,6,52,4,0,30,319,5,4,3,9
"COG3336",0,30,56,65,36,80,30,23,27,27,45,11
"COG3338",4,2,2,5,2,2,3,5,3,2,1,2
"COG3339",0,6,10,1,19,12,26,3,23,9,26,26
"COG3340",83,29,69,73,109,70,16,4,23,37,22,44
"COG3341",26,5,1,7,6,2,2,0,0,3,1,1
"COG3342",30,108,25,7,22,40,83,85,19,27,22,20
"COG3344",41,32,36,4,7,20,17,126,11,3,8,38
"COG3345",130,10,5,20,0,0,10,3,4,8,2,5
"COG3346",214,30,200,264,166,120,195,36,168,187,102,114
"COG3347",78,227,69,76,106,180,133,244,140,150,147,105
"COG3349",9,12,129,34,145,175,232,6,219,108,193,376
"COG3350",0,3,0,0,0,0,0,2,0,0,0,0
"COG3354",0,0,0,0,0,1,0,0,0,1,0,0
"COG3356",0,140,11,14,1,4,3,14,12,0,6,11
"COG3357",0,0,0,0,0,0,0,1,0,0,0,0
"COG3358",47,22,8,7,19,7,17,10,13,12,10,10
"COG3359",1,3,2,0,4,1,1,14,4,3,1,0
"COG3360",1,0,0,0,1,0,0,43,0,0,0,0
"COG3361",24,3,26,3,13,11,7,3,7,17,12,12
"COG3363",0,0,0,0,0,0,0,0,0,0,0,0
"COG3364",0,0,0,0,0,0,0,1,0,0,0,0
"COG3365",0,0,0,0,0,0,0,3,0,0,0,0
"COG3367",68,102,59,19,57,39,78,92,46,57,63,36
"COG3369",6,5,0,1,0,1,0,2,0,0,0,0
"COG3371",0,3,0,0,0,0,0,3,0,0,0,0
"COG3372",0,23,0,0,0,0,0,11,0,0,2,0
"COG3375",0,7,1,0,0,0,1,1,0,0,0,0
"COG3376",0,0,0,0,0,0,0,0,0,0,0,1
"COG3377",2,0,0,0,0,0,0,0,0,0,0,0
"COG3378",143,29,39,952,68,126,59,109,48,50,35,70
"COG3379",19,13,1,1,3,1,0,93,1,5,0,0
"COG3380",138,6,182,196,151,86,157,1,125,149,63,72
"COG3381",9,12,0,1,2,5,13,21,7,5,5,4
"COG3382",0,2,0,1,0,0,0,18,0,1,0,0
"COG3383",540,546,114,580,366,406,331,743,239,397,247,304
"COG3384",36,80,62,1,23,62,10,16,20,16,41,43
"COG3385",33,28,8,1,0,3,15,184,2,1,8,42
"COG3386",191,295,166,173,212,193,215,234,232,224,211,226
"COG3387",2,35,4,19,8,2,31,40,44,15,12,9
"COG3388",0,0,0,0,0,0,0,0,0,0,0,0
"COG3389",21,17,39,0,26,26,3,7,16,9,23,12
"COG3390",21,16,14,0,11,34,2,3,10,3,12,7
"COG3391",85,711,126,140,95,152,103,501,142,112,138,120
"COG3392",7,22,15,48,12,2,5,18,11,19,18,10
"COG3393",1,0,0,2,0,0,3,0,0,1,1,0
"COG3394",40,11,12,27,17,8,25,28,13,21,21,7
"COG3395",50,14,39,8,75,88,80,10,84,61,78,166
"COG3396",46,56,22,6,21,32,60,61,43,55,54,47
"COG3397",4,0,1,0,0,1,2,0,1,0,4,4
"COG3398",51,29,37,3,17,30,1,8,6,23,16,30
"COG3399",0,0,2,1,0,0,0,0,0,0,0,0
"COG3400",0,0,59,133,56,50,29,0,29,25,30,13
"COG3401",0,3,0,0,0,10,0,5,1,1,1,2
"COG3402",1,3,3,0,0,0,1,2,0,0,0,0
"COG3403",0,5,0,0,0,1,0,1,3,0,1,3
"COG3404",49,49,48,14,44,50,35,98,36,34,60,38
"COG3405",2,2,0,4,0,0,0,1,0,0,1,2
"COG3407",73,22,23,27,45,13,48,6,31,49,27,13
"COG3408",2,37,13,2,3,5,11,9,1,1,11,6
"COG3409",9,23,175,187,156,163,82,18,80,94,61,26
"COG3410",2,1,3,4,4,2,1,11,0,3,1,2
"COG3411",9,39,12,8,5,21,25,34,25,6,6,31
"COG3412",0,0,1,0,0,0,2,0,0,0,0,0
"COG3413",0,6,3,0,3,10,0,0,3,4,0,4
"COG3414",0,0,0,0,0,0,0,0,0,0,0,0
"COG3415",4,7,0,40,2,0,3,49,2,0,1,4
"COG3417",1,3,3,2,2,0,1,0,1,0,0,1
"COG3418",0,0,0,0,0,0,0,0,0,0,0,0
"COG3419",138,61,181,246,166,193,159,211,106,68,209,129
"COG3420",1,7,0,3,1,1,1,7,2,0,3,1
"COG3421",3,1,2,8,1,6,3,6,2,4,2,3
"COG3422",0,1,2,1,7,0,4,0,5,7,3,1
"COG3423",1,0,0,0,0,0,0,0,0,0,0,1
"COG3424",20,20,14,1,2,6,3,4,5,15,5,18
"COG3425",52,149,58,34,58,80,50,31,42,54,53,54
"COG3426",0,0,0,0,0,0,0,2,0,0,0,0
"COG3427",18,114,23,22,26,73,51,95,34,37,66,40
"COG3428",7,14,0,4,3,1,23,7,10,12,2,12
"COG3429",0,1,25,2,61,42,54,0,62,34,58,135
"COG3431",0,0,7,0,0,0,14,0,0,5,0,11
"COG3433",0,0,0,0,0,0,0,0,0,0,0,0
"COG3434",6,2,0,1,0,2,0,3,0,1,1,4
"COG3435",6,28,11,6,7,14,16,14,5,6,2,11
"COG3436",81,84,13,7,6,29,20,199,7,6,16,82
"COG3437",39,37,51,11,25,32,35,69,27,18,25,61
"COG3439",0,11,5,0,0,8,6,10,2,1,6,1
"COG3440",17,12,29,10,20,16,7,45,12,17,26,18
"COG3442",0,1,2,0,0,4,2,0,2,0,0,0
"COG3443",0,0,0,0,0,0,0,1,0,0,0,0
"COG3444",0,0,0,0,0,0,0,0,0,0,0,0
"COG3447",0,0,0,0,0,0,2,0,0,0,0,0
"COG3448",84,54,94,125,84,59,65,53,85,80,100,79
"COG3449",0,2,0,0,0,0,0,1,0,0,0,3
"COG3450",37,9,19,5,23,22,10,20,26,22,16,30
"COG3451",10,88,5,17,6,7,2,5,3,1,2,3
"COG3452",3,5,3,0,0,0,5,3,1,0,1,4
"COG3453",18,7,7,10,5,3,16,4,6,9,7,6
"COG3454",8,1,3,0,3,2,114,0,72,0,0,10
"COG3455",10,1,2,0,0,1,0,1,2,1,0,1
"COG3456",2,1,0,0,0,0,0,1,0,0,0,2
"COG3457",2,0,0,0,0,0,0,3,0,0,1,0
"COG3458",0,35,4,0,4,5,3,7,2,0,5,1
"COG3459",6,8,0,0,1,1,7,1,3,0,0,0
"COG3460",14,3,2,4,9,6,5,6,5,6,3,5
"COG3461",0,0,0,0,0,0,2,1,0,0,0,0
"COG3463",0,30,7,2,12,38,32,38,12,13,18,37
"COG3464",15,18,11,3,2,13,13,138,1,0,3,23
"COG3467",3,104,1,9,1,23,11,66,8,5,4,5
"COG3468",3,3,2,4,2,2,19,0,1,3,5,12
"COG3469",2,0,1,0,0,0,0,0,0,1,0,0
"COG3470",40,8,45,8,34,7,3,1,4,16,9,10
"COG3471",0,2,2,0,0,0,0,0,0,0,0,3
"COG3472",6,13,2,5,3,5,5,25,2,2,2,1
"COG3473",185,157,133,143,96,141,113,228,139,119,162,100
"COG3474",148,75,130,130,97,95,156,117,110,110,112,127
"COG3475",8,9,0,41,7,3,0,16,1,2,1,1
"COG3476",94,25,67,91,68,47,59,3,78,85,56,59
"COG3478",0,2,12,24,8,12,6,1,0,2,1,0
"COG3479",0,1,0,0,0,0,0,0,0,0,0,0
"COG3480",0,11,39,81,35,68,27,14,24,27,36,11
"COG3481",1,33,16,21,19,26,8,99,21,15,23,8
"COG3482",0,0,1,0,1,0,1,0,0,0,0,0
"COG3483",107,73,57,12,28,79,17,54,27,39,48,35
"COG3484",2,7,9,15,10,16,52,0,145,0,16,23
"COG3485",46,66,24,11,33,33,59,12,49,23,29,39
"COG3486",0,0,1,0,0,1,2,0,0,0,0,0
"COG3487",34,6,5,2,5,3,3,4,6,7,7,4
"COG3488",61,24,30,5,23,19,19,15,22,30,47,11
"COG3489",19,1,3,0,3,1,0,0,0,17,19,6
"COG3490",30,3,0,0,1,1,0,0,2,4,2,4
"COG3491",80,102,81,62,65,82,229,114,233,251,222,224
"COG3492",45,48,37,43,35,35,41,43,29,37,45,35
"COG3493",0,0,0,0,0,0,0,0,0,0,1,0
"COG3494",21,20,51,39,38,30,119,138,122,98,121,99
"COG3495",25,10,12,5,6,7,3,3,5,1,3,3
"COG3496",143,55,121,172,160,131,152,10,180,146,159,151
"COG3497",24,6,94,118,155,547,208,64,399,541,398,209
"COG3498",0,0,0,0,0,0,0,0,0,0,0,0
"COG3499",0,0,0,0,0,0,0,0,0,0,0,0
"COG3500",4,10,3,12,13,3,7,1,15,5,3,4
"COG3501",24,10,4,3,14,12,8,9,14,7,6,15
"COG3502",68,16,45,69,37,21,75,5,33,42,23,57
"COG3503",18,18,10,22,17,10,17,27,5,10,14,20
"COG3504",3,9,5,1,0,3,3,2,1,0,0,2
"COG3505",13,80,11,9,5,9,4,4,5,2,2,3
"COG3506",0,2,1,0,1,0,0,0,0,1,0,1
"COG3507",73,55,28,37,37,29,32,15,38,48,45,51
"COG3508",39,28,13,3,13,18,31,37,19,45,59,40
"COG3509",374,101,226,109,220,152,44,23,82,113,82,76
"COG3510",17,15,14,6,4,10,16,10,11,5,14,16
"COG3511",1,2,3,0,0,0,0,0,0,2,2,3
"COG3512",2,1,2,0,0,0,0,4,0,0,0,1
"COG3513",8,4,15,4,2,2,7,14,1,0,8,2
"COG3514",0,0,0,0,0,0,0,1,0,0,0,0
"COG3515",5,1,3,0,1,1,4,1,2,1,0,1
"COG3516",7,2,2,0,2,0,1,0,5,0,4,0
"COG3517",21,2,6,2,2,3,6,4,6,4,3,7
"COG3518",5,1,1,1,0,0,0,0,0,0,0,1
"COG3519",16,3,6,0,2,2,2,2,4,1,4,4
"COG3520",6,3,1,0,0,0,3,0,6,3,1,0
"COG3521",0,0,1,0,0,0,1,0,0,0,0,0
"COG3522",16,1,5,0,1,0,3,2,9,2,2,6
"COG3523",35,5,5,2,2,3,5,0,8,2,6,6
"COG3524",12,11,3,2,5,3,22,2,1,5,6,18
"COG3525",204,170,104,102,104,101,130,107,105,167,137,72
"COG3526",0,1,3,1,0,0,5,3,0,1,2,1
"COG3527",0,0,2,9,0,0,1,0,0,0,0,2
"COG3528",6,6,11,7,10,4,7,2,7,15,8,3
"COG3529",4,1,0,0,0,0,2,0,1,0,0,2
"COG3530",2,2,1,0,0,1,1,0,0,3,0,2
"COG3531",4,8,1,2,0,2,4,26,0,0,0,1
"COG3533",5,30,21,5,31,12,16,7,19,39,21,16
"COG3534",29,30,9,16,10,17,14,3,24,16,15,10
"COG3535",32,53,3,6,2,11,8,15,7,7,10,15
"COG3536",11,18,9,18,5,6,18,24,16,12,8,5
"COG3537",348,54,45,47,103,14,69,39,49,152,47,54
"COG3538",15,5,4,9,6,0,10,0,3,9,2,4
"COG3539",0,0,2,0,0,0,0,0,0,0,0,0
"COG3540",72,77,62,73,115,46,126,20,140,152,97,114
"COG3541",0,1,1,0,0,1,0,2,0,0,1,1
"COG3542",1,1,4,2,5,5,29,13,54,13,11,44
"COG3543",0,1,0,0,1,0,0,2,0,0,0,0
"COG3544",91,32,77,47,103,38,69,13,75,122,80,56
"COG3545",0,6,0,0,0,1,0,4,0,0,0,0
"COG3546",0,3,0,0,0,0,1,1,0,0,0,0
"COG3547",60,89,20,8,2,21,15,247,3,8,16,67
"COG3548",5,1,2,0,0,0,0,1,1,0,0,7
"COG3549",1,5,0,1,1,0,2,7,1,0,0,2
"COG3550",7,25,10,6,2,5,2,7,4,2,6,25
"COG3551",0,4,11,0,8,9,19,12,9,11,12,9
"COG3552",30,131,89,84,85,134,76,117,68,59,90,48
"COG3553",0,1,1,0,0,0,0,0,0,0,0,1
"COG3554",0,0,0,0,0,0,1,0,0,0,0,0
"COG3555",51,8,43,120,43,38,48,13,55,68,24,53
"COG3556",1,0,18,0,28,22,29,0,31,14,23,33
"COG3558",0,0,3,0,0,2,7,1,2,1,0,11
"COG3559",0,0,0,0,0,0,0,0,0,0,0,0
"COG3560",0,0,0,0,0,0,0,0,0,0,0,0
"COG3561",0,0,0,0,0,0,0,0,1,0,0,1
"COG3562",21,10,9,1,3,4,29,1,4,9,0,18
"COG3563",5,4,1,1,3,0,35,0,9,8,1,17
"COG3564",31,2,47,53,41,14,27,1,33,48,21,25
"COG3565",104,19,87,98,94,67,73,9,67,96,72,48
"COG3566",0,0,0,1,1,0,1,0,0,0,0,0
"COG3567",0,0,0,0,1,0,1,0,0,3,0,1
"COG3568",32,72,24,22,20,13,26,90,18,31,31,32
"COG3569",15,204,22,116,18,41,3,8,7,6,6,13
"COG3570",0,4,0,1,0,0,0,2,0,0,0,0
"COG3571",7,32,7,0,4,15,12,13,3,6,1,11
"COG3572",196,187,267,296,212,211,201,253,244,261,160,161
"COG3573",1,2,4,0,0,1,4,2,0,0,1,0
"COG3575",1,1,0,0,0,3,1,2,0,0,0,0
"COG3576",29,157,39,51,33,45,36,25,31,27,28,17
"COG3577",8,23,5,0,4,12,9,4,11,3,9,13
"COG3579",25,76,64,70,60,83,11,77,43,63,72,38
"COG3580",0,15,0,0,0,0,0,90,0,0,0,0
"COG3581",0,5,0,0,0,0,0,90,0,0,1,0
"COG3582",0,0,0,0,0,0,0,4,0,0,0,0
"COG3583",0,1,1,0,0,0,0,2,0,0,0,0
"COG3584",1,1,0,1,1,3,0,1,0,0,0,0
"COG3585",0,0,0,0,0,0,0,0,0,0,0,0
"COG3586",2,4,18,4,3,6,2,15,3,4,2,2
"COG3587",2,9,3,0,4,3,2,1,0,0,2,1
"COG3588",174,221,308,269,328,548,172,243,268,259,340,289
"COG3590",110,39,35,40,21,39,18,13,20,29,40,61
"COG3591",2,1,1,0,0,0,1,1,2,1,3,0
"COG3592",0,1,0,0,0,0,0,4,0,0,0,0
"COG3593",2,223,6,15,1,7,5,10,6,0,2,39
"COG3594",1,2,1,9,3,8,4,1,3,5,1,1
"COG3595",0,4,0,0,0,0,0,26,0,0,0,1
"COG3596",0,0,0,0,0,0,0,0,1,0,2,0
"COG3597",0,2,7,0,3,2,1,0,1,0,0,1
"COG3598",4,3,6,19,1,4,4,7,3,4,3,1
"COG3599",0,0,12,1,7,5,37,2,5,7,4,21
"COG3600",0,1,0,0,1,0,0,0,0,0,0,0
"COG3602",4,1,3,1,4,5,7,0,4,1,2,4
"COG3603",1,15,1,0,1,1,0,6,0,0,1,2
"COG3604",12,37,22,8,13,11,6,28,4,5,8,6
"COG3605",135,91,26,16,27,21,52,47,36,38,35,40
"COG3607",0,1,0,0,0,0,0,0,0,0,0,0
"COG3608",22,48,9,1,11,20,31,111,18,34,40,47
"COG3609",2,6,5,1,3,5,2,3,5,1,3,4
"COG3610",5,2,0,0,0,1,0,4,0,1,3,4
"COG3612",0,0,0,0,0,0,0,0,0,0,0,0
"COG3613",3,4,32,87,24,31,13,0,16,21,24,11
"COG3614",2,14,8,2,1,3,0,8,3,1,0,4
"COG3615",0,0,0,0,0,0,0,0,0,0,0,0
"COG3616",63,122,57,21,47,72,78,62,61,89,65,58
"COG3617",0,0,0,1,0,0,2,0,0,0,0,0
"COG3618",118,240,75,46,138,102,132,79,99,126,92,82
"COG3619",0,1,0,0,1,0,0,0,0,0,0,0
"COG3620",31,50,11,4,12,3,3,7,3,5,1,10
"COG3621",55,20,27,26,46,32,24,14,31,52,33,37
"COG3622",39,79,57,27,45,30,75,32,40,63,32,36
"COG3623",37,42,11,17,5,4,12,31,6,8,11,9
"COG3624",1,1,1,0,0,0,22,0,21,0,0,3
"COG3625",0,0,1,0,1,2,47,0,36,0,0,1
"COG3626",0,1,4,0,1,0,60,0,78,0,2,2
"COG3627",0,3,1,0,0,0,70,1,41,1,0,4
"COG3628",2,2,23,17,9,141,11,4,20,23,19,13
"COG3629",1,0,0,1,0,0,0,16,1,0,1,0
"COG3631",19,9,2,6,4,6,5,3,11,5,6,12
"COG3633",2,1,1,1,3,0,0,1,0,0,2,1
"COG3634",12,24,34,32,19,8,9,3,9,20,21,14
"COG3635",0,208,4,18,8,34,6,87,15,4,9,29
"COG3636",0,1,0,0,0,1,0,0,0,0,0,0
"COG3637",5,12,0,8,0,2,1,2,0,0,0,2
"COG3638",49,78,99,69,101,79,146,65,157,67,95,94
"COG3639",81,199,148,101,136,134,227,114,332,111,159,192
"COG3640",0,2,0,0,1,0,0,31,1,0,0,0
"COG3641",0,0,0,0,0,0,0,0,0,0,0,0
"COG3642",13,71,20,3,12,20,2,25,10,5,17,12
"COG3643",46,55,57,10,49,55,30,22,28,51,42,46
"COG3644",1,1,1,0,1,0,1,2,1,2,1,0
"COG3645",0,1,1,0,0,0,0,0,2,0,0,0
"COG3646",0,0,0,0,0,1,0,0,0,0,0,0
"COG3647",0,0,3,0,1,0,0,3,2,1,1,1
"COG3648",1,0,0,0,1,0,0,0,0,0,1,2
"COG3649",0,0,0,0,0,0,0,0,0,0,0,0
"COG3650",0,1,1,0,0,0,3,0,1,3,0,2
"COG3651",98,61,120,95,89,76,104,18,143,85,126,121
"COG3652",0,1,0,0,0,0,0,0,1,0,0,0
"COG3653",133,555,171,111,152,337,228,419,255,186,250,154
"COG3654",1,0,0,0,0,0,3,2,2,0,1,0
"COG3655",4,10,4,5,0,3,3,9,2,3,2,0
"COG3656",3,0,2,1,1,1,0,2,1,0,0,0
"COG3657",0,0,0,0,0,0,0,0,0,0,0,0
"COG3658",5,3,2,1,6,5,13,2,6,7,3,4
"COG3659",1,7,4,2,1,0,15,49,4,0,2,17
"COG3660",123,84,216,223,186,163,172,120,211,189,209,167
"COG3661",0,10,0,0,1,1,0,0,0,0,1,1
"COG3662",1,4,10,19,13,13,30,6,31,18,30,6
"COG3663",3,21,4,1,9,4,0,12,2,2,4,4
"COG3664",1,4,7,3,2,2,7,39,10,9,25,23
"COG3665",336,258,280,310,296,326,296,296,237,284,291,210
"COG3666",12,50,19,3,2,7,15,309,5,3,7,12
"COG3667",2,18,8,2,1,5,5,5,3,0,2,4
"COG3668",0,6,1,0,0,3,1,5,0,1,2,3
"COG3669",51,78,27,34,76,27,39,40,41,109,20,17
"COG3670",61,102,95,43,131,200,118,21,145,118,121,230
"COG3671",5,0,0,1,0,1,2,0,1,0,0,0
"COG3672",1,5,2,0,2,2,2,14,0,1,0,5
"COG3673",13,12,0,0,0,0,0,13,3,0,0,1
"COG3675",15,2,10,92,34,154,6,5,21,28,48,29
"COG3676",1,5,0,0,2,1,0,224,4,0,0,0
"COG3677",3,3,1,0,0,0,3,63,1,0,0,0
"COG3678",1,0,1,1,0,0,0,3,0,0,1,2
"COG3679",0,0,0,0,0,0,0,0,0,0,0,0
"COG3680",15,3,4,23,7,3,3,10,0,9,8,4
"COG3681",0,0,0,0,0,0,0,0,0,0,0,0
"COG3682",1,7,1,1,2,2,2,2,0,1,1,2
"COG3683",5,1,2,0,0,0,4,4,2,0,0,0
"COG3684",27,9,7,10,4,9,9,15,4,8,9,10
"COG3685",0,3,0,0,0,0,1,0,0,0,0,0
"COG3686",2,4,21,6,32,7,44,5,25,19,27,56
"COG3687",40,15,9,28,1,5,8,5,1,2,0,10
"COG3688",0,1,3,0,0,0,2,7,2,0,1,3
"COG3689",0,1,8,0,6,0,28,0,0,3,0,8
"COG3692",0,1,0,0,0,0,0,0,0,0,0,0
"COG3693",10,5,6,3,13,1,43,0,78,34,17,42
"COG3694",0,5,19,0,44,13,41,12,46,23,56,90
"COG3695",22,20,18,9,20,6,40,19,9,26,13,19
"COG3696",76,240,111,80,21,51,78,363,66,19,48,135
"COG3698",7,8,7,0,5,1,11,2,1,14,3,3
"COG3700",0,8,8,0,1,7,1,10,1,3,3,4
"COG3701",0,3,2,0,1,1,3,0,0,0,1,1
"COG3702",0,4,0,0,0,0,1,1,0,0,0,0
"COG3703",33,24,20,9,15,10,22,14,13,18,14,18
"COG3704",0,12,0,26,0,1,0,3,0,0,1,0
"COG3705",205,130,238,232,229,206,224,145,272,223,277,267
"COG3706",79,192,103,23,65,68,75,273,112,71,84,102
"COG3707",16,15,2,7,0,13,2,35,2,0,4,11
"COG3708",4,1,2,0,0,3,0,1,2,0,0,0
"COG3709",1,1,2,2,1,2,34,0,33,1,0,2
"COG3710",3,7,1,3,2,1,2,4,1,0,2,22
"COG3711",2,4,0,0,0,0,2,0,0,0,0,0
"COG3712",23,36,8,25,8,26,7,38,16,32,29,28
"COG3713",18,11,3,2,1,2,7,6,3,2,5,6
"COG3714",2,8,0,1,4,0,2,20,0,1,1,0
"COG3716",0,0,0,0,0,0,0,0,0,0,0,0
"COG3717",2,5,1,0,2,0,2,0,4,2,0,2
"COG3718",72,23,58,23,54,25,60,16,25,62,36,14
"COG3719",0,7,0,0,1,1,1,1,1,2,1,0
"COG3720",6,2,2,0,6,5,1,1,0,3,5,4
"COG3721",0,0,0,0,0,0,0,0,0,1,0,0
"COG3723",0,3,0,6,3,9,7,1,1,0,0,1
"COG3724",49,10,26,9,20,5,14,6,9,23,10,12
"COG3725",5,0,1,4,2,0,1,1,0,0,2,5
"COG3726",1,0,0,0,0,0,0,0,0,0,0,0
"COG3727",0,16,12,1,1,13,5,35,7,11,8,8
"COG3728",0,1,0,6,2,0,1,1,0,0,0,2
"COG3729",0,0,0,0,0,0,0,0,0,0,0,0
"COG3730",0,0,16,22,9,8,3,0,1,7,5,2
"COG3731",0,0,9,26,7,11,7,0,1,2,8,1
"COG3732",0,0,10,61,10,20,4,0,8,8,19,3
"COG3733",15,45,26,0,39,29,23,2,35,35,30,29
"COG3734",38,12,10,9,12,9,27,1,8,23,9,15
"COG3735",13,11,5,14,4,3,7,9,1,8,3,11
"COG3736",0,1,0,0,0,1,0,0,0,0,0,1
"COG3737",15,7,6,10,2,5,9,9,0,5,4,7
"COG3738",3,0,1,0,2,2,0,1,1,1,2,4
"COG3739",1,2,1,0,1,1,1,1,0,0,0,0
"COG3740",15,5,6,15,6,8,28,6,2,18,8,12
"COG3741",65,50,26,10,31,24,54,19,15,37,26,37
"COG3742",0,1,0,0,0,0,0,0,0,0,0,0
"COG3743",53,15,22,3,29,29,13,0,8,35,33,13
"COG3744",0,1,0,1,0,1,7,5,1,1,0,2
"COG3745",1,9,1,0,0,0,0,5,2,0,0,0
"COG3746",13,14,17,8,11,20,5,13,1,7,4,6
"COG3747",0,0,0,0,0,0,0,0,0,2,0,0
"COG3748",190,214,168,182,181,240,184,264,168,211,244,164
"COG3749",31,9,3,10,1,4,5,29,1,4,0,0
"COG3750",16,3,6,2,3,3,6,0,3,6,1,7
"COG3751",38,31,47,75,40,96,35,18,63,57,49,39
"COG3752",205,69,171,305,164,138,142,24,146,168,135,119
"COG3753",0,0,0,0,0,0,1,0,0,0,0,0
"COG3754",11,2,13,7,9,1,41,14,1,14,2,78
"COG3755",0,1,0,0,0,0,2,1,0,0,0,0
"COG3756",5,0,2,0,2,1,1,3,2,7,7,2
"COG3757",4,10,6,5,6,3,7,1,2,7,2,2
"COG3758",2,1,0,0,0,0,2,0,0,0,0,1
"COG3759",1,1,0,0,0,0,1,0,0,0,0,0
"COG3760",30,22,19,8,25,14,19,18,20,24,20,13
"COG3761",46,43,65,61,46,43,52,47,64,39,83,41
"COG3762",8,9,2,2,1,0,11,1,2,2,1,1
"COG3764",11,9,64,54,77,67,34,24,19,44,20,10
"COG3765",1,3,1,2,2,0,1,8,1,2,1,3
"COG3766",2,2,2,1,1,0,3,2,3,1,0,6
"COG3768",2,5,2,1,0,0,0,0,0,1,0,0
"COG3769",2,0,32,5,64,37,114,17,116,28,49,105
"COG3770",40,2,8,5,12,6,9,0,6,12,5,3
"COG3771",0,0,0,0,0,0,0,0,0,0,0,0
"COG3772",5,11,3,27,10,90,17,4,18,31,5,9
"COG3773",42,24,29,54,73,93,51,20,32,66,30,29
"COG3774",10,6,20,179,23,18,15,6,18,36,9,40
"COG3775",0,0,0,0,0,0,0,0,0,0,0,0
"COG3776",0,0,0,0,0,0,0,0,0,0,0,0
"COG3777",5,5,9,0,8,1,63,11,26,40,22,14
"COG3778",0,0,0,0,0,0,0,0,0,0,0,0
"COG3779",0,0,0,0,0,0,0,0,0,2,0,0
"COG3781",14,6,17,1,6,22,5,0,0,3,1,20
"COG3782",22,5,6,1,2,1,5,0,1,3,1,4
"COG3783",0,0,0,0,0,0,0,0,0,0,0,0
"COG3784",0,1,0,1,0,0,1,0,0,2,0,1
"COG3785",74,62,95,106,74,71,78,54,78,91,90,66
"COG3786",47,40,93,87,54,43,57,47,77,54,88,67
"COG3787",9,7,4,1,2,0,0,5,1,0,1,1
"COG3788",10,10,16,11,9,5,7,2,10,13,5,7
"COG3789",0,2,0,0,0,1,0,1,0,0,1,0
"COG3791",133,249,173,122,151,145,198,172,159,134,166,161
"COG3793",0,0,0,0,0,0,0,1,0,0,0,0
"COG3794",135,103,238,67,161,351,79,104,140,166,164,160
"COG3795",0,1,3,0,0,0,0,0,0,0,0,0
"COG3797",0,2,0,0,0,1,0,0,1,0,0,0
"COG3798",0,2,0,0,0,0,0,0,0,0,0,0
"COG3799",0,1,0,0,0,0,0,0,0,0,0,0
"COG3800",158,124,194,235,174,154,180,218,203,227,181,148
"COG3801",0,0,0,0,0,4,0,0,0,0,0,0
"COG3802",0,14,0,0,0,5,1,4,2,0,4,0
"COG3803",85,38,59,118,73,49,84,46,21,70,41,57
"COG3804",10,25,3,3,6,26,11,35,4,6,8,15
"COG3805",0,1,1,0,1,1,5,3,0,0,0,3
"COG3806",55,5,16,18,14,10,18,3,21,32,13,14
"COG3807",65,55,82,89,55,58,72,77,73,84,81,71
"COG3808",567,666,815,761,729,684,555,641,636,709,686,488
"COG3809",0,3,0,0,0,1,0,0,1,0,0,0
"COG3811",0,0,0,0,0,0,1,0,0,0,0,0
"COG3812",11,9,17,4,11,0,12,0,8,16,11,3
"COG3813",0,1,1,0,0,0,0,0,0,0,0,1
"COG3814",19,12,14,5,10,12,23,10,10,21,7,11
"COG3815",4,3,7,0,5,4,1,0,3,1,6,5
"COG3816",56,18,38,25,40,26,60,11,42,36,33,30
"COG3817",0,1,0,0,0,0,0,0,0,0,0,1
"COG3818",46,21,69,72,63,57,13,11,13,26,11,10
"COG3819",0,0,0,0,0,0,0,0,0,0,0,0
"COG3820",86,73,109,120,115,94,83,69,135,100,104,94
"COG3821",2,3,0,1,1,1,0,1,0,0,0,3
"COG3822",19,1,5,2,12,4,10,1,5,23,5,5
"COG3823",61,57,42,31,46,53,44,16,39,49,28,35
"COG3824",0,10,0,0,0,1,1,24,2,0,0,1
"COG3825",127,78,84,40,109,68,105,34,116,126,90,84
"COG3826",0,1,0,0,0,0,1,0,0,0,0,0
"COG3827",0,0,0,0,0,0,1,0,0,0,0,0
"COG3828",5,44,36,12,35,19,42,20,57,52,57,34
"COG3829",0,21,1,0,0,1,3,18,0,5,1,2
"COG3830",24,11,12,3,5,15,16,83,15,5,10,7
"COG3831",0,2,0,1,0,0,0,3,0,3,0,0
"COG3832",0,2,0,0,1,0,7,3,0,0,1,3
"COG3833",0,8,38,17,61,29,25,7,23,37,18,4
"COG3835",0,1,1,0,0,0,0,0,0,0,0,0
"COG3836",138,297,133,98,154,178,168,173,183,133,166,114
"COG3837",3,7,3,3,1,2,5,23,4,0,0,2
"COG3838",2,7,0,0,0,0,0,0,0,0,2,0
"COG3839",838,457,566,769,609,525,660,425,475,583,438,411
"COG3840",32,2,11,3,19,7,24,13,9,20,10,10
"COG3842",676,670,701,638,684,663,551,642,672,753,716,638
"COG3843",7,19,2,0,1,1,11,1,1,0,2,1
"COG3844",45,48,19,19,23,28,68,83,55,96,58,43
"COG3845",304,343,340,360,389,397,302,344,223,339,227,191
"COG3846",2,5,5,0,1,2,4,4,0,0,2,6
"COG3847",0,0,0,0,0,0,0,1,0,0,0,1
"COG3848",0,0,11,0,5,0,11,0,0,3,1,19
"COG3850",1,5,2,14,2,2,0,7,2,0,0,4
"COG3851",5,0,0,3,1,0,0,0,3,1,0,1
"COG3852",136,63,80,84,77,45,93,45,101,108,68,70
"COG3853",0,12,0,0,0,0,0,1,1,0,1,0
"COG3854",97,28,22,0,16,20,72,7,14,15,7,130
"COG3855",0,0,0,0,1,0,0,0,0,0,0,0
"COG3857",0,0,1,0,2,1,7,30,5,1,0,0
"COG3858",2,68,26,11,22,28,11,93,26,13,49,31
"COG3859",0,1,0,0,0,0,0,2,0,0,1,0
"COG3860",0,0,0,0,0,0,0,0,0,0,0,0
"COG3861",0,0,0,0,0,0,0,0,0,0,0,0
"COG3864",23,4,50,49,72,113,26,35,31,112,38,28
"COG3865",0,5,1,0,0,1,1,0,0,0,0,0
"COG3866",0,0,1,6,1,0,0,2,0,1,2,2
"COG3867",20,12,6,6,20,5,9,1,12,11,13,10
"COG3868",0,5,0,1,0,0,2,0,0,0,1,1
"COG3869",0,11,10,2,2,1,5,17,1,9,9,13
"COG3870",0,0,0,0,0,0,0,0,0,0,0,0
"COG3871",1,12,1,2,0,1,2,2,1,0,5,1
"COG3872",0,37,36,68,44,46,27,51,33,12,43,23
"COG3874",0,3,0,0,0,0,0,2,0,0,0,0
"COG3875",1,111,5,12,7,18,7,41,17,6,16,28
"COG3876",91,122,80,41,78,69,60,170,51,103,77,73
"COG3877",0,1,0,0,0,0,0,2,0,0,0,0
"COG3878",0,0,0,0,0,0,1,0,0,0,0,0
"COG3879",0,0,1,0,0,0,0,0,0,0,0,0
"COG3880",0,3,4,3,2,1,2,7,1,6,4,1
"COG3882",33,159,16,33,17,18,7,162,30,30,34,38
"COG3883",0,1,4,0,1,10,3,1,0,0,1,0
"COG3884",3,1,0,0,0,1,3,0,1,0,0,3
"COG3885",0,0,0,0,0,0,0,1,0,0,0,0
"COG3886",5,6,6,3,5,4,5,19,2,3,0,15
"COG3887",0,0,0,0,0,0,1,0,0,0,0,0
"COG3889",0,188,1,11,0,5,0,15,3,0,0,36
"COG3890",0,0,0,0,0,0,0,1,0,1,0,0
"COG3892",34,32,73,89,49,52,54,5,27,30,24,10
"COG3893",130,33,30,28,60,19,70,15,27,66,36,43
"COG3894",125,155,33,29,36,89,72,306,36,48,51,51
"COG3895",0,0,0,0,0,0,0,0,0,0,0,0
"COG3896",0,0,2,1,1,2,0,4,0,1,1,0
"COG3897",1,3,3,1,0,2,2,1,3,0,4,5
"COG3898",52,18,42,21,48,47,60,9,37,49,39,23
"COG3899",8,36,10,1,4,10,7,53,17,0,6,10
"COG3900",0,1,0,0,0,0,1,4,0,0,0,0
"COG3901",9,36,10,3,3,26,20,13,19,7,3,15
"COG3903",0,1,0,0,0,1,0,7,0,2,0,0
"COG3904",3,0,0,0,0,0,1,1,1,1,0,1
"COG3905",0,0,0,0,0,0,0,0,0,0,0,0
"COG3907",0,26,3,0,1,0,1,4,0,0,1,0
"COG3908",19,19,28,38,27,26,19,12,31,28,24,20
"COG3909",20,1,20,47,40,27,55,1,40,38,21,36
"COG3910",0,0,3,1,0,1,0,1,0,0,0,0
"COG3911",13,1,5,2,6,3,22,1,11,22,13,9
"COG3913",4,0,0,0,0,0,0,0,0,0,0,0
"COG3914",38,64,71,84,59,44,138,235,181,159,272,216
"COG3915",2,3,0,0,0,0,2,1,0,0,0,2
"COG3916",1,1,0,0,0,0,2,2,1,0,0,1
"COG3917",80,35,65,48,75,56,225,132,254,230,223,191
"COG3918",0,0,0,0,0,0,0,0,0,0,0,0
"COG3919",0,3,4,5,4,1,2,2,2,8,4,0
"COG3920",27,113,48,1,6,44,21,81,8,7,7,16
"COG3921",2,9,0,0,1,2,4,9,0,2,3,2
"COG3923",0,0,0,0,0,0,0,0,0,0,0,0
"COG3926",8,7,3,14,14,30,24,4,21,29,18,6
"COG3930",1,19,13,1,15,14,2,3,1,1,4,1
"COG3931",41,16,22,5,14,20,21,41,18,15,11,18
"COG3932",0,9,0,3,1,1,0,0,1,0,0,5
"COG3934",1,2,1,1,0,6,0,1,0,3,2,22
"COG3935",1,0,1,0,0,1,1,2,0,0,0,2
"COG3936",0,0,0,0,0,0,0,0,0,0,0,0
"COG3937",0,0,3,0,0,0,17,0,0,0,0,9
"COG3938",118,121,44,17,57,63,45,84,33,66,47,48
"COG3940",49,11,1,1,1,0,0,1,0,0,0,1
"COG3941",1,2,1,1,2,1,8,2,1,7,3,3
"COG3942",0,6,0,0,0,1,1,0,0,0,0,1
"COG3943",0,0,2,3,0,0,2,1,0,0,0,0
"COG3944",0,1,1,0,0,0,0,1,0,1,0,0
"COG3945",0,66,0,13,0,6,2,38,1,0,0,19
"COG3946",0,0,0,0,0,0,0,0,0,0,0,0
"COG3947",3,0,3,0,0,0,0,1,0,0,0,0
"COG3948",0,1,1,0,1,2,1,0,0,0,0,0
"COG3949",8,31,3,3,1,14,0,33,0,3,6,8
"COG3950",2,2,2,0,0,1,0,1,0,0,0,1
"COG3951",4,7,6,4,9,3,15,3,9,4,3,7
"COG3952",9,5,5,3,6,8,10,17,3,4,7,6
"COG3953",0,0,0,0,0,0,0,0,0,0,0,0
"COG3954",10,16,43,11,81,28,74,19,44,36,53,110
"COG3955",0,0,0,1,0,0,0,0,0,0,0,0
"COG3956",2,48,47,66,46,42,27,45,13,18,20,11
"COG3957",8,6,14,0,11,2,17,0,2,14,0,6
"COG3958",145,191,115,93,99,91,97,176,104,93,120,90
"COG3959",135,171,109,106,98,93,94,164,98,96,115,95
"COG3960",0,0,0,1,0,1,0,0,0,0,0,0
"COG3961",0,0,0,0,0,1,2,15,0,1,0,1
"COG3962",187,100,198,216,248,219,252,127,164,174,153,111
"COG3963",1,9,4,7,4,4,8,24,8,12,1,4
"COG3964",30,54,14,8,14,6,14,29,12,23,27,17
"COG3965",0,0,1,0,0,1,1,1,0,3,0,1
"COG3967",2,11,0,0,2,0,0,1,0,1,0,0
"COG3968",99,7,24,22,7,4,8,26,3,23,1,17
"COG3969",1,0,0,4,0,6,4,1,0,2,3,1
"COG3970",7,24,8,3,19,22,23,11,29,17,16,12
"COG3971",206,86,114,175,118,85,143,33,171,120,117,109
"COG3972",0,3,1,0,0,0,0,0,0,0,1,0
"COG3973",1,77,9,1,1,41,9,87,7,0,14,7
"COG3975",94,32,49,22,54,18,103,69,23,42,17,55
"COG3976",0,0,0,0,0,0,0,0,0,0,0,0
"COG3977",47,13,4,1,4,1,3,49,2,7,1,4
"COG3978",0,0,0,0,0,0,0,0,0,0,0,0
"COG3979",63,119,141,30,74,204,43,119,126,99,155,66
"COG3980",34,57,16,12,20,19,19,60,26,20,24,29
"COG3981",0,2,0,0,0,0,1,1,0,0,1,0
"COG4006",0,0,0,0,0,0,0,0,0,0,0,0
"COG4012",0,0,0,0,0,0,0,8,0,0,0,0
"COG4021",0,0,0,0,0,0,0,0,0,0,0,1
"COG4032",51,83,48,32,32,45,40,81,44,42,45,34
"COG4034",0,0,1,1,2,2,2,0,3,0,0,1
"COG4043",0,0,0,0,1,0,0,0,0,0,1,0
"COG4044",0,0,0,0,0,0,1,0,0,0,0,0
"COG4046",0,113,0,7,0,2,0,16,0,0,0,18
"COG4063",0,0,0,2,0,0,0,0,0,0,0,0
"COG4067",9,19,42,48,25,47,48,5,29,17,30,15
"COG4083",13,2,16,0,13,13,0,0,8,3,9,7
"COG4085",0,4,0,0,0,0,1,5,1,0,1,0
"COG4087",0,0,0,0,0,0,0,3,0,0,0,0
"COG4088",0,0,1,0,0,1,0,0,0,0,0,7
"COG4091",41,69,123,144,111,84,79,33,67,75,79,30
"COG4092",0,0,0,0,1,0,0,0,0,0,0,0
"COG4093",0,1,0,0,0,0,0,0,0,0,1,0
"COG4094",1,13,42,2,37,14,33,55,67,22,41,74
"COG4095",14,6,8,13,17,9,12,2,19,6,23,28
"COG4096",38,39,59,35,44,37,25,70,24,39,52,29
"COG4097",2,5,6,1,2,1,1,0,0,4,1,0
"COG4099",45,86,40,26,39,40,47,47,42,45,38,33
"COG4100",0,0,35,0,55,86,83,0,96,44,81,118
"COG4101",16,24,11,2,9,20,8,3,8,11,14,8
"COG4102",173,214,118,100,139,168,179,82,144,153,107,83
"COG4103",51,30,32,22,38,25,34,36,38,47,38,33
"COG4104",6,3,5,1,2,9,1,0,10,2,1,2
"COG4105",279,207,206,284,240,179,236,205,226,222,248,200
"COG4106",1,7,2,2,1,0,2,1,3,1,2,0
"COG4107",0,2,1,0,0,0,59,0,50,1,0,1
"COG4108",224,64,91,60,145,90,204,62,147,143,129,220
"COG4110",0,1,1,0,0,2,0,1,0,0,0,2
"COG4111",0,2,0,0,0,0,2,0,0,0,0,0
"COG4112",0,3,0,1,2,0,1,2,1,2,2,1
"COG4113",0,0,0,0,0,0,0,0,0,0,0,0
"COG4114",0,1,0,0,0,0,0,0,0,0,0,0
"COG4115",1,1,0,0,1,0,1,4,0,1,0,1
"COG4117",0,9,0,0,0,1,3,2,1,0,1,1
"COG4118",0,0,0,0,0,0,2,0,0,0,0,0
"COG4119",0,1,0,0,1,1,1,0,0,0,1,0
"COG4120",0,0,3,0,0,0,0,3,0,0,0,0
"COG4121",135,29,108,50,128,66,125,19,102,86,90,122
"COG4122",108,202,143,131,142,141,135,109,147,145,137,123
"COG4123",75,21,26,18,22,20,41,21,17,40,9,18
"COG4124",1,13,2,1,1,0,0,1,1,0,3,0
"COG4125",0,1,1,0,0,0,0,0,0,0,0,1
"COG4126",26,51,15,2,24,20,47,34,17,13,20,18
"COG4127",1,3,8,3,6,4,1,1,4,4,3,3
"COG4128",1,1,0,0,0,0,0,0,0,0,0,0
"COG4130",15,3,3,2,6,3,0,1,1,8,5,3
"COG4132",0,1,0,0,0,1,0,0,0,0,0,1
"COG4133",101,43,60,80,55,43,73,26,82,77,56,42
"COG4134",38,12,8,9,15,4,25,2,17,18,6,13
"COG4135",11,14,5,7,19,3,29,4,9,19,9,15
"COG4136",12,0,5,1,8,3,13,2,3,7,2,3
"COG4137",44,18,9,29,5,8,6,36,17,12,6,18
"COG4138",0,0,0,0,0,1,0,2,1,0,0,1
"COG4139",0,0,0,0,0,0,0,0,0,0,0,0
"COG4143",80,74,51,14,50,65,50,58,42,62,46,35
"COG4145",30,38,16,5,7,33,36,91,36,17,43,20
"COG4146",287,171,177,131,201,161,78,88,65,94,56,40
"COG4147",375,157,415,379,420,341,381,75,372,468,391,314
"COG4148",59,39,17,16,13,10,25,40,13,14,9,16
"COG4149",41,40,15,8,16,30,23,52,20,14,14,14
"COG4150",1,2,1,1,0,0,0,0,0,0,0,0
"COG4152",55,28,27,23,20,20,34,23,20,35,5,21
"COG4154",22,20,23,17,22,19,30,8,30,23,17,15
"COG4158",8,4,3,0,4,0,6,2,2,3,5,3
"COG4160",84,103,90,96,72,74,74,66,65,88,115,76
"COG4161",0,0,0,0,0,0,0,0,0,0,0,0
"COG4166",284,276,204,149,247,238,75,68,76,95,82,75
"COG4167",0,0,0,0,0,0,0,1,0,0,0,3
"COG4168",0,0,0,0,0,0,0,0,0,0,0,0
"COG4170",2,0,0,0,0,0,0,1,1,0,0,5
"COG4171",1,3,0,0,0,0,0,1,0,0,0,4
"COG4172",226,102,163,141,208,123,175,70,157,201,140,120
"COG4174",58,95,92,23,58,61,75,81,52,73,68,62
"COG4175",149,131,108,165,76,110,258,337,339,316,346,305
"COG4176",587,585,536,758,491,534,472,476,524,547,557,438
"COG4177",426,766,678,677,667,571,610,912,557,564,635,532
"COG4178",11,1,78,13,103,136,117,1,138,67,126,244
"COG4181",128,76,54,89,59,38,100,44,66,67,57,59
"COG4185",0,3,0,0,0,0,0,0,0,0,0,0
"COG4186",7,2,2,12,6,0,0,1,0,5,0,0
"COG4187",0,0,0,0,0,0,0,0,0,0,0,0
"COG4188",37,74,103,187,112,138,138,92,109,104,122,213
"COG4189",0,0,0,0,0,0,0,0,0,0,0,0
"COG4190",0,0,0,0,0,0,0,1,0,0,0,0
"COG4191",106,20,20,11,9,7,24,28,4,8,9,7
"COG4193",0,0,0,1,0,0,3,0,0,0,0,0
"COG4195",0,13,2,0,0,13,0,5,3,0,3,5
"COG4196",0,16,1,1,0,2,10,2,7,1,1,2
"COG4198",60,183,103,52,76,161,56,204,94,81,150,90
"COG4199",0,0,0,0,0,1,0,0,0,0,0,0
"COG4200",0,1,0,0,0,0,0,0,0,0,0,0
"COG4206",185,97,70,72,60,64,203,374,201,274,224,181
"COG4208",1,1,2,2,0,0,0,1,0,0,0,3
"COG4209",0,1,1,2,3,2,2,0,4,2,2,3
"COG4213",36,8,5,2,8,2,4,0,1,4,3,4
"COG4214",51,7,5,5,3,3,4,1,1,2,1,2
"COG4215",94,92,90,108,101,80,75,79,90,103,114,63
"COG4219",5,5,3,0,3,1,1,11,1,4,0,4
"COG4220",4,0,0,2,0,1,0,3,0,0,0,0
"COG4221",60,197,106,58,107,123,119,68,126,100,113,151
"COG4222",13,8,1,0,1,4,25,3,8,2,1,10
"COG4223",38,2,6,3,13,4,8,0,0,16,5,6
"COG4225",3,33,4,6,0,10,2,6,10,10,5,7
"COG4226",0,1,0,0,0,0,0,1,0,0,0,0
"COG4227",4,28,13,16,12,52,28,17,6,13,4,9
"COG4228",0,1,0,0,0,0,0,0,0,0,0,0
"COG4229",0,0,9,0,4,0,21,1,0,1,0,19
"COG4230",400,115,119,304,132,77,119,142,95,214,94,100
"COG4231",71,168,131,63,132,119,240,426,122,147,125,124
"COG4232",326,277,245,232,247,200,287,213,275,328,253,245
"COG4233",109,62,114,65,141,92,149,27,128,161,118,100
"COG4235",100,30,26,14,27,20,44,47,35,48,26,35
"COG4239",52,78,47,21,64,54,55,85,55,50,49,42
"COG4240",89,88,167,175,176,157,164,29,179,143,211,199
"COG4241",0,0,14,1,24,23,34,0,32,8,52,55
"COG4242",4,33,6,1,18,9,16,51,0,19,14,5
"COG4243",4,3,40,0,40,28,84,5,83,34,72,113
"COG4244",0,0,42,0,53,0,23,7,1,38,63,32
"COG4245",1,2,1,1,1,0,0,12,0,3,0,1
"COG4246",1,5,7,0,5,5,13,2,8,0,2,4
"COG4247",43,16,28,27,33,24,75,11,75,46,29,27
"COG4248",3,3,4,0,0,1,1,5,1,3,1,2
"COG4249",50,70,47,40,49,29,37,309,41,31,42,38
"COG4251",40,77,6,1,3,11,6,26,2,2,11,21
"COG4252",102,142,181,204,190,279,211,303,217,255,200,154
"COG4253",0,1,1,0,0,1,0,1,0,0,0,0
"COG4254",17,9,26,2,12,17,16,44,20,5,26,18
"COG4255",4,2,1,8,0,0,0,0,0,0,0,0
"COG4256",0,0,0,0,0,0,0,0,0,0,0,0
"COG4257",0,290,5,23,1,12,8,27,6,6,3,70
"COG4258",0,25,0,0,0,2,0,35,0,0,0,1
"COG4259",1,0,0,0,0,0,1,0,0,0,0,0
"COG4260",8,5,4,0,16,7,4,9,2,7,9,6
"COG4261",0,5,1,0,0,1,0,11,0,0,0,1
"COG4262",1,15,1,21,0,0,3,34,2,2,6,2
"COG4263",0,1,2,3,0,0,5,13,0,1,0,1
"COG4264",5,1,2,0,0,0,1,3,0,1,0,1
"COG4266",90,106,91,99,100,86,77,95,32,97,120,64
"COG4267",0,1,1,0,0,0,0,1,0,0,0,1
"COG4268",11,9,9,2,4,7,7,14,3,10,3,4
"COG4269",12,47,7,0,2,3,4,19,6,3,7,5
"COG4270",26,14,40,16,28,43,25,6,39,23,31,20
"COG4271",0,0,0,0,0,1,0,0,0,0,0,1
"COG4273",0,0,0,0,0,0,0,0,0,0,0,0
"COG4274",29,31,65,35,51,44,47,51,50,41,39,29
"COG4275",4,3,0,1,0,0,1,1,0,1,0,0
"COG4276",42,42,53,10,41,63,20,37,36,43,59,35
"COG4277",2,14,0,0,0,4,1,7,0,1,4,1
"COG4278",0,1,1,0,0,1,3,10,0,1,3,0
"COG4279",0,2,9,0,7,0,45,0,0,5,1,21
"COG4280",0,0,0,0,0,0,0,1,0,0,0,0
"COG4281",1,18,7,9,0,2,1,7,2,0,1,6
"COG4282",0,0,1,0,0,0,2,0,1,0,0,0
"COG4283",1,0,0,0,0,0,0,0,0,0,0,0
"COG4284",1,4,4,1,0,1,5,48,2,5,7,22
"COG4285",0,0,0,0,0,0,0,0,0,0,0,0
"COG4286",38,1,2,0,0,2,2,0,0,0,0,7
"COG4287",4,48,29,23,18,14,28,73,17,23,31,29
"COG4288",0,1,1,3,3,0,3,0,1,5,1,1
"COG4289",0,17,0,0,0,0,0,12,0,0,0,0
"COG4290",0,0,0,0,0,0,0,0,0,0,0,0
"COG4291",0,0,0,0,0,0,0,0,0,0,0,2
"COG4292",0,1,0,0,0,0,2,0,0,0,0,0
"COG4293",1,38,1,1,1,1,1,4,4,1,3,14
"COG4294",17,0,45,173,71,81,28,1,43,93,37,46
"COG4295",0,3,0,1,0,0,0,2,0,0,0,0
"COG4297",0,1,0,0,0,0,0,0,0,0,0,0
"COG4298",0,1,0,0,0,0,0,0,0,0,0,0
"COG4299",29,44,45,28,38,37,37,62,33,48,48,27
"COG4300",0,0,0,0,0,0,0,0,0,0,0,0
"COG4301",2,108,15,8,6,24,31,30,50,13,15,58
"COG4302",1,4,2,0,0,0,0,4,0,0,1,1
"COG4303",0,5,0,2,0,2,3,4,0,0,0,2
"COG4304",0,0,0,0,0,0,0,0,0,0,0,0
"COG4305",0,0,0,0,0,0,0,0,0,1,0,0
"COG4307",0,6,3,0,2,2,6,0,8,1,3,3
"COG4308",2,1,1,0,0,5,0,11,2,0,4,8
"COG4310",48,54,48,39,26,33,29,96,48,30,53,60
"COG4311",73,62,88,77,93,69,54,41,75,71,87,47
"COG4312",0,0,0,0,0,0,4,3,0,0,1,0
"COG4313",0,0,1,0,0,0,1,1,2,3,0,2
"COG4314",0,1,0,0,0,0,0,0,0,0,0,0
"COG4315",4,1,0,0,0,5,0,2,0,2,1,0
"COG4317",0,0,0,0,0,0,0,0,0,0,0,0
"COG4318",0,0,6,1,2,0,39,0,0,6,0,13
"COG4319",2,2,2,0,2,4,1,6,1,2,6,3
"COG4320",4,2,0,0,0,3,3,4,1,0,0,15
"COG4321",10,0,3,2,2,1,10,2,4,7,3,1
"COG4322",0,0,2,2,0,1,0,1,2,0,0,0
"COG4323",26,3,16,18,9,8,10,5,16,17,15,6
"COG4324",2,47,9,0,2,4,7,24,8,4,8,4
"COG4325",3,27,0,0,0,2,2,4,1,2,1,10
"COG4326",0,0,0,0,0,0,0,0,0,0,0,0
"COG4327",48,17,64,62,49,55,47,14,63,53,58,35
"COG4328",0,1,5,0,0,0,4,0,1,6,1,2
"COG4329",0,0,0,0,1,0,0,0,0,0,0,0
"COG4330",0,3,0,0,0,0,1,0,0,0,0,0
"COG4331",0,0,0,0,0,0,0,0,0,0,0,0
"COG4332",0,0,0,0,0,0,0,0,0,0,0,0
"COG4333",32,11,26,16,35,25,51,10,56,41,32,52
"COG4334",0,0,0,0,0,0,0,0,0,0,0,0
"COG4335",0,1,3,0,0,0,0,0,0,0,0,2
"COG4336",20,19,19,50,15,26,6,6,6,3,4,5
"COG4337",59,4,39,107,61,26,45,1,28,61,29,46
"COG4338",1,0,8,6,3,1,3,0,4,4,3,2
"COG4339",0,1,0,1,1,8,0,8,3,1,0,1
"COG4340",1,0,3,10,1,2,1,1,0,1,1,0
"COG4341",97,181,142,117,139,160,193,69,121,127,169,130
"COG4347",0,0,0,0,0,0,0,0,0,0,0,0
"COG4352",0,0,0,0,0,3,0,0,0,0,2,5
"COG4353",0,0,0,0,0,0,0,0,0,0,0,0
"COG4354",1,4,15,2,17,0,100,9,0,21,3,33
"COG4357",0,0,0,0,0,0,0,0,0,0,0,0
"COG4359",0,7,2,0,0,4,7,6,1,1,3,1
"COG4360",0,0,29,0,44,8,62,1,50,25,50,82
"COG4362",2,0,3,1,7,2,2,0,0,6,2,2
"COG4365",120,17,59,34,65,15,91,3,50,101,33,22
"COG4370",0,0,78,3,138,121,107,0,156,77,89,198
"COG4371",1,0,14,0,5,1,47,0,7,2,47,41
"COG4372",0,0,36,0,45,33,43,0,69,28,36,108
"COG4373",1,3,0,0,0,0,3,0,0,0,0,1
"COG4374",0,0,0,1,0,0,0,0,0,0,0,0
"COG4377",0,0,0,0,0,0,0,0,0,0,0,0
"COG4379",0,1,0,0,0,0,0,1,0,0,0,0
"COG4380",5,0,1,0,0,0,0,2,0,0,1,1
"COG4381",0,0,0,0,0,0,0,0,0,0,0,0
"COG4382",0,0,1,0,0,0,0,0,0,0,1,1
"COG4383",6,2,4,4,1,0,4,1,0,0,0,2
"COG4384",0,0,0,0,0,0,0,0,0,0,0,0
"COG4385",0,0,0,0,0,0,0,0,0,0,0,0
"COG4386",0,0,0,0,0,0,0,0,0,0,0,1
"COG4387",1,0,0,0,0,0,0,0,0,0,0,1
"COG4388",3,1,0,1,0,0,2,0,0,0,0,6
"COG4389",0,0,0,1,0,0,0,0,0,0,0,0
"COG4390",0,0,0,7,0,0,0,0,0,0,0,0
"COG4391",13,3,5,6,2,5,2,4,0,3,3,3
"COG4392",2,2,1,0,2,0,0,0,1,0,0,0
"COG4393",0,0,0,0,0,0,0,5,0,0,0,0
"COG4394",0,0,0,0,0,0,1,0,2,1,0,0
"COG4395",100,66,141,127,149,90,28,30,37,34,40,41
"COG4396",0,0,0,0,0,0,0,0,0,0,0,0
"COG4397",2,1,0,1,0,0,3,0,0,0,0,3
"COG4398",6,84,32,1,19,13,63,49,11,17,19,30
"COG4399",7,6,3,1,2,3,6,4,3,0,5,5
"COG4401",0,8,26,53,32,18,27,4,33,17,26,34
"COG4402",3,2,5,0,0,0,1,0,0,1,0,1
"COG4403",0,3,2,4,3,0,11,6,0,2,0,6
"COG4405",1,4,1,3,1,4,0,3,1,4,2,4
"COG4409",23,35,20,11,40,5,11,0,6,12,10,10
"COG4412",37,133,155,9,96,179,24,333,73,57,168,91
"COG4413",1,0,1,0,0,0,2,3,0,0,0,0
"COG4420",0,4,3,0,0,2,2,4,2,1,3,0
"COG4421",25,56,44,83,40,63,46,63,62,65,86,45
"COG4422",0,1,0,0,1,0,2,10,0,0,0,0
"COG4423",0,0,0,0,0,0,0,0,0,0,0,0
"COG4424",0,0,0,0,0,0,0,0,0,0,0,0
"COG4425",0,0,0,0,1,0,0,0,3,0,0,3
"COG4427",6,11,0,0,1,1,0,1,1,1,0,0
"COG4430",0,7,1,2,0,0,2,3,0,3,0,0
"COG4445",37,26,38,9,68,21,57,2,53,38,45,77
"COG4446",3,10,40,0,50,8,19,2,52,30,39,92
"COG4447",54,34,53,14,55,59,57,17,90,47,48,113
"COG4448",73,84,157,95,145,150,136,129,90,94,145,150
"COG4449",0,0,0,0,0,0,0,0,0,0,0,0
"COG4451",24,10,16,7,39,17,24,2,14,17,20,93
"COG4452",1,6,3,1,1,0,4,2,1,2,1,3
"COG4453",0,0,0,0,0,0,0,0,0,0,0,0
"COG4454",12,8,63,1,29,27,27,3,44,11,62,30
"COG4455",6,0,0,0,0,0,0,0,1,0,0,1
"COG4456",0,0,0,1,0,2,0,1,0,0,0,0
"COG4457",3,0,2,0,0,1,0,6,0,1,2,5
"COG4458",2,0,0,0,0,0,0,1,0,1,0,1
"COG4459",0,0,0,0,0,0,0,0,0,0,0,0
"COG4460",0,0,0,0,0,0,0,1,0,0,0,0
"COG4461",4,0,1,0,0,0,0,0,0,0,0,0
"COG4464",16,14,17,9,10,12,8,20,16,12,7,11
"COG4468",0,0,1,0,0,0,0,0,0,0,0,0
"COG4469",0,0,0,0,0,0,0,0,0,0,0,0
"COG4474",0,0,0,0,0,0,0,0,0,0,0,0
"COG4481",0,0,0,0,0,0,0,1,0,0,0,0
"COG4485",0,0,0,0,0,0,0,0,0,0,0,0
"COG4487",62,22,62,14,97,42,72,37,91,60,77,160
"COG4496",9,3,2,8,4,6,5,1,10,4,4,1
"COG4502",0,0,0,45,1,1,1,0,0,0,1,0
"COG4517",24,13,15,14,13,13,14,5,13,16,16,13
"COG4519",0,0,0,0,0,0,0,1,0,0,0,0
"COG4520",3,3,3,2,5,6,6,25,8,6,7,5
"COG4521",180,130,138,170,155,108,123,137,110,124,137,102
"COG4525",117,121,120,120,105,80,28,46,34,33,39,22
"COG4529",1,11,8,1,10,0,8,0,6,6,10,4
"COG4530",1,0,3,1,3,1,8,0,4,5,2,4
"COG4531",85,38,176,120,140,121,108,38,120,154,174,137
"COG4533",0,0,0,0,0,0,0,0,0,0,0,0
"COG4535",97,45,60,63,72,20,62,38,59,66,53,46
"COG4536",167,63,130,130,134,90,150,85,140,194,122,106
"COG4538",0,0,0,0,0,0,0,0,0,0,0,0
"COG4539",6,1,3,1,5,6,3,2,2,5,7,5
"COG4540",0,1,0,0,0,0,0,0,0,0,0,0
"COG4541",0,1,0,0,0,0,0,0,0,0,0,0
"COG4542",0,7,0,0,0,0,0,0,0,0,0,1
"COG4544",0,13,3,1,1,5,9,3,3,4,6,5
"COG4547",356,224,442,466,376,307,393,224,395,405,386,307
"COG4548",51,106,11,23,13,33,14,77,25,8,26,10
"COG4549",3,0,0,0,0,0,0,0,0,1,2,0
"COG4551",1,0,0,1,1,0,0,0,0,1,0,1
"COG4552",2,18,5,0,0,9,1,12,3,1,14,4
"COG4553",3,12,1,3,17,3,39,4,11,6,3,7
"COG4555",31,59,41,21,35,36,37,59,40,20,56,24
"COG4558",15,2,83,0,75,18,3,1,0,65,53,21
"COG4559",42,0,70,0,53,6,4,2,9,66,45,16
"COG4564",5,8,18,1,4,0,6,2,1,4,3,4
"COG4565",0,9,0,0,0,0,1,7,0,0,0,0
"COG4566",10,11,3,2,1,4,1,11,2,1,1,2
"COG4567",86,65,109,108,116,98,102,78,92,90,129,77
"COG4568",0,0,0,0,0,0,0,0,0,0,1,0
"COG4569",21,3,3,22,8,3,8,0,2,5,2,0
"COG4570",1,0,0,0,2,4,1,2,0,6,0,0
"COG4572",0,0,0,0,0,0,0,0,0,0,0,0
"COG4573",2,2,4,3,4,2,0,2,5,4,1,6
"COG4574",0,0,2,0,1,0,1,0,0,1,0,4
"COG4575",0,0,2,0,0,0,0,0,0,0,0,1
"COG4576",0,8,0,0,1,0,0,2,0,1,1,1
"COG4577",1,6,15,0,26,13,46,9,25,26,46,62
"COG4579",75,82,12,29,3,44,16,77,18,8,14,13
"COG4580",0,1,0,1,0,0,0,0,0,0,0,0
"COG4581",40,57,168,396,249,251,229,83,239,186,223,441
"COG4582",11,9,7,16,1,6,6,0,1,4,11,12
"COG4583",101,56,85,121,82,75,80,75,87,63,89,69
"COG4584",41,74,29,3,2,15,10,448,4,2,11,43
"COG4585",25,71,21,23,7,13,12,137,3,14,13,18
"COG4586",3,6,41,4,56,26,44,16,63,34,64,109
"COG4587",0,4,33,3,44,30,36,20,40,34,46,67
"COG4588",0,3,0,0,0,0,0,0,0,0,0,0
"COG4589",5,3,4,4,3,3,6,1,5,3,1,6
"COG4590",5,4,4,1,1,3,18,4,13,0,3,13
"COG4591",520,570,436,484,435,326,424,673,407,475,408,371
"COG4592",0,0,0,0,0,0,0,0,0,0,0,0
"COG4594",0,0,0,0,0,0,0,0,0,0,0,0
"COG4597",175,167,356,356,298,347,246,267,239,298,364,208
"COG4598",33,47,10,5,9,3,17,29,6,13,9,5
"COG4603",192,241,231,221,259,270,205,222,141,220,178,122
"COG4604",0,2,0,0,0,1,0,0,0,0,0,0
"COG4605",0,3,0,0,0,0,0,0,0,0,0,0
"COG4606",1,1,1,0,0,0,0,0,0,1,0,0
"COG4607",0,0,0,0,0,1,1,0,0,0,1,0
"COG4608",80,431,127,147,107,172,137,308,106,87,112,104
"COG4615",3,1,0,5,0,2,0,14,2,2,2,1
"COG4618",11,2,7,6,3,5,5,2,10,2,2,5
"COG4619",0,8,0,0,1,0,4,6,0,1,2,0
"COG4623",60,20,35,58,41,13,33,14,37,41,30,36
"COG4624",1,0,2,0,1,1,1,3,0,1,1,5
"COG4625",17,8,28,19,14,23,45,18,5,17,11,16
"COG4626",12,2,1,7,0,2,5,3,2,10,1,2
"COG4627",16,8,8,19,11,15,11,8,13,18,10,5
"COG4628",22,0,0,3,0,1,0,0,0,2,0,1
"COG4630",192,226,112,53,148,159,134,265,67,160,170,124
"COG4631",247,377,248,75,224,251,195,308,89,237,314,205
"COG4632",0,18,7,5,8,11,3,26,7,11,6,6
"COG4633",1,1,0,0,1,1,1,1,0,0,0,4
"COG4634",0,1,0,0,0,0,0,1,0,0,1,0
"COG4635",71,2,128,23,101,8,25,0,25,102,92,29
"COG4636",0,1,0,0,0,0,2,1,0,0,0,0
"COG4637",5,3,2,0,0,0,3,1,0,0,1,0
"COG4638",820,1037,536,639,535,879,570,310,685,611,721,889
"COG4639",0,0,7,0,2,1,15,2,1,2,0,3
"COG4641",7,13,10,9,1,14,6,21,14,7,6,8
"COG4642",263,703,98,141,99,130,99,759,96,101,164,163
"COG4643",9,15,1,25,5,2,30,40,4,9,4,4
"COG4644",77,43,21,7,4,27,5,37,9,3,8,98
"COG4645",0,3,1,0,0,1,0,1,1,0,0,0
"COG4646",10,12,5,4,1,7,7,6,2,1,1,5
"COG4647",0,0,0,0,0,0,0,16,0,0,0,0
"COG4648",0,3,0,0,0,1,0,1,0,0,0,0
"COG4649",1,0,5,3,7,9,14,2,13,7,13,15
"COG4650",0,1,1,0,0,0,0,5,0,0,0,0
"COG4651",2,10,7,0,6,2,35,11,7,11,9,21
"COG4653",6,9,3,6,2,5,10,1,5,11,0,4
"COG4654",0,6,7,0,1,1,5,0,3,1,2,2
"COG4655",0,2,2,0,0,0,1,1,0,0,0,0
"COG4656",37,20,8,8,1,3,8,66,5,5,1,7
"COG4657",10,16,3,2,0,1,1,8,3,3,0,2
"COG4658",25,11,4,0,1,4,10,60,2,8,5,6
"COG4659",13,7,1,0,1,0,5,19,4,1,3,5
"COG4660",12,8,2,1,4,0,4,38,5,3,4,7
"COG4662",42,38,32,25,27,26,38,42,25,44,38,30
"COG4663",562,337,628,672,650,483,442,641,490,641,556,411
"COG4664",747,498,781,873,801,640,622,815,635,778,683,502
"COG4665",226,212,272,262,272,203,229,341,227,274,244,193
"COG4666",364,357,264,410,282,257,356,447,266,318,387,279
"COG4667",7,1,9,9,7,1,12,10,14,8,8,7
"COG4668",2,1,31,34,21,18,13,1,12,4,12,6
"COG4669",0,1,0,0,0,0,0,0,0,0,0,0
"COG4670",8,17,6,0,4,3,15,25,6,8,3,4
"COG4671",6,5,8,5,7,8,3,20,10,6,4,12
"COG4672",0,0,9,10,6,64,36,1,15,22,5,10
"COG4674",13,30,12,4,33,17,63,53,58,8,35,94
"COG4675",0,3,5,4,12,10,7,0,17,29,5,3
"COG4676",1,0,1,0,1,1,0,6,0,0,1,1
"COG4677",3,5,0,1,1,3,0,13,0,0,3,38
"COG4678",0,0,14,3,6,4,52,0,0,4,3,28
"COG4679",0,0,0,0,0,1,2,1,0,0,0,1
"COG4680",0,0,0,0,0,0,0,2,0,0,0,0
"COG4681",26,8,1,1,1,1,0,1,1,1,1,7
"COG4682",0,3,0,0,0,1,1,1,0,0,0,1
"COG4683",0,2,0,0,0,0,0,2,0,0,0,0
"COG4688",0,0,0,0,0,1,0,1,1,0,0,8
"COG4689",0,3,1,0,2,0,4,1,11,0,0,0
"COG4690",2,6,3,0,2,1,1,7,0,0,0,8
"COG4691",0,0,0,0,0,0,2,0,0,0,0,0
"COG4692",8,24,9,1,10,6,18,10,14,13,14,90
"COG4693",0,0,0,0,0,0,0,0,0,0,0,0
"COG4694",3,6,6,0,2,0,1,0,0,0,0,1
"COG4695",20,9,15,46,12,41,66,7,19,41,26,23
"COG4696",0,0,0,6,1,3,0,0,2,0,5,0
"COG4700",0,6,0,0,1,0,1,9,0,0,0,1
"COG4701",2,0,0,0,0,0,0,0,0,0,0,0
"COG4702",0,1,0,0,0,0,0,0,0,0,0,0
"COG4704",41,9,12,19,12,15,24,10,15,27,10,11
"COG4705",0,0,0,0,0,0,0,0,0,0,0,1
"COG4706",0,1,0,0,0,0,0,0,0,0,0,0
"COG4710",0,0,0,0,0,0,0,0,0,0,0,0
"COG4711",0,0,0,0,0,0,0,2,0,0,0,0
"COG4712",2,1,1,0,0,1,1,1,1,1,0,2
"COG4713",0,3,0,0,0,0,0,0,0,0,0,0
"COG4714",5,2,1,2,2,1,1,5,1,4,4,0
"COG4715",0,1,0,0,0,0,0,2,0,0,0,0
"COG4716",0,2,0,0,0,0,0,0,0,0,0,0
"COG4717",1,5,2,0,1,0,4,24,0,1,1,2
"COG4718",0,0,1,3,1,16,6,2,0,3,1,0
"COG4719",0,0,0,0,0,0,0,1,0,0,0,0
"COG4720",0,0,0,0,0,0,0,0,0,0,0,0
"COG4721",0,1,0,0,0,0,0,0,0,0,0,0
"COG4723",0,0,11,6,11,21,9,0,4,9,1,3
"COG4724",0,0,0,1,0,0,0,1,0,0,0,0
"COG4725",13,2,7,18,13,37,15,10,17,32,11,21
"COG4726",0,0,0,0,0,0,0,0,0,0,0,0
"COG4727",0,0,0,0,0,0,0,0,0,0,0,0
"COG4728",3,0,1,1,0,0,0,1,0,0,0,0
"COG4729",0,1,0,1,0,0,0,0,0,0,0,0
"COG4731",19,11,14,3,13,8,6,4,4,8,4,2
"COG4733",6,1,44,61,69,215,145,9,59,77,23,33
"COG4734",0,1,0,0,0,0,0,1,0,0,0,2
"COG4735",6,0,0,1,0,0,0,0,0,0,0,1
"COG4736",0,0,0,0,0,0,0,0,0,0,0,0
"COG4737",0,1,0,0,0,0,0,1,0,0,0,0
"COG4738",3,0,0,0,0,0,0,0,0,0,0,2
"COG4741",2,13,3,5,3,4,0,3,3,4,3,1
"COG4742",0,41,0,0,0,0,0,1,0,0,0,0
"COG4743",0,0,1,0,0,0,0,0,0,0,0,0
"COG4744",0,0,0,0,0,0,0,0,0,0,0,0
"COG4745",0,27,8,0,1,6,10,4,6,5,9,5
"COG4746",0,0,0,0,0,0,0,0,0,0,0,0
"COG4747",0,1,2,0,1,1,0,12,3,2,1,1
"COG4748",9,5,4,2,3,3,4,1,3,4,2,0
"COG4750",0,4,0,1,0,1,0,2,0,0,0,0
"COG4752",0,3,0,1,2,1,3,9,3,0,0,1
"COG4753",18,23,14,5,6,6,13,21,4,11,8,21
"COG4754",0,0,0,0,0,0,0,0,0,0,0,0
"COG4757",2,1,2,0,0,1,0,1,2,0,3,3
"COG4759",0,23,0,0,0,11,5,15,4,0,2,2
"COG4760",100,75,85,48,97,64,51,54,88,108,79,51
"COG4762",1,2,0,0,0,0,0,0,0,0,0,3
"COG4763",0,2,0,0,0,0,0,0,0,0,0,0
"COG4764",139,56,131,137,115,94,113,84,149,136,130,104
"COG4765",37,32,58,58,42,36,53,72,53,45,47,40
"COG4766",36,47,4,13,3,4,0,52,8,2,14,16
"COG4767",0,0,0,0,0,0,0,0,1,0,0,0
"COG4769",1,1,0,0,0,0,0,0,0,0,0,0
"COG4770",476,379,340,165,318,374,352,156,285,334,304,303
"COG4771",593,236,341,225,321,285,322,528,279,387,284,189
"COG4772",435,126,191,226,250,147,112,74,201,310,207,183
"COG4773",4,3,4,1,0,3,1,5,0,0,3,22
"COG4774",3,13,104,16,83,67,84,8,83,101,62,54
"COG4775",645,504,743,660,728,589,707,764,784,711,772,646
"COG4776",0,1,0,0,0,0,1,0,0,0,0,0
"COG4778",2,1,1,0,1,0,47,0,33,0,0,2
"COG4779",0,1,1,0,0,0,0,0,0,1,0,1
"COG4781",0,0,0,0,0,0,0,0,0,0,0,0
"COG4782",0,0,1,0,0,0,0,1,1,0,0,0
"COG4783",161,97,115,148,140,79,138,85,135,141,110,109
"COG4784",56,35,29,30,24,28,27,45,44,23,30,22
"COG4785",0,1,0,0,0,2,1,4,0,0,0,6
"COG4786",45,76,42,11,54,34,73,30,39,47,50,34
"COG4787",18,5,16,2,16,13,42,1,11,26,9,17
"COG4789",0,0,0,0,0,2,0,1,0,0,0,0
"COG4790",0,0,0,0,0,0,0,0,0,0,0,0
"COG4791",0,1,0,0,0,0,0,0,0,0,0,0
"COG4792",0,1,0,0,0,0,0,0,0,0,0,0
"COG4794",0,0,0,0,0,0,0,0,0,0,0,0
"COG4795",28,3,4,10,2,3,15,0,5,2,4,3
"COG4796",131,108,147,168,133,159,115,219,96,76,166,100
"COG4797",0,0,2,0,0,0,0,0,0,0,0,0
"COG4798",70,46,42,50,43,46,42,31,63,55,38,50
"COG4799",606,780,596,346,534,666,466,430,568,536,516,449
"COG4801",0,0,0,0,0,0,0,0,0,0,0,0
"COG4802",1,6,3,1,0,1,15,3,0,1,1,13
"COG4803",0,0,3,0,0,0,1,0,0,2,0,3
"COG4804",0,1,1,1,0,0,1,1,0,0,0,1
"COG4805",349,278,278,318,256,197,198,214,206,295,213,158
"COG4806",17,3,0,1,0,0,0,1,1,0,0,0
"COG4807",35,1,2,3,0,0,0,1,0,0,1,5
"COG4809",0,2,1,0,0,0,0,0,0,0,0,0
"COG4813",0,5,10,3,11,4,3,5,10,7,2,13
"COG4815",0,1,0,0,0,0,0,0,0,0,0,0
"COG4819",0,4,0,0,0,2,6,1,0,3,0,0
"COG4821",0,11,12,2,14,12,12,11,16,19,13,22
"COG4823",2,8,1,1,1,0,0,0,0,0,0,0
"COG4825",0,0,0,0,0,2,1,0,1,0,2,0
"COG4826",1,2,0,0,0,0,0,19,1,0,3,3
"COG4828",0,0,0,0,1,0,0,0,0,0,0,2
"COG4829",0,0,0,1,0,1,0,0,0,0,0,0
"COG4830",0,13,0,0,0,0,0,1,1,0,0,8
"COG4832",1,5,0,0,0,0,0,70,0,1,0,0
"COG4833",6,7,0,1,0,0,1,0,0,2,0,2
"COG4834",0,0,0,0,0,0,0,0,0,0,0,0
"COG4842",0,0,0,0,0,0,0,0,0,0,0,0
"COG4843",6,1,25,35,26,19,13,1,15,15,18,7
"COG4845",13,2,0,0,0,0,1,0,0,1,0,0
"COG4848",0,0,0,0,0,0,0,0,0,0,0,0
"COG4849",0,0,0,0,0,0,0,0,0,1,0,3
"COG4850",0,16,0,1,1,0,1,0,0,0,2,2
"COG4852",4,13,11,15,11,7,11,2,13,14,11,13
"COG4856",0,0,0,0,0,0,0,1,0,0,1,0
"COG4857",10,9,6,6,14,13,20,6,22,16,18,13
"COG4859",0,0,0,0,0,0,0,0,0,0,0,0
"COG4860",0,5,1,0,0,1,0,0,1,0,3,0
"COG4861",0,1,0,0,0,0,0,0,0,0,0,5
"COG4864",1,45,40,23,19,24,16,73,29,25,25,29
"COG4865",0,0,0,0,0,0,1,4,0,0,0,0
"COG4866",0,4,0,0,0,0,0,0,0,0,0,0
"COG4867",81,43,36,36,28,37,38,18,31,52,30,20
"COG4869",0,4,1,1,1,0,3,0,1,2,1,2
"COG4870",27,3,19,114,19,14,17,7,6,29,15,32
"COG4872",0,1,0,0,0,0,1,1,0,0,0,0
"COG4874",86,30,56,37,57,25,78,5,43,63,47,38
"COG4875",1,32,2,5,1,9,4,9,6,2,6,4
"COG4877",0,0,0,0,0,1,0,0,0,0,0,0
"COG4878",0,3,0,0,0,0,0,0,0,0,0,3
"COG4880",53,54,60,1,31,129,24,38,44,41,62,46
"COG4886",226,281,93,159,114,269,55,366,134,128,157,299
"COG4887",0,0,0,0,0,0,0,6,0,1,0,0
"COG4888",1,0,0,0,0,0,0,0,0,0,0,0
"COG4889",41,20,86,70,63,447,46,61,69,78,102,65
"COG4890",0,0,0,0,0,0,0,0,0,0,0,2
"COG4891",0,0,2,0,0,0,9,0,1,1,0,0
"COG4892",0,0,0,0,0,0,0,0,0,0,0,0
"COG4894",10,1,1,0,0,0,1,0,1,0,0,1
"COG4895",1,1,0,1,0,0,0,1,0,0,0,3
"COG4898",0,3,2,9,0,3,8,2,1,0,1,0
"COG4899",1,1,1,0,0,0,0,0,0,0,0,0
"COG4901",1,0,0,0,0,0,0,0,0,0,0,2
"COG4902",0,1,1,0,0,0,1,0,0,0,0,1
"COG4906",0,0,0,0,0,2,0,0,0,0,0,0
"COG4907",0,9,7,11,2,8,5,9,3,6,13,6
"COG4908",0,0,0,0,0,0,0,0,0,0,0,0
"COG4909",10,0,1,1,2,1,0,0,0,0,2,1
"COG4910",7,0,1,0,0,0,0,1,0,2,0,0
"COG4911",0,37,1,2,0,1,0,7,1,0,3,7
"COG4912",0,22,0,5,0,12,1,40,0,2,22,2
"COG4913",2,4,2,0,0,2,5,2,1,1,1,5
"COG4916",0,0,1,0,0,0,0,0,0,0,0,0
"COG4922",0,1,0,0,0,0,0,0,0,0,0,0
"COG4923",3,1,7,17,17,15,8,0,2,2,3,3
"COG4924",0,1,4,1,1,0,0,1,0,0,0,0
"COG4925",0,0,0,0,0,0,1,0,0,0,0,0
"COG4926",0,0,0,0,0,0,0,0,1,0,0,0
"COG4927",0,2,1,0,0,0,1,1,0,0,0,0
"COG4928",12,7,19,15,10,6,9,31,5,18,11,17
"COG4929",0,2,0,1,0,0,1,0,0,2,0,0
"COG4930",1,3,3,0,2,3,4,5,3,3,3,1
"COG4932",0,3,0,1,0,0,0,0,3,0,1,0
"COG4933",0,0,0,0,0,0,0,0,0,0,0,0
"COG4934",1,0,0,5,1,0,0,0,1,1,1,1
"COG4935",60,39,92,4,47,94,14,29,36,37,57,30
"COG4937",0,0,0,0,0,0,0,0,0,0,0,0
"COG4938",5,3,10,23,6,11,6,10,3,3,7,4
"COG4941",1,2,0,2,1,0,2,1,1,0,0,0
"COG4942",172,58,70,56,113,60,102,98,63,115,38,57
"COG4943",7,3,0,0,0,1,0,1,1,0,0,8
"COG4944",0,1,0,0,0,0,0,0,0,0,0,0
"COG4945",0,0,111,10,75,41,44,0,13,84,25,5
"COG4946",23,94,27,8,23,32,20,39,17,31,17,40
"COG4947",0,0,0,0,0,0,1,0,0,0,0,0
"COG4948",762,1203,644,333,567,687,577,678,729,558,675,618
"COG4949",72,8,11,2,9,3,18,22,4,17,2,9
"COG4950",0,3,0,0,1,1,1,0,0,1,1,0
"COG4951",1,2,1,3,0,9,2,13,1,6,0,5
"COG4952",13,3,6,2,9,8,21,7,22,49,29,28
"COG4953",15,28,16,3,9,6,20,19,4,12,7,12
"COG4954",1,5,4,0,2,0,7,0,3,5,0,2
"COG4955",2,0,0,3,0,0,0,0,0,0,1,1
"COG4956",0,13,41,2,64,45,59,4,68,43,50,113
"COG4957",3,7,1,0,1,2,3,4,1,0,1,1
"COG4959",3,3,0,0,0,1,1,2,0,0,0,1
"COG4960",0,2,0,0,1,0,1,0,0,0,0,1
"COG4961",3,16,0,7,8,3,1,6,4,4,2,1
"COG4962",24,27,14,3,14,10,5,46,16,10,9,4
"COG4963",2,14,1,1,1,0,4,8,1,0,0,2
"COG4964",1,11,3,2,4,4,7,12,1,1,1,5
"COG4965",5,13,0,3,0,1,2,4,1,1,4,5
"COG4966",3,2,2,0,0,1,1,15,1,1,0,2
"COG4967",3,0,0,0,0,1,3,1,0,0,0,0
"COG4968",2,5,4,1,0,0,3,5,2,0,0,0
"COG4969",3,21,1,3,3,2,2,13,4,0,4,6
"COG4970",3,5,1,1,0,1,2,10,1,0,0,2
"COG4972",12,46,25,6,7,24,24,65,14,16,45,35
"COG4973",108,69,80,82,57,69,64,117,85,80,78,50
"COG4974",288,286,243,310,269,231,302,320,240,274,205,149
"COG4976",33,14,10,11,19,16,24,12,11,15,19,17
"COG4977",345,45,37,52,38,22,50,39,22,52,17,40
"COG4978",0,0,0,0,0,0,0,0,0,0,0,0
"COG4981",0,0,0,0,0,0,9,0,0,0,0,0
"COG4982",0,0,0,0,0,0,8,0,0,0,0,0
"COG4983",36,11,10,42,11,68,16,195,15,24,10,77
"COG4984",0,1,0,0,0,0,0,0,0,0,0,0
"COG4985",0,4,3,1,0,1,13,0,18,0,1,4
"COG4986",0,0,0,0,0,0,0,0,1,0,0,0
"COG4987",8,6,2,1,5,0,48,0,1,1,0,6
"COG4988",7,7,7,3,2,4,2,3,4,0,1,11
"COG4989",52,10,19,22,19,21,42,9,16,31,17,16
"COG4991",0,4,0,0,0,0,0,0,1,0,2,0
"COG4992",548,488,480,450,503,431,420,373,484,471,515,484
"COG4993",190,743,201,173,110,330,179,274,335,173,287,238
"COG4994",0,0,0,0,0,0,0,3,0,0,0,0
"COG4995",4,31,7,2,7,3,37,211,22,30,37,63
"COG4997",0,2,1,0,0,3,0,1,0,0,0,2
"COG4999",8,0,0,0,0,0,0,0,0,1,0,0
"COG5000",374,314,320,397,312,235,332,353,319,317,323,243
"COG5001",103,190,94,97,22,111,112,195,68,20,36,231
"COG5002",93,65,38,5,25,12,18,45,10,20,17,27
"COG5004",0,0,0,0,0,0,0,0,0,0,0,0
"COG5005",0,0,0,0,0,0,0,0,0,0,0,0
"COG5006",1,3,2,0,0,4,4,0,4,0,4,1
"COG5007",10,8,9,14,6,5,1,15,9,8,6,6
"COG5008",4,20,7,0,1,3,18,20,4,2,2,12
"COG5009",750,440,674,645,689,442,627,548,597,772,646,485
"COG5010",0,1,0,0,0,0,0,3,3,2,0,0
"COG5011",0,4,18,2,17,22,86,36,4,19,3,46
"COG5012",75,147,36,17,29,46,32,245,37,32,35,40
"COG5013",0,6,1,8,3,17,9,1153,0,0,13,17
"COG5014",0,4,0,1,0,3,3,19,0,1,0,0
"COG5015",0,0,1,0,0,0,0,0,0,0,1,0
"COG5016",141,92,75,82,67,37,71,146,86,96,61,62
"COG5017",0,0,1,0,0,2,0,0,0,0,1,2
"COG5018",1,1,0,1,0,1,0,1,0,0,0,0
"COG5019",0,0,0,0,0,0,0,0,0,0,0,2
"COG5020",3,0,5,33,5,3,1,0,2,15,2,3
"COG5021",27,1,10,2,4,58,1,0,0,10,13,85
"COG5022",27,0,20,15,11,21,3,0,3,12,7,59
"COG5023",15,1,15,2,9,9,2,0,0,9,5,54
"COG5024",6,0,3,4,1,10,0,0,0,2,3,29
"COG5026",0,2,0,0,0,0,0,3,1,2,0,0
"COG5027",6,0,1,0,0,5,0,0,0,2,1,20
"COG5028",8,0,7,0,0,7,0,0,0,1,4,19
"COG5029",1,0,3,0,2,7,1,0,0,1,4,8
"COG5030",3,0,1,0,1,3,0,0,0,1,0,7
"COG5031",1,2,5,0,3,4,23,2,4,7,3,14
"COG5032",37,2,38,27,14,102,3,0,2,24,22,184
"COG5033",1,0,0,0,0,1,0,0,0,0,1,3
"COG5034",1,0,2,0,1,0,0,0,0,0,0,1
"COG5035",0,0,3,0,0,1,0,0,0,3,0,14
"COG5036",4,0,1,0,1,1,0,1,1,4,2,13
"COG5038",8,0,2,0,0,5,2,0,0,7,4,50
"COG5039",0,0,0,0,0,0,0,0,0,0,1,0
"COG5040",2,0,0,0,0,3,0,0,0,2,3,7
"COG5041",4,0,0,0,0,0,0,0,0,0,1,10
"COG5042",1,2,0,0,2,6,3,1,4,1,2,8
"COG5043",5,0,5,0,1,23,0,0,0,4,3,12
"COG5044",9,0,0,0,0,5,0,0,0,1,1,11
"COG5045",0,0,1,0,0,0,0,0,0,0,1,3
"COG5046",1,0,0,0,1,1,0,0,0,2,1,2
"COG5047",10,0,1,0,1,8,2,0,1,2,0,24
"COG5048",12,0,3,0,0,1,0,0,0,0,1,16
"COG5049",19,2,30,370,28,24,8,0,11,42,14,75
"COG5050",2,26,0,0,0,5,0,6,0,2,3,3
"COG5051",0,0,0,0,0,0,0,0,0,0,0,2
"COG5052",1,0,1,0,0,0,0,0,0,0,0,2
"COG5053",3,0,2,87,7,2,2,0,3,9,3,13
"COG5054",12,1,10,135,8,6,2,1,10,18,5,11
"COG5055",0,0,1,0,2,1,1,1,1,2,1,0
"COG5056",0,0,0,0,0,0,0,0,0,0,1,2
"COG5057",1,0,0,0,0,0,0,0,0,0,0,4
"COG5058",2,0,0,1,1,3,1,0,0,1,0,10
"COG5059",100,0,57,8,33,68,5,0,0,20,16,96
"COG5061",1,0,1,0,0,7,1,0,0,1,1,3
"COG5062",1,0,0,0,0,1,0,0,0,0,0,3
"COG5063",1,0,0,0,0,0,0,0,0,0,1,7
"COG5064",10,0,3,0,6,0,0,0,0,2,1,7
"COG5065",0,0,0,0,0,0,0,0,0,0,0,0
"COG5066",3,0,1,0,1,1,0,0,0,1,0,5
"COG5068",4,0,0,0,0,1,0,0,0,0,0,7
"COG5069",2,0,6,0,2,0,0,0,0,1,2,10
"COG5070",2,0,1,1,0,4,0,0,0,1,0,12
"COG5071",2,0,1,0,0,2,1,0,0,2,0,2
"COG5072",3,0,1,12,0,7,1,0,0,0,1,9
"COG5074",4,0,3,0,1,2,1,0,1,0,0,6
"COG5075",1,0,1,1,0,2,0,0,0,0,0,4
"COG5076",8,1,1,0,1,9,2,0,0,4,9,92
"COG5077",21,1,5,50,1,25,2,0,1,6,2,42
"COG5078",31,1,16,110,20,27,6,1,10,20,9,65
"COG5079",0,0,2,0,0,0,0,0,0,1,1,12
"COG5080",2,0,2,0,1,0,0,0,0,0,1,9
"COG5082",2,0,0,0,0,1,0,0,0,0,0,6
"COG5083",1,0,0,0,0,4,0,0,0,1,2,7
"COG5084",0,0,0,0,0,5,0,0,0,0,0,2
"COG5086",0,0,0,0,0,2,0,0,0,1,0,3
"COG5088",1,0,0,0,0,1,0,0,0,0,0,1
"COG5090",4,0,0,0,0,2,0,0,0,0,1,2
"COG5091",1,0,1,0,0,1,0,0,0,1,0,7
"COG5092",18,0,2,141,0,5,0,0,0,1,0,3
"COG5093",0,0,0,0,0,0,0,0,0,0,0,1
"COG5094",0,0,0,0,0,0,0,0,0,1,0,2
"COG5095",2,0,0,0,1,4,0,0,0,0,0,2
"COG5096",23,0,7,1,6,14,2,0,0,7,6,66
"COG5097",0,0,0,0,0,0,0,0,0,0,0,0
"COG5098",10,0,0,0,0,4,0,0,0,1,1,11
"COG5099",4,0,0,1,0,3,0,0,0,1,1,12
"COG5100",0,0,0,0,0,0,0,0,0,0,0,0
"COG5101",2,0,5,0,0,3,0,0,0,0,2,18
"COG5102",0,0,0,0,0,1,0,0,0,0,1,2
"COG5103",5,0,6,0,0,10,0,0,0,3,3,3
"COG5104",5,0,0,1,0,3,0,0,0,0,0,2
"COG5105",1,0,0,0,0,4,0,0,0,0,0,4
"COG5106",3,0,1,0,0,2,1,0,0,1,0,3
"COG5107",6,0,0,0,0,2,0,0,0,0,1,8
"COG5108",50,21,77,89,83,364,119,43,201,68,66,85
"COG5109",1,0,0,0,0,0,0,0,0,0,0,2
"COG5110",3,0,2,0,1,6,1,0,1,2,4,28
"COG5111",3,0,2,0,1,0,0,0,0,0,1,4
"COG5112",0,0,0,0,0,0,0,0,0,0,0,1
"COG5113",6,0,2,10,3,3,1,0,1,2,1,16
"COG5114",2,0,0,0,0,0,0,0,0,0,0,5
"COG5116",5,0,4,0,1,4,0,0,0,2,2,22
"COG5117",5,0,0,0,0,7,1,0,0,1,1,9
"COG5118",0,0,0,0,0,0,1,0,0,0,1,5
"COG5119",0,0,2,0,0,0,0,0,0,0,0,0
"COG5120",0,0,0,0,0,1,0,0,0,0,0,3
"COG5122",1,0,1,0,0,2,0,0,0,0,1,1
"COG5123",0,0,0,0,0,0,0,0,0,0,0,2
"COG5124",4,0,0,0,0,1,0,0,0,1,0,2
"COG5125",0,0,0,0,0,0,0,0,0,0,0,1
"COG5126",54,1,23,3,19,16,2,0,17,15,12,100
"COG5127",0,0,0,0,1,0,0,0,0,0,2,8
"COG5128",0,0,0,0,0,2,1,0,0,0,0,7
"COG5129",2,0,1,0,0,0,0,0,0,1,1,0
"COG5132",2,0,0,0,0,2,0,0,0,0,0,2
"COG5133",1,0,0,0,0,0,0,0,0,0,0,1
"COG5134",1,0,2,0,2,3,0,0,0,1,1,4
"COG5135",3,0,16,0,18,22,31,0,27,13,17,59
"COG5137",0,0,0,0,0,3,0,0,0,0,1,2
"COG5138",1,0,0,0,0,0,0,0,0,0,0,1
"COG5139",2,0,1,0,0,1,0,0,0,1,0,5
"COG5140",3,0,5,12,2,5,1,1,0,3,1,9
"COG5141",11,0,3,1,3,23,1,0,1,3,2,37
"COG5142",0,0,0,0,0,3,0,0,0,0,0,4
"COG5143",5,0,0,2,2,2,0,0,0,0,2,6
"COG5144",2,0,1,0,0,1,0,0,0,0,0,4
"COG5145",0,0,1,0,0,0,0,0,0,0,0,1
"COG5146",8,0,0,0,0,2,3,0,2,0,0,10
"COG5147",35,0,7,1,7,25,0,0,0,9,6,71
"COG5148",3,0,0,0,0,0,0,0,0,1,1,3
"COG5149",0,0,0,0,0,0,0,0,0,0,0,1
"COG5150",0,0,0,0,0,1,0,0,0,0,0,4
"COG5151",3,0,1,0,1,3,0,0,1,1,2,6
"COG5152",6,0,1,0,0,2,0,0,0,0,0,3
"COG5154",1,0,0,0,0,1,0,0,0,0,0,3
"COG5155",0,0,0,0,1,5,0,0,1,1,3,15
"COG5156",2,0,0,0,0,3,0,0,0,0,0,3
"COG5157",0,0,0,0,0,4,0,0,1,0,0,3
"COG5158",10,0,7,0,5,14,0,0,0,4,6,45
"COG5159",3,0,0,0,1,2,0,0,1,3,2,19
"COG5160",3,0,5,7,5,8,0,0,1,3,2,17
"COG5161",4,0,1,0,0,6,0,0,0,2,0,14
"COG5162",0,0,0,0,0,0,0,0,0,0,0,3
"COG5163",1,0,0,0,1,1,1,0,1,0,0,7
"COG5164",5,1,1,0,3,1,0,0,0,2,3,23
"COG5165",1,0,2,0,1,5,1,0,1,0,0,12
"COG5167",1,0,0,0,0,0,0,0,0,0,0,1
"COG5169",10,0,4,0,1,0,0,0,0,0,1,18
"COG5170",2,0,1,0,2,0,0,0,0,0,2,12
"COG5171",1,0,0,0,0,1,0,0,0,0,1,3
"COG5173",0,0,1,0,1,0,0,0,0,0,4,0
"COG5174",0,0,0,0,0,0,0,0,0,0,0,0
"COG5175",3,0,0,0,0,4,1,0,0,0,0,5
"COG5176",6,0,2,0,0,3,0,0,0,1,2,24
"COG5177",0,0,0,0,0,3,1,0,0,1,0,8
"COG5178",5,0,4,0,1,9,1,0,0,1,3,26
"COG5179",5,0,4,0,1,14,2,0,0,0,1,8
"COG5180",0,0,0,0,0,2,0,0,0,0,0,4
"COG5181",1,0,0,0,2,11,1,0,0,0,0,3
"COG5182",6,0,0,0,1,0,1,0,0,0,0,7
"COG5183",1,0,1,5,2,0,0,0,0,2,0,1
"COG5184",288,51,200,278,122,547,23,28,96,149,169,196
"COG5185",0,0,0,0,0,0,0,0,0,0,0,0
"COG5186",1,0,1,0,0,3,0,0,0,2,1,8
"COG5187",4,0,2,0,3,1,0,0,0,1,1,13
"COG5188",1,0,2,0,1,0,0,0,0,0,1,10
"COG5190",11,0,3,5,1,13,1,0,0,1,1,23
"COG5191",0,0,1,0,0,5,0,0,0,0,1,4
"COG5192",7,0,1,0,0,3,0,0,0,1,1,17
"COG5193",0,0,0,0,0,1,0,0,0,0,0,6
"COG5194",0,0,0,0,0,1,0,0,0,0,1,2
"COG5196",6,0,1,0,1,1,0,0,0,0,2,6
"COG5197",1,0,0,0,0,2,0,0,0,0,0,5
"COG5198",0,0,0,0,0,0,0,0,0,0,1,5
"COG5199",2,0,0,0,0,0,0,0,0,0,0,1
"COG5200",4,0,1,0,0,0,0,0,0,0,0,3
"COG5201",0,1,1,0,0,0,0,0,1,0,1,3
"COG5202",2,0,0,0,0,0,0,0,0,0,0,7
"COG5204",1,0,1,0,0,0,0,0,0,0,0,1
"COG5206",3,0,0,0,0,0,0,0,0,3,2,2
"COG5207",2,0,2,1,3,4,0,0,0,0,1,7
"COG5208",1,0,0,0,0,4,1,0,0,0,1,8
"COG5209",0,0,0,0,0,1,0,0,0,1,1,8
"COG5210",16,0,7,0,0,13,0,0,3,5,1,42
"COG5211",1,0,0,0,0,1,0,0,0,0,0,2
"COG5212",0,0,0,0,0,0,1,10,0,0,0,1
"COG5213",0,0,0,0,0,0,0,0,0,0,0,0
"COG5214",1,0,0,0,0,1,0,0,0,1,0,8
"COG5215",13,0,1,0,2,13,1,0,0,2,2,31
"COG5216",1,0,0,0,0,0,0,0,0,1,0,0
"COG5217",2,0,0,0,0,2,0,0,0,0,2,6
"COG5218",3,0,1,1,0,6,2,0,0,1,0,7
"COG5219",2,0,0,0,1,2,1,0,0,0,3,13
"COG5220",1,0,0,0,0,0,0,0,0,0,0,1
"COG5222",2,0,0,0,0,2,0,0,0,0,0,8
"COG5223",2,0,0,0,0,2,0,0,0,0,0,1
"COG5224",2,0,0,0,0,0,0,0,0,0,0,0
"COG5225",0,0,1,0,0,0,0,0,0,0,1,0
"COG5226",49,0,5,425,13,32,9,2,9,45,10,20
"COG5227",2,0,2,0,2,0,0,0,0,0,2,7
"COG5228",3,0,2,0,0,3,0,0,0,2,0,12
"COG5229",1,0,0,0,1,4,0,0,0,0,1,5
"COG5230",0,0,0,0,0,1,0,0,0,0,0,1
"COG5231",0,0,0,0,0,2,0,0,0,0,2,3
"COG5232",1,0,1,1,0,4,0,0,0,0,0,8
"COG5233",0,0,0,0,0,0,0,0,0,0,0,1
"COG5234",3,0,4,0,4,8,1,0,0,1,1,12
"COG5235",1,0,0,0,1,2,0,0,0,0,1,3
"COG5236",1,0,2,0,0,0,0,0,0,0,1,1
"COG5237",0,0,1,0,0,0,0,0,0,1,0,4
"COG5238",7,0,3,3,0,9,1,1,0,2,2,12
"COG5239",9,0,2,0,3,20,0,0,1,1,2,16
"COG5240",4,0,3,2,1,1,1,0,0,0,3,22
"COG5241",1,0,1,0,0,0,0,0,0,0,0,3
"COG5242",0,0,1,0,1,1,0,0,0,0,0,7
"COG5243",4,0,2,3,1,4,0,0,0,1,2,7
"COG5244",0,0,0,1,0,0,0,0,0,1,0,1
"COG5245",162,2,100,2,54,27,15,0,4,69,48,406
"COG5246",0,0,0,0,0,1,0,0,0,0,0,1
"COG5247",0,0,0,0,0,3,0,0,0,0,0,1
"COG5248",0,0,0,0,0,1,0,0,0,0,0,4
"COG5249",0,0,0,0,0,1,0,0,0,1,0,0
"COG5250",0,0,0,0,0,1,0,0,0,0,0,1
"COG5251",0,0,0,0,0,4,0,0,0,0,0,1
"COG5252",2,0,0,0,0,0,0,0,0,0,0,9
"COG5253",5,0,7,4,8,9,0,0,1,9,9,42
"COG5254",0,0,0,0,0,0,0,0,0,0,0,0
"COG5255",4,1,13,19,15,13,20,2,10,10,4,4
"COG5256",36,111,46,24,39,54,8,27,21,20,33,58
"COG5257",28,157,32,9,19,34,1,33,11,15,21,38
"COG5258",6,0,5,51,2,6,3,0,3,4,2,12
"COG5259",2,0,0,0,0,4,0,0,0,1,0,8
"COG5260",61,0,14,2,16,20,1,0,4,11,7,33
"COG5261",0,0,1,0,0,0,0,0,0,0,0,0
"COG5262",4,0,6,15,2,3,0,0,0,2,3,5
"COG5263",0,0,0,0,0,0,0,0,0,0,0,0
"COG5264",1,0,0,0,0,0,0,0,0,1,0,5
"COG5265",241,47,46,70,41,38,118,48,51,65,32,89
"COG5266",0,0,0,0,0,0,0,0,0,0,0,0
"COG5267",215,359,84,149,138,148,177,126,164,158,98,93
"COG5268",0,4,0,0,0,0,0,1,0,0,0,0
"COG5269",1,0,1,0,1,0,0,0,0,1,0,8
"COG5271",2,1,10,5,9,42,12,5,8,19,2,36
"COG5272",31,2,6,230,12,17,6,4,3,21,14,35
"COG5273",19,1,4,0,2,16,3,0,1,3,1,34
"COG5274",3,0,1,5,0,10,1,0,0,4,1,31
"COG5275",3,0,0,0,0,0,0,0,0,0,0,2
"COG5276",90,68,31,13,32,20,37,197,39,27,42,11
"COG5277",11,2,4,2,5,11,3,0,0,3,7,48
"COG5278",1,11,1,2,1,0,1,5,1,3,3,3
"COG5279",5,17,0,1,2,1,2,3,1,3,0,0
"COG5280",0,0,0,7,3,1,0,3,0,2,0,0
"COG5281",9,6,12,5,12,37,37,3,15,13,6,14
"COG5282",0,31,7,1,0,66,11,40,7,0,7,4
"COG5283",5,1,12,73,8,17,47,1,4,9,37,13
"COG5285",412,783,265,332,269,431,338,324,344,305,425,318
"COG5290",5,0,0,0,0,6,0,0,0,0,0,9
"COG5291",1,0,1,0,1,2,2,0,0,1,1,8
"COG5293",0,2,0,3,0,1,0,0,0,0,0,0
"COG5295",27,9,26,51,28,18,10,6,14,35,8,11
"COG5296",3,0,0,1,0,8,1,0,0,0,0,4
"COG5297",2,2,3,4,3,7,4,2,1,1,1,3
"COG5301",14,6,84,252,78,275,79,25,67,142,53,27
"COG5302",0,1,0,0,0,0,0,0,0,0,0,1
"COG5304",0,0,0,0,0,0,0,0,1,0,0,0
"COG5305",10,15,4,0,9,22,1,24,3,4,10,4
"COG5306",0,15,4,4,0,4,17,4,2,5,12,7
"COG5307",14,0,2,0,1,21,0,0,0,1,2,50
"COG5308",2,0,0,0,0,2,0,0,0,0,0,4
"COG5309",32,0,2,57,6,0,36,21,2,30,2,0
"COG5310",0,0,1,0,0,0,5,1,0,0,0,1
"COG5314",1,6,2,1,0,1,3,1,0,0,0,0
"COG5316",1,73,37,14,30,51,16,90,25,21,32,9
"COG5317",2,0,0,0,0,0,0,1,0,0,0,0
"COG5319",45,42,67,97,65,59,67,61,78,70,66,70
"COG5321",10,11,2,2,7,3,2,1,0,1,1,0
"COG5322",1,3,46,4,71,40,21,0,19,17,21,28
"COG5323",7,10,1,2,1,3,12,1,3,8,1,5
"COG5324",0,0,0,0,0,0,0,0,1,0,0,0
"COG5325",1,0,0,0,2,5,0,0,0,0,0,4
"COG5328",22,9,5,3,6,5,12,5,4,13,4,12
"COG5329",7,0,0,0,1,6,0,0,0,1,1,14
"COG5330",1,1,1,0,0,3,11,11,0,1,1,6
"COG5331",8,14,20,7,19,11,1,7,9,4,4,4
"COG5333",0,0,0,0,0,0,0,0,0,0,1,18
"COG5336",21,19,30,45,36,35,34,27,45,26,37,29
"COG5337",134,127,85,22,55,98,69,192,65,95,138,148
"COG5338",0,7,1,0,0,0,2,1,0,0,1,0
"COG5339",2,0,0,0,0,0,0,1,0,0,0,0
"COG5340",0,2,1,0,0,0,0,1,0,0,0,0
"COG5342",16,3,4,3,10,1,6,9,1,12,1,3
"COG5343",0,4,0,1,0,0,1,1,0,0,0,0
"COG5345",29,6,4,0,1,2,7,7,10,5,6,11
"COG5346",0,0,0,0,0,0,0,0,0,0,0,0
"COG5347",2,0,1,1,0,3,1,0,0,3,1,23
"COG5349",11,8,4,3,3,4,8,3,1,3,4,2
"COG5350",1,1,8,7,11,7,5,11,16,7,5,5
"COG5351",0,0,1,0,0,0,1,1,8,0,3,2
"COG5352",77,44,101,102,87,76,83,61,87,88,100,79
"COG5354",11,0,1,0,0,7,0,0,1,0,0,31
"COG5360",79,59,102,126,66,80,325,240,286,288,302,226
"COG5361",15,2,31,3,9,7,36,5,3,18,1,38
"COG5362",21,4,29,66,42,69,99,29,41,134,22,55
"COG5368",1,15,9,1,15,1,7,0,3,11,9,6
"COG5369",0,0,0,0,0,0,0,0,0,0,0,0
"COG5371",12,0,3,1,0,9,1,0,1,2,3,23
"COG5373",2,5,1,3,0,3,2,2,2,1,0,8
"COG5375",0,3,2,0,6,5,3,4,2,5,3,1
"COG5377",0,0,8,12,12,40,8,13,5,2,1,0
"COG5379",6,10,3,9,1,9,6,1,7,4,1,20
"COG5380",1,1,1,1,0,1,1,2,0,0,0,2
"COG5381",0,0,0,0,0,1,0,0,0,0,0,0
"COG5383",0,1,7,0,0,0,1,0,0,0,0,0
"COG5384",0,0,0,0,1,4,0,0,1,0,0,13
"COG5385",4,8,4,0,0,2,1,6,0,1,1,2
"COG5387",29,5,13,4,15,9,26,3,14,22,7,14
"COG5388",0,0,0,0,0,0,0,1,0,0,0,1
"COG5389",29,2,11,6,15,8,26,10,16,13,15,14
"COG5391",2,0,3,0,0,6,1,0,0,1,4,12
"COG5393",0,0,0,0,0,0,0,0,0,0,0,0
"COG5394",3,7,1,1,3,1,12,116,8,9,5,1
"COG5395",7,3,0,10,2,4,15,1,0,3,0,1
"COG5397",0,0,0,0,0,0,0,1,0,0,0,0
"COG5398",0,0,44,17,78,373,51,0,134,59,117,98
"COG5400",0,3,0,0,0,0,3,4,2,2,1,0
"COG5401",0,0,0,0,0,0,0,0,0,0,1,1
"COG5402",4,1,10,2,7,5,8,0,13,5,8,0
"COG5403",0,0,0,0,0,0,0,0,0,0,0,0
"COG5404",1,2,2,0,0,1,0,0,0,0,0,0
"COG5405",88,106,116,107,111,94,100,139,119,116,136,82
"COG5406",5,0,3,0,3,2,0,0,0,4,2,16
"COG5407",6,0,0,0,1,3,0,0,0,0,2,10
"COG5409",10,0,2,0,1,16,0,0,0,1,2,23
"COG5410",44,9,41,108,85,110,150,59,60,209,31,94
"COG5411",5,0,3,2,1,9,1,0,0,5,3,14
"COG5412",0,0,2,1,1,3,0,0,2,0,26,1
"COG5413",1,0,2,0,2,0,37,0,2,10,32,39
"COG5419",4,1,0,0,0,1,2,1,0,0,0,0
"COG5421",13,8,1,0,0,0,4,26,0,0,1,3
"COG5422",0,0,1,0,1,0,0,0,0,0,0,2
"COG5423",0,1,0,0,0,0,0,19,0,0,0,0
"COG5424",12,108,41,31,24,31,37,17,31,37,64,33
"COG5425",1,3,0,0,0,5,3,2,0,1,0,1
"COG5426",0,9,1,1,2,3,2,2,0,0,1,2
"COG5427",0,52,19,0,2,43,17,17,27,1,28,10
"COG5428",0,0,0,0,0,0,0,1,0,0,0,0
"COG5429",5,6,1,1,0,2,4,6,2,1,3,5
"COG5430",51,2,0,2,0,1,0,1,0,0,1,0
"COG5431",0,0,0,0,0,0,0,0,0,0,0,0
"COG5432",1,0,0,0,0,0,0,0,0,0,0,1
"COG5433",13,6,4,0,1,0,9,22,1,3,2,5
"COG5434",10,14,3,7,13,4,1,4,11,19,7,17
"COG5436",4,1,17,1,8,2,5,0,14,2,3,3
"COG5437",2,1,0,3,0,0,5,0,0,3,0,0
"COG5438",0,3,0,0,0,0,2,1,1,1,4,1
"COG5439",0,0,0,0,0,1,0,0,0,0,0,0
"COG5440",1,0,3,0,0,4,0,0,2,2,1,1
"COG5441",40,10,3,3,10,6,5,76,5,15,7,13
"COG5442",1,2,1,0,0,0,1,0,1,0,1,4
"COG5443",2,0,0,0,0,1,2,1,2,0,0,3
"COG5444",0,1,0,0,0,0,0,0,0,0,0,0
"COG5446",6,16,2,0,2,0,3,8,5,0,3,4
"COG5447",17,2,3,6,5,4,7,0,2,6,1,1
"COG5448",2,5,0,0,0,2,1,0,0,0,0,0
"COG5449",5,6,2,0,1,0,0,0,1,0,0,1
"COG5450",0,0,0,0,0,0,0,0,0,0,0,0
"COG5451",0,0,0,0,0,0,0,0,0,0,0,0
"COG5452",8,9,14,5,10,18,15,35,23,8,19,18
"COG5453",0,2,0,0,1,0,0,0,0,1,0,0
"COG5454",1,0,1,1,3,0,0,1,2,0,0,0
"COG5455",0,0,0,0,0,0,0,0,0,0,0,0
"COG5456",0,4,0,15,1,0,3,11,0,0,1,0
"COG5457",0,0,0,0,0,0,0,0,0,0,0,0
"COG5458",15,4,11,4,10,13,17,1,3,23,10,12
"COG5459",4,1,1,0,0,5,0,1,1,0,0,10
"COG5460",2,1,0,0,0,0,0,8,0,0,0,1
"COG5461",1,1,0,0,0,0,0,0,2,0,0,0
"COG5462",0,2,0,0,0,0,0,3,0,0,1,0
"COG5463",0,2,0,0,1,1,2,5,2,0,2,5
"COG5464",0,1,1,0,0,0,1,0,0,0,0,0
"COG5465",27,20,18,7,25,29,31,8,14,27,17,21
"COG5466",0,0,0,0,0,0,0,0,0,0,0,0
"COG5467",7,22,16,2,3,26,13,40,16,8,25,25
"COG5468",0,0,0,0,0,0,0,0,0,0,0,0
"COG5469",1,1,0,0,4,0,3,0,1,6,3,3
"COG5470",59,57,98,100,91,67,121,42,103,78,72,70
"COG5471",0,0,0,0,0,0,0,0,0,0,0,1
"COG5472",1,0,0,0,1,0,0,0,0,0,0,0
"COG5473",1,2,1,1,0,1,1,2,0,2,1,3
"COG5474",0,0,4,1,2,0,20,0,1,4,0,12
"COG5476",104,144,61,49,82,58,86,58,95,83,77,65
"COG5477",1,4,5,32,10,7,12,20,7,5,13,3
"COG5478",0,0,0,0,0,0,0,0,0,0,0,0
"COG5479",0,8,10,4,7,19,5,72,9,2,5,0
"COG5480",0,0,3,0,0,0,0,0,0,1,0,0
"COG5481",0,0,0,0,0,0,0,0,0,0,0,0
"COG5482",24,9,0,0,0,1,1,4,3,1,2,5
"COG5483",0,1,2,0,0,2,1,2,0,1,2,0
"COG5484",0,1,0,0,0,0,0,0,0,0,0,0
"COG5485",24,11,11,5,12,3,13,3,15,14,8,7
"COG5486",10,30,18,19,18,9,24,7,17,12,17,18
"COG5488",2,2,18,0,13,12,12,0,5,17,10,5
"COG5489",1,8,1,2,1,3,1,1,0,0,0,0
"COG5490",0,0,0,0,0,0,1,90,1,0,0,0
"COG5491",2,213,0,18,0,6,3,23,0,1,0,38
"COG5492",0,2,0,0,0,11,2,0,3,0,0,1
"COG5493",1,0,1,0,1,0,0,1,0,0,1,0
"COG5495",38,11,8,4,10,16,17,14,15,10,7,9
"COG5496",0,12,2,0,1,9,5,15,4,0,6,3
"COG5497",0,0,0,0,0,0,0,0,0,0,0,0
"COG5498",58,12,22,21,31,12,53,8,36,38,11,5
"COG5499",0,2,0,0,0,2,1,10,0,0,0,0
"COG5500",0,1,1,3,0,2,2,0,2,0,0,0
"COG5501",12,18,19,21,17,16,17,24,7,20,13,17
"COG5502",0,0,1,0,0,0,0,0,0,0,0,0
"COG5504",0,0,0,1,0,0,0,0,0,0,0,0
"COG5505",67,55,39,12,49,35,25,24,27,54,22,24
"COG5507",0,7,0,0,0,1,0,0,1,0,1,2
"COG5508",1,0,0,0,0,0,0,0,0,0,0,0
"COG5509",0,0,0,0,0,0,0,0,0,0,0,0
"COG5511",9,6,7,4,16,26,25,9,14,15,26,6
"COG5512",0,2,1,0,6,1,7,1,0,1,0,0
"COG5513",0,0,3,0,0,0,1,1,0,0,0,0
"COG5514",0,0,0,0,0,1,3,1,5,0,1,0
"COG5515",8,1,2,6,9,8,6,0,2,7,2,3
"COG5516",0,0,0,0,0,0,0,3,0,0,0,0
"COG5517",1,21,3,0,0,7,7,0,4,1,0,4
"COG5518",2,1,0,0,1,1,3,0,0,0,0,2
"COG5519",9,2,6,24,0,11,7,8,7,8,4,7
"COG5520",120,25,21,10,27,14,35,43,27,50,22,19
"COG5522",80,49,88,56,90,85,84,83,104,115,90,48
"COG5523",16,3,8,3,4,1,14,0,4,9,5,11
"COG5524",0,0,0,1,0,0,0,0,0,1,0,0
"COG5525",26,13,10,7,18,31,31,18,21,17,25,16
"COG5526",0,0,0,0,0,0,0,0,0,0,0,0
"COG5527",4,0,0,1,0,0,0,1,0,0,0,0
"COG5528",0,0,0,0,0,0,0,0,1,0,0,0
"COG5529",0,0,0,0,0,0,0,0,0,0,0,0
"COG5530",0,3,1,0,0,0,1,0,0,0,2,0
"COG5531",5,2,7,95,8,1,1,2,0,9,4,10
"COG5532",0,0,2,0,0,0,0,0,0,0,0,1
"COG5533",14,1,10,253,13,11,1,0,4,18,6,20
"COG5534",12,22,5,1,0,2,0,1,5,0,0,1
"COG5535",1,0,1,0,0,5,0,0,0,1,1,7
"COG5536",2,0,2,0,0,0,0,0,0,3,0,12
"COG5537",4,0,1,0,0,2,1,0,0,1,2,9
"COG5539",2,0,0,3,1,4,0,0,1,1,2,5
"COG5540",3,0,6,11,2,5,0,2,2,7,1,10
"COG5541",2,0,0,0,0,0,0,0,0,0,0,4
"COG5542",2,3,1,0,1,1,0,2,0,2,1,5
"COG5543",2,0,2,0,0,10,0,0,0,2,1,12
"COG5545",17,17,25,12,39,32,40,18,34,29,54,33
"COG5549",0,0,6,0,3,0,26,0,0,5,0,16
"COG5551",0,0,0,0,0,0,0,0,0,0,0,0
"COG5552",0,1,0,0,0,0,0,0,0,0,0,0
"COG5553",6,10,1,1,3,2,5,4,8,3,6,4
"COG5555",0,2,0,0,2,1,1,1,0,2,3,1
"COG5556",0,0,0,0,0,0,0,0,0,0,0,0
"COG5557",133,113,83,76,111,43,79,173,74,93,87,55
"COG5560",11,0,0,22,2,12,0,0,4,1,1,16
"COG5562",0,0,0,0,0,0,0,0,0,0,0,0
"COG5563",3,7,6,48,4,2,7,7,15,6,1,3
"COG5564",12,6,3,0,3,1,1,6,0,6,1,2
"COG5565",4,2,0,2,1,4,3,8,3,3,0,1
"COG5566",0,0,0,0,0,0,0,0,0,0,0,0
"COG5568",0,0,0,0,0,0,0,0,0,0,0,0
"COG5569",0,0,0,0,0,0,1,0,0,0,0,0
"COG5571",6,1,0,0,0,0,0,2,0,0,0,0
"COG5572",0,1,3,0,0,0,0,0,1,0,0,1
"COG5573",0,1,0,0,0,4,1,5,0,0,0,0
"COG5574",0,0,0,0,0,1,0,0,0,2,0,3
"COG5575",2,0,0,0,1,3,1,0,0,1,1,2
"COG5576",0,0,1,0,0,0,0,0,0,0,0,0
"COG5579",0,5,0,0,2,1,0,2,0,1,1,0
"COG5580",3,0,0,0,0,3,0,0,0,3,0,6
"COG5581",0,0,0,0,0,0,1,1,0,0,0,0
"COG5583",0,0,0,0,0,0,0,0,0,0,0,0
"COG5585",0,1,0,0,0,1,1,0,0,0,1,0
"COG5586",0,0,0,0,0,0,0,0,0,0,0,0
"COG5587",45,12,11,9,18,0,14,16,6,16,1,2
"COG5588",5,9,3,12,7,1,19,17,27,21,21,11
"COG5589",0,3,2,0,1,4,1,4,1,1,4,1
"COG5590",33,9,15,9,25,14,47,7,23,26,10,23
"COG5591",0,0,0,0,0,2,0,1,0,0,1,1
"COG5593",1,0,1,0,1,7,0,0,0,0,0,4
"COG5594",5,0,1,1,0,16,2,0,1,1,1,33
"COG5595",0,0,0,0,0,0,0,0,0,0,0,0
"COG5596",3,0,1,0,1,3,1,0,0,3,1,6
"COG5597",3,1,8,11,1,2,0,0,2,1,0,5
"COG5598",412,503,121,99,153,172,250,658,72,183,130,109
"COG5599",2,0,0,0,0,0,0,0,0,0,0,0
"COG5600",1,0,1,0,0,1,0,0,0,1,0,6
"COG5601",0,0,0,0,0,1,0,0,0,0,0,7
"COG5602",2,3,5,1,1,4,0,0,0,4,1,22
"COG5603",1,0,0,0,0,0,1,0,0,0,0,4
"COG5604",7,0,0,0,0,2,1,0,0,1,0,5
"COG5605",22,39,7,9,1,18,4,86,15,0,35,28
"COG5606",0,0,0,0,0,0,0,0,0,0,0,1
"COG5607",0,0,2,0,1,0,4,4,1,0,1,0
"COG5608",0,0,1,0,0,1,0,0,0,0,0,0
"COG5610",3,3,1,0,1,1,1,1,1,0,0,1
"COG5611",0,0,0,0,0,0,0,0,0,0,0,0
"COG5613",0,0,0,0,0,0,0,0,0,0,0,0
"COG5614",0,1,1,0,0,1,2,0,0,0,0,0
"COG5615",0,0,0,0,0,1,2,0,1,0,0,0
"COG5616",60,418,229,29,221,206,267,333,212,207,246,167
"COG5618",1,0,0,0,0,2,0,0,0,0,2,5
"COG5619",0,0,0,0,0,0,0,0,0,0,1,0
"COG5620",0,0,0,0,0,0,0,0,0,0,0,0
"COG5621",30,13,17,1,18,13,8,5,5,5,4,3
"COG5622",0,5,1,0,0,1,1,0,0,0,1,0
"COG5623",1,0,0,0,0,2,0,0,0,1,1,2
"COG5624",0,0,0,0,0,0,0,0,0,0,0,0
"COG5626",7,0,1,1,0,0,1,0,0,1,1,0
"COG5628",0,1,0,0,0,0,0,0,0,0,0,0
"COG5630",36,0,6,33,14,2,11,2,12,7,5,4
"COG5631",0,1,1,0,2,0,1,0,0,1,1,1
"COG5632",0,1,5,3,2,0,2,0,2,2,0,1
"COG5633",0,0,0,0,0,0,0,0,0,0,0,0
"COG5635",3,12,12,2,26,23,14,25,6,2,33,17
"COG5636",0,0,0,0,0,1,0,0,0,0,0,0
"COG5637",1,7,17,0,28,29,19,0,31,22,24,45
"COG5638",4,0,3,0,0,4,0,0,0,0,0,8
"COG5639",1,1,0,0,0,0,1,0,0,0,0,1
"COG5640",14,4,11,8,13,22,3,1,3,7,5,11
"COG5641",1,0,0,0,0,2,0,0,0,0,0,1
"COG5642",0,4,0,0,0,0,0,0,0,0,0,0
"COG5644",2,0,0,0,0,1,0,0,0,1,0,0
"COG5645",0,0,0,0,0,0,0,0,0,0,0,0
"COG5646",0,1,1,0,1,0,2,0,0,0,0,0
"COG5647",15,0,2,1,3,11,0,0,0,1,2,12
"COG5648",4,0,3,47,6,0,0,0,1,4,2,13
"COG5649",0,2,0,0,0,0,0,0,0,0,0,0
"COG5650",0,0,3,0,0,1,0,0,2,0,0,0
"COG5651",4,1,0,3,7,0,3,0,3,1,0,0
"COG5652",0,0,0,0,0,3,0,1,0,0,1,1
"COG5653",10,3,9,3,3,3,1,0,7,0,6,7
"COG5654",0,5,0,0,0,0,0,0,0,0,0,0
"COG5655",1,0,0,0,0,0,1,1,0,0,1,0
"COG5656",4,0,1,0,1,4,0,0,0,3,1,5
"COG5657",6,0,2,0,1,10,0,0,0,3,5,30
"COG5658",1,0,0,1,0,0,0,0,1,1,0,0
"COG5659",0,16,0,0,0,0,2,36,0,0,0,1
"COG5660",0,15,11,16,7,24,7,47,16,6,17,4
"COG5661",0,3,0,1,1,0,0,0,1,0,1,5
"COG5662",0,0,0,0,0,0,0,1,1,0,0,1
"COG5663",0,1,0,3,0,2,10,6,0,0,0,1
"COG5664",0,0,0,0,0,0,0,0,0,0,0,0
"COG5665",3,0,2,0,1,0,0,0,0,0,1,11
