"","NOF013","DOM003","DLF013","NOF008","DOM021","NOM007","NOM015","DLM027","DLM010","DLM009"
"COG0001",8,16,30,10,5,9,8,8,10,25
"COG0002",39,39,47,42,54,33,45,41,37,48
"COG0003",25,0,23,3,24,4,8,14,0,0
"COG0004",54,90,53,29,27,54,59,73,54,73
"COG0005",16,26,28,34,32,36,22,33,20,8
"COG0006",119,126,106,116,139,116,134,104,136,96
"COG0007",3,14,12,7,5,8,7,14,26,22
"COG0008",111,169,142,137,112,150,138,169,121,137
"COG0009",60,36,55,66,58,52,53,51,50,53
"COG0010",10,9,17,20,2,11,21,11,14,11
"COG0011",0,3,4,0,0,1,0,3,0,0
"COG0012",47,48,49,55,43,66,44,64,59,55
"COG0013",96,102,122,149,90,113,117,139,111,105
"COG0014",61,47,53,54,70,34,57,52,45,47
"COG0015",53,74,59,74,70,76,66,100,73,55
"COG0016",41,46,39,65,41,59,51,52,44,47
"COG0017",64,49,55,77,65,65,68,54,56,50
"COG0018",77,87,78,88,96,97,95,88,84,88
"COG0019",93,85,89,82,96,102,94,110,76,88
"COG0020",24,40,41,26,23,31,37,38,45,43
"COG0021",33,65,29,45,51,43,42,61,39,74
"COG0022",19,0,20,13,9,4,16,7,4,0
"COG0023",7,4,9,11,12,5,11,0,14,3
"COG0024",65,60,74,66,59,93,72,72,50,45
"COG0025",4,27,12,13,6,12,3,36,44,11
"COG0026",0,16,10,5,3,1,0,22,5,42
"COG0027",14,35,20,22,29,19,17,18,39,5
"COG0028",104,136,100,80,104,23,44,47,45,27
"COG0029",57,50,54,59,62,51,71,50,72,64
"COG0030",63,51,63,84,72,68,52,49,41,78
"COG0031",51,50,54,81,53,32,68,42,59,76
"COG0033",0,13,3,0,0,0,1,17,11,3
"COG0034",32,30,39,32,21,112,101,101,73,67
"COG0035",48,55,38,42,37,48,43,41,37,31
"COG0036",26,60,24,27,18,34,30,26,37,59
"COG0037",95,50,112,109,100,104,109,105,78,104
"COG0038",78,92,83,95,103,72,87,118,94,62
"COG0039",23,18,26,21,29,75,68,91,59,68
"COG0040",29,41,44,33,48,15,35,36,40,31
"COG0041",23,22,19,23,22,25,37,29,16,24
"COG0042",70,67,68,74,66,75,76,92,88,88
"COG0043",7,15,9,11,12,4,7,13,11,12
"COG0044",20,30,27,18,19,78,57,101,53,96
"COG0045",10,21,8,3,2,0,9,9,10,7
"COG0046",120,119,153,107,105,135,154,169,96,99
"COG0047",111,120,145,96,77,127,119,133,99,65
"COG0048",11,28,15,31,23,22,15,26,18,22
"COG0049",15,27,34,29,19,41,25,41,29,46
"COG0050",24,79,62,66,64,75,73,78,49,78
"COG0051",19,9,27,17,16,29,24,15,21,26
"COG0052",18,54,42,40,39,46,23,39,33,37
"COG0053",45,44,65,33,48,49,55,46,38,49
"COG0054",14,23,19,18,19,18,19,35,18,13
"COG0055",56,69,61,54,52,73,67,84,64,102
"COG0056",89,88,60,89,63,69,95,116,63,92
"COG0057",45,67,47,62,51,56,46,50,38,64
"COG0058",121,156,172,146,109,190,117,111,123,150
"COG0059",56,52,53,39,55,38,55,52,55,26
"COG0060",88,110,108,128,119,161,93,147,113,144
"COG0061",28,43,46,45,35,14,13,15,6,15
"COG0062",39,56,47,40,47,56,37,60,40,48
"COG0063",34,54,31,46,46,50,38,65,39,53
"COG0064",14,28,31,24,14,13,8,8,4,22
"COG0065",46,44,58,49,57,32,35,64,54,66
"COG0066",25,20,29,15,31,17,22,19,27,39
"COG0067",98,116,91,94,68,70,105,107,97,175
"COG0068",3,17,17,2,8,5,10,31,15,28
"COG0069",103,102,83,86,67,94,132,110,102,199
"COG0070",97,112,83,84,62,75,112,95,88,161
"COG0071",21,71,22,40,31,50,34,34,48,45
"COG0072",87,83,88,91,55,100,78,107,58,105
"COG0073",151,172,178,173,118,186,160,197,106,196
"COG0074",8,19,11,7,2,1,6,5,7,9
"COG0075",18,24,20,21,46,9,15,24,16,6
"COG0076",30,23,18,27,33,4,43,12,14,3
"COG0077",42,48,30,32,21,31,33,46,32,32
"COG0078",58,74,74,61,43,45,57,74,47,43
"COG0079",81,81,76,83,103,92,73,70,103,120
"COG0080",15,36,31,29,19,34,28,29,24,45
"COG0081",29,27,33,49,26,49,37,48,40,54
"COG0082",32,33,50,45,27,48,52,36,45,57
"COG0083",10,18,11,8,3,3,2,26,5,20
"COG0084",59,71,68,60,55,33,65,43,59,65
"COG0085",135,212,185,202,190,170,200,176,177,168
"COG0086",157,194,171,173,156,195,173,172,161,211
"COG0087",17,38,41,41,34,41,34,38,37,51
"COG0088",26,41,48,42,31,49,33,40,36,51
"COG0089",9,17,20,24,23,23,23,21,15,24
"COG0090",29,47,34,30,16,61,39,63,38,48
"COG0091",8,9,4,6,3,32,19,20,19,27
"COG0092",13,37,41,41,32,60,31,36,29,42
"COG0093",12,17,18,25,14,26,15,25,24,26
"COG0094",18,52,26,29,24,53,27,38,35,33
"COG0095",6,14,7,15,5,12,7,27,12,7
"COG0096",17,38,29,16,14,35,14,25,29,34
"COG0097",18,49,36,28,27,24,37,40,31,46
"COG0098",27,51,27,36,32,37,27,34,19,28
"COG0099",21,29,15,26,14,20,16,24,18,27
"COG0100",11,33,33,17,20,31,16,25,13,38
"COG0101",37,27,59,56,37,57,33,52,41,79
"COG0102",16,24,25,26,30,33,14,29,13,30
"COG0103",10,34,21,26,25,23,16,12,20,22
"COG0104",52,81,76,57,79,86,65,103,38,62
"COG0105",2,4,3,1,3,19,2,4,13,7
"COG0106",10,5,3,14,7,19,27,37,31,48
"COG0107",37,44,41,31,23,26,41,52,23,35
"COG0108",36,61,41,52,63,39,44,59,43,31
"COG0109",0,7,1,0,1,0,1,0,15,1
"COG0110",168,79,172,161,178,44,41,21,61,38
"COG0111",64,87,80,90,89,77,76,92,87,71
"COG0112",34,59,52,40,41,60,35,64,42,39
"COG0113",0,19,8,8,3,6,2,12,17,21
"COG0114",2,8,1,8,0,3,7,30,7,4
"COG0115",50,60,83,73,87,62,60,55,55,70
"COG0116",43,40,31,45,53,65,47,57,35,41
"COG0117",36,27,27,40,46,24,49,56,41,26
"COG0118",25,31,30,25,20,20,28,33,25,34
"COG0119",114,92,127,106,105,88,107,103,86,118
"COG0120",11,8,4,1,4,2,7,21,5,19
"COG0121",0,4,0,0,0,1,0,0,3,2
"COG0122",13,5,16,19,7,14,11,8,3,8
"COG0123",1,1,0,1,1,0,0,0,4,1
"COG0124",50,54,67,85,53,76,66,82,41,45
"COG0125",3,15,20,16,9,11,6,15,13,24
"COG0126",37,49,51,53,56,61,45,59,38,48
"COG0127",10,13,11,9,15,40,38,50,24,47
"COG0128",32,52,64,57,38,41,65,45,33,44
"COG0129",66,110,92,71,89,56,106,72,64,53
"COG0130",26,39,43,48,38,51,43,42,38,34
"COG0131",23,30,34,28,37,17,37,31,26,23
"COG0132",14,14,16,15,21,13,7,10,19,8
"COG0133",37,51,26,42,42,19,29,45,37,49
"COG0134",19,29,32,28,27,18,20,23,24,43
"COG0135",5,8,8,3,3,9,10,21,16,35
"COG0136",33,49,55,38,52,43,33,73,38,46
"COG0137",37,68,51,55,43,46,63,62,47,52
"COG0138",80,80,64,60,103,68,80,95,55,87
"COG0139",29,18,29,24,41,24,27,27,34,34
"COG0140",27,18,34,27,33,25,39,21,23,24
"COG0141",54,30,48,37,45,28,58,63,30,61
"COG0142",69,90,54,53,45,92,57,90,75,54
"COG0143",71,94,92,78,60,93,85,105,67,89
"COG0144",17,20,23,28,22,68,60,86,63,120
"COG0145",0,1,0,1,3,3,4,4,2,18
"COG0146",0,0,0,3,1,1,0,0,1,0
"COG0147",47,68,65,54,76,56,62,55,63,57
"COG0148",58,45,49,66,49,84,70,78,62,80
"COG0149",35,25,37,44,28,25,33,35,35,51
"COG0150",44,34,52,30,49,42,47,60,42,42
"COG0151",42,40,66,55,59,58,42,67,48,70
"COG0152",38,34,39,47,50,42,47,50,40,37
"COG0153",61,49,67,54,58,88,70,59,41,41
"COG0154",23,24,27,34,10,33,20,57,12,100
"COG0155",2,6,3,3,2,1,5,10,9,5
"COG0156",52,38,57,92,127,70,132,38,90,20
"COG0157",21,39,30,49,46,31,36,33,22,46
"COG0158",0,6,1,0,3,2,3,1,13,8
"COG0159",23,31,35,30,33,23,33,34,23,42
"COG0160",8,14,11,10,6,18,1,24,28,28
"COG0161",36,14,45,33,32,22,45,14,37,12
"COG0162",56,68,56,55,57,53,59,48,46,53
"COG0163",2,9,9,7,4,3,0,4,10,5
"COG0164",24,29,27,34,32,12,8,13,13,14
"COG0165",69,62,57,36,62,38,47,89,58,77
"COG0166",49,62,73,85,58,86,65,81,66,77
"COG0167",60,56,72,70,80,42,66,63,63,46
"COG0168",131,62,141,123,154,96,138,134,128,168
"COG0169",19,41,39,32,36,48,35,43,43,57
"COG0170",0,0,0,0,0,0,0,0,0,0
"COG0171",61,51,71,72,59,79,71,95,51,68
"COG0172",50,57,80,65,38,81,51,75,46,87
"COG0173",60,65,103,113,54,104,69,86,63,105
"COG0174",38,51,53,36,30,20,45,72,32,76
"COG0175",41,17,55,25,40,30,39,31,48,23
"COG0176",23,40,35,26,27,13,30,21,23,25
"COG0177",28,24,34,37,27,32,39,39,26,50
"COG0178",132,158,186,195,203,154,186,253,140,163
"COG0179",21,37,24,23,22,28,25,24,25,5
"COG0180",54,57,64,51,48,63,37,61,48,55
"COG0181",6,7,8,3,4,8,6,4,10,26
"COG0182",5,4,7,8,5,2,12,7,7,8
"COG0183",15,40,15,29,8,10,18,45,46,4
"COG0184",16,16,11,17,17,15,11,14,15,21
"COG0185",20,12,30,19,15,27,12,18,14,29
"COG0186",11,17,21,15,17,25,13,20,9,21
"COG0187",137,160,172,190,128,175,181,208,152,192
"COG0188",173,200,204,216,171,233,185,220,157,208
"COG0189",15,9,11,5,8,7,12,3,17,3
"COG0190",39,28,45,57,41,46,60,53,33,39
"COG0191",50,81,64,69,45,65,66,57,63,53
"COG0192",60,69,77,86,75,74,69,61,81,85
"COG0193",25,25,26,40,31,26,32,41,28,33
"COG0194",9,8,11,16,10,51,38,54,31,53
"COG0195",47,87,52,61,74,59,59,77,59,59
"COG0196",37,41,29,32,37,40,27,51,25,35
"COG0197",27,33,22,29,22,40,22,25,16,38
"COG0198",11,25,21,14,20,24,18,28,14,24
"COG0199",6,19,16,10,11,17,12,13,10,11
"COG0200",19,26,38,21,24,38,25,30,26,25
"COG0201",57,85,66,64,57,93,54,83,60,64
"COG0202",16,12,17,17,20,62,45,55,34,63
"COG0203",15,14,28,37,27,27,10,18,12,26
"COG0204",81,78,66,57,52,73,85,46,83,71
"COG0205",145,113,138,146,180,144,210,132,132,117
"COG0206",51,66,72,56,60,76,59,56,54,51
"COG0207",11,6,12,17,17,38,39,23,25,26
"COG0208",11,26,21,9,10,6,23,18,19,34
"COG0209",24,15,19,28,27,94,66,57,81,64
"COG0210",172,249,218,183,188,240,140,209,181,238
"COG0211",6,22,13,15,12,18,8,16,11,22
"COG0212",8,13,13,9,7,24,24,35,27,25
"COG0213",18,18,9,12,7,28,11,15,15,20
"COG0214",9,29,9,12,5,27,7,18,6,25
"COG0215",53,42,79,71,71,21,21,24,20,23
"COG0216",36,45,52,50,32,70,47,65,48,43
"COG0217",31,31,31,36,37,35,46,42,27,32
"COG0218",29,30,32,27,15,37,20,32,22,30
"COG0219",10,16,24,17,6,18,14,24,11,40
"COG0220",23,35,24,39,41,47,29,35,36,40
"COG0221",0,11,12,7,4,10,10,9,12,16
"COG0222",18,18,19,21,14,39,17,21,15,22
"COG0223",35,64,41,65,46,51,39,53,58,47
"COG0224",16,35,14,15,17,44,52,74,29,65
"COG0225",14,29,15,15,28,11,16,9,20,13
"COG0226",70,68,46,48,45,44,49,67,43,74
"COG0227",9,18,9,7,11,4,1,1,2,2
"COG0228",14,15,13,19,17,29,10,22,10,16
"COG0229",17,4,8,5,14,5,7,9,14,1
"COG0230",5,0,7,10,8,5,5,0,4,6
"COG0231",17,48,35,33,29,50,32,49,26,31
"COG0232",37,61,55,62,55,47,45,35,55,78
"COG0233",29,22,30,26,30,45,40,52,31,22
"COG0234",13,22,17,18,16,21,10,14,12,22
"COG0235",70,62,74,55,63,51,57,39,85,20
"COG0236",20,14,25,16,23,36,27,26,23,36
"COG0237",18,16,33,25,20,39,20,22,28,31
"COG0238",8,16,6,16,7,27,9,21,9,10
"COG0239",5,12,7,13,13,3,16,21,10,38
"COG0240",41,58,43,51,51,56,38,61,41,48
"COG0241",31,36,34,25,38,5,27,37,32,9
"COG0242",36,35,44,43,28,43,25,47,22,42
"COG0243",7,157,20,5,20,9,27,51,135,212
"COG0244",21,15,19,31,20,12,6,8,4,14
"COG0245",36,24,35,33,32,42,41,29,28,31
"COG0246",67,165,49,36,34,13,16,39,28,19
"COG0247",25,56,40,44,52,23,34,32,57,38
"COG0248",11,27,10,6,7,30,20,74,49,78
"COG0249",141,107,134,163,145,148,122,143,123,124
"COG0250",27,42,46,34,39,45,34,53,33,44
"COG0251",42,61,45,49,47,37,51,53,80,39
"COG0252",59,50,64,81,111,62,87,61,53,62
"COG0253",30,31,46,49,38,48,47,60,30,65
"COG0254",7,7,15,13,11,14,9,9,4,18
"COG0255",4,5,6,12,6,10,6,9,2,9
"COG0256",14,27,26,31,19,9,6,11,16,17
"COG0257",0,1,3,0,1,3,0,4,0,1
"COG0258",83,142,104,121,108,122,104,120,86,93
"COG0259",12,1,9,6,4,1,5,1,4,1
"COG0260",3,20,3,5,2,0,1,1,3,3
"COG0261",11,20,18,26,24,25,18,18,12,21
"COG0262",34,27,25,31,26,36,29,27,26,29
"COG0263",42,16,46,30,37,29,43,41,28,36
"COG0264",43,31,53,46,42,52,51,55,52,57
"COG0265",66,107,72,88,75,97,48,66,64,96
"COG0266",12,11,3,4,10,3,9,18,18,24
"COG0267",1,7,7,6,4,6,2,5,6,3
"COG0268",4,14,6,7,6,10,4,12,8,9
"COG0269",0,5,4,1,0,2,2,0,13,0
"COG0270",74,141,119,119,106,243,73,107,67,166
"COG0271",0,1,0,0,0,0,0,0,2,0
"COG0272",57,88,90,113,67,113,93,93,66,72
"COG0274",38,34,28,39,47,32,41,35,54,30
"COG0275",33,48,50,57,54,20,18,16,10,18
"COG0276",0,1,0,0,0,2,3,3,3,7
"COG0277",18,60,22,26,40,21,25,61,60,52
"COG0278",0,3,0,0,0,1,0,0,2,0
"COG0279",9,13,7,4,4,3,7,13,9,8
"COG0280",106,97,98,115,171,113,142,71,111,43
"COG0281",52,57,71,70,79,73,96,56,72,44
"COG0282",57,61,66,63,58,60,52,79,49,68
"COG0283",21,31,33,32,23,31,24,42,26,34
"COG0284",33,47,41,45,39,51,48,41,30,34
"COG0285",50,58,60,56,45,73,59,88,57,60
"COG0286",110,192,104,125,165,162,103,179,142,107
"COG0287",31,24,35,27,14,22,24,22,16,42
"COG0288",9,23,8,5,20,3,13,17,17,20
"COG0289",33,35,31,54,47,53,36,42,30,45
"COG0290",20,37,28,33,27,38,20,33,24,33
"COG0291",5,7,14,10,11,20,10,5,13,11
"COG0292",2,5,2,7,4,33,21,22,11,18
"COG0293",0,3,0,0,0,0,0,1,4,7
"COG0294",36,37,33,22,42,34,33,22,25,13
"COG0295",20,28,19,22,19,27,20,22,20,9
"COG0296",131,71,122,122,86,109,116,103,80,115
"COG0297",56,41,55,43,38,55,61,48,34,36
"COG0298",1,15,1,2,3,2,2,2,2,2
"COG0299",18,17,35,43,38,7,10,6,7,18
"COG0300",30,14,31,49,17,48,45,49,27,36
"COG0301",7,9,11,7,3,31,25,53,23,47
"COG0302",24,38,26,15,20,21,24,31,22,36
"COG0303",20,15,12,6,11,15,15,40,18,43
"COG0304",83,78,87,83,82,79,95,102,83,118
"COG0305",74,96,104,86,73,81,102,67,70,65
"COG0306",10,34,17,7,6,2,15,20,16,7
"COG0307",24,16,15,17,26,15,26,22,24,18
"COG0308",3,11,6,2,10,2,16,40,9,51
"COG0309",11,17,14,9,11,12,5,23,18,31
"COG0310",1,8,3,6,4,5,2,2,5,25
"COG0311",5,21,5,9,5,6,1,6,2,7
"COG0312",33,18,15,37,44,21,22,7,23,22
"COG0313",47,44,47,53,57,66,46,53,56,50
"COG0314",0,0,0,0,0,1,0,0,0,3
"COG0315",7,6,8,4,5,7,11,12,13,19
"COG0316",0,9,1,0,3,1,1,0,9,11
"COG0317",120,137,114,140,117,144,143,160,104,110
"COG0318",80,90,97,101,89,23,46,20,33,11
"COG0319",18,26,18,21,26,41,25,25,16,55
"COG0320",15,6,21,28,35,7,25,1,29,15
"COG0321",15,5,18,10,26,4,21,7,17,3
"COG0322",67,96,86,84,56,80,64,91,47,80
"COG0323",55,44,77,88,80,101,88,60,60,73
"COG0324",55,79,57,63,82,73,57,49,54,47
"COG0325",35,31,51,36,37,13,8,12,6,7
"COG0326",91,69,109,86,77,79,69,72,77,111
"COG0327",24,41,41,34,18,30,26,39,18,29
"COG0328",7,10,11,20,6,10,18,14,7,19
"COG0329",81,61,77,77,64,77,88,74,73,75
"COG0330",32,64,47,51,37,72,60,56,42,51
"COG0331",27,65,41,41,35,48,44,88,37,47
"COG0332",51,47,44,47,82,52,89,54,61,69
"COG0333",3,5,6,7,6,5,4,3,8,6
"COG0334",87,61,92,109,117,107,85,69,86,73
"COG0335",17,13,20,11,16,28,14,15,16,31
"COG0336",30,43,17,46,28,17,6,10,14,8
"COG0337",37,53,51,36,38,48,42,56,29,65
"COG0338",30,43,49,30,19,22,30,12,46,11
"COG0339",98,115,90,101,127,63,105,64,100,14
"COG0340",48,37,45,58,39,40,50,70,36,79
"COG0341",39,16,33,26,19,29,41,34,16,26
"COG0342",90,112,48,69,59,91,79,95,62,68
"COG0343",37,48,44,63,46,54,54,52,62,59
"COG0344",15,12,28,27,5,9,7,8,3,11
"COG0345",42,29,36,53,46,31,49,42,46,43
"COG0346",42,39,47,48,59,39,50,34,68,45
"COG0347",35,42,41,30,23,27,43,36,23,35
"COG0348",64,33,63,39,41,24,53,43,35,28
"COG0349",0,13,5,0,1,2,0,1,3,0
"COG0350",20,20,38,37,29,6,16,9,13,3
"COG0351",30,73,33,37,41,41,40,61,41,38
"COG0352",30,31,42,38,15,29,26,43,25,23
"COG0353",25,36,34,41,39,42,28,40,32,27
"COG0354",0,2,0,0,0,2,0,0,10,4
"COG0355",17,12,11,10,16,15,15,25,15,21
"COG0356",40,71,41,37,33,32,35,49,40,73
"COG0357",25,36,36,39,42,46,27,46,35,49
"COG0358",100,104,111,146,108,137,158,118,85,89
"COG0359",25,27,29,22,24,25,15,36,20,32
"COG0360",14,30,12,9,17,29,17,36,18,22
"COG0361",7,8,14,22,12,23,14,14,12,18
"COG0362",17,14,22,23,23,9,35,29,15,24
"COG0363",110,112,104,81,108,108,90,67,78,46
"COG0364",36,16,17,29,34,9,37,21,24,29
"COG0365",31,46,39,49,42,37,33,21,46,14
"COG0366",201,539,332,217,180,324,209,333,171,365
"COG0367",56,63,72,64,36,73,72,76,52,87
"COG0368",12,13,10,9,12,16,17,15,22,9
"COG0369",0,5,0,0,1,0,0,0,5,0
"COG0370",41,35,39,52,34,153,116,95,102,151
"COG0371",2,13,9,8,5,14,18,21,26,29
"COG0372",58,74,75,75,56,47,64,65,67,91
"COG0373",3,16,6,8,4,9,6,7,8,30
"COG0374",4,26,4,4,12,0,4,1,0,10
"COG0375",4,10,8,7,6,3,5,6,10,3
"COG0376",0,10,1,0,0,1,1,0,3,1
"COG0377",11,24,9,9,10,12,9,15,14,2
"COG0378",5,13,9,7,8,3,2,1,7,10
"COG0379",37,44,29,26,40,42,31,19,25,53
"COG0380",7,6,14,15,20,4,25,1,18,6
"COG0381",65,37,63,39,72,49,58,42,46,46
"COG0382",3,20,7,3,8,23,1,16,6,1
"COG0383",76,38,93,55,55,31,50,13,21,31
"COG0384",0,5,2,3,1,4,2,0,14,0
"COG0385",8,55,12,12,16,9,22,57,19,19
"COG0386",9,15,8,3,6,14,8,5,7,3
"COG0387",0,7,0,0,0,0,0,0,6,0
"COG0388",111,137,147,123,167,135,131,139,125,74
"COG0389",77,82,97,69,69,101,56,104,81,76
"COG0390",14,9,10,9,22,16,6,16,4,16
"COG0391",2,10,1,11,2,9,4,20,14,20
"COG0392",14,24,20,12,6,26,8,31,10,69
"COG0393",11,11,22,9,11,8,16,11,9,5
"COG0394",30,40,46,35,49,40,60,41,42,25
"COG0395",131,109,153,138,56,213,118,151,93,208
"COG0396",35,36,33,40,55,44,22,40,22,28
"COG0397",0,8,1,0,0,0,1,0,7,1
"COG0398",1,9,3,10,4,10,4,30,8,10
"COG0399",122,83,84,106,106,113,102,54,50,110
"COG0400",0,3,0,0,1,0,1,1,7,0
"COG0401",0,2,0,0,0,0,0,0,0,0
"COG0402",20,72,60,74,34,19,31,71,40,47
"COG0403",39,19,50,60,81,28,60,15,33,5
"COG0404",18,17,34,33,32,23,44,7,35,10
"COG0405",3,16,0,4,6,1,3,14,12,16
"COG0406",38,61,39,55,28,57,55,133,29,113
"COG0407",18,10,13,11,3,4,21,1,14,12
"COG0408",1,2,0,0,0,0,0,0,0,0
"COG0409",2,15,16,4,6,2,3,13,1,12
"COG0410",21,15,10,25,6,16,22,13,28,13
"COG0411",19,15,25,26,13,16,17,11,26,19
"COG0412",0,12,1,0,1,0,1,0,8,2
"COG0413",33,28,22,25,23,36,34,30,19,11
"COG0414",20,41,27,33,24,40,29,24,27,5
"COG0415",0,3,1,0,1,2,0,1,3,1
"COG0416",24,20,29,30,19,24,12,34,19,46
"COG0417",0,13,1,0,0,0,0,0,10,0
"COG0418",0,7,0,0,0,1,2,0,7,0
"COG0419",93,71,122,56,66,121,60,85,53,108
"COG0420",44,33,53,47,44,74,62,67,45,85
"COG0421",16,21,3,17,7,16,19,21,12,18
"COG0422",57,76,48,42,39,47,70,61,45,49
"COG0423",63,50,68,77,59,62,78,51,46,34
"COG0424",23,31,31,29,32,6,5,8,9,11
"COG0425",15,4,12,13,11,71,41,8,49,7
"COG0426",46,57,72,71,65,58,73,49,63,37
"COG0427",47,60,43,58,53,30,61,70,43,15
"COG0428",18,26,33,42,9,55,22,35,13,24
"COG0429",0,1,0,0,1,0,1,0,10,4
"COG0430",0,3,1,0,0,0,0,0,0,0
"COG0431",0,8,1,0,2,1,0,26,6,2
"COG0432",6,18,10,11,14,3,10,7,9,0
"COG0433",50,24,15,17,38,20,12,38,14,18
"COG0434",0,1,4,4,1,0,3,0,3,1
"COG0435",1,5,2,0,3,6,0,3,4,11
"COG0436",235,213,221,245,263,242,261,284,212,214
"COG0437",2,43,7,5,3,6,3,7,18,71
"COG0438",760,359,525,821,839,833,643,428,587,264
"COG0439",56,21,63,69,52,40,80,57,54,70
"COG0440",12,15,27,22,30,10,3,11,7,12
"COG0441",135,132,116,145,121,140,112,145,124,114
"COG0442",48,62,77,80,71,79,72,73,60,49
"COG0443",88,102,106,125,81,195,117,138,86,118
"COG0444",38,50,45,44,25,56,54,57,63,94
"COG0445",90,116,86,113,84,105,112,103,96,129
"COG0446",29,33,43,33,33,94,111,102,144,81
"COG0447",9,18,17,15,30,28,28,19,20,8
"COG0448",62,61,80,65,29,55,66,78,42,108
"COG0449",25,31,35,29,25,80,79,80,87,94
"COG0450",16,8,20,25,23,20,24,17,23,11
"COG0451",294,200,220,247,262,197,277,159,267,174
"COG0452",47,37,50,57,48,54,59,48,36,69
"COG0454",124,96,126,157,160,165,140,117,197,210
"COG0455",1,1,1,1,4,6,1,4,2,18
"COG0456",16,27,17,17,4,4,5,8,7,11
"COG0457",328,250,229,279,387,433,321,175,355,68
"COG0458",186,146,169,160,182,150,202,225,153,152
"COG0459",47,93,76,84,59,79,90,56,38,90
"COG0460",78,97,93,57,77,103,94,111,74,100
"COG0461",27,43,27,28,28,42,40,53,24,45
"COG0462",41,53,66,72,48,69,40,84,43,76
"COG0463",248,237,177,227,210,866,643,531,506,647
"COG0464",58,21,29,32,13,30,21,34,16,33
"COG0465",107,106,110,131,69,137,115,151,75,136
"COG0466",83,78,92,77,64,97,71,105,73,117
"COG0468",41,50,56,55,46,52,62,47,47,63
"COG0469",61,64,57,83,94,85,58,60,58,55
"COG0470",5,20,13,6,3,6,6,27,9,21
"COG0471",119,121,116,100,148,133,109,114,68,89
"COG0472",92,109,71,92,91,71,73,113,100,81
"COG0473",46,42,54,50,73,36,53,47,54,44
"COG0474",191,208,143,223,207,252,153,224,173,165
"COG0475",119,124,132,103,149,116,116,125,119,55
"COG0476",22,68,18,20,35,28,16,35,60,24
"COG0477",301,939,338,298,408,212,372,701,935,502
"COG0479",30,50,14,21,26,15,37,18,30,14
"COG0480",304,277,334,290,290,312,286,276,297,284
"COG0481",60,80,91,85,57,83,74,87,57,88
"COG0482",77,53,80,70,91,61,89,67,95,50
"COG0483",25,11,14,14,9,17,14,11,38,26
"COG0484",14,16,13,19,15,68,49,55,32,63
"COG0486",45,47,66,71,53,41,54,67,36,93
"COG0488",322,282,337,325,353,328,312,344,287,418
"COG0489",183,147,167,229,234,130,124,132,172,77
"COG0490",2,0,0,2,0,1,1,0,0,0
"COG0491",51,43,51,66,54,67,53,60,61,45
"COG0492",60,45,52,51,44,48,52,90,44,72
"COG0493",135,212,151,182,139,139,138,182,143,205
"COG0494",82,117,80,100,47,136,71,129,100,196
"COG0495",41,49,43,44,43,123,113,137,96,101
"COG0496",15,31,19,22,27,25,24,20,29,15
"COG0497",48,55,66,75,47,87,46,81,50,74
"COG0498",35,50,67,68,69,48,58,70,42,82
"COG0499",17,4,25,15,13,5,12,12,15,17
"COG0500",50,41,58,52,36,129,149,135,133,296
"COG0501",36,52,42,33,71,17,28,35,47,32
"COG0502",68,22,60,54,75,43,67,56,56,55
"COG0503",39,71,63,43,56,61,49,70,54,72
"COG0504",56,80,57,82,55,72,82,86,67,83
"COG0505",12,26,22,14,17,55,51,50,49,47
"COG0506",34,14,27,19,14,8,33,7,28,5
"COG0507",209,200,200,239,165,218,186,211,218,188
"COG0508",15,20,12,9,3,2,16,5,22,9
"COG0509",11,9,15,11,10,12,19,5,18,8
"COG0510",17,6,7,4,8,6,19,10,5,84
"COG0511",50,20,36,43,49,38,57,44,60,34
"COG0512",22,38,22,13,39,32,15,27,21,25
"COG0513",131,106,125,127,179,130,164,133,158,171
"COG0514",186,187,206,158,235,171,213,163,222,95
"COG0515",61,123,168,169,49,200,69,106,63,111
"COG0516",49,89,68,88,66,76,81,70,62,77
"COG0517",20,65,26,27,27,105,88,141,94,120
"COG0518",30,31,24,39,19,59,87,86,57,104
"COG0519",71,72,83,83,72,82,80,87,66,74
"COG0520",40,80,68,72,72,52,55,65,40,63
"COG0521",5,14,7,9,1,3,9,19,13,21
"COG0522",21,52,35,25,34,50,21,39,45,44
"COG0523",5,9,5,9,8,43,38,23,51,36
"COG0524",211,278,228,196,226,194,211,183,230,136
"COG0525",82,95,106,125,119,99,113,137,78,121
"COG0526",254,184,199,221,234,202,228,128,258,128
"COG0527",113,116,122,132,137,156,133,123,139,85
"COG0528",31,37,44,43,45,51,41,53,28,34
"COG0529",20,9,11,15,18,12,11,4,21,0
"COG0530",53,27,26,46,36,43,37,31,39,34
"COG0531",51,152,71,67,92,33,105,330,99,238
"COG0532",56,105,57,79,99,98,82,90,68,55
"COG0533",36,52,43,61,37,69,51,58,44,51
"COG0534",753,452,684,742,605,715,758,559,578,847
"COG0535",118,59,70,62,58,95,82,63,46,56
"COG0536",36,45,45,63,71,53,60,55,44,55
"COG0537",36,28,34,29,34,44,36,32,41,73
"COG0538",25,60,45,30,42,58,41,42,44,37
"COG0539",62,68,86,99,79,93,81,65,53,68
"COG0540",39,52,43,64,34,46,55,56,41,55
"COG0541",47,54,53,83,58,73,70,77,56,53
"COG0542",207,249,255,264,217,280,360,297,217,274
"COG0543",89,88,87,85,109,88,107,72,120,52
"COG0544",93,53,88,109,65,109,99,92,70,132
"COG0545",61,111,51,50,112,182,68,61,97,11
"COG0546",59,86,84,84,65,104,58,99,73,89
"COG0547",33,38,24,32,34,17,29,28,39,32
"COG0548",44,45,56,32,40,24,29,46,38,67
"COG0549",8,15,15,13,9,10,8,33,8,28
"COG0550",79,90,72,80,96,279,359,204,276,227
"COG0551",46,55,55,50,9,48,40,65,37,94
"COG0552",28,43,41,41,34,53,35,41,18,60
"COG0553",134,185,115,120,119,119,180,133,177,224
"COG0554",40,27,54,33,27,27,51,53,39,44
"COG0555",1,4,5,5,1,9,3,10,17,11
"COG0556",77,77,85,90,73,76,85,90,57,59
"COG0557",86,112,44,79,73,21,32,31,23,40
"COG0558",26,30,37,32,19,35,29,36,25,42
"COG0559",17,25,26,21,17,20,18,17,37,20
"COG0560",35,30,35,31,33,30,34,22,42,18
"COG0561",126,164,174,104,127,117,138,207,140,188
"COG0562",46,17,55,51,44,32,38,49,35,56
"COG0563",34,33,42,38,45,40,35,44,33,61
"COG0564",127,165,147,143,149,147,161,199,127,142
"COG0565",0,11,1,0,1,0,1,0,5,7
"COG0566",90,78,110,151,84,130,117,112,100,75
"COG0567",0,16,0,1,5,2,4,3,9,17
"COG0568",33,104,45,55,36,98,53,107,50,60
"COG0569",77,76,117,121,93,80,117,77,74,109
"COG0571",28,50,39,36,39,43,43,52,28,40
"COG0572",62,87,50,74,79,108,62,80,60,56
"COG0573",33,24,27,30,21,21,49,52,37,74
"COG0574",158,154,137,152,141,217,152,129,106,94
"COG0575",28,42,31,35,45,38,45,36,31,31
"COG0576",26,44,25,31,20,40,24,29,30,46
"COG0577",318,255,342,371,285,374,333,326,213,484
"COG0578",6,15,23,13,25,6,15,1,18,5
"COG0579",11,28,20,19,11,6,21,15,34,3
"COG0580",12,35,16,11,20,6,13,19,33,32
"COG0581",30,28,40,35,43,25,37,49,30,67
"COG0582",159,82,295,202,266,709,428,286,438,463
"COG0583",165,384,212,188,166,219,170,408,621,392
"COG0584",86,49,86,65,59,17,21,22,23,28
"COG0585",0,15,1,0,0,1,0,0,2,0
"COG0586",17,41,26,21,33,16,20,39,47,22
"COG0587",119,127,140,166,153,145,165,146,152,160
"COG0588",15,13,20,25,38,9,27,24,16,25
"COG0589",53,87,62,71,101,49,72,92,69,79
"COG0590",30,40,33,32,36,31,39,41,38,32
"COG0591",128,71,114,124,137,65,90,71,65,82
"COG0592",45,47,60,72,49,65,49,64,62,92
"COG0593",22,14,45,34,25,11,20,7,29,20
"COG0594",11,16,15,8,14,17,9,24,7,36
"COG0595",10,9,9,20,5,49,34,96,24,90
"COG0596",34,92,45,50,30,48,33,89,65,169
"COG0597",16,19,21,18,12,25,12,20,22,31
"COG0598",50,56,53,69,58,61,40,60,49,61
"COG0599",34,20,17,29,31,22,31,21,45,25
"COG0600",32,22,30,40,15,35,30,11,38,49
"COG0601",38,72,62,56,37,40,47,62,68,121
"COG0602",37,46,41,51,53,11,8,19,9,23
"COG0603",24,28,16,20,22,29,18,27,33,37
"COG0604",0,17,3,2,4,2,1,13,55,8
"COG0605",5,0,8,11,8,13,18,2,24,14
"COG0606",68,63,67,66,53,71,81,64,70,45
"COG0607",70,43,60,76,88,92,67,46,78,59
"COG0608",69,63,82,74,83,83,52,84,54,84
"COG0609",55,51,77,66,84,71,73,55,100,64
"COG0610",98,88,122,177,216,209,100,168,141,96
"COG0611",15,10,11,27,21,5,6,3,10,2
"COG0612",198,140,201,226,298,263,211,112,165,53
"COG0613",19,20,31,29,16,22,23,48,24,25
"COG0614",85,78,82,85,67,75,78,78,102,106
"COG0615",29,56,42,17,25,16,7,39,7,25
"COG0616",44,60,36,39,41,30,37,23,37,31
"COG0617",44,49,59,57,58,57,41,48,45,68
"COG0618",43,37,40,55,46,66,52,66,43,61
"COG0619",26,47,71,54,17,55,29,82,33,95
"COG0620",13,68,49,32,24,66,23,58,46,101
"COG0621",134,140,175,165,150,228,147,131,124,127
"COG0622",34,46,35,39,35,41,38,27,41,37
"COG0623",20,34,13,9,34,10,5,10,12,3
"COG0624",67,94,109,87,121,14,26,33,29,33
"COG0625",0,39,0,0,3,3,2,2,54,9
"COG0626",4,37,26,9,10,4,0,11,12,4
"COG0627",25,21,29,25,32,30,41,14,29,42
"COG0628",108,95,85,111,119,125,78,108,96,119
"COG0629",35,50,42,60,49,54,34,52,39,56
"COG0630",3,0,0,1,0,3,1,0,7,22
"COG0631",22,38,59,42,33,76,33,46,14,48
"COG0632",34,30,34,34,34,42,33,38,30,20
"COG0633",0,11,0,0,2,1,1,1,12,11
"COG0634",28,34,44,24,29,44,34,50,40,31
"COG0635",71,70,105,89,68,106,66,73,75,97
"COG0636",16,7,24,32,19,16,22,21,15,25
"COG0637",26,38,36,27,29,81,86,96,71,74
"COG0639",23,15,17,35,18,13,29,22,19,34
"COG0640",16,23,21,8,8,20,12,39,20,57
"COG0641",132,64,111,101,104,153,138,92,82,87
"COG0642",2916,991,1810,1668,1989,1394,1877,947,1417,1175
"COG0643",7,12,3,12,5,16,3,4,1,43
"COG0644",0,25,1,2,0,0,0,20,0,6
"COG0645",0,0,0,0,0,0,0,0,0,0
"COG0646",84,63,85,81,88,97,133,72,102,78
"COG0647",10,25,9,18,13,8,6,13,8,19
"COG0648",24,11,37,24,33,25,35,22,19,55
"COG0649",30,29,25,21,43,36,39,9,44,4
"COG0650",2,17,17,4,0,2,2,1,7,2
"COG0651",4,22,12,24,13,6,19,0,14,1
"COG0652",44,56,49,41,53,53,40,69,40,51
"COG0653",109,126,116,145,90,156,131,167,94,131
"COG0654",1,31,3,0,4,0,0,0,8,0
"COG0655",37,25,56,47,49,47,46,33,25,58
"COG0656",75,32,59,42,44,22,54,108,64,82
"COG0657",112,60,105,98,57,80,95,103,63,122
"COG0658",49,32,57,76,70,55,48,71,51,87
"COG0659",64,53,43,56,52,55,75,54,69,81
"COG0661",5,30,17,3,6,6,4,22,18,47
"COG0662",18,37,19,34,31,27,10,25,45,61
"COG0663",22,25,21,18,33,13,24,17,26,2
"COG0664",117,103,123,110,205,117,102,109,117,82
"COG0665",8,32,8,22,9,10,8,1,50,3
"COG0666",15,19,44,30,59,13,15,11,48,5
"COG0667",103,90,47,88,67,43,73,69,131,43
"COG0668",130,83,126,117,128,108,95,80,92,52
"COG0669",29,27,41,26,25,32,27,42,22,33
"COG0670",4,36,5,11,2,10,1,12,11,3
"COG0671",30,70,48,42,36,60,30,67,40,70
"COG0672",0,13,2,0,0,0,0,4,8,3
"COG0673",221,143,221,183,239,119,206,148,238,142
"COG0674",140,171,162,222,223,210,209,211,178,71
"COG0675",26,111,65,18,83,35,28,211,48,405
"COG0676",0,2,3,1,1,0,2,2,8,0
"COG0677",35,33,20,76,97,18,8,6,10,3
"COG0678",0,0,0,0,0,1,0,0,0,0
"COG0679",38,61,63,50,33,54,33,84,52,119
"COG0680",1,12,2,0,1,0,1,2,2,7
"COG0681",89,64,97,98,126,100,102,85,79,98
"COG0682",38,53,43,50,52,39,44,60,40,50
"COG0683",18,39,26,42,16,15,26,30,63,41
"COG0684",4,7,6,3,9,2,1,8,6,4
"COG0685",58,50,51,69,37,54,59,41,44,48
"COG0686",17,30,16,22,31,4,21,15,12,6
"COG0687",41,46,50,54,52,36,52,48,52,65
"COG0688",26,44,27,21,31,35,30,23,39,30
"COG0689",0,13,5,0,0,3,3,1,10,10
"COG0690",0,1,0,0,0,0,0,0,6,2
"COG0691",19,24,27,23,33,39,24,21,24,22
"COG0692",16,45,20,18,46,38,21,25,21,28
"COG0693",40,29,30,34,22,26,41,36,38,25
"COG0694",1,4,1,1,0,1,1,1,6,1
"COG0695",0,8,4,0,2,1,0,6,5,1
"COG0696",58,76,77,71,80,83,67,63,69,61
"COG0697",156,208,168,161,182,150,173,217,289,149
"COG0698",37,33,31,28,26,41,25,32,36,31
"COG0699",7,14,1,6,8,5,6,2,1,33
"COG0700",34,60,38,37,42,42,35,22,43,17
"COG0701",21,22,4,8,7,6,14,12,17,22
"COG0702",3,37,3,0,5,0,1,43,12,6
"COG0703",25,57,36,47,36,40,33,62,32,58
"COG0704",30,18,41,39,35,15,32,28,25,43
"COG0705",59,32,44,29,45,48,40,24,64,37
"COG0706",69,73,68,72,71,101,63,88,60,141
"COG0707",63,66,62,77,62,84,84,85,54,73
"COG0708",31,33,30,26,23,38,37,44,33,43
"COG0709",8,13,14,7,7,5,3,17,15,6
"COG0710",11,12,6,10,5,9,8,20,7,33
"COG0711",21,22,34,27,32,30,26,28,23,20
"COG0712",19,12,17,10,8,5,5,9,3,9
"COG0713",7,5,6,8,9,4,6,2,8,0
"COG0714",112,83,117,109,65,62,83,70,75,77
"COG0715",44,36,36,46,28,41,49,52,60,48
"COG0716",66,45,78,53,62,50,53,67,118,72
"COG0717",0,5,0,4,0,0,1,9,8,1
"COG0718",13,9,8,10,4,24,8,23,7,15
"COG0719",78,117,76,110,92,94,107,104,100,113
"COG0720",14,6,10,14,23,9,7,16,11,41
"COG0721",3,6,12,3,0,10,2,7,2,20
"COG0722",12,55,31,18,9,18,11,23,32,27
"COG0723",1,0,2,6,1,2,0,0,1,1
"COG0724",23,0,16,23,28,13,15,4,14,3
"COG0725",9,12,8,5,5,2,12,18,18,11
"COG0726",103,81,104,153,92,105,81,81,109,65
"COG0727",5,2,3,2,0,3,2,0,7,11
"COG0728",1,18,22,3,3,0,6,10,11,17
"COG0729",0,8,1,0,0,0,0,0,11,26
"COG0730",7,19,5,9,13,6,13,25,20,49
"COG0731",27,14,24,25,26,17,23,16,20,12
"COG0732",84,100,49,98,78,179,66,106,77,56
"COG0733",80,118,131,120,72,103,85,121,73,148
"COG0735",48,41,45,57,50,57,44,44,53,66
"COG0736",6,8,9,0,4,7,5,16,9,10
"COG0737",105,106,78,85,127,79,132,115,121,30
"COG0738",163,150,107,121,167,149,151,120,145,18
"COG0739",206,161,200,265,271,283,223,105,243,95
"COG0740",62,48,66,79,28,77,46,67,36,44
"COG0741",69,60,62,49,68,67,41,61,73,92
"COG0742",41,34,36,30,36,32,28,42,30,27
"COG0743",45,66,55,49,65,51,50,52,31,47
"COG0744",65,87,68,83,40,113,62,110,63,109
"COG0745",983,471,647,706,724,528,662,497,606,542
"COG0746",3,7,2,1,0,3,2,8,5,6
"COG0747",44,123,88,93,54,68,39,90,125,148
"COG0749",87,152,104,94,105,134,108,160,87,98
"COG0750",56,55,64,78,70,95,55,78,42,67
"COG0751",0,22,4,2,5,2,4,26,17,45
"COG0752",1,10,4,2,4,1,2,18,11,22
"COG0753",5,8,6,12,10,4,20,3,25,2
"COG0754",1,20,2,1,4,2,0,4,18,12
"COG0755",70,34,46,34,60,39,43,37,81,7
"COG0756",25,25,25,32,37,48,29,33,27,26
"COG0757",16,28,18,19,24,17,17,17,14,4
"COG0758",40,54,55,55,47,97,63,46,42,54
"COG0759",3,0,8,9,6,22,10,9,9,14
"COG0760",54,90,44,74,74,64,56,74,94,49
"COG0761",45,52,58,54,36,63,48,50,34,33
"COG0762",0,5,0,0,0,0,0,1,2,9
"COG0763",34,35,24,32,36,25,35,28,43,18
"COG0764",13,19,17,16,16,52,52,43,36,46
"COG0765",60,117,71,76,29,69,50,186,64,187
"COG0766",56,77,87,99,67,35,27,34,18,32
"COG0767",22,50,15,18,17,22,27,16,33,12
"COG0768",195,239,252,263,171,306,216,245,188,239
"COG0769",59,87,96,94,80,119,75,113,74,83
"COG0770",87,110,117,122,134,123,90,117,112,95
"COG0771",40,76,45,64,62,26,18,27,15,25
"COG0772",121,159,133,140,99,166,113,127,112,146
"COG0773",50,82,57,61,63,90,66,98,72,72
"COG0774",23,29,23,22,56,43,36,26,37,14
"COG0775",41,54,53,55,61,14,16,11,19,12
"COG0776",67,52,71,57,68,73,49,38,56,37
"COG0777",17,19,27,29,9,29,25,40,22,55
"COG0778",127,91,141,106,146,130,87,125,136,102
"COG0779",8,8,10,14,10,12,5,14,8,19
"COG0780",13,19,10,19,28,18,17,16,24,30
"COG0781",15,30,31,34,35,39,30,32,30,26
"COG0782",31,46,35,40,34,44,41,48,45,53
"COG0783",17,5,9,11,12,4,15,7,5,12
"COG0784",406,204,278,233,225,246,261,139,223,287
"COG0785",0,1,0,0,1,0,1,0,3,4
"COG0786",6,4,4,8,5,20,23,11,22,34
"COG0787",69,90,86,86,87,84,81,80,89,71
"COG0788",7,2,3,3,11,3,13,0,9,1
"COG0789",48,52,70,52,37,11,9,25,21,39
"COG0790",49,49,39,45,9,46,44,25,32,21
"COG0791",91,40,91,89,70,87,81,108,74,123
"COG0792",8,16,12,4,9,39,18,26,18,10
"COG0793",316,231,190,256,353,185,316,167,238,99
"COG0794",19,43,20,27,35,9,31,29,44,18
"COG0795",43,127,44,47,69,89,42,69,39,29
"COG0796",42,61,37,41,45,45,41,50,30,41
"COG0797",0,13,0,2,2,0,2,9,6,9
"COG0798",7,0,10,1,14,1,12,9,0,1
"COG0799",18,15,28,19,16,25,26,29,24,20
"COG0800",20,51,27,30,32,20,31,21,50,21
"COG0801",13,28,18,24,31,27,27,13,10,11
"COG0802",21,29,30,28,25,27,24,34,29,21
"COG0803",13,4,14,15,10,14,21,73,30,46
"COG0804",0,3,3,0,9,3,0,0,7,31
"COG0805",27,12,24,15,13,47,17,11,28,10
"COG0806",11,27,17,25,9,33,12,48,12,27
"COG0807",44,52,37,35,53,45,57,48,41,35
"COG0809",74,69,76,83,113,80,108,54,70,46
"COG0810",0,3,0,1,0,1,1,0,7,23
"COG0811",41,48,53,56,76,38,63,30,59,28
"COG0812",44,49,40,51,37,62,47,46,35,42
"COG0813",9,13,5,9,6,13,15,12,9,4
"COG0814",5,66,6,5,11,4,6,22,66,32
"COG0815",0,6,5,5,4,4,6,2,8,9
"COG0816",24,18,26,29,27,27,22,25,15,28
"COG0817",12,18,23,19,18,20,28,10,21,7
"COG0818",4,7,13,11,19,7,15,9,16,18
"COG0819",2,8,9,6,7,2,2,0,1,1
"COG0820",38,50,39,62,31,69,57,51,31,59
"COG0821",63,68,56,63,85,70,75,62,35,38
"COG0822",28,28,42,43,33,56,41,44,41,43
"COG0823",76,13,29,39,27,5,51,4,41,28
"COG0824",14,10,25,18,35,21,27,6,26,23
"COG0825",20,11,16,24,4,32,14,33,15,45
"COG0826",103,141,109,128,123,168,154,104,110,98
"COG0827",205,63,213,156,157,223,227,81,158,101
"COG0828",3,5,2,6,0,2,0,1,0,1
"COG0829",1,0,2,1,4,3,0,0,1,8
"COG0830",0,0,1,4,2,6,0,0,3,17
"COG0831",0,1,0,0,1,0,0,0,4,7
"COG0832",1,1,2,2,1,0,0,0,3,9
"COG0833",0,34,2,0,2,1,0,13,18,38
"COG0834",74,174,110,97,77,99,101,218,141,263
"COG0835",17,8,4,13,6,9,4,6,2,15
"COG0836",54,94,27,69,86,90,57,62,73,57
"COG0837",0,5,0,0,3,0,3,0,5,1
"COG0838",7,8,8,11,17,9,10,9,18,1
"COG0839",9,18,24,17,28,15,17,8,16,2
"COG0840",194,111,36,97,64,80,21,46,24,133
"COG0841",649,365,512,545,830,397,703,219,696,116
"COG0842",146,108,105,130,183,123,171,90,164,121
"COG0843",0,8,1,0,0,0,1,1,13,0
"COG0845",475,266,349,414,553,288,510,253,510,109
"COG0846",42,47,69,42,30,72,37,69,32,108
"COG0847",31,40,37,40,47,45,33,65,28,84
"COG0848",0,12,2,3,0,2,2,6,13,20
"COG0849",43,68,19,33,35,29,30,48,33,49
"COG0850",4,8,5,13,2,11,6,6,6,8
"COG0851",0,6,1,5,1,6,1,2,2,4
"COG0852",32,32,32,30,51,39,36,9,52,5
"COG0853",14,12,18,11,18,15,19,16,18,6
"COG0854",16,5,12,20,18,5,33,4,25,6
"COG0855",78,57,87,68,69,68,70,113,101,76
"COG0857",0,17,1,0,2,0,1,6,6,0
"COG0858",21,27,21,15,24,9,6,5,10,8
"COG0859",28,73,28,28,37,33,29,36,72,34
"COG0860",74,67,102,72,55,80,50,47,69,117
"COG0861",0,60,4,1,11,13,1,32,45,28
"COG0863",45,52,74,103,64,103,34,44,67,14
"COG0864",0,2,2,1,0,1,1,1,3,0
"COG1001",21,20,39,23,6,11,21,27,18,15
"COG1002",40,87,43,48,74,94,31,90,96,54
"COG1003",42,22,59,54,79,45,53,12,27,10
"COG1004",82,66,54,52,55,75,87,39,56,57
"COG1005",16,16,8,21,43,28,31,10,25,3
"COG1006",0,0,0,0,0,1,2,0,1,0
"COG1007",34,20,33,42,52,39,35,18,32,5
"COG1008",32,28,29,32,60,47,40,20,50,1
"COG1009",27,63,53,35,85,48,37,32,52,10
"COG1010",21,5,8,24,16,10,27,15,11,10
"COG1011",77,120,87,76,79,80,70,107,60,35
"COG1012",69,120,103,82,42,57,89,118,201,200
"COG1013",123,166,172,185,205,181,161,192,125,57
"COG1014",145,145,193,236,279,186,215,183,164,84
"COG1015",17,20,13,16,10,19,15,23,15,24
"COG1017",0,13,0,0,0,0,0,1,2,6
"COG1018",0,29,2,0,1,1,1,0,24,14
"COG1020",30,21,79,36,14,31,39,35,77,61
"COG1021",1,4,2,0,2,0,1,0,14,2
"COG1022",129,133,126,176,209,131,178,104,137,47
"COG1023",0,5,0,1,0,0,1,3,0,0
"COG1024",19,60,14,12,5,14,21,24,37,11
"COG1025",0,16,0,0,1,0,1,1,23,1
"COG1026",38,17,25,35,16,33,33,44,14,78
"COG1027",29,45,32,21,32,39,20,35,24,58
"COG1028",252,220,227,223,246,168,256,206,365,204
"COG1030",2,3,2,3,4,4,4,8,0,4
"COG1032",147,87,145,131,128,141,115,119,107,101
"COG1033",58,22,59,43,30,59,58,57,23,61
"COG1034",26,20,38,25,36,12,30,26,34,32
"COG1035",53,2,56,34,47,69,55,29,18,8
"COG1038",17,4,30,23,22,15,19,31,19,61
"COG1039",1,2,1,5,0,5,1,1,1,0
"COG1040",25,53,39,36,37,38,29,38,36,36
"COG1041",2,2,1,2,3,1,3,2,0,0
"COG1042",27,24,24,20,33,10,24,9,28,25
"COG1043",35,36,25,33,61,39,43,25,32,14
"COG1044",28,23,28,29,42,35,37,34,52,12
"COG1045",47,41,71,38,50,67,61,33,39,28
"COG1047",13,14,10,17,20,10,14,10,17,15
"COG1048",91,95,82,72,71,85,73,86,65,107
"COG1049",0,14,2,0,0,0,0,2,15,2
"COG1051",34,23,28,34,45,32,37,37,34,28
"COG1052",71,24,69,78,70,70,66,55,58,72
"COG1053",92,123,100,84,82,86,161,201,108,255
"COG1054",0,13,1,0,0,0,0,2,3,4
"COG1055",15,84,23,35,21,71,23,52,16,52
"COG1056",1,5,2,1,1,0,0,0,2,0
"COG1057",42,30,43,25,27,39,30,33,20,29
"COG1058",19,17,22,23,10,9,20,16,19,28
"COG1059",0,0,0,0,0,0,0,0,1,0
"COG1060",64,49,69,73,97,35,89,34,55,33
"COG1061",108,121,84,77,36,102,74,123,62,122
"COG1062",0,4,2,1,0,3,0,0,5,15
"COG1063",85,112,89,78,55,58,68,110,81,83
"COG1064",19,13,1,0,2,0,6,13,18,1
"COG1066",52,46,62,66,47,78,59,80,47,51
"COG1067",2,26,1,13,8,12,2,12,14,4
"COG1069",2,6,10,15,5,2,22,0,16,3
"COG1070",120,172,129,109,135,71,122,145,156,127
"COG1071",19,0,12,8,10,1,11,22,2,3
"COG1072",0,11,3,0,2,0,0,17,8,12
"COG1073",113,76,133,119,108,103,144,98,155,72
"COG1074",78,99,94,118,63,147,70,149,69,110
"COG1075",0,0,1,5,2,12,5,0,2,10
"COG1076",8,22,11,12,24,15,22,14,20,7
"COG1077",47,60,61,66,72,73,63,94,49,70
"COG1078",25,6,14,17,26,17,16,22,20,28
"COG1079",11,3,25,31,5,18,11,10,6,28
"COG1080",40,70,39,56,21,17,7,35,12,52
"COG1082",47,25,57,45,51,30,55,32,60,30
"COG1083",15,0,16,9,5,20,13,6,16,3
"COG1085",0,12,5,0,2,0,0,24,4,3
"COG1086",115,32,87,82,73,79,102,44,50,87
"COG1087",52,49,58,61,53,69,37,62,42,73
"COG1088",69,46,50,65,62,58,73,80,80,62
"COG1089",43,38,33,37,54,21,36,22,47,6
"COG1090",3,5,1,0,0,1,10,2,10,4
"COG1091",51,26,40,39,39,49,61,44,54,59
"COG1092",52,62,56,62,52,70,70,53,53,34
"COG1098",3,1,6,3,4,8,4,11,0,25
"COG1099",0,0,0,0,0,0,0,0,0,0
"COG1101",17,14,31,22,10,25,18,27,10,23
"COG1102",2,0,0,1,0,0,0,0,0,0
"COG1104",24,5,23,24,11,79,49,85,28,121
"COG1105",14,36,31,21,7,20,12,35,17,59
"COG1106",54,26,74,72,57,68,31,79,64,16
"COG1108",36,34,41,33,46,20,31,54,40,52
"COG1109",146,128,166,176,152,196,160,162,136,163
"COG1112",140,110,156,133,114,203,121,94,108,60
"COG1113",0,75,8,0,15,2,3,87,62,86
"COG1114",13,28,21,16,11,6,15,61,12,28
"COG1115",84,110,92,72,76,72,99,129,103,121
"COG1116",30,21,29,46,20,20,17,18,41,46
"COG1117",22,23,39,39,44,7,14,17,7,29
"COG1118",7,26,24,10,13,21,17,34,11,20
"COG1119",9,11,5,4,10,5,17,25,22,7
"COG1120",60,41,64,51,52,58,80,29,88,55
"COG1121",28,26,36,50,40,18,40,44,39,32
"COG1122",38,82,135,117,37,86,56,133,53,172
"COG1123",10,38,15,6,6,4,8,26,17,28
"COG1124",2,13,1,1,3,1,4,0,18,13
"COG1125",5,11,6,5,2,0,1,8,8,1
"COG1126",35,65,66,50,30,69,60,132,48,140
"COG1127",14,35,17,24,25,18,27,25,23,11
"COG1129",58,99,80,60,39,60,58,55,150,48
"COG1131",230,146,254,241,169,90,64,94,63,132
"COG1132",542,378,590,606,260,597,427,672,347,1003
"COG1133",0,7,1,0,0,0,1,1,6,0
"COG1134",31,18,27,33,19,42,32,18,27,38
"COG1135",19,23,20,18,16,17,15,37,41,66
"COG1136",239,214,268,304,235,280,230,284,174,249
"COG1137",19,38,15,28,27,22,26,16,25,12
"COG1138",0,21,0,0,0,3,5,1,11,26
"COG1139",16,45,15,21,25,23,37,39,33,8
"COG1140",0,11,0,0,1,1,3,1,15,3
"COG1141",1,0,0,2,0,1,4,2,0,0
"COG1142",1,49,5,3,6,1,4,7,22,5
"COG1143",14,12,14,11,12,15,13,10,22,2
"COG1144",4,1,1,10,0,3,2,1,1,4
"COG1145",124,57,121,118,103,52,88,100,88,80
"COG1146",8,16,11,9,7,7,11,12,8,16
"COG1148",5,0,5,7,6,3,2,1,15,5
"COG1149",0,0,0,0,0,0,0,0,2,0
"COG1150",1,0,6,3,4,2,2,0,1,2
"COG1151",46,72,48,55,29,28,51,40,55,60
"COG1152",1,0,5,4,2,2,2,1,0,9
"COG1154",70,92,120,119,91,104,114,113,66,111
"COG1155",68,11,66,62,71,35,62,30,36,30
"COG1156",38,14,60,48,52,24,49,21,33,23
"COG1157",5,11,0,9,5,6,4,10,2,34
"COG1158",44,26,30,38,50,52,25,37,37,64
"COG1159",29,40,46,33,32,48,40,61,45,43
"COG1160",87,94,103,103,88,93,86,113,95,65
"COG1161",19,13,20,27,4,21,14,47,13,47
"COG1162",52,46,54,59,35,22,13,18,12,12
"COG1164",34,18,24,66,16,52,30,38,19,103
"COG1165",33,46,24,32,26,54,40,52,40,10
"COG1166",38,57,26,36,51,70,45,27,31,5
"COG1167",50,56,94,78,30,65,49,74,122,147
"COG1168",67,85,53,73,92,65,77,62,99,91
"COG1169",17,36,15,15,27,24,12,21,25,4
"COG1171",31,75,38,35,28,26,39,61,46,28
"COG1172",23,54,42,31,31,17,32,37,91,28
"COG1173",59,77,67,55,34,42,49,76,78,102
"COG1174",4,20,5,2,11,5,4,4,9,2
"COG1175",128,122,150,115,52,170,115,145,92,156
"COG1176",12,15,20,13,13,20,42,42,42,34
"COG1177",28,31,43,28,45,30,33,43,57,53
"COG1178",10,16,31,33,13,16,22,15,42,29
"COG1179",27,33,25,48,31,31,29,29,28,31
"COG1180",55,77,52,56,32,49,59,74,38,60
"COG1181",41,52,54,63,46,62,53,66,45,81
"COG1182",0,5,2,3,2,1,0,0,3,1
"COG1183",19,26,21,25,34,29,25,23,19,31
"COG1184",0,3,0,0,0,1,0,0,0,0
"COG1185",80,116,102,103,110,101,91,100,81,52
"COG1186",62,66,46,62,72,48,53,55,48,54
"COG1187",31,42,54,60,49,64,54,62,48,79
"COG1188",21,10,20,13,19,15,20,19,24,19
"COG1189",9,7,27,24,7,10,22,29,10,30
"COG1190",56,93,80,84,75,81,68,84,77,62
"COG1191",65,25,81,76,33,98,47,66,29,81
"COG1192",105,89,126,133,87,128,143,173,115,104
"COG1193",79,72,84,107,78,32,18,37,18,26
"COG1194",17,33,45,33,30,23,26,34,37,24
"COG1195",59,54,50,67,62,84,49,78,44,72
"COG1196",50,32,59,102,20,79,51,94,24,129
"COG1197",106,136,137,151,105,114,116,171,116,144
"COG1198",78,81,105,88,84,90,118,120,77,84
"COG1199",32,53,39,43,13,31,35,57,43,119
"COG1200",63,119,104,110,71,79,76,91,63,80
"COG1201",1,24,15,0,1,2,0,18,3,1
"COG1203",14,52,24,26,28,32,35,77,3,67
"COG1204",9,21,16,27,47,42,3,14,13,93
"COG1205",15,114,34,10,25,34,13,7,8,4
"COG1206",7,10,24,21,4,15,7,19,5,24
"COG1207",7,28,13,13,7,10,7,38,12,29
"COG1208",66,44,48,42,73,87,48,51,74,33
"COG1209",15,8,17,18,16,52,46,21,66,51
"COG1210",2,36,11,5,6,4,14,56,21,20
"COG1211",62,59,52,59,34,60,42,67,48,114
"COG1212",20,27,18,12,36,9,29,24,17,21
"COG1213",6,0,4,4,3,6,5,0,4,2
"COG1214",31,33,38,44,36,49,28,31,42,34
"COG1215",65,63,71,75,55,43,76,80,80,47
"COG1216",130,90,115,72,124,43,41,22,31,18
"COG1217",56,100,82,124,80,92,99,101,86,78
"COG1218",19,5,16,21,31,12,23,3,21,1
"COG1219",60,59,66,87,73,88,59,81,63,89
"COG1220",0,25,1,1,4,1,2,22,6,28
"COG1221",8,51,13,7,22,6,2,6,43,61
"COG1225",21,20,13,17,27,22,11,18,13,28
"COG1226",23,56,14,17,26,8,36,22,49,60
"COG1227",34,17,21,28,16,24,41,45,15,41
"COG1228",27,12,46,46,54,35,45,16,28,19
"COG1230",11,11,4,1,6,7,3,12,23,8
"COG1232",31,25,19,21,8,13,9,11,5,8
"COG1233",12,0,5,9,6,1,21,2,11,4
"COG1234",37,35,37,32,55,58,30,45,38,45
"COG1235",49,54,61,73,65,95,58,56,70,47
"COG1236",11,4,6,17,8,24,24,18,13,15
"COG1237",9,20,7,5,7,2,6,9,7,8
"COG1238",6,3,4,8,9,19,14,11,18,5
"COG1239",1,0,1,0,0,3,1,5,1,4
"COG1240",0,1,0,2,1,1,1,1,1,7
"COG1242",17,30,31,26,38,35,16,29,21,33
"COG1243",2,0,9,9,1,10,2,6,3,5
"COG1246",0,10,1,0,2,2,0,0,3,11
"COG1247",17,8,10,26,14,11,9,10,15,11
"COG1249",93,47,70,74,82,51,87,58,99,40
"COG1250",14,40,20,20,9,15,17,20,35,6
"COG1251",1,16,7,1,4,2,7,0,25,8
"COG1252",24,17,14,13,2,23,18,22,12,2
"COG1253",89,120,125,120,157,130,99,150,130,127
"COG1254",6,2,3,1,1,5,2,9,3,11
"COG1256",24,8,6,17,5,29,12,22,10,73
"COG1257",0,0,0,0,0,0,1,16,0,20
"COG1259",10,1,16,11,17,6,10,0,3,0
"COG1260",23,40,28,20,30,43,28,19,18,2
"COG1261",0,2,0,0,0,0,0,0,0,0
"COG1262",80,42,35,45,23,25,52,37,15,3
"COG1263",52,140,93,46,42,49,85,210,154,198
"COG1264",42,151,74,37,19,46,72,204,142,218
"COG1266",34,37,35,32,37,63,48,28,34,14
"COG1267",3,17,7,3,8,6,5,15,6,8
"COG1268",14,11,19,17,10,12,7,29,10,46
"COG1269",54,10,58,73,59,37,62,27,48,43
"COG1270",19,8,16,17,30,20,20,17,26,6
"COG1271",23,39,20,39,43,26,30,34,46,15
"COG1272",13,9,17,6,8,34,24,17,17,33
"COG1273",0,2,0,2,0,0,0,0,0,0
"COG1274",0,0,4,2,0,5,3,0,0,0
"COG1275",2,15,1,3,2,0,1,0,7,4
"COG1276",0,2,0,0,1,0,1,0,3,0
"COG1277",8,1,9,11,5,16,19,16,10,19
"COG1278",2,19,2,4,2,3,4,9,9,20
"COG1279",1,10,2,3,4,2,0,4,6,23
"COG1280",8,19,10,16,23,15,12,1,31,12
"COG1281",17,12,22,31,14,23,7,26,6,47
"COG1282",0,7,1,0,1,0,0,3,4,0
"COG1283",108,156,105,95,104,91,111,105,86,106
"COG1284",77,117,79,103,105,114,92,90,102,147
"COG1285",12,15,8,20,16,17,11,25,28,8
"COG1286",0,10,0,0,0,1,1,0,4,7
"COG1287",0,0,0,0,0,0,2,0,0,0
"COG1288",6,9,5,4,8,8,14,39,23,22
"COG1289",2,63,4,2,10,4,4,1,52,6
"COG1290",0,0,0,0,0,0,0,0,1,0
"COG1291",2,10,2,4,2,4,1,3,2,33
"COG1292",10,23,3,5,12,10,8,30,29,46
"COG1293",14,19,25,60,10,37,17,46,15,77
"COG1294",23,28,19,24,49,28,40,37,41,14
"COG1295",43,53,40,40,48,52,31,41,34,45
"COG1296",15,27,22,16,12,20,17,25,24,59
"COG1297",43,44,38,42,53,51,45,61,35,50
"COG1298",10,17,2,6,3,14,4,11,2,50
"COG1299",28,67,44,31,15,37,27,50,34,68
"COG1300",10,0,11,3,4,4,5,0,7,0
"COG1301",46,95,62,44,54,49,60,74,73,61
"COG1302",15,5,15,24,7,27,9,23,14,37
"COG1304",4,11,5,11,7,11,10,47,20,15
"COG1305",47,45,39,54,38,33,58,26,31,43
"COG1306",0,0,0,1,0,5,0,0,3,0
"COG1307",81,26,81,80,20,77,61,86,40,138
"COG1309",69,84,112,109,65,97,54,82,137,137
"COG1310",3,3,7,2,1,3,1,2,2,6
"COG1312",54,38,39,24,57,24,54,47,72,21
"COG1313",8,6,15,22,14,27,14,17,9,14
"COG1314",1,6,4,1,0,1,0,1,3,11
"COG1315",25,4,6,18,3,21,6,20,5,35
"COG1316",43,56,61,54,22,74,25,68,34,112
"COG1317",1,5,0,0,3,1,5,0,1,0
"COG1319",14,23,12,15,8,5,14,43,6,15
"COG1320",0,0,1,0,0,0,1,0,1,0
"COG1321",7,12,17,24,9,17,12,5,17,33
"COG1322",30,41,40,34,39,51,36,37,34,10
"COG1323",18,4,23,23,11,44,19,38,10,41
"COG1324",0,3,0,0,1,2,0,0,2,1
"COG1327",10,19,15,14,4,1,4,8,1,8
"COG1328",121,126,146,139,113,114,119,130,112,126
"COG1329",0,10,4,6,0,3,0,1,2,0
"COG1330",0,26,0,0,1,0,0,1,10,0
"COG1331",1,0,1,1,0,0,0,0,0,0
"COG1332",1,0,0,1,1,4,0,9,1,1
"COG1333",16,0,10,2,6,2,6,1,3,1
"COG1335",14,31,13,21,24,21,21,36,32,55
"COG1336",1,0,0,0,0,0,0,1,0,0
"COG1337",0,0,0,0,0,2,0,1,1,4
"COG1338",2,5,0,5,1,5,8,6,4,21
"COG1342",10,2,7,10,18,6,5,5,9,5
"COG1343",1,4,3,0,0,6,6,8,1,14
"COG1344",39,23,3,17,13,52,19,34,9,114
"COG1345",8,10,0,7,6,11,3,11,2,69
"COG1346",30,33,24,23,30,28,28,33,30,29
"COG1347",12,5,13,12,24,26,26,7,25,3
"COG1348",4,2,7,7,2,1,1,6,2,0
"COG1349",42,116,81,32,51,46,49,51,79,80
"COG1350",27,37,26,39,38,20,29,17,23,2
"COG1351",3,16,7,5,3,19,11,7,4,8
"COG1352",2,4,3,4,4,9,3,6,1,20
"COG1353",4,0,0,4,0,2,3,8,5,12
"COG1354",19,8,23,26,11,23,20,31,7,43
"COG1355",0,16,2,0,0,0,0,29,0,0
"COG1357",15,31,19,11,25,8,19,9,7,6
"COG1358",2,4,8,11,7,14,4,8,3,14
"COG1359",6,5,3,5,9,3,6,12,8,2
"COG1360",11,49,11,9,12,31,11,21,15,28
"COG1361",0,0,1,4,0,3,3,0,1,3
"COG1362",44,58,54,63,42,74,34,72,38,47
"COG1363",24,32,27,27,13,18,20,11,10,11
"COG1364",26,21,43,17,16,27,21,23,15,47
"COG1366",8,4,19,17,6,10,6,2,5,10
"COG1368",124,121,123,131,84,90,104,208,94,163
"COG1372",0,0,0,3,3,0,15,0,0,0
"COG1373",312,764,232,256,268,518,227,536,213,200
"COG1376",31,38,40,30,16,28,28,59,27,61
"COG1377",5,4,2,2,2,10,2,4,1,40
"COG1378",2,2,1,2,0,3,2,5,2,6
"COG1379",1,0,4,9,2,4,2,1,1,2
"COG1380",16,17,17,24,12,25,10,26,14,16
"COG1381",12,14,21,25,6,15,17,17,13,25
"COG1384",1,0,1,0,0,0,2,0,0,0
"COG1385",22,25,30,40,23,36,15,36,21,33
"COG1386",14,6,22,15,10,18,8,25,3,18
"COG1387",65,60,67,76,58,44,52,27,38,44
"COG1388",40,16,35,43,25,53,26,45,35,91
"COG1390",0,0,1,1,0,0,1,4,1,0
"COG1391",0,28,6,0,1,2,4,5,21,15
"COG1392",3,4,9,11,11,5,11,22,14,8
"COG1393",6,8,3,5,0,6,11,21,18,26
"COG1394",12,5,31,18,20,10,19,14,15,10
"COG1396",95,63,105,103,62,139,61,66,105,99
"COG1397",15,32,5,13,31,12,27,32,5,11
"COG1399",12,19,15,6,7,18,5,19,7,29
"COG1401",32,77,54,22,30,70,11,57,31,53
"COG1402",13,10,12,16,12,3,21,5,19,4
"COG1403",4,2,6,3,0,5,1,18,2,8
"COG1404",146,95,140,152,129,143,139,126,113,181
"COG1406",1,0,0,2,0,2,1,0,2,9
"COG1408",73,64,57,60,73,64,57,62,42,27
"COG1409",76,63,140,102,201,117,108,76,103,40
"COG1410",79,114,98,89,120,98,126,92,110,56
"COG1413",2,12,0,0,0,0,3,0,0,1
"COG1414",8,30,24,13,14,11,13,16,58,25
"COG1415",0,0,0,0,0,0,0,0,0,0
"COG1416",0,0,0,0,0,0,0,0,0,0
"COG1418",78,82,107,108,84,114,85,105,87,98
"COG1419",6,1,2,6,1,9,2,7,1,23
"COG1420",16,13,35,29,8,33,25,49,15,34
"COG1424",1,3,0,1,0,0,0,7,6,1
"COG1426",0,3,0,2,1,0,2,13,7,19
"COG1427",0,1,6,4,2,0,2,0,1,0
"COG1428",0,35,5,4,0,4,0,11,0,9
"COG1429",53,53,31,74,57,42,90,24,34,19
"COG1430",3,0,0,2,6,0,1,2,1,2
"COG1431",0,0,0,0,0,0,0,0,0,15
"COG1432",10,2,4,9,3,3,22,25,4,6
"COG1433",11,0,1,6,13,1,3,5,7,13
"COG1434",11,27,17,12,9,19,7,24,8,12
"COG1435",21,13,23,22,28,11,18,16,8,23
"COG1436",0,1,12,4,1,0,0,0,1,1
"COG1437",0,1,0,1,0,0,1,0,0,1
"COG1438",6,4,6,11,8,35,24,32,22,31
"COG1440",4,6,3,2,0,2,2,9,26,17
"COG1441",0,1,0,0,0,0,1,0,2,1
"COG1442",63,125,23,26,68,56,36,69,69,69
"COG1443",13,13,6,10,10,2,12,8,8,1
"COG1444",1,10,0,0,2,0,1,0,9,2
"COG1445",30,53,48,41,10,39,24,68,19,72
"COG1446",7,12,5,5,5,1,11,1,10,5
"COG1447",0,2,1,0,2,4,2,6,12,22
"COG1448",1,21,1,3,11,2,3,14,24,13
"COG1449",17,32,16,27,46,38,27,13,18,1
"COG1450",0,7,3,3,2,1,0,0,10,4
"COG1451",22,23,19,47,27,28,24,18,26,32
"COG1452",0,20,0,0,4,1,9,2,20,18
"COG1453",60,6,42,36,37,30,39,30,27,13
"COG1454",88,124,191,136,95,115,121,175,145,187
"COG1455",15,21,26,4,5,10,15,100,75,68
"COG1456",0,0,5,3,0,0,2,2,0,12
"COG1457",11,29,11,11,12,9,3,33,18,19
"COG1459",16,23,14,33,8,31,12,27,21,42
"COG1461",28,19,34,48,15,12,8,19,3,18
"COG1462",0,2,0,0,1,0,0,0,9,1
"COG1463",0,11,0,2,3,3,1,12,3,7
"COG1464",14,35,12,18,12,19,16,49,52,58
"COG1465",0,0,0,0,0,1,0,0,0,0
"COG1466",42,39,45,51,40,71,40,43,36,49
"COG1468",9,4,0,7,13,9,3,13,2,15
"COG1469",2,4,0,1,2,5,2,0,9,9
"COG1470",7,0,10,3,10,2,7,0,1,0
"COG1472",654,454,515,426,522,275,505,429,358,211
"COG1473",59,47,43,54,35,37,46,107,79,99
"COG1475",139,82,200,178,120,136,157,154,144,136
"COG1476",6,2,13,17,8,9,5,11,7,10
"COG1477",41,45,42,47,47,37,46,61,45,54
"COG1479",39,154,111,71,34,237,32,158,78,23
"COG1480",52,57,43,30,51,48,70,30,49,9
"COG1481",17,18,30,21,12,33,19,31,7,51
"COG1482",50,51,50,72,70,48,52,44,41,74
"COG1483",0,0,0,0,1,0,0,1,46,0
"COG1484",74,55,102,106,244,120,131,138,76,77
"COG1485",0,13,0,0,1,0,2,0,8,1
"COG1486",10,33,15,16,5,3,10,19,76,5
"COG1487",3,2,1,3,5,1,6,4,6,2
"COG1488",45,42,41,49,40,38,41,99,37,79
"COG1489",7,4,10,5,2,8,4,6,5,5
"COG1490",27,17,31,25,23,19,28,32,22,24
"COG1492",32,10,31,41,53,29,47,28,51,18
"COG1493",24,8,28,18,10,14,21,28,11,41
"COG1494",1,18,2,7,2,4,2,8,11,6
"COG1495",0,3,0,0,1,0,1,0,1,5
"COG1496",26,45,28,36,27,48,21,41,39,27
"COG1501",245,161,237,188,190,134,233,204,256,81
"COG1502",36,37,36,37,46,130,119,127,104,168
"COG1505",14,0,10,10,12,37,5,0,5,0
"COG1506",274,243,172,186,297,132,294,158,308,24
"COG1507",0,1,2,0,0,0,0,0,0,0
"COG1508",26,79,39,34,74,28,48,45,58,40
"COG1509",24,8,37,33,40,9,28,1,20,3
"COG1511",49,58,93,60,16,53,47,110,41,136
"COG1512",22,11,23,24,32,30,32,15,34,17
"COG1513",0,2,0,0,0,0,1,1,0,0
"COG1514",1,8,0,0,0,0,0,0,1,0
"COG1515",0,2,0,0,0,0,1,0,2,0
"COG1516",2,4,1,2,1,6,1,3,3,15
"COG1518",28,35,12,40,34,29,23,37,20,50
"COG1519",24,44,27,40,56,14,41,23,50,20
"COG1520",52,3,57,78,60,13,77,14,34,11
"COG1521",26,12,31,25,29,26,30,26,39,39
"COG1522",43,83,45,37,54,81,36,53,79,53
"COG1523",79,154,76,58,62,72,70,89,66,31
"COG1524",62,38,53,49,78,67,87,58,54,5
"COG1525",0,0,0,0,1,2,3,0,7,1
"COG1526",3,8,0,2,2,1,5,5,10,3
"COG1527",10,6,15,5,10,4,15,13,5,20
"COG1528",12,6,24,37,52,25,28,11,23,7
"COG1529",30,70,50,35,19,17,40,98,45,55
"COG1530",25,64,37,45,55,51,25,49,48,44
"COG1533",65,30,58,77,95,67,80,23,40,34
"COG1534",5,5,16,16,2,6,0,2,1,7
"COG1535",0,3,0,0,0,0,1,0,6,1
"COG1536",1,8,3,2,6,8,4,4,3,26
"COG1538",369,203,265,298,502,300,370,176,403,93
"COG1539",8,41,18,15,22,27,25,17,23,14
"COG1540",2,6,8,4,3,2,1,7,6,13
"COG1541",83,13,67,71,84,8,25,3,16,2
"COG1543",0,0,0,12,0,4,0,0,0,0
"COG1544",10,24,14,18,17,28,16,25,22,33
"COG1545",0,0,0,0,0,0,0,0,0,0
"COG1546",11,7,16,3,9,43,22,34,23,29
"COG1550",0,0,0,0,0,0,0,0,0,0
"COG1551",3,0,0,0,1,6,1,2,2,2
"COG1553",0,4,0,0,1,1,0,0,3,1
"COG1554",9,0,5,8,8,4,43,26,10,44
"COG1555",30,34,20,15,31,32,15,26,30,22
"COG1556",3,4,1,5,9,1,10,9,12,7
"COG1558",3,4,1,2,0,10,1,3,2,17
"COG1559",20,44,57,33,41,50,18,30,42,29
"COG1560",19,47,17,16,27,29,27,24,42,22
"COG1561",39,41,33,49,47,39,43,32,37,17
"COG1562",0,0,0,2,0,0,0,0,0,0
"COG1564",33,14,31,16,21,34,26,24,9,36
"COG1565",0,0,0,1,0,0,0,0,0,0
"COG1566",42,59,31,14,28,38,25,29,114,6
"COG1567",0,0,0,1,1,1,0,6,1,6
"COG1568",11,0,12,19,4,3,0,0,4,0
"COG1569",2,0,1,1,0,0,0,0,1,2
"COG1570",46,53,53,77,52,61,59,54,56,58
"COG1573",13,1,16,24,23,19,20,30,23,11
"COG1574",6,8,17,16,10,9,14,18,19,38
"COG1575",25,21,9,18,24,34,34,29,32,14
"COG1576",21,37,20,22,27,39,21,29,19,31
"COG1577",0,0,0,0,0,0,0,11,0,27
"COG1578",0,0,1,0,0,0,0,3,1,0
"COG1579",13,26,13,18,33,16,8,11,19,1
"COG1580",0,5,0,0,0,0,1,0,0,9
"COG1582",0,0,0,0,0,4,1,0,0,3
"COG1583",0,14,2,3,0,0,0,4,1,6
"COG1584",0,4,0,1,2,0,0,0,9,5
"COG1585",13,6,14,12,3,10,13,5,7,9
"COG1586",4,8,1,3,3,4,1,5,2,2
"COG1587",3,22,16,4,9,2,3,1,2,1
"COG1589",2,16,15,7,2,15,4,8,5,18
"COG1592",49,41,45,74,56,72,67,60,64,44
"COG1593",44,52,63,38,36,23,45,60,40,57
"COG1595",453,206,387,372,417,297,353,198,248,130
"COG1596",87,90,59,76,99,66,63,44,76,9
"COG1597",59,71,89,77,79,74,62,79,61,73
"COG1598",2,3,0,2,4,1,0,2,2,1
"COG1600",12,11,10,10,4,24,7,1,10,11
"COG1604",1,0,0,0,0,0,0,2,0,0
"COG1605",12,27,33,24,8,11,16,13,19,4
"COG1606",3,11,6,5,5,4,3,6,8,6
"COG1607",3,5,4,4,2,2,2,6,4,11
"COG1609",193,377,280,183,208,221,170,321,274,314
"COG1610",16,3,18,22,19,21,20,12,23,24
"COG1611",9,5,11,16,10,29,45,22,38,39
"COG1613",5,11,9,3,1,4,5,11,8,17
"COG1614",4,0,4,4,1,2,2,0,1,9
"COG1615",0,9,6,15,0,11,0,8,0,0
"COG1618",0,0,5,4,0,1,1,0,1,0
"COG1619",24,14,16,21,15,17,18,20,19,41
"COG1620",17,47,13,10,17,2,4,53,12,2
"COG1621",71,81,73,57,81,76,82,133,76,85
"COG1622",0,12,0,0,1,0,0,0,3,0
"COG1623",0,0,4,4,0,3,0,0,2,1
"COG1624",27,35,39,46,43,48,35,46,22,31
"COG1625",14,7,24,15,11,18,13,15,4,8
"COG1626",32,12,18,29,25,36,32,7,11,3
"COG1629",257,184,112,179,193,164,228,134,261,65
"COG1633",1,0,1,7,2,1,1,0,1,2
"COG1635",3,1,0,2,1,10,1,2,0,0
"COG1636",23,16,14,25,22,19,18,28,23,32
"COG1637",0,4,0,0,0,0,0,4,1,0
"COG1638",49,27,33,39,24,30,40,54,28,45
"COG1640",85,113,110,82,95,111,96,104,78,49
"COG1641",5,6,7,4,6,6,6,22,4,10
"COG1643",1,76,10,4,4,14,3,31,24,15
"COG1647",1,0,0,1,1,1,1,5,0,0
"COG1648",0,8,4,1,2,7,2,15,12,14
"COG1649",101,64,134,96,149,130,132,74,94,5
"COG1651",11,20,7,0,5,2,2,7,23,10
"COG1652",10,5,3,3,7,0,3,0,3,2
"COG1653",191,178,229,191,66,252,164,234,135,305
"COG1654",16,17,20,17,14,21,18,27,16,24
"COG1655",4,0,0,3,1,8,2,3,2,10
"COG1657",0,0,1,0,0,0,0,1,0,0
"COG1658",5,3,5,6,4,9,3,14,1,14
"COG1659",1,0,2,2,0,0,0,0,1,0
"COG1660",38,54,40,22,36,49,39,56,47,45
"COG1661",5,1,5,3,3,3,12,6,1,6
"COG1662",4,8,1,0,6,0,12,6,3,7
"COG1663",23,48,26,26,35,27,20,35,30,10
"COG1664",1,0,2,5,0,1,1,0,0,0
"COG1666",0,8,0,0,0,1,2,1,7,3
"COG1668",10,1,9,19,14,14,3,15,9,39
"COG1669",17,30,6,15,12,12,11,15,13,2
"COG1670",33,15,25,29,29,137,80,59,95,49
"COG1671",5,8,6,8,2,11,3,14,12,14
"COG1672",108,296,76,65,82,50,73,280,59,108
"COG1674",98,87,99,89,57,138,98,147,63,216
"COG1677",2,3,3,1,1,4,0,3,1,7
"COG1678",10,7,10,9,19,7,15,3,12,5
"COG1679",2,0,0,5,2,0,0,0,0,15
"COG1680",113,55,75,110,115,58,101,91,90,54
"COG1682",23,16,32,25,12,28,19,16,15,44
"COG1683",2,9,9,5,3,7,2,7,11,3
"COG1684",4,6,1,0,1,6,1,2,2,26
"COG1686",72,56,111,102,39,111,69,111,58,122
"COG1687",4,12,3,2,1,2,8,3,3,11
"COG1688",0,2,0,0,0,0,0,0,0,0
"COG1690",16,26,18,22,8,4,8,4,14,25
"COG1691",3,7,7,4,4,3,2,11,2,9
"COG1692",0,5,8,8,0,10,5,0,1,22
"COG1694",13,13,23,21,52,39,38,10,22,27
"COG1695",29,9,45,34,20,26,26,16,22,51
"COG1696",114,27,91,100,65,123,90,73,59,91
"COG1699",6,2,0,3,1,7,2,6,1,0
"COG1700",1,1,0,0,0,3,0,21,4,1
"COG1702",30,41,45,39,37,49,32,57,45,40
"COG1703",23,16,21,22,54,15,36,8,28,11
"COG1704",22,17,38,27,39,29,25,17,22,17
"COG1705",30,92,49,43,100,24,6,23,13,14
"COG1706",0,7,0,0,1,0,0,0,0,1
"COG1708",9,1,10,8,14,6,7,0,4,1
"COG1712",5,1,2,7,7,4,8,4,15,2
"COG1713",8,6,1,7,2,15,11,19,13,31
"COG1714",7,0,3,2,0,3,10,1,3,3
"COG1715",1,6,5,1,2,8,5,3,4,3
"COG1716",1,13,9,11,1,26,1,8,1,1
"COG1719",0,0,0,0,0,0,0,0,0,0
"COG1720",4,30,9,19,5,17,11,26,9,13
"COG1721",53,26,43,38,36,43,49,14,27,30
"COG1722",0,4,0,5,2,3,1,5,3,10
"COG1724",0,0,0,0,0,0,0,0,0,0
"COG1725",31,21,34,44,16,34,35,23,45,64
"COG1726",27,26,24,17,39,16,17,15,24,2
"COG1728",2,0,1,0,0,3,0,2,0,0
"COG1729",0,10,0,0,0,2,1,1,4,6
"COG1732",5,8,5,5,8,5,3,9,2,6
"COG1733",32,26,32,33,27,33,25,27,38,55
"COG1734",0,10,2,7,7,0,5,0,9,3
"COG1735",0,5,2,4,3,2,3,0,6,3
"COG1737",28,61,42,29,25,29,28,81,78,64
"COG1738",26,19,16,11,35,16,13,9,19,0
"COG1739",28,34,26,35,33,33,26,41,28,30
"COG1740",1,20,1,2,5,2,4,2,3,9
"COG1741",8,15,21,16,24,4,28,4,17,5
"COG1742",3,7,1,0,0,0,0,1,0,2
"COG1743",2,3,2,3,1,0,0,0,25,0
"COG1744",40,8,40,52,17,37,33,37,15,52
"COG1747",0,0,0,0,0,0,0,0,0,0
"COG1748",45,28,27,30,33,39,52,37,38,37
"COG1749",6,5,0,5,3,6,1,5,1,25
"COG1751",0,0,0,0,0,0,1,0,0,0
"COG1752",77,26,84,75,114,51,105,45,72,33
"COG1754",48,105,37,30,74,43,78,44,54,6
"COG1755",0,0,2,0,0,0,0,0,1,0
"COG1757",94,140,119,133,108,98,126,125,86,99
"COG1758",0,7,2,1,0,2,2,4,4,7
"COG1760",67,79,70,52,47,43,45,78,39,76
"COG1762",48,139,71,41,33,46,53,78,69,114
"COG1763",4,10,5,2,3,10,7,6,4,8
"COG1764",0,2,0,0,1,0,0,1,3,0
"COG1765",2,5,1,2,1,0,2,3,3,1
"COG1766",1,8,2,2,3,9,2,1,2,26
"COG1767",3,3,0,1,0,2,5,8,8,5
"COG1768",4,2,6,11,3,11,8,6,6,3
"COG1770",1,23,6,0,0,0,0,2,4,1
"COG1773",13,13,12,8,10,0,4,1,4,3
"COG1774",40,20,30,43,33,48,47,28,25,25
"COG1775",5,12,21,28,12,9,21,29,27,32
"COG1776",8,3,2,4,4,17,3,7,2,26
"COG1778",19,24,17,15,32,16,19,23,27,6
"COG1780",3,5,2,0,1,0,0,1,2,8
"COG1781",22,25,11,17,17,30,22,21,14,5
"COG1782",0,0,0,0,0,0,0,0,0,0
"COG1783",15,9,135,22,16,10,8,4,16,24
"COG1785",32,9,51,54,55,29,51,36,66,6
"COG1786",0,0,2,1,0,1,0,0,1,0
"COG1787",4,0,1,0,0,3,0,0,2,0
"COG1788",1,4,9,8,4,0,4,6,4,0
"COG1791",0,0,0,0,0,0,0,0,3,0
"COG1792",29,47,42,49,48,41,47,47,39,53
"COG1793",5,0,1,0,5,0,2,0,2,0
"COG1794",4,8,0,6,1,4,3,10,20,9
"COG1797",23,16,20,28,33,18,21,39,37,15
"COG1799",14,14,12,24,5,22,11,18,1,20
"COG1801",1,2,0,0,0,0,0,10,3,6
"COG1802",50,41,32,40,32,28,23,41,31,92
"COG1803",21,7,37,24,27,14,23,11,15,14
"COG1804",10,23,6,8,17,5,10,41,12,4
"COG1805",18,17,16,22,23,19,20,15,27,0
"COG1806",0,5,1,2,0,1,2,10,9,22
"COG1807",23,54,39,41,50,15,31,48,29,30
"COG1808",16,2,33,26,47,17,29,15,27,2
"COG1811",8,7,7,5,9,14,4,23,26,14
"COG1814",8,0,1,8,6,0,6,6,3,2
"COG1815",5,1,1,2,4,3,2,1,0,13
"COG1816",7,7,7,4,2,7,10,13,7,10
"COG1817",1,0,6,2,13,5,0,0,3,0
"COG1819",9,1,19,15,17,7,18,3,27,6
"COG1820",62,33,68,44,75,74,75,38,81,63
"COG1823",1,10,2,0,3,1,0,7,5,9
"COG1825",21,23,31,25,34,15,15,17,16,10
"COG1826",0,15,0,0,1,1,5,1,7,5
"COG1827",5,10,12,8,2,2,3,3,0,12
"COG1830",32,13,15,25,25,9,21,7,20,4
"COG1832",0,2,0,0,0,1,0,0,1,0
"COG1834",8,0,3,1,4,2,1,1,1,12
"COG1835",43,20,45,38,49,34,28,41,36,18
"COG1837",5,3,9,8,2,8,4,8,5,14
"COG1838",38,35,36,42,38,47,44,41,53,49
"COG1840",12,16,28,21,11,21,13,24,40,50
"COG1841",0,0,0,1,0,2,3,4,2,7
"COG1842",1,17,0,10,2,5,2,1,3,8
"COG1843",1,3,0,2,0,3,1,6,1,18
"COG1845",0,7,0,0,0,0,0,0,5,0
"COG1846",54,44,62,50,55,70,39,71,81,99
"COG1847",15,12,19,17,7,13,12,30,13,27
"COG1850",0,0,1,0,2,0,0,2,0,2
"COG1852",1,0,0,0,1,0,1,1,4,4
"COG1853",61,41,45,58,45,8,18,20,21,10
"COG1854",14,21,20,18,15,30,18,24,32,23
"COG1857",1,14,1,1,0,5,0,0,0,16
"COG1858",17,7,7,4,7,11,10,1,21,4
"COG1859",1,5,0,2,0,0,0,0,2,6
"COG1861",11,1,2,6,6,2,6,0,3,0
"COG1862",11,14,9,20,15,17,23,17,11,14
"COG1863",1,0,0,4,0,1,1,0,1,0
"COG1864",29,53,27,26,47,30,30,15,12,2
"COG1865",0,0,0,2,2,1,1,1,1,3
"COG1866",55,65,66,62,76,60,70,71,61,65
"COG1868",4,11,1,2,2,5,1,2,2,39
"COG1869",0,6,1,1,3,0,0,3,7,1
"COG1871",6,1,1,3,1,3,1,0,0,19
"COG1872",0,2,0,0,1,1,0,1,3,4
"COG1873",0,2,5,5,1,7,1,5,2,7
"COG1874",142,57,100,118,95,81,118,86,162,83
"COG1875",6,0,17,16,31,9,31,9,13,15
"COG1876",15,9,18,17,0,17,18,16,10,16
"COG1877",6,4,10,14,23,2,6,0,3,1
"COG1878",2,3,7,7,6,3,2,8,5,24
"COG1879",144,182,116,111,97,150,103,88,170,114
"COG1881",0,8,2,2,0,0,2,8,16,6
"COG1882",113,120,140,157,95,131,170,107,140,131
"COG1883",74,32,95,71,96,53,106,41,58,46
"COG1884",89,40,77,77,95,36,109,21,83,24
"COG1886",2,3,1,6,3,3,5,4,1,30
"COG1887",61,32,82,42,13,45,37,16,22,11
"COG1892",0,0,0,0,0,1,0,0,0,0
"COG1893",50,13,45,45,57,27,44,54,33,47
"COG1894",25,15,44,42,46,19,25,29,21,42
"COG1895",9,18,10,7,9,18,17,1,4,0
"COG1896",14,13,16,28,12,32,18,20,9,35
"COG1897",40,51,52,30,28,10,15,11,13,22
"COG1898",49,15,64,54,45,61,52,56,51,50
"COG1899",0,0,0,0,0,0,0,0,0,0
"COG1900",1,0,0,2,1,0,2,0,0,0
"COG1902",39,79,73,58,62,36,53,74,103,51
"COG1903",39,6,13,41,32,13,41,19,25,16
"COG1904",44,44,45,42,52,22,36,38,45,37
"COG1905",8,4,14,12,19,4,8,5,7,6
"COG1906",1,0,0,1,3,1,0,0,3,7
"COG1908",1,1,2,1,0,1,1,1,2,0
"COG1910",1,0,3,1,2,2,1,0,1,0
"COG1912",0,0,0,1,0,0,0,0,0,1
"COG1913",2,12,0,0,0,0,0,8,1,0
"COG1914",23,17,32,21,47,12,38,39,35,35
"COG1915",2,0,2,0,2,0,3,0,1,0
"COG1917",49,16,48,32,48,41,35,40,32,39
"COG1918",63,58,57,76,65,58,59,63,52,57
"COG1921",2,12,5,3,0,1,4,11,14,5
"COG1922",31,29,15,26,26,29,19,58,20,19
"COG1923",1,7,2,1,0,2,3,1,5,3
"COG1924",80,110,80,106,27,84,67,119,50,182
"COG1925",18,44,28,23,13,28,20,13,32,34
"COG1928",7,0,4,10,0,12,1,0,0,1
"COG1929",26,50,25,20,27,41,31,41,29,22
"COG1930",0,0,0,0,0,0,0,0,1,0
"COG1932",30,46,55,48,32,59,41,39,49,35
"COG1934",0,1,2,0,2,0,2,0,3,4
"COG1937",7,10,12,14,5,12,10,7,12,5
"COG1939",14,6,7,12,5,16,12,22,6,27
"COG1940",120,149,144,146,144,96,105,149,130,145
"COG1941",0,0,0,0,0,0,0,0,0,0
"COG1942",0,1,0,0,0,0,0,3,3,1
"COG1943",23,52,35,35,35,21,10,47,32,141
"COG1944",0,6,0,2,0,0,2,0,8,2
"COG1945",0,0,0,0,0,0,0,0,0,0
"COG1946",0,13,1,0,0,0,0,1,2,1
"COG1947",40,42,34,33,31,41,24,42,31,36
"COG1949",0,10,3,0,0,1,0,0,2,5
"COG1950",0,0,1,0,0,0,0,2,0,4
"COG1951",40,62,51,50,46,57,59,67,70,57
"COG1952",0,4,2,1,0,5,1,0,6,0
"COG1953",0,5,2,2,3,0,2,5,3,2
"COG1954",4,11,9,3,2,7,1,2,2,0
"COG1956",7,9,5,13,11,6,15,6,15,7
"COG1957",3,15,17,8,4,14,10,24,7,49
"COG1959",29,28,33,39,13,22,24,36,34,68
"COG1960",63,60,74,72,54,39,81,72,84,8
"COG1961",397,125,543,639,295,531,354,248,333,186
"COG1963",4,2,2,9,0,6,1,1,0,7
"COG1964",0,1,1,1,1,1,0,2,1,0
"COG1965",0,2,0,0,0,1,0,0,2,3
"COG1966",27,40,17,35,25,81,69,114,72,68
"COG1968",68,44,45,49,56,38,31,48,42,50
"COG1969",0,8,2,0,3,1,2,1,1,8
"COG1970",17,13,12,17,23,34,13,14,8,19
"COG1971",31,15,30,23,34,34,25,25,25,17
"COG1972",1,27,3,0,8,3,7,1,21,24
"COG1974",13,9,11,8,3,33,25,37,27,59
"COG1975",16,34,14,21,13,13,17,40,8,25
"COG1977",0,0,1,0,1,0,0,0,1,1
"COG1979",35,30,46,45,45,25,64,36,57,36
"COG1982",43,78,38,38,25,43,29,89,51,85
"COG1983",2,0,8,8,13,3,10,6,8,2
"COG1984",4,5,6,5,0,0,3,1,6,6
"COG1985",35,47,35,42,42,32,43,47,40,37
"COG1986",0,7,1,2,1,7,0,0,2,0
"COG1987",1,1,0,2,3,5,1,2,1,17
"COG1988",1,7,1,0,0,0,1,1,5,16
"COG1989",7,13,4,13,2,11,2,10,10,24
"COG1990",1,0,0,0,0,1,2,0,1,0
"COG1992",2,0,2,3,2,1,1,0,0,0
"COG1993",0,0,0,0,1,1,0,0,0,0
"COG1994",1,2,5,3,1,16,3,6,8,8
"COG1995",39,28,36,24,60,33,26,36,31,18
"COG2000",1,0,2,3,7,1,3,0,2,0
"COG2001",15,14,19,24,24,15,15,17,14,21
"COG2002",11,2,21,19,6,21,16,9,12,8
"COG2003",40,64,43,43,48,31,32,58,36,41
"COG2005",1,6,1,5,2,2,1,3,6,10
"COG2006",3,4,1,3,1,3,8,3,9,10
"COG2008",29,22,38,36,34,19,30,50,43,13
"COG2009",0,5,0,2,3,0,0,1,2,4
"COG2010",0,0,0,0,0,0,0,0,1,0
"COG2011",14,17,13,12,6,16,19,41,18,34
"COG2013",6,15,16,13,1,17,9,7,5,14
"COG2014",0,0,0,0,0,0,0,0,0,0
"COG2015",16,8,14,4,1,6,5,10,2,1
"COG2017",138,106,112,110,129,109,139,103,105,94
"COG2020",1,0,0,0,0,1,0,2,0,0
"COG2021",0,0,5,9,2,0,2,0,0,0
"COG2022",17,28,26,17,20,13,29,22,26,9
"COG2025",51,46,57,51,37,51,54,43,37,9
"COG2026",0,5,1,0,1,1,0,0,5,2
"COG2027",28,18,21,15,29,5,27,16,29,14
"COG2030",11,50,29,16,28,18,24,33,28,9
"COG2031",2,6,2,5,2,0,2,1,2,4
"COG2032",1,5,2,0,0,0,0,0,3,2
"COG2033",1,18,10,2,1,9,0,12,0,1
"COG2035",15,8,15,14,8,21,7,3,6,19
"COG2038",28,21,26,35,36,17,34,22,33,25
"COG2039",1,8,5,4,2,3,4,9,9,26
"COG2040",6,11,0,1,4,0,3,9,7,9
"COG2041",0,6,0,0,0,0,0,2,5,1
"COG2043",0,0,1,3,1,0,0,0,1,8
"COG2045",0,0,0,1,0,0,1,1,2,0
"COG2046",0,0,0,0,0,0,0,0,0,0
"COG2048",2,0,9,7,3,0,1,1,2,5
"COG2049",1,6,5,6,2,2,3,1,2,4
"COG2050",25,31,28,32,41,27,26,23,29,7
"COG2052",0,2,7,1,1,10,4,3,1,4
"COG2055",1,14,19,10,4,5,9,10,19,6
"COG2056",0,1,0,0,0,3,0,1,0,11
"COG2057",3,5,3,3,1,2,2,4,9,1
"COG2059",61,47,56,54,71,63,75,74,36,42
"COG2060",32,22,30,33,48,18,35,7,43,10
"COG2062",0,5,2,0,2,0,0,8,4,1
"COG2063",0,5,1,0,1,0,0,0,0,0
"COG2064",4,0,0,0,1,2,3,0,0,0
"COG2065",1,4,2,2,6,2,2,5,1,3
"COG2066",40,11,24,41,54,20,42,5,24,9
"COG2067",6,13,9,9,14,10,12,14,26,14
"COG2068",6,9,15,5,2,0,3,4,3,9
"COG2069",1,0,5,1,1,0,2,1,2,3
"COG2070",50,24,68,51,61,36,75,47,54,75
"COG2071",37,79,8,27,36,38,43,40,37,33
"COG2072",0,0,0,0,1,1,0,0,0,0
"COG2073",17,14,21,25,18,5,6,9,8,5
"COG2076",7,24,4,2,25,11,4,10,34,6
"COG2077",15,2,9,12,26,9,11,4,21,4
"COG2078",0,13,2,0,0,2,0,39,0,1
"COG2079",3,9,3,1,1,1,7,2,2,1
"COG2080",6,29,15,24,7,9,5,18,4,7
"COG2081",38,25,52,57,21,53,37,33,21,42
"COG2082",19,9,12,18,16,9,18,14,11,8
"COG2084",11,33,7,8,15,5,11,12,32,24
"COG2085",0,0,0,0,0,0,0,0,0,0
"COG2086",3,19,12,14,19,34,34,36,23,10
"COG2087",4,4,3,3,6,11,15,11,11,10
"COG2088",5,5,9,18,9,13,15,9,5,12
"COG2089",25,1,17,20,23,33,21,2,24,5
"COG2091",1,7,7,5,5,9,1,8,6,12
"COG2094",0,0,1,0,0,0,0,11,0,0
"COG2095",28,8,17,22,40,7,12,4,18,6
"COG2096",9,2,3,9,3,22,33,16,28,9
"COG2099",24,9,28,24,38,18,38,22,31,11
"COG2102",2,0,3,6,3,3,2,0,0,0
"COG2103",17,16,13,10,20,10,15,23,14,3
"COG2104",0,3,2,0,0,1,0,2,1,1
"COG2105",0,5,0,0,2,0,0,0,3,0
"COG2107",0,0,4,1,0,0,0,0,1,0
"COG2108",0,0,2,0,2,1,1,1,0,0
"COG2109",13,15,22,13,5,9,13,14,10,13
"COG2110",22,11,32,17,13,18,28,45,16,26
"COG2111",0,1,2,3,2,0,2,0,0,0
"COG2113",13,12,5,5,29,0,2,3,10,2
"COG2114",2,0,0,1,1,2,0,0,0,0
"COG2115",17,18,25,17,21,5,20,12,48,3
"COG2116",13,21,8,11,8,23,5,19,14,22
"COG2119",1,3,1,4,2,1,2,0,1,6
"COG2120",6,8,4,8,3,4,8,2,4,1
"COG2121",0,0,1,0,0,0,1,0,2,0
"COG2122",0,0,0,1,1,0,0,0,0,0
"COG2127",6,12,2,1,2,5,3,6,6,0
"COG2128",1,5,1,2,0,0,0,0,26,4
"COG2129",6,3,3,4,1,4,3,5,5,5
"COG2130",0,3,0,1,1,0,0,0,4,0
"COG2131",23,39,27,29,25,26,25,34,23,23
"COG2132",0,17,3,0,4,0,1,16,12,1
"COG2133",3,6,1,0,0,0,1,0,3,0
"COG2134",0,10,0,0,0,0,0,1,2,0
"COG2135",7,2,6,4,2,0,1,8,1,0
"COG2137",2,7,10,11,2,12,2,10,6,21
"COG2140",2,1,9,12,14,4,9,4,2,2
"COG2141",0,21,3,0,5,0,1,1,20,0
"COG2142",0,3,0,0,0,1,1,0,1,0
"COG2143",0,0,0,0,0,0,0,0,0,0
"COG2145",18,35,18,14,7,20,19,30,15,16
"COG2146",1,6,0,0,1,0,0,0,5,1
"COG2148",131,85,117,111,127,163,104,87,115,87
"COG2149",0,2,1,0,0,0,0,0,6,0
"COG2151",14,20,6,7,11,2,1,8,10,2
"COG2152",83,24,46,54,83,35,80,19,50,24
"COG2153",0,5,3,4,1,3,1,2,7,4
"COG2155",4,1,1,7,2,11,1,2,0,0
"COG2156",7,7,8,12,16,6,11,3,9,2
"COG2158",0,0,3,1,0,1,3,0,1,1
"COG2159",13,7,6,20,6,6,14,15,18,12
"COG2160",52,44,35,32,50,21,50,48,33,7
"COG2161",1,10,1,0,0,0,1,0,4,0
"COG2162",1,3,1,0,0,0,1,2,2,1
"COG2163",1,0,0,2,0,0,0,0,0,0
"COG2165",2,11,1,5,1,0,2,0,4,2
"COG2166",7,19,19,19,21,10,18,8,23,2
"COG2168",0,1,1,0,0,0,0,0,1,1
"COG2169",4,4,5,11,6,3,8,5,16,1
"COG2170",0,5,0,0,0,0,0,0,5,0
"COG2171",3,6,5,1,4,2,1,15,6,15
"COG2172",23,2,17,17,8,20,7,10,5,17
"COG2173",14,5,17,16,8,5,28,0,10,16
"COG2175",0,6,0,0,2,1,0,0,3,0
"COG2176",63,52,87,125,59,89,48,155,43,122
"COG2177",48,65,53,67,52,53,41,27,39,47
"COG2179",13,2,6,15,3,7,6,12,3,20
"COG2180",2,5,2,0,1,0,2,0,10,6
"COG2181",0,4,0,1,0,0,1,0,6,4
"COG2182",16,17,16,16,9,33,7,46,25,77
"COG2183",68,67,67,84,59,99,61,76,89,93
"COG2184",22,56,21,6,5,45,13,17,15,23
"COG2185",64,29,60,72,94,29,74,17,76,29
"COG2186",23,72,32,22,31,20,27,18,55,32
"COG2188",21,48,32,38,25,26,19,74,56,114
"COG2189",36,43,26,30,24,3,16,14,4,45
"COG2190",16,75,40,17,14,22,21,136,31,194
"COG2191",0,0,0,1,0,0,3,0,1,0
"COG2192",3,0,0,2,0,7,0,0,0,0
"COG2193",2,7,3,9,13,3,7,0,10,0
"COG2194",39,120,68,33,71,29,43,33,46,39
"COG2195",133,141,147,144,153,134,142,187,144,159
"COG2197",307,153,185,144,196,68,174,102,174,76
"COG2198",3,69,5,7,6,0,0,0,16,2
"COG2199",121,229,61,117,63,194,74,117,141,194
"COG2200",61,139,29,40,24,78,30,58,90,87
"COG2201",5,5,1,2,1,8,2,9,2,23
"COG2202",76,68,22,25,27,6,21,5,42,39
"COG2203",5,4,0,6,1,13,0,0,14,0
"COG2204",202,134,164,190,339,128,272,110,224,51
"COG2205",73,51,63,76,59,40,68,34,56,50
"COG2206",81,42,23,37,20,70,20,35,27,85
"COG2207",1353,468,877,867,980,625,1021,514,1204,465
"COG2208",34,4,32,44,17,32,13,11,20,18
"COG2209",12,19,12,9,12,22,12,10,7,0
"COG2210",41,0,26,28,58,46,39,8,40,4
"COG2211",89,202,225,111,105,100,96,179,124,205
"COG2212",0,0,1,0,0,0,0,0,0,0
"COG2213",2,38,6,0,16,2,4,18,8,0
"COG2214",18,20,32,28,22,33,29,20,36,9
"COG2215",0,1,1,0,0,0,0,0,6,0
"COG2216",32,33,44,42,43,12,46,9,48,9
"COG2217",197,144,212,229,187,189,204,260,132,328
"COG2220",77,80,101,75,109,77,117,32,86,36
"COG2221",4,4,14,11,3,9,4,9,13,14
"COG2222",23,29,24,7,8,12,15,5,30,10
"COG2223",0,10,0,0,1,0,2,0,16,4
"COG2224",0,11,2,0,0,0,1,0,6,1
"COG2225",0,25,1,1,4,0,0,0,10,0
"COG2226",15,20,17,20,30,8,9,14,7,3
"COG2227",10,16,2,2,2,1,5,0,8,3
"COG2230",18,10,9,8,5,3,1,24,13,8
"COG2231",0,0,0,0,0,0,0,7,0,0
"COG2233",65,146,94,47,54,87,66,131,89,104
"COG2234",52,19,65,53,70,6,17,9,11,8
"COG2235",0,0,17,9,0,2,2,18,6,0
"COG2236",0,0,0,0,0,0,0,0,1,4
"COG2239",56,16,55,37,48,59,67,55,64,72
"COG2240",29,34,34,27,32,22,38,47,41,49
"COG2241",22,15,17,31,24,9,33,27,24,15
"COG2242",23,8,21,25,25,15,31,22,27,11
"COG2243",21,6,14,12,12,7,20,15,11,11
"COG2244",210,128,191,244,205,199,154,170,154,178
"COG2246",8,5,7,10,0,5,8,13,3,18
"COG2247",0,21,8,0,0,0,0,7,2,0
"COG2249",7,19,7,3,19,8,14,7,28,12
"COG2250",1,0,0,0,0,0,0,0,0,0
"COG2252",32,91,40,44,22,53,29,88,65,73
"COG2253",0,8,0,0,0,0,0,0,0,0
"COG2255",34,41,51,63,39,38,55,68,39,41
"COG2256",47,66,70,59,34,46,58,94,42,59
"COG2257",3,1,1,0,1,1,0,0,1,3
"COG2258",8,22,11,4,7,4,12,13,10,9
"COG2259",9,14,5,9,14,2,13,1,12,1
"COG2261",0,1,0,0,0,0,0,1,2,6
"COG2262",41,49,61,47,50,65,54,56,49,58
"COG2264",33,24,38,49,34,29,40,46,31,39
"COG2265",81,74,80,77,69,100,69,113,78,101
"COG2267",22,25,34,18,9,31,15,25,26,43
"COG2268",37,17,16,15,17,30,16,4,15,52
"COG2269",1,7,1,0,0,0,1,0,4,3
"COG2270",7,6,8,5,1,11,13,24,3,38
"COG2271",5,14,6,7,21,19,19,20,46,7
"COG2272",9,74,24,16,19,17,30,50,13,22
"COG2273",81,39,56,28,46,38,72,14,57,3
"COG2274",94,160,56,42,85,36,98,58,57,11
"COG2301",21,4,5,5,1,17,12,1,25,8
"COG2302",16,9,10,19,4,27,11,23,10,27
"COG2303",0,8,0,0,1,0,1,0,14,1
"COG2304",71,48,42,61,70,84,58,41,39,7
"COG2306",3,0,0,0,0,1,0,0,0,0
"COG2307",0,2,1,0,0,0,0,1,2,0
"COG2308",0,1,3,1,3,0,2,3,8,14
"COG2309",25,13,29,36,10,13,23,28,17,71
"COG2310",2,33,2,3,17,17,0,0,10,0
"COG2311",50,37,29,25,46,21,22,24,60,3
"COG2312",0,2,0,0,0,1,0,0,2,1
"COG2313",0,4,2,8,1,0,2,0,2,0
"COG2314",0,2,1,0,0,0,0,12,0,0
"COG2315",28,19,24,19,24,43,25,13,19,17
"COG2316",3,3,11,9,3,3,3,7,3,11
"COG2317",1,2,0,3,1,9,12,8,3,0
"COG2318",0,0,0,0,0,0,0,0,6,0
"COG2319",5,13,0,1,2,50,2,0,2,0
"COG2320",8,0,5,1,0,0,1,0,1,1
"COG2321",0,7,0,0,0,0,0,0,3,3
"COG2323",2,4,5,4,0,24,7,11,11,3
"COG2326",16,13,16,17,6,11,11,28,7,14
"COG2327",28,6,12,12,8,12,26,28,7,11
"COG2329",0,0,4,1,0,0,1,0,3,0
"COG2331",0,1,0,0,0,0,0,2,0,1
"COG2332",0,0,0,0,1,0,0,0,0,2
"COG2333",37,39,59,46,28,40,20,43,23,66
"COG2334",4,11,3,0,3,7,3,5,6,8
"COG2335",0,0,1,2,0,0,0,0,0,0
"COG2336",0,4,1,0,1,0,0,0,0,0
"COG2337",47,18,25,47,31,22,38,17,31,24
"COG2339",3,0,0,2,0,6,1,0,0,9
"COG2340",1,1,1,11,0,3,2,1,3,33
"COG2342",0,0,0,0,0,0,0,0,0,0
"COG2344",32,4,37,30,28,7,13,7,7,10
"COG2346",0,0,0,0,0,0,0,0,0,7
"COG2348",0,4,5,5,1,28,0,9,2,2
"COG2350",0,3,0,2,0,0,0,0,6,0
"COG2351",0,3,0,0,0,3,2,0,6,0
"COG2352",2,23,4,0,2,2,1,22,15,1
"COG2353",0,1,0,0,0,0,0,0,8,0
"COG2354",0,2,0,0,0,0,2,0,4,0
"COG2355",40,52,22,28,33,43,43,42,46,14
"COG2356",4,16,3,2,0,28,1,0,5,8
"COG2357",33,27,25,31,15,34,22,36,8,50
"COG2358",21,9,17,21,11,11,6,2,6,8
"COG2359",0,1,1,2,1,6,0,0,0,0
"COG2360",5,27,1,2,4,5,6,8,7,3
"COG2361",5,27,3,7,11,16,9,3,7,2
"COG2362",0,1,1,2,2,0,4,0,0,3
"COG2363",0,0,0,1,1,0,0,0,4,0
"COG2364",29,20,21,17,10,37,9,15,31,50
"COG2365",28,5,25,18,27,13,25,32,14,29
"COG2366",0,0,1,0,0,0,0,1,0,0
"COG2367",36,36,34,28,30,22,25,25,21,15
"COG2368",1,8,5,4,4,2,2,10,7,3
"COG2369",0,0,7,1,7,1,3,6,0,0
"COG2371",0,0,0,1,1,0,1,1,3,14
"COG2372",0,5,1,0,1,0,1,0,2,0
"COG2373",149,65,93,63,98,116,106,80,130,16
"COG2374",1,0,9,0,18,0,0,0,0,0
"COG2375",0,1,0,0,0,0,1,0,4,1
"COG2376",19,38,8,18,17,9,2,34,17,36
"COG2377",1,7,3,10,8,1,7,0,7,9
"COG2378",15,10,24,16,28,10,1,4,8,11
"COG2379",3,0,1,4,1,5,14,16,14,15
"COG2382",35,62,15,44,46,39,63,46,56,18
"COG2384",3,10,10,12,8,9,8,16,2,31
"COG2385",61,7,44,58,45,52,71,51,40,53
"COG2386",0,1,0,0,0,0,0,0,2,2
"COG2388",7,1,9,8,12,2,9,2,6,11
"COG2390",7,24,10,8,7,4,6,29,39,21
"COG2391",1,19,0,0,2,0,1,0,6,4
"COG2404",0,0,0,0,0,0,0,7,0,22
"COG2405",0,0,0,0,0,0,0,0,1,0
"COG2406",8,0,12,0,3,1,2,2,1,0
"COG2407",86,80,82,81,109,71,99,48,91,51
"COG2409",0,0,0,0,0,0,0,32,1,0
"COG2414",5,14,6,0,2,3,11,8,9,16
"COG2421",3,14,0,2,1,1,2,0,6,0
"COG2423",7,5,6,10,2,4,3,2,2,23
"COG2425",31,23,4,11,27,7,13,19,23,5
"COG2426",0,0,3,3,1,2,1,0,0,0
"COG2431",24,24,28,30,40,31,41,23,41,8
"COG2440",1,1,0,0,0,0,0,6,0,0
"COG2452",0,1,1,0,1,3,1,18,5,22
"COG2453",0,9,0,0,0,0,0,0,0,0
"COG2454",0,0,0,0,0,0,0,0,0,0
"COG2461",4,0,3,3,1,39,13,41,3,21
"COG2501",9,6,7,8,5,7,5,8,5,26
"COG2502",32,42,33,27,37,19,34,47,28,11
"COG2503",0,0,0,0,0,0,0,0,5,2
"COG2508",35,21,57,61,22,75,31,83,25,106
"COG2509",75,48,89,95,67,89,78,75,59,52
"COG2510",5,1,5,12,4,8,4,6,2,1
"COG2513",9,2,18,26,4,5,6,2,9,0
"COG2514",0,0,0,0,0,0,0,0,0,0
"COG2515",3,2,8,8,2,0,2,5,4,0
"COG2516",0,0,0,0,0,1,0,0,0,0
"COG2518",0,0,1,0,1,0,0,0,0,0
"COG2519",0,7,1,0,0,0,0,1,1,0
"COG2602",6,5,5,7,7,8,1,2,2,23
"COG2603",0,6,0,0,0,0,1,0,8,0
"COG2604",6,2,3,1,2,3,0,0,1,0
"COG2605",56,2,20,28,47,42,40,43,31,8
"COG2606",30,31,20,32,30,23,15,19,34,63
"COG2607",18,17,29,19,11,29,18,27,16,24
"COG2608",4,11,24,8,5,9,11,35,6,46
"COG2609",0,11,2,0,3,0,0,1,10,0
"COG2610",25,74,39,15,22,12,14,37,44,36
"COG2703",7,1,1,8,1,12,4,13,2,14
"COG2704",24,29,24,20,58,23,43,14,42,40
"COG2706",30,31,19,25,31,5,8,13,14,8
"COG2707",0,5,1,0,1,0,1,2,2,9
"COG2710",11,9,11,12,4,9,3,42,22,16
"COG2715",30,39,33,20,49,39,44,23,30,8
"COG2716",0,3,0,0,0,0,0,0,3,1
"COG2717",2,7,0,6,1,0,13,1,5,16
"COG2718",0,2,0,0,0,0,0,0,4,0
"COG2719",0,9,0,0,0,0,1,0,19,0
"COG2720",19,7,15,34,11,33,12,16,4,10
"COG2721",26,40,45,38,35,24,55,48,45,34
"COG2723",40,61,73,53,28,23,42,109,125,167
"COG2730",74,72,30,74,32,13,23,24,4,9
"COG2731",40,26,28,15,41,8,19,12,41,32
"COG2732",0,5,1,0,0,0,0,0,4,0
"COG2733",0,15,0,0,4,0,0,21,7,21
"COG2738",24,3,33,30,37,22,25,9,16,8
"COG2739",9,4,6,13,2,14,8,15,5,16
"COG2740",10,4,11,10,3,11,6,7,4,11
"COG2746",0,0,2,4,0,7,2,7,1,15
"COG2747",0,1,0,0,0,0,0,1,0,0
"COG2755",170,119,139,122,156,101,125,120,137,80
"COG2759",38,64,70,74,62,82,61,86,49,78
"COG2761",0,4,0,1,1,0,0,2,3,0
"COG2764",0,5,0,0,0,0,0,1,7,2
"COG2766",0,13,0,0,3,0,0,0,9,2
"COG2768",13,45,24,35,29,20,17,24,8,29
"COG2770",0,0,0,0,0,0,0,0,3,0
"COG2771",1,38,4,2,4,4,4,1,32,6
"COG2801",136,349,92,137,243,160,131,238,114,181
"COG2804",18,42,9,51,17,22,11,25,21,64
"COG2805",12,21,13,23,6,21,7,19,12,45
"COG2807",0,17,0,1,0,0,1,3,9,2
"COG2812",96,132,82,120,111,117,105,100,89,105
"COG2813",0,22,2,0,1,2,3,9,7,9
"COG2814",22,75,38,13,32,34,20,26,65,14
"COG2815",23,10,18,21,6,10,2,11,1,5
"COG2816",20,33,14,27,10,28,28,27,31,24
"COG2818",15,9,16,26,30,5,5,10,6,7
"COG2819",21,12,9,14,6,17,15,26,10,5
"COG2820",9,8,4,12,17,31,29,16,27,4
"COG2821",1,2,0,0,0,0,1,3,8,11
"COG2822",0,8,0,0,1,0,0,0,4,1
"COG2823",0,10,0,0,2,1,2,1,10,6
"COG2824",0,4,0,0,1,0,0,1,1,2
"COG2825",0,0,2,0,0,1,4,0,7,5
"COG2826",7,28,11,8,8,55,60,119,14,8
"COG2827",0,3,2,9,0,8,5,9,4,15
"COG2828",1,9,1,0,0,0,2,5,3,0
"COG2829",0,3,1,0,3,1,1,0,3,0
"COG2830",19,0,16,12,24,7,13,2,15,2
"COG2831",4,7,3,6,3,1,1,1,9,8
"COG2832",3,6,3,0,0,4,1,2,11,5
"COG2834",0,6,0,1,2,6,2,1,7,5
"COG2835",0,2,0,0,1,0,0,0,1,0
"COG2836",0,0,1,1,0,1,1,0,0,0
"COG2837",4,8,1,2,6,0,7,3,17,4
"COG2839",4,0,3,2,6,0,5,1,3,4
"COG2840",0,9,0,0,1,0,1,1,7,4
"COG2841",0,3,0,0,0,0,0,0,0,0
"COG2842",2,0,3,4,1,1,3,0,3,0
"COG2843",57,18,49,41,51,8,14,3,8,21
"COG2844",1,29,3,0,1,1,3,14,8,12
"COG2845",0,0,0,3,0,0,0,0,1,0
"COG2846",0,4,2,1,0,5,8,9,15,6
"COG2848",18,56,21,27,9,30,20,46,25,44
"COG2849",20,1,26,9,38,5,6,0,20,2
"COG2850",0,6,0,0,3,0,0,0,4,1
"COG2851",10,2,8,1,5,3,10,14,4,2
"COG2852",2,2,3,3,1,4,5,11,4,1
"COG2853",0,7,1,0,2,2,0,0,8,9
"COG2854",0,1,0,0,1,0,2,0,2,10
"COG2855",36,27,33,41,42,39,55,52,27,26
"COG2856",26,22,21,26,12,47,8,15,11,29
"COG2859",8,20,6,11,15,28,12,10,19,5
"COG2860",16,21,24,17,24,8,14,11,26,12
"COG2861",0,10,0,3,0,1,6,0,4,0
"COG2862",0,5,0,0,3,1,1,0,3,6
"COG2863",0,0,0,0,0,0,0,0,0,0
"COG2864",2,9,1,0,2,0,1,1,1,13
"COG2865",113,223,125,114,99,220,63,156,103,117
"COG2866",14,6,12,28,14,15,18,4,3,0
"COG2867",0,4,0,0,0,0,0,0,3,0
"COG2868",3,2,8,8,6,7,5,9,4,24
"COG2869",14,8,17,6,19,15,9,13,17,4
"COG2870",3,28,2,5,8,2,11,15,12,30
"COG2871",30,16,26,23,21,34,19,10,21,7
"COG2872",17,8,10,15,5,6,14,16,12,10
"COG2873",102,113,110,87,81,94,91,105,80,95
"COG2875",24,6,22,28,28,5,10,6,5,4
"COG2876",36,31,44,48,50,42,54,49,37,25
"COG2877",20,33,24,21,30,5,15,15,36,12
"COG2878",16,17,15,29,19,13,30,29,24,19
"COG2879",0,1,2,0,0,0,0,0,4,0
"COG2882",1,2,1,0,0,0,1,0,0,0
"COG2884",37,38,42,36,40,54,39,35,29,44
"COG2885",48,119,42,52,69,46,46,33,52,7
"COG2887",0,10,14,0,0,1,0,8,1,0
"COG2890",39,45,32,50,33,54,39,45,46,44
"COG2891",0,9,0,0,1,0,0,0,5,9
"COG2893",9,31,21,3,13,2,3,6,9,13
"COG2894",12,16,10,18,9,10,9,18,9,29
"COG2895",38,7,39,25,21,21,18,20,28,26
"COG2896",15,17,17,6,9,6,11,9,10,15
"COG2897",0,17,4,1,0,0,2,2,10,8
"COG2898",1,8,2,1,2,0,1,11,0,38
"COG2900",0,1,0,0,1,0,0,0,1,0
"COG2901",0,7,0,0,1,0,1,1,5,3
"COG2904",0,8,1,1,1,0,0,0,7,4
"COG2906",0,2,0,0,0,0,0,0,1,0
"COG2907",0,0,0,0,1,0,0,0,0,0
"COG2908",29,25,19,19,34,13,33,17,46,11
"COG2909",11,14,8,20,4,13,4,2,28,25
"COG2910",11,0,3,2,2,2,4,3,1,1
"COG2911",3,41,7,2,7,1,4,16,25,85
"COG2912",0,5,0,0,0,0,0,1,3,0
"COG2913",0,7,1,0,0,1,1,0,1,4
"COG2914",1,0,0,0,0,0,0,0,2,0
"COG2915",0,3,1,0,0,0,0,0,3,0
"COG2916",0,5,0,0,0,0,0,0,14,2
"COG2917",0,1,0,0,2,1,1,0,9,7
"COG2918",3,12,1,1,0,6,10,8,7,1
"COG2919",0,5,1,0,0,0,0,4,5,4
"COG2920",0,5,0,0,0,0,1,0,0,0
"COG2921",1,3,0,0,0,0,1,0,2,3
"COG2922",0,6,1,0,0,0,1,0,5,0
"COG2923",0,6,0,0,0,1,0,0,2,0
"COG2924",0,1,0,0,0,1,0,1,1,5
"COG2925",0,9,2,0,1,2,1,1,12,9
"COG2926",0,5,0,0,0,1,1,0,2,1
"COG2927",0,5,1,0,0,0,0,0,4,4
"COG2928",0,2,0,0,2,0,0,0,0,0
"COG2929",0,0,1,2,1,4,2,1,0,1
"COG2931",12,0,8,5,7,14,6,0,3,23
"COG2932",5,19,6,11,7,3,0,2,5,7
"COG2933",0,3,0,0,1,1,0,1,12,1
"COG2935",0,0,0,0,0,0,4,0,0,0
"COG2936",15,1,6,22,38,4,35,2,13,6
"COG2937",0,15,0,0,3,0,4,1,19,2
"COG2938",0,3,0,0,0,0,0,0,2,0
"COG2939",0,7,1,0,0,0,0,1,0,0
"COG2942",52,57,36,35,44,22,31,19,36,10
"COG2943",0,16,0,2,2,0,3,0,16,0
"COG2944",0,7,0,0,1,2,0,1,4,2
"COG2945",0,0,0,0,0,0,0,0,0,4
"COG2946",19,18,26,11,5,14,8,11,2,19
"COG2947",0,0,0,0,0,0,0,0,0,0
"COG2948",0,0,0,0,0,0,0,0,9,1
"COG2949",1,1,1,2,0,5,2,2,1,0
"COG2951",0,5,1,0,1,1,2,3,4,4
"COG2954",16,30,22,18,27,28,23,27,15,30
"COG2956",1,10,0,0,0,2,1,2,7,2
"COG2957",37,22,26,23,33,64,27,13,24,16
"COG2958",0,0,0,1,0,0,0,2,0,0
"COG2959",0,0,0,0,1,1,0,0,9,1
"COG2960",0,2,0,0,1,0,0,0,2,2
"COG2961",10,3,2,1,5,1,0,0,10,0
"COG2962",0,3,2,3,1,1,4,7,2,3
"COG2963",13,77,19,18,21,12,7,2,5,24
"COG2964",3,7,7,17,6,3,7,21,10,8
"COG2965",0,1,0,0,1,0,0,0,4,8
"COG2966",46,55,38,46,46,23,14,19,14,12
"COG2967",0,0,0,0,0,0,0,1,2,0
"COG2968",1,8,1,4,4,8,3,7,10,6
"COG2969",0,7,2,0,0,0,2,1,3,8
"COG2971",1,1,2,5,0,5,2,8,0,0
"COG2972",245,91,201,150,103,345,153,196,100,338
"COG2973",0,0,0,0,0,0,0,0,1,0
"COG2974",1,4,1,0,2,1,0,1,4,3
"COG2975",0,1,0,0,0,0,0,0,1,1
"COG2976",0,3,0,0,0,0,0,0,6,5
"COG2977",0,1,0,0,0,0,0,0,4,0
"COG2978",13,7,29,15,19,7,21,3,32,3
"COG2979",0,6,0,0,0,1,0,1,1,1
"COG2980",0,1,0,0,1,1,0,0,3,0
"COG2981",0,1,1,1,0,1,1,0,5,0
"COG2982",0,25,4,0,1,0,3,0,16,1
"COG2983",0,1,0,0,1,0,0,0,3,2
"COG2984",21,5,32,33,19,30,35,24,23,21
"COG2985",36,36,46,45,85,145,190,114,140,34
"COG2986",40,2,38,47,64,20,45,5,29,18
"COG2987",37,1,27,33,63,29,60,7,28,10
"COG2988",0,3,0,0,0,0,0,0,3,1
"COG2989",5,23,14,0,4,1,5,7,1,0
"COG2990",0,11,1,1,3,3,3,8,15,10
"COG2991",0,0,0,0,0,0,0,0,1,0
"COG2992",0,7,0,0,0,0,2,1,2,1
"COG2994",0,0,0,0,0,0,1,0,0,0
"COG2995",0,17,1,0,1,0,1,2,13,4
"COG2996",28,26,28,25,56,44,41,39,31,52
"COG2998",0,0,0,0,0,0,1,0,0,0
"COG2999",0,6,0,0,0,0,0,1,0,1
"COG3001",0,4,2,0,0,0,0,5,4,0
"COG3004",20,20,15,18,38,3,8,1,8,5
"COG3005",5,8,6,2,5,5,9,3,10,4
"COG3006",0,9,0,0,2,1,0,0,3,0
"COG3007",1,1,0,5,1,4,0,0,0,0
"COG3008",1,23,1,0,6,2,0,0,16,4
"COG3009",0,11,0,0,0,0,1,0,2,0
"COG3010",4,8,6,3,7,7,7,4,11,4
"COG3012",0,3,0,0,0,0,2,1,3,0
"COG3013",0,5,0,0,0,1,0,0,8,0
"COG3014",0,0,0,0,2,0,0,0,0,0
"COG3015",4,25,5,9,17,8,17,9,10,3
"COG3016",1,9,7,8,2,3,15,0,3,4
"COG3017",0,1,0,0,1,1,0,1,1,2
"COG3019",0,0,0,0,0,0,0,0,0,0
"COG3021",35,50,24,18,46,27,22,27,22,6
"COG3022",15,28,19,12,27,31,13,47,37,27
"COG3023",54,72,36,41,43,9,51,33,27,7
"COG3024",0,0,0,0,0,0,0,0,0,2
"COG3025",1,7,0,1,2,3,3,0,7,0
"COG3026",0,12,0,0,2,0,0,0,1,0
"COG3027",0,4,2,3,3,1,2,1,1,2
"COG3028",0,7,0,0,0,1,3,0,6,4
"COG3029",1,3,0,0,1,0,1,0,6,0
"COG3030",0,5,0,0,0,0,0,0,1,1
"COG3031",0,7,0,0,0,0,0,0,6,0
"COG3033",12,13,20,15,18,7,20,0,7,3
"COG3034",1,1,0,0,4,0,0,0,8,1
"COG3036",0,1,0,0,0,0,0,0,5,1
"COG3037",3,29,5,5,5,2,4,4,16,8
"COG3038",0,7,0,0,0,0,0,0,1,0
"COG3039",74,4,20,6,15,29,339,6,3,5
"COG3040",4,4,1,1,1,2,9,1,10,1
"COG3041",30,12,13,9,3,14,10,7,3,2
"COG3042",0,4,0,0,0,0,1,0,2,0
"COG3043",0,3,0,0,0,0,0,0,3,5
"COG3044",10,8,15,5,5,19,6,6,7,12
"COG3045",0,6,0,0,2,1,1,0,2,6
"COG3047",0,2,0,0,0,0,0,0,7,0
"COG3048",1,11,3,1,4,2,4,9,22,0
"COG3049",38,10,37,62,51,51,42,44,51,57
"COG3050",0,2,0,0,0,0,0,0,0,0
"COG3051",8,7,6,5,5,21,6,6,7,13
"COG3052",3,4,2,2,1,8,1,3,2,3
"COG3053",5,7,2,1,0,23,7,14,8,9
"COG3054",0,6,1,0,0,0,0,0,4,0
"COG3055",14,25,5,14,24,16,14,3,23,4
"COG3056",0,4,0,0,1,0,1,0,6,1
"COG3057",0,5,0,0,0,0,0,0,6,0
"COG3058",0,3,0,1,0,0,3,0,9,6
"COG3059",10,5,8,10,15,3,20,2,10,0
"COG3060",0,3,0,0,1,0,0,0,1,0
"COG3061",0,1,0,0,0,1,0,0,4,2
"COG3062",0,1,1,0,0,0,1,1,0,0
"COG3063",0,0,0,0,0,1,0,0,0,0
"COG3064",0,5,1,0,0,0,1,1,4,3
"COG3065",0,3,3,0,0,0,0,0,5,1
"COG3066",0,6,1,0,0,1,0,0,6,0
"COG3067",0,8,0,0,2,2,0,0,8,1
"COG3068",1,12,0,0,0,0,0,0,1,3
"COG3069",1,16,8,2,10,2,19,14,22,47
"COG3070",12,7,7,6,0,9,4,4,6,2
"COG3071",0,11,0,0,1,2,0,0,6,0
"COG3072",0,17,0,0,3,1,2,1,14,1
"COG3073",0,5,0,0,0,0,0,2,5,0
"COG3074",0,2,0,0,0,0,0,0,0,0
"COG3075",1,5,3,4,20,6,6,0,6,0
"COG3076",0,1,0,0,0,1,0,2,0,0
"COG3077",15,14,7,11,8,12,5,2,9,17
"COG3078",0,4,0,0,0,0,0,0,0,0
"COG3079",0,4,0,0,0,0,0,1,7,0
"COG3080",0,2,0,0,0,0,0,0,2,0
"COG3081",1,11,0,1,0,0,0,1,6,1
"COG3082",0,2,0,0,0,0,0,0,2,0
"COG3083",1,10,1,2,8,3,4,1,11,24
"COG3084",0,2,0,0,0,0,1,0,5,0
"COG3085",0,6,0,0,1,0,0,0,4,1
"COG3086",0,2,1,0,0,0,1,0,3,2
"COG3087",0,8,1,0,0,0,0,0,1,1
"COG3088",0,11,1,0,1,0,2,2,5,12
"COG3089",0,1,0,0,0,0,0,2,3,0
"COG3090",21,13,11,14,16,15,10,20,20,33
"COG3091",0,1,1,0,0,0,0,4,3,10
"COG3092",0,4,0,0,1,0,0,0,5,1
"COG3093",9,17,9,4,1,19,6,0,0,28
"COG3094",0,4,0,0,1,0,1,0,2,0
"COG3095",0,5,1,0,1,1,0,1,2,3
"COG3096",0,18,0,0,2,0,2,0,11,3
"COG3097",0,4,0,0,1,1,0,0,1,0
"COG3098",0,0,0,0,0,0,0,0,0,0
"COG3099",0,2,0,0,1,0,0,1,1,0
"COG3100",0,3,1,0,0,0,0,0,4,0
"COG3101",0,6,0,0,3,0,0,0,4,0
"COG3102",0,3,0,0,1,0,0,0,2,0
"COG3103",12,7,18,12,9,22,0,5,12,14
"COG3104",44,72,44,40,63,52,57,39,91,29
"COG3105",0,2,0,0,0,0,0,0,4,0
"COG3106",0,2,0,0,0,0,1,0,8,0
"COG3107",0,9,0,0,0,2,0,1,11,1
"COG3108",0,2,0,0,1,0,1,0,0,0
"COG3109",0,3,0,0,0,0,1,0,5,0
"COG3110",0,9,0,0,1,0,0,0,0,0
"COG3111",0,2,0,0,0,1,1,0,5,9
"COG3112",0,1,1,0,2,0,0,0,2,1
"COG3113",0,7,0,0,0,0,0,0,1,1
"COG3114",0,0,0,0,0,0,0,0,0,0
"COG3115",0,0,0,0,0,0,0,0,4,0
"COG3116",0,3,0,0,0,1,0,1,1,0
"COG3117",0,7,1,0,3,0,0,0,5,1
"COG3118",0,1,5,0,1,0,0,2,1,0
"COG3119",618,126,408,320,558,181,479,112,369,60
"COG3120",0,4,1,0,0,2,0,0,0,1
"COG3121",1,48,3,0,3,2,2,0,37,11
"COG3122",0,5,1,0,0,0,0,0,5,0
"COG3123",0,1,0,0,0,0,0,0,3,0
"COG3124",0,2,1,4,1,0,3,0,3,0
"COG3125",0,2,0,0,0,0,0,0,1,1
"COG3126",0,3,0,0,0,0,0,0,2,0
"COG3127",0,3,0,0,0,1,1,0,9,1
"COG3128",0,4,1,0,0,0,0,0,2,1
"COG3129",6,4,5,2,5,0,7,0,4,0
"COG3130",0,1,0,0,1,0,0,0,0,0
"COG3131",2,14,2,0,1,3,1,0,16,1
"COG3132",0,6,1,0,0,0,0,0,0,0
"COG3133",0,3,0,1,0,0,0,0,3,0
"COG3134",0,3,0,0,0,0,1,1,3,1
"COG3135",0,3,0,0,1,0,2,0,7,0
"COG3136",0,1,1,0,0,0,0,0,0,0
"COG3137",0,1,0,0,0,0,0,1,8,0
"COG3138",0,4,0,0,1,0,0,0,11,0
"COG3139",0,2,0,0,0,0,0,0,0,0
"COG3140",0,0,1,0,1,0,0,0,1,0
"COG3141",0,2,2,0,0,0,0,0,1,0
"COG3142",19,22,17,12,16,28,21,8,19,16
"COG3143",1,3,0,0,0,0,1,0,0,0
"COG3144",0,4,2,5,1,4,1,5,1,1
"COG3145",0,0,0,0,0,0,0,0,2,0
"COG3147",0,5,0,0,0,0,0,0,3,0
"COG3148",0,1,0,0,1,0,0,0,4,0
"COG3149",0,0,0,0,0,0,0,0,2,0
"COG3150",2,9,0,0,14,4,3,1,7,5
"COG3151",0,7,0,0,1,0,0,0,3,1
"COG3152",7,41,7,4,7,0,0,9,5,7
"COG3153",8,7,2,3,2,3,10,2,22,3
"COG3154",0,11,1,0,0,0,0,0,6,0
"COG3155",0,1,0,1,1,0,0,0,3,0
"COG3156",0,10,0,0,1,0,1,0,1,1
"COG3157",0,17,0,0,0,0,2,1,15,2
"COG3158",0,13,7,1,3,26,2,38,15,1
"COG3159",0,4,1,0,0,0,0,0,4,1
"COG3160",0,10,0,0,0,0,0,1,3,1
"COG3161",0,5,0,0,0,0,1,0,5,0
"COG3162",0,4,0,0,0,0,0,0,2,0
"COG3164",2,25,2,0,1,1,2,6,29,26
"COG3165",0,7,0,0,3,0,0,0,7,0
"COG3166",0,3,0,2,0,0,1,1,0,0
"COG3169",6,1,5,16,13,16,10,6,9,1
"COG3171",0,2,0,0,0,1,0,0,4,1
"COG3172",0,7,1,0,1,0,0,0,8,0
"COG3173",3,0,3,2,0,3,0,0,0,0
"COG3174",29,0,19,12,37,4,26,0,11,1
"COG3176",36,62,35,41,74,61,43,43,84,5
"COG3177",67,76,64,92,81,82,100,76,64,56
"COG3178",27,36,13,21,32,24,25,29,21,11
"COG3179",1,0,0,0,3,0,0,1,0,0
"COG3180",1,4,1,1,3,3,3,0,4,0
"COG3181",11,12,19,8,5,3,9,16,8,5
"COG3182",20,1,6,10,24,8,26,3,31,4
"COG3183",0,10,0,0,8,8,10,0,7,1
"COG3185",0,0,0,0,0,0,0,0,8,0
"COG3187",15,7,15,15,31,18,17,1,26,3
"COG3188",1,125,5,0,6,1,7,3,118,9
"COG3189",12,9,3,8,15,0,9,8,5,1
"COG3190",0,1,0,0,0,0,0,0,0,0
"COG3191",6,4,8,5,3,3,9,23,8,10
"COG3192",0,5,1,2,2,0,2,1,4,3
"COG3193",1,4,3,1,2,0,0,7,6,7
"COG3194",0,2,0,0,0,0,2,0,0,0
"COG3195",0,0,0,0,0,0,0,0,4,0
"COG3196",5,1,2,0,1,1,4,2,0,1
"COG3199",0,0,0,1,0,0,0,0,0,0
"COG3201",15,14,21,22,19,13,14,22,10,20
"COG3203",0,40,3,0,4,1,6,8,43,108
"COG3204",0,8,0,0,0,0,0,0,0,1
"COG3206",45,81,21,28,64,69,47,45,29,11
"COG3208",0,0,1,0,1,2,1,0,7,1
"COG3209",123,354,97,93,143,41,180,50,118,33
"COG3210",8,13,6,1,13,3,2,9,6,14
"COG3211",0,0,0,0,0,0,0,0,0,0
"COG3212",0,2,1,3,2,0,2,17,0,1
"COG3213",0,0,0,0,0,0,0,0,0,0
"COG3214",0,8,0,0,0,0,0,0,5,0
"COG3216",0,0,0,0,0,0,0,0,0,0
"COG3217",0,4,0,0,0,1,0,0,2,1
"COG3218",0,0,0,0,0,0,0,0,0,0
"COG3219",0,0,0,0,0,0,0,0,0,0
"COG3220",0,0,0,0,0,0,0,1,0,0
"COG3221",1,1,0,2,1,2,1,23,13,14
"COG3222",0,0,0,0,1,0,2,0,0,6
"COG3223",0,11,0,0,0,0,1,0,1,3
"COG3224",0,0,0,0,0,0,0,0,2,0
"COG3225",28,8,35,29,18,34,25,9,16,14
"COG3226",0,2,0,0,0,0,1,0,4,1
"COG3227",0,0,0,0,1,0,0,0,0,0
"COG3228",0,3,0,0,1,0,0,0,5,0
"COG3231",1,0,0,0,1,2,0,0,0,1
"COG3232",0,7,1,0,1,0,0,0,3,0
"COG3234",0,9,0,0,1,0,0,0,0,2
"COG3236",1,3,3,3,3,5,6,1,6,0
"COG3237",0,3,0,0,1,0,0,0,6,0
"COG3238",3,2,3,5,2,1,0,7,5,12
"COG3239",0,0,0,0,0,0,0,0,2,0
"COG3242",0,1,0,0,0,0,0,0,0,0
"COG3246",2,2,9,11,9,1,4,1,3,0
"COG3247",0,5,0,2,1,0,0,2,4,3
"COG3248",0,11,1,0,2,0,1,1,3,0
"COG3250",1358,457,961,808,970,565,1144,397,868,285
"COG3251",0,2,0,0,2,0,0,0,0,0
"COG3252",0,0,0,0,0,0,0,0,0,0
"COG3253",0,0,0,0,0,0,0,0,0,3
"COG3254",12,4,3,9,4,2,8,1,14,10
"COG3256",0,1,0,0,1,1,0,0,0,2
"COG3257",0,2,0,3,0,1,3,0,0,0
"COG3259",0,0,0,0,0,0,0,0,0,0
"COG3260",3,3,5,5,4,2,2,1,5,1
"COG3261",2,13,4,2,4,4,4,2,9,0
"COG3262",0,2,0,0,0,0,0,0,7,0
"COG3263",22,16,44,18,55,14,36,15,26,2
"COG3264",0,33,0,0,7,1,7,1,22,14
"COG3265",0,10,2,0,2,0,0,4,3,0
"COG3266",0,3,0,0,1,0,1,0,5,0
"COG3267",3,1,1,1,2,1,1,0,1,5
"COG3268",4,0,0,0,1,0,0,0,0,0
"COG3270",8,16,6,9,6,17,7,14,14,18
"COG3271",0,0,0,0,0,0,0,0,0,0
"COG3272",0,15,0,0,1,0,1,0,4,0
"COG3274",52,20,37,51,62,34,50,20,35,7
"COG3275",86,99,82,66,147,60,92,44,111,8
"COG3276",1,13,2,8,0,3,3,18,12,10
"COG3279",211,89,154,162,166,254,132,120,127,159
"COG3283",0,19,0,0,4,0,1,0,5,1
"COG3284",1,12,1,3,2,0,0,0,24,0
"COG3287",2,1,0,1,1,4,1,2,0,24
"COG3288",0,21,2,0,0,2,0,4,10,0
"COG3290",8,27,12,15,4,5,12,0,24,1
"COG3291",16,3,19,7,10,75,7,0,7,2
"COG3292",1708,445,888,662,1008,264,952,389,952,86
"COG3293",8,0,6,7,47,13,4,3,40,3
"COG3294",1,0,3,4,0,3,0,2,1,1
"COG3296",0,0,1,0,1,0,1,0,0,0
"COG3297",0,5,0,0,1,0,0,0,3,0
"COG3299",2,4,7,3,6,10,9,2,3,10
"COG3301",0,4,0,1,3,2,0,1,1,23
"COG3302",0,11,2,0,0,0,0,0,0,0
"COG3303",27,15,20,12,11,5,16,4,18,16
"COG3304",5,10,7,7,22,3,8,7,12,12
"COG3306",2,0,0,0,2,2,2,5,2,11
"COG3307",4,25,2,7,4,4,4,12,7,6
"COG3309",0,0,0,0,1,0,3,5,4,0
"COG3311",0,5,0,0,0,0,0,0,0,0
"COG3312",0,4,0,0,2,0,0,0,6,2
"COG3313",0,3,1,0,0,0,0,0,1,0
"COG3314",15,11,17,36,6,28,12,12,2,20
"COG3315",18,4,11,16,9,8,7,7,7,20
"COG3316",1,3,0,0,0,0,1,0,0,4
"COG3317",1,2,1,0,2,0,1,0,5,6
"COG3318",0,5,1,0,2,0,0,0,3,3
"COG3319",0,9,1,0,0,3,4,0,48,1
"COG3320",1,0,22,6,1,0,2,1,4,0
"COG3321",0,0,0,0,0,3,3,1,37,2
"COG3323",16,6,13,15,28,3,9,5,19,23
"COG3324",1,0,1,1,1,1,6,1,4,0
"COG3325",24,0,19,26,32,10,38,0,14,5
"COG3326",5,11,8,6,1,27,2,6,3,4
"COG3327",0,6,0,0,0,0,0,0,2,0
"COG3328",69,165,77,56,59,38,57,293,20,187
"COG3330",0,0,0,0,0,3,0,0,0,0
"COG3331",7,7,3,7,2,10,8,9,5,26
"COG3333",20,10,28,10,10,7,20,23,9,15
"COG3335",5,0,11,16,3,17,11,0,12,37
"COG3338",0,0,0,0,0,0,0,0,0,1
"COG3339",1,2,0,0,2,1,1,3,0,3
"COG3340",13,34,23,37,24,23,6,4,6,9
"COG3341",29,15,20,12,29,23,20,24,18,33
"COG3343",0,0,0,0,0,0,0,7,0,11
"COG3344",222,230,180,213,415,352,123,160,347,129
"COG3345",106,96,107,67,81,59,90,140,82,91
"COG3347",0,0,3,4,0,0,1,0,0,0
"COG3350",0,0,0,0,0,1,0,0,0,1
"COG3359",8,4,4,12,4,9,8,2,3,10
"COG3366",0,0,0,0,0,1,0,0,2,0
"COG3369",8,0,3,1,1,0,2,0,0,0
"COG3376",0,0,0,0,0,0,0,0,2,0
"COG3378",34,14,40,43,40,43,40,31,29,8
"COG3379",4,0,1,1,0,0,0,0,0,0
"COG3381",0,17,0,0,2,0,0,0,9,12
"COG3382",14,14,5,20,14,11,10,16,21,6
"COG3383",3,11,9,4,3,4,6,5,7,9
"COG3384",0,3,0,0,1,0,0,5,8,0
"COG3385",147,238,227,81,62,816,40,287,101,19
"COG3386",19,2,5,11,13,4,26,7,32,0
"COG3387",9,0,8,16,8,11,7,3,6,2
"COG3391",40,29,48,9,9,16,21,7,22,2
"COG3392",1,2,10,11,3,3,6,13,4,8
"COG3393",0,0,6,0,1,1,5,0,0,0
"COG3394",2,0,3,0,1,2,9,13,4,10
"COG3395",19,19,15,7,8,3,15,6,16,12
"COG3396",0,7,0,0,0,3,0,0,6,0
"COG3397",4,0,0,0,0,0,0,0,0,0
"COG3401",6,0,8,9,2,0,0,0,0,0
"COG3402",2,0,2,3,10,4,1,0,3,0
"COG3404",15,3,25,32,33,28,35,14,16,13
"COG3405",8,36,2,8,19,15,6,11,18,11
"COG3407",0,1,1,0,0,0,0,10,0,4
"COG3408",73,56,43,69,75,83,65,71,50,16
"COG3409",20,15,14,26,4,16,20,5,10,19
"COG3410",4,1,3,2,0,5,0,19,4,19
"COG3411",7,0,4,1,1,1,1,1,1,0
"COG3412",0,6,0,0,2,0,0,5,7,14
"COG3414",3,8,2,0,4,0,3,0,14,7
"COG3415",0,0,0,0,0,0,0,0,0,0
"COG3416",0,0,0,0,0,0,0,0,1,0
"COG3417",0,6,1,0,0,0,0,0,4,0
"COG3418",0,1,0,0,0,0,1,0,0,0
"COG3420",0,0,0,0,0,1,0,1,1,8
"COG3421",0,1,9,0,0,1,0,0,1,45
"COG3422",0,3,1,0,0,0,0,0,0,0
"COG3423",0,5,1,0,0,0,0,0,5,0
"COG3425",0,0,0,0,0,0,0,10,0,16
"COG3426",21,1,26,33,34,32,40,4,27,1
"COG3428",1,0,1,2,6,9,0,0,2,0
"COG3429",0,2,2,0,0,0,0,3,0,0
"COG3433",0,9,0,0,1,1,2,0,26,2
"COG3434",0,1,0,1,0,0,0,0,3,0
"COG3436",100,182,70,118,177,272,283,294,182,88
"COG3437",181,58,102,96,145,55,63,35,43,11
"COG3439",6,0,1,1,3,0,3,2,3,0
"COG3440",3,3,5,0,1,5,1,3,5,4
"COG3442",1,13,12,9,0,6,1,11,1,13
"COG3443",1,2,1,3,1,1,0,2,0,0
"COG3444",2,18,6,1,2,5,10,32,23,66
"COG3445",0,4,0,0,0,1,1,0,3,0
"COG3447",0,13,0,0,0,0,0,1,0,0
"COG3448",0,0,0,0,0,0,1,0,3,0
"COG3449",37,8,16,25,18,5,17,6,41,1
"COG3450",0,0,0,0,1,0,1,0,3,0
"COG3451",238,186,356,488,332,341,404,130,249,99
"COG3452",12,9,8,14,2,8,4,16,4,35
"COG3454",0,6,0,1,0,0,1,0,6,0
"COG3455",0,0,0,0,0,1,0,0,1,0
"COG3456",0,0,0,0,1,0,0,0,0,0
"COG3457",0,8,3,12,0,0,1,1,1,1
"COG3458",30,21,21,16,20,9,38,27,15,4
"COG3459",53,58,19,104,13,61,52,40,19,42
"COG3460",0,2,0,0,0,0,0,0,1,0
"COG3463",9,0,2,4,0,2,1,4,2,0
"COG3464",63,67,59,146,336,117,222,91,61,75
"COG3467",21,20,14,26,23,18,31,16,18,18
"COG3468",29,57,18,53,32,4,7,4,7,37
"COG3469",10,0,0,0,0,0,7,0,0,0
"COG3470",0,2,1,0,0,0,0,3,0,4
"COG3471",0,0,0,0,0,0,0,0,0,0
"COG3472",3,0,7,5,1,5,4,12,4,0
"COG3473",1,0,0,1,0,0,0,0,0,0
"COG3475",56,53,43,25,30,41,37,82,23,194
"COG3476",3,0,3,10,8,2,0,0,2,0
"COG3477",0,3,0,0,0,0,0,1,0,1
"COG3478",0,0,0,1,0,1,0,0,1,0
"COG3479",0,0,0,0,1,0,0,0,4,0
"COG3480",0,6,3,0,0,0,0,3,0,5
"COG3481",16,15,19,22,12,5,11,12,7,10
"COG3484",0,0,0,0,0,0,0,0,2,0
"COG3485",0,0,0,0,0,0,0,0,6,0
"COG3486",0,0,0,0,0,0,0,0,1,0
"COG3487",8,0,12,11,10,11,10,1,12,1
"COG3488",10,33,17,6,27,18,13,4,30,1
"COG3491",0,0,0,0,1,0,0,0,10,0
"COG3493",3,3,0,3,4,0,7,16,27,2
"COG3494",2,7,2,1,3,0,2,9,3,4
"COG3496",0,0,0,0,0,0,0,0,3,0
"COG3497",36,10,5,4,8,5,6,10,10,2
"COG3498",1,9,0,4,4,1,0,3,3,1
"COG3499",0,6,3,0,0,0,0,0,4,0
"COG3500",11,10,1,6,13,2,3,0,4,3
"COG3501",6,16,15,1,19,8,79,10,45,2
"COG3503",3,0,12,4,0,8,4,1,0,0
"COG3504",0,1,0,1,0,1,0,0,5,1
"COG3505",205,144,289,272,197,300,218,113,253,73
"COG3506",9,3,6,1,8,1,0,3,7,0
"COG3507",379,189,177,155,260,140,295,177,315,88
"COG3509",0,14,2,4,1,1,0,11,2,0
"COG3512",6,1,1,7,10,6,7,0,7,13
"COG3513",39,12,35,60,22,32,69,10,60,96
"COG3514",0,0,0,0,0,0,0,0,0,0
"COG3515",0,5,0,0,0,0,0,2,8,0
"COG3516",1,3,0,1,0,1,0,0,5,0
"COG3517",0,1,1,0,1,1,0,0,11,2
"COG3518",0,0,0,0,0,0,0,0,1,0
"COG3519",0,4,1,1,0,1,1,0,6,3
"COG3520",0,0,0,0,1,0,0,0,8,0
"COG3521",0,0,0,0,1,0,0,0,4,0
"COG3522",0,0,1,0,2,1,0,0,14,1
"COG3523",1,2,1,0,1,1,0,0,29,0
"COG3524",0,0,0,0,1,0,0,0,0,0
"COG3525",374,139,286,278,492,191,321,66,210,39
"COG3526",0,0,0,0,0,0,0,0,1,0
"COG3527",0,0,0,0,0,1,0,12,3,0
"COG3528",0,0,0,0,0,0,0,0,0,0
"COG3529",0,0,0,0,0,0,0,0,1,0
"COG3530",0,1,0,0,1,0,0,0,0,0
"COG3533",308,146,135,105,111,56,251,111,226,43
"COG3534",151,194,89,77,79,35,93,99,97,20
"COG3535",1,1,0,0,2,0,0,4,2,4
"COG3536",0,0,0,0,1,0,0,0,3,5
"COG3537",505,128,374,290,410,229,366,106,435,48
"COG3538",45,23,45,36,49,24,50,8,17,13
"COG3539",2,56,3,0,9,1,4,1,47,9
"COG3541",4,10,1,1,0,1,0,15,1,5
"COG3542",1,0,0,1,1,0,0,1,0,0
"COG3543",0,0,2,1,0,5,4,3,1,0
"COG3544",0,1,0,0,2,0,1,0,0,0
"COG3545",0,0,0,0,0,3,0,0,0,0
"COG3546",21,4,11,22,9,9,3,8,10,14
"COG3547",92,145,123,87,209,172,76,80,118,73
"COG3548",0,0,0,0,1,0,0,13,0,0
"COG3549",0,0,1,0,0,0,0,0,0,4
"COG3550",102,118,67,144,148,80,126,58,80,84
"COG3552",0,0,0,0,0,0,0,0,0,0
"COG3555",0,0,0,0,0,0,0,0,3,0
"COG3557",0,0,0,0,0,3,1,0,1,12
"COG3558",0,0,0,0,0,0,0,0,3,0
"COG3560",18,2,16,12,27,6,18,12,4,7
"COG3561",2,6,2,1,4,9,2,3,4,6
"COG3562",1,0,0,3,0,0,0,0,0,0
"COG3563",0,0,0,0,0,0,1,0,0,3
"COG3566",0,0,2,0,5,4,1,0,0,0
"COG3567",0,0,0,0,14,5,1,0,0,0
"COG3568",75,8,93,66,96,42,61,22,54,40
"COG3570",3,0,1,0,0,0,0,0,4,0
"COG3572",2,8,2,2,4,2,0,6,1,1
"COG3575",0,0,0,0,0,0,0,0,0,8
"COG3576",0,3,0,0,0,0,0,7,2,0
"COG3579",51,49,41,51,60,44,59,89,38,50
"COG3580",69,111,61,90,26,83,55,110,45,159
"COG3581",56,88,71,73,19,60,44,90,28,140
"COG3583",9,5,28,15,7,19,12,10,1,5
"COG3584",9,10,23,22,5,11,9,19,6,28
"COG3585",0,0,0,0,0,0,0,1,0,4
"COG3586",3,15,21,2,4,0,5,0,7,4
"COG3587",32,38,29,60,42,13,92,70,30,83
"COG3588",0,0,0,0,0,1,0,0,0,0
"COG3589",1,7,3,0,2,0,0,22,1,1
"COG3590",37,134,38,32,71,55,49,120,41,28
"COG3591",5,5,2,0,0,1,1,6,6,0
"COG3592",1,3,0,0,0,0,1,0,3,0
"COG3593",5,25,21,16,17,26,7,25,14,21
"COG3594",51,16,44,48,45,36,24,6,39,3
"COG3595",0,0,0,3,0,3,0,0,0,0
"COG3596",1,12,1,1,0,4,1,0,0,1
"COG3597",0,2,0,2,0,0,0,0,0,0
"COG3598",0,0,6,3,1,0,0,4,0,36
"COG3599",11,2,6,10,0,12,8,20,0,19
"COG3600",1,6,2,3,10,8,3,6,0,0
"COG3601",12,14,16,16,7,15,14,25,6,27
"COG3602",5,0,3,1,0,0,0,0,0,0
"COG3603",0,0,0,1,0,1,0,0,3,0
"COG3604",5,26,13,21,32,21,46,3,31,3
"COG3605",0,5,0,0,2,0,0,1,11,1
"COG3608",8,0,15,15,5,13,4,3,6,35
"COG3609",0,0,0,0,1,0,0,0,0,0
"COG3610",11,11,20,14,13,11,9,20,14,27
"COG3611",0,4,2,0,0,0,0,18,2,20
"COG3613",0,1,0,0,0,2,1,17,1,21
"COG3615",0,0,0,0,1,0,0,0,5,0
"COG3616",1,0,0,3,0,0,5,0,8,9
"COG3617",20,34,4,25,12,39,6,16,7,19
"COG3618",0,0,0,0,0,0,0,0,0,0
"COG3619",13,11,30,17,6,15,9,10,7,25
"COG3621",0,0,0,0,0,0,1,0,15,0
"COG3622",2,9,2,0,1,0,4,2,2,2
"COG3623",1,13,0,1,1,0,0,0,0,2
"COG3624",0,1,0,0,2,0,1,0,0,1
"COG3625",0,5,1,0,0,1,1,0,1,0
"COG3626",0,4,0,1,2,2,1,0,3,1
"COG3627",0,1,1,1,0,0,3,0,8,0
"COG3628",3,4,0,0,1,1,0,1,0,0
"COG3629",3,0,0,0,0,2,4,0,0,3
"COG3630",0,0,0,0,0,0,0,0,1,0
"COG3633",10,26,13,8,14,8,14,25,21,23
"COG3634",10,3,7,11,11,14,56,6,25,5
"COG3635",17,20,34,24,38,14,34,25,18,5
"COG3636",0,2,0,0,0,0,0,0,0,0
"COG3637",0,6,2,0,0,0,1,0,5,2
"COG3638",1,8,1,6,1,2,2,7,7,11
"COG3639",2,7,5,12,5,5,4,24,8,22
"COG3640",6,0,10,11,1,5,3,4,8,16
"COG3641",3,7,12,13,1,8,13,29,12,33
"COG3643",6,0,3,4,11,12,27,3,6,2
"COG3645",24,40,12,24,16,46,4,21,8,17
"COG3646",3,6,0,3,17,1,0,0,2,4
"COG3647",0,0,0,0,0,0,1,1,0,0
"COG3649",9,10,5,11,9,6,4,13,4,4
"COG3650",2,1,0,1,0,0,0,0,0,0
"COG3653",2,2,6,7,2,2,5,2,13,1
"COG3654",5,1,1,6,5,12,2,2,16,9
"COG3655",2,2,12,13,11,12,8,7,9,2
"COG3657",0,0,0,0,0,1,0,0,0,0
"COG3659",0,0,0,0,0,0,0,0,10,0
"COG3660",0,0,0,4,0,0,0,0,0,0
"COG3661",27,41,33,13,20,4,22,26,22,0
"COG3662",0,0,0,0,0,0,0,0,5,0
"COG3663",21,26,13,18,20,37,18,19,15,8
"COG3664",4,0,21,12,5,3,3,0,4,4
"COG3665",0,0,0,0,0,0,0,0,0,0
"COG3666",52,95,94,54,163,74,122,550,166,27
"COG3667",0,0,0,0,0,1,0,0,1,0
"COG3668",0,0,2,0,1,0,0,0,0,0
"COG3669",234,79,217,190,272,170,208,40,186,46
"COG3671",0,0,0,0,0,0,0,0,0,3
"COG3672",0,0,0,0,1,0,0,0,0,0
"COG3675",0,7,0,0,4,0,0,0,0,0
"COG3676",7,0,10,3,7,0,6,3,2,3
"COG3677",22,6,1,1,20,15,6,2,6,3
"COG3678",0,15,0,0,0,0,0,0,19,1
"COG3679",0,0,0,0,0,0,0,5,0,6
"COG3680",1,0,0,0,7,0,0,0,11,0
"COG3681",35,48,39,43,58,52,54,43,50,22
"COG3682",20,3,20,30,13,25,7,11,8,18
"COG3683",0,0,0,0,0,1,0,0,5,1
"COG3684",1,8,2,0,1,0,0,0,0,16
"COG3685",0,5,0,1,2,0,0,0,10,0
"COG3688",32,15,31,32,5,32,28,34,15,48
"COG3689",2,2,6,4,6,5,4,3,5,14
"COG3691",0,7,0,0,1,0,0,0,3,0
"COG3692",0,6,0,0,0,0,0,0,0,0
"COG3693",17,27,18,35,21,11,12,14,25,2
"COG3694",0,2,2,4,1,4,0,0,0,0
"COG3695",6,1,7,5,22,6,8,3,9,3
"COG3696",165,51,91,53,177,67,95,56,107,7
"COG3697",9,4,4,2,4,12,3,8,5,11
"COG3698",0,9,0,0,0,0,0,0,0,0
"COG3700",0,8,0,0,0,0,0,0,2,0
"COG3701",0,2,0,0,1,0,0,0,1,0
"COG3703",0,5,0,0,0,0,0,1,3,0
"COG3704",0,0,0,0,0,1,0,0,0,0
"COG3705",11,9,18,13,7,9,9,25,8,53
"COG3706",644,224,297,208,306,139,340,129,418,65
"COG3707",7,11,9,9,4,7,4,10,0,5
"COG3708",0,2,6,5,1,2,1,0,2,22
"COG3709",0,4,0,0,0,0,1,0,1,1
"COG3710",0,20,2,0,0,1,1,0,16,5
"COG3711",38,72,54,17,26,23,36,69,51,39
"COG3712",404,74,322,238,371,93,328,89,300,45
"COG3713",0,8,2,0,0,0,1,0,14,4
"COG3714",0,8,1,0,1,1,0,0,3,2
"COG3715",18,56,30,3,14,9,17,31,22,53
"COG3716",15,64,33,5,7,8,16,29,33,86
"COG3717",22,5,7,6,12,24,32,20,28,14
"COG3718",3,19,7,4,7,1,2,1,4,13
"COG3719",0,14,0,0,1,0,0,0,3,1
"COG3720",0,0,0,0,0,0,0,0,9,1
"COG3721",0,0,0,0,1,0,0,0,1,6
"COG3722",0,8,0,0,0,0,0,0,3,1
"COG3723",0,0,16,6,5,3,5,3,2,4
"COG3724",0,6,0,0,0,0,1,0,8,0
"COG3725",0,2,0,0,2,0,0,0,0,0
"COG3726",0,3,0,0,0,2,0,0,1,0
"COG3727",11,10,9,11,7,24,7,12,8,10
"COG3728",0,3,6,4,4,1,3,1,0,17
"COG3729",0,3,1,0,0,0,0,0,4,1
"COG3730",0,9,0,1,0,0,1,0,10,0
"COG3731",1,7,1,0,1,0,3,0,4,16
"COG3732",0,12,0,0,2,0,0,0,2,0
"COG3733",0,20,0,0,2,0,0,0,2,0
"COG3734",0,4,0,0,3,0,1,2,19,7
"COG3735",9,10,7,6,8,3,18,1,10,2
"COG3736",0,0,0,0,0,0,0,0,1,0
"COG3738",3,2,3,1,1,4,6,5,2,5
"COG3740",3,3,4,6,4,4,1,18,3,10
"COG3741",0,0,0,0,0,0,0,1,0,0
"COG3744",2,0,0,1,0,0,0,0,1,2
"COG3745",0,0,0,0,0,1,4,1,0,0
"COG3746",15,0,14,21,20,11,28,3,6,4
"COG3747",1,2,2,2,4,1,0,2,3,0
"COG3753",0,2,0,0,1,0,1,0,0,0
"COG3754",56,6,22,26,33,10,35,8,7,5
"COG3755",0,1,1,0,1,0,0,0,2,0
"COG3756",0,0,0,0,0,0,0,0,0,0
"COG3757",31,61,36,51,25,66,36,107,21,82
"COG3758",0,2,0,3,1,0,0,0,2,1
"COG3759",0,0,0,0,0,0,0,3,1,0
"COG3760",7,3,19,16,8,28,10,16,8,29
"COG3762",0,0,0,0,0,0,0,0,1,1
"COG3763",0,0,0,0,0,1,0,4,0,3
"COG3764",7,27,32,33,7,27,13,27,9,35
"COG3765",0,18,0,0,1,0,1,0,6,1
"COG3766",0,1,0,0,0,0,0,0,1,1
"COG3767",0,0,0,0,0,0,0,0,0,0
"COG3768",0,5,0,0,0,0,1,0,7,0
"COG3769",0,0,0,0,0,0,0,0,0,0
"COG3770",0,5,0,0,3,0,0,0,1,1
"COG3771",0,2,0,0,0,0,0,0,2,0
"COG3772",0,7,5,2,2,0,1,0,4,3
"COG3773",19,7,10,23,10,31,4,7,4,32
"COG3774",34,19,10,18,37,22,20,27,16,25
"COG3775",27,31,16,25,42,12,33,28,60,30
"COG3776",0,1,0,0,0,0,0,0,3,1
"COG3778",0,0,0,1,0,0,2,1,0,5
"COG3779",0,1,0,0,0,0,0,0,0,0
"COG3781",0,6,0,0,1,0,0,0,1,0
"COG3783",0,5,0,0,1,0,0,0,2,0
"COG3784",0,2,0,0,2,0,0,0,3,1
"COG3785",0,3,0,0,0,0,0,0,2,1
"COG3786",0,0,1,4,1,3,2,1,0,5
"COG3787",0,6,1,0,2,0,2,0,4,0
"COG3788",0,8,1,0,1,1,0,0,5,1
"COG3789",0,4,0,0,0,0,2,1,0,0
"COG3790",0,3,1,0,0,0,0,0,3,0
"COG3791",0,0,0,0,0,0,0,0,4,0
"COG3793",0,0,0,0,0,0,0,0,10,0
"COG3794",0,0,0,0,0,0,0,0,0,0
"COG3797",0,0,1,0,0,0,1,1,0,1
"COG3799",0,0,1,3,0,0,0,0,2,2
"COG3804",1,0,2,14,0,4,0,1,0,6
"COG3808",69,26,58,45,75,43,47,23,53,48
"COG3811",0,0,0,0,0,0,0,0,2,0
"COG3815",0,0,1,1,0,0,0,0,0,1
"COG3817",1,4,1,0,0,0,0,3,2,4
"COG3819",1,1,1,1,3,0,0,1,8,11
"COG3822",9,0,12,11,2,0,1,4,0,1
"COG3823",0,0,2,5,0,0,4,0,1,0
"COG3824",0,1,0,0,0,0,0,1,0,0
"COG3825",0,0,2,2,0,2,3,0,0,0
"COG3828",0,0,0,0,0,0,0,0,0,0
"COG3829",30,27,26,34,9,2,9,12,6,9
"COG3830",24,15,31,31,43,26,31,20,23,19
"COG3831",6,20,1,1,0,0,3,1,6,2
"COG3832",0,0,0,0,0,0,0,0,5,0
"COG3833",6,11,7,10,4,24,2,19,14,35
"COG3835",6,9,8,2,4,0,4,13,17,37
"COG3836",0,10,2,9,3,0,1,4,11,1
"COG3837",0,0,0,0,1,0,0,0,6,0
"COG3839",22,32,58,31,23,34,38,41,70,77
"COG3840",0,3,0,0,0,0,0,0,7,0
"COG3842",17,16,21,24,16,50,51,82,88,88
"COG3843",61,30,127,112,47,104,41,55,41,46
"COG3845",25,4,43,47,20,23,24,10,11,48
"COG3846",1,4,0,0,1,0,0,1,0,0
"COG3848",15,9,7,12,3,4,11,23,5,38
"COG3850",0,16,4,0,3,0,2,1,3,11
"COG3851",1,5,0,2,3,1,0,1,12,0
"COG3852",0,6,0,0,4,2,1,0,8,11
"COG3853",9,9,13,8,5,10,10,18,4,5
"COG3854",18,5,18,18,8,29,14,13,5,31
"COG3855",58,56,66,55,72,95,69,67,42,31
"COG3856",1,2,2,1,1,4,0,2,1,7
"COG3857",36,29,58,92,26,57,51,77,17,185
"COG3858",22,12,11,24,6,23,17,22,12,47
"COG3859",6,1,12,11,1,8,6,13,3,20
"COG3860",0,0,1,0,0,0,0,0,0,0
"COG3862",4,4,5,12,6,5,3,6,0,5
"COG3863",0,0,0,0,0,0,0,0,1,0
"COG3864",0,1,2,0,1,3,1,14,0,8
"COG3866",18,26,0,8,3,4,3,13,2,27
"COG3867",26,31,22,18,24,39,5,11,6,12
"COG3868",1,0,0,1,0,1,0,0,0,0
"COG3869",3,6,15,8,3,11,2,4,1,35
"COG3870",1,2,6,4,3,3,2,5,0,9
"COG3871",13,0,7,13,11,1,6,0,3,0
"COG3872",17,4,30,27,10,21,20,18,7,45
"COG3874",1,0,5,6,1,3,4,10,2,1
"COG3875",7,6,11,10,10,6,11,38,4,19
"COG3876",27,0,34,18,48,18,23,3,26,4
"COG3877",1,0,2,2,4,0,0,0,0,0
"COG3878",0,1,2,1,0,1,0,1,1,0
"COG3879",0,26,2,10,3,10,0,7,0,4
"COG3880",2,2,6,5,4,9,2,4,0,10
"COG3881",0,2,0,0,0,0,0,0,0,0
"COG3882",16,0,4,4,4,9,8,0,2,1
"COG3883",1,2,14,16,0,9,0,3,1,15
"COG3884",24,32,32,33,28,39,36,43,30,31
"COG3885",0,0,0,1,0,0,1,7,0,0
"COG3886",21,44,13,12,10,9,12,68,10,30
"COG3887",30,29,46,59,17,58,36,59,18,58
"COG3892",0,0,0,0,1,1,0,0,6,1
"COG3893",1,1,3,5,1,1,2,1,0,1
"COG3894",7,6,12,12,3,9,9,9,10,11
"COG3895",0,1,0,0,1,0,0,0,2,0
"COG3896",0,0,0,0,0,0,0,0,0,0
"COG3899",0,0,4,1,0,0,0,0,1,1
"COG3901",0,0,1,0,1,0,0,0,0,7
"COG3903",0,0,0,0,0,0,0,0,0,0
"COG3906",0,0,0,0,0,0,0,8,0,5
"COG3907",0,0,0,0,0,0,2,2,0,0
"COG3910",8,5,14,5,2,42,8,15,7,0
"COG3911",0,0,1,0,1,0,0,0,0,0
"COG3915",0,0,0,0,0,1,0,0,2,0
"COG3919",14,3,12,14,10,6,13,19,3,0
"COG3920",3,15,3,2,4,0,0,14,4,4
"COG3921",0,0,0,0,0,0,0,0,1,0
"COG3923",0,3,0,0,1,0,0,0,2,0
"COG3924",0,2,0,0,1,1,0,0,1,0
"COG3925",0,10,0,0,0,1,0,0,2,2
"COG3926",2,0,3,0,3,1,1,0,0,2
"COG3933",4,54,7,4,18,2,5,3,26,42
"COG3934",0,0,1,2,0,3,0,1,0,0
"COG3935",12,16,19,28,4,20,11,19,8,34
"COG3936",5,0,6,0,2,6,0,1,1,0
"COG3937",0,0,3,1,0,1,1,0,1,1
"COG3938",1,4,2,1,1,0,0,10,3,1
"COG3940",45,19,28,11,24,10,32,9,18,10
"COG3941",0,0,0,3,0,1,0,5,2,0
"COG3942",0,12,4,1,0,3,1,7,2,0
"COG3943",105,76,69,152,93,94,91,71,69,47
"COG3944",16,20,32,25,8,23,12,21,19,45
"COG3945",0,2,0,0,0,0,0,2,0,0
"COG3947",5,1,2,3,1,1,3,0,0,0
"COG3948",4,8,3,3,5,6,1,5,8,1
"COG3949",1,3,3,8,6,13,6,0,3,3
"COG3950",36,4,30,28,39,14,46,38,57,35
"COG3951",1,6,7,0,0,0,0,0,0,0
"COG3952",0,0,1,0,9,0,1,0,1,2
"COG3953",0,7,0,0,0,0,0,13,0,0
"COG3954",1,9,0,0,1,0,0,0,8,0
"COG3955",1,0,0,3,0,5,4,0,1,0
"COG3956",16,21,19,23,16,16,11,17,16,2
"COG3957",12,14,10,19,4,9,3,14,0,14
"COG3958",31,12,53,42,19,31,36,38,28,17
"COG3959",22,17,50,45,15,21,36,32,26,23
"COG3960",0,4,0,0,0,0,0,0,0,1
"COG3961",0,0,0,0,0,0,0,0,0,0
"COG3962",2,4,14,2,6,8,5,0,11,0
"COG3963",0,0,0,0,0,0,0,0,0,0
"COG3964",1,0,1,3,10,2,1,9,4,0
"COG3965",0,2,4,5,1,0,5,0,0,10
"COG3966",0,0,2,0,0,0,1,21,1,22
"COG3967",0,0,0,0,0,0,0,0,3,0
"COG3968",96,104,125,129,145,102,137,78,92,78
"COG3969",42,6,17,40,35,19,39,9,51,10
"COG3971",1,19,1,0,1,0,2,5,10,0
"COG3972",1,1,2,1,0,0,0,4,2,0
"COG3973",18,19,37,25,31,26,16,49,14,99
"COG3975",0,0,1,0,0,0,0,0,3,11
"COG3976",4,2,5,1,2,5,7,0,3,41
"COG3977",0,12,0,0,0,0,0,0,6,1
"COG3978",0,2,0,0,0,0,0,0,2,2
"COG3979",0,0,0,0,1,0,0,1,1,0
"COG3980",4,3,4,10,4,16,4,2,2,0
"COG3981",8,7,3,4,3,3,5,7,3,7
"COG4001",55,29,57,48,46,52,52,59,23,55
"COG4012",1,0,0,0,0,0,0,0,0,0
"COG4021",0,3,0,0,0,0,0,0,1,0
"COG4032",3,0,1,1,1,4,3,0,1,0
"COG4034",0,0,0,1,1,0,0,0,0,0
"COG4043",0,0,0,0,0,2,0,0,0,3
"COG4085",0,0,0,1,0,1,1,0,0,0
"COG4086",9,6,7,3,2,1,1,9,2,2
"COG4087",0,2,2,1,0,0,0,1,1,1
"COG4091",1,7,3,0,1,0,1,0,0,0
"COG4095",0,0,0,0,0,0,0,0,0,0
"COG4096",64,97,22,52,51,116,63,41,38,17
"COG4097",0,1,0,0,1,0,0,0,1,14
"COG4098",0,2,0,0,0,0,0,12,0,16
"COG4099",11,6,7,10,8,25,8,18,17,8
"COG4100",24,12,26,28,11,30,18,36,9,38
"COG4104",2,0,0,0,1,1,1,1,1,0
"COG4105",0,5,1,0,2,0,1,2,8,1
"COG4106",0,5,0,0,0,1,1,1,2,1
"COG4107",0,2,1,0,1,2,2,0,2,0
"COG4108",59,52,55,52,41,63,51,69,46,84
"COG4109",0,0,1,0,0,0,0,0,0,0
"COG4110",0,20,0,2,0,11,1,0,5,0
"COG4112",0,0,0,0,0,0,0,0,0,0
"COG4114",0,2,0,0,1,0,0,0,5,0
"COG4115",7,5,11,16,4,8,29,4,21,2
"COG4116",0,5,1,1,0,0,1,5,0,0
"COG4117",0,4,0,0,1,0,0,0,0,1
"COG4120",36,11,43,21,15,35,37,45,13,27
"COG4121",14,10,10,14,29,1,2,1,9,1
"COG4122",29,22,20,25,34,38,21,18,31,10
"COG4123",25,28,34,44,35,46,29,30,25,27
"COG4124",21,37,11,14,9,12,14,52,6,0
"COG4125",0,0,0,0,0,0,0,0,1,1
"COG4126",0,0,0,4,0,1,0,0,3,0
"COG4127",0,1,0,0,0,1,1,2,0,13
"COG4128",0,0,0,0,0,0,0,0,0,0
"COG4129",0,6,1,1,1,4,0,3,2,3
"COG4130",0,0,0,0,0,0,0,0,4,0
"COG4132",0,0,3,1,0,1,0,4,3,2
"COG4133",0,2,0,0,0,0,0,2,5,8
"COG4134",0,8,2,1,1,0,1,1,8,2
"COG4135",0,13,0,0,0,0,1,0,1,2
"COG4136",1,6,0,0,0,0,1,0,7,0
"COG4137",0,7,0,0,0,0,0,1,4,2
"COG4138",0,6,0,0,0,0,0,0,2,0
"COG4139",1,5,0,0,0,0,0,0,4,0
"COG4143",0,2,0,0,1,0,0,0,7,0
"COG4145",1,18,6,6,8,1,11,0,9,5
"COG4146",56,38,24,32,51,19,64,13,49,9
"COG4147",0,6,1,0,0,0,1,0,7,0
"COG4148",0,7,2,0,2,1,3,0,2,13
"COG4149",7,16,12,3,3,3,6,8,7,5
"COG4150",0,3,0,0,0,0,0,0,5,0
"COG4152",9,0,11,23,15,6,4,19,14,36
"COG4154",1,5,4,3,3,2,3,3,3,2
"COG4158",6,2,3,2,2,4,2,2,2,0
"COG4160",0,10,0,0,3,1,0,2,6,2
"COG4161",0,2,1,0,2,0,1,0,6,0
"COG4166",57,71,66,25,23,48,61,113,53,245
"COG4167",1,3,1,0,0,0,0,0,3,0
"COG4168",0,5,1,0,0,0,1,0,2,0
"COG4170",0,3,1,0,1,0,0,0,4,1
"COG4171",0,2,1,0,0,0,1,0,0,0
"COG4172",3,15,4,3,5,6,0,3,5,7
"COG4174",0,9,0,2,0,1,1,0,3,0
"COG4175",14,6,9,13,36,5,18,9,13,6
"COG4176",20,6,12,10,30,5,13,2,12,1
"COG4177",20,19,21,27,23,16,29,13,33,20
"COG4178",1,17,0,2,12,1,5,0,2,5
"COG4181",0,11,1,0,0,1,0,1,1,0
"COG4185",1,2,3,10,7,16,6,15,9,6
"COG4186",11,1,6,11,26,10,5,1,1,19
"COG4187",0,0,4,1,2,0,1,14,0,27
"COG4188",0,0,0,1,0,0,0,0,13,0
"COG4189",4,3,1,1,2,4,1,1,0,0
"COG4191",2,0,3,2,3,7,11,0,17,0
"COG4192",0,0,0,0,0,0,0,0,4,0
"COG4193",7,6,15,16,1,16,3,2,3,1
"COG4194",0,0,1,0,0,0,0,0,0,0
"COG4197",0,0,0,0,0,0,0,0,0,0
"COG4198",39,25,35,43,41,47,34,14,33,9
"COG4199",2,1,0,0,0,0,0,8,0,36
"COG4200",2,0,0,2,0,1,0,0,1,0
"COG4206",187,163,188,161,228,104,231,105,204,31
"COG4208",2,3,10,6,2,1,3,13,8,11
"COG4209",49,16,24,26,11,64,30,29,21,89
"COG4211",19,8,6,14,5,18,13,6,17,12
"COG4213",2,6,13,8,3,1,3,6,8,1
"COG4214",2,10,7,1,1,2,3,4,8,3
"COG4215",0,6,0,0,0,1,0,0,11,2
"COG4219",24,12,40,56,17,46,11,5,18,53
"COG4220",0,3,0,0,0,0,0,0,0,0
"COG4221",14,27,16,14,27,22,25,6,27,8
"COG4222",0,18,0,0,1,1,0,20,0,0
"COG4224",4,0,3,8,0,8,3,3,2,22
"COG4225",210,10,120,106,126,45,135,9,136,48
"COG4226",2,0,2,0,0,4,1,10,4,2
"COG4227",23,290,19,21,43,18,42,1,28,3
"COG4228",1,0,0,0,0,0,1,0,0,17
"COG4229",0,0,0,0,1,0,0,0,1,0
"COG4230",0,4,1,0,1,0,0,0,6,2
"COG4231",52,0,54,55,37,14,69,19,39,34
"COG4232",26,27,32,25,38,53,43,21,45,8
"COG4233",0,0,0,0,0,0,0,0,3,7
"COG4235",0,18,0,0,0,1,3,2,5,21
"COG4237",0,4,2,4,1,1,1,1,1,0
"COG4238",0,3,0,0,2,0,0,0,1,1
"COG4239",0,9,0,1,1,0,0,1,5,0
"COG4241",0,1,1,2,1,0,0,9,1,0
"COG4242",0,0,0,0,0,0,0,1,1,0
"COG4243",0,2,2,0,0,0,0,2,0,0
"COG4245",1,44,0,6,0,28,0,0,25,0
"COG4248",2,11,0,3,0,2,0,0,0,0
"COG4249",32,1,8,3,1,47,0,0,1,0
"COG4251",0,0,0,0,0,0,0,0,0,0
"COG4252",0,0,0,0,0,1,0,0,0,0
"COG4253",0,0,0,0,0,0,0,0,3,0
"COG4256",0,1,0,0,0,0,0,0,1,0
"COG4258",0,0,0,0,1,0,2,1,3,17
"COG4260",11,19,18,17,6,24,16,35,8,42
"COG4261",5,0,8,5,3,3,23,2,5,15
"COG4262",0,0,1,0,0,0,1,0,0,0
"COG4263",0,0,0,0,0,0,0,0,2,0
"COG4264",0,0,0,0,0,2,0,0,0,2
"COG4267",14,12,7,2,0,11,2,2,3,5
"COG4268",17,22,14,6,5,36,1,25,1,0
"COG4269",0,6,1,0,0,0,0,1,0,1
"COG4271",0,0,6,4,5,1,1,2,0,0
"COG4277",36,3,46,32,37,6,12,3,8,12
"COG4279",0,1,0,0,0,0,0,2,3,32
"COG4282",0,0,0,0,0,0,0,0,0,0
"COG4283",4,1,5,8,5,11,3,2,7,29
"COG4284",11,7,6,38,3,35,6,17,3,15
"COG4286",9,6,4,7,2,7,6,6,1,4
"COG4288",0,0,0,0,0,0,0,0,0,4
"COG4289",64,3,34,23,51,4,24,1,6,0
"COG4290",0,0,0,0,0,0,1,1,0,0
"COG4292",0,0,4,0,1,0,1,5,8,0
"COG4294",0,0,0,0,0,2,0,0,0,0
"COG4295",4,2,10,1,6,4,0,13,2,42
"COG4296",0,1,7,3,3,2,6,4,1,1
"COG4299",79,12,38,55,74,18,61,9,27,7
"COG4300",1,0,0,0,1,0,0,8,0,1
"COG4302",1,6,4,4,2,0,2,0,7,1
"COG4303",3,8,3,3,3,0,2,0,9,1
"COG4310",0,0,0,0,4,6,0,0,7,0
"COG4314",0,0,0,0,0,1,0,0,3,7
"COG4316",0,0,0,0,0,0,0,0,0,0
"COG4319",0,0,0,0,1,0,0,0,1,0
"COG4320",0,2,1,0,0,0,0,13,1,0
"COG4325",1,0,0,2,0,0,1,0,0,0
"COG4330",0,0,0,0,0,0,0,1,0,9
"COG4332",5,0,3,0,3,1,2,0,0,0
"COG4333",0,0,7,3,0,1,5,4,2,0
"COG4335",2,0,5,0,1,0,2,0,2,1
"COG4336",2,0,4,1,5,1,0,1,0,0
"COG4354",19,0,21,42,64,14,27,0,8,1
"COG4357",0,0,0,0,0,1,0,0,0,0
"COG4359",0,0,0,0,0,0,1,0,0,0
"COG4372",1,6,0,0,1,0,1,5,1,5
"COG4373",0,0,0,0,0,0,1,0,0,0
"COG4377",10,1,1,1,1,10,4,9,1,16
"COG4379",0,0,0,0,0,0,0,2,2,17
"COG4380",0,0,0,0,0,0,0,0,7,0
"COG4381",0,0,0,0,0,0,0,0,0,3
"COG4382",0,0,0,0,0,0,0,0,0,0
"COG4383",7,0,6,7,0,0,8,0,1,0
"COG4384",0,0,0,0,0,0,0,2,0,4
"COG4385",2,9,0,3,4,1,1,0,7,2
"COG4386",1,0,1,1,1,0,1,0,0,9
"COG4387",0,0,0,1,0,0,0,0,0,0
"COG4388",0,0,1,0,0,2,0,0,0,0
"COG4389",0,0,0,0,0,0,1,0,0,0
"COG4390",0,0,0,0,0,0,0,0,0,0
"COG4392",1,0,0,0,0,0,0,0,0,6
"COG4393",0,5,4,0,0,1,0,4,0,0
"COG4394",0,0,0,0,0,0,0,1,2,3
"COG4395",0,0,0,0,0,1,2,0,1,7
"COG4396",0,0,2,3,0,0,0,0,0,0
"COG4397",0,0,1,0,1,0,0,0,1,0
"COG4399",0,0,0,0,0,0,0,0,0,1
"COG4401",1,2,0,0,1,0,0,0,0,0
"COG4403",2,35,11,2,11,0,0,1,1,0
"COG4405",3,0,1,0,0,2,0,7,1,0
"COG4408",0,0,0,0,0,0,0,0,0,0
"COG4409",33,11,37,39,54,60,34,16,30,18
"COG4412",15,32,18,2,3,72,8,17,0,0
"COG4413",12,0,4,7,10,2,6,0,1,0
"COG4420",0,0,0,3,0,1,0,0,1,0
"COG4421",1,0,0,0,1,0,1,0,0,0
"COG4422",45,26,53,52,54,26,96,23,26,7
"COG4430",8,1,3,6,2,2,4,3,10,6
"COG4443",3,1,3,2,1,2,1,7,0,18
"COG4445",0,0,0,0,0,0,0,0,4,0
"COG4448",0,6,2,2,1,3,2,0,0,0
"COG4452",10,13,8,0,4,1,6,0,11,2
"COG4453",0,0,0,0,1,0,0,0,3,1
"COG4456",1,0,0,1,0,0,1,0,0,0
"COG4457",0,0,0,1,5,1,0,0,2,0
"COG4458",2,1,0,1,1,1,3,0,0,3
"COG4460",0,0,0,0,0,0,0,0,6,0
"COG4463",2,2,9,4,2,8,0,3,1,18
"COG4464",34,19,26,48,32,25,19,22,23,42
"COG4465",5,13,6,4,4,7,6,11,4,26
"COG4466",0,0,0,4,0,1,0,2,0,5
"COG4467",0,0,0,0,0,0,0,2,0,5
"COG4468",24,19,38,20,12,26,19,32,11,60
"COG4469",1,0,0,0,0,0,0,13,0,16
"COG4470",1,0,0,0,0,3,0,10,0,12
"COG4471",0,0,0,0,0,0,0,2,0,12
"COG4472",7,4,11,8,3,14,8,18,4,12
"COG4473",0,0,0,0,0,0,0,26,0,8
"COG4474",6,2,3,5,13,14,6,9,6,14
"COG4475",10,2,14,3,3,10,8,10,1,26
"COG4476",0,0,0,0,0,0,1,2,1,4
"COG4477",0,5,0,1,0,5,0,21,2,25
"COG4478",1,0,2,0,0,1,0,12,0,14
"COG4479",0,0,0,0,0,0,0,4,0,4
"COG4481",6,5,10,3,2,8,3,4,1,15
"COG4483",0,0,0,0,0,0,0,3,0,3
"COG4485",57,20,85,49,19,56,28,69,16,266
"COG4487",1,31,0,0,0,2,1,0,5,0
"COG4492",9,3,8,12,8,10,3,14,7,21
"COG4495",0,0,0,0,0,1,2,1,0,8
"COG4496",5,3,11,12,2,9,4,6,3,14
"COG4499",0,0,0,0,0,0,0,2,2,5
"COG4502",0,0,1,0,2,0,0,0,0,0
"COG4506",8,7,14,8,6,10,7,10,6,15
"COG4508",0,0,0,0,0,1,0,0,0,1
"COG4509",36,13,48,47,18,63,22,40,8,60
"COG4512",0,0,0,5,0,7,0,1,1,0
"COG4521",0,8,0,2,0,1,1,0,4,0
"COG4525",0,5,0,0,0,0,0,0,5,3
"COG4529",0,9,1,0,0,0,1,0,6,1
"COG4531",0,2,1,0,2,0,0,0,7,0
"COG4533",0,15,1,0,2,0,3,0,21,4
"COG4535",1,4,0,0,2,1,4,0,5,4
"COG4536",7,29,5,10,14,22,11,13,26,3
"COG4537",0,0,1,0,0,0,0,0,0,0
"COG4540",0,2,0,0,0,0,3,7,5,0
"COG4541",0,0,0,0,0,0,0,0,0,2
"COG4542",0,9,0,0,0,0,0,4,8,5
"COG4545",0,0,0,1,0,0,0,0,0,0
"COG4547",0,0,0,0,0,0,0,0,0,0
"COG4548",2,1,6,13,2,3,1,2,3,13
"COG4550",0,0,0,0,0,0,0,0,0,0
"COG4552",23,5,16,22,16,20,21,23,11,47
"COG4555",0,0,0,0,0,0,1,0,0,0
"COG4558",0,0,1,0,0,0,0,0,4,1
"COG4559",0,0,0,0,0,0,0,0,3,0
"COG4564",2,0,1,4,7,1,2,0,10,0
"COG4565",0,17,0,1,3,0,1,0,3,0
"COG4566",0,0,1,1,7,2,8,4,5,46
"COG4568",1,2,0,0,0,0,0,0,0,0
"COG4569",0,15,3,0,0,0,0,0,3,0
"COG4570",5,6,1,1,2,1,2,1,1,0
"COG4571",0,0,1,0,0,0,0,0,0,2
"COG4572",0,1,0,0,0,0,0,0,1,0
"COG4573",9,7,4,7,2,4,14,6,1,1
"COG4574",0,3,1,0,0,0,0,0,0,0
"COG4575",0,11,1,0,0,0,0,0,0,0
"COG4576",2,5,2,2,0,1,0,5,3,1
"COG4577",0,3,5,5,9,3,7,9,24,7
"COG4578",0,5,0,0,4,0,0,0,3,0
"COG4579",0,12,0,0,0,0,0,0,7,2
"COG4580",0,22,2,0,6,0,1,1,39,2
"COG4581",0,21,7,0,0,0,0,11,3,0
"COG4582",0,7,0,0,1,0,0,1,5,1
"COG4584",46,58,48,98,347,106,162,155,97,35
"COG4585",18,49,22,21,31,23,6,51,40,41
"COG4586",0,2,3,2,0,2,0,0,1,2
"COG4587",0,1,2,1,0,3,0,0,0,0
"COG4589",5,1,2,0,6,1,6,4,2,10
"COG4590",0,0,0,0,0,0,0,0,0,0
"COG4591",51,63,43,46,74,52,47,13,60,18
"COG4592",0,3,0,0,0,0,0,0,3,0
"COG4594",0,0,1,0,0,0,0,0,0,0
"COG4597",0,7,0,0,3,0,0,1,2,12
"COG4598",2,4,0,0,1,1,0,0,6,0
"COG4603",17,1,28,43,10,28,15,12,4,37
"COG4604",0,0,0,0,0,0,1,0,4,14
"COG4605",0,0,2,1,0,1,0,0,3,19
"COG4606",0,0,1,0,0,0,0,0,4,8
"COG4607",0,0,0,0,0,0,2,1,2,10
"COG4608",46,38,37,51,35,39,33,45,49,72
"COG4615",1,8,1,0,3,0,0,0,3,0
"COG4618",0,0,0,0,0,0,0,0,0,0
"COG4619",0,11,2,0,0,0,0,9,6,11
"COG4623",28,9,20,25,42,12,20,5,33,0
"COG4624",75,17,83,93,93,59,99,78,78,104
"COG4625",1,0,1,2,3,0,0,7,4,3
"COG4626",14,2,26,20,10,29,4,53,3,47
"COG4627",0,0,0,0,0,0,0,0,0,0
"COG4628",0,0,0,0,0,0,0,0,1,0
"COG4631",0,0,0,0,0,0,0,0,0,0
"COG4632",28,7,29,43,31,11,44,16,14,22
"COG4633",0,10,2,0,0,3,0,8,2,0
"COG4635",5,2,1,0,0,0,0,0,3,5
"COG4636",1,5,6,4,4,7,1,11,5,21
"COG4637",32,3,9,4,3,13,18,23,17,0
"COG4638",0,10,0,0,4,0,0,0,6,1
"COG4639",2,1,0,0,0,6,1,10,0,3
"COG4640",0,0,0,0,0,0,0,16,0,1
"COG4641",17,6,3,7,4,18,2,14,12,109
"COG4642",27,28,17,14,29,36,23,16,19,1
"COG4643",0,14,2,1,0,3,1,2,1,11
"COG4644",0,18,0,0,4,0,4,0,31,0
"COG4646",171,123,255,205,222,179,289,101,182,48
"COG4648",0,0,0,0,1,0,1,0,0,1
"COG4650",0,10,0,0,1,0,1,1,0,1
"COG4651",0,8,2,2,0,2,1,0,8,12
"COG4652",0,0,0,0,0,0,3,0,2,0
"COG4653",3,5,7,6,0,3,3,11,2,0
"COG4656",38,45,58,76,53,26,63,54,59,37
"COG4657",30,24,28,28,25,21,29,28,33,17
"COG4658",36,21,30,51,42,38,50,47,40,27
"COG4659",30,19,20,32,35,28,26,21,31,15
"COG4660",26,23,30,36,32,19,40,31,26,20
"COG4662",0,0,0,1,1,0,0,0,0,0
"COG4663",1,0,3,0,0,0,1,0,0,0
"COG4664",1,0,1,2,1,0,3,0,0,0
"COG4665",0,0,1,2,1,0,1,0,0,0
"COG4666",17,0,17,28,8,7,17,8,9,0
"COG4667",48,37,37,38,33,42,35,49,41,52
"COG4668",5,36,11,0,9,3,4,9,33,2
"COG4669",0,4,1,1,0,0,0,0,0,0
"COG4670",2,23,12,11,1,2,3,53,8,7
"COG4672",0,0,0,0,0,0,1,0,0,1
"COG4674",0,0,0,0,2,0,0,0,8,0
"COG4675",0,0,2,5,0,0,1,0,0,0
"COG4676",0,7,1,3,0,0,0,0,0,0
"COG4677",95,46,58,53,95,33,59,38,34,57
"COG4678",0,4,0,0,0,0,0,0,0,0
"COG4679",1,0,3,0,1,6,0,3,1,0
"COG4680",8,1,1,0,0,19,0,4,5,3
"COG4681",0,3,1,0,0,0,0,0,7,3
"COG4682",0,7,0,0,1,0,0,0,3,0
"COG4683",0,0,0,0,0,0,0,0,3,0
"COG4684",2,4,3,2,3,3,2,12,2,14
"COG4685",1,9,0,0,0,0,0,1,0,0
"COG4687",0,1,2,0,0,0,0,4,2,11
"COG4688",0,0,0,0,0,0,0,0,0,0
"COG4690",42,52,42,29,58,47,56,138,56,75
"COG4692",46,2,14,20,17,5,55,26,21,6
"COG4693",0,0,3,1,1,0,0,0,5,0
"COG4694",5,0,1,0,3,10,3,9,7,0
"COG4695",3,3,8,8,0,8,3,17,0,10
"COG4696",0,0,1,6,4,0,0,0,0,0
"COG4698",0,0,0,0,0,0,0,3,0,6
"COG4699",0,0,0,0,0,0,0,0,0,0
"COG4700",0,0,0,0,0,0,0,0,0,0
"COG4702",0,0,0,0,0,0,3,2,1,1
"COG4703",0,0,0,0,0,0,0,1,0,2
"COG4704",2,0,0,0,1,0,0,0,0,0
"COG4706",0,0,0,0,0,0,0,1,1,2
"COG4708",11,1,4,12,3,9,4,9,4,24
"COG4709",1,2,6,1,0,1,2,10,3,3
"COG4710",0,0,0,0,0,0,0,0,0,0
"COG4712",2,0,49,0,0,0,3,0,4,2
"COG4713",10,3,9,1,2,10,9,0,3,38
"COG4715",0,0,0,0,1,0,0,0,0,0
"COG4716",11,19,27,36,8,28,18,64,8,58
"COG4717",17,2,13,8,5,6,3,16,4,10
"COG4718",0,3,0,0,0,0,0,1,0,1
"COG4720",7,8,19,12,2,8,10,19,4,42
"COG4721",0,9,1,1,0,0,1,7,0,2
"COG4722",0,3,5,0,0,0,0,1,0,55
"COG4723",0,3,2,0,0,0,0,0,0,0
"COG4724",20,5,4,4,5,210,4,1,6,2
"COG4725",10,4,15,24,4,11,5,2,5,1
"COG4728",3,3,2,14,2,10,14,9,3,7
"COG4729",0,0,0,0,0,0,0,0,0,0
"COG4731",0,0,0,0,0,0,0,0,0,0
"COG4732",12,8,4,10,2,6,0,11,2,1
"COG4733",0,18,2,0,2,1,2,0,9,2
"COG4734",4,0,8,0,3,7,15,1,8,4
"COG4735",0,7,2,5,3,3,1,0,1,0
"COG4737",0,0,0,0,0,0,0,0,0,0
"COG4739",13,0,11,7,13,5,15,0,14,1
"COG4744",6,7,9,8,9,7,14,8,3,3
"COG4747",3,0,3,11,8,7,13,3,19,5
"COG4748",6,0,9,0,1,2,7,0,1,3
"COG4750",9,3,1,1,4,16,28,22,5,126
"COG4752",0,0,0,2,2,0,0,3,0,3
"COG4753",469,88,361,240,387,236,322,112,211,189
"COG4757",0,0,0,0,0,0,0,0,5,0
"COG4758",0,0,1,0,0,0,0,0,0,0
"COG4760",0,2,0,0,1,2,0,0,0,0
"COG4763",0,5,2,0,0,0,1,1,0,0
"COG4766",0,6,0,1,1,1,1,0,5,2
"COG4767",10,6,6,21,11,30,3,17,10,43
"COG4768",0,0,0,0,0,0,0,9,0,4
"COG4769",10,8,12,14,7,13,10,16,5,10
"COG4770",1,8,5,1,0,0,0,8,1,0
"COG4771",181,68,123,135,209,147,158,36,143,44
"COG4772",0,0,1,0,2,0,1,1,13,1
"COG4773",0,20,1,0,0,0,1,0,0,1
"COG4774",0,15,3,1,1,0,1,0,12,1
"COG4775",55,102,57,48,54,52,56,49,78,20
"COG4776",0,2,0,0,1,0,0,0,9,1
"COG4778",0,3,0,2,0,0,1,0,2,0
"COG4779",0,7,0,0,0,0,0,0,4,1
"COG4781",0,0,0,0,0,0,0,15,0,0
"COG4783",1,15,0,1,2,2,1,15,9,14
"COG4784",15,0,2,1,16,1,2,0,1,0
"COG4785",0,2,0,0,0,0,0,0,6,0
"COG4786",14,7,2,10,7,22,5,14,2,48
"COG4787",0,10,0,0,1,0,0,0,0,0
"COG4789",0,0,0,0,0,0,0,0,1,4
"COG4790",0,0,0,0,0,0,0,0,0,0
"COG4791",0,0,0,0,0,0,0,0,0,0
"COG4792",1,0,0,0,1,0,1,0,1,0
"COG4794",0,0,0,0,1,0,0,0,0,0
"COG4795",0,10,0,0,2,1,0,0,3,0
"COG4796",1,16,0,2,6,1,8,10,5,5
"COG4797",0,0,0,0,1,0,0,0,0,3
"COG4799",81,48,89,106,78,59,117,57,74,38
"COG4803",0,0,0,1,0,0,0,0,0,0
"COG4804",72,166,54,80,86,196,82,84,53,20
"COG4805",17,11,22,20,7,15,15,17,8,46
"COG4806",36,18,23,16,43,16,33,10,30,26
"COG4807",0,1,0,0,0,0,0,0,2,0
"COG4808",1,4,0,0,0,0,0,0,0,1
"COG4809",0,0,0,0,0,0,0,0,0,0
"COG4810",0,6,2,4,2,0,3,3,12,1
"COG4811",0,4,1,0,0,0,1,0,3,0
"COG4812",0,1,0,4,1,0,1,1,1,0
"COG4813",0,0,0,1,0,0,0,0,0,4
"COG4814",0,0,0,0,0,0,0,47,0,29
"COG4816",1,2,5,4,1,1,3,3,9,4
"COG4819",2,2,4,0,3,0,3,1,7,2
"COG4820",0,2,2,0,0,1,0,1,5,4
"COG4821",1,3,3,4,1,4,7,0,2,0
"COG4822",23,7,31,39,32,21,37,25,31,20
"COG4823",7,53,20,13,48,98,25,45,15,69
"COG4824",2,3,4,0,1,6,5,7,2,10
"COG4825",0,0,0,0,0,0,0,0,0,0
"COG4826",9,21,18,18,3,34,2,10,0,9
"COG4828",1,0,1,3,3,1,4,0,3,0
"COG4829",0,0,0,0,0,0,0,0,3,0
"COG4832",9,5,4,5,6,3,8,15,3,11
"COG4833",77,0,52,18,45,4,78,4,27,3
"COG4834",1,0,0,0,10,1,2,0,0,0
"COG4835",0,0,0,0,0,0,0,2,0,0
"COG4839",0,0,0,0,0,1,0,0,0,0
"COG4842",0,0,0,2,0,0,0,1,0,3
"COG4843",0,0,0,0,0,1,0,0,0,0
"COG4845",25,25,15,21,32,18,17,6,34,4
"COG4849",3,25,0,0,0,31,0,0,0,0
"COG4850",0,2,4,0,0,0,0,7,0,0
"COG4851",0,3,0,0,0,0,0,14,0,18
"COG4853",0,1,0,0,0,0,0,10,0,23
"COG4856",12,4,6,6,2,24,27,46,6,53
"COG4857",0,0,7,6,2,0,1,0,2,0
"COG4858",0,0,0,0,0,0,0,13,0,17
"COG4859",0,0,2,2,1,5,1,1,1,0
"COG4861",8,15,0,0,0,21,0,0,3,0
"COG4862",7,3,7,14,7,11,3,12,3,35
"COG4864",16,2,28,27,31,10,25,9,27,17
"COG4865",0,0,0,4,0,0,0,0,1,0
"COG4866",37,8,42,40,37,33,33,22,29,15
"COG4868",21,30,30,30,6,43,28,28,16,31
"COG4869",4,0,11,10,3,5,5,5,9,4
"COG4870",9,2,30,15,12,28,11,11,12,33
"COG4871",0,0,0,0,0,0,0,0,0,0
"COG4874",8,0,1,2,2,1,9,0,3,2
"COG4877",2,3,1,1,0,3,2,3,0,2
"COG4878",9,3,10,0,1,8,14,4,0,18
"COG4880",7,13,7,9,2,5,12,6,2,14
"COG4884",1,5,0,0,0,0,1,0,1,0
"COG4886",55,57,67,89,62,35,47,37,35,38
"COG4887",5,2,3,2,16,6,10,6,12,1
"COG4889",1,59,2,1,6,1,11,0,1,1
"COG4890",0,1,0,0,0,0,0,0,1,0
"COG4892",0,1,0,0,0,0,0,5,0,0
"COG4894",9,0,7,4,4,14,1,3,3,4
"COG4895",0,0,0,1,0,0,0,0,0,0
"COG4898",0,0,1,0,1,1,1,0,0,0
"COG4903",0,0,0,0,0,1,0,0,0,0
"COG4905",37,29,52,55,9,39,18,48,13,80
"COG4907",0,5,3,1,0,0,0,1,1,79
"COG4908",0,0,0,0,0,0,1,1,0,0
"COG4909",0,0,2,1,1,0,3,1,40,6
"COG4910",0,0,0,0,0,0,0,0,11,1
"COG4912",19,10,22,45,22,48,27,22,23,8
"COG4913",31,15,26,10,10,9,42,26,4,0
"COG4916",0,0,0,0,0,0,0,0,0,0
"COG4917",0,6,6,2,3,1,3,2,3,1
"COG4922",0,0,0,0,1,0,1,3,1,12
"COG4924",0,2,5,0,1,0,4,1,0,0
"COG4925",6,1,1,4,3,3,3,1,9,3
"COG4926",0,1,3,2,2,4,5,11,2,3
"COG4927",1,0,4,4,0,14,2,1,0,2
"COG4928",25,24,20,1,1,118,0,2,4,7
"COG4929",4,0,3,0,1,1,1,0,1,0
"COG4930",2,1,7,17,12,23,15,21,5,0
"COG4932",43,46,87,102,29,58,64,70,35,60
"COG4933",10,13,5,0,0,2,3,14,1,0
"COG4936",5,5,4,4,2,15,2,0,5,6
"COG4937",7,31,4,2,4,5,12,14,8,0
"COG4938",5,4,0,2,7,2,8,24,12,1
"COG4939",0,0,2,0,0,0,1,0,1,0
"COG4940",0,0,0,1,1,0,2,0,3,0
"COG4942",20,9,14,6,10,22,19,5,13,10
"COG4943",0,17,0,0,4,0,0,0,12,3
"COG4946",112,67,56,89,144,39,138,43,85,10
"COG4947",9,6,5,3,2,7,13,7,4,0
"COG4948",24,57,65,50,73,36,64,51,67,15
"COG4950",1,5,0,0,3,0,0,0,9,0
"COG4951",9,11,9,5,9,15,1,23,20,28
"COG4952",1,0,0,0,0,1,3,0,1,0
"COG4953",20,14,20,7,8,3,18,4,15,2
"COG4955",0,0,0,0,0,0,0,2,0,12
"COG4956",0,7,1,1,1,3,1,5,4,14
"COG4957",0,0,0,0,0,0,0,0,0,0
"COG4959",0,0,0,0,1,0,0,0,0,0
"COG4962",32,26,25,35,11,45,38,28,12,35
"COG4963",4,0,0,1,0,3,5,3,0,0
"COG4964",0,0,0,0,0,0,0,3,0,0
"COG4965",4,2,11,9,3,9,3,14,7,31
"COG4967",0,7,0,0,0,0,0,0,2,0
"COG4969",0,6,0,0,1,1,2,0,4,0
"COG4972",5,0,9,12,3,7,2,1,1,19
"COG4973",31,19,12,30,41,6,5,1,14,1
"COG4974",216,468,210,214,317,295,166,106,164,140
"COG4975",0,0,0,0,0,0,0,20,0,7
"COG4977",173,12,94,57,79,45,29,9,34,13
"COG4978",7,5,14,9,4,7,8,6,10,12
"COG4981",0,23,12,0,0,0,0,18,1,0
"COG4982",0,14,6,0,0,1,0,17,2,0
"COG4983",3,0,0,2,1,1,1,0,0,0
"COG4984",4,0,3,3,0,3,6,1,0,2
"COG4985",2,3,2,7,3,5,1,1,0,7
"COG4986",0,0,0,0,0,0,0,1,0,0
"COG4987",0,12,0,0,1,0,0,11,2,18
"COG4988",7,26,23,9,7,11,12,47,27,13
"COG4989",2,15,6,1,0,2,6,15,12,14
"COG4990",8,0,7,5,1,22,5,16,1,49
"COG4992",59,74,70,62,60,44,93,73,84,73
"COG4993",0,7,1,0,2,0,0,0,17,1
"COG4995",10,0,7,6,15,95,23,0,2,0
"COG4997",0,0,0,5,0,2,0,0,0,0
"COG4999",324,53,236,278,279,272,270,98,110,90
"COG5000",69,51,58,47,101,34,88,28,52,30
"COG5001",102,42,58,87,31,103,47,47,41,93
"COG5002",751,160,308,330,333,150,590,142,400,87
"COG5004",0,2,0,0,0,0,0,0,1,0
"COG5005",0,0,1,1,0,1,0,0,0,0
"COG5006",1,8,1,1,1,0,0,1,5,0
"COG5007",0,3,1,0,1,0,0,0,2,0
"COG5009",37,107,48,57,53,111,50,51,93,35
"COG5011",10,5,15,20,6,15,9,15,7,15
"COG5012",23,0,12,9,8,10,26,0,6,4
"COG5013",2,23,0,0,4,1,8,2,26,15
"COG5015",4,3,9,17,2,14,5,2,6,22
"COG5016",87,42,80,87,99,88,134,65,56,35
"COG5017",1,0,4,3,5,11,7,0,4,2
"COG5018",14,2,5,12,1,27,11,10,5,26
"COG5026",15,8,7,2,7,0,3,18,3,2
"COG5029",0,0,0,0,0,0,0,1,0,0
"COG5039",4,2,7,3,4,2,1,1,2,5
"COG5048",1,0,0,0,7,1,0,0,0,0
"COG5108",0,2,0,0,1,0,0,0,0,0
"COG5146",4,13,7,11,28,21,10,5,9,1
"COG5184",12,0,7,43,3,56,3,0,1,1
"COG5206",6,0,0,1,0,0,1,0,4,0
"COG5263",32,7,15,34,28,12,4,51,11,35
"COG5265",0,0,0,0,0,0,0,0,0,0
"COG5266",0,0,1,0,0,1,0,0,0,1
"COG5268",0,0,0,0,2,0,0,0,0,0
"COG5271",0,0,1,1,1,0,0,0,0,0
"COG5272",0,0,0,0,0,0,0,0,0,1
"COG5276",0,0,0,0,1,0,0,0,7,0
"COG5279",40,7,15,40,11,55,21,16,5,26
"COG5280",1,0,2,0,1,1,3,0,2,3
"COG5281",2,6,1,1,0,2,4,1,1,3
"COG5282",0,5,0,0,0,1,0,0,0,0
"COG5283",44,36,47,18,12,31,5,41,23,69
"COG5285",0,0,0,0,1,0,0,0,0,0
"COG5293",0,0,1,0,0,1,0,0,0,0
"COG5294",0,0,0,0,0,0,0,0,0,0
"COG5295",4,4,5,3,7,4,7,9,8,69
"COG5298",0,0,0,1,0,2,1,3,0,0
"COG5301",0,13,4,0,1,0,0,1,7,2
"COG5302",0,0,0,0,0,0,0,0,2,0
"COG5305",0,0,7,0,3,8,5,2,4,0
"COG5309",2,0,0,0,0,1,1,0,0,0
"COG5314",0,0,0,0,0,0,0,0,0,0
"COG5319",0,0,0,0,0,0,0,0,0,3
"COG5322",1,0,0,2,0,0,0,0,0,0
"COG5324",0,1,0,0,0,2,0,0,0,0
"COG5337",11,20,12,4,1,10,10,9,2,0
"COG5339",1,21,1,0,0,0,1,0,7,2
"COG5340",0,0,0,1,1,0,0,4,0,0
"COG5341",5,0,1,2,1,2,1,4,0,0
"COG5345",0,0,0,0,0,0,0,0,0,0
"COG5353",0,0,0,0,0,0,0,0,0,4
"COG5360",3,0,0,0,0,1,0,0,0,0
"COG5361",14,1,2,2,4,1,8,2,1,0
"COG5362",3,1,6,5,1,0,0,0,1,0
"COG5368",45,2,20,39,34,3,48,3,23,4
"COG5373",7,2,4,2,1,0,1,4,2,0
"COG5377",3,0,3,3,3,13,7,1,5,1
"COG5383",0,8,0,0,0,0,0,1,7,0
"COG5393",0,0,0,0,0,0,0,0,3,0
"COG5398",0,0,0,0,0,0,0,0,0,0
"COG5401",0,0,0,0,0,2,0,0,0,0
"COG5404",0,6,0,0,0,0,0,0,2,0
"COG5405",0,10,0,1,6,0,1,10,5,11
"COG5410",2,4,15,23,11,4,19,0,1,2
"COG5412",2,7,14,18,4,7,9,0,5,82
"COG5413",0,0,0,0,0,0,0,0,0,0
"COG5418",0,0,0,0,0,0,0,0,0,0
"COG5421",1,12,10,0,5,11,20,24,5,71
"COG5423",0,0,0,1,0,0,0,0,0,0
"COG5424",0,0,0,0,0,0,0,0,2,0
"COG5426",0,0,1,1,1,0,1,0,3,1
"COG5427",2,0,3,0,0,2,2,6,3,9
"COG5433",19,110,27,22,38,84,35,20,16,7
"COG5434",321,95,126,145,152,91,224,99,155,82
"COG5437",0,0,0,0,1,0,1,0,0,0
"COG5438",10,7,14,17,6,5,6,42,12,63
"COG5441",0,0,1,0,3,0,4,0,0,0
"COG5444",2,1,0,1,0,2,0,0,0,1
"COG5445",0,10,1,0,0,0,1,0,0,1
"COG5449",0,0,0,0,0,0,0,0,0,0
"COG5455",0,0,0,0,0,0,0,0,1,0
"COG5457",0,0,0,0,0,0,0,0,1,0
"COG5459",0,0,0,0,0,2,0,0,0,0
"COG5463",0,4,0,0,0,0,0,1,0,0
"COG5464",1,37,2,8,1,8,2,13,37,3
"COG5471",1,0,0,0,0,0,0,0,0,0
"COG5474",0,0,0,0,0,0,1,0,0,0
"COG5475",0,1,0,0,0,0,0,0,0,0
"COG5476",1,4,10,19,0,0,4,3,1,0
"COG5482",1,0,0,0,0,0,0,0,0,0
"COG5483",0,0,0,3,0,0,5,0,0,0
"COG5484",0,20,3,0,2,0,2,1,5,1
"COG5485",0,1,0,0,0,0,0,0,0,0
"COG5492",62,15,77,46,13,37,33,34,56,46
"COG5493",0,0,0,0,0,0,0,0,0,0
"COG5495",5,7,3,10,1,6,6,7,1,3
"COG5496",3,1,15,8,13,9,8,9,11,6
"COG5498",62,31,31,9,21,3,66,12,40,2
"COG5499",0,3,0,0,0,0,1,0,2,4
"COG5503",0,0,0,0,0,0,0,0,0,8
"COG5504",1,1,0,0,0,0,0,0,0,1
"COG5505",4,0,2,10,6,3,4,1,0,12
"COG5506",0,0,0,0,0,0,0,1,0,10
"COG5507",0,6,0,0,0,0,0,0,0,0
"COG5510",0,2,0,0,0,0,0,0,2,0
"COG5511",2,0,2,7,2,7,3,8,2,9
"COG5512",2,12,1,2,5,1,0,9,0,5
"COG5514",0,0,0,0,0,0,0,0,0,0
"COG5517",0,1,1,0,0,0,0,0,3,0
"COG5518",1,15,2,1,8,0,0,1,6,0
"COG5519",1,1,3,4,6,0,1,0,0,1
"COG5520",105,8,29,38,67,12,69,31,45,5
"COG5521",0,0,0,0,0,0,0,0,0,11
"COG5522",5,0,0,4,0,1,3,1,0,0
"COG5523",12,10,34,20,6,24,12,22,6,23
"COG5525",4,13,3,17,5,6,9,14,1,12
"COG5527",2,1,10,1,5,14,0,13,12,2
"COG5529",0,2,1,0,1,0,0,0,1,1
"COG5532",0,7,0,0,0,0,0,0,0,8
"COG5542",5,0,3,6,1,6,9,1,1,1
"COG5544",0,1,0,0,2,0,0,0,3,0
"COG5545",180,154,146,113,124,96,201,242,106,28
"COG5546",0,0,0,0,0,0,0,0,4,0
"COG5549",0,0,0,0,0,0,0,13,0,0
"COG5551",0,1,0,1,0,5,0,14,1,1
"COG5553",0,0,0,0,0,0,0,0,1,0
"COG5557",1,9,1,2,1,0,0,2,0,0
"COG5561",1,4,1,1,2,2,2,4,4,1
"COG5562",0,3,0,0,0,0,0,0,2,2
"COG5564",0,0,1,0,0,0,0,0,0,0
"COG5565",0,0,1,0,0,0,0,0,0,0
"COG5566",0,0,0,0,0,0,0,0,0,0
"COG5567",0,0,0,0,0,0,0,0,0,0
"COG5569",0,4,0,0,0,0,0,0,5,0
"COG5571",0,0,0,0,0,0,0,0,6,0
"COG5577",6,0,4,8,0,4,2,2,2,18
"COG5578",0,0,0,0,0,0,0,0,0,0
"COG5579",2,7,0,2,7,5,0,0,2,2
"COG5581",0,3,1,0,0,0,0,0,0,0
"COG5585",7,1,4,7,3,4,8,1,0,42
"COG5586",0,0,0,0,0,0,0,0,0,0
"COG5587",18,0,19,27,36,9,11,1,20,1
"COG5595",0,0,0,0,0,1,0,0,0,0
"COG5598",1,0,0,3,0,0,0,0,0,0
"COG5606",0,0,0,0,0,0,0,0,0,0
"COG5610",6,0,3,3,2,31,3,10,1,0
"COG5614",0,0,0,0,0,0,0,3,0,1
"COG5617",16,0,2,8,0,2,1,3,0,17
"COG5618",0,0,0,0,0,0,0,0,4,0
"COG5619",0,0,0,0,0,0,0,0,0,0
"COG5620",4,0,5,3,14,10,3,0,14,0
"COG5632",9,6,5,17,11,10,9,16,6,16
"COG5633",0,1,0,0,0,0,0,0,3,1
"COG5635",14,0,4,2,17,5,3,0,1,0
"COG5640",0,0,0,0,0,0,0,0,0,0
"COG5642",0,1,0,0,0,0,0,0,9,0
"COG5645",0,3,1,0,0,0,0,0,6,1
"COG5646",0,0,0,0,0,0,0,0,0,0
"COG5651",0,0,0,0,0,0,0,0,0,0
"COG5652",5,4,5,11,1,14,6,5,4,15
"COG5654",0,0,0,0,0,0,0,0,4,0
"COG5655",0,0,0,0,0,0,7,1,2,0
"COG5658",9,5,14,11,1,7,2,4,4,21
"COG5659",0,0,0,0,0,0,0,0,0,1
"COG5663",1,0,1,14,2,5,3,0,0,0
